-0.18233323,-0.079643674,-0.42278716,-0.0027037859,-0.41029271,-0.91194987,0
0.99503767,1.5897195,-1.2542928,-0.0027037859,-0.41029271,-0.91194987,0
-0.47766483,-3.268955,1.3762286,-0.22255108,-0.88883531,0.40055311,0
-0.35138392,0.41665345,-0.75714487,-0.97491729,0.20403838,-0.088907868,0
1.1068637,2.928159,-0.77174401,0.0027037859,0.41029271,0.91194987,0
1.0806526,1.6916811,-1.2766993,0.97491729,-0.20403838,0.088907868,0
-0.76346302,-3.0000496,1.7093089,-0.22255108,-0.88883531,0.40055311,0
0.93017232,2.0194564,-0.54037023,0.97491729,-0.20403838,0.088907868,0
-0.51784086,-0.038987398,-0.23979969,-0.97491729,0.20403838,-0.088907868,0
1.2826439,2.9230874,-1.4908736,0.22255108,0.88883531,-0.40055311,0
0.19351149,0.0070234295,0.64169407,0.0027037859,0.41029271,0.91194987,0
-1.0452656,-2.9674621,1.5116737,-0.22255108,-0.88883531,0.40055311,0
-0.45186669,-0.26933524,0.62348217,0.0027037859,0.41029271,0.91194987,0
1.1577462,3.1540947,-1.0026889,0.22255108,0.88883531,-0.40055311,0
-0.61665368,-3.3517313,0.96647859,-0.22255108,-0.88883531,0.40055311,0
-1.1203929,-3.0498185,1.5448663,-0.22255108,-0.88883531,0.40055311,0
1.0598756,2.8935413,-1.5648727,0.22255108,0.88883531,-0.40055311,0
0.62701654,3.2596154,-1.1312525,0.22255108,0.88883531,-0.40055311,0
-0.0041477084,-0.50339091,0.7512722,0.0027037859,0.41029271,0.91194987,0
0.13441074,2.473707,-1.3792579,-0.97491729,0.20403838,-0.088907868,0
-0.92115939,-1.5352504,0.41648638,-0.97491729,0.20403838,-0.088907868,0
-0.26880705,-2.2311406,1.6455338,0.0027037859,0.41029271,0.91194987,0
-1.079841,-3.2927804,1.0049269,-0.22255108,-0.88883531,0.40055311,0
1.2570145,3.0327795,-1.5220175,0.22255108,0.88883531,-0.40055311,0
0.11489528,-1.9049344,0.75412297,0.97491729,-0.20403838,0.088907868,0
0.7823081,2.5205011,-0.51076579,0.0027037859,0.41029271,0.91194987,0
0.2606895,3.0937266,-1.0715568,-0.97491729,0.20403838,-0.088907868,0
0.40042937,0.62339717,-0.85090965,-0.0027037859,-0.41029271,-0.91194987,0
1.179553,2.4597807,-1.3839917,0.97491729,-0.20403838,0.088907868,0
-0.096214652,-1.9009991,1.4277995,0.0027037859,0.41029271,0.91194987,0
0.7740981,1.1203918,-0.51115203,0.97491729,-0.20403838,0.088907868,0
-0.2784723,-2.9429002,0.92730761,0.97491729,-0.20403838,0.088907868,0
0.43395457,-0.57252562,0.084395587,0.97491729,-0.20403838,0.088907868,0
-0.27950311,-3.3250489,1.163599,-0.22255108,-0.88883531,0.40055311,0
0.40047908,-0.77481443,0.065929532,0.97491729,-0.20403838,0.088907868,0
0.21183276,2.7821758,-0.67557597,0.0027037859,0.41029271,0.91194987,0
0.66949427,3.1863315,-1.3133907,0.22255108,0.88883531,-0.40055311,0
0.092771709,2.5700946,-0.73989582,-0.97491729,0.20403838,-0.088907868,0
0.16238904,2.6727242,-1.032876,-0.97491729,0.20403838,-0.088907868,0
-0.027574182,2.1179364,-1.0799692,-0.97491729,0.20403838,-0.088907868,0
0.024517655,1.0482812,-1.1143304,-0.0027037859,-0.41029271,-0.91194987,0
0.7126801,1.7844778,-0.17860901,0.0027037859,0.41029271,0.91194987,0
-0.10046571,1.4905505,-0.70352757,-0.97491729,0.20403838,-0.088907868,0
0.51506203,2.2487497,-0.4068296,0.0027037859,0.41029271,0.91194987,0
1.0610085,3.2243159,-1.2328629,0.22255108,0.88883531,-0.40055311,0
-0.98136908,-2.0182769,1.1755116,-0.97491729,0.20403838,-0.088907868,0
0.66519433,0.85148525,-0.77141452,0.97491729,-0.20403838,0.088907868,0
0.71570146,2.8544326,-1.7505603,-0.0027037859,-0.41029271,-0.91194987,0
-0.46267855,-2.064538,0.47968149,-0.0027037859,-0.41029271,-0.91194987,0
-1.0574909,-2.9150612,1.5022271,-0.22255108,-0.88883531,0.40055311,0
0.60466862,0.55160117,0.085148305,0.97491729,-0.20403838,0.088907868,0
-0.41010371,0.3351959,-0.58552146,-0.97491729,0.20403838,-0.088907868,0
-0.71574044,-3.2166262,0.85309982,-0.0027037859,-0.41029271,-0.91194987,0
0.53490496,3.1641455,-1.4507499,0.22255108,0.88883531,-0.40055311,0
0.48761165,3.3289771,-0.98419213,0.22255108,0.88883531,-0.40055311,0
-0.91747761,-2.1982431,0.42700315,-0.0027037859,-0.41029271,-0.91194987,0
0.63043076,0.58049595,-0.26129174,0.97491729,-0.20403838,0.088907868,0
0.3353675,0.53370893,0.41168788,0.0027037859,0.41029271,0.91194987,0
0.71555102,3.2325516,-0.94062233,0.22255108,0.88883531,-0.40055311,0
0.2215361,2.8912129,-1.017947,-0.97491729,0.20403838,-0.088907868,0
-1.1124685,-2.7675896,1.2135913,-0.97491729,0.20403838,-0.088907868,0
1.1243255,3.102715,-1.1298835,0.22255108,0.88883531,-0.40055311,0
0.25500357,2.849596,-1.9264088,-0.0027037859,-0.41029271,-0.91194987,0
0.74172711,1.6799984,-1.2807868,-0.0027037859,-0.41029271,-0.91194987,0
-0.24376374,0.34167588,0.41341892,0.0027037859,0.41029271,0.91194987,0
-0.15368915,1.2581644,-1.1015424,-0.0027037859,-0.41029271,-0.91194987,0
-0.45910585,-0.28706956,0.76770139,0.0027037859,0.41029271,0.91194987,0
0.83180892,2.9509854,-1.8123858,0.22255108,0.88883531,-0.40055311,0
0.73910749,2.969476,-1.5194507,0.22255108,0.88883531,-0.40055311,0
-1.0378566,-1.7901983,0.78860497,-0.97491729,0.20403838,-0.088907868,0
-1.056307,-1.8881419,0.91500473,-0.97491729,0.20403838,-0.088907868,0
0.80657697,2.8921509,-1.7511561,0.22255108,0.88883531,-0.40055311,0
0.65578711,3.0405517,-1.6629558,0.22255108,0.88883531,-0.40055311,0
0.54119885,2.2778635,-0.49691844,0.0027037859,0.41029271,0.91194987,0
-0.79387426,-1.7755094,0.29274786,-0.0027037859,-0.41029271,-0.91194987,0
0.33811349,3.1908448,-0.99225831,-0.97491729,0.20403838,-0.088907868,0
0.68436873,3.1775899,-1.2435095,0.22255108,0.88883531,-0.40055311,0
-0.38229904,1.0052431,-0.19548786,-0.97491729,0.20403838,-0.088907868,0
-0.70017403,-3.4344301,0.95752454,-0.22255108,-0.88883531,0.40055311,0
-0.060881019,-1.9042251,1.3136213,0.0027037859,0.41029271,0.91194987,0
0.6181196,3.0728948,-1.4812469,0.22255108,0.88883531,-0.40055311,0
0.4289369,3.2897658,-0.95852184,0.22255108,0.88883531,-0.40055311,0
0.73387659,1.1868387,-0.60204077,0.97491729,-0.20403838,0.088907868,0
-0.52791286,-3.2446229,1.3909085,-0.22255108,-0.88883531,0.40055311,0
0.4279424,3.2164826,-1.4817097,0.22255108,0.88883531,-0.40055311,0
-1.1298261,-2.8268373,1.7922964,-0.22255108,-0.88883531,0.40055311,0
0.83053899,3.2413282,-1.0759728,0.22255108,0.88883531,-0.40055311,0
0.94429576,1.9836552,-1.2527735,0.97491729,-0.20403838,0.088907868,0
-0.67341793,-0.95185459,-0.13817233,-0.97491729,0.20403838,-0.088907868,0
-0.56735671,-0.81235272,0.95008081,0.0027037859,0.41029271,0.91194987,0
-0.20832372,1.4397023,-0.6480211,-0.97491729,0.20403838,-0.088907868,0
0.2790755,3.1736932,-1.6399283,-0.97491729,0.20403838,-0.088907868,0
-0.3623476,-3.0642297,1.5088804,-0.22255108,-0.88883531,0.40055311,0
0.20630127,3.2362556,-1.051599,-0.97491729,0.20403838,-0.088907868,0
1.0828705,2.4448626,-0.81832051,0.97491729,-0.20403838,0.088907868,0
0.24484378,-0.45997542,-0.44870892,-0.0027037859,-0.41029271,-0.91194987,0
0.70478064,3.1198184,-0.94992733,0.0027037859,0.41029271,0.91194987,0
0.069735169,2.4701133,-1.2624497,-0.97491729,0.20403838,-0.088907868,0
-1.1197202,-3.1730018,1.1208913,-0.22255108,-0.88883531,0.40055311,0
-1.1786063,-2.9932389,1.3956316,-0.22255108,-0.88883531,0.40055311,0
-0.28458506,-0.26890174,0.71469927,0.0027037859,0.41029271,0.91194987,0
-0.76274407,-1.0549555,0.40696478,-0.97491729,0.20403838,-0.088907868,0
0.99360096,2.9694176,-1.3684704,0.22255108,0.88883531,-0.40055311,0
-0.79344487,-1.9763789,0.24832249,-0.0027037859,-0.41029271,-0.91194987,0
0.49012768,3.032485,-1.634311,0.22255108,0.88883531,-0.40055311,0
0.41772258,0.6845234,-0.82594538,-0.0027037859,-0.41029271,-0.91194987,0
-0.5665285,0.18435758,0.31891358,-0.97491729,0.20403838,-0.088907868,0
-0.76572967,-2.9220941,1.6942565,-0.22255108,-0.88883531,0.40055311,0
0.54191935,2.4007745,-0.58332777,0.0027037859,0.41029271,0.91194987,0
1.2231388,2.7715762,-1.8611159,0.22255108,0.88883531,-0.40055311,0
0.41655344,3.3224058,-1.1497798,0.22255108,0.88883531,-0.40055311,0
0.26897797,-1.2492119,0.037934661,-0.0027037859,-0.41029271,-0.91194987,0
0.4927116,-0.56399077,-0.37554041,-0.0027037859,-0.41029271,-0.91194987,0
-0.48228571,0.10672915,-0.47888643,-0.97491729,0.20403838,-0.088907868,0
-1.1267467,-2.4423535,0.77789164,-0.97491729,0.20403838,-0.088907868,0
0.80163503,1.016129,-0.086315751,0.97491729,-0.20403838,0.088907868,0
-0.02229628,-2.1435225,0.47921753,-0.0027037859,-0.41029271,-0.91194987,0
0.2944262,2.2971554,-1.5159152,-0.0027037859,-0.41029271,-0.91194987,0
1.03478,2.3788457,-1.3619759,0.97491729,-0.20403838,0.088907868,0
-0.44375035,-0.02040109,-0.0039667524,-0.97491729,0.20403838,-0.088907868,0
0.27413958,0.60250443,0.17121279,0.0027037859,0.41029271,0.91194987,0
0.33804816,-0.73144668,0.8589682,0.0027037859,0.41029271,0.91194987,0
-0.87565464,-2.4700298,0.50221992,-0.0027037859,-0.41029271,-0.91194987,0
-0.59732056,-2.9463575,1.7435677,-0.22255108,-0.88883531,0.40055311,0
-0.34454975,-2.0358717,0.41657615,-0.0027037859,-0.41029271,-0.91194987,0
-0.54690981,-3.1891065,1.4671202,-0.22255108,-0.88883531,0.40055311,0
0.08062613,-1.3718929,1.0936601,0.97491729,-0.20403838,0.088907868,0
-1.0498664,-3.0490766,1.5925796,-0.22255108,-0.88883531,0.40055311,0
-0.35812914,-3.147049,1.7783432,-0.22255108,-0.88883531,0.40055311,0
0.083964124,1.6848921,-0.29402661,0.0027037859,0.41029271,0.91194987,0
-0.71492434,-3.1885769,1.4138987,-0.22255108,-0.88883531,0.40055311,0
-1.061496,-2.8951511,0.75151134,-0.0027037859,-0.41029271,-0.91194987,0
0.96261692,3.0288401,-0.77070689,0.0027037859,0.41029271,0.91194987,0
-0.26940173,1.0483625,-0.91113293,-0.97491729,0.20403838,-0.088907868,0
0.76533121,1.0715791,-0.92277408,0.97491729,-0.20403838,0.088907868,0
0.20519626,3.0121913,-1.3353298,-0.97491729,0.20403838,-0.088907868,0
-0.86292267,-3.1129231,1.3818173,-0.22255108,-0.88883531,0.40055311,0
-1.0525284,-1.9310324,0.92518449,-0.97491729,0.20403838,-0.088907868,0
0.12147462,2.1274533,-1.5554371,-0.97491729,0.20403838,-0.088907868,0
0.092159271,-2.0496395,0.8302412,0.97491729,-0.20403838,0.088907868,0
0.97474682,1.9419006,-0.99207759,0.97491729,-0.20403838,0.088907868,0
0.41699624,1.5290219,-0.072168708,0.0027037859,0.41029271,0.91194987,0
0.1765523,-1.7567766,0.65042949,0.97491729,-0.20403838,0.088907868,0
-0.2007422,0.50507033,0.23325217,0.0027037859,0.41029271,0.91194987,0
0.79673326,1.5681368,-0.3601867,0.97491729,-0.20403838,0.088907868,0
1.2873217,3.0527694,-0.8219018,0.97491729,-0.20403838,0.088907868,0
0.1265732,2.0616901,-1.3679914,-0.97491729,0.20403838,-0.088907868,0
-1.1994499,-2.9352341,0.94445443,-0.97491729,0.20403838,-0.088907868,0
0.14627934,-1.663298,1.0725067,0.97491729,-0.20403838,0.088907868,0
-0.94510752,-3.2545619,1.0080006,-0.22255108,-0.88883531,0.40055311,0
-0.25967902,-0.6040554,-0.34495401,-0.0027037859,-0.41029271,-0.91194987,0
-0.095606357,-1.3622124,0.028711557,-0.0027037859,-0.41029271,-0.91194987,0
-0.76761115,-2.9848433,1.4584332,-0.22255108,-0.88883531,0.40055311,0
0.85331535,1.2490698,-1.1820621,-0.0027037859,-0.41029271,-0.91194987,0
-0.10918045,1.1991011,-0.84527564,-0.97491729,0.20403838,-0.088907868,0
-0.67317617,-0.57633287,-0.11253616,-0.97491729,0.20403838,-0.088907868,0
-0.53298193,-3.0186975,0.81198692,-0.0027037859,-0.41029271,-0.91194987,0
-0.049668193,2.0186021,-1.4797354,-0.97491729,0.20403838,-0.088907868,0
0.99305236,3.2580953,-0.85404253,0.22255108,0.88883531,-0.40055311,0
-0.23967052,0.89217412,-0.073491454,-0.97491729,0.20403838,-0.088907868,0
-0.75120366,-3.0866027,1.3176355,-0.22255108,-0.88883531,0.40055311,0
0.1820178,0.14057335,-0.69081146,-0.0027037859,-0.41029271,-0.91194987,0
0.87710589,1.2347493,-0.35125434,0.97491729,-0.20403838,0.088907868,0
0.92392451,1.6165051,-0.14734137,0.97491729,-0.20403838,0.088907868,0
-0.51932406,-3.2063847,1.2550035,-0.22255108,-0.88883531,0.40055311,0
-0.43014312,-2.7123756,1.8454189,0.0027037859,0.41029271,0.91194987,0
0.73157036,1.9457469,-1.4891698,-0.0027037859,-0.41029271,-0.91194987,0
-0.15135425,0.25535962,-0.65074563,-0.0027037859,-0.41029271,-0.91194987,0
0.29110229,-0.91156197,0.46764588,0.97491729,-0.20403838,0.088907868,0
-0.81490052,-2.909121,1.641309,-0.22255108,-0.88883531,0.40055311,0
0.97044635,3.1602077,-1.0429726,0.22255108,0.88883531,-0.40055311,0
1.1327429,3.0110292,-1.4837034,0.22255108,0.88883531,-0.40055311,0
1.2090046,2.9306171,-1.5039129,0.22255108,0.88883531,-0.40055311,0
-0.2796576,-3.0686741,1.2088606,0.97491729,-0.20403838,0.088907868,0
-0.62177473,-0.90762353,0.10228807,-0.97491729,0.20403838,-0.088907868,0
0.0027037263,1.849141,-0.94972491,-0.97491729,0.20403838,-0.088907868,0
-0.0047719479,2.3295207,-1.1960146,-0.97491729,0.20403838,-0.088907868,0
1.0897424,2.2888489,-1.0274882,0.97491729,-0.20403838,0.088907868,0
-0.020728111,-2.1389031,1.5463853,0.97491729,-0.20403838,0.088907868,0
0.8964839,3.2365699,-1.1196206,0.22255108,0.88883531,-0.40055311,0
0.59048152,2.89856,-0.75175261,0.0027037859,0.41029271,0.91194987,0
-0.57949722,-2.3613298,1.6986852,0.0027037859,0.41029271,0.91194987,0
0.77335644,0.76357949,-0.75633454,0.97491729,-0.20403838,0.088907868,0
-1.1233683,-2.9815831,1.2886267,-0.22255108,-0.88883531,0.40055311,0
0.65413576,1.1930077,-0.025683165,0.0027037859,0.41029271,0.91194987,0
-0.37104845,-1.2420582,1.1935084,0.0027037859,0.41029271,0.91194987,0
-0.86564803,-1.5072814,1.2152349,-0.97491729,0.20403838,-0.088907868,0
0.38721573,2.6799259,-1.7660856,-0.0027037859,-0.41029271,-0.91194987,0
-0.59801102,-2.596715,0.68622732,-0.0027037859,-0.41029271,-0.91194987,0
-0.6953969,-0.94802058,0.22354639,-0.97491729,0.20403838,-0.088907868,0
0.044166714,-0.62308902,-0.27824906,-0.0027037859,-0.41029271,-0.91194987,0
-0.66483122,-0.75347936,0.84673274,0.0027037859,0.41029271,0.91194987,0
-0.79288328,-3.1167717,1.2329931,-0.22255108,-0.88883531,0.40055311,0
0.5395056,3.2784758,-1.3878765,0.22255108,0.88883531,-0.40055311,0
-0.98283297,-3.1625884,0.94209933,-0.22255108,-0.88883531,0.40055311,0
0.77942026,3.0528798,-1.3471644,0.22255108,0.88883531,-0.40055311,0
-1.0802147,-3.0960267,1.0960507,-0.22255108,-0.88883531,0.40055311,0
0.5658412,3.1041608,-1.3711727,0.22255108,0.88883531,-0.40055311,0
0.86924356,0.93859965,-0.76466155,0.97491729,-0.20403838,0.088907868,0
0.41268468,3.0698121,-1.6894457,0.22255108,0.88883531,-0.40055311,0
-1.1334356,-2.5192952,0.98784971,-0.97491729,0.20403838,-0.088907868,0
-0.88523829,-2.8467283,1.77757,-0.22255108,-0.88883531,0.40055311,0
-0.98045218,-2.8807812,1.5908329,-0.22255108,-0.88883531,0.40055311,0
-0.075274587,-2.6345348,0.98751259,0.97491729,-0.20403838,0.088907868,0
0.57351005,2.9415519,-1.65273,0.22255108,0.88883531,-0.40055311,0
-0.7715627,-3.0470243,1.3396213,-0.22255108,-0.88883531,0.40055311,0
0.11332929,2.1860056,-1.2852585,-0.97491729,0.20403838,-0.088907868,0
0.66030598,3.0197482,-1.6323307,0.22255108,0.88883531,-0.40055311,0
0.55999649,1.2057132,-0.9946245,-0.0027037859,-0.41029271,-0.91194987,0
0.74986845,1.0081775,-0.037757277,0.97491729,-0.20403838,0.088907868,0
-0.54377896,-3.0932331,0.88854599,-0.0027037859,-0.41029271,-0.91194987,0
1.1956028,2.944468,-1.3829026,0.97491729,-0.20403838,0.088907868,0
0.93627822,2.2984428,-1.6163056,-0.0027037859,-0.41029271,-0.91194987,0
-0.44223031,0.32842055,-0.14558759,-0.97491729,0.20403838,-0.088907868,0
0.42496562,1.9579911,-0.30059314,0.0027037859,0.41029271,0.91194987,0
-0.014830828,-2.0785928,1.37269,0.97491729,-0.20403838,0.088907868,0
-0.18140158,1.0749137,-0.62362599,-0.97491729,0.20403838,-0.088907868,0
0.41047037,0.54073149,-0.76416194,-0.0027037859,-0.41029271,-0.91194987,0
0.87043256,1.9883716,-0.25333071,0.0027037859,0.41029271,0.91194987,0
-0.26713818,1.2977383,-0.63343418,-0.97491729,0.20403838,-0.088907868,0
-0.50099158,-0.79635096,0.82608324,0.0027037859,0.41029271,0.91194987,0
0.11663127,-1.5175279,0.74077606,0.97491729,-0.20403838,0.088907868,0
0.24900556,1.8973602,-1.4074697,-0.0027037859,-0.41029271,-0.91194987,0
-0.46792424,-3.3180466,1.1950021,-0.22255108,-0.88883531,0.40055311,0
-0.032734752,2.0924652,-0.4619801,-0.97491729,0.20403838,-0.088907868,0
-0.59286535,-2.0985053,1.442565,0.0027037859,0.41029271,0.91194987,0
-0.15356219,-2.8161082,1.7322969,0.97491729,-0.20403838,0.088907868,0
0.87415761,3.1733594,-1.1884947,0.22255108,0.88883531,-0.40055311,0
-0.19867003,0.96508837,-1.03473,-0.0027037859,-0.41029271,-0.91194987,0
-0.46638453,-3.269556,1.3508089,-0.22255108,-0.88883531,0.40055311,0
0.58335537,1.3850055,-0.10244894,0.0027037859,0.41029271,0.91194987,0
-0.8762902,-1.8998501,0.62884068,-0.97491729,0.20403838,-0.088907868,0
1.1750398,2.9271562,-1.3708131,0.22255108,0.88883531,-0.40055311,0
0.36611211,3.1158347,-1.693368,0.22255108,0.88883531,-0.40055311,0
-0.17379117,-2.8770337,0.97117066,0.97491729,-0.20403838,0.088907868,0
-0.48225617,-2.950959,1.6874113,-0.22255108,-0.88883531,0.40055311,0
-0.67140311,-0.62330085,0.78113502,0.0027037859,0.41029271,0.91194987,0
1.1630113,3.0991328,-1.3409564,0.22255108,0.88883531,-0.40055311,0
-1.186588,-2.8573258,1.0897994,-0.97491729,0.20403838,-0.088907868,0
-0.15890598,1.441892,-0.53555894,-0.97491729,0.20403838,-0.088907868,0
-1.2963477,-2.9473996,1.5092423,-0.97491729,0.20403838,-0.088907868,0
0.5984571,3.0772486,-1.5272198,0.22255108,0.88883531,-0.40055311,0
-0.3078571,-3.2887759,0.98494172,0.97491729,-0.20403838,0.088907868,0
0.48927033,3.2143631,-1.4459088,0.22255108,0.88883531,-0.40055311,0
0.80733389,3.3460801,-1.0816259,0.22255108,0.88883531,-0.40055311,0
0.6116758,0.28822899,0.44827676,0.97491729,-0.20403838,0.088907868,0
-0.89788938,-3.105593,1.5948145,-0.22255108,-0.88883531,0.40055311,0
-1.1210123,-3.0562291,1.3968437,-0.22255108,-0.88883531,0.40055311,0
1.1136086,2.5267937,-1.7084329,-0.0027037859,-0.41029271,-0.91194987,0
0.73321521,1.7716446,-0.23935676,0.0027037859,0.41029271,0.91194987,0
0.82035995,0.86763036,-1.0490193,-0.0027037859,-0.41029271,-0.91194987,0
0.24956337,-1.19561,0.50283277,0.97491729,-0.20403838,0.088907868,0
1.0368032,1.7631848,-1.1859913,0.97491729,-0.20403838,0.088907868,0
-0.20304739,1.1092607,-0.99738169,-0.97491729,0.20403838,-0.088907868,0
0.27144438,0.88637042,-1.0125982,-0.0027037859,-0.41029271,-0.91194987,0
1.2977107,3.0899081,-1.2506554,0.22255108,0.88883531,-0.40055311,0
-0.38959229,-1.5316645,1.2418782,0.0027037859,0.41029271,0.91194987,0
0.2996093,3.4375389,-1.0876434,0.22255108,0.88883531,-0.40055311,0
0.76999891,2.0223136,-0.46934319,0.0027037859,0.41029271,0.91194987,0
0.78049028,2.2214112,-0.44555521,0.0027037859,0.41029271,0.91194987,0
-0.72753596,-2.9873781,1.8691132,-0.22255108,-0.88883531,0.40055311,0
0.89883387,3.1597793,-1.1617613,0.22255108,0.88883531,-0.40055311,0
-0.81955624,-1.5921606,0.24318361,-0.97491729,0.20403838,-0.088907868,0
-1.1048415,-3.151185,1.0574,-0.22255108,-0.88883531,0.40055311,0
-0.48230347,0.28295761,0.25169235,-0.97491729,0.20403838,-0.088907868,0
0.53178126,-0.1630199,-0.45242774,0.97491729,-0.20403838,0.088907868,0
0.97025812,2.161839,-0.69366288,0.97491729,-0.20403838,0.088907868,0
-0.32608762,-1.9496796,0.22248507,-0.0027037859,-0.41029271,-0.91194987,0
0.20628154,2.9873593,-1.8051915,0.22255108,0.88883531,-0.40055311,0
-0.24465096,-2.9225509,1.0992949,0.97491729,-0.20403838,0.088907868,0
-0.12241799,0.48268652,0.42558983,0.0027037859,0.41029271,0.91194987,0
1.1406821,2.2247419,-0.91652703,0.97491729,-0.20403838,0.088907868,0
0.3474918,0.90010864,0.082660854,0.0027037859,0.41029271,0.91194987,0
0.6231488,0.037298918,-0.54200149,0.97491729,-0.20403838,0.088907868,0
-0.41980076,-3.4437618,1.0710232,-0.22255108,-0.88883531,0.40055311,0
-0.49514347,-1.194185,-0.01774013,-0.0027037859,-0.41029271,-0.91194987,0
0.64403385,0.70598435,-0.58011931,0.97491729,-0.20403838,0.088907868,0
-0.85649198,-2.2264316,0.38267207,-0.0027037859,-0.41029271,-0.91194987,0
0.74437106,2.5700743,-0.66974092,0.0027037859,0.41029271,0.91194987,0
-0.12470114,1.3983742,-1.0181261,-0.97491729,0.20403838,-0.088907868,0
1.2584014,2.5892978,-1.3472872,0.97491729,-0.20403838,0.088907868,0
-0.72535539,-3.0894668,1.4147885,-0.22255108,-0.88883531,0.40055311,0
-0.0071505308,1.904927,-0.91147327,-0.97491729,0.20403838,-0.088907868,0
-0.034180045,1.7874261,-1.1014671,-0.97491729,0.20403838,-0.088907868,0
-0.10060513,1.2339387,-0.74231112,-0.97491729,0.20403838,-0.088907868,0
0.95196021,3.0980644,-1.3551776,0.22255108,0.88883531,-0.40055311,0
1.1212921,3.3455343,-0.89060378,0.0027037859,0.41029271,0.91194987,0
0.23380224,-1.1313125,-0.095034242,-0.0027037859,-0.41029271,-0.91194987,0
-0.017607719,-1.7160399,0.16661465,-0.0027037859,-0.41029271,-0.91194987,0
-1.2206948,-2.9934824,1.6554604,-0.22255108,-0.88883531,0.40055311,0
0.93084097,3.0386167,-1.3614297,0.22255108,0.88883531,-0.40055311,0
-0.1001786,-2.8888953,0.88335586,0.97491729,-0.20403838,0.088907868,0
0.034739736,1.1015725,-0.015366197,0.0027037859,0.41029271,0.91194987,0
1.1029468,3.3010762,-0.95660019,0.22255108,0.88883531,-0.40055311,0
-0.26237595,0.48408768,-0.80643666,-0.0027037859,-0.41029271,-0.91194987,0
-0.23089331,-0.11967093,0.70467746,0.0027037859,0.41029271,0.91194987,0
-0.39242816,-2.0032403,1.4079463,0.0027037859,0.41029271,0.91194987,0
0.23513684,-1.2122875,0.4704603,0.97491729,-0.20403838,0.088907868,0
-0.00072711706,2.4195375,-0.78059196,-0.97491729,0.20403838,-0.088907868,0
-1.0607772,-3.0899799,1.1718829,-0.22255108,-0.88883531,0.40055311,0
0.26431847,3.0710554,-1.910507,0.22255108,0.88883531,-0.40055311,0
0.71607363,3.1198151,-1.6537714,0.22255108,0.88883531,-0.40055311,0
-0.72055399,-0.59761214,0.21043146,-0.97491729,0.20403838,-0.088907868,0
0.82147962,1.1763669,-1.0236218,-0.0027037859,-0.41029271,-0.91194987,0
-0.84324628,-1.3162022,-0.059165955,-0.0027037859,-0.41029271,-0.91194987,0
-0.2714566,-3.2276998,0.98666048,0.97491729,-0.20403838,0.088907868,0
0.11746843,-1.5950228,0.27748156,-0.0027037859,-0.41029271,-0.91194987,0
0.23875253,-1.0685422,0.27902269,0.97491729,-0.20403838,0.088907868,0
-0.33437413,0.14917377,0.38014501,0.0027037859,0.41029271,0.91194987,0
-0.16140366,-2.3871942,1.5643556,0.0027037859,0.41029271,0.91194987,0
-0.0040478706,-2.0046453,1.0327373,0.97491729,-0.20403838,0.088907868,0
-0.47103149,0.03213051,-0.54182315,-0.0027037859,-0.41029271,-0.91194987,0
0.78290915,3.0135949,-1.8101037,0.22255108,0.88883531,-0.40055311,0
-0.98431695,-1.9676404,1.1660621,-0.97491729,0.20403838,-0.088907868,0
-0.071120858,-2.5543694,1.4406729,0.97491729,-0.20403838,0.088907868,0
-0.16081508,1.1307044,0.0080288649,0.0027037859,0.41029271,0.91194987,0
0.44434953,3.2252696,-1.2206855,0.22255108,0.88883531,-0.40055311,0
-0.092131063,-1.4313792,0.01934886,-0.0027037859,-0.41029271,-0.91194987,0
0.082762718,-0.6827473,0.78961045,0.0027037859,0.41029271,0.91194987,0
0.39605021,1.9569883,-0.34045744,0.0027037859,0.41029271,0.91194987,0
1.0490497,1.7631786,-0.73914647,0.97491729,-0.20403838,0.088907868,0
1.1246576,2.6861196,-0.75148296,0.97491729,-0.20403838,0.088907868,0
0.18618554,3.0090754,-0.91141009,0.0027037859,0.41029271,0.91194987,0
-1.085407,-3.13871,1.0377326,-0.22255108,-0.88883531,0.40055311,0
-0.13101268,-1.4663823,1.3127671,0.0027037859,0.41029271,0.91194987,0
0.66642076,3.1971717,-1.1779613,0.22255108,0.88883531,-0.40055311,0
0.53616178,3.0249946,-1.8021789,0.22255108,0.88883531,-0.40055311,0
-0.21335667,1.3164222,-0.82946551,-0.97491729,0.20403838,-0.088907868,0
0.33592194,3.3940439,-1.0547729,0.22255108,0.88883531,-0.40055311,0
0.63450551,3.0632844,-1.6854551,0.22255108,0.88883531,-0.40055311,0
0.23397499,-0.67709464,-0.27062932,-0.0027037859,-0.41029271,-0.91194987,0
-0.65025651,-0.81554425,-0.084814787,-0.0027037859,-0.41029271,-0.91194987,0
0.34045506,3.1312103,-1.5325954,0.22255108,0.88883531,-0.40055311,0
-0.34142146,-1.3462048,0.015265942,-0.0027037859,-0.41029271,-0.91194987,0
0.64075255,0.84376848,0.0066846013,0.97491729,-0.20403838,0.088907868,0
0.84437877,1.0793536,-0.70239818,0.97491729,-0.20403838,0.088907868,0
-1.2075477,-2.7067976,1.0089736,-0.97491729,0.20403838,-0.088907868,0
0.30931902,3.3021641,-1.1365004,0.22255108,0.88883531,-0.40055311,0
0.80595124,1.0033889,-0.55743062,0.97491729,-0.20403838,0.088907868,0
-0.65893793,-0.79919237,0.44857687,-0.97491729,0.20403838,-0.088907868,0
1.1123369,2.7474871,-0.98630381,0.97491729,-0.20403838,0.088907868,0
-0.27785498,-3.2490344,0.89450479,-0.0027037859,-0.41029271,-0.91194987,0
0.11687386,-1.4299603,1.1162349,0.0027037859,0.41029271,0.91194987,0
1.0019863,2.9924045,-1.5176876,0.22255108,0.88883531,-0.40055311,0
0.48818099,3.3609228,-0.86929655,0.0027037859,0.41029271,0.91194987,0
0.67194569,0.32955366,-0.0062369406,0.97491729,-0.20403838,0.088907868,0
0.021511912,0.55336535,-0.87200069,-0.0027037859,-0.41029271,-0.91194987,0
0.53660691,-0.12557906,0.40867573,0.97491729,-0.20403838,0.088907868,0
0.45462215,2.0569043,-1.5818856,-0.0027037859,-0.41029271,-0.91194987,0
0.54719794,2.9767289,-1.7816718,0.22255108,0.88883531,-0.40055311,0
-0.28838086,-2.7989643,1.4313636,0.97491729,-0.20403838,0.088907868,0
-0.64486635,-1.1274042,0.98057806,0.0027037859,0.41029271,0.91194987,0
-0.082003564,1.7190801,-0.41388905,-0.97491729,0.20403838,-0.088907868,0
0.40995234,3.3580003,-1.0878415,0.22255108,0.88883531,-0.40055311,0
0.81611931,0.93753135,-0.48069316,0.97491729,-0.20403838,0.088907868,0
0.25078794,-1.5142053,0.15874076,0.97491729,-0.20403838,0.088907868,0
0.069022551,1.0099972,0.12464857,0.0027037859,0.41029271,0.91194987,0
0.078403234,2.296576,-1.3550146,-0.97491729,0.20403838,-0.088907868,0
0.70960701,2.8852997,-1.8434541,0.22255108,0.88883531,-0.40055311,0
-0.68519914,-3.2671692,1.1219592,-0.22255108,-0.88883531,0.40055311,0
0.58946341,-0.053245842,0.016779393,0.97491729,-0.20403838,0.088907868,0
1.070763,2.9060693,-1.5645325,0.22255108,0.88883531,-0.40055311,0
0.55026114,-0.18538129,0.069460541,0.97491729,-0.20403838,0.088907868,0
-1.1608349,-2.870553,1.6506877,-0.22255108,-0.88883531,0.40055311,0
1.1093972,2.106523,-0.99283361,0.97491729,-0.20403838,0.088907868,0
0.54656386,0.55534691,-0.025058031,0.97491729,-0.20403838,0.088907868,0
0.93537968,2.1207254,-0.74218774,0.97491729,-0.20403838,0.088907868,0
-0.74470365,-0.95379186,0.33401674,-0.97491729,0.20403838,-0.088907868,0
0.37492013,3.0079088,-1.6552432,0.22255108,0.88883531,-0.40055311,0
-0.21156982,1.0679818,-0.34755099,-0.97491729,0.20403838,-0.088907868,0
-0.64880645,-1.1949135,1.1805321,0.0027037859,0.41029271,0.91194987,0
-1.0260384,-2.2505138,1.1883962,-0.97491729,0.20403838,-0.088907868,0
-0.37123975,0.3961474,0.35088021,0.0027037859,0.41029271,0.91194987,0
0.021448493,-1.8629367,1.2089379,0.97491729,-0.20403838,0.088907868,0
-1.1779314,-2.771235,1.7587929,-0.22255108,-0.88883531,0.40055311,0
-0.54886413,-2.2893548,1.5329223,0.0027037859,0.41029271,0.91194987,0
-1.1927503,-2.7414784,1.7754886,-0.22255108,-0.88883531,0.40055311,0
-0.78498042,-2.2065144,1.538919,0.0027037859,0.41029271,0.91194987,0
1.1153349,2.985462,-1.4734228,0.22255108,0.88883531,-0.40055311,0
-0.5421626,-0.24171358,0.61210805,0.0027037859,0.41029271,0.91194987,0
0.13896191,-1.8027385,0.89666653,0.97491729,-0.20403838,0.088907868,0
-0.27376878,1.1521796,-0.40259457,-0.97491729,0.20403838,-0.088907868,0
-0.71234965,-1.8279624,1.4419594,0.0027037859,0.41029271,0.91194987,0
-1.0043731,-3.169457,1.2279806,-0.22255108,-0.88883531,0.40055311,0
0.31764618,-0.82979327,-0.0089752078,0.97491729,-0.20403838,0.088907868,0
0.95967853,3.1026502,-1.3415096,0.22255108,0.88883531,-0.40055311,0
-0.20680535,-2.6149101,1.2038248,0.97491729,-0.20403838,0.088907868,0
-0.58019209,-2.9682918,1.8767862,-0.22255108,-0.88883531,0.40055311,0
0.39961961,1.0565046,-0.031802297,0.0027037859,0.41029271,0.91194987,0
0.96991783,3.1655946,-0.96566486,0.22255108,0.88883531,-0.40055311,0
0.9048841,2.8521581,-1.8496404,0.22255108,0.88883531,-0.40055311,0
0.066333115,2.11093,-0.56742454,-0.97491729,0.20403838,-0.088907868,0
0.93669212,2.2339516,-1.6453283,-0.0027037859,-0.41029271,-0.91194987,0
-0.21662861,-1.182795,1.0028665,0.0027037859,0.41029271,0.91194987,0
-0.56076634,-3.0003796,1.8692548,-0.22255108,-0.88883531,0.40055311,0
-0.2064088,-0.96427047,0.89832187,0.0027037859,0.41029271,0.91194987,0
0.96118712,2.4877267,-0.61361361,0.0027037859,0.41029271,0.91194987,0
-0.19512177,0.11007026,-0.65549761,-0.0027037859,-0.41029271,-0.91194987,0
0.23509228,2.6934919,-0.91219592,-0.97491729,0.20403838,-0.088907868,0
-0.54916823,0.24491858,0.16304028,-0.97491729,0.20403838,-0.088907868,0
-0.47326827,-3.1106153,1.5043674,-0.22255108,-0.88883531,0.40055311,0
-0.30543658,-0.17052343,0.52223462,0.0027037859,0.41029271,0.91194987,0
0.49091136,0.35457599,0.26522419,0.97491729,-0.20403838,0.088907868,0
0.79169184,1.6289768,-0.17447662,0.97491729,-0.20403838,0.088907868,0
-0.52494556,-0.36057198,-0.29801983,-0.97491729,0.20403838,-0.088907868,0
-0.26319265,-1.8901358,0.32928729,-0.0027037859,-0.41029271,-0.91194987,0
-1.0754285,-2.7697892,1.8130944,-0.22255108,-0.88883531,0.40055311,0
-0.095999777,2.049546,-0.56920886,-0.97491729,0.20403838,-0.088907868,0
0.98186511,2.6532683,-0.72866011,0.0027037859,0.41029271,0.91194987,0
-1.1676702,-2.3271592,1.0524652,-0.97491729,0.20403838,-0.088907868,0
-0.65979284,-0.59275424,0.74189234,0.0027037859,0.41029271,0.91194987,0
-0.13826871,-2.4463542,0.54110241,-0.0027037859,-0.41029271,-0.91194987,0
0.73037219,3.1251116,-0.95046067,0.0027037859,0.41029271,0.91194987,0
-1.2102784,-2.9963925,1.4291794,-0.22255108,-0.88883531,0.40055311,0
-1.211363,-3.126564,1.2949197,-0.22255108,-0.88883531,0.40055311,0
0.55196476,3.2788301,-1.3135512,0.22255108,0.88883531,-0.40055311,0
-0.14429051,1.170073,-1.0571789,-0.0027037859,-0.41029271,-0.91194987,0
0.96445251,2.5854506,-0.5681479,0.0027037859,0.41029271,0.91194987,0
-0.52554798,-0.1266408,0.57924384,-0.97491729,0.20403838,-0.088907868,0
0.88876677,3.175689,-1.1151283,0.22255108,0.88883531,-0.40055311,0
-0.12109005,-2.794872,1.5758417,0.97491729,-0.20403838,0.088907868,0
1.2453531,2.4867196,-1.3042631,0.97491729,-0.20403838,0.088907868,0
-0.017021656,-1.9770994,1.0995102,0.97491729,-0.20403838,0.088907868,0
0.19418144,2.9849184,-1.4553061,-0.97491729,0.20403838,-0.088907868,0
0.21622553,0.73924673,0.21315145,0.0027037859,0.41029271,0.91194987,0
-0.31767279,-2.0748994,0.46658683,-0.0027037859,-0.41029271,-0.91194987,0
-0.45374256,0.21753162,-0.58446407,-0.97491729,0.20403838,-0.088907868,0
0.46606785,3.3488071,-1.1076851,0.22255108,0.88883531,-0.40055311,0
-0.32264626,-3.146332,1.7290459,-0.22255108,-0.88883531,0.40055311,0
1.0776803,3.2103255,-1.2355607,0.22255108,0.88883531,-0.40055311,0
-0.27072501,0.87186271,0.099758208,-0.97491729,0.20403838,-0.088907868,0
0.30353451,3.1957779,-1.4099414,0.22255108,0.88883531,-0.40055311,0
0.60234261,3.1659343,-1.4508455,0.22255108,0.88883531,-0.40055311,0
0.71597779,2.8884635,-1.7629397,0.22255108,0.88883531,-0.40055311,0
1.0646871,3.1600745,-1.361789,0.22255108,0.88883531,-0.40055311,0
0.72141373,2.5113144,-1.5760028,-0.0027037859,-0.41029271,-0.91194987,0
-0.25153333,-0.64161587,0.74468976,0.0027037859,0.41029271,0.91194987,0
-1.0793219,-3.1092782,1.0857484,-0.22255108,-0.88883531,0.40055311,0
0.20234942,2.6136167,-1.2023127,-0.97491729,0.20403838,-0.088907868,0
0.22362089,2.6789489,-1.3023906,-0.97491729,0.20403838,-0.088907868,0
0.89632988,2.9671574,-1.689424,0.22255108,0.88883531,-0.40055311,0
-1.1705763,-2.7324457,1.8465526,0.0027037859,0.41029271,0.91194987,0
0.49496961,1.2644062,-1.1080748,-0.0027037859,-0.41029271,-0.91194987,0
-1.1161939,-2.893883,1.4894593,-0.22255108,-0.88883531,0.40055311,0
-0.908301,-1.4113815,0.66190755,-0.97491729,0.20403838,-0.088907868,0
-0.8774159,-1.6851442,1.3013942,0.0027037859,0.41029271,0.91194987,0
0.50091636,-0.60004854,-0.19579059,0.97491729,-0.20403838,0.088907868,0
-0.25298506,-0.94114518,0.93694222,0.0027037859,0.41029271,0.91194987,0
0.70943487,3.1102829,-1.6522262,0.22255108,0.88883531,-0.40055311,0
0.77689254,3.0311193,-1.6995835,0.22255108,0.88883531,-0.40055311,0
0.41532916,2.0748341,-0.36515141,0.0027037859,0.41029271,0.91194987,0
-0.25349575,1.1823341,-1.0630857,-0.97491729,0.20403838,-0.088907868,0
-0.55104399,-2.4070306,1.5946755,0.0027037859,0.41029271,0.91194987,0
-0.61248517,-0.74568599,-0.23483989,-0.0027037859,-0.41029271,-0.91194987,0
0.54373109,3.0312397,-1.4661481,0.22255108,0.88883531,-0.40055311,0
-0.22218591,0.22587706,-0.69731295,-0.0027037859,-0.41029271,-0.91194987,0
0.41469598,0.91586846,0.13691229,0.0027037859,0.41029271,0.91194987,0
0.27835119,-0.59729934,0.76606286,0.0027037859,0.41029271,0.91194987,0
-0.11754599,-0.1026517,-0.44408607,-0.0027037859,-0.41029271,-0.91194987,0
-0.98051542,-2.440649,0.44597435,-0.0027037859,-0.41029271,-0.91194987,0
0.52066863,3.2543249,-0.89863706,0.0027037859,0.41029271,0.91194987,0
-0.34251922,-0.81431961,0.97550035,0.0027037859,0.41029271,0.91194987,0
-0.80678427,-1.1692756,0.093580484,-0.97491729,0.20403838,-0.088907868,0
0.85922289,2.7042279,-1.7046583,-0.0027037859,-0.41029271,-0.91194987,0
-0.22680777,1.2758303,-0.87404597,-0.97491729,0.20403838,-0.088907868,0
1.0576724,2.8985887,-1.6039023,0.22255108,0.88883531,-0.40055311,0
0.69148374,0.4249689,-0.73434937,-0.0027037859,-0.41029271,-0.91194987,0
0.42781183,-0.13908386,-0.31820762,0.97491729,-0.20403838,0.088907868,0
-0.6023261,-0.10591519,-0.032291729,-0.97491729,0.20403838,-0.088907868,0
-0.50824261,-2.6157084,1.6509533,0.0027037859,0.41029271,0.91194987,0
0.7503497,3.2366774,-1.0461562,0.22255108,0.88883531,-0.40055311,0
0.47864127,3.1057158,-1.3473237,0.22255108,0.88883531,-0.40055311,0
-0.94585705,-1.2706857,1.043938,-0.97491729,0.20403838,-0.088907868,0
0.87768996,1.4516366,-0.15290797,0.97491729,-0.20403838,0.088907868,0
0.84070385,3.0470643,-1.7386487,0.22255108,0.88883531,-0.40055311,0
0.97419894,1.8916202,-1.4667056,-0.0027037859,-0.41029271,-0.91194987,0
1.0110365,2.4253933,-0.51028061,0.97491729,-0.20403838,0.088907868,0
0.16069549,3.0911684,-0.97726083,-0.97491729,0.20403838,-0.088907868,0
-0.85880268,-2.3878593,1.5471697,0.0027037859,0.41029271,0.91194987,0
0.37991095,3.2470605,-0.89419365,0.0027037859,0.41029271,0.91194987,0
-0.99327791,-3.1489692,1.1410174,-0.22255108,-0.88883531,0.40055311,0
0.69464761,0.67896432,0.23566616,0.97491729,-0.20403838,0.088907868,0
1.1105416,3.1840615,-1.2885258,0.22255108,0.88883531,-0.40055311,0
0.47500503,3.1352162,-1.7404513,0.22255108,0.88883531,-0.40055311,0
-1.0797207,-2.6773164,1.003799,-0.97491729,0.20403838,-0.088907868,0
0.63085806,2.5293176,-0.69246507,0.0027037859,0.41029271,0.91194987,0
-0.29801404,-0.83532459,0.86810869,0.0027037859,0.41029271,0.91194987,0
0.96843469,3.1334081,-1.255229,0.22255108,0.88883531,-0.40055311,0
0.40834004,1.0564184,-0.91548622,-0.0027037859,-0.41029271,-0.91194987,0
-0.085347712,-1.0222031,0.90115702,0.0027037859,0.41029271,0.91194987,0
0.70808047,1.3717921,-0.10503161,0.97491729,-0.20403838,0.088907868,0
-1.0878701,-3.0624547,1.4946477,-0.22255108,-0.88883531,0.40055311,0
0.92503482,1.7730699,-0.33054471,0.0027037859,0.41029271,0.91194987,0
0.031200588,-0.041957371,0.53305608,0.0027037859,0.41029271,0.91194987,0
0.069622636,0.40027219,0.40448433,0.0027037859,0.41029271,0.91194987,0
0.83565229,1.0162084,-0.80992579,0.97491729,-0.20403838,0.088907868,0
-0.12822664,-1.1443963,-0.077866912,-0.0027037859,-0.41029271,-0.91194987,0
0.47921288,3.0918803,-1.8591015,0.22255108,0.88883531,-0.40055311,0
0.53686953,0.45416814,0.26752329,0.97491729,-0.20403838,0.088907868,0
0.3022086,1.1357849,0.1028626,0.0027037859,0.41029271,0.91194987,0
-0.51201487,-0.81997037,0.85948098,0.0027037859,0.41029271,0.91194987,0
0.54345846,0.48516762,0.24988025,0.97491729,-0.20403838,0.088907868,0
-0.44291785,-0.0033770204,0.33339143,-0.97491729,0.20403838,-0.088907868,0
0.76233542,0.74322391,-0.85908735,0.97491729,-0.20403838,0.088907868,0
-0.69001675,-2.9521499,1.6409788,-0.22255108,-0.88883531,0.40055311,0
-1.2568958,-3.0667224,1.0830166,-0.22255108,-0.88883531,0.40055311,0
0.28992951,1.4152591,-1.2392148,-0.0027037859,-0.41029271,-0.91194987,0
0.26176542,2.0318868,-0.46507025,0.0027037859,0.41029271,0.91194987,0
-0.53776801,-3.0816982,1.64624,-0.22255108,-0.88883531,0.40055311,0
-0.94840097,-2.9338791,1.4891183,-0.22255108,-0.88883531,0.40055311,0
-1.0159919,-2.477809,0.6231463,-0.0027037859,-0.41029271,-0.91194987,0
0.52838755,2.2510605,-1.6019011,-0.0027037859,-0.41029271,-0.91194987,0
0.83532017,1.3289031,-0.97098029,0.97491729,-0.20403838,0.088907868,0
0.75138748,2.9695039,-1.7608662,0.22255108,0.88883531,-0.40055311,0
-0.15559721,-2.1267297,1.4898715,0.0027037859,0.41029271,0.91194987,0
1.0161679,2.2163541,-1.0069485,0.97491729,-0.20403838,0.088907868,0
0.91977227,3.0235584,-0.72695279,0.0027037859,0.41029271,0.91194987,0
1.102996,2.9332778,-1.4221187,0.22255108,0.88883531,-0.40055311,0
-1.1282039,-2.9996488,1.3681731,-0.22255108,-0.88883531,0.40055311,0
0.60738266,0.0094541311,-0.14823703,0.97491729,-0.20403838,0.088907868,0
-0.46461594,-3.346709,1.2794521,-0.22255108,-0.88883531,0.40055311,0
0.084429383,2.3618288,-0.87436199,-0.97491729,0.20403838,-0.088907868,0
0.63411295,2.8902557,-1.7433879,0.22255108,0.88883531,-0.40055311,0
0.63304043,0.27778381,-0.62214762,0.97491729,-0.20403838,0.088907868,0
-0.3054083,-0.91975123,0.8995322,0.0027037859,0.41029271,0.91194987,0
0.66139865,3.0308638,-1.4742453,0.22255108,0.88883531,-0.40055311,0
0.69941437,2.0511231,-1.5384216,-0.0027037859,-0.41029271,-0.91194987,0
0.82147753,3.259501,-1.1880143,0.22255108,0.88883531,-0.40055311,0
0.41120642,2.8822548,-0.81477427,0.0027037859,0.41029271,0.91194987,0
0.096364796,2.8791814,-0.80970812,-0.97491729,0.20403838,-0.088907868,0
1.0401053,3.0225718,-1.2527728,0.22255108,0.88883531,-0.40055311,0
-0.23243925,0.98016417,-0.67636108,-0.97491729,0.20403838,-0.088907868,0
0.50299597,3.2670984,-1.3098538,0.22255108,0.88883531,-0.40055311,0
-0.38651586,-3.0335033,1.9058158,-0.22255108,-0.88883531,0.40055311,0
-1.0221393,-3.2230539,1.0649993,-0.22255108,-0.88883531,0.40055311,0
-0.95224768,-2.7549617,0.70211005,-0.0027037859,-0.41029271,-0.91194987,0
0.42678314,-0.46404526,0.20801306,0.97491729,-0.20403838,0.088907868,0
0.82041544,1.1981236,-0.93186092,0.97491729,-0.20403838,0.088907868,0
0.41809529,3.1576796,-0.82237911,0.0027037859,0.41029271,0.91194987,0
0.62710655,3.1545229,-1.5988007,0.22255108,0.88883531,-0.40055311,0
0.49373531,3.0780802,-1.614583,0.22255108,0.88883531,-0.40055311,0
-0.23696959,-3.2169237,1.3104863,0.97491729,-0.20403838,0.088907868,0
0.60633361,2.1106737,-1.5979528,-0.0027037859,-0.41029271,-0.91194987,0
-0.84745103,-3.1908505,1.1258495,-0.22255108,-0.88883531,0.40055311,0
-0.31301248,-3.3028321,0.97791982,0.97491729,-0.20403838,0.088907868,0
1.0704463,2.2693987,-0.54891133,0.97491729,-0.20403838,0.088907868,0
-1.1544043,-3.0287719,1.2466295,-0.22255108,-0.88883531,0.40055311,0
0.49208307,3.062448,-1.8282361,0.22255108,0.88883531,-0.40055311,0
0.35368598,3.0099237,-1.6898787,0.22255108,0.88883531,-0.40055311,0
0.099179327,-1.9992559,0.97197294,0.97491729,-0.20403838,0.088907868,0
0.38421291,-0.91315871,0.23058474,0.97491729,-0.20403838,0.088907868,0
0.5527615,-0.11698788,-0.58677107,-0.0027037859,-0.41029271,-0.91194987,0
-0.11935115,-0.49966171,0.68930095,0.0027037859,0.41029271,0.91194987,0
0.82496774,1.5654676,-0.28336549,0.97491729,-0.20403838,0.088907868,0
-0.49930546,0.1906147,-0.38683555,-0.97491729,0.20403838,-0.088907868,0
0.73353529,2.3082998,-0.54212165,0.0027037859,0.41029271,0.91194987,0
-0.64671803,-3.2040884,1.2129288,-0.22255108,-0.88883531,0.40055311,0
-0.96613461,-1.7554623,0.43430662,-0.97491729,0.20403838,-0.088907868,0
-0.94523585,-3.1348808,1.172698,-0.22255108,-0.88883531,0.40055311,0
-0.32174695,-3.2943563,1.4434435,-0.22255108,-0.88883531,0.40055311,0
0.71794736,2.0152798,-1.3986847,-0.0027037859,-0.41029271,-0.91194987,0
0.064061016,-1.6523361,0.51954436,0.97491729,-0.20403838,0.088907868,0
0.33807945,1.0736027,-1.1377031,-0.0027037859,-0.41029271,-0.91194987,0
-0.7695626,-1.9184208,0.3791573,-0.0027037859,-0.41029271,-0.91194987,0
1.0174296,2.5945728,-1.7490501,-0.0027037859,-0.41029271,-0.91194987,0
-0.59176111,-3.2571244,1.1203604,-0.22255108,-0.88883531,0.40055311,0
0.76646757,2.747324,-1.7540019,-0.0027037859,-0.41029271,-0.91194987,0
0.16994418,1.0301164,0.1815511,0.0027037859,0.41029271,0.91194987,0
