2.1653736,-1.4040291,-1.7670758,0.47496921,0.79460013,-0.37817374,0
2.2517242,-1.4410304,-1.209285,0.63991284,-0.016866699,0.76826245,0
2.7858746,-2.9373069,-2.0166183,0.60408276,-0.6068992,-0.51648605,0
-2.6044478,3.0925126,2.1695232,-0.60408276,0.6068992,0.51648605,0
-2.5176852,2.7362294,2.4373941,-0.60408276,0.6068992,0.51648605,0
-2.81457,3.0085826,1.9376092,-0.60408276,0.6068992,0.51648605,0
-0.59493911,0.9224745,0.092157364,0.47496921,0.79460013,-0.37817374,0
3.00437,-2.4066305,-2.4816704,0.60408276,-0.6068992,-0.51648605,0
-1.0962396,1.1243517,1.6278665,0.63991284,-0.016866699,0.76826245,0
2.4925048,-2.8438494,-2.5685296,0.60408276,-0.6068992,-0.51648605,0
2.0819395,-2.8959236,-1.9569454,-0.47496921,-0.79460013,0.37817374,0
2.5825396,-2.435432,-2.6908484,0.60408276,-0.6068992,-0.51648605,0
2.6535797,-2.9661176,-2.0112648,0.60408276,-0.6068992,-0.51648605,0
-2.6312118,3.0478225,2.0175004,0.47496921,0.79460013,-0.37817374,0
0.14469245,0.82061684,0.3427915,0.47496921,0.79460013,-0.37817374,0
0.57665253,-0.4042244,-1.0936084,-0.63991284,0.016866699,-0.76826245,0
2.4590135,-2.8019338,-2.3736062,0.60408276,-0.6068992,-0.51648605,0
2.8440585,-2.9133296,-1.959836,0.60408276,-0.6068992,-0.51648605,0
1.9256345,-1.1979498,-1.5874333,0.47496921,0.79460013,-0.37817374,0
-2.6374314,2.7156317,2.4190078,-0.60408276,0.6068992,0.51648605,0
0.69140571,-0.83786452,-1.2344128,-0.63991284,0.016866699,-0.76826245,0
-2.5395644,2.7808332,2.379581,-0.60408276,0.6068992,0.51648605,0
0.57154274,0.11547148,-0.47004959,0.47496921,0.79460013,-0.37817374,0
2.6740603,-2.724824,-2.4555569,0.60408276,-0.6068992,-0.51648605,0
-1.4156674,0.83934015,1.180512,-0.47496921,-0.79460013,0.37817374,0
-2.7740571,1.8672789,1.8739889,-0.47496921,-0.79460013,0.37817374,0
2.8077753,-2.8143268,-1.9834046,0.60408276,-0.6068992,-0.51648605,0
1.170056,-0.6556049,-0.42170763,0.63991284,-0.016866699,0.76826245,0
-0.98441225,1.7944622,1.2901106,0.47496921,0.79460013,-0.37817374,0
-2.185297,2.2826755,1.2230484,-0.63991284,0.016866699,-0.76826245,0
2.951648,-2.7191401,-1.9783916,0.60408276,-0.6068992,-0.51648605,0
-3.1004522,2.4440026,1.8870077,-0.63991284,0.016866699,-0.76826245,0
1.7761308,-1.06441,-0.74719334,0.63991284,-0.016866699,0.76826245,0
2.8224177,-2.5866652,-2.5618024,0.60408276,-0.6068992,-0.51648605,0
-1.7434289,1.7067676,0.90773106,-0.63991284,0.016866699,-0.76826245,0
0.30164167,0.54385757,0.46841371,0.63991284,-0.016866699,0.76826245,0
-1.0953901,0.22145322,0.1396969,-0.63991284,0.016866699,-0.76826245,0
-1.5659972,1.4580688,0.61576629,-0.63991284,0.016866699,-0.76826245,0
-2.0360644,2.4644289,1.126545,0.47496921,0.79460013,-0.37817374,0
-2.5533304,2.81497,2.5367675,-0.60408276,0.6068992,0.51648605,0
-2.4612007,2.8629746,2.3507104,-0.60408276,0.6068992,0.51648605,0
1.9338937,-1.5577239,-1.0256431,0.63991284,-0.016866699,0.76826245,0
3.178947,-2.4918995,-2.0728979,0.60408276,-0.6068992,-0.51648605,0
3.0181191,-2.793757,-2.0132737,0.60408276,-0.6068992,-0.51648605,0
0.44845903,-0.089098334,-0.98908454,0.47496921,0.79460013,-0.37817374,0
2.3472536,-3.0284386,-2.3494811,0.60408276,-0.6068992,-0.51648605,0
1.1993874,-1.9911083,-1.1658218,-0.47496921,-0.79460013,0.37817374,0
-2.8116381,2.9283307,2.0306835,-0.60408276,0.6068992,0.51648605,0
-2.8446145,2.8665223,2.0760865,-0.60408276,0.6068992,0.51648605,0
2.730443,-2.7335906,-2.4562688,0.60408276,-0.6068992,-0.51648605,0
-1.6928024,1.9542657,2.1995404,0.63991284,-0.016866699,0.76826245,0
-2.3158724,1.6073472,1.8796909,-0.47496921,-0.79460013,0.37817374,0
-1.3105887,1.2692915,1.7539163,0.63991284,-0.016866699,0.76826245,0
2.8605583,-2.5459456,-2.2247686,0.60408276,-0.6068992,-0.51648605,0
-0.43433768,-0.15269756,0.26106748,-0.47496921,-0.79460013,0.37817374,0
0.034266174,0.28884256,-0.42486736,0.47496921,0.79460013,-0.37817374,0
-1.8381177,1.1187651,1.197607,-0.47496921,-0.79460013,0.37817374,0
-2.7782323,2.6066842,2.3877983,-0.60408276,0.6068992,0.51648605,0
-2.5388379,2.8719301,2.4028964,-0.60408276,0.6068992,0.51648605,0
1.4604851,-0.95446748,-1.6347554,0.47496921,0.79460013,-0.37817374,0
2.2971048,-3.0816507,-2.577961,0.60408276,-0.6068992,-0.51648605,0
-2.5011163,3.0747881,2.2462649,-0.60408276,0.6068992,0.51648605,0
1.8794914,-1.0290866,-0.86503649,0.63991284,-0.016866699,0.76826245,0
2.465519,-2.5006819,-2.7349453,0.60408276,-0.6068992,-0.51648605,0
-2.8711517,2.8813033,1.9230576,-0.60408276,0.6068992,0.51648605,0
0.49051571,-1.3556607,-1.0635444,-0.63991284,0.016866699,-0.76826245,0
-0.81195056,1.3757546,0.68349862,0.47496921,0.79460013,-0.37817374,0
1.3373373,-0.45330328,-0.47253621,0.47496921,0.79460013,-0.37817374,0
-0.14089569,-0.79640466,-0.46385765,-0.47496921,-0.79460013,0.37817374,0
-2.6669483,2.2108467,1.5181296,-0.63991284,0.016866699,-0.76826245,0
-1.9144808,1.5541325,2.2204688,-0.47496921,-0.79460013,0.37817374,0
1.9521216,-2.9214249,-2.2107906,-0.47496921,-0.79460013,0.37817374,0
2.8330507,-2.8514407,-2.0062528,0.60408276,-0.6068992,-0.51648605,0
-2.4671688,2.8354349,2.6682067,-0.60408276,0.6068992,0.51648605,0
-3.0906503,2.6921713,2.1202679,-0.60408276,0.6068992,0.51648605,0
2.1377268,-3.079972,-2.4856915,-0.47496921,-0.79460013,0.37817374,0
0.7634232,-1.4509392,-0.50816762,-0.47496921,-0.79460013,0.37817374,0
-1.457692,1.7066242,0.56326532,0.47496921,0.79460013,-0.37817374,0
0.51209593,-0.21737766,-0.93197376,0.47496921,0.79460013,-0.37817374,0
-2.4262326,2.8263698,2.509521,-0.60408276,0.6068992,0.51648605,0
1.4193189,-0.41886687,-0.53905988,0.47496921,0.79460013,-0.37817374,0
0.96717155,-0.79492611,-1.3632247,-0.63991284,0.016866699,-0.76826245,0
1.6725503,-1.1036494,-0.72920442,0.63991284,-0.016866699,0.76826245,0
-0.051317692,-0.46021348,0.50899571,-0.47496921,-0.79460013,0.37817374,0
-1.675424,1.2737112,1.9399412,-0.47496921,-0.79460013,0.37817374,0
1.9485687,-2.8274925,-1.9281583,-0.47496921,-0.79460013,0.37817374,0
-1.2784553,1.4382533,0.44454575,-0.63991284,0.016866699,-0.76826245,0
0.26175451,0.15265337,0.54243493,0.63991284,-0.016866699,0.76826245,0
1.7593682,-2.1473987,-2.0632536,-0.63991284,0.016866699,-0.76826245,0
1.0015277,-1.4241716,-0.62518072,-0.47496921,-0.79460013,0.37817374,0
0.18780744,-0.10480273,-0.84519398,-0.63991284,0.016866699,-0.76826245,0
1.6757972,-1.3463821,-0.67687726,0.63991284,-0.016866699,0.76826245,0
2.6618962,-2.5973465,-2.5705962,0.60408276,-0.6068992,-0.51648605,0
-2.4986842,3.0034342,2.175518,-0.60408276,0.6068992,0.51648605,0
-0.1780861,0.32713014,0.87657815,0.63991284,-0.016866699,0.76826245,0
-2.7537987,2.5631351,2.5094533,-0.60408276,0.6068992,0.51648605,0
-2.3206172,3.0611334,2.1481428,0.47496921,0.79460013,-0.37817374,0
-2.7851846,2.7424188,2.2039776,-0.60408276,0.6068992,0.51648605,0
-1.7830411,2.3358326,1.403955,0.47496921,0.79460013,-0.37817374,0
-0.60467875,1.4264044,0.8862685,0.47496921,0.79460013,-0.37817374,0
-2.5862269,3.1783724,2.1304593,-0.60408276,0.6068992,0.51648605,0
0.62286282,-0.032554567,-0.77869451,0.47496921,0.79460013,-0.37817374,0
-0.96855044,0.16384497,0.048354924,-0.63991284,0.016866699,-0.76826245,0
0.93356347,-1.3912423,-0.36376143,-0.47496921,-0.79460013,0.37817374,0
-3.0968633,2.4310379,2.2686791,-0.60408276,0.6068992,0.51648605,0
1.7596786,-2.3617272,-2.2313476,-0.63991284,0.016866699,-0.76826245,0
-2.7523746,2.803467,2.1938529,-0.60408276,0.6068992,0.51648605,0
-0.53347427,-0.12760663,0.44682363,-0.47496921,-0.79460013,0.37817374,0
-0.88008034,1.4652219,0.41488659,0.47496921,0.79460013,-0.37817374,0
-2.3716357,2.2628856,1.3954854,-0.63991284,0.016866699,-0.76826245,0
1.9576124,-2.6920731,-1.8455968,-0.47496921,-0.79460013,0.37817374,0
3.0529165,-2.2936034,-2.1828465,0.47496921,0.79460013,-0.37817374,0
-0.91170788,0.2127862,0.83197445,-0.47496921,-0.79460013,0.37817374,0
-1.6828108,1.1887312,0.66923881,-0.63991284,0.016866699,-0.76826245,0
2.6216226,-2.909533,-2.37468,0.60408276,-0.6068992,-0.51648605,0
-1.8371904,2.0603685,0.94127536,0.47496921,0.79460013,-0.37817374,0
3.0058141,-2.7449021,-1.9047208,0.60408276,-0.6068992,-0.51648605,0
2.2244425,-3.0637989,-2.6353989,0.60408276,-0.6068992,-0.51648605,0
-0.87960458,1.246477,0.10331225,-0.63991284,0.016866699,-0.76826245,0
-2.978421,2.5879188,2.0908194,-0.60408276,0.6068992,0.51648605,0
1.5120029,-2.1549213,-1.0464127,-0.47496921,-0.79460013,0.37817374,0
1.0780065,-1.4447174,-0.1627264,0.63991284,-0.016866699,0.76826245,0
2.5792785,-3.0722451,-1.9502549,0.60408276,-0.6068992,-0.51648605,0
-2.8353703,2.9820757,1.9629421,-0.60408276,0.6068992,0.51648605,0
-2.685163,2.8118176,2.1760054,-0.60408276,0.6068992,0.51648605,0
2.7996631,-2.5827947,-2.3670173,0.60408276,-0.6068992,-0.51648605,0
-0.92141634,0.24542469,0.60955358,-0.47496921,-0.79460013,0.37817374,0
-2.6681128,2.0464854,1.4954395,-0.63991284,0.016866699,-0.76826245,0
3.1304939,-2.532665,-2.2227912,0.60408276,-0.6068992,-0.51648605,0
-1.4431807,0.75248092,0.47807169,-0.63991284,0.016866699,-0.76826245,0
2.4399142,-2.9171581,-2.5667782,0.60408276,-0.6068992,-0.51648605,0
-1.0617125,1.0705894,1.45553,0.63991284,-0.016866699,0.76826245,0
-0.69153804,1.6970681,1.2780032,0.63991284,-0.016866699,0.76826245,0
2.3871722,-2.4056382,-2.5986214,-0.63991284,0.016866699,-0.76826245,0
-2.7075148,3.1209707,1.9962144,-0.60408276,0.6068992,0.51648605,0
2.6331906,-2.6452434,-2.4841003,0.60408276,-0.6068992,-0.51648605,0
-2.5260973,3.0628524,1.9974284,-0.60408276,0.6068992,0.51648605,0
2.9631696,-2.0934939,-1.9946587,0.47496921,0.79460013,-0.37817374,0
-2.8813734,2.7533085,1.931211,-0.60408276,0.6068992,0.51648605,0
-2.4538982,2.8126743,2.4292207,-0.60408276,0.6068992,0.51648605,0
-1.3585801,2.0424919,1.7402289,0.63991284,-0.016866699,0.76826245,0
-1.5732824,0.85015714,1.2586272,-0.47496921,-0.79460013,0.37817374,0
0.72826505,-1.3843836,-1.2974334,-0.63991284,0.016866699,-0.76826245,0
-0.65994656,1.1618348,0.31486154,0.47496921,0.79460013,-0.37817374,0
-2.3311582,2.6158905,1.3387964,0.47496921,0.79460013,-0.37817374,0
-2.0164521,2.2862523,2.2531867,0.63991284,-0.016866699,0.76826245,0
1.6968156,-2.6494164,-1.9686301,-0.47496921,-0.79460013,0.37817374,0
-1.2097055,1.1460552,0.41157782,-0.63991284,0.016866699,-0.76826245,0
2.517796,-2.5667231,-2.561388,0.60408276,-0.6068992,-0.51648605,0
-2.0772731,1.8733255,2.4591665,0.63991284,-0.016866699,0.76826245,0
-1.8872943,1.1962618,0.97435546,-0.63991284,0.016866699,-0.76826245,0
-2.4969959,1.9515924,2.4238238,-0.47496921,-0.79460013,0.37817374,0
-2.4414995,2.0637872,1.5435259,-0.63991284,0.016866699,-0.76826245,0
2.6590621,-2.3207736,-2.7398534,0.60408276,-0.6068992,-0.51648605,0
2.8013258,-3.1839814,-1.8528237,0.60408276,-0.6068992,-0.51648605,0
0.38840574,-1.3229181,-0.89316559,-0.47496921,-0.79460013,0.37817374,0
3.1001599,-2.469171,-2.3146172,0.60408276,-0.6068992,-0.51648605,0
-0.25820816,0.24532321,-0.4142929,-0.63991284,0.016866699,-0.76826245,0
2.5040443,-2.9056828,-2.2441268,0.60408276,-0.6068992,-0.51648605,0
-2.1717896,2.2732282,2.5419059,0.63991284,-0.016866699,0.76826245,0
0.024637997,-0.93740869,-0.77018154,-0.63991284,0.016866699,-0.76826245,0
2.6773567,-2.2958705,-2.602232,0.47496921,0.79460013,-0.37817374,0
2.2324333,-3.1505473,-2.3065772,0.60408276,-0.6068992,-0.51648605,0
0.67542136,-1.5071498,-0.86778402,-0.47496921,-0.79460013,0.37817374,0
-0.52153105,-0.27222425,0.35730341,-0.47496921,-0.79460013,0.37817374,0
2.5076244,-2.9934716,-2.2349687,0.60408276,-0.6068992,-0.51648605,0
-2.8597143,2.6923678,2.2111349,-0.60408276,0.6068992,0.51648605,0
2.7252893,-3.0047195,-2.0530677,0.60408276,-0.6068992,-0.51648605,0
-2.8443382,2.4503698,2.4456329,-0.60408276,0.6068992,0.51648605,0
-2.6777577,2.1846313,2.68226,-0.47496921,-0.79460013,0.37817374,0
0.78854108,0.015999764,0.074455962,0.63991284,-0.016866699,0.76826245,0
0.62343496,-1.2674679,-0.37106824,-0.47496921,-0.79460013,0.37817374,0
-1.3363764,0.49498737,0.38076854,-0.63991284,0.016866699,-0.76826245,0
2.4329405,-2.7403738,-2.6478105,0.60408276,-0.6068992,-0.51648605,0
-0.43648922,0.51881313,0.99924338,0.63991284,-0.016866699,0.76826245,0
-1.3074623,0.7088629,0.57765186,-0.63991284,0.016866699,-0.76826245,0
-1.9288528,1.4972823,2.1427226,-0.47496921,-0.79460013,0.37817374,0
1.7615173,-1.2826622,-1.9699047,0.47496921,0.79460013,-0.37817374,0
-2.496223,2.5716805,2.7377706,-0.60408276,0.6068992,0.51648605,0
-1.0227008,1.8778641,1.4867592,0.63991284,-0.016866699,0.76826245,0
0.68207061,-1.5485821,-1.188354,-0.63991284,0.016866699,-0.76826245,0
-2.5841088,1.8381801,1.6820714,-0.47496921,-0.79460013,0.37817374,0
1.5232868,-2.1368005,-1.2030642,-0.47496921,-0.79460013,0.37817374,0
2.4906683,-3.2144501,-2.065475,-0.47496921,-0.79460013,0.37817374,0
1.8311052,-0.91642922,-1.1461427,0.47496921,0.79460013,-0.37817374,0
-2.362947,3.0206079,2.219914,-0.60408276,0.6068992,0.51648605,0
2.9687421,-2.2820346,-2.4018335,0.60408276,-0.6068992,-0.51648605,0
2.6405485,-2.9388194,-2.1033125,0.60408276,-0.6068992,-0.51648605,0
1.694118,-2.203717,-2.2382758,-0.63991284,0.016866699,-0.76826245,0
2.5154245,-2.9201558,-2.4569316,0.60408276,-0.6068992,-0.51648605,0
-0.81771874,0.35632235,1.2314093,-0.47496921,-0.79460013,0.37817374,0
-1.4648204,1.6479275,0.68980074,-0.63991284,0.016866699,-0.76826245,0
2.6943698,-3.0645304,-2.0155859,0.60408276,-0.6068992,-0.51648605,0
2.9644117,-2.6141896,-2.1680889,0.60408276,-0.6068992,-0.51648605,0
1.0790924,-1.8850584,-1.0862191,-0.47496921,-0.79460013,0.37817374,0
-1.3099287,2.0284953,1.2045896,0.47496921,0.79460013,-0.37817374,0
2.5621996,-2.5869915,-2.7690921,0.60408276,-0.6068992,-0.51648605,0
-0.8342253,0.1453819,0.072213233,-0.63991284,0.016866699,-0.76826245,0
2.2161071,-1.7684127,-1.2221038,0.63991284,-0.016866699,0.76826245,0
-2.5409222,2.337147,2.8640494,-0.60408276,0.6068992,0.51648605,0
-2.6025069,2.8697715,2.2130885,-0.60408276,0.6068992,0.51648605,0
2.4133844,-2.9947562,-2.4433904,0.60408276,-0.6068992,-0.51648605,0
0.20617291,0.25916186,-0.28737533,0.47496921,0.79460013,-0.37817374,0
-0.68524683,0.76862323,0.014051676,-0.63991284,0.016866699,-0.76826245,0
0.7074793,-1.22484,-0.33775306,-0.47496921,-0.79460013,0.37817374,0
-0.27384755,-0.17487291,-0.41757569,-0.63991284,0.016866699,-0.76826245,0
1.5528443,-1.217537,-0.78912663,0.63991284,-0.016866699,0.76826245,0
1.212558,-0.55770677,-1.0417883,0.47496921,0.79460013,-0.37817374,0
1.7482873,-1.1221672,-1.6838317,0.47496921,0.79460013,-0.37817374,0
-0.89163023,1.2314572,1.5340366,0.63991284,-0.016866699,0.76826245,0
-2.4416032,2.7148824,2.6388288,-0.60408276,0.6068992,0.51648605,0
-2.4446998,1.9190383,2.4175792,-0.47496921,-0.79460013,0.37817374,0
1.1479138,-1.8238845,-0.95801306,-0.47496921,-0.79460013,0.37817374,0
-0.78798306,-0.07470724,-0.086638659,-0.63991284,0.016866699,-0.76826245,0
-2.256896,3.0127752,2.4062347,-0.60408276,0.6068992,0.51648605,0
1.6872473,-0.89951551,-1.3049617,0.47496921,0.79460013,-0.37817374,0
2.298888,-3.144083,-2.4004588,0.60408276,-0.6068992,-0.51648605,0
-1.2538569,2.1600957,1.7277534,0.47496921,0.79460013,-0.37817374,0
-3.154568,2.6011961,2.0569,-0.60408276,0.6068992,0.51648605,0
-2.3289669,3.0245545,2.3418097,-0.60408276,0.6068992,0.51648605,0
-0.95524532,0.60583198,0.20194471,-0.63991284,0.016866699,-0.76826245,0
0.79285234,-0.50364625,0.06173563,0.63991284,-0.016866699,0.76826245,0
-1.1085397,0.55176598,1.0552582,-0.47496921,-0.79460013,0.37817374,0
-2.944973,2.1597135,2.3742414,-0.47496921,-0.79460013,0.37817374,0
-2.3302515,2.1156209,2.5910261,-0.47496921,-0.79460013,0.37817374,0
-1.5914716,0.72630686,0.75155222,-0.63991284,0.016866699,-0.76826245,0
0.93056333,-0.53011745,-0.057274222,0.63991284,-0.016866699,0.76826245,0
0.55705976,-0.98563653,-0.063015819,-0.47496921,-0.79460013,0.37817374,0
-3.0135336,2.7849722,1.9553137,-0.60408276,0.6068992,0.51648605,0
3.0724158,-2.5948691,-2.0186615,0.60408276,-0.6068992,-0.51648605,0
-0.4789595,1.3732593,1.0057985,0.47496921,0.79460013,-0.37817374,0
2.9861236,-2.7108359,-2.1217232,0.60408276,-0.6068992,-0.51648605,0
0.28441364,-0.39010072,0.35518929,0.63991284,-0.016866699,0.76826245,0
-2.5040307,2.2671449,2.878768,0.63991284,-0.016866699,0.76826245,0
-2.6099215,2.9731064,2.080338,-0.60408276,0.6068992,0.51648605,0
0.75956249,-0.013840735,-0.22382104,0.47496921,0.79460013,-0.37817374,0
2.6542056,-2.7798076,-1.5955315,0.63991284,-0.016866699,0.76826245,0
-0.68998718,0.84963781,0.035811305,-0.63991284,0.016866699,-0.76826245,0
1.5214473,-1.6468037,-0.55223131,0.63991284,-0.016866699,0.76826245,0
0.4176634,-1.3172153,-1.0428401,-0.63991284,0.016866699,-0.76826245,0
1.6067281,-1.3352802,-0.65517187,0.63991284,-0.016866699,0.76826245,0
0.12683791,0.82140607,0.58801693,0.47496921,0.79460013,-0.37817374,0
-2.2163701,2.0486705,2.618546,0.63991284,-0.016866699,0.76826245,0
2.7655764,-2.5803115,-2.2802615,0.60408276,-0.6068992,-0.51648605,0
-2.3455734,3.161474,2.2326813,-0.60408276,0.6068992,0.51648605,0
-2.6552141,2.0781546,2.1118917,-0.47496921,-0.79460013,0.37817374,0
1.4938861,-1.8882461,-0.61925697,-0.47496921,-0.79460013,0.37817374,0
-1.6319685,2.0004859,1.0875809,0.47496921,0.79460013,-0.37817374,0
-0.10107517,-0.56218404,0.22088733,-0.47496921,-0.79460013,0.37817374,0
1.3860151,-1.1567202,-0.43887556,0.63991284,-0.016866699,0.76826245,0
-2.9426506,3.0000467,1.8702016,-0.60408276,0.6068992,0.51648605,0
-2.3627903,2.1861873,1.2457471,-0.63991284,0.016866699,-0.76826245,0
-2.8496823,1.8556736,1.8536665,-0.47496921,-0.79460013,0.37817374,0
0.62059164,-0.47901028,-1.0587939,-0.63991284,0.016866699,-0.76826245,0
3.2072632,-2.463203,-2.2169781,0.60408276,-0.6068992,-0.51648605,0
2.7192633,-1.9301573,-1.6296585,0.63991284,-0.016866699,0.76826245,0
-1.5100012,1.0473144,1.8287315,-0.47496921,-0.79460013,0.37817374,0
0.4631263,-0.016345322,-0.62784809,0.47496921,0.79460013,-0.37817374,0
1.2280467,-1.1124535,-1.6761439,-0.63991284,0.016866699,-0.76826245,0
0.71044266,-0.41729164,-1.1625254,0.47496921,0.79460013,-0.37817374,0
-2.9007924,2.7614858,2.2548165,-0.60408276,0.6068992,0.51648605,0
1.9887252,-2.498888,-1.4199336,-0.47496921,-0.79460013,0.37817374,0
2.363852,-3.1031685,-2.3919978,-0.47496921,-0.79460013,0.37817374,0
2.6385963,-2.3308113,-2.7693696,0.60408276,-0.6068992,-0.51648605,0
-2.3949423,2.9873662,2.5551834,-0.60408276,0.6068992,0.51648605,0
-1.3688293,0.59015489,0.5785625,-0.47496921,-0.79460013,0.37817374,0
-2.7427166,2.4584837,2.6818795,-0.60408276,0.6068992,0.51648605,0
1.2220812,-0.62214392,-0.45544267,0.63991284,-0.016866699,0.76826245,0
2.8502095,-2.8972168,-1.65766,0.63991284,-0.016866699,0.76826245,0
-2.9365833,2.6241851,2.1786385,-0.60408276,0.6068992,0.51648605,0
-2.9957526,2.6413667,2.0696259,-0.60408276,0.6068992,0.51648605,0
-0.24448955,1.0332265,0.99678659,0.63991284,-0.016866699,0.76826245,0
-0.41110578,0.14982665,0.87299562,-0.47496921,-0.79460013,0.37817374,0
2.4616489,-2.795012,-2.6706152,0.60408276,-0.6068992,-0.51648605,0
-2.8353076,2.033124,2.1539941,-0.47496921,-0.79460013,0.37817374,0
-2.6666412,2.5539558,1.5279703,-0.63991284,0.016866699,-0.76826245,0
1.7037151,-1.1306174,-1.5969195,0.47496921,0.79460013,-0.37817374,0
2.9648795,-2.4949501,-2.2125201,0.60408276,-0.6068992,-0.51648605,0
-1.1704819,1.7837292,0.77529454,0.47496921,0.79460013,-0.37817374,0
0.20864859,-0.0097784698,0.57621682,0.63991284,-0.016866699,0.76826245,0
0.49966988,0.022092998,-0.78105539,0.47496921,0.79460013,-0.37817374,0
-0.64327675,0.47313857,1.1660161,0.63991284,-0.016866699,0.76826245,0
-2.8907771,2.7227681,2.2710133,-0.60408276,0.6068992,0.51648605,0
-2.8625877,2.7038364,2.1040764,-0.60408276,0.6068992,0.51648605,0
-1.1069233,1.1926919,0.23148775,-0.63991284,0.016866699,-0.76826245,0
-2.1156173,2.8463297,2.172348,0.47496921,0.79460013,-0.37817374,0
2.6997941,-2.5590894,-2.4697156,0.60408276,-0.6068992,-0.51648605,0
-0.083760053,-0.3262625,-0.57758957,-0.63991284,0.016866699,-0.76826245,0
1.3563552,-0.52785617,-0.86180365,0.47496921,0.79460013,-0.37817374,0
2.1769319,-3.0974774,-2.5828838,-0.47496921,-0.79460013,0.37817374,0
2.0215306,-1.3551401,-1.499392,0.47496921,0.79460013,-0.37817374,0
-2.1483088,2.1879954,2.5647717,0.63991284,-0.016866699,0.76826245,0
-0.88480949,-0.023012459,0.12290058,-0.63991284,0.016866699,-0.76826245,0
1.4500909,-0.96251386,-1.5534046,0.47496921,0.79460013,-0.37817374,0
3.017997,-2.6147625,-1.8824954,0.63991284,-0.016866699,0.76826245,0
-2.6502922,2.3947771,2.7179461,-0.60408276,0.6068992,0.51648605,0
-0.89589661,0.32117909,0.84201598,-0.47496921,-0.79460013,0.37817374,0
-1.3124386,0.77041984,1.1225524,-0.47496921,-0.79460013,0.37817374,0
-3.1453333,2.1908183,2.2281199,-0.47496921,-0.79460013,0.37817374,0
2.1551564,-2.0164673,-1.3020537,0.63991284,-0.016866699,0.76826245,0
-2.439765,2.8390341,2.5181818,-0.60408276,0.6068992,0.51648605,0
-1.7119247,2.2454183,1.1965733,0.47496921,0.79460013,-0.37817374,0
-2.6277707,3.0029285,2.1802082,-0.60408276,0.6068992,0.51648605,0
0.95626771,0.026296318,-0.073619246,0.63991284,-0.016866699,0.76826245,0
-1.7440741,2.216974,1.0327623,0.47496921,0.79460013,-0.37817374,0
-0.74726909,1.2928648,0.6494447,0.47496921,0.79460013,-0.37817374,0
2.7739925,-2.9978027,-1.8767462,0.60408276,-0.6068992,-0.51648605,0
2.8166265,-2.9127693,-1.9561191,0.60408276,-0.6068992,-0.51648605,0
0.096572064,0.6009025,-0.019679189,0.47496921,0.79460013,-0.37817374,0
1.5330619,-2.2261105,-1.3427558,-0.47496921,-0.79460013,0.37817374,0
2.5437503,-2.882102,-2.3846192,0.60408276,-0.6068992,-0.51648605,0
-0.40286198,-0.052647352,0.71394622,-0.47496921,-0.79460013,0.37817374,0
2.9006042,-2.666851,-2.1104727,0.60408276,-0.6068992,-0.51648605,0
2.1708844,-2.9603601,-2.5871167,0.60408276,-0.6068992,-0.51648605,0
1.2402781,-1.9833786,-1.4179621,-0.47496921,-0.79460013,0.37817374,0
1.4653683,-1.4959475,-0.60423088,0.63991284,-0.016866699,0.76826245,0
1.4351429,-2.3315368,-1.8939323,-0.63991284,0.016866699,-0.76826245,0
-1.5419055,1.3152449,1.9998772,0.63991284,-0.016866699,0.76826245,0
-0.21810618,0.59639204,-0.3736217,-0.63991284,0.016866699,-0.76826245,0
-2.7410398,3.0977707,1.8456039,0.47496921,0.79460013,-0.37817374,0
-3.0161672,2.1986587,2.3960762,-0.47496921,-0.79460013,0.37817374,0
0.37992421,-0.065357327,-0.85155344,-0.63991284,0.016866699,-0.76826245,0
2.2492599,-2.1527319,-1.2634194,0.63991284,-0.016866699,0.76826245,0
-1.8259516,1.1537186,1.2379251,-0.47496921,-0.79460013,0.37817374,0
0.42734528,0.20060405,0.23080251,0.63991284,-0.016866699,0.76826245,0
2.5256324,-2.8438108,-2.4649172,0.60408276,-0.6068992,-0.51648605,0
0.6110934,-0.74063593,-1.1352055,-0.63991284,0.016866699,-0.76826245,0
-2.8108022,2.4783516,2.6108584,-0.60408276,0.6068992,0.51648605,0
-2.8885205,2.6846228,2.134263,-0.60408276,0.6068992,0.51648605,0
1.9138255,-0.92680722,-1.089731,0.47496921,0.79460013,-0.37817374,0
2.3267198,-2.6143768,-2.5985951,-0.63991284,0.016866699,-0.76826245,0
-3.0512159,2.5801117,2.2871633,-0.60408276,0.6068992,0.51648605,0
0.95167333,-1.2389251,-1.5759554,-0.63991284,0.016866699,-0.76826245,0
-1.8377055,2.5372093,1.5752115,0.47496921,0.79460013,-0.37817374,0
-2.7080376,2.684979,2.3378344,-0.60408276,0.6068992,0.51648605,0
2.8660026,-2.4091072,-2.4483294,0.60408276,-0.6068992,-0.51648605,0
-0.46259642,0.3731634,-0.14399216,-0.63991284,0.016866699,-0.76826245,0
1.1599108,-0.92375517,-0.2804451,0.63991284,-0.016866699,0.76826245,0
2.0852032,-2.4840488,-1.0910871,-0.47496921,-0.79460013,0.37817374,0
0.6957534,-1.5125856,-0.94433355,-0.47496921,-0.79460013,0.37817374,0
0.35258514,0.35341078,-0.15905936,0.47496921,0.79460013,-0.37817374,0
2.8893836,-2.8536873,-1.785851,0.63991284,-0.016866699,0.76826245,0
-2.8077667,2.4290671,2.5555372,-0.60408276,0.6068992,0.51648605,0
0.74970144,0.16984382,0.09532249,0.47496921,0.79460013,-0.37817374,0
1.3201715,-0.778799,-1.4412439,0.47496921,0.79460013,-0.37817374,0
1.8052588,-2.1029544,-0.9350822,0.63991284,-0.016866699,0.76826245,0
2.1018112,-2.961195,-2.349431,-0.63991284,0.016866699,-0.76826245,0
-1.8480628,1.6443913,0.84946632,-0.63991284,0.016866699,-0.76826245,0
-0.56165177,-0.48611769,-0.15469813,-0.47496921,-0.79460013,0.37817374,0
0.17906329,0.67049456,0.49406928,0.63991284,-0.016866699,0.76826245,0
0.17380853,-0.85188985,0.0072341561,-0.47496921,-0.79460013,0.37817374,0
-2.2966146,2.7686036,2.6255851,-0.60408276,0.6068992,0.51648605,0
-2.8350987,2.8682981,2.0606833,-0.60408276,0.6068992,0.51648605,0
2.5339718,-2.7011218,-2.5575261,0.60408276,-0.6068992,-0.51648605,0
-2.9862726,2.7823005,2.0515604,-0.60408276,0.6068992,0.51648605,0
-3.0103035,2.3530507,2.2918334,-0.60408276,0.6068992,0.51648605,0
1.9041827,-1.2085404,-1.5119758,0.47496921,0.79460013,-0.37817374,0
1.5999407,-2.2989125,-2.0412171,-0.63991284,0.016866699,-0.76826245,0
0.15400238,0.57558894,-0.067200363,0.47496921,0.79460013,-0.37817374,0
-1.7490351,2.5538747,2.1091497,0.63991284,-0.016866699,0.76826245,0
2.0517879,-2.8800206,-1.8888392,-0.47496921,-0.79460013,0.37817374,0
-0.58949667,0.25052124,0.92018354,-0.47496921,-0.79460013,0.37817374,0
0.16859716,-1.0046345,-0.45849204,-0.47496921,-0.79460013,0.37817374,0
0.13489628,-0.72276628,-0.81462371,-0.63991284,0.016866699,-0.76826245,0
-2.7261224,2.4675462,2.6762986,-0.60408276,0.6068992,0.51648605,0
-2.6446264,2.5325792,2.528728,-0.60408276,0.6068992,0.51648605,0
0.78699249,-1.5779386,-1.1199651,-0.47496921,-0.79460013,0.37817374,0
2.6174614,-2.4718323,-2.8769884,0.60408276,-0.6068992,-0.51648605,0
-0.63104755,-0.1367088,0.43528262,-0.47496921,-0.79460013,0.37817374,0
-2.0058088,1.2067062,1.3612595,-0.47496921,-0.79460013,0.37817374,0
2.0216455,-2.684005,-1.7524633,-0.47496921,-0.79460013,0.37817374,0
-1.3857462,2.0383921,1.8711848,0.63991284,-0.016866699,0.76826245,0
-2.9064772,2.7813501,2.218987,-0.60408276,0.6068992,0.51648605,0
2.6419947,-2.7663174,-2.3400187,0.60408276,-0.6068992,-0.51648605,0
-2.7946384,2.729337,2.3835692,-0.60408276,0.6068992,0.51648605,0
-2.7313399,2.5592315,2.6081495,-0.60408276,0.6068992,0.51648605,0
2.8910396,-2.7496488,-2.2538681,0.60408276,-0.6068992,-0.51648605,0
-2.3717473,2.9679017,2.2589488,-0.60408276,0.6068992,0.51648605,0
2.8574677,-2.6635227,-2.3953843,0.60408276,-0.6068992,-0.51648605,0
-0.1385864,0.94224697,0.28923118,0.47496921,0.79460013,-0.37817374,0
0.0010055006,-0.2510137,0.52867782,0.63991284,-0.016866699,0.76826245,0
-3.1722484,2.4456801,2.3001542,-0.60408276,0.6068992,0.51648605,0
2.4240894,-2.9610457,-2.5502548,0.60408276,-0.6068992,-0.51648605,0
-0.37381575,0.15361513,-0.39603692,-0.63991284,0.016866699,-0.76826245,0
0.50223184,-0.0025942922,-0.69216406,0.47496921,0.79460013,-0.37817374,0
-0.038073659,-0.79691499,-0.53840441,-0.63991284,0.016866699,-0.76826245,0
-0.71789145,1.5613979,1.4074872,0.63991284,-0.016866699,0.76826245,0
-1.1166366,1.9106749,1.3802888,0.47496921,0.79460013,-0.37817374,0
-1.3907107,0.66952997,1.1624228,-0.47496921,-0.79460013,0.37817374,0
-1.7979515,2.1053352,0.9116137,-0.63991284,0.016866699,-0.76826245,0
-0.24023589,-0.70716333,-0.37169147,-0.63991284,0.016866699,-0.76826245,0
0.48348796,-1.527815,-1.1445439,-0.63991284,0.016866699,-0.76826245,0
-0.53448713,-0.41827452,-0.17989354,-0.63991284,0.016866699,-0.76826245,0
2.5517738,-2.9306507,-2.3201485,0.60408276,-0.6068992,-0.51648605,0
0.33768472,-0.83644086,-0.26860297,-0.47496921,-0.79460013,0.37817374,0
-1.4326496,2.0695648,1.7993627,0.63991284,-0.016866699,0.76826245,0
2.534205,-2.1315498,-2.6525838,0.47496921,0.79460013,-0.37817374,0
2.7913432,-3.0445776,-1.9029765,0.60408276,-0.6068992,-0.51648605,0
2.1702335,-3.0957794,-2.481895,0.60408276,-0.6068992,-0.51648605,0
-2.7418551,2.4528041,2.5022588,-0.60408276,0.6068992,0.51648605,0
-2.7360804,1.8656405,1.6737754,-0.47496921,-0.79460013,0.37817374,0
-0.38055086,0.11951852,0.93583918,-0.47496921,-0.79460013,0.37817374,0
2.4356108,-2.9038453,-2.3338747,0.60408276,-0.6068992,-0.51648605,0
-1.8833441,1.5342085,0.88928342,-0.63991284,0.016866699,-0.76826245,0
0.88920152,-0.55834264,-1.1689622,0.47496921,0.79460013,-0.37817374,0
-1.381938,0.82696688,1.4893446,-0.47496921,-0.79460013,0.37817374,0
-1.0219674,0.26052874,0.33314776,-0.63991284,0.016866699,-0.76826245,0
1.5375336,-2.1078911,-1.970439,-0.63991284,0.016866699,-0.76826245,0
3.1015577,-2.4825616,-2.122251,0.60408276,-0.6068992,-0.51648605,0
2.861177,-2.7312994,-2.1470194,0.60408276,-0.6068992,-0.51648605,0
2.6173255,-2.5061271,-2.5387673,0.60408276,-0.6068992,-0.51648605,0
-3.0737879,2.4272325,2.1764627,-0.60408276,0.6068992,0.51648605,0
0.21834582,0.61618549,0.48177177,0.63991284,-0.016866699,0.76826245,0
0.82190716,-1.5193653,-0.95819044,-0.47496921,-0.79460013,0.37817374,0
-0.063275576,0.69438154,-0.19723126,0.47496921,0.79460013,-0.37817374,0
1.6867908,-2.4366128,-2.1975255,-0.63991284,0.016866699,-0.76826245,0
1.5437795,-2.1721909,-1.1705682,-0.47496921,-0.79460013,0.37817374,0
-2.308337,1.4921339,1.7648978,-0.47496921,-0.79460013,0.37817374,0
-1.8656937,2.759717,2.3714371,0.63991284,-0.016866699,0.76826245,0
1.0600054,-0.76421636,-0.34280145,0.63991284,-0.016866699,0.76826245,0
-0.16015524,-0.55558568,-0.5022406,-0.63991284,0.016866699,-0.76826245,0
-0.73837507,1.5162718,1.1702862,0.63991284,-0.016866699,0.76826245,0
2.4620357,-2.6405158,-2.6630721,0.60408276,-0.6068992,-0.51648605,0
-0.67649156,0.054410219,0.60787135,-0.47496921,-0.79460013,0.37817374,0
2.6415954,-2.5617094,-2.498054,0.60408276,-0.6068992,-0.51648605,0
-3.2252808,2.3124647,2.085053,-0.60408276,0.6068992,0.51648605,0
2.588412,-3.152534,-1.8878903,0.60408276,-0.6068992,-0.51648605,0
3.1207612,-2.6335974,-2.0932555,0.60408276,-0.6068992,-0.51648605,0
-0.29180884,0.58722115,-0.45338374,-0.63991284,0.016866699,-0.76826245,0
2.833559,-2.4958851,-2.4948907,0.60408276,-0.6068992,-0.51648605,0
2.3821843,-2.762099,-2.6055284,0.60408276,-0.6068992,-0.51648605,0
-1.3578446,2.4269624,1.8299735,0.47496921,0.79460013,-0.37817374,0
-3.2480359,2.4208629,2.2383676,-0.60408276,0.6068992,0.51648605,0
-2.3336673,1.8689638,1.34146,-0.63991284,0.016866699,-0.76826245,0
0.27403647,-1.19242,-0.74983251,-0.47496921,-0.79460013,0.37817374,0
-1.9925894,2.481611,2.4828868,0.63991284,-0.016866699,0.76826245,0
-1.9215639,1.2101941,0.95271063,-0.63991284,0.016866699,-0.76826245,0
-2.8943632,2.8290486,2.1479101,-0.60408276,0.6068992,0.51648605,0
2.7398672,-2.8284714,-2.1952157,0.60408276,-0.6068992,-0.51648605,0
-2.6913354,2.6944582,2.4887366,-0.60408276,0.6068992,0.51648605,0
0.91327631,-1.5389702,-1.435693,-0.63991284,0.016866699,-0.76826245,0
1.9712443,-1.0943725,-1.233882,0.47496921,0.79460013,-0.37817374,0
-0.47285014,-0.011896342,-0.19097753,-0.63991284,0.016866699,-0.76826245,0
0.53183162,-1.0519308,-0.46708846,-0.47496921,-0.79460013,0.37817374,0
3.0451972,-2.670785,-2.1354008,0.60408276,-0.6068992,-0.51648605,0
-2.5785897,2.7782755,2.5500712,-0.60408276,0.6068992,0.51648605,0
2.6418252,-2.3516164,-2.8413653,0.60408276,-0.6068992,-0.51648605,0
-1.4963332,2.127073,1.0959115,0.47496921,0.79460013,-0.37817374,0
-3.0679436,2.4690642,2.1069913,-0.60408276,0.6068992,0.51648605,0
2.9185965,-2.8579037,-2.0805593,0.60408276,-0.6068992,-0.51648605,0
0.24072796,-0.32450354,-0.90596277,-0.63991284,0.016866699,-0.76826245,0
2.6762788,-1.8036842,-1.9169092,0.47496921,0.79460013,-0.37817374,0
-0.048527867,0.74654204,0.43729866,0.47496921,0.79460013,-0.37817374,0
1.2163202,-0.58077067,-0.41869164,0.63991284,-0.016866699,0.76826245,0
2.9639044,-2.3101881,-2.4783397,0.47496921,0.79460013,-0.37817374,0
-3.0261052,2.439929,2.1562576,-0.60408276,0.6068992,0.51648605,0
2.4559138,-2.9006162,-2.5546732,0.60408276,-0.6068992,-0.51648605,0
1.2894181,-0.38852453,-0.74452138,0.47496921,0.79460013,-0.37817374,0
1.3001119,-1.9633086,-0.92086864,-0.47496921,-0.79460013,0.37817374,0
-1.197901,1.9772947,1.7875352,0.63991284,-0.016866699,0.76826245,0
1.6999633,-2.4595745,-1.6334052,-0.47496921,-0.79460013,0.37817374,0
-0.12622193,-0.41243106,0.35386875,-0.47496921,-0.79460013,0.37817374,0
2.8356509,-2.340996,-2.4755054,0.47496921,0.79460013,-0.37817374,0
1.3451927,-1.4396279,-0.50826097,0.63991284,-0.016866699,0.76826245,0
1.3743482,-1.3570838,-1.8638554,-0.63991284,0.016866699,-0.76826245,0
-1.9311063,2.5773101,1.683342,0.47496921,0.79460013,-0.37817374,0
-0.11248785,0.55668259,0.83499241,0.63991284,-0.016866699,0.76826245,0
0.51718903,0.048512638,-0.51190591,0.47496921,0.79460013,-0.37817374,0
-1.537578,0.75721031,1.1349102,-0.47496921,-0.79460013,0.37817374,0
-2.7099991,2.4102764,2.8490429,-0.60408276,0.6068992,0.51648605,0
0.14572105,-0.7592243,-0.26983297,-0.47496921,-0.79460013,0.37817374,0
2.6404529,-2.8128874,-2.4083185,0.60408276,-0.6068992,-0.51648605,0
-1.0911489,1.6733735,0.70517135,0.47496921,0.79460013,-0.37817374,0
-1.438764,2.0773227,1.0536058,0.47496921,0.79460013,-0.37817374,0
2.6137621,-2.0510511,-2.1357086,0.47496921,0.79460013,-0.37817374,0
2.9358242,-2.8546569,-2.0071931,0.60408276,-0.6068992,-0.51648605,0
-1.5195851,1.739141,1.9847088,0.63991284,-0.016866699,0.76826245,0
2.9353609,-2.9676995,-1.9731503,0.60408276,-0.6068992,-0.51648605,0
-2.3858829,2.8967032,2.5250864,-0.60408276,0.6068992,0.51648605,0
2.8207586,-2.3882549,-2.4220109,0.60408276,-0.6068992,-0.51648605,0
-2.6330276,2.3982272,2.7615004,-0.60408276,0.6068992,0.51648605,0
-2.1287844,1.4515516,1.0998526,-0.63991284,0.016866699,-0.76826245,0
-2.7005396,2.5320196,2.6096597,-0.60408276,0.6068992,0.51648605,0
3.0900817,-2.548573,-2.1219606,0.60408276,-0.6068992,-0.51648605,0
2.7142327,-2.3984208,-2.76967,0.60408276,-0.6068992,-0.51648605,0
0.46121141,-0.26868638,0.17046179,0.63991284,-0.016866699,0.76826245,0
-1.4651319,2.2595818,2.0454495,0.63991284,-0.016866699,0.76826245,0
-1.5427275,0.71406823,0.93404996,-0.47496921,-0.79460013,0.37817374,0
2.9202726,-2.7119653,-1.9299436,0.60408276,-0.6068992,-0.51648605,0
-2.3395081,3.058434,2.5707231,-0.60408276,0.6068992,0.51648605,0
-2.8543785,2.5578094,2.2839866,-0.60408276,0.6068992,0.51648605,0
2.3489695,-1.7456508,-2.094255,0.47496921,0.79460013,-0.37817374,0
-0.18045771,-0.72528094,-0.20164108,-0.47496921,-0.79460013,0.37817374,0
2.6378369,-2.4251344,-2.8868484,0.60408276,-0.6068992,-0.51648605,0
0.8699494,-0.28239369,-1.03628,0.47496921,0.79460013,-0.37817374,0
2.9294021,-2.6108685,-2.3662815,0.60408276,-0.6068992,-0.51648605,0
-2.9424858,2.860671,1.8335795,-0.60408276,0.6068992,0.51648605,0
-2.6828041,2.3847127,2.6194077,-0.60408276,0.6068992,0.51648605,0
2.0339911,-1.7940629,-2.4478559,-0.63991284,0.016866699,-0.76826245,0
-2.9634218,2.7131686,2.0404673,-0.60408276,0.6068992,0.51648605,0
-2.1502769,1.7804425,1.2324882,-0.63991284,0.016866699,-0.76826245,0
1.7977753,-2.4964199,-1.752285,-0.47496921,-0.79460013,0.37817374,0
3.0029721,-2.4480996,-2.1891632,0.60408276,-0.6068992,-0.51648605,0
-1.6914682,1.3839464,1.9259913,-0.47496921,-0.79460013,0.37817374,0
1.1893053,-2.1707067,-1.5513453,-0.47496921,-0.79460013,0.37817374,0
-1.0955756,1.1742432,0.35083807,-0.63991284,0.016866699,-0.76826245,0
1.3287833,-0.63568604,-0.99356258,0.47496921,0.79460013,-0.37817374,0
1.4900248,-1.3511292,-2.0312173,-0.63991284,0.016866699,-0.76826245,0
2.4667315,-2.7053254,-2.7005405,0.60408276,-0.6068992,-0.51648605,0
-3.0691264,2.5226297,2.0820737,-0.60408276,0.6068992,0.51648605,0
-2.3079782,3.1237819,2.2754598,0.47496921,0.79460013,-0.37817374,0
0.78339511,-1.0641845,-0.13589168,0.63991284,-0.016866699,0.76826245,0
-2.5794117,2.9398398,2.1146493,-0.60408276,0.6068992,0.51648605,0
2.472496,-2.1942928,-1.3375378,0.63991284,-0.016866699,0.76826245,0
-1.4253801,0.68619215,0.77714407,-0.47496921,-0.79460013,0.37817374,0
2.1477711,-2.8751097,-2.5976095,-0.63991284,0.016866699,-0.76826245,0
-1.0028149,1.5013163,0.38147259,0.47496921,0.79460013,-0.37817374,0
-2.8775065,2.1384828,2.022969,-0.47496921,-0.79460013,0.37817374,0
-2.4636803,1.994375,1.5412211,-0.63991284,0.016866699,-0.76826245,0
-2.861624,2.8225646,2.0506516,-0.60408276,0.6068992,0.51648605,0
-1.4336795,0.90367472,1.6207083,-0.47496921,-0.79460013,0.37817374,0
2.4982266,-2.3397737,-2.778852,-0.63991284,0.016866699,-0.76826245,0
-0.55168706,0.33848381,1.0577236,0.63991284,-0.016866699,0.76826245,0
-2.2454453,2.8878896,2.5793061,-0.60408276,0.6068992,0.51648605,0
-2.6438465,2.3241572,2.8462157,-0.60408276,0.6068992,0.51648605,0
2.6310825,-2.5279582,-2.5617433,0.60408276,-0.6068992,-0.51648605,0
2.6130149,-2.576649,-2.4908648,0.60408276,-0.6068992,-0.51648605,0
2.4948044,-2.0684824,-2.5893307,0.47496921,0.79460013,-0.37817374,0
2.1856761,-1.5669845,-1.2560678,0.63991284,-0.016866699,0.76826245,0
0.30317807,-0.046181679,-1.0124198,-0.63991284,0.016866699,-0.76826245,0
-0.85716963,0.72323209,-0.037822843,-0.63991284,0.016866699,-0.76826245,0
2.8168552,-2.1892321,-2.3349233,0.47496921,0.79460013,-0.37817374,0
-2.7503088,2.3671527,2.7556949,-0.60408276,0.6068992,0.51648605,0
-2.7907712,2.6653361,2.3100705,-0.60408276,0.6068992,0.51648605,0
-0.24117655,-0.63571966,-0.44188225,-0.63991284,0.016866699,-0.76826245,0
-2.5739441,2.8315527,2.2751369,-0.60408276,0.6068992,0.51648605,0
-0.99837416,0.70259494,1.5181024,0.63991284,-0.016866699,0.76826245,0
2.38007,-2.8696728,-2.3731089,0.60408276,-0.6068992,-0.51648605,0
0.1066525,0.40578517,-0.15022942,0.47496921,0.79460013,-0.37817374,0
-2.1076345,1.7052609,2.2201424,-0.47496921,-0.79460013,0.37817374,0
1.7559229,-0.79269999,-0.78111768,0.63991284,-0.016866699,0.76826245,0
-2.4169571,2.7865589,2.4402046,-0.60408276,0.6068992,0.51648605,0
-2.4564488,3.0577049,2.3937759,-0.60408276,0.6068992,0.51648605,0
0.015986383,-0.87849796,-0.55634379,-0.47496921,-0.79460013,0.37817374,0
-1.5645573,0.70849586,0.95314837,-0.47496921,-0.79460013,0.37817374,0
1.6536504,-1.2901281,-1.8088593,0.47496921,0.79460013,-0.37817374,0
0.90452909,-0.52656657,-1.0528919,0.47496921,0.79460013,-0.37817374,0
1.5433042,-1.3600423,-0.55119419,0.63991284,-0.016866699,0.76826245,0
2.4566915,-2.1433656,-2.4939382,0.47496921,0.79460013,-0.37817374,0
-3.0915537,2.6940205,1.9932017,-0.60408276,0.6068992,0.51648605,0
-0.65727568,0.41906625,0.007185936,-0.63991284,0.016866699,-0.76826245,0
-0.89730883,0.074289978,0.084561229,-0.63991284,0.016866699,-0.76826245,0
2.1675606,-2.8844972,-2.1078753,-0.47496921,-0.79460013,0.37817374,0
2.4006882,-2.9398229,-2.087656,-0.47496921,-0.79460013,0.37817374,0
3.0599568,-2.2227342,-1.8187413,0.63991284,-0.016866699,0.76826245,0
0.58725572,-0.99622947,-1.0928018,-0.63991284,0.016866699,-0.76826245,0
-2.2292454,2.7454038,2.5443401,0.63991284,-0.016866699,0.76826245,0
-2.4751306,2.7139409,1.5352359,-0.63991284,0.016866699,-0.76826245,0
1.9575161,-1.3642299,-1.0029273,0.63991284,-0.016866699,0.76826245,0
1.9034221,-2.4856451,-2.3097258,-0.63991284,0.016866699,-0.76826245,0
-2.497998,2.0895007,2.7096717,-0.47496921,-0.79460013,0.37817374,0
1.9722233,-1.8767226,-1.044277,0.63991284,-0.016866699,0.76826245,0
1.1433121,-1.5967982,-0.49921942,-0.47496921,-0.79460013,0.37817374,0
2.623419,-2.6095805,-2.6153207,0.60408276,-0.6068992,-0.51648605,0
-1.4975657,1.448014,0.52337217,-0.63991284,0.016866699,-0.76826245,0
-3.0368385,2.3791111,2.3018456,-0.60408276,0.6068992,0.51648605,0
0.044036865,0.95559007,0.74177194,0.63991284,-0.016866699,0.76826245,0
-2.7554827,2.748297,2.3934212,-0.60408276,0.6068992,0.51648605,0
2.6167533,-2.6452594,-2.4140024,0.60408276,-0.6068992,-0.51648605,0
-0.12160838,1.1128349,0.60177338,0.47496921,0.79460013,-0.37817374,0
-1.1630193,0.60814703,0.92896914,-0.47496921,-0.79460013,0.37817374,0
2.1521363,-1.6576946,-2.3115668,0.47496921,0.79460013,-0.37817374,0
2.7056217,-2.1389308,-2.2914145,0.47496921,0.79460013,-0.37817374,0
-2.4613564,1.753372,1.4993658,-0.63991284,0.016866699,-0.76826245,0
-2.9598274,2.4659986,2.2456975,-0.60408276,0.6068992,0.51648605,0
2.9817412,-2.6484506,-2.0807834,0.60408276,-0.6068992,-0.51648605,0
0.80032092,-0.87271667,-0.051470399,0.63991284,-0.016866699,0.76826245,0
-2.6054511,2.9117939,2.4276657,-0.60408276,0.6068992,0.51648605,0
2.6571381,-1.9499246,-1.5763822,0.63991284,-0.016866699,0.76826245,0
2.830898,-2.6583064,-2.1471844,0.60408276,-0.6068992,-0.51648605,0
2.4370143,-2.5295916,-2.7783213,-0.63991284,0.016866699,-0.76826245,0
0.411506,-0.74624306,-1.0450174,-0.63991284,0.016866699,-0.76826245,0
-2.4781713,1.7278988,1.4163454,-0.63991284,0.016866699,-0.76826245,0
