-0.79866022,-0.61768723,-0.56419289,-0.92917269,-0.29079074,-0.22820789,0
-0.88453555,-0.34660563,-0.23857439,-0.92917269,-0.29079074,-0.22820789,0
-0.85775685,0.016298845,-0.6496371,-0.92917269,-0.29079074,-0.22820789,0
-0.27240193,0.080838144,0.37564203,-0.30390999,0.2495299,0.919442,0
-1.0221255,-0.28657097,-0.052094877,-0.92917269,-0.29079074,-0.22820789,0
-1.0112691,-0.11924323,-0.32193726,-0.92917269,-0.29079074,-0.22820789,0
0.46651053,0.64144629,-0.091273725,-0.21042049,0.92367506,-0.32023054,0
0.71482241,-0.36473972,-0.1801427,0.30390999,-0.2495299,-0.919442,0
-0.7758081,-0.81828332,-0.32881048,0.21042049,-0.92367506,0.32023054,0
0.069355965,0.54621965,-0.16702731,-0.21042049,0.92367506,-0.32023054,0
0.49319342,0.044429813,0.60168862,-0.30390999,0.2495299,0.919442,0
0.1918301,-0.098714873,0.69109344,-0.30390999,0.2495299,0.919442,0
-0.52863026,0.41227499,0.21438685,-0.21042049,0.92367506,-0.32023054,0
1.0111905,0.22179687,-0.032502651,0.92917269,0.29079074,0.22820789,0
1.0473647,-0.28343898,0.011794806,0.21042049,-0.92367506,0.32023054,0
0.12817091,0.6300565,0.11843048,-0.21042049,0.92367506,-0.32023054,0
0.94341445,-0.36230767,-0.11806756,0.21042049,-0.92367506,0.32023054,0
0.10988118,0.4957583,0.33785349,-0.30390999,0.2495299,0.919442,0
-0.12607539,-0.47041672,0.27206784,0.21042049,-0.92367506,0.32023054,0
0.10681503,-0.18123859,-0.37097847,0.30390999,-0.2495299,-0.919442,0
-0.82678723,-0.36421585,-0.7079621,-0.92917269,-0.29079074,-0.22820789,0
-0.030530274,-0.61935413,-0.25443059,0.21042049,-0.92367506,0.32023054,0
0.60096103,-0.26048997,0.21626443,0.21042049,-0.92367506,0.32023054,0
0.96106446,0.53508985,0.075344861,0.92917269,0.29079074,0.22820789,0
-0.52966785,-0.79492342,-0.14334068,0.21042049,-0.92367506,0.32023054,0
0.5627073,-0.24749108,0.50267887,0.21042049,-0.92367506,0.32023054,0
-0.58665872,-0.48399538,-0.49918461,0.30390999,-0.2495299,-0.919442,0
-0.68451053,-0.63778222,-0.56475556,-0.92917269,-0.29079074,-0.22820789,0
0.88330775,0.68872339,0.29176748,0.92917269,0.29079074,0.22820789,0
-0.23122929,-0.088977858,-0.55634665,0.30390999,-0.2495299,-0.919442,0
0.97026271,-0.12870961,0.17267811,0.92917269,0.29079074,0.22820789,0
-0.89253759,-0.4299739,-0.26662743,-0.92917269,-0.29079074,-0.22820789,0
-0.90059727,-0.34600636,-0.15956521,-0.92917269,-0.29079074,-0.22820789,0
-0.95582151,-0.18600222,-0.37320191,-0.92917269,-0.29079074,-0.22820789,0
-0.93126249,-0.55609787,0.21740127,-0.92917269,-0.29079074,-0.22820789,0
0.26659727,-0.27408785,0.75418895,-0.30390999,0.2495299,0.919442,0
-0.028209984,0.43757147,-0.31679583,-0.21042049,0.92367506,-0.32023054,0
-0.29424301,0.43853483,-0.16555858,-0.21042049,0.92367506,-0.32023054,0
-0.80152512,-0.34790063,-0.63597709,-0.92917269,-0.29079074,-0.22820789,0
0.94587541,0.24350458,0.47987598,0.92917269,0.29079074,0.22820789,0
0.53612685,0.0050798915,0.68342173,-0.30390999,0.2495299,0.919442,0
0.64592201,0.21179749,0.594944,-0.30390999,0.2495299,0.919442,0
0.39376974,-0.20156842,0.74990112,0.21042049,-0.92367506,0.32023054,0
-0.88728583,-0.06979683,-0.37367034,-0.92917269,-0.29079074,-0.22820789,0
-0.79690039,-0.14407957,0.29909211,-0.30390999,0.2495299,0.919442,0
0.24406737,0.79476953,0.29051277,-0.21042049,0.92367506,-0.32023054,0
-0.0074957684,0.34620178,0.49568468,-0.30390999,0.2495299,0.919442,0
-0.030249495,0.35615468,0.37710762,-0.30390999,0.2495299,0.919442,0
-0.92788941,-0.4292776,0.30016899,-0.30390999,0.2495299,0.919442,0
0.70519364,0.72145253,0.49414968,0.92917269,0.29079074,0.22820789,0
-0.12720376,-0.53940701,-0.15347163,0.21042049,-0.92367506,0.32023054,0
-0.34053636,-0.029185906,-0.71729243,0.30390999,-0.2495299,-0.919442,0
0.52733785,0.29311499,-0.35541749,0.30390999,-0.2495299,-0.919442,0
-0.67370683,0.049846832,-0.71405137,-0.21042049,0.92367506,-0.32023054,0
-0.45048872,0.14980701,-0.73983002,0.30390999,-0.2495299,-0.919442,0
0.94868362,0.39424521,0.44849378,0.92917269,0.29079074,0.22820789,0
-0.87318254,-0.33698043,-0.022494078,-0.92917269,-0.29079074,-0.22820789,0
0.23014361,0.51287466,-0.35338968,-0.21042049,0.92367506,-0.32023054,0
0.1431275,0.46192122,-0.47632116,-0.21042049,0.92367506,-0.32023054,0
-0.86415893,-0.074576482,-0.67078519,-0.92917269,-0.29079074,-0.22820789,0
-0.67485797,0.26411748,-0.3654986,-0.21042049,0.92367506,-0.32023054,0
0.98886555,0.1664409,-0.14524239,0.92917269,0.29079074,0.22820789,0
0.11103407,-0.0080488324,-0.55363923,0.30390999,-0.2495299,-0.919442,0
0.64471281,0.8027606,0.34750727,0.92917269,0.29079074,0.22820789,0
0.56406349,0.55070603,0.49967167,-0.30390999,0.2495299,0.919442,0
0.22723398,0.62248862,0.3348805,-0.21042049,0.92367506,-0.32023054,0
0.71250415,0.85552847,0.4591673,0.92917269,0.29079074,0.22820789,0
1.0708921,0.05128938,-0.098183155,0.92917269,0.29079074,0.22820789,0
-0.82013249,-0.18341306,-0.39154387,-0.92917269,-0.29079074,-0.22820789,0
0.89135963,0.61675668,0.29105234,0.92917269,0.29079074,0.22820789,0
0.22228503,0.75764006,0.31736937,-0.30390999,0.2495299,0.919442,0
0.94707417,0.42914438,-0.17974663,0.92917269,0.29079074,0.22820789,0
0.32372427,0.50559568,-0.056781352,-0.21042049,0.92367506,-0.32023054,0
0.12101382,-0.43576294,-0.28641769,0.30390999,-0.2495299,-0.919442,0
0.14148897,0.69936293,0.31499201,-0.21042049,0.92367506,-0.32023054,0
0.37063384,-0.27396277,0.69876587,0.21042049,-0.92367506,0.32023054,0
0.21782386,-0.40275988,-0.35623059,0.30390999,-0.2495299,-0.919442,0
0.53296912,-0.32879412,0.22193331,0.21042049,-0.92367506,0.32023054,0
0.93600738,0.064138487,0.72995698,0.92917269,0.29079074,0.22820789,0
0.29931694,-0.33008432,0.42559886,0.21042049,-0.92367506,0.32023054,0
-0.4049688,0.015646458,-0.7903356,0.30390999,-0.2495299,-0.919442,0
1.0526528,0.15201873,0.16301352,0.92917269,0.29079074,0.22820789,0
-0.39753085,-0.58855379,0.42967525,0.21042049,-0.92367506,0.32023054,0
0.45310372,0.70510572,0.54726017,-0.30390999,0.2495299,0.919442,0
0.20176531,0.025103331,-0.37863141,0.30390999,-0.2495299,-0.919442,0
-0.85563356,-0.54483724,-0.094005644,-0.92917269,-0.29079074,-0.22820789,0
0.89367288,0.452916,-0.2258811,0.92917269,0.29079074,0.22820789,0
1.0352008,-0.26460457,-0.19340158,0.30390999,-0.2495299,-0.919442,0
0.98958904,0.69581109,-0.13584721,0.92917269,0.29079074,0.22820789,0
-0.33255839,0.61685026,0.15940535,-0.21042049,0.92367506,-0.32023054,0
0.1728363,-0.090713263,0.68965012,-0.30390999,0.2495299,0.919442,0
-0.35196972,-0.020510316,0.42690364,-0.30390999,0.2495299,0.919442,0
0.012754977,0.31100607,-0.41215402,-0.21042049,0.92367506,-0.32023054,0
0.41201842,-0.41113737,-0.24647182,0.30390999,-0.2495299,-0.919442,0
1.215288,-0.2391848,-0.16518056,0.30390999,-0.2495299,-0.919442,0
1.0365251,0.46046829,-0.36903697,0.30390999,-0.2495299,-0.919442,0
-0.21214721,-0.66071707,-0.073254958,0.21042049,-0.92367506,0.32023054,0
0.94283468,-0.24248925,0.51523983,0.21042049,-0.92367506,0.32023054,0
-0.20590492,-0.59466106,-0.37580246,0.30390999,-0.2495299,-0.919442,0
-0.71065229,0.28672338,-0.27935618,-0.21042049,0.92367506,-0.32023054,0
-0.75479102,-0.69901156,-0.43048728,-0.92917269,-0.29079074,-0.22820789,0
0.47036326,0.06272462,0.69446212,-0.30390999,0.2495299,0.919442,0
0.72367972,0.49100801,-0.35746792,-0.21042049,0.92367506,-0.32023054,0
0.084703773,0.6963464,0.29900348,-0.21042049,0.92367506,-0.32023054,0
-0.88445103,-0.56635273,0.2614488,0.21042049,-0.92367506,0.32023054,0
0.6477198,-0.27062213,0.43337625,0.21042049,-0.92367506,0.32023054,0
0.92627859,-0.071389347,0.30136597,0.92917269,0.29079074,0.22820789,0
0.97349751,0.31008381,-0.086044312,0.92917269,0.29079074,0.22820789,0
-0.30370033,-0.51958692,0.55238247,0.21042049,-0.92367506,0.32023054,0
0.41611966,-0.25159299,-0.40512267,0.30390999,-0.2495299,-0.919442,0
0.34250802,0.49258685,-0.091322988,-0.21042049,0.92367506,-0.32023054,0
0.64574808,-0.21182051,0.3584345,0.21042049,-0.92367506,0.32023054,0
0.87258422,0.22824283,0.49529546,0.92917269,0.29079074,0.22820789,0
-0.37564886,0.40050986,-0.28035399,-0.21042049,0.92367506,-0.32023054,0
-0.7992081,-0.67672724,-0.27702528,-0.92917269,-0.29079074,-0.22820789,0
0.68493962,-0.11540733,0.71514988,0.21042049,-0.92367506,0.32023054,0
1.0702472,-0.10287881,0.20444596,0.92917269,0.29079074,0.22820789,0
0.47236514,0.55226797,0.60493755,-0.30390999,0.2495299,0.919442,0
-0.14644271,0.26425943,-0.46855474,-0.21042049,0.92367506,-0.32023054,0
1.0285685,-0.20728874,-0.23105901,0.30390999,-0.2495299,-0.919442,0
-0.85101449,-0.72055018,-0.19358337,-0.92917269,-0.29079074,-0.22820789,0
-0.1050368,-0.36922911,0.46968421,0.21042049,-0.92367506,0.32023054,0
1.0959188,0.21433485,0.019683361,0.92917269,0.29079074,0.22820789,0
1.1198148,0.22139543,-0.14917845,0.92917269,0.29079074,0.22820789,0
-0.87975419,-0.75991303,0.17999238,0.21042049,-0.92367506,0.32023054,0
-0.63370472,-0.45703691,0.54670763,-0.30390999,0.2495299,0.919442,0
0.92034352,0.27335155,0.59565634,0.92917269,0.29079074,0.22820789,0
-0.2057873,0.27111596,-0.55829096,-0.21042049,0.92367506,-0.32023054,0
0.44066468,-0.051151387,0.70454615,-0.30390999,0.2495299,0.919442,0
-0.66595066,0.14579988,0.3588261,-0.30390999,0.2495299,0.919442,0
0.081371486,0.53522551,-0.099669315,-0.21042049,0.92367506,-0.32023054,0
-1.041958,0.074990809,0.016763806,-0.92917269,-0.29079074,-0.22820789,0
-1.1757536,0.070072532,0.029063344,-0.92917269,-0.29079074,-0.22820789,0
-0.34526744,0.3750549,-0.16338059,-0.21042049,0.92367506,-0.32023054,0
0.38948908,-0.64832628,-0.29941037,0.30390999,-0.2495299,-0.919442,0
0.66230214,0.6407463,0.07215488,-0.21042049,0.92367506,-0.32023054,0
-0.079045407,-0.21525611,-0.49762639,0.30390999,-0.2495299,-0.919442,0
0.62223589,-0.0089540482,-0.26151842,0.30390999,-0.2495299,-0.919442,0
0.88719428,0.25740081,0.27136713,0.92917269,0.29079074,0.22820789,0
-0.51755458,0.036649287,0.39633065,-0.30390999,0.2495299,0.919442,0
-0.529369,-0.78169942,-0.32536972,0.21042049,-0.92367506,0.32023054,0
0.69911742,-0.49704158,-0.18243593,0.30390999,-0.2495299,-0.919442,0
0.42208719,0.65197194,0.33074418,-0.21042049,0.92367506,-0.32023054,0
-0.56849778,-0.73734009,-0.21144539,0.21042049,-0.92367506,0.32023054,0
-0.40938193,0.19592351,0.43134147,-0.30390999,0.2495299,0.919442,0
-0.55047798,-0.0095936656,0.44537437,-0.30390999,0.2495299,0.919442,0
0.26392615,0.24080139,-0.6181215,0.30390999,-0.2495299,-0.919442,0
0.66045284,0.70465505,-0.24193591,-0.21042049,0.92367506,-0.32023054,0
-0.76188493,-0.13645357,0.41564101,-0.30390999,0.2495299,0.919442,0
-1.0951703,0.17638737,0.21648085,-0.30390999,0.2495299,0.919442,0
-0.61945635,0.27132368,-0.25194722,-0.21042049,0.92367506,-0.32023054,0
0.91807163,0.35467091,0.62179565,0.92917269,0.29079074,0.22820789,0
1.0518882,0.12126184,0.034949481,0.92917269,0.29079074,0.22820789,0
0.6935758,0.82180846,0.57085735,-0.30390999,0.2495299,0.919442,0
0.98926592,-0.003443867,0.34358341,0.92917269,0.29079074,0.22820789,0
-0.66160798,-0.76339352,-0.49110088,0.21042049,-0.92367506,0.32023054,0
0.65633881,-0.41856748,0.22185045,0.21042049,-0.92367506,0.32023054,0
-0.20432547,0.085909843,0.35835567,-0.30390999,0.2495299,0.919442,0
0.17700297,0.61783469,-0.12215106,-0.21042049,0.92367506,-0.32023054,0
-0.1973874,-0.48975551,0.3817091,0.21042049,-0.92367506,0.32023054,0
-0.81894475,-0.38742313,-0.19352174,-0.92917269,-0.29079074,-0.22820789,0
-0.65855896,-0.27755618,0.37361625,-0.30390999,0.2495299,0.919442,0
0.93340504,0.25616983,0.45934033,0.92917269,0.29079074,0.22820789,0
-0.63717431,-0.21557499,-0.71143234,0.30390999,-0.2495299,-0.919442,0
0.60100287,0.59430641,-0.33400226,-0.21042049,0.92367506,-0.32023054,0
-1.0402288,-0.42762834,-0.031213164,-0.92917269,-0.29079074,-0.22820789,0
-0.35762733,0.020629287,0.41333193,-0.30390999,0.2495299,0.919442,0
1.1024626,0.27902949,-0.20866787,0.92917269,0.29079074,0.22820789,0
-0.34575605,-0.022743702,0.41834924,-0.30390999,0.2495299,0.919442,0
0.94547117,0.25292069,-0.33733141,0.30390999,-0.2495299,-0.919442,0
0.43656763,0.19274734,0.53260076,-0.30390999,0.2495299,0.919442,0
-0.12763044,-0.10697004,-0.60009342,0.30390999,-0.2495299,-0.919442,0
1.013754,0.012977421,0.24892902,0.92917269,0.29079074,0.22820789,0
0.54456651,0.89411736,0.45960376,-0.30390999,0.2495299,0.919442,0
-0.7715624,-0.044733878,-0.85505289,0.30390999,-0.2495299,-0.919442,0
0.56982255,-0.11520344,0.68050551,0.21042049,-0.92367506,0.32023054,0
-0.46267718,0.39336661,0.35211897,-0.30390999,0.2495299,0.919442,0
0.54903734,0.17459914,0.59797847,-0.30390999,0.2495299,0.919442,0
-0.0093925884,0.34007326,0.44911379,-0.30390999,0.2495299,0.919442,0
0.44541469,-0.10105871,0.77090502,-0.30390999,0.2495299,0.919442,0
0.84816396,-0.18235075,0.63403422,0.21042049,-0.92367506,0.32023054,0
-0.87304556,-0.61432266,-0.35772884,-0.92917269,-0.29079074,-0.22820789,0
0.37503985,-0.39314133,-0.36028096,0.30390999,-0.2495299,-0.919442,0
-0.29039973,-0.49216565,0.60981381,0.21042049,-0.92367506,0.32023054,0
0.71896195,0.66470373,0.65832913,-0.30390999,0.2495299,0.919442,0
0.084052444,-0.50714976,-0.14572138,0.21042049,-0.92367506,0.32023054,0
-0.89265406,-0.27694505,-0.34831429,-0.92917269,-0.29079074,-0.22820789,0
0.61434281,-0.48654211,-0.31245276,0.30390999,-0.2495299,-0.919442,0
0.63310409,0.35214832,0.67580664,-0.30390999,0.2495299,0.919442,0
-0.44417077,-0.69500542,0.12684241,0.21042049,-0.92367506,0.32023054,0
-0.45108578,0.20442502,-0.53369617,-0.21042049,0.92367506,-0.32023054,0
-0.87830472,-0.54617095,-0.35237634,-0.92917269,-0.29079074,-0.22820789,0
-0.3058987,-0.5367772,0.031077266,0.21042049,-0.92367506,0.32023054,0
0.44879299,0.43945289,0.64209372,-0.30390999,0.2495299,0.919442,0
-0.90069425,-0.037589788,-0.70378602,-0.92917269,-0.29079074,-0.22820789,0
0.29118821,0.73862863,0.24565071,-0.21042049,0.92367506,-0.32023054,0
-0.8267343,-0.21033204,0.41799042,-0.30390999,0.2495299,0.919442,0
0.96811962,-0.21212983,0.28200251,0.92917269,0.29079074,0.22820789,0
0.0076802969,0.20560038,0.4267242,-0.30390999,0.2495299,0.919442,0
0.92628968,0.21839154,0.10634029,0.92917269,0.29079074,0.22820789,0
1.183686,-0.090611577,-0.22683448,0.30390999,-0.2495299,-0.919442,0
-0.62163013,0.0068647861,0.25688779,-0.30390999,0.2495299,0.919442,0
-0.53786582,-0.54948807,0.45397675,-0.30390999,0.2495299,0.919442,0
0.28701642,0.69270396,0.077077799,-0.21042049,0.92367506,-0.32023054,0
-0.35305411,0.13558283,-0.64441741,0.30390999,-0.2495299,-0.919442,0
-0.0081646442,-0.2834993,0.52329731,-0.30390999,0.2495299,0.919442,0
-1.0166764,-0.56096762,0.34772187,0.21042049,-0.92367506,0.32023054,0
-0.90853071,-0.20232825,-0.51332182,-0.92917269,-0.29079074,-0.22820789,0
-0.49159059,-0.84206975,-0.35461143,0.21042049,-0.92367506,0.32023054,0
-0.53065085,0.14147218,-0.75416559,-0.21042049,0.92367506,-0.32023054,0
1.0688719,-0.31049877,0.21089125,0.21042049,-0.92367506,0.32023054,0
0.94216502,0.20528197,-0.29420143,0.30390999,-0.2495299,-0.919442,0
-0.97412753,-0.30093378,-0.18091905,-0.92917269,-0.29079074,-0.22820789,0
-0.94717544,-0.3722223,-0.31265992,-0.92917269,-0.29079074,-0.22820789,0
-0.7096898,0.25749403,0.16666448,-0.30390999,0.2495299,0.919442,0
0.59470743,0.84600806,0.32940751,-0.21042049,0.92367506,-0.32023054,0
-0.30614066,0.41624606,-0.25447673,-0.21042049,0.92367506,-0.32023054,0
-0.14428788,0.33443782,-0.74275023,-0.21042049,0.92367506,-0.32023054,0
0.86019808,0.32225865,0.42584229,0.92917269,0.29079074,0.22820789,0
-0.77593195,0.27169663,0.041981399,-0.21042049,0.92367506,-0.32023054,0
-0.4621315,-0.25042778,-0.66920507,0.30390999,-0.2495299,-0.919442,0
0.27443647,-0.49363893,-0.2101285,0.21042049,-0.92367506,0.32023054,0
0.78058207,-0.50833774,-0.10978943,0.21042049,-0.92367506,0.32023054,0
-0.84900057,-0.65477484,-0.29650164,-0.92917269,-0.29079074,-0.22820789,0
-0.71531385,-0.60208595,0.090809464,0.21042049,-0.92367506,0.32023054,0
-0.37824276,-0.12385768,0.5464468,-0.30390999,0.2495299,0.919442,0
0.35588384,0.58731866,-0.29605463,-0.21042049,0.92367506,-0.32023054,0
0.24134827,0.078487158,-0.43859792,0.30390999,-0.2495299,-0.919442,0
0.65617961,0.50532538,-0.4239516,-0.21042049,0.92367506,-0.32023054,0
-0.59978241,0.48651442,0.14312977,-0.21042049,0.92367506,-0.32023054,0
-0.58902043,-0.49954662,0.32410741,0.21042049,-0.92367506,0.32023054,0
-0.89004052,-0.3294124,-0.23936933,-0.92917269,-0.29079074,-0.22820789,0
-0.38712841,-0.58062273,0.33986315,0.21042049,-0.92367506,0.32023054,0
1.0823731,-0.07613945,-0.030779243,0.92917269,0.29079074,0.22820789,0
-0.4118492,-0.33084461,0.5528037,-0.30390999,0.2495299,0.919442,0
0.55163974,0.10054865,0.80537093,-0.30390999,0.2495299,0.919442,0
0.2713469,0.52613944,-0.080295242,-0.21042049,0.92367506,-0.32023054,0
0.91728741,-0.35753757,0.11044997,0.21042049,-0.92367506,0.32023054,0
-0.68540132,-0.3540104,0.4726941,-0.30390999,0.2495299,0.919442,0
0.76585549,0.73465389,0.36595643,0.92917269,0.29079074,0.22820789,0
0.54376423,0.45293877,-0.48866582,0.30390999,-0.2495299,-0.919442,0
-0.37352818,-0.654652,-0.19422747,0.21042049,-0.92367506,0.32023054,0
-0.91507447,0.19099241,-0.40974486,-0.21042049,0.92367506,-0.32023054,0
-1.0606368,0.10737234,-0.24171591,-0.92917269,-0.29079074,-0.22820789,0
-0.21803309,0.48050112,0.21174923,-0.21042049,0.92367506,-0.32023054,0
0.87869847,-0.090080656,0.75030905,0.92917269,0.29079074,0.22820789,0
0.025216997,-0.35759816,0.6378485,0.21042049,-0.92367506,0.32023054,0
0.89365071,0.050679296,0.38230824,0.92917269,0.29079074,0.22820789,0
1.0573778,-0.05739814,-0.052190065,0.92917269,0.29079074,0.22820789,0
-0.30278209,-0.74560738,-0.22511777,0.21042049,-0.92367506,0.32023054,0
-1.032555,0.17269287,-0.66972786,-0.92917269,-0.29079074,-0.22820789,0
-0.80491787,-0.26908502,-0.50519764,-0.92917269,-0.29079074,-0.22820789,0
-0.88534069,0.33552492,-0.01660794,-0.21042049,0.92367506,-0.32023054,0
-0.63421941,-0.59906167,0.12307039,0.21042049,-0.92367506,0.32023054,0
-0.49280724,0.38262153,0.039013922,-0.21042049,0.92367506,-0.32023054,0
0.1612125,0.49629879,-0.38420129,-0.21042049,0.92367506,-0.32023054,0
0.16920668,-0.51232123,0.23572898,0.21042049,-0.92367506,0.32023054,0
-0.31336525,-0.25280398,-0.49091873,0.30390999,-0.2495299,-0.919442,0
-0.88968343,0.1351625,-0.29965758,-0.21042049,0.92367506,-0.32023054,0
-0.80008388,-0.66994607,-0.5877341,-0.92917269,-0.29079074,-0.22820789,0
-0.40217119,0.58418667,0.23443308,-0.21042049,0.92367506,-0.32023054,0
1.012596,0.30982476,-0.013004243,0.92917269,0.29079074,0.22820789,0
1.1179736,0.34348577,-0.22188222,0.92917269,0.29079074,0.22820789,0
0.22327241,-0.4805474,0.075271755,0.21042049,-0.92367506,0.32023054,0
-0.74968773,-0.28502169,-0.60559618,0.30390999,-0.2495299,-0.919442,0
0.95258456,-0.15335906,0.38658261,0.92917269,0.29079074,0.22820789,0
0.5226891,-0.34108475,0.49776751,0.21042049,-0.92367506,0.32023054,0
1.0410738,0.3450852,-0.26556915,0.92917269,0.29079074,0.22820789,0
0.55699915,0.68649864,0.50645328,-0.30390999,0.2495299,0.919442,0
-1.0584459,0.16778463,0.084816039,-0.92917269,-0.29079074,-0.22820789,0
-0.63131261,-0.5886879,-0.57868952,0.30390999,-0.2495299,-0.919442,0
0.069600731,-0.41861796,0.052685186,0.21042049,-0.92367506,0.32023054,0
-0.58285958,-0.62817264,-0.4632057,0.30390999,-0.2495299,-0.919442,0
-0.0089782737,0.42512989,0.5069322,-0.30390999,0.2495299,0.919442,0
0.41135001,0.62179601,0.6002667,-0.30390999,0.2495299,0.919442,0
0.49333131,0.54612452,-0.034172267,-0.21042049,0.92367506,-0.32023054,0
-1.0819348,-0.12792498,0.014769554,-0.92917269,-0.29079074,-0.22820789,0
0.83780164,0.71727735,0.05258441,0.92917269,0.29079074,0.22820789,0
1.0062248,-0.18882281,0.1194371,0.92917269,0.29079074,0.22820789,0
0.81160045,0.69977593,-0.33214995,-0.21042049,0.92367506,-0.32023054,0
-0.39161548,0.23679841,-0.41525555,-0.21042049,0.92367506,-0.32023054,0
-0.27157924,-0.12857321,0.53226715,-0.30390999,0.2495299,0.919442,0
-1.094418,-0.27089775,0.021879613,-0.92917269,-0.29079074,-0.22820789,0
1.0705197,-0.21194339,0.0026679039,0.92917269,0.29079074,0.22820789,0
1.074299,0.018150926,0.086678505,0.92917269,0.29079074,0.22820789,0
0.86743712,-0.14802074,0.32434744,0.21042049,-0.92367506,0.32023054,0
0.10430235,-0.1937374,0.64112025,-0.30390999,0.2495299,0.919442,0
-1.0144573,-0.45261908,0.14201641,-0.92917269,-0.29079074,-0.22820789,0
-0.1854156,-0.58384383,-0.28537002,0.21042049,-0.92367506,0.32023054,0
0.15258455,0.636446,0.20001233,-0.21042049,0.92367506,-0.32023054,0
-0.43961787,-0.41670546,0.41516277,-0.30390999,0.2495299,0.919442,0
-0.74885261,-0.56208026,0.15763506,0.21042049,-0.92367506,0.32023054,0
0.44623667,0.585334,0.084100336,-0.21042049,0.92367506,-0.32023054,0
-0.81748354,-0.72075075,-0.40417981,-0.92917269,-0.29079074,-0.22820789,0
0.78717828,0.16835885,0.78780049,-0.30390999,0.2495299,0.919442,0
0.53251445,0.28155825,-0.39584327,0.30390999,-0.2495299,-0.919442,0
0.072502494,-0.53781074,-0.21351996,0.21042049,-0.92367506,0.32023054,0
0.69101512,-0.27658719,-0.27527082,0.30390999,-0.2495299,-0.919442,0
-0.76736063,0.20144093,0.2182433,-0.30390999,0.2495299,0.919442,0
0.84449339,0.38319153,0.092420459,0.92917269,0.29079074,0.22820789,0
0.30660868,0.66145515,0.52359843,-0.30390999,0.2495299,0.919442,0
-0.91450727,-0.32566833,-0.19299269,-0.92917269,-0.29079074,-0.22820789,0
0.28267509,0.41748607,0.60964835,-0.30390999,0.2495299,0.919442,0
-1.0318285,-0.33459979,0.059297562,-0.92917269,-0.29079074,-0.22820789,0
-1.0111296,-0.65167511,0.31977737,-0.92917269,-0.29079074,-0.22820789,0
-0.39816362,-0.69274712,-0.056040064,0.21042049,-0.92367506,0.32023054,0
-0.017595619,-0.1741876,-0.41480702,0.30390999,-0.2495299,-0.919442,0
0.9054476,0.26836738,0.099570632,0.92917269,0.29079074,0.22820789,0
0.041762561,0.022359073,0.44722456,-0.30390999,0.2495299,0.919442,0
0.77988374,0.86769646,0.19189656,0.92917269,0.29079074,0.22820789,0
0.91510397,-0.11901727,0.75405264,0.21042049,-0.92367506,0.32023054,0
-0.75025964,0.13373177,-0.75438058,-0.21042049,0.92367506,-0.32023054,0
-0.91832662,-0.39527753,-0.35580993,-0.92917269,-0.29079074,-0.22820789,0
1.0025154,-0.097871751,0.50435925,0.92917269,0.29079074,0.22820789,0
-0.18023649,0.53012311,0.39704782,-0.30390999,0.2495299,0.919442,0
0.57403803,0.65493768,0.48102218,-0.30390999,0.2495299,0.919442,0
-0.83068293,-0.36773896,-0.32338661,-0.92917269,-0.29079074,-0.22820789,0
-0.46470645,-0.59292245,-0.46179992,0.30390999,-0.2495299,-0.919442,0
-0.36300674,0.074057072,0.2950322,-0.30390999,0.2495299,0.919442,0
-0.44116241,-0.84615797,-0.41308799,0.21042049,-0.92367506,0.32023054,0
0.48562151,-0.26492882,0.6802848,0.21042049,-0.92367506,0.32023054,0
-0.60130239,-0.40628481,0.54345202,-0.30390999,0.2495299,0.919442,0
-0.038112521,-0.40080383,0.40860224,0.21042049,-0.92367506,0.32023054,0
-0.94776922,-0.29297,0.26543361,-0.92917269,-0.29079074,-0.22820789,0
1.1773233,-0.23855245,-0.1386621,0.30390999,-0.2495299,-0.919442,0
0.4131518,-0.41718286,0.2942878,0.21042049,-0.92367506,0.32023054,0
0.95434737,-0.030231804,0.81424123,0.92917269,0.29079074,0.22820789,0
0.28381237,-0.64586157,-0.18870851,0.21042049,-0.92367506,0.32023054,0
0.46648031,0.61167312,0.0056955516,-0.21042049,0.92367506,-0.32023054,0
-0.43245396,-0.23707604,0.53796989,-0.30390999,0.2495299,0.919442,0
-0.70734978,-0.57218271,-0.52885467,-0.92917269,-0.29079074,-0.22820789,0
0.45201617,0.29706752,0.676404,-0.30390999,0.2495299,0.919442,0
0.88276613,0.1576817,0.29803449,0.92917269,0.29079074,0.22820789,0
-1.0255286,-0.017967939,-0.28758049,-0.92917269,-0.29079074,-0.22820789,0
0.37664491,-0.42365345,0.068671912,0.21042049,-0.92367506,0.32023054,0
0.82347232,0.30185333,0.36238408,0.92917269,0.29079074,0.22820789,0
0.36305687,-0.2702857,0.3343527,0.21042049,-0.92367506,0.32023054,0
-1.02694,-0.54880059,0.18153644,-0.92917269,-0.29079074,-0.22820789,0
0.73295516,0.5104785,-0.36416098,0.30390999,-0.2495299,-0.919442,0
-0.70606208,-0.70104092,-0.36395442,-0.92917269,-0.29079074,-0.22820789,0
-0.55131263,0.52189738,0.034192264,-0.21042049,0.92367506,-0.32023054,0
0.72276258,0.93817765,0.58791721,0.92917269,0.29079074,0.22820789,0
0.85808331,-0.021922916,0.74184769,-0.30390999,0.2495299,0.919442,0
-0.90537065,-0.63737828,0.073028624,-0.92917269,-0.29079074,-0.22820789,0
0.21947059,-0.65860844,-0.20782846,0.21042049,-0.92367506,0.32023054,0
0.68817186,-0.15560636,0.86361766,0.21042049,-0.92367506,0.32023054,0
0.93678075,-0.041576564,0.7079978,0.92917269,0.29079074,0.22820789,0
0.59045708,0.48886156,-0.51716977,-0.21042049,0.92367506,-0.32023054,0
-0.65177119,-0.56300926,-0.64531457,-0.92917269,-0.29079074,-0.22820789,0
1.0896528,-0.13785094,-0.20717686,0.30390999,-0.2495299,-0.919442,0
-0.87069184,-0.61364281,0.010312378,-0.92917269,-0.29079074,-0.22820789,0
0.14967525,-0.35352504,0.52920109,0.21042049,-0.92367506,0.32023054,0
-0.15425169,-0.33983964,0.54809749,0.21042049,-0.92367506,0.32023054,0
-1.119099,-0.1244086,-0.035983086,-0.92917269,-0.29079074,-0.22820789,0
-0.62823039,0.31850857,-0.17616737,-0.21042049,0.92367506,-0.32023054,0
-0.051646322,0.010718793,0.63243949,-0.30390999,0.2495299,0.919442,0
0.19026983,-0.29227853,0.3070541,0.21042049,-0.92367506,0.32023054,0
-0.74371046,0.045230668,-0.77893597,0.30390999,-0.2495299,-0.919442,0
-0.6694091,0.10293709,-0.5811587,-0.21042049,0.92367506,-0.32023054,0
-0.69631046,-0.36958647,0.43451098,-0.30390999,0.2495299,0.919442,0
0.43770641,0.50556672,0.55347288,-0.30390999,0.2495299,0.919442,0
-0.31292653,-0.38070711,0.48525858,0.21042049,-0.92367506,0.32023054,0
-0.36172104,-0.59336013,-0.19858326,0.21042049,-0.92367506,0.32023054,0
0.76446223,0.2134729,0.71597534,-0.30390999,0.2495299,0.919442,0
0.48874664,0.33811367,0.50763524,-0.30390999,0.2495299,0.919442,0
-0.54613531,0.071207784,-0.785393,0.30390999,-0.2495299,-0.919442,0
0.89728981,0.32895994,0.20158535,0.92917269,0.29079074,0.22820789,0
0.37410945,-0.44659868,-0.38160992,0.30390999,-0.2495299,-0.919442,0
-1.0628616,-0.2330758,-0.0066431761,-0.92917269,-0.29079074,-0.22820789,0
0.48685077,0.19295238,0.6839993,-0.30390999,0.2495299,0.919442,0
0.18665001,0.14864331,0.49347237,-0.30390999,0.2495299,0.919442,0
-0.90388787,-0.16124013,-0.25461876,-0.92917269,-0.29079074,-0.22820789,0
0.52499115,0.48267192,0.69387484,-0.30390999,0.2495299,0.919442,0
0.57710606,-0.33246392,-0.32040209,0.30390999,-0.2495299,-0.919442,0
0.96958244,0.72499466,-0.20217252,0.92917269,0.29079074,0.22820789,0
-0.49734738,0.10220319,0.41795823,-0.30390999,0.2495299,0.919442,0
1.0498333,0.36998713,-0.23811752,0.92917269,0.29079074,0.22820789,0
-0.3848502,-0.549348,0.2585012,0.21042049,-0.92367506,0.32023054,0
-0.35272741,0.4906829,0.29801869,-0.21042049,0.92367506,-0.32023054,0
0.10423987,0.16565855,0.47539422,-0.30390999,0.2495299,0.919442,0
0.48206776,0.5621134,0.65042019,-0.30390999,0.2495299,0.919442,0
-0.88553542,-0.51013184,-0.25800937,-0.92917269,-0.29079074,-0.22820789,0
-0.63044393,-0.59358728,-0.0065781772,0.21042049,-0.92367506,0.32023054,0
-0.77146828,-0.37700525,-0.42347521,-0.92917269,-0.29079074,-0.22820789,0
-0.93103838,-0.12213203,-0.2956863,-0.92917269,-0.29079074,-0.22820789,0
-0.15527248,-0.55503559,0.33572936,0.21042049,-0.92367506,0.32023054,0
-0.15934443,0.54697764,0.44767123,-0.30390999,0.2495299,0.919442,0
0.82809055,0.54825819,0.62816864,0.92917269,0.29079074,0.22820789,0
1.0296272,0.42111,-0.028834045,0.92917269,0.29079074,0.22820789,0
-0.34952232,0.26640037,0.39539903,-0.30390999,0.2495299,0.919442,0
-0.92069334,-0.071920112,-0.73225224,0.30390999,-0.2495299,-0.919442,0
-0.93180811,-0.2656067,-0.5835467,-0.92917269,-0.29079074,-0.22820789,0
0.31921813,-0.042377234,0.69518411,-0.30390999,0.2495299,0.919442,0
-0.69847804,-0.64576715,-0.099972308,0.21042049,-0.92367506,0.32023054,0
-0.29467255,-0.38201162,-0.47989622,0.30390999,-0.2495299,-0.919442,0
-1.0081751,0.0181216,-0.10902601,-0.92917269,-0.29079074,-0.22820789,0
-0.29944319,-0.40317601,0.44052675,0.21042049,-0.92367506,0.32023054,0
-0.43618757,0.25993049,-0.59268939,-0.21042049,0.92367506,-0.32023054,0
-0.079064354,-0.1275624,-0.55820775,0.30390999,-0.2495299,-0.919442,0
-0.53787339,0.24108882,-0.62477922,-0.21042049,0.92367506,-0.32023054,0
0.43603545,0.60446709,0.48117846,-0.30390999,0.2495299,0.919442,0
-1.2107568,0.1789661,0.041459203,-0.92917269,-0.29079074,-0.22820789,0
-0.9256922,-0.30755243,-0.55729359,-0.92917269,-0.29079074,-0.22820789,0
0.56775004,-0.6001327,-0.25095397,0.21042049,-0.92367506,0.32023054,0
-0.72782528,-0.16410178,0.27505443,-0.30390999,0.2495299,0.919442,0
0.95234179,0.56439275,-0.03543371,0.92917269,0.29079074,0.22820789,0
0.080174714,-0.06387201,0.61280626,-0.30390999,0.2495299,0.919442,0
0.63162029,0.57865065,-0.18395585,-0.21042049,0.92367506,-0.32023054,0
0.94797313,0.21281332,-0.2437318,0.30390999,-0.2495299,-0.919442,0
-0.14179359,0.15837523,0.50141269,-0.30390999,0.2495299,0.919442,0
-0.41802651,0.37043768,0.37977237,-0.30390999,0.2495299,0.919442,0
0.24848813,-0.31938711,0.50325036,0.21042049,-0.92367506,0.32023054,0
-0.016970783,0.0370242,-0.45595324,0.30390999,-0.2495299,-0.919442,0
-0.79254323,-0.18738145,0.31353015,-0.30390999,0.2495299,0.919442,0
0.92061591,0.083356768,0.18767148,0.92917269,0.29079074,0.22820789,0
0.89797276,0.19480033,0.77333248,0.92917269,0.29079074,0.22820789,0
0.88581645,0.081811398,0.45499915,0.92917269,0.29079074,0.22820789,0
0.98309195,-0.13329971,0.26173604,0.21042049,-0.92367506,0.32023054,0
1.0474589,0.27292138,-0.047212183,0.92917269,0.29079074,0.22820789,0
1.0619395,0.29536653,-0.11796713,0.92917269,0.29079074,0.22820789,0
-0.83816028,0.17949966,-0.67498839,-0.21042049,0.92367506,-0.32023054,0
-1.0498511,0.053764582,-0.10622573,-0.92917269,-0.29079074,-0.22820789,0
0.98254406,0.19387293,-0.19130892,0.92917269,0.29079074,0.22820789,0
0.15592785,0.57799822,0.4003287,-0.30390999,0.2495299,0.919442,0
-0.52062559,0.10356063,0.30018258,-0.30390999,0.2495299,0.919442,0
1.1079108,-0.22855866,0.022158265,0.92917269,0.29079074,0.22820789,0
-0.53045654,-0.61713082,0.069837183,0.21042049,-0.92367506,0.32023054,0
0.84340656,0.10436974,0.63219941,0.92917269,0.29079074,0.22820789,0
-0.72036779,-0.60116029,0.50167203,-0.30390999,0.2495299,0.919442,0
-1.0376018,0.24823225,0.11070079,-0.21042049,0.92367506,-0.32023054,0
-0.29554668,0.34660956,0.44088906,-0.30390999,0.2495299,0.919442,0
0.81606805,0.54900479,0.49094111,0.92917269,0.29079074,0.22820789,0
0.68590581,0.71829396,0.028581798,-0.21042049,0.92367506,-0.32023054,0
0.93567681,0.0046817362,0.37595296,0.92917269,0.29079074,0.22820789,0
-0.65979546,0.43910521,0.31527507,-0.30390999,0.2495299,0.919442,0
-0.49912813,0.47098586,0.20113268,-0.21042049,0.92367506,-0.32023054,0
0.75320774,0.047589093,0.7967943,-0.30390999,0.2495299,0.919442,0
0.88009274,0.12894046,0.56102365,0.92917269,0.29079074,0.22820789,0
-0.16053869,0.32665512,0.44277465,-0.30390999,0.2495299,0.919442,0
-0.89303958,-0.5036422,-0.017356873,-0.92917269,-0.29079074,-0.22820789,0
0.074032009,-0.14533883,-0.38573915,0.30390999,-0.2495299,-0.919442,0
0.010874152,-0.47191101,0.2822012,0.21042049,-0.92367506,0.32023054,0
-0.54891527,0.33508718,-0.11980128,-0.21042049,0.92367506,-0.32023054,0
0.63814068,0.63780731,0.020935625,-0.21042049,0.92367506,-0.32023054,0
0.15919057,0.64024663,0.18072182,-0.21042049,0.92367506,-0.32023054,0
0.68106401,0.34182104,0.68310982,-0.30390999,0.2495299,0.919442,0
-0.11309049,0.55180413,0.21685383,-0.21042049,0.92367506,-0.32023054,0
-0.43319923,0.49623573,0.073869646,-0.21042049,0.92367506,-0.32023054,0
0.32409281,0.71818447,0.38516986,-0.30390999,0.2495299,0.919442,0
0.94032645,-0.022169381,0.35438985,0.92917269,0.29079074,0.22820789,0
0.1122438,0.3099812,0.44481486,-0.30390999,0.2495299,0.919442,0
-0.71967494,0.17027453,-0.65512663,-0.21042049,0.92367506,-0.32023054,0
-0.93888444,-0.012023121,-0.55860639,-0.92917269,-0.29079074,-0.22820789,0
-0.20081151,0.42734569,-0.37674639,-0.21042049,0.92367506,-0.32023054,0
-0.92446637,-0.64286232,-0.025371969,-0.92917269,-0.29079074,-0.22820789,0
-1.1023099,-0.30860764,0.21615833,-0.92917269,-0.29079074,-0.22820789,0
-0.86467564,-0.090243816,-0.46446174,-0.92917269,-0.29079074,-0.22820789,0
0.24551287,0.10532567,-0.4656308,0.30390999,-0.2495299,-0.919442,0
-0.64500916,0.18422931,0.26401511,-0.30390999,0.2495299,0.919442,0
-0.083800316,0.20404649,-0.71565652,0.30390999,-0.2495299,-0.919442,0
-0.94828457,-0.23247522,0.28000808,-0.30390999,0.2495299,0.919442,0
0.97754574,0.50599825,0.096775115,0.92917269,0.29079074,0.22820789,0
0.38036644,0.17548716,-0.40475088,0.30390999,-0.2495299,-0.919442,0
0.95115972,-0.26054126,0.098680615,0.21042049,-0.92367506,0.32023054,0
-0.48027855,0.40844354,0.085720152,-0.21042049,0.92367506,-0.32023054,0
0.56436211,0.70358324,-0.11915109,-0.21042049,0.92367506,-0.32023054,0
1.2095797,-0.18057704,-0.18697691,0.30390999,-0.2495299,-0.919442,0
0.53383231,0.25256395,-0.53165472,0.30390999,-0.2495299,-0.919442,0
0.7789216,0.30505446,0.3990258,0.92917269,0.29079074,0.22820789,0
0.60004771,0.40762353,-0.53104985,0.30390999,-0.2495299,-0.919442,0
-1.0952808,0.39564103,0.1428324,-0.30390999,0.2495299,0.919442,0
0.64521104,0.21328193,0.6997664,-0.30390999,0.2495299,0.919442,0
0.76636845,0.11253214,-0.39504883,0.30390999,-0.2495299,-0.919442,0
-0.19879763,-0.70624089,-0.52398777,0.30390999,-0.2495299,-0.919442,0
-0.69586158,-0.17109311,0.43706483,-0.30390999,0.2495299,0.919442,0
-0.61598575,0.49509156,0.15564454,-0.21042049,0.92367506,-0.32023054,0
0.28917,-0.6127609,-0.32220829,0.21042049,-0.92367506,0.32023054,0
0.30274174,-0.52185011,0.039498538,0.21042049,-0.92367506,0.32023054,0
-1.0051624,-0.084005773,0.11673373,-0.92917269,-0.29079074,-0.22820789,0
-0.75608206,-0.44421309,0.51689768,-0.30390999,0.2495299,0.919442,0
0.83724511,0.49307749,0.47416097,0.92917269,0.29079074,0.22820789,0
0.24448991,0.57557845,0.084050059,-0.21042049,0.92367506,-0.32023054,0
-0.41493219,-0.52747226,0.081203893,0.21042049,-0.92367506,0.32023054,0
-0.79376239,0.3019135,-0.11138982,-0.21042049,0.92367506,-0.32023054,0
1.0040529,0.36878377,-0.28921688,0.30390999,-0.2495299,-0.919442,0
-0.078228377,0.39313471,0.3868531,-0.30390999,0.2495299,0.919442,0
0.1633538,0.39136863,-0.51460671,-0.21042049,0.92367506,-0.32023054,0
-0.39786491,-0.089705691,-0.63787347,0.30390999,-0.2495299,-0.919442,0
0.67546928,-0.46725625,-0.032514393,0.21042049,-0.92367506,0.32023054,0
0.21444824,0.076034099,-0.57126415,0.30390999,-0.2495299,-0.919442,0
-1.0238389,0.16170293,-0.42822725,-0.21042049,0.92367506,-0.32023054,0
-0.097478062,0.11927876,0.55179048,-0.30390999,0.2495299,0.919442,0
0.0022156835,0.44833151,-0.42685768,-0.21042049,0.92367506,-0.32023054,0
-0.88898575,-0.044986129,-0.44063103,-0.92917269,-0.29079074,-0.22820789,0
0.24710542,0.47089583,-0.54158187,-0.21042049,0.92367506,-0.32023054,0
1.1194218,-0.0016340017,0.0584203,0.92917269,0.29079074,0.22820789,0
-0.3659898,-0.6797421,-0.39309049,0.30390999,-0.2495299,-0.919442,0
-0.40759271,-0.39525816,-0.63285261,0.30390999,-0.2495299,-0.919442,0
0.19033942,0.70374221,0.24226767,-0.21042049,0.92367506,-0.32023054,0
0.96465933,0.2745741,0.52058268,0.92917269,0.29079074,0.22820789,0
-0.45568305,-0.66044629,-0.3456189,0.21042049,-0.92367506,0.32023054,0
0.85215557,0.49740845,0.44142067,0.92917269,0.29079074,0.22820789,0
1.1047653,-0.20747131,0.032398939,0.92917269,0.29079074,0.22820789,0
0.92605674,0.58399999,-0.11340201,0.92917269,0.29079074,0.22820789,0
0.96452272,0.50008976,-0.45862362,0.30390999,-0.2495299,-0.919442,0
-0.2548413,0.49668196,0.23565002,-0.21042049,0.92367506,-0.32023054,0
-0.67517054,0.089585841,0.28938612,-0.30390999,0.2495299,0.919442,0
-1.0242748,-0.37742794,0.067159653,-0.92917269,-0.29079074,-0.22820789,0
1.122769,-0.089411139,0.062375665,0.92917269,0.29079074,0.22820789,0
0.54817295,-0.44178846,-0.21609661,0.21042049,-0.92367506,0.32023054,0
0.95581669,0.036119431,0.34016603,0.92917269,0.29079074,0.22820789,0
1.0158947,-0.27672607,0.2111128,0.21042049,-0.92367506,0.32023054,0
0.76539135,0.44014177,0.34273332,0.92917269,0.29079074,0.22820789,0
-0.18019778,-0.67063648,-0.45573092,0.30390999,-0.2495299,-0.919442,0
-0.65654099,-0.43414521,0.51120758,-0.30390999,0.2495299,0.919442,0
0.14843744,-0.32554322,0.38452193,0.21042049,-0.92367506,0.32023054,0
0.032174587,-0.62220609,0.014929906,0.21042049,-0.92367506,0.32023054,0
-0.60754585,-0.70713514,0.07225576,0.21042049,-0.92367506,0.32023054,0
1.003963,0.25230366,0.22122449,0.92917269,0.29079074,0.22820789,0
0.57151163,0.77147496,-0.0023913085,-0.21042049,0.92367506,-0.32023054,0
-0.081777632,0.44052836,-0.52120066,-0.21042049,0.92367506,-0.32023054,0
-1.1700352,0.2381081,0.1933738,-0.92917269,-0.29079074,-0.22820789,0
-0.37181497,-0.67420638,0.10431293,0.21042049,-0.92367506,0.32023054,0
-0.65685451,-0.7515806,-0.40259364,0.21042049,-0.92367506,0.32023054,0
-0.62628073,-0.68874204,-0.01925832,0.21042049,-0.92367506,0.32023054,0
1.0443075,0.53207517,-0.21218109,0.92917269,0.29079074,0.22820789,0
0.44707796,0.50218487,0.48220143,-0.30390999,0.2495299,0.919442,0
-0.84338832,-0.78669125,-0.35133964,-0.92917269,-0.29079074,-0.22820789,0
-0.5768289,-0.55909532,0.1482816,0.21042049,-0.92367506,0.32023054,0
-0.76995683,-0.59273726,-0.18331766,-0.92917269,-0.29079074,-0.22820789,0
0.082238525,0.6474607,0.24413738,-0.21042049,0.92367506,-0.32023054,0
-0.54048359,-0.65316665,0.21863608,0.21042049,-0.92367506,0.32023054,0
0.31032473,-0.63288665,-0.3441031,0.30390999,-0.2495299,-0.919442,0
0.94142276,0.67772388,0.061418116,0.92917269,0.29079074,0.22820789,0
-0.68886238,-0.68164003,-0.4495666,-0.92917269,-0.29079074,-0.22820789,0
0.92140114,-0.16634014,0.53325641,0.92917269,0.29079074,0.22820789,0
-1.2387385,0.24850279,-0.081858993,-0.92917269,-0.29079074,-0.22820789,0
-1.0431061,-0.46816051,0.3117978,-0.30390999,0.2495299,0.919442,0
-0.91090262,0.19029111,0.12894529,-0.30390999,0.2495299,0.919442,0
0.6467911,0.76852596,-0.0018236935,-0.21042049,0.92367506,-0.32023054,0
0.039217889,-0.44083729,0.37252152,0.21042049,-0.92367506,0.32023054,0
-0.88916355,-0.25239298,-0.72127205,-0.92917269,-0.29079074,-0.22820789,0
-0.17742556,0.029153556,-0.61523765,0.30390999,-0.2495299,-0.919442,0
0.12051928,0.33110458,-0.53981531,0.30390999,-0.2495299,-0.919442,0
-0.55310017,-0.015667975,0.33998933,-0.30390999,0.2495299,0.919442,0
-0.27617842,0.23417793,-0.66949844,-0.21042049,0.92367506,-0.32023054,0
-0.65506238,-0.033906791,-0.80361974,0.30390999,-0.2495299,-0.919442,0
1.0314298,0.35989997,0.071244955,0.92917269,0.29079074,0.22820789,0
0.39940399,0.48282516,0.52778423,-0.30390999,0.2495299,0.919442,0
-1.0205522,0.27744848,-0.001306057,-0.21042049,0.92367506,-0.32023054,0
-0.010840178,-0.14556965,0.61650395,-0.30390999,0.2495299,0.919442,0
-0.86980569,-0.43182999,0.14215297,-0.92917269,-0.29079074,-0.22820789,0
0.50931633,0.048135281,-0.37261403,0.30390999,-0.2495299,-0.919442,0
-0.043937147,0.070243806,0.56413054,-0.30390999,0.2495299,0.919442,0
0.72880983,0.57017076,0.3952902,0.92917269,0.29079074,0.22820789,0
-0.85649496,-0.83233678,-0.21964681,-0.92917269,-0.29079074,-0.22820789,0
-0.78503615,0.36940473,0.20564455,-0.30390999,0.2495299,0.919442,0
-1.108592,0.07587105,-0.31388932,-0.92917269,-0.29079074,-0.22820789,0
0.89003706,0.17469472,0.31683505,0.92917269,0.29079074,0.22820789,0
-0.93645477,-0.099545136,-0.64879602,-0.92917269,-0.29079074,-0.22820789,0
-0.18689641,-0.4694331,0.035882644,0.21042049,-0.92367506,0.32023054,0
0.89053035,0.18256205,0.20759839,0.92917269,0.29079074,0.22820789,0
-0.7122876,-0.57533997,0.15550864,0.21042049,-0.92367506,0.32023054,0
1.1563368,-0.0019709468,0.047608614,0.92917269,0.29079074,0.22820789,0
-0.99729002,-0.19268012,0.078080893,-0.92917269,-0.29079074,-0.22820789,0
-0.70912504,0.22410195,-0.37220377,-0.21042049,0.92367506,-0.32023054,0
-0.64599383,-0.68811619,-0.031041771,0.21042049,-0.92367506,0.32023054,0
-0.92419082,0.13214348,-0.73983663,-0.21042049,0.92367506,-0.32023054,0
0.85197985,0.59191251,-0.01648587,0.92917269,0.29079074,0.22820789,0
0.52927238,0.46104723,-0.43623421,0.30390999,-0.2495299,-0.919442,0
-0.77008939,-0.721331,0.20626265,0.21042049,-0.92367506,0.32023054,0
-0.99719477,-0.36341846,0.28814006,-0.92917269,-0.29079074,-0.22820789,0
0.58803457,-0.40772063,0.17245817,0.21042049,-0.92367506,0.32023054,0
