0.10421634,0.74624509,-0.065796971,-0.56679058,0.80369127,0.18118724,0
2.7404385,2.1954441,-0.8516109,-0.20778275,0.073366985,-0.97541988,0
-2.8186679,-1.391853,0.62224746,-0.56679058,0.80369127,0.18118724,0
1.4804378,0.44380134,-0.29843307,0.56679058,-0.80369127,-0.18118724,0
1.677474,0.6241464,-0.50675178,0.56679058,-0.80369127,-0.18118724,0
2.9452169,2.5778072,-0.77283192,0.79722965,0.59050632,-0.12540948,0
2.8656797,2.6901584,-0.34514689,0.79722965,0.59050632,-0.12540948,0
3.2531362,2.3196452,-0.21799231,0.79722965,0.59050632,-0.12540948,0
2.9212141,2.7231479,-0.15541744,-0.56679058,0.80369127,0.18118724,0
3.3604169,1.960179,-1.0219848,0.79722965,0.59050632,-0.12540948,0
-2.2212241,-1.1681972,0.82965803,-0.56679058,0.80369127,0.18118724,0
-0.067481935,-0.46358961,-0.6291014,-0.20778275,0.073366985,-0.97541988,0
-2.4992518,-1.9464983,0.88938165,0.20778275,-0.073366985,0.97541988,0
1.2207776,1.0054823,0.22627699,0.20778275,-0.073366985,0.97541988,0
3.4067605,2.0114479,-0.60124779,0.79722965,0.59050632,-0.12540948,0
-3.1320395,-2.3186653,0.61776066,-0.79722965,-0.59050632,0.12540948,0
-3.5095034,-2.0211639,0.14610338,-0.79722965,-0.59050632,0.12540948,0
2.8172798,2.7712359,-0.87565827,0.79722965,0.59050632,-0.12540948,0
3.4106641,2.0773685,-0.63149309,0.79722965,0.59050632,-0.12540948,0
3.3172209,2.0900412,-0.99722528,0.79722965,0.59050632,-0.12540948,0
-3.4346607,-2.0025468,0.16144371,-0.79722965,-0.59050632,0.12540948,0
1.7022705,1.3801014,0.27438188,0.20778275,-0.073366985,0.97541988,0
1.3043596,0.67465842,0.22057045,0.20778275,-0.073366985,0.97541988,0
2.9984057,2.5161383,-0.61748004,0.79722965,0.59050632,-0.12540948,0
-2.7167683,-1.5495603,0.8110714,-0.56679058,0.80369127,0.18118724,0
-2.2114456,-1.6618419,0.84893584,0.20778275,-0.073366985,0.97541988,0
-0.75611085,0.12265316,-0.26096553,-0.56679058,0.80369127,0.18118724,0
1.6244334,0.42807841,-0.054934144,0.56679058,-0.80369127,-0.18118724,0
-2.3312268,-1.9741544,0.87241173,0.20778275,-0.073366985,0.97541988,0
3.033432,2.6406026,-0.77886581,0.79722965,0.59050632,-0.12540948,0
3.2697864,2.3460801,-0.65525103,0.79722965,0.59050632,-0.12540948,0
2.0114915,2.1630094,-0.34548116,-0.56679058,0.80369127,0.18118724,0
0.37592155,-0.21803606,-0.10086161,0.56679058,-0.80369127,-0.18118724,0
2.995203,2.6744285,-0.53667951,0.79722965,0.59050632,-0.12540948,0
-0.74554688,-0.021547824,-0.30820763,-0.20778275,0.073366985,-0.97541988,0
-2.8261642,-1.7794209,0.9574728,0.20778275,-0.073366985,0.97541988,0
3.0672998,2.6565151,0.016492844,0.79722965,0.59050632,-0.12540948,0
-3.0596528,-2.2468705,0.042374611,-0.20778275,0.073366985,-0.97541988,0
1.2619946,0.60439146,-0.77040231,-0.20778275,0.073366985,-0.97541988,0
3.0252264,2.4025531,-0.94788504,0.79722965,0.59050632,-0.12540948,0
2.980382,2.8724289,-0.19583607,0.79722965,0.59050632,-0.12540948,0
-2.9291425,-2.6625869,0.50643754,-0.79722965,-0.59050632,0.12540948,0
-2.0666728,-1.7518182,0.91709757,0.20778275,-0.073366985,0.97541988,0
-0.32939711,-0.25078785,-0.50537902,-0.20778275,0.073366985,-0.97541988,0
1.5182598,0.65538788,0.31895638,0.20778275,-0.073366985,0.97541988,0
-1.8741105,-1.5967046,-0.20245934,-0.20778275,0.073366985,-0.97541988,0
-3.1536646,-2.34656,0.99358821,-0.79722965,-0.59050632,0.12540948,0
-3.3555388,-2.1512854,0.65966272,-0.79722965,-0.59050632,0.12540948,0
0.75582778,1.1350076,-0.19231141,-0.56679058,0.80369127,0.18118724,0
2.3272676,2.4718742,-0.53528166,-0.56679058,0.80369127,0.18118724,0
-1.4365503,-1.2969582,-0.29454267,-0.20778275,0.073366985,-0.97541988,0
1.4392728,1.6974405,-0.51515281,-0.56679058,0.80369127,0.18118724,0
1.5041168,0.75776052,0.27617919,0.20778275,-0.073366985,0.97541988,0
2.9990108,2.6963816,-0.88990974,0.79722965,0.59050632,-0.12540948,0
1.1935251,1.2167823,-0.76718807,-0.20778275,0.073366985,-0.97541988,0
1.5294322,1.6975837,0.17443466,-0.56679058,0.80369127,0.18118724,0
3.3917902,2.1175532,-0.36217499,0.79722965,0.59050632,-0.12540948,0
2.3116133,0.9754076,0.025894165,0.56679058,-0.80369127,-0.18118724,0
-1.2245237,-1.4785604,0.63365936,0.20778275,-0.073366985,0.97541988,0
3.0949357,2.5579453,-0.45173454,0.79722965,0.59050632,-0.12540948,0
2.9736402,2.6782346,-0.39728546,0.79722965,0.59050632,-0.12540948,0
2.9939799,2.5245304,-0.51853538,0.79722965,0.59050632,-0.12540948,0
-2.9483199,-2.6331306,0.54863429,-0.79722965,-0.59050632,0.12540948,0
1.3690794,1.5237851,0.41391909,0.20778275,-0.073366985,0.97541988,0
-3.3628287,-2.1713924,0.70845437,-0.79722965,-0.59050632,0.12540948,0
1.2012774,0.67771322,0.30056071,0.20778275,-0.073366985,0.97541988,0
2.565634,2.4369884,-0.10424018,-0.56679058,0.80369127,0.18118724,0
-3.1978884,-2.1708105,0.90680742,-0.79722965,-0.59050632,0.12540948,0
1.9578679,0.90533364,-0.44612741,0.56679058,-0.80369127,-0.18118724,0
0.51652378,1.2166142,-0.52007318,-0.56679058,0.80369127,0.18118724,0
3.1352534,2.54144,-0.61882663,0.79722965,0.59050632,-0.12540948,0
-2.8446417,-2.7985749,0.63049698,-0.79722965,-0.59050632,0.12540948,0
3.1803212,2.4241104,-0.0864501,0.79722965,0.59050632,-0.12540948,0
3.2507055,1.795609,-0.20597553,0.56679058,-0.80369127,-0.18118724,0
3.1153221,2.4406798,-0.68202162,0.79722965,0.59050632,-0.12540948,0
-1.8971736,-1.7134008,0.80695128,0.20778275,-0.073366985,0.97541988,0
-0.086270511,0.61645031,-0.15753949,-0.56679058,0.80369127,0.18118724,0
0.34865326,0.67142653,-0.5456624,-0.20778275,0.073366985,-0.97541988,0
-3.0143445,-1.6587709,0.76274586,-0.56679058,0.80369127,0.18118724,0
0.7449317,0.32566786,0.45432264,0.20778275,-0.073366985,0.97541988,0
-2.1587303,-0.87434995,0.32718015,-0.56679058,0.80369127,0.18118724,0
2.2604296,1.2167749,0.075350285,0.20778275,-0.073366985,0.97541988,0
-2.2951226,-1.7491763,0.79532719,0.20778275,-0.073366985,0.97541988,0
-3.546092,-1.9811271,0.11406565,-0.79722965,-0.59050632,0.12540948,0
2.286561,1.028118,-0.19716406,0.56679058,-0.80369127,-0.18118724,0
-2.7432573,-1.6214442,0.83196425,-0.56679058,0.80369127,0.18118724,0
-2.9578948,-2.5226011,0.78106761,-0.79722965,-0.59050632,0.12540948,0
-1.4999379,-1.8750851,0.40134215,0.56679058,-0.80369127,-0.18118724,0
-2.9807041,-2.5746903,0.13368845,-0.79722965,-0.59050632,0.12540948,0
3.3909702,2.2024455,-0.36517096,0.79722965,0.59050632,-0.12540948,0
3.0234611,2.6945558,-0.65032601,0.79722965,0.59050632,-0.12540948,0
3.245038,2.0918686,-0.70759416,0.79722965,0.59050632,-0.12540948,0
-1.2444968,-1.4863241,-0.043830156,0.56679058,-0.80369127,-0.18118724,0
-1.7127624,-1.9357872,0.65208817,0.20778275,-0.073366985,0.97541988,0
-2.7745156,-2.0971494,0.0031843185,-0.20778275,0.073366985,-0.97541988,0
-1.0748259,-0.99692333,-0.40979576,-0.20778275,0.073366985,-0.97541988,0
-2.5793266,-1.4284444,0.8961308,0.20778275,-0.073366985,0.97541988,0
-3.4446428,-2.1418667,0.23972464,-0.79722965,-0.59050632,0.12540948,0
-0.61030787,-1.2090979,0.28180152,0.56679058,-0.80369127,-0.18118724,0
3.309561,1.932691,-1.0148246,0.79722965,0.59050632,-0.12540948,0
-1.8706777,-0.76222068,-0.15158796,-0.20778275,0.073366985,-0.97541988,0
-3.2788339,-2.2204638,0.82878375,-0.79722965,-0.59050632,0.12540948,0
-1.6197608,-0.87834346,0.70972395,0.20778275,-0.073366985,0.97541988,0
2.648366,2.4864635,-0.38825893,-0.56679058,0.80369127,0.18118724,0
-2.8796806,-2.3067973,0.97224307,0.20778275,-0.073366985,0.97541988,0
3.3695252,1.9106469,-0.10043621,0.20778275,-0.073366985,0.97541988,0
2.9110091,2.6203151,-0.27902818,0.79722965,0.59050632,-0.12540948,0
2.8009634,2.2255435,-1.0333631,-0.20778275,0.073366985,-0.97541988,0
3.2207317,2.3285446,-0.66365814,0.79722965,0.59050632,-0.12540948,0
-2.241853,-1.4751021,-0.20023942,-0.20778275,0.073366985,-0.97541988,0
3.4270897,2.1614077,-0.4452529,0.79722965,0.59050632,-0.12540948,0
3.3269482,2.2071457,-0.55108881,0.79722965,0.59050632,-0.12540948,0
-1.9274207,-2.0323091,0.232198,0.56679058,-0.80369127,-0.18118724,0
-1.8975976,-1.5936551,-0.29221797,-0.20778275,0.073366985,-0.97541988,0
-3.334269,-2.0995615,0.48471689,-0.79722965,-0.59050632,0.12540948,0
-2.9607983,-2.7554522,0.85140157,-0.79722965,-0.59050632,0.12540948,0
0.11121862,0.73011881,0.18105584,-0.56679058,0.80369127,0.18118724,0
3.2183719,2.101738,-1.1326983,-0.20778275,0.073366985,-0.97541988,0
1.0428652,1.0723226,0.32334411,0.20778275,-0.073366985,0.97541988,0
-2.8969345,-2.7513509,0.7763412,-0.79722965,-0.59050632,0.12540948,0
0.05380255,-0.024518982,0.46939993,0.20778275,-0.073366985,0.97541988,0
2.7800784,1.5287079,-0.53263545,0.56679058,-0.80369127,-0.18118724,0
-3.4359097,-2.096559,0.45691633,-0.79722965,-0.59050632,0.12540948,0
-1.9743774,-2.0847957,0.63992929,0.56679058,-0.80369127,-0.18118724,0
1.5838099,1.9409755,-0.56078768,-0.56679058,0.80369127,0.18118724,0
3.0063612,2.6981418,-0.30325747,0.79722965,0.59050632,-0.12540948,0
-2.0833075,-0.75297284,0.117661,-0.56679058,0.80369127,0.18118724,0
0.93196583,0.052378207,-0.27244532,0.56679058,-0.80369127,-0.18118724,0
-1.8179631,-1.5141406,0.77451801,0.20778275,-0.073366985,0.97541988,0
2.8380806,1.3986152,-0.59283495,0.56679058,-0.80369127,-0.18118724,0
3.2450712,2.1159501,-0.81404281,0.79722965,0.59050632,-0.12540948,0
-3.3715034,-1.990157,0.41448641,-0.79722965,-0.59050632,0.12540948,0
0.70066041,0.39664376,0.46970856,0.20778275,-0.073366985,0.97541988,0
-2.9961381,-2.4488432,0.96312952,-0.79722965,-0.59050632,0.12540948,0
-1.1194984,-0.01975739,-0.11673415,-0.56679058,0.80369127,0.18118724,0
-1.9626024,-1.5418398,0.87898636,0.20778275,-0.073366985,0.97541988,0
2.1230242,1.0418572,-0.27137709,0.56679058,-0.80369127,-0.18118724,0
-3.2749925,-2.3748856,0.51255083,-0.79722965,-0.59050632,0.12540948,0
-2.143472,-2.1853039,0.023735285,0.56679058,-0.80369127,-0.18118724,0
3.1517568,2.3754025,-0.74198866,0.79722965,0.59050632,-0.12540948,0
-2.5847502,-1.3666322,0.64828086,-0.56679058,0.80369127,0.18118724,0
1.6933351,1.4289591,0.19629931,0.20778275,-0.073366985,0.97541988,0
-2.5317888,-1.3759565,0.60122466,-0.56679058,0.80369127,0.18118724,0
-0.0023832917,0.51933402,-0.49431297,-0.20778275,0.073366985,-0.97541988,0
3.1036606,2.4907489,-0.94118547,0.79722965,0.59050632,-0.12540948,0
-3.1592712,-1.8378521,0.018019676,-0.20778275,0.073366985,-0.97541988,0
-1.4558859,-1.0228513,0.72184563,0.20778275,-0.073366985,0.97541988,0
1.9009809,1.0830578,0.20159125,0.20778275,-0.073366985,0.97541988,0
2.1532435,2.1978092,0.028101444,-0.56679058,0.80369127,0.18118724,0
-3.2252045,-2.0508528,1.0680635,-0.79722965,-0.59050632,0.12540948,0
1.5210147,0.78145301,0.34155095,0.20778275,-0.073366985,0.97541988,0
2.9594164,2.4308741,-1.0180097,-0.20778275,0.073366985,-0.97541988,0
1.6149821,1.0597396,0.16054869,0.20778275,-0.073366985,0.97541988,0
0.59950989,-0.018104136,0.33441162,0.20778275,-0.073366985,0.97541988,0
-0.64553213,-1.1224649,0.2226724,0.56679058,-0.80369127,-0.18118724,0
-3.2172873,-2.3738341,0.58314753,-0.79722965,-0.59050632,0.12540948,0
3.1055071,1.6696707,-0.069911242,0.56679058,-0.80369127,-0.18118724,0
1.8362845,0.99756676,-0.84779453,-0.20778275,0.073366985,-0.97541988,0
2.3549988,2.265888,-0.85559607,-0.20778275,0.073366985,-0.97541988,0
-2.9324396,-1.6020633,0.8603158,-0.56679058,0.80369127,0.18118724,0
-2.085362,-2.3304839,0.68348432,0.20778275,-0.073366985,0.97541988,0
1.0978045,1.515583,-0.068661213,-0.56679058,0.80369127,0.18118724,0
0.31252909,0.62893206,-0.46672606,-0.20778275,0.073366985,-0.97541988,0
-0.77526641,-0.73557025,0.54880679,0.20778275,-0.073366985,0.97541988,0
-2.9410222,-2.6928363,0.092466354,-0.79722965,-0.59050632,0.12540948,0
1.989622,1.3256655,0.21709633,0.20778275,-0.073366985,0.97541988,0
-0.91858155,-0.37415436,0.63120425,0.20778275,-0.073366985,0.97541988,0
-3.0738866,-1.6587756,0.57193303,-0.56679058,0.80369127,0.18118724,0
2.1771801,0.98473698,-0.45814109,0.56679058,-0.80369127,-0.18118724,0
-0.15573347,0.37534723,0.51388144,0.20778275,-0.073366985,0.97541988,0
-3.4392228,-2.0471649,0.097884178,-0.20778275,0.073366985,-0.97541988,0
3.2928271,2.1524942,-0.30507851,0.79722965,0.59050632,-0.12540948,0
-3.2209725,-2.4230595,0.62074757,-0.79722965,-0.59050632,0.12540948,0
0.47537249,0.94123995,-0.069016099,-0.56679058,0.80369127,0.18118724,0
-3.3780518,-1.9611075,1.0574429,-0.79722965,-0.59050632,0.12540948,0
-0.34490356,-0.17937113,-0.53669238,-0.20778275,0.073366985,-0.97541988,0
-3.4774776,-1.9092973,0.10356617,-0.79722965,-0.59050632,0.12540948,0
-1.9697689,-0.89724225,0.45290208,-0.56679058,0.80369127,0.18118724,0
3.3578818,2.0472112,-0.74125195,0.79722965,0.59050632,-0.12540948,0
-0.1173963,-0.72432756,-0.25099489,0.56679058,-0.80369127,-0.18118724,0
1.6163397,0.45329684,0.29197764,0.20778275,-0.073366985,0.97541988,0
-0.29276922,-0.72880042,0.082249045,0.56679058,-0.80369127,-0.18118724,0
-0.33542866,-0.89998758,-0.31343281,0.56679058,-0.80369127,-0.18118724,0
0.026961468,0.62931716,0.10026722,-0.56679058,0.80369127,0.18118724,0
-1.6487753,-0.56859082,0.27107048,-0.56679058,0.80369127,0.18118724,0
3.248203,2.3841054,-0.16909933,0.79722965,0.59050632,-0.12540948,0
3.4428554,1.9791306,-0.16787529,0.20778275,-0.073366985,0.97541988,0
1.6036028,0.4839994,-0.15733409,0.56679058,-0.80369127,-0.18118724,0
-3.0446069,-2.4912038,0.385216,-0.79722965,-0.59050632,0.12540948,0
-1.0304694,-0.54513675,-0.31907439,-0.20778275,0.073366985,-0.97541988,0
-1.2547719,-1.5625789,0.66339016,0.20778275,-0.073366985,0.97541988,0
0.37776572,0.82503784,-0.44251505,-0.20778275,0.073366985,-0.97541988,0
1.5841477,1.209167,0.2217474,0.20778275,-0.073366985,0.97541988,0
3.1746325,2.4206505,-0.16484118,0.79722965,0.59050632,-0.12540948,0
-3.5116215,-1.9644518,0.085795403,-0.79722965,-0.59050632,0.12540948,0
2.9911399,2.5466762,-0.12878418,0.79722965,0.59050632,-0.12540948,0
2.905283,2.7365458,-0.72667265,0.79722965,0.59050632,-0.12540948,0
-1.3110185,-0.49853194,0.783162,0.20778275,-0.073366985,0.97541988,0
0.22360674,-0.31153023,0.35348514,0.20778275,-0.073366985,0.97541988,0
-1.2750266,-1.7242236,0.43538702,0.56679058,-0.80369127,-0.18118724,0
-3.5278194,-1.9313253,0.14284325,-0.79722965,-0.59050632,0.12540948,0
0.22910975,-0.32458088,-0.20887235,0.56679058,-0.80369127,-0.18118724,0
-0.73981738,-0.6304785,0.6207642,0.20778275,-0.073366985,0.97541988,0
-1.6075819,-1.9703991,0.53581452,0.56679058,-0.80369127,-0.18118724,0
-1.6217322,-1.2881887,0.67907,0.20778275,-0.073366985,0.97541988,0
-1.9828336,-1.1623271,-0.15226912,-0.20778275,0.073366985,-0.97541988,0
2.2373447,1.3655131,-0.89179063,-0.20778275,0.073366985,-0.97541988,0
-2.452456,-1.2667615,-0.05215764,-0.20778275,0.073366985,-0.97541988,0
-1.9434664,-1.813852,0.77787137,0.20778275,-0.073366985,0.97541988,0
1.8178613,0.91100758,0.13679051,0.20778275,-0.073366985,0.97541988,0
3.4009149,2.0515132,-0.72809529,0.79722965,0.59050632,-0.12540948,0
1.043869,1.3132403,0.32566452,-0.56679058,0.80369127,0.18118724,0
-3.0853398,-2.4518249,0.46032548,-0.79722965,-0.59050632,0.12540948,0
-3.416213,-1.9673371,0.82247424,-0.79722965,-0.59050632,0.12540948,0
2.4855835,1.1201817,-0.31341481,0.56679058,-0.80369127,-0.18118724,0
1.8277006,0.69074142,-0.0076944828,0.56679058,-0.80369127,-0.18118724,0
2.7933292,1.3620613,-0.070779085,0.56679058,-0.80369127,-0.18118724,0
-2.4808192,-2.3510022,0.19688129,0.56679058,-0.80369127,-0.18118724,0
-1.342133,-1.5519264,-0.30607104,0.56679058,-0.80369127,-0.18118724,0
3.1643193,2.3892751,-0.82989955,0.79722965,0.59050632,-0.12540948,0
3.2866833,1.6977526,-0.30266905,0.56679058,-0.80369127,-0.18118724,0
0.71392691,1.1390634,-0.41862857,-0.56679058,0.80369127,0.18118724,0
1.2269979,1.3453029,0.45476317,0.20778275,-0.073366985,0.97541988,0
-0.3590765,-0.40552801,0.6121034,0.20778275,-0.073366985,0.97541988,0
-3.1537802,-2.2363148,0.61058211,-0.79722965,-0.59050632,0.12540948,0
-2.0598297,-2.2526932,0.39551377,0.56679058,-0.80369127,-0.18118724,0
-1.5663946,-1.8007451,-0.060573578,0.56679058,-0.80369127,-0.18118724,0
-1.0727253,-1.5129598,0.60426712,0.20778275,-0.073366985,0.97541988,0
1.31881,1.4389955,0.27840519,-0.56679058,0.80369127,0.18118724,0
-3.0664699,-2.5743103,0.227211,-0.79722965,-0.59050632,0.12540948,0
-3.4362388,-2.0944541,0.90680766,-0.79722965,-0.59050632,0.12540948,0
1.7114542,1.3437114,0.24996781,0.20778275,-0.073366985,0.97541988,0
3.2266281,2.1247554,0.053666592,0.20778275,-0.073366985,0.97541988,0
-1.9589738,-2.1851745,0.85650969,0.20778275,-0.073366985,0.97541988,0
3.3991506,2.067806,-0.73388362,0.79722965,0.59050632,-0.12540948,0
1.4778429,0.79076874,0.24002397,0.20778275,-0.073366985,0.97541988,0
-3.4479771,-2.043519,0.51781988,-0.79722965,-0.59050632,0.12540948,0
3.0477209,2.5104797,-0.89178252,0.79722965,0.59050632,-0.12540948,0
3.0661933,2.4214063,-0.43001842,0.79722965,0.59050632,-0.12540948,0
2.3053486,1.7729995,-0.76813316,-0.20778275,0.073366985,-0.97541988,0
2.0971756,1.4789799,-0.81180835,-0.20778275,0.073366985,-0.97541988,0
1.5430436,1.1282007,0.24226999,0.20778275,-0.073366985,0.97541988,0
1.8516071,1.097569,-0.87152421,-0.20778275,0.073366985,-0.97541988,0
-1.1040221,-0.33932099,-0.40056002,-0.20778275,0.073366985,-0.97541988,0
-2.9588635,-2.4965506,0.62609911,-0.79722965,-0.59050632,0.12540948,0
-1.8824067,-1.182651,0.86775231,0.20778275,-0.073366985,0.97541988,0
3.0956199,2.4329972,-0.71705103,0.79722965,0.59050632,-0.12540948,0
1.2432308,0.23417833,-0.25287962,0.56679058,-0.80369127,-0.18118724,0
2.4372103,2.4515879,-0.47498107,-0.56679058,0.80369127,0.18118724,0
-0.15392166,-0.049644899,0.6006735,0.20778275,-0.073366985,0.97541988,0
-3.0662203,-2.3684838,0.93875098,-0.79722965,-0.59050632,0.12540948,0
-0.23962703,0.3858996,-0.33949482,-0.20778275,0.073366985,-0.97541988,0
-1.0255877,-0.11869347,-0.23614562,-0.20778275,0.073366985,-0.97541988,0
-2.6165309,-1.4460388,0.73337173,-0.56679058,0.80369127,0.18118724,0
-1.0891806,-1.5156939,0.39502919,0.56679058,-0.80369127,-0.18118724,0
3.150207,1.8019459,-0.47455835,0.56679058,-0.80369127,-0.18118724,0
-2.3137736,-2.0494642,0.88024855,0.20778275,-0.073366985,0.97541988,0
2.7897706,2.5890117,-0.94929862,-0.20778275,0.073366985,-0.97541988,0
-3.4508884,-2.0709767,0.73088408,-0.79722965,-0.59050632,0.12540948,0
-2.9054177,-2.6037431,0.89970422,-0.79722965,-0.59050632,0.12540948,0
3.2510991,2.1048071,-0.61283016,0.79722965,0.59050632,-0.12540948,0
3.3043413,2.2584872,-0.72632146,0.79722965,0.59050632,-0.12540948,0
1.1642311,1.3186091,0.0085092783,-0.56679058,0.80369127,0.18118724,0
-2.0551045,-1.6736509,-0.12532806,-0.20778275,0.073366985,-0.97541988,0
1.9438193,2.1978605,-0.43325138,-0.56679058,0.80369127,0.18118724,0
0.31024283,-0.22922948,-0.587322,-0.20778275,0.073366985,-0.97541988,0
-2.8630433,-2.7507,0.16190577,0.56679058,-0.80369127,-0.18118724,0
-0.84541732,-0.35702115,0.68203872,0.20778275,-0.073366985,0.97541988,0
-3.3710909,-2.2021904,0.41108274,-0.79722965,-0.59050632,0.12540948,0
3.3183784,1.8829519,0.048929691,0.20778275,-0.073366985,0.97541988,0
2.642662,2.6675491,-0.85407758,-0.56679058,0.80369127,0.18118724,0
2.768693,2.6865187,-0.92766237,0.79722965,0.59050632,-0.12540948,0
2.987196,2.5725534,-0.49291849,0.79722965,0.59050632,-0.12540948,0
2.8356652,2.6705165,-0.085484028,-0.56679058,0.80369127,0.18118724,0
2.0679076,2.0420091,-0.80233622,-0.20778275,0.073366985,-0.97541988,0
0.30629623,0.41381478,-0.52316016,-0.20778275,0.073366985,-0.97541988,0
-3.1372354,-2.0446477,1.0434048,0.20778275,-0.073366985,0.97541988,0
-3.1747959,-2.3409765,0.62947464,-0.79722965,-0.59050632,0.12540948,0
3.0746815,2.5469818,-0.19069338,0.79722965,0.59050632,-0.12540948,0
3.5562968,2.1096764,-0.053431034,0.79722965,0.59050632,-0.12540948,0
0.48600489,0.72568882,0.47680414,0.20778275,-0.073366985,0.97541988,0
-0.44174659,-0.0060740486,0.6096794,0.20778275,-0.073366985,0.97541988,0
3.1173646,2.2284579,-0.86903048,0.79722965,0.59050632,-0.12540948,0
-1.8374648,-0.7114116,0.093082666,-0.56679058,0.80369127,0.18118724,0
2.9824672,2.4842253,-0.85102749,0.79722965,0.59050632,-0.12540948,0
-1.7839931,-1.8603207,-0.19684887,0.56679058,-0.80369127,-0.18118724,0
-0.91890645,-0.14700896,-0.30910134,-0.20778275,0.073366985,-0.97541988,0
0.19081542,-0.36339432,-0.39678234,0.56679058,-0.80369127,-0.18118724,0
-0.031974494,-0.72592574,0.52792501,0.20778275,-0.073366985,0.97541988,0
1.4830689,0.62265193,-0.70002067,0.56679058,-0.80369127,-0.18118724,0
3.005105,2.5570121,-0.23476744,0.79722965,0.59050632,-0.12540948,0
-2.5908737,-2.5933642,0.12671924,0.56679058,-0.80369127,-0.18118724,0
-2.4181905,-1.2313247,0.50652671,-0.56679058,0.80369127,0.18118724,0
2.0468018,2.0682139,-0.02179265,-0.56679058,0.80369127,0.18118724,0
-2.6771393,-2.3193288,0.84659982,0.20778275,-0.073366985,0.97541988,0
-2.9245782,-1.5799403,0.084499121,-0.56679058,0.80369127,0.18118724,0
-0.69076163,-0.47332138,0.60165805,0.20778275,-0.073366985,0.97541988,0
2.3221524,2.2604384,-0.033690453,-0.56679058,0.80369127,0.18118724,0
0.66573673,-0.14180455,-0.0066114068,0.56679058,-0.80369127,-0.18118724,0
-0.43315035,-0.068856955,-0.32789764,-0.20778275,0.073366985,-0.97541988,0
-0.12219393,-0.75213826,0.41715574,0.20778275,-0.073366985,0.97541988,0
-3.2940361,-1.6686367,-0.027299881,-0.56679058,0.80369127,0.18118724,0
2.2913833,2.4000101,-0.39242411,-0.56679058,0.80369127,0.18118724,0
2.9939961,2.4996514,-0.63962579,0.79722965,0.59050632,-0.12540948,0
2.9234848,2.6483724,-0.52415419,0.79722965,0.59050632,-0.12540948,0
-2.9860208,-2.5139143,0.61220646,-0.79722965,-0.59050632,0.12540948,0
1.5783631,1.5765071,-0.63921535,-0.20778275,0.073366985,-0.97541988,0
-3.2281492,-1.9022181,0.95757008,-0.56679058,0.80369127,0.18118724,0
3.0466714,2.3421047,-0.95408463,0.79722965,0.59050632,-0.12540948,0
-3.3509312,-2.1509142,0.75319982,-0.79722965,-0.59050632,0.12540948,0
-3.1382051,-2.2291508,0.99195385,-0.79722965,-0.59050632,0.12540948,0
-0.35550892,0.43999034,-0.11079463,-0.56679058,0.80369127,0.18118724,0
-1.188884,-1.4144094,0.31067717,0.56679058,-0.80369127,-0.18118724,0
0.107337,0.83743823,-0.48163402,-0.56679058,0.80369127,0.18118724,0
-3.3466353,-2.043606,0.52036047,-0.79722965,-0.59050632,0.12540948,0
2.3617225,1.4354399,0.094695807,0.20778275,-0.073366985,0.97541988,0
-2.5626695,-2.3178697,-0.10173154,0.56679058,-0.80369127,-0.18118724,0
3.394603,1.9913678,-0.26162672,0.79722965,0.59050632,-0.12540948,0
-2.9702964,-2.6875787,0.10918903,-0.79722965,-0.59050632,0.12540948,0
-1.9755638,-1.7131705,0.88157129,0.20778275,-0.073366985,0.97541988,0
1.6215652,0.64705372,0.16145241,0.20778275,-0.073366985,0.97541988,0
-1.2607157,-1.4417868,-0.3082335,-0.20778275,0.073366985,-0.97541988,0
-0.99541187,-0.24112834,0.67791253,-0.56679058,0.80369127,0.18118724,0
3.0784695,2.4744837,-0.3886168,0.79722965,0.59050632,-0.12540948,0
1.7634041,1.825157,0.075576782,-0.56679058,0.80369127,0.18118724,0
-2.7843742,-2.8106165,0.62017298,-0.79722965,-0.59050632,0.12540948,0
2.0242381,1.4204656,-0.91325045,-0.20778275,0.073366985,-0.97541988,0
2.8843327,2.7324281,-0.50801897,0.79722965,0.59050632,-0.12540948,0
2.5697799,1.3102593,-0.84887743,0.56679058,-0.80369127,-0.18118724,0
-1.5383497,-1.9309046,0.63697791,0.56679058,-0.80369127,-0.18118724,0
2.635098,2.0996394,0.18021441,0.20778275,-0.073366985,0.97541988,0
-1.2624378,-0.37631136,0.26853347,-0.56679058,0.80369127,0.18118724,0
0.25802654,0.12545963,-0.54060483,-0.20778275,0.073366985,-0.97541988,0
-1.0009743,-1.5459085,0.55168438,0.56679058,-0.80369127,-0.18118724,0
-3.2526078,-2.195828,0.43009758,-0.79722965,-0.59050632,0.12540948,0
3.1648946,2.2427461,-0.87376618,0.79722965,0.59050632,-0.12540948,0
0.97994101,1.3902068,-0.64414871,-0.20778275,0.073366985,-0.97541988,0
-0.6886034,-1.1247298,0.655173,0.20778275,-0.073366985,0.97541988,0
3.3635392,2.0399549,-0.41221905,0.79722965,0.59050632,-0.12540948,0
-3.3167021,-2.2025437,0.44797897,-0.79722965,-0.59050632,0.12540948,0
3.1820769,2.3463569,-0.54733872,0.79722965,0.59050632,-0.12540948,0
-0.45327979,-0.71955603,0.65424752,0.20778275,-0.073366985,0.97541988,0
-2.3236365,-2.3499436,0.42342806,0.56679058,-0.80369127,-0.18118724,0
-3.4701788,-1.928203,0.14274979,-0.79722965,-0.59050632,0.12540948,0
-3.183614,-2.3647864,0.19182968,-0.79722965,-0.59050632,0.12540948,0
-3.0288241,-2.5866041,0.82256055,-0.79722965,-0.59050632,0.12540948,0
0.10491598,-0.08206968,0.55575818,0.20778275,-0.073366985,0.97541988,0
1.5653321,1.4158959,-0.68217623,-0.20778275,0.073366985,-0.97541988,0
-1.4619339,-1.2509308,0.68095851,0.20778275,-0.073366985,0.97541988,0
1.2185922,0.96254146,0.41945219,0.20778275,-0.073366985,0.97541988,0
-0.45381755,0.18220916,-0.32000455,-0.20778275,0.073366985,-0.97541988,0
-2.4958634,-1.4352667,0.86001706,0.20778275,-0.073366985,0.97541988,0
-2.4383106,-1.2695831,0.75696874,-0.56679058,0.80369127,0.18118724,0
0.15382266,-0.64611816,0.096633695,0.56679058,-0.80369127,-0.18118724,0
2.4282303,2.167428,-0.78802013,-0.20778275,0.073366985,-0.97541988,0
-3.4492204,-2.171814,0.52534246,-0.79722965,-0.59050632,0.12540948,0
2.7024729,2.7975073,-0.85015583,-0.56679058,0.80369127,0.18118724,0
-0.083365321,-0.84735417,0.47800112,0.20778275,-0.073366985,0.97541988,0
-1.857805,-1.3594586,-0.11914921,-0.20778275,0.073366985,-0.97541988,0
3.2706604,1.7488463,-0.34356451,0.56679058,-0.80369127,-0.18118724,0
-2.5824776,-1.2820529,-0.1491065,-0.20778275,0.073366985,-0.97541988,0
1.2372859,0.37904501,-0.092544675,0.56679058,-0.80369127,-0.18118724,0
0.10803401,-0.11477719,-0.54350191,-0.20778275,0.073366985,-0.97541988,0
3.0935163,2.6688428,-0.17906713,0.79722965,0.59050632,-0.12540948,0
-2.3785708,-1.4648709,-0.18931556,-0.20778275,0.073366985,-0.97541988,0
-3.3691683,-2.3234577,0.015373707,-0.79722965,-0.59050632,0.12540948,0
3.0964777,2.3990839,-0.76290679,0.79722965,0.59050632,-0.12540948,0
0.64393687,0.80540663,0.534334,0.20778275,-0.073366985,0.97541988,0
0.16082147,-0.44414917,-0.37238085,0.56679058,-0.80369127,-0.18118724,0
3.3296094,2.0652151,-0.36725283,0.79722965,0.59050632,-0.12540948,0
3.4731829,2.0814235,-0.80993724,0.79722965,0.59050632,-0.12540948,0
2.2800779,1.9884702,0.23594856,0.20778275,-0.073366985,0.97541988,0
0.36769909,0.80102724,0.20139682,-0.56679058,0.80369127,0.18118724,0
1.3602989,1.6800194,-0.51049781,-0.56679058,0.80369127,0.18118724,0
0.13463032,0.2487669,0.40622997,0.20778275,-0.073366985,0.97541988,0
-0.51457888,-0.44214845,-0.36437756,-0.20778275,0.073366985,-0.97541988,0
3.0965662,2.4685636,-0.4542253,0.79722965,0.59050632,-0.12540948,0
1.5134033,1.1390439,-0.70311975,-0.20778275,0.073366985,-0.97541988,0
3.5705433,1.9137427,-0.16549397,0.79722965,0.59050632,-0.12540948,0
-3.1674695,-2.4940248,0.072705746,-0.79722965,-0.59050632,0.12540948,0
1.636086,1.4876809,0.2023263,0.20778275,-0.073366985,0.97541988,0
-2.8276811,-2.6325517,0.76961994,-0.79722965,-0.59050632,0.12540948,0
-0.62931156,-1.0698471,-0.34155303,0.56679058,-0.80369127,-0.18118724,0
-3.0124836,-2.6608386,0.49749899,-0.79722965,-0.59050632,0.12540948,0
3.2713251,2.043335,-0.68819308,0.79722965,0.59050632,-0.12540948,0
2.2852187,2.3129086,-0.83609772,-0.20778275,0.073366985,-0.97541988,0
-2.1736133,-1.8281021,0.87005067,0.20778275,-0.073366985,0.97541988,0
-1.353399,-1.587805,0.3175931,0.56679058,-0.80369127,-0.18118724,0
1.8802691,2.065016,-0.10065365,-0.56679058,0.80369127,0.18118724,0
2.6781616,2.6406035,-0.818259,-0.56679058,0.80369127,0.18118724,0
-2.8916864,-2.508317,0.91763926,-0.79722965,-0.59050632,0.12540948,0
-3.2068071,-2.5541143,0.23493576,-0.79722965,-0.59050632,0.12540948,0
-3.1311431,-2.5923595,0.44184637,-0.79722965,-0.59050632,0.12540948,0
-3.2390597,-2.4395947,0.21632242,-0.79722965,-0.59050632,0.12540948,0
-1.6313426,-1.7773023,-0.20969057,0.56679058,-0.80369127,-0.18118724,0
0.50771666,-0.099575728,-0.22526136,0.56679058,-0.80369127,-0.18118724,0
2.9235632,2.6576095,-0.10917664,0.79722965,0.59050632,-0.12540948,0
0.31629974,-0.21467157,0.34406942,0.20778275,-0.073366985,0.97541988,0
0.030772291,-0.49257025,-0.1207377,0.56679058,-0.80369127,-0.18118724,0
-2.6182661,-1.9121561,-0.16710877,-0.20778275,0.073366985,-0.97541988,0
-3.1361699,-1.7884916,-0.056677341,-0.20778275,0.073366985,-0.97541988,0
-2.0283077,-0.93848872,0.69985342,-0.56679058,0.80369127,0.18118724,0
-2.6418896,-2.7369461,0.66923904,0.56679058,-0.80369127,-0.18118724,0
2.649128,1.2604729,-0.095425367,0.56679058,-0.80369127,-0.18118724,0
-2.9098854,-2.4101925,-0.17296314,-0.20778275,0.073366985,-0.97541988,0
1.1540616,0.093992144,0.026300311,0.56679058,-0.80369127,-0.18118724,0
0.72011811,0.18762629,-0.68905711,-0.20778275,0.073366985,-0.97541988,0
-0.37247252,-0.86672163,0.27674466,0.56679058,-0.80369127,-0.18118724,0
0.83572853,-0.0391891,0.27732414,0.56679058,-0.80369127,-0.18118724,0
-3.0818927,-2.6713173,0.39183903,-0.79722965,-0.59050632,0.12540948,0
-1.4409559,-0.35949436,-0.25361705,-0.56679058,0.80369127,0.18118724,0
0.64865237,1.0923061,-0.65442181,-0.20778275,0.073366985,-0.97541988,0
-2.2518399,-2.3882756,0.80696225,0.20778275,-0.073366985,0.97541988,0
-3.3886108,-1.9642565,0.84742117,-0.79722965,-0.59050632,0.12540948,0
-2.9039614,-2.5606804,0.81398678,-0.79722965,-0.59050632,0.12540948,0
2.1173515,1.3987055,0.22145033,0.20778275,-0.073366985,0.97541988,0
-2.7849798,-1.4294014,0.41167402,-0.56679058,0.80369127,0.18118724,0
0.78373712,1.1382437,-0.18854237,-0.56679058,0.80369127,0.18118724,0
-3.1228945,-2.4861755,0.87078857,-0.79722965,-0.59050632,0.12540948,0
-2.9696193,-2.6204596,0.56855655,-0.79722965,-0.59050632,0.12540948,0
-2.6496546,-2.2501302,-0.1556139,-0.20778275,0.073366985,-0.97541988,0
2.7960799,2.5637202,0.091052771,-0.56679058,0.80369127,0.18118724,0
-2.5259414,-1.5039481,-0.05898571,-0.20778275,0.073366985,-0.97541988,0
-0.032931447,0.407781,0.43320426,-0.56679058,0.80369127,0.18118724,0
1.4233851,1.8357048,-0.50154245,-0.56679058,0.80369127,0.18118724,0
-1.7546737,-0.8661412,-0.28985214,-0.20778275,0.073366985,-0.97541988,0
-3.3392446,-2.1914415,0.74489665,-0.79722965,-0.59050632,0.12540948,0
2.6485291,1.5385948,-1.0390058,-0.20778275,0.073366985,-0.97541988,0
2.9447856,2.750422,-0.91784763,0.79722965,0.59050632,-0.12540948,0
1.9114447,1.6916698,0.16019845,0.20778275,-0.073366985,0.97541988,0
3.1422613,2.4694514,-0.92577696,0.79722965,0.59050632,-0.12540948,0
-1.2728167,-1.4373391,0.64242458,0.20778275,-0.073366985,0.97541988,0
1.2797294,0.5773831,-0.80344915,-0.20778275,0.073366985,-0.97541988,0
-2.4999013,-2.4007733,0.61575246,0.56679058,-0.80369127,-0.18118724,0
-3.2064314,-2.0826457,1.0615046,-0.79722965,-0.59050632,0.12540948,0
2.2863412,2.2577727,-0.61876988,-0.56679058,0.80369127,0.18118724,0
-3.5230465,-1.9893954,0.10310698,-0.20778275,0.073366985,-0.97541988,0
0.56941664,0.98633933,-0.077053428,-0.56679058,0.80369127,0.18118724,0
2.6161618,2.5848713,-0.81163192,-0.56679058,0.80369127,0.18118724,0
3.5020933,2.0431926,-0.66106319,0.79722965,0.59050632,-0.12540948,0
-3.3109465,-2.0879138,0.57228732,-0.79722965,-0.59050632,0.12540948,0
1.337338,0.43870205,-0.65051281,0.56679058,-0.80369127,-0.18118724,0
1.3442812,0.94926608,-0.67317057,-0.20778275,0.073366985,-0.97541988,0
-3.4344282,-2.0702462,0.95485592,-0.79722965,-0.59050632,0.12540948,0
3.0245948,2.464427,-0.80555177,0.79722965,0.59050632,-0.12540948,0
2.1970015,1.7714529,0.1826508,0.20778275,-0.073366985,0.97541988,0
0.34280717,0.83092755,0.105367,-0.56679058,0.80369127,0.18118724,0
-0.43559015,-0.76171541,-0.56154567,-0.20778275,0.073366985,-0.97541988,0
3.2125099,2.4201441,-0.28109598,0.79722965,0.59050632,-0.12540948,0
-0.76455671,-0.095772684,0.66142792,0.20778275,-0.073366985,0.97541988,0
0.15017983,0.095689155,0.44374278,0.20778275,-0.073366985,0.97541988,0
2.9286468,1.8645,-1.0829828,-0.20778275,0.073366985,-0.97541988,0
-0.032981932,-0.18448828,-0.47756714,-0.20778275,0.073366985,-0.97541988,0
-3.1004751,-2.4815369,-0.048156261,-0.20778275,0.073366985,-0.97541988,0
-2.6088881,-2.5024817,0.021111488,0.56679058,-0.80369127,-0.18118724,0
3.265857,2.2083218,-0.31447744,0.79722965,0.59050632,-0.12540948,0
-0.51811588,0.10295461,0.35840905,-0.56679058,0.80369127,0.18118724,0
2.9971123,2.6214607,0.01313591,0.79722965,0.59050632,-0.12540948,0
3.267163,2.2431703,-0.22695303,0.79722965,0.59050632,-0.12540948,0
-2.0945778,-2.26407,0.83320832,0.20778275,-0.073366985,0.97541988,0
-3.3721189,-2.1318536,0.19970608,-0.79722965,-0.59050632,0.12540948,0
2.9748087,2.6352441,0.015497684,0.79722965,0.59050632,-0.12540948,0
3.3631961,2.1774023,-0.44826126,0.79722965,0.59050632,-0.12540948,0
2.9114645,2.7899754,-0.61835051,0.79722965,0.59050632,-0.12540948,0
1.5766164,0.80933225,-0.78634727,-0.20778275,0.073366985,-0.97541988,0
-1.686415,-1.7694609,0.20084929,0.56679058,-0.80369127,-0.18118724,0
-3.0355794,-2.2199197,0.024620533,-0.20778275,0.073366985,-0.97541988,0
2.9981563,2.7697825,-0.059476852,0.79722965,0.59050632,-0.12540948,0
-3.1607075,-2.4239099,0.63240886,-0.79722965,-0.59050632,0.12540948,0
-0.40300289,0.30993336,-0.41456962,-0.20778275,0.073366985,-0.97541988,0
-0.95574337,-0.25853378,0.40272158,-0.56679058,0.80369127,0.18118724,0
1.3911719,0.41390979,-0.18758607,0.56679058,-0.80369127,-0.18118724,0
-1.0653794,-1.3155133,-0.28804052,0.56679058,-0.80369127,-0.18118724,0
3.2359052,2.4132991,-0.70368266,0.79722965,0.59050632,-0.12540948,0
2.9672587,2.592339,-0.50525618,0.79722965,0.59050632,-0.12540948,0
3.0623803,2.4936275,-1.0200303,0.79722965,0.59050632,-0.12540948,0
-3.3540483,-1.6484994,0.066001892,-0.56679058,0.80369127,0.18118724,0
-3.040699,-2.3959398,0.5464623,-0.79722965,-0.59050632,0.12540948,0
0.97932529,0.37803626,0.32424963,0.20778275,-0.073366985,0.97541988,0
2.4718227,2.3694916,-0.8384192,-0.20778275,0.073366985,-0.97541988,0
-2.6218324,-2.5118403,0.1636312,0.56679058,-0.80369127,-0.18118724,0
3.4100702,1.905967,-0.48109722,0.79722965,0.59050632,-0.12540948,0
3.1398621,2.353915,-0.93237615,0.79722965,0.59050632,-0.12540948,0
2.1200643,0.97645116,-0.16004372,0.56679058,-0.80369127,-0.18118724,0
0.10134177,0.6584214,0.33943835,-0.56679058,0.80369127,0.18118724,0
3.0706143,2.4407237,-0.26708221,0.79722965,0.59050632,-0.12540948,0
0.80264181,0.14457136,-0.4424991,0.56679058,-0.80369127,-0.18118724,0
1.1854645,1.6109145,-0.33917749,-0.56679058,0.80369127,0.18118724,0
-2.780828,-1.553388,1.0306745,0.20778275,-0.073366985,0.97541988,0
3.418344,2.0493741,-0.98729134,0.79722965,0.59050632,-0.12540948,0
3.542902,2.0798759,-0.16975832,0.79722965,0.59050632,-0.12540948,0
0.73543888,1.1406915,-0.37053925,-0.56679058,0.80369127,0.18118724,0
-2.1366553,-1.3383101,-0.098855972,-0.20778275,0.073366985,-0.97541988,0
-3.2944148,-2.0352628,1.0563929,-0.79722965,-0.59050632,0.12540948,0
0.83454579,0.35134059,0.43706161,0.20778275,-0.073366985,0.97541988,0
2.1249487,0.81958604,-0.020769119,0.56679058,-0.80369127,-0.18118724,0
2.9378419,2.5980239,-0.34566545,0.79722965,0.59050632,-0.12540948,0
1.0612139,1.102483,-0.62570107,-0.20778275,0.073366985,-0.97541988,0
-1.2685686,-0.36614195,-0.10516453,-0.56679058,0.80369127,0.18118724,0
-2.4934556,-2.6453173,0.79804635,0.56679058,-0.80369127,-0.18118724,0
-2.8731854,-2.7958071,0.73086762,-0.79722965,-0.59050632,0.12540948,0
-3.1884267,-2.1344657,1.0025821,-0.79722965,-0.59050632,0.12540948,0
-0.029439092,-0.58783102,-0.52253771,0.56679058,-0.80369127,-0.18118724,0
-2.1555386,-1.5140605,0.85745859,0.20778275,-0.073366985,0.97541988,0
-2.1124439,-0.89817238,0.068765163,-0.56679058,0.80369127,0.18118724,0
-0.47994888,0.29407522,0.058317959,-0.56679058,0.80369127,0.18118724,0
1.1740732,1.6108711,-0.335464,-0.56679058,0.80369127,0.18118724,0
-0.79731125,-0.9438194,-0.42971826,-0.20778275,0.073366985,-0.97541988,0
-2.9854922,-2.6881511,0.95860028,-0.79722965,-0.59050632,0.12540948,0
2.3507652,2.3068676,-0.6218667,-0.56679058,0.80369127,0.18118724,0
3.2228231,2.0246527,-1.0070882,-0.20778275,0.073366985,-0.97541988,0
-0.88842171,-1.2754542,-0.31176984,0.56679058,-0.80369127,-0.18118724,0
-3.0560684,-2.6171234,0.74132752,-0.79722965,-0.59050632,0.12540948,0
-2.1465278,-0.9036696,0.26658154,-0.56679058,0.80369127,0.18118724,0
0.80757773,0.040295929,-0.55242556,0.56679058,-0.80369127,-0.18118724,0
1.5217544,1.6815948,0.077964067,-0.56679058,0.80369127,0.18118724,0
3.3343942,1.7589837,-0.53458786,0.56679058,-0.80369127,-0.18118724,0
-0.98310161,-1.3063098,0.26002586,0.56679058,-0.80369127,-0.18118724,0
1.984601,0.84700137,-0.68429184,0.56679058,-0.80369127,-0.18118724,0
3.2572577,2.3473566,-0.54866648,0.79722965,0.59050632,-0.12540948,0
-3.360868,-2.080987,0.75837183,-0.79722965,-0.59050632,0.12540948,0
3.0579991,1.620736,-0.14369273,0.56679058,-0.80369127,-0.18118724,0
3.2549901,2.1566799,-0.44265985,0.79722965,0.59050632,-0.12540948,0
2.8893809,2.7098312,-0.2117157,0.79722965,0.59050632,-0.12540948,0
1.1192329,0.71339905,0.37631047,0.20778275,-0.073366985,0.97541988,0
2.1265626,1.6040857,-0.94543743,-0.20778275,0.073366985,-0.97541988,0
-2.9311907,-2.6554551,0.34294701,-0.79722965,-0.59050632,0.12540948,0
-1.9429343,-1.9400082,-0.25731325,0.56679058,-0.80369127,-0.18118724,0
2.137877,1.0301068,0.043982029,0.20778275,-0.073366985,0.97541988,0
2.4956062,1.9038059,-0.95295453,-0.20778275,0.073366985,-0.97541988,0
-0.1409114,0.57511234,-0.028678212,-0.56679058,0.80369127,0.18118724,0
0.64759052,-0.016806722,0.28811657,0.20778275,-0.073366985,0.97541988,0
3.4078057,2.2093425,-0.17048407,0.79722965,0.59050632,-0.12540948,0
1.9965216,1.8215411,0.30499005,0.20778275,-0.073366985,0.97541988,0
-3.436353,-2.106159,0.22385216,-0.79722965,-0.59050632,0.12540948,0
-2.3899348,-1.3995587,0.8189013,0.20778275,-0.073366985,0.97541988,0
3.0403399,2.4239607,0.046010494,0.20778275,-0.073366985,0.97541988,0
0.45335186,0.79414445,0.26322657,-0.56679058,0.80369127,0.18118724,0
3.2262414,2.1733789,-0.49822044,0.79722965,0.59050632,-0.12540948,0
3.0475347,2.6876993,0.0060353279,0.79722965,0.59050632,-0.12540948,0
-3.267571,-2.4101105,0.21056509,-0.79722965,-0.59050632,0.12540948,0
-3.4355297,-2.0305197,0.39976072,-0.79722965,-0.59050632,0.12540948,0
-3.3234289,-2.2326553,1.0448704,-0.79722965,-0.59050632,0.12540948,0
-3.2860336,-2.4410009,0.26203489,-0.79722965,-0.59050632,0.12540948,0
-2.8723581,-2.3056271,0.0099408627,-0.20778275,0.073366985,-0.97541988,0
-3.0510421,-2.6247859,0.81715345,-0.79722965,-0.59050632,0.12540948,0
2.2876565,1.1614817,-0.49020553,0.56679058,-0.80369127,-0.18118724,0
-2.1135659,-1.7808129,0.7997067,0.20778275,-0.073366985,0.97541988,0
-2.6522517,-2.0661466,-0.023420572,-0.20778275,0.073366985,-0.97541988,0
2.6710446,1.3897665,-0.43355536,0.56679058,-0.80369127,-0.18118724,0
3.4509418,2.0885262,-0.44133091,0.79722965,0.59050632,-0.12540948,0
3.1300476,2.2587259,-0.69700551,0.79722965,0.59050632,-0.12540948,0
-3.2206957,-2.4657192,0.45063686,-0.79722965,-0.59050632,0.12540948,0
-0.50560224,0.15111339,-0.36360151,-0.20778275,0.073366985,-0.97541988,0
-3.1343169,-2.5475588,0.75194573,-0.79722965,-0.59050632,0.12540948,0
-1.0923558,-1.2074803,-0.42400265,0.56679058,-0.80369127,-0.18118724,0
-3.2179348,-2.5240688,0.10145521,-0.79722965,-0.59050632,0.12540948,0
1.7680906,1.3764548,-0.77063906,-0.20778275,0.073366985,-0.97541988,0
-2.884692,-2.7603176,0.0379529,0.56679058,-0.80369127,-0.18118724,0
-3.1372855,-2.4855237,0.050284386,-0.79722965,-0.59050632,0.12540948,0
0.70339286,0.385975,-0.64355707,-0.20778275,0.073366985,-0.97541988,0
3.3159027,2.2596171,-0.76545858,0.79722965,0.59050632,-0.12540948,0
-1.1879923,-0.58052969,-0.29472828,-0.20778275,0.073366985,-0.97541988,0
3.1669128,2.4601367,-0.51177216,0.79722965,0.59050632,-0.12540948,0
1.1113331,0.76612312,-0.76927501,-0.20778275,0.073366985,-0.97541988,0
1.2492819,1.5555503,-0.38739836,-0.56679058,0.80369127,0.18118724,0
0.79837298,0.6957643,-0.7039417,-0.20778275,0.073366985,-0.97541988,0
1.70506,1.8289261,-0.36755419,-0.56679058,0.80369127,0.18118724,0
-1.2589943,-0.81747115,0.72292662,0.20778275,-0.073366985,0.97541988,0
-2.8065033,-1.2814136,-0.0060493946,-0.56679058,0.80369127,0.18118724,0
-0.21819295,0.40578744,0.18121165,-0.56679058,0.80369127,0.18118724,0
-0.92755729,0.11994997,-0.31812483,-0.20778275,0.073366985,-0.97541988,0
-1.5900226,-1.7307048,0.10292029,0.56679058,-0.80369127,-0.18118724,0
-2.2538962,-1.8485049,0.81434035,0.20778275,-0.073366985,0.97541988,0
-1.2491735,-0.47744772,0.5080992,-0.56679058,0.80369127,0.18118724,0
