-1.9067029,-0.44889778,0.62387311,-0.87234187,-0.062347054,0.48490465,0
-1.1395404,0.42734978,0.75078702,0.16170013,0.89922065,0.40651608,0
-1.355265,0.18888928,0.22584498,-0.46138138,0.43303013,-0.77434629,0
1.9941254,-0.2557115,-0.77092838,0.87234187,0.062347054,-0.48490465,0
-1.9717476,-0.31595904,0.58746862,-0.87234187,-0.062347054,0.48490465,0
0.1962674,-0.3523899,0.29192096,0.46138138,-0.43303013,0.77434629,0
1.0260597,0.36462566,-0.048774064,0.16170013,0.89922065,0.40651608,0
0.7933616,-0.080316305,0.17287576,0.46138138,-0.43303013,0.77434629,0
-0.81684905,0.5487864,0.36899042,0.16170013,0.89922065,0.40651608,0
0.98332065,-0.4661037,-0.49971223,-0.16170013,-0.89922065,-0.40651608,0
1.227263,0.20802724,0.041301608,0.46138138,-0.43303013,0.77434629,0
1.7341499,0.15774049,-0.40420759,0.46138138,-0.43303013,0.77434629,0
1.0673976,0.36986768,-1.146469,-0.46138138,0.43303013,-0.77434629,0
0.98518312,0.14380872,0.10857916,0.46138138,-0.43303013,0.77434629,0
1.6052855,0.79908717,-1.12217,0.87234187,0.062347054,-0.48490465,0
1.7452593,0.32020485,-1.1088091,0.87234187,0.062347054,-0.48490465,0
0.20912841,-0.12546313,-0.75830013,-0.46138138,0.43303013,-0.77434629,0
1.6784977,0.17050844,-1.0917543,0.87234187,0.062347054,-0.48490465,0
-0.32464665,-0.62519658,0.51179528,0.46138138,-0.43303013,0.77434629,0
0.35324252,0.57961053,-0.46033531,-0.46138138,0.43303013,-0.77434629,0
1.8540047,-0.24661814,-0.68661952,0.87234187,0.062347054,-0.48490465,0
-0.42353654,0.055951953,0.84613699,0.46138138,-0.43303013,0.77434629,0
0.68068588,0.053107142,0.20303401,0.46138138,-0.43303013,0.77434629,0
-1.8457807,-0.42419118,0.93708348,-0.87234187,-0.062347054,0.48490465,0
1.5513706,0.31718865,-0.044318438,0.16170013,0.89922065,0.40651608,0
-1.6493084,-0.32197738,1.1803048,-0.87234187,-0.062347054,0.48490465,0
1.6116422,0.56764346,-1.1038897,0.87234187,0.062347054,-0.48490465,0
-1.9727147,-0.30315813,0.57940364,-0.87234187,-0.062347054,0.48490465,0
0.81687224,-0.16818285,0.10260463,0.46138138,-0.43303013,0.77434629,0
0.14918517,0.4033531,-0.59355009,-0.46138138,0.43303013,-0.77434629,0
1.2111778,0.68548888,-0.86894643,0.16170013,0.89922065,0.40651608,0
1.2273962,0.66710198,-1.1174312,-0.46138138,0.43303013,-0.77434629,0
-0.35658336,0.39874732,0.43174785,0.16170013,0.89922065,0.40651608,0
1.5575784,-0.3107214,-1.1610048,0.87234187,0.062347054,-0.48490465,0
1.9291372,0.47460237,-0.70309091,0.87234187,0.062347054,-0.48490465,0
1.2032326,-0.50590008,-0.36433792,0.46138138,-0.43303013,0.77434629,0
-0.49600947,0.48791683,0.16609478,0.16170013,0.89922065,0.40651608,0
1.2756974,-0.18535763,-1.2747444,-0.16170013,-0.89922065,-0.40651608,0
-1.7513373,-0.22319168,0.973665,-0.87234187,-0.062347054,0.48490465,0
-1.8295281,0.24917197,1.0405869,-0.87234187,-0.062347054,0.48490465,0
-0.57340848,-0.14700353,1.0090697,0.46138138,-0.43303013,0.77434629,0
1.8221115,-0.41820699,-1.0011351,0.87234187,0.062347054,-0.48490465,0
1.8880918,-0.047976285,-0.72112346,0.87234187,0.062347054,-0.48490465,0
1.3095471,-0.04883337,-0.15479267,0.46138138,-0.43303013,0.77434629,0
-0.13032803,0.36208487,0.31963557,0.16170013,0.89922065,0.40651608,0
-1.6798476,-0.45585203,0.98922944,-0.87234187,-0.062347054,0.48490465,0
1.1705023,0.39542472,0.046180189,0.46138138,-0.43303013,0.77434629,0
1.7763734,0.1564312,-0.92349434,0.87234187,0.062347054,-0.48490465,0
-1.0716887,-0.5915404,0.71031821,-0.16170013,-0.89922065,-0.40651608,0
-1.4861611,0.62521493,0.63447022,0.16170013,0.89922065,0.40651608,0
-0.39746565,-0.28878939,0.84774321,0.46138138,-0.43303013,0.77434629,0
0.38044706,-0.37953487,0.12090138,0.46138138,-0.43303013,0.77434629,0
-1.1932603,0.14276713,1.3209082,0.16170013,0.89922065,0.40651608,0
1.3917048,-0.5081237,-0.87637091,-0.16170013,-0.89922065,-0.40651608,0
-0.90387249,0.60419965,0.43899357,0.16170013,0.89922065,0.40651608,0
-1.5023625,-0.087164283,1.4694269,0.46138138,-0.43303013,0.77434629,0
-1.8882763,0.10422677,0.80098391,-0.87234187,-0.062347054,0.48490465,0
-1.7840981,-0.11831665,0.77423084,-0.87234187,-0.062347054,0.48490465,0
-0.1239236,-0.68053615,0.11292305,-0.16170013,-0.89922065,-0.40651608,0
-1.2789339,0.32595947,1.0189439,0.16170013,0.89922065,0.40651608,0
1.6310985,-0.30024758,-0.45255339,0.46138138,-0.43303013,0.77434629,0
1.8716886,-0.17665391,-0.45993209,0.46138138,-0.43303013,0.77434629,0
-1.7151728,0.58023822,0.57240939,-0.46138138,0.43303013,-0.77434629,0
0.26404575,-0.097534418,-0.92880666,-0.46138138,0.43303013,-0.77434629,0
-1.7408937,-0.00019647181,0.51313877,-0.46138138,0.43303013,-0.77434629,0
1.972778,0.3928282,-0.55306315,0.87234187,0.062347054,-0.48490465,0
-1.9386022,-0.29476288,0.39344227,-0.87234187,-0.062347054,0.48490465,0
1.5981321,-0.58416474,-0.73490107,-0.16170013,-0.89922065,-0.40651608,0
-1.7996242,0.026462354,0.43450427,-0.46138138,0.43303013,-0.77434629,0
-1.5287958,-0.1797905,1.256436,-0.87234187,-0.062347054,0.48490465,0
0.6530695,-0.28557679,-0.75547338,-0.16170013,-0.89922065,-0.40651608,0
1.7978761,-0.30190954,-0.76361418,0.87234187,0.062347054,-0.48490465,0
1.9583755,0.2970385,-0.45348406,0.46138138,-0.43303013,0.77434629,0
-1.5795269,0.38305664,0.88250589,0.16170013,0.89922065,0.40651608,0
-1.5131692,-0.18907252,0.14598405,-0.46138138,0.43303013,-0.77434629,0
-0.48324785,-0.38251451,-0.076241761,-0.16170013,-0.89922065,-0.40651608,0
-1.0459018,-0.46223977,0.10000044,-0.16170013,-0.89922065,-0.40651608,0
-1.3840306,0.092231989,1.4552207,0.46138138,-0.43303013,0.77434629,0
-0.31038091,-0.41566843,0.63793659,0.46138138,-0.43303013,0.77434629,0
-0.2136454,-0.0081067681,-0.53062475,-0.46138138,0.43303013,-0.77434629,0
-1.9302982,-0.044115454,0.7469101,-0.87234187,-0.062347054,0.48490465,0
-0.12132588,0.37746882,-0.23949859,-0.46138138,0.43303013,-0.77434629,0
1.5565069,0.18110597,-1.2485749,0.87234187,0.062347054,-0.48490465,0
1.2197297,0.33815765,-0.11045516,0.16170013,0.89922065,0.40651608,0
0.097645745,0.17655694,-0.65994179,-0.46138138,0.43303013,-0.77434629,0
0.51430649,-0.50425506,0.060646951,0.46138138,-0.43303013,0.77434629,0
0.23420249,0.21697593,0.46215034,0.16170013,0.89922065,0.40651608,0
1.3839852,-0.44220743,-0.2991451,0.46138138,-0.43303013,0.77434629,0
-0.95643133,0.5702467,0.16502464,-0.46138138,0.43303013,-0.77434629,0
0.84354651,0.35626405,0.16180724,0.16170013,0.89922065,0.40651608,0
-1.1940893,-0.74319583,0.78518701,-0.16170013,-0.89922065,-0.40651608,0
0.27811968,0.055278301,0.62292975,0.46138138,-0.43303013,0.77434629,0
1.5477424,0.019253254,-1.2272224,0.87234187,0.062347054,-0.48490465,0
1.5715865,0.1358335,-1.21623,0.87234187,0.062347054,-0.48490465,0
-1.2799309,-0.69946241,0.8456856,-0.16170013,-0.89922065,-0.40651608,0
1.1649059,0.061396718,-1.3107388,-0.46138138,0.43303013,-0.77434629,0
1.5850718,0.48116255,-1.39431,0.87234187,0.062347054,-0.48490465,0
-1.5666667,-0.17058459,0.096399426,-0.46138138,0.43303013,-0.77434629,0
-1.5878404,-0.58873683,0.64684916,-0.16170013,-0.89922065,-0.40651608,0
0.75139207,0.052786648,-1.005233,-0.46138138,0.43303013,-0.77434629,0
-0.20225126,-0.29577464,-0.35094744,-0.16170013,-0.89922065,-0.40651608,0
-0.14899227,-0.12425885,-0.55053878,-0.46138138,0.43303013,-0.77434629,0
-1.6296291,-0.34430373,1.3352358,-0.87234187,-0.062347054,0.48490465,0
0.65802246,0.43850937,0.15401164,0.16170013,0.89922065,0.40651608,0
-1.7818675,0.40739572,0.83811998,-0.87234187,-0.062347054,0.48490465,0
-1.8974583,0.17654859,0.59812284,-0.87234187,-0.062347054,0.48490465,0
1.0796475,0.28275156,-1.1596109,-0.46138138,0.43303013,-0.77434629,0
-1.1918901,-0.025422335,0.019243479,-0.46138138,0.43303013,-0.77434629,0
0.27601987,0.49903032,-0.21402872,0.16170013,0.89922065,0.40651608,0
0.73267776,0.33794981,-0.037462831,0.16170013,0.89922065,0.40651608,0
1.4852715,0.0042723417,-1.4567353,0.87234187,0.062347054,-0.48490465,0
1.3785001,-0.37127095,-0.91531086,-0.16170013,-0.89922065,-0.40651608,0
0.54528481,0.35018325,0.22559837,0.16170013,0.89922065,0.40651608,0
-0.99731815,-0.14617252,1.1992338,0.46138138,-0.43303013,0.77434629,0
0.88468337,0.33096272,-0.95304155,-0.46138138,0.43303013,-0.77434629,0
-1.2581873,-0.46581987,0.44839871,-0.16170013,-0.89922065,-0.40651608,0
-1.0708506,-0.73853773,0.91580534,0.46138138,-0.43303013,0.77434629,0
-0.23760256,0.17655188,0.76331002,0.16170013,0.89922065,0.40651608,0
-1.2368952,0.25037712,0.230178,-0.46138138,0.43303013,-0.77434629,0
-0.54697084,-0.32411891,-0.41092002,-0.16170013,-0.89922065,-0.40651608,0
0.074965388,-0.1617946,-0.68101364,-0.46138138,0.43303013,-0.77434629,0
1.5042934,0.0052062273,-1.5062733,0.87234187,0.062347054,-0.48490465,0
0.20136052,0.61156172,-0.52461642,-0.46138138,0.43303013,-0.77434629,0
0.45781288,-0.25188813,-0.69912994,-0.16170013,-0.89922065,-0.40651608,0
-1.0578313,-0.33036849,-0.25971955,-0.46138138,0.43303013,-0.77434629,0
-1.6149099,-0.039482296,1.1606675,-0.87234187,-0.062347054,0.48490465,0
0.86979413,-0.1764406,-1.0593578,-0.16170013,-0.89922065,-0.40651608,0
-1.2055937,0.51616883,0.3767004,0.16170013,0.89922065,0.40651608,0
0.52138579,0.10216841,0.41608039,0.46138138,-0.43303013,0.77434629,0
1.5179527,0.032932878,-1.3601213,0.87234187,0.062347054,-0.48490465,0
1.4837759,0.4244138,-1.2720243,0.87234187,0.062347054,-0.48490465,0
1.6706414,-0.31199062,-1.2593484,0.87234187,0.062347054,-0.48490465,0
1.18543,0.67297328,-0.65883505,0.16170013,0.89922065,0.40651608,0
1.8275326,0.061845511,-0.76363468,0.87234187,0.062347054,-0.48490465,0
0.50277531,0.5594089,-0.030569464,0.16170013,0.89922065,0.40651608,0
-1.6446279,0.047701716,1.0275372,-0.87234187,-0.062347054,0.48490465,0
2.0664601,0.26487863,-0.45070648,0.87234187,0.062347054,-0.48490465,0
-1.6132679,-0.35722065,1.2428695,-0.87234187,-0.062347054,0.48490465,0
1.4021122,-0.60598898,-0.50725889,0.46138138,-0.43303013,0.77434629,0
0.33856875,-0.35073608,-0.77077043,-0.16170013,-0.89922065,-0.40651608,0
1.6105093,0.21923041,-1.2361978,0.87234187,0.062347054,-0.48490465,0
-1.8750449,-0.26314944,0.76168203,-0.87234187,-0.062347054,0.48490465,0
0.98516399,0.5339703,-0.98474514,-0.46138138,0.43303013,-0.77434629,0
1.3614869,0.45657903,-1.0896343,-0.46138138,0.43303013,-0.77434629,0
0.88692272,0.19139445,-1.0425943,-0.46138138,0.43303013,-0.77434629,0
-0.34555337,0.37941241,0.61725157,0.16170013,0.89922065,0.40651608,0
0.066215008,0.088501364,0.56514442,0.46138138,-0.43303013,0.77434629,0
-0.27732378,-0.22888391,-0.4233309,-0.16170013,-0.89922065,-0.40651608,0
-1.7004029,-0.06582433,1.0756872,-0.87234187,-0.062347054,0.48490465,0
-1.6156144,-0.60748875,1.1338807,-0.87234187,-0.062347054,0.48490465,0
-0.74022073,0.15751594,1.1041669,0.16170013,0.89922065,0.40651608,0
1.7265619,0.62153357,-0.91992331,0.87234187,0.062347054,-0.48490465,0
0.84229827,-0.15448183,0.056690931,0.46138138,-0.43303013,0.77434629,0
-0.28778028,0.45147836,0.27004486,0.16170013,0.89922065,0.40651608,0
0.058886975,-0.4022747,0.32736158,0.46138138,-0.43303013,0.77434629,0
1.0631334,-0.39524156,-0.18066454,0.46138138,-0.43303013,0.77434629,0
-1.0205367,0.55549246,0.29244137,0.16170013,0.89922065,0.40651608,0
-0.49988168,0.26508972,-0.15680426,-0.46138138,0.43303013,-0.77434629,0
-1.3956572,0.12388097,0.34210825,-0.46138138,0.43303013,-0.77434629,0
-0.32130188,-0.54858994,0.025688991,-0.16170013,-0.89922065,-0.40651608,0
1.753238,0.091484293,-0.46793532,0.46138138,-0.43303013,0.77434629,0
-1.5810267,0.27924317,1.2347753,-0.87234187,-0.062347054,0.48490465,0
-1.6741493,0.44218105,0.97106385,-0.87234187,-0.062347054,0.48490465,0
1.7032573,0.29493433,-0.94349134,0.87234187,0.062347054,-0.48490465,0
1.4364367,0.67970973,-0.92805183,0.16170013,0.89922065,0.40651608,0
2.0445642,0.1575771,-0.60444355,0.87234187,0.062347054,-0.48490465,0
1.6955044,0.12494555,-0.33983397,0.46138138,-0.43303013,0.77434629,0
-1.1813304,-0.62323117,0.45405829,-0.16170013,-0.89922065,-0.40651608,0
-1.1416531,-0.69281524,0.81517339,-0.16170013,-0.89922065,-0.40651608,0
0.017280281,0.30976433,-0.38424686,-0.46138138,0.43303013,-0.77434629,0
-1.618457,0.037935972,1.3249896,-0.87234187,-0.062347054,0.48490465,0
-1.3426287,-0.38640463,1.2298398,0.46138138,-0.43303013,0.77434629,0
-1.5780603,-0.51411271,1.3016634,-0.87234187,-0.062347054,0.48490465,0
-1.0739086,-0.49026895,0.52102995,-0.16170013,-0.89922065,-0.40651608,0
-0.61485499,0.66027057,0.25375021,0.16170013,0.89922065,0.40651608,0
-1.874061,-0.1184493,0.53808033,-0.87234187,-0.062347054,0.48490465,0
-0.81720603,-0.024891287,-0.22913319,-0.46138138,0.43303013,-0.77434629,0
-0.8330791,-0.40769792,0.96889377,0.46138138,-0.43303013,0.77434629,0
-0.18968964,-0.1321696,0.69512784,0.46138138,-0.43303013,0.77434629,0
2.0857625,0.26367912,-0.52043176,0.87234187,0.062347054,-0.48490465,0
-1.1632186,0.54632998,0.40948474,-0.46138138,0.43303013,-0.77434629,0
-1.5632615,-0.092795491,1.4375645,-0.87234187,-0.062347054,0.48490465,0
0.16389024,0.6606732,-0.16131629,0.16170013,0.89922065,0.40651608,0
0.88891613,0.19747448,-1.1462243,-0.46138138,0.43303013,-0.77434629,0
-0.29680359,0.02341491,0.95339906,0.46138138,-0.43303013,0.77434629,0
-1.040273,-0.074313633,-0.015587449,-0.46138138,0.43303013,-0.77434629,0
1.7918984,-0.24345738,-0.890342,0.87234187,0.062347054,-0.48490465,0
0.31402752,-0.18231672,0.29164827,0.46138138,-0.43303013,0.77434629,0
-1.7209097,0.16607761,1.0127084,-0.87234187,-0.062347054,0.48490465,0
-0.38657668,-0.1801002,-0.54165304,-0.46138138,0.43303013,-0.77434629,0
0.88946342,-0.056511819,0.0015078783,0.46138138,-0.43303013,0.77434629,0
-0.23834668,0.022826314,-0.58678758,-0.46138138,0.43303013,-0.77434629,0
-1.6425527,-0.56497145,1.2501686,-0.87234187,-0.062347054,0.48490465,0
1.4461099,0.32056415,-0.23641026,0.16170013,0.89922065,0.40651608,0
-0.005468905,-0.61073387,-0.023472056,-0.16170013,-0.89922065,-0.40651608,0
0.38021863,-0.58425117,-0.014503121,0.46138138,-0.43303013,0.77434629,0
1.692386,-0.55070376,-0.60925937,0.46138138,-0.43303013,0.77434629,0
-0.95546746,0.44419855,0.14666498,-0.46138138,0.43303013,-0.77434629,0
1.8899504,-0.40144187,-0.76772618,0.46138138,-0.43303013,0.77434629,0
-0.52794927,0.63459361,-0.059188485,-0.46138138,0.43303013,-0.77434629,0
1.1759963,0.22952062,-0.01550138,0.46138138,-0.43303013,0.77434629,0
1.9928477,0.34209242,-0.55631971,0.87234187,0.062347054,-0.48490465,0
-1.6573149,0.2823908,1.0371644,-0.87234187,-0.062347054,0.48490465,0
1.4613143,0.68417454,-1.0597773,0.16170013,0.89922065,0.40651608,0
1.6194025,0.15909058,-1.1429243,0.87234187,0.062347054,-0.48490465,0
-1.372597,-0.055783406,0.036452413,-0.46138138,0.43303013,-0.77434629,0
-1.1158273,0.31140265,0.13017213,-0.46138138,0.43303013,-0.77434629,0
-0.62957978,0.019054174,1.1183295,0.46138138,-0.43303013,0.77434629,0
0.66348362,0.19543745,0.2433483,0.46138138,-0.43303013,0.77434629,0
1.0502254,0.38375139,0.018648982,0.16170013,0.89922065,0.40651608,0
1.5992413,0.46481219,-0.58250105,0.16170013,0.89922065,0.40651608,0
-1.5298417,-0.13664722,1.1688182,-0.87234187,-0.062347054,0.48490465,0
-1.552752,-0.037855506,1.2501968,-0.87234187,-0.062347054,0.48490465,0
1.8089819,-0.073549569,-0.95393014,0.87234187,0.062347054,-0.48490465,0
1.7499039,0.51712763,-0.82900453,0.87234187,0.062347054,-0.48490465,0
-1.5917416,-0.40298653,1.3602103,-0.87234187,-0.062347054,0.48490465,0
1.75735,-0.06941098,-0.96914172,0.87234187,0.062347054,-0.48490465,0
-1.2164218,-0.045514524,0.10819328,-0.46138138,0.43303013,-0.77434629,0
0.60323471,0.46902233,0.17873263,0.16170013,0.89922065,0.40651608,0
-1.6991835,0.33083871,0.96749735,0.16170013,0.89922065,0.40651608,0
-2.0192592,-0.29041919,0.36125159,-0.87234187,-0.062347054,0.48490465,0
1.7919422,-0.23588239,-0.62065673,0.46138138,-0.43303013,0.77434629,0
-1.9498258,-0.42069554,0.75247169,-0.87234187,-0.062347054,0.48490465,0
0.64669663,-0.13814318,-0.98635691,-0.46138138,0.43303013,-0.77434629,0
-0.035006352,-0.069834054,0.67715263,0.46138138,-0.43303013,0.77434629,0
-1.8711925,-0.42966348,0.66249037,-0.87234187,-0.062347054,0.48490465,0
1.9367028,0.24516249,-0.49979949,0.87234187,0.062347054,-0.48490465,0
-0.44350708,-0.095260262,0.86794275,0.46138138,-0.43303013,0.77434629,0
1.527148,0.53756607,-1.2347536,-0.46138138,0.43303013,-0.77434629,0
0.062112153,-0.5433628,-0.2911436,-0.16170013,-0.89922065,-0.40651608,0
-0.8857733,-0.24752367,-0.2490595,-0.46138138,0.43303013,-0.77434629,0
-1.6735229,0.066355348,1.0602984,-0.87234187,-0.062347054,0.48490465,0
-0.52221006,0.5071854,0.42958754,0.16170013,0.89922065,0.40651608,0
0.6191662,-0.15657687,0.31386524,0.46138138,-0.43303013,0.77434629,0
-1.6773682,-0.22696543,1.1868576,-0.87234187,-0.062347054,0.48490465,0
-0.59331048,0.26827699,0.97983724,0.16170013,0.89922065,0.40651608,0
0.46628875,-0.11619335,0.41886193,0.46138138,-0.43303013,0.77434629,0
1.2393396,0.52899545,-0.65680349,0.16170013,0.89922065,0.40651608,0
-0.48830244,0.26262203,0.85443056,0.16170013,0.89922065,0.40651608,0
1.8106656,-0.39826807,-0.90037489,0.87234187,0.062347054,-0.48490465,0
-0.41252029,0.44175959,0.62063044,0.16170013,0.89922065,0.40651608,0
0.022392005,0.41878772,-0.32889071,-0.46138138,0.43303013,-0.77434629,0
1.3193812,-0.38268393,-0.84370041,-0.16170013,-0.89922065,-0.40651608,0
1.4736328,-0.0095300078,-0.34767985,0.46138138,-0.43303013,0.77434629,0
0.065256462,0.11058339,0.59672648,0.46138138,-0.43303013,0.77434629,0
-0.54879367,-0.67390513,0.53723204,-0.16170013,-0.89922065,-0.40651608,0
-0.27089745,-0.39268464,-0.010579288,-0.16170013,-0.89922065,-0.40651608,0
1.6354897,-0.092182226,-0.4732455,0.46138138,-0.43303013,0.77434629,0
-1.2505044,-0.30921555,1.141876,0.46138138,-0.43303013,0.77434629,0
1.422997,0.67076194,-1.0139285,0.16170013,0.89922065,0.40651608,0
-1.4015481,0.31758165,0.87382269,0.16170013,0.89922065,0.40651608,0
-0.51429695,0.42110908,0.33628964,0.16170013,0.89922065,0.40651608,0
0.47112933,-0.57352221,-0.20381504,-0.16170013,-0.89922065,-0.40651608,0
-0.70222974,0.26163411,0.70290893,0.16170013,0.89922065,0.40651608,0
0.74027342,0.32248649,0.0604496,0.16170013,0.89922065,0.40651608,0
2.0538464,-0.038670778,-0.59893489,0.87234187,0.062347054,-0.48490465,0
-0.93194461,-0.41214365,0.14199203,-0.16170013,-0.89922065,-0.40651608,0
0.28718418,0.21679398,0.56538832,0.46138138,-0.43303013,0.77434629,0
-0.37581959,-0.39095408,-0.26536793,-0.16170013,-0.89922065,-0.40651608,0
-0.99011445,0.32305214,0.92036808,0.16170013,0.89922065,0.40651608,0
-0.27302921,-0.33509958,-0.54702234,-0.16170013,-0.89922065,-0.40651608,0
-0.2187174,0.47576141,-0.24701498,-0.46138138,0.43303013,-0.77434629,0
-1.8433118,-0.50374866,0.58804595,-0.16170013,-0.89922065,-0.40651608,0
0.96855682,0.15791842,0.080641687,0.46138138,-0.43303013,0.77434629,0
0.22657758,-0.28408945,-0.81517708,-0.16170013,-0.89922065,-0.40651608,0
-0.11642689,0.47655311,-0.19413225,-0.46138138,0.43303013,-0.77434629,0
1.2408931,-0.58599889,-0.46453178,0.46138138,-0.43303013,0.77434629,0
0.39673454,0.5396781,-0.15016934,0.16170013,0.89922065,0.40651608,0
-1.5782394,0.4937011,0.58081234,-0.46138138,0.43303013,-0.77434629,0
-0.50118268,0.24463272,-0.11164489,-0.46138138,0.43303013,-0.77434629,0
1.1611962,-0.60791069,-0.30896378,0.46138138,-0.43303013,0.77434629,0
0.48264453,0.55147845,-0.73763037,-0.46138138,0.43303013,-0.77434629,0
-0.33097529,-0.23127538,0.82305229,0.46138138,-0.43303013,0.77434629,0
1.9472854,0.13616307,-0.47867155,0.46138138,-0.43303013,0.77434629,0
-1.0049682,0.07810998,1.234143,0.16170013,0.89922065,0.40651608,0
-1.7893229,0.57212985,0.80701208,-0.87234187,-0.062347054,0.48490465,0
1.7643323,-0.09103328,-1.0262237,0.87234187,0.062347054,-0.48490465,0
-1.0687577,-0.14549041,1.2332097,0.46138138,-0.43303013,0.77434629,0
-1.6046648,0.12656999,1.3873885,-0.87234187,-0.062347054,0.48490465,0
1.6915532,0.56242621,-0.99907672,0.87234187,0.062347054,-0.48490465,0
-0.21300364,0.61981416,-0.10130614,-0.46138138,0.43303013,-0.77434629,0
1.7989165,-0.37164649,-0.6243155,0.46138138,-0.43303013,0.77434629,0
1.5093211,0.70413339,-1.1543387,-0.46138138,0.43303013,-0.77434629,0
0.18430227,-0.474738,0.3775388,0.46138138,-0.43303013,0.77434629,0
0.2840412,0.55460864,-0.31383675,0.16170013,0.89922065,0.40651608,0
1.7761471,0.430511,-0.79057431,0.87234187,0.062347054,-0.48490465,0
0.60562259,0.18183485,0.51343328,0.46138138,-0.43303013,0.77434629,0
2.0015671,0.16864634,-0.48409009,0.87234187,0.062347054,-0.48490465,0
0.63108873,0.6365459,-0.18605763,0.16170013,0.89922065,0.40651608,0
1.6997042,-0.35636425,-1.0092967,0.87234187,0.062347054,-0.48490465,0
-0.73914444,-0.12783742,1.0813168,0.46138138,-0.43303013,0.77434629,0
1.7625628,-0.0007904768,-1.0021074,0.87234187,0.062347054,-0.48490465,0
-0.87149811,-0.336142,-0.2038855,-0.16170013,-0.89922065,-0.40651608,0
1.621011,0.16555911,-1.1689408,0.87234187,0.062347054,-0.48490465,0
0.086315036,0.67780828,-0.15778755,0.16170013,0.89922065,0.40651608,0
-0.53678751,-0.041945398,-0.30079246,-0.46138138,0.43303013,-0.77434629,0
0.30422723,-0.36517337,-0.51784468,-0.16170013,-0.89922065,-0.40651608,0
0.77477849,-0.57870579,-0.16216332,0.46138138,-0.43303013,0.77434629,0
-1.8871038,-0.13530748,0.46265614,-0.46138138,0.43303013,-0.77434629,0
0.33654395,-0.55170727,-0.090577364,-0.16170013,-0.89922065,-0.40651608,0
1.6614006,0.32723969,-0.90229011,0.87234187,0.062347054,-0.48490465,0
-0.19362277,0.30525759,0.65849948,0.16170013,0.89922065,0.40651608,0
-1.3652592,0.4463467,0.98372185,0.16170013,0.89922065,0.40651608,0
-1.6204116,-0.4036293,1.1691301,-0.87234187,-0.062347054,0.48490465,0
-1.8436718,-0.44363222,0.59552681,-0.87234187,-0.062347054,0.48490465,0
-1.6434691,0.33661497,1.2473662,-0.87234187,-0.062347054,0.48490465,0
1.625852,0.37806344,-1.1897846,0.87234187,0.062347054,-0.48490465,0
1.4835379,0.232252,-1.279542,0.87234187,0.062347054,-0.48490465,0
-0.22851217,0.56570971,-0.2331529,-0.46138138,0.43303013,-0.77434629,0
-0.27260393,-0.41855457,-0.1698342,-0.16170013,-0.89922065,-0.40651608,0
-1.8765169,0.2058423,0.67185736,-0.87234187,-0.062347054,0.48490465,0
-0.099812776,-0.21015209,0.71471274,0.46138138,-0.43303013,0.77434629,0
1.6889863,0.59280121,-0.84425175,0.16170013,0.89922065,0.40651608,0
-1.5626096,-0.20000438,0.27534819,-0.46138138,0.43303013,-0.77434629,0
1.0764672,0.71920335,-0.60621202,0.16170013,0.89922065,0.40651608,0
-0.7627902,0.50579643,0.18625194,0.16170013,0.89922065,0.40651608,0
1.633669,0.11020488,-1.1335448,0.87234187,0.062347054,-0.48490465,0
1.1820445,-0.20470428,-1.1323024,-0.16170013,-0.89922065,-0.40651608,0
1.4893918,-0.18943167,-1.5175562,-0.46138138,0.43303013,-0.77434629,0
-1.6820735,-0.48834038,0.49152052,-0.16170013,-0.89922065,-0.40651608,0
1.1135683,0.083581209,-1.3255007,-0.46138138,0.43303013,-0.77434629,0
0.15103161,-0.55780518,0.16974778,0.46138138,-0.43303013,0.77434629,0
1.9386356,0.30072138,-0.54283786,0.87234187,0.062347054,-0.48490465,0
-1.7343645,0.17237937,1.0857909,-0.87234187,-0.062347054,0.48490465,0
1.1560534,-0.10202238,0.023611784,0.46138138,-0.43303013,0.77434629,0
1.5482123,-0.048705101,-1.3208843,0.87234187,0.062347054,-0.48490465,0
0.11736715,-0.75056022,0.17808256,-0.16170013,-0.89922065,-0.40651608,0
0.63710725,-0.6204859,-0.13633358,-0.16170013,-0.89922065,-0.40651608,0
1.6995076,0.53428102,-1.195771,0.87234187,0.062347054,-0.48490465,0
-0.034780145,-0.48992097,-0.24031863,-0.16170013,-0.89922065,-0.40651608,0
0.65098953,-0.64719534,-0.091297686,0.46138138,-0.43303013,0.77434629,0
-1.0068095,-0.34351099,-0.14251471,-0.16170013,-0.89922065,-0.40651608,0
1.1347399,0.68415827,-0.98977149,-0.46138138,0.43303013,-0.77434629,0
0.45353532,-0.58915621,-0.0010089874,0.46138138,-0.43303013,0.77434629,0
1.5220685,0.26099157,-0.20438194,0.46138138,-0.43303013,0.77434629,0
-0.5562228,-0.34543514,0.86891371,0.46138138,-0.43303013,0.77434629,0
1.6670926,0.073426351,-0.42272472,0.46138138,-0.43303013,0.77434629,0
-2.0457904,-0.35477185,0.45212746,-0.46138138,0.43303013,-0.77434629,0
-1.6357176,0.18895811,1.1057072,-0.87234187,-0.062347054,0.48490465,0
0.64630896,-0.53693986,0.0098050237,0.46138138,-0.43303013,0.77434629,0
-1.0109621,0.18251437,1.1124864,0.16170013,0.89922065,0.40651608,0
-1.5628598,-0.22370154,1.1811154,-0.87234187,-0.062347054,0.48490465,0
0.95521635,0.03892827,-1.2061796,-0.46138138,0.43303013,-0.77434629,0
-0.22619337,0.15320706,-0.31025705,-0.46138138,0.43303013,-0.77434629,0
1.7679015,0.34949547,-0.78707504,0.87234187,0.062347054,-0.48490465,0
-1.6298636,-0.69695371,0.80755603,-0.16170013,-0.89922065,-0.40651608,0
-1.1274107,0.56600541,0.45458162,-0.46138138,0.43303013,-0.77434629,0
-0.25563473,0.6437223,-0.097741187,0.16170013,0.89922065,0.40651608,0
-0.49199894,-0.083572805,0.91115892,0.46138138,-0.43303013,0.77434629,0
-1.6906276,-0.39753026,0.38492942,-0.16170013,-0.89922065,-0.40651608,0
-0.80247885,0.45784599,0.72699487,0.16170013,0.89922065,0.40651608,0
-1.1727561,0.21420336,1.3255397,0.16170013,0.89922065,0.40651608,0
-1.7312863,-0.063215941,0.44515836,-0.46138138,0.43303013,-0.77434629,0
-1.5694664,-0.79459715,1.1689204,-0.87234187,-0.062347054,0.48490465,0
1.086246,0.49084499,-0.12446231,0.16170013,0.89922065,0.40651608,0
-1.7650921,-0.38865244,0.96633434,-0.87234187,-0.062347054,0.48490465,0
1.6790144,0.43746483,-1.2205119,0.87234187,0.062347054,-0.48490465,0
-1.0669119,-0.21772403,-0.12969053,-0.46138138,0.43303013,-0.77434629,0
-1.8369806,0.2263725,0.72675061,-0.87234187,-0.062347054,0.48490465,0
-0.14167793,-0.2046155,-0.58456033,-0.46138138,0.43303013,-0.77434629,0
-1.7249904,-0.44449365,0.47700381,-0.16170013,-0.89922065,-0.40651608,0
0.66368484,0.59931099,-0.59449822,-0.46138138,0.43303013,-0.77434629,0
-0.67932087,0.15092641,1.0735095,0.16170013,0.89922065,0.40651608,0
0.084297985,-0.45416763,0.35396418,0.46138138,-0.43303013,0.77434629,0
1.0461627,-0.088461652,-0.12488806,0.46138138,-0.43303013,0.77434629,0
1.318951,0.82663864,-0.92716897,0.16170013,0.89922065,0.40651608,0
1.6238917,0.3894757,-1.3404362,0.87234187,0.062347054,-0.48490465,0
0.99696064,0.29011929,-0.96732724,-0.46138138,0.43303013,-0.77434629,0
1.3648704,-0.30216688,-1.2289306,-0.16170013,-0.89922065,-0.40651608,0
1.5239751,0.60589319,-0.61756837,0.16170013,0.89922065,0.40651608,0
1.4964561,0.070511103,-1.4915488,0.87234187,0.062347054,-0.48490465,0
-1.9446704,-0.22806856,0.48534012,-0.87234187,-0.062347054,0.48490465,0
-0.57158995,0.42181921,0.050013423,-0.46138138,0.43303013,-0.77434629,0
1.1109202,0.064333498,0.14843976,0.46138138,-0.43303013,0.77434629,0
-1.0674624,0.49158445,0.30729973,-0.46138138,0.43303013,-0.77434629,0
1.8973706,0.33964092,-0.48841774,0.87234187,0.062347054,-0.48490465,0
-0.71113402,0.33099386,0.59973693,0.16170013,0.89922065,0.40651608,0
1.5861595,0.6713652,-1.0523371,0.87234187,0.062347054,-0.48490465,0
1.6501614,-0.52187347,-0.82444263,-0.16170013,-0.89922065,-0.40651608,0
1.4606355,-0.554461,-0.68544543,-0.16170013,-0.89922065,-0.40651608,0
0.24716923,-0.43387771,0.24920054,0.46138138,-0.43303013,0.77434629,0
-1.158662,0.33441043,0.81377399,0.16170013,0.89922065,0.40651608,0
1.0642715,0.30617064,-1.0416939,-0.46138138,0.43303013,-0.77434629,0
0.78670835,0.61606693,-0.26292515,0.16170013,0.89922065,0.40651608,0
1.4733318,0.58585739,-1.2085159,0.87234187,0.062347054,-0.48490465,0
-0.61095583,0.18545717,1.186262,0.16170013,0.89922065,0.40651608,0
-1.0934619,0.29011601,1.0603772,0.16170013,0.89922065,0.40651608,0
-1.0004104,0.32631534,0.80190194,0.16170013,0.89922065,0.40651608,0
-0.88096416,-0.28859794,-0.044414461,-0.16170013,-0.89922065,-0.40651608,0
0.55196649,0.60294092,-0.60639447,-0.46138138,0.43303013,-0.77434629,0
0.57695651,0.59189272,-0.62885123,-0.46138138,0.43303013,-0.77434629,0
-0.83783507,-0.26083601,-0.25864634,-0.46138138,0.43303013,-0.77434629,0
1.0838194,-0.10465682,-1.385321,-0.46138138,0.43303013,-0.77434629,0
1.760185,0.15808338,-0.98746014,0.87234187,0.062347054,-0.48490465,0
-0.066631958,0.23178059,-0.37117472,-0.46138138,0.43303013,-0.77434629,0
-1.7844239,-0.46421915,0.51040983,-0.16170013,-0.89922065,-0.40651608,0
0.96409053,0.29356349,0.15852183,0.16170013,0.89922065,0.40651608,0
-0.5054267,0.11009818,-0.26069856,-0.46138138,0.43303013,-0.77434629,0
1.7049134,0.43041056,-1.1060196,0.87234187,0.062347054,-0.48490465,0
-1.8143141,-0.032989562,0.94260216,-0.87234187,-0.062347054,0.48490465,0
0.096659988,0.50272089,0.22670025,0.16170013,0.89922065,0.40651608,0
-0.59673375,0.10981351,1.0411401,0.46138138,-0.43303013,0.77434629,0
1.9523642,-0.29838634,-0.66084862,0.87234187,0.062347054,-0.48490465,0
-0.81188124,-0.54736459,0.54048914,-0.16170013,-0.89922065,-0.40651608,0
1.4362068,-0.35111237,-1.2131361,-0.16170013,-0.89922065,-0.40651608,0
1.5746472,0.56309807,-1.2805321,-0.46138138,0.43303013,-0.77434629,0
-1.5657234,0.08567071,1.3915818,-0.87234187,-0.062347054,0.48490465,0
0.17565227,0.51962006,0.22465613,0.16170013,0.89922065,0.40651608,0
-1.1581879,-0.26725721,-0.073218048,-0.16170013,-0.89922065,-0.40651608,0
1.9965076,0.17085916,-0.59065032,0.87234187,0.062347054,-0.48490465,0
-0.47857237,0.52647692,0.32008606,0.16170013,0.89922065,0.40651608,0
1.913523,-0.04634884,-0.79726839,0.87234187,0.062347054,-0.48490465,0
1.7822506,0.48851776,-0.95667243,0.87234187,0.062347054,-0.48490465,0
1.0996156,0.14897156,-1.0917505,-0.46138138,0.43303013,-0.77434629,0
0.6195541,-0.078780651,-1.1402755,-0.46138138,0.43303013,-0.77434629,0
-1.5552313,-0.73644155,0.92919755,-0.16170013,-0.89922065,-0.40651608,0
1.1117731,-0.53147733,-0.32638311,0.46138138,-0.43303013,0.77434629,0
-1.7882948,-0.31519234,0.93166661,-0.87234187,-0.062347054,0.48490465,0
0.35965121,0.61918402,-0.28070402,0.16170013,0.89922065,0.40651608,0
0.85488111,-0.56296015,-0.46893644,-0.16170013,-0.89922065,-0.40651608,0
1.8568988,0.51198584,-0.58951235,0.87234187,0.062347054,-0.48490465,0
1.5647506,0.089869261,-1.3566629,0.87234187,0.062347054,-0.48490465,0
-1.5342245,-0.077644229,1.4005847,-0.87234187,-0.062347054,0.48490465,0
1.8639458,-0.13689649,-0.92720628,0.87234187,0.062347054,-0.48490465,0
0.058460325,0.52937281,0.030036174,0.16170013,0.89922065,0.40651608,0
-1.793381,-0.20467031,0.80623519,-0.87234187,-0.062347054,0.48490465,0
-1.9627861,0.19124104,0.7230525,-0.87234187,-0.062347054,0.48490465,0
1.5551015,0.10215497,-1.4253911,0.87234187,0.062347054,-0.48490465,0
-1.2127019,-0.71801627,0.9139688,0.46138138,-0.43303013,0.77434629,0
-0.82453805,-0.33006066,-0.23418543,-0.16170013,-0.89922065,-0.40651608,0
1.6954918,0.61799246,-1.0622512,0.87234187,0.062347054,-0.48490465,0
1.7711947,0.14267415,-1.1237545,0.87234187,0.062347054,-0.48490465,0
-0.32650563,-0.69692326,0.32114452,-0.16170013,-0.89922065,-0.40651608,0
-1.7212906,-0.57023829,0.55080044,-0.16170013,-0.89922065,-0.40651608,0
-0.44448078,-0.015844554,-0.35253221,-0.46138138,0.43303013,-0.77434629,0
1.3663123,0.32584381,-1.2113718,-0.46138138,0.43303013,-0.77434629,0
-0.37874097,0.34103978,0.67772639,0.16170013,0.89922065,0.40651608,0
-0.78001189,0.12510926,1.0737215,0.46138138,-0.43303013,0.77434629,0
0.21670294,0.7392627,-0.27332351,0.16170013,0.89922065,0.40651608,0
-0.50751853,0.42719808,0.59365302,0.16170013,0.89922065,0.40651608,0
-0.22519323,0.50327337,0.26637149,0.16170013,0.89922065,0.40651608,0
1.1405911,-0.17915237,-1.0587434,-0.16170013,-0.89922065,-0.40651608,0
-0.71398944,-0.46606457,0.034315526,-0.16170013,-0.89922065,-0.40651608,0
-0.12218609,-0.0034013987,-0.6496501,-0.46138138,0.43303013,-0.77434629,0
-1.9261669,0.014743328,0.77924848,-0.87234187,-0.062347054,0.48490465,0
0.35138166,0.24067774,0.58164388,0.46138138,-0.43303013,0.77434629,0
-1.7811915,-0.55982059,0.85504472,-0.87234187,-0.062347054,0.48490465,0
1.608477,-0.25108829,-0.40286851,0.46138138,-0.43303013,0.77434629,0
0.23821497,0.60290158,-0.038314894,0.16170013,0.89922065,0.40651608,0
-0.98879635,0.51669383,0.1986692,-0.46138138,0.43303013,-0.77434629,0
0.094606347,0.10275519,0.73235959,0.46138138,-0.43303013,0.77434629,0
-1.622793,0.63069868,0.54592967,-0.46138138,0.43303013,-0.77434629,0
0.22457801,-0.24564302,0.3483831,0.46138138,-0.43303013,0.77434629,0
1.7255187,0.35958332,-0.79458451,0.87234187,0.062347054,-0.48490465,0
1.3939732,-0.31391248,-0.4755075,0.46138138,-0.43303013,0.77434629,0
-1.0339062,-0.55754066,1.0274409,0.46138138,-0.43303013,0.77434629,0
1.4321849,0.73369598,-1.0633118,-0.46138138,0.43303013,-0.77434629,0
-1.5991131,0.16904455,1.1178875,-0.87234187,-0.062347054,0.48490465,0
-0.16155744,0.079557896,-0.55864525,-0.46138138,0.43303013,-0.77434629,0
-1.3709015,-0.29435113,-0.10541213,-0.16170013,-0.89922065,-0.40651608,0
-0.4720999,0.23372039,-0.26596045,-0.46138138,0.43303013,-0.77434629,0
-1.6093559,-0.083707295,0.18041837,-0.46138138,0.43303013,-0.77434629,0
1.6930726,0.095991969,-1.0474293,0.87234187,0.062347054,-0.48490465,0
1.0275724,-0.56361824,-0.43144131,-0.16170013,-0.89922065,-0.40651608,0
-1.9742163,0.40006956,0.79102015,-0.87234187,-0.062347054,0.48490465,0
0.16412008,0.4714703,-0.48518044,-0.46138138,0.43303013,-0.77434629,0
-1.950053,-0.27603269,0.64656186,-0.87234187,-0.062347054,0.48490465,0
0.58091772,0.5347482,-0.41605371,0.16170013,0.89922065,0.40651608,0
-1.6786964,-0.55101109,0.84864295,-0.87234187,-0.062347054,0.48490465,0
0.90137017,0.69421971,-0.69112718,0.16170013,0.89922065,0.40651608,0
0.90377367,-0.0043438673,0.015330315,0.46138138,-0.43303013,0.77434629,0
-0.83931774,0.40900576,0.11378258,-0.46138138,0.43303013,-0.77434629,0
-0.91712236,-0.17680727,-0.28831547,-0.46138138,0.43303013,-0.77434629,0
-1.6288819,-0.12121022,1.2797569,-0.87234187,-0.062347054,0.48490465,0
-0.62389755,-0.5501219,0.76177865,0.46138138,-0.43303013,0.77434629,0
0.67858076,0.14458418,-1.0046017,-0.46138138,0.43303013,-0.77434629,0
1.8329859,-0.056817085,-0.77358651,0.87234187,0.062347054,-0.48490465,0
0.14566192,-0.36201602,0.36685747,0.46138138,-0.43303013,0.77434629,0
-1.9646435,-0.048680365,0.72260451,-0.87234187,-0.062347054,0.48490465,0
-0.51982272,0.28002468,-0.079582095,-0.46138138,0.43303013,-0.77434629,0
-0.73457253,-0.2828427,-0.32294697,-0.16170013,-0.89922065,-0.40651608,0
-1.8844128,-0.32772085,0.54806685,-0.87234187,-0.062347054,0.48490465,0
-1.5263999,-0.2913993,0.24103105,-0.16170013,-0.89922065,-0.40651608,0
1.5712497,0.31434786,-1.1501778,0.87234187,0.062347054,-0.48490465,0
1.8914349,-0.44102487,-0.87010121,0.87234187,0.062347054,-0.48490465,0
1.4026219,0.57153517,-0.39612424,0.16170013,0.89922065,0.40651608,0
-1.2987804,0.46998644,0.8488071,0.16170013,0.89922065,0.40651608,0
1.8916701,0.3808555,-0.23546743,0.16170013,0.89922065,0.40651608,0
-1.8063308,-0.13882506,0.98473048,-0.87234187,-0.062347054,0.48490465,0
1.5448076,0.04595232,-1.1476047,0.87234187,0.062347054,-0.48490465,0
-0.12776724,-0.34544033,-0.54561639,-0.16170013,-0.89922065,-0.40651608,0
1.2922882,-0.52354252,-0.70906317,-0.16170013,-0.89922065,-0.40651608,0
-0.788553,0.57739997,0.50932562,0.16170013,0.89922065,0.40651608,0
1.9169614,-0.07250756,-0.86833405,0.87234187,0.062347054,-0.48490465,0
-0.80504572,-0.73230231,0.46645898,-0.16170013,-0.89922065,-0.40651608,0
-1.3528253,0.51672411,0.34794211,-0.46138138,0.43303013,-0.77434629,0
-1.454223,0.536066,0.84283102,0.16170013,0.89922065,0.40651608,0
-1.5389971,-0.22789991,1.2122468,-0.87234187,-0.062347054,0.48490465,0
-1.3589059,-0.53499317,0.45204747,-0.16170013,-0.89922065,-0.40651608,0
2.0246334,0.2150315,-0.42423773,0.87234187,0.062347054,-0.48490465,0
-0.4231109,0.11139166,0.94609195,0.46138138,-0.43303013,0.77434629,0
0.40266052,-0.49323618,-0.48910791,-0.16170013,-0.89922065,-0.40651608,0
0.83125436,0.088770136,0.16079766,0.46138138,-0.43303013,0.77434629,0
1.8480483,-0.31940767,-0.97288942,0.87234187,0.062347054,-0.48490465,0
0.81347382,0.18699437,0.2607137,0.46138138,-0.43303013,0.77434629,0
-0.57204574,0.57542408,0.093337476,0.16170013,0.89922065,0.40651608,0
1.7908804,0.38013041,-0.97879791,0.87234187,0.062347054,-0.48490465,0
-1.6590731,-0.066474855,0.95968044,-0.87234187,-0.062347054,0.48490465,0
-1.580954,0.289763,1.0401409,0.16170013,0.89922065,0.40651608,0
-0.32341242,0.4196488,-0.27513373,-0.46138138,0.43303013,-0.77434629,0
1.4081587,-0.2667836,-1.224661,-0.16170013,-0.89922065,-0.40651608,0
-1.8187118,-0.25115275,0.90326595,-0.87234187,-0.062347054,0.48490465,0
1.5923376,-0.26293945,-0.46173489,0.46138138,-0.43303013,0.77434629,0
1.8746264,0.50254983,-0.76984477,0.87234187,0.062347054,-0.48490465,0
-0.48626548,0.67223221,0.037402868,-0.46138138,0.43303013,-0.77434629,0
1.6065876,-0.31722528,-1.0293982,-0.16170013,-0.89922065,-0.40651608,0
1.2391661,0.22511315,-1.143126,-0.46138138,0.43303013,-0.77434629,0
1.1858132,0.55547911,-0.6698302,0.16170013,0.89922065,0.40651608,0
-1.5075533,-0.076744072,0.094690084,-0.46138138,0.43303013,-0.77434629,0
-1.1431887,0.44142473,0.92820179,0.16170013,0.89922065,0.40651608,0
-0.33363715,-0.41108578,0.49617082,0.46138138,-0.43303013,0.77434629,0
1.9200761,-0.090888619,-0.79730511,0.87234187,0.062347054,-0.48490465,0
-1.1253114,-0.27985072,1.1956329,0.46138138,-0.43303013,0.77434629,0
0.27282387,-0.68712878,-0.05079776,-0.16170013,-0.89922065,-0.40651608,0
-1.9844383,-0.18255922,0.51296878,-0.87234187,-0.062347054,0.48490465,0
-1.5033764,0.0271945,1.2805799,-0.87234187,-0.062347054,0.48490465,0
-0.27023619,-0.16834104,0.74725926,0.46138138,-0.43303013,0.77434629,0
-0.77133191,0.45832771,0.57154214,0.16170013,0.89922065,0.40651608,0
0.62934655,0.4502151,-0.70739114,-0.46138138,0.43303013,-0.77434629,0
1.0030411,0.21015143,0.10877383,0.46138138,-0.43303013,0.77434629,0
1.772306,-0.13181353,-0.79623604,0.87234187,0.062347054,-0.48490465,0
0.73820102,0.52222675,-0.070632875,0.16170013,0.89922065,0.40651608,0
-1.6357572,0.13657886,1.201483,-0.87234187,-0.062347054,0.48490465,0
-0.88630468,0.37110573,0.70251942,0.16170013,0.89922065,0.40651608,0
0.99677229,-0.16235262,-1.2660773,-0.16170013,-0.89922065,-0.40651608,0
0.089548111,-0.62308937,0.31576806,0.46138138,-0.43303013,0.77434629,0
1.74931,-0.13156393,-0.83576465,0.87234187,0.062347054,-0.48490465,0
-1.5869064,-0.17598116,1.3276324,-0.87234187,-0.062347054,0.48490465,0
0.52374643,0.70190513,-0.60815233,-0.46138138,0.43303013,-0.77434629,0
1.7146317,-0.31734291,-0.8963685,0.87234187,0.062347054,-0.48490465,0
-0.80161899,-0.74175507,0.61877269,0.46138138,-0.43303013,0.77434629,0
1.5309858,0.069967031,-1.2694438,0.87234187,0.062347054,-0.48490465,0
-1.6743519,-0.30822587,1.2232563,-0.87234187,-0.062347054,0.48490465,0
-1.9314173,0.2364291,0.71207118,-0.87234187,-0.062347054,0.48490465,0
1.762032,0.42167896,-0.78489804,0.87234187,0.062347054,-0.48490465,0
1.7158885,0.52236509,-0.93615603,0.87234187,0.062347054,-0.48490465,0
-1.7493012,-0.47901767,1.0843446,-0.87234187,-0.062347054,0.48490465,0
0.079445183,0.065995216,-0.65672171,-0.46138138,0.43303013,-0.77434629,0
1.2713262,0.25752944,0.029340506,0.16170013,0.89922065,0.40651608,0
1.4646201,0.51310456,-1.3255997,0.87234187,0.062347054,-0.48490465,0
-1.2249479,0.36293054,1.0240176,0.16170013,0.89922065,0.40651608,0
-1.1765605,-0.7125299,1.0289719,-0.16170013,-0.89922065,-0.40651608,0
-1.781559,-0.53429252,0.96235991,-0.87234187,-0.062347054,0.48490465,0
-2.0186551,-0.18189204,0.62554646,-0.87234187,-0.062347054,0.48490465,0
1.4213459,-0.3851212,-0.43655646,0.46138138,-0.43303013,0.77434629,0
0.62145072,0.38327804,0.36292863,0.16170013,0.89922065,0.40651608,0
1.9985313,0.093929529,-0.62463737,0.87234187,0.062347054,-0.48490465,0
1.4661773,0.39623141,-0.41955113,0.16170013,0.89922065,0.40651608,0
-1.1684327,-0.31507754,-0.081849158,-0.16170013,-0.89922065,-0.40651608,0
1.6873332,-0.48875803,-0.57499671,0.46138138,-0.43303013,0.77434629,0
-0.57758403,-0.10950112,0.94424516,0.46138138,-0.43303013,0.77434629,0
0.35642877,0.50492489,0.077082284,0.16170013,0.89922065,0.40651608,0
1.9574335,0.31170076,-0.49480462,0.87234187,0.062347054,-0.48490465,0
1.7646614,0.060470939,-1.0953822,0.87234187,0.062347054,-0.48490465,0
1.519413,0.21635938,-1.3314095,-0.46138138,0.43303013,-0.77434629,0
-0.42596596,-0.38015455,0.62282407,0.46138138,-0.43303013,0.77434629,0
-0.21498883,-0.6718632,0.48078585,0.46138138,-0.43303013,0.77434629,0
1.4666953,-0.32077232,-0.37524772,0.46138138,-0.43303013,0.77434629,0
-0.57212746,0.051914752,1.004216,0.46138138,-0.43303013,0.77434629,0
