-0.18100733,-0.3558982,-0.14894286,-0.26188481,-0.81964636,-0.50950587,0
-0.20834768,0.6237222,-0.092964113,0.26188481,0.81964636,0.50950587,0
-0.50035238,0.30179965,0.39558834,-0.3845894,-0.3955704,0.83403546,0
-0.20598054,-0.41296023,-0.019771427,-0.26188481,-0.81964636,-0.50950587,0
0.11215755,0.55923015,-0.3514058,0.3845894,0.3955704,-0.83403546,0
-0.44534734,0.14835462,-0.33126941,-0.88515949,0.41437179,-0.21163332,0
0.073931158,0.32016984,0.5723452,0.26188481,0.81964636,0.50950587,0
-0.65433443,-0.33527654,0.073819391,-0.88515949,0.41437179,-0.21163332,0
-0.01993978,-0.40085855,0.38571599,-0.3845894,-0.3955704,0.83403546,0
0.0082974136,-0.52098227,0.47263089,-0.3845894,-0.3955704,0.83403546,0
-0.31695777,0.38448155,-0.073488653,-0.88515949,0.41437179,-0.21163332,0
0.12582767,0.51892728,0.21505037,0.26188481,0.81964636,0.50950587,0
-0.16427717,-0.31534427,-0.27311948,-0.26188481,-0.81964636,-0.50950587,0
-0.68737906,-0.19400853,-0.090005308,-0.88515949,0.41437179,-0.21163332,0
-0.22645366,-0.59461391,-0.099163145,-0.26188481,-0.81964636,-0.50950587,0
-0.61781865,-0.53181124,0.12619635,-0.26188481,-0.81964636,-0.50950587,0
0.10901093,0.65782523,-0.11741856,0.26188481,0.81964636,0.50950587,0
0.70084995,0.16385537,-0.1183075,0.88515949,-0.41437179,0.21163332,0
0.085453123,-0.55628127,0.39442471,-0.3845894,-0.3955704,0.83403546,0
0.36334419,-0.050191835,0.51137334,0.88515949,-0.41437179,0.21163332,0
0.59970987,0.30010414,0.030029491,0.88515949,-0.41437179,0.21163332,0
-0.59165078,-0.39326608,0.20345061,-0.3845894,-0.3955704,0.83403546,0
0.014508098,-0.2184664,0.59319574,-0.3845894,-0.3955704,0.83403546,0
0.19399405,0.33928394,0.17485961,0.26188481,0.81964636,0.50950587,0
-0.077017188,0.6440925,-0.36065322,-0.88515949,0.41437179,-0.21163332,0
0.46810472,-0.15135384,0.5309273,0.88515949,-0.41437179,0.21163332,0
-0.032595322,0.2563754,-0.50206834,0.3845894,0.3955704,-0.83403546,0
-0.32785985,-0.62027496,0.2115216,-0.3845894,-0.3955704,0.83403546,0
-0.64139885,-0.40893802,-0.048808761,-0.88515949,0.41437179,-0.21163332,0
0.0019128323,-0.51447129,0.24442664,-0.3845894,-0.3955704,0.83403546,0
-0.61799824,-0.16804129,-0.321123,-0.88515949,0.41437179,-0.21163332,0
0.035785198,-0.040751219,0.53985679,-0.3845894,-0.3955704,0.83403546,0
-0.40610802,0.50699788,-0.14053923,-0.88515949,0.41437179,-0.21163332,0
-0.32444358,0.59025681,0.040139139,0.26188481,0.81964636,0.50950587,0
-0.1329875,0.33971024,0.60944974,0.26188481,0.81964636,0.50950587,0
-0.35837904,0.27911764,0.10012281,-0.88515949,0.41437179,-0.21163332,0
0.59490037,0.39406738,-0.12776111,0.26188481,0.81964636,0.50950587,0
0.012530267,-0.22650135,0.44699878,-0.3845894,-0.3955704,0.83403546,0
0.25540006,-0.43573093,0.48255327,0.88515949,-0.41437179,0.21163332,0
-0.35704058,0.20398453,-0.11135244,-0.88515949,0.41437179,-0.21163332,0
-0.18522418,-0.73639524,0.12875074,-0.26188481,-0.81964636,-0.50950587,0
0.42906243,0.4516412,0.13059355,0.26188481,0.81964636,0.50950587,0
-0.10524461,-0.46021762,-0.21333623,-0.26188481,-0.81964636,-0.50950587,0
-0.30068275,0.12244433,0.45329043,-0.3845894,-0.3955704,0.83403546,0
-0.16960114,0.73926246,0.0021412969,-0.88515949,0.41437179,-0.21163332,0
0.30993211,0.24800953,-0.29140091,0.3845894,0.3955704,-0.83403546,0
0.056580961,-0.56610394,-0.005069524,-0.26188481,-0.81964636,-0.50950587,0
0.06796205,-0.6776619,0.34068671,-0.3845894,-0.3955704,0.83403546,0
0.36860541,0.16433853,-0.33178765,0.3845894,0.3955704,-0.83403546,0
-0.57657188,-0.28244519,-0.12981215,-0.88515949,0.41437179,-0.21163332,0
0.51206988,0.20432918,0.36110672,0.88515949,-0.41437179,0.21163332,0
-0.61609697,0.060150266,0.22362876,-0.88515949,0.41437179,-0.21163332,0
0.23553643,-0.65038556,-0.16687214,0.88515949,-0.41437179,0.21163332,0
0.28294888,-0.3914915,-0.44272697,-0.26188481,-0.81964636,-0.50950587,0
-0.48993766,0.037538111,-0.15772605,-0.88515949,0.41437179,-0.21163332,0
-0.15593737,0.056491733,0.5236991,-0.3845894,-0.3955704,0.83403546,0
0.50550038,-0.18724909,0.31442693,0.88515949,-0.41437179,0.21163332,0
0.65034324,0.32129318,-0.051250607,0.3845894,0.3955704,-0.83403546,0
-0.30252588,-0.50420612,0.13822864,-0.26188481,-0.81964636,-0.50950587,0
0.10823536,0.76257515,-0.17845297,0.26188481,0.81964636,0.50950587,0
0.39906088,0.23523867,-0.36705291,0.3845894,0.3955704,-0.83403546,0
0.10076964,0.0053656101,-0.65853852,0.3845894,0.3955704,-0.83403546,0
0.64431858,-0.14747113,-0.45670027,0.3845894,0.3955704,-0.83403546,0
-0.64375794,-0.15842479,-0.13164015,-0.88515949,0.41437179,-0.21163332,0
0.50321645,-0.29669014,-0.1204204,0.88515949,-0.41437179,0.21163332,0
-0.31668741,0.41408312,-0.25301966,-0.88515949,0.41437179,-0.21163332,0
-0.45180959,0.11056039,-0.068396986,-0.88515949,0.41437179,-0.21163332,0
-0.64262307,0.13812643,0.29838204,-0.3845894,-0.3955704,0.83403546,0
0.65325737,0.30736735,0.18382239,0.88515949,-0.41437179,0.21163332,0
0.1442036,-0.62412339,0.12211728,0.88515949,-0.41437179,0.21163332,0
-0.65575039,-0.098346233,-0.071075946,-0.88515949,0.41437179,-0.21163332,0
0.23018655,-0.45930409,-0.32695153,-0.26188481,-0.81964636,-0.50950587,0
-0.12369612,-0.21303105,0.49815309,-0.3845894,-0.3955704,0.83403546,0
0.020940006,-0.57075524,0.044811606,-0.26188481,-0.81964636,-0.50950587,0
0.26941559,-0.23618606,0.4222742,0.88515949,-0.41437179,0.21163332,0
-0.48057398,0.25042498,-0.19554633,-0.88515949,0.41437179,-0.21163332,0
0.62263405,0.081443027,0.28642866,0.88515949,-0.41437179,0.21163332,0
-0.26487899,-0.098207295,0.54500735,-0.3845894,-0.3955704,0.83403546,0
0.61085302,-0.010285914,-0.38875097,0.3845894,0.3955704,-0.83403546,0
-0.3604722,0.30247897,-0.39524883,-0.88515949,0.41437179,-0.21163332,0
0.059865713,-0.57577109,0.054242551,-0.26188481,-0.81964636,-0.50950587,0
0.11902758,0.34790277,0.35714006,0.26188481,0.81964636,0.50950587,0
0.35942703,-0.47165412,-0.040250838,0.88515949,-0.41437179,0.21163332,0
0.49323583,0.2257342,0.1831104,0.26188481,0.81964636,0.50950587,0
0.23236907,0.41496116,0.27821591,0.26188481,0.81964636,0.50950587,0
0.66023457,0.37542248,0.17399153,0.26188481,0.81964636,0.50950587,0
-0.5553987,-0.27005613,0.25416866,-0.3845894,-0.3955704,0.83403546,0
0.13667102,-0.27658051,-0.57088041,0.3845894,0.3955704,-0.83403546,0
-0.19748214,0.40896973,0.56085008,0.26188481,0.81964636,0.50950587,0
0.39176977,0.2146818,-0.37235069,0.3845894,0.3955704,-0.83403546,0
0.31113181,-0.42445114,-0.32115337,-0.26188481,-0.81964636,-0.50950587,0
-0.045830339,0.47359788,-0.36099249,0.3845894,0.3955704,-0.83403546,0
0.33943027,-0.35578561,0.47100878,0.88515949,-0.41437179,0.21163332,0
0.44109613,-0.17066906,0.40339142,0.88515949,-0.41437179,0.21163332,0
-0.089022726,0.40899566,0.22717494,0.26188481,0.81964636,0.50950587,0
0.03382194,-0.58150548,0.22248068,-0.3845894,-0.3955704,0.83403546,0
-0.024543136,-0.42800939,0.4870829,-0.3845894,-0.3955704,0.83403546,0
0.028682828,-0.83925062,0.30700958,-0.3845894,-0.3955704,0.83403546,0
0.41096991,0.024093444,0.28159589,0.88515949,-0.41437179,0.21163332,0
0.017677486,-0.3737486,0.44023186,-0.3845894,-0.3955704,0.83403546,0
-0.47698414,0.036617905,-0.6516735,-0.88515949,0.41437179,-0.21163332,0
0.56901366,0.22968081,0.375296,0.88515949,-0.41437179,0.21163332,0
-0.030258358,0.25956538,0.47426778,0.26188481,0.81964636,0.50950587,0
-0.60359579,-0.30146539,-0.2075958,-0.26188481,-0.81964636,-0.50950587,0
-0.25953072,-0.089926243,0.3669627,-0.3845894,-0.3955704,0.83403546,0
-0.058540612,0.53777909,0.046039224,0.26188481,0.81964636,0.50950587,0
-0.019749939,-0.42686987,-0.13424429,-0.26188481,-0.81964636,-0.50950587,0
0.32062042,-0.018514961,0.63333136,-0.3845894,-0.3955704,0.83403546,0
0.37379661,-0.62373018,-0.18450141,0.88515949,-0.41437179,0.21163332,0
-0.1325897,0.34146863,0.62179136,-0.3845894,-0.3955704,0.83403546,0
0.086237609,-0.59467143,0.36946538,-0.3845894,-0.3955704,0.83403546,0
0.63499784,0.35904276,-0.064000398,0.3845894,0.3955704,-0.83403546,0
-0.59148496,-0.40255839,0.24071744,-0.3845894,-0.3955704,0.83403546,0
-0.37474945,-0.4096216,0.21962826,-0.3845894,-0.3955704,0.83403546,0
0.61779368,0.36722717,-0.086734772,0.3845894,0.3955704,-0.83403546,0
-0.33593753,-0.062250137,0.46529722,-0.3845894,-0.3955704,0.83403546,0
0.45766759,0.19427878,-0.39328569,0.3845894,0.3955704,-0.83403546,0
0.18019935,0.19764441,0.4831416,0.26188481,0.81964636,0.50950587,0
0.4008503,0.33195958,-0.27797145,0.3845894,0.3955704,-0.83403546,0
-0.44091293,0.39741182,0.56127608,0.26188481,0.81964636,0.50950587,0
-0.53420919,0.097054482,-0.34051692,-0.88515949,0.41437179,-0.21163332,0
-0.54912305,-0.093851209,-0.040319189,-0.88515949,0.41437179,-0.21163332,0
0.40431848,0.57387471,-0.1977949,0.3845894,0.3955704,-0.83403546,0
0.36548874,0.45692053,-0.15831994,0.3845894,0.3955704,-0.83403546,0
0.50172192,0.025403798,-0.25757843,0.3845894,0.3955704,-0.83403546,0
0.26608521,-0.50879359,0.21410379,0.88515949,-0.41437179,0.21163332,0
-0.50064492,0.15864462,0.24121398,-0.88515949,0.41437179,-0.21163332,0
0.53593528,0.28279465,-0.32447851,0.3845894,0.3955704,-0.83403546,0
-0.6908564,-0.28923371,-0.012806669,-0.88515949,0.41437179,-0.21163332,0
0.44115126,-0.014463156,0.63765001,0.26188481,0.81964636,0.50950587,0
-0.10091156,0.32942393,-0.48288858,0.3845894,0.3955704,-0.83403546,0
0.16006935,-0.56133127,-0.012826741,-0.26188481,-0.81964636,-0.50950587,0
0.56569993,0.16688754,0.15932412,0.88515949,-0.41437179,0.21163332,0
0.16516492,0.40141141,-0.42620552,0.3845894,0.3955704,-0.83403546,0
-0.49160007,-0.14970505,0.31282818,-0.3845894,-0.3955704,0.83403546,0
-0.15872437,-0.33372498,-0.31952798,-0.26188481,-0.81964636,-0.50950587,0
0.38900983,0.51182836,0.044321388,0.26188481,0.81964636,0.50950587,0
0.5768981,0.05885911,-0.22427304,0.3845894,0.3955704,-0.83403546,0
0.37111628,-0.55804431,-0.14996421,0.88515949,-0.41437179,0.21163332,0
-0.10825026,0.60858268,-0.43019029,0.3845894,0.3955704,-0.83403546,0
0.27602816,-0.36920905,0.48295557,-0.3845894,-0.3955704,0.83403546,0
-0.68130505,-0.38448358,0.16896971,-0.88515949,0.41437179,-0.21163332,0
0.296471,-0.50368112,-0.0014811754,0.88515949,-0.41437179,0.21163332,0
-0.29467896,0.53835201,-0.02244091,-0.88515949,0.41437179,-0.21163332,0
-0.56160378,-0.51772201,0.078261063,-0.26188481,-0.81964636,-0.50950587,0
-0.23318285,0.42935508,-0.49574441,0.3845894,0.3955704,-0.83403546,0
-0.47655925,0.27234307,-0.1405507,-0.88515949,0.41437179,-0.21163332,0
-0.30703929,-0.37733155,-0.32676178,-0.26188481,-0.81964636,-0.50950587,0
-0.77409387,-0.44971451,-0.052511856,-0.26188481,-0.81964636,-0.50950587,0
-0.24239706,0.26978886,0.54784781,-0.3845894,-0.3955704,0.83403546,0
0.41251945,-0.57227308,-0.051994383,0.88515949,-0.41437179,0.21163332,0
-0.17719136,0.11768365,0.57234496,-0.3845894,-0.3955704,0.83403546,0
0.26119405,-0.59337646,0.23071784,0.88515949,-0.41437179,0.21163332,0
0.53842616,0.2902064,0.32154518,0.88515949,-0.41437179,0.21163332,0
0.48918566,0.16507158,0.3544856,0.26188481,0.81964636,0.50950587,0
-0.33202332,-0.034667015,0.54016018,-0.3845894,-0.3955704,0.83403546,0
-0.47786814,0.074988961,0.41565844,-0.3845894,-0.3955704,0.83403546,0
0.079349592,-0.20423672,0.45296043,-0.3845894,-0.3955704,0.83403546,0
-0.30229852,0.61622357,-0.16038811,-0.88515949,0.41437179,-0.21163332,0
0.39297944,0.20146167,-0.23621371,0.3845894,0.3955704,-0.83403546,0
0.32606801,-0.44659257,-0.58303505,-0.26188481,-0.81964636,-0.50950587,0
0.52048934,-0.3677116,-0.23955551,0.88515949,-0.41437179,0.21163332,0
0.50154454,-0.068291187,0.21458241,0.88515949,-0.41437179,0.21163332,0
0.46344036,0.029412329,0.073691234,0.88515949,-0.41437179,0.21163332,0
0.065001093,-0.15283284,0.48141953,-0.3845894,-0.3955704,0.83403546,0
0.00028911233,0.15310797,0.56320381,-0.3845894,-0.3955704,0.83403546,0
0.12282592,0.44104692,0.19281887,0.26188481,0.81964636,0.50950587,0
-0.16886146,0.24013293,-0.61255533,0.3845894,0.3955704,-0.83403546,0
0.059769735,-0.30296135,0.59255213,-0.3845894,-0.3955704,0.83403546,0
0.15478748,0.39511082,0.27950308,0.26188481,0.81964636,0.50950587,0
0.021215681,-0.073348314,0.46231979,-0.3845894,-0.3955704,0.83403546,0
-0.086899519,0.65786576,-0.072776437,0.26188481,0.81964636,0.50950587,0
0.56309509,0.017158512,0.39479795,0.88515949,-0.41437179,0.21163332,0
-0.2397681,0.12628382,0.59658551,-0.3845894,-0.3955704,0.83403546,0
0.2114881,-0.31498253,0.38891983,0.88515949,-0.41437179,0.21163332,0
0.31016639,-0.55814701,0.13430768,0.88515949,-0.41437179,0.21163332,0
0.077432275,-0.66656709,0.047314346,-0.26188481,-0.81964636,-0.50950587,0
-0.036787007,0.043370545,-0.59833121,0.3845894,0.3955704,-0.83403546,0
0.21760356,-0.73726094,0.13926047,-0.26188481,-0.81964636,-0.50950587,0
-0.23303488,0.52226114,0.42650247,0.26188481,0.81964636,0.50950587,0
-0.034540594,-0.14712095,-0.6413762,0.3845894,0.3955704,-0.83403546,0
-0.69012511,-0.50860572,0.029549945,-0.26188481,-0.81964636,-0.50950587,0
0.28355783,-0.34347701,0.12605307,0.88515949,-0.41437179,0.21163332,0
-0.49074617,0.25152951,0.32293573,-0.88515949,0.41437179,-0.21163332,0
-0.019364566,0.32145926,-0.49417835,0.3845894,0.3955704,-0.83403546,0
0.12909147,0.53723943,0.10712954,0.26188481,0.81964636,0.50950587,0
0.51282549,-0.40833044,-0.64234364,0.3845894,0.3955704,-0.83403546,0
-0.54135865,0.22391412,0.19118065,-0.88515949,0.41437179,-0.21163332,0
-0.047388941,0.44231048,-0.33710334,0.3845894,0.3955704,-0.83403546,0
-0.19068992,0.50023383,-0.45627138,0.3845894,0.3955704,-0.83403546,0
-0.055125594,-0.52124876,-0.092221588,-0.26188481,-0.81964636,-0.50950587,0
0.026150763,-0.33103189,-0.44413573,-0.26188481,-0.81964636,-0.50950587,0
0.48028085,0.12574516,0.25050592,0.88515949,-0.41437179,0.21163332,0
0.22152078,-0.78454405,0.10292578,0.88515949,-0.41437179,0.21163332,0
0.64308792,0.10163015,0.084717512,0.88515949,-0.41437179,0.21163332,0
-0.094764605,0.23569876,0.65817171,-0.3845894,-0.3955704,0.83403546,0
-0.42441297,-0.093459487,-0.80689895,-0.26188481,-0.81964636,-0.50950587,0
-0.27170935,0.4899146,0.16904324,0.26188481,0.81964636,0.50950587,0
-0.71197361,-0.10931188,0.27076563,-0.3845894,-0.3955704,0.83403546,0
0.32604051,-0.29438078,0.37930861,0.88515949,-0.41437179,0.21163332,0
0.61703408,0.089093,0.25780424,0.88515949,-0.41437179,0.21163332,0
-0.58472407,0.082936168,0.14638644,-0.88515949,0.41437179,-0.21163332,0
0.45002785,-0.39483947,-0.56364661,-0.26188481,-0.81964636,-0.50950587,0
-0.57156503,0.028279006,0.05663842,-0.88515949,0.41437179,-0.21163332,0
-0.12458247,0.64337742,0.015433133,0.26188481,0.81964636,0.50950587,0
0.19694801,-0.097932875,-0.57118273,0.3845894,0.3955704,-0.83403546,0
0.53540927,0.39018506,0.26633897,0.26188481,0.81964636,0.50950587,0
-0.21482895,0.015377522,0.44754857,-0.3845894,-0.3955704,0.83403546,0
0.34919763,-0.11000758,0.61090219,0.88515949,-0.41437179,0.21163332,0
0.2744306,-0.071446896,-0.46057522,0.3845894,0.3955704,-0.83403546,0
-0.30715179,-0.52176708,-0.080712572,-0.26188481,-0.81964636,-0.50950587,0
-0.51549023,-0.31727251,0.11751478,-0.3845894,-0.3955704,0.83403546,0
-0.099728405,0.46442464,0.23396629,0.26188481,0.81964636,0.50950587,0
0.091852441,0.26656538,-0.32619733,0.3845894,0.3955704,-0.83403546,0
0.68586308,0.15364158,-0.1313473,0.3845894,0.3955704,-0.83403546,0
-0.3240903,-0.33723426,-0.26032722,-0.26188481,-0.81964636,-0.50950587,0
0.18646349,0.25169128,-0.46968099,0.3845894,0.3955704,-0.83403546,0
-0.35298938,-0.14797708,-0.62541336,-0.26188481,-0.81964636,-0.50950587,0
0.044690207,0.18920588,-0.53686649,0.3845894,0.3955704,-0.83403546,0
0.010202318,0.42736343,-0.3732278,0.3845894,0.3955704,-0.83403546,0
-0.25037259,-0.37570733,-0.058260381,-0.26188481,-0.81964636,-0.50950587,0
0.49581856,-0.17913932,0.33457166,0.88515949,-0.41437179,0.21163332,0
-0.36988664,-0.15421434,-0.60091519,-0.26188481,-0.81964636,-0.50950587,0
-0.48654929,-0.16598877,-0.41984248,-0.26188481,-0.81964636,-0.50950587,0
-0.61465394,0.021295786,0.27018887,-0.88515949,0.41437179,-0.21163332,0
-0.44655067,-0.31303915,0.17003369,-0.3845894,-0.3955704,0.83403546,0
-0.15232897,0.38116652,-0.55045938,0.3845894,0.3955704,-0.83403546,0
0.52972341,-0.21567389,0.18814045,0.88515949,-0.41437179,0.21163332,0
0.44145694,-0.56138116,-0.15035123,0.88515949,-0.41437179,0.21163332,0
0.17790228,0.35051692,-0.28611666,0.3845894,0.3955704,-0.83403546,0
0.60772681,0.13792637,0.068947881,0.88515949,-0.41437179,0.21163332,0
0.6318326,0.43591279,0.14537245,0.26188481,0.81964636,0.50950587,0
0.26943672,-0.62557018,0.17511022,0.88515949,-0.41437179,0.21163332,0
0.34212211,-0.23495677,0.52993023,0.88515949,-0.41437179,0.21163332,0
-0.38233334,0.42787746,-0.38287595,-0.88515949,0.41437179,-0.21163332,0
0.58470213,0.51006043,0.032535885,0.26188481,0.81964636,0.50950587,0
-0.37297553,-0.32260054,0.21585923,-0.3845894,-0.3955704,0.83403546,0
-0.31108695,-0.31847611,-0.36419737,-0.26188481,-0.81964636,-0.50950587,0
-0.38133243,0.51413679,0.28283438,-0.88515949,0.41437179,-0.21163332,0
-0.74121666,-0.38644284,0.080679253,-0.26188481,-0.81964636,-0.50950587,0
-0.40600416,-0.32942685,0.17058009,-0.3845894,-0.3955704,0.83403546,0
0.1419999,-0.4030343,0.57989186,-0.3845894,-0.3955704,0.83403546,0
0.4501071,0.071970403,-0.26290786,0.3845894,0.3955704,-0.83403546,0
0.26443914,0.046669543,0.80928302,-0.3845894,-0.3955704,0.83403546,0
0.45997453,0.41820318,0.10696947,0.26188481,0.81964636,0.50950587,0
0.46890995,-0.284228,0.026344061,0.88515949,-0.41437179,0.21163332,0
0.0466277,0.65261745,-0.38124099,0.3845894,0.3955704,-0.83403546,0
0.12990054,-0.46366566,-0.24646804,-0.26188481,-0.81964636,-0.50950587,0
0.34369776,-0.41106471,-0.041489303,0.88515949,-0.41437179,0.21163332,0
-0.37973934,0.47913274,0.01374656,-0.88515949,0.41437179,-0.21163332,0
0.49170226,-0.25525767,-0.59942603,0.3845894,0.3955704,-0.83403546,0
0.50178045,-0.014531098,0.43702614,0.88515949,-0.41437179,0.21163332,0
0.70826924,-0.09064579,-0.35270393,0.88515949,-0.41437179,0.21163332,0
-0.079398513,0.43928361,-0.30839509,0.3845894,0.3955704,-0.83403546,0
-0.21217287,0.1828202,-0.68912315,0.3845894,0.3955704,-0.83403546,0
0.11405888,0.51703382,0.26400954,0.26188481,0.81964636,0.50950587,0
0.1366418,0.60461092,-0.18898696,0.3845894,0.3955704,-0.83403546,0
0.58016694,0.14502072,-0.103549,0.88515949,-0.41437179,0.21163332,0
0.45959276,-0.061692059,0.55900609,0.88515949,-0.41437179,0.21163332,0
0.39782605,-0.28304285,-0.47828406,0.3845894,0.3955704,-0.83403546,0
0.57784098,0.054733507,0.5121724,0.88515949,-0.41437179,0.21163332,0
0.38154447,-0.22629687,0.48974016,0.88515949,-0.41437179,0.21163332,0
-0.21842447,-0.35054421,0.36157578,-0.3845894,-0.3955704,0.83403546,0
0.30768254,0.13159695,0.55618179,0.26188481,0.81964636,0.50950587,0
-0.60271823,-0.21822809,-0.3190468,-0.88515949,0.41437179,-0.21163332,0
0.034745097,0.62678856,0.068830878,0.26188481,0.81964636,0.50950587,0
0.51601857,0.24844408,0.39414126,0.26188481,0.81964636,0.50950587,0
0.074108064,0.10428649,-0.45434505,0.3845894,0.3955704,-0.83403546,0
0.35678202,0.3729766,0.22609311,0.26188481,0.81964636,0.50950587,0
0.5940913,0.25286448,0.065873086,0.88515949,-0.41437179,0.21163332,0
-0.56016338,-0.1912885,-0.21459235,-0.88515949,0.41437179,-0.21163332,0
-0.30996814,0.53137445,-0.38498101,-0.88515949,0.41437179,-0.21163332,0
-0.23325595,0.096609473,0.54098326,-0.3845894,-0.3955704,0.83403546,0
-0.057231277,-0.31009299,-0.36618739,-0.26188481,-0.81964636,-0.50950587,0
-0.20730989,-0.02624774,-0.62506062,0.3845894,0.3955704,-0.83403546,0
-0.63044214,-0.35477012,0.19662401,-0.3845894,-0.3955704,0.83403546,0
-0.068404242,-0.18824968,0.40447924,-0.3845894,-0.3955704,0.83403546,0
0.38099924,-0.032957733,0.29960072,0.88515949,-0.41437179,0.21163332,0
-0.31361696,0.11532372,0.49447036,-0.3845894,-0.3955704,0.83403546,0
0.40891898,-0.320728,-0.40233284,0.88515949,-0.41437179,0.21163332,0
0.52805418,-0.40043917,-0.25433663,0.88515949,-0.41437179,0.21163332,0
0.081588753,-0.0085164905,-0.51970029,0.3845894,0.3955704,-0.83403546,0
-0.086107701,-0.18075925,-0.45223624,-0.26188481,-0.81964636,-0.50950587,0
0.28476039,-0.57616985,-0.23685056,-0.26188481,-0.81964636,-0.50950587,0
-0.085875154,-0.4273777,0.31814504,-0.3845894,-0.3955704,0.83403546,0
0.65275455,-0.19216728,-0.35406217,0.88515949,-0.41437179,0.21163332,0
0.68557739,0.0031473637,-0.17825431,0.88515949,-0.41437179,0.21163332,0
-0.53435922,0.062967718,0.41434479,-0.3845894,-0.3955704,0.83403546,0
-0.5678215,0.31100067,0.2318894,-0.88515949,0.41437179,-0.21163332,0
-0.28493345,0.45393682,-0.13565996,-0.88515949,0.41437179,-0.21163332,0
-0.40034136,-0.18885373,-0.49951026,-0.26188481,-0.81964636,-0.50950587,0
-0.43397379,0.086548097,-0.39398304,-0.88515949,0.41437179,-0.21163332,0
0.68912005,0.019042373,-0.24564035,0.88515949,-0.41437179,0.21163332,0
-0.21848321,-0.42234349,-0.11255525,-0.26188481,-0.81964636,-0.50950587,0
-0.0041814372,0.14320308,-0.64940977,0.3845894,0.3955704,-0.83403546,0
-0.32253635,0.34668219,-0.39219731,-0.88515949,0.41437179,-0.21163332,0
0.25544426,-0.0801422,-0.47404703,0.3845894,0.3955704,-0.83403546,0
0.4664883,-0.42752469,-0.57673043,-0.26188481,-0.81964636,-0.50950587,0
0.26105523,-0.076913655,-0.40046224,0.3845894,0.3955704,-0.83403546,0
-0.36028707,0.47704011,-0.10644972,-0.88515949,0.41437179,-0.21163332,0
0.05383271,-0.24495658,0.50005394,-0.3845894,-0.3955704,0.83403546,0
-0.076411664,-0.76175767,0.2288287,-0.26188481,-0.81964636,-0.50950587,0
0.14797062,-0.24844176,-0.63701719,-0.26188481,-0.81964636,-0.50950587,0
-0.42237478,-0.34985575,-0.37859875,-0.26188481,-0.81964636,-0.50950587,0
-0.65067583,-0.24708915,0.2122528,-0.88515949,0.41437179,-0.21163332,0
-0.24948332,0.43566221,-0.04420647,-0.88515949,0.41437179,-0.21163332,0
0.6873374,0.23822242,-0.27582052,0.3845894,0.3955704,-0.83403546,0
0.18229151,0.31968835,0.4479858,0.26188481,0.81964636,0.50950587,0
0.076521583,-0.064112663,0.67116308,-0.3845894,-0.3955704,0.83403546,0
-0.41489649,0.12574035,0.3501229,-0.3845894,-0.3955704,0.83403546,0
0.27397195,0.17613518,-0.30035359,0.3845894,0.3955704,-0.83403546,0
-0.43082064,-0.4543772,-0.1019188,-0.26188481,-0.81964636,-0.50950587,0
-0.51781285,0.1462025,0.39068753,-0.3845894,-0.3955704,0.83403546,0
-0.64136887,-0.50032175,0.144428,-0.26188481,-0.81964636,-0.50950587,0
0.22049046,-0.25410122,-0.70857573,0.3845894,0.3955704,-0.83403546,0
-0.62378001,-0.33579326,0.16354476,-0.3845894,-0.3955704,0.83403546,0
-0.4655742,0.49773201,0.3782534,-0.88515949,0.41437179,-0.21163332,0
0.43801957,-0.27582479,-0.42453504,0.3845894,0.3955704,-0.83403546,0
0.02536124,0.55104536,-0.39473885,0.3845894,0.3955704,-0.83403546,0
-0.40257192,0.26296622,-0.35589767,-0.88515949,0.41437179,-0.21163332,0
0.27490419,0.63373148,-0.0086645484,0.26188481,0.81964636,0.50950587,0
0.5135715,0.43521416,0.15835392,0.26188481,0.81964636,0.50950587,0
-0.41217461,-0.5358575,-0.055763155,-0.26188481,-0.81964636,-0.50950587,0
-0.26082596,0.50618148,-0.49984926,-0.88515949,0.41437179,-0.21163332,0
0.46092498,0.07457763,-0.29875895,0.3845894,0.3955704,-0.83403546,0
0.43693835,0.089412153,-0.38331309,0.3845894,0.3955704,-0.83403546,0
0.44374993,0.017811775,-0.44463179,0.3845894,0.3955704,-0.83403546,0
-0.48970324,0.042661399,-0.13933176,-0.88515949,0.41437179,-0.21163332,0
0.64667493,0.29908004,0.057164267,0.88515949,-0.41437179,0.21163332,0
0.2679736,-0.60823572,-0.1540044,-0.26188481,-0.81964636,-0.50950587,0
-0.34947968,0.49887237,0.51577061,0.26188481,0.81964636,0.50950587,0
-0.75886655,-0.2038148,0.068653539,-0.88515949,0.41437179,-0.21163332,0
0.32725114,-0.27325577,0.0893251,0.88515949,-0.41437179,0.21163332,0
-0.4449282,0.20840478,0.43649164,-0.3845894,-0.3955704,0.83403546,0
-0.24425519,0.31538826,0.55912095,0.26188481,0.81964636,0.50950587,0
0.12443209,0.31164619,0.27525318,0.26188481,0.81964636,0.50950587,0
0.17645484,0.6590662,-0.28121254,0.3845894,0.3955704,-0.83403546,0
0.044956207,-0.20363164,-0.68073267,0.3845894,0.3955704,-0.83403546,0
0.21088694,-0.37058979,0.42741314,0.88515949,-0.41437179,0.21163332,0
-0.084007323,0.68520784,-0.14979661,0.26188481,0.81964636,0.50950587,0
-0.25897899,0.55856788,0.28349411,0.26188481,0.81964636,0.50950587,0
-0.49185887,-0.010364026,-0.15395428,-0.88515949,0.41437179,-0.21163332,0
-0.025875211,-0.23217922,0.51958102,-0.3845894,-0.3955704,0.83403546,0
-0.3883068,0.60684645,0.32871336,-0.88515949,0.41437179,-0.21163332,0
0.027617306,0.38612455,0.20974444,0.26188481,0.81964636,0.50950587,0
0.4726828,0.08915028,0.38681886,0.88515949,-0.41437179,0.21163332,0
0.066178292,-0.37252036,-0.29195112,-0.26188481,-0.81964636,-0.50950587,0
0.33520466,-0.065586329,0.81160414,0.26188481,0.81964636,0.50950587,0
-0.33154228,0.40137625,0.27186912,-0.88515949,0.41437179,-0.21163332,0
0.20752195,0.52349877,-0.36533362,0.3845894,0.3955704,-0.83403546,0
-0.31887901,0.52968514,0.36157298,0.26188481,0.81964636,0.50950587,0
-0.52591836,0.29522789,0.44389108,-0.88515949,0.41437179,-0.21163332,0
0.013896108,-0.31460878,-0.63860357,-0.26188481,-0.81964636,-0.50950587,0
-0.41359553,0.45950675,0.028724551,-0.88515949,0.41437179,-0.21163332,0
0.54065394,0.019544303,-0.16377895,0.88515949,-0.41437179,0.21163332,0
0.14490306,-0.66604918,-0.14704466,-0.26188481,-0.81964636,-0.50950587,0
-0.35059726,0.11721071,-0.38382888,-0.88515949,0.41437179,-0.21163332,0
-0.72351396,-0.24237135,-0.029683366,-0.88515949,0.41437179,-0.21163332,0
-0.23389763,0.7697807,-0.30053389,-0.88515949,0.41437179,-0.21163332,0
-0.47233373,0.40213716,0.039882481,-0.88515949,0.41437179,-0.21163332,0
0.28207836,-0.21095745,0.33814228,0.88515949,-0.41437179,0.21163332,0
-0.090898447,0.039494157,-0.54690361,0.3845894,0.3955704,-0.83403546,0
-0.23943079,0.17871565,0.5917511,-0.3845894,-0.3955704,0.83403546,0
-0.3016887,0.39896473,-0.11835527,-0.88515949,0.41437179,-0.21163332,0
-0.18723243,0.10674423,0.63825244,-0.3845894,-0.3955704,0.83403546,0
-0.43979302,-0.60344565,0.044353008,-0.26188481,-0.81964636,-0.50950587,0
-0.31470186,0.050882906,-0.56444877,-0.88515949,0.41437179,-0.21163332,0
-0.71750569,-0.3607671,-0.14679985,-0.88515949,0.41437179,-0.21163332,0
0.66760898,0.29427159,-0.079996191,0.88515949,-0.41437179,0.21163332,0
0.52062154,-0.58139122,-0.48622927,0.88515949,-0.41437179,0.21163332,0
0.31930932,-0.41364512,0.41676992,0.88515949,-0.41437179,0.21163332,0
-0.51703471,0.16868997,0.22744367,-0.88515949,0.41437179,-0.21163332,0
0.46332952,0.42016241,-0.092622057,0.3845894,0.3955704,-0.83403546,0
0.27652851,-0.30175707,0.18973491,0.88515949,-0.41437179,0.21163332,0
-0.12317675,0.84351641,-0.18832421,0.26188481,0.81964636,0.50950587,0
-0.66014743,-0.20896116,-0.13944133,-0.88515949,0.41437179,-0.21163332,0
-0.22002977,0.69190419,-0.10223889,0.26188481,0.81964636,0.50950587,0
-0.14711496,0.29277745,-0.58443391,0.3845894,0.3955704,-0.83403546,0
0.09910734,0.16879243,-0.37230232,0.3845894,0.3955704,-0.83403546,0
0.41268811,0.20782976,0.32414716,0.26188481,0.81964636,0.50950587,0
-0.38025287,-0.19876087,-0.56501627,-0.26188481,-0.81964636,-0.50950587,0
0.42591241,0.4402445,0.12092273,0.26188481,0.81964636,0.50950587,0
0.48007822,-0.20424013,0.10530859,0.88515949,-0.41437179,0.21163332,0
-0.44100019,0.21245857,-0.44845033,-0.88515949,0.41437179,-0.21163332,0
0.33040285,-0.062330574,0.4426097,0.88515949,-0.41437179,0.21163332,0
0.411531,-0.24323067,-0.20986143,0.88515949,-0.41437179,0.21163332,0
0.017918669,-0.086250424,-0.53824127,0.3845894,0.3955704,-0.83403546,0
-0.42450824,-0.42288867,-0.052406728,-0.26188481,-0.81964636,-0.50950587,0
0.27032948,0.11926955,-0.37000901,0.3845894,0.3955704,-0.83403546,0
0.37814251,0.10680152,0.52471066,0.26188481,0.81964636,0.50950587,0
-0.28877851,0.45275614,0.42902228,0.26188481,0.81964636,0.50950587,0
0.2844221,-0.69865072,-0.18757427,-0.26188481,-0.81964636,-0.50950587,0
-0.24621668,-0.59572762,0.010005623,-0.26188481,-0.81964636,-0.50950587,0
0.27459204,0.23889783,0.3477391,0.26188481,0.81964636,0.50950587,0
-0.24712493,0.37531841,0.40960777,0.26188481,0.81964636,0.50950587,0
-0.095974118,-0.42396075,-0.40473631,-0.26188481,-0.81964636,-0.50950587,0
0.49485901,0.25788972,0.41270447,0.26188481,0.81964636,0.50950587,0
-0.17252517,-0.48335159,-0.24589911,-0.26188481,-0.81964636,-0.50950587,0
0.38711458,-0.44419956,0.0024498701,0.88515949,-0.41437179,0.21163332,0
-0.22743915,0.31007224,0.56938225,-0.3845894,-0.3955704,0.83403546,0
0.17717269,-0.14019316,-0.63096684,0.3845894,0.3955704,-0.83403546,0
0.50606173,-0.36784554,-0.44904873,0.3845894,0.3955704,-0.83403546,0
-0.16318339,0.29396659,-0.50356078,0.3845894,0.3955704,-0.83403546,0
-0.35438392,0.027778,-0.66505909,-0.88515949,0.41437179,-0.21163332,0
0.53404689,-0.033163641,0.35622299,0.88515949,-0.41437179,0.21163332,0
-0.37671527,0.062861025,-0.83950084,-0.88515949,0.41437179,-0.21163332,0
-0.49724233,0.16859676,-0.1214174,-0.88515949,0.41437179,-0.21163332,0
-0.0058865547,-0.62019801,0.091297984,-0.26188481,-0.81964636,-0.50950587,0
-0.17990932,-0.15889624,0.37983868,-0.3845894,-0.3955704,0.83403546,0
-0.16018444,0.011947811,0.49798006,-0.3845894,-0.3955704,0.83403546,0
0.28219515,-0.54618567,-0.15302038,-0.26188481,-0.81964636,-0.50950587,0
-0.53329933,-0.094915122,-0.4427335,-0.88515949,0.41437179,-0.21163332,0
-0.27032459,0.52794892,-0.20383644,-0.88515949,0.41437179,-0.21163332,0
-0.57063442,0.38156968,0.51229548,-0.88515949,0.41437179,-0.21163332,0
0.15716681,-0.034713209,0.72881353,-0.3845894,-0.3955704,0.83403546,0
-0.069041789,-0.24574456,0.39822638,-0.3845894,-0.3955704,0.83403546,0
0.36709106,-0.43765908,0.22746289,0.88515949,-0.41437179,0.21163332,0
-0.065883756,-0.14633104,0.43992543,-0.3845894,-0.3955704,0.83403546,0
0.42639738,-0.12091434,-0.39857703,0.3845894,0.3955704,-0.83403546,0
-0.22772774,0.42349821,0.52135003,0.26188481,0.81964636,0.50950587,0
0.054797899,-0.11395293,0.68510818,-0.3845894,-0.3955704,0.83403546,0
0.003584981,0.73030323,-0.058603883,0.26188481,0.81964636,0.50950587,0
0.43269905,-0.2958236,0.44236916,0.88515949,-0.41437179,0.21163332,0
0.50617564,0.065612286,-0.072775245,0.88515949,-0.41437179,0.21163332,0
0.13331324,-0.64809537,0.33818272,0.88515949,-0.41437179,0.21163332,0
-0.77928054,-0.35016054,-0.046903268,-0.26188481,-0.81964636,-0.50950587,0
-0.013984412,0.49108303,-0.36435944,0.3845894,0.3955704,-0.83403546,0
-0.54423153,-0.060155265,-0.30880976,-0.88515949,0.41437179,-0.21163332,0
0.14719477,-0.42956626,0.40701088,-0.3845894,-0.3955704,0.83403546,0
-0.37012658,0.42583919,-0.21434599,-0.88515949,0.41437179,-0.21163332,0
0.0055702925,0.64669859,-0.25743398,0.26188481,0.81964636,0.50950587,0
0.18253502,0.44459122,-0.31743383,0.3845894,0.3955704,-0.83403546,0
-0.4642911,-0.07651712,-0.61014259,-0.26188481,-0.81964636,-0.50950587,0
0.34609962,-0.59356487,0.15485877,0.88515949,-0.41437179,0.21163332,0
-0.361817,0.26208237,-0.053910375,-0.88515949,0.41437179,-0.21163332,0
0.5260278,0.46287411,0.089417875,0.26188481,0.81964636,0.50950587,0
-0.35010988,-0.10563335,-0.5147509,-0.26188481,-0.81964636,-0.50950587,0
0.054452449,-0.46904975,-0.17711455,-0.26188481,-0.81964636,-0.50950587,0
-0.3257176,-0.52210796,0.094493538,-0.26188481,-0.81964636,-0.50950587,0
0.61363202,0.24627388,-0.27026793,0.3845894,0.3955704,-0.83403546,0
-0.0083416104,0.29360288,0.61805797,0.26188481,0.81964636,0.50950587,0
0.055975378,-0.76362258,0.36838275,-0.3845894,-0.3955704,0.83403546,0
0.42722139,0.2243686,0.38657036,0.26188481,0.81964636,0.50950587,0
0.27357966,-0.46384498,0.17913014,0.88515949,-0.41437179,0.21163332,0
-0.12155315,0.42297071,-0.40033549,0.3845894,0.3955704,-0.83403546,0
-0.36377546,-0.42848909,-0.19573279,-0.26188481,-0.81964636,-0.50950587,0
-0.10831851,0.39173752,-0.42461234,0.3845894,0.3955704,-0.83403546,0
0.2795071,-0.050217807,-0.40816119,0.3845894,0.3955704,-0.83403546,0
-0.19827589,0.51314992,0.2711511,0.26188481,0.81964636,0.50950587,0
0.12975675,-0.25014806,0.48086393,-0.3845894,-0.3955704,0.83403546,0
0.079678118,0.73646569,-0.18474993,0.26188481,0.81964636,0.50950587,0
-0.31757048,-0.15516253,-0.52249998,-0.26188481,-0.81964636,-0.50950587,0
0.47118378,-0.050647646,-0.14652099,0.88515949,-0.41437179,0.21163332,0
0.35614449,0.25180858,0.33120736,0.26188481,0.81964636,0.50950587,0
-0.4753952,-0.13593991,-0.48883122,-0.88515949,0.41437179,-0.21163332,0
-0.59766924,0.13385409,-0.029517829,-0.88515949,0.41437179,-0.21163332,0
-0.27740499,0.52110928,-0.10154939,-0.88515949,0.41437179,-0.21163332,0
0.80191106,0.35453099,0.039048135,0.88515949,-0.41437179,0.21163332,0
0.12046995,0.028939962,-0.49987626,0.3845894,0.3955704,-0.83403546,0
-0.088298559,-0.50317329,0.33470744,-0.3845894,-0.3955704,0.83403546,0
0.48785898,-0.19846851,-0.13296309,0.88515949,-0.41437179,0.21163332,0
-0.33062628,0.22739761,-0.52613628,-0.88515949,0.41437179,-0.21163332,0
0.24792293,0.41541025,-0.25443166,0.3845894,0.3955704,-0.83403546,0
0.22037104,-0.33865702,0.43743277,-0.3845894,-0.3955704,0.83403546,0
0.12342322,-0.36579239,-0.32672065,-0.26188481,-0.81964636,-0.50950587,0
0.074192345,-0.47792521,-0.11732408,-0.26188481,-0.81964636,-0.50950587,0
0.2514638,0.18107131,0.53329879,0.26188481,0.81964636,0.50950587,0
-0.081723481,-0.36545736,0.4268508,-0.3845894,-0.3955704,0.83403546,0
0.49174821,-0.069206938,0.5497908,0.88515949,-0.41437179,0.21163332,0
0.00334692,0.26107013,-0.51344931,0.3845894,0.3955704,-0.83403546,0
0.32001686,-0.11532378,0.75299847,-0.3845894,-0.3955704,0.83403546,0
0.029247195,-0.23443574,-0.68214935,-0.26188481,-0.81964636,-0.50950587,0
-0.32857543,-0.21036655,-0.31111836,-0.26188481,-0.81964636,-0.50950587,0
-0.15524644,-0.70341164,0.068334609,-0.26188481,-0.81964636,-0.50950587,0
0.45233941,-0.39872545,-0.068877578,0.88515949,-0.41437179,0.21163332,0
0.23427336,-0.17887664,-0.6086638,0.3845894,0.3955704,-0.83403546,0
0.35895357,0.64043522,-0.14101163,0.26188481,0.81964636,0.50950587,0
-0.41317314,-0.28985664,-0.2434895,-0.26188481,-0.81964636,-0.50950587,0
0.33490255,-0.28799683,0.59948915,0.88515949,-0.41437179,0.21163332,0
-0.13764882,0.67390776,-0.42214185,-0.88515949,0.41437179,-0.21163332,0
0.096194416,0.039314747,0.66840661,-0.3845894,-0.3955704,0.83403546,0
0.16225749,-0.71108478,0.15094107,-0.26188481,-0.81964636,-0.50950587,0
0.14878595,-0.69403726,0.30432391,0.88515949,-0.41437179,0.21163332,0
-0.44762194,-0.28180444,0.19739026,-0.3845894,-0.3955704,0.83403546,0
0.31822374,-0.59477931,0.27284127,0.88515949,-0.41437179,0.21163332,0
0.079213105,-0.04046911,0.63575757,-0.3845894,-0.3955704,0.83403546,0
-0.54483014,-0.35580468,-0.038039863,-0.26188481,-0.81964636,-0.50950587,0
0.22398655,-0.354976,-0.5580883,0.3845894,0.3955704,-0.83403546,0
0.1373549,0.17112437,0.67521822,0.26188481,0.81964636,0.50950587,0
-0.44414857,-0.23391882,-0.40994722,-0.26188481,-0.81964636,-0.50950587,0
-0.13571657,-0.26830092,-0.63361675,-0.26188481,-0.81964636,-0.50950587,0
0.12046203,-0.26699257,0.47653407,-0.3845894,-0.3955704,0.83403546,0
-0.43957943,0.22264884,-0.20826343,-0.88515949,0.41437179,-0.21163332,0
-0.41999987,0.13495362,0.45351106,-0.3845894,-0.3955704,0.83403546,0
-0.086896025,-0.068858206,-0.65059078,-0.26188481,-0.81964636,-0.50950587,0
-0.35984018,0.029797971,0.5431236,-0.3845894,-0.3955704,0.83403546,0
0.057001382,-0.32783639,-0.30037385,-0.26188481,-0.81964636,-0.50950587,0
0.38796431,-0.57505912,-0.13028872,0.88515949,-0.41437179,0.21163332,0
0.20445341,0.46185696,0.086528167,0.26188481,0.81964636,0.50950587,0
-0.61363328,-0.18182552,0.14900427,-0.3845894,-0.3955704,0.83403546,0
-0.25328439,0.35385704,0.50046003,0.26188481,0.81964636,0.50950587,0
-0.65113831,-0.2516678,-0.32022735,-0.88515949,0.41437179,-0.21163332,0
-0.022300303,0.18092883,-0.63708603,0.3845894,0.3955704,-0.83403546,0
0.36113429,-0.65910864,-0.0023514628,0.88515949,-0.41437179,0.21163332,0
-0.26815742,0.62531531,-0.17093903,-0.88515949,0.41437179,-0.21163332,0
-0.27472228,0.6821565,-0.33156079,-0.88515949,0.41437179,-0.21163332,0
-0.12368205,0.49055997,-0.31077033,0.3845894,0.3955704,-0.83403546,0
-0.14950362,0.034412771,-0.54907089,0.3845894,0.3955704,-0.83403546,0
0.4991729,-0.38855812,-0.036370337,0.88515949,-0.41437179,0.21163332,0
0.15514451,-0.4357754,0.49245685,-0.3845894,-0.3955704,0.83403546,0
-0.0026656091,0.14153457,-0.60594153,0.3845894,0.3955704,-0.83403546,0
0.44929865,-0.15772787,-0.19950238,0.88515949,-0.41437179,0.21163332,0
-0.24299127,0.13896531,0.46089533,-0.3845894,-0.3955704,0.83403546,0
0.14812872,0.35671049,0.44927889,0.26188481,0.81964636,0.50950587,0
-0.23230553,-0.47869861,-0.021162733,-0.26188481,-0.81964636,-0.50950587,0
-0.1676386,0.0075147152,0.511096,-0.3845894,-0.3955704,0.83403546,0
0.67595911,0.21480536,0.15920731,0.26188481,0.81964636,0.50950587,0
0.56833124,0.24251014,-0.1535064,0.3845894,0.3955704,-0.83403546,0
0.22963199,0.54042447,0.033331335,0.26188481,0.81964636,0.50950587,0
0.58926243,0.10417014,-0.15650976,0.88515949,-0.41437179,0.21163332,0
0.33308727,-0.1577446,0.53722203,0.88515949,-0.41437179,0.21163332,0
-0.18534836,-0.40388763,0.31484437,-0.3845894,-0.3955704,0.83403546,0
-0.38086367,0.47871131,-0.24534357,-0.88515949,0.41437179,-0.21163332,0
-0.15823677,0.61012399,0.1026448,0.26188481,0.81964636,0.50950587,0
-0.59918398,0.2150299,0.32703954,-0.88515949,0.41437179,-0.21163332,0
0.16637912,-0.60165679,0.17993253,0.88515949,-0.41437179,0.21163332,0
-0.13769215,-0.54348087,-0.21311463,-0.26188481,-0.81964636,-0.50950587,0
-0.62507391,0.039331704,-0.080854207,-0.88515949,0.41437179,-0.21163332,0
-0.021922566,0.081630349,-0.46152565,0.3845894,0.3955704,-0.83403546,0
0.24087612,-0.22565731,0.66421461,-0.3845894,-0.3955704,0.83403546,0
0.20067084,-0.80833787,0.1295464,-0.26188481,-0.81964636,-0.50950587,0
-0.42875475,0.31310081,-0.033041716,-0.88515949,0.41437179,-0.21163332,0
-0.16440159,-0.4541592,0.19692247,-0.3845894,-0.3955704,0.83403546,0
0.6230076,0.30964446,0.27627772,0.88515949,-0.41437179,0.21163332,0
-0.044674825,0.11169904,-0.57648027,0.3845894,0.3955704,-0.83403546,0
0.22158125,-0.64673001,0.092430353,-0.26188481,-0.81964636,-0.50950587,0
-0.5036912,0.2717602,-0.11599499,-0.88515949,0.41437179,-0.21163332,0
-0.45951831,0.15375251,-0.33173761,-0.88515949,0.41437179,-0.21163332,0
-0.029532492,0.38915929,-0.42846566,0.3845894,0.3955704,-0.83403546,0
-0.11253843,-0.52756625,-0.049309939,-0.26188481,-0.81964636,-0.50950587,0
0.27564073,-0.027879715,0.75264549,0.88515949,-0.41437179,0.21163332,0
0.42641237,0.021308817,0.25934869,0.88515949,-0.41437179,0.21163332,0
-0.31406051,-0.54418975,-0.061551392,-0.26188481,-0.81964636,-0.50950587,0
-0.53562921,0.33401871,0.39606071,-0.88515949,0.41437179,-0.21163332,0
-0.47239974,0.072681859,-0.54588801,-0.88515949,0.41437179,-0.21163332,0
-0.28957081,0.11353925,-0.49759686,-0.88515949,0.41437179,-0.21163332,0
0.097237512,0.13810188,0.74315095,0.26188481,0.81964636,0.50950587,0
-0.2074371,-0.63962173,0.023767829,-0.26188481,-0.81964636,-0.50950587,0
0.24830835,0.14424616,-0.48528218,0.3845894,0.3955704,-0.83403546,0
0.13296854,0.64674568,0.028982729,0.26188481,0.81964636,0.50950587,0
0.67572564,0.16255283,0.22579339,0.88515949,-0.41437179,0.21163332,0
0.3810873,0.18251789,0.61516607,0.26188481,0.81964636,0.50950587,0
0.20193872,0.54292709,-0.17798439,0.26188481,0.81964636,0.50950587,0
0.14833546,-0.05482918,0.56331223,-0.3845894,-0.3955704,0.83403546,0
-0.44658068,-0.58798724,0.076272696,-0.26188481,-0.81964636,-0.50950587,0
0.23076075,0.60693693,-0.30220667,0.3845894,0.3955704,-0.83403546,0
-0.57737273,-0.2214202,0.12683353,-0.3845894,-0.3955704,0.83403546,0
0.25198054,0.28023869,0.38433051,0.26188481,0.81964636,0.50950587,0
0.38356224,0.071057439,-0.29301551,0.3845894,0.3955704,-0.83403546,0
-0.0013062358,-0.67098862,-0.033919334,-0.26188481,-0.81964636,-0.50950587,0
-0.54601687,-0.14381313,-0.31984854,-0.88515949,0.41437179,-0.21163332,0
0.55420959,0.33159876,0.13865039,0.26188481,0.81964636,0.50950587,0
-0.4366321,0.39170039,-0.15214658,-0.88515949,0.41437179,-0.21163332,0
-0.018629774,0.14272207,0.61136633,0.26188481,0.81964636,0.50950587,0
0.66019839,-0.12538552,-0.18047336,0.88515949,-0.41437179,0.21163332,0
-0.21233165,-0.12776336,-0.57426405,-0.26188481,-0.81964636,-0.50950587,0
-0.39678222,-0.052937925,0.27482191,-0.3845894,-0.3955704,0.83403546,0
