-1.2149111,0.26839256,-0.75506127,-0.43168843,-0.86715382,-0.24837318,0
1.5118597,-1.4392176,1.1226971,-0.42809778,-0.045406699,0.90259093,0
1.9442312,-0.65745103,0.73697567,0.43168843,0.86715382,0.24837318,0
-1.9180807,1.2844322,-1.2320359,-0.79396307,0.49596602,-0.35162497,0
-1.7397857,1.5250745,-1.3033168,-0.79396307,0.49596602,-0.35162497,0
-0.13723569,0.86036241,-0.59038651,0.42809778,0.045406699,-0.90259093,0
-1.8993639,1.4362763,-0.54142904,-0.79396307,0.49596602,-0.35162497,0
-0.7699368,0.31245667,-0.90665263,0.42809778,0.045406699,-0.90259093,0
0.39108911,0.45538485,-0.19933163,0.43168843,0.86715382,0.24837318,0
2.2222073,-1.1187288,0.4539392,0.79396307,-0.49596602,0.35162497,0
-0.31091672,-0.34552714,-0.54681277,-0.43168843,-0.86715382,-0.24837318,0
-1.2895045,0.88106078,-1.0641712,0.42809778,0.045406699,-0.90259093,0
-0.82952452,0.59879249,-0.97617823,0.42809778,0.045406699,-0.90259093,0
1.4283621,-0.68620962,0.18186772,0.42809778,0.045406699,-0.90259093,0
1.4478717,-0.86799788,1.2800896,-0.42809778,-0.045406699,0.90259093,0
0.032457545,0.49478158,-0.14302263,0.43168843,0.86715382,0.24837318,0
1.7581458,-1.6762562,0.51990032,0.79396307,-0.49596602,0.35162497,0
-2.2074809,0.76227891,-0.86892152,-0.79396307,0.49596602,-0.35162497,0
-1.905664,1.3817384,-1.01262,-0.79396307,0.49596602,-0.35162497,0
0.073180117,-0.53313625,0.6459626,-0.42809778,-0.045406699,0.90259093,0
-2.1408577,1.3732409,-0.56154299,-0.79396307,0.49596602,-0.35162497,0
-1.2625319,1.3412743,-1.1601368,0.42809778,0.045406699,-0.90259093,0
-0.11118047,-0.30728045,0.43862426,-0.42809778,-0.045406699,0.90259093,0
0.46492162,-0.58972818,0.83004665,-0.42809778,-0.045406699,0.90259093,0
-1.7962322,1.0464214,-1.310414,-0.79396307,0.49596602,-0.35162497,0
-0.46307513,-0.11095273,-0.66555542,-0.43168843,-0.86715382,-0.24837318,0
1.9312664,-1.0534286,0.38282704,0.42809778,0.045406699,-0.90259093,0
-2.0294023,1.4910364,-0.70198703,-0.79396307,0.49596602,-0.35162497,0
0.80036163,-0.91366446,-0.28647804,-0.43168843,-0.86715382,-0.24837318,0
-0.99209607,1.3121836,-0.46393442,0.43168843,0.86715382,0.24837318,0
0.33400294,0.30030936,0.48135906,0.43168843,0.86715382,0.24837318,0
2.0135286,-1.2013888,0.74756312,0.79396307,-0.49596602,0.35162497,0
-0.016190827,-0.56158966,-0.36733353,-0.43168843,-0.86715382,-0.24837318,0
1.1896048,-0.79498917,-0.082985997,0.42809778,0.045406699,-0.90259093,0
-0.23190938,0.84929579,-0.46389699,0.43168843,0.86715382,0.24837318,0
0.33009583,-0.02204448,0.732252,-0.42809778,-0.045406699,0.90259093,0
-0.67136198,0.22533512,-0.78996301,0.42809778,0.045406699,-0.90259093,0
0.042140424,-0.49193394,-0.43486071,-0.43168843,-0.86715382,-0.24837318,0
1.51799,-1.4450152,1.2053697,-0.42809778,-0.045406699,0.90259093,0
-0.48999119,-0.25845012,-0.073677734,-0.43168843,-0.86715382,-0.24837318,0
1.5621907,-0.55857229,1.1555895,0.43168843,0.86715382,0.24837318,0
-1.4422526,0.57450044,-0.12437952,-0.42809778,-0.045406699,0.90259093,0
-1.5347143,1.5447185,-0.79688311,0.43168843,0.86715382,0.24837318,0
1.4001713,-0.95070451,1.1516236,-0.42809778,-0.045406699,0.90259093,0
2.1478882,-1.0840604,0.60233808,0.79396307,-0.49596602,0.35162497,0
-1.3520007,0.33584613,-0.52645361,-0.43168843,-0.86715382,-0.24837318,0
-1.3190198,1.2933739,-0.47375059,0.43168843,0.86715382,0.24837318,0
1.6017303,-1.1445407,1.3623687,-0.42809778,-0.045406699,0.90259093,0
1.8582382,-1.6693132,0.72734165,0.79396307,-0.49596602,0.35162497,0
2.0047262,-1.6014451,0.47434831,0.79396307,-0.49596602,0.35162497,0
-0.3121632,-0.014219582,-0.62813568,0.42809778,0.045406699,-0.90259093,0
-1.8342466,1.2877855,-1.1091812,-0.79396307,0.49596602,-0.35162497,0
1.8665056,-1.4943341,0.318151,-0.43168843,-0.86715382,-0.24837318,0
1.688503,-0.38049388,0.31314838,0.42809778,0.045406699,-0.90259093,0
0.4155249,0.4336271,-0.141202,0.43168843,0.86715382,0.24837318,0
1.3096499,-0.17539901,0.29806376,0.43168843,0.86715382,0.24837318,0
-1.8310804,1.1912888,-1.4150383,-0.79396307,0.49596602,-0.35162497,0
2.1919804,-0.91944343,0.86793756,0.79396307,-0.49596602,0.35162497,0
-2.0073056,1.3114924,-0.77035093,-0.79396307,0.49596602,-0.35162497,0
2.0440071,-0.91677397,1.0108125,0.79396307,-0.49596602,0.35162497,0
-0.46822217,-0.04434815,0.26392025,-0.42809778,-0.045406699,0.90259093,0
-0.79906148,0.77043253,-0.80318344,0.42809778,0.045406699,-0.90259093,0
0.5346123,-0.86083734,-0.23523617,0.42809778,0.045406699,-0.90259093,0
-0.83459228,1.0458924,0.18121314,0.43168843,0.86715382,0.24837318,0
2.3211455,-0.80469322,0.8330729,0.79396307,-0.49596602,0.35162497,0
1.8627247,-1.6278688,0.61789274,0.79396307,-0.49596602,0.35162497,0
1.8906783,-0.708359,1.1718669,0.43168843,0.86715382,0.24837318,0
1.4485852,-0.42702138,0.92508101,0.43168843,0.86715382,0.24837318,0
2.0006998,-1.028029,1.1127446,0.79396307,-0.49596602,0.35162497,0
-0.17947569,-0.44539607,0.17059213,-0.43168843,-0.86715382,-0.24837318,0
-0.2781218,-0.11459225,-0.66434109,0.42809778,0.045406699,-0.90259093,0
1.0865616,-1.3148204,0.99192941,-0.42809778,-0.045406699,0.90259093,0
1.9088416,-1.1010193,1.1951363,0.79396307,-0.49596602,0.35162497,0
2.0055578,-1.2955354,0.94554687,0.79396307,-0.49596602,0.35162497,0
-1.8943974,1.5040957,-0.83120203,-0.79396307,0.49596602,-0.35162497,0
-1.616632,1.5645646,-1.0383921,-0.79396307,0.49596602,-0.35162497,0
0.787606,-1.1656398,0.56762731,-0.43168843,-0.86715382,-0.24837318,0
1.8210754,-1.4303536,1.0333612,0.79396307,-0.49596602,0.35162497,0
-1.7917895,1.5399959,-0.17019725,0.43168843,0.86715382,0.24837318,0
-0.084140718,-0.44417259,-0.53855884,-0.43168843,-0.86715382,-0.24837318,0
1.7060258,-0.38445741,0.297701,0.42809778,0.045406699,-0.90259093,0
1.7846607,-1.3179111,0.96201873,0.79396307,-0.49596602,0.35162497,0
1.1347612,-0.31697822,0.86165017,0.43168843,0.86715382,0.24837318,0
-1.8741801,1.625795,-0.59863448,-0.79396307,0.49596602,-0.35162497,0
0.079600841,0.50697929,0.26231456,0.43168843,0.86715382,0.24837318,0
-1.0348591,-0.036933929,-0.38513964,-0.43168843,-0.86715382,-0.24837318,0
0.64037484,-0.019097865,0.75192225,-0.42809778,-0.045406699,0.90259093,0
1.1705133,-0.24014802,-0.097679138,0.42809778,0.045406699,-0.90259093,0
-2.2125158,1.1320866,-0.5582931,-0.79396307,0.49596602,-0.35162497,0
-1.9679527,0.87683725,-1.3850616,-0.79396307,0.49596602,-0.35162497,0
-1.5522512,1.1581454,-0.20791078,-0.42809778,-0.045406699,0.90259093,0
1.5346049,-1.5393156,1.200536,0.79396307,-0.49596602,0.35162497,0
-1.7526605,1.5702226,-1.0049641,-0.79396307,0.49596602,-0.35162497,0
1.4228203,-1.474903,0.64923573,-0.43168843,-0.86715382,-0.24837318,0
-2.2125993,1.2500727,-0.59325814,-0.79396307,0.49596602,-0.35162497,0
-0.47885829,0.54188895,-0.70840383,0.42809778,0.045406699,-0.90259093,0
-1.72042,1.4734645,-0.90943599,-0.79396307,0.49596602,-0.35162497,0
-1.7028224,1.4622834,-1.1829393,-0.79396307,0.49596602,-0.35162497,0
-1.2781249,1.1977134,-1.0277811,0.42809778,0.045406699,-0.90259093,0
-1.6368141,1.5565913,-0.32462454,0.43168843,0.86715382,0.24837318,0
-2.0767069,1.2435441,-0.67463517,-0.79396307,0.49596602,-0.35162497,0
0.65125585,0.044017553,0.78630322,0.43168843,0.86715382,0.24837318,0
-1.8477495,1.255933,-0.30580068,-0.42809778,-0.045406699,0.90259093,0
2.1522126,-1.323176,0.64055562,0.79396307,-0.49596602,0.35162497,0
2.0028801,-1.0540128,1.1308963,0.79396307,-0.49596602,0.35162497,0
-2.2451985,0.96866655,-0.50904369,-0.42809778,-0.045406699,0.90259093,0
-1.1319439,0.97236693,-0.9881506,0.42809778,0.045406699,-0.90259093,0
-1.663672,1.5812575,-1.2137902,-0.79396307,0.49596602,-0.35162497,0
2.2804489,-0.87412333,0.89963031,0.43168843,0.86715382,0.24837318,0
1.9694675,-1.5797111,0.52147818,0.79396307,-0.49596602,0.35162497,0
-1.8854426,1.2105062,-1.0616531,-0.79396307,0.49596602,-0.35162497,0
1.716943,-1.574132,0.59578395,-0.43168843,-0.86715382,-0.24837318,0
1.528006,-0.23570235,0.23827851,0.42809778,0.045406699,-0.90259093,0
0.36808467,-0.35190833,0.65179503,-0.42809778,-0.045406699,0.90259093,0
-2.390389,0.81942451,-0.59166026,-0.79396307,0.49596602,-0.35162497,0
1.2353711,-1.3185608,0.30221128,-0.43168843,-0.86715382,-0.24837318,0
0.049862236,0.065875053,-0.42731389,0.42809778,0.045406699,-0.90259093,0
2.0627756,-0.94527632,1.2110882,0.79396307,-0.49596602,0.35162497,0
-1.322253,0.65830541,-1.2001637,0.42809778,0.045406699,-0.90259093,0
-1.0332764,-0.043557554,-0.27250224,-0.43168843,-0.86715382,-0.24837318,0
-1.8388883,1.1787161,-1.382618,-0.79396307,0.49596602,-0.35162497,0
1.7953999,-0.66158187,1.1469393,0.43168843,0.86715382,0.24837318,0
1.2827973,-1.4488864,1.1171345,-0.43168843,-0.86715382,-0.24837318,0
1.7492874,-1.3782701,0.20735049,0.42809778,0.045406699,-0.90259093,0
-2.074553,1.4107912,-0.54242373,-0.79396307,0.49596602,-0.35162497,0
-1.5807093,1.5008717,-1.2730803,0.42809778,0.045406699,-0.90259093,0
2.0862846,-1.1139942,0.58703423,0.79396307,-0.49596602,0.35162497,0
-1.84408,1.2604252,-0.27465487,-0.42809778,-0.045406699,0.90259093,0
0.30910677,0.0024350286,0.62156451,-0.42809778,-0.045406699,0.90259093,0
2.0634277,-1.2088258,0.70768666,0.79396307,-0.49596602,0.35162497,0
0.52163702,-0.97374213,0.10849977,-0.43168843,-0.86715382,-0.24837318,0
-0.71656346,0.4514657,0.32973683,-0.42809778,-0.045406699,0.90259093,0
0.73630166,-0.17451108,-0.16106784,0.42809778,0.045406699,-0.90259093,0
-0.68563938,0.93015832,-0.43574071,0.43168843,0.86715382,0.24837318,0
1.3518375,-0.98589885,1.0661601,-0.42809778,-0.045406699,0.90259093,0
-0.32423818,0.83344805,-0.76566309,0.42809778,0.045406699,-0.90259093,0
1.9819224,-1.2073698,0.81099606,0.79396307,-0.49596602,0.35162497,0
-2.0857778,1.2782836,-0.66363549,-0.79396307,0.49596602,-0.35162497,0
1.0432429,0.038848788,0.2641632,0.43168843,0.86715382,0.24837318,0
1.6662555,-1.1351304,1.3780546,-0.42809778,-0.045406699,0.90259093,0
-1.5349321,0.35001895,-0.17097521,-0.42809778,-0.045406699,0.90259093,0
0.24462113,-0.83405745,0.72320056,-0.42809778,-0.045406699,0.90259093,0
2.0249801,-0.50001287,0.52785921,0.43168843,0.86715382,0.24837318,0
-0.89600146,1.2405317,-0.94818771,0.42809778,0.045406699,-0.90259093,0
2.0342772,-0.59695935,0.419842,0.43168843,0.86715382,0.24837318,0
-1.9081933,1.7480941,-0.5731678,-0.79396307,0.49596602,-0.35162497,0
-1.696053,1.4335561,-0.41870093,0.43168843,0.86715382,0.24837318,0
-1.8404894,1.3722234,-1.1091328,-0.79396307,0.49596602,-0.35162497,0
-0.16578096,0.47442871,0.4495846,-0.42809778,-0.045406699,0.90259093,0
1.5913191,-1.69401,1.0622308,0.79396307,-0.49596602,0.35162497,0
-0.043046713,0.67493695,-0.052703261,0.43168843,0.86715382,0.24837318,0
-2.2574577,0.96412635,-0.42333388,-0.79396307,0.49596602,-0.35162497,0
-0.82067287,0.64534879,0.21895874,-0.42809778,-0.045406699,0.90259093,0
1.6504476,-1.4883515,1.1124573,0.79396307,-0.49596602,0.35162497,0
-0.89283121,1.3384681,-0.73218966,0.43168843,0.86715382,0.24837318,0
2.1052361,-1.2663995,0.69429398,0.79396307,-0.49596602,0.35162497,0
-0.068441808,-0.2718094,-0.6253618,0.42809778,0.045406699,-0.90259093,0
1.8372738,-1.4116206,0.70238209,0.79396307,-0.49596602,0.35162497,0
1.6066047,-0.32227218,0.65004337,0.43168843,0.86715382,0.24837318,0
-1.4076717,0.53569853,-1.3046352,0.42809778,0.045406699,-0.90259093,0
-0.37672204,0.17422,0.33352855,-0.42809778,-0.045406699,0.90259093,0
-1.2265501,1.3050072,-0.59911013,0.43168843,0.86715382,0.24837318,0
-1.9354532,1.1651808,-0.97699833,-0.79396307,0.49596602,-0.35162497,0
-1.6730404,0.65967155,-1.2129337,-0.43168843,-0.86715382,-0.24837318,0
1.4797055,-0.34797937,0.67928505,0.43168843,0.86715382,0.24837318,0
-0.85891503,0.73908347,-0.83985317,0.42809778,0.045406699,-0.90259093,0
1.5895593,-1.4043986,0.3540473,-0.43168843,-0.86715382,-0.24837318,0
-2.1010091,0.77023613,-0.68280911,-0.43168843,-0.86715382,-0.24837318,0
-1.7556202,0.73632759,-0.16353917,-0.42809778,-0.045406699,0.90259093,0
2.1985106,-0.70306182,0.67700648,0.43168843,0.86715382,0.24837318,0
-1.7804877,1.5913026,-0.97040892,-0.79396307,0.49596602,-0.35162497,0
-1.8620179,1.4884288,-0.93507934,-0.79396307,0.49596602,-0.35162497,0
-1.7080054,0.65007579,-1.277469,-0.43168843,-0.86715382,-0.24837318,0
1.5039561,-0.5368669,1.1958054,0.43168843,0.86715382,0.24837318,0
1.7555301,-0.62679803,0.76128423,0.43168843,0.86715382,0.24837318,0
1.0701808,-0.079490639,-0.022011697,0.42809778,0.045406699,-0.90259093,0
1.3199136,-1.0495453,1.139598,-0.42809778,-0.045406699,0.90259093,0
-0.36301881,-0.11563426,-0.7534346,0.42809778,0.045406699,-0.90259093,0
-0.10819817,-0.20791131,-0.62560475,0.42809778,0.045406699,-0.90259093,0
0.65200764,-0.13331035,-0.26536679,0.42809778,0.045406699,-0.90259093,0
0.046283066,-0.16112614,0.65680289,-0.42809778,-0.045406699,0.90259093,0
-2.1799741,1.2075212,-0.54219723,-0.79396307,0.49596602,-0.35162497,0
-0.65661407,-0.10733354,-0.70538259,-0.43168843,-0.86715382,-0.24837318,0
0.57519376,0.15919711,0.22545362,0.43168843,0.86715382,0.24837318,0
2.1199481,-1.1376837,0.97736478,0.79396307,-0.49596602,0.35162497,0
-0.058957495,0.36770472,-0.5100376,0.42809778,0.045406699,-0.90259093,0
1.7496912,-1.4827192,0.31099176,0.42809778,0.045406699,-0.90259093,0
1.0719534,-0.6206333,0.94556177,-0.42809778,-0.045406699,0.90259093,0
0.89589578,-1.1539122,0.22789693,-0.43168843,-0.86715382,-0.24837318,0
2.3012457,-0.95993543,0.6081481,0.79396307,-0.49596602,0.35162497,0
1.6622921,-1.6257086,1.1390998,0.79396307,-0.49596602,0.35162497,0
0.14710909,0.084177911,0.5202142,-0.42809778,-0.045406699,0.90259093,0
-2.0595195,1.6227528,-0.44733715,-0.79396307,0.49596602,-0.35162497,0
-0.50869894,-0.10196364,0.30447489,-0.42809778,-0.045406699,0.90259093,0
1.8006582,-0.50560629,0.69331431,0.43168843,0.86715382,0.24837318,0
0.46497455,0.28671902,-0.25702676,0.42809778,0.045406699,-0.90259093,0
1.8712527,-1.4658048,0.7495029,0.79396307,-0.49596602,0.35162497,0
-0.22581533,-0.43029106,-0.15815699,-0.43168843,-0.86715382,-0.24837318,0
0.35700005,-0.8289032,0.65725923,-0.43168843,-0.86715382,-0.24837318,0
0.03210026,0.36443987,0.5789538,-0.42809778,-0.045406699,0.90259093,0
2.0026095,-1.2229334,0.59917927,0.79396307,-0.49596602,0.35162497,0
1.7206967,-1.6313601,1.0740387,0.79396307,-0.49596602,0.35162497,0
2.00302,-1.3319597,0.64110231,0.79396307,-0.49596602,0.35162497,0
-2.0372353,0.86739331,-1.0281198,-0.79396307,0.49596602,-0.35162497,0
1.809764,-1.2514808,1.2196059,0.79396307,-0.49596602,0.35162497,0
1.528429,-0.94778365,1.13704,-0.42809778,-0.045406699,0.90259093,0
-1.1723915,0.077157609,-0.092232227,-0.42809778,-0.045406699,0.90259093,0
-1.5039234,1.3513474,-0.4487083,0.43168843,0.86715382,0.24837318,0
-1.1187166,1.1637425,-0.23622656,0.43168843,0.86715382,0.24837318,0
1.9947715,-1.1680851,1.0286376,0.79396307,-0.49596602,0.35162497,0
1.4997883,-1.5966028,0.59818435,-0.43168843,-0.86715382,-0.24837318,0
1.9646548,-1.2043346,1.2373064,0.79396307,-0.49596602,0.35162497,0
1.7727294,-1.446093,0.9446969,0.79396307,-0.49596602,0.35162497,0
-2.0507891,1.5160583,-0.28167367,-0.42809778,-0.045406699,0.90259093,0
-2.0784545,1.3407956,-0.43290329,-0.79396307,0.49596602,-0.35162497,0
-1.4401996,0.39541638,-1.1197956,0.42809778,0.045406699,-0.90259093,0
1.5368035,-1.4998828,0.40796518,-0.43168843,-0.86715382,-0.24837318,0
-1.8354816,1.6710007,-0.42367625,0.43168843,0.86715382,0.24837318,0
1.4659138,-0.83102787,1.2965778,-0.42809778,-0.045406699,0.90259093,0
-1.6889352,1.0029976,-1.2262716,0.42809778,0.045406699,-0.90259093,0
-1.8290418,0.98314548,-1.3210455,-0.79396307,0.49596602,-0.35162497,0
2.3401487,-1.061893,0.6113193,0.79396307,-0.49596602,0.35162497,0
1.1831838,-0.19896221,0.80257738,0.43168843,0.86715382,0.24837318,0
1.8300316,-1.3001523,1.2840464,0.79396307,-0.49596602,0.35162497,0
-0.69404256,0.78987831,0.27068079,0.43168843,0.86715382,0.24837318,0
-2.1491647,1.3472455,-0.37657762,-0.79396307,0.49596602,-0.35162497,0
2.0284672,-1.0704504,1.1914022,0.79396307,-0.49596602,0.35162497,0
-0.54759592,-0.34803951,-0.049216807,-0.43168843,-0.86715382,-0.24837318,0
2.1771383,-0.8067416,1.1766646,0.79396307,-0.49596602,0.35162497,0
0.77920163,-0.50518763,-0.2230618,0.42809778,0.045406699,-0.90259093,0
1.3525366,-0.31723997,-0.030824065,0.42809778,0.045406699,-0.90259093,0
1.5983411,-1.5403461,1.1268072,0.79396307,-0.49596602,0.35162497,0
1.1199169,-1.0036639,-0.057420373,0.42809778,0.045406699,-0.90259093,0
1.0654297,-0.088136375,0.86289471,0.43168843,0.86715382,0.24837318,0
-0.067073822,0.47307608,0.49912912,-0.42809778,-0.045406699,0.90259093,0
-1.8587908,0.72085083,-0.36842012,-0.42809778,-0.045406699,0.90259093,0
2.0270483,-0.78707433,1.5136433,-0.42809778,-0.045406699,0.90259093,0
0.45730358,-0.10372138,0.66307044,-0.42809778,-0.045406699,0.90259093,0
-1.2181989,1.4265274,-0.78631616,0.43168843,0.86715382,0.24837318,0
2.3062842,-0.83784091,0.73090005,0.79396307,-0.49596602,0.35162497,0
-1.0534061,0.11629313,-0.71983689,-0.43168843,-0.86715382,-0.24837318,0
-0.31303623,0.50183868,0.34962589,-0.42809778,-0.045406699,0.90259093,0
2.15065,-1.0483663,0.6483376,0.79396307,-0.49596602,0.35162497,0
0.28297675,-0.62886769,-0.39982253,-0.43168843,-0.86715382,-0.24837318,0
1.7775387,-1.288934,1.1579695,0.79396307,-0.49596602,0.35162497,0
0.1076552,-0.37028643,-0.52182734,0.42809778,0.045406699,-0.90259093,0
-0.61265206,-0.15510494,-0.57718718,-0.43168843,-0.86715382,-0.24837318,0
1.1900144,-1.084337,0.96473145,-0.42809778,-0.045406699,0.90259093,0
-0.61526835,0.86839455,-0.27577245,0.43168843,0.86715382,0.24837318,0
-0.71428937,-0.27781472,0.075589418,-0.43168843,-0.86715382,-0.24837318,0
0.25889182,-0.11344284,-0.4479697,0.42809778,0.045406699,-0.90259093,0
1.9835525,-1.3667411,0.70086074,0.79396307,-0.49596602,0.35162497,0
-1.0412934,0.15719706,-0.79667884,-0.43168843,-0.86715382,-0.24837318,0
1.126726,-1.2299261,0.6639303,-0.43168843,-0.86715382,-0.24837318,0
-2.2090991,1.4402323,-0.31372452,-0.42809778,-0.045406699,0.90259093,0
0.1061825,-0.75927454,0.46117133,-0.43168843,-0.86715382,-0.24837318,0
1.0958623,-1.2330586,0.075535059,-0.43168843,-0.86715382,-0.24837318,0
0.014353991,-0.47199383,-0.51339316,-0.43168843,-0.86715382,-0.24837318,0
0.084875196,0.16563493,-0.51525992,0.42809778,0.045406699,-0.90259093,0
-1.8988459,1.3762736,-0.95886683,-0.79396307,0.49596602,-0.35162497,0
-0.62850332,0.92444295,-0.15863585,0.43168843,0.86715382,0.24837318,0
1.2067542,-0.89918071,1.0575088,-0.42809778,-0.045406699,0.90259093,0
-1.2226888,0.36725327,-0.023093104,-0.42809778,-0.045406699,0.90259093,0
-1.2237418,0.73324192,-0.045393705,-0.42809778,-0.045406699,0.90259093,0
1.7346103,-1.6550853,0.41808558,-0.43168843,-0.86715382,-0.24837318,0
1.6571914,-1.6415441,1.242259,-0.42809778,-0.045406699,0.90259093,0
-0.018711984,0.43292448,0.57046664,-0.42809778,-0.045406699,0.90259093,0
0.86667049,-0.068064958,-0.1680845,0.42809778,0.045406699,-0.90259093,0
-0.24990806,0.036954045,0.52707922,-0.42809778,-0.045406699,0.90259093,0
1.2651035,-1.2857846,0.43703103,-0.43168843,-0.86715382,-0.24837318,0
1.7811115,-1.3763573,0.9454248,0.79396307,-0.49596602,0.35162497,0
-0.84230685,1.1644678,-0.39053214,0.43168843,0.86715382,0.24837318,0
1.3125958,-1.4844635,1.0977025,-0.42809778,-0.045406699,0.90259093,0
0.65300202,-1.0734792,0.72878706,-0.43168843,-0.86715382,-0.24837318,0
1.9648814,-1.6346437,0.34146762,0.79396307,-0.49596602,0.35162497,0
-1.7139724,1.4608057,-0.11633873,-0.42809778,-0.045406699,0.90259093,0
0.96863836,-0.64176518,-0.051226974,0.42809778,0.045406699,-0.90259093,0
-1.2799089,0.41057134,-1.0861436,0.42809778,0.045406699,-0.90259093,0
-2.160176,1.1671431,-0.79286647,-0.79396307,0.49596602,-0.35162497,0
-1.4784949,1.6422201,-1.077167,0.42809778,0.045406699,-0.90259093,0
-2.02581,1.0778883,-1.2647879,-0.79396307,0.49596602,-0.35162497,0
0.22844863,-0.66851878,0.64300621,-0.42809778,-0.045406699,0.90259093,0
-0.26209527,-0.25487557,-0.53963226,-0.43168843,-0.86715382,-0.24837318,0
1.9564786,-1.2297246,1.0954957,0.79396307,-0.49596602,0.35162497,0
1.3234729,-0.46955574,0.076020718,0.42809778,0.045406699,-0.90259093,0
2.1196511,-1.1133791,0.75316644,0.79396307,-0.49596602,0.35162497,0
-1.1949697,0.098462343,-0.63027638,-0.43168843,-0.86715382,-0.24837318,0
-2.235064,1.1294199,-0.45314789,-0.79396307,0.49596602,-0.35162497,0
1.5343362,-1.722026,1.0207889,-0.43168843,-0.86715382,-0.24837318,0
-1.6798056,1.5579947,-0.90539789,-0.79396307,0.49596602,-0.35162497,0
-1.1168622,0.067274541,-0.25164527,-0.43168843,-0.86715382,-0.24837318,0
-1.6993665,1.4577055,-1.2625866,-0.79396307,0.49596602,-0.35162497,0
1.8795063,-1.3520266,0.28935933,0.42809778,0.045406699,-0.90259093,0
0.28810102,-0.78484976,0.30365169,-0.43168843,-0.86715382,-0.24837318,0
-0.90807086,1.0363429,-0.9160893,0.42809778,0.045406699,-0.90259093,0
1.8281344,-0.66539448,0.89827359,0.43168843,0.86715382,0.24837318,0
-0.28229046,0.9171989,-0.71233284,0.42809778,0.045406699,-0.90259093,0
-1.6863267,1.4446273,-1.0421226,-0.79396307,0.49596602,-0.35162497,0
-2.0954957,1.2945642,-0.76490307,-0.79396307,0.49596602,-0.35162497,0
-0.84829795,-0.030031621,-0.51509631,-0.43168843,-0.86715382,-0.24837318,0
0.3826097,0.32903641,0.14524028,0.43168843,0.86715382,0.24837318,0
-2.0937459,0.94559038,-0.87990618,-0.79396307,0.49596602,-0.35162497,0
-2.1557338,1.5444045,-0.32914448,-0.79396307,0.49596602,-0.35162497,0
-0.1131735,-0.49265915,0.15272537,-0.43168843,-0.86715382,-0.24837318,0
0.89560354,-1.1312425,0.27251661,-0.43168843,-0.86715382,-0.24837318,0
-0.88541764,1.2133768,-0.32824361,0.43168843,0.86715382,0.24837318,0
-1.2259789,0.43905306,0.0015572309,-0.42809778,-0.045406699,0.90259093,0
1.773075,-1.5780243,0.92709517,0.79396307,-0.49596602,0.35162497,0
-1.3849667,0.32411849,-0.83110464,-0.43168843,-0.86715382,-0.24837318,0
1.8132336,-1.5744152,0.73479176,0.79396307,-0.49596602,0.35162497,0
1.5234866,-1.6962153,1.0793493,0.79396307,-0.49596602,0.35162497,0
0.98976707,-1.0646755,1.0797179,-0.42809778,-0.045406699,0.90259093,0
-0.71882027,0.76451325,0.16576946,-0.42809778,-0.045406699,0.90259093,0
-0.57771313,0.55451506,0.37480867,-0.42809778,-0.045406699,0.90259093,0
0.86479586,-0.72162783,-0.13281739,0.42809778,0.045406699,-0.90259093,0
-1.0089307,1.3115995,-0.7591238,0.43168843,0.86715382,0.24837318,0
2.0151551,-0.95409912,0.44879341,0.42809778,0.045406699,-0.90259093,0
-2.4489105,0.89954209,-0.53205967,-0.79396307,0.49596602,-0.35162497,0
-2.1179211,0.94808185,-1.2176783,-0.79396307,0.49596602,-0.35162497,0
1.6225014,-1.5834706,1.3203731,0.79396307,-0.49596602,0.35162497,0
-2.2501097,1.3432617,-0.40766501,-0.79396307,0.49596602,-0.35162497,0
-0.30523542,0.37479389,-0.60034597,0.42809778,0.045406699,-0.90259093,0
-1.9278135,1.0527358,-1.0272088,-0.79396307,0.49596602,-0.35162497,0
1.5378288,-1.7271159,1.0007911,0.79396307,-0.49596602,0.35162497,0
-1.7178005,1.6233115,-0.2995851,0.43168843,0.86715382,0.24837318,0
-0.077729672,0.21468124,-0.48781937,0.42809778,0.045406699,-0.90259093,0
1.0844634,-0.038321853,0.58761871,0.43168843,0.86715382,0.24837318,0
-2.0809672,1.0001376,-1.2592678,-0.79396307,0.49596602,-0.35162497,0
-1.6073266,1.6690691,-1.0821295,-0.79396307,0.49596602,-0.35162497,0
0.63704848,0.25111538,-0.32776108,0.42809778,0.045406699,-0.90259093,0
-1.6161001,1.5590005,-0.31549144,0.43168843,0.86715382,0.24837318,0
0.47838372,-0.69026035,-0.12842315,-0.43168843,-0.86715382,-0.24837318,0
0.27063942,-0.69496816,0.63304567,-0.42809778,-0.045406699,0.90259093,0
-1.6353254,1.7713538,-1.171355,-0.79396307,0.49596602,-0.35162497,0
-1.1687253,1.4972072,-0.88990426,0.43168843,0.86715382,0.24837318,0
-2.0052712,0.62326974,-1.0096736,-0.43168843,-0.86715382,-0.24837318,0
0.83321047,-1.1480457,0.79343688,-0.42809778,-0.045406699,0.90259093,0
1.2505963,-1.1314114,1.1302587,-0.42809778,-0.045406699,0.90259093,0
-0.20591453,0.71841955,0.1476931,0.43168843,0.86715382,0.24837318,0
1.8133833,-1.5766025,0.48703313,-0.43168843,-0.86715382,-0.24837318,0
-1.5525808,1.180002,-0.21929526,-0.42809778,-0.045406699,0.90259093,0
0.34923646,-0.67409164,-0.43307656,0.42809778,0.045406699,-0.90259093,0
-0.82824421,0.079307333,0.2474342,-0.42809778,-0.045406699,0.90259093,0
0.50472134,-1.0183531,0.65365493,-0.42809778,-0.045406699,0.90259093,0
1.9130628,-1.0494342,1.0524063,0.79396307,-0.49596602,0.35162497,0
-0.73892367,1.1434559,-0.62814188,0.43168843,0.86715382,0.24837318,0
1.918043,-1.6067742,0.62517929,0.79396307,-0.49596602,0.35162497,0
0.023844123,-0.46281564,-0.45855057,0.42809778,0.045406699,-0.90259093,0
-0.72072011,-0.039329648,-0.62089872,-0.43168843,-0.86715382,-0.24837318,0
-2.188911,1.0568836,-0.74978638,-0.79396307,0.49596602,-0.35162497,0
0.23432192,0.34352678,0.14042203,0.43168843,0.86715382,0.24837318,0
-1.0032583,1.2640362,-0.91307878,0.42809778,0.045406699,-0.90259093,0
-1.9340501,1.5615962,-0.29581189,-0.79396307,0.49596602,-0.35162497,0
-0.76904899,1.0580355,-0.21282828,0.43168843,0.86715382,0.24837318,0
-1.7803563,0.82763112,-1.3713331,0.42809778,0.045406699,-0.90259093,0
2.2734509,-0.71217722,0.60352182,0.43168843,0.86715382,0.24837318,0
-1.6809072,1.4014139,-0.21213484,0.43168843,0.86715382,0.24837318,0
1.62745,-0.45508716,0.58131623,0.43168843,0.86715382,0.24837318,0
-1.4315529,1.521184,-1.1579547,0.43168843,0.86715382,0.24837318,0
1.9306428,-0.91121757,1.3886129,0.79396307,-0.49596602,0.35162497,0
1.980556,-1.3091984,0.65385795,0.79396307,-0.49596602,0.35162497,0
-1.295644,0.37682694,-0.036358476,-0.42809778,-0.045406699,0.90259093,0
-1.4705428,1.614108,-0.9173069,0.43168843,0.86715382,0.24837318,0
-1.4379116,1.286733,-0.33478451,0.43168843,0.86715382,0.24837318,0
1.6997843,-1.6699603,0.81261182,0.79396307,-0.49596602,0.35162497,0
1.7199447,-1.4299809,0.19730234,0.42809778,0.045406699,-0.90259093,0
-1.9398614,1.6356726,-0.61125755,-0.79396307,0.49596602,-0.35162497,0
0.22194044,0.18814811,-0.41986346,0.42809778,0.045406699,-0.90259093,0
2.2096553,-1.1707742,0.70854735,0.79396307,-0.49596602,0.35162497,0
1.6245759,-0.66112149,0.14252865,0.42809778,0.045406699,-0.90259093,0
2.1841259,-1.2934788,0.37747884,0.79396307,-0.49596602,0.35162497,0
0.64749074,-0.12463349,0.83462167,-0.42809778,-0.045406699,0.90259093,0
0.88517869,-0.39514709,0.86055619,-0.42809778,-0.045406699,0.90259093,0
1.6092694,-0.29155126,0.10994029,0.42809778,0.045406699,-0.90259093,0
0.20394087,-0.71648574,0.34599257,-0.43168843,-0.86715382,-0.24837318,0
-0.02911976,-0.50033224,-0.087508351,-0.43168843,-0.86715382,-0.24837318,0
-1.94416,0.75266123,-1.3081945,-0.43168843,-0.86715382,-0.24837318,0
0.92770779,-0.0011354089,0.18010443,0.43168843,0.86715382,0.24837318,0
-1.97048,1.3562639,-0.52860212,-0.79396307,0.49596602,-0.35162497,0
0.21752122,-0.61446249,-0.4399063,-0.43168843,-0.86715382,-0.24837318,0
1.0736034,-0.95220894,1.1228206,-0.42809778,-0.045406699,0.90259093,0
0.93167043,-1.0450047,0.92681015,-0.42809778,-0.045406699,0.90259093,0
2.0936849,-1.1193926,0.74934721,0.79396307,-0.49596602,0.35162497,0
0.76563084,-0.16184668,-0.25071794,0.42809778,0.045406699,-0.90259093,0
-0.072679877,0.44106293,-0.64653486,0.42809778,0.045406699,-0.90259093,0
-0.5786773,0.17444789,-0.70897841,0.42809778,0.045406699,-0.90259093,0
-1.1539783,1.0843723,-0.043092251,-0.42809778,-0.045406699,0.90259093,0
2.1495888,-1.154855,0.52530575,0.79396307,-0.49596602,0.35162497,0
1.0377316,0.012113988,0.34696329,0.43168843,0.86715382,0.24837318,0
-0.53157228,0.29712462,-0.76265728,0.42809778,0.045406699,-0.90259093,0
-0.94176912,0.24009746,-0.83953381,-0.43168843,-0.86715382,-0.24837318,0
-1.9054973,1.2702547,-1.125761,-0.79396307,0.49596602,-0.35162497,0
1.1216636,-1.1165177,0.11298811,-0.43168843,-0.86715382,-0.24837318,0
1.5170801,-0.56574929,1.2133271,-0.42809778,-0.045406699,0.90259093,0
-0.092614889,-0.33308804,-0.51870805,0.42809778,0.045406699,-0.90259093,0
-1.163631,0.15929216,-0.37719131,-0.43168843,-0.86715382,-0.24837318,0
-1.6923065,1.6009243,-0.99649549,-0.79396307,0.49596602,-0.35162497,0
-2.266114,0.93972749,-0.85123658,-0.79396307,0.49596602,-0.35162497,0
-0.81677705,0.51440769,-0.81885654,0.42809778,0.045406699,-0.90259093,0
0.16127938,0.10110867,0.67665255,-0.42809778,-0.045406699,0.90259093,0
2.1043606,-1.3462142,0.61294198,0.79396307,-0.49596602,0.35162497,0
-2.101356,1.2759616,-0.63292241,-0.79396307,0.49596602,-0.35162497,0
2.0814095,-1.2065818,0.55499268,0.79396307,-0.49596602,0.35162497,0
1.2712238,-1.3841977,0.99336541,-0.42809778,-0.045406699,0.90259093,0
2.1735072,-0.83011717,0.77852964,0.43168843,0.86715382,0.24837318,0
-0.46058986,0.23187989,-0.71501851,0.42809778,0.045406699,-0.90259093,0
1.8074862,-0.47278076,0.83269918,0.43168843,0.86715382,0.24837318,0
1.701609,-0.40260136,0.33111084,0.43168843,0.86715382,0.24837318,0
-1.3051621,0.39517581,-1.1083319,0.42809778,0.045406699,-0.90259093,0
-0.045650899,-0.40018031,-0.61355072,-0.43168843,-0.86715382,-0.24837318,0
-1.5030932,1.1471738,-1.3174769,0.42809778,0.045406699,-0.90259093,0
-0.70366788,0.98010194,-0.4793638,0.43168843,0.86715382,0.24837318,0
1.4853363,-1.1695578,0.11513662,0.42809778,0.045406699,-0.90259093,0
-0.73751384,0.62840819,-0.91956192,0.42809778,0.045406699,-0.90259093,0
-1.9195576,0.9453342,-1.4165376,0.42809778,0.045406699,-0.90259093,0
0.09338212,-0.23305726,-0.54912788,0.42809778,0.045406699,-0.90259093,0
1.198372,-0.74813002,1.019007,-0.42809778,-0.045406699,0.90259093,0
-0.68788755,1.0874521,-0.45191765,0.43168843,0.86715382,0.24837318,0
-0.48968619,0.16987813,-0.84016478,0.42809778,0.045406699,-0.90259093,0
0.04722327,-0.50044298,-0.60705191,0.42809778,0.045406699,-0.90259093,0
1.1425412,-0.25735438,1.0308429,0.43168843,0.86715382,0.24837318,0
2.1548574,-0.93624395,1.043041,0.79396307,-0.49596602,0.35162497,0
-1.3571898,1.5495414,-0.84043336,0.43168843,0.86715382,0.24837318,0
-1.0733368,1.3734885,-0.86761332,0.43168843,0.86715382,0.24837318,0
1.8774543,-1.5936092,0.69526148,0.79396307,-0.49596602,0.35162497,0
-0.11410767,-0.53329283,0.10624039,-0.43168843,-0.86715382,-0.24837318,0
-0.92520362,0.44852418,-0.9585799,0.42809778,0.045406699,-0.90259093,0
-0.72316545,0.42104667,-0.80387759,0.42809778,0.045406699,-0.90259093,0
-2.0178697,0.94083691,-1.447212,-0.79396307,0.49596602,-0.35162497,0
-2.063364,1.3216735,-0.47318625,-0.79396307,0.49596602,-0.35162497,0
2.0147929,-1.3134131,0.55282617,0.79396307,-0.49596602,0.35162497,0
-1.6605029,0.90205359,-1.2336015,0.42809778,0.045406699,-0.90259093,0
-1.1447104,1.3457479,-0.37739062,0.43168843,0.86715382,0.24837318,0
1.7176944,-0.69532597,1.0609596,0.43168843,0.86715382,0.24837318,0
1.3392715,-0.028992862,0.1148088,0.43168843,0.86715382,0.24837318,0
-1.7066405,1.7083919,-0.85257459,-0.79396307,0.49596602,-0.35162497,0
-1.9719356,0.84774899,-1.2035607,-0.79396307,0.49596602,-0.35162497,0
-0.12261018,-0.44361714,0.038838953,-0.43168843,-0.86715382,-0.24837318,0
1.7544802,-1.2472959,1.1546521,0.79396307,-0.49596602,0.35162497,0
-1.1941333,0.73677486,-1.0151116,0.42809778,0.045406699,-0.90259093,0
0.14642429,0.50104272,0.24235421,0.43168843,0.86715382,0.24837318,0
1.3057852,-1.2638264,-0.037904739,0.42809778,0.045406699,-0.90259093,0
-1.4791946,1.0489215,-0.11204076,-0.42809778,-0.045406699,0.90259093,0
-0.1024411,0.66755241,0.086097121,0.43168843,0.86715382,0.24837318,0
1.1332011,-0.25821036,0.96360201,0.43168843,0.86715382,0.24837318,0
-1.549746,0.34176862,-0.41170967,-0.43168843,-0.86715382,-0.24837318,0
0.88082957,-1.118459,0.69524693,-0.43168843,-0.86715382,-0.24837318,0
-1.9364834,1.1832542,-0.87484288,-0.79396307,0.49596602,-0.35162497,0
-0.079378828,0.6126104,-0.57093132,0.42809778,0.045406699,-0.90259093,0
-1.8682983,1.5839876,-0.57382417,0.43168843,0.86715382,0.24837318,0
1.5870445,-1.4775444,0.28049183,-0.43168843,-0.86715382,-0.24837318,0
0.76680565,-1.107229,0.686041,-0.43168843,-0.86715382,-0.24837318,0
1.8030889,-1.0452917,0.2046423,0.42809778,0.045406699,-0.90259093,0
1.453041,-1.4689114,1.2721496,-0.42809778,-0.045406699,0.90259093,0
-1.2985601,1.1928477,0.09756875,-0.42809778,-0.045406699,0.90259093,0
0.077416092,0.0090590119,0.48847711,-0.42809778,-0.045406699,0.90259093,0
1.5472727,-0.52678227,0.79373193,0.43168843,0.86715382,0.24837318,0
-1.2043437,0.34170771,-0.93584031,-0.43168843,-0.86715382,-0.24837318,0
-0.73169494,-0.32898867,0.017767042,-0.43168843,-0.86715382,-0.24837318,0
-0.58415192,-0.3494992,0.18034016,-0.42809778,-0.045406699,0.90259093,0
1.5534987,-0.38208616,0.5830673,0.43168843,0.86715382,0.24837318,0
-0.47998273,0.79088414,0.085566759,0.43168843,0.86715382,0.24837318,0
2.2352951,-0.83381373,0.88497567,0.79396307,-0.49596602,0.35162497,0
-1.1002147,0.21163607,-0.71274579,-0.43168843,-0.86715382,-0.24837318,0
-1.9239872,1.1262043,-1.3091362,-0.79396307,0.49596602,-0.35162497,0
0.32172394,-0.19314337,0.7921226,-0.42809778,-0.045406699,0.90259093,0
1.3236632,-1.4229639,0.55850911,-0.43168843,-0.86715382,-0.24837318,0
0.417512,-0.12041777,0.78958422,-0.42809778,-0.045406699,0.90259093,0
-0.67362481,0.81660151,-0.046932101,0.43168843,0.86715382,0.24837318,0
-0.74883854,-0.12116033,-0.069455862,-0.43168843,-0.86715382,-0.24837318,0
-1.8533179,1.0948288,-0.18659353,-0.42809778,-0.045406699,0.90259093,0
0.71845895,0.18006134,-0.1487498,0.42809778,0.045406699,-0.90259093,0
2.0041101,-0.68373877,1.0188298,0.43168843,0.86715382,0.24837318,0
-1.1726735,0.15492034,-0.61954236,-0.43168843,-0.86715382,-0.24837318,0
1.8572924,-0.64937145,0.9341979,0.43168843,0.86715382,0.24837318,0
-1.8154166,1.5178182,-1.077136,-0.79396307,0.49596602,-0.35162497,0
-2.1225004,1.0395794,-1.1260254,-0.79396307,0.49596602,-0.35162497,0
1.8945303,-1.3701564,0.7901175,0.79396307,-0.49596602,0.35162497,0
0.78250539,-1.0469519,0.25884414,-0.43168843,-0.86715382,-0.24837318,0
-2.0184884,1.4217126,-0.56777024,-0.79396307,0.49596602,-0.35162497,0
1.0700972,-0.29097581,-0.021832228,0.42809778,0.045406699,-0.90259093,0
1.6489947,-0.30150917,0.1228739,0.42809778,0.045406699,-0.90259093,0
-0.99798566,-0.060856402,-0.22172844,-0.43168843,-0.86715382,-0.24837318,0
0.60913837,-0.7263341,0.7314564,-0.42809778,-0.045406699,0.90259093,0
1.6501236,-1.6803261,1.2016621,0.79396307,-0.49596602,0.35162497,0
-1.6168004,1.5726407,-1.0930779,-0.79396307,0.49596602,-0.35162497,0
-2.15012,1.0465301,-0.52348566,-0.79396307,0.49596602,-0.35162497,0
0.35041139,-0.957708,0.52675277,-0.43168843,-0.86715382,-0.24837318,0
1.0642984,-0.62896311,-0.12220991,0.42809778,0.045406699,-0.90259093,0
0.97452301,-1.1137381,0.22493589,-0.43168843,-0.86715382,-0.24837318,0
-1.809711,1.7148314,-0.79463077,-0.79396307,0.49596602,-0.35162497,0
1.709993,-1.5702686,1.0326672,0.79396307,-0.49596602,0.35162497,0
-0.48081106,0.70759982,0.27494663,0.43168843,0.86715382,0.24837318,0
-2.0258474,1.0207146,-0.9396944,-0.79396307,0.49596602,-0.35162497,0
-1.4905362,1.6696616,-1.141439,-0.79396307,0.49596602,-0.35162497,0
1.9480019,-0.79559243,1.1250131,0.43168843,0.86715382,0.24837318,0
1.9819812,-1.045296,0.91236377,0.79396307,-0.49596602,0.35162497,0
1.7298945,-0.90708458,1.3938807,-0.42809778,-0.045406699,0.90259093,0
-0.79609877,0.01547572,-0.2899254,-0.43168843,-0.86715382,-0.24837318,0
2.1589708,-0.73952317,0.5886004,0.43168843,0.86715382,0.24837318,0
-0.86442071,0.42609203,-0.93322426,0.42809778,0.045406699,-0.90259093,0
0.56166101,-0.83203095,0.25173926,-0.43168843,-0.86715382,-0.24837318,0
-1.8262267,0.63625234,-0.74290097,-0.43168843,-0.86715382,-0.24837318,0
-0.89116943,0.12102853,0.21077555,-0.42809778,-0.045406699,0.90259093,0
1.9561338,-1.4289904,0.80484295,0.79396307,-0.49596602,0.35162497,0
0.056826994,0.5807175,-0.20819178,0.43168843,0.86715382,0.24837318,0
-0.063928932,-0.044237077,0.51713312,-0.42809778,-0.045406699,0.90259093,0
-0.31447265,-0.4699133,0.020208314,-0.43168843,-0.86715382,-0.24837318,0
0.50174147,-0.17945939,-0.33134472,0.42809778,0.045406699,-0.90259093,0
2.2260337,-1.1583384,0.42609692,0.79396307,-0.49596602,0.35162497,0
0.2819626,-0.56195796,0.60802662,-0.42809778,-0.045406699,0.90259093,0
1.543375,-0.86919534,1.35063,-0.42809778,-0.045406699,0.90259093,0
2.1875601,-1.3565136,0.41136694,0.79396307,-0.49596602,0.35162497,0
-1.1430395,1.0432378,-0.030750275,0.43168843,0.86715382,0.24837318,0
-1.2730085,1.523309,-1.0403898,0.42809778,0.045406699,-0.90259093,0
2.297936,-0.84674841,0.60591197,0.79396307,-0.49596602,0.35162497,0
-2.1754894,0.97356707,-0.78534913,-0.79396307,0.49596602,-0.35162497,0
-0.9746955,1.1584275,-0.89180982,0.42809778,0.045406699,-0.90259093,0
-0.41203442,0.79273993,-0.77928841,0.42809778,0.045406699,-0.90259093,0
-1.7571127,0.90059572,-0.12474608,-0.42809778,-0.045406699,0.90259093,0
1.1986697,-1.437117,0.8807019,-0.43168843,-0.86715382,-0.24837318,0
-0.22274508,0.078351796,0.43376362,-0.42809778,-0.045406699,0.90259093,0
0.2250005,-0.70980787,0.35188037,-0.43168843,-0.86715382,-0.24837318,0
0.76351583,-0.36525905,-0.13499594,0.42809778,0.045406699,-0.90259093,0
-0.33032006,-0.011383474,-0.80358958,0.42809778,0.045406699,-0.90259093,0
-0.76290941,0.95562434,-0.26231384,0.43168843,0.86715382,0.24837318,0
-1.1804838,1.5543609,-1.0537739,0.42809778,0.045406699,-0.90259093,0
-1.8357546,1.3746364,-1.0019128,-0.79396307,0.49596602,-0.35162497,0
1.9183664,-0.91342211,1.3308449,-0.42809778,-0.045406699,0.90259093,0
0.94492865,-1.038103,-0.039536953,-0.43168843,-0.86715382,-0.24837318,0
2.2047951,-0.96224922,0.8299036,0.79396307,-0.49596602,0.35162497,0
-0.042205252,-0.46193603,0.57892245,-0.42809778,-0.045406699,0.90259093,0
-0.0066624731,0.22019809,-0.51792723,0.42809778,0.045406699,-0.90259093,0
-1.0827779,1.1358669,-0.9928503,0.42809778,0.045406699,-0.90259093,0
-0.62274021,-0.28290555,-0.16140035,-0.43168843,-0.86715382,-0.24837318,0
1.7382566,-0.66983509,1.2925724,-0.42809778,-0.045406699,0.90259093,0
2.0633161,-0.83828127,1.2857795,0.79396307,-0.49596602,0.35162497,0
2.021049,-0.65830195,0.66844511,0.43168843,0.86715382,0.24837318,0
1.1959584,-0.74322557,1.087539,-0.42809778,-0.045406699,0.90259093,0
-1.3435245,1.4100215,-0.54972935,0.43168843,0.86715382,0.24837318,0
-0.24519798,-0.10368228,-0.5781194,0.42809778,0.045406699,-0.90259093,0
1.8247924,-1.3968208,1.1468172,0.79396307,-0.49596602,0.35162497,0
-1.3049099,1.5565438,-1.0235825,0.43168843,0.86715382,0.24837318,0
2.1684992,-1.1731746,0.8163116,0.79396307,-0.49596602,0.35162497,0
0.42074564,0.28977528,-0.30516014,0.42809778,0.045406699,-0.90259093,0
-2.2009594,1.0013454,-0.62635064,-0.79396307,0.49596602,-0.35162497,0
-1.193648,0.2730875,-0.86591947,-0.43168843,-0.86715382,-0.24837318,0
-1.9082589,0.69027579,-0.92350078,-0.43168843,-0.86715382,-0.24837318,0
-1.6076331,1.4578781,-0.56175351,0.43168843,0.86715382,0.24837318,0
-2.0374074,1.2855908,-0.95536876,-0.79396307,0.49596602,-0.35162497,0
1.7773001,-0.93734521,0.22752643,0.42809778,0.045406699,-0.90259093,0
1.793999,-1.6495538,0.39683509,-0.43168843,-0.86715382,-0.24837318,0
-0.96996307,0.048280224,0.00226897,-0.42809778,-0.045406699,0.90259093,0
1.8265927,-1.230864,1.0320749,0.79396307,-0.49596602,0.35162497,0
1.0282952,0.097254053,0.07057935,0.43168843,0.86715382,0.24837318,0
1.7562019,-0.93899637,0.21651793,0.42809778,0.045406699,-0.90259093,0
-2.3101547,0.78140169,-1.0285711,-0.79396307,0.49596602,-0.35162497,0
1.8079995,-0.53730631,0.90549588,0.43168843,0.86715382,0.24837318,0
-1.7162962,1.6585884,-0.73610377,-0.79396307,0.49596602,-0.35162497,0
1.7020314,-0.6534701,0.99894011,0.43168843,0.86715382,0.24837318,0
1.9696836,-0.6910693,0.32401991,0.42809778,0.045406699,-0.90259093,0
-0.50257015,0.99924725,-0.27460909,0.43168843,0.86715382,0.24837318,0
0.43677169,-0.71296966,0.069731236,-0.43168843,-0.86715382,-0.24837318,0
-1.2759811,0.38492703,-1.1151236,-0.43168843,-0.86715382,-0.24837318,0
0.36211279,0.03718254,-0.40287024,0.42809778,0.045406699,-0.90259093,0
-2.2009614,1.0412531,-0.93495488,-0.79396307,0.49596602,-0.35162497,0
0.093877137,0.52164352,0.36839777,0.43168843,0.86715382,0.24837318,0
-1.2342262,0.027047738,-0.13203561,-0.42809778,-0.045406699,0.90259093,0
-1.9060273,1.6216122,-0.26120162,-0.42809778,-0.045406699,0.90259093,0
0.46586108,-0.98150468,0.58259237,-0.43168843,-0.86715382,-0.24837318,0
1.7930353,-0.57834655,0.84862173,0.43168843,0.86715382,0.24837318,0
1.0407786,-0.56033915,-0.042706728,0.42809778,0.045406699,-0.90259093,0
