0.347377,0.28311694,-0.56856036,0.061119318,0.8947525,-0.44235998,0
1.61291,0.16991752,-0.15357637,0.97353166,0.04434675,0.22420865,0
-1.2727821,0.25944835,-0.67079079,0.061119318,0.8947525,-0.44235998,0
0.60993594,-0.10578257,-0.28706804,0.22022852,-0.44435489,-0.86835945,0
-1.3839705,-0.23931131,-0.49270201,-0.97353166,-0.04434675,-0.22420865,0
0.54759979,0.24744081,0.52880836,-0.22022852,0.44435489,0.86835945,0
1.4138075,0.45011944,0.11096442,0.061119318,0.8947525,-0.44235998,0
0.48764944,0.038339764,0.66571748,-0.22022852,0.44435489,0.86835945,0
-1.4882047,0.25292397,-0.15803671,-0.97353166,-0.04434675,-0.22420865,0
-1.0670805,-0.17668837,0.32085365,-0.22022852,0.44435489,0.86835945,0
0.18997651,0.43342286,0.43827009,-0.22022852,0.44435489,0.86835945,0
-0.62756306,-0.40357661,0.45129961,-0.061119318,-0.8947525,0.44235998,0
-1.5486124,0.45782518,0.019770741,-0.22022852,0.44435489,0.86835945,0
-0.99048674,-0.52040464,0.063427269,-0.061119318,-0.8947525,0.44235998,0
1.0395749,-0.28389531,-0.055888116,0.22022852,-0.44435489,-0.86835945,0
1.3868821,-0.16886163,0.52889669,0.97353166,0.04434675,0.22420865,0
-1.4607651,-0.55494428,-0.66181785,-0.97353166,-0.04434675,-0.22420865,0
1.1467603,-0.32131118,0.6327275,-0.061119318,-0.8947525,0.44235998,0
1.4620731,-0.35629004,0.3432188,0.97353166,0.04434675,0.22420865,0
1.1926248,0.42346638,-0.20675111,0.061119318,0.8947525,-0.44235998,0
-1.4493932,-0.47537425,-0.59558207,-0.97353166,-0.04434675,-0.22420865,0
-0.59653544,0.014641821,0.50395405,-0.22022852,0.44435489,0.86835945,0
-1.1624242,0.14009666,0.30034667,-0.22022852,0.44435489,0.86835945,0
-1.3627784,0.56950706,0.048817754,-0.22022852,0.44435489,0.86835945,0
0.63917327,0.47303879,0.5074532,-0.22022852,0.44435489,0.86835945,0
-0.64504451,0.10791314,0.40386489,-0.22022852,0.44435489,0.86835945,0
-0.43702361,-0.55335915,-0.0025494546,-0.061119318,-0.8947525,0.44235998,0
0.49848312,0.15913275,-0.48933697,0.22022852,-0.44435489,-0.86835945,0
-0.27133894,0.36215296,-0.65391904,0.061119318,0.8947525,-0.44235998,0
-0.91971052,0.5350638,-0.0443663,-0.22022852,0.44435489,0.86835945,0
-1.1640195,0.098913386,-0.86494684,0.22022852,-0.44435489,-0.86835945,0
1.5331007,0.10245806,-0.12804711,0.97353166,0.04434675,0.22420865,0
-0.54649812,-0.7537939,-0.28128737,-0.061119318,-0.8947525,0.44235998,0
-0.96030533,0.24811737,-0.97917992,0.061119318,0.8947525,-0.44235998,0
1.2287878,-0.34893265,0.58149254,-0.061119318,-0.8947525,0.44235998,0
0.93098217,0.30597582,-0.29756454,0.061119318,0.8947525,-0.44235998,0
-0.51590371,0.46596599,-0.13033295,0.061119318,0.8947525,-0.44235998,0
0.5337956,0.44029954,-0.33803934,0.061119318,0.8947525,-0.44235998,0
0.99573249,0.84373796,0.4990465,0.061119318,0.8947525,-0.44235998,0
1.3970597,-0.055128038,0.36435521,0.97353166,0.04434675,0.22420865,0
-0.510391,0.2398243,-0.71732754,0.061119318,0.8947525,-0.44235998,0
0.74372554,0.46398067,-0.025867432,0.061119318,0.8947525,-0.44235998,0
-1.5880088,-0.14211154,0.04257524,-0.97353166,-0.04434675,-0.22420865,0
-0.63504505,-0.70367229,-0.26322803,0.22022852,-0.44435489,-0.86835945,0
0.064288259,-0.25732404,0.63707793,-0.061119318,-0.8947525,0.44235998,0
0.1354169,-0.35944393,0.21092854,-0.061119318,-0.8947525,0.44235998,0
1.4425172,0.46898907,-0.0012751818,0.97353166,0.04434675,0.22420865,0
-0.33077979,-0.61853385,-0.074629553,-0.061119318,-0.8947525,0.44235998,0
1.4477134,-0.31899256,0.48646402,0.97353166,0.04434675,0.22420865,0
-0.31772238,-0.5430088,-0.097778708,-0.061119318,-0.8947525,0.44235998,0
0.12100782,-0.37368742,-0.40178156,0.22022852,-0.44435489,-0.86835945,0
-0.2366913,-0.47990119,-0.46594107,0.22022852,-0.44435489,-0.86835945,0
1.3828405,0.32779092,0.69060546,0.97353166,0.04434675,0.22420865,0
-1.4245726,-0.074908376,-0.25823283,-0.97353166,-0.04434675,-0.22420865,0
1.396136,0.17921931,0.71639419,0.97353166,0.04434675,0.22420865,0
-1.6474079,-0.15041751,0.27514374,-0.97353166,-0.04434675,-0.22420865,0
0.39243519,-0.39962903,0.20722863,-0.061119318,-0.8947525,0.44235998,0
-1.4605775,-0.13045228,-0.56459677,-0.97353166,-0.04434675,-0.22420865,0
1.4869039,-0.19735336,0.71398008,0.97353166,0.04434675,0.22420865,0
-0.2591891,-0.43411463,0.2989251,-0.061119318,-0.8947525,0.44235998,0
0.73620331,0.57615817,0.54097307,-0.22022852,0.44435489,0.86835945,0
-1.3587528,-0.39415354,-0.71649581,-0.97353166,-0.04434675,-0.22420865,0
1.5196198,0.13534665,-0.27300704,0.97353166,0.04434675,0.22420865,0
-0.70830137,0.34363386,-0.69217873,0.061119318,0.8947525,-0.44235998,0
0.14631505,-0.6716553,-0.10610071,-0.061119318,-0.8947525,0.44235998,0
1.4295158,-0.089064956,0.26681757,0.97353166,0.04434675,0.22420865,0
0.12163547,0.14440569,0.47729173,-0.22022852,0.44435489,0.86835945,0
-1.4159484,0.33080536,-0.4598074,-0.97353166,-0.04434675,-0.22420865,0
0.85971928,0.6448853,0.53513587,-0.22022852,0.44435489,0.86835945,0
0.31687218,-0.31813419,0.52168673,-0.061119318,-0.8947525,0.44235998,0
-0.19152749,-0.32866552,0.38406101,-0.061119318,-0.8947525,0.44235998,0
-0.89468598,0.47378621,-0.25923997,0.061119318,0.8947525,-0.44235998,0
-0.53795564,-0.036156155,-0.68142474,0.22022852,-0.44435489,-0.86835945,0
-1.1612527,-0.29662558,-0.67180747,0.22022852,-0.44435489,-0.86835945,0
-1.4506447,0.079282403,-0.46000886,-0.97353166,-0.04434675,-0.22420865,0
1.5592848,-0.096390903,-0.0072990656,0.97353166,0.04434675,0.22420865,0
-1.1181691,0.62927717,-0.175596,0.061119318,0.8947525,-0.44235998,0
1.3822768,0.17993495,0.49179566,0.97353166,0.04434675,0.22420865,0
1.1292267,-0.089900911,-0.19888872,0.22022852,-0.44435489,-0.86835945,0
-0.63352311,-0.35457349,-0.47787023,0.22022852,-0.44435489,-0.86835945,0
1.3612691,0.44706157,-0.15457261,0.061119318,0.8947525,-0.44235998,0
1.1223971,0.2059769,-0.33507437,0.22022852,-0.44435489,-0.86835945,0
0.71238172,-0.5764963,-0.051612794,0.22022852,-0.44435489,-0.86835945,0
-0.36677673,-0.53205121,0.012826167,-0.061119318,-0.8947525,0.44235998,0
-0.064600408,0.47614232,0.40881804,-0.22022852,0.44435489,0.86835945,0
0.65126061,0.46445435,-0.17769888,0.061119318,0.8947525,-0.44235998,0
1.4300309,0.20333055,0.52262831,0.97353166,0.04434675,0.22420865,0
1.3851825,0.21696103,0.53505516,0.97353166,0.04434675,0.22420865,0
0.94967192,-0.325737,0.53551251,-0.061119318,-0.8947525,0.44235998,0
1.4111958,-0.29893845,0.77760971,0.97353166,0.04434675,0.22420865,0
-1.0300678,-0.70189911,-0.34430891,-0.061119318,-0.8947525,0.44235998,0
1.2951037,0.39469048,0.049692929,0.061119318,0.8947525,-0.44235998,0
1.419204,0.091219068,0.39482749,0.97353166,0.04434675,0.22420865,0
-1.5059134,-0.17651004,0.21871299,-0.97353166,-0.04434675,-0.22420865,0
1.1971205,-0.14815861,-0.12532347,0.22022852,-0.44435489,-0.86835945,0
-0.7389977,0.33428681,-0.37326479,0.061119318,0.8947525,-0.44235998,0
-0.27148372,0.11228146,-0.81195128,0.22022852,-0.44435489,-0.86835945,0
-1.4940858,0.28768128,-0.12386549,-0.97353166,-0.04434675,-0.22420865,0
-1.4889143,0.14143717,-0.16636693,-0.97353166,-0.04434675,-0.22420865,0
-1.044077,0.40339786,-0.0056182146,-0.22022852,0.44435489,0.86835945,0
-0.47062719,0.56200528,0.045132399,0.061119318,0.8947525,-0.44235998,0
-1.2939018,-0.42949685,0.014847457,-0.061119318,-0.8947525,0.44235998,0
0.97239757,-0.41667742,-0.014659941,0.22022852,-0.44435489,-0.86835945,0
-0.1304512,-0.262308,0.58682841,-0.22022852,0.44435489,0.86835945,0
-0.016635776,0.30660579,-0.65305173,0.061119318,0.8947525,-0.44235998,0
-0.21375427,0.39208117,0.22445773,-0.22022852,0.44435489,0.86835945,0
-1.0942929,-0.46989387,-0.72568184,0.22022852,-0.44435489,-0.86835945,0
-1.0960624,0.02594918,-0.86551505,0.22022852,-0.44435489,-0.86835945,0
-1.4277403,0.060764134,-0.73387766,-0.97353166,-0.04434675,-0.22420865,0
-0.68845177,-0.2055569,-0.68103266,0.22022852,-0.44435489,-0.86835945,0
-1.4653642,-0.25313765,0.12678874,-0.97353166,-0.04434675,-0.22420865,0
1.447479,-0.026746392,0.25275707,0.97353166,0.04434675,0.22420865,0
1.5489738,-0.20635158,0.19500053,0.97353166,0.04434675,0.22420865,0
-1.4644918,0.090285897,-0.47845519,-0.97353166,-0.04434675,-0.22420865,0
0.99088776,0.33921495,0.5899772,-0.22022852,0.44435489,0.86835945,0
-0.34108844,-0.30095884,-0.61402696,0.22022852,-0.44435489,-0.86835945,0
1.6230903,-0.45431972,0.14656794,0.97353166,0.04434675,0.22420865,0
-0.28530475,-0.11908389,-0.51053089,0.22022852,-0.44435489,-0.86835945,0
0.7845757,0.39761919,-0.38827866,0.061119318,0.8947525,-0.44235998,0
1.4988973,-0.22991961,0.40418756,0.97353166,0.04434675,0.22420865,0
-1.1092993,-0.52647686,-0.68026745,0.22022852,-0.44435489,-0.86835945,0
-0.50668079,-0.34254229,0.43600911,-0.061119318,-0.8947525,0.44235998,0
-1.4715503,-0.12189931,-0.57985961,-0.97353166,-0.04434675,-0.22420865,0
-0.53135049,-0.46754205,0.18544474,-0.061119318,-0.8947525,0.44235998,0
1.5129087,0.17055154,0.0055078268,0.97353166,0.04434675,0.22420865,0
0.28760719,-0.015002131,0.73733413,-0.22022852,0.44435489,0.86835945,0
1.4416888,-0.28859338,0.68439925,0.97353166,0.04434675,0.22420865,0
-0.83809876,0.36505967,0.15866184,-0.22022852,0.44435489,0.86835945,0
-1.5218312,-0.22532213,0.28061903,-0.22022852,0.44435489,0.86835945,0
-0.96368837,0.38406664,0.12502635,-0.22022852,0.44435489,0.86835945,0
1.6642578,0.33619577,-0.16118395,0.97353166,0.04434675,0.22420865,0
-1.2495403,-0.16949689,0.29470217,-0.22022852,0.44435489,0.86835945,0
1.5282757,-0.44831932,0.38382256,0.97353166,0.04434675,0.22420865,0
1.3526567,0.24950075,0.51887417,0.97353166,0.04434675,0.22420865,0
1.3572015,0.36792064,0.60564619,0.97353166,0.04434675,0.22420865,0
-0.65347159,0.16549075,0.2712093,-0.22022852,0.44435489,0.86835945,0
-1.3956263,-0.047244132,-0.81545603,-0.97353166,-0.04434675,-0.22420865,0
1.5100995,0.22925633,0.20868504,0.97353166,0.04434675,0.22420865,0
-1.439252,-0.18176746,-0.51558936,-0.97353166,-0.04434675,-0.22420865,0
-1.1012837,0.080125481,-0.9402824,0.061119318,0.8947525,-0.44235998,0
1.5038748,-0.1335364,-0.057927132,0.22022852,-0.44435489,-0.86835945,0
-1.3025993,-0.58734787,-0.57842535,-0.97353166,-0.04434675,-0.22420865,0
0.40645075,-0.10715955,-0.30429277,0.22022852,-0.44435489,-0.86835945,0
-1.487336,-0.35916263,0.094302654,-0.97353166,-0.04434675,-0.22420865,0
0.88847947,-0.37511253,-0.18142289,0.22022852,-0.44435489,-0.86835945,0
-0.19566107,-0.1903576,0.50257719,-0.061119318,-0.8947525,0.44235998,0
-1.5702059,-0.41965991,-0.22053957,-0.97353166,-0.04434675,-0.22420865,0
-1.4707294,0.11754572,-0.21159136,-0.97353166,-0.04434675,-0.22420865,0
0.73350382,0.30626497,0.64659911,-0.22022852,0.44435489,0.86835945,0
-0.86183524,-0.59183002,-0.46724725,0.22022852,-0.44435489,-0.86835945,0
-0.31113839,-0.4835507,0.28045535,-0.061119318,-0.8947525,0.44235998,0
-1.2696042,0.11288133,-0.77485955,-0.97353166,-0.04434675,-0.22420865,0
-1.5426989,-0.3143158,-0.093066692,-0.97353166,-0.04434675,-0.22420865,0
1.4146838,-0.5390389,0.066322207,-0.061119318,-0.8947525,0.44235998,0
0.788903,0.23261678,-0.49743235,0.22022852,-0.44435489,-0.86835945,0
1.1166884,-0.0033897758,0.80205518,-0.22022852,0.44435489,0.86835945,0
1.4817501,0.055679083,0.094965219,0.97353166,0.04434675,0.22420865,0
0.047942698,0.43800223,-0.35781211,0.061119318,0.8947525,-0.44235998,0
0.11886477,0.077082574,-0.52172089,0.22022852,-0.44435489,-0.86835945,0
0.15805808,-0.22508952,-0.43411005,0.22022852,-0.44435489,-0.86835945,0
-1.3499217,-0.25073683,0.36779881,-0.061119318,-0.8947525,0.44235998,0
1.3269458,-0.26644403,0.80927193,-0.061119318,-0.8947525,0.44235998,0
-1.5029544,-0.15755403,-0.070117712,-0.97353166,-0.04434675,-0.22420865,0
-0.087425172,-0.6746437,-0.091999218,-0.061119318,-0.8947525,0.44235998,0
0.8694551,0.084977865,-0.45117688,0.22022852,-0.44435489,-0.86835945,0
-1.2903454,-0.29749972,0.43618262,-0.22022852,0.44435489,0.86835945,0
1.5059506,0.49672997,0.49444807,0.97353166,0.04434675,0.22420865,0
-0.58833063,-0.21754664,0.43978438,-0.061119318,-0.8947525,0.44235998,0
0.66662937,0.18431348,-0.60502142,0.22022852,-0.44435489,-0.86835945,0
0.8081249,0.11055213,-0.53508258,0.22022852,-0.44435489,-0.86835945,0
-1.3414273,-0.54245639,-0.59507287,-0.97353166,-0.04434675,-0.22420865,0
-0.18663067,-0.091832042,0.64906919,-0.22022852,0.44435489,0.86835945,0
0.43931183,0.64562333,0.42374134,-0.22022852,0.44435489,0.86835945,0
-1.4573678,-0.19036686,-0.03660965,-0.97353166,-0.04434675,-0.22420865,0
0.27077389,0.0046062022,0.58394861,-0.22022852,0.44435489,0.86835945,0
1.117949,-0.46612093,0.43539965,-0.061119318,-0.8947525,0.44235998,0
0.27338219,0.6136632,0.24682133,-0.22022852,0.44435489,0.86835945,0
-0.40105689,-0.34672683,-0.43085089,0.22022852,-0.44435489,-0.86835945,0
-0.42065835,-0.3675257,0.34891361,-0.061119318,-0.8947525,0.44235998,0
1.0947404,0.16576469,-0.47895092,0.22022852,-0.44435489,-0.86835945,0
-0.11036116,-0.51719439,0.093227021,-0.061119318,-0.8947525,0.44235998,0
-1.1113611,0.40934202,-0.45631707,0.061119318,0.8947525,-0.44235998,0
0.25553387,0.24274535,-0.51216793,0.061119318,0.8947525,-0.44235998,0
-1.3480792,-0.045351416,-0.84228408,-0.97353166,-0.04434675,-0.22420865,0
1.4802929,-0.15091723,0.21597528,0.97353166,0.04434675,0.22420865,0
1.4179291,0.54990971,0.33738989,0.97353166,0.04434675,0.22420865,0
-1.6275319,-0.17312497,0.29753172,-0.22022852,0.44435489,0.86835945,0
-0.66026962,0.59013432,-0.20742023,0.061119318,0.8947525,-0.44235998,0
1.2846951,0.12074529,0.74948227,0.97353166,0.04434675,0.22420865,0
0.28089494,-0.18752766,-0.34578043,0.22022852,-0.44435489,-0.86835945,0
1.2779143,-0.20660195,0.77704394,0.97353166,0.04434675,0.22420865,0
-0.54543698,0.11848432,-0.68347597,0.22022852,-0.44435489,-0.86835945,0
0.13381886,-0.095825568,0.57421929,-0.22022852,0.44435489,0.86835945,0
1.2763669,0.15365268,0.76702523,0.97353166,0.04434675,0.22420865,0
-1.5200803,0.069658101,-0.15320146,-0.97353166,-0.04434675,-0.22420865,0
0.021148682,-0.43036863,0.17978059,-0.061119318,-0.8947525,0.44235998,0
1.4634752,0.032289743,-0.024812818,0.97353166,0.04434675,0.22420865,0
-0.59888101,-0.090168208,0.43619478,-0.22022852,0.44435489,0.86835945,0
-1.4808439,0.4271943,-0.23681521,-0.97353166,-0.04434675,-0.22420865,0
-0.90647268,0.61929244,-0.093552351,0.061119318,0.8947525,-0.44235998,0
1.4389057,0.4028683,0.11200619,0.97353166,0.04434675,0.22420865,0
0.74501336,0.31405157,-0.28433788,0.061119318,0.8947525,-0.44235998,0
-0.8069694,-0.053824067,0.43751135,-0.22022852,0.44435489,0.86835945,0
1.5121303,0.13206822,0.25799513,0.97353166,0.04434675,0.22420865,0
-0.096400499,-0.33083168,0.26942909,-0.061119318,-0.8947525,0.44235998,0
-0.57309699,0.36154801,-0.42726761,0.061119318,0.8947525,-0.44235998,0
-1.1829617,-0.66102403,-0.30689466,-0.061119318,-0.8947525,0.44235998,0
-0.12527704,-0.2623812,0.49411681,-0.061119318,-0.8947525,0.44235998,0
-1.5404894,0.35201389,-0.086109042,-0.97353166,-0.04434675,-0.22420865,0
1.5441859,-0.13363767,-0.02084589,0.97353166,0.04434675,0.22420865,0
1.3182578,0.40999576,-0.15259606,0.061119318,0.8947525,-0.44235998,0
-1.3849077,-0.38743073,-0.35423571,-0.97353166,-0.04434675,-0.22420865,0
0.097029567,-0.20377187,0.75450081,-0.22022852,0.44435489,0.86835945,0
1.3599972,-0.19289491,0.91464055,0.97353166,0.04434675,0.22420865,0
1.52333,-0.56596947,0.011314392,0.97353166,0.04434675,0.22420865,0
1.3576951,0.014338434,0.48833311,0.97353166,0.04434675,0.22420865,0
1.5580488,-0.014425933,0.35312772,0.97353166,0.04434675,0.22420865,0
1.506179,0.49773011,0.21673012,0.061119318,0.8947525,-0.44235998,0
-1.5326302,0.064759016,-0.043390393,-0.97353166,-0.04434675,-0.22420865,0
0.5489983,0.7007941,0.22004023,0.061119318,0.8947525,-0.44235998,0
-1.1575394,0.029571831,0.31338644,-0.22022852,0.44435489,0.86835945,0
0.094386518,0.22688447,-0.52412617,0.061119318,0.8947525,-0.44235998,0
-1.4979894,0.4151299,-0.35196674,0.061119318,0.8947525,-0.44235998,0
0.28780791,-0.55405492,-0.010844231,-0.061119318,-0.8947525,0.44235998,0
-0.48165417,-0.57976091,-0.25596407,-0.061119318,-0.8947525,0.44235998,0
1.3720303,-0.19461787,0.45514441,0.97353166,0.04434675,0.22420865,0
1.4638506,0.13099444,0.22137833,0.97353166,0.04434675,0.22420865,0
-1.1663098,-0.69880867,-0.57766902,-0.061119318,-0.8947525,0.44235998,0
1.5141463,-0.48990589,0.20937705,0.97353166,0.04434675,0.22420865,0
0.57923716,0.54188901,0.48567432,-0.22022852,0.44435489,0.86835945,0
1.3450468,-0.33922756,-0.16525257,0.22022852,-0.44435489,-0.86835945,0
-1.4576287,0.24389651,-0.70656645,-0.97353166,-0.04434675,-0.22420865,0
-1.4526742,-0.42126602,-0.42425299,-0.97353166,-0.04434675,-0.22420865,0
1.4399066,0.32141054,0.060958624,0.97353166,0.04434675,0.22420865,0
-1.5604753,-0.25245672,0.28976864,-0.97353166,-0.04434675,-0.22420865,0
1.4717234,0.64858139,0.61403459,0.97353166,0.04434675,0.22420865,0
-1.5575638,0.39276034,-0.1441766,-0.97353166,-0.04434675,-0.22420865,0
-1.4601722,0.29158121,-0.4536736,-0.97353166,-0.04434675,-0.22420865,0
-0.80963171,-0.42389771,-0.0074913502,-0.061119318,-0.8947525,0.44235998,0
0.14005107,0.44518471,0.0067676231,0.061119318,0.8947525,-0.44235998,0
1.1112071,-0.43151337,0.34737313,-0.061119318,-0.8947525,0.44235998,0
-1.4124258,-0.10454702,-0.48813677,-0.97353166,-0.04434675,-0.22420865,0
0.053409845,-0.63747543,-0.12404326,-0.061119318,-0.8947525,0.44235998,0
0.79974848,-0.40015557,0.6024608,-0.061119318,-0.8947525,0.44235998,0
0.79410499,-0.44041657,0.50900227,-0.061119318,-0.8947525,0.44235998,0
0.92032915,0.015489344,0.89548224,-0.22022852,0.44435489,0.86835945,0
1.5211273,0.011441946,0.33927321,0.97353166,0.04434675,0.22420865,0
1.2672898,-0.18430549,0.92616963,0.97353166,0.04434675,0.22420865,0
0.91741908,-0.49148798,0.38545257,-0.061119318,-0.8947525,0.44235998,0
1.3526427,0.23978937,-0.31069928,0.061119318,0.8947525,-0.44235998,0
0.69049537,0.16235244,0.65010971,-0.22022852,0.44435489,0.86835945,0
-0.71201539,0.10772829,-0.82265598,0.061119318,0.8947525,-0.44235998,0
0.036055177,0.032609344,-0.51433742,0.22022852,-0.44435489,-0.86835945,0
-0.19336385,0.35246459,-0.58184248,0.061119318,0.8947525,-0.44235998,0
1.2920442,0.53684354,0.73413438,0.97353166,0.04434675,0.22420865,0
-1.554876,0.034556329,-0.34835505,-0.97353166,-0.04434675,-0.22420865,0
-1.063854,-0.12174831,-0.71872127,0.22022852,-0.44435489,-0.86835945,0
1.3860204,-0.11431199,-0.17461061,0.22022852,-0.44435489,-0.86835945,0
-1.5750026,0.021496832,0.021751761,-0.97353166,-0.04434675,-0.22420865,0
-1.4621611,-0.33264983,-0.56995654,-0.97353166,-0.04434675,-0.22420865,0
-1.465678,-0.38104779,0.14134902,-0.97353166,-0.04434675,-0.22420865,0
0.47732976,-0.27287835,-0.27273268,0.22022852,-0.44435489,-0.86835945,0
-1.1702443,0.26657522,-0.72529459,0.061119318,0.8947525,-0.44235998,0
1.2762964,0.061117336,0.87796301,0.97353166,0.04434675,0.22420865,0
1.4013722,0.55003303,0.15690076,0.97353166,0.04434675,0.22420865,0
-0.74020272,0.020854257,-0.68489909,0.22022852,-0.44435489,-0.86835945,0
-1.1065698,-0.73785412,-0.51096851,0.22022852,-0.44435489,-0.86835945,0
-1.4733263,-0.33061945,0.19069666,-0.061119318,-0.8947525,0.44235998,0
-1.5312924,-0.060548782,-0.12382233,-0.97353166,-0.04434675,-0.22420865,0
-0.25785565,-0.58143872,-0.29733485,-0.061119318,-0.8947525,0.44235998,0
-0.30077055,0.32515857,-0.42250612,0.061119318,0.8947525,-0.44235998,0
-0.46385166,-0.33272505,0.16723926,-0.061119318,-0.8947525,0.44235998,0
1.4918721,0.022380054,0.56663549,0.97353166,0.04434675,0.22420865,0
1.5646255,-0.27268004,0.34605479,0.97353166,0.04434675,0.22420865,0
1.2442511,0.4324984,0.69507533,-0.22022852,0.44435489,0.86835945,0
-1.2988503,-0.12237197,-0.95709133,0.22022852,-0.44435489,-0.86835945,0
0.22496286,0.64792746,0.31702623,0.061119318,0.8947525,-0.44235998,0
1.4596792,0.30350822,0.37020624,0.97353166,0.04434675,0.22420865,0
-1.3992264,0.22490376,-0.22185099,-0.97353166,-0.04434675,-0.22420865,0
0.28714693,0.59982163,0.016357522,0.061119318,0.8947525,-0.44235998,0
1.4658046,0.32714278,0.65189624,0.97353166,0.04434675,0.22420865,0
0.99485242,-0.091007508,0.8641938,-0.22022852,0.44435489,0.86835945,0
1.5236708,-0.048794866,0.49928927,0.97353166,0.04434675,0.22420865,0
0.30516243,0.37755585,-0.24416193,0.061119318,0.8947525,-0.44235998,0
1.2931529,-0.078303218,0.84233832,0.97353166,0.04434675,0.22420865,0
1.0348179,0.24528891,-0.31005257,0.061119318,0.8947525,-0.44235998,0
-0.68197978,-0.17840579,0.49246469,-0.061119318,-0.8947525,0.44235998,0
-1.4637901,-0.43331611,-0.55724806,-0.97353166,-0.04434675,-0.22420865,0
0.27044979,0.69299614,0.19253606,0.061119318,0.8947525,-0.44235998,0
1.347494,-0.039462924,-0.20738912,0.22022852,-0.44435489,-0.86835945,0
0.97283816,0.065953791,-0.29572809,0.22022852,-0.44435489,-0.86835945,0
1.4647739,0.18895012,-0.019523144,0.97353166,0.04434675,0.22420865,0
-0.10653561,0.10327998,0.52149701,-0.22022852,0.44435489,0.86835945,0
0.75831789,0.6620326,0.15109175,0.061119318,0.8947525,-0.44235998,0
1.3757634,0.020635426,0.44422233,0.97353166,0.04434675,0.22420865,0
1.0211896,-0.16545767,0.99654847,-0.22022852,0.44435489,0.86835945,0
-0.11390954,-0.28816783,0.47952533,-0.061119318,-0.8947525,0.44235998,0
0.40159592,0.62730986,0.30754626,0.061119318,0.8947525,-0.44235998,0
-1.2145125,0.30908138,-0.84492612,0.061119318,0.8947525,-0.44235998,0
1.2982062,0.56796116,0.53129828,0.97353166,0.04434675,0.22420865,0
-1.2242849,-0.30241764,0.25035465,-0.061119318,-0.8947525,0.44235998,0
0.5455606,-0.25145599,-0.20892274,0.22022852,-0.44435489,-0.86835945,0
-0.32115689,0.49042463,0.34653148,-0.22022852,0.44435489,0.86835945,0
-1.4941158,-0.43281358,0.12499452,-0.97353166,-0.04434675,-0.22420865,0
-1.5446273,0.33331543,-0.4495008,-0.97353166,-0.04434675,-0.22420865,0
1.0204272,-0.46759415,0.19466317,-0.061119318,-0.8947525,0.44235998,0
1.6550199,-0.21531069,-0.028936505,0.97353166,0.04434675,0.22420865,0
0.50426728,-0.44979897,0.34740156,-0.061119318,-0.8947525,0.44235998,0
0.56926107,-0.21731409,-0.28710964,0.22022852,-0.44435489,-0.86835945,0
-1.3449373,-0.19407937,-0.42059374,-0.97353166,-0.04434675,-0.22420865,0
-0.81449068,0.42864192,0.15366459,-0.22022852,0.44435489,0.86835945,0
0.77648628,-0.43177807,-0.13606942,0.22022852,-0.44435489,-0.86835945,0
0.60075021,-0.2022438,-0.22620383,0.22022852,-0.44435489,-0.86835945,0
1.417805,0.17341721,0.1589092,0.97353166,0.04434675,0.22420865,0
0.030056,0.33816552,-0.39578652,0.061119318,0.8947525,-0.44235998,0
1.5305798,-0.4082973,0.35183132,0.97353166,0.04434675,0.22420865,0
1.5134268,-0.41538185,0.04925561,0.22022852,-0.44435489,-0.86835945,0
-1.4816319,-0.67615968,-0.55222332,-0.97353166,-0.04434675,-0.22420865,0
0.8391279,0.22753608,-0.526631,0.22022852,-0.44435489,-0.86835945,0
-0.75114173,-0.46576419,-0.493303,0.22022852,-0.44435489,-0.86835945,0
-1.4856688,0.31078637,-0.56899571,-0.97353166,-0.04434675,-0.22420865,0
-0.39391363,0.27232513,0.26259017,-0.22022852,0.44435489,0.86835945,0
-1.5021073,-0.27184278,0.28732306,-0.061119318,-0.8947525,0.44235998,0
-1.2075274,0.49573499,0.076260448,-0.22022852,0.44435489,0.86835945,0
0.3916043,0.48544973,0.38138655,-0.22022852,0.44435489,0.86835945,0
-1.3571222,-0.32061327,-0.37676728,-0.97353166,-0.04434675,-0.22420865,0
-0.31669855,-0.33023766,0.23196235,-0.061119318,-0.8947525,0.44235998,0
0.29511881,-0.46409056,0.02929306,-0.061119318,-0.8947525,0.44235998,0
1.3859475,0.29011682,0.69449288,0.97353166,0.04434675,0.22420865,0
1.4954298,-0.18185568,0.39608276,0.97353166,0.04434675,0.22420865,0
-1.2768648,-0.26412615,-0.87562406,0.22022852,-0.44435489,-0.86835945,0
-1.3323509,-0.16814208,-0.59992194,-0.97353166,-0.04434675,-0.22420865,0
-1.4981704,0.025411367,0.12631166,-0.97353166,-0.04434675,-0.22420865,0
-1.4746102,-0.11141175,-0.32669771,-0.97353166,-0.04434675,-0.22420865,0
0.60450625,0.47105849,0.020492494,0.061119318,0.8947525,-0.44235998,0
-1.2095822,0.37301904,0.11283243,-0.22022852,0.44435489,0.86835945,0
0.48924541,0.40077522,0.58989853,-0.22022852,0.44435489,0.86835945,0
0.24419993,-0.29779071,0.54852653,-0.061119318,-0.8947525,0.44235998,0
-0.14996848,0.0082279146,-0.72542816,0.22022852,-0.44435489,-0.86835945,0
0.83740026,0.21743453,-0.55583054,0.22022852,-0.44435489,-0.86835945,0
1.5896626,-0.44788444,0.23529899,0.97353166,0.04434675,0.22420865,0
1.4557716,0.081618845,0.25932109,0.97353166,0.04434675,0.22420865,0
-0.66604149,-0.011018463,-0.76969206,0.22022852,-0.44435489,-0.86835945,0
-0.75976503,0.43918777,0.17384261,-0.22022852,0.44435489,0.86835945,0
-0.94696057,0.49447107,0.1443966,-0.22022852,0.44435489,0.86835945,0
-0.090119265,-0.49096325,-0.28452343,0.22022852,-0.44435489,-0.86835945,0
1.51319,-0.047117651,-0.040300846,0.97353166,0.04434675,0.22420865,0
1.5307468,0.06070441,0.04501164,0.97353166,0.04434675,0.22420865,0
-1.3804811,-0.57427645,-0.28528965,-0.97353166,-0.04434675,-0.22420865,0
1.435058,0.11924171,0.36057961,0.97353166,0.04434675,0.22420865,0
0.18032297,-0.035593867,0.6589762,-0.22022852,0.44435489,0.86835945,0
1.1595004,0.61841595,0.48044401,0.061119318,0.8947525,-0.44235998,0
-1.4466854,0.26944613,-0.53393829,-0.97353166,-0.04434675,-0.22420865,0
0.033892743,-0.49054182,-0.32175332,0.22022852,-0.44435489,-0.86835945,0
0.56673002,-0.54935205,-0.083554924,0.22022852,-0.44435489,-0.86835945,0
0.90176058,0.70612693,0.44513047,-0.22022852,0.44435489,0.86835945,0
-0.50861138,-0.26777953,-0.54265773,0.22022852,-0.44435489,-0.86835945,0
0.98188698,-0.18889318,0.89402717,-0.061119318,-0.8947525,0.44235998,0
0.031903744,-0.19206622,-0.39510077,0.22022852,-0.44435489,-0.86835945,0
-1.4979116,0.51391077,-0.071496606,-0.97353166,-0.04434675,-0.22420865,0
0.34459019,0.68772966,0.36538768,-0.22022852,0.44435489,0.86835945,0
0.57714111,0.59408665,0.30885372,-0.22022852,0.44435489,0.86835945,0
-1.3291988,0.27279964,-0.69605744,-0.97353166,-0.04434675,-0.22420865,0
-0.68273401,0.019819975,0.45260864,-0.22022852,0.44435489,0.86835945,0
-1.3156376,-0.29814756,-0.61277598,-0.97353166,-0.04434675,-0.22420865,0
1.4108224,0.10956454,0.54597306,0.97353166,0.04434675,0.22420865,0
-0.15948868,0.37861615,-0.2788642,0.061119318,0.8947525,-0.44235998,0
-0.018829286,0.49483013,-0.32058844,0.061119318,0.8947525,-0.44235998,0
-0.8560977,0.029466748,0.33813655,-0.22022852,0.44435489,0.86835945,0
1.5743279,-0.053712428,0.2616688,0.97353166,0.04434675,0.22420865,0
1.4874218,-0.26402581,0.40294909,0.97353166,0.04434675,0.22420865,0
-1.384263,0.64178085,-0.19655657,0.061119318,0.8947525,-0.44235998,0
-0.5928511,0.1200109,-0.72947299,0.22022852,-0.44435489,-0.86835945,0
1.5560884,0.1397149,0.32368946,0.97353166,0.04434675,0.22420865,0
-0.1359961,0.50485945,-0.083948582,0.061119318,0.8947525,-0.44235998,0
1.3208799,0.42231676,-0.21311826,0.061119318,0.8947525,-0.44235998,0
-1.403724,-0.0045384765,-0.52725899,-0.97353166,-0.04434675,-0.22420865,0
-0.45044082,-0.25717109,0.5042631,-0.061119318,-0.8947525,0.44235998,0
0.45739615,-0.37540874,-0.29603466,0.22022852,-0.44435489,-0.86835945,0
1.0853311,0.23179038,0.80312943,-0.22022852,0.44435489,0.86835945,0
1.4650304,-0.31859565,0.41203344,0.97353166,0.04434675,0.22420865,0
-1.0204722,-0.042302787,0.39242375,-0.22022852,0.44435489,0.86835945,0
0.35759234,-0.68500912,-0.10149077,0.22022852,-0.44435489,-0.86835945,0
0.54827285,-0.30329135,-0.2840887,0.22022852,-0.44435489,-0.86835945,0
-0.19292343,-0.34155941,0.201313,-0.061119318,-0.8947525,0.44235998,0
-0.15770224,-0.12889992,-0.44661462,0.22022852,-0.44435489,-0.86835945,0
0.36484715,-0.42519945,0.53620207,-0.061119318,-0.8947525,0.44235998,0
-0.18314645,0.32147104,-0.44246596,0.061119318,0.8947525,-0.44235998,0
-0.30810705,0.22414058,0.3585116,-0.22022852,0.44435489,0.86835945,0
0.15615153,0.46751851,-0.32412392,0.061119318,0.8947525,-0.44235998,0
-0.56943488,-0.49331617,0.031261012,-0.061119318,-0.8947525,0.44235998,0
1.1694317,0.34138963,0.71466005,-0.22022852,0.44435489,0.86835945,0
1.3036773,0.10594052,0.84802073,0.97353166,0.04434675,0.22420865,0
1.0563236,-0.39017135,0.31868768,-0.061119318,-0.8947525,0.44235998,0
-1.632937,-0.37864059,0.089974165,-0.97353166,-0.04434675,-0.22420865,0
-0.10591377,-0.65853435,-0.24341804,0.22022852,-0.44435489,-0.86835945,0
0.51150787,0.20433149,0.49529883,-0.22022852,0.44435489,0.86835945,0
0.22384672,0.59769922,0.28087884,0.061119318,0.8947525,-0.44235998,0
0.25739527,0.52822411,0.4195379,-0.22022852,0.44435489,0.86835945,0
-0.39392456,0.40077853,-0.27128419,0.061119318,0.8947525,-0.44235998,0
-0.38954547,0.56343687,-0.180426,0.061119318,0.8947525,-0.44235998,0
-0.088374823,-0.055983752,-0.634969,0.22022852,-0.44435489,-0.86835945,0
-0.016871631,0.40709788,-0.35406908,0.061119318,0.8947525,-0.44235998,0
1.4380059,0.51558745,0.23223823,0.97353166,0.04434675,0.22420865,0
1.016351,0.56263083,0.27816278,0.061119318,0.8947525,-0.44235998,0
-0.25126633,-0.23666851,-0.57400799,0.22022852,-0.44435489,-0.86835945,0
-0.98039752,0.26359439,-0.59951508,0.061119318,0.8947525,-0.44235998,0
0.5978483,0.58902979,0.31341073,0.061119318,0.8947525,-0.44235998,0
1.4945872,-0.10704452,0.16699862,0.97353166,0.04434675,0.22420865,0
-1.4325452,0.18498909,-0.59584475,-0.97353166,-0.04434675,-0.22420865,0
-1.6031097,0.12500906,-0.096216321,-0.97353166,-0.04434675,-0.22420865,0
1.4320138,-0.37478995,0.33571541,0.97353166,0.04434675,0.22420865,0
-1.3066297,0.20294866,-0.90787649,-0.97353166,-0.04434675,-0.22420865,0
-1.5019406,-0.12766463,0.30114233,-0.22022852,0.44435489,0.86835945,0
0.97417605,-0.0036712289,-0.32700473,0.22022852,-0.44435489,-0.86835945,0
-1.3676498,0.33006343,-0.73795533,-0.97353166,-0.04434675,-0.22420865,0
0.58924216,-0.61070758,-0.11508507,0.22022852,-0.44435489,-0.86835945,0
1.4723257,-0.24012262,0.023987055,0.97353166,0.04434675,0.22420865,0
-0.84200203,-0.40366691,0.16447726,-0.061119318,-0.8947525,0.44235998,0
1.320875,-0.36845216,0.62390292,0.97353166,0.04434675,0.22420865,0
1.4557831,0.63891113,0.42611551,0.061119318,0.8947525,-0.44235998,0
0.89859056,0.62400717,0.18616971,0.061119318,0.8947525,-0.44235998,0
0.46281391,0.19169039,-0.50535119,0.22022852,-0.44435489,-0.86835945,0
-1.3088338,-0.12722564,0.37841648,-0.22022852,0.44435489,0.86835945,0
0.59009624,0.43317837,-0.16539797,0.061119318,0.8947525,-0.44235998,0
-0.89635944,0.53181303,-0.19076723,0.061119318,0.8947525,-0.44235998,0
0.72358406,-0.61724037,0.15269601,-0.061119318,-0.8947525,0.44235998,0
-1.5147772,-0.060810387,-0.080253959,-0.97353166,-0.04434675,-0.22420865,0
0.62631828,-0.188696,0.73311096,-0.22022852,0.44435489,0.86835945,0
-1.5490733,-0.22600311,0.21413469,-0.97353166,-0.04434675,-0.22420865,0
0.10663956,0.249966,-0.63481247,0.061119318,0.8947525,-0.44235998,0
0.85562432,0.62784374,0.40516883,0.061119318,0.8947525,-0.44235998,0
1.5065701,-0.13089222,-0.039186716,0.97353166,0.04434675,0.22420865,0
-0.80825722,-0.30696455,0.5477255,-0.061119318,-0.8947525,0.44235998,0
1.5690593,0.43425271,0.11454058,0.97353166,0.04434675,0.22420865,0
1.3384548,0.1153349,0.80312812,0.97353166,0.04434675,0.22420865,0
-0.56595987,-0.48269996,-0.47967792,0.22022852,-0.44435489,-0.86835945,0
1.3647827,0.27003923,0.39692509,0.97353166,0.04434675,0.22420865,0
-1.0215186,0.52388012,-0.20671761,0.061119318,0.8947525,-0.44235998,0
-1.4683797,0.17621183,-0.30569601,-0.97353166,-0.04434675,-0.22420865,0
-1.482829,0.34681451,-0.18477118,-0.97353166,-0.04434675,-0.22420865,0
1.2357583,0.70717591,0.38253039,0.061119318,0.8947525,-0.44235998,0
-1.582269,-0.27324247,0.17027199,-0.97353166,-0.04434675,-0.22420865,0
-1.4689966,-0.32621589,-0.39203596,-0.97353166,-0.04434675,-0.22420865,0
1.5394557,-0.082144618,0.02862823,0.97353166,0.04434675,0.22420865,0
-0.67059189,0.10256764,-0.72949725,0.22022852,-0.44435489,-0.86835945,0
0.54353482,0.33637631,-0.28195113,0.061119318,0.8947525,-0.44235998,0
1.350785,0.18228728,-0.33029765,0.22022852,-0.44435489,-0.86835945,0
1.6043942,-0.36771286,0.061182141,0.97353166,0.04434675,0.22420865,0
1.4570844,0.3392635,-0.063269138,0.97353166,0.04434675,0.22420865,0
1.3726318,-0.10747761,0.95650816,0.97353166,0.04434675,0.22420865,0
1.4644769,0.39256787,-0.31914443,0.061119318,0.8947525,-0.44235998,0
0.60000587,0.34064928,-0.41815004,0.061119318,0.8947525,-0.44235998,0
-0.24721673,0.57163572,0.17540181,-0.22022852,0.44435489,0.86835945,0
-0.018397838,-0.56788874,-0.13909039,-0.061119318,-0.8947525,0.44235998,0
0.63753521,-0.34052184,-0.16641462,0.22022852,-0.44435489,-0.86835945,0
1.5319195,-0.33203679,0.48667192,0.97353166,0.04434675,0.22420865,0
-1.269709,0.017978787,-0.90320104,-0.97353166,-0.04434675,-0.22420865,0
-1.576683,0.39498121,-0.36065555,-0.97353166,-0.04434675,-0.22420865,0
-1.2542377,0.18959334,-0.87395704,-0.97353166,-0.04434675,-0.22420865,0
-0.931292,0.33165127,-0.36331069,0.061119318,0.8947525,-0.44235998,0
1.5064319,0.29868484,-0.2519632,0.97353166,0.04434675,0.22420865,0
1.3376056,0.41604072,0.56179857,0.97353166,0.04434675,0.22420865,0
-1.3269026,-0.027226806,-0.7835747,-0.97353166,-0.04434675,-0.22420865,0
0.38919371,-0.1980406,-0.44366875,0.22022852,-0.44435489,-0.86835945,0
0.93941045,0.31784868,0.6553542,-0.22022852,0.44435489,0.86835945,0
-1.249465,0.69754791,-0.041048408,0.061119318,0.8947525,-0.44235998,0
-1.1553864,0.1157123,-0.86089456,0.22022852,-0.44435489,-0.86835945,0
1.5051568,0.046018124,0.35702908,0.97353166,0.04434675,0.22420865,0
-0.79477423,0.18514574,0.39036289,-0.22022852,0.44435489,0.86835945,0
1.3682036,0.24164203,0.71232975,0.97353166,0.04434675,0.22420865,0
-1.4515773,0.34274471,-0.5304693,-0.97353166,-0.04434675,-0.22420865,0
-0.82143688,-0.43656218,0.16020599,-0.061119318,-0.8947525,0.44235998,0
0.19570722,0.23070048,0.54206598,-0.22022852,0.44435489,0.86835945,0
1.4487604,-0.11870223,0.0095121861,0.97353166,0.04434675,0.22420865,0
-0.062717222,0.4196927,0.29075453,-0.22022852,0.44435489,0.86835945,0
-1.519541,-0.36811206,-0.28748941,-0.97353166,-0.04434675,-0.22420865,0
0.81286478,0.2870785,0.72652638,-0.22022852,0.44435489,0.86835945,0
1.4140499,0.58201742,0.35528272,0.97353166,0.04434675,0.22420865,0
1.463359,0.48374486,0.50369596,0.97353166,0.04434675,0.22420865,0
-0.015965104,0.27579722,-0.57208765,0.061119318,0.8947525,-0.44235998,0
1.1214023,0.0084572434,-0.26624727,0.22022852,-0.44435489,-0.86835945,0
1.4096706,-0.40046412,0.414608,0.97353166,0.04434675,0.22420865,0
-1.3731604,-0.25396872,-0.49429786,-0.97353166,-0.04434675,-0.22420865,0
-0.34311074,0.19764701,0.39597619,-0.22022852,0.44435489,0.86835945,0
1.5058237,0.15668833,0.55940723,0.97353166,0.04434675,0.22420865,0
0.44514444,-0.49705136,0.05747354,-0.061119318,-0.8947525,0.44235998,0
-0.4022477,-0.1993666,-0.61030298,0.22022852,-0.44435489,-0.86835945,0
-1.3160983,-0.35821891,-0.47671163,-0.97353166,-0.04434675,-0.22420865,0
0.20064008,0.29646868,-0.54503548,0.061119318,0.8947525,-0.44235998,0
1.4369488,-0.41296831,0.66796148,0.97353166,0.04434675,0.22420865,0
1.4237256,-0.029466033,0.63545585,0.97353166,0.04434675,0.22420865,0
-0.66228497,0.34982908,0.27702165,-0.22022852,0.44435489,0.86835945,0
1.1858277,0.68580973,0.5100919,-0.22022852,0.44435489,0.86835945,0
-1.0530341,0.17267221,0.15267241,-0.22022852,0.44435489,0.86835945,0
-1.4034271,-0.13731119,-0.41749382,-0.97353166,-0.04434675,-0.22420865,0
1.3377138,0.42306051,0.029228151,0.061119318,0.8947525,-0.44235998,0
0.42954618,-0.66047645,0.0012171268,-0.061119318,-0.8947525,0.44235998,0
-0.54803526,-0.41088873,0.091985434,-0.061119318,-0.8947525,0.44235998,0
-0.47294751,-0.3226963,0.19664209,-0.061119318,-0.8947525,0.44235998,0
1.3617734,0.68960571,0.34019381,0.061119318,0.8947525,-0.44235998,0
1.3115555,0.19860959,-0.41152054,0.22022852,-0.44435489,-0.86835945,0
-0.67242724,-0.57797706,-0.5065527,0.22022852,-0.44435489,-0.86835945,0
-0.79497427,-0.5902338,-0.38955981,0.22022852,-0.44435489,-0.86835945,0
1.248813,0.62178618,0.22692597,0.061119318,0.8947525,-0.44235998,0
1.5268319,-0.46652389,0.53038871,0.97353166,0.04434675,0.22420865,0
0.95259422,-0.012961335,0.82421893,-0.22022852,0.44435489,0.86835945,0
-0.79161561,0.06739223,-0.76786882,0.22022852,-0.44435489,-0.86835945,0
-0.062283576,-0.20311147,0.61045039,-0.061119318,-0.8947525,0.44235998,0
-1.2469664,0.62162709,-0.2591877,0.061119318,0.8947525,-0.44235998,0
0.53970385,-0.21458913,0.58246267,-0.061119318,-0.8947525,0.44235998,0
1.3825221,0.1790792,0.32803142,0.97353166,0.04434675,0.22420865,0
1.3348334,0.013129532,-0.20613843,0.22022852,-0.44435489,-0.86835945,0
1.3219848,-0.26327386,0.61639917,0.97353166,0.04434675,0.22420865,0
-1.5613505,0.53502291,-0.11922777,-0.97353166,-0.04434675,-0.22420865,0
-1.2321358,0.43608561,-0.6068933,0.061119318,0.8947525,-0.44235998,0
0.049007356,-0.065546334,0.72665751,-0.22022852,0.44435489,0.86835945,0
-0.26443887,0.52316993,0.086278558,0.061119318,0.8947525,-0.44235998,0
1.437704,-0.26301885,0.21535397,0.97353166,0.04434675,0.22420865,0
-1.444701,-0.11064735,-0.8112793,-0.97353166,-0.04434675,-0.22420865,0
-0.044562116,0.16440843,0.44209638,-0.22022852,0.44435489,0.86835945,0
-1.4591975,-0.084617645,-0.73964417,-0.97353166,-0.04434675,-0.22420865,0
1.1643484,0.19477224,-0.273094,0.22022852,-0.44435489,-0.86835945,0
-1.6086578,0.34777755,0.064666033,-0.97353166,-0.04434675,-0.22420865,0
-1.4260302,-0.69011259,-0.56430799,-0.97353166,-0.04434675,-0.22420865,0
1.3483124,0.50302428,0.31151706,0.97353166,0.04434675,0.22420865,0
0.57848078,-0.011733646,0.71014023,-0.22022852,0.44435489,0.86835945,0
-0.52104104,0.048224092,0.45783368,-0.22022852,0.44435489,0.86835945,0
1.5355436,0.32186109,-0.1009388,0.061119318,0.8947525,-0.44235998,0
-1.6026633,0.47038823,-0.031022906,-0.97353166,-0.04434675,-0.22420865,0
-1.0857695,0.61616129,0.0034337044,-0.22022852,0.44435489,0.86835945,0
1.3021109,-0.2126165,0.8994894,0.97353166,0.04434675,0.22420865,0
0.38010299,-0.52526808,-0.17213014,0.22022852,-0.44435489,-0.86835945,0
-0.14957333,0.060657069,-0.54416972,0.22022852,-0.44435489,-0.86835945,0
-1.2331349,0.051470101,0.32769543,-0.22022852,0.44435489,0.86835945,0
1.612422,0.0055788755,-0.20545733,0.97353166,0.04434675,0.22420865,0
0.3113451,0.33704704,0.56814826,-0.22022852,0.44435489,0.86835945,0
-0.030887559,-0.2088954,-0.43510935,0.22022852,-0.44435489,-0.86835945,0
-1.5051254,-0.1555841,0.22049046,-0.97353166,-0.04434675,-0.22420865,0
-0.61906916,-0.033407103,-0.61468709,0.22022852,-0.44435489,-0.86835945,0
0.96009159,0.1939107,0.83361256,-0.22022852,0.44435489,0.86835945,0
1.4230759,-0.062829792,0.52212274,0.97353166,0.04434675,0.22420865,0
-1.3153474,0.12180209,-0.76412714,-0.97353166,-0.04434675,-0.22420865,0
-1.5569572,-0.090888619,0.0023374557,-0.97353166,-0.04434675,-0.22420865,0
1.4425079,-0.32061172,0.12847555,0.97353166,0.04434675,0.22420865,0
0.10632354,0.027946681,-0.64643723,0.22022852,-0.44435489,-0.86835945,0
0.78336781,0.28349465,-0.34129018,0.061119318,0.8947525,-0.44235998,0
-1.4013424,0.31063056,-0.048326135,-0.22022852,0.44435489,0.86835945,0
-0.33958709,0.40837723,-0.35015571,0.061119318,0.8947525,-0.44235998,0
0.6432234,-0.42614907,-0.30591473,0.22022852,-0.44435489,-0.86835945,0
1.4168293,0.146065,-0.29814446,0.22022852,-0.44435489,-0.86835945,0
-0.87365288,-0.10837239,0.37959459,-0.22022852,0.44435489,0.86835945,0
-1.5063812,-0.3742854,0.034489632,-0.97353166,-0.04434675,-0.22420865,0
-1.0534611,-0.47925538,-0.0076926947,-0.061119318,-0.8947525,0.44235998,0
0.39847779,0.23196864,-0.69697338,0.22022852,-0.44435489,-0.86835945,0
-0.31992233,0.046063274,0.54991579,-0.22022852,0.44435489,0.86835945,0
1.3112271,0.69270611,0.58893448,0.061119318,0.8947525,-0.44235998,0
-0.1334514,-0.26843783,0.45475298,-0.061119318,-0.8947525,0.44235998,0
-1.4876868,-0.061927438,0.29154372,-0.22022852,0.44435489,0.86835945,0
-0.96818304,-0.032791026,-0.79616815,0.22022852,-0.44435489,-0.86835945,0
1.4343724,-0.072879732,0.24560916,0.97353166,0.04434675,0.22420865,0
-0.88614446,0.2668713,-0.57238871,0.061119318,0.8947525,-0.44235998,0
1.2742933,0.34150997,0.70504045,-0.22022852,0.44435489,0.86835945,0
-1.2774103,0.058709949,-0.74795473,-0.97353166,-0.04434675,-0.22420865,0
0.80530077,-0.51167607,-0.13461185,0.22022852,-0.44435489,-0.86835945,0
0.70004147,0.38885188,-0.22876506,0.061119318,0.8947525,-0.44235998,0
-0.31098682,0.52071333,0.11615339,-0.22022852,0.44435489,0.86835945,0
0.17604819,0.35788664,0.45755833,-0.22022852,0.44435489,0.86835945,0
