-0.12448302,-0.14603788,3.0608344,0.12542501,0.018828698,0.99192441,0
-0.25144094,0.007129767,2.2704551,-0.74797738,-0.65504062,0.10701282,0
0.33477566,0.63925332,1.4643385,0.74797738,0.65504062,-0.10701282,0
-0.47372854,-0.12261184,-2.8685651,-0.12542501,-0.018828698,-0.99192441,0
0.38354596,-0.22635183,2.985975,0.12542501,0.018828698,0.99192441,0
0.3114962,0.47783694,0.49918449,0.74797738,0.65504062,-0.10701282,0
-0.10978889,-0.24002439,-2.927542,-0.12542501,-0.018828698,-0.99192441,0
0.47319752,-0.49367446,1.2174466,0.6517657,-0.75535905,-0.068075024,0
-0.79718375,-0.0015860349,-2.8389313,-0.12542501,-0.018828698,-0.99192441,0
0.45181191,-0.11693864,2.9288316,0.12542501,0.018828698,0.99192441,0
0.76724541,0.44132876,2.6052673,0.74797738,0.65504062,-0.10701282,0
0.88702309,0.16589911,2.9154258,0.12542501,0.018828698,0.99192441,0
0.54788333,-0.40760484,2.9210243,0.6517657,-0.75535905,-0.068075024,0
-0.026308514,0.42881644,-1.9710939,0.74797738,0.65504062,-0.10701282,0
0.85450912,0.299833,2.99014,0.12542501,0.018828698,0.99192441,0
0.31067464,-0.34685755,2.9353514,0.12542501,0.018828698,0.99192441,0
0.14339381,0.30473226,-2.1348002,0.74797738,0.65504062,-0.10701282,0
0.29731354,0.23519568,-0.56550956,0.74797738,0.65504062,-0.10701282,0
0.2976948,-0.5631783,1.8900367,0.6517657,-0.75535905,-0.068075024,0
0.82058209,0.043725416,2.8205223,0.12542501,0.018828698,0.99192441,0
-0.67409796,0.17440537,-2.194669,-0.6517657,0.75535905,0.068075024,0
-0.40686184,-0.30790943,0.54950708,-0.74797738,-0.65504062,0.10701282,0
0.025888367,0.47420061,2.8643317,-0.6517657,0.75535905,0.068075024,0
0.82585883,-0.16029263,1.4046888,0.6517657,-0.75535905,-0.068075024,0
0.70753866,-0.27768272,2.9475718,0.12542501,0.018828698,0.99192441,0
0.531138,-0.44671214,1.9854724,0.6517657,-0.75535905,-0.068075024,0
0.25722152,-0.4831692,0.31135088,0.6517657,-0.75535905,-0.068075024,0
-0.15260665,-0.13489442,-3.1010976,-0.12542501,-0.018828698,-0.99192441,0
-0.96352422,-0.063301861,-2.9933689,-0.12542501,-0.018828698,-0.99192441,0
0.16131666,-0.56139922,-0.12845926,0.6517657,-0.75535905,-0.068075024,0
-0.82180691,0.13860482,-2.9809084,-0.12542501,-0.018828698,-0.99192441,0
0.616431,0.25560647,3.0269978,0.12542501,0.018828698,0.99192441,0
-0.66869438,0.0065894872,0.59843689,-0.6517657,0.75535905,0.068075024,0
-0.16029382,0.21580903,2.2411335,-0.6517657,0.75535905,0.068075024,0
0.85104072,0.048277229,1.4748223,0.74797738,0.65504062,-0.10701282,0
0.017874166,0.73628354,-0.69599652,-0.6517657,0.75535905,0.068075024,0
-0.69837964,0.084896266,-0.041243754,-0.74797738,-0.65504062,0.10701282,0
-0.5521549,0.51130879,-2.4410322,-0.6517657,0.75535905,0.068075024,0
-0.81713545,-0.067957819,-2.8248632,-0.12542501,-0.018828698,-0.99192441,0
-0.54419529,-0.64501053,-2.3813834,-0.74797738,-0.65504062,0.10701282,0
-0.6628955,-0.10319657,-0.76156831,-0.74797738,-0.65504062,0.10701282,0
0.9079833,0.02114068,1.5342948,0.6517657,-0.75535905,-0.068075024,0
-0.62411088,0.13888757,-0.34924456,-0.6517657,0.75535905,0.068075024,0
0.30933338,0.27198625,-0.65621299,0.74797738,0.65504062,-0.10701282,0
-0.35098147,0.26911968,-3.0118747,-0.12542501,-0.018828698,-0.99192441,0
-0.4460243,-0.69948506,-2.1529629,-0.74797738,-0.65504062,0.10701282,0
-0.93542063,-0.0072023124,-2.912987,-0.12542501,-0.018828698,-0.99192441,0
0.50801945,0.57588017,2.8806443,0.12542501,0.018828698,0.99192441,0
0.19876307,0.18234569,2.9015431,0.12542501,0.018828698,0.99192441,0
-0.31975582,0.27327886,1.7283776,-0.6517657,0.75535905,0.068075024,0
-0.57940304,0.11969917,-2.9741106,-0.12542501,-0.018828698,-0.99192441,0
-0.10670812,0.1159637,-3.0404778,-0.12542501,-0.018828698,-0.99192441,0
0.065651968,-0.45545632,2.9499326,0.12542501,0.018828698,0.99192441,0
-0.095979907,-0.45865816,0.33640641,-0.74797738,-0.65504062,0.10701282,0
0.12644425,0.76368952,0.38836989,0.74797738,0.65504062,-0.10701282,0
0.51662207,0.43103153,2.9401317,0.12542501,0.018828698,0.99192441,0
0.58350128,-0.24265273,2.9943752,0.12542501,0.018828698,0.99192441,0
-0.44533694,-0.023978855,1.274791,-0.74797738,-0.65504062,0.10701282,0
0.7621696,0.096265107,1.6949625,0.74797738,0.65504062,-0.10701282,0
-0.21989331,-0.51158559,0.52933121,-0.74797738,-0.65504062,0.10701282,0
0.38340008,-0.22941183,2.9777296,0.12542501,0.018828698,0.99192441,0
-0.83992213,-0.1203955,-2.9799368,-0.12542501,-0.018828698,-0.99192441,0
-0.17069507,0.37579364,2.8460228,-0.6517657,0.75535905,0.068075024,0
-0.78112435,-0.18002373,-2.1298485,-0.74797738,-0.65504062,0.10701282,0
-0.35556749,-0.20339772,0.31939477,-0.74797738,-0.65504062,0.10701282,0
-0.081302591,0.1525321,3.0116272,0.12542501,0.018828698,0.99192441,0
0.089867741,-0.1561639,3.0105374,0.12542501,0.018828698,0.99192441,0
-0.5996049,0.2369045,-2.8951399,-0.12542501,-0.018828698,-0.99192441,0
0.45024353,0.30822802,-0.49144712,0.74797738,0.65504062,-0.10701282,0
0.10474738,-0.39098889,2.3656929,-0.74797738,-0.65504062,0.10701282,0
0.42962164,-0.40039188,2.1971056,0.6517657,-0.75535905,-0.068075024,0
0.58173764,0.11755197,2.9086185,0.12542501,0.018828698,0.99192441,0
-0.5002718,0.14146982,-2.988322,-0.12542501,-0.018828698,-0.99192441,0
0.83093923,0.20895073,2.1770058,0.74797738,0.65504062,-0.10701282,0
0.31641406,-0.3182877,-1.0372806,0.6517657,-0.75535905,-0.068075024,0
-0.38376495,0.33486378,-2.9345882,-0.12542501,-0.018828698,-0.99192441,0
0.1834541,0.42779353,0.0052330988,0.74797738,0.65504062,-0.10701282,0
0.52356791,0.17924362,0.79967368,0.74797738,0.65504062,-0.10701282,0
-0.065839961,0.16300869,-2.9738977,-0.12542501,-0.018828698,-0.99192441,0
0.5593456,-0.10049424,2.9972708,0.12542501,0.018828698,0.99192441,0
-0.6545552,-0.1504764,-0.06104295,-0.74797738,-0.65504062,0.10701282,0
0.23210041,-0.1304937,-2.9730999,-0.12542501,-0.018828698,-0.99192441,0
-0.026423935,-0.52009177,-1.7553092,0.6517657,-0.75535905,-0.068075024,0
0.21436414,-0.64699972,1.8268745,-0.74797738,-0.65504062,0.10701282,0
0.35411197,0.46040368,2.9089689,0.12542501,0.018828698,0.99192441,0
0.028442889,0.4041661,-2.7575085,0.74797738,0.65504062,-0.10701282,0
-0.25639331,-0.21130413,-3.0374181,-0.12542501,-0.018828698,-0.99192441,0
0.30930352,-0.50610292,0.88699174,0.6517657,-0.75535905,-0.068075024,0
0.66383469,-0.12594609,2.9599955,0.12542501,0.018828698,0.99192441,0
0.055431053,0.50566864,-1.2189035,0.74797738,0.65504062,-0.10701282,0
-0.087579742,0.69783539,-1.5011474,0.74797738,0.65504062,-0.10701282,0
-0.34711638,-0.5441336,-0.69567984,-0.74797738,-0.65504062,0.10701282,0
-0.23721786,-0.56067812,0.12661318,-0.74797738,-0.65504062,0.10701282,0
-0.5136773,-0.12209519,-2.8866484,-0.12542501,-0.018828698,-0.99192441,0
-0.63288456,-0.028530538,-3.0239139,-0.12542501,-0.018828698,-0.99192441,0
0.74916327,-0.30689552,3.0047436,0.12542501,0.018828698,0.99192441,0
-0.083786599,-0.45682228,-2.5770438,0.6517657,-0.75535905,-0.068075024,0
0.18421276,-0.50858343,3.0376146,-0.74797738,-0.65504062,0.10701282,0
0.92657626,0.0067483783,2.9630902,0.12542501,0.018828698,0.99192441,0
0.73970664,-0.25570691,3.029177,0.12542501,0.018828698,0.99192441,0
-0.60818845,-0.1991792,-2.8745661,-0.12542501,-0.018828698,-0.99192441,0
-0.25009221,0.6167255,-1.5842104,-0.6517657,0.75535905,0.068075024,0
-0.078216694,-0.41311187,-2.3363605,0.6517657,-0.75535905,-0.068075024,0
-0.65004838,-0.3645165,-2.8788958,-0.12542501,-0.018828698,-0.99192441,0
-0.30795079,0.55594617,-0.64519376,-0.6517657,0.75535905,0.068075024,0
-0.75049168,-0.046783715,-2.9559546,-0.12542501,-0.018828698,-0.99192441,0
0.033591509,0.51648426,-1.1830324,0.74797738,0.65504062,-0.10701282,0
0.47067761,0.095795661,-0.70665133,0.74797738,0.65504062,-0.10701282,0
0.54016483,0.06723614,-0.1951025,0.74797738,0.65504062,-0.10701282,0
-0.49546736,-0.61057717,-2.8565164,-0.12542501,-0.018828698,-0.99192441,0
0.048513144,0.49936676,-1.6897022,0.74797738,0.65504062,-0.10701282,0
-0.21881528,-0.33425105,1.322963,-0.74797738,-0.65504062,0.10701282,0
0.42120522,-0.39824042,2.9668996,0.12542501,0.018828698,0.99192441,0
0.50612837,-0.19567911,1.0998474,0.6517657,-0.75535905,-0.068075024,0
0.29055667,-0.48499656,2.8066702,-0.74797738,-0.65504062,0.10701282,0
0.41432777,0.37232709,1.1142305,0.74797738,0.65504062,-0.10701282,0
0.45380843,-0.092518419,2.8940108,0.12542501,0.018828698,0.99192441,0
-0.22711951,-0.60010296,-0.8890658,-0.74797738,-0.65504062,0.10701282,0
-0.3499088,-0.14368995,0.82397348,-0.74797738,-0.65504062,0.10701282,0
-0.74104047,-0.1842159,-2.9583795,-0.12542501,-0.018828698,-0.99192441,0
-0.26181191,0.048325181,3.0172153,0.12542501,0.018828698,0.99192441,0
-0.41682228,0.29716924,1.4470639,-0.6517657,0.75535905,0.068075024,0
0.5213902,0.3655318,0.61161482,0.74797738,0.65504062,-0.10701282,0
-0.074414983,-0.62496281,-2.3535349,0.6517657,-0.75535905,-0.068075024,0
-0.12804006,0.58015668,-0.48584539,-0.6517657,0.75535905,0.068075024,0
-0.64304388,-0.045382082,0.70334601,-0.74797738,-0.65504062,0.10701282,0
0.097122505,0.10754471,-2.5969777,0.74797738,0.65504062,-0.10701282,0
0.58055496,0.1215913,0.58344054,0.74797738,0.65504062,-0.10701282,0
0.16214798,-0.18779598,-3.1058328,-0.12542501,-0.018828698,-0.99192441,0
-0.8094393,0.051396847,-2.9417,-0.12542501,-0.018828698,-0.99192441,0
-0.63485312,0.077602804,-0.52284652,-0.6517657,0.75535905,0.068075024,0
0.66948962,-0.26523685,2.4891157,0.6517657,-0.75535905,-0.068075024,0
-0.11163548,-0.48103529,1.5650909,-0.74797738,-0.65504062,0.10701282,0
-0.28814328,-0.54593754,0.12622802,-0.74797738,-0.65504062,0.10701282,0
0.42008358,0.69385237,3.0532351,0.12542501,0.018828698,0.99192441,0
0.6046207,-0.40494901,2.909193,0.12542501,0.018828698,0.99192441,0
0.5045535,-0.26921612,1.9253898,0.6517657,-0.75535905,-0.068075024,0
0.6209693,-0.21597157,1.6856984,0.6517657,-0.75535905,-0.068075024,0
-0.35116625,0.10598044,-2.9829323,-0.12542501,-0.018828698,-0.99192441,0
0.05206833,-0.69570839,0.072267152,0.6517657,-0.75535905,-0.068075024,0
0.67944282,0.34058607,2.9329333,0.12542501,0.018828698,0.99192441,0
0.13873097,-0.28609234,3.0438251,-0.74797738,-0.65504062,0.10701282,0
-0.12081945,-0.65933281,0.27612412,-0.74797738,-0.65504062,0.10701282,0
0.092918679,0.55643725,2.9613388,-0.6517657,0.75535905,0.068075024,0
0.45113975,0.41051602,1.6655089,0.74797738,0.65504062,-0.10701282,0
-0.7477262,-0.04575403,-2.8876052,-0.12542501,-0.018828698,-0.99192441,0
0.31345198,-0.4899078,2.9418373,0.12542501,0.018828698,0.99192441,0
-0.29336041,0.0048478246,-2.9875913,-0.12542501,-0.018828698,-0.99192441,0
0.23945554,0.29532844,-1.8341172,0.74797738,0.65504062,-0.10701282,0
0.20654634,-0.58432013,0.71261388,0.6517657,-0.75535905,-0.068075024,0
-0.24143437,-0.34890524,-3.0178258,-0.12542501,-0.018828698,-0.99192441,0
0.035310358,-0.75593472,0.27760959,0.6517657,-0.75535905,-0.068075024,0
-0.31985146,-0.54653108,-1.4256365,-0.74797738,-0.65504062,0.10701282,0
0.41926989,0.11701634,2.8889127,0.12542501,0.018828698,0.99192441,0
0.5039196,-0.11537755,-1.0892199,0.74797738,0.65504062,-0.10701282,0
-0.13068359,0.54982495,-2.1217036,0.74797738,0.65504062,-0.10701282,0
0.34091198,-0.10192163,-1.5033365,0.6517657,-0.75535905,-0.068075024,0
-0.50751781,-0.21604073,-3.002821,-0.12542501,-0.018828698,-0.99192441,0
-0.67798245,0.25172025,-2.9857984,-0.12542501,-0.018828698,-0.99192441,0
0.34640628,-0.23727907,3.0292277,0.12542501,0.018828698,0.99192441,0
-0.27675602,0.30294585,-0.096462846,-0.6517657,0.75535905,0.068075024,0
-0.64059746,-0.15140423,-0.96313304,-0.74797738,-0.65504062,0.10701282,0
-0.43272573,0.17164308,1.1285436,-0.6517657,0.75535905,0.068075024,0
-0.091593266,0.59410679,-2.0031898,0.74797738,0.65504062,-0.10701282,0
0.42797738,-0.32565141,-0.87611395,0.6517657,-0.75535905,-0.068075024,0
0.2135666,-0.37736607,2.971508,0.12542501,0.018828698,0.99192441,0
0.0078508705,0.32472354,-2.1975126,0.74797738,0.65504062,-0.10701282,0
0.17322382,-0.11469458,3.083056,0.12542501,0.018828698,0.99192441,0
0.57433289,-0.32524604,1.2176056,0.6517657,-0.75535905,-0.068075024,0
-0.33440426,-0.40818495,-3.0211651,-0.12542501,-0.018828698,-0.99192441,0
0.37013447,-0.38587689,-0.82455289,0.6517657,-0.75535905,-0.068075024,0
-0.13734445,0.59850061,-1.3149006,-0.6517657,0.75535905,0.068075024,0
0.5535301,0.52417833,2.9718187,0.12542501,0.018828698,0.99192441,0
-0.073219344,-0.63189226,-1.3224999,0.6517657,-0.75535905,-0.068075024,0
0.71023458,-0.29186249,2.1337631,0.6517657,-0.75535905,-0.068075024,0
0.89254344,-0.16477454,2.8260558,0.12542501,0.018828698,0.99192441,0
0.076259106,0.29283184,-2.7621434,0.74797738,0.65504062,-0.10701282,0
-0.21512353,-0.78477347,-2.0168741,0.6517657,-0.75535905,-0.068075024,0
0.0057011545,0.66019624,-0.24094392,-0.6517657,0.75535905,0.068075024,0
0.25376087,-0.0066782609,3.0611,0.12542501,0.018828698,0.99192441,0
0.73913729,0.026984803,0.22366905,0.6517657,-0.75535905,-0.068075024,0
-0.52019364,-0.19219592,-3.0466328,-0.12542501,-0.018828698,-0.99192441,0
-0.40598315,-0.63068181,-1.9847641,-0.74797738,-0.65504062,0.10701282,0
-1.1112176,0.030737907,-2.3682821,-0.74797738,-0.65504062,0.10701282,0
0.7062059,-0.36351746,1.9947358,0.6517657,-0.75535905,-0.068075024,0
0.52885807,-0.039768182,-1.0402869,0.6517657,-0.75535905,-0.068075024,0
-0.16459838,-0.031675369,-3.0502434,-0.12542501,-0.018828698,-0.99192441,0
-0.69471204,-0.38625732,-2.8808777,-0.12542501,-0.018828698,-0.99192441,0
0.0095426515,-0.43403167,1.4422597,-0.74797738,-0.65504062,0.10701282,0
-0.58674467,-0.41869277,-1.3723732,-0.74797738,-0.65504062,0.10701282,0
-0.031821597,-0.20313485,-2.9298131,-0.12542501,-0.018828698,-0.99192441,0
-0.55909646,0.059658647,-2.9818051,-0.12542501,-0.018828698,-0.99192441,0
-0.089794122,-0.64204592,-0.53060389,0.6517657,-0.75535905,-0.068075024,0
-0.57673955,0.27883929,-1.8997428,-0.6517657,0.75535905,0.068075024,0
0.038832009,0.419314,-1.8937386,0.74797738,0.65504062,-0.10701282,0
-0.67031533,0.15990926,-2.9506145,-0.12542501,-0.018828698,-0.99192441,0
0.85594702,0.21167691,2.5302315,0.74797738,0.65504062,-0.10701282,0
-0.82335913,-0.0084120333,-2.9087555,-0.12542501,-0.018828698,-0.99192441,0
-1.0216002,0.096827507,-2.9397752,-0.6517657,0.75535905,0.068075024,0
-0.32612601,0.5035888,-2.9586024,-0.12542501,-0.018828698,-0.99192441,0
-0.8339408,0.1409516,-2.9770138,-0.12542501,-0.018828698,-0.99192441,0
0.60519207,0.13207865,-0.29527786,0.74797738,0.65504062,-0.10701282,0
-0.24241036,-0.080630779,-2.9659951,-0.12542501,-0.018828698,-0.99192441,0
0.16581644,-0.53759044,1.6113683,-0.74797738,-0.65504062,0.10701282,0
-0.45210716,0.35892019,-0.33412719,-0.6517657,0.75535905,0.068075024,0
-0.33946574,-0.3495996,-2.982157,-0.12542501,-0.018828698,-0.99192441,0
0.4206368,0.24927834,2.9260969,0.12542501,0.018828698,0.99192441,0
-0.27086964,0.21068139,2.4767866,-0.6517657,0.75535905,0.068075024,0
-0.044810556,0.41609168,2.345417,-0.6517657,0.75535905,0.068075024,0
0.071915388,0.65202087,2.1964619,-0.6517657,0.75535905,0.068075024,0
0.3497133,0.53545052,2.9858346,0.12542501,0.018828698,0.99192441,0
0.047575012,0.43049452,-1.5741086,0.74797738,0.65504062,-0.10701282,0
-0.42822123,0.087737098,1.9836813,-0.74797738,-0.65504062,0.10701282,0
-0.73113066,0.19298325,-2.95977,-0.12542501,-0.018828698,-0.99192441,0
0.60918564,-0.071872726,2.8792512,0.12542501,0.018828698,0.99192441,0
0.48262215,0.77700019,2.8384898,-0.6517657,0.75535905,0.068075024,0
-0.20418356,-0.56021518,-0.70369339,-0.74797738,-0.65504062,0.10701282,0
-0.64072317,-0.094101779,-2.9586344,-0.12542501,-0.018828698,-0.99192441,0
0.7284103,0.2831791,2.0469408,0.74797738,0.65504062,-0.10701282,0
-0.58877522,-0.48172629,-1.6743301,-0.74797738,-0.65504062,0.10701282,0
0.20003238,-0.060144886,-3.0785334,-0.12542501,-0.018828698,-0.99192441,0
0.30700463,-0.44433615,-0.12774582,0.6517657,-0.75535905,-0.068075024,0
0.1266422,0.48232871,-0.78055638,0.74797738,0.65504062,-0.10701282,0
0.56932163,0.41243958,2.9074547,0.12542501,0.018828698,0.99192441,0
-0.32034749,0.28759345,0.93033248,-0.6517657,0.75535905,0.068075024,0
0.20139962,0.5855698,0.0079260739,0.74797738,0.65504062,-0.10701282,0
0.33557531,0.60707861,2.7010267,-0.6517657,0.75535905,0.068075024,0
0.38671005,-0.53631312,2.9226098,0.12542501,0.018828698,0.99192441,0
0.20235752,0.19071506,-2.9213371,0.74797738,0.65504062,-0.10701282,0
-0.075066693,-0.31442249,1.4611381,-0.74797738,-0.65504062,0.10701282,0
-0.38622415,0.44972092,-2.9073169,-0.12542501,-0.018828698,-0.99192441,0
0.37306547,-0.35802963,1.4667027,0.6517657,-0.75535905,-0.068075024,0
0.67001796,0.40617478,2.2232425,0.74797738,0.65504062,-0.10701282,0
0.43982446,0.53106779,3.0396938,0.12542501,0.018828698,0.99192441,0
0.68463629,0.29188335,2.9286144,0.12542501,0.018828698,0.99192441,0
0.40903488,-0.36476797,3.0014436,0.12542501,0.018828698,0.99192441,0
0.1611428,-0.35496992,-2.9464397,-0.12542501,-0.018828698,-0.99192441,0
0.44039768,-0.33510306,-0.094102591,0.6517657,-0.75535905,-0.068075024,0
-0.87530679,-0.037415564,-2.9178185,-0.12542501,-0.018828698,-0.99192441,0
-0.45705152,0.22349818,-0.21193047,-0.6517657,0.75535905,0.068075024,0
-0.48320931,0.10182808,-2.8794751,-0.12542501,-0.018828698,-0.99192441,0
-0.34123579,0.046702921,-2.9633026,-0.12542501,-0.018828698,-0.99192441,0
-0.88290596,0.045407429,-1.6217761,-0.6517657,0.75535905,0.068075024,0
0.56427759,0.17022285,0.43046919,0.74797738,0.65504062,-0.10701282,0
0.57455826,-0.28565872,1.5131632,0.6517657,-0.75535905,-0.068075024,0
-0.80564606,-0.35674044,-2.9882941,-0.12542501,-0.018828698,-0.99192441,0
0.59743285,0.54220921,2.8713322,0.12542501,0.018828698,0.99192441,0
-0.12699337,-0.37685674,-2.9682884,-0.12542501,-0.018828698,-0.99192441,0
0.29313415,-0.21114373,-2.8694763,0.6517657,-0.75535905,-0.068075024,0
-0.81319541,-0.16247405,-2.9674647,-0.12542501,-0.018828698,-0.99192441,0
0.38187659,-0.21379197,3.063941,0.12542501,0.018828698,0.99192441,0
-1.0110668,-0.05641894,-2.9910815,-0.12542501,-0.018828698,-0.99192441,0
-0.30916914,0.31304723,-0.19010228,-0.6517657,0.75535905,0.068075024,0
0.35393542,-0.15460122,3.0250533,0.12542501,0.018828698,0.99192441,0
-0.71974051,0.16751729,-2.9458573,-0.12542501,-0.018828698,-0.99192441,0
-0.34759051,0.23263174,-2.9992192,-0.12542501,-0.018828698,-0.99192441,0
-0.034440383,-0.62076259,-0.36266914,0.6517657,-0.75535905,-0.068075024,0
0.64237279,0.18825206,1.6445936,0.74797738,0.65504062,-0.10701282,0
-0.85936081,-0.14710659,-1.6475618,-0.74797738,-0.65504062,0.10701282,0
0.006176047,0.036403108,2.9660208,0.12542501,0.018828698,0.99192441,0
0.033723108,0.12034768,2.9438221,0.12542501,0.018828698,0.99192441,0
0.18346688,0.061338674,-2.9776626,-0.12542501,-0.018828698,-0.99192441,0
0.45650524,-0.25628299,2.9741721,0.12542501,0.018828698,0.99192441,0
0.17170203,-0.36138022,3.0729036,0.12542501,0.018828698,0.99192441,0
0.16454864,-0.60474855,2.817049,-0.74797738,-0.65504062,0.10701282,0
0.29413986,-0.58828616,1.2582272,0.6517657,-0.75535905,-0.068075024,0
-0.40436202,0.22934905,-3.0169342,-0.12542501,-0.018828698,-0.99192441,0
-0.10096014,0.59231126,0.47286659,-0.6517657,0.75535905,0.068075024,0
0.6900813,-0.13852319,2.9256089,0.12542501,0.018828698,0.99192441,0
-0.00073587894,-0.13734479,3.0614049,0.12542501,0.018828698,0.99192441,0
0.58490628,0.49293321,2.4600623,0.74797738,0.65504062,-0.10701282,0
0.78244555,0.039680287,1.9451181,0.74797738,0.65504062,-0.10701282,0
-0.41307759,-0.57915586,-2.8949292,-0.12542501,-0.018828698,-0.99192441,0
-0.030587234,0.12074054,-3.0915668,-0.12542501,-0.018828698,-0.99192441,0
-0.28293288,-0.16077295,-2.9772904,-0.12542501,-0.018828698,-0.99192441,0
0.80166548,-0.15101124,3.0136399,0.12542501,0.018828698,0.99192441,0
-0.10661688,-0.42824498,-2.959923,-0.12542501,-0.018828698,-0.99192441,0
-0.42963445,-0.12876792,1.5989019,-0.74797738,-0.65504062,0.10701282,0
-0.58389485,-0.39314103,-1.604656,-0.74797738,-0.65504062,0.10701282,0
0.87891108,0.055392548,3.0082648,0.12542501,0.018828698,0.99192441,0
-0.24356866,-0.3385154,0.8695665,-0.74797738,-0.65504062,0.10701282,0
-0.21840468,0.66803467,-1.8135673,-0.6517657,0.75535905,0.068075024,0
-0.18338725,0.050557978,-3.0942957,-0.12542501,-0.018828698,-0.99192441,0
0.35647935,0.43031731,0.22897339,0.74797738,0.65504062,-0.10701282,0
-0.48801178,0.1885978,-2.9459407,-0.12542501,-0.018828698,-0.99192441,0
0.93162853,0.017541185,2.8640616,0.12542501,0.018828698,0.99192441,0
-0.67064983,-0.11784491,-1.3035251,-0.74797738,-0.65504062,0.10701282,0
0.43360373,0.12031808,2.9178312,0.12542501,0.018828698,0.99192441,0
0.35588008,0.64512056,2.871726,0.12542501,0.018828698,0.99192441,0
0.27531928,0.28078711,2.9059942,0.12542501,0.018828698,0.99192441,0
0.95967329,0.19403529,2.5243819,0.74797738,0.65504062,-0.10701282,0
0.68905795,-0.24636032,2.9210591,0.12542501,0.018828698,0.99192441,0
0.52122498,0.66053444,2.4459143,0.74797738,0.65504062,-0.10701282,0
-0.63954884,-0.33683252,-0.93552017,-0.74797738,-0.65504062,0.10701282,0
0.2641921,-0.069360763,2.9678478,0.12542501,0.018828698,0.99192441,0
-0.51044673,-0.31430489,-2.9682305,-0.12542501,-0.018828698,-0.99192441,0
0.095997289,-0.5122391,2.9064703,-0.74797738,-0.65504062,0.10701282,0
-0.21252021,0.64937937,-2.0752761,0.74797738,0.65504062,-0.10701282,0
-0.11085264,-0.010913834,-3.0670557,-0.12542501,-0.018828698,-0.99192441,0
0.17448378,0.59240699,0.1529566,0.74797738,0.65504062,-0.10701282,0
-0.5005514,-0.58816391,-2.1866288,-0.74797738,-0.65504062,0.10701282,0
0.025800262,-0.65777504,-0.61323643,0.6517657,-0.75535905,-0.068075024,0
-0.5006842,0.401382,-2.9211066,-0.12542501,-0.018828698,-0.99192441,0
0.026985802,-0.72818631,0.20845695,0.6517657,-0.75535905,-0.068075024,0
0.20544782,0.092698693,-1.8943076,0.74797738,0.65504062,-0.10701282,0
0.090465739,-0.44502717,-2.9325545,0.6517657,-0.75535905,-0.068075024,0
0.096436352,-0.024345253,-3.0540891,-0.12542501,-0.018828698,-0.99192441,0
-0.68613571,-0.20955274,-2.0188451,-0.74797738,-0.65504062,0.10701282,0
-0.66754907,-0.47074991,-2.9053571,-0.12542501,-0.018828698,-0.99192441,0
1.0608875,-0.047664672,2.2052875,0.74797738,0.65504062,-0.10701282,0
-0.52196789,-0.49537846,-2.9837654,-0.12542501,-0.018828698,-0.99192441,0
0.76778328,-0.075110868,2.9828103,0.12542501,0.018828698,0.99192441,0
0.18912452,-0.60707057,0.083652101,0.6517657,-0.75535905,-0.068075024,0
0.36622924,0.58096331,0.59225941,0.74797738,0.65504062,-0.10701282,0
-0.59096342,-0.53015286,-2.6376491,-0.74797738,-0.65504062,0.10701282,0
0.27650696,-0.30185607,3.0132365,0.12542501,0.018828698,0.99192441,0
0.54191256,0.029594868,-1.4421797,0.74797738,0.65504062,-0.10701282,0
0.024838716,-0.24726424,-3.012275,0.6517657,-0.75535905,-0.068075024,0
0.58052468,0.35463715,1.8563209,0.74797738,0.65504062,-0.10701282,0
0.90843207,0.031258538,1.9474761,0.74797738,0.65504062,-0.10701282,0
0.3323634,0.4323779,2.9693134,0.12542501,0.018828698,0.99192441,0
0.59138048,0.31289178,2.881897,0.12542501,0.018828698,0.99192441,0
0.54507285,-0.42458689,2.661459,0.6517657,-0.75535905,-0.068075024,0
0.22718696,-0.16893068,3.0782528,0.12542501,0.018828698,0.99192441,0
0.43603075,0.78125632,2.6644359,-0.6517657,0.75535905,0.068075024,0
-1.0268757,0.097584143,-2.2832808,-0.6517657,0.75535905,0.068075024,0
-0.69035649,0.17541464,-2.9130785,-0.12542501,-0.018828698,-0.99192441,0
-0.034794092,-0.21718003,2.9378109,-0.74797738,-0.65504062,0.10701282,0
0.51066113,0.53511024,1.4235307,0.74797738,0.65504062,-0.10701282,0
-0.58847564,0.13115986,-0.99919111,-0.6517657,0.75535905,0.068075024,0
0.3201668,0.29423007,3.0257466,0.12542501,0.018828698,0.99192441,0
-0.930996,0.043698445,-2.0120931,-0.6517657,0.75535905,0.068075024,0
-1.0319408,0.046693563,-2.9809256,-0.12542501,-0.018828698,-0.99192441,0
0.011173144,0.039204475,3.1181624,0.12542501,0.018828698,0.99192441,0
0.19685359,0.070765853,-3.1006894,-0.12542501,-0.018828698,-0.99192441,0
-0.30667353,0.46476832,-3.094382,-0.12542501,-0.018828698,-0.99192441,0
0.11581545,-0.29130572,-3.0181432,-0.12542501,-0.018828698,-0.99192441,0
0.096764408,0.087497242,3.008692,0.12542501,0.018828698,0.99192441,0
-0.42320412,-0.014328575,1.486398,-0.74797738,-0.65504062,0.10701282,0
-0.44662517,0.10956177,1.7923554,-0.74797738,-0.65504062,0.10701282,0
0.28869638,0.41025576,-0.84277642,0.74797738,0.65504062,-0.10701282,0
-0.48173261,0.42257649,-0.93395084,-0.6517657,0.75535905,0.068075024,0
0.23622334,0.26600984,2.9142301,0.12542501,0.018828698,0.99192441,0
-0.38044417,-0.71001905,-2.7437577,0.6517657,-0.75535905,-0.068075024,0
-0.25637221,-0.61360884,-1.8026942,0.6517657,-0.75535905,-0.068075024,0
0.5531826,0.58886218,3.024076,0.12542501,0.018828698,0.99192441,0
-0.12133237,-0.033134386,-3.0736141,-0.12542501,-0.018828698,-0.99192441,0
0.1857838,-0.67498243,1.496987,0.6517657,-0.75535905,-0.068075024,0
-0.44421071,-0.67778546,-2.3329127,-0.74797738,-0.65504062,0.10701282,0
0.5488795,0.60141611,3.0039327,0.12542501,0.018828698,0.99192441,0
-0.38783836,0.19766168,-2.9902205,-0.12542501,-0.018828698,-0.99192441,0
0.49723884,-0.52294415,3.0044777,0.12542501,0.018828698,0.99192441,0
0.65755796,0.35937291,1.4103785,0.74797738,0.65504062,-0.10701282,0
-0.24854746,0.54156601,-1.6185766,-0.6517657,0.75535905,0.068075024,0
0.15887687,0.77307522,1.2564977,-0.6517657,0.75535905,0.068075024,0
-0.25721234,0.51342857,-0.77552646,-0.6517657,0.75535905,0.068075024,0
-0.88348031,0.032595232,-2.7527549,-0.6517657,0.75535905,0.068075024,0
0.045343053,-0.71260631,-0.28455305,0.6517657,-0.75535905,-0.068075024,0
0.37522969,-0.19573116,-3.0044203,0.6517657,-0.75535905,-0.068075024,0
0.42223671,-0.19574153,-1.4335855,0.6517657,-0.75535905,-0.068075024,0
-0.41418529,-0.024618512,2.5563006,-0.74797738,-0.65504062,0.10701282,0
-0.23337278,-0.29109433,0.38854373,-0.74797738,-0.65504062,0.10701282,0
-0.14206097,-0.29238492,1.9249535,-0.74797738,-0.65504062,0.10701282,0
-0.35335219,0.34331906,-2.9109814,-0.12542501,-0.018828698,-0.99192441,0
-0.35264441,0.23378605,0.74362051,-0.6517657,0.75535905,0.068075024,0
0.37230465,0.64418554,3.0294919,0.12542501,0.018828698,0.99192441,0
-0.26181832,0.60587788,-0.92468733,-0.6517657,0.75535905,0.068075024,0
0.25367337,-0.22018655,-2.9920919,0.6517657,-0.75535905,-0.068075024,0
-0.022754736,0.57126617,-1.0389766,0.74797738,0.65504062,-0.10701282,0
0.066863284,0.29336825,2.940948,0.12542501,0.018828698,0.99192441,0
0.97758234,-0.072869107,2.8066053,0.12542501,0.018828698,0.99192441,0
0.28045645,0.5834859,3.0209329,0.12542501,0.018828698,0.99192441,0
0.51172829,0.19361946,3.0324521,0.12542501,0.018828698,0.99192441,0
0.38919908,0.50734872,1.4731617,0.74797738,0.65504062,-0.10701282,0
0.27577165,0.0044711679,2.9129839,0.12542501,0.018828698,0.99192441,0
0.36774999,-0.49605286,2.6211936,0.6517657,-0.75535905,-0.068075024,0
0.4627088,-0.42239398,1.1241333,0.6517657,-0.75535905,-0.068075024,0
-0.35145754,0.37652445,-1.3004136,-0.6517657,0.75535905,0.068075024,0
-0.54202187,-0.35477942,-2.9415951,-0.12542501,-0.018828698,-0.99192441,0
-0.86131376,0.17679366,-2.9992814,-0.12542501,-0.018828698,-0.99192441,0
-0.34613758,0.61330557,-1.9879398,-0.6517657,0.75535905,0.068075024,0
0.38054284,-0.24445304,-0.72938418,0.6517657,-0.75535905,-0.068075024,0
-0.70730817,0.062157169,-0.76769078,-0.6517657,0.75535905,0.068075024,0
0.24304762,-0.62193012,0.54525542,0.6517657,-0.75535905,-0.068075024,0
0.55777377,-0.015142083,-1.0758467,0.74797738,0.65504062,-0.10701282,0
-0.49290627,-0.40888783,-2.0155935,-0.74797738,-0.65504062,0.10701282,0
-0.50382835,0.13908798,-3.0173416,-0.12542501,-0.018828698,-0.99192441,0
0.73666483,0.094975792,2.9629984,0.12542501,0.018828698,0.99192441,0
0.17555839,0.69416839,2.7648468,-0.6517657,0.75535905,0.068075024,0
-0.049498916,0.44144559,-2.8625464,0.74797738,0.65504062,-0.10701282,0
-0.45082551,0.15090644,2.6121383,-0.6517657,0.75535905,0.068075024,0
0.19761728,0.54571158,-0.51503557,0.74797738,0.65504062,-0.10701282,0
-0.90205067,0.011153281,-1.8638144,-0.6517657,0.75535905,0.068075024,0
-0.42554829,-0.71872652,-3.0552218,-0.12542501,-0.018828698,-0.99192441,0
-0.27824625,0.40000612,-3.0898178,-0.12542501,-0.018828698,-0.99192441,0
-0.29446772,0.53032476,-2.4660125,-0.6517657,0.75535905,0.068075024,0
-0.63447034,0.031750754,-2.857435,-0.12542501,-0.018828698,-0.99192441,0
0.21034735,-0.57217932,2.8587446,-0.74797738,-0.65504062,0.10701282,0
-0.24597466,0.037851512,-2.8969619,-0.12542501,-0.018828698,-0.99192441,0
-0.20186925,-0.11660619,2.8322394,-0.74797738,-0.65504062,0.10701282,0
0.26680374,-0.35595572,0.60809386,0.6517657,-0.75535905,-0.068075024,0
-0.12416919,-0.54818165,-3.0819416,-0.12542501,-0.018828698,-0.99192441,0
-0.0021828408,-0.41197044,-1.7415557,0.6517657,-0.75535905,-0.068075024,0
0.30910832,-0.42770869,-0.91209215,0.6517657,-0.75535905,-0.068075024,0
-0.25294375,0.22439384,-3.0049412,-0.12542501,-0.018828698,-0.99192441,0
-0.12977113,-0.31325027,2.3268154,-0.74797738,-0.65504062,0.10701282,0
0.45542318,-0.12900056,2.9810216,0.12542501,0.018828698,0.99192441,0
0.97045887,-0.17043248,2.9839764,0.12542501,0.018828698,0.99192441,0
0.22967923,-0.36086875,-0.98650146,0.6517657,-0.75535905,-0.068075024,0
0.59001958,-0.28878635,2.8842664,0.12542501,0.018828698,0.99192441,0
0.088950008,-0.67095149,0.45816463,0.6517657,-0.75535905,-0.068075024,0
0.06709221,0.13156188,3.0002429,0.12542501,0.018828698,0.99192441,0
-0.48066646,-0.52369022,-1.3050587,-0.74797738,-0.65504062,0.10701282,0
0.10319853,0.44760436,2.9909256,0.12542501,0.018828698,0.99192441,0
0.019664899,0.34349725,2.9957297,0.12542501,0.018828698,0.99192441,0
0.066900276,-0.23793571,3.0855463,0.12542501,0.018828698,0.99192441,0
-0.31824815,0.56377655,-2.2972505,-0.6517657,0.75535905,0.068075024,0
0.48850572,-0.27995402,1.0903199,0.6517657,-0.75535905,-0.068075024,0
0.89621609,-0.13907568,1.9569341,0.6517657,-0.75535905,-0.068075024,0
0.26408607,-0.014967092,-2.457969,0.74797738,0.65504062,-0.10701282,0
-0.026819408,-0.66114402,0.42047876,0.6517657,-0.75535905,-0.068075024,0
0.75301492,-0.1144747,1.985988,0.6517657,-0.75535905,-0.068075024,0
-0.46646804,0.18516886,1.7076734,-0.6517657,0.75535905,0.068075024,0
-0.093232848,-0.050069343,-3.0087414,-0.12542501,-0.018828698,-0.99192441,0
0.67390817,-0.19857277,0.32997608,0.6517657,-0.75535905,-0.068075024,0
0.43450734,0.40276223,2.9336939,0.12542501,0.018828698,0.99192441,0
0.88887781,0.015578538,2.8125477,0.12542501,0.018828698,0.99192441,0
-0.68291771,-0.38046482,-1.8450401,-0.74797738,-0.65504062,0.10701282,0
0.89084375,0.095728226,1.249541,0.74797738,0.65504062,-0.10701282,0
-0.3648217,-0.35160318,-2.9861696,-0.12542501,-0.018828698,-0.99192441,0
-0.46831349,-0.46853146,-3.0128939,-0.12542501,-0.018828698,-0.99192441,0
-0.37856144,0.65163118,-2.0959849,-0.6517657,0.75535905,0.068075024,0
0.23651247,0.20296498,2.9607191,0.12542501,0.018828698,0.99192441,0
-0.46711713,0.20447657,-0.15725049,-0.6517657,0.75535905,0.068075024,0
-0.042281479,0.49038607,-1.5844724,0.74797738,0.65504062,-0.10701282,0
0.66780984,-0.3045246,2.83956,0.6517657,-0.75535905,-0.068075024,0
0.36153334,-0.37675837,2.9353676,0.12542501,0.018828698,0.99192441,0
0.62370747,-0.092224211,0.74288911,0.6517657,-0.75535905,-0.068075024,0
0.55964893,0.20422092,2.9966083,0.12542501,0.018828698,0.99192441,0
-0.4323929,-0.05783125,-3.0182469,-0.12542501,-0.018828698,-0.99192441,0
-0.25984809,-0.21255654,0.9358145,-0.74797738,-0.65504062,0.10701282,0
-0.1594508,0.067282669,-2.9870794,-0.12542501,-0.018828698,-0.99192441,0
0.22147222,0.46061751,-0.22552286,0.74797738,0.65504062,-0.10701282,0
-0.26329854,-0.41126028,-2.9463186,-0.12542501,-0.018828698,-0.99192441,0
0.29201978,0.10249576,-1.7652389,0.74797738,0.65504062,-0.10701282,0
-0.65514117,-0.23453182,-3.0029664,-0.12542501,-0.018828698,-0.99192441,0
0.67887199,0.2714076,2.458986,0.74797738,0.65504062,-0.10701282,0
-0.28738242,0.081532761,-2.9998052,-0.12542501,-0.018828698,-0.99192441,0
0.30541223,0.61408937,2.1082151,-0.6517657,0.75535905,0.068075024,0
-0.5434224,0.011890881,0.7445066,-0.74797738,-0.65504062,0.10701282,0
0.9136498,0.050514907,2.8562746,0.12542501,0.018828698,0.99192441,0
-0.097944468,0.63851631,0.55425763,-0.6517657,0.75535905,0.068075024,0
0.11960007,0.49866569,-1.6974382,0.74797738,0.65504062,-0.10701282,0
-0.33220747,-0.44163027,-3.0112257,-0.12542501,-0.018828698,-0.99192441,0
0.47581041,-0.3001557,2.987468,0.12542501,0.018828698,0.99192441,0
-0.54771638,-0.12479764,0.33689755,-0.74797738,-0.65504062,0.10701282,0
-0.37678653,0.39399233,0.47558162,-0.6517657,0.75535905,0.068075024,0
0.55379969,-0.37370563,3.0452311,0.12542501,0.018828698,0.99192441,0
0.21514595,-0.19884884,-1.6479894,0.6517657,-0.75535905,-0.068075024,0
-0.21794371,0.46060991,1.0117222,-0.6517657,0.75535905,0.068075024,0
-0.098534673,0.61480939,-0.92484665,-0.6517657,0.75535905,0.068075024,0
0.32822391,0.66524291,2.0263333,-0.6517657,0.75535905,0.068075024,0
0.23966148,0.63782716,2.9254916,0.12542501,0.018828698,0.99192441,0
0.9124788,0.087728038,2.4112556,0.74797738,0.65504062,-0.10701282,0
0.33735359,-0.27077809,-0.17662555,0.6517657,-0.75535905,-0.068075024,0
-0.21331424,-0.1465763,-2.9800191,-0.12542501,-0.018828698,-0.99192441,0
0.031628221,0.71882826,0.055063628,-0.6517657,0.75535905,0.068075024,0
0.52143401,-0.31256789,-0.27755058,0.6517657,-0.75535905,-0.068075024,0
0.21248952,-0.27872655,2.9084151,0.12542501,0.018828698,0.99192441,0
0.12282793,0.07428664,3.0030091,0.12542501,0.018828698,0.99192441,0
-0.65976822,0.42755845,-2.4173303,-0.6517657,0.75535905,0.068075024,0
-0.55317444,0.30938658,-2.9422004,-0.12542501,-0.018828698,-0.99192441,0
0.1310444,-0.43275455,-0.87310851,0.6517657,-0.75535905,-0.068075024,0
-0.50027251,0.16624963,0.49695465,-0.6517657,0.75535905,0.068075024,0
-0.19810101,0.48744568,-0.2944161,-0.6517657,0.75535905,0.068075024,0
-0.34215251,0.30786747,1.0386657,-0.6517657,0.75535905,0.068075024,0
0.0078903036,-0.44177192,-1.5645542,0.6517657,-0.75535905,-0.068075024,0
0.74251074,-0.28185865,1.9379382,0.6517657,-0.75535905,-0.068075024,0
0.10003333,0.59636652,0.43098828,0.74797738,0.65504062,-0.10701282,0
-0.17779058,0.34292331,-3.1017358,-0.12542501,-0.018828698,-0.99192441,0
0.52277958,0.21706167,2.8645387,0.12542501,0.018828698,0.99192441,0
0.081276551,-0.62576586,-0.019608391,0.6517657,-0.75535905,-0.068075024,0
-0.27976835,-0.70145732,-2.947114,0.6517657,-0.75535905,-0.068075024,0
-0.92342252,-0.10154592,-2.6098218,-0.74797738,-0.65504062,0.10701282,0
-0.14216545,0.049900867,3.0047512,0.12542501,0.018828698,0.99192441,0
-0.047688074,0.42023382,-2.8240421,0.74797738,0.65504062,-0.10701282,0
-0.10781281,-0.57418215,-1.7212176,0.6517657,-0.75535905,-0.068075024,0
-0.3268379,0.36463344,1.3729576,-0.6517657,0.75535905,0.068075024,0
0.23481107,0.75535047,1.4209735,-0.6517657,0.75535905,0.068075024,0
0.27968311,-0.58773595,1.6065693,0.6517657,-0.75535905,-0.068075024,0
-0.5342654,-0.16438758,-0.60846269,-0.74797738,-0.65504062,0.10701282,0
-0.91556698,-0.075696409,-2.9174204,-0.12542501,-0.018828698,-0.99192441,0
0.8734625,-0.044346347,1.6519964,0.6517657,-0.75535905,-0.068075024,0
-0.65502733,-0.1994216,-2.9929578,-0.12542501,-0.018828698,-0.99192441,0
-0.18401235,0.46788993,-0.56154662,-0.6517657,0.75535905,0.068075024,0
0.61767226,-0.08147499,0.073355824,0.6517657,-0.75535905,-0.068075024,0
0.11009224,0.34433618,-2.4653735,0.74797738,0.65504062,-0.10701282,0
-0.64930224,0.068391614,0.14451428,-0.6517657,0.75535905,0.068075024,0
0.33539158,-0.24881989,-0.81771976,0.6517657,-0.75535905,-0.068075024,0
-0.13084719,-0.5725683,-1.7316661,0.6517657,-0.75535905,-0.068075024,0
-0.069516666,-0.13334875,-3.1122601,-0.12542501,-0.018828698,-0.99192441,0
0.13810882,-0.24471667,2.9218361,0.12542501,0.018828698,0.99192441,0
0.26075029,0.13490558,-1.950987,0.74797738,0.65504062,-0.10701282,0
-0.41152203,-0.33724889,-2.8693662,-0.12542501,-0.018828698,-0.99192441,0
0.37241489,0.1502694,-1.2957611,0.74797738,0.65504062,-0.10701282,0
-0.72129273,-0.10424975,-2.8677988,-0.12542501,-0.018828698,-0.99192441,0
0.52001405,0.72372562,2.829638,0.74797738,0.65504062,-0.10701282,0
-0.74991268,0.17760392,-1.1297168,-0.6517657,0.75535905,0.068075024,0
0.55737925,-0.48056185,2.3560686,0.6517657,-0.75535905,-0.068075024,0
-0.04213056,0.34001878,2.035152,-0.6517657,0.75535905,0.068075024,0
0.14293149,-0.22940077,2.9283793,0.12542501,0.018828698,0.99192441,0
-0.79722673,-0.28142518,-2.7927632,-0.74797738,-0.65504062,0.10701282,0
0.20701209,0.033238545,2.9689276,0.12542501,0.018828698,0.99192441,0
-0.1600344,0.39304417,-2.9526958,-0.12542501,-0.018828698,-0.99192441,0
-0.7131232,-0.0019339174,-0.95990717,-0.74797738,-0.65504062,0.10701282,0
0.02107577,-0.54755419,0.22564137,0.6517657,-0.75535905,-0.068075024,0
0.49816322,0.071980283,3.0482712,0.12542501,0.018828698,0.99192441,0
-0.71644908,-0.16227454,-1.5598974,-0.74797738,-0.65504062,0.10701282,0
-0.12853938,-0.57311249,0.072809815,-0.74797738,-0.65504062,0.10701282,0
0.12841608,0.37758052,-1.8820945,0.74797738,0.65504062,-0.10701282,0
0.33426028,0.24596515,-1.1854583,0.74797738,0.65504062,-0.10701282,0
-0.5203011,0.17616987,-2.864588,-0.12542501,-0.018828698,-0.99192441,0
0.59569514,0.18470219,1.1201038,0.74797738,0.65504062,-0.10701282,0
-0.095862173,0.083508238,-3.1116498,-0.12542501,-0.018828698,-0.99192441,0
-0.13945647,0.3172304,-3.1073816,-0.12542501,-0.018828698,-0.99192441,0
-0.20750535,0.096554548,-2.9953132,-0.12542501,-0.018828698,-0.99192441,0
0.48146278,-0.15473023,-2.2444754,0.74797738,0.65504062,-0.10701282,0
-0.54841101,0.051044315,0.98366398,-0.6517657,0.75535905,0.068075024,0
-0.63366258,0.13585033,-0.55503148,-0.6517657,0.75535905,0.068075024,0
0.098984815,-0.55418414,1.1699288,0.6517657,-0.75535905,-0.068075024,0
-0.45395559,-0.75474089,-2.9597719,-0.12542501,-0.018828698,-0.99192441,0
-0.15535694,-0.54514813,-0.1624705,-0.74797738,-0.65504062,0.10701282,0
0.21093094,-0.60404795,0.80520523,0.6517657,-0.75535905,-0.068075024,0
0.18193176,-0.20397183,-2.8631029,0.6517657,-0.75535905,-0.068075024,0
0.34919703,0.27808392,-0.015618277,0.74797738,0.65504062,-0.10701282,0
0.39270908,0.20363498,2.8783619,0.12542501,0.018828698,0.99192441,0
-0.8062129,0.24358718,-1.7067665,-0.6517657,0.75535905,0.068075024,0
0.32629386,-0.52870101,2.6854286,0.6517657,-0.75535905,-0.068075024,0
0.22921227,0.073126562,-2.8012073,0.74797738,0.65504062,-0.10701282,0
0.28165817,0.20393316,-1.4985877,0.74797738,0.65504062,-0.10701282,0
-0.29966515,0.18417904,2.7817693,-0.6517657,0.75535905,0.068075024,0
0.67814982,0.43642652,2.1715767,0.74797738,0.65504062,-0.10701282,0
0.32473907,-0.55220962,2.5327933,0.6517657,-0.75535905,-0.068075024,0
-0.7964403,0.22553594,-2.8782101,-0.12542501,-0.018828698,-0.99192441,0
1.0002432,0.046999335,2.9328938,0.12542501,0.018828698,0.99192441,0
-0.59158164,-0.027581885,-2.9730573,-0.12542501,-0.018828698,-0.99192441,0
0.80616003,-0.24421245,2.8414474,0.6517657,-0.75535905,-0.068075024,0
-0.27963558,-0.69769675,-1.8343532,0.6517657,-0.75535905,-0.068075024,0
0.05815275,0.22378902,-2.0666397,0.74797738,0.65504062,-0.10701282,0
1.0425152,0.101325,2.5376227,0.6517657,-0.75535905,-0.068075024,0
-0.13184705,-0.089578301,3.1019266,0.12542501,0.018828698,0.99192441,0
0.045419708,0.69574237,-0.51421732,0.74797738,0.65504062,-0.10701282,0
0.34496808,-0.59754765,2.2803321,0.6517657,-0.75535905,-0.068075024,0
-0.13339137,-0.42524174,-3.010366,-0.12542501,-0.018828698,-0.99192441,0
-0.46329287,-0.2625896,-3.0033836,-0.12542501,-0.018828698,-0.99192441,0
0.76087165,0.094739586,2.9298193,0.12542501,0.018828698,0.99192441,0
0.5826425,-0.080198102,-0.38644245,0.6517657,-0.75535905,-0.068075024,0
0.59044796,-0.3486701,2.9474738,0.12542501,0.018828698,0.99192441,0
-0.019938275,0.32733524,3.0365672,0.12542501,0.018828698,0.99192441,0
-0.68797952,0.31172407,-2.9903798,-0.12542501,-0.018828698,-0.99192441,0
0.94762665,-0.0023611635,2.8768482,0.12542501,0.018828698,0.99192441,0
-0.1158704,-0.64701432,-1.055722,0.6517657,-0.75535905,-0.068075024,0
0.43705145,-0.14733627,-0.28978717,0.6517657,-0.75535905,-0.068075024,0
0.20400946,0.34149963,-1.5612643,0.74797738,0.65504062,-0.10701282,0
0.071526706,0.24499449,-2.2364199,0.74797738,0.65504062,-0.10701282,0
0.63418931,0.32784525,2.9984326,0.12542501,0.018828698,0.99192441,0
