0.41315252,-0.52357167,-0.052081436,0.28247136,-0.78343076,0.55357587,0
3.8142641,-0.90283936,-2.9789753,0.75612891,-0.1732851,-0.6310637,0
0.29912913,0.48940122,-0.059747279,0.59032112,0.5968321,0.54342651,0
3.6187894,-0.52885431,-3.5128841,0.75612891,-0.1732851,-0.6310637,0
-0.030061319,0.26238972,-0.67621982,-0.28247136,0.78343076,-0.55357587,0
-3.9528096,0.31030363,2.9357729,-0.59032112,-0.5968321,-0.54342651,0
4.2103114,-0.92072642,-2.68258,0.75612891,-0.1732851,-0.6310637,0
2.2970347,-0.5082981,-2.7243736,-0.28247136,0.78343076,-0.55357587,0
-3.4030883,0.92756689,3.4501553,-0.75612891,0.1732851,0.6310637,0
-3.8676991,0.62225056,3.0746467,-0.75612891,0.1732851,0.6310637,0
3.5123808,-1.1530899,-3.5251236,0.75612891,-0.1732851,-0.6310637,0
3.3770757,-0.93368959,-3.5198984,-0.59032112,-0.5968321,-0.54342651,0
-1.6872509,0.59813052,0.76775384,-0.28247136,0.78343076,-0.55357587,0
-2.8978693,1.0208315,2.112999,-0.28247136,0.78343076,-0.55357587,0
3.7821407,-1.2747205,-3.0861242,0.75612891,-0.1732851,-0.6310637,0
0.73851216,0.53737539,-0.51022166,0.59032112,0.5968321,0.54342651,0
0.59144706,-0.53523093,-0.023830354,0.28247136,-0.78343076,0.55357587,0
0.34128535,-0.043157607,-1.0123764,-0.28247136,0.78343076,-0.55357587,0
3.9995201,-0.54885709,-2.9111838,0.75612891,-0.1732851,-0.6310637,0
-3.4520435,0.72411406,3.7023807,-0.75612891,0.1732851,0.6310637,0
-2.2425749,-0.13635799,1.5943713,-0.59032112,-0.5968321,-0.54342651,0
3.5906069,-1.3534827,-3.2892048,0.75612891,-0.1732851,-0.6310637,0
0.13108055,-0.27406621,-0.59721994,-0.59032112,-0.5968321,-0.54342651,0
-0.52009803,0.24982512,-0.38517433,-0.28247136,0.78343076,-0.55357587,0
1.172652,-0.83337235,-1.3947008,-0.59032112,-0.5968321,-0.54342651,0
3.8307748,-0.45236999,-3.2676797,0.75612891,-0.1732851,-0.6310637,0
4.0841403,-0.66600931,-2.727463,0.75612891,-0.1732851,-0.6310637,0
0.24264991,0.7252605,-0.10629337,0.59032112,0.5968321,0.54342651,0
-3.4062428,0.71068841,3.7090931,0.28247136,-0.78343076,0.55357587,0
3.7582343,-1.2163813,-2.7982111,0.28247136,-0.78343076,0.55357587,0
0.8430503,-0.33893263,-0.016092896,0.28247136,-0.78343076,0.55357587,0
0.80989164,-0.8202523,-0.79015946,0.28247136,-0.78343076,0.55357587,0
-2.045409,1.2393582,1.8699476,-0.28247136,0.78343076,-0.55357587,0
3.8670716,-0.60200721,-2.9893444,0.75612891,-0.1732851,-0.6310637,0
0.9326874,-0.58440518,-0.2201196,0.28247136,-0.78343076,0.55357587,0
-2.4421206,-0.026772261,1.8406227,-0.59032112,-0.5968321,-0.54342651,0
-3.9664755,0.52261645,2.9377899,-0.75612891,0.1732851,0.6310637,0
1.7784595,-0.46019709,-2.5017209,-0.59032112,-0.5968321,-0.54342651,0
-0.33317673,0.40853453,-0.064223751,-0.28247136,0.78343076,-0.55357587,0
-0.23998019,0.58993632,0.61624312,0.59032112,0.5968321,0.54342651,0
-0.85144377,-0.16594613,1.1972051,0.28247136,-0.78343076,0.55357587,0
-1.1567736,-0.19224185,0.48674339,-0.59032112,-0.5968321,-0.54342651,0
2.3923433,-1.2075055,-2.1017015,-0.59032112,-0.5968321,-0.54342651,0
-0.004525803,0.61742407,0.073203295,0.59032112,0.5968321,0.54342651,0
-3.7005458,0.9704144,3.2997966,-0.75612891,0.1732851,0.6310637,0
-3.8719306,0.59847528,3.1219187,-0.75612891,0.1732851,0.6310637,0
-2.3005979,0.37868512,2.7544181,0.28247136,-0.78343076,0.55357587,0
-2.4870586,0.27861351,1.404441,-0.59032112,-0.5968321,-0.54342651,0
-3.0926757,1.481405,2.6101134,-0.28247136,0.78343076,-0.55357587,0
-3.6734362,1.4480655,3.0792892,-0.75612891,0.1732851,0.6310637,0
-0.31458062,-0.22087668,0.76284873,0.28247136,-0.78343076,0.55357587,0
2.6989322,-0.012564301,-2.0268576,0.59032112,0.5968321,0.54342651,0
-3.5863667,1.4458424,3.1818731,-0.75612891,0.1732851,0.6310637,0
1.6796602,-0.026777983,-1.7202697,-0.28247136,0.78343076,-0.55357587,0
2.0719757,-0.47141549,-2.4715133,-0.59032112,-0.5968321,-0.54342651,0
0.72739661,0.42222583,-0.76502579,-0.28247136,0.78343076,-0.55357587,0
3.6234128,-0.81565863,-3.3843284,0.75612891,-0.1732851,-0.6310637,0
1.7160944,-0.45645303,-0.68565881,0.28247136,-0.78343076,0.55357587,0
3.3621407,-1.1942567,-3.320785,-0.59032112,-0.5968321,-0.54342651,0
2.8464146,-1.1699656,-2.1239343,0.28247136,-0.78343076,0.55357587,0
-1.8615741,0.20901999,0.99655008,-0.59032112,-0.5968321,-0.54342651,0
-1.9488006,1.0377507,1.6093386,-0.28247136,0.78343076,-0.55357587,0
1.1169512,-0.89140964,-1.3018705,-0.59032112,-0.5968321,-0.54342651,0
0.039256126,0.64495474,0.22307156,0.59032112,0.5968321,0.54342651,0
4.0670075,-1.0851945,-2.8079872,0.75612891,-0.1732851,-0.6310637,0
3.9551361,-0.13971895,-3.1452074,0.75612891,-0.1732851,-0.6310637,0
-3.8464181,0.78889674,3.172379,-0.75612891,0.1732851,0.6310637,0
-2.5784528,0.44185656,2.7501612,0.28247136,-0.78343076,0.55357587,0
3.6285496,-0.89153916,-3.2039919,0.75612891,-0.1732851,-0.6310637,0
-3.524184,1.2104185,3.2875905,-0.75612891,0.1732851,0.6310637,0
2.1513388,-1.147646,-1.644529,0.28247136,-0.78343076,0.55357587,0
-3.9121113,0.7424559,3.0104046,-0.75612891,0.1732851,0.6310637,0
-3.448863,0.8898918,3.6585493,-0.75612891,0.1732851,0.6310637,0
-3.5772977,0.6590547,3.3848047,-0.75612891,0.1732851,0.6310637,0
1.593127,-0.14451042,-1.9024733,-0.28247136,0.78343076,-0.55357587,0
-0.073861912,0.72413057,0.16346723,-0.28247136,0.78343076,-0.55357587,0
-3.915395,1.1111125,2.8258014,-0.75612891,0.1732851,0.6310637,0
4.1026611,-0.84512675,-2.6697845,0.75612891,-0.1732851,-0.6310637,0
3.8470113,-0.70430273,-3.1065454,0.75612891,-0.1732851,-0.6310637,0
3.5610149,-0.91755641,-3.4922097,0.75612891,-0.1732851,-0.6310637,0
1.7828718,-0.89194906,-2.050261,-0.59032112,-0.5968321,-0.54342651,0
3.7944853,-1.3198812,-3.1584644,0.75612891,-0.1732851,-0.6310637,0
-3.5517483,0.59513402,3.6435928,-0.75612891,0.1732851,0.6310637,0
3.8984137,-0.70602334,-3.0403786,0.75612891,-0.1732851,-0.6310637,0
-4.1382809,0.85410428,2.8745008,-0.75612891,0.1732851,0.6310637,0
-3.468293,1.0073853,3.3715906,-0.75612891,0.1732851,0.6310637,0
-3.8046494,0.81257868,3.1853161,-0.75612891,0.1732851,0.6310637,0
1.5193512,-0.039540321,-0.61839634,0.59032112,0.5968321,0.54342651,0
2.3767681,-0.11541069,-1.6443522,0.59032112,0.5968321,0.54342651,0
-4.0978227,0.77891612,2.951498,-0.75612891,0.1732851,0.6310637,0
3.9671025,-0.25785023,-3.0403426,0.75612891,-0.1732851,-0.6310637,0
2.3619359,-0.41368401,-2.8013592,-0.28247136,0.78343076,-0.55357587,0
0.71071661,0.11186573,-0.046299055,0.59032112,0.5968321,0.54342651,0
1.8073692,-0.55692589,-2.4170346,-0.59032112,-0.5968321,-0.54342651,0
-3.3923814,1.2534033,2.6762171,-0.28247136,0.78343076,-0.55357587,0
1.2336346,0.23679271,-0.85500103,0.59032112,0.5968321,0.54342651,0
3.9773104,-0.95173311,-3.0431223,0.75612891,-0.1732851,-0.6310637,0
-0.54807746,-0.077493913,-0.32492584,-0.59032112,-0.5968321,-0.54342651,0
-4.0752172,0.45889068,2.9044042,-0.75612891,0.1732851,0.6310637,0
2.3288691,0.10314834,-1.6167943,0.59032112,0.5968321,0.54342651,0
1.2359167,-0.93122369,-1.2221828,-0.59032112,-0.5968321,-0.54342651,0
4.0727034,-0.57476318,-2.930764,0.75612891,-0.1732851,-0.6310637,0
-3.6679363,0.70242143,3.2881403,-0.75612891,0.1732851,0.6310637,0
1.0536892,-0.44310614,-0.33184275,0.28247136,-0.78343076,0.55357587,0
3.8926549,-1.0968318,-3.0473828,0.75612891,-0.1732851,-0.6310637,0
1.1808392,-0.02500093,-0.48683423,0.59032112,0.5968321,0.54342651,0
0.59882241,-0.36058229,0.070488006,0.28247136,-0.78343076,0.55357587,0
-2.1409104,0.79803997,1.1857258,-0.28247136,0.78343076,-0.55357587,0
1.5283463,-0.33300966,-2.1116796,-0.59032112,-0.5968321,-0.54342651,0
0.11621961,0.45678437,-0.44281158,-0.28247136,0.78343076,-0.55357587,0
1.7891814,0.036530048,-1.1831208,0.59032112,0.5968321,0.54342651,0
3.5293543,-0.37034613,-3.1219621,-0.28247136,0.78343076,-0.55357587,0
-3.9945111,0.1252957,3.2268109,-0.75612891,0.1732851,0.6310637,0
-3.8185382,1.1407636,3.0034938,-0.75612891,0.1732851,0.6310637,0
3.632237,-0.50915319,-3.3243141,0.75612891,-0.1732851,-0.6310637,0
0.67894113,-0.25774089,0.33069211,0.28247136,-0.78343076,0.55357587,0
-2.857178,1.2565418,2.7559056,0.59032112,0.5968321,0.54342651,0
2.3617477,-0.22558284,-2.4573984,-0.28247136,0.78343076,-0.55357587,0
-1.712718,-0.20312048,1.5814023,0.28247136,-0.78343076,0.55357587,0
-0.31947526,-0.55578643,0.28877547,0.28247136,-0.78343076,0.55357587,0
3.8462219,-0.73357797,-3.0402522,0.75612891,-0.1732851,-0.6310637,0
-0.41295785,0.77261436,0.69126993,0.59032112,0.5968321,0.54342651,0
2.6747761,-0.66954899,-3.17958,-0.59032112,-0.5968321,-0.54342651,0
-3.8431377,0.66776383,2.4188612,-0.59032112,-0.5968321,-0.54342651,0
1.5232133,0.050964236,-0.71110559,0.59032112,0.5968321,0.54342651,0
0.91526431,-0.07750231,-0.17191231,0.59032112,0.5968321,0.54342651,0
2.017545,-0.35527146,-0.94805497,0.59032112,0.5968321,0.54342651,0
-3.2616682,0.89371175,2.0082545,-0.28247136,0.78343076,-0.55357587,0
-3.8843079,0.19626296,3.244056,0.28247136,-0.78343076,0.55357587,0
2.1362951,-0.23989516,-1.245028,0.59032112,0.5968321,0.54342651,0
-0.569498,0.53964484,0.12572843,-0.28247136,0.78343076,-0.55357587,0
-3.9024992,1.0787909,2.570606,-0.28247136,0.78343076,-0.55357587,0
-3.6075125,0.95102775,3.1886163,-0.75612891,0.1732851,0.6310637,0
2.910989,-1.1263993,-2.9391026,-0.59032112,-0.5968321,-0.54342651,0
-3.7236803,1.261842,3.2714841,-0.75612891,0.1732851,0.6310637,0
-0.036932826,0.024433099,0.79667485,0.59032112,0.5968321,0.54342651,0
3.8528852,-0.92890584,-3.1919961,0.75612891,-0.1732851,-0.6310637,0
-0.77756679,-0.060642041,1.1793039,0.28247136,-0.78343076,0.55357587,0
-0.9810344,0.066162914,0.11605319,-0.59032112,-0.5968321,-0.54342651,0
0.33573681,-0.62130594,-0.49704456,-0.59032112,-0.5968321,-0.54342651,0
-0.95899534,0.23628497,0.013507515,-0.28247136,0.78343076,-0.55357587,0
3.6307077,-0.97059733,-3.4327924,0.75612891,-0.1732851,-0.6310637,0
-4.1016326,0.77880156,2.7441082,-0.75612891,0.1732851,0.6310637,0
2.2121837,-1.164623,-2.0665979,-0.59032112,-0.5968321,-0.54342651,0
0.3010242,0.38886905,-0.48609459,-0.28247136,0.78343076,-0.55357587,0
2.6035109,-0.42616475,-2.8581877,-0.28247136,0.78343076,-0.55357587,0
3.4546647,-1.1337204,-3.487699,0.75612891,-0.1732851,-0.6310637,0
0.41547483,0.63755441,-0.048156928,0.59032112,0.5968321,0.54342651,0
3.5608048,-0.49922359,-2.3906057,0.59032112,0.5968321,0.54342651,0
0.81986821,0.33456212,-0.42416996,0.59032112,0.5968321,0.54342651,0
3.5294752,-0.64270103,-2.2492883,0.59032112,0.5968321,0.54342651,0
-1.067899,0.47318184,1.459928,0.59032112,0.5968321,0.54342651,0
-0.57949948,-0.053462282,-0.36230856,-0.59032112,-0.5968321,-0.54342651,0
-3.983742,0.53003526,2.9115491,-0.75612891,0.1732851,0.6310637,0
3.8832436,-1.2737763,-2.9910426,0.75612891,-0.1732851,-0.6310637,0
4.093082,-0.66168952,-2.9309411,0.75612891,-0.1732851,-0.6310637,0
-3.944756,0.65573686,2.8834252,-0.75612891,0.1732851,0.6310637,0
-2.7614045,-0.094024897,2.2836704,-0.59032112,-0.5968321,-0.54342651,0
3.5877314,-0.85144955,-3.4377871,0.75612891,-0.1732851,-0.6310637,0
-2.3266754,0.90996504,1.4490341,-0.28247136,0.78343076,-0.55357587,0
3.4631691,-1.212034,-3.3437743,0.75612891,-0.1732851,-0.6310637,0
-3.2821822,0.38036764,2.3991473,-0.59032112,-0.5968321,-0.54342651,0
1.5619369,-0.11197382,-2.0217681,-0.28247136,0.78343076,-0.55357587,0
-1.3778653,0.89974123,1.3301418,0.59032112,0.5968321,0.54342651,0
-1.6412048,0.68976873,0.78760606,-0.28247136,0.78343076,-0.55357587,0
-3.8779292,1.0042944,3.1454811,-0.75612891,0.1732851,0.6310637,0
1.575794,-1.0985931,-1.6034569,-0.59032112,-0.5968321,-0.54342651,0
0.64539415,-0.091135539,-1.2042282,-0.28247136,0.78343076,-0.55357587,0
3.4307294,-0.30195028,-2.4259877,0.59032112,0.5968321,0.54342651,0
0.079912022,0.30365136,-0.60747212,-0.28247136,0.78343076,-0.55357587,0
-3.8441803,1.3011185,2.9981518,-0.75612891,0.1732851,0.6310637,0
-2.2409556,-0.21839997,1.9090312,0.28247136,-0.78343076,0.55357587,0
3.0080593,-0.4521392,-3.1857228,-0.28247136,0.78343076,-0.55357587,0
-1.90712,0.26387566,0.9975366,-0.59032112,-0.5968321,-0.54342651,0
-3.4700179,0.95910358,2.1377525,-0.28247136,0.78343076,-0.55357587,0
1.7968987,0.17129162,-1.560066,-0.28247136,0.78343076,-0.55357587,0
3.6811919,-1.2601744,-3.2566214,0.75612891,-0.1732851,-0.6310637,0
3.5724382,-1.1250596,-3.397752,0.75612891,-0.1732851,-0.6310637,0
4.0745502,-0.77715671,-2.5463624,0.59032112,0.5968321,0.54342651,0
-4.0808325,0.60271168,2.8116629,-0.75612891,0.1732851,0.6310637,0
2.5916934,-1.2367573,-2.5015566,-0.59032112,-0.5968321,-0.54342651,0
-3.6068764,1.2741942,3.2712409,-0.75612891,0.1732851,0.6310637,0
-0.45532036,0.63047755,0.15493715,-0.28247136,0.78343076,-0.55357587,0
1.9542927,0.119261,-1.7495556,-0.28247136,0.78343076,-0.55357587,0
0.48377678,-0.27784434,-1.1323353,-0.59032112,-0.5968321,-0.54342651,0
-2.999517,0.68118227,3.5334635,0.28247136,-0.78343076,0.55357587,0
-0.48436302,-0.24912134,0.61788756,0.28247136,-0.78343076,0.55357587,0
-3.6549237,0.83299607,3.4325347,-0.75612891,0.1732851,0.6310637,0
3.8433483,-0.80747211,-3.1974549,0.75612891,-0.1732851,-0.6310637,0
3.1087112,-0.70947951,-3.5168297,-0.28247136,0.78343076,-0.55357587,0
3.0064061,-0.47795242,-3.0688837,-0.28247136,0.78343076,-0.55357587,0
-1.1865678,0.85037458,1.0532969,-0.28247136,0.78343076,-0.55357587,0
4.0868468,-0.75055909,-2.8513229,0.75612891,-0.1732851,-0.6310637,0
-3.3976464,1.0189743,2.4496038,-0.28247136,0.78343076,-0.55357587,0
3.5616581,-0.88586807,-2.0636258,0.28247136,-0.78343076,0.55357587,0
-3.7032931,0.43165737,3.3455555,-0.75612891,0.1732851,0.6310637,0
-3.9226143,0.53515148,3.057303,-0.75612891,0.1732851,0.6310637,0
1.6228719,-0.97774041,-1.5002124,-0.59032112,-0.5968321,-0.54342651,0
-2.5553958,1.188225,2.1288567,-0.28247136,0.78343076,-0.55357587,0
-2.0064354,1.1669893,1.7290756,0.59032112,0.5968321,0.54342651,0
3.8324983,-1.0375137,-2.9867778,0.75612891,-0.1732851,-0.6310637,0
-2.4816878,0.77562368,1.6227286,-0.28247136,0.78343076,-0.55357587,0
-3.7922506,0.71996844,3.1946101,-0.75612891,0.1732851,0.6310637,0
3.7145846,-0.88524044,-3.1207881,0.75612891,-0.1732851,-0.6310637,0
-2.2447233,0.2341181,2.5596981,0.28247136,-0.78343076,0.55357587,0
-3.0186138,1.4158874,2.5080447,-0.28247136,0.78343076,-0.55357587,0
-0.58507848,0.32849735,-0.32010984,-0.28247136,0.78343076,-0.55357587,0
3.3793044,-0.59488791,-3.5157876,-0.28247136,0.78343076,-0.55357587,0
-1.4478812,0.65967333,0.89288729,-0.28247136,0.78343076,-0.55357587,0
-3.860131,1.3009702,3.098171,-0.75612891,0.1732851,0.6310637,0
-3.3148642,0.34990281,2.4229963,-0.59032112,-0.5968321,-0.54342651,0
3.3023145,-0.66795874,-3.4447618,-0.28247136,0.78343076,-0.55357587,0
3.8297212,-1.1004356,-2.9251666,0.75612891,-0.1732851,-0.6310637,0
3.8676391,-1.013829,-3.0208135,0.75612891,-0.1732851,-0.6310637,0
3.0186706,-0.73628372,-1.6485927,0.28247136,-0.78343076,0.55357587,0
0.11368608,0.13487177,-0.6567651,-0.28247136,0.78343076,-0.55357587,0
0.221158,0.09393362,0.40962502,0.59032112,0.5968321,0.54342651,0
4.0575929,-0.8085736,-2.7856209,0.75612891,-0.1732851,-0.6310637,0
-3.7458997,0.72970194,3.2860451,-0.75612891,0.1732851,0.6310637,0
4.0444326,-0.57248998,-3.0605769,0.75612891,-0.1732851,-0.6310637,0
1.0075232,0.32789376,-0.46748742,0.59032112,0.5968321,0.54342651,0
-2.277235,1.2518029,1.865268,-0.28247136,0.78343076,-0.55357587,0
-0.75532746,0.18325603,-0.19290277,-0.28247136,0.78343076,-0.55357587,0
-3.7792377,0.65686971,3.30864,-0.75612891,0.1732851,0.6310637,0
-1.6226751,0.32153839,2.0631328,0.28247136,-0.78343076,0.55357587,0
-2.19875,0.55937409,0.92023677,-0.28247136,0.78343076,-0.55357587,0
-0.027676418,0.57369161,0.40704218,0.59032112,0.5968321,0.54342651,0
-0.0071350336,-0.27793255,0.61596239,0.28247136,-0.78343076,0.55357587,0
1.8486457,-0.79865777,-1.0256834,0.28247136,-0.78343076,0.55357587,0
-3.3440726,0.22411555,3.02244,0.28247136,-0.78343076,0.55357587,0
3.4276021,-0.82569844,-3.5579782,0.75612891,-0.1732851,-0.6310637,0
0.65379167,-0.63387215,-1.0254972,-0.59032112,-0.5968321,-0.54342651,0
1.5011941,-0.73804706,-1.8233575,-0.59032112,-0.5968321,-0.54342651,0
-3.2608762,0.72440261,3.5349505,0.28247136,-0.78343076,0.55357587,0
-3.9799726,0.61772895,3.0393157,-0.75612891,0.1732851,0.6310637,0
3.8135355,-0.39810407,-3.2843378,0.75612891,-0.1732851,-0.6310637,0
-2.7611439,0.33343315,1.5727155,-0.59032112,-0.5968321,-0.54342651,0
-0.72424036,-0.14182343,-0.14356367,-0.59032112,-0.5968321,-0.54342651,0
3.9611235,-0.27791786,-3.0849612,0.75612891,-0.1732851,-0.6310637,0
3.9972565,-0.48067701,-3.109046,0.75612891,-0.1732851,-0.6310637,0
3.7508781,-0.24611396,-3.2513943,0.75612891,-0.1732851,-0.6310637,0
-3.6137288,1.0050391,3.2535233,-0.75612891,0.1732851,0.6310637,0
-2.8061929,1.0658486,2.726903,0.59032112,0.5968321,0.54342651,0
-2.0470908,-0.16294187,1.6525421,0.28247136,-0.78343076,0.55357587,0
-3.8268738,0.42143917,3.2631216,-0.75612891,0.1732851,0.6310637,0
0.51973003,-0.79574174,-0.52622509,0.28247136,-0.78343076,0.55357587,0
-3.6233258,0.54849577,3.5369039,-0.75612891,0.1732851,0.6310637,0
0.20188124,-0.078923844,-1.0779326,-0.28247136,0.78343076,-0.55357587,0
-3.691577,0.8016057,3.4085734,-0.75612891,0.1732851,0.6310637,0
-3.6898472,0.71193922,3.3115463,-0.75612891,0.1732851,0.6310637,0
-0.63050628,-0.12543094,0.051453292,-0.59032112,-0.5968321,-0.54342651,0
-1.7516867,-0.13853484,1.0574113,-0.59032112,-0.5968321,-0.54342651,0
2.8168354,-1.1637423,-2.6844816,-0.59032112,-0.5968321,-0.54342651,0
3.6317785,-1.2997788,-3.0845709,0.75612891,-0.1732851,-0.6310637,0
1.0487583,-0.64647043,-0.45855093,0.28247136,-0.78343076,0.55357587,0
-1.7838889,0.89531022,1.2206364,-0.28247136,0.78343076,-0.55357587,0
3.5157838,-0.13876337,-2.6093953,0.59032112,0.5968321,0.54342651,0
-0.81308138,-0.18796651,0.34860158,-0.59032112,-0.5968321,-0.54342651,0
3.8895764,-1.2601335,-2.8507452,0.75612891,-0.1732851,-0.6310637,0
2.8545885,-1.210124,-2.5459123,-0.59032112,-0.5968321,-0.54342651,0
3.1080284,-1.0654445,-2.1712856,0.28247136,-0.78343076,0.55357587,0
-1.2893273,0.76062316,0.8360728,-0.28247136,0.78343076,-0.55357587,0
-3.6811838,0.49276841,3.228282,-0.75612891,0.1732851,0.6310637,0
-0.033871919,0.59370995,-0.0225247,-0.28247136,0.78343076,-0.55357587,0
-2.5299897,0.56098348,2.8637021,0.28247136,-0.78343076,0.55357587,0
1.8609239,-0.32353282,-0.66675949,0.59032112,0.5968321,0.54342651,0
1.0698106,-0.70973241,-0.52659166,0.28247136,-0.78343076,0.55357587,0
1.8992414,-1.1288311,-1.6988022,0.28247136,-0.78343076,0.55357587,0
0.97950029,-0.1967589,0.13705173,0.59032112,0.5968321,0.54342651,0
-2.7007496,0.34421122,1.5872574,-0.59032112,-0.5968321,-0.54342651,0
-1.3806965,0.59506869,0.76508379,-0.28247136,0.78343076,-0.55357587,0
3.3255489,-0.24638987,-3.0412478,-0.28247136,0.78343076,-0.55357587,0
1.5790768,-0.46419296,-0.69346708,0.28247136,-0.78343076,0.55357587,0
-2.737813,0.73304456,3.1825771,0.59032112,0.5968321,0.54342651,0
-4.1353807,1.0618086,2.7679682,-0.75612891,0.1732851,0.6310637,0
-3.4691577,0.84927028,3.5013447,-0.75612891,0.1732851,0.6310637,0
3.7518079,-0.4357115,-2.7308869,0.59032112,0.5968321,0.54342651,0
0.26633403,-0.11728464,0.57861626,0.28247136,-0.78343076,0.55357587,0
0.19904818,-0.073017418,-0.96788174,-0.59032112,-0.5968321,-0.54342651,0
0.69707441,-0.73644894,-1.0318074,-0.59032112,-0.5968321,-0.54342651,0
-3.6927171,1.1541214,3.058517,-0.75612891,0.1732851,0.6310637,0
-3.5990555,1.1701357,3.1529775,-0.75612891,0.1732851,0.6310637,0
-2.6519532,0.46914262,2.8789937,0.28247136,-0.78343076,0.55357587,0
3.7424102,-1.046265,-2.9951491,0.75612891,-0.1732851,-0.6310637,0
1.5214466,-0.95308667,-1.6587844,-0.59032112,-0.5968321,-0.54342651,0
-1.6827199,0.52228439,0.78249615,-0.28247136,0.78343076,-0.55357587,0
-3.6742549,1.3446699,3.026341,-0.75612891,0.1732851,0.6310637,0
-2.2259865,0.18717784,2.3554769,0.28247136,-0.78343076,0.55357587,0
3.7954843,-0.61226994,-3.353833,0.75612891,-0.1732851,-0.6310637,0
1.5736606,0.31706372,-1.1156535,-0.28247136,0.78343076,-0.55357587,0
-3.9825356,0.82490492,2.7909851,-0.75612891,0.1732851,0.6310637,0
-1.8983471,0.4485105,2.4406099,0.28247136,-0.78343076,0.55357587,0
-0.54439139,0.3982051,1.0460058,0.59032112,0.5968321,0.54342651,0
-0.39978814,-0.38637519,0.021934839,-0.59032112,-0.5968321,-0.54342651,0
-1.5039603,-0.24603871,1.1750393,0.28247136,-0.78343076,0.55357587,0
-3.9882379,0.66025662,2.7031908,-0.59032112,-0.5968321,-0.54342651,0
-3.9117422,0.54389191,2.7080832,-0.59032112,-0.5968321,-0.54342651,0
-3.6820691,0.60818559,3.2639546,-0.75612891,0.1732851,0.6310637,0
4.0220003,-0.66334343,-3.0095296,0.75612891,-0.1732851,-0.6310637,0
0.50602508,0.16330843,-0.89218199,-0.28247136,0.78343076,-0.55357587,0
-2.5313601,0.72771251,2.9556246,0.59032112,0.5968321,0.54342651,0
-3.7768974,0.58108616,3.1375546,-0.75612891,0.1732851,0.6310637,0
-1.3498787,0.43910778,1.8949854,0.59032112,0.5968321,0.54342651,0
-0.39083099,-0.33862218,-0.22629949,-0.59032112,-0.5968321,-0.54342651,0
0.57938099,0.061123431,-1.0141077,-0.28247136,0.78343076,-0.55357587,0
-2.9317815,1.3535039,2.4567094,0.59032112,0.5968321,0.54342651,0
3.6163487,-0.73204821,-3.3706474,0.75612891,-0.1732851,-0.6310637,0
-1.7827036,0.77742285,1.8219744,0.59032112,0.5968321,0.54342651,0
0.20492414,0.48148787,-0.47987783,-0.28247136,0.78343076,-0.55357587,0
-1.0718442,0.50431013,1.5956316,0.59032112,0.5968321,0.54342651,0
3.5794604,-0.63384557,-3.4247999,0.75612891,-0.1732851,-0.6310637,0
3.1757331,-0.47230434,-3.1640615,-0.28247136,0.78343076,-0.55357587,0
3.7509744,-0.58455843,-3.205883,0.75612891,-0.1732851,-0.6310637,0
0.59457487,0.20016286,-0.9715392,-0.28247136,0.78343076,-0.55357587,0
-1.3385556,1.0269668,1.3370142,0.59032112,0.5968321,0.54342651,0
1.1373627,-0.94845957,-1.0945783,-0.59032112,-0.5968321,-0.54342651,0
-3.782217,0.36338341,3.3009801,-0.75612891,0.1732851,0.6310637,0
1.6220498,-0.85628039,-1.8729081,-0.59032112,-0.5968321,-0.54342651,0
0.88918853,0.21511081,-0.98345065,-0.28247136,0.78343076,-0.55357587,0
-3.4055169,0.9573651,2.3267627,-0.28247136,0.78343076,-0.55357587,0
-3.7039962,1.0839174,3.3441806,-0.75612891,0.1732851,0.6310637,0
1.584412,0.014488518,-0.85451138,0.59032112,0.5968321,0.54342651,0
-2.0900683,0.51017743,2.5061779,0.59032112,0.5968321,0.54342651,0
-3.3140924,0.83665156,3.5928655,0.59032112,0.5968321,0.54342651,0
-3.6135788,1.2165003,3.3536458,-0.75612891,0.1732851,0.6310637,0
-0.90552986,-0.19035149,0.270374,-0.59032112,-0.5968321,-0.54342651,0
3.7099929,-1.1047257,-3.2971873,0.75612891,-0.1732851,-0.6310637,0
1.6215575,-0.051358163,-1.8626995,-0.28247136,0.78343076,-0.55357587,0
-1.6289594,0.15424916,0.63804805,-0.59032112,-0.5968321,-0.54342651,0
-3.7271233,1.2943851,3.0001578,-0.75612891,0.1732851,0.6310637,0
-0.57536089,-0.52475679,0.36953291,-0.59032112,-0.5968321,-0.54342651,0
-1.0715742,-0.48208278,0.645329,0.28247136,-0.78343076,0.55357587,0
-4.055006,0.69363248,2.8292885,-0.75612891,0.1732851,0.6310637,0
3.0492513,-0.23124492,-2.0893493,0.59032112,0.5968321,0.54342651,0
-3.5789912,0.71642333,3.356822,-0.75612891,0.1732851,0.6310637,0
1.2020037,-0.13920078,-1.8512098,-0.28247136,0.78343076,-0.55357587,0
-2.4487472,0.22309774,2.4451051,0.28247136,-0.78343076,0.55357587,0
-3.7804117,1.133054,3.2074616,-0.75612891,0.1732851,0.6310637,0
-3.9513614,0.63163096,2.9652133,-0.75612891,0.1732851,0.6310637,0
-3.6556215,1.0373006,2.5900152,-0.28247136,0.78343076,-0.55357587,0
3.6460214,-0.87987828,-2.1274033,0.28247136,-0.78343076,0.55357587,0
-0.070730835,0.12546477,-0.72325706,-0.28247136,0.78343076,-0.55357587,0
-2.1510377,0.026968122,1.5592332,-0.59032112,-0.5968321,-0.54342651,0
3.4966872,-0.69085377,-3.483263,0.75612891,-0.1732851,-0.6310637,0
-3.6877203,0.50361174,3.2543106,-0.75612891,0.1732851,0.6310637,0
3.2673988,-1.2754712,-3.0427432,-0.59032112,-0.5968321,-0.54342651,0
0.74921888,-0.17945141,0.29171896,0.28247136,-0.78343076,0.55357587,0
1.0860418,-0.45335227,-1.4996182,-0.59032112,-0.5968321,-0.54342651,0
2.3949959,-0.86819416,-1.643139,0.28247136,-0.78343076,0.55357587,0
-1.9208403,0.77795833,1.0064275,-0.28247136,0.78343076,-0.55357587,0
-2.2502434,0.80970949,1.5537182,-0.28247136,0.78343076,-0.55357587,0
-2.5952368,0.27781272,2.6007912,0.28247136,-0.78343076,0.55357587,0
-3.6596384,0.54861736,2.5524387,-0.59032112,-0.5968321,-0.54342651,0
3.0729246,-0.62079847,-3.4040918,-0.28247136,0.78343076,-0.55357587,0
2.5490112,0.17025444,-1.9213793,-0.28247136,0.78343076,-0.55357587,0
3.9287696,-0.51037318,-3.0126486,0.75612891,-0.1732851,-0.6310637,0
1.9482965,-0.11169952,-1.2533393,0.59032112,0.5968321,0.54342651,0
0.76541996,-0.73842013,-0.39369628,0.28247136,-0.78343076,0.55357587,0
-1.8218391,1.0666237,1.8580736,0.59032112,0.5968321,0.54342651,0
0.34426478,-0.067252368,-1.0912228,-0.59032112,-0.5968321,-0.54342651,0
-1.6725599,-0.16306046,1.5621231,0.28247136,-0.78343076,0.55357587,0
-1.7365597,0.097022861,1.907069,0.28247136,-0.78343076,0.55357587,0
-3.3009665,1.3838449,3.1161096,0.59032112,0.5968321,0.54342651,0
3.8964317,-0.26710582,-3.1660049,0.75612891,-0.1732851,-0.6310637,0
-3.7787614,0.71357346,3.1262608,-0.75612891,0.1732851,0.6310637,0
-0.30024791,-0.32121316,-0.16075845,-0.59032112,-0.5968321,-0.54342651,0
3.6412053,-0.87145281,-3.1640387,0.75612891,-0.1732851,-0.6310637,0
-2.7046349,0.17357111,2.6001115,0.28247136,-0.78343076,0.55357587,0
-2.9109764,0.55597138,3.2484829,0.28247136,-0.78343076,0.55357587,0
2.3192239,-1.2318304,-1.9571457,0.28247136,-0.78343076,0.55357587,0
3.5125225,-0.85492235,-3.3847136,0.75612891,-0.1732851,-0.6310637,0
2.4411867,-1.2480991,-2.2013311,0.28247136,-0.78343076,0.55357587,0
-0.49699301,0.17811519,1.1822834,0.59032112,0.5968321,0.54342651,0
-2.2325041,1.1044319,2.0197015,0.59032112,0.5968321,0.54342651,0
1.6431875,-0.35230693,-2.2203727,-0.28247136,0.78343076,-0.55357587,0
-4.2081218,0.79830539,2.7820191,-0.75612891,0.1732851,0.6310637,0
-3.2064157,0.049269199,2.454792,-0.59032112,-0.5968321,-0.54342651,0
3.9570832,-0.4976114,-3.1208014,0.75612891,-0.1732851,-0.6310637,0
3.8865819,-1.0702606,-2.9902093,0.75612891,-0.1732851,-0.6310637,0
-3.7302907,0.94761938,3.0417094,-0.75612891,0.1732851,0.6310637,0
3.249455,-1.2442625,-3.0474606,-0.59032112,-0.5968321,-0.54342651,0
2.2941422,-0.69378835,-1.1405039,0.28247136,-0.78343076,0.55357587,0
3.8218277,-0.51496243,-3.0889595,0.75612891,-0.1732851,-0.6310637,0
1.6089319,-0.47536969,-0.66448927,0.28247136,-0.78343076,0.55357587,0
3.8636513,-0.69986284,-3.1877244,0.75612891,-0.1732851,-0.6310637,0
0.044219527,0.37407041,-0.29463011,-0.28247136,0.78343076,-0.55357587,0
-3.974767,0.65723085,2.7619085,-0.59032112,-0.5968321,-0.54342651,0
3.3264394,-0.77023035,-3.6538892,0.75612891,-0.1732851,-0.6310637,0
-0.46000445,0.73372269,0.47313321,-0.28247136,0.78343076,-0.55357587,0
-3.9010003,0.82810509,2.5323024,-0.59032112,-0.5968321,-0.54342651,0
-0.017276898,-0.32046226,-0.52822149,-0.59032112,-0.5968321,-0.54342651,0
0.77451557,0.015040621,-1.1160936,-0.28247136,0.78343076,-0.55357587,0
0.090551823,0.43326807,0.45196053,0.59032112,0.5968321,0.54342651,0
0.428947,-0.33722502,-1.163906,-0.59032112,-0.5968321,-0.54342651,0
-0.3468093,-0.53463298,-0.012857828,-0.59032112,-0.5968321,-0.54342651,0
-3.8062978,0.45302498,3.0807927,-0.75612891,0.1732851,0.6310637,0
1.1169679,-0.69758964,-1.296356,-0.59032112,-0.5968321,-0.54342651,0
3.3691344,-0.76691228,-3.6515875,0.75612891,-0.1732851,-0.6310637,0
2.3609278,-0.32160199,-1.3004971,0.59032112,0.5968321,0.54342651,0
-3.5819483,0.98927528,3.3869455,-0.75612891,0.1732851,0.6310637,0
-2.2038331,0.078952849,1.3743948,-0.59032112,-0.5968321,-0.54342651,0
-3.2737944,0.34769469,2.3621526,-0.59032112,-0.5968321,-0.54342651,0
2.897366,-0.60560584,-3.3402579,-0.28247136,0.78343076,-0.55357587,0
-3.427772,0.85700643,3.6086702,-0.75612891,0.1732851,0.6310637,0
0.98207605,-0.69898182,-0.40962374,0.28247136,-0.78343076,0.55357587,0
3.543834,-0.60172361,-3.4061046,0.75612891,-0.1732851,-0.6310637,0
2.5937481,-0.52744788,-2.8002906,-0.28247136,0.78343076,-0.55357587,0
2.5099111,-0.47427785,-1.3145711,0.59032112,0.5968321,0.54342651,0
-3.2713904,0.73038012,1.812657,-0.59032112,-0.5968321,-0.54342651,0
-1.0215799,0.90612698,0.88904071,-0.28247136,0.78343076,-0.55357587,0
-3.4149003,1.3660074,2.7183599,-0.28247136,0.78343076,-0.55357587,0
-4.1902056,0.98443174,2.7776628,-0.75612891,0.1732851,0.6310637,0
4.0203481,-1.0773606,-2.8342447,0.75612891,-0.1732851,-0.6310637,0
1.3900282,0.0085891485,-0.78101563,0.59032112,0.5968321,0.54342651,0
3.0906188,0.017692387,-2.4098058,-0.28247136,0.78343076,-0.55357587,0
-3.7476716,0.57830745,3.117424,-0.75612891,0.1732851,0.6310637,0
2.7956147,-0.83548272,-3.1763248,-0.59032112,-0.5968321,-0.54342651,0
2.0666561,-0.88665283,-1.4349661,0.28247136,-0.78343076,0.55357587,0
-2.8348842,1.123477,2.5871964,0.59032112,0.5968321,0.54342651,0
-1.5011743,0.32695195,2.0158322,0.28247136,-0.78343076,0.55357587,0
3.6472623,-0.95373404,-3.2572708,0.75612891,-0.1732851,-0.6310637,0
-4.1015983,0.45744324,3.0356731,-0.75612891,0.1732851,0.6310637,0
0.22068027,-0.66629016,-0.57749248,-0.59032112,-0.5968321,-0.54342651,0
-1.7986437,-0.27232265,1.5599246,0.28247136,-0.78343076,0.55357587,0
3.8129601,-0.97698766,-3.1785598,0.75612891,-0.1732851,-0.6310637,0
-0.20102423,0.54509342,0.56063789,0.59032112,0.5968321,0.54342651,0
0.55000252,-0.67957026,-0.37028873,0.28247136,-0.78343076,0.55357587,0
-2.4648178,0.9584586,1.6983861,-0.28247136,0.78343076,-0.55357587,0
0.39916331,-0.74387884,-0.34159347,0.28247136,-0.78343076,0.55357587,0
-3.3413515,1.2937074,2.5771899,-0.28247136,0.78343076,-0.55357587,0
2.1182961,-0.72002822,-2.4845343,-0.59032112,-0.5968321,-0.54342651,0
1.4443462,-0.10659057,-1.6252384,-0.28247136,0.78343076,-0.55357587,0
1.0964441,-0.5297336,-1.507138,-0.59032112,-0.5968321,-0.54342651,0
-3.8254247,1.1895252,2.9699371,-0.75612891,0.1732851,0.6310637,0
-3.5939524,0.53211939,3.5346773,-0.75612891,0.1732851,0.6310637,0
0.51278478,0.53518027,-0.19678497,0.59032112,0.5968321,0.54342651,0
1.9633121,-1.1338239,-1.6492825,-0.59032112,-0.5968321,-0.54342651,0
-2.6802497,1.2438731,2.2219713,-0.28247136,0.78343076,-0.55357587,0
3.8658113,-1.2322627,-2.9777656,0.75612891,-0.1732851,-0.6310637,0
-3.8627307,1.1840472,2.8468542,-0.75612891,0.1732851,0.6310637,0
3.1477034,-0.96199185,-3.3177795,-0.59032112,-0.5968321,-0.54342651,0
4.0524645,-0.6595515,-2.8702762,0.75612891,-0.1732851,-0.6310637,0
0.042879943,0.53114939,-0.27667603,-0.28247136,0.78343076,-0.55357587,0
1.2991786,-0.54637313,-0.55688936,0.28247136,-0.78343076,0.55357587,0
-0.018581629,-0.23463616,0.75412267,0.28247136,-0.78343076,0.55357587,0
3.9860139,-0.49519455,-2.8802299,0.75612891,-0.1732851,-0.6310637,0
-3.9518862,1.2348686,2.9318788,-0.75612891,0.1732851,0.6310637,0
0.37184691,0.28054911,-0.56967986,-0.28247136,0.78343076,-0.55357587,0
3.4749205,-0.7447449,-3.5467761,0.75612891,-0.1732851,-0.6310637,0
-3.6052086,0.70773375,3.3504431,-0.75612891,0.1732851,0.6310637,0
-3.6025681,0.80196375,3.4384937,-0.75612891,0.1732851,0.6310637,0
2.6459804,-0.46145242,-1.4446259,0.59032112,0.5968321,0.54342651,0
-4.0229959,1.0032034,2.9584513,-0.75612891,0.1732851,0.6310637,0
3.030098,-0.67110026,-3.3247576,-0.59032112,-0.5968321,-0.54342651,0
-3.2799158,0.30988932,2.3865714,-0.59032112,-0.5968321,-0.54342651,0
-3.8120708,1.125576,3.1990564,-0.75612891,0.1732851,0.6310637,0
1.9630502,-0.45430893,-2.569047,-0.28247136,0.78343076,-0.55357587,0
-3.7280645,0.67383212,2.2479701,-0.59032112,-0.5968321,-0.54342651,0
0.33254921,-0.51815188,0.037155807,0.28247136,-0.78343076,0.55357587,0
0.58578932,0.43852347,-0.60299432,-0.28247136,0.78343076,-0.55357587,0
-1.2642632,0.13767532,1.5866956,0.28247136,-0.78343076,0.55357587,0
4.0687375,-0.96077514,-2.7109199,0.75612891,-0.1732851,-0.6310637,0
-0.067185894,0.41477558,0.61757171,0.59032112,0.5968321,0.54342651,0
-1.0927887,0.039813519,0.31021225,-0.59032112,-0.5968321,-0.54342651,0
3.4215176,-0.95382154,-3.5992146,0.75612891,-0.1732851,-0.6310637,0
-3.8912344,1.3574334,3.0202105,-0.75612891,0.1732851,0.6310637,0
-2.4162579,0.90038186,2.4769287,0.59032112,0.5968321,0.54342651,0
0.50270462,-0.5821414,-0.042881012,0.28247136,-0.78343076,0.55357587,0
3.6739869,-0.88037884,-3.3137097,0.75612891,-0.1732851,-0.6310637,0
0.02686131,-0.13815361,-0.95063132,-0.59032112,-0.5968321,-0.54342651,0
3.8055391,-1.0259616,-2.9852731,0.75612891,-0.1732851,-0.6310637,0
1.685841,0.086845309,-1.1126723,0.59032112,0.5968321,0.54342651,0
1.3872516,0.37597606,-1.0800688,-0.28247136,0.78343076,-0.55357587,0
-4.1510658,0.94609463,2.8403306,-0.75612891,0.1732851,0.6310637,0
-3.3341203,1.280195,2.5020216,-0.28247136,0.78343076,-0.55357587,0
-1.7768892,0.57920539,0.74611074,-0.28247136,0.78343076,-0.55357587,0
-2.9794166,0.67424279,1.6464883,-0.28247136,0.78343076,-0.55357587,0
3.7950659,-0.80662864,-3.2568259,0.75612891,-0.1732851,-0.6310637,0
1.2885197,0.3161788,-0.69338262,0.59032112,0.5968321,0.54342651,0
0.048457354,0.69821078,0.20255287,0.59032112,0.5968321,0.54342651,0
3.5848873,-1.0511878,-3.4024477,0.75612891,-0.1732851,-0.6310637,0
0.91971225,-0.67613649,-0.55548394,0.28247136,-0.78343076,0.55357587,0
2.6724496,-0.1069144,-2.3655114,-0.28247136,0.78343076,-0.55357587,0
3.4063568,-0.52772528,-2.1448264,0.59032112,0.5968321,0.54342651,0
1.4839659,-0.89576066,-1.2459525,0.28247136,-0.78343076,0.55357587,0
-0.39741474,-0.001135584,1.1240203,0.28247136,-0.78343076,0.55357587,0
2.3384409,-1.0980005,-1.6637424,0.28247136,-0.78343076,0.55357587,0
-0.92579925,0.52450156,0.28966933,-0.28247136,0.78343076,-0.55357587,0
4.0704989,-0.76972902,-2.8227379,0.75612891,-0.1732851,-0.6310637,0
-0.6855728,0.90689898,0.56594157,-0.28247136,0.78343076,-0.55357587,0
3.6992128,-1.2588148,-3.0848966,0.75612891,-0.1732851,-0.6310637,0
-3.7841053,0.47357571,3.3470128,0.28247136,-0.78343076,0.55357587,0
0.36243176,-0.60185838,-0.49830791,-0.59032112,-0.5968321,-0.54342651,0
-2.6746299,-0.034730732,2.3848569,0.28247136,-0.78343076,0.55357587,0
3.620626,-1.2503215,-3.3106503,0.75612891,-0.1732851,-0.6310637,0
-0.39037618,-0.38279656,0.43873209,0.28247136,-0.78343076,0.55357587,0
3.1611786,-1.2496624,-2.9112501,-0.59032112,-0.5968321,-0.54342651,0
1.8678799,-0.36690459,-2.5527716,-0.28247136,0.78343076,-0.55357587,0
3.7424355,-0.23741579,-2.9768863,-0.28247136,0.78343076,-0.55357587,0
2.5338092,-0.80984902,-1.3715199,0.28247136,-0.78343076,0.55357587,0
3.1933601,-0.10062158,-2.4376984,0.59032112,0.5968321,0.54342651,0
3.0748637,-0.40983379,-2.0529056,0.59032112,0.5968321,0.54342651,0
-3.7250571,0.68990225,2.3546107,-0.59032112,-0.5968321,-0.54342651,0
-2.4978976,0.58425313,1.332118,-0.28247136,0.78343076,-0.55357587,0
0.061970025,0.28934604,0.55126321,0.59032112,0.5968321,0.54342651,0
-3.9598427,0.52784735,2.9374566,-0.75612891,0.1732851,0.6310637,0
-3.701216,1.1521016,3.299485,-0.75612891,0.1732851,0.6310637,0
-2.2183208,0.053588688,1.9932238,0.28247136,-0.78343076,0.55357587,0
-3.4366663,0.13929969,2.8102543,-0.59032112,-0.5968321,-0.54342651,0
-0.48006928,0.51190823,0.17074552,-0.28247136,0.78343076,-0.55357587,0
-2.4838352,0.91091973,1.5358529,-0.28247136,0.78343076,-0.55357587,0
-3.9498615,0.36557418,3.0296354,-0.75612891,0.1732851,0.6310637,0
-3.5925472,1.1353168,3.3067002,-0.75612891,0.1732851,0.6310637,0
3.5203784,-1.093318,-3.2830739,0.75612891,-0.1732851,-0.6310637,0
-3.7535253,1.1020341,3.2059469,-0.75612891,0.1732851,0.6310637,0
2.1839173,0.04455623,-1.7805712,-0.28247136,0.78343076,-0.55357587,0
3.7747545,-1.1846378,-3.0147011,0.75612891,-0.1732851,-0.6310637,0
0.26676992,-0.44760936,0.19336246,0.28247136,-0.78343076,0.55357587,0
-0.81177914,0.83968282,0.70506656,-0.28247136,0.78343076,-0.55357587,0
0.59132212,-0.77046472,-0.61189246,-0.59032112,-0.5968321,-0.54342651,0
-3.8408899,0.51676333,3.0926228,-0.75612891,0.1732851,0.6310637,0
3.9993989,-0.6025207,-3.0681109,0.75612891,-0.1732851,-0.6310637,0
3.9816499,-0.59408736,-3.132268,0.75612891,-0.1732851,-0.6310637,0
-4.0888214,0.82356954,2.5364265,-0.59032112,-0.5968321,-0.54342651,0
-0.36828339,0.413701,0.80807543,0.59032112,0.5968321,0.54342651,0
-3.4547467,0.79531193,3.6857116,-0.75612891,0.1732851,0.6310637,0
-1.9542501,0.82726771,2.2534604,0.59032112,0.5968321,0.54342651,0
3.5625331,-0.76364106,-3.583982,0.75612891,-0.1732851,-0.6310637,0
-3.5516689,1.5426936,3.1720591,-0.28247136,0.78343076,-0.55357587,0
-2.2569978,0.0025148988,2.0366771,0.28247136,-0.78343076,0.55357587,0
3.5571604,-0.63946611,-3.4585266,0.75612891,-0.1732851,-0.6310637,0
-3.6977582,0.41094285,3.3822761,-0.75612891,0.1732851,0.6310637,0
-1.3738976,-0.18504573,1.1758713,0.28247136,-0.78343076,0.55357587,0
-3.4679434,0.58295029,3.5081701,0.28247136,-0.78343076,0.55357587,0
3.9619939,-0.77642995,-3.1038275,0.75612891,-0.1732851,-0.6310637,0
1.4704083,-0.16773203,-0.46374774,0.59032112,0.5968321,0.54342651,0
3.3028696,-1.1855379,-3.3129706,-0.59032112,-0.5968321,-0.54342651,0
-3.9539657,0.72737539,2.9791672,-0.75612891,0.1732851,0.6310637,0
3.5406985,-1.4090246,-3.238585,0.75612891,-0.1732851,-0.6310637,0
1.3485335,-0.23854062,-0.41087645,0.59032112,0.5968321,0.54342651,0
-3.9530079,0.42627072,2.9285192,-0.59032112,-0.5968321,-0.54342651,0
3.6133637,-1.4680591,-3.3380933,0.75612891,-0.1732851,-0.6310637,0
1.8700207,0.29087967,-1.254591,0.59032112,0.5968321,0.54342651,0
-2.6033602,0.34291339,2.8702774,0.28247136,-0.78343076,0.55357587,0
0.73618412,-0.27335784,0.0015573502,0.28247136,-0.78343076,0.55357587,0
-3.9383721,0.52169383,2.9630404,-0.75612891,0.1732851,0.6310637,0
2.6784608,-0.80004776,-1.4175042,0.28247136,-0.78343076,0.55357587,0
1.3454959,-0.642223,-0.67271036,0.28247136,-0.78343076,0.55357587,0
1.2516942,0.39961255,-0.99962473,-0.28247136,0.78343076,-0.55357587,0
2.7245545,0.028874099,-2.2870865,-0.28247136,0.78343076,-0.55357587,0
-3.9048507,0.44014513,3.2154803,-0.75612891,0.1732851,0.6310637,0
-4.1573896,0.63923395,2.8024855,-0.75612891,0.1732851,0.6310637,0
3.0334592,-1.2678883,-2.6407413,-0.59032112,-0.5968321,-0.54342651,0
3.8728662,-0.75329429,-2.9188676,0.75612891,-0.1732851,-0.6310637,0
-3.2825825,0.43465805,2.2000718,-0.59032112,-0.5968321,-0.54342651,0
-0.77910429,-0.25434178,1.030724,0.28247136,-0.78343076,0.55357587,0
1.311446,-0.85478336,-1.5293431,-0.59032112,-0.5968321,-0.54342651,0
3.2489016,-1.3221401,-2.864676,-0.59032112,-0.5968321,-0.54342651,0
3.8604548,-0.18628997,-3.2475972,0.75612891,-0.1732851,-0.6310637,0
-3.8702552,1.1566913,2.5812128,-0.28247136,0.78343076,-0.55357587,0
1.7720973,-0.047705978,-1.7847028,-0.28247136,0.78343076,-0.55357587,0
-1.976418,0.36963743,2.264369,0.28247136,-0.78343076,0.55357587,0
-0.058528006,-0.17473304,0.64571178,0.28247136,-0.78343076,0.55357587,0
-3.5152249,1.2554517,3.3366194,-0.75612891,0.1732851,0.6310637,0
-0.99079823,0.72474635,1.3506954,0.59032112,0.5968321,0.54342651,0
-3.6305766,0.41758591,3.3817191,-0.75612891,0.1732851,0.6310637,0
3.9132228,-1.2083696,-3.0492549,0.75612891,-0.1732851,-0.6310637,0
-2.5667791,0.60012442,1.288604,-0.28247136,0.78343076,-0.55357587,0
1.0228745,0.36120355,-0.58874106,0.59032112,0.5968321,0.54342651,0
-2.1783128,0.64129424,2.6097379,0.59032112,0.5968321,0.54342651,0
-2.1433866,0.42997748,0.79177612,-0.59032112,-0.5968321,-0.54342651,0
-3.8328245,0.91906381,3.0501635,-0.75612891,0.1732851,0.6310637,0
-0.091941029,-0.39011422,0.34292838,0.28247136,-0.78343076,0.55357587,0
3.7841332,-0.72876263,-3.3204813,0.75612891,-0.1732851,-0.6310637,0
1.4013664,0.34480369,-1.1517935,-0.28247136,0.78343076,-0.55357587,0
3.8591349,-0.87290257,-3.1130314,0.75612891,-0.1732851,-0.6310637,0
-2.3642316,-0.051937819,1.770957,-0.59032112,-0.5968321,-0.54342651,0
3.4856684,-1.5148922,-3.0048287,-0.59032112,-0.5968321,-0.54342651,0
2.0063329,0.27006352,-1.6267097,0.59032112,0.5968321,0.54342651,0
1.1142558,-0.77438128,-1.1988518,-0.59032112,-0.5968321,-0.54342651,0
-0.60582799,-0.051476926,-0.17038961,-0.59032112,-0.5968321,-0.54342651,0
0.89611602,-0.28779548,0.03444317,0.28247136,-0.78343076,0.55357587,0
3.9899557,-1.2434397,-2.8552327,0.75612891,-0.1732851,-0.6310637,0
2.0097685,-0.7580573,-1.0282619,0.28247136,-0.78343076,0.55357587,0
-0.47656801,0.42329389,0.064931005,-0.28247136,0.78343076,-0.55357587,0
-0.74181753,-0.26442629,0.74634039,0.28247136,-0.78343076,0.55357587,0
