-2.2066979,0.6671164,3.251646,-0.54278821,0.21121871,0.81287611,0
1.6031505,-0.086124837,-2.0804296,0.576446,0.79758608,0.17766923,0
0.012228936,-0.53025347,1.3749019,0.61081159,-0.56501597,0.55467647,0
0.67983252,0.39806619,-0.62507504,0.576446,0.79758608,0.17766923,0
1.616271,-0.98771077,-0.94007158,0.61081159,-0.56501597,0.55467647,0
-1.92026,0.18007123,3.5836253,-0.54278821,0.21121871,0.81287611,0
-1.6421896,0.072108746,2.3419325,-0.576446,-0.79758608,-0.17766923,0
0.41466296,-0.43317997,0.92585528,0.61081159,-0.56501597,0.55467647,0
-0.6416955,0.15364659,2.5584149,0.61081159,-0.56501597,0.55467647,0
0.87452108,0.10506374,-0.9372288,0.576446,0.79758608,0.17766923,0
0.92975247,0.37546191,-1.4988428,0.576446,0.79758608,0.17766923,0
2.3528018,-0.52865297,-1.9219075,0.576446,0.79758608,0.17766923,0
0.30558035,0.60029191,-1.5318265,-0.61081159,0.56501597,-0.55467647,0
-0.16125786,-0.30810681,-0.94864327,-0.576446,-0.79758608,-0.17766923,0
-1.9077889,0.90416968,3.4724689,-0.54278821,0.21121871,0.81287611,0
1.203446,-0.72410589,-3.5815544,-0.576446,-0.79758608,-0.17766923,0
-2.4708116,1.4568293,2.931222,-0.54278821,0.21121871,0.81287611,0
-0.19928496,-0.63553965,0.40579337,-0.576446,-0.79758608,-0.17766923,0
1.4987535,-0.49744457,-3.7349217,0.54278821,-0.21121871,-0.81287611,0
0.026279598,-0.1699698,-1.7017448,-0.576446,-0.79758608,-0.17766923,0
-0.31456774,-0.13141209,-1.0840054,-0.576446,-0.79758608,-0.17766923,0
2.5271192,-0.499596,-3.025043,0.54278821,-0.21121871,-0.81287611,0
0.28137058,-0.38272789,1.1720412,0.61081159,-0.56501597,0.55467647,0
-2.3166025,1.2534268,2.1891584,-0.61081159,0.56501597,-0.55467647,0
-0.75007182,0.85762525,1.5824014,0.576446,0.79758608,0.17766923,0
-1.1118901,-0.13559118,1.375425,-0.576446,-0.79758608,-0.17766923,0
-1.7011628,1.37536,2.4409049,0.576446,0.79758608,0.17766923,0
2.4403694,-1.6339638,-2.7926958,0.54278821,-0.21121871,-0.81287611,0
0.67994034,-0.88881207,0.206425,0.61081159,-0.56501597,0.55467647,0
-1.8870432,0.072142005,3.4560947,-0.576446,-0.79758608,-0.17766923,0
1.7904052,-1.1722507,-1.4216003,0.61081159,-0.56501597,0.55467647,0
-1.3739907,0.11489362,3.4536591,0.61081159,-0.56501597,0.55467647,0
-2.3181922,1.0516603,3.0171416,-0.54278821,0.21121871,0.81287611,0
0.60364962,-1.0051949,0.10313919,0.61081159,-0.56501597,0.55467647,0
0.60760921,0.041736491,1.1763028,0.576446,0.79758608,0.17766923,0
-1.8721361,0.99612129,3.467473,-0.54278821,0.21121871,0.81287611,0
1.5079921,-0.19360545,-1.617205,0.576446,0.79758608,0.17766923,0
-1.2923386,0.57444811,0.25633284,-0.61081159,0.56501597,-0.55467647,0
-1.218223,0.254691,3.3118043,0.61081159,-0.56501597,0.55467647,0
2.725286,-1.1860003,-2.7849247,0.54278821,-0.21121871,-0.81287611,0
1.8098001,-0.1941359,-2.6353173,0.576446,0.79758608,0.17766923,0
-1.0625277,0.83224642,0.28643411,-0.61081159,0.56501597,-0.55467647,0
2.3745129,-1.7149472,-2.7193961,-0.576446,-0.79758608,-0.17766923,0
-1.6356685,0.23744577,3.8081684,0.61081159,-0.56501597,0.55467647,0
-1.9629371,0.99323326,3.3907757,-0.54278821,0.21121871,0.81287611,0
1.2868539,-0.57377201,-3.9042053,-0.61081159,0.56501597,-0.55467647,0
-1.1047482,0.15512268,0.56438172,-0.576446,-0.79758608,-0.17766923,0
0.36921257,-0.92793089,0.11877182,-0.576446,-0.79758608,-0.17766923,0
-1.6759057,0.31025001,3.6221032,-0.54278821,0.21121871,0.81287611,0
-0.051205963,-0.41289896,1.60097,0.61081159,-0.56501597,0.55467647,0
-0.68226647,-0.60693717,1.9786011,0.61081159,-0.56501597,0.55467647,0
-1.708648,0.98522764,1.0338762,-0.61081159,0.56501597,-0.55467647,0
-1.1477857,0.32120901,-0.26048905,-0.61081159,0.56501597,-0.55467647,0
-1.8845835,0.086221695,3.416245,-0.576446,-0.79758608,-0.17766923,0
-0.2850669,-0.59135699,1.5622542,0.61081159,-0.56501597,0.55467647,0
0.10021454,-0.29164404,1.2365317,0.61081159,-0.56501597,0.55467647,0
2.5668511,-1.4633728,-2.7669716,0.54278821,-0.21121871,-0.81287611,0
1.9844052,-0.30572915,-3.5355597,0.54278821,-0.21121871,-0.81287611,0
-1.6290188,0.10575861,3.726238,-0.54278821,0.21121871,0.81287611,0
1.4094625,-1.3027759,-1.5409633,-0.576446,-0.79758608,-0.17766923,0
-0.44341433,0.24188018,2.6233246,0.61081159,-0.56501597,0.55467647,0
-1.8477964,1.2690166,3.3075795,-0.54278821,0.21121871,0.81287611,0
0.0039307326,-0.70846754,0.12647796,-0.576446,-0.79758608,-0.17766923,0
2.3068213,-1.5712543,-2.859839,0.54278821,-0.21121871,-0.81287611,0
-1.7744155,0.35160768,1.8476679,-0.576446,-0.79758608,-0.17766923,0
-2.8178875,1.0802236,2.6433365,-0.54278821,0.21121871,0.81287611,0
0.64170456,-0.72460157,0.373355,0.61081159,-0.56501597,0.55467647,0
-2.9520273,0.95285982,2.4536507,-0.576446,-0.79758608,-0.17766923,0
1.4825741,0.027076602,-2.1880884,0.576446,0.79758608,0.17766923,0
-2.2972512,0.21925199,3.4403801,-0.54278821,0.21121871,0.81287611,0
2.3928504,-1.7297369,-2.7956061,0.54278821,-0.21121871,-0.81287611,0
0.92213511,0.5023936,-2.3806033,0.576446,0.79758608,0.17766923,0
-2.1956925,1.0490603,3.069149,-0.54278821,0.21121871,0.81287611,0
-0.15695268,-0.22028109,-1.1508435,-0.576446,-0.79758608,-0.17766923,0
-2.6750398,1.3031769,2.8551493,-0.54278821,0.21121871,0.81287611,0
-1.440478,0.45957506,3.7425878,-0.54278821,0.21121871,0.81287611,0
-2.410912,0.5987072,3.1939385,-0.54278821,0.21121871,0.81287611,0
1.5767604,-0.86825627,-3.5744085,0.54278821,-0.21121871,-0.81287611,0
-1.7210438,1.2184728,2.7724533,0.576446,0.79758608,0.17766923,0
-1.4928416,0.48135334,3.6864789,-0.54278821,0.21121871,0.81287611,0
-2.9473505,0.92595804,2.7631347,-0.54278821,0.21121871,0.81287611,0
-1.8362179,0.10538667,3.7668488,-0.54278821,0.21121871,0.81287611,0
1.5930848,-1.3021314,-2.2553885,-0.576446,-0.79758608,-0.17766923,0
1.5310936,-0.66505706,-3.6992314,0.54278821,-0.21121871,-0.81287611,0
-0.88328767,0.35718176,-0.38151902,-0.61081159,0.56501597,-0.55467647,0
2.4222283,-0.89060354,-1.6692998,0.61081159,-0.56501597,0.55467647,0
-1.5461556,1.1586691,1.1416798,-0.61081159,0.56501597,-0.55467647,0
1.4274455,-0.28310022,-3.5923979,-0.61081159,0.56501597,-0.55467647,0
-1.7423612,0.46278021,3.7121739,-0.54278821,0.21121871,0.81287611,0
-1.5642562,0.066839516,3.7372141,0.61081159,-0.56501597,0.55467647,0
-0.25918999,0.9054755,-0.73839235,-0.61081159,0.56501597,-0.55467647,0
-1.6659844,1.433032,2.1806817,0.576446,0.79758608,0.17766923,0
-2.4479513,0.51957417,3.131285,-0.54278821,0.21121871,0.81287611,0
1.7559413,-0.93753314,-0.91688347,0.61081159,-0.56501597,0.55467647,0
-1.5200614,0.93874991,3.5647154,-0.54278821,0.21121871,0.81287611,0
2.8448539,-1.3162144,-2.5409753,0.61081159,-0.56501597,0.55467647,0
-2.2199073,1.1634513,1.9764967,-0.61081159,0.56501597,-0.55467647,0
1.5221916,-0.79680449,-3.7527933,0.54278821,-0.21121871,-0.81287611,0
-2.331872,1.2653036,2.00458,-0.61081159,0.56501597,-0.55467647,0
1.5325195,-1.0791793,-3.4788461,-0.576446,-0.79758608,-0.17766923,0
0.59467089,-0.70003146,-1.8622472,-0.576446,-0.79758608,-0.17766923,0
0.0017521977,0.56888038,-0.050450645,0.576446,0.79758608,0.17766923,0
-1.8795569,1.3339086,1.625299,-0.61081159,0.56501597,-0.55467647,0
-2.0990403,0.80322808,3.4198091,-0.54278821,0.21121871,0.81287611,0
2.2125349,-0.76843363,-1.2497951,0.61081159,-0.56501597,0.55467647,0
0.14464679,0.28524974,1.5065168,0.576446,0.79758608,0.17766923,0
1.8460608,-0.94331574,-1.26583,0.61081159,-0.56501597,0.55467647,0
-2.2339458,0.42423931,3.3653674,-0.54278821,0.21121871,0.81287611,0
-1.8558912,0.2548086,3.5361741,-0.54278821,0.21121871,0.81287611,0
1.8507508,-1.1699719,-3.2907319,0.54278821,-0.21121871,-0.81287611,0
-1.78878,0.68346214,0.75691795,-0.61081159,0.56501597,-0.55467647,0
0.65982246,0.38458842,-2.196701,-0.61081159,0.56501597,-0.55467647,0
2.6059773,-0.72460216,-2.0894666,0.576446,0.79758608,0.17766923,0
1.9767113,-1.1940165,-3.2605364,0.54278821,-0.21121871,-0.81287611,0
2.1972246,-0.59230405,-2.0771496,0.576446,0.79758608,0.17766923,0
0.14100751,-0.12459958,1.6188844,0.61081159,-0.56501597,0.55467647,0
0.17819057,-0.29868296,-2.2248805,-0.576446,-0.79758608,-0.17766923,0
1.485404,-1.3328173,-1.2922412,0.61081159,-0.56501597,0.55467647,0
2.6645679,-1.2285774,-2.909255,0.54278821,-0.21121871,-0.81287611,0
-1.0678387,0.48877379,3.3814611,0.61081159,-0.56501597,0.55467647,0
-2.3585083,1.475008,2.9999502,-0.54278821,0.21121871,0.81287611,0
-2.1800501,1.2214849,3.0264511,-0.54278821,0.21121871,0.81287611,0
-2.847486,0.95336443,2.7201874,-0.54278821,0.21121871,0.81287611,0
2.1640375,-0.97972393,-1.6769633,0.61081159,-0.56501597,0.55467647,0
2.2313812,-0.31792086,-3.4604464,0.54278821,-0.21121871,-0.81287611,0
1.6938941,-1.0058876,-1.2191569,0.61081159,-0.56501597,0.55467647,0
2.6335936,-1.2778423,-2.8223503,0.54278821,-0.21121871,-0.81287611,0
0.1769304,-0.17779823,1.4609897,0.61081159,-0.56501597,0.55467647,0
-0.80107266,1.0188265,0.79599363,0.576446,0.79758608,0.17766923,0
1.9787774,-0.57565683,-1.4195764,0.576446,0.79758608,0.17766923,0
1.2839251,-0.97320879,-2.4328282,-0.576446,-0.79758608,-0.17766923,0
-2.2189417,1.1832955,2.0090303,-0.61081159,0.56501597,-0.55467647,0
2.1782017,-0.32460237,-3.4349418,0.54278821,-0.21121871,-0.81287611,0
0.72182083,-0.21745601,0.85358131,0.61081159,-0.56501597,0.55467647,0
-1.5633538,0.7377851,3.7987936,-0.54278821,0.21121871,0.81287611,0
-0.35239476,0.69960243,-0.6396367,-0.61081159,0.56501597,-0.55467647,0
-0.43552226,0.78249377,0.36816299,0.576446,0.79758608,0.17766923,0
-1.7715135,0.96356946,3.5515776,-0.54278821,0.21121871,0.81287611,0
0.40544701,-0.14745688,1.1189977,0.61081159,-0.56501597,0.55467647,0
-2.8057477,1.2503839,2.6030462,-0.54278821,0.21121871,0.81287611,0
-0.35487035,-0.46155092,1.7244718,0.61081159,-0.56501597,0.55467647,0
-1.8111229,1.1936584,1.3120877,-0.61081159,0.56501597,-0.55467647,0
0.22308031,-0.011786833,1.5580896,0.61081159,-0.56501597,0.55467647,0
-2.788106,1.0224915,2.8528943,-0.54278821,0.21121871,0.81287611,0
-1.428743,-6.0796738e-06,2.0074127,-0.576446,-0.79758608,-0.17766923,0
-2.0954854,0.13415241,3.0271802,-0.576446,-0.79758608,-0.17766923,0
0.1320926,-0.13536887,1.5595484,0.61081159,-0.56501597,0.55467647,0
-0.65332437,0.19467559,2.6211207,0.61081159,-0.56501597,0.55467647,0
0.69857341,-0.88378388,-1.1212529,-0.576446,-0.79758608,-0.17766923,0
0.40099356,0.47487164,-1.7854575,-0.61081159,0.56501597,-0.55467647,0
-1.4889276,0.35008466,0.36754322,-0.61081159,0.56501597,-0.55467647,0
-1.369934,0.29741448,0.59634089,-0.576446,-0.79758608,-0.17766923,0
-2.4080162,1.0696145,3.1138916,-0.54278821,0.21121871,0.81287611,0
0.683397,-0.97707736,0.16362557,0.61081159,-0.56501597,0.55467647,0
-1.4661016,1.0648884,0.99573863,-0.61081159,0.56501597,-0.55467647,0
1.3340213,0.12366843,-2.4056911,0.576446,0.79758608,0.17766923,0
1.8813567,-0.32438973,-3.6015522,0.54278821,-0.21121871,-0.81287611,0
-1.9694364,0.77410841,1.0029527,-0.61081159,0.56501597,-0.55467647,0
0.027029008,-0.75441021,0.76891381,-0.576446,-0.79758608,-0.17766923,0
1.791609,-0.74809492,-3.5085437,0.54278821,-0.21121871,-0.81287611,0
-1.7095405,0.75139427,3.4626386,-0.54278821,0.21121871,0.81287611,0
1.5489872,-0.035024762,-2.4290745,0.576446,0.79758608,0.17766923,0
2.7861121,-0.67431033,-2.83498,0.576446,0.79758608,0.17766923,0
-0.1395413,0.51914835,-1.1179029,-0.61081159,0.56501597,-0.55467647,0
0.91357881,-0.91013867,-0.10068034,0.61081159,-0.56501597,0.55467647,0
2.1734467,-1.1847908,-1.6260732,0.61081159,-0.56501597,0.55467647,0
-0.72259331,-0.35396236,0.59146452,-0.576446,-0.79758608,-0.17766923,0
0.25806788,-0.89633989,0.39255974,-0.576446,-0.79758608,-0.17766923,0
1.7764684,-1.1091318,-3.059238,-0.576446,-0.79758608,-0.17766923,0
-0.40352038,-0.072888181,-0.91537911,-0.576446,-0.79758608,-0.17766923,0
2.0416028,-0.60040617,-1.2360308,0.61081159,-0.56501597,0.55467647,0
0.61932957,-0.12696227,1.1269561,0.61081159,-0.56501597,0.55467647,0
0.91299623,-0.025566503,0.42045504,0.576446,0.79758608,0.17766923,0
-0.4476901,-0.2937817,-0.40009692,-0.576446,-0.79758608,-0.17766923,0
-1.2988336,0.58333099,0.058411226,-0.61081159,0.56501597,-0.55467647,0
0.86030132,-0.86346114,-1.7611365,-0.576446,-0.79758608,-0.17766923,0
-1.3874383,0.4952724,3.8538561,0.61081159,-0.56501597,0.55467647,0
-2.5376348,1.0464274,2.1087043,-0.61081159,0.56501597,-0.55467647,0
1.6727333,-1.4036027,-2.0719614,-0.576446,-0.79758608,-0.17766923,0
-1.0631552,0.15465544,-0.56403983,-0.576446,-0.79758608,-0.17766923,0
-0.82299471,1.0482638,0.28170881,-0.61081159,0.56501597,-0.55467647,0
-1.5301577,0.68426925,3.7157483,-0.54278821,0.21121871,0.81287611,0
-1.9591053,0.90528524,3.2907205,-0.54278821,0.21121871,0.81287611,0
2.3815391,-1.5545056,-2.9512196,0.54278821,-0.21121871,-0.81287611,0
0.24408333,-0.59462851,-0.63655943,-0.576446,-0.79758608,-0.17766923,0
1.3643596,-1.1057644,-0.87030518,0.61081159,-0.56501597,0.55467647,0
-2.8502231,1.1016501,2.3927274,-0.61081159,0.56501597,-0.55467647,0
-0.82458818,0.61935633,2.8977444,0.576446,0.79758608,0.17766923,0
-2.302129,1.3141816,3.1234858,-0.54278821,0.21121871,0.81287611,0
-2.674149,1.2307971,2.730073,-0.54278821,0.21121871,0.81287611,0
2.0904555,-0.7204442,-3.3112757,0.54278821,-0.21121871,-0.81287611,0
-0.72499585,0.95867771,0.991431,0.576446,0.79758608,0.17766923,0
2.1760802,-0.67350703,-3.3674667,0.54278821,-0.21121871,-0.81287611,0
0.81639457,-0.53757638,0.3642469,0.61081159,-0.56501597,0.55467647,0
-0.58663684,-0.17051312,0.36741841,-0.576446,-0.79758608,-0.17766923,0
-0.2038025,0.25908932,1.955319,0.576446,0.79758608,0.17766923,0
-1.9512891,1.2604653,1.6836432,-0.61081159,0.56501597,-0.55467647,0
2.5873444,-0.8221761,-2.902323,0.54278821,-0.21121871,-0.81287611,0
0.41553408,-0.96598142,0.12573433,-0.576446,-0.79758608,-0.17766923,0
0.73832494,0.36295101,-2.2235589,-0.61081159,0.56501597,-0.55467647,0
1.0855929,-0.092963159,-3.0742643,-0.61081159,0.56501597,-0.55467647,0
-1.6040692,-0.11775833,2.8512762,-0.576446,-0.79758608,-0.17766923,0
0.39158309,0.2307806,0.59653336,0.576446,0.79758608,0.17766923,0
2.4375343,-0.84349769,-3.1455412,0.54278821,-0.21121871,-0.81287611,0
1.3162088,-0.7272799,-3.646349,-0.576446,-0.79758608,-0.17766923,0
1.7724102,-1.3103969,-3.2003167,-0.576446,-0.79758608,-0.17766923,0
-1.3815613,0.43235159,-0.0040896982,-0.61081159,0.56501597,-0.55467647,0
-2.0295186,1.1743851,3.2308853,-0.54278821,0.21121871,0.81287611,0
-1.4920263,0.83060628,3.6092343,-0.54278821,0.21121871,0.81287611,0
1.6333498,-0.23566335,-1.8437357,0.576446,0.79758608,0.17766923,0
1.6491444,-0.55725145,-0.47022712,0.61081159,-0.56501597,0.55467647,0
0.77466464,0.056544185,0.5490343,0.576446,0.79758608,0.17766923,0
2.6848927,-0.77876467,-2.6597624,0.576446,0.79758608,0.17766923,0
2.1498406,-0.86080587,-3.1986232,0.54278821,-0.21121871,-0.81287611,0
0.77184927,-0.8806771,-0.86372733,-0.576446,-0.79758608,-0.17766923,0
2.4769366,-1.3001579,-3.032434,0.54278821,-0.21121871,-0.81287611,0
-1.6674347,-0.0414505,3.7040627,0.61081159,-0.56501597,0.55467647,0
-1.0862912,-0.16299585,1.8177462,-0.576446,-0.79758608,-0.17766923,0
-0.8456139,0.52376968,-0.30510819,-0.61081159,0.56501597,-0.55467647,0
-0.74687052,-0.27093917,2.4160058,0.61081159,-0.56501597,0.55467647,0
0.93673754,-0.44636905,0.31484398,0.61081159,-0.56501597,0.55467647,0
0.98583764,0.42932695,-2.4321792,-0.61081159,0.56501597,-0.55467647,0
1.5939753,-0.49589902,-3.8053772,0.54278821,-0.21121871,-0.81287611,0
0.68512022,-0.58141214,0.57473987,0.61081159,-0.56501597,0.55467647,0
2.2617121,-0.8162753,-3.1326509,0.54278821,-0.21121871,-0.81287611,0
0.75445735,-0.70081908,0.39280611,0.61081159,-0.56501597,0.55467647,0
1.8169415,-1.0001334,-3.3786712,0.54278821,-0.21121871,-0.81287611,0
-1.9793828,0.35104054,2.2718272,-0.576446,-0.79758608,-0.17766923,0
-0.99823439,0.61241192,3.612277,0.61081159,-0.56501597,0.55467647,0
-0.091375917,-0.10936031,1.858495,0.61081159,-0.56501597,0.55467647,0
0.64941162,0.38021213,-1.9751108,-0.61081159,0.56501597,-0.55467647,0
2.2463028,-0.77055049,-3.2013762,0.54278821,-0.21121871,-0.81287611,0
1.7109208,-1.061651,-3.4379482,0.54278821,-0.21121871,-0.81287611,0
-1.2965573,-0.092954516,1.6681063,-0.576446,-0.79758608,-0.17766923,0
-2.4252493,0.67534435,3.1687417,-0.54278821,0.21121871,0.81287611,0
-0.45923403,0.57070976,-0.86460042,-0.61081159,0.56501597,-0.55467647,0
-1.3524344,0.88170946,0.69728547,-0.61081159,0.56501597,-0.55467647,0
-0.1250551,-0.32038441,1.5926006,0.61081159,-0.56501597,0.55467647,0
2.2437112,-0.6247918,-3.3639321,0.54278821,-0.21121871,-0.81287611,0
2.4417098,-1.0917939,-2.9881752,0.54278821,-0.21121871,-0.81287611,0
2.2716072,-1.3236699,-1.8826561,0.61081159,-0.56501597,0.55467647,0
1.2146504,0.085346162,-2.9524596,-0.61081159,0.56501597,-0.55467647,0
-1.7662194,0.09142518,3.7179198,-0.54278821,0.21121871,0.81287611,0
-1.8315295,0.15292019,2.4818976,-0.576446,-0.79758608,-0.17766923,0
1.356644,-0.60713786,-3.8206465,0.54278821,-0.21121871,-0.81287611,0
1.768153,-1.1004235,-3.436492,0.54278821,-0.21121871,-0.81287611,0
0.37420818,-0.66317022,-1.3972789,-0.576446,-0.79758608,-0.17766923,0
-2.2577879,1.2207075,3.0144429,-0.54278821,0.21121871,0.81287611,0
-0.18957755,0.272726,2.1967623,0.576446,0.79758608,0.17766923,0
0.4629038,0.53794205,-1.3872002,0.576446,0.79758608,0.17766923,0
-0.71887755,1.0788752,0.26314819,-0.61081159,0.56501597,-0.55467647,0
1.2209964,-1.1407824,-0.57226765,0.61081159,-0.56501597,0.55467647,0
-1.5138189,0.62248391,3.8485401,-0.54278821,0.21121871,0.81287611,0
-2.168318,1.0488451,1.6265529,-0.61081159,0.56501597,-0.55467647,0
-0.48537949,0.62949193,-0.78618199,-0.61081159,0.56501597,-0.55467647,0
-0.61281282,-0.39688769,1.1823999,-0.576446,-0.79758608,-0.17766923,0
1.854206,-0.54979271,-3.6038718,0.54278821,-0.21121871,-0.81287611,0
2.3669696,-1.5128255,-2.9250784,0.54278821,-0.21121871,-0.81287611,0
2.4640772,-1.7596322,-2.8040171,0.61081159,-0.56501597,0.55467647,0
-2.497546,1.4990693,2.8932109,-0.54278821,0.21121871,0.81287611,0
-2.231806,0.67914146,3.1400919,-0.54278821,0.21121871,0.81287611,0
0.059746891,-0.049281284,-1.969623,-0.61081159,0.56501597,-0.55467647,0
1.3038538,-1.3481703,-1.0821278,-0.576446,-0.79758608,-0.17766923,0
-0.57176232,-0.57223099,1.0648446,-0.576446,-0.79758608,-0.17766923,0
0.85511351,-0.87150574,-1.5705769,-0.576446,-0.79758608,-0.17766923,0
-2.0686452,1.4677763,3.1285081,-0.54278821,0.21121871,0.81287611,0
2.2521644,-0.75954735,-3.1283174,0.54278821,-0.21121871,-0.81287611,0
-1.7421831,0.13754544,1.9187449,-0.576446,-0.79758608,-0.17766923,0
-2.2016046,0.40627903,3.2357819,-0.54278821,0.21121871,0.81287611,0
0.053536087,-0.28200847,1.3033888,0.61081159,-0.56501597,0.55467647,0
-0.93516147,0.43236154,-0.31489199,-0.61081159,0.56501597,-0.55467647,0
-1.2766215,1.326844,1.4787824,0.576446,0.79758608,0.17766923,0
-2.8688877,0.99080485,2.7061281,-0.54278821,0.21121871,0.81287611,0
-1.3866636,0.92019141,3.0539491,0.576446,0.79758608,0.17766923,0
-0.098709255,0.72195876,-0.35854143,0.576446,0.79758608,0.17766923,0
-0.61161315,0.47871941,2.517844,0.576446,0.79758608,0.17766923,0
-2.2460048,1.1522413,3.1328712,-0.54278821,0.21121871,0.81287611,0
-1.5142801,0.53472853,0.47742265,-0.61081159,0.56501597,-0.55467647,0
-1.0344326,0.28644666,3.3921413,0.61081159,-0.56501597,0.55467647,0
0.56090677,0.21178679,0.53017378,0.576446,0.79758608,0.17766923,0
-1.0144796,-0.058272749,0.43754679,-0.576446,-0.79758608,-0.17766923,0
1.0368518,0.11559919,-1.2115449,0.576446,0.79758608,0.17766923,0
1.1267232,-1.1893005,-0.96072483,-0.576446,-0.79758608,-0.17766923,0
-0.24828824,0.64089584,-0.98489362,-0.61081159,0.56501597,-0.55467647,0
0.7103045,-0.60979372,0.22889006,0.61081159,-0.56501597,0.55467647,0
-1.1088241,-0.18523985,1.3997965,-0.576446,-0.79758608,-0.17766923,0
0.0028451979,0.2471056,-1.457909,-0.61081159,0.56501597,-0.55467647,0
-1.3652459,1.028617,0.63350326,-0.61081159,0.56501597,-0.55467647,0
1.6597656,0.029544175,-3.6886156,-0.61081159,0.56501597,-0.55467647,0
1.4261618,-0.072721481,-3.4834657,-0.61081159,0.56501597,-0.55467647,0
-2.2699366,0.8546595,3.2260349,-0.54278821,0.21121871,0.81287611,0
0.7812506,-0.22686541,-2.7924998,-0.61081159,0.56501597,-0.55467647,0
1.2211134,-0.64876592,-3.8903131,0.54278821,-0.21121871,-0.81287611,0
-0.11572719,-0.82701075,1.1043887,0.61081159,-0.56501597,0.55467647,0
1.179787,-1.0415235,-0.66279179,0.61081159,-0.56501597,0.55467647,0
-2.2913823,0.96305418,3.0960016,-0.54278821,0.21121871,0.81287611,0
-0.3381145,-0.42817187,1.6183529,0.61081159,-0.56501597,0.55467647,0
-0.83809078,0.81303954,2.2383521,0.576446,0.79758608,0.17766923,0
-1.9413934,1.4146688,3.2002156,-0.54278821,0.21121871,0.81287611,0
0.5217849,-1.0536499,0.31859356,0.61081159,-0.56501597,0.55467647,0
-0.58087373,-0.086972445,-0.46320459,-0.576446,-0.79758608,-0.17766923,0
-1.984378,1.0104105,3.4148917,-0.54278821,0.21121871,0.81287611,0
1.9668415,-0.83970112,-3.4467807,0.54278821,-0.21121871,-0.81287611,0
-0.37866578,0.68832028,0.7226432,0.576446,0.79758608,0.17766923,0
-1.5722067,0.47600418,3.8325961,-0.54278821,0.21121871,0.81287611,0
2.372838,-0.66579556,-2.3136945,0.576446,0.79758608,0.17766923,0
0.62758148,0.29347149,-2.259449,-0.61081159,0.56501597,-0.55467647,0
0.043384165,-0.09213759,-1.9068608,-0.61081159,0.56501597,-0.55467647,0
-1.0510628,1.2878518,0.66195798,-0.61081159,0.56501597,-0.55467647,0
-0.81523114,0.51431197,3.2524109,0.61081159,-0.56501597,0.55467647,0
-0.28478903,0.73766977,0.47697568,0.576446,0.79758608,0.17766923,0
-2.6395152,1.2466254,2.8537505,-0.54278821,0.21121871,0.81287611,0
-0.80578458,0.67998767,2.0652554,0.576446,0.79758608,0.17766923,0
-2.4697042,1.5762787,2.9064946,-0.54278821,0.21121871,0.81287611,0
-0.11945811,-0.263152,1.6549742,0.61081159,-0.56501597,0.55467647,0
-1.1031311,0.73798257,0.28344649,-0.61081159,0.56501597,-0.55467647,0
0.68431121,0.46664032,-1.355547,0.576446,0.79758608,0.17766923,0
0.051564962,0.82363582,-1.0633998,-0.61081159,0.56501597,-0.55467647,0
-0.65659881,0.6797024,1.5562391,0.576446,0.79758608,0.17766923,0
-2.1367188,1.3938878,1.9461284,-0.61081159,0.56501597,-0.55467647,0
-2.1599157,0.95651644,3.2860034,-0.54278821,0.21121871,0.81287611,0
-1.8239353,0.014622927,3.487854,-0.576446,-0.79758608,-0.17766923,0
-0.59546202,-0.17540471,0.34331426,-0.576446,-0.79758608,-0.17766923,0
-1.479952,1.2735527,1.5763724,0.576446,0.79758608,0.17766923,0
-0.20485604,0.25503099,2.2291927,0.576446,0.79758608,0.17766923,0
0.33861402,-0.81864518,0.52152354,0.61081159,-0.56501597,0.55467647,0
-1.050052,1.2729994,0.94402796,0.576446,0.79758608,0.17766923,0
1.9011658,-1.1260531,-3.2369158,0.54278821,-0.21121871,-0.81287611,0
0.85814911,-0.18786135,-3.0607057,-0.61081159,0.56501597,-0.55467647,0
0.45545101,-0.54085952,-1.3070853,-0.576446,-0.79758608,-0.17766923,0
-2.02637,1.3678397,1.7895837,-0.61081159,0.56501597,-0.55467647,0
0.90403986,-1.1017911,-0.28030145,-0.576446,-0.79758608,-0.17766923,0
-0.63458937,0.02638194,2.5791636,0.61081159,-0.56501597,0.55467647,0
-1.4101801,0.22243381,0.52442598,-0.576446,-0.79758608,-0.17766923,0
2.1674933,-0.60177422,-3.2638912,0.54278821,-0.21121871,-0.81287611,0
0.5335595,0.53213781,-1.1256795,0.576446,0.79758608,0.17766923,0
-1.7150407,0.23319262,3.6515243,-0.54278821,0.21121871,0.81287611,0
-1.8005666,0.15332168,1.7873766,-0.576446,-0.79758608,-0.17766923,0
-0.89103752,-0.30270955,1.3346608,-0.576446,-0.79758608,-0.17766923,0
0.25151187,-0.55920589,-0.62021858,-0.576446,-0.79758608,-0.17766923,0
-3.0279408,0.88364863,2.5923352,-0.576446,-0.79758608,-0.17766923,0
-0.84134984,0.5490889,-0.27518201,-0.61081159,0.56501597,-0.55467647,0
-1.7568392,0.2469537,1.2912621,-0.576446,-0.79758608,-0.17766923,0
-0.15113565,-0.4086135,-0.85120189,-0.576446,-0.79758608,-0.17766923,0
1.2461131,-0.93596137,-0.61068982,0.61081159,-0.56501597,0.55467647,0
0.24168245,0.60407794,-1.2793418,-0.61081159,0.56501597,-0.55467647,0
-2.0503504,1.452978,3.0862412,-0.54278821,0.21121871,0.81287611,0
-1.8623128,0.39734077,3.5608091,-0.54278821,0.21121871,0.81287611,0
-1.8184947,0.84014422,3.5913138,-0.54278821,0.21121871,0.81287611,0
1.0585499,0.16354087,-1.1168145,0.576446,0.79758608,0.17766923,0
0.09204182,-0.09903504,1.5188608,0.61081159,-0.56501597,0.55467647,0
-2.7034845,0.65424222,3.0624549,-0.54278821,0.21121871,0.81287611,0
-2.1992621,0.72630203,1.249083,-0.61081159,0.56501597,-0.55467647,0
-2.7778895,1.4393138,2.6798675,-0.61081159,0.56501597,-0.55467647,0
1.5757574,-0.82130098,-3.5911789,0.54278821,-0.21121871,-0.81287611,0
0.17404841,-0.85908455,-0.077639148,-0.576446,-0.79758608,-0.17766923,0
-1.9307072,0.54416502,3.6075253,-0.54278821,0.21121871,0.81287611,0
2.4599736,-1.5504503,-2.5402303,0.61081159,-0.56501597,0.55467647,0
-1.7426537,1.4474409,1.9280959,0.576446,0.79758608,0.17766923,0
-1.336054,0.45207381,3.6547599,0.61081159,-0.56501597,0.55467647,0
2.3719206,-0.97725523,-3.0739043,0.54278821,-0.21121871,-0.81287611,0
0.70525545,0.54780263,-1.715192,0.576446,0.79758608,0.17766923,0
-1.5320876,0.045353532,3.4103351,0.61081159,-0.56501597,0.55467647,0
-2.5367439,1.2178484,3.0174887,-0.54278821,0.21121871,0.81287611,0
-1.0868334,1.1985992,0.81427455,0.576446,0.79758608,0.17766923,0
-1.579789,0.93707049,0.87609977,-0.61081159,0.56501597,-0.55467647,0
2.2490156,-0.96485054,-3.2673833,0.54278821,-0.21121871,-0.81287611,0
2.5414059,-1.2998228,-2.780839,0.54278821,-0.21121871,-0.81287611,0
1.0467505,0.025090456,-2.8170538,-0.61081159,0.56501597,-0.55467647,0
2.0368128,-1.5780776,-2.0667698,0.61081159,-0.56501597,0.55467647,0
-2.4516776,0.70625621,2.1014538,-0.576446,-0.79758608,-0.17766923,0
1.3377374,-0.68180609,-0.20665678,0.61081159,-0.56501597,0.55467647,0
2.8670254,-0.86283064,-2.684063,0.54278821,-0.21121871,-0.81287611,0
-0.3322655,-0.066902973,-0.88490111,-0.576446,-0.79758608,-0.17766923,0
0.066615582,-0.7625789,0.037692547,-0.576446,-0.79758608,-0.17766923,0
-0.74366128,0.24115577,3.032866,0.61081159,-0.56501597,0.55467647,0
1.3657323,-1.0302978,-2.6928296,-0.576446,-0.79758608,-0.17766923,0
-1.9788349,0.37087229,2.3306181,-0.576446,-0.79758608,-0.17766923,0
-1.8539596,1.4849465,2.2822471,0.576446,0.79758608,0.17766923,0
-2.6490805,1.4667201,2.8443227,-0.54278821,0.21121871,0.81287611,0
0.78376877,-0.37783629,0.70229155,0.61081159,-0.56501597,0.55467647,0
-1.4241295,0.20730549,3.5770795,0.61081159,-0.56501597,0.55467647,0
-0.90702832,0.75235331,2.942173,0.576446,0.79758608,0.17766923,0
-2.3686578,0.68140471,1.8657759,-0.576446,-0.79758608,-0.17766923,0
-2.1961606,1.0251524,3.1202116,-0.54278821,0.21121871,0.81287611,0
-1.1857594,0.45706064,3.6632886,0.61081159,-0.56501597,0.55467647,0
1.3974795,-0.63358551,-3.7691734,0.54278821,-0.21121871,-0.81287611,0
-0.5445627,0.99870813,-0.014541561,0.576446,0.79758608,0.17766923,0
-1.1693159,0.75278473,0.090845078,-0.61081159,0.56501597,-0.55467647,0
-1.1049935,0.54749101,-0.17791764,-0.61081159,0.56501597,-0.55467647,0
2.4141476,-0.6502164,-1.9215779,0.576446,0.79758608,0.17766923,0
-2.2717221,1.5364227,2.0985522,-0.61081159,0.56501597,-0.55467647,0
-0.79646736,0.72592306,-0.25094789,-0.61081159,0.56501597,-0.55467647,0
1.8197094,-0.71196002,-3.4452915,0.54278821,-0.21121871,-0.81287611,0
2.3747678,-1.5326927,-2.8844371,0.54278821,-0.21121871,-0.81287611,0
-0.0031524003,-0.55293763,1.3072858,0.61081159,-0.56501597,0.55467647,0
1.1876702,-0.94770139,-2.392767,-0.576446,-0.79758608,-0.17766923,0
-2.2277155,0.52607244,2.1638355,-0.576446,-0.79758608,-0.17766923,0
-2.244962,0.75328147,3.2620411,-0.54278821,0.21121871,0.81287611,0
0.61408198,-0.35265058,0.80592245,0.61081159,-0.56501597,0.55467647,0
-0.97144932,0.82092369,1.8514599,0.576446,0.79758608,0.17766923,0
-0.95584947,0.71752828,2.1494248,0.576446,0.79758608,0.17766923,0
2.7346406,-1.2565972,-2.8413968,0.54278821,-0.21121871,-0.81287611,0
-1.8225718,0.74388599,3.5500894,-0.54278821,0.21121871,0.81287611,0
0.090257198,-0.23394285,-1.9150816,-0.576446,-0.79758608,-0.17766923,0
0.29595363,0.20225716,1.3842895,0.576446,0.79758608,0.17766923,0
-0.11828125,-0.20336002,-1.5188628,-0.576446,-0.79758608,-0.17766923,0
1.526503,-0.53648776,-3.7370749,0.54278821,-0.21121871,-0.81287611,0
0.59762716,0.6590327,-1.7411518,0.576446,0.79758608,0.17766923,0
1.8914796,-0.32227433,-3.6008279,0.54278821,-0.21121871,-0.81287611,0
0.62921548,-0.77427733,-1.0519071,-0.576446,-0.79758608,-0.17766923,0
-2.5372219,1.0021746,3.0498278,-0.54278821,0.21121871,0.81287611,0
-2.5813181,1.2115787,2.3302281,-0.61081159,0.56501597,-0.55467647,0
-2.5920517,1.2800699,2.8265612,-0.54278821,0.21121871,0.81287611,0
-0.64361632,0.98854899,0.17655098,0.576446,0.79758608,0.17766923,0
2.1952758,-1.1152499,-3.2656245,0.54278821,-0.21121871,-0.81287611,0
0.70365244,-1.0268047,-0.069043852,0.61081159,-0.56501597,0.55467647,0
-0.18114248,-0.50690085,-0.28867307,-0.576446,-0.79758608,-0.17766923,0
1.8814813,-1.0453782,-3.3833754,0.54278821,-0.21121871,-0.81287611,0
-2.4123902,1.2169929,3.0919728,-0.54278821,0.21121871,0.81287611,0
-1.8705338,0.50631016,3.645365,-0.54278821,0.21121871,0.81287611,0
1.8571421,-1.2358885,-2.7382407,-0.576446,-0.79758608,-0.17766923,0
1.8580894,-0.26451135,-3.4950056,0.54278821,-0.21121871,-0.81287611,0
0.61919129,-1.1448357,0.015729908,-0.576446,-0.79758608,-0.17766923,0
-1.4541011,1.1244872,1.0861166,-0.61081159,0.56501597,-0.55467647,0
-1.1601567,0.61463952,3.4493504,0.576446,0.79758608,0.17766923,0
0.67995048,0.0017360449,-2.6431806,-0.61081159,0.56501597,-0.55467647,0
0.24070989,0.69587529,-1.2035607,0.576446,0.79758608,0.17766923,0
-1.6463904,0.61822796,3.768038,-0.54278821,0.21121871,0.81287611,0
-1.6296455,1.2772608,1.4138743,-0.61081159,0.56501597,-0.55467647,0
2.3315871,-0.59758347,-3.0995946,0.54278821,-0.21121871,-0.81287611,0
-1.7693202,0.26677287,3.7045908,-0.54278821,0.21121871,0.81287611,0
-0.44069508,0.70241576,1.4862533,0.576446,0.79758608,0.17766923,0
-2.2077539,1.6892112,2.6354997,0.576446,0.79758608,0.17766923,0
1.4305981,-0.20454961,-0.75392354,0.576446,0.79758608,0.17766923,0
0.84517688,-0.59115487,0.42316824,0.61081159,-0.56501597,0.55467647,0
2.6252553,-0.85457313,-2.0337422,0.61081159,-0.56501597,0.55467647,0
-1.8478652,0.26970631,2.1391253,-0.576446,-0.79758608,-0.17766923,0
-1.9449555,0.90456557,3.3816557,-0.54278821,0.21121871,0.81287611,0
1.4501024,-0.30082703,-1.0142795,0.576446,0.79758608,0.17766923,0
-0.1306105,0.6991787,-0.28692207,0.576446,0.79758608,0.17766923,0
1.8013996,0.046673596,-3.7168112,0.54278821,-0.21121871,-0.81287611,0
-2.7172778,0.79768091,2.8598833,-0.576446,-0.79758608,-0.17766923,0
1.990523,-1.0121849,-1.2927494,0.61081159,-0.56501597,0.55467647,0
1.9506325,-0.38606164,-2.2142432,0.576446,0.79758608,0.17766923,0
-0.3599208,0.68054891,-0.8790248,-0.61081159,0.56501597,-0.55467647,0
-1.6684523,0.44500047,3.8015287,-0.54278821,0.21121871,0.81287611,0
0.84147024,0.15491587,-2.5570641,-0.61081159,0.56501597,-0.55467647,0
-1.7811791,0.6453504,0.77714199,-0.61081159,0.56501597,-0.55467647,0
-1.3939488,0.63692701,0.53543425,-0.61081159,0.56501597,-0.55467647,0
-2.1015851,0.72257632,3.2262712,-0.54278821,0.21121871,0.81287611,0
-1.6690377,1.0304151,3.4476128,-0.54278821,0.21121871,0.81287611,0
-1.1159118,-0.22635889,2.9753356,0.61081159,-0.56501597,0.55467647,0
1.542232,-1.4291919,-1.6501449,-0.576446,-0.79758608,-0.17766923,0
-0.88948941,1.2387385,0.69863874,0.576446,0.79758608,0.17766923,0
1.697008,-1.3178897,-1.3243738,0.61081159,-0.56501597,0.55467647,0
0.1555074,0.76228458,-1.1033186,-0.61081159,0.56501597,-0.55467647,0
2.0684857,-1.1729958,-3.1379626,0.54278821,-0.21121871,-0.81287611,0
-1.669672,1.0563204,1.2671304,-0.61081159,0.56501597,-0.55467647,0
1.1957562,-0.79811358,-2.736501,-0.576446,-0.79758608,-0.17766923,0
0.30844873,-0.095300227,-2.1565895,-0.61081159,0.56501597,-0.55467647,0
-1.6573581,0.9488833,3.6260226,-0.54278821,0.21121871,0.81287611,0
-2.6057663,0.85890251,3.0452647,-0.54278821,0.21121871,0.81287611,0
-1.7573123,0.47796476,3.7207611,-0.54278821,0.21121871,0.81287611,0
2.2305422,-0.63850969,-1.4820702,0.61081159,-0.56501597,0.55467647,0
1.9340353,-1.3410044,-1.7284745,0.61081159,-0.56501597,0.55467647,0
-0.61835867,0.71165633,1.6281419,0.576446,0.79758608,0.17766923,0
0.45800644,-0.52647215,0.72987807,0.61081159,-0.56501597,0.55467647,0
0.15121101,-0.68244869,-0.30053541,-0.576446,-0.79758608,-0.17766923,0
0.94336498,-0.81942236,-2.3882616,-0.576446,-0.79758608,-0.17766923,0
2.004468,-0.86246818,-3.3954411,0.54278821,-0.21121871,-0.81287611,0
-2.3414257,0.55666751,2.4433322,-0.576446,-0.79758608,-0.17766923,0
-1.0964723,0.70469511,2.8225019,0.576446,0.79758608,0.17766923,0
1.86473,-0.23838782,-2.5398738,0.576446,0.79758608,0.17766923,0
-1.9751014,1.409914,1.9722323,-0.61081159,0.56501597,-0.55467647,0
-0.16154018,-0.23873338,1.6334612,0.61081159,-0.56501597,0.55467647,0
-1.8913066,1.1513484,1.4468145,-0.61081159,0.56501597,-0.55467647,0
1.5896583,0.023038387,-1.9727967,0.576446,0.79758608,0.17766923,0
-2.0766475,0.62373203,1.2876779,-0.576446,-0.79758608,-0.17766923,0
2.2810862,-0.63196516,-3.2594078,0.54278821,-0.21121871,-0.81287611,0
2.206337,-0.34018636,-3.3777432,0.54278821,-0.21121871,-0.81287611,0
-2.9926405,0.99794805,2.64798,-0.54278821,0.21121871,0.81287611,0
-2.0341372,1.0952948,3.3424225,-0.54278821,0.21121871,0.81287611,0
-0.97633845,0.93158853,2.2612112,0.576446,0.79758608,0.17766923,0
-1.0300232,0.71998203,3.0896473,0.576446,0.79758608,0.17766923,0
-0.96884453,0.82222563,0.20557767,-0.61081159,0.56501597,-0.55467647,0
1.4965332,-0.080250502,-1.5738715,0.576446,0.79758608,0.17766923,0
0.1763687,-0.25016528,-1.9921306,-0.576446,-0.79758608,-0.17766923,0
2.1602395,-1.4011525,-2.9930825,0.54278821,-0.21121871,-0.81287611,0
-1.344739,1.2220498,2.0416179,0.576446,0.79758608,0.17766923,0
-2.1400309,0.33872747,3.4019978,-0.54278821,0.21121871,0.81287611,0
2.237133,-1.3794544,-3.0299013,0.54278821,-0.21121871,-0.81287611,0
-1.1181445,-0.25267431,1.5466996,-0.576446,-0.79758608,-0.17766923,0
1.6933942,-1.0554674,-1.1456418,0.61081159,-0.56501597,0.55467647,0
1.3955181,-0.64762962,-3.716464,0.54278821,-0.21121871,-0.81287611,0
-1.1267741,0.64460683,0.24645104,-0.61081159,0.56501597,-0.55467647,0
-2.3140402,1.2802722,3.1099424,-0.54278821,0.21121871,0.81287611,0
0.94072497,0.029019833,-0.38864556,0.576446,0.79758608,0.17766923,0
-1.453246,0.76079506,3.7510841,-0.54278821,0.21121871,0.81287611,0
-0.83560514,0.9039458,0.028567918,-0.61081159,0.56501597,-0.55467647,0
0.091135561,-0.71118474,0.44340792,-0.576446,-0.79758608,-0.17766923,0
-0.30655891,0.81620061,0.38120061,0.576446,0.79758608,0.17766923,0
1.7173628,-0.58037716,-0.80895329,0.61081159,-0.56501597,0.55467647,0
-0.2778042,-0.68943691,1.4592218,0.61081159,-0.56501597,0.55467647,0
2.8762274,-1.130787,-2.6008463,0.54278821,-0.21121871,-0.81287611,0
-1.5711123,0.81094301,3.6975713,-0.54278821,0.21121871,0.81287611,0
-1.971045,1.7098424,2.0313611,-0.61081159,0.56501597,-0.55467647,0
0.87008643,0.12496655,-0.1725596,0.576446,0.79758608,0.17766923,0
1.136842,-1.0477865,-2.1590297,-0.576446,-0.79758608,-0.17766923,0
-0.88999259,0.88993615,1.2014282,0.576446,0.79758608,0.17766923,0
-2.4641564,1.7437611,2.5641322,-0.61081159,0.56501597,-0.55467647,0
-2.5252941,1.5331333,2.9044209,-0.54278821,0.21121871,0.81287611,0
-0.44950891,-0.21504322,-0.38984567,-0.576446,-0.79758608,-0.17766923,0
-1.4407177,1.0357971,2.3593104,0.576446,0.79758608,0.17766923,0
0.99071336,-0.07247977,-0.55922127,0.576446,0.79758608,0.17766923,0
0.69098353,0.31201172,-0.7606467,0.576446,0.79758608,0.17766923,0
-1.9574313,0.26419297,1.8544424,-0.576446,-0.79758608,-0.17766923,0
0.43961206,-0.74817938,0.55776423,0.61081159,-0.56501597,0.55467647,0
2.7396214,-1.3011883,-2.7439318,0.54278821,-0.21121871,-0.81287611,0
-2.0980852,0.33010262,3.378809,-0.54278821,0.21121871,0.81287611,0
-1.0682348,1.1088269,0.66805279,-0.61081159,0.56501597,-0.55467647,0
-1.6415868,0.39480972,3.7623515,-0.54278821,0.21121871,0.81287611,0
2.0701416,-0.029323876,-3.5684013,0.576446,0.79758608,0.17766923,0
-1.5594709,0.23977244,3.8374271,0.61081159,-0.56501597,0.55467647,0
1.6016455,-0.19237083,-3.6981933,0.54278821,-0.21121871,-0.81287611,0
2.6943958,-0.8524881,-2.9479129,0.54278821,-0.21121871,-0.81287611,0
0.54556954,0.15259054,-2.3422134,-0.61081159,0.56501597,-0.55467647,0
2.6127062,-1.0210782,-2.9722724,0.54278821,-0.21121871,-0.81287611,0
-0.60007292,-0.34572732,2.2812757,0.61081159,-0.56501597,0.55467647,0
1.8854064,0.022174776,-3.2981911,0.576446,0.79758608,0.17766923,0
-2.1412814,1.4977605,3.148844,-0.54278821,0.21121871,0.81287611,0
2.2850175,-1.3771894,-1.9895146,0.61081159,-0.56501597,0.55467647,0
-1.0744529,0.89437175,2.1728437,0.576446,0.79758608,0.17766923,0
-2.0595801,1.3148903,3.2979777,-0.54278821,0.21121871,0.81287611,0
-2.6572452,0.75305349,2.9805889,-0.54278821,0.21121871,0.81287611,0
-1.823887,1.3749964,2.7519619,0.576446,0.79758608,0.17766923,0
-2.1396129,1.3770618,3.1549692,-0.54278821,0.21121871,0.81287611,0
-2.5457547,0.54774702,3.0722618,-0.54278821,0.21121871,0.81287611,0
-1.5331886,1.1737216,2.0854664,0.576446,0.79758608,0.17766923,0
-0.12890205,0.94644207,-0.70525056,-0.61081159,0.56501597,-0.55467647,0
-1.7178477,0.42802274,0.41149855,-0.576446,-0.79758608,-0.17766923,0
0.29203719,0.042856455,1.5897377,0.61081159,-0.56501597,0.55467647,0
2.1556551,-0.50654137,-1.7375655,0.576446,0.79758608,0.17766923,0
-0.62985981,0.97877586,0.80562413,0.576446,0.79758608,0.17766923,0
-1.7868601,0.82616186,0.94818377,-0.61081159,0.56501597,-0.55467647,0
0.1930849,0.015543878,1.544214,0.61081159,-0.56501597,0.55467647,0
-1.4132652,0.87661099,0.57756984,-0.61081159,0.56501597,-0.55467647,0
0.0051453412,0.39365372,-1.495971,-0.61081159,0.56501597,-0.55467647,0
-2.158267,0.4523347,3.2480893,-0.54278821,0.21121871,0.81287611,0
0.20786497,-0.099781856,-2.0377274,-0.61081159,0.56501597,-0.55467647,0
-1.1484897,-0.18828017,2.704735,0.61081159,-0.56501597,0.55467647,0
0.98891342,0.34011656,-1.9439697,0.576446,0.79758608,0.17766923,0
-1.6155473,1.1732595,3.1515064,0.576446,0.79758608,0.17766923,0
2.0668509,-0.81573927,-3.2749391,0.54278821,-0.21121871,-0.81287611,0
2.7587404,-0.85502714,-2.8791623,0.54278821,-0.21121871,-0.81287611,0
-0.0073931217,-0.69878018,0.82775176,-0.576446,-0.79758608,-0.17766923,0
-2.0996232,0.33918118,3.4858935,-0.54278821,0.21121871,0.81287611,0
0.17181337,-0.32725355,-1.9434874,-0.576446,-0.79758608,-0.17766923,0
0.33087224,0.17848198,0.73940164,0.576446,0.79758608,0.17766923,0
-1.8708389,0.013446629,3.6790745,-0.54278821,0.21121871,0.81287611,0
-0.23542127,0.53777385,-0.85525948,-0.61081159,0.56501597,-0.55467647,0
1.3665961,0.14768171,-3.2623584,-0.61081159,0.56501597,-0.55467647,0
1.0606103,-0.51981115,0.0062538087,0.61081159,-0.56501597,0.55467647,0
-0.14587206,0.54490626,1.3112253,0.576446,0.79758608,0.17766923,0
-1.994902,1.6283015,1.949859,-0.61081159,0.56501597,-0.55467647,0
-0.1047135,-0.068685845,-1.86344,-0.61081159,0.56501597,-0.55467647,0
1.6148164,-0.34199065,-3.8688083,0.54278821,-0.21121871,-0.81287611,0
-1.6285615,0.57919425,0.51961386,-0.61081159,0.56501597,-0.55467647,0
2.4850202,-0.59159839,-2.4710839,0.576446,0.79758608,0.17766923,0
-1.0118444,0.25203851,3.241307,0.61081159,-0.56501597,0.55467647,0
-1.5991837,0.92183006,3.7155902,-0.54278821,0.21121871,0.81287611,0
-2.3295527,1.2059774,2.1274538,-0.61081159,0.56501597,-0.55467647,0
0.28502697,-0.39997768,-1.9711611,-0.576446,-0.79758608,-0.17766923,0
-2.1471183,0.58913589,3.4441462,-0.54278821,0.21121871,0.81287611,0
-1.7743818,0.72443491,1.0481066,-0.61081159,0.56501597,-0.55467647,0
-0.80281585,0.39089859,-0.50170422,-0.61081159,0.56501597,-0.55467647,0
1.2814318,-0.36661157,-3.6295741,-0.61081159,0.56501597,-0.55467647,0
-2.6420383,1.1928735,2.9399238,-0.54278821,0.21121871,0.81287611,0
-0.58906198,0.86671281,-0.18217362,-0.61081159,0.56501597,-0.55467647,0
1.1484895,-0.10959172,-0.071639135,0.576446,0.79758608,0.17766923,0
-2.0835636,1.0165255,3.3394263,-0.54278821,0.21121871,0.81287611,0
0.90910256,0.073714018,-2.8284321,-0.61081159,0.56501597,-0.55467647,0
-0.78178799,0.4295665,-0.36479852,-0.61081159,0.56501597,-0.55467647,0
-2.4349253,0.38566387,3.2804267,-0.54278821,0.21121871,0.81287611,0
-2.6063845,1.5216742,2.7915063,-0.54278821,0.21121871,0.81287611,0
