0.62605584,-2.7955894,-1.0069346,0.3505505,-0.93127102,-0.099239826,0
-1.4518752,2.7019651,0.31449103,-0.3505505,0.93127102,0.099239826,0
1.4782431,-2.7991953,0.39606714,0.3505505,-0.93127102,-0.099239826,0
-0.15485358,-2.3733115,-0.7165103,-0.69234693,-0.18632948,-0.69709182,0
0.21196604,2.0321052,0.60056937,0.69234693,0.18632948,0.69709182,0
-0.69303977,2.86324,1.0652583,-0.3505505,0.93127102,0.099239826,0
1.4731071,-2.7725301,0.66483521,0.3505505,-0.93127102,-0.099239826,0
0.65166306,-1.6719741,0.51542425,-0.63069016,-0.31307429,0.71008056,0
1.3654209,-1.0125116,0.42183089,0.69234693,0.18632948,0.69709182,0
-0.063079596,-2.5314264,-0.81966972,-0.69234693,-0.18632948,-0.69709182,0
1.692432,-2.6291101,0.42436218,0.3505505,-0.93127102,-0.099239826,0
-0.16935582,-0.45597628,0.34387186,-0.63069016,-0.31307429,0.71008056,0
0.62841332,-2.8350594,-0.58847713,0.3505505,-0.93127102,-0.099239826,0
1.4476404,-1.6540942,0.36142993,0.69234693,0.18632948,0.69709182,0
-0.32971442,-1.1197714,-0.87266493,-0.69234693,-0.18632948,-0.69709182,0
-0.12959969,-1.7900085,-0.15154934,-0.63069016,-0.31307429,0.71008056,0
-1.8604994,2.4733922,-0.25041938,-0.69234693,-0.18632948,-0.69709182,0
-0.078349352,1.1746775,1.1428533,-0.63069016,-0.31307429,0.71008056,0
-0.12615871,2.5470767,0.97596288,0.69234693,0.18632948,0.69709182,0
1.6364622,-2.7243831,0.21652651,0.3505505,-0.93127102,-0.099239826,0
1.3353323,-0.82205212,0.27198648,0.69234693,0.18632948,0.69709182,0
1.3189616,-2.7748177,0.065060377,0.3505505,-0.93127102,-0.099239826,0
0.8387388,-1.1678967,-0.55466664,0.63069016,0.31307429,-0.71008056,0
1.0953648,-1.7921464,0.80098534,0.69234693,0.18632948,0.69709182,0
0.44182742,1.3686879,0.50772238,0.69234693,0.18632948,0.69709182,0
-1.3156443,2.1217625,-0.72040486,-0.69234693,-0.18632948,-0.69709182,0
-0.024545431,-1.8269923,-0.23599911,-0.63069016,-0.31307429,0.71008056,0
-1.1472998,1.6151502,0.35382438,-0.63069016,-0.31307429,0.71008056,0
1.2379131,-2.7640011,0.4353559,0.3505505,-0.93127102,-0.099239826,0
-0.82753921,2.3383839,1.096307,-0.63069016,-0.31307429,0.71008056,0
1.7172019,-1.5512538,0.10348201,0.63069016,0.31307429,-0.71008056,0
-0.21324515,2.426903,0.2505393,0.63069016,0.31307429,-0.71008056,0
-0.65903449,-0.95210272,-0.26002592,-0.63069016,-0.31307429,0.71008056,0
0.18712628,0.36793742,0.99860466,-0.63069016,-0.31307429,0.71008056,0
1.1855791,-2.7898867,-0.055634975,0.3505505,-0.93127102,-0.099239826,0
1.0480502,-0.42070687,0.47408855,0.69234693,0.18632948,0.69709182,0
-1.3340476,2.6643775,0.040628433,-0.3505505,0.93127102,0.099239826,0
1.1128185,-2.6441598,-0.50311828,0.3505505,-0.93127102,-0.099239826,0
-1.7584069,2.0234129,-0.20428467,-0.69234693,-0.18632948,-0.69709182,0
-0.74052894,2.5700634,1.0503156,-0.63069016,-0.31307429,0.71008056,0
-1.6207852,2.4729211,0.36092448,-0.3505505,0.93127102,0.099239826,0
0.37952524,-1.1489259,0.56075472,-0.63069016,-0.31307429,0.71008056,0
1.0791118,-2.7720063,-0.24441767,0.3505505,-0.93127102,-0.099239826,0
-0.51713419,3.0325708,0.74238873,-0.3505505,0.93127102,0.099239826,0
0.045349479,1.2396452,1.1287212,0.69234693,0.18632948,0.69709182,0
0.48455644,-2.7750812,-1.232806,-0.69234693,-0.18632948,-0.69709182,0
-0.2437948,-0.97169113,-0.00072777271,-0.63069016,-0.31307429,0.71008056,0
-0.6322912,-0.43139416,-0.82443547,-0.69234693,-0.18632948,-0.69709182,0
1.2714206,-1.7641464,0.50836015,0.69234693,0.18632948,0.69709182,0
0.55089021,-0.37537229,1.0237364,0.69234693,0.18632948,0.69709182,0
1.3800246,-0.67397845,0.21012306,0.69234693,0.18632948,0.69709182,0
0.63352245,0.095292374,0.75312042,0.69234693,0.18632948,0.69709182,0
1.2466689,-0.8837446,0.12547302,0.63069016,0.31307429,-0.71008056,0
-0.790425,2.8713949,-0.01314044,-0.3505505,0.93127102,0.099239826,0
1.188367,-2.6194472,-0.62846518,0.3505505,-0.93127102,-0.099239826,0
-1.3585532,2.5888917,0.64215469,-0.3505505,0.93127102,0.099239826,0
-0.56762385,2.2092214,1.119722,-0.63069016,-0.31307429,0.71008056,0
1.4773854,-2.2652502,-0.40007353,0.63069016,0.31307429,-0.71008056,0
0.60899734,-0.052541837,0.71224648,0.69234693,0.18632948,0.69709182,0
-0.68143356,-0.41881287,-0.64678693,-0.69234693,-0.18632948,-0.69709182,0
1.3514563,-2.5662537,-0.65189576,0.3505505,-0.93127102,-0.099239826,0
-0.42264444,1.4505396,-0.33751464,0.63069016,0.31307429,-0.71008056,0
-0.64010376,1.1915088,-0.69630545,0.63069016,0.31307429,-0.71008056,0
-1.1034042,2.7564273,0.65211773,-0.3505505,0.93127102,0.099239826,0
1.4334364,-0.85578597,0.18338311,0.63069016,0.31307429,-0.71008056,0
-1.5837488,1.4025354,-0.34066868,-0.69234693,-0.18632948,-0.69709182,0
0.076907635,0.22476512,0.81671488,-0.63069016,-0.31307429,0.71008056,0
-0.40543222,2.8987725,1.0247679,-0.3505505,0.93127102,0.099239826,0
0.028474092,2.241189,0.80382538,0.69234693,0.18632948,0.69709182,0
-0.25690073,0.061991423,0.40017283,-0.63069016,-0.31307429,0.71008056,0
-0.74136603,2.0071111,-0.50832355,0.63069016,0.31307429,-0.71008056,0
-0.010471344,2.3047838,0.74551988,0.69234693,0.18632948,0.69709182,0
-0.2798357,3.1248856,0.66365266,-0.3505505,0.93127102,0.099239826,0
-0.028891802,-1.607491,-1.0534098,-0.69234693,-0.18632948,-0.69709182,0
1.6336567,-2.6149573,-0.12720442,0.3505505,-0.93127102,-0.099239826,0
-0.66788971,2.7864292,0.80163074,-0.3505505,0.93127102,0.099239826,0
-0.87996089,-0.71940261,-0.4863264,-0.69234693,-0.18632948,-0.69709182,0
0.39052522,0.130822,0.99567342,0.69234693,0.18632948,0.69709182,0
-1.1432271,2.8992898,-0.051107883,-0.3505505,0.93127102,0.099239826,0
-1.1491165,1.4145914,0.34716415,-0.63069016,-0.31307429,0.71008056,0
-0.098728895,1.6640881,1.102095,0.69234693,0.18632948,0.69709182,0
-1.1857857,2.7805228,-0.40592003,-0.3505505,0.93127102,0.099239826,0
0.0025179386,-2.2468507,-0.94505215,-0.69234693,-0.18632948,-0.69709182,0
-0.60665953,-0.37168613,-0.75774997,-0.69234693,-0.18632948,-0.69709182,0
-1.509534,2.5875199,-0.27131939,-0.3505505,0.93127102,0.099239826,0
0.97072649,-2.9703937,0.10904813,0.3505505,-0.93127102,-0.099239826,0
0.95418692,-1.1300203,0.69140995,0.69234693,0.18632948,0.69709182,0
-1.104858,2.7779925,-0.14402151,-0.3505505,0.93127102,0.099239826,0
-1.2257721,0.75476277,-0.4935745,-0.69234693,-0.18632948,-0.69709182,0
-1.1284699,1.2566693,-0.58650184,-0.69234693,-0.18632948,-0.69709182,0
1.0556097,-2.9498479,0.32173252,0.3505505,-0.93127102,-0.099239826,0
-0.17546999,1.6923965,-0.031882048,0.63069016,0.31307429,-0.71008056,0
-0.61726236,1.7271827,-0.37611997,0.63069016,0.31307429,-0.71008056,0
-1.0473086,2.8033543,0.88153172,-0.3505505,0.93127102,0.099239826,0
-1.3854269,2.7887557,-0.27919769,-0.3505505,0.93127102,0.099239826,0
-0.67123294,-0.59496152,-0.57489836,-0.69234693,-0.18632948,-0.69709182,0
0.51569498,1.246769,0.57898784,0.69234693,0.18632948,0.69709182,0
-1.5082667,1.0263531,-0.13484597,-0.69234693,-0.18632948,-0.69709182,0
-0.030483246,-1.1572731,-0.9992559,-0.69234693,-0.18632948,-0.69709182,0
0.90807176,-0.20878804,0.69648075,0.69234693,0.18632948,0.69709182,0
-1.1184468,2.8309929,-0.22398186,-0.3505505,0.93127102,0.099239826,0
-1.2275909,1.2244339,-0.45022261,-0.69234693,-0.18632948,-0.69709182,0
0.5999012,-2.6598291,-1.2491922,0.63069016,0.31307429,-0.71008056,0
-0.80724394,2.6669281,1.2126088,-0.63069016,-0.31307429,0.71008056,0
-0.25482798,-0.85072231,-0.91324008,-0.69234693,-0.18632948,-0.69709182,0
0.90440816,-0.29252493,0.10218167,0.63069016,0.31307429,-0.71008056,0
0.78090668,-2.8860989,-1.1414366,0.3505505,-0.93127102,-0.099239826,0
0.91848791,-2.8747122,-0.94676137,0.3505505,-0.93127102,-0.099239826,0
-0.60075545,2.0876522,1.2085516,-0.63069016,-0.31307429,0.71008056,0
-1.8013368,2.446835,0.10376978,-0.3505505,0.93127102,0.099239826,0
1.0057212,-2.7936387,0.41540408,0.3505505,-0.93127102,-0.099239826,0
-0.92154711,2.9845097,-0.044626951,-0.3505505,0.93127102,0.099239826,0
-0.048350334,-1.8483045,-0.098791599,-0.63069016,-0.31307429,0.71008056,0
0.531003,-2.9525757,-1.0242786,0.3505505,-0.93127102,-0.099239826,0
-0.90832394,2.7908268,0.25300121,-0.3505505,0.93127102,0.099239826,0
-2.070322,2.4334559,-0.10911965,-0.69234693,-0.18632948,-0.69709182,0
-0.23815215,-1.5258398,-0.87429988,-0.69234693,-0.18632948,-0.69709182,0
0.69374335,-0.81133187,-0.50366735,0.63069016,0.31307429,-0.71008056,0
0.3895402,-2.5385127,-1.2072949,-0.69234693,-0.18632948,-0.69709182,0
0.18656731,-3.1574163,-0.63764763,0.3505505,-0.93127102,-0.099239826,0
1.209223,-2.416048,-0.63345718,0.63069016,0.31307429,-0.71008056,0
-0.44134545,2.944633,0.67914534,-0.3505505,0.93127102,0.099239826,0
-0.62367845,1.7860003,-0.41703033,0.63069016,0.31307429,-0.71008056,0
0.9998734,-1.363883,-0.31996477,0.63069016,0.31307429,-0.71008056,0
0.26759803,-2.0626643,0.022302747,-0.63069016,-0.31307429,0.71008056,0
1.0019417,-2.8515871,0.33799314,0.3505505,-0.93127102,-0.099239826,0
0.41300964,0.11431926,1.0729934,-0.63069016,-0.31307429,0.71008056,0
-1.5690322,1.8175294,-0.22396755,-0.69234693,-0.18632948,-0.69709182,0
0.21114957,-2.1925163,-0.15915215,-0.63069016,-0.31307429,0.71008056,0
0.85811579,-0.25430262,0.67129719,0.69234693,0.18632948,0.69709182,0
-1.5950618,2.6383882,-0.13253045,-0.3505505,0.93127102,0.099239826,0
1.5414209,-2.6023369,0.31487846,0.3505505,-0.93127102,-0.099239826,0
1.5853732,-2.7540443,0.44638538,0.3505505,-0.93127102,-0.099239826,0
1.0645677,0.075246096,0.2677061,0.69234693,0.18632948,0.69709182,0
1.4807384,-1.7784181,-0.21904349,0.63069016,0.31307429,-0.71008056,0
-1.5415289,2.3364398,-0.66414189,-0.69234693,-0.18632948,-0.69709182,0
-0.72025764,2.8254395,0.57672572,-0.3505505,0.93127102,0.099239826,0
1.1535767,-2.8149793,-0.58272362,0.3505505,-0.93127102,-0.099239826,0
1.9681085,-2.4892397,0.005589962,0.3505505,-0.93127102,-0.099239826,0
-0.032690167,-1.6741803,-0.86248302,-0.69234693,-0.18632948,-0.69709182,0
-1.4263221,2.5610509,0.37618661,-0.3505505,0.93127102,0.099239826,0
-0.57303989,2.0838289,1.2497209,-0.63069016,-0.31307429,0.71008056,0
1.3772607,-2.1662872,0.74522972,0.69234693,0.18632948,0.69709182,0
1.8519046,-2.5829027,0.0040922165,0.3505505,-0.93127102,-0.099239826,0
1.3016448,-2.7385073,0.06220746,0.3505505,-0.93127102,-0.099239826,0
-1.5975655,1.6805091,0.10249567,-0.63069016,-0.31307429,0.71008056,0
1.1292744,-1.7277831,0.67552233,0.69234693,0.18632948,0.69709182,0
0.019525528,-2.9367304,-0.46826935,-0.63069016,-0.31307429,0.71008056,0
1.4763477,-2.6998656,-0.014633656,0.3505505,-0.93127102,-0.099239826,0
-0.88891661,2.9271579,-0.28913474,-0.3505505,0.93127102,0.099239826,0
0.64613461,-2.9366889,-0.41398144,0.3505505,-0.93127102,-0.099239826,0
0.82093126,-0.84700066,0.88679993,0.69234693,0.18632948,0.69709182,0
-0.31567907,1.0032148,0.92551512,-0.63069016,-0.31307429,0.71008056,0
0.86129504,-0.716555,0.79297644,0.69234693,0.18632948,0.69709182,0
0.32134044,0.18622637,1.1641648,-0.63069016,-0.31307429,0.71008056,0
-1.6704118,2.0165739,0.071409941,-0.63069016,-0.31307429,0.71008056,0
0.70161742,-1.7421812,0.54896188,-0.63069016,-0.31307429,0.71008056,0
-1.4952325,2.1697633,0.22858596,-0.63069016,-0.31307429,0.71008056,0
-0.19680315,-1.2566829,0.10179037,-0.63069016,-0.31307429,0.71008056,0
-0.11124396,-2.7640336,-0.72498775,-0.69234693,-0.18632948,-0.69709182,0
0.3515265,-2.7913489,-0.218261,-0.63069016,-0.31307429,0.71008056,0
-1.356843,2.7988906,-0.4375577,-0.3505505,0.93127102,0.099239826,0
1.2928163,-2.8708,0.47329068,0.3505505,-0.93127102,-0.099239826,0
-0.11859071,-0.14316554,-0.8840344,0.63069016,0.31307429,-0.71008056,0
-0.35471165,2.9138854,0.79244566,-0.3505505,0.93127102,0.099239826,0
-0.4536624,-0.85626245,-0.8352806,-0.69234693,-0.18632948,-0.69709182,0
0.11152363,-2.9834437,-0.64439845,-0.69234693,-0.18632948,-0.69709182,0
1.0339184,-2.1688483,-0.7089808,0.63069016,0.31307429,-0.71008056,0
0.59297496,0.30489922,0.64918745,0.69234693,0.18632948,0.69709182,0
-1.7448629,2.1009705,-0.17595148,-0.69234693,-0.18632948,-0.69709182,0
0.91094881,-0.22600877,0.51985741,0.69234693,0.18632948,0.69709182,0
0.96535635,0.080908358,0.35022911,0.69234693,0.18632948,0.69709182,0
-1.1630442,2.7255259,0.74939299,-0.3505505,0.93127102,0.099239826,0
1.5154289,-2.1680634,-0.21025658,0.63069016,0.31307429,-0.71008056,0
-0.047683239,0.66829121,-0.53811795,0.63069016,0.31307429,-0.71008056,0
0.71723986,-2.7855818,-1.1781962,0.3505505,-0.93127102,-0.099239826,0
-1.4287699,2.7268617,0.50505066,-0.3505505,0.93127102,0.099239826,0
0.21623194,0.45671737,1.0694133,-0.63069016,-0.31307429,0.71008056,0
-0.66509259,-0.40412271,-0.065113381,-0.63069016,-0.31307429,0.71008056,0
-0.47127664,1.3446412,1.0058795,-0.63069016,-0.31307429,0.71008056,0
0.71407032,-2.7652264,-1.2940276,0.63069016,0.31307429,-0.71008056,0
-0.43972135,1.7173532,-0.23988044,0.63069016,0.31307429,-0.71008056,0
0.86726528,-0.90236336,0.93304151,0.69234693,0.18632948,0.69709182,0
-0.091774464,2.5287232,0.73639083,0.69234693,0.18632948,0.69709182,0
-1.0235499,2.7775612,-0.18896842,-0.3505505,0.93127102,0.099239826,0
-1.6119719,2.7106454,-0.65304637,-0.3505505,0.93127102,0.099239826,0
0.99728525,-2.6682253,-0.85277033,0.3505505,-0.93127102,-0.099239826,0
-1.4306052,1.0219609,0.017196178,-0.63069016,-0.31307429,0.71008056,0
-1.7119086,2.288667,-0.31733131,-0.69234693,-0.18632948,-0.69709182,0
-0.462605,-1.2241459,-0.2893939,-0.63069016,-0.31307429,0.71008056,0
0.41151226,0.93217176,0.76716119,0.69234693,0.18632948,0.69709182,0
0.33814824,1.8443851,0.50468874,0.69234693,0.18632948,0.69709182,0
-0.51652592,0.21806549,-0.89562142,-0.69234693,-0.18632948,-0.69709182,0
-0.5877248,3.0454602,0.22144938,-0.3505505,0.93127102,0.099239826,0
-0.95231444,2.7115495,-0.35893655,0.63069016,0.31307429,-0.71008056,0
-1.4293803,1.3770849,-0.28789735,-0.69234693,-0.18632948,-0.69709182,0
0.69220954,0.26615825,0.549685,0.69234693,0.18632948,0.69709182,0
-1.2696524,2.7617884,0.60244727,-0.3505505,0.93127102,0.099239826,0
-0.21757948,0.31894392,0.78775108,-0.63069016,-0.31307429,0.71008056,0
-1.2476039,2.8096333,-0.30326533,-0.3505505,0.93127102,0.099239826,0
1.7309947,-2.5674345,0.39427567,0.3505505,-0.93127102,-0.099239826,0
1.8861666,-2.0274882,0.11936975,0.69234693,0.18632948,0.69709182,0
1.2165108,-1.8157108,0.65906703,0.69234693,0.18632948,0.69709182,0
0.2615872,-1.7503405,0.069892526,-0.63069016,-0.31307429,0.71008056,0
0.78767425,-0.31270504,0.80551565,0.69234693,0.18632948,0.69709182,0
-1.3511865,2.6483643,-0.38469505,-0.3505505,0.93127102,0.099239826,0
-0.033507586,-2.5169988,-0.70777869,-0.69234693,-0.18632948,-0.69709182,0
-0.91741228,2.8301046,0.99531388,-0.3505505,0.93127102,0.099239826,0
1.4200951,-1.4226689,0.2786057,0.69234693,0.18632948,0.69709182,0
0.87124968,-2.3891709,0.40905714,-0.63069016,-0.31307429,0.71008056,0
0.13980889,-0.32126895,0.71427047,-0.63069016,-0.31307429,0.71008056,0
-0.01050663,-2.7819262,-0.4843905,-0.63069016,-0.31307429,0.71008056,0
1.3246207,-1.064374,-0.095888257,0.63069016,0.31307429,-0.71008056,0
0.56180203,1.6306055,0.38643962,0.63069016,0.31307429,-0.71008056,0
0.12288782,0.28492373,-0.60604799,0.63069016,0.31307429,-0.71008056,0
0.45012283,1.7981254,0.35699558,0.63069016,0.31307429,-0.71008056,0
0.9778775,-0.022721589,0.329386,0.69234693,0.18632948,0.69709182,0
-0.68986309,2.4663956,1.1298249,-0.63069016,-0.31307429,0.71008056,0
-0.56629348,2.9227595,0.072091341,-0.3505505,0.93127102,0.099239826,0
0.795205,-0.0048286915,0.067813396,0.63069016,0.31307429,-0.71008056,0
-0.75598919,-0.93603396,-0.32860613,-0.69234693,-0.18632948,-0.69709182,0
-0.28697723,0.42331532,0.68441612,-0.63069016,-0.31307429,0.71008056,0
0.27917314,1.9810107,0.70363915,0.69234693,0.18632948,0.69709182,0
1.5685526,-2.6463521,0.60185218,0.3505505,-0.93127102,-0.099239826,0
-0.54392332,0.11417431,0.28933349,-0.63069016,-0.31307429,0.71008056,0
0.36270756,-1.331838,0.44798791,-0.63069016,-0.31307429,0.71008056,0
0.33016831,1.1561979,0.0827021,0.63069016,0.31307429,-0.71008056,0
0.93811232,0.093389034,0.38912582,0.69234693,0.18632948,0.69709182,0
-0.55990422,-1.6254234,-0.57558483,-0.69234693,-0.18632948,-0.69709182,0
-0.93378091,-0.48171511,-0.42736167,-0.69234693,-0.18632948,-0.69709182,0
0.25204396,1.3408697,0.94821334,0.69234693,0.18632948,0.69709182,0
1.151522,-2.7941933,0.40900683,-0.63069016,-0.31307429,0.71008056,0
-1.1416671,2.777986,0.56912947,-0.3505505,0.93127102,0.099239826,0
-0.66980219,0.51440704,-1.0440807,-0.69234693,-0.18632948,-0.69709182,0
1.1339607,-0.24842709,0.11796314,0.63069016,0.31307429,-0.71008056,0
0.66511023,-0.63905346,0.90102875,0.69234693,0.18632948,0.69709182,0
0.10396433,-2.6318214,-0.80446315,-0.69234693,-0.18632948,-0.69709182,0
-0.73404735,2.0159006,-0.41841054,0.63069016,0.31307429,-0.71008056,0
0.25532818,1.3831556,0.69028711,0.69234693,0.18632948,0.69709182,0
-1.1309229,1.258939,-0.53036547,-0.69234693,-0.18632948,-0.69709182,0
-0.94215882,2.8126032,0.75133848,-0.3505505,0.93127102,0.099239826,0
0.91151011,-0.6071977,-0.22441876,0.63069016,0.31307429,-0.71008056,0
-1.4837013,2.6488187,0.33766866,-0.3505505,0.93127102,0.099239826,0
1.5015863,-2.6185172,-0.46806073,0.3505505,-0.93127102,-0.099239826,0
-1.0325917,2.5809474,-0.60247159,0.63069016,0.31307429,-0.71008056,0
-0.14762402,1.8303299,1.0498379,0.69234693,0.18632948,0.69709182,0
-1.0742042,2.8609278,0.25491405,-0.3505505,0.93127102,0.099239826,0
-0.16281962,-2.2178459,-0.56188381,-0.69234693,-0.18632948,-0.69709182,0
0.08480978,2.0363302,0.36014342,0.63069016,0.31307429,-0.71008056,0
-0.30917013,0.69051802,0.64741105,-0.63069016,-0.31307429,0.71008056,0
1.3960866,-2.6791704,0.030510902,0.3505505,-0.93127102,-0.099239826,0
0.53754067,-2.3447564,-1.3001704,0.63069016,0.31307429,-0.71008056,0
1.055825,-2.4639924,-0.92196512,0.63069016,0.31307429,-0.71008056,0
-0.72106755,-0.64446074,-0.60557705,-0.69234693,-0.18632948,-0.69709182,0
-1.5851574,2.5182459,0.18439364,-0.3505505,0.93127102,0.099239826,0
0.36791396,-2.9588935,-0.40171647,0.3505505,-0.93127102,-0.099239826,0
-1.7377281,2.0365224,-0.29790068,-0.69234693,-0.18632948,-0.69709182,0
1.6177545,-2.5723486,0.38146281,0.3505505,-0.93127102,-0.099239826,0
-1.1625791,0.62867475,-0.4277972,-0.69234693,-0.18632948,-0.69709182,0
-0.50230026,2.9753962,0.32210159,-0.3505505,0.93127102,0.099239826,0
-1.6001899,2.6413922,-0.038590431,-0.3505505,0.93127102,0.099239826,0
0.26551163,-1.4470533,-1.1310471,0.63069016,0.31307429,-0.71008056,0
1.0985261,-2.3033099,0.64722705,-0.63069016,-0.31307429,0.71008056,0
-1.5328319,2.1983747,-0.39594197,-0.69234693,-0.18632948,-0.69709182,0
0.91591918,0.59624434,0.43139201,0.63069016,0.31307429,-0.71008056,0
1.0322888,-2.8094935,-0.013685226,0.3505505,-0.93127102,-0.099239826,0
-0.27050442,0.83016205,0.73052418,-0.63069016,-0.31307429,0.71008056,0
-0.85580873,2.7068424,1.0556002,-0.63069016,-0.31307429,0.71008056,0
-0.29406714,2.9318786,0.8696959,0.69234693,0.18632948,0.69709182,0
-1.3282348,2.852865,-0.58577538,-0.3505505,0.93127102,0.099239826,0
-0.455392,-0.9462198,-0.86230379,-0.69234693,-0.18632948,-0.69709182,0
0.49200702,-2.9394495,-1.1044979,0.3505505,-0.93127102,-0.099239826,0
1.1790357,-1.0427091,-0.0083066225,0.63069016,0.31307429,-0.71008056,0
-0.86247581,2.2795208,-0.47593188,0.63069016,0.31307429,-0.71008056,0
0.83578372,-1.0526135,-0.51202083,0.63069016,0.31307429,-0.71008056,0
-1.3622833,2.621845,0.43252921,-0.3505505,0.93127102,0.099239826,0
0.59842885,-2.9540446,-1.0134678,0.3505505,-0.93127102,-0.099239826,0
1.8480833,-2.4196687,-0.19378471,0.3505505,-0.93127102,-0.099239826,0
0.35657191,-2.1969645,-1.2638956,0.63069016,0.31307429,-0.71008056,0
-0.11288023,-2.3712983,-0.66386425,-0.69234693,-0.18632948,-0.69709182,0
0.032699347,1.7201655,0.2128557,0.63069016,0.31307429,-0.71008056,0
1.4082142,-2.6248035,0.017890453,0.3505505,-0.93127102,-0.099239826,0
0.5586077,-2.8889236,-0.44195771,0.3505505,-0.93127102,-0.099239826,0
-1.6944511,2.6143191,0.10364246,-0.3505505,0.93127102,0.099239826,0
1.2275957,-2.7728205,-0.26727676,0.3505505,-0.93127102,-0.099239826,0
0.088552833,-2.9167109,-0.38171744,-0.63069016,-0.31307429,0.71008056,0
-0.85704273,1.2839786,-0.89866668,0.63069016,0.31307429,-0.71008056,0
-1.4522719,1.3662288,0.10492539,-0.63069016,-0.31307429,0.71008056,0
-1.4538366,2.5785809,0.33895564,-0.3505505,0.93127102,0.099239826,0
0.52000272,-2.8880138,-0.32557464,0.3505505,-0.93127102,-0.099239826,0
-0.92135221,2.7794309,-0.038841248,-0.3505505,0.93127102,0.099239826,0
-0.63976502,2.9741507,0.23332548,-0.3505505,0.93127102,0.099239826,0
-0.82139182,2.8372045,0.80598092,-0.3505505,0.93127102,0.099239826,0
-0.34654832,2.5868692,1.1011372,0.69234693,0.18632948,0.69709182,0
0.20761061,-1.184008,-1.0198491,0.63069016,0.31307429,-0.71008056,0
1.1739672,-0.618909,0.48149097,0.69234693,0.18632948,0.69709182,0
-0.33985472,2.1634917,1.2761054,0.69234693,0.18632948,0.69709182,0
1.1104198,-2.7154222,-0.43245506,0.3505505,-0.93127102,-0.099239826,0
-0.37513852,2.9914799,0.94599891,-0.3505505,0.93127102,0.099239826,0
-0.86701465,0.68164104,-0.66113323,-0.69234693,-0.18632948,-0.69709182,0
-0.62946165,0.40444961,0.20917451,-0.63069016,-0.31307429,0.71008056,0
0.03933835,1.1925193,1.003875,0.69234693,0.18632948,0.69709182,0
0.042417526,1.0781225,1.0353687,0.69234693,0.18632948,0.69709182,0
-0.42949212,3.0438786,0.24470329,-0.3505505,0.93127102,0.099239826,0
-0.77345335,2.8571177,1.1042767,-0.3505505,0.93127102,0.099239826,0
1.2577237,-2.7449348,-0.57094598,0.3505505,-0.93127102,-0.099239826,0
0.017040968,3.1796169,0.68054557,-0.3505505,0.93127102,0.099239826,0
-0.56286734,0.36764768,-0.88630253,-0.69234693,-0.18632948,-0.69709182,0
-0.23694006,-0.93186581,0.15903449,-0.63069016,-0.31307429,0.71008056,0
0.43432522,0.33070296,0.85114622,0.69234693,0.18632948,0.69709182,0
-1.612507,2.5736432,0.089061022,-0.3505505,0.93127102,0.099239826,0
-0.42786705,2.991756,0.83084393,-0.3505505,0.93127102,0.099239826,0
-1.4618993,0.83718687,-0.18763602,-0.69234693,-0.18632948,-0.69709182,0
-0.81114519,2.8083198,0.4769907,-0.3505505,0.93127102,0.099239826,0
-0.61992979,2.8207426,1.3063345,-0.3505505,0.93127102,0.099239826,0
-0.86216593,0.40144569,0.075855672,-0.63069016,-0.31307429,0.71008056,0
-0.25239706,-1.6237676,-0.75529712,-0.69234693,-0.18632948,-0.69709182,0
0.58803797,-2.1755819,-1.0977987,0.63069016,0.31307429,-0.71008056,0
0.80503714,0.28243095,0.11458108,0.63069016,0.31307429,-0.71008056,0
1.5971557,-2.4922142,-0.3928659,0.63069016,0.31307429,-0.71008056,0
-0.71090466,-0.044468164,-0.6910013,-0.69234693,-0.18632948,-0.69709182,0
-0.92356819,0.29854062,-0.68814802,-0.69234693,-0.18632948,-0.69709182,0
0.37333977,1.7794094,0.48909724,0.63069016,0.31307429,-0.71008056,0
-0.25950634,-1.423726,-0.71211803,-0.69234693,-0.18632948,-0.69709182,0
-0.49457586,-0.84904134,-0.61275947,-0.69234693,-0.18632948,-0.69709182,0
-0.39121813,-1.0240569,0.0022144318,-0.63069016,-0.31307429,0.71008056,0
-0.55859518,3.071898,0.37700534,-0.3505505,0.93127102,0.099239826,0
0.40213287,-2.9921534,-0.29014707,0.3505505,-0.93127102,-0.099239826,0
1.0532614,-0.21980304,0.20024186,0.63069016,0.31307429,-0.71008056,0
-0.7517423,2.9142637,0.12562466,-0.3505505,0.93127102,0.099239826,0
-0.6163125,1.0437872,0.53647614,-0.63069016,-0.31307429,0.71008056,0
-0.50799656,-1.3716772,-0.63958663,-0.69234693,-0.18632948,-0.69709182,0
0.61138391,0.19361477,0.67490637,0.69234693,0.18632948,0.69709182,0
0.5359962,-2.060024,-1.1816113,0.63069016,0.31307429,-0.71008056,0
0.18438846,-0.26814464,-0.63369143,0.63069016,0.31307429,-0.71008056,0
-0.70552027,2.9333613,0.50030422,-0.3505505,0.93127102,0.099239826,0
-0.088030696,-0.93910837,0.25762933,-0.63069016,-0.31307429,0.71008056,0
-0.12382412,1.9051573,1.1099315,0.69234693,0.18632948,0.69709182,0
-0.2574048,3.0594239,0.39799333,-0.3505505,0.93127102,0.099239826,0
0.017469883,0.93565553,1.1057702,0.69234693,0.18632948,0.69709182,0
-1.0974257,2.8112352,-0.49559951,-0.3505505,0.93127102,0.099239826,0
-1.37532,0.73867303,-0.23935747,-0.69234693,-0.18632948,-0.69709182,0
0.2513715,-1.6149664,-1.1224732,0.63069016,0.31307429,-0.71008056,0
1.4038655,-2.0038044,0.60667109,0.69234693,0.18632948,0.69709182,0
0.35582021,-1.9348307,0.25151074,-0.63069016,-0.31307429,0.71008056,0
1.5503277,-1.1491863,0.17229986,0.63069016,0.31307429,-0.71008056,0
0.93723339,-0.29078436,-0.046654761,0.63069016,0.31307429,-0.71008056,0
-1.4246733,2.6219368,-0.35487676,-0.3505505,0.93127102,0.099239826,0
-0.96654272,0.67918336,0.25505936,-0.63069016,-0.31307429,0.71008056,0
-0.76262629,2.849493,1.0724554,-0.3505505,0.93127102,0.099239826,0
-1.0600259,2.7005315,0.34721613,-0.3505505,0.93127102,0.099239826,0
-0.1019752,2.0153968,1.0007169,0.69234693,0.18632948,0.69709182,0
-0.48047018,-1.4341061,-0.70696652,-0.69234693,-0.18632948,-0.69709182,0
0.48131418,-2.9907498,-1.0431168,0.3505505,-0.93127102,-0.099239826,0
1.2469909,-2.1262884,0.82068753,-0.63069016,-0.31307429,0.71008056,0
0.59552753,-1.9410429,0.31187308,-0.63069016,-0.31307429,0.71008056,0
0.56924921,-1.3615332,-0.69037986,0.63069016,0.31307429,-0.71008056,0
-0.29579425,0.3203176,0.63295722,-0.63069016,-0.31307429,0.71008056,0
-0.65253425,1.9089184,0.96143484,-0.63069016,-0.31307429,0.71008056,0
0.94339019,-2.7472103,-0.14704609,0.3505505,-0.93127102,-0.099239826,0
-0.0088512897,0.96858567,1.0112715,-0.63069016,-0.31307429,0.71008056,0
-0.029102266,-1.4114031,0.027274132,-0.63069016,-0.31307429,0.71008056,0
-0.074954987,1.9415898,0.91719902,0.69234693,0.18632948,0.69709182,0
1.6552186,-2.5547016,0.048799276,0.3505505,-0.93127102,-0.099239826,0
1.7076817,-2.5286703,-0.029154062,0.3505505,-0.93127102,-0.099239826,0
-1.3170664,0.87896359,-0.19337738,-0.63069016,-0.31307429,0.71008056,0
1.2324982,-1.9867669,0.64027762,0.69234693,0.18632948,0.69709182,0
0.74035954,-1.7481689,-0.78918707,0.63069016,0.31307429,-0.71008056,0
-0.58727205,3.0462439,0.42488837,-0.3505505,0.93127102,0.099239826,0
-0.62276912,1.7701576,-0.46397281,0.63069016,0.31307429,-0.71008056,0
-0.12445486,2.4593954,0.3418982,0.63069016,0.31307429,-0.71008056,0
-1.1317497,2.7143707,0.63963771,-0.3505505,0.93127102,0.099239826,0
-0.94454402,1.5993391,-0.79643285,-0.69234693,-0.18632948,-0.69709182,0
-0.098548174,-2.610775,-0.63213062,-0.69234693,-0.18632948,-0.69709182,0
-0.20063496,2.7667868,0.81910872,0.69234693,0.18632948,0.69709182,0
-0.40061498,2.9169445,0.59767818,-0.3505505,0.93127102,0.099239826,0
0.45277691,1.3129823,0.72399223,0.69234693,0.18632948,0.69709182,0
-0.68648857,-0.0010254979,0.026663065,-0.63069016,-0.31307429,0.71008056,0
-0.42397022,0.6625663,0.51093036,-0.63069016,-0.31307429,0.71008056,0
-0.89879596,1.396713,0.60607421,-0.63069016,-0.31307429,0.71008056,0
-2.033426,2.1251128,-0.12334704,-0.69234693,-0.18632948,-0.69709182,0
-1.6530368,2.5272703,-0.31148601,-0.3505505,0.93127102,0.099239826,0
0.67447019,-2.8421884,-0.99773908,0.3505505,-0.93127102,-0.099239826,0
1.3881913,-2.6885235,-0.51441097,0.3505505,-0.93127102,-0.099239826,0
-1.3148113,1.786968,0.3316021,-0.63069016,-0.31307429,0.71008056,0
-0.25244987,0.56703794,-0.75634146,0.63069016,0.31307429,-0.71008056,0
-0.14968851,0.60405266,-0.68404227,0.63069016,0.31307429,-0.71008056,0
-0.62585545,0.078178883,-0.87723768,-0.69234693,-0.18632948,-0.69709182,0
-0.81498379,2.8567746,0.27046418,-0.3505505,0.93127102,0.099239826,0
0.67594385,-2.9856377,-0.36588335,0.3505505,-0.93127102,-0.099239826,0
1.0124459,0.0098621845,0.42804557,0.69234693,0.18632948,0.69709182,0
0.035682678,2.9588232,0.65594339,0.69234693,0.18632948,0.69709182,0
-0.61852664,-0.79830927,-0.20387876,-0.63069016,-0.31307429,0.71008056,0
1.1492748,-2.6318977,-0.67021823,0.3505505,-0.93127102,-0.099239826,0
1.8393097,-2.4417276,0.12117934,0.3505505,-0.93127102,-0.099239826,0
1.6765182,-1.8045847,0.19463825,0.69234693,0.18632948,0.69709182,0
0.067975283,1.6840603,1.0459498,0.69234693,0.18632948,0.69709182,0
-0.73104078,2.9349599,-0.1735878,0.63069016,0.31307429,-0.71008056,0
-1.5534754,2.5732641,0.4252131,-0.3505505,0.93127102,0.099239826,0
1.0887735,-0.51685721,0.033753276,0.63069016,0.31307429,-0.71008056,0
-1.4027705,2.6292956,0.20706725,-0.3505505,0.93127102,0.099239826,0
0.30546975,-3.0171981,-0.86834788,-0.69234693,-0.18632948,-0.69709182,0
-0.21140271,2.1817138,-0.05974555,0.63069016,0.31307429,-0.71008056,0
1.4821841,-0.64003903,0.19915354,0.63069016,0.31307429,-0.71008056,0
-0.19554269,-2.2708216,-0.57185996,-0.69234693,-0.18632948,-0.69709182,0
-0.87581444,2.8940167,-0.16222548,0.63069016,0.31307429,-0.71008056,0
0.29470509,-1.3505543,0.32341528,-0.63069016,-0.31307429,0.71008056,0
-0.83443904,-0.66487461,-0.43863395,-0.69234693,-0.18632948,-0.69709182,0
-0.61220491,-0.44120514,-0.64592218,-0.69234693,-0.18632948,-0.69709182,0
0.79037029,0.20281148,0.11020568,0.63069016,0.31307429,-0.71008056,0
0.038025618,-2.839366,-0.6355803,-0.69234693,-0.18632948,-0.69709182,0
1.4129696,-0.69813251,0.27068567,0.69234693,0.18632948,0.69709182,0
0.89985037,0.61927402,0.34142205,0.63069016,0.31307429,-0.71008056,0
-1.0848805,0.41670018,-0.35454655,-0.69234693,-0.18632948,-0.69709182,0
1.4015055,-2.6149812,-0.5580709,0.3505505,-0.93127102,-0.099239826,0
0.39995098,-0.21235025,-0.52781057,0.63069016,0.31307429,-0.71008056,0
0.2873143,-1.1777822,0.38337195,-0.63069016,-0.31307429,0.71008056,0
0.6079762,0.68816847,0.21899411,0.63069016,0.31307429,-0.71008056,0
-0.55845726,1.5068491,-0.64283586,0.63069016,0.31307429,-0.71008056,0
0.11693978,1.806637,0.87852407,0.69234693,0.18632948,0.69709182,0
-0.28616142,2.0137396,1.2331976,0.69234693,0.18632948,0.69709182,0
-0.33896911,1.0204339,0.81909037,-0.63069016,-0.31307429,0.71008056,0
-1.0905908,2.7598097,0.63872123,-0.3505505,0.93127102,0.099239826,0
-0.75056899,1.8081152,-0.49729979,0.63069016,0.31307429,-0.71008056,0
-1.1368337,2.8568614,0.029145241,-0.3505505,0.93127102,0.099239826,0
0.58885086,-3.0185766,-0.34212446,0.3505505,-0.93127102,-0.099239826,0
1.9379905,-2.4962084,-0.13657928,0.3505505,-0.93127102,-0.099239826,0
1.9581102,-2.345763,-0.02504468,0.63069016,0.31307429,-0.71008056,0
1.2507399,-2.7868173,0.28397822,0.3505505,-0.93127102,-0.099239826,0
-1.3998306,2.1015744,-0.53351212,-0.69234693,-0.18632948,-0.69709182,0
0.7465744,-2.9000416,-0.91298103,0.3505505,-0.93127102,-0.099239826,0
0.20736051,-2.1022902,-1.058253,-0.69234693,-0.18632948,-0.69709182,0
0.84881318,-1.0131896,0.72068381,0.69234693,0.18632948,0.69709182,0
0.78476954,-2.8901651,-0.52068615,0.3505505,-0.93127102,-0.099239826,0
0.41378617,1.6307533,0.58595961,0.69234693,0.18632948,0.69709182,0
0.94039816,-2.8917835,-0.41353941,0.3505505,-0.93127102,-0.099239826,0
-0.72499001,-0.46512094,-0.06100741,-0.63069016,-0.31307429,0.71008056,0
-1.3311276,0.90826565,-0.30582929,-0.69234693,-0.18632948,-0.69709182,0
-1.5818871,2.6256852,0.18030667,-0.3505505,0.93127102,0.099239826,0
1.5363262,-2.6867409,0.40461254,0.3505505,-0.93127102,-0.099239826,0
-0.71436667,2.8421862,1.1951792,-0.3505505,0.93127102,0.099239826,0
-0.3335306,1.8858252,-0.14294255,0.63069016,0.31307429,-0.71008056,0
1.1557938,-0.39823586,0.18585229,0.63069016,0.31307429,-0.71008056,0
-0.8399235,-0.90401047,-0.33210418,-0.63069016,-0.31307429,0.71008056,0
0.51765847,1.5228121,0.56379563,0.69234693,0.18632948,0.69709182,0
0.11639953,-2.4153028,-1.0296314,-0.69234693,-0.18632948,-0.69709182,0
0.023919702,-1.7097473,-1.0157015,-0.69234693,-0.18632948,-0.69709182,0
-1.4059782,1.1693935,-0.11236107,-0.63069016,-0.31307429,0.71008056,0
1.4893235,-2.6963987,-0.058144093,0.3505505,-0.93127102,-0.099239826,0
-1.4754944,2.7035758,-0.053877115,-0.3505505,0.93127102,0.099239826,0
0.41729975,-2.0305774,-1.2284143,-0.69234693,-0.18632948,-0.69709182,0
1.3849913,-2.7484186,0.21092558,0.3505505,-0.93127102,-0.099239826,0
0.81697553,0.087497324,0.52233028,0.69234693,0.18632948,0.69709182,0
-0.53093439,-0.37861979,0.019804053,-0.63069016,-0.31307429,0.71008056,0
0.10799789,2.6378136,0.71565366,0.69234693,0.18632948,0.69709182,0
0.59043932,-3.0582316,-0.42482448,0.3505505,-0.93127102,-0.099239826,0
-1.1964514,1.4029133,-0.55329168,-0.69234693,-0.18632948,-0.69709182,0
1.3427508,-2.7944114,-0.21021461,0.3505505,-0.93127102,-0.099239826,0
1.1316121,-2.7127669,-0.37260604,0.3505505,-0.93127102,-0.099239826,0
-0.73079073,2.8066294,1.0712745,-0.3505505,0.93127102,0.099239826,0
-0.37946576,0.86264288,-0.57153237,0.63069016,0.31307429,-0.71008056,0
-0.17062271,-2.2124531,-0.5875206,-0.69234693,-0.18632948,-0.69709182,0
-0.99447691,2.4535108,0.84658027,-0.63069016,-0.31307429,0.71008056,0
-0.26425016,-1.3442478,-0.80529642,-0.69234693,-0.18632948,-0.69709182,0
1.0461586,-2.8518071,0.12882304,0.3505505,-0.93127102,-0.099239826,0
-1.6929113,2.6043952,-0.25250959,-0.3505505,0.93127102,0.099239826,0
-1.5127494,2.7705703,-0.24246693,-0.3505505,0.93127102,0.099239826,0
-1.2805854,0.61385989,-0.42894471,-0.69234693,-0.18632948,-0.69709182,0
0.3335762,-2.9301162,-0.96756244,0.3505505,-0.93127102,-0.099239826,0
-0.8313309,-0.39726371,-0.42495513,-0.69234693,-0.18632948,-0.69709182,0
-0.84118688,0.32769758,0.033721864,-0.63069016,-0.31307429,0.71008056,0
-0.34707141,1.7887701,1.2851979,-0.63069016,-0.31307429,0.71008056,0
-0.31580448,-0.28858632,-1.1140492,-0.69234693,-0.18632948,-0.69709182,0
0.12281823,-0.64375579,-0.91716206,0.63069016,0.31307429,-0.71008056,0
0.90253562,-2.8511708,-0.25251222,0.3505505,-0.93127102,-0.099239826,0
-1.3982284,2.7743673,0.24308085,-0.3505505,0.93127102,0.099239826,0
-1.1667891,2.7682755,0.78385592,-0.3505505,0.93127102,0.099239826,0
-1.642205,1.7768533,-0.20545936,-0.69234693,-0.18632948,-0.69709182,0
0.74033791,-1.3862374,-0.77796745,0.63069016,0.31307429,-0.71008056,0
1.4294767,-2.6862614,-0.60161805,0.63069016,0.31307429,-0.71008056,0
-1.7592447,2.6774497,-0.37994504,-0.3505505,0.93127102,0.099239826,0
0.78669053,0.23455894,0.072904766,0.63069016,0.31307429,-0.71008056,0
0.26963687,1.3206419,0.10601288,0.63069016,0.31307429,-0.71008056,0
0.30681133,-1.9090111,0.2736994,-0.63069016,-0.31307429,0.71008056,0
-1.3922523,2.6352854,0.39959812,-0.3505505,0.93127102,0.099239826,0
-1.6114767,2.6600881,-0.38824654,-0.3505505,0.93127102,0.099239826,0
1.3834636,-2.6422324,-0.0032019615,0.3505505,-0.93127102,-0.099239826,0
-0.83637273,-0.3504788,-0.31692672,-0.63069016,-0.31307429,0.71008056,0
-0.40473533,-0.19963187,-0.98147583,-0.69234693,-0.18632948,-0.69709182,0
-0.56577164,1.9366224,-0.43414629,0.63069016,0.31307429,-0.71008056,0
0.79135513,-2.8127871,-0.6730423,0.3505505,-0.93127102,-0.099239826,0
-0.09592399,-0.97270066,0.17728436,-0.63069016,-0.31307429,0.71008056,0
-1.3694977,2.7091198,-0.11011791,-0.3505505,0.93127102,0.099239826,0
0.29246569,0.49517411,1.1520911,0.69234693,0.18632948,0.69709182,0
-1.3958318,2.7251976,-0.15099287,-0.3505505,0.93127102,0.099239826,0
1.404731,-2.6855257,0.4975872,0.3505505,-0.93127102,-0.099239826,0
-1.1314627,2.8453591,-0.086609125,-0.3505505,0.93127102,0.099239826,0
-0.30559039,2.5043509,1.1141872,0.69234693,0.18632948,0.69709182,0
-0.040711045,0.39956445,0.93326533,-0.63069016,-0.31307429,0.71008056,0
-0.18930244,-1.2695762,-1.0243959,-0.69234693,-0.18632948,-0.69709182,0
1.9789939,-2.327332,0.089767218,0.69234693,0.18632948,0.69709182,0
0.31840646,0.98768115,0.85716289,0.69234693,0.18632948,0.69709182,0
0.091157436,-2.964092,-0.84165621,-0.69234693,-0.18632948,-0.69709182,0
-0.063488007,-1.9620883,-0.89711905,-0.69234693,-0.18632948,-0.69709182,0
-1.5143495,2.7823825,-0.56614184,-0.3505505,0.93127102,0.099239826,0
1.1683365,-2.721261,0.42878509,0.3505505,-0.93127102,-0.099239826,0
-0.31416267,0.31537873,0.43515593,-0.63069016,-0.31307429,0.71008056,0
-0.88761365,2.2447963,-0.54173636,0.63069016,0.31307429,-0.71008056,0
0.29900742,-3.1177483,-0.56621146,0.3505505,-0.93127102,-0.099239826,0
-0.17126489,-2.0090828,-0.59184575,-0.69234693,-0.18632948,-0.69709182,0
0.37805223,-2.5886602,-1.0406401,-0.69234693,-0.18632948,-0.69709182,0
-1.2882476,2.762851,0.54943633,-0.3505505,0.93127102,0.099239826,0
-0.060765028,-2.2785134,-0.80525541,-0.69234693,-0.18632948,-0.69709182,0
-0.56117952,0.24932668,0.20836198,-0.63069016,-0.31307429,0.71008056,0
0.13353455,2.0533557,0.40538418,0.63069016,0.31307429,-0.71008056,0
1.0194374,-2.7299089,-0.025091171,0.3505505,-0.93127102,-0.099239826,0
-0.22571355,0.14296594,-0.84433675,0.63069016,0.31307429,-0.71008056,0
1.6928849,-2.6478121,0.3425374,0.3505505,-0.93127102,-0.099239826,0
-0.96535981,1.5162649,-0.8410728,-0.69234693,-0.18632948,-0.69709182,0
-0.27256453,1.3325685,-0.39563107,0.63069016,0.31307429,-0.71008056,0
1.249631,-1.9133554,-0.29997826,0.63069016,0.31307429,-0.71008056,0
1.178157,-2.8462758,-0.10449004,0.3505505,-0.93127102,-0.099239826,0
0.72985202,-2.4479063,0.16997266,-0.63069016,-0.31307429,0.71008056,0
-0.55822188,-0.87323296,-0.086237833,-0.63069016,-0.31307429,0.71008056,0
-0.30483603,-0.58922809,0.29802004,-0.63069016,-0.31307429,0.71008056,0
0.88319129,-0.085718036,-0.018379748,0.63069016,0.31307429,-0.71008056,0
1.6460142,-2.6341567,-0.19751239,0.3505505,-0.93127102,-0.099239826,0
1.1930791,-2.7013366,0.27989602,0.3505505,-0.93127102,-0.099239826,0
0.43553746,-1.8693619,-1.0603123,0.63069016,0.31307429,-0.71008056,0
-0.45825419,-0.57607961,0.055257004,-0.63069016,-0.31307429,0.71008056,0
1.6593828,-1.7635579,0.32053566,0.69234693,0.18632948,0.69709182,0
0.95758754,-1.4584639,-0.4748714,0.63069016,0.31307429,-0.71008056,0
1.0934837,-2.9218993,0.29239941,0.3505505,-0.93127102,-0.099239826,0
0.28669485,-1.4668201,0.34966958,-0.63069016,-0.31307429,0.71008056,0
0.89128143,-0.48273966,0.77794152,0.69234693,0.18632948,0.69709182,0
0.28204924,-1.7770035,0.084812999,-0.63069016,-0.31307429,0.71008056,0
-1.5576992,2.2675278,0.33837581,-0.63069016,-0.31307429,0.71008056,0
0.29636741,-1.4290749,-1.1123755,0.63069016,0.31307429,-0.71008056,0
0.0014278889,1.8484941,0.88415742,0.69234693,0.18632948,0.69709182,0
1.3090755,-2.7019246,-0.58669686,0.3505505,-0.93127102,-0.099239826,0
-0.22889495,1.7917237,0.00049006939,0.63069016,0.31307429,-0.71008056,0
1.3444041,-2.6155949,-0.12184596,0.3505505,-0.93127102,-0.099239826,0
-0.37046289,2.5481794,1.2613158,0.69234693,0.18632948,0.69709182,0
-1.7256665,2.0742719,-0.41743684,-0.69234693,-0.18632948,-0.69709182,0
0.29001939,0.049938321,-0.52010453,0.63069016,0.31307429,-0.71008056,0
-0.48523819,2.9143295,0.68682218,-0.3505505,0.93127102,0.099239826,0
-0.70289719,2.6780276,1.1668501,-0.63069016,-0.31307429,0.71008056,0
0.50363481,-0.10218172,1.0798843,0.69234693,0.18632948,0.69709182,0
-1.1612837,2.4387581,-0.77449036,0.63069016,0.31307429,-0.71008056,0
0.9910441,-0.47854728,0.61113751,0.69234693,0.18632948,0.69709182,0
-0.063168764,-0.92199099,-1.0537205,-0.69234693,-0.18632948,-0.69709182,0
1.8268621,-2.5989075,0.45271015,0.69234693,0.18632948,0.69709182,0
1.2555931,-2.5798998,-0.63903189,0.3505505,-0.93127102,-0.099239826,0
0.74355471,-2.6562219,0.26966333,-0.63069016,-0.31307429,0.71008056,0
-1.3653771,0.80766529,-0.26687098,-0.69234693,-0.18632948,-0.69709182,0
-0.45119369,1.8902513,1.188866,-0.63069016,-0.31307429,0.71008056,0
0.079785824,-2.6768053,-0.78363252,-0.69234693,-0.18632948,-0.69709182,0
1.6514527,-1.9402795,0.400419,0.69234693,0.18632948,0.69709182,0
-0.28966188,3.1469889,0.53161597,-0.3505505,0.93127102,0.099239826,0
-1.5299649,2.5772154,0.37119555,-0.3505505,0.93127102,0.099239826,0
1.3294687,-0.7011373,0.25070441,0.69234693,0.18632948,0.69709182,0
0.42018688,-3.0227108,-0.66467428,0.3505505,-0.93127102,-0.099239826,0
-1.2860031,2.6515911,0.22621179,-0.3505505,0.93127102,0.099239826,0
1.8267425,-2.2352889,0.010435104,0.63069016,0.31307429,-0.71008056,0
-0.71126854,2.8690186,0.59301424,-0.3505505,0.93127102,0.099239826,0
0.42270684,-0.15272562,0.9429698,-0.63069016,-0.31307429,0.71008056,0
0.76630342,-2.2689295,-1.1253269,0.63069016,0.31307429,-0.71008056,0
-0.44894195,2.9668765,0.28351974,-0.3505505,0.93127102,0.099239826,0
1.3566042,-2.5859127,-0.24609637,0.3505505,-0.93127102,-0.099239826,0
0.61868954,-3.0074453,-0.48983932,0.3505505,-0.93127102,-0.099239826,0
-0.1399374,-2.591136,-0.66126645,-0.69234693,-0.18632948,-0.69709182,0
-0.48008728,-0.063089788,0.37271437,-0.63069016,-0.31307429,0.71008056,0
1.448794,-2.6062791,-0.09619832,0.3505505,-0.93127102,-0.099239826,0
