-0.9497506,1.0828307,0.6096409,-0.42841846,0.80724907,0.40596396,0
0.043150723,1.4824756,0.61728746,-0.42841846,0.80724907,0.40596396,0
0.044417113,1.0949432,-0.0051167011,-0.066517666,0.41988868,-0.9051348,0
0.35925198,-1.3884842,-0.55611473,0.42841846,-0.80724907,-0.40596396,0
-1.9395244,0.40168017,0.48187339,-0.90112877,-0.4147802,-0.12619175,0
1.3214431,0.75693369,0.75130439,0.90112877,0.4147802,0.12619175,0
-0.97301853,-1.4830152,-0.50023049,-0.90112877,-0.4147802,-0.12619175,0
1.5529189,-0.33649272,0.34385404,0.066517666,-0.41988868,0.9051348,0
1.3004371,-0.7064051,-0.88713259,0.42841846,-0.80724907,-0.40596396,0
-1.9508535,0.79377496,0.12334257,-0.42841846,0.80724907,0.40596396,0
1.1960994,1.2008253,-0.19280311,-0.066517666,0.41988868,-0.9051348,0
0.9683795,1.3685741,0.33362514,0.90112877,0.4147802,0.12619175,0
-0.33551875,-1.0716522,-0.99284995,-0.066517666,0.41988868,-0.9051348,0
0.39210373,-1.1411045,-0.095036685,0.066517666,-0.41988868,0.9051348,0
1.5629293,-0.78512692,-0.70664155,0.42841846,-0.80724907,-0.40596396,0
0.61149633,1.5134282,1.1054661,-0.42841846,0.80724907,0.40596396,0
1.0377876,1.2396033,-0.029830515,-0.066517666,0.41988868,-0.9051348,0
-0.67822009,0.65297997,-0.2107683,-0.066517666,0.41988868,-0.9051348,0
-1.2705032,0.98721123,0.37846857,-0.42841846,0.80724907,0.40596396,0
-1.0588142,-1.2539839,-0.043623388,-0.90112877,-0.4147802,-0.12619175,0
1.8949237,-0.20343944,-0.66444093,0.90112877,0.4147802,0.12619175,0
-1.6688715,-0.20251933,0.56630921,-0.90112877,-0.4147802,-0.12619175,0
1.4138706,0.49468353,0.5233447,0.90112877,0.4147802,0.12619175,0
-0.02402091,-1.6154475,-0.60910666,0.42841846,-0.80724907,-0.40596396,0
0.069889054,-0.39625701,0.45084953,0.066517666,-0.41988868,0.9051348,0
-0.0082358718,1.6121614,0.66242957,-0.42841846,0.80724907,0.40596396,0
-1.1926656,0.352025,0.77941614,0.066517666,-0.41988868,0.9051348,0
0.83306217,-1.0421505,-0.64736515,0.42841846,-0.80724907,-0.40596396,0
-0.41719836,-1.4936593,-1.167107,0.42841846,-0.80724907,-0.40596396,0
-0.68731785,1.3524954,0.084867656,-0.42841846,0.80724907,0.40596396,0
0.87002063,1.2247245,1.0338792,0.90112877,0.4147802,0.12619175,0
0.47321308,0.37542304,-0.44485161,-0.066517666,0.41988868,-0.9051348,0
-1.5634143,0.037706316,-0.2131815,-0.90112877,-0.4147802,-0.12619175,0
-0.84146607,-1.6346037,-0.4435783,-0.90112877,-0.4147802,-0.12619175,0
1.3748025,-0.61530113,0.11415711,0.066517666,-0.41988868,0.9051348,0
-1.2091119,1.0561185,0.21733057,-0.42841846,0.80724907,0.40596396,0
-1.8634011,0.41000468,0.55348891,-0.90112877,-0.4147802,-0.12619175,0
0.5669837,-1.2195667,-0.4700982,0.42841846,-0.80724907,-0.40596396,0
0.6674419,1.7015116,1.0758504,-0.42841846,0.80724907,0.40596396,0
-0.50675237,1.2176181,0.60092092,-0.42841846,0.80724907,0.40596396,0
-0.15828779,1.5135379,0.69070172,-0.42841846,0.80724907,0.40596396,0
-1.9543093,0.4847334,0.6263507,-0.42841846,0.80724907,0.40596396,0
1.2361649,-0.82544452,-0.86417729,0.42841846,-0.80724907,-0.40596396,0
-1.0641121,-1.0674248,-0.82621789,-0.90112877,-0.4147802,-0.12619175,0
1.2547488,-0.22449708,0.39542228,0.066517666,-0.41988868,0.9051348,0
-1.4898058,-0.41048086,-0.25309813,-0.90112877,-0.4147802,-0.12619175,0
-0.59146571,-1.1506853,0.050144792,0.066517666,-0.41988868,0.9051348,0
0.94198239,1.4797823,0.50871831,0.90112877,0.4147802,0.12619175,0
1.8998306,-0.65517718,-0.10189968,0.90112877,0.4147802,0.12619175,0
0.6755656,-0.13432389,0.4836795,0.066517666,-0.41988868,0.9051348,0
-0.36459696,-1.8372788,-0.62806916,0.42841846,-0.80724907,-0.40596396,0
0.19706313,-0.29105958,-0.77582079,-0.066517666,0.41988868,-0.9051348,0
0.42078763,-0.5885849,0.31200001,0.066517666,-0.41988868,0.9051348,0
-0.8507036,-1.0550162,0.1808382,0.066517666,-0.41988868,0.9051348,0
-1.2695563,-0.14916417,0.61978078,0.066517666,-0.41988868,0.9051348,0
0.22516032,-1.5061643,-0.44300556,0.42841846,-0.80724907,-0.40596396,0
0.43806148,1.5427275,1.2761101,-0.42841846,0.80724907,0.40596396,0
0.55780309,-1.2226623,-0.59162778,0.42841846,-0.80724907,-0.40596396,0
-1.9288107,0.64380687,0.14842391,-0.42841846,0.80724907,0.40596396,0
1.7718581,-0.23821232,-0.15777463,0.90112877,0.4147802,0.12619175,0
0.57059968,1.4654523,0.12180066,-0.066517666,0.41988868,-0.9051348,0
1.6068755,-0.62940937,-0.6249091,0.42841846,-0.80724907,-0.40596396,0
0.24660164,-1.4808079,-0.32715768,0.42841846,-0.80724907,-0.40596396,0
0.87249696,-1.0328044,-0.84304041,0.42841846,-0.80724907,-0.40596396,0
1.3867583,-0.86462569,-0.57176882,0.42841846,-0.80724907,-0.40596396,0
1.0063615,-1.1615399,-0.28058779,0.42841846,-0.80724907,-0.40596396,0
0.44344574,-1.3684626,-0.65972799,0.42841846,-0.80724907,-0.40596396,0
1.3178792,0.84828424,0.19522232,0.90112877,0.4147802,0.12619175,0
1.4407284,0.4072662,0.24499337,0.90112877,0.4147802,0.12619175,0
-1.0113122,1.007475,0.65847343,-0.42841846,0.80724907,0.40596396,0
-0.084346652,-1.6778299,-0.4748888,0.42841846,-0.80724907,-0.40596396,0
-1.8833513,0.31805921,-0.18087083,-0.90112877,-0.4147802,-0.12619175,0
0.34062135,-1.4270028,-0.069029748,0.066517666,-0.41988868,0.9051348,0
0.19288927,1.7445048,0.67582405,-0.42841846,0.80724907,0.40596396,0
-1.0314928,-1.0059462,0.17174956,0.066517666,-0.41988868,0.9051348,0
-0.2297911,-1.4876835,-0.053885043,0.066517666,-0.41988868,0.9051348,0
1.1127149,1.0168726,0.0049199462,0.90112877,0.4147802,0.12619175,0
-1.4383718,0.021171072,0.58483315,0.066517666,-0.41988868,0.9051348,0
-0.22604403,0.5706293,0.80227739,0.066517666,-0.41988868,0.9051348,0
-0.046146646,-0.97195268,0.12589261,0.066517666,-0.41988868,0.9051348,0
-0.50182688,-1.60136,-1.2375747,0.42841846,-0.80724907,-0.40596396,0
-1.3644549,0.31843498,0.84257334,0.066517666,-0.41988868,0.9051348,0
1.5495714,-0.62037098,-0.73550987,0.42841846,-0.80724907,-0.40596396,0
-0.18104354,-0.57218862,-0.88504785,-0.066517666,0.41988868,-0.9051348,0
-0.93312985,0.94278657,0.88772112,-0.42841846,0.80724907,0.40596396,0
-1.868068,0.76984739,0.21626323,-0.42841846,0.80724907,0.40596396,0
1.0223427,-0.98413545,-0.88541824,0.42841846,-0.80724907,-0.40596396,0
-0.11763398,0.84012634,1.0533737,0.066517666,-0.41988868,0.9051348,0
-1.6073532,-0.096458256,0.12869333,-0.90112877,-0.4147802,-0.12619175,0
2.0141034,-0.41728592,-0.87430716,0.42841846,-0.80724907,-0.40596396,0
1.4956239,0.23589475,-0.47580484,-0.066517666,0.41988868,-0.9051348,0
-0.75825691,1.2979425,0.067603052,-0.066517666,0.41988868,-0.9051348,0
-0.45257157,1.2856971,0.67564964,-0.42841846,0.80724907,0.40596396,0
0.025185883,1.1604952,1.1177214,0.066517666,-0.41988868,0.9051348,0
-1.3995614,-0.28580365,-0.46725535,-0.90112877,-0.4147802,-0.12619175,0
1.7444988,-0.88515848,-0.20505208,0.42841846,-0.80724907,-0.40596396,0
-0.62350392,0.6738323,-0.22532825,-0.066517666,0.41988868,-0.9051348,0
1.9325875,-0.88790518,0.083276749,0.066517666,-0.41988868,0.9051348,0
1.0413461,-1.0547616,-0.1093505,0.066517666,-0.41988868,0.9051348,0
1.5641465,0.34735176,-0.28352767,0.90112877,0.4147802,0.12619175,0
1.0129865,1.4935627,0.38490969,0.90112877,0.4147802,0.12619175,0
0.78922063,-0.71532702,-0.86154991,-0.066517666,0.41988868,-0.9051348,0
-0.042198591,0.67516577,-0.24074532,-0.066517666,0.41988868,-0.9051348,0
1.4749883,0.62829971,-0.34180799,0.90112877,0.4147802,0.12619175,0
-0.89894283,-1.540295,-0.45888537,-0.90112877,-0.4147802,-0.12619175,0
0.98542202,-0.2612296,0.31450492,0.066517666,-0.41988868,0.9051348,0
0.68924683,1.1416631,0.96434391,0.066517666,-0.41988868,0.9051348,0
-1.4541278,-0.6449936,0.20250162,-0.90112877,-0.4147802,-0.12619175,0
-0.24966541,-1.762009,-0.44623244,0.42841846,-0.80724907,-0.40596396,0
-0.53783894,-1.46052,-1.1330949,0.42841846,-0.80724907,-0.40596396,0
1.7675459,-0.62948656,-0.60076797,0.42841846,-0.80724907,-0.40596396,0
1.222122,-0.21579477,0.30339202,0.066517666,-0.41988868,0.9051348,0
0.31813782,-1.3949432,-0.45095849,0.42841846,-0.80724907,-0.40596396,0
-0.27505648,1.4529181,0.24937063,-0.066517666,0.41988868,-0.9051348,0
0.084552437,1.7312142,0.30802464,-0.42841846,0.80724907,0.40596396,0
-0.33356893,-0.52066767,-0.7250579,-0.066517666,0.41988868,-0.9051348,0
-0.90469086,-1.2575195,-0.64791173,-0.90112877,-0.4147802,-0.12619175,0
1.0736027,0.43798095,-0.45409128,-0.066517666,0.41988868,-0.9051348,0
0.46093687,-1.2497184,-0.67952788,0.42841846,-0.80724907,-0.40596396,0
0.50240779,1.5747259,0.87890363,-0.42841846,0.80724907,0.40596396,0
0.54506278,0.19682492,-0.56427282,-0.066517666,0.41988868,-0.9051348,0
0.1757054,-1.4582446,-0.37262368,0.42841846,-0.80724907,-0.40596396,0
-1.1781647,1.1321853,0.18778247,-0.42841846,0.80724907,0.40596396,0
1.1618962,-0.77631712,-0.99336171,0.42841846,-0.80724907,-0.40596396,0
1.5769606,0.035131738,-0.24539042,0.90112877,0.4147802,0.12619175,0
0.75664318,-0.6795187,0.25227809,0.066517666,-0.41988868,0.9051348,0
-1.1594642,-1.1603007,0.078310221,-0.90112877,-0.4147802,-0.12619175,0
0.75163227,1.6262747,0.78959638,0.90112877,0.4147802,0.12619175,0
-0.13017425,-0.54933184,-0.77600396,-0.066517666,0.41988868,-0.9051348,0
-1.8686683,0.62878728,0.29382956,-0.42841846,0.80724907,0.40596396,0
-1.8173339,-0.030642331,0.46194851,-0.90112877,-0.4147802,-0.12619175,0
1.9289691,-0.44141543,-0.60942054,0.90112877,0.4147802,0.12619175,0
0.29720688,0.22865975,0.55444992,0.066517666,-0.41988868,0.9051348,0
0.022483736,0.58745658,0.87210882,0.066517666,-0.41988868,0.9051348,0
0.18726933,-1.5607857,-0.48082411,0.42841846,-0.80724907,-0.40596396,0
-1.2966001,-0.75036824,-0.16723984,-0.90112877,-0.4147802,-0.12619175,0
-1.8618064,0.36312279,0.21349949,-0.90112877,-0.4147802,-0.12619175,0
0.71514052,1.3500841,-0.057325423,-0.066517666,0.41988868,-0.9051348,0
-0.96433222,-1.3708072,-0.34834921,-0.90112877,-0.4147802,-0.12619175,0
-0.68625927,-1.6863943,-1.107567,0.42841846,-0.80724907,-0.40596396,0
0.99420518,1.4118878,0.69156367,0.90112877,0.4147802,0.12619175,0
-0.96061689,0.80554098,-0.17202631,-0.066517666,0.41988868,-0.9051348,0
-0.041118398,0.6013962,-0.35549521,-0.066517666,0.41988868,-0.9051348,0
0.082291991,1.1888219,0.042395532,-0.066517666,0.41988868,-0.9051348,0
-0.7022475,-1.8223962,-0.22365922,-0.90112877,-0.4147802,-0.12619175,0
-0.82198393,-1.7820848,-0.67523396,-0.90112877,-0.4147802,-0.12619175,0
1.7571303,-0.31393379,0.059674978,0.90112877,0.4147802,0.12619175,0
-1.2615539,-0.80820203,-0.0051137507,-0.90112877,-0.4147802,-0.12619175,0
2.0480092,-0.53069901,-0.26559025,0.90112877,0.4147802,0.12619175,0
0.63091171,1.7773229,0.81711805,-0.42841846,0.80724907,0.40596396,0
-1.1475581,0.50730729,0.88973534,0.066517666,-0.41988868,0.9051348,0
1.3527527,0.83174837,-0.099440649,0.90112877,0.4147802,0.12619175,0
-0.20593271,-1.3747263,-1.0577286,0.42841846,-0.80724907,-0.40596396,0
1.8701711,-0.60136962,0.03971535,0.066517666,-0.41988868,0.9051348,0
1.6598487,-0.42686534,-0.9162758,0.42841846,-0.80724907,-0.40596396,0
1.0488656,-0.47355029,-0.84077919,-0.066517666,0.41988868,-0.9051348,0
-1.0605961,-0.85198563,0.16159038,0.066517666,-0.41988868,0.9051348,0
-0.55516672,1.4820135,0.27731884,-0.42841846,0.80724907,0.40596396,0
-1.0200418,-0.0083377734,0.56544727,0.066517666,-0.41988868,0.9051348,0
0.33802921,0.16194996,0.5146513,0.066517666,-0.41988868,0.9051348,0
0.74814367,-0.66935432,0.22763819,0.066517666,-0.41988868,0.9051348,0
-0.10489786,-1.3995031,-0.9728359,0.42841846,-0.80724907,-0.40596396,0
-0.087628186,1.3717517,1.0270145,-0.42841846,0.80724907,0.40596396,0
0.066125661,-1.597263,-0.31348372,0.42841846,-0.80724907,-0.40596396,0
1.5066873,0.42846394,0.016582325,0.90112877,0.4147802,0.12619175,0
-1.9280382,0.47183418,0.24687105,-0.90112877,-0.4147802,-0.12619175,0
-1.0843017,0.96715826,0.45825243,-0.42841846,0.80724907,0.40596396,0
0.66084135,1.9515874,0.52827871,-0.42841846,0.80724907,0.40596396,0
1.3599654,-0.6965903,-0.7255075,0.42841846,-0.80724907,-0.40596396,0
0.36485857,-1.3834556,-0.49214756,0.42841846,-0.80724907,-0.40596396,0
-1.0048056,-1.149671,-0.28230417,-0.90112877,-0.4147802,-0.12619175,0
0.67548496,1.0761442,0.93830347,0.066517666,-0.41988868,0.9051348,0
-0.69719088,0.3042683,-0.45563069,-0.066517666,0.41988868,-0.9051348,0
-1.0661553,1.0414515,0.58526736,-0.42841846,0.80724907,0.40596396,0
-1.800948,0.42719722,0.76692575,-0.42841846,0.80724907,0.40596396,0
-0.20374697,1.3222992,0.68779504,-0.42841846,0.80724907,0.40596396,0
1.3463248,-1.028493,-0.062855124,0.42841846,-0.80724907,-0.40596396,0
0.11920817,-1.6582736,-0.48438704,0.42841846,-0.80724907,-0.40596396,0
-0.47451833,-0.67069131,0.31206715,0.066517666,-0.41988868,0.9051348,0
-0.52392477,-0.58736646,-0.79362118,-0.066517666,0.41988868,-0.9051348,0
-0.41695386,0.66294903,-0.26272285,-0.066517666,0.41988868,-0.9051348,0
0.58092254,-1.4877195,-0.13251996,0.42841846,-0.80724907,-0.40596396,0
-0.14889324,-1.4571913,-0.83565557,0.42841846,-0.80724907,-0.40596396,0
0.59878302,-1.0581318,-1.0409794,0.42841846,-0.80724907,-0.40596396,0
1.2891991,0.82022589,-0.059379831,0.90112877,0.4147802,0.12619175,0
-0.37680537,-1.7118443,-0.7936275,0.42841846,-0.80724907,-0.40596396,0
-1.7084345,0.14415261,-0.033285812,-0.90112877,-0.4147802,-0.12619175,0
-0.62488842,-1.9509549,-0.52071512,-0.90112877,-0.4147802,-0.12619175,0
0.52936918,1.8547281,0.72975373,-0.42841846,0.80724907,0.40596396,0
-1.5641707,-0.12701115,-0.40021893,-0.90112877,-0.4147802,-0.12619175,0
1.6271003,0.036289636,-0.49741164,0.90112877,0.4147802,0.12619175,0
1.0341456,-1.0426229,0.042943776,0.066517666,-0.41988868,0.9051348,0
-0.059140481,-0.91034198,0.21293248,0.066517666,-0.41988868,0.9051348,0
0.18551087,1.038559,-0.027418315,-0.066517666,0.41988868,-0.9051348,0
-0.49207264,-1.6611239,-0.72290754,0.42841846,-0.80724907,-0.40596396,0
-1.6181446,0.47031254,-0.14405832,-0.066517666,0.41988868,-0.9051348,0
-1.526132,-0.087319404,-0.034266852,-0.90112877,-0.4147802,-0.12619175,0
-0.31726012,1.2464653,0.8388859,-0.42841846,0.80724907,0.40596396,0
-0.77919573,-1.5562351,-0.68867892,-0.90112877,-0.4147802,-0.12619175,0
-0.53644031,1.158196,0.59666812,-0.42841846,0.80724907,0.40596396,0
-0.21497731,1.2373767,0.90779167,-0.42841846,0.80724907,0.40596396,0
0.81121081,1.5937706,0.33012342,0.90112877,0.4147802,0.12619175,0
-0.12248972,1.3999512,0.90954709,-0.42841846,0.80724907,0.40596396,0
-1.7489973,0.66840976,0.51314861,-0.42841846,0.80724907,0.40596396,0
-1.191486,0.66210938,1.032685,0.066517666,-0.41988868,0.9051348,0
0.4143303,1.4590932,1.0451751,-0.42841846,0.80724907,0.40596396,0
1.5883846,-0.61519003,-0.74708581,0.42841846,-0.80724907,-0.40596396,0
-0.55883485,-1.1206764,0.066075206,0.066517666,-0.41988868,0.9051348,0
-0.23286328,-0.42676204,-0.66962194,-0.066517666,0.41988868,-0.9051348,0
-0.11233927,-0.29147559,0.49652535,0.066517666,-0.41988868,0.9051348,0
-1.4424616,-0.50692976,-0.67722952,-0.90112877,-0.4147802,-0.12619175,0
1.8328756,-0.54389632,-0.53500283,0.42841846,-0.80724907,-0.40596396,0
0.93286788,-0.88839912,-0.94897544,0.42841846,-0.80724907,-0.40596396,0
0.57847035,1.343323,-0.020551682,-0.066517666,0.41988868,-0.9051348,0
-1.3416519,-0.85352945,0.19238171,-0.90112877,-0.4147802,-0.12619175,0
-0.77235633,0.10239846,-0.40304658,-0.066517666,0.41988868,-0.9051348,0
0.11410922,-0.5477823,0.29282063,0.066517666,-0.41988868,0.9051348,0
-1.8907808,0.34057856,0.79917341,-0.90112877,-0.4147802,-0.12619175,0
-1.1026359,0.9672274,0.80373359,-0.42841846,0.80724907,0.40596396,0
-0.068195343,1.1848751,0.99826103,0.066517666,-0.41988868,0.9051348,0
-1.5772073,0.0085607171,-0.28339875,-0.90112877,-0.4147802,-0.12619175,0
1.4566123,0.42485416,0.11314814,0.90112877,0.4147802,0.12619175,0
-0.6032846,-1.9427412,-0.57347274,-0.90112877,-0.4147802,-0.12619175,0
-1.8636096,0.5120517,0.59663337,-0.42841846,0.80724907,0.40596396,0
-1.8740571,0.37906256,0.85968357,0.066517666,-0.41988868,0.9051348,0
-1.8256682,0.232337,0.07421577,-0.90112877,-0.4147802,-0.12619175,0
-0.48262662,1.2153995,0.5546481,-0.42841846,0.80724907,0.40596396,0
0.65967977,1.642598,0.9271009,-0.42841846,0.80724907,0.40596396,0
-0.91888237,-1.766451,-0.26219422,-0.90112877,-0.4147802,-0.12619175,0
0.99748206,-0.61641443,0.30313492,0.066517666,-0.41988868,0.9051348,0
0.35793859,0.24134156,-0.56598157,-0.066517666,0.41988868,-0.9051348,0
1.6193521,0.19251004,0.21465948,0.90112877,0.4147802,0.12619175,0
0.32499778,-1.4323363,-0.64162344,0.42841846,-0.80724907,-0.40596396,0
0.84288186,-1.1562004,-0.3873325,0.42841846,-0.80724907,-0.40596396,0
0.53946137,1.7162282,0.8451947,-0.42841846,0.80724907,0.40596396,0
0.45445281,-1.5517445,-0.33542752,0.42841846,-0.80724907,-0.40596396,0
1.5715125,0.079811603,-0.23086789,0.90112877,0.4147802,0.12619175,0
-1.33481,-0.53304315,-0.0064824969,-0.90112877,-0.4147802,-0.12619175,0
-0.014744371,1.3141971,1.1624594,-0.42841846,0.80724907,0.40596396,0
1.0511014,-0.9216072,-0.61170119,0.42841846,-0.80724907,-0.40596396,0
1.5585926,-0.45910639,0.14665332,0.066517666,-0.41988868,0.9051348,0
0.54887265,-0.20630647,-0.73249251,-0.066517666,0.41988868,-0.9051348,0
-1.446647,0.64126867,0.94189727,-0.42841846,0.80724907,0.40596396,0
1.658474,0.10982156,0.26891512,0.90112877,0.4147802,0.12619175,0
0.93229783,-0.57916808,-0.8441928,-0.066517666,0.41988868,-0.9051348,0
-0.24242978,-0.5342198,0.29600358,0.066517666,-0.41988868,0.9051348,0
-1.8108538,0.57994282,-0.081109047,-0.90112877,-0.4147802,-0.12619175,0
-0.92371917,0.35014147,0.76520157,0.066517666,-0.41988868,0.9051348,0
-0.92830753,0.88704419,1.0151849,-0.42841846,0.80724907,0.40596396,0
0.97490722,0.18336889,-0.64589643,-0.066517666,0.41988868,-0.9051348,0
1.7723118,-0.47861743,-0.81209064,-0.066517666,0.41988868,-0.9051348,0
1.5290743,-0.83557814,-0.6254223,0.42841846,-0.80724907,-0.40596396,0
-0.52058119,1.281485,0.81602842,-0.42841846,0.80724907,0.40596396,0
-1.0817511,-0.92939562,-0.64174438,-0.90112877,-0.4147802,-0.12619175,0
1.2294487,-0.99250531,-0.50110096,0.42841846,-0.80724907,-0.40596396,0
-1.1133564,-1.0820556,-0.61947739,-0.90112877,-0.4147802,-0.12619175,0
1.7785518,-0.12682173,-0.36678004,0.90112877,0.4147802,0.12619175,0
-0.57375336,-1.6402961,-0.84714711,0.42841846,-0.80724907,-0.40596396,0
1.1335151,0.93964946,0.26646519,0.90112877,0.4147802,0.12619175,0
0.7828244,1.6371917,0.34065408,0.90112877,0.4147802,0.12619175,0
0.48146248,1.7797841,0.72641873,-0.42841846,0.80724907,0.40596396,0
-0.098202676,-1.7341191,-0.50473523,0.42841846,-0.80724907,-0.40596396,0
-0.94656026,0.84612542,0.81334722,-0.42841846,0.80724907,0.40596396,0
-1.0225312,0.24801892,-0.34920019,-0.066517666,0.41988868,-0.9051348,0
0.8484863,1.4543954,0.95428568,0.90112877,0.4147802,0.12619175,0
1.6212442,-0.79120249,-0.35574639,0.42841846,-0.80724907,-0.40596396,0
0.064400196,1.6637667,0.4893887,-0.42841846,0.80724907,0.40596396,0
-0.67866057,0.63155484,0.93030161,0.066517666,-0.41988868,0.9051348,0
-0.33689269,-1.6103108,-0.66280448,0.42841846,-0.80724907,-0.40596396,0
-0.34464711,-1.6038132,-0.1846658,0.066517666,-0.41988868,0.9051348,0
1.2618548,-0.17636305,0.32589063,0.066517666,-0.41988868,0.9051348,0
-0.15949404,-1.4185904,-0.91634935,0.42841846,-0.80724907,-0.40596396,0
1.7215755,0.092881694,-0.52471137,0.90112877,0.4147802,0.12619175,0
-1.2568039,-0.30572301,0.39249983,0.066517666,-0.41988868,0.9051348,0
0.55841154,1.8238454,0.87789774,-0.42841846,0.80724907,0.40596396,0
-1.1996909,0.62695265,-0.25646484,-0.066517666,0.41988868,-0.9051348,0
-0.24806926,-1.4681731,-0.9312399,0.42841846,-0.80724907,-0.40596396,0
-1.930001,0.63475788,0.37049609,-0.42841846,0.80724907,0.40596396,0
-0.0711293,-0.041863754,0.48279706,0.066517666,-0.41988868,0.9051348,0
1.0504076,0.30500299,0.69521654,0.066517666,-0.41988868,0.9051348,0
1.4833083,-0.77555603,-0.61550248,0.42841846,-0.80724907,-0.40596396,0
-0.12311359,1.5723215,0.65507996,-0.42841846,0.80724907,0.40596396,0
0.77124161,1.7595806,0.78761852,0.90112877,0.4147802,0.12619175,0
-0.80012918,-1.6990339,-0.38297802,-0.90112877,-0.4147802,-0.12619175,0
0.50929576,0.75202715,0.95462483,0.066517666,-0.41988868,0.9051348,0
-0.7112304,0.56238294,-0.21723095,-0.066517666,0.41988868,-0.9051348,0
2.0401359,-0.67963207,-0.17747104,0.42841846,-0.80724907,-0.40596396,0
0.5155071,-1.3374673,-0.013322055,0.066517666,-0.41988868,0.9051348,0
-0.28860638,-1.7943984,-0.62232828,0.42841846,-0.80724907,-0.40596396,0
1.913713,-0.33346516,-0.77395475,0.42841846,-0.80724907,-0.40596396,0
0.98209488,0.19963329,-0.52647793,-0.066517666,0.41988868,-0.9051348,0
-0.066173017,0.76916766,-0.15387994,-0.066517666,0.41988868,-0.9051348,0
-0.6125437,-1.7240129,-0.84744751,0.42841846,-0.80724907,-0.40596396,0
0.40448624,1.8096524,0.55469227,-0.42841846,0.80724907,0.40596396,0
1.3164363,0.58832264,0.33072439,0.90112877,0.4147802,0.12619175,0
-0.54434609,-1.4432038,-1.1977866,-0.066517666,0.41988868,-0.9051348,0
0.73831916,-0.63145971,-0.99448556,-0.066517666,0.41988868,-0.9051348,0
0.91099095,-0.044757485,0.42200965,0.066517666,-0.41988868,0.9051348,0
1.9419469,-0.56522942,-0.62440693,0.90112877,0.4147802,0.12619175,0
-1.6203297,-0.15493838,-0.15460277,-0.90112877,-0.4147802,-0.12619175,0
-0.7200976,-1.830314,-0.67432642,-0.90112877,-0.4147802,-0.12619175,0
-0.049831212,-0.76705146,-0.90165037,-0.066517666,0.41988868,-0.9051348,0
-0.22437625,1.5993901,0.3237201,-0.42841846,0.80724907,0.40596396,0
1.4338081,0.38134402,-0.2342813,0.90112877,0.4147802,0.12619175,0
1.9969052,-0.32713875,-0.5338943,0.90112877,0.4147802,0.12619175,0
1.6596124,0.22778159,-0.025967896,0.90112877,0.4147802,0.12619175,0
-1.0399841,-0.2897971,0.54149973,0.066517666,-0.41988868,0.9051348,0
0.92995113,1.6469777,0.23639953,0.90112877,0.4147802,0.12619175,0
1.7102673,-0.47128719,0.30742124,0.066517666,-0.41988868,0.9051348,0
-0.75035483,-1.8815025,-0.67173827,-0.90112877,-0.4147802,-0.12619175,0
-1.2034024,1.0816263,0.43067515,-0.42841846,0.80724907,0.40596396,0
1.3258947,-0.73410553,-0.95414543,0.42841846,-0.80724907,-0.40596396,0
-1.0983109,0.87700135,1.0154516,-0.42841846,0.80724907,0.40596396,0
-0.77450979,0.68454534,1.0059092,0.066517666,-0.41988868,0.9051348,0
-1.0714134,1.0002812,0.68316686,-0.42841846,0.80724907,0.40596396,0
-0.78635776,-1.6506481,-1.2630779,-0.90112877,-0.4147802,-0.12619175,0
-0.4561556,1.463184,0.2175234,-0.066517666,0.41988868,-0.9051348,0
-0.71027929,-1.6166308,-1.0500538,0.42841846,-0.80724907,-0.40596396,0
0.54026663,-0.1389817,-0.71845639,-0.066517666,0.41988868,-0.9051348,0
-1.5444162,0.91831613,0.20388615,-0.42841846,0.80724907,0.40596396,0
-0.34710857,-1.8137704,-0.67980349,0.42841846,-0.80724907,-0.40596396,0
-0.89293766,1.2360955,0.48574024,-0.42841846,0.80724907,0.40596396,0
1.301994,-0.73778403,-0.81386173,0.42841846,-0.80724907,-0.40596396,0
0.31211305,-0.3835656,-0.80358547,-0.066517666,0.41988868,-0.9051348,0
1.4729148,-0.074680723,-0.68897039,-0.066517666,0.41988868,-0.9051348,0
0.95477426,1.6078188,0.52445209,0.90112877,0.4147802,0.12619175,0
-0.49928904,1.2386793,0.51972073,-0.42841846,0.80724907,0.40596396,0
-2.0271201,0.86038131,0.087875724,-0.42841846,0.80724907,0.40596396,0
-0.9361704,0.986269,0.59812886,-0.42841846,0.80724907,0.40596396,0
-0.91396224,-1.4227006,-0.83780706,-0.90112877,-0.4147802,-0.12619175,0
0.21190268,-1.5305399,-0.5039289,0.42841846,-0.80724907,-0.40596396,0
-1.7859373,0.37443551,0.37299156,-0.90112877,-0.4147802,-0.12619175,0
0.85468465,1.7331256,0.80142605,0.90112877,0.4147802,0.12619175,0
-0.69524717,-1.7557806,-0.1667034,0.066517666,-0.41988868,0.9051348,0
-0.49351913,1.2087841,0.95833904,-0.42841846,0.80724907,0.40596396,0
-0.38780779,-1.8189764,-0.45184731,0.42841846,-0.80724907,-0.40596396,0
-0.70760846,1.2094808,0.083535552,-0.066517666,0.41988868,-0.9051348,0
-1.2383162,-0.73303354,-0.21922305,-0.90112877,-0.4147802,-0.12619175,0
0.30534539,-1.2760017,-0.6854564,0.42841846,-0.80724907,-0.40596396,0
1.5020698,0.12028331,0.11469155,0.90112877,0.4147802,0.12619175,0
0.60926235,-1.2957333,-0.45840746,0.42841846,-0.80724907,-0.40596396,0
0.82487154,1.5874286,1.0895504,0.90112877,0.4147802,0.12619175,0
1.7155433,-0.58618915,-0.82489437,0.42841846,-0.80724907,-0.40596396,0
1.0743601,0.85816932,0.6330868,0.90112877,0.4147802,0.12619175,0
1.2849376,-0.80657649,-0.96272391,0.42841846,-0.80724907,-0.40596396,0
0.82065207,0.73046982,-0.17007759,-0.066517666,0.41988868,-0.9051348,0
0.19761762,1.6972562,0.29829186,-0.42841846,0.80724907,0.40596396,0
-1.6592523,0.85436916,0.037922919,-0.066517666,0.41988868,-0.9051348,0
-1.7789997,0.2593734,-0.0039256811,-0.90112877,-0.4147802,-0.12619175,0
0.8344928,-1.2494028,-0.49237353,0.42841846,-0.80724907,-0.40596396,0
-1.4504169,0.43368331,0.96464622,0.066517666,-0.41988868,0.9051348,0
-0.94493717,1.2157164,0.20396745,-0.42841846,0.80724907,0.40596396,0
-1.3832812,-0.76323205,-0.1577673,-0.90112877,-0.4147802,-0.12619175,0
1.5996867,0.30047014,-0.43445671,0.90112877,0.4147802,0.12619175,0
-0.23564544,-0.19762632,0.5247398,0.066517666,-0.41988868,0.9051348,0
1.4698193,0.36034083,0.37555224,0.90112877,0.4147802,0.12619175,0
1.3792075,-0.6294077,-0.90587515,0.42841846,-0.80724907,-0.40596396,0
-0.68584061,-2.0622478,-0.44769406,0.42841846,-0.80724907,-0.40596396,0
-0.99489009,-1.3210936,-0.87759095,-0.90112877,-0.4147802,-0.12619175,0
0.77056974,-1.3571802,-0.2712425,0.42841846,-0.80724907,-0.40596396,0
-1.326736,-0.64871621,-0.22399428,-0.90112877,-0.4147802,-0.12619175,0
-1.8776649,0.61184192,0.12895072,-0.90112877,-0.4147802,-0.12619175,0
-1.5309589,0.094766743,0.74574095,0.066517666,-0.41988868,0.9051348,0
-1.4175696,0.88135934,0.26050276,-0.42841846,0.80724907,0.40596396,0
1.2490425,-0.84923488,-0.64160234,0.42841846,-0.80724907,-0.40596396,0
1.7919129,-0.15056774,-0.27548829,0.90112877,0.4147802,0.12619175,0
-0.18531346,-1.7895118,-0.36027658,0.42841846,-0.80724907,-0.40596396,0
0.20390831,0.41185066,-0.34132403,-0.066517666,0.41988868,-0.9051348,0
-1.0753525,0.82139063,0.94353402,-0.42841846,0.80724907,0.40596396,0
-0.58975583,-1.1632838,-0.033642411,0.066517666,-0.41988868,0.9051348,0
1.366239,0.63288027,-0.37527099,-0.066517666,0.41988868,-0.9051348,0
-0.79067767,0.29561239,0.6477437,0.066517666,-0.41988868,0.9051348,0
-0.80441529,1.1833045,0.63105726,-0.42841846,0.80724907,0.40596396,0
1.92548,-0.16564801,-0.72750586,0.90112877,0.4147802,0.12619175,0
0.39338526,1.7739831,0.6113342,-0.42841846,0.80724907,0.40596396,0
1.6756221,-0.81072772,-0.50360763,0.42841846,-0.80724907,-0.40596396,0
-0.41045195,-1.7959528,-0.62291276,0.42841846,-0.80724907,-0.40596396,0
-0.19450796,0.54011929,0.81671649,0.066517666,-0.41988868,0.9051348,0
0.10085528,-1.6011466,-0.54806411,0.42841846,-0.80724907,-0.40596396,0
1.8636492,-0.34305632,-0.32248831,0.90112877,0.4147802,0.12619175,0
0.48852751,0.060370326,0.5377205,0.066517666,-0.41988868,0.9051348,0
0.74988091,1.7145916,0.28415376,0.90112877,0.4147802,0.12619175,0
-1.4611378,-0.59205425,0.11967221,-0.90112877,-0.4147802,-0.12619175,0
1.3945618,0.49348316,-0.27307177,0.90112877,0.4147802,0.12619175,0
-0.73844898,-1.219223,-1.0749958,-0.066517666,0.41988868,-0.9051348,0
-0.35224393,1.1252681,1.12273,-0.42841846,0.80724907,0.40596396,0
-1.5044836,-0.27588388,-0.54035646,-0.90112877,-0.4147802,-0.12619175,0
-0.61466742,1.3096606,0.048737466,-0.066517666,0.41988868,-0.9051348,0
0.56340581,-1.173402,-0.637752,0.42841846,-0.80724907,-0.40596396,0
0.83988345,1.5607991,0.17429078,0.90112877,0.4147802,0.12619175,0
0.59665227,-1.1285077,-0.99402398,0.42841846,-0.80724907,-0.40596396,0
0.50207567,-1.0504062,-1.1328075,-0.066517666,0.41988868,-0.9051348,0
-1.0840743,-0.42239651,-0.56759518,-0.066517666,0.41988868,-0.9051348,0
-1.78566,0.74016356,0.2505827,-0.42841846,0.80724907,0.40596396,0
-0.73195159,1.1197578,0.7836237,-0.42841846,0.80724907,0.40596396,0
-0.51308024,-1.5376456,-0.16281319,0.066517666,-0.41988868,0.9051348,0
0.66754377,0.5577392,0.76685083,0.066517666,-0.41988868,0.9051348,0
-1.4774983,-0.45464575,-0.47156852,-0.90112877,-0.4147802,-0.12619175,0
-1.0361975,-0.33291012,0.43571234,0.066517666,-0.41988868,0.9051348,0
1.7965679,-0.61727828,-0.68476802,0.42841846,-0.80724907,-0.40596396,0
-1.1975206,-0.92197645,-0.36740854,-0.90112877,-0.4147802,-0.12619175,0
-0.78555048,1.2508789,0.31045491,-0.42841846,0.80724907,0.40596396,0
-1.0831482,-1.1491933,-0.72139353,-0.90112877,-0.4147802,-0.12619175,0
-1.5382535,-0.41467756,0.43762666,-0.90112877,-0.4147802,-0.12619175,0
1.6370391,-0.043630391,-0.01728116,0.90112877,0.4147802,0.12619175,0
0.42519096,-1.1664215,-0.88285637,0.42841846,-0.80724907,-0.40596396,0
-0.40742669,1.0733391,0.94121015,-0.42841846,0.80724907,0.40596396,0
0.94662535,1.4604188,0.35873276,0.90112877,0.4147802,0.12619175,0
0.073881358,1.670653,0.60943651,-0.42841846,0.80724907,0.40596396,0
0.38712671,1.5372897,0.99076927,-0.42841846,0.80724907,0.40596396,0
1.1163166,-0.82105303,-0.81209624,0.42841846,-0.80724907,-0.40596396,0
0.95528769,-0.3649607,-0.81064141,-0.066517666,0.41988868,-0.9051348,0
0.71368337,1.1898746,-0.025566399,-0.066517666,0.41988868,-0.9051348,0
1.4166986,0.27294886,0.25069627,0.90112877,0.4147802,0.12619175,0
-1.429837,-0.71823043,0.24171343,-0.90112877,-0.4147802,-0.12619175,0
1.4318221,-0.007532239,0.50394297,0.066517666,-0.41988868,0.9051348,0
1.0621254,0.95881963,0.71415383,0.90112877,0.4147802,0.12619175,0
-0.74227411,-1.5622391,-0.19393182,0.066517666,-0.41988868,0.9051348,0
-0.16602048,-1.312669,-1.0248284,0.42841846,-0.80724907,-0.40596396,0
0.062922925,-1.6751158,-0.31283545,0.42841846,-0.80724907,-0.40596396,0
-1.7120485,0.71775925,0.53662473,-0.42841846,0.80724907,0.40596396,0
-0.29825464,0.88415599,-0.18231064,-0.066517666,0.41988868,-0.9051348,0
-0.53964293,-1.659,-0.91622961,0.42841846,-0.80724907,-0.40596396,0
-0.049431205,1.6082639,0.30805629,-0.42841846,0.80724907,0.40596396,0
-1.2371892,-0.6611343,-0.09752892,-0.90112877,-0.4147802,-0.12619175,0
0.36438543,-0.59380615,-0.90832371,-0.066517666,0.41988868,-0.9051348,0
-1.7954845,0.42145157,0.71877992,-0.42841846,0.80724907,0.40596396,0
-0.70607156,0.9582141,0.86843669,-0.42841846,0.80724907,0.40596396,0
-1.8691546,0.39924562,-0.27817887,-0.90112877,-0.4147802,-0.12619175,0
0.38642663,1.7039889,0.1391443,-0.066517666,0.41988868,-0.9051348,0
-2.0053194,0.38004708,0.63837469,-0.90112877,-0.4147802,-0.12619175,0
0.075542212,1.1862608,-0.11679137,-0.066517666,0.41988868,-0.9051348,0
1.5840207,-0.097386777,0.31502253,0.90112877,0.4147802,0.12619175,0
-0.54642808,-1.4573481,-0.058882952,0.066517666,-0.41988868,0.9051348,0
0.24046847,1.8930953,0.30998886,-0.42841846,0.80724907,0.40596396,0
1.4126852,-0.98895776,-0.11390859,0.066517666,-0.41988868,0.9051348,0
0.75700963,1.853801,0.40202129,0.90112877,0.4147802,0.12619175,0
0.53516316,1.7471094,0.32098711,-0.066517666,0.41988868,-0.9051348,0
-1.8540919,0.10910362,0.40914583,-0.90112877,-0.4147802,-0.12619175,0
-0.68083918,-1.6589077,-0.20168263,0.066517666,-0.41988868,0.9051348,0
0.37223217,1.128063,-0.11577204,-0.066517666,0.41988868,-0.9051348,0
0.61632228,-1.3061969,-0.52972174,0.42841846,-0.80724907,-0.40596396,0
0.1944409,-1.0149406,0.15972427,0.066517666,-0.41988868,0.9051348,0
-1.384244,-0.72693145,0.38757694,-0.90112877,-0.4147802,-0.12619175,0
0.27386883,-1.2780272,-0.072819531,0.066517666,-0.41988868,0.9051348,0
-1.3047085,-0.7253176,-0.21575284,-0.90112877,-0.4147802,-0.12619175,0
-1.6880912,0.12937593,-0.0057404935,-0.90112877,-0.4147802,-0.12619175,0
1.0258275,-0.77850485,0.083086103,0.066517666,-0.41988868,0.9051348,0
1.6028923,-0.072947919,0.026150703,0.90112877,0.4147802,0.12619175,0
-0.33254877,0.87137055,-0.098988861,-0.066517666,0.41988868,-0.9051348,0
-0.33054617,-1.547428,-1.0771345,0.42841846,-0.80724907,-0.40596396,0
0.2359013,1.5717714,0.16837186,-0.066517666,0.41988868,-0.9051348,0
1.4850687,0.31025696,0.050178617,0.90112877,0.4147802,0.12619175,0
-0.93299639,-1.3587376,-0.15382683,-0.90112877,-0.4147802,-0.12619175,0
0.14668342,-1.2939149,-0.72877818,0.42841846,-0.80724907,-0.40596396,0
1.7481213,-0.22326446,-0.30998725,0.90112877,0.4147802,0.12619175,0
0.088113949,0.39349991,-0.48385963,-0.066517666,0.41988868,-0.9051348,0
-1.2862891,-0.89318639,0.021900624,-0.90112877,-0.4147802,-0.12619175,0
1.6212764,0.046931744,0.37012601,0.90112877,0.4147802,0.12619175,0
-1.0460728,0.6528604,0.95609748,0.066517666,-0.41988868,0.9051348,0
0.061588496,1.7863872,0.38101101,-0.066517666,0.41988868,-0.9051348,0
-1.2726206,-0.65307772,-0.29630053,-0.90112877,-0.4147802,-0.12619175,0
1.7401584,-0.7270847,-0.56829745,0.42841846,-0.80724907,-0.40596396,0
-1.1250187,-0.94154954,-0.46290493,-0.90112877,-0.4147802,-0.12619175,0
-1.6918236,0.030278921,-0.3321104,-0.90112877,-0.4147802,-0.12619175,0
-0.45553687,1.3726294,0.019788861,-0.066517666,0.41988868,-0.9051348,0
-0.46957734,-1.7693644,-0.7652092,0.42841846,-0.80724907,-0.40596396,0
0.80950481,-1.2278761,-0.39329433,0.42841846,-0.80724907,-0.40596396,0
1.8621405,-0.32404467,0.022639066,0.90112877,0.4147802,0.12619175,0
-0.90115666,-0.45243627,-0.66187131,-0.066517666,0.41988868,-0.9051348,0
1.8513746,-0.25737929,0.13534109,0.90112877,0.4147802,0.12619175,0
1.647259,-0.06245783,-0.11074284,0.90112877,0.4147802,0.12619175,0
1.211288,0.87393427,0.7796613,0.90112877,0.4147802,0.12619175,0
-0.12901144,1.4819195,0.58798569,-0.42841846,0.80724907,0.40596396,0
-0.56032288,1.3541378,0.61354667,-0.42841846,0.80724907,0.40596396,0
-1.0096475,1.2939925,0.16636068,-0.066517666,0.41988868,-0.9051348,0
-1.0376707,-1.3155382,-0.063270926,-0.90112877,-0.4147802,-0.12619175,0
-1.9538918,0.55107224,-0.030767262,-0.90112877,-0.4147802,-0.12619175,0
0.46274346,1.7536689,0.26516956,-0.066517666,0.41988868,-0.9051348,0
-1.3746772,0.43025702,0.86277544,0.066517666,-0.41988868,0.9051348,0
-0.66284162,0.64078593,-0.21469857,-0.066517666,0.41988868,-0.9051348,0
1.3356277,-0.6007809,0.19982627,0.066517666,-0.41988868,0.9051348,0
-0.69581079,-1.799338,-0.60753119,0.42841846,-0.80724907,-0.40596396,0
0.86630696,1.3727179,0.96246314,0.90112877,0.4147802,0.12619175,0
0.31985444,-1.2996348,-0.59236008,0.42841846,-0.80724907,-0.40596396,0
-1.6411654,0.69628245,0.72469801,-0.42841846,0.80724907,0.40596396,0
-0.54108965,1.2607709,0.38077915,-0.42841846,0.80724907,0.40596396,0
-0.22511126,-1.6856039,-0.17274433,0.066517666,-0.41988868,0.9051348,0
1.3535229,0.78917873,0.10975012,0.90112877,0.4147802,0.12619175,0
0.22795871,1.5528977,0.73260689,-0.42841846,0.80724907,0.40596396,0
1.4909631,0.38407543,0.078578368,0.90112877,0.4147802,0.12619175,0
-0.51792705,-0.91814989,0.2228943,0.066517666,-0.41988868,0.9051348,0
0.71190923,0.13250622,0.51787484,0.066517666,-0.41988868,0.9051348,0
-1.482501,-0.5377177,-0.24003828,-0.90112877,-0.4147802,-0.12619175,0
-0.82207799,1.2141654,0.61984152,-0.42841846,0.80724907,0.40596396,0
-0.28488517,-1.5856912,-0.70840859,0.42841846,-0.80724907,-0.40596396,0
-1.6109288,0.34179169,0.9184767,0.066517666,-0.41988868,0.9051348,0
-1.7026347,0.4589363,0.96081948,0.066517666,-0.41988868,0.9051348,0
1.6049751,0.24522102,-0.24715568,0.90112877,0.4147802,0.12619175,0
1.7500685,-0.9598707,-0.17736024,0.42841846,-0.80724907,-0.40596396,0
-0.86267066,1.0769969,0.86069143,-0.42841846,0.80724907,0.40596396,0
0.13226432,1.2649254,1.1437578,-0.42841846,0.80724907,0.40596396,0
1.7064626,-0.22323191,0.38410172,0.066517666,-0.41988868,0.9051348,0
-0.082728356,-0.8924101,-1.0412703,-0.066517666,0.41988868,-0.9051348,0
-0.49684104,-1.6796674,-1.0192395,0.42841846,-0.80724907,-0.40596396,0
1.3321811,0.74756253,0.61626655,0.90112877,0.4147802,0.12619175,0
-0.67015803,-1.5735906,-1.2461592,-0.90112877,-0.4147802,-0.12619175,0
-0.3063421,1.2136708,0.91752928,-0.42841846,0.80724907,0.40596396,0
-1.1483471,-0.18246476,0.65879017,0.066517666,-0.41988868,0.9051348,0
0.088905096,0.59400129,-0.24602768,-0.066517666,0.41988868,-0.9051348,0
1.2751166,0.50502145,0.71698248,0.90112877,0.4147802,0.12619175,0
0.8433727,0.83627808,0.80527622,0.066517666,-0.41988868,0.9051348,0
-0.71268642,-1.5302898,-1.046349,-0.90112877,-0.4147802,-0.12619175,0
0.92482883,1.3756714,-0.062523603,-0.066517666,0.41988868,-0.9051348,0
-1.2079799,-0.94314218,-0.53369242,-0.90112877,-0.4147802,-0.12619175,0
0.93561161,1.2992609,0.31418222,0.90112877,0.4147802,0.12619175,0
-0.94341242,1.1801255,0.34709132,-0.42841846,0.80724907,0.40596396,0
0.59798002,-0.23020902,0.36866388,0.066517666,-0.41988868,0.9051348,0
-0.68238699,-1.8062123,-0.83123851,0.42841846,-0.80724907,-0.40596396,0
1.2470419,-1.0432194,-0.13282394,0.066517666,-0.41988868,0.9051348,0
-1.522959,-0.1396088,-0.069753692,-0.90112877,-0.4147802,-0.12619175,0
-0.6560061,1.4339092,0.32792789,-0.42841846,0.80724907,0.40596396,0
-1.7704555,0.62270081,0.44157237,-0.42841846,0.80724907,0.40596396,0
0.044169396,1.3280101,1.0108876,-0.42841846,0.80724907,0.40596396,0
-0.63985205,-1.9030246,-0.44710922,-0.90112877,-0.4147802,-0.12619175,0
-0.34108767,1.3517313,0.54552197,-0.42841846,0.80724907,0.40596396,0
0.48826382,1.9383227,0.57040656,-0.42841846,0.80724907,0.40596396,0
1.7214749,-0.85625714,-0.081784189,0.066517666,-0.41988868,0.9051348,0
0.15253788,1.1661711,1.1749562,0.066517666,-0.41988868,0.9051348,0
-0.97456622,-1.2906911,-1.0522039,-0.90112877,-0.4147802,-0.12619175,0
1.354676,-0.96254945,-0.26192057,0.42841846,-0.80724907,-0.40596396,0
-1.6517514,-0.25337303,0.028662026,-0.90112877,-0.4147802,-0.12619175,0
0.40092057,-1.1306952,-0.90824181,0.42841846,-0.80724907,-0.40596396,0
1.3163804,0.55624425,0.035331458,0.90112877,0.4147802,0.12619175,0
0.62879157,0.29620451,-0.35084885,-0.066517666,0.41988868,-0.9051348,0
-1.2151889,1.113049,0.11496198,-0.42841846,0.80724907,0.40596396,0
-0.73600686,1.2710382,0.30920571,-0.42841846,0.80724907,0.40596396,0
0.88319933,1.3358119,0.54709333,0.90112877,0.4147802,0.12619175,0
-1.2283044,-0.86111373,-0.61414123,-0.90112877,-0.4147802,-0.12619175,0
0.45659271,1.740597,0.75659835,-0.42841846,0.80724907,0.40596396,0
0.9117986,1.3364894,1.0636919,0.90112877,0.4147802,0.12619175,0
-1.4030882,-0.54203939,0.19891131,-0.90112877,-0.4147802,-0.12619175,0
-1.3917192,-0.57586348,0.42977458,-0.90112877,-0.4147802,-0.12619175,0
1.9149137,-0.44907197,-0.69254398,0.42841846,-0.80724907,-0.40596396,0
-1.5138521,-0.52855116,0.34764713,-0.90112877,-0.4147802,-0.12619175,0
-1.7487688,0.37377703,-0.17916217,-0.90112877,-0.4147802,-0.12619175,0
-0.12932184,-0.45413339,-0.65379071,-0.066517666,0.41988868,-0.9051348,0
-1.9619421,0.32684517,0.69776493,-0.90112877,-0.4147802,-0.12619175,0
0.28705317,-1.4199886,-0.076647043,0.066517666,-0.41988868,0.9051348,0
1.4537988,0.2360535,0.60097772,0.066517666,-0.41988868,0.9051348,0
-1.5682448,0.87799549,0.15896267,-0.42841846,0.80724907,0.40596396,0
1.6797739,-0.6698674,-0.51971316,0.42841846,-0.80724907,-0.40596396,0
-1.4672018,0.17016435,-0.33136663,-0.066517666,0.41988868,-0.9051348,0
1.4144777,-0.73247474,-0.8711555,0.42841846,-0.80724907,-0.40596396,0
-0.91585708,-1.4304231,-0.065078855,0.066517666,-0.41988868,0.9051348,0
0.78104901,1.2025175,0.031107426,-0.066517666,0.41988868,-0.9051348,0
-0.23117414,0.31923223,-0.28445637,-0.066517666,0.41988868,-0.9051348,0
-0.79402411,-1.805778,-0.78354764,-0.90112877,-0.4147802,-0.12619175,0
1.8556685,-0.15040779,-0.50191283,0.90112877,0.4147802,0.12619175,0
0.46513075,-0.79782319,0.25048387,0.066517666,-0.41988868,0.9051348,0
-1.2043408,1.132123,0.36276209,-0.42841846,0.80724907,0.40596396,0
0.87844205,-1.2175319,-0.41553992,0.42841846,-0.80724907,-0.40596396,0
0.49622995,1.6550671,0.27563655,-0.066517666,0.41988868,-0.9051348,0
-1.8340404,0.24647677,-0.11532818,-0.90112877,-0.4147802,-0.12619175,0
-1.8640437,0.41310689,0.24239415,-0.90112877,-0.4147802,-0.12619175,0
1.6315149,-0.011806726,-0.20118104,0.90112877,0.4147802,0.12619175,0
-0.81957901,-1.2504656,-1.1166165,-0.066517666,0.41988868,-0.9051348,0
-1.0754689,1.0076469,0.54183537,-0.42841846,0.80724907,0.40596396,0
-1.1035223,-0.87481797,-0.80691528,-0.066517666,0.41988868,-0.9051348,0
-1.0994201,-0.97186905,-0.36655238,-0.90112877,-0.4147802,-0.12619175,0
0.21754314,0.65084583,-0.33513266,-0.066517666,0.41988868,-0.9051348,0
1.2889006,0.90444803,-0.070149541,0.90112877,0.4147802,0.12619175,0
-1.7818211,0.76789171,0.32195997,-0.42841846,0.80724907,0.40596396,0
-1.5019031,-0.40967572,-0.072843187,-0.90112877,-0.4147802,-0.12619175,0
