-2.0582583,1.2974628,0.90678072,-0.88677311,0.23379156,0.39871681,0
-0.92045128,-0.78542179,0.32088855,-0.099794149,-0.93913877,0.32872429,0
2.1962647,-1.1946418,-0.56738043,0.88677311,-0.23379156,-0.39871681,0
1.3512201,0.51354605,-0.88830471,0.099794149,0.93913877,-0.32872429,0
1.0306666,0.15162706,-1.184811,-0.45130327,-0.25171423,-0.85613394,0
-2.4511817,0.850034,0.53445482,-0.88677311,0.23379156,0.39871681,0
-1.3747559,1.3828597,0.62307215,0.099794149,0.93913877,-0.32872429,0
-1.553051,0.49755448,0.16126192,-0.45130327,-0.25171423,-0.85613394,0
0.65693933,0.66572446,-0.78092486,0.099794149,0.93913877,-0.32872429,0
0.31304973,-0.74705404,0.64224303,0.45130327,0.25171423,0.85613394,0
1.1847677,-0.51116484,0.1533525,0.45130327,0.25171423,0.85613394,0
0.67120194,-1.0548819,0.18190372,-0.099794149,-0.93913877,0.32872429,0
1.5815072,-0.58533984,-1.2050542,-0.45130327,-0.25171423,-0.85613394,0
-2.1756761,1.4041581,0.28798652,0.099794149,0.93913877,-0.32872429,0
-0.38528615,-0.7753368,0.50585699,-0.099794149,-0.93913877,0.32872429,0
-0.92517853,1.279325,0.30491936,0.099794149,0.93913877,-0.32872429,0
0.0084896684,-1.062977,0.2349717,-0.099794149,-0.93913877,0.32872429,0
1.7925822,-1.4043682,-0.27902699,-0.099794149,-0.93913877,0.32872429,0
2.2804275,-0.53706872,-0.68178916,0.88677311,-0.23379156,-0.39871681,0
0.33295324,-0.75778639,-0.63702679,-0.45130327,-0.25171423,-0.85613394,0
1.6588809,0.25551319,-1.5442113,-0.45130327,-0.25171423,-0.85613394,0
0.23681337,-0.92242301,0.52658665,-0.099794149,-0.93913877,0.32872429,0
-0.82837701,-0.086002395,-0.083528221,-0.45130327,-0.25171423,-0.85613394,0
-0.6739499,0.53915817,0.81045741,0.45130327,0.25171423,0.85613394,0
2.1653297,-1.4160576,-0.65641022,0.88677311,-0.23379156,-0.39871681,0
0.098269999,1.0399766,-0.29071769,0.099794149,0.93913877,-0.32872429,0
1.8396208,-0.4665972,-0.17250013,0.45130327,0.25171423,0.85613394,0
-1.019082,0.41538775,-0.18405545,-0.45130327,-0.25171423,-0.85613394,0
0.61139899,0.95255709,-0.21472406,0.099794149,0.93913877,-0.32872429,0
-0.89030206,1.3229126,0.72888076,0.45130327,0.25171423,0.85613394,0
2.2713547,-0.051994979,-1.0050418,0.88677311,-0.23379156,-0.39871681,0
0.053038716,-1.0313789,0.29472578,-0.099794149,-0.93913877,0.32872429,0
-2.3061843,-0.21485263,0.72537994,-0.45130327,-0.25171423,-0.85613394,0
-1.0714707,-0.4204973,1.248942,-0.099794149,-0.93913877,0.32872429,0
-1.8829132,1.4624745,0.62717938,0.099794149,0.93913877,-0.32872429,0
-2.1984835,1.1129286,0.8558073,-0.88677311,0.23379156,0.39871681,0
1.4392396,-0.3197037,-1.1810585,-0.45130327,-0.25171423,-0.85613394,0
-2.312552,1.1069001,0.36474729,-0.88677311,0.23379156,0.39871681,0
-2.1381066,0.92158186,1.0852551,-0.88677311,0.23379156,0.39871681,0
2.3719375,-0.068961501,-1.0181129,0.88677311,-0.23379156,-0.39871681,0
2.2448175,-0.50812316,-1.0695565,0.88677311,-0.23379156,-0.39871681,0
-2.3197274,1.2079766,0.62349057,-0.88677311,0.23379156,0.39871681,0
1.9231048,-1.3655123,-0.26316023,-0.099794149,-0.93913877,0.32872429,0
-2.0977173,0.78430927,1.2166345,-0.88677311,0.23379156,0.39871681,0
-2.5056374,0.31478292,0.68222404,-0.88677311,0.23379156,0.39871681,0
0.66854292,-1.1144205,-0.60104918,-0.45130327,-0.25171423,-0.85613394,0
-1.2407343,1.2597152,-0.094084263,0.099794149,0.93913877,-0.32872429,0
0.060012817,0.85169625,-0.86333311,0.099794149,0.93913877,-0.32872429,0
1.8029845,-0.19746554,-1.4569865,-0.45130327,-0.25171423,-0.85613394,0
2.3131611,-0.043077409,-0.89360261,0.88677311,-0.23379156,-0.39871681,0
2.0742524,-1.1943793,-1.0969,0.88677311,-0.23379156,-0.39871681,0
2.061831,-1.2558781,-0.12818408,-0.099794149,-0.93913877,0.32872429,0
0.47474322,0.95299268,0.0039623678,0.099794149,0.93913877,-0.32872429,0
0.91755742,0.56265259,-1.1288761,-0.45130327,-0.25171423,-0.85613394,0
-1.6611515,0.20795894,1.4309335,0.45130327,0.25171423,0.85613394,0
-2.093272,0.016048431,1.6689137,0.45130327,0.25171423,0.85613394,0
-2.483458,-0.2253257,1.0990469,-0.88677311,0.23379156,0.39871681,0
2.2147741,0.49327916,-1.1632639,0.099794149,0.93913877,-0.32872429,0
2.4095769,-0.65052003,-0.64130378,0.88677311,-0.23379156,-0.39871681,0
-1.8690209,1.6205,1.1012466,-0.88677311,0.23379156,0.39871681,0
1.1285788,-1.2663753,-0.39212251,-0.099794149,-0.93913877,0.32872429,0
-0.70479548,-0.27741283,1.1311452,0.45130327,0.25171423,0.85613394,0
-2.1876578,-0.029319286,1.3874699,-0.88677311,0.23379156,0.39871681,0
2.0579259,0.073751926,-1.6909771,-0.45130327,-0.25171423,-0.85613394,0
2.3811336,-0.63172895,-0.61335444,0.88677311,-0.23379156,-0.39871681,0
1.521264,-1.3746077,-0.66928244,-0.099794149,-0.93913877,0.32872429,0
-0.35349756,0.75070852,-0.70019579,-0.45130327,-0.25171423,-0.85613394,0
-2.1962194,0.41602284,1.1136072,-0.88677311,0.23379156,0.39871681,0
-0.041480839,0.91402471,-0.14563352,0.099794149,0.93913877,-0.32872429,0
-0.27336943,1.2417459,0.1879667,0.099794149,0.93913877,-0.32872429,0
2.4778495,-0.60119987,-0.61233997,0.88677311,-0.23379156,-0.39871681,0
1.6682332,0.47765201,-0.89609039,0.099794149,0.93913877,-0.32872429,0
-2.3336387,0.91787821,0.77539849,-0.88677311,0.23379156,0.39871681,0
0.23558505,-0.88225824,-0.53068167,-0.45130327,-0.25171423,-0.85613394,0
2.2356787,-1.2360711,-0.45471382,0.88677311,-0.23379156,-0.39871681,0
0.6985622,-0.60099542,-0.72427964,-0.45130327,-0.25171423,-0.85613394,0
0.20542365,-0.57036543,-0.55909407,-0.45130327,-0.25171423,-0.85613394,0
-1.4591216,0.67944914,0.037885666,-0.45130327,-0.25171423,-0.85613394,0
-0.20237696,0.97947907,-0.55699193,0.099794149,0.93913877,-0.32872429,0
1.0086136,0.60692781,-1.2128104,0.099794149,0.93913877,-0.32872429,0
-1.324068,1.3461179,0.19681478,0.099794149,0.93913877,-0.32872429,0
-1.6222703,-0.00083045661,0.19743097,-0.45130327,-0.25171423,-0.85613394,0
-0.61101443,1.2540313,0.475191,0.45130327,0.25171423,0.85613394,0
-1.1057897,-0.75651175,0.78972983,-0.099794149,-0.93913877,0.32872429,0
0.20113873,-1.1039886,-0.016185462,-0.099794149,-0.93913877,0.32872429,0
-0.43317795,-0.10851353,0.7630316,0.45130327,0.25171423,0.85613394,0
-1.7207615,-0.5408805,0.50903821,-0.45130327,-0.25171423,-0.85613394,0
-0.61920744,-0.79039985,0.71064484,-0.099794149,-0.93913877,0.32872429,0
2.1054132,-0.3071723,-1.4176631,0.88677311,-0.23379156,-0.39871681,0
2.3528628,-0.44426754,-0.5676229,0.88677311,-0.23379156,-0.39871681,0
-0.73311055,-0.6322692,-0.014396995,-0.45130327,-0.25171423,-0.85613394,0
0.34648144,0.25965583,-0.91417116,-0.45130327,-0.25171423,-0.85613394,0
-2.148942,0.18432701,1.6279414,-0.88677311,0.23379156,0.39871681,0
-2.0684502,1.2784741,0.93460989,-0.88677311,0.23379156,0.39871681,0
2.4910674,-0.28946215,-0.7525363,0.88677311,-0.23379156,-0.39871681,0
-2.1009159,-0.29726076,1.6958373,-0.099794149,-0.93913877,0.32872429,0
-2.3253369,0.68632615,0.72883153,-0.88677311,0.23379156,0.39871681,0
0.57095265,-0.9472366,0.40654927,-0.099794149,-0.93913877,0.32872429,0
-1.9653313,1.2850816,1.160948,-0.88677311,0.23379156,0.39871681,0
-2.4849186,-0.14996815,0.92733669,-0.88677311,0.23379156,0.39871681,0
-1.3746049,-0.49634659,1.0919384,-0.099794149,-0.93913877,0.32872429,0
2.2477539,0.12272871,-1.1578393,0.88677311,-0.23379156,-0.39871681,0
1.8721763,-1.5967301,-1.0576053,-0.45130327,-0.25171423,-0.85613394,0
-0.54337674,1.0975547,-0.1351862,0.099794149,0.93913877,-0.32872429,0
1.0180275,0.64661723,-0.6586827,0.099794149,0.93913877,-0.32872429,0
-2.3408122,-0.22799575,1.2294066,-0.88677311,0.23379156,0.39871681,0
2.218751,0.11399209,-1.4645965,0.88677311,-0.23379156,-0.39871681,0
2.208961,-1.1007655,-0.62698054,0.88677311,-0.23379156,-0.39871681,0
2.2911119,-0.90888667,-0.61030602,0.88677311,-0.23379156,-0.39871681,0
-2.3867164,1.3775663,0.2040112,-0.88677311,0.23379156,0.39871681,0
-0.11498928,0.9890486,-0.23985559,0.099794149,0.93913877,-0.32872429,0
-1.2284453,1.018471,1.0420496,0.45130327,0.25171423,0.85613394,0
0.72103894,-0.7577377,-0.71414077,-0.45130327,-0.25171423,-0.85613394,0
2.3633833,-0.58140427,-0.75370002,0.88677311,-0.23379156,-0.39871681,0
0.87855071,0.84540451,-0.65000892,0.099794149,0.93913877,-0.32872429,0
-2.3721964,-0.25468439,1.1412375,-0.88677311,0.23379156,0.39871681,0
-2.3650615,0.37973958,0.9135623,-0.88677311,0.23379156,0.39871681,0
0.096662641,-0.96244365,0.35834625,-0.099794149,-0.93913877,0.32872429,0
-2.1411073,1.2366277,0.87946677,-0.88677311,0.23379156,0.39871681,0
-2.1089933,0.32481754,1.279444,-0.88677311,0.23379156,0.39871681,0
1.2661328,0.59670889,-0.67177832,0.099794149,0.93913877,-0.32872429,0
0.90429884,-1.1059996,-0.038113832,-0.099794149,-0.93913877,0.32872429,0
2.4954443,-0.51713294,-0.6117382,0.88677311,-0.23379156,-0.39871681,0
1.1070598,0.39421701,-0.14460129,0.45130327,0.25171423,0.85613394,0
-0.42754698,0.56758028,0.65622187,0.45130327,0.25171423,0.85613394,0
-1.2988052,-0.23444037,0.12198126,-0.45130327,-0.25171423,-0.85613394,0
-0.70490551,1.378737,0.3990984,0.099794149,0.93913877,-0.32872429,0
2.2407329,-0.20449066,-1.1325221,0.88677311,-0.23379156,-0.39871681,0
-1.3539096,1.2498069,-0.085973978,0.099794149,0.93913877,-0.32872429,0
-2.3284523,-0.0084975958,0.95728278,-0.88677311,0.23379156,0.39871681,0
-1.7573307,1.5462358,1.0887711,0.099794149,0.93913877,-0.32872429,0
-1.2836609,-0.23269606,1.241487,0.45130327,0.25171423,0.85613394,0
0.12214538,-0.21267658,-0.5364958,-0.45130327,-0.25171423,-0.85613394,0
-1.7868419,1.2934757,1.1859844,0.45130327,0.25171423,0.85613394,0
-2.0406435,0.7075417,1.2927024,-0.88677311,0.23379156,0.39871681,0
-0.2212683,0.18487141,-0.47460714,-0.45130327,-0.25171423,-0.85613394,0
-2.1289105,0.68204057,1.040503,-0.88677311,0.23379156,0.39871681,0
-1.1147604,1.287936,0.81475878,0.45130327,0.25171423,0.85613394,0
1.0945798,0.78942978,-0.62646818,0.099794149,0.93913877,-0.32872429,0
2.3192272,-1.468526,-0.35703444,0.88677311,-0.23379156,-0.39871681,0
-1.2394438,-0.72989225,0.18102139,-0.45130327,-0.25171423,-0.85613394,0
0.11122882,-1.0901282,0.16710895,-0.099794149,-0.93913877,0.32872429,0
-2.3848803,-0.30450118,1.0302379,-0.88677311,0.23379156,0.39871681,0
-0.13245976,-0.82566404,0.58305407,-0.099794149,-0.93913877,0.32872429,0
0.63652313,0.74427867,-0.086242229,0.45130327,0.25171423,0.85613394,0
1.6191698,-1.2010213,-0.17206335,-0.099794149,-0.93913877,0.32872429,0
-0.92204022,0.43216354,0.97898877,0.45130327,0.25171423,0.85613394,0
2.0304766,-0.55508459,-1.260956,0.88677311,-0.23379156,-0.39871681,0
1.8879485,-0.60553801,-0.34914851,0.45130327,0.25171423,0.85613394,0
2.1956799,0.25411487,-1.4173554,0.88677311,-0.23379156,-0.39871681,0
2.0545325,-1.4279041,-0.61989546,-0.099794149,-0.93913877,0.32872429,0
-0.89308417,-0.68554556,0.51143909,-0.099794149,-0.93913877,0.32872429,0
2.2132132,-0.038434029,-1.0894585,0.88677311,-0.23379156,-0.39871681,0
-0.45669895,-0.92318285,0.37276575,-0.099794149,-0.93913877,0.32872429,0
-2.3403845,0.063515425,1.1120272,-0.88677311,0.23379156,0.39871681,0
2.3200655,-0.67509723,-0.64460063,0.88677311,-0.23379156,-0.39871681,0
1.5722913,-1.222491,-0.00082826614,0.45130327,0.25171423,0.85613394,0
0.40412104,0.77751076,-0.97352111,0.099794149,0.93913877,-0.32872429,0
2.2846699,-0.043557405,-1.0257933,0.88677311,-0.23379156,-0.39871681,0
-0.28022408,-0.78954875,0.83466065,-0.099794149,-0.93913877,0.32872429,0
-1.1054527,1.0798217,-0.28274655,0.099794149,0.93913877,-0.32872429,0
0.49536288,-0.13103941,0.43371272,0.45130327,0.25171423,0.85613394,0
0.39204717,-0.86764693,-0.60493499,-0.45130327,-0.25171423,-0.85613394,0
-2.1026511,-0.014320731,1.4289943,-0.88677311,0.23379156,0.39871681,0
0.86536682,0.79984337,-0.68282211,0.099794149,0.93913877,-0.32872429,0
-2.1175199,0.40355098,1.1465836,-0.88677311,0.23379156,0.39871681,0
-1.0456983,0.70865589,0.89163399,0.45130327,0.25171423,0.85613394,0
2.2236302,-0.024529457,-1.3061185,0.88677311,-0.23379156,-0.39871681,0
0.97226381,-0.15641956,0.13702035,0.45130327,0.25171423,0.85613394,0
1.4070786,0.79221755,-0.33712763,0.099794149,0.93913877,-0.32872429,0
1.3727667,-1.3512956,-0.41669488,-0.099794149,-0.93913877,0.32872429,0
-0.53448945,-0.64828324,0.96259552,-0.099794149,-0.93913877,0.32872429,0
0.29013079,0.97395146,-0.43548658,0.099794149,0.93913877,-0.32872429,0
-1.9337187,1.3894067,1.1630187,-0.88677311,0.23379156,0.39871681,0
-0.23732197,-0.93869668,0.51675111,-0.099794149,-0.93913877,0.32872429,0
2.1737249,-1.2480394,-0.49708676,0.88677311,-0.23379156,-0.39871681,0
1.6610801,-1.5624483,-0.97218299,-0.45130327,-0.25171423,-0.85613394,0
-1.1631629,-0.72962713,0.48348713,-0.099794149,-0.93913877,0.32872429,0
2.462719,-0.33255965,-0.71534634,0.88677311,-0.23379156,-0.39871681,0
-0.72406,-1.0254383,0.16929767,-0.099794149,-0.93913877,0.32872429,0
0.48809791,0.23796046,-0.96278501,-0.45130327,-0.25171423,-0.85613394,0
-0.99909312,-0.20230338,0.082714915,-0.45130327,-0.25171423,-0.85613394,0
-1.2376759,-0.50584161,1.4323077,0.45130327,0.25171423,0.85613394,0
-1.7597865,1.6999791,1.0014226,0.099794149,0.93913877,-0.32872429,0
-2.1123159,0.73848855,1.3414226,-0.88677311,0.23379156,0.39871681,0
-1.9493196,1.4797111,1.2084856,-0.88677311,0.23379156,0.39871681,0
0.11500704,-1.0189157,-0.43737692,-0.45130327,-0.25171423,-0.85613394,0
-0.21054029,-0.86115593,0.80140787,-0.099794149,-0.93913877,0.32872429,0
-2.1678836,1.3770483,0.26663446,0.099794149,0.93913877,-0.32872429,0
0.64480561,0.85954809,-0.11872122,0.099794149,0.93913877,-0.32872429,0
2.0068526,-0.59504402,-1.2393675,0.88677311,-0.23379156,-0.39871681,0
-2.4425671,0.52757072,0.665066,-0.88677311,0.23379156,0.39871681,0
-2.4701972,0.049082696,0.86425257,-0.88677311,0.23379156,0.39871681,0
-0.3214305,-0.93140203,0.57731962,-0.099794149,-0.93913877,0.32872429,0
2.0904696,-0.90586293,-0.99318242,0.88677311,-0.23379156,-0.39871681,0
2.455235,-0.35086268,-0.7272687,0.88677311,-0.23379156,-0.39871681,0
-0.88118732,1.1970407,0.77516699,0.45130327,0.25171423,0.85613394,0
1.1320912,-1.398855,-0.65278792,-0.099794149,-0.93913877,0.32872429,0
1.238091,0.40893704,-1.240694,-0.45130327,-0.25171423,-0.85613394,0
-1.2027818,1.0777848,-0.16393983,0.099794149,0.93913877,-0.32872429,0
-1.2458466,0.58479398,1.0722003,0.45130327,0.25171423,0.85613394,0
-2.0951254,0.71133006,1.1755681,-0.88677311,0.23379156,0.39871681,0
-2.1298437,-0.072683454,1.4531029,-0.88677311,0.23379156,0.39871681,0
2.384933,-0.4982549,-0.78526211,0.88677311,-0.23379156,-0.39871681,0
1.184751,-1.1423626,-0.081251144,-0.099794149,-0.93913877,0.32872429,0
-2.3785138,0.25450569,0.66253352,-0.45130327,-0.25171423,-0.85613394,0
2.1406088,0.053403735,-1.6809801,0.88677311,-0.23379156,-0.39871681,0
1.3403643,-0.94908655,-1.0967953,-0.45130327,-0.25171423,-0.85613394,0
-2.1477532,1.4519461,0.2401247,0.099794149,0.93913877,-0.32872429,0
-0.77649546,-0.28747961,-0.15382534,-0.45130327,-0.25171423,-0.85613394,0
2.2883618,-0.097187757,-1.076216,0.88677311,-0.23379156,-0.39871681,0
-2.1654825,1.0481455,0.74993992,-0.88677311,0.23379156,0.39871681,0
-2.026422,0.72441161,1.525763,-0.88677311,0.23379156,0.39871681,0
-1.1794512,-0.34068358,1.3972321,0.45130327,0.25171423,0.85613394,0
-1.0986044,0.11908736,0.03252387,-0.45130327,-0.25171423,-0.85613394,0
-1.3548304,0.43641806,-0.010398746,-0.45130327,-0.25171423,-0.85613394,0
-0.8665747,0.58556658,-0.36334467,-0.45130327,-0.25171423,-0.85613394,0
0.98681748,-0.65318412,-0.91022587,-0.45130327,-0.25171423,-0.85613394,0
2.278677,-1.2741537,-0.51209283,0.88677311,-0.23379156,-0.39871681,0
-2.053632,-0.27615643,0.68544042,-0.45130327,-0.25171423,-0.85613394,0
2.2160773,-1.555725,-0.65931654,0.88677311,-0.23379156,-0.39871681,0
2.4313755,-0.15274698,-1.0159013,0.88677311,-0.23379156,-0.39871681,0
-0.31934583,0.91667277,-0.42317683,0.099794149,0.93913877,-0.32872429,0
2.1140912,-0.52346933,-1.3955114,0.88677311,-0.23379156,-0.39871681,0
1.6522501,-1.0165008,-1.0610898,-0.45130327,-0.25171423,-0.85613394,0
1.3150342,-1.4179049,-0.81574202,-0.099794149,-0.93913877,0.32872429,0
-2.3363163,0.37092429,0.89838338,-0.88677311,0.23379156,0.39871681,0
0.50893599,-1.0733212,-0.1479708,-0.099794149,-0.93913877,0.32872429,0
2.2960503,-0.17468286,-1.0825727,0.88677311,-0.23379156,-0.39871681,0
1.3034514,0.0018275976,-1.3381696,-0.45130327,-0.25171423,-0.85613394,0
1.1273707,-1.2896643,-0.19251013,-0.099794149,-0.93913877,0.32872429,0
2.1973181,-1.209587,-0.60275745,0.88677311,-0.23379156,-0.39871681,0
0.45320642,-1.2460331,-0.19769645,-0.099794149,-0.93913877,0.32872429,0
1.7495805,-1.3665533,-1.213553,-0.45130327,-0.25171423,-0.85613394,0
2.0663424,-0.32241166,-1.426399,0.88677311,-0.23379156,-0.39871681,0
1.8438414,-1.342042,-0.35001945,-0.099794149,-0.93913877,0.32872429,0
0.15551418,1.0655041,0.026491046,0.099794149,0.93913877,-0.32872429,0
0.19560122,0.97966504,-0.21895763,0.099794149,0.93913877,-0.32872429,0
1.3071769,-1.4041815,-0.77941155,-0.099794149,-0.93913877,0.32872429,0
0.18882763,-0.94183999,-0.4481048,-0.45130327,-0.25171423,-0.85613394,0
1.0946757,-0.55506253,0.26892149,0.45130327,0.25171423,0.85613394,0
1.1312625,-1.1486361,0.10420716,-0.099794149,-0.93913877,0.32872429,0
-0.81707525,-0.44635266,0.054210186,-0.45130327,-0.25171423,-0.85613394,0
-2.2269325,0.89660358,0.54584479,-0.88677311,0.23379156,0.39871681,0
2.0650558,-0.2434144,-1.5161916,0.88677311,-0.23379156,-0.39871681,0
1.1927562,0.89528871,-0.34531754,0.099794149,0.93913877,-0.32872429,0
-2.1831574,0.81405663,0.77446842,-0.88677311,0.23379156,0.39871681,0
-2.2854083,1.1655607,0.29309344,-0.88677311,0.23379156,0.39871681,0
0.60209239,-0.74457568,0.56453931,0.45130327,0.25171423,0.85613394,0
1.6280507,-1.457347,-0.3551867,-0.099794149,-0.93913877,0.32872429,0
-1.8478923,1.5195246,1.1866109,0.45130327,0.25171423,0.85613394,0
-1.0842556,0.0340514,0.061736345,-0.45130327,-0.25171423,-0.85613394,0
-1.0315728,-0.91443247,0.30287212,-0.099794149,-0.93913877,0.32872429,0
-0.38921565,-0.3489809,-0.32980889,-0.45130327,-0.25171423,-0.85613394,0
-2.1325397,0.10339665,1.4146491,-0.88677311,0.23379156,0.39871681,0
0.50181514,1.0246475,-0.16391358,0.099794149,0.93913877,-0.32872429,0
1.8076015,0.61589199,-0.90376544,0.099794149,0.93913877,-0.32872429,0
0.81365627,-1.051118,-0.73796165,-0.45130327,-0.25171423,-0.85613394,0
-2.068593,0.53844267,1.1104572,-0.88677311,0.23379156,0.39871681,0
-2.4399014,-0.28154415,1.0571895,-0.88677311,0.23379156,0.39871681,0
2.0296886,-0.30121148,-1.386713,0.88677311,-0.23379156,-0.39871681,0
2.1910827,0.43536305,-0.6418072,0.45130327,0.25171423,0.85613394,0
-2.2893703,1.4048601,0.36660337,-0.88677311,0.23379156,0.39871681,0
1.8001897,-1.4267638,-0.54374719,-0.099794149,-0.93913877,0.32872429,0
-1.3611594,-0.4167074,1.289325,-0.099794149,-0.93913877,0.32872429,0
0.9557125,0.77856481,-0.40806752,0.099794149,0.93913877,-0.32872429,0
-1.5241649,-0.4837923,1.3064454,-0.099794149,-0.93913877,0.32872429,0
1.782944,-0.25021753,-0.38580453,0.45130327,0.25171423,0.85613394,0
2.4599845,0.44014001,-0.83891678,0.88677311,-0.23379156,-0.39871681,0
2.1415076,-1.1837826,-0.11518598,0.45130327,0.25171423,0.85613394,0
-2.1970415,1.4941808,0.35809112,-0.88677311,0.23379156,0.39871681,0
0.33965433,0.85714376,-0.28058124,0.099794149,0.93913877,-0.32872429,0
-1.9728673,0.41343594,1.4191296,-0.88677311,0.23379156,0.39871681,0
1.5840729,-1.384208,-0.31937242,-0.099794149,-0.93913877,0.32872429,0
-2.2605422,0.35770583,1.1049352,-0.88677311,0.23379156,0.39871681,0
2.2199774,-0.29838002,-1.2354889,0.88677311,-0.23379156,-0.39871681,0
2.1860511,-0.43791467,-1.10958,0.88677311,-0.23379156,-0.39871681,0
1.3040386,0.75974703,-0.53218818,0.099794149,0.93913877,-0.32872429,0
-2.5268323,-0.48713005,0.93385768,-0.88677311,0.23379156,0.39871681,0
1.5078443,-0.27295244,-1.4099336,-0.45130327,-0.25171423,-0.85613394,0
-1.5986987,0.78076184,0.10859942,-0.45130327,-0.25171423,-0.85613394,0
-0.87419909,-0.79505956,0.77447498,-0.099794149,-0.93913877,0.32872429,0
1.4916426,-0.1782608,-1.3564067,-0.45130327,-0.25171423,-0.85613394,0
-2.0633678,1.310492,0.7227447,-0.88677311,0.23379156,0.39871681,0
-2.2633066,-0.24741495,1.3317212,-0.88677311,0.23379156,0.39871681,0
-0.54007465,0.97087806,-0.58715296,0.099794149,0.93913877,-0.32872429,0
2.196651,0.58143562,-0.91440856,0.099794149,0.93913877,-0.32872429,0
0.96687579,-0.36147526,0.1879468,0.45130327,0.25171423,0.85613394,0
2.3301914,-0.9089452,-0.39022589,0.88677311,-0.23379156,-0.39871681,0
2.0677376,-1.204582,-1.0467088,0.88677311,-0.23379156,-0.39871681,0
2.4973168,0.32767755,-1.0806921,0.88677311,-0.23379156,-0.39871681,0
0.25045046,-0.8250863,-0.58014941,-0.45130327,-0.25171423,-0.85613394,0
-2.0063562,1.4948252,1.020107,-0.88677311,0.23379156,0.39871681,0
2.1084561,-1.3773201,-0.77266502,0.88677311,-0.23379156,-0.39871681,0
2.2899556,0.13661176,-1.0541506,0.88677311,-0.23379156,-0.39871681,0
-2.1098199,-0.42521697,0.90475106,-0.099794149,-0.93913877,0.32872429,0
2.1315961,0.31546366,-1.4559669,0.099794149,0.93913877,-0.32872429,0
-2.3278294,-0.38047743,1.1245255,-0.099794149,-0.93913877,0.32872429,0
1.8537225,-1.3205521,-0.20501423,-0.099794149,-0.93913877,0.32872429,0
0.93761104,-1.2576787,-0.43732691,-0.099794149,-0.93913877,0.32872429,0
-0.91412348,1.4456117,0.74154711,0.45130327,0.25171423,0.85613394,0
-2.3520265,0.92274189,0.33632374,-0.88677311,0.23379156,0.39871681,0
-1.6454712,1.3196709,0.067076445,0.099794149,0.93913877,-0.32872429,0
-0.62877017,0.5719378,-0.4488126,-0.45130327,-0.25171423,-0.85613394,0
-0.33801395,-0.98961437,0.33359089,-0.099794149,-0.93913877,0.32872429,0
-1.8027775,-0.7053678,0.57834327,-0.099794149,-0.93913877,0.32872429,0
1.4855695,-1.3310897,-0.096437216,-0.099794149,-0.93913877,0.32872429,0
-1.9540253,-0.28860819,0.41491675,-0.45130327,-0.25171423,-0.85613394,0
2.2923837,-0.48056334,-0.6933651,0.88677311,-0.23379156,-0.39871681,0
0.45287323,-0.2143352,0.39670989,0.45130327,0.25171423,0.85613394,0
1.6674006,-1.3748679,-0.27189732,-0.099794149,-0.93913877,0.32872429,0
-2.3306739,-0.254619,1.4186478,-0.88677311,0.23379156,0.39871681,0
2.0517423,-1.247745,-0.91370988,0.88677311,-0.23379156,-0.39871681,0
1.7556894,0.22790432,-1.5982441,0.099794149,0.93913877,-0.32872429,0
-1.5514426,0.58435959,0.082044125,-0.45130327,-0.25171423,-0.85613394,0
-1.1259385,1.2863549,0.37412131,0.099794149,0.93913877,-0.32872429,0
-1.5312929,0.29247832,0.20127487,-0.45130327,-0.25171423,-0.85613394,0
0.099345088,-1.0105406,-0.33295494,-0.45130327,-0.25171423,-0.85613394,0
2.0022552,0.65137589,-0.70877302,0.099794149,0.93913877,-0.32872429,0
1.1129997,0.61376929,-1.1207677,0.099794149,0.93913877,-0.32872429,0
-2.1789045,0.14903915,0.57143593,-0.45130327,-0.25171423,-0.85613394,0
-2.0449617,1.6350404,0.82096887,-0.88677311,0.23379156,0.39871681,0
2.2108858,0.38592577,-1.330436,0.88677311,-0.23379156,-0.39871681,0
1.7324177,0.47473037,-1.2984704,0.099794149,0.93913877,-0.32872429,0
1.9285333,-1.4624922,-0.60872602,-0.099794149,-0.93913877,0.32872429,0
2.1481318,-0.3801564,-1.4565258,0.88677311,-0.23379156,-0.39871681,0
1.5285404,0.45401216,-1.4373224,0.099794149,0.93913877,-0.32872429,0
1.0323392,0.72998881,-0.71547121,0.099794149,0.93913877,-0.32872429,0
2.0201795,-0.9405511,-1.0989578,0.88677311,-0.23379156,-0.39871681,0
2.3361409,0.20854247,-0.98047495,0.88677311,-0.23379156,-0.39871681,0
1.2632816,0.55386341,-0.90835512,0.099794149,0.93913877,-0.32872429,0
2.1254709,-0.35527241,-1.2970259,0.88677311,-0.23379156,-0.39871681,0
2.3853292,-0.48720652,-0.66400218,0.88677311,-0.23379156,-0.39871681,0
1.634954,0.67854464,-0.83083224,0.099794149,0.93913877,-0.32872429,0
1.4601936,0.026420139,-0.11588883,0.45130327,0.25171423,0.85613394,0
1.1252962,0.83531964,-0.45857304,0.099794149,0.93913877,-0.32872429,0
1.3053625,-0.78576708,0.0503757,0.45130327,0.25171423,0.85613394,0
2.3931561,0.15711176,-1.1773114,0.88677311,-0.23379156,-0.39871681,0
2.3735507,0.15701199,-1.2181838,0.88677311,-0.23379156,-0.39871681,0
-0.71610647,-0.63644791,1.0170979,-0.099794149,-0.93913877,0.32872429,0
-2.1698263,0.71807122,0.32906771,-0.45130327,-0.25171423,-0.85613394,0
-2.2870669,0.15413451,1.0499997,-0.88677311,0.23379156,0.39871681,0
-0.40619278,-0.99869287,-0.053093135,-0.45130327,-0.25171423,-0.85613394,0
0.38871008,-0.061732471,-0.78291488,-0.45130327,-0.25171423,-0.85613394,0
-1.042558,-0.17681539,1.2175095,0.45130327,0.25171423,0.85613394,0
-2.232676,0.50938761,1.2418773,-0.88677311,0.23379156,0.39871681,0
-2.2137907,0.51299101,0.90378141,-0.88677311,0.23379156,0.39871681,0
1.5539567,0.55137879,-0.99516928,0.099794149,0.93913877,-0.32872429,0
-2.0557368,-0.31699789,1.2568872,-0.099794149,-0.93913877,0.32872429,0
0.35154781,-0.48365223,-0.73971146,-0.45130327,-0.25171423,-0.85613394,0
1.084321,0.38258502,-0.069405258,0.45130327,0.25171423,0.85613394,0
-1.9229375,1.4843242,0.67769241,0.099794149,0.93913877,-0.32872429,0
-0.47981536,-0.46148235,1.0060455,0.45130327,0.25171423,0.85613394,0
0.72566551,0.46473455,-1.0230148,-0.45130327,-0.25171423,-0.85613394,0
-1.5266845,-0.46086955,0.38549936,-0.45130327,-0.25171423,-0.85613394,0
1.9163414,-1.5430207,-1.188668,0.88677311,-0.23379156,-0.39871681,0
2.0660882,-1.3006989,-0.88449526,0.88677311,-0.23379156,-0.39871681,0
-2.1533899,1.0888089,0.97761917,-0.88677311,0.23379156,0.39871681,0
-1.7214684,-0.35757461,0.47395825,-0.45130327,-0.25171423,-0.85613394,0
-1.6481459,-0.53024036,1.2007395,-0.099794149,-0.93913877,0.32872429,0
2.4132924,-0.95714593,-0.54518795,0.88677311,-0.23379156,-0.39871681,0
-1.7479271,-0.31565106,1.522298,0.45130327,0.25171423,0.85613394,0
-0.33810729,-0.17562097,0.86293668,0.45130327,0.25171423,0.85613394,0
-0.56485528,-0.17225909,0.90136468,0.45130327,0.25171423,0.85613394,0
0.69873488,-0.73990703,-0.71954286,-0.45130327,-0.25171423,-0.85613394,0
-0.70710009,-0.51766562,1.1157976,0.45130327,0.25171423,0.85613394,0
-1.0781238,0.85288858,0.83309412,0.45130327,0.25171423,0.85613394,0
0.30728877,-0.8892743,-0.43899649,-0.45130327,-0.25171423,-0.85613394,0
0.35080177,0.78004158,-0.48408732,0.099794149,0.93913877,-0.32872429,0
-1.1726072,-0.65991151,0.54807639,-0.099794149,-0.93913877,0.32872429,0
1.5314187,0.41065407,-1.2816993,0.099794149,0.93913877,-0.32872429,0
1.9834833,-1.0703331,-1.1288435,0.88677311,-0.23379156,-0.39871681,0
2.0737984,-1.3099619,-0.71332693,0.88677311,-0.23379156,-0.39871681,0
0.81961823,-0.018428519,0.18629599,0.45130327,0.25171423,0.85613394,0
2.2404358,-0.0010969639,-1.361928,0.88677311,-0.23379156,-0.39871681,0
1.6356218,0.17035502,-0.21215641,0.45130327,0.25171423,0.85613394,0
-2.0692558,0.70671648,1.1730673,-0.88677311,0.23379156,0.39871681,0
0.91995537,-1.2155771,-0.28051221,-0.099794149,-0.93913877,0.32872429,0
1.9003134,0.30714846,-1.5705844,0.099794149,0.93913877,-0.32872429,0
-0.86366636,-0.45035487,0.11897987,-0.45130327,-0.25171423,-0.85613394,0
-2.0503993,0.79626262,1.0972383,-0.88677311,0.23379156,0.39871681,0
-0.61810416,1.3185604,0.62512362,0.45130327,0.25171423,0.85613394,0
-2.080852,0.18064487,1.4206666,-0.88677311,0.23379156,0.39871681,0
1.5177921,0.26829761,-0.35477352,0.45130327,0.25171423,0.85613394,0
0.9079349,0.76945591,-0.46091944,0.099794149,0.93913877,-0.32872429,0
-2.3037519,1.2124455,0.49884272,-0.88677311,0.23379156,0.39871681,0
-2.2524023,1.2328006,0.64189196,-0.88677311,0.23379156,0.39871681,0
-2.1833682,0.95916021,0.90017152,-0.88677311,0.23379156,0.39871681,0
1.9675143,-1.4884818,-0.98100734,0.88677311,-0.23379156,-0.39871681,0
2.074914,-0.85488725,-1.2110646,0.88677311,-0.23379156,-0.39871681,0
0.23204339,-0.58638787,0.60951698,0.45130327,0.25171423,0.85613394,0
0.026022434,-0.94507766,0.18761587,-0.099794149,-0.93913877,0.32872429,0
0.62384164,-1.1126432,0.021636605,-0.099794149,-0.93913877,0.32872429,0
-0.23434085,0.80137801,-0.59862053,0.099794149,0.93913877,-0.32872429,0
-0.31951907,0.5712989,0.6432085,0.45130327,0.25171423,0.85613394,0
-0.8179031,-0.67641616,0.67298758,-0.099794149,-0.93913877,0.32872429,0
-1.2970787,1.591959,0.83439994,0.099794149,0.93913877,-0.32872429,0
-1.0161781,1.3550806,0.46173513,0.099794149,0.93913877,-0.32872429,0
-1.1090446,-0.28166339,0.069852293,-0.45130327,-0.25171423,-0.85613394,0
-1.3592467,1.545795,0.88637066,0.45130327,0.25171423,0.85613394,0
-0.13778496,1.1331308,0.3501448,0.099794149,0.93913877,-0.32872429,0
2.3424737,-1.1222943,-0.48726082,0.88677311,-0.23379156,-0.39871681,0
-0.31681418,-1.1012404,0.076950669,-0.099794149,-0.93913877,0.32872429,0
-1.345976,0.78103513,0.9542985,0.45130327,0.25171423,0.85613394,0
0.2941246,0.72602761,-0.63053411,0.099794149,0.93913877,-0.32872429,0
2.2227671,0.064400196,-1.6127946,0.88677311,-0.23379156,-0.39871681,0
-1.4643328,1.0616276,-0.23905563,-0.45130327,-0.25171423,-0.85613394,0
0.24223733,0.73346305,0.32573017,0.45130327,0.25171423,0.85613394,0
-2.0808477,-0.18796813,1.5673114,-0.88677311,0.23379156,0.39871681,0
-1.4263794,0.34700966,0.10536778,-0.45130327,-0.25171423,-0.85613394,0
2.133673,-0.32419777,-1.2475121,0.88677311,-0.23379156,-0.39871681,0
-1.0685205,-0.86901426,0.44457337,-0.099794149,-0.93913877,0.32872429,0
-2.5135758,-0.041205049,0.94731927,-0.88677311,0.23379156,0.39871681,0
2.0593207,-0.34172595,-1.5750942,0.88677311,-0.23379156,-0.39871681,0
-0.74442273,1.1872232,0.61077917,0.45130327,0.25171423,0.85613394,0
2.1248055,-1.2025616,-0.82327628,0.88677311,-0.23379156,-0.39871681,0
0.3395828,-1.2751663,-0.4072485,-0.099794149,-0.93913877,0.32872429,0
2.2775655,-0.11585426,-1.328553,0.88677311,-0.23379156,-0.39871681,0
2.1824894,-1.3997551,-0.68594575,0.88677311,-0.23379156,-0.39871681,0
0.6277135,-0.82116526,0.42797095,0.45130327,0.25171423,0.85613394,0
-1.3070884,-0.59724635,1.0631342,-0.099794149,-0.93913877,0.32872429,0
-0.70043254,-0.80219311,0.57777458,-0.099794149,-0.93913877,0.32872429,0
-2.3979504,0.51592547,0.8388083,-0.88677311,0.23379156,0.39871681,0
-2.1056886,-0.40446836,0.54360974,-0.45130327,-0.25171423,-0.85613394,0
-0.93235278,1.2979195,0.31017578,0.099794149,0.93913877,-0.32872429,0
-1.3155712,0.19407499,1.2386299,0.45130327,0.25171423,0.85613394,0
-1.9652433,0.42482877,1.5271329,-0.88677311,0.23379156,0.39871681,0
1.9933991,-1.1233997,-1.1719115,0.88677311,-0.23379156,-0.39871681,0
0.55317885,-1.0216693,0.19134641,-0.099794149,-0.93913877,0.32872429,0
-0.86640596,-0.96892232,0.23920633,-0.099794149,-0.93913877,0.32872429,0
-1.6728845,-0.55545139,0.79697037,-0.099794149,-0.93913877,0.32872429,0
-1.9804593,-0.53595328,1.049801,-0.099794149,-0.93913877,0.32872429,0
-2.4961085,-0.11288905,0.94189143,-0.88677311,0.23379156,0.39871681,0
2.4689562,-1.0675857,-0.39606428,0.88677311,-0.23379156,-0.39871681,0
-2.3211474,0.90629447,0.48562717,-0.88677311,0.23379156,0.39871681,0
-2.1170721,1.4675223,0.56611991,0.099794149,0.93913877,-0.32872429,0
0.9467634,-1.2492377,-0.065719962,-0.099794149,-0.93913877,0.32872429,0
2.0541863,-1.4980602,-0.4236989,-0.099794149,-0.93913877,0.32872429,0
-2.043118,0.98234636,1.054652,-0.88677311,0.23379156,0.39871681,0
-0.44860274,0.87414515,-0.56769913,0.099794149,0.93913877,-0.32872429,0
-2.0330982,0.83183527,1.0285408,-0.88677311,0.23379156,0.39871681,0
-0.4826943,-0.52556759,-0.19244437,-0.45130327,-0.25171423,-0.85613394,0
-2.4970782,0.52296472,0.64775968,-0.88677311,0.23379156,0.39871681,0
-2.1748366,-0.27995181,1.4655765,-0.88677311,0.23379156,0.39871681,0
1.531837,0.6109426,-0.70335352,0.099794149,0.93913877,-0.32872429,0
2.2112536,0.49396107,-0.61613655,0.45130327,0.25171423,0.85613394,0
-1.6156083,-0.5983423,0.67503631,-0.099794149,-0.93913877,0.32872429,0
-2.0330226,-0.67047137,0.73981404,-0.45130327,-0.25171423,-0.85613394,0
1.0901904,-1.2466108,-0.85153008,-0.45130327,-0.25171423,-0.85613394,0
-2.1007628,-0.12188303,1.5162749,-0.88677311,0.23379156,0.39871681,0
-1.9752519,1.5332719,0.8586266,-0.88677311,0.23379156,0.39871681,0
2.2692664,0.44071013,-1.1850163,0.099794149,0.93913877,-0.32872429,0
-1.2048244,-0.70621657,0.74456573,-0.099794149,-0.93913877,0.32872429,0
-1.9015812,1.5508293,0.52520299,0.099794149,0.93913877,-0.32872429,0
-0.14049816,1.0216395,0.13691258,0.099794149,0.93913877,-0.32872429,0
-2.1123447,1.2852917,1.0165813,-0.88677311,0.23379156,0.39871681,0
2.3122315,-0.015012443,-0.94607449,0.88677311,-0.23379156,-0.39871681,0
-2.2595208,1.0145898,0.88114357,-0.88677311,0.23379156,0.39871681,0
-2.2117565,0.03741169,1.1436718,-0.88677311,0.23379156,0.39871681,0
-2.0804229,0.27702558,1.2479665,-0.88677311,0.23379156,0.39871681,0
0.91661674,-1.2077243,-0.66514981,-0.45130327,-0.25171423,-0.85613394,0
1.5680156,0.43922472,-1.5728682,0.099794149,0.93913877,-0.32872429,0
-1.9609201,1.6464343,0.96556211,0.099794149,0.93913877,-0.32872429,0
-0.94006455,0.073185563,0.97692704,0.45130327,0.25171423,0.85613394,0
-2.2066162,0.29055417,1.4141815,-0.88677311,0.23379156,0.39871681,0
2.0299511,-1.4820685,-1.0809901,0.88677311,-0.23379156,-0.39871681,0
2.294014,-0.76073802,-0.57401013,0.88677311,-0.23379156,-0.39871681,0
-1.8505054,0.44734013,1.3162218,0.45130327,0.25171423,0.85613394,0
-1.9709098,1.1332119,1.3987195,-0.88677311,0.23379156,0.39871681,0
-0.50637448,0.98086488,-0.34824657,0.099794149,0.93913877,-0.32872429,0
-1.3240885,0.81262469,-0.13881147,-0.45130327,-0.25171423,-0.85613394,0
2.1933823,-1.1236595,-0.48505259,0.88677311,-0.23379156,-0.39871681,0
-0.34501255,0.75305408,0.58526725,0.45130327,0.25171423,0.85613394,0
-1.9498671,0.71045482,0.34513831,-0.45130327,-0.25171423,-0.85613394,0
-2.3909044,0.88632441,0.57783246,-0.88677311,0.23379156,0.39871681,0
-1.973666,1.4558278,0.6344409,0.099794149,0.93913877,-0.32872429,0
2.3016942,-0.0090346336,-1.1056418,0.88677311,-0.23379156,-0.39871681,0
-2.2238235,1.3234739,0.39023852,-0.88677311,0.23379156,0.39871681,0
0.32934678,0.9970454,0.028372526,0.099794149,0.93913877,-0.32872429,0
-1.7718534,0.88654262,0.13344145,-0.45130327,-0.25171423,-0.85613394,0
2.2915344,0.038138807,-0.96706891,0.88677311,-0.23379156,-0.39871681,0
1.7072705,0.32166699,-0.47897339,0.45130327,0.25171423,0.85613394,0
-2.3376937,0.72868717,0.42445827,-0.45130327,-0.25171423,-0.85613394,0
2.406364,-0.20952249,-0.99433374,0.88677311,-0.23379156,-0.39871681,0
2.2929413,-0.79715276,-0.6425817,0.88677311,-0.23379156,-0.39871681,0
-2.3612878,1.0772387,0.53838587,-0.88677311,0.23379156,0.39871681,0
2.1697011,-1.3362384,-0.060888767,-0.099794149,-0.93913877,0.32872429,0
1.1846268,-0.72180313,-0.90229774,-0.45130327,-0.25171423,-0.85613394,0
-2.0336785,0.23607087,1.4174753,-0.88677311,0.23379156,0.39871681,0
-1.4575126,0.11227418,0.25462675,-0.45130327,-0.25171423,-0.85613394,0
-1.9573171,1.0526117,1.2232521,-0.88677311,0.23379156,0.39871681,0
0.65341437,-1.1663945,0.21059012,-0.099794149,-0.93913877,0.32872429,0
2.5194018,-0.096462965,-0.80553555,0.88677311,-0.23379156,-0.39871681,0
-2.5016384,0.10412061,0.76815915,-0.88677311,0.23379156,0.39871681,0
0.72854245,-0.059954643,-1.0611451,-0.45130327,-0.25171423,-0.85613394,0
-0.61194956,1.220192,0.25096226,0.099794149,0.93913877,-0.32872429,0
2.1248646,-0.37430966,-1.2778621,0.88677311,-0.23379156,-0.39871681,0
-1.700569,1.5260677,0.84991455,0.099794149,0.93913877,-0.32872429,0
2.1696374,-1.4002438,-0.69402528,0.88677311,-0.23379156,-0.39871681,0
-0.86722451,-0.78118902,0.59736973,-0.099794149,-0.93913877,0.32872429,0
-2.0130336,-0.18704411,0.58783269,-0.45130327,-0.25171423,-0.85613394,0
-2.1552255,1.2084223,0.57240462,-0.88677311,0.23379156,0.39871681,0
0.49233419,-0.96687686,-0.54302323,-0.45130327,-0.25171423,-0.85613394,0
-2.0861638,1.2692976,0.72618484,-0.88677311,0.23379156,0.39871681,0
-2.3777118,-0.3967362,1.010035,-0.88677311,0.23379156,0.39871681,0
-1.3993751,1.4468712,0.43730998,0.099794149,0.93913877,-0.32872429,0
1.0976076,0.18447959,-1.1178219,-0.45130327,-0.25171423,-0.85613394,0
2.1801014,-0.64951211,-0.89507246,0.88677311,-0.23379156,-0.39871681,0
-2.3467021,1.2550728,0.3548708,-0.88677311,0.23379156,0.39871681,0
0.12860659,0.021541834,0.58958632,0.45130327,0.25171423,0.85613394,0
-0.34695458,-0.83903277,0.56921118,-0.099794149,-0.93913877,0.32872429,0
1.9117553,-1.5683442,-0.88023782,0.88677311,-0.23379156,-0.39871681,0
-0.03795439,-0.030186146,-0.44388974,-0.45130327,-0.25171423,-0.85613394,0
-0.02866894,0.44965905,-0.76597279,-0.45130327,-0.25171423,-0.85613394,0
-1.0282068,-0.71222866,0.75025356,-0.099794149,-0.93913877,0.32872429,0
2.2419581,-1.0953006,-0.52306223,0.88677311,-0.23379156,-0.39871681,0
-0.86329812,-0.66018713,1.046088,-0.099794149,-0.93913877,0.32872429,0
1.3875628,0.73779798,-0.72030163,0.099794149,0.93913877,-0.32872429,0
0.40149105,0.89660174,-0.63585615,0.099794149,0.93913877,-0.32872429,0
-2.3999548,0.974841,0.58056211,-0.88677311,0.23379156,0.39871681,0
2.1211431,-0.7458536,-1.2798765,0.88677311,-0.23379156,-0.39871681,0
2.3776875,-0.72630501,-0.70382929,0.88677311,-0.23379156,-0.39871681,0
-0.27258849,-0.69628805,0.93552661,-0.099794149,-0.93913877,0.32872429,0
0.25008869,0.8421874,-0.77969074,0.099794149,0.93913877,-0.32872429,0
-1.8006778,-0.61154741,0.46254504,-0.45130327,-0.25171423,-0.85613394,0
-2.1314766,0.50019288,1.4123855,-0.88677311,0.23379156,0.39871681,0
-2.2072067,1.2042259,0.82506633,-0.88677311,0.23379156,0.39871681,0
-1.8707849,-0.46991038,0.85322523,-0.099794149,-0.93913877,0.32872429,0
-1.799482,1.3678905,0.13523984,0.099794149,0.93913877,-0.32872429,0
-2.3074954,0.6541155,0.78033423,-0.88677311,0.23379156,0.39871681,0
1.4151726,-0.75501245,-1.0988861,-0.45130327,-0.25171423,-0.85613394,0
-1.6270772,-0.58392233,1.0007067,-0.099794149,-0.93913877,0.32872429,0
2.4424121,0.085032821,-0.91647124,0.88677311,-0.23379156,-0.39871681,0
2.4062126,0.4026413,-1.1768374,0.88677311,-0.23379156,-0.39871681,0
-1.5639466,-0.44060671,1.5097003,-0.099794149,-0.93913877,0.32872429,0
2.3678544,-1.1622046,-0.3187716,0.88677311,-0.23379156,-0.39871681,0
-2.3920608,0.411798,0.63069868,-0.45130327,-0.25171423,-0.85613394,0
-2.3553088,0.050119817,0.82668972,-0.88677311,0.23379156,0.39871681,0
-2.0369225,0.34280682,1.4670374,-0.88677311,0.23379156,0.39871681,0
0.79812145,0.82676059,-0.26420245,0.099794149,0.93913877,-0.32872429,0
2.1001368,-0.5873462,-1.4530938,0.88677311,-0.23379156,-0.39871681,0
-0.54159164,0.71046847,-0.41076237,-0.45130327,-0.25171423,-0.85613394,0
-2.1962602,0.6361388,1.0781977,-0.88677311,0.23379156,0.39871681,0
1.0896453,0.4373087,-0.15299046,0.45130327,0.25171423,0.85613394,0
-0.91188282,-0.7133919,0.66899002,-0.099794149,-0.93913877,0.32872429,0
1.5752084,-0.30330202,-0.23072684,0.45130327,0.25171423,0.85613394,0
1.1561916,0.55915117,-0.83504802,0.099794149,0.93913877,-0.32872429,0
1.9481835,-1.1596955,-1.020138,0.88677311,-0.23379156,-0.39871681,0
-2.1556354,0.31728947,1.447516,-0.88677311,0.23379156,0.39871681,0
0.64419222,0.8314181,-0.6398859,0.099794149,0.93913877,-0.32872429,0
2.4595313,-0.027379036,-0.99994683,0.88677311,-0.23379156,-0.39871681,0
-2.4651027,-0.085026622,1.0847239,-0.88677311,0.23379156,0.39871681,0
-1.0464939,0.49852771,0.96086037,0.45130327,0.25171423,0.85613394,0
-1.0746174,-0.74005485,0.86047763,-0.099794149,-0.93913877,0.32872429,0
-0.7242583,0.87108272,-0.41649258,-0.45130327,-0.25171423,-0.85613394,0
-2.2430055,0.98528504,0.58548737,-0.88677311,0.23379156,0.39871681,0
1.7014936,0.3633008,-1.3142505,0.099794149,0.93913877,-0.32872429,0
1.1034895,0.25834325,0.019194484,0.45130327,0.25171423,0.85613394,0
2.122051,-1.1843028,-0.65833807,0.88677311,-0.23379156,-0.39871681,0
-2.4152918,0.46879721,0.52976155,-0.88677311,0.23379156,0.39871681,0
-2.1712766,0.67197722,0.82728767,-0.88677311,0.23379156,0.39871681,0
-2.3520374,0.19139832,0.79250073,-0.88677311,0.23379156,0.39871681,0
-0.24715912,-0.88884783,0.68445385,-0.099794149,-0.93913877,0.32872429,0
-2.1707683,0.87511528,0.8276937,-0.88677311,0.23379156,0.39871681,0
2.1700246,0.02655828,-1.482659,0.88677311,-0.23379156,-0.39871681,0
-1.5750296,-0.32811606,1.5470079,0.45130327,0.25171423,0.85613394,0
2.4122877,0.40921056,-0.89310122,0.099794149,0.93913877,-0.32872429,0
-2.2297714,0.69869196,0.85587168,-0.88677311,0.23379156,0.39871681,0
-0.91092581,1.0024666,0.80173516,0.45130327,0.25171423,0.85613394,0
-2.3603625,0.57808882,0.90360069,-0.88677311,0.23379156,0.39871681,0
-1.7585247,1.2790011,-0.029950857,0.099794149,0.93913877,-0.32872429,0
0.88391602,-1.4437211,-0.67027509,-0.099794149,-0.93913877,0.32872429,0
