0.65868527,0.56554937,0.055077806,0.55150187,0.24786627,-0.7964974,0
2.6504066,-3.6256716,0.8061676,0.66118479,-0.71206409,0.23621917,0
0.7316649,-1.5886511,-0.69957179,-0.50860643,-0.6569072,-0.55659008,0
-2.8312407,3.2992156,-0.97383022,-0.66118479,0.71206409,-0.23621917,0
2.1306303,-0.98146582,0.62705779,0.55150187,0.24786627,-0.7964974,0
0.21008754,-1.3627541,-0.51487088,-0.50860643,-0.6569072,-0.55659008,0
-1.7360061,2.9875965,-0.83081174,0.55150187,0.24786627,-0.7964974,0
-1.606173,0.81631166,-1.3437622,-0.50860643,-0.6569072,-0.55659008,0
1.0381813,-1.2363009,1.0106757,-0.55150187,-0.24786627,0.7964974,0
-2.2427568,1.2846866,-1.4321046,-0.50860643,-0.6569072,-0.55659008,0
-3.0909424,3.243418,-0.64938831,-0.66118479,0.71206409,-0.23621917,0
-1.7033657,0.4432044,-0.79898643,-0.50860643,-0.6569072,-0.55659008,0
0.34553957,0.60767114,0.93695444,0.50860643,0.6569072,0.55659008,0
-1.7981615,0.7182827,-0.8873353,-0.50860643,-0.6569072,-0.55659008,0
-3.3959754,2.8995328,-1.0530267,-0.66118479,0.71206409,-0.23621917,0
2.8032184,-3.5908394,0.42362928,0.66118479,-0.71206409,0.23621917,0
2.8602684,-1.6763086,1.169641,0.50860643,0.6569072,0.55659008,0
-0.48051018,1.0989445,0.54506809,-0.55150187,-0.24786627,0.7964974,0
-1.2328244,0.57513547,-1.3488716,-0.50860643,-0.6569072,-0.55659008,0
1.0662944,-0.6912201,1.2233173,-0.55150187,-0.24786627,0.7964974,0
-2.7651296,3.5779479,-0.39015293,-0.66118479,0.71206409,-0.23621917,0
3.305944,-2.785228,1.5222578,0.66118479,-0.71206409,0.23621917,0
-0.36282814,-0.82627296,-0.51656693,-0.50860643,-0.6569072,-0.55659008,0
-1.4558024,0.1582168,-0.61651599,-0.50860643,-0.6569072,-0.55659008,0
2.9642961,-2.9127505,1.7885499,0.66118479,-0.71206409,0.23621917,0
-1.3250439,2.8634896,-0.26118708,0.50860643,0.6569072,0.55659008,0
0.39886492,-1.2584438,-0.52528262,-0.50860643,-0.6569072,-0.55659008,0
-0.35798723,1.5092628,0.19518483,0.50860643,0.6569072,0.55659008,0
2.8407404,-3.34056,0.78948355,0.66118479,-0.71206409,0.23621917,0
3.5355217,-2.5836535,1.0154333,0.66118479,-0.71206409,0.23621917,0
0.57624066,-1.741556,0.36406958,-0.55150187,-0.24786627,0.7964974,0
-3.1036277,3.2397161,-1.0191464,-0.66118479,0.71206409,-0.23621917,0
0.35325861,-1.3663483,-0.60041898,-0.50860643,-0.6569072,-0.55659008,0
3.0313835,-2.9524844,0.58764362,0.55150187,0.24786627,-0.7964974,0
2.9395986,-3.2884223,0.70659113,0.66118479,-0.71206409,0.23621917,0
-0.38603598,0.72300386,0.61329299,-0.55150187,-0.24786627,0.7964974,0
-2.6204605,3.5667567,-1.1925259,-0.66118479,0.71206409,-0.23621917,0
2.8103461,-3.1826048,1.3195043,0.66118479,-0.71206409,0.23621917,0
-3.1287582,3.0693932,-1.426115,-0.66118479,0.71206409,-0.23621917,0
0.15391213,0.92060465,-0.12841702,0.55150187,0.24786627,-0.7964974,0
1.9785285,-0.88091594,1.0968683,0.50860643,0.6569072,0.55659008,0
-2.959285,3.0738349,-1.5144262,-0.66118479,0.71206409,-0.23621917,0
-2.6294909,3.3599062,-1.3540196,-0.66118479,0.71206409,-0.23621917,0
-3.034812,3.3588831,-0.42442894,-0.66118479,0.71206409,-0.23621917,0
-2.0089734,0.86857051,-0.91753983,-0.50860643,-0.6569072,-0.55659008,0
2.2748971,-1.8061728,0.4325726,0.55150187,0.24786627,-0.7964974,0
0.69010651,-1.4271499,0.69126141,-0.55150187,-0.24786627,0.7964974,0
0.69719952,-1.7425863,-0.26425707,-0.50860643,-0.6569072,-0.55659008,0
3.1725764,-3.2086744,0.81956244,0.66118479,-0.71206409,0.23621917,0
3.3153119,-2.6944211,1.740509,0.66118479,-0.71206409,0.23621917,0
-3.3733807,2.7950816,-1.1467414,-0.66118479,0.71206409,-0.23621917,0
-3.1845794,2.7814226,-1.8882623,-0.66118479,0.71206409,-0.23621917,0
2.8168445,-2.1542387,1.7548742,0.50860643,0.6569072,0.55659008,0
-1.6790128,0.57378113,-1.0265183,-0.50860643,-0.6569072,-0.55659008,0
3.1175132,-3.2875195,0.49701977,0.66118479,-0.71206409,0.23621917,0
2.4045639,-1.5145717,1.2874134,0.50860643,0.6569072,0.55659008,0
-0.25624818,-0.31109196,-0.95309258,0.55150187,0.24786627,-0.7964974,0
2.7761812,-3.1904976,1.3361325,0.66118479,-0.71206409,0.23621917,0
1.7391284,-0.76439714,0.98049128,0.50860643,0.6569072,0.55659008,0
-1.3052436,1.670954,0.31230879,-0.55150187,-0.24786627,0.7964974,0
-0.14955139,-0.93512052,0.2473169,-0.55150187,-0.24786627,0.7964974,0
0.57340658,-1.6884627,0.39095092,-0.55150187,-0.24786627,0.7964974,0
-2.1853025,3.904598,-0.88593388,-0.66118479,0.71206409,-0.23621917,0
-2.7179883,3.449923,-0.63578033,-0.66118479,0.71206409,-0.23621917,0
-3.3269885,2.7691622,-1.7691598,-0.66118479,0.71206409,-0.23621917,0
-0.66239458,2.1052768,-0.25304341,0.50860643,0.6569072,0.55659008,0
2.0017781,-3.4814179,0.43192887,-0.50860643,-0.6569072,-0.55659008,0
1.3891915,-3.0137098,0.67543173,-0.55150187,-0.24786627,0.7964974,0
-2.5320976,3.7438729,-0.63006783,-0.66118479,0.71206409,-0.23621917,0
0.18538773,-1.6441557,-0.014096975,-0.50860643,-0.6569072,-0.55659008,0
0.35281098,-1.8675978,0.39702272,-0.55150187,-0.24786627,0.7964974,0
-2.8379998,3.5374203,-0.69536638,-0.66118479,0.71206409,-0.23621917,0
-0.84902745,2.3432777,-0.29756093,0.50860643,0.6569072,0.55659008,0
-2.4728966,3.7885041,-0.61597443,-0.66118479,0.71206409,-0.23621917,0
-2.8878794,3.1779149,-1.4822268,-0.66118479,0.71206409,-0.23621917,0
-0.14032753,0.45846218,-0.54130268,0.55150187,0.24786627,-0.7964974,0
-0.66404927,2.3468907,-0.22456121,0.50860643,0.6569072,0.55659008,0
-1.9567499,1.1725868,-1.4506984,-0.50860643,-0.6569072,-0.55659008,0
0.9910655,-0.24158674,1.1832886,0.50860643,0.6569072,0.55659008,0
1.6518152,-0.12715887,0.59021962,0.50860643,0.6569072,0.55659008,0
-3.2373555,2.8437166,-0.78373766,-0.55150187,-0.24786627,0.7964974,0
-1.4593989,1.1282613,-1.1775281,0.55150187,0.24786627,-0.7964974,0
-0.40259737,-0.055758238,-0.92349291,0.55150187,0.24786627,-0.7964974,0
-0.73677468,0.2363109,0.31581953,-0.55150187,-0.24786627,0.7964974,0
2.0694284,-3.8475404,0.80825996,-0.50860643,-0.6569072,-0.55659008,0
-2.1996827,3.5065374,-0.17552137,0.50860643,0.6569072,0.55659008,0
-2.8575351,3.2702584,-1.6163092,-0.66118479,0.71206409,-0.23621917,0
-1.3238585,2.7386944,-0.80235815,0.55150187,0.24786627,-0.7964974,0
2.9672515,-2.9109447,1.6710305,0.66118479,-0.71206409,0.23621917,0
3.2636151,-2.6603272,1.7578993,0.66118479,-0.71206409,0.23621917,0
2.7995193,-3.5999434,0.64321232,0.66118479,-0.71206409,0.23621917,0
2.6258323,-3.3704183,1.2404656,0.66118479,-0.71206409,0.23621917,0
2.8698308,-3.2599993,0.23373508,0.55150187,0.24786627,-0.7964974,0
-3.3070729,2.5742404,-1.7261953,-0.66118479,0.71206409,-0.23621917,0
1.8307669,-1.9220626,-0.075036287,0.55150187,0.24786627,-0.7964974,0
-1.6797148,0.47146434,-0.80828595,-0.50860643,-0.6569072,-0.55659008,0
2.2912953,-3.3003991,0.034454346,-0.50860643,-0.6569072,-0.55659008,0
-2.7482617,1.375277,-0.78848338,-0.55150187,-0.24786627,0.7964974,0
-2.4693041,1.3609942,-0.5917275,-0.55150187,-0.24786627,0.7964974,0
-1.619306,3.0665097,-0.19303131,0.50860643,0.6569072,0.55659008,0
-0.14309752,1.0699706,-0.33508819,0.55150187,0.24786627,-0.7964974,0
-2.5799656,3.4394827,-1.1699944,-0.66118479,0.71206409,-0.23621917,0
2.8734658,-1.4208517,0.96786308,0.50860643,0.6569072,0.55659008,0
-0.85311949,1.8067477,0.31508207,0.50860643,0.6569072,0.55659008,0
-2.5848563,3.3634531,-1.3441997,-0.66118479,0.71206409,-0.23621917,0
0.39892823,-1.5033586,-0.34263939,-0.50860643,-0.6569072,-0.55659008,0
0.62775308,0.21130395,-0.10606763,0.55150187,0.24786627,-0.7964974,0
-3.3191662,2.7102799,-1.763711,-0.66118479,0.71206409,-0.23621917,0
-0.26613629,-0.6374855,-0.7092281,-0.50860643,-0.6569072,-0.55659008,0
0.82557029,-0.30473459,1.209819,-0.55150187,-0.24786627,0.7964974,0
0.78318942,-1.6093291,0.56332076,-0.55150187,-0.24786627,0.7964974,0
2.9455934,-3.1663852,1.4115691,0.66118479,-0.71206409,0.23621917,0
1.9885936,-1.206172,0.4831934,0.55150187,0.24786627,-0.7964974,0
-2.9786122,3.2075417,-1.0285211,-0.66118479,0.71206409,-0.23621917,0
-0.27844605,-0.015681505,0.34721768,-0.55150187,-0.24786627,0.7964974,0
2.5172129,-1.8160856,1.7368183,-0.55150187,-0.24786627,0.7964974,0
-0.72330511,0.34073779,0.19226009,-0.55150187,-0.24786627,0.7964974,0
-2.9932315,3.2545419,-0.8778758,-0.66118479,0.71206409,-0.23621917,0
3.2041769,-2.6286318,1.9160132,0.50860643,0.6569072,0.55659008,0
2.2368083,-1.7389901,1.5132937,-0.55150187,-0.24786627,0.7964974,0
2.72293,-3.5419903,0.69060659,0.66118479,-0.71206409,0.23621917,0
-2.7490234,3.319531,-1.3089986,-0.66118479,0.71206409,-0.23621917,0
-1.4953821,2.9928002,-0.51327252,0.50860643,0.6569072,0.55659008,0
-0.78747487,-0.1997304,-0.81331348,-0.50860643,-0.6569072,-0.55659008,0
3.6866474,-2.5478134,1.3485794,0.66118479,-0.71206409,0.23621917,0
-3.648596,2.7035851,-0.99252367,-0.66118479,0.71206409,-0.23621917,0
1.7889497,-0.66047448,0.87819922,0.50860643,0.6569072,0.55659008,0
1.6904839,-2.0516772,-0.066763878,0.55150187,0.24786627,-0.7964974,0
0.45491576,1.1799155,0.089098901,0.50860643,0.6569072,0.55659008,0
-3.0881178,3.0072961,-1.0858674,-0.66118479,0.71206409,-0.23621917,0
-3.381299,2.3686755,-1.5120859,-0.50860643,-0.6569072,-0.55659008,0
3.3764601,-2.6596122,1.3818469,0.66118479,-0.71206409,0.23621917,0
-0.46783197,-1.205428,-0.072827369,-0.50860643,-0.6569072,-0.55659008,0
1.773495,-3.2537241,0.34603906,-0.50860643,-0.6569072,-0.55659008,0
-2.3041015,3.7853916,-0.84002638,-0.66118479,0.71206409,-0.23621917,0
-2.6054051,3.6651814,-0.45643759,-0.66118479,0.71206409,-0.23621917,0
1.428437,-0.65895712,1.3999963,0.50860643,0.6569072,0.55659008,0
2.8080759,-2.7733495,1.6129417,-0.55150187,-0.24786627,0.7964974,0
0.63100815,0.20886341,-0.0036018491,0.55150187,0.24786627,-0.7964974,0
3.374826,-2.6580532,1.3518229,0.66118479,-0.71206409,0.23621917,0
2.4989011,-3.6838415,1.0266547,0.66118479,-0.71206409,0.23621917,0
-2.7317548,3.3091555,-1.0121841,-0.66118479,0.71206409,-0.23621917,0
1.1517197,-1.4820989,1.0200069,-0.55150187,-0.24786627,0.7964974,0
-1.3522334,0.44109386,-1.260866,-0.50860643,-0.6569072,-0.55659008,0
-2.5513921,1.3407819,-1.0648203,-0.50860643,-0.6569072,-0.55659008,0
3.4915898,-2.7630012,1.3601022,0.66118479,-0.71206409,0.23621917,0
-2.8345904,3.5019321,-0.92721605,-0.66118479,0.71206409,-0.23621917,0
-2.6708684,3.4215837,-0.8855195,-0.66118479,0.71206409,-0.23621917,0
3.2014074,-2.9857664,0.85911369,0.66118479,-0.71206409,0.23621917,0
2.8515553,-3.4880209,0.72828579,0.66118479,-0.71206409,0.23621917,0
0.31425273,-0.21080868,-0.41678104,0.55150187,0.24786627,-0.7964974,0
2.9915783,-2.9863322,1.5600333,0.66118479,-0.71206409,0.23621917,0
-3.1616783,2.4404712,-1.7996449,-0.50860643,-0.6569072,-0.55659008,0
-2.496371,3.8242314,-0.7773447,-0.66118479,0.71206409,-0.23621917,0
0.036705852,0.0070374608,0.54152513,-0.55150187,-0.24786627,0.7964974,0
1.8343376,-0.77169049,0.95282531,0.50860643,0.6569072,0.55659008,0
3.419446,-2.6840067,1.3096471,0.66118479,-0.71206409,0.23621917,0
-1.3680862,2.5434742,-0.061446667,0.50860643,0.6569072,0.55659008,0
-3.1247737,2.988517,-1.4476652,-0.66118479,0.71206409,-0.23621917,0
3.307858,-2.7517123,1.9037266,0.66118479,-0.71206409,0.23621917,0
0.60637152,0.7238608,0.4607259,0.50860643,0.6569072,0.55659008,0
-2.3043289,3.8257132,-0.66933918,0.50860643,0.6569072,0.55659008,0
2.5646641,-2.5797319,1.5044553,-0.55150187,-0.24786627,0.7964974,0
2.1838815,-3.8996177,0.76013899,-0.50860643,-0.6569072,-0.55659008,0
-1.1416998,-0.11259705,-0.54568976,-0.50860643,-0.6569072,-0.55659008,0
-3.6587999,2.56445,-1.3579912,-0.66118479,0.71206409,-0.23621917,0
2.4754965,-2.3598022,0.28007555,0.55150187,0.24786627,-0.7964974,0
2.8712888,-3.2783318,1.514308,0.66118479,-0.71206409,0.23621917,0
-3.5183079,2.7183187,-1.1573219,-0.66118479,0.71206409,-0.23621917,0
0.6124661,-1.7213454,0.41253328,-0.55150187,-0.24786627,0.7964974,0
-2.6937337,3.3620262,-1.2997737,-0.66118479,0.71206409,-0.23621917,0
-2.4375453,3.4769638,-0.22127438,0.50860643,0.6569072,0.55659008,0
-1.3111613,0.23283657,-0.85007238,-0.50860643,-0.6569072,-0.55659008,0
2.8136597,-3.6202064,0.14905167,0.55150187,0.24786627,-0.7964974,0
-2.5620809,3.6108685,-0.8774786,-0.66118479,0.71206409,-0.23621917,0
-1.3256493,2.2714067,0.24119163,0.50860643,0.6569072,0.55659008,0
2.8791132,-3.2942846,1.304225,0.66118479,-0.71206409,0.23621917,0
-1.8350625,0.33180082,-0.67026114,-0.50860643,-0.6569072,-0.55659008,0
1.6693797,-2.0523901,-0.1923995,0.55150187,0.24786627,-0.7964974,0
-1.9656875,1.0905544,-1.4192781,-0.50860643,-0.6569072,-0.55659008,0
3.5020928,-2.729584,1.3996172,0.66118479,-0.71206409,0.23621917,0
-3.5244925,2.6461136,-1.6282501,-0.66118479,0.71206409,-0.23621917,0
-3.0395436,3.2298863,-0.61918592,-0.66118479,0.71206409,-0.23621917,0
-2.625422,3.419312,-1.220808,-0.66118479,0.71206409,-0.23621917,0
0.67839956,0.52494764,0.12905258,0.55150187,0.24786627,-0.7964974,0
3.3555253,-2.0581865,1.2607546,0.50860643,0.6569072,0.55659008,0
3.0144558,-2.8500152,1.693964,0.66118479,-0.71206409,0.23621917,0
1.7231469,-1.0044084,1.3135474,0.50860643,0.6569072,0.55659008,0
-3.3498869,2.5808508,-1.660068,-0.50860643,-0.6569072,-0.55659008,0
-1.3151147,0.36868399,-1.1862264,-0.50860643,-0.6569072,-0.55659008,0
-1.7096751,2.87675,-0.20389247,0.50860643,0.6569072,0.55659008,0
1.7526116,-1.214366,1.5520892,-0.55150187,-0.24786627,0.7964974,0
-3.5560844,2.4007065,-1.4814482,-0.50860643,-0.6569072,-0.55659008,0
-2.3763001,2.1558759,-0.30682039,-0.55150187,-0.24786627,0.7964974,0
-0.38963223,-0.39246547,-0.98693252,-0.50860643,-0.6569072,-0.55659008,0
-1.0875535,0.50378692,-1.1150925,0.55150187,0.24786627,-0.7964974,0
0.68486869,-0.88384151,-0.45548087,0.55150187,0.24786627,-0.7964974,0
-3.652184,2.5244999,-1.134511,-0.66118479,0.71206409,-0.23621917,0
3.1856925,-2.739079,1.827569,0.66118479,-0.71206409,0.23621917,0
-1.4980631,0.50340295,-1.0999424,-0.50860643,-0.6569072,-0.55659008,0
-3.517312,2.5867839,-1.5135937,-0.66118479,0.71206409,-0.23621917,0
0.79221809,-0.32072419,1.0735623,-0.55150187,-0.24786627,0.7964974,0
-1.8979801,0.4309794,-0.56498432,-0.50860643,-0.6569072,-0.55659008,0
0.10310692,-0.4520081,0.50248456,-0.55150187,-0.24786627,0.7964974,0
2.1954811,-2.5246582,1.2818725,-0.55150187,-0.24786627,0.7964974,0
-2.7364936,3.7943149,-0.2599144,-0.66118479,0.71206409,-0.23621917,0
-3.1169989,3.1103196,-0.51070261,-0.55150187,-0.24786627,0.7964974,0
0.036964595,0.018955171,0.71645391,-0.55150187,-0.24786627,0.7964974,0
0.6532743,-0.59286988,-0.38573405,0.55150187,0.24786627,-0.7964974,0
1.5383279,-2.7340229,0.90606141,-0.55150187,-0.24786627,0.7964974,0
1.2601537,-0.19612972,0.9121294,0.50860643,0.6569072,0.55659008,0
0.46616906,-2.0414119,0.27555466,-0.50860643,-0.6569072,-0.55659008,0
0.98099184,-1.7434093,0.77516603,-0.55150187,-0.24786627,0.7964974,0
-1.3668275,-0.042188078,-0.52231729,-0.50860643,-0.6569072,-0.55659008,0
3.2085102,-2.7705081,1.7257037,0.66118479,-0.71206409,0.23621917,0
-2.3224013,3.9132333,-0.55474472,0.50860643,0.6569072,0.55659008,0
-3.0610161,1.7737204,-1.018537,-0.50860643,-0.6569072,-0.55659008,0
2.2732615,-3.9298139,0.841784,0.66118479,-0.71206409,0.23621917,0
3.1796596,-2.8554683,1.2049031,0.66118479,-0.71206409,0.23621917,0
2.8367484,-2.7424488,1.7534647,-0.55150187,-0.24786627,0.7964974,0
1.8173354,-2.9396415,0.061768293,-0.50860643,-0.6569072,-0.55659008,0
-2.0969112,2.1803651,-0.10256648,-0.55150187,-0.24786627,0.7964974,0
2.7723286,-3.7568784,0.1993494,0.66118479,-0.71206409,0.23621917,0
-0.54237056,-0.18687314,-1.0011901,-0.50860643,-0.6569072,-0.55659008,0
-0.96185231,0.023811877,-0.83804202,-0.50860643,-0.6569072,-0.55659008,0
2.8777761,-3.2835402,0.79910612,0.66118479,-0.71206409,0.23621917,0
1.4511927,-1.5666981,1.1369541,-0.55150187,-0.24786627,0.7964974,0
-3.6752586,2.4451435,-1.3297768,-0.66118479,0.71206409,-0.23621917,0
-0.33687687,0.23468438,0.49935257,-0.55150187,-0.24786627,0.7964974,0
2.3092046,-1.5213432,1.3839312,0.50860643,0.6569072,0.55659008,0
-2.1652577,3.929554,-0.84398174,-0.66118479,0.71206409,-0.23621917,0
-2.6407437,3.7777619,-0.61893177,-0.66118479,0.71206409,-0.23621917,0
2.4809227,-3.7196767,1.0872831,0.66118479,-0.71206409,0.23621917,0
2.5222507,-3.8005576,0.74964714,0.66118479,-0.71206409,0.23621917,0
2.0765016,-3.6439884,0.72922039,-0.50860643,-0.6569072,-0.55659008,0
3.1591816,-3.2287064,0.73646641,0.66118479,-0.71206409,0.23621917,0
3.4660296,-2.7411234,1.3269615,0.66118479,-0.71206409,0.23621917,0
-2.2009537,4.0538697,-0.91102552,-0.66118479,0.71206409,-0.23621917,0
-2.0110397,0.55734813,-0.67275763,-0.55150187,-0.24786627,0.7964974,0
3.501595,-2.6029799,1.1695552,0.66118479,-0.71206409,0.23621917,0
-3.2856047,2.6424642,-1.6549549,-0.66118479,0.71206409,-0.23621917,0
0.080758095,-1.5070388,-0.23375529,-0.50860643,-0.6569072,-0.55659008,0
2.4292798,-3.3821256,0.10547543,-0.50860643,-0.6569072,-0.55659008,0
0.76099569,-1.5878911,0.6906811,-0.55150187,-0.24786627,0.7964974,0
-0.49073273,1.562963,0.51580667,0.50860643,0.6569072,0.55659008,0
-2.0901968,2.6534376,-1.1460602,0.55150187,0.24786627,-0.7964974,0
2.4776957,-2.3451498,0.33416176,0.55150187,0.24786627,-0.7964974,0
1.6709909,-2.3937526,1.0781238,-0.55150187,-0.24786627,0.7964974,0
2.2689157,-3.6863554,0.44556761,-0.50860643,-0.6569072,-0.55659008,0
-0.43596137,-0.52046227,-0.85963154,-0.50860643,-0.6569072,-0.55659008,0
3.3593922,-2.9846997,1.005765,0.66118479,-0.71206409,0.23621917,0
3.262342,-2.5950198,1.6775351,0.66118479,-0.71206409,0.23621917,0
-0.75010371,-0.74254024,-0.2170997,-0.50860643,-0.6569072,-0.55659008,0
-0.81557393,2.2745576,-0.27976274,0.50860643,0.6569072,0.55659008,0
2.9095678,-3.4360948,0.51309061,0.66118479,-0.71206409,0.23621917,0
-1.7192841,2.9458261,-0.84505033,0.55150187,0.24786627,-0.7964974,0
2.6214304,-3.6657498,0.65189934,0.66118479,-0.71206409,0.23621917,0
0.34948313,-1.4484704,-0.24322039,-0.50860643,-0.6569072,-0.55659008,0
1.1722565,-1.4641889,-0.24926603,0.55150187,0.24786627,-0.7964974,0
-1.7126572,2.5108325,0.13692164,-0.55150187,-0.24786627,0.7964974,0
2.6264768,-3.7235441,0.71166229,0.66118479,-0.71206409,0.23621917,0
2.158618,-3.1458991,1.0745549,-0.55150187,-0.24786627,0.7964974,0
-1.1828505,-0.1780598,-0.46835881,-0.50860643,-0.6569072,-0.55659008,0
3.5397809,-2.5225685,1.3380899,0.66118479,-0.71206409,0.23621917,0
2.41452,-3.88026,1.0096378,0.66118479,-0.71206409,0.23621917,0
-2.542546,2.2412484,-0.31919861,-0.55150187,-0.24786627,0.7964974,0
2.6406643,-3.7387743,0.37805033,0.66118479,-0.71206409,0.23621917,0
3.1551275,-3.1758559,0.99941397,0.66118479,-0.71206409,0.23621917,0
2.0264463,-3.2422419,0.27392101,-0.50860643,-0.6569072,-0.55659008,0
-2.5213962,2.8192384,-0.35487342,-0.55150187,-0.24786627,0.7964974,0
1.2552723,-0.98426938,1.2465382,-0.55150187,-0.24786627,0.7964974,0
1.3778046,-2.7188408,0.11958909,-0.50860643,-0.6569072,-0.55659008,0
-2.6907692,3.4508619,-1.4503837,-0.66118479,0.71206409,-0.23621917,0
1.5670722,-0.54977155,0.26981461,0.55150187,0.24786627,-0.7964974,0
-3.1987257,2.3596675,-1.6686039,-0.50860643,-0.6569072,-0.55659008,0
2.2400327,-1.8589933,1.6673617,-0.55150187,-0.24786627,0.7964974,0
0.81123859,-0.19676065,1.1703281,-0.55150187,-0.24786627,0.7964974,0
-3.0901229,2.8723638,-1.6350203,-0.66118479,0.71206409,-0.23621917,0
2.8698466,-3.4898877,0.91298819,0.66118479,-0.71206409,0.23621917,0
0.48449099,-0.79710811,-0.58548695,0.55150187,0.24786627,-0.7964974,0
2.7025421,-3.4887388,0.99279881,0.66118479,-0.71206409,0.23621917,0
-2.691299,3.4836879,-0.77346611,-0.66118479,0.71206409,-0.23621917,0
-3.6611114,2.4528515,-1.1049018,-0.66118479,0.71206409,-0.23621917,0
-1.0255163,2.351681,-0.21191716,0.50860643,0.6569072,0.55659008,0
-3.4913487,2.5038958,-1.3451424,-0.66118479,0.71206409,-0.23621917,0
-0.50771165,1.9435322,-0.1204927,0.50860643,0.6569072,0.55659008,0
3.1713352,-3.0888896,0.85580444,0.66118479,-0.71206409,0.23621917,0
-0.23848724,-0.74446309,-0.86616862,-0.50860643,-0.6569072,-0.55659008,0
-0.27068564,0.34895748,-0.6858632,0.55150187,0.24786627,-0.7964974,0
-3.2534652,2.9941039,-0.80136633,-0.66118479,0.71206409,-0.23621917,0
-3.4628253,2.5470541,-1.5531311,-0.66118479,0.71206409,-0.23621917,0
-1.9258344,1.3594036,-1.4834499,0.55150187,0.24786627,-0.7964974,0
0.11638406,-1.033443,0.4256323,-0.55150187,-0.24786627,0.7964974,0
2.8425243,-3.4038713,0.58113909,0.66118479,-0.71206409,0.23621917,0
-2.88041,3.2480223,-1.0476575,-0.66118479,0.71206409,-0.23621917,0
-2.8763888,3.1384528,-1.170249,-0.66118479,0.71206409,-0.23621917,0
2.9523592,-2.6111608,1.8679223,-0.55150187,-0.24786627,0.7964974,0
-2.8692501,3.1363277,-1.2157202,-0.66118479,0.71206409,-0.23621917,0
-3.415626,2.828486,-0.93410587,-0.66118479,0.71206409,-0.23621917,0
-1.544374,3.1581156,-0.83301282,0.55150187,0.24786627,-0.7964974,0
3.3820004,-2.9368672,1.0924177,0.66118479,-0.71206409,0.23621917,0
1.9346298,-3.0000081,0.059953451,-0.50860643,-0.6569072,-0.55659008,0
2.4647884,-1.40519,1.2244208,0.50860643,0.6569072,0.55659008,0
-2.8161018,3.7163103,-0.28385115,-0.66118479,0.71206409,-0.23621917,0
-3.1963482,2.7131784,-0.82584333,-0.55150187,-0.24786627,0.7964974,0
-2.3812222,3.8447685,-0.75379133,-0.66118479,0.71206409,-0.23621917,0
-1.0751085,1.7944026,-0.76090765,0.55150187,0.24786627,-0.7964974,0
0.40342438,-1.8499799,-0.10932279,-0.50860643,-0.6569072,-0.55659008,0
1.2654412,-0.35285896,0.88780725,0.50860643,0.6569072,0.55659008,0
-3.4032936,2.6652403,-1.5754709,-0.66118479,0.71206409,-0.23621917,0
-0.063986778,1.586742,0.12091291,0.50860643,0.6569072,0.55659008,0
1.213255,-1.8314488,-0.25534439,0.55150187,0.24786627,-0.7964974,0
-0.98384136,1.279609,-0.92724526,0.55150187,0.24786627,-0.7964974,0
2.9904275,-3.1447949,1.1228805,0.66118479,-0.71206409,0.23621917,0
0.63819379,0.27709043,-0.19650075,0.55150187,0.24786627,-0.7964974,0
-3.1787984,2.693367,-1.8001494,-0.66118479,0.71206409,-0.23621917,0
2.5109851,-2.6200578,0.39221954,0.55150187,0.24786627,-0.7964974,0
-0.82920402,-0.018376946,-0.98301387,-0.50860643,-0.6569072,-0.55659008,0
2.7800291,-3.2724049,0.99662685,0.66118479,-0.71206409,0.23621917,0
0.615049,-2.1204009,0.012785554,-0.50860643,-0.6569072,-0.55659008,0
-2.5987995,3.5885117,-0.81880951,-0.66118479,0.71206409,-0.23621917,0
-2.6768847,2.8043895,-0.44810462,-0.55150187,-0.24786627,0.7964974,0
-3.5201619,2.7332721,-1.0946693,-0.66118479,0.71206409,-0.23621917,0
1.0793891,-2.374717,-0.056293249,-0.50860643,-0.6569072,-0.55659008,0
-1.3931551,1.4321409,-1.142087,0.55150187,0.24786627,-0.7964974,0
3.1832674,-3.2034674,0.84630871,0.66118479,-0.71206409,0.23621917,0
-2.6633158,3.6250229,-0.72921753,-0.66118479,0.71206409,-0.23621917,0
0.13890719,-1.187155,-0.59694725,-0.50860643,-0.6569072,-0.55659008,0
1.7640474,-2.5781889,1.0020902,-0.55150187,-0.24786627,0.7964974,0
3.6570513,-2.4472632,1.3593569,0.66118479,-0.71206409,0.23621917,0
2.0799761,-3.253149,0.17356992,-0.50860643,-0.6569072,-0.55659008,0
-1.8275898,3.4696651,-0.78459334,0.50860643,0.6569072,0.55659008,0
-1.9427958,2.9144609,-0.017026901,0.50860643,0.6569072,0.55659008,0
2.3542233,-3.9023163,0.92662382,0.66118479,-0.71206409,0.23621917,0
-2.3166683,3.8433547,-0.76063871,-0.66118479,0.71206409,-0.23621917,0
-1.314074,0.10243485,-0.84947371,-0.50860643,-0.6569072,-0.55659008,0
2.7381334,-3.2532895,1.260942,0.66118479,-0.71206409,0.23621917,0
-1.9179664,0.58694035,-0.42452109,-0.55150187,-0.24786627,0.7964974,0
2.5005808,-2.0025756,0.39039135,0.55150187,0.24786627,-0.7964974,0
-0.70509017,1.6860425,-0.59985435,0.55150187,0.24786627,-0.7964974,0
-2.8407006,3.5104754,-0.71364832,-0.66118479,0.71206409,-0.23621917,0
0.87825882,-2.2706821,0.21367288,-0.50860643,-0.6569072,-0.55659008,0
-1.2604278,0.73203522,0.015841365,-0.55150187,-0.24786627,0.7964974,0
3.3449106,-2.6615038,2.0062323,0.66118479,-0.71206409,0.23621917,0
1.1117055,-0.24002212,1.0833701,0.50860643,0.6569072,0.55659008,0
2.7937188,-2.5865273,0.41818881,0.55150187,0.24786627,-0.7964974,0
-3.1940565,3.1107979,-0.60099649,-0.66118479,0.71206409,-0.23621917,0
-2.7674448,2.2789211,-0.62129903,-0.55150187,-0.24786627,0.7964974,0
-2.7563255,3.5942214,-0.77496767,-0.66118479,0.71206409,-0.23621917,0
-0.024183989,1.369664,-0.20325339,0.55150187,0.24786627,-0.7964974,0
-1.2257613,1.9326322,0.33718348,-0.55150187,-0.24786627,0.7964974,0
0.57431322,-0.57465345,0.848948,-0.55150187,-0.24786627,0.7964974,0
-1.0409995,0.73421299,0.25474852,-0.55150187,-0.24786627,0.7964974,0
1.3137498,-2.2748501,-0.46294093,-0.50860643,-0.6569072,-0.55659008,0
-0.75011104,1.9077466,-0.5005796,0.55150187,0.24786627,-0.7964974,0
0.48960817,-1.2736636,-0.65732616,-0.50860643,-0.6569072,-0.55659008,0
-2.2450173,3.9529729,-0.83144331,0.50860643,0.6569072,0.55659008,0
-3.3505223,3.0410547,-0.8447156,-0.66118479,0.71206409,-0.23621917,0
-3.5432692,2.5639901,-1.0151329,-0.66118479,0.71206409,-0.23621917,0
-2.9847341,3.2625754,-1.2578726,-0.66118479,0.71206409,-0.23621917,0
-2.6254604,3.4260154,-1.3271351,-0.66118479,0.71206409,-0.23621917,0
2.7105403,-3.6539624,0.72208834,0.66118479,-0.71206409,0.23621917,0
2.4506459,-3.8517585,0.77028799,0.66118479,-0.71206409,0.23621917,0
-2.492878,3.7874112,-1.0026636,-0.66118479,0.71206409,-0.23621917,0
0.77252173,-0.30761951,-0.27881837,0.55150187,0.24786627,-0.7964974,0
-0.72209132,2.3125474,-0.30714226,0.50860643,0.6569072,0.55659008,0
0.684618,-1.9186392,-0.17468357,-0.50860643,-0.6569072,-0.55659008,0
-1.0255492,0.2837835,-1.2030873,-0.50860643,-0.6569072,-0.55659008,0
-2.0463295,3.0396774,-0.076185703,0.50860643,0.6569072,0.55659008,0
-3.1353483,3.000782,-0.82885408,-0.66118479,0.71206409,-0.23621917,0
1.7034225,-2.8751154,0.88179398,-0.55150187,-0.24786627,0.7964974,0
3.3212264,-2.9414663,0.88468552,0.66118479,-0.71206409,0.23621917,0
-0.044870853,0.088270187,-0.70343107,0.55150187,0.24786627,-0.7964974,0
-2.3163199,3.0551188,0.086138964,-0.55150187,-0.24786627,0.7964974,0
-1.632581,0.77097595,-0.37371075,-0.55150187,-0.24786627,0.7964974,0
-0.77738172,0.8346808,-0.78543043,0.55150187,0.24786627,-0.7964974,0
2.7660661,-3.4938097,0.84817934,0.66118479,-0.71206409,0.23621917,0
1.810901,-3.2133048,0.50222301,-0.50860643,-0.6569072,-0.55659008,0
0.86062366,-1.60252,-0.51674902,-0.50860643,-0.6569072,-0.55659008,0
3.2022014,-3.2082994,0.74051666,0.66118479,-0.71206409,0.23621917,0
-0.94221646,2.3494844,-0.52825069,0.55150187,0.24786627,-0.7964974,0
2.8688798,-3.3845582,0.95886087,0.66118479,-0.71206409,0.23621917,0
-1.8488066,3.6245363,-0.73385811,0.50860643,0.6569072,0.55659008,0
3.5435021,-2.4794655,1.3110375,0.50860643,0.6569072,0.55659008,0
3.084866,-3.0671797,1.2447224,0.66118479,-0.71206409,0.23621917,0
-0.81728393,-0.36776704,-0.12005377,-0.55150187,-0.24786627,0.7964974,0
2.7973638,-3.4068959,1.1187592,0.66118479,-0.71206409,0.23621917,0
2.781919,-3.4315696,0.8657093,0.66118479,-0.71206409,0.23621917,0
-1.7275881,1.8550498,-1.2123773,0.55150187,0.24786627,-0.7964974,0
-3.3395896,2.752028,-1.5611248,-0.66118479,0.71206409,-0.23621917,0
2.7321935,-3.3564591,1.0255661,0.66118479,-0.71206409,0.23621917,0
0.92491245,0.1076864,0.94922829,0.50860643,0.6569072,0.55659008,0
-3.5273552,2.5003626,-1.6278462,-0.66118479,0.71206409,-0.23621917,0
2.6902783,-1.569641,1.2849088,0.50860643,0.6569072,0.55659008,0
-1.5552543,0.67460907,-0.33853698,-0.55150187,-0.24786627,0.7964974,0
-0.66593754,-0.46309277,-0.05269064,-0.55150187,-0.24786627,0.7964974,0
1.6349287,-3.0804186,0.42977071,-0.50860643,-0.6569072,-0.55659008,0
1.7005408,-0.37188137,0.65144956,0.50860643,0.6569072,0.55659008,0
1.2739117,-0.17199218,0.94040513,0.50860643,0.6569072,0.55659008,0
2.1242201,-3.2485354,0.041944265,-0.50860643,-0.6569072,-0.55659008,0
2.4658499,-2.6077585,1.5002458,-0.55150187,-0.24786627,0.7964974,0
-2.9308267,2.1407487,-1.654326,-0.50860643,-0.6569072,-0.55659008,0
-2.2469733,3.6413045,-0.34366846,0.50860643,0.6569072,0.55659008,0
-0.18910861,1.1387259,-0.40837967,0.55150187,0.24786627,-0.7964974,0
3.1239526,-3.0996888,1.0780506,0.66118479,-0.71206409,0.23621917,0
-3.2014279,2.9159243,-0.98419476,-0.66118479,0.71206409,-0.23621917,0
3.3823211,-2.5882442,1.4275894,0.66118479,-0.71206409,0.23621917,0
-0.75985003,-0.34375542,-0.60165572,-0.50860643,-0.6569072,-0.55659008,0
2.7340498,-3.7311671,0.14655161,0.66118479,-0.71206409,0.23621917,0
-2.5587945,2.9847507,-1.4433699,0.55150187,0.24786627,-0.7964974,0
2.4679658,-3.7998419,0.75027227,0.66118479,-0.71206409,0.23621917,0
0.30849004,0.63252461,0.80123657,0.50860643,0.6569072,0.55659008,0
-1.3225285,-0.052846886,-0.65668523,-0.50860643,-0.6569072,-0.55659008,0
2.015877,-0.99126816,0.3674984,0.55150187,0.24786627,-0.7964974,0
1.1249774,-0.55639416,-0.081038713,0.55150187,0.24786627,-0.7964974,0
-2.2348869,2.0713573,-0.31933141,-0.55150187,-0.24786627,0.7964974,0
-2.8157852,1.8298812,-1.5163946,-0.50860643,-0.6569072,-0.55659008,0
-1.8862116,3.3746746,-0.77325487,0.55150187,0.24786627,-0.7964974,0
-2.6098723,3.2459176,-1.5056114,0.55150187,0.24786627,-0.7964974,0
-0.95426685,0.027313441,-0.90990567,-0.50860643,-0.6569072,-0.55659008,0
0.89265078,-1.5798833,0.76417494,-0.55150187,-0.24786627,0.7964974,0
-3.4388776,2.206255,-1.1310883,-0.50860643,-0.6569072,-0.55659008,0
-2.1940467,1.362291,-0.49802423,-0.55150187,-0.24786627,0.7964974,0
1.369015,-1.329145,1.1578705,-0.55150187,-0.24786627,0.7964974,0
-1.8099036,1.4125441,-0.096242666,-0.55150187,-0.24786627,0.7964974,0
-2.8392444,3.4442496,-0.56900549,-0.66118479,0.71206409,-0.23621917,0
1.7200395,-1.8273923,0.066134453,0.55150187,0.24786627,-0.7964974,0
-0.808088,2.1001782,-0.52153373,0.55150187,0.24786627,-0.7964974,0
0.78893447,0.25785783,0.94450366,0.50860643,0.6569072,0.55659008,0
3.4595804,-2.6604764,1.552999,0.66118479,-0.71206409,0.23621917,0
-0.35936826,-0.88948321,-0.29913148,-0.50860643,-0.6569072,-0.55659008,0
-2.7361877,3.4616249,-0.76079559,-0.66118479,0.71206409,-0.23621917,0
-2.4076841,3.7403848,-0.63312531,-0.66118479,0.71206409,-0.23621917,0
-2.066927,0.54060626,-0.72203791,-0.50860643,-0.6569072,-0.55659008,0
-2.8733792,3.4225092,-0.75141239,-0.66118479,0.71206409,-0.23621917,0
-3.2242191,2.8331187,-1.797225,-0.66118479,0.71206409,-0.23621917,0
2.7079301,-1.7200541,1.4087701,0.50860643,0.6569072,0.55659008,0
-3.6396422,2.4408667,-1.1618414,-0.66118479,0.71206409,-0.23621917,0
-3.0295348,2.3554525,-1.8729997,0.55150187,0.24786627,-0.7964974,0
2.2774894,-1.629683,1.4631238,0.50860643,0.6569072,0.55659008,0
-3.3896592,2.8424578,-1.2108803,-0.66118479,0.71206409,-0.23621917,0
0.95212173,-1.011673,-0.16959441,0.55150187,0.24786627,-0.7964974,0
-0.33811009,1.4435759,0.33389419,0.50860643,0.6569072,0.55659008,0
2.1659143,-3.4588971,1.0730371,-0.55150187,-0.24786627,0.7964974,0
-2.5928881,2.0040839,-1.6893365,0.55150187,0.24786627,-0.7964974,0
-2.3470166,1.4602488,-1.2255077,-0.50860643,-0.6569072,-0.55659008,0
1.2418307,-2.7710235,0.67755318,-0.55150187,-0.24786627,0.7964974,0
-0.54543585,1.9445027,0.006714344,0.50860643,0.6569072,0.55659008,0
1.6005797,-3.0985003,0.80022645,-0.55150187,-0.24786627,0.7964974,0
-0.88493294,1.2472917,0.50208211,-0.55150187,-0.24786627,0.7964974,0
2.3958235,-2.5495825,1.4704757,-0.55150187,-0.24786627,0.7964974,0
1.7828468,-0.80386955,0.34111488,0.55150187,0.24786627,-0.7964974,0
0.43927905,-0.28855455,0.90783131,-0.55150187,-0.24786627,0.7964974,0
0.57775044,-0.63788611,0.93036628,-0.55150187,-0.24786627,0.7964974,0
2.2295034,-2.0341394,0.16899037,0.55150187,0.24786627,-0.7964974,0
0.005800724,-1.2625335,-0.3064239,-0.50860643,-0.6569072,-0.55659008,0
3.7223649,-2.4694164,1.18959,0.66118479,-0.71206409,0.23621917,0
2.7551975,-3.343039,1.2278128,0.66118479,-0.71206409,0.23621917,0
-2.8093295,1.5052133,-1.0087194,-0.50860643,-0.6569072,-0.55659008,0
1.0766811,-1.6629697,0.81491947,-0.55150187,-0.24786627,0.7964974,0
-2.286973,3.5957808,-0.23876429,0.50860643,0.6569072,0.55659008,0
3.7172778,-2.4981942,1.241437,0.66118479,-0.71206409,0.23621917,0
-1.722856,3.2570829,-0.40606952,0.50860643,0.6569072,0.55659008,0
3.3754313,-2.6816132,1.3422422,0.66118479,-0.71206409,0.23621917,0
2.1406744,-1.1547251,0.58194208,0.55150187,0.24786627,-0.7964974,0
-2.970912,3.1559169,-1.2450361,-0.66118479,0.71206409,-0.23621917,0
-0.300735,1.3365012,0.61619371,0.50860643,0.6569072,0.55659008,0
-2.6564879,3.4474847,-1.0309439,-0.66118479,0.71206409,-0.23621917,0
0.19065636,-1.2913872,-0.33762437,-0.50860643,-0.6569072,-0.55659008,0
-2.8468647,3.0691884,-1.4370437,-0.66118479,0.71206409,-0.23621917,0
-0.46318701,1.2675831,-0.57498789,0.55150187,0.24786627,-0.7964974,0
2.181716,-1.7847358,0.35924459,0.55150187,0.24786627,-0.7964974,0
1.5338786,-0.303992,0.35066915,0.55150187,0.24786627,-0.7964974,0
-2.9499972,3.31023,-0.988204,-0.66118479,0.71206409,-0.23621917,0
1.1202501,-0.71677506,-0.041154385,0.55150187,0.24786627,-0.7964974,0
2.7182746,-1.6541985,1.1407828,0.50860643,0.6569072,0.55659008,0
-3.0998878,2.8265457,-1.9778628,-0.66118479,0.71206409,-0.23621917,0
-0.92884612,2.5312662,-0.45994282,0.50860643,0.6569072,0.55659008,0
-3.4261849,2.6919963,-1.1881709,-0.66118479,0.71206409,-0.23621917,0
-1.833648,1.795512,-1.2402129,0.55150187,0.24786627,-0.7964974,0
-1.9977176,1.2808858,-1.3945076,-0.50860643,-0.6569072,-0.55659008,0
2.2026401,-3.4485049,0.14219069,-0.50860643,-0.6569072,-0.55659008,0
1.5927162,-2.5108476,-0.20296764,-0.50860643,-0.6569072,-0.55659008,0
2.8386233,-3.6155758,0.5458703,0.66118479,-0.71206409,0.23621917,0
-2.8716166,3.5690346,-0.4428792,-0.66118479,0.71206409,-0.23621917,0
-3.4390197,2.8669338,-0.9878993,-0.66118479,0.71206409,-0.23621917,0
-2.422359,3.4895277,-0.25307274,0.50860643,0.6569072,0.55659008,0
-2.7088883,3.7938108,-0.32132006,-0.66118479,0.71206409,-0.23621917,0
-1.7007592,0.57444388,-0.4406265,-0.55150187,-0.24786627,0.7964974,0
3.1359317,-2.5491238,1.7642488,0.50860643,0.6569072,0.55659008,0
-2.5261152,3.6315086,-0.80274916,-0.66118479,0.71206409,-0.23621917,0
-3.4129436,2.8904536,-0.83837557,-0.66118479,0.71206409,-0.23621917,0
-1.4281988,0.12550521,-0.71461391,-0.50860643,-0.6569072,-0.55659008,0
-1.839584,2.2819023,-1.1595368,0.55150187,0.24786627,-0.7964974,0
-3.0646,2.2527528,-0.72496414,-0.55150187,-0.24786627,0.7964974,0
3.0984299,-3.2271898,0.87498379,0.66118479,-0.71206409,0.23621917,0
-2.8048534,2.0920062,-1.5823779,-0.50860643,-0.6569072,-0.55659008,0
2.1559951,-2.3149929,1.2935145,-0.55150187,-0.24786627,0.7964974,0
-0.52184957,-0.1375646,0.31172058,-0.55150187,-0.24786627,0.7964974,0
-3.3822289,2.0944626,-1.0560513,-0.50860643,-0.6569072,-0.55659008,0
2.9881039,-3.4156318,0.64700508,0.66118479,-0.71206409,0.23621917,0
0.023998678,-0.49053547,-0.64837515,0.55150187,0.24786627,-0.7964974,0
2.9413381,-3.4033608,0.64260149,0.66118479,-0.71206409,0.23621917,0
3.4007936,-2.7575397,0.89972496,0.66118479,-0.71206409,0.23621917,0
-2.2376101,1.4782084,-0.36466408,-0.55150187,-0.24786627,0.7964974,0
-2.6300507,3.4261949,-0.96753693,-0.66118479,0.71206409,-0.23621917,0
-1.85996,2.615458,0.26314688,-0.55150187,-0.24786627,0.7964974,0
0.47486112,0.1220701,-0.16983116,0.55150187,0.24786627,-0.7964974,0
-1.6604515,2.6458385,-0.99208736,0.55150187,0.24786627,-0.7964974,0
2.1943185,-2.7103024,1.3303378,-0.55150187,-0.24786627,0.7964974,0
3.2845206,-3.0163167,0.97161674,0.66118479,-0.71206409,0.23621917,0
-2.8559706,3.1451232,-1.3341436,-0.66118479,0.71206409,-0.23621917,0
-3.4104161,2.6743512,-1.3748617,-0.66118479,0.71206409,-0.23621917,0
-2.7657464,3.4789751,-0.49220228,-0.66118479,0.71206409,-0.23621917,0
-1.3474231,0.026080057,-0.47961974,-0.50860643,-0.6569072,-0.55659008,0
2.8078976,-3.4651158,1.1274128,0.66118479,-0.71206409,0.23621917,0
-2.7303352,3.696564,-0.62071753,-0.66118479,0.71206409,-0.23621917,0
-1.1543761,2.623333,-0.62343359,0.55150187,0.24786627,-0.7964974,0
-1.3575125,2.2749443,-0.96672988,0.55150187,0.24786627,-0.7964974,0
1.7501965,-2.8075087,-0.11417937,-0.50860643,-0.6569072,-0.55659008,0
2.9143817,-3.2289445,1.2121592,0.66118479,-0.71206409,0.23621917,0
2.9829876,-3.1020238,1.1335573,0.66118479,-0.71206409,0.23621917,0
-3.1413176,3.0543036,-0.87483406,-0.66118479,0.71206409,-0.23621917,0
-0.069620728,1.5764151,0.062669516,0.50860643,0.6569072,0.55659008,0
-2.493278,1.710851,-1.6520073,-0.50860643,-0.6569072,-0.55659008,0
-0.96614373,1.4154034,-0.74251735,0.55150187,0.24786627,-0.7964974,0
2.2906675,-3.6172054,0.43046474,-0.50860643,-0.6569072,-0.55659008,0
-3.3956072,2.7360168,-0.95611572,-0.66118479,0.71206409,-0.23621917,0
-2.5057669,3.7398412,-0.76040506,-0.66118479,0.71206409,-0.23621917,0
-0.85380298,0.011367381,-1.0078425,-0.50860643,-0.6569072,-0.55659008,0
-1.5562303,1.7590883,-1.2694087,0.55150187,0.24786627,-0.7964974,0
1.0889233,-2.7439628,0.28619194,-0.50860643,-0.6569072,-0.55659008,0
3.2575564,-3.0076506,1.2464461,0.66118479,-0.71206409,0.23621917,0
1.8434104,-2.5461175,1.0897148,-0.55150187,-0.24786627,0.7964974,0
-1.5562901,-0.0036320388,-0.49274957,-0.50860643,-0.6569072,-0.55659008,0
1.4168842,-2.4573581,-0.33619165,-0.50860643,-0.6569072,-0.55659008,0
2.6230624,-2.0599763,0.49380589,0.55150187,0.24786627,-0.7964974,0
-1.0792346,1.2372248,-0.88016355,0.55150187,0.24786627,-0.7964974,0
-0.51226711,-0.37769359,-0.8084023,-0.50860643,-0.6569072,-0.55659008,0
-2.8049817,2.0406013,-1.6278605,-0.50860643,-0.6569072,-0.55659008,0
3.2730303,-2.7858162,1.2052097,0.66118479,-0.71206409,0.23621917,0
-3.1440144,2.8386207,-1.6623154,-0.66118479,0.71206409,-0.23621917,0
-2.474092,3.5221238,-1.1295729,-0.66118479,0.71206409,-0.23621917,0
1.0043176,-0.7287488,-0.075670481,0.55150187,0.24786627,-0.7964974,0
-1.0525305,2.3802464,0.12827134,0.50860643,0.6569072,0.55659008,0
1.5915953,-2.6273825,-0.23851252,-0.50860643,-0.6569072,-0.55659008,0
-3.1681705,2.9032345,-1.7093506,-0.66118479,0.71206409,-0.23621917,0
2.2953503,-2.4891882,1.32634,-0.55150187,-0.24786627,0.7964974,0
2.1447952,-3.78107,0.61064196,-0.50860643,-0.6569072,-0.55659008,0
-3.5239234,2.5895514,-1.504921,-0.66118479,0.71206409,-0.23621917,0
-1.4536536,1.9221706,0.094594955,-0.55150187,-0.24786627,0.7964974,0
-2.6626186,2.23946,-0.55720639,-0.55150187,-0.24786627,0.7964974,0
-3.2292709,3.0709803,-0.943295,-0.66118479,0.71206409,-0.23621917,0
1.3533416,0.096420199,0.61602283,0.50860643,0.6569072,0.55659008,0
2.1459963,-2.1241755,1.3859835,-0.55150187,-0.24786627,0.7964974,0
0.78451693,-1.7293435,-0.58406407,-0.50860643,-0.6569072,-0.55659008,0
-2.7706203,2.3892488,-0.63125086,-0.55150187,-0.24786627,0.7964974,0
2.6768801,-3.3923357,1.1223946,0.66118479,-0.71206409,0.23621917,0
2.8079615,-2.5897074,1.6797056,-0.55150187,-0.24786627,0.7964974,0
1.3494074,0.15165186,0.33700359,0.55150187,0.24786627,-0.7964974,0
-1.9476225,0.90498078,-1.1474755,-0.50860643,-0.6569072,-0.55659008,0
0.2063404,-0.075275898,0.86805654,-0.55150187,-0.24786627,0.7964974,0
2.4910231,-1.0669473,0.95483255,0.50860643,0.6569072,0.55659008,0
0.79369789,0.42298383,0.45987591,0.50860643,0.6569072,0.55659008,0
-0.29172206,1.6037154,0.22865838,0.50860643,0.6569072,0.55659008,0
0.29825759,1.1860039,0.048934817,0.50860643,0.6569072,0.55659008,0
2.3361924,-3.3644903,1.2308035,-0.55150187,-0.24786627,0.7964974,0
2.2047486,-2.8394136,0.095517874,0.55150187,0.24786627,-0.7964974,0
0.43006486,-1.7578121,-0.17705762,-0.50860643,-0.6569072,-0.55659008,0
2.3927453,-3.7715571,0.30986643,-0.50860643,-0.6569072,-0.55659008,0
-2.0025203,0.83772057,-0.98716426,-0.50860643,-0.6569072,-0.55659008,0
-3.3379102,2.7193582,-1.7596579,-0.66118479,0.71206409,-0.23621917,0
-0.5082134,0.53351277,-0.80177718,0.55150187,0.24786627,-0.7964974,0
2.409699,-3.7249463,1.1199799,-0.55150187,-0.24786627,0.7964974,0
-3.3270793,2.8329427,-1.1032853,-0.66118479,0.71206409,-0.23621917,0
2.8838322,-3.208106,0.31426144,0.55150187,0.24786627,-0.7964974,0
1.4723041,-0.52878356,1.0480251,0.50860643,0.6569072,0.55659008,0
-3.4299028,2.7183354,-0.95158768,-0.55150187,-0.24786627,0.7964974,0
0.44593006,-2.0109394,0.20635033,-0.50860643,-0.6569072,-0.55659008,0
3.2621567,-2.952189,1.3482466,0.66118479,-0.71206409,0.23621917,0
-2.6010191,1.0029719,-0.74681497,-0.55150187,-0.24786627,0.7964974,0
-2.2841196,1.2618427,-1.2467818,-0.50860643,-0.6569072,-0.55659008,0
2.9801142,-2.9831359,1.3091707,0.66118479,-0.71206409,0.23621917,0
-1.6434023,2.8239458,-0.13700151,0.50860643,0.6569072,0.55659008,0
-2.3573604,1.9814042,-1.6737478,0.55150187,0.24786627,-0.7964974,0
