1.153742,-2.2293053,-0.12761557,-0.51882863,-0.64449084,-0.56164807,0
2.5422716,-2.3975585,-0.55485463,0.39451393,0.40234166,-0.82612348,0
0.29636991,0.82705629,0.56551403,0.51882863,0.64449084,0.56164807,0
-0.38301039,1.0872644,0.86475885,0.51882863,0.64449084,0.56164807,0
-0.078940988,1.5543643,0.19222444,0.51882863,0.64449084,0.56164807,0
1.2894515,-1.7069097,-0.86029458,-0.51882863,-0.64449084,-0.56164807,0
-0.57045966,-0.73345953,-0.28063795,-0.51882863,-0.64449084,-0.56164807,0
0.4969354,0.32042289,-0.28011879,0.39451393,0.40234166,-0.82612348,0
-1.8459678,2.9436221,-0.035313845,0.51882863,0.64449084,0.56164807,0
-2.0123863,2.9675498,-0.048201799,0.39451393,0.40234166,-0.82612348,0
-2.5162454,2.4144344,-0.13771081,-0.75840348,0.65019441,-0.045514226,0
2.6341681,-1.0684557,0.51604962,0.51882863,0.64449084,0.56164807,0
-0.91452938,1.7590544,-0.10220385,0.39451393,0.40234166,-0.82612348,0
-1.948082,3.0113852,0.2705493,0.51882863,0.64449084,0.56164807,0
-2.1091852,2.8437576,0.15041256,-0.75840348,0.65019441,-0.045514226,0
-1.6831039,1.018677,0.19485819,-0.39451393,-0.40234166,0.82612348,0
-0.54687107,1.1850461,0.78638226,0.51882863,0.64449084,0.56164807,0
-2.5549073,2.4129026,0.13250446,-0.75840348,0.65019441,-0.045514226,0
2.5150561,-2.5208042,0.29063272,0.75840348,-0.65019441,0.045514226,0
2.4636142,-2.6687326,-0.52769637,0.75840348,-0.65019441,0.045514226,0
-0.47513616,-0.12306175,-0.85935181,0.39451393,0.40234166,-0.82612348,0
2.7063272,-2.0990696,0.38785601,0.75840348,-0.65019441,0.045514226,0
2.9731073,-1.7614263,0.55752707,0.75840348,-0.65019441,0.045514226,0
-2.3812802,2.6112614,-0.14659953,-0.75840348,0.65019441,-0.045514226,0
-0.25586963,1.4520173,0.0046916604,0.39451393,0.40234166,-0.82612348,0
2.6819222,-2.299561,0.28894687,0.75840348,-0.65019441,0.045514226,0
-2.6445971,1.3497243,0.10226083,-0.39451393,-0.40234166,0.82612348,0
0.45262074,0.77644408,0.60385978,0.51882863,0.64449084,0.56164807,0
2.6418874,-2.3088672,-0.36241031,0.75840348,-0.65019441,0.045514226,0
-2.458245,2.3636193,-0.12662005,-0.75840348,0.65019441,-0.045514226,0
-0.47962788,0.32349852,-0.61544764,0.39451393,0.40234166,-0.82612348,0
2.3147385,-1.6323133,0.89692974,-0.39451393,-0.40234166,0.82612348,0
-2.2210801,2.7163579,0.31931901,-0.75840348,0.65019441,-0.045514226,0
2.5693324,-2.3845067,0.14474154,0.75840348,-0.65019441,0.045514226,0
2.31144,-2.7413831,-0.79004931,0.75840348,-0.65019441,0.045514226,0
2.0690453,-2.9537601,-0.072077513,0.75840348,-0.65019441,0.045514226,0
2.3603823,-2.5486293,-0.17003179,0.75840348,-0.65019441,0.045514226,0
-1.073127,0.39247733,-0.8175959,0.39451393,0.40234166,-0.82612348,0
-2.0946286,1.3899014,-0.99803638,0.39451393,0.40234166,-0.82612348,0
1.0359666,-0.025880963,0.86075747,0.51882863,0.64449084,0.56164807,0
2.3229871,-2.7760446,0.059081793,0.75840348,-0.65019441,0.045514226,0
1.258207,0.11965442,0.58294058,0.51882863,0.64449084,0.56164807,0
1.1887335,0.20416915,-0.035218477,0.39451393,0.40234166,-0.82612348,0
0.18365261,-0.54192209,0.41670659,-0.39451393,-0.40234166,0.82612348,0
-0.9287107,-0.62000608,-0.30740649,-0.51882863,-0.64449084,-0.56164807,0
2.4647565,-2.431138,0.25699306,0.75840348,-0.65019441,0.045514226,0
-2.3791962,2.5494323,-0.27683282,-0.75840348,0.65019441,-0.045514226,0
1.0462166,-1.4410199,-0.85636461,0.39451393,0.40234166,-0.82612348,0
-2.522537,0.74598277,-0.32129598,-0.51882863,-0.64449084,-0.56164807,0
2.574013,-2.3763723,-0.30666184,0.75840348,-0.65019441,0.045514226,0
2.7299683,-2.1780517,-0.26532054,0.39451393,0.40234166,-0.82612348,0
-2.7157509,2.2106869,0.34941483,-0.75840348,0.65019441,-0.045514226,0
-0.47920942,-0.99990076,-0.19188963,-0.51882863,-0.64449084,-0.56164807,0
-0.56572098,1.2584913,-0.36063623,0.39451393,0.40234166,-0.82612348,0
0.053529382,-0.46995082,-0.72967315,0.39451393,0.40234166,-0.82612348,0
0.52371156,-1.0620992,-0.94519055,-0.51882863,-0.64449084,-0.56164807,0
-2.6421237,2.3032022,0.26744151,-0.75840348,0.65019441,-0.045514226,0
0.82739365,-0.3666296,0.76643533,-0.39451393,-0.40234166,0.82612348,0
0.074349403,1.2083704,0.2555815,0.51882863,0.64449084,0.56164807,0
-1.5898832,2.351773,0.68791342,0.51882863,0.64449084,0.56164807,0
-0.8552351,1.6889709,-0.17063272,0.39451393,0.40234166,-0.82612348,0
0.56660062,0.1282914,-0.23695597,0.39451393,0.40234166,-0.82612348,0
-2.0185344,0.24355018,-0.13895202,-0.39451393,-0.40234166,0.82612348,0
-2.5697753,2.512996,-0.3389852,-0.75840348,0.65019441,-0.045514226,0
-3.0709391,1.8982145,-0.21793294,-0.75840348,0.65019441,-0.045514226,0
-1.148881,0.32577553,-1.0266947,-0.51882863,-0.64449084,-0.56164807,0
-2.5126128,2.4907146,0.37466073,-0.75840348,0.65019441,-0.045514226,0
-2.4304733,2.5728717,0.29886436,-0.75840348,0.65019441,-0.045514226,0
1.6896571,-2.8192832,0.00063157082,-0.51882863,-0.64449084,-0.56164807,0
-1.9727521,3.0321937,0.051930666,-0.75840348,0.65019441,-0.045514226,0
1.3681109,0.054376066,0.33324277,0.51882863,0.64449084,0.56164807,0
-2.7802477,2.0439906,-0.64217448,-0.75840348,0.65019441,-0.045514226,0
1.313084,-2.5757051,0.011021614,-0.39451393,-0.40234166,0.82612348,0
-2.2280595,1.9750205,-0.80869889,0.39451393,0.40234166,-0.82612348,0
0.46619582,0.68276644,-0.050370693,0.39451393,0.40234166,-0.82612348,0
-1.5558898,2.1592433,0.81769311,0.51882863,0.64449084,0.56164807,0
-2.9877472,1.3972996,-0.5793848,-0.51882863,-0.64449084,-0.56164807,0
-2.3491697,2.7076385,-0.31476474,-0.75840348,0.65019441,-0.045514226,0
2.2485504,-2.2344615,-0.71297741,0.39451393,0.40234166,-0.82612348,0
2.8682325,-1.7704852,0.99248505,0.51882863,0.64449084,0.56164807,0
0.071228176,0.16769415,-0.58203042,0.39451393,0.40234166,-0.82612348,0
-2.5453548,2.2491331,-0.56497526,-0.75840348,0.65019441,-0.045514226,0
-0.97573042,2.3527145,-0.0098730326,0.51882863,0.64449084,0.56164807,0
-2.8179181,1.9342715,-1.0005465,-0.75840348,0.65019441,-0.045514226,0
-2.3813922,2.504287,-0.25286341,-0.75840348,0.65019441,-0.045514226,0
-0.6897409,0.6245262,-0.51828802,0.39451393,0.40234166,-0.82612348,0
2.3633835,-0.76368052,0.45016646,0.51882863,0.64449084,0.56164807,0
1.5485013,-0.89899576,0.88235068,-0.39451393,-0.40234166,0.82612348,0
-2.408468,2.5853837,-0.054566145,-0.75840348,0.65019441,-0.045514226,0
1.2382089,-2.0933554,-0.41785169,-0.51882863,-0.64449084,-0.56164807,0
2.4881163,-2.6223855,-0.43011189,0.75840348,-0.65019441,0.045514226,0
0.82416862,-0.098498203,0.91855705,-0.39451393,-0.40234166,0.82612348,0
-0.74425894,1.8086057,-0.14499044,0.39451393,0.40234166,-0.82612348,0
-1.7456281,1.9616501,-0.37802958,0.39451393,0.40234166,-0.82612348,0
0.13177034,0.3658469,-0.40627271,0.39451393,0.40234166,-0.82612348,0
2.3390753,-2.6262681,0.32139063,0.75840348,-0.65019441,0.045514226,0
0.68413705,0.41040593,0.51700687,0.51882863,0.64449084,0.56164807,0
-1.8270146,0.25917977,-0.32186389,-0.51882863,-0.64449084,-0.56164807,0
0.79274315,0.72628391,0.28996217,0.51882863,0.64449084,0.56164807,0
-2.9279652,1.3183162,-0.70853472,-0.51882863,-0.64449084,-0.56164807,0
-0.11911905,1.2736707,0.46368426,0.51882863,0.64449084,0.56164807,0
2.8049345,-1.9717066,-0.17988968,0.75840348,-0.65019441,0.045514226,0
-1.2939289,1.4711692,-0.57727206,0.39451393,0.40234166,-0.82612348,0
-1.1927027,2.4040244,0.13150692,0.51882863,0.64449084,0.56164807,0
1.0253662,-0.62307972,-0.40048003,0.39451393,0.40234166,-0.82612348,0
-0.86432064,0.83164394,-0.49868405,0.39451393,0.40234166,-0.82612348,0
-2.9584355,1.9154707,-0.95247221,-0.75840348,0.65019441,-0.045514226,0
1.0487347,-2.2750809,-0.088902831,-0.39451393,-0.40234166,0.82612348,0
-0.057798386,-0.79734528,-0.75296175,-0.51882863,-0.64449084,-0.56164807,0
-0.13441181,1.1813906,0.6921382,0.51882863,0.64449084,0.56164807,0
-0.3762092,0.47790974,0.65639865,-0.39451393,-0.40234166,0.82612348,0
-1.3774935,-0.18151075,-0.29051745,-0.51882863,-0.64449084,-0.56164807,0
1.2842036,-0.23036122,0.013164639,0.39451393,0.40234166,-0.82612348,0
-0.74269241,0.88079524,0.67387265,-0.39451393,-0.40234166,0.82612348,0
2.2828174,-2.7596698,-0.74279428,0.75840348,-0.65019441,0.045514226,0
1.0153948,-1.584294,-0.78422868,-0.51882863,-0.64449084,-0.56164807,0
-2.7719738,2.2886708,-0.14728308,-0.75840348,0.65019441,-0.045514226,0
-1.8840609,0.69490153,0.069672346,-0.39451393,-0.40234166,0.82612348,0
2.5844171,-2.5053933,0.096625805,0.75840348,-0.65019441,0.045514226,0
-1.9167202,2.9916604,-0.09235692,-0.75840348,0.65019441,-0.045514226,0
1.7200047,-1.4610298,-0.59475803,0.39451393,0.40234166,-0.82612348,0
-1.0844254,2.0073183,0.41693389,0.51882863,0.64449084,0.56164807,0
2.6597009,-1.3420494,0.00042152405,0.39451393,0.40234166,-0.82612348,0
2.8589308,-1.4395735,0.7468183,0.51882863,0.64449084,0.56164807,0
-1.010484,-0.29693386,-0.51319253,-0.51882863,-0.64449084,-0.56164807,0
-1.8347927,1.8499464,-0.60884094,0.39451393,0.40234166,-0.82612348,0
2.2104082,-2.7074308,-0.38684034,0.75840348,-0.65019441,0.045514226,0
-1.0235119,0.95050782,0.6467979,-0.39451393,-0.40234166,0.82612348,0
-2.6450806,2.2023928,0.22686195,-0.75840348,0.65019441,-0.045514226,0
-2.8588145,2.0155389,-0.068105221,-0.75840348,0.65019441,-0.045514226,0
-2.1166434,1.1009859,0.019253492,-0.39451393,-0.40234166,0.82612348,0
1.3841869,-0.51136535,1.0615846,0.51882863,0.64449084,0.56164807,0
-2.8380308,1.9410267,-0.4257133,-0.75840348,0.65019441,-0.045514226,0
-0.83749604,1.9892776,0.42932904,0.51882863,0.64449084,0.56164807,0
2.0642245,-1.511302,0.81737256,-0.39451393,-0.40234166,0.82612348,0
2.720984,-2.2466142,0.02483511,0.75840348,-0.65019441,0.045514226,0
2.9109077,-2.1064911,0.082123041,0.75840348,-0.65019441,0.045514226,0
0.15294313,-0.79007876,0.26491773,-0.39451393,-0.40234166,0.82612348,0
-0.7280761,1.6642442,0.55799925,0.51882863,0.64449084,0.56164807,0
1.7704448,-0.93262857,-0.24524689,0.39451393,0.40234166,-0.82612348,0
1.555501,-2.425236,-0.36117697,-0.51882863,-0.64449084,-0.56164807,0
-2.2154255,2.7394972,-0.01624608,-0.75840348,0.65019441,-0.045514226,0
-0.20753455,1.3729352,0.55612218,0.51882863,0.64449084,0.56164807,0
-1.2970726,-0.39176464,-0.28509367,-0.51882863,-0.64449084,-0.56164807,0
2.9438872,-2.0270417,0.61941743,0.75840348,-0.65019441,0.045514226,0
-2.6321046,2.224649,-0.049488544,-0.75840348,0.65019441,-0.045514226,0
2.0206771,-2.7371175,-0.53581262,-0.51882863,-0.64449084,-0.56164807,0
-2.2386289,1.8431542,-0.84053588,0.39451393,0.40234166,-0.82612348,0
2.7042799,-1.9005935,-0.20321631,0.39451393,0.40234166,-0.82612348,0
-2.8638444,1.9786131,-0.57357907,-0.75840348,0.65019441,-0.045514226,0
-2.3627908,1.9349312,-0.73838353,0.39451393,0.40234166,-0.82612348,0
0.52141774,0.5168426,0.86070931,0.51882863,0.64449084,0.56164807,0
-2.21784,2.9047606,0.36675739,-0.75840348,0.65019441,-0.045514226,0
0.053708076,-1.4427521,-0.22243169,-0.51882863,-0.64449084,-0.56164807,0
2.2715745,-2.8837478,-0.58810782,0.75840348,-0.65019441,0.045514226,0
0.69892555,0.028666867,0.98757637,-0.39451393,-0.40234166,0.82612348,0
-3.1511402,1.5155375,-0.71811891,-0.51882863,-0.64449084,-0.56164807,0
1.9160511,-0.47001636,-0.033017874,0.39451393,0.40234166,-0.82612348,0
-2.7944841,2.028728,-0.37850904,-0.75840348,0.65019441,-0.045514226,0
-2.4753835,2.4072843,-0.18087935,-0.75840348,0.65019441,-0.045514226,0
2.0319533,-0.49088079,0.59172499,0.51882863,0.64449084,0.56164807,0
2.7012756,-2.0984707,0.21063924,0.75840348,-0.65019441,0.045514226,0
-3.0745025,1.8283222,-0.45285749,-0.75840348,0.65019441,-0.045514226,0
-2.1689389,2.9440825,-0.010312557,-0.75840348,0.65019441,-0.045514226,0
1.2354537,0.30522674,0.15782523,0.51882863,0.64449084,0.56164807,0
2.9577684,-1.9613323,0.4469521,0.75840348,-0.65019441,0.045514226,0
2.6463265,-2.232744,0.6114099,0.75840348,-0.65019441,0.045514226,0
-0.89986134,1.6161706,0.73525119,0.51882863,0.64449084,0.56164807,0
-0.80270708,1.8209496,0.33021843,0.51882863,0.64449084,0.56164807,0
-2.0641716,0.35368383,-0.30999947,-0.51882863,-0.64449084,-0.56164807,0
-3.0321112,1.8294806,-0.025098801,-0.75840348,0.65019441,-0.045514226,0
2.4489884,-1.9493523,-0.43542504,0.39451393,0.40234166,-0.82612348,0
-0.34832096,-0.46309945,-0.93250126,-0.51882863,-0.64449084,-0.56164807,0
1.4325682,-0.69778365,-0.17622674,0.39451393,0.40234166,-0.82612348,0
1.483649,-2.5761886,-0.16350627,-0.51882863,-0.64449084,-0.56164807,0
-2.2682419,2.7095671,0.2221868,-0.75840348,0.65019441,-0.045514226,0
-1.8501247,0.61117464,-0.93621969,-0.51882863,-0.64449084,-0.56164807,0
1.5536046,-2.2668257,-0.72867429,-0.51882863,-0.64449084,-0.56164807,0
2.3100605,-2.8584898,-0.68290639,0.75840348,-0.65019441,0.045514226,0
-2.1572404,2.4505715,0.77216554,-0.39451393,-0.40234166,0.82612348,0
1.5874574,-2.4842632,0.2115674,-0.39451393,-0.40234166,0.82612348,0
2.0079913,-0.93292832,-0.035402298,0.39451393,0.40234166,-0.82612348,0
-1.6911011,0.96805197,0.30223238,-0.39451393,-0.40234166,0.82612348,0
-2.5297151,2.4454758,0.0081305504,-0.75840348,0.65019441,-0.045514226,0
2.6395073,-2.1479349,0.10996413,0.75840348,-0.65019441,0.045514226,0
0.9418571,-2.159909,-0.078486204,-0.51882863,-0.64449084,-0.56164807,0
-0.70043451,0.86467361,0.57877266,-0.39451393,-0.40234166,0.82612348,0
-2.3679104,1.3712109,0.2444253,-0.39451393,-0.40234166,0.82612348,0
2.343226,-2.817596,-0.67833543,0.75840348,-0.65019441,0.045514226,0
-1.4858154,-0.15623283,-0.34713697,-0.51882863,-0.64449084,-0.56164807,0
-2.5997252,0.72717774,-0.21462178,-0.39451393,-0.40234166,0.82612348,0
-0.85217202,1.916485,0.51680279,0.51882863,0.64449084,0.56164807,0
3.2882929,-1.6361257,0.36045384,0.75840348,-0.65019441,0.045514226,0
2.1199353,-0.94294679,1.0488631,0.51882863,0.64449084,0.56164807,0
0.62759817,0.67732382,-0.095180124,0.39451393,0.40234166,-0.82612348,0
-2.3789458,0.89691043,-0.095794439,-0.39451393,-0.40234166,0.82612348,0
1.3246742,-2.5076342,-0.23929918,-0.51882863,-0.64449084,-0.56164807,0
-0.40855682,-0.40701541,-1.0489465,-0.51882863,-0.64449084,-0.56164807,0
-1.0474851,1.5759202,0.93470454,0.51882863,0.64449084,0.56164807,0
-0.99430418,1.3524635,0.80118144,-0.39451393,-0.40234166,0.82612348,0
2.0501404,-3.0325074,-0.043599844,0.75840348,-0.65019441,0.045514226,0
3.2295923,-1.5048497,0.25751638,0.75840348,-0.65019441,0.045514226,0
-2.3035443,0.53426147,-0.30231094,-0.39451393,-0.40234166,0.82612348,0
1.9785898,-2.7331023,-0.46279669,-0.51882863,-0.64449084,-0.56164807,0
-2.243453,0.5686785,-0.15055776,-0.39451393,-0.40234166,0.82612348,0
0.066322684,-0.7223376,-0.92650223,-0.51882863,-0.64449084,-0.56164807,0
-3.1988349,1.7147496,-0.48850799,-0.75840348,0.65019441,-0.045514226,0
-2.6053464,2.2338552,0.29876614,-0.75840348,0.65019441,-0.045514226,0
-0.48409009,0.59135807,-0.44636044,0.39451393,0.40234166,-0.82612348,0
-2.8820152,1.9737766,-0.15656543,-0.75840348,0.65019441,-0.045514226,0
-0.058663845,-0.85718417,-0.77221775,-0.51882863,-0.64449084,-0.56164807,0
2.1022573,-2.8145642,-0.013162851,0.75840348,-0.65019441,0.045514226,0
0.4261283,0.041226327,-0.41722828,0.39451393,0.40234166,-0.82612348,0
-2.8595018,1.9829715,-0.49376917,-0.75840348,0.65019441,-0.045514226,0
-1.4438972,0.65579247,-0.92769706,0.39451393,0.40234166,-0.82612348,0
-0.62374479,-0.6289838,-0.46508741,-0.51882863,-0.64449084,-0.56164807,0
-0.7681638,1.7305497,0.34413517,0.51882863,0.64449084,0.56164807,0
-1.1852494,0.27715611,0.058547616,-0.39451393,-0.40234166,0.82612348,0
1.3138825,-0.67465365,0.83271623,-0.39451393,-0.40234166,0.82612348,0
-0.71530372,-0.42822665,-0.76940513,-0.51882863,-0.64449084,-0.56164807,0
2.1445682,-3.0113559,0.12361646,0.75840348,-0.65019441,0.045514226,0
-0.545874,-1.0506319,-0.20323277,-0.51882863,-0.64449084,-0.56164807,0
1.849737,-1.0223296,0.93471193,-0.39451393,-0.40234166,0.82612348,0
3.1023808,-1.8371923,0.083584785,0.75840348,-0.65019441,0.045514226,0
2.2658358,-2.7864337,-0.38406491,0.75840348,-0.65019441,0.045514226,0
-0.59163553,-0.54696774,-0.59841925,-0.51882863,-0.64449084,-0.56164807,0
2.2370286,-2.0430567,0.75324965,-0.39451393,-0.40234166,0.82612348,0
-3.1361232,1.5787386,-0.40528107,-0.75840348,0.65019441,-0.045514226,0
-2.3629732,1.2322426,-1.0488167,-0.51882863,-0.64449084,-0.56164807,0
-0.51182282,1.6895075,0.17537749,0.51882863,0.64449084,0.56164807,0
1.1285474,0.32075292,0.21769118,0.51882863,0.64449084,0.56164807,0
1.3000093,0.21085626,0.26193726,0.51882863,0.64449084,0.56164807,0
1.6536301,-0.095973134,0.22716999,0.51882863,0.64449084,0.56164807,0
-0.63533056,-0.63644969,-0.60223079,-0.51882863,-0.64449084,-0.56164807,0
2.6952112,-1.6842282,-0.077198744,0.39451393,0.40234166,-0.82612348,0
2.4626882,-2.5858636,0.051122427,0.75840348,-0.65019441,0.045514226,0
0.31414559,-0.39378735,0.65957052,-0.39451393,-0.40234166,0.82612348,0
-1.7766303,0.67077768,-0.97632444,-0.51882863,-0.64449084,-0.56164807,0
-2.7307005,2.2279441,-0.057817936,-0.75840348,0.65019441,-0.045514226,0
0.86507773,-1.8259033,-0.60651338,-0.51882863,-0.64449084,-0.56164807,0
0.31614053,-1.6630057,0.013672948,-0.39451393,-0.40234166,0.82612348,0
2.3809381,-2.7260506,-0.32781863,0.75840348,-0.65019441,0.045514226,0
1.0954919,-0.21565159,0.97374254,0.51882863,0.64449084,0.56164807,0
2.3262446,-2.6257977,-0.64243388,0.75840348,-0.65019441,0.045514226,0
1.9884242,-1.5707865,-0.41723585,0.39451393,0.40234166,-0.82612348,0
-1.8266362,2.7767711,0.16268587,0.51882863,0.64449084,0.56164807,0
-2.4759378,1.7200582,-1.0295467,0.39451393,0.40234166,-0.82612348,0
-2.7829666,1.152638,-0.47350836,-0.51882863,-0.64449084,-0.56164807,0
1.5530131,-0.83184183,-0.25563908,0.39451393,0.40234166,-0.82612348,0
-3.1140251,1.6891682,-0.34383416,-0.75840348,0.65019441,-0.045514226,0
3.049552,-1.8885461,0.54641962,0.75840348,-0.65019441,0.045514226,0
3.185631,-1.6382823,0.40018678,0.75840348,-0.65019441,0.045514226,0
1.589782,-0.16795605,0.57619643,0.51882863,0.64449084,0.56164807,0
1.8175542,-2.5946891,-0.59433866,-0.51882863,-0.64449084,-0.56164807,0
3.0361567,-1.6930301,0.92008162,0.75840348,-0.65019441,0.045514226,0
-0.31890595,1.2186798,0.68920571,0.51882863,0.64449084,0.56164807,0
-0.93370199,-0.61956084,-0.37106079,-0.51882863,-0.64449084,-0.56164807,0
-2.2251189,1.503108,0.18381882,-0.39451393,-0.40234166,0.82612348,0
1.5940857,-1.9503386,-0.85725141,0.39451393,0.40234166,-0.82612348,0
3.0181396,-1.8683825,0.99005747,0.75840348,-0.65019441,0.045514226,0
-1.6294544,2.4157016,0.40906858,0.51882863,0.64449084,0.56164807,0
2.8406417,-2.1466751,0.38373327,0.75840348,-0.65019441,0.045514226,0
2.3887177,-2.538305,-0.09008646,0.75840348,-0.65019441,0.045514226,0
-2.7384584,2.0419464,0.090549946,-0.75840348,0.65019441,-0.045514226,0
2.8826227,-1.9780749,0.97628021,0.75840348,-0.65019441,0.045514226,0
2.2357764,-2.6757295,0.15536237,0.75840348,-0.65019441,0.045514226,0
-0.12984651,-0.79709649,0.21286489,-0.39451393,-0.40234166,0.82612348,0
1.0167207,0.0032217503,-0.10623503,0.39451393,0.40234166,-0.82612348,0
-1.6672453,2.7128594,0.11164045,0.51882863,0.64449084,0.56164807,0
-0.27112633,1.1954385,-0.17608303,0.39451393,0.40234166,-0.82612348,0
-0.7444123,-0.22128136,-0.86933792,-0.51882863,-0.64449084,-0.56164807,0
1.5965251,-0.24863023,0.64474368,0.51882863,0.64449084,0.56164807,0
-0.99930096,1.5602608,-0.33815694,0.39451393,0.40234166,-0.82612348,0
-0.93911368,-0.50590968,-0.29690766,-0.51882863,-0.64449084,-0.56164807,0
0.84381354,0.35663933,0.42055273,0.51882863,0.64449084,0.56164807,0
1.8881886,-2.3381281,-0.70418191,-0.51882863,-0.64449084,-0.56164807,0
-2.4263847,2.4442828,0.13252878,-0.75840348,0.65019441,-0.045514226,0
-1.7122848,1.0463367,-0.94526565,0.39451393,0.40234166,-0.82612348,0
2.3874962,-2.7109914,-0.58806467,0.75840348,-0.65019441,0.045514226,0
0.14013314,1.4897308,0.093985721,0.51882863,0.64449084,0.56164807,0
-2.6877682,2.3036451,-0.49823236,-0.75840348,0.65019441,-0.045514226,0
-0.52483571,-0.32969654,-0.89277875,-0.51882863,-0.64449084,-0.56164807,0
-2.4096985,2.5255959,-0.41628146,-0.75840348,0.65019441,-0.045514226,0
0.50516331,0.40162635,0.97719729,0.51882863,0.64449084,0.56164807,0
2.6442647,-2.4262252,-0.42241406,0.75840348,-0.65019441,0.045514226,0
0.28753453,0.98713303,0.086203575,0.39451393,0.40234166,-0.82612348,0
-1.8925687,2.5399632,0.61255431,0.51882863,0.64449084,0.56164807,0
2.0266514,-3.0489292,-0.097518682,0.75840348,-0.65019441,0.045514226,0
0.55579007,-1.4231408,0.072228611,-0.39451393,-0.40234166,0.82612348,0
-2.9435387,1.9199295,-0.55815244,-0.75840348,0.65019441,-0.045514226,0
3.0752559,-1.8323987,0.43486381,0.75840348,-0.65019441,0.045514226,0
2.714165,-1.676302,1.0749516,0.51882863,0.64449084,0.56164807,0
0.8330459,0.065148786,0.85672188,0.51882863,0.64449084,0.56164807,0
1.597765,-2.4109633,-0.66039538,-0.51882863,-0.64449084,-0.56164807,0
2.3826396,-2.6854637,-0.24899578,0.75840348,-0.65019441,0.045514226,0
2.4748721,-1.1491904,0.79667807,0.51882863,0.64449084,0.56164807,0
-2.6695185,2.267642,-0.60320139,-0.75840348,0.65019441,-0.045514226,0
0.14292228,0.4986431,0.84510279,-0.39451393,-0.40234166,0.82612348,0
-2.1538987,2.9640131,0.068350792,-0.75840348,0.65019441,-0.045514226,0
-3.4176683,1.4769633,-0.34216905,-0.75840348,0.65019441,-0.045514226,0
0.17417812,0.92662573,0.57172495,0.51882863,0.64449084,0.56164807,0
2.9033399,-1.727562,-0.078424454,0.39451393,0.40234166,-0.82612348,0
-2.4908738,2.5187252,-0.10571599,-0.75840348,0.65019441,-0.045514226,0
-0.83609211,-0.30577716,-0.48776925,-0.51882863,-0.64449084,-0.56164807,0
0.66443419,0.89750969,0.045679748,0.39451393,0.40234166,-0.82612348,0
-0.22885847,-0.89187253,-0.67462468,-0.51882863,-0.64449084,-0.56164807,0
-3.1936262,1.5516552,-0.48730493,-0.51882863,-0.64449084,-0.56164807,0
2.442368,-2.6168926,-0.83286834,0.39451393,0.40234166,-0.82612348,0
-2.2291923,0.41138864,-0.3551569,-0.51882863,-0.64449084,-0.56164807,0
-2.8234363,2.2523408,0.2045567,-0.75840348,0.65019441,-0.045514226,0
-2.1747191,2.8601184,0.20744228,-0.75840348,0.65019441,-0.045514226,0
1.660212,-0.93162841,0.99784398,-0.39451393,-0.40234166,0.82612348,0
-2.3161654,0.61848104,-0.099581957,-0.39451393,-0.40234166,0.82612348,0
-1.3551372,0.099633992,-0.74272287,-0.51882863,-0.64449084,-0.56164807,0
2.5034442,-1.4961007,0.96162057,-0.39451393,-0.40234166,0.82612348,0
0.52510071,-1.260079,-0.80554366,-0.51882863,-0.64449084,-0.56164807,0
0.98270321,-1.2537124,0.4306885,-0.39451393,-0.40234166,0.82612348,0
1.6171443,-2.5792263,-0.19624138,-0.51882863,-0.64449084,-0.56164807,0
0.65118623,-0.47942102,-0.5001955,0.39451393,0.40234166,-0.82612348,0
2.7991803,-1.9549363,0.83574224,0.75840348,-0.65019441,0.045514226,0
-1.7133696,2.8569148,-0.033793449,0.39451393,0.40234166,-0.82612348,0
2.0771694,-2.176352,0.60651469,-0.39451393,-0.40234166,0.82612348,0
2.3926127,-1.7864051,0.91435385,-0.39451393,-0.40234166,0.82612348,0
0.49216849,-0.47874016,-0.58141053,0.39451393,0.40234166,-0.82612348,0
-1.6887084,1.5570114,-0.71138692,0.39451393,0.40234166,-0.82612348,0
-0.32761574,1.2857728,0.46587282,0.51882863,0.64449084,0.56164807,0
-1.0518878,0.69656044,-0.770702,0.39451393,0.40234166,-0.82612348,0
0.44339859,-1.645828,-0.38591135,-0.51882863,-0.64449084,-0.56164807,0
0.95483565,-1.733592,-0.59928262,-0.51882863,-0.64449084,-0.56164807,0
-2.4343002,2.5191998,-0.18958735,-0.75840348,0.65019441,-0.045514226,0
3.3309128,-1.3181458,0.37175417,0.51882863,0.64449084,0.56164807,0
3.0189614,-1.6955962,0.55094552,0.75840348,-0.65019441,0.045514226,0
-0.77398139,1.0017689,0.61558467,-0.39451393,-0.40234166,0.82612348,0
1.9537337,-1.5362346,-0.52932477,0.39451393,0.40234166,-0.82612348,0
-1.5309997,2.3879457,-0.20776057,0.39451393,0.40234166,-0.82612348,0
-2.1499527,1.6914033,0.41936564,-0.39451393,-0.40234166,0.82612348,0
-2.6313384,2.3623557,0.42448568,-0.75840348,0.65019441,-0.045514226,0
-2.3743556,2.5761318,-0.12488508,-0.75840348,0.65019441,-0.045514226,0
-2.6020639,2.4563138,0.23234963,-0.75840348,0.65019441,-0.045514226,0
-1.2521518,-0.36288905,-0.213902,-0.51882863,-0.64449084,-0.56164807,0
0.1867786,0.98273039,-0.1407492,0.39451393,0.40234166,-0.82612348,0
-1.4493185,1.5837753,-0.56019723,0.39451393,0.40234166,-0.82612348,0
-3.2039254,1.5246694,-0.24064898,-0.75840348,0.65019441,-0.045514226,0
-1.4339683,2.1517749,0.56541717,0.51882863,0.64449084,0.56164807,0
2.0639334,-0.73249811,0.7828182,0.51882863,0.64449084,0.56164807,0
2.4542007,-2.4125197,0.29186487,0.75840348,-0.65019441,0.045514226,0
0.40210307,-1.7821382,-0.21741569,-0.51882863,-0.64449084,-0.56164807,0
-2.1203806,0.41371822,-0.33838177,-0.51882863,-0.64449084,-0.56164807,0
2.9911821,-1.9880209,0.073399782,0.75840348,-0.65019441,0.045514226,0
-2.2278299,1.1787354,-0.94805217,-0.51882863,-0.64449084,-0.56164807,0
0.51974672,0.68115366,0.49112016,0.51882863,0.64449084,0.56164807,0
2.7887707,-0.88831639,0.21856332,0.39451393,0.40234166,-0.82612348,0
1.6942439,-0.63193917,-0.22149253,0.39451393,0.40234166,-0.82612348,0
2.9500756,-1.5849309,0.81760025,0.51882863,0.64449084,0.56164807,0
-2.4224486,2.6347821,-0.38854384,-0.75840348,0.65019441,-0.045514226,0
0.83471155,-1.6789422,0.21360004,-0.39451393,-0.40234166,0.82612348,0
-1.3533199,2.1988451,-0.22547865,0.39451393,0.40234166,-0.82612348,0
-2.7622154,2.2196114,-0.043818235,-0.75840348,0.65019441,-0.045514226,0
1.1982073,-1.2501802,0.68219531,-0.39451393,-0.40234166,0.82612348,0
-2.8225238,2.045475,0.15045357,-0.75840348,0.65019441,-0.045514226,0
2.5195322,-2.5667844,-0.094119072,0.75840348,-0.65019441,0.045514226,0
2.3428893,-2.6989169,0.36990929,0.75840348,-0.65019441,0.045514226,0
-3.0286536,1.7060773,-0.24540973,-0.75840348,0.65019441,-0.045514226,0
-1.4982593,0.5562948,-0.92207146,-0.51882863,-0.64449084,-0.56164807,0
1.2637604,-2.2079926,-0.28158164,-0.51882863,-0.64449084,-0.56164807,0
2.2323442,-2.7754617,-0.47235155,0.75840348,-0.65019441,0.045514226,0
-3.2531104,1.5857524,-0.50030184,-0.51882863,-0.64449084,-0.56164807,0
-2.3199987,2.7979269,0.67338085,-0.75840348,0.65019441,-0.045514226,0
-2.8552375,1.967194,-0.02413106,-0.75840348,0.65019441,-0.045514226,0
-2.118494,0.8985638,-0.064507723,-0.39451393,-0.40234166,0.82612348,0
-1.1672698,0.91984075,-0.59451222,0.39451393,0.40234166,-0.82612348,0
-1.3336118,1.9673246,0.72894454,0.51882863,0.64449084,0.56164807,0
-0.90855163,-0.29655847,-0.48339367,-0.51882863,-0.64449084,-0.56164807,0
-2.1375518,0.70193195,-0.022918701,-0.39451393,-0.40234166,0.82612348,0
1.8062227,-0.95461965,0.96136415,-0.39451393,-0.40234166,0.82612348,0
-0.11081088,1.1390973,-0.083305806,0.39451393,0.40234166,-0.82612348,0
-0.22369373,-1.1559447,-0.079668373,-0.39451393,-0.40234166,0.82612348,0
-2.8215699,2.2263119,-0.15511823,-0.75840348,0.65019441,-0.045514226,0
-2.1799026,2.9432292,-0.080254793,-0.75840348,0.65019441,-0.045514226,0
-1.779758,0.80602503,-1.0659128,0.39451393,0.40234166,-0.82612348,0
-2.6546831,2.3016384,0.33918548,-0.75840348,0.65019441,-0.045514226,0
2.7034063,-2.0830214,0.24920249,0.75840348,-0.65019441,0.045514226,0
-0.24215829,-1.240531,-0.29169852,-0.51882863,-0.64449084,-0.56164807,0
-2.8541005,2.1813374,-0.11957455,-0.75840348,0.65019441,-0.045514226,0
2.9682915,-1.8704581,1.0123007,0.75840348,-0.65019441,0.045514226,0
1.798874,-2.2716496,-0.72426081,-0.51882863,-0.64449084,-0.56164807,0
2.6679966,-2.196393,0.010668993,0.75840348,-0.65019441,0.045514226,0
-2.9968719,1.9280775,-0.29384446,-0.75840348,0.65019441,-0.045514226,0
1.259156,-2.1076779,-0.55145812,-0.51882863,-0.64449084,-0.56164807,0
-1.1727632,1.5233834,-0.45050609,0.39451393,0.40234166,-0.82612348,0
2.5887649,-2.3136322,-0.28721356,0.75840348,-0.65019441,0.045514226,0
2.3320887,-0.73628545,0.56484294,0.51882863,0.64449084,0.56164807,0
-2.32587,2.7497578,0.17250657,-0.75840348,0.65019441,-0.045514226,0
2.1376357,-1.6635184,0.74260998,-0.39451393,-0.40234166,0.82612348,0
2.7963133,-2.0754519,0.099752188,0.75840348,-0.65019441,0.045514226,0
-2.6704731,2.1537924,0.29544663,-0.75840348,0.65019441,-0.045514226,0
0.46174943,0.32227042,1.0380297,-0.39451393,-0.40234166,0.82612348,0
2.3778648,-2.6326244,-0.15761876,0.75840348,-0.65019441,0.045514226,0
1.4313004,-1.2801079,-0.57450438,0.39451393,0.40234166,-0.82612348,0
-3.192281,1.6479213,-0.84885716,-0.51882863,-0.64449084,-0.56164807,0
0.073799372,0.27334255,0.87432694,-0.39451393,-0.40234166,0.82612348,0
-2.3177574,2.0219624,0.53801084,-0.39451393,-0.40234166,0.82612348,0
-1.9389,1.9351478,0.55140209,-0.39451393,-0.40234166,0.82612348,0
2.4660947,-2.6480546,0.083740234,0.75840348,-0.65019441,0.045514226,0
2.7496104,-2.2307231,0.041457176,0.75840348,-0.65019441,0.045514226,0
-2.4593649,2.3401,-0.55501246,-0.75840348,0.65019441,-0.045514226,0
-1.2504783,1.6909128,0.74494457,-0.39451393,-0.40234166,0.82612348,0
0.35593581,-1.7354301,-0.090793669,-0.39451393,-0.40234166,0.82612348,0
-2.3497393,1.0765355,-0.92243862,-0.51882863,-0.64449084,-0.56164807,0
2.8434782,-1.9650387,0.93084049,0.75840348,-0.65019441,0.045514226,0
2.865201,-1.6485429,0.87457347,0.51882863,0.64449084,0.56164807,0
1.8677363,-2.5188336,-0.46463084,-0.51882863,-0.64449084,-0.56164807,0
0.75352108,-1.8649545,-0.25174212,-0.51882863,-0.64449084,-0.56164807,0
-2.3415799,1.7412691,0.43114328,-0.39451393,-0.40234166,0.82612348,0
1.6148348,-2.2917132,-0.62945104,-0.51882863,-0.64449084,-0.56164807,0
-2.3816581,2.6955235,-0.09782052,-0.75840348,0.65019441,-0.045514226,0
0.50803649,-1.9409976,-0.043486357,-0.51882863,-0.64449084,-0.56164807,0
1.6919674,-2.0448401,0.31220293,-0.39451393,-0.40234166,0.82612348,0
-1.5853817,0.58893102,0.11636794,-0.39451393,-0.40234166,0.82612348,0
-2.2554684,2.8448124,0.70287418,-0.75840348,0.65019441,-0.045514226,0
1.0188779,0.03218329,0.81618875,0.51882863,0.64449084,0.56164807,0
1.628018,-1.5841432,-0.55449009,0.39451393,0.40234166,-0.82612348,0
0.11606446,-0.82998598,0.19427712,-0.39451393,-0.40234166,0.82612348,0
2.8684931,-2.0799642,0.65245676,0.75840348,-0.65019441,0.045514226,0
2.2034938,-2.7801132,-0.56816792,0.75840348,-0.65019441,0.045514226,0
-0.061626315,-0.9920696,0.15092891,-0.39451393,-0.40234166,0.82612348,0
0.53209007,1.0014629,0.30565894,0.51882863,0.64449084,0.56164807,0
-1.03163,-0.38911372,-0.39602911,-0.51882863,-0.64449084,-0.56164807,0
2.4880273,-2.3491206,0.17733884,0.75840348,-0.65019441,0.045514226,0
-2.6269319,1.2920436,-0.9645803,-0.51882863,-0.64449084,-0.56164807,0
-3.2289519,1.3934295,-0.46964335,-0.51882863,-0.64449084,-0.56164807,0
-1.0264267,2.1890318,0.08618784,0.51882863,0.64449084,0.56164807,0
0.69104564,-0.84146392,-0.65111834,0.39451393,0.40234166,-0.82612348,0
-1.8715659,1.3924413,0.34014392,-0.39451393,-0.40234166,0.82612348,0
0.61848027,0.70076823,0.27856073,0.51882863,0.64449084,0.56164807,0
2.4000535,-2.1607516,-0.50151062,0.39451393,0.40234166,-0.82612348,0
-0.97080433,0.032946721,-0.94811255,-0.51882863,-0.64449084,-0.56164807,0
-2.7247319,2.2470088,0.32003951,-0.75840348,0.65019441,-0.045514226,0
2.5910733,-2.4047408,-0.33595037,0.75840348,-0.65019441,0.045514226,0
3.0929027,-1.8732636,0.65045714,0.75840348,-0.65019441,0.045514226,0
1.3833985,-0.58528739,1.0659183,-0.39451393,-0.40234166,0.82612348,0
-2.8832483,1.3912098,-0.64925599,-0.51882863,-0.64449084,-0.56164807,0
-2.4684186,0.78984416,-0.4612906,-0.51882863,-0.64449084,-0.56164807,0
-0.87449467,1.1197821,0.71942663,-0.39451393,-0.40234166,0.82612348,0
0.9024353,-1.8477957,-0.620103,-0.51882863,-0.64449084,-0.56164807,0
2.5873539,-2.5063932,-0.1988554,0.75840348,-0.65019441,0.045514226,0
-0.59847009,-0.25335974,-0.96631783,0.39451393,0.40234166,-0.82612348,0
0.55559599,-1.7112786,0.029203296,-0.39451393,-0.40234166,0.82612348,0
-2.752903,2.2190888,-0.47327089,-0.75840348,0.65019441,-0.045514226,0
3.2775981,-1.4452474,0.25892663,0.75840348,-0.65019441,0.045514226,0
1.6238601,-2.3110621,-0.62778449,-0.51882863,-0.64449084,-0.56164807,0
2.8047962,-1.0450261,0.15338993,0.39451393,0.40234166,-0.82612348,0
-1.6966145,2.4381998,0.67741323,0.51882863,0.64449084,0.56164807,0
2.8130417,-2.1655602,0.49014807,0.75840348,-0.65019441,0.045514226,0
1.5663376,-2.7120285,-0.12838459,-0.51882863,-0.64449084,-0.56164807,0
0.36509514,-1.1117504,-0.87653506,-0.51882863,-0.64449084,-0.56164807,0
3.1781209,-1.3358934,0.40045238,0.51882863,0.64449084,0.56164807,0
2.7846284,-1.9627781,0.90849614,0.75840348,-0.65019441,0.045514226,0
2.1204967,-2.9132814,-0.36053658,0.75840348,-0.65019441,0.045514226,0
2.2560854,-2.8851919,-0.48384666,0.75840348,-0.65019441,0.045514226,0
1.7462164,-0.605322,0.74886203,0.51882863,0.64449084,0.56164807,0
-1.9561949,2.6762526,0.43995571,0.51882863,0.64449084,0.56164807,0
1.3628966,-2.3478103,-0.37352335,-0.51882863,-0.64449084,-0.56164807,0
-2.862561,2.0575709,0.1685288,-0.75840348,0.65019441,-0.045514226,0
0.040075004,0.24860525,-0.56873095,0.39451393,0.40234166,-0.82612348,0
-1.8901838,0.23942035,-0.43400693,-0.51882863,-0.64449084,-0.56164807,0
2.4717221,-2.4468961,-0.0034294128,0.75840348,-0.65019441,0.045514226,0
0.99011254,-2.0970554,0.066413045,-0.39451393,-0.40234166,0.82612348,0
-0.40654421,-1.0891852,-0.32080394,-0.51882863,-0.64449084,-0.56164807,0
-1.8156928,0.0048011541,-0.26927483,-0.51882863,-0.64449084,-0.56164807,0
-2.6354978,2.3804262,0.13160396,-0.75840348,0.65019441,-0.045514226,0
2.9900737,-1.8653972,-0.040713549,0.75840348,-0.65019441,0.045514226,0
-0.96047664,1.2830564,0.67785513,-0.39451393,-0.40234166,0.82612348,0
-2.7405992,2.1851246,-0.80023932,-0.75840348,0.65019441,-0.045514226,0
-1.3733133,-0.24639052,-0.25729382,-0.51882863,-0.64449084,-0.56164807,0
-1.9722157,2.2872567,0.81765866,-0.39451393,-0.40234166,0.82612348,0
2.4157329,-2.4299419,-0.22380376,0.75840348,-0.65019441,0.045514226,0
-1.742162,1.2283734,-0.92892587,0.39451393,0.40234166,-0.82612348,0
1.0525877,-2.1661973,0.06946969,-0.39451393,-0.40234166,0.82612348,0
-2.7765882,2.0309882,-0.47531414,-0.75840348,0.65019441,-0.045514226,0
1.9734286,-1.1609511,1.0375091,-0.39451393,-0.40234166,0.82612348,0
-2.7416568,2.1315777,-0.67688298,-0.75840348,0.65019441,-0.045514226,0
-0.38013744,1.0570714,0.94663703,0.51882863,0.64449084,0.56164807,0
-2.2802539,2.7504241,0.62735295,-0.75840348,0.65019441,-0.045514226,0
-1.941018,0.33592153,-0.13537431,-0.39451393,-0.40234166,0.82612348,0
-2.5338337,2.2789667,-0.33457279,-0.75840348,0.65019441,-0.045514226,0
2.9464645,-2.0399497,0.21320081,0.75840348,-0.65019441,0.045514226,0
2.4723797,-2.4034963,-0.41742682,0.75840348,-0.65019441,0.045514226,0
-2.2933657,0.9972617,-0.77703762,-0.51882863,-0.64449084,-0.56164807,0
1.9300282,-2.0867631,-0.67047238,0.39451393,0.40234166,-0.82612348,0
2.0682342,-1.6327927,-0.46598482,0.39451393,0.40234166,-0.82612348,0
-2.8887854,1.5895033,-1.0990894,-0.51882863,-0.64449084,-0.56164807,0
0.14233112,1.2028495,0.18983284,0.51882863,0.64449084,0.56164807,0
-1.529101,-0.1220808,-0.39023507,-0.51882863,-0.64449084,-0.56164807,0
2.5358279,-2.4618912,0.20331812,0.75840348,-0.65019441,0.045514226,0
-0.91525334,1.2388657,-0.54602325,0.39451393,0.40234166,-0.82612348,0
2.9569943,-1.7170916,0.94845915,0.51882863,0.64449084,0.56164807,0
3.370863,-1.5257351,0.2709868,0.75840348,-0.65019441,0.045514226,0
2.9694433,-1.4490643,0.63936281,0.51882863,0.64449084,0.56164807,0
-1.6947153,2.4940825,0.53463054,0.51882863,0.64449084,0.56164807,0
-0.68337166,0.44045955,0.51343536,-0.39451393,-0.40234166,0.82612348,0
-0.14182365,-1.1946706,-0.21877995,-0.51882863,-0.64449084,-0.56164807,0
3.2448797,-1.5931931,0.32040954,0.75840348,-0.65019441,0.045514226,0
-1.380483,2.491621,-0.12197661,0.39451393,0.40234166,-0.82612348,0
-1.7098979,2.7219443,0.13586068,0.51882863,0.64449084,0.56164807,0
1.7266133,-0.4670566,0.8894155,0.51882863,0.64449084,0.56164807,0
-2.0778682,0.40075338,-0.12716413,-0.39451393,-0.40234166,0.82612348,0
-1.9619411,1.5511823,-0.69121838,0.39451393,0.40234166,-0.82612348,0
-2.9202323,1.3368242,-0.52088475,-0.51882863,-0.64449084,-0.56164807,0
1.2576398,-0.80563974,0.69781768,-0.39451393,-0.40234166,0.82612348,0
-2.8034682,2.041795,0.019927979,-0.75840348,0.65019441,-0.045514226,0
1.5361612,0.216497,0.12383854,0.39451393,0.40234166,-0.82612348,0
0.34356844,-0.41021535,-0.58211803,0.39451393,0.40234166,-0.82612348,0
3.0712118,-1.6345282,0.79950333,0.51882863,0.64449084,0.56164807,0
2.8192623,-2.132987,0.12259746,0.75840348,-0.65019441,0.045514226,0
-1.0965245,1.0729164,-0.64481175,0.39451393,0.40234166,-0.82612348,0
1.8260292,-2.4611804,-0.66674685,-0.51882863,-0.64449084,-0.56164807,0
0.40299463,-0.35451061,-0.53563368,0.39451393,0.40234166,-0.82612348,0
-2.1203699,0.73098028,-0.016857147,-0.39451393,-0.40234166,0.82612348,0
-1.3279276,0.94188333,-0.86533487,0.39451393,0.40234166,-0.82612348,0
2.1975436,-2.9629693,-0.042979717,0.75840348,-0.65019441,0.045514226,0
-3.1278143,1.8083111,-0.97495294,-0.75840348,0.65019441,-0.045514226,0
0.83802783,-1.6183542,-0.87113726,-0.51882863,-0.64449084,-0.56164807,0
1.843096,-1.5081224,-0.42102194,0.39451393,0.40234166,-0.82612348,0
2.925107,-2.0729918,-0.1166966,0.75840348,-0.65019441,0.045514226,0
0.93979889,-0.93435693,-0.61617112,0.39451393,0.40234166,-0.82612348,0
1.6296507,-0.57574904,0.84889841,0.51882863,0.64449084,0.56164807,0
-0.72715926,1.3900174,0.84610617,0.51882863,0.64449084,0.56164807,0
2.2220674,-2.5832169,-0.84016013,-0.51882863,-0.64449084,-0.56164807,0
1.5329429,-1.4473232,-0.65114915,0.39451393,0.40234166,-0.82612348,0
1.6097718,-2.3674405,-0.39411259,-0.51882863,-0.64449084,-0.56164807,0
0.59422433,-0.11711317,-0.3081646,0.39451393,0.40234166,-0.82612348,0
-0.53596914,-0.16297305,-0.94612366,0.39451393,0.40234166,-0.82612348,0
0.35736418,0.21776387,0.87805676,-0.39451393,-0.40234166,0.82612348,0
2.8532028,-1.8530833,0.75454164,0.75840348,-0.65019441,0.045514226,0
2.9741921,-1.7247152,0.63663197,0.75840348,-0.65019441,0.045514226,0
0.70279676,0.81541955,0.17177072,0.51882863,0.64449084,0.56164807,0
0.97471333,-0.85308957,0.65285623,-0.39451393,-0.40234166,0.82612348,0
2.1482024,-2.9927833,-0.18692946,0.75840348,-0.65019441,0.045514226,0
-2.0321388,2.94364,-0.16305757,-0.75840348,0.65019441,-0.045514226,0
2.0882254,-0.7277956,0.63474298,0.51882863,0.64449084,0.56164807,0
2.8793092,-0.95223713,0.33040404,0.51882863,0.64449084,0.56164807,0
1.6996517,-0.86842835,-0.27099323,0.39451393,0.40234166,-0.82612348,0
2.4524646,-2.5445015,0.34796476,0.75840348,-0.65019441,0.045514226,0
2.2454655,-2.8175378,-0.57252288,0.75840348,-0.65019441,0.045514226,0
-2.0361626,2.8586166,-0.20784116,-0.75840348,0.65019441,-0.045514226,0
-2.4573276,2.4977052,-0.49472976,-0.75840348,0.65019441,-0.045514226,0
-2.5701468,2.3296366,-0.43263698,-0.75840348,0.65019441,-0.045514226,0
-2.032315,0.7918222,-0.96939313,-0.51882863,-0.64449084,-0.56164807,0
-1.9161693,0.97566044,-1.0973803,-0.51882863,-0.64449084,-0.56164807,0
-0.59553063,0.14196441,0.30011469,-0.39451393,-0.40234166,0.82612348,0
-2.2891326,2.7336738,-0.051096916,-0.75840348,0.65019441,-0.045514226,0
1.7776749,-2.8245945,-0.025281668,-0.51882863,-0.64449084,-0.56164807,0
1.8740536,-3.0482311,-0.13858724,-0.51882863,-0.64449084,-0.56164807,0
2.219157,-2.8283517,-0.51688933,-0.51882863,-0.64449084,-0.56164807,0
-2.4256732,2.6685934,0.43738508,-0.75840348,0.65019441,-0.045514226,0
-0.93238229,-0.42476141,-0.072187543,-0.39451393,-0.40234166,0.82612348,0
1.9050463,-2.5976558,0.16010904,-0.39451393,-0.40234166,0.82612348,0
1.3662924,-0.085512459,0.62632418,0.51882863,0.64449084,0.56164807,0
2.7451289,-2.2256985,0.12361455,0.75840348,-0.65019441,0.045514226,0
0.86247897,-2.0132046,-0.34158802,-0.51882863,-0.64449084,-0.56164807,0
0.15026665,-1.1100945,-0.59655708,-0.51882863,-0.64449084,-0.56164807,0
-2.0460756,2.5344493,0.87708449,0.51882863,0.64449084,0.56164807,0
0.30408859,1.1263762,0.28472269,0.51882863,0.64449084,0.56164807,0
-1.7621926,0.62135679,-0.90286863,-0.51882863,-0.64449084,-0.56164807,0
-0.92220074,0.12002361,0.25126004,-0.39451393,-0.40234166,0.82612348,0
-0.47228456,1.399415,0.63019502,0.51882863,0.64449084,0.56164807,0
-3.0027909,1.8766949,-0.91411304,-0.75840348,0.65019441,-0.045514226,0
-2.06528,1.1002176,0.033854961,-0.39451393,-0.40234166,0.82612348,0
3.1205668,-1.7418237,0.77725363,0.75840348,-0.65019441,0.045514226,0
-1.4840997,-0.16977078,-0.066525102,-0.39451393,-0.40234166,0.82612348,0
-2.5085652,1.7624025,-0.89021254,0.39451393,0.40234166,-0.82612348,0
