0.52695471,0.076399386,-1.0572267,0.45350683,-0.45967448,-0.76356471,0
-0.29108903,-0.72063428,0.5987314,-0.38978183,-0.8727501,0.29390073,0
-0.71019453,-0.45717978,0.98923665,-0.38978183,-0.8727501,0.29390073,0
0.73025489,-0.26411182,-0.68542731,0.45350683,-0.45967448,-0.76356471,0
0.47087836,-0.6527679,0.18512218,0.80149972,-0.16433752,0.5749709,0
0.033706129,0.94715708,0.68840373,-0.45350683,0.45967448,0.76356471,0
-0.03338635,-0.93767273,0.69170314,-0.38978183,-0.8727501,0.29390073,0
-0.45547014,0.30521238,0.96621847,-0.45350683,0.45967448,0.76356471,0
-0.31016725,-0.81612223,0.30674702,-0.38978183,-0.8727501,0.29390073,0
0.51295996,-0.0048726797,0.25667202,0.80149972,-0.16433752,0.5749709,0
-0.52466619,0.86109555,-0.056279361,-0.80149972,0.16433752,-0.5749709,0
0.74084914,0.83087867,0.17840266,0.80149972,-0.16433752,0.5749709,0
0.0047561675,-1.1649553,-0.19435871,-0.38978183,-0.8727501,0.29390073,0
0.84300089,0.5546813,-0.38236988,0.38978183,0.8727501,-0.29390073,0
-0.15554154,0.69240099,0.67325354,-0.45350683,0.45967448,0.76356471,0
-0.67142868,-0.87983656,-0.054470778,-0.80149972,0.16433752,-0.5749709,0
-0.39305031,0.3369109,0.79035181,-0.45350683,0.45967448,0.76356471,0
-0.54547417,0.29436505,-0.0068067759,-0.80149972,0.16433752,-0.5749709,0
0.27060121,-0.76739025,0.38028327,0.80149972,-0.16433752,0.5749709,0
0.51738,-0.23554279,0.042032719,0.80149972,-0.16433752,0.5749709,0
-0.26441038,1.1356117,-0.080610514,0.38978183,0.8727501,-0.29390073,0
0.266862,-0.17280394,0.53499758,0.80149972,-0.16433752,0.5749709,0
0.027013004,0.43029815,1.096477,0.80149972,-0.16433752,0.5749709,0
0.19894761,-0.24576026,-1.1652437,0.45350683,-0.45967448,-0.76356471,0
-0.0012884736,1.1674833,0.39840603,0.38978183,0.8727501,-0.29390073,0
0.7284776,0.83416849,-0.13111544,0.38978183,0.8727501,-0.29390073,0
0.080956385,-1.2214118,-0.073995471,-0.38978183,-0.8727501,0.29390073,0
-0.62654918,0.42971554,0.78455037,-0.45350683,0.45967448,0.76356471,0
-0.24193412,-0.33672804,-0.71539062,-0.80149972,0.16433752,-0.5749709,0
-0.09954083,-0.56362826,-0.93853337,-0.80149972,0.16433752,-0.5749709,0
0.42175257,0.76973563,-0.80687702,0.38978183,0.8727501,-0.29390073,0
0.51304048,0.70151311,-0.74171948,0.38978183,0.8727501,-0.29390073,0
0.50942475,-0.59863913,-0.14163664,0.80149972,-0.16433752,0.5749709,0
1.080163,0.49320847,-0.78771073,0.38978183,0.8727501,-0.29390073,0
-0.34587646,-1.1701579,-0.52226365,-0.38978183,-0.8727501,0.29390073,0
0.27997375,-0.99562848,-0.53515804,0.45350683,-0.45967448,-0.76356471,0
0.091076523,1.2673353,0.35167062,0.38978183,0.8727501,-0.29390073,0
0.49638876,-0.52571458,-0.58085024,0.45350683,-0.45967448,-0.76356471,0
-0.49784693,-0.36662146,-0.21335316,-0.80149972,0.16433752,-0.5749709,0
0.34474045,0.25916263,0.32040852,0.80149972,-0.16433752,0.5749709,0
0.72698253,0.18221493,0.039690912,0.80149972,-0.16433752,0.5749709,0
0.18719649,-0.39429498,0.50127321,0.80149972,-0.16433752,0.5749709,0
-0.045444697,1.2963068,0.062554479,0.38978183,0.8727501,-0.29390073,0
-0.23904797,-0.92237854,0.12419498,-0.38978183,-0.8727501,0.29390073,0
0.87107199,0.51490211,-0.47774142,0.38978183,0.8727501,-0.29390073,0
0.26905334,0.22880971,-1.3113394,0.45350683,-0.45967448,-0.76356471,0
-0.15086603,-0.34494796,-0.65525007,-0.80149972,0.16433752,-0.5749709,0
-1.0773588,-0.52506459,0.38253176,-0.80149972,0.16433752,-0.5749709,0
-0.6218785,-1.0195606,-0.20622396,-0.38978183,-0.8727501,0.29390073,0
0.23884863,0.68764949,-0.72031981,0.38978183,0.8727501,-0.29390073,0
-0.38874894,-0.43867344,1.2459134,-0.38978183,-0.8727501,0.29390073,0
-0.33220163,0.76072472,-0.16084,-0.80149972,0.16433752,-0.5749709,0
0.93401337,0.40589616,-0.67901087,0.38978183,0.8727501,-0.29390073,0
-0.59116113,0.84499913,0.064368755,-0.80149972,0.16433752,-0.5749709,0
-0.20838213,-0.83024061,0.77378702,-0.38978183,-0.8727501,0.29390073,0
-0.73106629,-0.34369862,1.0999017,-0.38978183,-0.8727501,0.29390073,0
0.51463223,-0.80172783,-0.63700974,0.45350683,-0.45967448,-0.76356471,0
-0.11825764,0.5733034,0.95027632,-0.45350683,0.45967448,0.76356471,0
-0.83557975,-0.54304105,0.56183898,-0.38978183,-0.8727501,0.29390073,0
0.036722422,-0.89590299,0.54144496,0.80149972,-0.16433752,0.5749709,0
-0.46517634,-0.43735099,-0.44145167,-0.80149972,0.16433752,-0.5749709,0
-0.0073752999,-0.69841868,-0.95970678,0.45350683,-0.45967448,-0.76356471,0
0.16704106,0.42426884,-0.83853018,-0.80149972,0.16433752,-0.5749709,0
-0.62641841,-0.27958837,-0.1054613,-0.80149972,0.16433752,-0.5749709,0
-0.22011679,-0.65738064,1.0891989,-0.38978183,-0.8727501,0.29390073,0
0.53637773,-1.0172106,-0.41910499,0.45350683,-0.45967448,-0.76356471,0
-0.36056098,1.3851489,0.068367004,0.38978183,0.8727501,-0.29390073,0
-0.59516758,-0.63907462,0.62369871,-0.38978183,-0.8727501,0.29390073,0
-0.30943078,-0.32770973,1.2120768,0.80149972,-0.16433752,0.5749709,0
-0.28576314,1.2690275,0.40860218,-0.45350683,0.45967448,0.76356471,0
0.47621092,1.0699688,0.32316506,0.38978183,0.8727501,-0.29390073,0
-0.39403766,0.74649012,0.70270789,-0.45350683,0.45967448,0.76356471,0
0.89819044,-0.2386826,-0.63096946,0.45350683,-0.45967448,-0.76356471,0
-1.1879779,-0.25359011,0.5879342,-0.80149972,0.16433752,-0.5749709,0
-0.43336999,-0.75270957,0.91078007,-0.38978183,-0.8727501,0.29390073,0
-0.56333613,-0.37927151,-0.29484791,-0.80149972,0.16433752,-0.5749709,0
0.95606136,-0.094154283,-0.55693793,0.45350683,-0.45967448,-0.76356471,0
-0.016147017,-0.0494681,0.79722714,0.80149972,-0.16433752,0.5749709,0
0.38560474,0.68457109,-1.0689509,-0.80149972,0.16433752,-0.5749709,0
0.21211892,1.3331128,0.75275838,0.38978183,0.8727501,-0.29390073,0
0.23753291,-0.93768752,-0.56159657,0.45350683,-0.45967448,-0.76356471,0
-0.69573534,-0.82536256,-0.18125784,-0.80149972,0.16433752,-0.5749709,0
0.0066465586,1.1989882,0.29870105,0.38978183,0.8727501,-0.29390073,0
0.053382248,-0.66203606,0.53447229,0.80149972,-0.16433752,0.5749709,0
-0.68708104,-0.041012406,0.88291645,-0.45350683,0.45967448,0.76356471,0
0.33827719,0.89735258,-0.53656155,0.38978183,0.8727501,-0.29390073,0
-0.51713175,0.026227027,-0.23738936,-0.80149972,0.16433752,-0.5749709,0
0.028361619,-0.46434742,0.81206775,0.80149972,-0.16433752,0.5749709,0
0.39478159,0.21654946,-1.2998602,0.45350683,-0.45967448,-0.76356471,0
0.22239056,-1.159004,-0.44800371,0.45350683,-0.45967448,-0.76356471,0
-0.58701271,-0.10966778,1.1434622,-0.45350683,0.45967448,0.76356471,0
-0.68834072,0.56286287,0.20854349,-0.80149972,0.16433752,-0.5749709,0
0.48034179,0.35375148,0.1894266,0.80149972,-0.16433752,0.5749709,0
0.72605759,-0.015049815,-0.99700922,0.45350683,-0.45967448,-0.76356471,0
0.14060622,0.96298152,-0.51113224,0.38978183,0.8727501,-0.29390073,0
-0.90123188,-0.60010374,0.29294789,-0.38978183,-0.8727501,0.29390073,0
-0.1277881,1.1414951,-0.1553961,0.38978183,0.8727501,-0.29390073,0
-1.0351729,-0.47536162,0.47104895,-0.38978183,-0.8727501,0.29390073,0
-0.89410347,-0.017412737,0.52904761,-0.80149972,0.16433752,-0.5749709,0
-0.80213976,-0.12238485,1.0059386,-0.45350683,0.45967448,0.76356471,0
-0.59377742,-0.27320755,-0.2870217,-0.80149972,0.16433752,-0.5749709,0
0.71188456,0.4226613,-1.1051407,0.45350683,-0.45967448,-0.76356471,0
-0.040153712,1.1257541,-0.33026612,0.38978183,0.8727501,-0.29390073,0
0.10192913,0.63522029,-0.85633504,-0.80149972,0.16433752,-0.5749709,0
0.089979231,-0.22753036,-0.90483987,-0.80149972,0.16433752,-0.5749709,0
0.11670566,-1.3291327,-0.21741223,-0.38978183,-0.8727501,0.29390073,0
-0.03506279,1.0329727,0.73033822,-0.45350683,0.45967448,0.76356471,0
-0.70897359,-0.78207147,0.12568104,-0.38978183,-0.8727501,0.29390073,0
0.21758693,-0.91388404,-0.63499635,0.45350683,-0.45967448,-0.76356471,0
0.23786342,0.90551102,-0.58142239,0.38978183,0.8727501,-0.29390073,0
-0.10487187,0.66171682,0.71811104,-0.45350683,0.45967448,0.76356471,0
0.84273505,-0.24881135,-0.54756135,0.45350683,-0.45967448,-0.76356471,0
-0.30851328,0.67468905,-0.11703321,-0.80149972,0.16433752,-0.5749709,0
-0.081037425,-1.0779461,-0.051614404,-0.38978183,-0.8727501,0.29390073,0
-0.87548685,-0.056719035,0.73529166,-0.45350683,0.45967448,0.76356471,0
-0.35075521,-0.87975693,0.55287415,-0.38978183,-0.8727501,0.29390073,0
0.6816535,0.7244513,-0.46135247,0.38978183,0.8727501,-0.29390073,0
-0.030737251,0.9499318,-0.35274196,0.38978183,0.8727501,-0.29390073,0
-0.22247992,1.1656109,0.00034916401,0.38978183,0.8727501,-0.29390073,0
0.8349852,0.47143379,-0.14701545,0.80149972,-0.16433752,0.5749709,0
-0.50673914,-0.42910177,1.3814309,-0.45350683,0.45967448,0.76356471,0
-1.0608457,-0.075683147,0.63034534,-0.80149972,0.16433752,-0.5749709,0
-1.0142314,0.20549886,0.67269564,-0.45350683,0.45967448,0.76356471,0
-0.3890357,0.009711951,-0.21780193,-0.80149972,0.16433752,-0.5749709,0
0.56263953,0.045405954,0.20841238,0.80149972,-0.16433752,0.5749709,0
-0.32987297,-0.87304425,-0.82544637,-0.80149972,0.16433752,-0.5749709,0
0.059808493,1.2508192,0.094367027,0.38978183,0.8727501,-0.29390073,0
-0.38751501,1.2180278,0.33705384,-0.45350683,0.45967448,0.76356471,0
-0.74259257,-0.57404011,0.38640732,-0.38978183,-0.8727501,0.29390073,0
0.48113406,0.75335366,-0.68671894,0.38978183,0.8727501,-0.29390073,0
-0.35909662,-0.95842719,-0.005843997,-0.38978183,-0.8727501,0.29390073,0
-0.61238921,-0.91138828,-0.15223277,-0.38978183,-0.8727501,0.29390073,0
0.59507012,-0.54878318,-0.56455654,0.45350683,-0.45967448,-0.76356471,0
-0.23407441,1.0558301,0.58474159,-0.45350683,0.45967448,0.76356471,0
-0.65715736,-0.28879464,1.0038919,-0.45350683,0.45967448,0.76356471,0
-0.55874896,0.64812917,0.65990078,-0.45350683,0.45967448,0.76356471,0
-0.42203695,0.82546699,0.51424646,-0.45350683,0.45967448,0.76356471,0
0.74773234,0.20671809,-1.040535,0.45350683,-0.45967448,-0.76356471,0
-0.54336834,-0.025858879,1.1170686,-0.45350683,0.45967448,0.76356471,0
-0.0045195818,-0.023446679,-0.94430041,-0.80149972,0.16433752,-0.5749709,0
0.74938637,-0.060658097,-0.69907528,0.45350683,-0.45967448,-0.76356471,0
-0.35112101,0.17208987,0.93464696,-0.45350683,0.45967448,0.76356471,0
-0.28657722,1.2323382,-0.28286964,-0.80149972,0.16433752,-0.5749709,0
-0.23974723,-0.59096003,1.1215255,0.80149972,-0.16433752,0.5749709,0
-0.29996383,-0.10189691,-0.32199231,-0.80149972,0.16433752,-0.5749709,0
-0.32989812,0.45654145,0.73506784,-0.45350683,0.45967448,0.76356471,0
0.41639993,-0.77786791,-0.69440019,0.45350683,-0.45967448,-0.76356471,0
-0.19860357,0.31993914,-0.64889002,-0.80149972,0.16433752,-0.5749709,0
0.31845975,0.16965055,-1.1350292,0.45350683,-0.45967448,-0.76356471,0
-0.66569579,-0.66054976,0.38121474,-0.38978183,-0.8727501,0.29390073,0
0.32348713,-0.7636528,0.18935266,0.80149972,-0.16433752,0.5749709,0
-0.41090423,-0.3227182,1.2004951,0.80149972,-0.16433752,0.5749709,0
0.045404702,1.3790054,0.54953659,-0.45350683,0.45967448,0.76356471,0
0.46632063,0.017168283,-1.1304837,0.45350683,-0.45967448,-0.76356471,0
-0.34489733,-0.91334105,-0.49315995,-0.80149972,0.16433752,-0.5749709,0
0.6675781,0.86346251,-0.10172331,0.38978183,0.8727501,-0.29390073,0
-0.016835481,1.1559737,-0.12543058,0.38978183,0.8727501,-0.29390073,0
-1.0100411,-0.44648483,0.39684433,-0.80149972,0.16433752,-0.5749709,0
-0.25845212,0.30770612,-0.37421647,-0.80149972,0.16433752,-0.5749709,0
0.085617065,0.097271025,0.62605536,0.80149972,-0.16433752,0.5749709,0
-0.97532558,-0.68571019,0.1471467,-0.38978183,-0.8727501,0.29390073,0
-0.60032284,0.6881488,0.16659927,-0.80149972,0.16433752,-0.5749709,0
-0.68861383,-0.45507994,0.81144172,-0.38978183,-0.8727501,0.29390073,0
-0.46726352,-0.74125165,0.32674092,-0.38978183,-0.8727501,0.29390073,0
-0.46438512,-0.85912389,-0.63391113,-0.80149972,0.16433752,-0.5749709,0
-0.69796968,0.41190416,0.74981052,-0.45350683,0.45967448,0.76356471,0
-0.78118634,-0.62581009,0.82987761,-0.38978183,-0.8727501,0.29390073,0
0.70301807,0.6053924,-0.37348187,0.38978183,0.8727501,-0.29390073,0
0.44330746,-0.48248199,-0.71624285,0.45350683,-0.45967448,-0.76356471,0
0.32381946,1.056886,0.45197535,0.38978183,0.8727501,-0.29390073,0
0.30563068,0.002707839,-1.2450882,0.45350683,-0.45967448,-0.76356471,0
0.33382595,0.78992105,-0.32177514,0.38978183,0.8727501,-0.29390073,0
-0.081150889,0.77443671,0.9029249,-0.45350683,0.45967448,0.76356471,0
-0.49010748,-1.1598618,-0.37089872,-0.38978183,-0.8727501,0.29390073,0
-0.013597846,-0.34396923,0.7053532,0.80149972,-0.16433752,0.5749709,0
-0.78643763,-0.5662573,0.46066737,-0.38978183,-0.8727501,0.29390073,0
-0.52936143,0.16855687,0.83681983,-0.45350683,0.45967448,0.76356471,0
-0.52865618,-0.28579581,1.171556,-0.45350683,0.45967448,0.76356471,0
-0.092597514,0.95946008,0.57365602,-0.45350683,0.45967448,0.76356471,0
-0.99550998,0.0029010922,0.66150391,-0.80149972,0.16433752,-0.5749709,0
0.59384269,-1.0244379,-0.44995821,0.45350683,-0.45967448,-0.76356471,0
-0.081639051,1.1780939,0.67265534,-0.45350683,0.45967448,0.76356471,0
0.65540993,0.711052,-0.65405905,0.38978183,0.8727501,-0.29390073,0
-0.74717122,0.01357582,0.32724231,-0.80149972,0.16433752,-0.5749709,0
0.94252008,0.38382918,-1.0779672,0.38978183,0.8727501,-0.29390073,0
-0.060520168,1.2808529,0.071092844,0.38978183,0.8727501,-0.29390073,0
0.13051084,-1.3108346,-0.066769123,-0.38978183,-0.8727501,0.29390073,0
0.16757071,0.40959567,-1.1421829,-0.80149972,0.16433752,-0.5749709,0
0.12968472,-1.3642414,-0.41600597,-0.38978183,-0.8727501,0.29390073,0
0.3211171,-0.62287396,-0.73982537,0.45350683,-0.45967448,-0.76356471,0
0.58693296,-0.078105867,-1.0125905,0.45350683,-0.45967448,-0.76356471,0
-0.16883892,0.67953837,0.69967103,-0.45350683,0.45967448,0.76356471,0
0.76525342,-0.61001873,-0.28552055,0.80149972,-0.16433752,0.5749709,0
0.28196782,-0.69823223,-0.70885789,0.45350683,-0.45967448,-0.76356471,0
-0.19874862,-1.2802947,-0.53480291,-0.38978183,-0.8727501,0.29390073,0
-0.61544496,-0.82885832,0.032990456,-0.38978183,-0.8727501,0.29390073,0
-0.27626699,-0.75591868,1.0654745,-0.38978183,-0.8727501,0.29390073,0
0.31293082,1.084796,0.57306015,0.80149972,-0.16433752,0.5749709,0
-0.11193219,1.2974802,0.16866064,0.38978183,0.8727501,-0.29390073,0
-0.39241105,0.39892074,-0.26630753,-0.80149972,0.16433752,-0.5749709,0
-0.39024481,0.36498013,-0.36010894,-0.80149972,0.16433752,-0.5749709,0
-0.33093566,-0.070212245,1.1480347,-0.45350683,0.45967448,0.76356471,0
0.28460258,-0.72120315,-0.733248,0.45350683,-0.45967448,-0.76356471,0
0.66358829,-0.35310823,-0.14332567,0.80149972,-0.16433752,0.5749709,0
-0.33071971,0.12697637,0.93239534,-0.45350683,0.45967448,0.76356471,0
0.045375109,-0.41706222,-1.0866401,0.45350683,-0.45967448,-0.76356471,0
0.14443806,0.36227354,0.68087149,0.80149972,-0.16433752,0.5749709,0
0.44819614,0.97264117,-0.081434965,0.38978183,0.8727501,-0.29390073,0
-0.63078117,0.6261543,0.55135381,-0.45350683,0.45967448,0.76356471,0
0.36838594,-0.51117504,0.21885087,0.80149972,-0.16433752,0.5749709,0
-0.60741949,0.027298868,0.93890482,-0.45350683,0.45967448,0.76356471,0
-0.95196831,0.11041368,0.63383371,-0.80149972,0.16433752,-0.5749709,0
-0.40480965,0.37431416,0.87997377,-0.45350683,0.45967448,0.76356471,0
-0.83046144,-0.069109112,0.17255872,-0.80149972,0.16433752,-0.5749709,0
-0.23534966,-0.75157809,0.74169427,-0.38978183,-0.8727501,0.29390073,0
0.33399624,1.0900762,0.34718609,0.38978183,0.8727501,-0.29390073,0
0.3316251,-0.61952621,-0.8601706,0.45350683,-0.45967448,-0.76356471,0
1.1147277,0.18966943,-0.76009309,0.45350683,-0.45967448,-0.76356471,0
-0.45934799,-0.23372927,-0.18053278,-0.80149972,0.16433752,-0.5749709,0
-0.15821937,-1.0576016,-0.046905518,-0.38978183,-0.8727501,0.29390073,0
1.1210215,0.019218817,-0.7048254,0.80149972,-0.16433752,0.5749709,0
-0.46941781,-0.36260432,1.196501,-0.45350683,0.45967448,0.76356471,0
-0.26376057,-0.4830212,1.035153,0.80149972,-0.16433752,0.5749709,0
-0.67626834,-0.81921107,-0.27946353,-0.80149972,0.16433752,-0.5749709,0
0.11603171,-1.0418633,0.30858672,-0.38978183,-0.8727501,0.29390073,0
-0.60407609,-0.82455283,0.31861401,-0.38978183,-0.8727501,0.29390073,0
0.51367795,0.83446771,-0.31863737,0.38978183,0.8727501,-0.29390073,0
0.08944878,0.96082944,-0.42081285,0.38978183,0.8727501,-0.29390073,0
0.53386503,-1.0917056,-0.2058149,0.80149972,-0.16433752,0.5749709,0
0.093233347,1.0386225,-0.082223296,0.38978183,0.8727501,-0.29390073,0
-0.19457775,0.77788389,0.69807661,-0.45350683,0.45967448,0.76356471,0
-0.24921262,0.71944964,0.77676499,-0.45350683,0.45967448,0.76356471,0
0.81322342,0.45467454,-0.6345492,0.38978183,0.8727501,-0.29390073,0
0.35032791,0.35075396,-1.2671553,0.45350683,-0.45967448,-0.76356471,0
-0.23172858,1.3139521,0.26774263,0.38978183,0.8727501,-0.29390073,0
-0.99412447,-0.37768245,0.62443209,-0.38978183,-0.8727501,0.29390073,0
0.31274933,-0.30422428,0.22215357,0.80149972,-0.16433752,0.5749709,0
0.52267534,0.67150706,-0.94202048,0.38978183,0.8727501,-0.29390073,0
-0.31600237,0.94436842,0.47355378,-0.45350683,0.45967448,0.76356471,0
0.16844615,1.1287237,-0.027333498,0.38978183,0.8727501,-0.29390073,0
-0.15814877,1.1236632,0.5884648,-0.45350683,0.45967448,0.76356471,0
0.24953124,-1.1244121,-0.5268079,0.45350683,-0.45967448,-0.76356471,0
-0.43990207,0.86553156,0.57362884,-0.45350683,0.45967448,0.76356471,0
0.7576645,0.66318589,0.090967536,0.80149972,-0.16433752,0.5749709,0
0.26347083,-0.30308652,0.38023993,0.80149972,-0.16433752,0.5749709,0
-0.26876861,-0.46535105,1.1507179,0.80149972,-0.16433752,0.5749709,0
0.93646747,0.55539,-0.28021288,0.38978183,0.8727501,-0.29390073,0
-0.24174984,-1.2325461,-0.48555529,-0.38978183,-0.8727501,0.29390073,0
-0.72354162,-0.827245,0.2905674,-0.38978183,-0.8727501,0.29390073,0
0.25808722,-0.3636263,-0.99958009,0.45350683,-0.45967448,-0.76356471,0
0.59616989,-0.9370122,-0.36546159,0.45350683,-0.45967448,-0.76356471,0
-0.49043983,-0.63459253,0.74061775,-0.38978183,-0.8727501,0.29390073,0
1.0165616,-0.27044868,-0.65981215,0.45350683,-0.45967448,-0.76356471,0
0.27754372,-0.37973827,0.21141869,0.80149972,-0.16433752,0.5749709,0
0.43469658,0.20113811,0.4643541,0.80149972,-0.16433752,0.5749709,0
-0.67392915,-0.73045087,0.3448652,-0.38978183,-0.8727501,0.29390073,0
-0.39571029,-1.0585128,-0.17275548,-0.38978183,-0.8727501,0.29390073,0
0.080158889,-0.46349514,-0.96915746,0.45350683,-0.45967448,-0.76356471,0
-0.51467007,-0.62708271,1.038074,-0.38978183,-0.8727501,0.29390073,0
-0.31290475,0.30307704,-0.21998851,-0.80149972,0.16433752,-0.5749709,0
0.55613369,-1.1643671,-0.22112983,0.45350683,-0.45967448,-0.76356471,0
1.0304378,-0.27805859,-0.52263391,0.45350683,-0.45967448,-0.76356471,0
0.56651264,-0.98327464,-0.16139704,0.80149972,-0.16433752,0.5749709,0
-0.93481779,-0.081294537,0.88174903,-0.45350683,0.45967448,0.76356471,0
-0.38521445,-0.99488962,-0.34994471,-0.38978183,-0.8727501,0.29390073,0
-0.089100331,0.94553477,-0.49450612,0.38978183,0.8727501,-0.29390073,0
0.033964962,-0.6218015,0.48850811,0.80149972,-0.16433752,0.5749709,0
0.88472867,0.62533867,-0.4637388,0.38978183,0.8727501,-0.29390073,0
0.20349053,-1.2748506,-0.32571256,-0.38978183,-0.8727501,0.29390073,0
-0.42009455,-0.96551448,0.023118615,-0.38978183,-0.8727501,0.29390073,0
-0.77048576,-0.65518439,0.39398313,-0.38978183,-0.8727501,0.29390073,0
-0.35893375,-0.96913415,-0.5409857,-0.80149972,0.16433752,-0.5749709,0
0.14809936,0.23241669,-1.1710749,-0.80149972,0.16433752,-0.5749709,0
0.15299964,0.86853349,0.94961739,-0.45350683,0.45967448,0.76356471,0
0.87440401,-0.23623592,-0.33497071,0.80149972,-0.16433752,0.5749709,0
0.36436573,0.83035779,-0.63574404,0.38978183,0.8727501,-0.29390073,0
-0.34693378,0.42048919,-0.095539585,-0.80149972,0.16433752,-0.5749709,0
1.0800785,-0.033098243,-0.53781396,0.80149972,-0.16433752,0.5749709,0
0.28952184,0.79875726,0.77616102,0.80149972,-0.16433752,0.5749709,0
-0.11500844,0.98300678,0.62058961,-0.45350683,0.45967448,0.76356471,0
-0.53737473,0.82582927,0.27445826,-0.80149972,0.16433752,-0.5749709,0
-0.029279053,1.2751253,0.41995585,-0.45350683,0.45967448,0.76356471,0
-0.37109435,1.1938967,0.38348418,-0.45350683,0.45967448,0.76356471,0
0.57565975,-1.1764389,-0.36685425,0.45350683,-0.45967448,-0.76356471,0
0.98308182,-0.11596823,-0.7223776,0.45350683,-0.45967448,-0.76356471,0
-0.44788498,-0.86376083,0.022574663,-0.38978183,-0.8727501,0.29390073,0
-0.47135317,0.28731915,0.95875847,-0.45350683,0.45967448,0.76356471,0
-0.27193916,-0.25936741,1.1746724,-0.45350683,0.45967448,0.76356471,0
-0.16400473,-1.0106205,0.23824346,-0.38978183,-0.8727501,0.29390073,0
-0.42327917,-0.87600261,0.46132863,-0.38978183,-0.8727501,0.29390073,0
0.13978523,0.86372817,0.76513904,-0.45350683,0.45967448,0.76356471,0
-0.38862234,-0.52277017,-0.62253284,-0.80149972,0.16433752,-0.5749709,0
0.83393061,-0.44710547,-0.58655679,0.80149972,-0.16433752,0.5749709,0
0.00088852644,0.67356068,0.94588232,-0.45350683,0.45967448,0.76356471,0
-0.90042657,-0.36807662,0.87983525,-0.38978183,-0.8727501,0.29390073,0
-0.63336456,-0.88274133,-0.091614366,-0.38978183,-0.8727501,0.29390073,0
-0.4001556,0.14216912,1.0308771,-0.45350683,0.45967448,0.76356471,0
-0.35757458,-0.079342306,1.1403544,-0.45350683,0.45967448,0.76356471,0
0.66129154,-0.70964348,-0.1657519,0.80149972,-0.16433752,0.5749709,0
-1.0611837,-0.39204702,0.99533677,-0.38978183,-0.8727501,0.29390073,0
0.22344649,0.72364277,-0.90328085,0.38978183,0.8727501,-0.29390073,0
0.29516703,-0.15993679,-1.1141624,0.45350683,-0.45967448,-0.76356471,0
-0.56648898,-0.29722124,1.1997073,-0.45350683,0.45967448,0.76356471,0
0.05577305,1.0471112,0.61431521,-0.45350683,0.45967448,0.76356471,0
0.62409127,-1.1418929,-0.20666409,0.45350683,-0.45967448,-0.76356471,0
-0.31295401,-0.51169366,1.1359206,-0.38978183,-0.8727501,0.29390073,0
0.027105004,0.9235428,-0.40015912,0.38978183,0.8727501,-0.29390073,0
0.29795924,0.93417138,0.078461409,0.38978183,0.8727501,-0.29390073,0
-0.20734179,0.09596622,1.0683305,-0.45350683,0.45967448,0.76356471,0
0.13637459,0.97396016,-0.65441942,0.38978183,0.8727501,-0.29390073,0
-0.15003705,-1.0180148,0.45517564,-0.38978183,-0.8727501,0.29390073,0
0.19977075,-0.29051757,-1.0122247,0.45350683,-0.45967448,-0.76356471,0
-0.61528659,-0.28594863,1.2463578,-0.45350683,0.45967448,0.76356471,0
-0.39479113,-0.98718899,-0.29882145,-0.38978183,-0.8727501,0.29390073,0
0.27268186,0.99721342,-0.0080711842,0.38978183,0.8727501,-0.29390073,0
1.08321,0.37694368,-0.52648723,0.80149972,-0.16433752,0.5749709,0
-0.58975768,0.92252654,0.20283145,-0.80149972,0.16433752,-0.5749709,0
0.24269541,1.0915747,0.27263188,0.38978183,0.8727501,-0.29390073,0
-0.35224366,-0.64070314,0.96609974,-0.38978183,-0.8727501,0.29390073,0
0.20011884,0.68839705,-1.0315177,0.38978183,0.8727501,-0.29390073,0
0.52822149,-0.67876369,-0.21563242,0.80149972,-0.16433752,0.5749709,0
0.26674351,0.84861666,0.60697377,0.80149972,-0.16433752,0.5749709,0
0.26143423,0.26922652,0.42968792,0.80149972,-0.16433752,0.5749709,0
-0.23172456,-0.59083891,1.1255062,0.80149972,-0.16433752,0.5749709,0
-0.72977042,-0.53640783,1.0178514,-0.38978183,-0.8727501,0.29390073,0
-0.35791105,-0.81093717,0.8419134,-0.38978183,-0.8727501,0.29390073,0
0.56539834,0.74318773,-0.14424956,0.38978183,0.8727501,-0.29390073,0
-0.4677729,-0.034179688,-0.23066753,-0.80149972,0.16433752,-0.5749709,0
-0.084362686,-1.1172774,-0.19404054,-0.38978183,-0.8727501,0.29390073,0
-0.074317336,1.0910244,-0.16172731,0.38978183,0.8727501,-0.29390073,0
0.32269782,-0.20447779,-0.99125129,0.45350683,-0.45967448,-0.76356471,0
0.56017655,-1.2047843,-0.30043381,0.45350683,-0.45967448,-0.76356471,0
0.096019864,0.29402602,0.81658375,0.80149972,-0.16433752,0.5749709,0
0.12336159,0.79727376,-0.61672652,0.38978183,0.8727501,-0.29390073,0
-0.33566085,-0.84280646,0.25037837,-0.38978183,-0.8727501,0.29390073,0
0.83163297,-0.48518443,-0.56933331,0.45350683,-0.45967448,-0.76356471,0
-0.45013654,-0.22194302,1.2256076,-0.45350683,0.45967448,0.76356471,0
-0.59537214,-0.89965218,0.12465549,-0.38978183,-0.8727501,0.29390073,0
0.067127526,1.0346977,0.70439851,-0.45350683,0.45967448,0.76356471,0
-0.5841257,-0.19395119,1.1674303,-0.45350683,0.45967448,0.76356471,0
0.3277781,0.18697727,-1.2378792,0.45350683,-0.45967448,-0.76356471,0
-0.050300539,-0.39654887,-0.79758048,-0.80149972,0.16433752,-0.5749709,0
-0.28188384,0.5198338,-0.22763252,-0.80149972,0.16433752,-0.5749709,0
-0.71779341,0.90085185,0.44355381,-0.45350683,0.45967448,0.76356471,0
-0.33895975,-0.80995679,0.84610784,-0.38978183,-0.8727501,0.29390073,0
-0.17114645,-0.79871833,0.70558125,-0.38978183,-0.8727501,0.29390073,0
0.47236645,-0.07995984,0.25476941,0.80149972,-0.16433752,0.5749709,0
-0.65360832,-0.68038929,-0.202124,-0.80149972,0.16433752,-0.5749709,0
-0.11826977,-0.58035123,-0.69926846,-0.80149972,0.16433752,-0.5749709,0
0.26659006,-0.98205495,0.20644712,0.80149972,-0.16433752,0.5749709,0
1.0885706,0.22423987,-0.79117215,0.45350683,-0.45967448,-0.76356471,0
-0.41865572,-0.72893977,0.56225431,-0.38978183,-0.8727501,0.29390073,0
-0.85800606,0.14893997,0.42986253,-0.80149972,0.16433752,-0.5749709,0
0.55164385,0.62153536,-1.0559112,0.38978183,0.8727501,-0.29390073,0
0.53533125,-0.48129988,-0.82472342,0.45350683,-0.45967448,-0.76356471,0
0.38201365,-0.96168399,-0.47090006,0.45350683,-0.45967448,-0.76356471,0
-0.38481739,-0.94688976,-0.59388942,-0.80149972,0.16433752,-0.5749709,0
0.11123228,0.31751394,-0.82147038,-0.80149972,0.16433752,-0.5749709,0
1.0036293,0.40388462,-0.70252138,0.38978183,0.8727501,-0.29390073,0
-0.63994735,0.77422428,0.41419089,-0.45350683,0.45967448,0.76356471,0
-0.74295497,-0.68961096,0.40227151,-0.38978183,-0.8727501,0.29390073,0
-0.17137167,-0.56994581,-0.76399112,-0.80149972,0.16433752,-0.5749709,0
-0.49553162,0.59421724,0.70827651,-0.45350683,0.45967448,0.76356471,0
0.34737355,0.79601413,-0.6468448,0.38978183,0.8727501,-0.29390073,0
0.69045413,-0.66233957,-0.48217729,0.45350683,-0.45967448,-0.76356471,0
0.36991543,0.79135185,-0.35932148,0.38978183,0.8727501,-0.29390073,0
0.5509752,1.0535494,0.47584414,0.38978183,0.8727501,-0.29390073,0
-0.1417481,-0.96899867,0.47084123,-0.38978183,-0.8727501,0.29390073,0
-1.030834,-0.45012969,0.44213307,-0.38978183,-0.8727501,0.29390073,0
0.66371572,0.4072898,-1.0468032,0.45350683,-0.45967448,-0.76356471,0
-0.90127838,0.040661961,0.65693521,-0.45350683,0.45967448,0.76356471,0
-0.0076273084,1.0523416,-0.59194326,0.38978183,0.8727501,-0.29390073,0
-0.1164965,0.20236355,1.0251749,0.80149972,-0.16433752,0.5749709,0
-0.70995462,0.36124691,0.36453035,-0.80149972,0.16433752,-0.5749709,0
0.83524388,0.27714545,-0.3140893,0.80149972,-0.16433752,0.5749709,0
-0.16668609,1.1897883,0.18422616,0.38978183,0.8727501,-0.29390073,0
0.096268713,0.57208979,1.0293136,0.80149972,-0.16433752,0.5749709,0
0.58319354,0.60225272,-0.63561141,0.38978183,0.8727501,-0.29390073,0
-0.57494777,0.021307111,0.95988286,-0.45350683,0.45967448,0.76356471,0
-0.44683647,-0.27209562,1.1962576,-0.45350683,0.45967448,0.76356471,0
0.11853924,0.99642158,-0.57113099,0.38978183,0.8727501,-0.29390073,0
0.030142307,0.78801715,-0.71937335,0.38978183,0.8727501,-0.29390073,0
0.92417741,-0.12214547,-0.73328996,0.45350683,-0.45967448,-0.76356471,0
-1.0052192,-0.44926861,1.0670743,-0.38978183,-0.8727501,0.29390073,0
-0.10582304,-0.33538193,0.82603639,0.80149972,-0.16433752,0.5749709,0
1.0382303,-0.10333804,-0.6098088,0.45350683,-0.45967448,-0.76356471,0
0.67731673,-0.58924365,-0.49179551,0.45350683,-0.45967448,-0.76356471,0
0.86956704,-0.11212777,-0.40791595,0.80149972,-0.16433752,0.5749709,0
0.5032832,0.16286296,0.17465273,0.80149972,-0.16433752,0.5749709,0
-0.91913253,0.22140969,0.40078738,-0.80149972,0.16433752,-0.5749709,0
0.46454892,-0.93002206,-0.36768505,0.45350683,-0.45967448,-0.76356471,0
0.87651414,0.39904964,-0.81753159,0.38978183,0.8727501,-0.29390073,0
-0.035178959,-0.92540306,0.49445713,-0.38978183,-0.8727501,0.29390073,0
0.46889791,-1.0436525,-0.1784113,0.80149972,-0.16433752,0.5749709,0
0.20145905,0.80010223,-0.81928289,0.38978183,0.8727501,-0.29390073,0
-0.025817102,1.1129419,-0.026335239,0.38978183,0.8727501,-0.29390073,0
0.33833575,1.0380028,0.15160906,0.38978183,0.8727501,-0.29390073,0
0.0031096935,1.2853234,0.4746784,-0.45350683,0.45967448,0.76356471,0
0.73755395,-0.63097805,-0.50332683,0.45350683,-0.45967448,-0.76356471,0
-0.37326586,1.4425814,0.20928001,0.38978183,0.8727501,-0.29390073,0
0.35877609,0.4254787,-1.3567626,0.45350683,-0.45967448,-0.76356471,0
0.0084037781,-0.22061002,-0.93186575,-0.80149972,0.16433752,-0.5749709,0
0.27444911,0.83796871,0.59626484,0.80149972,-0.16433752,0.5749709,0
0.50852573,0.91102862,0.2892127,0.38978183,0.8727501,-0.29390073,0
-0.41698354,-0.37141186,1.2042949,-0.45350683,0.45967448,0.76356471,0
0.80178595,-0.54474437,-0.51771683,0.45350683,-0.45967448,-0.76356471,0
-0.56956756,0.11210054,0.93025959,-0.45350683,0.45967448,0.76356471,0
0.090406001,1.1126112,0.70226747,-0.45350683,0.45967448,0.76356471,0
0.35925925,-1.2436234,-0.057192028,-0.38978183,-0.8727501,0.29390073,0
-0.04313007,0.97709763,-0.40339303,0.38978183,0.8727501,-0.29390073,0
0.85887283,0.62917876,-0.66187972,0.38978183,0.8727501,-0.29390073,0
-0.84822369,0.16455179,0.32917553,-0.80149972,0.16433752,-0.5749709,0
-0.17898428,-0.62176484,0.86411881,0.80149972,-0.16433752,0.5749709,0
0.090040028,0.65957165,0.97915649,-0.45350683,0.45967448,0.76356471,0
0.47813696,0.83516759,-0.56060982,0.38978183,0.8727501,-0.29390073,0
0.12254292,0.62476134,0.89545673,0.80149972,-0.16433752,0.5749709,0
-0.39950395,0.07157886,1.1350784,-0.45350683,0.45967448,0.76356471,0
0.26685998,1.3086271,0.62082052,0.38978183,0.8727501,-0.29390073,0
0.02940613,0.92102873,0.7772994,-0.45350683,0.45967448,0.76356471,0
1.0708554,0.10936157,-0.48863739,0.80149972,-0.16433752,0.5749709,0
0.12991816,0.40947151,-0.98460782,-0.80149972,0.16433752,-0.5749709,0
-0.35698599,0.58895075,0.79452437,-0.45350683,0.45967448,0.76356471,0
-0.72007692,-0.7578823,0.1101054,-0.38978183,-0.8727501,0.29390073,0
-0.03634128,1.0552979,-0.24599856,0.38978183,0.8727501,-0.29390073,0
-0.26730758,-0.92073649,0.3034451,-0.38978183,-0.8727501,0.29390073,0
-0.26070571,0.073861897,1.0971234,-0.45350683,0.45967448,0.76356471,0
-0.31252652,0.21500653,1.019562,-0.45350683,0.45967448,0.76356471,0
-0.44558969,-0.18401545,-0.43572176,-0.80149972,0.16433752,-0.5749709,0
0.25997794,-1.246707,-0.26849151,-0.38978183,-0.8727501,0.29390073,0
-0.83728534,0.46031657,0.60592997,-0.45350683,0.45967448,0.76356471,0
0.4687956,-0.38584417,-0.67403239,0.45350683,-0.45967448,-0.76356471,0
-0.38278857,1.1068496,0.46993303,-0.45350683,0.45967448,0.76356471,0
-0.041427553,-0.7967965,0.69451123,0.80149972,-0.16433752,0.5749709,0
-0.38999051,0.93107831,-0.15466869,-0.80149972,0.16433752,-0.5749709,0
0.2800414,-0.45387414,-0.99796462,0.45350683,-0.45967448,-0.76356471,0
0.47725561,0.70700645,-0.6664952,0.38978183,0.8727501,-0.29390073,0
0.26441631,-0.57727098,0.18625405,0.80149972,-0.16433752,0.5749709,0
-0.2855942,1.2747383,0.083450437,0.38978183,0.8727501,-0.29390073,0
0.93312991,-0.31436628,-0.54208249,0.80149972,-0.16433752,0.5749709,0
-0.40011841,-0.66800898,1.2164266,-0.38978183,-0.8727501,0.29390073,0
0.18236536,0.96439403,-0.21042955,0.38978183,0.8727501,-0.29390073,0
-0.95819098,-0.26528603,0.97881144,-0.45350683,0.45967448,0.76356471,0
-0.48483542,-0.99077106,-0.47906506,-0.80149972,0.16433752,-0.5749709,0
-0.10287619,1.20209,0.23753953,0.38978183,0.8727501,-0.29390073,0
0.34387237,-0.58899301,0.29813099,0.80149972,-0.16433752,0.5749709,0
0.020455897,0.74745452,0.80567491,-0.45350683,0.45967448,0.76356471,0
0.62652302,0.077076018,-0.8883779,0.45350683,-0.45967448,-0.76356471,0
0.24826694,0.29343069,0.47612706,0.80149972,-0.16433752,0.5749709,0
0.50998557,-0.72500157,0.0072905421,0.80149972,-0.16433752,0.5749709,0
0.64364624,-0.60358131,-0.65715146,0.45350683,-0.45967448,-0.76356471,0
0.12099808,0.93935776,-0.39081663,0.38978183,0.8727501,-0.29390073,0
0.96599871,0.18323019,-0.9066925,0.45350683,-0.45967448,-0.76356471,0
0.71457487,0.73926044,0.047412038,0.80149972,-0.16433752,0.5749709,0
-0.25326061,0.67106396,0.7245484,-0.45350683,0.45967448,0.76356471,0
-0.41797429,-0.079441249,1.0184751,-0.45350683,0.45967448,0.76356471,0
-0.90681672,-0.73091048,0.26626968,-0.38978183,-0.8727501,0.29390073,0
-0.38838997,-0.68530786,0.60012424,-0.38978183,-0.8727501,0.29390073,0
-0.69513023,0.37945917,0.74201882,-0.45350683,0.45967448,0.76356471,0
-0.8747943,-0.018398643,0.23225582,-0.80149972,0.16433752,-0.5749709,0
-0.65409654,0.058012277,0.20521933,-0.80149972,0.16433752,-0.5749709,0
-0.22545385,1.1263572,0.54158014,-0.45350683,0.45967448,0.76356471,0
-0.057292223,-1.2303257,-0.3968153,-0.38978183,-0.8727501,0.29390073,0
-0.26149419,-0.80910015,-0.59971368,-0.80149972,0.16433752,-0.5749709,0
-0.18440962,-0.19500047,0.98659205,0.80149972,-0.16433752,0.5749709,0
0.58866584,-0.85926259,-0.54995596,0.45350683,-0.45967448,-0.76356471,0
0.089850515,-1.3011022,-0.42823434,0.45350683,-0.45967448,-0.76356471,0
1.0773315,0.3830443,-0.79989308,0.45350683,-0.45967448,-0.76356471,0
0.93303204,0.40978515,-1.0003697,0.38978183,0.8727501,-0.29390073,0
-0.82000482,-0.61663699,0.51984334,-0.38978183,-0.8727501,0.29390073,0
-0.66718066,-0.63184571,0.43569767,-0.38978183,-0.8727501,0.29390073,0
-0.86713964,0.11022434,0.81300706,-0.45350683,0.45967448,0.76356471,0
-0.15820137,-0.96457344,0.43585092,-0.38978183,-0.8727501,0.29390073,0
-0.50787461,0.081932485,1.005426,-0.45350683,0.45967448,0.76356471,0
0.72586757,-0.14624676,-0.81741607,0.45350683,-0.45967448,-0.76356471,0
-0.60478002,1.0648046,0.19785506,-0.80149972,0.16433752,-0.5749709,0
-0.064572558,-1.199971,-0.32369435,-0.38978183,-0.8727501,0.29390073,0
0.38427714,-1.0742471,-0.5518086,0.45350683,-0.45967448,-0.76356471,0
0.54823416,0.88202047,-0.067099333,0.38978183,0.8727501,-0.29390073,0
-0.47442439,-0.99030411,-0.15537894,-0.38978183,-0.8727501,0.29390073,0
-0.2218861,0.3201561,0.86913729,-0.45350683,0.45967448,0.76356471,0
0.093659282,-1.1882391,0.26276755,-0.38978183,-0.8727501,0.29390073,0
0.58974993,-0.70774317,-0.4890753,0.45350683,-0.45967448,-0.76356471,0
0.45616743,-0.59501219,-0.63798779,0.45350683,-0.45967448,-0.76356471,0
0.2545234,0.87345034,0.6623354,0.80149972,-0.16433752,0.5749709,0
-0.91837311,0.43946993,0.45072913,-0.45350683,0.45967448,0.76356471,0
-0.8574959,0.031170085,0.65246415,-0.45350683,0.45967448,0.76356471,0
0.74869454,0.62645018,-0.13617253,0.80149972,-0.16433752,0.5749709,0
0.11188745,0.65710312,0.85064572,-0.45350683,0.45967448,0.76356471,0
0.31321055,0.78208232,0.49967206,0.80149972,-0.16433752,0.5749709,0
-0.81759131,-0.53545398,0.73599261,-0.38978183,-0.8727501,0.29390073,0
0.72072446,0.67696142,-0.58962303,0.38978183,0.8727501,-0.29390073,0
-0.91737807,0.14573623,0.77833086,-0.45350683,0.45967448,0.76356471,0
-0.98747569,0.10155182,0.54546332,-0.45350683,0.45967448,0.76356471,0
0.23228106,1.1248997,0.77112907,-0.45350683,0.45967448,0.76356471,0
0.80112958,0.86843026,0.15552461,0.80149972,-0.16433752,0.5749709,0
-0.25687337,0.47390229,0.87142462,-0.45350683,0.45967448,0.76356471,0
0.12913199,-1.211125,-0.016443849,-0.38978183,-0.8727501,0.29390073,0
0.14721107,-0.072492659,0.76387084,0.80149972,-0.16433752,0.5749709,0
0.16906869,-0.51566398,-0.90513498,0.45350683,-0.45967448,-0.76356471,0
0.72745383,0.77959913,0.16106236,0.38978183,0.8727501,-0.29390073,0
-0.49519223,0.037667572,0.93915236,-0.45350683,0.45967448,0.76356471,0
-0.313039,1.4351449,0.28228402,0.38978183,0.8727501,-0.29390073,0
-0.28400537,1.0255612,-0.10336632,-0.80149972,0.16433752,-0.5749709,0
-0.34983507,-1.2465858,-0.60453629,-0.38978183,-0.8727501,0.29390073,0
-0.20858923,-1.0599544,-0.24855661,-0.38978183,-0.8727501,0.29390073,0
0.64340234,1.0271325,0.20185888,0.38978183,0.8727501,-0.29390073,0
0.49163038,0.42640764,-1.296304,-0.80149972,0.16433752,-0.5749709,0
0.24325669,0.68607092,-0.76578331,0.38978183,0.8727501,-0.29390073,0
0.38140392,-1.3844945,-0.20992768,0.45350683,-0.45967448,-0.76356471,0
-0.40085191,-0.042987168,1.1441443,-0.45350683,0.45967448,0.76356471,0
-0.73844808,0.92445612,0.30751967,-0.80149972,0.16433752,-0.5749709,0
-0.38615981,0.90037012,0.61684668,-0.45350683,0.45967448,0.76356471,0
0.44596446,-0.22460744,0.027493283,0.80149972,-0.16433752,0.5749709,0
-0.7714113,-0.29992563,0.04681915,-0.80149972,0.16433752,-0.5749709,0
-0.31581736,-0.70417953,0.7374028,-0.38978183,-0.8727501,0.29390073,0
0.93568504,0.088303119,-0.2679584,0.80149972,-0.16433752,0.5749709,0
-0.31158012,-0.78076518,0.66489661,-0.38978183,-0.8727501,0.29390073,0
0.2670216,-1.1445339,-0.3654964,0.45350683,-0.45967448,-0.76356471,0
0.53370005,-0.62804407,-0.64498734,0.45350683,-0.45967448,-0.76356471,0
0.73140818,-0.62141418,-0.58927411,0.45350683,-0.45967448,-0.76356471,0
-1.0824642,-0.59202349,0.524189,-0.38978183,-0.8727501,0.29390073,0
-0.067263186,-1.0197495,0.024235249,-0.38978183,-0.8727501,0.29390073,0
0.48426685,1.1466802,0.35595679,0.38978183,0.8727501,-0.29390073,0
-0.34851852,-0.34192103,-0.40725306,-0.80149972,0.16433752,-0.5749709,0
-0.069565296,-0.21856827,-0.93094617,-0.80149972,0.16433752,-0.5749709,0
-0.37858659,-0.65298998,0.69388914,-0.38978183,-0.8727501,0.29390073,0
0.50689989,0.061970025,0.11260191,0.80149972,-0.16433752,0.5749709,0
0.23957232,-0.12067616,0.62850547,0.80149972,-0.16433752,0.5749709,0
-0.65663433,-0.45937556,1.0642853,-0.38978183,-0.8727501,0.29390073,0
-0.031122148,-0.14699304,-1.0043495,-0.80149972,0.16433752,-0.5749709,0
-0.1807918,1.3299743,0.40074277,0.38978183,0.8727501,-0.29390073,0
-0.96181786,-0.56902176,0.35757029,-0.38978183,-0.8727501,0.29390073,0
-0.46169323,1.1859957,0.066975951,-0.80149972,0.16433752,-0.5749709,0
-0.37350672,-0.32361281,1.1779797,0.80149972,-0.16433752,0.5749709,0
0.64548206,-0.80167335,-0.44711542,0.45350683,-0.45967448,-0.76356471,0
0.64811689,0.69317204,-0.4381631,0.38978183,0.8727501,-0.29390073,0
0.81391919,-0.00051032007,-0.21558413,0.80149972,-0.16433752,0.5749709,0
-0.74540514,-0.62154317,0.76789111,-0.38978183,-0.8727501,0.29390073,0
-0.41219401,-0.80804503,0.71908081,-0.38978183,-0.8727501,0.29390073,0
0.24647985,-0.60762465,0.52316308,0.80149972,-0.16433752,0.5749709,0
-0.716676,0.75216913,0.54745549,-0.45350683,0.45967448,0.76356471,0
-0.7073856,-0.2488867,1.1223335,-0.45350683,0.45967448,0.76356471,0
0.31895906,-0.23775941,-0.90002537,0.45350683,-0.45967448,-0.76356471,0
-0.22939211,-0.390064,-0.63074005,-0.80149972,0.16433752,-0.5749709,0
-0.16467014,-1.0028579,0.26412851,-0.38978183,-0.8727501,0.29390073,0
0.023326576,-0.69750667,-0.88935554,0.45350683,-0.45967448,-0.76356471,0
-0.020226777,-0.4232707,0.76542509,0.80149972,-0.16433752,0.5749709,0
-0.90116727,0.02036221,0.43761367,-0.80149972,0.16433752,-0.5749709,0
-0.32145602,-0.57819331,-0.57439578,-0.80149972,0.16433752,-0.5749709,0
0.45596015,0.96841693,0.24157071,0.38978183,0.8727501,-0.29390073,0
-0.50516063,-0.27682996,1.1759189,-0.45350683,0.45967448,0.76356471,0
0.67211729,0.79438877,-0.36270165,0.38978183,0.8727501,-0.29390073,0
-1.1356134,-0.42121893,0.7519421,-0.38978183,-0.8727501,0.29390073,0
0.52049983,0.97001243,0.1065737,0.38978183,0.8727501,-0.29390073,0
-0.27851787,1.1561728,-0.0428527,0.38978183,0.8727501,-0.29390073,0
-0.17690355,-0.14776212,1.0272605,0.80149972,-0.16433752,0.5749709,0
-0.048739538,-1.3071587,-0.29503024,-0.38978183,-0.8727501,0.29390073,0
0.4396618,0.96682018,0.12803352,0.38978183,0.8727501,-0.29390073,0
0.77774262,-0.17418329,-0.78046018,0.45350683,-0.45967448,-0.76356471,0
-0.1461519,-1.2257869,-0.46748269,-0.38978183,-0.8727501,0.29390073,0
0.68209726,0.45707464,-1.0183473,0.38978183,0.8727501,-0.29390073,0
0.45552155,-0.96502519,-0.53172225,0.45350683,-0.45967448,-0.76356471,0
0.34026867,0.64775962,-0.99091941,-0.80149972,0.16433752,-0.5749709,0
-0.69001776,-0.86520267,0.096317887,-0.38978183,-0.8727501,0.29390073,0
-0.28838485,-0.90244907,0.65499228,-0.38978183,-0.8727501,0.29390073,0
0.16847748,0.71678418,-0.72858703,-0.80149972,0.16433752,-0.5749709,0
0.54026228,-0.76160073,-0.42225862,0.45350683,-0.45967448,-0.76356471,0
0.63211089,0.53766948,-1.2311562,0.38978183,0.8727501,-0.29390073,0
-0.42903653,-0.1032376,-0.41343844,-0.80149972,0.16433752,-0.5749709,0
0.7470488,0.79087746,-0.07030797,0.38978183,0.8727501,-0.29390073,0
0.30555278,-0.8936106,0.30096555,0.80149972,-0.16433752,0.5749709,0
