0.75285709,-0.59077716,1.1603671,0.32498431,-0.90243703,-0.28282958,0
-0.78173745,-0.701289,-0.68624377,0.32498431,-0.90243703,-0.28282958,0
0.25357983,-0.45703137,-0.03562896,0.32498431,-0.90243703,-0.28282958,0
-1.4969991,-0.39497915,-1.3309686,-0.90234196,-0.20635259,-0.37841445,0
-0.44493911,-0.58612382,-0.55340177,0.32498431,-0.90243703,-0.28282958,0
1.9700433,0.90956533,-0.18533015,0.28313261,0.37818778,-0.88136816,0
-0.56556886,0.22635818,-1.111057,0.28313261,0.37818778,-0.88136816,0
1.3921093,-0.14283037,0.26571602,0.32498431,-0.90243703,-0.28282958,0
-1.4340963,-0.41999,-1.6781535,-0.90234196,-0.20635259,-0.37841445,0
-1.7459276,0.41392547,-1.478708,-0.90234196,-0.20635259,-0.37841445,0
1.3196254,1.1037889,-0.056640983,-0.32498431,0.90243703,0.28282958,0
-1.4079523,0.19327217,-0.42526388,-0.32498431,0.90243703,0.28282958,0
0.89649659,0.7385726,0.26068157,-0.32498431,0.90243703,0.28282958,0
-0.95678562,-0.79103184,-0.18526119,0.32498431,-0.90243703,-0.28282958,0
0.77620441,0.9190498,-0.3221359,-0.32498431,0.90243703,0.28282958,0
-1.6153657,-0.22715837,-1.4632362,-0.90234196,-0.20635259,-0.37841445,0
0.90656054,-0.31805602,0.48536205,0.32498431,-0.90243703,-0.28282958,0
1.779611,0.7482,-0.18517238,0.28313261,0.37818778,-0.88136816,0
-0.26536283,0.23169851,0.59067166,-0.32498431,0.90243703,0.28282958,0
-1.5064299,-0.52894795,-1.3499705,-0.90234196,-0.20635259,-0.37841445,0
1.5474648,0.00020369887,1.719919,0.90234196,0.20635259,0.37841445,0
-1.6913021,-0.5184927,0.47322887,-0.28313261,-0.37818778,0.88136816,0
1.7475421,0.30048555,1.0813451,0.90234196,0.20635259,0.37841445,0
1.5800514,-0.28903118,1.1886089,0.32498431,-0.90243703,-0.28282958,0
-1.6643758,-0.99493176,0.19530863,-0.28313261,-0.37818778,0.88136816,0
-0.19776323,0.65425164,-0.85633904,-0.32498431,0.90243703,0.28282958,0
0.41373315,-0.51321554,0.27308536,0.32498431,-0.90243703,-0.28282958,0
1.1606025,0.82419991,0.13288784,-0.32498431,0.90243703,0.28282958,0
0.31728292,0.35952428,-0.85971802,0.28313261,0.37818778,-0.88136816,0
-0.028203189,-0.1874119,0.97880179,-0.28313261,-0.37818778,0.88136816,0
1.8380536,0.36630827,-0.40072054,0.28313261,0.37818778,-0.88136816,0
-0.70170093,0.41105741,-0.61966532,-0.32498431,0.90243703,0.28282958,0
-0.15313777,-0.71604347,0.025354443,0.32498431,-0.90243703,-0.28282958,0
1.8108578,0.8064307,-0.17030239,0.28313261,0.37818778,-0.88136816,0
1.9369549,0.096137613,0.45721948,0.90234196,0.20635259,0.37841445,0
-0.88590801,-0.469899,0.53619426,-0.28313261,-0.37818778,0.88136816,0
0.91357964,-0.14272194,-0.071683049,0.32498431,-0.90243703,-0.28282958,0
-1.6232989,-0.79132593,0.30731171,-0.28313261,-0.37818778,0.88136816,0
1.7905544,0.74359977,0.6742996,0.90234196,0.20635259,0.37841445,0
1.9268,0.2784178,0.61872602,0.90234196,0.20635259,0.37841445,0
-0.5807988,-0.26020566,-1.3118951,0.32498431,-0.90243703,-0.28282958,0
-1.3862841,-0.63925517,-1.4641852,-0.90234196,-0.20635259,-0.37841445,0
-1.3471906,-0.37445062,-1.6483461,-0.90234196,-0.20635259,-0.37841445,0
-0.26957881,-0.66717309,0.84062159,-0.28313261,-0.37818778,0.88136816,0
1.6267915,-0.45993596,1.5701283,-0.28313261,-0.37818778,0.88136816,0
0.38800251,0.054878443,1.1914968,-0.28313261,-0.37818778,0.88136816,0
-0.50637364,0.15960085,0.68065077,-0.32498431,0.90243703,0.28282958,0
1.9019126,0.59838736,0.61178744,0.90234196,0.20635259,0.37841445,0
-1.9651949,-0.041138619,-0.35758436,-0.32498431,0.90243703,0.28282958,0
-2.1300454,-0.27230251,-0.20104623,-0.90234196,-0.20635259,-0.37841445,0
2.1507468,0.36291456,-0.20195591,0.32498431,-0.90243703,-0.28282958,0
0.57147062,-0.57712644,0.71278322,0.32498431,-0.90243703,-0.28282958,0
1.4161079,0.85380971,-0.35530168,0.28313261,0.37818778,-0.88136816,0
-1.193257,-0.20830961,-1.6168394,0.28313261,0.37818778,-0.88136816,0
1.0665053,-0.64129865,1.2225809,0.32498431,-0.90243703,-0.28282958,0
-0.97961473,-0.39846507,-1.5866401,0.32498431,-0.90243703,-0.28282958,0
-1.8163475,-0.50704056,0.27309966,-0.28313261,-0.37818778,0.88136816,0
-0.98508912,-0.72078156,-0.79062468,0.32498431,-0.90243703,-0.28282958,0
-1.1876462,-0.3534883,0.58977836,-0.28313261,-0.37818778,0.88136816,0
-1.1841688,0.32431689,-0.90322697,-0.32498431,0.90243703,0.28282958,0
-0.88081944,0.3511349,-0.51983303,-0.32498431,0.90243703,0.28282958,0
0.55311584,0.21730834,-0.79702997,0.28313261,0.37818778,-0.88136816,0
-0.2505821,-0.67751718,0.66054142,-0.28313261,-0.37818778,0.88136816,0
-1.8638705,-0.49037954,-0.4274447,-0.90234196,-0.20635259,-0.37841445,0
0.52493727,0.064037815,-0.98520982,0.28313261,0.37818778,-0.88136816,0
-0.71222413,-0.97097147,0.54852736,-0.28313261,-0.37818778,0.88136816,0
1.4222761,0.74261886,1.0782779,-0.32498431,0.90243703,0.28282958,0
-1.3915907,0.052602559,-0.15014678,-0.32498431,0.90243703,0.28282958,0
-0.10110515,0.17239821,-1.0058383,0.28313261,0.37818778,-0.88136816,0
-0.73061806,-0.72818166,0.038773477,0.32498431,-0.90243703,-0.28282958,0
-1.4763277,-0.28142661,-1.5659071,-0.90234196,-0.20635259,-0.37841445,0
1.5114969,0.69467342,1.3068957,0.90234196,0.20635259,0.37841445,0
1.5169941,0.40989476,-0.42279783,0.28313261,0.37818778,-0.88136816,0
-0.47012562,-0.089073919,0.89041615,-0.28313261,-0.37818778,0.88136816,0
0.23978198,-0.20833907,-0.9421829,0.32498431,-0.90243703,-0.28282958,0
1.8021078,0.2790255,0.85317707,0.90234196,0.20635259,0.37841445,0
0.54633582,0.11408331,1.3557553,-0.28313261,-0.37818778,0.88136816,0
0.90190345,0.16009301,1.4101028,-0.28313261,-0.37818778,0.88136816,0
-1.7402731,-0.9300282,-0.85058844,-0.90234196,-0.20635259,-0.37841445,0
-2.0420811,-1.0423295,0.11115122,-0.28313261,-0.37818778,0.88136816,0
0.53637004,0.40861687,0.87522876,-0.32498431,0.90243703,0.28282958,0
-1.4801545,-0.46478692,-1.2436112,-0.90234196,-0.20635259,-0.37841445,0
1.7041726,0.53149277,1.1591451,0.90234196,0.20635259,0.37841445,0
-1.9285287,-0.70592916,-0.25866914,-0.90234196,-0.20635259,-0.37841445,0
1.6209998,0.61013389,1.0379106,0.90234196,0.20635259,0.37841445,0
0.39457375,-0.53097582,0.93054456,-0.28313261,-0.37818778,0.88136816,0
1.8019123,0.52503514,0.92270076,0.90234196,0.20635259,0.37841445,0
-1.7605296,-0.81810188,-0.68388581,-0.90234196,-0.20635259,-0.37841445,0
0.31231239,0.77292669,-0.2794165,-0.32498431,0.90243703,0.28282958,0
0.023948789,-0.38613296,1.0412672,-0.28313261,-0.37818778,0.88136816,0
-1.7293509,-0.68307739,-0.97975314,-0.90234196,-0.20635259,-0.37841445,0
0.31772041,0.90238374,-0.69510621,0.28313261,0.37818778,-0.88136816,0
0.13063076,0.52266896,0.5040015,-0.32498431,0.90243703,0.28282958,0
1.852567,0.14658287,1.0467958,0.90234196,0.20635259,0.37841445,0
-0.38125795,-0.33975962,0.81048292,-0.28313261,-0.37818778,0.88136816,0
-0.59267032,0.24001846,0.38761896,-0.32498431,0.90243703,0.28282958,0
1.7823174,0.034918427,0.10531843,0.32498431,-0.90243703,-0.28282958,0
1.4323609,0.55778104,1.7244323,0.90234196,0.20635259,0.37841445,0
-1.8621435,-1.0837023,-0.41436052,-0.90234196,-0.20635259,-0.37841445,0
0.39057446,0.53965634,0.8378877,-0.32498431,0.90243703,0.28282958,0
-1.766257,0.10312444,-1.2083102,-0.90234196,-0.20635259,-0.37841445,0
-1.4274846,-0.45669937,-1.6572696,-0.90234196,-0.20635259,-0.37841445,0
-0.083622016,0.475849,-0.10638788,-0.32498431,0.90243703,0.28282958,0
1.6499882,0.41596332,1.2430867,0.90234196,0.20635259,0.37841445,0
1.8339664,-0.20957899,0.8898555,0.32498431,-0.90243703,-0.28282958,0
-2.0692458,-0.45918125,-0.035516977,-0.90234196,-0.20635259,-0.37841445,0
0.12581891,-0.30637091,0.94931543,-0.28313261,-0.37818778,0.88136816,0
1.3724928,0.54664886,1.4853188,0.90234196,0.20635259,0.37841445,0
-2.0579052,-0.90545964,-0.070828915,-0.90234196,-0.20635259,-0.37841445,0
-1.9471729,-0.68769395,-0.096440196,-0.90234196,-0.20635259,-0.37841445,0
1.4430215,0.65219802,1.3751404,0.90234196,0.20635259,0.37841445,0
1.753752,0.73116529,0.56024313,0.90234196,0.20635259,0.37841445,0
-0.93049234,-0.044599056,0.74369156,-0.28313261,-0.37818778,0.88136816,0
-1.9406681,-1.0983033,-0.055894971,-0.90234196,-0.20635259,-0.37841445,0
-1.8099437,-0.23708454,-1.0487758,-0.90234196,-0.20635259,-0.37841445,0
1.9777309,0.41231281,0.13430929,0.90234196,0.20635259,0.37841445,0
1.2269815,0.22623895,-0.68070972,0.28313261,0.37818778,-0.88136816,0
-1.3044467,-0.61590999,0.51377362,-0.28313261,-0.37818778,0.88136816,0
-1.8967413,-1.0491823,-0.43518877,-0.90234196,-0.20635259,-0.37841445,0
0.66648722,0.88956225,-0.15966371,-0.32498431,0.90243703,0.28282958,0
1.0585761,0.37621057,-0.70935476,0.28313261,0.37818778,-0.88136816,0
1.9471428,1.1362114,0.04061985,0.90234196,0.20635259,0.37841445,0
-1.8666255,-0.70491648,0.31087548,-0.28313261,-0.37818778,0.88136816,0
0.74825281,0.85786247,-0.45540792,0.28313261,0.37818778,-0.88136816,0
-1.3099401,-0.49471036,-1.7810771,-0.90234196,-0.20635259,-0.37841445,0
-1.1710413,-0.504794,-1.3725132,0.32498431,-0.90243703,-0.28282958,0
-1.5707107,-0.75223374,-1.0222483,-0.90234196,-0.20635259,-0.37841445,0
-1.1326009,-0.81762892,0.36513627,-0.28313261,-0.37818778,0.88136816,0
1.1205667,0.0531964,1.4344466,-0.28313261,-0.37818778,0.88136816,0
-1.4098885,0.4744229,-1.2773827,0.28313261,0.37818778,-0.88136816,0
-1.5358901,-0.54065716,-1.0764418,-0.90234196,-0.20635259,-0.37841445,0
1.7231214,0.34587204,1.19637,0.90234196,0.20635259,0.37841445,0
-1.3118463,-0.9220078,-0.0737167,0.32498431,-0.90243703,-0.28282958,0
-1.8240099,-0.11262605,0.32218295,-0.32498431,0.90243703,0.28282958,0
-1.6832186,0.22968906,-1.3292589,-0.90234196,-0.20635259,-0.37841445,0
-1.6248299,-0.46091512,-1.2526472,-0.90234196,-0.20635259,-0.37841445,0
0.17367405,-0.25874394,1.1140494,-0.28313261,-0.37818778,0.88136816,0
1.7221788,-0.02938953,0.98477495,0.90234196,0.20635259,0.37841445,0
-1.3502619,-1.1062778,-0.12343413,0.32498431,-0.90243703,-0.28282958,0
2.0259194,1.1649771,0.034729242,-0.32498431,0.90243703,0.28282958,0
0.42247522,0.53783309,0.37248021,-0.32498431,0.90243703,0.28282958,0
0.68035251,-0.65765429,1.0703161,-0.28313261,-0.37818778,0.88136816,0
0.67348957,-0.1505709,-0.1647169,0.32498431,-0.90243703,-0.28282958,0
-1.1862279,-0.4189558,-1.4584937,0.32498431,-0.90243703,-0.28282958,0
-1.3749583,0.31044772,-1.3653423,0.28313261,0.37818778,-0.88136816,0
2.0225468,0.71633977,0.26809335,0.90234196,0.20635259,0.37841445,0
1.3225327,-0.35617641,0.99979925,0.32498431,-0.90243703,-0.28282958,0
1.4075153,-0.37542748,0.77819061,0.32498431,-0.90243703,-0.28282958,0
0.95383871,-0.57037461,1.1667132,-0.28313261,-0.37818778,0.88136816,0
0.37445128,-0.48881412,0.21427986,0.32498431,-0.90243703,-0.28282958,0
-1.9112521,-0.022384048,-0.88946521,-0.90234196,-0.20635259,-0.37841445,0
-0.22019607,0.10645782,-1.1185749,0.28313261,0.37818778,-0.88136816,0
-0.55650979,-0.043247655,-1.3144907,0.28313261,0.37818778,-0.88136816,0
-0.4189077,-0.64334428,0.8251695,-0.28313261,-0.37818778,0.88136816,0
-1.8232974,0.20305508,-1.0818511,-0.90234196,-0.20635259,-0.37841445,0
-1.7486951,0.050523072,-0.66553283,-0.32498431,0.90243703,0.28282958,0
1.4512074,-0.021458417,0.23624611,0.32498431,-0.90243703,-0.28282958,0
-1.2689576,0.21348515,-0.10902292,-0.32498431,0.90243703,0.28282958,0
1.6532753,0.090045691,1.2855574,0.90234196,0.20635259,0.37841445,0
-1.2726693,-0.12755376,0.6555739,-0.32498431,0.90243703,0.28282958,0
-0.62344122,-0.050146222,0.80528742,-0.28313261,-0.37818778,0.88136816,0
-1.7073481,-0.33834571,0.48658431,-0.28313261,-0.37818778,0.88136816,0
-0.3602857,0.48839372,-0.078832835,-0.32498431,0.90243703,0.28282958,0
-1.9506587,-0.80448371,-0.11343944,-0.90234196,-0.20635259,-0.37841445,0
0.23031667,-0.18713023,1.0478408,-0.28313261,-0.37818778,0.88136816,0
1.6835992,-0.49767202,1.4396546,0.90234196,0.20635259,0.37841445,0
-1.4585819,-0.63167644,0.32156304,-0.28313261,-0.37818778,0.88136816,0
-0.40489185,-0.83107185,0.52283996,0.32498431,-0.90243703,-0.28282958,0
-0.82037842,-0.84662151,-0.066564441,0.32498431,-0.90243703,-0.28282958,0
2.0932655,0.39126059,-0.26228714,0.28313261,0.37818778,-0.88136816,0
-1.4460907,0.26062989,-0.55493629,-0.32498431,0.90243703,0.28282958,0
0.1663101,-0.34766588,0.94695514,-0.28313261,-0.37818778,0.88136816,0
-0.36997139,-0.87562531,0.5004701,0.32498431,-0.90243703,-0.28282958,0
-0.81097937,0.032500297,0.86774397,-0.28313261,-0.37818778,0.88136816,0
1.8920389,0.80305016,0.44409096,0.90234196,0.20635259,0.37841445,0
-1.8787614,-0.57333362,-0.73546004,-0.90234196,-0.20635259,-0.37841445,0
-0.32339072,-0.16151533,0.85279202,-0.28313261,-0.37818778,0.88136816,0
1.5700563,0.63926059,1.0369561,0.90234196,0.20635259,0.37841445,0
2.0562057,0.3423484,0.00015497208,0.90234196,0.20635259,0.37841445,0
1.0080388,0.66262817,0.70778149,-0.32498431,0.90243703,0.28282958,0
-1.8368591,-0.61037213,-0.69937479,-0.90234196,-0.20635259,-0.37841445,0
1.9868875,0.32555729,-0.22127897,0.32498431,-0.90243703,-0.28282958,0
1.4272592,-0.42683285,0.91308069,0.32498431,-0.90243703,-0.28282958,0
-0.95180064,-0.20281842,0.77122676,-0.28313261,-0.37818778,0.88136816,0
-0.97738999,-0.97770303,-0.052738428,0.32498431,-0.90243703,-0.28282958,0
-1.8444982,0.16876656,-0.95067132,-0.90234196,-0.20635259,-0.37841445,0
0.14591976,-0.35635239,-0.16518065,0.32498431,-0.90243703,-0.28282958,0
0.36533624,0.21634223,1.2222289,-0.32498431,0.90243703,0.28282958,0
0.36976075,0.53431517,0.63278472,-0.32498431,0.90243703,0.28282958,0
-1.3353751,-0.24929281,-1.76645,0.28313261,0.37818778,-0.88136816,0
0.84909594,-0.0092453361,1.4117727,-0.28313261,-0.37818778,0.88136816,0
1.6269772,1.153227,0.044380188,-0.32498431,0.90243703,0.28282958,0
1.042679,0.36538962,1.5932019,-0.28313261,-0.37818778,0.88136816,0
1.7657553,0.25700808,0.71168518,0.90234196,0.20635259,0.37841445,0
-0.27041364,-0.16950975,-1.3847402,0.28313261,0.37818778,-0.88136816,0
-0.11757914,0.42137289,-0.055505455,-0.32498431,0.90243703,0.28282958,0
0.12179846,-0.764678,0.84704626,0.32498431,-0.90243703,-0.28282958,0
-1.3635111,-0.040916592,-1.692667,0.28313261,0.37818778,-0.88136816,0
0.10503307,0.54021525,0.21989219,-0.32498431,0.90243703,0.28282958,0
-1.6382895,0.058828145,-0.41620147,-0.32498431,0.90243703,0.28282958,0
0.56879318,-0.38440382,1.2634819,-0.28313261,-0.37818778,0.88136816,0
1.0527241,-0.21134037,0.26247692,0.32498431,-0.90243703,-0.28282958,0
1.9054644,0.91846502,0.48043823,0.90234196,0.20635259,0.37841445,0
0.1421715,-0.46456867,-0.4497408,0.32498431,-0.90243703,-0.28282958,0
-1.7560303,-0.48841941,-0.64969909,-0.90234196,-0.20635259,-0.37841445,0
1.9796939,0.34563953,0.35749364,0.90234196,0.20635259,0.37841445,0
1.8821424,-0.080816031,0.76532972,0.32498431,-0.90243703,-0.28282958,0
0.053132236,-0.017511254,-1.1608002,0.28313261,0.37818778,-0.88136816,0
0.68892211,0.34761858,1.2560079,-0.32498431,0.90243703,0.28282958,0
-0.38252729,0.0098037869,-1.2915581,0.28313261,0.37818778,-0.88136816,0
-0.57616115,-0.37092066,-1.0193727,0.32498431,-0.90243703,-0.28282958,0
-0.24210057,0.26304939,-1.0273004,0.28313261,0.37818778,-0.88136816,0
-1.6457949,-0.20128052,0.56646025,-0.28313261,-0.37818778,0.88136816,0
1.1820296,0.55486304,1.2510165,-0.32498431,0.90243703,0.28282958,0
-0.31117588,0.35148126,0.065589294,-0.32498431,0.90243703,0.28282958,0
0.17735934,-0.12476747,1.2499629,-0.28313261,-0.37818778,0.88136816,0
1.9365137,0.15862513,0.42708516,0.90234196,0.20635259,0.37841445,0
-1.1308901,0.4419767,-0.60489053,-0.32498431,0.90243703,0.28282958,0
-1.7486007,-0.84187287,0.26171052,-0.28313261,-0.37818778,0.88136816,0
1.6108065,0.9200573,0.75316393,0.90234196,0.20635259,0.37841445,0
1.6910307,0.78516912,0.70304716,0.90234196,0.20635259,0.37841445,0
1.7525793,0.95256984,0.69782257,0.90234196,0.20635259,0.37841445,0
-0.11177254,0.21519707,-1.0444825,0.28313261,0.37818778,-0.88136816,0
-2.0690198,-0.38611457,-0.25209653,-0.90234196,-0.20635259,-0.37841445,0
1.3031547,1.1623898,-0.25731951,0.28313261,0.37818778,-0.88136816,0
-1.0083096,0.23509887,-0.49093318,-0.32498431,0.90243703,0.28282958,0
-0.041479647,-0.17341074,-1.0281632,0.32498431,-0.90243703,-0.28282958,0
1.1630778,0.0798655,-0.79908657,0.32498431,-0.90243703,-0.28282958,0
0.99013531,-0.028424114,1.5440292,-0.28313261,-0.37818778,0.88136816,0
-0.55046326,0.29833499,-0.027467489,-0.32498431,0.90243703,0.28282958,0
1.7498784,0.24938655,-0.35501856,0.28313261,0.37818778,-0.88136816,0
1.7874529,0.68114495,0.6904937,0.90234196,0.20635259,0.37841445,0
-1.5275114,0.067229092,-1.4664664,-0.90234196,-0.20635259,-0.37841445,0
-1.9710611,-0.74313468,-0.31902504,-0.90234196,-0.20635259,-0.37841445,0
-1.7758348,-0.054784387,-0.77582717,-0.90234196,-0.20635259,-0.37841445,0
1.6325475,0.89297581,0.82049966,-0.32498431,0.90243703,0.28282958,0
-0.49837774,0.071695626,-1.2078075,0.28313261,0.37818778,-0.88136816,0
1.0139335,0.17241386,-0.70970052,0.28313261,0.37818778,-0.88136816,0
-2.1452017,-0.29277539,-0.27043617,-0.90234196,-0.20635259,-0.37841445,0
-0.11785638,0.24828602,0.93570197,-0.32498431,0.90243703,0.28282958,0
1.5484122,0.52517015,-0.45019373,0.28313261,0.37818778,-0.88136816,0
0.52224565,-0.036715373,1.264395,-0.28313261,-0.37818778,0.88136816,0
2.0269663,0.49122673,0.3802731,0.90234196,0.20635259,0.37841445,0
-1.8263289,-0.99227226,-0.61821997,-0.90234196,-0.20635259,-0.37841445,0
-1.9020035,-0.98614329,-0.054874301,-0.90234196,-0.20635259,-0.37841445,0
-1.2895006,-0.77594757,0.4911499,-0.28313261,-0.37818778,0.88136816,0
1.5838578,-0.27805263,0.61001718,0.32498431,-0.90243703,-0.28282958,0
1.7745668,0.18689507,0.92504919,0.90234196,0.20635259,0.37841445,0
2.0090883,0.90675473,0.19350898,0.90234196,0.20635259,0.37841445,0
1.2437183,0.66683972,0.93365622,-0.32498431,0.90243703,0.28282958,0
-1.4086187,-0.81110942,-0.76022542,0.32498431,-0.90243703,-0.28282958,0
0.93282652,-0.055228233,-0.77647817,0.32498431,-0.90243703,-0.28282958,0
1.6765712,0.97133368,0.64483869,0.90234196,0.20635259,0.37841445,0
1.8817027,0.028774649,0.64015794,0.90234196,0.20635259,0.37841445,0
0.36071089,-0.2537694,1.1339748,-0.28313261,-0.37818778,0.88136816,0
-0.54418224,-0.26958442,0.89745557,-0.28313261,-0.37818778,0.88136816,0
1.4492826,0.74436796,1.2312694,0.90234196,0.20635259,0.37841445,0
1.3523917,0.054537356,-0.45512721,0.32498431,-0.90243703,-0.28282958,0
1.3030711,-0.35667998,0.62123567,0.32498431,-0.90243703,-0.28282958,0
1.0593156,-0.12985322,-0.26157182,0.32498431,-0.90243703,-0.28282958,0
2.0179315,0.82773042,-0.11896968,0.28313261,0.37818778,-0.88136816,0
-0.8122139,-0.18273395,-1.4674592,0.28313261,0.37818778,-0.88136816,0
0.49187773,0.36226034,1.3735059,-0.32498431,0.90243703,0.28282958,0
-0.14372796,0.033796005,1.0784467,-0.28313261,-0.37818778,0.88136816,0
0.12551489,-0.6256696,0.23232912,0.32498431,-0.90243703,-0.28282958,0
-1.9397131,-0.6825605,-0.50061011,-0.90234196,-0.20635259,-0.37841445,0
1.7220665,0.081685871,1.2000107,0.90234196,0.20635259,0.37841445,0
0.62765014,-0.45494735,0.51240349,0.32498431,-0.90243703,-0.28282958,0
-0.85220456,-0.84460372,-0.3903358,0.32498431,-0.90243703,-0.28282958,0
0.0528211,0.71066815,-0.81090134,0.28313261,0.37818778,-0.88136816,0
-1.6291559,-0.89235306,-0.77752995,-0.90234196,-0.20635259,-0.37841445,0
1.4605943,-0.35701296,1.5498338,-0.28313261,-0.37818778,0.88136816,0
-1.8103186,0.01837486,-0.95597589,-0.90234196,-0.20635259,-0.37841445,0
2.1363611,0.18976349,-0.12039196,0.32498431,-0.90243703,-0.28282958,0
1.3230565,-0.32124025,0.91672993,0.32498431,-0.90243703,-0.28282958,0
0.85063821,-0.56443632,1.1718241,-0.28313261,-0.37818778,0.88136816,0
-0.88816798,-0.012886763,-1.3534145,0.28313261,0.37818778,-0.88136816,0
0.95215666,-0.4759379,0.85004997,0.32498431,-0.90243703,-0.28282958,0
1.4821484,0.61352742,1.2397414,0.90234196,0.20635259,0.37841445,0
1.8015167,0.25556922,0.62157023,0.90234196,0.20635259,0.37841445,0
-1.1930374,-0.72807634,-1.0550356,0.32498431,-0.90243703,-0.28282958,0
-1.7338662,-0.79793942,-0.65957832,-0.90234196,-0.20635259,-0.37841445,0
0.66768461,-0.37271601,1.2053092,-0.28313261,-0.37818778,0.88136816,0
0.06726858,0.3680909,0.66180426,-0.32498431,0.90243703,0.28282958,0
0.31890088,0.60358816,-0.87091249,0.28313261,0.37818778,-0.88136816,0
0.23253453,-0.084561169,-1.0008584,0.28313261,0.37818778,-0.88136816,0
-1.8235121,0.11731333,-0.94498599,-0.32498431,0.90243703,0.28282958,0
1.743396,0.95484889,0.35141051,0.90234196,0.20635259,0.37841445,0
-1.5881615,-0.55108917,-1.0384371,-0.90234196,-0.20635259,-0.37841445,0
-0.5378831,-0.30664748,0.80627197,-0.28313261,-0.37818778,0.88136816,0
-1.6797173,-0.54653072,-0.94915652,-0.90234196,-0.20635259,-0.37841445,0
-0.98998547,-0.77116704,-0.50949681,0.32498431,-0.90243703,-0.28282958,0
-1.1504358,0.50577611,-1.3894143,0.28313261,0.37818778,-0.88136816,0
-1.4869645,-0.66012394,-1.6018186,-0.90234196,-0.20635259,-0.37841445,0
1.0414352,0.268695,-0.69336128,0.28313261,0.37818778,-0.88136816,0
0.97666955,-0.3852424,0.89413595,0.32498431,-0.90243703,-0.28282958,0
-2.0487871,-0.13373974,-0.44858313,-0.90234196,-0.20635259,-0.37841445,0
-0.74745405,0.448459,-1.1150541,0.28313261,0.37818778,-0.88136816,0
1.9116842,0.60658622,0.39561296,0.90234196,0.20635259,0.37841445,0
-2.1314232,-0.59795469,0.079059601,-0.90234196,-0.20635259,-0.37841445,0
0.20681497,-0.62603486,0.28776991,0.32498431,-0.90243703,-0.28282958,0
1.8750468,0.93129659,0.37400866,0.90234196,0.20635259,0.37841445,0
-0.22932987,-0.49533057,-0.28511524,0.32498431,-0.90243703,-0.28282958,0
1.3336143,-0.25402462,0.84838653,0.32498431,-0.90243703,-0.28282958,0
1.0990549,0.060951799,1.5516837,-0.28313261,-0.37818778,0.88136816,0
1.5999726,0.73636639,0.82561958,0.90234196,0.20635259,0.37841445,0
1.3465,-0.048887789,-0.13467932,0.32498431,-0.90243703,-0.28282958,0
1.4293656,0.5025664,-0.49564973,0.28313261,0.37818778,-0.88136816,0
0.9609561,0.562325,1.0402259,-0.32498431,0.90243703,0.28282958,0
1.6065078,-0.10436407,1.3472437,0.90234196,0.20635259,0.37841445,0
0.47189498,0.42436731,0.95559871,-0.32498431,0.90243703,0.28282958,0
-1.8645204,-0.62816072,-0.3588984,-0.90234196,-0.20635259,-0.37841445,0
-1.8723173,-0.98190016,-0.21424651,-0.90234196,-0.20635259,-0.37841445,0
1.7174802,0.78504109,-0.35067374,0.28313261,0.37818778,-0.88136816,0
0.23557258,0.56994629,-0.91740429,0.28313261,0.37818778,-0.88136816,0
-1.9222267,-1.0215971,-0.070984125,-0.90234196,-0.20635259,-0.37841445,0
-1.9289058,0.036042988,-0.54593813,-0.90234196,-0.20635259,-0.37841445,0
1.8721969,1.0004143,0.39599645,0.90234196,0.20635259,0.37841445,0
-0.32723817,0.19226877,-1.0996927,0.28313261,0.37818778,-0.88136816,0
-1.9661887,-0.95606923,-0.087904811,-0.90234196,-0.20635259,-0.37841445,0
-0.21078193,-0.74012238,0.83059889,-0.28313261,-0.37818778,0.88136816,0
0.81971371,-0.26753527,-0.037015915,0.32498431,-0.90243703,-0.28282958,0
-0.82896882,0.034522653,0.86441445,-0.32498431,0.90243703,0.28282958,0
1.6925421,-0.19546938,1.4401152,0.90234196,0.20635259,0.37841445,0
1.1166551,1.089968,-0.086525142,-0.32498431,0.90243703,0.28282958,0
-1.4523671,0.37917942,-1.3759649,-0.32498431,0.90243703,0.28282958,0
-1.7321997,0.076033771,-1.3938084,-0.90234196,-0.20635259,-0.37841445,0
-1.6350765,-0.1492852,0.38219815,-0.32498431,0.90243703,0.28282958,0
1.1926966,0.056430966,1.601018,-0.28313261,-0.37818778,0.88136816,0
-1.2634448,-0.89924622,-0.24493694,0.32498431,-0.90243703,-0.28282958,0
-1.2272689,-0.65756261,-0.7795158,0.32498431,-0.90243703,-0.28282958,0
-1.6467254,-0.62576026,-0.88105893,-0.90234196,-0.20635259,-0.37841445,0
-1.8389764,0.16863662,-1.0581713,-0.90234196,-0.20635259,-0.37841445,0
-1.7380795,-1.230782,-0.0085723996,0.32498431,-0.90243703,-0.28282958,0
-0.53975177,0.24641262,0.60101807,-0.32498431,0.90243703,0.28282958,0
1.654211,0.52980232,1.0911257,0.90234196,0.20635259,0.37841445,0
-0.98283947,-0.57923466,-1.2166145,0.32498431,-0.90243703,-0.28282958,0
0.085643709,0.090585962,1.253359,-0.28313261,-0.37818778,0.88136816,0
0.31582788,0.48939881,0.79965484,-0.32498431,0.90243703,0.28282958,0
-1.2583663,-0.67334199,-0.98410708,0.32498431,-0.90243703,-0.28282958,0
-0.89333278,0.50485945,-0.52739835,-0.32498431,0.90243703,0.28282958,0
-1.6585805,-0.87135732,-0.95161557,-0.90234196,-0.20635259,-0.37841445,0
1.9726959,0.25489506,0.6205318,0.90234196,0.20635259,0.37841445,0
-1.0367265,0.0026167631,-1.5098585,0.28313261,0.37818778,-0.88136816,0
-0.19306177,0.20757337,0.88373846,-0.32498431,0.90243703,0.28282958,0
1.4948802,-0.49122939,1.3220123,-0.28313261,-0.37818778,0.88136816,0
-0.37280163,0.68767482,-0.67638707,-0.32498431,0.90243703,0.28282958,0
-1.5517995,0.24516255,-0.4937979,-0.32498431,0.90243703,0.28282958,0
-0.77007985,0.0092454553,0.85632992,-0.28313261,-0.37818778,0.88136816,0
0.93246144,0.3553021,-0.60276765,0.28313261,0.37818778,-0.88136816,0
-1.7324214,-0.72900051,-0.8260138,-0.90234196,-0.20635259,-0.37841445,0
-1.8217274,-0.58618343,-0.87189603,-0.90234196,-0.20635259,-0.37841445,0
-0.06861192,-0.53048003,0.96234465,-0.28313261,-0.37818778,0.88136816,0
-0.079080254,-0.58034182,-0.25672594,0.32498431,-0.90243703,-0.28282958,0
-0.31197739,0.55492508,-1.0553911,0.28313261,0.37818778,-0.88136816,0
-2.1462853,-0.40857345,-0.11751568,-0.90234196,-0.20635259,-0.37841445,0
0.3727946,-0.18385838,1.1103536,-0.28313261,-0.37818778,0.88136816,0
0.27363756,-0.58265293,1.0036715,-0.28313261,-0.37818778,0.88136816,0
-1.7869126,-0.80490172,-0.74118507,-0.90234196,-0.20635259,-0.37841445,0
2.0630195,0.36805272,-0.37402123,0.28313261,0.37818778,-0.88136816,0
-1.4729089,-0.60291827,-1.2876217,0.32498431,-0.90243703,-0.28282958,0
-1.4858937,-0.96687651,-0.63649094,0.32498431,-0.90243703,-0.28282958,0
2.1717849,0.67295551,-0.12437069,0.90234196,0.20635259,0.37841445,0
-0.76297569,-0.20092499,-1.4361094,0.28313261,0.37818778,-0.88136816,0
-1.648622,-0.3209343,0.46563378,-0.28313261,-0.37818778,0.88136816,0
0.30255395,0.67136109,0.0092720091,-0.32498431,0.90243703,0.28282958,0
1.8704221,0.78823543,0.64592743,0.90234196,0.20635259,0.37841445,0
1.6049483,0.69536471,0.95570242,0.90234196,0.20635259,0.37841445,0
-0.47029644,-0.35828447,0.84479082,-0.28313261,-0.37818778,0.88136816,0
1.6475101,0.67933452,0.91560042,0.90234196,0.20635259,0.37841445,0
-1.9307661,-0.10163042,-0.058327556,-0.32498431,0.90243703,0.28282958,0
-0.99254155,-0.82399273,-0.4405731,0.32498431,-0.90243703,-0.28282958,0
1.6049398,-0.16017324,0.81622684,0.32498431,-0.90243703,-0.28282958,0
0.35845545,-0.7104907,0.90488803,0.32498431,-0.90243703,-0.28282958,0
2.0525923,0.41636369,-0.35164654,0.28313261,0.37818778,-0.88136816,0
1.8607464,-0.023310363,0.98592901,0.90234196,0.20635259,0.37841445,0
-1.845767,-0.87884712,-0.45353639,-0.90234196,-0.20635259,-0.37841445,0
-2.0682013,-0.42031306,-0.082840919,-0.90234196,-0.20635259,-0.37841445,0
0.78310895,0.18576506,-0.72890329,0.28313261,0.37818778,-0.88136816,0
-0.68871117,-0.080566451,-1.4128231,0.28313261,0.37818778,-0.88136816,0
-0.96920961,0.048094124,0.39149767,-0.32498431,0.90243703,0.28282958,0
1.7957101,-0.32289636,1.3419461,0.90234196,0.20635259,0.37841445,0
-1.9642937,0.11790466,-0.63708174,-0.90234196,-0.20635259,-0.37841445,0
-1.976902,-0.14309022,-0.68694997,-0.90234196,-0.20635259,-0.37841445,0
-1.944647,-0.54438663,-0.32602739,-0.90234196,-0.20635259,-0.37841445,0
0.49633032,-0.23327726,1.2111901,-0.28313261,-0.37818778,0.88136816,0
-1.866807,-0.77667964,-0.54998779,-0.90234196,-0.20635259,-0.37841445,0
1.8729153,0.76713479,0.48681748,0.90234196,0.20635259,0.37841445,0
-1.0918115,-0.67291522,-0.89272422,0.32498431,-0.90243703,-0.28282958,0
1.9826277,-0.00026148558,0.79409516,0.90234196,0.20635259,0.37841445,0
1.9950073,0.38205367,0.21908617,0.90234196,0.20635259,0.37841445,0
0.25545174,-0.18991604,1.0963326,-0.28313261,-0.37818778,0.88136816,0
-0.56939721,-0.28926015,-1.4761389,0.28313261,0.37818778,-0.88136816,0
-1.4803998,-0.20909208,0.5837031,-0.28313261,-0.37818778,0.88136816,0
-1.3911297,-1.0510957,0.29556394,-0.28313261,-0.37818778,0.88136816,0
-1.5244033,-0.053607911,-1.4886574,-0.90234196,-0.20635259,-0.37841445,0
-1.6085091,-0.42970362,-1.4268551,-0.90234196,-0.20635259,-0.37841445,0
-1.4564301,-0.015236527,-0.17331463,-0.32498431,0.90243703,0.28282958,0
1.843884,0.28451893,0.91080642,0.90234196,0.20635259,0.37841445,0
2.1279993,0.27360654,-0.38354367,0.32498431,-0.90243703,-0.28282958,0
-1.537761,-0.6801362,0.43213031,-0.28313261,-0.37818778,0.88136816,0
2.0570142,0.36816692,0.34409082,0.90234196,0.20635259,0.37841445,0
-1.9361548,-0.9693197,-0.26401711,-0.90234196,-0.20635259,-0.37841445,0
0.40783599,-0.75860113,0.80747175,0.32498431,-0.90243703,-0.28282958,0
1.9924071,0.53081888,0.33177733,0.90234196,0.20635259,0.37841445,0
-1.704999,-1.2170148,0.10578096,-0.28313261,-0.37818778,0.88136816,0
0.63261282,0.27480751,1.3920262,-0.32498431,0.90243703,0.28282958,0
-1.1860178,-0.79350513,-0.40713298,0.32498431,-0.90243703,-0.28282958,0
0.49031842,-0.34818399,0.020823956,0.32498431,-0.90243703,-0.28282958,0
-0.28127989,-0.44141799,-0.64732909,0.32498431,-0.90243703,-0.28282958,0
-1.8456414,-0.018711329,-1.1151129,-0.90234196,-0.20635259,-0.37841445,0
-1.1274107,-0.44244668,-1.3170257,0.32498431,-0.90243703,-0.28282958,0
0.76682055,0.84597921,-0.35391405,-0.32498431,0.90243703,0.28282958,0
1.9805329,-0.022553444,0.61021817,0.32498431,-0.90243703,-0.28282958,0
-0.8970871,-0.87868112,0.43616223,-0.28313261,-0.37818778,0.88136816,0
0.010053709,0.44341165,0.15590771,-0.32498431,0.90243703,0.28282958,0
-0.75932622,-0.13621336,0.83826745,-0.28313261,-0.37818778,0.88136816,0
-1.1284807,-0.33003196,0.6422593,-0.28313261,-0.37818778,0.88136816,0
1.6207651,0.57722551,-0.45699525,0.28313261,0.37818778,-0.88136816,0
-0.47638559,-0.56609648,0.66281903,-0.28313261,-0.37818778,0.88136816,0
1.1073699,0.01136446,1.5637546,-0.28313261,-0.37818778,0.88136816,0
-1.8677064,-1.0689626,-0.32365143,-0.90234196,-0.20635259,-0.37841445,0
1.8861314,0.13969636,0.71176589,0.90234196,0.20635259,0.37841445,0
1.1035615,0.24120075,1.6902854,-0.28313261,-0.37818778,0.88136816,0
-0.34997824,0.19923548,0.43912518,-0.32498431,0.90243703,0.28282958,0
-1.2583489,-0.55066663,-1.1399925,0.32498431,-0.90243703,-0.28282958,0
-1.0944862,-0.54226291,-1.0259657,0.32498431,-0.90243703,-0.28282958,0
-1.1695063,0.15472195,-0.2275871,-0.32498431,0.90243703,0.28282958,0
1.2855873,-0.032748371,1.5843532,-0.28313261,-0.37818778,0.88136816,0
-2.122226,-0.30355006,0.19047141,-0.90234196,-0.20635259,-0.37841445,0
1.6008308,0.38095367,1.3501769,0.90234196,0.20635259,0.37841445,0
-0.15186544,-0.46115264,-0.76989317,0.32498431,-0.90243703,-0.28282958,0
0.762519,0.85145736,0.0015947521,-0.32498431,0.90243703,0.28282958,0
-0.077232182,0.66814458,-0.87619686,0.28313261,0.37818778,-0.88136816,0
-1.711037,0.063122839,-0.51136196,-0.32498431,0.90243703,0.28282958,0
-0.83750558,0.22597799,-1.3572388,0.28313261,0.37818778,-0.88136816,0
-0.82183015,-0.55301464,0.57111895,-0.28313261,-0.37818778,0.88136816,0
-1.3550749,-0.29541004,-1.7344879,-0.90234196,-0.20635259,-0.37841445,0
0.78609806,-0.60910845,1.2038133,-0.28313261,-0.37818778,0.88136816,0
0.27374363,-0.28436393,-0.39394307,0.32498431,-0.90243703,-0.28282958,0
0.018146664,0.60820889,-0.19553298,-0.32498431,0.90243703,0.28282958,0
1.2903615,0.31527436,1.7227637,-0.28313261,-0.37818778,0.88136816,0
1.0749538,-0.15148857,-0.14147902,0.32498431,-0.90243703,-0.28282958,0
-0.57019883,-0.29453659,-1.4404671,0.28313261,0.37818778,-0.88136816,0
0.04119283,0.27083912,-1.1021906,0.28313261,0.37818778,-0.88136816,0
-1.7774734,0.07002455,-1.1878546,-0.90234196,-0.20635259,-0.37841445,0
-1.5958687,-0.057839781,0.12399024,-0.32498431,0.90243703,0.28282958,0
-0.57321936,-0.749102,0.67442942,-0.28313261,-0.37818778,0.88136816,0
1.1824355,1.0421705,-0.24351412,-0.32498431,0.90243703,0.28282958,0
-0.69851047,-0.028660372,0.81305653,-0.28313261,-0.37818778,0.88136816,0
0.92346197,0.048356563,1.3629837,-0.28313261,-0.37818778,0.88136816,0
2.037148,0.31772286,0.37901235,0.90234196,0.20635259,0.37841445,0
1.3404366,0.50550282,1.6101142,-0.32498431,0.90243703,0.28282958,0
-1.6578792,-0.36064836,0.55333066,-0.28313261,-0.37818778,0.88136816,0
0.23927325,-0.057986617,-1.0536555,0.32498431,-0.90243703,-0.28282958,0
-1.6847417,0.22219917,-1.304092,-0.90234196,-0.20635259,-0.37841445,0
-0.28852946,0.68727142,-0.98084253,0.28313261,0.37818778,-0.88136816,0
1.3442863,-0.054205805,1.5556225,-0.28313261,-0.37818778,0.88136816,0
-1.4234765,-0.17606059,0.40376607,-0.32498431,0.90243703,0.28282958,0
0.8260259,-0.45084536,0.74881119,0.32498431,-0.90243703,-0.28282958,0
1.6416336,0.25965959,1.0975147,0.90234196,0.20635259,0.37841445,0
-0.59233528,-0.038221508,-1.4463518,0.28313261,0.37818778,-0.88136816,0
1.3065598,0.75686985,1.0522223,-0.32498431,0.90243703,0.28282958,0
1.740967,0.60329467,1.022266,0.90234196,0.20635259,0.37841445,0
-1.2276552,-0.67595947,-1.0344768,0.32498431,-0.90243703,-0.28282958,0
-1.8081863,0.17010581,-0.82071137,-0.32498431,0.90243703,0.28282958,0
1.5478034,0.41154435,1.5059578,0.90234196,0.20635259,0.37841445,0
-0.98619115,-0.3643949,-1.5642178,0.32498431,-0.90243703,-0.28282958,0
-1.1108394,-0.26504079,0.69105124,-0.28313261,-0.37818778,0.88136816,0
-1.4138684,-0.95006239,0.30232528,-0.28313261,-0.37818778,0.88136816,0
-0.61009103,0.079296649,-1.2154603,0.28313261,0.37818778,-0.88136816,0
-2.068599,-0.023065865,-0.58090377,-0.90234196,-0.20635259,-0.37841445,0
1.7799258,0.97901845,0.63483548,0.90234196,0.20635259,0.37841445,0
0.38822448,-0.71792424,0.88783085,0.32498431,-0.90243703,-0.28282958,0
-1.6075604,-0.74592274,-1.2210726,-0.90234196,-0.20635259,-0.37841445,0
-1.9479793,-0.57108229,-0.089733362,-0.90234196,-0.20635259,-0.37841445,0
-2.0729613,-0.75135803,-0.10877836,-0.90234196,-0.20635259,-0.37841445,0
0.81634921,-0.22341964,1.4039702,-0.28313261,-0.37818778,0.88136816,0
-1.0405196,0.067646325,0.0617342,-0.32498431,0.90243703,0.28282958,0
-1.8848201,-0.65107501,-0.50073695,-0.90234196,-0.20635259,-0.37841445,0
-1.5688756,-0.20358384,-1.2361246,-0.90234196,-0.20635259,-0.37841445,0
1.8715382,-0.28352159,1.1941526,0.90234196,0.20635259,0.37841445,0
-1.9192111,-0.87801147,-0.40430462,-0.90234196,-0.20635259,-0.37841445,0
0.52992469,0.051539201,-1.049607,0.28313261,0.37818778,-0.88136816,0
1.3652602,0.14607531,1.5325584,-0.28313261,-0.37818778,0.88136816,0
1.8468457,0.5295741,0.67398274,0.90234196,0.20635259,0.37841445,0
1.4768739,-0.061724067,-0.10447168,0.32498431,-0.90243703,-0.28282958,0
2.101337,0.43738902,0.076686025,0.90234196,0.20635259,0.37841445,0
0.90105814,0.091673851,-0.72597575,0.32498431,-0.90243703,-0.28282958,0
1.6133614,0.71146911,-0.24327695,0.28313261,0.37818778,-0.88136816,0
-0.77477813,-0.12200461,0.84285259,-0.28313261,-0.37818778,0.88136816,0
1.4167881,0.60256696,-0.52424276,0.28313261,0.37818778,-0.88136816,0
1.0879061,1.1008562,-0.26255926,0.28313261,0.37818778,-0.88136816,0
1.5830674,-0.34958726,1.3246948,0.32498431,-0.90243703,-0.28282958,0
-0.072951436,0.6987738,-0.86148787,0.28313261,0.37818778,-0.88136816,0
1.5034343,0.37153953,1.4859475,0.90234196,0.20635259,0.37841445,0
-1.9062982,0.1499809,-0.96306884,-0.90234196,-0.20635259,-0.37841445,0
-0.89860129,0.28960773,-1.2711396,0.28313261,0.37818778,-0.88136816,0
2.1219583,0.31317091,0.29035449,0.90234196,0.20635259,0.37841445,0
1.6058383,1.083849,-0.17755634,0.28313261,0.37818778,-0.88136816,0
-1.489957,-0.40529758,-1.3808197,-0.90234196,-0.20635259,-0.37841445,0
-0.49525607,0.37896866,-0.19557738,-0.32498431,0.90243703,0.28282958,0
0.70752048,0.75750911,-0.50504208,0.28313261,0.37818778,-0.88136816,0
-0.51943737,0.39204961,-1.1404822,0.28313261,0.37818778,-0.88136816,0
-0.41644526,0.19352774,0.83190513,-0.32498431,0.90243703,0.28282958,0
0.92219865,-0.41416466,0.63751876,0.32498431,-0.90243703,-0.28282958,0
1.5505649,-0.23303559,1.4531087,-0.28313261,-0.37818778,0.88136816,0
-1.4136477,-0.50551838,-1.7285571,-0.90234196,-0.20635259,-0.37841445,0
1.6522169,0.85038912,1.0805695,0.90234196,0.20635259,0.37841445,0
1.9368702,-0.02177155,0.76844347,0.32498431,-0.90243703,-0.28282958,0
1.7960577,-0.29822487,0.9151758,0.32498431,-0.90243703,-0.28282958,0
1.7549634,0.64141488,0.9181695,0.90234196,0.20635259,0.37841445,0
1.4620605,0.4223789,-0.54845279,0.28313261,0.37818778,-0.88136816,0
-0.626616,0.45116356,-0.61723346,-0.32498431,0.90243703,0.28282958,0
0.74655157,-0.50150043,1.0611452,-0.28313261,-0.37818778,0.88136816,0
1.7601845,1.0964068,-0.12860161,0.28313261,0.37818778,-0.88136816,0
1.7910333,0.3204425,0.96464372,0.90234196,0.20635259,0.37841445,0
1.7142417,0.78952456,0.86043394,0.90234196,0.20635259,0.37841445,0
0.32338482,0.30995709,-0.96090543,0.28313261,0.37818778,-0.88136816,0
0.76369029,0.58967465,0.64729714,-0.32498431,0.90243703,0.28282958,0
-1.3102671,0.50581849,-1.296213,0.28313261,0.37818778,-0.88136816,0
-0.61878896,0.48310947,-1.1669844,0.28313261,0.37818778,-0.88136816,0
0.2412113,-0.38672543,1.0786791,-0.28313261,-0.37818778,0.88136816,0
-0.44164068,-0.66253555,-0.34492075,0.32498431,-0.90243703,-0.28282958,0
-0.72071069,-0.073750541,-1.5040932,0.28313261,0.37818778,-0.88136816,0
0.13912411,-0.38485217,-0.140084,0.32498431,-0.90243703,-0.28282958,0
1.4021654,-0.35716033,1.1826407,0.32498431,-0.90243703,-0.28282958,0
-1.18721,-0.25363144,-1.5793059,0.28313261,0.37818778,-0.88136816,0
1.9154996,0.48672342,0.61540508,0.90234196,0.20635259,0.37841445,0
-1.6030314,-0.91373241,0.22623974,-0.28313261,-0.37818778,0.88136816,0
0.72677433,-0.056163043,1.3332223,-0.28313261,-0.37818778,0.88136816,0
-2.0925989,-0.44496232,-0.049994826,-0.90234196,-0.20635259,-0.37841445,0
0.98799187,0.45842299,-0.57400137,0.28313261,0.37818778,-0.88136816,0
1.5273776,1.0699357,-0.29146755,0.28313261,0.37818778,-0.88136816,0
-1.158457,-0.36216587,0.51548874,-0.28313261,-0.37818778,0.88136816,0
-1.1535292,-0.071212083,-1.6356281,0.28313261,0.37818778,-0.88136816,0
-1.7382427,0.010517567,-0.54118395,-0.32498431,0.90243703,0.28282958,0
-1.1714481,-0.85339463,-0.31500143,0.32498431,-0.90243703,-0.28282958,0
0.64777362,-0.54508215,1.0856916,-0.28313261,-0.37818778,0.88136816,0
1.7429789,0.1236929,-0.045962572,0.32498431,-0.90243703,-0.28282958,0
-0.64624184,-0.10205998,0.89879394,-0.28313261,-0.37818778,0.88136816,0
1.1693287,-0.31973559,0.66986376,0.32498431,-0.90243703,-0.28282958,0
-0.92557132,-0.70514095,-0.30863887,0.32498431,-0.90243703,-0.28282958,0
1.5100014,-0.084385186,0.052863181,0.32498431,-0.90243703,-0.28282958,0
0.37542349,0.74912608,-0.7921375,0.28313261,0.37818778,-0.88136816,0
1.7337419,-0.37059575,1.5135688,0.90234196,0.20635259,0.37841445,0
2.1536608,0.24213368,0.13881302,0.90234196,0.20635259,0.37841445,0
-1.7177596,0.0065518022,-0.1610285,-0.32498431,0.90243703,0.28282958,0
0.23276782,-0.04339534,1.2218091,-0.28313261,-0.37818778,0.88136816,0
0.34874821,-0.1112145,1.1466733,-0.28313261,-0.37818778,0.88136816,0
-0.61039221,0.40921098,-0.45812225,-0.32498431,0.90243703,0.28282958,0
-0.24057889,0.17874965,1.0095422,-0.32498431,0.90243703,0.28282958,0
-1.9097333,-1.0196848,0.02091074,-0.28313261,-0.37818778,0.88136816,0
-0.81485188,0.28011543,0.11844048,-0.32498431,0.90243703,0.28282958,0
-0.54173595,-0.024548464,1.0617317,-0.28313261,-0.37818778,0.88136816,0
0.41724217,-0.083332956,1.1970005,-0.28313261,-0.37818778,0.88136816,0
1.6637785,0.69361639,0.9461087,0.90234196,0.20635259,0.37841445,0
0.086453378,0.23937395,1.2243208,-0.28313261,-0.37818778,0.88136816,0
1.697957,0.84276289,-0.25201142,0.28313261,0.37818778,-0.88136816,0
0.24749079,-0.63314313,0.39441255,0.32498431,-0.90243703,-0.28282958,0
1.4601129,-0.10000509,0.079050422,0.32498431,-0.90243703,-0.28282958,0
1.3796189,0.86450446,-0.31880295,0.28313261,0.37818778,-0.88136816,0
-1.3936429,-0.019373178,-0.11521691,-0.32498431,0.90243703,0.28282958,0
-0.44733566,-0.55937946,0.85289037,-0.28313261,-0.37818778,0.88136816,0
1.0068423,0.42933577,-0.57591075,0.28313261,0.37818778,-0.88136816,0
0.76456332,-0.4046908,0.18717521,0.32498431,-0.90243703,-0.28282958,0
0.51250041,0.76211131,-0.22021143,-0.32498431,0.90243703,0.28282958,0
0.27650127,0.54197323,0.67592776,-0.32498431,0.90243703,0.28282958,0
1.680701,-0.4290607,1.2903599,0.32498431,-0.90243703,-0.28282958,0
-0.36249179,-0.42067245,-1.1009612,0.32498431,-0.90243703,-0.28282958,0
1.9134214,0.26671457,0.50474918,0.90234196,0.20635259,0.37841445,0
