0.075881183,-0.63001347,0.82132792,0.34468007,-0.6967392,0.62908667,0
-1.5521787,-0.47459668,-0.42448914,-0.90794533,-0.4176307,0.034925401,0
1.1337547,-0.70372981,0.19546241,0.34468007,-0.6967392,0.62908667,0
-1.7596798,0.026571751,-0.54112601,-0.90794533,-0.4176307,0.034925401,0
1.5406621,0.14018339,0.90681362,0.90794533,0.4176307,-0.034925401,0
-1.3480378,-0.66728723,0.45089841,-0.90794533,-0.4176307,0.034925401,0
0.55913866,0.19490927,0.58119959,-0.23839203,0.58321428,0.77655017,0
0.083239198,1.1961923,-0.43406424,-0.34468007,0.6967392,-0.62908667,0
1.0952069,1.2046523,0.15284467,0.90794533,0.4176307,-0.034925401,0
-0.41930604,0.41546294,-0.83486128,-0.34468007,0.6967392,-0.62908667,0
-1.0481879,0.2059449,-0.72152752,-0.34468007,0.6967392,-0.62908667,0
-0.93608844,-1.6791706,0.33616567,0.34468007,-0.6967392,0.62908667,0
-1.1149967,-1.2071202,0.053064585,-0.90794533,-0.4176307,0.034925401,0
0.99053079,-0.55816072,0.076031506,0.23839203,-0.58321428,-0.77655017,0
1.3205339,-0.47886124,0.49189222,0.34468007,-0.6967392,0.62908667,0
-0.89816916,-0.54469454,0.76411724,-0.23839203,0.58321428,0.77655017,0
1.4166318,0.24367103,-0.4286468,0.23839203,-0.58321428,-0.77655017,0
-1.4964758,0.47526109,-0.30992436,-0.34468007,0.6967392,-0.62908667,0
1.0582521,0.97105384,-1.1198661,-0.34468007,0.6967392,-0.62908667,0
0.47065127,0.24509948,0.64707541,-0.23839203,0.58321428,0.77655017,0
-1.4003773,-0.45596701,-0.42993915,-0.90794533,-0.4176307,0.034925401,0
-1.4793663,-0.32610387,-0.48086846,-0.90794533,-0.4176307,0.034925401,0
-0.14144439,0.27753115,0.48343575,-0.23839203,0.58321428,0.77655017,0
-1.3448539,-0.63129044,0.10614693,-0.90794533,-0.4176307,0.034925401,0
1.7615154,-0.02538982,0.2561028,0.90794533,0.4176307,-0.034925401,0
-0.62179589,-1.1784467,0.52688599,0.34468007,-0.6967392,0.62908667,0
0.17075717,-0.6424517,0.71649671,0.34468007,-0.6967392,0.62908667,0
-0.8327806,0.23276028,0.21640265,-0.23839203,0.58321428,0.77655017,0
0.17604017,1.1719633,-0.44253302,-0.34468007,0.6967392,-0.62908667,0
0.073904365,0.43507212,0.42572838,-0.23839203,0.58321428,0.77655017,0
0.2828176,-0.4617956,-0.10742896,0.23839203,-0.58321428,-0.77655017,0
-0.42092198,-1.2601033,0.081052542,0.23839203,-0.58321428,-0.77655017,0
0.86423182,0.6530062,-0.84740937,0.23839203,-0.58321428,-0.77655017,0
-1.332423,0.21960112,-0.5325042,-0.34468007,0.6967392,-0.62908667,0
-0.37802815,0.93242228,-0.49603969,-0.34468007,0.6967392,-0.62908667,0
1.8190868,-0.1388531,-0.016587377,0.90794533,0.4176307,-0.034925401,0
0.66049367,1.0737613,-0.75394148,-0.34468007,0.6967392,-0.62908667,0
1.7723895,-0.16417259,0.20449471,0.90794533,0.4176307,-0.034925401,0
-0.56101614,-1.1513962,0.074763834,0.23839203,-0.58321428,-0.77655017,0
0.83814847,-0.91448748,0.2541126,0.34468007,-0.6967392,0.62908667,0
-1.0065672,0.28747234,-0.76251483,-0.34468007,0.6967392,-0.62908667,0
0.9379319,-0.41440302,0.50972217,0.34468007,-0.6967392,0.62908667,0
1.0277728,1.3936424,-0.39098406,0.90794533,0.4176307,-0.034925401,0
1.1222994,0.92574251,-0.31704414,0.90794533,0.4176307,-0.034925401,0
-1.5590878,-0.40199083,-0.76882148,-0.90794533,-0.4176307,0.034925401,0
0.29570588,0.12305456,-0.59175885,0.23839203,-0.58321428,-0.77655017,0
-0.79768515,0.17778641,-1.03913,-0.34468007,0.6967392,-0.62908667,0
1.2260145,0.8821497,-0.33649123,0.90794533,0.4176307,-0.034925401,0
0.59947467,0.77043849,0.23993224,-0.23839203,0.58321428,0.77655017,0
-1.393091,-0.48065475,-0.027179241,-0.90794533,-0.4176307,0.034925401,0
-1.5125895,-0.13207078,-0.99446046,-0.34468007,0.6967392,-0.62908667,0
0.98246551,0.12677199,0.75176853,-0.23839203,0.58321428,0.77655017,0
-0.73824281,0.4507679,-0.80770361,-0.34468007,0.6967392,-0.62908667,0
-0.57873541,0.030438423,-0.89000124,0.23839203,-0.58321428,-0.77655017,0
1.478142,0.23116684,-0.21476138,0.90794533,0.4176307,-0.034925401,0
-0.32166839,-0.79513478,0.78957653,0.34468007,-0.6967392,0.62908667,0
1.678043,0.027175188,0.400877,0.90794533,0.4176307,-0.034925401,0
1.3567693,0.17471492,0.88336158,0.34468007,-0.6967392,0.62908667,0
0.075634271,-0.31720716,-0.26997873,0.23839203,-0.58321428,-0.77655017,0
-1.1485956,-1.1118436,0.29574597,-0.90794533,-0.4176307,0.034925401,0
-0.99006766,-0.7996769,-0.2976644,0.23839203,-0.58321428,-0.77655017,0
1.1443726,-0.32211134,0.70274699,0.34468007,-0.6967392,0.62908667,0
0.92368835,0.89829934,-1.1501625,-0.34468007,0.6967392,-0.62908667,0
1.6261125,0.025591314,0.30931604,0.90794533,0.4176307,-0.034925401,0
-0.98917687,-0.12328136,-0.9038201,0.23839203,-0.58321428,-0.77655017,0
-1.2514889,-0.70663369,0.77912742,-0.23839203,0.58321428,0.77655017,0
-1.1031017,-1.1053641,0.27214336,-0.90794533,-0.4176307,0.034925401,0
0.88365138,-0.79543972,0.18177319,0.23839203,-0.58321428,-0.77655017,0
0.70136833,-0.9655478,0.23311624,0.34468007,-0.6967392,0.62908667,0
0.29259545,1.1776726,-0.17034346,-0.23839203,0.58321428,0.77655017,0
0.77238894,0.58481681,-0.72675109,0.23839203,-0.58321428,-0.77655017,0
1.6701105,0.020999007,-0.11931694,0.90794533,0.4176307,-0.034925401,0
-1.076143,-0.98290515,0.54089689,-0.90794533,-0.4176307,0.034925401,0
1.3157949,0.61159408,0.57201862,0.90794533,0.4176307,-0.034925401,0
-0.5909676,-0.38129073,0.63991612,-0.23839203,0.58321428,0.77655017,0
-1.0639062,-1.0535024,0.98730922,-0.90794533,-0.4176307,0.034925401,0
-1.3726946,-0.48628274,-0.097433209,-0.90794533,-0.4176307,0.034925401,0
0.7121141,-0.32474655,0.81738943,0.34468007,-0.6967392,0.62908667,0
0.5672062,-0.053528607,0.80157959,-0.23839203,0.58321428,0.77655017,0
0.93765616,0.93592834,0.15507972,-0.23839203,0.58321428,0.77655017,0
1.0577315,0.81431723,-0.81478095,0.23839203,-0.58321428,-0.77655017,0
-0.97454178,0.022228658,-1.0025989,-0.34468007,0.6967392,-0.62908667,0
0.013068199,-0.55544323,1.0402409,-0.23839203,0.58321428,0.77655017,0
-0.8025226,0.62748474,-0.41145456,-0.34468007,0.6967392,-0.62908667,0
-1.3682067,-0.70454288,0.72370905,-0.90794533,-0.4176307,0.034925401,0
-0.86689484,0.72134066,-0.28811258,-0.34468007,0.6967392,-0.62908667,0
-0.76464671,0.4324657,-0.66547948,-0.34468007,0.6967392,-0.62908667,0
-0.21420985,0.58053625,0.083040856,-0.23839203,0.58321428,0.77655017,0
0.28732848,0.87780404,-0.82191157,-0.34468007,0.6967392,-0.62908667,0
-1.2909343,-0.94574428,0.40793169,-0.90794533,-0.4176307,0.034925401,0
-1.5146344,-0.12834853,-0.90307891,-0.34468007,0.6967392,-0.62908667,0
-1.7509894,0.19668286,-0.49914551,-0.90794533,-0.4176307,0.034925401,0
1.3511846,0.49751228,0.40897417,0.90794533,0.4176307,-0.034925401,0
-0.10402274,-1.0720236,0.5312022,0.34468007,-0.6967392,0.62908667,0
1.198755,0.077083126,-0.31816506,0.23839203,-0.58321428,-0.77655017,0
1.6304711,0.27990407,0.0088405609,0.90794533,0.4176307,-0.034925401,0
1.5871124,0.21171135,0.877671,0.34468007,-0.6967392,0.62908667,0
-0.1972788,-0.89277399,0.076094091,0.23839203,-0.58321428,-0.77655017,0
1.5536661,0.28217781,0.78724074,0.90794533,0.4176307,-0.034925401,0
-1.4058298,-0.49791712,-0.55687773,-0.90794533,-0.4176307,0.034925401,0
-0.6916014,0.62684977,-0.42343217,-0.34468007,0.6967392,-0.62908667,0
1.5963943,0.24561951,0.27652204,0.90794533,0.4176307,-0.034925401,0
1.579578,0.15213236,0.35719275,0.90794533,0.4176307,-0.034925401,0
-0.49619663,-0.015904665,-0.84477288,0.23839203,-0.58321428,-0.77655017,0
-0.16136447,-0.49950188,-0.26567167,0.23839203,-0.58321428,-0.77655017,0
0.031373501,0.96325761,0.045304671,-0.23839203,0.58321428,0.77655017,0
0.048993081,-0.091848075,0.72684544,-0.23839203,0.58321428,0.77655017,0
-0.21576548,-0.64854228,0.87955695,0.34468007,-0.6967392,0.62908667,0
1.5259477,-0.12970302,0.021479368,0.23839203,-0.58321428,-0.77655017,0
-1.4191728,-0.5025152,0.21865404,-0.90794533,-0.4176307,0.034925401,0
-1.2397816,-0.82911426,0.39033186,-0.90794533,-0.4176307,0.034925401,0
-0.43830675,-0.29821268,0.80084205,-0.23839203,0.58321428,0.77655017,0
0.42355761,-0.074025303,-0.43983999,0.23839203,-0.58321428,-0.77655017,0
1.1438504,0.69499028,-0.91309518,0.23839203,-0.58321428,-0.77655017,0
-1.5364178,-0.25619173,-0.48648822,-0.90794533,-0.4176307,0.034925401,0
1.6771003,0.050441533,0.18250597,0.90794533,0.4176307,-0.034925401,0
-0.27158296,0.53415042,0.1363966,-0.23839203,0.58321428,0.77655017,0
0.20118117,0.69794929,-0.98911625,0.23839203,-0.58321428,-0.77655017,0
-1.2441286,-0.86542571,0.10322452,-0.90794533,-0.4176307,0.034925401,0
0.33456853,0.39887419,-0.74884421,0.23839203,-0.58321428,-0.77655017,0
-1.0127821,-0.89001882,1.034515,0.34468007,-0.6967392,0.62908667,0
1.1310413,1.0168322,-0.99164546,0.90794533,0.4176307,-0.034925401,0
-1.6590202,-0.077951908,-0.60233271,-0.90794533,-0.4176307,0.034925401,0
-1.3984652,-0.1145574,0.30149472,-0.23839203,0.58321428,0.77655017,0
0.53054881,-0.52847743,0.59666467,0.34468007,-0.6967392,0.62908667,0
-1.3240769,-0.86391407,0.20621824,-0.90794533,-0.4176307,0.034925401,0
-0.46585965,-0.92592049,0.70988137,0.34468007,-0.6967392,0.62908667,0
0.90822119,0.99701077,0.22038889,-0.23839203,0.58321428,0.77655017,0
-0.44294029,0.6097551,-0.04884097,-0.23839203,0.58321428,0.77655017,0
1.3609856,0.47502363,-0.01604104,0.90794533,0.4176307,-0.034925401,0
-1.7316291,0.18665458,-0.26489139,-0.90794533,-0.4176307,0.034925401,0
-0.7296809,-0.87851661,-0.13765258,0.23839203,-0.58321428,-0.77655017,0
0.046649456,-0.94329834,0.5177213,0.34468007,-0.6967392,0.62908667,0
-1.0428165,-1.3435516,0.37213773,-0.90794533,-0.4176307,0.034925401,0
1.6580502,-0.18147393,0.42181826,0.34468007,-0.6967392,0.62908667,0
0.1883927,1.0356774,-0.60642719,-0.34468007,0.6967392,-0.62908667,0
0.78694737,0.71480536,0.27492034,-0.23839203,0.58321428,0.77655017,0
0.82725602,1.4075818,-0.51722705,-0.34468007,0.6967392,-0.62908667,0
-1.1642871,0.54894221,-0.26133513,-0.34468007,0.6967392,-0.62908667,0
1.4545659,0.52582949,0.41383362,0.90794533,0.4176307,-0.034925401,0
-1.3336278,-0.76790363,0.015376568,-0.90794533,-0.4176307,0.034925401,0
0.94188708,0.40393955,0.69305944,-0.23839203,0.58321428,0.77655017,0
-1.3616321,-0.77581608,0.51368582,-0.90794533,-0.4176307,0.034925401,0
0.89204752,1.2935913,-0.586155,-0.34468007,0.6967392,-0.62908667,0
1.3589572,0.65672076,-0.044926524,0.90794533,0.4176307,-0.034925401,0
-1.2899401,-0.60563588,-0.36049962,-0.90794533,-0.4176307,0.034925401,0
0.44285196,0.3173719,0.45630959,-0.23839203,0.58321428,0.77655017,0
-1.464942,-0.54745048,-0.49752223,-0.90794533,-0.4176307,0.034925401,0
1.2992573,0.05435133,0.86293709,0.34468007,-0.6967392,0.62908667,0
1.199978,-0.4639861,-0.055014729,0.23839203,-0.58321428,-0.77655017,0
0.57698661,1.429932,-0.43044192,-0.34468007,0.6967392,-0.62908667,0
0.16534758,-0.9399516,0.54676336,0.34468007,-0.6967392,0.62908667,0
1.5703621,0.14791346,0.7917093,0.90794533,0.4176307,-0.034925401,0
-0.70625138,-0.68002486,-0.27629304,0.23839203,-0.58321428,-0.77655017,0
1.588798,0.21746692,0.40121186,0.90794533,0.4176307,-0.034925401,0
-0.28533152,-0.37171942,-0.43764484,0.23839203,-0.58321428,-0.77655017,0
0.12438772,0.18705767,0.52546835,-0.23839203,0.58321428,0.77655017,0
-1.2692515,0.2838195,-0.54872799,-0.34468007,0.6967392,-0.62908667,0
1.3972785,0.66821015,0.35879588,0.90794533,0.4176307,-0.034925401,0
-0.23870921,0.48945093,-0.94400179,-0.34468007,0.6967392,-0.62908667,0
-0.66425246,-0.41709822,0.816625,-0.23839203,0.58321428,0.77655017,0
0.19961703,-0.72290021,0.59549814,0.34468007,-0.6967392,0.62908667,0
-1.5011585,-0.33036894,-0.097272396,-0.90794533,-0.4176307,0.034925401,0
-0.8000201,-0.5612101,0.91958356,-0.23839203,0.58321428,0.77655017,0
-0.13250116,-0.039762765,0.53578448,-0.23839203,0.58321428,0.77655017,0
1.0030931,1.5019867,-0.197155,0.90794533,0.4176307,-0.034925401,0
-1.4663681,-0.31143188,-0.62755156,-0.90794533,-0.4176307,0.034925401,0
-0.85008085,-1.0360434,0.94443685,0.34468007,-0.6967392,0.62908667,0
1.3463521,-0.3042587,0.4522357,0.34468007,-0.6967392,0.62908667,0
0.12590826,-0.67622524,-0.020629689,0.23839203,-0.58321428,-0.77655017,0
-1.390404,-0.67055357,0.37282777,-0.90794533,-0.4176307,0.034925401,0
-0.56351376,0.65931028,-0.62881684,-0.34468007,0.6967392,-0.62908667,0
0.4853664,0.044788003,0.74641383,-0.23839203,0.58321428,0.77655017,0
1.4118679,0.654145,0.054577589,0.90794533,0.4176307,-0.034925401,0
0.39942908,-0.52945775,0.69670749,0.34468007,-0.6967392,0.62908667,0
1.0694016,1.0754482,-0.9900707,-0.34468007,0.6967392,-0.62908667,0
-0.85513037,-0.64493155,-0.35546684,0.23839203,-0.58321428,-0.77655017,0
0.78475195,-0.47477964,0.079809248,0.23839203,-0.58321428,-0.77655017,0
0.34316307,0.81548095,-0.96049559,-0.34468007,0.6967392,-0.62908667,0
-0.95871317,-0.032043338,-0.97626823,0.23839203,-0.58321428,-0.77655017,0
-0.71843177,-1.5596727,0.3724528,0.34468007,-0.6967392,0.62908667,0
-1.3634412,-0.55421191,-0.67108941,-0.90794533,-0.4176307,0.034925401,0
1.1657572,1.0733745,-0.23793197,0.90794533,0.4176307,-0.034925401,0
0.24025589,1.162752,-0.57200152,-0.34468007,0.6967392,-0.62908667,0
-1.0296863,-1.4280922,0.1553545,-0.90794533,-0.4176307,0.034925401,0
-0.54188037,0.37896386,0.099319249,-0.23839203,0.58321428,0.77655017,0
-1.4153368,0.30034667,-0.51978183,-0.34468007,0.6967392,-0.62908667,0
-1.1973673,-0.86109316,0.72683746,-0.90794533,-0.4176307,0.034925401,0
-1.0149448,0.21257813,0.14776033,-0.23839203,0.58321428,0.77655017,0
0.88705915,0.91411269,-0.94927132,0.23839203,-0.58321428,-0.77655017,0
0.51477945,-0.5366239,-0.061624944,0.23839203,-0.58321428,-0.77655017,0
-0.78802449,0.72062463,-0.24752367,-0.34468007,0.6967392,-0.62908667,0
-0.30015302,0.27810413,0.26928958,-0.23839203,0.58321428,0.77655017,0
1.2804806,0.6813581,0.2752552,0.90794533,0.4176307,-0.034925401,0
-0.67749393,-0.35760951,0.80176044,-0.23839203,0.58321428,0.77655017,0
0.91131938,0.91084439,0.16225803,-0.23839203,0.58321428,0.77655017,0
1.7357812,-0.011412621,0.52966928,0.90794533,0.4176307,-0.034925401,0
-0.21913064,-1.3601038,0.35767901,0.34468007,-0.6967392,0.62908667,0
1.4333464,0.45644671,0.82637537,-0.23839203,0.58321428,0.77655017,0
1.6027827,-0.017385125,0.33764589,0.90794533,0.4176307,-0.034925401,0
-0.25326532,0.94173622,-0.032475114,-0.23839203,0.58321428,0.77655017,0
1.3003905,0.74391204,0.018452883,0.90794533,0.4176307,-0.034925401,0
0.4428938,-0.36645025,0.99397498,0.34468007,-0.6967392,0.62908667,0
0.2186911,0.17229748,-0.70329905,0.23839203,-0.58321428,-0.77655017,0
-0.15732849,-1.2017288,0.22941552,0.23839203,-0.58321428,-0.77655017,0
-1.078728,0.21428844,-0.69198895,-0.34468007,0.6967392,-0.62908667,0
0.064743519,0.8027873,-0.85477722,-0.34468007,0.6967392,-0.62908667,0
-1.4376433,-0.35786834,0.16097915,-0.90794533,-0.4176307,0.034925401,0
1.0797921,1.246208,-0.0045069456,0.90794533,0.4176307,-0.034925401,0
-0.55675375,0.84109139,-0.2740539,-0.23839203,0.58321428,0.77655017,0
-0.56357837,0.5956037,0.13916132,-0.23839203,0.58321428,0.77655017,0
0.95954281,1.2615868,-0.76649159,-0.34468007,0.6967392,-0.62908667,0
-0.29143637,0.2115469,-0.95716673,0.23839203,-0.58321428,-0.77655017,0
0.9770748,1.3002589,-0.23018396,0.90794533,0.4176307,-0.034925401,0
-1.0607216,0.33227903,-0.56088805,-0.34468007,0.6967392,-0.62908667,0
-1.7283673,0.1092374,-0.54821932,-0.90794533,-0.4176307,0.034925401,0
-1.5749301,-0.19160366,0.20291531,-0.90794533,-0.4176307,0.034925401,0
1.7341979,-0.00745821,0.47573006,0.90794533,0.4176307,-0.034925401,0
1.2233529,0.16462952,0.96923518,-0.23839203,0.58321428,0.77655017,0
0.96547168,1.0108409,-0.8623299,-0.34468007,0.6967392,-0.62908667,0
0.30440897,0.29106802,0.58549285,-0.23839203,0.58321428,0.77655017,0
-1.4519495,-0.53957534,-0.016913414,-0.90794533,-0.4176307,0.034925401,0
-0.37056434,-0.84217858,-0.035681725,0.23839203,-0.58321428,-0.77655017,0
-0.055669665,-0.98008198,0.60340011,0.34468007,-0.6967392,0.62908667,0
1.4483435,0.26417238,-0.026305914,0.90794533,0.4176307,-0.034925401,0
0.76156586,0.14174896,0.79742575,-0.23839203,0.58321428,0.77655017,0
-1.3576486,-0.7602644,0.87708342,-0.90794533,-0.4176307,0.034925401,0
1.1385754,0.16423315,-0.40710717,0.23839203,-0.58321428,-0.77655017,0
-1.0107399,0.034765258,0.20167589,-0.23839203,0.58321428,0.77655017,0
1.1076294,0.46879816,-0.68745333,0.23839203,-0.58321428,-0.77655017,0
-0.39569557,0.087308884,-0.83724344,0.23839203,-0.58321428,-0.77655017,0
0.72130543,0.68556994,-0.98669654,0.23839203,-0.58321428,-0.77655017,0
-0.39646196,-0.77203393,0.87337148,0.34468007,-0.6967392,0.62908667,0
-1.1594658,-1.1885841,0.044880986,-0.90794533,-0.4176307,0.034925401,0
0.52917469,-0.85215664,0.27448085,0.23839203,-0.58321428,-0.77655017,0
0.8666898,1.6397235,-0.22757876,-0.23839203,0.58321428,0.77655017,0
-0.050407052,0.76599157,0.051030345,-0.23839203,0.58321428,0.77655017,0
-1.1312938,-1.1889883,0.68523067,-0.90794533,-0.4176307,0.034925401,0
-1.5410306,-0.23448867,-0.87105262,-0.34468007,0.6967392,-0.62908667,0
-0.5441829,-0.15586764,0.71420193,-0.23839203,0.58321428,0.77655017,0
-0.28166524,-0.91938448,0.085797578,0.23839203,-0.58321428,-0.77655017,0
0.14944148,-1.0932919,0.32919002,0.34468007,-0.6967392,0.62908667,0
0.82895648,0.20523524,0.83367825,-0.23839203,0.58321428,0.77655017,0
-1.4502022,-0.50748879,0.5672822,-0.90794533,-0.4176307,0.034925401,0
0.81325251,1.4221156,-0.59131068,-0.34468007,0.6967392,-0.62908667,0
0.091729164,1.1834129,-0.27652779,-0.34468007,0.6967392,-0.62908667,0
0.88967067,0.67019475,0.32433879,-0.23839203,0.58321428,0.77655017,0
0.55745596,1.1884816,-0.48181647,-0.34468007,0.6967392,-0.62908667,0
-0.84186405,0.4572933,0.079024971,-0.23839203,0.58321428,0.77655017,0
-0.030727461,0.42407501,0.31544301,-0.23839203,0.58321428,0.77655017,0
0.49436879,1.3440573,-0.39353713,-0.34468007,0.6967392,-0.62908667,0
0.77458274,1.0492948,-0.71449649,-0.34468007,0.6967392,-0.62908667,0
1.4156607,0.52980685,0.27555287,0.90794533,0.4176307,-0.034925401,0
0.33643451,0.47058114,-0.81901187,0.23839203,-0.58321428,-0.77655017,0
0.6105215,0.3403126,0.59567213,-0.23839203,0.58321428,0.77655017,0
-0.68441921,-1.3020093,0.60872573,0.34468007,-0.6967392,0.62908667,0
0.83450997,1.6060796,-0.40972382,-0.34468007,0.6967392,-0.62908667,0
-0.8585965,-0.4340083,0.6819129,-0.23839203,0.58321428,0.77655017,0
1.5546625,0.25977451,0.55175161,0.90794533,0.4176307,-0.034925401,0
-1.1581451,0.66344088,-0.35631216,-0.34468007,0.6967392,-0.62908667,0
-1.4043012,0.54797673,-0.24212372,-0.34468007,0.6967392,-0.62908667,0
0.73706377,0.25143623,0.78149694,-0.23839203,0.58321428,0.77655017,0
-0.95667732,0.089061797,-0.89917934,-0.34468007,0.6967392,-0.62908667,0
0.30073166,-0.92753625,0.2448691,0.34468007,-0.6967392,0.62908667,0
1.2807845,0.24845617,-0.42502129,0.23839203,-0.58321428,-0.77655017,0
1.5599346,0.26906723,0.64616144,0.90794533,0.4176307,-0.034925401,0
1.2060359,0.81323636,-0.46467549,0.90794533,0.4176307,-0.034925401,0
1.5549331,0.037045583,0.16742671,0.90794533,0.4176307,-0.034925401,0
-0.59188181,-0.44264558,0.89495981,-0.23839203,0.58321428,0.77655017,0
0.88136268,0.77596593,0.244766,-0.23839203,0.58321428,0.77655017,0
-1.1341599,-1.0862718,0.16383302,-0.90794533,-0.4176307,0.034925401,0
1.3494103,-0.56354427,0.13580751,0.23839203,-0.58321428,-0.77655017,0
-1.4881208,-0.36857772,-0.89998436,0.23839203,-0.58321428,-0.77655017,0
-0.019130588,-0.42427644,0.84073836,-0.23839203,0.58321428,0.77655017,0
0.37198716,1.0915345,-0.17586467,-0.23839203,0.58321428,0.77655017,0
1.5247829,0.092315495,0.57822263,0.90794533,0.4176307,-0.034925401,0
-1.2625431,-0.89231038,0.87590665,-0.90794533,-0.4176307,0.034925401,0
-0.62075245,0.52910709,0.023714989,-0.23839203,0.58321428,0.77655017,0
-0.069118209,0.17542765,0.37942767,-0.23839203,0.58321428,0.77655017,0
0.59273398,-0.041625619,0.90720838,-0.23839203,0.58321428,0.77655017,0
-0.13262689,1.0085223,-0.36305445,-0.34468007,0.6967392,-0.62908667,0
-1.1566277,-0.67724627,-0.56346107,0.23839203,-0.58321428,-0.77655017,0
0.31670511,0.83100677,-0.92584497,-0.34468007,0.6967392,-0.62908667,0
-1.1472406,-0.90323979,0.70342761,-0.90794533,-0.4176307,0.034925401,0
1.0138617,-0.59215671,0.38284373,0.34468007,-0.6967392,0.62908667,0
-0.77575278,0.27234143,0.31791693,-0.23839203,0.58321428,0.77655017,0
1.5457113,-0.067609191,0.55254471,0.34468007,-0.6967392,0.62908667,0
1.1038449,1.2217519,-0.72853279,0.90794533,0.4176307,-0.034925401,0
-0.29205221,0.91901088,-0.15416139,-0.23839203,0.58321428,0.77655017,0
0.78072774,-0.63251078,0.52970338,0.34468007,-0.6967392,0.62908667,0
1.0146693,1.2322354,-0.71083212,0.90794533,0.4176307,-0.034925401,0
1.4874774,0.2125926,0.68780541,0.90794533,0.4176307,-0.034925401,0
-1.400727,0.27045748,-0.47879303,-0.34468007,0.6967392,-0.62908667,0
0.082360126,0.24683279,0.55383629,-0.23839203,0.58321428,0.77655017,0
-1.1675407,-1.2457261,0.24503028,-0.90794533,-0.4176307,0.034925401,0
1.6322877,0.23454916,-0.32840455,0.90794533,0.4176307,-0.034925401,0
1.0441078,0.77845412,-1.0081296,0.23839203,-0.58321428,-0.77655017,0
0.32540259,0.82287997,0.24436861,-0.23839203,0.58321428,0.77655017,0
-0.79745269,0.2654222,-0.80455971,-0.34468007,0.6967392,-0.62908667,0
-1.4728022,-0.43745583,0.3329308,-0.90794533,-0.4176307,0.034925401,0
1.6386337,-0.020779967,0.5129323,0.34468007,-0.6967392,0.62908667,0
-1.3632439,-0.79573125,-0.24169958,-0.90794533,-0.4176307,0.034925401,0
0.37517291,-0.66745245,0.66086584,0.34468007,-0.6967392,0.62908667,0
0.67180681,0.65395689,0.262667,-0.23839203,0.58321428,0.77655017,0
-1.1008887,-1.0110925,0.31076145,-0.90794533,-0.4176307,0.034925401,0
-0.51649308,-0.72019893,-0.24806237,0.23839203,-0.58321428,-0.77655017,0
0.33517158,-0.78611791,0.68996233,0.34468007,-0.6967392,0.62908667,0
-1.4534338,-0.55988181,-0.56316769,-0.90794533,-0.4176307,0.034925401,0
0.62029433,0.83693635,-0.86548781,-0.34468007,0.6967392,-0.62908667,0
1.2938647,0.67340893,0.0046181679,0.90794533,0.4176307,-0.034925401,0
0.70466936,0.63231111,-1.0299721,0.23839203,-0.58321428,-0.77655017,0
1.2879324,0.007602632,1.0206817,0.34468007,-0.6967392,0.62908667,0
-0.3779397,0.95724356,-0.12197946,-0.23839203,0.58321428,0.77655017,0
0.20121825,-0.94831944,0.22472516,0.23839203,-0.58321428,-0.77655017,0
0.89695746,-0.17587133,-0.115825,0.23839203,-0.58321428,-0.77655017,0
1.0938573,0.96914434,-1.059391,0.23839203,-0.58321428,-0.77655017,0
1.2893481,0.0056215525,0.86935353,0.34468007,-0.6967392,0.62908667,0
1.3630228,-0.48084161,0.23142421,0.34468007,-0.6967392,0.62908667,0
-0.057232141,0.30044305,-0.84559554,0.23839203,-0.58321428,-0.77655017,0
-1.208885,-0.29343802,-0.88807297,0.23839203,-0.58321428,-0.77655017,0
-0.58517337,-1.1590455,0.71129751,0.34468007,-0.6967392,0.62908667,0
0.028277159,-1.0469222,0.44100159,0.34468007,-0.6967392,0.62908667,0
-1.1405236,0.30031896,-0.73397124,-0.34468007,0.6967392,-0.62908667,0
1.2901769,-0.48570937,0.28888905,0.34468007,-0.6967392,0.62908667,0
0.55499566,-0.70463181,0.6203413,0.34468007,-0.6967392,0.62908667,0
1.3138632,0.82752752,-0.76849651,0.90794533,0.4176307,-0.034925401,0
1.6353867,0.093647823,-0.23043036,0.90794533,0.4176307,-0.034925401,0
-1.1011733,-1.0369308,-0.11875629,0.23839203,-0.58321428,-0.77655017,0
1.0880406,-0.27441779,0.79581553,0.34468007,-0.6967392,0.62908667,0
-0.32565755,0.76323819,-0.44941249,-0.34468007,0.6967392,-0.62908667,0
-1.1650225,-0.19907157,0.46194977,-0.23839203,0.58321428,0.77655017,0
0.64866519,0.95689309,-0.86058772,-0.34468007,0.6967392,-0.62908667,0
-1.4532213,-0.33892661,0.30279958,-0.90794533,-0.4176307,0.034925401,0
-0.46516341,-0.82463378,0.99133348,0.34468007,-0.6967392,0.62908667,0
0.68554449,0.93445975,-1.0236373,-0.34468007,0.6967392,-0.62908667,0
1.3874393,-0.26930067,0.45089471,0.34468007,-0.6967392,0.62908667,0
0.20417941,1.1075079,-0.55447125,-0.34468007,0.6967392,-0.62908667,0
-1.4082483,-0.56221688,0.14025629,-0.90794533,-0.4176307,0.034925401,0
-0.94385898,0.56959563,-0.56045604,-0.34468007,0.6967392,-0.62908667,0
1.1654507,0.96126592,-1.0674564,0.23839203,-0.58321428,-0.77655017,0
-0.23614699,-1.0200188,0.56960517,0.34468007,-0.6967392,0.62908667,0
-1.1580219,-0.10926992,-0.97822177,0.23839203,-0.58321428,-0.77655017,0
1.3859402,0.74022192,0.56865776,0.90794533,0.4176307,-0.034925401,0
-0.65091628,0.7257489,-0.27596202,-0.34468007,0.6967392,-0.62908667,0
-1.6677318,-0.17552957,-0.023936987,-0.90794533,-0.4176307,0.034925401,0
-0.057517409,-0.3993547,0.89890456,-0.23839203,0.58321428,0.77655017,0
-1.1804291,-0.5275746,-0.48592484,0.23839203,-0.58321428,-0.77655017,0
-1.1792698,-0.56823951,0.58732474,-0.23839203,0.58321428,0.77655017,0
0.87734127,-0.19787738,0.78684843,0.34468007,-0.6967392,0.62908667,0
0.92349678,0.45782489,0.60708356,-0.23839203,0.58321428,0.77655017,0
-1.3817321,-0.57284236,-0.39272273,-0.90794533,-0.4176307,0.034925401,0
-1.1088433,-0.91715384,0.89797509,-0.90794533,-0.4176307,0.034925401,0
1.4768499,0.4770264,0.30096138,0.90794533,0.4176307,-0.034925401,0
-0.51123106,0.16831955,0.4030996,-0.23839203,0.58321428,0.77655017,0
-1.3624626,-0.6574893,0.38465941,-0.90794533,-0.4176307,0.034925401,0
0.93945467,1.3493155,-0.47221953,0.90794533,0.4176307,-0.034925401,0
-0.76092261,-1.1570562,0.83919036,0.34468007,-0.6967392,0.62908667,0
-0.28306431,-0.85686433,0.75507313,0.34468007,-0.6967392,0.62908667,0
1.026013,1.1613965,-0.53671598,0.90794533,0.4176307,-0.034925401,0
-1.4745414,-0.58284229,0.29878366,-0.90794533,-0.4176307,0.034925401,0
1.4751148,0.30868563,-0.18597531,0.90794533,0.4176307,-0.034925401,0
-1.1281384,-0.87422371,0.9446786,-0.90794533,-0.4176307,0.034925401,0
-1.2943621,-0.53333539,0.17397928,-0.90794533,-0.4176307,0.034925401,0
-0.94903153,-0.73874182,0.85705972,-0.23839203,0.58321428,0.77655017,0
-1.2867068,0.50583714,-0.4462049,-0.34468007,0.6967392,-0.62908667,0
-0.7070598,-0.5133996,0.74504966,-0.23839203,0.58321428,0.77655017,0
1.7517194,-0.066594072,0.022075534,0.90794533,0.4176307,-0.034925401,0
-0.49115643,-0.37226,0.77001822,-0.23839203,0.58321428,0.77655017,0
1.1888926,0.87900388,-0.87324947,0.90794533,0.4176307,-0.034925401,0
-0.50499302,-0.95522976,0.92789292,0.34468007,-0.6967392,0.62908667,0
-0.44611615,-1.4622302,0.24944001,0.23839203,-0.58321428,-0.77655017,0
-0.29417431,-1.1859999,0.13705817,0.23839203,-0.58321428,-0.77655017,0
0.30586827,-0.32835034,0.9273802,0.34468007,-0.6967392,0.62908667,0
1.6719387,0.014269114,0.26279986,0.90794533,0.4176307,-0.034925401,0
1.485039,0.18820262,0.055484772,0.90794533,0.4176307,-0.034925401,0
-0.64623797,-1.4219761,0.35815376,0.34468007,-0.6967392,0.62908667,0
-1.1973599,0.52540994,-0.47914076,-0.34468007,0.6967392,-0.62908667,0
-0.1658161,0.40694413,0.29256195,-0.23839203,0.58321428,0.77655017,0
-1.1246488,-1.2512244,0.21985245,-0.90794533,-0.4176307,0.034925401,0
1.5088496,0.35238355,0.8089633,0.90794533,0.4176307,-0.034925401,0
0.37706816,-0.96089393,0.40565488,0.34468007,-0.6967392,0.62908667,0
1.2435081,0.96700263,0.27003777,0.90794533,0.4176307,-0.034925401,0
1.4015211,0.53830576,-0.47652447,0.90794533,0.4176307,-0.034925401,0
-0.46504861,-0.016003728,-0.66600454,0.23839203,-0.58321428,-0.77655017,0
-0.69021934,0.66190845,-0.012999713,-0.23839203,0.58321428,0.77655017,0
1.3838584,0.7856729,-0.40733624,0.90794533,0.4176307,-0.034925401,0
-0.4470529,0.49996418,-0.80105811,-0.34468007,0.6967392,-0.62908667,0
-0.0045157373,-0.43696791,-0.4405635,0.23839203,-0.58321428,-0.77655017,0
1.6086098,0.089373559,0.32272875,0.90794533,0.4176307,-0.034925401,0
1.2783095,0.72093487,0.038706183,0.90794533,0.4176307,-0.034925401,0
1.3574213,0.79243124,0.087894917,0.90794533,0.4176307,-0.034925401,0
-1.4857666,0.072332561,-0.83026206,-0.34468007,0.6967392,-0.62908667,0
-1.1691121,-1.1656692,0.23101747,-0.90794533,-0.4176307,0.034925401,0
-0.95350254,-0.92150921,-0.19891012,0.23839203,-0.58321428,-0.77655017,0
-0.091778457,0.6282469,-0.87832415,-0.34468007,0.6967392,-0.62908667,0
0.46055442,1.0070182,-0.77194548,-0.34468007,0.6967392,-0.62908667,0
0.76702213,-0.20926517,-0.18677253,0.23839203,-0.58321428,-0.77655017,0
-1.457137,0.51656705,-0.35737908,-0.34468007,0.6967392,-0.62908667,0
0.42600095,0.21340269,-0.62958801,0.23839203,-0.58321428,-0.77655017,0
-0.011950612,0.93592185,-0.66618061,-0.34468007,0.6967392,-0.62908667,0
-0.22908455,-0.82781005,0.71127993,0.34468007,-0.6967392,0.62908667,0
-1.3727858,-0.10015142,-0.96883571,-0.34468007,0.6967392,-0.62908667,0
0.37754089,0.30585745,-0.83172476,0.23839203,-0.58321428,-0.77655017,0
-0.28212807,0.23700058,0.47913679,-0.23839203,0.58321428,0.77655017,0
-1.4319479,-0.49699605,0.072514772,-0.90794533,-0.4176307,0.034925401,0
1.6805289,0.15506047,0.95746005,0.34468007,-0.6967392,0.62908667,0
0.73390603,1.5119176,-0.37587255,-0.34468007,0.6967392,-0.62908667,0
-0.35150838,-0.10144573,-0.75253201,0.23839203,-0.58321428,-0.77655017,0
-0.60902333,-1.3575325,0.39979619,0.34468007,-0.6967392,0.62908667,0
0.23495102,-0.93237376,0.32356134,0.34468007,-0.6967392,0.62908667,0
-1.613562,-0.22858062,0.18174148,-0.90794533,-0.4176307,0.034925401,0
-1.3086178,-0.77687448,-0.25268841,-0.90794533,-0.4176307,0.034925401,0
1.6317436,0.27983946,0.59106266,0.90794533,0.4176307,-0.034925401,0
-0.67705613,-1.1239462,0.79916298,0.34468007,-0.6967392,0.62908667,0
-0.52125597,-0.83658117,0.83650273,0.34468007,-0.6967392,0.62908667,0
0.047929943,-0.81081724,0.52419943,0.34468007,-0.6967392,0.62908667,0
-0.88782012,-0.9873538,-0.28295255,0.23839203,-0.58321428,-0.77655017,0
-1.2533445,-0.8120805,0.6641193,-0.90794533,-0.4176307,0.034925401,0
-1.1919127,0.28938347,-0.60415375,-0.34468007,0.6967392,-0.62908667,0
-1.5637722,0.31341654,-0.15502727,-0.23839203,0.58321428,0.77655017,0
1.2353624,0.88818735,-0.42635214,0.90794533,0.4176307,-0.034925401,0
-0.8722446,-0.719616,-0.27122533,0.23839203,-0.58321428,-0.77655017,0
-0.93518311,-1.2212487,0.80448794,0.34468007,-0.6967392,0.62908667,0
-0.075921997,-0.54580134,-0.35630447,0.23839203,-0.58321428,-0.77655017,0
1.5988688,0.3477748,0.56351614,0.90794533,0.4176307,-0.034925401,0
1.5884475,0.13009247,-0.14158964,0.90794533,0.4176307,-0.034925401,0
-1.2956786,-0.14686573,-0.95008755,-0.34468007,0.6967392,-0.62908667,0
-1.7126789,0.25775602,-0.47469676,-0.90794533,-0.4176307,0.034925401,0
-0.62997866,0.80874002,-0.41218099,-0.34468007,0.6967392,-0.62908667,0
-0.24519867,-0.67906553,1.0329593,0.34468007,-0.6967392,0.62908667,0
1.3346829,-0.39655355,0.49773002,0.34468007,-0.6967392,0.62908667,0
-1.8711247,0.26894516,-0.074236751,-0.90794533,-0.4176307,0.034925401,0
-0.80205905,-0.9635998,1.0991768,0.34468007,-0.6967392,0.62908667,0
1.6284207,0.2559208,0.3876797,0.90794533,0.4176307,-0.034925401,0
-1.7387338,0.1551729,-0.19690084,-0.90794533,-0.4176307,0.034925401,0
1.2296625,-0.49578094,0.52425945,0.34468007,-0.6967392,0.62908667,0
-0.67476207,0.176817,0.36083627,-0.23839203,0.58321428,0.77655017,0
-1.0003612,-0.83151543,1.0725168,-0.23839203,0.58321428,0.77655017,0
-1.4168131,-0.68379498,0.67288494,-0.90794533,-0.4176307,0.034925401,0
-0.9255271,-0.24122705,0.60322285,-0.23839203,0.58321428,0.77655017,0
0.0072331429,-0.98641467,0.20655444,0.23839203,-0.58321428,-0.77655017,0
1.485481,-0.26532805,0.061637998,0.23839203,-0.58321428,-0.77655017,0
0.63381511,-0.39510617,0.73510742,0.34468007,-0.6967392,0.62908667,0
-1.3942425,-0.71993756,-0.065118551,-0.90794533,-0.4176307,0.034925401,0
1.3081965,-0.38768345,0.40111339,0.34468007,-0.6967392,0.62908667,0
0.19701898,-0.41831487,0.98031193,-0.23839203,0.58321428,0.77655017,0
-0.2409175,-1.166811,0.27930069,0.23839203,-0.58321428,-0.77655017,0
0.042197227,0.28701881,-0.86421788,0.23839203,-0.58321428,-0.77655017,0
-1.2553442,-0.68017673,0.61974466,-0.90794533,-0.4176307,0.034925401,0
1.2032408,0.88806909,-0.84852004,0.90794533,0.4176307,-0.034925401,0
0.10965526,-0.50458854,0.89336616,0.34468007,-0.6967392,0.62908667,0
0.86947846,0.28771198,0.78771305,-0.23839203,0.58321428,0.77655017,0
1.3455755,-0.097205579,0.71548295,0.34468007,-0.6967392,0.62908667,0
-0.85942817,-1.405638,0.026406765,0.23839203,-0.58321428,-0.77655017,0
-1.1598866,0.28126574,-0.70086896,-0.34468007,0.6967392,-0.62908667,0
-0.12735164,0.63899374,0.14730483,-0.23839203,0.58321428,0.77655017,0
0.84879321,0.98231781,-0.87834752,-0.34468007,0.6967392,-0.62908667,0
-0.26340932,-0.61262643,0.99671125,-0.23839203,0.58321428,0.77655017,0
-1.2869028,-0.075128555,-0.86427224,-0.34468007,0.6967392,-0.62908667,0
-0.38567686,0.92042196,-0.50916272,-0.34468007,0.6967392,-0.62908667,0
-0.075351238,-0.40411928,0.82685781,-0.23839203,0.58321428,0.77655017,0
-0.76373243,0.033120751,-0.80015033,0.23839203,-0.58321428,-0.77655017,0
-0.46601927,0.6511544,-0.6398164,-0.34468007,0.6967392,-0.62908667,0
1.3506401,0.67621249,0.41776884,0.90794533,0.4176307,-0.034925401,0
-1.4757177,-0.46625227,-0.44067562,-0.90794533,-0.4176307,0.034925401,0
-0.78208667,0.22025836,-1.0480406,-0.34468007,0.6967392,-0.62908667,0
1.5498846,0.22391424,0.27920651,0.90794533,0.4176307,-0.034925401,0
1.0813649,1.3360205,-0.15427172,0.90794533,0.4176307,-0.034925401,0
-1.4237988,-0.41752714,-0.44714642,-0.90794533,-0.4176307,0.034925401,0
-1.6178468,-0.1738981,-0.80693042,-0.34468007,0.6967392,-0.62908667,0
1.3038996,0.80528277,-0.44531012,0.90794533,0.4176307,-0.034925401,0
0.025507361,-0.29283065,-0.30910125,0.23839203,-0.58321428,-0.77655017,0
0.83537054,0.16019434,0.66421092,-0.23839203,0.58321428,0.77655017,0
1.1860502,1.1426091,-0.3255105,0.90794533,0.4176307,-0.034925401,0
1.2803981,0.57396412,0.60007262,-0.23839203,0.58321428,0.77655017,0
0.71676642,1.291238,-0.63133645,-0.34468007,0.6967392,-0.62908667,0
0.66138971,0.8963685,-0.99260908,-0.34468007,0.6967392,-0.62908667,0
-0.30408472,0.64633423,-0.62729776,-0.34468007,0.6967392,-0.62908667,0
0.2567752,1.1951369,-0.3025223,-0.34468007,0.6967392,-0.62908667,0
-0.012644142,0.68103123,0.24195619,-0.23839203,0.58321428,0.77655017,0
-1.1083208,-0.93712008,0.58941507,-0.90794533,-0.4176307,0.034925401,0
1.1335406,0.9955005,-1.0607462,0.23839203,-0.58321428,-0.77655017,0
-1.3252776,-0.81222391,-0.46019363,-0.90794533,-0.4176307,0.034925401,0
-0.65288401,-0.39826965,-0.64200491,0.23839203,-0.58321428,-0.77655017,0
-1.1753159,-1.1592731,0.18540168,-0.90794533,-0.4176307,0.034925401,0
-1.3155444,-0.34727052,0.56318426,-0.23839203,0.58321428,0.77655017,0
-0.35855484,-1.1664356,0.35271811,0.34468007,-0.6967392,0.62908667,0
-1.3475965,-0.81784242,-0.249946,-0.90794533,-0.4176307,0.034925401,0
-0.41598427,1.0598673,-0.2034789,-0.23839203,0.58321428,0.77655017,0
0.16107559,-0.74105102,0.67096329,0.34468007,-0.6967392,0.62908667,0
-0.55918705,0.32921472,-0.83930683,-0.34468007,0.6967392,-0.62908667,0
-0.043257594,-0.87072206,0.53494775,0.34468007,-0.6967392,0.62908667,0
-0.26995856,-1.2914962,0.41757065,0.34468007,-0.6967392,0.62908667,0
-1.1894578,0.42088553,-0.44622445,-0.34468007,0.6967392,-0.62908667,0
-1.5862147,-0.2471008,-0.22188139,-0.90794533,-0.4176307,0.034925401,0
-1.3393091,-0.50531352,-0.096526504,-0.90794533,-0.4176307,0.034925401,0
-0.66638714,0.092346549,-0.99583334,0.23839203,-0.58321428,-0.77655017,0
-1.1167277,-1.0264218,0.98723286,-0.90794533,-0.4176307,0.034925401,0
-0.037232816,-0.65630805,0.99096638,0.34468007,-0.6967392,0.62908667,0
0.68090069,-0.40856555,0.72989976,0.34468007,-0.6967392,0.62908667,0
-1.1851923,-0.7962023,0.56215793,-0.90794533,-0.4176307,0.034925401,0
-1.470789,-0.52996802,0.60101295,-0.90794533,-0.4176307,0.034925401,0
-1.4887331,-0.21613592,-0.81359327,-0.90794533,-0.4176307,0.034925401,0
0.66259569,0.77777582,-0.91183788,0.23839203,-0.58321428,-0.77655017,0
-1.0703428,-1.340538,-0.02852428,-0.90794533,-0.4176307,0.034925401,0
-0.73877501,-0.90890586,0.90178764,0.34468007,-0.6967392,0.62908667,0
-0.44435194,-0.0510028,-0.69117427,0.23839203,-0.58321428,-0.77655017,0
0.15545583,-0.38988584,0.98118955,0.34468007,-0.6967392,0.62908667,0
-1.514806,0.22280835,-0.36131442,-0.34468007,0.6967392,-0.62908667,0
1.2797873,-0.4272652,0.35146296,0.34468007,-0.6967392,0.62908667,0
1.3188342,-0.076223671,0.86811244,0.34468007,-0.6967392,0.62908667,0
1.1568108,0.807688,-0.53822827,0.90794533,0.4176307,-0.034925401,0
0.96644819,1.1519557,-0.78214735,-0.34468007,0.6967392,-0.62908667,0
0.17462459,0.10381562,0.66076308,-0.23839203,0.58321428,0.77655017,0
1.7482374,0.045975864,0.50587142,0.90794533,0.4176307,-0.034925401,0
-1.104774,-0.90343869,0.81327212,-0.90794533,-0.4176307,0.034925401,0
-1.4863745,-0.47261864,-0.64150345,-0.90794533,-0.4176307,0.034925401,0
0.53952777,0.10956371,-0.68695164,0.23839203,-0.58321428,-0.77655017,0
-1.3586819,-0.55447555,0.50413287,-0.90794533,-0.4176307,0.034925401,0
0.34526896,-0.28552368,0.94655252,0.34468007,-0.6967392,0.62908667,0
-1.1215029,-1.170884,0.70123273,-0.90794533,-0.4176307,0.034925401,0
0.11638564,0.011905372,0.65173483,-0.23839203,0.58321428,0.77655017,0
1.5711973,-0.19598642,0.36830318,0.34468007,-0.6967392,0.62908667,0
0.39805031,-0.18029442,-0.31922716,0.23839203,-0.58321428,-0.77655017,0
0.76377881,1.0557377,-0.89020604,-0.34468007,0.6967392,-0.62908667,0
1.3558708,0.61082864,-0.44058037,0.90794533,0.4176307,-0.034925401,0
-1.6211629,-0.07630688,-0.72917032,-0.90794533,-0.4176307,0.034925401,0
-1.5361316,-0.1321521,0.0039566755,-0.90794533,-0.4176307,0.034925401,0
-0.98591268,0.53117061,-0.40561187,-0.34468007,0.6967392,-0.62908667,0
-1.1481371,-1.0011173,0.072749019,-0.90794533,-0.4176307,0.034925401,0
-1.617027,-0.0080710649,-0.84692168,-0.34468007,0.6967392,-0.62908667,0
-0.31573272,-1.3070562,0.3998515,0.34468007,-0.6967392,0.62908667,0
-0.10173678,0.46828169,-1.1096188,0.23839203,-0.58321428,-0.77655017,0
1.1466783,1.0358899,-0.25621259,0.90794533,0.4176307,-0.034925401,0
-1.2513757,-0.38164747,0.41973996,-0.23839203,0.58321428,0.77655017,0
-1.2183371,0.60310459,-0.28979683,-0.34468007,0.6967392,-0.62908667,0
-0.20722902,-1.0469462,0.65837568,0.34468007,-0.6967392,0.62908667,0
-1.4525918,-0.53563869,0.67459053,-0.90794533,-0.4176307,0.034925401,0
0.1473031,-0.73745251,-0.16527691,0.23839203,-0.58321428,-0.77655017,0
1.3182259,0.4383803,-0.69173968,0.23839203,-0.58321428,-0.77655017,0
1.1894701,-0.42295617,0.58489513,0.34468007,-0.6967392,0.62908667,0
-0.81405252,-0.5208385,-0.5684554,0.23839203,-0.58321428,-0.77655017,0
1.3720101,0.76625693,-0.57311976,0.90794533,0.4176307,-0.034925401,0
1.0147256,-0.55583036,0.54209965,0.34468007,-0.6967392,0.62908667,0
-1.6057194,0.36251265,-0.39286518,-0.34468007,0.6967392,-0.62908667,0
0.13739777,-0.41585317,1.0823072,-0.23839203,0.58321428,0.77655017,0
0.59754646,-0.10941553,0.82046813,-0.23839203,0.58321428,0.77655017,0
-1.2716513,0.2710394,-0.62580025,-0.34468007,0.6967392,-0.62908667,0
0.39047062,-0.90584421,0.22359842,0.34468007,-0.6967392,0.62908667,0
0.11752629,0.73881984,-0.71927798,-0.34468007,0.6967392,-0.62908667,0
1.4606148,0.61846679,0.65760982,0.90794533,0.4176307,-0.034925401,0
-1.4340501,-0.32205755,-0.051536441,-0.90794533,-0.4176307,0.034925401,0
-0.2513147,-0.89116359,0.7122404,0.34468007,-0.6967392,0.62908667,0
-1.3618815,-0.069300592,-0.7718668,-0.34468007,0.6967392,-0.62908667,0
0.2919414,-0.9876098,0.33681467,0.34468007,-0.6967392,0.62908667,0
1.0466306,-0.12854606,0.87484664,0.34468007,-0.6967392,0.62908667,0
-1.7838629,0.068379499,-0.15438414,-0.90794533,-0.4176307,0.034925401,0
-1.292073,-0.77232587,0.17640424,-0.90794533,-0.4176307,0.034925401,0
1.4112927,0.76907575,0.14881492,0.90794533,0.4176307,-0.034925401,0
-0.84105957,-1.3447199,0.64677733,0.34468007,-0.6967392,0.62908667,0
0.79943949,0.27312073,-0.50660574,0.23839203,-0.58321428,-0.77655017,0
1.285228,0.81778252,-0.64661121,0.90794533,0.4176307,-0.034925401,0
-1.0000793,0.64505619,-0.29094225,-0.34468007,0.6967392,-0.62908667,0
0.98475885,0.72514141,-0.95581847,0.23839203,-0.58321428,-0.77655017,0
0.97264647,-0.022664964,-0.3820489,0.23839203,-0.58321428,-0.77655017,0
-1.5167732,-0.10075104,-0.84796441,-0.34468007,0.6967392,-0.62908667,0
-0.9124909,-1.1086481,1.0100685,0.34468007,-0.6967392,0.62908667,0
-0.48560214,-0.96054208,0.92597097,0.34468007,-0.6967392,0.62908667,0
-0.73807704,0.55464661,-0.66856009,-0.34468007,0.6967392,-0.62908667,0
-1.5539031,-0.31404322,-0.62043869,-0.90794533,-0.4176307,0.034925401,0
1.4612453,0.28989989,0.18745041,0.90794533,0.4176307,-0.034925401,0
-1.7232533,0.32902545,-0.25538576,-0.23839203,0.58321428,0.77655017,0
