-0.14758384,-0.88461733,0.24900284,-0.21272796,-0.90987861,0.35618484,0
-4.1569982,-0.33966386,-0.72138166,-0.21272796,-0.90987861,0.35618484,0
3.7747545,-1.2343309,1.2079635,0.29360911,-0.4072057,-0.86485678,0
4.0405674,0.12604952,0.67349243,0.29360911,-0.4072057,-0.86485678,0
0.13888937,0.46503475,0.3297258,-0.29360911,0.4072057,0.86485678,0
-0.10052598,-1.076069,-0.095637858,-0.21272796,-0.90987861,0.35618484,0
0.48229301,0.2548483,0.64736617,-0.29360911,0.4072057,0.86485678,0
-1.4420044,1.000531,-1.3749032,0.21272796,0.90987861,-0.35618484,0
1.4148583,-1.2698331,0.5261023,-0.21272796,-0.90987861,0.35618484,0
-2.3928015,-0.84656799,-1.0624356,0.29360911,-0.4072057,-0.86485678,0
-0.0088115931,1.156186,-0.003369987,-0.29360911,0.4072057,0.86485678,0
-3.9509695,-0.36352408,-0.60111308,-0.21272796,-0.90987861,0.35618484,0
3.1986697,-0.50989318,1.9797568,-0.29360911,0.4072057,0.86485678,0
-1.2095128,0.10385016,0.081914306,-0.29360911,0.4072057,0.86485678,0
0.33616433,0.1676738,-0.46318549,0.29360911,-0.4072057,-0.86485678,0
1.851524,-1.0720567,0.99391294,-0.21272796,-0.90987861,0.35618484,0
-3.9759128,1.0417018,-2.2583799,0.21272796,0.90987861,-0.35618484,0
-0.21091229,-1.0894464,-0.065908134,-0.21272796,-0.90987861,0.35618484,0
3.9472845,-0.30935454,2.1242762,-0.29360911,0.4072057,0.86485678,0
1.2625571,0.93045938,0.22337902,0.21272796,0.90987861,-0.35618484,0
3.3864105,0.72365999,1.2044685,0.21272796,0.90987861,-0.35618484,0
4.5924273,-1.0041293,2.0233636,0.93195522,-0.079400063,0.35377276,0
-4.7011061,0.73551464,-1.4773812,-0.29360911,0.4072057,0.86485678,0
2.2872102,-0.69263399,1.5940952,-0.29360911,0.4072057,0.86485678,0
-1.5485072,1.2591184,-0.66799355,0.21272796,0.90987861,-0.35618484,0
-3.1386819,0.42911315,-1.9528356,0.29360911,-0.4072057,-0.86485678,0
3.4501324,-1.103691,1.166038,0.29360911,-0.4072057,-0.86485678,0
-3.7313037,1.2161694,-2.1156497,0.21272796,0.90987861,-0.35618484,0
4.3117857,-0.91593856,1.2090416,0.29360911,-0.4072057,-0.86485678,0
-4.3539724,1.2983707,-1.836997,0.21272796,0.90987861,-0.35618484,0
0.80251092,-0.4083243,-0.20231551,0.29360911,-0.4072057,-0.86485678,0
-0.36017209,-1.0120994,-0.28516644,0.29360911,-0.4072057,-0.86485678,0
0.19945431,0.064174533,-0.52666223,0.29360911,-0.4072057,-0.86485678,0
0.15550989,-0.70131439,0.93007088,-0.21272796,-0.90987861,0.35618484,0
4.628489,-0.64074123,1.5712404,0.93195522,-0.079400063,0.35377276,0
-4.8011408,-0.20013034,-1.3704863,-0.93195522,0.079400063,-0.35377276,0
2.2858608,-1.1577115,0.71261477,0.29360911,-0.4072057,-0.86485678,0
-1.0203404,-0.041355848,-0.89057708,0.29360911,-0.4072057,-0.86485678,0
2.6024535,-0.48487878,1.7975786,-0.29360911,0.4072057,0.86485678,0
-4.4145579,0.89869273,-2.0598865,-0.93195522,0.079400063,-0.35377276,0
3.2641153,0.18949693,0.38022995,0.29360911,-0.4072057,-0.86485678,0
4.5821357,-1.4346734,1.7445378,0.93195522,-0.079400063,0.35377276,0
-4.8521032,0.3106482,-1.2830863,-0.93195522,0.079400063,-0.35377276,0
-1.8119999,1.0105915,-1.3245509,0.21272796,0.90987861,-0.35618484,0
-0.42709529,0.27437001,0.32210898,-0.29360911,0.4072057,0.86485678,0
-3.7553596,-0.37772369,-1.6348703,0.29360911,-0.4072057,-0.86485678,0
-1.4584891,0.21119881,-1.1168582,0.29360911,-0.4072057,-0.86485678,0
-3.3509712,-0.69729686,-1.1693954,-0.21272796,-0.90987861,0.35618484,0
4.4846668,0.51267672,1.4234185,0.21272796,0.90987861,-0.35618484,0
4.9018106,-0.1270417,1.2420988,0.93195522,-0.079400063,0.35377276,0
-0.97672087,0.95319039,-0.81024158,0.21272796,0.90987861,-0.35618484,0
-0.76596338,0.92375386,-0.95104623,0.21272796,0.90987861,-0.35618484,0
-4.5521097,0.74650216,-2.1938543,-0.93195522,0.079400063,-0.35377276,0
4.8319678,0.30306458,1.5459833,0.93195522,-0.079400063,0.35377276,0
4.7044039,0.34329367,1.9511943,0.93195522,-0.079400063,0.35377276,0
4.8532286,-0.57652915,1.4692183,0.93195522,-0.079400063,0.35377276,0
-1.660975,0.14383316,-1.1391096,0.29360911,-0.4072057,-0.86485678,0
4.4284935,-0.67410731,2.103744,0.93195522,-0.079400063,0.35377276,0
-4.6803679,8.4400177e-05,-1.9412608,-0.93195522,0.079400063,-0.35377276,0
-0.54926825,0.043634713,0.4705193,-0.29360911,0.4072057,0.86485678,0
3.1180916,-1.0592353,1.8190889,-0.21272796,-0.90987861,0.35618484,0
-4.6326609,0.58160996,-1.8817596,-0.93195522,0.079400063,-0.35377276,0
-3.9379904,-0.45966709,-0.69134879,-0.21272796,-0.90987861,0.35618484,0
-4.5009685,0.71768844,-1.8791318,-0.93195522,0.079400063,-0.35377276,0
-4.7574301,0.23644078,-1.5563536,-0.93195522,0.079400063,-0.35377276,0
-1.5886377,0.70039678,-1.4951117,0.29360911,-0.4072057,-0.86485678,0
2.3013988,-1.10432,1.383724,-0.21272796,-0.90987861,0.35618484,0
2.8555923,-0.78556418,1.8918774,-0.29360911,0.4072057,0.86485678,0
4.8776693,0.30481303,1.2394004,0.93195522,-0.079400063,0.35377276,0
3.7486963,-1.4653616,1.571692,-0.21272796,-0.90987861,0.35618484,0
3.9272585,-0.93977344,1.204524,0.29360911,-0.4072057,-0.86485678,0
-4.6869106,0.32465088,-1.6227059,-0.93195522,0.079400063,-0.35377276,0
4.5070734,-1.2144674,2.2087812,0.93195522,-0.079400063,0.35377276,0
-4.8858891,-0.18452132,-1.0696559,-0.93195522,0.079400063,-0.35377276,0
4.6751647,-1.2299666,1.6915603,0.93195522,-0.079400063,0.35377276,0
0.059230268,0.76691419,-0.71950847,0.21272796,0.90987861,-0.35618484,0
0.19014859,0.7651031,0.17853418,-0.29360911,0.4072057,0.86485678,0
0.04444012,-0.4530836,0.78729141,-0.29360911,0.4072057,0.86485678,0
-1.3479805,-0.66602886,0.34662247,-0.21272796,-0.90987861,0.35618484,0
-4.7209992,0.3628093,-1.6608543,-0.93195522,0.079400063,-0.35377276,0
1.6376154,-1.2205766,0.80990744,-0.21272796,-0.90987861,0.35618484,0
-4.7544222,0.19137335,-1.3283424,-0.93195522,0.079400063,-0.35377276,0
2.3804653,0.73387897,0.42083025,0.21272796,0.90987861,-0.35618484,0
-3.9220259,1.4487725,-1.5868998,0.21272796,0.90987861,-0.35618484,0
-2.9178181,1.3188797,-1.092325,0.21272796,0.90987861,-0.35618484,0
2.3437901,-0.93309826,0.66153193,0.29360911,-0.4072057,-0.86485678,0
-2.1029334,0.83273292,-0.52063584,-0.29360911,0.4072057,0.86485678,0
-3.7748892,1.3129829,-1.9865456,0.21272796,0.90987861,-0.35618484,0
-2.6140172,1.2773185,-1.2615669,0.21272796,0.90987861,-0.35618484,0
0.64329433,-0.54973769,1.0731783,-0.29360911,0.4072057,0.86485678,0
3.3707349,-0.7481277,0.89960766,0.29360911,-0.4072057,-0.86485678,0
4.4156566,-1.0252086,2.0862317,0.93195522,-0.079400063,0.35377276,0
4.5894141,-0.4527694,1.8289957,0.93195522,-0.079400063,0.35377276,0
4.1335206,0.69454992,1.3644907,0.21272796,0.90987861,-0.35618484,0
1.7045434,-0.42950308,1.4265573,-0.29360911,0.4072057,0.86485678,0
4.3691177,0.53234839,1.2085886,0.21272796,0.90987861,-0.35618484,0
-4.7247953,-0.12340498,-1.7117548,-0.93195522,0.079400063,-0.35377276,0
-4.7888279,0.17150295,-1.1036668,-0.29360911,0.4072057,0.86485678,0
-2.8689046,-0.50450671,-1.3941586,0.29360911,-0.4072057,-0.86485678,0
3.0988193,-1.2047849,1.3323982,-0.21272796,-0.90987861,0.35618484,0
4.8614545,-0.67963219,1.3724232,0.93195522,-0.079400063,0.35377276,0
0.88801301,0.79741579,0.54981875,-0.29360911,0.4072057,0.86485678,0
-1.7754917,0.42916244,-0.15939021,-0.29360911,0.4072057,0.86485678,0
2.1578741,-0.1155234,0.31415343,0.29360911,-0.4072057,-0.86485678,0
4.9746718,-0.15557194,1.2058458,0.93195522,-0.079400063,0.35377276,0
-0.45052898,0.95385545,-0.4777559,0.21272796,0.90987861,-0.35618484,0
-4.8029537,0.20916522,-1.5089321,-0.93195522,0.079400063,-0.35377276,0
-4.5210075,1.4424338,-1.8270211,-0.93195522,0.079400063,-0.35377276,0
-4.4319553,0.2458806,-2.1223259,-0.93195522,0.079400063,-0.35377276,0
-4.7684579,-0.37231755,-1.5719872,-0.93195522,0.079400063,-0.35377276,0
-1.6874126,-0.78792483,0.046754837,-0.21272796,-0.90987861,0.35618484,0
-4.3255653,0.89849567,-2.4594245,-0.93195522,0.079400063,-0.35377276,0
1.4611213,-1.1755806,0.62613773,-0.21272796,-0.90987861,0.35618484,0
0.91680884,-1.025176,0.49977398,-0.21272796,-0.90987861,0.35618484,0
-3.420177,1.3012618,-1.6002078,0.21272796,0.90987861,-0.35618484,0
2.585923,-0.95797741,1.8310707,-0.21272796,-0.90987861,0.35618484,0
-0.043198347,0.83693069,-0.54825199,0.21272796,0.90987861,-0.35618484,0
-4.6404467,-0.5867219,-1.7023506,-0.21272796,-0.90987861,0.35618484,0
4.5969391,-0.55498052,2.0194039,0.93195522,-0.079400063,0.35377276,0
-1.1433692,-0.13761537,0.16465217,-0.29360911,0.4072057,0.86485678,0
-4.5269122,1.1871706,-1.979888,-0.93195522,0.079400063,-0.35377276,0
2.9666386,0.030378878,0.52685165,0.29360911,-0.4072057,-0.86485678,0
-0.19128615,-1.0098244,0.266114,-0.21272796,-0.90987861,0.35618484,0
1.0970583,-0.29133821,1.0966816,-0.29360911,0.4072057,0.86485678,0
-4.4800711,-0.53120661,-1.0428772,-0.21272796,-0.90987861,0.35618484,0
-4.3722801,0.97793615,-2.2337461,-0.93195522,0.079400063,-0.35377276,0
-4.4377642,-0.22729754,-1.941565,0.29360911,-0.4072057,-0.86485678,0
-0.85866851,0.065200925,-0.97357422,0.29360911,-0.4072057,-0.86485678,0
-4.6951017,0.80096519,-1.831903,-0.93195522,0.079400063,-0.35377276,0
-4.6475739,0.65220773,-1.7246647,-0.93195522,0.079400063,-0.35377276,0
1.9501023,0.85073602,0.69895375,0.21272796,0.90987861,-0.35618484,0
-4.7933655,0.43404305,-1.4789891,-0.93195522,0.079400063,-0.35377276,0
2.8782015,0.7003994,0.96426368,0.21272796,0.90987861,-0.35618484,0
-4.5160003,0.7172029,-2.2397647,-0.93195522,0.079400063,-0.35377276,0
0.92339593,-0.89119971,0.84970629,-0.21272796,-0.90987861,0.35618484,0
4.715333,-0.10917926,1.73454,0.93195522,-0.079400063,0.35377276,0
-3.855845,-0.41813231,-0.84008074,-0.21272796,-0.90987861,0.35618484,0
-4.8971939,-0.23662686,-1.1812706,-0.93195522,0.079400063,-0.35377276,0
-4.9143195,0.16436958,-1.3204427,-0.93195522,0.079400063,-0.35377276,0
2.0159163,0.17383027,1.1884651,-0.29360911,0.4072057,0.86485678,0
4.6125956,0.023248076,0.96814156,0.29360911,-0.4072057,-0.86485678,0
-4.9400606,0.15334952,-1.214889,-0.93195522,0.079400063,-0.35377276,0
-2.3356955,0.72044611,-1.7540176,0.29360911,-0.4072057,-0.86485678,0
3.2752075,-1.2596699,1.7245102,-0.21272796,-0.90987861,0.35618484,0
-0.95718801,0.023325205,-0.889117,0.29360911,-0.4072057,-0.86485678,0
4.7452526,-0.8373847,1.4562168,0.93195522,-0.079400063,0.35377276,0
-4.747786,0.18657422,-1.8509927,-0.93195522,0.079400063,-0.35377276,0
-3.2315922,0.52956772,-0.74253607,-0.29360911,0.4072057,0.86485678,0
3.930357,-0.17822886,1.9480782,-0.29360911,0.4072057,0.86485678,0
-3.0953486,0.83747184,-0.97030258,-0.29360911,0.4072057,0.86485678,0
-0.37783855,1.0038824,-0.67813152,0.21272796,0.90987861,-0.35618484,0
-4.5219321,0.88964045,-2.0996222,-0.93195522,0.079400063,-0.35377276,0
2.7818022,0.60643113,1.1278791,-0.29360911,0.4072057,0.86485678,0
3.5128791,0.78809714,1.4925508,-0.29360911,0.4072057,0.86485678,0
-0.12880501,-0.50528675,-0.30073398,0.29360911,-0.4072057,-0.86485678,0
3.6911778,-0.98141909,2.1907377,-0.29360911,0.4072057,0.86485678,0
2.8044424,0.72399473,0.87464237,0.21272796,0.90987861,-0.35618484,0
4.6085634,-0.58988905,1.8688393,0.93195522,-0.079400063,0.35377276,0
4.7257571,0.10442638,1.6779466,0.93195522,-0.079400063,0.35377276,0
4.8308787,0.1557616,1.1610374,0.93195522,-0.079400063,0.35377276,0
4.1685028,-0.99219239,1.281106,0.29360911,-0.4072057,-0.86485678,0
1.7503942,-0.96200585,0.49077082,0.29360911,-0.4072057,-0.86485678,0
3.2948384,-0.52748775,1.98563,-0.29360911,0.4072057,0.86485678,0
4.7993526,0.56493902,1.6960325,0.93195522,-0.079400063,0.35377276,0
2.134784,-0.59223258,0.4316833,0.29360911,-0.4072057,-0.86485678,0
-4.6187396,-0.56697035,-1.9299498,0.29360911,-0.4072057,-0.86485678,0
4.9213414,-0.16144633,1.3105297,0.93195522,-0.079400063,0.35377276,0
-4.5397921,1.2690027,-2.043756,-0.93195522,0.079400063,-0.35377276,0
-2.6136525,-0.61217183,-0.35956311,-0.21272796,-0.90987861,0.35618484,0
-4.516901,0.32833266,-2.0633788,-0.93195522,0.079400063,-0.35377276,0
1.1575254,-0.93075317,0.14246678,0.29360911,-0.4072057,-0.86485678,0
-3.1140735,1.0680996,-1.837992,0.21272796,0.90987861,-0.35618484,0
-1.967164,1.0153203,-1.6439559,0.21272796,0.90987861,-0.35618484,0
1.4808054,0.86788452,0.30555272,0.21272796,0.90987861,-0.35618484,0
-0.74313074,0.76825565,-0.14563131,-0.29360911,0.4072057,0.86485678,0
4.3409138,0.60184813,1.6806254,-0.29360911,0.4072057,0.86485678,0
-4.640686,0.092427492,-2.099422,-0.93195522,0.079400063,-0.35377276,0
-4.7456179,-0.20441389,-1.7208529,-0.93195522,0.079400063,-0.35377276,0
-2.7580302,0.86405647,-1.9000664,0.29360911,-0.4072057,-0.86485678,0
0.8558476,-0.50860643,0.01512146,0.29360911,-0.4072057,-0.86485678,0
4.6276608,-0.62945616,1.969079,0.93195522,-0.079400063,0.35377276,0
-1.2754921,0.43281311,0.029616475,-0.29360911,0.4072057,0.86485678,0
4.6383257,-0.45358729,1.6357756,0.93195522,-0.079400063,0.35377276,0
-2.3313739,-0.92937291,-0.70831728,-0.21272796,-0.90987861,0.35618484,0
-0.38937587,1.1026263,-0.013700604,0.21272796,0.90987861,-0.35618484,0
4.5463538,-0.60868073,2.2456918,0.93195522,-0.079400063,0.35377276,0
-2.1294112,-0.75571698,-0.48993623,-0.21272796,-0.90987861,0.35618484,0
-4.7926221,0.59182799,-1.603054,-0.93195522,0.079400063,-0.35377276,0
-2.2482858,0.15449905,-0.24837899,-0.29360911,0.4072057,0.86485678,0
-4.8677015,0.018710136,-1.2128797,-0.93195522,0.079400063,-0.35377276,0
4.9364843,0.16615081,1.4371424,0.93195522,-0.079400063,0.35377276,0
-1.0679805,-0.88160866,-0.15006435,-0.21272796,-0.90987861,0.35618484,0
4.597105,-0.58457041,1.6474242,0.93195522,-0.079400063,0.35377276,0
1.2551622,-1.0784979,0.87274516,-0.21272796,-0.90987861,0.35618484,0
-4.5881176,-0.37349951,-0.98152876,-0.21272796,-0.90987861,0.35618484,0
4.5401859,0.012385607,2.0475087,0.93195522,-0.079400063,0.35377276,0
0.41930488,-0.21505463,0.71384436,-0.29360911,0.4072057,0.86485678,0
2.8812001,-0.63320303,0.77836442,0.29360911,-0.4072057,-0.86485678,0
-2.2181954,0.57716286,-1.5277369,0.29360911,-0.4072057,-0.86485678,0
4.7342782,-0.10282254,1.6415105,0.93195522,-0.079400063,0.35377276,0
3.4757206,-0.38237643,1.8283734,-0.29360911,0.4072057,0.86485678,0
-3.4077077,0.31415248,-1.9623151,0.29360911,-0.4072057,-0.86485678,0
-4.7881508,0.17403734,-1.4302983,-0.93195522,0.079400063,-0.35377276,0
2.9587417,0.69029081,0.58250451,0.21272796,0.90987861,-0.35618484,0
3.7966869,-0.25200701,1.9493818,-0.29360911,0.4072057,0.86485678,0
4.5586553,-1.1799314,1.7051601,0.93195522,-0.079400063,0.35377276,0
1.2679487,1.0348356,0.43069935,0.21272796,0.90987861,-0.35618484,0
-0.014429808,1.1247113,-0.16556293,0.21272796,0.90987861,-0.35618484,0
-1.9280736,-0.96709204,-0.82481468,-0.21272796,-0.90987861,0.35618484,0
2.6652098,0.59238988,0.027304411,0.21272796,0.90987861,-0.35618484,0
-5.0746861,-0.36960316,-1.0122833,-0.93195522,0.079400063,-0.35377276,0
-2.958704,-0.34190369,-1.3216383,0.29360911,-0.4072057,-0.86485678,0
-3.0822673,1.0329322,-1.7949784,0.21272796,0.90987861,-0.35618484,0
-2.960052,1.0941443,-1.9770653,0.21272796,0.90987861,-0.35618484,0
-0.40049601,1.1199664,-0.42696524,0.21272796,0.90987861,-0.35618484,0
1.6906424,-1.1208446,0.73184562,-0.21272796,-0.90987861,0.35618484,0
5.0554171,0.21727538,1.134995,0.93195522,-0.079400063,0.35377276,0
-2.1985273,-0.77458179,-0.72508633,-0.21272796,-0.90987861,0.35618484,0
2.0596082,-0.91338968,1.6248083,-0.21272796,-0.90987861,0.35618484,0
-4.6660805,1.0063649,-1.5108418,-0.93195522,0.079400063,-0.35377276,0
-4.912221,0.5191741,-1.354218,-0.93195522,0.079400063,-0.35377276,0
4.6256542,-1.4885746,1.7676606,0.93195522,-0.079400063,0.35377276,0
3.8045402,-0.22828031,0.80773067,0.29360911,-0.4072057,-0.86485678,0
4.5924025,-0.66468239,1.987833,0.93195522,-0.079400063,0.35377276,0
4.5223727,0.59634733,1.6822629,0.21272796,0.90987861,-0.35618484,0
3.5840621,-1.2032295,1.1955137,0.29360911,-0.4072057,-0.86485678,0
0.091761917,-0.012880683,-0.5791415,0.29360911,-0.4072057,-0.86485678,0
-1.5636075,0.38832593,-1.2949189,0.29360911,-0.4072057,-0.86485678,0
-0.76141763,0.0051436424,-0.95238888,0.29360911,-0.4072057,-0.86485678,0
-3.0923371,-0.80273485,-1.1444643,0.29360911,-0.4072057,-0.86485678,0
4.7506795,-0.87503362,1.4130511,0.93195522,-0.079400063,0.35377276,0
3.3683941,0.72001314,1.2162013,0.21272796,0.90987861,-0.35618484,0
-0.1376965,1.1857128,-0.060126364,-0.29360911,0.4072057,0.86485678,0
-1.9149934,-0.68106389,-0.25719273,-0.21272796,-0.90987861,0.35618484,0
-1.4490992,0.84477317,-1.3628234,0.21272796,0.90987861,-0.35618484,0
3.704654,0.53538954,1.0278513,0.21272796,0.90987861,-0.35618484,0
4.0653105,-0.45106363,2.1675911,-0.29360911,0.4072057,0.86485678,0
-4.4821806,0.79804754,-1.9379587,-0.93195522,0.079400063,-0.35377276,0
-4.3403926,1.2280128,-2.1904917,-0.93195522,0.079400063,-0.35377276,0
4.1430335,-1.2286597,2.353518,-0.21272796,-0.90987861,0.35618484,0
-3.3770375,-0.5549897,-0.89074993,-0.21272796,-0.90987861,0.35618484,0
-2.85706,-0.6328665,-1.3212836,0.29360911,-0.4072057,-0.86485678,0
-4.9086061,0.31787109,-1.3242803,-0.93195522,0.079400063,-0.35377276,0
-2.7106686,-0.0028051138,-1.4344683,0.29360911,-0.4072057,-0.86485678,0
4.894505,-0.19708622,1.361659,0.93195522,-0.079400063,0.35377276,0
-1.8958083,0.69986314,-0.4226079,-0.29360911,0.4072057,0.86485678,0
1.59929,-0.41130435,0.18712342,0.29360911,-0.4072057,-0.86485678,0
4.7206616,0.12918997,1.5335975,0.93195522,-0.079400063,0.35377276,0
1.7664139,0.33880508,1.0763335,-0.29360911,0.4072057,0.86485678,0
2.7613063,0.74654424,1.1402612,-0.29360911,0.4072057,0.86485678,0
-1.0590892,0.24210572,-1.0757051,0.29360911,-0.4072057,-0.86485678,0
-4.7533703,-0.62820911,-1.5354257,-0.93195522,0.079400063,-0.35377276,0
-4.4226451,0.82189345,-2.3238845,-0.93195522,0.079400063,-0.35377276,0
-4.5515952,1.3952193,-1.8102808,-0.93195522,0.079400063,-0.35377276,0
-4.9328985,-0.26507044,-1.4709129,-0.93195522,0.079400063,-0.35377276,0
-1.3244787,0.13644624,-1.0203037,0.29360911,-0.4072057,-0.86485678,0
4.3510284,-1.2267823,2.3816819,0.93195522,-0.079400063,0.35377276,0
1.8036685,-0.41141903,0.28238893,0.29360911,-0.4072057,-0.86485678,0
4.8069057,0.15043437,1.2751937,0.93195522,-0.079400063,0.35377276,0
4.4183254,-0.54055738,2.2228823,0.93195522,-0.079400063,0.35377276,0
1.2923032,0.76164693,-0.12302035,0.21272796,0.90987861,-0.35618484,0
-1.0095942,-0.91388726,0.087230623,-0.21272796,-0.90987861,0.35618484,0
4.4536042,-0.80835032,2.2327242,0.93195522,-0.079400063,0.35377276,0
1.2958866,-0.65640634,0.19848657,0.29360911,-0.4072057,-0.86485678,0
4.8538384,0.29235196,1.4504399,0.93195522,-0.079400063,0.35377276,0
4.5192523,0.2023778,2.0348492,0.93195522,-0.079400063,0.35377276,0
4.5114107,-1.0330108,2.2309294,0.93195522,-0.079400063,0.35377276,0
2.297224,0.58463061,0.025239468,0.21272796,0.90987861,-0.35618484,0
4.5656929,-0.25290084,2.0790367,0.93195522,-0.079400063,0.35377276,0
1.057308,-0.97179937,1.183632,-0.21272796,-0.90987861,0.35618484,0
-3.7214947,0.56302106,-1.0646229,-0.29360911,0.4072057,0.86485678,0
2.0985923,-1.2008271,0.66975141,0.29360911,-0.4072057,-0.86485678,0
1.9013846,0.53713739,-0.16462553,0.21272796,0.90987861,-0.35618484,0
-4.5845089,0.34348822,-2.007576,-0.93195522,0.079400063,-0.35377276,0
-1.9396529,0.18872821,-1.3671944,0.29360911,-0.4072057,-0.86485678,0
4.6001959,-0.96875119,1.6522145,0.93195522,-0.079400063,0.35377276,0
-2.8683648,-0.022636652,-0.29246116,-0.29360911,0.4072057,0.86485678,0
4.3454261,-1.1539849,2.1910381,0.93195522,-0.079400063,0.35377276,0
0.27944487,0.8818562,-0.12166129,0.21272796,0.90987861,-0.35618484,0
4.1042032,-1.5073014,1.5136762,-0.21272796,-0.90987861,0.35618484,0
4.9269485,0.069884181,1.0551143,0.93195522,-0.079400063,0.35377276,0
-3.7490354,1.1374787,-2.3263841,0.21272796,0.90987861,-0.35618484,0
3.2315595,-1.0865088,1.8928249,-0.21272796,-0.90987861,0.35618484,0
-4.3668189,0.79630446,-2.294137,-0.93195522,0.079400063,-0.35377276,0
-4.8511095,0.44449842,-1.5330725,-0.93195522,0.079400063,-0.35377276,0
4.6366348,-0.97652626,1.5707874,0.93195522,-0.079400063,0.35377276,0
-1.8723905,0.68570447,-0.37447143,-0.29360911,0.4072057,0.86485678,0
1.7554421,0.62153471,0.093998313,0.21272796,0.90987861,-0.35618484,0
-1.2552638,0.54642773,-1.3551021,0.29360911,-0.4072057,-0.86485678,0
4.4510608,-0.38649082,2.1676669,0.93195522,-0.079400063,0.35377276,0
3.6931329,-0.67141938,2.1719975,-0.29360911,0.4072057,0.86485678,0
-4.8536329,0.23223341,-1.4546156,-0.93195522,0.079400063,-0.35377276,0
-0.38628024,-0.58693582,0.81940717,-0.29360911,0.4072057,0.86485678,0
-1.7684933,0.13045442,-1.3224189,0.29360911,-0.4072057,-0.86485678,0
4.5558081,-0.80725396,1.4543681,0.29360911,-0.4072057,-0.86485678,0
3.3165607,0.27687907,1.6282485,-0.29360911,0.4072057,0.86485678,0
-4.6440411,0.29921079,-2.1067462,-0.93195522,0.079400063,-0.35377276,0
-4.6620646,0.68882704,-1.4866667,-0.93195522,0.079400063,-0.35377276,0
4.5214438,-1.1199069,1.9406371,0.93195522,-0.079400063,0.35377276,0
-4.1947107,-0.55072153,-1.2047987,-0.21272796,-0.90987861,0.35618484,0
-1.746491,-0.775702,-0.7678721,0.29360911,-0.4072057,-0.86485678,0
0.27881074,-0.72667539,-0.14057565,0.29360911,-0.4072057,-0.86485678,0
-4.6817918,0.35899591,-1.7521687,-0.93195522,0.079400063,-0.35377276,0
-2.4132202,-0.5798161,-0.37794352,-0.21272796,-0.90987861,0.35618484,0
-4.8257151,-0.26939237,-1.2594151,-0.93195522,0.079400063,-0.35377276,0
-4.8419085,0.28130186,-1.3242211,-0.93195522,0.079400063,-0.35377276,0
-2.7310011,0.28707212,-0.4942894,-0.29360911,0.4072057,0.86485678,0
-2.4917703,0.98852903,-1.545886,0.21272796,0.90987861,-0.35618484,0
-4.9923887,-0.25439656,-1.0995889,-0.93195522,0.079400063,-0.35377276,0
-2.048475,-0.83254451,-0.47670674,-0.21272796,-0.90987861,0.35618484,0
-3.1240828,1.2664554,-1.5338829,0.21272796,0.90987861,-0.35618484,0
4.5993032,-0.32580817,1.6723661,0.93195522,-0.079400063,0.35377276,0
4.7027111,-0.5279516,1.6745205,0.93195522,-0.079400063,0.35377276,0
-4.7782478,-0.11606812,-1.5743103,-0.93195522,0.079400063,-0.35377276,0
4.7192249,0.33263278,2.0311203,0.93195522,-0.079400063,0.35377276,0
0.34527898,0.54091519,0.47508594,-0.29360911,0.4072057,0.86485678,0
0.89642596,-0.26785803,-0.14845079,0.29360911,-0.4072057,-0.86485678,0
-4.0175419,1.0079994,-1.323679,-0.29360911,0.4072057,0.86485678,0
-4.4995189,0.49446034,-2.1448731,-0.93195522,0.079400063,-0.35377276,0
2.3371217,0.74616969,0.6757319,0.21272796,0.90987861,-0.35618484,0
3.1378644,-1.1018473,1.7699826,-0.21272796,-0.90987861,0.35618484,0
4.6366429,0.18373537,1.9438858,0.93195522,-0.079400063,0.35377276,0
4.473084,-1.2625649,2.3226538,0.93195522,-0.079400063,0.35377276,0
-1.1564126,0.92442942,-1.2534786,0.21272796,0.90987861,-0.35618484,0
-4.5179973,0.5222342,-1.9403429,-0.93195522,0.079400063,-0.35377276,0
-1.4533824,-0.72065234,0.36686367,-0.21272796,-0.90987861,0.35618484,0
-0.13762039,-0.81127018,0.63311863,-0.21272796,-0.90987861,0.35618484,0
4.7697229,0.079844236,1.8037472,0.93195522,-0.079400063,0.35377276,0
-4.4604683,1.3949847,-1.6537185,0.21272796,0.90987861,-0.35618484,0
-4.6810718,1.3621628,-1.7052989,-0.93195522,0.079400063,-0.35377276,0
-4.6948414,-0.2409935,-1.857811,-0.93195522,0.079400063,-0.35377276,0
-3.3344727,-0.63343883,-1.0454192,-0.21272796,-0.90987861,0.35618484,0
-3.5369573,1.3200898,-1.6634631,0.21272796,0.90987861,-0.35618484,0
4.6564121,0.79096723,1.8215413,0.21272796,0.90987861,-0.35618484,0
-4.7406092,0.25612664,-1.8219891,-0.93195522,0.079400063,-0.35377276,0
4.551363,-0.26978946,2.1775584,0.93195522,-0.079400063,0.35377276,0
3.9618213,-1.3452539,1.718286,-0.21272796,-0.90987861,0.35618484,0
-1.0827491,0.7399838,-1.3304694,0.29360911,-0.4072057,-0.86485678,0
0.95075566,-0.97123569,0.85447788,-0.21272796,-0.90987861,0.35618484,0
-3.6202579,1.2512304,-1.9947023,0.21272796,0.90987861,-0.35618484,0
-2.8796659,-0.47274208,-1.2826314,0.29360911,-0.4072057,-0.86485678,0
-4.372148,1.0999132,-2.3125911,-0.93195522,0.079400063,-0.35377276,0
1.600343,0.85639298,0.4469161,0.21272796,0.90987861,-0.35618484,0
0.14081776,-0.65273494,-0.31432754,0.29360911,-0.4072057,-0.86485678,0
4.4929171,-0.89111626,2.2273941,0.93195522,-0.079400063,0.35377276,0
0.60134351,0.84224641,0.31384674,-0.29360911,0.4072057,0.86485678,0
-1.9923151,-0.60946387,0.14089596,-0.21272796,-0.90987861,0.35618484,0
0.95234895,-0.88773197,1.3278571,-0.21272796,-0.90987861,0.35618484,0
0.91157705,0.56112486,-0.63818794,0.29360911,-0.4072057,-0.86485678,0
-0.049377739,0.97611356,-0.46606982,0.21272796,0.90987861,-0.35618484,0
-0.10126919,0.25861228,0.52859974,-0.29360911,0.4072057,0.86485678,0
-4.6481318,0.70448124,-1.8743072,-0.93195522,0.079400063,-0.35377276,0
-2.5763497,0.80988359,-0.75929236,-0.29360911,0.4072057,0.86485678,0
4.2130756,0.78057051,1.6232591,-0.29360911,0.4072057,0.86485678,0
0.59551311,1.0277102,0.25635734,-0.29360911,0.4072057,0.86485678,0
-2.92624,-0.63342094,-0.78636289,-0.21272796,-0.90987861,0.35618484,0
0.13904038,-0.27893752,0.86105818,-0.29360911,0.4072057,0.86485678,0
2.681015,-0.93172443,1.9451189,-0.29360911,0.4072057,0.86485678,0
4.933331,0.286219,0.98355246,0.21272796,0.90987861,-0.35618484,0
-0.56496763,-0.44339299,0.49671829,-0.29360911,0.4072057,0.86485678,0
4.6122236,-0.76131797,1.553544,0.93195522,-0.079400063,0.35377276,0
4.5541172,-0.3880651,2.2005334,0.93195522,-0.079400063,0.35377276,0
4.5179219,-0.47936964,2.0072379,0.93195522,-0.079400063,0.35377276,0
-0.83175093,0.99525422,-0.91541636,0.21272796,0.90987861,-0.35618484,0
-1.045522,0.10807677,0.26029801,-0.29360911,0.4072057,0.86485678,0
-4.5791736,-0.33158565,-1.9133134,-0.93195522,0.079400063,-0.35377276,0
4.7112522,-0.26224434,1.6142569,0.93195522,-0.079400063,0.35377276,0
-4.2363544,1.4310677,-1.757751,0.21272796,0.90987861,-0.35618484,0
4.7682495,0.32166243,1.7906675,0.93195522,-0.079400063,0.35377276,0
4.8228869,0.21487403,1.3560586,0.93195522,-0.079400063,0.35377276,0
-3.1449523,0.98504007,-2.1011362,0.21272796,0.90987861,-0.35618484,0
0.11890602,-1.1859915,0.12142372,-0.21272796,-0.90987861,0.35618484,0
-4.7230091,-0.0074276924,-1.7112255,-0.93195522,0.079400063,-0.35377276,0
1.717584,0.84467542,0.51580381,0.21272796,0.90987861,-0.35618484,0
4.785305,-0.32554829,1.3912544,0.93195522,-0.079400063,0.35377276,0
4.5661139,-0.93400431,1.9422703,0.93195522,-0.079400063,0.35377276,0
2.1222746,-0.80925655,1.729147,-0.21272796,-0.90987861,0.35618484,0
4.7335167,-0.030718565,1.7123089,0.93195522,-0.079400063,0.35377276,0
-1.935653,-0.66418386,-0.090950012,-0.21272796,-0.90987861,0.35618484,0
-4.8303099,-0.51537931,-1.3676343,-0.93195522,0.079400063,-0.35377276,0
0.55085051,-1.1528305,0.24660981,-0.21272796,-0.90987861,0.35618484,0
4.3869586,0.66247058,1.7521644,0.21272796,0.90987861,-0.35618484,0
-4.7781343,0.012029886,-1.824079,-0.93195522,0.079400063,-0.35377276,0
-4.8377018,0.13453412,-1.5277362,-0.93195522,0.079400063,-0.35377276,0
4.5991912,-0.8739146,1.5828657,0.93195522,-0.079400063,0.35377276,0
-2.8406179,0.049653292,-1.6533656,0.29360911,-0.4072057,-0.86485678,0
0.024264395,-0.94601369,0.16665816,-0.21272796,-0.90987861,0.35618484,0
-3.5257745,-0.78074479,-1.4562814,-0.21272796,-0.90987861,0.35618484,0
4.7813816,0.24472713,1.843533,0.93195522,-0.079400063,0.35377276,0
-4.8517437,0.13755465,-1.599401,-0.93195522,0.079400063,-0.35377276,0
0.41846967,1.0301392,0.11717597,0.21272796,0.90987861,-0.35618484,0
4.1798916,0.31880045,1.7974572,-0.29360911,0.4072057,0.86485678,0
-2.9168959,-0.73104918,-0.93354774,-0.21272796,-0.90987861,0.35618484,0
1.3794951,-0.57303655,0.18754315,0.29360911,-0.4072057,-0.86485678,0
1.9442736,-0.91722077,0.41800857,0.29360911,-0.4072057,-0.86485678,0
-3.2801397,0.11746025,-1.84745,0.29360911,-0.4072057,-0.86485678,0
-4.5344443,0.79555464,-1.8833246,-0.93195522,0.079400063,-0.35377276,0
4.8321123,0.38081551,0.93334627,0.21272796,0.90987861,-0.35618484,0
-3.7281022,-0.4849329,-0.70033693,-0.21272796,-0.90987861,0.35618484,0
0.43185461,0.79451114,-0.71179074,0.21272796,0.90987861,-0.35618484,0
-3.7738404,1.2867706,-1.8045673,0.21272796,0.90987861,-0.35618484,0
-4.7440548,0.028922796,-1.7218504,-0.93195522,0.079400063,-0.35377276,0
-1.0882076,-0.77940929,0.34388423,-0.21272796,-0.90987861,0.35618484,0
-4.7655382,-0.10511708,-1.680552,-0.93195522,0.079400063,-0.35377276,0
-1.0194099,-0.36591631,-0.68314874,0.29360911,-0.4072057,-0.86485678,0
1.908113,0.65466344,-0.098257899,0.21272796,0.90987861,-0.35618484,0
-2.6223471,0.45584774,-1.7198875,0.29360911,-0.4072057,-0.86485678,0
-0.16314757,-1.0204337,0.16266698,-0.21272796,-0.90987861,0.35618484,0
-2.4411433,-0.86287045,-0.6730473,-0.21272796,-0.90987861,0.35618484,0
-4.0505762,-0.0053033829,-0.81205416,-0.29360911,0.4072057,0.86485678,0
4.4321923,-0.43139791,2.3889074,0.93195522,-0.079400063,0.35377276,0
2.794672,0.73547268,0.48779416,0.21272796,0.90987861,-0.35618484,0
-1.7056326,1.0679559,-1.1841884,0.21272796,0.90987861,-0.35618484,0
0.1439988,-0.89844322,0.37019253,-0.21272796,-0.90987861,0.35618484,0
4.5019922,-0.56938887,1.1124978,0.29360911,-0.4072057,-0.86485678,0
-4.5603299,-0.45925736,-1.0869818,-0.21272796,-0.90987861,0.35618484,0
0.10049772,0.5527814,-0.89798433,0.29360911,-0.4072057,-0.86485678,0
-2.17472,1.3130366,-0.8934381,0.21272796,0.90987861,-0.35618484,0
4.6856565,0.47137928,1.6645899,0.93195522,-0.079400063,0.35377276,0
4.569098,-0.80828738,1.9716091,0.93195522,-0.079400063,0.35377276,0
-1.1752951,-0.86700028,-0.5916335,0.29360911,-0.4072057,-0.86485678,0
1.1549833,-0.16008306,-0.15939677,0.29360911,-0.4072057,-0.86485678,0
1.3312664,0.61340773,0.7392236,-0.29360911,0.4072057,0.86485678,0
-4.3389401,1.0768814,-2.5903225,-0.93195522,0.079400063,-0.35377276,0
-4.5690441,-0.67929339,-1.376471,-0.21272796,-0.90987861,0.35618484,0
-1.4254732,0.43340528,-1.1828296,0.29360911,-0.4072057,-0.86485678,0
-2.9067538,0.047581911,-1.5390046,0.29360911,-0.4072057,-0.86485678,0
1.6034853,-0.98172748,1.2341864,-0.21272796,-0.90987861,0.35618484,0
-4.5591965,0.57957768,-2.0931363,-0.93195522,0.079400063,-0.35377276,0
-4.5962358,1.0440106,-1.9250588,-0.93195522,0.079400063,-0.35377276,0
-0.70842576,-0.75393844,0.446711,-0.21272796,-0.90987861,0.35618484,0
3.7331069,-0.023272753,0.67089415,0.29360911,-0.4072057,-0.86485678,0
-2.8980877,-0.7940253,-0.92673135,-0.21272796,-0.90987861,0.35618484,0
4.7950344,0.31466782,1.3399415,0.93195522,-0.079400063,0.35377276,0
-4.5154872,0.8133229,-2.1224494,-0.93195522,0.079400063,-0.35377276,0
4.9965124,0.16422284,1.2015724,0.93195522,-0.079400063,0.35377276,0
4.6652856,-1.1467423,1.5645418,0.93195522,-0.079400063,0.35377276,0
4.3669844,-1.2273659,2.2470708,0.93195522,-0.079400063,0.35377276,0
-1.4463673,-0.83899432,-0.4317944,-0.21272796,-0.90987861,0.35618484,0
-4.3267965,0.15961194,-2.1251779,0.29360911,-0.4072057,-0.86485678,0
-4.6764607,-0.53038847,-1.1053715,-0.21272796,-0.90987861,0.35618484,0
-1.1173981,-0.02983284,-0.98911071,0.29360911,-0.4072057,-0.86485678,0
-0.0011358857,0.93667209,-0.15218365,0.21272796,0.90987861,-0.35618484,0
-4.4271021,0.91174698,-2.2710948,-0.93195522,0.079400063,-0.35377276,0
-4.4909272,0.40992618,-2.2127428,-0.93195522,0.079400063,-0.35377276,0
4.7237368,-0.6912353,1.6054997,0.93195522,-0.079400063,0.35377276,0
-3.9834032,0.54107475,-2.2698274,0.29360911,-0.4072057,-0.86485678,0
4.816329,-0.4397589,1.3743963,0.93195522,-0.079400063,0.35377276,0
1.9830637,0.79638499,0.4829725,0.21272796,0.90987861,-0.35618484,0
-2.0524142,-0.106287,-0.1266222,-0.29360911,0.4072057,0.86485678,0
1.8372951,-1.1196826,1.2359433,-0.21272796,-0.90987861,0.35618484,0
0.38247371,0.8645705,0.30291113,-0.29360911,0.4072057,0.86485678,0
-3.7131124,0.6266492,-0.91579151,-0.29360911,0.4072057,0.86485678,0
-2.6575358,-0.76865065,-0.90487313,-0.21272796,-0.90987861,0.35618484,0
4.5942683,-1.1863751,1.8098598,0.93195522,-0.079400063,0.35377276,0
-2.6836045,0.20861328,-0.43704796,-0.29360911,0.4072057,0.86485678,0
-0.45443225,-0.89623111,-0.32083872,0.29360911,-0.4072057,-0.86485678,0
-1.5215553,0.57441574,-0.2564106,-0.29360911,0.4072057,0.86485678,0
-2.6666119,-0.23220187,-0.32623506,-0.29360911,0.4072057,0.86485678,0
4.7604008,0.3901515,1.9066401,0.93195522,-0.079400063,0.35377276,0
0.12331426,-1.0415881,0.11873382,-0.21272796,-0.90987861,0.35618484,0
4.2838731,0.79142189,1.5419123,0.21272796,0.90987861,-0.35618484,0
2.1023331,0.90088928,0.69002485,0.21272796,0.90987861,-0.35618484,0
4.7900505,0.48400378,1.831255,0.93195522,-0.079400063,0.35377276,0
-4.7398052,-0.428177,-1.0225229,-0.21272796,-0.90987861,0.35618484,0
2.6861911,0.77214974,0.54589796,0.21272796,0.90987861,-0.35618484,0
4.7616472,-0.26995456,1.3941693,0.93195522,-0.079400063,0.35377276,0
-3.8176696,0.1516099,-1.8452029,0.29360911,-0.4072057,-0.86485678,0
3.2303176,0.6958015,0.64139557,0.21272796,0.90987861,-0.35618484,0
-1.2703791,-1.0579364,-0.47498667,0.29360911,-0.4072057,-0.86485678,0
-4.3479314,0.77704239,-2.2562966,-0.93195522,0.079400063,-0.35377276,0
-1.5497667,-0.86198056,-0.19211388,-0.21272796,-0.90987861,0.35618484,0
-1.3991296,-0.49360099,0.2545346,-0.29360911,0.4072057,0.86485678,0
2.8371885,0.59873486,0.48836541,0.21272796,0.90987861,-0.35618484,0
4.2446876,-1.385818,1.8052411,-0.21272796,-0.90987861,0.35618484,0
-4.9156823,0.01367712,-1.3627157,-0.93195522,0.079400063,-0.35377276,0
1.1874496,0.82790458,0.12922859,0.21272796,0.90987861,-0.35618484,0
-4.0868306,0.73790646,-1.1780448,-0.29360911,0.4072057,0.86485678,0
1.1380715,0.83864665,-0.25464883,0.21272796,0.90987861,-0.35618484,0
-2.4229736,-0.58537567,0.028182745,-0.29360911,0.4072057,0.86485678,0
-1.7339438,1.143531,-0.95378494,0.21272796,0.90987861,-0.35618484,0
4.8122005,-0.54189849,1.2684431,0.93195522,-0.079400063,0.35377276,0
1.7731717,-0.96352792,1.3655622,-0.21272796,-0.90987861,0.35618484,0
-1.7548342,-0.35817546,0.25315595,-0.29360911,0.4072057,0.86485678,0
-3.2931356,-0.44596457,-0.30270147,-0.21272796,-0.90987861,0.35618484,0
-0.80260444,1.0675511,-0.66928542,0.21272796,0.90987861,-0.35618484,0
-4.7866325,0.45529795,-1.1907301,-0.29360911,0.4072057,0.86485678,0
4.0631995,0.42466545,1.7776453,-0.29360911,0.4072057,0.86485678,0
0.48919773,0.27454337,-0.54596883,0.29360911,-0.4072057,-0.86485678,0
4.580163,-0.84679174,1.7744789,0.93195522,-0.079400063,0.35377276,0
4.7345371,0.23807216,1.8646073,0.93195522,-0.079400063,0.35377276,0
-1.3691677,0.54954141,-1.2027531,0.29360911,-0.4072057,-0.86485678,0
-1.5166943,0.83214605,-1.3975139,0.29360911,-0.4072057,-0.86485678,0
-3.4679122,-0.59046721,-1.5507915,0.29360911,-0.4072057,-0.86485678,0
-2.1615222,-0.66021347,-0.19420731,-0.21272796,-0.90987861,0.35618484,0
1.6866463,0.89059079,0.52772915,0.21272796,0.90987861,-0.35618484,0
-1.2290201,-0.85779858,-0.66083437,0.29360911,-0.4072057,-0.86485678,0
-1.4620619,-0.42634249,-0.94968224,0.29360911,-0.4072057,-0.86485678,0
-4.4670053,0.81095672,-2.323617,-0.93195522,0.079400063,-0.35377276,0
4.0292344,-1.0608743,2.2417822,-0.21272796,-0.90987861,0.35618484,0
-2.8512602,-0.76969028,-1.0350134,-0.21272796,-0.90987861,0.35618484,0
1.6212221,0.87074912,0.77358484,-0.29360911,0.4072057,0.86485678,0
4.6477871,-0.45362997,1.9312353,0.93195522,-0.079400063,0.35377276,0
-4.8583565,0.22172737,-1.1184921,-0.93195522,0.079400063,-0.35377276,0
1.2781543,-1.074199,1.0411378,-0.21272796,-0.90987861,0.35618484,0
-3.6975324,0.82654917,-2.2670851,0.29360911,-0.4072057,-0.86485678,0
2.4783037,-1.1575654,1.5637007,-0.21272796,-0.90987861,0.35618484,0
-3.4470391,1.251574,-1.7467904,0.21272796,0.90987861,-0.35618484,0
0.19907516,0.9217698,-0.55940998,0.21272796,0.90987861,-0.35618484,0
3.2908597,-0.99131644,2.249599,-0.29360911,0.4072057,0.86485678,0
0.99554414,-1.1526049,0.50495601,-0.21272796,-0.90987861,0.35618484,0
0.63080621,-0.46233523,1.0763687,-0.29360911,0.4072057,0.86485678,0
-0.46842575,-0.29063749,-0.50130153,0.29360911,-0.4072057,-0.86485678,0
2.1621871,0.52764738,-0.17529655,0.29360911,-0.4072057,-0.86485678,0
2.534251,0.88636768,1.0404408,-0.29360911,0.4072057,0.86485678,0
4.7205281,0.48168969,1.7572355,0.93195522,-0.079400063,0.35377276,0
4.8508234,0.29456246,1.1793599,0.93195522,-0.079400063,0.35377276,0
1.436985,0.96075153,0.41126847,0.21272796,0.90987861,-0.35618484,0
1.122462,0.79830366,0.50957125,-0.29360911,0.4072057,0.86485678,0
4.4929318,-0.41624808,2.1316986,0.93195522,-0.079400063,0.35377276,0
-4.775209,0.29565811,-1.6776586,-0.93195522,0.079400063,-0.35377276,0
-3.1140137,-0.85742342,-0.98957443,-0.21272796,-0.90987861,0.35618484,0
-3.3513913,-0.85253549,-1.2803333,-0.21272796,-0.90987861,0.35618484,0
-5.0583944,-0.42202652,-1.1694775,-0.93195522,0.079400063,-0.35377276,0
1.0871934,0.76475471,-0.26991016,0.21272796,0.90987861,-0.35618484,0
-4.4801784,0.079178572,-2.0321894,-0.93195522,0.079400063,-0.35377276,0
-2.2787795,0.32861659,-0.3567059,-0.29360911,0.4072057,0.86485678,0
0.17238539,-0.14164662,-0.53189468,0.29360911,-0.4072057,-0.86485678,0
-4.7761645,0.70832396,-1.5962882,-0.93195522,0.079400063,-0.35377276,0
-0.54999799,-0.73014623,0.46719062,-0.21272796,-0.90987861,0.35618484,0
4.4750724,-1.4083035,1.7895532,0.93195522,-0.079400063,0.35377276,0
4.5115743,-0.62646246,1.8650627,0.93195522,-0.079400063,0.35377276,0
0.6917454,0.80151546,0.35380086,-0.29360911,0.4072057,0.86485678,0
-3.6697276,-0.68179083,-1.4921899,0.29360911,-0.4072057,-0.86485678,0
4.8780875,0.065325737,1.2302155,0.93195522,-0.079400063,0.35377276,0
-1.5117838,-0.85199201,-0.51783884,-0.21272796,-0.90987861,0.35618484,0
-4.5693946,0.29880071,-2.1369143,-0.93195522,0.079400063,-0.35377276,0
-1.2581242,-0.6787197,0.2520079,-0.21272796,-0.90987861,0.35618484,0
-4.6624069,0.56804132,-1.9993896,-0.93195522,0.079400063,-0.35377276,0
4.670352,-1.1163421,1.6625223,0.93195522,-0.079400063,0.35377276,0
1.9151887,-0.91747546,1.583185,-0.21272796,-0.90987861,0.35618484,0
4.6866465,0.69746327,1.8602214,0.93195522,-0.079400063,0.35377276,0
4.7374239,-0.75426102,1.6472859,0.93195522,-0.079400063,0.35377276,0
-2.523068,0.89819252,-1.8233061,0.21272796,0.90987861,-0.35618484,0
-4.5248961,1.5296668,-1.8425617,0.21272796,0.90987861,-0.35618484,0
3.6944437,0.66246676,1.0691049,0.21272796,0.90987861,-0.35618484,0
3.0391426,-1.4224234,1.2319252,-0.21272796,-0.90987861,0.35618484,0
-2.8720179,0.044831693,-0.40325379,-0.29360911,0.4072057,0.86485678,0
-2.4960246,-0.50333226,-0.022798777,-0.21272796,-0.90987861,0.35618484,0
4.6891279,-0.7453928,1.8794847,0.93195522,-0.079400063,0.35377276,0
1.6191291,-0.21520323,0.16838753,0.29360911,-0.4072057,-0.86485678,0
3.6214719,-0.99970472,2.2212133,-0.21272796,-0.90987861,0.35618484,0
4.0204382,0.67731452,1.6289907,-0.29360911,0.4072057,0.86485678,0
-0.83451968,-0.18036348,0.29431933,-0.29360911,0.4072057,0.86485678,0
3.4941726,-0.58383131,2.0165687,-0.29360911,0.4072057,0.86485678,0
-3.724689,1.4108865,-1.3285074,-0.29360911,0.4072057,0.86485678,0
-4.8957038,-0.28340888,-1.1847944,-0.93195522,0.079400063,-0.35377276,0
-4.9643464,-0.14051318,-1.1837268,-0.93195522,0.079400063,-0.35377276,0
-4.4066949,0.99826598,-2.4779735,-0.93195522,0.079400063,-0.35377276,0
4.441061,-0.31584811,2.2779794,0.93195522,-0.079400063,0.35377276,0
-0.69558758,0.11636996,-0.89496571,0.29360911,-0.4072057,-0.86485678,0
4.2400842,-0.01418674,0.98117685,0.29360911,-0.4072057,-0.86485678,0
3.013741,-1.1966417,1.0914044,0.29360911,-0.4072057,-0.86485678,0
-4.6401272,0.91744304,-1.8641977,-0.93195522,0.079400063,-0.35377276,0
2.2479205,-1.3035851,0.87349629,-0.21272796,-0.90987861,0.35618484,0
-4.6133747,-0.14655519,-2.0528069,-0.93195522,0.079400063,-0.35377276,0
1.4950029,0.9141615,0.68612134,-0.29360911,0.4072057,0.86485678,0
-4.8791704,-0.17944396,-1.3416381,-0.93195522,0.079400063,-0.35377276,0
2.240032,0.72491074,0.36616242,0.21272796,0.90987861,-0.35618484,0
4.4767747,-0.22609067,2.0281291,0.93195522,-0.079400063,0.35377276,0
2.2782915,0.9140079,0.89596367,-0.29360911,0.4072057,0.86485678,0
-2.6448367,-0.4305023,-1.3794813,0.29360911,-0.4072057,-0.86485678,0
2.5235348,0.63259041,0.31799769,0.21272796,0.90987861,-0.35618484,0
-3.6579947,1.0951366,-1.1468434,-0.29360911,0.4072057,0.86485678,0
-0.32776272,0.1951248,-0.72040969,0.29360911,-0.4072057,-0.86485678,0
0.71093357,-0.95960939,0.015848517,0.29360911,-0.4072057,-0.86485678,0
-4.7754254,0.19322705,-1.367095,-0.93195522,0.079400063,-0.35377276,0
-3.9347253,1.4564959,-1.671957,0.21272796,0.90987861,-0.35618484,0
