-1.9927635,1.5152429,-1.2120385,-0.78340483,-0.61687386,0.075788856,0
2.1343408,-2.8983431,2.0293114,0.52625692,-0.593512,0.6089313,0
1.0582097,-1.3896356,3.2757614,-0.33065224,0.51692414,0.78959405,0
0.63017249,-1.0104613,-0.93376637,0.33065224,-0.51692414,-0.78959405,0
-1.4557376,0.86177844,-2.4139769,-0.78340483,-0.61687386,0.075788856,0
2.6317697,-2.783844,1.7051766,0.52625692,-0.593512,0.6089313,0
-2.2048833,1.9718523,-0.50647998,-0.78340483,-0.61687386,0.075788856,0
1.1177981,-0.89820194,2.9968553,-0.33065224,0.51692414,0.78959405,0
-0.0014182329,-0.34320998,2.1067562,-0.33065224,0.51692414,0.78959405,0
-1.7955699,2.6011276,-0.56595969,-0.33065224,0.51692414,0.78959405,0
1.8479816,-2.096148,2.8885846,0.52625692,-0.593512,0.6089313,0
-0.03203541,0.4714303,-2.0233357,0.78340483,0.61687386,-0.075788856,0
-1.9493897,2.8243978,-2.2174687,-0.52625692,0.593512,-0.6089313,0
-0.96655142,1.3034956,-3.0445104,0.33065224,-0.51692414,-0.78959405,0
0.72929692,-1.2321734,2.9032485,-0.33065224,0.51692414,0.78959405,0
-1.8725146,2.4493246,-2.6762714,-0.52625692,0.593512,-0.6089313,0
-1.8908646,1.3279124,-0.83230507,-0.78340483,-0.61687386,0.075788856,0
0.87323451,-1.8237095,0.81612551,-0.78340483,-0.61687386,0.075788856,0
-1.6852551,1.2093165,-0.36047184,-0.78340483,-0.61687386,0.075788856,0
1.6884961,-2.4299579,0.3150754,0.33065224,-0.51692414,-0.78959405,0
0.38135493,-1.473316,-0.37182403,-0.78340483,-0.61687386,0.075788856,0
2.7075572,-2.5137498,1.2776115,0.78340483,0.61687386,-0.075788856,0
-2.1240611,2.984808,-1.7336607,-0.52625692,0.593512,-0.6089313,0
1.8242352,-2.0244417,2.9524209,0.52625692,-0.593512,0.6089313,0
2.2021241,-3.1515193,1.0173221,0.33065224,-0.51692414,-0.78959405,0
0.66032851,-1.472384,1.4187222,-0.78340483,-0.61687386,0.075788856,0
1.4777699,-1.0039824,1.4540241,0.78340483,0.61687386,-0.075788856,0
-1.3194093,0.65093875,-1.821532,-0.78340483,-0.61687386,0.075788856,0
2.2145452,-1.7236073,2.979069,0.52625692,-0.593512,0.6089313,0
-2.1088057,2.719913,-2.2200897,-0.52625692,0.593512,-0.6089313,0
0.46407443,0.0010077953,2.0846243,-0.33065224,0.51692414,0.78959405,0
1.2227931,-0.66713524,1.6626004,0.78340483,0.61687386,-0.075788856,0
1.6619557,-2.8115313,0.96395445,-0.78340483,-0.61687386,0.075788856,0
-2.3600388,1.9963549,-1.4700774,-0.78340483,-0.61687386,0.075788856,0
1.5066115,-2.4358852,2.7132826,-0.78340483,-0.61687386,0.075788856,0
2.4583902,-2.4413283,2.0804844,0.52625692,-0.593512,0.6089313,0
-2.164577,1.7764977,-0.3633368,-0.78340483,-0.61687386,0.075788856,0
-1.3898022,0.59557635,-2.2466962,-0.78340483,-0.61687386,0.075788856,0
-0.73233867,0.087790012,0.38760015,-0.78340483,-0.61687386,0.075788856,0
0.098714352,0.52875328,1.6755679,-0.33065224,0.51692414,0.78959405,0
0.42738366,-1.4696877,-0.65087622,-0.78340483,-0.61687386,0.075788856,0
2.2036462,-2.434196,2.1971316,0.52625692,-0.593512,0.6089313,0
-0.60993683,1.5779142,0.71234739,-0.33065224,0.51692414,0.78959405,0
1.8966608,-1.2409295,1.8901417,0.78340483,0.61687386,-0.075788856,0
0.76483178,-1.4932976,3.0717964,-0.78340483,-0.61687386,0.075788856,0
2.5866928,-2.1392796,2.287519,0.52625692,-0.593512,0.6089313,0
-2.5346122,2.8360853,-1.0803094,-0.33065224,0.51692414,0.78959405,0
-1.8647637,2.9415984,-0.7125802,-0.33065224,0.51692414,0.78959405,0
1.0472444,-1.0192517,3.104768,-0.33065224,0.51692414,0.78959405,0
1.6309218,-2.4158025,2.8826745,0.52625692,-0.593512,0.6089313,0
-1.5042346,0.76037562,-2.0967155,-0.78340483,-0.61687386,0.075788856,0
-1.9453653,1.3752408,-1.2265742,-0.78340483,-0.61687386,0.075788856,0
0.58514953,-0.63260901,-1.3274364,0.33065224,-0.51692414,-0.78959405,0
-2.1595485,1.8051716,-2.9364305,-0.52625692,0.593512,-0.6089313,0
2.2585523,-1.8843973,2.7897985,0.52625692,-0.593512,0.6089313,0
0.65816444,-0.61989033,2.5137124,-0.33065224,0.51692414,0.78959405,0
-1.2816672,0.46506771,-2.6411328,0.33065224,-0.51692414,-0.78959405,0
0.061805129,-0.91912258,-1.0796723,-0.78340483,-0.61687386,0.075788856,0
-1.6932741,1.3465339,-3.5729637,0.33065224,-0.51692414,-0.78959405,0
1.3726892,-2.4044943,1.5587624,-0.78340483,-0.61687386,0.075788856,0
-0.92453855,0.2370339,0.057763636,-0.78340483,-0.61687386,0.075788856,0
-1.7440046,1.9947195,-0.03153348,-0.33065224,0.51692414,0.78959405,0
-0.91639447,0.15253569,-2.3827944,0.33065224,-0.51692414,-0.78959405,0
2.9559441,-2.8027883,1.1295378,0.52625692,-0.593512,0.6089313,0
-1.3561726,0.85882354,0.24350691,-0.78340483,-0.61687386,0.075788856,0
1.4537573,-1.3088423,-0.37728441,0.33065224,-0.51692414,-0.78959405,0
-0.46817034,0.77967495,-2.6601748,0.33065224,-0.51692414,-0.78959405,0
1.3384675,-0.96634227,-0.57764596,0.78340483,0.61687386,-0.075788856,0
2.0443447,-1.8684155,2.9980545,0.52625692,-0.593512,0.6089313,0
-2.1287529,2.4146156,-2.4809508,-0.52625692,0.593512,-0.6089313,0
0.12892318,0.091228724,-1.9594107,0.33065224,-0.51692414,-0.78959405,0
0.55615848,-1.1240257,2.3543808,-0.78340483,-0.61687386,0.075788856,0
0.71107399,-1.456993,1.9482472,-0.78340483,-0.61687386,0.075788856,0
-2.355701,1.8386438,-1.7583526,-0.78340483,-0.61687386,0.075788856,0
0.29403305,-1.3274336,-0.32694811,-0.78340483,-0.61687386,0.075788856,0
-0.18196416,-0.6340642,0.16353667,-0.78340483,-0.61687386,0.075788856,0
-1.4461733,1.652505,0.12490582,-0.33065224,0.51692414,0.78959405,0
2.3611715,-2.2790551,2.3428516,0.52625692,-0.593512,0.6089313,0
-0.7402308,0.31948963,-2.5038714,0.33065224,-0.51692414,-0.78959405,0
-0.36530781,0.18007821,-2.0779634,0.33065224,-0.51692414,-0.78959405,0
-0.55614001,0.046952605,1.4580715,-0.78340483,-0.61687386,0.075788856,0
0.89286929,-1.3454961,3.1626842,-0.33065224,0.51692414,0.78959405,0
-2.2322838,3.3076136,-1.2845941,-0.33065224,0.51692414,0.78959405,0
0.060227394,0.9699024,0.72618258,0.78340483,0.61687386,-0.075788856,0
2.1104567,-2.7761004,2.0051138,0.52625692,-0.593512,0.6089313,0
-1.0035404,0.41680264,-0.8671931,-0.78340483,-0.61687386,0.075788856,0
1.8861341,-2.526119,2.6299429,0.52625692,-0.593512,0.6089313,0
-1.1783271,1.8050557,-3.4632757,0.33065224,-0.51692414,-0.78959405,0
1.8158457,-1.3714805,-0.14320612,0.78340483,0.61687386,-0.075788856,0
-1.5395844,2.1980269,-3.176578,-0.52625692,0.593512,-0.6089313,0
-2.1043184,1.93515,-3.0130081,-0.52625692,0.593512,-0.6089313,0
0.5836395,-1.5252643,-0.56958783,0.33065224,-0.51692414,-0.78959405,0
1.8384886,-1.8918258,0.19171345,0.33065224,-0.51692414,-0.78959405,0
2.8909411,-2.7976356,1.2295797,0.52625692,-0.593512,0.6089313,0
-2.3824604,3.1130452,-1.616575,-0.52625692,0.593512,-0.6089313,0
-0.29148805,-0.48853499,-1.7883298,0.33065224,-0.51692414,-0.78959405,0
2.1103249,-2.0027087,0.3734045,0.33065224,-0.51692414,-0.78959405,0
-2.2388244,2.6361713,-1.9963576,-0.52625692,0.593512,-0.6089313,0
-2.0058465,1.7493048,-3.2735529,-0.52625692,0.593512,-0.6089313,0
2.2256372,-2.9852285,1.1021166,0.33065224,-0.51692414,-0.78959405,0
-0.66871142,1.4175402,-2.2764804,0.78340483,0.61687386,-0.075788856,0
2.2015228,-2.0831594,2.5210476,0.52625692,-0.593512,0.6089313,0
1.4596393,-1.8835391,3.4247618,0.52625692,-0.593512,0.6089313,0
-0.51851118,0.61305261,1.1994481,-0.33065224,0.51692414,0.78959405,0
-2.2521832,2.3042583,-2.3897254,-0.52625692,0.593512,-0.6089313,0
1.1455313,-1.6595311,-0.31201041,0.33065224,-0.51692414,-0.78959405,0
0.62821889,-1.5369346,-0.082430243,-0.78340483,-0.61687386,0.075788856,0
2.4615576,-2.9304726,0.94424796,0.33065224,-0.51692414,-0.78959405,0
1.7269318,-2.2308469,2.9457002,0.52625692,-0.593512,0.6089313,0
2.8119788,-2.78457,1.4776061,0.52625692,-0.593512,0.6089313,0
-2.0700417,2.972744,-2.014334,-0.52625692,0.593512,-0.6089313,0
-0.12975928,0.81647831,-2.1114597,0.78340483,0.61687386,-0.075788856,0
-1.4952834,1.5660812,-3.5349131,0.33065224,-0.51692414,-0.78959405,0
1.285521,-2.019599,3.5787258,0.52625692,-0.593512,0.6089313,0
0.66360694,-1.3514735,2.7195568,-0.78340483,-0.61687386,0.075788856,0
1.5674512,-0.94519603,2.0271449,0.78340483,0.61687386,-0.075788856,0
-1.8837147,2.3871088,-2.6478806,-0.52625692,0.593512,-0.6089313,0
1.8418113,-2.289175,0.48245847,0.33065224,-0.51692414,-0.78959405,0
-1.5115702,1.1734232,-0.14750826,-0.78340483,-0.61687386,0.075788856,0
2.6143951,-2.5245228,1.9352723,0.52625692,-0.593512,0.6089313,0
0.56573391,-0.52570832,-1.2576993,0.33065224,-0.51692414,-0.78959405,0
0.32176661,-0.68122387,-1.4304557,0.33065224,-0.51692414,-0.78959405,0
-2.013479,3.0723412,-1.7464771,0.78340483,0.61687386,-0.075788856,0
-2.8893664,2.9448969,-1.1248522,-0.33065224,0.51692414,0.78959405,0
0.068327785,0.80367196,1.2364939,0.78340483,0.61687386,-0.075788856,0
-1.3871748,1.6353391,0.27337289,-0.33065224,0.51692414,0.78959405,0
-1.6287832,1.0200278,-2.5221734,-0.78340483,-0.61687386,0.075788856,0
1.7711594,-2.4229579,0.44155025,0.33065224,-0.51692414,-0.78959405,0
-2.3077631,2.6100991,-1.9991204,-0.52625692,0.593512,-0.6089313,0
-0.42848861,0.37183833,1.4782896,-0.33065224,0.51692414,0.78959405,0
-2.2676659,1.7375785,-2.989192,-0.52625692,0.593512,-0.6089313,0
0.3989464,0.26997799,-0.073279239,0.78340483,0.61687386,-0.075788856,0
2.463001,-3.0075772,1.5194631,0.52625692,-0.593512,0.6089313,0
2.5588818,-2.3604612,2.1572514,0.52625692,-0.593512,0.6089313,0
1.2198514,-0.82745272,-0.50595587,0.78340483,0.61687386,-0.075788856,0
1.7857546,-1.2639186,3.5744674,-0.33065224,0.51692414,0.78959405,0
2.3989348,-2.5925169,2.0908,0.52625692,-0.593512,0.6089313,0
1.4373658,-1.580505,3.6482511,-0.33065224,0.51692414,0.78959405,0
1.934067,-1.2671889,3.5395908,0.52625692,-0.593512,0.6089313,0
2.2514293,-1.9933455,2.7739277,0.52625692,-0.593512,0.6089313,0
1.1920936,-0.81628507,3.004482,-0.33065224,0.51692414,0.78959405,0
-1.1718041,1.379608,-3.1940503,0.33065224,-0.51692414,-0.78959405,0
0.5440135,-0.81745726,-1.0733516,0.33065224,-0.51692414,-0.78959405,0
-2.5672946,3.0852411,-1.5054083,-0.52625692,0.593512,-0.6089313,0
1.5371943,-1.0548114,-0.24083233,0.78340483,0.61687386,-0.075788856,0
-0.34370756,-0.56930089,-1.6943147,0.33065224,-0.51692414,-0.78959405,0
-2.2755404,3.1195791,-1.1689401,-0.33065224,0.51692414,0.78959405,0
1.4360952,-1.6537911,3.5739923,0.52625692,-0.593512,0.6089313,0
2.8062844,-2.5872543,1.5309939,0.78340483,0.61687386,-0.075788856,0
0.41521609,0.18886918,1.911786,-0.33065224,0.51692414,0.78959405,0
0.60631675,-1.5573219,1.0868384,-0.78340483,-0.61687386,0.075788856,0
-2.8150861,3.0355721,-1.3377943,-0.52625692,0.593512,-0.6089313,0
1.9101555,-2.8411584,2.156002,-0.78340483,-0.61687386,0.075788856,0
1.1398184,-0.90719515,2.9037366,-0.33065224,0.51692414,0.78959405,0
-2.3722737,2.5003726,-2.0996141,-0.52625692,0.593512,-0.6089313,0
2.2915907,-2.5293202,0.58942223,0.33065224,-0.51692414,-0.78959405,0
2.0235596,-2.4191122,2.5929298,0.52625692,-0.593512,0.6089313,0
-0.48042858,0.16010803,-2.2649431,0.33065224,-0.51692414,-0.78959405,0
1.5267527,-1.6870418,3.6523104,0.52625692,-0.593512,0.6089313,0
-0.086870134,0.5952279,-2.2367861,0.33065224,-0.51692414,-0.78959405,0
0.95700884,-1.7784855,-0.41711068,0.33065224,-0.51692414,-0.78959405,0
2.4559495,-2.6826162,1.7892489,0.52625692,-0.593512,0.6089313,0
2.1719518,-2.9107251,0.98641515,0.33065224,-0.51692414,-0.78959405,0
1.4196706,-1.1618004,-0.36682439,0.78340483,0.61687386,-0.075788856,0
2.1672812,-3.0151148,1.7202451,0.52625692,-0.593512,0.6089313,0
-1.6570286,1.0489621,-1.9973426,-0.78340483,-0.61687386,0.075788856,0
2.4033599,-2.3621173,2.2348824,0.52625692,-0.593512,0.6089313,0
-0.84538794,1.2629164,0.63876736,-0.33065224,0.51692414,0.78959405,0
-0.61158085,1.0863401,0.93008745,-0.33065224,0.51692414,0.78959405,0
-2.3544943,2.7291725,-1.860491,-0.52625692,0.593512,-0.6089313,0
1.9703616,-2.4884815,0.62348509,0.33065224,-0.51692414,-0.78959405,0
0.3535521,-1.0644171,2.0759742,-0.78340483,-0.61687386,0.075788856,0
-1.1896296,2.4054623,-0.31172955,0.78340483,0.61687386,-0.075788856,0
0.79803598,-1.3707881,3.1963749,-0.33065224,0.51692414,0.78959405,0
1.1878877,-1.8161745,2.8835926,-0.78340483,-0.61687386,0.075788856,0
-2.510376,2.8082683,-1.113045,-0.33065224,0.51692414,0.78959405,0
-1.7518169,2.6113353,-0.63665366,-0.33065224,0.51692414,0.78959405,0
0.86569154,-1.7096498,1.10201,-0.78340483,-0.61687386,0.075788856,0
0.98749423,-1.7780094,1.9621756,-0.78340483,-0.61687386,0.075788856,0
-1.9184227,1.527421,-1.9561673,-0.78340483,-0.61687386,0.075788856,0
2.1323662,-2.1170714,0.27726662,0.33065224,-0.51692414,-0.78959405,0
2.0367455,-2.1436486,2.6658752,0.52625692,-0.593512,0.6089313,0
-2.4729848,2.3682902,-2.266407,-0.52625692,0.593512,-0.6089313,0
0.42293179,-1.3898592,0.31956649,-0.78340483,-0.61687386,0.075788856,0
-2.0552726,2.1527641,-2.6803737,-0.52625692,0.593512,-0.6089313,0
2.0439143,-1.7340746,0.038781524,0.33065224,-0.51692414,-0.78959405,0
1.9787252,-2.2040317,2.6510515,0.52625692,-0.593512,0.6089313,0
1.7694418,-2.6892514,2.4602938,0.52625692,-0.593512,0.6089313,0
-2.6135881,2.4170766,-1.9044951,-0.52625692,0.593512,-0.6089313,0
2.2467506,-1.6343228,2.8858738,0.52625692,-0.593512,0.6089313,0
-1.4283421,2.2779951,-1.9990823,0.78340483,0.61687386,-0.075788856,0
1.9828366,-2.1957145,0.27531981,0.33065224,-0.51692414,-0.78959405,0
2.0229115,-2.2255793,2.5271983,0.52625692,-0.593512,0.6089313,0
1.5960464,-2.2973108,0.37561405,0.33065224,-0.51692414,-0.78959405,0
-1.8369634,1.211161,-2.4386404,-0.78340483,-0.61687386,0.075788856,0
0.30479312,-0.025840104,2.1087129,-0.33065224,0.51692414,0.78959405,0
-2.430732,2.1711922,-2.466054,-0.52625692,0.593512,-0.6089313,0
0.979972,-2.0362446,-0.0079885721,-0.78340483,-0.61687386,0.075788856,0
-2.4137774,3.0539169,-1.2072344,-0.33065224,0.51692414,0.78959405,0
1.0176342,-0.22496359,2.1552539,0.78340483,0.61687386,-0.075788856,0
0.28376639,0.23082431,1.8529103,-0.33065224,0.51692414,0.78959405,0
-2.2063658,3.3099313,-1.3883142,-0.52625692,0.593512,-0.6089313,0
0.45272845,-1.3194782,0.89709365,-0.78340483,-0.61687386,0.075788856,0
0.66790783,-1.5229299,-0.74728012,0.33065224,-0.51692414,-0.78959405,0
1.8406146,-2.4816232,2.5183992,0.52625692,-0.593512,0.6089313,0
1.6991398,-1.7985749,3.34885,0.52625692,-0.593512,0.6089313,0
-1.8280479,2.204134,-2.9551373,-0.52625692,0.593512,-0.6089313,0
-1.7429816,1.5434862,-3.6449132,-0.52625692,0.593512,-0.6089313,0
-1.0569972,0.66981047,-2.6876962,0.33065224,-0.51692414,-0.78959405,0
1.9953231,-1.6132863,0.73295653,0.78340483,0.61687386,-0.075788856,0
0.60011619,-1.0775015,2.8810089,-0.33065224,0.51692414,0.78959405,0
-0.13168263,1.0184126,0.8472935,0.78340483,0.61687386,-0.075788856,0
-1.7688453,1.7797234,-3.381918,-0.52625692,0.593512,-0.6089313,0
1.3476679,-1.3294063,3.3860207,-0.33065224,0.51692414,0.78959405,0
1.8772451,-1.5951964,0.81307805,0.78340483,0.61687386,-0.075788856,0
-1.1733909,2.2494836,-0.39942324,0.78340483,0.61687386,-0.075788856,0
-1.2849454,1.6019009,0.238711,-0.33065224,0.51692414,0.78959405,0
-2.0775084,3.1605825,-1.7307851,-0.52625692,0.593512,-0.6089313,0
1.6425281,-2.3805349,2.7737122,0.52625692,-0.593512,0.6089313,0
0.047281742,-0.7411145,-0.16948736,-0.78340483,-0.61687386,0.075788856,0
-1.3037591,1.4220911,0.41363311,-0.33065224,0.51692414,0.78959405,0
-0.23585165,1.3084109,0.80438876,0.78340483,0.61687386,-0.075788856,0
-1.1428645,0.78983057,0.68281299,-0.78340483,-0.61687386,0.075788856,0
-1.4166733,2.5389132,-0.67706811,0.78340483,0.61687386,-0.075788856,0
0.65788543,-0.7741785,2.673722,-0.33065224,0.51692414,0.78959405,0
0.52716351,-1.3112596,-0.89114869,0.33065224,-0.51692414,-0.78959405,0
2.0458879,-1.6462775,0.73030376,0.78340483,0.61687386,-0.075788856,0
1.4331236,-2.4505589,2.1952672,-0.78340483,-0.61687386,0.075788856,0
-1.6670632,1.2372551,-1.804425,-0.78340483,-0.61687386,0.075788856,0
-1.7989824,1.498327,-0.021321774,-0.78340483,-0.61687386,0.075788856,0
-2.183913,2.008563,-2.8629308,-0.52625692,0.593512,-0.6089313,0
-1.4195472,1.0109645,-0.92133737,-0.78340483,-0.61687386,0.075788856,0
-1.9397087,2.8106446,-0.76340413,-0.33065224,0.51692414,0.78959405,0
-1.5795568,1.505933,0.34463763,-0.33065224,0.51692414,0.78959405,0
-1.4388002,1.6850425,0.25568724,-0.33065224,0.51692414,0.78959405,0
-2.521641,3.0367644,-1.1749666,-0.33065224,0.51692414,0.78959405,0
-1.5315505,2.0823796,-3.3055625,-0.52625692,0.593512,-0.6089313,0
0.34160721,-0.14005286,-1.6876321,0.33065224,-0.51692414,-0.78959405,0
2.1417887,-1.6442394,1.3509946,0.78340483,0.61687386,-0.075788856,0
0.18882942,0.63018411,0.27658182,0.78340483,0.61687386,-0.075788856,0
-0.45279998,1.0024481,-2.6272767,0.33065224,-0.51692414,-0.78959405,0
0.30581224,-0.95428956,2.2551217,-0.78340483,-0.61687386,0.075788856,0
-2.5741553,2.9951522,-1.5193594,-0.52625692,0.593512,-0.6089313,0
0.54821396,0.25984198,0.41010416,0.78340483,0.61687386,-0.075788856,0
0.42774689,0.15185386,-1.2393875,0.78340483,0.61687386,-0.075788856,0
1.9828998,-2.8310223,2.0357668,0.52625692,-0.593512,0.6089313,0
-2.1668947,3.0463121,-1.627583,-0.52625692,0.593512,-0.6089313,0
-2.1978142,2.0543118,-2.8177395,-0.52625692,0.593512,-0.6089313,0
1.5706538,-1.2005224,-0.44003713,0.33065224,-0.51692414,-0.78959405,0
-2.4117093,1.7900834,-2.6984091,-0.78340483,-0.61687386,0.075788856,0
1.7008605,-1.5778067,-0.17079842,0.33065224,-0.51692414,-0.78959405,0
-2.4693158,2.3487728,-2.2087746,-0.52625692,0.593512,-0.6089313,0
-2.3033381,2.452975,-2.2656336,-0.52625692,0.593512,-0.6089313,0
-1.8928831,2.2705069,-2.6996021,-0.52625692,0.593512,-0.6089313,0
2.3379428,-2.143995,1.4043598,0.78340483,0.61687386,-0.075788856,0
1.6734233,-2.6777511,2.5024757,0.52625692,-0.593512,0.6089313,0
-1.6496447,1.2397428,-3.5224731,0.33065224,-0.51692414,-0.78959405,0
1.5723751,-2.660584,2.2851491,-0.78340483,-0.61687386,0.075788856,0
1.9658012,-2.6960135,2.3259242,0.52625692,-0.593512,0.6089313,0
-2.6011095,2.2045763,-1.9538605,-0.78340483,-0.61687386,0.075788856,0
0.28528666,-1.1664231,-0.68980217,-0.78340483,-0.61687386,0.075788856,0
-1.2744731,0.65889382,-1.416905,-0.78340483,-0.61687386,0.075788856,0
1.8890681,-1.8856566,3.0261147,0.52625692,-0.593512,0.6089313,0
-0.012907147,-0.45412576,2.2597256,-0.33065224,0.51692414,0.78959405,0
1.3319324,-2.2401345,2.2798471,-0.78340483,-0.61687386,0.075788856,0
1.2575154,-0.61996317,0.31686908,0.78340483,0.61687386,-0.075788856,0
-0.38677067,0.4841682,-2.2789903,0.33065224,-0.51692414,-0.78959405,0
2.3779392,-2.823848,1.65242,0.52625692,-0.593512,0.6089313,0
-2.1108265,3.0332165,-1.7500865,-0.52625692,0.593512,-0.6089313,0
-0.56225532,1.1643128,-2.5069537,0.78340483,0.61687386,-0.075788856,0
-1.0430168,1.8583183,-2.6482034,0.78340483,0.61687386,-0.075788856,0
-0.90020001,0.36957443,1.3253397,-0.78340483,-0.61687386,0.075788856,0
-0.8019098,1.6364312,-0.51249504,0.78340483,0.61687386,-0.075788856,0
-2.3021805,1.8564478,-2.7617352,-0.52625692,0.593512,-0.6089313,0
1.380919,-1.0397589,-0.5215947,0.33065224,-0.51692414,-0.78959405,0
-1.9614089,2.2863879,-2.5222783,-0.52625692,0.593512,-0.6089313,0
1.1769079,-1.9959279,1.9766482,-0.78340483,-0.61687386,0.075788856,0
0.1254369,-0.7210815,-1.2683288,0.33065224,-0.51692414,-0.78959405,0
0.35571322,-1.1706301,1.5875063,-0.78340483,-0.61687386,0.075788856,0
-1.3212802,1.5079027,0.26874816,-0.33065224,0.51692414,0.78959405,0
-1.5085571,0.99452507,-1.9785858,-0.78340483,-0.61687386,0.075788856,0
1.9094585,-1.8102981,0.13714039,0.33065224,-0.51692414,-0.78959405,0
-2.1003659,1.9146451,-2.9173613,-0.52625692,0.593512,-0.6089313,0
-1.8896689,1.3367648,-2.8042543,-0.78340483,-0.61687386,0.075788856,0
-0.86128545,0.74238873,1.0873222,-0.33065224,0.51692414,0.78959405,0
-0.95950234,1.661653,0.42918348,-0.33065224,0.51692414,0.78959405,0
0.89932156,-0.72548723,-1.0245645,0.33065224,-0.51692414,-0.78959405,0
-0.47868478,1.184659,0.91743457,-0.33065224,0.51692414,0.78959405,0
1.8432606,-1.3263394,1.7702732,0.78340483,0.61687386,-0.075788856,0
1.3558463,-0.62774074,2.3010945,0.78340483,0.61687386,-0.075788856,0
-2.9026031,2.7371955,-1.4752836,-0.52625692,0.593512,-0.6089313,0
-1.8738345,2.1341991,-2.9807787,-0.52625692,0.593512,-0.6089313,0
-1.9895685,2.5011635,-2.3662038,-0.52625692,0.593512,-0.6089313,0
-1.5606432,2.5905719,-0.75213051,0.78340483,0.61687386,-0.075788856,0
0.44611442,-1.068855,-0.96244031,0.33065224,-0.51692414,-0.78959405,0
-2.3216677,1.7255937,-2.9136782,-0.52625692,0.593512,-0.6089313,0
2.2476554,-3.0395999,1.6792119,0.52625692,-0.593512,0.6089313,0
-1.5059197,2.6811042,-1.6433685,0.78340483,0.61687386,-0.075788856,0
-2.1600268,3.2951293,-1.3789616,-0.52625692,0.593512,-0.6089313,0
-0.66180778,0.76521444,1.1373452,-0.33065224,0.51692414,0.78959405,0
1.1920249,-0.36853209,1.646145,0.78340483,0.61687386,-0.075788856,0
0.9358722,-1.7631092,2.3155444,-0.78340483,-0.61687386,0.075788856,0
1.9689791,-1.8789694,2.9988956,0.52625692,-0.593512,0.6089313,0
-0.25483406,-0.034261107,-2.0211759,0.33065224,-0.51692414,-0.78959405,0
1.5133429,-1.9280287,3.2601852,0.52625692,-0.593512,0.6089313,0
-1.8933649,1.3706987,-3.4465842,-0.52625692,0.593512,-0.6089313,0
0.29681358,-0.97253454,0.72084886,-0.78340483,-0.61687386,0.075788856,0
-1.223918,2.0254714,-2.7032819,0.78340483,0.61687386,-0.075788856,0
0.9020288,-1.2886057,3.050734,-0.33065224,0.51692414,0.78959405,0
0.86441416,-0.15095401,0.054950535,0.78340483,0.61687386,-0.075788856,0
2.0394123,-3.0507591,1.6492376,-0.78340483,-0.61687386,0.075788856,0
2.3876803,-1.8022499,2.632226,0.52625692,-0.593512,0.6089313,0
-0.50596654,1.2729509,0.74580729,-0.33065224,0.51692414,0.78959405,0
1.6267995,-1.1540987,1.4501796,0.78340483,0.61687386,-0.075788856,0
-1.594829,1.7724026,-3.4426851,-0.52625692,0.593512,-0.6089313,0
1.7547786,-2.0373755,0.1846472,0.33065224,-0.51692414,-0.78959405,0
-2.0314076,2.4888849,-2.4028034,-0.52625692,0.593512,-0.6089313,0
1.0188684,-0.44708121,-0.17045042,0.78340483,0.61687386,-0.075788856,0
0.37224561,-0.50018322,2.3717985,-0.33065224,0.51692414,0.78959405,0
0.9173826,-0.7989763,-0.87625515,0.33065224,-0.51692414,-0.78959405,0
-1.6809255,2.2806702,-2.8585598,-0.52625692,0.593512,-0.6089313,0
-0.54542398,1.2517114,-2.9382391,0.33065224,-0.51692414,-0.78959405,0
2.1654546,-2.58568,2.3328738,0.52625692,-0.593512,0.6089313,0
1.723833,-2.1175385,3.1325269,0.52625692,-0.593512,0.6089313,0
-1.9445218,2.9680057,-1.9051485,-0.52625692,0.593512,-0.6089313,0
-1.7581806,1.1022224,-2.6257777,-0.78340483,-0.61687386,0.075788856,0
-1.5615197,1.4861124,-3.6111188,0.33065224,-0.51692414,-0.78959405,0
0.16381228,0.51136577,1.5612195,-0.33065224,0.51692414,0.78959405,0
2.1530528,-2.2441585,2.5861025,0.52625692,-0.593512,0.6089313,0
-0.45214462,-0.45663318,-1.2697229,-0.78340483,-0.61687386,0.075788856,0
-0.93582344,2.0536714,0.19650602,0.78340483,0.61687386,-0.075788856,0
-0.80037659,0.099051118,-0.63815039,-0.78340483,-0.61687386,0.075788856,0
0.47451949,0.24287675,1.9350388,-0.33065224,0.51692414,0.78959405,0
2.2058659,-2.7785807,0.88643432,0.33065224,-0.51692414,-0.78959405,0
-1.5074403,2.3304787,-2.8949573,-0.52625692,0.593512,-0.6089313,0
-2.5036759,2.4796867,-2.0851512,-0.52625692,0.593512,-0.6089313,0
1.2644001,-0.95487326,-0.45341372,0.78340483,0.61687386,-0.075788856,0
-1.1018635,0.67775553,-0.068248093,-0.78340483,-0.61687386,0.075788856,0
2.4526005,-2.3526053,2.2479761,0.52625692,-0.593512,0.6089313,0
-2.1752758,1.7705609,-2.2093744,-0.78340483,-0.61687386,0.075788856,0
1.4141245,-2.4492929,0.70329356,-0.78340483,-0.61687386,0.075788856,0
-1.0476516,0.28763828,-1.6321161,-0.78340483,-0.61687386,0.075788856,0
1.8039585,-1.1383743,1.5500828,0.78340483,0.61687386,-0.075788856,0
1.6284502,-1.6020491,3.5971022,0.52625692,-0.593512,0.6089313,0
2.1316111,-2.8020003,0.90537071,0.33065224,-0.51692414,-0.78959405,0
-1.7563719,2.1711495,-2.9232612,-0.52625692,0.593512,-0.6089313,0
1.4611439,-1.0060967,1.3920803,0.78340483,0.61687386,-0.075788856,0
1.213738,-2.1111023,1.7686476,-0.78340483,-0.61687386,0.075788856,0
2.3668234,-2.1534019,0.55547202,0.33065224,-0.51692414,-0.78959405,0
-0.85707092,1.8044325,-0.46217716,0.78340483,0.61687386,-0.075788856,0
-1.2340795,1.0840493,-3.1179523,0.33065224,-0.51692414,-0.78959405,0
0.27202582,-0.42385322,-1.4203057,0.33065224,-0.51692414,-0.78959405,0
1.2319243,-0.59436285,2.6999631,-0.33065224,0.51692414,0.78959405,0
-0.21077466,-0.19426492,-1.7761571,0.33065224,-0.51692414,-0.78959405,0
-0.67905325,0.35108855,-2.3506694,0.33065224,-0.51692414,-0.78959405,0
0.6602391,-0.21539032,-1.4322648,0.78340483,0.61687386,-0.075788856,0
2.2355671,-2.04111,2.790472,0.52625692,-0.593512,0.6089313,0
2.2458827,-1.8916435,2.7676222,0.52625692,-0.593512,0.6089313,0
2.128289,-1.7429316,3.033937,0.52625692,-0.593512,0.6089313,0
2.8399277,-2.8893037,1.4054132,0.52625692,-0.593512,0.6089313,0
1.9433717,-1.3460972,1.2826701,0.78340483,0.61687386,-0.075788856,0
2.2357981,-1.7503287,2.4734502,0.78340483,0.61687386,-0.075788856,0
-2.4691863,2.4817061,-0.66976357,-0.33065224,0.51692414,0.78959405,0
1.9486507,-2.283772,2.5520422,0.52625692,-0.593512,0.6089313,0
-1.9940619,2.8046489,-2.2618639,-0.52625692,0.593512,-0.6089313,0
-2.0052319,2.4536996,-2.4636803,-0.52625692,0.593512,-0.6089313,0
-2.1220798,3.1957893,-1.5875671,-0.52625692,0.593512,-0.6089313,0
0.6153779,-0.93314469,-1.0226073,0.33065224,-0.51692414,-0.78959405,0
-0.96612597,2.0519366,-0.89452708,0.78340483,0.61687386,-0.075788856,0
-1.1835032,2.3463418,-0.15814233,-0.33065224,0.51692414,0.78959405,0
-2.9115188,2.9153039,-1.3329146,-0.52625692,0.593512,-0.6089313,0
-1.6363674,1.267509,-3.461026,0.33065224,-0.51692414,-0.78959405,0
-1.0042771,1.8052146,0.28327942,-0.33065224,0.51692414,0.78959405,0
-1.5262682,1.8157822,-3.4750443,-0.52625692,0.593512,-0.6089313,0
1.0039797,-0.99086237,-0.92097998,0.33065224,-0.51692414,-0.78959405,0
2.3711658,-3.1435089,1.370508,0.52625692,-0.593512,0.6089313,0
-2.1582346,1.6499205,-3.0457702,-0.52625692,0.593512,-0.6089313,0
0.76812077,-0.69461417,2.7064648,-0.33065224,0.51692414,0.78959405,0
0.27011168,0.72534561,1.5442305,0.78340483,0.61687386,-0.075788856,0
1.3270068,-0.76341891,3.0327296,-0.33065224,0.51692414,0.78959405,0
-0.38312548,-0.094737172,1.1238673,-0.78340483,-0.61687386,0.075788856,0
1.2365075,-1.8643432,-0.22855508,0.33065224,-0.51692414,-0.78959405,0
1.9562032,-2.3767154,2.5927079,0.52625692,-0.593512,0.6089313,0
2.1166158,-2.4195132,2.5031896,0.52625692,-0.593512,0.6089313,0
-2.253963,2.8888755,-0.98851562,-0.33065224,0.51692414,0.78959405,0
-0.9061904,1.7794527,-0.74128628,0.78340483,0.61687386,-0.075788856,0
-0.49039516,1.1790508,-2.5582104,0.78340483,0.61687386,-0.075788856,0
2.619262,-2.8403172,1.0565271,0.33065224,-0.51692414,-0.78959405,0
0.33068502,0.35825652,1.8479409,-0.33065224,0.51692414,0.78959405,0
-0.24002144,0.90716368,-1.5234144,0.78340483,0.61687386,-0.075788856,0
-1.228788,0.50212514,-1.4487427,-0.78340483,-0.61687386,0.075788856,0
-2.0233927,2.5271146,-0.49480271,-0.33065224,0.51692414,0.78959405,0
1.5890709,-1.8293478,3.4303844,0.52625692,-0.593512,0.6089313,0
-2.1589131,2.308964,-2.4521427,-0.52625692,0.593512,-0.6089313,0
1.6772052,-2.1647491,2.9571314,0.52625692,-0.593512,0.6089313,0
1.3587074,-0.89217627,0.51580638,0.78340483,0.61687386,-0.075788856,0
-2.3348453,1.9161645,-2.8152027,-0.52625692,0.593512,-0.6089313,0
-2.6060588,2.1066496,-1.9793752,-0.78340483,-0.61687386,0.075788856,0
1.4787953,-1.3332112,3.415549,-0.33065224,0.51692414,0.78959405,0
1.139454,-1.0197201,3.138422,-0.33065224,0.51692414,0.78959405,0
0.026683062,-0.79588246,0.49499917,-0.78340483,-0.61687386,0.075788856,0
-0.19870132,-0.59292048,0.92057586,-0.78340483,-0.61687386,0.075788856,0
0.46210611,-0.90791214,-1.1321715,0.33065224,-0.51692414,-0.78959405,0
2.4489775,-2.2408199,0.83701074,0.78340483,0.61687386,-0.075788856,0
-2.6427753,2.5467756,-1.7982843,-0.52625692,0.593512,-0.6089313,0
1.2529432,-2.0876997,3.1431656,-0.78340483,-0.61687386,0.075788856,0
-1.4617286,2.598371,-0.39920664,-0.33065224,0.51692414,0.78959405,0
1.6543001,-0.89709908,2.2983022,0.78340483,0.61687386,-0.075788856,0
2.826798,-2.8027904,1.0710156,0.33065224,-0.51692414,-0.78959405,0
1.8958309,-1.8161389,3.3054776,0.52625692,-0.593512,0.6089313,0
1.562667,-2.0323679,3.2303662,0.52625692,-0.593512,0.6089313,0
0.50994825,0.32293314,0.2827903,0.78340483,0.61687386,-0.075788856,0
-2.2173986,2.3771009,-2.250237,-0.52625692,0.593512,-0.6089313,0
0.43166393,-0.79491824,2.635623,-0.33065224,0.51692414,0.78959405,0
-0.93348336,0.62645298,1.1203867,-0.33065224,0.51692414,0.78959405,0
-1.3367023,1.1688831,-3.2795324,0.33065224,-0.51692414,-0.78959405,0
-1.4713227,2.2534804,-0.24644506,-0.33065224,0.51692414,0.78959405,0
1.4677851,-2.0999932,3.2115455,0.52625692,-0.593512,0.6089313,0
-0.27916616,0.82877719,-1.8385121,0.78340483,0.61687386,-0.075788856,0
-1.6183898,1.695603,-3.3798327,-0.52625692,0.593512,-0.6089313,0
0.57669723,-0.40508038,-1.3413534,0.33065224,-0.51692414,-0.78959405,0
-1.2785289,0.57548273,-1.8575649,-0.78340483,-0.61687386,0.075788856,0
1.276866,-1.4582355,3.4665062,-0.33065224,0.51692414,0.78959405,0
0.84425032,0.066197947,1.955886,0.78340483,0.61687386,-0.075788856,0
0.26823604,0.38898557,1.7291241,-0.33065224,0.51692414,0.78959405,0
0.62864846,-0.19939423,-0.61512744,0.78340483,0.61687386,-0.075788856,0
-0.49790484,0.53968894,-2.5619583,0.33065224,-0.51692414,-0.78959405,0
-0.15522599,1.0150391,0.34300435,0.78340483,0.61687386,-0.075788856,0
0.51458406,-0.71756667,2.5607724,-0.33065224,0.51692414,0.78959405,0
-1.3964926,0.67061353,-2.1457357,-0.78340483,-0.61687386,0.075788856,0
1.3539088,-2.1444037,3.4421802,0.52625692,-0.593512,0.6089313,0
-1.8912463,2.2415912,-0.34196663,-0.33065224,0.51692414,0.78959405,0
1.7915192,-2.7155464,0.69336772,0.33065224,-0.51692414,-0.78959405,0
-2.1864696,3.0368309,-1.7167697,-0.52625692,0.593512,-0.6089313,0
0.57441276,0.001372382,2.1699984,-0.33065224,0.51692414,0.78959405,0
-0.9029026,0.50582707,-2.6395202,0.33065224,-0.51692414,-0.78959405,0
0.19025791,-0.26097322,-1.6543128,0.33065224,-0.51692414,-0.78959405,0
1.582697,-1.2688922,3.3737845,-0.33065224,0.51692414,0.78959405,0
-2.587158,2.200732,-2.3129244,-0.52625692,0.593512,-0.6089313,0
-1.3038195,1.9423494,0.052700043,-0.33065224,0.51692414,0.78959405,0
0.013499022,0.21908155,1.856463,-0.33065224,0.51692414,0.78959405,0
1.5430665,-0.95362008,3.0849352,-0.33065224,0.51692414,0.78959405,0
-2.0580769,1.4058304,-3.2723269,-0.52625692,0.593512,-0.6089313,0
-0.34135652,0.62221503,1.2652347,-0.33065224,0.51692414,0.78959405,0
1.6471831,-2.7475047,1.7428709,-0.78340483,-0.61687386,0.075788856,0
-0.62230217,-0.036486208,-0.82825214,-0.78340483,-0.61687386,0.075788856,0
-0.57616621,-0.17841263,-1.9714117,0.33065224,-0.51692414,-0.78959405,0
-1.6055565,2.4538376,-2.7656775,-0.52625692,0.593512,-0.6089313,0
-2.6510115,2.5469449,-1.3810422,-0.78340483,-0.61687386,0.075788856,0
1.5228717,-1.3023726,3.3646472,-0.33065224,0.51692414,0.78959405,0
-2.5287437,2.0458658,-2.4775567,-0.52625692,0.593512,-0.6089313,0
-0.75290006,1.6797721,-1.5100003,0.78340483,0.61687386,-0.075788856,0
0.46035087,-1.0955794,1.5435561,-0.78340483,-0.61687386,0.075788856,0
-1.1620817,0.96261132,-2.9338017,0.33065224,-0.51692414,-0.78959405,0
2.6447115,-3.0724797,1.2230878,0.52625692,-0.593512,0.6089313,0
0.39979142,-0.68259382,2.4011981,-0.33065224,0.51692414,0.78959405,0
1.6198144,-2.5554473,2.5547118,0.52625692,-0.593512,0.6089313,0
1.2162112,-0.44671988,2.7256062,-0.33065224,0.51692414,0.78959405,0
0.97175956,-0.84429598,-1.0582139,0.33065224,-0.51692414,-0.78959405,0
2.4598608,-2.3141472,2.1896784,0.52625692,-0.593512,0.6089313,0
1.8467433,-1.7210708,3.4078178,0.52625692,-0.593512,0.6089313,0
2.427855,-2.781394,1.6812506,0.52625692,-0.593512,0.6089313,0
-1.2436763,1.5950316,0.45480359,-0.33065224,0.51692414,0.78959405,0
-1.785938,1.6148734,-3.4041176,-0.52625692,0.593512,-0.6089313,0
-1.3591229,2.0773828,-2.6817369,0.78340483,0.61687386,-0.075788856,0
1.3462718,-2.1982787,0.10033607,0.33065224,-0.51692414,-0.78959405,0
1.6562898,-2.4919281,2.7570839,0.52625692,-0.593512,0.6089313,0
-0.89668918,0.24781232,-2.4832265,0.33065224,-0.51692414,-0.78959405,0
1.9283239,-1.9876907,3.0014026,0.52625692,-0.593512,0.6089313,0
1.7959772,-1.1462934,2.6789651,0.78340483,0.61687386,-0.075788856,0
1.7715538,-1.9692789,2.9859908,0.52625692,-0.593512,0.6089313,0
-2.2836473,2.3722692,-2.3371372,-0.52625692,0.593512,-0.6089313,0
-1.5452039,2.1525307,-2.9973078,-0.52625692,0.593512,-0.6089313,0
2.0668666,-2.4485669,2.5169466,0.52625692,-0.593512,0.6089313,0
1.1684309,-1.6326587,-0.2388078,0.33065224,-0.51692414,-0.78959405,0
1.8412875,-2.8809578,1.029418,-0.78340483,-0.61687386,0.075788856,0
1.1209438,-1.7982519,-0.35205841,0.33065224,-0.51692414,-0.78959405,0
-1.6832154,1.3171499,-1.2602543,-0.78340483,-0.61687386,0.075788856,0
-1.7227428,1.5199214,0.094660401,-0.33065224,0.51692414,0.78959405,0
2.6617856,-2.9162731,1.1762013,0.33065224,-0.51692414,-0.78959405,0
0.9512006,-1.4749069,3.3474805,-0.33065224,0.51692414,0.78959405,0
1.007621,-0.38965571,1.4443277,0.78340483,0.61687386,-0.075788856,0
0.33220637,-1.3265923,0.11029768,-0.78340483,-0.61687386,0.075788856,0
1.1907729,-1.3042353,-0.47138661,0.33065224,-0.51692414,-0.78959405,0
2.3066103,-2.25577,2.4035006,0.52625692,-0.593512,0.6089313,0
0.09942317,-1.1476634,-0.52323461,-0.78340483,-0.61687386,0.075788856,0
-0.77095252,0.28987575,1.1055222,-0.78340483,-0.61687386,0.075788856,0
0.026040792,0.65623719,1.444752,-0.33065224,0.51692414,0.78959405,0
-2.1648455,2.1368873,-2.7056434,-0.52625692,0.593512,-0.6089313,0
-2.2543697,2.1294699,-2.3992906,-0.52625692,0.593512,-0.6089313,0
2.1144416,-1.7046107,2.9213922,0.52625692,-0.593512,0.6089313,0
1.9970877,-1.3795764,2.5773902,0.78340483,0.61687386,-0.075788856,0
0.15547979,0.57288527,1.5410472,-0.33065224,0.51692414,0.78959405,0
1.8881172,-2.3048933,0.38508511,0.33065224,-0.51692414,-0.78959405,0
-0.90410125,0.32233131,0.63398677,-0.78340483,-0.61687386,0.075788856,0
-2.2367713,1.8131657,-2.8036289,-0.52625692,0.593512,-0.6089313,0
-0.52701819,-0.31112731,-0.7462154,-0.78340483,-0.61687386,0.075788856,0
1.4712102,-1.5079069,3.4814057,-0.33065224,0.51692414,0.78959405,0
-2.6864729,3.1257272,-1.2199454,-0.33065224,0.51692414,0.78959405,0
-1.5609899,2.696471,-2.1008766,0.78340483,0.61687386,-0.075788856,0
2.5195746,-2.4559212,2.0157712,0.52625692,-0.593512,0.6089313,0
2.3365724,-2.3680182,0.61033797,0.33065224,-0.51692414,-0.78959405,0
-1.9245764,1.2688427,-2.2605915,-0.78340483,-0.61687386,0.075788856,0
2.0529511,-2.0296218,2.7581966,0.52625692,-0.593512,0.6089313,0
-1.9529119,1.4584494,-3.3190196,-0.52625692,0.593512,-0.6089313,0
-0.71349263,0.2808584,-2.2802577,0.33065224,-0.51692414,-0.78959405,0
-1.2851284,2.4242501,-0.51646471,0.78340483,0.61687386,-0.075788856,0
-1.8757743,2.6942205,-2.2108312,-0.52625692,0.593512,-0.6089313,0
0.30367741,0.49655318,-0.021761388,0.78340483,0.61687386,-0.075788856,0
2.3471851,-2.2737041,0.58830857,0.33065224,-0.51692414,-0.78959405,0
1.2639048,-2.2966681,0.20003641,0.33065224,-0.51692414,-0.78959405,0
2.2635176,-2.8676229,1.9790096,0.52625692,-0.593512,0.6089313,0
0.91358888,-1.2919465,-0.60555476,0.33065224,-0.51692414,-0.78959405,0
-1.7695832,2.6053271,-2.5683115,-0.52625692,0.593512,-0.6089313,0
-0.49027383,0.99407816,1.1098492,-0.33065224,0.51692414,0.78959405,0
-2.1035113,2.4708042,-2.4172902,-0.52625692,0.593512,-0.6089313,0
-0.073040366,1.1156366,1.2625294,-0.33065224,0.51692414,0.78959405,0
0.78091121,-1.423269,-0.61796016,0.33065224,-0.51692414,-0.78959405,0
1.6464581,-1.1956604,-0.23062694,0.78340483,0.61687386,-0.075788856,0
2.707808,-2.6527514,1.0581579,0.33065224,-0.51692414,-0.78959405,0
-0.68688858,0.164002,0.45970905,-0.78340483,-0.61687386,0.075788856,0
1.5954759,-2.3967814,0.39400864,0.33065224,-0.51692414,-0.78959405,0
1.864899,-2.0474098,2.8113053,0.52625692,-0.593512,0.6089313,0
2.5731056,-2.3863819,1.9448421,0.52625692,-0.593512,0.6089313,0
-0.59708774,0.015734456,-2.1004093,0.33065224,-0.51692414,-0.78959405,0
1.0290066,-0.45087397,2.5416791,-0.33065224,0.51692414,0.78959405,0
2.0325012,-3.111402,1.8077083,0.52625692,-0.593512,0.6089313,0
-1.5692518,1.7069299,0.027604222,-0.33065224,0.51692414,0.78959405,0
1.9084635,-2.7019603,0.61262679,0.33065224,-0.51692414,-0.78959405,0
2.0394156,-1.4977667,3.405272,0.52625692,-0.593512,0.6089313,0
1.6731371,-1.8233846,0.063801289,0.33065224,-0.51692414,-0.78959405,0
1.5176713,-1.2275567,3.4184906,-0.33065224,0.51692414,0.78959405,0
-0.20338666,0.097388029,1.7939647,-0.33065224,0.51692414,0.78959405,0
0.5960989,-1.4930423,-0.77495652,0.33065224,-0.51692414,-0.78959405,0
0.53216028,-1.2862289,-0.85003859,0.33065224,-0.51692414,-0.78959405,0
0.42685294,-0.82762647,-1.0872146,0.33065224,-0.51692414,-0.78959405,0
-0.53415865,-0.11394578,-0.80648988,-0.78340483,-0.61687386,0.075788856,0
-0.73179454,0.62670636,-2.7378833,0.33065224,-0.51692414,-0.78959405,0
2.3328345,-1.9223748,1.9279336,0.78340483,0.61687386,-0.075788856,0
-2.8410521,2.7349334,-1.4120555,-0.52625692,0.593512,-0.6089313,0
2.4071441,-2.2699771,2.3135023,0.52625692,-0.593512,0.6089313,0
-2.9320827,2.8508368,-1.3954835,-0.52625692,0.593512,-0.6089313,0
0.6407088,-1.6378802,-0.5514617,0.33065224,-0.51692414,-0.78959405,0
-1.6349745,1.8550402,-0.0038274527,-0.33065224,0.51692414,0.78959405,0
1.3539335,-1.3733972,-0.4017638,0.33065224,-0.51692414,-0.78959405,0
-0.64218378,0.78584862,1.106149,-0.33065224,0.51692414,0.78959405,0
0.55820566,-0.24975534,2.173306,-0.33065224,0.51692414,0.78959405,0
-2.0699,1.7370076,-1.7795546,-0.78340483,-0.61687386,0.075788856,0
1.2385452,-0.46933666,1.30338,0.78340483,0.61687386,-0.075788856,0
-1.7125099,1.3643019,-3.5826161,0.33065224,-0.51692414,-0.78959405,0
0.4911496,0.3792091,0.4397577,0.78340483,0.61687386,-0.075788856,0
-1.1864377,2.0304568,-3.2348733,0.78340483,0.61687386,-0.075788856,0
0.94035685,-0.59817255,2.6906192,-0.33065224,0.51692414,0.78959405,0
0.52253079,-0.6928404,-1.2975886,0.33065224,-0.51692414,-0.78959405,0
-2.2769818,2.7862525,-1.8175285,-0.52625692,0.593512,-0.6089313,0
2.4456911,-2.7377923,1.7516341,0.52625692,-0.593512,0.6089313,0
-0.25119734,0.5354377,1.3300686,-0.33065224,0.51692414,0.78959405,0
2.7104766,-2.5271502,1.1756067,0.78340483,0.61687386,-0.075788856,0
0.24521947,0.091343045,-1.8642989,0.33065224,-0.51692414,-0.78959405,0
0.033250682,0.68262136,-0.84495437,0.78340483,0.61687386,-0.075788856,0
0.99610615,-0.52545255,0.10221303,0.78340483,0.61687386,-0.075788856,0
2.2513001,-3.2731738,1.1436069,0.33065224,-0.51692414,-0.78959405,0
0.98834503,-1.9318652,0.40599632,-0.78340483,-0.61687386,0.075788856,0
0.7043798,-0.22910142,-0.66148114,0.78340483,0.61687386,-0.075788856,0
-1.5776407,1.73871,0.033048034,-0.33065224,0.51692414,0.78959405,0
-1.160766,1.5117048,-3.443749,0.33065224,-0.51692414,-0.78959405,0
2.0935788,-2.5829973,2.2101853,0.52625692,-0.593512,0.6089313,0
-0.52425456,0.34534794,1.360159,-0.33065224,0.51692414,0.78959405,0
-2.6465166,2.1917417,-2.0273919,-0.78340483,-0.61687386,0.075788856,0
-0.059307277,0.76039588,0.069349766,0.78340483,0.61687386,-0.075788856,0
0.47599465,-0.4373585,2.4812083,-0.33065224,0.51692414,0.78959405,0
1.9288845,-2.4652622,2.4875326,0.52625692,-0.593512,0.6089313,0
-2.0279965,2.6825373,-2.0534775,-0.52625692,0.593512,-0.6089313,0
2.2618663,-2.6449335,2.0005469,0.52625692,-0.593512,0.6089313,0
-0.95334345,1.7301247,-2.9505482,0.78340483,0.61687386,-0.075788856,0
0.77529454,-0.66507125,-1.1558967,0.33065224,-0.51692414,-0.78959405,0
-2.6342771,2.4466684,-2.0410786,-0.52625692,0.593512,-0.6089313,0
0.50990158,-0.57711166,2.4189484,-0.33065224,0.51692414,0.78959405,0
-2.7104549,2.5876589,-1.8250265,-0.52625692,0.593512,-0.6089313,0
-1.8138381,2.3110991,-2.7276456,-0.52625692,0.593512,-0.6089313,0
2.2452769,-2.9680343,1.7931447,0.52625692,-0.593512,0.6089313,0
-0.19937527,-0.0075426996,-1.9068344,0.33065224,-0.51692414,-0.78959405,0
1.7108383,-2.7201633,0.63162303,0.33065224,-0.51692414,-0.78959405,0
-1.7914469,2.2389464,-2.9659159,-0.52625692,0.593512,-0.6089313,0
2.4049163,-2.8326993,1.5765164,0.52625692,-0.593512,0.6089313,0
-0.6703096,1.6080624,-1.2159206,0.78340483,0.61687386,-0.075788856,0
-0.21674907,0.38943982,-2.1904278,0.33065224,-0.51692414,-0.78959405,0
1.9779147,-1.6240737,3.2345133,0.52625692,-0.593512,0.6089313,0
