2.6790802,-0.66554499,-2.3105559,0.78253883,-0.24008691,-0.57444859,0
0.7882148,-0.18337637,-1.3438669,-0.62250751,-0.28566527,-0.72861493,0
-1.6433762,0.60640728,1.8379829,0.62250751,0.28566527,0.72861493,0
-2.3462708,-0.082233906,2.7709973,-0.78253883,0.24008691,0.57444859,0
-2.5453346,0.8478595,1.249738,-0.62250751,-0.28566527,-0.72861493,0
-2.8785315,-0.006352663,2.2329774,-0.78253883,0.24008691,0.57444859,0
0.98937309,-1.7332492,-0.29737437,-0.010830879,-0.92776805,0.37300009,0
2.9152131,0.66858572,-2.055953,0.010830879,0.92776805,-0.37300009,0
-0.14555895,-1.1824777,1.0386137,-0.010830879,-0.92776805,0.37300009,0
-1.8610122,-0.52088404,2.3591468,0.62250751,0.28566527,0.72861493,0
-2.5053988,2.1602411,1.807929,-0.78253883,0.24008691,0.57444859,0
-2.6075945,2.1973457,1.3653238,0.010830879,0.92776805,-0.37300009,0
-2.7373207,-0.053462088,2.3141351,-0.78253883,0.24008691,0.57444859,0
1.9671164,0.13971913,-2.4368672,-0.62250751,-0.28566527,-0.72861493,0
-2.2324529,-0.82632923,1.5657806,-0.62250751,-0.28566527,-0.72861493,0
-1.6840878,2.1305048,0.97642565,0.010830879,0.92776805,-0.37300009,0
-2.8546824,0.88737577,1.7750401,-0.78253883,0.24008691,0.57444859,0
-2.8043394,-0.097429156,2.434288,-0.78253883,0.24008691,0.57444859,0
-0.95738947,1.9235032,0.48419321,0.010830879,0.92776805,-0.37300009,0
2.5561953,-0.88395691,-2.1377475,0.78253883,-0.24008691,-0.57444859,0
-2.698621,1.7624061,1.8329775,-0.78253883,0.24008691,0.57444859,0
-2.7118728,0.46569115,2.2132626,-0.78253883,0.24008691,0.57444859,0
-0.75161719,-0.92571086,1.6837785,-0.010830879,-0.92776805,0.37300009,0
-2.5948806,0.79738593,2.3718128,-0.78253883,0.24008691,0.57444859,0
0.37109041,1.1694548,-1.0928035,0.010830879,0.92776805,-0.37300009,0
2.4110646,-1.3880239,-2.1160631,0.78253883,-0.24008691,-0.57444859,0
1.5828609,0.46824878,-2.1987021,-0.62250751,-0.28566527,-0.72861493,0
2.383826,-0.80342412,-2.4698999,0.78253883,-0.24008691,-0.57444859,0
2.5947943,-0.68654561,-1.2454586,0.62250751,0.28566527,0.72861493,0
-1.575171,1.1491052,0.15492833,-0.62250751,-0.28566527,-0.72861493,0
-2.2719202,0.76310199,0.94591498,-0.62250751,-0.28566527,-0.72861493,0
0.073574424,-0.77819949,-0.42032355,-0.62250751,-0.28566527,-0.72861493,0
-0.57420564,-1.129735,0.93041432,-0.010830879,-0.92776805,0.37300009,0
1.8104167,-1.9520828,-0.88373041,-0.010830879,-0.92776805,0.37300009,0
2.73399,0.51063704,-2.465786,0.78253883,-0.24008691,-0.57444859,0
-2.866297,0.73232239,2.0148153,-0.78253883,0.24008691,0.57444859,0
2.0250537,-1.559587,-0.56731582,0.62250751,0.28566527,0.72861493,0
2.6692235,0.44228685,-2.7858365,0.78253883,-0.24008691,-0.57444859,0
-0.12470283,0.0068247318,-0.64927197,-0.62250751,-0.28566527,-0.72861493,0
2.0382106,0.83930498,-2.1400406,0.010830879,0.92776805,-0.37300009,0
-2.9613919,1.7692419,1.3474853,-0.78253883,0.24008691,0.57444859,0
-0.79825628,-0.78050995,1.6342044,0.62250751,0.28566527,0.72861493,0
-0.82146454,-1.1085875,1.3949428,-0.010830879,-0.92776805,0.37300009,0
2.0717049,-1.1804903,-0.49997878,0.62250751,0.28566527,0.72861493,0
-2.3209312,-0.82123947,2.1473744,-0.010830879,-0.92776805,0.37300009,0
1.4379405,-1.8800628,-0.87139237,-0.010830879,-0.92776805,0.37300009,0
0.06967485,-1.3791974,0.72500086,-0.010830879,-0.92776805,0.37300009,0
-2.6940703,2.0436969,1.4310944,-0.78253883,0.24008691,0.57444859,0
0.83429754,-0.68924117,-1.2079099,-0.62250751,-0.28566527,-0.72861493,0
2.8503842,-1.7529912,-1.6382146,0.78253883,-0.24008691,-0.57444859,0
1.6272136,1.1437793,-1.0282726,0.010830879,0.92776805,-0.37300009,0
0.96992105,-1.6968113,-0.028343737,-0.010830879,-0.92776805,0.37300009,0
2.0071349,0.90470481,-1.76788,0.010830879,0.92776805,-0.37300009,0
-1.8596773,0.67701292,0.50970602,-0.62250751,-0.28566527,-0.72861493,0
-2.9087441,1.9454997,1.260381,-0.78253883,0.24008691,0.57444859,0
1.2242841,0.61183882,-0.70536804,0.62250751,0.28566527,0.72861493,0
-2.5845149,1.8636044,1.8425219,-0.78253883,0.24008691,0.57444859,0
0.4170028,1.1657257,-1.189139,0.010830879,0.92776805,-0.37300009,0
0.47243875,-0.39578491,-0.9400723,-0.62250751,-0.28566527,-0.72861493,0
0.85302848,0.15823114,-1.4549623,-0.62250751,-0.28566527,-0.72861493,0
-1.7403527,-0.85634398,1.848546,-0.010830879,-0.92776805,0.37300009,0
-2.5822251,1.179778,2.2084582,-0.78253883,0.24008691,0.57444859,0
2.4529779,0.62545007,-2.4871809,0.010830879,0.92776805,-0.37300009,0
1.3689427,-1.5531952,0.044717193,-0.010830879,-0.92776805,0.37300009,0
-0.19267207,-0.69185746,-0.34727654,-0.62250751,-0.28566527,-0.72861493,0
-0.50715458,-0.64990038,0.08058846,-0.62250751,-0.28566527,-0.72861493,0
-2.6111708,1.2253822,2.0592668,-0.78253883,0.24008691,0.57444859,0
-2.3281927,-0.63761055,2.1622791,-0.010830879,-0.92776805,0.37300009,0
2.9131424,-0.38667232,-1.9952614,0.78253883,-0.24008691,-0.57444859,0
-1.0956018,0.68774074,1.2316027,0.62250751,0.28566527,0.72861493,0
2.5129855,-0.6953609,-2.2149196,0.78253883,-0.24008691,-0.57444859,0
2.6565962,-2.0272741,-1.5306213,0.78253883,-0.24008691,-0.57444859,0
1.448884,-1.6608176,0.017181158,-0.010830879,-0.92776805,0.37300009,0
2.3412271,0.74192154,-2.3599074,0.010830879,0.92776805,-0.37300009,0
2.2677779,-1.8672343,-1.9115725,-0.62250751,-0.28566527,-0.72861493,0
-0.64751518,-1.1447155,1.327032,-0.010830879,-0.92776805,0.37300009,0
-0.098535061,1.518587,-0.35585099,0.010830879,0.92776805,-0.37300009,0
2.7342496,0.25965607,-2.5725069,0.78253883,-0.24008691,-0.57444859,0
-0.99774665,1.6241661,0.098135531,0.010830879,0.92776805,-0.37300009,0
-2.8297417,1.6580864,1.6322038,-0.78253883,0.24008691,0.57444859,0
0.48647833,1.138629,-0.29442394,0.62250751,0.28566527,0.72861493,0
-0.48274404,-0.34981883,1.351531,0.62250751,0.28566527,0.72861493,0
2.6227915,0.52575535,-2.6770983,0.010830879,0.92776805,-0.37300009,0
-1.2169684,-0.16314939,0.46830297,-0.62250751,-0.28566527,-0.72861493,0
-2.3772759,0.397192,1.1188762,-0.62250751,-0.28566527,-0.72861493,0
-1.1253343,-0.95013499,0.69577312,-0.62250751,-0.28566527,-0.72861493,0
-2.1290221,1.4740933,1.8566921,0.62250751,0.28566527,0.72861493,0
-2.8288488,0.49756414,2.0013938,-0.78253883,0.24008691,0.57444859,0
-1.3686938,1.3631964,1.2436892,0.62250751,0.28566527,0.72861493,0
-2.0677752,2.2835758,1.3983204,0.010830879,0.92776805,-0.37300009,0
0.899782,-1.726693,-0.12594277,-0.010830879,-0.92776805,0.37300009,0
-2.6578219,1.8746936,1.8372478,-0.78253883,0.24008691,0.57444859,0
2.6748261,-0.53619123,-2.3211157,0.78253883,-0.24008691,-0.57444859,0
-2.0895422,1.997126,1.7794914,0.62250751,0.28566527,0.72861493,0
2.4267938,0.022441745,-2.7014716,0.78253883,-0.24008691,-0.57444859,0
1.3866259,0.84317946,-1.6973732,0.010830879,0.92776805,-0.37300009,0
2.8661971,-0.45541573,-2.0569937,0.78253883,-0.24008691,-0.57444859,0
-2.45555,0.30013788,2.6146045,0.62250751,0.28566527,0.72861493,0
-0.099004984,1.5391483,-0.047432166,0.010830879,0.92776805,-0.37300009,0
1.6795329,0.27841645,-0.89399314,0.62250751,0.28566527,0.72861493,0
0.84762025,-1.8294926,-0.45161438,-0.010830879,-0.92776805,0.37300009,0
2.8000424,-0.79704762,-2.1072378,0.78253883,-0.24008691,-0.57444859,0
1.1905711,-1.3897965,0.11006331,0.62250751,0.28566527,0.72861493,0
2.6961837,-1.2002937,-1.9648082,0.78253883,-0.24008691,-0.57444859,0
2.4558637,-2.4182549,-1.7559497,0.78253883,-0.24008691,-0.57444859,0
-2.5051973,1.0991163,2.0486887,-0.78253883,0.24008691,0.57444859,0
-0.31340718,-1.4221386,0.34907827,-0.010830879,-0.92776805,0.37300009,0
-1.8691086,0.29454064,2.18292,0.62250751,0.28566527,0.72861493,0
0.52600026,1.163132,-0.90479988,0.010830879,0.92776805,-0.37300009,0
2.8845158,-0.073168248,-1.6786292,0.62250751,0.28566527,0.72861493,0
2.2394559,-0.17363024,-2.6460874,-0.62250751,-0.28566527,-0.72861493,0
2.5433898,-1.5537528,-2.020936,0.78253883,-0.24008691,-0.57444859,0
-2.5065372,1.8454264,1.8284013,-0.78253883,0.24008691,0.57444859,0
-0.77167851,0.83851421,1.0834744,0.62250751,0.28566527,0.72861493,0
1.7372317,-1.0622027,-0.30610716,0.62250751,0.28566527,0.72861493,0
-2.6167743,1.7743312,1.9161944,-0.78253883,0.24008691,0.57444859,0
-2.9438822,-0.52106547,2.2002583,-0.78253883,0.24008691,0.57444859,0
2.326916,-2.3146479,-1.5624206,-0.010830879,-0.92776805,0.37300009,0
-2.6988583,-0.42158288,2.5216305,-0.78253883,0.24008691,0.57444859,0
0.074753881,-1.3755183,0.81557721,-0.010830879,-0.92776805,0.37300009,0
2.6213927,-1.6458991,-1.0403686,0.62250751,0.28566527,0.72861493,0
-2.772182,2.2289767,1.4871409,-0.78253883,0.24008691,0.57444859,0
2.8161936,0.55304861,-2.397187,0.010830879,0.92776805,-0.37300009,0
-2.8858252,1.1853765,1.7083588,-0.78253883,0.24008691,0.57444859,0
2.720603,-0.12627083,-2.2814837,0.78253883,-0.24008691,-0.57444859,0
2.9181578,0.65589839,-2.2972286,0.78253883,-0.24008691,-0.57444859,0
-2.6343503,1.4665366,2.032119,-0.78253883,0.24008691,0.57444859,0
2.8732133,0.0864411,-2.1404634,0.78253883,-0.24008691,-0.57444859,0
0.63698542,-1.848544,-0.31262249,-0.010830879,-0.92776805,0.37300009,0
2.8813677,-0.15153545,-1.8003807,0.62250751,0.28566527,0.72861493,0
-2.2073548,1.7597827,0.59180856,-0.62250751,-0.28566527,-0.72861493,0
0.31073833,-1.6271108,-0.28341439,-0.010830879,-0.92776805,0.37300009,0
-1.6402276,1.9854627,0.83720815,0.010830879,0.92776805,-0.37300009,0
2.9153328,-1.5145288,-1.4414515,0.78253883,-0.24008691,-0.57444859,0
0.45779419,0.8187536,-1.5338247,-0.62250751,-0.28566527,-0.72861493,0
-2.7293983,1.5185819,1.6721799,-0.78253883,0.24008691,0.57444859,0
2.7037446,-0.82648563,-2.0883534,0.78253883,-0.24008691,-0.57444859,0
-2.9248827,0.48299474,1.9020627,-0.78253883,0.24008691,0.57444859,0
-1.4464998,-0.55906141,0.86521363,-0.62250751,-0.28566527,-0.72861493,0
-2.5426006,1.5649559,2.1081376,-0.78253883,0.24008691,0.57444859,0
-0.89640808,-1.2615194,0.97173333,-0.010830879,-0.92776805,0.37300009,0
2.5400405,-1.3873506,-1.9297574,0.78253883,-0.24008691,-0.57444859,0
1.1086557,0.46385509,-1.8283056,-0.62250751,-0.28566527,-0.72861493,0
0.54001117,1.392283,-0.6761483,0.010830879,0.92776805,-0.37300009,0
2.3960445,0.32851624,-2.9164526,0.78253883,-0.24008691,-0.57444859,0
2.3144546,0.31344759,-2.8485551,-0.62250751,-0.28566527,-0.72861493,0
0.99057388,0.95903653,-0.43036056,0.62250751,0.28566527,0.72861493,0
2.6458328,-1.3195052,-1.828732,0.78253883,-0.24008691,-0.57444859,0
-0.46593773,1.6874377,0.39909172,0.010830879,0.92776805,-0.37300009,0
-1.0838259,-1.091856,1.345691,-0.010830879,-0.92776805,0.37300009,0
-2.02003,1.9060463,0.90705538,0.010830879,0.92776805,-0.37300009,0
2.9349563,-0.69266003,-1.4698684,0.62250751,0.28566527,0.72861493,0
1.8134098,0.90132779,-1.2530062,0.62250751,0.28566527,0.72861493,0
-3.0851924,2.1097939,1.1018641,-0.78253883,0.24008691,0.57444859,0
1.8279101,-2.047956,-0.83473134,-0.010830879,-0.92776805,0.37300009,0
-0.19720805,1.6929321,-0.041553333,0.010830879,0.92776805,-0.37300009,0
-0.32766867,-1.2040377,1.2392118,-0.010830879,-0.92776805,0.37300009,0
-2.8621964,0.2020151,2.1831021,-0.78253883,0.24008691,0.57444859,0
-0.81152636,1.1126835,0.93949497,0.62250751,0.28566527,0.72861493,0
2.2031777,0.78174394,-1.6084852,0.62250751,0.28566527,0.72861493,0
-0.65459883,-0.62899506,1.3764691,0.62250751,0.28566527,0.72861493,0
0.37882513,-1.3025677,-0.57215196,-0.62250751,-0.28566527,-0.72861493,0
2.5150206,0.49699348,-2.7415326,0.010830879,0.92776805,-0.37300009,0
0.96614265,1.3034946,-1.0007578,0.010830879,0.92776805,-0.37300009,0
-1.3039069,0.53199291,1.6726966,0.62250751,0.28566527,0.72861493,0
-2.9730034,0.1401507,1.8593905,-0.78253883,0.24008691,0.57444859,0
2.6008825,-0.59950078,-2.2908578,0.78253883,-0.24008691,-0.57444859,0
-2.5678558,1.3934205,1.9042337,-0.78253883,0.24008691,0.57444859,0
-2.6352634,2.2661283,1.3128779,0.010830879,0.92776805,-0.37300009,0
-0.42932636,-0.55068368,1.4055401,0.62250751,0.28566527,0.72861493,0
-2.5659027,1.5479953,1.8307486,-0.78253883,0.24008691,0.57444859,0
-1.8032613,1.7883565,0.13873684,0.010830879,0.92776805,-0.37300009,0
-2.3814888,-0.34627831,1.3989861,-0.62250751,-0.28566527,-0.72861493,0
2.8883181,-0.11721092,-2.2812707,0.78253883,-0.24008691,-0.57444859,0
1.9733733,0.76107031,-1.9369462,0.010830879,0.92776805,-0.37300009,0
-2.1027043,-0.75648683,2.1110325,-0.010830879,-0.92776805,0.37300009,0
2.3650963,-2.1024754,-1.0740678,-0.010830879,-0.92776805,0.37300009,0
-2.7501159,2.2147238,1.5170746,-0.78253883,0.24008691,0.57444859,0
-0.43563414,0.13698626,-0.23591062,-0.62250751,-0.28566527,-0.72861493,0
-0.82644975,1.6852788,0.25212544,0.010830879,0.92776805,-0.37300009,0
2.7845976,-0.53018224,-1.3574626,0.62250751,0.28566527,0.72861493,0
-0.33591413,1.5661576,-0.12342734,0.010830879,0.92776805,-0.37300009,0
2.4659693,-0.88351595,-2.4341674,0.78253883,-0.24008691,-0.57444859,0
-2.1333313,-0.62426972,2.2784393,-0.010830879,-0.92776805,0.37300009,0
0.48720157,1.4296489,-0.52325088,0.010830879,0.92776805,-0.37300009,0
2.8344502,-0.37119603,-1.9787726,0.78253883,-0.24008691,-0.57444859,0
0.87482166,-1.5915413,-0.1553846,-0.010830879,-0.92776805,0.37300009,0
2.8456287,-0.2211507,-2.0011098,0.78253883,-0.24008691,-0.57444859,0
-2.7781012,0.29419577,2.081888,-0.78253883,0.24008691,0.57444859,0
2.5735745,-1.7891604,-0.76388288,0.62250751,0.28566527,0.72861493,0
-2.7983108,1.9243536,0.89725256,-0.62250751,-0.28566527,-0.72861493,0
1.2298679,0.42613733,-0.49758661,0.62250751,0.28566527,0.72861493,0
-2.1654181,-0.69224924,2.4888401,-0.010830879,-0.92776805,0.37300009,0
0.88682377,-0.48966533,0.17723393,0.62250751,0.28566527,0.72861493,0
0.3208859,1.5501814,-0.22983459,0.010830879,0.92776805,-0.37300009,0
-2.9609079,1.165442,1.5514166,-0.78253883,0.24008691,0.57444859,0
1.8744544,0.5720253,-2.3580773,0.010830879,0.92776805,-0.37300009,0
2.6751771,-1.8839452,-1.7323482,0.78253883,-0.24008691,-0.57444859,0
-0.98405886,1.5353653,-0.38022289,0.010830879,0.92776805,-0.37300009,0
-2.9119596,2.1065497,1.3962202,-0.78253883,0.24008691,0.57444859,0
-2.6360731,0.78424859,2.000772,-0.78253883,0.24008691,0.57444859,0
-3.1386981,-0.13065091,2.0365679,-0.78253883,0.24008691,0.57444859,0
2.1559141,0.84468788,-2.0077655,0.010830879,0.92776805,-0.37300009,0
0.87639177,-0.28896821,-0.036417425,0.62250751,0.28566527,0.72861493,0
-1.3471584,1.717469,0.2957474,0.010830879,0.92776805,-0.37300009,0
-2.0716219,1.8852297,0.4250648,0.010830879,0.92776805,-0.37300009,0
0.15517893,0.31410441,-0.99287826,-0.62250751,-0.28566527,-0.72861493,0
-0.092278987,0.33637843,-0.75415778,-0.62250751,-0.28566527,-0.72861493,0
-2.414108,0.56581175,1.08094,-0.62250751,-0.28566527,-0.72861493,0
-2.7582715,0.20387006,2.3158729,-0.78253883,0.24008691,0.57444859,0
-1.419909,1.7975322,1.2615489,0.62250751,0.28566527,0.72861493,0
-2.5426273,1.1994098,1.9570737,-0.78253883,0.24008691,0.57444859,0
2.8707449,-1.4521476,-1.7070124,0.78253883,-0.24008691,-0.57444859,0
-2.7432737,1.0232062,2.0585556,-0.78253883,0.24008691,0.57444859,0
2.1751688,-0.010238636,-1.071279,0.62250751,0.28566527,0.72861493,0
-1.1113807,-1.0711875,1.2528234,-0.010830879,-0.92776805,0.37300009,0
2.4108868,-1.5799377,-2.1565068,0.78253883,-0.24008691,-0.57444859,0
-1.7772179,-1.2092324,1.2233143,-0.010830879,-0.92776805,0.37300009,0
-0.26259017,1.6907425,0.027929306,0.010830879,0.92776805,-0.37300009,0
-0.080036759,-1.4435586,-0.13821378,-0.62250751,-0.28566527,-0.72861493,0
2.8655567,-2.1886005,-1.3085411,0.78253883,-0.24008691,-0.57444859,0
-0.86387432,-0.0632478,1.4777731,0.62250751,0.28566527,0.72861493,0
-2.2761457,-0.35173607,2.8133817,-0.010830879,-0.92776805,0.37300009,0
-2.9927731,-0.40051931,2.1632721,-0.78253883,0.24008691,0.57444859,0
-0.011079788,-1.3346443,0.50881016,-0.010830879,-0.92776805,0.37300009,0
-1.3329947,1.4055674,-0.17495441,-0.62250751,-0.28566527,-0.72861493,0
-0.82177973,1.3721054,-0.46701926,-0.62250751,-0.28566527,-0.72861493,0
2.6530006,0.33350241,-2.7541871,0.78253883,-0.24008691,-0.57444859,0
-2.8354139,1.9409835,1.2671006,-0.78253883,0.24008691,0.57444859,0
2.7815754,0.46840557,-2.3570065,0.78253883,-0.24008691,-0.57444859,0
-2.0633776,-0.98497689,1.5629618,-0.010830879,-0.92776805,0.37300009,0
2.2760792,-2.1540608,-1.9135017,-0.62250751,-0.28566527,-0.72861493,0
-1.0103279,1.441352,-0.28577679,-0.62250751,-0.28566527,-0.72861493,0
-2.7034883,1.9696121,1.445806,-0.78253883,0.24008691,0.57444859,0
1.9807018,-0.515342,-2.1376023,-0.62250751,-0.28566527,-0.72861493,0
-1.9775553,0.45682001,2.2686634,0.62250751,0.28566527,0.72861493,0
-1.9618517,-0.76679891,2.0686736,-0.010830879,-0.92776805,0.37300009,0
-1.7013038,0.50863838,1.8345175,0.62250751,0.28566527,0.72861493,0
-1.2411594,1.4822295,-0.081507802,-0.62250751,-0.28566527,-0.72861493,0
1.1517527,-1.4563637,0.3295145,0.62250751,0.28566527,0.72861493,0
2.7161019,-1.4377469,-1.9324286,0.78253883,-0.24008691,-0.57444859,0
2.8136964,-1.7531012,-1.5487731,0.78253883,-0.24008691,-0.57444859,0
-1.7249379,-0.74259305,2.2534502,-0.010830879,-0.92776805,0.37300009,0
2.9688356,-1.9399312,-1.1167715,0.78253883,-0.24008691,-0.57444859,0
2.9231048,0.55469656,-2.3101022,0.78253883,-0.24008691,-0.57444859,0
-2.4799848,-0.43793106,2.9187949,-0.78253883,0.24008691,0.57444859,0
2.8541286,-0.49405479,-2.0475869,0.78253883,-0.24008691,-0.57444859,0
1.742102,0.80811965,-1.6957941,0.010830879,0.92776805,-0.37300009,0
-2.5563862,1.7643547,1.9854643,-0.78253883,0.24008691,0.57444859,0
-1.3795266,-0.80126357,1.9424405,-0.010830879,-0.92776805,0.37300009,0
-2.0703461,-0.98525012,1.7514234,-0.010830879,-0.92776805,0.37300009,0
0.65895712,-1.7017044,-0.10241824,-0.010830879,-0.92776805,0.37300009,0
-2.900389,2.2509558,1.2918766,0.010830879,0.92776805,-0.37300009,0
-2.8362834,0.2587651,2.2860854,-0.78253883,0.24008691,0.57444859,0
2.9456062,0.082873464,-2.1710801,0.78253883,-0.24008691,-0.57444859,0
-0.20219472,0.63257235,0.65027142,0.62250751,0.28566527,0.72861493,0
1.0199417,1.0598344,-1.5983926,0.010830879,0.92776805,-0.37300009,0
-1.0741066,-0.094706178,1.5462869,0.62250751,0.28566527,0.72861493,0
1.0279007,1.2986162,-0.89987767,0.010830879,0.92776805,-0.37300009,0
1.1694103,1.1692111,-1.0928181,0.010830879,0.92776805,-0.37300009,0
2.5839996,-2.1461337,-1.5151491,0.78253883,-0.24008691,-0.57444859,0
1.1798711,-0.7024135,-1.4432219,-0.62250751,-0.28566527,-0.72861493,0
2.5171347,0.8227706,-2.0699184,0.010830879,0.92776805,-0.37300009,0
-3.0276942,0.60732502,1.7333655,-0.78253883,0.24008691,0.57444859,0
0.79862833,1.2897186,-0.54641342,0.010830879,0.92776805,-0.37300009,0
-2.6893768,0.37557411,2.2225296,-0.78253883,0.24008691,0.57444859,0
-1.9029858,-1.0079448,1.5836179,-0.010830879,-0.92776805,0.37300009,0
2.5193224,-0.17768562,-2.6437995,0.78253883,-0.24008691,-0.57444859,0
-1.6289368,-0.86823726,1.8141069,-0.010830879,-0.92776805,0.37300009,0
2.3247111,-0.992378,-2.2746332,-0.62250751,-0.28566527,-0.72861493,0
2.9215488,-1.2971592,-1.508666,0.78253883,-0.24008691,-0.57444859,0
-1.7329463,-0.85617149,1.7964959,-0.010830879,-0.92776805,0.37300009,0
-2.8341918,1.7106254,1.685183,-0.78253883,0.24008691,0.57444859,0
0.040510058,1.2513266,-0.65500438,0.010830879,0.92776805,-0.37300009,0
-2.5624771,1.9084442,1.7225513,-0.78253883,0.24008691,0.57444859,0
2.7255833,-1.4036162,-1.63308,0.78253883,-0.24008691,-0.57444859,0
2.6819057,-0.93912745,-2.1810644,0.78253883,-0.24008691,-0.57444859,0
-2.5066612,1.6160814,0.8857801,-0.62250751,-0.28566527,-0.72861493,0
1.6039062,0.54053015,-2.1378012,-0.62250751,-0.28566527,-0.72861493,0
2.971992,-2.0212893,-1.2795806,0.78253883,-0.24008691,-0.57444859,0
-2.691165,1.5018981,1.7088432,-0.78253883,0.24008691,0.57444859,0
-1.2245269,-1.0704418,1.3005606,-0.010830879,-0.92776805,0.37300009,0
-0.20437646,1.6896969,0.14551808,0.010830879,0.92776805,-0.37300009,0
0.88916463,-0.067554593,-1.5465912,-0.62250751,-0.28566527,-0.72861493,0
0.80527753,-0.018439949,-1.2306182,-0.62250751,-0.28566527,-0.72861493,0
1.8557646,-0.034989953,-0.8067081,0.62250751,0.28566527,0.72861493,0
3.0212502,0.3952845,-2.2293539,0.78253883,-0.24008691,-0.57444859,0
2.4633374,-1.929925,-1.7748337,0.78253883,-0.24008691,-0.57444859,0
-0.92571414,-1.3537192,0.78314817,-0.010830879,-0.92776805,0.37300009,0
0.95779145,-1.74051,-0.42659521,-0.010830879,-0.92776805,0.37300009,0
3.0037885,-0.67825091,-1.6490903,0.78253883,-0.24008691,-0.57444859,0
2.8945131,-1.0724778,-1.8437419,0.78253883,-0.24008691,-0.57444859,0
-3.0040038,1.1288118,1.6678777,-0.78253883,0.24008691,0.57444859,0
-2.8267462,2.1531186,1.1044891,0.010830879,0.92776805,-0.37300009,0
2.9792221,0.31010506,-2.1265528,0.78253883,-0.24008691,-0.57444859,0
1.713021,0.32118011,-2.3232949,-0.62250751,-0.28566527,-0.72861493,0
2.4967937,-1.6043365,-1.8544269,0.78253883,-0.24008691,-0.57444859,0
-1.0336519,-1.2602854,0.81890404,-0.010830879,-0.92776805,0.37300009,0
2.3629656,-2.1559477,-1.2438843,-0.010830879,-0.92776805,0.37300009,0
2.549876,-0.2434808,-2.365248,0.78253883,-0.24008691,-0.57444859,0
-1.9206085,0.27374035,0.82180381,-0.62250751,-0.28566527,-0.72861493,0
-2.8394198,-0.38752711,2.3713615,-0.78253883,0.24008691,0.57444859,0
-0.85169303,0.45320922,-0.21023402,-0.62250751,-0.28566527,-0.72861493,0
-2.8590724,1.359712,1.6934438,-0.78253883,0.24008691,0.57444859,0
0.40112448,1.0621002,-1.2337618,0.010830879,0.92776805,-0.37300009,0
0.87457401,0.16917151,-1.532874,-0.62250751,-0.28566527,-0.72861493,0
-1.4267508,1.6078929,0.020432234,-0.62250751,-0.28566527,-0.72861493,0
-0.92251194,1.8447392,0.51704717,0.010830879,0.92776805,-0.37300009,0
-1.0643839,1.0500983,-0.23948425,-0.62250751,-0.28566527,-0.72861493,0
-2.8304181,-0.56234902,2.3052027,-0.010830879,-0.92776805,0.37300009,0
-1.6664298,1.2164061,1.6828582,0.62250751,0.28566527,0.72861493,0
1.1400616,0.2181921,-1.7993065,-0.62250751,-0.28566527,-0.72861493,0
2.9736805,-1.3564435,-1.2374926,0.62250751,0.28566527,0.72861493,0
1.6444025,-0.89557898,-0.46474206,0.62250751,0.28566527,0.72861493,0
-1.9899157,0.95412123,0.67888069,-0.62250751,-0.28566527,-0.72861493,0
2.540297,-2.2279255,-1.4641597,-0.010830879,-0.92776805,0.37300009,0
0.29141986,-0.95328039,0.83189803,0.62250751,0.28566527,0.72861493,0
1.9566494,-2.1605153,-1.5850852,-0.62250751,-0.28566527,-0.72861493,0
-2.9850993,0.30846649,1.8256338,-0.78253883,0.24008691,0.57444859,0
-2.4864783,1.0996405,2.2603979,0.62250751,0.28566527,0.72861493,0
2.6913164,0.67413056,-2.3192031,0.010830879,0.92776805,-0.37300009,0
-0.19438684,-0.95924801,1.111155,0.62250751,0.28566527,0.72861493,0
1.8435817,-0.93499589,-0.524014,0.62250751,0.28566527,0.72861493,0
-1.3568527,-0.37763399,1.8622608,0.62250751,0.28566527,0.72861493,0
-2.7627602,0.82599658,1.9754448,-0.78253883,0.24008691,0.57444859,0
1.5617085,-1.897716,-0.72930825,-0.010830879,-0.92776805,0.37300009,0
-2.6947289,0.094979405,2.4098089,-0.78253883,0.24008691,0.57444859,0
2.9509897,-0.61058766,-1.8714876,0.78253883,-0.24008691,-0.57444859,0
-0.20202979,0.52764261,-0.73563373,-0.62250751,-0.28566527,-0.72861493,0
-2.4944491,0.75584221,2.4492002,-0.78253883,0.24008691,0.57444859,0
2.8804042,-2.0818572,-0.93018246,-0.010830879,-0.92776805,0.37300009,0
2.5683599,-0.37547064,-2.5641677,0.78253883,-0.24008691,-0.57444859,0
-1.4448689,-1.053302,1.2890114,-0.010830879,-0.92776805,0.37300009,0
-0.99441493,-0.95715952,1.6347412,-0.010830879,-0.92776805,0.37300009,0
-2.7190149,0.47583342,2.3531127,-0.78253883,0.24008691,0.57444859,0
-2.3562889,-0.48763639,2.6598206,-0.010830879,-0.92776805,0.37300009,0
0.53863209,0.52089673,-1.478855,-0.62250751,-0.28566527,-0.72861493,0
2.8674226,0.67470855,-2.3000424,0.010830879,0.92776805,-0.37300009,0
2.6285524,-1.1664721,-2.061393,0.78253883,-0.24008691,-0.57444859,0
-1.4329327,1.07839,0.18874609,-0.62250751,-0.28566527,-0.72861493,0
-2.8248253,0.61803043,2.0298796,-0.78253883,0.24008691,0.57444859,0
-2.7773659,1.2510824,1.7829809,-0.78253883,0.24008691,0.57444859,0
2.6036434,-1.6547778,-1.7682097,0.78253883,-0.24008691,-0.57444859,0
-2.8726289,0.15550548,1.9572194,-0.78253883,0.24008691,0.57444859,0
-2.3742757,1.8541361,0.74874783,-0.62250751,-0.28566527,-0.72861493,0
2.8235035,-2.0295897,-0.88307667,-0.010830879,-0.92776805,0.37300009,0
2.9191413,-1.0364709,-1.8268335,0.78253883,-0.24008691,-0.57444859,0
1.4066781,-1.6883204,-0.0082740784,-0.010830879,-0.92776805,0.37300009,0
0.22354698,-0.36160511,-0.67908025,-0.62250751,-0.28566527,-0.72861493,0
-2.6152725,-0.74547482,2.3000984,-0.010830879,-0.92776805,0.37300009,0
-1.7935582,0.94960904,1.9581258,0.62250751,0.28566527,0.72861493,0
1.9391555,1.0184685,-1.5152586,0.010830879,0.92776805,-0.37300009,0
0.61347306,-1.737027,-0.033876002,-0.010830879,-0.92776805,0.37300009,0
0.93438375,1.1908526,-1.038965,0.010830879,0.92776805,-0.37300009,0
0.40483141,0.98623866,-1.5109979,0.010830879,0.92776805,-0.37300009,0
0.14725602,1.5034671,-0.13289154,0.010830879,0.92776805,-0.37300009,0
0.84546947,1.1189762,-1.0527661,0.010830879,0.92776805,-0.37300009,0
1.958962,0.43816507,-2.6235886,0.010830879,0.92776805,-0.37300009,0
-2.7928731,-0.17009008,2.2091575,-0.78253883,0.24008691,0.57444859,0
2.0489254,-1.7629589,-1.7243207,-0.62250751,-0.28566527,-0.72861493,0
2.4531274,-2.0297163,-0.81688237,-0.010830879,-0.92776805,0.37300009,0
2.6216197,-1.908494,-1.6595118,0.78253883,-0.24008691,-0.57444859,0
-2.7213197,-0.35812414,2.6278751,-0.78253883,0.24008691,0.57444859,0
-2.5020533,2.2991061,1.7704787,-0.78253883,0.24008691,0.57444859,0
-1.5851656,1.971059,0.59786594,0.010830879,0.92776805,-0.37300009,0
1.3723595,-1.6652846,0.068980336,-0.010830879,-0.92776805,0.37300009,0
-2.679951,2.0109196,1.7627664,-0.78253883,0.24008691,0.57444859,0
-2.3531575,1.5290599,2.0933015,-0.78253883,0.24008691,0.57444859,0
-2.9735279,-0.59294367,2.2004588,-0.78253883,0.24008691,0.57444859,0
-2.4601612,1.5320578,1.9515188,-0.78253883,0.24008691,0.57444859,0
2.5668371,-0.16341555,-2.6048384,0.78253883,-0.24008691,-0.57444859,0
2.6059556,0.46455824,-2.8755643,0.78253883,-0.24008691,-0.57444859,0
-1.8719521,0.35195199,0.72154021,-0.62250751,-0.28566527,-0.72861493,0
-2.7899559,1.8408668,1.4062531,-0.78253883,0.24008691,0.57444859,0
-2.2732036,0.57720846,1.0214241,-0.62250751,-0.28566527,-0.72861493,0
0.99332756,0.31998301,-1.6871626,-0.62250751,-0.28566527,-0.72861493,0
0.91156566,-0.68314242,-1.29773,-0.62250751,-0.28566527,-0.72861493,0
1.9415975,0.8629902,-1.663291,0.010830879,0.92776805,-0.37300009,0
2.6305027,-1.9874082,-1.5971882,0.78253883,-0.24008691,-0.57444859,0
1.3767941,-1.6550204,-0.25712323,-0.010830879,-0.92776805,0.37300009,0
2.6309485,-1.4785254,-1.7439337,0.78253883,-0.24008691,-0.57444859,0
-2.8090971,0.11169899,2.2267704,-0.78253883,0.24008691,0.57444859,0
0.82301116,0.79722881,-1.7542161,0.010830879,0.92776805,-0.37300009,0
-1.2028738,-0.83755189,1.7164497,-0.010830879,-0.92776805,0.37300009,0
1.5922651,1.026616,-1.6063547,0.010830879,0.92776805,-0.37300009,0
-2.0710669,-0.66376621,2.5270414,-0.010830879,-0.92776805,0.37300009,0
0.5918414,-0.70338356,-0.89749449,-0.62250751,-0.28566527,-0.72861493,0
-2.3709352,2.0179138,1.0830612,0.010830879,0.92776805,-0.37300009,0
-1.9320254,-0.55533534,2.5116503,-0.010830879,-0.92776805,0.37300009,0
1.9719121,0.66490096,-2.2400727,0.010830879,0.92776805,-0.37300009,0
0.45667374,0.96711099,0.016630262,0.62250751,0.28566527,0.72861493,0
2.5762897,0.1646086,-2.4985723,0.78253883,-0.24008691,-0.57444859,0
1.0909632,-0.96381706,0.11140257,0.62250751,0.28566527,0.72861493,0
-2.567708,0.35185409,2.429322,-0.78253883,0.24008691,0.57444859,0
-1.955124,-0.92271626,1.4697719,-0.010830879,-0.92776805,0.37300009,0
-1.3861356,1.9048208,0.43465388,0.010830879,0.92776805,-0.37300009,0
-0.0088011026,-1.4041359,0.63911867,-0.010830879,-0.92776805,0.37300009,0
-2.4310029,-0.14184546,2.7619953,0.62250751,0.28566527,0.72861493,0
-2.5675027,1.2618635,2.1315858,-0.78253883,0.24008691,0.57444859,0
-1.406383,-0.92745042,1.7967305,-0.010830879,-0.92776805,0.37300009,0
2.9792981,-2.1971743,-1.2132878,0.78253883,-0.24008691,-0.57444859,0
-0.88681114,1.4885767,0.77253175,0.62250751,0.28566527,0.72861493,0
-0.88410437,-1.0438337,1.1845199,-0.010830879,-0.92776805,0.37300009,0
-0.19050413,-0.23221299,0.90567851,0.62250751,0.28566527,0.72861493,0
2.0200405,-1.8811563,-0.60914087,-0.010830879,-0.92776805,0.37300009,0
-1.2481087,-1.0798032,1.2913539,-0.010830879,-0.92776805,0.37300009,0
-2.8030899,-0.52451485,2.5755715,-0.78253883,0.24008691,0.57444859,0
2.6165705,-2.1924942,-1.7348077,0.78253883,-0.24008691,-0.57444859,0
-2.8327775,0.11580646,2.3131535,-0.78253883,0.24008691,0.57444859,0
-1.5663588,-0.93531543,1.0389438,-0.62250751,-0.28566527,-0.72861493,0
1.4487195,-1.9378517,-0.60214734,-0.010830879,-0.92776805,0.37300009,0
-0.69631457,-1.1964433,1.059404,-0.010830879,-0.92776805,0.37300009,0
2.8887448,-2.0680311,-1.2150185,0.78253883,-0.24008691,-0.57444859,0
-2.9494197,0.085363269,1.7826936,-0.62250751,-0.28566527,-0.72861493,0
1.0785468,-1.156261,0.33374056,0.62250751,0.28566527,0.72861493,0
1.0380565,-0.71939003,-1.2521334,-0.62250751,-0.28566527,-0.72861493,0
-1.102751,1.8511271,0.3739289,0.010830879,0.92776805,-0.37300009,0
2.9022703,-1.8155349,-1.3945816,0.78253883,-0.24008691,-0.57444859,0
-0.87055302,-0.96940005,1.8127511,-0.010830879,-0.92776805,0.37300009,0
-2.8601494,1.3865263,1.5063059,-0.78253883,0.24008691,0.57444859,0
-0.90795672,0.52092993,-0.18074685,-0.62250751,-0.28566527,-0.72861493,0
-1.6077718,-0.887061,1.6301103,-0.010830879,-0.92776805,0.37300009,0
-1.6907206,1.7601573,1.3713698,0.62250751,0.28566527,0.72861493,0
2.6220601,-1.3917768,-2.0671115,0.78253883,-0.24008691,-0.57444859,0
-2.1469741,1.3012173,0.64320326,-0.62250751,-0.28566527,-0.72861493,0
-1.6030314,1.7310598,0.14075077,0.010830879,0.92776805,-0.37300009,0
-2.7478921,-0.05245018,2.4755421,-0.78253883,0.24008691,0.57444859,0
-0.72561139,0.20805538,1.2798589,0.62250751,0.28566527,0.72861493,0
1.2519653,-1.6956754,-0.36385405,-0.010830879,-0.92776805,0.37300009,0
-2.8412032,1.0347242,1.9599612,-0.78253883,0.24008691,0.57444859,0
-2.9500651,0.75580382,1.6785424,-0.78253883,0.24008691,0.57444859,0
2.7444856,-1.9723539,-1.5879254,0.78253883,-0.24008691,-0.57444859,0
-1.4669632,1.7893531,0.25966549,0.010830879,0.92776805,-0.37300009,0
-1.9663522,0.09683156,2.2180979,0.62250751,0.28566527,0.72861493,0
0.5599997,-1.7862612,-0.18099803,-0.010830879,-0.92776805,0.37300009,0
-2.8320737,1.9814219,1.3929496,-0.78253883,0.24008691,0.57444859,0
-2.6526282,0.79414546,2.1119478,-0.78253883,0.24008691,0.57444859,0
-0.56749111,1.0393951,0.76191688,0.62250751,0.28566527,0.72861493,0
0.39918083,-0.90069807,0.58627975,0.62250751,0.28566527,0.72861493,0
-1.2848455,0.75838834,0.19270897,-0.62250751,-0.28566527,-0.72861493,0
-0.33414173,1.6461742,0.017226845,0.010830879,0.92776805,-0.37300009,0
-1.1671423,1.8282599,0.42739546,0.010830879,0.92776805,-0.37300009,0
2.5649493,-0.044226289,-2.5165963,0.78253883,-0.24008691,-0.57444859,0
-2.0538964,1.9126662,0.72421598,0.010830879,0.92776805,-0.37300009,0
-1.070688,0.93281865,-0.18673366,-0.62250751,-0.28566527,-0.72861493,0
2.5911617,-0.50158858,-2.3973126,0.78253883,-0.24008691,-0.57444859,0
3.073401,-1.2782507,-1.3696253,0.78253883,-0.24008691,-0.57444859,0
-2.7774389,1.8845747,1.3860211,-0.78253883,0.24008691,0.57444859,0
1.0969598,-0.066472411,-0.10542524,0.62250751,0.28566527,0.72861493,0
-1.9024863,1.5405711,0.35611606,-0.62250751,-0.28566527,-0.72861493,0
-1.1405766,1.935867,0.83771479,0.010830879,0.92776805,-0.37300009,0
1.3463054,-1.9625603,-0.93056107,-0.010830879,-0.92776805,0.37300009,0
3.0719283,-1.2089739,-1.3760409,0.78253883,-0.24008691,-0.57444859,0
-2.9692473,-0.53075463,2.1085281,-0.78253883,0.24008691,0.57444859,0
-2.1371775,0.10814536,2.5621397,0.62250751,0.28566527,0.72861493,0
0.69232887,-1.3991195,0.45830131,-0.010830879,-0.92776805,0.37300009,0
2.6683583,0.53513509,-2.7920389,0.78253883,-0.24008691,-0.57444859,0
0.31106126,-1.2171772,0.75762874,-0.010830879,-0.92776805,0.37300009,0
-0.076658964,-1.6050498,-0.045940332,-0.010830879,-0.92776805,0.37300009,0
-1.9771523,-0.78347266,1.4156253,-0.62250751,-0.28566527,-0.72861493,0
-0.6465196,0.88942432,-0.47718623,-0.62250751,-0.28566527,-0.72861493,0
-2.0332942,-1.0581807,1.5765827,-0.010830879,-0.92776805,0.37300009,0
-2.7936692,-0.46559393,2.6072216,-0.78253883,0.24008691,0.57444859,0
-2.0525248,0.83391786,2.0128522,0.62250751,0.28566527,0.72861493,0
2.6783578,-1.9965255,-1.1007535,-0.010830879,-0.92776805,0.37300009,0
-1.2577481,1.7229723,0.42409444,0.010830879,0.92776805,-0.37300009,0
0.61147714,1.4326386,-0.58797944,0.010830879,0.92776805,-0.37300009,0
-0.030938268,-1.4331212,0.33163351,-0.010830879,-0.92776805,0.37300009,0
-2.7130232,-0.79521298,1.9467494,-0.62250751,-0.28566527,-0.72861493,0
-2.4533534,1.3428985,2.1284354,-0.78253883,0.24008691,0.57444859,0
-2.5333116,-0.50234914,1.6177788,-0.62250751,-0.28566527,-0.72861493,0
-3.024406,0.016346514,1.8035891,-0.78253883,0.24008691,0.57444859,0
-2.9027138,0.28551006,1.9139009,-0.78253883,0.24008691,0.57444859,0
1.6417156,-1.9215147,-0.54934752,-0.010830879,-0.92776805,0.37300009,0
1.0003939,0.14569366,-0.33328426,0.62250751,0.28566527,0.72861493,0
2.5234759,-0.92098558,-2.3118334,0.78253883,-0.24008691,-0.57444859,0
-0.99371243,-1.059657,0.69542754,-0.62250751,-0.28566527,-0.72861493,0
-2.4349566,0.28101099,2.4915247,-0.78253883,0.24008691,0.57444859,0
-0.64477593,-0.16595232,1.3032869,0.62250751,0.28566527,0.72861493,0
2.7520487,-0.079028428,-2.3004241,0.78253883,-0.24008691,-0.57444859,0
2.177788,-1.0199622,-2.0451217,-0.62250751,-0.28566527,-0.72861493,0
-2.5484965,0.50671983,2.4876912,-0.78253883,0.24008691,0.57444859,0
-2.2432137,0.7253449,2.2400765,0.62250751,0.28566527,0.72861493,0
0.55241537,-1.1880124,-0.71485758,-0.62250751,-0.28566527,-0.72861493,0
-0.74864161,1.6171772,-0.19939512,0.010830879,0.92776805,-0.37300009,0
2.7076943,0.17751205,-1.8110254,0.62250751,0.28566527,0.72861493,0
0.98233026,0.20074123,-1.7282264,-0.62250751,-0.28566527,-0.72861493,0
-0.50270915,1.35809,-0.67679745,-0.62250751,-0.28566527,-0.72861493,0
-2.2483006,1.9774996,1.8170764,0.62250751,0.28566527,0.72861493,0
-0.9515518,-0.92896134,1.7199439,-0.010830879,-0.92776805,0.37300009,0
2.5260487,-2.2921426,-1.7989302,0.78253883,-0.24008691,-0.57444859,0
-2.849627,0.84303427,1.4223628,-0.62250751,-0.28566527,-0.72861493,0
-2.9463964,-0.54833889,2.3541746,-0.010830879,-0.92776805,0.37300009,0
2.9286335,-0.93676031,-1.8183911,0.78253883,-0.24008691,-0.57444859,0
2.4329972,-1.6631606,-1.9992292,0.78253883,-0.24008691,-0.57444859,0
2.9936128,-0.33644342,-1.9580104,0.78253883,-0.24008691,-0.57444859,0
-1.7366695,-0.76046461,2.1743028,-0.010830879,-0.92776805,0.37300009,0
0.11401719,-0.41373903,0.67080581,0.62250751,0.28566527,0.72861493,0
-2.5126808,2.011348,1.716794,-0.78253883,0.24008691,0.57444859,0
0.59679055,1.1477787,-0.99252999,0.010830879,0.92776805,-0.37300009,0
-2.5921597,0.4697901,2.352138,-0.78253883,0.24008691,0.57444859,0
-2.9111848,1.8186252,1.2264047,-0.78253883,0.24008691,0.57444859,0
2.7015228,-0.74148244,-2.0660551,0.78253883,-0.24008691,-0.57444859,0
2.5737851,-2.0439591,-1.5670152,0.78253883,-0.24008691,-0.57444859,0
-0.36849093,-1.0768542,0.016954809,-0.62250751,-0.28566527,-0.72861493,0
2.0785155,0.58191741,-2.3604848,0.010830879,0.92776805,-0.37300009,0
-0.13109481,-1.2835165,0.046551988,-0.62250751,-0.28566527,-0.72861493,0
2.6583209,-1.9375483,-1.8277562,0.78253883,-0.24008691,-0.57444859,0
-2.8850899,2.0342245,1.167923,-0.78253883,0.24008691,0.57444859,0
1.6190753,0.71658075,-1.0465202,0.62250751,0.28566527,0.72861493,0
-2.6761208,1.3145307,1.2069664,-0.62250751,-0.28566527,-0.72861493,0
1.9434124,-0.44239271,-2.1843979,-0.62250751,-0.28566527,-0.72861493,0
1.5379946,-0.9579736,-1.5630558,-0.62250751,-0.28566527,-0.72861493,0
-3.118813,1.2054409,1.4720778,-0.78253883,0.24008691,0.57444859,0
-0.93368125,0.31882125,1.3158069,0.62250751,0.28566527,0.72861493,0
-1.3357785,1.5993737,-0.10874403,-0.62250751,-0.28566527,-0.72861493,0
1.0822725,0.94979715,-1.7948999,0.010830879,0.92776805,-0.37300009,0
2.0274267,-2.1373172,-0.97900271,-0.010830879,-0.92776805,0.37300009,0
0.320171,0.58242625,0.16767755,0.62250751,0.28566527,0.72861493,0
-3.0349388,0.12829319,1.8595581,-0.78253883,0.24008691,0.57444859,0
1.1588092,-1.219137,0.25241524,0.62250751,0.28566527,0.72861493,0
2.248431,-0.52028513,-1.0836267,0.62250751,0.28566527,0.72861493,0
0.5410198,0.96246147,-1.4110477,0.010830879,0.92776805,-0.37300009,0
2.4416327,-1.6153789,-2.0978441,0.78253883,-0.24008691,-0.57444859,0
-1.106482,0.40746951,1.3976874,0.62250751,0.28566527,0.72861493,0
1.7658581,1.1035892,-1.3767338,0.010830879,0.92776805,-0.37300009,0
-0.46217239,-0.48479319,-0.050706148,-0.62250751,-0.28566527,-0.72861493,0
-2.3850172,2.2383773,1.523581,0.010830879,0.92776805,-0.37300009,0
0.038022399,0.58176327,-1.0176978,-0.62250751,-0.28566527,-0.72861493,0
2.5955377,-1.626096,-1.8542907,0.78253883,-0.24008691,-0.57444859,0
0.064997554,1.4818327,-0.30147773,0.010830879,0.92776805,-0.37300009,0
1.2653633,-1.7504661,-0.55706847,-0.010830879,-0.92776805,0.37300009,0
-0.62322783,1.6697103,-0.044476211,0.010830879,0.92776805,-0.37300009,0
-2.897471,1.1935925,1.6390152,-0.78253883,0.24008691,0.57444859,0
-0.90453345,1.3312464,1.0294302,0.62250751,0.28566527,0.72861493,0
2.9362123,-2.0328221,-1.3047163,0.78253883,-0.24008691,-0.57444859,0
-0.80689728,1.9380798,0.6518991,0.010830879,0.92776805,-0.37300009,0
-0.98568469,0.70935583,-0.11149693,-0.62250751,-0.28566527,-0.72861493,0
-2.9192066,0.81474441,1.831002,-0.78253883,0.24008691,0.57444859,0
0.15493846,1.099723,-1.1140519,0.010830879,0.92776805,-0.37300009,0
1.1449355,-1.7176055,0.023286223,-0.010830879,-0.92776805,0.37300009,0
-1.5276554,1.2440878,0.16327047,-0.62250751,-0.28566527,-0.72861493,0
0.39011323,1.241963,-1.117411,0.010830879,0.92776805,-0.37300009,0
-2.7919559,0.20165157,2.1233346,-0.78253883,0.24008691,0.57444859,0
2.6181479,-0.27265692,-2.2486298,0.78253883,-0.24008691,-0.57444859,0
-0.94207561,-0.58241481,1.632182,0.62250751,0.28566527,0.72861493,0
2.4359517,-0.76269019,-2.4109652,0.78253883,-0.24008691,-0.57444859,0
-1.8968287,2.2438688,1.3515062,0.010830879,0.92776805,-0.37300009,0
-2.6538179,-0.12054813,2.6983638,-0.78253883,0.24008691,0.57444859,0
-0.75551915,-0.90958756,1.609344,-0.010830879,-0.92776805,0.37300009,0
2.8329933,-0.73063487,-1.7964478,0.78253883,-0.24008691,-0.57444859,0
0.60222363,1.352847,-0.67944616,0.010830879,0.92776805,-0.37300009,0
3.0347698,0.34804261,-2.020891,0.78253883,-0.24008691,-0.57444859,0
-2.1742215,-0.81051111,2.0503967,-0.010830879,-0.92776805,0.37300009,0
-2.6310565,2.1424043,1.4719584,-0.78253883,0.24008691,0.57444859,0
-0.21000575,-0.036978602,0.96893215,0.62250751,0.28566527,0.72861493,0
2.073103,0.75962806,-2.0966756,0.010830879,0.92776805,-0.37300009,0
-2.7186623,-0.088328063,2.3225293,-0.78253883,0.24008691,0.57444859,0
-0.85827446,0.86550438,-0.39391047,-0.62250751,-0.28566527,-0.72861493,0
-3.0575678,0.46480861,1.8227346,-0.78253883,0.24008691,0.57444859,0
2.1708286,0.63907605,-1.5129743,0.62250751,0.28566527,0.72861493,0
1.1798003,-0.7385788,0.054369926,0.62250751,0.28566527,0.72861493,0
-2.8458552,0.7057569,2.0093317,-0.78253883,0.24008691,0.57444859,0
-2.7043734,0.63295102,2.2189481,-0.78253883,0.24008691,0.57444859,0
-2.9352579,0.68752724,1.8140676,-0.78253883,0.24008691,0.57444859,0
0.060063004,-1.5597866,0.10518457,-0.010830879,-0.92776805,0.37300009,0
-2.4195285,0.91023314,0.92361355,-0.62250751,-0.28566527,-0.72861493,0
-2.8749292,0.1120441,2.024159,-0.78253883,0.24008691,0.57444859,0
-0.46144235,-1.2498728,1.1541582,-0.010830879,-0.92776805,0.37300009,0
-1.5210845,1.1345439,0.16128433,-0.62250751,-0.28566527,-0.72861493,0
2.8202806,0.43382785,-2.2637594,0.78253883,-0.24008691,-0.57444859,0
-0.32852888,-1.0220988,1.4776436,0.62250751,0.28566527,0.72861493,0
2.3913255,-2.1101332,-1.8082652,0.78253883,-0.24008691,-0.57444859,0
-1.2134427,-1.0932196,1.0293775,-0.010830879,-0.92776805,0.37300009,0
-0.59173644,-0.86579627,1.6246284,-0.010830879,-0.92776805,0.37300009,0
-3.0788417,-0.043301344,1.9277205,-0.78253883,0.24008691,0.57444859,0
-0.17722154,-1.2416214,0.78160721,-0.010830879,-0.92776805,0.37300009,0
-0.48244798,0.93204343,-0.50686568,-0.62250751,-0.28566527,-0.72861493,0
