0.54451931,-1.4575908,-0.8193959,-0.47544956,-0.75373602,0.4536846,0
-1.7200872,1.6283325,0.74286091,-0.68308073,0.64126998,0.34953326,0
1.4380605,-1.6237259,-0.19091511,-0.47544956,-0.75373602,0.4536846,0
1.1844313,-1.353587,0.22998297,-0.47544956,-0.75373602,0.4536846,0
0.66435796,-1.3214537,-0.34762901,-0.47544956,-0.75373602,0.4536846,0
-0.20939577,0.99725127,2.4255238,0.55439013,0.14371777,0.81975406,0
-2.5741167,1.7201853,-1.0386362,-0.55439013,-0.14371777,-0.81975406,0
1.0401311,0.60244513,1.0209053,0.47544956,0.75373602,-0.4536846,0
-0.049431503,1.909369,2.1391876,0.55439013,0.14371777,0.81975406,0
-2.2068334,1.655319,0.065779805,-0.68308073,0.64126998,0.34953326,0
1.5864056,-1.0784866,-1.4291681,0.47544956,0.75373602,-0.4536846,0
-0.31380957,-0.77370346,-2.136838,-0.55439013,-0.14371777,-0.81975406,0
2.4333692,-1.6110127,0.59274578,0.68308073,-0.64126998,-0.34953326,0
0.78179276,0.11290395,1.992797,0.55439013,0.14371777,0.81975406,0
2.311996,-0.5272361,0.46495503,0.47544956,0.75373602,-0.4536846,0
1.6580206,-1.6333317,-0.93499041,0.68308073,-0.64126998,-0.34953326,0
1.9855897,-0.27068254,1.087067,0.55439013,0.14371777,0.81975406,0
-0.127215,-1.1389749,-1.1232636,-0.47544956,-0.75373602,0.4536846,0
2.3086019,-1.4416311,0.96375668,-0.47544956,-0.75373602,0.4536846,0
1.2656124,0.65496683,1.5479316,0.55439013,0.14371777,0.81975406,0
1.1144955,-0.22187996,1.7218226,0.55439013,0.14371777,0.81975406,0
-0.69667494,-0.47428653,-1.9521999,-0.55439013,-0.14371777,-0.81975406,0
0.82655543,0.42429009,1.9191208,0.55439013,0.14371777,0.81975406,0
1.0227958,-0.0031998754,1.6373901,0.55439013,0.14371777,0.81975406,0
1.5926647,-0.27251622,0.083862245,0.47544956,0.75373602,-0.4536846,0
1.8967048,-1.4426712,-0.83080363,0.68308073,-0.64126998,-0.34953326,0
2.7569065,-0.72953534,0.75017506,0.55439013,0.14371777,0.81975406,0
1.0367053,-0.53300488,1.1628294,-0.47544956,-0.75373602,0.4536846,0
-1.9610972,0.97400039,-1.2483777,-0.55439013,-0.14371777,-0.81975406,0
0.72174364,0.64877939,1.7745034,0.55439013,0.14371777,0.81975406,0
-0.46435082,0.51697713,1.5621319,-0.47544956,-0.75373602,0.4536846,0
-1.5019438,1.8488137,1.0770363,-0.68308073,0.64126998,0.34953326,0
1.5509794,-1.3772893,-1.5293716,0.68308073,-0.64126998,-0.34953326,0
-0.13496548,-0.076565623,-1.5030005,0.47544956,0.75373602,-0.4536846,0
-0.01962173,1.274003,1.1982981,0.47544956,0.75373602,-0.4536846,0
-0.17312574,-1.6969005,-2.0198822,-0.47544956,-0.75373602,0.4536846,0
2.369494,-1.5690782,1.0872395,-0.47544956,-0.75373602,0.4536846,0
-1.0039093,0.16694385,0.51842594,-0.47544956,-0.75373602,0.4536846,0
1.0641339,-1.4828396,-2.2795057,0.68308073,-0.64126998,-0.34953326,0
0.91260421,0.17546952,0.34470284,0.47544956,0.75373602,-0.4536846,0
1.2658868,0.27369249,1.4378366,0.55439013,0.14371777,0.81975406,0
2.4310405,-1.5726119,0.47418439,0.68308073,-0.64126998,-0.34953326,0
-2.6434436,1.0325322,-0.796031,-0.55439013,-0.14371777,-0.81975406,0
2.5085521,-0.59084827,0.76220107,0.55439013,0.14371777,0.81975406,0
-2.0702126,0.58176529,-0.20445061,-0.47544956,-0.75373602,0.4536846,0
0.74822378,0.35898358,0.16084363,0.47544956,0.75373602,-0.4536846,0
0.48058972,-1.3707744,-0.87273782,-0.47544956,-0.75373602,0.4536846,0
1.8497242,-1.2623305,0.91169697,-0.47544956,-0.75373602,0.4536846,0
-0.14463383,1.6485636,1.6832252,0.47544956,0.75373602,-0.4536846,0
1.2347159,0.41283485,1.4549171,0.55439013,0.14371777,0.81975406,0
-2.3664048,1.2152019,-1.0470555,-0.55439013,-0.14371777,-0.81975406,0
-2.645818,1.1565629,0.10323417,-0.47544956,-0.75373602,0.4536846,0
-0.46420777,2.2149029,2.1512823,-0.68308073,0.64126998,0.34953326,0
-2.7181115,1.2003845,-0.42161024,-0.68308073,0.64126998,0.34953326,0
1.0980672,-1.1463298,0.20178497,-0.47544956,-0.75373602,0.4536846,0
2.7672939,-1.000649,0.26069629,0.68308073,-0.64126998,-0.34953326,0
0.77437007,-2.0676103,-1.4202709,-0.47544956,-0.75373602,0.4536846,0
-2.5693619,1.5481763,-0.55378091,-0.68308073,0.64126998,0.34953326,0
-0.37840098,2.1306934,2.2942958,-0.68308073,0.64126998,0.34953326,0
-1.9632863,0.83061844,-1.2359635,-0.55439013,-0.14371777,-0.81975406,0
-0.63602293,0.29039949,-1.4168776,0.47544956,0.75373602,-0.4536846,0
2.0795679,-1.0394046,1.2454313,0.55439013,0.14371777,0.81975406,0
2.3690071,-1.3271449,-0.024824858,0.68308073,-0.64126998,-0.34953326,0
0.21977617,0.6805616,0.23609406,0.47544956,0.75373602,-0.4536846,0
2.0828872,-1.4174211,0.92883956,-0.47544956,-0.75373602,0.4536846,0
1.4411056,-1.7058606,-1.2925371,0.68308073,-0.64126998,-0.34953326,0
2.1729858,-1.4224023,-0.021562457,0.68308073,-0.64126998,-0.34953326,0
-1.8625444,0.83320892,-1.2067902,-0.55439013,-0.14371777,-0.81975406,0
0.71156377,-1.9785786,-1.9216324,0.68308073,-0.64126998,-0.34953326,0
-2.2028537,0.26697874,-0.89504886,-0.47544956,-0.75373602,0.4536846,0
-1.7887318,-0.092063129,-1.1928073,-0.55439013,-0.14371777,-0.81975406,0
-1.1745104,0.39648736,-1.7324517,-0.55439013,-0.14371777,-0.81975406,0
-1.7285984,0.64529848,0.41777718,-0.47544956,-0.75373602,0.4536846,0
2.1643009,-1.4905071,1.0458068,-0.47544956,-0.75373602,0.4536846,0
1.8268154,-1.7642059,-0.09769237,0.68308073,-0.64126998,-0.34953326,0
0.14351439,-1.5980235,-2.1854184,-0.55439013,-0.14371777,-0.81975406,0
0.1208021,-1.1854491,-2.3954329,-0.55439013,-0.14371777,-0.81975406,0
-1.3639272,1.7977846,1.4061606,-0.68308073,0.64126998,0.34953326,0
2.427078,-1.2169306,-0.45679474,0.68308073,-0.64126998,-0.34953326,0
-2.7050498,1.5647442,-0.77033651,-0.68308073,0.64126998,0.34953326,0
-0.082071185,-1.6273661,-1.8431379,-0.47544956,-0.75373602,0.4536846,0
1.8541394,-1.3881289,-1.2133002,0.68308073,-0.64126998,-0.34953326,0
-0.041884944,1.3074518,0.93848896,0.47544956,0.75373602,-0.4536846,0
-0.28877348,-0.94763553,-2.1734238,-0.55439013,-0.14371777,-0.81975406,0
2.1842453,-1.7481859,0.13129425,0.68308073,-0.64126998,-0.34953326,0
-2.3699632,1.1944882,0.08787322,-0.68308073,0.64126998,0.34953326,0
-1.2551794,-0.48496658,-1.4312069,-0.55439013,-0.14371777,-0.81975406,0
-2.3072636,1.0434419,-1.0284055,-0.55439013,-0.14371777,-0.81975406,0
2.0793641,-0.7960403,1.165675,0.55439013,0.14371777,0.81975406,0
-1.4400324,1.7061923,1.2507141,-0.68308073,0.64126998,0.34953326,0
-1.6529013,1.0949258,-1.2146336,0.47544956,0.75373602,-0.4536846,0
1.5766377,0.42882413,1.4059732,0.55439013,0.14371777,0.81975406,0
1.6209102,-1.850421,-0.15970111,-0.47544956,-0.75373602,0.4536846,0
0.024716258,0.52742332,-0.3781592,0.47544956,0.75373602,-0.4536846,0
-1.5579674,1.7801099,1.1086055,-0.68308073,0.64126998,0.34953326,0
0.43279579,-1.6692727,-2.4561143,-0.55439013,-0.14371777,-0.81975406,0
-1.7823486,0.78477573,0.59980834,-0.47544956,-0.75373602,0.4536846,0
-0.062719464,-1.3657494,-2.1423695,-0.55439013,-0.14371777,-0.81975406,0
-2.2092385,1.2284691,-1.2256792,-0.55439013,-0.14371777,-0.81975406,0
-0.17537528,-0.25769746,-1.5804212,0.47544956,0.75373602,-0.4536846,0
2.5045791,-1.3669701,0.29243088,0.68308073,-0.64126998,-0.34953326,0
-2.9925373,0.89352775,-0.52641702,-0.55439013,-0.14371777,-0.81975406,0
-0.94943088,1.9068376,1.6118082,-0.68308073,0.64126998,0.34953326,0
0.084459156,-1.9660822,-2.0910089,-0.55439013,-0.14371777,-0.81975406,0
-1.2227274,0.59278625,0.88048911,-0.47544956,-0.75373602,0.4536846,0
1.0975921,-1.5374529,-2.3939071,0.68308073,-0.64126998,-0.34953326,0
2.1333199,-1.7172599,0.12551701,0.68308073,-0.64126998,-0.34953326,0
1.9234046,-1.7768472,-0.11690736,0.68308073,-0.64126998,-0.34953326,0
-1.5527458,-0.29654315,-1.1491623,-0.47544956,-0.75373602,0.4536846,0
1.421821,-0.25337327,1.6078773,0.55439013,0.14371777,0.81975406,0
-0.26494193,0.94996554,2.4657278,-0.47544956,-0.75373602,0.4536846,0
0.91359597,0.10181993,1.6938827,0.55439013,0.14371777,0.81975406,0
-0.14307234,0.81493127,0.063670486,0.47544956,0.75373602,-0.4536846,0
2.5824895,-1.1947588,0.15626693,0.68308073,-0.64126998,-0.34953326,0
1.1751194,-1.5830779,-2.1598034,0.68308073,-0.64126998,-0.34953326,0
1.9594865,-1.318218,0.90382648,-0.47544956,-0.75373602,0.4536846,0
-0.59229225,1.2380387,0.30787253,0.47544956,0.75373602,-0.4536846,0
-1.2971148,-0.59145594,-1.3310285,-0.47544956,-0.75373602,0.4536846,0
-0.25336313,2.0235813,1.9112977,0.47544956,0.75373602,-0.4536846,0
-0.47114193,-1.1231997,-1.9273262,-0.55439013,-0.14371777,-0.81975406,0
0.20563835,-0.63280982,-1.9968148,0.47544956,0.75373602,-0.4536846,0
-0.60920405,-0.24431646,-2.103225,-0.55439013,-0.14371777,-0.81975406,0
-1.6177793,1.9936516,0.44076037,-0.68308073,0.64126998,0.34953326,0
2.6303926,-1.3020145,0.25336981,0.68308073,-0.64126998,-0.34953326,0
-2.0933504,1.6956314,0.22053683,-0.68308073,0.64126998,0.34953326,0
-2.0736027,1.2217023,0.96705925,-0.68308073,0.64126998,0.34953326,0
1.6770619,-1.5631027,-1.0924108,0.68308073,-0.64126998,-0.34953326,0
-2.1216166,0.55490041,-1.0396093,-0.55439013,-0.14371777,-0.81975406,0
2.0448279,-1.6461571,-0.30540133,0.68308073,-0.64126998,-0.34953326,0
-0.91366279,0.30243093,-1.7670661,-0.55439013,-0.14371777,-0.81975406,0
-1.7843604,1.7599756,0.16534758,-0.68308073,0.64126998,0.34953326,0
-0.58923572,-0.59693956,-0.35867023,-0.47544956,-0.75373602,0.4536846,0
-0.76624805,1.7882398,2.325335,-0.68308073,0.64126998,0.34953326,0
0.060330987,-1.9097376,-2.1746278,-0.55439013,-0.14371777,-0.81975406,0
-0.73612183,-0.69282401,-1.9104986,-0.55439013,-0.14371777,-0.81975406,0
-1.9669898,1.6604202,0.31821084,-0.68308073,0.64126998,0.34953326,0
-0.06592381,1.9655049,2.2172675,0.55439013,0.14371777,0.81975406,0
2.1692276,-1.6436949,0.7198348,-0.47544956,-0.75373602,0.4536846,0
-0.15337014,1.291639,2.3498869,0.55439013,0.14371777,0.81975406,0
-2.1531577,1.4274091,0.040508628,-0.68308073,0.64126998,0.34953326,0
1.7168336,0.13196671,1.2531235,0.55439013,0.14371777,0.81975406,0
1.8595347,-1.3865627,-0.71389687,0.68308073,-0.64126998,-0.34953326,0
-0.3268922,1.0912209,2.3840966,0.55439013,0.14371777,0.81975406,0
1.3414685,0.43250364,1.5171994,0.55439013,0.14371777,0.81975406,0
1.5313382,-1.5892804,-1.0526766,0.68308073,-0.64126998,-0.34953326,0
-1.3700927,1.8682232,1.3138156,-0.68308073,0.64126998,0.34953326,0
-0.7046001,0.38336447,-1.0864812,0.47544956,0.75373602,-0.4536846,0
1.2469145,-2.0072391,-1.1222142,0.68308073,-0.64126998,-0.34953326,0
0.048653781,-1.5961391,-2.1699858,-0.55439013,-0.14371777,-0.81975406,0
2.7608614,-0.95801091,0.29842544,0.47544956,0.75373602,-0.4536846,0
-1.4256933,1.6722443,1.3666161,-0.68308073,0.64126998,0.34953326,0
-2.0594015,0.96207112,-1.2670377,-0.55439013,-0.14371777,-0.81975406,0
2.4826179,-1.347965,0.41162455,0.68308073,-0.64126998,-0.34953326,0
-0.18217951,-0.63755763,-2.1287093,-0.55439013,-0.14371777,-0.81975406,0
-2.3490524,1.3569919,0.14337003,-0.68308073,0.64126998,0.34953326,0
1.5768726,-1.8054528,-0.7024796,0.68308073,-0.64126998,-0.34953326,0
0.53498262,-2.0774534,-2.4713669,0.68308073,-0.64126998,-0.34953326,0
1.2901001,-1.5858798,-0.34620249,-0.47544956,-0.75373602,0.4536846,0
-1.3974135,1.804864,0.97978222,-0.68308073,0.64126998,0.34953326,0
2.1591172,-1.4349124,-0.018812537,0.68308073,-0.64126998,-0.34953326,0
1.2983886,-1.7257259,-1.2995726,0.68308073,-0.64126998,-0.34953326,0
0.22080642,1.0599093,2.1004179,0.55439013,0.14371777,0.81975406,0
2.5956953,-1.3016199,0.30042541,0.68308073,-0.64126998,-0.34953326,0
0.91886306,-1.4115224,-2.2642002,0.47544956,0.75373602,-0.4536846,0
0.07834959,-1.5563509,-2.2890317,-0.55439013,-0.14371777,-0.81975406,0
-2.1932676,1.6080649,0.020557404,-0.68308073,0.64126998,0.34953326,0
2.4167554,-0.62408054,0.43842626,0.47544956,0.75373602,-0.4536846,0
-1.3413603,-0.338303,-1.0114553,-0.47544956,-0.75373602,0.4536846,0
2.0741143,-0.57741857,1.1221741,0.55439013,0.14371777,0.81975406,0
-0.15767927,-0.14706363,0.5681833,-0.47544956,-0.75373602,0.4536846,0
0.023620903,0.77116627,2.3244679,-0.47544956,-0.75373602,0.4536846,0
0.86348367,-1.807265,-1.946483,0.68308073,-0.64126998,-0.34953326,0
-0.81201065,1.9114844,1.1847732,0.47544956,0.75373602,-0.4536846,0
1.7889985,-1.0516169,1.2673737,-0.47544956,-0.75373602,0.4536846,0
1.1708553,-1.676989,-1.8148773,0.68308073,-0.64126998,-0.34953326,0
1.2954762,-0.0093277693,1.5218321,0.55439013,0.14371777,0.81975406,0
-1.1716315,1.6232178,1.9768416,-0.68308073,0.64126998,0.34953326,0
-1.223798,1.7243941,1.839769,-0.68308073,0.64126998,0.34953326,0
-1.073555,0.97775966,1.7965652,-0.47544956,-0.75373602,0.4536846,0
1.9128553,-1.439131,-0.60156214,0.68308073,-0.64126998,-0.34953326,0
0.93851274,-1.9423618,-1.7235835,0.68308073,-0.64126998,-0.34953326,0
1.3130383,-1.7166082,-1.2636032,0.68308073,-0.64126998,-0.34953326,0
0.29235077,0.16766009,1.4812279,-0.47544956,-0.75373602,0.4536846,0
2.0187619,-1.4641576,0.60417551,-0.47544956,-0.75373602,0.4536846,0
-1.7768524,0.16686651,-0.68525374,-0.47544956,-0.75373602,0.4536846,0
-0.8363148,-0.47738722,-0.35831171,-0.47544956,-0.75373602,0.4536846,0
2.6450984,-1.5107422,0.5795449,0.68308073,-0.64126998,-0.34953326,0
0.65951288,-1.5856609,-2.6650498,-0.55439013,-0.14371777,-0.81975406,0
-1.5352051,1.1138968,-0.71453035,0.47544956,0.75373602,-0.4536846,0
-0.8775332,1.3629019,0.29781616,0.47544956,0.75373602,-0.4536846,0
0.39161485,-2.2486086,-2.0095263,-0.47544956,-0.75373602,0.4536846,0
-0.39850909,1.7596271,2.5094965,0.55439013,0.14371777,0.81975406,0
0.95960152,-1.5989659,-2.603209,0.68308073,-0.64126998,-0.34953326,0
2.3282442,-0.29787013,1.0015084,0.55439013,0.14371777,0.81975406,0
-1.6476198,0.80235702,0.5060997,-0.47544956,-0.75373602,0.4536846,0
1.162004,-0.83417821,1.0212983,-0.47544956,-0.75373602,0.4536846,0
-0.24271204,1.6652305,1.2983562,0.47544956,0.75373602,-0.4536846,0
1.1721449,-0.75194335,0.89786029,-0.47544956,-0.75373602,0.4536846,0
0.7367937,0.017861605,1.7668709,-0.47544956,-0.75373602,0.4536846,0
-1.2568123,-0.23287836,-1.4916555,-0.55439013,-0.14371777,-0.81975406,0
1.4787486,0.18974778,0.54757285,0.47544956,0.75373602,-0.4536846,0
1.0574951,-1.8542826,-1.8453988,0.68308073,-0.64126998,-0.34953326,0
1.7073863,-1.7660785,-0.30808425,0.68308073,-0.64126998,-0.34953326,0
-0.62448472,1.4095336,2.5368111,0.55439013,0.14371777,0.81975406,0
0.93035573,-1.6790427,-0.56700575,-0.47544956,-0.75373602,0.4536846,0
0.41297829,0.53786945,2.113637,0.55439013,0.14371777,0.81975406,0
0.99774486,-1.6065265,-2.4053121,0.68308073,-0.64126998,-0.34953326,0
-2.1782041,1.7212299,-0.13856256,-0.68308073,0.64126998,0.34953326,0
-0.6365118,2.0093176,2.1590338,-0.68308073,0.64126998,0.34953326,0
-2.3283553,0.70269132,-0.90662223,-0.55439013,-0.14371777,-0.81975406,0
1.642432,-1.8555013,-0.48301017,0.68308073,-0.64126998,-0.34953326,0
-0.48899826,0.19284347,0.94009149,-0.47544956,-0.75373602,0.4536846,0
-0.17581064,-0.46404094,0.12558472,-0.47544956,-0.75373602,0.4536846,0
-0.48413098,0.13247229,0.77727866,-0.47544956,-0.75373602,0.4536846,0
-2.3019288,1.1239983,0.49429643,-0.68308073,0.64126998,0.34953326,0
-0.07492429,1.7118349,2.2632143,0.55439013,0.14371777,0.81975406,0
-0.042317331,0.87911123,2.2080002,0.55439013,0.14371777,0.81975406,0
2.7799025,-1.2167227,0.35725927,0.68308073,-0.64126998,-0.34953326,0
1.7244581,-1.3583318,-1.3396586,0.68308073,-0.64126998,-0.34953326,0
-0.10417794,1.2681048,0.95626247,0.47544956,0.75373602,-0.4536846,0
-1.9952064,0.0052012205,-1.1175568,-0.47544956,-0.75373602,0.4536846,0
-0.37745318,1.2220342,2.3804064,0.55439013,0.14371777,0.81975406,0
-0.54933834,0.057383522,0.71485496,-0.47544956,-0.75373602,0.4536846,0
-0.55000156,1.8207743,1.1910453,0.47544956,0.75373602,-0.4536846,0
1.9722507,-1.4949429,-0.36826909,0.68308073,-0.64126998,-0.34953326,0
-0.8292973,2.1252129,1.7193525,-0.68308073,0.64126998,0.34953326,0
-2.0830693,1.6503137,-0.15761483,-0.68308073,0.64126998,0.34953326,0
2.0725293,-1.3041514,-0.44197631,0.68308073,-0.64126998,-0.34953326,0
2.5371239,-1.1871741,0.02751565,0.68308073,-0.64126998,-0.34953326,0
1.8709959,-0.64834273,1.2456002,0.55439013,0.14371777,0.81975406,0
-1.4498265,1.720158,1.1871961,-0.68308073,0.64126998,0.34953326,0
0.11555225,1.4198545,1.4755262,0.47544956,0.75373602,-0.4536846,0
-1.3100359,0.3181752,0.39215618,-0.47544956,-0.75373602,0.4536846,0
-0.14640814,-1.3522191,-2.2248614,-0.55439013,-0.14371777,-0.81975406,0
-2.0165789,1.5675488,0.58360767,-0.68308073,0.64126998,0.34953326,0
-1.0260307,0.11366373,-1.8337696,-0.55439013,-0.14371777,-0.81975406,0
-1.6309351,1.8965709,0.76382792,-0.68308073,0.64126998,0.34953326,0
-0.70521498,-0.41163555,-1.9109885,-0.55439013,-0.14371777,-0.81975406,0
1.2973365,-1.3497502,-1.8648305,0.47544956,0.75373602,-0.4536846,0
-2.3961034,1.318943,-1.0509074,-0.55439013,-0.14371777,-0.81975406,0
-1.109005,-0.5483247,-1.4850535,-0.55439013,-0.14371777,-0.81975406,0
-2.178704,1.7792919,-0.18015182,-0.68308073,0.64126998,0.34953326,0
-1.7734568,1.593086,0.71147239,-0.68308073,0.64126998,0.34953326,0
-1.5288062,0.31489545,-1.460485,-0.55439013,-0.14371777,-0.81975406,0
2.3370173,-1.4038215,-0.12971985,0.68308073,-0.64126998,-0.34953326,0
-0.10733461,-0.1227845,0.74179411,-0.47544956,-0.75373602,0.4536846,0
0.40221912,-1.234418,-0.69208771,-0.47544956,-0.75373602,0.4536846,0
0.15341678,0.0016517639,-0.82166153,0.47544956,0.75373602,-0.4536846,0
-1.0454097,2.0225351,1.4399461,-0.68308073,0.64126998,0.34953326,0
-0.59918755,-1.1729369,-1.9268289,-0.55439013,-0.14371777,-0.81975406,0
2.2650862,-1.5739945,0.31769931,0.68308073,-0.64126998,-0.34953326,0
1.0577126,-2.0656214,-1.5651048,0.68308073,-0.64126998,-0.34953326,0
1.7594078,-1.6966209,-0.53534007,0.68308073,-0.64126998,-0.34953326,0
-2.7774186,1.244642,-0.52666414,-0.68308073,0.64126998,0.34953326,0
-0.15057278,0.84991854,2.4261146,0.55439013,0.14371777,0.81975406,0
1.8785471,-1.3183889,-0.94450045,0.68308073,-0.64126998,-0.34953326,0
-1.7218319,1.8131284,0.10893142,0.47544956,0.75373602,-0.4536846,0
2.7319708,-1.1530225,0.83475083,0.55439013,0.14371777,0.81975406,0
-2.9409471,1.1721625,-0.57439482,-0.68308073,0.64126998,0.34953326,0
-2.3710854,1.7563267,-0.42969358,-0.68308073,0.64126998,0.34953326,0
0.6145193,-0.086638331,1.7149856,-0.47544956,-0.75373602,0.4536846,0
-2.1661749,1.4312834,0.46965587,-0.68308073,0.64126998,0.34953326,0
-0.72448289,-0.22775298,-2.0125115,-0.55439013,-0.14371777,-0.81975406,0
2.499845,-1.3547359,0.15435421,0.68308073,-0.64126998,-0.34953326,0
0.46619418,0.45306736,0.09012489,0.47544956,0.75373602,-0.4536846,0
-1.5366514,1.4373655,1.4714741,-0.68308073,0.64126998,0.34953326,0
0.95736921,-1.630246,-2.3620777,0.68308073,-0.64126998,-0.34953326,0
-1.5601964,1.5712072,1.4002273,-0.68308073,0.64126998,0.34953326,0
-1.3762982,0.45368648,-1.6490053,-0.55439013,-0.14371777,-0.81975406,0
-1.8055298,0.47762454,-1.3878112,-0.55439013,-0.14371777,-0.81975406,0
-0.9317103,1.9471037,1.2708315,0.47544956,0.75373602,-0.4536846,0
-1.0716026,1.7482183,1.6598076,-0.68308073,0.64126998,0.34953326,0
-2.0733063,0.4125393,-0.26374567,-0.47544956,-0.75373602,0.4536846,0
1.2242012,0.58423513,1.6078337,0.55439013,0.14371777,0.81975406,0
-0.81900758,-0.11872959,-1.8119994,-0.55439013,-0.14371777,-0.81975406,0
-0.084163725,1.2434779,2.1599851,0.55439013,0.14371777,0.81975406,0
-1.9825932,1.096194,-1.406253,-0.55439013,-0.14371777,-0.81975406,0
-1.1582023,0.21463591,-1.8136015,-0.55439013,-0.14371777,-0.81975406,0
2.0358644,-1.3790879,-0.4937309,0.68308073,-0.64126998,-0.34953326,0
-1.1806836,-0.21574903,-1.6207821,-0.55439013,-0.14371777,-0.81975406,0
1.3825109,-1.5091579,-1.5680851,0.68308073,-0.64126998,-0.34953326,0
-0.07933259,0.37603444,1.4912037,-0.47544956,-0.75373602,0.4536846,0
1.1412646,-0.43895686,1.6784756,0.55439013,0.14371777,0.81975406,0
-1.4005437,1.586713,1.2187176,-0.68308073,0.64126998,0.34953326,0
0.92312831,0.53992403,1.8247755,0.55439013,0.14371777,0.81975406,0
-1.7126652,1.3197994,1.3760124,-0.68308073,0.64126998,0.34953326,0
0.53396219,-0.99710017,-0.13545209,-0.47544956,-0.75373602,0.4536846,0
0.85590827,-1.3767042,-0.38794059,-0.47544956,-0.75373602,0.4536846,0
-0.44885683,1.5988482,1.1421102,0.47544956,0.75373602,-0.4536846,0
-1.2644874,1.4486856,1.8291925,-0.68308073,0.64126998,0.34953326,0
-0.14330518,0.80188048,2.298028,0.55439013,0.14371777,0.81975406,0
-0.57932675,-1.3279717,-1.720536,-0.55439013,-0.14371777,-0.81975406,0
1.6074713,-1.5469745,-1.2601008,0.68308073,-0.64126998,-0.34953326,0
2.4625068,-0.81025505,0.17082977,0.47544956,0.75373602,-0.4536846,0
1.7403841,-1.0253875,1.4054606,-0.47544956,-0.75373602,0.4536846,0
-2.4713333,1.5954175,-0.8051517,-0.68308073,0.64126998,0.34953326,0
0.21526241,-1.1875763,-2.2614796,-0.55439013,-0.14371777,-0.81975406,0
2.6544399,-0.88112199,0.85216743,0.55439013,0.14371777,0.81975406,0
-0.69050276,0.79090428,-0.57601494,0.47544956,0.75373602,-0.4536846,0
0.47027707,-1.7868407,-2.3729773,-0.55439013,-0.14371777,-0.81975406,0
1.6373278,-1.8743535,-0.62840641,0.68308073,-0.64126998,-0.34953326,0
0.51698405,-2.2578371,-1.9346883,0.68308073,-0.64126998,-0.34953326,0
-0.078788847,-1.3681893,-1.4116344,-0.47544956,-0.75373602,0.4536846,0
-0.75834012,-0.25525591,-1.9600129,-0.55439013,-0.14371777,-0.81975406,0
-0.23670207,-0.0356161,0.82273304,-0.47544956,-0.75373602,0.4536846,0
-1.0623261,-0.46793324,-0.92517364,-0.47544956,-0.75373602,0.4536846,0
-0.32646498,1.8727891,2.4405932,0.55439013,0.14371777,0.81975406,0
0.92616379,-0.86198235,-1.7473788,0.47544956,0.75373602,-0.4536846,0
-0.37324849,1.5988798,2.3818977,0.55439013,0.14371777,0.81975406,0
0.056932807,0.20106497,1.6309749,-0.47544956,-0.75373602,0.4536846,0
2.1667907,-0.56884825,1.0802672,0.55439013,0.14371777,0.81975406,0
1.1476159,-1.7262447,-1.876739,0.68308073,-0.64126998,-0.34953326,0
-0.94334364,-0.1613698,-1.7531883,-0.55439013,-0.14371777,-0.81975406,0
-1.4235587,0.70649612,0.63693535,-0.47544956,-0.75373602,0.4536846,0
-2.2752779,1.3181664,0.29005647,-0.68308073,0.64126998,0.34953326,0
-2.1202285,1.3212817,0.55300426,-0.68308073,0.64126998,0.34953326,0
-1.2412161,0.10553993,-0.12270319,-0.47544956,-0.75373602,0.4536846,0
-1.2891154,-0.42281681,-1.381097,-0.55439013,-0.14371777,-0.81975406,0
-0.20552009,0.4020679,-0.81608146,0.47544956,0.75373602,-0.4536846,0
-0.8454389,0.090254359,0.31083232,-0.47544956,-0.75373602,0.4536846,0
1.7475448,0.17319745,1.2551525,0.55439013,0.14371777,0.81975406,0
1.0263133,0.86675411,1.6471815,0.55439013,0.14371777,0.81975406,0
-0.92595726,-0.3215062,-1.8585026,-0.55439013,-0.14371777,-0.81975406,0
0.69464362,-0.056611001,1.8810652,-0.47544956,-0.75373602,0.4536846,0
-0.17594928,1.6797591,1.3895345,0.47544956,0.75373602,-0.4536846,0
-2.4529815,1.4178106,-0.077251077,-0.68308073,0.64126998,0.34953326,0
0.4458704,1.4603348,1.9978557,0.55439013,0.14371777,0.81975406,0
0.79582489,0.12741876,1.942693,0.55439013,0.14371777,0.81975406,0
1.2393193,-0.96502078,-1.2180583,0.47544956,0.75373602,-0.4536846,0
0.68462175,-2.0111456,-1.9125279,0.68308073,-0.64126998,-0.34953326,0
0.30410081,-1.4892107,-2.3656948,-0.55439013,-0.14371777,-0.81975406,0
-2.4175644,0.23682222,-0.94031799,-0.55439013,-0.14371777,-0.81975406,0
0.78223681,0.28554818,1.8822957,0.55439013,0.14371777,0.81975406,0
0.42067438,-0.96708387,-2.2809367,0.47544956,0.75373602,-0.4536846,0
-1.9358944,1.3647,0.69001067,-0.68308073,0.64126998,0.34953326,0
-1.8308644,1.7769877,0.27127004,-0.68308073,0.64126998,0.34953326,0
-0.033414274,0.19856867,-0.77844661,0.47544956,0.75373602,-0.4536846,0
-1.682058,1.8189714,0.75451529,-0.68308073,0.64126998,0.34953326,0
-0.98294759,1.2184236,2.0167315,-0.47544956,-0.75373602,0.4536846,0
-0.049363196,1.7156659,2.1635599,0.55439013,0.14371777,0.81975406,0
-0.0018147528,0.090974748,-0.9760837,0.47544956,0.75373602,-0.4536846,0
-1.7259701,0.56142199,-1.4166083,-0.55439013,-0.14371777,-0.81975406,0
0.49535805,0.42226645,2.0627184,0.55439013,0.14371777,0.81975406,0
1.277576,0.28231582,1.5164906,0.55439013,0.14371777,0.81975406,0
1.6588264,-1.9581252,-0.21983397,-0.47544956,-0.75373602,0.4536846,0
0.3464343,-0.45100421,0.87795019,-0.47544956,-0.75373602,0.4536846,0
-1.7153723,0.78780043,-1.4276764,-0.55439013,-0.14371777,-0.81975406,0
-0.914024,-0.79694486,-1.2796826,-0.47544956,-0.75373602,0.4536846,0
0.44900054,-2.0076964,-2.4158413,-0.55439013,-0.14371777,-0.81975406,0
1.4609941,-1.610249,-0.021736145,-0.47544956,-0.75373602,0.4536846,0
-1.3892522,1.4872283,-0.16453969,0.47544956,0.75373602,-0.4536846,0
-1.9843093,1.1849616,0.82725799,-0.47544956,-0.75373602,0.4536846,0
-0.5475896,-0.72806334,-1.8593719,-0.55439013,-0.14371777,-0.81975406,0
-1.4659408,1.4410183,1.3927797,-0.68308073,0.64126998,0.34953326,0
-0.61414945,0.23718742,0.98890305,-0.47544956,-0.75373602,0.4536846,0
2.7373662,-1.4377903,0.64491165,0.68308073,-0.64126998,-0.34953326,0
0.83786422,0.47405174,1.8895988,0.55439013,0.14371777,0.81975406,0
-0.25491551,1.9786694,2.2770014,0.55439013,0.14371777,0.81975406,0
1.6985656,-0.064890385,0.75047415,0.47544956,0.75373602,-0.4536846,0
-0.56765109,2.0739217,1.6745843,0.47544956,0.75373602,-0.4536846,0
1.5323498,-1.5638732,0.076737285,-0.47544956,-0.75373602,0.4536846,0
0.47683406,0.80108035,1.8891625,0.55439013,0.14371777,0.81975406,0
-2.481353,1.0150063,-0.93131357,-0.55439013,-0.14371777,-0.81975406,0
1.1751454,0.28622651,0.48923182,0.47544956,0.75373602,-0.4536846,0
2.3003786,-1.4690009,0.32188725,0.68308073,-0.64126998,-0.34953326,0
0.52757394,0.82491547,1.8479953,0.55439013,0.14371777,0.81975406,0
0.25346261,0.94787478,2.0008514,0.55439013,0.14371777,0.81975406,0
0.098687768,0.80346036,2.1299396,0.55439013,0.14371777,0.81975406,0
0.81587696,0.94404179,1.6100811,0.55439013,0.14371777,0.81975406,0
-2.3318834,1.2542562,0.44635844,-0.68308073,0.64126998,0.34953326,0
-0.29268026,-1.4779456,-1.9736472,-0.55439013,-0.14371777,-0.81975406,0
1.297542,0.43478149,1.4924142,0.55439013,0.14371777,0.81975406,0
0.010347784,-0.89243138,-2.3164051,-0.55439013,-0.14371777,-0.81975406,0
-1.8637275,0.74322665,-1.2184328,-0.55439013,-0.14371777,-0.81975406,0
-0.28120995,0.13968965,-1.0019763,0.47544956,0.75373602,-0.4536846,0
0.3045733,1.6317203,1.9138138,0.47544956,0.75373602,-0.4536846,0
1.4265548,-1.4003363,-1.7217236,0.68308073,-0.64126998,-0.34953326,0
-0.56028897,0.030210987,0.38651916,-0.47544956,-0.75373602,0.4536846,0
1.567351,-0.61057842,1.6032958,0.55439013,0.14371777,0.81975406,0
-0.048831925,-1.0339323,-0.77934897,-0.47544956,-0.75373602,0.4536846,0
1.405244,0.52802116,1.2984349,0.55439013,0.14371777,0.81975406,0
-0.22294158,-0.69477278,-2.2749517,-0.55439013,-0.14371777,-0.81975406,0
-2.4601903,1.5077446,-0.38878953,-0.68308073,0.64126998,0.34953326,0
2.1053662,-1.3126055,-0.49476445,0.68308073,-0.64126998,-0.34953326,0
0.62709796,-1.5563252,-2.5517426,-0.55439013,-0.14371777,-0.81975406,0
-1.0183173,1.94408,1.4332445,-0.68308073,0.64126998,0.34953326,0
-0.30609035,-1.6459438,-1.8620238,-0.55439013,-0.14371777,-0.81975406,0
1.1521506,0.18869655,0.60719055,0.47544956,0.75373602,-0.4536846,0
0.94053578,-0.13201004,1.9235479,0.55439013,0.14371777,0.81975406,0
-1.3905882,1.0375757,1.4583105,-0.47544956,-0.75373602,0.4536846,0
2.4271762,-0.98484594,0.89912212,0.55439013,0.14371777,0.81975406,0
2.004549,-1.3406178,-1.0378134,0.68308073,-0.64126998,-0.34953326,0
-2.3412404,0.73784077,-1.0397404,-0.55439013,-0.14371777,-0.81975406,0
-2.685039,0.66648006,-0.70858806,-0.55439013,-0.14371777,-0.81975406,0
0.061557889,1.4576447,2.1907043,0.55439013,0.14371777,0.81975406,0
2.3218389,-1.3481714,-0.12864494,0.68308073,-0.64126998,-0.34953326,0
1.5092847,-1.284844,-1.4451342,0.47544956,0.75373602,-0.4536846,0
0.59570557,1.2320795,1.9115212,0.55439013,0.14371777,0.81975406,0
-1.6472574,0.58468509,0.15051687,-0.47544956,-0.75373602,0.4536846,0
-1.0422997,-0.083521962,-1.6614522,-0.55439013,-0.14371777,-0.81975406,0
-1.4402515,0.019449294,-1.4848876,-0.55439013,-0.14371777,-0.81975406,0
-0.87922472,2.0498223,1.2951977,0.47544956,0.75373602,-0.4536846,0
-0.51983869,1.7034267,1.1328506,0.47544956,0.75373602,-0.4536846,0
-0.12113346,-0.89368469,-0.31942558,-0.47544956,-0.75373602,0.4536846,0
2.5854025,-1.6435659,0.89037579,0.68308073,-0.64126998,-0.34953326,0
-2.6242976,1.0977442,-0.90946811,-0.55439013,-0.14371777,-0.81975406,0
-0.038058698,-0.56174648,-2.2413881,-0.55439013,-0.14371777,-0.81975406,0
-1.9268094,1.6298106,0.28913212,-0.68308073,0.64126998,0.34953326,0
0.21148616,0.70141321,2.0826018,0.55439013,0.14371777,0.81975406,0
-2.0582938,0.15049559,-1.0730733,-0.55439013,-0.14371777,-0.81975406,0
1.8426307,-1.8967489,-0.33283257,0.68308073,-0.64126998,-0.34953326,0
1.9639502,-1.7504416,0.18100035,0.68308073,-0.64126998,-0.34953326,0
1.5729861,-0.2619791,1.3902545,0.55439013,0.14371777,0.81975406,0
-0.62403744,1.8658788,1.1868092,0.47544956,0.75373602,-0.4536846,0
1.4234463,-1.5546353,-1.5022358,0.68308073,-0.64126998,-0.34953326,0
2.1935027,-0.69766623,-0.038836718,0.47544956,0.75373602,-0.4536846,0
-1.8538036,0.23326111,-0.60730249,-0.47544956,-0.75373602,0.4536846,0
1.8583319,-1.4286705,-0.84232295,0.68308073,-0.64126998,-0.34953326,0
-0.41924942,-0.75138903,-2.0523281,-0.55439013,-0.14371777,-0.81975406,0
-1.0587229,-0.55517435,-1.1357157,-0.47544956,-0.75373602,0.4536846,0
0.56243718,-1.7477914,-1.2539788,-0.47544956,-0.75373602,0.4536846,0
-0.22810736,1.9412473,1.9485106,0.47544956,0.75373602,-0.4536846,0
1.6178286,-0.23103121,0.2238071,0.47544956,0.75373602,-0.4536846,0
2.8154471,-1.1494384,0.5722245,0.68308073,-0.64126998,-0.34953326,0
-1.2006977,1.3023305,-0.37036711,0.47544956,0.75373602,-0.4536846,0
0.76254046,-1.40864,-2.5371194,0.47544956,0.75373602,-0.4536846,0
0.76882714,0.65365332,1.8361056,0.55439013,0.14371777,0.81975406,0
-0.80776262,1.9254408,1.8422128,-0.68308073,0.64126998,0.34953326,0
2.3259187,-1.2532669,1.1052775,0.55439013,0.14371777,0.81975406,0
0.049800396,0.78393012,2.1638258,0.55439013,0.14371777,0.81975406,0
0.57690889,0.79172242,1.9998361,0.55439013,0.14371777,0.81975406,0
-1.1035529,-0.70730996,-1.6714549,-0.55439013,-0.14371777,-0.81975406,0
-1.909664,0.38008314,-0.40694147,-0.47544956,-0.75373602,0.4536846,0
-1.944828,0.66939235,-1.1289642,-0.55439013,-0.14371777,-0.81975406,0
-0.4628768,1.731729,2.3610735,0.55439013,0.14371777,0.81975406,0
1.2527062,-2.0317369,-0.98615944,0.68308073,-0.64126998,-0.34953326,0
0.4452087,0.98781133,0.85493177,0.47544956,0.75373602,-0.4536846,0
-0.84462118,1.8518353,2.0316851,-0.68308073,0.64126998,0.34953326,0
1.3947411,-2.0411758,-0.82804191,0.68308073,-0.64126998,-0.34953326,0
0.1383464,1.3763511,1.1364176,0.47544956,0.75373602,-0.4536846,0
2.141027,-1.321184,-0.26687729,0.68308073,-0.64126998,-0.34953326,0
-0.76483393,1.0956285,0.047731638,0.47544956,0.75373602,-0.4536846,0
0.84827584,-0.377379,1.4128333,-0.47544956,-0.75373602,0.4536846,0
-2.0373933,1.5121835,0.60628378,-0.68308073,0.64126998,0.34953326,0
-0.27723205,0.28253889,1.372492,-0.47544956,-0.75373602,0.4536846,0
-0.47716838,-0.9315058,-1.9120365,-0.55439013,-0.14371777,-0.81975406,0
-1.9805615,1.7252961,-0.11275828,-0.68308073,0.64126998,0.34953326,0
2.6978226,-1.4885144,0.86174971,0.55439013,0.14371777,0.81975406,0
-0.0058174729,1.0455339,2.3669226,0.55439013,0.14371777,0.81975406,0
-0.014298245,1.0882818,0.76414156,0.47544956,0.75373602,-0.4536846,0
0.11807993,0.019869059,-1.1474515,0.47544956,0.75373602,-0.4536846,0
1.9247333,-0.4274689,1.2685349,0.55439013,0.14371777,0.81975406,0
2.2899804,-1.3880039,1.2153555,0.55439013,0.14371777,0.81975406,0
0.37822306,1.4880371,1.8033812,0.55439013,0.14371777,0.81975406,0
1.9691765,-0.41159791,1.2084118,0.55439013,0.14371777,0.81975406,0
-2.1982584,0.73775053,-0.01263535,-0.47544956,-0.75373602,0.4536846,0
1.433865,-1.7539201,-1.1504467,0.68308073,-0.64126998,-0.34953326,0
-0.75175476,1.9383835,2.3640721,-0.68308073,0.64126998,0.34953326,0
-0.30293924,0.93361175,2.4822805,0.55439013,0.14371777,0.81975406,0
-0.73845369,1.7515328,2.4690704,-0.68308073,0.64126998,0.34953326,0
1.0944836,-1.7566996,-1.9438186,0.68308073,-0.64126998,-0.34953326,0
-1.8969243,-0.11732653,-1.2354044,-0.55439013,-0.14371777,-0.81975406,0
-1.9457963,1.711699,0.24167347,-0.68308073,0.64126998,0.34953326,0
-0.58653283,0.55175889,-0.90773225,0.47544956,0.75373602,-0.4536846,0
0.97854137,0.73730671,1.7178736,0.55439013,0.14371777,0.81975406,0
0.74724275,-1.8938551,-2.214293,0.68308073,-0.64126998,-0.34953326,0
-1.6655781,1.7676835,0.90279377,-0.68308073,0.64126998,0.34953326,0
-0.39390218,-1.2305417,-1.2202456,-0.47544956,-0.75373602,0.4536846,0
0.6874761,-2.0636396,-1.8638734,0.68308073,-0.64126998,-0.34953326,0
-0.88491011,-0.17739266,0.03288275,-0.47544956,-0.75373602,0.4536846,0
-1.8874863,1.7402786,0.36190772,-0.68308073,0.64126998,0.34953326,0
-2.1923287,1.2650081,0.69695807,-0.68308073,0.64126998,0.34953326,0
-1.0301709,1.9216037,1.3943393,-0.68308073,0.64126998,0.34953326,0
2.4545946,-1.6365433,0.46131885,0.68308073,-0.64126998,-0.34953326,0
-1.3551843,-0.25654334,-1.4171364,-0.55439013,-0.14371777,-0.81975406,0
-1.0665324,1.4372299,2.3534763,-0.68308073,0.64126998,0.34953326,0
-1.977149,0.75692195,-1.3327837,-0.55439013,-0.14371777,-0.81975406,0
-0.39097473,0.80060941,-0.37427303,0.47544956,0.75373602,-0.4536846,0
1.1717944,-1.6485496,-1.6361712,0.68308073,-0.64126998,-0.34953326,0
1.9013522,-0.24978347,0.44170022,0.47544956,0.75373602,-0.4536846,0
-0.15136835,-1.6439168,-1.716285,-0.47544956,-0.75373602,0.4536846,0
-2.3367,1.1340175,0.3548429,-0.68308073,0.64126998,0.34953326,0
-1.7174795,-0.16759762,-1.2908111,-0.55439013,-0.14371777,-0.81975406,0
-2.1174259,1.0683053,-1.1966913,-0.55439013,-0.14371777,-0.81975406,0
-0.64776266,-0.85195267,-1.8296514,-0.55439013,-0.14371777,-0.81975406,0
-2.5530348,1.4809883,-1.0724683,-0.55439013,-0.14371777,-0.81975406,0
1.84629,-1.455312,-0.61088884,0.68308073,-0.64126998,-0.34953326,0
0.32929468,-0.89165527,-2.19396,0.47544956,0.75373602,-0.4536846,0
1.3484868,-1.9179494,-1.1525923,0.68308073,-0.64126998,-0.34953326,0
1.1100259,-1.5516267,-1.878499,0.68308073,-0.64126998,-0.34953326,0
-1.0769436,1.9910008,1.3248352,-0.68308073,0.64126998,0.34953326,0
-2.7931726,0.93031335,-0.74427593,-0.55439013,-0.14371777,-0.81975406,0
-1.9728421,1.549274,0.6227175,-0.68308073,0.64126998,0.34953326,0
1.8815883,-0.66274798,-0.20068944,0.47544956,0.75373602,-0.4536846,0
1.1784383,-1.2027363,0.43027282,-0.47544956,-0.75373602,0.4536846,0
2.4722941,-1.2851033,0.045711756,0.68308073,-0.64126998,-0.34953326,0
0.91373289,-1.7164896,-2.2946405,0.68308073,-0.64126998,-0.34953326,0
-1.9162152,0.78569865,-1.2536333,-0.55439013,-0.14371777,-0.81975406,0
1.9227219,-0.86213833,1.3080003,0.55439013,0.14371777,0.81975406,0
-0.49306649,-1.0385454,-1.3124197,-0.47544956,-0.75373602,0.4536846,0
-1.5138052,1.6069516,1.3697993,-0.68308073,0.64126998,0.34953326,0
-0.040386736,0.84559822,2.3922677,0.55439013,0.14371777,0.81975406,0
1.0203533,-2.058804,-1.4683425,0.68308073,-0.64126998,-0.34953326,0
0.051512539,0.040656328,-1.1299734,0.47544956,0.75373602,-0.4536846,0
-0.40143687,-0.42819008,0.073341489,-0.47544956,-0.75373602,0.4536846,0
0.74783272,-2.171088,-1.8729596,0.68308073,-0.64126998,-0.34953326,0
-1.042058,1.6690034,1.9759309,-0.68308073,0.64126998,0.34953326,0
0.56355798,0.92933226,0.92636889,0.47544956,0.75373602,-0.4536846,0
-1.6632545,0.27829832,-0.35764456,-0.47544956,-0.75373602,0.4536846,0
0.92879951,-2.0998313,-1.6135408,0.68308073,-0.64126998,-0.34953326,0
-0.81989831,-0.79065299,-1.7189592,-0.55439013,-0.14371777,-0.81975406,0
-0.56455106,1.7078342,2.4401572,0.55439013,0.14371777,0.81975406,0
1.2899994,-0.3732807,1.5439696,0.55439013,0.14371777,0.81975406,0
-1.7942789,1.4831939,0.78872585,-0.68308073,0.64126998,0.34953326,0
-1.0699437,-0.31629121,-1.5578418,-0.55439013,-0.14371777,-0.81975406,0
1.1623119,-1.6227171,-1.8738465,0.68308073,-0.64126998,-0.34953326,0
-1.3570479,1.179271,1.499866,-0.47544956,-0.75373602,0.4536846,0
-1.9243882,1.6194179,0.30077684,-0.68308073,0.64126998,0.34953326,0
-2.5517154,1.5446906,-0.65715563,-0.68308073,0.64126998,0.34953326,0
-2.1430907,0.96999878,0.57567811,-0.47544956,-0.75373602,0.4536846,0
-1.3492002,0.49371499,0.70512831,-0.47544956,-0.75373602,0.4536846,0
-0.14206982,-0.86306238,-2.2019377,-0.55439013,-0.14371777,-0.81975406,0
1.0367478,0.36323917,0.60522205,0.47544956,0.75373602,-0.4536846,0
-1.8767101,1.8301084,-0.017022014,0.47544956,0.75373602,-0.4536846,0
-0.58232331,2.0164564,2.0305517,-0.68308073,0.64126998,0.34953326,0
-1.1048973,-0.68228388,-1.5486711,-0.55439013,-0.14371777,-0.81975406,0
-0.37061739,-0.80059803,-2.0511951,-0.55439013,-0.14371777,-0.81975406,0
-0.99542344,-0.42494726,-0.8241998,-0.47544956,-0.75373602,0.4536846,0
1.8338361,0.0090831518,0.77015787,0.47544956,0.75373602,-0.4536846,0
0.43578088,1.1689932,1.4511205,0.47544956,0.75373602,-0.4536846,0
0.22917831,1.6166723,1.7991493,0.47544956,0.75373602,-0.4536846,0
-1.7254767,0.54313171,-1.4084427,-0.55439013,-0.14371777,-0.81975406,0
1.9715555,-1.4376781,0.62531346,-0.47544956,-0.75373602,0.4536846,0
-0.87301683,2.0740204,1.6476301,-0.68308073,0.64126998,0.34953326,0
-2.8947318,1.2134156,-0.68389916,-0.68308073,0.64126998,0.34953326,0
-1.027058,-0.46391785,-0.82914054,-0.47544956,-0.75373602,0.4536846,0
-0.04654938,1.5349579,2.1817899,0.55439013,0.14371777,0.81975406,0
-2.146904,1.8071179,-0.49280679,0.47544956,0.75373602,-0.4536846,0
0.7594977,0.53367043,1.7578294,0.55439013,0.14371777,0.81975406,0
0.17473376,-0.53895354,-1.837759,0.47544956,0.75373602,-0.4536846,0
-1.6659915,1.5528493,0.88446319,-0.68308073,0.64126998,0.34953326,0
-0.64760035,1.2523607,2.5449486,-0.47544956,-0.75373602,0.4536846,0
2.2776582,-0.70890218,0.9838953,0.55439013,0.14371777,0.81975406,0
1.4109924,-1.6080484,-1.2043854,0.68308073,-0.64126998,-0.34953326,0
0.70344698,-1.8982733,-1.2764773,-0.47544956,-0.75373602,0.4536846,0
2.1425738,-1.187592,1.1284893,0.55439013,0.14371777,0.81975406,0
-1.2244039,1.7704964,1.6839676,-0.68308073,0.64126998,0.34953326,0
1.3432672,-1.6734215,-1.4326146,0.68308073,-0.64126998,-0.34953326,0
-2.4264247,1.3114265,-1.1328564,-0.55439013,-0.14371777,-0.81975406,0
-1.2544863,1.8953464,1.0420488,-0.68308073,0.64126998,0.34953326,0
-0.37451816,-0.68352312,-1.9893472,-0.55439013,-0.14371777,-0.81975406,0
1.1997651,-0.015546918,1.659182,0.55439013,0.14371777,0.81975406,0
0.86013049,-1.6645794,-2.4648542,0.68308073,-0.64126998,-0.34953326,0
0.32257903,-0.60772061,-1.6680639,0.47544956,0.75373602,-0.4536846,0
-2.2606199,1.4039803,0.11361659,-0.68308073,0.64126998,0.34953326,0
2.7772484,-0.66237128,0.58861864,0.55439013,0.14371777,0.81975406,0
-0.31778139,-1.5866306,-1.9964523,-0.55439013,-0.14371777,-0.81975406,0
-0.31568366,1.2082146,2.4341583,0.55439013,0.14371777,0.81975406,0
-1.7652266,0.26443046,-1.3812795,-0.55439013,-0.14371777,-0.81975406,0
0.055600107,-1.2332027,-2.2748175,-0.55439013,-0.14371777,-0.81975406,0
-0.95651293,-0.70493984,-0.96484977,-0.47544956,-0.75373602,0.4536846,0
0.61102211,-1.9377781,-2.1370764,0.68308073,-0.64126998,-0.34953326,0
-2.8199701,1.1090019,-0.10745764,-0.68308073,0.64126998,0.34953326,0
-0.78026503,-0.55341274,-1.7262576,-0.55439013,-0.14371777,-0.81975406,0
-2.371213,0.94578254,-0.88931519,-0.55439013,-0.14371777,-0.81975406,0
1.3066719,-0.65001047,1.2513106,-0.47544956,-0.75373602,0.4536846,0
2.2152689,-1.4038372,-0.48888111,0.68308073,-0.64126998,-0.34953326,0
1.5853786,-1.8118075,-0.5700525,0.68308073,-0.64126998,-0.34953326,0
1.9214891,-0.49560761,1.3391905,0.55439013,0.14371777,0.81975406,0
-2.6674578,1.2621402,-0.39174247,-0.68308073,0.64126998,0.34953326,0
0.81188798,-0.08238437,-0.37057799,0.47544956,0.75373602,-0.4536846,0
0.054348171,1.478375,2.2328279,0.55439013,0.14371777,0.81975406,0
2.714442,-1.0464687,0.69895202,0.55439013,0.14371777,0.81975406,0
-0.020610556,1.4313928,1.1406431,0.47544956,0.75373602,-0.4536846,0
0.0092345476,-0.92098969,-2.2901559,-0.55439013,-0.14371777,-0.81975406,0
-2.2977986,0.66941011,-1.0482986,-0.55439013,-0.14371777,-0.81975406,0
-2.8663087,0.96104598,-0.70981681,-0.55439013,-0.14371777,-0.81975406,0
-0.57235378,2.0629783,2.0766387,-0.68308073,0.64126998,0.34953326,0
-0.46940842,2.223881,2.2662797,0.47544956,0.75373602,-0.4536846,0
-1.7183952,0.11002281,-0.57459795,-0.47544956,-0.75373602,0.4536846,0
1.5229769,-1.717398,-0.33036017,-0.47544956,-0.75373602,0.4536846,0
