-0.78409261,0.96156693,-0.98254275,-0.70767283,0.43102193,0.55983835,0
0.29942432,-1.3536323,0.35616636,0.70767283,-0.43102193,-0.55983835,0
-0.38004732,0.36368328,-1.5072603,0.70767283,-0.43102193,-0.55983835,0
-0.5985266,-1.8020872,0.90858293,0.053003713,-0.75774652,0.65039253,0
-0.90654945,-1.5845721,-0.07975173,-0.70454931,-0.48993874,-0.5133909,0
0.35719007,-0.50707716,1.6345558,-0.70767283,0.43102193,0.55983835,0
-0.92829633,-0.92637849,-0.76779121,-0.70454931,-0.48993874,-0.5133909,0
0.81780183,1.2611042,0.51307774,0.70454931,0.48993874,0.5133909,0
-0.76712978,0.59426022,-2.2898886,-0.053003713,0.75774652,-0.65039253,0
-0.75457847,0.3578912,-2.0609169,-0.70454931,-0.48993874,-0.5133909,0
0.92535079,1.3087952,0.58493447,0.70454931,0.48993874,0.5133909,0
1.4648173,-0.56987828,1.4518484,0.70454931,0.48993874,0.5133909,0
-0.80879891,-0.63904303,-1.1752301,-0.70454931,-0.48993874,-0.5133909,0
-0.95900339,-0.65663189,-1.0887753,-0.70454931,-0.48993874,-0.5133909,0
-0.83518505,-0.64960229,0.44430709,-0.70767283,0.43102193,0.55983835,0
-1.3376597,-1.5273763,0.18326068,-0.70454931,-0.48993874,-0.5133909,0
-0.73884666,-0.046592832,-1.7904673,0.70767283,-0.43102193,-0.55983835,0
0.2212701,-1.2202865,0.50410545,0.70767283,-0.43102193,-0.55983835,0
-0.7912575,1.429842,-1.3908832,-0.053003713,0.75774652,-0.65039253,0
-0.36361685,-2.3193781,0.5181098,0.053003713,-0.75774652,0.65039253,0
-1.3526235,-1.6078998,0.58702195,-0.70767283,0.43102193,0.55983835,0
-0.53192866,1.6666336,-1.1276271,-0.053003713,0.75774652,-0.65039253,0
-1.2868156,1.0051463,-1.6629813,-0.053003713,0.75774652,-0.65039253,0
1.2579348,0.16054296,0.88569975,0.70454931,0.48993874,0.5133909,0
1.0017123,2.2613704,-0.54431152,0.70454931,0.48993874,0.5133909,0
-1.0888495,-0.13450462,-1.1307373,-0.70454931,-0.48993874,-0.5133909,0
0.84858757,-0.17403769,1.7963239,0.70454931,0.48993874,0.5133909,0
0.53956044,-0.93663996,1.7966468,0.053003713,-0.75774652,0.65039253,0
-0.75102568,0.81503534,-0.66820645,-0.70767283,0.43102193,0.55983835,0
-0.40727782,0.88540578,-2.1582379,-0.053003713,0.75774652,-0.65039253,0
-0.89167583,-1.3891284,-0.40055656,-0.70454931,-0.48993874,-0.5133909,0
0.15681669,1.7757595,-1.0914848,-0.053003713,0.75774652,-0.65039253,0
-0.92597151,-0.71806431,-0.8300755,-0.70454931,-0.48993874,-0.5133909,0
-0.52058601,1.4930232,-1.3449674,-0.053003713,0.75774652,-0.65039253,0
0.95416963,1.3556154,-0.87072563,0.70767283,-0.43102193,-0.55983835,0
0.28492814,-1.3167261,1.6641172,0.053003713,-0.75774652,0.65039253,0
-0.55004245,1.041126,-1.8186581,-0.053003713,0.75774652,-0.65039253,0
-0.52146208,-2.0635118,-0.10760498,0.70767283,-0.43102193,-0.55983835,0
0.61091375,1.6185411,-1.2806456,-0.053003713,0.75774652,-0.65039253,0
-0.76583308,1.1812907,-1.5741563,-0.053003713,0.75774652,-0.65039253,0
1.3080932,1.8862778,-0.56260717,0.70454931,0.48993874,0.5133909,0
0.060429037,-1.2472739,1.5356297,0.053003713,-0.75774652,0.65039253,0
0.89187968,1.8807497,-1.0250473,-0.053003713,0.75774652,-0.65039253,0
0.63180661,-1.1111238,1.6514159,0.053003713,-0.75774652,0.65039253,0
0.33737525,1.3729947,-1.3833523,-0.053003713,0.75774652,-0.65039253,0
0.40504062,-1.4461992,0.79898882,0.70767283,-0.43102193,-0.55983835,0
0.70189941,1.924291,0.041907072,0.70454931,0.48993874,0.5133909,0
0.0231269,-0.81941491,1.475414,-0.70767283,0.43102193,0.55983835,0
-1.25313,-0.14446169,-1.2430661,-0.70454931,-0.48993874,-0.5133909,0
1.1600018,-0.62438613,2.0354376,0.70454931,0.48993874,0.5133909,0
0.91304529,1.5539869,0.37824583,0.70454931,0.48993874,0.5133909,0
0.98774409,-0.17947179,1.5993023,0.70454931,0.48993874,0.5133909,0
0.25338319,1.792628,-0.88526106,-0.053003713,0.75774652,-0.65039253,0
-1.3888949,-0.45102733,-0.7451812,-0.70454931,-0.48993874,-0.5133909,0
-1.2463837,-1.4309655,0.31231987,-0.70767283,0.43102193,0.55983835,0
0.043650374,1.1912845,-0.035498977,-0.70767283,0.43102193,0.55983835,0
1.0323024,-0.78956354,2.2068286,0.053003713,-0.75774652,0.65039253,0
-1.1397629,-0.034588575,-1.5179675,-0.70454931,-0.48993874,-0.5133909,0
-0.038069487,-0.33558381,-0.64881712,0.70767283,-0.43102193,-0.55983835,0
0.65719372,1.770026,0.31357181,-0.70767283,0.43102193,0.55983835,0
-1.0452689,-1.3162773,-0.13437438,-0.70454931,-0.48993874,-0.5133909,0
0.87504971,-1.4541976,1.4529145,0.053003713,-0.75774652,0.65039253,0
0.72384709,0.86744857,0.92257142,0.70454931,0.48993874,0.5133909,0
-0.031129055,-1.9716978,0.88955259,0.053003713,-0.75774652,0.65039253,0
-0.75720739,1.3760631,-1.4938891,-0.053003713,0.75774652,-0.65039253,0
1.0982615,-0.50586867,0.85442829,0.70767283,-0.43102193,-0.55983835,0
0.18426445,-1.6782308,0.59072757,0.70767283,-0.43102193,-0.55983835,0
1.2671652,-1.1679859,1.7601678,0.053003713,-0.75774652,0.65039253,0
-0.37615088,-1.6672292,1.2382216,0.053003713,-0.75774652,0.65039253,0
1.2741686,0.66990632,0.39463609,0.70454931,0.48993874,0.5133909,0
-0.36486498,-1.571981,1.1772208,0.053003713,-0.75774652,0.65039253,0
1.1891673,-0.43276215,1.1068667,0.70767283,-0.43102193,-0.55983835,0
0.81253564,1.4542713,0.24786222,0.70454931,0.48993874,0.5133909,0
-1.3948894,0.90908313,-1.7107433,-0.70767283,0.43102193,0.55983835,0
0.58810377,-0.76823843,2.1284075,0.053003713,-0.75774652,0.65039253,0
1.2230824,1.714596,-0.53440011,0.70767283,-0.43102193,-0.55983835,0
0.67748028,-0.115145,0.14676526,0.70767283,-0.43102193,-0.55983835,0
0.97379977,1.4011807,0.19776297,0.70454931,0.48993874,0.5133909,0
1.0958076,1.1158521,0.16138887,0.70454931,0.48993874,0.5133909,0
-0.03099674,0.24814636,0.54568994,-0.70767283,0.43102193,0.55983835,0
-0.52525097,0.012246192,0.31715691,-0.70767283,0.43102193,0.55983835,0
0.51436955,2.1597388,-0.5884006,-0.053003713,0.75774652,-0.65039253,0
0.95210904,2.1258543,-0.22239232,0.70454931,0.48993874,0.5133909,0
-0.78759313,-2.267652,0.24145103,-0.70454931,-0.48993874,-0.5133909,0
0.99850655,2.1359172,-0.67352939,-0.053003713,0.75774652,-0.65039253,0
0.70302701,2.1101499,-0.14921737,0.70454931,0.48993874,0.5133909,0
-0.78315067,1.5846881,-1.226052,-0.053003713,0.75774652,-0.65039253,0
-0.53284287,1.6933639,-1.1353252,-0.053003713,0.75774652,-0.65039253,0
-0.75491244,-2.1182261,0.75202918,0.053003713,-0.75774652,0.65039253,0
-1.161998,-1.4605856,0.15478623,-0.70454931,-0.48993874,-0.5133909,0
-1.2808231,0.37388426,-1.6471434,-0.70454931,-0.48993874,-0.5133909,0
1.0434351,0.072911143,1.3607494,0.70454931,0.48993874,0.5133909,0
-0.61798221,-2.429914,0.3331635,0.053003713,-0.75774652,0.65039253,0
-1.1475078,-0.82024002,-0.63494831,-0.70454931,-0.48993874,-0.5133909,0
-1.0160464,-2.0785329,0.55643439,-0.70454931,-0.48993874,-0.5133909,0
-1.2427018,0.43966174,-1.7650763,-0.70454931,-0.48993874,-0.5133909,0
1.0153934,1.9349413,-0.88525319,-0.053003713,0.75774652,-0.65039253,0
-1.1788687,-0.59742779,-0.64711529,-0.70454931,-0.48993874,-0.5133909,0
-0.90508091,-0.43988931,0.072193831,-0.70767283,0.43102193,0.55983835,0
-1.2559322,-1.425698,0.11637926,-0.70454931,-0.48993874,-0.5133909,0
-0.33493829,-2.0871561,0.70915151,0.053003713,-0.75774652,0.65039253,0
-0.51566458,-0.60442698,0.62091011,-0.70767283,0.43102193,0.55983835,0
-0.42587876,1.3052851,-0.56503499,-0.70767283,0.43102193,0.55983835,0
1.030513,0.61382574,0.93952036,0.70454931,0.48993874,0.5133909,0
-0.65763158,-1.6381543,1.0797176,0.053003713,-0.75774652,0.65039253,0
1.2089673,-0.36442465,1.7141923,0.70454931,0.48993874,0.5133909,0
0.75057429,1.2393174,-1.0549074,0.70767283,-0.43102193,-0.55983835,0
0.043273687,-0.62178826,1.3291049,-0.70767283,0.43102193,0.55983835,0
-0.82226104,-0.00041782856,-1.7692935,-0.70454931,-0.48993874,-0.5133909,0
1.082063,-1.2158916,1.5431417,0.053003713,-0.75774652,0.65039253,0
-0.664096,1.5182025,-1.2699189,-0.053003713,0.75774652,-0.65039253,0
-0.82026756,-0.95354086,0.5210712,-0.70767283,0.43102193,0.55983835,0
1.1789004,1.6616405,-0.10485888,0.70454931,0.48993874,0.5133909,0
0.21640468,-1.3032459,1.3966566,0.053003713,-0.75774652,0.65039253,0
0.83557087,0.93802351,-0.53188986,0.70767283,-0.43102193,-0.55983835,0
-0.95656067,0.87051123,-2.0241566,-0.053003713,0.75774652,-0.65039253,0
-1.30788,0.87422907,-1.3502741,-0.70767283,0.43102193,0.55983835,0
-1.3364125,-1.075514,0.20779204,-0.70767283,0.43102193,0.55983835,0
-1.1007924,-1.0634527,-0.40439412,-0.70454931,-0.48993874,-0.5133909,0
-0.27717298,-1.4948566,1.2952315,0.053003713,-0.75774652,0.65039253,0
0.40558818,1.6977665,-1.1643546,-0.053003713,0.75774652,-0.65039253,0
-0.072085872,-1.8078651,0.82351184,0.053003713,-0.75774652,0.65039253,0
-1.1032499,-2.1349945,0.54017758,-0.70454931,-0.48993874,-0.5133909,0
0.66945279,-0.18465555,0.22074851,0.70767283,-0.43102193,-0.55983835,0
-0.14581449,0.15202355,0.48338124,-0.70767283,0.43102193,0.55983835,0
-0.74026209,-1.8622811,0.95076013,0.053003713,-0.75774652,0.65039253,0
0.30411083,1.374759,-1.5291486,-0.053003713,0.75774652,-0.65039253,0
1.2157221,1.7313521,-0.5665884,0.70454931,0.48993874,0.5133909,0
0.022853017,-1.2606765,0.026011467,0.70767283,-0.43102193,-0.55983835,0
-0.82976693,-2.3656347,0.28767371,-0.70454931,-0.48993874,-0.5133909,0
1.1567149,1.9022835,-0.65833199,0.70454931,0.48993874,0.5133909,0
0.44844118,1.0050055,0.54424608,-0.70767283,0.43102193,0.55983835,0
0.66145861,1.0401295,0.75275373,-0.70767283,0.43102193,0.55983835,0
-1.1773362,-1.7102646,0.45446837,-0.70454931,-0.48993874,-0.5133909,0
-0.93627965,-0.11675036,-0.12118338,-0.70767283,0.43102193,0.55983835,0
1.2887526,-0.084322616,0.96824855,0.70767283,-0.43102193,-0.55983835,0
1.0628411,1.3845079,0.19638336,0.70454931,0.48993874,0.5133909,0
-0.77398831,1.089799,-1.7491528,-0.053003713,0.75774652,-0.65039253,0
0.49820435,1.7709651,-0.99575758,-0.053003713,0.75774652,-0.65039253,0
0.63955575,-1.0704548,1.6677433,0.053003713,-0.75774652,0.65039253,0
-0.63613319,0.30300117,-1.7872912,0.70767283,-0.43102193,-0.55983835,0
-0.38246125,-0.78249502,-0.87641525,0.70767283,-0.43102193,-0.55983835,0
1.3707314,1.3939366,-0.31784797,0.70454931,0.48993874,0.5133909,0
0.020226538,-0.082004189,-0.97666359,0.70767283,-0.43102193,-0.55983835,0
-0.97386611,-2.2910571,0.59137225,-0.70454931,-0.48993874,-0.5133909,0
1.4072564,-0.68736053,1.5156996,0.70454931,0.48993874,0.5133909,0
0.89950484,0.39169931,1.3245327,0.70454931,0.48993874,0.5133909,0
-0.44724423,1.6061965,-1.2911875,-0.053003713,0.75774652,-0.65039253,0
0.29558712,-0.24202728,1.4986031,-0.70767283,0.43102193,0.55983835,0
0.92798209,1.3109443,0.47827435,0.70454931,0.48993874,0.5133909,0
-1.2525636,-1.778293,0.6372087,-0.70454931,-0.48993874,-0.5133909,0
-0.18103176,0.73096812,-1.7925346,0.70767283,-0.43102193,-0.55983835,0
-0.75171745,0.18898249,-1.9744349,-0.70454931,-0.48993874,-0.5133909,0
0.43077385,-1.1516454,1.5894161,0.053003713,-0.75774652,0.65039253,0
0.51192963,-0.31648695,1.7619038,-0.70767283,0.43102193,0.55983835,0
-1.2641382,0.74522281,-1.7162712,-0.70454931,-0.48993874,-0.5133909,0
0.9435432,0.69105768,1.0114007,0.70454931,0.48993874,0.5133909,0
0.98897755,-0.1048646,1.8272641,0.70454931,0.48993874,0.5133909,0
-0.0054502487,1.0729151,0.032513857,-0.70767283,0.43102193,0.55983835,0
-0.14344901,0.93016881,0.030686855,-0.70767283,0.43102193,0.55983835,0
-0.24794257,-1.7346232,1.0024803,0.053003713,-0.75774652,0.65039253,0
1.2105658,1.9755312,-0.90557075,0.70767283,-0.43102193,-0.55983835,0
0.65542108,-1.6173854,1.1667571,0.70767283,-0.43102193,-0.55983835,0
-0.44718719,0.14334881,-1.4771476,0.70767283,-0.43102193,-0.55983835,0
-1.2403594,-2.1060197,0.69040012,-0.70454931,-0.48993874,-0.5133909,0
0.6885457,1.5693018,0.30311286,0.70454931,0.48993874,0.5133909,0
-0.10695273,-2.1153061,0.62143588,0.053003713,-0.75774652,0.65039253,0
0.68142879,-1.2133029,0.85544467,0.70767283,-0.43102193,-0.55983835,0
0.44999009,1.5680788,-1.1456242,-0.053003713,0.75774652,-0.65039253,0
1.4261698,-0.21013193,1.2510724,0.70454931,0.48993874,0.5133909,0
0.53808123,1.7700182,-1.1615846,-0.053003713,0.75774652,-0.65039253,0
-0.15251398,-1.1969239,1.5892454,0.053003713,-0.75774652,0.65039253,0
0.4081057,1.8961926,-0.76911592,-0.053003713,0.75774652,-0.65039253,0
1.0426704,-1.0984585,1.8168199,0.053003713,-0.75774652,0.65039253,0
0.5808087,-0.42102587,1.9015825,-0.70767283,0.43102193,0.55983835,0
0.32395703,-0.89255869,1.9318501,0.053003713,-0.75774652,0.65039253,0
0.99106115,0.078948081,1.3831676,0.70454931,0.48993874,0.5133909,0
0.37222183,-0.70301425,-0.0035293102,0.70767283,-0.43102193,-0.55983835,0
-0.79176044,-0.91924357,-1.0170792,-0.70454931,-0.48993874,-0.5133909,0
1.1258364,1.0223008,0.4456929,0.70454931,0.48993874,0.5133909,0
0.10838135,-1.8820269,0.64459181,0.70767283,-0.43102193,-0.55983835,0
-0.74796957,-2.02967,0.2215476,-0.70454931,-0.48993874,-0.5133909,0
-0.43655008,0.13022053,-1.5945718,0.70767283,-0.43102193,-0.55983835,0
-1.2963415,-0.74646342,-0.61756945,-0.70454931,-0.48993874,-0.5133909,0
-0.79869068,0.75095958,-2.1164429,-0.053003713,0.75774652,-0.65039253,0
0.60159093,0.68299901,-0.68210238,0.70767283,-0.43102193,-0.55983835,0
-0.69053859,-1.7693985,1.1519794,0.053003713,-0.75774652,0.65039253,0
1.2760955,0.23985776,0.92935777,0.70454931,0.48993874,0.5133909,0
-0.32219303,-1.4541534,-0.069601059,0.70767283,-0.43102193,-0.55983835,0
0.99881375,1.9845543,-0.87156892,-0.053003713,0.75774652,-0.65039253,0
1.3789785,-0.20556581,1.3060174,0.70454931,0.48993874,0.5133909,0
0.87187779,-1.2948114,1.3446935,0.70767283,-0.43102193,-0.55983835,0
0.39671755,-0.78909469,2.078588,0.053003713,-0.75774652,0.65039253,0
0.038454264,-2.0142298,0.87788844,0.053003713,-0.75774652,0.65039253,0
-0.98520088,0.41348803,-1.8610475,-0.70454931,-0.48993874,-0.5133909,0
-0.99382412,1.2644107,-1.4869072,-0.70767283,0.43102193,0.55983835,0
0.72071636,0.023500919,1.8670739,0.70454931,0.48993874,0.5133909,0
0.21965756,2.0611916,-0.65273356,-0.053003713,0.75774652,-0.65039253,0
0.17147043,0.42054015,-1.0109169,0.70767283,-0.43102193,-0.55983835,0
-1.2175243,-1.0086979,-0.47456107,-0.70454931,-0.48993874,-0.5133909,0
0.30072471,-1.5889713,1.1145229,0.053003713,-0.75774652,0.65039253,0
-0.4273755,0.91014671,-0.46751261,-0.70767283,0.43102193,0.55983835,0
0.19133836,-1.6849481,1.1179419,0.053003713,-0.75774652,0.65039253,0
0.1904476,-1.8353168,0.94518924,0.053003713,-0.75774652,0.65039253,0
1.0897672,1.7247148,-0.24417758,0.70454931,0.48993874,0.5133909,0
1.2783693,0.75605768,0.61466902,0.70454931,0.48993874,0.5133909,0
1.2426984,-0.60051376,1.7839328,0.70454931,0.48993874,0.5133909,0
-0.90596819,-1.2274718,-0.56888199,-0.70454931,-0.48993874,-0.5133909,0
-1.0536213,0.47822928,-1.8685622,-0.70454931,-0.48993874,-0.5133909,0
0.52091002,2.4113491,-0.37678814,-0.053003713,0.75774652,-0.65039253,0
-0.52188742,0.31149018,0.038994908,-0.70767283,0.43102193,0.55983835,0
-1.2234967,-1.3020614,0.32475173,-0.70767283,0.43102193,0.55983835,0
0.78775454,0.30022967,1.5041863,0.70454931,0.48993874,0.5133909,0
-0.46991408,1.0055704,-1.8969989,-0.053003713,0.75774652,-0.65039253,0
-0.71957642,-0.84425974,-1.2135997,-0.70454931,-0.48993874,-0.5133909,0
0.95256841,-0.25937504,0.61332625,0.70767283,-0.43102193,-0.55983835,0
-0.96841758,0.69050944,-0.81331992,-0.70767283,0.43102193,0.55983835,0
-0.21689813,-1.6744987,1.0223358,0.053003713,-0.75774652,0.65039253,0
0.59600163,-1.2234271,0.84509182,0.70767283,-0.43102193,-0.55983835,0
-0.21299566,1.6684587,-0.79476047,-0.70767283,0.43102193,0.55983835,0
1.1428893,0.66969252,0.056875825,0.70767283,-0.43102193,-0.55983835,0
1.1979761,-0.72148097,1.8081504,0.70454931,0.48993874,0.5133909,0
1.3149529,1.4671164,-0.12916398,0.70454931,0.48993874,0.5133909,0
-0.77412647,-1.955817,0.1561377,-0.70454931,-0.48993874,-0.5133909,0
1.4525433,-0.58080393,1.5950963,0.70454931,0.48993874,0.5133909,0
-0.30893445,1.3595238,-0.43876207,-0.70767283,0.43102193,0.55983835,0
-1.172112,0.30802864,-1.786742,-0.70454931,-0.48993874,-0.5133909,0
-0.69032079,-2.2418377,0.38832307,0.053003713,-0.75774652,0.65039253,0
0.15800172,1.3021858,0.048771858,-0.70767283,0.43102193,0.55983835,0
-1.1552947,-0.16610223,-1.1970377,-0.70454931,-0.48993874,-0.5133909,0
1.18071,0.98845863,0.26374182,0.70454931,0.48993874,0.5133909,0
-1.4452834,-0.93500829,-0.086993873,-0.70454931,-0.48993874,-0.5133909,0
1.037284,2.3204675,-0.59305882,0.70454931,0.48993874,0.5133909,0
1.0027137,1.2653009,0.32463169,0.70454931,0.48993874,0.5133909,0
0.61251521,1.7474879,-0.94531488,-0.053003713,0.75774652,-0.65039253,0
0.44149143,1.5395724,-1.4475042,-0.053003713,0.75774652,-0.65039253,0
0.28216618,-1.7758813,0.83008051,0.053003713,-0.75774652,0.65039253,0
1.1163757,-0.90949261,1.9961809,0.053003713,-0.75774652,0.65039253,0
-1.0704708,-0.017012358,-1.5113955,-0.70454931,-0.48993874,-0.5133909,0
-0.28691337,-2.1509991,0.72303128,0.053003713,-0.75774652,0.65039253,0
-1.1805995,0.17258832,-0.80522454,-0.70767283,0.43102193,0.55983835,0
0.67774147,2.2162097,-0.25451684,0.70454931,0.48993874,0.5133909,0
1.0013931,1.319549,0.35571051,0.70454931,0.48993874,0.5133909,0
-0.96584517,0.59724689,-2.0827641,-0.70454931,-0.48993874,-0.5133909,0
0.87495136,-1.0055321,1.1308764,0.70767283,-0.43102193,-0.55983835,0
0.44018012,-0.55142754,-0.022317111,0.70767283,-0.43102193,-0.55983835,0
-1.2566154,-1.3243309,0.43361378,-0.70767283,0.43102193,0.55983835,0
-0.2465311,-1.6859853,1.0593786,0.053003713,-0.75774652,0.65039253,0
1.3999853,0.6143415,0.33848023,0.70767283,-0.43102193,-0.55983835,0
0.49695843,-0.51632088,0.20518881,0.70767283,-0.43102193,-0.55983835,0
-0.52531171,0.69068635,-2.1339986,0.70767283,-0.43102193,-0.55983835,0
0.0099062622,1.3473681,-0.18462634,-0.70767283,0.43102193,0.55983835,0
1.0263184,0.3188796,1.1928471,0.70454931,0.48993874,0.5133909,0
0.64176369,-0.53298503,0.36501861,0.70767283,-0.43102193,-0.55983835,0
-1.2715943,-0.26603162,-0.83052868,-0.70454931,-0.48993874,-0.5133909,0
0.78736842,-0.58791888,2.2734218,0.70454931,0.48993874,0.5133909,0
-0.94301039,1.2769458,-1.6468706,-0.053003713,0.75774652,-0.65039253,0
0.64818668,2.1646636,-0.4765439,-0.053003713,0.75774652,-0.65039253,0
0.5538342,0.49506563,-0.5119583,0.70767283,-0.43102193,-0.55983835,0
0.12512285,-0.50721639,1.4648671,-0.70767283,0.43102193,0.55983835,0
0.73648387,-1.1499423,0.8149271,0.70767283,-0.43102193,-0.55983835,0
0.066526145,1.7423203,-0.3677485,-0.70767283,0.43102193,0.55983835,0
0.81173456,1.909446,0.0011905432,0.70454931,0.48993874,0.5133909,0
1.2751433,1.5950757,-0.42453313,0.70454931,0.48993874,0.5133909,0
0.57071674,1.2264158,-0.98750293,0.70767283,-0.43102193,-0.55983835,0
-1.0616829,0.70841455,-2.0179477,-0.70454931,-0.48993874,-0.5133909,0
-0.87596595,-0.88737863,-0.92575145,-0.70454931,-0.48993874,-0.5133909,0
-0.58512586,-0.62665892,0.49007356,-0.70767283,0.43102193,0.55983835,0
0.24848521,-1.5875542,1.2499177,0.053003713,-0.75774652,0.65039253,0
-0.073275276,-2.1688275,0.57091904,0.70767283,-0.43102193,-0.55983835,0
0.31978509,0.29219294,-0.64831066,0.70767283,-0.43102193,-0.55983835,0
1.0577695,-0.073590018,0.61628377,0.70767283,-0.43102193,-0.55983835,0
-1.1924434,0.44529432,-1.7992616,-0.70454931,-0.48993874,-0.5133909,0
-1.3102791,0.83456981,-1.8889,-0.053003713,0.75774652,-0.65039253,0
0.57416779,-1.0630293,1.8809217,0.053003713,-0.75774652,0.65039253,0
1.0229954,0.82821256,-0.23072809,0.70767283,-0.43102193,-0.55983835,0
1.2167871,1.3020613,-0.48307157,0.70767283,-0.43102193,-0.55983835,0
0.64234,-1.1042352,1.8730347,0.053003713,-0.75774652,0.65039253,0
-1.3875163,0.98630196,-1.7627747,-0.053003713,0.75774652,-0.65039253,0
1.1815902,-0.53872645,1.8747158,0.70454931,0.48993874,0.5133909,0
-0.95638722,-2.1321406,0.45019794,-0.70454931,-0.48993874,-0.5133909,0
0.052173138,-1.4537019,1.446553,0.053003713,-0.75774652,0.65039253,0
0.028646469,-1.7333388,0.54680514,0.70767283,-0.43102193,-0.55983835,0
-0.53479481,-1.513074,-0.30574465,0.70767283,-0.43102193,-0.55983835,0
0.29676867,-0.46500406,-0.034051239,0.70767283,-0.43102193,-0.55983835,0
-1.3484271,-0.83214051,-0.20662025,-0.70454931,-0.48993874,-0.5133909,0
0.90753329,-0.085536122,1.8043777,0.70454931,0.48993874,0.5133909,0
-0.60877723,-0.46849561,-1.4420465,0.70767283,-0.43102193,-0.55983835,0
1.2069265,-1.1638038,1.4066383,0.70767283,-0.43102193,-0.55983835,0
0.81507963,1.7420913,0.21846902,0.70454931,0.48993874,0.5133909,0
0.015120638,-2.0468645,0.69327044,0.053003713,-0.75774652,0.65039253,0
-1.2653488,-0.18906888,-0.89545834,-0.70454931,-0.48993874,-0.5133909,0
0.081463575,-0.47726506,1.3133965,-0.70767283,0.43102193,0.55983835,0
0.94138551,1.6977741,-0.9245193,0.70767283,-0.43102193,-0.55983835,0
0.3633557,1.4667784,-1.4204357,-0.053003713,0.75774652,-0.65039253,0
0.84256077,1.8604711,-1.061904,-0.053003713,0.75774652,-0.65039253,0
0.046211809,-1.84378,0.87073946,0.053003713,-0.75774652,0.65039253,0
-0.83563757,-0.71196282,0.20661855,-0.70767283,0.43102193,0.55983835,0
0.45165569,1.5816518,-1.1290013,-0.053003713,0.75774652,-0.65039253,0
-0.14304942,1.5029109,-1.4266081,-0.053003713,0.75774652,-0.65039253,0
-0.83694905,-0.364568,-1.4721321,-0.70454931,-0.48993874,-0.5133909,0
0.37039697,-1.4875276,1.1882074,0.053003713,-0.75774652,0.65039253,0
-1.2366492,-1.7787225,0.30285549,-0.70454931,-0.48993874,-0.5133909,0
0.56633341,1.5666087,-1.2241589,-0.053003713,0.75774652,-0.65039253,0
1.1038425,0.95878083,-0.34995753,0.70767283,-0.43102193,-0.55983835,0
-0.0080869049,-1.95157,0.8656528,0.053003713,-0.75774652,0.65039253,0
1.2920386,1.5644283,-0.45044434,0.70454931,0.48993874,0.5133909,0
-0.88115293,-1.0878434,-0.76105499,-0.70454931,-0.48993874,-0.5133909,0
1.261465,0.45539069,0.6633755,0.70454931,0.48993874,0.5133909,0
1.1226909,-0.31299967,1.5752678,0.70454931,0.48993874,0.5133909,0
-0.68059194,1.2140132,-1.4860089,-0.053003713,0.75774652,-0.65039253,0
0.92675543,-1.3797021,1.180537,0.70767283,-0.43102193,-0.55983835,0
-0.63997638,-2.1933649,0.57903314,0.053003713,-0.75774652,0.65039253,0
0.32677552,2.1666749,-0.69737768,-0.053003713,0.75774652,-0.65039253,0
-0.93012798,-1.2700034,-0.43163615,-0.70454931,-0.48993874,-0.5133909,0
1.1776829,-0.8230539,1.9276701,0.053003713,-0.75774652,0.65039253,0
-1.2398492,-0.29008973,-0.35838276,-0.70767283,0.43102193,0.55983835,0
1.0444523,0.9725129,0.63517123,0.70454931,0.48993874,0.5133909,0
1.1919019,1.2028277,0.11795336,0.70454931,0.48993874,0.5133909,0
-0.61597067,-1.6108192,-0.4349122,0.70767283,-0.43102193,-0.55983835,0
-1.2404751,-1.8888998,0.58242464,-0.70454931,-0.48993874,-0.5133909,0
-0.55951947,-2.2617762,0.12925196,-0.70454931,-0.48993874,-0.5133909,0
1.2574437,1.3677739,-0.39956033,0.70767283,-0.43102193,-0.55983835,0
0.85597348,-1.1966411,1.6234021,0.053003713,-0.75774652,0.65039253,0
-0.23447783,0.30653775,0.44410473,-0.70767283,0.43102193,0.55983835,0
-1.1001732,-2.080631,0.60327029,-0.70454931,-0.48993874,-0.5133909,0
-0.58820313,-2.3323963,0.32210636,0.053003713,-0.75774652,0.65039253,0
0.86004126,1.4473342,0.44494927,0.70454931,0.48993874,0.5133909,0
0.025836857,2.0115006,-0.68600607,-0.053003713,0.75774652,-0.65039253,0
-0.2475217,0.93932307,-1.8642086,-0.053003713,0.75774652,-0.65039253,0
-1.1762902,-0.95509422,-0.42351097,-0.70454931,-0.48993874,-0.5133909,0
-1.0847893,-1.760685,0.12509918,-0.70454931,-0.48993874,-0.5133909,0
0.33459076,2.0626621,-0.59213042,-0.053003713,0.75774652,-0.65039253,0
-0.19025534,0.4363476,-1.5809054,0.70767283,-0.43102193,-0.55983835,0
0.26487476,0.077795744,1.2561933,-0.70767283,0.43102193,0.55983835,0
-0.86162984,-1.5562927,-0.075587749,-0.70454931,-0.48993874,-0.5133909,0
-0.048183799,-1.597797,1.269347,0.053003713,-0.75774652,0.65039253,0
-0.18087292,1.8694096,-0.93028092,-0.053003713,0.75774652,-0.65039253,0
0.75384516,2.235745,-0.23724222,0.70454931,0.48993874,0.5133909,0
0.66247356,-1.0542585,1.6992191,0.053003713,-0.75774652,0.65039253,0
0.13374062,1.6924032,-1.1437945,-0.053003713,0.75774652,-0.65039253,0
0.82895762,-1.1769949,1.2374495,0.70767283,-0.43102193,-0.55983835,0
-0.40182751,-1.73967,1.0612366,0.053003713,-0.75774652,0.65039253,0
0.94188488,1.647952,0.099658012,0.70454931,0.48993874,0.5133909,0
0.40342867,1.1278118,-1.1994164,0.70767283,-0.43102193,-0.55983835,0
-0.59953934,-2.1133211,0.74641824,0.053003713,-0.75774652,0.65039253,0
0.053454697,0.95629412,-1.7055887,0.70767283,-0.43102193,-0.55983835,0
1.4010503,-0.11177236,1.2449452,0.70454931,0.48993874,0.5133909,0
-1.2020469,-0.34850281,-1.047096,-0.70454931,-0.48993874,-0.5133909,0
-1.0885804,-1.6903265,0.079533339,-0.70454931,-0.48993874,-0.5133909,0
-1.3889146,0.15673372,-1.0340033,-0.70454931,-0.48993874,-0.5133909,0
-1.1736213,-1.2944096,0.11789989,-0.70454931,-0.48993874,-0.5133909,0
0.32698545,-1.7108493,0.97781396,0.053003713,-0.75774652,0.65039253,0
0.59813327,-1.0373139,1.8787589,0.053003713,-0.75774652,0.65039253,0
-0.70195389,0.67428154,-0.53646398,-0.70767283,0.43102193,0.55983835,0
1.4074477,-0.34463352,1.5095851,0.70454931,0.48993874,0.5133909,0
-0.010035813,0.49436307,0.43813443,-0.70767283,0.43102193,0.55983835,0
0.51649147,1.1943067,-1.2767234,0.70767283,-0.43102193,-0.55983835,0
-1.0579977,-1.7322739,1.0298828,-0.70767283,0.43102193,0.55983835,0
0.030917764,0.13177556,0.84997427,-0.70767283,0.43102193,0.55983835,0
0.80469269,-1.2908801,1.5609007,0.053003713,-0.75774652,0.65039253,0
0.57239133,1.5008786,-1.4247283,-0.053003713,0.75774652,-0.65039253,0
-1.000824,-0.9863596,0.40953875,-0.70767283,0.43102193,0.55983835,0
0.37417138,-1.007214,0.26564705,0.70767283,-0.43102193,-0.55983835,0
-0.54322815,-1.5850039,1.2705512,0.053003713,-0.75774652,0.65039253,0
-0.56612241,-1.6097069,-0.41662276,0.70767283,-0.43102193,-0.55983835,0
1.1320771,1.0072477,0.45312071,0.70454931,0.48993874,0.5133909,0
0.82458025,1.1138167,0.7529093,0.70454931,0.48993874,0.5133909,0
0.29943591,-0.41332355,-0.26835763,0.70767283,-0.43102193,-0.55983835,0
-1.4016776,-0.44992751,-0.59358519,-0.70767283,0.43102193,0.55983835,0
-1.2080761,-1.4577906,-0.017243147,-0.70454931,-0.48993874,-0.5133909,0
-0.93135667,-0.12551261,-0.29974398,-0.70767283,0.43102193,0.55983835,0
-1.25196,1.0862536,-1.5852553,-0.70767283,0.43102193,0.55983835,0
-0.22940892,-1.8462441,0.99807167,0.053003713,-0.75774652,0.65039253,0
0.29972476,-1.2264147,1.4693283,0.053003713,-0.75774652,0.65039253,0
0.47782528,0.009962678,1.3177702,-0.70767283,0.43102193,0.55983835,0
-1.1859908,-1.9280469,0.62230957,-0.70454931,-0.48993874,-0.5133909,0
-0.8546685,0.44419539,-2.1943054,-0.70454931,-0.48993874,-0.5133909,0
-1.0220342,1.1671045,-1.2583205,-0.70767283,0.43102193,0.55983835,0
1.2454226,1.6837242,-0.23877037,0.70454931,0.48993874,0.5133909,0
0.047967583,1.0635084,0.28796178,-0.70767283,0.43102193,0.55983835,0
-0.23797435,-0.031556487,-1.3267381,0.70767283,-0.43102193,-0.55983835,0
0.23305005,-0.68678367,-0.18892807,0.70767283,-0.43102193,-0.55983835,0
0.35386842,-0.99167174,0.23767197,0.70767283,-0.43102193,-0.55983835,0
-0.80569792,-0.40344673,0.29325333,-0.70767283,0.43102193,0.55983835,0
-0.71706343,0.89423555,-2.0988569,-0.053003713,0.75774652,-0.65039253,0
0.8875522,-0.2965194,1.8812122,0.70454931,0.48993874,0.5133909,0
-0.36187994,-0.90816587,-0.81915587,0.70767283,-0.43102193,-0.55983835,0
-0.58625072,0.8859095,-0.6334368,-0.70767283,0.43102193,0.55983835,0
-0.044011414,1.2946612,-1.7165481,-0.053003713,0.75774652,-0.65039253,0
-1.2022214,-1.8736358,0.47557783,-0.70454931,-0.48993874,-0.5133909,0
-0.35379958,0.52072442,-0.03664881,-0.70767283,0.43102193,0.55983835,0
1.0778995,-0.70332158,1.9221289,0.70454931,0.48993874,0.5133909,0
0.90175301,-0.18801527,0.49099869,0.70767283,-0.43102193,-0.55983835,0
-0.053168833,-0.28793985,-0.84300959,0.70767283,-0.43102193,-0.55983835,0
-1.1315796,-0.59199607,-0.80782425,-0.70454931,-0.48993874,-0.5133909,0
-1.4109848,1.0947133,-1.7596219,-0.053003713,0.75774652,-0.65039253,0
0.68998575,0.12611771,1.7790204,0.70454931,0.48993874,0.5133909,0
0.037584126,0.024770439,-0.84739172,0.70767283,-0.43102193,-0.55983835,0
0.79302168,-0.068732142,1.877538,0.70454931,0.48993874,0.5133909,0
-0.79770106,-1.5608742,-0.3695724,-0.70454931,-0.48993874,-0.5133909,0
-1.008773,1.2542609,-1.5618172,-0.053003713,0.75774652,-0.65039253,0
0.81097746,2.1178863,-0.72509122,-0.053003713,0.75774652,-0.65039253,0
1.0789733,-0.69246346,2.0467997,0.70454931,0.48993874,0.5133909,0
-1.128702,0.86310929,-2.1231842,-0.053003713,0.75774652,-0.65039253,0
0.025986195,0.47418869,-1.321372,0.70767283,-0.43102193,-0.55983835,0
-0.82636774,-1.2632868,-0.48736775,-0.70454931,-0.48993874,-0.5133909,0
-0.71462387,0.91801685,-0.62590826,-0.70767283,0.43102193,0.55983835,0
0.89402664,2.2782016,-0.53948498,-0.053003713,0.75774652,-0.65039253,0
-0.21780442,0.72364229,-0.08099699,-0.70767283,0.43102193,0.55983835,0
-0.51641357,-2.0295994,0.82686114,0.053003713,-0.75774652,0.65039253,0
0.29198235,-1.7327373,0.99815679,0.053003713,-0.75774652,0.65039253,0
0.30754465,1.1555051,-1.3875035,0.70767283,-0.43102193,-0.55983835,0
-1.1455624,1.0396301,-1.7757344,-0.053003713,0.75774652,-0.65039253,0
-0.66660607,-2.187016,0.074304581,-0.70454931,-0.48993874,-0.5133909,0
-1.0105269,1.2503717,-1.6689551,-0.053003713,0.75774652,-0.65039253,0
-0.15564662,-0.96002984,-0.25005901,0.70767283,-0.43102193,-0.55983835,0
-1.2127954,1.1244491,-1.6732333,-0.053003713,0.75774652,-0.65039253,0
0.18847314,0.088993311,-0.76193947,0.70767283,-0.43102193,-0.55983835,0
-0.28426558,1.5328155,-1.3922155,-0.053003713,0.75774652,-0.65039253,0
-0.87262392,-1.8327234,0.203848,-0.70454931,-0.48993874,-0.5133909,0
-1.2921183,-2.0836754,0.82280922,0.053003713,-0.75774652,0.65039253,0
0.94271576,0.39687288,1.3747431,0.70454931,0.48993874,0.5133909,0
-0.73608446,0.091624081,-0.13142139,-0.70767283,0.43102193,0.55983835,0
-0.12493761,-1.7108552,1.0917132,0.053003713,-0.75774652,0.65039253,0
0.92866027,-0.47359979,2.2054939,0.70454931,0.48993874,0.5133909,0
1.0865757,0.88157189,-0.066937029,0.70767283,-0.43102193,-0.55983835,0
-0.73053902,-1.4999671,-0.59065568,-0.70454931,-0.48993874,-0.5133909,0
-0.59638172,0.12259293,-1.5868309,0.70767283,-0.43102193,-0.55983835,0
0.97527826,1.5324014,0.19475627,0.70454931,0.48993874,0.5133909,0
1.2009561,2.025605,-0.76808619,0.70454931,0.48993874,0.5133909,0
-1.2903216,0.47423121,-1.5718969,-0.70454931,-0.48993874,-0.5133909,0
0.6753664,1.6454765,-1.2497854,-0.053003713,0.75774652,-0.65039253,0
-0.94764942,0.53540736,-0.60990441,-0.70767283,0.43102193,0.55983835,0
0.020074069,-1.3577439,0.0043705702,0.70767283,-0.43102193,-0.55983835,0
-0.74918687,-1.8670793,0.80970883,0.053003713,-0.75774652,0.65039253,0
-0.041548103,-1.4566026,0.042886138,0.70767283,-0.43102193,-0.55983835,0
-0.38093635,0.81238031,-0.18536413,-0.70767283,0.43102193,0.55983835,0
-0.97328001,0.20865357,-1.898982,-0.70454931,-0.48993874,-0.5133909,0
0.70808023,-0.29294029,0.39537269,0.70767283,-0.43102193,-0.55983835,0
-0.36503983,-1.8149176,0.85676098,0.053003713,-0.75774652,0.65039253,0
0.89010346,-0.82797933,0.77689314,0.70767283,-0.43102193,-0.55983835,0
0.80375838,-1.2138035,1.7482258,0.053003713,-0.75774652,0.65039253,0
-1.1904533,0.89864343,-1.2564509,-0.70767283,0.43102193,0.55983835,0
0.039857686,0.14356607,-0.97539508,0.70767283,-0.43102193,-0.55983835,0
-0.78438008,-1.6219621,1.2319965,-0.70767283,0.43102193,0.55983835,0
-1.0940138,-1.4073975,0.07837534,-0.70454931,-0.48993874,-0.5133909,0
0.7602092,0.93398279,-0.68744183,0.70767283,-0.43102193,-0.55983835,0
-1.3758199,-0.20945466,-0.85344034,-0.70454931,-0.48993874,-0.5133909,0
-0.72555906,-1.522064,-0.63140762,-0.70454931,-0.48993874,-0.5133909,0
0.82158113,-0.25564814,2.0492125,-0.70767283,0.43102193,0.55983835,0
0.085466415,0.13501936,-0.81608605,0.70767283,-0.43102193,-0.55983835,0
-0.025229111,-2.0295439,0.71819472,0.053003713,-0.75774652,0.65039253,0
-1.0548656,-0.58083552,-0.95027912,-0.70454931,-0.48993874,-0.5133909,0
0.83883119,2.3908448,-0.43715453,0.70454931,0.48993874,0.5133909,0
-0.34029275,0.21555912,-1.3175075,0.70767283,-0.43102193,-0.55983835,0
-0.049299896,1.071275,-1.7228173,-0.053003713,0.75774652,-0.65039253,0
0.58899665,-0.26579547,-0.1053175,0.70767283,-0.43102193,-0.55983835,0
-0.91755784,0.12610948,-1.6490219,-0.70454931,-0.48993874,-0.5133909,0
-0.026366115,-1.1347404,1.7731477,0.053003713,-0.75774652,0.65039253,0
1.0117688,0.77861214,-0.21451056,0.70767283,-0.43102193,-0.55983835,0
-0.095749557,-1.1087587,1.6437624,0.053003713,-0.75774652,0.65039253,0
-0.68211848,0.99218065,-1.8601338,-0.053003713,0.75774652,-0.65039253,0
-0.88582438,1.2606471,-1.5247121,-0.053003713,0.75774652,-0.65039253,0
0.7777946,-0.5107218,2.1339905,-0.70767283,0.43102193,0.55983835,0
-0.16535556,1.72058,-1.1073892,-0.053003713,0.75774652,-0.65039253,0
0.5753932,-0.063688874,1.5894544,-0.70767283,0.43102193,0.55983835,0
-0.0073186159,1.1688058,0.11170268,-0.70767283,0.43102193,0.55983835,0
-0.86137438,0.34153068,-2.11042,-0.70454931,-0.48993874,-0.5133909,0
0.83530068,1.6776865,-0.97655272,0.70767283,-0.43102193,-0.55983835,0
1.2482996,0.25792474,0.9233222,0.70454931,0.48993874,0.5133909,0
-0.087325454,-1.1811589,-0.059144139,0.70767283,-0.43102193,-0.55983835,0
0.94239318,1.5362761,0.15757024,0.70454931,0.48993874,0.5133909,0
-1.3514183,0.20649648,-1.4405711,-0.70454931,-0.48993874,-0.5133909,0
-0.40252054,1.6649642,-0.99526072,-0.053003713,0.75774652,-0.65039253,0
0.37294137,1.4568434,-1.3086342,-0.053003713,0.75774652,-0.65039253,0
-1.191968,-0.38884768,-0.26779404,-0.70767283,0.43102193,0.55983835,0
-0.66245389,-1.9529018,0.85935354,0.053003713,-0.75774652,0.65039253,0
0.2645334,1.2509488,0.13968933,-0.70767283,0.43102193,0.55983835,0
1.3297048,1.4813405,-0.23582017,0.70454931,0.48993874,0.5133909,0
-0.058941483,1.4456948,-0.40692687,-0.70767283,0.43102193,0.55983835,0
-0.72081029,1.3409574,-0.96760154,-0.70767283,0.43102193,0.55983835,0
-0.50809848,-2.0318873,0.86801052,0.053003713,-0.75774652,0.65039253,0
0.18663043,-1.8358047,0.83969712,0.053003713,-0.75774652,0.65039253,0
-0.31241164,-1.8461733,0.95974398,0.053003713,-0.75774652,0.65039253,0
0.51269573,-0.43209219,1.7992028,-0.70767283,0.43102193,0.55983835,0
0.40852976,-1.0492717,1.7985591,0.053003713,-0.75774652,0.65039253,0
0.28358519,-1.5570251,1.2114749,0.053003713,-0.75774652,0.65039253,0
0.014974475,1.0308893,-1.5921592,0.70767283,-0.43102193,-0.55983835,0
-1.1915692,0.65474081,-2.0881758,-0.70454931,-0.48993874,-0.5133909,0
0.35813853,1.8143356,-0.20052767,-0.70767283,0.43102193,0.55983835,0
1.4199667,-0.05535534,1.1519959,0.70454931,0.48993874,0.5133909,0
1.1592391,1.9316056,-0.65163481,0.70454931,0.48993874,0.5133909,0
-0.38072187,-1.9294395,0.7476418,0.053003713,-0.75774652,0.65039253,0
-0.51221484,-1.7331696,0.95333838,0.053003713,-0.75774652,0.65039253,0
0.75476849,1.8759786,-1.0204835,-0.053003713,0.75774652,-0.65039253,0
-0.62737954,-0.73883271,-1.1689782,-0.70454931,-0.48993874,-0.5133909,0
-0.27065706,-1.7868164,0.20193553,0.70767283,-0.43102193,-0.55983835,0
-0.83518744,0.70168924,-2.2440901,-0.053003713,0.75774652,-0.65039253,0
-0.57188559,-2.4061983,0.38773322,0.053003713,-0.75774652,0.65039253,0
1.164511,-0.51540816,1.6941783,0.70454931,0.48993874,0.5133909,0
-0.1659198,-1.7289616,1.1300437,0.053003713,-0.75774652,0.65039253,0
0.27200752,0.76915497,0.75018799,-0.70767283,0.43102193,0.55983835,0
0.83815271,1.7470958,-1.1450452,-0.053003713,0.75774652,-0.65039253,0
1.0902287,2.2883487,-0.64490652,-0.053003713,0.75774652,-0.65039253,0
0.28022826,0.65240216,0.57648718,-0.70767283,0.43102193,0.55983835,0
0.73868716,2.1120489,-0.81136775,-0.053003713,0.75774652,-0.65039253,0
-0.84347343,0.94492084,-2.0413921,-0.053003713,0.75774652,-0.65039253,0
1.1022977,1.5182774,0.13021982,0.70454931,0.48993874,0.5133909,0
0.61203694,1.7305051,-0.98569417,-0.053003713,0.75774652,-0.65039253,0
-0.85112882,0.34697473,-1.9906905,-0.70454931,-0.48993874,-0.5133909,0
-0.55212641,-2.2570868,0.60956955,0.053003713,-0.75774652,0.65039253,0
0.86324739,0.007722497,1.626611,0.70454931,0.48993874,0.5133909,0
-1.0773132,0.053634644,-1.3312681,-0.70454931,-0.48993874,-0.5133909,0
1.3672143,-0.10382962,1.0755805,0.70454931,0.48993874,0.5133909,0
0.11990455,-1.8945695,0.95991921,0.053003713,-0.75774652,0.65039253,0
-0.37070894,-1.4323959,-0.31321657,0.70767283,-0.43102193,-0.55983835,0
-0.53740382,0.69658864,-2.0678437,0.70767283,-0.43102193,-0.55983835,0
0.36788607,0.99054837,-1.1842792,0.70767283,-0.43102193,-0.55983835,0
-1.3538458,-1.3019893,0.01654923,-0.70454931,-0.48993874,-0.5133909,0
0.98982787,-1.0917996,1.5690984,0.053003713,-0.75774652,0.65039253,0
-0.60602844,-1.5476172,1.2447745,0.053003713,-0.75774652,0.65039253,0
-0.42067188,0.89612132,-1.9305888,-0.053003713,0.75774652,-0.65039253,0
1.3449521,-0.95099175,1.9098103,0.053003713,-0.75774652,0.65039253,0
0.58591682,0.80680525,1.1628764,-0.70767283,0.43102193,0.55983835,0
-0.41697377,0.064073205,-1.3709408,0.70767283,-0.43102193,-0.55983835,0
-0.18636727,-1.5305375,1.3314718,0.053003713,-0.75774652,0.65039253,0
0.72559047,1.2753112,0.57717156,0.70454931,0.48993874,0.5133909,0
-1.1731706,-2.0958872,0.77412891,0.053003713,-0.75774652,0.65039253,0
0.93280345,0.27915859,1.204566,0.70454931,0.48993874,0.5133909,0
-1.4098499,-0.12123571,-0.81213319,-0.70454931,-0.48993874,-0.5133909,0
1.1713676,-0.4097693,0.94999689,0.70767283,-0.43102193,-0.55983835,0
0.038598895,-0.023345828,0.85527372,-0.70767283,0.43102193,0.55983835,0
-0.52219939,0.94681501,-1.8724378,-0.053003713,0.75774652,-0.65039253,0
-0.69177359,0.93160683,-1.8262304,-0.053003713,0.75774652,-0.65039253,0
-0.9364804,-1.2664285,0.57640648,-0.70767283,0.43102193,0.55983835,0
-0.2720629,-1.6149486,1.1123567,0.053003713,-0.75774652,0.65039253,0
-0.79470062,1.1159792,-1.6363187,-0.053003713,0.75774652,-0.65039253,0
1.1256936,-0.79908741,2.1958313,0.053003713,-0.75774652,0.65039253,0
-0.26360756,-0.67487288,1.1585033,-0.70767283,0.43102193,0.55983835,0
0.26106325,-0.068289578,-0.44289714,0.70767283,-0.43102193,-0.55983835,0
-0.73594379,-0.34069061,-1.6424295,-0.70454931,-0.48993874,-0.5133909,0
1.5228899,-1.0454212,1.8831737,0.053003713,-0.75774652,0.65039253,0
-1.0594709,0.61242598,-2.0835531,-0.70454931,-0.48993874,-0.5133909,0
0.94103682,-0.98355722,1.7517743,0.053003713,-0.75774652,0.65039253,0
0.80597025,-0.78084725,2.0604849,0.053003713,-0.75774652,0.65039253,0
-0.7143001,-2.162322,0.61821318,0.053003713,-0.75774652,0.65039253,0
-0.13658446,0.42786312,0.46867853,-0.70767283,0.43102193,0.55983835,0
-1.2700906,-0.46427274,-0.7610659,-0.70454931,-0.48993874,-0.5133909,0
-1.3902783,1.0867995,-1.7904848,-0.053003713,0.75774652,-0.65039253,0
-0.97056544,-0.16427362,-1.5575664,-0.70454931,-0.48993874,-0.5133909,0
-0.075724721,1.0487462,-1.6397953,0.70767283,-0.43102193,-0.55983835,0
-0.90196902,-2.2637682,0.42716384,-0.70454931,-0.48993874,-0.5133909,0
0.21264671,-0.40304697,-0.42848924,0.70767283,-0.43102193,-0.55983835,0
-0.78911316,-0.92202866,0.66118431,-0.70767283,0.43102193,0.55983835,0
-0.30984056,-0.071913123,-1.1894195,0.70767283,-0.43102193,-0.55983835,0
-0.54793441,-1.9624796,0.82068062,0.053003713,-0.75774652,0.65039253,0
-0.14414501,-1.2630844,1.4636589,0.053003713,-0.75774652,0.65039253,0
-0.93070644,1.0901707,-1.6365469,-0.053003713,0.75774652,-0.65039253,0
-1.1180589,0.93158746,-2.006557,-0.053003713,0.75774652,-0.65039253,0
0.80332959,-0.63711762,2.2836437,0.053003713,-0.75774652,0.65039253,0
1.3261052,0.89575601,0.13797721,0.70454931,0.48993874,0.5133909,0
0.82495326,1.6052694,0.37927127,0.70454931,0.48993874,0.5133909,0
-0.15645075,0.20569932,-1.4095258,0.70767283,-0.43102193,-0.55983835,0
1.2414078,1.8679442,-0.41273713,0.70454931,0.48993874,0.5133909,0
1.1195652,2.0963371,-0.49857259,0.70454931,0.48993874,0.5133909,0
-0.76716316,-2.0059884,0.67552209,0.053003713,-0.75774652,0.65039253,0
0.92475176,-0.12879312,1.9145765,0.70454931,0.48993874,0.5133909,0
1.1820339,0.75944465,0.4576689,0.70454931,0.48993874,0.5133909,0
-0.83072001,-0.90660155,0.67107958,-0.70767283,0.43102193,0.55983835,0
1.1817435,0.94462514,-0.18951118,0.70767283,-0.43102193,-0.55983835,0
-0.59186459,-2.0157862,-0.062331915,-0.70454931,-0.48993874,-0.5133909,0
1.1395727,-0.87473291,2.0002275,0.053003713,-0.75774652,0.65039253,0
-1.1280725,-1.8688354,0.49440897,-0.70454931,-0.48993874,-0.5133909,0
