-0.19190094,1.9960513,0.03405714,-0.069596797,0.97663844,-0.20330739,0
0.3415288,-2.1480305,-0.79285324,0.069596797,-0.97663844,0.20330739,0
-0.036502957,-1.9389285,0.74025834,0.069596797,-0.97663844,0.20330739,0
1.1717441,-1.6620853,-1.4495611,0.4964118,-0.14287078,-0.85624969,0
0.48869252,0.87128097,-2.1308184,0.4964118,-0.14287078,-0.85624969,0
-0.86468697,0.25919038,1.7970238,-0.4964118,0.14287078,0.85624969,0
0.8624872,0.16918021,-0.63338178,0.86529291,0.1605162,0.4748714,0
-0.25997248,1.9628148,-0.07309413,-0.069596797,0.97663844,-0.20330739,0
-1.4405568,1.2471576,1.2870446,-0.4964118,0.14287078,0.85624969,0
0.52096677,-2.0027862,-0.22742176,0.069596797,-0.97663844,0.20330739,0
0.59438276,-0.36573711,-1.9159546,0.4964118,-0.14287078,-0.85624969,0
0.6929605,-2.0389345,0.078145504,0.069596797,-0.97663844,0.20330739,0
-0.77035046,1.6146076,1.7271059,-0.4964118,0.14287078,0.85624969,0
0.1070388,-0.6993705,-0.91985619,-0.86529291,-0.1605162,-0.4748714,0
0.23463607,1.5487381,-2.0993025,-0.86529291,-0.1605162,-0.4748714,0
0.24502449,-2.0532036,-0.31720841,0.069596797,-0.97663844,0.20330739,0
1.2538772,-1.9448065,-1.2165978,0.4964118,-0.14287078,-0.85624969,0
-0.87927961,-1.1192212,2.0932574,-0.4964118,0.14287078,0.85624969,0
-0.76833689,-0.86145914,0.72020429,-0.86529291,-0.1605162,-0.4748714,0
0.78513944,-1.9167157,-1.644841,0.4964118,-0.14287078,-0.85624969,0
0.42680216,0.52032375,-2.0733163,-0.86529291,-0.1605162,-0.4748714,0
0.78254628,-0.80457538,-1.8190032,0.4964118,-0.14287078,-0.85624969,0
0.7916708,-1.9057065,-1.5174246,0.4964118,-0.14287078,-0.85624969,0
0.70499086,1.5458667,-2.178978,-0.069596797,0.97663844,-0.20330739,0
-0.61274529,1.9519331,-0.12466526,-0.069596797,0.97663844,-0.20330739,0
-1.3526688,-0.15024102,1.5148036,-0.4964118,0.14287078,0.85624969,0
-0.35217994,-2.0344336,0.38707614,-0.86529291,-0.1605162,-0.4748714,0
0.038400292,1.7125444,-1.1977736,-0.069596797,0.97663844,-0.20330739,0
0.18171155,-1.3738089,1.2721031,0.86529291,0.1605162,0.4748714,0
-0.79259765,-1.0871134,0.91272241,-0.86529291,-0.1605162,-0.4748714,0
0.79115516,-1.7772298,0.26132751,0.86529291,0.1605162,0.4748714,0
-0.8639338,-1.397542,2.0685744,-0.4964118,0.14287078,0.85624969,0
-0.20769858,-2.1160998,0.18005323,0.069596797,-0.97663844,0.20330739,0
-0.80410528,1.2852485,1.7442908,-0.4964118,0.14287078,0.85624969,0
0.98924124,-1.6476033,-1.4411199,0.4964118,-0.14287078,-0.85624969,0
-0.081024766,-0.15012486,1.2569494,0.86529291,0.1605162,0.4748714,0
1.1594362,-2.2967963,-1.3111149,0.069596797,-0.97663844,0.20330739,0
0.6669383,0.30460387,-2.0716703,0.4964118,-0.14287078,-0.85624969,0
-0.7687909,1.357784,-0.12151766,-0.86529291,-0.1605162,-0.4748714,0
-0.5454452,1.8282022,1.4895113,0.86529291,0.1605162,0.4748714,0
-0.035058334,-1.8990294,-0.52069092,-0.86529291,-0.1605162,-0.4748714,0
0.58237648,-2.1208138,-0.14069724,0.069596797,-0.97663844,0.20330739,0
-0.67757559,-0.88542068,2.0989759,-0.4964118,0.14287078,0.85624969,0
0.8707515,-2.2573633,-0.84990692,0.069596797,-0.97663844,0.20330739,0
0.82420444,1.6372199,-2.0658031,0.4964118,-0.14287078,-0.85624969,0
0.0093986988,-1.7721041,1.752176,0.069596797,-0.97663844,0.20330739,0
0.66024899,-0.74911892,-1.877472,0.4964118,-0.14287078,-0.85624969,0
-1.1205964,0.92455703,1.5406249,-0.4964118,0.14287078,0.85624969,0
-0.74398935,0.72601753,-0.13857138,-0.86529291,-0.1605162,-0.4748714,0
-0.51321578,-0.16683316,1.9706764,-0.4964118,0.14287078,0.85624969,0
-0.65617847,-0.20850906,2.0354147,-0.4964118,0.14287078,0.85624969,0
-0.18549001,-1.8174572,0.71535778,0.069596797,-0.97663844,0.20330739,0
0.27747774,1.8465215,-1.0653363,-0.069596797,0.97663844,-0.20330739,0
0.17093357,-2.1958632,-0.42354965,0.069596797,-0.97663844,0.20330739,0
1.1687559,-1.906123,-1.4164151,0.4964118,-0.14287078,-0.85624969,0
0.78217602,-0.12043989,-1.9600339,0.4964118,-0.14287078,-0.85624969,0
0.061059952,-1.3770275,1.5782377,0.86529291,0.1605162,0.4748714,0
-1.267894,-0.59189838,1.6033839,-0.4964118,0.14287078,0.85624969,0
0.53427815,1.790104,-1.7953669,-0.069596797,0.97663844,-0.20330739,0
-0.47646904,-0.0081991851,1.7492758,0.86529291,0.1605162,0.4748714,0
-0.7959826,2.0681944,0.53099358,-0.069596797,0.97663844,-0.20330739,0
0.087271571,1.6681998,-1.3773741,-0.069596797,0.97663844,-0.20330739,0
-0.54347968,1.9452442,-0.61367369,-0.069596797,0.97663844,-0.20330739,0
0.66706777,1.215398,-2.0820272,0.4964118,-0.14287078,-0.85624969,0
-0.9896813,1.6545186,0.27002382,-0.86529291,-0.1605162,-0.4748714,0
0.66572654,-1.9261466,0.16506004,0.069596797,-0.97663844,0.20330739,0
0.68992853,1.4471642,-2.0992651,0.4964118,-0.14287078,-0.85624969,0
0.45008111,1.7927011,-1.8333595,-0.069596797,0.97663844,-0.20330739,0
-0.83384728,-1.0976385,2.0600753,-0.4964118,0.14287078,0.85624969,0
-1.5158657,1.5087672,1.2183883,-0.4964118,0.14287078,0.85624969,0
0.66466284,1.2770382,-2.1894813,0.4964118,-0.14287078,-0.85624969,0
0.85436416,-2.0667274,-0.0628407,0.069596797,-0.97663844,0.20330739,0
1.5577085,-1.0776223,-1.2557366,0.86529291,0.1605162,0.4748714,0
-0.86009264,-1.0746018,1.9744152,-0.4964118,0.14287078,0.85624969,0
1.2293417,0.30776262,-1.7391691,0.4964118,-0.14287078,-0.85624969,0
-1.4969628,2.1384509,0.88123465,-0.86529291,-0.1605162,-0.4748714,0
0.50670731,1.6443224,-0.45530665,0.86529291,0.1605162,0.4748714,0
0.97745252,-1.6454566,-0.18406272,0.86529291,0.1605162,0.4748714,0
-0.61870462,0.41285747,0.12368882,-0.86529291,-0.1605162,-0.4748714,0
-1.1512359,0.71501887,1.5432552,-0.4964118,0.14287078,0.85624969,0
-0.049018025,1.3503109,-1.2287906,-0.86529291,-0.1605162,-0.4748714,0
-1.3826286,0.75418037,1.4768078,-0.4964118,0.14287078,0.85624969,0
-0.54610318,2.0555825,-0.10210991,-0.069596797,0.97663844,-0.20330739,0
0.68382728,-0.14819324,-0.063601226,0.86529291,0.1605162,0.4748714,0
-1.1604687,1.2174171,1.5722091,-0.4964118,0.14287078,0.85624969,0
0.72581124,0.13992089,-1.8565869,0.4964118,-0.14287078,-0.85624969,0
0.23214924,1.8262199,-0.69700599,-0.069596797,0.97663844,-0.20330739,0
0.51175833,0.44562322,-2.1864994,0.4964118,-0.14287078,-0.85624969,0
-1.2574296,-0.5614872,1.6954523,-0.4964118,0.14287078,0.85624969,0
0.91676337,-2.1821697,-1.0164231,0.069596797,-0.97663844,0.20330739,0
1.4531424,-2.1998849,-1.0717568,0.069596797,-0.97663844,0.20330739,0
-1.3879386,1.1120511,1.1798309,-0.86529291,-0.1605162,-0.4748714,0
0.31026608,1.7485251,-0.017993212,0.86529291,0.1605162,0.4748714,0
-0.78091717,-1.1625023,2.1567278,-0.4964118,0.14287078,0.85624969,0
1.3345327,-2.0353827,-0.83985424,0.069596797,-0.97663844,0.20330739,0
-1.0607485,2.1664941,1.4251952,-0.4964118,0.14287078,0.85624969,0
0.59021282,1.0144255,-0.49556726,0.86529291,0.1605162,0.4748714,0
0.26595616,1.5631588,-1.9927197,-0.86529291,-0.1605162,-0.4748714,0
0.26965737,1.7722824,-1.5092549,-0.069596797,0.97663844,-0.20330739,0
-0.74262047,1.0308729,1.7285043,-0.4964118,0.14287078,0.85624969,0
0.99187636,-1.8245163,-0.3368125,0.86529291,0.1605162,0.4748714,0
0.97308671,-2.0424583,-0.61646521,0.069596797,-0.97663844,0.20330739,0
0.049355745,-1.7575691,1.3029189,0.069596797,-0.97663844,0.20330739,0
0.40020084,0.79296434,-1.895009,-0.86529291,-0.1605162,-0.4748714,0
0.95497227,0.55523795,-1.8189446,0.4964118,-0.14287078,-0.85624969,0
0.22693273,-2.1203866,-0.17709517,0.069596797,-0.97663844,0.20330739,0
1.543389,-0.62952113,-1.4263313,0.4964118,-0.14287078,-0.85624969,0
-0.044648916,-1.6899675,-0.2899133,-0.86529291,-0.1605162,-0.4748714,0
-0.2436198,0.4925738,1.2430789,0.86529291,0.1605162,0.4748714,0
-1.3246943,1.8672433,1.2940774,-0.4964118,0.14287078,0.85624969,0
-1.198905,-0.78193402,1.8543169,-0.4964118,0.14287078,0.85624969,0
-1.4877591,1.953742,0.80365992,-0.86529291,-0.1605162,-0.4748714,0
-1.2729634,2.1083479,1.2059838,-0.069596797,0.97663844,-0.20330739,0
0.093135118,1.000047,-1.613488,-0.86529291,-0.1605162,-0.4748714,0
0.79280972,-0.37016571,-1.8434134,0.4964118,-0.14287078,-0.85624969,0
-0.79911679,1.1440907,0.017953753,-0.86529291,-0.1605162,-0.4748714,0
0.26546144,-1.2287608,0.81884909,0.86529291,0.1605162,0.4748714,0
-1.0453477,-1.6156126,1.9709021,0.069596797,-0.97663844,0.20330739,0
-0.063361943,-2.0189548,0.11426628,0.069596797,-0.97663844,0.20330739,0
-0.73241305,1.9978441,1.6574233,0.86529291,0.1605162,0.4748714,0
0.18716659,0.23520665,0.42664951,0.86529291,0.1605162,0.4748714,0
-1.0982773,0.98186803,1.5923918,-0.4964118,0.14287078,0.85624969,0
-1.43944,1.2723697,1.1234219,-0.86529291,-0.1605162,-0.4748714,0
-1.0154805,-1.7075158,1.7499914,0.069596797,-0.97663844,0.20330739,0
-0.81817818,1.1620609,1.717406,-0.4964118,0.14287078,0.85624969,0
0.94628251,0.68536991,-0.87316787,0.86529291,0.1605162,0.4748714,0
0.81978726,-1.7735698,-1.471694,0.4964118,-0.14287078,-0.85624969,0
-0.43162578,2.1822743,0.98121023,-0.069596797,0.97663844,-0.20330739,0
-1.3169,-0.71849769,1.6708733,-0.4964118,0.14287078,0.85624969,0
0.3356756,-1.1420027,-1.1218121,-0.86529291,-0.1605162,-0.4748714,0
-0.33732742,-1.0269903,-0.020403624,-0.86529291,-0.1605162,-0.4748714,0
-0.21024323,-1.5731492,2.0069451,0.069596797,-0.97663844,0.20330739,0
-0.32330629,0.70280361,-0.53216964,-0.86529291,-0.1605162,-0.4748714,0
1.1627787,0.70182788,-1.3039881,0.86529291,0.1605162,0.4748714,0
0.22115731,-0.93405509,0.9735384,0.86529291,0.1605162,0.4748714,0
0.32407039,0.43360382,0.17131852,0.86529291,0.1605162,0.4748714,0
-0.30585843,-1.2422707,0.1279937,-0.86529291,-0.1605162,-0.4748714,0
0.48562059,-2.1092384,-0.30342531,0.069596797,-0.97663844,0.20330739,0
-1.3539401,0.013404846,1.5106623,-0.86529291,-0.1605162,-0.4748714,0
0.83400655,1.6333592,-1.8715104,-0.069596797,0.97663844,-0.20330739,0
-1.3425288,0.60249805,1.4783694,-0.4964118,0.14287078,0.85624969,0
1.2617389,-1.2760252,-1.5000381,0.4964118,-0.14287078,-0.85624969,0
-0.55488598,2.0459833,0.61954498,-0.069596797,0.97663844,-0.20330739,0
-0.81836522,-1.678671,0.92811859,-0.86529291,-0.1605162,-0.4748714,0
-0.73192823,2.2712998,1.377073,-0.069596797,0.97663844,-0.20330739,0
-1.1292063,0.81104112,0.69508028,-0.86529291,-0.1605162,-0.4748714,0
0.79333925,-0.49979368,-1.8215628,0.4964118,-0.14287078,-0.85624969,0
0.61193424,-2.057044,-0.22584414,0.069596797,-0.97663844,0.20330739,0
0.48635417,-0.95305902,0.59695327,0.86529291,0.1605162,0.4748714,0
-0.66723323,0.32470101,1.9809703,-0.4964118,0.14287078,0.85624969,0
-0.98617887,-1.031508,2.0496242,-0.4964118,0.14287078,0.85624969,0
-0.45601857,1.5997676,1.2474785,0.86529291,0.1605162,0.4748714,0
-0.72227383,0.22011799,1.8719249,-0.4964118,0.14287078,0.85624969,0
0.8237226,1.0940413,-0.79623884,0.86529291,0.1605162,0.4748714,0
-0.58873999,-0.34480998,0.12433004,-0.86529291,-0.1605162,-0.4748714,0
1.2880049,-0.49860996,-1.460552,0.4964118,-0.14287078,-0.85624969,0
-0.3842352,1.8600925,-0.66483974,-0.069596797,0.97663844,-0.20330739,0
-0.58693337,1.9237709,-0.23638344,-0.069596797,0.97663844,-0.20330739,0
-1.5028627,0.60245144,1.3301761,-0.86529291,-0.1605162,-0.4748714,0
-0.68830895,2.1386039,0.92070854,-0.069596797,0.97663844,-0.20330739,0
-0.73028958,1.9724563,-0.41267657,-0.069596797,0.97663844,-0.20330739,0
1.0977587,-0.97744709,-1.506817,0.4964118,-0.14287078,-0.85624969,0
1.4293975,-0.093842387,-1.5383482,0.4964118,-0.14287078,-0.85624969,0
-0.25057769,-1.7837358,1.1715691,0.069596797,-0.97663844,0.20330739,0
-1.1511145,0.27133685,1.0297389,-0.86529291,-0.1605162,-0.4748714,0
-0.14423257,-1.9973741,0.35263693,0.069596797,-0.97663844,0.20330739,0
0.99334657,-1.9373469,0.046500921,0.069596797,-0.97663844,0.20330739,0
-0.61959505,0.67186058,1.7632658,-0.4964118,0.14287078,0.85624969,0
-1.348976,2.0997183,0.63611865,-0.069596797,0.97663844,-0.20330739,0
1.1446513,-0.47625041,-1.6165955,0.4964118,-0.14287078,-0.85624969,0
0.80833483,0.32605457,-2.0066764,0.4964118,-0.14287078,-0.85624969,0
0.52155185,0.81626236,-2.156395,0.4964118,-0.14287078,-0.85624969,0
0.96645927,0.69736809,-1.0573435,0.86529291,0.1605162,0.4748714,0
-0.82010019,1.7297517,1.4898572,-0.4964118,0.14287078,0.85624969,0
-0.61775231,-1.7431169,1.7997866,0.069596797,-0.97663844,0.20330739,0
0.8574459,0.40175015,-0.67764741,0.86529291,0.1605162,0.4748714,0
-0.48644352,-0.13487719,2.007359,0.86529291,0.1605162,0.4748714,0
-0.86167836,-1.1734334,0.93671703,-0.86529291,-0.1605162,-0.4748714,0
-0.31274986,-1.9197066,0.89055884,0.069596797,-0.97663844,0.20330739,0
1.1826645,-1.2729015,-1.5481324,0.4964118,-0.14287078,-0.85624969,0
0.31401539,0.94507164,-2.1266675,-0.86529291,-0.1605162,-0.4748714,0
-0.4396258,-0.89078784,0.18221664,-0.86529291,-0.1605162,-0.4748714,0
-0.78936219,0.5694617,1.8982651,-0.4964118,0.14287078,0.85624969,0
0.24332833,0.86884129,-1.7589035,-0.86529291,-0.1605162,-0.4748714,0
-1.3653443,-1.1343284,1.6783403,-0.4964118,0.14287078,0.85624969,0
0.81638217,1.3084638,-2.0419707,0.4964118,-0.14287078,-0.85624969,0
-0.63192749,0.50575161,1.8147902,-0.4964118,0.14287078,0.85624969,0
1.0288733,-1.5235769,-1.4634531,0.4964118,-0.14287078,-0.85624969,0
1.2366636,0.85215986,-1.7577972,0.4964118,-0.14287078,-0.85624969,0
-0.30204561,1.9653369,-0.22494411,-0.069596797,0.97663844,-0.20330739,0
0.029551979,1.6177276,0.37764215,0.86529291,0.1605162,0.4748714,0
0.08029151,1.845902,-1.3683457,-0.069596797,0.97663844,-0.20330739,0
0.004386425,-1.9611785,0.12933469,0.069596797,-0.97663844,0.20330739,0
-0.34284806,-1.8251803,1.4782512,0.069596797,-0.97663844,0.20330739,0
0.58071506,-1.9314916,0.25114799,0.069596797,-0.97663844,0.20330739,0
-0.63631845,-1.7769504,1.4302865,0.069596797,-0.97663844,0.20330739,0
-0.68724424,2.2210877,1.2602162,-0.069596797,0.97663844,-0.20330739,0
0.30019474,1.2659274,0.16325349,0.86529291,0.1605162,0.4748714,0
0.87137246,0.32469156,-1.7916549,0.4964118,-0.14287078,-0.85624969,0
0.35749304,-0.95180231,-1.4046055,-0.86529291,-0.1605162,-0.4748714,0
0.69413328,1.107337,-2.0582881,0.4964118,-0.14287078,-0.85624969,0
-0.5305593,-1.7660182,1.7890987,0.069596797,-0.97663844,0.20330739,0
0.9186464,-2.0439794,-0.28572583,0.069596797,-0.97663844,0.20330739,0
-1.4396772,2.0937338,1.0534459,-0.069596797,0.97663844,-0.20330739,0
-0.32558465,-0.56673765,1.9831758,0.86529291,0.1605162,0.4748714,0
-0.34068203,1.5583506,-1.131541,-0.86529291,-0.1605162,-0.4748714,0
0.20393467,2.0204182,-0.55191422,-0.069596797,0.97663844,-0.20330739,0
0.40245318,-1.7208244,-1.2446699,-0.86529291,-0.1605162,-0.4748714,0
-1.1331416,1.5180722,1.5145504,-0.4964118,0.14287078,0.85624969,0
-0.6038661,0.86037087,1.6591938,0.86529291,0.1605162,0.4748714,0
0.43170738,0.9627775,-2.1470876,0.4964118,-0.14287078,-0.85624969,0
-0.85362363,-0.21891785,1.8653024,-0.4964118,0.14287078,0.85624969,0
-0.82704991,1.9491053,-0.19769812,-0.069596797,0.97663844,-0.20330739,0
-0.45238042,-1.5204031,2.2260733,-0.4964118,0.14287078,0.85624969,0
-0.9538601,2.0274677,0.42295027,-0.069596797,0.97663844,-0.20330739,0
-1.2637761,-0.14933109,1.6683569,-0.4964118,0.14287078,0.85624969,0
-0.78288436,-1.1311812,2.1692286,-0.4964118,0.14287078,0.85624969,0
-0.47999108,1.2684199,-0.43411875,-0.86529291,-0.1605162,-0.4748714,0
0.91597164,-2.1239552,-0.6345551,0.069596797,-0.97663844,0.20330739,0
-0.49572849,-0.69468397,2.0791614,-0.4964118,0.14287078,0.85624969,0
-1.1842237,-0.16412526,1.7564356,-0.4964118,0.14287078,0.85624969,0
-0.1100015,-2.0786436,0.073880434,0.069596797,-0.97663844,0.20330739,0
0.80641329,-2.0007694,-0.25694704,0.069596797,-0.97663844,0.20330739,0
-1.1644802,1.5094695,0.48057115,-0.86529291,-0.1605162,-0.4748714,0
1.1587772,-1.6856434,-0.57278895,0.86529291,0.1605162,0.4748714,0
-0.060362339,0.83907115,0.91315222,0.86529291,0.1605162,0.4748714,0
-0.89356947,2.2642679,1.5361141,-0.4964118,0.14287078,0.85624969,0
-0.39367568,0.97641885,1.3725061,0.86529291,0.1605162,0.4748714,0
-0.16768563,1.9604305,0.10960007,-0.069596797,0.97663844,-0.20330739,0
0.63250709,-1.5804276,-1.5978081,-0.86529291,-0.1605162,-0.4748714,0
-0.5521636,-1.8457854,0.8599838,0.069596797,-0.97663844,0.20330739,0
-0.61722231,2.2660737,0.8131454,-0.069596797,0.97663844,-0.20330739,0
-0.39645123,-1.6716995,2.2432117,0.069596797,-0.97663844,0.20330739,0
-0.32056841,2.0944726,0.44915879,-0.069596797,0.97663844,-0.20330739,0
-1.2237253,-0.29123002,1.6406996,-0.4964118,0.14287078,0.85624969,0
0.90668583,0.83928406,-1.0219616,0.86529291,0.1605162,0.4748714,0
1.0338559,0.13107121,-1.7501068,0.4964118,-0.14287078,-0.85624969,0
0.72056007,1.5997663,-2.2189803,-0.069596797,0.97663844,-0.20330739,0
-0.52064729,-1.4556947,2.2397168,-0.4964118,0.14287078,0.85624969,0
0.86588407,-0.42719042,-1.8530025,0.4964118,-0.14287078,-0.85624969,0
-0.0024333596,2.0263293,-0.3962543,-0.069596797,0.97663844,-0.20330739,0
-0.97317314,0.12102634,1.7024891,-0.4964118,0.14287078,0.85624969,0
-1.0812835,0.59238338,1.7195356,-0.4964118,0.14287078,0.85624969,0
0.99069285,-2.0644813,-1.4564505,0.4964118,-0.14287078,-0.85624969,0
0.73694468,-0.27875882,-0.20305082,0.86529291,0.1605162,0.4748714,0
-0.37014285,1.9631072,0.1349535,-0.069596797,0.97663844,-0.20330739,0
0.96058029,-0.17464232,-0.62497598,0.86529291,0.1605162,0.4748714,0
0.034824133,1.0514269,-1.6209431,-0.86529291,-0.1605162,-0.4748714,0
0.82936954,1.314684,-1.9895022,0.4964118,-0.14287078,-0.85624969,0
0.38023072,1.7043722,-0.13738298,0.86529291,0.1605162,0.4748714,0
1.0005958,-1.7334499,-0.16928101,0.86529291,0.1605162,0.4748714,0
-0.77012491,1.3527223,-0.28958511,-0.86529291,-0.1605162,-0.4748714,0
1.1138743,0.23119164,-0.91288859,0.86529291,0.1605162,0.4748714,0
0.27079523,-1.1346784,0.94063687,0.86529291,0.1605162,0.4748714,0
-0.40940452,1.8700374,-0.30446911,-0.069596797,0.97663844,-0.20330739,0
0.33114153,-0.25075173,0.62051862,0.86529291,0.1605162,0.4748714,0
-0.66940165,0.33319044,1.9723166,-0.4964118,0.14287078,0.85624969,0
0.060552955,1.0050812,0.62862915,0.86529291,0.1605162,0.4748714,0
0.479123,-1.5404147,-1.407665,-0.86529291,-0.1605162,-0.4748714,0
0.97462606,-1.4852698,-1.4087292,0.4964118,-0.14287078,-0.85624969,0
-1.0303065,1.5372277,1.4710104,-0.4964118,0.14287078,0.85624969,0
-1.3664422,0.001136899,1.5766714,-0.86529291,-0.1605162,-0.4748714,0
1.3537349,0.3008666,-1.3541701,0.86529291,0.1605162,0.4748714,0
0.56035835,-0.81773281,0.13669503,0.86529291,0.1605162,0.4748714,0
-0.4552747,-1.8624086,0.96224105,0.069596797,-0.97663844,0.20330739,0
1.2026609,-1.3222334,-1.3537321,0.4964118,-0.14287078,-0.85624969,0
1.0977678,-1.3859266,-1.4175287,0.4964118,-0.14287078,-0.85624969,0
-1.0293924,2.0094781,0.63694096,-0.069596797,0.97663844,-0.20330739,0
-0.72991538,-0.23321009,0.35351658,-0.86529291,-0.1605162,-0.4748714,0
-1.3215594,-0.81900829,1.7755592,-0.4964118,0.14287078,0.85624969,0
-0.17454672,-1.7469172,1.1792831,0.069596797,-0.97663844,0.20330739,0
-0.92166317,-0.25965315,0.7116251,-0.86529291,-0.1605162,-0.4748714,0
0.14400136,0.44317585,-1.4508893,-0.86529291,-0.1605162,-0.4748714,0
0.84778529,-2.1616817,-1.1117316,0.069596797,-0.97663844,0.20330739,0
0.42859685,1.2074146,-0.24876988,0.86529291,0.1605162,0.4748714,0
-0.30710363,-1.9037619,0.56887078,0.069596797,-0.97663844,0.20330739,0
0.33316457,-0.38373369,-1.65415,-0.86529291,-0.1605162,-0.4748714,0
-1.0115805,-0.84683919,1.9527076,-0.4964118,0.14287078,0.85624969,0
0.45492911,0.86757112,-2.0494938,-0.86529291,-0.1605162,-0.4748714,0
0.80122602,-1.9308738,-1.6028337,0.4964118,-0.14287078,-0.85624969,0
1.4621801,-2.2455933,-1.1431113,0.069596797,-0.97663844,0.20330739,0
-0.90129972,-1.7667869,1.6625515,0.069596797,-0.97663844,0.20330739,0
0.6103189,1.1369936,-2.1687837,0.4964118,-0.14287078,-0.85624969,0
-1.0796747,0.58460075,1.5061462,-0.4964118,0.14287078,0.85624969,0
-0.053336501,-1.9474996,0.89156783,0.069596797,-0.97663844,0.20330739,0
-0.49489701,-1.9695088,0.87378716,0.069596797,-0.97663844,0.20330739,0
-0.29338336,-2.0157518,0.49060452,0.069596797,-0.97663844,0.20330739,0
0.70088649,-0.17358559,-1.7942116,0.4964118,-0.14287078,-0.85624969,0
-0.34539151,-1.5850716,2.3088617,-0.4964118,0.14287078,0.85624969,0
-0.3576932,2.1579852,0.50161445,-0.069596797,0.97663844,-0.20330739,0
-0.65999615,-0.63834065,0.48545998,-0.86529291,-0.1605162,-0.4748714,0
1.249356,0.56088728,-1.3439364,0.86529291,0.1605162,0.4748714,0
-0.78726089,1.2579775,1.6103203,-0.4964118,0.14287078,0.85624969,0
0.72053552,-0.79607928,-1.7063907,0.4964118,-0.14287078,-0.85624969,0
1.4197551,-1.8315626,-1.144798,0.4964118,-0.14287078,-0.85624969,0
-0.39658594,-0.63228309,1.8252342,0.86529291,0.1605162,0.4748714,0
-0.06968689,-1.9429622,0.22231853,0.069596797,-0.97663844,0.20330739,0
-0.35479021,2.0240831,0.24734342,-0.069596797,0.97663844,-0.20330739,0
-0.86981797,0.014669716,0.54986978,-0.86529291,-0.1605162,-0.4748714,0
0.30022097,0.60125995,0.22540271,0.86529291,0.1605162,0.4748714,0
-0.6998353,-0.27750587,1.8671299,-0.4964118,0.14287078,0.85624969,0
-0.23834765,1.6789029,-0.99453545,-0.86529291,-0.1605162,-0.4748714,0
1.3318664,-0.025812984,-1.1807361,0.86529291,0.1605162,0.4748714,0
0.26564085,-1.5516,-0.83087939,-0.86529291,-0.1605162,-0.4748714,0
1.4017192,-1.1611983,-1.2639729,0.4964118,-0.14287078,-0.85624969,0
-1.1020314,-0.53903985,1.317657,-0.86529291,-0.1605162,-0.4748714,0
-1.4015372,-1.0261419,1.8080339,-0.4964118,0.14287078,0.85624969,0
0.33947235,-2.1494055,-0.27718186,0.069596797,-0.97663844,0.20330739,0
-0.25332475,-0.12878531,1.4092565,0.86529291,0.1605162,0.4748714,0
-1.2430987,-0.38528442,1.7819616,-0.4964118,0.14287078,0.85624969,0
0.89226258,-0.81046724,-1.6099412,0.4964118,-0.14287078,-0.85624969,0
-0.80456328,-1.6966773,1.8595012,0.069596797,-0.97663844,0.20330739,0
-0.26798651,1.9758983,0.73839939,0.86529291,0.1605162,0.4748714,0
1.3062921,-2.1163907,-1.0909123,0.069596797,-0.97663844,0.20330739,0
-0.53211832,-1.9679816,0.8732233,0.069596797,-0.97663844,0.20330739,0
0.95589691,-2.1813514,-0.83989465,0.069596797,-0.97663844,0.20330739,0
0.29178733,-0.74802959,0.72898787,0.86529291,0.1605162,0.4748714,0
0.76655054,1.4813199,-2.1391308,0.4964118,-0.14287078,-0.85624969,0
1.5662085,-1.5788703,-1.2720041,0.4964118,-0.14287078,-0.85624969,0
-0.45476758,1.6605817,1.2446916,0.86529291,0.1605162,0.4748714,0
0.42023051,1.8538885,-1.1287317,-0.069596797,0.97663844,-0.20330739,0
0.061888695,1.7183356,-1.6207904,-0.069596797,0.97663844,-0.20330739,0
-0.93130398,1.8206623,1.4874315,-0.4964118,0.14287078,0.85624969,0
-0.87547874,-0.086642504,1.9133813,-0.4964118,0.14287078,0.85624969,0
-0.60935217,1.8521101,-0.56244421,-0.069596797,0.97663844,-0.20330739,0
1.0128591,0.041918516,-1.6612647,0.4964118,-0.14287078,-0.85624969,0
0.45063189,-2.0616324,-0.29434037,0.069596797,-0.97663844,0.20330739,0
-1.3059881,-0.45215899,1.7675374,-0.4964118,0.14287078,0.85624969,0
0.731655,-1.5646729,-1.5655603,0.4964118,-0.14287078,-0.85624969,0
0.7907896,1.6960859,-2.2541976,-0.069596797,0.97663844,-0.20330739,0
-1.4322457,0.014395237,1.6060307,-0.4964118,0.14287078,0.85624969,0
1.0305356,-2.1321993,-1.3782026,0.4964118,-0.14287078,-0.85624969,0
0.98147464,0.83429456,-1.1654711,0.86529291,0.1605162,0.4748714,0
-0.62298274,0.30895853,-0.038309455,-0.86529291,-0.1605162,-0.4748714,0
0.95854449,0.16438502,-1.8588254,0.4964118,-0.14287078,-0.85624969,0
-0.66878319,0.62648726,1.8468965,-0.4964118,0.14287078,0.85624969,0
-1.1021304,-1.5978369,1.4632158,-0.86529291,-0.1605162,-0.4748714,0
0.51470798,-0.68439478,0.52754271,0.86529291,0.1605162,0.4748714,0
-1.196049,-1.6318928,1.4876084,-0.86529291,-0.1605162,-0.4748714,0
1.2093508,1.6802753,-1.8084089,0.86529291,0.1605162,0.4748714,0
-1.0201941,-0.49966824,1.9052823,-0.4964118,0.14287078,0.85624969,0
0.45484287,-2.2694459,-1.1518172,0.069596797,-0.97663844,0.20330739,0
-0.082303166,1.6383884,-1.2783946,-0.86529291,-0.1605162,-0.4748714,0
-0.4844296,1.4874973,1.4359622,0.86529291,0.1605162,0.4748714,0
-0.10423619,1.453221,0.76342463,0.86529291,0.1605162,0.4748714,0
-0.7328949,0.27600807,1.9145013,-0.4964118,0.14287078,0.85624969,0
1.3026628,-0.15161335,-1.2506175,0.86529291,0.1605162,0.4748714,0
1.1429688,-1.6333454,-0.64205289,0.86529291,0.1605162,0.4748714,0
0.33529705,2.0473392,-0.10854876,-0.069596797,0.97663844,-0.20330739,0
1.4225276,-1.3529181,-1.2792133,0.4964118,-0.14287078,-0.85624969,0
0.93091822,-2.2094269,-0.7475214,0.069596797,-0.97663844,0.20330739,0
-0.55348873,-1.831291,0.9928081,0.069596797,-0.97663844,0.20330739,0
0.012859583,-1.7978864,1.6607598,0.069596797,-0.97663844,0.20330739,0
0.7081933,-0.30115324,-1.9832853,0.4964118,-0.14287078,-0.85624969,0
-0.30826283,-2.0273929,0.63905871,0.069596797,-0.97663844,0.20330739,0
1.3305863,-1.3845484,-1.2228045,0.4964118,-0.14287078,-0.85624969,0
0.52658057,1.1115397,-0.32048643,0.86529291,0.1605162,0.4748714,0
0.93502855,-1.8331089,-0.13261557,0.86529291,0.1605162,0.4748714,0
-1.0720854,-1.3223751,1.9398303,-0.4964118,0.14287078,0.85624969,0
-1.1559075,0.42641342,0.95181423,-0.86529291,-0.1605162,-0.4748714,0
1.2500919,-0.40745628,-1.2864397,0.86529291,0.1605162,0.4748714,0
0.80441666,1.7294095,-1.4920698,-0.069596797,0.97663844,-0.20330739,0
-0.25519401,2.0047555,-0.32370543,-0.069596797,0.97663844,-0.20330739,0
1.0061557,-2.1950285,-1.2971693,0.4964118,-0.14287078,-0.85624969,0
-1.3535149,2.2399976,1.0486375,-0.069596797,0.97663844,-0.20330739,0
-0.67882019,1.5541477,-0.53257382,-0.86529291,-0.1605162,-0.4748714,0
-0.73634899,-1.661726,0.67166162,-0.86529291,-0.1605162,-0.4748714,0
0.017763138,-1.4900379,1.5503609,0.86529291,0.1605162,0.4748714,0
-0.26344252,1.70096,-1.1510644,-0.069596797,0.97663844,-0.20330739,0
0.23926783,1.6152067,-1.929005,-0.069596797,0.97663844,-0.20330739,0
0.068225145,-1.7760112,0.95412564,0.069596797,-0.97663844,0.20330739,0
0.39956093,-0.28020132,-1.5597203,-0.86529291,-0.1605162,-0.4748714,0
-0.77513576,-0.11795139,2.0179729,-0.4964118,0.14287078,0.85624969,0
0.83814991,-2.2669208,-1.382383,0.069596797,-0.97663844,0.20330739,0
-0.49890995,0.4255943,-0.44492257,-0.86529291,-0.1605162,-0.4748714,0
0.068086386,-1.9342453,0.99927878,0.069596797,-0.97663844,0.20330739,0
1.0318865,-1.6892366,-1.5546803,0.4964118,-0.14287078,-0.85624969,0
-0.81833959,0.70236111,1.6302781,-0.4964118,0.14287078,0.85624969,0
0.2784189,0.15986775,-1.514066,-0.86529291,-0.1605162,-0.4748714,0
-0.0070318282,-2.140862,-0.21068227,0.069596797,-0.97663844,0.20330739,0
1.4615945,-2.0758734,-1.0340353,0.069596797,-0.97663844,0.20330739,0
-0.080389142,1.9150522,-1.074162,-0.069596797,0.97663844,-0.20330739,0
0.78843474,1.6563295,-1.9101593,-0.069596797,0.97663844,-0.20330739,0
1.000952,-2.3223281,-1.3209752,0.069596797,-0.97663844,0.20330739,0
0.87355494,1.6935542,-2.1089592,-0.069596797,0.97663844,-0.20330739,0
0.44682574,0.16959123,-1.9354777,-0.86529291,-0.1605162,-0.4748714,0
-0.45091414,-1.7450463,1.9313815,0.069596797,-0.97663844,0.20330739,0
-0.63182783,-0.66791856,2.1920953,-0.4964118,0.14287078,0.85624969,0
-0.85551232,2.0792415,0.34484076,-0.069596797,0.97663844,-0.20330739,0
-0.60271871,0.72612345,1.7201763,0.86529291,0.1605162,0.4748714,0
0.74321598,-1.4479492,0.24525154,0.86529291,0.1605162,0.4748714,0
-0.49036026,-1.7067096,1.3315247,0.069596797,-0.97663844,0.20330739,0
-0.53336143,1.6033186,-0.63081443,-0.86529291,-0.1605162,-0.4748714,0
-0.39071026,2.1822622,0.48412585,-0.069596797,0.97663844,-0.20330739,0
1.064284,1.0238516,-1.2317059,0.86529291,0.1605162,0.4748714,0
0.96197796,-1.2542018,-1.6278733,0.4964118,-0.14287078,-0.85624969,0
-1.3844928,0.85712188,1.3528893,-0.4964118,0.14287078,0.85624969,0
0.19586158,-0.50148976,1.0107589,0.86529291,0.1605162,0.4748714,0
0.17248642,1.9076977,-1.0898528,-0.069596797,0.97663844,-0.20330739,0
0.34712148,-1.6880921,1.067335,0.86529291,0.1605162,0.4748714,0
-0.41183257,2.0261405,0.93262005,0.86529291,0.1605162,0.4748714,0
-1.3466234,2.1520815,0.65329885,-0.069596797,0.97663844,-0.20330739,0
0.38741526,0.086111993,0.46139771,0.86529291,0.1605162,0.4748714,0
0.56577182,0.41803968,-2.040571,0.4964118,-0.14287078,-0.85624969,0
0.42918062,-0.48312786,-1.5697811,-0.86529291,-0.1605162,-0.4748714,0
0.75937724,1.394742,-2.2323043,0.4964118,-0.14287078,-0.85624969,0
1.0286148,1.2949992,-2.0459719,0.4964118,-0.14287078,-0.85624969,0
-0.41018546,1.1421015,1.3049875,0.86529291,0.1605162,0.4748714,0
0.44273669,-1.9143517,0.077309608,0.069596797,-0.97663844,0.20330739,0
-0.54237843,-1.9052265,0.420838,-0.86529291,-0.1605162,-0.4748714,0
-0.057051897,1.7178456,-1.6333268,-0.86529291,-0.1605162,-0.4748714,0
-0.12413895,-0.2007024,-0.78579366,-0.86529291,-0.1605162,-0.4748714,0
-0.9967103,-0.9280926,1.9608754,-0.4964118,0.14287078,0.85624969,0
0.17738521,-1.7959893,0.77059615,0.069596797,-0.97663844,0.20330739,0
0.10426092,1.8483205,-1.0768104,-0.069596797,0.97663844,-0.20330739,0
1.4066131,0.82757038,-1.6253734,0.86529291,0.1605162,0.4748714,0
-0.80121958,2.1546323,0.49550796,-0.069596797,0.97663844,-0.20330739,0
0.2340008,-1.0962073,0.9262315,0.86529291,0.1605162,0.4748714,0
0.21879721,0.1536696,0.62774068,0.86529291,0.1605162,0.4748714,0
-1.1286812,1.5352339,1.3538401,-0.4964118,0.14287078,0.85624969,0
-1.4946672,1.7506857,1.1270357,-0.86529291,-0.1605162,-0.4748714,0
0.092861176,-0.01145399,-1.3229021,-0.86529291,-0.1605162,-0.4748714,0
-0.8909083,1.2665248,0.026165962,-0.86529291,-0.1605162,-0.4748714,0
0.54854834,1.7981405,-1.2174094,-0.069596797,0.97663844,-0.20330739,0
-0.6443786,2.0964441,0.83618605,-0.069596797,0.97663844,-0.20330739,0
-0.82122409,-1.8125196,1.2028177,0.069596797,-0.97663844,0.20330739,0
-1.4035935,1.6736003,1.1147908,-0.86529291,-0.1605162,-0.4748714,0
0.030824304,-1.891278,1.2231458,0.069596797,-0.97663844,0.20330739,0
-0.22352725,1.8720522,-0.61474228,-0.069596797,0.97663844,-0.20330739,0
0.11258066,-1.1640635,1.1782949,0.86529291,0.1605162,0.4748714,0
-1.3569534,2.0060065,0.67519307,-0.86529291,-0.1605162,-0.4748714,0
-0.4560582,1.8980908,-0.28973222,-0.069596797,0.97663844,-0.20330739,0
0.6782887,1.223506,-2.1170924,0.4964118,-0.14287078,-0.85624969,0
0.091802835,1.5095477,-1.5303422,-0.86529291,-0.1605162,-0.4748714,0
1.3697084,-0.39884555,-1.1138127,0.86529291,0.1605162,0.4748714,0
-0.9638828,2.1337888,1.2152365,-0.069596797,0.97663844,-0.20330739,0
-0.69058537,0.6974076,1.7559965,-0.4964118,0.14287078,0.85624969,0
0.88420773,-1.2995888,-1.6419352,0.4964118,-0.14287078,-0.85624969,0
-0.32539526,2.0838764,0.17910123,-0.069596797,0.97663844,-0.20330739,0
-0.9191463,1.0986581,1.7198639,-0.4964118,0.14287078,0.85624969,0
1.1720548,0.17621863,-1.7139053,0.4964118,-0.14287078,-0.85624969,0
0.7536633,-0.46574903,-1.7110274,0.4964118,-0.14287078,-0.85624969,0
-0.57439303,-0.084566891,1.9322605,-0.4964118,0.14287078,0.85624969,0
0.57796663,-2.2232199,-1.1081717,0.069596797,-0.97663844,0.20330739,0
0.92027807,-0.95939451,-1.6415133,0.4964118,-0.14287078,-0.85624969,0
0.82635176,-2.2368269,-1.2906613,0.069596797,-0.97663844,0.20330739,0
-1.1315479,1.5228708,0.61119437,-0.86529291,-0.1605162,-0.4748714,0
-0.7300899,-0.40190563,1.9326718,-0.4964118,0.14287078,0.85624969,0
0.80732965,0.63638228,-1.9184589,0.4964118,-0.14287078,-0.85624969,0
-0.0077358782,-2.1044242,-0.11847579,0.069596797,-0.97663844,0.20330739,0
1.4204669,-0.60207343,-1.2032368,0.86529291,0.1605162,0.4748714,0
0.60584569,-0.012550443,-1.8957965,0.4964118,-0.14287078,-0.85624969,0
1.5031395,-1.9888951,-1.1219379,0.4964118,-0.14287078,-0.85624969,0
-0.49039507,-0.72696561,2.2624872,-0.4964118,0.14287078,0.85624969,0
0.62008631,-1.6931524,-1.5383074,-0.86529291,-0.1605162,-0.4748714,0
-0.11164403,-1.1544925,1.5260918,0.86529291,0.1605162,0.4748714,0
1.0169312,-1.5870758,-0.43697178,0.86529291,0.1605162,0.4748714,0
0.073338747,1.8029988,-1.2004874,-0.069596797,0.97663844,-0.20330739,0
0.6987536,-0.4680301,-1.9582937,0.4964118,-0.14287078,-0.85624969,0
0.80164975,-0.88626862,0.075609684,0.86529291,0.1605162,0.4748714,0
-0.6098491,2.2306769,0.65211689,-0.069596797,0.97663844,-0.20330739,0
-1.1878297,-1.158953,1.783334,-0.4964118,0.14287078,0.85624969,0
-0.81903064,0.59354722,1.8046856,-0.4964118,0.14287078,0.85624969,0
0.32420972,-0.070831954,0.53246558,0.86529291,0.1605162,0.4748714,0
-1.095964,1.358264,1.3868325,-0.4964118,0.14287078,0.85624969,0
0.12230867,-1.9093688,0.54912972,0.069596797,-0.97663844,0.20330739,0
-0.5018158,-1.7571199,1.6885153,0.069596797,-0.97663844,0.20330739,0
-0.43352342,-1.9249167,0.44846988,0.069596797,-0.97663844,0.20330739,0
0.5140174,-0.42932364,0.095824301,0.86529291,0.1605162,0.4748714,0
-1.4720395,-0.099167347,1.5018599,-0.86529291,-0.1605162,-0.4748714,0
1.176627,-0.66568506,-0.68308568,0.86529291,0.1605162,0.4748714,0
-0.94202101,1.8992428,1.3985429,-0.4964118,0.14287078,0.85624969,0
0.068107247,0.62818956,0.64861614,0.86529291,0.1605162,0.4748714,0
0.44600403,-0.77102488,0.31465328,0.86529291,0.1605162,0.4748714,0
0.65072656,-0.79489416,-1.8756145,-0.86529291,-0.1605162,-0.4748714,0
0.1567291,0.38348812,-1.6410919,-0.86529291,-0.1605162,-0.4748714,0
-0.22993076,-1.8718393,0.6523968,0.069596797,-0.97663844,0.20330739,0
0.49887744,-1.9988648,-0.19234204,0.069596797,-0.97663844,0.20330739,0
0.98169219,-1.4087992,-1.6030312,0.4964118,-0.14287078,-0.85624969,0
-1.0768051,-1.809041,1.9890316,0.069596797,-0.97663844,0.20330739,0
0.57948387,-2.258975,-0.97319853,0.069596797,-0.97663844,0.20330739,0
1.425956,-2.1512761,-1.1328981,0.069596797,-0.97663844,0.20330739,0
-0.70247304,2.3957415,1.4621094,-0.4964118,0.14287078,0.85624969,0
-0.25291348,-0.10310389,1.3485973,0.86529291,0.1605162,0.4748714,0
1.0573597,0.12746608,-1.6761798,0.4964118,-0.14287078,-0.85624969,0
1.0458212,1.3248669,-1.4046948,0.86529291,0.1605162,0.4748714,0
-1.4452785,0.08331418,1.3895084,-0.4964118,0.14287078,0.85624969,0
-0.36902142,-1.6889809,1.6421188,0.069596797,-0.97663844,0.20330739,0
0.54861569,-0.2034038,-2.0691509,0.4964118,-0.14287078,-0.85624969,0
1.2816973,-1.4231098,-1.393263,0.4964118,-0.14287078,-0.85624969,0
0.6146934,1.4027148,-0.62807441,0.86529291,0.1605162,0.4748714,0
-0.39614803,-1.4770728,0.21997333,-0.86529291,-0.1605162,-0.4748714,0
0.76924324,-2.0175323,0.17036843,0.86529291,0.1605162,0.4748714,0
-0.86016679,-1.8469901,1.4714622,0.069596797,-0.97663844,0.20330739,0
-0.82098782,-1.9147682,0.91081643,0.069596797,-0.97663844,0.20330739,0
0.54102182,0.8344202,-2.2357836,0.4964118,-0.14287078,-0.85624969,0
0.86262465,0.22975183,-1.8817172,0.4964118,-0.14287078,-0.85624969,0
1.3488619,0.39170796,-1.5821804,0.4964118,-0.14287078,-0.85624969,0
-0.88450515,0.71405077,1.7664407,-0.4964118,0.14287078,0.85624969,0
-0.68837857,-0.49027914,1.9143357,-0.4964118,0.14287078,0.85624969,0
0.017517328,-1.8870993,0.70520031,0.069596797,-0.97663844,0.20330739,0
1.1652794,1.7388166,-1.6366439,0.86529291,0.1605162,0.4748714,0
0.33378881,-1.2122518,-1.099986,-0.86529291,-0.1605162,-0.4748714,0
-0.36014539,2.0443335,-0.26497865,-0.069596797,0.97663844,-0.20330739,0
-1.1314033,0.95055139,1.4734843,-0.4964118,0.14287078,0.85624969,0
-1.4121559,0.26705885,1.3921384,-0.4964118,0.14287078,0.85624969,0
-0.87128758,-1.6638712,1.7172467,0.069596797,-0.97663844,0.20330739,0
0.57504129,-1.2620331,0.45975685,0.86529291,0.1605162,0.4748714,0
-1.0425562,0.57844359,1.6048642,-0.4964118,0.14287078,0.85624969,0
-0.22284818,-0.57703626,1.4857686,0.86529291,0.1605162,0.4748714,0
-0.060231388,1.0220132,0.99359596,0.86529291,0.1605162,0.4748714,0
-0.7157743,-1.6710629,2.0955019,-0.4964118,0.14287078,0.85624969,0
-1.1084712,0.4924103,1.5223501,-0.4964118,0.14287078,0.85624969,0
-0.3950147,0.052317649,-0.19394021,-0.86529291,-0.1605162,-0.4748714,0
-1.3358781,-1.1845132,1.8383578,-0.4964118,0.14287078,0.85624969,0
-1.064393,-1.6867032,1.3504367,-0.86529291,-0.1605162,-0.4748714,0
-0.54809618,-1.6057084,1.8926225,0.069596797,-0.97663844,0.20330739,0
-1.3156172,-0.72679728,1.4139878,-0.86529291,-0.1605162,-0.4748714,0
0.34467959,1.7067463,-1.4460661,-0.069596797,0.97663844,-0.20330739,0
0.60991514,-0.76331866,0.10328639,0.86529291,0.1605162,0.4748714,0
-1.0712889,-1.070363,1.0938329,-0.86529291,-0.1605162,-0.4748714,0
0.161955,-2.0087316,0.283108,0.069596797,-0.97663844,0.20330739,0
0.72497553,-0.76160777,-0.026359916,0.86529291,0.1605162,0.4748714,0
-0.80975991,0.34397155,0.27916038,-0.86529291,-0.1605162,-0.4748714,0
0.94172645,1.1783803,-1.9093423,0.4964118,-0.14287078,-0.85624969,0
0.76368403,1.7869933,-0.80401945,0.86529291,0.1605162,0.4748714,0
0.62572056,-2.0790427,-0.34405565,0.069596797,-0.97663844,0.20330739,0
0.58462965,1.8648626,-0.91556633,-0.069596797,0.97663844,-0.20330739,0
0.55063599,-1.7919319,0.80862522,0.86529291,0.1605162,0.4748714,0
0.7651031,-1.9024837,0.15833759,0.069596797,-0.97663844,0.20330739,0
0.84270656,-1.5213225,0.1352005,0.86529291,0.1605162,0.4748714,0
-0.48048389,-1.1675762,0.32417363,-0.86529291,-0.1605162,-0.4748714,0
-1.3024151,1.4033039,1.304703,-0.4964118,0.14287078,0.85624969,0
0.32991326,1.9657091,-0.69894719,-0.069596797,0.97663844,-0.20330739,0
-0.095251739,-2.0843058,0.053710699,0.069596797,-0.97663844,0.20330739,0
-0.68363333,-1.6771069,2.0874064,0.069596797,-0.97663844,0.20330739,0
0.33909559,-1.7542746,1.0541348,0.069596797,-0.97663844,0.20330739,0
0.73346055,-2.2440956,-1.5516769,0.4964118,-0.14287078,-0.85624969,0
1.1206123,-2.1569719,-1.1384807,0.069596797,-0.97663844,0.20330739,0
1.4414245,-1.3195723,-1.3156807,0.4964118,-0.14287078,-0.85624969,0
-0.20792866,1.2735226,1.1263559,0.86529291,0.1605162,0.4748714,0
-0.84989095,0.96367091,1.7392958,-0.4964118,0.14287078,0.85624969,0
1.0116891,-0.84985089,-1.6020933,0.4964118,-0.14287078,-0.85624969,0
0.16266686,1.1327543,0.22697318,0.86529291,0.1605162,0.4748714,0
-0.069301605,1.8176568,-0.81164813,-0.069596797,0.97663844,-0.20330739,0
0.74486506,-1.6610237,0.35743618,0.86529291,0.1605162,0.4748714,0
-1.0502217,0.36203182,1.6641169,-0.4964118,0.14287078,0.85624969,0
-0.94856083,0.92500716,0.25655091,-0.86529291,-0.1605162,-0.4748714,0
1.407383,-1.624485,-1.2232329,0.4964118,-0.14287078,-0.85624969,0
1.0571303,0.71972179,-1.1933351,0.86529291,0.1605162,0.4748714,0
0.74631727,-1.9743423,-0.030893326,0.069596797,-0.97663844,0.20330739,0
-0.9983561,-1.8140835,1.6029507,0.069596797,-0.97663844,0.20330739,0
0.12983894,1.6576731,-1.7532631,-0.069596797,0.97663844,-0.20330739,0
1.2014245,-0.99869096,-0.68776971,0.86529291,0.1605162,0.4748714,0
1.1775713,0.21710443,-1.6188451,0.4964118,-0.14287078,-0.85624969,0
-0.96172857,2.0481052,0.48384619,-0.069596797,0.97663844,-0.20330739,0
1.4745904,-1.0479183,-1.2057046,0.4964118,-0.14287078,-0.85624969,0
0.58456135,1.8269856,-0.95090616,-0.069596797,0.97663844,-0.20330739,0
-0.48124838,-0.32820949,2.1523118,0.86529291,0.1605162,0.4748714,0
-0.73759544,2.0014296,1.4622262,-0.4964118,0.14287078,0.85624969,0
-0.78326535,2.1595025,1.4437526,-0.4964118,0.14287078,0.85624969,0
-0.76372027,-1.750597,1.8552591,0.069596797,-0.97663844,0.20330739,0
0.65034008,0.24097326,-2.035069,0.4964118,-0.14287078,-0.85624969,0
1.0225796,-1.9970833,-0.33472681,0.069596797,-0.97663844,0.20330739,0
-0.3138651,1.9955778,0.12295938,-0.069596797,0.97663844,-0.20330739,0
-0.38638932,-1.4123582,0.2283498,-0.86529291,-0.1605162,-0.4748714,0
-1.2312286,-1.0792406,1.8820703,-0.4964118,0.14287078,0.85624969,0
-0.87158942,-0.97317362,2.0630987,-0.4964118,0.14287078,0.85624969,0
-0.35530478,1.2585828,-0.93857539,-0.86529291,-0.1605162,-0.4748714,0
0.84883755,-2.1445439,-0.58213186,0.069596797,-0.97663844,0.20330739,0
0.58706141,1.219301,-2.2096784,0.4964118,-0.14287078,-0.85624969,0
-0.0088498592,-1.6715882,1.4067599,0.069596797,-0.97663844,0.20330739,0
-0.36250854,-1.8889381,1.1273422,0.069596797,-0.97663844,0.20330739,0
-1.2775619,0.83611518,1.492501,-0.4964118,0.14287078,0.85624969,0
-0.79726958,-1.354226,2.0802879,-0.4964118,0.14287078,0.85624969,0
-0.40330052,0.061487451,1.710284,0.86529291,0.1605162,0.4748714,0
1.3914832,-0.45674038,-1.1178827,0.86529291,0.1605162,0.4748714,0
-1.4337012,0.89091408,1.0664432,-0.86529291,-0.1605162,-0.4748714,0
-0.72499645,0.60660428,1.779967,-0.4964118,0.14287078,0.85624969,0
0.26809645,-1.3837892,-1.0208526,-0.86529291,-0.1605162,-0.4748714,0
0.19197214,1.8309319,-0.70459509,-0.069596797,0.97663844,-0.20330739,0
0.91578519,-1.6527935,-1.6358459,0.4964118,-0.14287078,-0.85624969,0
-0.066498339,-2.0791855,0.20357394,0.069596797,-0.97663844,0.20330739,0
