-4.2939367,0.16461444,2.9759169,-0.70227242,0.25818846,0.66343963,0
0.17429507,1.5119209,-0.25294819,0.3789947,0.92447221,0.041404575,0
-3.1359124,-0.56751144,2.8092494,-0.3789947,-0.92447221,-0.041404575,0
-2.9028156,1.522786,3.6455386,0.60264134,-0.28051746,0.74708331,0
-1.7746485,1.4512277,1.4078013,-0.60264134,0.28051746,-0.74708331,0
1.5620449,-0.62127334,-2.2017303,-0.60264134,0.28051746,-0.74708331,0
-0.97387755,0.84216392,0.32848704,-0.60264134,0.28051746,-0.74708331,0
-0.40159035,-0.46468058,0.85684133,0.60264134,-0.28051746,0.74708331,0
2.8919771,-2.0739379,-3.5655603,0.70227242,-0.25818846,-0.66343963,0
-4.0134015,1.0874259,3.0076323,-0.70227242,0.25818846,0.66343963,0
-3.0557792,2.6447053,3.3876262,-0.70227242,0.25818846,0.66343963,0
1.2862576,-2.0311997,-1.5130236,-0.3789947,-0.92447221,-0.041404575,0
-4.3313394,0.0613029,2.979404,-0.70227242,0.25818846,0.66343963,0
0.71741176,1.2125872,0.46834999,0.60264134,-0.28051746,0.74708331,0
-3.667733,-0.18166304,2.3427908,-0.3789947,-0.92447221,-0.041404575,0
3.1054215,-1.4587313,-2.3297451,0.60264134,-0.28051746,0.74708331,0
3.9981928,-1.1375673,-2.9506195,0.60264134,-0.28051746,0.74708331,0
2.950937,-1.1095041,-3.5990012,-0.60264134,0.28051746,-0.74708331,0
-3.4742801,-0.31345391,2.4079041,-0.3789947,-0.92447221,-0.041404575,0
2.1102061,-1.9427034,-1.8570908,0.60264134,-0.28051746,0.74708331,0
3.5337262,-1.1319773,-3.4740701,0.70227242,-0.25818846,-0.66343963,0
0.22200465,-1.3609319,0.076837309,0.60264134,-0.28051746,0.74708331,0
-0.71769559,1.3844489,0.43729562,-0.60264134,0.28051746,-0.74708331,0
3.6055365,-1.5789093,-3.1002946,0.70227242,-0.25818846,-0.66343963,0
1.851166,0.95570898,-0.54508007,0.3789947,0.92447221,0.041404575,0
-2.619431,1.1184921,3.1582363,0.60264134,-0.28051746,0.74708331,0
3.2624595,-1.0734372,-2.3644328,0.60264134,-0.28051746,0.74708331,0
2.13275,-2.4313314,-2.4065406,-0.3789947,-0.92447221,-0.041404575,0
1.5864856,-1.2904394,-2.3927755,-0.60264134,0.28051746,-0.74708331,0
3.1610985,-1.5928781,-3.466104,0.70227242,-0.25818846,-0.66343963,0
2.9142232,-2.2682014,-3.5300288,0.70227242,-0.25818846,-0.66343963,0
3.1051056,-2.326407,-2.6171479,0.60264134,-0.28051746,0.74708331,0
-4.2621732,0.16115618,3.0894101,-0.70227242,0.25818846,0.66343963,0
-0.41686237,1.6930108,1.4520292,0.3789947,0.92447221,0.041404575,0
-2.6606305,2.6261518,3.6992729,0.3789947,0.92447221,0.041404575,0
-2.0323448,-0.80611181,1.4525465,-0.3789947,-0.92447221,-0.041404575,0
-2.0897071,2.2594991,2.717814,0.3789947,0.92447221,0.041404575,0
4.1413546,-0.24411917,-3.1269364,0.70227242,-0.25818846,-0.66343963,0
3.480258,-0.74536335,-3.6131363,0.70227242,-0.25818846,-0.66343963,0
2.0732737,-2.2882271,-1.9690241,0.60264134,-0.28051746,0.74708331,0
-0.19584858,1.7654138,0.22778487,0.3789947,0.92447221,0.041404575,0
1.8867197,0.17136461,-2.201757,-0.60264134,0.28051746,-0.74708331,0
-0.76791322,1.8756626,1.5970458,0.3789947,0.92447221,0.041404575,0
-4.1808515,-0.10268164,2.6017199,-0.60264134,0.28051746,-0.74708331,0
-3.5928068,0.16316938,3.5309238,-0.70227242,0.25818846,0.66343963,0
2.4867783,-2.0739319,-2.2368066,0.60264134,-0.28051746,0.74708331,0
3.8355005,-0.69507456,-3.0635543,0.70227242,-0.25818846,-0.66343963,0
-2.8853629,2.2834499,3.4716964,-0.70227242,0.25818846,0.66343963,0
3.3565059,-0.71569526,-2.3765979,0.60264134,-0.28051746,0.74708331,0
2.3181305,-0.92446303,-1.43178,0.60264134,-0.28051746,0.74708331,0
3.5603645,-1.2293569,-3.26162,0.70227242,-0.25818846,-0.66343963,0
-1.959258,2.4293776,1.9796925,0.3789947,0.92447221,0.041404575,0
1.5865871,-0.93897259,-0.88419908,0.60264134,-0.28051746,0.74708331,0
2.2744257,-1.2861537,-1.6840869,0.60264134,-0.28051746,0.74708331,0
-2.3337061,2.0942025,3.411942,0.60264134,-0.28051746,0.74708331,0
0.87448049,-0.29667962,-1.5330675,-0.60264134,0.28051746,-0.74708331,0
3.8110654,0.26048255,-2.7227385,0.3789947,0.92447221,0.041404575,0
-2.0470526,-0.88042033,1.6775355,-0.3789947,-0.92447221,-0.041404575,0
3.4229021,-0.78224409,-3.6097841,0.70227242,-0.25818846,-0.66343963,0
3.5000944,-1.387659,-3.3291993,0.70227242,-0.25818846,-0.66343963,0
-2.0334914,2.4079988,2.2902114,0.3789947,0.92447221,0.041404575,0
4.0194407,-0.56838822,-3.044759,0.70227242,-0.25818846,-0.66343963,0
1.9143639,0.9785161,-1.0072359,0.3789947,0.92447221,0.041404575,0
3.0023687,-1.9582649,-3.6121716,0.70227242,-0.25818846,-0.66343963,0
4.1104631,0.013376236,-3.1958482,0.3789947,0.92447221,0.041404575,0
-3.5791087,1.2760388,3.1682904,-0.70227242,0.25818846,0.66343963,0
-0.51470047,-0.98563755,-0.73480403,-0.60264134,0.28051746,-0.74708331,0
-0.24885902,0.30623376,-0.361422,-0.60264134,0.28051746,-0.74708331,0
0.53565794,1.0977432,0.72156161,0.60264134,-0.28051746,0.74708331,0
-0.42388964,-1.4486995,0.52010995,-0.3789947,-0.92447221,-0.041404575,0
-0.6075387,1.7423016,1.6560752,0.3789947,0.92447221,0.041404575,0
-0.017529488,-1.5594338,-0.93491662,-0.3789947,-0.92447221,-0.041404575,0
3.2821887,-2.7371616,-3.0363736,0.70227242,-0.25818846,-0.66343963,0
-3.648591,0.93500018,3.218204,-0.70227242,0.25818846,0.66343963,0
2.6860585,-2.5059316,-3.5772395,0.70227242,-0.25818846,-0.66343963,0
-3.5355163,-0.29718232,3.2078066,-0.3789947,-0.92447221,-0.041404575,0
3.2205396,-1.3314376,-3.5901022,0.70227242,-0.25818846,-0.66343963,0
3.7344041,-0.64285648,-3.3602505,0.70227242,-0.25818846,-0.66343963,0
3.1960435,-1.2736259,-3.6084638,0.70227242,-0.25818846,-0.66343963,0
3.4648221,-1.7322321,-3.3418436,0.70227242,-0.25818846,-0.66343963,0
-3.7814686,0.073105335,3.4843011,-0.70227242,0.25818846,0.66343963,0
-3.2066894,2.6944065,3.1970689,0.3789947,0.92447221,0.041404575,0
2.3626003,-0.12431669,-1.1570666,0.60264134,-0.28051746,0.74708331,0
-1.9109778,2.3218269,1.7790107,0.3789947,0.92447221,0.041404575,0
-3.4690378,2.2731581,2.8908131,-0.70227242,0.25818846,0.66343963,0
2.8956249,-2.1591878,-3.6630342,0.70227242,-0.25818846,-0.66343963,0
-0.13752878,1.7423347,0.47287726,0.3789947,0.92447221,0.041404575,0
0.52783573,-1.783563,-0.58859384,-0.3789947,-0.92447221,-0.041404575,0
-3.3710279,1.8852739,3.3493607,-0.70227242,0.25818846,0.66343963,0
4.0408039,-0.026278734,-2.51125,0.60264134,-0.28051746,0.74708331,0
-2.8305917,0.53759074,3.1146264,0.60264134,-0.28051746,0.74708331,0
-3.1788282,1.3335724,3.5395427,-0.70227242,0.25818846,0.66343963,0
-3.5603654,0.68318987,3.5873246,-0.70227242,0.25818846,0.66343963,0
2.9588614,-1.6257547,-3.648839,0.70227242,-0.25818846,-0.66343963,0
4.3541932,0.00079965591,-2.8535347,0.70227242,-0.25818846,-0.66343963,0
0.24970627,-1.6736677,-0.2717914,-0.3789947,-0.92447221,-0.041404575,0
1.9022201,-1.5786728,-1.3430026,0.60264134,-0.28051746,0.74708331,0
0.53114486,1.3643106,-0.22361737,0.3789947,0.92447221,0.041404575,0
2.9161646,-2.2068479,-3.6351027,0.70227242,-0.25818846,-0.66343963,0
0.53477907,-1.779794,-1.017378,-0.3789947,-0.92447221,-0.041404575,0
3.6796939,-0.45477939,-3.4954085,0.70227242,-0.25818846,-0.66343963,0
2.298537,-0.41934979,-2.8021898,-0.60264134,0.28051746,-0.74708331,0
2.3586245,0.62865615,-1.1811948,0.3789947,0.92447221,0.041404575,0
-2.7055995,2.2260931,3.7223926,-0.70227242,0.25818846,0.66343963,0
-1.127077,2.0643871,1.331023,0.3789947,0.92447221,0.041404575,0
-3.708776,0.31939912,3.4237242,-0.70227242,0.25818846,0.66343963,0
-3.7266798,0.62200761,3.41324,-0.70227242,0.25818846,0.66343963,0
-0.79896271,-1.3568909,0.44261211,-0.3789947,-0.92447221,-0.041404575,0
2.6463239,0.52715456,-1.2705243,0.3789947,0.92447221,0.041404575,0
1.9541807,-2.3757057,-2.2963116,-0.3789947,-0.92447221,-0.041404575,0
-0.10334527,1.7374573,0.57211369,0.3789947,0.92447221,0.041404575,0
3.8779576,-1.0361679,-3.1669202,0.70227242,-0.25818846,-0.66343963,0
4.1375337,-0.39472103,-3.0526164,0.70227242,-0.25818846,-0.66343963,0
3.1304364,-1.7329686,-3.4260197,0.70227242,-0.25818846,-0.66343963,0
3.4425602,-1.3763762,-3.4073796,0.70227242,-0.25818846,-0.66343963,0
3.5732608,-1.4523605,-3.0420737,0.70227242,-0.25818846,-0.66343963,0
-4.0024676,-0.022917509,3.198513,-0.70227242,0.25818846,0.66343963,0
1.6777872,-1.1993811,-1.0168116,0.60264134,-0.28051746,0.74708331,0
3.9834809,-0.94497299,-3.0106614,0.70227242,-0.25818846,-0.66343963,0
-2.7976608,-0.58481276,2.0775614,-0.3789947,-0.92447221,-0.041404575,0
-0.37562442,1.6755135,1.4229052,0.3789947,0.92447221,0.041404575,0
1.2028539,-1.6659398,-2.2155027,-0.60264134,0.28051746,-0.74708331,0
-2.2632544,0.84830886,2.691895,0.60264134,-0.28051746,0.74708331,0
2.2231846,-2.4214735,-2.2095652,-0.3789947,-0.92447221,-0.041404575,0
4.0121036,-0.74620867,-3.1498435,0.70227242,-0.25818846,-0.66343963,0
-3.6329048,0.57694149,3.515909,-0.70227242,0.25818846,0.66343963,0
4.0069032,-0.19250894,-3.2890744,0.70227242,-0.25818846,-0.66343963,0
-3.1812043,1.6591909,3.6156094,-0.70227242,0.25818846,0.66343963,0
-1.2415489,1.9834144,1.7222296,0.3789947,0.92447221,0.041404575,0
3.0750096,-1.4384332,-3.5738101,0.70227242,-0.25818846,-0.66343963,0
-0.85794044,1.9031405,1.7694904,0.3789947,0.92447221,0.041404575,0
1.3179274,-1.4550025,-2.2379603,-0.60264134,0.28051746,-0.74708331,0
3.3911948,-1.9209764,-3.211638,0.70227242,-0.25818846,-0.66343963,0
-2.1064506,1.5254922,2.8338194,0.60264134,-0.28051746,0.74708331,0
0.52191889,-1.7307062,-1.5950531,-0.3789947,-0.92447221,-0.041404575,0
-3.4347861,1.6745836,3.245604,-0.70227242,0.25818846,0.66343963,0
2.7922461,-2.5710301,-3.4476867,0.70227242,-0.25818846,-0.66343963,0
-0.79940844,-0.32512966,1.1738076,0.60264134,-0.28051746,0.74708331,0
-0.21192181,-1.5481055,0.19918099,0.60264134,-0.28051746,0.74708331,0
-1.2638851,0.5375725,0.63375819,-0.60264134,0.28051746,-0.74708331,0
-1.6894817,2.2184935,1.6298416,0.3789947,0.92447221,0.041404575,0
-1.0939116,0.71625984,0.5775004,-0.60264134,0.28051746,-0.74708331,0
3.8919168,0.063641548,-3.0239587,0.3789947,0.92447221,0.041404575,0
1.2452133,1.0042216,0.12431318,0.60264134,-0.28051746,0.74708331,0
-3.6346307,1.8648424,3.110497,-0.70227242,0.25818846,0.66343963,0
2.4126163,-0.54492682,-2.9423604,-0.60264134,0.28051746,-0.74708331,0
-2.4969203,-0.62157619,1.308023,-0.3789947,-0.92447221,-0.041404575,0
-4.0216188,0.32113051,3.1101027,-0.70227242,0.25818846,0.66343963,0
0.6941942,-1.8472478,-0.54655296,0.60264134,-0.28051746,0.74708331,0
-0.70491612,-0.94576788,-0.38174418,-0.60264134,0.28051746,-0.74708331,0
3.2513278,0.25940549,-3.3021107,-0.60264134,0.28051746,-0.74708331,0
2.9273443,-2.040982,-3.5594912,0.70227242,-0.25818846,-0.66343963,0
-0.96061093,-0.65530252,1.2000172,0.60264134,-0.28051746,0.74708331,0
1.2656363,1.172613,-0.41200048,0.3789947,0.92447221,0.041404575,0
-3.6830993,0.9692893,2.5611746,-0.60264134,0.28051746,-0.74708331,0
-2.5139704,-0.70551372,1.8312726,-0.3789947,-0.92447221,-0.041404575,0
-0.75500226,1.9929253,1.019452,0.3789947,0.92447221,0.041404575,0
0.075087965,1.0478048,1.0553641,0.60264134,-0.28051746,0.74708331,0
-1.202525,2.0747192,1.9680424,0.3789947,0.92447221,0.041404575,0
-0.69211829,1.9082673,0.95004302,0.3789947,0.92447221,0.041404575,0
0.79288208,-1.4396751,-0.51702905,0.60264134,-0.28051746,0.74708331,0
-2.6754727,-0.55693161,1.5225077,-0.3789947,-0.92447221,-0.041404575,0
-2.8180513,2.4805536,3.5867317,-0.70227242,0.25818846,0.66343963,0
3.36304,-0.66218841,-2.2695754,0.60264134,-0.28051746,0.74708331,0
1.4066621,-2.0962877,-1.4207623,-0.3789947,-0.92447221,-0.041404575,0
0.33096457,-1.6870992,-1.3681111,-0.3789947,-0.92447221,-0.041404575,0
3.209554,-1.9063776,-2.7620149,0.60264134,-0.28051746,0.74708331,0
1.6901438,1.0418578,-1.3366753,0.3789947,0.92447221,0.041404575,0
2.560986,-2.619833,-2.8203552,-0.3789947,-0.92447221,-0.041404575,0
-1.4154588,-0.87950021,0.088123202,-0.60264134,0.28051746,-0.74708331,0
3.4421563,-0.94445169,-3.6520844,0.70227242,-0.25818846,-0.66343963,0
-1.1856872,1.9552091,2.2658706,0.3789947,0.92447221,0.041404575,0
-3.1885686,2.2805748,2.7406311,-0.60264134,0.28051746,-0.74708331,0
-0.0027422905,1.6925813,0.088059537,0.3789947,0.92447221,0.041404575,0
-2.3280907,-0.14786839,2.5856323,0.60264134,-0.28051746,0.74708331,0
-0.29027545,0.53098375,-0.29583517,-0.60264134,0.28051746,-0.74708331,0
-4.2081709,0.15013361,3.1597672,-0.70227242,0.25818846,0.66343963,0
2.1252832,-2.4608719,-2.4346867,-0.3789947,-0.92447221,-0.041404575,0
-1.0532699,1.4418721,2.0180547,0.60264134,-0.28051746,0.74708331,0
-0.45968556,1.2165824,0.16882586,-0.60264134,0.28051746,-0.74708331,0
3.5538962,-2.0698185,-3.0903273,0.70227242,-0.25818846,-0.66343963,0
3.4379025,0.4166019,-2.9671335,0.3789947,0.92447221,0.041404575,0
-0.14782059,0.94223469,-0.303085,-0.60264134,0.28051746,-0.74708331,0
-3.6825721,0.41730952,3.3590221,-0.70227242,0.25818846,0.66343963,0
3.690927,-0.15672445,-3.4769807,0.70227242,-0.25818846,-0.66343963,0
0.60435677,1.1209161,0.64914393,0.60264134,-0.28051746,0.74708331,0
-1.5000814,0.21989325,2.0370533,0.60264134,-0.28051746,0.74708331,0
-4.1011963,0.20405817,3.1035726,-0.70227242,0.25818846,0.66343963,0
1.5552266,-2.1726384,-1.3989764,0.60264134,-0.28051746,0.74708331,0
-3.9009974,0.46138692,3.1967821,-0.70227242,0.25818846,0.66343963,0
0.33232737,1.4718213,-0.45255473,0.3789947,0.92447221,0.041404575,0
-1.496392,0.79004347,2.2235398,0.60264134,-0.28051746,0.74708331,0
-0.34020737,-0.66390085,-0.68283689,-0.60264134,0.28051746,-0.74708331,0
-3.4165113,1.2270594,3.317615,-0.70227242,0.25818846,0.66343963,0
-3.3607426,-0.41111243,2.7232006,-0.3789947,-0.92447221,-0.041404575,0
-0.64671433,1.8405119,0.59801316,0.3789947,0.92447221,0.041404575,0
1.6344826,-1.5867645,-2.5255327,-0.60264134,0.28051746,-0.74708331,0
-0.94756556,-0.41148183,1.1711783,0.60264134,-0.28051746,0.74708331,0
-0.42863667,-1.5077204,0.21544436,-0.3789947,-0.92447221,-0.041404575,0
0.06333065,0.41890508,0.653359,0.60264134,-0.28051746,0.74708331,0
1.2115501,0.55144405,-0.036489487,0.60264134,-0.28051746,0.74708331,0
3.6562958,-1.4516152,-3.060719,0.70227242,-0.25818846,-0.66343963,0
0.20199084,-1.6269095,-1.2465432,-0.3789947,-0.92447221,-0.041404575,0
0.42928481,-1.8559052,-0.60438967,-0.3789947,-0.92447221,-0.041404575,0
3.7053151,-0.96498287,-3.1581073,0.70227242,-0.25818846,-0.66343963,0
-3.2107983,1.3949723,3.6416249,-0.70227242,0.25818846,0.66343963,0
3.1310253,-0.0028073788,-1.9759705,0.60264134,-0.28051746,0.74708331,0
-4.0889778,0.50698638,3.1495113,-0.70227242,0.25818846,0.66343963,0
-1.2687902,2.1277108,1.9521248,0.3789947,0.92447221,0.041404575,0
3.7836671,-0.98117316,-3.0558405,0.70227242,-0.25818846,-0.66343963,0
2.3325772,0.63558567,-1.5139731,0.3789947,0.92447221,0.041404575,0
-2.7284873,-0.64657676,1.9005363,-0.3789947,-0.92447221,-0.041404575,0
-1.2817656,-0.12592921,1.5269952,0.60264134,-0.28051746,0.74708331,0
0.67601204,1.2196388,0.43771127,0.3789947,0.92447221,0.041404575,0
-3.4910197,1.3413581,3.2284443,-0.70227242,0.25818846,0.66343963,0
-3.1360989,-0.37804031,2.9048381,-0.3789947,-0.92447221,-0.041404575,0
0.7466259,-1.8669744,-1.5344844,-0.3789947,-0.92447221,-0.041404575,0
4.076056,-0.18309069,-3.0731623,0.70227242,-0.25818846,-0.66343963,0
-0.77993345,0.064001441,0.0030243397,-0.60264134,0.28051746,-0.74708331,0
2.7642598,-2.320003,-3.6100588,0.70227242,-0.25818846,-0.66343963,0
-1.0506644,-0.57474434,1.3948622,0.60264134,-0.28051746,0.74708331,0
-2.9372253,-0.43924439,2.222791,-0.3789947,-0.92447221,-0.041404575,0
3.0400348,-1.255639,-2.2357697,0.60264134,-0.28051746,0.74708331,0
2.7325106,-1.0330129,-3.3927336,-0.60264134,0.28051746,-0.74708331,0
-0.43508899,0.2167359,-0.28749338,-0.60264134,0.28051746,-0.74708331,0
-3.4640484,1.8282932,3.0233221,-0.70227242,0.25818846,0.66343963,0
-3.0527496,2.3538527,3.4686027,-0.70227242,0.25818846,0.66343963,0
1.3226134,-0.24352771,-1.8699024,-0.60264134,0.28051746,-0.74708331,0
-3.0234683,2.739383,3.2359066,-0.70227242,0.25818846,0.66343963,0
3.2587962,-2.7660308,-3.1096172,0.70227242,-0.25818846,-0.66343963,0
-3.434401,1.5088252,3.4044256,-0.70227242,0.25818846,0.66343963,0
-3.4563096,-0.35062206,2.5645132,-0.3789947,-0.92447221,-0.041404575,0
-3.4892497,1.5282245,3.3761091,-0.70227242,0.25818846,0.66343963,0
-2.8552206,2.0649607,3.6158509,-0.70227242,0.25818846,0.66343963,0
-3.2885499,2.6106591,3.179811,-0.70227242,0.25818846,0.66343963,0
0.20352149,-1.7141094,-1.4071344,-0.3789947,-0.92447221,-0.041404575,0
3.9684787,-0.11575389,-3.3652275,0.70227242,-0.25818846,-0.66343963,0
4.0644269,-0.25074196,-3.0739102,0.70227242,-0.25818846,-0.66343963,0
-2.0113628,2.4259975,2.1952338,0.3789947,0.92447221,0.041404575,0
2.0432262,-0.71027184,-1.2148565,0.60264134,-0.28051746,0.74708331,0
-2.8256531,-0.35989261,1.5426919,-0.60264134,0.28051746,-0.74708331,0
3.9621391,-1.051492,-2.8848186,0.70227242,-0.25818846,-0.66343963,0
-1.2712971,2.1298544,2.0916085,0.3789947,0.92447221,0.041404575,0
-2.3517509,2.4452851,2.2136822,0.3789947,0.92447221,0.041404575,0
3.4879923,-1.4346603,-3.3843446,0.70227242,-0.25818846,-0.66343963,0
2.3847663,-1.0576138,-3.0172446,-0.60264134,0.28051746,-0.74708331,0
2.3418357,0.78133756,-1.946148,0.3789947,0.92447221,0.041404575,0
-1.2062123,1.9563148,2.1606686,0.3789947,0.92447221,0.041404575,0
-1.985332,-0.51549065,2.1018836,0.60264134,-0.28051746,0.74708331,0
-1.30527,-1.1979735,0.55449533,-0.3789947,-0.92447221,-0.041404575,0
1.7520123,0.0085278749,-1.9800059,-0.60264134,0.28051746,-0.74708331,0
4.0497432,-0.76357603,-2.9984107,0.70227242,-0.25818846,-0.66343963,0
1.7544397,-1.0828111,-1.167295,0.60264134,-0.28051746,0.74708331,0
2.8818393,-2.0764489,-3.5808215,0.70227242,-0.25818846,-0.66343963,0
1.9489886,-0.3982302,-1.1046844,0.60264134,-0.28051746,0.74708331,0
3.5461602,-0.8140167,-3.6065907,0.70227242,-0.25818846,-0.66343963,0
1.8638662,0.86101919,-1.0134922,0.3789947,0.92447221,0.041404575,0
-1.3680077,-1.037104,0.31754124,-0.3789947,-0.92447221,-0.041404575,0
-3.0664735,1.7767079,3.7293887,-0.70227242,0.25818846,0.66343963,0
1.6926305,0.8655532,-0.89893365,0.3789947,0.92447221,0.041404575,0
2.9752655,-1.8699561,-3.6403227,0.70227242,-0.25818846,-0.66343963,0
-4.0233903,0.90838575,3.0564268,-0.70227242,0.25818846,0.66343963,0
-3.6550841,1.4677219,3.1166232,-0.70227242,0.25818846,0.66343963,0
-2.602448,1.1998913,1.8264931,-0.60264134,0.28051746,-0.74708331,0
-2.9305627,2.7664299,3.2268019,-0.70227242,0.25818846,0.66343963,0
-2.6417131,0.0082092285,1.5377076,-0.60264134,0.28051746,-0.74708331,0
3.0335212,-1.9867723,-3.4722281,0.70227242,-0.25818846,-0.66343963,0
1.3261002,-2.0754151,-2.0674348,-0.3789947,-0.92447221,-0.041404575,0
1.4807937,0.35550392,-0.26843989,0.60264134,-0.28051746,0.74708331,0
-0.65080714,1.736084,1.4697753,0.3789947,0.92447221,0.041404575,0
-0.36109042,-1.508508,-0.46794823,-0.3789947,-0.92447221,-0.041404575,0
3.2471526,-1.00643,-3.5761924,-0.60264134,0.28051746,-0.74708331,0
-3.1813927,2.1176925,3.4261303,-0.70227242,0.25818846,0.66343963,0
-3.1719077,0.35847473,3.4093299,0.60264134,-0.28051746,0.74708331,0
-0.07578966,0.62191427,0.88649595,0.60264134,-0.28051746,0.74708331,0
-1.3040781,2.0649197,1.5158795,0.3789947,0.92447221,0.041404575,0
3.5381062,-0.91694534,-3.5395546,0.70227242,-0.25818846,-0.66343963,0
-3.7921822,0.71338189,3.1024518,-0.70227242,0.25818846,0.66343963,0
4.0142236,-0.53895092,-3.0861454,0.70227242,-0.25818846,-0.66343963,0
-3.0060749,2.1843679,3.651742,-0.70227242,0.25818846,0.66343963,0
3.0828249,0.39168906,-1.9928849,0.3789947,0.92447221,0.041404575,0
-3.3357089,1.9693322,3.2752724,-0.70227242,0.25818846,0.66343963,0
0.30022478,-1.6711253,-1.3990059,-0.3789947,-0.92447221,-0.041404575,0
2.8176007,-2.0754554,-3.7819562,0.70227242,-0.25818846,-0.66343963,0
0.57751852,0.72208577,0.58334553,0.60264134,-0.28051746,0.74708331,0
-3.7043164,-0.072268844,3.5909929,-0.70227242,0.25818846,0.66343963,0
-1.1522772,-1.1056966,0.23580116,-0.3789947,-0.92447221,-0.041404575,0
-1.2768879,0.81291568,2.0974054,0.60264134,-0.28051746,0.74708331,0
2.7251551,0.6961019,-2.1532111,0.3789947,0.92447221,0.041404575,0
0.25613248,0.36805794,-0.64360952,-0.60264134,0.28051746,-0.74708331,0
3.4534888,-0.70958853,-3.4612317,0.70227242,-0.25818846,-0.66343963,0
0.86160445,-2.0208972,-1.1431229,-0.3789947,-0.92447221,-0.041404575,0
2.6394758,-2.2812314,-3.7491877,0.70227242,-0.25818846,-0.66343963,0
3.6046853,-0.28532493,-3.5311565,0.70227242,-0.25818846,-0.66343963,0
2.9214151,-1.6523744,-2.2717977,0.60264134,-0.28051746,0.74708331,0
1.4671396,-1.335012,-0.93232071,0.60264134,-0.28051746,0.74708331,0
1.6215692,-2.1754072,-2.6355495,-0.3789947,-0.92447221,-0.041404575,0
-3.9891014,0.78095222,2.946121,-0.70227242,0.25818846,0.66343963,0
-3.8724408,0.50261688,3.2908592,-0.70227242,0.25818846,0.66343963,0
0.47839552,-1.151721,-1.5020733,-0.60264134,0.28051746,-0.74708331,0
3.7862315,-1.0417267,-3.1145449,0.70227242,-0.25818846,-0.66343963,0
-2.3425007,-0.32379031,1.0698776,-0.60264134,0.28051746,-0.74708331,0
-1.0374317,0.41634905,0.36533844,-0.60264134,0.28051746,-0.74708331,0
0.0046313405,-0.55266964,0.53594625,0.60264134,-0.28051746,0.74708331,0
3.6628788,0.15786362,-2.5638952,0.3789947,0.92447221,0.041404575,0
-3.4031429,0.69331121,3.685236,-0.70227242,0.25818846,0.66343963,0
0.057487704,-0.09263292,-0.81205761,-0.60264134,0.28051746,-0.74708331,0
0.43059397,-1.6846876,-1.3418211,-0.3789947,-0.92447221,-0.041404575,0
3.2696898,-2.2168906,-3.2335486,0.70227242,-0.25818846,-0.66343963,0
2.4544034,-0.027591944,-2.7727075,-0.60264134,0.28051746,-0.74708331,0
-0.38097656,-1.4233726,0.29103571,-0.3789947,-0.92447221,-0.041404575,0
-3.3740559,1.2996585,2.4862547,-0.60264134,0.28051746,-0.74708331,0
-0.12003911,-1.5562247,0.023166269,-0.3789947,-0.92447221,-0.041404575,0
-0.4122538,1.3136568,1.5340052,0.60264134,-0.28051746,0.74708331,0
3.6372099,-0.9280206,-3.2810273,0.70227242,-0.25818846,-0.66343963,0
0.15250242,1.4358042,0.43963492,0.3789947,0.92447221,0.041404575,0
-3.5417831,1.2480879,3.3895247,-0.70227242,0.25818846,0.66343963,0
-3.8083556,0.41015792,3.4742093,-0.70227242,0.25818846,0.66343963,0
3.0313525,-1.7069869,-2.3553224,0.60264134,-0.28051746,0.74708331,0
3.5717411,-0.44172072,-2.2859409,0.60264134,-0.28051746,0.74708331,0
-3.1947267,1.7186265,3.4675155,-0.70227242,0.25818846,0.66343963,0
-3.7646232,-0.14215934,3.1470904,-0.3789947,-0.92447221,-0.041404575,0
-1.0429469,-1.2566648,0.57841837,-0.3789947,-0.92447221,-0.041404575,0
-0.35933137,0.032740474,-0.48054379,-0.60264134,0.28051746,-0.74708331,0
0.14710295,-1.5964026,-0.064179502,0.60264134,-0.28051746,0.74708331,0
-3.6003029,1.1457915,3.4017656,-0.70227242,0.25818846,0.66343963,0
-1.0339901,-0.88063896,1.0394959,0.60264134,-0.28051746,0.74708331,0
2.8726187,-2.3597918,-3.4401331,0.70227242,-0.25818846,-0.66343963,0
-0.61834788,-1.3550277,-0.32623705,-0.3789947,-0.92447221,-0.041404575,0
3.7866685,-0.58550024,-3.1558568,0.70227242,-0.25818846,-0.66343963,0
-3.4390211,1.3403174,3.4510441,-0.70227242,0.25818846,0.66343963,0
-1.1599011,-1.2152513,1.0410856,-0.3789947,-0.92447221,-0.041404575,0
-0.44829595,0.67461818,-0.048969358,-0.60264134,0.28051746,-0.74708331,0
1.7116256,1.0724776,-1.0739036,0.3789947,0.92447221,0.041404575,0
-3.7017028,0.61351633,3.2991209,-0.70227242,0.25818846,0.66343963,0
-2.3172193,-0.76726735,1.4600981,-0.3789947,-0.92447221,-0.041404575,0
-1.0946455,-1.0816498,0.32960701,-0.3789947,-0.92447221,-0.041404575,0
-1.1296911,0.98007363,0.72587889,-0.60264134,0.28051746,-0.74708331,0
-1.7337201,0.73035908,1.0008628,-0.60264134,0.28051746,-0.74708331,0
0.38934076,1.5127671,-0.39898208,0.3789947,0.92447221,0.041404575,0
-2.9742444,-0.45714998,2.0643649,-0.3789947,-0.92447221,-0.041404575,0
-1.7518202,2.2315087,1.9586232,0.3789947,0.92447221,0.041404575,0
-4.1867585,0.11421776,2.9585674,-0.70227242,0.25818846,0.66343963,0
3.6534352,-1.1928787,-3.3189998,0.70227242,-0.25818846,-0.66343963,0
1.2582644,-2.0636692,-2.4917486,-0.3789947,-0.92447221,-0.041404575,0
-1.6508166,-1.1044456,1.4464777,-0.3789947,-0.92447221,-0.041404575,0
-2.4355831,2.5915403,2.7598934,0.3789947,0.92447221,0.041404575,0
2.1200042,-1.7055047,-1.7141869,0.60264134,-0.28051746,0.74708331,0
-1.3082093,1.5321767,2.3227029,0.60264134,-0.28051746,0.74708331,0
-3.4290586,0.47792339,2.2600961,-0.60264134,0.28051746,-0.74708331,0
1.7261992,-0.68892646,-2.3284264,-0.60264134,0.28051746,-0.74708331,0
-2.4127471,0.089863777,1.3902315,-0.60264134,0.28051746,-0.74708331,0
1.0594977,1.2222761,0.035653949,0.3789947,0.92447221,0.041404575,0
4.0390124,-0.69124937,-2.9784453,0.70227242,-0.25818846,-0.66343963,0
-3.4065943,1.9407871,3.2517214,-0.70227242,0.25818846,0.66343963,0
-3.4058075,1.9782083,3.2398357,-0.70227242,0.25818846,0.66343963,0
0.260162,-0.47177711,0.2736868,0.60264134,-0.28051746,0.74708331,0
3.5160186,-1.5710729,-2.638741,0.60264134,-0.28051746,0.74708331,0
1.6038725,-2.2586522,-2.134069,-0.3789947,-0.92447221,-0.041404575,0
-2.0858059,-0.86579108,1.2192028,-0.3789947,-0.92447221,-0.041404575,0
0.00034058094,1.5609665,0.18406771,0.3789947,0.92447221,0.041404575,0
-1.42805,2.0363195,1.4285046,0.3789947,0.92447221,0.041404575,0
-1.6835508,2.2470715,2.3583124,0.3789947,0.92447221,0.041404575,0
1.5153345,1.0502242,-0.83021462,0.3789947,0.92447221,0.041404575,0
-2.515147,0.12638187,1.3957256,-0.60264134,0.28051746,-0.74708331,0
-0.44538295,-1.4404175,0.41485912,-0.3789947,-0.92447221,-0.041404575,0
1.2989483,0.59790224,-0.24419808,0.60264134,-0.28051746,0.74708331,0
3.8838377,-1.2768368,-2.8896103,0.70227242,-0.25818846,-0.66343963,0
2.7042496,0.62399596,-2.5961475,0.3789947,0.92447221,0.041404575,0
0.88685334,-1.9591086,-1.5934379,-0.3789947,-0.92447221,-0.041404575,0
-1.491395,-1.083343,1.0173454,-0.3789947,-0.92447221,-0.041404575,0
-0.44941297,-0.55233699,-0.62500715,-0.60264134,0.28051746,-0.74708331,0
-4.0588422,0.97823119,2.9652817,-0.70227242,0.25818846,0.66343963,0
-3.3207061,-0.37573123,2.2045302,-0.3789947,-0.92447221,-0.041404575,0
-1.5938624,-0.99036944,1.0976353,-0.3789947,-0.92447221,-0.041404575,0
2.0989242,0.77685666,-1.5543672,0.3789947,0.92447221,0.041404575,0
3.8109756,-0.067848086,-3.551393,0.70227242,-0.25818846,-0.66343963,0
-3.1310935,1.836587,3.6413751,-0.70227242,0.25818846,0.66343963,0
1.7588952,-2.3400917,-2.4024355,-0.3789947,-0.92447221,-0.041404575,0
3.8214126,-0.46684456,-3.1847823,0.70227242,-0.25818846,-0.66343963,0
0.32052553,-1.7823114,-0.75387263,-0.3789947,-0.92447221,-0.041404575,0
3.7205706,-1.2353795,-3.2528353,0.70227242,-0.25818846,-0.66343963,0
1.1540607,0.65772605,-1.3731561,-0.60264134,0.28051746,-0.74708331,0
-2.429002,2.4614332,2.9326451,0.3789947,0.92447221,0.041404575,0
2.133857,-1.794101,-1.6410527,0.60264134,-0.28051746,0.74708331,0
0.073541164,-1.5748733,-0.97717243,-0.3789947,-0.92447221,-0.041404575,0
1.1501573,-1.9840969,-1.8477933,-0.3789947,-0.92447221,-0.041404575,0
1.0519483,0.077444553,-0.056365252,0.60264134,-0.28051746,0.74708331,0
0.21289253,-1.5923269,-0.89378721,-0.3789947,-0.92447221,-0.041404575,0
-1.064792,2.0230556,1.5315788,0.3789947,0.92447221,0.041404575,0
-2.912066,1.2795701,2.2371845,-0.60264134,0.28051746,-0.74708331,0
0.85169148,-1.9213997,-1.1432399,-0.3789947,-0.92447221,-0.041404575,0
-3.4613822,1.6685145,3.1336532,-0.70227242,0.25818846,0.66343963,0
-0.30452693,0.55886906,-0.20885749,-0.60264134,0.28051746,-0.74708331,0
-2.128113,2.4775653,2.757865,0.3789947,0.92447221,0.041404575,0
4.1503248,-0.28812385,-2.9963174,0.70227242,-0.25818846,-0.66343963,0
2.9687233,-2.1838312,-3.636025,0.70227242,-0.25818846,-0.66343963,0
-0.39926648,1.8487178,0.40083307,0.3789947,0.92447221,0.041404575,0
2.8848515,0.47129512,-2.4113705,0.3789947,0.92447221,0.041404575,0
0.39671767,-1.4790767,-1.4231143,-0.60264134,0.28051746,-0.74708331,0
-0.29988468,-1.4749358,-0.18498173,-0.3789947,-0.92447221,-0.041404575,0
-2.262157,1.2992094,2.8777435,0.60264134,-0.28051746,0.74708331,0
1.1408099,-1.5813527,-0.97463167,0.60264134,-0.28051746,0.74708331,0
-2.6152656,1.3866049,1.8807113,-0.60264134,0.28051746,-0.74708331,0
-0.21147537,-1.6221148,-0.35788938,-0.3789947,-0.92447221,-0.041404575,0
-3.1064048,1.6073291,3.7280912,-0.70227242,0.25818846,0.66343963,0
1.3481245,-1.4372807,-2.4179881,-0.60264134,0.28051746,-0.74708331,0
1.8033264,-0.58873439,-2.3319759,-0.60264134,0.28051746,-0.74708331,0
-1.2131112,-1.1870103,0.31230801,-0.3789947,-0.92447221,-0.041404575,0
2.4693489,0.61724746,-1.0204651,0.3789947,0.92447221,0.041404575,0
3.6359637,-0.72508264,-3.5305533,0.70227242,-0.25818846,-0.66343963,0
3.1951985,-2.6371012,-3.0015998,0.70227242,-0.25818846,-0.66343963,0
-0.12535298,-0.70267814,-0.95388895,-0.60264134,0.28051746,-0.74708331,0
1.9832852,0.86508226,-0.67264223,0.3789947,0.92447221,0.041404575,0
-1.2890538,-1.1307399,1.1237557,-0.3789947,-0.92447221,-0.041404575,0
-1.893525,2.221663,2.5739558,0.3789947,0.92447221,0.041404575,0
-3.2621353,1.2005255,3.6706629,-0.70227242,0.25818846,0.66343963,0
-3.991281,0.24575353,3.2053823,-0.70227242,0.25818846,0.66343963,0
3.7539725,-0.75456512,-3.4111233,0.70227242,-0.25818846,-0.66343963,0
3.3237898,-2.3921027,-3.1028986,0.70227242,-0.25818846,-0.66343963,0
3.6558037,0.32026052,-2.5108199,0.3789947,0.92447221,0.041404575,0
1.4642607,-2.2292848,-2.2620168,-0.3789947,-0.92447221,-0.041404575,0
-3.6450915,0.4584254,3.3882537,-0.70227242,0.25818846,0.66343963,0
2.9829817,-2.5581002,-3.4921851,0.70227242,-0.25818846,-0.66343963,0
3.9064059,-1.1131839,-3.0372577,0.70227242,-0.25818846,-0.66343963,0
3.9301009,0.182423,-3.3715472,0.3789947,0.92447221,0.041404575,0
3.8492951,-1.3661475,-3.0657921,0.70227242,-0.25818846,-0.66343963,0
-1.8462512,1.6826606,2.7277679,0.60264134,-0.28051746,0.74708331,0
-1.5058346,-1.0061985,1.3539904,-0.3789947,-0.92447221,-0.041404575,0
1.8951695,0.91392028,-0.8000989,0.3789947,0.92447221,0.041404575,0
-0.57516479,1.7545573,1.7116572,0.3789947,0.92447221,0.041404575,0
3.7192073,-1.2535636,-3.2292192,0.70227242,-0.25818846,-0.66343963,0
1.1378361,-2.1307869,-1.3092635,-0.3789947,-0.92447221,-0.041404575,0
0.21970356,-1.6300759,-1.1415638,-0.3789947,-0.92447221,-0.041404575,0
-3.6478288,0.28296161,2.2940443,-0.60264134,0.28051746,-0.74708331,0
0.53377569,1.3256387,0.45117408,0.3789947,0.92447221,0.041404575,0
1.1069459,-0.68636835,-0.44369096,0.60264134,-0.28051746,0.74708331,0
3.5168891,-2.2265553,-2.9624066,0.70227242,-0.25818846,-0.66343963,0
-1.5038489,0.78343332,0.9100191,-0.60264134,0.28051746,-0.74708331,0
-2.7092388,2.1653917,3.7270899,-0.70227242,0.25818846,0.66343963,0
-3.7076552,-0.35235095,3.3196137,-0.3789947,-0.92447221,-0.041404575,0
-3.0938766,1.1922827,3.4825478,0.60264134,-0.28051746,0.74708331,0
0.48247325,-1.7613966,-0.84107488,-0.3789947,-0.92447221,-0.041404575,0
-0.84547436,-1.2691714,-0.36530748,-0.3789947,-0.92447221,-0.041404575,0
0.8970176,-1.4041165,-0.52569008,0.60264134,-0.28051746,0.74708331,0
-2.9746871,2.6412807,2.8318648,0.3789947,0.92447221,0.041404575,0
2.3596039,-2.3178222,-3.5168564,-0.60264134,0.28051746,-0.74708331,0
-1.3275024,0.083075851,1.6482627,0.60264134,-0.28051746,0.74708331,0
2.437489,0.61152613,-1.2293677,0.3789947,0.92447221,0.041404575,0
-2.8253832,2.1649547,3.7412379,-0.70227242,0.25818846,0.66343963,0
3.3924372,-1.9327524,-3.0703626,0.70227242,-0.25818846,-0.66343963,0
-1.9851042,2.3851802,2.7524381,0.3789947,0.92447221,0.041404575,0
-2.6054635,-0.20064151,1.2377043,-0.60264134,0.28051746,-0.74708331,0
-1.9479672,-0.86178082,0.96519434,-0.3789947,-0.92447221,-0.041404575,0
2.3306003,-0.08868587,-1.188508,0.60264134,-0.28051746,0.74708331,0
-1.5887945,1.0917622,2.4579997,0.60264134,-0.28051746,0.74708331,0
2.7410772,-2.5576847,-3.7449949,0.70227242,-0.25818846,-0.66343963,0
-2.9991753,1.4513218,3.5846004,0.60264134,-0.28051746,0.74708331,0
-3.5091276,1.3166872,3.3305316,-0.70227242,0.25818846,0.66343963,0
-2.815239,-0.54744089,2.0515246,-0.3789947,-0.92447221,-0.041404575,0
-2.3340094,1.8992755,1.8197682,-0.60264134,0.28051746,-0.74708331,0
-0.4506284,1.6627769,1.5753036,0.3789947,0.92447221,0.041404575,0
2.4025841,-0.82158077,-1.7070312,0.60264134,-0.28051746,0.74708331,0
3.1585584,-0.74942213,-3.5147338,-0.60264134,0.28051746,-0.74708331,0
-1.2858468,0.064221382,0.2736122,-0.60264134,0.28051746,-0.74708331,0
3.6352322,-1.6108999,-2.918684,0.70227242,-0.25818846,-0.66343963,0
-2.6004405,0.45389605,2.933773,0.60264134,-0.28051746,0.74708331,0
-2.9071012,1.0930579,3.4156163,0.60264134,-0.28051746,0.74708331,0
0.53226161,-1.7150779,-0.95210749,-0.3789947,-0.92447221,-0.041404575,0
0.38617086,-1.8217986,-0.31292838,-0.3789947,-0.92447221,-0.041404575,0
3.4923983,0.37644756,-3.2055259,0.3789947,0.92447221,0.041404575,0
-0.31907445,1.0998302,1.408049,0.60264134,-0.28051746,0.74708331,0
-1.5416491,-1.0361977,0.40641832,-0.3789947,-0.92447221,-0.041404575,0
-0.98816681,-1.3471467,0.76415265,-0.3789947,-0.92447221,-0.041404575,0
0.45251095,1.40933,-0.4267537,-0.60264134,0.28051746,-0.74708331,0
1.2525843,0.35261756,-0.2005254,0.60264134,-0.28051746,0.74708331,0
-3.5583892,0.32568109,3.6997929,-0.70227242,0.25818846,0.66343963,0
-3.4938829,0.86224866,3.5050969,-0.70227242,0.25818846,0.66343963,0
3.0204673,-2.3482718,-3.5233979,0.70227242,-0.25818846,-0.66343963,0
1.5441163,-2.2215171,-1.9690847,-0.3789947,-0.92447221,-0.041404575,0
1.2099167,-2.0153379,-1.9064987,-0.3789947,-0.92447221,-0.041404575,0
3.5059059,-1.560959,-3.2026474,0.70227242,-0.25818846,-0.66343963,0
3.45366,-0.90820944,-3.5305724,0.70227242,-0.25818846,-0.66343963,0
1.1638932,-0.80460858,-0.60936749,0.60264134,-0.28051746,0.74708331,0
-1.4506712,0.039304227,1.821779,0.60264134,-0.28051746,0.74708331,0
3.728178,-1.1504704,-3.1025152,0.70227242,-0.25818846,-0.66343963,0
2.8396683,-2.4453058,-3.6777866,0.70227242,-0.25818846,-0.66343963,0
3.2879405,-2.0877852,-3.3882961,0.70227242,-0.25818846,-0.66343963,0
3.5630112,-1.3315717,-3.0968628,0.70227242,-0.25818846,-0.66343963,0
-0.45999438,0.40438014,1.1002953,0.60264134,-0.28051746,0.74708331,0
-0.006259799,-1.4230326,-1.0851119,-0.60264134,0.28051746,-0.74708331,0
-3.9636002,0.8250587,2.9294074,-0.70227242,0.25818846,0.66343963,0
-4.1964951,0.27389503,2.9533322,-0.70227242,0.25818846,0.66343963,0
-2.9096484,0.93621457,2.0327849,-0.60264134,0.28051746,-0.74708331,0
2.3520658,-1.3349297,-3.0726728,-0.60264134,0.28051746,-0.74708331,0
-3.8747225,0.74107552,3.027941,-0.70227242,0.25818846,0.66343963,0
-2.1748636,1.5812578,1.5659394,-0.60264134,0.28051746,-0.74708331,0
4.0900526,-0.21079302,-3.0639946,0.70227242,-0.25818846,-0.66343963,0
1.9597512,0.98953724,-1.6490664,0.3789947,0.92447221,0.041404575,0
-3.7709401,0.97816968,3.2853527,-0.70227242,0.25818846,0.66343963,0
-0.37663296,0.87719935,1.3039806,0.60264134,-0.28051746,0.74708331,0
-1.3633711,-0.83297098,0.13202751,-0.60264134,0.28051746,-0.74708331,0
-1.1763554,0.80753452,1.8326572,0.60264134,-0.28051746,0.74708331,0
0.11656725,1.5204173,0.27114284,0.3789947,0.92447221,0.041404575,0
-1.2384701,-1.2011569,-0.0086050034,-0.3789947,-0.92447221,-0.041404575,0
3.7162967,-0.24514413,-3.4286833,0.70227242,-0.25818846,-0.66343963,0
-3.811353,0.25252736,3.331754,-0.70227242,0.25818846,0.66343963,0
-1.6947207,-0.99999094,0.50534129,-0.3789947,-0.92447221,-0.041404575,0
3.0926428,-0.30120277,-1.8275638,0.60264134,-0.28051746,0.74708331,0
-1.2545272,2.1497438,1.6242666,0.3789947,0.92447221,0.041404575,0
-2.3071039,2.1319954,3.3418164,0.60264134,-0.28051746,0.74708331,0
2.0942781,0.76961303,-1.6232059,0.3789947,0.92447221,0.041404575,0
0.74930847,-0.81725574,-0.27487451,0.60264134,-0.28051746,0.74708331,0
3.4805455,-1.1562033,-3.448977,0.70227242,-0.25818846,-0.66343963,0
3.5657668,-1.8441838,-3.1841178,0.70227242,-0.25818846,-0.66343963,0
-4.1764202,0.49437785,2.976299,-0.70227242,0.25818846,0.66343963,0
-2.8626695,1.8067816,3.5435195,0.60264134,-0.28051746,0.74708331,0
3.827069,-0.18654215,-3.36674,0.70227242,-0.25818846,-0.66343963,0
3.2950144,0.33981013,-2.6477699,0.3789947,0.92447221,0.041404575,0
-3.0538917,-0.5159713,1.7069187,-0.3789947,-0.92447221,-0.041404575,0
3.0079079,-2.284971,-3.4523273,0.70227242,-0.25818846,-0.66343963,0
-2.5381508,0.65405869,1.7380378,-0.60264134,0.28051746,-0.74708331,0
2.784601,-2.6384444,-3.04353,-0.3789947,-0.92447221,-0.041404575,0
-4.175179,-0.0046269894,3.0111666,-0.70227242,0.25818846,0.66343963,0
0.78214025,-1.2136035,-1.7209156,-0.60264134,0.28051746,-0.74708331,0
1.4704756,-0.40635535,-2.0145764,-0.60264134,0.28051746,-0.74708331,0
1.2573273,0.69353116,-1.3459933,-0.60264134,0.28051746,-0.74708331,0
-2.7807813,2.4035916,3.6798158,-0.70227242,0.25818846,0.66343963,0
-0.91932333,-1.2774704,0.57973832,-0.3789947,-0.92447221,-0.041404575,0
3.2910461,0.27372396,-2.2863383,0.3789947,0.92447221,0.041404575,0
-4.0818224,0.62072921,3.03774,-0.70227242,0.25818846,0.66343963,0
-2.5314991,0.013782024,2.6707001,0.60264134,-0.28051746,0.74708331,0
3.2885332,-2.1732464,-3.2660599,0.70227242,-0.25818846,-0.66343963,0
2.8559532,-1.2458787,-2.2061789,0.60264134,-0.28051746,0.74708331,0
-2.5773339,0.023870468,2.8252301,0.60264134,-0.28051746,0.74708331,0
-0.023916364,1.6357741,0.21322827,0.3789947,0.92447221,0.041404575,0
-3.1567791,2.3959274,3.3075905,-0.70227242,0.25818846,0.66343963,0
1.3562189,1.1041414,-0.095992327,0.3789947,0.92447221,0.041404575,0
3.6507578,-0.48506796,-3.5234585,0.70227242,-0.25818846,-0.66343963,0
3.0643702,-1.4456248,-3.6087244,0.70227242,-0.25818846,-0.66343963,0
2.5296838,-2.4567134,-3.2609792,-0.3789947,-0.92447221,-0.041404575,0
-3.5964921,0.3139205,3.7053719,-0.70227242,0.25818846,0.66343963,0
3.7271175,-1.254577,-3.111403,0.70227242,-0.25818846,-0.66343963,0
-1.6773154,0.77975625,0.91494912,-0.60264134,0.28051746,-0.74708331,0
0.27282298,1.4832488,-0.0055645406,0.3789947,0.92447221,0.041404575,0
-2.857132,-0.14784551,1.4779075,-0.60264134,0.28051746,-0.74708331,0
1.1822392,-1.7377473,-1.0630788,0.60264134,-0.28051746,0.74708331,0
-1.2215192,-1.2429173,1.0402634,-0.3789947,-0.92447221,-0.041404575,0
-3.0001438,0.089883566,3.2440896,0.60264134,-0.28051746,0.74708331,0
0.24388006,0.11463118,0.39754599,0.60264134,-0.28051746,0.74708331,0
3.3696606,-1.5931203,-3.2863612,0.70227242,-0.25818846,-0.66343963,0
-1.1805024,0.3671158,0.51011789,-0.60264134,0.28051746,-0.74708331,0
1.2950265,1.1173604,0.087672293,0.3789947,0.92447221,0.041404575,0
1.964959,0.84690344,-1.8582406,0.3789947,0.92447221,0.041404575,0
-0.89249027,1.7066164,0.70221543,-0.60264134,0.28051746,-0.74708331,0
1.988879,0.80782568,-1.2643749,0.3789947,0.92447221,0.041404575,0
-2.7428522,2.6850922,3.3541989,0.3789947,0.92447221,0.041404575,0
-3.9012165,-0.061603189,3.4597185,-0.70227242,0.25818846,0.66343963,0
-2.3949394,-0.7812041,1.2924439,-0.3789947,-0.92447221,-0.041404575,0
3.3339226,-2.4424343,-3.0617521,0.70227242,-0.25818846,-0.66343963,0
-3.8076267,1.4280715,2.9208956,-0.70227242,0.25818846,0.66343963,0
3.2868793,-1.8487908,-2.5952539,0.60264134,-0.28051746,0.74708331,0
1.1534784,-0.60545957,-1.764123,-0.60264134,0.28051746,-0.74708331,0
-1.6068108,1.1250005,2.3162227,0.60264134,-0.28051746,0.74708331,0
-1.1915197,-1.2305518,0.16273749,-0.3789947,-0.92447221,-0.041404575,0
0.44257033,-1.7443728,-1.0150841,-0.3789947,-0.92447221,-0.041404575,0
1.9684601,0.7862922,-1.2331711,0.3789947,0.92447221,0.041404575,0
-0.40272009,1.7381866,1.2340199,0.3789947,0.92447221,0.041404575,0
-2.4547195,-0.29573679,1.3232682,-0.60264134,0.28051746,-0.74708331,0
0.642259,-1.5073693,-1.6618105,-0.60264134,0.28051746,-0.74708331,0
-2.5275981,2.5649226,2.697654,0.3789947,0.92447221,0.041404575,0
-1.8986721,0.74349201,1.1148695,-0.60264134,0.28051746,-0.74708331,0
-3.8755393,1.2611563,2.9726138,-0.70227242,0.25818846,0.66343963,0
0.98670763,0.74026376,0.034588695,0.60264134,-0.28051746,0.74708331,0
3.321229,-1.7142348,-3.4482148,0.70227242,-0.25818846,-0.66343963,0
0.15799391,-1.7302916,-0.41627145,-0.3789947,-0.92447221,-0.041404575,0
3.9901133,-0.48989654,-3.2704909,0.70227242,-0.25818846,-0.66343963,0
-1.3431592,-0.5438394,0.31603152,-0.60264134,0.28051746,-0.74708331,0
-2.466383,1.4936726,1.8865654,-0.60264134,0.28051746,-0.74708331,0
3.3466468,-1.7146711,-3.368938,0.70227242,-0.25818846,-0.66343963,0
2.4912672,0.6633389,-2.3482971,0.3789947,0.92447221,0.041404575,0
3.2945826,-2.1382229,-3.3599615,0.70227242,-0.25818846,-0.66343963,0
