1.0401196,1.3960564,-0.96253467,0.95681721,-0.26987725,0.10801411,0
0.28420854,2.8650403,0.10035229,0.29065576,0.88249552,-0.36975753,0
0.42448092,0.31819147,-1.7652888,-0.0044671297,-0.38518542,-0.92282832,0
1.0096083,2.1214826,-0.78111339,0.29065576,0.88249552,-0.36975753,0
0.87896627,2.4524689,-0.37730742,0.29065576,0.88249552,-0.36975753,0
0.46982956,0.094931126,1.2192822,0.95681721,-0.26987725,0.10801411,0
0.80470514,1.4640657,-2.2983818,-0.0044671297,-0.38518542,-0.92282832,0
-0.29963374,-1.7328335,2.1376014,-0.29065576,-0.88249552,0.36975753,0
-0.02474165,-0.82258904,-1.3631312,-0.0044671297,-0.38518542,-0.92282832,0
-1.1288062,-1.9354402,0.23238516,-0.95681721,0.26987725,-0.10801411,0
-1.0797107,-2.4541695,-0.476197,-0.95681721,0.26987725,-0.10801411,0
-0.84779024,-2.7085094,-0.33140683,-0.29065576,-0.88249552,0.36975753,0
-0.53355467,0.27451238,0.39203304,-0.95681721,0.26987725,-0.10801411,0
0.51643336,-0.053485632,0.40384382,0.95681721,-0.26987725,0.10801411,0
0.68103671,1.3452684,-2.213999,-0.0044671297,-0.38518542,-0.92282832,0
-0.80475545,-1.6451837,2.1141324,-0.29065576,-0.88249552,0.36975753,0
0.32863843,1.0071375,1.2219868,0.0044671297,0.38518542,0.92282832,0
0.70058703,0.11296007,-1.6431013,-0.0044671297,-0.38518542,-0.92282832,0
0.14768147,1.6709732,0.82948291,0.0044671297,0.38518542,0.92282832,0
-0.68014753,0.16003154,1.530916,-0.95681721,0.26987725,-0.10801411,0
-0.027942896,-0.42015594,1.8457417,0.0044671297,0.38518542,0.92282832,0
-0.54099137,-1.6358628,-0.95498765,-0.0044671297,-0.38518542,-0.92282832,0
-0.28784752,-2.7283406,0.019882202,-0.29065576,-0.88249552,0.36975753,0
-0.53627241,-1.710135,-0.96242905,-0.0044671297,-0.38518542,-0.92282832,0
0.74234986,0.64258164,-1.1483972,0.95681721,-0.26987725,0.10801411,0
-0.88415819,-2.4162505,0.41105676,-0.29065576,-0.88249552,0.36975753,0
0.16351146,2.3778358,0.54982162,0.0044671297,0.38518542,0.92282832,0
0.71232212,1.0331023,0.0061351061,0.95681721,-0.26987725,0.10801411,0
-0.45629764,0.77163959,1.2495562,0.0044671297,0.38518542,0.92282832,0
0.1280899,2.1016085,-0.68989789,-0.95681721,0.26987725,-0.10801411,0
-0.39661241,-0.30293524,-1.4236397,-0.0044671297,-0.38518542,-0.92282832,0
0.31886292,-0.92996526,-1.2016293,-0.0044671297,-0.38518542,-0.92282832,0
-0.82386661,-1.2925576,-1.169626,-0.0044671297,-0.38518542,-0.92282832,0
-0.27726424,-0.35246497,1.8103824,0.0044671297,0.38518542,0.92282832,0
-0.44292223,-0.80791616,-1.257539,-0.0044671297,-0.38518542,-0.92282832,0
-1.2292099,-2.1598816,0.62201405,-0.29065576,-0.88249552,0.36975753,0
0.55236971,2.6515384,-0.12984204,0.29065576,0.88249552,-0.36975753,0
0.097954571,1.5732231,0.87838113,0.0044671297,0.38518542,0.92282832,0
-0.38147271,-1.8225145,-0.85958076,-0.0044671297,-0.38518542,-0.92282832,0
-0.50991714,-2.0081353,1.7237269,-0.29065576,-0.88249552,0.36975753,0
0.13424903,1.8741338,0.74971724,0.0044671297,0.38518542,0.92282832,0
0.0056658983,0.36477977,-1.7039214,-0.0044671297,-0.38518542,-0.92282832,0
-1.2196285,-1.5520505,2.0726976,-0.29065576,-0.88249552,0.36975753,0
1.1356356,2.3160279,0.037508249,0.95681721,-0.26987725,0.10801411,0
1.0374802,2.2906873,0.71277094,0.0044671297,0.38518542,0.92282832,0
-0.57744771,-2.7477803,-0.417485,-0.29065576,-0.88249552,0.36975753,0
-0.84929883,-2.1260531,1.2612414,-0.29065576,-0.88249552,0.36975753,0
-0.45332885,-1.2704097,2.128716,0.0044671297,0.38518542,0.92282832,0
-0.26400256,-0.35767162,1.8528638,0.0044671297,0.38518542,0.92282832,0
-1.0066509,-2.4250321,-0.66679049,-0.0044671297,-0.38518542,-0.92282832,0
0.9673357,1.8157601,-1.4234662,0.29065576,0.88249552,-0.36975753,0
-0.26807153,-0.74922073,-1.4032922,-0.0044671297,-0.38518542,-0.92282832,0
0.35750324,-0.9185853,-0.98741341,0.95681721,-0.26987725,0.10801411,0
0.30882287,2.0748947,-1.7151051,0.29065576,0.88249552,-0.36975753,0
0.078009307,1.6711946,0.93859136,0.0044671297,0.38518542,0.92282832,0
0.64115107,1.89969,-1.7778262,0.29065576,0.88249552,-0.36975753,0
-0.69307756,-0.60983163,-0.13503826,-0.95681721,0.26987725,-0.10801411,0
-0.45081973,0.24515954,-0.26006222,-0.95681721,0.26987725,-0.10801411,0
-1.042749,-2.4329276,-0.032901525,-0.29065576,-0.88249552,0.36975753,0
-0.30208737,0.27769905,-0.41771692,-0.95681721,0.26987725,-0.10801411,0
0.49600571,2.3694584,0.74119878,0.0044671297,0.38518542,0.92282832,0
0.96668339,0.81705642,-2.0718076,-0.0044671297,-0.38518542,-0.92282832,0
1.2522879,2.0267091,-0.51656675,0.95681721,-0.26987725,0.10801411,0
-0.52507234,-1.7697867,2.0640202,-0.29065576,-0.88249552,0.36975753,0
-0.68624115,-0.68294024,1.905288,0.0044671297,0.38518542,0.92282832,0
-1.1327707,-2.3169799,0.50591135,-0.29065576,-0.88249552,0.36975753,0
-0.044322491,-0.55547249,1.829446,0.0044671297,0.38518542,0.92282832,0
0.31234765,1.578455,-2.1811016,-0.0044671297,-0.38518542,-0.92282832,0
1.1516517,2.3851054,0.022558689,0.29065576,0.88249552,-0.36975753,0
0.1338217,2.4255052,-0.31786871,-0.95681721,0.26987725,-0.10801411,0
0.15728587,1.7710336,-0.70211518,-0.95681721,0.26987725,-0.10801411,0
0.15250897,0.77962494,-1.930732,-0.0044671297,-0.38518542,-0.92282832,0
0.48188329,2.3139324,-0.95105243,0.29065576,0.88249552,-0.36975753,0
1.0055356,1.6264287,0.53736472,0.95681721,-0.26987725,0.10801411,0
-0.64438117,-2.4862351,0.48646832,-0.29065576,-0.88249552,0.36975753,0
-0.87013459,-2.2084587,0.71495295,-0.29065576,-0.88249552,0.36975753,0
-0.58640748,-2.3702066,0.43942428,-0.29065576,-0.88249552,0.36975753,0
0.82993811,2.8464446,0.50344419,0.29065576,0.88249552,-0.36975753,0
0.40294385,1.289973,-2.2017879,-0.0044671297,-0.38518542,-0.92282832,0
0.4588331,2.0924766,-1.26981,0.29065576,0.88249552,-0.36975753,0
0.081372976,1.1128614,-1.7643609,-0.95681721,0.26987725,-0.10801411,0
-0.81214452,-1.4217569,2.2980947,0.0044671297,0.38518542,0.92282832,0
-0.080283225,-1.7326472,0.5975858,0.95681721,-0.26987725,0.10801411,0
0.60006475,2.142653,-1.0430217,0.29065576,0.88249552,-0.36975753,0
-1.0403441,-1.5846064,2.1247711,-0.29065576,-0.88249552,0.36975753,0
0.71001339,2.0961015,-1.2351682,0.29065576,0.88249552,-0.36975753,0
-0.51003337,-2.0403078,1.5334711,-0.29065576,-0.88249552,0.36975753,0
-1.231294,-2.0153148,0.87996292,-0.29065576,-0.88249552,0.36975753,0
-0.76736057,-0.42934757,1.6248728,-0.95681721,0.26987725,-0.10801411,0
0.76391304,2.3735163,-0.61650348,0.29065576,0.88249552,-0.36975753,0
-0.72874844,-0.60584384,0.46081758,-0.95681721,0.26987725,-0.10801411,0
1.0791993,1.824816,-1.6392703,0.29065576,0.88249552,-0.36975753,0
-0.0072663277,-1.9486908,0.07549119,0.95681721,-0.26987725,0.10801411,0
1.179238,2.5902128,0.47196698,0.29065576,0.88249552,-0.36975753,0
-0.09155345,0.26931643,-1.7871252,-0.0044671297,-0.38518542,-0.92282832,0
0.24237382,-0.47537363,0.53576487,0.95681721,-0.26987725,0.10801411,0
-0.32530761,1.0501587,1.0959132,-0.95681721,0.26987725,-0.10801411,0
-0.75445437,-1.7737558,1.7568157,-0.29065576,-0.88249552,0.36975753,0
0.6405763,1.933322,0.77583957,0.0044671297,0.38518542,0.92282832,0
-0.20294964,-2.1859379,1.4473239,-0.29065576,-0.88249552,0.36975753,0
0.91522413,0.99741495,-0.54789031,0.95681721,-0.26987725,0.10801411,0
0.47293568,1.7211002,-2.0430102,0.29065576,0.88249552,-0.36975753,0
-0.95612764,-0.80873108,1.0339941,-0.95681721,0.26987725,-0.10801411,0
0.143556,1.0077692,1.2714922,0.0044671297,0.38518542,0.92282832,0
-0.45557404,-1.626179,2.332859,0.0044671297,0.38518542,0.92282832,0
0.68688071,0.52550101,0.26445311,0.95681721,-0.26987725,0.10801411,0
0.92271924,1.660102,0.84691024,0.0044671297,0.38518542,0.92282832,0
0.56414843,2.158195,0.79318213,0.0044671297,0.38518542,0.92282832,0
-0.0088706017,-0.31224281,1.6609348,0.0044671297,0.38518542,0.92282832,0
-0.89262557,-2.4981582,0.078834295,-0.29065576,-0.88249552,0.36975753,0
-1.1083786,-2.6467233,-0.24450564,-0.29065576,-0.88249552,0.36975753,0
-0.61446285,-0.78685647,2.0650413,0.0044671297,0.38518542,0.92282832,0
0.36872613,2.4177699,-0.84556484,0.29065576,0.88249552,-0.36975753,0
-1.2407382,-2.5339267,-0.56006241,-0.0044671297,-0.38518542,-0.92282832,0
1.0076771,2.0225587,-1.0981197,0.29065576,0.88249552,-0.36975753,0
-0.53775913,-2.7431147,-0.36870217,-0.29065576,-0.88249552,0.36975753,0
-0.13278985,-0.72382969,-1.3303146,-0.0044671297,-0.38518542,-0.92282832,0
-0.67886567,-1.8998517,1.9372765,-0.29065576,-0.88249552,0.36975753,0
-1.0807935,-2.1257432,0.20476437,-0.95681721,0.26987725,-0.10801411,0
0.37151515,0.54969168,1.4150436,0.0044671297,0.38518542,0.92282832,0
-0.18984249,1.2409782,0.086980104,-0.95681721,0.26987725,-0.10801411,0
-0.8571676,-2.6837475,-0.14957428,-0.29065576,-0.88249552,0.36975753,0
-0.70267963,-0.61756021,0.33457124,-0.95681721,0.26987725,-0.10801411,0
0.49965763,-0.52095252,-1.4917479,-0.0044671297,-0.38518542,-0.92282832,0
0.42802048,1.6537045,-2.2802439,-0.0044671297,-0.38518542,-0.92282832,0
-0.47788978,-1.721225,2.0842128,-0.29065576,-0.88249552,0.36975753,0
-1.0047156,-1.8314534,1.7687736,-0.29065576,-0.88249552,0.36975753,0
-0.29710269,0.29235232,-1.7786703,-0.95681721,0.26987725,-0.10801411,0
0.25640416,2.2394505,-1.3014429,-0.95681721,0.26987725,-0.10801411,0
0.18215048,-0.44718742,-1.3399813,-0.0044671297,-0.38518542,-0.92282832,0
0.91970485,0.97650397,-1.0508666,0.95681721,-0.26987725,0.10801411,0
-0.88059318,-0.74078369,0.7778877,-0.95681721,0.26987725,-0.10801411,0
0.5558787,2.0066707,0.72141933,0.0044671297,0.38518542,0.92282832,0
0.99065918,2.4755979,-0.19637918,0.29065576,0.88249552,-0.36975753,0
-0.31839257,-2.4847047,0.47585225,-0.29065576,-0.88249552,0.36975753,0
0.92704248,1.9800749,-1.5153363,0.29065576,0.88249552,-0.36975753,0
0.088839054,-1.2543261,1.2336185,0.95681721,-0.26987725,0.10801411,0
0.15664327,0.38121653,1.4545965,0.0044671297,0.38518542,0.92282832,0
-1.0621755,-2.2087705,-0.6732614,-0.0044671297,-0.38518542,-0.92282832,0
1.0094763,2.5869899,-0.052271366,0.29065576,0.88249552,-0.36975753,0
-0.20691335,0.49105448,-1.6116914,-0.95681721,0.26987725,-0.10801411,0
-1.1189332,-1.7319248,1.9050987,-0.29065576,-0.88249552,0.36975753,0
0.63559252,-0.081848226,-0.82044458,0.95681721,-0.26987725,0.10801411,0
0.48758864,2.2960987,-0.85010672,0.29065576,0.88249552,-0.36975753,0
-0.74984401,-2.6696212,-0.37004471,-0.29065576,-0.88249552,0.36975753,0
0.90131128,0.46570686,-1.6396694,0.95681721,-0.26987725,0.10801411,0
-0.70103765,-2.0065167,1.4455347,-0.29065576,-0.88249552,0.36975753,0
-0.0254035,-0.9620747,1.796541,0.95681721,-0.26987725,0.10801411,0
1.1653097,1.8035073,-0.82262421,0.95681721,-0.26987725,0.10801411,0
-0.14918864,0.86170244,-1.0791365,-0.95681721,0.26987725,-0.10801411,0
-0.95602036,-1.6970198,1.7090032,-0.29065576,-0.88249552,0.36975753,0
-0.79794008,-0.85724437,-0.26524496,-0.95681721,0.26987725,-0.10801411,0
-0.1659503,-1.8499072,2.0055976,-0.29065576,-0.88249552,0.36975753,0
0.27917653,-0.64031553,-0.35186318,0.95681721,-0.26987725,0.10801411,0
-0.57835507,-2.396841,0.36183691,-0.29065576,-0.88249552,0.36975753,0
-0.052334547,-1.6810443,1.5537235,0.95681721,-0.26987725,0.10801411,0
0.10023773,-0.76831305,0.89776552,0.95681721,-0.26987725,0.10801411,0
0.97266853,2.5955281,0.30852079,0.29065576,0.88249552,-0.36975753,0
1.1171991,2.4249065,0.04490304,0.95681721,-0.26987725,0.10801411,0
-0.22102758,1.0914011,-0.1167742,-0.95681721,0.26987725,-0.10801411,0
0.56260037,1.3991257,-2.2218897,-0.0044671297,-0.38518542,-0.92282832,0
-0.47251058,0.36321247,1.115952,-0.95681721,0.26987725,-0.10801411,0
-0.69855976,-1.7812535,1.7169712,-0.29065576,-0.88249552,0.36975753,0
1.0436174,2.4122205,0.06760335,0.29065576,0.88249552,-0.36975753,0
-0.55716681,-0.48716062,-0.37240887,-0.95681721,0.26987725,-0.10801411,0
0.033815384,-0.078645706,-1.589937,-0.0044671297,-0.38518542,-0.92282832,0
1.0088713,2.2315047,-0.5126009,0.29065576,0.88249552,-0.36975753,0
-0.5413723,-0.11013389,0.073425353,-0.95681721,0.26987725,-0.10801411,0
0.96546382,1.4268742,-0.77282119,0.95681721,-0.26987725,0.10801411,0
1.0797597,1.6750224,-1.8061953,0.29065576,0.88249552,-0.36975753,0
0.97718048,1.3896234,-2.1557391,-0.0044671297,-0.38518542,-0.92282832,0
0.45106888,0.90998662,1.2731887,0.0044671297,0.38518542,0.92282832,0
-1.0354958,-2.6103714,-0.43542314,-0.0044671297,-0.38518542,-0.92282832,0
-1.2799873,-2.3971865,-0.083944082,-0.29065576,-0.88249552,0.36975753,0
0.61887741,2.6194258,0.15616536,0.29065576,0.88249552,-0.36975753,0
-0.14124703,-1.3371555,-1.0446608,-0.0044671297,-0.38518542,-0.92282832,0
-0.76999617,-0.77666783,2.0216932,0.0044671297,0.38518542,0.92282832,0
-0.056120872,-1.9018693,-0.38273907,0.95681721,-0.26987725,0.10801411,0
-1.0055832,-2.2017345,0.5393641,-0.29065576,-0.88249552,0.36975753,0
0.23127577,2.48277,-0.30650139,-0.95681721,0.26987725,-0.10801411,0
-0.25985807,-2.7168787,-0.027510643,-0.29065576,-0.88249552,0.36975753,0
-0.12364614,0.86529505,1.162544,0.0044671297,0.38518542,0.92282832,0
0.033826828,1.1652062,1.112987,0.0044671297,0.38518542,0.92282832,0
-0.4391619,-2.2864113,0.99886179,-0.29065576,-0.88249552,0.36975753,0
-0.24634483,1.1329243,-0.12713856,-0.95681721,0.26987725,-0.10801411,0
0.22947234,2.3112016,-0.26943231,-0.95681721,0.26987725,-0.10801411,0
-1.3072232,-2.6098785,-0.38409519,-0.95681721,0.26987725,-0.10801411,0
0.41679692,2.3694427,-0.55362988,0.29065576,0.88249552,-0.36975753,0
0.62986827,-0.03850475,-0.36685762,0.95681721,-0.26987725,0.10801411,0
0.60260767,2.240469,-0.85452485,0.29065576,0.88249552,-0.36975753,0
-0.93058902,-2.4266434,0.064067602,-0.29065576,-0.88249552,0.36975753,0
-1.0782542,-2.2444203,0.43319082,-0.29065576,-0.88249552,0.36975753,0
-0.24044347,-1.4702054,2.227432,0.0044671297,0.38518542,0.92282832,0
0.7670747,1.2708677,1.1397674,0.95681721,-0.26987725,0.10801411,0
-0.60113454,-2.1090853,1.4989195,-0.29065576,-0.88249552,0.36975753,0
-0.96950394,-2.1618786,0.7312417,-0.29065576,-0.88249552,0.36975753,0
-0.79865998,-1.178411,-1.0821069,-0.95681721,0.26987725,-0.10801411,0
-0.39210403,-1.3768466,-1.0172942,-0.0044671297,-0.38518542,-0.92282832,0
-0.8680985,-1.1331726,2.1942134,0.0044671297,0.38518542,0.92282832,0
0.49464798,0.76952863,-1.8749106,-0.0044671297,-0.38518542,-0.92282832,0
-0.69139993,-1.9927824,-0.69062388,-0.0044671297,-0.38518542,-0.92282832,0
-0.259157,-1.468201,-0.91906601,-0.0044671297,-0.38518542,-0.92282832,0
-0.086282521,1.6861775,0.26835454,-0.95681721,0.26987725,-0.10801411,0
0.46557212,1.8245846,-2.2974079,0.29065576,0.88249552,-0.36975753,0
0.8880353,1.7766348,-2.0006664,0.29065576,0.88249552,-0.36975753,0
0.73811215,2.3553674,-0.35181046,0.29065576,0.88249552,-0.36975753,0
0.46352947,-0.81428021,-1.3117098,-0.0044671297,-0.38518542,-0.92282832,0
0.64674795,0.18091559,-0.038721979,0.95681721,-0.26987725,0.10801411,0
1.0451592,1.5367582,-2.0576582,0.29065576,0.88249552,-0.36975753,0
-0.37201738,-1.7759742,2.2941747,0.0044671297,0.38518542,0.92282832,0
0.9573704,2.6158171,0.14560556,0.29065576,0.88249552,-0.36975753,0
-0.82305527,-2.036588,1.0671768,-0.29065576,-0.88249552,0.36975753,0
-0.44832742,-0.13151044,1.6255854,0.0044671297,0.38518542,0.92282832,0
0.80827987,1.7099873,-1.8997903,0.29065576,0.88249552,-0.36975753,0
0.83417928,2.0448928,-1.3469574,0.29065576,0.88249552,-0.36975753,0
1.0659035,1.9070702,0.19350934,0.95681721,-0.26987725,0.10801411,0
-0.62210751,-2.4696836,0.4201057,-0.29065576,-0.88249552,0.36975753,0
-0.91953903,-1.3785083,0.29951692,-0.95681721,0.26987725,-0.10801411,0
-0.0082945824,-0.32538402,1.8664131,0.0044671297,0.38518542,0.92282832,0
-0.16562116,-1.712378,-0.94071078,-0.0044671297,-0.38518542,-0.92282832,0
1.2167039,1.7861359,-0.92230511,0.95681721,-0.26987725,0.10801411,0
0.30017987,2.5375185,-0.33287597,-0.95681721,0.26987725,-0.10801411,0
-0.28309932,-2.5760684,-0.19740105,0.95681721,-0.26987725,0.10801411,0
0.55077934,2.2329741,-1.2344327,0.29065576,0.88249552,-0.36975753,0
-0.64540732,-0.42397758,1.7408712,0.0044671297,0.38518542,0.92282832,0
0.15051669,-1.7790658,-0.34388244,0.95681721,-0.26987725,0.10801411,0
0.54407644,0.53123522,0.42342812,0.95681721,-0.26987725,0.10801411,0
-0.16711783,0.3933174,-1.475163,-0.95681721,0.26987725,-0.10801411,0
-0.76518667,-1.7142875,-0.89462972,-0.0044671297,-0.38518542,-0.92282832,0
0.67201406,2.3115616,-0.48303914,0.29065576,0.88249552,-0.36975753,0
0.41769433,2.1423831,-1.57199,0.29065576,0.88249552,-0.36975753,0
0.005551815,-0.82863444,1.6905329,0.95681721,-0.26987725,0.10801411,0
-1.166985,-1.6395352,1.5128412,-0.95681721,0.26987725,-0.10801411,0
1.1443015,2.2494242,-0.35539842,0.95681721,-0.26987725,0.10801411,0
-0.28814223,-2.3881011,-0.53551412,-0.0044671297,-0.38518542,-0.92282832,0
1.0449147,1.3097826,-2.0791459,-0.0044671297,-0.38518542,-0.92282832,0
0.085413873,-1.0041184,0.74345118,0.95681721,-0.26987725,0.10801411,0
-0.76638222,-1.7119122,2.3411255,-0.29065576,-0.88249552,0.36975753,0
-0.041270137,-1.5727657,-0.98638034,-0.0044671297,-0.38518542,-0.92282832,0
1.0318667,2.2360969,-0.86647296,0.29065576,0.88249552,-0.36975753,0
1.1317909,1.8647294,-1.4814444,0.29065576,0.88249552,-0.36975753,0
1.2874235,1.8382676,-1.5581079,0.29065576,0.88249552,-0.36975753,0
0.57448339,2.208575,0.63062954,0.0044671297,0.38518542,0.92282832,0
-0.56250572,-1.6050416,2.3764591,0.0044671297,0.38518542,0.92282832,0
0.41403204,0.030206203,0.4120349,0.95681721,-0.26987725,0.10801411,0
-0.022800326,1.2927531,-0.68310201,-0.95681721,0.26987725,-0.10801411,0
0.12790501,-1.6192783,-0.85010058,-0.0044671297,-0.38518542,-0.92282832,0
0.82067549,0.72142678,-0.70844865,0.95681721,-0.26987725,0.10801411,0
-1.1953565,-1.8380504,1.5592215,-0.95681721,0.26987725,-0.10801411,0
0.23598675,-0.63093793,0.03989172,0.95681721,-0.26987725,0.10801411,0
0.48862356,1.754877,0.8029747,0.0044671297,0.38518542,0.92282832,0
-0.89830709,-1.1142503,2.0464911,0.0044671297,0.38518542,0.92282832,0
0.16144216,1.808809,-1.5099829,-0.95681721,0.26987725,-0.10801411,0
-0.27398503,0.061376452,-1.6146691,-0.0044671297,-0.38518542,-0.92282832,0
-0.75028205,-1.6204385,2.2359681,-0.29065576,-0.88249552,0.36975753,0
1.1158448,2.6619606,0.43811774,0.0044671297,0.38518542,0.92282832,0
0.7353068,2.1144838,-1.0528908,0.29065576,0.88249552,-0.36975753,0
-0.068617463,-1.8225065,1.5255492,0.95681721,-0.26987725,0.10801411,0
-0.74203646,-1.9458582,1.2807169,-0.29065576,-0.88249552,0.36975753,0
0.976547,1.2908983,-2.2563732,-0.0044671297,-0.38518542,-0.92282832,0
-0.51155865,-2.7646561,-0.13277364,-0.29065576,-0.88249552,0.36975753,0
-1.0673612,-2.2974854,0.67222691,-0.29065576,-0.88249552,0.36975753,0
0.94500208,1.7813218,-1.7105417,0.29065576,0.88249552,-0.36975753,0
0.16016144,1.8500789,0.90389347,0.0044671297,0.38518542,0.92282832,0
0.46294713,-0.38027689,-1.404098,-0.0044671297,-0.38518542,-0.92282832,0
-0.52090651,-2.4857216,0.6625874,-0.29065576,-0.88249552,0.36975753,0
0.28841889,0.99740386,1.1927652,0.0044671297,0.38518542,0.92282832,0
0.7204783,1.2863117,-2.2716281,-0.0044671297,-0.38518542,-0.92282832,0
0.38118047,1.3618047,1.1302239,0.0044671297,0.38518542,0.92282832,0
-0.88731945,-2.4727507,-0.036262274,-0.29065576,-0.88249552,0.36975753,0
0.14973748,-0.69792956,-1.4350598,-0.0044671297,-0.38518542,-0.92282832,0
-0.21615899,-2.364392,1.0701354,-0.29065576,-0.88249552,0.36975753,0
-0.29611921,0.58111066,-0.85146523,-0.95681721,0.26987725,-0.10801411,0
0.64914334,0.89755577,1.2662983,0.0044671297,0.38518542,0.92282832,0
-0.86580467,-2.4410801,-0.66239381,-0.0044671297,-0.38518542,-0.92282832,0
0.76190984,1.9565039,-1.2943573,0.29065576,0.88249552,-0.36975753,0
0.062542677,1.0431447,1.1238995,0.0044671297,0.38518542,0.92282832,0
0.11799455,-1.4729685,-1.0624288,-0.0044671297,-0.38518542,-0.92282832,0
-0.83082497,-2.762361,-0.49138141,-0.0044671297,-0.38518542,-0.92282832,0
1.0919403,1.4888451,-2.1224573,0.29065576,0.88249552,-0.36975753,0
0.48515469,2.4252753,-0.5285387,0.29065576,0.88249552,-0.36975753,0
-1.0836538,-1.6804324,1.6155348,-0.95681721,0.26987725,-0.10801411,0
-0.67136931,-1.8275032,2.0710521,-0.29065576,-0.88249552,0.36975753,0
0.59331596,1.8806174,-1.8487743,0.29065576,0.88249552,-0.36975753,0
-0.69602704,-2.0231106,1.5372241,-0.29065576,-0.88249552,0.36975753,0
0.51533222,0.40483946,0.63493186,0.95681721,-0.26987725,0.10801411,0
-0.15146017,-0.40326226,1.768908,0.0044671297,0.38518542,0.92282832,0
0.05107224,-0.7925027,-1.2464898,-0.0044671297,-0.38518542,-0.92282832,0
-0.45274431,-2.3599839,0.70201039,-0.29065576,-0.88249552,0.36975753,0
0.31470895,2.7835617,0.32198119,0.29065576,0.88249552,-0.36975753,0
0.40686548,-1.0790602,-0.93334228,0.95681721,-0.26987725,0.10801411,0
-0.19194949,-0.63996083,-1.3113623,-0.0044671297,-0.38518542,-0.92282832,0
-0.60013545,0.10018583,0.92176723,-0.95681721,0.26987725,-0.10801411,0
-0.55125213,-0.25676328,-1.2629863,-0.95681721,0.26987725,-0.10801411,0
-0.59686577,-2.2876828,0.68584466,-0.29065576,-0.88249552,0.36975753,0
0.82574868,1.0482001,0.75894892,0.95681721,-0.26987725,0.10801411,0
-0.48510659,0.52630985,1.2910837,-0.95681721,0.26987725,-0.10801411,0
1.2838333,1.4908257,-2.1873713,0.95681721,-0.26987725,0.10801411,0
0.013841033,0.21362746,1.5992668,0.0044671297,0.38518542,0.92282832,0
-0.45216966,-1.6548425,2.2532334,0.0044671297,0.38518542,0.92282832,0
0.10879648,1.6570852,-1.2554888,-0.95681721,0.26987725,-0.10801411,0
0.24574944,2.5970898,-0.26592875,0.29065576,0.88249552,-0.36975753,0
-0.84184372,-0.30781102,1.81657,0.0044671297,0.38518542,0.92282832,0
-0.074341565,1.5509808,-0.36138952,-0.95681721,0.26987725,-0.10801411,0
-0.18993449,-1.4758993,1.8545194,0.95681721,-0.26987725,0.10801411,0
-0.47367883,-0.76007211,2.0109801,0.0044671297,0.38518542,0.92282832,0
0.054187894,1.3316356,-1.2094812,-0.95681721,0.26987725,-0.10801411,0
0.76916814,2.205528,-0.70693326,0.29065576,0.88249552,-0.36975753,0
0.2074759,-0.27058238,-1.5742511,-0.0044671297,-0.38518542,-0.92282832,0
0.2189064,-0.39233547,1.3895699,0.95681721,-0.26987725,0.10801411,0
0.89595056,0.39363047,-1.7487497,0.95681721,-0.26987725,0.10801411,0
0.059325457,-1.2769498,1.0757354,0.95681721,-0.26987725,0.10801411,0
0.14427996,0.88209546,-2.0222239,-0.0044671297,-0.38518542,-0.92282832,0
-1.0278521,-2.1223571,0.93935895,-0.29065576,-0.88249552,0.36975753,0
0.45855457,-0.6031785,-1.0974579,0.95681721,-0.26987725,0.10801411,0
-0.67138135,-0.83353746,1.8727202,0.0044671297,0.38518542,0.92282832,0
0.45171097,2.623776,0.074897051,0.29065576,0.88249552,-0.36975753,0
1.0275375,2.0742097,0.20027781,0.95681721,-0.26987725,0.10801411,0
-1.2159491,-2.1761103,0.78613806,-0.29065576,-0.88249552,0.36975753,0
-0.67109656,-1.2893353,2.252481,0.0044671297,0.38518542,0.92282832,0
-0.62223959,-0.42703944,-0.58647531,-0.95681721,0.26987725,-0.10801411,0
0.57628679,0.35689059,-1.7826759,-0.0044671297,-0.38518542,-0.92282832,0
0.024006605,1.9886692,0.7876184,0.0044671297,0.38518542,0.92282832,0
-0.34420061,-1.9350133,2.1083293,-0.29065576,-0.88249552,0.36975753,0
-0.27839088,1.1596522,1.2320219,0.0044671297,0.38518542,0.92282832,0
0.011791453,2.0677729,0.019820929,-0.95681721,0.26987725,-0.10801411,0
-0.032852829,1.1566536,-0.68978786,-0.95681721,0.26987725,-0.10801411,0
-0.51058424,-0.39003748,-0.61105025,-0.95681721,0.26987725,-0.10801411,0
0.059643149,-1.6526747,-0.95936149,-0.0044671297,-0.38518542,-0.92282832,0
0.3162092,-1.1678901,-1.0927721,-0.0044671297,-0.38518542,-0.92282832,0
0.69308686,1.7477815,-1.9541184,0.29065576,0.88249552,-0.36975753,0
-1.0418954,-2.3890617,-0.02355504,-0.29065576,-0.88249552,0.36975753,0
0.59663045,2.4216061,-0.75338721,0.29065576,0.88249552,-0.36975753,0
-0.83020455,-2.1266298,-0.65123916,-0.0044671297,-0.38518542,-0.92282832,0
0.040957093,-1.7904885,-0.78342474,-0.0044671297,-0.38518542,-0.92282832,0
0.99605346,1.8134043,-1.5687735,0.29065576,0.88249552,-0.36975753,0
-0.9813059,-1.8194935,-0.46756244,-0.95681721,0.26987725,-0.10801411,0
1.0138412,1.1449728,-1.1249697,0.95681721,-0.26987725,0.10801411,0
1.1045876,2.6523547,0.61538148,0.0044671297,0.38518542,0.92282832,0
-0.49165201,-0.39482075,-1.4484907,-0.0044671297,-0.38518542,-0.92282832,0
-0.24089718,0.94540411,-0.012670815,-0.95681721,0.26987725,-0.10801411,0
0.69805491,1.7772779,-1.7440922,0.29065576,0.88249552,-0.36975753,0
-0.94012249,-2.0380149,1.4007993,-0.29065576,-0.88249552,0.36975753,0
-0.85966849,-0.80387592,1.5998635,-0.95681721,0.26987725,-0.10801411,0
-0.72882086,-0.24038586,0.62338525,-0.95681721,0.26987725,-0.10801411,0
0.13272417,1.7630962,0.87726164,0.0044671297,0.38518542,0.92282832,0
-1.1333549,-2.0271893,1.2742548,-0.29065576,-0.88249552,0.36975753,0
-0.49682164,-1.8264593,1.9577661,-0.29065576,-0.88249552,0.36975753,0
0.87020504,1.2387222,0.23858559,0.95681721,-0.26987725,0.10801411,0
0.8274796,1.5871089,-2.1042826,0.29065576,0.88249552,-0.36975753,0
0.47251368,1.8385895,-2.0684662,0.29065576,0.88249552,-0.36975753,0
0.2297287,2.1292801,-1.3693209,-0.95681721,0.26987725,-0.10801411,0
-0.036093235,-1.873243,1.0111725,0.95681721,-0.26987725,0.10801411,0
-0.6920076,-2.5467622,-0.029928684,-0.29065576,-0.88249552,0.36975753,0
0.78012311,1.4109735,0.6419425,0.95681721,-0.26987725,0.10801411,0
-0.37431419,-0.20117807,-1.6152067,-0.0044671297,-0.38518542,-0.92282832,0
-0.30601573,0.53445894,-1.3387312,-0.95681721,0.26987725,-0.10801411,0
0.67400825,1.0731871,1.167526,0.0044671297,0.38518542,0.92282832,0
0.029328704,-0.36838084,-1.3975239,-0.0044671297,-0.38518542,-0.92282832,0
0.30970883,-0.23428667,1.6766568,0.0044671297,0.38518542,0.92282832,0
-0.14226484,-1.3216996,1.7709552,0.95681721,-0.26987725,0.10801411,0
-0.18356958,1.3390012,-0.31690025,-0.95681721,0.26987725,-0.10801411,0
0.48482987,2.4589009,-0.32738829,0.29065576,0.88249552,-0.36975753,0
-0.99324065,-2.2825789,0.76727915,-0.29065576,-0.88249552,0.36975753,0
-0.71170044,-2.2736807,-0.66226888,-0.0044671297,-0.38518542,-0.92282832,0
0.020358428,-1.6845081,-0.2838918,0.95681721,-0.26987725,0.10801411,0
-0.81777501,-2.5181379,0.1367588,-0.29065576,-0.88249552,0.36975753,0
-0.21854952,1.3013493,-0.19734383,-0.95681721,0.26987725,-0.10801411,0
1.0564582,2.5440567,-0.0082411766,0.29065576,0.88249552,-0.36975753,0
-0.54367357,0.41208705,1.1904923,-0.95681721,0.26987725,-0.10801411,0
0.55140483,2.6596508,0.083525419,0.29065576,0.88249552,-0.36975753,0
0.96271509,2.0726526,-1.1422319,0.29065576,0.88249552,-0.36975753,0
-0.30201671,-2.7764473,-0.34297633,-0.29065576,-0.88249552,0.36975753,0
-0.60419714,-2.373652,-0.68121386,-0.0044671297,-0.38518542,-0.92282832,0
-0.8220641,-2.0182655,-0.8754679,-0.0044671297,-0.38518542,-0.92282832,0
-1.0544206,-2.071002,0.86494613,-0.29065576,-0.88249552,0.36975753,0
-0.88147223,-0.29269901,1.6520188,-0.95681721,0.26987725,-0.10801411,0
-0.41481984,-1.99316,1.4484153,-0.29065576,-0.88249552,0.36975753,0
-0.51320237,0.69317383,1.1244199,-0.95681721,0.26987725,-0.10801411,0
0.76934761,2.3274698,-0.37292743,0.29065576,0.88249552,-0.36975753,0
-0.33256865,-0.098857403,-1.5603113,-0.0044671297,-0.38518542,-0.92282832,0
-0.41337109,-1.8704031,2.1402338,-0.29065576,-0.88249552,0.36975753,0
0.015799761,0.59198594,1.2988787,0.0044671297,0.38518542,0.92282832,0
-1.1301721,-2.2891245,0.27972984,-0.29065576,-0.88249552,0.36975753,0
-0.25966859,-1.6687425,2.3347161,0.0044671297,0.38518542,0.92282832,0
-0.7439369,-1.0817184,0.15604138,-0.95681721,0.26987725,-0.10801411,0
0.60636854,0.17528948,-1.7293708,-0.0044671297,-0.38518542,-0.92282832,0
0.01782918,-0.59722412,1.9155855,0.0044671297,0.38518542,0.92282832,0
-0.76948154,-0.83692908,2.0503013,0.0044671297,0.38518542,0.92282832,0
-0.21573684,1.3695054,0.59232432,-0.95681721,0.26987725,-0.10801411,0
0.29773164,-0.40855241,1.5311773,0.95681721,-0.26987725,0.10801411,0
-0.044321895,-0.69222152,-1.3863337,-0.0044671297,-0.38518542,-0.92282832,0
0.1373322,-0.69834143,1.8783609,0.0044671297,0.38518542,0.92282832,0
-0.54263115,-0.82858527,2.0258703,0.0044671297,0.38518542,0.92282832,0
-0.59874761,-0.32368174,-0.22374213,-0.95681721,0.26987725,-0.10801411,0
-1.0317445,-2.0166142,0.045846224,-0.95681721,0.26987725,-0.10801411,0
0.65871465,2.0180161,0.80534959,0.0044671297,0.38518542,0.92282832,0
1.2265083,2.1636007,-0.5704217,0.29065576,0.88249552,-0.36975753,0
0.35149506,2.7495975,0.01032567,0.29065576,0.88249552,-0.36975753,0
-0.14673656,-1.7865858,-0.97931218,-0.0044671297,-0.38518542,-0.92282832,0
-0.3028512,0.88519037,1.3535113,0.0044671297,0.38518542,0.92282832,0
0.28095913,2.6479039,-0.44739962,0.29065576,0.88249552,-0.36975753,0
-0.60243344,-1.8293996,1.9966944,-0.29065576,-0.88249552,0.36975753,0
0.81673801,1.8765099,-1.8835783,0.29065576,0.88249552,-0.36975753,0
-0.39251077,-2.2673521,0.8391614,-0.29065576,-0.88249552,0.36975753,0
0.84909797,1.0217634,-0.38121665,0.95681721,-0.26987725,0.10801411,0
-0.6811136,-2.6943216,-0.052192211,-0.29065576,-0.88249552,0.36975753,0
-0.62326205,-2.0873547,1.4653771,-0.29065576,-0.88249552,0.36975753,0
-0.34442568,-2.1555462,1.5408785,0.95681721,-0.26987725,0.10801411,0
-0.82363892,-1.8609089,1.9125326,-0.29065576,-0.88249552,0.36975753,0
-0.3645885,0.71245104,1.3661392,0.0044671297,0.38518542,0.92282832,0
0.12848912,2.4686499,0.19345188,-0.95681721,0.26987725,-0.10801411,0
-0.53110111,-2.763782,-0.4628377,-0.29065576,-0.88249552,0.36975753,0
-0.64497048,-2.0058036,-0.8502357,-0.0044671297,-0.38518542,-0.92282832,0
-0.63843107,-0.44896209,1.8419278,0.0044671297,0.38518542,0.92282832,0
0.54984331,2.7193663,0.23976898,0.29065576,0.88249552,-0.36975753,0
-0.49873257,-0.50435525,-1.501783,-0.0044671297,-0.38518542,-0.92282832,0
1.0526482,2.5074182,-0.10113192,0.29065576,0.88249552,-0.36975753,0
-0.11879957,0.65024543,1.4112872,0.0044671297,0.38518542,0.92282832,0
0.26616156,0.72635853,1.3065186,0.0044671297,0.38518542,0.92282832,0
-0.97677684,-1.1778975,1.925105,-0.95681721,0.26987725,-0.10801411,0
-0.73901105,0.10516002,1.3325528,-0.95681721,0.26987725,-0.10801411,0
0.7412765,1.8142456,-1.8085713,0.29065576,0.88249552,-0.36975753,0
-0.094706774,-1.5086305,2.0815902,0.95681721,-0.26987725,0.10801411,0
0.35117531,0.69041973,-1.9843245,-0.0044671297,-0.38518542,-0.92282832,0
-0.10174203,-0.43913615,-1.5415149,-0.0044671297,-0.38518542,-0.92282832,0
0.54417145,0.98215002,1.1443012,0.0044671297,0.38518542,0.92282832,0
0.80961078,2.4218593,-0.30161285,0.29065576,0.88249552,-0.36975753,0
-0.77198178,-2.078845,1.0475852,-0.29065576,-0.88249552,0.36975753,0
-0.530209,0.0032069981,0.96928537,-0.95681721,0.26987725,-0.10801411,0
-0.97757256,-1.5911742,-0.58368611,-0.95681721,0.26987725,-0.10801411,0
-0.3073051,-1.3534867,2.1471121,0.0044671297,0.38518542,0.92282832,0
0.64070994,2.5948873,-0.33418798,0.29065576,0.88249552,-0.36975753,0
0.44391966,0.069153666,1.0737267,0.95681721,-0.26987725,0.10801411,0
0.45659816,-0.18840641,-1.6047752,-0.0044671297,-0.38518542,-0.92282832,0
-0.68887067,-2.462018,0.42288947,-0.29065576,-0.88249552,0.36975753,0
0.5214746,2.5466943,-0.39520526,0.29065576,0.88249552,-0.36975753,0
0.8530677,2.7646258,0.50644422,0.0044671297,0.38518542,0.92282832,0
-0.19954008,-2.3426056,-0.70753622,-0.0044671297,-0.38518542,-0.92282832,0
0.58877254,-0.010422587,-1.6880442,-0.0044671297,-0.38518542,-0.92282832,0
-0.33593512,-1.9998492,1.8620338,-0.29065576,-0.88249552,0.36975753,0
0.50654596,0.43658066,0.92782581,0.95681721,-0.26987725,0.10801411,0
0.4522264,0.85454786,-2.0104294,-0.0044671297,-0.38518542,-0.92282832,0
0.87573588,1.0474156,-2.1145074,-0.0044671297,-0.38518542,-0.92282832,0
0.53120333,2.7218251,0.18211889,0.29065576,0.88249552,-0.36975753,0
0.39105487,-0.22679332,-1.4892106,-0.0044671297,-0.38518542,-0.92282832,0
-0.59884197,-0.25157362,0.21818435,-0.95681721,0.26987725,-0.10801411,0
0.46364045,0.63822764,1.3720541,0.0044671297,0.38518542,0.92282832,0
-0.75166821,-1.9302149,1.6717212,-0.29065576,-0.88249552,0.36975753,0
0.91566497,2.4429107,-0.064880848,0.29065576,0.88249552,-0.36975753,0
0.11457181,-0.49561483,-1.3912165,-0.0044671297,-0.38518542,-0.92282832,0
1.0458696,2.5015228,-0.037143946,0.29065576,0.88249552,-0.36975753,0
0.74565399,0.10018133,-1.4343379,0.95681721,-0.26987725,0.10801411,0
0.064239979,1.0703079,1.1869997,0.0044671297,0.38518542,0.92282832,0
0.54407537,0.81607443,-1.8879051,-0.0044671297,-0.38518542,-0.92282832,0
-0.30221236,-0.30313933,1.6731896,0.0044671297,0.38518542,0.92282832,0
-0.43249828,-2.3115296,0.91907334,-0.29065576,-0.88249552,0.36975753,0
-0.37432539,0.20768782,1.6242032,0.0044671297,0.38518542,0.92282832,0
-0.36852968,-1.3523451,-0.96308267,-0.0044671297,-0.38518542,-0.92282832,0
0.78957891,1.8461518,-1.4763448,0.29065576,0.88249552,-0.36975753,0
-0.42815059,0.33664969,0.79222703,-0.95681721,0.26987725,-0.10801411,0
-0.03590405,1.258639,-1.1364903,-0.95681721,0.26987725,-0.10801411,0
1.1662285,1.5979764,-2.0811641,0.29065576,0.88249552,-0.36975753,0
-0.3730371,-2.3964458,0.99008727,-0.29065576,-0.88249552,0.36975753,0
0.67067659,0.53722548,-1.9507934,-0.0044671297,-0.38518542,-0.92282832,0
0.41024828,1.8219285,-2.3065596,0.29065576,0.88249552,-0.36975753,0
0.54477084,2.4971004,-0.13169408,0.29065576,0.88249552,-0.36975753,0
0.8478477,1.4245946,-2.1374526,-0.0044671297,-0.38518542,-0.92282832,0
0.39986414,0.15256685,0.77675307,0.95681721,-0.26987725,0.10801411,0
-0.33127952,-1.6320004,-0.96714139,-0.0044671297,-0.38518542,-0.92282832,0
-0.037602961,1.8360673,-0.40548778,-0.95681721,0.26987725,-0.10801411,0
-0.15307987,0.7832495,-0.81770134,-0.95681721,0.26987725,-0.10801411,0
-1.0523047,-1.7184248,1.6901479,-0.29065576,-0.88249552,0.36975753,0
-1.2295541,-2.5332711,-0.44543481,-0.29065576,-0.88249552,0.36975753,0
-0.25436771,-0.0029624104,1.6503479,0.0044671297,0.38518542,0.92282832,0
-0.41781765,-1.8952358,-0.75104415,-0.0044671297,-0.38518542,-0.92282832,0
-0.0096155405,1.283898,-0.42841506,-0.95681721,0.26987725,-0.10801411,0
-0.51206666,-2.0690255,-0.83466196,-0.0044671297,-0.38518542,-0.92282832,0
-0.61809564,-0.35049033,-0.61185604,-0.95681721,0.26987725,-0.10801411,0
0.069287777,1.0062822,-2.1120381,-0.0044671297,-0.38518542,-0.92282832,0
-0.48090413,0.12096763,-0.53861076,-0.95681721,0.26987725,-0.10801411,0
0.65508628,2.4030485,-0.54624677,0.29065576,0.88249552,-0.36975753,0
-0.97432828,-1.5234312,0.34289527,-0.95681721,0.26987725,-0.10801411,0
1.1728948,2.6754818,0.35686779,0.29065576,0.88249552,-0.36975753,0
0.76612812,1.7819436,0.81400466,0.0044671297,0.38518542,0.92282832,0
0.49530172,1.9036819,0.84342968,0.0044671297,0.38518542,0.92282832,0
0.79850042,1.1835487,-2.027956,-0.0044671297,-0.38518542,-0.92282832,0
-0.046483397,-1.8696077,0.85282111,0.95681721,-0.26987725,0.10801411,0
0.14197075,0.77263176,1.3833294,0.0044671297,0.38518542,0.92282832,0
-0.096529543,-1.7755136,-0.94634449,-0.0044671297,-0.38518542,-0.92282832,0
-0.79001087,-2.4776263,-0.012830496,-0.29065576,-0.88249552,0.36975753,0
-0.42187348,-2.4547405,0.30298352,-0.29065576,-0.88249552,0.36975753,0
-0.6152426,-2.1426535,1.0592141,-0.29065576,-0.88249552,0.36975753,0
1.0432329,2.2912264,-0.40140152,0.29065576,0.88249552,-0.36975753,0
0.15425301,0.52386379,1.4325558,0.0044671297,0.38518542,0.92282832,0
0.91033602,2.5816038,0.13384914,0.29065576,0.88249552,-0.36975753,0
-0.46014619,-2.0334349,1.8115405,-0.29065576,-0.88249552,0.36975753,0
0.48689628,-0.068736315,1.0000787,0.95681721,-0.26987725,0.10801411,0
0.74471354,1.3214324,-2.1988704,-0.0044671297,-0.38518542,-0.92282832,0
-1.0219116,-1.9792995,0.98515916,-0.29065576,-0.88249552,0.36975753,0
-0.46785808,-1.2428498,2.232101,0.0044671297,0.38518542,0.92282832,0
0.9090873,1.9918435,-1.3861473,0.29065576,0.88249552,-0.36975753,0
0.3371526,2.7940843,-0.042233944,0.29065576,0.88249552,-0.36975753,0
-0.13209987,-0.29494572,1.6808001,0.0044671297,0.38518542,0.92282832,0
-0.026638396,-2.2077851,-0.24038672,0.95681721,-0.26987725,0.10801411,0
-0.6885581,-0.2346037,1.3324951,-0.95681721,0.26987725,-0.10801411,0
-0.75026566,-2.582077,0.059428692,-0.29065576,-0.88249552,0.36975753,0
0.6266439,2.3210378,-0.70900011,0.29065576,0.88249552,-0.36975753,0
0.89057469,1.03766,-0.31824017,0.95681721,-0.26987725,0.10801411,0
0.43565521,-0.31160426,0.080655709,0.95681721,-0.26987725,0.10801411,0
0.68253231,1.0585743,-1.9668633,-0.0044671297,-0.38518542,-0.92282832,0
0.7176342,1.529225,-2.2360432,-0.0044671297,-0.38518542,-0.92282832,0
0.58463961,2.7716973,0.50015211,0.0044671297,0.38518542,0.92282832,0
-0.18937367,-2.4634712,-0.60872149,-0.0044671297,-0.38518542,-0.92282832,0
0.26586592,2.4468446,0.5724175,0.0044671297,0.38518542,0.92282832,0
0.51589501,0.32575652,-1.7118368,-0.0044671297,-0.38518542,-0.92282832,0
0.33984303,0.67139781,1.370097,0.0044671297,0.38518542,0.92282832,0
0.31457728,2.4706211,-0.53109789,0.29065576,0.88249552,-0.36975753,0
0.56597054,-0.14285919,0.14959994,0.95681721,-0.26987725,0.10801411,0
0.66237366,2.4482446,-0.16657805,0.29065576,0.88249552,-0.36975753,0
-0.59623671,-1.8404417,1.7811208,-0.29065576,-0.88249552,0.36975753,0
-1.0866015,-2.571054,-0.21333194,-0.29065576,-0.88249552,0.36975753,0
0.0030823201,1.6670682,0.13413048,-0.95681721,0.26987725,-0.10801411,0
0.3865633,2.1229405,-1.6199422,0.29065576,0.88249552,-0.36975753,0
-0.97245431,-1.3707887,0.73459005,-0.95681721,0.26987725,-0.10801411,0
-0.023848176,-1.7185307,-0.032383561,0.95681721,-0.26987725,0.10801411,0
-0.79554129,-1.5805482,2.1960201,-0.29065576,-0.88249552,0.36975753,0
-0.91836238,-1.4649943,2.3096552,0.0044671297,0.38518542,0.92282832,0
0.32161903,1.9217664,-1.7955948,0.29065576,0.88249552,-0.36975753,0
-0.12908673,0.31942809,-1.7769318,-0.0044671297,-0.38518542,-0.92282832,0
0.33611321,1.0085042,-2.1022959,-0.0044671297,-0.38518542,-0.92282832,0
0.63512564,0.067533553,-1.4370245,0.95681721,-0.26987725,0.10801411,0
-0.32166016,-1.9893254,1.6527253,-0.29065576,-0.88249552,0.36975753,0
0.40577424,0.34879136,1.3902398,0.0044671297,0.38518542,0.92282832,0
0.96068513,0.92693579,-2.0966239,-0.0044671297,-0.38518542,-0.92282832,0
-0.51101148,-2.0056772,1.8125421,-0.29065576,-0.88249552,0.36975753,0
1.1967962,2.1264696,-0.32463026,0.95681721,-0.26987725,0.10801411,0
-0.3063736,-1.8216823,2.0363591,0.95681721,-0.26987725,0.10801411,0
0.33599192,-0.84945536,-1.049595,0.95681721,-0.26987725,0.10801411,0
-1.1602691,-2.2683926,-0.67030907,-0.95681721,0.26987725,-0.10801411,0
0.35611105,2.0003798,-1.87134,0.29065576,0.88249552,-0.36975753,0
-0.093544424,-2.228081,-0.68778336,-0.0044671297,-0.38518542,-0.92282832,0
-0.36350107,0.13917238,-0.90424442,-0.95681721,0.26987725,-0.10801411,0
-0.65744936,-2.5502856,0.31943011,-0.29065576,-0.88249552,0.36975753,0
-0.38694751,-2.3062377,1.203043,-0.29065576,-0.88249552,0.36975753,0
0.48501825,0.98625547,-2.1128924,-0.0044671297,-0.38518542,-0.92282832,0
0.5713647,2.398001,-0.78180146,0.29065576,0.88249552,-0.36975753,0
-0.28673196,1.0373248,0.69218647,-0.95681721,0.26987725,-0.10801411,0
0.88105917,1.7489567,0.84645891,0.0044671297,0.38518542,0.92282832,0
0.52607822,1.0216765,-1.9661208,-0.0044671297,-0.38518542,-0.92282832,0
0.76088369,1.9234586,-1.4920673,0.29065576,0.88249552,-0.36975753,0
-0.16951245,1.7716517,0.45471156,-0.95681721,0.26987725,-0.10801411,0
0.73265141,1.6242753,0.92571545,0.0044671297,0.38518542,0.92282832,0
0.2104618,-1.0738189,0.84272689,0.95681721,-0.26987725,0.10801411,0
-1.0734028,-2.6654606,-0.5310061,-0.29065576,-0.88249552,0.36975753,0
0.10545319,-1.2882204,-1.004297,-0.0044671297,-0.38518542,-0.92282832,0
-0.92047048,-2.5420532,-0.50091624,-0.0044671297,-0.38518542,-0.92282832,0
0.054570351,-1.8100243,-0.044011354,0.95681721,-0.26987725,0.10801411,0
-0.19592869,0.24483496,-1.6347246,-0.0044671297,-0.38518542,-0.92282832,0
-0.99586833,-1.7411511,1.6511381,-0.29065576,-0.88249552,0.36975753,0
-1.1984689,-2.0029173,0.69310975,-0.95681721,0.26987725,-0.10801411,0
1.0296052,1.2755426,-2.1410418,-0.0044671297,-0.38518542,-0.92282832,0
-0.59141207,0.3308298,0.76580262,-0.95681721,0.26987725,-0.10801411,0
-1.0192559,-2.4016259,0.4356811,-0.29065576,-0.88249552,0.36975753,0
-0.64961982,-2.1250148,1.3348665,-0.29065576,-0.88249552,0.36975753,0
0.7867595,1.5500903,0.91257215,0.0044671297,0.38518542,0.92282832,0
-0.33998394,0.87038261,1.1632973,0.0044671297,0.38518542,0.92282832,0
-0.9987433,-1.8043586,0.07797575,-0.95681721,0.26987725,-0.10801411,0
0.65970844,0.88207722,0.80016261,0.95681721,-0.26987725,0.10801411,0
