-0.57079601,1.4567431,-0.29180819,-0.46120477,0.82151091,-0.33527559,0
-2.0146413,-0.056752682,-2.1088562,-0.46120477,0.82151091,-0.33527559,0
-0.68262702,-1.1381472,0.090638757,-0.64554584,-0.051433325,0.76198751,0
1.8228799,0.52921116,0.8752327,0.64554584,0.051433325,-0.76198751,0
-2.1291018,-1.3046207,-1.7598366,-0.60873675,-0.56786817,-0.55404449,0
2.1367798,1.7995915,1.232113,0.60873675,0.56786817,0.55404449,0
-0.23463929,1.4598765,0.63216138,-0.64554584,-0.051433325,0.76198751,0
0.74036145,1.1251991,0.015356302,0.64554584,0.051433325,-0.76198751,0
1.534791,-0.23073053,1.6323216,0.46120477,-0.82151091,0.33527559,0
1.8154476,-0.19094944,0.94095612,0.64554584,0.051433325,-0.76198751,0
1.6823456,-0.61810184,0.85569513,0.46120477,-0.82151091,0.33527559,0
0.75353742,1.2233548,1.3557223,-0.64554584,-0.051433325,0.76198751,0
-1.6917865,0.18842936,-0.70813322,-0.64554584,-0.051433325,0.76198751,0
0.0112257,0.42798245,-0.63220984,0.64554584,0.051433325,-0.76198751,0
0.55450499,0.88973349,1.1134603,-0.64554584,-0.051433325,0.76198751,0
0.67713529,-0.16049969,-0.090693474,0.64554584,0.051433325,-0.76198751,0
-1.6809895,-2.5585511,-0.99115765,-0.60873675,-0.56786817,-0.55404449,0
-0.82795519,-1.3260858,-0.071785808,-0.64554584,-0.051433325,0.76198751,0
0.55848098,0.96982664,-0.12447485,0.64554584,0.051433325,-0.76198751,0
-1.7404361,-2.0055563,-1.322867,-0.60873675,-0.56786817,-0.55404449,0
-1.1425598,-0.15081438,-1.6893837,0.64554584,0.051433325,-0.76198751,0
0.88666129,1.8839499,1.4083127,-0.64554584,-0.051433325,0.76198751,0
-0.0017262697,1.7717919,0.65527105,-0.64554584,-0.051433325,0.76198751,0
-1.9152887,-0.25313234,-1.0789491,-0.64554584,-0.051433325,0.76198751,0
-0.90417969,-2.6368489,-1.5133001,0.64554584,0.051433325,-0.76198751,0
1.3096823,-0.17754716,1.8460157,-0.64554584,-0.051433325,0.76198751,0
2.2966456,0.068471193,1.1971831,0.64554584,0.051433325,-0.76198751,0
-2.1445529,-1.3118632,-1.6060202,-0.60873675,-0.56786817,-0.55404449,0
-1.3707309,-2.6043293,-1.1353369,-0.60873675,-0.56786817,-0.55404449,0
1.2042886,2.5984256,0.43484354,0.64554584,0.051433325,-0.76198751,0
2.3544195,0.52442646,2.3444366,0.60873675,0.56786817,0.55404449,0
1.4488549,-0.34792519,0.6404534,0.64554584,0.051433325,-0.76198751,0
-0.059463859,-1.3603001,0.64417243,-0.64554584,-0.051433325,0.76198751,0
2.2358525,0.086724877,1.8969483,0.46120477,-0.82151091,0.33527559,0
-1.3907866,-2.3623512,-1.4584545,-0.60873675,-0.56786817,-0.55404449,0
1.5585605,2.1363375,1.6126459,0.60873675,0.56786817,0.55404449,0
-2.5388527,-0.86453474,-1.6634371,-0.60873675,-0.56786817,-0.55404449,0
1.2002742,1.3005559,0.36528385,0.64554584,0.051433325,-0.76198751,0
-0.60746026,-2.4161246,-0.59117657,0.46120477,-0.82151091,0.33527559,0
-0.9951818,0.78995669,-1.0545441,-0.46120477,0.82151091,-0.33527559,0
-0.77223718,1.1774884,-0.46483448,-0.46120477,0.82151091,-0.33527559,0
-2.0616143,-1.2068701,-1.248189,-0.64554584,-0.051433325,0.76198751,0
-0.50759727,-0.0089564323,0.17724495,-0.64554584,-0.051433325,0.76198751,0
1.5695132,2.6552315,1.0647477,0.60873675,0.56786817,0.55404449,0
-0.67214316,-1.8055253,-1.3381757,0.64554584,0.051433325,-0.76198751,0
0.35883093,2.1085403,0.33324742,-0.46120477,0.82151091,-0.33527559,0
-0.78893018,-2.3149045,-0.13587004,0.46120477,-0.82151091,0.33527559,0
1.2292871,2.2129071,1.7136356,0.60873675,0.56786817,0.55404449,0
1.9993628,1.7148578,1.4533981,0.60873675,0.56786817,0.55404449,0
0.37155539,0.72620916,1.0147774,-0.64554584,-0.051433325,0.76198751,0
-1.5851424,-2.3124599,-1.3517066,-0.60873675,-0.56786817,-0.55404449,0
0.24197328,-1.9559406,-0.54353762,0.46120477,-0.82151091,0.33527559,0
0.82410431,2.7571063,1.5659456,0.60873675,0.56786817,0.55404449,0
-1.6236579,-2.3373883,-1.2016732,-0.60873675,-0.56786817,-0.55404449,0
-1.465898,-1.9686394,-1.7520863,-0.60873675,-0.56786817,-0.55404449,0
1.1960552,1.9248163,0.46318769,0.64554584,0.051433325,-0.76198751,0
1.8233583,1.895157,1.6337007,0.60873675,0.56786817,0.55404449,0
-2.0883718,-1.594471,-1.4198151,-0.60873675,-0.56786817,-0.55404449,0
-1.6588328,-2.3629589,-1.0238725,-0.60873675,-0.56786817,-0.55404449,0
-0.882415,0.22916415,-1.4828072,0.64554584,0.051433325,-0.76198751,0
-1.7891016,-1.3627677,-2.0464182,-0.60873675,-0.56786817,-0.55404449,0
-2.1112061,-0.18346286,-2.1885402,-0.46120477,0.82151091,-0.33527559,0
0.18793046,-0.93294954,0.65978003,-0.64554584,-0.051433325,0.76198751,0
1.8000647,1.2123384,2.0944872,0.60873675,0.56786817,0.55404449,0
-1.3731468,-1.0996468,-1.9749062,0.64554584,0.051433325,-0.76198751,0
0.82829201,2.6434369,0.63635355,-0.46120477,0.82151091,-0.33527559,0
-2.5040321,-1.2126107,-1.5831519,-0.60873675,-0.56786817,-0.55404449,0
-1.797966,0.19580668,-1.7250905,-0.46120477,0.82151091,-0.33527559,0
-1.4981456,-2.3684022,-1.21364,-0.60873675,-0.56786817,-0.55404449,0
-0.82173038,1.2485589,-0.47411332,-0.46120477,0.82151091,-0.33527559,0
-2.2090778,-0.56378901,-2.4570289,-0.60873675,-0.56786817,-0.55404449,0
-0.5875237,-2.548296,-1.008522,0.46120477,-0.82151091,0.33527559,0
2.3203311,0.19839263,1.4176711,0.64554584,0.051433325,-0.76198751,0
2.1015916,1.5794176,1.3489285,0.64554584,0.051433325,-0.76198751,0
-1.8328758,-0.83006167,-0.95189857,-0.64554584,-0.051433325,0.76198751,0
-0.76266015,-0.73785985,-1.3592017,0.64554584,0.051433325,-0.76198751,0
-1.2338905,0.46687326,-1.520227,-0.46120477,0.82151091,-0.33527559,0
1.6482694,1.0508447,2.0182331,-0.64554584,-0.051433325,0.76198751,0
2.3689721,1.0542545,1.6200906,0.60873675,0.56786817,0.55404449,0
1.3831451,1.7443235,0.72477472,0.64554584,0.051433325,-0.76198751,0
1.2825274,2.1268208,1.7883587,0.60873675,0.56786817,0.55404449,0
-2.0584424,-1.2706292,-1.9811049,-0.60873675,-0.56786817,-0.55404449,0
1.1640633,2.9148741,1.1576099,0.60873675,0.56786817,0.55404449,0
1.8092358,1.4189332,2.0845006,0.60873675,0.56786817,0.55404449,0
-0.18932474,1.1148597,-0.83132118,0.64554584,0.051433325,-0.76198751,0
-2.2399836,-1.2280149,-1.3451233,-0.64554584,-0.051433325,0.76198751,0
0.009298563,-2.1076043,-0.54275709,0.46120477,-0.82151091,0.33527559,0
-1.4361391,-2.1935067,-1.7632382,-0.60873675,-0.56786817,-0.55404449,0
-0.89802694,0.63799417,-1.2517811,0.64554584,0.051433325,-0.76198751,0
-1.4162372,0.30424231,-1.7284893,-0.46120477,0.82151091,-0.33527559,0
1.8423958,2.0855353,1.2440177,0.60873675,0.56786817,0.55404449,0
-0.036166728,1.2107247,0.83026475,-0.64554584,-0.051433325,0.76198751,0
0.15813613,-1.9484502,-0.30447215,0.46120477,-0.82151091,0.33527559,0
-0.20769934,-0.058083057,0.48915285,-0.64554584,-0.051433325,0.76198751,0
0.24900115,0.23242912,0.97762114,-0.64554584,-0.051433325,0.76198751,0
-0.95637226,1.0451142,-0.57494044,-0.46120477,0.82151091,-0.33527559,0
-1.3166111,-0.39054149,-1.8255084,0.64554584,0.051433325,-0.76198751,0
-0.12010771,-0.52647841,0.50072467,-0.64554584,-0.051433325,0.76198751,0
-2.184237,-0.27726352,-1.8544991,-0.46120477,0.82151091,-0.33527559,0
-1.7556782,-0.45563895,-2.063421,0.64554584,0.051433325,-0.76198751,0
0.97669935,-1.0549443,0.61017358,0.46120477,-0.82151091,0.33527559,0
0.40807974,1.6302381,1.0782019,-0.64554584,-0.051433325,0.76198751,0
0.28250098,-1.1894048,0.93770909,-0.64554584,-0.051433325,0.76198751,0
0.45456767,-0.073095798,-0.28617251,0.64554584,0.051433325,-0.76198751,0
-0.78566194,1.0731857,-0.049675405,-0.64554584,-0.051433325,0.76198751,0
0.63544488,2.1958649,0.019714415,-0.46120477,0.82151091,-0.33527559,0
2.4023118,1.0443232,1.7646821,0.60873675,0.56786817,0.55404449,0
1.4432751,-0.66527247,1.1384447,0.46120477,-0.82151091,0.33527559,0
-1.9567769,-0.1007334,-2.0045552,-0.46120477,0.82151091,-0.33527559,0
0.40916941,0.084064662,-0.3032915,0.64554584,0.051433325,-0.76198751,0
1.6781439,1.5689451,1.7835441,0.60873675,0.56786817,0.55404449,0
-0.72952557,-0.8400352,-1.2387888,0.64554584,0.051433325,-0.76198751,0
2.0773358,-0.1278621,1.5908043,0.46120477,-0.82151091,0.33527559,0
-0.89141703,-2.6738112,-1.0139083,0.46120477,-0.82151091,0.33527559,0
-2.3959396,-0.33064055,-1.394357,-0.64554584,-0.051433325,0.76198751,0
-2.3706548,-0.43923736,-2.0185776,-0.46120477,0.82151091,-0.33527559,0
0.67190886,-1.1908081,0.7612344,0.46120477,-0.82151091,0.33527559,0
0.92715114,1.5033906,0.29593956,0.64554584,0.051433325,-0.76198751,0
0.084954649,-0.0025176555,0.64625973,-0.64554584,-0.051433325,0.76198751,0
-1.304363,0.57980609,-1.0608507,-0.46120477,0.82151091,-0.33527559,0
-1.4523133,0.82396543,-0.64284873,-0.46120477,0.82151091,-0.33527559,0
-0.3715241,0.91227829,-0.98560965,0.64554584,0.051433325,-0.76198751,0
-0.067354679,1.3816508,-0.61030364,0.64554584,0.051433325,-0.76198751,0
1.1389354,2.8036191,1.443789,0.60873675,0.56786817,0.55404449,0
0.59722078,-1.4345087,0.43422365,0.46120477,-0.82151091,0.33527559,0
1.1154437,0.35485828,0.24209112,0.64554584,0.051433325,-0.76198751,0
-0.47160923,1.1508585,-0.91624469,-0.46120477,0.82151091,-0.33527559,0
1.1931752,-0.33048236,0.38003749,0.64554584,0.051433325,-0.76198751,0
2.1685262,1.5198634,1.4859251,0.60873675,0.56786817,0.55404449,0
-1.8283195,-2.0128806,-1.0625557,-0.64554584,-0.051433325,0.76198751,0
2.486639,0.98473907,1.6105434,0.60873675,0.56786817,0.55404449,0
0.42332566,-1.5298302,0.0077097341,0.46120477,-0.82151091,0.33527559,0
2.2745976,0.32129574,2.4050281,0.46120477,-0.82151091,0.33527559,0
-1.5171608,-1.0379485,-2.0085566,0.64554584,0.051433325,-0.76198751,0
-0.64452219,-2.5148687,-1.0316484,0.46120477,-0.82151091,0.33527559,0
1.2530079,-0.69002151,0.96592873,0.46120477,-0.82151091,0.33527559,0
2.0611284,1.711886,1.563466,0.60873675,0.56786817,0.55404449,0
0.30072641,2.1572771,0.60010707,-0.46120477,0.82151091,-0.33527559,0
1.5914532,2.7310376,0.89784825,0.60873675,0.56786817,0.55404449,0
0.75987196,2.4577255,0.37630981,-0.46120477,0.82151091,-0.33527559,0
0.83838028,1.2025461,1.3640244,-0.64554584,-0.051433325,0.76198751,0
2.3082755,0.85938537,2.0941148,0.60873675,0.56786817,0.55404449,0
-0.54459083,0.20601709,-1.0035061,0.64554584,0.051433325,-0.76198751,0
1.5516765,1.9296341,0.80925488,0.64554584,0.051433325,-0.76198751,0
-0.4116559,-1.6886009,-1.0137618,0.64554584,0.051433325,-0.76198751,0
0.34946668,1.9101902,-0.004119277,-0.46120477,0.82151091,-0.33527559,0
1.70654,2.5919421,0.91392529,0.60873675,0.56786817,0.55404449,0
-0.72786933,-1.276037,-0.11482829,-0.64554584,-0.051433325,0.76198751,0
-2.2132297,-1.3883086,-1.5715936,-0.60873675,-0.56786817,-0.55404449,0
0.1138804,1.7307048,-0.18295409,-0.46120477,0.82151091,-0.33527559,0
-1.4096051,-2.5288322,-1.2452945,-0.60873675,-0.56786817,-0.55404449,0
0.21943435,-0.54135931,-0.63093513,0.64554584,0.051433325,-0.76198751,0
0.61363852,0.77847362,1.1727334,-0.64554584,-0.051433325,0.76198751,0
1.020988,-0.44189376,0.29937863,0.64554584,0.051433325,-0.76198751,0
0.17232192,1.7645526,0.80299509,-0.64554584,-0.051433325,0.76198751,0
0.95453358,2.633033,0.80792892,-0.46120477,0.82151091,-0.33527559,0
0.71821117,-0.30982268,-0.12033707,0.64554584,0.051433325,-0.76198751,0
-1.3333465,-2.9121377,-0.80143559,0.46120477,-0.82151091,0.33527559,0
1.4961898,2.2582974,1.4298493,0.60873675,0.56786817,0.55404449,0
0.34164989,-1.8393776,-0.44942254,0.46120477,-0.82151091,0.33527559,0
0.92494315,1.4691206,0.1048559,0.64554584,0.051433325,-0.76198751,0
-0.76954353,0.99791205,-0.025883555,-0.64554584,-0.051433325,0.76198751,0
1.0809237,-0.72815019,1.2853607,0.46120477,-0.82151091,0.33527559,0
-1.2776984,-0.6364615,-1.7166017,0.64554584,0.051433325,-0.76198751,0
1.919785,1.2988344,1.1411825,0.64554584,0.051433325,-0.76198751,0
0.5483762,2.359977,1.1602268,-0.64554584,-0.051433325,0.76198751,0
1.9497594,-0.17076874,1.2612413,0.46120477,-0.82151091,0.33527559,0
1.6733168,-0.41632307,1.3558612,0.46120477,-0.82151091,0.33527559,0
1.8749616,-0.10155249,1.5398573,0.46120477,-0.82151091,0.33527559,0
2.6353848,0.823403,1.5122422,0.64554584,0.051433325,-0.76198751,0
-1.6552687,-2.1744168,-1.2588997,-0.60873675,-0.56786817,-0.55404449,0
-1.1230558,-1.4366906,-1.7852721,0.64554584,0.051433325,-0.76198751,0
0.82155073,-0.89600241,0.97223675,0.46120477,-0.82151091,0.33527559,0
1.8071318,1.4259719,1.9358916,0.60873675,0.56786817,0.55404449,0
0.55986941,0.41355771,-0.2781882,0.64554584,0.051433325,-0.76198751,0
2.037641,0.19115531,1.9656675,0.46120477,-0.82151091,0.33527559,0
-1.6911477,-2.0738831,-1.2748467,-0.60873675,-0.56786817,-0.55404449,0
-1.8176733,-1.8156781,-1.5690081,-0.60873675,-0.56786817,-0.55404449,0
-1.5512803,-2.5567307,-0.94189167,-0.60873675,-0.56786817,-0.55404449,0
0.8348335,-0.99063873,-0.057820499,0.64554584,0.051433325,-0.76198751,0
2.2920427,1.3129784,1.3988347,0.60873675,0.56786817,0.55404449,0
1.6169786,2.3192132,1.3824158,0.60873675,0.56786817,0.55404449,0
-0.84112072,-1.1617556,-0.066318572,-0.64554584,-0.051433325,0.76198751,0
1.3055995,-0.51559216,1.1183389,0.46120477,-0.82151091,0.33527559,0
-0.12762094,1.668896,-0.14448464,-0.46120477,0.82151091,-0.33527559,0
0.13891894,-1.2887821,-0.67213506,0.64554584,0.051433325,-0.76198751,0
-0.36816406,-2.0744414,-0.084576368,0.46120477,-0.82151091,0.33527559,0
-2.0391641,-0.62844187,-2.4037712,0.64554584,0.051433325,-0.76198751,0
-1.2358326,0.10879064,-0.32315093,-0.64554584,-0.051433325,0.76198751,0
1.6185421,1.813095,0.71345854,0.64554584,0.051433325,-0.76198751,0
1.4553183,2.6885118,0.86856222,0.64554584,0.051433325,-0.76198751,0
-2.6565161,-0.45838034,-1.6506797,-0.46120477,0.82151091,-0.33527559,0
-2.3853002,-1.0454272,-1.7758319,-0.60873675,-0.56786817,-0.55404449,0
-1.5652699,-1.5337211,-2.0092468,-0.60873675,-0.56786817,-0.55404449,0
-0.82424659,0.32772934,0.033092141,-0.64554584,-0.051433325,0.76198751,0
-0.22922108,-0.033912033,-0.74812114,0.64554584,0.051433325,-0.76198751,0
1.7429973,2.1205728,1.4266254,0.60873675,0.56786817,0.55404449,0
0.79761761,-0.1564585,-0.10035855,0.64554584,0.051433325,-0.76198751,0
-0.91770864,1.0442489,-0.66317725,-0.46120477,0.82151091,-0.33527559,0
1.3884006,2.4575675,1.2721359,0.60873675,0.56786817,0.55404449,0
1.40802,0.61225533,1.8506961,-0.64554584,-0.051433325,0.76198751,0
-1.0026752,0.30077326,-0.24511033,-0.64554584,-0.051433325,0.76198751,0
-1.8758769,-1.5800129,-1.7190512,-0.60873675,-0.56786817,-0.55404449,0
-1.2214258,-2.4228706,-0.52439582,-0.64554584,-0.051433325,0.76198751,0
1.3944547,2.6551542,1.1198317,0.60873675,0.56786817,0.55404449,0
-0.49742436,1.6484593,0.30579954,-0.46120477,0.82151091,-0.33527559,0
1.4937657,2.0521319,1.8391117,0.60873675,0.56786817,0.55404449,0
0.29518819,-1.2336299,0.87229294,-0.64554584,-0.051433325,0.76198751,0
-0.29064298,-2.252614,-0.80648023,0.46120477,-0.82151091,0.33527559,0
0.85670793,-0.7345264,1.2892882,-0.64554584,-0.051433325,0.76198751,0
-0.96381021,0.23119378,-1.5138083,0.64554584,0.051433325,-0.76198751,0
-0.13799727,-0.15328845,0.40702802,-0.64554584,-0.051433325,0.76198751,0
-0.93244588,1.2123381,-0.35107374,-0.46120477,0.82151091,-0.33527559,0
0.52159333,-1.5343772,0.28447986,0.46120477,-0.82151091,0.33527559,0
0.31363016,0.58682293,0.84477925,-0.64554584,-0.051433325,0.76198751,0
1.0296156,2.5811255,0.39183533,0.64554584,0.051433325,-0.76198751,0
1.54234,-0.73977494,0.53530163,0.64554584,0.051433325,-0.76198751,0
-0.72394991,-0.60833412,-0.081607103,-0.64554584,-0.051433325,0.76198751,0
0.45373297,2.1058221,-0.21647853,-0.46120477,0.82151091,-0.33527559,0
-0.65133566,0.72560281,0.076055229,-0.64554584,-0.051433325,0.76198751,0
-0.88349015,1.057008,0.092653394,-0.64554584,-0.051433325,0.76198751,0
-2.3667173,-0.87260818,-1.4809763,-0.64554584,-0.051433325,0.76198751,0
-1.3035997,-2.7851124,-0.96732652,-0.60873675,-0.56786817,-0.55404449,0
1.2375174,2.7900364,0.69353545,0.64554584,0.051433325,-0.76198751,0
1.2947479,1.1809577,0.61636794,0.64554584,0.051433325,-0.76198751,0
2.0120695,0.9752143,2.3444982,0.60873675,0.56786817,0.55404449,0
0.64869046,1.5818309,0.090414882,0.64554584,0.051433325,-0.76198751,0
-1.5833955,-1.5322078,-2.0723834,0.64554584,0.051433325,-0.76198751,0
-0.016641617,-1.6089795,0.47499177,0.46120477,-0.82151091,0.33527559,0
-2.4717565,-0.88483965,-1.7022008,-0.60873675,-0.56786817,-0.55404449,0
-1.9530998,-2.1533432,-1.1151472,-0.60873675,-0.56786817,-0.55404449,0
-1.9036117,-0.039100051,-1.674279,-0.46120477,0.82151091,-0.33527559,0
-0.40403283,1.4556148,-0.63293755,-0.46120477,0.82151091,-0.33527559,0
2.1687045,1.863342,1.2687638,0.60873675,0.56786817,0.55404449,0
1.387305,-0.57125425,1.4589748,0.46120477,-0.82151091,0.33527559,0
-0.45145619,0.21802264,-1.1083578,0.64554584,0.051433325,-0.76198751,0
-1.9517453,-1.7000254,-1.3525127,-0.60873675,-0.56786817,-0.55404449,0
-1.0434816,-1.1560396,-1.6237735,0.64554584,0.051433325,-0.76198751,0
-1.0401741,1.2562581,-0.24716318,-0.46120477,0.82151091,-0.33527559,0
-2.2331054,-0.9076634,-1.9641314,-0.60873675,-0.56786817,-0.55404449,0
0.4549365,-1.5547608,0.31541693,0.46120477,-0.82151091,0.33527559,0
-0.81287444,-1.7990428,-1.4573162,0.64554584,0.051433325,-0.76198751,0
-1.2551864,-0.54178327,-1.7481414,0.64554584,0.051433325,-0.76198751,0
-0.65316272,1.2893529,-0.53276598,-0.46120477,0.82151091,-0.33527559,0
-1.0391048,-2.8367848,-1.2016237,0.46120477,-0.82151091,0.33527559,0
-0.86751586,-0.10002375,-0.053165436,-0.64554584,-0.051433325,0.76198751,0
2.2112792,0.40563393,2.3790658,0.46120477,-0.82151091,0.33527559,0
2.4418569,0.9941541,1.8225445,0.60873675,0.56786817,0.55404449,0
-0.21686888,-2.0067954,-0.16489819,0.46120477,-0.82151091,0.33527559,0
1.9392568,2.2473021,1.142187,0.60873675,0.56786817,0.55404449,0
-0.92121971,1.3639203,-0.13183299,-0.46120477,0.82151091,-0.33527559,0
-1.2609823,-2.4109087,-1.6708591,-0.60873675,-0.56786817,-0.55404449,0
0.64468563,-1.5170022,-0.23799714,0.64554584,0.051433325,-0.76198751,0
1.9377196,1.5298935,1.833602,0.60873675,0.56786817,0.55404449,0
-0.5030635,0.40682629,0.23653318,-0.64554584,-0.051433325,0.76198751,0
0.90936172,2.8865356,1.4736537,0.60873675,0.56786817,0.55404449,0
-2.0242314,-1.5559893,-1.5766454,-0.60873675,-0.56786817,-0.55404449,0
1.1751609,-0.91739345,0.61384714,0.46120477,-0.82151091,0.33527559,0
-0.48908818,0.44150588,-1.1060568,0.64554584,0.051433325,-0.76198751,0
-1.3710161,-1.9858391,-1.8900778,-0.60873675,-0.56786817,-0.55404449,0
-0.23040575,0.29142684,-0.87332606,0.64554584,0.051433325,-0.76198751,0
2.3542254,-0.0087913275,1.4223435,0.46120477,-0.82151091,0.33527559,0
0.01425457,-2.0833869,-0.51752305,0.46120477,-0.82151091,0.33527559,0
-0.42414224,1.8170987,0.47365749,-0.46120477,0.82151091,-0.33527559,0
-0.13242534,-0.88298553,-0.82366282,0.64554584,0.051433325,-0.76198751,0
0.96166432,-0.85685289,0.80736482,0.46120477,-0.82151091,0.33527559,0
-2.5216563,-0.35308993,-1.6597807,-0.46120477,0.82151091,-0.33527559,0
-0.57225025,-0.23457669,-1.0454926,0.64554584,0.051433325,-0.76198751,0
1.7374701,0.82412148,2.2690213,-0.64554584,-0.051433325,0.76198751,0
-1.4263858,-0.4521988,-1.8035421,0.64554584,0.051433325,-0.76198751,0
-0.44427282,-1.33049,-1.1908412,0.64554584,0.051433325,-0.76198751,0
-0.052382678,-0.28153604,-0.68081009,0.64554584,0.051433325,-0.76198751,0
-1.7937092,-0.94700301,-2.3161993,0.64554584,0.051433325,-0.76198751,0
-1.0694892,-1.2786139,-1.677047,0.64554584,0.051433325,-0.76198751,0
-1.6048563,-2.3309968,-1.2277114,-0.60873675,-0.56786817,-0.55404449,0
-1.9599589,-1.9694425,-1.3637564,-0.60873675,-0.56786817,-0.55404449,0
1.6700696,1.8092587,1.6578431,0.60873675,0.56786817,0.55404449,0
-2.2622464,-0.50633597,-1.1869572,-0.64554584,-0.051433325,0.76198751,0
0.12614727,1.9296632,0.99594796,-0.64554584,-0.051433325,0.76198751,0
-1.0649358,1.007534,-0.71941233,-0.46120477,0.82151091,-0.33527559,0
-2.2866361,-0.64189786,-2.3571191,-0.60873675,-0.56786817,-0.55404449,0
2.4036114,0.4621557,2.4297976,0.60873675,0.56786817,0.55404449,0
1.242012,-0.45095304,1.6108935,0.46120477,-0.82151091,0.33527559,0
0.62329459,-1.0201961,0.9926194,0.46120477,-0.82151091,0.33527559,0
-1.114343,-2.5434151,-1.5851682,-0.60873675,-0.56786817,-0.55404449,0
-0.84622836,0.97343463,-0.78556389,-0.46120477,0.82151091,-0.33527559,0
-0.35982907,-2.4956093,-0.95475703,0.46120477,-0.82151091,0.33527559,0
1.4007175,-0.36192608,1.5015664,0.46120477,-0.82151091,0.33527559,0
1.9451104,1.2527176,2.0997293,0.60873675,0.56786817,0.55404449,0
2.2137115,0.35600495,2.3226407,0.46120477,-0.82151091,0.33527559,0
-1.2770514,0.54717207,-1.3202515,-0.46120477,0.82151091,-0.33527559,0
-0.2925508,-2.4223244,-1.1482698,0.46120477,-0.82151091,0.33527559,0
-1.4820197,0.33756477,-1.4723322,-0.46120477,0.82151091,-0.33527559,0
1.944633,1.1469414,1.0301832,0.64554584,0.051433325,-0.76198751,0
1.5631948,-0.32506931,1.5832932,0.46120477,-0.82151091,0.33527559,0
-1.2145644,-2.4023905,-1.5168626,-0.60873675,-0.56786817,-0.55404449,0
1.2353394,0.084384352,1.7791864,-0.64554584,-0.051433325,0.76198751,0
-1.7603868,0.11377662,-1.7240801,-0.46120477,0.82151091,-0.33527559,0
0.53064466,0.45934114,-0.25482586,0.64554584,0.051433325,-0.76198751,0
-0.021050692,1.901036,0.18346974,-0.46120477,0.82151091,-0.33527559,0
-1.6676341,-1.6155481,-0.73579884,-0.64554584,-0.051433325,0.76198751,0
0.4823128,2.2959278,0.6099028,-0.46120477,0.82151091,-0.33527559,0
1.7444106,1.2660854,1.0085964,0.64554584,0.051433325,-0.76198751,0
-2.7950754,-0.54731023,-1.7755851,-0.46120477,0.82151091,-0.33527559,0
0.87156445,1.5692024,1.4137123,-0.64554584,-0.051433325,0.76198751,0
-0.73656964,-0.26057127,-1.3228104,0.64554584,0.051433325,-0.76198751,0
0.41457093,2.1529326,1.0777767,-0.64554584,-0.051433325,0.76198751,0
0.075609729,0.36619496,0.85465163,-0.64554584,-0.051433325,0.76198751,0
-1.0346607,0.89242816,-0.7204175,-0.46120477,0.82151091,-0.33527559,0
1.1341563,2.3246274,1.6198566,0.60873675,0.56786817,0.55404449,0
2.0605328,1.0200152,1.9664204,0.60873675,0.56786817,0.55404449,0
-1.623544,-1.662841,-2.0174971,-0.60873675,-0.56786817,-0.55404449,0
1.39702,-0.48173118,1.4178679,0.46120477,-0.82151091,0.33527559,0
-2.0471046,0.11673689,-1.2834373,-0.46120477,0.82151091,-0.33527559,0
1.2721359,-0.68521273,1.0613995,0.46120477,-0.82151091,0.33527559,0
-1.1155787,-2.9449739,-1.1704959,-0.60873675,-0.56786817,-0.55404449,0
2.3811176,1.2974881,1.5852762,0.60873675,0.56786817,0.55404449,0
0.044356108,0.71752024,-0.65005469,0.64554584,0.051433325,-0.76198751,0
1.1936976,-0.10413226,1.6545985,-0.64554584,-0.051433325,0.76198751,0
-0.21061504,-1.9922519,-0.95529282,0.64554584,0.051433325,-0.76198751,0
2.7794766,0.64885676,1.7128507,0.60873675,0.56786817,0.55404449,0
-2.2997394,-1.3095925,-1.4234128,-0.60873675,-0.56786817,-0.55404449,0
1.5902818,1.9807695,1.7481766,0.60873675,0.56786817,0.55404449,0
1.0168819,2.6919479,1.5062442,0.60873675,0.56786817,0.55404449,0
2.2886276,0.65941238,2.0595531,0.60873675,0.56786817,0.55404449,0
-1.8785132,-1.0980453,-2.2627709,-0.60873675,-0.56786817,-0.55404449,0
-0.9469775,-2.737711,-1.7415199,-0.60873675,-0.56786817,-0.55404449,0
-0.14205939,1.1628828,0.49111024,-0.64554584,-0.051433325,0.76198751,0
0.97649276,-1.0432134,0.48610044,0.46120477,-0.82151091,0.33527559,0
1.9404216,-0.2747463,1.1014667,0.46120477,-0.82151091,0.33527559,0
2.3374238,1.0225979,1.8193474,0.60873675,0.56786817,0.55404449,0
0.49231875,1.3274577,-0.20376641,0.64554584,0.051433325,-0.76198751,0
-0.75563061,-0.024621129,0.013579369,-0.64554584,-0.051433325,0.76198751,0
0.95086002,0.22493924,1.5714662,-0.64554584,-0.051433325,0.76198751,0
-0.27140665,-1.9469993,0.18129104,0.46120477,-0.82151091,0.33527559,0
1.6595068,-0.38522434,0.79358435,0.64554584,0.051433325,-0.76198751,0
1.0285869,2.5365543,1.5280912,0.60873675,0.56786817,0.55404449,0
1.3959719,-0.71065474,0.75111943,0.46120477,-0.82151091,0.33527559,0
2.1903825,1.1992185,1.6795552,0.60873675,0.56786817,0.55404449,0
-1.8859801,-0.6306814,-1.0946897,-0.64554584,-0.051433325,0.76198751,0
1.0291709,-0.64577973,1.4350637,-0.64554584,-0.051433325,0.76198751,0
-1.1984549,0.51669908,-1.3595347,-0.46120477,0.82151091,-0.33527559,0
-2.3341832,-0.75372863,-2.1402738,-0.60873675,-0.56786817,-0.55404449,0
0.74733669,0.47762537,-0.028246343,0.64554584,0.051433325,-0.76198751,0
1.0041648,-0.9545424,0.59160388,0.46120477,-0.82151091,0.33527559,0
1.9603822,1.3598781,2.0329385,0.60873675,0.56786817,0.55404449,0
-1.1784942,-2.2836022,-1.6636677,-0.60873675,-0.56786817,-0.55404449,0
-0.13236237,1.8267652,0.16556305,-0.46120477,0.82151091,-0.33527559,0
1.5408089,1.7356106,1.7760012,0.60873675,0.56786817,0.55404449,0
-1.175119,0.88824046,-0.88047391,-0.46120477,0.82151091,-0.33527559,0
-1.4357402,0.6031723,-0.79593849,-0.46120477,0.82151091,-0.33527559,0
2.2775514,1.2082175,1.7763627,0.60873675,0.56786817,0.55404449,0
-0.88352954,0.98728693,-0.97207773,-0.46120477,0.82151091,-0.33527559,0
-0.64435989,0.078166187,0.0057835877,-0.64554584,-0.051433325,0.76198751,0
-1.9506906,-2.0281992,-1.2614887,-0.60873675,-0.56786817,-0.55404449,0
-2.2065625,-1.1898222,-1.2183163,-0.64554584,-0.051433325,0.76198751,0
-2.1107962,-0.74031574,-2.4263182,-0.60873675,-0.56786817,-0.55404449,0
0.091612339,-1.1397419,0.7468729,-0.64554584,-0.051433325,0.76198751,0
0.75530154,1.7559359,1.3561811,-0.64554584,-0.051433325,0.76198751,0
-1.7687466,0.53294325,-0.88556135,-0.46120477,0.82151091,-0.33527559,0
-1.8287191,-1.0225954,-2.2024736,-0.60873675,-0.56786817,-0.55404449,0
-1.9527823,-1.6825993,-1.4065456,-0.60873675,-0.56786817,-0.55404449,0
-0.77749515,-2.725512,-1.6092969,0.64554584,0.051433325,-0.76198751,0
0.58488393,-0.85643995,1.0743654,-0.64554584,-0.051433325,0.76198751,0
0.84414881,-0.05726631,1.4897586,-0.64554584,-0.051433325,0.76198751,0
-0.29585505,-1.755131,0.18977943,-0.64554584,-0.051433325,0.76198751,0
2.1883695,0.58533317,2.3377671,0.60873675,0.56786817,0.55404449,0
-1.2451733,0.62913811,-1.1311755,-0.46120477,0.82151091,-0.33527559,0
2.204004,1.2976751,1.7951665,0.60873675,0.56786817,0.55404449,0
-0.88112509,-2.9446776,-1.5926114,-0.60873675,-0.56786817,-0.55404449,0
-2.2104282,-0.9880898,-1.290291,-0.64554584,-0.051433325,0.76198751,0
-1.3362522,0.44487724,-1.544395,-0.46120477,0.82151091,-0.33527559,0
-2.6778886,-0.69897795,-1.8934866,-0.60873675,-0.56786817,-0.55404449,0
1.8691241,1.8171591,1.5377855,0.60873675,0.56786817,0.55404449,0
0.94487023,-0.71473432,1.1696184,0.46120477,-0.82151091,0.33527559,0
0.38302004,-1.0979673,0.84782779,-0.64554584,-0.051433325,0.76198751,0
-0.91663265,-2.5453343,-0.50926352,0.46120477,-0.82151091,0.33527559,0
0.2347393,1.9528067,-0.1759868,-0.46120477,0.82151091,-0.33527559,0
-0.1480639,0.79096615,-0.64850748,0.64554584,0.051433325,-0.76198751,0
0.65328687,0.91339374,-0.021777749,0.64554584,0.051433325,-0.76198751,0
1.7081355,1.5679581,0.91940451,0.64554584,0.051433325,-0.76198751,0
1.6282576,2.5997834,0.93073356,0.60873675,0.56786817,0.55404449,0
1.2368646,-0.96126682,0.54390109,0.46120477,-0.82151091,0.33527559,0
1.1239125,2.7933731,1.3117801,0.60873675,0.56786817,0.55404449,0
-1.776207,-0.027408242,-1.8976026,-0.46120477,0.82151091,-0.33527559,0
2.6096392,0.63864422,2.0149632,0.60873675,0.56786817,0.55404449,0
0.11552092,0.71371847,0.80266005,-0.64554584,-0.051433325,0.76198751,0
-0.59878433,-1.8328686,-0.00094175339,-0.64554584,-0.051433325,0.76198751,0
-0.40540862,-2.117655,-0.27633345,0.46120477,-0.82151091,0.33527559,0
-2.5056751,-0.61664486,-2.0865412,-0.60873675,-0.56786817,-0.55404449,0
0.46943438,-1.7468622,-0.321605,0.46120477,-0.82151091,0.33527559,0
0.59844327,2.3077247,0.18496025,-0.46120477,0.82151091,-0.33527559,0
-2.2298923,-0.68048865,-2.1525111,-0.60873675,-0.56786817,-0.55404449,0
0.19599259,-0.97403157,0.83570546,-0.64554584,-0.051433325,0.76198751,0
1.7409272,0.049547255,2.0680125,0.46120477,-0.82151091,0.33527559,0
2.2338872,1.2750125,1.544724,0.60873675,0.56786817,0.55404449,0
-1.1107322,0.11900097,-0.26953655,-0.64554584,-0.051433325,0.76198751,0
1.3514074,-0.80996048,0.84226149,0.46120477,-0.82151091,0.33527559,0
1.1211742,1.8188356,0.39005947,0.64554584,0.051433325,-0.76198751,0
-0.18171644,1.611322,-0.1377957,-0.46120477,0.82151091,-0.33527559,0
-1.3290118,-2.2187948,-1.5456735,-0.60873675,-0.56786817,-0.55404449,0
1.0938039,-0.80467844,0.70285904,0.46120477,-0.82151091,0.33527559,0
-1.7219642,-1.7570473,-1.5868075,-0.60873675,-0.56786817,-0.55404449,0
1.195899,-0.67846918,0.9489795,0.46120477,-0.82151091,0.33527559,0
-0.42042053,1.3552126,-0.33147359,-0.46120477,0.82151091,-0.33527559,0
-2.61696,-0.49283504,-1.6221792,-0.64554584,-0.051433325,0.76198751,0
-1.9354323,-0.18368703,-2.4087481,-0.46120477,0.82151091,-0.33527559,0
-1.5476797,0.4656713,-1.1177034,-0.46120477,0.82151091,-0.33527559,0
-0.64259756,1.2010639,-0.8791796,-0.46120477,0.82151091,-0.33527559,0
2.2455184,0.18667936,1.8456644,0.46120477,-0.82151091,0.33527559,0
0.51794863,0.33750188,-0.1153228,0.64554584,0.051433325,-0.76198751,0
-2.6601644,-0.66884518,-1.6306022,-0.60873675,-0.56786817,-0.55404449,0
1.6086367,1.8285067,1.8622396,0.60873675,0.56786817,0.55404449,0
-1.4713672,-2.5353403,-1.0930324,-0.60873675,-0.56786817,-0.55404449,0
-1.9776248,0.40338838,-1.0062832,-0.46120477,0.82151091,-0.33527559,0
-1.9748645,-1.2216003,-2.1334472,-0.60873675,-0.56786817,-0.55404449,0
-0.64572918,-2.562921,-1.4818048,0.64554584,0.051433325,-0.76198751,0
-1.0445117,0.48853296,-1.6131592,0.64554584,0.051433325,-0.76198751,0
-1.2302243,-2.6740646,-1.3497667,-0.60873675,-0.56786817,-0.55404449,0
0.38194668,-1.5145664,0.36489403,0.46120477,-0.82151091,0.33527559,0
0.22029757,1.7312461,-0.45322108,-0.46120477,0.82151091,-0.33527559,0
-1.2717892,-2.716486,-1.1299621,-0.60873675,-0.56786817,-0.55404449,0
1.9190166,-0.31309807,1.0358232,0.46120477,-0.82151091,0.33527559,0
2.7266934,0.35369802,1.7939247,0.46120477,-0.82151091,0.33527559,0
-1.8003387,0.30189967,-1.5542842,-0.46120477,0.82151091,-0.33527559,0
0.010714769,2.0000749,0.38907874,-0.46120477,0.82151091,-0.33527559,0
-2.1299598,-1.3658175,-1.5233946,-0.60873675,-0.56786817,-0.55404449,0
0.99105,2.7570901,0.96697307,-0.46120477,0.82151091,-0.33527559,0
1.3147229,2.095881,1.6878122,0.60873675,0.56786817,0.55404449,0
0.60747087,-0.060893416,-0.16216901,0.64554584,0.051433325,-0.76198751,0
-2.4337401,-0.45460415,-2.2088227,-0.46120477,0.82151091,-0.33527559,0
-1.3645658,-2.8054087,-0.91019416,-0.60873675,-0.56786817,-0.55404449,0
-1.5035443,-0.59944177,-0.77828228,-0.64554584,-0.051433325,0.76198751,0
1.9112759,0.76155543,1.0274115,0.64554584,0.051433325,-0.76198751,0
2.2860851,1.3556499,1.5455751,0.60873675,0.56786817,0.55404449,0
1.7819519,0.52071524,2.2221611,-0.64554584,-0.051433325,0.76198751,0
1.1699338,2.4373455,1.7483355,0.60873675,0.56786817,0.55404449,0
-0.47260976,0.83509946,-0.90203679,0.64554584,0.051433325,-0.76198751,0
1.6255252,1.5712816,1.963693,0.60873675,0.56786817,0.55404449,0
0.75916296,0.20757999,1.2756864,-0.64554584,-0.051433325,0.76198751,0
-1.9113687,-1.2628564,-1.8966669,-0.60873675,-0.56786817,-0.55404449,0
0.37430298,0.26500577,1.0188791,-0.64554584,-0.051433325,0.76198751,0
0.41874981,-1.3224862,0.59043586,0.46120477,-0.82151091,0.33527559,0
1.9189262,-0.034147859,1.5108461,0.46120477,-0.82151091,0.33527559,0
2.225837,0.45036113,2.2306786,0.46120477,-0.82151091,0.33527559,0
1.1330825,2.9130077,1.1836097,-0.46120477,0.82151091,-0.33527559,0
-0.41378564,0.17031641,-1.1133757,0.64554584,0.051433325,-0.76198751,0
0.44137812,-0.24947047,1.0989714,-0.64554584,-0.051433325,0.76198751,0
0.71342492,2.4830866,1.5150396,-0.64554584,-0.051433325,0.76198751,0
0.17926514,-1.9346342,-0.6434322,0.46120477,-0.82151091,0.33527559,0
1.5680438,-0.1794616,0.66903806,0.64554584,0.051433325,-0.76198751,0
-2.2321377,-1.1134932,-1.7520354,-0.60873675,-0.56786817,-0.55404449,0
-1.5143204,-2.774924,-0.82314754,-0.60873675,-0.56786817,-0.55404449,0
-1.4710512,-2.477442,-1.2622654,-0.60873675,-0.56786817,-0.55404449,0
-0.10746312,1.4917781,-0.57070315,-0.46120477,0.82151091,-0.33527559,0
0.18353021,2.1514459,0.76067907,-0.46120477,0.82151091,-0.33527559,0
1.7192878,2.5485225,0.9812274,0.60873675,0.56786817,0.55404449,0
1.5953544,-0.4781639,1.2230501,0.46120477,-0.82151091,0.33527559,0
1.061534,2.5649166,1.4860429,0.60873675,0.56786817,0.55404449,0
-1.8915226,0.10509324,-1.7717243,-0.46120477,0.82151091,-0.33527559,0
1.5752206,-0.72455645,0.71415889,0.46120477,-0.82151091,0.33527559,0
2.2494459,1.2916468,1.5988783,0.60873675,0.56786817,0.55404449,0
1.1965091,1.0507149,1.8040853,-0.64554584,-0.051433325,0.76198751,0
1.6683927,2.4084015,1.0835813,0.60873675,0.56786817,0.55404449,0
0.97489142,1.3382969,0.24239224,0.64554584,0.051433325,-0.76198751,0
0.086809278,0.94683504,-0.64396107,0.64554584,0.051433325,-0.76198751,0
-1.6024168,-1.6634185,-2.080019,-0.60873675,-0.56786817,-0.55404449,0
1.8471017,1.5285442,1.7512482,0.60873675,0.56786817,0.55404449,0
2.5492716,0.88747025,1.7299917,0.60873675,0.56786817,0.55404449,0
-0.038550854,-2.1636498,-0.48817289,0.46120477,-0.82151091,0.33527559,0
-2.2710421,-0.82391334,-2.066123,-0.60873675,-0.56786817,-0.55404449,0
-2.5741847,-0.21427333,-1.6679,-0.46120477,0.82151091,-0.33527559,0
0.074806392,0.89756382,0.67705607,-0.64554584,-0.051433325,0.76198751,0
-2.1400919,-0.75598919,-2.1340125,-0.60873675,-0.56786817,-0.55404449,0
1.2590618,2.8542783,1.0722625,0.60873675,0.56786817,0.55404449,0
-1.6539512,0.38197351,-1.5342585,-0.46120477,0.82151091,-0.33527559,0
0.40980887,-1.6410116,-0.1425484,0.46120477,-0.82151091,0.33527559,0
-2.3563099,-0.2100482,-1.3487648,-0.64554584,-0.051433325,0.76198751,0
-1.3828926,-1.8543433,-1.9072418,-0.60873675,-0.56786817,-0.55404449,0
1.171973,-0.66174185,1.5264951,0.46120477,-0.82151091,0.33527559,0
-1.0138359,-2.5527029,-1.7074085,-0.60873675,-0.56786817,-0.55404449,0
-0.16795513,0.32813907,0.43768474,-0.64554584,-0.051433325,0.76198751,0
0.36846173,-1.4480174,0.70573378,0.46120477,-0.82151091,0.33527559,0
-1.2576418,0.66484463,-0.2988193,-0.64554584,-0.051433325,0.76198751,0
1.6647694,1.7348183,1.7537264,0.60873675,0.56786817,0.55404449,0
1.2033231,2.8271241,1.223955,0.60873675,0.56786817,0.55404449,0
-1.1396122,-0.7904284,-1.7843106,0.64554584,0.051433325,-0.76198751,0
-2.3389926,-0.5165422,-2.3036833,-0.60873675,-0.56786817,-0.55404449,0
-0.22338408,-0.77499777,0.43119279,-0.64554584,-0.051433325,0.76198751,0
-2.1240351,-1.4806828,-1.6583328,-0.60873675,-0.56786817,-0.55404449,0
-1.8978039,0.14324236,-1.2988976,-0.46120477,0.82151091,-0.33527559,0
2.2671983,0.94650042,1.9703474,0.60873675,0.56786817,0.55404449,0
-0.33119434,0.33132574,0.29066432,-0.64554584,-0.051433325,0.76198751,0
0.25633538,2.1007576,0.42812896,-0.46120477,0.82151091,-0.33527559,0
1.254863,2.7334471,0.65629244,-0.46120477,0.82151091,-0.33527559,0
-0.46562338,-2.5656962,-1.2687063,0.46120477,-0.82151091,0.33527559,0
-0.28210962,1.0847808,-0.75092483,0.64554584,0.051433325,-0.76198751,0
0.10019541,2.0546217,0.8159312,-0.64554584,-0.051433325,0.76198751,0
2.4671681,0.78611732,2.0290611,0.60873675,0.56786817,0.55404449,0
0.63339233,2.6062849,1.2902364,-0.64554584,-0.051433325,0.76198751,0
-1.3924148,0.77821928,-0.94516796,-0.46120477,0.82151091,-0.33527559,0
0.083694816,-1.520664,0.41838041,0.46120477,-0.82151091,0.33527559,0
-1.3429018,-2.0739882,-0.70131338,-0.64554584,-0.051433325,0.76198751,0
-0.50757408,0.44082236,0.12529871,-0.64554584,-0.051433325,0.76198751,0
2.0234802,0.13417757,1.8060715,0.46120477,-0.82151091,0.33527559,0
1.2365184,-0.14660877,1.5845619,-0.64554584,-0.051433325,0.76198751,0
-1.9365708,-1.8972163,-1.2962903,-0.60873675,-0.56786817,-0.55404449,0
1.1309972,0.56607097,1.5392722,-0.64554584,-0.051433325,0.76198751,0
0.24735081,1.3189743,1.0233968,-0.64554584,-0.051433325,0.76198751,0
-1.9802415,-1.2537042,-1.9324402,-0.60873675,-0.56786817,-0.55404449,0
0.66822851,1.0552523,-0.090851724,0.64554584,0.051433325,-0.76198751,0
2.3644044,1.0847425,1.6862452,0.60873675,0.56786817,0.55404449,0
0.85289621,0.473046,1.2990792,-0.64554584,-0.051433325,0.76198751,0
-0.50205207,1.2633896,-0.69347477,-0.46120477,0.82151091,-0.33527559,0
1.5992544,1.0213966,2.1342776,-0.64554584,-0.051433325,0.76198751,0
-1.6265076,0.29100871,-1.7156096,-0.46120477,0.82151091,-0.33527559,0
0.45977569,1.7081128,-0.22885802,0.64554584,0.051433325,-0.76198751,0
-1.5127105,-2.5311685,-1.047405,-0.60873675,-0.56786817,-0.55404449,0
1.4000942,2.0445094,1.8717966,0.60873675,0.56786817,0.55404449,0
-1.7863258,-1.7854232,-1.1029923,-0.64554584,-0.051433325,0.76198751,0
2.703917,0.33759856,1.7837645,0.46120477,-0.82151091,0.33527559,0
-0.10736465,-0.18012938,-0.81403196,0.64554584,0.051433325,-0.76198751,0
1.2509729,0.69740641,0.41543633,0.64554584,0.051433325,-0.76198751,0
0.071414471,-1.8711464,-0.77142423,0.64554584,0.051433325,-0.76198751,0
1.1436203,2.0709808,0.3929342,0.64554584,0.051433325,-0.76198751,0
-0.82612598,-2.7567837,-1.2721133,0.46120477,-0.82151091,0.33527559,0
-0.41700542,1.7517536,0.3363823,-0.46120477,0.82151091,-0.33527559,0
-2.3611138,-0.4998641,-2.2160349,-0.60873675,-0.56786817,-0.55404449,0
0.38616395,2.3841548,0.66450983,-0.46120477,0.82151091,-0.33527559,0
-2.4765251,-1.2456791,-1.5119215,-0.60873675,-0.56786817,-0.55404449,0
0.61897087,-1.2315457,0.3300361,0.46120477,-0.82151091,0.33527559,0
1.575792,0.87906206,0.8651042,0.64554584,0.051433325,-0.76198751,0
-1.5284158,-2.2921226,-0.89984369,-0.64554584,-0.051433325,0.76198751,0
1.3138535,1.9684318,1.8785408,-0.64554584,-0.051433325,0.76198751,0
1.5800731,2.00826,1.5263618,0.60873675,0.56786817,0.55404449,0
1.6271894,1.9223003,1.8038583,0.60873675,0.56786817,0.55404449,0
-0.045048714,-2.0126359,-0.15002617,0.46120477,-0.82151091,0.33527559,0
-0.9600457,0.62387025,-0.028733611,-0.64554584,-0.051433325,0.76198751,0
-1.6750791,-1.4703099,-2.0371912,-0.60873675,-0.56786817,-0.55404449,0
-1.9344094,0.04295373,-0.95724046,-0.64554584,-0.051433325,0.76198751,0
1.6778556,1.7502329,1.5980331,0.60873675,0.56786817,0.55404449,0
-1.3065337,-2.5563035,-1.2462454,-0.60873675,-0.56786817,-0.55404449,0
-1.9069116,-1.7934853,-1.4883248,-0.60873675,-0.56786817,-0.55404449,0
2.2495358,1.2786152,1.5284934,0.60873675,0.56786817,0.55404449,0
-1.510339,-1.7458229,-0.80498505,-0.64554584,-0.051433325,0.76198751,0
-1.2852213,-1.2957579,-0.58446681,-0.64554584,-0.051433325,0.76198751,0
0.32581115,-1.9501796,-0.59504461,0.46120477,-0.82151091,0.33527559,0
1.6320055,1.5512267,2.0730593,-0.64554584,-0.051433325,0.76198751,0
-2.3825068,-0.40625656,-2.0342259,-0.46120477,0.82151091,-0.33527559,0
-1.3368306,-2.3552108,-1.4994853,-0.60873675,-0.56786817,-0.55404449,0
-2.4863589,-1.1742314,-1.5724434,-0.60873675,-0.56786817,-0.55404449,0
-1.0906163,-2.7303495,-1.4737549,-0.60873675,-0.56786817,-0.55404449,0
-1.7815716,-2.1667197,-1.4148439,-0.60873675,-0.56786817,-0.55404449,0
1.2713447,-0.94603366,0.64411932,0.46120477,-0.82151091,0.33527559,0
0.69533014,2.4332645,1.3982319,-0.64554584,-0.051433325,0.76198751,0
-1.8909335,-1.1190616,-2.1492996,-0.60873675,-0.56786817,-0.55404449,0
0.094986916,1.1006655,0.82405519,-0.64554584,-0.051433325,0.76198751,0
-2.3449101,-0.57005262,-2.3040063,-0.60873675,-0.56786817,-0.55404449,0
-1.8379453,-1.9480612,-1.56115,-0.60873675,-0.56786817,-0.55404449,0
1.1983619,1.8977441,1.677974,-0.64554584,-0.051433325,0.76198751,0
-1.0917162,-2.5162821,-0.56221116,-0.64554584,-0.051433325,0.76198751,0
0.98705745,2.7758164,0.77659988,-0.46120477,0.82151091,-0.33527559,0
0.51871336,-1.4712448,0.38756004,0.46120477,-0.82151091,0.33527559,0
-1.9770486,-0.91642755,-2.2007921,-0.60873675,-0.56786817,-0.55404449,0
-1.2974713,0.7109378,-0.31454557,-0.64554584,-0.051433325,0.76198751,0
0.84661746,-1.2506136,0.18933326,0.46120477,-0.82151091,0.33527559,0
1.4511135,-0.26800704,1.6610098,0.46120477,-0.82151091,0.33527559,0
-2.0674913,-0.034582257,-1.8295774,-0.46120477,0.82151091,-0.33527559,0
-0.94133782,-2.8690901,-1.5479372,-0.60873675,-0.56786817,-0.55404449,0
2.5276248,1.0765069,1.7021053,0.60873675,0.56786817,0.55404449,0
-2.3108015,-0.074896932,-1.6868006,-0.46120477,0.82151091,-0.33527559,0
1.1188589,-1.0586014,0.55779177,0.46120477,-0.82151091,0.33527559,0
1.171218,-0.22709781,0.42153686,0.64554584,0.051433325,-0.76198751,0
-0.52186477,-1.3403389,-1.2939951,0.64554584,0.051433325,-0.76198751,0
1.7032636,2.0239837,1.5522145,0.60873675,0.56786817,0.55404449,0
