1.2791352,-0.6040827,2.750227,0.24743837,-0.07050249,0.96633554,0
-1.109499,1.60419,0.35685489,-0.46417278,0.86682421,0.1820977,0
-1.7285806,1.6984944,-1.8818665,-0.46417278,0.86682421,0.1820977,0
0.51058829,-0.82681513,-2.1098943,0.85048109,0.49360478,-0.18176019,0
0.91152668,-1.4173515,-1.4177616,0.46417278,-0.86682421,-0.1820977,0
-1.0298383,0.30121148,-2.7918684,-0.24743837,0.07050249,-0.96633554,0
0.9331876,0.3281644,2.9384663,0.24743837,-0.07050249,0.96633554,0
0.31736159,-0.99066615,-3.2461729,-0.24743837,0.07050249,-0.96633554,0
-0.79891086,1.4271148,1.8089086,-0.46417278,0.86682421,0.1820977,0
1.1294029,-1.5773985,-0.2511391,0.46417278,-0.86682421,-0.1820977,0
-0.045231298,0.2202217,-2.8746502,0.85048109,0.49360478,-0.18176019,0
0.31265402,-1.599586,-0.387768,-0.85048109,-0.49360478,0.18176019,0
1.065496,-0.80845487,-0.19070478,0.85048109,0.49360478,-0.18176019,0
1.8742766,-1.8326535,2.2794535,0.46417278,-0.86682421,-0.1820977,0
0.63534534,-0.79444075,2.9502985,0.24743837,-0.07050249,0.96633554,0
-0.96397746,1.9835291,-1.3842756,-0.46417278,0.86682421,0.1820977,0
-1.4550414,1.6942154,-0.870157,-0.46417278,0.86682421,0.1820977,0
-1.1900114,1.9202288,-1.3488175,-0.46417278,0.86682421,0.1820977,0
-0.99898946,1.4666022,1.0107663,-0.46417278,0.86682421,0.1820977,0
0.79749238,0.24078581,2.042562,0.85048109,0.49360478,-0.18176019,0
1.5986421,-1.0120468,2.248482,0.85048109,0.49360478,-0.18176019,0
0.18718839,-0.60750711,-3.1986232,-0.24743837,0.07050249,-0.96633554,0
-0.94177437,0.004417628,-2.803479,-0.24743837,0.07050249,-0.96633554,0
0.25430024,1.5198699,3.1421006,0.24743837,-0.07050249,0.96633554,0
-1.4398681,0.39439037,-2.7776263,-0.85048109,-0.49360478,0.18176019,0
1.0770187,-1.4383981,-1.5250844,0.46417278,-0.86682421,-0.1820977,0
0.50470048,0.95338404,1.679603,0.85048109,0.49360478,-0.18176019,0
0.64621812,-1.1625464,2.3177207,-0.85048109,-0.49360478,0.18176019,0
-0.91524959,1.4270368,1.7103983,-0.46417278,0.86682421,0.1820977,0
0.8575002,-1.5927647,-0.85536236,0.46417278,-0.86682421,-0.1820977,0
0.82976198,0.16171527,1.1524262,0.85048109,0.49360478,-0.18176019,0
-0.86000293,1.9502857,-1.9088867,0.85048109,0.49360478,-0.18176019,0
0.57314169,-0.12297112,-0.88675392,0.85048109,0.49360478,-0.18176019,0
0.97973371,-0.8994087,2.7944298,0.24743837,-0.07050249,0.96633554,0
0.42572686,-0.29039201,2.9281459,0.24743837,-0.07050249,0.96633554,0
1.2336464,-2.0152705,1.3060229,0.46417278,-0.86682421,-0.1820977,0
-0.60564315,-0.051315486,-2.9572701,-0.24743837,0.07050249,-0.96633554,0
1.020844,-2.1764665,1.6465706,0.46417278,-0.86682421,-0.1820977,0
-1.4066293,2.021812,-2.000232,-0.46417278,0.86682421,0.1820977,0
0.51897633,-0.22984052,-1.4069746,0.85048109,0.49360478,-0.18176019,0
1.3818997,-2.0330849,2.2296908,0.46417278,-0.86682421,-0.1820977,0
0.30056667,1.5659647,2.7953041,0.85048109,0.49360478,-0.18176019,0
0.22566438,-1.6513804,-3.025193,0.46417278,-0.86682421,-0.1820977,0
-1.3115824,2.0714979,-2.5191236,-0.24743837,0.07050249,-0.96633554,0
-0.95388341,2.0930374,-0.87949979,-0.46417278,0.86682421,0.1820977,0
1.5356777,-1.5925601,2.6766081,0.24743837,-0.07050249,0.96633554,0
1.67707,-1.809886,1.3615144,0.46417278,-0.86682421,-0.1820977,0
-0.88789821,1.2890207,-2.7988162,-0.24743837,0.07050249,-0.96633554,0
0.28134519,0.42166841,2.9725144,0.24743837,-0.07050249,0.96633554,0
0.66170198,-1.2826281,2.6248896,-0.85048109,-0.49360478,0.18176019,0
-0.46810412,1.6914418,-0.28814843,0.85048109,0.49360478,-0.18176019,0
-0.015362397,-0.27521223,1.9057634,-0.85048109,-0.49360478,0.18176019,0
0.42749974,-0.34533894,3.0680468,0.24743837,-0.07050249,0.96633554,0
-0.89966983,0.82701182,-2.8691595,-0.24743837,0.07050249,-0.96633554,0
0.43692189,0.37600464,0.039222822,0.85048109,0.49360478,-0.18176019,0
0.83237088,-1.9714597,0.542633,0.46417278,-0.86682421,-0.1820977,0
1.5187193,-1.4490522,0.20403945,0.85048109,0.49360478,-0.18176019,0
-1.1626393,1.3460075,-2.7781768,-0.24743837,0.07050249,-0.96633554,0
0.44572067,-1.2775109,-3.3327589,-0.24743837,0.07050249,-0.96633554,0
-0.28815925,1.4953737,2.8186715,-0.46417278,0.86682421,0.1820977,0
1.3955569,-1.8868977,1.7187166,0.46417278,-0.86682421,-0.1820977,0
0.56332916,-0.63510233,2.9679973,0.24743837,-0.07050249,0.96633554,0
-0.76029968,0.26566327,-2.9456203,-0.24743837,0.07050249,-0.96633554,0
0.69221604,-0.71435994,-1.6508512,0.85048109,0.49360478,-0.18176019,0
-0.9561702,1.6662345,0.56362754,-0.46417278,0.86682421,0.1820977,0
-1.3098588,0.43387109,-2.830477,-0.24743837,0.07050249,-0.96633554,0
-0.17624998,1.4098917,3.2102723,0.24743837,-0.07050249,0.96633554,0
-0.19411814,1.7339337,2.128834,-0.46417278,0.86682421,0.1820977,0
-0.66213953,-0.1404283,-3.0292511,-0.24743837,0.07050249,-0.96633554,0
0.51503158,-1.9506795,-0.48314947,0.46417278,-0.86682421,-0.1820977,0
-0.36548769,0.14097932,1.2779472,-0.85048109,-0.49360478,0.18176019,0
-0.13365048,0.25969952,2.5386698,-0.85048109,-0.49360478,0.18176019,0
-1.3646884,1.8131113,-1.6350999,-0.46417278,0.86682421,0.1820977,0
0.50877821,0.46170723,2.933563,0.24743837,-0.07050249,0.96633554,0
0.17580561,0.17549622,-1.8450104,0.85048109,0.49360478,-0.18176019,0
0.12694013,-1.609931,-0.96680313,-0.85048109,-0.49360478,0.18176019,0
-0.026169062,1.5588504,1.0417413,0.85048109,0.49360478,-0.18176019,0
-2.1086862,1.5993291,-2.2742472,-0.46417278,0.86682421,0.1820977,0
-0.65949214,1.500446,1.7174567,-0.46417278,0.86682421,0.1820977,0
-0.32742608,1.7503041,1.7497001,-0.46417278,0.86682421,0.1820977,0
-0.97750694,1.5048885,1.3347583,-0.46417278,0.86682421,0.1820977,0
0.50400245,-0.90116686,-3.2420077,-0.24743837,0.07050249,-0.96633554,0
0.89574873,-2.1011193,1.4128458,0.46417278,-0.86682421,-0.1820977,0
-0.59358895,1.3122869,-2.3477926,0.85048109,0.49360478,-0.18176019,0
0.68125713,-1.7805625,1.075153,-0.85048109,-0.49360478,0.18176019,0
-0.86654514,1.0242577,-2.8965888,-0.24743837,0.07050249,-0.96633554,0
0.62026513,-1.4208932,-2.2792535,0.46417278,-0.86682421,-0.1820977,0
-0.74281859,-0.36786532,-2.9621668,-0.24743837,0.07050249,-0.96633554,0
-1.3514602,1.8712304,-1.5921999,-0.46417278,0.86682421,0.1820977,0
0.54127288,-1.531167,-2.8112385,0.46417278,-0.86682421,-0.1820977,0
0.43423846,-0.4754765,-1.4627891,0.85048109,0.49360478,-0.18176019,0
-1.1312323,2.1114023,-1.624823,-0.46417278,0.86682421,0.1820977,0
-0.38918608,-0.71464884,-3.0930207,-0.24743837,0.07050249,-0.96633554,0
-1.0847046,1.6629543,-2.8007398,-0.24743837,0.07050249,-0.96633554,0
1.0068264,-0.083662465,2.7441361,0.24743837,-0.07050249,0.96633554,0
-0.33559608,-0.85124612,-3.1190896,-0.24743837,0.07050249,-0.96633554,0
0.70305061,-0.97308218,2.9207144,0.24743837,-0.07050249,0.96633554,0
0.57877076,-1.1302087,-2.6797106,0.85048109,0.49360478,-0.18176019,0
0.41675121,0.38119629,0.63396668,0.85048109,0.49360478,-0.18176019,0
-1.3999343,0.87325382,-2.6268177,-0.24743837,0.07050249,-0.96633554,0
0.83625817,0.5176264,2.9744973,0.24743837,-0.07050249,0.96633554,0
-0.71970171,-0.73406565,-3.029124,-0.24743837,0.07050249,-0.96633554,0
0.24418721,0.14858904,3.0331752,0.24743837,-0.07050249,0.96633554,0
2.0311105,-1.5977269,2.0872338,0.46417278,-0.86682421,-0.1820977,0
-0.85293806,0.97706437,-2.8752916,-0.24743837,0.07050249,-0.96633554,0
1.7677152,-1.5806589,1.7319109,0.85048109,0.49360478,-0.18176019,0
-0.47217992,-0.2950384,-2.923089,-0.24743837,0.07050249,-0.96633554,0
-0.07710743,-0.90047103,-3.1086442,-0.24743837,0.07050249,-0.96633554,0
-0.42568088,1.699972,1.4712024,-0.46417278,0.86682421,0.1820977,0
-0.37027621,1.3024793,3.296448,0.24743837,-0.07050249,0.96633554,0
0.12558717,-1.0542428,0.16336852,-0.85048109,-0.49360478,0.18176019,0
1.9954534,-1.6658521,2.5340147,0.24743837,-0.07050249,0.96633554,0
0.11692202,1.6800892,2.9201128,-0.46417278,0.86682421,0.1820977,0
-1.7031866,1.3653355,-1.1089633,-0.85048109,-0.49360478,0.18176019,0
1.0848056,-0.43150592,2.7856236,0.24743837,-0.07050249,0.96633554,0
0.10801423,1.1853822,1.5117439,0.85048109,0.49360478,-0.18176019,0
-0.48577523,-0.36618489,-2.9349992,-0.24743837,0.07050249,-0.96633554,0
-0.85873675,0.99569166,-2.8321898,-0.24743837,0.07050249,-0.96633554,0
-1.3103217,0.8546415,-2.711452,-0.24743837,0.07050249,-0.96633554,0
1.4044068,-1.9068873,1.9433494,0.46417278,-0.86682421,-0.1820977,0
-0.80229688,-0.15722471,-2.9629264,-0.24743837,0.07050249,-0.96633554,0
0.28866875,0.66351521,0.45515072,0.85048109,0.49360478,-0.18176019,0
-0.13887978,-1.2559779,-3.2307584,-0.24743837,0.07050249,-0.96633554,0
-0.15437305,1.6539416,2.4692583,-0.46417278,0.86682421,0.1820977,0
0.78374553,-1.8320664,-0.1019101,0.46417278,-0.86682421,-0.1820977,0
1.1585121,-1.1216331,0.097919643,0.85048109,0.49360478,-0.18176019,0
1.079178,-0.01259394,2.7973306,0.24743837,-0.07050249,0.96633554,0
0.78643525,-1.8383098,-0.71507812,0.46417278,-0.86682421,-0.1820977,0
0.50942427,0.93578565,2.6586838,0.85048109,0.49360478,-0.18176019,0
-1.5470592,1.2439201,-2.6733532,-0.24743837,0.07050249,-0.96633554,0
-0.84957522,0.26385248,-2.8807452,-0.24743837,0.07050249,-0.96633554,0
1.3262378,-0.37803307,2.4517512,0.85048109,0.49360478,-0.18176019,0
1.302135,-0.83104706,1.3263741,0.85048109,0.49360478,-0.18176019,0
0.66643733,-0.22017337,2.9113791,0.24743837,-0.07050249,0.96633554,0
-0.052496672,0.9152627,3.2342627,0.24743837,-0.07050249,0.96633554,0
-1.3903034,0.79890674,-2.7777882,-0.24743837,0.07050249,-0.96633554,0
0.23381877,-1.3990929,-0.45854482,-0.85048109,-0.49360478,0.18176019,0
0.68120897,-0.9985891,-2.4901199,0.85048109,0.49360478,-0.18176019,0
1.448545,-2.0103774,2.0945523,0.46417278,-0.86682421,-0.1820977,0
1.2207785,-1.5008304,-1.1870733,0.46417278,-0.86682421,-0.1820977,0
-0.56720054,1.5002141,1.9347066,-0.46417278,0.86682421,0.1820977,0
1.17421,-1.7137015,2.6165645,0.24743837,-0.07050249,0.96633554,0
-1.366804,0.79424798,-2.5939789,-0.24743837,0.07050249,-0.96633554,0
-1.6767185,1.7136097,-2.5389361,-0.24743837,0.07050249,-0.96633554,0
1.0972257,-1.2356844,-0.57597339,0.85048109,0.49360478,-0.18176019,0
-0.96522444,1.2315452,2.0850265,-0.85048109,-0.49360478,0.18176019,0
1.2837121,-2.0754373,1.715477,0.46417278,-0.86682421,-0.1820977,0
1.221053,-1.8806641,1.1774312,0.46417278,-0.86682421,-0.1820977,0
1.7496808,-1.8752304,2.6106493,0.24743837,-0.07050249,0.96633554,0
0.24984866,-0.38759685,2.9247785,-0.85048109,-0.49360478,0.18176019,0
0.46946293,-0.68736261,2.8591743,0.24743837,-0.07050249,0.96633554,0
0.031383514,-1.6639335,-1.2325113,-0.85048109,-0.49360478,0.18176019,0
-1.1922905,1.7194833,-0.016307443,-0.46417278,0.86682421,0.1820977,0
-0.68036008,0.09481284,-0.3030161,-0.85048109,-0.49360478,0.18176019,0
0.25666195,-0.74193037,-3.2358706,-0.24743837,0.07050249,-0.96633554,0
0.66987216,0.86084235,2.1827998,0.85048109,0.49360478,-0.18176019,0
1.3700538,-1.9393411,2.5712943,0.24743837,-0.07050249,0.96633554,0
-0.73461747,0.93933451,1.7742603,-0.85048109,-0.49360478,0.18176019,0
0.33382785,-1.9964586,-1.0013202,0.46417278,-0.86682421,-0.1820977,0
0.18450558,-1.6974452,-2.3113341,0.46417278,-0.86682421,-0.1820977,0
-1.4674664,2.0583234,-2.0752094,-0.46417278,0.86682421,0.1820977,0
-0.83281112,-0.62820661,-3.033601,-0.24743837,0.07050249,-0.96633554,0
-0.70152295,1.2755764,2.8227978,-0.46417278,0.86682421,0.1820977,0
0.31130731,-1.6087561,0.072965652,-0.85048109,-0.49360478,0.18176019,0
-1.0724531,1.8438727,-2.7281623,-0.24743837,0.07050249,-0.96633554,0
0.94137567,0.2945255,2.945832,0.24743837,-0.07050249,0.96633554,0
0.47281361,-1.5960716,-2.5717025,0.46417278,-0.86682421,-0.1820977,0
1.1376927,-1.3738213,2.7522817,0.24743837,-0.07050249,0.96633554,0
1.0936825,-0.17700729,1.5892619,0.85048109,0.49360478,-0.18176019,0
-0.416978,-1.3972116,-3.0698204,-0.85048109,-0.49360478,0.18176019,0
0.26542759,-1.679459,-2.7701104,0.46417278,-0.86682421,-0.1820977,0
0.36465347,-1.7014204,-2.4936366,0.46417278,-0.86682421,-0.1820977,0
-0.60764295,1.2838867,-2.4612978,0.85048109,0.49360478,-0.18176019,0
1.343539,-0.41001314,2.7723761,0.24743837,-0.07050249,0.96633554,0
-0.26412487,-0.21477084,-3.0816104,-0.24743837,0.07050249,-0.96633554,0
-0.67326188,1.5941957,1.9853268,-0.46417278,0.86682421,0.1820977,0
1.0861768,-0.79942954,2.6913493,0.24743837,-0.07050249,0.96633554,0
-0.11144455,-0.10425967,2.3105278,-0.85048109,-0.49360478,0.18176019,0
0.50054336,-0.61092913,2.9538875,0.24743837,-0.07050249,0.96633554,0
0.86571354,0.653332,2.8596501,0.24743837,-0.07050249,0.96633554,0
-0.50613189,-0.074774563,0.35594738,-0.85048109,-0.49360478,0.18176019,0
-1.3175455,0.73503101,-2.6875343,-0.24743837,0.07050249,-0.96633554,0
0.63745499,-1.6146224,-2.002619,0.46417278,-0.86682421,-0.1820977,0
0.38824761,1.1739181,3.0543737,0.24743837,-0.07050249,0.96633554,0
-0.58439267,-1.076019,-2.9575658,-0.24743837,0.07050249,-0.96633554,0
-0.20459938,-0.84689832,-3.0588403,-0.24743837,0.07050249,-0.96633554,0
1.0629853,-0.84697765,2.8039887,0.24743837,-0.07050249,0.96633554,0
0.69541383,-1.4865296,-2.314461,0.46417278,-0.86682421,-0.1820977,0
0.34958887,1.605,3.1514378,0.24743837,-0.07050249,0.96633554,0
0.87567073,-0.060377225,2.8381701,0.24743837,-0.07050249,0.96633554,0
0.12248188,1.0597775,0.19035614,0.85048109,0.49360478,-0.18176019,0
1.4289871,-1.3825041,2.548872,0.24743837,-0.07050249,0.96633554,0
-0.9067176,1.214329,-2.8870893,-0.24743837,0.07050249,-0.96633554,0
-0.93303931,1.4762812,-2.6819351,-0.24743837,0.07050249,-0.96633554,0
-0.24567986,-1.0674043,-0.88959724,-0.85048109,-0.49360478,0.18176019,0
-1.8470014,1.3115581,-2.6175795,-0.24743837,0.07050249,-0.96633554,0
-1.6741345,1.5137832,-0.86634672,-0.85048109,-0.49360478,0.18176019,0
-0.092507437,-0.40239912,0.96485394,-0.85048109,-0.49360478,0.18176019,0
-1.1639994,1.4593755,0.79869211,-0.46417278,0.86682421,0.1820977,0
-0.47335386,-0.7546258,-2.0464311,-0.85048109,-0.49360478,0.18176019,0
0.8927356,-1.4307373,-2.416842,0.46417278,-0.86682421,-0.1820977,0
0.94195962,-1.1280667,2.8064821,0.24743837,-0.07050249,0.96633554,0
-1.2095749,2.1695483,-1.9440887,-0.46417278,0.86682421,0.1820977,0
1.0486255,0.23567337,2.4559855,0.85048109,0.49360478,-0.18176019,0
-1.4072119,1.7292485,-2.5911913,-0.24743837,0.07050249,-0.96633554,0
0.9016825,-0.46874693,0.38874042,0.85048109,0.49360478,-0.18176019,0
-0.97487539,1.7250754,-0.017949671,-0.46417278,0.86682421,0.1820977,0
1.6593643,-1.2011272,2.5283904,0.24743837,-0.07050249,0.96633554,0
0.54469347,0.87643707,3.0406945,0.24743837,-0.07050249,0.96633554,0
1.0987567,-1.0419091,-0.36041039,0.85048109,0.49360478,-0.18176019,0
0.092111707,-1.7250381,-2.0288286,0.46417278,-0.86682421,-0.1820977,0
0.48224878,1.0939146,2.9839852,0.85048109,0.49360478,-0.18176019,0
0.43855596,1.4164114,2.7836704,0.85048109,0.49360478,-0.18176019,0
-0.19777709,-0.014602721,1.9637163,-0.85048109,-0.49360478,0.18176019,0
1.1807725,-0.37661082,2.7383065,0.24743837,-0.07050249,0.96633554,0
-0.61197197,-0.2871699,-0.81758797,-0.85048109,-0.49360478,0.18176019,0
-0.23457229,1.4291525,3.0765786,-0.46417278,0.86682421,0.1820977,0
-0.062061474,-0.13795817,2.5898645,-0.85048109,-0.49360478,0.18176019,0
0.17551577,0.39013544,3.1276407,0.24743837,-0.07050249,0.96633554,0
-1.892688,1.664526,-1.9342096,-0.46417278,0.86682421,0.1820977,0
-0.78686422,0.81116802,1.3863666,-0.85048109,-0.49360478,0.18176019,0
-0.070076555,-0.51570451,1.0239943,-0.85048109,-0.49360478,0.18176019,0
-1.3690307,1.6566471,-0.81720221,-0.46417278,0.86682421,0.1820977,0
0.59189153,-1.0784558,-3.1759391,0.85048109,0.49360478,-0.18176019,0
0.19282877,-1.672438,-1.9846565,0.46417278,-0.86682421,-0.1820977,0
-0.20660603,-0.73182482,-3.009984,-0.24743837,0.07050249,-0.96633554,0
0.82036185,-0.44807771,2.9479942,0.24743837,-0.07050249,0.96633554,0
-0.93215477,2.0648768,-0.98237121,-0.46417278,0.86682421,0.1820977,0
-1.1257261,1.1991886,-2.7738271,-0.24743837,0.07050249,-0.96633554,0
-1.1349499,1.1389774,0.1111845,-0.85048109,-0.49360478,0.18176019,0
-0.21195471,-1.5083938,-1.8090106,-0.85048109,-0.49360478,0.18176019,0
1.9694498,-1.5901161,2.4841166,0.24743837,-0.07050249,0.96633554,0
1.252751,-1.39579,2.6301949,0.24743837,-0.07050249,0.96633554,0
-1.308895,2.0845857,-2.5007753,-0.46417278,0.86682421,0.1820977,0
0.092154443,-0.37334943,-3.0942831,-0.24743837,0.07050249,-0.96633554,0
-0.46575451,0.8345505,2.7506959,-0.85048109,-0.49360478,0.18176019,0
0.10885203,-0.42825943,-3.1133683,-0.24743837,0.07050249,-0.96633554,0
1.4065475,-0.51174939,2.312974,0.85048109,0.49360478,-0.18176019,0
1.2492011,-0.46624786,2.8212378,0.24743837,-0.07050249,0.96633554,0
0.31943852,-0.47899595,-2.333411,0.85048109,0.49360478,-0.18176019,0
-0.68066132,1.5602915,1.6632707,-0.46417278,0.86682421,0.1820977,0
-0.99328727,1.5550802,0.78203791,-0.46417278,0.86682421,0.1820977,0
-1.6736556,1.7430524,-1.1128114,-0.46417278,0.86682421,0.1820977,0
-0.44431907,-0.72356558,-2.9660811,-0.24743837,0.07050249,-0.96633554,0
-1.3182049,2.0028634,-1.8990932,-0.46417278,0.86682421,0.1820977,0
-1.1766454,1.4698999,-2.7126927,-0.24743837,0.07050249,-0.96633554,0
1.3736739,-1.7688452,1.4401836,0.46417278,-0.86682421,-0.1820977,0
-0.75890398,1.2038345,-2.8233714,-0.24743837,0.07050249,-0.96633554,0
1.2312924,-0.38841999,2.8098118,0.24743837,-0.07050249,0.96633554,0
-0.35418576,-0.40141636,-2.9675207,-0.24743837,0.07050249,-0.96633554,0
-0.83750355,1.4420378,1.7551401,-0.46417278,0.86682421,0.1820977,0
-0.94886744,0.5654012,-0.3441574,-0.85048109,-0.49360478,0.18176019,0
-0.39555395,0.42363459,-2.9593151,-0.24743837,0.07050249,-0.96633554,0
-0.25258675,0.37295055,-2.921026,-0.24743837,0.07050249,-0.96633554,0
-0.027510703,0.61879373,-1.3799882,0.85048109,0.49360478,-0.18176019,0
0.81987262,-0.84312427,-1.1729879,0.85048109,0.49360478,-0.18176019,0
0.47940385,-1.7942576,-1.0953296,0.46417278,-0.86682421,-0.1820977,0
1.3693392,-1.4883608,-0.10684983,0.85048109,0.49360478,-0.18176019,0
-0.040249348,1.4755579,3.1622438,0.24743837,-0.07050249,0.96633554,0
0.59310997,0.58757061,2.982682,0.24743837,-0.07050249,0.96633554,0
-0.34694171,1.8219414,0.8686952,0.85048109,0.49360478,-0.18176019,0
0.57321441,-0.5218426,3.0158889,0.24743837,-0.07050249,0.96633554,0
-0.95146167,1.549455,-2.8063359,-0.24743837,0.07050249,-0.96633554,0
-1.111716,1.9701478,-1.3961616,-0.46417278,0.86682421,0.1820977,0
-1.4714766,1.5352292,-0.26194811,-0.46417278,0.86682421,0.1820977,0
0.98085475,-2.0277572,1.0448556,0.46417278,-0.86682421,-0.1820977,0
0.1547696,0.47192663,-0.73733312,0.85048109,0.49360478,-0.18176019,0
-0.028050315,0.34090328,-1.4896272,0.85048109,0.49360478,-0.18176019,0
-1.3944496,1.1075152,-2.7020128,-0.24743837,0.07050249,-0.96633554,0
0.90357864,-1.6978455,-0.98873943,0.46417278,-0.86682421,-0.1820977,0
-0.40236163,0.60749376,2.8605208,-0.85048109,-0.49360478,0.18176019,0
-0.87801659,0.42002144,-0.1204024,-0.85048109,-0.49360478,0.18176019,0
0.18917716,-1.45737,-0.66121083,-0.85048109,-0.49360478,0.18176019,0
0.82273293,-1.4620106,-1.6136599,0.46417278,-0.86682421,-0.1820977,0
-1.3637187,1.953105,-1.7908292,-0.46417278,0.86682421,0.1820977,0
0.85971504,0.44147617,2.8478613,0.24743837,-0.07050249,0.96633554,0
-0.52716166,0.82708913,2.2065806,-0.85048109,-0.49360478,0.18176019,0
-0.037214518,-1.1667728,-0.94955647,-0.85048109,-0.49360478,0.18176019,0
-0.55015135,1.4997274,2.6990867,-0.46417278,0.86682421,0.1820977,0
-1.5962489,1.6051011,-0.92710531,-0.46417278,0.86682421,0.1820977,0
-1.0783043,1.2461104,1.358765,-0.85048109,-0.49360478,0.18176019,0
1.164012,-1.9157901,1.0748935,0.46417278,-0.86682421,-0.1820977,0
0.65769589,0.34903461,1.2487494,0.85048109,0.49360478,-0.18176019,0
1.7483144,-1.6469299,0.9341563,0.46417278,-0.86682421,-0.1820977,0
-0.2007221,1.7015523,1.9713329,-0.46417278,0.86682421,0.1820977,0
0.18082345,0.36288112,3.1038072,0.24743837,-0.07050249,0.96633554,0
-1.4230857,2.0529425,-2.4810762,-0.46417278,0.86682421,0.1820977,0
-0.38257873,1.9079309,1.1461692,-0.46417278,0.86682421,0.1820977,0
0.15322259,-0.051625252,-2.1770999,0.85048109,0.49360478,-0.18176019,0
1.2141937,-0.61392254,2.8329606,0.24743837,-0.07050249,0.96633554,0
-0.64856207,1.7003758,0.90600133,-0.46417278,0.86682421,0.1820977,0
-1.1752658,1.5883267,0.78210378,-0.46417278,0.86682421,0.1820977,0
0.77238137,0.26083237,1.8481026,0.85048109,0.49360478,-0.18176019,0
0.50107026,-0.28788751,3.0057807,0.24743837,-0.07050249,0.96633554,0
-0.43531024,-1.1226265,-3.0560181,-0.24743837,0.07050249,-0.96633554,0
0.54361546,-1.5143083,-1.9015524,0.46417278,-0.86682421,-0.1820977,0
-0.52707136,0.32464904,-2.9756439,-0.24743837,0.07050249,-0.96633554,0
-0.55362189,1.5321687,2.6907408,-0.46417278,0.86682421,0.1820977,0
0.58886963,0.2331664,0.7194398,0.85048109,0.49360478,-0.18176019,0
0.77577877,-0.79756337,-1.3991117,0.85048109,0.49360478,-0.18176019,0
-1.274605,1.4164538,0.19470963,-0.85048109,-0.49360478,0.18176019,0
1.3691318,-1.798998,0.65299606,0.46417278,-0.86682421,-0.1820977,0
0.95446396,-1.4290109,-1.8794162,0.46417278,-0.86682421,-0.1820977,0
0.77458459,-0.068752766,2.8040853,0.24743837,-0.07050249,0.96633554,0
-1.6134669,1.7520137,-1.3449206,-0.46417278,0.86682421,0.1820977,0
0.60023648,0.41321591,1.4185807,0.85048109,0.49360478,-0.18176019,0
0.61113787,-1.4595183,-2.0062752,0.46417278,-0.86682421,-0.1820977,0
1.693863,-0.98535872,2.3969662,0.85048109,0.49360478,-0.18176019,0
1.1861686,-1.5782429,2.7513936,0.24743837,-0.07050249,0.96633554,0
-0.37989068,0.73624355,-2.2368774,0.85048109,0.49360478,-0.18176019,0
-0.38023645,0.70459396,2.5056984,-0.85048109,-0.49360478,0.18176019,0
0.91309655,-2.1107318,1.4197732,0.46417278,-0.86682421,-0.1820977,0
1.6143147,-1.6243415,0.9199661,0.46417278,-0.86682421,-0.1820977,0
0.84464049,-1.7284242,-0.54942137,0.46417278,-0.86682421,-0.1820977,0
-0.25794703,-0.84255338,-0.67190671,-0.85048109,-0.49360478,0.18176019,0
-0.18277586,-0.690355,-0.51744783,-0.85048109,-0.49360478,0.18176019,0
-1.3112142,1.7450339,-0.52761418,-0.46417278,0.86682421,0.1820977,0
-0.46808073,-0.41280016,-1.053564,-0.85048109,-0.49360478,0.18176019,0
1.6934077,-0.84737384,2.5850205,0.24743837,-0.07050249,0.96633554,0
1.5499568,-1.2750161,2.5391459,0.24743837,-0.07050249,0.96633554,0
0.69804883,-1.74737,-0.46682489,0.46417278,-0.86682421,-0.1820977,0
0.21410394,1.3009596,3.155283,0.24743837,-0.07050249,0.96633554,0
0.85380006,0.57576001,3.0100815,0.24743837,-0.07050249,0.96633554,0
-1.6100338,1.0747643,-2.5305915,-0.24743837,0.07050249,-0.96633554,0
0.64502311,-1.2633895,-3.046685,0.46417278,-0.86682421,-0.1820977,0
0.25052631,-0.61015135,-2.7952793,0.85048109,0.49360478,-0.18176019,0
-0.59955144,-0.88093245,-2.7196636,-0.85048109,-0.49360478,0.18176019,0
0.45398837,-0.057510942,3.0510049,0.24743837,-0.07050249,0.96633554,0
-0.8618021,1.5443712,0.99218559,-0.46417278,0.86682421,0.1820977,0
-0.37240481,-1.2794918,-3.0433643,-0.24743837,0.07050249,-0.96633554,0
0.33465374,-1.3560221,-3.3462489,0.46417278,-0.86682421,-0.1820977,0
-0.78633773,2.1304693,-0.62574208,-0.46417278,0.86682421,0.1820977,0
-0.46493876,1.8212311,1.4718937,-0.46417278,0.86682421,0.1820977,0
0.74475962,0.75964344,3.0692036,0.24743837,-0.07050249,0.96633554,0
0.71279454,-1.3955452,-2.6576447,0.46417278,-0.86682421,-0.1820977,0
-0.069031477,-0.14684129,2.1499853,-0.85048109,-0.49360478,0.18176019,0
-0.074526012,-0.12845773,-3.0888369,-0.24743837,0.07050249,-0.96633554,0
-1.6354566,1.400912,-2.4858899,-0.24743837,0.07050249,-0.96633554,0
1.2165596,-0.63782287,2.7524815,0.24743837,-0.07050249,0.96633554,0
-1.7648625,1.7231332,-2.5836344,-0.24743837,0.07050249,-0.96633554,0
0.91606194,0.11310571,1.67829,0.85048109,0.49360478,-0.18176019,0
-0.28835618,1.7225251,0.52649581,0.85048109,0.49360478,-0.18176019,0
1.4059286,-0.85611999,2.6704087,0.24743837,-0.07050249,0.96633554,0
-0.169679,-0.14687103,1.720005,-0.85048109,-0.49360478,0.18176019,0
1.0079734,-1.0850838,-1.5175749,0.85048109,0.49360478,-0.18176019,0
-0.83480525,1.7617376,-2.0462995,0.85048109,0.49360478,-0.18176019,0
-0.50224406,-0.058383599,-3.0374675,-0.24743837,0.07050249,-0.96633554,0
-0.38889992,-0.35874614,-3.0929437,-0.24743837,0.07050249,-0.96633554,0
-0.82156861,1.4716513,2.0210795,-0.46417278,0.86682421,0.1820977,0
-1.7423244,1.7188408,-2.5888093,-0.24743837,0.07050249,-0.96633554,0
-1.701843,1.6291044,-1.6296184,-0.46417278,0.86682421,0.1820977,0
-1.4278712,1.8435683,-1.4768462,-0.46417278,0.86682421,0.1820977,0
1.4924145,-1.6252986,0.2078886,0.46417278,-0.86682421,-0.1820977,0
-0.9283632,1.5218279,1.0088456,-0.46417278,0.86682421,0.1820977,0
-0.52220088,0.6898936,2.5978291,-0.85048109,-0.49360478,0.18176019,0
-0.39350235,-1.567817,-3.1590521,-0.24743837,0.07050249,-0.96633554,0
-0.26418865,1.8339847,2.0235252,-0.46417278,0.86682421,0.1820977,0
-1.2274883,2.1632173,-2.2613647,0.85048109,0.49360478,-0.18176019,0
-0.72320724,0.54932201,-2.8851364,-0.24743837,0.07050249,-0.96633554,0
0.23370731,-1.8540056,-1.469942,0.46417278,-0.86682421,-0.1820977,0
-1.1361187,1.6602788,0.16735232,-0.46417278,0.86682421,0.1820977,0
-1.4641672,1.5923331,-0.22577399,-0.46417278,0.86682421,0.1820977,0
1.5073951,-1.1520555,0.72961366,0.85048109,0.49360478,-0.18176019,0
0.48553276,-1.7895567,-0.87389612,0.46417278,-0.86682421,-0.1820977,0
-1.3687751,1.9089993,-1.4940193,-0.46417278,0.86682421,0.1820977,0
-1.2899954,0.31252959,-2.0100548,-0.85048109,-0.49360478,0.18176019,0
-1.5611033,1.5328257,-2.6315463,-0.24743837,0.07050249,-0.96633554,0
-0.20448101,-0.80751204,-3.1498275,-0.24743837,0.07050249,-0.96633554,0
0.61979532,-1.9137542,-0.82923287,0.46417278,-0.86682421,-0.1820977,0
1.5833744,-0.77837789,2.1641817,0.85048109,0.49360478,-0.18176019,0
-0.6847415,0.79765189,1.9082189,-0.85048109,-0.49360478,0.18176019,0
1.2404339,-1.9985031,1.1621199,0.46417278,-0.86682421,-0.1820977,0
-1.2808107,1.1197354,-2.713201,-0.24743837,0.07050249,-0.96633554,0
0.60243738,-1.996528,0.026876003,0.46417278,-0.86682421,-0.1820977,0
1.1239493,-1.9180008,1.2678244,0.46417278,-0.86682421,-0.1820977,0
-0.77118087,1.8799669,0.20037702,-0.46417278,0.86682421,0.1820977,0
0.49624342,-0.54415363,3.0004466,0.24743837,-0.07050249,0.96633554,0
1.2330539,-1.5042932,-0.15227014,0.46417278,-0.86682421,-0.1820977,0
-0.41707268,0.82708621,-2.0023201,0.85048109,0.49360478,-0.18176019,0
0.080973387,1.1089997,3.0852058,0.24743837,-0.07050249,0.96633554,0
-0.018940046,-0.50543016,1.7285885,-0.85048109,-0.49360478,0.18176019,0
-1.1465018,0.32139477,-2.7654388,-0.24743837,0.07050249,-0.96633554,0
-1.1493759,1.693372,0.072716787,-0.46417278,0.86682421,0.1820977,0
-0.71171659,0.62595707,0.91297835,-0.85048109,-0.49360478,0.18176019,0
0.29974735,-1.4979219,0.22513607,-0.85048109,-0.49360478,0.18176019,0
1.4404682,-1.1185037,2.7112648,0.24743837,-0.07050249,0.96633554,0
0.9060595,-1.6222804,-1.2306907,0.46417278,-0.86682421,-0.1820977,0
-0.4615165,1.8160909,0.92022532,-0.46417278,0.86682421,0.1820977,0
1.5527706,-1.2720102,0.67929304,0.85048109,0.49360478,-0.18176019,0
-1.4205972,1.5654957,-2.5436687,-0.24743837,0.07050249,-0.96633554,0
0.48483354,-0.67806947,-2.5353868,0.85048109,0.49360478,-0.18176019,0
-1.0637751,1.8947451,-1.1266375,-0.46417278,0.86682421,0.1820977,0
0.0030400753,1.8012185,2.9292767,-0.46417278,0.86682421,0.1820977,0
-0.51066148,-0.32033849,-0.33573523,-0.85048109,-0.49360478,0.18176019,0
0.74412465,-1.4450282,-2.1918669,0.46417278,-0.86682421,-0.1820977,0
0.35364783,-0.81604183,2.3032391,-0.85048109,-0.49360478,0.18176019,0
0.85021675,-0.83537626,-0.86443937,0.85048109,0.49360478,-0.18176019,0
-0.86980867,1.8992281,-0.28265834,-0.46417278,0.86682421,0.1820977,0
0.31959081,-1.5636915,-2.9355981,0.46417278,-0.86682421,-0.1820977,0
0.73057741,-0.68979537,-1.4270906,0.85048109,0.49360478,-0.18176019,0
0.2019856,-1.0026865,-3.3029258,-0.24743837,0.07050249,-0.96633554,0
-0.93443751,1.9083742,-0.6490649,-0.46417278,0.86682421,0.1820977,0
-0.89185774,1.8614719,-0.46328807,-0.46417278,0.86682421,0.1820977,0
0.84005153,-1.9147255,0.67964393,0.46417278,-0.86682421,-0.1820977,0
-0.21452117,-1.561161,-2.8567181,-0.85048109,-0.49360478,0.18176019,0
-0.56128454,1.5310704,2.4826977,-0.46417278,0.86682421,0.1820977,0
-0.76237828,0.14967135,-0.89978027,-0.85048109,-0.49360478,0.18176019,0
-1.0183226,0.73967111,-0.53760779,-0.85048109,-0.49360478,0.18176019,0
0.42327702,1.042191,3.0213294,0.24743837,-0.07050249,0.96633554,0
-0.28045869,1.27832,3.1945574,0.24743837,-0.07050249,0.96633554,0
0.29909098,0.1598765,-0.5613662,0.85048109,0.49360478,-0.18176019,0
0.71527791,-2.0619531,0.83612204,-0.85048109,-0.49360478,0.18176019,0
0.26955986,-1.8970039,-0.87078756,-0.85048109,-0.49360478,0.18176019,0
0.39349225,-0.22339493,3.0570331,0.24743837,-0.07050249,0.96633554,0
1.2124015,-0.7588529,1.2971681,0.85048109,0.49360478,-0.18176019,0
-0.41244397,0.2598359,1.9497635,-0.85048109,-0.49360478,0.18176019,0
1.9076676,-1.5074795,2.2862968,0.85048109,0.49360478,-0.18176019,0
-0.36783612,-1.1821864,-3.1052818,-0.24743837,0.07050249,-0.96633554,0
-0.40097046,1.3120697,3.2795947,-0.46417278,0.86682421,0.1820977,0
-0.28346449,0.22598448,1.6781838,-0.85048109,-0.49360478,0.18176019,0
-0.010455489,-0.91985202,-3.1391325,-0.24743837,0.07050249,-0.96633554,0
0.39106387,0.71909589,2.9560194,0.24743837,-0.07050249,0.96633554,0
0.19842221,0.050391018,-2.1890662,0.85048109,0.49360478,-0.18176019,0
-0.010855794,1.5895422,0.97489762,0.85048109,0.49360478,-0.18176019,0
-1.8943895,1.5431817,-2.4261541,-0.24743837,0.07050249,-0.96633554,0
-1.3665005,0.43065041,-2.4221306,-0.85048109,-0.49360478,0.18176019,0
1.0118483,-1.9151525,0.7007097,0.46417278,-0.86682421,-0.1820977,0
-1.4383985,1.3099594,-2.6849973,-0.24743837,0.07050249,-0.96633554,0
-1.0884737,-0.048484445,-2.8988655,-0.24743837,0.07050249,-0.96633554,0
0.75500166,-1.172327,-2.7478299,0.85048109,0.49360478,-0.18176019,0
0.77891791,-1.775888,-0.88975775,0.46417278,-0.86682421,-0.1820977,0
-0.81856835,-0.3890326,-2.8237722,-0.24743837,0.07050249,-0.96633554,0
1.2290859,-2.0637019,1.4521353,0.46417278,-0.86682421,-0.1820977,0
0.65584034,-0.75677145,-2.2244148,0.85048109,0.49360478,-0.18176019,0
-0.34678996,-1.1162289,-3.1867051,-0.24743837,0.07050249,-0.96633554,0
-0.89959383,1.8555142,0.27386144,-0.46417278,0.86682421,0.1820977,0
-1.1753739,1.0652826,0.00030705333,-0.85048109,-0.49360478,0.18176019,0
1.1776291,-0.73353016,2.786545,0.24743837,-0.07050249,0.96633554,0
0.58002681,0.62890863,2.0581806,0.85048109,0.49360478,-0.18176019,0
1.7654849,-1.6848775,2.0120616,0.46417278,-0.86682421,-0.1820977,0
0.54403853,-1.2281475,-3.3092842,-0.24743837,0.07050249,-0.96633554,0
0.1493797,0.62351727,-0.26359797,0.85048109,0.49360478,-0.18176019,0
0.55879855,-1.7574244,-0.65811145,0.46417278,-0.86682421,-0.1820977,0
0.45122111,-1.9436187,-0.57556546,0.46417278,-0.86682421,-0.1820977,0
1.2259312,-1.4713733,2.7720606,0.24743837,-0.07050249,0.96633554,0
1.0079489,-1.7948265,2.472297,-0.85048109,-0.49360478,0.18176019,0
0.095775604,-1.362,-0.17778206,-0.85048109,-0.49360478,0.18176019,0
-0.20940647,0.4551006,-2.5157979,0.85048109,0.49360478,-0.18176019,0
1.2189429,-2.0562325,1.6416998,0.46417278,-0.86682421,-0.1820977,0
-1.6287661,1.7966169,-2.5282695,-0.24743837,0.07050249,-0.96633554,0
0.5120979,0.56710136,2.9850755,0.24743837,-0.07050249,0.96633554,0
0.74487042,-1.9181592,-0.016304612,0.46417278,-0.86682421,-0.1820977,0
-1.4745116,1.6625701,-0.79387951,-0.46417278,0.86682421,0.1820977,0
1.9405317,-1.4885211,2.5355105,0.24743837,-0.07050249,0.96633554,0
0.33977723,-1.3200679,0.83439273,-0.85048109,-0.49360478,0.18176019,0
0.39387295,0.54027694,0.32656878,0.85048109,0.49360478,-0.18176019,0
1.551867,-1.879707,1.6067088,0.46417278,-0.86682421,-0.1820977,0
0.95247424,-0.023649544,1.2467239,0.85048109,0.49360478,-0.18176019,0
-1.8595312,1.5681146,-1.7345798,-0.46417278,0.86682421,0.1820977,0
-0.71246386,0.45170319,-2.9741387,-0.24743837,0.07050249,-0.96633554,0
1.477308,-1.3465931,0.648893,0.85048109,0.49360478,-0.18176019,0
-1.9906358,1.6312355,-2.0900655,-0.46417278,0.86682421,0.1820977,0
-0.10757017,-0.68560481,-3.1261265,-0.24743837,0.07050249,-0.96633554,0
-0.32405758,-0.20367301,0.63229239,-0.85048109,-0.49360478,0.18176019,0
0.55528027,-0.44708532,-1.4938999,0.85048109,0.49360478,-0.18176019,0
-0.55307472,0.74195522,2.1000748,-0.85048109,-0.49360478,0.18176019,0
0.078132987,-1.9125917,-1.8573201,-0.85048109,-0.49360478,0.18176019,0
1.4571785,-1.1771098,0.72566557,0.85048109,0.49360478,-0.18176019,0
0.0468328,-0.7361834,-3.2274096,-0.24743837,0.07050249,-0.96633554,0
0.65208483,-1.9588861,-0.53421831,0.46417278,-0.86682421,-0.1820977,0
-0.028051376,1.7536923,2.6635828,-0.46417278,0.86682421,0.1820977,0
-0.33450535,-0.38699287,0.065153636,-0.85048109,-0.49360478,0.18176019,0
-0.41194355,0.72572839,2.5164332,-0.85048109,-0.49360478,0.18176019,0
0.97939575,-2.1039023,1.0174282,0.46417278,-0.86682421,-0.1820977,0
0.24554169,1.4092244,3.1812453,0.24743837,-0.07050249,0.96633554,0
1.07077,-1.6284236,-0.24202725,0.46417278,-0.86682421,-0.1820977,0
1.1204884,-1.2717596,-0.48437756,0.85048109,0.49360478,-0.18176019,0
-0.44394398,0.59140116,-2.9169285,-0.24743837,0.07050249,-0.96633554,0
-0.88977599,1.3888667,2.228035,-0.46417278,0.86682421,0.1820977,0
-0.50491703,1.5509266,2.8623507,-0.46417278,0.86682421,0.1820977,0
-0.30888987,1.7804275,0.42763031,0.85048109,0.49360478,-0.18176019,0
0.3217845,1.429595,3.2170665,0.24743837,-0.07050249,0.96633554,0
1.0987486,-1.0571167,-0.46984947,0.85048109,0.49360478,-0.18176019,0
-1.1697559,1.7360674,-0.63693058,-0.46417278,0.86682421,0.1820977,0
0.5833149,-1.3679322,2.0404038,-0.85048109,-0.49360478,0.18176019,0
0.033190846,1.7116076,2.8399799,-0.46417278,0.86682421,0.1820977,0
-1.0284953,1.5582345,0.51396829,-0.46417278,0.86682421,0.1820977,0
-0.91752088,2.0451324,-1.0497725,-0.46417278,0.86682421,0.1820977,0
-0.96807718,1.7784803,-1.995461,0.85048109,0.49360478,-0.18176019,0
0.69061768,-0.6133002,-0.98416394,0.85048109,0.49360478,-0.18176019,0
1.3565862,-1.1761887,2.7120504,0.24743837,-0.07050249,0.96633554,0
-1.1628182,2.1535451,-2.2444029,-0.46417278,0.86682421,0.1820977,0
-0.19594181,-1.5981874,-2.5898755,-0.85048109,-0.49360478,0.18176019,0
1.0912783,-0.65269458,2.8169541,0.24743837,-0.07050249,0.96633554,0
1.1553723,-2.2041531,2.2071698,0.46417278,-0.86682421,-0.1820977,0
-0.27744675,1.3223885,-0.069374666,0.85048109,0.49360478,-0.18176019,0
0.49477172,-0.96966499,-3.1692789,0.85048109,0.49360478,-0.18176019,0
0.79447126,-1.4229403,2.8203676,0.24743837,-0.07050249,0.96633554,0
0.57376742,1.0599254,2.753196,0.85048109,0.49360478,-0.18176019,0
-0.66946638,0.016545467,-2.8621979,-0.24743837,0.07050249,-0.96633554,0
1.2450682,-1.8447163,0.57054132,0.46417278,-0.86682421,-0.1820977,0
1.5500178,-0.92787653,2.0419428,0.85048109,0.49360478,-0.18176019,0
1.5701356,-1.709622,0.9301151,0.46417278,-0.86682421,-0.1820977,0
-0.75952375,0.3911579,-2.948319,-0.24743837,0.07050249,-0.96633554,0
-0.80146247,0.62038678,1.0469496,-0.85048109,-0.49360478,0.18176019,0
0.17368495,1.6840397,3.0482407,-0.46417278,0.86682421,0.1820977,0
-0.42697716,-0.79304647,-3.0033081,-0.24743837,0.07050249,-0.96633554,0
0.35539448,0.54529005,3.1445694,0.24743837,-0.07050249,0.96633554,0
-0.046068192,1.3262424,3.2667797,0.24743837,-0.07050249,0.96633554,0
-1.1950932,1.5094826,0.61609066,-0.46417278,0.86682421,0.1820977,0
-1.1200686,1.6385443,0.58421284,-0.46417278,0.86682421,0.1820977,0
1.1575308,-1.9580543,0.84735131,0.46417278,-0.86682421,-0.1820977,0
0.0119856,0.11257863,2.8373284,-0.85048109,-0.49360478,0.18176019,0
0.61574328,0.77579248,2.500402,0.85048109,0.49360478,-0.18176019,0
0.93911326,-2.1744781,1.3440704,0.46417278,-0.86682421,-0.1820977,0
1.6183887,-1.1739513,1.2428714,0.85048109,0.49360478,-0.18176019,0
0.38392836,0.77229995,0.85942876,0.85048109,0.49360478,-0.18176019,0
-0.96874619,0.57146871,-2.8518002,-0.24743837,0.07050249,-0.96633554,0
-1.796083,1.8820328,-2.4617374,-0.46417278,0.86682421,0.1820977,0
-1.4187335,1.2173342,-2.6189172,-0.24743837,0.07050249,-0.96633554,0
1.528005,-1.7806751,1.2707802,0.46417278,-0.86682421,-0.1820977,0
-1.7527815,1.6484026,-2.627368,-0.24743837,0.07050249,-0.96633554,0
1.1459007,-0.53211653,0.65094256,0.85048109,0.49360478,-0.18176019,0
-1.4449806,1.8802749,-2.1224103,-0.46417278,0.86682421,0.1820977,0
0.41012025,-1.5378811,-2.4783599,0.46417278,-0.86682421,-0.1820977,0
1.2967703,-2.1082656,1.8882556,0.46417278,-0.86682421,-0.1820977,0
1.6407602,-1.0277274,2.1803074,0.85048109,0.49360478,-0.18176019,0
0.47896659,0.6041683,1.2875699,0.85048109,0.49360478,-0.18176019,0
0.32315955,0.016295373,-1.176821,0.85048109,0.49360478,-0.18176019,0
-0.87129074,1.645211,-2.3117254,0.85048109,0.49360478,-0.18176019,0
0.52579165,1.0437739,2.1956494,0.85048109,0.49360478,-0.18176019,0
-0.69689095,1.7416371,1.2748946,-0.46417278,0.86682421,0.1820977,0
0.51232338,0.56804705,1.3869194,0.85048109,0.49360478,-0.18176019,0
-0.91940105,0.56392908,0.31086701,-0.85048109,-0.49360478,0.18176019,0
0.051517844,1.9029841,2.1679654,-0.46417278,0.86682421,0.1820977,0
-1.9138876,1.6431297,-2.1949489,-0.85048109,-0.49360478,0.18176019,0
0.13977909,0.75327826,3.2102127,0.24743837,-0.07050249,0.96633554,0
-0.43838644,1.8941284,0.44909516,-0.46417278,0.86682421,0.1820977,0
0.68672496,0.054346438,2.9862359,0.24743837,-0.07050249,0.96633554,0
1.7750608,-1.5106943,2.5825715,0.24743837,-0.07050249,0.96633554,0
-0.20949137,1.7434213,1.4680688,0.85048109,0.49360478,-0.18176019,0
0.44614363,0.31669247,2.9206927,0.24743837,-0.07050249,0.96633554,0
1.4542906,-0.60222197,2.4802346,0.85048109,0.49360478,-0.18176019,0
-0.016494036,0.84684771,-0.47819993,0.85048109,0.49360478,-0.18176019,0
0.047842622,-1.6307108,-3.0693212,0.46417278,-0.86682421,-0.1820977,0
1.3478487,-1.5908579,0.5053187,0.46417278,-0.86682421,-0.1820977,0
-1.1519263,1.8575414,-0.27698684,-0.46417278,0.86682421,0.1820977,0
-0.65221024,1.8623896,0.98168045,-0.46417278,0.86682421,0.1820977,0
0.34698713,1.0915501,1.5192704,0.85048109,0.49360478,-0.18176019,0
-0.95439583,0.28524125,-2.8865597,-0.24743837,0.07050249,-0.96633554,0
-0.85836422,-0.68720531,-2.8979747,-0.24743837,0.07050249,-0.96633554,0
-0.085626125,0.72101343,3.2351556,0.24743837,-0.07050249,0.96633554,0
-0.093302011,1.3373166,0.13434732,0.85048109,0.49360478,-0.18176019,0
0.69251126,0.21645713,2.9200292,0.24743837,-0.07050249,0.96633554,0
-0.70232534,1.1431677,2.9363275,-0.85048109,-0.49360478,0.18176019,0
0.21969044,-1.7693685,-1.1131144,-0.85048109,-0.49360478,0.18176019,0
0.054759026,0.84837103,3.0873029,0.24743837,-0.07050249,0.96633554,0
-0.30623186,1.4375801,3.2683752,-0.46417278,0.86682421,0.1820977,0
0.16565293,0.41276795,3.0295568,0.24743837,-0.07050249,0.96633554,0
-1.3577856,0.80521345,-2.7294497,-0.24743837,0.07050249,-0.96633554,0
0.45681214,-1.8839045,-0.79512089,0.46417278,-0.86682421,-0.1820977,0
-0.4908042,1.6099476,2.1337795,-0.46417278,0.86682421,0.1820977,0
1.3992479,-1.7316582,1.0825708,0.46417278,-0.86682421,-0.1820977,0
0.82613504,-0.7581526,-0.43744183,0.85048109,0.49360478,-0.18176019,0
0.99398798,-1.1623459,2.6781554,0.24743837,-0.07050249,0.96633554,0
0.21473783,0.017841458,3.0803664,0.24743837,-0.07050249,0.96633554,0
-0.66942644,-0.52433676,-2.2528553,-0.85048109,-0.49360478,0.18176019,0
0.2054863,0.25213701,3.015898,0.24743837,-0.07050249,0.96633554,0
-1.430794,1.4766582,-2.6350131,-0.24743837,0.07050249,-0.96633554,0
-1.2854564,1.5407188,-2.7281022,-0.24743837,0.07050249,-0.96633554,0
1.6204185,-1.798995,1.4002692,0.46417278,-0.86682421,-0.1820977,0
-1.0007777,0.49280664,-0.55266333,-0.85048109,-0.49360478,0.18176019,0
-0.32528687,1.6463863,2.8332472,-0.46417278,0.86682421,0.1820977,0
0.82643676,-1.396476,-2.0689549,0.46417278,-0.86682421,-0.1820977,0
0.63290161,0.71327096,3.0760031,0.24743837,-0.07050249,0.96633554,0
-0.59141868,0.42047882,0.69692087,-0.85048109,-0.49360478,0.18176019,0
0.72594601,0.86462414,2.9660745,0.24743837,-0.07050249,0.96633554,0
1.5274088,-1.9873626,2.3552048,0.46417278,-0.86682421,-0.1820977,0
-1.1189039,1.7429436,-0.71246469,-0.46417278,0.86682421,0.1820977,0
-1.7309785,1.8588792,-1.9823873,-0.46417278,0.86682421,0.1820977,0
-0.46635199,-0.66816205,-3.0774157,-0.24743837,0.07050249,-0.96633554,0
-0.13417614,-1.7683091,-2.9056637,0.46417278,-0.86682421,-0.1820977,0
