-0.48882049,-1.3351769,0.61185682,-0.74036556,0.25361907,0.6225242,0
-0.18779925,3.9203498,-0.99011564,-0.74036556,0.25361907,0.6225242,0
-0.044928104,1.3070918,0.092657924,-0.74036556,0.25361907,0.6225242,0
1.2697088,2.0324118,-0.074401855,0.74036556,-0.25361907,-0.6225242,0
-0.85917103,-4.507452,1.1589546,-0.30998048,-0.95056099,0.018604219,0
-0.46895206,0.34913486,0.022711622,-0.74036556,0.25361907,0.6225242,0
1.190676,4.4250469,-0.40526104,0.30998048,0.95056099,-0.018604219,0
-0.22089724,-0.18134022,0.48321491,-0.74036556,0.25361907,0.6225242,0
0.7841748,2.3060577,-0.88882971,0.74036556,-0.25361907,-0.6225242,0
-1.3350898,-2.0057936,-1.4624333,-0.59646547,0.1791963,-0.78237951,0
2.3528247,3.9847507,0.85598898,0.30998048,0.95056099,-0.018604219,0
1.5920429,4.2693377,0.90759444,0.30998048,0.95056099,-0.018604219,0
-2.2694829,-3.430548,-1.0884268,-0.59646547,0.1791963,-0.78237951,0
1.4242036,4.2404017,-0.27558041,0.30998048,0.95056099,-0.018604219,0
-0.29200611,-1.0345435,0.99173099,-0.74036556,0.25361907,0.6225242,0
-0.66978073,-4.4299731,0.73069286,-0.30998048,-0.95056099,0.018604219,0
-0.2642476,-4.3588295,0.9967103,0.59646547,-0.1791963,0.78237951,0
-0.51962185,0.45543998,-1.4703392,-0.59646547,0.1791963,-0.78237951,0
-1.3285896,-0.040609509,-0.86531174,-0.59646547,0.1791963,-0.78237951,0
0.19386861,-2.6784315,1.2647116,0.59646547,-0.1791963,0.78237951,0
-1.3564515,-4.3338895,-0.067338467,-0.30998048,-0.95056099,0.018604219,0
0.12061946,-3.6185973,1.0851653,0.59646547,-0.1791963,0.78237951,0
-0.75813335,-1.2319018,0.52223063,-0.74036556,0.25361907,0.6225242,0
-1.3035796,-1.6976275,-1.2145838,-0.59646547,0.1791963,-0.78237951,0
-1.5160397,-4.1784081,-0.93852043,-0.30998048,-0.95056099,0.018604219,0
0.76938534,-1.0055056,1.1640555,0.59646547,-0.1791963,0.78237951,0
-2.5145283,-3.8488166,-0.66043758,-0.30998048,-0.95056099,0.018604219,0
-0.022322685,-1.9757605,0.081680298,0.74036556,-0.25361907,-0.6225242,0
-1.0209273,-2.3603992,-1.2046697,0.74036556,-0.25361907,-0.6225242,0
0.10803264,-3.5264354,0.79586124,0.74036556,-0.25361907,-0.6225242,0
0.70368248,0.33997291,1.4076111,0.59646547,-0.1791963,0.78237951,0
-1.0975703,-1.5399356,-1.3407329,-0.59646547,0.1791963,-0.78237951,0
-0.093859404,2.4993005,-0.25289059,-0.74036556,0.25361907,0.6225242,0
0.32847497,2.4306898,-1.5340335,0.74036556,-0.25361907,-0.6225242,0
1.8893431,4.0536504,0.034571171,0.30998048,0.95056099,-0.018604219,0
0.68599093,-2.2495296,0.85207963,0.74036556,-0.25361907,-0.6225242,0
-1.8479835,-4.229208,-0.63859224,-0.30998048,-0.95056099,0.018604219,0
0.47253066,2.9730401,-1.3623219,0.74036556,-0.25361907,-0.6225242,0
-1.5590594,-3.5629764,-1.3310318,0.74036556,-0.25361907,-0.6225242,0
0.2282216,-1.705453,1.4718279,0.59646547,-0.1791963,0.78237951,0
-2.306241,-2.6271024,-0.76238751,-0.59646547,0.1791963,-0.78237951,0
-0.63556582,1.5740259,-1.1104195,-0.59646547,0.1791963,-0.78237951,0
-1.1611022,0.12112185,-1.0262623,-0.59646547,0.1791963,-0.78237951,0
1.3574321,0.85091168,1.0107136,0.59646547,-0.1791963,0.78237951,0
-0.35226649,1.8625281,-1.1108019,-0.59646547,0.1791963,-0.78237951,0
-1.3016146,-1.4725757,-1.2103155,-0.59646547,0.1791963,-0.78237951,0
1.3627162,1.9135095,1.2351323,0.59646547,-0.1791963,0.78237951,0
-1.5220265,-4.1588221,-0.83000708,-0.30998048,-0.95056099,0.018604219,0
-0.66656679,1.8688784,-0.89582133,-0.59646547,0.1791963,-0.78237951,0
0.54155421,-1.5015807,1.1905018,0.59646547,-0.1791963,0.78237951,0
-0.0079235137,0.62794775,-0.92245805,0.74036556,-0.25361907,-0.6225242,0
1.5960175,4.1568928,0.93085027,0.30998048,0.95056099,-0.018604219,0
-1.0373096,-4.4529176,0.030793667,-0.30998048,-0.95056099,0.018604219,0
-2.040585,-4.1728506,-0.48205328,-0.30998048,-0.95056099,0.018604219,0
1.0864756,0.28216803,1.1017905,0.59646547,-0.1791963,0.78237951,0
0.48037484,3.784385,-1.3163145,-0.59646547,0.1791963,-0.78237951,0
-1.3602968,-2.7371178,-1.3880038,-0.59646547,0.1791963,-0.78237951,0
0.94813985,4.4844489,-0.95687485,0.30998048,0.95056099,-0.018604219,0
1.3966093,1.0744519,1.0850743,0.59646547,-0.1791963,0.78237951,0
-1.2860423,-4.3463945,0.79896355,-0.30998048,-0.95056099,0.018604219,0
1.6118683,3.8422489,-0.50458097,0.74036556,-0.25361907,-0.6225242,0
0.47553545,0.4524945,-0.45187098,0.74036556,-0.25361907,-0.6225242,0
-0.87075531,-0.63378727,-1.3226162,-0.59646547,0.1791963,-0.78237951,0
-0.85503405,1.3050756,-1.0257957,-0.59646547,0.1791963,-0.78237951,0
-0.73619521,-4.4060974,0.32741117,-0.30998048,-0.95056099,0.018604219,0
0.83383238,-0.85612279,1.0021856,0.59646547,-0.1791963,0.78237951,0
0.62123317,1.3646488,0.9489243,-0.74036556,0.25361907,0.6225242,0
-1.2483051,-4.228272,1.0197806,-0.30998048,-0.95056099,0.018604219,0
-2.3307881,-3.8496332,-1.07199,-0.59646547,0.1791963,-0.78237951,0
1.65907,4.1764174,-0.40322447,0.30998048,0.95056099,-0.018604219,0
-0.1143087,-2.2461312,1.4758242,-0.74036556,0.25361907,0.6225242,0
0.15680403,0.36313635,0.91582263,-0.74036556,0.25361907,0.6225242,0
0.81037599,-1.486618,0.9480269,0.59646547,-0.1791963,0.78237951,0
0.47381571,-2.602335,0.97842979,0.59646547,-0.1791963,0.78237951,0
-1.5450547,-4.32651,-1.0288289,-0.30998048,-0.95056099,0.018604219,0
-2.2717884,-2.5491896,-0.85579944,-0.59646547,0.1791963,-0.78237951,0
1.957248,4.1205621,1.1255693,0.30998048,0.95056099,-0.018604219,0
-0.63783246,-1.4004135,-0.9431259,0.74036556,-0.25361907,-0.6225242,0
0.55890822,4.5674682,-0.33452272,0.30998048,0.95056099,-0.018604219,0
-1.1504462,-4.3642092,0.51144123,-0.30998048,-0.95056099,0.018604219,0
-0.56772733,-4.4422283,1.1308289,-0.30998048,-0.95056099,0.018604219,0
0.054364502,4.1949978,-0.9145689,-0.59646547,0.1791963,-0.78237951,0
-1.991978,-3.574121,-1.0963948,-0.59646547,0.1791963,-0.78237951,0
0.7807259,4.4420815,-0.51843834,0.30998048,0.95056099,-0.018604219,0
-0.24539334,1.8133016,-1.249608,-0.59646547,0.1791963,-0.78237951,0
1.723034,4.091948,1.0550811,0.30998048,0.95056099,-0.018604219,0
1.7862197,4.2236834,1.256557,0.30998048,0.95056099,-0.018604219,0
-0.88436341,-1.8712549,-1.2300601,0.74036556,-0.25361907,-0.6225242,0
1.4615791,2.7417705,1.3416684,0.59646547,-0.1791963,0.78237951,0
-1.2848771,0.3795628,-0.95644796,-0.59646547,0.1791963,-0.78237951,0
-1.9786247,-4.1995983,-1.2936902,-0.30998048,-0.95056099,0.018604219,0
-0.46737379,-3.3255782,1.573977,0.59646547,-0.1791963,0.78237951,0
0.028765738,-2.4499846,1.3937111,0.59646547,-0.1791963,0.78237951,0
-0.5124774,-1.9874394,1.1459976,-0.74036556,0.25361907,0.6225242,0
1.0965037,1.0618947,1.3311651,0.59646547,-0.1791963,0.78237951,0
-0.59620816,-4.6224785,0.44580746,-0.30998048,-0.95056099,0.018604219,0
-1.56813,-2.6719403,-0.11382985,-0.74036556,0.25361907,0.6225242,0
-1.1516829,0.26518515,-0.57416177,-0.74036556,0.25361907,0.6225242,0
-1.6130528,-4.2475271,0.17168379,-0.30998048,-0.95056099,0.018604219,0
-1.7002326,-4.1311655,-0.33844709,-0.30998048,-0.95056099,0.018604219,0
1.1389315,4.3584504,0.30394316,0.30998048,0.95056099,-0.018604219,0
-1.040971,-4.4629841,1.1264458,-0.30998048,-0.95056099,0.018604219,0
0.45514727,4.4040937,-1.2910016,-0.59646547,0.1791963,-0.78237951,0
1.6734744,1.3081083,0.83562267,0.59646547,-0.1791963,0.78237951,0
-1.8424848,-3.820581,0.23133945,-0.74036556,0.25361907,0.6225242,0
-0.42234647,-4.6050196,1.1212749,-0.30998048,-0.95056099,0.018604219,0
-1.0291108,-0.014648557,-1.0410651,-0.59646547,0.1791963,-0.78237951,0
1.4938473,4.1891923,0.014911175,0.30998048,0.95056099,-0.018604219,0
-1.6583066,-3.0547388,-1.2412674,-0.59646547,0.1791963,-0.78237951,0
0.18830009,-3.5496244,0.96563172,0.59646547,-0.1791963,0.78237951,0
0.022321939,-0.55003059,0.9672128,-0.74036556,0.25361907,0.6225242,0
-1.6971856,-4.1096411,-0.56508803,-0.30998048,-0.95056099,0.018604219,0
-0.84364569,-4.4439411,1.1022892,-0.30998048,-0.95056099,0.018604219,0
1.0396851,4.4832091,-0.25676632,0.30998048,0.95056099,-0.018604219,0
2.2446275,4.0164571,0.43534756,0.30998048,0.95056099,-0.018604219,0
-0.361058,2.4975305,-1.1368419,-0.59646547,0.1791963,-0.78237951,0
-1.0612712,-4.4362197,0.94693279,-0.30998048,-0.95056099,0.018604219,0
-0.34228909,-2.0091159,-0.34464908,0.74036556,-0.25361907,-0.6225242,0
1.3921703,4.3749371,0.31715918,0.30998048,0.95056099,-0.018604219,0
-1.397347,-4.2175245,0.83135366,-0.30998048,-0.95056099,0.018604219,0
-0.49983919,-4.4852495,1.2728348,0.59646547,-0.1791963,0.78237951,0
-0.59531051,-4.6139164,0.68390036,-0.30998048,-0.95056099,0.018604219,0
0.64448351,4.5949445,-1.3393564,0.30998048,0.95056099,-0.018604219,0
0.78648686,-1.3799847,0.99466747,0.59646547,-0.1791963,0.78237951,0
-0.45978928,-1.9567825,-0.66808474,0.74036556,-0.25361907,-0.6225242,0
-1.981113,-4.1282973,0.25355625,-0.30998048,-0.95056099,0.018604219,0
0.91944182,-0.72917855,0.61608398,0.74036556,-0.25361907,-0.6225242,0
0.43335605,4.6322951,-0.7377615,0.30998048,0.95056099,-0.018604219,0
-0.89848185,1.4353271,-0.85193628,-0.74036556,0.25361907,0.6225242,0
-2.2277064,-4.0493393,-1.0591364,-0.30998048,-0.95056099,0.018604219,0
1.4400876,4.1599078,-0.92957115,0.30998048,0.95056099,-0.018604219,0
-1.503027,-2.3853469,-1.2117414,-0.59646547,0.1791963,-0.78237951,0
0.43943405,-0.14620399,1.4393227,-0.74036556,0.25361907,0.6225242,0
-1.8560177,-4.0951676,0.13258219,-0.30998048,-0.95056099,0.018604219,0
-0.36769092,0.96703106,-1.3029442,-0.59646547,0.1791963,-0.78237951,0
-0.36598018,2.9563825,-0.76937318,-0.74036556,0.25361907,0.6225242,0
-0.23047596,0.37232375,-1.3894862,0.74036556,-0.25361907,-0.6225242,0
2.2239881,3.9670424,0.34752321,0.30998048,0.95056099,-0.018604219,0
1.3948984,2.7687891,-0.13417959,0.74036556,-0.25361907,-0.6225242,0
1.1351992,2.6438797,-0.57808471,0.74036556,-0.25361907,-0.6225242,0
-0.72813869,-4.4366345,1.0927134,-0.30998048,-0.95056099,0.018604219,0
0.93404335,0.66498637,1.3411185,0.59646547,-0.1791963,0.78237951,0
-0.40250924,2.6792569,-0.96943116,-0.59646547,0.1791963,-0.78237951,0
1.0049664,1.2427268,1.4323189,0.59646547,-0.1791963,0.78237951,0
-0.050477684,-1.5902514,1.4015344,-0.74036556,0.25361907,0.6225242,0
-2.5237575,-3.8937435,-0.65022278,-0.30998048,-0.95056099,0.018604219,0
1.5406766,1.9733274,0.11409664,0.74036556,-0.25361907,-0.6225242,0
-0.78582084,-4.3886247,0.25814962,-0.30998048,-0.95056099,0.018604219,0
0.36897668,4.413084,-1.2497537,-0.59646547,0.1791963,-0.78237951,0
-1.4029353,-4.2163138,0.27875996,-0.30998048,-0.95056099,0.018604219,0
-1.4500129,-4.1736798,-0.49059224,-0.30998048,-0.95056099,0.018604219,0
-1.5841906,-2.0019319,-0.18831396,-0.74036556,0.25361907,0.6225242,0
0.39677748,-1.2206922,1.288944,0.59646547,-0.1791963,0.78237951,0
-1.1862438,-4.3742714,0.60380363,-0.30998048,-0.95056099,0.018604219,0
0.30727947,2.2915158,0.29500401,-0.74036556,0.25361907,0.6225242,0
-0.19530648,-2.6883583,1.4312072,0.59646547,-0.1791963,0.78237951,0
0.77292049,2.8962603,0.51116276,-0.74036556,0.25361907,0.6225242,0
-1.0718548,-0.04793179,-1.0498774,-0.59646547,0.1791963,-0.78237951,0
2.3381977,3.8631485,0.94496751,0.59646547,-0.1791963,0.78237951,0
1.2725155,0.41288656,0.64607882,0.74036556,-0.25361907,-0.6225242,0
1.76358,3.8600998,1.2932479,-0.74036556,0.25361907,0.6225242,0
-0.89032519,-4.3565784,1.0275555,-0.30998048,-0.95056099,0.018604219,0
-1.3589299,-1.825905,-1.2019159,-0.59646547,0.1791963,-0.78237951,0
1.1856613,4.3289409,0.38653851,0.30998048,0.95056099,-0.018604219,0
0.58905137,-0.55749393,1.3588165,0.59646547,-0.1791963,0.78237951,0
-1.4527118,-4.3110075,-0.14894962,-0.30998048,-0.95056099,0.018604219,0
-0.78170824,-0.58600312,-1.4176061,-0.59646547,0.1791963,-0.78237951,0
-0.40235695,-3.3452616,1.4742515,0.59646547,-0.1791963,0.78237951,0
0.88136876,0.68481863,1.2925389,0.59646547,-0.1791963,0.78237951,0
-1.9597687,-3.346601,-1.2563162,-0.59646547,0.1791963,-0.78237951,0
0.084501512,2.9768329,-1.1866684,-0.59646547,0.1791963,-0.78237951,0
-0.24620026,-4.552247,0.99892163,0.59646547,-0.1791963,0.78237951,0
1.4945436,1.4768461,1.1859027,0.59646547,-0.1791963,0.78237951,0
-1.9320574,-4.0043254,-0.032263756,-0.30998048,-0.95056099,0.018604219,0
0.81326127,4.5267506,-1.2915344,0.30998048,0.95056099,-0.018604219,0
-1.6547819,-0.61261958,-0.91373724,-0.59646547,0.1791963,-0.78237951,0
-0.36845246,-4.0853605,1.383312,0.59646547,-0.1791963,0.78237951,0
0.67533535,2.0027707,0.78222799,-0.74036556,0.25361907,0.6225242,0
0.54811287,4.617404,-1.0140047,0.30998048,0.95056099,-0.018604219,0
0.11477494,2.8825922,-0.28021646,-0.74036556,0.25361907,0.6225242,0
0.12840277,0.57377726,-0.95921612,0.74036556,-0.25361907,-0.6225242,0
0.71902835,4.4608164,-0.49539804,0.30998048,0.95056099,-0.018604219,0
-0.59056598,1.6245019,-1.1069195,-0.59646547,0.1791963,-0.78237951,0
0.0078198314,-3.5719361,1.1159945,0.59646547,-0.1791963,0.78237951,0
1.543448,2.7210917,-0.044845581,0.74036556,-0.25361907,-0.6225242,0
-1.145382,-4.2434411,0.7274785,-0.30998048,-0.95056099,0.018604219,0
1.9181283,1.6767551,0.77705133,0.74036556,-0.25361907,-0.6225242,0
-0.79542089,-4.488946,0.19143915,-0.30998048,-0.95056099,0.018604219,0
-0.37970155,-2.6323476,1.4353471,-0.74036556,0.25361907,0.6225242,0
-1.6553038,-4.2891188,-0.67819142,-0.30998048,-0.95056099,0.018604219,0
0.24129324,-0.94768274,-0.17348337,0.74036556,-0.25361907,-0.6225242,0
1.0716984,4.4138522,0.17154932,0.30998048,0.95056099,-0.018604219,0
1.2335947,4.394268,-1.2458215,0.30998048,0.95056099,-0.018604219,0
0.086141706,4.3595958,-1.0439568,-0.59646547,0.1791963,-0.78237951,0
0.35768622,4.5111074,-0.81869864,0.30998048,0.95056099,-0.018604219,0
1.4016922,-0.08919023,0.88177466,0.59646547,-0.1791963,0.78237951,0
1.7093296,0.98830533,0.87196708,0.59646547,-0.1791963,0.78237951,0
-1.9648501,-3.6972086,-1.3925078,-0.59646547,0.1791963,-0.78237951,0
-1.8284509,-3.6629703,0.18358469,-0.74036556,0.25361907,0.6225242,0
-0.42398286,-0.71975935,0.71645665,-0.74036556,0.25361907,0.6225242,0
-2.2543747,-4.0315337,-0.96398807,-0.30998048,-0.95056099,0.018604219,0
-1.2081326,-0.94868577,-1.3326679,-0.59646547,0.1791963,-0.78237951,0
1.0116634,4.2781219,-1.4715586,0.30998048,0.95056099,-0.018604219,0
-0.60973936,1.315552,-0.53403974,-0.74036556,0.25361907,0.6225242,0
-1.8262463,-1.6314945,-0.78860164,-0.59646547,0.1791963,-0.78237951,0
0.68910992,-1.4460818,0.6893748,0.74036556,-0.25361907,-0.6225242,0
0.081219792,-2.6766908,1.1277142,0.59646547,-0.1791963,0.78237951,0
-1.9383433,-4.1885424,-0.12695169,-0.30998048,-0.95056099,0.018604219,0
2.4169087,3.6504102,0.87650108,0.59646547,-0.1791963,0.78237951,0
-0.097062826,2.2789187,-0.33418608,-0.74036556,0.25361907,0.6225242,0
1.4574364,4.2921429,0.10454464,0.30998048,0.95056099,-0.018604219,0
0.071363002,-2.9514315,0.61182737,0.74036556,-0.25361907,-0.6225242,0
-0.0088350773,-1.7140062,1.4642268,0.59646547,-0.1791963,0.78237951,0
-1.0693176,-4.4474192,1.209857,-0.30998048,-0.95056099,0.018604219,0
-0.814502,-4.437377,0.46031666,-0.30998048,-0.95056099,0.018604219,0
1.4014705,4.3120184,0.52849555,0.30998048,0.95056099,-0.018604219,0
2.3304868,4.0659704,0.67367554,0.30998048,0.95056099,-0.018604219,0
2.3417804,3.6353631,0.3736062,0.74036556,-0.25361907,-0.6225242,0
-2.1219425,-3.963171,-0.40445995,-0.30998048,-0.95056099,0.018604219,0
-2.0821252,-2.1713483,-0.92472172,-0.59646547,0.1791963,-0.78237951,0
1.6210674,0.67145622,0.82850569,0.59646547,-0.1791963,0.78237951,0
1.3272555,4.2130604,-0.21596813,0.30998048,0.95056099,-0.018604219,0
-2.1764164,-4.1123643,-0.52452946,-0.30998048,-0.95056099,0.018604219,0
0.18085027,3.5944052,-1.3573251,-0.59646547,0.1791963,-0.78237951,0
-0.51343131,1.0280924,-1.1902493,-0.59646547,0.1791963,-0.78237951,0
0.69880885,3.538619,-1.4127767,0.74036556,-0.25361907,-0.6225242,0
0.53194016,-1.909404,1.1676664,0.59646547,-0.1791963,0.78237951,0
-1.2735245,-0.31231838,-1.0102856,-0.59646547,0.1791963,-0.78237951,0
0.75472206,4.3906107,-1.2098765,0.30998048,0.95056099,-0.018604219,0
-0.19953626,2.3960707,-0.54886782,-0.74036556,0.25361907,0.6225242,0
-0.014940642,-2.6828322,1.3394089,0.59646547,-0.1791963,0.78237951,0
0.76361358,-1.6040459,0.96576571,0.59646547,-0.1791963,0.78237951,0
1.5463009,4.2071581,0.44001913,0.30998048,0.95056099,-0.018604219,0
1.4885263,4.1910686,0.29263258,0.30998048,0.95056099,-0.018604219,0
-0.12531996,-4.3679848,1.1034603,0.59646547,-0.1791963,0.78237951,0
-2.2842109,-3.9589806,-0.73254442,-0.30998048,-0.95056099,0.018604219,0
0.75605857,1.3619324,-0.30062032,0.74036556,-0.25361907,-0.6225242,0
-1.0495567,-4.2917428,1.1097784,-0.30998048,-0.95056099,0.018604219,0
-1.6606143,-1.7517856,-1.0317855,-0.59646547,0.1791963,-0.78237951,0
0.10223687,4.6624479,-0.85407186,0.30998048,0.95056099,-0.018604219,0
-1.6389229,-4.1736612,0.20483971,-0.30998048,-0.95056099,0.018604219,0
-0.36485285,-3.6830707,1.4084892,0.59646547,-0.1791963,0.78237951,0
-1.6416907,-4.0966511,0.1562233,-0.30998048,-0.95056099,0.018604219,0
1.3812649,4.3668699,0.033967018,0.30998048,0.95056099,-0.018604219,0
1.3220031,3.1092989,-0.3922739,0.74036556,-0.25361907,-0.6225242,0
-0.69033581,-0.019373775,-1.2935264,-0.59646547,0.1791963,-0.78237951,0
0.1831589,4.221961,-1.1690917,-0.59646547,0.1791963,-0.78237951,0
-0.63651073,0.60148585,-1.2116001,-0.59646547,0.1791963,-0.78237951,0
-1.7479731,-4.2127705,-0.3148241,-0.30998048,-0.95056099,0.018604219,0
0.88783848,2.7358255,0.66896963,-0.74036556,0.25361907,0.6225242,0
1.6619051,1.9906507,1.0627558,0.59646547,-0.1791963,0.78237951,0
-0.4373261,2.1104417,-1.0176203,-0.59646547,0.1791963,-0.78237951,0
1.3529198,3.0487773,1.2497766,-0.74036556,0.25361907,0.6225242,0
-1.425065,-4.3306837,0.36432171,-0.30998048,-0.95056099,0.018604219,0
1.9425179,4.0592341,0.67126918,0.30998048,0.95056099,-0.018604219,0
1.6782219,2.08125,1.0252081,0.59646547,-0.1791963,0.78237951,0
1.6277241,2.0287807,1.013569,0.59646547,-0.1791963,0.78237951,0
0.41157538,4.4207492,-0.51497483,-0.74036556,0.25361907,0.6225242,0
1.3706028,0.88362825,0.6130138,0.74036556,-0.25361907,-0.6225242,0
-0.93522477,-4.4983897,0.42790651,-0.30998048,-0.95056099,0.018604219,0
1.4877477,1.8021005,1.158735,0.59646547,-0.1791963,0.78237951,0
1.0871968,0.16681293,1.0449728,0.59646547,-0.1791963,0.78237951,0
-1.5035739,-3.3368862,-1.0717528,0.74036556,-0.25361907,-0.6225242,0
-0.14236614,2.0292654,-1.3692745,-0.59646547,0.1791963,-0.78237951,0
-2.1660933,-3.5843616,-0.27912426,-0.74036556,0.25361907,0.6225242,0
1.1577275,3.2524202,0.72395396,-0.74036556,0.25361907,0.6225242,0
-0.32996523,2.8368211,-0.83730578,-0.74036556,0.25361907,0.6225242,0
1.1049514,4.3220215,0.040148258,0.30998048,0.95056099,-0.018604219,0
0.14339945,4.2423592,-1.1704719,-0.59646547,0.1791963,-0.78237951,0
-2.1814773,-3.982779,-0.82809973,-0.30998048,-0.95056099,0.018604219,0
-1.1260415,-4.0026522,-0.45207644,0.74036556,-0.25361907,-0.6225242,0
-0.22643846,-4.5997605,1.0123503,-0.30998048,-0.95056099,0.018604219,0
-1.4676869,-2.2806125,-1.3702976,-0.59646547,0.1791963,-0.78237951,0
-0.3746376,1.5344353,-0.3241595,-0.74036556,0.25361907,0.6225242,0
-0.71729076,-1.3247676,0.60764468,-0.74036556,0.25361907,0.6225242,0
-0.94026595,-4.3169322,0.39935827,-0.30998048,-0.95056099,0.018604219,0
-0.30272889,-4.4241705,1.1320779,0.59646547,-0.1791963,0.78237951,0
0.18558115,-2.9729681,0.51604509,0.74036556,-0.25361907,-0.6225242,0
-1.2050978,-0.74334437,-0.38933051,-0.74036556,0.25361907,0.6225242,0
-1.3068446,-0.075720251,-0.89027786,-0.59646547,0.1791963,-0.78237951,0
-1.4399596,-4.3219991,-0.542454,-0.30998048,-0.95056099,0.018604219,0
0.77948737,3.7991829,-1.4184394,0.74036556,-0.25361907,-0.6225242,0
1.8004966,2.2659216,1.0467931,0.59646547,-0.1791963,0.78237951,0
-0.74717581,-0.40957326,-1.4726703,-0.59646547,0.1791963,-0.78237951,0
-1.3284461,-1.232935,-1.0938194,-0.59646547,0.1791963,-0.78237951,0
-0.89676178,-3.5386581,1.290488,-0.74036556,0.25361907,0.6225242,0
-0.9027102,-4.3344631,0.8924427,-0.30998048,-0.95056099,0.018604219,0
1.3112965,4.3444877,-0.26384544,0.30998048,0.95056099,-0.018604219,0
0.25514573,1.5175806,0.6477142,-0.74036556,0.25361907,0.6225242,0
-0.3753193,1.2298504,-0.24996048,-0.74036556,0.25361907,0.6225242,0
1.3062825,4.3398547,-0.12264252,0.30998048,0.95056099,-0.018604219,0
-0.27259958,-4.7241654,0.9560976,-0.30998048,-0.95056099,0.018604219,0
1.0387114,0.85294056,0.06382215,0.74036556,-0.25361907,-0.6225242,0
-0.033473358,-3.3384681,1.2837982,0.59646547,-0.1791963,0.78237951,0
-0.18336311,3.3728321,-1.0995297,-0.59646547,0.1791963,-0.78237951,0
-0.07319542,-2.6001067,1.3084097,0.59646547,-0.1791963,0.78237951,0
-1.1122589,-4.405623,0.5951643,-0.30998048,-0.95056099,0.018604219,0
1.1760159,4.2706251,-0.43488312,0.30998048,0.95056099,-0.018604219,0
-1.703899,-4.2061472,-0.6101203,-0.30998048,-0.95056099,0.018604219,0
-0.61573881,2.1525457,-1.0421152,-0.59646547,0.1791963,-0.78237951,0
-2.304183,-3.4048357,-1.0022399,-0.59646547,0.1791963,-0.78237951,0
-0.85781229,-4.4641352,0.032269001,-0.30998048,-0.95056099,0.018604219,0
0.31392777,4.586647,-0.90268135,0.30998048,0.95056099,-0.018604219,0
-1.7517436,-4.0725269,0.26176453,-0.30998048,-0.95056099,0.018604219,0
0.32564402,4.3623247,-1.1231623,-0.59646547,0.1791963,-0.78237951,0
-0.067311615,-3.9722152,1.1420007,0.59646547,-0.1791963,0.78237951,0
-0.84709877,-0.39219731,0.066564977,-0.74036556,0.25361907,0.6225242,0
-2.4563825,-3.430932,-0.68824553,-0.74036556,0.25361907,0.6225242,0
-1.3612878,0.23332512,-0.80975789,-0.74036556,0.25361907,0.6225242,0
0.58591872,4.5270224,-0.63831091,0.30998048,0.95056099,-0.018604219,0
0.048580021,-2.4994681,0.29413295,0.74036556,-0.25361907,-0.6225242,0
0.35873029,-1.6676039,1.3753568,0.59646547,-0.1791963,0.78237951,0
-1.1718791,0.13126111,-0.9155215,-0.59646547,0.1791963,-0.78237951,0
1.38796,2.770916,1.2345164,-0.74036556,0.25361907,0.6225242,0
-0.88838923,-4.3406272,-0.0063176155,-0.30998048,-0.95056099,0.018604219,0
-1.5883932,-4.1698818,0.3500843,-0.30998048,-0.95056099,0.018604219,0
0.56614596,3.8983262,-0.184304,-0.74036556,0.25361907,0.6225242,0
-1.504216,-3.4286716,-1.0567119,0.74036556,-0.25361907,-0.6225242,0
2.1090665,4.0312147,0.64358711,0.30998048,0.95056099,-0.018604219,0
-0.21591496,2.7037015,-1.0116968,-0.59646547,0.1791963,-0.78237951,0
-0.3116,-2.2756002,1.3588758,-0.74036556,0.25361907,0.6225242,0
1.4034259,4.3042612,-0.72062254,0.30998048,0.95056099,-0.018604219,0
0.74920821,0.51536548,1.3684974,0.59646547,-0.1791963,0.78237951,0
0.22770827,2.9452963,-1.5403576,-0.59646547,0.1791963,-0.78237951,0
2.299829,4.0377541,0.75504589,0.30998048,0.95056099,-0.018604219,0
2.2330914,3.9706097,0.62585545,0.30998048,0.95056099,-0.018604219,0
0.1199697,3.7690814,-1.1262579,-0.59646547,0.1791963,-0.78237951,0
1.9520762,4.1406374,1.1421154,0.30998048,0.95056099,-0.018604219,0
-1.1528268,-4.381578,0.64931107,-0.30998048,-0.95056099,0.018604219,0
-1.6814673,-4.1755595,-0.29473066,-0.30998048,-0.95056099,0.018604219,0
0.64678639,1.8676696,-0.90237439,0.74036556,-0.25361907,-0.6225242,0
-0.86649579,0.6548332,-1.021695,-0.59646547,0.1791963,-0.78237951,0
0.77737319,3.0450478,-1.1303308,0.74036556,-0.25361907,-0.6225242,0
-0.026857197,-3.8973799,1.0997398,0.59646547,-0.1791963,0.78237951,0
-1.8878192,-3.5572448,-1.1787317,-0.59646547,0.1791963,-0.78237951,0
-1.3782444,-4.3117695,0.075657368,-0.30998048,-0.95056099,0.018604219,0
-0.19534957,1.4288409,-1.3251735,-0.59646547,0.1791963,-0.78237951,0
-2.0599351,-2.1655777,-0.89091086,-0.59646547,0.1791963,-0.78237951,0
1.0540297,0.73335558,1.2707384,0.59646547,-0.1791963,0.78237951,0
0.37097102,-0.76176798,1.3345566,0.59646547,-0.1791963,0.78237951,0
-1.3810824,-2.081399,-1.3058721,-0.59646547,0.1791963,-0.78237951,0
-0.14965606,-0.4539786,-0.88923967,0.74036556,-0.25361907,-0.6225242,0
-0.045973212,-0.33694905,-0.66314852,0.74036556,-0.25361907,-0.6225242,0
-1.1166556,-3.0208852,-0.8423202,0.74036556,-0.25361907,-0.6225242,0
1.889783,3.124794,0.25295329,0.74036556,-0.25361907,-0.6225242,0
-0.96434247,-4.2826271,1.4198937,-0.74036556,0.25361907,0.6225242,0
1.6218034,4.196856,1.0081046,-0.74036556,0.25361907,0.6225242,0
-1.0688252,-4.3220487,0.72020102,-0.30998048,-0.95056099,0.018604219,0
-0.58476132,0.33710176,-1.3354146,-0.59646547,0.1791963,-0.78237951,0
-0.09668076,-3.9183743,0.70369172,0.74036556,-0.25361907,-0.6225242,0
-0.48485419,-0.61385018,0.38364691,-0.74036556,0.25361907,0.6225242,0
-2.2613606,-3.8105924,-0.26005316,-0.74036556,0.25361907,0.6225242,0
-0.45693636,-4.6612062,0.84411001,-0.30998048,-0.95056099,0.018604219,0
1.7037278,4.0851431,-0.43472052,0.30998048,0.95056099,-0.018604219,0
0.70220804,4.5144539,-0.52473116,0.30998048,0.95056099,-0.018604219,0
0.84303606,4.5327201,-0.24648666,0.30998048,0.95056099,-0.018604219,0
-0.37700433,-4.4943094,1.1606195,-0.30998048,-0.95056099,0.018604219,0
1.3063486,4.298224,0.42580986,0.30998048,0.95056099,-0.018604219,0
-0.28324103,-4.586555,0.76550484,-0.30998048,-0.95056099,0.018604219,0
1.6131376,4.1253414,0.1614275,0.30998048,0.95056099,-0.018604219,0
1.9525743,1.9095531,0.83895409,0.59646547,-0.1791963,0.78237951,0
-0.68914336,0.37722751,-1.2172922,-0.59646547,0.1791963,-0.78237951,0
0.14161012,-3.0084839,1.211463,0.59646547,-0.1791963,0.78237951,0
-0.44883418,-3.3035107,1.509419,0.59646547,-0.1791963,0.78237951,0
1.2836179,4.2713771,0.18584776,0.30998048,0.95056099,-0.018604219,0
-2.2844424,-3.9828069,-0.68033981,-0.30998048,-0.95056099,0.018604219,0
0.2164281,4.5425596,-0.95821619,0.30998048,0.95056099,-0.018604219,0
0.57637841,1.5028975,0.91482717,-0.74036556,0.25361907,0.6225242,0
-2.5643921,-3.8700171,-0.64896774,-0.30998048,-0.95056099,0.018604219,0
-1.8885372,-4.1139979,0.11421061,-0.30998048,-0.95056099,0.018604219,0
-0.84827709,-0.5655458,-1.368634,-0.59646547,0.1791963,-0.78237951,0
1.0678884,3.2192519,0.66345978,-0.74036556,0.25361907,0.6225242,0
-0.87580061,-4.3975468,1.1093988,-0.30998048,-0.95056099,0.018604219,0
1.2811496,0.41103905,0.45895588,0.74036556,-0.25361907,-0.6225242,0
0.93963087,0.3641727,1.2489593,0.59646547,-0.1791963,0.78237951,0
-0.58040261,1.4427617,-1.1576792,-0.59646547,0.1791963,-0.78237951,0
-1.857084,-4.2094626,-0.35980701,-0.30998048,-0.95056099,0.018604219,0
-1.8827122,-1.712422,-0.90583611,-0.59646547,0.1791963,-0.78237951,0
-1.3727896,-4.2442608,-0.64645839,-0.30998048,-0.95056099,0.018604219,0
-1.4697303,-2.998975,-1.3662984,0.74036556,-0.25361907,-0.6225242,0
-1.7389401,-4.179986,-0.71141076,-0.30998048,-0.95056099,0.018604219,0
-2.1256127,-4.1313772,-0.28253126,-0.30998048,-0.95056099,0.018604219,0
1.1164601,4.4772873,0.22668743,0.30998048,0.95056099,-0.018604219,0
1.6932092,4.1075425,0.18560266,0.30998048,0.95056099,-0.018604219,0
0.13730094,-3.7087436,0.89585447,0.74036556,-0.25361907,-0.6225242,0
-0.51560903,0.082525432,0.20527916,-0.74036556,0.25361907,0.6225242,0
1.2343355,0.33417004,0.59760654,0.74036556,-0.25361907,-0.6225242,0
-1.4615929,-2.6472683,0.26829433,-0.74036556,0.25361907,0.6225242,0
0.096011758,1.4983239,0.20111954,-0.74036556,0.25361907,0.6225242,0
-1.8990643,-4.1739688,-1.0913675,-0.30998048,-0.95056099,0.018604219,0
0.11726874,3.51966,-0.38349962,-0.74036556,0.25361907,0.6225242,0
2.0482907,4.1209249,1.0719178,0.30998048,0.95056099,-0.018604219,0
-0.82798147,-2.2586484,0.68461108,-0.74036556,0.25361907,0.6225242,0
0.45978415,3.0044684,-1.6006978,-0.59646547,0.1791963,-0.78237951,0
0.82865894,0.71242362,1.4889927,0.59646547,-0.1791963,0.78237951,0
-0.76627648,-4.4217615,0.76003885,-0.30998048,-0.95056099,0.018604219,0
1.9464755,1.9930449,0.97909141,0.59646547,-0.1791963,0.78237951,0
-0.17281041,-2.1885867,1.4217749,-0.74036556,0.25361907,0.6225242,0
1.2581251,3.4670835,-0.63011265,0.74036556,-0.25361907,-0.6225242,0
1.1272273,3.4416704,-0.70705295,0.74036556,-0.25361907,-0.6225242,0
-1.8579897,-4.0370021,-0.24570227,-0.30998048,-0.95056099,0.018604219,0
0.18882334,2.3805618,-1.4334896,0.74036556,-0.25361907,-0.6225242,0
-0.76445544,-0.63513339,-1.2929611,0.74036556,-0.25361907,-0.6225242,0
-0.15510905,2.6620896,-1.1346369,-0.59646547,0.1791963,-0.78237951,0
1.6356392,4.2318449,-0.18698168,0.30998048,0.95056099,-0.018604219,0
1.6673101,4.2147336,0.67140222,0.30998048,0.95056099,-0.018604219,0
1.1806297,0.1020909,1.090711,0.59646547,-0.1791963,0.78237951,0
2.2692192,4.0393939,0.80338192,0.30998048,0.95056099,-0.018604219,0
-2.5741429,-3.559896,-0.725456,-0.74036556,0.25361907,0.6225242,0
-0.42665172,-3.1757236,0.0020098686,0.74036556,-0.25361907,-0.6225242,0
0.64505398,-1.2820837,1.1013463,0.59646547,-0.1791963,0.78237951,0
-2.3232474,-3.8930712,-0.28843832,-0.30998048,-0.95056099,0.018604219,0
-1.2772797,-4.0088291,-0.79428673,0.74036556,-0.25361907,-0.6225242,0
-1.1489625,1.0126204,-0.86556721,-0.59646547,0.1791963,-0.78237951,0
-2.4324417,-3.9287422,-0.82354832,-0.30998048,-0.95056099,0.018604219,0
0.65543973,4.5167794,-0.73442411,0.30998048,0.95056099,-0.018604219,0
-1.2504984,-1.1293108,-1.2295845,-0.59646547,0.1791963,-0.78237951,0
-2.0984001,-4.159667,-0.40160036,-0.30998048,-0.95056099,0.018604219,0
-1.8294334,-4.2255268,0.3629303,-0.30998048,-0.95056099,0.018604219,0
-1.2413738,-4.2296915,-0.43667006,0.74036556,-0.25361907,-0.6225242,0
1.0443633,-0.72552979,0.93349618,0.59646547,-0.1791963,0.78237951,0
-0.68512893,1.0471811,-1.1491137,-0.59646547,0.1791963,-0.78237951,0
1.5009948,1.6635959,1.25632,0.59646547,-0.1791963,0.78237951,0
0.35986263,4.5556188,-0.72656822,0.30998048,0.95056099,-0.018604219,0
-0.22842836,-4.744483,1.0043688,-0.30998048,-0.95056099,0.018604219,0
0.4639692,2.7555623,-1.3847787,0.74036556,-0.25361907,-0.6225242,0
-2.0979948,-3.9605093,-0.020681381,-0.30998048,-0.95056099,0.018604219,0
-0.84212393,-4.5190392,1.3207545,-0.30998048,-0.95056099,0.018604219,0
-0.5470866,-4.4716821,0.38982201,0.74036556,-0.25361907,-0.6225242,0
1.3209116,0.37577266,1.0779387,0.59646547,-0.1791963,0.78237951,0
-1.4646654,-2.2610545,-0.15127778,-0.74036556,0.25361907,0.6225242,0
-0.70862192,-4.4719443,1.0125542,-0.30998048,-0.95056099,0.018604219,0
-0.13491596,1.1494251,0.014253438,-0.74036556,0.25361907,0.6225242,0
-1.9617974,-3.7559056,-1.4074752,-0.59646547,0.1791963,-0.78237951,0
-0.3022092,-3.4780028,0.25789905,0.74036556,-0.25361907,-0.6225242,0
-0.38519019,1.358794,-1.3406725,-0.59646547,0.1791963,-0.78237951,0
-1.0717998,-4.375813,0.43043041,-0.30998048,-0.95056099,0.018604219,0
-0.28240675,-4.076776,1.0909243,0.59646547,-0.1791963,0.78237951,0
-0.42790723,-4.2753158,1.2056901,0.59646547,-0.1791963,0.78237951,0
-0.72842765,-4.3999891,1.252985,-0.30998048,-0.95056099,0.018604219,0
1.078415,4.3062997,-0.40946054,0.30998048,0.95056099,-0.018604219,0
0.24295837,-0.095475972,-0.42420143,0.74036556,-0.25361907,-0.6225242,0
-1.9198115,-4.0706005,-0.095982075,-0.30998048,-0.95056099,0.018604219,0
-0.72572261,-2.5232844,0.80979896,-0.74036556,0.25361907,0.6225242,0
2.2190328,4.1243777,0.51254368,0.30998048,0.95056099,-0.018604219,0
1.0175502,4.4588833,-0.85626984,0.30998048,0.95056099,-0.018604219,0
-1.3215761,-0.17374516,-0.87558615,-0.59646547,0.1791963,-0.78237951,0
-0.83896196,-0.3628363,-1.4587054,-0.59646547,0.1791963,-0.78237951,0
1.4940351,4.206727,0.58477521,0.30998048,0.95056099,-0.018604219,0
-0.48026973,-0.26387644,-1.128378,0.74036556,-0.25361907,-0.6225242,0
-0.56568658,2.3971465,-1.0310304,-0.59646547,0.1791963,-0.78237951,0
-0.68508005,1.1558774,-1.0404675,-0.59646547,0.1791963,-0.78237951,0
1.3561671,1.6565477,0.24433947,0.74036556,-0.25361907,-0.6225242,0
1.0196999,4.413269,-0.67215681,0.30998048,0.95056099,-0.018604219,0
-0.48017448,0.22617018,-1.3830019,0.74036556,-0.25361907,-0.6225242,0
-0.52631098,1.6884258,-1.2570229,-0.59646547,0.1791963,-0.78237951,0
0.94243753,0.89135438,1.5237548,0.59646547,-0.1791963,0.78237951,0
1.9838784,4.1258268,0.75253916,0.30998048,0.95056099,-0.018604219,0
-1.3947989,-0.96723789,-0.44464886,-0.74036556,0.25361907,0.6225242,0
-0.82879686,-4.5489335,0.30463552,-0.30998048,-0.95056099,0.018604219,0
-1.988735,-4.0156693,-0.94740248,-0.30998048,-0.95056099,0.018604219,0
0.29086429,4.538311,-1.158051,-0.59646547,0.1791963,-0.78237951,0
0.59341568,-1.3117093,0.32881063,0.74036556,-0.25361907,-0.6225242,0
1.5830673,1.3999584,1.0769503,0.59646547,-0.1791963,0.78237951,0
0.53040737,-0.57031345,1.2567559,0.59646547,-0.1791963,0.78237951,0
0.74237472,4.2195778,-1.5467062,-0.59646547,0.1791963,-0.78237951,0
0.6029017,4.5275664,-0.60061407,0.30998048,0.95056099,-0.018604219,0
-0.18586513,2.2875693,-1.1577206,-0.59646547,0.1791963,-0.78237951,0
0.42775288,-2.1282163,1.0503638,0.59646547,-0.1791963,0.78237951,0
1.896059,4.1041746,0.43306875,0.30998048,0.95056099,-0.018604219,0
-1.1600411,-4.4465361,0.60491896,-0.30998048,-0.95056099,0.018604219,0
1.6138431,4.1738372,-0.13150167,0.30998048,0.95056099,-0.018604219,0
1.1863853,4.3489881,-0.95906258,0.30998048,0.95056099,-0.018604219,0
0.86953557,-1.4052646,0.93245018,0.59646547,-0.1791963,0.78237951,0
0.38116211,2.1349065,0.29072547,-0.74036556,0.25361907,0.6225242,0
0.20718026,-1.7785958,1.4051476,0.59646547,-0.1791963,0.78237951,0
-1.7830356,-4.118268,-0.71055198,-0.30998048,-0.95056099,0.018604219,0
0.6515922,-0.26390666,1.4201049,0.59646547,-0.1791963,0.78237951,0
-1.7362072,-1.3524942,-0.69906747,-0.74036556,0.25361907,0.6225242,0
-0.51306087,-1.1488931,0.50541139,-0.74036556,0.25361907,0.6225242,0
0.85960305,-1.3222405,0.88171852,0.59646547,-0.1791963,0.78237951,0
0.27739251,2.5296845,0.04230094,-0.74036556,0.25361907,0.6225242,0
-2.1505582,-2.8835607,-0.8114543,-0.59646547,0.1791963,-0.78237951,0
0.90554821,2.8165526,0.72300124,-0.74036556,0.25361907,0.6225242,0
1.3546503,1.4825535,0.13020539,0.74036556,-0.25361907,-0.6225242,0
0.53214329,1.390518,1.0261688,-0.74036556,0.25361907,0.6225242,0
0.41182709,-0.34664965,1.321597,-0.74036556,0.25361907,0.6225242,0
0.32606715,-1.6471157,1.3257481,0.59646547,-0.1791963,0.78237951,0
-1.934746,-3.7278154,-1.1848884,-0.59646547,0.1791963,-0.78237951,0
-0.18568581,-4.6424403,0.99275231,-0.30998048,-0.95056099,0.018604219,0
2.3559947,4.0379329,0.70159912,0.30998048,0.95056099,-0.018604219,0
2.0856647,2.6614382,0.6559484,0.74036556,-0.25361907,-0.6225242,0
-1.6179283,-3.664423,0.2368288,-0.74036556,0.25361907,0.6225242,0
1.7968372,4.1959214,1.0240843,0.30998048,0.95056099,-0.018604219,0
1.4374154,1.1173396,1.0814583,0.59646547,-0.1791963,0.78237951,0
-1.0129753,-4.4369841,0.12914944,-0.30998048,-0.95056099,0.018604219,0
-0.67398238,-4.4537511,1.0757914,-0.30998048,-0.95056099,0.018604219,0
-1.7543478,-1.9459761,-0.37645769,-0.74036556,0.25361907,0.6225242,0
0.34413588,-1.8335454,0.42405665,0.74036556,-0.25361907,-0.6225242,0
-1.5914207,-3.0960631,-1.3077686,-0.59646547,0.1791963,-0.78237951,0
-0.15334958,-3.2739131,1.2920861,0.59646547,-0.1791963,0.78237951,0
-2.3488445,-3.8916259,-0.34610605,-0.30998048,-0.95056099,0.018604219,0
1.5956293,1.9280424,1.2413976,0.59646547,-0.1791963,0.78237951,0
-0.43652669,-3.7952802,1.35728,0.59646547,-0.1791963,0.78237951,0
-1.4686046,-1.3846641,-1.0489384,-0.59646547,0.1791963,-0.78237951,0
-1.0856252,-4.3733068,0.93787193,-0.30998048,-0.95056099,0.018604219,0
-0.13539708,-1.9289273,-0.23809552,0.74036556,-0.25361907,-0.6225242,0
1.6451044,4.1982603,-0.55973148,0.30998048,0.95056099,-0.018604219,0
0.78563797,4.5029888,-1.3160572,0.30998048,0.95056099,-0.018604219,0
0.15025744,-3.231766,1.1027441,0.59646547,-0.1791963,0.78237951,0
0.93550611,4.4270015,-1.1790714,0.30998048,0.95056099,-0.018604219,0
-1.0421784,-4.308506,1.2663493,-0.30998048,-0.95056099,0.018604219,0
-0.073584825,-1.515317,1.2357635,-0.74036556,0.25361907,0.6225242,0
-0.97242606,-4.4172659,0.042914391,-0.30998048,-0.95056099,0.018604219,0
-0.40274057,-3.1734056,1.4411139,0.59646547,-0.1791963,0.78237951,0
1.6646433,3.7605281,-0.4415555,0.74036556,-0.25361907,-0.6225242,0
-0.77634382,-3.6763446,-0.20835161,0.74036556,-0.25361907,-0.6225242,0
-2.354264,-4.0591049,-0.88560534,-0.30998048,-0.95056099,0.018604219,0
-1.4425926,-4.2399182,-0.012773037,-0.30998048,-0.95056099,0.018604219,0
1.8476937,1.5385606,0.79894328,0.59646547,-0.1791963,0.78237951,0
2.3010392,3.9960766,0.81856322,0.30998048,0.95056099,-0.018604219,0
0.017910004,4.1104164,-1.0833755,-0.59646547,0.1791963,-0.78237951,0
-1.625049,-0.74980098,-0.68884939,-0.74036556,0.25361907,0.6225242,0
1.8850991,4.1972265,0.72724795,0.30998048,0.95056099,-0.018604219,0
0.90506864,4.3987393,-1.1583004,0.30998048,0.95056099,-0.018604219,0
0.38124204,-0.38236684,-0.10034923,0.74036556,-0.25361907,-0.6225242,0
0.15623379,4.5986385,-1.0007725,0.30998048,0.95056099,-0.018604219,0
0.23134583,-3.3949676,0.95503163,0.59646547,-0.1791963,0.78237951,0
-2.385932,-3.924278,-1.0236363,-0.30998048,-0.95056099,0.018604219,0
-0.29138097,1.2765985,-1.365993,-0.59646547,0.1791963,-0.78237951,0
1.8352718,1.3835799,0.90150332,0.59646547,-0.1791963,0.78237951,0
1.2405682,3.3765755,1.0614533,-0.74036556,0.25361907,0.6225242,0
-0.65293747,-4.5909367,0.70177507,-0.30998048,-0.95056099,0.018604219,0
-0.88713717,-4.4824548,1.3009548,-0.30998048,-0.95056099,0.018604219,0
-0.85675156,-4.040493,-0.29365373,0.74036556,-0.25361907,-0.6225242,0
-0.24533784,-1.4062974,-0.64385474,0.74036556,-0.25361907,-0.6225242,0
0.87580848,3.5662816,-1.3590193,0.74036556,-0.25361907,-0.6225242,0
1.676729,4.2680631,0.89859343,0.30998048,0.95056099,-0.018604219,0
-0.083888501,3.8505888,-1.056843,-0.59646547,0.1791963,-0.78237951,0
0.70381963,-2.0596201,0.88206089,0.74036556,-0.25361907,-0.6225242,0
-0.5827015,-4.490767,0.60400009,-0.30998048,-0.95056099,0.018604219,0
0.76286817,4.4792347,-0.95697546,0.30998048,0.95056099,-0.018604219,0
-0.56759793,2.3787308,-0.90707886,-0.59646547,0.1791963,-0.78237951,0
1.5798815,4.2665415,0.27475739,0.30998048,0.95056099,-0.018604219,0
-0.80534911,-4.5220704,0.55417728,-0.30998048,-0.95056099,0.018604219,0
-1.156065,-0.6827172,-0.31892014,-0.74036556,0.25361907,0.6225242,0
1.4776921,2.6697569,1.4047351,0.59646547,-0.1791963,0.78237951,0
0.26955235,3.7246919,-0.26213408,-0.74036556,0.25361907,0.6225242,0
2.102576,3.985956,0.20301056,0.30998048,0.95056099,-0.018604219,0
-0.044236809,-0.37067294,0.93484986,-0.74036556,0.25361907,0.6225242,0
-0.40823966,0.90924519,-1.4180055,-0.59646547,0.1791963,-0.78237951,0
0.37225172,-2.6528049,1.064644,0.59646547,-0.1791963,0.78237951,0
0.44283694,-1.2771735,1.3787237,0.59646547,-0.1791963,0.78237951,0
1.3462451,1.6918819,1.2404358,0.59646547,-0.1791963,0.78237951,0
2.0057378,4.1401558,1.2029717,0.30998048,0.95056099,-0.018604219,0
0.54283923,-0.78995979,1.2778087,0.59646547,-0.1791963,0.78237951,0
-1.7571228,-2.2647715,-0.98711038,-0.59646547,0.1791963,-0.78237951,0
-0.14131019,3.5144298,-0.66107082,-0.74036556,0.25361907,0.6225242,0
-1.5283773,-1.8096495,-0.25240088,-0.74036556,0.25361907,0.6225242,0
-1.2820928,-4.3724551,0.87327528,-0.30998048,-0.95056099,0.018604219,0
-0.22644836,-1.0141217,-0.59385586,0.74036556,-0.25361907,-0.6225242,0
0.76631123,0.32423329,1.446251,0.59646547,-0.1791963,0.78237951,0
0.26150286,4.5831075,-0.92613888,0.30998048,0.95056099,-0.018604219,0
-1.016929,-3.9626329,-0.54268599,0.74036556,-0.25361907,-0.6225242,0
1.4925184,1.6313686,1.2286612,0.59646547,-0.1791963,0.78237951,0
1.6657656,3.0561187,0.066426039,0.74036556,-0.25361907,-0.6225242,0
-1.0297375,-4.373992,0.8134141,-0.30998048,-0.95056099,0.018604219,0
-0.40077329,0.024102181,0.41942251,-0.74036556,0.25361907,0.6225242,0
0.42688572,4.4985228,-0.97239113,0.30998048,0.95056099,-0.018604219,0
0.23436779,-0.42302519,1.3225821,-0.74036556,0.25361907,0.6225242,0
0.84487069,2.2997026,-0.69951701,0.74036556,-0.25361907,-0.6225242,0
-0.42882657,-3.805846,0.11706018,0.74036556,-0.25361907,-0.6225242,0
0.85657346,4.4043956,-0.17207289,0.30998048,0.95056099,-0.018604219,0
-1.9463557,-2.0176079,-0.59186292,-0.74036556,0.25361907,0.6225242,0
0.40546733,4.5990973,-1.0570679,0.30998048,0.95056099,-0.018604219,0
-0.61843461,-2.3409495,0.89718413,-0.74036556,0.25361907,0.6225242,0
1.401603,4.3295851,-0.96808672,0.30998048,0.95056099,-0.018604219,0
-1.5162667,-4.3184061,-0.12857628,-0.30998048,-0.95056099,0.018604219,0
-1.8256829,-4.1901102,0.31629086,-0.30998048,-0.95056099,0.018604219,0
-1.4701668,-4.2141008,0.30492353,-0.30998048,-0.95056099,0.018604219,0
0.037587345,3.8057284,-0.75317407,-0.74036556,0.25361907,0.6225242,0
