-1.2460625,4.5602527,1.2050586,0.0063785911,0.99982804,0.017409563,0
0.84282756,-3.4695504,-0.24014783,0.69317734,-0.016969085,0.72056729,0
-0.57314515,4.5622015,1.1605375,0.0063785911,0.99982804,0.017409563,0
1.2274299,-4.434238,-1.016119,-0.0063785911,-0.99982804,-0.017409563,0
-1.0333617,3.9197323,1.8733382,-0.72073889,-0.0074717104,0.69316638,0
-1.2107482,4.5133677,1.1180091,0.0063785911,0.99982804,0.017409563,0
-1.0624101,3.750628,1.7146015,0.69317734,-0.016969085,0.72056729,0
1.3326118,-4.4996667,-1.2612722,-0.0063785911,-0.99982804,-0.017409563,0
-1.1659037,4.5130143,1.0127673,0.0063785911,0.99982804,0.017409563,0
0.46366793,4.5444498,-0.62500286,0.0063785911,0.99982804,0.017409563,0
-0.36484182,4.464252,0.44623232,0.0063785911,0.99982804,0.017409563,0
0.41703984,-1.6153874,0.14663315,0.69317734,-0.016969085,0.72056729,0
-0.74957049,-2.7907071,-0.060318947,-0.69317734,0.016969085,-0.72056729,0
-0.044524193,4.5622168,-0.39953327,0.0063785911,0.99982804,0.017409563,0
-0.31270373,-4.0068302,0.85746598,0.69317734,-0.016969085,0.72056729,0
1.0798985,0.44032845,-0.31730521,0.69317734,-0.016969085,0.72056729,0
0.30169046,-3.4471769,-1.1874728,-0.69317734,0.016969085,-0.72056729,0
0.47561908,1.0076399,-1.2234882,-0.69317734,0.016969085,-0.72056729,0
-1.6018374,1.0186452,0.85722119,-0.69317734,0.016969085,-0.72056729,0
-1.2409626,4.5250206,0.58455038,0.0063785911,0.99982804,0.017409563,0
1.6828504,3.5741231,-1.1694698,0.72073889,0.0074717104,-0.69316638,0
-0.76811552,0.58946389,1.3840904,0.69317734,-0.016969085,0.72056729,0
-0.77560556,4.5121183,0.4408536,0.0063785911,0.99982804,0.017409563,0
-1.4682034,-4.6061134,1.1984532,-0.0063785911,-0.99982804,-0.017409563,0
1.2618438,3.0094104,-1.4829695,0.72073889,0.0074717104,-0.69316638,0
1.1265416,2.4230158,-0.33196712,0.69317734,-0.016969085,0.72056729,0
-1.3374387,-3.697355,1.3502183,-0.72073889,-0.0074717104,0.69316638,0
-1.3107024,0.05608952,1.485672,-0.72073889,-0.0074717104,0.69316638,0
-1.3887843,-1.3753449,0.66268569,-0.69317734,0.016969085,-0.72056729,0
1.6815822,4.5282578,-0.96737599,0.0063785911,0.99982804,0.017409563,0
1.0517678,4.4878993,-1.3428986,0.0063785911,0.99982804,0.017409563,0
-1.6637479,2.2600212,1.2802719,-0.72073889,-0.0074717104,0.69316638,0
0.033073485,1.0004891,0.81861019,0.69317734,-0.016969085,0.72056729,0
-1.7149608,0.3605395,0.99670547,-0.69317734,0.016969085,-0.72056729,0
-1.1147008,4.5158081,0.76494074,0.0063785911,0.99982804,0.017409563,0
1.1211383,1.6589249,-1.6331443,0.72073889,0.0074717104,-0.69316638,0
0.39627218,-4.4199262,-0.84839106,-0.0063785911,-0.99982804,-0.017409563,0
-1.2328761,-0.053851575,0.36651656,-0.69317734,0.016969085,-0.72056729,0
0.0025280714,-4.4281898,-0.038183689,-0.0063785911,-0.99982804,-0.017409563,0
-0.64095759,1.8323292,-0.13458753,-0.69317734,0.016969085,-0.72056729,0
1.241017,2.1534612,-1.4771125,0.72073889,0.0074717104,-0.69316638,0
-0.56037986,0.24296336,-0.12718931,-0.69317734,0.016969085,-0.72056729,0
0.47188681,-0.73023313,0.33648026,0.69317734,-0.016969085,0.72056729,0
0.010441899,-4.5460329,-0.53368139,-0.0063785911,-0.99982804,-0.017409563,0
-1.6970943,2.8510273,1.1564438,-0.72073889,-0.0074717104,0.69316638,0
-0.15608001,4.5754189,0.38679743,0.0063785911,0.99982804,0.017409563,0
1.0137776,-0.1585089,-0.38717228,0.69317734,-0.016969085,0.72056729,0
0.74794757,-1.4060104,-0.0079196692,0.69317734,-0.016969085,0.72056729,0
-1.1863872,2.8540065,0.44114923,-0.69317734,0.016969085,-0.72056729,0
1.5080583,4.074451,-1.3643305,0.72073889,0.0074717104,-0.69316638,0
0.51927936,-4.5156555,0.066948891,-0.0063785911,-0.99982804,-0.017409563,0
-1.7170035,1.6297075,1.1625286,-0.72073889,-0.0074717104,0.69316638,0
1.269133,3.490612,-0.33495402,0.69317734,-0.016969085,0.72056729,0
0.67379427,-4.3211756,-0.065891743,0.69317734,-0.016969085,0.72056729,0
1.2571467,-1.2007838,-1.6879299,0.72073889,0.0074717104,-0.69316638,0
-0.90583396,3.6134706,1.7248738,0.69317734,-0.016969085,0.72056729,0
-0.082052708,-2.0435898,-0.54365015,-0.69317734,0.016969085,-0.72056729,0
-0.021508217,4.4391961,0.61881685,0.0063785911,0.99982804,0.017409563,0
-0.56507599,1.1527214,1.4012657,0.69317734,-0.016969085,0.72056729,0
1.1429093,4.4341331,-0.37894106,0.0063785911,0.99982804,0.017409563,0
-1.0752597,4.4494705,1.6549239,0.0063785911,0.99982804,0.017409563,0
-0.37505221,-4.4301047,-0.051388741,-0.0063785911,-0.99982804,-0.017409563,0
-0.4928841,-0.28450689,-0.27808177,-0.69317734,0.016969085,-0.72056729,0
-1.1098698,2.9393573,1.779457,-0.72073889,-0.0074717104,0.69316638,0
0.040117741,-4.5248952,0.58936119,-0.0063785911,-0.99982804,-0.017409563,0
-1.1833069,-0.97643369,1.5294452,-0.72073889,-0.0074717104,0.69316638,0
0.55767745,4.5570192,-0.51250076,0.0063785911,0.99982804,0.017409563,0
1.5325336,-1.8115773,-1.3067689,0.72073889,0.0074717104,-0.69316638,0
1.714306,-4.2878442,-1.0781102,0.69317734,-0.016969085,0.72056729,0
-1.2382398,-4.2121782,1.4627638,-0.72073889,-0.0074717104,0.69316638,0
-1.064847,-2.2833705,1.6108555,-0.72073889,-0.0074717104,0.69316638,0
1.2994115,0.63443756,-1.5548617,0.72073889,0.0074717104,-0.69316638,0
1.1769655,3.6515408,-1.6377831,0.72073889,0.0074717104,-0.69316638,0
-0.9095847,-4.3557749,1.5351679,0.69317734,-0.016969085,0.72056729,0
-0.089082181,3.5536575,-0.54726362,-0.69317734,0.016969085,-0.72056729,0
0.54973567,-3.4243336,-1.2225778,-0.69317734,0.016969085,-0.72056729,0
1.7668314,4.3701811,-1.0971878,0.72073889,0.0074717104,-0.69316638,0
1.3678629,2.5721369,-1.428529,0.72073889,0.0074717104,-0.69316638,0
-0.47677183,-2.8662522,-0.16493249,-0.69317734,0.016969085,-0.72056729,0
-1.4603353,2.9230666,0.68596029,-0.69317734,0.016969085,-0.72056729,0
-1.2634618,-4.4461985,1.0179217,-0.0063785911,-0.99982804,-0.017409563,0
-1.2875762,4.4925084,0.84305954,0.0063785911,0.99982804,0.017409563,0
-0.20204329,-4.5441251,0.60655308,-0.0063785911,-0.99982804,-0.017409563,0
1.3474174,3.6111407,-1.4326203,0.72073889,0.0074717104,-0.69316638,0
0.69388336,2.6656654,0.11458588,0.69317734,-0.016969085,0.72056729,0
0.38374016,0.60202038,0.29906893,0.69317734,-0.016969085,0.72056729,0
1.6691222,1.8958027,-1.100011,0.72073889,0.0074717104,-0.69316638,0
-1.1767093,-4.4946346,1.2684455,-0.0063785911,-0.99982804,-0.017409563,0
0.28336263,4.5115089,-0.040989876,0.0063785911,0.99982804,0.017409563,0
-1.6359701,-4.5357146,0.79241395,-0.0063785911,-0.99982804,-0.017409563,0
-1.7271886,2.751229,0.94826078,-0.69317734,0.016969085,-0.72056729,0
0.10499346,4.4431915,-0.0035943985,0.0063785911,0.99982804,0.017409563,0
1.2957426,-4.5463023,-0.8699913,-0.0063785911,-0.99982804,-0.017409563,0
-1.1849664,1.5485563,1.8110291,-0.72073889,-0.0074717104,0.69316638,0
-1.2292979,4.4602647,1.2475815,0.0063785911,0.99982804,0.017409563,0
-1.6149318,-1.4865645,0.87479311,-0.69317734,0.016969085,-0.72056729,0
-0.45542181,0.9167676,-0.22072875,-0.69317734,0.016969085,-0.72056729,0
-1.04817,2.5896277,1.6959921,-0.72073889,-0.0074717104,0.69316638,0
-0.81514001,-2.1401808,1.3312557,0.69317734,-0.016969085,0.72056729,0
0.10535979,-4.4221354,-0.62093878,-0.0063785911,-0.99982804,-0.017409563,0
-0.78726804,4.4168768,0.51741266,0.0063785911,0.99982804,0.017409563,0
-1.344668,1.1027451,1.549945,-0.72073889,-0.0074717104,0.69316638,0
-1.6436775,-2.7571251,0.94916415,-0.69317734,0.016969085,-0.72056729,0
0.80481678,-2.4412794,-0.084437847,0.69317734,-0.016969085,0.72056729,0
-1.1363454,-4.5410957,1.1102724,-0.0063785911,-0.99982804,-0.017409563,0
-1.109537,-3.974566,0.23330903,-0.69317734,0.016969085,-0.72056729,0
-0.33178508,2.84533,1.101496,0.69317734,-0.016969085,0.72056729,0
-1.6814494,3.5507512,1.2505794,-0.72073889,-0.0074717104,0.69316638,0
0.91353309,-4.4781308,-0.75334549,-0.0063785911,-0.99982804,-0.017409563,0
0.41953254,0.05734098,-1.051875,-0.69317734,0.016969085,-0.72056729,0
-1.2308364,-1.1574371,1.5543814,-0.72073889,-0.0074717104,0.69316638,0
-1.3616675,-4.5623598,0.82484961,-0.0063785911,-0.99982804,-0.017409563,0
-1.7230521,4.2955685,1.0985742,-0.72073889,-0.0074717104,0.69316638,0
1.213335,-3.8337831,-1.6492362,0.72073889,0.0074717104,-0.69316638,0
-0.24312222,-3.5740423,0.80739999,0.69317734,-0.016969085,0.72056729,0
-1.3973658,4.5491643,1.1594834,0.0063785911,0.99982804,0.017409563,0
-1.1471461,1.6154368,1.713775,-0.72073889,-0.0074717104,0.69316638,0
1.4463199,-4.4567599,-0.79050016,-0.0063785911,-0.99982804,-0.017409563,0
-0.7405498,-4.4558725,0.61382532,-0.0063785911,-0.99982804,-0.017409563,0
0.26482904,-4.5860767,-0.15511322,-0.0063785911,-0.99982804,-0.017409563,0
0.10404158,-4.4863796,-0.7627635,-0.69317734,0.016969085,-0.72056729,0
-0.92781651,-1.0854982,0.24643421,-0.69317734,0.016969085,-0.72056729,0
-1.0327803,-3.6190178,1.5539701,0.69317734,-0.016969085,0.72056729,0
1.5641809,-1.7835028,-1.2533447,0.72073889,0.0074717104,-0.69316638,0
-1.452038,-4.3776197,1.4086068,-0.72073889,-0.0074717104,0.69316638,0
-1.1374075,-0.67631072,1.6941422,0.69317734,-0.016969085,0.72056729,0
1.4793483,-3.0843115,-1.372889,0.72073889,0.0074717104,-0.69316638,0
1.0304726,-1.299844,-1.68029,-0.69317734,0.016969085,-0.72056729,0
0.62858957,-2.2575788,0.17262244,0.69317734,-0.016969085,0.72056729,0
-1.2310374,-0.7404269,1.4813222,-0.72073889,-0.0074717104,0.69316638,0
-1.3423474,-4.5912533,1.3172996,-0.0063785911,-0.99982804,-0.017409563,0
-1.6957282,-0.093797036,0.93295521,-0.69317734,0.016969085,-0.72056729,0
0.89515638,-2.8111122,-1.6644399,-0.69317734,0.016969085,-0.72056729,0
-1.2068841,4.5941911,0.6580162,0.0063785911,0.99982804,0.017409563,0
0.3777653,-4.5070539,-0.23455715,-0.0063785911,-0.99982804,-0.017409563,0
-0.8007232,-0.64581883,0.12194058,-0.69317734,0.016969085,-0.72056729,0
-1.283631,-2.3101177,1.4066564,-0.72073889,-0.0074717104,0.69316638,0
1.7736714,2.5138412,-1.0325401,0.72073889,0.0074717104,-0.69316638,0
1.4323668,-2.0458698,-0.69392455,0.69317734,-0.016969085,0.72056729,0
-1.5315421,4.2001181,1.2772946,-0.72073889,-0.0074717104,0.69316638,0
0.043068051,4.4686775,0.70304537,0.0063785911,0.99982804,0.017409563,0
1.2654762,2.0584042,-1.4953662,0.72073889,0.0074717104,-0.69316638,0
-1.0664399,-0.87395948,1.6826663,-0.72073889,-0.0074717104,0.69316638,0
0.056065559,4.595768,-0.073002815,0.0063785911,0.99982804,0.017409563,0
0.70605469,1.5943886,0.0072762966,0.69317734,-0.016969085,0.72056729,0
-1.3092622,2.7290931,1.4206274,-0.72073889,-0.0074717104,0.69316638,0
1.7852476,0.60238922,-1.116667,0.72073889,0.0074717104,-0.69316638,0
0.64817226,-1.1866623,-1.3036752,-0.69317734,0.016969085,-0.72056729,0
-1.9195366,-2.0984464,1.0000486,-0.72073889,-0.0074717104,0.69316638,0
0.49046981,-4.4597239,-0.060032845,-0.0063785911,-0.99982804,-0.017409563,0
-1.2576216,-3.3112822,0.34680033,-0.69317734,0.016969085,-0.72056729,0
1.0964485,2.2927852,-0.29138827,0.69317734,-0.016969085,0.72056729,0
-1.2296031,4.5823936,1.0701933,0.0063785911,0.99982804,0.017409563,0
0.9198575,4.5896158,-1.2830572,0.0063785911,0.99982804,0.017409563,0
-1.8107692,-2.189749,0.99533832,-0.72073889,-0.0074717104,0.69316638,0
0.63659436,3.8586426,0.039656162,0.69317734,-0.016969085,0.72056729,0
-0.29705596,-4.2958264,-0.50940537,-0.69317734,0.016969085,-0.72056729,0
-1.1202888,-4.5961747,1.1381807,-0.0063785911,-0.99982804,-0.017409563,0
1.6531184,-2.9847467,-1.0902541,0.72073889,0.0074717104,-0.69316638,0
0.4244656,-2.6139569,0.34343863,0.69317734,-0.016969085,0.72056729,0
-1.3205745,-2.8533373,1.3549335,-0.72073889,-0.0074717104,0.69316638,0
-1.2423291,-4.5826201,0.84791756,-0.0063785911,-0.99982804,-0.017409563,0
1.7419277,-4.3775306,-1.0765338,0.72073889,0.0074717104,-0.69316638,0
-1.8512217,2.9861743,1.1124215,-0.72073889,-0.0074717104,0.69316638,0
-1.4921279,-1.4026189,1.2730327,-0.72073889,-0.0074717104,0.69316638,0
1.2902416,2.3544886,-1.5657517,0.72073889,0.0074717104,-0.69316638,0
0.13354038,-1.3156704,0.5542407,0.69317734,-0.016969085,0.72056729,0
-0.98116356,-2.8606308,0.21422648,-0.69317734,0.016969085,-0.72056729,0
1.7120519,-2.8213561,-1.069629,0.72073889,0.0074717104,-0.69316638,0
1.6067539,0.96542633,-1.0857625,0.72073889,0.0074717104,-0.69316638,0
-0.67263806,3.7393084,0.17952943,-0.69317734,0.016969085,-0.72056729,0
-1.5433407,-1.9216824,1.3903651,-0.72073889,-0.0074717104,0.69316638,0
-1.6330703,-0.4553799,1.1081785,-0.72073889,-0.0074717104,0.69316638,0
1.7065065,4.2178521,-1.0162449,0.72073889,0.0074717104,-0.69316638,0
0.80678427,-2.8440795,-0.083976746,0.69317734,-0.016969085,0.72056729,0
-1.5274795,-1.225065,1.2618644,-0.72073889,-0.0074717104,0.69316638,0
1.0894327,3.3984809,-0.19656777,0.69317734,-0.016969085,0.72056729,0
0.28487593,-0.78293663,-0.99152541,-0.69317734,0.016969085,-0.72056729,0
-1.7600427,1.1647719,0.98125499,-0.69317734,0.016969085,-0.72056729,0
0.12400091,-4.581521,-0.66479778,-0.0063785911,-0.99982804,-0.017409563,0
0.48869517,1.1972529,-1.1708324,-0.69317734,0.016969085,-0.72056729,0
-1.6011432,0.8001101,1.3260132,-0.72073889,-0.0074717104,0.69316638,0
0.91053224,-4.4784989,-0.48182344,-0.0063785911,-0.99982804,-0.017409563,0
0.50411743,0.79189593,-1.16608,-0.69317734,0.016969085,-0.72056729,0
1.2650194,1.1112435,-1.655308,0.72073889,0.0074717104,-0.69316638,0
1.3688555,0.099782348,-1.3627317,0.72073889,0.0074717104,-0.69316638,0
1.292528,3.3618691,-0.60359955,0.69317734,-0.016969085,0.72056729,0
0.85603869,-2.1643786,-0.067721844,0.69317734,-0.016969085,0.72056729,0
0.33282089,-4.447258,-0.050044537,-0.0063785911,-0.99982804,-0.017409563,0
-1.2109528,1.1009754,0.37637889,-0.69317734,0.016969085,-0.72056729,0
0.86573887,-4.4262524,-1.2200992,-0.0063785911,-0.99982804,-0.017409563,0
0.71711409,4.6024122,-1.2935529,0.0063785911,0.99982804,0.017409563,0
-1.3849965,-2.296772,1.5199049,-0.72073889,-0.0074717104,0.69316638,0
1.7277443,2.3497238,-1.1594822,0.72073889,0.0074717104,-0.69316638,0
1.3400743,3.9062095,-0.59697032,0.69317734,-0.016969085,0.72056729,0
-0.56014585,4.5735779,1.3759646,0.69317734,-0.016969085,0.72056729,0
-1.2194378,-3.3900599,1.7033811,-0.72073889,-0.0074717104,0.69316638,0
1.7909702,-0.83849949,-1.1494496,0.72073889,0.0074717104,-0.69316638,0
-1.2554805,4.5462942,1.1346364,0.0063785911,0.99982804,0.017409563,0
1.021723,-4.4238057,-1.7153914,-0.0063785911,-0.99982804,-0.017409563,0
1.7256353,1.1351466,-1.1813816,0.72073889,0.0074717104,-0.69316638,0
0.050213933,-4.2131805,-0.78602719,-0.69317734,0.016969085,-0.72056729,0
1.4082981,2.6906338,-0.52450013,0.69317734,-0.016969085,0.72056729,0
-0.78833634,-4.4331918,0.2219286,-0.0063785911,-0.99982804,-0.017409563,0
1.6398098,3.3335791,-1.141295,0.72073889,0.0074717104,-0.69316638,0
-0.918688,1.5203695,0.1391778,-0.69317734,0.016969085,-0.72056729,0
-1.6191229,-0.47122869,0.94288361,-0.69317734,0.016969085,-0.72056729,0
1.620194,3.4182825,-1.2153695,0.72073889,0.0074717104,-0.69316638,0
0.8028726,4.5518236,-1.1940408,0.0063785911,0.99982804,0.017409563,0
-1.3557991,3.701967,1.5342474,-0.72073889,-0.0074717104,0.69316638,0
-1.3023407,-3.4980819,1.5583122,-0.72073889,-0.0074717104,0.69316638,0
1.7420866,3.0779934,-1.1172261,0.72073889,0.0074717104,-0.69316638,0
-1.5370178,-0.65808976,1.3854274,-0.72073889,-0.0074717104,0.69316638,0
-1.8265941,0.79813743,1.0774782,-0.72073889,-0.0074717104,0.69316638,0
-0.30060005,-4.5832925,-0.39216185,-0.69317734,0.016969085,-0.72056729,0
1.34448,-1.8726701,-0.73718929,0.69317734,-0.016969085,0.72056729,0
-0.4975974,-4.50354,0.23422623,-0.0063785911,-0.99982804,-0.017409563,0
-1.2710423,4.5580664,0.60104179,0.0063785911,0.99982804,0.017409563,0
-1.5184776,2.1611829,1.2430632,-0.72073889,-0.0074717104,0.69316638,0
-0.97617608,-4.1788435,1.5827756,0.69317734,-0.016969085,0.72056729,0
1.325766,-4.5814447,-0.88014364,-0.0063785911,-0.99982804,-0.017409563,0
-1.6458913,1.7288032,1.0487833,-0.72073889,-0.0074717104,0.69316638,0
0.24009943,-0.97822326,-0.93154001,-0.69317734,0.016969085,-0.72056729,0
1.761704,2.6881387,-0.86841345,0.69317734,-0.016969085,0.72056729,0
-1.1957937,-4.5048194,1.3680861,-0.0063785911,-0.99982804,-0.017409563,0
0.14810395,-4.4402118,-0.49452353,-0.0063785911,-0.99982804,-0.017409563,0
-1.7552013,1.3988692,1.1328127,-0.72073889,-0.0074717104,0.69316638,0
-1.3991936,0.48681092,1.4799839,-0.72073889,-0.0074717104,0.69316638,0
1.5251172,-4.2019153,-0.76453495,0.69317734,-0.016969085,0.72056729,0
-0.074885398,-2.2358522,0.77434993,0.69317734,-0.016969085,0.72056729,0
-1.8399515,-1.9642196,0.90635931,-0.69317734,0.016969085,-0.72056729,0
-1.8150413,0.059182391,1.0776284,-0.72073889,-0.0074717104,0.69316638,0
1.1542177,1.9389265,-1.6453861,0.72073889,0.0074717104,-0.69316638,0
0.39140749,4.5570164,-0.55961752,0.0063785911,0.99982804,0.017409563,0
-0.62755656,-4.4663925,0.52539539,-0.0063785911,-0.99982804,-0.017409563,0
1.4665118,1.8212893,-1.3969438,0.72073889,0.0074717104,-0.69316638,0
-1.5700042,0.799007,0.78201336,-0.69317734,0.016969085,-0.72056729,0
1.2983285,-3.0649116,-1.5538051,0.72073889,0.0074717104,-0.69316638,0
1.1666822,-4.1072702,-1.6533785,0.72073889,0.0074717104,-0.69316638,0
-1.3353709,1.283092,1.6206651,-0.72073889,-0.0074717104,0.69316638,0
-1.3810508,3.8130503,1.4259048,-0.72073889,-0.0074717104,0.69316638,0
-0.70151043,-4.5367827,0.4535346,-0.0063785911,-0.99982804,-0.017409563,0
1.6754297,-4.0845332,-1.0682204,0.72073889,0.0074717104,-0.69316638,0
-0.83493692,-3.0767665,0.070358038,-0.69317734,0.016969085,-0.72056729,0
-0.61139095,3.2748795,1.296936,0.69317734,-0.016969085,0.72056729,0
0.20922053,2.1068053,-0.86761355,-0.69317734,0.016969085,-0.72056729,0
0.33365107,-2.7721949,0.44310808,0.69317734,-0.016969085,0.72056729,0
-1.6396359,-0.76152146,1.1309503,-0.72073889,-0.0074717104,0.69316638,0
0.30821776,-4.5860233,-0.72961903,-0.0063785911,-0.99982804,-0.017409563,0
-0.44103706,3.2930961,-0.26303124,-0.69317734,0.016969085,-0.72056729,0
-0.014890313,-4.4979348,-0.50343704,-0.0063785911,-0.99982804,-0.017409563,0
-1.3608735,4.2905054,1.656451,-0.72073889,-0.0074717104,0.69316638,0
1.2546194,2.2732778,-1.4777288,0.72073889,0.0074717104,-0.69316638,0
-0.13279617,2.242687,0.87012291,0.69317734,-0.016969085,0.72056729,0
-0.96736169,4.3829579,1.4579275,0.0063785911,0.99982804,0.017409563,0
-1.6250191,-0.55171835,1.2631115,-0.72073889,-0.0074717104,0.69316638,0
-0.74675727,2.8772616,1.3778343,0.69317734,-0.016969085,0.72056729,0
0.59849834,4.5666842,-0.73697186,0.0063785911,0.99982804,0.017409563,0
-0.64409494,-4.4130821,0.66710663,-0.0063785911,-0.99982804,-0.017409563,0
-0.48857915,-4.5683823,-0.29610777,-0.0063785911,-0.99982804,-0.017409563,0
-0.90805846,-4.5980439,0.20863438,-0.0063785911,-0.99982804,-0.017409563,0
-0.26626468,3.5133078,0.92768145,0.69317734,-0.016969085,0.72056729,0
0.82145309,-4.37711,-1.7042284,-0.0063785911,-0.99982804,-0.017409563,0
0.2160522,2.3956995,-0.829808,-0.69317734,0.016969085,-0.72056729,0
0.69122493,4.4684601,-0.4798522,0.0063785911,0.99982804,0.017409563,0
-0.24751627,-4.2545261,-0.67621803,-0.69317734,0.016969085,-0.72056729,0
-0.97651577,-3.0429401,1.4934714,0.69317734,-0.016969085,0.72056729,0
-1.6272445,-3.6580586,1.1708624,-0.72073889,-0.0074717104,0.69316638,0
1.4768389,4.5823531,-1.0764987,0.0063785911,0.99982804,0.017409563,0
-1.2443463,-3.4004507,1.6109123,-0.72073889,-0.0074717104,0.69316638,0
-0.96860349,3.4151797,1.5967772,0.69317734,-0.016969085,0.72056729,0
-1.111647,4.4893765,0.81368494,0.0063785911,0.99982804,0.017409563,0
0.93234479,-4.4560795,-0.66207266,-0.0063785911,-0.99982804,-0.017409563,0
0.37794584,4.5707502,-0.63084793,0.0063785911,0.99982804,0.017409563,0
-1.6470029,3.3014374,1.1627557,-0.72073889,-0.0074717104,0.69316638,0
-0.42966914,-4.4615059,-0.10661221,-0.0063785911,-0.99982804,-0.017409563,0
1.4224297,-0.10334989,-0.76746929,0.69317734,-0.016969085,0.72056729,0
0.056200176,-1.5125525,0.62126529,0.69317734,-0.016969085,0.72056729,0
-0.0048006177,-0.70764035,-0.77036226,-0.69317734,0.016969085,-0.72056729,0
-1.6286215,3.6928642,1.0892341,-0.72073889,-0.0074717104,0.69316638,0
0.74678946,-4.3132339,-1.5890903,-0.69317734,0.016969085,-0.72056729,0
-1.2941998,2.1388788,1.6396123,-0.72073889,-0.0074717104,0.69316638,0
0.67343938,-3.1591027,-1.2972257,-0.69317734,0.016969085,-0.72056729,0
-0.77052653,4.1836801,0.28341913,-0.69317734,0.016969085,-0.72056729,0
-1.1789342,1.3345191,1.7472256,-0.72073889,-0.0074717104,0.69316638,0
-1.7093618,-4.2204041,0.83146739,-0.69317734,0.016969085,-0.72056729,0
-1.3821912,-4.0199127,0.51116753,-0.69317734,0.016969085,-0.72056729,0
-1.4400392,1.8491457,1.3470973,-0.72073889,-0.0074717104,0.69316638,0
0.69460553,-0.54233027,-1.4812475,-0.69317734,0.016969085,-0.72056729,0
-1.5412531,0.87353992,1.1961422,-0.72073889,-0.0074717104,0.69316638,0
-0.73817915,-4.5405903,0.17859125,-0.0063785911,-0.99982804,-0.017409563,0
-1.6878355,-3.2557006,1.2316096,-0.72073889,-0.0074717104,0.69316638,0
1.443678,-2.3282392,-1.495311,0.72073889,0.0074717104,-0.69316638,0
-0.077833712,-3.4747682,0.69295096,0.69317734,-0.016969085,0.72056729,0
1.1470917,1.8778698,-1.6619985,-0.69317734,0.016969085,-0.72056729,0
0.2917608,3.5294025,-0.86211967,-0.69317734,0.016969085,-0.72056729,0
0.2449449,0.65208107,-0.85499001,-0.69317734,0.016969085,-0.72056729,0
-1.2278975,-1.1137236,0.32519746,-0.69317734,0.016969085,-0.72056729,0
-1.7213265,2.6538253,1.1084368,-0.72073889,-0.0074717104,0.69316638,0
-1.2434086,-1.97679,1.4691024,-0.72073889,-0.0074717104,0.69316638,0
-0.73729062,1.9334154,1.3655733,0.69317734,-0.016969085,0.72056729,0
-1.0999043,-0.57522166,1.7607116,-0.72073889,-0.0074717104,0.69316638,0
0.40437007,0.067811877,0.22683451,0.69317734,-0.016969085,0.72056729,0
1.6398509,-0.26563302,-1.0883285,0.72073889,0.0074717104,-0.69316638,0
1.1136706,-3.7735839,-1.7579505,-0.69317734,0.016969085,-0.72056729,0
-1.4688511,1.1823127,1.3912808,-0.72073889,-0.0074717104,0.69316638,0
-0.27314234,-0.43976775,0.99388027,0.69317734,-0.016969085,0.72056729,0
-1.6810563,-2.3252292,1.0700401,-0.72073889,-0.0074717104,0.69316638,0
-0.96981442,-2.9364996,0.15733552,-0.69317734,0.016969085,-0.72056729,0
-0.48079526,4.5782723,0.35134363,0.0063785911,0.99982804,0.017409563,0
-1.0897,-4.5907593,1.0965042,-0.0063785911,-0.99982804,-0.017409563,0
0.71118146,3.1206861,-1.2422712,-0.69317734,0.016969085,-0.72056729,0
1.4647746,4.5161018,-0.60168934,0.69317734,-0.016969085,0.72056729,0
0.094453514,-0.76666671,-0.84139764,-0.69317734,0.016969085,-0.72056729,0
-0.83646405,-4.4785376,0.69279957,-0.0063785911,-0.99982804,-0.017409563,0
1.077466,0.42856014,-1.7462394,0.72073889,0.0074717104,-0.69316638,0
-0.77918196,-3.2046986,0.076409101,-0.69317734,0.016969085,-0.72056729,0
1.5173041,0.29058132,-1.2498174,0.72073889,0.0074717104,-0.69316638,0
-0.65495056,-1.3253174,-0.055343866,-0.69317734,0.016969085,-0.72056729,0
-1.2863688,2.5030437,0.71081805,-0.69317734,0.016969085,-0.72056729,0
1.5772007,2.5586493,-1.215484,0.72073889,0.0074717104,-0.69316638,0
0.32830632,4.4356456,0.27164078,0.0063785911,0.99982804,0.017409563,0
-0.64523607,-4.4691305,0.32890463,-0.0063785911,-0.99982804,-0.017409563,0
-0.5742476,4.5113707,0.98147988,0.0063785911,0.99982804,0.017409563,0
1.5717406,-0.16126874,-1.1892126,0.72073889,0.0074717104,-0.69316638,0
-0.3326081,-4.4630651,-0.15190077,-0.0063785911,-0.99982804,-0.017409563,0
0.046989918,-4.5844202,0.43115139,-0.0063785911,-0.99982804,-0.017409563,0
1.5408771,2.6170542,-1.2215798,0.72073889,0.0074717104,-0.69316638,0
-1.4330063,3.6090798,1.4471872,-0.72073889,-0.0074717104,0.69316638,0
0.58241135,1.5130777,0.26599598,0.69317734,-0.016969085,0.72056729,0
1.3448524,2.8370762,-1.576123,0.72073889,0.0074717104,-0.69316638,0
1.2958527,-0.60645592,-1.4329011,0.72073889,0.0074717104,-0.69316638,0
0.077212691,4.5731297,-0.67279291,0.0063785911,0.99982804,0.017409563,0
0.9836697,-1.5520689,-0.36891079,0.69317734,-0.016969085,0.72056729,0
-1.1757653,4.4580708,1.5770543,0.0063785911,0.99982804,0.017409563,0
-0.62118769,-4.192903,1.0775363,0.69317734,-0.016969085,0.72056729,0
-0.79499626,1.240494,0.085851789,-0.69317734,0.016969085,-0.72056729,0
-0.55816746,-1.0614785,-0.14397746,-0.69317734,0.016969085,-0.72056729,0
0.5689345,4.48104,-0.48292971,0.0063785911,0.99982804,0.017409563,0
-0.28167358,-1.4287422,-0.44828081,-0.69317734,0.016969085,-0.72056729,0
-1.5884643,2.3453276,1.2516475,-0.72073889,-0.0074717104,0.69316638,0
-0.0086633861,-1.3923408,0.54735827,0.69317734,-0.016969085,0.72056729,0
-0.85380226,-0.4269408,1.4285004,0.69317734,-0.016969085,0.72056729,0
0.34720945,-4.5355644,0.067678452,-0.0063785911,-0.99982804,-0.017409563,0
1.692426,3.0479825,-1.1816101,0.72073889,0.0074717104,-0.69316638,0
1.2343009,-4.3809161,-1.5401123,0.72073889,0.0074717104,-0.69316638,0
-0.50959468,4.4489236,0.7198987,0.0063785911,0.99982804,0.017409563,0
1.1298159,-2.7005148,-1.8188756,0.72073889,0.0074717104,-0.69316638,0
1.4839437,-0.61220163,-1.4419041,0.72073889,0.0074717104,-0.69316638,0
-1.6881526,-3.1549165,1.0563374,-0.72073889,-0.0074717104,0.69316638,0
1.4625963,-2.7280138,-0.9033165,0.69317734,-0.016969085,0.72056729,0
0.21373594,-4.4244552,0.27606153,-0.0063785911,-0.99982804,-0.017409563,0
1.3704454,3.484802,-0.51364136,0.69317734,-0.016969085,0.72056729,0
-1.4076942,3.0305419,1.4879277,-0.72073889,-0.0074717104,0.69316638,0
-1.2070298,-0.024364233,1.6735649,-0.72073889,-0.0074717104,0.69316638,0
-1.2307514,0.27319705,1.55373,-0.72073889,-0.0074717104,0.69316638,0
0.39756393,4.4119086,-0.83818769,-0.69317734,0.016969085,-0.72056729,0
0.93454748,0.61186463,-1.5208986,-0.69317734,0.016969085,-0.72056729,0
1.4461694,-0.92296374,-1.285333,0.72073889,0.0074717104,-0.69316638,0
0.11757261,-3.3418465,0.57021236,0.69317734,-0.016969085,0.72056729,0
-1.2980795,2.6188877,1.4468981,-0.72073889,-0.0074717104,0.69316638,0
0.022806764,-4.4077239,-0.59865427,-0.0063785911,-0.99982804,-0.017409563,0
1.1462874,4.2472515,-1.643878,0.72073889,0.0074717104,-0.69316638,0
0.015185356,2.3482084,0.74230874,0.69317734,-0.016969085,0.72056729,0
1.194175,-4.4457345,-1.1122305,-0.0063785911,-0.99982804,-0.017409563,0
-0.41515791,4.5380068,0.99124932,0.0063785911,0.99982804,0.017409563,0
-0.26483965,-3.1097715,-0.64912915,-0.69317734,0.016969085,-0.72056729,0
-1.1835096,4.56003,1.5053678,0.0063785911,0.99982804,0.017409563,0
-1.8243676,0.027696833,1.0839112,-0.72073889,-0.0074717104,0.69316638,0
-0.0014240742,-4.1836405,0.56972408,0.69317734,-0.016969085,0.72056729,0
0.51797074,4.5773478,-1.0614133,0.0063785911,0.99982804,0.017409563,0
-0.70185453,-2.5079143,-0.082992792,-0.69317734,0.016969085,-0.72056729,0
-1.3195039,-2.9625616,1.4978516,-0.72073889,-0.0074717104,0.69316638,0
-1.2594185,0.49955142,1.7081685,-0.72073889,-0.0074717104,0.69316638,0
-1.1775167,4.1912384,0.42495346,-0.69317734,0.016969085,-0.72056729,0
-0.40301549,2.2297866,1.0725893,0.69317734,-0.016969085,0.72056729,0
-1.293246,3.8212671,1.4879978,-0.72073889,-0.0074717104,0.69316638,0
0.32191122,2.7737517,0.56379819,0.69317734,-0.016969085,0.72056729,0
0.10320902,4.4456115,0.43165779,0.0063785911,0.99982804,0.017409563,0
0.74958515,-4.2328205,-0.079470634,0.69317734,-0.016969085,0.72056729,0
-1.433714,1.7574179,1.3783346,-0.72073889,-0.0074717104,0.69316638,0
0.048372149,3.0720506,0.64598918,0.69317734,-0.016969085,0.72056729,0
-1.2814575,1.6194854,1.6801323,-0.72073889,-0.0074717104,0.69316638,0
-1.0080166,4.539453,1.3042948,0.0063785911,0.99982804,0.017409563,0
-0.62031877,-4.5150433,0.87295294,-0.0063785911,-0.99982804,-0.017409563,0
-0.32984662,4.5348549,-0.34754276,0.0063785911,0.99982804,0.017409563,0
0.26026064,-2.4299374,0.47278762,0.69317734,-0.016969085,0.72056729,0
0.99540818,-4.4247074,-0.47361326,-0.0063785911,-0.99982804,-0.017409563,0
-1.4695101,4.4833579,1.2429109,0.0063785911,0.99982804,0.017409563,0
1.5861245,-2.2760923,-1.3942548,0.72073889,0.0074717104,-0.69316638,0
-1.309907,-4.5266562,0.96156836,-0.0063785911,-0.99982804,-0.017409563,0
0.50875795,4.4461412,-1.0180135,0.0063785911,0.99982804,0.017409563,0
-1.713847,-0.67524385,1.0932853,-0.72073889,-0.0074717104,0.69316638,0
-0.54013956,-4.4823256,0.24693727,-0.0063785911,-0.99982804,-0.017409563,0
-1.6045746,3.8856125,1.3693318,-0.72073889,-0.0074717104,0.69316638,0
0.44609463,0.0021372437,-1.1841969,-0.69317734,0.016969085,-0.72056729,0
-1.1495581,-4.6011848,0.94756603,-0.0063785911,-0.99982804,-0.017409563,0
-1.4016824,3.2752173,1.4645057,-0.72073889,-0.0074717104,0.69316638,0
0.55897176,-1.103938,0.111377,0.69317734,-0.016969085,0.72056729,0
0.7938956,4.5129528,-0.97264576,0.0063785911,0.99982804,0.017409563,0
1.7772726,1.9169455,-1.0845693,0.72073889,0.0074717104,-0.69316638,0
1.4241359,-1.8463973,-1.5054628,0.72073889,0.0074717104,-0.69316638,0
1.4778724,-3.917094,-1.4994187,0.72073889,0.0074717104,-0.69316638,0
0.92959619,-4.5660148,-1.1368666,-0.0063785911,-0.99982804,-0.017409563,0
1.7317736,-1.8111757,-0.93613338,0.69317734,-0.016969085,0.72056729,0
1.1524086,-0.60036957,-1.7185338,0.72073889,0.0074717104,-0.69316638,0
-1.0724225,-4.5872669,0.87597227,-0.0063785911,-0.99982804,-0.017409563,0
1.5249307,1.7156641,-1.2173365,0.72073889,0.0074717104,-0.69316638,0
0.26391745,4.5564618,-0.7427516,0.0063785911,0.99982804,0.017409563,0
-1.7195548,2.4843237,1.2069597,-0.72073889,-0.0074717104,0.69316638,0
-1.2978517,-4.5606623,0.56748962,-0.0063785911,-0.99982804,-0.017409563,0
1.4955016,-4.5606346,-0.89028835,-0.0063785911,-0.99982804,-0.017409563,0
1.2219771,0.14499998,-1.7383389,0.72073889,0.0074717104,-0.69316638,0
1.3825357,-1.4999758,-1.3924994,0.72073889,0.0074717104,-0.69316638,0
0.42344236,4.5982165,-0.62172985,0.0063785911,0.99982804,0.017409563,0
0.41657996,-4.5798345,-1.0060663,-0.0063785911,-0.99982804,-0.017409563,0
-1.5301611,-3.400631,1.2495127,-0.72073889,-0.0074717104,0.69316638,0
1.7194508,-2.1743231,-1.2168393,0.72073889,0.0074717104,-0.69316638,0
-1.2143968,-1.8019066,1.6011784,-0.72073889,-0.0074717104,0.69316638,0
0.9404608,-0.30341694,-0.23003736,0.69317734,-0.016969085,0.72056729,0
1.1590786,3.1936321,-1.5285485,0.72073889,0.0074717104,-0.69316638,0
0.12770355,-2.1312749,-0.95286167,-0.69317734,0.016969085,-0.72056729,0
0.21961534,-4.4931564,-0.044215679,-0.0063785911,-0.99982804,-0.017409563,0
-1.193198,1.1727431,0.54189646,-0.69317734,0.016969085,-0.72056729,0
-0.63187599,4.4645624,0.23903084,0.0063785911,0.99982804,0.017409563,0
1.0009713,-3.8270171,-1.7784636,0.72073889,0.0074717104,-0.69316638,0
-0.88673151,-4.5744352,0.83177853,-0.0063785911,-0.99982804,-0.017409563,0
0.48227835,-4.5389752,-0.87606621,-0.0063785911,-0.99982804,-0.017409563,0
1.4571185,-4.1813126,-1.4415765,0.72073889,0.0074717104,-0.69316638,0
-1.3497422,4.2685852,1.5722666,-0.72073889,-0.0074717104,0.69316638,0
-0.95838284,4.516849,0.63730955,0.0063785911,0.99982804,0.017409563,0
1.0556879,-0.95981193,-0.24568284,0.69317734,-0.016969085,0.72056729,0
-1.1056211,0.32760441,1.6685774,-0.72073889,-0.0074717104,0.69316638,0
1.7259257,4.3666778,-1.0318437,0.72073889,0.0074717104,-0.69316638,0
0.22365463,4.4855647,-0.18431187,0.0063785911,0.99982804,0.017409563,0
1.6015412,-4.4151506,-1.1299953,-0.0063785911,-0.99982804,-0.017409563,0
1.2192001,4.4631705,-0.61885691,0.0063785911,0.99982804,0.017409563,0
-1.2262892,-0.88036978,1.506964,-0.72073889,-0.0074717104,0.69316638,0
1.1180236,-4.5028038,-1.6856031,-0.0063785911,-0.99982804,-0.017409563,0
0.64322394,2.5948539,0.20836306,0.69317734,-0.016969085,0.72056729,0
-1.3141265,3.4021106,0.72155929,-0.69317734,0.016969085,-0.72056729,0
1.6276376,-3.3128278,-1.2906828,0.72073889,0.0074717104,-0.69316638,0
-1.2909818,4.4366803,1.7295716,-0.72073889,-0.0074717104,0.69316638,0
-1.2008765,-0.058576107,1.656814,-0.72073889,-0.0074717104,0.69316638,0
-1.0274507,-0.29456127,0.3275775,-0.69317734,0.016969085,-0.72056729,0
1.5064011,0.7125234,-1.3289179,0.72073889,0.0074717104,-0.69316638,0
1.2782063,-4.1022434,-1.595135,0.72073889,0.0074717104,-0.69316638,0
-0.64684105,4.4621501,0.15823221,0.0063785911,0.99982804,0.017409563,0
1.5164094,-1.0667512,-1.3877757,0.72073889,0.0074717104,-0.69316638,0
-0.75346446,3.2290869,1.4664066,0.69317734,-0.016969085,0.72056729,0
0.880445,-4.5330215,-1.1497617,-0.0063785911,-0.99982804,-0.017409563,0
1.6845599,-4.1440377,-1.0307944,0.69317734,-0.016969085,0.72056729,0
-0.40023208,2.3046503,1.2581729,0.69317734,-0.016969085,0.72056729,0
-1.111463,2.1543987,0.54409862,-0.69317734,0.016969085,-0.72056729,0
0.059669688,0.16050622,-0.65738392,-0.69317734,0.016969085,-0.72056729,0
-0.44727588,-4.425045,0.54417133,-0.0063785911,-0.99982804,-0.017409563,0
0.16013384,3.7284055,0.62976742,0.69317734,-0.016969085,0.72056729,0
-1.0893162,-2.4998715,1.6269258,-0.72073889,-0.0074717104,0.69316638,0
1.6670562,-3.7594516,-1.2550874,0.72073889,0.0074717104,-0.69316638,0
1.3480737,0.57618928,-1.488085,0.72073889,0.0074717104,-0.69316638,0
1.2618721,-4.5692916,-1.046536,-0.0063785911,-0.99982804,-0.017409563,0
-1.3242122,1.634279,1.589072,-0.72073889,-0.0074717104,0.69316638,0
-1.6414595,-2.4182222,0.93229783,-0.69317734,0.016969085,-0.72056729,0
-0.22472107,3.7621262,0.87244105,0.69317734,-0.016969085,0.72056729,0
-0.74150062,3.3050323,1.525053,0.69317734,-0.016969085,0.72056729,0
-1.8011668,1.6339589,1.0591583,-0.72073889,-0.0074717104,0.69316638,0
-1.5298686,-4.3712387,1.2180459,-0.72073889,-0.0074717104,0.69316638,0
0.20646746,0.49211532,0.39488876,0.69317734,-0.016969085,0.72056729,0
-1.4674459,-1.4167972,1.3272169,-0.72073889,-0.0074717104,0.69316638,0
1.0156848,-2.7238081,-0.40950751,0.69317734,-0.016969085,0.72056729,0
-1.6496987,-0.056727335,0.88244963,-0.69317734,0.016969085,-0.72056729,0
1.0884638,4.2049575,-0.29270458,0.69317734,-0.016969085,0.72056729,0
0.51350325,3.141093,-0.98304129,-0.69317734,0.016969085,-0.72056729,0
-0.58983141,-1.6123874,-0.29933941,-0.69317734,0.016969085,-0.72056729,0
-0.8113488,3.5507305,0.23489809,-0.69317734,0.016969085,-0.72056729,0
1.5450088,0.36776331,-1.3325917,0.72073889,0.0074717104,-0.69316638,0
-1.4090103,-1.502894,0.63955498,-0.69317734,0.016969085,-0.72056729,0
1.3170735,-2.9046321,-1.4681108,0.72073889,0.0074717104,-0.69316638,0
-0.92580068,4.5437407,0.64244938,0.0063785911,0.99982804,0.017409563,0
-0.53931016,-0.54605401,-0.27322906,-0.69317734,0.016969085,-0.72056729,0
-0.15581882,-4.5221314,0.43058681,-0.0063785911,-0.99982804,-0.017409563,0
-1.4980483,-1.875679,1.4349338,-0.72073889,-0.0074717104,0.69316638,0
1.7358685,-1.1600602,-1.2124844,0.72073889,0.0074717104,-0.69316638,0
-1.2497995,-0.2029379,1.4540935,-0.72073889,-0.0074717104,0.69316638,0
-1.4712701,0.22024828,1.2789129,-0.72073889,-0.0074717104,0.69316638,0
1.0683957,4.592257,-1.5627055,0.0063785911,0.99982804,0.017409563,0
1.1992409,-0.90614128,-0.38312685,0.69317734,-0.016969085,0.72056729,0
-1.1278977,1.108252,1.8356107,-0.72073889,-0.0074717104,0.69316638,0
1.5725658,3.1076336,-1.3407536,0.72073889,0.0074717104,-0.69316638,0
1.6013374,2.3454199,-1.1742647,0.72073889,0.0074717104,-0.69316638,0
1.4609681,3.2792771,-1.2285333,0.72073889,0.0074717104,-0.69316638,0
-1.0305372,1.439775,1.6448501,0.69317734,-0.016969085,0.72056729,0
1.056569,3.2751317,-0.15455675,0.69317734,-0.016969085,0.72056729,0
-0.82790565,-4.4267559,0.70528364,-0.0063785911,-0.99982804,-0.017409563,0
-0.90476394,-4.479753,1.2198005,-0.0063785911,-0.99982804,-0.017409563,0
0.71998,-4.4808068,-0.18165255,-0.0063785911,-0.99982804,-0.017409563,0
-1.1763091,4.4592705,1.2330089,0.0063785911,0.99982804,0.017409563,0
-1.6870418,1.4037161,1.2532356,-0.72073889,-0.0074717104,0.69316638,0
-0.6714009,4.4817238,0.65818882,0.0063785911,0.99982804,0.017409563,0
1.0232475,-1.4778881,-1.701988,-0.69317734,0.016969085,-0.72056729,0
-1.5979549,-3.1687586,1.0919852,-0.72073889,-0.0074717104,0.69316638,0
0.54136026,4.4692278,-0.16858387,0.0063785911,0.99982804,0.017409563,0
-0.65050644,-4.2319002,-0.16060615,-0.69317734,0.016969085,-0.72056729,0
-1.3713378,2.1851606,1.568067,-0.72073889,-0.0074717104,0.69316638,0
1.2468204,-3.2367067,-1.6057584,0.72073889,0.0074717104,-0.69316638,0
-1.2439097,-1.8909969,1.5713279,-0.72073889,-0.0074717104,0.69316638,0
1.0304015,-4.5742002,-1.0825591,-0.0063785911,-0.99982804,-0.017409563,0
1.6063927,1.5160403,-1.1807742,0.72073889,0.0074717104,-0.69316638,0
-0.54974139,-0.24397761,1.1868789,0.69317734,-0.016969085,0.72056729,0
1.2279561,3.5691912,-1.5487711,0.72073889,0.0074717104,-0.69316638,0
-1.0519692,-1.7958626,0.34426415,-0.69317734,0.016969085,-0.72056729,0
-1.0739475,2.9238865,1.6759181,-0.72073889,-0.0074717104,0.69316638,0
-1.0559835,-4.568224,0.82125759,-0.0063785911,-0.99982804,-0.017409563,0
-1.7563399,-4.3543849,0.99743843,-0.72073889,-0.0074717104,0.69316638,0
-0.29812059,-0.24024111,1.0282092,0.69317734,-0.016969085,0.72056729,0
-0.16294599,-4.4192586,-0.24865532,-0.0063785911,-0.99982804,-0.017409563,0
0.28510344,4.4523878,0.4870739,0.0063785911,0.99982804,0.017409563,0
-0.35024664,-3.295856,0.9367373,0.69317734,-0.016969085,0.72056729,0
-1.5216355,-0.066383421,1.2966264,-0.72073889,-0.0074717104,0.69316638,0
1.3513205,0.25774062,-1.4574347,0.72073889,0.0074717104,-0.69316638,0
-0.28309226,-1.7845926,-0.4159261,-0.69317734,0.016969085,-0.72056729,0
-1.3072816,2.5668097,0.71666336,-0.69317734,0.016969085,-0.72056729,0
-0.60504621,-3.2768388,1.3066025,0.69317734,-0.016969085,0.72056729,0
0.018166184,-4.5694194,0.38954973,-0.0063785911,-0.99982804,-0.017409563,0
1.6270182,1.9734874,-1.1099635,0.72073889,0.0074717104,-0.69316638,0
1.1153181,-4.4916697,-0.68166828,-0.0063785911,-0.99982804,-0.017409563,0
0.52305865,-1.2953007,-1.1303909,-0.69317734,0.016969085,-0.72056729,0
0.32885742,4.4963598,-0.11422157,0.0063785911,0.99982804,0.017409563,0
-0.30581754,-4.092474,0.98767638,0.69317734,-0.016969085,0.72056729,0
0.16819179,-2.1360292,-0.78578281,-0.69317734,0.016969085,-0.72056729,0
1.4064375,-2.9400148,-1.5651608,0.72073889,0.0074717104,-0.69316638,0
-0.3015964,4.5497146,0.25903749,0.0063785911,0.99982804,0.017409563,0
-0.379695,-2.8499606,1.0862968,0.69317734,-0.016969085,0.72056729,0
0.32623696,2.2100995,-0.98325694,-0.69317734,0.016969085,-0.72056729,0
1.4071927,-2.3735514,-0.67480731,0.69317734,-0.016969085,0.72056729,0
-1.3158683,3.7172599,1.693882,-0.72073889,-0.0074717104,0.69316638,0
1.7860041,3.9901726,-0.84194207,0.72073889,0.0074717104,-0.69316638,0
0.16931081,-3.2221451,0.4782207,0.69317734,-0.016969085,0.72056729,0
-0.8566699,-4.5717692,0.69335794,-0.0063785911,-0.99982804,-0.017409563,0
1.2369243,-1.7776372,-1.5357592,0.72073889,0.0074717104,-0.69316638,0
-1.1899282,3.7774789,1.5477901,-0.72073889,-0.0074717104,0.69316638,0
1.3084322,-1.3530772,-1.5869193,0.72073889,0.0074717104,-0.69316638,0
-0.15601683,3.6762972,-0.41783476,-0.69317734,0.016969085,-0.72056729,0
-1.4114004,-3.627985,1.4576218,-0.72073889,-0.0074717104,0.69316638,0
1.4943426,-4.4022641,-1.451436,0.72073889,0.0074717104,-0.69316638,0
0.16344464,4.4340491,-0.48871517,0.0063785911,0.99982804,0.017409563,0
-1.5496002,2.7527852,1.3018851,-0.72073889,-0.0074717104,0.69316638,0
1.1589587,3.6851206,-1.5599647,0.72073889,0.0074717104,-0.69316638,0
-1.2021956,4.4856901,1.1394305,0.0063785911,0.99982804,0.017409563,0
-0.10309696,4.1392307,0.7810657,0.69317734,-0.016969085,0.72056729,0
-1.2558616,0.96140736,0.50423783,-0.69317734,0.016969085,-0.72056729,0
-0.89467406,4.5602083,0.71386862,0.0063785911,0.99982804,0.017409563,0
0.98701894,4.4940205,-1.1895089,0.0063785911,0.99982804,0.017409563,0
1.1650553,-1.7461736,-1.7779704,-0.69317734,0.016969085,-0.72056729,0
-0.73863405,-4.494513,0.46486855,-0.0063785911,-0.99982804,-0.017409563,0
0.87558866,4.5942149,-0.41575336,0.0063785911,0.99982804,0.017409563,0
0.83169341,-4.3879857,-1.3368113,-0.0063785911,-0.99982804,-0.017409563,0
0.95191753,-4.3994527,-0.44945002,-0.0063785911,-0.99982804,-0.017409563,0
-0.93199825,4.4248843,1.5549445,0.0063785911,0.99982804,0.017409563,0
-0.41104829,-4.5531983,-0.46382427,-0.0063785911,-0.99982804,-0.017409563,0
-1.6743252,-0.39102381,1.2187889,-0.72073889,-0.0074717104,0.69316638,0
1.0616978,2.3173571,-0.21261692,0.69317734,-0.016969085,0.72056729,0
0.6965692,-4.4916105,-1.4728091,-0.0063785911,-0.99982804,-0.017409563,0
1.362025,-1.0665765,-1.4732087,0.72073889,0.0074717104,-0.69316638,0
