2.9014738,-1.2639621,-1.3241792,0.24905407,-0.57095969,-0.7822898,0
-3.7231398,-2.6189938,-2.2024322,-0.96331626,-0.2294195,-0.13924313,0
-1.8161397,-1.5902386,-2.6079774,0.24905407,-0.57095969,-0.7822898,0
-4.5183201,-0.52346545,-0.47572088,-0.96331626,-0.2294195,-0.13924313,0
1.9963837,-1.398636,-1.2837766,0.099970311,-0.78827155,0.60715246,0
-0.74008512,1.7216551,1.7634954,-0.24905407,0.57095969,0.7822898,0
4.9243984,0.11152887,-1.4237566,0.96331626,0.2294195,0.13924313,0
3.0225973,1.5760148,2.3432477,0.099970311,-0.78827155,0.60715246,0
2.141901,-1.3409039,-1.6041105,0.24905407,-0.57095969,-0.7822898,0
-2.7639284,-1.340173,-1.9633403,-0.099970311,0.78827155,-0.60715246,0
2.4537535,1.7660778,2.6169672,-0.24905407,0.57095969,0.7822898,0
4.1758375,1.5103748,1.4123921,0.96331626,0.2294195,0.13924313,0
2.5298312,-1.3605415,-1.4962652,0.24905407,-0.57095969,-0.7822898,0
-4.4283819,-1.2630959,-0.014931679,-0.96331626,-0.2294195,-0.13924313,0
-0.60360992,-1.1524539,-0.56721604,0.099970311,-0.78827155,0.60715246,0
-1.4725752,-1.6816237,-2.3840582,0.24905407,-0.57095969,-0.7822898,0
0.47990769,0.51306504,1.268401,0.099970311,-0.78827155,0.60715246,0
4.5882463,0.74855506,-0.57263613,0.96331626,0.2294195,0.13924313,0
-3.8430781,0.60157967,1.5333986,-0.24905407,0.57095969,0.7822898,0
4.4568644,1.0192398,0.16625547,0.96331626,0.2294195,0.13924313,0
3.5930572,2.5924804,2.5005608,-0.24905407,0.57095969,0.7822898,0
-2.781209,-0.64889717,-1.3059223,-0.099970311,0.78827155,-0.60715246,0
-4.7079401,0.038351297,0.75989723,-0.96331626,-0.2294195,-0.13924313,0
-4.5579782,-0.26999795,0.28478479,-0.96331626,-0.2294195,-0.13924313,0
3.8227663,2.5301425,2.3053238,0.96331626,0.2294195,0.13924313,0
-1.6061122,0.23928802,-0.33226466,-0.099970311,0.78827155,-0.60715246,0
2.2840307,1.3322666,2.0302892,0.099970311,-0.78827155,0.60715246,0
2.6566541,2.235795,2.3612618,-0.24905407,0.57095969,0.7822898,0
-4.6095185,-0.81928635,0.4165082,-0.96331626,-0.2294195,-0.13924313,0
-2.729099,-2.3976159,-2.1892111,0.24905407,-0.57095969,-0.7822898,0
1.7233322,1.8329916,1.3660192,-0.099970311,0.78827155,-0.60715246,0
3.6224058,-0.48252308,-1.6878381,0.24905407,-0.57095969,-0.7822898,0
-1.3626416,-1.9894594,-2.1982148,0.24905407,-0.57095969,-0.7822898,0
2.5377724,-0.46230185,-1.764946,-0.099970311,0.78827155,-0.60715246,0
-2.5702224,-1.430666,-0.6622498,0.099970311,-0.78827155,0.60715246,0
4.7193546,0.014984667,-0.040095806,0.96331626,0.2294195,0.13924313,0
3.8700304,-0.51270413,-0.41533756,0.099970311,-0.78827155,0.60715246,0
-3.5762475,0.94075412,1.4094617,-0.24905407,0.57095969,0.7822898,0
-3.9431129,-1.5553242,-2.0853496,-0.96331626,-0.2294195,-0.13924313,0
-2.6378627,-2.0959415,-2.6103048,0.24905407,-0.57095969,-0.7822898,0
2.5493624,-1.2842553,-1.5447419,0.24905407,-0.57095969,-0.7822898,0
-0.34867692,-1.3371837,-2.2721725,0.24905407,-0.57095969,-0.7822898,0
-0.7625351,-2.1584682,-1.8620971,0.24905407,-0.57095969,-0.7822898,0
-3.4748416,0.86530948,1.466887,-0.24905407,0.57095969,0.7822898,0
4.2033968,1.7928021,0.91866875,0.96331626,0.2294195,0.13924313,0
1.7557561,2.2187114,1.6132469,-0.099970311,0.78827155,-0.60715246,0
3.9713347,2.1552629,1.9751155,0.96331626,0.2294195,0.13924313,0
3.291784,2.0232265,2.808744,-0.24905407,0.57095969,0.7822898,0
3.8217196,2.0555806,2.6629572,0.96331626,0.2294195,0.13924313,0
-4.6370659,0.065857291,0.36449766,-0.96331626,-0.2294195,-0.13924313,0
4.0555568,0.11902308,-1.2565098,-0.099970311,0.78827155,-0.60715246,0
3.2474146,-0.86365068,-1.4114125,0.24905407,-0.57095969,-0.7822898,0
4.7837133,0.19839537,-0.66628504,0.96331626,0.2294195,0.13924313,0
2.2519982,0.026478691,0.40832019,0.099970311,-0.78827155,0.60715246,0
-3.4615529,-2.7237246,-2.3808806,0.24905407,-0.57095969,-0.7822898,0
4.8413863,-0.23013544,-1.3484387,0.96331626,0.2294195,0.13924313,0
2.3937724,-1.4052013,-1.3137696,0.24905407,-0.57095969,-0.7822898,0
1.2249243,1.0493292,2.0729871,0.099970311,-0.78827155,0.60715246,0
4.6869884,-0.17716569,-0.19110489,0.96331626,0.2294195,0.13924313,0
-3.4435122,-1.1755464,-0.052261829,0.099970311,-0.78827155,0.60715246,0
0.50868332,1.3270228,2.2798114,-0.24905407,0.57095969,0.7822898,0
3.2575755,2.7553668,2.3210046,-0.24905407,0.57095969,0.7822898,0
2.4654346,0.23825014,-0.78128743,-0.099970311,0.78827155,-0.60715246,0
1.5440772,2.0724955,2.1996849,-0.24905407,0.57095969,0.7822898,0
3.8053904,2.1115983,2.6711135,0.96331626,0.2294195,0.13924313,0
4.8862638,-0.15461528,-0.97975683,0.96331626,0.2294195,0.13924313,0
-4.0425696,-1.685541,-1.0564857,-0.96331626,-0.2294195,-0.13924313,0
-2.4143219,-2.3014879,-2.2357979,0.24905407,-0.57095969,-0.7822898,0
4.5464425,0.75800312,0.2774806,0.96331626,0.2294195,0.13924313,0
-4.7045288,-0.53516805,0.84401464,-0.96331626,-0.2294195,-0.13924313,0
-0.11836958,-1.4155145,-2.2387958,0.24905407,-0.57095969,-0.7822898,0
4.4408545,-0.48115247,-1.3391647,0.24905407,-0.57095969,-0.7822898,0
3.7483535,-0.57348919,-1.4878199,0.24905407,-0.57095969,-0.7822898,0
-4.7806625,0.5275299,1.2590141,-0.24905407,0.57095969,0.7822898,0
2.1266565,1.8597462,2.4535406,-0.24905407,0.57095969,0.7822898,0
2.7444649,0.54172701,1.2219868,0.099970311,-0.78827155,0.60715246,0
3.7326789,2.1427665,2.6433754,0.96331626,0.2294195,0.13924313,0
-4.2878795,-1.0634472,-0.26387501,-0.96331626,-0.2294195,-0.13924313,0
-4.1390343,-1.3186781,-1.2077761,-0.96331626,-0.2294195,-0.13924313,0
-0.48239851,-1.4091134,-2.4429719,0.24905407,-0.57095969,-0.7822898,0
2.1238182,2.2075326,1.8320423,-0.099970311,0.78827155,-0.60715246,0
2.0041983,0.12216659,0.49396217,0.099970311,-0.78827155,0.60715246,0
4.0001202,2.0544524,1.2939935,0.96331626,0.2294195,0.13924313,0
4.141037,-0.63156372,-1.3669956,0.24905407,-0.57095969,-0.7822898,0
2.938416,-1.2929072,-1.2437663,0.24905407,-0.57095969,-0.7822898,0
-3.0015039,-2.3912253,-2.3291864,0.24905407,-0.57095969,-0.7822898,0
-4.5048122,-0.57729483,-0.18688631,-0.96331626,-0.2294195,-0.13924313,0
-1.5343367,-1.9379882,-2.1591823,0.24905407,-0.57095969,-0.7822898,0
-4.1995168,-0.90506375,-1.2603304,-0.96331626,-0.2294195,-0.13924313,0
3.4210041,-0.70019448,-1.5204623,0.24905407,-0.57095969,-0.7822898,0
-0.84382558,-1.1368027,-0.64799809,0.099970311,-0.78827155,0.60715246,0
-4.507061,-1.0933186,0.28532267,0.099970311,-0.78827155,0.60715246,0
1.1999246,0.61670923,1.4879832,0.099970311,-0.78827155,0.60715246,0
-3.8719401,0.99645865,1.3446307,-0.24905407,0.57095969,0.7822898,0
-4.4364448,-1.1408765,-0.38748789,-0.96331626,-0.2294195,-0.13924313,0
4.601469,0.50536859,-0.44176865,0.96331626,0.2294195,0.13924313,0
4.5426745,0.52339387,-0.6859951,0.96331626,0.2294195,0.13924313,0
1.9889855,0.71246505,1.5723064,0.099970311,-0.78827155,0.60715246,0
1.3138225,-1.4988606,-1.6370225,0.24905407,-0.57095969,-0.7822898,0
0.43893719,1.7811546,2.0824182,-0.24905407,0.57095969,0.7822898,0
4.3185649,1.2394369,0.29916048,0.96331626,0.2294195,0.13924313,0
-4.2286873,-1.4296454,-0.85942578,-0.96331626,-0.2294195,-0.13924313,0
-4.7182221,-0.1497606,-0.048708916,-0.96331626,-0.2294195,-0.13924313,0
3.6078374,-0.43408895,-1.7596786,0.24905407,-0.57095969,-0.7822898,0
-4.672771,-0.16800475,-0.2522459,-0.96331626,-0.2294195,-0.13924313,0
-3.7567093,-2.2018797,-2.1526892,-0.96331626,-0.2294195,-0.13924313,0
-2.0554202,0.57662535,0.19879031,-0.099970311,0.78827155,-0.60715246,0
-4.9274626,0.12289059,0.99537802,-0.96331626,-0.2294195,-0.13924313,0
-3.7424114,-1.9892914,-2.5088062,-0.96331626,-0.2294195,-0.13924313,0
-4.9353518,0.08442378,0.98399401,-0.96331626,-0.2294195,-0.13924313,0
-2.6693716,-2.5375657,-2.1183136,0.099970311,-0.78827155,0.60715246,0
-4.7126417,0.4796758,0.47071171,-0.099970311,0.78827155,-0.60715246,0
-2.8186166,0.12213659,1.5111473,0.099970311,-0.78827155,0.60715246,0
0.38178334,0.014217257,0.71485519,0.099970311,-0.78827155,0.60715246,0
4.1949024,-0.70841193,-1.3429339,0.24905407,-0.57095969,-0.7822898,0
3.0737448,2.4732101,2.4030871,-0.24905407,0.57095969,0.7822898,0
-4.241467,-1.1313021,-1.4982009,-0.96331626,-0.2294195,-0.13924313,0
-2.6459956,-2.2704296,-2.3782132,0.24905407,-0.57095969,-0.7822898,0
-0.23785424,-2.0978842,-1.7226017,0.099970311,-0.78827155,0.60715246,0
3.8950932,2.0308144,1.5588322,0.96331626,0.2294195,0.13924313,0
0.86238146,-1.6299448,-1.7915581,0.24905407,-0.57095969,-0.7822898,0
-1.622817,-1.8355396,-2.376451,0.24905407,-0.57095969,-0.7822898,0
4.1846266,1.5525255,1.0742569,0.96331626,0.2294195,0.13924313,0
0.99747837,2.0279799,1.9137485,-0.24905407,0.57095969,0.7822898,0
-0.54605925,-0.79002064,-1.7233703,-0.099970311,0.78827155,-0.60715246,0
0.50398111,-1.738445,-1.7164865,0.24905407,-0.57095969,-0.7822898,0
-4.5354352,-0.35044897,-0.19653654,-0.96331626,-0.2294195,-0.13924313,0
3.8844051,2.1302574,1.7541001,0.96331626,0.2294195,0.13924313,0
0.15367919,-0.12448269,-1.060416,-0.099970311,0.78827155,-0.60715246,0
-0.67090547,-1.0319644,-2.1905951,-0.099970311,0.78827155,-0.60715246,0
4.0371227,-0.48807901,-1.5368724,0.24905407,-0.57095969,-0.7822898,0
-4.3286638,-0.99155784,-0.19646692,-0.96331626,-0.2294195,-0.13924313,0
1.1916063,2.3216276,1.9076006,-0.24905407,0.57095969,0.7822898,0
-4.797802,-0.27427399,0.68738604,-0.96331626,-0.2294195,-0.13924313,0
-4.1033921,-1.516953,-1.8422687,-0.96331626,-0.2294195,-0.13924313,0
3.9574258,1.8972354,1.7204273,0.96331626,0.2294195,0.13924313,0
3.9642618,1.5472916,2.1954844,0.96331626,0.2294195,0.13924313,0
-4.8652887,0.22436905,0.98609638,-0.96331626,-0.2294195,-0.13924313,0
4.3252606,1.1264808,0.62730265,0.96331626,0.2294195,0.13924313,0
4.1755886,1.19982,1.4585989,0.96331626,0.2294195,0.13924313,0
-2.5067792,0.8339138,1.7402616,-0.24905407,0.57095969,0.7822898,0
-0.58670783,0.39258915,-0.29668999,-0.099970311,0.78827155,-0.60715246,0
3.2358565,1.6046056,2.2790446,0.099970311,-0.78827155,0.60715246,0
4.8483062,-0.76893592,-1.1157036,0.24905407,-0.57095969,-0.7822898,0
0.60204959,0.91584843,1.9072709,0.099970311,-0.78827155,0.60715246,0
4.599978,0.14944494,0.18526411,0.96331626,0.2294195,0.13924313,0
3.4132092,2.574507,2.4342728,-0.24905407,0.57095969,0.7822898,0
-4.066195,0.76488912,1.3529119,-0.24905407,0.57095969,0.7822898,0
-2.5249996,0.32674134,1.5967958,0.099970311,-0.78827155,0.60715246,0
0.27222979,-0.19629872,-1.2706287,-0.099970311,0.78827155,-0.60715246,0
-1.5109614,-1.2843299,-0.45792031,0.099970311,-0.78827155,0.60715246,0
-3.8681364,-2.0587726,-2.3228948,-0.96331626,-0.2294195,-0.13924313,0
0.56009555,1.7815933,2.0865173,-0.24905407,0.57095969,0.7822898,0
3.9030294,2.1396718,2.0011427,0.96331626,0.2294195,0.13924313,0
-4.5494785,-0.52679014,0.68853378,-0.96331626,-0.2294195,-0.13924313,0
-1.1172032,-1.6632818,-2.3319519,0.24905407,-0.57095969,-0.7822898,0
-4.075551,-1.7377274,-1.8948324,-0.96331626,-0.2294195,-0.13924313,0
-1.4112949,1.2130554,0.95006728,-0.099970311,0.78827155,-0.60715246,0
-2.8232417,-0.97341245,-1.655646,-0.099970311,0.78827155,-0.60715246,0
1.7907101,2.2395031,2.0301814,-0.24905407,0.57095969,0.7822898,0
4.0871878,1.6332656,1.0474007,0.96331626,0.2294195,0.13924313,0
0.58512568,-1.4406246,-1.84814,0.24905407,-0.57095969,-0.7822898,0
2.0799973,0.71002567,-0.35284901,-0.099970311,0.78827155,-0.60715246,0
4.5412483,0.71396935,0.16714668,0.96331626,0.2294195,0.13924313,0
4.4859653,0.30914533,-1.254602,-0.099970311,0.78827155,-0.60715246,0
-3.7759695,-1.2603796,-1.7866652,-0.099970311,0.78827155,-0.60715246,0
3.3093548,-0.49375552,-1.6922424,0.24905407,-0.57095969,-0.7822898,0
1.2654622,-1.0191026,-2.0518703,0.24905407,-0.57095969,-0.7822898,0
-2.8557246,-2.0182581,-2.7496319,0.24905407,-0.57095969,-0.7822898,0
-3.7082064,0.76415527,0.77893281,-0.099970311,0.78827155,-0.60715246,0
-4.0411429,-1.863245,-1.5901749,-0.96331626,-0.2294195,-0.13924313,0
4.166048,1.5027018,1.3531361,0.96331626,0.2294195,0.13924313,0
3.750958,0.50108171,-0.70187736,-0.099970311,0.78827155,-0.60715246,0
4.5062585,0.65793228,0.40280056,0.96331626,0.2294195,0.13924313,0
1.3070991,-0.76274753,-0.51186669,0.099970311,-0.78827155,0.60715246,0
-0.78530419,-1.2469649,-0.64391565,0.099970311,-0.78827155,0.60715246,0
-0.43674147,-1.2296087,-2.3471594,0.24905407,-0.57095969,-0.7822898,0
4.0711355,2.0038552,1.5121284,0.96331626,0.2294195,0.13924313,0
-1.2488774,0.21891901,-0.37128913,-0.099970311,0.78827155,-0.60715246,0
-3.3089318,-1.9335883,-1.2071705,0.099970311,-0.78827155,0.60715246,0
0.61354017,-1.6110047,-1.826744,0.24905407,-0.57095969,-0.7822898,0
-4.0749865,0.95781869,1.2147975,-0.24905407,0.57095969,0.7822898,0
-2.5046365,-0.42472705,-0.82080984,-0.099970311,0.78827155,-0.60715246,0
-0.59114289,1.1816671,2.2684035,-0.24905407,0.57095969,0.7822898,0
-4.8900447,0.36709636,0.84581614,-0.96331626,-0.2294195,-0.13924313,0
-3.7352328,1.0754838,1.2373362,-0.24905407,0.57095969,0.7822898,0
-4.5313487,-0.64980531,0.38553905,-0.96331626,-0.2294195,-0.13924313,0
-3.5520775,0.29837093,0.11457062,-0.099970311,0.78827155,-0.60715246,0
4.9470062,-0.5800342,-0.98875713,0.96331626,0.2294195,0.13924313,0
-0.47208071,-1.8937684,-1.8684521,0.24905407,-0.57095969,-0.7822898,0
-4.5466242,-0.25434369,0.024888515,-0.96331626,-0.2294195,-0.13924313,0
-4.7520332,0.033957601,0.9201827,-0.96331626,-0.2294195,-0.13924313,0
-0.18116212,1.4813145,1.0293456,-0.099970311,0.78827155,-0.60715246,0
3.306488,2.285728,2.4531677,-0.24905407,0.57095969,0.7822898,0
2.3520312,-0.32568234,-1.4776585,-0.099970311,0.78827155,-0.60715246,0
-3.4306276,-1.8940728,-0.98095298,0.099970311,-0.78827155,0.60715246,0
-1.7648568,-1.2600842,-2.2593501,-0.099970311,0.78827155,-0.60715246,0
2.3769443,-0.63603592,-2.0731525,0.24905407,-0.57095969,-0.7822898,0
0.0098776817,-1.5251859,-1.2873627,0.099970311,-0.78827155,0.60715246,0
3.525938,1.5422359,0.57832265,-0.099970311,0.78827155,-0.60715246,0
-1.9236007,-2.0696375,-2.4036205,0.24905407,-0.57095969,-0.7822898,0
-4.6501598,0.72442865,1.2269511,-0.24905407,0.57095969,0.7822898,0
-1.5638168,-0.29102135,0.8006407,0.099970311,-0.78827155,0.60715246,0
-0.46132338,1.3012618,1.0437553,-0.099970311,0.78827155,-0.60715246,0
-2.97995,0.40949363,0.1558969,-0.099970311,0.78827155,-0.60715246,0
-2.3967738,-1.3581095,-0.55578279,0.099970311,-0.78827155,0.60715246,0
-4.7914929,0.051723361,0.90058136,-0.96331626,-0.2294195,-0.13924313,0
-1.325094,-2.0679975,-1.703781,0.099970311,-0.78827155,0.60715246,0
4.4626603,0.67226237,0.6607163,0.96331626,0.2294195,0.13924313,0
-0.14749438,-0.81931102,-0.15773413,0.099970311,-0.78827155,0.60715246,0
-3.1114819,0.58569294,1.7839584,-0.24905407,0.57095969,0.7822898,0
4.1790447,1.111389,1.0159028,0.96331626,0.2294195,0.13924313,0
-3.2392776,0.62738818,1.6207974,-0.24905407,0.57095969,0.7822898,0
-3.5938251,-2.8092675,-2.171098,-0.96331626,-0.2294195,-0.13924313,0
-1.4514365,-0.14908695,-0.90751171,-0.099970311,0.78827155,-0.60715246,0
3.2474499,0.85517073,-0.099763155,-0.099970311,0.78827155,-0.60715246,0
1.5135587,1.3371799,0.81793886,-0.099970311,0.78827155,-0.60715246,0
-1.9828138,1.1545336,0.84049368,-0.099970311,0.78827155,-0.60715246,0
4.9352798,-0.20744503,-1.5043154,0.24905407,-0.57095969,-0.7822898,0
-2.1073024,1.2192855,1.6788158,-0.24905407,0.57095969,0.7822898,0
2.7589555,2.1556206,1.4230385,-0.099970311,0.78827155,-0.60715246,0
0.74638128,-1.2682755,-2.0619724,0.24905407,-0.57095969,-0.7822898,0
-1.5439903,-0.52964813,0.3891654,0.099970311,-0.78827155,0.60715246,0
-4.938962,0.086762905,1.0241418,-0.96331626,-0.2294195,-0.13924313,0
4.2393961,1.6065564,1.0588813,0.96331626,0.2294195,0.13924313,0
2.1756549,1.702757,2.6938443,0.099970311,-0.78827155,0.60715246,0
4.5917253,0.37806427,-0.58570385,0.96331626,0.2294195,0.13924313,0
4.0875387,1.3861938,1.3548744,0.96331626,0.2294195,0.13924313,0
-3.0618973,-0.56548059,-0.97022963,-0.099970311,0.78827155,-0.60715246,0
-2.9880643,-2.7213187,-2.1899743,0.099970311,-0.78827155,0.60715246,0
-4.3790202,-0.65154052,-0.32854557,-0.96331626,-0.2294195,-0.13924313,0
4.7354665,0.4493587,-0.77487135,0.96331626,0.2294195,0.13924313,0
0.17620981,-0.72243178,-1.905383,-0.099970311,0.78827155,-0.60715246,0
4.3785033,0.7790519,1.0470026,0.96331626,0.2294195,0.13924313,0
1.2132488,1.7771238,2.2170491,-0.24905407,0.57095969,0.7822898,0
4.7339811,-0.14055037,-0.35050058,0.96331626,0.2294195,0.13924313,0
-4.4545994,-0.99621522,-0.5696311,-0.96331626,-0.2294195,-0.13924313,0
-3.5247359,-0.10776052,-0.22537184,-0.099970311,0.78827155,-0.60715246,0
2.5252695,0.42061123,0.87306964,0.099970311,-0.78827155,0.60715246,0
3.2468107,-0.78065383,-1.6491349,0.24905407,-0.57095969,-0.7822898,0
4.587719,0.13486058,-0.14962387,0.96331626,0.2294195,0.13924313,0
-3.8979263,-2.0170317,-1.7456772,-0.96331626,-0.2294195,-0.13924313,0
-2.1689768,1.3368599,1.5533097,-0.24905407,0.57095969,0.7822898,0
2.3465221,2.265187,2.3316643,-0.24905407,0.57095969,0.7822898,0
-0.2841444,0.6556865,1.5915422,0.099970311,-0.78827155,0.60715246,0
-4.52317,-0.42973703,-0.045550346,-0.96331626,-0.2294195,-0.13924313,0
4.9110155,-0.66298193,-1.040906,0.96331626,0.2294195,0.13924313,0
3.820611,2.4687796,2.3308439,0.96331626,0.2294195,0.13924313,0
-1.9577241,-0.24150772,-0.94734454,-0.099970311,0.78827155,-0.60715246,0
-0.65179658,-1.3834412,-2.3028014,0.24905407,-0.57095969,-0.7822898,0
-4.0640945,-1.5426108,-1.9383461,-0.96331626,-0.2294195,-0.13924313,0
-0.62840199,-2.0752404,-2.0052295,0.24905407,-0.57095969,-0.7822898,0
2.697583,0.41940936,0.96643269,0.099970311,-0.78827155,0.60715246,0
3.3827109,-0.30461407,-1.8587775,0.24905407,-0.57095969,-0.7822898,0
4.3525195,0.88172287,1.1862974,0.96331626,0.2294195,0.13924313,0
-4.2905283,-0.9319011,-1.1559789,-0.96331626,-0.2294195,-0.13924313,0
-1.6202668,-2.1958115,-1.9142762,0.099970311,-0.78827155,0.60715246,0
1.7964573,-0.96212494,-1.93208,0.24905407,-0.57095969,-0.7822898,0
-1.4203758,-1.973145,-1.4171255,0.099970311,-0.78827155,0.60715246,0
-4.267355,0.20659232,1.6988244,-0.24905407,0.57095969,0.7822898,0
3.8303347,1.2504363,0.21615767,-0.099970311,0.78827155,-0.60715246,0
3.5088153,-0.13565683,-1.4460349,-0.099970311,0.78827155,-0.60715246,0
-3.5807691,-0.36027554,-0.53703117,-0.099970311,0.78827155,-0.60715246,0
4.0012193,1.6505153,2.2225206,0.96331626,0.2294195,0.13924313,0
0.61472368,2.1029434,1.968966,-0.24905407,0.57095969,0.7822898,0
0.47974467,2.0209358,1.672065,-0.099970311,0.78827155,-0.60715246,0
-0.66111195,-1.5678335,-1.1769023,0.099970311,-0.78827155,0.60715246,0
2.1883888,2.1208603,2.2182527,-0.24905407,0.57095969,0.7822898,0
1.4494143,0.23643059,-0.69167519,-0.099970311,0.78827155,-0.60715246,0
4.3227282,1.3835459,0.64595532,0.96331626,0.2294195,0.13924313,0
2.1927111,2.3818629,1.8450269,-0.099970311,0.78827155,-0.60715246,0
-1.7260282,1.1616266,1.8199596,-0.24905407,0.57095969,0.7822898,0
-4.3672667,-0.80176818,-1.0094888,-0.96331626,-0.2294195,-0.13924313,0
-4.0886507,-1.7134024,-1.3946795,-0.96331626,-0.2294195,-0.13924313,0
-4.4113011,-1.160145,0.0042586327,-0.96331626,-0.2294195,-0.13924313,0
-0.59111094,-1.4535301,-2.3918939,0.24905407,-0.57095969,-0.7822898,0
-3.9351287,-1.6886708,-1.9915557,-0.96331626,-0.2294195,-0.13924313,0
-2.0842907,-2.137536,-2.2948303,0.24905407,-0.57095969,-0.7822898,0
4.5113339,-0.80175257,-1.1649432,0.24905407,-0.57095969,-0.7822898,0
-4.0394764,-1.8769763,-1.46422,-0.96331626,-0.2294195,-0.13924313,0
-0.46050704,-0.66367346,-1.6366408,-0.099970311,0.78827155,-0.60715246,0
3.9018986,1.8932784,1.9569292,0.96331626,0.2294195,0.13924313,0
4.4983325,-0.81090403,-0.95120287,0.099970311,-0.78827155,0.60715246,0
-3.3113244,-2.3101676,-2.442765,0.24905407,-0.57095969,-0.7822898,0
3.7600188,2.2446232,1.8968475,0.96331626,0.2294195,0.13924313,0
-1.9744492,-2.4355779,-2.0650256,0.24905407,-0.57095969,-0.7822898,0
3.7974026,2.0996451,1.941293,0.96331626,0.2294195,0.13924313,0
-3.581769,-0.46775448,-0.71753478,-0.099970311,0.78827155,-0.60715246,0
-4.9771633,0.40713,0.75037241,-0.96331626,-0.2294195,-0.13924313,0
-4.7438574,-0.27414644,1.0554357,-0.96331626,-0.2294195,-0.13924313,0
-0.45760489,1.3293267,2.037704,-0.24905407,0.57095969,0.7822898,0
3.6126926,1.4026273,1.9387927,0.099970311,-0.78827155,0.60715246,0
3.1652896,-1.1197172,-1.3645949,0.24905407,-0.57095969,-0.7822898,0
1.0844963,-1.2691753,-1.9919009,0.24905407,-0.57095969,-0.7822898,0
-1.3750765,-0.62842071,-1.4381125,-0.099970311,0.78827155,-0.60715246,0
-4.4340305,-0.85336632,-0.43288946,-0.96331626,-0.2294195,-0.13924313,0
3.8384848,2.3052571,1.6972082,0.96331626,0.2294195,0.13924313,0
4.1395454,1.7920812,1.0163751,0.96331626,0.2294195,0.13924313,0
-3.1063075,-0.78448284,-1.2994194,-0.099970311,0.78827155,-0.60715246,0
3.8956728,1.6851549,2.1684585,0.96331626,0.2294195,0.13924313,0
-4.4824872,-0.80598581,0.27283907,-0.96331626,-0.2294195,-0.13924313,0
0.55665171,-0.40155232,-1.4363273,-0.099970311,0.78827155,-0.60715246,0
-1.3869474,1.6214513,1.5764697,-0.24905407,0.57095969,0.7822898,0
4.6499848,-0.48939812,-1.3961072,0.24905407,-0.57095969,-0.7822898,0
-1.4883194,1.5317544,1.3246708,-0.099970311,0.78827155,-0.60715246,0
-3.1990337,-2.2777712,-2.5235076,0.24905407,-0.57095969,-0.7822898,0
4.0049601,2.0247724,1.5179915,0.96331626,0.2294195,0.13924313,0
2.3119187,-0.18685484,-1.3979747,-0.099970311,0.78827155,-0.60715246,0
3.8703866,2.1100402,2.0812531,0.96331626,0.2294195,0.13924313,0
0.2981205,-1.1898494,-2.2327671,0.24905407,-0.57095969,-0.7822898,0
-4.368485,-0.45615718,-0.69615126,-0.96331626,-0.2294195,-0.13924313,0
1.1890017,1.8953146,2.0743694,-0.24905407,0.57095969,0.7822898,0
0.56014132,1.4374741,1.0410961,-0.099970311,0.78827155,-0.60715246,0
-3.773129,0.68640071,1.396034,-0.24905407,0.57095969,0.7822898,0
-1.1985133,0.8469618,2.0918634,-0.24905407,0.57095969,0.7822898,0
-4.102932,-1.479744,-1.0267422,-0.96331626,-0.2294195,-0.13924313,0
-2.7316895,1.2512212,1.4190755,-0.24905407,0.57095969,0.7822898,0
3.7038932,2.3986738,2.1387191,0.96331626,0.2294195,0.13924313,0
-1.105166,0.72357285,1.7987058,0.099970311,-0.78827155,0.60715246,0
4.1290016,1.7232032,1.3326509,0.96331626,0.2294195,0.13924313,0
-3.1772375,-0.088592753,-0.43523645,-0.099970311,0.78827155,-0.60715246,0
1.5169976,-1.0325998,-1.8995171,0.24905407,-0.57095969,-0.7822898,0
2.5077529,-1.2029419,-1.5083447,0.24905407,-0.57095969,-0.7822898,0
-4.8397303,0.5249657,1.1582217,-0.24905407,0.57095969,0.7822898,0
2.0117078,0.93318081,1.7385806,0.099970311,-0.78827155,0.60715246,0
-3.3569946,-0.90433228,0.11066318,0.099970311,-0.78827155,0.60715246,0
3.3730235,-0.89692092,-1.4241619,0.24905407,-0.57095969,-0.7822898,0
-1.0246482,-0.12153631,0.73824406,0.099970311,-0.78827155,0.60715246,0
-3.5652609,0.36961043,1.7410638,-0.24905407,0.57095969,0.7822898,0
-1.0714725,-1.7578235,-2.3436961,0.24905407,-0.57095969,-0.7822898,0
0.42905855,-1.304739,-2.0274405,0.24905407,-0.57095969,-0.7822898,0
-0.25710392,-1.4224629,-2.3205628,0.24905407,-0.57095969,-0.7822898,0
-3.9964645,-1.7021449,-1.5870745,-0.96331626,-0.2294195,-0.13924313,0
-4.6508126,-0.31496215,0.2512269,-0.96331626,-0.2294195,-0.13924313,0
2.162729,-0.96562052,-1.6835074,0.24905407,-0.57095969,-0.7822898,0
4.4911704,0.78029466,-0.59015989,0.96331626,0.2294195,0.13924313,0
-1.6860527,-1.9746795,-2.3078573,0.24905407,-0.57095969,-0.7822898,0
-2.2402129,1.124805,1.7231952,-0.24905407,0.57095969,0.7822898,0
4.2370892,1.2562416,1.0489333,0.96331626,0.2294195,0.13924313,0
-3.5316055,-2.3640814,-2.7097483,0.24905407,-0.57095969,-0.7822898,0
4.7968512,-0.017676294,-0.1588068,0.96331626,0.2294195,0.13924313,0
-0.025757551,-1.6478524,-2.1044726,0.24905407,-0.57095969,-0.7822898,0
4.4947467,0.51643062,-0.23452044,0.96331626,0.2294195,0.13924313,0
4.3441358,0.87259841,0.65406489,0.96331626,0.2294195,0.13924313,0
3.9243689,1.6014795,2.0013056,0.96331626,0.2294195,0.13924313,0
-1.1713377,-0.49504513,0.29838395,0.099970311,-0.78827155,0.60715246,0
0.9069252,-1.0419912,-2.2135644,0.24905407,-0.57095969,-0.7822898,0
2.7293355,2.3315291,2.440346,-0.24905407,0.57095969,0.7822898,0
-3.6842341,-2.3349509,-2.5050564,-0.96331626,-0.2294195,-0.13924313,0
1.7747037,-0.79246247,-2.0034037,0.24905407,-0.57095969,-0.7822898,0
-4.2727962,-0.97780335,-1.4305921,-0.96331626,-0.2294195,-0.13924313,0
-0.048699856,-1.1478665,-2.33757,0.24905407,-0.57095969,-0.7822898,0
-4.8506403,0.32767737,1.3099914,-0.24905407,0.57095969,0.7822898,0
2.224653,2.241852,2.2469165,-0.24905407,0.57095969,0.7822898,0
3.9953208,1.5351181,1.6270659,0.96331626,0.2294195,0.13924313,0
4.723609,0.25748754,-0.42705584,0.96331626,0.2294195,0.13924313,0
1.7062025,1.9782395,2.2040029,-0.24905407,0.57095969,0.7822898,0
4.5797024,0.64995992,0.27847576,0.96331626,0.2294195,0.13924313,0
-2.2214189,-0.20344885,-0.58438528,-0.099970311,0.78827155,-0.60715246,0
2.7281504,-0.70310706,-0.68433285,0.099970311,-0.78827155,0.60715246,0
-4.1975956,-1.1798596,-0.87420297,-0.96331626,-0.2294195,-0.13924313,0
4.2081623,1.3872457,0.91279554,0.96331626,0.2294195,0.13924313,0
3.1429698,1.2237512,0.18239379,-0.099970311,0.78827155,-0.60715246,0
3.9053521,1.971601,2.4357691,0.96331626,0.2294195,0.13924313,0
-4.0219722,-1.7044982,-0.97579336,-0.96331626,-0.2294195,-0.13924313,0
-1.1706643,0.95217466,2.0617349,-0.24905407,0.57095969,0.7822898,0
3.2350583,1.0019673,-0.10393524,-0.099970311,0.78827155,-0.60715246,0
-2.9260204,-2.1432209,-2.4946764,0.24905407,-0.57095969,-0.7822898,0
-1.7624488,-0.075148523,-0.70362723,-0.099970311,0.78827155,-0.60715246,0
4.3186593,0.34392631,-0.98323536,-0.099970311,0.78827155,-0.60715246,0
4.1746902,0.98561764,1.4704792,0.96331626,0.2294195,0.13924313,0
1.1727813,1.2902716,2.2559392,0.099970311,-0.78827155,0.60715246,0
4.5593452,0.52370775,-0.45932865,0.96331626,0.2294195,0.13924313,0
4.8914809,-0.076243997,-0.7207818,0.96331626,0.2294195,0.13924313,0
3.981214,2.2673912,1.6889272,0.96331626,0.2294195,0.13924313,0
1.357978,-1.1059861,-0.9094162,0.099970311,-0.78827155,0.60715246,0
4.1968613,1.4744279,1.2769868,0.96331626,0.2294195,0.13924313,0
-3.4424784,-2.6529362,-2.3311384,0.24905407,-0.57095969,-0.7822898,0
-2.2562089,-2.3140311,-1.7387161,0.099970311,-0.78827155,0.60715246,0
-3.891572,0.22376513,1.6553006,0.099970311,-0.78827155,0.60715246,0
4.3570805,0.58923137,0.59075379,0.96331626,0.2294195,0.13924313,0
2.5739985,-0.12791145,-1.4730232,-0.099970311,0.78827155,-0.60715246,0
-0.49743083,0.56727058,-0.12134036,-0.099970311,0.78827155,-0.60715246,0
-2.5145638,1.2901436,1.2694511,-0.099970311,0.78827155,-0.60715246,0
3.24914,2.7326186,2.2552114,-0.24905407,0.57095969,0.7822898,0
1.5067747,-0.92298794,-1.9162192,0.24905407,-0.57095969,-0.7822898,0
-1.314642,1.6672076,1.6402544,-0.24905407,0.57095969,0.7822898,0
-2.4943438,1.3799987,1.5118041,-0.24905407,0.57095969,0.7822898,0
-0.065241694,-1.5694559,-1.2636631,0.099970311,-0.78827155,0.60715246,0
4.0505228,1.4951136,1.9630623,0.96331626,0.2294195,0.13924313,0
2.744267,0.36673293,0.8635869,0.099970311,-0.78827155,0.60715246,0
-0.70529151,-1.7811582,-2.0310752,0.24905407,-0.57095969,-0.7822898,0
1.5200219,1.5829718,2.6221738,-0.24905407,0.57095969,0.7822898,0
4.6707029,0.093163371,-1.4830341,-0.099970311,0.78827155,-0.60715246,0
-2.9875917,-2.5413053,-2.2590945,0.24905407,-0.57095969,-0.7822898,0
3.9051523,2.1256199,1.437583,-0.099970311,0.78827155,-0.60715246,0
-4.1979136,-1.0816455,-1.3731799,-0.96331626,-0.2294195,-0.13924313,0
-0.33562016,0.49876261,1.5879331,0.099970311,-0.78827155,0.60715246,0
-3.6674826,-2.3585391,-2.5064311,-0.96331626,-0.2294195,-0.13924313,0
-4.315825,-1.408911,-0.82242966,-0.96331626,-0.2294195,-0.13924313,0
2.1291194,2.2944887,2.2242563,-0.24905407,0.57095969,0.7822898,0
-4.5445886,-0.39160717,-0.47101164,-0.96331626,-0.2294195,-0.13924313,0
-2.9700148,-1.2485775,-0.34074569,0.099970311,-0.78827155,0.60715246,0
3.5371723,-0.60978127,-1.7045498,0.24905407,-0.57095969,-0.7822898,0
-3.5958939,-1.9980583,-2.7957873,0.24905407,-0.57095969,-0.7822898,0
-1.4319577,1.1766381,0.92069399,-0.099970311,0.78827155,-0.60715246,0
4.2365241,1.3479316,0.9028194,0.96331626,0.2294195,0.13924313,0
-4.3821602,0.17738095,0.010988712,-0.099970311,0.78827155,-0.60715246,0
0.6507374,1.4843404,2.3656726,-0.24905407,0.57095969,0.7822898,0
4.8485928,0.011149764,-0.6196456,0.96331626,0.2294195,0.13924313,0
1.9281423,1.2502977,2.1451466,0.099970311,-0.78827155,0.60715246,0
-4.8822517,0.13863277,1.4898281,-0.96331626,-0.2294195,-0.13924313,0
0.11009979,-1.4724083,-2.0980296,0.24905407,-0.57095969,-0.7822898,0
-0.65995431,1.5286075,1.8785388,-0.24905407,0.57095969,0.7822898,0
-3.9364457,-1.9639413,-1.4552183,-0.96331626,-0.2294195,-0.13924313,0
0.61701787,1.3473065,2.4270902,-0.24905407,0.57095969,0.7822898,0
-3.4737694,1.0616429,1.3385618,-0.24905407,0.57095969,0.7822898,0
-3.3770123,-0.53530997,-0.82316208,-0.099970311,0.78827155,-0.60715246,0
2.3806107,2.027513,1.3669864,-0.099970311,0.78827155,-0.60715246,0
-3.606159,-2.4647665,-2.6342096,0.24905407,-0.57095969,-0.7822898,0
-0.96868587,1.590503,1.7442112,-0.24905407,0.57095969,0.7822898,0
4.2581553,1.2843201,0.68184114,0.96331626,0.2294195,0.13924313,0
4.5633078,0.48519719,0.45142794,0.96331626,0.2294195,0.13924313,0
1.9673998,-1.0232595,-1.9224045,0.24905407,-0.57095969,-0.7822898,0
0.2205172,-0.10146213,0.73004091,0.099970311,-0.78827155,0.60715246,0
-3.2043726,-2.3641293,-2.38556,0.24905407,-0.57095969,-0.7822898,0
-2.1989348,0.52215236,2.0004315,0.099970311,-0.78827155,0.60715246,0
-4.3074374,-1.0453348,-0.19602203,-0.96331626,-0.2294195,-0.13924313,0
-0.95967591,-1.9140633,-2.129446,0.24905407,-0.57095969,-0.7822898,0
-3.6458795,-0.96215212,0.16778874,0.099970311,-0.78827155,0.60715246,0
-0.81201243,0.71461248,1.9932933,0.099970311,-0.78827155,0.60715246,0
3.8107147,2.1898942,2.4553103,0.96331626,0.2294195,0.13924313,0
-3.8906002,0.74621046,1.3419356,-0.24905407,0.57095969,0.7822898,0
4.9381728,0.032560468,-1.6240668,0.96331626,0.2294195,0.13924313,0
-4.6831493,-0.013467431,0.46470022,-0.96331626,-0.2294195,-0.13924313,0
1.3154111,0.99239743,0.24099147,-0.099970311,0.78827155,-0.60715246,0
-0.12148833,-1.4628935,-1.1774511,0.099970311,-0.78827155,0.60715246,0
4.2729464,1.2954783,0.62532306,0.96331626,0.2294195,0.13924313,0
3.895927,2.2521775,2.2495923,0.96331626,0.2294195,0.13924313,0
2.2143397,0.42721486,-0.67750573,-0.099970311,0.78827155,-0.60715246,0
-2.9056754,-2.0855081,-2.6874285,0.24905407,-0.57095969,-0.7822898,0
-4.2464094,-1.149229,-0.54389071,-0.96331626,-0.2294195,-0.13924313,0
-1.6431582,1.1989542,1.7100129,-0.24905407,0.57095969,0.7822898,0
-3.8988857,-0.53164387,-0.94881558,-0.099970311,0.78827155,-0.60715246,0
2.6390512,-1.0832567,-1.4831626,0.24905407,-0.57095969,-0.7822898,0
-1.9639772,0.56942421,1.7522557,0.099970311,-0.78827155,0.60715246,0
4.016355,1.8145521,1.5713336,0.96331626,0.2294195,0.13924313,0
3.2529969,1.1299659,1.8874469,0.099970311,-0.78827155,0.60715246,0
-3.3099706,-0.26779115,-0.5504427,-0.099970311,0.78827155,-0.60715246,0
-3.6664088,0.47151282,0.43591619,-0.099970311,0.78827155,-0.60715246,0
-4.8873491,0.29323232,1.1776028,-0.96331626,-0.2294195,-0.13924313,0
-1.0577365,-1.0126573,-0.46595097,0.099970311,-0.78827155,0.60715246,0
4.3237576,0.97538686,1.268786,0.96331626,0.2294195,0.13924313,0
-1.6111865,0.99294406,1.8656009,-0.24905407,0.57095969,0.7822898,0
3.9972231,0.060747564,0.29506683,0.099970311,-0.78827155,0.60715246,0
0.6967808,-0.80523133,-1.8830562,-0.099970311,0.78827155,-0.60715246,0
-2.3454573,-0.43664151,-1.0571204,-0.099970311,0.78827155,-0.60715246,0
2.7707138,2.1312046,1.3814368,-0.099970311,0.78827155,-0.60715246,0
-3.5030069,-1.4484499,-2.1856918,-0.099970311,0.78827155,-0.60715246,0
-3.1244757,-0.06813705,1.256474,0.099970311,-0.78827155,0.60715246,0
2.9123056,2.0117764,2.5782845,-0.24905407,0.57095969,0.7822898,0
-4.8888359,0.41450858,0.72837591,-0.96331626,-0.2294195,-0.13924313,0
-2.3940978,0.090961158,-0.33480167,-0.099970311,0.78827155,-0.60715246,0
-3.7782497,-2.1223083,-2.0665419,-0.96331626,-0.2294195,-0.13924313,0
2.5630329,0.63467467,-0.42773485,-0.099970311,0.78827155,-0.60715246,0
-3.3186469,-1.3959239,-2.1330543,-0.099970311,0.78827155,-0.60715246,0
4.3442888,0.81283009,0.45270014,0.96331626,0.2294195,0.13924313,0
2.3895264,-0.43616396,-0.03842783,0.099970311,-0.78827155,0.60715246,0
-2.455641,0.79703009,1.7442372,-0.24905407,0.57095969,0.7822898,0
4.5132751,0.375036,0.18973589,0.96331626,0.2294195,0.13924313,0
-0.87834477,1.7092404,1.6061224,-0.24905407,0.57095969,0.7822898,0
-1.3030123,-2.2567255,-1.9033792,0.099970311,-0.78827155,0.60715246,0
-0.84725368,-1.0995777,-0.47137675,0.099970311,-0.78827155,0.60715246,0
2.2973657,2.5896928,2.1048758,-0.24905407,0.57095969,0.7822898,0
2.5578656,-0.52309471,-0.39479041,0.099970311,-0.78827155,0.60715246,0
-4.1399808,-1.1329501,-1.5398278,-0.96331626,-0.2294195,-0.13924313,0
1.0443995,1.8767292,2.2683952,-0.24905407,0.57095969,0.7822898,0
0.38066429,0.026551723,-0.79716665,-0.099970311,0.78827155,-0.60715246,0
-3.9820325,-1.7632589,-2.2778978,-0.96331626,-0.2294195,-0.13924313,0
0.25368333,-0.62262416,-1.7795011,-0.099970311,0.78827155,-0.60715246,0
3.885468,0.63472283,0.95339799,0.099970311,-0.78827155,0.60715246,0
3.563766,1.8298272,2.7476916,0.099970311,-0.78827155,0.60715246,0
3.8690796,2.4799814,1.9115005,0.96331626,0.2294195,0.13924313,0
4.6628318,-0.5931074,-1.2218285,0.24905407,-0.57095969,-0.7822898,0
-4.9994359,0.61128759,0.80480623,-0.96331626,-0.2294195,-0.13924313,0
-3.9431801,-2.2959504,-1.9165521,-0.96331626,-0.2294195,-0.13924313,0
-3.7432265,-1.8612089,-2.735605,-0.96331626,-0.2294195,-0.13924313,0
2.912113,0.19092333,-0.91172862,-0.099970311,0.78827155,-0.60715246,0
2.1797168,1.9715149,2.3656306,-0.24905407,0.57095969,0.7822898,0
4.6552877,0.014016211,-0.027159691,0.96331626,0.2294195,0.13924313,0
-0.0011330843,0.35089707,1.3509184,0.099970311,-0.78827155,0.60715246,0
4.6147771,0.41036105,-0.45996475,0.96331626,0.2294195,0.13924313,0
0.48998415,1.1859064,2.2331374,0.099970311,-0.78827155,0.60715246,0
-4.4350891,-0.63418531,-0.54315567,-0.96331626,-0.2294195,-0.13924313,0
3.4039483,-1.0350374,-1.3742199,0.24905407,-0.57095969,-0.7822898,0
-2.7442956,1.2272623,1.3971062,-0.24905407,0.57095969,0.7822898,0
-4.8098931,0.37569976,0.89998865,-0.96331626,-0.2294195,-0.13924313,0
2.5551896,1.2056608,1.9770833,0.099970311,-0.78827155,0.60715246,0
2.7807934,-0.78741294,-1.6837654,0.24905407,-0.57095969,-0.7822898,0
-4.3148937,-1.1963625,-1.1549778,-0.96331626,-0.2294195,-0.13924313,0
-4.549262,0.43921995,1.5074196,-0.24905407,0.57095969,0.7822898,0
-4.5574789,-0.63044655,0.66968012,-0.96331626,-0.2294195,-0.13924313,0
0.043919086,2.0340176,1.7777028,-0.24905407,0.57095969,0.7822898,0
-1.3634696,1.2551804,1.8837011,-0.24905407,0.57095969,0.7822898,0
1.9537677,0.044582233,0.57798743,0.099970311,-0.78827155,0.60715246,0
-1.4979841,-1.7002702,-2.439712,0.24905407,-0.57095969,-0.7822898,0
4.0901899,1.9513733,1.2415416,0.96331626,0.2294195,0.13924313,0
4.3661337,0.98140526,1.0948434,0.96331626,0.2294195,0.13924313,0
0.38634658,-1.4667412,-1.0431334,0.099970311,-0.78827155,0.60715246,0
3.8324502,2.4945855,2.1373925,0.96331626,0.2294195,0.13924313,0
3.5991101,1.1354399,1.6008949,0.099970311,-0.78827155,0.60715246,0
0.083689213,1.5580196,2.1043437,-0.24905407,0.57095969,0.7822898,0
-3.9736362,-2.2949591,-1.6281304,-0.96331626,-0.2294195,-0.13924313,0
3.8047509,2.2137911,1.716157,0.96331626,0.2294195,0.13924313,0
-4.6165247,-0.70942593,0.5036459,-0.96331626,-0.2294195,-0.13924313,0
-4.7289085,-0.15224183,1.2604671,0.099970311,-0.78827155,0.60715246,0
3.7326522,-0.62341827,-1.4627306,0.24905407,-0.57095969,-0.7822898,0
-4.4937959,-0.69133794,-0.78162956,-0.96331626,-0.2294195,-0.13924313,0
2.5009601,1.7853792,2.6402366,-0.24905407,0.57095969,0.7822898,0
1.0235012,2.1426971,1.837147,-0.099970311,0.78827155,-0.60715246,0
1.7272985,-0.39079648,-1.6131827,-0.099970311,0.78827155,-0.60715246,0
-2.4048665,-0.11495042,1.1103299,0.099970311,-0.78827155,0.60715246,0
3.1379933,1.1189743,1.8296732,0.099970311,-0.78827155,0.60715246,0
3.9304614,1.7978083,1.6739397,0.96331626,0.2294195,0.13924313,0
-2.3782516,-2.189811,-2.4316134,0.24905407,-0.57095969,-0.7822898,0
2.8046761,2.3220994,2.4117894,-0.24905407,0.57095969,0.7822898,0
-3.7419262,-2.0971279,-2.5469337,-0.96331626,-0.2294195,-0.13924313,0
-0.28442788,1.6999422,1.9443471,-0.24905407,0.57095969,0.7822898,0
-4.7196894,0.19293034,1.4336658,-0.24905407,0.57095969,0.7822898,0
3.8944004,1.9995421,1.8993733,0.96331626,0.2294195,0.13924313,0
3.7270541,1.9894754,2.5647087,0.96331626,0.2294195,0.13924313,0
-3.0479355,-2.514756,-2.3026085,0.24905407,-0.57095969,-0.7822898,0
4.5301275,0.68860865,-0.40982294,0.96331626,0.2294195,0.13924313,0
-4.4262834,-0.64429086,-0.73157454,-0.96331626,-0.2294195,-0.13924313,0
-2.6554551,0.83671153,1.8461339,-0.24905407,0.57095969,0.7822898,0
-2.5844862,1.16114,1.4348006,-0.24905407,0.57095969,0.7822898,0
1.6976745,-1.3418945,-1.7446448,0.24905407,-0.57095969,-0.7822898,0
-4.6634507,-0.23934388,0.06905508,-0.96331626,-0.2294195,-0.13924313,0
3.8446422,1.9653008,2.3844192,0.96331626,0.2294195,0.13924313,0
-1.9636149,-2.0361836,-2.3460186,0.24905407,-0.57095969,-0.7822898,0
4.1774397,1.4819086,1.4551136,0.96331626,0.2294195,0.13924313,0
-0.2652595,1.9377474,1.6821797,-0.24905407,0.57095969,0.7822898,0
4.5062151,0.46055824,0.0330019,0.96331626,0.2294195,0.13924313,0
-4.1847,-1.232149,-1.6310899,-0.96331626,-0.2294195,-0.13924313,0
2.8908033,-0.57483655,-0.33394837,0.099970311,-0.78827155,0.60715246,0
3.0840976,2.3209774,2.4361122,-0.24905407,0.57095969,0.7822898,0
3.0386651,-0.72731316,-1.6496434,0.24905407,-0.57095969,-0.7822898,0
-0.74250841,-1.7358154,-1.211303,0.099970311,-0.78827155,0.60715246,0
-1.8147206,-0.1041801,0.99619448,0.099970311,-0.78827155,0.60715246,0
-4.6883011,-0.34346032,0.41544342,-0.96331626,-0.2294195,-0.13924313,0
1.7102946,2.268312,1.7584924,-0.099970311,0.78827155,-0.60715246,0
0.79895455,0.32832295,-0.66441953,-0.099970311,0.78827155,-0.60715246,0
-0.51417351,1.3358731,2.1144736,-0.24905407,0.57095969,0.7822898,0
-3.5091782,-1.6981788,-2.4015889,-0.099970311,0.78827155,-0.60715246,0
-0.8838414,-1.7497129,-2.3127725,0.24905407,-0.57095969,-0.7822898,0
-4.7984581,0.13838947,0.94406939,-0.96331626,-0.2294195,-0.13924313,0
-2.9167907,-1.9596422,-2.5669112,0.24905407,-0.57095969,-0.7822898,0
3.4567828,-1.017926,-1.2589953,0.24905407,-0.57095969,-0.7822898,0
1.0215712,1.9330176,2.0376403,-0.24905407,0.57095969,0.7822898,0
-4.6280675,-0.38560236,0.90723419,-0.96331626,-0.2294195,-0.13924313,0
3.0718672,-0.42092794,-0.25432849,0.099970311,-0.78827155,0.60715246,0
2.1013613,-1.3510599,-1.4427992,0.24905407,-0.57095969,-0.7822898,0
-3.313941,-1.9802364,-2.7034824,0.24905407,-0.57095969,-0.7822898,0
-3.944874,-2.2450266,-1.5040009,-0.96331626,-0.2294195,-0.13924313,0
4.5876036,0.44465256,-0.69312477,0.96331626,0.2294195,0.13924313,0
3.8338852,2.4467285,2.226027,0.96331626,0.2294195,0.13924313,0
2.0193996,-1.414647,-1.6002883,0.24905407,-0.57095969,-0.7822898,0
0.88623893,1.5338311,2.3383558,-0.24905407,0.57095969,0.7822898,0
4.2074652,-0.57856452,-0.68651199,0.099970311,-0.78827155,0.60715246,0
0.20022321,1.4536748,2.2328801,-0.24905407,0.57095969,0.7822898,0
4.6655197,0.27708352,0.16011,0.96331626,0.2294195,0.13924313,0
2.4334617,-1.2170798,-1.4977033,0.24905407,-0.57095969,-0.7822898,0
4.4339895,1.1133014,0.28210974,0.96331626,0.2294195,0.13924313,0
3.528933,1.6802783,2.5750837,0.099970311,-0.78827155,0.60715246,0
-3.1786764,-2.1649253,-2.660166,0.24905407,-0.57095969,-0.7822898,0
4.1099701,1.6777837,1.6920669,0.96331626,0.2294195,0.13924313,0
3.9121518,2.0097296,2.4377155,0.96331626,0.2294195,0.13924313,0
-2.1843884,0.39317772,0.031402111,-0.099970311,0.78827155,-0.60715246,0
-4.4430923,0.74571234,0.83618259,-0.099970311,0.78827155,-0.60715246,0
-3.9468172,-1.9160483,-1.9926155,-0.96331626,-0.2294195,-0.13924313,0
-3.3753414,0.52067733,0.56957293,-0.099970311,0.78827155,-0.60715246,0
4.8995275,-0.050763726,-1.5053396,0.24905407,-0.57095969,-0.7822898,0
-4.9727216,0.69164991,1.1753697,-0.96331626,-0.2294195,-0.13924313,0
1.7065632,-1.2159555,-1.839612,0.24905407,-0.57095969,-0.7822898,0
-3.7310681,-2.1263771,-2.7167325,-0.96331626,-0.2294195,-0.13924313,0
0.6576618,-0.59513873,-1.7624735,-0.099970311,0.78827155,-0.60715246,0
