4.772347,0.045803308,-1.5192051,0.95682067,0.1432077,-0.25295413,0
-4.3345346,0.94469571,2.2030625,0.28349847,-0.26752317,0.92090178,0
-0.73048556,1.8557854,0.74692047,-0.064209223,0.95284992,0.29657084,0
-2.2697177,-2.4087129,0.39185154,0.064209223,-0.95284992,-0.29657084,0
0.5887177,1.1730534,-0.28702959,-0.28349847,0.26752317,-0.92090178,0
-4.335844,-0.54775953,1.7741842,0.28349847,-0.26752317,0.92090178,0
-4.9237103,-0.83653712,1.0290618,-0.95682067,-0.1432077,0.25295413,0
0.64559251,0.49561441,-0.65845639,-0.28349847,0.26752317,-0.92090178,0
4.7807007,0.8899163,-0.91855288,0.95682067,0.1432077,-0.25295413,0
4.147119,-1.3738004,-1.4804883,0.064209223,-0.95284992,-0.29657084,0
-4.7771864,-2.0495424,0.77931738,-0.95682067,-0.1432077,0.25295413,0
1.5319848,1.5911254,0.51366621,0.28349847,-0.26752317,0.92090178,0
0.32152712,1.4355931,0.93700767,0.28349847,-0.26752317,0.92090178,0
-1.8517219,-1.9883499,-0.4354713,0.064209223,-0.95284992,-0.29657084,0
4.0591555,0.056805253,-0.61342478,0.28349847,-0.26752317,0.92090178,0
0.03345871,1.6834445,0.94315743,0.28349847,-0.26752317,0.92090178,0
2.413321,0.78916126,0.030191183,0.28349847,-0.26752317,0.92090178,0
-4.2261114,1.3430197,1.6411996,-0.064209223,0.95284992,0.29657084,0
-4.7812696,-1.9152657,0.28687143,-0.28349847,0.26752317,-0.92090178,0
-4.7613535,-1.4322511,0.4644351,-0.28349847,0.26752317,-0.92090178,0
3.1019857,2.5130334,-0.52854919,-0.064209223,0.95284992,0.29657084,0
-4.7156019,-2.3691635,0.86722088,-0.95682067,-0.1432077,0.25295413,0
0.11137104,1.9933337,0.38766807,-0.064209223,0.95284992,0.29657084,0
0.19893804,0.080113113,0.46051311,0.28349847,-0.26752317,0.92090178,0
-4.6967154,-1.8364953,1.22328,-0.95682067,-0.1432077,0.25295413,0
-4.7193527,-1.3126789,0.83213043,-0.95682067,-0.1432077,0.25295413,0
-4.822237,-0.34264481,0.92580748,-0.28349847,0.26752317,-0.92090178,0
1.9421382,2.1458852,-0.045098662,-0.064209223,0.95284992,0.29657084,0
4.8372145,0.21794438,-1.4871678,0.95682067,0.1432077,-0.25295413,0
4.755507,1.8319032,-0.38230181,0.95682067,0.1432077,-0.25295413,0
-1.5932631,1.0746597,0.26321578,-0.28349847,0.26752317,-0.92090178,0
4.4513464,-0.46758807,-0.94532967,0.28349847,-0.26752317,0.92090178,0
-4.8767591,-2.1375356,0.44848871,-0.95682067,-0.1432077,0.25295413,0
-0.99159527,1.6923997,0.81343293,-0.064209223,0.95284992,0.29657084,0
-3.9533746,-2.6160669,0.93798733,0.064209223,-0.95284992,-0.29657084,0
2.017556,1.6677756,0.48414397,0.28349847,-0.26752317,0.92090178,0
-0.71935326,0.89045036,-0.039457917,-0.28349847,0.26752317,-0.92090178,0
-3.4690993,-2.5548062,0.64913511,0.064209223,-0.95284992,-0.29657084,0
2.5443234,-1.4172342,-1.376229,0.064209223,-0.95284992,-0.29657084,0
4.8038983,-0.42590857,-1.8669963,0.95682067,0.1432077,-0.25295413,0
4.7117691,1.2963705,-1.0656838,0.95682067,0.1432077,-0.25295413,0
4.7651834,-0.28274989,-2.0210404,0.95682067,0.1432077,-0.25295413,0
-0.64038944,-2.0828471,-0.099070109,0.064209223,-0.95284992,-0.29657084,0
-1.0015423,0.85897595,0.038160563,-0.28349847,0.26752317,-0.92090178,0
-4.0759697,-2.7159669,0.77637458,0.064209223,-0.95284992,-0.29657084,0
0.47907627,1.8783252,-0.089315407,-0.28349847,0.26752317,-0.92090178,0
0.24497706,0.950324,0.6911025,0.28349847,-0.26752317,0.92090178,0
4.679152,-1.3132614,-1.5448303,0.064209223,-0.95284992,-0.29657084,0
3.9613583,2.6407042,-0.59876251,-0.064209223,0.95284992,0.29657084,0
-2.3737879,0.53668869,1.4907429,0.28349847,-0.26752317,0.92090178,0
-4.1643267,1.3260801,1.4632416,-0.064209223,0.95284992,0.29657084,0
1.3058265,-1.8268609,-0.81356668,0.064209223,-0.95284992,-0.29657084,0
1.3111877,-1.6514248,-1.3011259,0.064209223,-0.95284992,-0.29657084,0
-4.7387733,-2.3677216,0.69705296,-0.95682067,-0.1432077,0.25295413,0
-4.6495056,1.0925002,2.0357442,-0.064209223,0.95284992,0.29657084,0
-3.5746827,-1.155834,0.24985099,-0.28349847,0.26752317,-0.92090178,0
-4.8671846,-1.4324145,0.73225451,-0.95682067,-0.1432077,0.25295413,0
-1.418714,0.91790116,0.059280872,-0.28349847,0.26752317,-0.92090178,0
-4.5390091,-0.69227862,1.8272572,-0.95682067,-0.1432077,0.25295413,0
4.6860733,2.1930265,-0.63313246,0.95682067,0.1432077,-0.25295413,0
4.7804284,0.65869439,-1.0929623,0.95682067,0.1432077,-0.25295413,0
-0.14624786,2.0120664,0.33944672,-0.064209223,0.95284992,0.29657084,0
2.0679224,-1.7027527,-0.98251724,0.064209223,-0.95284992,-0.29657084,0
4.649075,0.77527475,-1.5179391,0.95682067,0.1432077,-0.25295413,0
-3.686202,1.5276328,1.2987299,-0.064209223,0.95284992,0.29657084,0
-4.6136074,-2.1435506,0.98529863,-0.95682067,-0.1432077,0.25295413,0
2.8623357,0.38448489,-0.30036664,0.28349847,-0.26752317,0.92090178,0
-4.6625319,-2.4524727,0.67662811,-0.95682067,-0.1432077,0.25295413,0
-4.9121346,-0.63755655,0.93002367,-0.95682067,-0.1432077,0.25295413,0
-4.7314534,0.57426119,1.8361454,-0.95682067,-0.1432077,0.25295413,0
-5.0668817,0.95963001,1.4186754,-0.95682067,-0.1432077,0.25295413,0
1.819895,0.92249674,0.18010437,0.28349847,-0.26752317,0.92090178,0
4.8320808,0.9511317,-0.73013306,0.95682067,0.1432077,-0.25295413,0
4.8206773,1.0718693,-0.87004423,0.95682067,0.1432077,-0.25295413,0
4.7434235,-0.91544819,-1.9614973,0.95682067,0.1432077,-0.25295413,0
5.0000072,-0.222579,-1.0737071,0.95682067,0.1432077,-0.25295413,0
-1.8951323,1.5326552,1.5814834,-0.064209223,0.95284992,0.29657084,0
-3.9888539,1.2806805,1.7566948,-0.064209223,0.95284992,0.29657084,0
-0.70607948,-2.0626121,-0.30639732,0.064209223,-0.95284992,-0.29657084,0
4.6810713,1.5371144,-1.3321228,0.95682067,0.1432077,-0.25295413,0
4.4604621,0.28392005,-0.77260828,0.28349847,-0.26752317,0.92090178,0
1.6155851,-1.7456472,-1.1033976,0.064209223,-0.95284992,-0.29657084,0
4.6607504,2.0468974,-1.3000717,0.95682067,0.1432077,-0.25295413,0
4.9845138,-1.0782554,-1.8742504,0.95682067,0.1432077,-0.25295413,0
1.6199995,-0.64111066,-0.14504516,0.28349847,-0.26752317,0.92090178,0
1.8574674,1.085905,-0.74078715,-0.28349847,0.26752317,-0.92090178,0
0.86049926,-1.8674294,-0.80536437,0.064209223,-0.95284992,-0.29657084,0
-4.5543337,-2.47701,0.81970549,-0.95682067,-0.1432077,0.25295413,0
4.1712599,-1.4093446,-1.0709839,0.28349847,-0.26752317,0.92090178,0
1.5629855,1.6679521,-0.44117916,-0.28349847,0.26752317,-0.92090178,0
4.8313298,1.6681325,-0.63236713,0.95682067,0.1432077,-0.25295413,0
-3.7624125,1.1749423,1.9603891,0.28349847,-0.26752317,0.92090178,0
1.5544261,1.23261,0.43657804,0.28349847,-0.26752317,0.92090178,0
-4.840188,-1.5909377,0.80972672,-0.95682067,-0.1432077,0.25295413,0
4.70858,1.0648062,-1.7164841,0.95682067,0.1432077,-0.25295413,0
2.1136324,-1.497538,-1.3401301,0.064209223,-0.95284992,-0.29657084,0
-5.0152073,1.0848926,1.5330968,-0.95682067,-0.1432077,0.25295413,0
-3.3564835,-2.416122,0.42830014,0.064209223,-0.95284992,-0.29657084,0
4.2153649,-0.62694311,-1.9622006,-0.28349847,0.26752317,-0.92090178,0
3.9652848,1.4849539,-0.25592446,0.28349847,-0.26752317,0.92090178,0
0.77091634,-1.7878103,-1.0600592,0.064209223,-0.95284992,-0.29657084,0
1.0409079,-0.35765254,-0.91597748,-0.28349847,0.26752317,-0.92090178,0
1.1053818,1.0044484,0.49008024,0.28349847,-0.26752317,0.92090178,0
-2.7478158,-2.2951038,0.19323087,0.064209223,-0.95284992,-0.29657084,0
2.3173027,-1.601846,-1.4205806,0.064209223,-0.95284992,-0.29657084,0
0.072285771,-1.0711401,-0.9147827,-0.28349847,0.26752317,-0.92090178,0
3.6020806,-1.5184009,-1.3464813,0.064209223,-0.95284992,-0.29657084,0
-1.2809426,-0.74327624,-0.38712168,-0.28349847,0.26752317,-0.92090178,0
4.7467327,-0.38328266,-1.6871319,0.95682067,0.1432077,-0.25295413,0
-2.0207334,-2.0156598,-0.5808357,0.064209223,-0.95284992,-0.29657084,0
-4.840611,-1.4492452,0.63401842,-0.95682067,-0.1432077,0.25295413,0
-2.8038306,0.10573709,0.39397788,-0.28349847,0.26752317,-0.92090178,0
3.3971865,2.3755283,0.010375261,-0.064209223,0.95284992,0.29657084,0
-0.4043633,-0.70011038,0.42623666,0.28349847,-0.26752317,0.92090178,0
-4.7432432,-1.6334081,0.95877886,-0.95682067,-0.1432077,0.25295413,0
-4.7660885,0.52243972,1.7888293,-0.95682067,-0.1432077,0.25295413,0
-0.81882501,-1.6856003,0.40044269,0.28349847,-0.26752317,0.92090178,0
4.9211812,-0.071126342,-1.1792636,0.95682067,0.1432077,-0.25295413,0
3.3166773,-1.5102961,-1.2922645,0.064209223,-0.95284992,-0.29657084,0
-0.52745366,-0.26347017,0.69213104,0.28349847,-0.26752317,0.92090178,0
-2.7225444,-1.9142195,-0.24881506,-0.28349847,0.26752317,-0.92090178,0
4.8289542,0.77291989,-1.0977244,0.95682067,0.1432077,-0.25295413,0
3.5957453,0.32659173,-0.55524635,0.28349847,-0.26752317,0.92090178,0
-4.9841094,1.1583935,1.8858066,-0.95682067,-0.1432077,0.25295413,0
1.360908,-1.8786616,-0.52578712,0.064209223,-0.95284992,-0.29657084,0
0.010860562,-1.8727518,-0.4298982,0.064209223,-0.95284992,-0.29657084,0
0.64838445,2.0505037,0.62830651,-0.064209223,0.95284992,0.29657084,0
4.8708968,1.3811783,-0.86939096,0.95682067,0.1432077,-0.25295413,0
4.963232,-1.1694474,-1.4035101,0.95682067,0.1432077,-0.25295413,0
-3.2213569,1.3745208,1.676929,-0.064209223,0.95284992,0.29657084,0
4.8306494,1.4433622,-0.71849966,0.95682067,0.1432077,-0.25295413,0
-1.3942088,-2.1912732,0.23355502,0.28349847,-0.26752317,0.92090178,0
4.6799741,0.96144152,-1.378974,0.95682067,0.1432077,-0.25295413,0
-1.8118714,1.8423707,0.74399877,-0.064209223,0.95284992,0.29657084,0
2.6236196,-1.4383734,-1.6763549,0.064209223,-0.95284992,-0.29657084,0
-0.13614643,-1.9824716,-0.50755715,0.064209223,-0.95284992,-0.29657084,0
-3.322603,1.3297939,1.5682337,-0.064209223,0.95284992,0.29657084,0
2.7981801,-1.1174011,-0.68401861,0.28349847,-0.26752317,0.92090178,0
4.3860102,0.45276427,-1.791779,-0.28349847,0.26752317,-0.92090178,0
-3.1763935,-2.4248359,0.35063386,0.064209223,-0.95284992,-0.29657084,0
-4.7830782,-1.1120795,1.0719891,-0.95682067,-0.1432077,0.25295413,0
-4.2079659,-0.10797739,0.79759502,-0.28349847,0.26752317,-0.92090178,0
3.8208988,0.8781516,-0.36779141,0.28349847,-0.26752317,0.92090178,0
-4.7544117,0.53631234,1.7185068,-0.95682067,-0.1432077,0.25295413,0
-4.7406654,-1.945756,0.89405632,-0.95682067,-0.1432077,0.25295413,0
1.9183385,-1.8481131,-0.66947651,0.064209223,-0.95284992,-0.29657084,0
-4.3343835,-2.5472164,0.5838747,0.064209223,-0.95284992,-0.29657084,0
-4.9287086,0.14332318,1.5816894,-0.95682067,-0.1432077,0.25295413,0
3.1122904,0.35130906,-1.4778938,-0.28349847,0.26752317,-0.92090178,0
-0.8840127,1.6149279,0.2732116,-0.28349847,0.26752317,-0.92090178,0
-4.6318769,-0.66496587,1.7842169,-0.95682067,-0.1432077,0.25295413,0
-3.618336,-1.8403848,1.1890407,0.28349847,-0.26752317,0.92090178,0
4.7398992,-0.4117136,-1.7402501,0.95682067,0.1432077,-0.25295413,0
0.535676,-2.0399966,-0.30383015,0.064209223,-0.95284992,-0.29657084,0
0.79617083,-1.6414211,-1.0408635,0.064209223,-0.95284992,-0.29657084,0
4.6538687,-1.1255857,-1.818718,0.064209223,-0.95284992,-0.29657084,0
2.8701353,2.0390551,0.33751011,0.28349847,-0.26752317,0.92090178,0
2.9703441,1.1558011,-0.14373088,0.28349847,-0.26752317,0.92090178,0
-1.9635153,-0.89774549,-0.2047224,-0.28349847,0.26752317,-0.92090178,0
0.40874851,1.7914935,-0.083933912,-0.28349847,0.26752317,-0.92090178,0
4.8803649,1.6996182,-0.62585688,0.95682067,0.1432077,-0.25295413,0
-4.5677671,-1.765612,1.3236861,-0.95682067,-0.1432077,0.25295413,0
-0.53691626,-1.4825671,0.33902746,0.28349847,-0.26752317,0.92090178,0
2.1147218,0.32791615,-1.056031,-0.28349847,0.26752317,-0.92090178,0
-4.8505888,-0.32205522,0.89890623,-0.95682067,-0.1432077,0.25295413,0
1.5526868,2.0037818,-0.37496567,-0.28349847,0.26752317,-0.92090178,0
-4.6565084,-1.7516997,1.1039991,-0.95682067,-0.1432077,0.25295413,0
2.4184225,-1.5690672,-1.4157891,0.064209223,-0.95284992,-0.29657084,0
4.7922597,-0.9209199,-2.3190374,0.95682067,0.1432077,-0.25295413,0
4.7969198,-1.0190903,-2.0588088,0.95682067,0.1432077,-0.25295413,0
4.5302258,1.9672985,-1.1604505,0.95682067,0.1432077,-0.25295413,0
-1.8400751,-0.62574583,-0.18104744,-0.28349847,0.26752317,-0.92090178,0
-2.7025986,-1.6571136,-0.24182129,-0.28349847,0.26752317,-0.92090178,0
-1.8390058,1.1627712,0.28606868,-0.28349847,0.26752317,-0.92090178,0
1.8795266,0.76577997,0.1512624,0.28349847,-0.26752317,0.92090178,0
-4.7456055,0.87925005,1.9557538,-0.95682067,-0.1432077,0.25295413,0
-1.6407931,1.5099524,1.2654347,-0.064209223,0.95284992,0.29657084,0
4.9327846,-1.0340778,-1.3918614,0.95682067,0.1432077,-0.25295413,0
4.0819073,2.4067698,-1.1912985,-0.28349847,0.26752317,-0.92090178,0
-4.9038882,0.886397,2.0075259,-0.95682067,-0.1432077,0.25295413,0
-4.4982963,-0.077795506,0.78196812,-0.28349847,0.26752317,-0.92090178,0
-4.8492541,-2.1449327,0.37532187,-0.95682067,-0.1432077,0.25295413,0
-4.815465,-1.9958824,0.72889948,-0.95682067,-0.1432077,0.25295413,0
-4.6287479,0.21371412,2.0397105,0.28349847,-0.26752317,0.92090178,0
-4.072495,-2.6198869,0.93428969,0.064209223,-0.95284992,-0.29657084,0
2.6340294,-0.87039471,-0.61921358,0.28349847,-0.26752317,0.92090178,0
-5.00213,0.71719277,1.3195667,-0.95682067,-0.1432077,0.25295413,0
0.6124022,1.9763021,0.80653846,-0.064209223,0.95284992,0.29657084,0
1.0488052,-0.082815766,-0.95279694,-0.28349847,0.26752317,-0.92090178,0
-3.5071955,1.43782,1.1603136,-0.064209223,0.95284992,0.29657084,0
-0.37979743,0.40459841,0.79471779,0.28349847,-0.26752317,0.92090178,0
-1.1668414,-2.2122576,0.061433375,0.064209223,-0.95284992,-0.29657084,0
4.7643185,0.80778337,-1.5384846,0.95682067,0.1432077,-0.25295413,0
-2.7008288,-0.37189478,0.17851901,-0.28349847,0.26752317,-0.92090178,0
0.54323316,1.8933253,0.59741223,-0.064209223,0.95284992,0.29657084,0
-3.7857971,-1.7985154,1.1479385,0.28349847,-0.26752317,0.92090178,0
4.7338209,0.95315874,-1.2047119,0.95682067,0.1432077,-0.25295413,0
-4.8189816,0.36820102,1.9189644,-0.95682067,-0.1432077,0.25295413,0
2.0071583,0.37022042,-1.0803628,-0.28349847,0.26752317,-0.92090178,0
-4.6247993,-1.0263004,1.5479307,-0.95682067,-0.1432077,0.25295413,0
3.4646716,-0.46967387,-1.8282223,-0.28349847,0.26752317,-0.92090178,0
2.2509532,0.83737051,-1.0222039,-0.28349847,0.26752317,-0.92090178,0
4.8618379,0.73392284,-1.1547461,0.95682067,0.1432077,-0.25295413,0
-4.7413483,-2.0872207,0.57156181,-0.95682067,-0.1432077,0.25295413,0
-4.1226168,-0.9500072,1.6288724,0.28349847,-0.26752317,0.92090178,0
3.6947608,2.4417415,-0.0742414,-0.064209223,0.95284992,0.29657084,0
-4.641469,-1.376458,1.0755453,-0.95682067,-0.1432077,0.25295413,0
-0.32527292,1.7316279,0.80171275,-0.064209223,0.95284992,0.29657084,0
0.070950985,1.9091856,0.29654709,-0.064209223,0.95284992,0.29657084,0
0.581303,1.8815961,-0.24241129,-0.28349847,0.26752317,-0.92090178,0
-4.8140249,-2.0743487,0.76581097,-0.95682067,-0.1432077,0.25295413,0
4.8919582,-0.98208821,-1.910614,0.95682067,0.1432077,-0.25295413,0
-2.700242,-0.95749331,-0.018861771,-0.28349847,0.26752317,-0.92090178,0
-1.3134943,-1.7079213,0.37900907,0.28349847,-0.26752317,0.92090178,0
-4.7171469,0.39008999,1.8074207,-0.95682067,-0.1432077,0.25295413,0
-5.0959072,0.68295383,1.2218323,-0.95682067,-0.1432077,0.25295413,0
-3.6797881,-1.1172916,1.3075135,0.28349847,-0.26752317,0.92090178,0
-2.8248868,1.70649,0.96060729,-0.064209223,0.95284992,0.29657084,0
2.6906958,-1.0756321,-0.61768579,0.28349847,-0.26752317,0.92090178,0
4.7080851,1.7520391,-0.67787504,0.95682067,0.1432077,-0.25295413,0
4.9305348,-0.5505141,-1.0822115,0.95682067,0.1432077,-0.25295413,0
0.0059704781,-2.1023974,-0.28479505,0.064209223,-0.95284992,-0.29657084,0
-4.7065845,-0.64182878,1.7115088,-0.95682067,-0.1432077,0.25295413,0
0.19165432,1.9253943,0.62330675,-0.064209223,0.95284992,0.29657084,0
1.9453106,-1.5887903,-1.4538646,0.064209223,-0.95284992,-0.29657084,0
-4.7965803,0.25230122,1.7125511,-0.95682067,-0.1432077,0.25295413,0
-2.0499253,1.6123176,1.307709,-0.064209223,0.95284992,0.29657084,0
-4.7998037,-0.14505506,1.7395148,-0.95682067,-0.1432077,0.25295413,0
2.7709932,-1.569084,-1.2113433,0.064209223,-0.95284992,-0.29657084,0
2.1154027,-1.579478,-0.8937552,0.064209223,-0.95284992,-0.29657084,0
-4.7756724,-2.4028952,0.65250158,-0.95682067,-0.1432077,0.25295413,0
4.8075218,1.2090474,-0.87029314,0.95682067,0.1432077,-0.25295413,0
4.4624081,2.5842042,-1.0329247,0.95682067,0.1432077,-0.25295413,0
1.370815,2.2531157,-0.044049323,-0.064209223,0.95284992,0.29657084,0
-0.37651014,1.3029206,0.018639863,-0.28349847,0.26752317,-0.92090178,0
-1.57789,1.7317722,0.60507441,-0.064209223,0.95284992,0.29657084,0
-1.8716631,1.4525087,1.3467543,-0.064209223,0.95284992,0.29657084,0
1.4226555,2.1105144,0.3544336,-0.064209223,0.95284992,0.29657084,0
-1.9185936,1.6628284,0.84217405,-0.064209223,0.95284992,0.29657084,0
1.9778792,2.2474418,0.03154099,-0.064209223,0.95284992,0.29657084,0
2.2323332,-0.3791647,-1.3532767,-0.28349847,0.26752317,-0.92090178,0
2.0418181,1.1713117,-0.78355181,-0.28349847,0.26752317,-0.92090178,0
4.7571688,-0.29856157,-1.9338522,0.95682067,0.1432077,-0.25295413,0
3.6763582,0.31019735,-0.44574928,0.28349847,-0.26752317,0.92090178,0
-0.51373529,1.2365363,1.0593435,0.28349847,-0.26752317,0.92090178,0
4.7926855,0.43382335,-1.5623412,0.95682067,0.1432077,-0.25295413,0
-0.9557153,1.7487626,0.94668472,-0.064209223,0.95284992,0.29657084,0
-4.9580426,0.16685438,1.3691783,-0.95682067,-0.1432077,0.25295413,0
0.88610888,2.204788,-0.23427045,-0.064209223,0.95284992,0.29657084,0
-2.3602567,1.1416888,1.6045315,0.28349847,-0.26752317,0.92090178,0
-4.8655405,-0.15194726,1.0566821,-0.95682067,-0.1432077,0.25295413,0
-1.4031204,-2.1658654,-0.32115048,0.064209223,-0.95284992,-0.29657084,0
3.7340145,2.3971503,-0.060305119,-0.064209223,0.95284992,0.29657084,0
-4.8226132,-1.3202201,0.91582823,-0.95682067,-0.1432077,0.25295413,0
-4.666575,-2.5188494,0.48657131,-0.95682067,-0.1432077,0.25295413,0
-0.75230801,-0.032785416,0.77905875,0.28349847,-0.26752317,0.92090178,0
4.678122,-0.056648493,-1.7689276,0.95682067,0.1432077,-0.25295413,0
3.4176989,1.5608637,-1.1670032,-0.28349847,0.26752317,-0.92090178,0
-4.786171,-1.7704709,0.47258377,-0.95682067,-0.1432077,0.25295413,0
2.4503102,2.2664557,-0.21380925,-0.064209223,0.95284992,0.29657084,0
-3.9675713,1.4109532,1.2500858,-0.064209223,0.95284992,0.29657084,0
4.8428383,1.803135,-0.37356234,0.95682067,0.1432077,-0.25295413,0
-3.0352731,-2.2346416,-0.26937056,0.064209223,-0.95284992,-0.29657084,0
4.8129416,0.57008791,-1.1267695,0.95682067,0.1432077,-0.25295413,0
-4.672617,-2.3687868,0.98475981,-0.95682067,-0.1432077,0.25295413,0
-0.64087176,-1.9705683,-0.66442299,0.064209223,-0.95284992,-0.29657084,0
-1.1899956,1.749985,1.1845207,-0.064209223,0.95284992,0.29657084,0
-1.6024611,-2.2438383,0.17999613,0.064209223,-0.95284992,-0.29657084,0
4.3622899,-1.1689041,-1.768959,0.064209223,-0.95284992,-0.29657084,0
-3.2527049,-2.4644542,0.15193033,0.064209223,-0.95284992,-0.29657084,0
-4.7514105,-1.3396457,1.2645307,-0.95682067,-0.1432077,0.25295413,0
-4.9854207,0.092590809,1.0902896,-0.95682067,-0.1432077,0.25295413,0
4.8174438,-0.94443583,-2.0591326,0.95682067,0.1432077,-0.25295413,0
3.8830967,-1.4373381,-1.2287474,0.064209223,-0.95284992,-0.29657084,0
3.704958,2.4193518,-0.017980814,-0.064209223,0.95284992,0.29657084,0
-1.3681602,-2.0039194,-0.35059291,0.064209223,-0.95284992,-0.29657084,0
2.0365319,-1.5908452,-1.4495068,0.064209223,-0.95284992,-0.29657084,0
-4.8948126,-0.36936331,1.3748369,-0.95682067,-0.1432077,0.25295413,0
4.9780316,0.048597574,-0.9939847,0.95682067,0.1432077,-0.25295413,0
0.80038178,1.9807836,0.45106858,-0.064209223,0.95284992,0.29657084,0
3.19803,1.3167195,-1.1364548,-0.28349847,0.26752317,-0.92090178,0
3.7244186,0.84920257,-0.30499697,0.28349847,-0.26752317,0.92090178,0
-4.6872921,-1.852954,0.63891125,-0.95682067,-0.1432077,0.25295413,0
-1.4412824,-2.3641443,0.35710883,0.064209223,-0.95284992,-0.29657084,0
3.8043027,2.4909158,-0.48437929,-0.064209223,0.95284992,0.29657084,0
-4.8262,1.3697031,1.5544896,-0.064209223,0.95284992,0.29657084,0
-2.9113479,-0.15212071,1.3027244,0.28349847,-0.26752317,0.92090178,0
-3.6720507,1.2300026,1.8590856,-0.064209223,0.95284992,0.29657084,0
-4.585978,-0.78785157,1.6785088,-0.95682067,-0.1432077,0.25295413,0
-4.9811993,-0.3182745,1.1008806,-0.95682067,-0.1432077,0.25295413,0
-3.1835876,-2.2202353,-0.11839747,-0.28349847,0.26752317,-0.92090178,0
4.8200488,0.94726872,-1.1622429,0.95682067,0.1432077,-0.25295413,0
0.93306243,2.2492573,-0.015221357,-0.064209223,0.95284992,0.29657084,0
4.5685139,1.5440551,-1.2383265,0.95682067,0.1432077,-0.25295413,0
0.95834279,-1.1878694,-1.1041069,-0.28349847,0.26752317,-0.92090178,0
-4.8782063,1.0243179,1.8588057,-0.95682067,-0.1432077,0.25295413,0
-4.2202291,0.72141546,1.0017986,-0.28349847,0.26752317,-0.92090178,0
-2.0484526,1.5706513,0.99779487,-0.064209223,0.95284992,0.29657084,0
-4.655448,-1.971478,0.89057684,-0.95682067,-0.1432077,0.25295413,0
2.6307771,0.85895336,-1.1084976,-0.28349847,0.26752317,-0.92090178,0
-4.6748896,-1.0709645,1.2862582,-0.95682067,-0.1432077,0.25295413,0
0.26727343,1.9258853,0.74317586,-0.064209223,0.95284992,0.29657084,0
1.5634999,-1.5985992,-1.5212767,0.064209223,-0.95284992,-0.29657084,0
4.7235847,-0.89801896,-2.1096282,0.95682067,0.1432077,-0.25295413,0
1.5794756,2.234993,0.10381401,-0.064209223,0.95284992,0.29657084,0
0.861305,1.8817717,0.59983045,-0.064209223,0.95284992,0.29657084,0
-4.6717949,-1.2282732,1.4409018,-0.95682067,-0.1432077,0.25295413,0
-0.13837349,1.7492607,0.90526175,-0.064209223,0.95284992,0.29657084,0
-4.7574911,0.83784282,1.8759952,-0.95682067,-0.1432077,0.25295413,0
-0.23733151,-1.2105905,0.16372728,0.28349847,-0.26752317,0.92090178,0
0.043629259,-0.12109345,0.50788081,0.28349847,-0.26752317,0.92090178,0
1.6618613,2.1120684,0.025907278,-0.064209223,0.95284992,0.29657084,0
4.9397058,-0.16078329,-1.3564558,0.95682067,0.1432077,-0.25295413,0
4.8203468,1.6170744,-0.92459917,0.95682067,0.1432077,-0.25295413,0
-3.4046862,-2.4617758,0.61104202,0.064209223,-0.95284992,-0.29657084,0
-4.7451134,-1.7194085,1.0707235,-0.95682067,-0.1432077,0.25295413,0
4.7968998,0.40807009,-1.2614532,0.95682067,0.1432077,-0.25295413,0
1.3449935,1.9371018,0.78003973,-0.064209223,0.95284992,0.29657084,0
4.8092003,1.1298938,-0.59388638,0.95682067,0.1432077,-0.25295413,0
-4.6665459,-1.4335917,1.1944084,-0.95682067,-0.1432077,0.25295413,0
4.8118305,1.022758,-0.71391535,0.95682067,0.1432077,-0.25295413,0
0.23030269,1.8505353,0.017811745,-0.28349847,0.26752317,-0.92090178,0
-4.6736631,1.178611,1.9207015,-0.064209223,0.95284992,0.29657084,0
4.8642321,0.09524703,-1.4014378,0.95682067,0.1432077,-0.25295413,0
4.9086776,2.1180561,-0.38766289,0.95682067,0.1432077,-0.25295413,0
1.0600389,-1.7731544,-0.54054785,0.064209223,-0.95284992,-0.29657084,0
-4.9008665,-1.2069967,0.86446381,-0.95682067,-0.1432077,0.25295413,0
4.8896928,1.2865688,-0.89509535,0.95682067,0.1432077,-0.25295413,0
-2.2868977,0.75328457,0.33729768,-0.28349847,0.26752317,-0.92090178,0
-1.3491019,1.3474952,1.3038998,0.28349847,-0.26752317,0.92090178,0
4.9136653,-0.19349563,-1.1875815,0.95682067,0.1432077,-0.25295413,0
4.9346781,-0.19072413,-1.250526,0.95682067,0.1432077,-0.25295413,0
4.6373434,0.99963975,-1.5201421,0.95682067,0.1432077,-0.25295413,0
-5.0455179,0.86918557,1.2685728,-0.95682067,-0.1432077,0.25295413,0
-4.6879721,-2.3705411,0.61869621,-0.95682067,-0.1432077,0.25295413,0
3.4878423,2.4757338,-0.27438283,-0.064209223,0.95284992,0.29657084,0
-1.3460869,0.42023253,1.0726677,0.28349847,-0.26752317,0.92090178,0
2.918901,-1.389534,-1.5670967,0.064209223,-0.95284992,-0.29657084,0
3.4106746,0.83307368,-0.25298142,0.28349847,-0.26752317,0.92090178,0
-4.0032582,-2.6259131,0.96233869,0.064209223,-0.95284992,-0.29657084,0
4.8157835,0.70053303,-1.254281,0.95682067,0.1432077,-0.25295413,0
-1.925082,1.6983058,0.95168877,-0.064209223,0.95284992,0.29657084,0
4.5515285,1.5774364,-1.3855858,0.95682067,0.1432077,-0.25295413,0
2.8092217,-0.35618031,-1.5605443,-0.28349847,0.26752317,-0.92090178,0
-4.8131576,0.024348497,1.2268682,-0.95682067,-0.1432077,0.25295413,0
-0.57621318,0.59942746,-0.11635715,-0.28349847,0.26752317,-0.92090178,0
-3.3062804,-2.2245443,-0.00067210197,0.064209223,-0.95284992,-0.29657084,0
-3.5023825,-0.21241117,1.5062988,0.28349847,-0.26752317,0.92090178,0
1.6547878,2.0307925,-0.48223698,-0.28349847,0.26752317,-0.92090178,0
1.438786,-1.8400204,-0.53387594,0.064209223,-0.95284992,-0.29657084,0
1.6910737,2.0894895,0.64672339,-0.064209223,0.95284992,0.29657084,0
-4.7989573,-0.32024097,1.5411143,-0.95682067,-0.1432077,0.25295413,0
4.2542343,0.028924942,-1.9142122,-0.28349847,0.26752317,-0.92090178,0
-3.5953555,-2.3548405,0.0040917397,0.064209223,-0.95284992,-0.29657084,0
-0.2174809,-1.3028923,0.27851591,0.28349847,-0.26752317,0.92090178,0
3.2207961,-0.69058001,-1.8421378,-0.28349847,0.26752317,-0.92090178,0
4.7999182,1.2585857,-1.2583785,0.95682067,0.1432077,-0.25295413,0
-2.3760114,1.4704207,1.3017006,-0.064209223,0.95284992,0.29657084,0
4.8044443,1.1816715,-1.0719147,0.95682067,0.1432077,-0.25295413,0
4.2301989,0.36042261,-0.65283632,0.28349847,-0.26752317,0.92090178,0
2.8193259,0.44802499,-0.24322009,0.28349847,-0.26752317,0.92090178,0
-1.1118633,0.060832188,-0.20603752,-0.28349847,0.26752317,-0.92090178,0
-1.8615904,1.6169044,1.2563632,-0.064209223,0.95284992,0.29657084,0
3.1511889,-1.3435409,-1.5765493,0.064209223,-0.95284992,-0.29657084,0
-1.4233683,1.5854491,1.2472917,-0.064209223,0.95284992,0.29657084,0
-0.889498,1.78406,1.0061065,-0.064209223,0.95284992,0.29657084,0
-2.816196,-1.6999902,-0.15861344,-0.28349847,0.26752317,-0.92090178,0
-5.0475278,0.97740674,1.5732656,-0.95682067,-0.1432077,0.25295413,0
-1.7321733,-2.3389397,0.087750912,0.064209223,-0.95284992,-0.29657084,0
4.7545528,2.1140354,-0.42553186,0.95682067,0.1432077,-0.25295413,0
-4.9379554,-1.469202,0.54384613,-0.95682067,-0.1432077,0.25295413,0
-2.2478416,-2.3107495,0.14892411,0.064209223,-0.95284992,-0.29657084,0
-4.6903629,-1.6642759,1.189127,-0.95682067,-0.1432077,0.25295413,0
-4.0958104,-0.26841378,0.65880394,-0.28349847,0.26752317,-0.92090178,0
-0.42517915,0.13841346,-0.31141189,-0.28349847,0.26752317,-0.92090178,0
4.7328792,2.0249138,-0.33865547,0.28349847,-0.26752317,0.92090178,0
1.2798852,2.0752242,0.30246603,-0.064209223,0.95284992,0.29657084,0
-0.0962075,-1.1677698,-0.87348104,-0.28349847,0.26752317,-0.92090178,0
-1.5669385,0.81431329,0.14809835,-0.28349847,0.26752317,-0.92090178,0
-0.32271874,-1.7818586,0.18109402,0.28349847,-0.26752317,0.92090178,0
-3.736783,0.3654291,0.77146387,-0.28349847,0.26752317,-0.92090178,0
4.5497293,2.5696163,-0.97049665,0.95682067,0.1432077,-0.25295413,0
-0.10383259,0.19181126,0.64313,0.28349847,-0.26752317,0.92090178,0
0.86028636,1.8343002,-0.31704772,-0.28349847,0.26752317,-0.92090178,0
-4.0627556,-1.3872774,0.352561,-0.28349847,0.26752317,-0.92090178,0
0.23845816,1.7144923,-0.21346706,-0.28349847,0.26752317,-0.92090178,0
-1.9745736,-1.3348715,0.6853323,0.28349847,-0.26752317,0.92090178,0
-2.6485131,1.512491,1.0117667,-0.064209223,0.95284992,0.29657084,0
5.0383263,-0.63443708,-1.4542456,0.95682067,0.1432077,-0.25295413,0
-2.2549033,-0.028784424,0.17323589,-0.28349847,0.26752317,-0.92090178,0
3.4572718,2.5602937,-0.88156986,-0.28349847,0.26752317,-0.92090178,0
-2.5422304,-0.77731991,1.1410201,0.28349847,-0.26752317,0.92090178,0
0.65427661,-0.60170001,-0.9552384,-0.28349847,0.26752317,-0.92090178,0
4.8452902,-0.12906218,-1.4367766,0.95682067,0.1432077,-0.25295413,0
4.3552737,-1.299391,-1.8318958,0.064209223,-0.95284992,-0.29657084,0
0.72407919,-0.76832747,0.056410968,0.28349847,-0.26752317,0.92090178,0
-0.8797462,-2.1271908,-0.28351432,0.064209223,-0.95284992,-0.29657084,0
-1.3185232,-0.44239298,-0.18353701,-0.28349847,0.26752317,-0.92090178,0
5.0424581,-0.8676796,-1.3933134,0.95682067,0.1432077,-0.25295413,0
4.6143184,2.7180085,-1.1561975,0.95682067,0.1432077,-0.25295413,0
-1.8566494,-0.60664582,-0.16136301,-0.28349847,0.26752317,-0.92090178,0
4.7209377,0.63908148,-1.5035834,0.95682067,0.1432077,-0.25295413,0
-4.5758362,-1.7373096,1.2837706,-0.95682067,-0.1432077,0.25295413,0
4.832665,2.3509109,-0.50273514,0.95682067,0.1432077,-0.25295413,0
4.2000656,-1.248788,-1.5695252,0.064209223,-0.95284992,-0.29657084,0
-4.8075509,0.76639271,1.6783733,-0.95682067,-0.1432077,0.25295413,0
-1.0423656,-2.3270888,0.20449626,0.064209223,-0.95284992,-0.29657084,0
-1.7847221,0.90276814,1.2917769,0.28349847,-0.26752317,0.92090178,0
2.1893649,-0.5841856,-0.34247661,0.28349847,-0.26752317,0.92090178,0
-2.3516769,-1.9964801,0.79080939,0.28349847,-0.26752317,0.92090178,0
-4.1898026,-2.6356239,0.78373146,0.064209223,-0.95284992,-0.29657084,0
-0.93750024,1.2462254,0.18684125,-0.28349847,0.26752317,-0.92090178,0
-3.5141487,-2.4990263,0.25175476,0.064209223,-0.95284992,-0.29657084,0
-4.737947,0.47607517,1.7821269,-0.95682067,-0.1432077,0.25295413,0
-4.7204628,1.1536714,2.0194001,-0.064209223,0.95284992,0.29657084,0
4.9687443,0.67489338,-0.86605787,0.95682067,0.1432077,-0.25295413,0
-4.7151251,-1.3481368,1.1461439,-0.95682067,-0.1432077,0.25295413,0
3.9969034,-1.5669229,-1.178978,0.064209223,-0.95284992,-0.29657084,0
-0.98743665,1.2606575,0.091961622,-0.28349847,0.26752317,-0.92090178,0
4.1689935,-1.2353451,-1.6058316,0.064209223,-0.95284992,-0.29657084,0
4.4230695,1.8828866,-1.3675995,-0.28349847,0.26752317,-0.92090178,0
-2.4307513,0.24553591,0.21723771,-0.28349847,0.26752317,-0.92090178,0
-2.4861388,-1.9930462,0.64420009,0.28349847,-0.26752317,0.92090178,0
4.526032,2.6631408,-0.69948387,-0.064209223,0.95284992,0.29657084,0
4.1650009,-1.1438929,-1.9382257,0.064209223,-0.95284992,-0.29657084,0
4.9644127,-1.1070818,-1.436923,0.95682067,0.1432077,-0.25295413,0
4.8643513,0.13954556,-0.99299145,0.95682067,0.1432077,-0.25295413,0
-2.5105939,-2.3297548,-0.098683715,0.064209223,-0.95284992,-0.29657084,0
4.8232121,-0.00029480457,-1.2733803,0.95682067,0.1432077,-0.25295413,0
4.6933408,2.4526372,-0.71830034,0.95682067,0.1432077,-0.25295413,0
1.4611924,2.253356,-0.25270748,-0.064209223,0.95284992,0.29657084,0
3.2301617,1.0740446,-1.3145311,-0.28349847,0.26752317,-0.92090178,0
3.6415985,2.3921683,-0.86349773,-0.28349847,0.26752317,-0.92090178,0
-1.9530271,-1.2299713,-0.30281818,-0.28349847,0.26752317,-0.92090178,0
-2.0208392,-1.8216078,-0.43465328,-0.28349847,0.26752317,-0.92090178,0
-2.6716447,-1.8426957,0.83731008,0.28349847,-0.26752317,0.92090178,0
-3.0084717,-2.3325369,-0.019303799,0.064209223,-0.95284992,-0.29657084,0
-4.9289908,-0.74108493,0.95142365,-0.95682067,-0.1432077,0.25295413,0
-4.7627163,-0.0039041042,1.4279113,-0.95682067,-0.1432077,0.25295413,0
-4.75596,0.89808321,2.2587852,-0.95682067,-0.1432077,0.25295413,0
1.8936787,-1.7314272,-0.49225044,0.064209223,-0.95284992,-0.29657084,0
4.7290244,0.42651105,-1.380271,0.95682067,0.1432077,-0.25295413,0
1.3491557,0.19453037,0.13206148,0.28349847,-0.26752317,0.92090178,0
2.0252285,-1.7322618,-0.56551433,0.064209223,-0.95284992,-0.29657084,0
-1.5358051,1.777931,0.78438711,-0.064209223,0.95284992,0.29657084,0
4.5405779,-1.2056838,-1.6613092,0.064209223,-0.95284992,-0.29657084,0
-5.0378585,1.1625464,1.7222223,-0.95682067,-0.1432077,0.25295413,0
0.99295712,1.9755214,0.45204911,-0.064209223,0.95284992,0.29657084,0
2.9296198,-1.2931824,-1.6331553,0.064209223,-0.95284992,-0.29657084,0
4.2099485,0.93909287,-1.6421928,-0.28349847,0.26752317,-0.92090178,0
-1.1284941,1.869341,0.60675633,-0.064209223,0.95284992,0.29657084,0
3.5650957,-0.45183527,-1.7419362,-0.28349847,0.26752317,-0.92090178,0
-4.7372761,-1.5119021,0.65504932,-0.95682067,-0.1432077,0.25295413,0
-4.4792886,1.0805064,2.1012645,-0.064209223,0.95284992,0.29657084,0
-4.696229,-1.9065557,0.87713051,-0.95682067,-0.1432077,0.25295413,0
3.5353794,0.7203449,-0.38490582,0.28349847,-0.26752317,0.92090178,0
-2.7490551,0.80544674,1.6717896,0.28349847,-0.26752317,0.92090178,0
-4.9320326,0.018729806,1.0222678,-0.95682067,-0.1432077,0.25295413,0
-0.42788875,-2.0382562,-0.28889751,0.064209223,-0.95284992,-0.29657084,0
-1.149853,0.85890377,0.077992558,-0.28349847,0.26752317,-0.92090178,0
3.98787,-0.52249521,-0.87183666,0.28349847,-0.26752317,0.92090178,0
-4.8417683,-1.3244383,0.50891399,-0.95682067,-0.1432077,0.25295413,0
4.7437539,0.87471008,-1.403995,0.95682067,0.1432077,-0.25295413,0
-2.9647279,1.4793867,1.3037126,-0.064209223,0.95284992,0.29657084,0
-4.7587633,-1.0906856,1.3153825,-0.95682067,-0.1432077,0.25295413,0
0.46492314,1.9085114,0.55862325,-0.064209223,0.95284992,0.29657084,0
-2.9988461,-2.2293806,-0.25003791,0.064209223,-0.95284992,-0.29657084,0
-4.6731067,0.085198641,1.7787094,-0.95682067,-0.1432077,0.25295413,0
0.062658429,-1.4797229,-0.98972535,-0.28349847,0.26752317,-0.92090178,0
4.9090829,-0.70965087,-1.2277532,0.28349847,-0.26752317,0.92090178,0
3.0137548,0.83467323,-0.056469202,0.28349847,-0.26752317,0.92090178,0
0.91337311,1.9990964,0.20020801,-0.064209223,0.95284992,0.29657084,0
-4.4948835,-2.6288815,0.97326088,-0.95682067,-0.1432077,0.25295413,0
4.8006854,2.0196552,-0.44134378,0.95682067,0.1432077,-0.25295413,0
1.3644482,0.95598197,-0.62389863,-0.28349847,0.26752317,-0.92090178,0
0.29602945,-1.8013644,-1.0389407,0.064209223,-0.95284992,-0.29657084,0
2.9003382,-1.6679633,-0.75942421,0.064209223,-0.95284992,-0.29657084,0
0.98708934,-0.25505096,-0.89865756,-0.28349847,0.26752317,-0.92090178,0
-3.5170841,0.4031328,1.7424791,0.28349847,-0.26752317,0.92090178,0
-4.2996402,0.51638025,0.82666206,-0.28349847,0.26752317,-0.92090178,0
-4.3877735,-2.5485218,0.67602062,0.064209223,-0.95284992,-0.29657084,0
-3.4103017,-2.374697,0.46193504,0.064209223,-0.95284992,-0.29657084,0
4.6287374,1.5368377,-1.0705056,0.95682067,0.1432077,-0.25295413,0
3.5881267,2.5194957,-0.53059006,-0.064209223,0.95284992,0.29657084,0
-3.1409259,-1.7444646,1.0175171,0.28349847,-0.26752317,0.92090178,0
4.7487826,1.9057096,-0.69717693,0.95682067,0.1432077,-0.25295413,0
-3.5185981,0.287503,1.7609184,0.28349847,-0.26752317,0.92090178,0
-4.815402,-1.308446,0.55084276,-0.28349847,0.26752317,-0.92090178,0
-0.56238997,1.7844732,1.1159844,-0.064209223,0.95284992,0.29657084,0
-2.5481532,-0.53703356,0.075409174,-0.28349847,0.26752317,-0.92090178,0
-4.7805061,-1.4250786,1.1245208,-0.95682067,-0.1432077,0.25295413,0
4.5911946,-0.076746941,-0.88403082,0.28349847,-0.26752317,0.92090178,0
4.8568492,-1.4028444,-1.432116,0.064209223,-0.95284992,-0.29657084,0
-1.2874148,-2.1339462,-0.033873618,0.064209223,-0.95284992,-0.29657084,0
-2.7947605,0.77078921,0.46016145,-0.28349847,0.26752317,-0.92090178,0
-4.8452644,0.10139525,1.0714455,-0.28349847,0.26752317,-0.92090178,0
4.7011662,1.2037205,-1.0084386,0.95682067,0.1432077,-0.25295413,0
-4.4187136,-2.689137,0.72421455,0.064209223,-0.95284992,-0.29657084,0
4.7267218,2.6050916,-0.75125599,0.95682067,0.1432077,-0.25295413,0
4.9059224,0.27062333,-1.289628,0.95682067,0.1432077,-0.25295413,0
-0.43441391,2.0388656,0.23016989,-0.064209223,0.95284992,0.29657084,0
-4.2880955,1.0262889,2.1561785,0.28349847,-0.26752317,0.92090178,0
-3.5686679,0.0019555092,1.7195733,0.28349847,-0.26752317,0.92090178,0
4.8578787,0.63013458,-1.0020165,0.95682067,0.1432077,-0.25295413,0
4.8636689,-0.46740448,-1.3437238,0.95682067,0.1432077,-0.25295413,0
-2.8800831,0.95197177,1.7243228,0.28349847,-0.26752317,0.92090178,0
-4.8739624,-0.63310456,1.3183985,-0.95682067,-0.1432077,0.25295413,0
2.358546,1.2580338,0.17081714,0.28349847,-0.26752317,0.92090178,0
-4.2957101,0.95663017,1.1084266,-0.28349847,0.26752317,-0.92090178,0
-4.6142988,-0.68123555,1.5766573,-0.95682067,-0.1432077,0.25295413,0
3.4081056,-0.85630846,-0.65843964,0.28349847,-0.26752317,0.92090178,0
4.5184917,-1.0989416,-1.2149749,0.28349847,-0.26752317,0.92090178,0
3.1169491,-1.7161803,-0.85520387,0.064209223,-0.95284992,-0.29657084,0
-3.3419373,-2.3968463,0.38404107,0.064209223,-0.95284992,-0.29657084,0
-0.95088983,-2.0786862,0.049045682,0.064209223,-0.95284992,-0.29657084,0
-4.7479925,-0.99535275,1.2365623,-0.95682067,-0.1432077,0.25295413,0
4.9735489,-0.71217406,-1.6546526,0.95682067,0.1432077,-0.25295413,0
-4.6913147,0.10199118,1.9345989,-0.95682067,-0.1432077,0.25295413,0
4.6016483,0.49531388,-1.732471,0.95682067,0.1432077,-0.25295413,0
4.899487,0.21291697,-1.0616026,0.95682067,0.1432077,-0.25295413,0
4.8810606,-0.19259226,-1.27705,0.95682067,0.1432077,-0.25295413,0
-0.23748487,-1.018483,-0.80514634,-0.28349847,0.26752317,-0.92090178,0
0.77274007,0.17702752,-0.74099243,-0.28349847,0.26752317,-0.92090178,0
3.0514035,0.81839359,-0.050346613,0.28349847,-0.26752317,0.92090178,0
-1.330338,-1.5870869,0.55416238,0.28349847,-0.26752317,0.92090178,0
4.7530928,1.4239676,-0.59203291,0.95682067,0.1432077,-0.25295413,0
4.7965765,-0.30880451,-1.8155289,0.95682067,0.1432077,-0.25295413,0
4.6893249,0.15987682,-1.899745,0.95682067,0.1432077,-0.25295413,0
-5.0028915,0.16417205,1.2450223,-0.95682067,-0.1432077,0.25295413,0
-1.6458626,-1.9464107,0.42645156,0.28349847,-0.26752317,0.92090178,0
3.0614967,1.4985046,-0.029439449,0.28349847,-0.26752317,0.92090178,0
-2.2073655,1.1286103,1.4746203,0.28349847,-0.26752317,0.92090178,0
-0.60959655,-1.254411,0.4600547,0.28349847,-0.26752317,0.92090178,0
4.7891045,2.4348619,-0.39069557,0.95682067,0.1432077,-0.25295413,0
4.9299498,1.2312545,-0.81361818,0.95682067,0.1432077,-0.25295413,0
2.990289,-1.5171736,-1.2549646,0.064209223,-0.95284992,-0.29657084,0
4.8739214,-0.36268222,-1.1998396,0.95682067,0.1432077,-0.25295413,0
-4.9647546,0.40059662,1.4111443,-0.95682067,-0.1432077,0.25295413,0
-2.3400903,-1.2210518,0.89464808,0.28349847,-0.26752317,0.92090178,0
2.2773447,2.2530394,0.045686364,-0.064209223,0.95284992,0.29657084,0
-3.1555264,-2.5039313,0.5188694,0.064209223,-0.95284992,-0.29657084,0
2.7319479,2.2091181,0.077778578,-0.064209223,0.95284992,0.29657084,0
3.2994766,-1.3839031,-1.4777043,0.064209223,-0.95284992,-0.29657084,0
0.3599242,-1.7378049,-0.12744814,0.28349847,-0.26752317,0.92090178,0
4.9749527,-0.90273452,-1.6690207,0.95682067,0.1432077,-0.25295413,0
-4.6244946,-1.8602464,0.96694851,-0.95682067,-0.1432077,0.25295413,0
0.35121655,1.6286619,-0.25409019,-0.28349847,0.26752317,-0.92090178,0
-4.8638668,-0.66984749,1.2237453,-0.95682067,-0.1432077,0.25295413,0
4.8297186,-0.90415299,-2.040729,0.95682067,0.1432077,-0.25295413,0
-4.7948484,-1.0172347,1.2722893,-0.95682067,-0.1432077,0.25295413,0
-0.95519817,1.806869,0.30771351,-0.28349847,0.26752317,-0.92090178,0
4.7077637,2.1383877,-0.35311031,0.95682067,0.1432077,-0.25295413,0
-4.6141386,-2.5468307,0.76714706,-0.95682067,-0.1432077,0.25295413,0
1.822753,-1.4415504,-1.4115572,0.064209223,-0.95284992,-0.29657084,0
-4.7131033,-1.7669505,0.72406054,-0.95682067,-0.1432077,0.25295413,0
2.2111118,-0.35221756,-1.2721028,-0.28349847,0.26752317,-0.92090178,0
-2.1748886,-2.1250045,-0.35645819,0.064209223,-0.95284992,-0.29657084,0
-2.6178107,1.3400126,1.5571291,-0.064209223,0.95284992,0.29657084,0
-2.1505218,1.3483222,1.6928034,0.28349847,-0.26752317,0.92090178,0
-4.8534961,-0.86068678,0.89016676,-0.95682067,-0.1432077,0.25295413,0
3.240267,-1.631604,-1.0893576,0.064209223,-0.95284992,-0.29657084,0
0.92180109,-0.5925675,-0.93178558,-0.28349847,0.26752317,-0.92090178,0
-1.292483,1.7216134,0.71593964,-0.064209223,0.95284992,0.29657084,0
1.6236531,2.3386512,-0.32700455,-0.064209223,0.95284992,0.29657084,0
4.627697,1.3916302,-1.5516477,0.95682067,0.1432077,-0.25295413,0
-4.8914022,-0.72275198,1.2464733,-0.95682067,-0.1432077,0.25295413,0
-2.3048573,-1.9941411,-0.35141933,-0.28349847,0.26752317,-0.92090178,0
-0.48019564,0.54883844,0.93801606,0.28349847,-0.26752317,0.92090178,0
3.4683123,-0.19625449,-1.5777903,-0.28349847,0.26752317,-0.92090178,0
4.8113542,0.52521348,-0.94774771,0.95682067,0.1432077,-0.25295413,0
0.89763153,2.0072598,0.35024914,-0.064209223,0.95284992,0.29657084,0
4.6833687,-0.094632149,-1.7345638,0.95682067,0.1432077,-0.25295413,0
-4.6265116,-1.6163683,1.2233977,-0.95682067,-0.1432077,0.25295413,0
4.4832587,-0.20184374,-0.81871271,0.28349847,-0.26752317,0.92090178,0
-1.5037465,-1.9094164,-0.63264912,0.064209223,-0.95284992,-0.29657084,0
-4.7760525,-1.870506,0.47692108,-0.95682067,-0.1432077,0.25295413,0
4.7760987,-1.353462,-1.6285357,0.064209223,-0.95284992,-0.29657084,0
-4.8923831,1.0642495,2.0522733,-0.95682067,-0.1432077,0.25295413,0
0.37876451,1.8819386,-0.067787819,-0.28349847,0.26752317,-0.92090178,0
-0.34836507,1.8192619,0.95187265,-0.064209223,0.95284992,0.29657084,0
-4.7536521,0.059796572,1.9169106,-0.95682067,-0.1432077,0.25295413,0
