-0.86380678,-0.83882165,-3.0083039,-0.79777867,-0.13181299,-0.58836597,0
3.7600267,0.28509629,-0.76657021,0.79777867,0.13181299,0.58836597,0
-0.021556735,-0.72775269,-3.7550678,0.60290927,-0.16300024,-0.78098094,0
-3.2721996,0.44985691,0.14231545,-0.79777867,-0.13181299,-0.58836597,0
-0.5627802,-0.77670658,-3.3813627,-0.79777867,-0.13181299,-0.58836597,0
1.116032,0.48235589,2.7217774,0.79777867,0.13181299,0.58836597,0
-0.15109959,0.67854464,3.6570554,-0.60290927,0.16300024,0.78098094,0
0.40335482,0.23203243,3.0242865,0.0070396326,-0.9777813,0.20950939,0
-3.1839356,0.73084825,0.86398512,-0.0070396326,0.9777813,-0.20950939,0
-2.5003316,-0.076702662,-0.74851221,-0.79777867,-0.13181299,-0.58836597,0
-1.3199388,-0.68386906,-2.4745636,-0.79777867,-0.13181299,-0.58836597,0
-3.5398104,0.51656866,1.0180655,-0.60290927,0.16300024,0.78098094,0
-1.7897508,0.53848308,2.3363254,-0.60290927,0.16300024,0.78098094,0
1.7127995,0.16937597,1.8231001,0.79777867,0.13181299,0.58836597,0
-2.2518044,0.65942848,1.1624017,-0.0070396326,0.9777813,-0.20950939,0
-0.69970161,-0.89258146,-3.182198,-0.79777867,-0.13181299,-0.58836597,0
1.4563193,-0.42767578,0.34754845,0.0070396326,-0.9777813,0.20950939,0
-3.0860269,-0.46827337,0.39669859,0.0070396326,-0.9777813,0.20950939,0
-0.076422766,-0.097766176,2.3590782,0.0070396326,-0.9777813,0.20950939,0
-1.041616,-0.21915881,1.3222725,0.0070396326,-0.9777813,0.20950939,0
1.3176244,0.26013428,-1.5195253,-0.0070396326,0.9777813,-0.20950939,0
-0.22383516,0.57101262,3.6149354,-0.60290927,0.16300024,0.78098094,0
0.21255393,-0.40360907,-3.6732416,0.60290927,-0.16300024,-0.78098094,0
-3.6493101,-0.16144601,0.66814429,-0.79777867,-0.13181299,-0.58836597,0
-0.031092394,-0.51985174,-0.14977813,0.0070396326,-0.9777813,0.20950939,0
-2.4236815,-0.22466592,-0.90192777,-0.79777867,-0.13181299,-0.58836597,0
1.972771,-0.43446457,0.22378588,0.0070396326,-0.9777813,0.20950939,0
-0.47670174,-0.5618242,-3.3596365,-0.79777867,-0.13181299,-0.58836597,0
-3.5215001,0.034124464,1.128202,-0.60290927,0.16300024,0.78098094,0
0.16218796,-0.22269499,-3.5414691,-0.0070396326,0.9777813,-0.20950939,0
3.1920376,-0.56094843,-0.33921087,0.0070396326,-0.9777813,0.20950939,0
2.298943,0.38576603,1.1797122,0.79777867,0.13181299,0.58836597,0
1.3497149,0.92339396,2.055912,0.79777867,0.13181299,0.58836597,0
1.9078243,-0.45821249,-0.05657655,0.0070396326,-0.9777813,0.20950939,0
-0.14167926,0.77448076,1.5783563,-0.0070396326,0.9777813,-0.20950939,0
-1.2595431,0.48179263,2.8532009,-0.60290927,0.16300024,0.78098094,0
-1.4562705,-0.68555939,-2.0118475,-0.79777867,-0.13181299,-0.58836597,0
3.2679486,-0.42277989,-0.084639788,0.79777867,0.13181299,0.58836597,0
-1.5674915,0.55738872,0.036699951,-0.0070396326,0.9777813,-0.20950939,0
2.7989926,-0.64418954,-1.604327,0.60290927,-0.16300024,-0.78098094,0
-3.5593808,-0.093846247,0.46172523,-0.79777867,-0.13181299,-0.58836597,0
-1.6160225,0.94530392,2.2165265,-0.0070396326,0.9777813,-0.20950939,0
0.62884319,-0.79415429,-3.1825454,0.60290927,-0.16300024,-0.78098094,0
-1.4151227,-0.22625177,1.409698,0.0070396326,-0.9777813,0.20950939,0
-1.1813002,-0.883542,-2.3462234,-0.79777867,-0.13181299,-0.58836597,0
-0.59881008,-0.6520918,-0.54346561,0.0070396326,-0.9777813,0.20950939,0
1.1599919,-0.89419985,-2.7531767,0.60290927,-0.16300024,-0.78098094,0
-2.8363957,-0.38540569,-0.4238928,-0.79777867,-0.13181299,-0.58836597,0
0.67176825,0.60500246,3.2135296,0.79777867,0.13181299,0.58836597,0
-0.65821683,-0.75295293,-0.72148305,0.0070396326,-0.9777813,0.20950939,0
-1.2550085,-0.88463986,-2.2043364,-0.79777867,-0.13181299,-0.58836597,0
-0.32714027,-0.46859974,-3.6242189,-0.79777867,-0.13181299,-0.58836597,0
-2.0216873,0.70349658,0.98557258,-0.0070396326,0.9777813,-0.20950939,0
-3.0921345,-0.095820405,1.5228143,-0.60290927,0.16300024,0.78098094,0
-0.51168203,1.0892737,2.9901958,-0.0070396326,0.9777813,-0.20950939,0
-1.1196529,-0.38930485,-2.6809475,-0.79777867,-0.13181299,-0.58836597,0
-1.0874252,-0.86425853,-2.7022228,-0.79777867,-0.13181299,-0.58836597,0
0.31512791,0.35066649,3.7999527,0.79777867,0.13181299,0.58836597,0
1.4718702,0.50855154,2.1076868,0.79777867,0.13181299,0.58836597,0
0.57352835,0.072648145,-2.0195243,-0.0070396326,0.9777813,-0.20950939,0
1.9093311,-0.80622721,-2.1577065,0.60290927,-0.16300024,-0.78098094,0
-3.2222948,-0.55754083,0.096028298,-0.79777867,-0.13181299,-0.58836597,0
-3.1631572,0.50972104,-0.00061509013,-0.79777867,-0.13181299,-0.58836597,0
0.27275556,0.70479429,3.8199253,-0.60290927,0.16300024,0.78098094,0
1.7649238,0.40082613,1.7210999,0.79777867,0.13181299,0.58836597,0
1.9635607,0.53486574,1.5786517,0.79777867,0.13181299,0.58836597,0
2.0468009,0.70150501,1.250416,0.79777867,0.13181299,0.58836597,0
3.0882878,-0.15969193,-1.4789975,0.60290927,-0.16300024,-0.78098094,0
1.4514741,-0.58025175,-0.37090892,0.0070396326,-0.9777813,0.20950939,0
-1.053566,0.2386384,3.0485704,-0.60290927,0.16300024,0.78098094,0
-2.1155677,0.027839541,-1.434263,-0.79777867,-0.13181299,-0.58836597,0
-3.3356018,0.41584077,1.2413371,-0.60290927,0.16300024,0.78098094,0
-0.34575751,-0.54970634,0.06925787,0.0070396326,-0.9777813,0.20950939,0
-2.930131,0.29059887,-0.4720529,-0.79777867,-0.13181299,-0.58836597,0
-1.8695531,-0.13724494,2.0361304,0.0070396326,-0.9777813,0.20950939,0
0.89455926,0.21155214,2.9179265,0.79777867,0.13181299,0.58836597,0
-1.1234165,0.40424812,-0.50504237,-0.0070396326,0.9777813,-0.20950939,0
1.7085454,-0.63999367,-2.3370099,0.60290927,-0.16300024,-0.78098094,0
0.69710565,0.99744707,1.8105663,-0.0070396326,0.9777813,-0.20950939,0
-0.69866854,0.44291496,3.2037408,-0.60290927,0.16300024,0.78098094,0
-0.075303793,0.63331044,0.26702935,-0.0070396326,0.9777813,-0.20950939,0
1.8994805,0.49500132,-0.096243456,-0.0070396326,0.9777813,-0.20950939,0
3.1958506,-0.40063077,-1.3376997,0.60290927,-0.16300024,-0.78098094,0
-0.53777152,0.35336417,3.2529221,-0.60290927,0.16300024,0.78098094,0
-1.0981072,0.89953834,1.8486893,-0.0070396326,0.9777813,-0.20950939,0
3.2114975,-0.13652813,-0.024599284,0.79777867,0.13181299,0.58836597,0
1.1327691,0.30913258,2.8068593,0.79777867,0.13181299,0.58836597,0
-0.79089987,0.35651675,3.2523136,-0.60290927,0.16300024,0.78098094,0
1.3969753,0.85839021,2.1971242,0.79777867,0.13181299,0.58836597,0
-0.41953048,0.98649782,3.2596917,-0.60290927,0.16300024,0.78098094,0
-1.8441401,0.64847744,2.3741241,-0.60290927,0.16300024,0.78098094,0
2.5572071,-0.56014955,-0.61529315,0.0070396326,-0.9777813,0.20950939,0
2.2910755,0.12922139,-1.9843223,0.60290927,-0.16300024,-0.78098094,0
-2.2224665,-0.29007214,0.80597019,0.0070396326,-0.9777813,0.20950939,0
1.5366256,0.081754908,-1.6874648,-0.0070396326,0.9777813,-0.20950939,0
3.5119009,-0.24830912,-0.62342364,0.79777867,0.13181299,0.58836597,0
-3.7969272,-0.32050818,1.0734375,-0.60290927,0.16300024,0.78098094,0
1.6737275,-0.43271777,-2.5141656,0.60290927,-0.16300024,-0.78098094,0
-3.0449219,0.20041892,1.4012481,-0.60290927,0.16300024,0.78098094,0
0.68086261,0.47016591,3.1803432,0.79777867,0.13181299,0.58836597,0
2.6496553,0.25172058,0.4337264,0.79777867,0.13181299,0.58836597,0
-1.8252795,-0.014825843,2.3439705,-0.60290927,0.16300024,0.78098094,0
-0.82750404,0.84814018,3.0246959,-0.60290927,0.16300024,0.78098094,0
0.058174759,-0.6939674,-3.5773208,0.60290927,-0.16300024,-0.78098094,0
3.4178998,-0.211237,-0.29475462,0.79777867,0.13181299,0.58836597,0
-0.31628674,-0.6150983,-3.5583177,-0.79777867,-0.13181299,-0.58836597,0
2.713994,0.34794936,-0.5307765,-0.0070396326,0.9777813,-0.20950939,0
-0.34428006,0.20515108,-0.96024877,-0.0070396326,0.9777813,-0.20950939,0
3.820626,-0.2429404,-0.85103816,0.60290927,-0.16300024,-0.78098094,0
0.83096993,-0.32914829,-3.1479166,0.60290927,-0.16300024,-0.78098094,0
1.3684431,-0.99024856,-2.1119514,0.0070396326,-0.9777813,0.20950939,0
-2.1284852,-0.68915534,-1.0472089,-0.79777867,-0.13181299,-0.58836597,0
3.5547473,0.35655451,-0.92247242,-0.0070396326,0.9777813,-0.20950939,0
-0.35311222,-0.58455199,-3.5210848,-0.79777867,-0.13181299,-0.58836597,0
3.6680181,0.12002976,-0.9977088,0.60290927,-0.16300024,-0.78098094,0
3.4481668,0.26062441,-0.46607491,0.79777867,0.13181299,0.58836597,0
1.7188396,0.66146034,1.8696429,0.79777867,0.13181299,0.58836597,0
1.7861657,0.21430357,1.796997,0.79777867,0.13181299,0.58836597,0
3.2202504,0.099039532,-1.4332658,0.60290927,-0.16300024,-0.78098094,0
2.8577926,0.527349,0.39526677,-0.0070396326,0.9777813,-0.20950939,0
-2.5669329,-0.17124857,-0.65494388,-0.79777867,-0.13181299,-0.58836597,0
-2.3831403,0.12060408,2.0910287,-0.60290927,0.16300024,0.78098094,0
-1.1391093,0.34322953,2.9413633,-0.60290927,0.16300024,0.78098094,0
3.221314,-0.22856703,-1.3763971,0.60290927,-0.16300024,-0.78098094,0
2.9985654,0.30028677,0.090355068,0.79777867,0.13181299,0.58836597,0
-2.1792002,0.61867064,1.0228372,-0.0070396326,0.9777813,-0.20950939,0
2.6591585,-0.06303978,0.7707569,0.79777867,0.13181299,0.58836597,0
0.16226074,-1.1095275,-2.4328551,0.0070396326,-0.9777813,0.20950939,0
0.42179856,-1.1068367,-3.2349412,0.60290927,-0.16300024,-0.78098094,0
-2.8802919,0.22881021,1.4675146,-0.60290927,0.16300024,0.78098094,0
2.2919648,0.81500268,0.88001114,-0.0070396326,0.9777813,-0.20950939,0
-1.6647443,0.60316086,2.4362664,-0.60290927,0.16300024,0.78098094,0
0.46887684,-0.49831086,-3.2807066,0.60290927,-0.16300024,-0.78098094,0
0.19281983,0.30308101,3.8203018,-0.60290927,0.16300024,0.78098094,0
2.0167234,0.53592235,-0.040412784,-0.0070396326,0.9777813,-0.20950939,0
-3.4143786,0.23192504,0.49131531,-0.79777867,-0.13181299,-0.58836597,0
-1.8579017,-0.45873851,-1.7863233,-0.79777867,-0.13181299,-0.58836597,0
-3.7074575,-0.13536724,0.74241149,-0.79777867,-0.13181299,-0.58836597,0
-0.94437701,-0.76708555,-2.8950825,-0.79777867,-0.13181299,-0.58836597,0
2.7779527,-0.5290069,-1.4788067,0.60290927,-0.16300024,-0.78098094,0
0.98813081,-0.20012112,1.1606064,0.0070396326,-0.9777813,0.20950939,0
2.0213172,-0.021179199,1.5902228,0.79777867,0.13181299,0.58836597,0
-1.8073303,-0.19283609,-1.7500151,-0.79777867,-0.13181299,-0.58836597,0
-2.4035563,-0.23851115,1.3854961,0.0070396326,-0.9777813,0.20950939,0
1.6002704,-0.47925544,0.24106567,0.0070396326,-0.9777813,0.20950939,0
-0.36981887,0.53600639,3.3519444,-0.60290927,0.16300024,0.78098094,0
-1.4813626,0.33811066,2.6395237,-0.60290927,0.16300024,0.78098094,0
1.9790076,0.50345325,0.037735119,-0.0070396326,0.9777813,-0.20950939,0
-3.4092109,0.45746654,1.0185814,-0.60290927,0.16300024,0.78098094,0
0.68032223,0.54380006,3.3324499,0.79777867,0.13181299,0.58836597,0
-0.5299679,0.20655586,3.356226,-0.60290927,0.16300024,0.78098094,0
-3.5911732,-0.12510684,0.57758415,-0.79777867,-0.13181299,-0.58836597,0
3.4899526,-0.42015219,-0.50343627,0.79777867,0.13181299,0.58836597,0
1.9585261,0.39711612,1.4117613,0.79777867,0.13181299,0.58836597,0
0.61570179,0.29033086,3.2620468,0.79777867,0.13181299,0.58836597,0
-2.4552174,0.65989017,1.8990456,-0.60290927,0.16300024,0.78098094,0
-0.31145251,-0.055480596,-2.5620482,-0.0070396326,0.9777813,-0.20950939,0
-2.130657,-0.55804873,-1.335488,-0.79777867,-0.13181299,-0.58836597,0
0.13843274,0.92691588,3.6748509,-0.60290927,0.16300024,0.78098094,0
3.1072855,0.16510081,-0.00051644444,0.79777867,0.13181299,0.58836597,0
-2.6415811,0.37731856,1.7522733,-0.60290927,0.16300024,0.78098094,0
0.45631891,-0.002512306,2.1489105,0.0070396326,-0.9777813,0.20950939,0
2.1685104,0.52599669,1.1353545,0.79777867,0.13181299,0.58836597,0
2.5421419,0.017043844,-1.9915015,0.60290927,-0.16300024,-0.78098094,0
-0.81026906,0.67457926,0.37536737,-0.0070396326,0.9777813,-0.20950939,0
-3.0543518,-0.045046076,-0.24138436,-0.79777867,-0.13181299,-0.58836597,0
-3.6182752,0.14300156,0.94077349,-0.60290927,0.16300024,0.78098094,0
0.63244224,-1.1004716,-2.8573928,0.0070396326,-0.9777813,0.20950939,0
-2.857861,0.41485727,-0.048066974,-0.0070396326,0.9777813,-0.20950939,0
1.7791488,-1.013674,-2.1361504,0.60290927,-0.16300024,-0.78098094,0
0.99851912,-0.39523816,0.2706129,0.0070396326,-0.9777813,0.20950939,0
-1.2341127,-0.49849999,-2.350354,-0.79777867,-0.13181299,-0.58836597,0
1.6190798,-0.99282867,-2.3129807,0.0070396326,-0.9777813,0.20950939,0
-0.82483357,-0.46215197,0.58785427,0.0070396326,-0.9777813,0.20950939,0
2.6678829,0.60810286,0.53325605,0.79777867,0.13181299,0.58836597,0
1.2442082,-1.1017686,-2.5780709,0.60290927,-0.16300024,-0.78098094,0
-0.93334192,-0.70027375,-2.8044422,-0.79777867,-0.13181299,-0.58836597,0
-2.5113888,0.40330836,1.712292,-0.60290927,0.16300024,0.78098094,0
0.34519577,-0.42676696,0.33358058,0.0070396326,-0.9777813,0.20950939,0
0.40535504,-0.57835096,-3.5186367,0.60290927,-0.16300024,-0.78098094,0
2.0976148,0.064445525,1.2517706,0.79777867,0.13181299,0.58836597,0
0.15007848,0.83427083,3.7225206,0.79777867,0.13181299,0.58836597,0
-2.2688003,-0.19252063,-1.0378473,-0.79777867,-0.13181299,-0.58836597,0
0.62693441,-0.31599084,1.0975872,0.0070396326,-0.9777813,0.20950939,0
-1.0597048,-0.45223171,-2.6717553,-0.79777867,-0.13181299,-0.58836597,0
2.5635252,0.058653638,0.63560474,0.79777867,0.13181299,0.58836597,0
-1.0702291,-0.69392794,-2.5810778,-0.79777867,-0.13181299,-0.58836597,0
-3.4780281,0.23151185,0.43898624,-0.79777867,-0.13181299,-0.58836597,0
-0.67944717,0.32210824,-0.99817336,-0.0070396326,0.9777813,-0.20950939,0
2.3430603,-0.55635709,-1.8581147,0.60290927,-0.16300024,-0.78098094,0
3.1014783,0.34779671,-0.45641768,-0.0070396326,0.9777813,-0.20950939,0
2.859921,-0.8119576,-1.4686778,0.60290927,-0.16300024,-0.78098094,0
3.1787162,-0.026157528,-0.18578207,0.79777867,0.13181299,0.58836597,0
-1.2836038,-0.047141112,2.0210078,0.0070396326,-0.9777813,0.20950939,0
0.13459319,0.49408668,3.8230648,-0.60290927,0.16300024,0.78098094,0
2.4655209,-0.11144926,0.83945811,0.79777867,0.13181299,0.58836597,0
-1.7086942,0.15983376,2.5174985,-0.60290927,0.16300024,0.78098094,0
-0.27589637,-0.75847685,-3.7032781,-0.79777867,-0.13181299,-0.58836597,0
-0.13618425,0.52434206,-0.14803475,-0.0070396326,0.9777813,-0.20950939,0
2.6677721,-0.70387936,-1.570907,0.60290927,-0.16300024,-0.78098094,0
-2.5928733,0.61530501,0.65683663,-0.0070396326,0.9777813,-0.20950939,0
-0.41712052,-0.86423755,-1.2943863,0.0070396326,-0.9777813,0.20950939,0
1.2303534,0.069689527,-1.6283822,-0.0070396326,0.9777813,-0.20950939,0
-1.1479709,-1.0475005,-2.5571568,-0.79777867,-0.13181299,-0.58836597,0
2.2427316,-0.26886287,-1.9872061,0.60290927,-0.16300024,-0.78098094,0
0.37471938,0.75586128,3.4800282,0.79777867,0.13181299,0.58836597,0
0.7564795,0.90872532,1.438467,-0.0070396326,0.9777813,-0.20950939,0
2.2406607,-0.68864244,-2.0258305,0.60290927,-0.16300024,-0.78098094,0
-1.5256162,-0.015483245,-2.1426291,-0.0070396326,0.9777813,-0.20950939,0
2.1840906,0.13303965,-1.6241342,-0.0070396326,0.9777813,-0.20950939,0
-1.2126523,0.97621894,2.7565854,-0.60290927,0.16300024,0.78098094,0
1.8871098,0.76983845,1.5351838,0.79777867,0.13181299,0.58836597,0
1.2705909,0.014823475,-2.4735124,-0.0070396326,0.9777813,-0.20950939,0
-1.6696723,-0.2575835,-2.0149913,-0.79777867,-0.13181299,-0.58836597,0
-0.9401685,0.043458678,-2.5448906,-0.0070396326,0.9777813,-0.20950939,0
3.2366319,-0.0066698194,0.023479968,0.79777867,0.13181299,0.58836597,0
-0.29489386,-1.240296,-3.6652513,-0.79777867,-0.13181299,-0.58836597,0
-0.11400476,1.0452715,3.5107505,-0.60290927,0.16300024,0.78098094,0
1.2667676,-1.0087922,-2.559813,0.60290927,-0.16300024,-0.78098094,0
0.47838986,0.48252386,3.4499454,0.79777867,0.13181299,0.58836597,0
-0.44101447,-0.83677179,-1.2649965,0.0070396326,-0.9777813,0.20950939,0
3.5667794,-0.27348936,-1.1325915,0.60290927,-0.16300024,-0.78098094,0
3.0405226,0.2401861,-1.4162534,-0.0070396326,0.9777813,-0.20950939,0
-0.78624737,-0.061153419,2.464931,0.0070396326,-0.9777813,0.20950939,0
0.79945636,-0.27456337,-3.0524988,0.60290927,-0.16300024,-0.78098094,0
1.2359203,0.28250468,-1.2555919,-0.0070396326,0.9777813,-0.20950939,0
-0.44927844,0.54030645,3.4010253,-0.60290927,0.16300024,0.78098094,0
-1.656136,-0.18545522,-1.8488952,-0.79777867,-0.13181299,-0.58836597,0
1.5328523,0.70071399,1.9298187,0.79777867,0.13181299,0.58836597,0
0.57271183,-0.12438378,-3.234515,-0.0070396326,0.9777813,-0.20950939,0
-0.36760801,0.037406191,-2.5448043,-0.0070396326,0.9777813,-0.20950939,0
-3.5509889,0.44563937,1.0634861,-0.60290927,0.16300024,0.78098094,0
-1.3857808,0.37981048,2.6483238,-0.60290927,0.16300024,0.78098094,0
2.5580299,-0.79860157,-0.9841733,0.0070396326,-0.9777813,0.20950939,0
0.81860733,0.9598574,3.0832975,0.79777867,0.13181299,0.58836597,0
3.696177,0.10329031,-0.98505533,0.60290927,-0.16300024,-0.78098094,0
1.3963786,0.97870564,2.0824594,0.79777867,0.13181299,0.58836597,0
3.6707118,0.23270854,-0.81336176,0.79777867,0.13181299,0.58836597,0
0.29637447,-1.0400858,-3.4516959,0.60290927,-0.16300024,-0.78098094,0
0.50588471,-1.1138246,-2.5669198,0.0070396326,-0.9777813,0.20950939,0
3.229672,-0.27922088,-1.3670366,0.60290927,-0.16300024,-0.78098094,0
-0.81683528,-0.77467054,-2.8352754,-0.79777867,-0.13181299,-0.58836597,0
2.6792948,-0.24889717,-1.7981777,0.60290927,-0.16300024,-0.78098094,0
3.1194174,-0.43042392,-1.3173521,0.60290927,-0.16300024,-0.78098094,0
0.738478,0.28567612,3.160111,0.79777867,0.13181299,0.58836597,0
-3.5631816,0.0099489242,0.54157442,-0.79777867,-0.13181299,-0.58836597,0
0.62692118,-0.38085172,-3.2667055,0.60290927,-0.16300024,-0.78098094,0
-2.1736083,0.23945579,2.0815914,-0.60290927,0.16300024,0.78098094,0
2.9857666,0.20573309,0.24820668,0.79777867,0.13181299,0.58836597,0
-0.29000843,-1.3023332,-3.653852,-0.79777867,-0.13181299,-0.58836597,0
-2.423913,0.71833879,1.8814325,-0.60290927,0.16300024,0.78098094,0
-2.3759456,0.71706909,1.7343823,-0.60290927,0.16300024,0.78098094,0
-1.714983,-0.1293758,-1.8885849,-0.79777867,-0.13181299,-0.58836597,0
1.5187768,-0.2974005,-2.6159391,0.60290927,-0.16300024,-0.78098094,0
0.35510349,0.58847916,0.032414477,-0.0070396326,0.9777813,-0.20950939,0
0.43641293,-0.98424983,-3.42135,0.60290927,-0.16300024,-0.78098094,0
0.77683264,-0.7152704,-3.1028452,0.60290927,-0.16300024,-0.78098094,0
-2.9823568,-0.028426126,1.4457402,-0.60290927,0.16300024,0.78098094,0
1.7451032,0.54157686,1.7239684,0.79777867,0.13181299,0.58836597,0
2.4820559,0.47393274,0.71781808,0.79777867,0.13181299,0.58836597,0
-1.473495,-0.71160465,-2.0900917,-0.79777867,-0.13181299,-0.58836597,0
1.8105779,-0.022909928,-2.3343906,0.60290927,-0.16300024,-0.78098094,0
-0.60914671,-0.78050876,-3.2515237,-0.79777867,-0.13181299,-0.58836597,0
-1.7636199,-0.52943802,-1.8554398,-0.79777867,-0.13181299,-0.58836597,0
2.0762329,0.038009223,-2.2014966,0.60290927,-0.16300024,-0.78098094,0
-3.473388,-0.23022491,0.62878263,-0.79777867,-0.13181299,-0.58836597,0
-2.840162,-0.3754732,1.1545743,0.0070396326,-0.9777813,0.20950939,0
-2.8043218,-0.12917918,-0.39333901,-0.79777867,-0.13181299,-0.58836597,0
-1.1308901,-0.14495316,1.6054299,0.0070396326,-0.9777813,0.20950939,0
3.4648092,0.11016336,-0.34082705,0.79777867,0.13181299,0.58836597,0
3.1468554,-0.16413984,0.016565204,0.79777867,0.13181299,0.58836597,0
0.34996617,1.0675387,3.6561685,0.79777867,0.13181299,0.58836597,0
3.2029171,-0.34833255,-1.3404222,0.60290927,-0.16300024,-0.78098094,0
-0.68438542,1.0077251,3.0943413,-0.60290927,0.16300024,0.78098094,0
3.646302,0.014819682,-0.56033731,0.79777867,0.13181299,0.58836597,0
-1.0643971,0.0013181195,-2.3986471,-0.0070396326,0.9777813,-0.20950939,0
-1.268749,-0.54697245,-2.2672212,-0.79777867,-0.13181299,-0.58836597,0
-2.0584333,-0.27560866,-1.4347142,-0.79777867,-0.13181299,-0.58836597,0
1.3344001,0.83536029,2.2632673,0.79777867,0.13181299,0.58836597,0
0.11716861,0.24300161,3.2050304,0.0070396326,-0.9777813,0.20950939,0
2.0977767,0.61639833,1.1862754,0.79777867,0.13181299,0.58836597,0
2.8865829,-0.23810355,-1.4732442,0.60290927,-0.16300024,-0.78098094,0
0.89396513,0.40945223,-0.068371952,-0.0070396326,0.9777813,-0.20950939,0
-0.03750968,0.9238714,2.1300061,-0.0070396326,0.9777813,-0.20950939,0
-2.7562804,0.65400898,1.6228437,-0.60290927,0.16300024,0.78098094,0
-1.6946685,-0.56037843,-1.6710341,-0.79777867,-0.13181299,-0.58836597,0
0.70948672,-0.97731775,-2.1237228,0.0070396326,-0.9777813,0.20950939,0
-1.8691278,-0.6720314,-1.4782573,-0.79777867,-0.13181299,-0.58836597,0
1.1518661,0.31323591,-0.89894688,-0.0070396326,0.9777813,-0.20950939,0
-1.481998,0.89457166,2.428061,-0.60290927,0.16300024,0.78098094,0
-3.2554433,0.12423879,1.1854627,-0.60290927,0.16300024,0.78098094,0
0.10968885,-0.85530436,-3.5004768,0.60290927,-0.16300024,-0.78098094,0
-0.095926046,0.28492352,3.5481038,0.0070396326,-0.9777813,0.20950939,0
1.1313,-1.0351121,-2.7205207,0.0070396326,-0.9777813,0.20950939,0
0.12577295,-1.245051,-3.2641087,0.0070396326,-0.9777813,0.20950939,0
0.720281,-0.33943275,-3.1149938,0.60290927,-0.16300024,-0.78098094,0
-2.8232214,-0.13320808,1.3950188,0.0070396326,-0.9777813,0.20950939,0
-1.8705387,-0.28273314,-1.7733648,-0.79777867,-0.13181299,-0.58836597,0
2.1874151,-0.05686675,1.3157438,0.79777867,0.13181299,0.58836597,0
0.61908168,-0.60495889,-0.7285282,0.0070396326,-0.9777813,0.20950939,0
-3.3297842,-0.3004756,0.33229879,-0.79777867,-0.13181299,-0.58836597,0
0.2607097,-0.59746456,-3.480665,0.60290927,-0.16300024,-0.78098094,0
-1.0308824,-0.42714354,-2.809262,-0.79777867,-0.13181299,-0.58836597,0
-0.42402869,-0.83247948,-3.3371525,-0.79777867,-0.13181299,-0.58836597,0
1.2382898,0.96876979,2.3439009,0.79777867,0.13181299,0.58836597,0
2.1745992,-0.27527341,-2.0092895,0.60290927,-0.16300024,-0.78098094,0
-3.8548622,0.17234148,0.79506046,-0.79777867,-0.13181299,-0.58836597,0
-1.0091391,0.15240531,3.1217096,-0.60290927,0.16300024,0.78098094,0
-0.68442112,-0.64680034,-3.0458906,-0.79777867,-0.13181299,-0.58836597,0
-1.0347856,0.90214914,2.25389,-0.0070396326,0.9777813,-0.20950939,0
-1.4930356,-0.7730999,-1.8839046,-0.79777867,-0.13181299,-0.58836597,0
-1.0118665,0.077869914,2.5869503,0.0070396326,-0.9777813,0.20950939,0
-1.7791164,-0.50364292,-1.7484857,-0.79777867,-0.13181299,-0.58836597,0
0.33067212,-0.34917474,-3.5252016,0.60290927,-0.16300024,-0.78098094,0
-0.042526662,-1.1268921,-3.2237322,0.0070396326,-0.9777813,0.20950939,0
-3.2290263,0.049224168,1.3545276,-0.60290927,0.16300024,0.78098094,0
-0.84832102,-1.0194104,-2.6909015,0.0070396326,-0.9777813,0.20950939,0
2.5834918,-0.12303065,0.66347176,0.79777867,0.13181299,0.58836597,0
-0.1933465,1.0309365,3.5551751,-0.60290927,0.16300024,0.78098094,0
-0.073236018,0.086704992,3.0159917,0.0070396326,-0.9777813,0.20950939,0
1.7959578,-0.20337746,-2.5304801,0.60290927,-0.16300024,-0.78098094,0
-0.38878047,-1.2019006,-3.4765513,-0.79777867,-0.13181299,-0.58836597,0
3.2497675,-0.71836823,-1.1242445,0.60290927,-0.16300024,-0.78098094,0
0.13109615,-0.25935736,1.3350005,0.0070396326,-0.9777813,0.20950939,0
0.78971988,0.61818397,3.141933,0.79777867,0.13181299,0.58836597,0
1.5947754,0.83548307,1.8885432,0.79777867,0.13181299,0.58836597,0
0.84671164,0.88806438,2.9180529,0.79777867,0.13181299,0.58836597,0
-0.82003593,-0.20773408,1.7196819,0.0070396326,-0.9777813,0.20950939,0
0.055186734,0.56297046,0.12201212,-0.0070396326,0.9777813,-0.20950939,0
0.96714073,-0.71178025,-0.80571556,0.0070396326,-0.9777813,0.20950939,0
-0.21738313,0.95738369,3.4265745,-0.60290927,0.16300024,0.78098094,0
2.940424,-0.62625235,-0.55404449,0.0070396326,-0.9777813,0.20950939,0
-0.26804081,1.1181899,3.3062148,-0.60290927,0.16300024,0.78098094,0
0.22620295,0.77755302,1.1144809,-0.0070396326,0.9777813,-0.20950939,0
-1.6391098,0.76015174,2.3233881,-0.60290927,0.16300024,0.78098094,0
0.68784827,-1.0811067,-2.9074817,0.0070396326,-0.9777813,0.20950939,0
-0.21602681,0.60107094,3.592978,-0.60290927,0.16300024,0.78098094,0
-2.1995037,0.034334511,-1.2874823,-0.79777867,-0.13181299,-0.58836597,0
-2.4272535,0.26226589,-0.69232082,-0.0070396326,0.9777813,-0.20950939,0
0.69684708,1.0503596,2.8407018,-0.0070396326,0.9777813,-0.20950939,0
-1.0024176,-0.76637483,-1.5320868,0.0070396326,-0.9777813,0.20950939,0
3.5216451,0.27396303,-0.71543944,0.79777867,0.13181299,0.58836597,0
-2.9446061,0.039582834,-0.32181931,-0.79777867,-0.13181299,-0.58836597,0
1.6944983,-0.38679406,0.056142911,0.0070396326,-0.9777813,0.20950939,0
2.2781863,0.29453629,0.95685267,0.79777867,0.13181299,0.58836597,0
-2.681087,0.57274967,1.6702154,-0.60290927,0.16300024,0.78098094,0
0.40601641,-0.31115356,0.68459988,0.0070396326,-0.9777813,0.20950939,0
-1.6394604,0.47610721,2.4860494,-0.60290927,0.16300024,0.78098094,0
-0.56420958,-1.0027437,-1.9252739,0.0070396326,-0.9777813,0.20950939,0
-1.3923808,-0.26991302,1.1852757,0.0070396326,-0.9777813,0.20950939,0
-3.4610953,0.26804656,0.2772187,-0.79777867,-0.13181299,-0.58836597,0
0.57337451,-1.0421835,-3.3054698,0.60290927,-0.16300024,-0.78098094,0
2.9346783,-0.28569788,-1.5334969,0.60290927,-0.16300024,-0.78098094,0
-1.8808658,-0.66631776,-0.45783487,0.0070396326,-0.9777813,0.20950939,0
2.7148838,-0.55487102,-0.60810995,0.0070396326,-0.9777813,0.20950939,0
1.1667812,-0.70862025,-2.7244909,0.60290927,-0.16300024,-0.78098094,0
-2.5359516,0.81733018,1.4444376,-0.0070396326,0.9777813,-0.20950939,0
-1.6100647,0.82029343,2.3170278,-0.60290927,0.16300024,0.78098094,0
2.2139344,-0.48412853,-0.40949047,0.0070396326,-0.9777813,0.20950939,0
0.26521769,0.32714912,-1.0454292,-0.0070396326,0.9777813,-0.20950939,0
-1.6736472,0.46540147,2.3360002,-0.60290927,0.16300024,0.78098094,0
2.6206417,0.29343894,0.73841453,0.79777867,0.13181299,0.58836597,0
2.2013206,0.66567236,1.1241385,0.79777867,0.13181299,0.58836597,0
-0.38332933,0.28872186,3.3931241,-0.60290927,0.16300024,0.78098094,0
-1.9196637,-0.74522638,-0.74201965,0.0070396326,-0.9777813,0.20950939,0
0.67837584,0.97042489,2.5560031,-0.0070396326,0.9777813,-0.20950939,0
0.90566969,0.045951143,2.349546,0.0070396326,-0.9777813,0.20950939,0
-1.7922442,0.87015039,2.1937854,-0.60290927,0.16300024,0.78098094,0
2.3704972,-0.89921737,-1.8344963,0.0070396326,-0.9777813,0.20950939,0
2.141314,-0.66310376,-0.69674134,0.0070396326,-0.9777813,0.20950939,0
-0.3002634,-0.80162954,-1.4719782,0.0070396326,-0.9777813,0.20950939,0
2.8187428,-0.29277417,0.39483887,0.79777867,0.13181299,0.58836597,0
-2.1128719,-0.36465609,-1.390415,-0.79777867,-0.13181299,-0.58836597,0
3.0182567,-0.45199424,0.092257053,0.0070396326,-0.9777813,0.20950939,0
-0.24521895,-0.66716033,-0.87232494,0.0070396326,-0.9777813,0.20950939,0
-0.42854601,-0.96330732,-3.4812069,-0.79777867,-0.13181299,-0.58836597,0
-2.9448409,-0.48197597,-0.29923308,-0.79777867,-0.13181299,-0.58836597,0
2.2097809,0.1170326,-2.1551926,0.60290927,-0.16300024,-0.78098094,0
-0.93678528,-0.62627238,-0.68763316,0.0070396326,-0.9777813,0.20950939,0
-1.6803508,-0.61027348,-1.8850172,-0.79777867,-0.13181299,-0.58836597,0
-1.2942671,-0.014105834,-2.3540516,-0.0070396326,0.9777813,-0.20950939,0
3.3135457,-0.33310062,-0.12293231,0.79777867,0.13181299,0.58836597,0
0.71860504,0.075028636,-2.4645934,-0.0070396326,0.9777813,-0.20950939,0
-0.98355317,-1.0711526,-2.7849455,-0.79777867,-0.13181299,-0.58836597,0
0.94832182,0.04766034,-2.3987651,-0.0070396326,0.9777813,-0.20950939,0
3.1756923,-0.76766527,-1.2258379,0.60290927,-0.16300024,-0.78098094,0
1.1577661,0.99952447,2.3709204,0.79777867,0.13181299,0.58836597,0
-0.66307771,0.60559493,3.145679,-0.60290927,0.16300024,0.78098094,0
2.619523,0.34716207,0.77954435,0.79777867,0.13181299,0.58836597,0
0.03814882,-1.1121184,-3.5000355,0.60290927,-0.16300024,-0.78098094,0
1.2878017,0.51602399,2.2450001,0.79777867,0.13181299,0.58836597,0
-0.92715567,0.89576972,2.8809128,-0.60290927,0.16300024,0.78098094,0
2.5115879,0.21857858,-1.5109432,-0.0070396326,0.9777813,-0.20950939,0
1.73733,0.19265056,1.7864342,0.79777867,0.13181299,0.58836597,0
-0.95690715,0.07339301,-1.6621941,-0.0070396326,0.9777813,-0.20950939,0
0.43719891,-0.65505439,-3.4330411,0.60290927,-0.16300024,-0.78098094,0
-0.52852136,1.0879285,3.0409036,-0.0070396326,0.9777813,-0.20950939,0
-2.5545149,-0.25222898,-0.77714562,-0.79777867,-0.13181299,-0.58836597,0
1.7951802,0.079178274,1.9306486,0.79777867,0.13181299,0.58836597,0
-1.6423811,0.082119629,2.4725308,-0.60290927,0.16300024,0.78098094,0
1.1641781,0.34752131,-0.57410318,-0.0070396326,0.9777813,-0.20950939,0
2.5080502,0.34285337,0.80542964,0.79777867,0.13181299,0.58836597,0
3.6623783,-0.70588684,-0.8716985,0.0070396326,-0.9777813,0.20950939,0
-1.1447244,0.49581471,2.9421279,-0.60290927,0.16300024,0.78098094,0
2.582212,0.46668354,0.77485567,0.79777867,0.13181299,0.58836597,0
-1.9419416,-0.49755779,0.05192402,0.0070396326,-0.9777813,0.20950939,0
-2.1754217,-0.5099563,-1.2600937,-0.79777867,-0.13181299,-0.58836597,0
-2.343219,0.10247772,2.0155716,-0.60290927,0.16300024,0.78098094,0
3.1166844,0.55663365,-0.14573479,0.79777867,0.13181299,0.58836597,0
1.0575464,-0.23125294,1.1033562,0.0070396326,-0.9777813,0.20950939,0
-0.91935813,0.20895435,3.1420894,-0.60290927,0.16300024,0.78098094,0
-0.049806476,-0.40076059,-3.7332292,0.60290927,-0.16300024,-0.78098094,0
0.15890324,-1.0664455,-3.4580882,0.60290927,-0.16300024,-0.78098094,0
-2.3530083,0.149592,-0.9661296,-0.79777867,-0.13181299,-0.58836597,0
2.558228,0.061196253,0.63485783,0.79777867,0.13181299,0.58836597,0
-3.0169454,0.025037408,-0.27130005,-0.79777867,-0.13181299,-0.58836597,0
0.83412963,-0.36787981,-3.1947489,0.60290927,-0.16300024,-0.78098094,0
-1.2148418,-1.0597092,-2.2199168,0.0070396326,-0.9777813,0.20950939,0
-0.5739097,-0.2610642,-3.2660801,-0.79777867,-0.13181299,-0.58836597,0
-3.451395,-0.067624047,0.5573349,-0.79777867,-0.13181299,-0.58836597,0
-0.59203625,-0.25417072,1.0293508,0.0070396326,-0.9777813,0.20950939,0
-1.2030098,0.95428193,2.1845236,-0.0070396326,0.9777813,-0.20950939,0
0.24613583,1.275423,3.6709113,-0.60290927,0.16300024,0.78098094,0
3.5763733,0.40892726,-0.98583001,-0.0070396326,0.9777813,-0.20950939,0
0.94668752,-0.0093442686,-2.193053,-0.0070396326,0.9777813,-0.20950939,0
-0.34831655,-0.15930578,-3.2799551,-0.0070396326,0.9777813,-0.20950939,0
-3.2221718,0.16625094,1.3981607,-0.60290927,0.16300024,0.78098094,0
0.95612407,0.32921541,2.9439206,0.79777867,0.13181299,0.58836597,0
-3.2784276,0.14253274,1.2389957,-0.60290927,0.16300024,0.78098094,0
-2.7963862,0.42277765,-0.3822858,-0.0070396326,0.9777813,-0.20950939,0
3.7244821,-0.57373136,-0.70854735,0.79777867,0.13181299,0.58836597,0
-3.1303456,-0.39574072,0.11031806,-0.79777867,-0.13181299,-0.58836597,0
2.8315451,-0.39219344,-1.5903084,0.60290927,-0.16300024,-0.78098094,0
1.7072864,0.090087637,1.7678049,0.79777867,0.13181299,0.58836597,0
-3.5589061,0.27735734,0.39043123,-0.79777867,-0.13181299,-0.58836597,0
-0.93565643,0.66309297,3.0813625,-0.60290927,0.16300024,0.78098094,0
0.82400167,-0.92184711,-2.3310432,0.0070396326,-0.9777813,0.20950939,0
-2.2414732,0.71848184,1.0658823,-0.0070396326,0.9777813,-0.20950939,0
-2.0548863,-0.67502701,-0.39306006,0.0070396326,-0.9777813,0.20950939,0
-1.5462787,0.57281196,2.6357229,-0.60290927,0.16300024,0.78098094,0
1.3076468,0.87635893,2.1922116,0.79777867,0.13181299,0.58836597,0
-1.0905713,0.18456964,2.8439939,-0.60290927,0.16300024,0.78098094,0
-3.0372713,0.15794142,1.5430475,-0.60290927,0.16300024,0.78098094,0
1.3942726,-0.11342874,-2.8416967,0.60290927,-0.16300024,-0.78098094,0
-2.6472273,-0.67643237,-0.39052004,0.0070396326,-0.9777813,0.20950939,0
3.2040401,-0.61637747,-1.3325431,0.60290927,-0.16300024,-0.78098094,0
0.87904787,-0.36466566,-3.1927173,0.60290927,-0.16300024,-0.78098094,0
1.9893218,0.43595022,-0.018043086,-0.0070396326,0.9777813,-0.20950939,0
1.4828215,0.44028378,-0.76173872,-0.0070396326,0.9777813,-0.20950939,0
3.2066903,-0.72026938,-0.90634203,0.0070396326,-0.9777813,0.20950939,0
-1.0392593,0.25156054,2.9098139,-0.60290927,0.16300024,0.78098094,0
2.1762133,0.34180105,1.2237731,0.79777867,0.13181299,0.58836597,0
-2.8478236,0.065122649,-0.27015138,-0.79777867,-0.13181299,-0.58836597,0
-1.707095,-0.84516126,-1.1904525,0.0070396326,-0.9777813,0.20950939,0
0.27899545,0.1259937,-1.5924557,-0.0070396326,0.9777813,-0.20950939,0
1.2024035,-0.70847166,-0.63436037,0.0070396326,-0.9777813,0.20950939,0
-2.1181102,-0.0057611018,-1.5068994,-0.79777867,-0.13181299,-0.58836597,0
1.3946892,0.0031836331,2.030499,0.0070396326,-0.9777813,0.20950939,0
1.452527,0.58739573,2.006938,0.79777867,0.13181299,0.58836597,0
2.2183666,-0.56888175,-0.70463741,0.0070396326,-0.9777813,0.20950939,0
0.88613915,-1.0563205,-3.0125649,0.60290927,-0.16300024,-0.78098094,0
1.1960558,-0.98908615,-2.2938783,0.0070396326,-0.9777813,0.20950939,0
2.0863702,-0.6246739,-2.1753936,0.60290927,-0.16300024,-0.78098094,0
0.53342587,0.19413337,2.8085909,0.0070396326,-0.9777813,0.20950939,0
3.097883,-0.026392296,0.19419624,0.79777867,0.13181299,0.58836597,0
0.70605671,-0.68603081,-0.48523754,0.0070396326,-0.9777813,0.20950939,0
-0.95607847,0.6663298,2.8438561,-0.60290927,0.16300024,0.78098094,0
3.5390325,-0.059491411,-0.99584746,0.60290927,-0.16300024,-0.78098094,0
-2.8957191,-0.38753235,0.20228088,0.0070396326,-0.9777813,0.20950939,0
-0.91843736,0.42238864,3.0361872,-0.60290927,0.16300024,0.78098094,0
-0.14868486,-0.34414512,-3.8972874,-0.0070396326,0.9777813,-0.20950939,0
-3.813926,0.52433598,0.81847984,-0.60290927,0.16300024,0.78098094,0
0.84840572,0.6692456,0.99188679,-0.0070396326,0.9777813,-0.20950939,0
-1.4383426,-0.1617192,-2.2474346,-0.79777867,-0.13181299,-0.58836597,0
3.4910724,-0.29053712,-0.39088488,0.79777867,0.13181299,0.58836597,0
2.7539713,-0.14723268,-1.7775929,0.60290927,-0.16300024,-0.78098094,0
-0.83342367,-1.0648403,-3.0381143,-0.79777867,-0.13181299,-0.58836597,0
-2.361737,-0.10916321,-1.1155676,-0.79777867,-0.13181299,-0.58836597,0
-2.8262055,0.53884733,1.6671066,-0.60290927,0.16300024,0.78098094,0
-0.66939485,-0.94320571,-2.1865096,0.0070396326,-0.9777813,0.20950939,0
-1.8277776,-0.043916211,-1.6694509,-0.79777867,-0.13181299,-0.58836597,0
-3.6577046,0.5298996,0.6308136,-0.0070396326,0.9777813,-0.20950939,0
2.6594524,0.21082035,-1.8370583,0.60290927,-0.16300024,-0.78098094,0
-0.88706958,-0.3103058,1.1164587,0.0070396326,-0.9777813,0.20950939,0
-0.2464685,0.72406942,0.63826096,-0.0070396326,0.9777813,-0.20950939,0
3.0589979,-0.56940567,-0.5518226,0.0070396326,-0.9777813,0.20950939,0
0.29910648,0.87702799,3.5024507,0.79777867,0.13181299,0.58836597,0
-0.68121254,-0.17313857,1.140233,0.0070396326,-0.9777813,0.20950939,0
3.4129314,-0.39330935,-0.25461692,0.79777867,0.13181299,0.58836597,0
-0.0040252805,0.26121864,3.8887124,-0.60290927,0.16300024,0.78098094,0
0.2043725,0.96699858,2.4771485,-0.0070396326,0.9777813,-0.20950939,0
-2.9859393,-0.11536568,1.625133,-0.60290927,0.16300024,0.78098094,0
-1.1286249,-0.4075706,-2.5514636,-0.79777867,-0.13181299,-0.58836597,0
0.16860086,0.82631528,3.8219471,-0.60290927,0.16300024,0.78098094,0
2.7679071,-0.28755775,-1.6198373,0.60290927,-0.16300024,-0.78098094,0
-1.5218697,0.54862237,2.5735061,-0.60290927,0.16300024,0.78098094,0
3.1709106,0.095288567,-1.5104868,0.60290927,-0.16300024,-0.78098094,0
0.20167351,0.1246642,2.8647671,0.0070396326,-0.9777813,0.20950939,0
0.0052817464,1.2330208,3.6042323,-0.60290927,0.16300024,0.78098094,0
0.31163648,0.19671175,-1.3644416,-0.0070396326,0.9777813,-0.20950939,0
-0.30103749,-0.73421717,-1.4871039,0.0070396326,-0.9777813,0.20950939,0
-2.6750491,0.7229017,1.0383224,-0.0070396326,0.9777813,-0.20950939,0
0.011492714,-0.16100568,1.1634375,0.0070396326,-0.9777813,0.20950939,0
-1.3363099,0.35660645,2.7833233,-0.60290927,0.16300024,0.78098094,0
-0.52688366,-0.7606166,-3.3882914,-0.79777867,-0.13181299,-0.58836597,0
-0.79966491,-0.17280164,1.3015735,0.0070396326,-0.9777813,0.20950939,0
0.46920961,0.92307091,3.4116254,0.79777867,0.13181299,0.58836597,0
-2.7924852,-0.019852743,1.5835867,-0.60290927,0.16300024,0.78098094,0
1.8138098,-0.37155464,-2.3792086,0.60290927,-0.16300024,-0.78098094,0
-3.3940582,-0.2124235,0.30212888,-0.79777867,-0.13181299,-0.58836597,0
2.8726587,-0.69429135,-0.8270036,0.0070396326,-0.9777813,0.20950939,0
-0.053257316,0.89669162,3.7407112,-0.60290927,0.16300024,0.78098094,0
2.2035339,-0.54131347,-0.43189135,0.0070396326,-0.9777813,0.20950939,0
3.4880962,-0.12529139,-1.0745695,0.60290927,-0.16300024,-0.78098094,0
1.7497344,-0.057786204,-2.4628429,0.60290927,-0.16300024,-0.78098094,0
-0.23725571,0.37552884,-0.90488809,-0.0070396326,0.9777813,-0.20950939,0
0.89201552,0.13529231,2.520606,0.0070396326,-0.9777813,0.20950939,0
-1.8520528,-0.045441784,2.4851665,-0.60290927,0.16300024,0.78098094,0
3.2272344,-0.15260269,-1.4354105,0.60290927,-0.16300024,-0.78098094,0
-3.4473138,0.28342485,1.0466714,-0.60290927,0.16300024,0.78098094,0
-2.3012757,-0.6866858,-1.0349472,-0.79777867,-0.13181299,-0.58836597,0
1.4156857,-0.57874411,-0.34862143,0.0070396326,-0.9777813,0.20950939,0
-2.6635561,0.64459276,1.7623899,-0.60290927,0.16300024,0.78098094,0
1.944795,-0.2733376,-2.408916,0.60290927,-0.16300024,-0.78098094,0
2.5900388,-0.81860894,-1.5684462,0.60290927,-0.16300024,-0.78098094,0
0.31550533,1.2535206,3.6273134,-0.0070396326,0.9777813,-0.20950939,0
1.2928479,-0.042399239,-2.4087777,-0.0070396326,0.9777813,-0.20950939,0
-1.7660557,-0.24146692,1.3413039,0.0070396326,-0.9777813,0.20950939,0
-2.4052742,0.6728158,1.7196388,-0.60290927,0.16300024,0.78098094,0
-2.8918984,-0.097953744,-0.31084508,-0.79777867,-0.13181299,-0.58836597,0
-3.0927033,0.40655017,-0.19296889,-0.79777867,-0.13181299,-0.58836597,0
-2.1427312,-0.65275097,-1.0898858,-0.79777867,-0.13181299,-0.58836597,0
-0.89508998,-0.68153292,-2.9808466,-0.79777867,-0.13181299,-0.58836597,0
2.9708977,0.14977255,-1.4812239,0.60290927,-0.16300024,-0.78098094,0
0.89803267,0.35030937,-0.37782562,-0.0070396326,0.9777813,-0.20950939,0
-1.380191,0.8630622,1.3760539,-0.0070396326,0.9777813,-0.20950939,0
-2.7885985,-0.066395484,-0.54993939,-0.79777867,-0.13181299,-0.58836597,0
-0.36129329,1.1124049,2.3657129,-0.0070396326,0.9777813,-0.20950939,0
-2.0912189,0.8343358,1.9522271,-0.60290927,0.16300024,0.78098094,0
-0.89552683,0.88264179,3.0363016,-0.60290927,0.16300024,0.78098094,0
3.0533304,0.066098019,0.22026816,0.79777867,0.13181299,0.58836597,0
-2.542907,-0.018346965,-0.89246333,-0.79777867,-0.13181299,-0.58836597,0
3.2256069,-0.0089685768,-1.2741501,0.60290927,-0.16300024,-0.78098094,0
-0.095600128,0.5480864,3.7219682,-0.60290927,0.16300024,0.78098094,0
0.074183092,0.54818755,0.038473044,-0.0070396326,0.9777813,-0.20950939,0
0.27639067,-0.27131072,1.0705936,0.0070396326,-0.9777813,0.20950939,0
-0.62580204,-1.1798897,-2.8785779,0.0070396326,-0.9777813,0.20950939,0
0.066628218,0.09847156,3.0123141,0.0070396326,-0.9777813,0.20950939,0
0.63280368,1.0710274,3.2790828,0.79777867,0.13181299,0.58836597,0
-0.1887708,0.44763839,3.6946669,-0.60290927,0.16300024,0.78098094,0
-2.6630404,0.36579019,1.6002924,-0.60290927,0.16300024,0.78098094,0
3.4318774,-0.51474595,-1.1116282,0.60290927,-0.16300024,-0.78098094,0
-1.0777738,-0.047346368,-2.7526808,-0.79777867,-0.13181299,-0.58836597,0
-1.7304389,0.45626679,2.4892597,-0.60290927,0.16300024,0.78098094,0
-2.9363599,-0.57664847,-0.20160687,-0.79777867,-0.13181299,-0.58836597,0
-0.8953765,-0.51814723,-2.8482614,-0.79777867,-0.13181299,-0.58836597,0
-3.4627745,0.40139228,1.0938946,-0.60290927,0.16300024,0.78098094,0
-1.9420723,0.37251258,2.2279444,-0.60290927,0.16300024,0.78098094,0
0.61630547,0.84664261,3.2486045,0.79777867,0.13181299,0.58836597,0
-1.3528702,0.013283789,-2.1465049,-0.0070396326,0.9777813,-0.20950939,0
1.304204,-0.84394425,-1.3518069,0.0070396326,-0.9777813,0.20950939,0
-3.0079765,-0.42280594,-0.029746622,-0.79777867,-0.13181299,-0.58836597,0
0.84588635,-1.0989826,-3.0769815,0.60290927,-0.16300024,-0.78098094,0
1.3405882,0.85148907,1.5646387,-0.0070396326,0.9777813,-0.20950939,0
3.1952679,-0.049485192,-1.2475395,0.60290927,-0.16300024,-0.78098094,0
-3.6933248,0.14365983,1.0206796,-0.60290927,0.16300024,0.78098094,0
-1.7129083,-0.26131392,0.80707026,0.0070396326,-0.9777813,0.20950939,0
-3.1802115,0.71752632,0.79458153,-0.0070396326,0.9777813,-0.20950939,0
-0.55278289,0.84538418,3.1357927,-0.60290927,0.16300024,0.78098094,0
0.22187465,1.2582247,3.5460184,0.79777867,0.13181299,0.58836597,0
-0.92442,1.0013458,2.8627155,-0.60290927,0.16300024,0.78098094,0
0.012133151,-0.62735468,-3.695714,0.60290927,-0.16300024,-0.78098094,0
