-0.018691599,-0.27303863,-0.91068405,-0.11645299,-0.98105097,-0.15484564,0
4.4071412,-0.23531532,1.8972707,0.11645299,0.98105097,0.15484564,0
1.2874506,-0.94894731,1.9356774,-0.11645299,-0.98105097,-0.15484564,0
1.3703687,0.47357762,-0.39945573,0.11645299,0.98105097,0.15484564,0
-3.7601774,0.62334371,1.5948199,0.11645299,0.98105097,0.15484564,0
4.939435,-0.94746673,0.2734127,0.95018905,-0.15542944,0.27015185,0
1.4709393,-0.031002223,1.8625982,0.11645299,0.98105097,0.15484564,0
-1.1478884,-0.385656,-0.3415668,-0.11645299,-0.98105097,-0.15484564,0
-2.0967176,-0.18991667,-0.69639015,-0.11645299,-0.98105097,-0.15484564,0
-3.8311424,1.0965648,-1.0359817,0.11645299,0.98105097,0.15484564,0
4.5092545,-0.88653529,1.973423,0.95018905,-0.15542944,0.27015185,0
-4.4566207,1.1699954,-0.25003147,0.11645299,0.98105097,0.15484564,0
2.6467357,-0.42264158,-1.7733995,0.28910071,0.11567265,-0.95028442,0
-0.45746875,0.83630401,-2.7193184,0.28910071,0.11567265,-0.95028442,0
-2.304754,0.84966093,-3.2372899,0.28910071,0.11567265,-0.95028442,0
-2.6912923,0.20874178,-2.583333,-0.11645299,-0.98105097,-0.15484564,0
-2.5483832,-0.2651161,0.82707798,-0.11645299,-0.98105097,-0.15484564,0
-4.7954803,0.59539813,-1.5690446,-0.95018905,0.15542944,-0.27015185,0
5.3296452,-0.50491488,-1.0451527,0.28910071,0.11567265,-0.95028442,0
-2.9914968,1.361486,-3.1425967,0.11645299,0.98105097,0.15484564,0
-2.4907944,-0.36803305,1.7592499,-0.28910071,-0.11567265,0.95028442,0
4.4620967,-0.87075019,2.2653995,0.95018905,-0.15542944,0.27015185,0
4.2472172,-0.63488698,3.1071296,0.95018905,-0.15542944,0.27015185,0
3.5039124,-0.26069897,-1.5540377,0.28910071,0.11567265,-0.95028442,0
-0.57096374,-0.32123029,2.3708384,-0.28910071,-0.11567265,0.95028442,0
-3.652988,0.48295933,1.625396,-0.28910071,-0.11567265,0.95028442,0
-5.2393336,0.38139063,0.049882889,-0.95018905,0.15542944,-0.27015185,0
-1.8240633,0.4175275,-3.1530209,0.28910071,0.11567265,-0.95028442,0
4.3876805,-0.25284851,1.0895762,0.11645299,0.98105097,0.15484564,0
0.47077191,0.16345516,-2.4505565,0.28910071,0.11567265,-0.95028442,0
5.3887248,-0.69062263,-0.98164225,0.95018905,-0.15542944,0.27015185,0
-2.8948183,0.562154,-3.4465823,0.28910071,0.11567265,-0.95028442,0
4.3695908,-1.3399007,2.6684866,0.95018905,-0.15542944,0.27015185,0
4.0189209,-1.1872715,3.7040792,0.95018905,-0.15542944,0.27015185,0
2.9541221,-1.1350133,1.3715453,-0.11645299,-0.98105097,-0.15484564,0
0.078284025,0.73634017,-2.4770756,0.28910071,0.11567265,-0.95028442,0
-5.3004088,0.41244343,0.50632,-0.95018905,0.15542944,-0.27015185,0
0.29917121,0.62879801,-1.1720515,0.11645299,0.98105097,0.15484564,0
1.1551287,-1.0434723,2.4423227,-0.11645299,-0.98105097,-0.15484564,0
4.4177113,-0.86420697,-1.3018539,0.28910071,0.11567265,-0.95028442,0
4.0648193,-1.2709,1.4400482,-0.11645299,-0.98105097,-0.15484564,0
5.1828418,-0.68915439,0.15198231,0.95018905,-0.15542944,0.27015185,0
4.6666956,-1.1027094,1.4365745,0.95018905,-0.15542944,0.27015185,0
5.440299,-0.62070549,-0.73783064,0.95018905,-0.15542944,0.27015185,0
3.4331574,-0.18943524,2.0217617,0.11645299,0.98105097,0.15484564,0
4.1264176,-0.96077108,3.6600342,0.95018905,-0.15542944,0.27015185,0
-5.0103283,0.58817065,1.112375,-0.28910071,-0.11567265,0.95028442,0
-4.0736628,1.473665,-3.1135406,-0.95018905,0.15542944,-0.27015185,0
4.0051489,0.16291004,-1.4923909,0.28910071,0.11567265,-0.95028442,0
-3.7583952,0.65940821,1.2521305,0.11645299,0.98105097,0.15484564,0
3.1159964,-0.80074018,-0.66836238,-0.11645299,-0.98105097,-0.15484564,0
-1.0177963,0.97296673,-2.4658635,0.11645299,0.98105097,0.15484564,0
4.9494467,-0.62666667,0.49854898,0.95018905,-0.15542944,0.27015185,0
-4.2080169,0.45223081,-3.2464061,-0.95018905,0.15542944,-0.27015185,0
2.71486,0.49325091,-1.6215738,0.11645299,0.98105097,0.15484564,0
3.4162035,-0.94618201,3.521265,-0.28910071,-0.11567265,0.95028442,0
-1.4789919,-0.41306603,1.0334306,-0.11645299,-0.98105097,-0.15484564,0
4.6280489,-1.1197476,0.98520994,-0.11645299,-0.98105097,-0.15484564,0
1.344806,-0.54529226,-0.90362281,-0.11645299,-0.98105097,-0.15484564,0
1.8244703,-1.1623465,3.1213148,-0.28910071,-0.11567265,0.95028442,0
5.0099993,-0.13556111,0.51445341,0.11645299,0.98105097,0.15484564,0
4.6692333,-0.72117305,1.6255045,0.95018905,-0.15542944,0.27015185,0
3.8189125,-1.0746924,0.91551304,-0.11645299,-0.98105097,-0.15484564,0
-2.8089793,1.3103892,-3.0571303,0.11645299,0.98105097,0.15484564,0
-4.9126139,0.76420033,-0.9370451,-0.95018905,0.15542944,-0.27015185,0
0.20738244,-0.90759212,2.6872783,-0.28910071,-0.11567265,0.95028442,0
-4.5088792,1.1867827,-1.8665681,-0.95018905,0.15542944,-0.27015185,0
-4.4987378,0.28616324,1.314131,-0.28910071,-0.11567265,0.95028442,0
2.4975221,-0.041967392,1.8036261,0.11645299,0.98105097,0.15484564,0
3.5718207,-0.25836629,-1.5435324,0.28910071,0.11567265,-0.95028442,0
-1.0749226,0.99637002,-2.8229797,0.28910071,0.11567265,-0.95028442,0
4.7020864,-1.0141475,1.6495175,0.95018905,-0.15542944,0.27015185,0
-1.3631357,0.65020227,-0.42114758,0.11645299,0.98105097,0.15484564,0
-1.0695454,0.56722379,-0.095405817,0.11645299,0.98105097,0.15484564,0
-4.3929348,0.91673577,-2.7241645,-0.95018905,0.15542944,-0.27015185,0
-3.1154125,1.1916356,-3.4285727,0.28910071,0.11567265,-0.95028442,0
-4.3480334,1.0108616,-2.7905965,-0.95018905,0.15542944,-0.27015185,0
-4.1463003,1.2444693,-2.952744,-0.95018905,0.15542944,-0.27015185,0
-5.0481138,0.55280936,-0.47583628,-0.95018905,0.15542944,-0.27015185,0
-5.1108694,0.80915415,-0.074031353,-0.95018905,0.15542944,-0.27015185,0
4.0858927,-1.2585198,3.5300794,0.95018905,-0.15542944,0.27015185,0
4.1578832,0.10093355,-1.439141,0.28910071,0.11567265,-0.95028442,0
2.5456846,-0.23215461,3.1813252,0.11645299,0.98105097,0.15484564,0
-5.1747427,0.23231009,1.0555649,-0.28910071,-0.11567265,0.95028442,0
-0.47133911,0.81809384,-1.4807409,0.11645299,0.98105097,0.15484564,0
-4.540319,0.11192873,1.205847,-0.28910071,-0.11567265,0.95028442,0
-4.6684256,0.72272974,-1.3529496,-0.95018905,0.15542944,-0.27015185,0
3.3127525,-0.48642683,3.3263588,0.11645299,0.98105097,0.15484564,0
5.2016449,-0.999933,-0.50109386,0.95018905,-0.15542944,0.27015185,0
4.9868345,-0.56060094,0.37479162,0.95018905,-0.15542944,0.27015185,0
-0.97907734,0.80235994,-2.736644,0.28910071,0.11567265,-0.95028442,0
1.2681719,-0.94973773,1.860727,-0.11645299,-0.98105097,-0.15484564,0
-1.829972,1.0962353,-2.9898388,0.28910071,0.11567265,-0.95028442,0
-0.64840639,0.31971079,1.7021427,0.11645299,0.98105097,0.15484564,0
4.3704176,-1.2200997,2.7850041,0.95018905,-0.15542944,0.27015185,0
2.0524435,-0.11072728,-1.9386141,0.28910071,0.11567265,-0.95028442,0
4.293601,-1.1033428,3.0272183,0.95018905,-0.15542944,0.27015185,0
2.0729802,-0.53270781,3.1505454,-0.28910071,-0.11567265,0.95028442,0
4.1790819,-0.76732653,-1.3812287,-0.11645299,-0.98105097,-0.15484564,0
-4.7022076,0.56159997,-1.4928141,-0.95018905,0.15542944,-0.27015185,0
4.6988955,-1.2111449,1.2024584,0.95018905,-0.15542944,0.27015185,0
-3.3944745,0.027651936,1.6596804,-0.28910071,-0.11567265,0.95028442,0
2.6543837,0.26381737,-0.36790061,0.11645299,0.98105097,0.15484564,0
-1.3017688,0.26904249,-3.0321712,0.28910071,0.11567265,-0.95028442,0
-1.1624402,-0.16564929,-1.1331348,-0.11645299,-0.98105097,-0.15484564,0
-5.3804312,0.85384226,0.60968399,-0.95018905,0.15542944,-0.27015185,0
-0.30055666,-0.68121648,2.4131379,-0.28910071,-0.11567265,0.95028442,0
-5.0487366,0.50964552,1.0676076,-0.28910071,-0.11567265,0.95028442,0
2.4783697,-0.86215264,0.81684446,-0.11645299,-0.98105097,-0.15484564,0
-0.2724936,0.47626621,-2.5799513,0.28910071,0.11567265,-0.95028442,0
3.4331284,-1.3995552,3.5844803,-0.28910071,-0.11567265,0.95028442,0
-5.179431,0.035791874,-0.11563778,-0.11645299,-0.98105097,-0.15484564,0
1.3566959,-0.72483265,2.9180441,-0.28910071,-0.11567265,0.95028442,0
-2.1440027,0.57746124,1.0783339,0.11645299,0.98105097,0.15484564,0
4.1395631,-0.73083293,3.2742248,0.95018905,-0.15542944,0.27015185,0
4.2307253,-1.2590418,3.2064176,0.95018905,-0.15542944,0.27015185,0
2.535248,0.19761287,-1.7487,0.28910071,0.11567265,-0.95028442,0
-3.2524803,1.0516032,-0.48783135,0.11645299,0.98105097,0.15484564,0
0.28948545,0.65454912,-2.4007132,0.28910071,0.11567265,-0.95028442,0
1.8826694,-0.97115648,3.1238685,-0.28910071,-0.11567265,0.95028442,0
0.3290453,0.56814051,-2.5588994,0.28910071,0.11567265,-0.95028442,0
-5.4319258,0.68606091,1.0896268,-0.28910071,-0.11567265,0.95028442,0
2.6571817,-0.82936382,3.3480535,-0.28910071,-0.11567265,0.95028442,0
-0.066559553,-0.66709805,1.0635983,-0.11645299,-0.98105097,-0.15484564,0
-1.0697877,0.50014424,-2.9435453,0.28910071,0.11567265,-0.95028442,0
-0.53365326,-0.091797948,-2.8413553,-0.11645299,-0.98105097,-0.15484564,0
2.7647898,-0.32556009,3.3652368,0.11645299,0.98105097,0.15484564,0
-5.3342848,-0.023391962,1.0408285,-0.28910071,-0.11567265,0.95028442,0
5.3350706,-0.26919007,-0.94588327,0.28910071,0.11567265,-0.95028442,0
4.2193937,-0.5749349,3.0681386,0.95018905,-0.15542944,0.27015185,0
-4.2059646,-0.23198783,1.0591447,-0.11645299,-0.98105097,-0.15484564,0
-3.5702505,-0.1664533,0.23819208,-0.11645299,-0.98105097,-0.15484564,0
3.3732378,-0.49542546,-1.573343,0.28910071,0.11567265,-0.95028442,0
-3.6003647,0.28258276,-2.7837577,-0.11645299,-0.98105097,-0.15484564,0
-1.1804199,0.20681459,-2.9302201,0.28910071,0.11567265,-0.95028442,0
-1.0287553,-0.2395249,-0.44605953,-0.11645299,-0.98105097,-0.15484564,0
-4.665401,0.76087976,-1.5342388,-0.95018905,0.15542944,-0.27015185,0
1.9617059,-0.36169124,3.2580354,-0.28910071,-0.11567265,0.95028442,0
1.7545238,-0.2275992,2.9058168,0.11645299,0.98105097,0.15484564,0
-3.951587,1.4133816,-3.7602372,0.28910071,0.11567265,-0.95028442,0
4.0681286,-0.070980132,0.29405832,0.11645299,0.98105097,0.15484564,0
-2.3007214,1.0030464,-1.2031367,0.11645299,0.98105097,0.15484564,0
-4.9453373,1.1375742,-0.2788887,-0.95018905,0.15542944,-0.27015185,0
1.6010048,-1.0727,1.7677169,-0.11645299,-0.98105097,-0.15484564,0
1.2274947,-0.28979111,2.9669054,-0.28910071,-0.11567265,0.95028442,0
0.5276686,-0.47413564,-1.1221213,-0.11645299,-0.98105097,-0.15484564,0
-3.497299,0.97618943,-0.37790322,0.11645299,0.98105097,0.15484564,0
-0.77369535,0.17007262,2.4877338,0.11645299,0.98105097,0.15484564,0
2.4702549,-1.069414,3.2338784,-0.28910071,-0.11567265,0.95028442,0
1.9013023,-0.084536478,-1.9606886,0.28910071,0.11567265,-0.95028442,0
0.99389625,-0.38899839,2.932128,-0.28910071,-0.11567265,0.95028442,0
-0.50206017,0.0026429296,-2.3583782,-0.11645299,-0.98105097,-0.15484564,0
2.434114,-0.38159722,3.4115815,-0.28910071,-0.11567265,0.95028442,0
-1.8324883,-0.14927787,-0.32612348,-0.11645299,-0.98105097,-0.15484564,0
-1.7584808,-0.4458676,2.0019367,-0.28910071,-0.11567265,0.95028442,0
3.5831161,-0.082718611,0.57869744,0.11645299,0.98105097,0.15484564,0
-0.79578543,0.48018333,0.45637769,0.11645299,0.98105097,0.15484564,0
4.414422,-1.1300185,1.9830923,0.95018905,-0.15542944,0.27015185,0
4.6732111,-0.77539998,1.6346583,0.95018905,-0.15542944,0.27015185,0
3.0327594,-0.56817555,-1.8310757,0.28910071,0.11567265,-0.95028442,0
-0.80296373,-0.024839818,-2.4818006,-0.11645299,-0.98105097,-0.15484564,0
-5.0672784,0.251212,-0.65174341,-0.95018905,0.15542944,-0.27015185,0
-5.3606195,0.71878684,1.1068017,-0.28910071,-0.11567265,0.95028442,0
-4.5241976,0.43491781,-2.3544822,-0.95018905,0.15542944,-0.27015185,0
4.265645,-1.0544434,3.18121,0.95018905,-0.15542944,0.27015185,0
4.4115415,-0.20217323,1.6076088,0.11645299,0.98105097,0.15484564,0
-2.7477303,0.82134521,-3.4016495,0.28910071,0.11567265,-0.95028442,0
-5.3212051,0.086621642,0.61167765,-0.95018905,0.15542944,-0.27015185,0
-1.3834909,0.99582165,-2.2802427,0.11645299,0.98105097,0.15484564,0
-3.4604714,-0.3359046,1.5188626,-0.28910071,-0.11567265,0.95028442,0
-5.1342344,0.98482317,0.27740335,-0.95018905,0.15542944,-0.27015185,0
-3.7976716,0.44033819,1.6036261,-0.28910071,-0.11567265,0.95028442,0
0.4219563,-0.8257345,1.7106608,-0.11645299,-0.98105097,-0.15484564,0
-3.1534162,0.33249003,1.7280004,-0.28910071,-0.11567265,0.95028442,0
1.1308435,-0.32617003,-2.034482,-0.11645299,-0.98105097,-0.15484564,0
4.0989628,-0.072004199,-1.4183185,0.28910071,0.11567265,-0.95028442,0
4.3412294,-1.1480269,2.4942985,0.95018905,-0.15542944,0.27015185,0
-3.3656263,0.43141773,1.673229,-0.28910071,-0.11567265,0.95028442,0
-4.6619945,0.72211647,-1.5404902,-0.95018905,0.15542944,-0.27015185,0
3.3980064,0.21111953,-1.667859,0.28910071,0.11567265,-0.95028442,0
-3.7217221,1.1340736,-3.5382185,0.28910071,0.11567265,-0.95028442,0
5.4680386,-0.20652372,-0.87656879,0.95018905,-0.15542944,0.27015185,0
-4.38165,0.81059682,-2.6492867,-0.95018905,0.15542944,-0.27015185,0
4.1294689,-0.18240285,1.1597633,0.11645299,0.98105097,0.15484564,0
2.8973315,-0.4290275,3.5513706,-0.28910071,-0.11567265,0.95028442,0
0.59412503,0.87944776,-2.3980851,0.28910071,0.11567265,-0.95028442,0
-1.4235048,-0.35802221,2.0830617,-0.28910071,-0.11567265,0.95028442,0
-5.1010222,1.1223534,0.27155018,-0.95018905,0.15542944,-0.27015185,0
4.1582642,-1.2925265,3.2540026,0.95018905,-0.15542944,0.27015185,0
-4.7563252,0.80472004,-1.3452139,-0.95018905,0.15542944,-0.27015185,0
0.1671865,0.60201907,-2.4977279,0.28910071,0.11567265,-0.95028442,0
1.3995731,-0.13836727,-2.249464,0.28910071,0.11567265,-0.95028442,0
3.996393,-1.2422177,3.515367,0.95018905,-0.15542944,0.27015185,0
-4.5086627,0.54375994,-2.3547959,-0.95018905,0.15542944,-0.27015185,0
4.144937,-0.58998621,3.2430811,0.11645299,0.98105097,0.15484564,0
-4.0959616,0.62873101,-3.3900957,-0.95018905,0.15542944,-0.27015185,0
-3.1912684,0.060529292,-0.6309011,-0.11645299,-0.98105097,-0.15484564,0
1.0006257,0.62790513,-2.0794182,0.11645299,0.98105097,0.15484564,0
2.0413482,-0.050867558,2.4984736,0.11645299,0.98105097,0.15484564,0
-1.8890312,0.81751126,-0.15441632,0.11645299,0.98105097,0.15484564,0
-1.4980307,-0.1775628,2.2521262,-0.28910071,-0.11567265,0.95028442,0
-4.087965,1.097596,-3.4265151,-0.95018905,0.15542944,-0.27015185,0
1.1779902,0.20830309,0.66280615,0.11645299,0.98105097,0.15484564,0
-0.65623951,-0.81038254,2.3123236,-0.28910071,-0.11567265,0.95028442,0
4.3185143,-1.1037333,1.0790215,-0.11645299,-0.98105097,-0.15484564,0
-3.0055325,0.7781409,0.92844546,0.11645299,0.98105097,0.15484564,0
4.3813357,-0.43131578,2.4958639,0.95018905,-0.15542944,0.27015185,0
-4.7119174,0.87983334,-1.2008657,-0.95018905,0.15542944,-0.27015185,0
3.9390283,-0.9529323,0.16943884,-0.11645299,-0.98105097,-0.15484564,0
4.6433263,-0.83845621,1.5944667,0.95018905,-0.15542944,0.27015185,0
-2.3365293,1.0923543,-2.5619044,0.11645299,0.98105097,0.15484564,0
1.2236953,-0.11772805,2.8926063,-0.28910071,-0.11567265,0.95028442,0
4.378016,-1.3593185,2.5195074,0.95018905,-0.15542944,0.27015185,0
5.4106269,-1.001352,-0.83495188,0.95018905,-0.15542944,0.27015185,0
-1.6073217,-0.13160381,2.1697168,-0.28910071,-0.11567265,0.95028442,0
-3.1827915,0.64833015,1.132279,0.11645299,0.98105097,0.15484564,0
-3.5615742,-0.018752873,1.6334583,-0.28910071,-0.11567265,0.95028442,0
0.13864844,0.43743628,-0.15875456,0.11645299,0.98105097,0.15484564,0
-3.5444446,1.113441,-0.63058662,0.11645299,0.98105097,0.15484564,0
-4.2892852,1.1873995,-2.7661185,-0.95018905,0.15542944,-0.27015185,0
-2.0519593,0.33047679,2.1453607,-0.28910071,-0.11567265,0.95028442,0
3.7996147,-1.1058499,0.75674295,-0.11645299,-0.98105097,-0.15484564,0
1.902747,-0.12049359,2.3694489,0.11645299,0.98105097,0.15484564,0
-1.1881564,-0.51981032,0.32027513,-0.11645299,-0.98105097,-0.15484564,0
0.46300668,0.70503342,-1.0758884,0.11645299,0.98105097,0.15484564,0
-0.42893338,0.63734251,-2.6700721,0.28910071,0.11567265,-0.95028442,0
-4.8872547,0.66654956,1.1257484,-0.28910071,-0.11567265,0.95028442,0
-1.4674439,0.46302873,-3.1142056,0.28910071,0.11567265,-0.95028442,0
4.2284288,-1.159587,2.7839003,0.95018905,-0.15542944,0.27015185,0
-0.43291003,0.35004932,1.3902513,0.11645299,0.98105097,0.15484564,0
-4.7860718,1.0291615,0.068115234,0.11645299,0.98105097,0.15484564,0
-0.40098929,-0.39383239,-0.47454947,-0.11645299,-0.98105097,-0.15484564,0
-5.2619963,0.26658022,-0.12342024,-0.95018905,0.15542944,-0.27015185,0
5.0267706,-0.25297841,-1.2102263,0.28910071,0.11567265,-0.95028442,0
0.34482312,0.57151371,-2.377686,0.28910071,0.11567265,-0.95028442,0
1.4671235,-0.85513204,2.9288721,-0.28910071,-0.11567265,0.95028442,0
-0.65602767,-0.072762191,2.3968577,-0.28910071,-0.11567265,0.95028442,0
2.5641541,-0.74764299,-0.29755759,-0.11645299,-0.98105097,-0.15484564,0
-1.6851671,-0.17640728,-0.70114911,-0.11645299,-0.98105097,-0.15484564,0
-5.426712,0.11330587,0.90217853,-0.95018905,0.15542944,-0.27015185,0
-2.3830867,1.1931386,-2.6457915,0.11645299,0.98105097,0.15484564,0
-3.7003665,0.083819583,1.530244,-0.28910071,-0.11567265,0.95028442,0
2.9352336,-0.11909378,2.2781944,0.11645299,0.98105097,0.15484564,0
4.6003962,0.022819817,-0.61356473,0.11645299,0.98105097,0.15484564,0
0.61171722,-0.33404487,-1.6427541,-0.11645299,-0.98105097,-0.15484564,0
0.94522882,0.52486628,-2.2490876,0.28910071,0.11567265,-0.95028442,0
-5.1429181,0.33560011,0.14053011,-0.95018905,0.15542944,-0.27015185,0
-5.3245029,0.72857189,0.75627995,-0.95018905,0.15542944,-0.27015185,0
3.3057365,0.24460715,-1.1130315,0.11645299,0.98105097,0.15484564,0
-5.1872969,0.34410042,0.086743832,-0.95018905,0.15542944,-0.27015185,0
0.039566517,0.79125869,-2.4321065,0.28910071,0.11567265,-0.95028442,0
-4.9613128,0.31273592,-0.94916725,-0.95018905,0.15542944,-0.27015185,0
-1.7632945,0.60524201,0.42995477,0.11645299,0.98105097,0.15484564,0
1.3448714,-0.61760992,-0.56685364,-0.11645299,-0.98105097,-0.15484564,0
1.46234,0.060838223,2.2029641,0.11645299,0.98105097,0.15484564,0
-4.4876018,0.38700771,-2.443409,-0.95018905,0.15542944,-0.27015185,0
-4.2124691,0.69356316,-3.6122251,-0.95018905,0.15542944,-0.27015185,0
2.3918147,-0.80809718,-0.27877522,-0.11645299,-0.98105097,-0.15484564,0
-2.2892568,0.14358522,2.0414805,-0.28910071,-0.11567265,0.95028442,0
4.6242537,-0.87978429,1.6092958,0.95018905,-0.15542944,0.27015185,0
-4.9480047,0.76282895,-0.4430232,-0.95018905,0.15542944,-0.27015185,0
-4.855649,1.1348455,-1.1088676,-0.95018905,0.15542944,-0.27015185,0
-1.9978714,-0.50337672,1.9091892,-0.28910071,-0.11567265,0.95028442,0
5.2973862,-0.78518122,-0.60513735,0.95018905,-0.15542944,0.27015185,0
-5.3305764,0.08729589,0.13107967,-0.95018905,0.15542944,-0.27015185,0
4.1015577,-0.572689,3.7384863,0.95018905,-0.15542944,0.27015185,0
-5.043478,0.95494509,0.83874035,0.11645299,0.98105097,0.15484564,0
0.3935523,-0.9824177,2.2801495,-0.11645299,-0.98105097,-0.15484564,0
0.62149382,0.12532359,-2.3977532,0.28910071,0.11567265,-0.95028442,0
5.1843863,-0.69543767,-0.0036897659,0.95018905,-0.15542944,0.27015185,0
0.77896762,0.021909952,2.6097145,0.11645299,0.98105097,0.15484564,0
-3.0997066,-0.44520092,1.711031,-0.28910071,-0.11567265,0.95028442,0
4.6343708,-0.80815083,1.9303298,0.95018905,-0.15542944,0.27015185,0
-3.4118891,-0.10903698,-0.27637625,-0.11645299,-0.98105097,-0.15484564,0
-1.6338136,-0.29398927,2.1663699,-0.28910071,-0.11567265,0.95028442,0
-2.5206568,0.34085941,1.829475,-0.28910071,-0.11567265,0.95028442,0
4.2798128,0.22579986,-0.84364367,0.11645299,0.98105097,0.15484564,0
4.81569,-0.41787112,1.075779,0.95018905,-0.15542944,0.27015185,0
3.3927796,0.42653131,-1.468309,0.28910071,0.11567265,-0.95028442,0
-0.776227,-0.38266951,-0.49761033,-0.11645299,-0.98105097,-0.15484564,0
1.7637887,-0.32275373,3.0442433,-0.28910071,-0.11567265,0.95028442,0
4.7645092,-1.1905758,0.714818,0.95018905,-0.15542944,0.27015185,0
4.8768826,-0.84645832,1.2014508,0.95018905,-0.15542944,0.27015185,0
4.9520154,-0.72981,-1.1484027,0.28910071,0.11567265,-0.95028442,0
-0.51462579,-0.017603159,-2.7577753,-0.11645299,-0.98105097,-0.15484564,0
-4.5003567,0.81221449,-2.3212876,-0.95018905,0.15542944,-0.27015185,0
1.4865835,-0.82277524,2.8783066,-0.28910071,-0.11567265,0.95028442,0
-1.9716576,-0.069117546,-1.7648175,-0.11645299,-0.98105097,-0.15484564,0
2.8307261,-0.59370327,-0.98123324,-0.11645299,-0.98105097,-0.15484564,0
1.3851929,-0.38543856,3.0377641,-0.28910071,-0.11567265,0.95028442,0
0.3423633,0.56922638,-1.050393,0.11645299,0.98105097,0.15484564,0
-3.2920051,-0.35777342,1.6547379,-0.28910071,-0.11567265,0.95028442,0
3.1235943,-0.46112531,-1.6519604,0.28910071,0.11567265,-0.95028442,0
-3.5777884,0.45189905,-3.5293612,-0.11645299,-0.98105097,-0.15484564,0
4.6052308,-0.56558484,2.3386354,0.95018905,-0.15542944,0.27015185,0
-5.0130615,0.41523147,-0.70117617,-0.95018905,0.15542944,-0.27015185,0
0.8761102,0.23042348,-2.3265042,0.28910071,0.11567265,-0.95028442,0
1.62889,-1.0832303,2.8889117,-0.11645299,-0.98105097,-0.15484564,0
-4.6155567,0.74532247,-1.626801,-0.95018905,0.15542944,-0.27015185,0
0.58129454,0.56257004,-2.3535058,0.28910071,0.11567265,-0.95028442,0
-0.28309685,-0.34521869,-0.33691245,-0.11645299,-0.98105097,-0.15484564,0
-0.76317,0.91580236,-1.6956202,0.11645299,0.98105097,0.15484564,0
2.3231375,0.29355508,-1.959128,0.28910071,0.11567265,-0.95028442,0
4.843246,-0.96554637,-0.21538925,-0.11645299,-0.98105097,-0.15484564,0
0.45675325,0.50421619,-2.4956617,0.28910071,0.11567265,-0.95028442,0
4.023448,-1.0723394,3.5798354,0.95018905,-0.15542944,0.27015185,0
0.18274736,-0.14193499,-1.9387921,-0.11645299,-0.98105097,-0.15484564,0
3.6439593,-1.1718364,3.5011959,-0.28910071,-0.11567265,0.95028442,0
5.5038123,-0.25239119,-0.93599176,0.95018905,-0.15542944,0.27015185,0
-2.4023423,-0.16181588,0.029222488,-0.11645299,-0.98105097,-0.15484564,0
0.44904089,0.12900513,1.8126934,0.11645299,0.98105097,0.15484564,0
4.5450573,-0.84619606,2.0021524,0.95018905,-0.15542944,0.27015185,0
-5.0735645,0.97692132,-0.27941704,-0.95018905,0.15542944,-0.27015185,0
-4.5525212,0.74078393,-2.296597,-0.95018905,0.15542944,-0.27015185,0
3.8552427,-0.5549674,-1.4228356,0.28910071,0.11567265,-0.95028442,0
0.7600466,0.29745626,-2.427371,0.28910071,0.11567265,-0.95028442,0
0.061666965,0.86935592,-2.5752945,0.28910071,0.11567265,-0.95028442,0
4.2983675,-0.93859392,2.6086841,0.95018905,-0.15542944,0.27015185,0
-4.4249129,0.89664918,-2.5261469,-0.95018905,0.15542944,-0.27015185,0
0.4818958,-0.18350422,-2.4106808,0.28910071,0.11567265,-0.95028442,0
-4.9700089,1.0603085,-0.51563692,-0.95018905,0.15542944,-0.27015185,0
-4.8559523,0.6140368,-1.4307585,-0.95018905,0.15542944,-0.27015185,0
-4.4118853,1.2179689,-2.246161,-0.95018905,0.15542944,-0.27015185,0
3.4775381,-0.32693344,-1.6835682,0.28910071,0.11567265,-0.95028442,0
-1.6024082,0.57517374,-3.149586,0.28910071,0.11567265,-0.95028442,0
4.0716991,-1.6197768,3.5428939,0.95018905,-0.15542944,0.27015185,0
5.3383698,-0.62765884,-0.95234179,0.95018905,-0.15542944,0.27015185,0
-1.1664944,0.84734464,-0.75924885,0.11645299,0.98105097,0.15484564,0
4.6870294,-0.84993154,1.700717,0.95018905,-0.15542944,0.27015185,0
-3.0979919,0.16921675,-2.2726772,-0.11645299,-0.98105097,-0.15484564,0
-0.05051744,0.46768069,0.61187434,0.11645299,0.98105097,0.15484564,0
1.5597845,-0.62475014,-1.048658,-0.11645299,-0.98105097,-0.15484564,0
4.2000279,-1.1130111,2.9098091,0.95018905,-0.15542944,0.27015185,0
2.6635408,-1.0181545,1.28495,-0.11645299,-0.98105097,-0.15484564,0
4.4119921,-0.69534057,2.2453957,0.95018905,-0.15542944,0.27015185,0
-5.1696348,0.74793935,0.010490894,-0.95018905,0.15542944,-0.27015185,0
1.6584501,-0.51737291,-1.6905265,-0.11645299,-0.98105097,-0.15484564,0
5.2913361,-0.59551603,-0.13047075,0.95018905,-0.15542944,0.27015185,0
0.60782528,-0.37844121,-1.8618933,-0.11645299,-0.98105097,-0.15484564,0
-4.9853182,0.88598549,-0.23713636,-0.95018905,0.15542944,-0.27015185,0
0.13262463,-0.7555384,1.6408098,-0.11645299,-0.98105097,-0.15484564,0
-3.7768836,-0.30090797,1.4158621,-0.28910071,-0.11567265,0.95028442,0
0.50813484,0.73067838,-1.8204023,0.11645299,0.98105097,0.15484564,0
-1.8666551,1.1304406,-2.5312295,0.11645299,0.98105097,0.15484564,0
-4.5084238,1.2101498,-1.5161386,0.11645299,0.98105097,0.15484564,0
-1.7765948,0.44586059,1.4130328,0.11645299,0.98105097,0.15484564,0
-4.9357538,0.86367702,1.2159514,-0.28910071,-0.11567265,0.95028442,0
-4.5062213,0.70148528,-2.076704,-0.95018905,0.15542944,-0.27015185,0
2.2842114,-1.0582417,3.2123091,-0.28910071,-0.11567265,0.95028442,0
5.1948738,-0.49412695,0.2433753,0.95018905,-0.15542944,0.27015185,0
3.17962,0.0064303875,-1.6080347,0.28910071,0.11567265,-0.95028442,0
-3.9716835,1.4766572,-3.5939002,0.28910071,0.11567265,-0.95028442,0
2.63222,-0.62602806,-1.4967964,-0.11645299,-0.98105097,-0.15484564,0
4.4923096,-0.55732852,2.0765047,0.95018905,-0.15542944,0.27015185,0
-1.0605257,1.09619,-2.3242011,0.11645299,0.98105097,0.15484564,0
-4.4951148,1.1800457,-1.912189,-0.95018905,0.15542944,-0.27015185,0
-5.199996,0.67645586,0.51756048,-0.95018905,0.15542944,-0.27015185,0
4.4355683,-1.2263334,2.0975776,0.95018905,-0.15542944,0.27015185,0
-5.2882633,1.0940394,0.50208855,-0.95018905,0.15542944,-0.27015185,0
-1.3481219,1.0040938,-2.9231355,0.28910071,0.11567265,-0.95028442,0
1.0092087,-0.76184666,0.25355124,-0.11645299,-0.98105097,-0.15484564,0
0.82742149,-0.80459404,0.83150208,-0.11645299,-0.98105097,-0.15484564,0
5.2282805,-0.80998915,-1.0352626,0.28910071,0.11567265,-0.95028442,0
1.9386218,-0.34393549,3.1463995,-0.28910071,-0.11567265,0.95028442,0
-1.5527371,0.024165213,-1.9850148,-0.11645299,-0.98105097,-0.15484564,0
-4.7343383,0.74539661,-1.3742585,-0.95018905,0.15542944,-0.27015185,0
-3.1917286,-0.017503619,-0.65969729,-0.11645299,-0.98105097,-0.15484564,0
-1.1013924,-0.24657053,2.2282524,-0.28910071,-0.11567265,0.95028442,0
-3.8143454,0.4589546,1.627098,-0.28910071,-0.11567265,0.95028442,0
-1.537225,0.06683293,2.2266896,-0.28910071,-0.11567265,0.95028442,0
1.6230955,0.23939939,-2.1468577,0.28910071,0.11567265,-0.95028442,0
4.5069118,-0.98473901,2.4009299,0.95018905,-0.15542944,0.27015185,0
5.330658,-0.68802041,-0.36061239,0.95018905,-0.15542944,0.27015185,0
2.6990423,0.14826447,-1.8364065,0.28910071,0.11567265,-0.95028442,0
1.4284872,-0.18651575,-2.1282573,0.28910071,0.11567265,-0.95028442,0
4.5086079,-0.49242973,2.0590925,0.95018905,-0.15542944,0.27015185,0
2.5032153,-1.1134565,2.4688523,-0.11645299,-0.98105097,-0.15484564,0
4.9651318,-0.50160825,0.50710058,0.95018905,-0.15542944,0.27015185,0
2.2188332,-0.9129979,3.232728,-0.28910071,-0.11567265,0.95028442,0
5.2685499,-0.6128099,-0.46828079,0.95018905,-0.15542944,0.27015185,0
-3.9935465,0.53997236,-3.37398,-0.11645299,-0.98105097,-0.15484564,0
3.3823383,-0.679501,-0.9334023,-0.11645299,-0.98105097,-0.15484564,0
-5.0051122,0.31891251,-0.88544607,-0.95018905,0.15542944,-0.27015185,0
1.8066916,0.3167693,-2.0965161,0.28910071,0.11567265,-0.95028442,0
-1.8552214,0.26818991,2.0385897,-0.28910071,-0.11567265,0.95028442,0
0.55303782,0.5014143,-0.47993618,0.11645299,0.98105097,0.15484564,0
-1.246968,0.672598,-0.099933505,0.11645299,0.98105097,0.15484564,0
-3.9992049,1.4096694,-3.5252275,-0.95018905,0.15542944,-0.27015185,0
-1.6505353,-0.313274,0.62251478,-0.11645299,-0.98105097,-0.15484564,0
1.8024602,0.13878489,1.4891169,0.11645299,0.98105097,0.15484564,0
-2.6332726,0.71876687,-3.321563,0.28910071,0.11567265,-0.95028442,0
4.5593948,-1.1443796,1.8846416,0.95018905,-0.15542944,0.27015185,0
-4.0332346,1.0898154,-3.361742,-0.95018905,0.15542944,-0.27015185,0
1.6633197,-0.82333875,0.87231278,-0.11645299,-0.98105097,-0.15484564,0
-0.77747655,0.87936735,-2.6785607,0.28910071,0.11567265,-0.95028442,0
4.710155,-0.69789767,1.7383971,0.95018905,-0.15542944,0.27015185,0
-4.1020889,0.90873927,-3.6333308,-0.95018905,0.15542944,-0.27015185,0
4.3668594,-1.0337991,2.6743612,0.95018905,-0.15542944,0.27015185,0
5.1453691,-0.85197985,0.1864233,0.95018905,-0.15542944,0.27015185,0
1.4360588,-0.98402041,2.2656417,-0.11645299,-0.98105097,-0.15484564,0
2.6826234,-0.93008411,0.33704472,-0.11645299,-0.98105097,-0.15484564,0
-4.960639,1.0877522,-0.64072275,-0.95018905,0.15542944,-0.27015185,0
5.1320643,-0.0057656765,-0.05577755,0.11645299,0.98105097,0.15484564,0
4.5788703,-0.7700029,1.6950574,0.95018905,-0.15542944,0.27015185,0
-5.4676504,-0.017478347,0.92058301,-0.95018905,0.15542944,-0.27015185,0
-3.3685484,0.55418277,1.7397637,-0.28910071,-0.11567265,0.95028442,0
-4.6314287,0.55846363,-2.0879817,-0.95018905,0.15542944,-0.27015185,0
0.12293482,0.47917381,-2.4436345,0.28910071,0.11567265,-0.95028442,0
-3.9771719,1.4223707,-3.4149041,-0.95018905,0.15542944,-0.27015185,0
-4.6679873,1.1357905,-1.6418037,-0.95018905,0.15542944,-0.27015185,0
-2.6500881,1.0090427,-1.6620083,0.11645299,0.98105097,0.15484564,0
2.3148892,-0.38720536,3.2525821,-0.28910071,-0.11567265,0.95028442,0
-1.5679842,0.73657614,-0.29559934,0.11645299,0.98105097,0.15484564,0
-0.79802859,0.4936893,0.27259958,0.11645299,0.98105097,0.15484564,0
4.164021,-1.3109527,3.0376306,0.95018905,-0.15542944,0.27015185,0
2.539283,-0.54151088,-1.2378401,-0.11645299,-0.98105097,-0.15484564,0
2.5532618,0.40143287,-1.3533401,0.11645299,0.98105097,0.15484564,0
2.483784,-0.23924184,3.4037488,-0.28910071,-0.11567265,0.95028442,0
2.9910672,-0.98965657,3.4233203,-0.28910071,-0.11567265,0.95028442,0
3.831903,-0.34827304,3.1414652,0.11645299,0.98105097,0.15484564,0
5.162086,-0.38967854,0.17627478,0.95018905,-0.15542944,0.27015185,0
0.58081794,-0.34388456,2.6670108,-0.28910071,-0.11567265,0.95028442,0
-3.7616835,1.3354743,-3.6829948,0.28910071,0.11567265,-0.95028442,0
-5.0072894,0.55546522,-0.88367081,-0.95018905,0.15542944,-0.27015185,0
5.0930333,-0.19703746,0.79859686,0.95018905,-0.15542944,0.27015185,0
-3.052345,0.87013543,-0.58744216,0.11645299,0.98105097,0.15484564,0
0.84455854,0.43975449,-0.32770926,0.11645299,0.98105097,0.15484564,0
-5.1041369,0.97947156,-0.1523757,-0.95018905,0.15542944,-0.27015185,0
3.8363602,-0.96519512,0.30649805,-0.11645299,-0.98105097,-0.15484564,0
-0.40801144,0.1691075,-2.746304,0.28910071,0.11567265,-0.95028442,0
2.4612222,-0.01673591,-1.8747213,0.28910071,0.11567265,-0.95028442,0
-4.7675085,0.25786376,1.315727,-0.28910071,-0.11567265,0.95028442,0
-2.5160275,1.056828,-1.9705524,0.11645299,0.98105097,0.15484564,0
0.0033109188,0.76093203,-1.5137373,0.11645299,0.98105097,0.15484564,0
-0.41839623,0.95054978,-2.5106959,0.11645299,0.98105097,0.15484564,0
0.63502586,0.640356,-2.4346766,0.28910071,0.11567265,-0.95028442,0
4.2010345,-1.2799413,2.9504938,0.95018905,-0.15542944,0.27015185,0
1.2719127,-0.94153255,1.7921867,-0.11645299,-0.98105097,-0.15484564,0
-4.2229114,1.1718916,-1.1172204,0.11645299,0.98105097,0.15484564,0
1.5415986,0.39392328,-0.19437182,0.11645299,0.98105097,0.15484564,0
3.6416879,-1.3900931,3.4932675,-0.28910071,-0.11567265,0.95028442,0
5.0970097,-0.95721889,-0.33281517,0.95018905,-0.15542944,0.27015185,0
2.8395116,-0.025616348,0.74915862,0.11645299,0.98105097,0.15484564,0
-5.226191,1.0024701,0.26323032,-0.95018905,0.15542944,-0.27015185,0
-4.5035024,0.90747863,-2.3069,-0.95018905,0.15542944,-0.27015185,0
4.5358758,-0.89468813,2.1979299,0.95018905,-0.15542944,0.27015185,0
4.6475806,-0.51162875,2.1958756,0.95018905,-0.15542944,0.27015185,0
4.0310373,-1.2099586,3.669364,0.95018905,-0.15542944,0.27015185,0
-2.0581448,0.50117856,2.1273978,-0.28910071,-0.11567265,0.95028442,0
-4.8007607,0.92228395,-0.97295809,-0.95018905,0.15542944,-0.27015185,0
5.1715021,-0.72269654,-0.34476233,0.95018905,-0.15542944,0.27015185,0
-4.2686586,1.1807321,-2.8831863,-0.95018905,0.15542944,-0.27015185,0
-1.5159498,0.44820172,1.601776,0.11645299,0.98105097,0.15484564,0
-0.6323027,0.5548836,-0.043287635,0.11645299,0.98105097,0.15484564,0
-4.4360857,1.2194188,-2.0027204,-0.95018905,0.15542944,-0.27015185,0
3.5127487,-0.45856351,3.2140069,0.11645299,0.98105097,0.15484564,0
-0.11954284,-0.56952077,2.4528625,-0.28910071,-0.11567265,0.95028442,0
5.1356058,-0.60912484,-0.25769091,0.95018905,-0.15542944,0.27015185,0
-0.20599246,-0.55605066,2.5708985,-0.28910071,-0.11567265,0.95028442,0
-2.034935,0.13652444,-2.8823662,-0.11645299,-0.98105097,-0.15484564,0
-2.6605096,0.2106123,-2.8612783,-0.11645299,-0.98105097,-0.15484564,0
4.5264654,-0.48806489,1.9971647,0.95018905,-0.15542944,0.27015185,0
-2.3608365,-0.034906864,-1.4994814,-0.11645299,-0.98105097,-0.15484564,0
-5.0800781,0.19163883,-0.4912138,-0.95018905,0.15542944,-0.27015185,0
0.62941861,-0.15002483,2.8258047,-0.28910071,-0.11567265,0.95028442,0
4.1383953,-0.48520529,3.4818711,0.95018905,-0.15542944,0.27015185,0
-4.214674,1.2271417,-2.8844695,-0.95018905,0.15542944,-0.27015185,0
4.3773232,-0.24018079,1.3758602,0.11645299,0.98105097,0.15484564,0
3.5657995,-1.0214733,3.5458412,-0.28910071,-0.11567265,0.95028442,0
-2.0060868,1.0993396,-1.7615838,0.11645299,0.98105097,0.15484564,0
-3.4722047,-0.048147202,-0.043832541,-0.11645299,-0.98105097,-0.15484564,0
-4.3441944,0.68658537,-3.0032315,-0.95018905,0.15542944,-0.27015185,0
4.3567939,-0.66904843,2.5901093,0.95018905,-0.15542944,0.27015185,0
1.7351789,0.33633026,-2.1218877,0.28910071,0.11567265,-0.95028442,0
4.4157715,-0.74769646,2.6248255,0.95018905,-0.15542944,0.27015185,0
-2.6312079,0.16676098,1.819322,-0.28910071,-0.11567265,0.95028442,0
4.8075762,-0.99393153,1.1102314,0.95018905,-0.15542944,0.27015185,0
-0.24527431,0.94927043,-2.5561469,0.28910071,0.11567265,-0.95028442,0
-2.1101298,-0.38483918,1.9378273,-0.28910071,-0.11567265,0.95028442,0
-4.0373826,0.57854068,-3.7437487,0.28910071,0.11567265,-0.95028442,0
1.9693515,-0.99162728,3.1355696,-0.28910071,-0.11567265,0.95028442,0
-4.1873617,0.75160229,1.516083,-0.28910071,-0.11567265,0.95028442,0
4.1079845,-0.22303885,1.0562825,0.11645299,0.98105097,0.15484564,0
-5.0551977,0.90584689,1.257503,0.11645299,0.98105097,0.15484564,0
4.8719835,-0.7513783,1.0224023,0.95018905,-0.15542944,0.27015185,0
3.9222457,-0.3308866,-1.538489,0.28910071,0.11567265,-0.95028442,0
-1.3797178,-0.44071782,0.67914999,-0.11645299,-0.98105097,-0.15484564,0
-1.4612902,0.37662661,2.3190048,-0.28910071,-0.11567265,0.95028442,0
-0.41376829,-0.50846642,2.5060217,-0.28910071,-0.11567265,0.95028442,0
-1.2723923,-0.16923431,2.2878084,-0.28910071,-0.11567265,0.95028442,0
5.1795564,-1.0005071,-0.52956629,0.95018905,-0.15542944,0.27015185,0
4.2370539,-1.0096658,-0.36856747,-0.11645299,-0.98105097,-0.15484564,0
5.0957069,-0.71633387,0.011632442,0.95018905,-0.15542944,0.27015185,0
0.99712586,-0.9481768,2.2840188,-0.11645299,-0.98105097,-0.15484564,0
-1.0749626,0.25313926,2.4266076,-0.28910071,-0.11567265,0.95028442,0
-2.6059244,-0.32407606,1.8205898,-0.28910071,-0.11567265,0.95028442,0
-4.2286434,1.3149741,-3.1721339,-0.95018905,0.15542944,-0.27015185,0
-0.94055939,0.26155323,-2.8603172,0.28910071,0.11567265,-0.95028442,0
-1.4157249,0.57538152,0.1093564,0.11645299,0.98105097,0.15484564,0
4.6039114,-1.3161104,1.7571416,0.95018905,-0.15542944,0.27015185,0
4.9047785,0.096548378,-0.87195086,0.11645299,0.98105097,0.15484564,0
-4.6618037,0.70538682,-1.6020079,-0.95018905,0.15542944,-0.27015185,0
3.3278184,-0.77451497,-0.32904387,-0.11645299,-0.98105097,-0.15484564,0
-4.931283,1.0525528,0.068442822,0.11645299,0.98105097,0.15484564,0
1.0484266,-0.12708944,2.901062,-0.28910071,-0.11567265,0.95028442,0
-1.5263977,1.1452024,-2.8761561,0.11645299,0.98105097,0.15484564,0
-1.7142317,0.69220591,0.27519357,0.11645299,0.98105097,0.15484564,0
1.8090565,-0.032677472,1.5967197,0.11645299,0.98105097,0.15484564,0
5.4447575,-0.67533004,-0.86414433,0.95018905,-0.15542944,0.27015185,0
-4.9070125,0.89555061,-0.75887251,-0.95018905,0.15542944,-0.27015185,0
-4.2049193,0.97750497,-3.5254908,-0.95018905,0.15542944,-0.27015185,0
-4.8535671,0.86959219,-1.1362581,-0.95018905,0.15542944,-0.27015185,0
-4.0734081,1.4785092,-3.652698,-0.95018905,0.15542944,-0.27015185,0
-3.4328525,1.2241129,-2.5722241,0.11645299,0.98105097,0.15484564,0
5.4740472,-0.028548479,-0.90974379,0.28910071,0.11567265,-0.95028442,0
-4.0243483,0.9581508,-3.6866636,0.28910071,0.11567265,-0.95028442,0
-4.7325392,1.048054,-1.5228348,-0.95018905,0.15542944,-0.27015185,0
-2.5816751,0.78390211,-3.3139241,0.28910071,0.11567265,-0.95028442,0
2.5590446,-0.59080523,-1.3288451,-0.11645299,-0.98105097,-0.15484564,0
1.270062,-0.88793385,1.4764587,-0.11645299,-0.98105097,-0.15484564,0
0.74367332,-0.26692086,2.929564,-0.28910071,-0.11567265,0.95028442,0
1.2704005,-0.50179875,-0.83151186,-0.11645299,-0.98105097,-0.15484564,0
5.0021501,-0.61352867,-1.2651072,0.28910071,0.11567265,-0.95028442,0
-3.2982805,0.72246063,-3.5769978,0.28910071,0.11567265,-0.95028442,0
5.3641162,-0.74878877,-0.48450136,0.95018905,-0.15542944,0.27015185,0
2.2771657,0.34372258,-1.1292655,0.11645299,0.98105097,0.15484564,0
5.0014496,-0.73647302,0.20343637,0.95018905,-0.15542944,0.27015185,0
-0.89884591,0.94005162,-2.4905481,0.11645299,0.98105097,0.15484564,0
0.41639876,0.56206721,-2.370908,0.28910071,0.11567265,-0.95028442,0
0.40771914,-0.65005732,2.7455676,-0.28910071,-0.11567265,0.95028442,0
4.4497137,-0.76878822,-1.3852928,0.28910071,0.11567265,-0.95028442,0
-1.7143887,0.87301946,-0.44689381,0.11645299,0.98105097,0.15484564,0
-5.1141295,0.5734629,-0.11272717,-0.95018905,0.15542944,-0.27015185,0
-4.3806143,0.74926776,-2.6231337,-0.95018905,0.15542944,-0.27015185,0
2.8314421,-0.99333078,0.72684002,-0.11645299,-0.98105097,-0.15484564,0
5.363307,-0.24389696,-0.50052691,0.95018905,-0.15542944,0.27015185,0
-4.1780605,0.42716908,-3.1004171,-0.11645299,-0.98105097,-0.15484564,0
4.7566857,-0.64290309,1.2010593,0.95018905,-0.15542944,0.27015185,0
-0.58456314,-0.4953059,0.79023325,-0.11645299,-0.98105097,-0.15484564,0
4.6978049,-1.1687708,1.2224121,0.95018905,-0.15542944,0.27015185,0
0.50685263,0.66210502,-2.4779322,0.28910071,0.11567265,-0.95028442,0
-3.922317,0.074087441,-0.10950971,-0.11645299,-0.98105097,-0.15484564,0
4.6217542,-0.46586424,2.2904668,0.95018905,-0.15542944,0.27015185,0
0.42749071,-0.37387949,2.8089299,-0.28910071,-0.11567265,0.95028442,0
4.4913483,-0.094845176,1.0339332,0.11645299,0.98105097,0.15484564,0
-0.95814168,-0.51670969,2.2463324,-0.28910071,-0.11567265,0.95028442,0
3.2764075,-0.40273297,3.4203258,0.11645299,0.98105097,0.15484564,0
0.016773701,-0.8098048,2.5826085,-0.28910071,-0.11567265,0.95028442,0
4.119873,-1.3945603,2.8938589,-0.11645299,-0.98105097,-0.15484564,0
-2.7089241,0.67986834,-3.3366284,0.28910071,0.11567265,-0.95028442,0
-0.60934305,0.59380192,-2.6691971,0.28910071,0.11567265,-0.95028442,0
1.0509906,-0.64912462,2.9681306,-0.28910071,-0.11567265,0.95028442,0
-1.0404835,0.5042454,0.68198597,0.11645299,0.98105097,0.15484564,0
5.4186239,-0.4127326,-0.83183813,0.95018905,-0.15542944,0.27015185,0
4.0575562,-0.82274425,3.7709513,0.95018905,-0.15542944,0.27015185,0
-2.2083261,0.39026046,-3.3265095,0.28910071,0.11567265,-0.95028442,0
-5.382617,0.71977019,0.80762196,-0.95018905,0.15542944,-0.27015185,0
-4.1046929,0.47209316,1.3888583,-0.28910071,-0.11567265,0.95028442,0
-4.0416498,1.1553221,-3.3793492,-0.95018905,0.15542944,-0.27015185,0
2.3657448,-0.9199512,3.3115866,-0.28910071,-0.11567265,0.95028442,0
4.0559025,-1.0941285,3.5474534,0.95018905,-0.15542944,0.27015185,0
5.407167,-0.60711253,-1.0369081,0.95018905,-0.15542944,0.27015185,0
-4.7395425,0.40031803,-1.8136644,-0.95018905,0.15542944,-0.27015185,0
-2.5553703,-0.28291184,0.40171254,-0.11645299,-0.98105097,-0.15484564,0
0.58367205,-0.46401635,2.8115208,-0.28910071,-0.11567265,0.95028442,0
2.1301422,-0.11280137,2.1180255,0.11645299,0.98105097,0.15484564,0
4.2412353,0.11738169,-0.63351059,0.11645299,0.98105097,0.15484564,0
4.8855758,-0.35895705,1.1977463,0.95018905,-0.15542944,0.27015185,0
-0.6661458,-0.027044177,-2.8690491,0.28910071,0.11567265,-0.95028442,0
-0.77598166,0.042650759,-2.4246819,-0.11645299,-0.98105097,-0.15484564,0
-0.33839869,-0.61436898,2.4957604,-0.28910071,-0.11567265,0.95028442,0
5.3878651,-0.76736367,-1.0924597,0.28910071,0.11567265,-0.95028442,0
4.7022805,-0.35481167,1.7291765,0.95018905,-0.15542944,0.27015185,0
-0.23342258,-0.38082927,-0.23877379,-0.11645299,-0.98105097,-0.15484564,0
1.2810106,-0.79644334,3.0183649,-0.28910071,-0.11567265,0.95028442,0
1.6701744,-0.79999131,2.9900484,-0.28910071,-0.11567265,0.95028442,0
2.7530031,-0.68027043,3.3041077,-0.28910071,-0.11567265,0.95028442,0
5.2569017,-0.82989377,-0.43435097,0.95018905,-0.15542944,0.27015185,0
4.9667187,-0.30876541,1.0903149,0.95018905,-0.15542944,0.27015185,0
4.2474394,-1.2729731,2.940083,0.95018905,-0.15542944,0.27015185,0
