1.8314035,-1.4948944,1.4273989,0.37423584,-0.77355283,0.51143289,0
-2.2544944,1.0894585,-1.5789237,-0.37423584,0.77355283,-0.51143289,0
-2.5157719,-0.62019563,-0.86873597,-0.85497022,-0.50139874,-0.13276014,0
-1.1966889,1.7231674,-1.5437884,-0.37423584,0.77355283,-0.51143289,0
0.026919663,2.5607955,-0.92246389,-0.37423584,0.77355283,-0.51143289,0
-2.6500618,0.1564734,-1.7868726,-0.85497022,-0.50139874,-0.13276014,0
1.8553538,2.0402737,-0.57936323,0.85497022,0.50139874,0.13276014,0
0.42837954,2.593406,-1.3890729,-0.37423584,0.77355283,-0.51143289,0
2.8493884,-0.15594563,0.65565336,0.85497022,0.50139874,0.13276014,0
-0.50212699,-2.5587332,1.2168405,0.37423584,-0.77355283,0.51143289,0
0.70949477,2.0306575,-1.2559865,0.35912883,-0.38757634,-0.849006,0
-1.946305,-1.4536581,-0.34738952,-0.85497022,-0.50139874,-0.13276014,0
-0.86044544,1.7940551,-1.6901987,-0.37423584,0.77355283,-0.51143289,0
-2.6193619,-0.076597571,-1.5094557,-0.85497022,-0.50139874,-0.13276014,0
-0.756423,-3.1787345,0.72676492,0.37423584,-0.77355283,0.51143289,0
3.0845704,-0.63933027,1.0347328,0.85497022,0.50139874,0.13276014,0
2.2443919,0.96773404,0.54788756,0.85497022,0.50139874,0.13276014,0
-2.3037448,1.2500064,-1.3262172,-0.37423584,0.77355283,-0.51143289,0
-1.8734999,-1.978941,0.33045888,-0.85497022,-0.50139874,-0.13276014,0
-1.1844838,-3.0398717,1.0395284,0.37423584,-0.77355283,0.51143289,0
-2.6270792,-0.33052945,-1.2844036,-0.85497022,-0.50139874,-0.13276014,0
1.4974157,2.2835526,0.15553617,0.85497022,0.50139874,0.13276014,0
2.7555048,-0.030893654,0.58138824,0.35912883,-0.38757634,-0.849006,0
2.047574,0.56561875,1.2660609,-0.35912883,0.38757634,0.849006,0
-2.6195459,1.1202307,-1.3332162,-0.37423584,0.77355283,-0.51143289,0
0.79825711,3.0354812,-0.92633224,-0.37423584,0.77355283,-0.51143289,0
1.2553807,1.1610546,-0.48285586,0.35912883,-0.38757634,-0.849006,0
-1.145876,-2.8494442,1.3752546,0.37423584,-0.77355283,0.51143289,0
-2.2449768,-0.60915697,-0.0030790567,-0.35912883,0.38757634,0.849006,0
-2.8964584,0.26878846,-1.3721318,-0.85497022,-0.50139874,-0.13276014,0
1.4744551,1.6221424,-0.6480633,0.35912883,-0.38757634,-0.849006,0
1.2857128,1.2737317,0.623541,-0.35912883,0.38757634,0.849006,0
1.3746475,-1.6400284,1.2336745,0.37423584,-0.77355283,0.51143289,0
2.9787354,-1.140172,1.080399,0.35912883,-0.38757634,-0.849006,0
-1.9067034,0.1830861,-0.31413269,-0.35912883,0.38757634,0.849006,0
1.3831433,-1.9487559,1.0462954,0.37423584,-0.77355283,0.51143289,0
-0.13853174,-2.599731,0.65205741,0.35912883,-0.38757634,-0.849006,0
-2.5318332,-0.19251192,-1.5046437,-0.85497022,-0.50139874,-0.13276014,0
-1.4475721,1.4196477,-1.8345712,0.35912883,-0.38757634,-0.849006,0
-0.077740192,-2.2221255,1.5068269,0.37423584,-0.77355283,0.51143289,0
-1.6564837,-2.1912932,0.12298155,-0.85497022,-0.50139874,-0.13276014,0
1.0689992,0.93563581,-0.49888259,0.35912883,-0.38757634,-0.849006,0
-1.7547158,1.3529739,-1.4877698,-0.37423584,0.77355283,-0.51143289,0
0.39574677,0.68888521,-0.67289424,0.35912883,-0.38757634,-0.849006,0
-1.0312402,-3.0421679,1.0574327,0.37423584,-0.77355283,0.51143289,0
-0.95434749,-2.455847,1.2798648,-0.35912883,0.38757634,0.849006,0
-2.3942842,-0.60787129,-0.42131662,-0.85497022,-0.50139874,-0.13276014,0
2.6861825,-0.17993784,1.6178433,0.85497022,0.50139874,0.13276014,0
2.2158966,-1.240994,1.219528,0.37423584,-0.77355283,0.51143289,0
-0.82108593,2.1064863,-0.73112583,-0.35912883,0.38757634,0.849006,0
1.7708871,1.7168293,0.33310676,0.85497022,0.50139874,0.13276014,0
1.251155,-1.7536751,1.2746432,0.37423584,-0.77355283,0.51143289,0
1.6152512,2.1945863,0.18911338,0.85497022,0.50139874,0.13276014,0
-1.8950884,-1.756603,-0.24064386,-0.85497022,-0.50139874,-0.13276014,0
0.94306624,2.8832724,-1.0987048,-0.37423584,0.77355283,-0.51143289,0
2.2477219,0.99331671,0.37386861,0.85497022,0.50139874,0.13276014,0
-0.6108458,2.3746161,-0.95067716,-0.37423584,0.77355283,-0.51143289,0
-0.35341325,2.0128894,-1.432827,-0.37423584,0.77355283,-0.51143289,0
0.27874091,2.5359166,-1.2607012,-0.37423584,0.77355283,-0.51143289,0
-0.67903018,-0.30543721,0.415429,-0.35912883,0.38757634,0.849006,0
-1.4882584,1.506119,-1.4049931,-0.37423584,0.77355283,-0.51143289,0
-2.7707734,0.060613871,-0.89040136,-0.85497022,-0.50139874,-0.13276014,0
-1.8148241,-0.67105162,-1.0554496,0.35912883,-0.38757634,-0.849006,0
0.30495536,0.043182194,-0.59535927,0.35912883,-0.38757634,-0.849006,0
2.9968641,-0.63765633,1.467221,0.85497022,0.50139874,0.13276014,0
-2.3714459,0.78756154,-2.0282607,-0.37423584,0.77355283,-0.51143289,0
1.3280683,2.9744978,-0.62888145,0.85497022,0.50139874,0.13276014,0
1.3946306,-1.5804756,1.3097799,0.37423584,-0.77355283,0.51143289,0
-2.074388,-1.3114853,-0.25386626,-0.85497022,-0.50139874,-0.13276014,0
-1.4882228,1.9391057,-0.95536637,-0.37423584,0.77355283,-0.51143289,0
2.2145455,-1.324859,1.1540461,0.37423584,-0.77355283,0.51143289,0
-0.35220468,-1.3233652,1.1495205,-0.35912883,0.38757634,0.849006,0
1.2550701,3.0504911,-1.1257017,0.85497022,0.50139874,0.13276014,0
0.12932,-2.4856024,1.201489,0.37423584,-0.77355283,0.51143289,0
-2.218123,-1.3096728,-0.13097739,-0.85497022,-0.50139874,-0.13276014,0
0.038850643,1.4580295,-1.2525656,0.35912883,-0.38757634,-0.849006,0
-0.33585829,-2.7530663,0.89487076,0.37423584,-0.77355283,0.51143289,0
-2.1374762,-1.4046342,-0.45961165,-0.85497022,-0.50139874,-0.13276014,0
-2.5893435,0.43544269,-1.9365662,0.35912883,-0.38757634,-0.849006,0
2.8273079,0.12804633,0.81341678,0.85497022,0.50139874,0.13276014,0
0.84843904,2.8961222,-0.94127464,-0.37423584,0.77355283,-0.51143289,0
-2.6789162,1.1389956,-1.376642,-0.37423584,0.77355283,-0.51143289,0
-2.1097527,-1.3648081,-0.80445713,-0.85497022,-0.50139874,-0.13276014,0
-1.8699481,-1.6302481,-0.46142399,-0.85497022,-0.50139874,-0.13276014,0
-1.1188205,-3.1543331,0.64930105,-0.85497022,-0.50139874,-0.13276014,0
2.0030084,-1.5852621,0.9976697,0.37423584,-0.77355283,0.51143289,0
0.94109321,1.6939104,0.16799736,-0.35912883,0.38757634,0.849006,0
-0.6442765,-1.3942603,-0.16874325,0.35912883,-0.38757634,-0.849006,0
-1.3315709,-2.7241023,0.1613636,-0.85497022,-0.50139874,-0.13276014,0
-0.95385021,-2.8149838,1.1889241,0.37423584,-0.77355283,0.51143289,0
0.62597603,-2.2162294,1.1879246,0.37423584,-0.77355283,0.51143289,0
0.79607719,-1.738435,1.575552,0.37423584,-0.77355283,0.51143289,0
-3.130564,0.83259761,-1.1774583,-0.85497022,-0.50139874,-0.13276014,0
2.3668609,-0.41874141,0.61041415,0.35912883,-0.38757634,-0.849006,0
-1.5011873,0.41308892,-1.3038394,0.35912883,-0.38757634,-0.849006,0
3.1847811,-0.78617793,1.1631775,0.85497022,0.50139874,0.13276014,0
-0.40147454,-2.9236255,0.64787149,0.37423584,-0.77355283,0.51143289,0
-2.5723817,-0.25998294,-1.3595563,-0.85497022,-0.50139874,-0.13276014,0
2.6486068,-0.77559483,1.6237139,0.37423584,-0.77355283,0.51143289,0
-1.1232753,-2.9266899,1.4156947,0.37423584,-0.77355283,0.51143289,0
2.3998179,-0.91737741,0.89795303,0.35912883,-0.38757634,-0.849006,0
1.0961709,2.5846004,-1.3306046,0.35912883,-0.38757634,-0.849006,0
-0.8359105,-3.2233834,0.54942799,0.37423584,-0.77355283,0.51143289,0
1.7309351,1.7703834,0.34971213,0.85497022,0.50139874,0.13276014,0
-2.9448974,0.2840178,-1.5633957,-0.85497022,-0.50139874,-0.13276014,0
1.4622526,2.4449999,-0.08959198,0.85497022,0.50139874,0.13276014,0
-3.0106115,0.47085094,-1.8143312,-0.85497022,-0.50139874,-0.13276014,0
1.9180189,1.683697,-0.21534073,0.85497022,0.50139874,0.13276014,0
0.57711005,-2.0750747,1.3312593,0.37423584,-0.77355283,0.51143289,0
0.1382101,-1.0467224,1.1156473,-0.35912883,0.38757634,0.849006,0
1.1422709,0.85078591,-0.40199634,0.35912883,-0.38757634,-0.849006,0
-1.288588,-0.19912779,-1.0089117,0.35912883,-0.38757634,-0.849006,0
1.6517075,-1.6722732,1.1771736,0.37423584,-0.77355283,0.51143289,0
-2.5818872,-0.017880321,-1.5447608,-0.85497022,-0.50139874,-0.13276014,0
2.6677661,-1.0946336,1.3414755,0.37423584,-0.77355283,0.51143289,0
2.839962,-0.19064605,1.3345379,0.85497022,0.50139874,0.13276014,0
0.33078736,0.48042321,0.45322496,-0.35912883,0.38757634,0.849006,0
-2.0984774,-1.2542715,-0.29894412,-0.85497022,-0.50139874,-0.13276014,0
2.4243879,0.77571213,0.9996624,0.85497022,0.50139874,0.13276014,0
-2.5407479,-0.59309363,-0.79595339,-0.85497022,-0.50139874,-0.13276014,0
-2.5466201,1.1388936,-1.4334369,-0.37423584,0.77355283,-0.51143289,0
-0.92944074,-3.0215364,1.1116307,0.37423584,-0.77355283,0.51143289,0
1.8043361,1.9161345,0.23084211,0.85497022,0.50139874,0.13276014,0
1.3425061,2.1169062,0.091575503,-0.35912883,0.38757634,0.849006,0
-0.77720153,-1.008697,-0.42497051,0.35912883,-0.38757634,-0.849006,0
-2.5422306,-0.5026691,-1.218743,-0.85497022,-0.50139874,-0.13276014,0
-0.82767844,-0.77581191,-0.60820979,0.35912883,-0.38757634,-0.849006,0
0.80842745,1.4697188,-0.90446997,0.35912883,-0.38757634,-0.849006,0
0.29480785,-0.025784969,-0.5609206,0.35912883,-0.38757634,-0.849006,0
-2.5885315,-0.39744157,-0.41563827,-0.85497022,-0.50139874,-0.13276014,0
0.25508624,2.2889729,-0.42930079,-0.35912883,0.38757634,0.849006,0
2.0768592,-1.3322465,1.4766626,0.37423584,-0.77355283,0.51143289,0
0.15082562,1.9927341,-1.532294,0.35912883,-0.38757634,-0.849006,0
1.2973428,-1.9522452,0.82947373,0.37423584,-0.77355283,0.51143289,0
-0.81782198,-2.8144741,1.3815477,0.37423584,-0.77355283,0.51143289,0
-2.5732434,0.2460109,-1.6826421,0.35912883,-0.38757634,-0.849006,0
2.1340768,1.2034707,0.40296441,0.85497022,0.50139874,0.13276014,0
2.7966905,-0.74473298,1.8320913,0.37423584,-0.77355283,0.51143289,0
-1.7976528,-0.075512648,-1.3271675,0.35912883,-0.38757634,-0.849006,0
-1.0776601,1.6450874,-1.6233578,-0.37423584,0.77355283,-0.51143289,0
0.16706941,0.81543392,0.37892491,-0.35912883,0.38757634,0.849006,0
2.3513753,-0.32772601,1.7707919,-0.35912883,0.38757634,0.849006,0
2.1875536,0.77415526,-0.012931664,0.35912883,-0.38757634,-0.849006,0
-0.65918374,0.96521372,-1.2670243,0.35912883,-0.38757634,-0.849006,0
1.4043878,2.5856311,-0.24604177,0.85497022,0.50139874,0.13276014,0
2.2933407,0.51734567,0.070855081,0.35912883,-0.38757634,-0.849006,0
2.1273656,1.0781844,0.50307149,0.85497022,0.50139874,0.13276014,0
-0.41488183,-2.8737779,0.96233487,0.37423584,-0.77355283,0.51143289,0
1.7882509,1.9434814,0.14238381,0.85497022,0.50139874,0.13276014,0
-1.1709596,-3.0300345,0.61264014,-0.85497022,-0.50139874,-0.13276014,0
1.2601442,3.0047851,-1.3854046,0.85497022,0.50139874,0.13276014,0
0.15148591,-0.90146321,1.046592,-0.35912883,0.38757634,0.849006,0
1.2572267,2.9352221,-0.41205859,0.85497022,0.50139874,0.13276014,0
-2.8684721,0.87127322,-1.5228488,-0.37423584,0.77355283,-0.51143289,0
1.6143988,-1.4829199,1.4368782,0.37423584,-0.77355283,0.51143289,0
-2.8118503,0.94393831,-1.582191,-0.37423584,0.77355283,-0.51143289,0
-1.9701314,-1.5989412,-0.21938401,-0.85497022,-0.50139874,-0.13276014,0
-0.55028999,-1.618039,1.03649,-0.35912883,0.38757634,0.849006,0
-0.60176384,0.048214585,0.2649658,-0.35912883,0.38757634,0.849006,0
1.5924976,2.5749679,-0.98402786,0.85497022,0.50139874,0.13276014,0
0.6093291,0.41390157,0.76759791,-0.35912883,0.38757634,0.849006,0
2.7064319,-0.19441688,1.5228585,0.85497022,0.50139874,0.13276014,0
0.51340163,2.5114436,-1.5384762,-0.37423584,0.77355283,-0.51143289,0
-3.116271,0.94715697,-1.2909949,-0.37423584,0.77355283,-0.51143289,0
2.0836701,-1.4860978,1.2999814,0.37423584,-0.77355283,0.51143289,0
-0.10302681,0.63417548,-0.86727172,0.35912883,-0.38757634,-0.849006,0
1.4810909,2.8717966,-1.1172802,0.85497022,0.50139874,0.13276014,0
2.1741924,0.98117232,0.9437902,0.85497022,0.50139874,0.13276014,0
-2.7526653,1.0667107,-1.4178758,-0.37423584,0.77355283,-0.51143289,0
1.1331911,1.6402779,0.38402379,-0.35912883,0.38757634,0.849006,0
2.8289845,-0.74217057,1.5742233,0.37423584,-0.77355283,0.51143289,0
-2.6165347,-0.33616209,-1.3356931,-0.85497022,-0.50139874,-0.13276014,0
-0.95427072,-3.3313258,0.61719203,0.37423584,-0.77355283,0.51143289,0
-2.0007811,-1.4433215,-0.20362741,-0.85497022,-0.50139874,-0.13276014,0
-2.5135236,-0.56792706,-0.88311267,-0.85497022,-0.50139874,-0.13276014,0
-2.7268476,0.76938939,-1.9155227,-0.37423584,0.77355283,-0.51143289,0
-0.35612264,2.0569794,-1.4683783,-0.37423584,0.77355283,-0.51143289,0
-0.28478742,-0.82621276,-0.3212595,0.35912883,-0.38757634,-0.849006,0
2.2742264,-0.94787169,1.6101723,0.37423584,-0.77355283,0.51143289,0
1.8149164,1.7161281,0.47769666,0.85497022,0.50139874,0.13276014,0
1.3165724,2.8146091,-0.83029628,0.85497022,0.50139874,0.13276014,0
-0.96966672,-3.2569396,0.51645637,0.35912883,-0.38757634,-0.849006,0
-1.2822183,-2.9000125,0.65358567,-0.85497022,-0.50139874,-0.13276014,0
-1.0284364,-1.5011157,-0.23111153,0.35912883,-0.38757634,-0.849006,0
0.25105366,2.355572,-1.4438772,-0.37423584,0.77355283,-0.51143289,0
-3.0396659,0.42379153,-1.3735937,-0.85497022,-0.50139874,-0.13276014,0
0.72802246,0.0040888786,0.88607591,-0.35912883,0.38757634,0.849006,0
0.23816967,2.8452606,-0.95190001,-0.37423584,0.77355283,-0.51143289,0
-1.2926689,-2.9067779,0.1140902,0.35912883,-0.38757634,-0.849006,0
1.3533404,2.7559047,-0.93072915,0.85497022,0.50139874,0.13276014,0
-0.36686081,-2.7585905,1.179111,0.37423584,-0.77355283,0.51143289,0
-2.3255169,-0.93254256,-1.0299866,-0.85497022,-0.50139874,-0.13276014,0
2.0013633,-1.5564921,1.0766001,0.37423584,-0.77355283,0.51143289,0
1.7290014,1.229863,0.83338118,-0.35912883,0.38757634,0.849006,0
-1.6175911,0.95886683,-1.6775758,0.35912883,-0.38757634,-0.849006,0
0.10164922,2.8218219,-0.6730988,-0.37423584,0.77355283,-0.51143289,0
1.7770141,0.032210641,0.066550672,0.35912883,-0.38757634,-0.849006,0
-0.42360848,2.2089171,-1.2877135,-0.37423584,0.77355283,-0.51143289,0
0.9598574,0.67706531,-0.5877378,0.35912883,-0.38757634,-0.849006,0
2.9896345,-0.3999275,1.6627206,0.85497022,0.50139874,0.13276014,0
-1.5830269,-2.3269625,0.8973031,-0.35912883,0.38757634,0.849006,0
-1.3426505,-2.767777,0.51324844,-0.85497022,-0.50139874,-0.13276014,0
2.6195755,-1.0453041,1.5006156,0.37423584,-0.77355283,0.51143289,0
-2.9282105,0.34464622,-1.657249,-0.85497022,-0.50139874,-0.13276014,0
0.027797326,-2.1623356,1.5008981,0.37423584,-0.77355283,0.51143289,0
-2.383368,-0.46888018,-1.469138,0.35912883,-0.38757634,-0.849006,0
-1.2908272,-1.3776175,0.59225678,-0.35912883,0.38757634,0.849006,0
-1.6956422,1.4476494,-1.2696888,-0.37423584,0.77355283,-0.51143289,0
-2.7609549,-0.067367256,-0.51470292,-0.85497022,-0.50139874,-0.13276014,0
-0.77112532,-0.69996178,-0.55727941,0.35912883,-0.38757634,-0.849006,0
2.2466455,-1.2751622,1.2802062,0.37423584,-0.77355283,0.51143289,0
-1.433611,1.5131774,-1.5909309,-0.37423584,0.77355283,-0.51143289,0
-1.0566723,1.0860432,-1.6360123,0.35912883,-0.38757634,-0.849006,0
2.6346083,0.44054431,0.70291471,0.85497022,0.50139874,0.13276014,0
-2.5982256,-0.15906227,-1.5231094,-0.85497022,-0.50139874,-0.13276014,0
1.2843974,2.8720064,-1.2637444,0.35912883,-0.38757634,-0.849006,0
0.74454808,2.6276433,-1.3514535,-0.37423584,0.77355283,-0.51143289,0
-2.3006601,-0.74474537,-0.72728437,-0.85497022,-0.50139874,-0.13276014,0
-0.27467632,2.487711,-0.98721743,-0.37423584,0.77355283,-0.51143289,0
1.0726665,-2.0266652,1.1826422,0.37423584,-0.77355283,0.51143289,0
-2.334897,1.3444391,-1.0257931,-0.37423584,0.77355283,-0.51143289,0
2.960624,-0.51059598,1.2120558,0.85497022,0.50139874,0.13276014,0
1.4216827,0.73118407,-0.35450786,0.35912883,-0.38757634,-0.849006,0
0.2197153,2.1678309,-0.21914053,-0.35912883,0.38757634,0.849006,0
1.2425932,2.8009927,-0.33851743,0.85497022,0.50139874,0.13276014,0
-1.1323655,-3.2728667,0.56003594,-0.85497022,-0.50139874,-0.13276014,0
1.4277891,2.6176314,-0.13915133,0.85497022,0.50139874,0.13276014,0
1.0564153,0.53792405,-0.45182037,0.35912883,-0.38757634,-0.849006,0
-1.5605564,1.4954759,-0.69684935,-0.35912883,0.38757634,0.849006,0
2.1744153,-0.97961515,0.68231583,0.35912883,-0.38757634,-0.849006,0
-2.3692279,0.58172834,-0.67214036,-0.35912883,0.38757634,0.849006,0
1.4136667,2.3258424,0.11021829,-0.35912883,0.38757634,0.849006,0
-2.905267,0.1885913,-0.82989776,-0.85497022,-0.50139874,-0.13276014,0
-0.45595676,1.8524842,-1.6497626,-0.37423584,0.77355283,-0.51143289,0
-2.3451512,1.4655294,-1.1277666,-0.37423584,0.77355283,-0.51143289,0
2.1180587,-1.0430948,0.89684129,0.35912883,-0.38757634,-0.849006,0
-2.2964597,-1.1540431,-0.37676495,-0.85497022,-0.50139874,-0.13276014,0
0.60499817,-0.55218601,1.1996301,-0.35912883,0.38757634,0.849006,0
1.7594942,-0.74908829,1.6959531,-0.35912883,0.38757634,0.849006,0
-2.6238322,1.0491668,-1.1068366,-0.35912883,0.38757634,0.849006,0
1.8559815,-0.17749728,0.28533667,0.35912883,-0.38757634,-0.849006,0
-2.4058254,-0.39212823,-1.1956253,-0.85497022,-0.50139874,-0.13276014,0
1.105325,2.5384574,-1.3679872,0.35912883,-0.38757634,-0.849006,0
1.7410541,2.2506809,-0.31835222,0.85497022,0.50139874,0.13276014,0
0.05409354,2.5834684,-0.92012787,-0.37423584,0.77355283,-0.51143289,0
-0.22862811,-2.0849888,1.531733,-0.35912883,0.38757634,0.849006,0
-1.6231153,-2.2964554,0.34940028,-0.85497022,-0.50139874,-0.13276014,0
-0.57691818,1.6253593,-1.6463139,0.35912883,-0.38757634,-0.849006,0
1.3466403,-1.5986454,1.5947192,0.37423584,-0.77355283,0.51143289,0
-2.7023535,0.96322167,-1.0496318,-0.35912883,0.38757634,0.849006,0
-2.6289859,-0.18445158,-1.4459116,-0.85497022,-0.50139874,-0.13276014,0
-1.7248536,-0.92245245,0.24003425,-0.35912883,0.38757634,0.849006,0
0.25557464,-0.040979266,0.73672068,-0.35912883,0.38757634,0.849006,0
-1.556288,0.30938983,-1.4667487,0.35912883,-0.38757634,-0.849006,0
-1.9615401,-1.6478698,-0.23214775,-0.85497022,-0.50139874,-0.13276014,0
3.1577413,-0.646474,1.1378256,0.85497022,0.50139874,0.13276014,0
1.8655701,1.4447231,0.61606741,0.85497022,0.50139874,0.13276014,0
-0.96323884,0.47388589,-1.197282,0.35912883,-0.38757634,-0.849006,0
0.19167678,-2.3741791,1.249521,0.37423584,-0.77355283,0.51143289,0
-2.783294,-0.0006070137,-1.5229836,-0.85497022,-0.50139874,-0.13276014,0
-2.2347128,-1.0763161,0.098763913,-0.35912883,0.38757634,0.849006,0
-0.17596704,-2.8719101,0.80989504,0.37423584,-0.77355283,0.51143289,0
-1.5064278,-1.0458093,-0.73672378,0.35912883,-0.38757634,-0.849006,0
2.9457343,-0.55004382,1.7981853,0.37423584,-0.77355283,0.51143289,0
2.1166828,1.6420181,-0.34610116,0.35912883,-0.38757634,-0.849006,0
-1.3664453,1.0896127,-0.52167058,-0.35912883,0.38757634,0.849006,0
-1.1644285,0.64465833,-0.21901739,-0.35912883,0.38757634,0.849006,0
2.7789285,-0.33638287,1.9410931,0.85497022,0.50139874,0.13276014,0
0.5517025,0.55179721,0.56897128,-0.35912883,0.38757634,0.849006,0
-0.29463977,2.1934371,-1.5107627,-0.37423584,0.77355283,-0.51143289,0
2.4152822,0.52007151,1.3960679,0.85497022,0.50139874,0.13276014,0
1.5475595,0.0055059195,1.2516106,-0.35912883,0.38757634,0.849006,0
1.4420485,2.6988492,-0.37512541,0.85497022,0.50139874,0.13276014,0
0.89061946,2.1666827,-0.0018355846,-0.35912883,0.38757634,0.849006,0
-2.82886,0.15665257,-1.5546856,-0.85497022,-0.50139874,-0.13276014,0
-0.4564856,-0.35100794,-0.72231418,0.35912883,-0.38757634,-0.849006,0
-1.7542362,-1.8497703,-0.48504341,-0.85497022,-0.50139874,-0.13276014,0
-0.27587855,-1.7122655,1.3694373,-0.35912883,0.38757634,0.849006,0
-2.4525318,-0.85965824,-0.34744081,-0.85497022,-0.50139874,-0.13276014,0
-1.8020095,1.2719989,-1.579731,-0.37423584,0.77355283,-0.51143289,0
-2.5022156,-0.5221535,-0.98989451,-0.85497022,-0.50139874,-0.13276014,0
-1.2097389,1.6193249,-1.4671905,-0.37423584,0.77355283,-0.51143289,0
1.8356435,1.7148559,0.16293466,0.85497022,0.50139874,0.13276014,0
0.97861034,2.9556634,-1.1829271,-0.37423584,0.77355283,-0.51143289,0
-0.72652054,1.2727709,-1.5441929,0.35912883,-0.38757634,-0.849006,0
1.0750185,-1.3319209,0.37759066,0.35912883,-0.38757634,-0.849006,0
2.4136403,-1.1248746,1.3430009,0.37423584,-0.77355283,0.51143289,0
-0.1399363,-2.271467,1.5088925,0.37423584,-0.77355283,0.51143289,0
-0.24034537,0.4802697,0.3782002,-0.35912883,0.38757634,0.849006,0
2.875855,-0.34532344,1.2832882,0.85497022,0.50139874,0.13276014,0
2.2388904,1.1445496,0.73176759,0.85497022,0.50139874,0.13276014,0
0.18135908,-2.2537787,1.4110162,0.37423584,-0.77355283,0.51143289,0
-0.37929621,0.6228081,0.068584144,-0.35912883,0.38757634,0.849006,0
0.65730947,1.657656,0.10781515,-0.35912883,0.38757634,0.849006,0
1.8583426,0.29358506,1.3211827,-0.35912883,0.38757634,0.849006,0
2.6324167,-0.77319288,1.7180575,0.37423584,-0.77355283,0.51143289,0
-1.1723952,-2.7673838,1.4499917,0.37423584,-0.77355283,0.51143289,0
1.7035407,-1.4170414,1.6570044,0.37423584,-0.77355283,0.51143289,0
2.0083442,-1.5581313,1.1122966,0.37423584,-0.77355283,0.51143289,0
-2.840915,0.92974776,-1.3680754,-0.37423584,0.77355283,-0.51143289,0
-2.7164257,0.87430388,-1.4383032,-0.37423584,0.77355283,-0.51143289,0
-1.7353177,-2.3575556,0.67649722,-0.85497022,-0.50139874,-0.13276014,0
1.2448006,2.9187021,-0.69634318,0.85497022,0.50139874,0.13276014,0
2.8054228,-0.36183906,1.5756774,0.85497022,0.50139874,0.13276014,0
-0.70945191,1.8698189,-1.5012732,-0.37423584,0.77355283,-0.51143289,0
0.89283097,3.0230536,-0.9509809,-0.37423584,0.77355283,-0.51143289,0
-2.351697,-0.67377114,-0.65011656,-0.85497022,-0.50139874,-0.13276014,0
-0.55920112,0.5008232,0.087666214,-0.35912883,0.38757634,0.849006,0
0.90634578,2.9152141,-1.0265598,-0.37423584,0.77355283,-0.51143289,0
1.7896827,2.1244907,-0.23698819,0.85497022,0.50139874,0.13276014,0
-0.025000952,-0.27740866,0.59831345,-0.35912883,0.38757634,0.849006,0
2.7700438,0.10345912,1.0628822,0.85497022,0.50139874,0.13276014,0
0.68259048,-1.8444279,1.4450605,0.37423584,-0.77355283,0.51143289,0
0.5052126,2.2807,-0.16995001,-0.35912883,0.38757634,0.849006,0
-2.11427,-1.3546882,0.076992095,-0.85497022,-0.50139874,-0.13276014,0
-1.8320143,1.5684401,-1.0468099,-0.37423584,0.77355283,-0.51143289,0
-2.6657593,-0.29125768,-0.73375756,-0.85497022,-0.50139874,-0.13276014,0
-2.2664313,-0.61956096,-0.1412524,-0.35912883,0.38757634,0.849006,0
0.58154631,1.8087862,-1.1586388,0.35912883,-0.38757634,-0.849006,0
-0.52481657,-0.76328123,0.60459399,-0.35912883,0.38757634,0.849006,0
-2.3364465,-0.22746897,-1.4747429,0.35912883,-0.38757634,-0.849006,0
0.044952095,2.263031,-1.5064948,0.35912883,-0.38757634,-0.849006,0
-0.12009388,-2.7165399,0.56929088,0.35912883,-0.38757634,-0.849006,0
-2.0090263,-1.1915272,-0.68351096,-0.85497022,-0.50139874,-0.13276014,0
2.2480555,0.73519278,1.2276748,-0.35912883,0.38757634,0.849006,0
1.120425,-1.7118187,1.3432162,0.37423584,-0.77355283,0.51143289,0
2.0213146,1.4650314,0.18224609,0.85497022,0.50139874,0.13276014,0
1.2650936,2.8812485,-0.31152225,0.85497022,0.50139874,0.13276014,0
-2.0632684,-1.4095571,0.069964409,-0.85497022,-0.50139874,-0.13276014,0
-0.43085161,-0.78607166,-0.46594316,0.35912883,-0.38757634,-0.849006,0
0.82649332,-0.34599045,-0.022976041,0.35912883,-0.38757634,-0.849006,0
0.089326978,1.7225194,-0.074656963,-0.35912883,0.38757634,0.849006,0
1.1981459,-1.8648409,1.049046,0.37423584,-0.77355283,0.51143289,0
-0.66953027,-2.4566519,0.17017341,0.35912883,-0.38757634,-0.849006,0
-0.62129158,1.0951449,-0.17335463,-0.35912883,0.38757634,0.849006,0
3.0910859,-0.55721205,1.2362396,0.85497022,0.50139874,0.13276014,0
0.73651278,3.0808449,-0.63413572,-0.37423584,0.77355283,-0.51143289,0
1.5474486,-1.6237856,1.2330894,0.37423584,-0.77355283,0.51143289,0
-1.4052186,0.43733954,-1.4424126,0.35912883,-0.38757634,-0.849006,0
-0.29391038,2.5949297,-0.80752277,-0.37423584,0.77355283,-0.51143289,0
-1.5866299,1.6016576,-1.4490366,-0.37423584,0.77355283,-0.51143289,0
1.0865905,2.9792831,-1.2638979,-0.37423584,0.77355283,-0.51143289,0
2.1350594,0.13481486,0.19075716,0.35912883,-0.38757634,-0.849006,0
-0.65470672,1.2507405,-0.24139512,-0.35912883,0.38757634,0.849006,0
1.3862309,-0.32694805,1.2495215,-0.35912883,0.38757634,0.849006,0
-1.5700488,1.4363263,-1.6297967,-0.37423584,0.77355283,-0.51143289,0
2.1754479,1.4598029,-0.21140265,0.85497022,0.50139874,0.13276014,0
2.4504476,-0.70358539,0.73561919,0.35912883,-0.38757634,-0.849006,0
-1.4271238,-1.5723668,-0.4449259,0.35912883,-0.38757634,-0.849006,0
-1.7075214,1.4298736,-1.4347456,-0.37423584,0.77355283,-0.51143289,0
-2.6872587,-0.085923761,-0.57667011,-0.85497022,-0.50139874,-0.13276014,0
-1.7869914,1.4253575,-1.3404198,-0.37423584,0.77355283,-0.51143289,0
-0.32838485,2.5554376,-0.8914907,-0.37423584,0.77355283,-0.51143289,0
1.1957598,2.9535308,-1.1985648,-0.37423584,0.77355283,-0.51143289,0
1.3358805,0.78036952,-0.43105224,0.35912883,-0.38757634,-0.849006,0
2.7219799,-0.6860888,1.9371327,0.37423584,-0.77355283,0.51143289,0
-0.6394214,0.52826488,0.050545394,-0.35912883,0.38757634,0.849006,0
-2.0060277,-1.1679679,0.25921649,-0.35912883,0.38757634,0.849006,0
3.1878402,-0.99577862,1.2216482,0.37423584,-0.77355283,0.51143289,0
1.4065757,2.7000322,-0.56173801,0.85497022,0.50139874,0.13276014,0
1.9529599,1.4737821,0.47128701,0.85497022,0.50139874,0.13276014,0
1.3135219,-1.8816956,1.0953426,0.37423584,-0.77355283,0.51143289,0
2.3558133,0.95321339,-0.027122311,0.85497022,0.50139874,0.13276014,0
1.112341,-1.3075283,1.7221975,-0.35912883,0.38757634,0.849006,0
-2.8878686,1.0247827,-1.357167,-0.37423584,0.77355283,-0.51143289,0
0.23202926,2.9454489,-0.64780188,-0.37423584,0.77355283,-0.51143289,0
2.202023,-0.54573733,0.68502522,0.35912883,-0.38757634,-0.849006,0
-1.2143693,-1.8922913,0.92381012,-0.35912883,0.38757634,0.849006,0
1.5075824,2.3208275,0.20285523,-0.35912883,0.38757634,0.849006,0
2.2500451,-1.3581084,1.0876422,0.35912883,-0.38757634,-0.849006,0
2.3352993,0.20785587,0.34371936,0.35912883,-0.38757634,-0.849006,0
-1.9402041,-1.8010968,0.34804142,-0.85497022,-0.50139874,-0.13276014,0
2.2878904,1.2979374,-0.14649087,0.85497022,0.50139874,0.13276014,0
2.8368089,-0.15114915,1.4994072,0.85497022,0.50139874,0.13276014,0
0.012901599,-1.037213,1.1513734,-0.35912883,0.38757634,0.849006,0
-0.16792077,2.5870459,-0.86823559,-0.37423584,0.77355283,-0.51143289,0
-2.4550035,-0.61556846,-0.93916237,-0.85497022,-0.50139874,-0.13276014,0
2.2949409,0.93268728,0.2810134,0.85497022,0.50139874,0.13276014,0
1.5852776,-1.4374605,1.7051854,0.37423584,-0.77355283,0.51143289,0
-2.0553055,-0.7288391,-0.010631327,-0.35912883,0.38757634,0.849006,0
1.9776578,0.95033246,1.0022538,-0.35912883,0.38757634,0.849006,0
0.55815822,-1.1899505,0.12004912,0.35912883,-0.38757634,-0.849006,0
1.4153979,2.9820642,-0.94671249,0.85497022,0.50139874,0.13276014,0
0.23425139,-2.2171943,1.2986691,0.37423584,-0.77355283,0.51143289,0
3.0721843,-0.79558128,1.4302845,0.37423584,-0.77355283,0.51143289,0
2.3223712,1.1050146,0.13333142,0.85497022,0.50139874,0.13276014,0
1.9357587,0.14670263,0.087853909,0.35912883,-0.38757634,-0.849006,0
-2.6422369,-0.09139961,-0.75815421,-0.85497022,-0.50139874,-0.13276014,0
-1.4306904,-2.7552073,1.2526398,-0.85497022,-0.50139874,-0.13276014,0
1.1720381,3.0253961,-0.55990815,0.85497022,0.50139874,0.13276014,0
-1.0591066,1.4589703,-1.6370018,0.35912883,-0.38757634,-0.849006,0
1.0684898,0.11435449,0.99059737,-0.35912883,0.38757634,0.849006,0
0.29776692,-0.28923297,-0.32806829,0.35912883,-0.38757634,-0.849006,0
1.5099127,2.2514729,0.065691233,0.85497022,0.50139874,0.13276014,0
-1.6211947,-2.5751102,0.68432975,-0.85497022,-0.50139874,-0.13276014,0
0.005895257,-2.4880857,0.98246598,0.37423584,-0.77355283,0.51143289,0
0.14694801,0.70721006,0.41460675,-0.35912883,0.38757634,0.849006,0
0.52927327,2.6867149,-1.0430861,-0.37423584,0.77355283,-0.51143289,0
0.27618894,-1.9735124,0.4241333,0.35912883,-0.38757634,-0.849006,0
1.0846689,-0.66846144,0.12651491,0.35912883,-0.38757634,-0.849006,0
0.94557387,3.3221266,-0.60269761,-0.37423584,0.77355283,-0.51143289,0
0.7573911,3.1128664,-0.68641257,-0.37423584,0.77355283,-0.51143289,0
-2.0438099,1.3972915,-1.2673678,-0.37423584,0.77355283,-0.51143289,0
-2.8827701,0.091977477,-1.0900083,-0.85497022,-0.50139874,-0.13276014,0
0.21035619,-1.9926003,1.59268,-0.35912883,0.38757634,0.849006,0
2.1443307,-1.2808675,1.240459,0.37423584,-0.77355283,0.51143289,0
-2.7235384,-0.12783909,-1.1623182,-0.85497022,-0.50139874,-0.13276014,0
-0.32198226,-1.9995782,1.4194114,-0.35912883,0.38757634,0.849006,0
0.15908891,-2.2819011,1.1658571,0.37423584,-0.77355283,0.51143289,0
1.5573461,-1.3382248,1.6251036,0.37423584,-0.77355283,0.51143289,0
-1.3090633,1.6106189,-1.3905933,-0.37423584,0.77355283,-0.51143289,0
1.0374395,1.4869558,-0.7275362,0.35912883,-0.38757634,-0.849006,0
0.12291646,2.2678494,-1.3953815,-0.37423584,0.77355283,-0.51143289,0
0.64991522,3.0431483,-0.94834304,-0.37423584,0.77355283,-0.51143289,0
-0.31605431,0.97499061,0.10617435,-0.35912883,0.38757634,0.849006,0
-1.8255826,1.7382684,-1.0919046,-0.37423584,0.77355283,-0.51143289,0
-2.3152661,-0.43629992,-1.3913536,0.35912883,-0.38757634,-0.849006,0
3.0367618,-0.7890532,1.6385087,0.37423584,-0.77355283,0.51143289,0
3.1191778,-0.88182747,1.0844126,0.37423584,-0.77355283,0.51143289,0
-2.2126217,-1.2290916,-0.68065792,-0.85497022,-0.50139874,-0.13276014,0
1.1763815,2.8510239,-1.326519,-0.37423584,0.77355283,-0.51143289,0
-1.0392895,-2.8683078,1.1775253,0.37423584,-0.77355283,0.51143289,0
0.8749215,-2.1768987,1.0552101,0.37423584,-0.77355283,0.51143289,0
-0.92933565,-1.6865124,0.95255291,-0.35912883,0.38757634,0.849006,0
2.8346844,-1.0111275,0.97296977,0.35912883,-0.38757634,-0.849006,0
1.8666595,-1.7103598,0.95550132,0.35912883,-0.38757634,-0.849006,0
-0.30718181,-0.011196136,0.57071662,-0.35912883,0.38757634,0.849006,0
0.11275452,-0.90316463,-0.093645334,0.35912883,-0.38757634,-0.849006,0
-1.0493158,0.53937471,-1.2249742,0.35912883,-0.38757634,-0.849006,0
2.5710583,0.42605376,1.2325907,0.85497022,0.50139874,0.13276014,0
2.1203041,-1.4975579,1.0792196,0.37423584,-0.77355283,0.51143289,0
1.1641631,3.2349877,-0.46583033,0.85497022,0.50139874,0.13276014,0
2.2940495,0.84409988,0.18902352,0.85497022,0.50139874,0.13276014,0
0.86074317,-1.6826255,0.63003874,0.35912883,-0.38757634,-0.849006,0
1.9854271,1.1154412,-0.33768395,0.35912883,-0.38757634,-0.849006,0
0.35853645,2.4487605,-1.527765,-0.37423584,0.77355283,-0.51143289,0
1.5479653,2.3563812,0.017533779,0.85497022,0.50139874,0.13276014,0
0.89365995,-1.1274629,0.28552294,0.35912883,-0.38757634,-0.849006,0
-1.8958036,1.2461346,-1.7925494,-0.37423584,0.77355283,-0.51143289,0
-0.55696392,1.4555652,-1.5038686,0.35912883,-0.38757634,-0.849006,0
2.3164897,1.2230301,-0.039462775,0.85497022,0.50139874,0.13276014,0
0.20684992,-0.49410838,1.0073304,-0.35912883,0.38757634,0.849006,0
1.4341965,-1.8033606,1.2037485,0.37423584,-0.77355283,0.51143289,0
-2.3005702,-1.2093359,-0.05156064,-0.85497022,-0.50139874,-0.13276014,0
-1.1352556,0.59805101,-0.081631184,-0.35912883,0.38757634,0.849006,0
-2.6517277,1.3314387,-1.1245561,-0.37423584,0.77355283,-0.51143289,0
2.0433042,-1.2341681,1.5042837,0.37423584,-0.77355283,0.51143289,0
2.9959085,-0.29131305,0.8756367,0.85497022,0.50139874,0.13276014,0
-2.4205127,0.74874771,-1.8053399,-0.37423584,0.77355283,-0.51143289,0
-0.66276664,-1.2091448,-0.2530328,0.35912883,-0.38757634,-0.849006,0
1.9041512,1.9310534,-0.51319134,0.85497022,0.50139874,0.13276014,0
0.37577835,0.82545102,0.37399042,-0.35912883,0.38757634,0.849006,0
-0.12323758,0.095828354,-0.5947758,0.35912883,-0.38757634,-0.849006,0
-2.2613888,-0.77138972,-0.0067180768,-0.35912883,0.38757634,0.849006,0
-0.6367358,-3.0830345,0.57287741,0.35912883,-0.38757634,-0.849006,0
0.9246695,3.1714973,-0.71320534,-0.37423584,0.77355283,-0.51143289,0
-0.42800361,-2.257221,1.4681306,-0.35912883,0.38757634,0.849006,0
-2.8551593,0.8784076,-1.1101208,-0.35912883,0.38757634,0.849006,0
-1.5675184,1.7658402,-1.1090112,-0.37423584,0.77355283,-0.51143289,0
1.7048588,2.0184524,0.18821061,0.85497022,0.50139874,0.13276014,0
0.75677752,-1.7464132,1.6265152,0.37423584,-0.77355283,0.51143289,0
-2.9208844,0.28088629,-1.3825998,-0.85497022,-0.50139874,-0.13276014,0
-1.9349909,-1.6902382,0.46392596,-0.85497022,-0.50139874,-0.13276014,0
-2.2485962,-1.0865016,-0.95168495,-0.85497022,-0.50139874,-0.13276014,0
-0.99273711,-3.1049404,0.8242631,0.37423584,-0.77355283,0.51143289,0
-0.44902182,-1.8460059,0.14583063,0.35912883,-0.38757634,-0.849006,0
-0.038608659,-1.1995282,1.0682986,-0.35912883,0.38757634,0.849006,0
2.8613517,-0.16571975,1.2772578,0.85497022,0.50139874,0.13276014,0
-2.7350755,-0.13070756,-0.7292878,-0.85497022,-0.50139874,-0.13276014,0
1.9981691,0.54635298,0.07513988,0.35912883,-0.38757634,-0.849006,0
0.85555786,-0.7916199,1.417073,-0.35912883,0.38757634,0.849006,0
-1.6925125,-0.033407807,-1.2205515,0.35912883,-0.38757634,-0.849006,0
-1.1816015,-3.145577,0.98072052,-0.85497022,-0.50139874,-0.13276014,0
1.7897351,1.7577165,0.42718661,0.85497022,0.50139874,0.13276014,0
1.6048961,2.2024217,-0.40576434,0.85497022,0.50139874,0.13276014,0
-0.94958758,-0.57197428,-0.79168522,0.35912883,-0.38757634,-0.849006,0
1.3630954,2.6008725,-0.079224586,0.85497022,0.50139874,0.13276014,0
-1.3407772,-0.98728633,-0.78872949,0.35912883,-0.38757634,-0.849006,0
-2.6452813,-0.11993098,-1.045949,-0.85497022,-0.50139874,-0.13276014,0
0.89075208,-2.1059966,0.91930103,0.37423584,-0.77355283,0.51143289,0
1.5234914,-1.3231511,0.57689285,0.35912883,-0.38757634,-0.849006,0
-1.2570589,1.4665469,-1.7318574,-0.37423584,0.77355283,-0.51143289,0
1.968999,1.6656338,0.18948084,0.85497022,0.50139874,0.13276014,0
-1.5665981,1.4228191,-1.6478865,-0.37423584,0.77355283,-0.51143289,0
-0.71892989,2.2840505,-0.98933125,-0.37423584,0.77355283,-0.51143289,0
2.3276308,0.69402796,1.0275038,0.85497022,0.50139874,0.13276014,0
1.8680723,1.5949385,0.25820899,0.85497022,0.50139874,0.13276014,0
1.9119729,-1.4051397,1.1826279,0.37423584,-0.77355283,0.51143289,0
2.4572735,-0.90754175,1.778134,0.37423584,-0.77355283,0.51143289,0
1.3184431,2.8918295,-0.88758373,0.85497022,0.50139874,0.13276014,0
-2.9811864,0.39481962,-1.3546383,-0.85497022,-0.50139874,-0.13276014,0
0.94192845,3.3222671,-0.62311578,-0.37423584,0.77355283,-0.51143289,0
1.9473742,-1.2704506,1.4016564,0.37423584,-0.77355283,0.51143289,0
1.6740096,2.1852427,-0.32960343,0.85497022,0.50139874,0.13276014,0
-2.1976497,-1.104477,-0.22336228,-0.85497022,-0.50139874,-0.13276014,0
-0.28758305,2.0095894,-1.7355826,-0.37423584,0.77355283,-0.51143289,0
-2.6341696,-0.27962792,-1.0088881,-0.85497022,-0.50139874,-0.13276014,0
-2.1396928,-0.76610333,-1.0682275,0.35912883,-0.38757634,-0.849006,0
2.5476408,0.14059019,1.2163609,0.85497022,0.50139874,0.13276014,0
-0.2897754,0.28766418,-0.76076889,0.35912883,-0.38757634,-0.849006,0
-0.4213374,2.0019386,-0.39334106,-0.35912883,0.38757634,0.849006,0
-0.56658596,-1.4519255,-0.1942358,0.35912883,-0.38757634,-0.849006,0
-0.41512638,2.3744488,-0.58328986,-0.35912883,0.38757634,0.849006,0
0.77223969,-2.0629466,1.3439426,0.37423584,-0.77355283,0.51143289,0
-2.3133435,-0.7527985,-0.5507468,-0.85497022,-0.50139874,-0.13276014,0
1.3218625,0.48978502,0.85577887,-0.35912883,0.38757634,0.849006,0
-0.36336961,0.98350459,0.090537548,-0.35912883,0.38757634,0.849006,0
-1.0271571,1.5209832,-1.6789893,-0.37423584,0.77355283,-0.51143289,0
2.01473,1.4716204,0.4928863,0.85497022,0.50139874,0.13276014,0
2.153372,1.0236716,0.90339506,0.85497022,0.50139874,0.13276014,0
-2.484103,1.2239962,-0.93975782,-0.35912883,0.38757634,0.849006,0
2.8630116,-0.66662884,1.8381761,0.37423584,-0.77355283,0.51143289,0
-2.784579,0.12288964,-0.77475584,-0.85497022,-0.50139874,-0.13276014,0
0.48149967,-2.1219194,1.3518689,0.37423584,-0.77355283,0.51143289,0
0.44915336,2.7429676,-1.1422513,-0.37423584,0.77355283,-0.51143289,0
-2.8901169,0.088741362,-1.1010978,-0.85497022,-0.50139874,-0.13276014,0
0.00031131506,2.6398697,-0.5886178,-0.35912883,0.38757634,0.849006,0
2.4953084,0.36594987,1.190436,0.85497022,0.50139874,0.13276014,0
-1.9371101,0.43094921,-1.6560177,0.35912883,-0.38757634,-0.849006,0
-1.5421755,0.48895079,-0.23577476,-0.35912883,0.38757634,0.849006,0
0.27185863,-1.081727,1.1750414,-0.35912883,0.38757634,0.849006,0
1.7449353,2.1837277,-0.28527033,0.85497022,0.50139874,0.13276014,0
-2.1902044,-1.4197714,-0.0027709603,-0.85497022,-0.50139874,-0.13276014,0
1.4458768,2.5606899,-0.29893136,0.85497022,0.50139874,0.13276014,0
1.1553495,2.553328,-0.0084297657,-0.35912883,0.38757634,0.849006,0
-2.4632058,-0.92863607,-0.14361945,-0.85497022,-0.50139874,-0.13276014,0
1.2101606,-1.8706495,1.2384236,0.37423584,-0.77355283,0.51143289,0
1.832388,1.6611426,0.5477699,0.85497022,0.50139874,0.13276014,0
0.79476988,0.84344447,0.62799537,-0.35912883,0.38757634,0.849006,0
-2.9046497,0.15221632,-1.195583,-0.85497022,-0.50139874,-0.13276014,0
-0.22626939,-1.804456,1.3525158,-0.35912883,0.38757634,0.849006,0
-0.14529869,-0.76885611,-0.22238189,0.35912883,-0.38757634,-0.849006,0
-2.8786521,0.16586208,-0.80624413,-0.85497022,-0.50139874,-0.13276014,0
0.72276235,-2.0917034,1.0614722,0.37423584,-0.77355283,0.51143289,0
-0.61929882,2.2625365,-1.0905118,-0.37423584,0.77355283,-0.51143289,0
2.8996346,-0.59509921,1.918195,0.85497022,0.50139874,0.13276014,0
-2.4579175,-0.45671022,-1.3523128,-0.85497022,-0.50139874,-0.13276014,0
1.1828073,-1.4401162,1.8259906,-0.35912883,0.38757634,0.849006,0
0.92331755,2.8567431,-0.25164628,-0.35912883,0.38757634,0.849006,0
0.4607119,-2.358707,0.95733881,0.37423584,-0.77355283,0.51143289,0
-0.89677829,1.8667281,-1.4236667,-0.37423584,0.77355283,-0.51143289,0
-0.00091299415,2.4550495,-0.9993856,-0.37423584,0.77355283,-0.51143289,0
-1.7437185,1.4650692,-1.5154526,-0.37423584,0.77355283,-0.51143289,0
-0.23640907,-2.7194624,0.78127193,0.37423584,-0.77355283,0.51143289,0
-1.7785493,-1.9430484,0.4078021,-0.85497022,-0.50139874,-0.13276014,0
2.7779348,0.14836168,1.1215292,0.85497022,0.50139874,0.13276014,0
-2.0929499,-0.99934775,-0.8348161,-0.85497022,-0.50139874,-0.13276014,0
2.4065299,-0.82308137,1.9560723,0.37423584,-0.77355283,0.51143289,0
-1.2795221,-0.40363532,0.32729378,-0.35912883,0.38757634,0.849006,0
1.6173499,2.1890726,0.05418992,0.85497022,0.50139874,0.13276014,0
-0.66340756,-1.2107213,-0.25970215,0.35912883,-0.38757634,-0.849006,0
1.4744177,0.17244542,1.0676383,-0.35912883,0.38757634,0.849006,0
1.0386505,1.4144713,0.37899923,-0.35912883,0.38757634,0.849006,0
2.5293894,0.18972147,1.6258671,0.85497022,0.50139874,0.13276014,0
-1.4200519,1.6375459,-1.2886777,-0.37423584,0.77355283,-0.51143289,0
2.8792493,-0.73576283,1.5475273,0.37423584,-0.77355283,0.51143289,0
-0.65707028,0.40893674,0.19742262,-0.35912883,0.38757634,0.849006,0
1.5121173,-0.79750186,0.47709119,0.35912883,-0.38757634,-0.849006,0
1.5735092,2.3932259,0.055530787,0.85497022,0.50139874,0.13276014,0
-0.86828524,-1.6079028,-0.24762833,0.35912883,-0.38757634,-0.849006,0
2.2841015,-0.77649313,0.73947692,0.35912883,-0.38757634,-0.849006,0
1.2757888,-2.0792453,0.99235487,0.37423584,-0.77355283,0.51143289,0
2.9248929,-0.82210714,1.3271778,0.37423584,-0.77355283,0.51143289,0
-1.3373041,-2.8882608,0.99480557,-0.85497022,-0.50139874,-0.13276014,0
-3.047997,0.54453421,-1.7601953,-0.37423584,0.77355283,-0.51143289,0
-0.74467641,-2.4265213,0.22625399,0.35912883,-0.38757634,-0.849006,0
-1.135828,1.9772706,-0.88603663,-0.37423584,0.77355283,-0.51143289,0
-0.59099138,-2.5003645,1.4909112,0.37423584,-0.77355283,0.51143289,0
-0.83452678,0.92308396,-1.274982,0.35912883,-0.38757634,-0.849006,0
-2.5306125,-0.28695571,-1.3566084,-0.85497022,-0.50139874,-0.13276014,0
-2.1745791,-1.5740718,0.40265161,-0.85497022,-0.50139874,-0.13276014,0
-0.98443961,-2.1667387,-0.06076622,0.35912883,-0.38757634,-0.849006,0
-0.69632077,-0.37260509,-0.74861759,0.35912883,-0.38757634,-0.849006,0
2.3125622,0.93346894,0.081449866,0.85497022,0.50139874,0.13276014,0
-1.0040751,-1.5889308,-0.33718586,0.35912883,-0.38757634,-0.849006,0
-1.5607208,-2.429384,0.32951069,-0.85497022,-0.50139874,-0.13276014,0
-2.5565743,-0.51859921,-0.44252083,-0.85497022,-0.50139874,-0.13276014,0
1.9919955,1.6847792,-0.4175657,0.85497022,0.50139874,0.13276014,0
-0.51484346,-2.6227136,1.2824931,0.37423584,-0.77355283,0.51143289,0
1.1322237,-1.9360262,1.1733716,0.37423584,-0.77355283,0.51143289,0
-3.041852,0.54963684,-1.5983152,-0.85497022,-0.50139874,-0.13276014,0
1.3857505,2.7096019,-0.27073526,0.85497022,0.50139874,0.13276014,0
-0.79650438,1.8035822,-1.559983,-0.37423584,0.77355283,-0.51143289,0
0.78020263,-2.1738601,1.1995029,0.37423584,-0.77355283,0.51143289,0
1.6283772,1.6889449,0.41599697,-0.35912883,0.38757634,0.849006,0
