1.2067683,-1.3368261,2.4790325,-0.31794059,0.61678672,0.72006071,0
1.0778477,-2.7135828,2.28585,0.85478497,-0.14210151,0.49914855,0
0.27868319,-3.210654,3.4149427,-0.41019005,-0.77419686,0.48204058,0
-0.053695537,-0.85167587,0.022455037,0.31794059,-0.61678672,-0.72006071,0
2.2981455,0.40042806,1.1898022,0.85478497,-0.14210151,0.49914855,0
-3.0082977,-1.7826579,-0.29108071,-0.85478497,0.14210151,-0.49914855,0
3.4030497,2.6308808,-1.1432817,0.41019005,0.77419686,-0.48204058,0
0.51377082,-0.8597495,0.31248963,0.31794059,-0.61678672,-0.72006071,0
0.18170345,-3.5187075,2.6826739,-0.41019005,-0.77419686,0.48204058,0
-0.16158676,1.5228306,-2.0058568,0.31794059,-0.61678672,-0.72006071,0
3.3568802,1.7350392,-0.43383265,0.85478497,-0.14210151,0.49914855,0
2.4296892,0.58856773,0.97749758,0.85478497,-0.14210151,0.49914855,0
1.459812,3.0348692,-2.0022666,0.41019005,0.77419686,-0.48204058,0
1.6212308,2.6696959,-2.2355623,0.31794059,-0.61678672,-0.72006071,0
0.39120173,0.093143404,0.71386224,-0.31794059,0.61678672,0.72006071,0
-2.5172088,-0.39435881,-0.19108558,-0.31794059,0.61678672,0.72006071,0
0.56825155,2.9672725,-2.8990436,0.41019005,0.77419686,-0.48204058,0
2.5708487,0.30341166,0.85114342,0.85478497,-0.14210151,0.49914855,0
2.2389593,3.2494602,-1.1676276,0.41019005,0.77419686,-0.48204058,0
0.75537539,-2.5560989,3.0704129,0.85478497,-0.14210151,0.49914855,0
0.17128539,3.2990916,-2.8574491,0.41019005,0.77419686,-0.48204058,0
-1.0107572,-3.1140804,2.5014083,-0.41019005,-0.77419686,0.48204058,0
-1.3743429,2.4121406,-2.0731936,-0.85478497,0.14210151,-0.49914855,0
0.80521059,-2.5363765,2.9090919,0.85478497,-0.14210151,0.49914855,0
-1.1169631,2.9315219,-2.4218822,-0.85478497,0.14210151,-0.49914855,0
0.52309692,1.2185146,-0.028872013,-0.31794059,0.61678672,0.72006071,0
0.30714905,2.1903622,-2.3635349,0.31794059,-0.61678672,-0.72006071,0
1.2311058,3.0488198,-2.5274258,0.41019005,0.77419686,-0.48204058,0
2.7569149,0.45206177,0.54851735,0.85478497,-0.14210151,0.49914855,0
-0.49135524,-3.3395875,2.373713,-0.41019005,-0.77419686,0.48204058,0
1.8755987,-1.3246473,1.5615214,0.85478497,-0.14210151,0.49914855,0
2.098691,-0.55377305,1.4333636,0.85478497,-0.14210151,0.49914855,0
-1.524574,0.66819543,-2.0104017,0.31794059,-0.61678672,-0.72006071,0
0.29580951,-3.4427984,3.1310949,-0.41019005,-0.77419686,0.48204058,0
1.8919177,3.1847298,-1.2499125,-0.31794059,0.61678672,0.72006071,0
-1.423493,-3.4212108,1.7024333,-0.41019005,-0.77419686,0.48204058,0
0.31822872,1.793419,-0.73629296,-0.31794059,0.61678672,0.72006071,0
-2.6925547,-0.40101966,-0.61027181,-0.85478497,0.14210151,-0.49914855,0
2.474946,-0.32815897,0.8656354,0.85478497,-0.14210151,0.49914855,0
0.98404342,3.4511709,-1.8114922,0.41019005,0.77419686,-0.48204058,0
-0.16663492,1.4788494,-1.8994954,0.31794059,-0.61678672,-0.72006071,0
0.10834122,-3.2991223,2.9110689,-0.41019005,-0.77419686,0.48204058,0
1.9566171,0.034030855,1.4521787,-0.31794059,0.61678672,0.72006071,0
-1.6000159,1.5324353,-1.6738937,-0.85478497,0.14210151,-0.49914855,0
0.04728663,-3.6641638,2.6175084,-0.41019005,-0.77419686,0.48204058,0
-2.5008044,-0.84051323,-1.1058162,-0.85478497,0.14210151,-0.49914855,0
-0.73756814,-1.7029934,0.44090235,0.31794059,-0.61678672,-0.72006071,0
-2.0668931,1.07564,-1.2469215,-0.85478497,0.14210151,-0.49914855,0
3.6547687,2.7522724,-0.63656592,0.41019005,0.77419686,-0.48204058,0
-2.9908938,-2.7612693,0.27978969,0.31794059,-0.61678672,-0.72006071,0
-0.92705727,-3.3875232,2.1408343,-0.41019005,-0.77419686,0.48204058,0
-1.1605849,2.3614342,-1.7295941,-0.31794059,0.61678672,0.72006071,0
-0.44382533,-1.6847489,2.0701704,-0.31794059,0.61678672,0.72006071,0
2.1615167,1.4190049,-1.0642594,0.31794059,-0.61678672,-0.72006071,0
3.0425377,1.2765322,0.034867287,0.85478497,-0.14210151,0.49914855,0
0.31810641,3.3569965,-2.6186705,0.41019005,0.77419686,-0.48204058,0
-1.9925461,0.35703424,-1.4489833,-0.85478497,0.14210151,-0.49914855,0
2.9907148,2.5638831,-1.4520717,0.41019005,0.77419686,-0.48204058,0
2.6789274,1.1500509,-0.41226888,0.31794059,-0.61678672,-0.72006071,0
0.56333125,-1.9649239,2.5149283,-0.31794059,0.61678672,0.72006071,0
1.4416919,2.8757257,-2.2991476,0.41019005,0.77419686,-0.48204058,0
-2.5304105,-0.2275379,-0.58878422,-0.85478497,0.14210151,-0.49914855,0
0.64376152,2.5484128,-2.631608,0.31794059,-0.61678672,-0.72006071,0
-2.6895118,-3.0740016,1.2511814,-0.41019005,-0.77419686,0.48204058,0
1.1320094,2.73247,-2.5176899,0.31794059,-0.61678672,-0.72006071,0
1.3311616,-0.47235519,0.34911638,0.31794059,-0.61678672,-0.72006071,0
-0.2086091,3.292968,-3.2180338,0.41019005,0.77419686,-0.48204058,0
-0.86073375,2.3365302,-2.7438748,-0.85478497,0.14210151,-0.49914855,0
2.2122991,-0.78482902,0.98370016,0.85478497,-0.14210151,0.49914855,0
3.237186,1.5912281,-0.073530197,0.85478497,-0.14210151,0.49914855,0
-0.013687968,-1.8876991,2.1668718,-0.31794059,0.61678672,0.72006071,0
-2.3162827,-2.7508614,1.7769017,-0.41019005,-0.77419686,0.48204058,0
0.42640781,-3.6468132,2.7430811,-0.41019005,-0.77419686,0.48204058,0
3.7287703,2.9456882,-0.59847093,0.41019005,0.77419686,-0.48204058,0
1.4350111,-0.96404064,2.133451,0.85478497,-0.14210151,0.49914855,0
3.2778244,1.1826673,-0.18403959,0.85478497,-0.14210151,0.49914855,0
0.83982444,-2.4776106,2.8536065,0.85478497,-0.14210151,0.49914855,0
0.4570415,-2.2917705,1.6031268,0.31794059,-0.61678672,-0.72006071,0
-0.57664967,2.9987431,-3.094388,-0.85478497,0.14210151,-0.49914855,0
-0.44496703,-0.35844046,0.8550964,-0.31794059,0.61678672,0.72006071,0
3.8679156,2.5502462,-0.75762987,0.85478497,-0.14210151,0.49914855,0
1.3907466,3.3155577,-1.4024282,-0.31794059,0.61678672,0.72006071,0
-2.8435848,-1.1443686,-0.5939734,-0.85478497,0.14210151,-0.49914855,0
1.7938843,3.1687067,-1.8256707,0.41019005,0.77419686,-0.48204058,0
-2.6491461,-0.13927281,-0.3610605,-0.85478497,0.14210151,-0.49914855,0
3.7970347,2.597672,-0.77032256,0.41019005,0.77419686,-0.48204058,0
-1.3714395,1.4824611,-2.0556545,-0.85478497,0.14210151,-0.49914855,0
3.6413441,1.9719558,-0.57972264,0.85478497,-0.14210151,0.49914855,0
1.7632458,2.7910879,-2.2215676,0.41019005,0.77419686,-0.48204058,0
-2.9671657,-1.3768351,0.69231713,-0.31794059,0.61678672,0.72006071,0
-0.1549077,-2.7712817,1.6072181,0.31794059,-0.61678672,-0.72006071,0
-0.82061845,-0.48953271,0.72879481,-0.31794059,0.61678672,0.72006071,0
2.7447789,1.184472,0.69891346,0.85478497,-0.14210151,0.49914855,0
0.49898675,0.0028427243,-0.57605237,0.31794059,-0.61678672,-0.72006071,0
2.0976136,2.8224523,-1.8612413,0.41019005,0.77419686,-0.48204058,0
0.53084111,3.1419303,-1.7679561,-0.31794059,0.61678672,0.72006071,0
-0.36566651,-3.074568,3.1283274,-0.41019005,-0.77419686,0.48204058,0
-0.36818898,-2.521286,1.2383543,0.31794059,-0.61678672,-0.72006071,0
1.1811095,3.0293081,-2.3874037,0.41019005,0.77419686,-0.48204058,0
-3.925565,-2.441159,1.0753341,-0.41019005,-0.77419686,0.48204058,0
0.39792782,1.0395067,-1.477183,0.31794059,-0.61678672,-0.72006071,0
0.028048754,3.1570964,-3.3953075,0.41019005,0.77419686,-0.48204058,0
2.3376396,0.56235337,1.1388316,0.85478497,-0.14210151,0.49914855,0
1.0878572,-1.97809,1.617295,0.31794059,-0.61678672,-0.72006071,0
-2.8147604,-2.697206,1.5883102,-0.41019005,-0.77419686,0.48204058,0
1.1510093,1.7259543,-1.7741215,0.31794059,-0.61678672,-0.72006071,0
0.35683739,3.0564322,-3.0359452,0.41019005,0.77419686,-0.48204058,0
-2.6491868,-0.69423616,-0.57382977,-0.85478497,0.14210151,-0.49914855,0
-1.4294295,0.7976799,-2.0278878,0.31794059,-0.61678672,-0.72006071,0
0.30133682,2.0468612,-2.4372914,0.31794059,-0.61678672,-0.72006071,0
-2.2318907,-3.0221303,0.82776928,0.31794059,-0.61678672,-0.72006071,0
1.5905962,-1.4235439,1.7049714,0.85478497,-0.14210151,0.49914855,0
2.2761433,3.2655487,-1.2341423,0.41019005,0.77419686,-0.48204058,0
-1.4053087,2.5313709,-1.9925421,-0.31794059,0.61678672,0.72006071,0
2.1030903,-0.49445,1.3002661,0.85478497,-0.14210151,0.49914855,0
-0.57597518,3.6000009,-2.8078475,0.41019005,0.77419686,-0.48204058,0
-2.6193221,-0.25570905,-0.50208569,-0.85478497,0.14210151,-0.49914855,0
-0.7143873,0.15559578,-1.2731545,0.31794059,-0.61678672,-0.72006071,0
1.6375943,3.4187126,-1.5450466,0.41019005,0.77419686,-0.48204058,0
-1.2513374,-0.3703934,0.5818541,-0.31794059,0.61678672,0.72006071,0
-1.858108,0.25263929,-0.38121834,-0.31794059,0.61678672,0.72006071,0
-0.43987948,-3.4910605,2.1658049,-0.41019005,-0.77419686,0.48204058,0
0.80308533,-2.5614588,2.9462671,0.85478497,-0.14210151,0.49914855,0
-1.6727295,1.5965272,-1.6895702,-0.85478497,0.14210151,-0.49914855,0
-1.7245787,-2.9248991,2.0896878,-0.41019005,-0.77419686,0.48204058,0
2.7219975,1.2829713,0.73951745,0.85478497,-0.14210151,0.49914855,0
1.1386509,2.3986607,-0.79923081,-0.31794059,0.61678672,0.72006071,0
-0.38798642,-2.6748667,2.7799926,-0.31794059,0.61678672,0.72006071,0
2.3460107,1.1896154,0.69088829,-0.31794059,0.61678672,0.72006071,0
2.660871,3.0663431,-1.1712584,0.41019005,0.77419686,-0.48204058,0
0.13946764,0.62154889,0.11351183,-0.31794059,0.61678672,0.72006071,0
-1.2175152,2.5912719,-1.9980597,-0.85478497,0.14210151,-0.49914855,0
0.14650714,-1.6921957,0.83817708,0.31794059,-0.61678672,-0.72006071,0
2.1931703,2.9602573,-1.4778361,0.41019005,0.77419686,-0.48204058,0
0.6568644,1.2756795,-1.6075767,0.31794059,-0.61678672,-0.72006071,0
0.46492115,1.1954608,-1.5285416,0.31794059,-0.61678672,-0.72006071,0
1.8064985,3.2716563,-1.5815532,0.41019005,0.77419686,-0.48204058,0
3.1006458,2.7994709,-1.3338103,0.41019005,0.77419686,-0.48204058,0
-0.35188323,0.63624072,-0.040439159,-0.31794059,0.61678672,0.72006071,0
-1.4380414,-3.2691047,1.8662515,-0.41019005,-0.77419686,0.48204058,0
0.42563105,-3.3550246,3.3751352,-0.41019005,-0.77419686,0.48204058,0
3.1864715,1.6207329,0.043668985,0.85478497,-0.14210151,0.49914855,0
-1.6055741,-1.5246205,1.2616676,-0.31794059,0.61678672,0.72006071,0
-1.1312211,2.4433451,-1.9477227,-0.31794059,0.61678672,0.72006071,0
0.94969398,1.6453116,-0.256302,-0.31794059,0.61678672,0.72006071,0
-0.0015354156,-3.563854,2.6731458,-0.41019005,-0.77419686,0.48204058,0
2.9119442,1.1461241,0.35507774,0.85478497,-0.14210151,0.49914855,0
0.51037002,2.1781938,-1.0745696,-0.31794059,0.61678672,0.72006071,0
-1.3920356,-3.2465334,1.8644979,-0.41019005,-0.77419686,0.48204058,0
-1.3999474,-3.2278285,1.7874353,-0.41019005,-0.77419686,0.48204058,0
1.2313139,3.3199651,-1.9255838,0.41019005,0.77419686,-0.48204058,0
2.0509229,2.7325232,-2.0798206,0.41019005,0.77419686,-0.48204058,0
3.6229906,2.8907535,-0.68394232,0.41019005,0.77419686,-0.48204058,0
-0.53082478,-1.3138454,0.26323128,0.31794059,-0.61678672,-0.72006071,0
-2.9523573,-2.960274,1.1359756,-0.41019005,-0.77419686,0.48204058,0
-1.611151,1.4975458,-1.8286353,-0.85478497,0.14210151,-0.49914855,0
3.5994575,2.490953,-1.1050441,0.41019005,0.77419686,-0.48204058,0
-1.5903332,-2.4889174,0.62610292,0.31794059,-0.61678672,-0.72006071,0
2.7956722,0.35545486,0.21809804,0.85478497,-0.14210151,0.49914855,0
-1.9342291,1.2740355,-1.1173089,-0.31794059,0.61678672,0.72006071,0
1.3858654,0.76711774,0.58194888,-0.31794059,0.61678672,0.72006071,0
2.9244432,0.92345452,0.13791561,0.85478497,-0.14210151,0.49914855,0
1.6738037,-0.027395368,0.19518018,0.31794059,-0.61678672,-0.72006071,0
2.1990037,1.3904485,0.36838531,-0.31794059,0.61678672,0.72006071,0
3.7277255,2.5227714,-0.71330714,0.85478497,-0.14210151,0.49914855,0
2.1439786,0.90232968,-0.57366157,0.31794059,-0.61678672,-0.72006071,0
1.2451501,3.0455575,-2.3989906,0.41019005,0.77419686,-0.48204058,0
1.7014289,-0.51710606,1.8155719,0.85478497,-0.14210151,0.49914855,0
-2.2960436,-0.9248507,0.48717344,-0.31794059,0.61678672,0.72006071,0
-1.561703,1.2892427,-1.9769759,-0.85478497,0.14210151,-0.49914855,0
1.3560531,-1.0459921,2.2456877,0.85478497,-0.14210151,0.49914855,0
-1.3172157,-3.1700616,1.5610166,0.31794059,-0.61678672,-0.72006071,0
0.143482,0.59859496,0.30376214,-0.31794059,0.61678672,0.72006071,0
1.9427207,2.8864973,-2.1192341,0.41019005,0.77419686,-0.48204058,0
-0.66157824,-2.891542,1.3784769,0.31794059,-0.61678672,-0.72006071,0
1.0021443,1.3114991,-1.3296052,0.31794059,-0.61678672,-0.72006071,0
-0.1165204,-2.2670321,2.4866672,-0.31794059,0.61678672,0.72006071,0
-3.2063484,-2.7957039,1.151664,-0.41019005,-0.77419686,0.48204058,0
3.411366,1.9981087,-0.42917156,0.85478497,-0.14210151,0.49914855,0
-1.8097069,1.3988823,-1.3304754,-0.85478497,0.14210151,-0.49914855,0
2.5043774,2.8926191,-1.6872075,0.41019005,0.77419686,-0.48204058,0
-1.4608877,1.4025367,-2.2128825,-0.85478497,0.14210151,-0.49914855,0
0.89785647,2.6642122,-2.6815972,0.31794059,-0.61678672,-0.72006071,0
-0.82721758,2.2617922,-3.0952332,-0.85478497,0.14210151,-0.49914855,0
3.672847,2.5650969,-0.91675019,0.41019005,0.77419686,-0.48204058,0
1.6521022,2.3283608,-0.67230439,-0.31794059,0.61678672,0.72006071,0
-0.84188819,2.5471518,-2.9290962,-0.85478497,0.14210151,-0.49914855,0
-0.43081367,-3.4908192,2.4044962,-0.41019005,-0.77419686,0.48204058,0
0.38754296,-3.5970018,2.8854158,-0.41019005,-0.77419686,0.48204058,0
-1.7623348,-0.28596288,0.290084,-0.31794059,0.61678672,0.72006071,0
-0.68335676,2.7562838,-2.8735156,-0.85478497,0.14210151,-0.49914855,0
0.34087837,-1.6885842,1.0407708,0.31794059,-0.61678672,-0.72006071,0
-0.046684384,3.3220899,-2.8971372,0.41019005,0.77419686,-0.48204058,0
2.8725929,2.662482,-1.4925911,0.41019005,0.77419686,-0.48204058,0
-0.46840596,3.5001347,-3.066092,0.41019005,0.77419686,-0.48204058,0
-0.81952643,2.5560999,-3.0721495,-0.85478497,0.14210151,-0.49914855,0
0.44418815,1.890027,-0.63942397,-0.31794059,0.61678672,0.72006071,0
3.4087143,1.4474788,-0.35858274,0.85478497,-0.14210151,0.49914855,0
3.2140276,1.370499,-0.26688957,0.85478497,-0.14210151,0.49914855,0
-0.46266636,-3.1704574,1.8168514,0.31794059,-0.61678672,-0.72006071,0
-1.1603607,-3.5111215,1.8748732,-0.41019005,-0.77419686,0.48204058,0
0.43991679,-0.052859962,0.80155712,-0.31794059,0.61678672,0.72006071,0
0.13443136,3.3485789,-2.9382701,0.41019005,0.77419686,-0.48204058,0
0.42476225,-3.3186474,3.3343506,0.85478497,-0.14210151,0.49914855,0
-0.25749218,2.9937451,-2.1055098,-0.31794059,0.61678672,0.72006071,0
-1.6903679,-3.3240173,1.4740355,-0.41019005,-0.77419686,0.48204058,0
-3.5799947,-2.9720252,0.55656075,-0.41019005,-0.77419686,0.48204058,0
1.2679476,-0.37565342,1.5772161,-0.31794059,0.61678672,0.72006071,0
3.5154245,1.847345,-0.4341538,0.85478497,-0.14210151,0.49914855,0
-0.25210786,2.4473238,-1.4092177,-0.31794059,0.61678672,0.72006071,0
-2.8492193,-0.93184274,-0.5263623,-0.85478497,0.14210151,-0.49914855,0
-0.0065909624,-3.7138431,2.4643745,-0.41019005,-0.77419686,0.48204058,0
-1.3795141,-3.1468923,1.3297307,0.31794059,-0.61678672,-0.72006071,0
0.049945831,-3.267282,3.1374688,-0.41019005,-0.77419686,0.48204058,0
0.088537991,0.5336563,-1.2100384,0.31794059,-0.61678672,-0.72006071,0
-2.2192016,-3.2094858,1.0717134,0.31794059,-0.61678672,-0.72006071,0
0.8086983,2.9082432,-2.7711263,0.41019005,0.77419686,-0.48204058,0
2.3775663,0.2608411,1.1589861,0.85478497,-0.14210151,0.49914855,0
0.95174664,1.7179161,-0.35290658,-0.31794059,0.61678672,0.72006071,0
-1.1625273,0.9869864,-2.0681186,0.31794059,-0.61678672,-0.72006071,0
-3.3835785,-1.9228806,0.31177258,-0.85478497,0.14210151,-0.49914855,0
2.3464541,2.400744,-0.34404993,-0.31794059,0.61678672,0.72006071,0
3.7488,2.2612739,-0.71773005,0.85478497,-0.14210151,0.49914855,0
-1.0094208,-2.765897,1.280413,0.31794059,-0.61678672,-0.72006071,0
2.7830422,0.61914045,0.27143764,0.85478497,-0.14210151,0.49914855,0
3.1830757,1.2749188,-0.25879765,0.85478497,-0.14210151,0.49914855,0
2.0119641,3.1687248,-1.3872051,0.41019005,0.77419686,-0.48204058,0
-1.0229707,-3.2083387,2.2227745,-0.41019005,-0.77419686,0.48204058,0
-0.61455965,-3.3444705,2.2561831,-0.41019005,-0.77419686,0.48204058,0
1.4165758,2.8893671,-2.4314213,0.41019005,0.77419686,-0.48204058,0
-0.28736609,0.23878247,0.37127623,-0.31794059,0.61678672,0.72006071,0
-0.42908251,2.6061795,-1.6635517,-0.31794059,0.61678672,0.72006071,0
1.7100409,2.7561345,-2.3290815,0.41019005,0.77419686,-0.48204058,0
-1.6371567,-3.2673295,1.4728637,-0.41019005,-0.77419686,0.48204058,0
2.7001648,2.890239,-1.5244787,0.41019005,0.77419686,-0.48204058,0
-2.3474441,-0.54922903,-1.0191424,-0.85478497,0.14210151,-0.49914855,0
-3.3323367,-2.166924,0.22767091,-0.85478497,0.14210151,-0.49914855,0
1.2491515,3.0743585,-2.3133788,0.41019005,0.77419686,-0.48204058,0
-2.4967916,-2.6675463,1.7851281,-0.41019005,-0.77419686,0.48204058,0
2.2227321,-0.76195544,1.1499193,0.85478497,-0.14210151,0.49914855,0
3.6547198,2.2167654,-0.74363399,0.85478497,-0.14210151,0.49914855,0
0.039742112,3.177371,-3.2662201,0.41019005,0.77419686,-0.48204058,0
-2.6523657,-3.0821552,1.0051811,-0.41019005,-0.77419686,0.48204058,0
0.73331738,-3.4987369,2.9026508,0.85478497,-0.14210151,0.49914855,0
0.81139648,3.0895901,-2.5601954,0.41019005,0.77419686,-0.48204058,0
-1.5802298,0.30914131,-1.7336812,0.31794059,-0.61678672,-0.72006071,0
2.9400172,0.94519305,0.24312079,0.85478497,-0.14210151,0.49914855,0
-1.6634868,-2.8096671,2.3778389,-0.41019005,-0.77419686,0.48204058,0
-0.62675798,-3.1975229,2.6765316,-0.41019005,-0.77419686,0.48204058,0
-2.6992316,-2.7580745,1.39659,-0.41019005,-0.77419686,0.48204058,0
3.7520144,2.1836572,-0.73686481,0.85478497,-0.14210151,0.49914855,0
1.9132609,2.9187894,-1.7808316,0.41019005,0.77419686,-0.48204058,0
0.77565545,3.2820046,-2.3389378,0.41019005,0.77419686,-0.48204058,0
-0.10778165,-3.4134517,2.5882933,-0.41019005,-0.77419686,0.48204058,0
-1.8064214,-3.3608284,1.4071283,-0.41019005,-0.77419686,0.48204058,0
0.81116378,3.3730509,-2.2549248,0.41019005,0.77419686,-0.48204058,0
-2.0351582,-2.0245595,0.060466766,0.31794059,-0.61678672,-0.72006071,0
0.058109045,-3.3903499,3.0007756,-0.41019005,-0.77419686,0.48204058,0
-3.5225496,-2.2142138,0.4170351,-0.85478497,0.14210151,-0.49914855,0
-0.22589475,-0.37859875,-0.54645854,0.31794059,-0.61678672,-0.72006071,0
0.48438048,-3.6010523,2.6409647,0.31794059,-0.61678672,-0.72006071,0
-0.96673095,-2.2384846,0.89547133,0.31794059,-0.61678672,-0.72006071,0
0.5553115,3.1627846,-2.8622117,0.41019005,0.77419686,-0.48204058,0
-0.43770313,-0.52005911,0.83074516,-0.31794059,0.61678672,0.72006071,0
1.5103389,2.9146698,-2.2605221,0.41019005,0.77419686,-0.48204058,0
-0.29336905,-3.405602,2.407856,-0.41019005,-0.77419686,0.48204058,0
1.9100392,-1.0485888,1.5838411,0.85478497,-0.14210151,0.49914855,0
-2.0283878,0.1924641,-1.4665853,-0.85478497,0.14210151,-0.49914855,0
0.16677606,-2.4984286,1.4380488,0.31794059,-0.61678672,-0.72006071,0
-0.68129063,-3.0650761,2.7272654,-0.41019005,-0.77419686,0.48204058,0
-2.351903,-0.014353767,-1.1516191,-0.85478497,0.14210151,-0.49914855,0
0.47312641,-2.9581032,3.3172877,0.85478497,-0.14210151,0.49914855,0
3.4875481,3.004669,-0.41917086,0.41019005,0.77419686,-0.48204058,0
-3.8910949,-2.3784144,0.78309917,-0.85478497,0.14210151,-0.49914855,0
3.3481834,2.427376,-1.3324165,0.31794059,-0.61678672,-0.72006071,0
-2.5619364,-1.2710764,0.58403563,-0.31794059,0.61678672,0.72006071,0
-2.7234087,-1.1363294,-0.53127718,-0.85478497,0.14210151,-0.49914855,0
3.7711165,2.5150356,-0.73993301,0.85478497,-0.14210151,0.49914855,0
1.7231205,-1.5092771,1.7513068,0.85478497,-0.14210151,0.49914855,0
2.7503059,1.139221,0.43286407,0.85478497,-0.14210151,0.49914855,0
-2.7380145,-1.1803529,-0.46364474,-0.85478497,0.14210151,-0.49914855,0
0.08049798,1.5329998,-2.0836544,0.31794059,-0.61678672,-0.72006071,0
1.3151751,1.7034663,-0.28786075,-0.31794059,0.61678672,0.72006071,0
3.3604288,2.9346561,-0.88729286,0.41019005,0.77419686,-0.48204058,0
0.82319498,0.14134982,1.0151206,-0.31794059,0.61678672,0.72006071,0
-1.4030825,-3.0893958,1.9745841,-0.41019005,-0.77419686,0.48204058,0
0.49040842,-2.1225646,2.7459803,-0.31794059,0.61678672,0.72006071,0
-0.72097135,2.6161141,-2.8647137,-0.85478497,0.14210151,-0.49914855,0
0.2954278,-3.1593237,3.4159975,-0.41019005,-0.77419686,0.48204058,0
0.39880979,-0.48470232,1.3611543,-0.31794059,0.61678672,0.72006071,0
0.070596933,-3.3121893,3.1388543,-0.41019005,-0.77419686,0.48204058,0
1.1549301,-2.472271,2.4343417,0.85478497,-0.14210151,0.49914855,0
-0.13658655,3.2657795,-2.2887101,-0.31794059,0.61678672,0.72006071,0
0.303231,3.4576619,-2.3565207,0.41019005,0.77419686,-0.48204058,0
3.58705,2.2918136,-0.31050706,0.85478497,-0.14210151,0.49914855,0
1.8862126,0.74258238,0.91412491,-0.31794059,0.61678672,0.72006071,0
-3.1503544,-1.7398093,-0.20315933,-0.85478497,0.14210151,-0.49914855,0
3.8097856,2.6537435,-0.73646927,0.41019005,0.77419686,-0.48204058,0
2.2091894,0.29735541,1.2987838,0.85478497,-0.14210151,0.49914855,0
0.89707077,2.9312787,-2.8837504,0.41019005,0.77419686,-0.48204058,0
0.8999452,3.1225889,-2.3507173,0.41019005,0.77419686,-0.48204058,0
-2.5727642,-3.1011534,1.2325714,-0.41019005,-0.77419686,0.48204058,0
-1.5438602,-3.3295929,1.7839053,-0.41019005,-0.77419686,0.48204058,0
0.63794923,-3.5331147,2.8709328,0.85478497,-0.14210151,0.49914855,0
-2.224041,-3.0041866,0.99890351,0.31794059,-0.61678672,-0.72006071,0
2.4316294,-0.20032603,0.60397863,0.85478497,-0.14210151,0.49914855,0
2.664228,3.0366459,-0.64804435,-0.31794059,0.61678672,0.72006071,0
3.8221579,2.4084601,-1.0874369,0.31794059,-0.61678672,-0.72006071,0
-2.7447534,-2.8838348,1.4431753,-0.41019005,-0.77419686,0.48204058,0
1.9484278,3.030926,-1.7246482,0.41019005,0.77419686,-0.48204058,0
2.122963,0.014173895,1.4505372,0.85478497,-0.14210151,0.49914855,0
-2.2084413,-0.49465516,0.16771758,-0.31794059,0.61678672,0.72006071,0
0.96245742,-3.0565343,2.6319809,0.85478497,-0.14210151,0.49914855,0
3.2975996,1.3310957,-0.10305524,0.85478497,-0.14210151,0.49914855,0
-2.848428,-2.9621868,0.44876242,0.31794059,-0.61678672,-0.72006071,0
-1.5594473,-0.23272923,-1.0968977,0.31794059,-0.61678672,-0.72006071,0
-0.64868486,0.73062766,-1.5829947,0.31794059,-0.61678672,-0.72006071,0
-2.0778852,0.29778656,-1.3081802,-0.85478497,0.14210151,-0.49914855,0
3.5264895,2.2039573,-0.21159959,0.85478497,-0.14210151,0.49914855,0
1.6381924,-1.2380401,1.8503132,0.85478497,-0.14210151,0.49914855,0
2.1473377,-0.53368878,1.160238,0.85478497,-0.14210151,0.49914855,0
1.5390378,0.066878378,1.2606828,-0.31794059,0.61678672,0.72006071,0
1.7925272,-0.20337695,0.26849926,0.31794059,-0.61678672,-0.72006071,0
-2.3137963,0.11785486,-0.85669911,-0.85478497,0.14210151,-0.49914855,0
-3.3477731,-2.7509542,0.92604375,-0.41019005,-0.77419686,0.48204058,0
-3.7306211,-2.5965538,0.56995964,-0.85478497,0.14210151,-0.49914855,0
2.7562547,0.5759033,0.042204738,0.31794059,-0.61678672,-0.72006071,0
0.90945858,3.4071267,-1.9866123,0.41019005,0.77419686,-0.48204058,0
2.2597713,2.741065,-2.0336165,0.41019005,0.77419686,-0.48204058,0
-1.3515429,1.8803623,-2.1558022,-0.85478497,0.14210151,-0.49914855,0
3.2919936,3.1159585,-0.68802261,0.41019005,0.77419686,-0.48204058,0
-0.7108655,3.2668669,-2.7389598,-0.85478497,0.14210151,-0.49914855,0
-2.6940145,-2.7813635,1.54404,-0.41019005,-0.77419686,0.48204058,0
-0.63720268,-2.1948328,2.373069,-0.31794059,0.61678672,0.72006071,0
1.1791215,-1.8395224,2.4270608,0.85478497,-0.14210151,0.49914855,0
-1.3438419,-3.2600176,1.9279692,-0.41019005,-0.77419686,0.48204058,0
-2.7936575,-0.35062158,-0.28494036,-0.85478497,0.14210151,-0.49914855,0
2.6385498,0.41235462,0.77936226,0.85478497,-0.14210151,0.49914855,0
-2.8749001,-3.0332327,1.1097951,-0.41019005,-0.77419686,0.48204058,0
3.0586996,3.0585246,-0.68166924,0.41019005,0.77419686,-0.48204058,0
-0.41017771,3.6538322,-2.8315458,0.41019005,0.77419686,-0.48204058,0
2.3406017,-0.12573195,1.0736114,0.85478497,-0.14210151,0.49914855,0
-3.7019057,-2.6068187,1.1638927,-0.41019005,-0.77419686,0.48204058,0
-1.9854035,-3.1643043,1.5550487,-0.41019005,-0.77419686,0.48204058,0
-2.5817347,-0.6049847,0.058009624,-0.31794059,0.61678672,0.72006071,0
-1.7495663,0.73148072,-1.9818473,-0.85478497,0.14210151,-0.49914855,0
2.6648009,0.73562056,0.54738164,0.85478497,-0.14210151,0.49914855,0
2.7370918,0.69384241,0.44660783,0.85478497,-0.14210151,0.49914855,0
-3.6254818,-2.3100684,0.56128216,-0.85478497,0.14210151,-0.49914855,0
-1.7304611,-2.644969,2.1971564,-0.31794059,0.61678672,0.72006071,0
-0.58875096,-3.1230409,2.6820118,-0.41019005,-0.77419686,0.48204058,0
-1.596148,-3.1888173,1.7816675,-0.41019005,-0.77419686,0.48204058,0
0.69168139,-3.4778113,2.9367175,0.85478497,-0.14210151,0.49914855,0
-0.1093564,-3.1835175,3.1595168,-0.41019005,-0.77419686,0.48204058,0
-2.1518228,-2.8207519,1.999207,-0.41019005,-0.77419686,0.48204058,0
-1.1327783,-2.1656866,1.9172165,-0.31794059,0.61678672,0.72006071,0
0.86324155,-0.50348908,1.4383495,-0.31794059,0.61678672,0.72006071,0
1.8226414,-1.1370242,1.4331573,0.85478497,-0.14210151,0.49914855,0
0.84077442,2.3972988,-0.86170721,-0.31794059,0.61678672,0.72006071,0
0.99016726,3.3229773,-2.0683749,0.41019005,0.77419686,-0.48204058,0
3.6199489,2.5186155,-0.31584668,0.85478497,-0.14210151,0.49914855,0
0.83246315,1.8000093,-0.5909375,-0.31794059,0.61678672,0.72006071,0
0.6472013,3.1591237,-2.6490107,0.41019005,0.77419686,-0.48204058,0
-0.35734141,-3.0434933,2.9422359,-0.41019005,-0.77419686,0.48204058,0
-0.22568297,-1.3785247,1.6659279,-0.31794059,0.61678672,0.72006071,0
-0.058746696,-3.2327523,3.2377217,-0.41019005,-0.77419686,0.48204058,0
0.93248081,0.34202689,-0.48358947,0.31794059,-0.61678672,-0.72006071,0
0.11235178,3.3340013,-1.97966,-0.31794059,0.61678672,0.72006071,0
-0.79016078,-3.4846282,2.1276855,-0.41019005,-0.77419686,0.48204058,0
-0.45778084,2.6135404,-3.1264853,0.31794059,-0.61678672,-0.72006071,0
1.1587756,2.4098995,-2.3263001,0.31794059,-0.61678672,-0.72006071,0
0.54757547,-3.6229839,3.0924582,-0.41019005,-0.77419686,0.48204058,0
1.7787092,-1.4817219,1.5984415,0.85478497,-0.14210151,0.49914855,0
-2.5659437,-2.5805502,1.8031762,-0.31794059,0.61678672,0.72006071,0
-2.9254491,-0.80258137,-0.26896739,-0.85478497,0.14210151,-0.49914855,0
0.026886106,-1.6903877,2.0383794,-0.31794059,0.61678672,0.72006071,0
1.8944545,-0.82502592,1.4835669,0.85478497,-0.14210151,0.49914855,0
-3.1720433,-2.3497953,1.3875844,-0.31794059,0.61678672,0.72006071,0
-0.2501756,-3.4109461,2.4269083,-0.41019005,-0.77419686,0.48204058,0
0.5494253,1.8436469,-0.53857255,-0.31794059,0.61678672,0.72006071,0
-2.4874082,-2.7563303,1.6252117,-0.41019005,-0.77419686,0.48204058,0
-2.873893,-0.89135349,-0.28657329,-0.85478497,0.14210151,-0.49914855,0
2.072649,1.9655858,-1.4528167,0.31794059,-0.61678672,-0.72006071,0
2.7708967,2.9501588,-1.1976724,0.41019005,0.77419686,-0.48204058,0
1.6033858,2.6253033,-2.311717,0.31794059,-0.61678672,-0.72006071,0
0.85432005,-2.3129392,2.7908962,0.85478497,-0.14210151,0.49914855,0
-2.1104238,0.80822992,-1.2246584,-0.85478497,0.14210151,-0.49914855,0
-2.4624608,-1.0903467,-0.82064545,0.31794059,-0.61678672,-0.72006071,0
-1.7414553,0.74700266,-1.9693377,-0.85478497,0.14210151,-0.49914855,0
-3.7392306,-2.1851029,0.80007768,-0.85478497,0.14210151,-0.49914855,0
-3.5901189,-1.9938807,0.75492764,-0.31794059,0.61678672,0.72006071,0
-2.1444404,0.06414783,-1.1582798,-0.85478497,0.14210151,-0.49914855,0
3.4136457,2.3237808,-0.028844118,0.85478497,-0.14210151,0.49914855,0
0.19513068,0.93353248,-1.4120797,0.31794059,-0.61678672,-0.72006071,0
-1.2904072,1.6858101,-1.2766359,-0.31794059,0.61678672,0.72006071,0
-3.4540074,-2.9678771,0.60907936,-0.41019005,-0.77419686,0.48204058,0
3.1542506,1.3070132,-0.31783175,0.31794059,-0.61678672,-0.72006071,0
-1.2445805,-1.0719337,1.0064695,-0.31794059,0.61678672,0.72006071,0
-3.6859381,-2.7704406,0.55328894,-0.41019005,-0.77419686,0.48204058,0
-0.42284656,3.0517597,-3.2819333,-0.85478497,0.14210151,-0.49914855,0
0.27416533,0.90784061,-1.2925236,0.31794059,-0.61678672,-0.72006071,0
0.13866311,-1.9376478,0.91258204,0.31794059,-0.61678672,-0.72006071,0
-2.1162772,-2.9001651,1.6851189,-0.41019005,-0.77419686,0.48204058,0
-0.84406018,2.5728724,-2.7662611,-0.85478497,0.14210151,-0.49914855,0
3.2111387,2.8272264,-1.0625985,0.41019005,0.77419686,-0.48204058,0
-0.91201282,-2.8607185,2.8418794,-0.41019005,-0.77419686,0.48204058,0
-1.5532037,-3.1321158,1.9593625,-0.41019005,-0.77419686,0.48204058,0
3.310694,2.9848599,-0.67762995,0.41019005,0.77419686,-0.48204058,0
0.93320817,1.532794,-1.7087641,0.31794059,-0.61678672,-0.72006071,0
-1.0410292,-3.3816774,2.1604414,-0.41019005,-0.77419686,0.48204058,0
0.046644211,1.4664856,-2.0415211,0.31794059,-0.61678672,-0.72006071,0
-3.2341254,-1.9122639,-0.15332246,-0.85478497,0.14210151,-0.49914855,0
-3.0252638,-3.1803422,0.72452784,-0.41019005,-0.77419686,0.48204058,0
2.8642185,0.51638991,0.35666168,0.85478497,-0.14210151,0.49914855,0
-1.890349,-0.088566065,-0.021718979,-0.31794059,0.61678672,0.72006071,0
3.1278155,1.8717506,0.17585969,0.85478497,-0.14210151,0.49914855,0
-0.75930858,-2.5459924,1.2138996,0.31794059,-0.61678672,-0.72006071,0
0.41680908,2.8194301,-1.4435334,-0.31794059,0.61678672,0.72006071,0
2.941257,2.8269444,-1.2546532,0.41019005,0.77419686,-0.48204058,0
-0.24503934,-3.2636809,2.9206104,-0.41019005,-0.77419686,0.48204058,0
-2.8253331,-2.190064,1.3718016,-0.31794059,0.61678672,0.72006071,0
1.8610322,-0.78259212,1.7898707,0.85478497,-0.14210151,0.49914855,0
0.23805907,-0.4488396,-0.33956087,0.31794059,-0.61678672,-0.72006071,0
0.81952977,-2.4950728,2.7551944,0.85478497,-0.14210151,0.49914855,0
-0.88113475,0.62936139,-0.12609667,-0.31794059,0.61678672,0.72006071,0
0.58270097,-3.5106277,2.9909058,-0.41019005,-0.77419686,0.48204058,0
1.6536417,1.388482,0.29949415,-0.31794059,0.61678672,0.72006071,0
-2.7645988,-1.0311208,-0.52475667,-0.85478497,0.14210151,-0.49914855,0
-0.34158242,-2.6045656,2.9064453,-0.31794059,0.61678672,0.72006071,0
2.1840312,0.067176752,1.2058872,0.85478497,-0.14210151,0.49914855,0
1.8679395,-0.81267238,1.5935543,0.85478497,-0.14210151,0.49914855,0
0.63570189,-2.57195,3.0389955,0.85478497,-0.14210151,0.49914855,0
1.153186,-2.0045214,1.5392997,0.31794059,-0.61678672,-0.72006071,0
-3.2497442,-1.8097459,0.071612358,-0.85478497,0.14210151,-0.49914855,0
0.64228261,3.4566765,-2.2874336,0.41019005,0.77419686,-0.48204058,0
0.10544813,-3.4872537,2.7466612,-0.41019005,-0.77419686,0.48204058,0
1.2700998,-0.46139205,1.512856,-0.31794059,0.61678672,0.72006071,0
0.57635164,-2.1078258,2.647954,-0.31794059,0.61678672,0.72006071,0
-0.98574972,-3.4054224,1.9153428,-0.41019005,-0.77419686,0.48204058,0
-3.9649661,-2.4540226,0.96003103,-0.41019005,-0.77419686,0.48204058,0
-3.2419081,-2.8062992,0.86669564,-0.41019005,-0.77419686,0.48204058,0
-0.16501701,-3.139133,2.9999306,-0.41019005,-0.77419686,0.48204058,0
3.6035373,2.9543123,-0.61529279,0.41019005,0.77419686,-0.48204058,0
-0.40421146,-3.3665342,2.4869852,-0.41019005,-0.77419686,0.48204058,0
1.0980242,3.3567238,-2.1773314,0.41019005,0.77419686,-0.48204058,0
1.1816099,2.9543414,-2.5268292,0.41019005,0.77419686,-0.48204058,0
-2.5783241,-0.83033991,-0.72299111,-0.85478497,0.14210151,-0.49914855,0
3.2550552,2.9965782,-0.71547532,0.41019005,0.77419686,-0.48204058,0
-0.36495501,-3.501363,2.4496913,-0.41019005,-0.77419686,0.48204058,0
2.831749,0.6199801,0.44797385,0.85478497,-0.14210151,0.49914855,0
-1.6051896,0.56860638,-1.940199,-0.85478497,0.14210151,-0.49914855,0
0.082592368,3.4274368,-2.8921466,0.41019005,0.77419686,-0.48204058,0
3.1408329,1.5717797,-0.0050628185,0.85478497,-0.14210151,0.49914855,0
2.6365743,2.6428797,-1.7332399,0.41019005,0.77419686,-0.48204058,0
2.5549228,0.30517894,0.54020023,0.85478497,-0.14210151,0.49914855,0
-3.6169367,-2.01615,0.75820398,-0.85478497,0.14210151,-0.49914855,0
-2.3386407,-0.47169042,0.14830279,-0.31794059,0.61678672,0.72006071,0
-0.30063045,0.77790248,-1.4690498,0.31794059,-0.61678672,-0.72006071,0
-2.1626666,-2.478965,1.8502281,-0.31794059,0.61678672,0.72006071,0
2.9789221,3.0041704,-1.0266931,0.41019005,0.77419686,-0.48204058,0
-1.6176209,0.71976733,-1.9703672,-0.85478497,0.14210151,-0.49914855,0
-0.53348756,3.437079,-3.1588945,0.41019005,0.77419686,-0.48204058,0
1.6040283,0.2451309,-0.075838327,0.31794059,-0.61678672,-0.72006071,0
1.1468555,3.2065167,-1.9823908,0.41019005,0.77419686,-0.48204058,0
-1.0808184,2.8681514,-2.426903,-0.85478497,0.14210151,-0.49914855,0
0.38368678,-3.1431885,3.4199991,-0.41019005,-0.77419686,0.48204058,0
-1.7086506,-2.8737612,2.3020566,-0.41019005,-0.77419686,0.48204058,0
-3.0348668,-2.0224051,1.0072739,-0.31794059,0.61678672,0.72006071,0
2.1208386,2.9221754,-1.7710276,0.41019005,0.77419686,-0.48204058,0
-2.8403308,-0.66934121,-0.46661401,-0.85478497,0.14210151,-0.49914855,0
-3.6805289,-2.6401219,0.98016429,-0.41019005,-0.77419686,0.48204058,0
2.0774562,1.9639304,-1.5499948,0.31794059,-0.61678672,-0.72006071,0
-1.2472854,2.2309647,-1.7669821,-0.31794059,0.61678672,0.72006071,0
-1.7927263,0.62489468,-1.7863361,-0.85478497,0.14210151,-0.49914855,0
0.43185461,-0.60264182,1.5199449,-0.31794059,0.61678672,0.72006071,0
1.816155,-0.57344413,1.7852041,0.85478497,-0.14210151,0.49914855,0
0.63804144,3.4904225,-2.3139384,0.41019005,0.77419686,-0.48204058,0
2.1453738,3.2546175,-1.2149212,0.41019005,0.77419686,-0.48204058,0
2.1508389,2.9465954,-1.5499353,0.41019005,0.77419686,-0.48204058,0
0.14736962,-3.2255557,3.1450479,-0.41019005,-0.77419686,0.48204058,0
2.5050879,-0.27566022,0.6877799,0.85478497,-0.14210151,0.49914855,0
1.8720462,-0.67851478,1.5785146,0.85478497,-0.14210151,0.49914855,0
3.25544,2.4604599,-0.051706076,-0.31794059,0.61678672,0.72006071,0
-1.6797516,-1.8785486,1.4760791,-0.31794059,0.61678672,0.72006071,0
-1.0926524,-2.1277361,1.9949528,-0.31794059,0.61678672,0.72006071,0
-3.0069222,-1.3075314,-0.25349998,-0.85478497,0.14210151,-0.49914855,0
-0.14006007,-3.3041513,2.673131,-0.41019005,-0.77419686,0.48204058,0
-0.71628451,3.3371584,-2.9457731,-0.85478497,0.14210151,-0.49914855,0
0.36989409,1.11645,-0.017345071,-0.31794059,0.61678672,0.72006071,0
-1.7886336,-0.64998865,-0.99262685,0.31794059,-0.61678672,-0.72006071,0
-2.6838672,-1.153707,-0.67032123,-0.85478497,0.14210151,-0.49914855,0
1.51472,-1.76449,1.7142986,0.85478497,-0.14210151,0.49914855,0
-3.2099001,-1.6571532,0.19966364,-0.85478497,0.14210151,-0.49914855,0
1.8635327,3.0410178,-1.7548575,0.41019005,0.77419686,-0.48204058,0
0.27247497,-0.61216187,0.026682168,0.31794059,-0.61678672,-0.72006071,0
3.2779803,1.7254775,-0.30039191,0.85478497,-0.14210151,0.49914855,0
-1.5325348,1.2979971,-1.9010673,-0.85478497,0.14210151,-0.49914855,0
-1.9743506,-3.0831978,1.7466135,-0.41019005,-0.77419686,0.48204058,0
1.6007434,3.2461002,-1.6378424,0.41019005,0.77419686,-0.48204058,0
3.1842382,2.0712347,0.28769112,0.85478497,-0.14210151,0.49914855,0
-1.2271432,-2.912528,2.4742274,-0.41019005,-0.77419686,0.48204058,0
-2.7775474,-1.3666695,0.75586152,-0.31794059,0.61678672,0.72006071,0
-2.2336073,-3.0064666,0.98372674,0.31794059,-0.61678672,-0.72006071,0
0.87642622,3.4336948,-1.9383655,0.41019005,0.77419686,-0.48204058,0
0.79983878,-2.2893605,2.8852403,0.85478497,-0.14210151,0.49914855,0
2.7406757,0.50859714,0.54338312,0.85478497,-0.14210151,0.49914855,0
-2.2626479,0.068643987,-1.0619016,-0.85478497,0.14210151,-0.49914855,0
1.6978807,3.174931,-1.7475429,0.41019005,0.77419686,-0.48204058,0
-1.0458181,2.7334533,-2.3788588,-0.85478497,0.14210151,-0.49914855,0
-3.131146,-1.6815602,-0.29774356,-0.85478497,0.14210151,-0.49914855,0
-2.0530839,-3.1785946,1.2751596,-0.41019005,-0.77419686,0.48204058,0
-1.5245134,-3.1473863,1.9111252,-0.41019005,-0.77419686,0.48204058,0
-3.3446124,-2.042438,0.17330742,-0.85478497,0.14210151,-0.49914855,0
-2.0455394,-3.228457,1.5047705,-0.41019005,-0.77419686,0.48204058,0
1.8099353,-0.53591514,1.7301956,0.85478497,-0.14210151,0.49914855,0
-2.5760493,-0.7991246,0.34836447,-0.31794059,0.61678672,0.72006071,0
-1.0873342,2.7620339,-2.1837537,-0.85478497,0.14210151,-0.49914855,0
-0.39723745,-1.03315,-0.11440617,0.31794059,-0.61678672,-0.72006071,0
-2.1425006,-0.27384427,-1.3855555,-0.85478497,0.14210151,-0.49914855,0
-2.4324281,-0.29485303,-1.0525764,-0.85478497,0.14210151,-0.49914855,0
-0.26542521,3.4318843,-2.9789729,0.41019005,0.77419686,-0.48204058,0
-3.499228,-2.7227514,0.77638412,-0.41019005,-0.77419686,0.48204058,0
1.7541714,-1.3044807,1.8224217,0.85478497,-0.14210151,0.49914855,0
1.1942674,3.2296221,-2.1096351,0.41019005,0.77419686,-0.48204058,0
3.0817604,1.8692561,0.21470904,0.85478497,-0.14210151,0.49914855,0
-0.43773484,3.4479828,-3.0150201,0.41019005,0.77419686,-0.48204058,0
-3.2563121,-2.9754078,0.8462584,-0.41019005,-0.77419686,0.48204058,0
-1.1009569,2.0012522,-2.5867229,-0.85478497,0.14210151,-0.49914855,0
-2.6484468,-0.72757781,-0.75883532,-0.85478497,0.14210151,-0.49914855,0
0.73108578,-2.8526018,3.0103414,0.85478497,-0.14210151,0.49914855,0
-3.7528338,-2.3461852,0.88054466,-0.85478497,0.14210151,-0.49914855,0
-3.7584825,-2.7850561,0.72475886,-0.41019005,-0.77419686,0.48204058,0
-1.225728,0.79565346,-0.48903596,-0.31794059,0.61678672,0.72006071,0
-1.4280391,-2.8410759,1.178767,0.31794059,-0.61678672,-0.72006071,0
0.85257709,0.29624924,-0.63932633,0.31794059,-0.61678672,-0.72006071,0
0.53024256,0.76782995,-1.1750941,0.31794059,-0.61678672,-0.72006071,0
0.78546613,2.5038507,-2.4514673,0.31794059,-0.61678672,-0.72006071,0
-2.5121598,-0.80038297,-0.78698492,-0.85478497,0.14210151,-0.49914855,0
-2.511945,0.036446512,-0.60777062,-0.85478497,0.14210151,-0.49914855,0
2.9106388,1.2123625,0.2416445,0.85478497,-0.14210151,0.49914855,0
2.1124353,-0.32638222,1.3290393,0.85478497,-0.14210151,0.49914855,0
1.0400631,-2.9396749,2.3669357,0.85478497,-0.14210151,0.49914855,0
-0.46218944,3.3831954,-3.1035776,-0.85478497,0.14210151,-0.49914855,0
2.0947073,-0.85127658,1.0851257,0.85478497,-0.14210151,0.49914855,0
-0.99904037,0.26924044,0.027580544,-0.31794059,0.61678672,0.72006071,0
0.07175684,-0.081167936,-0.72912133,0.31794059,-0.61678672,-0.72006071,0
-0.4857634,-1.5560477,0.54969311,0.31794059,-0.61678672,-0.72006071,0
1.7684724,2.7626958,-2.3111596,0.41019005,0.77419686,-0.48204058,0
-1.3129481,-0.58851397,-0.7741304,0.31794059,-0.61678672,-0.72006071,0
3.4801586,2.6865227,-0.83262396,0.41019005,0.77419686,-0.48204058,0
0.99386549,3.1395903,-2.4048238,0.41019005,0.77419686,-0.48204058,0
-1.4585187,-2.8068085,2.3615274,-0.41019005,-0.77419686,0.48204058,0
-2.3512146,0.18449828,-1.0095525,-0.85478497,0.14210151,-0.49914855,0
3.2798254,2.5428143,-1.4347832,0.41019005,0.77419686,-0.48204058,0
-1.1072621,-3.2091811,2.1704392,-0.41019005,-0.77419686,0.48204058,0
0.39845377,2.583293,-2.7077315,0.31794059,-0.61678672,-0.72006071,0
-1.6742126,0.86581731,-0.6686331,-0.31794059,0.61678672,0.72006071,0
-2.8218679,-3.0928822,1.0651007,-0.41019005,-0.77419686,0.48204058,0
-2.7861876,-3.2249479,0.83855581,-0.41019005,-0.77419686,0.48204058,0
-1.2112136,-2.9841378,2.5537214,-0.41019005,-0.77419686,0.48204058,0
-1.9963551,0.48577476,-1.4153107,-0.85478497,0.14210151,-0.49914855,0
-0.48437262,-2.0705192,0.8438108,0.31794059,-0.61678672,-0.72006071,0
1.7869256,-1.2074943,1.427164,0.85478497,-0.14210151,0.49914855,0
-1.3978393,-3.3444986,1.7568383,-0.41019005,-0.77419686,0.48204058,0
-2.3737178,-3.1971283,1.1066082,-0.41019005,-0.77419686,0.48204058,0
3.7470644,2.2635465,-0.85264254,0.85478497,-0.14210151,0.49914855,0
-1.7622144,-1.5751591,-0.17210376,0.31794059,-0.61678672,-0.72006071,0
-3.4020717,-2.631119,1.228864,-0.41019005,-0.77419686,0.48204058,0
1.0895793,3.4557095,-1.8506987,0.41019005,0.77419686,-0.48204058,0
-2.9316468,-2.6960239,1.5718966,-0.41019005,-0.77419686,0.48204058,0
-1.2109516,-0.60972923,0.72921073,-0.31794059,0.61678672,0.72006071,0
-2.725807,-1.8576617,-0.24912548,0.31794059,-0.61678672,-0.72006071,0
2.6960266,0.62485826,0.70118451,0.85478497,-0.14210151,0.49914855,0
-0.0052502155,-1.2820015,1.909179,-0.31794059,0.61678672,0.72006071,0
-1.1926205,-3.338227,1.7955925,-0.41019005,-0.77419686,0.48204058,0
-3.2361987,-1.3262216,0.015358686,-0.85478497,0.14210151,-0.49914855,0
-0.076340318,-3.1264775,3.1513131,-0.41019005,-0.77419686,0.48204058,0
-0.1433723,3.2894616,-3.2673883,0.41019005,0.77419686,-0.48204058,0
-3.384588,-2.8107889,0.91018224,-0.41019005,-0.77419686,0.48204058,0
-3.7197304,-2.2017007,0.79470801,-0.85478497,0.14210151,-0.49914855,0
0.66365087,3.6041365,-2.1195583,0.41019005,0.77419686,-0.48204058,0
-1.1067719,2.4901612,-2.422931,-0.85478497,0.14210151,-0.49914855,0
