-0.61097664,2.4857845,0.71976328,0.87131602,0.44858551,-0.19894558,0
-0.56870836,2.9471912,1.8461511,0.87131602,0.44858551,-0.19894558,0
0.33334255,-1.1284566,-2.5858388,-0.1792323,-0.086490333,-0.97999752,0
1.9642879,-2.897882,-0.50449061,0.45681953,-0.88954502,-0.005040586,0
0.78885508,-0.87971091,2.4767208,0.1792323,0.086490333,0.97999752,0
1.075546,-1.0188056,2.4752588,0.1792323,0.086490333,0.97999752,0
0.11956477,-0.67877054,1.8828576,-0.87131602,-0.44858551,0.19894558,0
0.92284954,0.065591037,2.3517253,0.1792323,0.086490333,0.97999752,0
-1.1816516,3.2977409,1.4533539,-0.45681953,0.88954502,0.005040586,0
-0.98810339,1.114377,-2.4129386,-0.1792323,-0.086490333,-0.97999752,0
2.2164245,-2.7428045,2.2301323,0.45681953,-0.88954502,-0.005040586,0
-1.1329564,0.70218444,-1.1501592,-0.87131602,-0.44858551,0.19894558,0
1.9076183,-2.968174,1.6479635,0.45681953,-0.88954502,-0.005040586,0
0.92862082,-1.4270329,2.5064659,0.1792323,0.086490333,0.97999752,0
-1.7420263,1.848449,-0.57221961,-0.87131602,-0.44858551,0.19894558,0
-1.0843244,3.1767759,2.4704959,0.1792323,0.086490333,0.97999752,0
1.788486,-2.990387,-0.13821125,0.45681953,-0.88954502,-0.005040586,0
0.47164631,-0.2097255,2.4419179,0.1792323,0.086490333,0.97999752,0
-1.5731364,1.0900168,-2.0037198,-0.87131602,-0.44858551,0.19894558,0
1.0778962,-3.4299459,-2.5302153,-0.1792323,-0.086490333,-0.97999752,0
0.16036469,1.4788758,1.645815,0.87131602,0.44858551,-0.19894558,0
0.9945271,-0.40340811,2.4018393,0.1792323,0.086490333,0.97999752,0
1.8773212,-3.0705295,-0.71389079,0.45681953,-0.88954502,-0.005040586,0
0.70379114,-2.529686,-2.370698,-0.1792323,-0.086490333,-0.97999752,0
0.81784868,-2.0437887,1.1784713,-0.87131602,-0.44858551,0.19894558,0
1.9528697,-1.6531886,2.3127904,0.1792323,0.086490333,0.97999752,0
0.48127115,-1.865307,0.79709327,-0.87131602,-0.44858551,0.19894558,0
1.100988,-3.2706714,-1.4574234,0.45681953,-0.88954502,-0.005040586,0
1.3218595,-0.42077193,1.9663824,0.87131602,0.44858551,-0.19894558,0
-0.83479357,0.13396007,-2.4969926,-0.1792323,-0.086490333,-0.97999752,0
1.5410413,-3.2029133,1.0423527,0.45681953,-0.88954502,-0.005040586,0
-1.4267521,3.0972743,-0.77936149,-0.45681953,0.88954502,0.005040586,0
0.9700892,-3.318336,-1.5683124,0.45681953,-0.88954502,-0.005040586,0
-2.0776291,2.3489859,-2.3506489,-0.1792323,-0.086490333,-0.97999752,0
1.1641142,-1.7429175,2.4021511,0.1792323,0.086490333,0.97999752,0
-1.6664352,2.5508413,-2.4256063,-0.1792323,-0.086490333,-0.97999752,0
0.83301592,-0.82642561,2.5491538,0.1792323,0.086490333,0.97999752,0
0.41940343,0.66627198,2.3393691,0.1792323,0.086490333,0.97999752,0
-2.0662203,2.5859587,-0.27420998,-0.87131602,-0.44858551,0.19894558,0
-1.3655689,3.1221151,0.17528772,-0.45681953,0.88954502,0.005040586,0
1.3991933,-3.0933657,-2.3066666,0.45681953,-0.88954502,-0.005040586,0
-1.5368129,3.2342024,1.3586876,-0.45681953,0.88954502,0.005040586,0
-0.15325069,1.5438648,2.4280567,0.1792323,0.086490333,0.97999752,0
1.7190177,-3.0916696,1.3196175,0.45681953,-0.88954502,-0.005040586,0
-1.0995816,3.3740969,0.5389204,-0.45681953,0.88954502,0.005040586,0
-0.41933537,0.47935224,-2.4357798,-0.1792323,-0.086490333,-0.97999752,0
1.3527511,-2.067899,-1.4845068,0.87131602,0.44858551,-0.19894558,0
0.092414618,-1.1899462,0.70216107,-0.87131602,-0.44858551,0.19894558,0
-0.73016357,1.832468,2.6161165,0.1792323,0.086490333,0.97999752,0
1.7026651,-2.9775553,1.5824711,0.45681953,-0.88954502,-0.005040586,0
-1.9199884,1.6792279,-2.3788087,-0.1792323,-0.086490333,-0.97999752,0
0.98272252,-2.2211792,-2.4609435,-0.1792323,-0.086490333,-0.97999752,0
-0.66025245,-0.48307371,-1.0345482,-0.87131602,-0.44858551,0.19894558,0
0.049912155,1.6086469,1.1329739,0.87131602,0.44858551,-0.19894558,0
-1.2548629,2.3800259,2.5887387,0.1792323,0.086490333,0.97999752,0
2.475477,-2.7446184,2.3042471,0.1792323,0.086490333,0.97999752,0
1.7308999,-3.1245728,-2.2654495,0.45681953,-0.88954502,-0.005040586,0
1.0501779,-0.7563982,0.32385981,0.87131602,0.44858551,-0.19894558,0
-1.9287213,3.0202765,0.34213352,-0.45681953,0.88954502,0.005040586,0
2.0402589,-2.9811935,0.68148136,0.45681953,-0.88954502,-0.005040586,0
1.8678411,-2.2440174,1.0610149,0.87131602,0.44858551,-0.19894558,0
0.23983014,0.20927471,-1.140853,0.87131602,0.44858551,-0.19894558,0
-1.6616614,3.0876219,1.9718659,-0.45681953,0.88954502,0.005040586,0
2.079036,-2.0384049,2.4002905,0.1792323,0.086490333,0.97999752,0
1.3567687,-2.9839809,-2.546159,-0.1792323,-0.086490333,-0.97999752,0
-2.0925682,2.704458,-0.21514392,-0.87131602,-0.44858551,0.19894558,0
0.53747511,-1.0453522,2.303725,-0.87131602,-0.44858551,0.19894558,0
-1.5176685,2.0650454,0.2806623,-0.87131602,-0.44858551,0.19894558,0
0.79432678,-0.97162604,2.5422029,0.1792323,0.086490333,0.97999752,0
-0.97960639,3.1550651,0.69485044,0.87131602,0.44858551,-0.19894558,0
-1.8346987,2.928175,0.90445423,-0.45681953,0.88954502,0.005040586,0
0.52156734,-2.1015251,-2.3987694,-0.1792323,-0.086490333,-0.97999752,0
1.088834,-3.4331102,-2.2821655,0.45681953,-0.88954502,-0.005040586,0
-0.31516802,0.017650604,1.1985866,-0.87131602,-0.44858551,0.19894558,0
1.3624105,-1.1723481,2.4179828,0.1792323,0.086490333,0.97999752,0
1.0225987,-3.4350741,-1.195977,0.45681953,-0.88954502,-0.005040586,0
-0.55294013,1.7001723,2.5446796,0.1792323,0.086490333,0.97999752,0
-1.1103611,1.5632393,1.2825022,-0.87131602,-0.44858551,0.19894558,0
-1.3948282,3.116576,0.076547146,-0.45681953,0.88954502,0.005040586,0
-1.4544618,3.1794004,0.32614994,-0.45681953,0.88954502,0.005040586,0
-1.2909899,1.0861846,-2.502214,-0.1792323,-0.086490333,-0.97999752,0
-0.14418423,0.69948375,-1.9220221,0.87131602,0.44858551,-0.19894558,0
0.03616336,-1.2340302,-0.10860366,-0.87131602,-0.44858551,0.19894558,0
1.4934708,-1.3822803,0.93015289,0.87131602,0.44858551,-0.19894558,0
-1.1089551,3.4419653,1.6511378,-0.45681953,0.88954502,0.005040586,0
-1.8990511,3.0363398,-0.064608097,-0.45681953,0.88954502,0.005040586,0
-1.740881,2.985261,2.0551817,-0.87131602,-0.44858551,0.19894558,0
1.8333912,-2.9416451,2.3420386,0.45681953,-0.88954502,-0.005040586,0
-0.051925778,0.22669995,-1.9162601,0.87131602,0.44858551,-0.19894558,0
-0.81790638,2.1243489,-0.91403663,0.87131602,0.44858551,-0.19894558,0
-1.4904264,3.112612,-0.53595376,-0.45681953,0.88954502,0.005040586,0
1.6209292,-3.1746552,1.4386332,0.45681953,-0.88954502,-0.005040586,0
0.43343949,-2.2981906,-0.53719997,-0.87131602,-0.44858551,0.19894558,0
-1.2471673,2.3409839,2.0429382,-0.87131602,-0.44858551,0.19894558,0
0.21409738,-0.69462526,-2.6268196,-0.1792323,-0.086490333,-0.97999752,0
1.831213,-3.0463371,-0.62519479,0.45681953,-0.88954502,-0.005040586,0
0.77168655,-3.2440581,-2.4240441,-0.1792323,-0.086490333,-0.97999752,0
1.5099208,-1.9318635,-0.12858319,0.87131602,0.44858551,-0.19894558,0
-0.32178426,-1.5401322,-2.3625216,-0.1792323,-0.086490333,-0.97999752,0
-2.042923,2.7688444,-2.3308039,-0.1792323,-0.086490333,-0.97999752,0
2.0551751,-2.2704513,1.0841222,0.87131602,0.44858551,-0.19894558,0
-0.99328673,-0.13356507,-2.0955565,-0.87131602,-0.44858551,0.19894558,0
-1.159089,2.6189091,2.5475378,0.1792323,0.086490333,0.97999752,0
0.087485671,-1.1869293,-2.4955039,-0.1792323,-0.086490333,-0.97999752,0
1.9413667,-2.8028102,-0.25040603,0.87131602,0.44858551,-0.19894558,0
1.6767614,-3.1942332,1.8112097,0.45681953,-0.88954502,-0.005040586,0
-1.7481716,3.0312572,1.5005512,-0.45681953,0.88954502,0.005040586,0
0.41902566,0.94634712,2.3928223,0.1792323,0.086490333,0.97999752,0
-1.018016,2.9369392,-0.59937,0.87131602,0.44858551,-0.19894558,0
-2.0022819,2.9698977,-1.3512065,-0.45681953,0.88954502,0.005040586,0
-0.5767827,0.74464023,-2.5240257,-0.1792323,-0.086490333,-0.97999752,0
0.1591996,0.96593475,2.4369748,0.1792323,0.086490333,0.97999752,0
-0.83880746,2.4348874,2.5119803,0.1792323,0.086490333,0.97999752,0
-1.3036401,3.2494779,0.40411258,-0.45681953,0.88954502,0.005040586,0
-0.089250445,1.03997,2.4133008,0.1792323,0.086490333,0.97999752,0
1.8902793,-2.6108286,2.4489105,0.1792323,0.086490333,0.97999752,0
-1.7047024,3.002064,-1.0651407,-0.45681953,0.88954502,0.005040586,0
-0.19349825,0.0016236305,1.7426236,-0.87131602,-0.44858551,0.19894558,0
-0.93617857,2.9808462,2.5422635,0.1792323,0.086490333,0.97999752,0
1.5167885,-2.0205445,2.55268,0.1792323,0.086490333,0.97999752,0
-0.49253404,1.9188124,2.4336507,0.1792323,0.086490333,0.97999752,0
-1.8439722,2.5050526,-2.3751135,-0.1792323,-0.086490333,-0.97999752,0
1.6650411,-2.9740205,0.32804561,0.45681953,-0.88954502,-0.005040586,0
0.74765062,0.17756701,1.0332053,0.87131602,0.44858551,-0.19894558,0
0.31965089,-0.47866201,-2.540952,-0.1792323,-0.086490333,-0.97999752,0
1.3985187,-3.184881,-1.2020516,0.45681953,-0.88954502,-0.005040586,0
-1.6353524,3.1089749,1.7347147,-0.45681953,0.88954502,0.005040586,0
0.64004874,-2.1484573,-2.4576476,-0.1792323,-0.086490333,-0.97999752,0
0.43670249,-0.64827573,2.4402115,0.1792323,0.086490333,0.97999752,0
1.8749145,-2.7999811,-1.0583663,0.87131602,0.44858551,-0.19894558,0
1.7650771,-2.9759543,2.2131207,0.45681953,-0.88954502,-0.005040586,0
1.3401078,-3.2872605,-2.0900226,0.45681953,-0.88954502,-0.005040586,0
-1.8590791,2.2151279,-2.4106741,-0.1792323,-0.086490333,-0.97999752,0
1.7395096,-1.9396542,2.4178634,0.1792323,0.086490333,0.97999752,0
1.3972144,-1.1391344,2.4178588,0.1792323,0.086490333,0.97999752,0
1.80644,-1.8309429,1.0543314,0.87131602,0.44858551,-0.19894558,0
-1.4962527,3.1253166,-1.0199504,-0.45681953,0.88954502,0.005040586,0
-0.47276759,1.6887739,-1.0644866,0.87131602,0.44858551,-0.19894558,0
-1.2309717,3.2002048,2.265975,-0.45681953,0.88954502,0.005040586,0
-1.0033985,2.3497503,2.6008625,0.1792323,0.086490333,0.97999752,0
1.6572652,-3.0605745,-1.0704658,0.45681953,-0.88954502,-0.005040586,0
-1.4226129,2.3920336,1.2323081,-0.87131602,-0.44858551,0.19894558,0
1.3686081,-1.5476675,-0.35105205,0.87131602,0.44858551,-0.19894558,0
-1.9155452,2.4608595,-2.4865465,-0.1792323,-0.086490333,-0.97999752,0
-0.63330686,0.19897968,0.2780295,-0.87131602,-0.44858551,0.19894558,0
-0.79354453,0.48337507,-2.5227971,-0.1792323,-0.086490333,-0.97999752,0
0.91403723,-0.072500706,2.4102106,0.1792323,0.086490333,0.97999752,0
2.3141201,-2.7232833,2.02424,0.45681953,-0.88954502,-0.005040586,0
-1.8486083,3.0033388,0.87175465,-0.87131602,-0.44858551,0.19894558,0
-0.89755023,-0.34247795,-1.912262,-0.87131602,-0.44858551,0.19894558,0
-1.6257464,3.0101485,0.037506342,-0.45681953,0.88954502,0.005040586,0
-1.6080183,1.9336116,-0.61642027,-0.87131602,-0.44858551,0.19894558,0
-1.7274518,3.0173018,-0.20235062,-0.45681953,0.88954502,0.005040586,0
1.3498836,-3.0766892,1.5723131,-0.87131602,-0.44858551,0.19894558,0
-1.7724605,2.2297421,0.15279508,-0.87131602,-0.44858551,0.19894558,0
-0.32108402,0.81364655,2.4975398,0.1792323,0.086490333,0.97999752,0
0.40709591,1.1162779,2.3278036,0.1792323,0.086490333,0.97999752,0
-0.96832365,3.3071985,0.64989901,0.87131602,0.44858551,-0.19894558,0
-1.206869,2.6472666,2.5645263,0.1792323,0.086490333,0.97999752,0
-1.0483916,2.1162908,-1.9444671,0.87131602,0.44858551,-0.19894558,0
0.68790483,-3.5394261,-2.3558791,0.45681953,-0.88954502,-0.005040586,0
1.9057242,-3.0552096,0.96049666,0.45681953,-0.88954502,-0.005040586,0
-1.0304725,1.3227317,1.4599053,-0.87131602,-0.44858551,0.19894558,0
0.02252996,-0.91628605,-2.4512005,-0.1792323,-0.086490333,-0.97999752,0
-1.7361205,2.9830217,1.2784495,-0.45681953,0.88954502,0.005040586,0
0.38873172,-1.4991299,0.60415173,-0.87131602,-0.44858551,0.19894558,0
0.64173412,-1.0969455,-1.8230426,0.87131602,0.44858551,-0.19894558,0
1.4345286,-3.2960103,1.2201953,0.45681953,-0.88954502,-0.005040586,0
0.17647803,1.8271365,2.2770598,0.87131602,0.44858551,-0.19894558,0
-1.2037656,1.3175256,0.38624275,-0.87131602,-0.44858551,0.19894558,0
0.32593668,-0.44858527,-2.3905711,0.87131602,0.44858551,-0.19894558,0
-0.17144644,-1.7265211,-2.4620261,-0.1792323,-0.086490333,-0.97999752,0
-1.423336,3.1816778,2.4354932,-0.45681953,0.88954502,0.005040586,0
-1.5312784,3.0432789,0.83889532,-0.45681953,0.88954502,0.005040586,0
-0.035488993,0.92296302,-0.12220556,0.87131602,0.44858551,-0.19894558,0
-1.6062081,3.0402,1.8505192,-0.87131602,-0.44858551,0.19894558,0
2.1562877,-2.7271414,0.87224102,0.45681953,-0.88954502,-0.005040586,0
-2.2985086,2.4233148,-2.3850875,-0.1792323,-0.086490333,-0.97999752,0
-1.3961654,3.1740317,2.3109264,-0.45681953,0.88954502,0.005040586,0
1.8122513,-2.9185715,-0.26062346,0.45681953,-0.88954502,-0.005040586,0
-1.4564126,1.2121056,-2.3309801,-0.1792323,-0.086490333,-0.97999752,0
-1.2788966,3.186872,1.9299934,-0.45681953,0.88954502,0.005040586,0
1.4645023,-1.5114269,2.4021573,0.1792323,0.086490333,0.97999752,0
-1.3406934,3.3176298,1.3681457,-0.45681953,0.88954502,0.005040586,0
-2.056128,2.9361022,-1.0329015,-0.45681953,0.88954502,0.005040586,0
-1.5121071,2.9339962,-2.5978284,-0.1792323,-0.086490333,-0.97999752,0
0.80528331,-0.72459072,-0.96590215,0.87131602,0.44858551,-0.19894558,0
-1.0109081,0.62824082,-0.74914122,-0.87131602,-0.44858551,0.19894558,0
0.84133208,-0.056570947,2.3002629,0.1792323,0.086490333,0.97999752,0
-1.0867528,3.4472308,1.9542611,-0.45681953,0.88954502,0.005040586,0
2.2079916,-2.7929525,2.1146445,0.45681953,-0.88954502,-0.005040586,0
-1.7062335,3.1315851,-2.3741312,-0.45681953,0.88954502,0.005040586,0
1.9892329,-2.1631522,1.3396409,0.87131602,0.44858551,-0.19894558,0
-0.61534786,0.95570636,-2.5601325,-0.1792323,-0.086490333,-0.97999752,0
-0.11502357,1.8529229,0.81585836,0.87131602,0.44858551,-0.19894558,0
1.7230349,-1.7738749,2.3236098,0.1792323,0.086490333,0.97999752,0
0.5103792,-1.2086084,-2.5025368,-0.1792323,-0.086490333,-0.97999752,0
1.1545238,-3.2324176,-1.8553839,0.45681953,-0.88954502,-0.005040586,0
-0.69929326,1.8084431,2.4196849,0.1792323,0.086490333,0.97999752,0
0.99099422,-1.1708117,2.4927711,0.1792323,0.086490333,0.97999752,0
-2.0312755,1.8593723,-1.9490488,-0.87131602,-0.44858551,0.19894558,0
-0.36968625,-1.3328217,-2.3458767,-0.1792323,-0.086490333,-0.97999752,0
1.7190361,-3.0206404,-1.9415841,0.87131602,0.44858551,-0.19894558,0
-0.24588394,0.26423144,-2.5105755,0.87131602,0.44858551,-0.19894558,0
0.26923275,-0.86411393,-2.559489,-0.1792323,-0.086490333,-0.97999752,0
0.16535592,-1.9491336,-2.4425411,-0.1792323,-0.086490333,-0.97999752,0
-0.43933392,-0.20360351,-2.5283527,-0.1792323,-0.086490333,-0.97999752,0
0.85478729,-0.92730594,-0.49905455,0.87131602,0.44858551,-0.19894558,0
-1.7689128,2.8753576,-2.3940861,-0.1792323,-0.086490333,-0.97999752,0
-0.89600623,2.2444797,-1.4328889,0.87131602,0.44858551,-0.19894558,0
-1.985873,3.0186362,-2.2742395,-0.45681953,0.88954502,0.005040586,0
-0.78643835,-0.3822161,-2.3140855,-0.1792323,-0.086490333,-0.97999752,0
1.446449,-2.2916107,-1.159951,0.87131602,0.44858551,-0.19894558,0
1.3991052,-3.278003,0.91100645,0.45681953,-0.88954502,-0.005040586,0
-0.31975222,-0.43170977,-2.5458875,-0.1792323,-0.086490333,-0.97999752,0
1.0398834,-2.9691305,0.5222435,-0.87131602,-0.44858551,0.19894558,0
-0.59520411,0.30984414,-2.4970593,-0.1792323,-0.086490333,-0.97999752,0
0.66891634,-2.5201914,-0.44355965,-0.87131602,-0.44858551,0.19894558,0
1.0590086,-2.2797537,2.3356352,-0.87131602,-0.44858551,0.19894558,0
-0.15608196,-1.0831085,-0.5449422,-0.87131602,-0.44858551,0.19894558,0
-0.87083948,3.4403431,1.3092809,-0.45681953,0.88954502,0.005040586,0
-0.81152624,3.133117,2.3774683,0.1792323,0.086490333,0.97999752,0
-1.8181722,3.0115972,-2.3215792,-0.45681953,0.88954502,0.005040586,0
0.66922581,-0.054234222,0.67911708,0.87131602,0.44858551,-0.19894558,0
1.3991675,-3.2075915,1.8678157,-0.87131602,-0.44858551,0.19894558,0
0.18320274,-1.9054585,-2.4483297,-0.1792323,-0.086490333,-0.97999752,0
-1.6903926,3.0965466,-1.0573351,-0.45681953,0.88954502,0.005040586,0
-1.2549466,3.3659277,0.90662885,-0.45681953,0.88954502,0.005040586,0
0.55810928,0.32782862,0.6745193,0.87131602,0.44858551,-0.19894558,0
-2.0827742,2.8776598,-2.0003328,-0.45681953,0.88954502,0.005040586,0
1.8249888,-3.0272028,-0.53225374,0.45681953,-0.88954502,-0.005040586,0
-0.094283819,0.94496697,-0.35502633,0.87131602,0.44858551,-0.19894558,0
-1.0972044,2.4469295,-2.1575623,0.87131602,0.44858551,-0.19894558,0
-1.9521129,3.0447278,-1.83727,-0.45681953,0.88954502,0.005040586,0
0.80107939,-3.262197,-1.3931201,-0.87131602,-0.44858551,0.19894558,0
-1.7104278,3.0152111,-0.70346403,-0.45681953,0.88954502,0.005040586,0
-1.2459773,1.3061959,-0.49970067,-0.87131602,-0.44858551,0.19894558,0
-1.9298682,1.9391254,-1.1708287,-0.87131602,-0.44858551,0.19894558,0
-1.3514836,2.141824,-2.4039266,-0.1792323,-0.086490333,-0.97999752,0
-0.51864767,2.9943879,2.4701982,0.1792323,0.086490333,0.97999752,0
-1.6080928,3.0509655,-2.0066812,-0.45681953,0.88954502,0.005040586,0
-1.4184387,3.2159989,0.91515279,-0.45681953,0.88954502,0.005040586,0
1.4745131,-3.0746489,-2.2032151,0.45681953,-0.88954502,-0.005040586,0
-0.65871119,1.6559166,2.5946028,0.1792323,0.086490333,0.97999752,0
-0.73036885,1.7136148,-2.3324125,0.87131602,0.44858551,-0.19894558,0
1.1504543,-2.1314549,2.5831323,0.1792323,0.086490333,0.97999752,0
-1.7242603,3.1226168,-0.24619198,-0.45681953,0.88954502,0.005040586,0
-1.7180934,2.2810922,-0.082326651,-0.87131602,-0.44858551,0.19894558,0
-0.49524149,2.4922199,0.89783812,0.87131602,0.44858551,-0.19894558,0
0.61509198,-3.1722853,-2.001842,-0.87131602,-0.44858551,0.19894558,0
1.1591368,-3.3067131,0.037108183,0.45681953,-0.88954502,-0.005040586,0
1.6075144,-2.5065088,2.5256884,0.1792323,0.086490333,0.97999752,0
-1.1628724,3.2813184,1.6716261,-0.45681953,0.88954502,0.005040586,0
-2.0655394,2.8354754,-2.3303273,-0.1792323,-0.086490333,-0.97999752,0
1.6640105,-3.1499746,-0.49275899,0.45681953,-0.88954502,-0.005040586,0
-0.88410234,1.0127602,1.3310323,-0.87131602,-0.44858551,0.19894558,0
1.0102537,-3.3177109,-0.88314652,0.45681953,-0.88954502,-0.005040586,0
1.8140799,-3.0066743,0.34143591,0.45681953,-0.88954502,-0.005040586,0
1.6216274,-3.0602198,-1.8854856,0.87131602,0.44858551,-0.19894558,0
-0.020394802,-0.071483612,-2.3603892,0.87131602,0.44858551,-0.19894558,0
1.5647843,-3.0260177,-1.499779,0.45681953,-0.88954502,-0.005040586,0
0.96059787,-1.7651497,-1.8428365,0.87131602,0.44858551,-0.19894558,0
-1.8089397,1.6535702,-1.8793162,-0.87131602,-0.44858551,0.19894558,0
-1.8146365,2.6267452,-2.5159321,-0.1792323,-0.086490333,-0.97999752,0
2.2297099,-2.133904,1.9722358,0.87131602,0.44858551,-0.19894558,0
-2.0645845,2.9367449,-1.4332826,-0.45681953,0.88954502,0.005040586,0
-0.43249199,3.0503545,2.0424576,0.87131602,0.44858551,-0.19894558,0
1.2968721,-2.8175769,1.8258159,-0.87131602,-0.44858551,0.19894558,0
-1.5318749,3.2192636,0.95011568,-0.45681953,0.88954502,0.005040586,0
1.5412195,-3.081521,-1.8889718,0.45681953,-0.88954502,-0.005040586,0
-1.5528772,2.3541892,1.1412327,-0.87131602,-0.44858551,0.19894558,0
-1.3755184,2.7264853,2.3442695,-0.87131602,-0.44858551,0.19894558,0
-1.0692096,3.3109856,1.5840521,-0.45681953,0.88954502,0.005040586,0
1.7797105,-2.9619362,-0.45214081,0.45681953,-0.88954502,-0.005040586,0
2.2374721,-2.7388663,1.6154006,0.45681953,-0.88954502,-0.005040586,0
0.59812403,0.066530466,2.4140139,0.1792323,0.086490333,0.97999752,0
-1.7986579,1.6089875,-2.3999703,-0.1792323,-0.086490333,-0.97999752,0
0.3575325,-0.2565397,2.5842197,0.1792323,0.086490333,0.97999752,0
1.2712823,-3.2181635,-1.9905713,0.45681953,-0.88954502,-0.005040586,0
0.086330652,0.53480375,2.5058575,0.1792323,0.086490333,0.97999752,0
1.9220623,-2.8472819,-0.28778553,0.45681953,-0.88954502,-0.005040586,0
-2.1337426,2.8120234,-1.1882069,-0.45681953,0.88954502,0.005040586,0
1.8720549,-2.8996005,1.1566601,0.45681953,-0.88954502,-0.005040586,0
-1.624799,2.5485942,-2.5179095,-0.1792323,-0.086490333,-0.97999752,0
-0.10081291,-0.9321205,-2.4272845,-0.1792323,-0.086490333,-0.97999752,0
-1.5740268,3.1675155,-0.93625975,-0.45681953,0.88954502,0.005040586,0
-0.66953915,2.7969036,1.1657879,0.87131602,0.44858551,-0.19894558,0
0.30647302,-2.0537834,-1.0552719,-0.87131602,-0.44858551,0.19894558,0
-1.5278951,3.0796406,-0.12888932,-0.45681953,0.88954502,0.005040586,0
1.9156158,-2.9508085,1.4653864,0.45681953,-0.88954502,-0.005040586,0
-1.4660814,3.2889364,-1.2293689,-0.45681953,0.88954502,0.005040586,0
-0.93996072,1.0912812,-2.4123483,-0.1792323,-0.086490333,-0.97999752,0
0.70904779,-2.3455005,0.52578688,-0.87131602,-0.44858551,0.19894558,0
1.1320486,-0.32657269,1.8196784,0.87131602,0.44858551,-0.19894558,0
-1.6055074,3.1073844,-2.1661608,-0.45681953,0.88954502,0.005040586,0
-0.99391747,1.1762969,-2.3794358,-0.1792323,-0.086490333,-0.97999752,0
0.16248441,-0.89312935,-2.4831314,-0.1792323,-0.086490333,-0.97999752,0
0.084149361,-0.66065449,-2.4836087,-0.1792323,-0.086490333,-0.97999752,0
1.7279932,-2.9434171,0.56466985,0.45681953,-0.88954502,-0.005040586,0
1.7882476,-2.7526314,2.3877883,0.1792323,0.086490333,0.97999752,0
-1.6592684,1.1718583,-2.4015081,-0.1792323,-0.086490333,-0.97999752,0
0.63136649,-1.1846411,2.5037959,0.1792323,0.086490333,0.97999752,0
-1.3035851,0.61429125,-2.0019255,-0.87131602,-0.44858551,0.19894558,0
-0.92224818,0.02811186,-1.130807,-0.87131602,-0.44858551,0.19894558,0
-0.39701879,-0.7927466,-2.336235,-0.1792323,-0.086490333,-0.97999752,0
2.0100737,-2.8736937,2.1999044,0.45681953,-0.88954502,-0.005040586,0
-1.3171482,0.73572469,-1.5697645,-0.87131602,-0.44858551,0.19894558,0
-1.6641161,2.9732308,0.53034163,-0.45681953,0.88954502,0.005040586,0
0.16728878,-1.7278495,-0.37856448,-0.87131602,-0.44858551,0.19894558,0
-1.4816875,0.93807149,-2.4548273,-0.1792323,-0.086490333,-0.97999752,0
1.3913219,-2.7891746,2.0975976,-0.87131602,-0.44858551,0.19894558,0
1.1500512,-3.2463055,-2.0704138,0.45681953,-0.88954502,-0.005040586,0
0.2034905,0.060203433,2.4221616,0.1792323,0.086490333,0.97999752,0
1.8688469,-2.7479846,2.4285674,0.1792323,0.086490333,0.97999752,0
0.4734385,-1.3315217,-2.5094261,-0.1792323,-0.086490333,-0.97999752,0
0.51843715,-2.5577691,-2.3717899,-0.1792323,-0.086490333,-0.97999752,0
-2.1279075,2.3368707,-1.635087,-0.87131602,-0.44858551,0.19894558,0
-1.9166045,2.2630992,-0.68039966,-0.87131602,-0.44858551,0.19894558,0
-1.3514955,1.7522086,-2.4674907,-0.1792323,-0.086490333,-0.97999752,0
-1.2866392,3.2642546,1.0354116,-0.45681953,0.88954502,0.005040586,0
-0.87131459,1.6924987,2.3177223,-0.87131602,-0.44858551,0.19894558,0
-1.7140137,3.1414051,0.92663002,-0.45681953,0.88954502,0.005040586,0
1.1951282,-3.2866502,-0.50525188,0.45681953,-0.88954502,-0.005040586,0
1.3371999,-3.3490736,0.49777722,0.45681953,-0.88954502,-0.005040586,0
-1.0296476,3.3045006,1.1764338,-0.45681953,0.88954502,0.005040586,0
0.57236528,-3.2852132,-2.2586834,-0.87131602,-0.44858551,0.19894558,0
0.79648829,-0.22589976,2.3615518,0.1792323,0.086490333,0.97999752,0
-0.79571557,2.5638413,0.027569532,0.87131602,0.44858551,-0.19894558,0
1.4291949,-3.160599,-1.1012354,0.45681953,-0.88954502,-0.005040586,0
1.8852599,-3.0484743,2.032696,0.45681953,-0.88954502,-0.005040586,0
1.2472003,-1.7048676,-1.369521,0.87131602,0.44858551,-0.19894558,0
1.7412968,-1.7842362,1.5580713,0.87131602,0.44858551,-0.19894558,0
-2.0336659,2.9340615,-1.729598,-0.45681953,0.88954502,0.005040586,0
-1.8835948,2.4681847,-2.4596791,-0.1792323,-0.086490333,-0.97999752,0
2.3066308,-2.7997122,1.1609159,0.45681953,-0.88954502,-0.005040586,0
0.58271384,0.85341483,2.4234343,0.1792323,0.086490333,0.97999752,0
0.94817924,-0.40625107,1.2053879,0.87131602,0.44858551,-0.19894558,0
-0.33119941,0.17969537,-2.4554768,-0.1792323,-0.086490333,-0.97999752,0
-0.59359539,-0.68244809,-1.6097029,-0.87131602,-0.44858551,0.19894558,0
-1.3999493,1.6934203,-2.465379,-0.1792323,-0.086490333,-0.97999752,0
-0.18400946,-1.0694945,-0.37821591,-0.87131602,-0.44858551,0.19894558,0
-1.8461807,2.8945303,0.087218523,-0.45681953,0.88954502,0.005040586,0
1.7369089,-3.0750153,-0.85505247,0.45681953,-0.88954502,-0.005040586,0
1.618875,-2.9962559,0.022260427,0.45681953,-0.88954502,-0.005040586,0
-1.8022391,2.9658365,-1.0697281,-0.45681953,0.88954502,0.005040586,0
-0.27374387,1.4265924,2.4661987,0.1792323,0.086490333,0.97999752,0
0.86978817,-0.54813665,2.5091641,0.1792323,0.086490333,0.97999752,0
-1.5776401,3.2047105,-0.85936999,-0.45681953,0.88954502,0.005040586,0
0.29136741,-1.1938527,1.2016336,-0.87131602,-0.44858551,0.19894558,0
0.25468826,-0.22965682,2.4338374,0.1792323,0.086490333,0.97999752,0
-0.36581266,-0.11241651,1.0030032,-0.87131602,-0.44858551,0.19894558,0
-0.51410913,0.90693486,-2.5837741,-0.1792323,-0.086490333,-0.97999752,0
-0.73290491,0.75693738,1.0072205,-0.87131602,-0.44858551,0.19894558,0
-0.66213983,2.6065736,0.67390466,0.87131602,0.44858551,-0.19894558,0
0.38295591,-0.78604054,-2.6103284,-0.1792323,-0.086490333,-0.97999752,0
-0.46166849,1.5113528,2.5780535,0.1792323,0.086490333,0.97999752,0
-1.6206731,1.4769425,-1.241593,-0.87131602,-0.44858551,0.19894558,0
1.0336237,-3.3398063,-1.7087641,0.45681953,-0.88954502,-0.005040586,0
0.9528172,-0.32784075,2.4533553,0.1792323,0.086490333,0.97999752,0
-1.1939293,0.13434798,-2.163717,-0.87131602,-0.44858551,0.19894558,0
-0.57548642,2.3919663,2.3685927,0.1792323,0.086490333,0.97999752,0
-0.1547724,-0.82620418,-2.3914721,-0.1792323,-0.086490333,-0.97999752,0
0.96846831,-3.2864919,-2.4229801,-0.1792323,-0.086490333,-0.97999752,0
-1.517159,3.1610012,1.5925782,-0.45681953,0.88954502,0.005040586,0
1.7961036,-2.9336534,0.27804804,0.45681953,-0.88954502,-0.005040586,0
-0.48593521,-0.45157146,-0.61621314,-0.87131602,-0.44858551,0.19894558,0
-0.39377916,-0.43097275,-2.3470938,-0.1792323,-0.086490333,-0.97999752,0
-1.198825,3.4065065,0.49681377,-0.45681953,0.88954502,0.005040586,0
-1.1403966,0.99193227,-2.3967333,-0.1792323,-0.086490333,-0.97999752,0
-1.2612675,3.3381343,0.45910621,-0.45681953,0.88954502,0.005040586,0
0.48298225,-2.8873813,-1.8849409,-0.87131602,-0.44858551,0.19894558,0
0.76573908,-3.569921,-2.0059931,0.45681953,-0.88954502,-0.005040586,0
-0.5118193,2.949533,2.3212864,0.1792323,0.086490333,0.97999752,0
-0.11783111,0.64410019,2.5767863,0.1792323,0.086490333,0.97999752,0
1.0754629,-3.2693977,-2.3484049,0.45681953,-0.88954502,-0.005040586,0
1.9167907,-2.5055602,0.05257082,0.87131602,0.44858551,-0.19894558,0
1.8971257,-2.9316506,1.2353981,0.45681953,-0.88954502,-0.005040586,0
0.47646892,0.40280092,2.4398448,0.1792323,0.086490333,0.97999752,0
0.30673242,-0.90870994,-2.5811257,-0.1792323,-0.086490333,-0.97999752,0
0.84232837,-2.3297307,-2.5230598,-0.1792323,-0.086490333,-0.97999752,0
1.3332527,-3.3038049,-2.0342155,0.45681953,-0.88954502,-0.005040586,0
-2.3924577,2.4832158,-2.2005441,-0.87131602,-0.44858551,0.19894558,0
-0.27456445,2.6659021,2.2682214,0.87131602,0.44858551,-0.19894558,0
-0.54993743,-0.75053519,-1.4996086,-0.87131602,-0.44858551,0.19894558,0
1.8579829,-3.0224853,-0.40377212,0.45681953,-0.88954502,-0.005040586,0
-1.985657,2.8505418,-1.7851686,-0.45681953,0.88954502,0.005040586,0
0.41562378,-2.1899621,-2.4510589,-0.1792323,-0.086490333,-0.97999752,0
-1.8572603,2.8805506,-1.1409936,-0.45681953,0.88954502,0.005040586,0
0.89159727,-3.4378619,-2.2628605,0.45681953,-0.88954502,-0.005040586,0
-1.6064268,3.1764579,2.2803109,-0.45681953,0.88954502,0.005040586,0
1.8882393,-2.9561367,-0.95037365,0.45681953,-0.88954502,-0.005040586,0
1.6111009,-3.2041183,-2.4901392,0.45681953,-0.88954502,-0.005040586,0
0.92663407,-1.426589,-1.8756837,0.87131602,0.44858551,-0.19894558,0
1.4025563,-0.81444925,1.7945585,0.87131602,0.44858551,-0.19894558,0
-1.1269026,0.58733624,-2.4017382,-0.1792323,-0.086490333,-0.97999752,0
-1.4060633,3.1470299,0.030032158,-0.45681953,0.88954502,0.005040586,0
1.0109062,-3.3712111,-1.9239583,0.45681953,-0.88954502,-0.005040586,0
-0.29998672,2.078078,2.3378258,0.1792323,0.086490333,0.97999752,0
0.38950014,-0.7749759,-2.5208561,-0.1792323,-0.086490333,-0.97999752,0
1.5107207,-2.4863198,2.3966169,0.1792323,0.086490333,0.97999752,0
0.64211965,-1.2784157,2.6229436,-0.87131602,-0.44858551,0.19894558,0
1.4090008,-2.2172582,-1.8199601,0.87131602,0.44858551,-0.19894558,0
-0.14622462,0.051855922,1.60507,-0.87131602,-0.44858551,0.19894558,0
-1.4846828,1.4423354,-2.371882,-0.1792323,-0.086490333,-0.97999752,0
-1.6239917,3.0828068,-1.0972719,-0.45681953,0.88954502,0.005040586,0
-1.591804,3.1609409,0.64002538,-0.45681953,0.88954502,0.005040586,0
-1.1538131,3.4134076,1.1644802,-0.45681953,0.88954502,0.005040586,0
1.4756036,-3.1602492,-1.8573778,0.45681953,-0.88954502,-0.005040586,0
-1.4947206,3.2130322,-1.110986,-0.45681953,0.88954502,0.005040586,0
-1.2897174,3.2174945,-0.2560513,-0.45681953,0.88954502,0.005040586,0
1.880816,-2.9837117,-0.034369946,0.45681953,-0.88954502,-0.005040586,0
1.1246793,-2.1306069,2.3086751,-0.87131602,-0.44858551,0.19894558,0
-1.6616242,3.0584064,-0.11604834,-0.45681953,0.88954502,0.005040586,0
-0.98279476,0.86911774,-2.5156181,-0.1792323,-0.086490333,-0.97999752,0
1.905669,-2.3065112,2.466819,0.1792323,0.086490333,0.97999752,0
-0.52678466,1.2588052,-2.3145237,0.87131602,0.44858551,-0.19894558,0
1.7878969,-2.9707508,-0.88100624,0.45681953,-0.88954502,-0.005040586,0
2.0211797,-1.7799064,2.0066576,0.87131602,0.44858551,-0.19894558,0
0.79611039,-1.1423407,2.4615431,0.1792323,0.086490333,0.97999752,0
0.96749473,-1.5375147,2.6095669,0.1792323,0.086490333,0.97999752,0
-1.9894876,2.1136122,-1.9229221,-0.87131602,-0.44858551,0.19894558,0
1.1017584,-3.3013849,-0.75329375,0.45681953,-0.88954502,-0.005040586,0
-0.11515772,1.7247584,2.4044755,0.1792323,0.086490333,0.97999752,0
1.8555962,-3.0602593,-0.31227231,0.45681953,-0.88954502,-0.005040586,0
0.11622709,-0.97924995,0.69394463,-0.87131602,-0.44858551,0.19894558,0
0.8063153,0.17205942,2.2990041,0.1792323,0.086490333,0.97999752,0
1.6731694,-3.0439596,-0.48860383,0.45681953,-0.88954502,-0.005040586,0
1.267759,-3.3684902,-1.0235357,0.45681953,-0.88954502,-0.005040586,0
-0.28879309,0.21482134,-2.4852982,-0.1792323,-0.086490333,-0.97999752,0
-0.9368856,2.7887726,2.4089274,0.1792323,0.086490333,0.97999752,0
1.3572249,-0.55294991,1.7242084,0.87131602,0.44858551,-0.19894558,0
1.0730081,-0.4736101,1.0320282,0.87131602,0.44858551,-0.19894558,0
-0.34101045,1.1321096,2.4457431,0.1792323,0.086490333,0.97999752,0
-1.9055769,2.9768567,-0.048514128,-0.45681953,0.88954502,0.005040586,0
1.4189405,-3.1495605,2.0421588,-0.87131602,-0.44858551,0.19894558,0
-0.64620197,0.63793558,0.92620397,-0.87131602,-0.44858551,0.19894558,0
-0.19128573,-1.4077643,-2.4465537,-0.1792323,-0.086490333,-0.97999752,0
0.66952765,-2.6124339,-2.4875264,-0.1792323,-0.086490333,-0.97999752,0
1.0622692,-2.3318906,1.765402,-0.87131602,-0.44858551,0.19894558,0
1.7637267,-1.71333,2.3846574,0.1792323,0.086490333,0.97999752,0
-1.9926884,2.287693,-2.3125031,-0.1792323,-0.086490333,-0.97999752,0
-1.7460222,3.001406,-2.1829004,-0.45681953,0.88954502,0.005040586,0
2.0821497,-2.935122,1.9417422,0.45681953,-0.88954502,-0.005040586,0
2.1715934,-2.2748184,2.378901,0.1792323,0.086490333,0.97999752,0
0.50210214,-0.22645903,2.3882344,0.1792323,0.086490333,0.97999752,0
0.063340902,0.21370876,2.4659054,0.1792323,0.086490333,0.97999752,0
-0.49291015,1.6941211,2.5212903,0.1792323,0.086490333,0.97999752,0
-0.84523487,3.403872,1.6348221,-0.45681953,0.88954502,0.005040586,0
-1.5116873,3.2204638,-1.881989,-0.45681953,0.88954502,0.005040586,0
2.0459473,-2.6166961,2.3185344,0.1792323,0.086490333,0.97999752,0
2.3254111,-2.6721823,2.3410764,0.45681953,-0.88954502,-0.005040586,0
-2.1712978,2.8148613,-2.150526,-0.45681953,0.88954502,0.005040586,0
1.2062619,-1.113133,2.3765182,0.1792323,0.086490333,0.97999752,0
0.8622297,-3.4214563,-2.0449405,0.45681953,-0.88954502,-0.005040586,0
0.10756421,-1.0316304,0.49436677,-0.87131602,-0.44858551,0.19894558,0
2.4085114,-2.5484354,2.4029369,0.1792323,0.086490333,0.97999752,0
0.0026427805,-1.6500028,-1.1804019,-0.87131602,-0.44858551,0.19894558,0
0.1427691,1.2447013,1.384366,0.87131602,0.44858551,-0.19894558,0
-1.9937131,2.6572387,-2.4042675,-0.1792323,-0.086490333,-0.97999752,0
0.62098122,0.55232882,2.4332359,0.1792323,0.086490333,0.97999752,0
-1.7314985,3.1188421,1.2274859,-0.45681953,0.88954502,0.005040586,0
0.6085127,-2.9661379,-2.4336731,-0.1792323,-0.086490333,-0.97999752,0
0.93565059,-0.67256916,0.35222596,0.87131602,0.44858551,-0.19894558,0
-1.1188271,1.6648754,1.5135218,-0.87131602,-0.44858551,0.19894558,0
1.4960322,-1.4555242,2.3634706,0.1792323,0.086490333,0.97999752,0
-1.4586185,1.2765855,-1.465999,-0.87131602,-0.44858551,0.19894558,0
-1.116785,-0.047222793,-2.3286643,-0.1792323,-0.086490333,-0.97999752,0
1.1846254,-0.76235068,0.78702611,0.87131602,0.44858551,-0.19894558,0
0.12890303,-1.3350043,-2.4222579,-0.1792323,-0.086490333,-0.97999752,0
-2.129894,2.915482,-1.9699419,-0.45681953,0.88954502,0.005040586,0
-1.6354737,2.8882747,-2.5694566,-0.1792323,-0.086490333,-0.97999752,0
-1.3640835,2.6294587,-2.6225286,-0.1792323,-0.086490333,-0.97999752,0
-0.89632273,3.1002457,2.3684988,0.1792323,0.086490333,0.97999752,0
0.3370139,-2.5995955,-2.4850862,-0.1792323,-0.086490333,-0.97999752,0
0.44820094,0.9430868,1.7858442,0.87131602,0.44858551,-0.19894558,0
-1.2544961,2.0349998,-2.4440646,-0.1792323,-0.086490333,-0.97999752,0
0.80093849,-0.65022594,-0.45808387,0.87131602,0.44858551,-0.19894558,0
1.504028,-3.0870233,-0.92810488,0.45681953,-0.88954502,-0.005040586,0
-2.0648246,2.0025823,-1.6467123,-0.87131602,-0.44858551,0.19894558,0
0.66154921,0.61716008,2.4127665,0.1792323,0.086490333,0.97999752,0
-0.43141711,0.095977783,0.89792806,-0.87131602,-0.44858551,0.19894558,0
-1.9159039,1.9893836,-1.6773342,-0.87131602,-0.44858551,0.19894558,0
0.10270169,1.3123063,0.8580699,0.87131602,0.44858551,-0.19894558,0
-0.054654717,-1.9890696,-2.3795099,-0.1792323,-0.086490333,-0.97999752,0
0.76947904,-2.1255963,-2.486587,-0.1792323,-0.086490333,-0.97999752,0
1.4299664,-3.2693024,-2.1413791,0.45681953,-0.88954502,-0.005040586,0
0.17726517,-1.658851,-2.4806755,-0.1792323,-0.086490333,-0.97999752,0
-0.20851894,1.8638737,0.84360695,0.87131602,0.44858551,-0.19894558,0
0.55359828,-1.1585197,-2.509968,-0.1792323,-0.086490333,-0.97999752,0
-0.12892151,1.0635355,2.4346056,0.1792323,0.086490333,0.97999752,0
0.67480516,-2.5542972,-0.1988306,-0.87131602,-0.44858551,0.19894558,0
1.4114573,-3.1871142,1.6125956,0.45681953,-0.88954502,-0.005040586,0
1.0728208,-0.66563553,1.1081381,0.87131602,0.44858551,-0.19894558,0
1.8325549,-3.0701354,0.12348151,0.45681953,-0.88954502,-0.005040586,0
-0.15155602,0.98552328,2.4800141,0.1792323,0.086490333,0.97999752,0
1.0789216,-2.1898425,-2.526931,-0.1792323,-0.086490333,-0.97999752,0
0.41880393,-0.79511935,-2.4323001,0.87131602,0.44858551,-0.19894558,0
-1.4590563,3.1279628,2.3238175,-0.45681953,0.88954502,0.005040586,0
-0.28071433,2.3116236,1.3355639,0.87131602,0.44858551,-0.19894558,0
0.88359326,-0.65719241,-0.48768771,0.87131602,0.44858551,-0.19894558,0
-0.75704718,2.05825,-0.6954155,0.87131602,0.44858551,-0.19894558,0
1.6899519,-3.1326709,-0.96651173,0.45681953,-0.88954502,-0.005040586,0
0.77811486,-2.4035885,-2.5580912,-0.1792323,-0.086490333,-0.97999752,0
1.1777806,-2.136179,2.4737067,0.1792323,0.086490333,0.97999752,0
1.1320879,-1.9174287,2.5426111,0.1792323,0.086490333,0.97999752,0
0.33256412,-0.41073191,2.5001225,0.1792323,0.086490333,0.97999752,0
-0.32257923,1.8617136,0.70039713,0.87131602,0.44858551,-0.19894558,0
1.0576913,-2.3119488,2.3394971,-0.87131602,-0.44858551,0.19894558,0
-1.6368532,3.0711732,0.16645527,-0.45681953,0.88954502,0.005040586,0
-0.67462468,-0.59029287,-2.3546059,-0.1792323,-0.086490333,-0.97999752,0
1.2090042,-3.2187991,-1.1298852,0.45681953,-0.88954502,-0.005040586,0
-0.40583014,0.1481688,-2.532932,-0.1792323,-0.086490333,-0.97999752,0
-0.73885489,0.35011429,-2.3682129,-0.1792323,-0.086490333,-0.97999752,0
0.10897362,-2.1615887,-2.0736539,-0.87131602,-0.44858551,0.19894558,0
0.84768748,-3.4281597,-1.9558003,0.45681953,-0.88954502,-0.005040586,0
1.7326356,-2.6045294,-0.74458027,0.87131602,0.44858551,-0.19894558,0
1.0326605,-0.01975745,2.3175864,0.1792323,0.086490333,0.97999752,0
-0.50272477,-1.0111866,-2.3589063,-0.87131602,-0.44858551,0.19894558,0
2.3102188,-2.4551702,2.1566253,0.87131602,0.44858551,-0.19894558,0
-1.6548731,1.6502167,-1.0952315,-0.87131602,-0.44858551,0.19894558,0
-1.8819973,1.9270195,-1.8424047,-0.87131602,-0.44858551,0.19894558,0
1.3349218,-0.92334557,2.352586,0.1792323,0.086490333,0.97999752,0
1.9453673,-2.9558814,1.7107625,0.45681953,-0.88954502,-0.005040586,0
0.69648236,-0.18355539,-0.21042597,0.87131602,0.44858551,-0.19894558,0
1.4188232,-2.4222078,-1.8128901,0.87131602,0.44858551,-0.19894558,0
-1.1513424,1.7697306,-2.4841838,-0.1792323,-0.086490333,-0.97999752,0
-1.4426792,3.1620831,1.5022867,-0.45681953,0.88954502,0.005040586,0
1.0596368,-1.4559058,2.4451184,0.1792323,0.086490333,0.97999752,0
1.2195987,-3.2276676,0.60940433,0.45681953,-0.88954502,-0.005040586,0
2.0378001,-2.5506659,0.36662555,0.87131602,0.44858551,-0.19894558,0
1.0215417,-1.1466327,-0.16502023,0.87131602,0.44858551,-0.19894558,0
1.5235639,-3.2440934,2.2151678,0.45681953,-0.88954502,-0.005040586,0
-0.29555118,0.065832496,1.7335819,-0.87131602,-0.44858551,0.19894558,0
1.7772803,-1.766697,2.2804244,0.1792323,0.086490333,0.97999752,0
1.4837897,-2.8161805,2.613337,0.1792323,0.086490333,0.97999752,0
0.60201764,-1.2192904,2.3777227,-0.87131602,-0.44858551,0.19894558,0
1.7173979,-3.0897236,1.5859523,0.45681953,-0.88954502,-0.005040586,0
0.64416331,-1.9753466,-2.4549885,-0.1792323,-0.086490333,-0.97999752,0
-0.010969162,-2.1253901,-2.3818283,-0.1792323,-0.086490333,-0.97999752,0
1.3388352,-0.30911011,2.4066992,0.1792323,0.086490333,0.97999752,0
1.485289,-3.2745881,-0.60525131,0.45681953,-0.88954502,-0.005040586,0
-1.0128068,2.3349142,2.5571191,0.1792323,0.086490333,0.97999752,0
0.38818726,-2.2577703,-0.46413839,-0.87131602,-0.44858551,0.19894558,0
-1.7797648,3.0272877,-0.7712214,-0.45681953,0.88954502,0.005040586,0
-1.5785356,3.0933557,0.24848199,-0.45681953,0.88954502,0.005040586,0
-1.7714291,1.3195937,-2.3383944,-0.1792323,-0.086490333,-0.97999752,0
0.45809907,-2.2742786,-2.4506755,-0.1792323,-0.086490333,-0.97999752,0
-0.9978919,1.9996552,-2.1793787,0.87131602,0.44858551,-0.19894558,0
1.6834874,-2.9803984,1.8917705,0.45681953,-0.88954502,-0.005040586,0
-0.25453997,-0.10203129,1.4407649,-0.87131602,-0.44858551,0.19894558,0
-1.2669451,3.149122,-1.2370536,0.87131602,0.44858551,-0.19894558,0
-0.70636725,-0.014669895,-2.5043972,-0.1792323,-0.086490333,-0.97999752,0
-0.049538732,1.5047917,2.3878188,0.1792323,0.086490333,0.97999752,0
-1.0866181,2.451741,2.5175884,0.1792323,0.086490333,0.97999752,0
0.8994205,-1.0685874,2.5547872,0.1792323,0.086490333,0.97999752,0
1.4777458,-3.1530626,-1.6636429,0.45681953,-0.88954502,-0.005040586,0
-1.3285396,2.3977947,-2.5173364,0.87131602,0.44858551,-0.19894558,0
1.5044584,-3.0666533,0.52143955,0.45681953,-0.88954502,-0.005040586,0
0.79130292,-3.4290891,-1.8445237,0.45681953,-0.88954502,-0.005040586,0
-1.5196157,3.0497408,2.0155785,-0.45681953,0.88954502,0.005040586,0
1.241864,-1.3776798,0.046910405,0.87131602,0.44858551,-0.19894558,0
1.1220384,-3.3597627,-1.9148026,0.45681953,-0.88954502,-0.005040586,0
1.8071175,-2.5907745,-0.1574831,0.87131602,0.44858551,-0.19894558,0
2.2843506,-2.4099398,2.2568097,0.1792323,0.086490333,0.97999752,0
-1.477968,3.1072073,1.0268004,-0.45681953,0.88954502,0.005040586,0
-1.5478044,3.0395122,-1.6073203,-0.45681953,0.88954502,0.005040586,0
1.0944873,-3.3376198,-0.92631125,0.45681953,-0.88954502,-0.005040586,0
0.66439915,-2.5499101,-0.34839225,-0.87131602,-0.44858551,0.19894558,0
1.1215061,-0.89170825,0.2518785,0.87131602,0.44858551,-0.19894558,0
0.26365948,0.84378797,2.4461441,0.1792323,0.086490333,0.97999752,0
-0.87121511,3.2335896,1.3022435,0.87131602,0.44858551,-0.19894558,0
1.6662018,-1.0952307,2.3825896,0.1792323,0.086490333,0.97999752,0
1.2414501,-3.2472403,0.052706957,0.45681953,-0.88954502,-0.005040586,0
1.0519795,-0.990107,2.3686612,0.1792323,0.086490333,0.97999752,0
0.24812293,0.22212899,2.5001419,0.1792323,0.086490333,0.97999752,0
-1.7634299,2.5123703,-2.4920189,-0.1792323,-0.086490333,-0.97999752,0
-0.98550433,3.5276074,1.184376,-0.45681953,0.88954502,0.005040586,0
-0.1417408,-0.30214852,1.4705263,-0.87131602,-0.44858551,0.19894558,0
-2.3628139,2.6747897,-2.0541267,-0.45681953,0.88954502,0.005040586,0
