2.2840512,2.2116733,1.518517,0.54410487,0.79136872,0.27872109,0
3.5583963,1.687278,1.1551983,0.54410487,0.79136872,0.27872109,0
1.7395529,-1.0298758,0.1214539,0.78630006,-0.59685624,0.15967101,0
0.48694801,-2.0129073,-0.58826697,0.29271507,0.13228059,-0.94700563,0
-2.6155596,-0.61601794,-1.4089327,-0.78630006,0.59685624,-0.15967101,0
0.62054366,3.563354,0.16987562,0.29271507,0.13228059,-0.94700563,0
-3.2503712,-1.0113356,-0.89364743,-0.78630006,0.59685624,-0.15967101,0
-2.9256833,-2.1119375,-0.93390226,-0.54410487,-0.79136872,-0.27872109,0
-1.9597539,-2.6489208,-1.0787184,-0.54410487,-0.79136872,-0.27872109,0
1.5196526,3.1020339,0.7572403,0.54410487,0.79136872,0.27872109,0
-1.1067208,0.14053524,-0.95313227,0.29271507,0.13228059,-0.94700563,0
2.5655978,2.1401,1.5776064,0.54410487,0.79136872,0.27872109,0
0.76668656,-1.1526922,0.57452017,-0.29271507,-0.13228059,0.94700563,0
-2.4566083,-2.4763613,-0.95920563,-0.54410487,-0.79136872,-0.27872109,0
2.7345941,2.2770193,0.76484513,0.54410487,0.79136872,0.27872109,0
0.99290127,-2.2601874,-0.46548784,0.29271507,0.13228059,-0.94700563,0
0.78363323,0.13606164,-0.31744424,0.29271507,0.13228059,-0.94700563,0
-1.7854272,-2.6623404,-1.4379094,-0.54410487,-0.79136872,-0.27872109,0
0.4174577,-2.8442335,0.27831388,0.78630006,-0.59685624,0.15967101,0
1.4278576,-1.6193397,-0.11239284,0.78630006,-0.59685624,0.15967101,0
-2.6723309,-2.2715478,-0.95000887,-0.54410487,-0.79136872,-0.27872109,0
2.8390887,0.66589701,0.63500774,0.78630006,-0.59685624,0.15967101,0
-1.9758083,-2.8046455,-0.59474421,-0.54410487,-0.79136872,-0.27872109,0
2.6587682,0.34772086,0.84580553,0.78630006,-0.59685624,0.15967101,0
-3.4794307,-1.5850847,-1.2550836,-0.54410487,-0.79136872,-0.27872109,0
-2.6177714,-0.42433882,-1.2107189,-0.78630006,0.59685624,-0.15967101,0
2.7555959,0.48454839,0.32288158,0.29271507,0.13228059,-0.94700563,0
-3.2179589,-1.1931529,-0.98587751,-0.78630006,0.59685624,-0.15967101,0
-1.0116935,-3.470696,-0.48928833,-0.54410487,-0.79136872,-0.27872109,0
3.1683776,1.9948181,1.0116899,0.54410487,0.79136872,0.27872109,0
0.95552003,0.78054535,0.85530049,-0.29271507,-0.13228059,0.94700563,0
-2.8447952,-2.1289964,-1.1223724,-0.54410487,-0.79136872,-0.27872109,0
0.028478146,1.9123455,-0.18248582,0.29271507,0.13228059,-0.94700563,0
3.0105004,0.91545057,1.4117005,0.78630006,-0.59685624,0.15967101,0
-2.6959915,-2.0219836,-1.3581042,-0.54410487,-0.79136872,-0.27872109,0
-2.6464045,-2.441951,-0.8094883,-0.54410487,-0.79136872,-0.27872109,0
1.7324541,2.9366019,0.68568659,0.54410487,0.79136872,0.27872109,0
-2.4535649,-2.596029,-0.57484722,-0.54410487,-0.79136872,-0.27872109,0
1.5191171,-0.97589636,-0.16442376,0.29271507,0.13228059,-0.94700563,0
-1.7841227,-2.9651997,-0.78326225,-0.54410487,-0.79136872,-0.27872109,0
-0.28840452,-3.9846845,-0.37339115,0.78630006,-0.59685624,0.15967101,0
-1.9705522,-1.214184,-0.16926408,-0.29271507,-0.13228059,0.94700563,0
0.82823873,3.349539,1.1733177,0.54410487,0.79136872,0.27872109,0
2.3580899,2.3364432,1.3816891,0.54410487,0.79136872,0.27872109,0
-2.8599072,-1.8420627,-0.70172834,-0.29271507,-0.13228059,0.94700563,0
0.99238664,3.4850168,0.60534239,0.54410487,0.79136872,0.27872109,0
-3.2722921,-1.9671154,-0.83986616,-0.54410487,-0.79136872,-0.27872109,0
3.2913294,1.2970091,0.90602183,0.78630006,-0.59685624,0.15967101,0
-1.6378977,0.94615608,-0.39546758,-0.78630006,0.59685624,-0.15967101,0
1.5600786,-0.83484125,0.80335677,-0.29271507,-0.13228059,0.94700563,0
0.37539232,-1.951638,-0.65951037,0.29271507,0.13228059,-0.94700563,0
-0.65916264,-3.040709,-1.114851,0.29271507,0.13228059,-0.94700563,0
2.3552046,-0.28190723,0.27371758,0.78630006,-0.59685624,0.15967101,0
-0.62236845,-1.418992,-0.92104769,0.29271507,0.13228059,-0.94700563,0
-0.70817012,-3.5170453,-1.0592399,-0.54410487,-0.79136872,-0.27872109,0
2.6097484,0.57940173,1.3633258,0.78630006,-0.59685624,0.15967101,0
-1.5502661,0.97301197,-0.72800779,-0.78630006,0.59685624,-0.15967101,0
-1.2303821,1.828046,0.33169115,-0.78630006,0.59685624,-0.15967101,0
0.001312688,0.98993969,0.68645149,-0.29271507,-0.13228059,0.94700563,0
-2.0421367,0.25558007,-1.0319773,0.29271507,0.13228059,-0.94700563,0
-2.4187241,-2.3646655,-0.79524493,-0.54410487,-0.79136872,-0.27872109,0
0.95292443,1.5486803,-0.047223806,0.29271507,0.13228059,-0.94700563,0
0.59979564,1.164535,0.97264624,-0.29271507,-0.13228059,0.94700563,0
2.0311384,-0.51448959,0.71138239,0.78630006,-0.59685624,0.15967101,0
-0.37500471,-3.8583944,-1.077481,0.29271507,0.13228059,-0.94700563,0
-0.69007128,2.3997762,0.023220301,-0.78630006,0.59685624,-0.15967101,0
0.28604805,2.6440785,0.031772375,0.29271507,0.13228059,-0.94700563,0
0.58338684,3.6705623,0.16988373,0.29271507,0.13228059,-0.94700563,0
0.012023211,-1.809309,0.24715471,-0.29271507,-0.13228059,0.94700563,0
-0.38672322,-2.7503881,-0.95393801,0.29271507,0.13228059,-0.94700563,0
-1.0809102,-3.1734533,-1.1140912,-0.54410487,-0.79136872,-0.27872109,0
2.8612411,0.70003879,0.42606616,0.78630006,-0.59685624,0.15967101,0
2.5529742,0.19189554,0.73775184,0.78630006,-0.59685624,0.15967101,0
-1.9783139,-2.8090234,-0.98940158,-0.54410487,-0.79136872,-0.27872109,0
1.1313348,-2.0693734,-0.19188392,0.78630006,-0.59685624,0.15967101,0
-0.5378921,2.6157243,-0.41454434,0.29271507,0.13228059,-0.94700563,0
0.57667196,-2.1162369,-0.55711401,0.29271507,0.13228059,-0.94700563,0
1.3648937,2.368974,1.1762493,-0.29271507,-0.13228059,0.94700563,0
1.5663798,-1.3492386,0.38519353,0.78630006,-0.59685624,0.15967101,0
2.3726478,0.083969593,1.1818941,0.78630006,-0.59685624,0.15967101,0
0.4084276,-0.27491653,0.65806776,-0.29271507,-0.13228059,0.94700563,0
0.89700663,-0.66342616,0.62303978,-0.29271507,-0.13228059,0.94700563,0
1.8732659,2.6010315,1.2585757,0.54410487,0.79136872,0.27872109,0
0.98504525,0.049389005,0.87980032,-0.29271507,-0.13228059,0.94700563,0
-3.524318,-1.5274053,-1.3284216,-0.78630006,0.59685624,-0.15967101,0
-1.2373748,1.1164784,0.28536174,-0.29271507,-0.13228059,0.94700563,0
-0.1231904,-3.5970683,-0.78591824,0.78630006,-0.59685624,0.15967101,0
1.472199,2.9762237,1.0152617,0.54410487,0.79136872,0.27872109,0
-0.80127931,0.50125265,0.29015827,-0.29271507,-0.13228059,0.94700563,0
-2.3617516,-0.58664417,-0.33918369,-0.29271507,-0.13228059,0.94700563,0
2.7600358,1.9573956,1.6971231,0.54410487,0.79136872,0.27872109,0
0.53006577,-2.5674767,-0.09920311,0.78630006,-0.59685624,0.15967101,0
2.9670246,0.65619206,0.71042383,0.78630006,-0.59685624,0.15967101,0
1.6948764,0.57450342,1.1196122,-0.29271507,-0.13228059,0.94700563,0
1.2505745,-1.5555918,-0.038459539,0.78630006,-0.59685624,0.15967101,0
2.0204589,2.6065879,1.1644964,0.54410487,0.79136872,0.27872109,0
2.195688,1.2427871,1.475197,-0.29271507,-0.13228059,0.94700563,0
0.97859824,3.590431,0.36619759,0.29271507,0.13228059,-0.94700563,0
1.8460613,2.765696,0.86155701,0.54410487,0.79136872,0.27872109,0
-0.66648191,-3.4573917,-1.0896046,-0.54410487,-0.79136872,-0.27872109,0
-1.7845925,0.92319757,-0.14427854,-0.78630006,0.59685624,-0.15967101,0
2.5525215,2.0303717,1.5515418,0.54410487,0.79136872,0.27872109,0
1.712412,2.9974141,0.38830423,0.54410487,0.79136872,0.27872109,0
-1.252654,1.6838887,-0.59524912,-0.78630006,0.59685624,-0.15967101,0
-0.60102862,-3.0856745,0.011000872,-0.29271507,-0.13228059,0.94700563,0
-1.747673,1.0645883,0.078103527,-0.78630006,0.59685624,-0.15967101,0
-0.49478477,-2.5048001,-1.1299443,0.29271507,0.13228059,-0.94700563,0
0.91671789,3.7635856,0.23147631,0.54410487,0.79136872,0.27872109,0
1.7425461,-0.90310943,0.95525104,0.78630006,-0.59685624,0.15967101,0
1.485527,-0.82205904,-0.10957732,0.29271507,0.13228059,-0.94700563,0
1.4383217,-0.086752646,-0.13170964,0.29271507,0.13228059,-0.94700563,0
1.0382864,-2.0774133,-0.4925245,0.29271507,0.13228059,-0.94700563,0
3.2387841,1.7548332,1.565032,0.54410487,0.79136872,0.27872109,0
2.3775253,2.1248507,1.5452409,0.54410487,0.79136872,0.27872109,0
-1.9796954,-1.8165262,-0.42365265,-0.29271507,-0.13228059,0.94700563,0
0.22048731,-0.379017,-0.48863962,0.29271507,0.13228059,-0.94700563,0
2.5955546,2.1464958,1.4992008,0.54410487,0.79136872,0.27872109,0
-0.7561726,2.3651357,-0.070538282,-0.78630006,0.59685624,-0.15967101,0
2.4971285,2.2341483,1.0503757,0.54410487,0.79136872,0.27872109,0
2.3691273,0.35206884,0.22437739,0.29271507,0.13228059,-0.94700563,0
-2.3823149,-1.8727503,-1.5208399,0.29271507,0.13228059,-0.94700563,0
2.2695694,-0.015334129,0.97859716,0.78630006,-0.59685624,0.15967101,0
-0.5711571,2.4330428,-0.12240005,-0.78630006,0.59685624,-0.15967101,0
-3.2458863,-1.9470327,-0.91776824,-0.54410487,-0.79136872,-0.27872109,0
0.41592842,-2.4557471,0.26635957,-0.29271507,-0.13228059,0.94700563,0
-0.31969672,1.1644336,0.66513127,-0.29271507,-0.13228059,0.94700563,0
-1.9669669,0.62858331,-0.76749009,-0.78630006,0.59685624,-0.15967101,0
0.80810595,3.7586606,0.61842203,0.54410487,0.79136872,0.27872109,0
1.3084384,1.6266434,1.1542348,-0.29271507,-0.13228059,0.94700563,0
-1.6455027,-0.66488802,-0.098587871,-0.29271507,-0.13228059,0.94700563,0
-0.70901489,2.5142393,0.43034625,-0.78630006,0.59685624,-0.15967101,0
-0.66332453,1.2853189,0.50217104,-0.29271507,-0.13228059,0.94700563,0
3.4638417,1.5483742,1.5624492,0.78630006,-0.59685624,0.15967101,0
-3.1811609,-1.728951,-1.1193655,-0.54410487,-0.79136872,-0.27872109,0
-0.50197428,-3.8019795,-0.94698167,-0.54410487,-0.79136872,-0.27872109,0
-0.99763644,0.30831152,-0.73508155,0.29271507,0.13228059,-0.94700563,0
0.26818293,3.9091911,0.27058649,-0.78630006,0.59685624,-0.15967101,0
2.2089195,2.5768433,0.80285406,0.54410487,0.79136872,0.27872109,0
-2.3143883,-0.058564186,-1.2188042,-0.78630006,0.59685624,-0.15967101,0
2.3315222,0.14296854,0.96009088,0.78630006,-0.59685624,0.15967101,0
-1.8642272,-2.7308571,-1.0167079,-0.54410487,-0.79136872,-0.27872109,0
-1.8006834,1.1225506,0.074254125,-0.78630006,0.59685624,-0.15967101,0
1.9975225,-0.24062562,1.2074722,-0.29271507,-0.13228059,0.94700563,0
3.2701528,1.5663601,1.494396,0.54410487,0.79136872,0.27872109,0
1.1073996,3.295867,0.85292315,0.54410487,0.79136872,0.27872109,0
-0.26360506,-3.8919351,-0.91749859,-0.54410487,-0.79136872,-0.27872109,0
0.46579894,1.6260718,0.90119147,-0.29271507,-0.13228059,0.94700563,0
-0.11331189,3.1329479,-0.030096054,-0.78630006,0.59685624,-0.15967101,0
2.4788365,1.6983442,0.40260291,0.29271507,0.13228059,-0.94700563,0
2.9618378,1.8818963,1.6838315,0.54410487,0.79136872,0.27872109,0
-0.061608553,3.3158431,0.15441537,-0.78630006,0.59685624,-0.15967101,0
-2.442575,-0.30984199,-1.2989033,0.29271507,0.13228059,-0.94700563,0
3.4408035,1.5857712,1.2752647,0.54410487,0.79136872,0.27872109,0
3.4975884,1.6408145,1.0597141,0.54410487,0.79136872,0.27872109,0
-1.2403977,1.8437687,0.2325201,-0.78630006,0.59685624,-0.15967101,0
2.1589868,2.695442,0.81969357,0.54410487,0.79136872,0.27872109,0
2.0330768,-0.52088583,0.90189523,0.78630006,-0.59685624,0.15967101,0
-3.3722911,-1.4354393,-1.2638478,-0.78630006,0.59685624,-0.15967101,0
-0.15874285,-0.68784738,-0.72129095,0.29271507,0.13228059,-0.94700563,0
0.3081868,-0.52228338,0.651214,-0.29271507,-0.13228059,0.94700563,0
0.20314677,0.70407355,0.58698672,-0.29271507,-0.13228059,0.94700563,0
-3.4037149,-1.5664086,-1.3855155,-0.54410487,-0.79136872,-0.27872109,0
0.38929176,-2.8655648,0.034830332,0.78630006,-0.59685624,0.15967101,0
-1.9558866,-2.6721447,-1.1624637,-0.54410487,-0.79136872,-0.27872109,0
-0.44616029,-3.6670713,-1.0330133,-0.54410487,-0.79136872,-0.27872109,0
0.5605765,-1.4757299,0.57038677,-0.29271507,-0.13228059,0.94700563,0
-1.8454107,0.55456924,-0.77990669,-0.78630006,0.59685624,-0.15967101,0
-1.9785579,-2.5955029,-1.3676023,-0.54410487,-0.79136872,-0.27872109,0
3.4044802,1.5457318,1.0159309,0.78630006,-0.59685624,0.15967101,0
-1.3393993,-3.2206123,-0.49338984,-0.54410487,-0.79136872,-0.27872109,0
-1.8618228,-2.5825152,-0.36342144,-0.29271507,-0.13228059,0.94700563,0
-2.0912209,-2.1920912,-1.520941,0.29271507,0.13228059,-0.94700563,0
-0.67509633,2.610924,0.39488888,-0.78630006,0.59685624,-0.15967101,0
2.3469493,2.2875321,1.2430749,0.54410487,0.79136872,0.27872109,0
-0.36732957,0.43371969,-0.66316307,0.29271507,0.13228059,-0.94700563,0
-3.3207171,-1.7480309,-1.0444329,-0.54410487,-0.79136872,-0.27872109,0
-1.128165,-3.3422384,-0.54742146,-0.54410487,-0.79136872,-0.27872109,0
0.69483656,-2.4365568,-0.022976875,0.78630006,-0.59685624,0.15967101,0
3.4419684,1.5893676,1.0331106,0.54410487,0.79136872,0.27872109,0
2.5646887,0.22665191,1.1072377,0.78630006,-0.59685624,0.15967101,0
-2.7616966,-1.9925716,-1.1520703,-0.54410487,-0.79136872,-0.27872109,0
1.5084624,3.0048258,1.2315614,0.54410487,0.79136872,0.27872109,0
-3.1966567,-1.3286502,-1.6140318,-0.78630006,0.59685624,-0.15967101,0
1.1640193,2.8997345,1.3570597,-0.29271507,-0.13228059,0.94700563,0
0.89455241,-2.2664325,-0.40517557,0.78630006,-0.59685624,0.15967101,0
-0.77576721,-3.5207973,-0.86985111,-0.54410487,-0.79136872,-0.27872109,0
2.2964089,2.4361451,1.1801639,0.54410487,0.79136872,0.27872109,0
-0.56644511,0.33515275,-0.563712,0.29271507,0.13228059,-0.94700563,0
-1.3149431,1.2560701,0.27380925,-0.29271507,-0.13228059,0.94700563,0
0.93804991,0.55596191,0.80459702,-0.29271507,-0.13228059,0.94700563,0
2.6928887,1.4616243,1.4754281,-0.29271507,-0.13228059,0.94700563,0
0.28359237,2.0797157,0.85477531,-0.29271507,-0.13228059,0.94700563,0
-1.9897605,-2.7973945,-0.42441845,-0.29271507,-0.13228059,0.94700563,0
-3.1390679,-1.5284166,-1.7531791,0.29271507,0.13228059,-0.94700563,0
1.8805627,2.7223756,1.4712934,0.54410487,0.79136872,0.27872109,0
-1.2336338,-2.3904698,-1.3480585,0.29271507,0.13228059,-0.94700563,0
2.306792,-0.11683357,0.83066702,0.78630006,-0.59685624,0.15967101,0
-0.66548508,-3.6179078,-1.2194278,-0.54410487,-0.79136872,-0.27872109,0
0.17304891,-3.0345113,-0.16081977,0.78630006,-0.59685624,0.15967101,0
-1.0986392,-3.3348601,-0.67408347,-0.54410487,-0.79136872,-0.27872109,0
-0.47318733,-3.9770949,-0.46601439,-0.54410487,-0.79136872,-0.27872109,0
2.1404684,-0.55932873,0.25343806,0.78630006,-0.59685624,0.15967101,0
-1.0337833,2.1190219,0.38016546,-0.78630006,0.59685624,-0.15967101,0
2.5565844,0.30755204,0.56794512,0.78630006,-0.59685624,0.15967101,0
-1.9436429,0.61122638,-0.15813595,-0.78630006,0.59685624,-0.15967101,0
0.16578722,-2.7038295,-0.88265753,0.29271507,0.13228059,-0.94700563,0
-2.5309801,-0.17993641,-0.4041326,-0.78630006,0.59685624,-0.15967101,0
3.4560113,1.6157814,1.1768842,0.54410487,0.79136872,0.27872109,0
-1.000887,-2.2070169,-0.041849852,-0.29271507,-0.13228059,0.94700563,0
2.907577,1.0945936,1.6580162,-0.29271507,-0.13228059,0.94700563,0
2.0352955,0.048206776,0.1301229,0.29271507,0.13228059,-0.94700563,0
1.3118894,-1.4940457,0.75643319,0.78630006,-0.59685624,0.15967101,0
2.703043,0.55386508,1.3948277,0.78630006,-0.59685624,0.15967101,0
-0.48071021,2.6606245,0.39961028,-0.78630006,0.59685624,-0.15967101,0
0.32112104,3.7455456,1.102716,0.54410487,0.79136872,0.27872109,0
-2.474107,-2.3625705,-0.86016107,-0.54410487,-0.79136872,-0.27872109,0
1.5325458,0.81464553,1.1058743,-0.29271507,-0.13228059,0.94700563,0
-1.4410304,-2.9416978,-0.38736105,-0.29271507,-0.13228059,0.94700563,0
3.3060458,1.3083832,1.0408506,0.78630006,-0.59685624,0.15967101,0
2.1362596,2.5911856,0.57049966,0.29271507,0.13228059,-0.94700563,0
-1.5434227,-3.0253232,-1.2399902,-0.54410487,-0.79136872,-0.27872109,0
1.0957004,-1.8176795,0.0034413338,0.78630006,-0.59685624,0.15967101,0
0.64494067,3.5205579,0.98678994,0.54410487,0.79136872,0.27872109,0
-0.63716018,2.2038004,-0.42911327,0.29271507,0.13228059,-0.94700563,0
2.1708322,0.82836342,0.16546309,0.29271507,0.13228059,-0.94700563,0
0.98097193,-2.1951771,-0.38303244,0.78630006,-0.59685624,0.15967101,0
0.57866448,-2.406384,0.21955824,0.78630006,-0.59685624,0.15967101,0
-1.6170702,0.89403188,-0.67248315,-0.78630006,0.59685624,-0.15967101,0
0.54240096,3.7496972,0.62201691,0.54410487,0.79136872,0.27872109,0
-0.88568723,-0.55152977,0.090373516,-0.29271507,-0.13228059,0.94700563,0
-2.5148234,-0.32523692,-0.85411251,-0.78630006,0.59685624,-0.15967101,0
-1.3194735,-3.1156964,-0.99060392,-0.54410487,-0.79136872,-0.27872109,0
1.301923,-1.5608144,0.79586273,0.78630006,-0.59685624,0.15967101,0
2.4955604,1.6097609,1.6293757,-0.29271507,-0.13228059,0.94700563,0
-0.85920924,2.5074856,0.56600571,-0.78630006,0.59685624,-0.15967101,0
-2.2912354,-1.277212,-1.5032907,0.29271507,0.13228059,-0.94700563,0
1.2716365,3.2120016,0.98602581,0.54410487,0.79136872,0.27872109,0
0.41558802,-0.044550836,0.6587764,-0.29271507,-0.13228059,0.94700563,0
2.6622214,0.57398796,1.2226282,0.78630006,-0.59685624,0.15967101,0
3.4337268,1.9194041,0.7509625,0.54410487,0.79136872,0.27872109,0
1.9714442,0.9600358,1.2347606,-0.29271507,-0.13228059,0.94700563,0
1.5058967,2.9312098,1.0342557,0.54410487,0.79136872,0.27872109,0
1.8567554,2.9067376,1.0148959,0.54410487,0.79136872,0.27872109,0
-0.70866954,-3.7242739,-0.45786524,-0.54410487,-0.79136872,-0.27872109,0
-2.8903759,-1.8650502,-1.4383686,-0.54410487,-0.79136872,-0.27872109,0
-2.7967162,-1.9143206,-1.5645471,-0.54410487,-0.79136872,-0.27872109,0
-1.6443992,-1.2655344,-0.11902595,-0.29271507,-0.13228059,0.94700563,0
3.2251604,1.218645,1.1292334,0.78630006,-0.59685624,0.15967101,0
-1.593846,-0.24135013,-0.10354888,-0.29271507,-0.13228059,0.94700563,0
-0.54278439,-3.9790945,-0.16009903,-0.54410487,-0.79136872,-0.27872109,0
-0.40226394,-3.9120266,-0.59051371,-0.54410487,-0.79136872,-0.27872109,0
-2.7443483,-0.34982872,-0.60091186,-0.78630006,0.59685624,-0.15967101,0
0.073350549,-3.4568274,-0.24810767,0.78630006,-0.59685624,0.15967101,0
-0.31214827,-1.831274,-0.98530865,0.29271507,0.13228059,-0.94700563,0
-1.6713171,-3.0743096,-0.70974612,-0.54410487,-0.79136872,-0.27872109,0
-0.7799685,-1.3857951,0.13914979,-0.29271507,-0.13228059,0.94700563,0
0.94711834,3.459842,0.92244935,0.54410487,0.79136872,0.27872109,0
2.7760134,0.45262307,0.699417,0.78630006,-0.59685624,0.15967101,0
2.837126,1.2096347,1.5178107,-0.29271507,-0.13228059,0.94700563,0
-1.5494692,-0.79170686,-0.096871376,-0.29271507,-0.13228059,0.94700563,0
-2.7005937,-0.44615525,-0.50217998,-0.78630006,0.59685624,-0.15967101,0
-2.3352284,-2.4597926,-0.80563784,-0.54410487,-0.79136872,-0.27872109,0
-2.375998,-2.4652274,-1.1321566,-0.54410487,-0.79136872,-0.27872109,0
-1.7604495,-0.36058521,-1.211722,0.29271507,0.13228059,-0.94700563,0
1.8656465,0.77149212,0.087874651,0.29271507,0.13228059,-0.94700563,0
-0.37090409,1.1118138,0.48455769,-0.29271507,-0.13228059,0.94700563,0
0.89866257,-2.1093793,0.27685356,0.78630006,-0.59685624,0.15967101,0
0.35101908,3.8645551,0.76020241,0.54410487,0.79136872,0.27872109,0
-2.8835413,-0.84903264,-1.1029886,-0.78630006,0.59685624,-0.15967101,0
-0.13057964,-1.3944963,-0.86321402,0.29271507,0.13228059,-0.94700563,0
1.6393502,1.8640761,0.32732511,0.29271507,0.13228059,-0.94700563,0
-0.89133561,-3.3333638,-1.2123525,-0.54410487,-0.79136872,-0.27872109,0
2.4166758,-0.26435757,0.21497369,0.78630006,-0.59685624,0.15967101,0
-3.1302302,-1.0962023,-1.1989832,-0.78630006,0.59685624,-0.15967101,0
1.2230816,-1.7299769,-0.42920363,0.78630006,-0.59685624,0.15967101,0
1.5004135,1.1052507,1.1894237,-0.29271507,-0.13228059,0.94700563,0
-0.050666213,-3.3837132,0.13014936,0.78630006,-0.59685624,0.15967101,0
2.563693,0.270338,0.46431768,0.78630006,-0.59685624,0.15967101,0
3.0957332,2.056437,0.77007985,0.54410487,0.79136872,0.27872109,0
-1.2835298,1.5463955,0.20103753,-0.78630006,0.59685624,-0.15967101,0
3.306941,1.7531257,0.8427527,0.54410487,0.79136872,0.27872109,0
-1.4456668,-2.1097188,-1.1708822,0.29271507,0.13228059,-0.94700563,0
3.1648579,1.2866508,1.5350807,0.78630006,-0.59685624,0.15967101,0
1.8106439,2.9860568,0.60722876,0.54410487,0.79136872,0.27872109,0
0.46342403,2.175982,0.93028879,-0.29271507,-0.13228059,0.94700563,0
-0.38837099,-3.6594846,-1.0933869,-0.54410487,-0.79136872,-0.27872109,0
1.3487421,-1.3443662,0.5690546,0.78630006,-0.59685624,0.15967101,0
2.7849617,2.2904055,0.84549046,0.54410487,0.79136872,0.27872109,0
1.1910278,-1.9016769,-0.49162304,0.78630006,-0.59685624,0.15967101,0
1.6201382,2.9775198,1.2142873,0.54410487,0.79136872,0.27872109,0
-1.6568489,-2.8441963,-1.4858894,-0.54410487,-0.79136872,-0.27872109,0
-2.1215796,-2.6115446,-0.85391212,-0.54410487,-0.79136872,-0.27872109,0
0.062308133,3.6805987,0.94829178,-0.78630006,0.59685624,-0.15967101,0
-2.2673604,-2.3292551,-1.3133667,-0.54410487,-0.79136872,-0.27872109,0
-2.2651832,0.1860531,-0.40568101,-0.78630006,0.59685624,-0.15967101,0
1.6430037,-1.11632,0.73671925,0.78630006,-0.59685624,0.15967101,0
-0.074142635,-3.5955873,-0.76216984,0.78630006,-0.59685624,0.15967101,0
-0.2981416,0.60573608,0.60158879,-0.29271507,-0.13228059,0.94700563,0
-1.6699456,-3.0857346,-0.59020686,-0.54410487,-0.79136872,-0.27872109,0
2.0799451,0.59761554,0.2037946,0.29271507,0.13228059,-0.94700563,0
-2.4264231,-2.3264308,-0.602211,-0.29271507,-0.13228059,0.94700563,0
1.6410201,-1.0398421,0.79050928,0.78630006,-0.59685624,0.15967101,0
-3.353009,-1.3598981,-0.78050613,-0.78630006,0.59685624,-0.15967101,0
-2.1128211,-2.5284059,-1.1328728,-0.54410487,-0.79136872,-0.27872109,0
2.9448445,0.72904527,1.0650495,0.78630006,-0.59685624,0.15967101,0
1.1227272,3.5934339,0.33150101,0.54410487,0.79136872,0.27872109,0
-2.9203084,-1.9211125,-1.3981857,-0.54410487,-0.79136872,-0.27872109,0
-0.53578115,1.2766368,-0.42604744,0.29271507,0.13228059,-0.94700563,0
2.0334585,-0.47459877,0.20869869,0.78630006,-0.59685624,0.15967101,0
1.7948631,2.8802068,0.70437527,0.54410487,0.79136872,0.27872109,0
3.3108797,1.5708952,1.7488117,0.54410487,0.79136872,0.27872109,0
-1.5602236,1.1563456,-0.24001184,-0.78630006,0.59685624,-0.15967101,0
1.4248071,-1.1168168,-0.18336099,0.29271507,0.13228059,-0.94700563,0
0.020244002,0.013864338,-0.51242799,0.29271507,0.13228059,-0.94700563,0
-0.66752285,-3.7766354,-0.27238989,-0.54410487,-0.79136872,-0.27872109,0
2.8503592,0.67752397,1.2947457,0.78630006,-0.59685624,0.15967101,0
1.2365344,-1.733061,0.035751224,0.78630006,-0.59685624,0.15967101,0
-0.29171729,0.079144835,-0.70754421,0.29271507,0.13228059,-0.94700563,0
-2.7131727,-0.38870907,-0.73634303,-0.78630006,0.59685624,-0.15967101,0
2.5327318,0.035499454,0.60329372,0.78630006,-0.59685624,0.15967101,0
-2.9264863,-1.9962354,-1.1246049,-0.54410487,-0.79136872,-0.27872109,0
-0.085933089,-3.3121767,0.046089411,-0.29271507,-0.13228059,0.94700563,0
0.075246274,0.22425735,-0.39054036,0.29271507,0.13228059,-0.94700563,0
2.9369962,0.7120837,1.2365909,0.78630006,-0.59685624,0.15967101,0
0.093818665,3.5182991,0.16456294,-0.78630006,0.59685624,-0.15967101,0
3.0594249,1.7666796,1.4951963,0.54410487,0.79136872,0.27872109,0
-3.4443142,-1.5447775,-1.1676524,-0.54410487,-0.79136872,-0.27872109,0
-0.65682322,-3.7405772,-0.62135029,-0.54410487,-0.79136872,-0.27872109,0
-0.90505505,-3.429755,-0.99450612,-0.54410487,-0.79136872,-0.27872109,0
1.5062745,-0.93703759,-0.2041017,0.29271507,0.13228059,-0.94700563,0
-1.1927397,-3.1853366,-1.03771,-0.54410487,-0.79136872,-0.27872109,0
0.793751,0.57622623,0.88799363,-0.29271507,-0.13228059,0.94700563,0
-0.43616942,-2.7016473,-1.0590649,0.29271507,0.13228059,-0.94700563,0
0.52786982,0.57844234,0.83430386,-0.29271507,-0.13228059,0.94700563,0
3.2687449,1.3054123,1.5909576,0.78630006,-0.59685624,0.15967101,0
1.1855967,1.7962519,0.1408906,0.29271507,0.13228059,-0.94700563,0
-0.7394653,2.5686374,0.16126418,-0.78630006,0.59685624,-0.15967101,0
0.84953582,-2.3403268,0.11608934,0.78630006,-0.59685624,0.15967101,0
-2.4467938,-2.371748,-1.0081496,-0.54410487,-0.79136872,-0.27872109,0
2.7277756,0.25044054,0.62732065,0.78630006,-0.59685624,0.15967101,0
-1.8756365,0.62242615,-0.76579672,-0.78630006,0.59685624,-0.15967101,0
-2.3555803,-2.477536,-0.59075856,-0.54410487,-0.79136872,-0.27872109,0
-0.86356354,-0.81665617,0.12391007,-0.29271507,-0.13228059,0.94700563,0
0.52302158,-2.1225398,-0.61454046,0.29271507,0.13228059,-0.94700563,0
1.9244132,1.4303739,0.29799604,0.29271507,0.13228059,-0.94700563,0
-1.2481818,1.1061205,0.35315767,-0.29271507,-0.13228059,0.94700563,0
-3.2949188,-1.8264031,-1.2516634,-0.54410487,-0.79136872,-0.27872109,0
-3.2662897,-1.7569264,-1.4077058,-0.54410487,-0.79136872,-0.27872109,0
0.92349082,-2.1371963,-0.01518786,0.78630006,-0.59685624,0.15967101,0
-0.053915858,3.4851511,0.78781962,-0.78630006,0.59685624,-0.15967101,0
-2.436517,-1.1487482,-0.37358809,-0.29271507,-0.13228059,0.94700563,0
1.2090267,3.2601697,1.1011927,0.54410487,0.79136872,0.27872109,0
2.0720429,-0.33155727,0.70950651,0.78630006,-0.59685624,0.15967101,0
2.8774545,1.4668565,0.53590536,0.29271507,0.13228059,-0.94700563,0
-1.3329026,-3.1928015,-1.0877545,-0.54410487,-0.79136872,-0.27872109,0
-0.37118804,-3.8093042,-0.17787218,-0.29271507,-0.13228059,0.94700563,0
2.1167908,2.4419577,1.299248,0.54410487,0.79136872,0.27872109,0
-1.3360376,1.4250532,-0.51114804,-0.78630006,0.59685624,-0.15967101,0
-0.0052669216,0.6498127,0.53491855,-0.29271507,-0.13228059,0.94700563,0
-0.97726846,1.0222851,0.33426744,-0.29271507,-0.13228059,0.94700563,0
0.94211251,3.3431292,0.97750711,0.54410487,0.79136872,0.27872109,0
1.8663999,-0.76169902,0.094386727,0.78630006,-0.59685624,0.15967101,0
-0.0002964735,3.4551382,0.28635812,-0.78630006,0.59685624,-0.15967101,0
-2.9487023,-1.7659783,-0.64735246,-0.29271507,-0.13228059,0.94700563,0
0.10166794,2.06879,-0.24540591,0.29271507,0.13228059,-0.94700563,0
0.97980213,3.3391371,1.0074472,0.54410487,0.79136872,0.27872109,0
-3.2187836,-1.0609488,-1.1444311,-0.78630006,0.59685624,-0.15967101,0
2.1983595,2.5714016,0.95387888,0.54410487,0.79136872,0.27872109,0
1.0309329,-2.0202813,-0.52660251,0.29271507,0.13228059,-0.94700563,0
0.46135315,1.1113217,0.92990655,-0.29271507,-0.13228059,0.94700563,0
-3.0203004,-2.1089172,-0.97415757,-0.54410487,-0.79136872,-0.27872109,0
1.2703323,0.25625733,-0.039358497,0.29271507,0.13228059,-0.94700563,0
-2.2408061,0.28762466,-0.32523555,-0.78630006,0.59685624,-0.15967101,0
1.506459,2.8668549,1.1261306,0.54410487,0.79136872,0.27872109,0
-1.3792503,1.6184566,-0.10277689,-0.78630006,0.59685624,-0.15967101,0
1.2871299,-1.7862877,-0.42008936,0.29271507,0.13228059,-0.94700563,0
0.16083902,1.3453345,0.72237229,-0.29271507,-0.13228059,0.94700563,0
-1.9701062,-1.7101307,-0.2300787,-0.29271507,-0.13228059,0.94700563,0
0.39780736,3.6853209,0.16909313,0.29271507,0.13228059,-0.94700563,0
1.1102762,-1.7577925,0.32061481,0.78630006,-0.59685624,0.15967101,0
1.9837623,2.0705495,0.31530333,0.29271507,0.13228059,-0.94700563,0
0.56513417,-2.5205216,0.13801336,0.78630006,-0.59685624,0.15967101,0
1.9225887,-0.58469093,0.63178772,0.78630006,-0.59685624,0.15967101,0
2.1369739,2.7434316,0.87234712,0.54410487,0.79136872,0.27872109,0
-2.1317291,-2.7320147,-0.69456363,-0.54410487,-0.79136872,-0.27872109,0
-1.3667387,-3.0035548,-1.2866888,-0.54410487,-0.79136872,-0.27872109,0
-0.24187148,3.1585937,-0.12770391,-0.78630006,0.59685624,-0.15967101,0
-0.78437018,-3.6650267,-0.8206358,-0.54410487,-0.79136872,-0.27872109,0
-0.49824333,1.7670269,-0.5060463,0.29271507,0.13228059,-0.94700563,0
0.017376363,1.7542009,-0.200647,0.29271507,0.13228059,-0.94700563,0
2.2352364,2.3679538,1.2813706,0.54410487,0.79136872,0.27872109,0
0.28120285,-2.9106917,0.01341629,0.78630006,-0.59685624,0.15967101,0
3.1276131,1.1051445,1.4447167,0.78630006,-0.59685624,0.15967101,0
-0.97298944,1.8308249,-0.54023993,-0.78630006,0.59685624,-0.15967101,0
-2.4892418,-0.32243609,-0.89171672,-0.78630006,0.59685624,-0.15967101,0
2.6792445,0.16503233,0.38831913,0.78630006,-0.59685624,0.15967101,0
3.209578,1.854403,1.1862993,0.54410487,0.79136872,0.27872109,0
-0.020239472,3.3001153,0.19857359,-0.78630006,0.59685624,-0.15967101,0
-0.14701137,0.096094191,-0.61951101,0.29271507,0.13228059,-0.94700563,0
-0.66441488,-3.6400173,-0.99800086,-0.54410487,-0.79136872,-0.27872109,0
3.230813,1.7348155,1.4175687,0.54410487,0.79136872,0.27872109,0
1.6701798,3.0080662,0.76809049,0.54410487,0.79136872,0.27872109,0
-2.9252231,-0.6933217,-1.0915047,-0.78630006,0.59685624,-0.15967101,0
-0.7224012,2.4649229,-0.19887328,-0.78630006,0.59685624,-0.15967101,0
2.0652881,-0.34131381,0.49854419,0.78630006,-0.59685624,0.15967101,0
1.8837945,2.8539402,0.48640871,0.54410487,0.79136872,0.27872109,0
1.5798275,3.2033439,0.6475606,0.54410487,0.79136872,0.27872109,0
0.89268416,3.4368224,0.83990073,0.54410487,0.79136872,0.27872109,0
-0.15836436,-3.8146808,-1.1419649,0.78630006,-0.59685624,0.15967101,0
-3.1671672,-1.5381168,-1.7841215,-0.54410487,-0.79136872,-0.27872109,0
-0.11627156,-1.5646753,0.37323678,-0.29271507,-0.13228059,0.94700563,0
3.3619161,1.3502784,1.3217309,0.78630006,-0.59685624,0.15967101,0
1.4125769,-0.35247242,0.82723629,-0.29271507,-0.13228059,0.94700563,0
-2.4972155,-0.94392002,-0.37639165,-0.29271507,-0.13228059,0.94700563,0
1.6479616,3.2016401,0.50513124,0.54410487,0.79136872,0.27872109,0
-0.49744201,-4.051784,-0.3262701,-0.54410487,-0.79136872,-0.27872109,0
-0.48730487,-3.93698,-0.72821236,-0.54410487,-0.79136872,-0.27872109,0
0.53402287,-2.8793397,-0.25267339,0.78630006,-0.59685624,0.15967101,0
1.1213398,3.0662088,1.3165643,-0.29271507,-0.13228059,0.94700563,0
-1.8930026,-1.7421217,-0.36658359,-0.29271507,-0.13228059,0.94700563,0
-2.8661256,-2.1424685,-1.1944618,-0.54410487,-0.79136872,-0.27872109,0
1.0711682,3.2178693,1.2471707,0.54410487,0.79136872,0.27872109,0
0.70344669,2.3198471,-0.034490108,0.29271507,0.13228059,-0.94700563,0
-1.3664069,0.92605919,-0.78382295,0.29271507,0.13228059,-0.94700563,0
1.7551403,-1.1047164,0.28049582,0.78630006,-0.59685624,0.15967101,0
0.13167846,-3.2906163,-0.087200642,0.78630006,-0.59685624,0.15967101,0
-3.2823458,-1.4948025,-1.8074417,-0.78630006,0.59685624,-0.15967101,0
-3.404479,-1.3218645,-0.8010273,-0.78630006,0.59685624,-0.15967101,0
0.62002873,3.6982539,0.51512051,0.54410487,0.79136872,0.27872109,0
-0.66963995,2.4809175,0.39664602,-0.78630006,0.59685624,-0.15967101,0
3.5177584,1.666307,0.90995216,0.54410487,0.79136872,0.27872109,0
-0.45701772,-0.42721444,-0.81794679,0.29271507,0.13228059,-0.94700563,0
1.344738,3.2678206,0.94573212,0.54410487,0.79136872,0.27872109,0
0.82649064,1.9958962,0.023439884,0.29271507,0.13228059,-0.94700563,0
1.1934975,-1.5817184,0.5941568,0.78630006,-0.59685624,0.15967101,0
-0.23610854,2.452708,0.77805662,-0.29271507,-0.13228059,0.94700563,0
1.8017353,2.8791754,0.86669588,0.54410487,0.79136872,0.27872109,0
-2.1809442,-0.76908255,-1.2441577,0.29271507,0.13228059,-0.94700563,0
-0.11164665,-3.5050514,-0.25483394,0.78630006,-0.59685624,0.15967101,0
1.8684622,-0.51023281,1.004303,-0.29271507,-0.13228059,0.94700563,0
2.6125228,0.64964592,1.4658076,-0.29271507,-0.13228059,0.94700563,0
3.2905929,1.4485824,1.763917,0.78630006,-0.59685624,0.15967101,0
1.1728148,-1.9477766,-0.12310362,0.78630006,-0.59685624,0.15967101,0
-0.26158887,3.1879222,0.39496565,-0.78630006,0.59685624,-0.15967101,0
-0.63069874,-3.8640308,-0.21700907,-0.54410487,-0.79136872,-0.27872109,0
1.0113326,0.59927702,0.98833454,-0.29271507,-0.13228059,0.94700563,0
-0.70925754,-3.8908024,-0.31531763,-0.54410487,-0.79136872,-0.27872109,0
-1.9963285,-2.5256853,-1.4489489,-0.54410487,-0.79136872,-0.27872109,0
2.1734147,2.340529,1.5227001,0.54410487,0.79136872,0.27872109,0
-0.2206347,-1.3944626,0.33459973,-0.29271507,-0.13228059,0.94700563,0
0.1311813,3.6574686,1.060565,-0.29271507,-0.13228059,0.94700563,0
-1.2198522,-0.77326298,-1.0537817,0.29271507,0.13228059,-0.94700563,0
2.6272514,2.06814,1.2809525,0.54410487,0.79136872,0.27872109,0
-1.6239678,1.1536802,-0.44603917,-0.78630006,0.59685624,-0.15967101,0
-0.047846496,3.3455343,0.44806647,-0.78630006,0.59685624,-0.15967101,0
0.19739366,3.953599,1.0367312,0.54410487,0.79136872,0.27872109,0
0.82430339,-2.3782513,-0.24610853,0.78630006,-0.59685624,0.15967101,0
1.2407303,3.1761699,1.0656972,0.54410487,0.79136872,0.27872109,0
-1.0665201,-2.7036536,-0.075544119,-0.29271507,-0.13228059,0.94700563,0
-1.3471056,1.6568215,0.38471806,-0.29271507,-0.13228059,0.94700563,0
2.5950994,2.1481214,1.2234612,0.54410487,0.79136872,0.27872109,0
2.1635902,1.6774447,1.4060655,-0.29271507,-0.13228059,0.94700563,0
0.78733116,3.5752652,1.1367192,0.54410487,0.79136872,0.27872109,0
3.0335343,1.7198626,1.5415599,0.54410487,0.79136872,0.27872109,0
0.44660813,-2.7218482,-0.81750321,0.29271507,0.13228059,-0.94700563,0
1.2683771,1.3584001,0.10656023,0.29271507,0.13228059,-0.94700563,0
-1.8316965,-1.4916697,-0.21187305,-0.29271507,-0.13228059,0.94700563,0
2.0193605,-0.56964386,-0.036321819,0.78630006,-0.59685624,0.15967101,0
-0.33245614,-2.8875287,-1.0493352,0.29271507,0.13228059,-0.94700563,0
2.9414821,1.8767054,1.2546139,0.54410487,0.79136872,0.27872109,0
-0.87036633,2.1304448,-0.40519655,-0.78630006,0.59685624,-0.15967101,0
-1.3568375,1.5716417,-0.20433533,-0.78630006,0.59685624,-0.15967101,0
1.4028367,1.9079926,1.2556565,-0.29271507,-0.13228059,0.94700563,0
-0.23728132,3.1626675,0.84269047,-0.78630006,0.59685624,-0.15967101,0
2.8176885,2.2305422,1.0459464,0.54410487,0.79136872,0.27872109,0
1.7579191,2.4227681,0.4418838,0.29271507,0.13228059,-0.94700563,0
-2.2306664,-2.6063221,-0.998487,-0.54410487,-0.79136872,-0.27872109,0
0.14265883,1.7346129,-0.31508934,0.29271507,0.13228059,-0.94700563,0
-2.4097877,-0.52396393,-1.2691424,0.29271507,0.13228059,-0.94700563,0
-2.6702585,-2.2233207,-1.2598722,-0.54410487,-0.79136872,-0.27872109,0
2.3480153,-0.15218486,0.096869409,0.29271507,0.13228059,-0.94700563,0
-2.3055043,-2.4565926,-0.98858953,-0.54410487,-0.79136872,-0.27872109,0
0.7969414,-1.3988965,-0.42427588,0.29271507,0.13228059,-0.94700563,0
-2.9088836,-0.6798175,-0.56346262,-0.78630006,0.59685624,-0.15967101,0
-3.1110618,-1.2445147,-1.5066493,-0.78630006,0.59685624,-0.15967101,0
2.3665581,1.2821426,0.3087163,0.29271507,0.13228059,-0.94700563,0
-2.0768948,0.33214855,-0.62212098,-0.78630006,0.59685624,-0.15967101,0
1.7399052,-1.1693137,-0.063686043,0.29271507,0.13228059,-0.94700563,0
2.5934052,0.40201616,1.1327747,0.78630006,-0.59685624,0.15967101,0
0.36824679,-1.2606289,-0.58170491,0.29271507,0.13228059,-0.94700563,0
0.40239596,-2.9826007,-0.76453543,0.78630006,-0.59685624,0.15967101,0
-0.94813848,0.45742613,0.21657324,-0.29271507,-0.13228059,0.94700563,0
-2.9221549,-0.83662593,-1.2759295,-0.78630006,0.59685624,-0.15967101,0
0.36783493,-1.1052676,0.40945739,-0.29271507,-0.13228059,0.94700563,0
-1.7091789,-0.5291698,-1.182379,0.29271507,0.13228059,-0.94700563,0
-0.075627945,0.49496078,0.64410448,-0.29271507,-0.13228059,0.94700563,0
0.52503508,-2.7127271,-0.16077375,0.78630006,-0.59685624,0.15967101,0
2.1637936,1.117327,0.24835014,0.29271507,0.13228059,-0.94700563,0
3.3318517,1.2095761,0.78707933,0.78630006,-0.59685624,0.15967101,0
0.097739339,0.65894514,-0.40505219,0.29271507,0.13228059,-0.94700563,0
2.748847,0.73543358,1.1866921,0.78630006,-0.59685624,0.15967101,0
-1.5130605,1.3990133,-0.071579814,-0.78630006,0.59685624,-0.15967101,0
-1.2729106,-3.0745955,-1.2112923,-0.54410487,-0.79136872,-0.27872109,0
2.1357055,-0.3407011,1.1391983,0.78630006,-0.59685624,0.15967101,0
-1.8864335,-0.49580652,-0.1139065,-0.29271507,-0.13228059,0.94700563,0
-2.3932574,-1.3753941,-1.5137641,0.29271507,0.13228059,-0.94700563,0
2.9476023,2.0335555,0.94965649,0.54410487,0.79136872,0.27872109,0
0.064489841,1.7130969,0.83034062,-0.29271507,-0.13228059,0.94700563,0
0.90182626,1.7536979,1.002828,-0.29271507,-0.13228059,0.94700563,0
-0.18837255,-3.8710439,-0.74927545,0.78630006,-0.59685624,0.15967101,0
-0.64554012,-3.8915763,-0.5782094,-0.54410487,-0.79136872,-0.27872109,0
0.60216755,-2.7303967,-0.29436779,0.78630006,-0.59685624,0.15967101,0
-0.3323999,2.8352742,-0.079487324,-0.78630006,0.59685624,-0.15967101,0
-1.5957474,-2.9636829,-1.1105394,-0.54410487,-0.79136872,-0.27872109,0
-2.0236397,-1.8361943,-1.5127323,0.29271507,0.13228059,-0.94700563,0
3.1574583,1.6894711,1.3780744,0.54410487,0.79136872,0.27872109,0
0.13740379,1.9764619,-0.10506296,0.29271507,0.13228059,-0.94700563,0
1.535651,2.9223483,0.96641064,0.54410487,0.79136872,0.27872109,0
-1.8915806,1.0167015,0.11063033,-0.78630006,0.59685624,-0.15967101,0
2.6591711,1.4404328,0.52465844,0.29271507,0.13228059,-0.94700563,0
3.3458509,1.1349028,0.57054043,0.29271507,0.13228059,-0.94700563,0
-3.1506412,-1.591423,-1.574403,-0.54410487,-0.79136872,-0.27872109,0
-1.436686,1.5170454,-0.20989263,-0.78630006,0.59685624,-0.15967101,0
-1.1771274,1.6322263,-0.51806366,-0.78630006,0.59685624,-0.15967101,0
0.45488834,3.8608661,0.43847561,0.54410487,0.79136872,0.27872109,0
0.26357007,3.7527676,1.0880384,0.54410487,0.79136872,0.27872109,0
-0.41015023,-4.0578527,-0.41863728,0.78630006,-0.59685624,0.15967101,0
-1.2019546,1.7572258,-0.44649971,-0.78630006,0.59685624,-0.15967101,0
-2.1948745,-2.5654285,-0.60715246,-0.29271507,-0.13228059,0.94700563,0
-0.89858383,2.0955853,0.052835941,-0.78630006,0.59685624,-0.15967101,0
3.3073795,1.3624074,1.3233924,0.78630006,-0.59685624,0.15967101,0
0.82429647,-2.1485281,-0.5461762,0.29271507,0.13228059,-0.94700563,0
-1.1222634,-0.52881348,0.11314225,-0.29271507,-0.13228059,0.94700563,0
-1.4053981,1.3465493,-0.59775317,-0.78630006,0.59685624,-0.15967101,0
2.6990819,1.8957933,1.5998039,0.54410487,0.79136872,0.27872109,0
0.87994951,3.4091454,0.85312629,0.54410487,0.79136872,0.27872109,0
-2.9173584,-0.97358072,-1.4291677,-0.78630006,0.59685624,-0.15967101,0
-0.25713065,-2.7694569,-0.99862432,0.29271507,0.13228059,-0.94700563,0
-2.1809027,0.4780257,-0.12481588,-0.78630006,0.59685624,-0.15967101,0
-2.7942402,-2.1309485,-0.93782926,-0.54410487,-0.79136872,-0.27872109,0
-2.3051517,-2.4297724,-0.99391317,-0.54410487,-0.79136872,-0.27872109,0
2.0765846,2.5837736,0.86263347,0.54410487,0.79136872,0.27872109,0
0.71810162,-2.4338412,-0.018083096,0.78630006,-0.59685624,0.15967101,0
1.6754005,3.0077388,0.65923023,0.54410487,0.79136872,0.27872109,0
-2.9145632,-0.60481662,-0.73837137,-0.78630006,0.59685624,-0.15967101,0
-2.3915904,-2.5370593,-1.0355408,-0.54410487,-0.79136872,-0.27872109,0
0.39836538,3.8091943,0.65585899,0.54410487,0.79136872,0.27872109,0
1.4034328,-1.3178692,0.65528959,0.78630006,-0.59685624,0.15967101,0
1.8529789,2.9414964,0.79201317,0.54410487,0.79136872,0.27872109,0
1.8160722,2.6585417,1.4495232,0.54410487,0.79136872,0.27872109,0
-2.004149,-2.1000328,-0.37681985,-0.29271507,-0.13228059,0.94700563,0
0.76214135,-2.2199719,0.4763912,0.78630006,-0.59685624,0.15967101,0
-1.7492286,-2.8713217,-0.78368449,-0.54410487,-0.79136872,-0.27872109,0
2.404006,2.29176,1.2321165,0.54410487,0.79136872,0.27872109,0
0.45018363,3.8736725,0.33105898,0.54410487,0.79136872,0.27872109,0
2.8400772,1.9919589,1.0659781,0.54410487,0.79136872,0.27872109,0
2.3035998,2.3208561,1.3589694,0.54410487,0.79136872,0.27872109,0
2.4172249,2.5617275,0.7874105,0.54410487,0.79136872,0.27872109,0
-1.1513072,-2.1268375,-1.0921621,0.29271507,0.13228059,-0.94700563,0
0.15911943,0.16844088,0.5065214,-0.29271507,-0.13228059,0.94700563,0
-1.5554433,0.9164381,-0.85964537,-0.78630006,0.59685624,-0.15967101,0
-3.3307791,-1.374038,-0.95839643,-0.78630006,0.59685624,-0.15967101,0
0.78938532,-2.4705548,-0.49327087,0.78630006,-0.59685624,0.15967101,0
-3.0470219,-0.84373504,-0.48868322,-0.78630006,0.59685624,-0.15967101,0
-0.6436826,2.4492307,-0.19133568,-0.78630006,0.59685624,-0.15967101,0
-1.2578827,1.4736625,-0.39468968,-0.78630006,0.59685624,-0.15967101,0
2.8628035,0.75195748,0.730896,0.78630006,-0.59685624,0.15967101,0
3.0741048,0.79175854,0.9416393,0.78630006,-0.59685624,0.15967101,0
2.4717932,2.4413726,0.59672999,0.54410487,0.79136872,0.27872109,0
-0.076001585,-3.4917603,-0.55688953,0.78630006,-0.59685624,0.15967101,0
1.1358241,3.6059761,0.22387886,0.29271507,0.13228059,-0.94700563,0
-1.1202273,0.9252246,0.25585911,-0.29271507,-0.13228059,0.94700563,0
-1.9979904,-2.785974,-0.81021404,-0.54410487,-0.79136872,-0.27872109,0
2.5915737,2.2950413,0.93535495,0.54410487,0.79136872,0.27872109,0
2.5257883,2.0307283,1.623214,0.54410487,0.79136872,0.27872109,0
1.9036403,3.0704904,0.47130346,0.54410487,0.79136872,0.27872109,0
2.295079,0.97508121,1.3791881,-0.29271507,-0.13228059,0.94700563,0
-2.7181358,-2.2151272,-0.82890439,-0.54410487,-0.79136872,-0.27872109,0
0.78336805,3.7116809,0.20300007,0.54410487,0.79136872,0.27872109,0
-0.56872028,-3.8638577,-0.52780867,-0.54410487,-0.79136872,-0.27872109,0
