-0.80151153,-1.2273163,-0.14962018,-0.97118926,0.12829143,0.2008304,0
0.31225181,1.0052547,3.5546565,-0.97118926,0.12829143,0.2008304,0
-1.226734,-4.6383319,-1.2074819,-0.16923288,-0.96461433,-0.2021873,0
0.2541948,5.3052011,-2.5159588,-0.16778487,0.23034915,-0.95853412,0
-0.37249982,2.9361703,-2.9065976,-0.16778487,0.23034915,-0.95853412,0
-0.53315842,-1.5215536,1.0703946,-0.97118926,0.12829143,0.2008304,0
0.2451762,-0.027708888,-1.4977994,0.97118926,-0.12829143,-0.2008304,0
0.20232391,-2.5490694,2.9022121,0.16778487,-0.23034915,0.95853412,0
-0.11867857,-0.44853628,-3.1396856,0.97118926,-0.12829143,-0.2008304,0
0.4798511,0.1266268,0.14373851,0.97118926,-0.12829143,-0.2008304,0
-0.25522161,0.59670091,-3.4642935,-0.16778487,0.23034915,-0.95853412,0
-0.46865273,0.64329696,-3.390456,-0.16778487,0.23034915,-0.95853412,0
1.316576,1.4148746,3.7693653,0.16778487,-0.23034915,0.95853412,0
0.89113486,5.0272489,0.078707695,0.16923288,0.96461433,0.2021873,0
-0.89093876,-3.578927,-4.2544928,0.97118926,-0.12829143,-0.2008304,0
0.54208422,4.3860984,1.927736,-0.97118926,0.12829143,0.2008304,0
0.6105442,-2.044543,3.0760095,0.16778487,-0.23034915,0.95853412,0
-0.18029666,-4.6249804,2.6083727,0.16778487,-0.23034915,0.95853412,0
-0.35451487,-5.3082261,1.3231902,-0.16923288,-0.96461433,-0.2021873,0
0.7551263,4.4985504,-1.5367069,0.97118926,-0.12829143,-0.2008304,0
0.26044595,5.5559282,-2.0688663,0.16923288,0.96461433,0.2021873,0
-0.56601906,-1.9538267,-3.8354146,0.97118926,-0.12829143,-0.2008304,0
0.52220452,5.5191736,-1.9985833,0.16923288,0.96461433,0.2021873,0
-0.4180069,2.6126471,-2.9682817,-0.16778487,0.23034915,-0.95853412,0
0.49535322,5.1742887,-0.13768244,0.16923288,0.96461433,0.2021873,0
-1.0259094,-4.2977815,-3.1107862,-0.16923288,-0.96461433,-0.2021873,0
0.63547593,5.3285942,-1.6399279,0.16923288,0.96461433,0.2021873,0
-1.1769052,-3.7675126,-4.4463248,-0.16778487,0.23034915,-0.95853412,0
-0.15085331,-5.3603964,1.4265299,-0.16923288,-0.96461433,-0.2021873,0
0.10555673,1.0451269,2.1411643,-0.97118926,0.12829143,0.2008304,0
0.57750845,0.35026157,3.6150737,0.16778487,-0.23034915,0.95853412,0
1.8661408,3.3939023,4.0403128,0.97118926,-0.12829143,-0.2008304,0
0.088036776,-1.1261255,3.1389863,-0.97118926,0.12829143,0.2008304,0
-0.19420534,1.4226024,0.46377182,-0.97118926,0.12829143,0.2008304,0
1.0459378,4.6729145,1.3750997,0.16923288,0.96461433,0.2021873,0
0.5945521,0.93381655,0.19709516,0.97118926,-0.12829143,-0.2008304,0
-0.1386447,-4.6977706,2.6025085,0.16778487,-0.23034915,0.95853412,0
-0.51503086,-4.5321641,-2.2265596,-0.16923288,-0.96461433,-0.2021873,0
0.57622385,-0.85306859,0.79106712,0.97118926,-0.12829143,-0.2008304,0
0.64863008,5.0895452,-0.43345737,0.16923288,0.96461433,0.2021873,0
-0.2666443,-5.408514,1.5396376,-0.16923288,-0.96461433,-0.2021873,0
0.28100777,-3.8120546,2.6770742,0.16778487,-0.23034915,0.95853412,0
-0.64496899,-0.44778562,-3.628686,-0.16778487,0.23034915,-0.95853412,0
1.070101,-0.060308814,3.3824899,0.16778487,-0.23034915,0.95853412,0
-0.13706869,-5.3631029,0.83791113,-0.16923288,-0.96461433,-0.2021873,0
-0.5699048,0.71693599,-3.342953,-0.16778487,0.23034915,-0.95853412,0
1.1360149,4.4608674,2.365416,0.16923288,0.96461433,0.2021873,0
0.73686528,4.4852023,2.3995037,0.16923288,0.96461433,0.2021873,0
0.33585215,-4.8466721,1.8174734,0.97118926,-0.12829143,-0.2008304,0
-1.143714,-4.2978687,-3.4337413,-0.16923288,-0.96461433,-0.2021873,0
1.4999542,1.9967842,3.6132107,0.97118926,-0.12829143,-0.2008304,0
0.37609935,4.251339,1.3903635,-0.97118926,0.12829143,0.2008304,0
-0.04043901,-4.6873593,2.4669881,0.16778487,-0.23034915,0.95853412,0
0.2546401,4.7505016,-2.4645619,-0.16778487,0.23034915,-0.95853412,0
1.4929886,3.9862401,4.0324221,0.16923288,0.96461433,0.2021873,0
-1.4359004,-4.4238782,-2.4322019,-0.16923288,-0.96461433,-0.2021873,0
1.4690838,3.4115338,4.1384907,0.16778487,-0.23034915,0.95853412,0
0.50150669,4.9936714,0.29670238,0.16923288,0.96461433,0.2021873,0
-0.35749876,-4.9924574,-0.4726162,-0.16923288,-0.96461433,-0.2021873,0
1.3243768,1.1045706,3.5878718,0.16778487,-0.23034915,0.95853412,0
1.0535069,0.36904669,3.6294918,0.16778487,-0.23034915,0.95853412,0
0.56799394,5.0586782,-2.5499029,-0.16778487,0.23034915,-0.95853412,0
-0.81323564,-4.9319706,-0.15533352,-0.16923288,-0.96461433,-0.2021873,0
0.30231118,-2.9018106,2.8565974,0.16778487,-0.23034915,0.95853412,0
-0.25502539,3.2892396,-2.7219486,-0.16778487,0.23034915,-0.95853412,0
-0.65750158,-4.9877377,-0.37164116,-0.16923288,-0.96461433,-0.2021873,0
-1.0751326,-0.37173855,-3.6319416,-0.16778487,0.23034915,-0.95853412,0
-1.0365534,0.71165115,-2.9514465,-0.97118926,0.12829143,0.2008304,0
-0.08951664,-2.9880121,2.9859865,0.16778487,-0.23034915,0.95853412,0
0.92300701,2.0646276,3.9171095,0.16778487,-0.23034915,0.95853412,0
0.84699374,0.2880379,0.98544395,0.97118926,-0.12829143,-0.2008304,0
-0.2560308,-1.5011619,-3.0283287,0.97118926,-0.12829143,-0.2008304,0
-1.2726982,-4.6451683,-0.86140299,-0.97118926,0.12829143,0.2008304,0
0.0065557957,3.5757442,-2.8300338,-0.16778487,0.23034915,-0.95853412,0
-0.54188663,-3.8864312,1.9107316,-0.97118926,0.12829143,0.2008304,0
1.1470405,5.12463,-0.32129478,0.16923288,0.96461433,0.2021873,0
-1.0496106,-4.3710289,-2.9944856,-0.16923288,-0.96461433,-0.2021873,0
1.4866264,4.4770184,2.2786083,0.16923288,0.96461433,0.2021873,0
0.18081218,-1.3738781,-0.4282248,0.97118926,-0.12829143,-0.2008304,0
0.71375465,-0.36797255,1.5583637,0.97118926,-0.12829143,-0.2008304,0
-0.6958105,-4.0490642,1.4183683,-0.97118926,0.12829143,0.2008304,0
1.2069625,4.1626625,0.63599157,0.97118926,-0.12829143,-0.2008304,0
-0.87351227,-1.73535,-3.9970193,-0.16778487,0.23034915,-0.95853412,0
1.015059,2.6436415,4.0237155,0.16778487,-0.23034915,0.95853412,0
0.49942875,-2.6194525,2.8689284,0.16778487,-0.23034915,0.95853412,0
-0.78580379,2.1171844,-2.9502411,-0.97118926,0.12829143,0.2008304,0
1.417982,4.6644182,1.2921968,0.16923288,0.96461433,0.2021873,0
-1.3539195,-2.9945588,-2.2771471,-0.97118926,0.12829143,0.2008304,0
-1.5467296,-2.2922032,-4.0000563,-0.16778487,0.23034915,-0.95853412,0
-0.60892427,-4.969677,-0.23521805,-0.16923288,-0.96461433,-0.2021873,0
-0.46664226,-4.9102983,-0.85133123,-0.16923288,-0.96461433,-0.2021873,0
-1.1246655,-4.8077354,-0.2183938,-0.97118926,0.12829143,0.2008304,0
1.031199,0.27893284,1.9853048,0.97118926,-0.12829143,-0.2008304,0
0.74248385,-1.8153111,3.1226008,0.16778487,-0.23034915,0.95853412,0
1.1320426,3.5422664,0.51793575,0.97118926,-0.12829143,-0.2008304,0
1.1048763,4.5533023,2.0130987,0.16923288,0.96461433,0.2021873,0
-0.25267029,-5.0867062,-0.08471632,-0.16923288,-0.96461433,-0.2021873,0
1.5444634,3.1370876,3.0233049,0.97118926,-0.12829143,-0.2008304,0
-0.89627171,-4.7089095,-1.8589859,-0.16923288,-0.96461433,-0.2021873,0
0.52775669,0.75476563,3.7711437,0.16778487,-0.23034915,0.95853412,0
-0.20753336,2.891679,-3.023838,-0.16778487,0.23034915,-0.95853412,0
-0.40875989,2.2806497,-1.1113223,-0.97118926,0.12829143,0.2008304,0
-0.40512025,-4.9978366,-0.75358152,-0.16923288,-0.96461433,-0.2021873,0
1.2937152,3.6333466,1.5735476,0.97118926,-0.12829143,-0.2008304,0
-0.91680813,-4.238771,-3.4495087,-0.16923288,-0.96461433,-0.2021873,0
0.4531579,5.0101147,0.040567875,0.16923288,0.96461433,0.2021873,0
1.5126033,2.4630904,3.4376161,0.97118926,-0.12829143,-0.2008304,0
-0.18245274,5.1477866,-2.3821199,-0.16778487,0.23034915,-0.95853412,0
0.42474365,4.9798937,0.61486721,0.16923288,0.96461433,0.2021873,0
0.36803761,5.3418512,-1.0230889,0.16923288,0.96461433,0.2021873,0
0.49799812,-3.9212255,2.6271367,0.16778487,-0.23034915,0.95853412,0
0.76418781,2.757513,4.2019634,0.16778487,-0.23034915,0.95853412,0
-0.99326074,-0.30590373,-1.8793609,-0.97118926,0.12829143,0.2008304,0
-0.62082607,-5.3580542,2.4292297,0.16778487,-0.23034915,0.95853412,0
-0.27460122,-0.99901855,1.6327186,-0.97118926,0.12829143,0.2008304,0
-1.7871041,-4.0884056,-3.3978608,-0.16923288,-0.96461433,-0.2021873,0
0.70360446,4.9728031,-2.0794797,0.97118926,-0.12829143,-0.2008304,0
-0.42657197,3.875731,-2.6555691,-0.16778487,0.23034915,-0.95853412,0
-1.2649831,-3.2362456,-1.3969259,-0.97118926,0.12829143,0.2008304,0
0.36720991,4.9873862,0.90844297,0.16923288,0.96461433,0.2021873,0
0.14642239,1.0307035,2.5852878,-0.97118926,0.12829143,0.2008304,0
1.3309345,3.3866045,4.1291895,0.16778487,-0.23034915,0.95853412,0
-0.6143291,0.47783816,-3.5073514,-0.16778487,0.23034915,-0.95853412,0
-0.84903944,-5.3295932,1.386858,-0.16923288,-0.96461433,-0.2021873,0
-1.6132941,-4.1065006,-3.123992,-0.97118926,0.12829143,0.2008304,0
-0.12693214,-2.6435585,3.0346308,0.16778487,-0.23034915,0.95853412,0
0.088347673,-2.8052387,2.9671547,0.16778487,-0.23034915,0.95853412,0
-0.89962351,-4.9311094,-0.40745926,-0.16923288,-0.96461433,-0.2021873,0
-0.49629724,2.9664426,-2.9242682,-0.16778487,0.23034915,-0.95853412,0
0.79030132,1.6064001,3.9308867,0.16778487,-0.23034915,0.95853412,0
1.508749,4.2750783,2.7341304,0.16923288,0.96461433,0.2021873,0
1.1948574,4.5448136,2.4476519,0.16923288,0.96461433,0.2021873,0
0.29986763,-2.4087515,2.926677,0.16778487,-0.23034915,0.95853412,0
-0.37919867,-5.1325665,-0.1941452,-0.16923288,-0.96461433,-0.2021873,0
0.89219475,4.9820976,0.60450363,0.16923288,0.96461433,0.2021873,0
-1.1089056,-4.92869,0.06718874,-0.16923288,-0.96461433,-0.2021873,0
-1.2452008,-3.1805346,-1.4348598,-0.97118926,0.12829143,0.2008304,0
-0.048414946,-2.1498582,3.1821315,-0.97118926,0.12829143,0.2008304,0
-0.77442098,-0.01220572,-3.5794125,-0.16778487,0.23034915,-0.95853412,0
-1.3057013,-2.6725473,-2.2080643,-0.97118926,0.12829143,0.2008304,0
-1.0634058,0.30115187,-3.4049788,-0.16778487,0.23034915,-0.95853412,0
-1.7888808,-3.9799354,-4.1150889,-0.16923288,-0.96461433,-0.2021873,0
0.029679775,2.0535131,-3.2265143,-0.16778487,0.23034915,-0.95853412,0
-1.6413803,-3.767637,-4.2173257,-0.16778487,0.23034915,-0.95853412,0
-1.149358,-0.022951126,-3.0566151,-0.97118926,0.12829143,0.2008304,0
-0.046292245,5.6067476,-1.8983326,0.16923288,0.96461433,0.2021873,0
1.0908501,-0.29784715,3.4205933,0.16778487,-0.23034915,0.95853412,0
0.1204505,1.0219176,-2.7698262,0.97118926,-0.12829143,-0.2008304,0
0.26902515,4.9959402,-2.4376304,-0.16778487,0.23034915,-0.95853412,0
0.8728776,3.3319552,-0.64729452,0.97118926,-0.12829143,-0.2008304,0
-0.3591094,-1.5669037,-3.2158654,0.97118926,-0.12829143,-0.2008304,0
0.94632524,4.9511461,-0.021615982,0.16923288,0.96461433,0.2021873,0
-1.7519517,-3.3129289,-3.9453878,-0.97118926,0.12829143,0.2008304,0
-0.040597677,-1.3965021,-2.2733552,0.97118926,-0.12829143,-0.2008304,0
0.53889948,3.4947019,-1.752152,0.97118926,-0.12829143,-0.2008304,0
-0.37830874,-0.3640582,0.58747971,-0.97118926,0.12829143,0.2008304,0
-0.17131114,1.6800287,-3.1383584,-0.16778487,0.23034915,-0.95853412,0
0.89190507,4.6346822,1.5081472,0.16923288,0.96461433,0.2021873,0
0.18789494,4.7556353,-2.5302327,-0.16778487,0.23034915,-0.95853412,0
0.54748631,1.6291903,3.9717696,0.16778487,-0.23034915,0.95853412,0
0.52763689,4.8303852,0.83963203,0.16923288,0.96461433,0.2021873,0
1.3632064,2.7710013,3.9848485,0.16778487,-0.23034915,0.95853412,0
-0.16437298,-5.5920625,2.2881947,-0.16923288,-0.96461433,-0.2021873,0
-1.0128613,-2.0949981,-3.8989329,-0.16778487,0.23034915,-0.95853412,0
-1.0812798,-2.3887873,-4.0877085,-0.16778487,0.23034915,-0.95853412,0
0.62488425,3.8341084,-1.6472664,0.97118926,-0.12829143,-0.2008304,0
-0.31191626,1.809149,-0.2089417,-0.97118926,0.12829143,0.2008304,0
-0.021908045,-1.3987925,3.2776213,0.16778487,-0.23034915,0.95853412,0
0.06334734,-3.0628753,2.8808188,0.16778487,-0.23034915,0.95853412,0
0.87389278,1.1539719,3.7002883,0.16778487,-0.23034915,0.95853412,0
-0.036996365,-0.3604846,-2.7182341,0.97118926,-0.12829143,-0.2008304,0
-0.28550434,-2.2474687,-2.5906608,0.97118926,-0.12829143,-0.2008304,0
-0.80148625,-4.3959107,-2.6111615,-0.16923288,-0.96461433,-0.2021873,0
-1.3775992,-4.195209,-3.2098737,-0.16923288,-0.96461433,-0.2021873,0
0.78302395,-1.9730881,2.0653934,0.97118926,-0.12829143,-0.2008304,0
0.78426933,-0.71151096,2.0385365,0.97118926,-0.12829143,-0.2008304,0
0.56567812,4.6115999,2.4609492,0.16923288,0.96461433,0.2021873,0
-0.51957494,-5.1847944,0.80416727,-0.16923288,-0.96461433,-0.2021873,0
-0.21891081,-5.4557362,1.1262388,-0.16923288,-0.96461433,-0.2021873,0
0.29240584,-3.0605295,2.8603871,0.16778487,-0.23034915,0.95853412,0
1.0673406,4.576189,2.1637239,0.16923288,0.96461433,0.2021873,0
1.788897,3.5911803,3.9602094,0.97118926,-0.12829143,-0.2008304,0
-0.0058354139,-2.5744655,-0.88800025,0.97118926,-0.12829143,-0.2008304,0
-1.0384835,-4.9373474,-0.75587893,-0.16923288,-0.96461433,-0.2021873,0
-1.125792,-4.1072888,-3.7881157,-0.16923288,-0.96461433,-0.2021873,0
-1.1118712,-2.4387188,-1.0383298,-0.97118926,0.12829143,0.2008304,0
0.84486723,4.2491779,3.7643225,0.16923288,0.96461433,0.2021873,0
0.1158666,-5.0343294,2.3839841,0.16778487,-0.23034915,0.95853412,0
-1.6375537,-4.2338753,-2.8595071,-0.16923288,-0.96461433,-0.2021873,0
1.1180558,1.6493518,2.0477889,0.97118926,-0.12829143,-0.2008304,0
-0.79287744,-4.5000591,-2.1436768,-0.16923288,-0.96461433,-0.2021873,0
0.18659675,-5.1454616,2.4790399,0.16778487,-0.23034915,0.95853412,0
-0.80606604,-4.454813,-2.6500859,-0.16923288,-0.96461433,-0.2021873,0
-0.54474181,-5.3300142,1.5230184,-0.16923288,-0.96461433,-0.2021873,0
0.36758554,-4.4835143,1.8746951,0.97118926,-0.12829143,-0.2008304,0
-0.28856945,-4.796895,2.5117545,0.16778487,-0.23034915,0.95853412,0
1.1008253,4.3332171,3.3343918,0.16923288,0.96461433,0.2021873,0
-0.48755121,0.21774745,-3.5475798,-0.16778487,0.23034915,-0.95853412,0
0.30293018,5.3727469,-2.464788,-0.16778487,0.23034915,-0.95853412,0
-0.45289993,-2.8715625,-2.9134493,0.97118926,-0.12829143,-0.2008304,0
-0.85374761,-1.7503319,-0.19889998,-0.97118926,0.12829143,0.2008304,0
-1.0017171,-4.2835779,-3.0773034,-0.16923288,-0.96461433,-0.2021873,0
-0.61179852,2.0964181,-2.999866,-0.16778487,0.23034915,-0.95853412,0
0.65613723,-0.20924701,1.2519213,0.97118926,-0.12829143,-0.2008304,0
-1.3749151,-3.4325233,-1.8802736,-0.97118926,0.12829143,0.2008304,0
-1.1993585,-4.6966753,-1.4700413,-0.16923288,-0.96461433,-0.2021873,0
-0.13822842,-3.1691525,-1.3809998,0.97118926,-0.12829143,-0.2008304,0
-1.3851676,-4.6807976,-1.7169166,-0.16923288,-0.96461433,-0.2021873,0
-0.58031648,-5.4847374,1.82054,-0.16923288,-0.96461433,-0.2021873,0
-1.3306227,-3.2749467,-4.1460805,-0.16778487,0.23034915,-0.95853412,0
-0.62370569,-4.8413801,2.4460425,-0.97118926,0.12829143,0.2008304,0
-1.1747963,-4.4766717,-2.6782055,-0.16923288,-0.96461433,-0.2021873,0
1.4768903,4.4301429,2.6060543,0.16923288,0.96461433,0.2021873,0
1.5219133,2.2027314,3.8924227,0.16778487,-0.23034915,0.95853412,0
-0.055427313,-0.19136155,-2.1547492,0.97118926,-0.12829143,-0.2008304,0
-0.34232807,-1.9115337,-3.384522,0.97118926,-0.12829143,-0.2008304,0
1.1571548,4.5407152,1.7644587,0.16923288,0.96461433,0.2021873,0
-0.54931664,-5.4588585,1.2831359,-0.16923288,-0.96461433,-0.2021873,0
-0.75087357,-4.5267339,-2.4347239,-0.16923288,-0.96461433,-0.2021873,0
-0.4849745,-1.5150397,1.2261599,-0.97118926,0.12829143,0.2008304,0
0.69250524,-2.8930378,2.8356574,0.16778487,-0.23034915,0.95853412,0
0.3182354,0.48093116,3.6169143,0.16778487,-0.23034915,0.95853412,0
1.2913158,4.346262,2.5715775,0.16923288,0.96461433,0.2021873,0
-0.43740833,4.2170105,-2.5452192,-0.16778487,0.23034915,-0.95853412,0
0.72505713,-0.76365829,1.7158015,0.97118926,-0.12829143,-0.2008304,0
-0.099772334,3.0862439,0.48706245,-0.97118926,0.12829143,0.2008304,0
-0.40008563,-0.02157104,0.71749741,-0.97118926,0.12829143,0.2008304,0
1.0033947,3.0969572,0.87737489,0.97118926,-0.12829143,-0.2008304,0
0.11736774,-4.3527555,2.6427088,0.16778487,-0.23034915,0.95853412,0
0.59596956,5.2068086,-2.5772305,-0.16778487,0.23034915,-0.95853412,0
-0.12233992,-5.4561348,1.7494931,-0.16923288,-0.96461433,-0.2021873,0
-0.8613764,-2.4422932,0.011223078,-0.97118926,0.12829143,0.2008304,0
-1.0845575,-3.4966993,-4.3717737,-0.16778487,0.23034915,-0.95853412,0
-0.16808426,1.0898809,0.818645,-0.97118926,0.12829143,0.2008304,0
1.5087867,4.1588111,3.9993517,0.16923288,0.96461433,0.2021873,0
0.082602859,4.616518,0.33544207,-0.97118926,0.12829143,0.2008304,0
1.1070647,-0.39942837,3.1973898,0.97118926,-0.12829143,-0.2008304,0
0.027626753,2.5895796,1.2178674,-0.97118926,0.12829143,0.2008304,0
-0.51938862,-2.4714639,1.7907844,-0.97118926,0.12829143,0.2008304,0
-0.088353097,5.6280007,-2.2661891,-0.16778487,0.23034915,-0.95853412,0
-0.92285228,0.45210779,-2.4769428,-0.97118926,0.12829143,0.2008304,0
-0.70278573,-5.0703468,-0.43504,-0.16923288,-0.96461433,-0.2021873,0
-1.0373087,-0.033540428,-2.4576755,-0.97118926,0.12829143,0.2008304,0
-0.075843088,-5.5496778,1.4481263,-0.16923288,-0.96461433,-0.2021873,0
0.28892463,-3.3274255,0.85322332,0.97118926,-0.12829143,-0.2008304,0
0.56805283,5.1114898,-2.6216784,-0.16778487,0.23034915,-0.95853412,0
-1.2449098,-3.4784763,-4.1951895,-0.16778487,0.23034915,-0.95853412,0
-0.57403028,-2.6978528,1.1003287,-0.97118926,0.12829143,0.2008304,0
1.5397408,4.2867961,2.7041211,0.16923288,0.96461433,0.2021873,0
-1.0141544,-4.7819886,-1.4064927,-0.16923288,-0.96461433,-0.2021873,0
-1.0125942,-2.7971361,-4.1418581,-0.16778487,0.23034915,-0.95853412,0
0.59816766,3.904875,3.0360858,-0.97118926,0.12829143,0.2008304,0
0.93831444,4.8408613,0.88233185,0.16923288,0.96461433,0.2021873,0
1.3050823,4.5713844,2.0347676,0.16923288,0.96461433,0.2021873,0
-0.79947805,-1.4662799,-3.7686818,-0.16778487,0.23034915,-0.95853412,0
-1.0414615,-2.7934549,-4.1053815,-0.16778487,0.23034915,-0.95853412,0
1.4805613,4.3302336,1.8536191,0.97118926,-0.12829143,-0.2008304,0
1.5822988,2.7303102,2.9382906,0.97118926,-0.12829143,-0.2008304,0
-0.99652648,-4.7407827,-1.0371451,-0.16923288,-0.96461433,-0.2021873,0
0.50732589,-1.0554781,3.4013696,0.16778487,-0.23034915,0.95853412,0
-1.2611928,-4.4633746,-2.2729468,-0.16923288,-0.96461433,-0.2021873,0
1.5519109,3.5721631,4.2613173,0.16778487,-0.23034915,0.95853412,0
-0.21380997,1.438603,0.83330607,-0.97118926,0.12829143,0.2008304,0
-1.0840582,-3.3602991,-0.68519998,-0.97118926,0.12829143,0.2008304,0
0.96659017,4.7254524,1.8398724,0.16923288,0.96461433,0.2021873,0
-0.68560493,2.311368,-2.3596034,-0.97118926,0.12829143,0.2008304,0
0.84916615,-1.7418709,3.0600133,0.16778487,-0.23034915,0.95853412,0
-0.3071425,-3.5993297,2.7833314,0.16778487,-0.23034915,0.95853412,0
1.6835704,3.2869833,3.1530683,0.97118926,-0.12829143,-0.2008304,0
-0.40925264,-5.0733495,-0.40088749,-0.16923288,-0.96461433,-0.2021873,0
-0.66986632,-5.4515853,2.1024346,-0.16923288,-0.96461433,-0.2021873,0
-0.44555649,2.6109097,-1.2023926,-0.97118926,0.12829143,0.2008304,0
-0.045006275,-4.0384741,2.6353378,0.16778487,-0.23034915,0.95853412,0
1.4550524,3.3967071,4.301959,0.16778487,-0.23034915,0.95853412,0
0.53820133,-3.3085921,2.7791882,0.16778487,-0.23034915,0.95853412,0
0.1345427,2.5419142,-3.1486378,-0.16778487,0.23034915,-0.95853412,0
0.02461195,1.0375853,-3.3021848,0.97118926,-0.12829143,-0.2008304,0
0.86581492,4.5942049,2.2365232,0.16923288,0.96461433,0.2021873,0
-1.1737442,-0.88781726,-3.6316111,-0.16778487,0.23034915,-0.95853412,0
-1.472939,-4.2455249,-3.501102,-0.16923288,-0.96461433,-0.2021873,0
-0.61970997,-2.5551248,-4.210701,-0.16778487,0.23034915,-0.95853412,0
-0.033184767,2.5711193,0.22224736,-0.97118926,0.12829143,0.2008304,0
1.0657378,3.2279992,1.0178778,0.97118926,-0.12829143,-0.2008304,0
0.57458067,4.870554,0.98465681,0.16923288,0.96461433,0.2021873,0
1.2073846,4.1869392,3.885926,0.16923288,0.96461433,0.2021873,0
-0.86939335,-4.6515741,-1.7766776,-0.16923288,-0.96461433,-0.2021873,0
-1.5397093,-3.2588284,-3.3243372,-0.97118926,0.12829143,0.2008304,0
0.3397347,5.494864,-1.6754456,0.16923288,0.96461433,0.2021873,0
-0.80106902,-4.0071793,1.1358056,-0.97118926,0.12829143,0.2008304,0
-0.19293308,-4.8097906,2.5544133,0.16778487,-0.23034915,0.95853412,0
-0.28646195,-3.4387712,2.8418236,0.16778487,-0.23034915,0.95853412,0
0.94099927,-1.0223161,3.0641608,0.97118926,-0.12829143,-0.2008304,0
-0.18659663,-1.1532693,-2.4254141,0.97118926,-0.12829143,-0.2008304,0
0.74391824,3.1374657,-0.62381911,0.97118926,-0.12829143,-0.2008304,0
1.1944983,1.8401444,1.9753381,0.97118926,-0.12829143,-0.2008304,0
-0.63553309,-0.17411852,-3.5806699,-0.16778487,0.23034915,-0.95853412,0
-0.024037242,-4.6995287,2.513936,0.16778487,-0.23034915,0.95853412,0
-0.60464519,-5.2503486,2.5317187,0.16778487,-0.23034915,0.95853412,0
1.1958108,4.7485943,0.77904701,0.16923288,0.96461433,0.2021873,0
0.54108262,5.0578585,-0.25397396,0.16923288,0.96461433,0.2021873,0
-0.82745743,-4.7358942,-1.8621721,-0.16923288,-0.96461433,-0.2021873,0
0.06679225,0.40557551,2.3060529,-0.97118926,0.12829143,0.2008304,0
-1.1286864,-4.4345827,-2.5195141,-0.16923288,-0.96461433,-0.2021873,0
-0.73592901,-2.942661,-4.1876206,-0.16778487,0.23034915,-0.95853412,0
-0.092463493,4.2952299,-0.72501278,-0.97118926,0.12829143,0.2008304,0
1.3160968,2.7947106,4.027854,0.16778487,-0.23034915,0.95853412,0
-0.45652938,-2.6722641,-3.0584083,0.97118926,-0.12829143,-0.2008304,0
-0.263978,2.3138714,-3.0360069,-0.16778487,0.23034915,-0.95853412,0
0.045479298,2.5375047,-2.9809582,-0.16778487,0.23034915,-0.95853412,0
0.11252522,-4.7359009,2.5358276,0.16778487,-0.23034915,0.95853412,0
-1.2788112,-4.4865408,-2.2508645,-0.16923288,-0.96461433,-0.2021873,0
0.30401015,-2.2045417,3.0585961,0.16778487,-0.23034915,0.95853412,0
0.46098673,5.1087732,-0.50618267,0.16923288,0.96461433,0.2021873,0
0.48262668,3.3927519,2.7636094,-0.97118926,0.12829143,0.2008304,0
1.2037249,1.6681752,3.7417185,0.16778487,-0.23034915,0.95853412,0
-0.45537901,-3.7456331,-1.8370743,0.97118926,-0.12829143,-0.2008304,0
0.52861714,4.6969523,1.5817232,-0.97118926,0.12829143,0.2008304,0
1.0507596,4.7236257,1.5759726,0.16923288,0.96461433,0.2021873,0
0.19762647,5.4529362,-2.2759223,-0.16778487,0.23034915,-0.95853412,0
-0.37733841,-2.8915281,-2.7211075,0.97118926,-0.12829143,-0.2008304,0
1.2659397,3.4161739,1.7163098,0.97118926,-0.12829143,-0.2008304,0
-0.95834482,-1.3807518,-1.1115315,-0.97118926,0.12829143,0.2008304,0
-1.2904887,-4.0973759,-4.3362899,-0.16923288,-0.96461433,-0.2021873,0
0.50496006,0.51193333,3.7638199,0.16778487,-0.23034915,0.95853412,0
-0.71703458,-2.1743412,0.70519304,-0.97118926,0.12829143,0.2008304,0
0.85510063,4.8084216,1.2118516,0.16923288,0.96461433,0.2021873,0
-0.68807673,-1.5734487,-3.8135238,-0.16778487,0.23034915,-0.95853412,0
-0.20494038,0.99632609,0.50595683,-0.97118926,0.12829143,0.2008304,0
1.6781044,3.116725,4.010788,0.16778487,-0.23034915,0.95853412,0
-0.67479235,0.37175184,-0.81339121,-0.97118926,0.12829143,0.2008304,0
-0.30840719,-3.8407819,2.8346934,0.16778487,-0.23034915,0.95853412,0
-0.81121421,-4.5236664,-2.5273161,-0.16923288,-0.96461433,-0.2021873,0
0.87134552,3.3657424,4.3387647,0.16778487,-0.23034915,0.95853412,0
-0.58381438,-4.7611284,-1.1256857,-0.16923288,-0.96461433,-0.2021873,0
0.41352266,5.5967112,-1.9836321,0.16923288,0.96461433,0.2021873,0
0.38253808,4.9028139,0.598526,0.16923288,0.96461433,0.2021873,0
1.3814096,2.0739722,3.9621077,0.16778487,-0.23034915,0.95853412,0
-0.081175804,2.5848527,-3.0375009,-0.16778487,0.23034915,-0.95853412,0
-0.046964884,-2.1471491,3.1644638,-0.97118926,0.12829143,0.2008304,0
-0.089709088,-5.511816,1.6199126,-0.16923288,-0.96461433,-0.2021873,0
-1.7527485,-3.4304678,-4.1685719,-0.16778487,0.23034915,-0.95853412,0
-0.29663396,-5.5495448,1.9271259,-0.16923288,-0.96461433,-0.2021873,0
-0.83550501,-3.6261201,-4.3024969,0.97118926,-0.12829143,-0.2008304,0
-0.25455821,5.7630739,-2.0809398,0.16923288,0.96461433,0.2021873,0
-0.35820162,-4.8451695,2.5737576,0.16778487,-0.23034915,0.95853412,0
-0.205948,4.2921824,-2.6695554,-0.16778487,0.23034915,-0.95853412,0
1.1128998,4.5628119,2.3229527,0.16923288,0.96461433,0.2021873,0
-0.042904377,3.5164647,-2.866461,-0.16778487,0.23034915,-0.95853412,0
0.55102658,-2.3361948,2.9252727,0.16778487,-0.23034915,0.95853412,0
1.1352282,1.1221217,2.2012048,0.97118926,-0.12829143,-0.2008304,0
1.0829949,4.702569,1.3338556,0.16923288,0.96461433,0.2021873,0
-0.51411366,3.3017092,-2.7577693,-0.16778487,0.23034915,-0.95853412,0
-1.0629228,-5.1798897,0.70366478,-0.16923288,-0.96461433,-0.2021873,0
0.29913336,-5.0373554,2.3369894,0.16778487,-0.23034915,0.95853412,0
-0.026263952,3.2694325,0.3481071,-0.97118926,0.12829143,0.2008304,0
1.5810871,2.6012068,3.3646488,0.97118926,-0.12829143,-0.2008304,0
0.040452957,-1.3894076,-0.94915491,0.97118926,-0.12829143,-0.2008304,0
-1.0413558,-5.1531601,0.42678404,-0.16923288,-0.96461433,-0.2021873,0
-1.4653494,-4.3585353,-2.3527637,-0.16923288,-0.96461433,-0.2021873,0
0.13026154,-0.56047422,-1.5883896,0.97118926,-0.12829143,-0.2008304,0
0.58565342,4.8966851,-2.3161802,0.97118926,-0.12829143,-0.2008304,0
0.10579336,-4.2174549,2.6324096,0.16778487,-0.23034915,0.95853412,0
-0.59091067,0.70088077,-3.3515158,-0.16778487,0.23034915,-0.95853412,0
-0.55609894,1.168543,-3.3100734,-0.16778487,0.23034915,-0.95853412,0
0.99627352,4.6865163,1.3147545,0.16923288,0.96461433,0.2021873,0
-0.17302263,-3.422575,2.8143377,0.16778487,-0.23034915,0.95853412,0
1.6356845,4.1486139,3.6999667,0.16923288,0.96461433,0.2021873,0
-1.56007,-4.3124495,-2.8416529,-0.16923288,-0.96461433,-0.2021873,0
1.5623574,3.5873284,4.251966,0.16778487,-0.23034915,0.95853412,0
0.27885455,-5.5563202,2.3450527,0.16778487,-0.23034915,0.95853412,0
-1.2233062,-2.6171165,-1.6328075,-0.97118926,0.12829143,0.2008304,0
-0.8673439,-1.1742904,-3.8227556,-0.16778487,0.23034915,-0.95853412,0
0.77174574,5.2090917,-0.49593735,0.16923288,0.96461433,0.2021873,0
-0.4089601,0.86843157,-3.4694259,-0.16778487,0.23034915,-0.95853412,0
1.0717516,5.0310564,0.044351578,0.16923288,0.96461433,0.2021873,0
1.1796277,4.3530655,3.2293069,0.16923288,0.96461433,0.2021873,0
0.60359955,-1.6456137,3.1795974,0.16778487,-0.23034915,0.95853412,0
-0.92447615,-1.9092369,-4.0093617,-0.16778487,0.23034915,-0.95853412,0
0.29752707,2.5208349,2.6157703,-0.97118926,0.12829143,0.2008304,0
-1.0638461,-4.425386,-2.8310475,-0.16923288,-0.96461433,-0.2021873,0
0.2700243,-0.22571862,3.4672122,0.16778487,-0.23034915,0.95853412,0
-0.95159197,-3.7938576,-4.3068037,-0.16778487,0.23034915,-0.95853412,0
-1.284049,-2.8612533,-4.1778812,-0.16778487,0.23034915,-0.95853412,0
1.1360881,-0.1600095,3.3770921,0.16778487,-0.23034915,0.95853412,0
0.12691188,0.88357866,-2.6306713,0.97118926,-0.12829143,-0.2008304,0
1.5033503,4.3547854,2.9683142,0.16923288,0.96461433,0.2021873,0
0.81938559,5.1222825,-0.82762766,0.16923288,0.96461433,0.2021873,0
-0.30212426,0.57320911,0.95131123,-0.97118926,0.12829143,0.2008304,0
0.60813808,1.3269002,3.9506125,0.16778487,-0.23034915,0.95853412,0
-0.308424,0.21675807,0.61073071,-0.97118926,0.12829143,0.2008304,0
0.88510823,4.7506509,1.3594179,0.16923288,0.96461433,0.2021873,0
-0.56933188,-2.2598143,0.69430208,-0.97118926,0.12829143,0.2008304,0
1.0254641,-0.49327767,3.0552826,0.97118926,-0.12829143,-0.2008304,0
0.91673625,5.1987576,-0.77458858,0.16923288,0.96461433,0.2021873,0
-1.3162355,-3.9932044,-4.2798009,-0.16778487,0.23034915,-0.95853412,0
-0.90369499,-5.003643,0.32939148,-0.16923288,-0.96461433,-0.2021873,0
-0.79545438,-5.1013613,0.040029049,-0.16923288,-0.96461433,-0.2021873,0
-1.1615403,-4.4954934,-2.2716541,-0.16923288,-0.96461433,-0.2021873,0
1.1743426,4.1254506,3.6822033,0.16923288,0.96461433,0.2021873,0
-0.46023786,-4.9272189,-0.48575449,-0.16923288,-0.96461433,-0.2021873,0
0.17433929,-4.0779138,2.6970437,0.16778487,-0.23034915,0.95853412,0
0.12743771,4.5597305,0.6248107,-0.97118926,0.12829143,0.2008304,0
-0.38861975,1.7059877,-0.82199264,-0.97118926,0.12829143,0.2008304,0
-0.42518553,2.496861,-1.0965041,-0.97118926,0.12829143,0.2008304,0
-1.4193349,-4.4392724,-2.3542752,-0.16923288,-0.96461433,-0.2021873,0
0.4775933,-3.8501995,2.5875185,0.16778487,-0.23034915,0.95853412,0
-1.3022852,-3.071703,-4.1219568,-0.16778487,0.23034915,-0.95853412,0
1.0608089,3.5570192,0.31540775,0.97118926,-0.12829143,-0.2008304,0
-0.016267061,-1.1000162,2.6706357,-0.97118926,0.12829143,0.2008304,0
1.1197586,-0.07769382,3.3483934,0.16778487,-0.23034915,0.95853412,0
0.76998341,0.020209193,1.710618,0.97118926,-0.12829143,-0.2008304,0
0.72490215,4.7403212,1.9934287,0.16923288,0.96461433,0.2021873,0
-0.88789582,0.93864304,-2.7199435,-0.97118926,0.12829143,0.2008304,0
-1.2995176,-2.2476373,-3.9533138,-0.16778487,0.23034915,-0.95853412,0
-0.37472826,-5.267858,2.3673062,0.16778487,-0.23034915,0.95853412,0
0.31251991,4.9114246,-2.6294329,-0.16778487,0.23034915,-0.95853412,0
-0.78574961,-1.7593524,-0.46369076,-0.97118926,0.12829143,0.2008304,0
-0.10136241,-5.2921209,0.82905388,-0.16923288,-0.96461433,-0.2021873,0
-1.2322482,-4.7126274,-1.1491623,-0.16923288,-0.96461433,-0.2021873,0
1.0598178,3.466018,4.2199097,0.16778487,-0.23034915,0.95853412,0
-0.53959465,-4.6792102,-2.1271567,-0.16923288,-0.96461433,-0.2021873,0
1.0387602,2.4925587,4.0284901,0.16778487,-0.23034915,0.95853412,0
0.93912458,2.3987684,4.0461907,0.16778487,-0.23034915,0.95853412,0
-0.11956131,4.510004,-2.5163574,-0.16778487,0.23034915,-0.95853412,0
-1.4052503,-2.9003124,-2.6169591,-0.97118926,0.12829143,0.2008304,0
0.74360275,4.3990674,3.0923274,-0.97118926,0.12829143,0.2008304,0
-0.72337568,-5.4859462,1.9435959,-0.16923288,-0.96461433,-0.2021873,0
0.69632643,1.2422113,0.55681705,0.97118926,-0.12829143,-0.2008304,0
-0.61131549,1.4781792,-3.2757137,-0.16778487,0.23034915,-0.95853412,0
-0.97566497,-1.6734341,-1.1354363,-0.97118926,0.12829143,0.2008304,0
-1.211391,-4.5955386,-1.4407496,-0.16923288,-0.96461433,-0.2021873,0
1.6790729,3.469342,3.6032925,0.97118926,-0.12829143,-0.2008304,0
-1.4695878,-2.6299245,-4.1291285,-0.16778487,0.23034915,-0.95853412,0
1.0207908,-0.84492493,3.1857564,0.16778487,-0.23034915,0.95853412,0
-0.0060155392,3.7485349,-2.7904391,-0.16778487,0.23034915,-0.95853412,0
1.0040768,5.1755042,-0.77320194,0.16923288,0.96461433,0.2021873,0
0.5572238,5.5179276,-1.659585,0.16923288,0.96461433,0.2021873,0
-0.47422051,-4.7777386,2.5961101,0.16778487,-0.23034915,0.95853412,0
0.048993826,3.3011417,0.69197989,-0.97118926,0.12829143,0.2008304,0
-0.3548851,-2.2183571,-2.8162436,0.97118926,-0.12829143,-0.2008304,0
1.2765727,4.2773504,3.1992657,0.16923288,0.96461433,0.2021873,0
-0.044343233,-1.4185636,-1.5778835,0.97118926,-0.12829143,-0.2008304,0
-1.1522148,-4.6471434,-1.5311232,-0.16923288,-0.96461433,-0.2021873,0
-0.33611584,-3.8064556,-1.9740586,0.97118926,-0.12829143,-0.2008304,0
-0.066874981,-2.2055616,3.2327814,0.16778487,-0.23034915,0.95853412,0
-1.3670037,-4.1112928,-1.9553652,-0.97118926,0.12829143,0.2008304,0
-0.031806231,2.8366673,-3.0597434,-0.16778487,0.23034915,-0.95853412,0
-0.69800448,-4.7902756,-1.165143,-0.16923288,-0.96461433,-0.2021873,0
-0.77213371,-5.2998271,0.7884016,-0.16923288,-0.96461433,-0.2021873,0
-0.23992193,-3.6841011,2.907171,0.16778487,-0.23034915,0.95853412,0
-0.78263474,-2.9564996,-4.0238557,0.97118926,-0.12829143,-0.2008304,0
1.4865041,2.6653588,3.9866548,0.16778487,-0.23034915,0.95853412,0
1.0610719,-0.033712506,3.4984972,0.16778487,-0.23034915,0.95853412,0
-0.19045389,3.1063793,-2.8135562,-0.16778487,0.23034915,-0.95853412,0
-1.0387774,-0.47615993,-3.5849414,-0.16778487,0.23034915,-0.95853412,0
-0.80416799,1.3832092,-3.0920255,-0.16778487,0.23034915,-0.95853412,0
-0.91825199,0.25146222,-3.3362093,-0.16778487,0.23034915,-0.95853412,0
0.33061969,5.0267248,0.36823416,0.16923288,0.96461433,0.2021873,0
0.2352792,4.1941571,-2.778441,-0.16778487,0.23034915,-0.95853412,0
1.1865318,2.3674705,1.3700497,0.97118926,-0.12829143,-0.2008304,0
-0.46034002,-0.75651228,-3.775888,-0.16778487,0.23034915,-0.95853412,0
0.42764783,1.0716245,3.7820117,0.16778487,-0.23034915,0.95853412,0
-0.81840777,-5.2472773,0.57135868,-0.16923288,-0.96461433,-0.2021873,0
1.5347533,3.4676719,3.1048579,0.97118926,-0.12829143,-0.2008304,0
0.57058465,-2.1801703,1.486244,0.97118926,-0.12829143,-0.2008304,0
-0.6165514,-4.1262507,-2.6822228,0.97118926,-0.12829143,-0.2008304,0
-1.2545156,-3.8116174,-4.2654591,-0.16778487,0.23034915,-0.95853412,0
-0.7595101,-5.118185,0.21143389,-0.16923288,-0.96461433,-0.2021873,0
0.84619772,4.9800434,0.41777945,0.16923288,0.96461433,0.2021873,0
0.31688452,3.4921281,1.4249418,-0.97118926,0.12829143,0.2008304,0
0.69397759,4.7588568,1.5711889,0.16923288,0.96461433,0.2021873,0
0.41360182,5.2739277,-0.60684395,0.16923288,0.96461433,0.2021873,0
1.219023,4.6274705,0.56847811,0.97118926,-0.12829143,-0.2008304,0
1.1528103,2.6160407,1.7682831,0.97118926,-0.12829143,-0.2008304,0
0.71614522,5.4636841,-2.1206498,0.97118926,-0.12829143,-0.2008304,0
-0.92072368,-1.2565646,-3.7374656,-0.16778487,0.23034915,-0.95853412,0
-0.29433131,-1.8492795,2.2487376,-0.97118926,0.12829143,0.2008304,0
0.62420034,1.6600194,3.8788719,0.16778487,-0.23034915,0.95853412,0
-0.4225536,-0.77000332,1.2514486,-0.97118926,0.12829143,0.2008304,0
-0.36082911,1.2151874,-3.2732563,-0.16778487,0.23034915,-0.95853412,0
-0.77649653,-5.3453288,1.8433871,-0.16923288,-0.96461433,-0.2021873,0
-1.6369939,-3.2431967,-4.1476889,-0.16778487,0.23034915,-0.95853412,0
1.4393208,4.2438321,3.3399925,0.16923288,0.96461433,0.2021873,0
0.70470411,5.4259429,-2.190064,0.16923288,0.96461433,0.2021873,0
-0.1924265,-5.2657804,0.9593215,-0.16923288,-0.96461433,-0.2021873,0
1.722681,3.9542232,4.2073593,0.16778487,-0.23034915,0.95853412,0
0.55257607,-0.53000283,3.33461,0.16778487,-0.23034915,0.95853412,0
-1.6789107,-4.2282934,-2.710206,-0.16923288,-0.96461433,-0.2021873,0
-0.82297087,-4.1765618,-3.8897786,-0.16923288,-0.96461433,-0.2021873,0
1.1660423,5.00314,-0.082028866,0.16923288,0.96461433,0.2021873,0
-0.54747558,-0.34667099,-3.5924268,-0.16778487,0.23034915,-0.95853412,0
-0.87492692,-2.0438941,-0.39938641,-0.97118926,0.12829143,0.2008304,0
-0.19669431,5.6596127,-2.2162027,0.16923288,0.96461433,0.2021873,0
-1.4045734,-4.3895364,-2.8165197,-0.16923288,-0.96461433,-0.2021873,0
0.7760058,5.4709597,-1.7238955,0.16923288,0.96461433,0.2021873,0
-0.83939743,-4.8315063,-1.3184586,-0.16923288,-0.96461433,-0.2021873,0
-0.10567093,1.5419499,0.94700098,-0.97118926,0.12829143,0.2008304,0
-1.2661628,-4.7777023,-1.1632953,-0.16923288,-0.96461433,-0.2021873,0
-0.3445971,-5.0510955,-0.56063509,-0.16923288,-0.96461433,-0.2021873,0
-1.5872047,-4.2495875,-3.1830337,-0.16923288,-0.96461433,-0.2021873,0
1.5538225,4.5808482,1.879343,0.16923288,0.96461433,0.2021873,0
0.026039898,5.6745911,-2.0880761,0.16923288,0.96461433,0.2021873,0
0.44102305,-2.4084449,1.5845084,0.97118926,-0.12829143,-0.2008304,0
0.80252075,4.6427116,1.8782887,0.16923288,0.96461433,0.2021873,0
-1.2150161,-1.319537,-2.7151539,-0.97118926,0.12829143,0.2008304,0
1.55409,4.383913,2.2947388,0.97118926,-0.12829143,-0.2008304,0
0.04489851,2.9490669,-2.9143286,-0.16778487,0.23034915,-0.95853412,0
-0.48063207,-0.68583047,-3.7128212,-0.16778487,0.23034915,-0.95853412,0
0.24838495,3.1065338,1.403805,-0.97118926,0.12829143,0.2008304,0
0.9772532,4.7280922,1.1696744,0.16923288,0.96461433,0.2021873,0
0.57491571,1.1478653,-0.85875654,0.97118926,-0.12829143,-0.2008304,0
1.4695873,1.6191263,3.7449057,0.97118926,-0.12829143,-0.2008304,0
0.076689005,-3.7221034,2.6797218,0.16778487,-0.23034915,0.95853412,0
0.19846869,0.20306587,3.3461032,-0.97118926,0.12829143,0.2008304,0
-0.084691048,4.4099441,-2.5794976,-0.16778487,0.23034915,-0.95853412,0
-0.39126492,-5.0525322,-0.035809517,-0.16923288,-0.96461433,-0.2021873,0
0.76152849,5.0619259,-0.44152308,0.16923288,0.96461433,0.2021873,0
0.8722527,4.7789001,1.1076941,0.16923288,0.96461433,0.2021873,0
0.58688903,-1.0828,3.2564955,0.16778487,-0.23034915,0.95853412,0
0.32265282,-2.6860111,2.8603005,0.16778487,-0.23034915,0.95853412,0
0.3099407,-3.8315582,2.5748539,0.16778487,-0.23034915,0.95853412,0
-1.4485419,-3.9500585,-2.4713998,-0.97118926,0.12829143,0.2008304,0
0.84194112,-0.32467902,3.4900367,0.16778487,-0.23034915,0.95853412,0
-1.105725,-4.5860586,-1.4585772,-0.16923288,-0.96461433,-0.2021873,0
0.25844383,-1.2240775,3.3545597,0.16778487,-0.23034915,0.95853412,0
-0.7227391,-2.3294907,0.63713408,-0.97118926,0.12829143,0.2008304,0
-0.57744694,-5.4862318,1.6912098,-0.16923288,-0.96461433,-0.2021873,0
-0.16675961,-5.2832584,0.55738401,-0.16923288,-0.96461433,-0.2021873,0
0.83155298,4.1270266,4.1161184,0.16923288,0.96461433,0.2021873,0
-0.88432765,1.5157502,-3.2262309,-0.16778487,0.23034915,-0.95853412,0
-1.0883728,-3.3702736,-0.99345279,-0.97118926,0.12829143,0.2008304,0
0.81772017,4.824379,0.72987986,0.16923288,0.96461433,0.2021873,0
-1.1131306,0.53436959,-3.3630598,-0.16778487,0.23034915,-0.95853412,0
1.3300695,3.5333834,4.3434868,0.16778487,-0.23034915,0.95853412,0
-1.10646,-2.806232,-1.0880399,-0.97118926,0.12829143,0.2008304,0
0.380476,-4.3945436,2.4489975,0.16778487,-0.23034915,0.95853412,0
0.4907974,5.4060078,-1.1631536,0.16923288,0.96461433,0.2021873,0
1.7467289,4.0166597,3.8551433,0.16923288,0.96461433,0.2021873,0
0.84855419,5.3835301,-1.2948999,0.16923288,0.96461433,0.2021873,0
-0.77980816,-4.9079809,-0.20275068,-0.16923288,-0.96461433,-0.2021873,0
-0.23972821,4.5587668,-2.5058312,-0.16778487,0.23034915,-0.95853412,0
-1.1130731,-1.1268864,-3.6299212,-0.16778487,0.23034915,-0.95853412,0
-0.69617403,-4.9768744,-0.51187658,-0.16923288,-0.96461433,-0.2021873,0
-0.96248722,-1.9095489,-3.9949083,-0.16778487,0.23034915,-0.95853412,0
-0.40003151,0.88715017,0.24610251,-0.97118926,0.12829143,0.2008304,0
-0.50251174,-4.5496244,-1.537499,0.97118926,-0.12829143,-0.2008304,0
-0.88619852,-0.88351595,-3.7508895,-0.16778487,0.23034915,-0.95853412,0
-1.2721661,-4.8497534,-0.15168619,-0.97118926,0.12829143,0.2008304,0
0.18729687,-0.22853231,3.2472248,-0.97118926,0.12829143,0.2008304,0
-1.2032194,-4.9353127,-0.38943672,-0.16923288,-0.96461433,-0.2021873,0
1.2143078,2.5861127,4.1046543,0.16778487,-0.23034915,0.95853412,0
0.73413467,-2.0530982,3.0098002,0.16778487,-0.23034915,0.95853412,0
-1.4233983,-4.2498751,-3.3973727,-0.16923288,-0.96461433,-0.2021873,0
-0.54530764,-5.3563061,0.98446131,-0.16923288,-0.96461433,-0.2021873,0
0.70127451,1.1305232,-0.2296294,0.97118926,-0.12829143,-0.2008304,0
0.12303019,0.9553293,2.5001855,-0.97118926,0.12829143,0.2008304,0
0.40351576,5.2895389,-2.4973454,-0.16778487,0.23034915,-0.95853412,0
-0.96354342,-4.792098,-1.3257427,-0.16923288,-0.96461433,-0.2021873,0
-0.20139885,-0.030755758,-3.6586826,-0.16778487,0.23034915,-0.95853412,0
-0.55423629,3.3809814,-2.7402754,-0.16778487,0.23034915,-0.95853412,0
0.80533266,2.6272855,4.1908269,0.16778487,-0.23034915,0.95853412,0
-1.7320819,-4.1006684,-3.7980475,-0.16923288,-0.96461433,-0.2021873,0
1.0875607,3.6229973,4.3814301,0.16778487,-0.23034915,0.95853412,0
-0.68530679,-4.9212637,-0.7138567,-0.16923288,-0.96461433,-0.2021873,0
-1.3578238,-3.9462214,-4.273263,-0.16923288,-0.96461433,-0.2021873,0
0.25595373,-4.6974516,1.9014285,0.97118926,-0.12829143,-0.2008304,0
0.28235239,1.1677835,-1.4281073,0.97118926,-0.12829143,-0.2008304,0
-1.3624096,-4.1140757,-3.7633579,-0.16923288,-0.96461433,-0.2021873,0
-0.32268786,-3.2950726,-2.0408213,0.97118926,-0.12829143,-0.2008304,0
-1.1814709,-2.1889021,-1.921314,-0.97118926,0.12829143,0.2008304,0
-0.16813548,-5.4987955,1.2732496,-0.16923288,-0.96461433,-0.2021873,0
-0.30303431,4.2425165,-2.6664007,-0.16778487,0.23034915,-0.95853412,0
1.3518834,4.3933334,2.1467977,0.16923288,0.96461433,0.2021873,0
-0.43992901,-5.1127453,-0.1900816,-0.16923288,-0.96461433,-0.2021873,0
0.72106349,5.5019741,-2.3525229,-0.16778487,0.23034915,-0.95853412,0
0.40894914,1.6499593,3.1348176,-0.97118926,0.12829143,0.2008304,0
-0.40984154,-5.4283652,1.6579547,-0.16923288,-0.96461433,-0.2021873,0
0.73908997,3.9772823,3.1410384,-0.97118926,0.12829143,0.2008304,0
0.37415719,2.8294389,2.1864157,-0.97118926,0.12829143,0.2008304,0
-0.72244763,-4.7780814,-1.5784163,-0.16923288,-0.96461433,-0.2021873,0
-0.97232318,-0.55984592,-3.6034987,-0.16778487,0.23034915,-0.95853412,0
0.26649031,-2.7416697,0.22815895,0.97118926,-0.12829143,-0.2008304,0
0.77006888,-0.92308652,1.9924881,0.97118926,-0.12829143,-0.2008304,0
0.77709675,0.38196051,3.6779909,0.16778487,-0.23034915,0.95853412,0
-1.2606305,-4.7851715,-0.73280191,-0.16923288,-0.96461433,-0.2021873,0
-0.032660007,4.798943,-2.4365842,-0.16778487,0.23034915,-0.95853412,0
