-1.9102874,2.2908578,-2.2083054,0.11527205,0.60073793,-0.7910921,0
-1.2163497,1.7140737,-2.6301088,0.11527205,0.60073793,-0.7910921,0
-3.5128331,-1.2099745,2.322083,-0.11527205,-0.60073793,0.7910921,0
-1.3647054,1.8303441,-2.7118568,0.11527205,0.60073793,-0.7910921,0
3.2053125,1.0587252,-0.99942684,0.08096236,0.78806949,0.61023962,0
-2.9387095,-1.630869,1.5462375,-0.08096236,-0.78806949,-0.61023962,0
1.3668306,1.2670406,-2.6808329,0.11527205,0.60073793,-0.7910921,0
1.4756442,-0.4935621,-0.47367203,-0.08096236,-0.78806949,-0.61023962,0
3.2547011,1.1405716,-2.4289527,0.11527205,0.60073793,-0.7910921,0
-1.8793752,-1.9136825,2.0137844,-0.11527205,-0.60073793,0.7910921,0
1.4982564,-2.4265456,2.0145621,-0.08096236,-0.78806949,-0.61023962,0
1.3963184,1.4078267,-2.4237761,0.11527205,0.60073793,-0.7910921,0
1.465827,-2.1247573,1.6697701,-0.08096236,-0.78806949,-0.61023962,0
-1.0661643,2.2168181,-1.9407282,0.08096236,0.78806949,0.61023962,0
-2.4804831,2.6421068,-2.1992257,0.11527205,0.60073793,-0.7910921,0
3.359339,-0.72491914,0.49189544,0.99002928,-0.13439213,0.042204857,0
3.688545,1.2285413,-1.1873,0.99002928,-0.13439213,0.042204857,0
-2.5471754,2.4270594,-2.3699527,0.11527205,0.60073793,-0.7910921,0
1.6269637,-1.811276,2.5676098,-0.11527205,-0.60073793,0.7910921,0
-0.960428,-1.5166894,2.4677148,-0.11527205,-0.60073793,0.7910921,0
-1.8201193,-0.072597265,1.1175587,0.08096236,0.78806949,0.61023962,0
-1.3585048,-1.4038697,2.5233202,-0.11527205,-0.60073793,0.7910921,0
-3.7233369,-1.3926091,2.0732489,-0.99002928,0.13439213,-0.042204857,0
-1.6179863,2.0361593,-1.5274098,0.08096236,0.78806949,0.61023962,0
1.79336,1.5265797,-2.4784691,0.11527205,0.60073793,-0.7910921,0
3.2779284,-1.7343456,0.8912456,0.99002928,-0.13439213,0.042204857,0
1.4694744,-2.0251334,2.4900668,-0.11527205,-0.60073793,0.7910921,0
-3.4669268,0.64271903,0.23787141,-0.99002928,0.13439213,-0.042204857,0
0.48274207,-1.3686887,1.0388786,-0.08096236,-0.78806949,-0.61023962,0
-0.0018386841,1.5813503,-2.466428,0.11527205,0.60073793,-0.7910921,0
-3.5512836,0.56712353,0.28719807,-0.99002928,0.13439213,-0.042204857,0
-3.7207189,-0.69057018,1.4392347,-0.99002928,0.13439213,-0.042204857,0
-3.4931107,0.59888577,-0.779845,-0.99002928,0.13439213,-0.042204857,0
2.4810126,-2.2291183,2.3351359,-0.11527205,-0.60073793,0.7910921,0
0.65264559,-1.3876032,0.80942619,-0.08096236,-0.78806949,-0.61023962,0
2.8481534,-2.6268287,2.2848625,-0.08096236,-0.78806949,-0.61023962,0
-0.3515532,2.1504636,-1.9487875,0.08096236,0.78806949,0.61023962,0
-3.4219193,1.1015388,-0.41265559,-0.99002928,0.13439213,-0.042204857,0
2.8647096,1.1788403,-2.418891,0.11527205,0.60073793,-0.7910921,0
-3.2790403,-1.5753855,2.0650845,-0.11527205,-0.60073793,0.7910921,0
-3.7511382,-0.63820839,0.78850365,-0.99002928,0.13439213,-0.042204857,0
-3.3522539,-1.4347502,2.2425597,-0.11527205,-0.60073793,0.7910921,0
-3.3720572,-1.7551155,1.9944785,-0.11527205,-0.60073793,0.7910921,0
-3.3251703,0.86320794,-0.057376385,-0.99002928,0.13439213,-0.042204857,0
3.2352574,-1.7703625,1.8112805,0.99002928,-0.13439213,0.042204857,0
-1.44052,-1.5435195,1.3596063,-0.08096236,-0.78806949,-0.61023962,0
3.3195598,-1.4019182,1.3173583,0.99002928,-0.13439213,0.042204857,0
-3.7156651,-0.51829588,1.0938983,-0.99002928,0.13439213,-0.042204857,0
1.2639908,0.48294908,-1.7481105,-0.08096236,-0.78806949,-0.61023962,0
1.9012768,1.2649436,-2.5034308,0.11527205,0.60073793,-0.7910921,0
3.0501976,-2.4640832,2.3318608,0.99002928,-0.13439213,0.042204857,0
-3.4914646,0.34289661,-0.69850779,-0.99002928,0.13439213,-0.042204857,0
-2.4116297,2.0356898,-2.6385579,0.11527205,0.60073793,-0.7910921,0
0.97018957,-1.7459178,2.5252705,-0.11527205,-0.60073793,0.7910921,0
-3.4681551,0.30302304,0.049862385,-0.99002928,0.13439213,-0.042204857,0
0.82612866,-0.53317887,-0.12147683,-0.08096236,-0.78806949,-0.61023962,0
-3.7186,-0.50772786,0.56544089,-0.99002928,0.13439213,-0.042204857,0
1.8682611,-0.97164458,0.049166322,-0.08096236,-0.78806949,-0.61023962,0
3.5757003,-0.15903193,-0.081133604,0.99002928,-0.13439213,0.042204857,0
3.3956032,-0.82588619,0.93917871,0.99002928,-0.13439213,0.042204857,0
-3.14834,2.5726972,-2.1846278,-0.99002928,0.13439213,-0.042204857,0
3.2555795,1.0029941,-2.4916325,0.11527205,0.60073793,-0.7910921,0
-1.2656541,0.69014162,0.098561645,0.08096236,0.78806949,0.61023962,0
0.95858324,-1.4531795,2.6737924,0.08096236,0.78806949,0.61023962,0
2.829298,-1.6426582,2.6247153,0.08096236,0.78806949,0.61023962,0
-3.2933002,1.1607196,-0.96308517,-0.99002928,0.13439213,-0.042204857,0
0.89527273,-1.2554327,2.2733054,0.08096236,0.78806949,0.61023962,0
1.1857692,-0.26879865,-0.48518896,-0.08096236,-0.78806949,-0.61023962,0
-2.4950166,-0.30177021,1.4390252,0.08096236,0.78806949,0.61023962,0
-0.9353137,1.8397108,-2.6088307,0.11527205,0.60073793,-0.7910921,0
2.7733619,-2.2972369,2.5504882,-0.11527205,-0.60073793,0.7910921,0
1.4853863,-1.9408941,2.4784579,-0.11527205,-0.60073793,0.7910921,0
-3.1068254,1.777925,-2.3562391,-0.99002928,0.13439213,-0.042204857,0
1.3300214,0.023070276,-0.95424414,-0.08096236,-0.78806949,-0.61023962,0
-2.0278044,2.1111438,-2.5686796,0.11527205,0.60073793,-0.7910921,0
3.7114251,0.41239101,-0.94367862,0.99002928,-0.13439213,0.042204857,0
-1.4400457,-1.0365218,0.86536098,-0.08096236,-0.78806949,-0.61023962,0
2.37026,1.4626977,-2.2959123,0.11527205,0.60073793,-0.7910921,0
-2.2183478,-1.1523695,2.5357637,-0.11527205,-0.60073793,0.7910921,0
-2.8635724,2.261899,-2.3896093,0.11527205,0.60073793,-0.7910921,0
-3.3658881,1.4467191,-0.47169042,0.08096236,0.78806949,0.61023962,0
3.1758037,1.3003279,-2.3156972,0.11527205,0.60073793,-0.7910921,0
3.1432319,-1.7413718,1.9117695,0.99002928,-0.13439213,0.042204857,0
3.8000777,1.1874278,-1.4551077,0.99002928,-0.13439213,0.042204857,0
-3.0486403,-1.1189913,2.5549099,-0.11527205,-0.60073793,0.7910921,0
-3.0549374,1.9488275,-2.7635846,0.11527205,0.60073793,-0.7910921,0
2.3190308,-1.0934436,0.37744296,-0.08096236,-0.78806949,-0.61023962,0
-3.5468609,0.08445704,-0.1806891,-0.99002928,0.13439213,-0.042204857,0
-3.4383812,0.20701337,0.14477944,-0.99002928,0.13439213,-0.042204857,0
3.4455695,0.058208823,0.34537387,0.99002928,-0.13439213,0.042204857,0
3.3693035,-0.60700643,1.2405062,0.99002928,-0.13439213,0.042204857,0
2.7733197,-2.4107456,2.4032257,-0.11527205,-0.60073793,0.7910921,0
3.2580624,-1.4342664,1.0498035,0.99002928,-0.13439213,0.042204857,0
3.3698106,-1.2927978,0.47963953,0.99002928,-0.13439213,0.042204857,0
-2.4253197,2.0150537,-2.714648,0.11527205,0.60073793,-0.7910921,0
3.4433584,-0.26009703,-0.701967,0.99002928,-0.13439213,0.042204857,0
3.1028688,-2.0564504,1.704831,0.99002928,-0.13439213,0.042204857,0
2.4775052,0.77076226,-2.1377571,-0.08096236,-0.78806949,-0.61023962,0
3.7735443,0.87145507,-0.9068408,0.99002928,-0.13439213,0.042204857,0
0.86701638,0.26225185,0.32886475,0.08096236,0.78806949,0.61023962,0
1.2013476,-2.1975002,2.3251867,-0.11527205,-0.60073793,0.7910921,0
0.94316322,-0.032233328,0.85757762,0.08096236,0.78806949,0.61023962,0
3.3039851,-1.4661256,1.9233987,0.99002928,-0.13439213,0.042204857,0
2.8840513,-1.8375936,2.7786059,0.08096236,0.78806949,0.61023962,0
3.1895332,-2.0365729,1.6496382,0.99002928,-0.13439213,0.042204857,0
-3.756866,-0.81817132,1.8572338,-0.99002928,0.13439213,-0.042204857,0
3.2315764,1.056882,-1.0342352,0.08096236,0.78806949,0.61023962,0
2.4498694,-2.0317512,2.5778258,-0.11527205,-0.60073793,0.7910921,0
-2.7634904,-1.4933333,2.1535683,-0.11527205,-0.60073793,0.7910921,0
0.88959855,0.7222141,-0.3424257,0.08096236,0.78806949,0.61023962,0
1.5143315,-0.27155498,1.0743779,0.08096236,0.78806949,0.61023962,0
-0.99581814,-1.6923469,2.3583689,-0.11527205,-0.60073793,0.7910921,0
-1.2196188,-1.8053722,2.2353759,-0.11527205,-0.60073793,0.7910921,0
1.4576163,0.94528723,-2.1299124,-0.08096236,-0.78806949,-0.61023962,0
3.3415954,-1.0203736,0.89625621,0.99002928,-0.13439213,0.042204857,0
-3.3137808,-0.70538914,2.2916894,0.08096236,0.78806949,0.61023962,0
-3.6575959,-0.24759209,0.53821421,-0.99002928,0.13439213,-0.042204857,0
3.3337474,-1.4260738,1.1088209,0.99002928,-0.13439213,0.042204857,0
2.3639908,1.2502104,-2.4704487,0.11527205,0.60073793,-0.7910921,0
1.2130337,0.96127367,-2.1292858,-0.08096236,-0.78806949,-0.61023962,0
1.0821735,1.3764175,-1.2171059,0.08096236,0.78806949,0.61023962,0
-3.6345096,-0.42541552,1.3029499,-0.99002928,0.13439213,-0.042204857,0
-1.1690004,1.956485,-2.4088221,0.11527205,0.60073793,-0.7910921,0
-1.3652856,0.49070054,-1.4064842,-0.08096236,-0.78806949,-0.61023962,0
3.2051311,-1.6399717,1.0450535,0.99002928,-0.13439213,0.042204857,0
-3.8095055,-0.98658001,1.9115143,-0.99002928,0.13439213,-0.042204857,0
2.8723855,-2.6084983,2.1781025,-0.11527205,-0.60073793,0.7910921,0
0.50469947,-2.1422768,2.1499872,-0.11527205,-0.60073793,0.7910921,0
-3.1998985,2.2289147,-2.0803773,-0.99002928,0.13439213,-0.042204857,0
2.999712,-0.84557486,-0.078234673,-0.08096236,-0.78806949,-0.61023962,0
-3.6789911,-1.5544168,2.0187376,-0.11527205,-0.60073793,0.7910921,0
1.5070767,-2.0679932,1.7480884,-0.08096236,-0.78806949,-0.61023962,0
-1.1117721,-1.2712281,2.5877688,-0.11527205,-0.60073793,0.7910921,0
-3.7233076,-1.1547937,1.0930357,-0.08096236,-0.78806949,-0.61023962,0
-3.5428386,0.32091695,-0.36379361,-0.99002928,0.13439213,-0.042204857,0
-2.9514062,1.3556275,-2.1466231,-0.08096236,-0.78806949,-0.61023962,0
-3.8265603,-1.2621347,1.3796589,-0.99002928,0.13439213,-0.042204857,0
-1.9892781,-1.8142464,2.0725057,-0.11527205,-0.60073793,0.7910921,0
3.5211921,0.35635865,-0.73073149,0.99002928,-0.13439213,0.042204857,0
0.51801395,1.7736226,-2.401068,0.11527205,0.60073793,-0.7910921,0
3.6995103,0.85042393,-2.2809668,0.99002928,-0.13439213,0.042204857,0
3.5294495,-0.024510741,0.04242444,0.99002928,-0.13439213,0.042204857,0
-1.0227027,-1.7742398,2.2051499,-0.11527205,-0.60073793,0.7910921,0
-3.3173506,0.97508693,-1.3409574,-0.99002928,0.13439213,-0.042204857,0
3.7645781,1.2187214,-1.5931339,0.99002928,-0.13439213,0.042204857,0
0.48632336,2.1438513,-2.0535789,0.08096236,0.78806949,0.61023962,0
2.0295293,-0.034929633,-1.2020873,-0.08096236,-0.78806949,-0.61023962,0
-3.7353737,-0.73689532,1.5864546,-0.99002928,0.13439213,-0.042204857,0
0.35838008,-2.0321922,2.3522506,-0.11527205,-0.60073793,0.7910921,0
3.5076914,-0.34782425,0.55849099,0.99002928,-0.13439213,0.042204857,0
1.8063195,1.0753055,-0.75540674,0.08096236,0.78806949,0.61023962,0
0.99217451,-1.1579983,0.65446782,-0.08096236,-0.78806949,-0.61023962,0
-3.2235754,1.7203083,-1.812937,-0.99002928,0.13439213,-0.042204857,0
-2.4373374,1.0662029,-0.11165094,0.08096236,0.78806949,0.61023962,0
-1.8480382,0.79219997,0.19782484,0.08096236,0.78806949,0.61023962,0
3.841321,1.0960228,-1.995914,0.99002928,-0.13439213,0.042204857,0
-3.4279199,0.46362102,-0.098070145,-0.99002928,0.13439213,-0.042204857,0
2.0480309,-2.013469,2.5711086,-0.11527205,-0.60073793,0.7910921,0
1.8336209,-2.4025948,2.1515722,-0.11527205,-0.60073793,0.7910921,0
-0.40117908,1.891674,-1.4269369,0.08096236,0.78806949,0.61023962,0
-0.30787289,-0.26176083,1.340953,0.08096236,0.78806949,0.61023962,0
0.62684458,-0.67311168,1.7119114,0.08096236,0.78806949,0.61023962,0
-1.6359057,1.623862,-1.1410295,0.08096236,0.78806949,0.61023962,0
3.3281281,-1.2840451,1.5599833,0.99002928,-0.13439213,0.042204857,0
2.0419059,-1.1050907,1.8401664,0.08096236,0.78806949,0.61023962,0
3.6556511,0.38136744,-0.97631216,0.99002928,-0.13439213,0.042204857,0
-0.75031638,-0.92972243,2.2315345,0.08096236,0.78806949,0.61023962,0
-3.2409582,1.4405084,-2.0769284,-0.99002928,0.13439213,-0.042204857,0
3.6901951,1.0055131,-1.4070575,0.99002928,-0.13439213,0.042204857,0
3.67943,1.2942045,-1.5025244,0.99002928,-0.13439213,0.042204857,0
-3.2382271,1.7856643,-1.5232633,-0.99002928,0.13439213,-0.042204857,0
-1.2823257,-0.43273497,1.4807703,0.08096236,0.78806949,0.61023962,0
3.5077279,-0.35932076,-0.17108274,0.99002928,-0.13439213,0.042204857,0
1.2048044,-2.0703511,2.4443994,-0.11527205,-0.60073793,0.7910921,0
3.3343492,0.55752623,-1.8360138,-0.08096236,-0.78806949,-0.61023962,0
-3.5949852,-0.73439699,1.4206841,-0.99002928,0.13439213,-0.042204857,0
2.0255561,0.61517793,-1.9023606,-0.08096236,-0.78806949,-0.61023962,0
2.7808664,-0.15823658,0.69886446,0.08096236,0.78806949,0.61023962,0
3.0332215,-0.83000237,1.5169502,0.08096236,0.78806949,0.61023962,0
-2.3815506,1.0951235,-0.27984333,0.08096236,0.78806949,0.61023962,0
-3.3884666,-0.33831483,0.21207738,-0.08096236,-0.78806949,-0.61023962,0
-1.1581643,-1.9369528,2.0613618,-0.11527205,-0.60073793,0.7910921,0
-0.33859825,-2.034379,2.2019,-0.11527205,-0.60073793,0.7910921,0
3.8392072,0.91193658,-1.8816795,0.99002928,-0.13439213,0.042204857,0
-0.96987414,-1.5188458,2.601357,-0.11527205,-0.60073793,0.7910921,0
-3.3841484,0.76734412,-0.68527889,-0.99002928,0.13439213,-0.042204857,0
-0.14205956,-1.5576763,2.6493986,-0.11527205,-0.60073793,0.7910921,0
-0.21356297,-2.0954442,2.0860209,-0.11527205,-0.60073793,0.7910921,0
-3.3160477,1.2185572,-1.425124,-0.99002928,0.13439213,-0.042204857,0
0.70880377,-0.80958205,1.7095628,0.08096236,0.78806949,0.61023962,0
-3.7051389,-0.79095197,1.1312048,-0.99002928,0.13439213,-0.042204857,0
-3.2643175,1.0999579,-0.99299622,-0.99002928,0.13439213,-0.042204857,0
3.2128737,-1.6381853,1.0606813,0.99002928,-0.13439213,0.042204857,0
-3.7563567,-1.0357114,1.8573444,-0.99002928,0.13439213,-0.042204857,0
-1.121079,2.3695302,-2.2089007,0.11527205,0.60073793,-0.7910921,0
2.2237227,1.9599061,-2.0641556,0.11527205,0.60073793,-0.7910921,0
-3.3373725,0.21914142,-0.50346923,-0.08096236,-0.78806949,-0.61023962,0
2.6693745,1.5860784,-2.1020846,0.11527205,0.60073793,-0.7910921,0
3.4832168,-0.12341702,-0.58691907,0.99002928,-0.13439213,0.042204857,0
-3.2548943,1.6362742,-1.4284898,-0.99002928,0.13439213,-0.042204857,0
-0.00087308884,-1.3730186,2.640332,-0.11527205,-0.60073793,0.7910921,0
-0.2875756,-0.7638948,1.6863146,0.08096236,0.78806949,0.61023962,0
3.7733886,0.82459259,-2.0956941,0.99002928,-0.13439213,0.042204857,0
3.8365092,1.5091599,-1.7641592,0.99002928,-0.13439213,0.042204857,0
1.8227372,-2.2345157,2.4045308,-0.11527205,-0.60073793,0.7910921,0
-0.86036205,0.89548844,-0.21024865,0.08096236,0.78806949,0.61023962,0
-0.91873562,0.79300064,-1.5754597,-0.08096236,-0.78806949,-0.61023962,0
-1.0586927,-1.1778002,2.4174235,0.08096236,0.78806949,0.61023962,0
-0.46380377,2.2641668,-2.2311685,0.11527205,0.60073793,-0.7910921,0
1.5576596,-2.1239536,2.4230494,-0.11527205,-0.60073793,0.7910921,0
-1.3885874,2.1724405,-2.4077015,0.11527205,0.60073793,-0.7910921,0
-3.6203976,-1.0651053,0.968894,-0.99002928,0.13439213,-0.042204857,0
3.1362834,-0.59795398,1.3158647,0.08096236,0.78806949,0.61023962,0
-3.3383384,1.4611748,-1.8886691,-0.99002928,0.13439213,-0.042204857,0
3.8552873,0.95895076,-2.1271956,0.99002928,-0.13439213,0.042204857,0
-0.10041666,1.8112655,-2.431437,0.11527205,0.60073793,-0.7910921,0
3.4033318,-0.621795,0.47241616,0.99002928,-0.13439213,0.042204857,0
-3.2957854,1.9833195,-1.2140768,-0.99002928,0.13439213,-0.042204857,0
-1.9772766,-1.5097202,2.3745277,-0.11527205,-0.60073793,0.7910921,0
1.1195734,1.5831089,-2.4604013,0.11527205,0.60073793,-0.7910921,0
3.6197944,0.21145761,-1.2419946,0.99002928,-0.13439213,0.042204857,0
-2.5006881,1.8750155,-2.6724572,0.11527205,0.60073793,-0.7910921,0
-2.9388697,2.5345776,-2.3898199,0.11527205,0.60073793,-0.7910921,0
-0.70796275,-1.4515001,2.5833187,-0.11527205,-0.60073793,0.7910921,0
3.2785263,0.56645566,-0.40880084,0.08096236,0.78806949,0.61023962,0
-1.964344,2.4034684,-2.2115843,0.11527205,0.60073793,-0.7910921,0
2.0167713,-1.9220763,2.5670066,-0.11527205,-0.60073793,0.7910921,0
-2.1839974,1.7020545,-2.6185708,-0.08096236,-0.78806949,-0.61023962,0
0.55273139,0.64179558,-0.20659363,0.08096236,0.78806949,0.61023962,0
0.60930824,1.3429227,-2.5578599,0.11527205,0.60073793,-0.7910921,0
-1.507988,0.63150769,0.30687273,0.08096236,0.78806949,0.61023962,0
-1.2198187,0.20972343,-0.97088468,-0.08096236,-0.78806949,-0.61023962,0
-1.5093378,-0.25822151,1.2485884,0.08096236,0.78806949,0.61023962,0
3.774199,0.7405535,-2.1264439,0.99002928,-0.13439213,0.042204857,0
3.185328,-1.7742854,1.4927412,0.99002928,-0.13439213,0.042204857,0
3.3876576,-1.5129173,0.92662644,0.99002928,-0.13439213,0.042204857,0
-1.336587,-1.8770016,2.2094784,-0.11527205,-0.60073793,0.7910921,0
-3.2606797,1.4980421,-1.6533235,-0.99002928,0.13439213,-0.042204857,0
0.76639533,1.9030861,-2.2267125,0.11527205,0.60073793,-0.7910921,0
-2.8858776,-1.3162434,2.4832301,-0.11527205,-0.60073793,0.7910921,0
0.61922741,-2.1567364,2.12082,-0.11527205,-0.60073793,0.7910921,0
-2.209136,0.96869326,-0.0066988468,0.08096236,0.78806949,0.61023962,0
2.4227343,-1.7994499,2.9051142,-0.11527205,-0.60073793,0.7910921,0
-3.7041554,-0.69122207,1.7853019,-0.99002928,0.13439213,-0.042204857,0
2.8737531,1.2815528,-2.4004648,0.11527205,0.60073793,-0.7910921,0
1.9363122,-1.9565907,1.3328831,-0.08096236,-0.78806949,-0.61023962,0
-1.1829422,-1.9386683,2.188077,-0.11527205,-0.60073793,0.7910921,0
3.5099497,-0.44643748,0.13009262,0.99002928,-0.13439213,0.042204857,0
0.93930745,2.1948333,-2.0110719,0.11527205,0.60073793,-0.7910921,0
1.4997385,0.26272058,0.13274443,0.08096236,0.78806949,0.61023962,0
3.4883585,0.23793447,-0.25342345,0.99002928,-0.13439213,0.042204857,0
-3.8916335,-1.4783037,1.7284257,-0.99002928,0.13439213,-0.042204857,0
0.2164607,-2.2054067,2.210577,-0.11527205,-0.60073793,0.7910921,0
-3.1034155,-1.2461755,2.2769105,-0.11527205,-0.60073793,0.7910921,0
0.81834877,-1.0053144,0.40243161,-0.08096236,-0.78806949,-0.61023962,0
-3.2065415,1.7419379,-2.5888526,-0.99002928,0.13439213,-0.042204857,0
-1.3127337,-1.9902179,2.0312567,-0.11527205,-0.60073793,0.7910921,0
3.0335546,-2.4024873,1.9997133,0.99002928,-0.13439213,0.042204857,0
3.6673698,1.1207334,-1.5828409,0.99002928,-0.13439213,0.042204857,0
3.549439,0.28778362,-1.3209746,0.99002928,-0.13439213,0.042204857,0
-2.1507103,1.4054626,-2.3173578,-0.08096236,-0.78806949,-0.61023962,0
0.69876814,1.6392105,-2.4959571,0.11527205,0.60073793,-0.7910921,0
-2.5806706,-1.3528414,2.299557,-0.11527205,-0.60073793,0.7910921,0
2.7614334,-2.1833267,2.5502467,-0.11527205,-0.60073793,0.7910921,0
-1.5721614,-1.8722442,1.6662024,-0.08096236,-0.78806949,-0.61023962,0
-0.57017952,0.52806926,0.36297867,0.08096236,0.78806949,0.61023962,0
-3.7924747,-1.3639042,2.2121747,-0.99002928,0.13439213,-0.042204857,0
-3.4792087,0.69964886,0.29813981,-0.99002928,0.13439213,-0.042204857,0
1.6821477,-2.1320553,1.7282672,-0.08096236,-0.78806949,-0.61023962,0
-3.196491,2.1979961,-2.0947797,-0.99002928,0.13439213,-0.042204857,0
2.2056746,1.3768581,-2.5164025,0.11527205,0.60073793,-0.7910921,0
1.9487863,-0.17657602,0.83020186,0.08096236,0.78806949,0.61023962,0
1.2626035,1.7953603,-2.3362269,0.11527205,0.60073793,-0.7910921,0
-2.0061288,-0.49009138,0.052334785,-0.08096236,-0.78806949,-0.61023962,0
1.9055705,1.5668344,-2.4475598,0.11527205,0.60073793,-0.7910921,0
2.6635253,-1.2669766,1.9425771,0.08096236,0.78806949,0.61023962,0
2.8380859,1.1095916,-2.5022805,0.11527205,0.60073793,-0.7910921,0
0.55526924,-2.0062671,2.3134546,-0.11527205,-0.60073793,0.7910921,0
1.8487978,-1.9377615,2.692867,-0.11527205,-0.60073793,0.7910921,0
-3.2866306,1.8964314,-1.2424099,-0.99002928,0.13439213,-0.042204857,0
-3.6136258,-1.347365,2.2042601,-0.11527205,-0.60073793,0.7910921,0
3.5056281,-0.29914749,-0.67270112,0.99002928,-0.13439213,0.042204857,0
3.2681835,-1.6121716,0.96456385,-0.08096236,-0.78806949,-0.61023962,0
2.8973293,-1.0173846,1.6904681,0.08096236,0.78806949,0.61023962,0
1.4904598,0.2535311,-1.3649269,-0.08096236,-0.78806949,-0.61023962,0
-0.16230249,1.5473213,-2.7307796,0.11527205,0.60073793,-0.7910921,0
3.1283703,-1.9856831,2.4395604,0.99002928,-0.13439213,0.042204857,0
3.6173694,0.84370464,-0.89388824,0.99002928,-0.13439213,0.042204857,0
3.6478305,0.21003866,-1.4953902,0.99002928,-0.13439213,0.042204857,0
2.4148176,-0.58017945,-0.35087919,-0.08096236,-0.78806949,-0.61023962,0
-0.25216341,1.8552251,-2.3743293,0.11527205,0.60073793,-0.7910921,0
1.2036743,-1.7958045,1.1981558,-0.08096236,-0.78806949,-0.61023962,0
3.4055676,-0.23086137,0.12844443,0.99002928,-0.13439213,0.042204857,0
-1.445711,0.6626454,-1.4706247,-0.08096236,-0.78806949,-0.61023962,0
3.7781568,0.9350574,-1.4999216,0.99002928,-0.13439213,0.042204857,0
-1.9381073,-1.0141581,0.77527142,-0.08096236,-0.78806949,-0.61023962,0
1.5311584,1.9724647,-1.7713532,0.08096236,0.78806949,0.61023962,0
-2.6570373,2.296737,-2.3590198,0.11527205,0.60073793,-0.7910921,0
-0.6021775,1.6749794,-1.3034014,0.08096236,0.78806949,0.61023962,0
2.954982,-1.3743672,0.54844403,-0.08096236,-0.78806949,-0.61023962,0
-2.7537043,-1.7512352,2.0327525,-0.11527205,-0.60073793,0.7910921,0
1.2232037,1.9989749,-1.8267032,0.08096236,0.78806949,0.61023962,0
3.0767777,-0.30433843,0.84314084,0.08096236,0.78806949,0.61023962,0
2.4464934,1.8206568,-2.1654634,0.11527205,0.60073793,-0.7910921,0
-2.7616813,1.2899292,-0.55551362,0.08096236,0.78806949,0.61023962,0
-0.64390087,-2.0152998,2.1446426,-0.11527205,-0.60073793,0.7910921,0
-3.4919288,0.75228834,0.23741579,-0.99002928,0.13439213,-0.042204857,0
2.0216603,-1.5286291,2.5086727,0.08096236,0.78806949,0.61023962,0
3.7037141,0.52318352,-1.006351,0.99002928,-0.13439213,0.042204857,0
-2.3588347,2.0343966,-1.3349917,0.08096236,0.78806949,0.61023962,0
3.7103133,0.20236182,-1.167557,0.99002928,-0.13439213,0.042204857,0
-0.23287106,-1.8691158,2.2824712,-0.11527205,-0.60073793,0.7910921,0
2.7296948,-0.68986702,-0.33923745,-0.08096236,-0.78806949,-0.61023962,0
3.6089652,-0.27068996,-0.28445482,0.99002928,-0.13439213,0.042204857,0
-2.0164461,2.414211,-1.9057328,0.08096236,0.78806949,0.61023962,0
-0.64766169,-0.64500552,1.8981996,0.08096236,0.78806949,0.61023962,0
2.0996432,1.7205286,-2.0629635,0.11527205,0.60073793,-0.7910921,0
-0.46875215,-1.4452963,2.7031262,-0.11527205,-0.60073793,0.7910921,0
0.21035933,-1.4697634,2.8187056,-0.11527205,-0.60073793,0.7910921,0
3.2634773,-1.8476815,1.6558244,0.99002928,-0.13439213,0.042204857,0
0.45759565,-0.6623975,-0.1882275,-0.08096236,-0.78806949,-0.61023962,0
2.51196,1.5433263,-2.2294061,0.11527205,0.60073793,-0.7910921,0
-0.47512913,2.1635408,-2.3200479,0.11527205,0.60073793,-0.7910921,0
2.4893217,1.5976303,-2.1386492,0.11527205,0.60073793,-0.7910921,0
1.0715016,-1.7143792,2.527709,-0.11527205,-0.60073793,0.7910921,0
3.4973333,-0.481013,1.0293875,0.08096236,0.78806949,0.61023962,0
-3.1707416,1.6092455,-1.6674869,-0.99002928,0.13439213,-0.042204857,0
-2.4840198,-1.4060726,2.3491366,-0.11527205,-0.60073793,0.7910921,0
0.95423722,-2.094754,2.2224019,-0.11527205,-0.60073793,0.7910921,0
-1.8624861,-1.7937186,1.5956299,-0.08096236,-0.78806949,-0.61023962,0
-1.3942331,1.978676,-2.6075971,0.11527205,0.60073793,-0.7910921,0
2.1666708,1.9014223,-2.0343311,0.11527205,0.60073793,-0.7910921,0
3.1151042,1.1767685,-2.4297187,0.11527205,0.60073793,-0.7910921,0
-2.4197385,2.1373675,-2.5006008,0.11527205,0.60073793,-0.7910921,0
-3.4273105,0.69265646,-0.34999275,-0.99002928,0.13439213,-0.042204857,0
-1.611044,2.2489984,-1.7445142,0.08096236,0.78806949,0.61023962,0
-3.2867398,1.8967228,-1.7618493,-0.99002928,0.13439213,-0.042204857,0
-3.219481,1.8843187,-2.7319922,-0.99002928,0.13439213,-0.042204857,0
1.6784084,-0.31846476,-0.47878039,-0.08096236,-0.78806949,-0.61023962,0
3.4036775,-1.1558145,0.63437223,0.99002928,-0.13439213,0.042204857,0
2.0265918,-1.8537364,2.7798405,-0.11527205,-0.60073793,0.7910921,0
-2.3877244,2.5001478,-2.2377079,0.11527205,0.60073793,-0.7910921,0
1.5090411,-1.1466545,2.1330898,0.08096236,0.78806949,0.61023962,0
2.3461897,1.704684,-2.1572731,0.11527205,0.60073793,-0.7910921,0
-0.5519712,-2.0006855,1.9543684,-0.08096236,-0.78806949,-0.61023962,0
-3.5632908,-1.6049278,1.9599085,-0.11527205,-0.60073793,0.7910921,0
2.9512229,-1.4598955,2.3379016,0.08096236,0.78806949,0.61023962,0
-3.1109006,2.4971893,-2.1309767,-0.99002928,0.13439213,-0.042204857,0
3.4947176,-0.043362975,-0.97837949,0.99002928,-0.13439213,0.042204857,0
3.3978965,-0.3606739,0.80793118,0.99002928,-0.13439213,0.042204857,0
-2.72017,2.3168466,-2.5439911,0.11527205,0.60073793,-0.7910921,0
0.94073963,-1.0877302,0.3661437,-0.08096236,-0.78806949,-0.61023962,0
-3.5209255,0.15442431,0.94815946,-0.99002928,0.13439213,-0.042204857,0
-3.3203163,0.80838865,-1.2311971,-0.99002928,0.13439213,-0.042204857,0
-1.0831805,-0.052826345,0.97249949,0.08096236,0.78806949,0.61023962,0
2.8191886,-0.79365182,1.3908874,0.08096236,0.78806949,0.61023962,0
-2.6447561,0.36237335,0.71644282,0.08096236,0.78806949,0.61023962,0
0.3587923,-1.9247015,2.3860526,-0.11527205,-0.60073793,0.7910921,0
-2.0204332,-1.3293102,2.3989949,-0.11527205,-0.60073793,0.7910921,0
3.7251935,0.5093348,-2.0268981,0.99002928,-0.13439213,0.042204857,0
-3.5654273,0.41664696,0.17937994,-0.99002928,0.13439213,-0.042204857,0
3.696286,1.0004181,-2.1046729,0.99002928,-0.13439213,0.042204857,0
1.5794833,1.4316295,-2.4096909,0.11527205,0.60073793,-0.7910921,0
0.19430991,-0.3191821,-0.46515357,-0.08096236,-0.78806949,-0.61023962,0
-1.846987,-1.6188021,2.2387168,-0.11527205,-0.60073793,0.7910921,0
0.64509726,1.820245,-2.3618169,0.11527205,0.60073793,-0.7910921,0
-3.337548,1.4392492,-0.65143776,-0.99002928,0.13439213,-0.042204857,0
-2.9132829,-1.6266561,2.0107758,-0.11527205,-0.60073793,0.7910921,0
-3.321712,1.1557641,-1.5353163,-0.99002928,0.13439213,-0.042204857,0
2.9046507,-2.2400069,2.4628658,-0.11527205,-0.60073793,0.7910921,0
-1.8777496,-0.085084677,1.332827,0.08096236,0.78806949,0.61023962,0
2.2671225,1.5260531,-2.234302,0.11527205,0.60073793,-0.7910921,0
-1.8824897,1.7078922,-2.8252344,0.11527205,0.60073793,-0.7910921,0
3.1647739,-0.011780143,-1.1148667,-0.08096236,-0.78806949,-0.61023962,0
0.41630101,-1.7160051,2.6668081,-0.11527205,-0.60073793,0.7910921,0
-2.680311,1.9308399,-2.6058059,0.11527205,0.60073793,-0.7910921,0
0.46168602,0.23268008,-1.0540067,-0.08096236,-0.78806949,-0.61023962,0
-2.586822,1.6110306,-0.93042588,0.08096236,0.78806949,0.61023962,0
-0.82030511,0.70140809,-1.7043455,-0.08096236,-0.78806949,-0.61023962,0
3.207886,-1.600352,1.2048059,0.99002928,-0.13439213,0.042204857,0
2.9901261,-2.1839621,2.5929694,-0.11527205,-0.60073793,0.7910921,0
-3.7579432,-0.71206719,0.63761592,-0.99002928,0.13439213,-0.042204857,0
-1.4538627,0.87212694,-0.0043426752,0.08096236,0.78806949,0.61023962,0
-3.3094935,-0.33826345,0.21811318,-0.08096236,-0.78806949,-0.61023962,0
-3.5340357,0.28282237,-0.069844484,-0.99002928,0.13439213,-0.042204857,0
1.1570132,-1.7995653,2.5707479,-0.11527205,-0.60073793,0.7910921,0
3.4743581,-0.78424764,-0.061699152,0.99002928,-0.13439213,0.042204857,0
-3.2558975,1.8654126,-1.4831756,-0.99002928,0.13439213,-0.042204857,0
-3.3190351,0.62880874,-1.0134199,-0.99002928,0.13439213,-0.042204857,0
-0.61157537,-1.9326967,2.1975029,-0.11527205,-0.60073793,0.7910921,0
-1.0963372,-0.18621361,-0.55708712,-0.08096236,-0.78806949,-0.61023962,0
0.65523469,-1.7612249,1.3007411,-0.08096236,-0.78806949,-0.61023962,0
-3.5577652,0.12636948,0.09511447,-0.99002928,0.13439213,-0.042204857,0
1.2315822,-0.41776195,1.1450802,0.08096236,0.78806949,0.61023962,0
1.9513373,-2.1443176,2.5244889,-0.11527205,-0.60073793,0.7910921,0
-0.8533814,1.9896374,-2.4525514,0.11527205,0.60073793,-0.7910921,0
-2.83429,1.6514618,-0.95816112,0.08096236,0.78806949,0.61023962,0
-1.2744573,-0.44353211,-0.14777541,-0.08096236,-0.78806949,-0.61023962,0
1.7972332,0.57334769,-1.8231251,-0.08096236,-0.78806949,-0.61023962,0
3.1683319,-2.2647047,1.9066921,0.99002928,-0.13439213,0.042204857,0
-2.7611439,2.0652347,-2.7285364,0.11527205,0.60073793,-0.7910921,0
3.5774567,0.041008472,0.064079046,0.99002928,-0.13439213,0.042204857,0
-1.8812845,-1.1503794,2.6347833,-0.11527205,-0.60073793,0.7910921,0
3.537266,-0.21825576,0.35084271,0.99002928,-0.13439213,0.042204857,0
0.83235329,-0.30668193,1.0867249,0.08096236,0.78806949,0.61023962,0
-3.6511483,-1.1464765,2.2943366,-0.11527205,-0.60073793,0.7910921,0
-0.77187204,-1.8046436,2.2106655,-0.11527205,-0.60073793,0.7910921,0
3.024956,-1.994489,2.6079333,-0.11527205,-0.60073793,0.7910921,0
3.6190889,0.62167335,-1.4436204,0.99002928,-0.13439213,0.042204857,0
3.695117,0.69284093,-1.9834869,0.99002928,-0.13439213,0.042204857,0
3.2586555,-1.2626017,0.74242806,0.99002928,-0.13439213,0.042204857,0
3.3484483,-1.6967571,1.0468447,0.99002928,-0.13439213,0.042204857,0
3.4425223,-0.79333997,1.0850186,0.99002928,-0.13439213,0.042204857,0
3.1517565,-1.9305828,1.1071191,-0.08096236,-0.78806949,-0.61023962,0
0.49311566,1.5530205,-2.6617103,0.11527205,0.60073793,-0.7910921,0
3.58161,0.039753079,-0.85028505,0.99002928,-0.13439213,0.042204857,0
-1.9501638,-1.2223164,2.4901218,-0.11527205,-0.60073793,0.7910921,0
3.3026319,-1.4854985,0.83843374,0.99002928,-0.13439213,0.042204857,0
-1.8510823,-1.3859115,2.3473697,-0.11527205,-0.60073793,0.7910921,0
-3.0227847,-1.4975294,2.3381588,-0.11527205,-0.60073793,0.7910921,0
-3.8852334,-1.4017829,1.8485556,-0.99002928,0.13439213,-0.042204857,0
3.5884411,0.12140173,-0.17824697,0.99002928,-0.13439213,0.042204857,0
-1.1270914,0.056774557,0.78495407,0.08096236,0.78806949,0.61023962,0
0.97567606,-1.9119737,1.3972543,-0.08096236,-0.78806949,-0.61023962,0
-0.11242759,0.2477659,-1.0647482,-0.08096236,-0.78806949,-0.61023962,0
3.4140279,-0.41030085,-0.58274388,0.99002928,-0.13439213,0.042204857,0
-0.41785926,-0.75221545,0.28522274,-0.08096236,-0.78806949,-0.61023962,0
1.0364718,2.0672958,-2.0820932,0.11527205,0.60073793,-0.7910921,0
-1.6592126,-0.84047663,0.62383914,-0.08096236,-0.78806949,-0.61023962,0
-0.12876093,-1.1629528,0.72139156,-0.08096236,-0.78806949,-0.61023962,0
3.3225718,-1.1211674,1.3350213,0.99002928,-0.13439213,0.042204857,0
3.7425625,1.2555176,-1.4938269,0.99002928,-0.13439213,0.042204857,0
-0.93620908,-0.94308937,0.6410383,-0.08096236,-0.78806949,-0.61023962,0
3.2122691,-2.1621585,2.0644622,0.99002928,-0.13439213,0.042204857,0
0.33012247,1.5316393,-2.617522,0.11527205,0.60073793,-0.7910921,0
1.2632263,1.5360166,-2.4668269,0.11527205,0.60073793,-0.7910921,0
0.98816276,1.5893734,-2.3180439,0.11527205,0.60073793,-0.7910921,0
2.9559069,1.6641228,-2.0324779,0.11527205,0.60073793,-0.7910921,0
2.5162935,-2.2312224,2.4589875,-0.11527205,-0.60073793,0.7910921,0
3.8097653,1.0996439,-1.2776093,0.99002928,-0.13439213,0.042204857,0
-0.22168016,-1.8619003,2.2991428,-0.11527205,-0.60073793,0.7910921,0
0.33314991,-2.1770821,1.8038057,-0.08096236,-0.78806949,-0.61023962,0
3.6837833,0.14843202,-0.91978073,0.99002928,-0.13439213,0.042204857,0
-0.032921314,-2.0534499,2.1951957,-0.11527205,-0.60073793,0.7910921,0
-3.56077,-0.1391885,-0.047205925,-0.99002928,0.13439213,-0.042204857,0
-2.2605791,2.6114275,-2.19383,0.08096236,0.78806949,0.61023962,0
-2.3198144,1.239887,-2.1267667,-0.08096236,-0.78806949,-0.61023962,0
-0.61259937,1.0744562,-2.1539316,-0.08096236,-0.78806949,-0.61023962,0
-1.3981422,1.513027,-2.5571856,-0.08096236,-0.78806949,-0.61023962,0
-2.2855511,2.2771297,-1.9275434,0.08096236,0.78806949,0.61023962,0
-0.63302851,-1.7900779,2.444798,-0.11527205,-0.60073793,0.7910921,0
2.5653186,-1.2020562,1.9718606,0.08096236,0.78806949,0.61023962,0
0.76538157,1.3460145,-2.5200663,-0.08096236,-0.78806949,-0.61023962,0
-3.1305425,2.2017708,-1.9777969,-0.99002928,0.13439213,-0.042204857,0
0.8336041,-2.2784855,2.0802953,-0.11527205,-0.60073793,0.7910921,0
3.5618949,1.6936393,-1.8629432,0.11527205,0.60073793,-0.7910921,0
-1.1300254,-1.3997663,2.6054182,-0.11527205,-0.60073793,0.7910921,0
-3.2945399,-1.5935333,2.1476753,-0.11527205,-0.60073793,0.7910921,0
-2.0317695,-1.5215198,2.2253294,-0.11527205,-0.60073793,0.7910921,0
2.1062841,-2.3889658,2.1250634,-0.08096236,-0.78806949,-0.61023962,0
-1.4834092,0.11907005,0.82729125,0.08096236,0.78806949,0.61023962,0
0.061748028,1.9908037,-2.2106364,0.11527205,0.60073793,-0.7910921,0
0.74361992,1.5523199,-1.3869967,0.08096236,0.78806949,0.61023962,0
3.3719137,-1.1306202,0.78213239,0.99002928,-0.13439213,0.042204857,0
0.88635337,0.85753047,-0.46301121,0.08096236,0.78806949,0.61023962,0
-1.6940632,-1.5963671,2.3420467,-0.11527205,-0.60073793,0.7910921,0
-1.7670245,-0.64349937,0.28444028,-0.08096236,-0.78806949,-0.61023962,0
-0.336411,0.79611486,-1.6730936,-0.08096236,-0.78806949,-0.61023962,0
3.1105919,1.2228246,-1.1668823,0.08096236,0.78806949,0.61023962,0
3.0464869,-1.4612623,0.59322906,-0.08096236,-0.78806949,-0.61023962,0
-2.8573728,-1.6769087,1.7295818,-0.08096236,-0.78806949,-0.61023962,0
-2.8581715,0.53297657,-1.1757237,-0.08096236,-0.78806949,-0.61023962,0
1.5060596,1.4448221,-2.506547,0.11527205,0.60073793,-0.7910921,0
-3.2703724,1.4140819,-2.0864353,-0.99002928,0.13439213,-0.042204857,0
-3.2496204,1.4016371,-0.80964017,-0.99002928,0.13439213,-0.042204857,0
1.9928503,1.1051531,-2.5046711,-0.08096236,-0.78806949,-0.61023962,0
0.31031859,-0.93799543,1.9904369,0.08096236,0.78806949,0.61023962,0
-3.800086,-1.3384629,2.2257411,-0.11527205,-0.60073793,0.7910921,0
0.32550979,-1.8904623,2.3330183,-0.11527205,-0.60073793,0.7910921,0
-0.6764195,1.9253826,-1.4842081,0.08096236,0.78806949,0.61023962,0
-2.3569727,-1.7613537,1.6628082,-0.08096236,-0.78806949,-0.61023962,0
-3.2956917,1.8270385,-1.9944366,-0.99002928,0.13439213,-0.042204857,0
-0.53158784,-1.7154076,2.3693459,-0.11527205,-0.60073793,0.7910921,0
1.9841639,1.3908591,-1.2027404,0.08096236,0.78806949,0.61023962,0
3.6657505,0.91076744,-2.2929902,0.99002928,-0.13439213,0.042204857,0
3.646204,-0.051376104,-1.2535806,0.99002928,-0.13439213,0.042204857,0
3.7196281,0.74651384,-2.090692,0.99002928,-0.13439213,0.042204857,0
2.3493145,-0.86738384,-0.12271833,-0.08096236,-0.78806949,-0.61023962,0
2.555676,-1.2383914,0.59115446,-0.08096236,-0.78806949,-0.61023962,0
3.4063618,-0.22367787,0.22058296,0.99002928,-0.13439213,0.042204857,0
3.6915865,0.346672,-0.67709565,0.99002928,-0.13439213,0.042204857,0
3.4171367,-0.56174552,-0.62666607,0.99002928,-0.13439213,0.042204857,0
3.5731616,0.033406615,-0.72531605,0.99002928,-0.13439213,0.042204857,0
3.4160118,-0.27084664,0.46580744,0.99002928,-0.13439213,0.042204857,0
1.4386564,0.32387018,-1.5166326,-0.08096236,-0.78806949,-0.61023962,0
-1.4715602,0.26997113,-1.1205802,-0.08096236,-0.78806949,-0.61023962,0
-2.1161549,0.41130751,-1.1417732,-0.08096236,-0.78806949,-0.61023962,0
-3.4645808,0.3729279,0.27228189,-0.99002928,0.13439213,-0.042204857,0
-1.8057935,1.9156055,-2.5634036,0.11527205,0.60073793,-0.7910921,0
2.7017574,-2.1861124,2.5289059,-0.11527205,-0.60073793,0.7910921,0
-3.4594495,-1.2726765,2.385824,-0.11527205,-0.60073793,0.7910921,0
-1.3269887,-1.9775257,2.1574891,-0.11527205,-0.60073793,0.7910921,0
-3.2100167,1.3829039,-1.5042893,-0.99002928,0.13439213,-0.042204857,0
-0.32816899,-1.0925739,0.67809415,-0.08096236,-0.78806949,-0.61023962,0
2.8267341,1.048173,-0.98097229,0.08096236,0.78806949,0.61023962,0
3.5922513,0.51053685,-1.3817787,0.99002928,-0.13439213,0.042204857,0
2.8872125,-0.76371062,-0.12847352,-0.08096236,-0.78806949,-0.61023962,0
-3.1359234,2.5870893,-2.1158476,-0.99002928,0.13439213,-0.042204857,0
-3.0115485,2.6814902,-2.0971379,0.11527205,0.60073793,-0.7910921,0
-3.6594841,-0.36228454,0.84805918,-0.99002928,0.13439213,-0.042204857,0
3.2942181,-1.2975825,1.3429403,0.99002928,-0.13439213,0.042204857,0
3.3308587,-0.99803174,0.14100337,0.99002928,-0.13439213,0.042204857,0
-1.9312108,0.60574925,-1.4478004,-0.08096236,-0.78806949,-0.61023962,0
-1.0020134,-1.3912133,2.5233877,-0.11527205,-0.60073793,0.7910921,0
-2.3100302,1.173627,-0.40430868,0.08096236,0.78806949,0.61023962,0
3.1537282,-1.9227837,2.3298318,0.99002928,-0.13439213,0.042204857,0
3.5578456,1.6845844,-1.6880569,0.08096236,0.78806949,0.61023962,0
0.47088647,-1.3765724,2.4139705,0.08096236,0.78806949,0.61023962,0
-3.1467395,1.8343195,-2.1236885,-0.99002928,0.13439213,-0.042204857,0
-2.2383394,1.8851671,-2.7617621,0.11527205,0.60073793,-0.7910921,0
1.1933494,1.4573597,-2.3897991,0.11527205,0.60073793,-0.7910921,0
0.35305166,-1.6449761,2.5546644,-0.11527205,-0.60073793,0.7910921,0
0.90984213,1.266282,-0.80454737,0.08096236,0.78806949,0.61023962,0
0.85282063,1.8102567,-2.3306303,0.11527205,0.60073793,-0.7910921,0
2.8472738,1.9185343,-1.9911206,0.11527205,0.60073793,-0.7910921,0
1.4614806,1.2116764,-2.655252,0.11527205,0.60073793,-0.7910921,0
3.5167744,0.10864043,-0.74535871,0.99002928,-0.13439213,0.042204857,0
-0.30675489,0.95430291,-0.41570193,0.08096236,0.78806949,0.61023962,0
2.6437182,-0.27380455,-0.88129473,-0.08096236,-0.78806949,-0.61023962,0
2.2657936,-0.93409342,1.8846781,0.08096236,0.78806949,0.61023962,0
-2.699697,1.9247437,-2.7618337,0.11527205,0.60073793,-0.7910921,0
-1.5606177,-1.539152,2.3382695,-0.11527205,-0.60073793,0.7910921,0
-1.1609656,0.6617074,0.15606284,0.08096236,0.78806949,0.61023962,0
-1.0411141,1.7590928,-2.6635423,0.11527205,0.60073793,-0.7910921,0
2.3252363,1.4571539,-2.2262805,0.11527205,0.60073793,-0.7910921,0
1.6008418,1.3681781,-2.6162858,0.11527205,0.60073793,-0.7910921,0
3.8548098,1.2872443,-2.2604971,0.99002928,-0.13439213,0.042204857,0
-3.5838888,-0.14347398,1.1110806,-0.99002928,0.13439213,-0.042204857,0
-3.2119162,2.2793274,-2.2365866,-0.99002928,0.13439213,-0.042204857,0
1.59919,1.6873333,-2.2273526,0.11527205,0.60073793,-0.7910921,0
-3.5365372,0.34761176,-0.58709621,-0.99002928,0.13439213,-0.042204857,0
3.3383107,-0.87624645,1.4080114,0.99002928,-0.13439213,0.042204857,0
3.5352247,-0.20544222,0.49184465,0.99002928,-0.13439213,0.042204857,0
2.0630791,1.2045419,-2.5008025,0.11527205,0.60073793,-0.7910921,0
-0.34634948,-1.9611115,2.2692986,-0.11527205,-0.60073793,0.7910921,0
-0.59431386,1.6966429,-2.6305616,0.11527205,0.60073793,-0.7910921,0
1.1123531,0.68318832,-0.14087653,0.08096236,0.78806949,0.61023962,0
3.1858985,-1.8203921,2.2357309,0.99002928,-0.13439213,0.042204857,0
-1.6560519,-1.3292549,2.5839672,-0.11527205,-0.60073793,0.7910921,0
1.8751998,-1.3066384,2.2680771,0.08096236,0.78806949,0.61023962,0
-3.0833521,-1.7601225,1.9996762,-0.11527205,-0.60073793,0.7910921,0
-3.5757809,-0.53447932,1.0490937,-0.99002928,0.13439213,-0.042204857,0
2.2500143,0.44246131,-0.075955868,0.08096236,0.78806949,0.61023962,0
-3.4193022,0.32890624,-0.31653523,-0.99002928,0.13439213,-0.042204857,0
1.0157185,-1.13721,2.279036,0.08096236,0.78806949,0.61023962,0
-2.4556258,1.7301948,-1.1575203,0.08096236,0.78806949,0.61023962,0
3.7635498,1.1389133,-1.3524208,0.99002928,-0.13439213,0.042204857,0
-3.8130898,-1.569235,1.8712378,-0.99002928,0.13439213,-0.042204857,0
3.3913102,-0.36797804,0.78795815,0.99002928,-0.13439213,0.042204857,0
-3.3814125,1.4001136,-0.55683804,-0.99002928,0.13439213,-0.042204857,0
-0.26033187,1.1581419,-2.1800442,-0.08096236,-0.78806949,-0.61023962,0
3.481046,-0.23165458,0.25228953,0.99002928,-0.13439213,0.042204857,0
3.6798878,0.71512347,-1.3540032,0.99002928,-0.13439213,0.042204857,0
3.1997278,-1.610594,2.3427536,0.99002928,-0.13439213,0.042204857,0
-3.4784768,-0.14195722,0.040898561,-0.99002928,0.13439213,-0.042204857,0
2.9188519,-2.2510104,2.4888945,-0.11527205,-0.60073793,0.7910921,0
1.223039,0.6888603,-0.28170598,0.08096236,0.78806949,0.61023962,0
-3.3652678,0.59143019,0.16319585,-0.99002928,0.13439213,-0.042204857,0
3.264461,-1.8959632,1.4387344,0.99002928,-0.13439213,0.042204857,0
-0.94221973,2.3336191,-2.1979058,0.11527205,0.60073793,-0.7910921,0
2.2972524,-1.6893694,1.1524056,-0.08096236,-0.78806949,-0.61023962,0
3.2091713,-1.4290897,1.3960891,0.99002928,-0.13439213,0.042204857,0
0.79562473,-1.175072,2.2012095,0.08096236,0.78806949,0.61023962,0
3.2127652,-1.634146,0.93861794,0.99002928,-0.13439213,0.042204857,0
-1.6990652,2.0940027,-2.5106797,0.11527205,0.60073793,-0.7910921,0
2.3987741,1.8834738,-1.8426311,0.08096236,0.78806949,0.61023962,0
-3.5736592,-0.12647611,0.098979235,-0.99002928,0.13439213,-0.042204857,0
3.3708973,-1.2939433,1.6562008,0.99002928,-0.13439213,0.042204857,0
3.4974713,-0.3956852,-0.2295804,0.99002928,-0.13439213,0.042204857,0
3.793246,1.24808,-2.3654017,0.11527205,0.60073793,-0.7910921,0
2.1928549,0.44056332,-0.15513206,0.08096236,0.78806949,0.61023962,0
1.1052096,0.49742907,0.035218596,0.08096236,0.78806949,0.61023962,0
-3.0490639,0.096787691,1.0811982,0.08096236,0.78806949,0.61023962,0
