-3.7960467,1.3029327,-1.4963253,-0.95216334,-0.06665498,-0.29823124,0
-2.7443981,-3.2619121,-0.94135857,0.01626271,-0.98559159,0.16835865,0
-1.2441828,3.04526,-0.42556453,-0.01626271,0.98559159,-0.16835865,0
-3.998405,-0.1084125,-0.83816481,-0.95216334,-0.06665498,-0.29823124,0
-3.6972034,-2.4373548,-1.2792382,-0.95216334,-0.06665498,-0.29823124,0
3.1447735,-0.81980729,1.780875,-0.30515617,0.15545499,0.93952829,0
3.7836196,-2.5899301,1.7533057,0.95216334,0.06665498,0.29823124,0
-1.2967479,-3.0562763,0.48752189,0.01626271,-0.98559159,0.16835865,0
-1.6970888,-3.1432395,-0.48652554,0.01626271,-0.98559159,0.16835865,0
0.21499372,0.24781907,-0.46926141,0.30515617,-0.15545499,-0.93952829,0
-2.6934073,-3.1333251,-0.66044998,0.01626271,-0.98559159,0.16835865,0
-2.2503169,-1.3536562,-0.077708006,-0.30515617,0.15545499,0.93952829,0
3.8228266,1.6305134,0.51405096,0.95216334,0.06665498,0.29823124,0
2.6859632,-1.0874001,1.5127215,-0.30515617,0.15545499,0.93952829,0
3.7508235,0.66916549,1.3747945,0.95216334,0.06665498,0.29823124,0
3.6920888,-1.6016498,1.6968043,0.95216334,0.06665498,0.29823124,0
3.78232,-0.93229818,1.4357212,0.95216334,0.06665498,0.29823124,0
-2.9595356,2.2167113,-1.8014219,0.30515617,-0.15545499,-0.93952829,0
-2.105443,-1.5449536,0.10331249,-0.30515617,0.15545499,0.93952829,0
1.4870839,-2.0349886,0.3359507,0.30515617,-0.15545499,-0.93952829,0
-2.5856907,-1.6397961,-1.0726149,0.30515617,-0.15545499,-0.93952829,0
3.7548943,1.3789133,1.08395,0.95216334,0.06665498,0.29823124,0
-3.8156528,-0.63761425,-1.0113859,-0.95216334,-0.06665498,-0.29823124,0
2.7757726,0.23499393,0.33911419,0.30515617,-0.15545499,-0.93952829,0
-0.22477221,3.0816808,-0.096449494,-0.01626271,0.98559159,-0.16835865,0
-3.6196887,-3.1719799,-0.86052465,0.01626271,-0.98559159,0.16835865,0
-3.2301381,-3.1953459,-0.60850859,0.01626271,-0.98559159,0.16835865,0
1.4417305,1.8679726,0.66939354,-0.30515617,0.15545499,0.93952829,0
1.8672258,-0.5443272,0.18006778,0.30515617,-0.15545499,-0.93952829,0
-1.5735364,0.31927603,0.0030350685,-0.30515617,0.15545499,0.93952829,0
-3.2762284,-3.1413908,-0.19327497,0.01626271,-0.98559159,0.16835865,0
-1.0534961,-2.8725615,0.62752223,0.01626271,-0.98559159,0.16835865,0
-3.8099997,0.050332785,-1.0392702,-0.95216334,-0.06665498,-0.29823124,0
-1.9430188,-3.1047173,-0.57817769,0.01626271,-0.98559159,0.16835865,0
-2.2010002,2.1311965,-1.6166689,0.30515617,-0.15545499,-0.93952829,0
0.64171004,3.1568196,0.21061802,-0.01626271,0.98559159,-0.16835865,0
0.52877319,-1.0072081,0.93554282,-0.30515617,0.15545499,0.93952829,0
1.4319003,-2.8205075,1.0864567,0.01626271,-0.98559159,0.16835865,0
-3.8795242,-0.69359481,-1.0725908,-0.95216334,-0.06665498,-0.29823124,0
-3.0646396,2.7656932,-1.2781527,-0.01626271,0.98559159,-0.16835865,0
1.3708951,3.099149,0.079004526,-0.01626271,0.98559159,-0.16835865,0
-0.15880489,-2.9736223,0.11061215,0.01626271,-0.98559159,0.16835865,0
3.6935363,-2.449662,2.069823,0.95216334,0.06665498,0.29823124,0
2.1345229,3.0139289,-0.36088514,0.30515617,-0.15545499,-0.93952829,0
-3.9970014,2.0322638,-1.4358916,-0.95216334,-0.06665498,-0.29823124,0
-0.67780721,-1.1298668,0.41303337,-0.30515617,0.15545499,0.93952829,0
-0.62251687,-2.8448083,0.65272927,0.01626271,-0.98559159,0.16835865,0
-2.5510044,-3.1436963,-0.54909658,0.01626271,-0.98559159,0.16835865,0
-3.7903657,0.05539465,-1.428766,-0.95216334,-0.06665498,-0.29823124,0
3.7419281,-2.1622739,1.9724584,0.95216334,0.06665498,0.29823124,0
3.9134011,1.5961864,0.7278161,0.95216334,0.06665498,0.29823124,0
2.4569492,3.1538749,0.1341095,-0.01626271,0.98559159,-0.16835865,0
-0.72761965,3.039484,-0.53840792,-0.01626271,0.98559159,-0.16835865,0
-1.5574721,2.5647695,-0.45092833,-0.30515617,0.15545499,0.93952829,0
1.1654172,0.4918943,-0.2998817,0.30515617,-0.15545499,-0.93952829,0
-0.70750713,-2.9491158,0.74436569,0.01626271,-0.98559159,0.16835865,0
-2.7455375,2.7764583,-1.8535542,-0.01626271,0.98559159,-0.16835865,0
3.5346847,-2.8073907,1.5952932,0.01626271,-0.98559159,0.16835865,0
2.1375983,3.0748687,0.42374444,-0.01626271,0.98559159,-0.16835865,0
-2.7673116,-0.11244792,-0.35316062,-0.30515617,0.15545499,0.93952829,0
3.474215,-2.661622,2.0238516,0.01626271,-0.98559159,0.16835865,0
-3.853303,0.34348869,-1.3775327,-0.95216334,-0.06665498,-0.29823124,0
3.8409107,-1.4407402,1.2947803,0.95216334,0.06665498,0.29823124,0
-3.8549268,-2.9533496,-0.66437149,-0.95216334,-0.06665498,-0.29823124,0
-3.8649418,1.5808452,-1.625567,-0.95216334,-0.06665498,-0.29823124,0
3.8276825,-1.9921916,1.8082027,0.95216334,0.06665498,0.29823124,0
-0.93474317,2.8366141,-0.65009385,-0.01626271,0.98559159,-0.16835865,0
-2.6253343,2.7324777,-1.0322983,-0.01626271,0.98559159,-0.16835865,0
-0.039981246,-0.56919718,-0.50531,0.30515617,-0.15545499,-0.93952829,0
3.8132,1.1239028,1.0465961,0.95216334,0.06665498,0.29823124,0
1.500506,0.84407157,-0.2056241,0.30515617,-0.15545499,-0.93952829,0
3.75859,-1.8471068,1.4937344,0.95216334,0.06665498,0.29823124,0
-2.3951697,0.14514601,-1.3599331,0.30515617,-0.15545499,-0.93952829,0
-0.2887342,2.2369289,-1.0307128,0.30515617,-0.15545499,-0.93952829,0
2.7933326,0.6354484,0.33376479,0.30515617,-0.15545499,-0.93952829,0
-2.6355104,2.9025252,-0.73071516,-0.01626271,0.98559159,-0.16835865,0
3.3765595,-2.8124051,1.1562413,0.01626271,-0.98559159,0.16835865,0
-3.7258017,-1.1525406,-1.3402886,-0.95216334,-0.06665498,-0.29823124,0
-1.6881492,-0.15425798,-0.042089581,-0.30515617,0.15545499,0.93952829,0
0.4684422,-3.0408778,0.41480535,0.01626271,-0.98559159,0.16835865,0
2.0644197,3.0900807,-0.31626296,-0.01626271,0.98559159,-0.16835865,0
4.0177178,-0.48826945,1.0089102,0.95216334,0.06665498,0.29823124,0
-1.4554384,-3.0175548,0.3246429,0.01626271,-0.98559159,0.16835865,0
-3.8296218,-1.1578161,-1.0758839,-0.95216334,-0.06665498,-0.29823124,0
3.3029037,-2.7529485,1.233422,0.01626271,-0.98559159,0.16835865,0
2.3034279,0.10273576,1.3031449,-0.30515617,0.15545499,0.93952829,0
2.2532809,-2.8207021,0.7685526,0.01626271,-0.98559159,0.16835865,0
1.8272513,-2.0497637,0.37126708,0.30515617,-0.15545499,-0.93952829,0
2.5802879,0.063667178,0.26759291,0.30515617,-0.15545499,-0.93952829,0
3.7218876,1.528044,0.45705605,0.30515617,-0.15545499,-0.93952829,0
-1.4356353,1.0560889,-1.2431289,0.30515617,-0.15545499,-0.93952829,0
0.34308565,1.7408782,-0.72324479,0.30515617,-0.15545499,-0.93952829,0
-2.9471388,-1.1651145,-0.20475268,-0.30515617,0.15545499,0.93952829,0
-1.6704762,-0.38324594,-0.92975819,0.30515617,-0.15545499,-0.93952829,0
0.68867564,3.0727637,0.13310218,-0.01626271,0.98559159,-0.16835865,0
1.2359781,-2.8611383,0.87225473,0.01626271,-0.98559159,0.16835865,0
-1.7540514,2.9423668,-0.64384842,-0.01626271,0.98559159,-0.16835865,0
-2.3746247,-3.0538926,-0.90238094,0.30515617,-0.15545499,-0.93952829,0
-3.8147204,-3.1621249,-0.66702175,0.01626271,-0.98559159,0.16835865,0
-3.9642603,-2.1472201,-0.59993696,-0.95216334,-0.06665498,-0.29823124,0
0.84479332,3.0169148,-0.68592739,-0.01626271,0.98559159,-0.16835865,0
1.9280601,1.2443086,0.98419189,-0.30515617,0.15545499,0.93952829,0
0.31338406,3.0826221,0.066168904,-0.30515617,0.15545499,0.93952829,0
3.9761715,-0.99937809,1.039242,0.95216334,0.06665498,0.29823124,0
2.2954133,1.8460395,1.0696325,-0.30515617,0.15545499,0.93952829,0
-0.58146501,-3.0303111,0.64236116,0.01626271,-0.98559159,0.16835865,0
0.55531716,0.1466139,0.76439571,-0.30515617,0.15545499,0.93952829,0
3.9537499,1.0516989,0.69237328,0.95216334,0.06665498,0.29823124,0
-3.8364592,2.6323783,-1.6814883,-0.01626271,0.98559159,-0.16835865,0
3.9529238,2.9664452,0.40965843,0.95216334,0.06665498,0.29823124,0
-2.3617122,2.7231455,-1.7438738,-0.01626271,0.98559159,-0.16835865,0
2.3260591,1.7326906,1.0374715,-0.30515617,0.15545499,0.93952829,0
0.95179164,-0.29033741,-0.091956854,0.30515617,-0.15545499,-0.93952829,0
-1.2895546,2.9315317,-0.73730516,-0.01626271,0.98559159,-0.16835865,0
3.9146481,-0.46066248,0.94318199,0.95216334,0.06665498,0.29823124,0
-3.8731797,-1.8664696,-0.7884841,-0.95216334,-0.06665498,-0.29823124,0
-3.9698136,-1.3270392,-0.53900909,-0.95216334,-0.06665498,-0.29823124,0
3.975214,-0.39216137,1.077636,0.95216334,0.06665498,0.29823124,0
-2.0357826,-2.9839773,0.31629586,0.01626271,-0.98559159,0.16835865,0
-2.8492141,-0.29487962,-0.26282835,-0.30515617,0.15545499,0.93952829,0
3.7140491,1.3754255,1.0643282,0.95216334,0.06665498,0.29823124,0
0.38980594,0.095803618,-0.4032653,0.30515617,-0.15545499,-0.93952829,0
-1.5374002,-2.9782567,0.19228458,0.01626271,-0.98559159,0.16835865,0
1.3564464,-2.5253196,0.27215114,0.30515617,-0.15545499,-0.93952829,0
2.1671901,0.073511362,1.3026307,-0.30515617,0.15545499,0.93952829,0
0.58920372,-1.6929131,0.99422628,-0.30515617,0.15545499,0.93952829,0
3.9756839,-1.8142194,1.4511118,0.95216334,0.06665498,0.29823124,0
-1.7242174,2.7734387,-1.3490555,-0.01626271,0.98559159,-0.16835865,0
-3.8916841,-1.5027051,-0.45680237,-0.95216334,-0.06665498,-0.29823124,0
-3.9330664,2.1646361,-1.4206085,-0.95216334,-0.06665498,-0.29823124,0
0.60160279,-2.9885619,0.3919453,0.01626271,-0.98559159,0.16835865,0
-1.6154408,-3.0070517,-0.51438498,0.30515617,-0.15545499,-0.93952829,0
2.8428771,-2.8109632,1.375376,0.01626271,-0.98559159,0.16835865,0
1.8472843,2.7605357,-0.43397808,0.30515617,-0.15545499,-0.93952829,0
2.4748216,-2.8816316,0.93573922,0.01626271,-0.98559159,0.16835865,0
-3.7867284,-0.56261694,-1.0726738,-0.95216334,-0.06665498,-0.29823124,0
1.4847918,-0.9915458,1.2188871,-0.30515617,0.15545499,0.93952829,0
-3.8334017,-1.3495867,-0.98527718,-0.95216334,-0.06665498,-0.29823124,0
-1.507187,-3.0549369,-0.22185302,0.01626271,-0.98559159,0.16835865,0
-3.6906488,-2.4375539,-1.1059494,-0.95216334,-0.06665498,-0.29823124,0
3.4631462,-1.9884859,0.9427259,0.30515617,-0.15545499,-0.93952829,0
-3.1908047,-3.1699288,-0.78995991,0.01626271,-0.98559159,0.16835865,0
3.87147,-1.8991145,1.3175578,0.95216334,0.06665498,0.29823124,0
3.5846078,2.0434544,1.2764225,0.95216334,0.06665498,0.29823124,0
3.8305633,-1.4543633,1.6711457,0.95216334,0.06665498,0.29823124,0
2.8760538,3.0647542,0.31579828,-0.01626271,0.98559159,-0.16835865,0
-3.4300265,-2.1072323,-0.3313098,-0.30515617,0.15545499,0.93952829,0
0.80569941,1.715765,0.606143,-0.30515617,0.15545499,0.93952829,0
3.725987,1.1698383,1.3775864,0.95216334,0.06665498,0.29823124,0
2.9150524,-2.6800675,1.5054007,0.01626271,-0.98559159,0.16835865,0
-1.895758,-1.1315664,-0.9504652,0.30515617,-0.15545499,-0.93952829,0
-3.8278632,-1.2164495,-0.96417856,-0.95216334,-0.06665498,-0.29823124,0
-2.3961837,0.55544221,-0.36095452,-0.30515617,0.15545499,0.93952829,0
3.2550831,-2.8075042,1.1704673,0.01626271,-0.98559159,0.16835865,0
-3.7841458,1.1019351,-1.8560741,-0.95216334,-0.06665498,-0.29823124,0
-0.24636292,-2.7283528,-0.1534245,0.30515617,-0.15545499,-0.93952829,0
-2.2800434,-2.0387983,0.036539555,-0.30515617,0.15545499,0.93952829,0
-3.323034,2.7364726,-1.1090643,-0.01626271,0.98559159,-0.16835865,0
3.9203885,-0.72406387,1.2612514,0.95216334,0.06665498,0.29823124,0
-0.016897321,2.2055233,0.091667056,-0.30515617,0.15545499,0.93952829,0
3.6881137,-0.58158064,1.8080983,0.95216334,0.06665498,0.29823124,0
-3.6620514,-2.224669,-1.1135354,-0.95216334,-0.06665498,-0.29823124,0
2.9108808,1.3785053,0.1019392,0.30515617,-0.15545499,-0.93952829,0
-1.6835432,-1.2233597,-0.9187839,0.30515617,-0.15545499,-0.93952829,0
3.0215902,0.21048164,0.46927381,0.30515617,-0.15545499,-0.93952829,0
-3.9774699,-2.7954133,-0.31370544,-0.95216334,-0.06665498,-0.29823124,0
3.7017527,-0.041591644,1.3150361,0.95216334,0.06665498,0.29823124,0
2.0906785,3.0785599,0.054054976,-0.01626271,0.98559159,-0.16835865,0
-3.8975437,-2.4161553,-0.29324198,-0.95216334,-0.06665498,-0.29823124,0
-2.2927659,-1.4509097,-0.031046391,-0.30515617,0.15545499,0.93952829,0
0.35423625,-1.1230181,-0.33366957,0.30515617,-0.15545499,-0.93952829,0
-3.971091,-1.9815763,-0.61257601,-0.95216334,-0.06665498,-0.29823124,0
1.0004045,1.4273459,-0.37799466,0.30515617,-0.15545499,-0.93952829,0
-1.6951776,0.21495545,-1.0599086,0.30515617,-0.15545499,-0.93952829,0
-3.7358704,1.9849929,-1.8667786,-0.95216334,-0.06665498,-0.29823124,0
3.4339046,-2.8282595,1.2742726,0.01626271,-0.98559159,0.16835865,0
-3.2957463,-0.3950488,-0.42556953,-0.30515617,0.15545499,0.93952829,0
3.3768196,-1.6051381,1.8266675,-0.30515617,0.15545499,0.93952829,0
2.0509543,-2.1159441,0.49192101,0.30515617,-0.15545499,-0.93952829,0
-3.7238116,-0.36027265,-1.5778162,-0.95216334,-0.06665498,-0.29823124,0
3.7640381,3.1719971,0.74486065,-0.01626271,0.98559159,-0.16835865,0
-0.22009993,-3.0794349,0.1727339,0.01626271,-0.98559159,0.16835865,0
3.1577952,-1.5203171,0.82205224,0.30515617,-0.15545499,-0.93952829,0
-3.7079058,-2.1625566,-1.2184086,-0.95216334,-0.06665498,-0.29823124,0
2.1713715,3.0690587,0.41710162,-0.01626271,0.98559159,-0.16835865,0
3.3633442,-0.64566088,1.7231848,-0.30515617,0.15545499,0.93952829,0
-1.790121,-3.0592227,-0.29661894,0.01626271,-0.98559159,0.16835865,0
-3.7929044,-1.6724185,-0.89493036,-0.95216334,-0.06665498,-0.29823124,0
2.0158112,-1.6174809,0.39378047,0.30515617,-0.15545499,-0.93952829,0
-3.7271745,0.94661832,-1.586036,-0.95216334,-0.06665498,-0.29823124,0
-3.4715846,-3.1400375,-0.32644558,0.01626271,-0.98559159,0.16835865,0
-2.0496614,2.5355256,-1.6793437,0.30515617,-0.15545499,-0.93952829,0
-1.3530051,-1.0722344,0.21231437,-0.30515617,0.15545499,0.93952829,0
-2.5687571,2.312799,-0.77057254,-0.30515617,0.15545499,0.93952829,0
-0.74387133,-1.9517097,-0.40808558,0.30515617,-0.15545499,-0.93952829,0
3.6516953,2.8847311,0.78924513,0.95216334,0.06665498,0.29823124,0
3.8065042,3.2667162,0.57697964,-0.01626271,0.98559159,-0.16835865,0
-2.6574154,-3.2615428,-0.6519084,0.01626271,-0.98559159,0.16835865,0
-3.649097,-1.0525969,-1.3853202,-0.95216334,-0.06665498,-0.29823124,0
3.2599931,-0.96517128,0.67421436,0.30515617,-0.15545499,-0.93952829,0
-2.6880445,-3.240901,-0.33928108,0.01626271,-0.98559159,0.16835865,0
-1.440798,2.8329091,-0.56252718,-0.01626271,0.98559159,-0.16835865,0
-1.9947366,-3.0674686,-0.49080348,0.01626271,-0.98559159,0.16835865,0
-0.82323396,-2.4465165,-0.38579297,0.30515617,-0.15545499,-0.93952829,0
-0.51093149,-3.0472426,0.28603709,0.01626271,-0.98559159,0.16835865,0
3.8916774,0.2274617,1.2508478,0.95216334,0.06665498,0.29823124,0
-3.2582006,0.15630484,-1.6435702,0.30515617,-0.15545499,-0.93952829,0
3.875195,-0.0082682371,1.1055417,0.95216334,0.06665498,0.29823124,0
1.3591413,-1.1248803,1.0665696,-0.30515617,0.15545499,0.93952829,0
3.8761563,-0.9514308,1.2557228,0.95216334,0.06665498,0.29823124,0
-3.6006861,-2.7616096,-1.2879806,-0.95216334,-0.06665498,-0.29823124,0
-3.9327421,2.7670517,-1.3259578,-0.95216334,-0.06665498,-0.29823124,0
-2.3333969,2.6882553,-1.4830495,-0.01626271,0.98559159,-0.16835865,0
2.9942183,-2.7165411,1.6490896,0.01626271,-0.98559159,0.16835865,0
-2.7433805,2.6960723,-1.5002649,-0.01626271,0.98559159,-0.16835865,0
2.5345302,2.3967202,-0.10072231,0.30515617,-0.15545499,-0.93952829,0
3.8065987,-2.4733596,1.5742249,0.95216334,0.06665498,0.29823124,0
2.6632557,-1.8572977,0.66964006,0.30515617,-0.15545499,-0.93952829,0
4.0616846,-1.8658915,1.0902791,0.95216334,0.06665498,0.29823124,0
-0.31553012,-1.4630563,-0.40012884,0.30515617,-0.15545499,-0.93952829,0
3.6849964,-0.77891302,1.8596129,0.95216334,0.06665498,0.29823124,0
0.74569416,-2.9230676,0.78554988,0.01626271,-0.98559159,0.16835865,0
-0.41361618,2.152344,-0.95529616,0.30515617,-0.15545499,-0.93952829,0
4.0145473,-2.3137679,1.147743,0.95216334,0.06665498,0.29823124,0
2.3181777,3.1045072,0.28686571,-0.01626271,0.98559159,-0.16835865,0
1.3265488,3.0564406,-0.22991133,-0.01626271,0.98559159,-0.16835865,0
-2.7827914,2.1699781,-0.67667305,-0.30515617,0.15545499,0.93952829,0
2.5965598,-2.8150983,1.1112583,0.01626271,-0.98559159,0.16835865,0
-3.1776352,-1.911473,-0.13973904,-0.30515617,0.15545499,0.93952829,0
-0.15814781,-2.911726,0.70969522,0.01626271,-0.98559159,0.16835865,0
-3.7632723,-2.2839878,-0.88052607,-0.95216334,-0.06665498,-0.29823124,0
-0.95702863,-2.8954933,0.633636,-0.30515617,0.15545499,0.93952829,0
-0.70208526,1.9991176,-1.0589185,0.30515617,-0.15545499,-0.93952829,0
1.5800934,-2.9152229,0.80355811,0.01626271,-0.98559159,0.16835865,0
-3.8651054,0.23404384,-0.91760588,-0.95216334,-0.06665498,-0.29823124,0
-3.5645392,-2.903996,-1.2017674,-0.95216334,-0.06665498,-0.29823124,0
2.3393393,-2.8067575,0.71086168,0.01626271,-0.98559159,0.16835865,0
-0.17857981,2.9663038,-0.91433161,-0.01626271,0.98559159,-0.16835865,0
-0.66074419,2.8468602,-0.62119305,-0.01626271,0.98559159,-0.16835865,0
-3.5651035,-3.1535847,-1.0298533,-0.95216334,-0.06665498,-0.29823124,0
3.7452233,-2.7386265,1.9003549,0.01626271,-0.98559159,0.16835865,0
0.60800934,1.9691739,0.36415553,-0.30515617,0.15545499,0.93952829,0
-3.9637353,2.7911553,-1.3385296,-0.01626271,0.98559159,-0.16835865,0
0.3646121,3.0701628,-0.40752089,-0.01626271,0.98559159,-0.16835865,0
-3.9904027,1.1009103,-1.1759858,-0.95216334,-0.06665498,-0.29823124,0
-3.7641203,-2.1235034,-0.75492573,-0.95216334,-0.06665498,-0.29823124,0
0.31046653,-2.9506559,0.91292781,0.01626271,-0.98559159,0.16835865,0
-0.28252316,-2.9463985,-0.18610144,0.30515617,-0.15545499,-0.93952829,0
-3.4191556,-1.7105844,-1.2939153,0.30515617,-0.15545499,-0.93952829,0
3.7385883,-0.41355467,1.4825928,0.95216334,0.06665498,0.29823124,0
3.8832731,-0.93500185,1.4300313,0.95216334,0.06665498,0.29823124,0
3.5986462,1.8342097,0.23685169,0.30515617,-0.15545499,-0.93952829,0
-3.700515,-2.0661216,-1.1380892,-0.95216334,-0.06665498,-0.29823124,0
2.1524587,-2.8657064,0.62997264,0.01626271,-0.98559159,0.16835865,0
-1.4927942,-1.7615656,0.27682638,-0.30515617,0.15545499,0.93952829,0
3.7614501,-2.6907823,1.6422243,0.01626271,-0.98559159,0.16835865,0
-3.7398431,-0.077684402,-0.76891685,-0.30515617,0.15545499,0.93952829,0
-3.8727269,0.70351338,-1.0910628,-0.95216334,-0.06665498,-0.29823124,0
3.8264675,-0.37943017,1.2930026,0.95216334,0.06665498,0.29823124,0
1.5718493,3.0677979,0.23167491,-0.01626271,0.98559159,-0.16835865,0
3.7353308,-2.3289323,2.1045277,0.95216334,0.06665498,0.29823124,0
-2.4830899,2.319778,-1.6694487,0.30515617,-0.15545499,-0.93952829,0
2.0309613,3.1265659,0.45062423,-0.01626271,0.98559159,-0.16835865,0
3.8626549,-0.39546096,0.85280442,0.95216334,0.06665498,0.29823124,0
-0.75709939,2.9857144,-0.7056812,-0.01626271,0.98559159,-0.16835865,0
3.7028351,1.4211024,0.96936274,0.95216334,0.06665498,0.29823124,0
3.8490129,2.3594067,0.42361784,0.95216334,0.06665498,0.29823124,0
0.4658488,-1.487493,-0.16340239,0.30515617,-0.15545499,-0.93952829,0
3.6285219,1.3626024,1.5013576,0.95216334,0.06665498,0.29823124,0
2.8469923,-0.1162678,1.5156205,-0.30515617,0.15545499,0.93952829,0
-1.5484569,1.242249,-0.087861776,-0.30515617,0.15545499,0.93952829,0
3.0031765,-2.0315049,0.81691968,0.30515617,-0.15545499,-0.93952829,0
-3.8252039,0.80369496,-1.1406362,-0.95216334,-0.06665498,-0.29823124,0
0.067970216,-0.14231491,0.66713464,-0.30515617,0.15545499,0.93952829,0
-1.9228704,1.3596898,-0.37892306,-0.30515617,0.15545499,0.93952829,0
-1.8631477,2.918503,-0.79715848,-0.01626271,0.98559159,-0.16835865,0
3.8693104,-1.2711159,1.546355,0.95216334,0.06665498,0.29823124,0
-0.26294899,-2.9195528,0.49138486,0.01626271,-0.98559159,0.16835865,0
1.6961373,2.9920387,0.0080602169,-0.01626271,0.98559159,-0.16835865,0
-3.8626699,2.3144627,-1.7187026,-0.95216334,-0.06665498,-0.29823124,0
3.960382,-2.0512042,1.4498088,0.95216334,0.06665498,0.29823124,0
-3.2967758,-3.1035492,-0.4882102,0.01626271,-0.98559159,0.16835865,0
3.9650722,0.58067691,0.95690298,0.95216334,0.06665498,0.29823124,0
0.87341654,2.2264087,0.34835649,-0.30515617,0.15545499,0.93952829,0
1.1645088,-2.9387507,0.54373097,0.01626271,-0.98559159,0.16835865,0
0.12272072,-3.0486786,0.098275423,0.01626271,-0.98559159,0.16835865,0
3.996711,-1.0483803,1.1681345,0.95216334,0.06665498,0.29823124,0
0.10294771,-3.0309665,0.24897373,0.01626271,-0.98559159,0.16835865,0
1.2837085,-0.27722147,-0.085001588,0.30515617,-0.15545499,-0.93952829,0
-0.13482288,0.077592909,0.37447321,-0.30515617,0.15545499,0.93952829,0
-0.6955955,2.8125675,-0.8914187,-0.01626271,0.98559159,-0.16835865,0
0.91128057,-0.89242083,-0.11930048,0.30515617,-0.15545499,-0.93952829,0
1.2062473,-1.5705807,0.10395837,0.30515617,-0.15545499,-0.93952829,0
-2.9594259,2.0892215,-1.9220154,0.30515617,-0.15545499,-0.93952829,0
-2.5752425,2.7160385,-1.4156346,-0.01626271,0.98559159,-0.16835865,0
-3.760262,-0.2607348,-1.6509221,-0.95216334,-0.06665498,-0.29823124,0
-3.8877883,-2.1925561,-0.80937147,-0.95216334,-0.06665498,-0.29823124,0
3.7830961,2.0661395,1.1094069,0.95216334,0.06665498,0.29823124,0
1.8931701,3.1339481,0.58780289,-0.01626271,0.98559159,-0.16835865,0
-2.4049802,-2.7944722,0.24781513,-0.30515617,0.15545499,0.93952829,0
0.44900632,2.9844918,-0.015202761,-0.01626271,0.98559159,-0.16835865,0
-0.059630871,-2.8325186,-0.01641798,0.30515617,-0.15545499,-0.93952829,0
-3.7073298,-2.523838,-1.1229339,-0.95216334,-0.06665498,-0.29823124,0
-0.479177,2.1044531,-0.96491861,0.30515617,-0.15545499,-0.93952829,0
1.6423614,-2.7762883,1.4451841,0.01626271,-0.98559159,0.16835865,0
-1.543931,-0.09273243,-1.0641595,0.30515617,-0.15545499,-0.93952829,0
-3.6814556,2.4156401,-1.8955958,-0.95216334,-0.06665498,-0.29823124,0
3.7246237,-0.89943528,1.8746049,0.95216334,0.06665498,0.29823124,0
-3.6762626,-2.7280731,-0.88804102,-0.95216334,-0.06665498,-0.29823124,0
2.9955158,2.8323607,-0.010075092,0.30515617,-0.15545499,-0.93952829,0
1.3720584,2.9203105,-0.41964197,-0.01626271,0.98559159,-0.16835865,0
-1.1275756,-2.9965816,0.23113704,0.01626271,-0.98559159,0.16835865,0
-1.9715674,-2.4644134,-0.81393552,0.30515617,-0.15545499,-0.93952829,0
0.44791317,3.0691738,-0.45461428,-0.01626271,0.98559159,-0.16835865,0
3.804605,-2.0664864,1.8092203,0.95216334,0.06665498,0.29823124,0
0.59966111,2.9338818,-0.63292217,-0.01626271,0.98559159,-0.16835865,0
-3.129364,1.0815538,-1.7009208,0.30515617,-0.15545499,-0.93952829,0
-0.059267521,2.571357,-0.99846148,0.30515617,-0.15545499,-0.93952829,0
2.9054742,3.053364,0.87597322,-0.30515617,0.15545499,0.93952829,0
-3.4859109,2.7550826,-1.7385225,-0.01626271,0.98559159,-0.16835865,0
1.0616944,3.0139701,0.29864621,-0.01626271,0.98559159,-0.16835865,0
-1.6041479,-3.0022664,0.13559628,0.01626271,-0.98559159,0.16835865,0
3.8053141,0.9400003,0.86403418,0.95216334,0.06665498,0.29823124,0
-2.4224508,2.8009641,-1.4010458,-0.01626271,0.98559159,-0.16835865,0
2.477258,1.3139622,0.049352169,0.30515617,-0.15545499,-0.93952829,0
-2.1665847,2.6538696,-1.7496471,-0.01626271,0.98559159,-0.16835865,0
3.6658754,1.0359219,1.5248318,0.95216334,0.06665498,0.29823124,0
-3.9990129,-0.5931356,-0.7658453,-0.95216334,-0.06665498,-0.29823124,0
2.859046,-2.7647648,1.07336,0.01626271,-0.98559159,0.16835865,0
-3.7785695,-2.658838,-0.98194265,-0.95216334,-0.06665498,-0.29823124,0
-2.6913841,-1.5001643,-1.166024,0.30515617,-0.15545499,-0.93952829,0
3.8204856,-0.8757149,1.1467454,0.95216334,0.06665498,0.29823124,0
0.25504422,-2.4311941,1.0387628,-0.30515617,0.15545499,0.93952829,0
-1.2069241,2.6411657,-0.33640522,-0.30515617,0.15545499,0.93952829,0
-3.6639471,-0.043183088,-1.5881093,-0.95216334,-0.06665498,-0.29823124,0
3.977119,-2.366724,1.257843,0.95216334,0.06665498,0.29823124,0
3.8237956,1.9025965,0.5663166,0.95216334,0.06665498,0.29823124,0
-1.6863334,-3.0720446,-0.46154308,0.01626271,-0.98559159,0.16835865,0
0.54012108,3.1264639,0.071058035,-0.01626271,0.98559159,-0.16835865,0
2.4392674,-2.6773114,1.8291936,0.01626271,-0.98559159,0.16835865,0
-2.3713942,-1.4120944,-1.1056511,0.30515617,-0.15545499,-0.93952829,0
-3.8998041,-2.2295599,-0.38883257,-0.95216334,-0.06665498,-0.29823124,0
0.3615253,-3.0754786,0.36324704,0.01626271,-0.98559159,0.16835865,0
3.7660551,-2.3375192,2.0089636,0.95216334,0.06665498,0.29823124,0
1.271594,3.0428481,0.0023779869,-0.01626271,0.98559159,-0.16835865,0
-3.2053061,-3.1202693,-0.32995749,0.01626271,-0.98559159,0.16835865,0
3.2010567,-1.0678887,0.60821295,0.30515617,-0.15545499,-0.93952829,0
-3.6141489,-3.3191442,-0.77128601,0.01626271,-0.98559159,0.16835865,0
1.3608856,-2.9071832,1.1449213,0.01626271,-0.98559159,0.16835865,0
-3.6612101,-3.1590347,-0.22025204,0.01626271,-0.98559159,0.16835865,0
3.8326106,2.9886734,0.81171083,0.95216334,0.06665498,0.29823124,0
-2.2430837,0.24299169,-0.23563337,-0.30515617,0.15545499,0.93952829,0
1.7168148,-2.6056581,0.53124166,0.30515617,-0.15545499,-0.93952829,0
0.95759869,-1.8191732,0.12361288,0.30515617,-0.15545499,-0.93952829,0
-2.0482121,-2.8632133,0.35022783,-0.30515617,0.15545499,0.93952829,0
1.3601081,3.0381904,-0.28005695,-0.01626271,0.98559159,-0.16835865,0
2.4543629,2.5290234,0.85306025,-0.30515617,0.15545499,0.93952829,0
-0.53117466,-3.047986,-0.075722694,0.01626271,-0.98559159,0.16835865,0
1.9194903,3.0202451,-0.35647058,-0.01626271,0.98559159,-0.16835865,0
-3.2971792,-0.13205779,-0.52998829,-0.30515617,0.15545499,0.93952829,0
3.5896699,1.7126068,1.2670479,0.95216334,0.06665498,0.29823124,0
-3.6685948,1.9623035,-2.0062146,-0.95216334,-0.06665498,-0.29823124,0
1.1506424,2.9900436,-0.10411239,-0.01626271,0.98559159,-0.16835865,0
1.8210087,-2.7502627,1.4989554,0.01626271,-0.98559159,0.16835865,0
3.8269944,-1.0999203,1.2792499,0.95216334,0.06665498,0.29823124,0
-4.0239911,1.7304595,-0.98570108,-0.30515617,0.15545499,0.93952829,0
-3.8545628,1.380618,-1.1414886,-0.95216334,-0.06665498,-0.29823124,0
-3.7710917,-2.7378795,-0.69007111,-0.95216334,-0.06665498,-0.29823124,0
1.0888541,-2.3316073,1.2451978,-0.30515617,0.15545499,0.93952829,0
0.059272766,-1.7202015,0.75604594,-0.30515617,0.15545499,0.93952829,0
0.46885681,-2.522815,0.044804931,0.30515617,-0.15545499,-0.93952829,0
-0.53329742,2.3070474,0.030112326,-0.30515617,0.15545499,0.93952829,0
2.1657209,-1.1045702,0.45894492,0.30515617,-0.15545499,-0.93952829,0
-2.6311564,-0.038342416,-0.37206554,-0.30515617,0.15545499,0.93952829,0
-3.5657933,-1.9478016,-1.3426771,-0.95216334,-0.06665498,-0.29823124,0
-3.7305028,1.6140695,-1.9138534,-0.95216334,-0.06665498,-0.29823124,0
-3.833324,-2.9734573,-0.46116495,-0.95216334,-0.06665498,-0.29823124,0
3.1064024,-2.8628585,1.0551143,0.01626271,-0.98559159,0.16835865,0
-0.99644375,2.9112172,-0.6740213,-0.01626271,0.98559159,-0.16835865,0
-0.80612898,2.8135548,-1.0102806,-0.01626271,0.98559159,-0.16835865,0
3.955081,-0.80565047,1.2052541,0.95216334,0.06665498,0.29823124,0
-3.6205604,-1.4294976,-1.2566209,-0.95216334,-0.06665498,-0.29823124,0
3.8665323,0.42649984,0.74735785,0.95216334,0.06665498,0.29823124,0
-0.16988873,-2.3057475,-0.23149848,0.30515617,-0.15545499,-0.93952829,0
3.6489279,2.6380682,1.1276202,0.95216334,0.06665498,0.29823124,0
3.9503531,-0.72015095,1.1266961,0.95216334,0.06665498,0.29823124,0
3.5709767,3.1483564,1.0499125,0.95216334,0.06665498,0.29823124,0
1.1035955,2.9771819,0.095900774,-0.01626271,0.98559159,-0.16835865,0
0.3864398,1.6698239,0.41713822,-0.30515617,0.15545499,0.93952829,0
-3.9436898,-2.8623421,-0.31974459,-0.95216334,-0.06665498,-0.29823124,0
0.83311772,-2.4863768,1.2030673,-0.30515617,0.15545499,0.93952829,0
-3.1294231,2.6245039,-1.8041062,-0.01626271,0.98559159,-0.16835865,0
-3.850323,-1.3615803,-0.64368963,-0.95216334,-0.06665498,-0.29823124,0
-0.0060390234,-0.25700432,0.66315925,-0.30515617,0.15545499,0.93952829,0
3.1806762,-2.368454,0.93649471,0.30515617,-0.15545499,-0.93952829,0
-2.5961356,-3.2615318,-0.74117613,0.01626271,-0.98559159,0.16835865,0
3.8911366,0.32586896,1.0690923,0.95216334,0.06665498,0.29823124,0
-3.8567533,-2.8583653,-0.14695263,-0.30515617,0.15545499,0.93952829,0
-3.6631603,-0.43730032,-1.3935814,-0.95216334,-0.06665498,-0.29823124,0
3.1203489,3.1630819,0.35444069,-0.01626271,0.98559159,-0.16835865,0
3.7128386,1.4208692,1.2458901,0.95216334,0.06665498,0.29823124,0
-3.8725734,-1.533895,-0.54100037,-0.95216334,-0.06665498,-0.29823124,0
2.0833833,3.2354376,0.61597633,-0.01626271,0.98559159,-0.16835865,0
-3.8479376,1.7905904,-1.3422978,-0.95216334,-0.06665498,-0.29823124,0
-3.7606556,-1.7477663,-0.98515892,-0.95216334,-0.06665498,-0.29823124,0
-2.3235011,-0.61178082,-0.043016434,-0.30515617,0.15545499,0.93952829,0
-0.31510973,-2.9996047,0.31932139,0.01626271,-0.98559159,0.16835865,0
-2.0187833,-1.4477315,-0.85555601,0.30515617,-0.15545499,-0.93952829,0
3.8502281,-2.051348,1.3882041,0.95216334,0.06665498,0.29823124,0
-0.19342774,0.54003644,-0.61814249,0.30515617,-0.15545499,-0.93952829,0
1.2549708,2.7580566,-0.67124414,0.30515617,-0.15545499,-0.93952829,0
-1.3436457,-0.69743824,0.13646948,-0.30515617,0.15545499,0.93952829,0
3.6924653,-2.2815042,1.9790769,0.95216334,0.06665498,0.29823124,0
-1.0397174,2.4598489,-0.11081269,-0.30515617,0.15545499,0.93952829,0
3.5161893,2.5391138,0.23388052,0.30515617,-0.15545499,-0.93952829,0
-3.0642927,-1.8655387,-0.12686157,-0.30515617,0.15545499,0.93952829,0
-3.8929834,0.80456555,-1.3123212,-0.95216334,-0.06665498,-0.29823124,0
-0.99962533,-0.73063773,-0.74944913,0.30515617,-0.15545499,-0.93952829,0
-3.9141097,-0.23010015,-0.95706654,-0.95216334,-0.06665498,-0.29823124,0
-3.8613036,1.1388613,-1.2950902,-0.95216334,-0.06665498,-0.29823124,0
1.9580034,-0.39720166,1.2372715,-0.30515617,0.15545499,0.93952829,0
2.4569104,-0.73973858,1.443993,-0.30515617,0.15545499,0.93952829,0
1.8159697,0.82705379,-0.17017365,0.30515617,-0.15545499,-0.93952829,0
-3.6758976,-0.35856807,-1.4122856,-0.95216334,-0.06665498,-0.29823124,0
3.7527792,1.7604115,1.0101833,0.95216334,0.06665498,0.29823124,0
2.8438499,-0.25131756,0.32999682,0.30515617,-0.15545499,-0.93952829,0
1.1964064,0.58563536,0.8047148,-0.30515617,0.15545499,0.93952829,0
2.8783929,2.3696961,0.0050792694,0.30515617,-0.15545499,-0.93952829,0
-1.7073274,2.8375878,-1.0250328,-0.01626271,0.98559159,-0.16835865,0
0.052096367,2.9560316,-0.84637225,-0.01626271,0.98559159,-0.16835865,0
4.069191,-0.22246683,0.77912188,0.95216334,0.06665498,0.29823124,0
0.22359776,-3.0131075,0.62357444,0.01626271,-0.98559159,0.16835865,0
-3.6677382,-3.2931497,-0.73490238,0.01626271,-0.98559159,0.16835865,0
-3.0553575,0.68664169,-0.49473619,-0.30515617,0.15545499,0.93952829,0
3.1532352,-0.34579992,1.6851909,-0.30515617,0.15545499,0.93952829,0
-3.9776042,-0.73214829,-0.85383463,-0.95216334,-0.06665498,-0.29823124,0
-0.73812699,2.4777284,-0.015030444,-0.30515617,0.15545499,0.93952829,0
1.9206833,-0.81281084,0.21766722,0.30515617,-0.15545499,-0.93952829,0
3.7480912,0.31024814,1.3267953,0.95216334,0.06665498,0.29823124,0
2.5869613,-2.8407667,1.1161834,0.01626271,-0.98559159,0.16835865,0
-1.0269465,2.9104741,-0.46387112,-0.01626271,0.98559159,-0.16835865,0
-3.6297479,-2.2644181,-1.1230559,-0.95216334,-0.06665498,-0.29823124,0
-2.7044072,-3.0662477,-0.17447186,0.01626271,-0.98559159,0.16835865,0
3.8351159,-2.5748315,2.0458262,0.95216334,0.06665498,0.29823124,0
1.6041019,-2.779748,0.85978502,0.01626271,-0.98559159,0.16835865,0
-2.8658609,-3.140429,-0.05143261,0.01626271,-0.98559159,0.16835865,0
0.11348701,2.0427053,-0.86457843,0.30515617,-0.15545499,-0.93952829,0
-0.78226256,-2.9718769,0.0631392,0.01626271,-0.98559159,0.16835865,0
-1.7815864,1.8686519,-1.430999,0.30515617,-0.15545499,-0.93952829,0
-3.940104,0.83789062,-1.1627469,-0.95216334,-0.06665498,-0.29823124,0
-0.10735577,0.213462,-0.67846107,0.30515617,-0.15545499,-0.93952829,0
2.0423903,-2.6742661,1.5416178,-0.30515617,0.15545499,0.93952829,0
-3.0009499,2.7793102,-1.6313579,-0.01626271,0.98559159,-0.16835865,0
-0.60407031,-2.6176162,-0.36488199,0.30515617,-0.15545499,-0.93952829,0
0.8360672,2.9176788,-0.31314754,-0.01626271,0.98559159,-0.16835865,0
2.5640786,-1.7313515,0.56507289,0.30515617,-0.15545499,-0.93952829,0
-3.7047577,-1.0470823,-1.2580347,-0.95216334,-0.06665498,-0.29823124,0
3.8863797,-2.3339453,1.7645347,0.95216334,0.06665498,0.29823124,0
3.503756,3.2300632,0.18135929,-0.01626271,0.98559159,-0.16835865,0
-1.7733905,-2.9949646,0.41970158,0.01626271,-0.98559159,0.16835865,0
3.8442299,0.49997771,1.3418059,0.95216334,0.06665498,0.29823124,0
-0.91559696,-2.4737062,-0.44647002,0.30515617,-0.15545499,-0.93952829,0
-3.8581176,0.3486824,-0.87342262,-0.95216334,-0.06665498,-0.29823124,0
3.0756361,-1.3783262,0.75491667,0.30515617,-0.15545499,-0.93952829,0
-2.1239333,2.9201553,-0.815207,-0.01626271,0.98559159,-0.16835865,0
3.4744949,-0.19086194,0.72673011,0.30515617,-0.15545499,-0.93952829,0
-1.0145974,-2.963232,0.44040084,0.01626271,-0.98559159,0.16835865,0
0.42881489,1.9677306,0.30341554,-0.30515617,0.15545499,0.93952829,0
-3.8025045,-0.56438935,-1.0248957,-0.95216334,-0.06665498,-0.29823124,0
2.3412976,3.1885481,0.15963602,-0.01626271,0.98559159,-0.16835865,0
3.2770329,-2.7450676,1.7345393,0.01626271,-0.98559159,0.16835865,0
3.689467,2.44241,1.0725327,0.95216334,0.06665498,0.29823124,0
-1.7059033,2.913851,-0.60873425,-0.01626271,0.98559159,-0.16835865,0
3.8391273,-0.84569347,1.3909178,0.95216334,0.06665498,0.29823124,0
-3.9126124,-0.38318324,-0.82344294,-0.95216334,-0.06665498,-0.29823124,0
3.8871689,1.0364892,0.68833065,0.95216334,0.06665498,0.29823124,0
3.7573795,-0.10852408,1.5620923,0.95216334,0.06665498,0.29823124,0
1.9867202,-1.35901,0.27645016,0.30515617,-0.15545499,-0.93952829,0
2.2674897,0.2024239,0.12332606,0.30515617,-0.15545499,-0.93952829,0
3.6349521,0.88705957,1.5487199,0.95216334,0.06665498,0.29823124,0
-3.1895442,-3.1725645,-0.47647953,0.01626271,-0.98559159,0.16835865,0
-0.71323133,2.8083868,-0.86912602,-0.01626271,0.98559159,-0.16835865,0
-3.6594489,0.6889739,-0.81264234,-0.30515617,0.15545499,0.93952829,0
-3.9798262,1.2247515,-1.2691741,-0.95216334,-0.06665498,-0.29823124,0
-3.6462574,-1.7630162,-1.0662246,-0.95216334,-0.06665498,-0.29823124,0
3.9158125,-1.4691651,1.5517192,0.95216334,0.06665498,0.29823124,0
3.8159876,0.92154658,0.97638893,0.95216334,0.06665498,0.29823124,0
3.7024426,0.62235832,1.6356518,0.95216334,0.06665498,0.29823124,0
3.9169688,-2.1187873,1.5293632,0.95216334,0.06665498,0.29823124,0
3.7933562,-1.2337832,0.86747503,0.30515617,-0.15545499,-0.93952829,0
1.0040755,-2.9193974,0.82267046,0.01626271,-0.98559159,0.16835865,0
3.7870884,-1.1210103,0.8764236,0.30515617,-0.15545499,-0.93952829,0
-1.5374675,0.065800786,-1.0633088,0.30515617,-0.15545499,-0.93952829,0
-3.8188705,-0.43553007,-1.2041688,-0.95216334,-0.06665498,-0.29823124,0
1.0398638,2.9054668,-0.72833824,-0.01626271,0.98559159,-0.16835865,0
-3.8236797,1.6686013,-1.7724984,-0.95216334,-0.06665498,-0.29823124,0
-0.32389641,2.9917507,-0.54741138,-0.01626271,0.98559159,-0.16835865,0
0.41283679,2.9937661,-0.60681605,-0.01626271,0.98559159,-0.16835865,0
3.8631299,-1.9081368,1.376493,0.95216334,0.06665498,0.29823124,0
-3.9023952,-2.2567201,-0.65399122,-0.95216334,-0.06665498,-0.29823124,0
-3.632298,-3.1397731,-0.47495461,0.01626271,-0.98559159,0.16835865,0
-3.85495,-0.53350294,-1.2999659,-0.95216334,-0.06665498,-0.29823124,0
3.865222,1.1840715,0.91358232,0.95216334,0.06665498,0.29823124,0
2.3678894,0.098504066,0.30377936,0.30515617,-0.15545499,-0.93952829,0
1.5931686,-2.1802831,1.3624005,-0.30515617,0.15545499,0.93952829,0
0.051342249,2.9572601,-0.59757459,-0.01626271,0.98559159,-0.16835865,0
1.3093458,-1.0278647,1.0832176,-0.30515617,0.15545499,0.93952829,0
-0.0091395378,2.9723983,-0.016415238,-0.01626271,0.98559159,-0.16835865,0
-1.0850902,-1.4404416,0.52191424,-0.30515617,0.15545499,0.93952829,0
0.85587001,-2.4015963,0.15770116,0.30515617,-0.15545499,-0.93952829,0
3.680232,-2.7557251,1.1385903,0.01626271,-0.98559159,0.16835865,0
1.1204525,-1.0493829,-0.05703342,0.30515617,-0.15545499,-0.93952829,0
3.8273969,-0.86234307,1.434186,0.95216334,0.06665498,0.29823124,0
2.4135933,3.0968776,0.42661667,-0.01626271,0.98559159,-0.16835865,0
3.1041646,-2.7278385,1.804291,0.01626271,-0.98559159,0.16835865,0
-1.3267643,-2.987319,0.38120937,0.01626271,-0.98559159,0.16835865,0
-2.1705899,-3.1308556,-0.32408404,0.01626271,-0.98559159,0.16835865,0
-1.641268,2.7764821,-1.1914537,-0.01626271,0.98559159,-0.16835865,0
3.7491751,-0.0045902729,1.7108963,0.95216334,0.06665498,0.29823124,0
3.892549,-0.81211638,0.84098625,0.30515617,-0.15545499,-0.93952829,0
-2.68555,-1.9953604,-1.1358426,0.30515617,-0.15545499,-0.93952829,0
0.87661719,-2.9813056,0.64616716,0.01626271,-0.98559159,0.16835865,0
-0.17766404,-2.8992023,0.91732478,0.01626271,-0.98559159,0.16835865,0
3.8125198,-1.1820508,1.289346,0.95216334,0.06665498,0.29823124,0
0.21085325,-0.017368078,-0.56503046,0.30515617,-0.15545499,-0.93952829,0
-3.9216673,1.4542896,-1.4544303,-0.95216334,-0.06665498,-0.29823124,0
2.5014162,2.7256598,-0.092196941,0.30515617,-0.15545499,-0.93952829,0
-3.2105646,2.8576074,-1.3681304,-0.01626271,0.98559159,-0.16835865,0
2.0251303,-2.8583221,0.72437823,0.01626271,-0.98559159,0.16835865,0
3.6955314,-1.2291123,1.7116919,0.95216334,0.06665498,0.29823124,0
-3.2598,-1.0781044,-1.4156544,0.30515617,-0.15545499,-0.93952829,0
2.8815887,0.84431422,1.382647,-0.30515617,0.15545499,0.93952829,0
-1.3576152,1.4969075,-0.2067489,-0.30515617,0.15545499,0.93952829,0
-3.2873986,2.5978723,-1.8509487,-0.01626271,0.98559159,-0.16835865,0
-0.22940373,-3.0246089,0.61603439,0.01626271,-0.98559159,0.16835865,0
-2.8426032,2.792768,-1.0406966,-0.01626271,0.98559159,-0.16835865,0
3.7003403,2.5116677,1.0263438,0.95216334,0.06665498,0.29823124,0
-2.1608686,0.0043030381,-0.15448475,-0.30515617,0.15545499,0.93952829,0
2.4017286,-2.7962673,0.81416994,0.01626271,-0.98559159,0.16835865,0
3.768084,1.9577533,0.74259615,0.95216334,0.06665498,0.29823124,0
3.7225506,-1.3966858,1.6430411,0.95216334,0.06665498,0.29823124,0
-2.9897346,2.2319651,-1.806205,0.30515617,-0.15545499,-0.93952829,0
-1.6728003,-3.1518307,0.064409256,0.01626271,-0.98559159,0.16835865,0
3.7774172,2.7748735,0.70097542,0.95216334,0.06665498,0.29823124,0
-3.9988842,1.6508303,-1.2634039,-0.95216334,-0.06665498,-0.29823124,0
-3.8117971,0.5055207,-1.0666945,-0.95216334,-0.06665498,-0.29823124,0
2.6195016,-2.7323241,1.638587,0.01626271,-0.98559159,0.16835865,0
0.19450176,-0.8174485,0.75309122,-0.30515617,0.15545499,0.93952829,0
3.8027506,-0.26061928,1.2323372,0.95216334,0.06665498,0.29823124,0
3.754796,-0.89359641,1.6242762,0.95216334,0.06665498,0.29823124,0
-2.6622186,-3.1468608,-0.77410364,0.01626271,-0.98559159,0.16835865,0
-0.83883512,-1.0535088,0.37947357,-0.30515617,0.15545499,0.93952829,0
3.7171569,3.0099647,0.97567749,0.95216334,0.06665498,0.29823124,0
-4.0087962,0.55295956,-0.88683558,-0.95216334,-0.06665498,-0.29823124,0
0.56216431,2.9051123,-0.33009005,-0.01626271,0.98559159,-0.16835865,0
-1.050928,-0.92043459,-0.662606,0.30515617,-0.15545499,-0.93952829,0
0.79812264,-2.7694166,1.2138343,-0.30515617,0.15545499,0.93952829,0
-1.1308362,-3.0264215,0.2474978,0.01626271,-0.98559159,0.16835865,0
-3.819953,-0.069919348,-1.0458627,-0.95216334,-0.06665498,-0.29823124,0
-2.6021237,2.4395678,-0.82192588,-0.30515617,0.15545499,0.93952829,0
3.7814751,0.63041878,1.2844796,0.95216334,0.06665498,0.29823124,0
3.8473594,-1.9024447,1.4282691,0.95216334,0.06665498,0.29823124,0
1.3181541,3.0574646,-0.12841296,-0.01626271,0.98559159,-0.16835865,0
4.007019,-1.3682084,1.1924152,0.95216334,0.06665498,0.29823124,0
3.966912,2.4223399,0.43358946,0.95216334,0.06665498,0.29823124,0
-0.83297491,-3.0835996,0.2780869,0.01626271,-0.98559159,0.16835865,0
1.8636756,0.8180607,-0.058632135,0.30515617,-0.15545499,-0.93952829,0
2.2224283,3.0680277,0.039332867,-0.01626271,0.98559159,-0.16835865,0
3.6697159,1.1305187,1.4490266,0.95216334,0.06665498,0.29823124,0
-0.79844689,-3.1358452,-0.19753075,0.01626271,-0.98559159,0.16835865,0
3.8424628,-0.7409966,1.0908341,0.95216334,0.06665498,0.29823124,0
2.1779358,3.2211649,0.417624,-0.01626271,0.98559159,-0.16835865,0
3.6866982,3.286145,0.72827339,-0.01626271,0.98559159,-0.16835865,0
2.9051416,0.24064434,1.5394316,-0.30515617,0.15545499,0.93952829,0
-1.8659915,-0.51292396,-1.1012092,0.30515617,-0.15545499,-0.93952829,0
3.6893609,2.38837,1.1933837,0.95216334,0.06665498,0.29823124,0
2.7481101,0.042055011,1.4608912,-0.30515617,0.15545499,0.93952829,0
3.092232,-2.6002703,1.7408643,0.01626271,-0.98559159,0.16835865,0
-2.7822351,1.238276,-0.57657099,-0.30515617,0.15545499,0.93952829,0
1.0545026,1.6348679,-0.44297981,0.30515617,-0.15545499,-0.93952829,0
3.7083316,-0.5116291,1.7110453,0.95216334,0.06665498,0.29823124,0
