-0.68576002,-4.3708267,-1.452539,-0.11005783,-0.51032984,-0.85290724,0
0.2275002,-1.9952159,4.4325981,-0.12831944,-0.84364307,0.52134478,0
-0.18009996,-4.2064486,-1.3342724,0.98560715,-0.16682267,-0.027364224,0
0.28626835,3.5660977,-1.8098907,0.12831944,0.84364307,-0.52134478,0
-0.33213711,1.1356062,1.3045048,-0.98560715,0.16682267,0.027364224,0
0.93681717,1.8088409,2.3097553,0.98560715,-0.16682267,-0.027364224,0
-1.0339711,-3.6475203,0.82633114,-0.98560715,0.16682267,0.027364224,0
0.53455925,-0.20887995,4.1826425,0.11005783,0.51032984,0.85290724,0
1.1799822,4.4174542,0.15702271,0.98560715,-0.16682267,-0.027364224,0
-0.19594145,1.0871725,3.0008042,-0.98560715,0.16682267,0.027364224,0
0.016152263,-2.7502098,1.4662768,0.98560715,-0.16682267,-0.027364224,0
-0.32672504,0.8865248,-0.87873209,-0.98560715,0.16682267,0.027364224,0
0.30550766,4.0280223,-0.97370934,0.12831944,0.84364307,-0.52134478,0
-1.1290536,-4.4643388,-1.3914969,-0.11005783,-0.51032984,-0.85290724,0
0.35637617,4.6679568,1.1847625,0.11005783,0.51032984,0.85290724,0
-0.12166905,2.5492654,0.98288798,-0.98560715,0.16682267,0.027364224,0
0.54862511,1.3780551,-5.0153923,-0.11005783,-0.51032984,-0.85290724,0
-0.67474991,-2.3006809,3.9117467,-0.12831944,-0.84364307,0.52134478,0
0.97369432,3.483665,-1.7077348,0.12831944,0.84364307,-0.52134478,0
-0.8480401,-2.0092916,0.060474396,-0.98560715,0.16682267,0.027364224,0
-0.06088829,1.0020633,3.4557261,0.11005783,0.51032984,0.85290724,0
0.59033036,0.61670756,3.7235396,0.11005783,0.51032984,0.85290724,0
0.043389082,1.9029698,3.0502157,0.11005783,0.51032984,0.85290724,0
0.61113095,1.8777276,2.8084483,0.11005783,0.51032984,0.85290724,0
0.0023741722,-1.9096637,-2.9275131,-0.11005783,-0.51032984,-0.85290724,0
-0.44817829,0.79780281,-4.384923,-0.98560715,0.16682267,0.027364224,0
-1.0925848,-2.741385,-1.8730437,-0.98560715,0.16682267,0.027364224,0
-0.42732668,-2.1533842,4.0711842,-0.12831944,-0.84364307,0.52134478,0
0.38245368,4.4535799,-0.35944819,0.12831944,0.84364307,-0.52134478,0
0.29293239,-0.5020684,-1.7337112,0.98560715,-0.16682267,-0.027364224,0
-0.53640509,-4.9498987,-1.0970232,-0.11005783,-0.51032984,-0.85290724,0
0.64735842,3.6936359,-1.4304578,0.12831944,0.84364307,-0.52134478,0
-0.87576532,-4.705368,-1.2045834,-0.11005783,-0.51032984,-0.85290724,0
-0.49734676,-0.11083305,-1.2228217,-0.98560715,0.16682267,0.027364224,0
0.43269229,0.24175221,-2.590461,0.98560715,-0.16682267,-0.027364224,0
0.070705764,2.5148726,-3.5706668,0.12831944,0.84364307,-0.52134478,0
-0.091762543,-4.0213366,0.1666441,0.98560715,-0.16682267,-0.027364224,0
-0.15256953,-2.0495839,4.325717,-0.12831944,-0.84364307,0.52134478,0
-0.53270745,0.80421185,-3.4017222,-0.98560715,0.16682267,0.027364224,0
-1.2020004,-3.648742,-1.8162327,-0.11005783,-0.51032984,-0.85290724,0
-0.14411724,-3.4690435,1.9097724,-0.12831944,-0.84364307,0.52134478,0
-0.21270776,-3.8701973,1.4945638,-0.12831944,-0.84364307,0.52134478,0
-0.87759137,-2.7403889,2.9781995,-0.98560715,0.16682267,0.027364224,0
-0.90027356,-2.3394711,-2.315062,-0.98560715,0.16682267,0.027364224,0
1.1048586,4.3285756,-0.55865002,0.12831944,0.84364307,-0.52134478,0
-0.28641343,0.87036753,2.8272803,-0.98560715,0.16682267,0.027364224,0
-0.8936466,-2.4169064,2.3974628,-0.98560715,0.16682267,0.027364224,0
-0.3193593,-0.7426883,-3.5056434,-0.11005783,-0.51032984,-0.85290724,0
-1.2923708,-4.1351347,-1.2263122,-0.98560715,0.16682267,0.027364224,0
-0.97383463,-3.1475465,1.7442272,-0.98560715,0.16682267,0.027364224,0
-1.14364,-4.1384263,0.65365195,-0.98560715,0.16682267,0.027364224,0
-0.30172539,-4.1231003,-1.0244515,0.98560715,-0.16682267,-0.027364224,0
0.73141885,1.3827405,2.2518265,0.98560715,-0.16682267,-0.027364224,0
0.11299014,-0.95461744,-3.6544762,-0.11005783,-0.51032984,-0.85290724,0
0.89427972,2.6354015,-1.1728946,0.98560715,-0.16682267,-0.027364224,0
-0.36533827,-2.9062147,2.7557909,-0.12831944,-0.84364307,0.52134478,0
-0.15975797,1.9163384,-4.7298102,0.12831944,0.84364307,-0.52134478,0
0.75520372,3.0294857,2.1845009,0.11005783,0.51032984,0.85290724,0
0.15096021,1.9791554,-4.3731461,0.12831944,0.84364307,-0.52134478,0
-0.14213824,2.8852134,-1.6958208,-0.98560715,0.16682267,0.027364224,0
0.66482717,2.759311,-2.9157939,0.12831944,0.84364307,-0.52134478,0
-1.0572236,-3.4846909,-1.8704593,-0.11005783,-0.51032984,-0.85290724,0
-0.41254616,0.48195481,-4.4446683,-0.11005783,-0.51032984,-0.85290724,0
0.13653016,-2.7750239,1.0389448,0.98560715,-0.16682267,-0.027364224,0
0.95579052,3.6790004,1.7746813,0.11005783,0.51032984,0.85290724,0
0.039770722,-3.2873778,2.1482108,0.98560715,-0.16682267,-0.027364224,0
-0.72957826,-0.66492844,-3.5656703,-0.98560715,0.16682267,0.027364224,0
-0.26549244,1.5575989,2.5862367,-0.98560715,0.16682267,0.027364224,0
-0.31362641,-3.2617402,2.3448184,-0.12831944,-0.84364307,0.52134478,0
-0.46744683,0.92918259,-1.8024681,-0.98560715,0.16682267,0.027364224,0
0.12606001,1.8229797,3.0737851,0.11005783,0.51032984,0.85290724,0
0.66124922,1.8340895,-2.1136975,0.98560715,-0.16682267,-0.027364224,0
0.24800706,1.6457014,-4.8607855,0.12831944,0.84364307,-0.52134478,0
0.041292906,3.6474907,0.85983992,-0.98560715,0.16682267,0.027364224,0
0.8463589,2.4817724,-2.9004369,0.98560715,-0.16682267,-0.027364224,0
0.29910961,2.7504973,-3.219192,0.12831944,0.84364307,-0.52134478,0
-0.61678463,-1.7172654,3.7168212,-0.98560715,0.16682267,0.027364224,0
-1.2776146,-4.4936147,-1.1895475,-0.98560715,0.16682267,0.027364224,0
1.0722343,3.0275092,-1.1166228,0.98560715,-0.16682267,-0.027364224,0
0.40594995,1.550462,-5.1391006,0.12831944,0.84364307,-0.52134478,0
0.78466785,2.1047583,-3.9497559,0.12831944,0.84364307,-0.52134478,0
1.1671519,4.9492059,0.9458735,0.11005783,0.51032984,0.85290724,0
-0.27921009,-4.4841418,-1.3938582,0.98560715,-0.16682267,-0.027364224,0
-0.51430082,-4.6063743,-1.3072581,-0.11005783,-0.51032984,-0.85290724,0
-0.020645857,-2.0962174,4.1567245,-0.12831944,-0.84364307,0.52134478,0
-0.7171495,-2.0962148,4.2084055,-0.12831944,-0.84364307,0.52134478,0
-0.36945999,-2.997618,2.8378148,-0.12831944,-0.84364307,0.52134478,0
-0.98183405,-2.4895716,-0.052476406,-0.98560715,0.16682267,0.027364224,0
0.59804851,1.1820257,-2.9800038,0.98560715,-0.16682267,-0.027364224,0
0.94670486,4.6703358,0.17571282,0.12831944,0.84364307,-0.52134478,0
-0.28554916,-3.5895221,1.7522275,-0.12831944,-0.84364307,0.52134478,0
1.1655402,4.9096065,0.68757701,0.12831944,0.84364307,-0.52134478,0
-0.58823633,-2.0894332,-2.8133223,-0.11005783,-0.51032984,-0.85290724,0
0.2990458,-1.1495086,-0.98673308,0.98560715,-0.16682267,-0.027364224,0
0.64819336,4.95292,1.1176741,0.11005783,0.51032984,0.85290724,0
0.42047119,3.3514099,2.0016894,0.11005783,0.51032984,0.85290724,0
0.72084653,3.2586212,-2.2479458,0.12831944,0.84364307,-0.52134478,0
-0.77871072,-1.3495566,1.1093261,-0.98560715,0.16682267,0.027364224,0
-0.48699355,0.34050369,-4.2536836,-0.11005783,-0.51032984,-0.85290724,0
-0.41553688,-4.9398069,-0.34215188,-0.12831944,-0.84364307,0.52134478,0
1.3131461,4.3280516,1.0511436,0.98560715,-0.16682267,-0.027364224,0
0.1080792,-2.3367567,-1.0752156,0.98560715,-0.16682267,-0.027364224,0
0.91685057,3.9156742,-0.95317936,0.12831944,0.84364307,-0.52134478,0
0.8755362,3.0542917,-2.0778682,0.98560715,-0.16682267,-0.027364224,0
0.34148157,3.4306521,-2.0861037,0.12831944,0.84364307,-0.52134478,0
0.87331724,1.7310152,1.4666995,0.98560715,-0.16682267,-0.027364224,0
0.73561972,2.3242254,-3.7131543,0.12831944,0.84364307,-0.52134478,0
0.64845854,2.0149577,-4.3052058,0.12831944,0.84364307,-0.52134478,0
1.1026614,3.8427658,-1.0194485,0.12831944,0.84364307,-0.52134478,0
-0.45435512,-3.0536022,2.5858088,-0.12831944,-0.84364307,0.52134478,0
-0.1142416,-2.486088,-2.5756197,-0.11005783,-0.51032984,-0.85290724,0
0.94408196,2.8025205,-2.1502604,0.98560715,-0.16682267,-0.027364224,0
-0.91786289,-5.0392609,-0.74363852,-0.12831944,-0.84364307,0.52134478,0
0.47055292,-0.40309691,3.3335888,0.98560715,-0.16682267,-0.027364224,0
0.71109456,1.8801508,-1.8938959,0.98560715,-0.16682267,-0.027364224,0
-0.33399153,-0.8886503,4.6955366,0.11005783,0.51032984,0.85290724,0
-0.14458823,1.0613446,3.4324596,0.11005783,0.51032984,0.85290724,0
0.65226603,3.8575969,1.6100247,0.11005783,0.51032984,0.85290724,0
-0.38554886,0.69157314,-0.2793296,-0.98560715,0.16682267,0.027364224,0
0.055178165,0.20934212,-4.349381,-0.11005783,-0.51032984,-0.85290724,0
0.53858972,1.3089001,3.1631598,0.11005783,0.51032984,0.85290724,0
-1.0787787,-4.8049645,-0.27840567,-0.12831944,-0.84364307,0.52134478,0
-0.49339128,0.063064814,-4.1935625,-0.11005783,-0.51032984,-0.85290724,0
0.19032407,4.1421332,-0.88226247,0.12831944,0.84364307,-0.52134478,0
-0.68326837,-2.207087,3.7836294,-0.12831944,-0.84364307,0.52134478,0
-1.2148862,-4.3075728,-1.3595922,-0.11005783,-0.51032984,-0.85290724,0
-0.34346247,1.6937952,-4.9632945,0.12831944,0.84364307,-0.52134478,0
-0.27607793,-2.9098465,2.9426184,-0.12831944,-0.84364307,0.52134478,0
-1.0461512,-3.1288404,1.0353872,-0.98560715,0.16682267,0.027364224,0
0.41214633,1.7028167,3.1206346,0.11005783,0.51032984,0.85290724,0
0.21505189,-1.6800121,5.1550717,-0.12831944,-0.84364307,0.52134478,0
-0.44245434,-0.75096542,4.2317605,-0.98560715,0.16682267,0.027364224,0
-0.020570278,0.096067905,4.0397105,0.11005783,0.51032984,0.85290724,0
0.251055,0.34104538,3.9656513,0.11005783,0.51032984,0.85290724,0
0.48228216,2.0404723,-4.148623,0.12831944,0.84364307,-0.52134478,0
-0.99772453,-3.5059028,-1.8674839,-0.11005783,-0.51032984,-0.85290724,0
0.74911308,1.2819549,-1.1894681,0.98560715,-0.16682267,-0.027364224,0
-0.63478184,-3.9781919,1.1770046,-0.12831944,-0.84364307,0.52134478,0
-0.6337328,-2.7407894,2.9410701,-0.12831944,-0.84364307,0.52134478,0
-0.21720552,-4.5391603,0.013844967,0.98560715,-0.16682267,-0.027364224,0
0.097337008,3.3213148,-0.46028399,-0.98560715,0.16682267,0.027364224,0
0.20647794,-2.1776624,4.3024645,-0.12831944,-0.84364307,0.52134478,0
0.056324482,1.7430956,-4.7891512,0.12831944,0.84364307,-0.52134478,0
-0.65056849,-5.1186881,-1.0072975,-0.11005783,-0.51032984,-0.85290724,0
0.39763832,3.4267685,1.9265436,0.11005783,0.51032984,0.85290724,0
1.0284009,3.2834985,1.9191121,0.11005783,0.51032984,0.85290724,0
-0.52464652,0.58992994,-4.3398476,-0.11005783,-0.51032984,-0.85290724,0
-0.26677057,-2.3340285,3.9361033,-0.12831944,-0.84364307,0.52134478,0
0.65861535,3.9577193,-1.0446937,0.12831944,0.84364307,-0.52134478,0
0.33705437,-1.5012043,4.8941703,0.11005783,0.51032984,0.85290724,0
0.84457463,2.3752165,-1.2256342,0.98560715,-0.16682267,-0.027364224,0
-0.40505958,-3.9760163,1.2186902,-0.12831944,-0.84364307,0.52134478,0
-1.2869329,-4.4402399,-1.1984226,-0.11005783,-0.51032984,-0.85290724,0
0.83452785,2.0473926,-2.2399092,0.98560715,-0.16682267,-0.027364224,0
0.45077801,4.5882292,1.3772957,0.11005783,0.51032984,0.85290724,0
0.88594055,3.1058621,2.1200185,0.11005783,0.51032984,0.85290724,0
0.80374312,3.1375833,2.066411,0.11005783,0.51032984,0.85290724,0
0.16019702,2.547231,-3.4172616,0.12831944,0.84364307,-0.52134478,0
0.11746463,2.403686,-3.9205818,0.12831944,0.84364307,-0.52134478,0
-0.27259544,1.3114929,-1.01983,-0.98560715,0.16682267,0.027364224,0
-0.32072735,1.1569887,-4.7927799,-0.11005783,-0.51032984,-0.85290724,0
-0.28788042,-2.6977279,-2.4762223,-0.11005783,-0.51032984,-0.85290724,0
0.25818515,-0.71117026,-3.0067365,0.98560715,-0.16682267,-0.027364224,0
0.027248621,1.1753019,-4.7388391,-0.11005783,-0.51032984,-0.85290724,0
0.21864045,-2.2754707,4.0985928,-0.12831944,-0.84364307,0.52134478,0
0.080765486,-1.9679213,4.4604397,-0.12831944,-0.84364307,0.52134478,0
0.3718257,4.4504113,1.4197583,0.11005783,0.51032984,0.85290724,0
-0.38855672,-1.9556713,-2.8631961,-0.11005783,-0.51032984,-0.85290724,0
0.62662697,3.6111794,1.8044915,0.11005783,0.51032984,0.85290724,0
-0.21595544,2.029963,-4.3291621,0.12831944,0.84364307,-0.52134478,0
-0.064025283,-2.8787215,3.0467236,-0.12831944,-0.84364307,0.52134478,0
0.63836122,0.30738795,3.3554068,0.98560715,-0.16682267,-0.027364224,0
-0.68253326,-4.020453,-1.5101157,-0.11005783,-0.51032984,-0.85290724,0
0.022756338,-0.70858049,4.6217003,0.11005783,0.51032984,0.85290724,0
0.4636488,3.5374451,-1.6947815,0.12831944,0.84364307,-0.52134478,0
0.43348074,4.1688671,-0.82426095,0.12831944,0.84364307,-0.52134478,0
0.46269679,1.5080656,3.2473147,0.11005783,0.51032984,0.85290724,0
0.037314892,2.4086607,2.7224889,0.11005783,0.51032984,0.85290724,0
-0.58811069,-0.72720397,4.069767,-0.98560715,0.16682267,0.027364224,0
-0.38428879,0.63775611,2.5400138,-0.98560715,0.16682267,0.027364224,0
0.9389348,1.7963008,2.1434383,0.98560715,-0.16682267,-0.027364224,0
-0.036155403,-2.3414662,3.8228698,-0.12831944,-0.84364307,0.52134478,0
0.45041794,2.7951152,-2.9686544,0.12831944,0.84364307,-0.52134478,0
-0.85219359,-1.6749556,1.0314317,-0.98560715,0.16682267,0.027364224,0
-0.31034315,1.3121989,-4.9344401,-0.11005783,-0.51032984,-0.85290724,0
0.091592669,2.168972,-4.2530408,0.12831944,0.84364307,-0.52134478,0
0.59759092,3.7928715,-1.3250222,0.12831944,0.84364307,-0.52134478,0
-0.65985537,-2.9488869,2.6092505,-0.12831944,-0.84364307,0.52134478,0
0.66053611,3.0087397,-2.548368,0.12831944,0.84364307,-0.52134478,0
0.50200987,-0.60543668,4.3550735,0.11005783,0.51032984,0.85290724,0
0.46628964,0.49308968,-2.869344,0.98560715,-0.16682267,-0.027364224,0
0.62401307,1.5823922,-4.7850866,0.98560715,-0.16682267,-0.027364224,0
-0.48684531,-2.4914513,3.5848813,-0.12831944,-0.84364307,0.52134478,0
0.66062188,1.3776777,-1.4360323,0.98560715,-0.16682267,-0.027364224,0
0.5186305,1.7084081,-4.7372847,0.12831944,0.84364307,-0.52134478,0
0.55572557,-0.085827768,-1.1089337,0.98560715,-0.16682267,-0.027364224,0
0.65212941,3.3735552,-2.2229052,0.12831944,0.84364307,-0.52134478,0
0.51476097,4.7822404,0.32881379,0.12831944,0.84364307,-0.52134478,0
-0.034156322,2.0169413,1.9662905,-0.98560715,0.16682267,0.027364224,0
-0.21855664,-3.0074177,2.6779783,-0.12831944,-0.84364307,0.52134478,0
-0.94238216,-2.8694663,1.7990252,-0.98560715,0.16682267,0.027364224,0
0.15385222,2.4243698,2.5418401,0.11005783,0.51032984,0.85290724,0
-0.36921358,-1.3351774,5.0103602,0.11005783,0.51032984,0.85290724,0
-1.0866122,-4.0505071,1.028914,-0.12831944,-0.84364307,0.52134478,0
-0.57052517,-0.76942122,-3.6596313,-0.11005783,-0.51032984,-0.85290724,0
0.49899769,1.0451475,3.5038962,0.11005783,0.51032984,0.85290724,0
-0.082705259,-0.0099726915,-4.0638962,-0.11005783,-0.51032984,-0.85290724,0
-0.59359825,-2.8797286,2.8464937,-0.12831944,-0.84364307,0.52134478,0
0.64605963,1.6052995,-2.8087306,0.98560715,-0.16682267,-0.027364224,0
-0.70280361,-3.3227494,-2.0532877,-0.11005783,-0.51032984,-0.85290724,0
-0.10569,2.4722948,-1.6416067,-0.98560715,0.16682267,0.027364224,0
-1.1915169,-3.68135,1.1135256,-0.98560715,0.16682267,0.027364224,0
-0.058135003,-2.7081597,3.2448947,-0.12831944,-0.84364307,0.52134478,0
-1.1536744,-4.2103443,0.52521968,-0.12831944,-0.84364307,0.52134478,0
-0.042740583,-0.34484243,4.2140751,0.11005783,0.51032984,0.85290724,0
0.087838292,-1.8654482,-0.2945739,0.98560715,-0.16682267,-0.027364224,0
-0.040506124,-3.2135684,1.7697268,0.98560715,-0.16682267,-0.027364224,0
1.1208405,2.8177795,2.372925,0.11005783,0.51032984,0.85290724,0
0.58044076,3.4340093,-1.9001667,0.12831944,0.84364307,-0.52134478,0
0.11420989,4.1415939,-0.74206781,-0.98560715,0.16682267,0.027364224,0
-0.39741278,-2.57938,-2.5462468,-0.11005783,-0.51032984,-0.85290724,0
-0.35881352,1.2225907,-3.5686316,-0.98560715,0.16682267,0.027364224,0
0.92361307,2.7362418,2.3960748,0.11005783,0.51032984,0.85290724,0
-0.74965811,-4.0410366,-1.6606284,-0.11005783,-0.51032984,-0.85290724,0
0.31196165,4.0788307,1.6235806,0.11005783,0.51032984,0.85290724,0
-0.2611661,-4.5275488,-1.1166172,0.98560715,-0.16682267,-0.027364224,0
0.20482755,-1.8736069,0.0057189465,0.98560715,-0.16682267,-0.027364224,0
-0.59718943,-3.4774706,1.8702691,-0.12831944,-0.84364307,0.52134478,0
-0.36600542,-5.1950769,-0.9583118,-0.12831944,-0.84364307,0.52134478,0
-0.36075997,-0.63443995,-3.7505658,-0.11005783,-0.51032984,-0.85290724,0
-0.14554191,2.247664,1.025865,-0.98560715,0.16682267,0.027364224,0
0.028208733,-2.409101,-2.7012064,-0.11005783,-0.51032984,-0.85290724,0
-1.0527675,-2.9499509,-2.1026139,-0.98560715,0.16682267,0.027364224,0
0.301265,1.7325938,2.95226,0.11005783,0.51032984,0.85290724,0
0.67687082,1.053809,3.4311533,0.11005783,0.51032984,0.85290724,0
0.15568233,-2.346077,-1.7583784,0.98560715,-0.16682267,-0.027364224,0
0.53311753,1.8007081,-4.5840511,0.12831944,0.84364307,-0.52134478,0
-0.76787817,-0.94590843,-0.27146405,-0.98560715,0.16682267,0.027364224,0
-0.90907598,-2.359024,-1.670646,-0.98560715,0.16682267,0.027364224,0
0.43911767,0.20731628,3.9698167,0.11005783,0.51032984,0.85290724,0
-0.81067157,-3.7788417,1.2585456,-0.12831944,-0.84364307,0.52134478,0
-0.95878637,-3.4061255,2.0124502,-0.12831944,-0.84364307,0.52134478,0
-0.9051826,-4.0596795,0.83765888,-0.12831944,-0.84364307,0.52134478,0
0.24993515,-0.42466354,-3.7797213,-0.11005783,-0.51032984,-0.85290724,0
-0.30807447,0.54830784,3.7762411,0.11005783,0.51032984,0.85290724,0
0.9961412,2.7222996,2.1343508,0.98560715,-0.16682267,-0.027364224,0
0.50633264,-0.029993415,-0.52162373,0.98560715,-0.16682267,-0.027364224,0
0.41969252,3.7165389,1.7495052,0.11005783,0.51032984,0.85290724,0
0.035403967,1.8797746,-4.587934,0.12831944,0.84364307,-0.52134478,0
-0.9309268,-2.2985287,-1.8832289,-0.98560715,0.16682267,0.027364224,0
-0.24163294,-3.9529181,1.15273,-0.12831944,-0.84364307,0.52134478,0
-0.99544835,-2.8680286,1.0096593,-0.98560715,0.16682267,0.027364224,0
0.054693699,-2.6858103,-1.0352117,0.98560715,-0.16682267,-0.027364224,0
0.3131876,0.57739508,-4.5729356,-0.11005783,-0.51032984,-0.85290724,0
-0.28673202,2.2162209,-4.1031747,0.12831944,0.84364307,-0.52134478,0
0.32210326,-0.087569833,-3.2057314,0.98560715,-0.16682267,-0.027364224,0
0.35996726,-1.7895662,3.3707364,0.98560715,-0.16682267,-0.027364224,0
-0.43222952,1.4611146,-4.0396008,-0.98560715,0.16682267,0.027364224,0
0.16504741,-1.9831222,-1.450271,0.98560715,-0.16682267,-0.027364224,0
-0.60099328,-0.76064914,3.6181674,-0.98560715,0.16682267,0.027364224,0
-0.60593462,-0.70823157,2.8411627,-0.98560715,0.16682267,0.027364224,0
0.10814536,3.1804452,-2.3508594,0.12831944,0.84364307,-0.52134478,0
0.27483046,-2.0885813,1.1895829,0.98560715,-0.16682267,-0.027364224,0
0.70849907,2.9899921,-2.6745296,0.12831944,0.84364307,-0.52134478,0
0.08453536,1.2889215,3.2990615,0.11005783,0.51032984,0.85290724,0
-0.31105661,-4.890439,-0.44517851,-0.12831944,-0.84364307,0.52134478,0
1.0173035,4.8808951,0.48630428,0.12831944,0.84364307,-0.52134478,0
0.78689843,2.5719614,-2.6814504,0.98560715,-0.16682267,-0.027364224,0
-0.48956144,0.32182494,1.3544961,-0.98560715,0.16682267,0.027364224,0
1.0395169,3.3408449,1.9393134,0.11005783,0.51032984,0.85290724,0
-0.88359356,-1.3690695,-2.7913165,-0.98560715,0.16682267,0.027364224,0
0.77036273,1.4857261,1.2079887,0.98560715,-0.16682267,-0.027364224,0
-0.7636624,-3.0781474,2.4433351,-0.12831944,-0.84364307,0.52134478,0
0.69893789,0.39280033,3.3705659,0.98560715,-0.16682267,-0.027364224,0
-0.40470123,-3.1584475,-2.1612198,-0.11005783,-0.51032984,-0.85290724,0
-0.070623405,2.6364188,-3.4841661,0.12831944,0.84364307,-0.52134478,0
0.42155576,1.1540838,3.4124393,0.11005783,0.51032984,0.85290724,0
-0.25069857,-1.1354257,-3.3076763,-0.11005783,-0.51032984,-0.85290724,0
-0.99624562,-3.074842,-2.0517516,-0.11005783,-0.51032984,-0.85290724,0
0.89348173,4.5861616,1.2106643,0.11005783,0.51032984,0.85290724,0
1.1278558,3.3105013,0.39366615,0.98560715,-0.16682267,-0.027364224,0
0.24370313,-0.33908725,4.168622,0.11005783,0.51032984,0.85290724,0
0.7091915,1.1897223,-3.0194139,0.98560715,-0.16682267,-0.027364224,0
0.45967478,-0.50049591,1.0155646,0.98560715,-0.16682267,-0.027364224,0
0.10155106,0.53150213,3.855798,0.11005783,0.51032984,0.85290724,0
0.48268116,1.2288491,-4.8051767,0.98560715,-0.16682267,-0.027364224,0
0.46511054,3.8267918,-1.4535749,0.12831944,0.84364307,-0.52134478,0
0.62644386,4.8100901,1.1341722,0.11005783,0.51032984,0.85290724,0
0.2538234,3.019696,-2.5683308,0.12831944,0.84364307,-0.52134478,0
-0.2544874,1.4279842,0.49579805,-0.98560715,0.16682267,0.027364224,0
0.030265331,1.930213,2.9957342,0.11005783,0.51032984,0.85290724,0
-0.10031104,-3.6400213,-0.11091137,0.98560715,-0.16682267,-0.027364224,0
-0.81410456,-1.3409983,-2.7354357,-0.98560715,0.16682267,0.027364224,0
-0.56916475,-2.9447904,-2.1737413,-0.11005783,-0.51032984,-0.85290724,0
-0.65584135,-0.1280303,-3.4978707,-0.98560715,0.16682267,0.027364224,0
0.14391243,-2.7424853,0.87975371,0.98560715,-0.16682267,-0.027364224,0
-0.96270704,-5.0572867,-0.56168079,-0.12831944,-0.84364307,0.52134478,0
-1.0938954,-4.5708117,-1.2238697,-0.11005783,-0.51032984,-0.85290724,0
-1.0030854,-3.3879144,1.0041388,-0.98560715,0.16682267,0.027364224,0
0.17143393,0.71627021,-4.5474195,-0.11005783,-0.51032984,-0.85290724,0
1.2739062,4.4417448,1.1202251,0.98560715,-0.16682267,-0.027364224,0
0.16582775,-1.9802568,2.8004763,0.98560715,-0.16682267,-0.027364224,0
0.90805578,1.9165887,2.2547855,0.98560715,-0.16682267,-0.027364224,0
0.22394025,-2.1826501,4.2872171,-0.12831944,-0.84364307,0.52134478,0
0.3481431,1.8457947,2.9014411,0.11005783,0.51032984,0.85290724,0
-0.1981421,-2.4740045,3.4557967,-0.12831944,-0.84364307,0.52134478,0
0.89053893,2.2303133,1.9967234,0.98560715,-0.16682267,-0.027364224,0
0.63381028,3.732913,-1.6221914,0.12831944,0.84364307,-0.52134478,0
-0.099584937,1.8092842,-4.7216487,0.12831944,0.84364307,-0.52134478,0
-1.1505842,-4.967113,-0.76464343,-0.12831944,-0.84364307,0.52134478,0
-0.84540033,-1.1999508,-2.5461226,-0.98560715,0.16682267,0.027364224,0
-0.014283419,-3.0300376,2.6384401,-0.12831944,-0.84364307,0.52134478,0
-0.70828581,-4.8921266,-0.59030747,-0.12831944,-0.84364307,0.52134478,0
0.34328127,5.2339096,0.92015409,0.11005783,0.51032984,0.85290724,0
-0.58580589,-0.67191243,-3.5864015,-0.11005783,-0.51032984,-0.85290724,0
-0.09196496,-3.4802904,1.3339112,0.98560715,-0.16682267,-0.027364224,0
0.73847175,1.2761959,2.9667926,0.98560715,-0.16682267,-0.027364224,0
0.83224875,1.9804127,-3.5638318,0.98560715,-0.16682267,-0.027364224,0
-0.95607424,-3.9727752,-1.6099623,-0.11005783,-0.51032984,-0.85290724,0
1.0797973,4.0183086,1.6142709,0.11005783,0.51032984,0.85290724,0
0.14730588,2.4781086,-3.6083565,0.12831944,0.84364307,-0.52134478,0
-0.68121707,-0.76307583,-0.18014736,-0.98560715,0.16682267,0.027364224,0
-0.65542412,-1.831094,-2.8344197,-0.11005783,-0.51032984,-0.85290724,0
-0.070525825,-2.3475316,3.8253098,-0.12831944,-0.84364307,0.52134478,0
0.77085137,2.8904765,2.1586196,0.11005783,0.51032984,0.85290724,0
-0.45751023,-0.49653363,-3.8587277,-0.11005783,-0.51032984,-0.85290724,0
0.069850922,-2.8002558,-2.034229,0.98560715,-0.16682267,-0.027364224,0
1.1265173,3.8418283,1.3509853,0.98560715,-0.16682267,-0.027364224,0
-0.1958431,1.4056803,-4.9161034,-0.11005783,-0.51032984,-0.85290724,0
-0.5203985,-0.060409427,-1.9597765,-0.98560715,0.16682267,0.027364224,0
0.58751237,3.6687517,-1.7619975,0.12831944,0.84364307,-0.52134478,0
0.5359205,1.4906653,-4.6863017,0.98560715,-0.16682267,-0.027364224,0
-0.30641782,2.1317639,-4.4213734,0.12831944,0.84364307,-0.52134478,0
0.06764555,3.0607581,1.8159707,-0.98560715,0.16682267,0.027364224,0
-0.15739262,-1.5609494,4.9535594,0.11005783,0.51032984,0.85290724,0
0.246562,3.566494,-1.797832,0.12831944,0.84364307,-0.52134478,0
-0.63285041,-4.2505617,0.67465472,-0.12831944,-0.84364307,0.52134478,0
0.59122342,0.63225126,0.78625584,0.98560715,-0.16682267,-0.027364224,0
-0.32194281,0.064102054,3.7502875,-0.98560715,0.16682267,0.027364224,0
-0.7349577,-3.2120295,-2.0929682,-0.11005783,-0.51032984,-0.85290724,0
0.74638218,3.0373969,-2.6204264,0.12831944,0.84364307,-0.52134478,0
0.2659831,4.5296769,-0.21486211,0.12831944,0.84364307,-0.52134478,0
-0.21365875,2.2011766,-4.2276168,-0.98560715,0.16682267,0.027364224,0
0.43290758,0.44847453,-1.9225669,0.98560715,-0.16682267,-0.027364224,0
-0.48246837,-2.3241122,-2.5640607,-0.11005783,-0.51032984,-0.85290724,0
0.6517356,0.33094782,0.95212996,0.98560715,-0.16682267,-0.027364224,0
-0.20649397,2.1711733,-4.3673258,0.12831944,0.84364307,-0.52134478,0
-0.67046499,-4.821856,-1.1289687,-0.11005783,-0.51032984,-0.85290724,0
0.90528989,2.8930399,2.3505812,0.11005783,0.51032984,0.85290724,0
0.19617376,-2.222857,2.7671638,0.98560715,-0.16682267,-0.027364224,0
-0.73436069,-0.56281102,-3.2393746,-0.98560715,0.16682267,0.027364224,0
-0.3237493,1.4048599,-4.8317623,-0.11005783,-0.51032984,-0.85290724,0
-0.0094866753,2.5727065,-0.0083280802,-0.98560715,0.16682267,0.027364224,0
0.63727593,2.7009065,2.4757583,0.11005783,0.51032984,0.85290724,0
0.8058548,1.2271839,3.2693887,0.11005783,0.51032984,0.85290724,0
-0.021330595,-3.6608052,1.6559296,-0.12831944,-0.84364307,0.52134478,0
1.0249777,3.2836299,2.1050842,0.11005783,0.51032984,0.85290724,0
-0.50297976,-3.2121053,2.2545972,-0.12831944,-0.84364307,0.52134478,0
0.14477468,-0.45338559,4.2831578,0.11005783,0.51032984,0.85290724,0
0.66011214,4.084455,-1.0052531,0.12831944,0.84364307,-0.52134478,0
-0.18677831,-0.10612738,4.1517558,0.11005783,0.51032984,0.85290724,0
-0.046731472,1.2788723,3.409029,0.11005783,0.51032984,0.85290724,0
1.0840631,3.5820084,1.7537043,0.11005783,0.51032984,0.85290724,0
0.82156372,4.6220245,-0.10621858,0.12831944,0.84364307,-0.52134478,0
0.91173172,4.9894872,0.54974222,0.12831944,0.84364307,-0.52134478,0
-0.67345023,-2.4382017,-2.6285779,-0.11005783,-0.51032984,-0.85290724,0
-0.62002242,-1.1105123,4.6509409,-0.98560715,0.16682267,0.027364224,0
0.83810949,4.4439087,1.2298268,0.11005783,0.51032984,0.85290724,0
-0.93677121,-2.6727889,2.6122551,-0.98560715,0.16682267,0.027364224,0
0.00080943108,-1.3643579,5.0348692,0.11005783,0.51032984,0.85290724,0
0.68588161,4.6615334,1.1317987,0.11005783,0.51032984,0.85290724,0
0.8966217,4.0687623,1.5338435,0.11005783,0.51032984,0.85290724,0
0.0095248818,-3.0186806,2.7267251,-0.12831944,-0.84364307,0.52134478,0
0.96683264,4.3675961,-0.17974067,0.12831944,0.84364307,-0.52134478,0
0.12778378,-2.4150994,-2.5683122,0.98560715,-0.16682267,-0.027364224,0
0.52982163,4.08494,-0.87525845,0.12831944,0.84364307,-0.52134478,0
0.15993524,-0.46639919,-3.8686786,-0.11005783,-0.51032984,-0.85290724,0
-0.16118145,2.3936324,0.68790627,-0.98560715,0.16682267,0.027364224,0
-0.051146746,-3.1574619,-0.48070371,0.98560715,-0.16682267,-0.027364224,0
-0.62643814,-0.1899004,-3.9369569,-0.11005783,-0.51032984,-0.85290724,0
-0.86077511,-1.3717784,-1.0750284,-0.98560715,0.16682267,0.027364224,0
-0.44543362,-3.3279905,2.0163841,-0.12831944,-0.84364307,0.52134478,0
0.089861393,3.1909392,2.2575822,0.11005783,0.51032984,0.85290724,0
-0.69562912,-2.8354073,2.9806263,-0.12831944,-0.84364307,0.52134478,0
0.29148668,-0.92888641,1.3698764,0.98560715,-0.16682267,-0.027364224,0
-0.69152594,-5.0163298,-0.90506172,-0.11005783,-0.51032984,-0.85290724,0
0.52361441,0.13240665,0.88662219,0.98560715,-0.16682267,-0.027364224,0
-0.53419304,-0.45651281,2.4106197,-0.98560715,0.16682267,0.027364224,0
0.57919312,4.4599943,1.3560202,0.11005783,0.51032984,0.85290724,0
-0.24088335,-4.4223118,0.61901331,-0.12831944,-0.84364307,0.52134478,0
-0.46995795,0.1445682,1.026016,-0.98560715,0.16682267,0.027364224,0
-0.17070362,-2.6166983,3.5779963,-0.12831944,-0.84364307,0.52134478,0
-0.68879861,-2.4879377,3.5268803,-0.12831944,-0.84364307,0.52134478,0
-0.035591841,-3.2642145,2.4535451,-0.12831944,-0.84364307,0.52134478,0
0.75870061,1.7511513,1.8513141,0.98560715,-0.16682267,-0.027364224,0
-0.052901149,-2.101171,4.1279426,-0.12831944,-0.84364307,0.52134478,0
0.42148519,3.7800107,-1.5923228,0.12831944,0.84364307,-0.52134478,0
-0.34963048,1.0015092,0.17640352,-0.98560715,0.16682267,0.027364224,0
-1.2717209,-5.0010633,-0.90198088,-0.11005783,-0.51032984,-0.85290724,0
0.047797441,3.2614012,-1.5199776,-0.98560715,0.16682267,0.027364224,0
-0.035423875,1.9139628,-4.587944,0.12831944,0.84364307,-0.52134478,0
0.7190392,2.5793989,-3.1331697,0.12831944,0.84364307,-0.52134478,0
0.30257988,-1.0224187,-3.1087127,0.98560715,-0.16682267,-0.027364224,0
0.25710988,4.5450702,-0.40178347,-0.98560715,0.16682267,0.027364224,0
0.61896837,3.3426917,-2.2082829,0.12831944,0.84364307,-0.52134478,0
0.11572099,0.38410294,-4.3404217,-0.11005783,-0.51032984,-0.85290724,0
0.21908855,-1.9037846,-2.2316287,0.98560715,-0.16682267,-0.027364224,0
-0.96355629,-3.8934236,-1.5879891,-0.11005783,-0.51032984,-0.85290724,0
0.39714587,1.7197145,-4.8516645,0.12831944,0.84364307,-0.52134478,0
1.0697052,4.3436584,-0.25805497,0.12831944,0.84364307,-0.52134478,0
0.31110358,-0.57657015,-0.12217417,0.98560715,-0.16682267,-0.027364224,0
0.36976326,1.5779928,-4.9733596,0.12831944,0.84364307,-0.52134478,0
0.7792145,2.6627436,-3.1228092,0.12831944,0.84364307,-0.52134478,0
0.64187646,1.0061324,3.407866,0.11005783,0.51032984,0.85290724,0
-0.58320308,-1.4169487,3.8272355,-0.98560715,0.16682267,0.027364224,0
-0.90372944,-2.6826241,0.36630678,-0.98560715,0.16682267,0.027364224,0
-0.38254571,-3.9498551,1.2518642,-0.12831944,-0.84364307,0.52134478,0
-0.24798846,1.4673121,-0.0078414679,-0.98560715,0.16682267,0.027364224,0
0.9963249,2.4555538,0.19592309,0.98560715,-0.16682267,-0.027364224,0
0.70808983,2.4449303,2.4574134,0.11005783,0.51032984,0.85290724,0
1.1276898,4.8157701,0.43366551,0.12831944,0.84364307,-0.52134478,0
0.27308655,3.673671,1.8406695,0.11005783,0.51032984,0.85290724,0
-0.20905828,-3.4005291,-2.0772691,-0.11005783,-0.51032984,-0.85290724,0
-0.52670288,-0.49018061,0.19934073,-0.98560715,0.16682267,0.027364224,0
0.26863837,0.56841242,-4.5555387,-0.11005783,-0.51032984,-0.85290724,0
0.10388112,-2.5134096,-1.0222002,0.98560715,-0.16682267,-0.027364224,0
-0.076073527,-3.3109651,1.5802276,0.98560715,-0.16682267,-0.027364224,0
0.50981188,0.49811924,-0.15034132,0.98560715,-0.16682267,-0.027364224,0
0.10743546,-1.8226557,4.796267,-0.12831944,-0.84364307,0.52134478,0
-0.72295356,-3.7556963,1.2409468,-0.12831944,-0.84364307,0.52134478,0
-0.19978118,-3.3829949,2.1814401,-0.12831944,-0.84364307,0.52134478,0
0.3242321,0.71743226,-4.5258112,-0.11005783,-0.51032984,-0.85290724,0
0.70110095,3.1678746,-2.2262633,0.12831944,0.84364307,-0.52134478,0
-0.1359756,-1.0205033,4.7413068,0.11005783,0.51032984,0.85290724,0
0.3750608,1.7633311,-4.8196039,0.12831944,0.84364307,-0.52134478,0
-1.0576713,-2.8648317,-1.3244796,-0.98560715,0.16682267,0.027364224,0
-0.51149225,-4.6092248,-1.1761394,-0.11005783,-0.51032984,-0.85290724,0
-0.54816723,-4.936202,-0.99136066,-0.11005783,-0.51032984,-0.85290724,0
0.12056279,-1.742306,-1.6389923,0.98560715,-0.16682267,-0.027364224,0
-0.43624997,-1.5539005,-3.2027001,-0.11005783,-0.51032984,-0.85290724,0
-0.49987864,-1.6060033,-3.1634703,-0.11005783,-0.51032984,-0.85290724,0
0.47864681,2.9648676,-2.7526708,0.12831944,0.84364307,-0.52134478,0
-0.80926633,-0.89820004,-3.4123034,-0.11005783,-0.51032984,-0.85290724,0
0.80298519,1.9667537,1.6738585,0.98560715,-0.16682267,-0.027364224,0
-0.83134872,-2.0958645,4.2025967,-0.12831944,-0.84364307,0.52134478,0
1.0191281,3.4846213,0.74720132,0.98560715,-0.16682267,-0.027364224,0
-0.86793995,-5.0025396,-0.79423952,-0.12831944,-0.84364307,0.52134478,0
1.1499493,3.7937317,0.27153039,0.98560715,-0.16682267,-0.027364224,0
-0.063127995,2.5872147,2.6071038,0.11005783,0.51032984,0.85290724,0
-0.50723505,-4.3950696,0.50471711,-0.12831944,-0.84364307,0.52134478,0
0.046492577,-0.55119109,4.3179245,0.11005783,0.51032984,0.85290724,0
0.026113391,-2.4399672,1.0345306,0.98560715,-0.16682267,-0.027364224,0
0.45765162,1.5857861,-5.06286,0.12831944,0.84364307,-0.52134478,0
0.54127288,4.2228971,-0.72227645,0.12831944,0.84364307,-0.52134478,0
0.20138836,3.2755668,-2.4954574,0.12831944,0.84364307,-0.52134478,0
0.52324331,0.14719564,0.92800939,0.98560715,-0.16682267,-0.027364224,0
-0.039048314,-2.0921478,4.37076,-0.12831944,-0.84364307,0.52134478,0
-0.55378628,-3.3917334,-2.0984907,-0.11005783,-0.51032984,-0.85290724,0
-0.5092001,-0.06720674,-1.9229922,-0.98560715,0.16682267,0.027364224,0
-0.32990137,-2.7889862,2.9244027,-0.12831944,-0.84364307,0.52134478,0
0.43579006,3.5094423,-1.7749429,0.12831944,0.84364307,-0.52134478,0
-0.34871125,-4.1726642,0.74341536,-0.12831944,-0.84364307,0.52134478,0
-0.4702661,-0.88704628,4.7690859,0.11005783,0.51032984,0.85290724,0
-0.0362681,-2.6674941,3.3697901,-0.12831944,-0.84364307,0.52134478,0
-0.44642639,-4.6481113,0.033923626,-0.12831944,-0.84364307,0.52134478,0
-0.8732689,-2.1902261,2.6190419,-0.98560715,0.16682267,0.027364224,0
0.11214632,-2.2256467,4.2466106,-0.12831944,-0.84364307,0.52134478,0
0.15474415,4.0670815,-0.75869632,-0.98560715,0.16682267,0.027364224,0
-0.85182381,-4.1868658,0.57195902,-0.12831944,-0.84364307,0.52134478,0
-0.42745459,1.3665736,-4.951827,-0.11005783,-0.51032984,-0.85290724,0
0.47082672,0.10653931,-0.095497862,0.98560715,-0.16682267,-0.027364224,0
0.52739215,2.3651123,-3.6668358,0.12831944,0.84364307,-0.52134478,0
0.40648651,-1.0351901,4.7717366,0.11005783,0.51032984,0.85290724,0
1.1065085,3.3891048,0.29067552,0.98560715,-0.16682267,-0.027364224,0
0.33895671,-0.8996945,0.16970122,0.98560715,-0.16682267,-0.027364224,0
0.052149631,2.5511479,-3.5073028,0.12831944,0.84364307,-0.52134478,0
-0.3459506,-0.71521401,-3.6951165,-0.11005783,-0.51032984,-0.85290724,0
-0.26864123,-1.6433703,-3.0425749,-0.11005783,-0.51032984,-0.85290724,0
-0.0056525171,2.3137305,-3.7995424,0.12831944,0.84364307,-0.52134478,0
-0.22477365,-1.6940098,4.9791713,-0.12831944,-0.84364307,0.52134478,0
0.27300918,-0.66305912,-0.7802493,0.98560715,-0.16682267,-0.027364224,0
-1.226984,-4.3810344,-1.1907657,-0.98560715,0.16682267,0.027364224,0
-0.74738318,-2.0826347,4.1454558,-0.98560715,0.16682267,0.027364224,0
-0.26467037,1.7288125,1.5424112,-0.98560715,0.16682267,0.027364224,0
-0.26733875,-3.2117543,2.4037793,-0.12831944,-0.84364307,0.52134478,0
-0.69998771,-2.3707716,3.5258293,-0.12831944,-0.84364307,0.52134478,0
0.4082551,4.9758053,0.63651109,0.12831944,0.84364307,-0.52134478,0
0.0067244768,2.7787182,-3.1490986,0.12831944,0.84364307,-0.52134478,0
-0.61363935,-4.8635721,-0.2330792,-0.12831944,-0.84364307,0.52134478,0
0.56167936,3.5227907,1.9865503,0.11005783,0.51032984,0.85290724,0
-0.12871552,-1.0585358,4.6713176,0.11005783,0.51032984,0.85290724,0
-0.92521977,-4.1627121,0.68462682,-0.12831944,-0.84364307,0.52134478,0
-0.32292724,1.5699999,-3.3623967,-0.98560715,0.16682267,0.027364224,0
0.47931504,1.8423281,-4.7585297,0.12831944,0.84364307,-0.52134478,0
0.66943789,0.73005104,1.5468808,0.98560715,-0.16682267,-0.027364224,0
0.46232319,4.914032,1.1998179,0.11005783,0.51032984,0.85290724,0
1.1616347,4.0766845,1.1627394,0.98560715,-0.16682267,-0.027364224,0
0.20886612,4.4845324,-0.21563315,-0.98560715,0.16682267,0.027364224,0
0.087000608,-1.9093406,-3.0630965,0.98560715,-0.16682267,-0.027364224,0
-0.27244735,-1.8244677,-2.958581,-0.11005783,-0.51032984,-0.85290724,0
-0.19993114,0.59862661,-4.337018,-0.11005783,-0.51032984,-0.85290724,0
0.95983195,3.453419,1.8894382,0.11005783,0.51032984,0.85290724,0
-0.48742533,-4.2845163,0.78471947,-0.12831944,-0.84364307,0.52134478,0
-0.75809383,-1.5624914,3.8503451,-0.98560715,0.16682267,0.027364224,0
1.2682481,4.7571549,1.0660892,0.11005783,0.51032984,0.85290724,0
-0.57165194,-2.2847123,-2.7220075,-0.11005783,-0.51032984,-0.85290724,0
-1.1187572,-3.4434416,-1.3593079,-0.98560715,0.16682267,0.027364224,0
-0.88221842,-2.628984,3.0302956,-0.12831944,-0.84364307,0.52134478,0
-0.83069956,-3.3263116,1.9860569,-0.12831944,-0.84364307,0.52134478,0
0.71204519,1.8728876,-1.4714993,0.98560715,-0.16682267,-0.027364224,0
0.79365832,2.484746,-3.479172,0.12831944,0.84364307,-0.52134478,0
0.68044478,0.84825718,-0.091752648,0.98560715,-0.16682267,-0.027364224,0
-0.56226921,-2.5255239,3.4176712,-0.12831944,-0.84364307,0.52134478,0
-0.1531992,-4.0721617,0.98919344,-0.12831944,-0.84364307,0.52134478,0
-0.61268121,-1.45377,3.2267225,-0.98560715,0.16682267,0.027364224,0
-0.18404114,-3.3952398,2.0399027,-0.12831944,-0.84364307,0.52134478,0
-1.0605817,-3.0905488,-2.1248465,-0.11005783,-0.51032984,-0.85290724,0
-0.7999087,-1.2226083,-0.11369979,-0.98560715,0.16682267,0.027364224,0
-0.60559702,-3.9636497,-1.5604697,-0.11005783,-0.51032984,-0.85290724,0
0.28273061,-1.7272053,2.2378254,0.98560715,-0.16682267,-0.027364224,0
0.21882033,3.768368,-0.31449628,-0.98560715,0.16682267,0.027364224,0
0.35499632,-1.7732265,4.1741376,0.98560715,-0.16682267,-0.027364224,0
-0.95368624,-3.4517822,-1.8255248,-0.11005783,-0.51032984,-0.85290724,0
-0.16373801,2.0126758,3.0080433,-0.98560715,0.16682267,0.027364224,0
-0.7780453,-3.5872574,1.7647352,-0.12831944,-0.84364307,0.52134478,0
-0.85116279,-2.5252743,3.5605686,-0.12831944,-0.84364307,0.52134478,0
-0.053095579,2.1981859,-4.0273857,0.12831944,0.84364307,-0.52134478,0
0.95369947,3.5895162,-1.5420828,0.12831944,0.84364307,-0.52134478,0
0.58966488,2.2720048,-3.7239125,0.12831944,0.84364307,-0.52134478,0
0.48324642,0.51203275,-0.83281136,0.98560715,-0.16682267,-0.027364224,0
-0.34815669,0.80126953,2.3547139,-0.98560715,0.16682267,0.027364224,0
-0.68974328,-1.233529,2.4786429,-0.98560715,0.16682267,0.027364224,0
0.63558578,4.3023868,1.3976603,0.11005783,0.51032984,0.85290724,0
-0.84549809,-1.1499355,-3.2282729,-0.11005783,-0.51032984,-0.85290724,0
-1.0240259,-4.328527,-1.3549199,-0.11005783,-0.51032984,-0.85290724,0
0.12345958,3.5572317,-1.9310308,0.12831944,0.84364307,-0.52134478,0
0.1125586,0.46349299,3.9256108,0.11005783,0.51032984,0.85290724,0
0.62809932,1.1765985,0.54517508,0.98560715,-0.16682267,-0.027364224,0
-0.66208637,-1.2361711,0.90472996,-0.98560715,0.16682267,0.027364224,0
-1.0625439,-3.7906532,1.33178,-0.12831944,-0.84364307,0.52134478,0
1.0637803,4.2922525,1.4812093,0.11005783,0.51032984,0.85290724,0
0.20821571,4.6053896,0.082902431,-0.98560715,0.16682267,0.027364224,0
0.48355269,-0.65605664,4.4100437,0.11005783,0.51032984,0.85290724,0
-0.2276895,1.9001371,0.62683165,-0.98560715,0.16682267,0.027364224,0
0.4043386,-0.84778059,0.98616374,0.98560715,-0.16682267,-0.027364224,0
-0.67948914,-3.7967181,1.2908595,-0.12831944,-0.84364307,0.52134478,0
0.21103454,1.9745582,2.9220881,0.11005783,0.51032984,0.85290724,0
0.22602224,-1.2611078,-1.1387609,0.98560715,-0.16682267,-0.027364224,0
-0.68667352,-1.1206517,-0.22588161,-0.98560715,0.16682267,0.027364224,0
-0.20990586,-0.24484015,-3.9568834,-0.11005783,-0.51032984,-0.85290724,0
0.92155218,1.643906,2.0140781,0.98560715,-0.16682267,-0.027364224,0
-0.28170121,0.91982645,1.4448056,-0.98560715,0.16682267,0.027364224,0
0.13451743,0.15581727,3.9555879,0.11005783,0.51032984,0.85290724,0
-0.56427574,-4.7858,-0.30299783,-0.12831944,-0.84364307,0.52134478,0
-0.56944847,-4.5633874,0.021595001,-0.12831944,-0.84364307,0.52134478,0
0.50878322,0.53057855,-2.4118757,0.98560715,-0.16682267,-0.027364224,0
-0.26617444,0.95960951,0.47185484,-0.98560715,0.16682267,0.027364224,0
0.67212367,0.74498975,3.5796306,0.11005783,0.51032984,0.85290724,0
0.061329365,-2.3855603,0.87631023,0.98560715,-0.16682267,-0.027364224,0
0.3761583,-0.41781431,-0.41208991,0.98560715,-0.16682267,-0.027364224,0
-0.48450184,-4.2888021,0.45096612,-0.12831944,-0.84364307,0.52134478,0
0.84186149,2.1264162,2.7775834,0.11005783,0.51032984,0.85290724,0
-0.25583696,0.19751656,-4.3037524,-0.11005783,-0.51032984,-0.85290724,0
0.53053236,4.1520462,-0.81320739,0.12831944,0.84364307,-0.52134478,0
0.40380549,0.7679255,-4.7022872,-0.11005783,-0.51032984,-0.85290724,0
0.79082733,2.3549306,-1.5505139,0.98560715,-0.16682267,-0.027364224,0
-0.13873959,-3.2032676,-1.7861478,0.98560715,-0.16682267,-0.027364224,0
0.36066312,-0.92482209,-0.22473043,0.98560715,-0.16682267,-0.027364224,0
-0.64644974,-0.53273559,0.52394992,-0.98560715,0.16682267,0.027364224,0
0.8832317,2.6539478,-2.1258569,0.98560715,-0.16682267,-0.027364224,0
-0.50176299,-0.67342603,2.4608438,-0.98560715,0.16682267,0.027364224,0
-0.91407919,-3.972693,-1.5697579,-0.11005783,-0.51032984,-0.85290724,0
0.14511836,-1.6864643,-0.27961171,0.98560715,-0.16682267,-0.027364224,0
0.0033318996,0.26079106,4.0285916,0.11005783,0.51032984,0.85290724,0
-0.25661564,1.231773,1.6233228,-0.98560715,0.16682267,0.027364224,0
