2.3763034,1.5088588,-3.9206476,0.61472434,0.51112777,-0.60071826,0
3.2799227,4.0537958,0.25732577,0.19913518,0.63636798,0.74523884,0
2.5822811,2.2347682,-0.63415015,0.76319009,-0.57774061,0.28940737,0
1.6453187,3.0229161,0.27123845,-0.76319009,0.57774061,-0.28940737,0
3.1820912,3.2351582,-1.5980883,0.61472434,0.51112777,-0.60071826,0
-2.1604099,-0.48679101,4.8361516,-0.61472434,-0.51112777,0.60071826,0
-2.9333198,-2.3608191,2.3746135,-0.61472434,-0.51112777,0.60071826,0
-2.8101196,-2.2750225,1.2159374,-0.76319009,0.57774061,-0.28940737,0
2.9694777,2.476871,-2.3983469,0.61472434,0.51112777,-0.60071826,0
2.8954556,4.4862804,0.095421672,0.19913518,0.63636798,0.74523884,0
-1.4567046,0.42228842,4.6166353,0.19913518,0.63636798,0.74523884,0
3.2313812,4.4819202,-0.08038187,0.19913518,0.63636798,0.74523884,0
-3.405921,-3.1343625,1.2846413,-0.61472434,-0.51112777,0.60071826,0
-1.7421414,0.70931399,4.681273,0.19913518,0.63636798,0.74523884,0
3.1532745,3.6859183,-1.1973909,0.61472434,0.51112777,-0.60071826,0
-1.877538,0.494174,4.5036435,-0.76319009,0.57774061,-0.28940737,0
-0.32507205,1.5658374,3.5234814,0.19913518,0.63636798,0.74523884,0
2.4122508,0.42334628,-4.6221013,0.61472434,0.51112777,-0.60071826,0
-0.76844025,-1.5507288,-2.4774704,-0.76319009,0.57774061,-0.28940737,0
-1.3244871,0.44369507,4.7901554,0.19913518,0.63636798,0.74523884,0
1.4714565,-1.1195564,-4.2347198,-0.19913518,-0.63636798,-0.74523884,0
-1.6088958,0.99479711,4.3576021,0.19913518,0.63636798,0.74523884,0
-0.23068619,0.98955399,3.7971144,0.19913518,0.63636798,0.74523884,0
1.3520591,-0.94646418,-4.337369,-0.19913518,-0.63636798,-0.74523884,0
-0.70972943,-2.7383087,-2.2613554,-0.19913518,-0.63636798,-0.74523884,0
-2.9748814,-3.7990766,1.2070756,-0.61472434,-0.51112777,0.60071826,0
1.0128322,2.3708818,2.4413495,0.19913518,0.63636798,0.74523884,0
0.27615881,-2.0181453,-2.9201176,-0.19913518,-0.63636798,-0.74523884,0
2.645658,3.8931952,-1.2606305,-0.76319009,0.57774061,-0.28940737,0
2.210418,1.1653881,-4.1774297,0.61472434,0.51112777,-0.60071826,0
-2.0494807,-0.31153083,3.1943345,-0.76319009,0.57774061,-0.28940737,0
-1.792228,-2.1231372,-1.4159079,-0.76319009,0.57774061,-0.28940737,0
-2.7197809,-4.4284425,-0.2906785,-0.19913518,-0.63636798,-0.74523884,0
1.8958824,0.53477311,-4.9900079,0.61472434,0.51112777,-0.60071826,0
3.4597011,3.3523469,-1.1158264,0.61472434,0.51112777,-0.60071826,0
1.4828386,-0.61421692,-3.5074453,0.76319009,-0.57774061,0.28940737,0
0.11980397,-0.021602213,1.6101825,0.76319009,-0.57774061,0.28940737,0
-2.1897559,-0.61509669,4.6744094,-0.61472434,-0.51112777,0.60071826,0
0.78468323,3.0025237,1.9235253,0.19913518,0.63636798,0.74523884,0
0.64121008,2.2809739,2.5441225,0.19913518,0.63636798,0.74523884,0
-0.29190075,-0.8318181,-2.3736753,-0.76319009,0.57774061,-0.28940737,0
-1.8035331,-3.5017931,-1.325097,-0.19913518,-0.63636798,-0.74523884,0
-0.58560467,-0.059069157,3.2047117,0.76319009,-0.57774061,0.28940737,0
-1.6834931,-3.520294,-1.2166836,-0.19913518,-0.63636798,-0.74523884,0
0.87120223,2.6521626,1.4184699,-0.76319009,0.57774061,-0.28940737,0
-1.194361,-3.2023191,-1.6319206,-0.19913518,-0.63636798,-0.74523884,0
3.2621136,2.7849443,-1.8743269,0.61472434,0.51112777,-0.60071826,0
1.9339435,1.3671007,-3.8263159,-0.76319009,0.57774061,-0.28940737,0
-0.82311344,-2.4930232,-2.3665638,-0.19913518,-0.63636798,-0.74523884,0
2.6261046,0.72290516,-4.2457795,0.61472434,0.51112777,-0.60071826,0
0.17111444,-1.6880319,-2.1996541,0.76319009,-0.57774061,0.28940737,0
-2.9630103,-3.5868728,1.5713655,-0.61472434,-0.51112777,0.60071826,0
-2.1864476,-1.0896041,4.2794776,-0.61472434,-0.51112777,0.60071826,0
-1.3676893,-0.6059705,0.41316575,-0.76319009,0.57774061,-0.28940737,0
-1.5928733,-3.5099661,-1.1403137,-0.19913518,-0.63636798,-0.74523884,0
-2.4921205,-3.735096,-0.77107686,-0.19913518,-0.63636798,-0.74523884,0
-0.64584041,1.1705065,3.8816519,0.19913518,0.63636798,0.74523884,0
-1.9363736,-0.58345318,5.1293311,-0.61472434,-0.51112777,0.60071826,0
0.09482789,-0.83780915,-3.873142,-0.76319009,0.57774061,-0.28940737,0
2.2202096,3.8532782,0.69781834,0.19913518,0.63636798,0.74523884,0
1.22315,-0.81800711,-3.3784626,0.76319009,-0.57774061,0.28940737,0
2.704123,0.73061693,-4.2060637,0.61472434,0.51112777,-0.60071826,0
1.4269652,0.9058522,-3.3789163,-0.76319009,0.57774061,-0.28940737,0
-2.4173532,-4.1331635,-0.54318798,-0.19913518,-0.63636798,-0.74523884,0
-2.8753855,-2.8972859,1.9934037,-0.61472434,-0.51112777,0.60071826,0
0.18091941,-0.062765419,-2.5659115,-0.76319009,0.57774061,-0.28940737,0
-0.3338573,-1.3461978,-3.5538685,-0.19913518,-0.63636798,-0.74523884,0
1.0219073,2.9137816,1.5728005,-0.76319009,0.57774061,-0.28940737,0
2.3981326,1.7752832,-3.473556,0.61472434,0.51112777,-0.60071826,0
2.1239898,-0.15549064,-5.1847534,-0.19913518,-0.63636798,-0.74523884,0
2.7872555,2.7474132,-2.2971511,0.61472434,0.51112777,-0.60071826,0
1.0366645,2.3665526,2.3753974,0.19913518,0.63636798,0.74523884,0
3.5297654,3.7484949,-0.70398164,0.61472434,0.51112777,-0.60071826,0
-1.2226746,0.86549699,4.4080057,0.19913518,0.63636798,0.74523884,0
2.5442314,3.1679161,-2.3263493,0.61472434,0.51112777,-0.60071826,0
2.538799,2.094486,-2.9637494,0.61472434,0.51112777,-0.60071826,0
1.0499976,-0.17946476,-1.5741798,0.76319009,-0.57774061,0.28940737,0
-1.744741,-1.7222171,-0.32559133,-0.76319009,0.57774061,-0.28940737,0
-1.0225363,-0.35289717,0.30999148,-0.76319009,0.57774061,-0.28940737,0
1.6778066,0.52459455,-5.1956158,0.61472434,0.51112777,-0.60071826,0
-0.018115997,-1.2771083,-3.5095332,-0.19913518,-0.63636798,-0.74523884,0
-2.7384005,-0.69157088,4.1754522,-0.61472434,-0.51112777,0.60071826,0
2.4448965,2.7953322,-2.7281017,0.61472434,0.51112777,-0.60071826,0
-1.2191865,-0.73348761,-0.22629511,-0.76319009,0.57774061,-0.28940737,0
3.224535,3.4744778,0.48603439,0.76319009,-0.57774061,0.28940737,0
-3.119175,-3.5569479,1.1488189,-0.61472434,-0.51112777,0.60071826,0
-2.4460166,-0.25693452,3.9109025,-0.76319009,0.57774061,-0.28940737,0
-1.9011815,-0.88634658,4.8723989,-0.61472434,-0.51112777,0.60071826,0
-2.8950493,-3.6921349,1.5484542,-0.61472434,-0.51112777,0.60071826,0
-2.6109555,-3.7552729,0.87958288,0.76319009,-0.57774061,0.28940737,0
2.9422708,1.6438711,-3.1786313,0.61472434,0.51112777,-0.60071826,0
3.5239689,3.3213623,-0.90434551,0.61472434,0.51112777,-0.60071826,0
-1.6071311,-1.8681784,2.0774879,0.76319009,-0.57774061,0.28940737,0
0.31706166,1.3551021,3.5815659,0.19913518,0.63636798,0.74523884,0
-0.052162409,-0.76544726,-2.9428139,-0.76319009,0.57774061,-0.28940737,0
-1.0777154,-2.9101954,-2.0484262,-0.19913518,-0.63636798,-0.74523884,0
-0.9196794,-1.6853591,0.45960706,0.76319009,-0.57774061,0.28940737,0
-0.88016748,-1.6793964,-2.5311306,-0.76319009,0.57774061,-0.28940737,0
0.67172062,-1.545529,-3.4691,0.76319009,-0.57774061,0.28940737,0
1.0028915,1.8126328,2.4610322,0.76319009,-0.57774061,0.28940737,0
-1.7219931,-1.2728066,3.5558405,0.76319009,-0.57774061,0.28940737,0
1.5446756,0.13122535,-5.3470168,-0.19913518,-0.63636798,-0.74523884,0
-2.406492,-2.4986084,2.812391,-0.61472434,-0.51112777,0.60071826,0
2.4609849,0.34889174,-4.762167,0.61472434,0.51112777,-0.60071826,0
3.2371511,2.6020584,-2.1180098,0.61472434,0.51112777,-0.60071826,0
-3.4537897,-3.6508451,0.85102987,-0.61472434,-0.51112777,0.60071826,0
0.36715341,2.3802233,2.387238,-0.76319009,0.57774061,-0.28940737,0
0.91954339,-1.4697317,-3.7458663,-0.19913518,-0.63636798,-0.74523884,0
-3.2496891,-2.9460254,1.1087998,-0.76319009,0.57774061,-0.28940737,0
-2.7096131,-1.1844149,3.5776544,-0.61472434,-0.51112777,0.60071826,0
2.1380155,3.2470984,1.4819202,0.19913518,0.63636798,0.74523884,0
-2.4008062,-4.185369,-0.1244477,0.76319009,-0.57774061,0.28940737,0
-3.1478195,-2.0734875,2.4922504,-0.61472434,-0.51112777,0.60071826,0
-3.2295904,-3.288841,1.5530475,-0.61472434,-0.51112777,0.60071826,0
2.0314927,0.33288765,-5.1912265,0.61472434,0.51112777,-0.60071826,0
-0.80308199,-0.28710997,-0.13226241,-0.76319009,0.57774061,-0.28940737,0
0.80661726,2.8667991,1.9069985,0.19913518,0.63636798,0.74523884,0
1.7882849,2.5712161,-1.3967594,-0.76319009,0.57774061,-0.28940737,0
3.0629535,1.9840121,-2.7771573,0.61472434,0.51112777,-0.60071826,0
-2.6495585,-3.0030663,2.1954918,-0.61472434,-0.51112777,0.60071826,0
-2.4587486,-3.9704163,-0.61862415,-0.19913518,-0.63636798,-0.74523884,0
3.2364159,2.8727708,-1.8735652,0.61472434,0.51112777,-0.60071826,0
2.7874508,2.9430728,-2.1899314,0.61472434,0.51112777,-0.60071826,0
-2.7213175,-3.4649382,-1.0851969,-0.19913518,-0.63636798,-0.74523884,0
0.048228025,1.9718822,1.9945325,-0.76319009,0.57774061,-0.28940737,0
1.7565877,0.0072618723,-5.0745039,-0.19913518,-0.63636798,-0.74523884,0
2.6050694,1.1258048,-3.7361603,0.61472434,0.51112777,-0.60071826,0
-0.1551981,1.3454146,1.0700048,-0.76319009,0.57774061,-0.28940737,0
-2.0969071,-4.0749207,-0.68715346,0.76319009,-0.57774061,0.28940737,0
0.25470883,-0.026122611,1.2013403,0.76319009,-0.57774061,0.28940737,0
-2.7112081,-2.645659,0.42779768,-0.76319009,0.57774061,-0.28940737,0
2.4702582,1.117345,-4.1366215,0.61472434,0.51112777,-0.60071826,0
-2.3185885,0.10936189,5.3112464,-0.61472434,-0.51112777,0.60071826,0
-2.8513765,-1.5653143,3.083986,-0.61472434,-0.51112777,0.60071826,0
-0.73745632,-1.9867927,-0.10791343,0.76319009,-0.57774061,0.28940737,0
-1.8385861,-0.57536125,5.009223,-0.61472434,-0.51112777,0.60071826,0
0.83359098,2.9512162,1.9996811,0.19913518,0.63636798,0.74523884,0
-2.4124882,0.003254652,4.4231625,-0.76319009,0.57774061,-0.28940737,0
-0.39543766,-0.17264241,2.4344671,0.76319009,-0.57774061,0.28940737,0
-1.7312971,0.85682106,4.5471096,0.19913518,0.63636798,0.74523884,0
2.3474748,0.036077857,-4.1721764,0.76319009,-0.57774061,0.28940737,0
-2.9733298,-2.5812812,2.1629786,-0.61472434,-0.51112777,0.60071826,0
2.8940508,3.062686,0.17504287,0.76319009,-0.57774061,0.28940737,0
-1.2467318,-3.3109307,-1.4480646,0.76319009,-0.57774061,0.28940737,0
2.0791242,2.6424565,-1.9577405,-0.76319009,0.57774061,-0.28940737,0
2.997694,3.9119782,0.64149582,0.19913518,0.63636798,0.74523884,0
-1.814646,-3.3708451,-1.3863164,-0.19913518,-0.63636798,-0.74523884,0
2.2011662,1.008853,-4.4691677,0.61472434,0.51112777,-0.60071826,0
2.4302595,3.0654569,1.3740485,0.19913518,0.63636798,0.74523884,0
3.0759585,3.6922934,0.7359094,0.19913518,0.63636798,0.74523884,0
-3.1230786,-2.1612537,2.3446236,-0.76319009,0.57774061,-0.28940737,0
0.85046315,1.1830987,2.0883207,0.76319009,-0.57774061,0.28940737,0
0.28310704,1.3842679,0.39316389,-0.76319009,0.57774061,-0.28940737,0
2.7561955,4.4516711,0.20283866,0.19913518,0.63636798,0.74523884,0
3.2501092,3.1912198,-1.5958536,0.61472434,0.51112777,-0.60071826,0
0.31227875,2.354367,2.7331698,0.19913518,0.63636798,0.74523884,0
-2.8741112,-2.2899835,2.701673,-0.61472434,-0.51112777,0.60071826,0
-2.5923178,-1.4660298,3.7025452,-0.61472434,-0.51112777,0.60071826,0
-0.77948892,0.84889197,4.1868258,0.19913518,0.63636798,0.74523884,0
-0.45342612,0.81999487,4.0458441,0.19913518,0.63636798,0.74523884,0
-2.6567838,-3.8738825,-0.59396613,-0.19913518,-0.63636798,-0.74523884,0
2.7892942,3.2861037,-1.9892801,0.61472434,0.51112777,-0.60071826,0
-1.9145794,-1.1936107,0.69667888,-0.76319009,0.57774061,-0.28940737,0
-1.4487767,0.24942982,4.7860942,0.19913518,0.63636798,0.74523884,0
-2.9147315,-1.0499942,3.5717406,-0.76319009,0.57774061,-0.28940737,0
2.125422,1.2991663,-4.2417874,0.61472434,0.51112777,-0.60071826,0
2.8338349,4.2508101,0.21111917,0.19913518,0.63636798,0.74523884,0
-3.2872744,-3.7412877,-0.50798976,-0.19913518,-0.63636798,-0.74523884,0
-1.8084706,-0.72875595,5.1443257,-0.61472434,-0.51112777,0.60071826,0
-0.1443339,-1.2814683,-0.34354517,0.76319009,-0.57774061,0.28940737,0
-3.0709624,-2.7496834,2.0846791,-0.61472434,-0.51112777,0.60071826,0
-0.061586142,-1.6287827,-3.3704298,-0.19913518,-0.63636798,-0.74523884,0
3.36431,3.8174539,-0.69345069,0.61472434,0.51112777,-0.60071826,0
-1.3310051,-2.1876101,0.67835069,0.76319009,-0.57774061,0.28940737,0
2.6191268,3.2862759,1.2735976,0.19913518,0.63636798,0.74523884,0
-2.6118863,-3.9546843,0.50160682,0.76319009,-0.57774061,0.28940737,0
-1.0485634,1.1756161,3.8631985,0.19913518,0.63636798,0.74523884,0
-2.1083183,-0.94601673,4.3975191,-0.61472434,-0.51112777,0.60071826,0
-0.48635602,-1.8923728,-3.0212264,-0.19913518,-0.63636798,-0.74523884,0
-2.7731895,-3.1318564,2.03159,-0.61472434,-0.51112777,0.60071826,0
-1.9523942,-3.303369,-1.2652217,-0.19913518,-0.63636798,-0.74523884,0
-3.1931994,-3.8167224,1.0157117,-0.61472434,-0.51112777,0.60071826,0
2.9977098,2.8286734,-1.9042559,0.61472434,0.51112777,-0.60071826,0
3.1495204,3.4940739,-1.2364732,0.61472434,0.51112777,-0.60071826,0
3.6079524,4.1987157,0.1809808,0.19913518,0.63636798,0.74523884,0
0.051491261,1.4647717,3.5638151,0.19913518,0.63636798,0.74523884,0
-2.92751,-3.7921314,1.2754724,-0.61472434,-0.51112777,0.60071826,0
2.6818438,3.6716156,0.73405981,0.19913518,0.63636798,0.74523884,0
3.0058284,2.3229473,-2.5151865,0.61472434,0.51112777,-0.60071826,0
3.450032,4.3522124,-0.14012718,0.61472434,0.51112777,-0.60071826,0
1.7735856,3.3460815,0.025387883,-0.76319009,0.57774061,-0.28940737,0
-0.23774886,-1.1381519,0.12662341,0.76319009,-0.57774061,0.28940737,0
-2.470129,-4.1356678,0.21015787,0.76319009,-0.57774061,0.28940737,0
0.8888278,-1.1301873,-2.9375207,0.76319009,-0.57774061,0.28940737,0
-2.8048162,-0.8264544,3.9326701,-0.61472434,-0.51112777,0.60071826,0
0.71294272,-0.44485742,-0.99728382,0.76319009,-0.57774061,0.28940737,0
-1.1169224,-0.075944781,1.3793578,-0.76319009,0.57774061,-0.28940737,0
0.6175077,-0.64662361,-4.3859482,-0.76319009,0.57774061,-0.28940737,0
0.80203593,0.68455249,0.96332794,0.76319009,-0.57774061,0.28940737,0
-2.6168964,-3.73318,-0.68461066,-0.19913518,-0.63636798,-0.74523884,0
1.2620262,1.6658939,-2.0711193,-0.76319009,0.57774061,-0.28940737,0
0.58527303,-0.67009342,-4.1780052,-0.19913518,-0.63636798,-0.74523884,0
1.9302123,3.2309806,1.3424146,0.19913518,0.63636798,0.74523884,0
3.0428555,3.8903024,0.44443536,0.19913518,0.63636798,0.74523884,0
1.7992979,0.70934677,-1.5346249,0.76319009,-0.57774061,0.28940737,0
-1.5449502,0.81142998,3.7319384,-0.76319009,0.57774061,-0.28940737,0
-1.3279417,-3.0934687,-1.2383024,0.76319009,-0.57774061,0.28940737,0
0.020811319,2.0733895,2.8797901,0.19913518,0.63636798,0.74523884,0
1.0437514,1.0579356,0.89674544,0.76319009,-0.57774061,0.28940737,0
1.4232407,3.2675481,0.77221048,-0.76319009,0.57774061,-0.28940737,0
2.9475677,3.1869578,-1.7890933,0.61472434,0.51112777,-0.60071826,0
-0.18588519,-2.2865605,-2.736625,-0.19913518,-0.63636798,-0.74523884,0
2.072108,2.8028347,1.6167312,0.19913518,0.63636798,0.74523884,0
2.9130261,3.5693622,0.87885952,0.19913518,0.63636798,0.74523884,0
-3.011342,-2.1835172,2.6273735,-0.61472434,-0.51112777,0.60071826,0
-0.049203753,-0.32488331,-1.9716132,-0.76319009,0.57774061,-0.28940737,0
3.4137878,3.2839303,-1.284575,0.61472434,0.51112777,-0.60071826,0
-2.6585805,-2.3455915,2.8653026,-0.61472434,-0.51112777,0.60071826,0
2.5824232,3.0127859,-2.1261444,0.61472434,0.51112777,-0.60071826,0
-0.49948192,-2.0895042,-2.6989343,-0.19913518,-0.63636798,-0.74523884,0
-1.4443833,0.37144363,4.879468,0.19913518,0.63636798,0.74523884,0
-2.3018136,-3.482497,-1.186872,-0.19913518,-0.63636798,-0.74523884,0
2.7743802,2.3624339,-2.5080013,0.61472434,0.51112777,-0.60071826,0
0.59986675,1.1828461,2.2314961,0.76319009,-0.57774061,0.28940737,0
0.54270995,-0.67870426,-4.1355162,-0.19913518,-0.63636798,-0.74523884,0
2.1861641,1.0645821,-4.4695215,0.61472434,0.51112777,-0.60071826,0
-3.4847646,-4.0927954,0.31675005,-0.61472434,-0.51112777,0.60071826,0
-0.84691477,0.68670011,1.8525665,-0.76319009,0.57774061,-0.28940737,0
-0.040127277,-1.9442372,-2.1399441,0.76319009,-0.57774061,0.28940737,0
2.4934399,0.4926033,-4.391201,0.61472434,0.51112777,-0.60071826,0
-2.0417392,-1.5016849,4.0163512,-0.61472434,-0.51112777,0.60071826,0
-2.0423603,-0.9379971,4.6083174,-0.61472434,-0.51112777,0.60071826,0
2.0705564,3.3781395,1.3354523,0.19913518,0.63636798,0.74523884,0
-1.8496933,-2.3042314,2.0349698,0.76319009,-0.57774061,0.28940737,0
-1.31636,-3.2327223,-1.5911367,-0.19913518,-0.63636798,-0.74523884,0
-0.76582289,-2.344156,-2.508455,-0.19913518,-0.63636798,-0.74523884,0
3.0474141,4.0338588,-0.81997466,0.61472434,0.51112777,-0.60071826,0
1.0214916,-1.2847462,-3.8406451,-0.19913518,-0.63636798,-0.74523884,0
-0.82432854,-2.3623621,-0.52627045,0.76319009,-0.57774061,0.28940737,0
0.53404713,-1.3431277,-3.6970677,-0.19913518,-0.63636798,-0.74523884,0
-2.3903756,-3.9963307,-0.57510769,-0.19913518,-0.63636798,-0.74523884,0
1.2287738,-0.695225,-2.5936244,0.76319009,-0.57774061,0.28940737,0
3.0159171,1.7666268,-3.0645409,0.61472434,0.51112777,-0.60071826,0
0.85750294,-0.96830869,-4.1710868,-0.19913518,-0.63636798,-0.74523884,0
-0.17742647,-0.6497345,1.2142513,0.76319009,-0.57774061,0.28940737,0
2.5278597,1.4666204,-3.7595656,0.61472434,0.51112777,-0.60071826,0
1.0986085,0.80444944,0.19226366,0.76319009,-0.57774061,0.28940737,0
-3.1446745,-3.8168783,-0.72993875,-0.19913518,-0.63636798,-0.74523884,0
0.98828745,2.4935524,0.92633283,-0.76319009,0.57774061,-0.28940737,0
-1.5294724,-3.1185615,-1.7122278,-0.19913518,-0.63636798,-0.74523884,0
-3.5256267,-3.6149244,0.65874624,-0.61472434,-0.51112777,0.60071826,0
-1.5161912,-3.100692,-1.5671377,-0.19913518,-0.63636798,-0.74523884,0
-2.3574939,-0.77482152,4.5089355,-0.61472434,-0.51112777,0.60071826,0
0.20940113,0.69241834,2.8268757,0.76319009,-0.57774061,0.28940737,0
2.4164972,1.9545944,-0.96923828,0.76319009,-0.57774061,0.28940737,0
-0.11932278,-1.7605364,-3.0660317,-0.19913518,-0.63636798,-0.74523884,0
-3.8090675,-4.1830235,0.17509151,-0.61472434,-0.51112777,0.60071826,0
-3.5704725,-4.2018447,0.30728602,-0.61472434,-0.51112777,0.60071826,0
0.88880849,2.0579984,2.8317726,0.19913518,0.63636798,0.74523884,0
1.013459,-1.3867089,-3.683542,-0.19913518,-0.63636798,-0.74523884,0
-0.44608021,-2.3342469,-2.040422,0.76319009,-0.57774061,0.28940737,0
-1.9993482,-0.96214861,4.4633865,-0.61472434,-0.51112777,0.60071826,0
-2.3097754,-2.5033581,2.9013112,-0.61472434,-0.51112777,0.60071826,0
0.88949126,-0.012946665,-0.60149187,0.76319009,-0.57774061,0.28940737,0
2.427757,-0.16596818,-5.1734438,-0.19913518,-0.63636798,-0.74523884,0
0.89072919,-1.3232154,-3.8727009,-0.19913518,-0.63636798,-0.74523884,0
-2.160387,0.077732086,5.2379575,0.19913518,0.63636798,0.74523884,0
-1.4540473,0.36472452,4.8222322,0.19913518,0.63636798,0.74523884,0
-0.81278849,-1.230458,-2.2814012,-0.76319009,0.57774061,-0.28940737,0
3.4328034,4.1718059,0.14732504,0.19913518,0.63636798,0.74523884,0
1.1801181,1.7082179,-1.6078444,-0.76319009,0.57774061,-0.28940737,0
2.2969441,0.99941552,-4.4262915,0.61472434,0.51112777,-0.60071826,0
-0.062668413,0.13727948,-1.0075253,-0.76319009,0.57774061,-0.28940737,0
1.2444444,1.9906962,2.5797389,0.76319009,-0.57774061,0.28940737,0
-0.78915334,-2.2275438,-2.5526962,-0.19913518,-0.63636798,-0.74523884,0
-1.9039851,-3.067553,0.34651947,0.76319009,-0.57774061,0.28940737,0
-0.68070465,-0.20093584,3.0057566,0.76319009,-0.57774061,0.28940737,0
-2.1695206,0.21345472,4.6721096,-0.76319009,0.57774061,-0.28940737,0
2.8421819,1.3927705,-3.461899,0.61472434,0.51112777,-0.60071826,0
2.6605148,2.7252967,-2.43051,0.61472434,0.51112777,-0.60071826,0
-2.4057338,-3.1405981,-1.3332953,-0.19913518,-0.63636798,-0.74523884,0
-0.023371339,0.74011177,-0.41068542,-0.76319009,0.57774061,-0.28940737,0
2.828038,0.79673052,-4.0228024,0.61472434,0.51112777,-0.60071826,0
2.3336747,1.2404984,-4.0405145,0.61472434,0.51112777,-0.60071826,0
1.3422229,-0.050663352,-4.9593754,-0.19913518,-0.63636798,-0.74523884,0
1.4777781,-0.7125957,-4.6161489,-0.19913518,-0.63636798,-0.74523884,0
-0.18057585,-1.022686,-3.0017114,-0.76319009,0.57774061,-0.28940737,0
-2.5022969,-1.9363853,3.2775319,-0.61472434,-0.51112777,0.60071826,0
2.8248634,3.0523808,-1.9560471,0.61472434,0.51112777,-0.60071826,0
-1.2723484,-1.6996742,-1.9680238,-0.76319009,0.57774061,-0.28940737,0
-3.0028145,-4.4573898,0.47140491,-0.61472434,-0.51112777,0.60071826,0
1.9265604,2.9334383,-1.1618453,-0.76319009,0.57774061,-0.28940737,0
-2.8260002,-3.3857067,-0.87453699,-0.76319009,0.57774061,-0.28940737,0
2.9516525,3.235507,-1.6297052,0.61472434,0.51112777,-0.60071826,0
-1.1291707,0.35976243,4.6185913,0.19913518,0.63636798,0.74523884,0
-2.8256276,-1.7705159,3.1764731,-0.61472434,-0.51112777,0.60071826,0
-0.36739659,-2.0462198,-2.8469775,-0.19913518,-0.63636798,-0.74523884,0
0.93052256,-1.3305991,-3.624239,0.76319009,-0.57774061,0.28940737,0
1.2355036,-0.79761231,-2.9237063,0.76319009,-0.57774061,0.28940737,0
3.022656,3.1483655,0.29724777,0.76319009,-0.57774061,0.28940737,0
-2.9731748,-3.0397997,1.7132225,-0.61472434,-0.51112777,0.60071826,0
-0.051907063,-2.2650149,-2.8303339,-0.19913518,-0.63636798,-0.74523884,0
2.2945228,0.67066324,-3.2057972,0.76319009,-0.57774061,0.28940737,0
2.8198988,1.0695055,-3.7589808,0.61472434,0.51112777,-0.60071826,0
2.6417179,3.357425,1.1476237,0.19913518,0.63636798,0.74523884,0
-0.50442243,1.9573946,3.2833576,0.19913518,0.63636798,0.74523884,0
0.66578078,1.9102324,0.057234257,-0.76319009,0.57774061,-0.28940737,0
1.230278,-0.8998394,-4.2270699,-0.19913518,-0.63636798,-0.74523884,0
2.0324512,3.2388918,1.4250712,0.19913518,0.63636798,0.74523884,0
-1.2109191,-2.8080869,-2.0669875,-0.19913518,-0.63636798,-0.74523884,0
2.8215601,1.6049433,-3.3280637,0.61472434,0.51112777,-0.60071826,0
-2.2733045,-2.8675478,1.7758132,0.76319009,-0.57774061,0.28940737,0
1.1896392,1.2496436,-2.6893907,-0.76319009,0.57774061,-0.28940737,0
-1.1212449,-2.6968617,-2.1956048,-0.19913518,-0.63636798,-0.74523884,0
-0.41052103,0.73091543,4.1242704,0.19913518,0.63636798,0.74523884,0
3.1935992,2.988205,-0.99822056,0.76319009,-0.57774061,0.28940737,0
-1.9414423,-1.6890166,0.28170168,-0.76319009,0.57774061,-0.28940737,0
-3.3345585,-4.0601645,-0.4710772,-0.19913518,-0.63636798,-0.74523884,0
1.3176901,2.8187437,2.0281789,0.19913518,0.63636798,0.74523884,0
-0.63180685,-1.7889162,-0.24081263,0.76319009,-0.57774061,0.28940737,0
-1.0071654,-2.9760239,-1.8190384,-0.19913518,-0.63636798,-0.74523884,0
-2.8116529,-3.1140904,-0.25759184,-0.76319009,0.57774061,-0.28940737,0
3.1095161,4.4481196,-0.54884446,0.61472434,0.51112777,-0.60071826,0
-3.1468959,-3.1072037,0.68899262,-0.76319009,0.57774061,-0.28940737,0
-1.9088516,-2.8176892,1.2406037,0.76319009,-0.57774061,0.28940737,0
-1.189281,-3.1290214,-1.7679715,-0.19913518,-0.63636798,-0.74523884,0
-1.2728065,1.0930169,3.5845597,-0.76319009,0.57774061,-0.28940737,0
-3.3602395,-3.1290984,1.4712985,-0.61472434,-0.51112777,0.60071826,0
-2.1118693,0.41307664,4.9648604,0.19913518,0.63636798,0.74523884,0
1.6669655,3.2508769,1.3818483,0.19913518,0.63636798,0.74523884,0
-1.4845409,-3.3499086,-1.5048289,-0.19913518,-0.63636798,-0.74523884,0
-3.1478248,-3.5959284,1.1307045,-0.61472434,-0.51112777,0.60071826,0
0.0032966137,-0.88347864,-0.218069,0.76319009,-0.57774061,0.28940737,0
2.8922126,3.9759436,0.39910793,0.19913518,0.63636798,0.74523884,0
1.4396183,2.8860674,1.7897892,0.19913518,0.63636798,0.74523884,0
-1.8526505,-0.1285063,5.3326397,0.19913518,0.63636798,0.74523884,0
0.17914629,1.6577206,3.2447088,0.19913518,0.63636798,0.74523884,0
-2.8905034,-1.3768682,3.3891158,-0.61472434,-0.51112777,0.60071826,0
-2.9851828,-4.4741387,0.57859087,-0.61472434,-0.51112777,0.60071826,0
-0.97477221,0.30578363,4.7317472,0.19913518,0.63636798,0.74523884,0
-2.3610487,-3.7705975,-0.85433483,-0.19913518,-0.63636798,-0.74523884,0
-2.170795,-4.0259628,-0.68056667,-0.19913518,-0.63636798,-0.74523884,0
-1.1884786,-0.75531179,-0.247049,-0.76319009,0.57774061,-0.28940737,0
2.2060642,1.3051109,-4.0416069,0.61472434,0.51112777,-0.60071826,0
2.069067,1.1443483,-4.5042524,0.61472434,0.51112777,-0.60071826,0
0.17369485,-1.1397049,-1.1835332,0.76319009,-0.57774061,0.28940737,0
0.35969329,1.2439679,0.061979204,-0.76319009,0.57774061,-0.28940737,0
0.0024921894,-0.761913,-3.4688463,-0.76319009,0.57774061,-0.28940737,0
0.76568174,-1.4632591,-3.7832751,-0.19913518,-0.63636798,-0.74523884,0
0.35491428,0.42683548,-1.4975367,-0.76319009,0.57774061,-0.28940737,0
-0.21728063,-2.2311368,-2.8028679,-0.19913518,-0.63636798,-0.74523884,0
-1.5410128,-1.4259458,2.717288,0.76319009,-0.57774061,0.28940737,0
1.3856195,0.11938035,-5.2217894,-0.19913518,-0.63636798,-0.74523884,0
-3.0726471,-4.8030982,0.2582438,-0.19913518,-0.63636798,-0.74523884,0
2.9342113,4.0919199,-1.1652458,0.61472434,0.51112777,-0.60071826,0
0.88579416,-1.2877891,-3.7553294,-0.19913518,-0.63636798,-0.74523884,0
2.4290187,0.020128489,-4.8312249,0.61472434,0.51112777,-0.60071826,0
-3.4752767,-3.7707596,0.012743235,-0.76319009,0.57774061,-0.28940737,0
-0.77928734,-0.66759986,2.5844178,0.76319009,-0.57774061,0.28940737,0
-3.3791666,-3.9599872,0.53135538,-0.61472434,-0.51112777,0.60071826,0
1.8105893,3.2509618,1.4636745,0.19913518,0.63636798,0.74523884,0
-1.9424162,-1.4309013,0.70210254,-0.76319009,0.57774061,-0.28940737,0
-2.3574448,-4.2205801,-0.54948121,-0.19913518,-0.63636798,-0.74523884,0
-2.2241945,-0.36916506,3.3957109,-0.76319009,0.57774061,-0.28940737,0
1.4735324,3.1733637,1.495754,0.19913518,0.63636798,0.74523884,0
1.4549692,1.7151521,-1.8634434,-0.76319009,0.57774061,-0.28940737,0
-3.4602261,-3.227787,1.1116111,-0.61472434,-0.51112777,0.60071826,0
0.004565239,-1.2990115,-3.5405807,-0.19913518,-0.63636798,-0.74523884,0
3.397347,3.0942645,-1.3407855,0.61472434,0.51112777,-0.60071826,0
-2.4240742,-1.0115466,4.1917353,-0.61472434,-0.51112777,0.60071826,0
-2.9537554,-3.9964116,0.97587764,-0.61472434,-0.51112777,0.60071826,0
0.45920277,2.5026441,1.7725186,-0.76319009,0.57774061,-0.28940737,0
-0.62514222,0.75804132,1.5041068,-0.76319009,0.57774061,-0.28940737,0
2.7760711,1.1956413,-3.6208856,0.61472434,0.51112777,-0.60071826,0
2.4153194,0.55451179,-4.6294613,0.61472434,0.51112777,-0.60071826,0
2.6951764,1.7034941,-3.4115758,0.61472434,0.51112777,-0.60071826,0
2.0249858,-0.40180564,-4.9883289,-0.19913518,-0.63636798,-0.74523884,0
2.7607391,2.8395333,-2.3921049,0.61472434,0.51112777,-0.60071826,0
-3.025661,-3.2580781,1.6138582,-0.61472434,-0.51112777,0.60071826,0
-1.0238178,-2.7568955,-2.1519489,-0.19913518,-0.63636798,-0.74523884,0
0.5331378,-0.62123299,-1.1383312,0.76319009,-0.57774061,0.28940737,0
-3.1737704,-1.9318503,2.6765659,-0.61472434,-0.51112777,0.60071826,0
1.6480253,3.2943771,1.4835583,0.19913518,0.63636798,0.74523884,0
2.8549776,2.3233087,-2.65662,0.61472434,0.51112777,-0.60071826,0
-2.5640466,-1.332201,3.7295065,-0.61472434,-0.51112777,0.60071826,0
-0.89368773,0.66090465,4.4035592,0.19913518,0.63636798,0.74523884,0
-2.9360011,-3.920578,1.2666672,-0.61472434,-0.51112777,0.60071826,0
-3.3666143,-3.6111538,1.1327467,-0.61472434,-0.51112777,0.60071826,0
0.49187428,0.11920146,0.55436027,0.76319009,-0.57774061,0.28940737,0
1.9031805,-0.38606405,-4.795229,-0.19913518,-0.63636798,-0.74523884,0
1.5916413,0.94706833,-0.38764334,0.76319009,-0.57774061,0.28940737,0
-0.51870739,-0.34173056,2.6114182,0.76319009,-0.57774061,0.28940737,0
1.2408991,-0.59365499,-4.5660105,-0.19913518,-0.63636798,-0.74523884,0
-0.99047947,-2.3472896,-2.3438177,-0.19913518,-0.63636798,-0.74523884,0
-0.71957397,-1.8761162,-2.976773,-0.19913518,-0.63636798,-0.74523884,0
1.1325481,1.7413225,1.8778815,0.76319009,-0.57774061,0.28940737,0
3.1416354,3.2695751,-1.4600179,0.61472434,0.51112777,-0.60071826,0
2.9775162,1.5674143,-3.273479,0.61472434,0.51112777,-0.60071826,0
2.0180347,0.23979759,-5.3497353,0.61472434,0.51112777,-0.60071826,0
-1.2533733,-0.16312146,4.9089527,0.76319009,-0.57774061,0.28940737,0
0.63747418,-0.34802699,-0.91891503,0.76319009,-0.57774061,0.28940737,0
2.1684768,3.795531,0.024111509,-0.76319009,0.57774061,-0.28940737,0
2.2582231,0.68370497,-2.6178951,0.76319009,-0.57774061,0.28940737,0
-2.9053373,-3.5759997,-0.84232569,-0.19913518,-0.63636798,-0.74523884,0
-0.083961487,0.54745561,2.7996049,0.76319009,-0.57774061,0.28940737,0
1.3737767,2.3048227,-0.40488529,-0.76319009,0.57774061,-0.28940737,0
3.738524,4.0401654,-0.15589023,0.61472434,0.51112777,-0.60071826,0
2.8975592,1.1389979,-3.6582828,0.61472434,0.51112777,-0.60071826,0
2.0732036,0.53200853,-2.9401155,0.76319009,-0.57774061,0.28940737,0
3.182425,2.6133742,-2.1411407,0.61472434,0.51112777,-0.60071826,0
2.2243664,1.8666118,-3.5222001,0.61472434,0.51112777,-0.60071826,0
-0.47789514,0.2516979,3.8133502,0.76319009,-0.57774061,0.28940737,0
0.6973846,2.5581136,1.2693175,-0.76319009,0.57774061,-0.28940737,0
2.6844649,3.443819,-1.7009856,0.61472434,0.51112777,-0.60071826,0
3.0409844,3.1028349,-1.6925031,0.61472434,0.51112777,-0.60071826,0
3.3375056,4.531198,0.068743348,0.19913518,0.63636798,0.74523884,0
-2.5273604,-0.49206018,4.6204934,-0.61472434,-0.51112777,0.60071826,0
-1.7143518,-3.0938747,0.22476065,0.76319009,-0.57774061,0.28940737,0
2.8103228,2.5110843,-2.3858907,0.61472434,0.51112777,-0.60071826,0
3.1655669,3.6227632,-1.2819625,0.61472434,0.51112777,-0.60071826,0
-1.2731459,-3.3782995,-1.4376158,-0.19913518,-0.63636798,-0.74523884,0
1.8569803,3.2404931,-0.10695112,-0.76319009,0.57774061,-0.28940737,0
-0.54989052,-2.3949344,-1.4045472,0.76319009,-0.57774061,0.28940737,0
0.87768269,2.9646177,1.8650794,0.19913518,0.63636798,0.74523884,0
1.3383073,0.76799202,-3.5230694,-0.76319009,0.57774061,-0.28940737,0
-2.2339001,0.16193414,5.1181483,0.19913518,0.63636798,0.74523884,0
-3.6533618,-4.1225257,0.1748178,-0.61472434,-0.51112777,0.60071826,0
-2.322087,-0.80211139,4.4753714,-0.61472434,-0.51112777,0.60071826,0
0.38597786,0.67428029,2.3387668,0.76319009,-0.57774061,0.28940737,0
2.1898534,0.63361323,-4.6381574,0.61472434,0.51112777,-0.60071826,0
-0.21719098,-1.3565447,-0.52989012,0.76319009,-0.57774061,0.28940737,0
2.8237817,1.1691051,-3.1852334,0.76319009,-0.57774061,0.28940737,0
-2.6824231,-2.7446628,2.3502784,-0.61472434,-0.51112777,0.60071826,0
0.88983119,-0.3572973,-4.6842647,-0.19913518,-0.63636798,-0.74523884,0
2.6214895,1.5095834,-3.6876864,0.61472434,0.51112777,-0.60071826,0
1.013031,-0.25304598,-1.6646192,0.76319009,-0.57774061,0.28940737,0
0.90534514,-0.43552268,-1.6511191,0.76319009,-0.57774061,0.28940737,0
-2.580955,-3.3693244,1.8785788,0.76319009,-0.57774061,0.28940737,0
1.809357,-0.64294851,-4.582078,-0.19913518,-0.63636798,-0.74523884,0
-1.9366714,-0.36363125,5.1099701,-0.61472434,-0.51112777,0.60071826,0
3.2626698,3.8518102,-0.91645002,0.61472434,0.51112777,-0.60071826,0
2.6377425,2.6636739,-2.5700698,0.61472434,0.51112777,-0.60071826,0
-0.32877517,0.1584754,2.573092,0.76319009,-0.57774061,0.28940737,0
3.0822518,2.2088332,-2.4316278,0.61472434,0.51112777,-0.60071826,0
-1.1266437,-1.6001958,-1.895716,-0.76319009,0.57774061,-0.28940737,0
-2.404026,-1.4325447,3.8488212,-0.61472434,-0.51112777,0.60071826,0
3.0050101,3.5286288,0.53697932,0.76319009,-0.57774061,0.28940737,0
2.5294883,2.3107269,-2.8337379,0.61472434,0.51112777,-0.60071826,0
-2.2517684,-1.0580896,4.2956762,-0.61472434,-0.51112777,0.60071826,0
-0.25519252,1.7034441,3.345681,0.19913518,0.63636798,0.74523884,0
-0.8962518,0.92691779,4.1815605,0.19913518,0.63636798,0.74523884,0
1.8281808,-0.69511294,-4.6212044,-0.19913518,-0.63636798,-0.74523884,0
-2.3296485,-0.99864089,4.2834616,-0.61472434,-0.51112777,0.60071826,0
0.083927155,-1.6521945,-3.3387415,-0.19913518,-0.63636798,-0.74523884,0
-2.2671342,-0.051668882,5.1680708,-0.61472434,-0.51112777,0.60071826,0
1.1754998,-0.28945553,-4.780632,-0.19913518,-0.63636798,-0.74523884,0
-2.5767837,-1.1533396,3.7279954,-0.61472434,-0.51112777,0.60071826,0
-2.490205,-1.3051888,2.0381007,-0.76319009,0.57774061,-0.28940737,0
2.1259437,2.1994202,0.70043099,0.76319009,-0.57774061,0.28940737,0
2.8296692,3.5691729,0.76065814,0.19913518,0.63636798,0.74523884,0
0.3529861,1.8486463,3.0890038,0.19913518,0.63636798,0.74523884,0
-0.65018165,0.81068993,4.1129637,0.19913518,0.63636798,0.74523884,0
3.3684018,3.6065702,-1.0810199,0.61472434,0.51112777,-0.60071826,0
-3.0122833,-4.7213764,0.30867338,-0.61472434,-0.51112777,0.60071826,0
1.2433441,2.8679116,1.9717138,0.19913518,0.63636798,0.74523884,0
0.2628752,-1.1231675,-1.5509505,0.76319009,-0.57774061,0.28940737,0
-0.24352723,-0.87508458,0.47684929,0.76319009,-0.57774061,0.28940737,0
-0.15880322,-2.4442782,-2.6631851,-0.19913518,-0.63636798,-0.74523884,0
-1.369992,-1.0349622,-0.33758679,-0.76319009,0.57774061,-0.28940737,0
-3.0904641,-3.0763278,1.5919263,-0.61472434,-0.51112777,0.60071826,0
2.8137355,2.1207366,-2.8432174,0.61472434,0.51112777,-0.60071826,0
-2.7267387,-3.7592514,-0.79315668,-0.19913518,-0.63636798,-0.74523884,0
2.3278265,1.2021618,-3.9798079,0.61472434,0.51112777,-0.60071826,0
1.860361,2.782336,-0.77876723,-0.76319009,0.57774061,-0.28940737,0
2.4463043,1.9772176,-0.8856492,0.76319009,-0.57774061,0.28940737,0
-0.16646838,1.7805684,3.2680888,0.19913518,0.63636798,0.74523884,0
-0.57842565,0.66426194,4.3951254,0.19913518,0.63636798,0.74523884,0
2.514848,2.0856543,-2.9913282,0.61472434,0.51112777,-0.60071826,0
-3.6306062,-4.3247862,0.17506933,-0.61472434,-0.51112777,0.60071826,0
0.0040283203,0.12604254,-1.4897072,-0.76319009,0.57774061,-0.28940737,0
-0.87826616,-0.36480165,3.3405986,0.76319009,-0.57774061,0.28940737,0
3.0716262,2.2845385,-2.3686109,0.61472434,0.51112777,-0.60071826,0
2.799696,4.6219325,0.061735511,0.19913518,0.63636798,0.74523884,0
-2.0119448,-0.94494325,4.7241902,-0.61472434,-0.51112777,0.60071826,0
0.8975122,-0.41872358,-4.5808864,-0.19913518,-0.63636798,-0.74523884,0
-0.11217189,-2.2784867,-2.7569585,-0.19913518,-0.63636798,-0.74523884,0
0.041032314,-1.7709994,-2.2272084,0.76319009,-0.57774061,0.28940737,0
-2.195888,-3.8804538,-0.847139,-0.19913518,-0.63636798,-0.74523884,0
-0.23226929,1.5486603,3.3983121,0.19913518,0.63636798,0.74523884,0
3.5269895,4.2485299,-0.34135246,0.61472434,0.51112777,-0.60071826,0
0.067135811,-2.238318,-2.8293066,-0.19913518,-0.63636798,-0.74523884,0
0.41860449,0.87291878,2.3802097,0.76319009,-0.57774061,0.28940737,0
-0.016552687,0.016599029,2.1232779,0.76319009,-0.57774061,0.28940737,0
-2.6110859,-3.1647868,2.1471877,0.76319009,-0.57774061,0.28940737,0
-1.5325007,0.47317886,3.4912539,-0.76319009,0.57774061,-0.28940737,0
0.37103093,-0.32561636,-3.3723872,-0.76319009,0.57774061,-0.28940737,0
0.1885376,1.8904424,1.4910007,-0.76319009,0.57774061,-0.28940737,0
-3.3308647,-3.4031138,1.2590299,-0.61472434,-0.51112777,0.60071826,0
-1.9673342,-0.77795887,4.9113264,-0.61472434,-0.51112777,0.60071826,0
-1.2718186,-3.0961206,-1.6035475,-0.19913518,-0.63636798,-0.74523884,0
-1.4470305,0.045339227,5.0273461,0.19913518,0.63636798,0.74523884,0
0.32524371,-1.2209083,-3.7307949,-0.19913518,-0.63636798,-0.74523884,0
2.4541194,0.91090453,-2.6746018,0.76319009,-0.57774061,0.28940737,0
2.4691968,1.9115385,-3.3506665,0.61472434,0.51112777,-0.60071826,0
-0.48634216,-0.34855986,2.2427573,0.76319009,-0.57774061,0.28940737,0
-1.37091,-0.94483268,3.6562848,0.76319009,-0.57774061,0.28940737,0
2.3179228,3.4200685,1.2584145,0.19913518,0.63636798,0.74523884,0
-1.8577663,-2.7733159,1.1124495,0.76319009,-0.57774061,0.28940737,0
1.433506,2.588588,2.0445924,0.19913518,0.63636798,0.74523884,0
-1.3228412,-3.3247886,-1.5197855,-0.19913518,-0.63636798,-0.74523884,0
-2.2774205,-1.96919,3.4091516,-0.61472434,-0.51112777,0.60071826,0
-0.035959959,-1.149116,-0.28666478,0.76319009,-0.57774061,0.28940737,0
0.090340853,1.1244034,3.5028856,0.76319009,-0.57774061,0.28940737,0
-2.8964458,-2.524889,2.4758275,-0.61472434,-0.51112777,0.60071826,0
-2.5683687,-3.733902,-0.87930346,-0.19913518,-0.63636798,-0.74523884,0
1.9460714,0.72948015,-4.8255258,0.61472434,0.51112777,-0.60071826,0
-1.9488652,-1.1151026,4.46349,-0.61472434,-0.51112777,0.60071826,0
1.3225052,-1.0499942,-3.7025599,0.76319009,-0.57774061,0.28940737,0
0.39324513,-0.35664612,0.23342666,0.76319009,-0.57774061,0.28940737,0
-0.63036251,1.315203,3.8092475,0.19913518,0.63636798,0.74523884,0
2.7183752,2.8246012,-2.1653929,0.61472434,0.51112777,-0.60071826,0
-1.4736211,-3.024188,-0.48261327,0.76319009,-0.57774061,0.28940737,0
0.26948577,-0.62017119,-0.50207633,0.76319009,-0.57774061,0.28940737,0
0.53523421,-1.0960865,-3.8644879,-0.19913518,-0.63636798,-0.74523884,0
2.5873847,1.7979174,-1.3934395,0.76319009,-0.57774061,0.28940737,0
-1.1969378,-2.0979092,0.85842937,0.76319009,-0.57774061,0.28940737,0
-1.9969896,-1.0354242,4.6287785,-0.61472434,-0.51112777,0.60071826,0
2.3603539,0.51657784,-3.3420205,0.76319009,-0.57774061,0.28940737,0
2.7632487,2.1070096,-2.9653025,0.61472434,0.51112777,-0.60071826,0
-1.32717,1.1244166,3.9884591,0.19913518,0.63636798,0.74523884,0
3.152597,3.7785149,-0.96485627,0.61472434,0.51112777,-0.60071826,0
0.25464618,0.31328201,1.7623235,0.76319009,-0.57774061,0.28940737,0
2.0550959,3.2275443,1.4932358,0.19913518,0.63636798,0.74523884,0
2.8494916,1.3435001,-3.550173,0.61472434,0.51112777,-0.60071826,0
2.9982932,3.0492835,0.24787557,0.76319009,-0.57774061,0.28940737,0
2.4293485,1.3080195,-3.9237764,0.61472434,0.51112777,-0.60071826,0
2.1033683,0.44370592,-2.8595157,0.76319009,-0.57774061,0.28940737,0
-1.7167838,-0.26040471,5.4354372,0.19913518,0.63636798,0.74523884,0
1.3645272,3.270201,1.5013041,0.19913518,0.63636798,0.74523884,0
1.7984262,-0.73395741,-4.5136909,-0.19913518,-0.63636798,-0.74523884,0
1.5500834,2.3417702,2.4020662,0.19913518,0.63636798,0.74523884,0
3.0406916,4.7000742,-0.13223207,0.19913518,0.63636798,0.74523884,0
-0.41838694,1.378845,2.1015661,-0.76319009,0.57774061,-0.28940737,0
-1.4363687,-2.5061982,-2.2199805,-0.19913518,-0.63636798,-0.74523884,0
-2.6464841,-0.92091823,3.5187964,-0.76319009,0.57774061,-0.28940737,0
-0.038122177,1.2984866,0.85407341,-0.76319009,0.57774061,-0.28940737,0
-0.70036411,-2.757024,-1.9293582,0.76319009,-0.57774061,0.28940737,0
2.6189697,2.5938272,-2.6677351,0.61472434,0.51112777,-0.60071826,0
2.9891875,2.1397185,-2.6564126,0.61472434,0.51112777,-0.60071826,0
-2.5393319,-3.1359754,2.1983647,-0.61472434,-0.51112777,0.60071826,0
1.0107653,-0.46805668,-4.6909719,-0.19913518,-0.63636798,-0.74523884,0
-1.8304451,-3.6418347,-0.40854359,0.76319009,-0.57774061,0.28940737,0
-0.9881382,0.77565086,4.4133954,0.19913518,0.63636798,0.74523884,0
-3.6590598,-4.2537889,0.1822238,-0.61472434,-0.51112777,0.60071826,0
2.7503517,1.3206592,-2.8898029,0.76319009,-0.57774061,0.28940737,0
2.426235,-0.27746558,-5.1355572,-0.19913518,-0.63636798,-0.74523884,0
1.425887,2.6449668,-0.52013046,-0.76319009,0.57774061,-0.28940737,0
-1.5194309,-3.5281057,-1.3758007,-0.19913518,-0.63636798,-0.74523884,0
-2.8429551,-3.4733875,1.5922437,-0.61472434,-0.51112777,0.60071826,0
-0.75108695,0.84444618,4.0471454,0.19913518,0.63636798,0.74523884,0
1.2652167,0.61984503,-0.66710013,0.76319009,-0.57774061,0.28940737,0
-2.9342775,-4.1722693,0.81199729,-0.61472434,-0.51112777,0.60071826,0
1.0354042,1.2894956,-1.9355725,-0.76319009,0.57774061,-0.28940737,0
2.157402,0.33346176,-5.0910172,0.61472434,0.51112777,-0.60071826,0
-1.4880838,-3.2049685,-1.696098,-0.19913518,-0.63636798,-0.74523884,0
2.7536173,2.1991701,-2.8380489,0.61472434,0.51112777,-0.60071826,0
0.11730123,2.0913446,2.1686654,-0.76319009,0.57774061,-0.28940737,0
3.136904,4.0352173,0.43016458,0.19913518,0.63636798,0.74523884,0
-1.6495976,-3.1646204,-1.5831115,-0.19913518,-0.63636798,-0.74523884,0
1.5196838,2.8667262,1.7822231,0.19913518,0.63636798,0.74523884,0
3.3930578,3.2570496,-1.1536591,0.61472434,0.51112777,-0.60071826,0
-3.0114708,-2.4486194,2.2160835,-0.61472434,-0.51112777,0.60071826,0
-2.0298111,-0.22913122,5.1210451,-0.61472434,-0.51112777,0.60071826,0
-0.66335374,-1.4871213,0.32491767,0.76319009,-0.57774061,0.28940737,0
0.74806666,-0.38501525,-1.1210704,0.76319009,-0.57774061,0.28940737,0
-2.2951012,-0.49963033,4.5567446,-0.61472434,-0.51112777,0.60071826,0
0.93096232,0.40794548,0.30875325,0.76319009,-0.57774061,0.28940737,0
1.9228846,1.967882,-3.0098972,-0.76319009,0.57774061,-0.28940737,0
-3.3974419,-4.2915726,-0.040009618,-0.19913518,-0.63636798,-0.74523884,0
1.8615386,-0.808213,-4.4884071,0.76319009,-0.57774061,0.28940737,0
-0.7049998,0.98110968,1.9876146,-0.76319009,0.57774061,-0.28940737,0
-0.73614216,0.79524422,4.0999556,0.19913518,0.63636798,0.74523884,0
2.5664873,0.87321448,-4.2714496,0.61472434,0.51112777,-0.60071826,0
