0.073530912,-2.55983,4.205163,-0.032471299,-0.9903267,0.13490286,0
-0.51597261,-0.71316838,5.0954437,-0.030771814,0.13590065,0.99024463,0
0.409428,0.51216811,4.8940358,0.99899894,-0.028003454,0.034887031,0
-0.18627715,2.9175556,-1.5201778,0.032471299,0.9903267,-0.13490286,0
-0.33752275,-2.8118,1.2092426,-0.032471299,-0.9903267,0.13490286,0
0.36252463,-0.5953899,2.6711931,0.99899894,-0.028003454,0.034887031,0
0.12387848,2.6705551,4.6414351,-0.030771814,0.13590065,0.99024463,0
-0.24743877,-1.4236697,-4.7641082,0.030771814,-0.13590065,-0.99024463,0
-0.023182869,-2.5109358,3.1134691,-0.032471299,-0.9903267,0.13490286,0
0.58419055,0.2821956,-3.2212238,0.99899894,-0.028003454,0.034887031,0
-0.47485411,-2.3446903,-4.2464533,-0.99899894,0.028003454,-0.034887031,0
-0.66875452,1.1545346,3.3337927,-0.99899894,0.028003454,-0.034887031,0
-0.27849984,-3.4033904,-3.0359657,-0.032471299,-0.9903267,0.13490286,0
0.11399662,2.251502,4.7929878,-0.030771814,0.13590065,0.99024463,0
0.046516895,-1.3945752,5.3060818,-0.030771814,0.13590065,0.99024463,0
-0.51472181,-1.0576921,1.2308278,-0.99899894,0.028003454,-0.034887031,0
-0.38922143,2.3269122,4.7606273,-0.030771814,0.13590065,0.99024463,0
-0.01254034,3.5305328,4.4798007,-0.030771814,0.13590065,0.99024463,0
-0.11904144,2.7209296,-2.070436,0.032471299,0.9903267,-0.13490286,0
0.17335272,-3.042223,-0.013546586,-0.032471299,-0.9903267,0.13490286,0
0.7100457,1.492191,-3.7030499,0.99899894,-0.028003454,0.034887031,0
0.35904384,3.1325092,0.31269544,0.032471299,0.9903267,-0.13490286,0
0.49203038,-3.5142276,-3.6872892,-0.032471299,-0.9903267,0.13490286,0
-0.21735024,-3.4576693,-2.8328803,-0.032471299,-0.9903267,0.13490286,0
0.016561985,-1.0816021,5.1680827,-0.030771814,0.13590065,0.99024463,0
-0.55331945,-0.87236297,0.18817891,-0.99899894,0.028003454,-0.034887031,0
-0.62462759,-2.0005293,5.3650432,-0.030771814,0.13590065,0.99024463,0
-0.42210293,3.4588056,3.0584731,0.032471299,0.9903267,-0.13490286,0
0.056753874,2.3854849,-5.265213,0.032471299,0.9903267,-0.13490286,0
0.50971258,-2.2673836,-2.8289945,0.99899894,-0.028003454,0.034887031,0
-0.33674335,-3.3806107,-3.0043287,-0.032471299,-0.9903267,0.13490286,0
-0.2746675,3.3312144,4.6483641,-0.030771814,0.13590065,0.99024463,0
-0.61974931,-1.7107661,2.9052739,-0.99899894,0.028003454,-0.034887031,0
0.017724514,-2.7159519,3.0154488,-0.032471299,-0.9903267,0.13490286,0
0.54318088,-0.92582953,-4.5957894,0.99899894,-0.028003454,0.034887031,0
-0.65549392,-1.191267,0.66102934,-0.99899894,0.028003454,-0.034887031,0
0.28219438,-2.4670162,4.496026,-0.032471299,-0.9903267,0.13490286,0
0.04618907,-1.9519293,5.3254595,-0.030771814,0.13590065,0.99024463,0
0.35712385,-0.12756717,3.4905057,0.99899894,-0.028003454,0.034887031,0
0.29588842,-2.337544,3.7365165,0.99899894,-0.028003454,0.034887031,0
-0.28051972,-2.9607756,0.54746205,-0.032471299,-0.9903267,0.13490286,0
0.011880994,-2.510962,-4.6666574,0.030771814,-0.13590065,-0.99024463,0
0.54547238,3.0635366,0.91178608,0.032471299,0.9903267,-0.13490286,0
-0.2876904,3.5569177,3.4156904,0.032471299,0.9903267,-0.13490286,0
0.42334414,2.9357252,-0.79715276,0.032471299,0.9903267,-0.13490286,0
-0.479689,-0.36463958,1.0771883,-0.99899894,0.028003454,-0.034887031,0
0.01408267,2.5973096,-2.8033423,0.032471299,0.9903267,-0.13490286,0
-0.059726,3.4717903,2.5918279,0.032471299,0.9903267,-0.13490286,0
0.41479015,-1.4238929,3.8035116,0.99899894,-0.028003454,0.034887031,0
0.28427976,0.0040398836,3.6284842,0.99899894,-0.028003454,0.034887031,0
0.37602556,3.0028632,4.501502,0.99899894,-0.028003454,0.034887031,0
-0.49592113,-1.8291066,5.3114552,-0.030771814,0.13590065,0.99024463,0
0.73359287,2.0424147,-3.1479156,0.99899894,-0.028003454,0.034887031,0
-0.54143345,-0.018477798,-0.26670912,-0.99899894,0.028003454,-0.034887031,0
0.036281347,-3.5001583,-3.3380113,-0.032471299,-0.9903267,0.13490286,0
-0.27896261,-3.4906945,-2.7465932,-0.032471299,-0.9903267,0.13490286,0
-0.18110794,-2.0627003,-4.7662883,0.030771814,-0.13590065,-0.99024463,0
-0.0092732906,-2.8265557,1.7735118,-0.032471299,-0.9903267,0.13490286,0
-0.013147235,0.058567226,4.9531593,-0.030771814,0.13590065,0.99024463,0
0.17456651,2.9952972,-0.23018585,0.032471299,0.9903267,-0.13490286,0
-0.69444919,-2.4433725,4.4833317,-0.032471299,-0.9903267,0.13490286,0
-0.56152129,-3.4192014,-2.9663556,-0.032471299,-0.9903267,0.13490286,0
0.56006849,1.2281917,1.9923303,0.99899894,-0.028003454,0.034887031,0
-0.2894538,1.4064469,4.8160915,-0.030771814,0.13590065,0.99024463,0
0.061050445,-0.87479377,-4.908926,0.030771814,-0.13590065,-0.99024463,0
-0.11881822,0.18085775,4.9919472,-0.030771814,0.13590065,0.99024463,0
-0.53489852,-3.0724998,-1.1075549,-0.032471299,-0.9903267,0.13490286,0
-0.10903859,-2.838038,0.79558837,-0.032471299,-0.9903267,0.13490286,0
-0.2552011,3.464421,3.8205843,0.032471299,0.9903267,-0.13490286,0
0.41741669,0.81847394,1.4917508,0.99899894,-0.028003454,0.034887031,0
-0.43469381,0.95552808,-2.5417871,-0.99899894,0.028003454,-0.034887031,0
0.41479123,-0.80500054,0.71338189,0.99899894,-0.028003454,0.034887031,0
0.34438515,-2.8054442,1.7654903,-0.032471299,-0.9903267,0.13490286,0
-0.019864082,-2.7843997,1.0910118,-0.032471299,-0.9903267,0.13490286,0
-0.131953,2.8750553,-0.72355902,0.032471299,0.9903267,-0.13490286,0
0.14790297,-2.9701211,0.81748223,-0.032471299,-0.9903267,0.13490286,0
-0.33984143,-2.3148465,-4.7176924,0.030771814,-0.13590065,-0.99024463,0
-0.27477765,0.47787684,5.053,-0.030771814,0.13590065,0.99024463,0
0.47600937,1.4779296,-5.1966701,0.030771814,-0.13590065,-0.99024463,0
-0.35624003,0.90502709,-1.2213657,-0.99899894,0.028003454,-0.034887031,0
0.30616099,-1.2044537,-4.8332911,0.030771814,-0.13590065,-0.99024463,0
0.15451166,-1.560281,-4.928277,0.030771814,-0.13590065,-0.99024463,0
-0.42740849,0.10805559,0.48281455,-0.99899894,0.028003454,-0.034887031,0
-0.59022546,0.37865454,2.651726,-0.99899894,0.028003454,-0.034887031,0
0.066164017,2.7022541,-2.7993901,0.032471299,0.9903267,-0.13490286,0
-0.53785372,3.1285472,4.5628452,-0.030771814,0.13590065,0.99024463,0
0.084338903,-2.4479766,4.8035936,-0.032471299,-0.9903267,0.13490286,0
-0.7632792,-2.3412678,4.7357211,-0.032471299,-0.9903267,0.13490286,0
-0.15615344,2.9486406,-0.21405318,0.032471299,0.9903267,-0.13490286,0
0.33162308,-0.52549678,2.4407263,0.99899894,-0.028003454,0.034887031,0
0.29106212,2.7470748,4.6849675,-0.030771814,0.13590065,0.99024463,0
0.23425961,-2.7951655,1.8924567,-0.032471299,-0.9903267,0.13490286,0
-0.045106411,-1.9326015,5.2563457,-0.030771814,0.13590065,0.99024463,0
-0.0018672943,-2.4298258,4.4584532,-0.032471299,-0.9903267,0.13490286,0
-0.11830139,-1.3916245,5.1711755,-0.030771814,0.13590065,0.99024463,0
0.37722087,1.137179,-5.2616472,0.030771814,-0.13590065,-0.99024463,0
0.55369413,1.7744464,-1.5209157,0.99899894,-0.028003454,0.034887031,0
-0.40436077,-3.1086428,-1.043118,-0.032471299,-0.9903267,0.13490286,0
0.59289789,-2.4751594,-4.7581429,0.030771814,-0.13590065,-0.99024463,0
-0.15923595,2.3564637,-5.0984492,0.032471299,0.9903267,-0.13490286,0
-0.13098812,-3.6584263,-4.0172019,-0.032471299,-0.9903267,0.13490286,0
-0.26721406,3.3299787,2.0881867,0.032471299,0.9903267,-0.13490286,0
0.097730339,2.1355035,4.6758418,-0.030771814,0.13590065,0.99024463,0
-0.30564213,-3.6774595,-4.6083589,0.030771814,-0.13590065,-0.99024463,0
0.41182578,-0.34776255,-4.9976192,0.030771814,-0.13590065,-0.99024463,0
-0.32954931,-0.32396048,-4.5497718,-0.99899894,0.028003454,-0.034887031,0
0.32537875,0.49300772,2.8459902,0.99899894,-0.028003454,0.034887031,0
0.54486918,-2.1069493,-0.59844911,0.99899894,-0.028003454,0.034887031,0
0.37477875,3.4635744,3.6013751,0.99899894,-0.028003454,0.034887031,0
0.042939663,1.5730786,-5.2432265,0.030771814,-0.13590065,-0.99024463,0
-0.29132688,0.79030669,-4.472043,-0.99899894,0.028003454,-0.034887031,0
-0.70818257,-2.4064307,4.9138174,-0.032471299,-0.9903267,0.13490286,0
-0.52873588,1.629689,2.2189848,-0.99899894,0.028003454,-0.034887031,0
-0.3590095,3.5126252,3.0367174,0.032471299,0.9903267,-0.13490286,0
-0.34160674,0.34638339,-5.1635332,0.030771814,-0.13590065,-0.99024463,0
0.14716339,-3.461715,-4.4983382,0.030771814,-0.13590065,-0.99024463,0
-0.19002271,1.8558764,-5.3638921,0.030771814,-0.13590065,-0.99024463,0
-0.21424794,-1.8720326,5.1989598,-0.030771814,0.13590065,0.99024463,0
-0.19899204,-1.3245292,-4.8329654,0.030771814,-0.13590065,-0.99024463,0
0.64374459,0.47848669,-5.0022674,0.030771814,-0.13590065,-0.99024463,0
-0.48571575,1.6969675,4.8912506,-0.030771814,0.13590065,0.99024463,0
0.22025788,0.10396725,5.1331587,-0.030771814,0.13590065,0.99024463,0
-0.03134203,1.7799733,-5.3619518,0.030771814,-0.13590065,-0.99024463,0
-0.45571792,-0.91162449,5.1793561,-0.030771814,0.13590065,0.99024463,0
-0.61628485,-1.1670268,4.2068396,-0.99899894,0.028003454,-0.034887031,0
0.28349209,-1.3958826,2.8902824,0.99899894,-0.028003454,0.034887031,0
0.3714745,-1.9957662,1.2676203,0.99899894,-0.028003454,0.034887031,0
-0.050328732,3.0262909,0.30084187,0.032471299,0.9903267,-0.13490286,0
0.0031063557,-1.0668501,5.2438903,-0.030771814,0.13590065,0.99024463,0
0.31537962,-2.8514671,0.88432628,-0.032471299,-0.9903267,0.13490286,0
0.44581652,2.9887521,-0.38112521,0.032471299,0.9903267,-0.13490286,0
0.10986662,3.3210714,4.6724854,-0.030771814,0.13590065,0.99024463,0
-0.27275336,-1.064705,5.24438,-0.030771814,0.13590065,0.99024463,0
-0.13621993,1.0118186,4.9432878,-0.030771814,0.13590065,0.99024463,0
-0.44331133,1.5814034,4.7207885,-0.030771814,0.13590065,0.99024463,0
-0.34010577,1.9405725,-2.9585495,-0.99899894,0.028003454,-0.034887031,0
-0.51162791,-2.9740005,-0.29399419,-0.032471299,-0.9903267,0.13490286,0
-0.34004068,0.70957446,-3.1471016,-0.99899894,0.028003454,-0.034887031,0
0.31154418,-3.5495512,-4.6020098,0.030771814,-0.13590065,-0.99024463,0
0.34829569,-0.86847293,1.1655762,0.99899894,-0.028003454,0.034887031,0
-0.23360395,2.6127603,-2.8910513,0.032471299,0.9903267,-0.13490286,0
0.093177795,-2.8379252,1.3960103,-0.032471299,-0.9903267,0.13490286,0
0.35916686,1.0545211,2.4236822,0.99899894,-0.028003454,0.034887031,0
0.35029268,-3.6584966,-3.8703709,-0.032471299,-0.9903267,0.13490286,0
-0.32245743,-0.72524869,5.1654406,-0.030771814,0.13590065,0.99024463,0
-0.15615693,0.52537102,5.0677743,-0.030771814,0.13590065,0.99024463,0
0.39210629,0.90011656,-5.12468,0.030771814,-0.13590065,-0.99024463,0
0.59207892,-1.1002269,-4.2620692,0.99899894,-0.028003454,0.034887031,0
0.082026958,-3.3913746,-2.0259833,-0.032471299,-0.9903267,0.13490286,0
0.16440415,2.4364631,-4.1119337,0.032471299,0.9903267,-0.13490286,0
-0.42087716,1.6712822,4.9042296,-0.030771814,0.13590065,0.99024463,0
0.50942141,0.094397649,-2.7812924,0.99899894,-0.028003454,0.034887031,0
0.38612747,-2.5913427,0.32342714,0.99899894,-0.028003454,0.034887031,0
0.12055659,-0.52035922,-4.8886242,0.030771814,-0.13590065,-0.99024463,0
-0.56489313,0.94178009,-0.13141139,-0.99899894,0.028003454,-0.034887031,0
-0.27411127,1.1063046,-3.1136127,-0.99899894,0.028003454,-0.034887031,0
-0.54840529,-2.6979012,-3.2550519,-0.99899894,0.028003454,-0.034887031,0
-0.38495356,-1.6102102,-4.533319,-0.99899894,0.028003454,-0.034887031,0
0.5441038,0.37683737,-5.069725,0.030771814,-0.13590065,-0.99024463,0
0.3108716,-1.5141112,4.4581022,0.99899894,-0.028003454,0.034887031,0
0.15672916,1.7516513,4.7530503,-0.030771814,0.13590065,0.99024463,0
0.26793456,0.072535992,5.1470447,-0.030771814,0.13590065,0.99024463,0
0.037335277,0.87078547,-5.2375779,0.030771814,-0.13590065,-0.99024463,0
-0.28150749,-1.8867445,5.3672509,-0.030771814,0.13590065,0.99024463,0
-0.55681729,-1.6332188,2.0321698,-0.99899894,0.028003454,-0.034887031,0
0.054648399,2.8572733,-0.7743907,0.032471299,0.9903267,-0.13490286,0
0.3869822,2.9888799,4.6515226,-0.030771814,0.13590065,0.99024463,0
-0.44835663,-1.7658719,5.229918,-0.030771814,0.13590065,0.99024463,0
0.38216287,-0.79063171,-5.0064979,0.030771814,-0.13590065,-0.99024463,0
0.32020104,-0.85860306,4.3329382,0.99899894,-0.028003454,0.034887031,0
-0.3772856,1.8399901,0.62314177,-0.99899894,0.028003454,-0.034887031,0
-0.1408937,3.2315392,4.5220504,-0.030771814,0.13590065,0.99024463,0
0.44791484,2.3554366,-5.2745881,0.032471299,0.9903267,-0.13490286,0
0.36494589,-1.5553619,4.3543801,0.99899894,-0.028003454,0.034887031,0
-0.05581598,1.3117998,4.9666266,-0.030771814,0.13590065,0.99024463,0
-0.41891873,0.88887644,-3.1805265,-0.99899894,0.028003454,-0.034887031,0
-0.25561833,-3.2691643,-1.6867285,-0.032471299,-0.9903267,0.13490286,0
0.12169027,1.5472163,-5.2392135,0.030771814,-0.13590065,-0.99024463,0
-0.1764729,2.8015306,-0.97809494,0.032471299,0.9903267,-0.13490286,0
0.58295214,0.80646193,-5.1838484,0.030771814,-0.13590065,-0.99024463,0
0.47214007,-1.7027099,1.0113605,0.99899894,-0.028003454,0.034887031,0
0.50916862,2.2617483,-4.8792462,0.032471299,0.9903267,-0.13490286,0
-0.092310667,-2.6524117,3.4766321,-0.032471299,-0.9903267,0.13490286,0
0.46256238,2.069612,4.1173677,0.99899894,-0.028003454,0.034887031,0
-0.58934808,-2.7686498,2.0205851,-0.99899894,0.028003454,-0.034887031,0
-0.037663937,-3.0668199,-0.19372112,-0.032471299,-0.9903267,0.13490286,0
-0.56546098,0.77382159,3.2792208,-0.99899894,0.028003454,-0.034887031,0
0.20292687,-0.61052698,5.0853519,-0.030771814,0.13590065,0.99024463,0
0.33745527,2.9585145,-0.37436557,0.032471299,0.9903267,-0.13490286,0
0.28783035,-2.5447392,3.0490849,0.99899894,-0.028003454,0.034887031,0
-0.42961648,-1.1539813,-1.3394295,-0.99899894,0.028003454,-0.034887031,0
0.21709394,1.5988656,-5.1705542,0.030771814,-0.13590065,-0.99024463,0
-0.30801165,-0.7726872,5.1208005,-0.030771814,0.13590065,0.99024463,0
-0.23416448,3.2123389,1.3820665,0.032471299,0.9903267,-0.13490286,0
-0.68532401,1.9553113,4.5322404,-0.99899894,0.028003454,-0.034887031,0
0.44541264,2.7189279,-2.319612,0.032471299,0.9903267,-0.13490286,0
0.41922951,3.2443643,1.1597712,0.032471299,0.9903267,-0.13490286,0
0.20774269,-3.0699613,0.15095136,-0.032471299,-0.9903267,0.13490286,0
-0.41617012,2.8169992,-0.59638882,-0.99899894,0.028003454,-0.034887031,0
-0.27890635,2.3995137,-4.2708178,0.032471299,0.9903267,-0.13490286,0
-0.29354954,2.3981776,-3.5330982,-0.99899894,0.028003454,-0.034887031,0
0.16354609,-2.2424052,5.3621435,-0.030771814,0.13590065,0.99024463,0
0.42103541,1.8398862,0.90587664,0.99899894,-0.028003454,0.034887031,0
-0.54014039,2.2762737,0.32571369,-0.99899894,0.028003454,-0.034887031,0
-0.41823322,-2.1488979,-4.3757467,-0.99899894,0.028003454,-0.034887031,0
-0.28839231,2.3853726,-4.938652,0.032471299,0.9903267,-0.13490286,0
-0.44374847,2.8933969,-1.010142,0.032471299,0.9903267,-0.13490286,0
0.36585826,0.097234249,3.0031383,0.99899894,-0.028003454,0.034887031,0
-0.22558975,-2.4358072,4.7571316,-0.032471299,-0.9903267,0.13490286,0
-0.3399303,3.2887149,1.0870901,0.032471299,0.9903267,-0.13490286,0
0.43639469,2.6433272,-3.3577619,0.032471299,0.9903267,-0.13490286,0
-0.55488133,3.2286544,3.5846367,-0.99899894,0.028003454,-0.034887031,0
0.54969192,-1.1608694,-1.4145832,0.99899894,-0.028003454,0.034887031,0
0.22453593,-1.0379648,-4.9696884,0.030771814,-0.13590065,-0.99024463,0
-0.54096085,1.6599785,4.8947992,-0.030771814,0.13590065,0.99024463,0
0.20826104,1.5483882,4.9054098,-0.030771814,0.13590065,0.99024463,0
-0.78082013,-2.5536127,3.774229,-0.032471299,-0.9903267,0.13490286,0
0.55002278,-0.67211133,-3.9078588,0.99899894,-0.028003454,0.034887031,0
-0.1182704,2.3436856,-5.2432599,0.032471299,0.9903267,-0.13490286,0
-0.48443127,-2.0656364,5.230835,-0.030771814,0.13590065,0.99024463,0
-0.43841428,0.6341899,-0.62934661,-0.99899894,0.028003454,-0.034887031,0
0.2465806,3.5243096,3.3252814,0.032471299,0.9903267,-0.13490286,0
-0.12074876,2.6906598,-2.0759077,0.032471299,0.9903267,-0.13490286,0
-0.18573689,-3.4132071,-3.228864,-0.032471299,-0.9903267,0.13490286,0
-0.094799519,-3.4546928,-3.3255794,-0.032471299,-0.9903267,0.13490286,0
0.38808167,1.055174,4.90734,-0.030771814,0.13590065,0.99024463,0
-0.150841,-2.6289744,3.115571,-0.032471299,-0.9903267,0.13490286,0
0.051589489,-2.8710761,1.6392753,-0.032471299,-0.9903267,0.13490286,0
-0.57437438,1.3058685,4.9307575,-0.030771814,0.13590065,0.99024463,0
0.083070278,-3.0909448,-0.56309986,-0.032471299,-0.9903267,0.13490286,0
-0.43321133,2.6661882,2.9211137,-0.99899894,0.028003454,-0.034887031,0
0.021902323,-1.0837212,5.2910957,-0.030771814,0.13590065,0.99024463,0
0.41884279,-2.8217394,-1.2748996,0.99899894,-0.028003454,0.034887031,0
-0.74205017,-0.68655062,4.3008504,-0.99899894,0.028003454,-0.034887031,0
-0.49129188,2.7814229,4.6691651,-0.030771814,0.13590065,0.99024463,0
-0.20000935,3.2628515,1.8465216,0.032471299,0.9903267,-0.13490286,0
0.042484462,-0.37929827,-4.8954406,0.030771814,-0.13590065,-0.99024463,0
0.26755738,-2.31849,4.5853009,-0.032471299,-0.9903267,0.13490286,0
0.6288445,1.5223966,-1.444723,0.99899894,-0.028003454,0.034887031,0
-0.48264623,0.85030186,-1.1214855,-0.99899894,0.028003454,-0.034887031,0
0.10279998,-0.78776598,-4.9492869,0.030771814,-0.13590065,-0.99024463,0
-0.61263978,-0.12944832,3.963244,-0.99899894,0.028003454,-0.034887031,0
0.0030457973,2.040791,-5.2620444,0.030771814,-0.13590065,-0.99024463,0
0.36429501,-0.0045563579,5.0351892,-0.030771814,0.13590065,0.99024463,0
0.53406429,3.2936308,1.5073109,0.032471299,0.9903267,-0.13490286,0
0.30099791,0.31050378,4.3943486,0.99899894,-0.028003454,0.034887031,0
-0.36478233,-0.76731861,5.0540352,-0.030771814,0.13590065,0.99024463,0
-0.063787699,2.4198811,-4.3895512,0.032471299,0.9903267,-0.13490286,0
0.043008566,3.3888416,2.5711346,0.032471299,0.9903267,-0.13490286,0
-0.68102336,0.093413144,5.1138129,-0.030771814,0.13590065,0.99024463,0
-0.24062729,-1.1927192,5.1652236,-0.030771814,0.13590065,0.99024463,0
0.53460836,-1.5470704,-4.8499618,0.030771814,-0.13590065,-0.99024463,0
0.18776321,2.4693887,-3.5548933,0.032471299,0.9903267,-0.13490286,0
0.044168234,3.388032,3.1161885,0.032471299,0.9903267,-0.13490286,0
-0.11562228,-3.2429314,-1.3922708,-0.032471299,-0.9903267,0.13490286,0
-0.6171236,3.0200958,3.101603,-0.99899894,0.028003454,-0.034887031,0
-0.70957136,-2.2930319,5.2520905,-0.032471299,-0.9903267,0.13490286,0
-0.2723043,0.33970588,-4.5549936,-0.99899894,0.028003454,-0.034887031,0
0.29337311,-3.0716891,-0.4485153,-0.032471299,-0.9903267,0.13490286,0
-0.21309423,3.5041623,3.3036809,0.032471299,0.9903267,-0.13490286,0
-0.39214921,-3.4432726,-3.4060149,-0.032471299,-0.9903267,0.13490286,0
-0.29491466,-1.205762,-4.5869145,-0.99899894,0.028003454,-0.034887031,0
0.65974712,-3.4642529,-4.570538,0.99899894,-0.028003454,0.034887031,0
0.012120724,2.817879,-1.0587394,0.032471299,0.9903267,-0.13490286,0
0.51935053,-3.3024404,-2.5148072,0.99899894,-0.028003454,0.034887031,0
0.48566151,-1.9179896,0.8275156,0.99899894,-0.028003454,0.034887031,0
0.50855744,-2.2107501,-1.9063392,0.99899894,-0.028003454,0.034887031,0
0.55274475,-2.021174,-1.1852174,0.99899894,-0.028003454,0.034887031,0
-0.55067635,0.24344809,5.056397,-0.030771814,0.13590065,0.99024463,0
0.055932999,3.3649778,2.0516958,0.032471299,0.9903267,-0.13490286,0
-0.3239333,-0.24870235,-5.097003,0.030771814,-0.13590065,-0.99024463,0
-0.41060662,-2.2856011,5.0626669,-0.032471299,-0.9903267,0.13490286,0
-0.46455359,-3.2149892,-2.1550529,-0.032471299,-0.9903267,0.13490286,0
-0.70203412,-1.5420834,5.0598354,-0.99899894,0.028003454,-0.034887031,0
0.37452507,0.90379381,3.5859559,0.99899894,-0.028003454,0.034887031,0
-0.11766422,-0.21976745,-5.0636973,0.030771814,-0.13590065,-0.99024463,0
-0.31977016,-2.0061469,-4.2100019,-0.99899894,0.028003454,-0.034887031,0
-0.72373664,-0.75959659,5.181078,-0.030771814,0.13590065,0.99024463,0
0.52479827,2.0411937,0.91637802,0.99899894,-0.028003454,0.034887031,0
-0.17465377,-3.0348334,-0.15898573,-0.032471299,-0.9903267,0.13490286,0
0.16586041,2.947902,-0.56243962,0.032471299,0.9903267,-0.13490286,0
-0.1241858,3.5357053,4.220479,0.032471299,0.9903267,-0.13490286,0
-0.45486283,2.4608161,4.7054329,-0.030771814,0.13590065,0.99024463,0
-0.48122489,2.2286816,1.9587679,-0.99899894,0.028003454,-0.034887031,0
-0.63443494,-2.5547528,3.7134826,-0.032471299,-0.9903267,0.13490286,0
0.33646703,3.3245296,1.9955657,0.032471299,0.9903267,-0.13490286,0
0.48031068,0.59062588,2.1592324,0.99899894,-0.028003454,0.034887031,0
0.41539717,3.0700305,0.12995517,0.032471299,0.9903267,-0.13490286,0
-0.33982503,-1.0235929,5.0976267,-0.030771814,0.13590065,0.99024463,0
-0.25791073,0.19484466,-4.6020265,-0.99899894,0.028003454,-0.034887031,0
0.00070714951,-3.4500022,-4.6242676,0.030771814,-0.13590065,-0.99024463,0
-0.47449899,-2.7149661,2.353291,-0.032471299,-0.9903267,0.13490286,0
-0.39689493,-3.3034892,-2.0723915,-0.032471299,-0.9903267,0.13490286,0
0.21163034,2.9610891,4.5942717,-0.030771814,0.13590065,0.99024463,0
0.12277702,-0.86645144,-4.885056,0.030771814,-0.13590065,-0.99024463,0
0.44215536,2.2462077,1.4513091,0.99899894,-0.028003454,0.034887031,0
-0.39506865,-2.6645641,3.2501681,-0.032471299,-0.9903267,0.13490286,0
0.14552522,-3.4774287,-3.6729116,-0.032471299,-0.9903267,0.13490286,0
-0.59593379,-2.5146577,-0.33750516,-0.99899894,0.028003454,-0.034887031,0
-0.011644391,-1.052174,-4.8374834,0.030771814,-0.13590065,-0.99024463,0
-0.4704566,-2.9201026,-4.5961614,0.030771814,-0.13590065,-0.99024463,0
0.25181031,1.7139809,-5.1929255,0.030771814,-0.13590065,-0.99024463,0
0.53226542,-3.4547744,-2.3050537,-0.032471299,-0.9903267,0.13490286,0
-0.4101361,-2.6877122,-4.661262,0.030771814,-0.13590065,-0.99024463,0
-0.38136199,-1.0871246,-2.6514626,-0.99899894,0.028003454,-0.034887031,0
0.082470566,-0.73813343,-4.9608951,0.030771814,-0.13590065,-0.99024463,0
0.23659068,-0.099146575,-5.0166564,0.030771814,-0.13590065,-0.99024463,0
-0.70500612,-2.7990427,1.0732418,-0.99899894,0.028003454,-0.034887031,0
-0.32567132,2.1034613,4.697103,-0.030771814,0.13590065,0.99024463,0
-0.25432348,-2.9411883,-4.7399983,0.030771814,-0.13590065,-0.99024463,0
-0.21145022,-0.85957408,5.0728612,-0.030771814,0.13590065,0.99024463,0
0.21323752,-2.9417303,0.012439966,-0.032471299,-0.9903267,0.13490286,0
-0.56900412,-1.0846961,0.52381063,-0.99899894,0.028003454,-0.034887031,0
0.41359192,-0.10484552,2.3645384,0.99899894,-0.028003454,0.034887031,0
-0.53843617,2.4555986,0.62219882,-0.99899894,0.028003454,-0.034887031,0
-0.58193517,0.69655478,2.5831728,-0.99899894,0.028003454,-0.034887031,0
0.33133113,3.0953109,4.5772567,-0.030771814,0.13590065,0.99024463,0
-0.38710392,-2.0408807,-4.7772851,0.030771814,-0.13590065,-0.99024463,0
-0.27957916,-3.4562669,-3.7052827,-0.032471299,-0.9903267,0.13490286,0
-0.37309074,2.3906326,4.7344027,-0.030771814,0.13590065,0.99024463,0
0.020188332,2.4596076,-4.6027117,0.032471299,0.9903267,-0.13490286,0
0.25982976,3.3023043,1.7138119,0.032471299,0.9903267,-0.13490286,0
-0.22417563,0.11594072,5.0104966,-0.030771814,0.13590065,0.99024463,0
0.55525517,-3.1192827,-2.0260804,0.99899894,-0.028003454,0.034887031,0
-0.1218257,2.2268906,-5.3073726,0.030771814,-0.13590065,-0.99024463,0
-0.046052694,-2.0341222,5.2905469,-0.030771814,0.13590065,0.99024463,0
0.047227263,0.90510798,-5.103066,0.030771814,-0.13590065,-0.99024463,0
-0.53903103,-3.0657418,-0.10834223,-0.032471299,-0.9903267,0.13490286,0
-0.56134516,1.8843722,4.413383,-0.99899894,0.028003454,-0.034887031,0
0.19306731,-1.7389321,5.3183441,-0.030771814,0.13590065,0.99024463,0
-0.051949739,3.1536715,4.6574979,-0.030771814,0.13590065,0.99024463,0
-0.58352739,-0.52309471,4.6156135,-0.99899894,0.028003454,-0.034887031,0
0.35063839,2.9302714,-0.96626127,0.032471299,0.9903267,-0.13490286,0
-0.44857073,-3.4371147,-3.4902282,-0.99899894,0.028003454,-0.034887031,0
-0.37575531,0.37518287,-2.0748127,-0.99899894,0.028003454,-0.034887031,0
-0.70820713,-2.5282216,1.2310286,-0.99899894,0.028003454,-0.034887031,0
0.35643244,2.8408511,-1.5370768,0.032471299,0.9903267,-0.13490286,0
0.54583359,2.2279665,0.84076798,0.99899894,-0.028003454,0.034887031,0
0.36960256,-1.1861572,0.20122713,0.99899894,-0.028003454,0.034887031,0
0.54745537,0.71042597,-2.522325,0.99899894,-0.028003454,0.034887031,0
-0.60024691,-2.580626,0.24223949,-0.99899894,0.028003454,-0.034887031,0
-0.61998606,-2.4983342,3.0119982,-0.032471299,-0.9903267,0.13490286,0
0.39949155,-3.230593,-2.066062,-0.032471299,-0.9903267,0.13490286,0
0.27401692,0.052409589,-5.0786748,0.030771814,-0.13590065,-0.99024463,0
0.43184507,2.5604224,1.2565843,0.99899894,-0.028003454,0.034887031,0
0.34172893,2.8812072,-1.4642949,0.032471299,0.9903267,-0.13490286,0
0.20524931,-1.703331,4.8274889,0.99899894,-0.028003454,0.034887031,0
0.32251024,0.33788514,-5.0379195,0.030771814,-0.13590065,-0.99024463,0
-0.54894209,-2.8855333,-3.3472657,-0.99899894,0.028003454,-0.034887031,0
-0.74719012,-1.5184861,3.181504,-0.99899894,0.028003454,-0.034887031,0
-0.21128535,-3.5376992,-3.4939723,-0.032471299,-0.9903267,0.13490286,0
0.078394651,2.6322901,-2.7001498,0.032471299,0.9903267,-0.13490286,0
0.23376191,-0.29411462,-4.9312901,0.030771814,-0.13590065,-0.99024463,0
-0.31873178,-2.5685952,2.8078964,-0.032471299,-0.9903267,0.13490286,0
-0.082543135,2.9176474,-0.64390409,0.032471299,0.9903267,-0.13490286,0
0.54479074,-2.5620394,-3.5261278,0.99899894,-0.028003454,0.034887031,0
0.14044023,-2.9665208,0.0096459389,-0.032471299,-0.9903267,0.13490286,0
0.43851495,-1.1241784,3.4493036,0.99899894,-0.028003454,0.034887031,0
-0.4250257,2.7265902,1.4493184,-0.99899894,0.028003454,-0.034887031,0
0.34870863,3.4361844,3.1604466,0.032471299,0.9903267,-0.13490286,0
-0.37219906,1.9304342,-2.952498,-0.99899894,0.028003454,-0.034887031,0
-0.67990738,0.44431788,5.0304151,-0.030771814,0.13590065,0.99024463,0
0.24571061,-2.9428859,1.0697454,-0.032471299,-0.9903267,0.13490286,0
-0.13257122,3.2649605,1.6685874,0.032471299,0.9903267,-0.13490286,0
-0.30435324,1.9463717,-4.810895,-0.99899894,0.028003454,-0.034887031,0
-0.40103769,-2.3493342,4.3615746,-0.032471299,-0.9903267,0.13490286,0
-0.24961948,-3.5908504,-3.6219482,-0.032471299,-0.9903267,0.13490286,0
0.32858706,3.5056663,3.2116439,0.032471299,0.9903267,-0.13490286,0
0.32322466,-2.4964385,-4.7360911,0.030771814,-0.13590065,-0.99024463,0
0.46167541,-2.8338683,-0.94809484,0.99899894,-0.028003454,0.034887031,0
-0.01441741,-2.7322683,1.7880816,-0.032471299,-0.9903267,0.13490286,0
-0.35055876,0.0094972253,-3.1164284,-0.99899894,0.028003454,-0.034887031,0
0.36672568,-2.5226128,3.2881656,0.99899894,-0.028003454,0.034887031,0
-0.21156657,2.9973495,4.70751,-0.030771814,0.13590065,0.99024463,0
0.24947119,3.4356983,2.7122421,0.032471299,0.9903267,-0.13490286,0
0.10797024,1.5862855,-5.3307972,0.030771814,-0.13590065,-0.99024463,0
0.44572592,2.3515439,0.62906229,0.99899894,-0.028003454,0.034887031,0
-0.18562996,-1.7264334,-4.8968773,0.030771814,-0.13590065,-0.99024463,0
0.2160266,0.87349528,5.0161986,-0.030771814,0.13590065,0.99024463,0
0.57654858,-3.4508014,-3.5178142,0.99899894,-0.028003454,0.034887031,0
-0.61912966,0.41109625,4.9345341,-0.030771814,0.13590065,0.99024463,0
0.21510983,-2.3255413,-4.7389312,0.030771814,-0.13590065,-0.99024463,0
0.37227049,1.8346972,4.7657661,-0.030771814,0.13590065,0.99024463,0
-0.30729699,3.3132455,2.2599216,0.032471299,0.9903267,-0.13490286,0
0.2028327,-2.6039622,3.4093974,-0.032471299,-0.9903267,0.13490286,0
-0.25859666,3.0211375,4.5373936,-0.030771814,0.13590065,0.99024463,0
-0.69155407,-2.1453955,3.5407567,-0.99899894,0.028003454,-0.034887031,0
0.44986987,-3.1464891,-0.40154171,-0.032471299,-0.9903267,0.13490286,0
0.023397684,-1.1492445,5.1492405,-0.030771814,0.13590065,0.99024463,0
0.42044044,-3.3438718,-2.3089223,-0.032471299,-0.9903267,0.13490286,0
0.22878098,-3.232038,-2.0423279,-0.032471299,-0.9903267,0.13490286,0
0.45846057,-0.74680394,-4.8953042,0.030771814,-0.13590065,-0.99024463,0
0.058317184,-2.7296729,2.2163844,-0.032471299,-0.9903267,0.13490286,0
0.39004338,2.6972296,2.9721372,0.99899894,-0.028003454,0.034887031,0
0.22898546,-0.93860936,-5.0109868,0.030771814,-0.13590065,-0.99024463,0
0.018822193,-3.2632318,-2.2053955,-0.032471299,-0.9903267,0.13490286,0
-0.10535479,2.8604136,-1.2399322,0.032471299,0.9903267,-0.13490286,0
0.49025106,-1.617762,0.36339793,0.99899894,-0.028003454,0.034887031,0
-0.5601607,1.4690346,2.2311304,-0.99899894,0.028003454,-0.034887031,0
0.15785205,2.8384693,4.5934353,-0.030771814,0.13590065,0.99024463,0
-0.40973365,-1.1387233,5.1224375,-0.030771814,0.13590065,0.99024463,0
0.35064998,1.3267066,3.3228579,0.99899894,-0.028003454,0.034887031,0
0.51853871,2.6326766,-2.5793424,0.032471299,0.9903267,-0.13490286,0
-0.29260063,-3.0226145,-4.6524796,0.030771814,-0.13590065,-0.99024463,0
-0.25359321,-2.9058495,1.3301321,-0.032471299,-0.9903267,0.13490286,0
-0.36035329,-0.30988616,-2.1750095,-0.99899894,0.028003454,-0.034887031,0
-0.32249713,-0.51717603,5.0995564,-0.030771814,0.13590065,0.99024463,0
-0.40384054,-2.9342988,0.41253552,-0.032471299,-0.9903267,0.13490286,0
-0.53352076,-1.4963197,-1.4188218,-0.99899894,0.028003454,-0.034887031,0
0.06110239,-2.7826242,2.2745562,-0.032471299,-0.9903267,0.13490286,0
-0.40858936,1.7857656,-2.5070822,-0.99899894,0.028003454,-0.034887031,0
0.34787393,2.4663937,-4.1636925,0.032471299,0.9903267,-0.13490286,0
-0.4610002,2.3727431,0.7435298,-0.99899894,0.028003454,-0.034887031,0
-0.35071853,1.2411311,4.8647914,-0.030771814,0.13590065,0.99024463,0
-0.39713347,1.3169705,4.7561665,-0.030771814,0.13590065,0.99024463,0
-0.30179599,-0.3589474,-3.3829618,-0.99899894,0.028003454,-0.034887031,0
-0.02721262,-1.5500121,5.2364168,-0.030771814,0.13590065,0.99024463,0
0.20149589,1.2118368,-5.3073373,0.030771814,-0.13590065,-0.99024463,0
0.050471544,-3.0965161,-0.23370421,-0.032471299,-0.9903267,0.13490286,0
-0.19999504,3.5305738,4.3460145,0.032471299,0.9903267,-0.13490286,0
0.45806074,2.8905103,1.091694,0.99899894,-0.028003454,0.034887031,0
0.14815903,-2.8508563,1.1424541,-0.032471299,-0.9903267,0.13490286,0
0.22743273,-1.1078013,5.2239189,-0.030771814,0.13590065,0.99024463,0
-0.17766213,-2.4097586,4.7976241,-0.032471299,-0.9903267,0.13490286,0
0.60701734,0.38944566,-5.0663948,0.030771814,-0.13590065,-0.99024463,0
0.066094756,0.62909782,-5.1194758,0.030771814,-0.13590065,-0.99024463,0
-0.17949867,-0.38192683,-5.024828,0.030771814,-0.13590065,-0.99024463,0
0.069347858,2.618803,-3.3582027,0.032471299,0.9903267,-0.13490286,0
0.58010912,2.2278161,-2.0454226,0.99899894,-0.028003454,0.034887031,0
0.45530772,3.4188194,2.7653894,0.032471299,0.9903267,-0.13490286,0
-0.62461424,-1.9690396,-0.40581703,-0.99899894,0.028003454,-0.034887031,0
-0.15692043,-3.3129191,-1.4642186,-0.032471299,-0.9903267,0.13490286,0
0.25013924,3.2258718,1.5443335,0.032471299,0.9903267,-0.13490286,0
-0.42773986,0.8602041,0.6376549,-0.99899894,0.028003454,-0.034887031,0
-0.11015925,1.2493013,4.931386,-0.030771814,0.13590065,0.99024463,0
-0.52786243,-1.0551655,1.1249583,-0.99899894,0.028003454,-0.034887031,0
0.25018692,2.5307336,-3.2443678,0.032471299,0.9903267,-0.13490286,0
-0.29137802,-2.9171128,0.86047018,-0.032471299,-0.9903267,0.13490286,0
0.2182356,-1.3154886,-4.8407259,0.030771814,-0.13590065,-0.99024463,0
0.3679814,0.99634415,4.9096313,0.99899894,-0.028003454,0.034887031,0
-0.088986635,-3.1001878,-0.081963539,-0.032471299,-0.9903267,0.13490286,0
0.62173712,-0.79232693,-2.9571567,0.99899894,-0.028003454,0.034887031,0
-0.42935801,1.7230308,-2.0746565,-0.99899894,0.028003454,-0.034887031,0
-0.12638569,2.4546237,-3.6266313,0.032471299,0.9903267,-0.13490286,0
-0.29032373,-2.4391959,4.2897387,-0.032471299,-0.9903267,0.13490286,0
0.3564539,2.703546,3.773263,0.99899894,-0.028003454,0.034887031,0
0.020559072,0.71453273,-5.0629377,0.030771814,-0.13590065,-0.99024463,0
-0.49697587,-1.2507786,-3.9134369,-0.99899894,0.028003454,-0.034887031,0
-0.51069558,0.55960941,1.4837554,-0.99899894,0.028003454,-0.034887031,0
-0.3482151,-1.6933423,5.281208,-0.030771814,0.13590065,0.99024463,0
-0.57049185,-0.87198663,1.9550617,-0.99899894,0.028003454,-0.034887031,0
0.32007909,-1.4812171,4.1333256,0.99899894,-0.028003454,0.034887031,0
0.049599528,-0.54793072,5.0851631,-0.030771814,0.13590065,0.99024463,0
-0.096929312,0.17633945,-5.1534586,0.030771814,-0.13590065,-0.99024463,0
0.22764015,-3.7085664,-4.4040594,-0.032471299,-0.9903267,0.13490286,0
-0.37207842,2.3224933,-4.3118596,-0.99899894,0.028003454,-0.034887031,0
-0.051214218,-1.6653023,5.3364959,-0.030771814,0.13590065,0.99024463,0
-0.24918199,-2.0027342,5.3667331,-0.030771814,0.13590065,0.99024463,0
0.54239464,-3.3283558,-4.5180688,0.030771814,-0.13590065,-0.99024463,0
0.72386181,1.0540057,-3.2355893,0.99899894,-0.028003454,0.034887031,0
0.14452839,2.7112794,-2.5913928,0.032471299,0.9903267,-0.13490286,0
-0.41867971,0.74876761,-4.0061374,-0.99899894,0.028003454,-0.034887031,0
0.36192465,3.0027485,-0.22602159,0.032471299,0.9903267,-0.13490286,0
-0.32214108,-1.558025,-4.9443359,0.030771814,-0.13590065,-0.99024463,0
0.43077493,2.054764,-5.3487554,0.030771814,-0.13590065,-0.99024463,0
-0.066310883,2.163404,-5.359827,0.030771814,-0.13590065,-0.99024463,0
-0.44401789,2.7265317,2.1018021,-0.99899894,0.028003454,-0.034887031,0
-0.41509557,2.8047194,4.6681499,-0.030771814,0.13590065,0.99024463,0
0.030511379,2.6612568,-3.0093133,0.032471299,0.9903267,-0.13490286,0
0.57887125,2.4210024,0.41438192,0.99899894,-0.028003454,0.034887031,0
-0.1761713,-1.7146626,5.3231339,-0.030771814,0.13590065,0.99024463,0
-0.60114169,-0.76026189,5.0465808,-0.030771814,0.13590065,0.99024463,0
0.50412416,-0.87068343,-2.6798625,0.99899894,-0.028003454,0.034887031,0
0.28938818,-2.8798225,0.73341125,-0.032471299,-0.9903267,0.13490286,0
-0.5391103,-0.97210443,1.7176669,-0.99899894,0.028003454,-0.034887031,0
-0.60226142,2.838517,4.6691303,-0.030771814,0.13590065,0.99024463,0
0.46304703,1.7220069,-5.3247375,0.030771814,-0.13590065,-0.99024463,0
-0.28295982,-1.3009207,-4.8498564,0.030771814,-0.13590065,-0.99024463,0
-0.438802,-1.9491403,5.2384386,-0.030771814,0.13590065,0.99024463,0
-0.55680013,-1.65652,5.1876297,-0.030771814,0.13590065,0.99024463,0
0.58375025,-2.6916521,-1.7117615,0.99899894,-0.028003454,0.034887031,0
-0.15593696,2.6910193,-2.5717144,0.032471299,0.9903267,-0.13490286,0
-0.1110239,1.1928049,-5.1394892,0.030771814,-0.13590065,-0.99024463,0
0.41132689,-1.6085114,3.6761792,0.99899894,-0.028003454,0.034887031,0
-0.6608237,-1.6925049,3.9934843,-0.99899894,0.028003454,-0.034887031,0
-0.60842371,-2.2699499,5.3500705,-0.032471299,-0.9903267,0.13490286,0
-0.24165976,-0.43806344,-5.0374703,0.030771814,-0.13590065,-0.99024463,0
-0.12994432,-2.9156339,0.26881534,-0.032471299,-0.9903267,0.13490286,0
0.0037782788,1.7998831,4.804554,-0.030771814,0.13590065,0.99024463,0
0.30213475,2.793313,-1.3287418,0.032471299,0.9903267,-0.13490286,0
0.36140007,0.097037882,1.4674208,0.99899894,-0.028003454,0.034887031,0
0.49055541,-0.69059324,-0.43511415,0.99899894,-0.028003454,0.034887031,0
-0.39402366,3.6316955,4.1843996,0.032471299,0.9903267,-0.13490286,0
-0.55166221,-3.0709205,-0.5331527,-0.032471299,-0.9903267,0.13490286,0
-0.64081383,-0.0049558319,4.9134469,-0.99899894,0.028003454,-0.034887031,0
-0.53253365,2.7073417,4.7226844,-0.030771814,0.13590065,0.99024463,0
-0.099538326,2.9112692,-1.3034599,0.032471299,0.9903267,-0.13490286,0
-0.043833375,0.56405407,-5.1065521,0.030771814,-0.13590065,-0.99024463,0
0.52742493,-1.0660516,0.47027701,0.99899894,-0.028003454,0.034887031,0
-0.5367825,3.0469079,3.8969541,-0.99899894,0.028003454,-0.034887031,0
-0.082466364,-3.1477628,-0.30365723,-0.032471299,-0.9903267,0.13490286,0
-0.26531672,2.0643728,-3.9665568,-0.99899894,0.028003454,-0.034887031,0
-0.65708756,-1.9327657,3.2599583,-0.99899894,0.028003454,-0.034887031,0
-0.2618494,1.8739064,-3.4210567,-0.99899894,0.028003454,-0.034887031,0
-0.25760031,2.9388936,-1.2899001,0.032471299,0.9903267,-0.13490286,0
0.51173073,-0.89364868,-1.0675786,0.99899894,-0.028003454,0.034887031,0
-0.32760811,2.4594634,4.6167068,-0.030771814,0.13590065,0.99024463,0
0.19862628,3.5676057,4.2255659,0.032471299,0.9903267,-0.13490286,0
-0.10662086,1.2512153,4.9107499,-0.030771814,0.13590065,0.99024463,0
0.47722793,0.32019323,0.41977185,0.99899894,-0.028003454,0.034887031,0
-0.70994711,-2.6080909,2.5935936,-0.032471299,-0.9903267,0.13490286,0
0.33276606,2.1341166,-5.2822394,0.030771814,-0.13590065,-0.99024463,0
0.24157101,2.2762139,4.6750598,-0.030771814,0.13590065,0.99024463,0
0.20740151,2.1631978,-5.2691827,0.030771814,-0.13590065,-0.99024463,0
0.71724319,2.6294391,-2.0995731,0.032471299,0.9903267,-0.13490286,0
-0.28502464,-3.5989799,-4.5240641,0.030771814,-0.13590065,-0.99024463,0
-0.60576236,1.9064131,1.8349135,-0.99899894,0.028003454,-0.034887031,0
0.48995757,-2.0016289,-1.7864072,0.99899894,-0.028003454,0.034887031,0
0.41299999,-2.2842078,-4.7147436,0.030771814,-0.13590065,-0.99024463,0
-0.57536244,-2.8184242,0.94769979,-0.032471299,-0.9903267,0.13490286,0
-0.66220343,-2.3316662,1.5927434,-0.99899894,0.028003454,-0.034887031,0
0.046828032,2.4603825,-4.3141603,0.032471299,0.9903267,-0.13490286,0
-0.25416249,-0.21124601,-5.0351782,0.030771814,-0.13590065,-0.99024463,0
-0.29477024,1.728168,-2.7206626,-0.99899894,0.028003454,-0.034887031,0
0.5449903,3.2038798,1.024534,0.032471299,0.9903267,-0.13490286,0
0.32841599,0.2445747,-5.1540251,0.030771814,-0.13590065,-0.99024463,0
0.515836,3.3522065,2.7883942,0.99899894,-0.028003454,0.034887031,0
-0.58964276,-2.3713579,-0.33337206,-0.99899894,0.028003454,-0.034887031,0
-0.22067761,-3.1427152,-1.3657126,-0.032471299,-0.9903267,0.13490286,0
-0.11273551,-2.879318,1.1761928,-0.032471299,-0.9903267,0.13490286,0
-0.31991529,-0.82709193,-3.314827,-0.99899894,0.028003454,-0.034887031,0
-0.1221261,-2.9430032,0.41786313,-0.032471299,-0.9903267,0.13490286,0
0.31223553,0.24495852,2.8817115,0.99899894,-0.028003454,0.034887031,0
-0.0890944,2.4615455,-4.4479237,0.032471299,0.9903267,-0.13490286,0
-0.35908675,2.7563689,-2.2259574,0.032471299,0.9903267,-0.13490286,0
-0.15468693,-2.8569975,1.0641577,-0.032471299,-0.9903267,0.13490286,0
0.015667915,2.4231,-4.6385765,0.032471299,0.9903267,-0.13490286,0
-0.084948391,1.3916224,4.851222,-0.030771814,0.13590065,0.99024463,0
0.37531185,2.7740903,-1.6273646,0.032471299,0.9903267,-0.13490286,0
-0.052275896,-3.1051574,-0.171139,-0.032471299,-0.9903267,0.13490286,0
0.11315393,2.0711477,-5.2868233,0.030771814,-0.13590065,-0.99024463,0
-0.44211614,0.99909467,-1.9072467,-0.99899894,0.028003454,-0.034887031,0
-0.55861592,-2.3716087,2.5668287,-0.99899894,0.028003454,-0.034887031,0
0.2101627,0.52620101,5.0387197,-0.030771814,0.13590065,0.99024463,0
0.17191976,0.16272599,5.1327133,-0.030771814,0.13590065,0.99024463,0
0.71693575,1.4652506,-4.8131027,0.99899894,-0.028003454,0.034887031,0
0.097196579,3.2606373,2.4383142,0.032471299,0.9903267,-0.13490286,0
0.15129018,-0.33314246,-5.0131793,0.030771814,-0.13590065,-0.99024463,0
-0.70070696,-2.1614134,4.8218594,-0.99899894,0.028003454,-0.034887031,0
-0.48288786,2.2097557,1.4891033,-0.99899894,0.028003454,-0.034887031,0
0.38152194,-2.1574333,-4.7117014,0.030771814,-0.13590065,-0.99024463,0
0.69436181,0.28526488,-4.3838043,0.99899894,-0.028003454,0.034887031,0
-0.70336044,-0.13276035,4.7985744,-0.99899894,0.028003454,-0.034887031,0
-0.7180959,-0.23833655,4.2672715,-0.99899894,0.028003454,-0.034887031,0
0.37912834,-1.5825438,-0.029514372,0.99899894,-0.028003454,0.034887031,0
-0.18472242,3.5004358,4.5400481,-0.030771814,0.13590065,0.99024463,0
-0.099314213,-2.6514072,-4.7743168,0.030771814,-0.13590065,-0.99024463,0
0.37023997,3.1685247,1.7184985,0.032471299,0.9903267,-0.13490286,0
0.61236525,0.89033467,-5.0890388,0.030771814,-0.13590065,-0.99024463,0
0.094184101,-2.0386729,-4.7740965,0.030771814,-0.13590065,-0.99024463,0
-0.33365583,-2.9154167,0.22781609,-0.032471299,-0.9903267,0.13490286,0
-0.19305134,3.0340538,-0.35508636,0.032471299,0.9903267,-0.13490286,0
-0.13975739,1.1196182,-5.2257123,0.030771814,-0.13590065,-0.99024463,0
-0.43354917,-2.1450288,5.3432713,-0.030771814,0.13590065,0.99024463,0
-0.13571382,2.6337621,-2.4597764,0.032471299,0.9903267,-0.13490286,0
-0.064080477,-1.2212709,5.2603002,-0.030771814,0.13590065,0.99024463,0
0.038180828,2.9779792,0.2763558,0.032471299,0.9903267,-0.13490286,0
0.71092868,2.3040767,-4.9617872,0.032471299,0.9903267,-0.13490286,0
0.6843285,-1.0236328,-3.3309124,0.99899894,-0.028003454,0.034887031,0
