0.089279175,1.8846925,3.4787357,-0.50641805,0.81240672,-0.28902608,0
2.7011011,0.70651835,-4.2856245,0.85044509,0.41520828,-0.32302529,0
2.1942096,-0.35387576,-3.0203178,0.50641805,-0.81240672,0.28902608,0
-0.06231451,-1.3223872,-2.1836793,0.50641805,-0.81240672,0.28902608,0
-3.3208954,-3.145803,-2.4948971,-0.1424219,-0.40938661,-0.90117627,0
0.30675697,-1.3803182,-3.917191,-0.1424219,-0.40938661,-0.90117627,0
-3.1763842,-2.7286491,-2.7662396,-0.1424219,-0.40938661,-0.90117627,0
-2.2404852,-2.0546253,-3.0448298,-0.1424219,-0.40938661,-0.90117627,0
0.81587744,-0.74580222,-4.1426005,-0.1424219,-0.40938661,-0.90117627,0
0.78621888,1.179939,3.7026114,0.50641805,-0.81240672,0.28902608,0
-3.8649652,-2.615757,-1.4164467,-0.85044509,-0.41520828,0.32302529,0
-1.7282542,0.24076861,1.7260029,-0.50641805,0.81240672,-0.28902608,0
-3.0858302,-1.2118624,2.6837428,-0.85044509,-0.41520828,0.32302529,0
1.0920113,-0.067530215,-4.1388125,-0.50641805,0.81240672,-0.28902608,0
1.6017621,1.9085921,3.2285345,0.1424219,0.40938661,0.90117627,0
-3.1042225,-2.8524001,-0.68717802,0.50641805,-0.81240672,0.28902608,0
2.8210812,-0.40031993,-4.8024397,-0.1424219,-0.40938661,-0.90117627,0
-0.033073425,1.9544256,3.5107195,-0.50641805,0.81240672,-0.28902608,0
0.8998487,-0.39556837,-4.3251076,-0.50641805,0.81240672,-0.28902608,0
-0.64138818,-1.3173525,-3.8288803,-0.1424219,-0.40938661,-0.90117627,0
1.7084557,0.41213664,-0.27164066,0.50641805,-0.81240672,0.28902608,0
-1.1176951,-2.4125683,-2.8141503,0.50641805,-0.81240672,0.28902608,0
0.26059055,-1.2708235,-3.8702481,-0.1424219,-0.40938661,-0.90117627,0
3.2511277,1.0786678,-2.3058829,0.85044509,0.41520828,-0.32302529,0
-1.7134292,-2.1700349,-3.1154711,-0.1424219,-0.40938661,-0.90117627,0
3.4494717,1.2816817,-1.3671203,0.85044509,0.41520828,-0.32302529,0
-3.0778468,-1.8868649,1.611001,-0.85044509,-0.41520828,0.32302529,0
-0.49103069,1.4571806,3.7672281,0.1424219,0.40938661,0.90117627,0
2.7255254,2.5298829,2.9229624,0.1424219,0.40938661,0.90117627,0
0.63324177,1.5213056,1.3985881,-0.50641805,0.81240672,-0.28902608,0
3.2357757,1.3100481,-1.9803088,0.85044509,0.41520828,-0.32302529,0
0.47662807,0.057083219,-2.454051,-0.50641805,0.81240672,-0.28902608,0
-2.3855047,-0.025191069,4.8934169,0.1424219,0.40938661,0.90117627,0
3.6897275,3.088295,1.1357787,0.85044509,0.41520828,-0.32302529,0
-3.9886272,-2.4733047,-1.5556328,-0.50641805,0.81240672,-0.28902608,0
2.8289793,0.94784862,-3.7116096,0.85044509,0.41520828,-0.32302529,0
-3.6677914,-1.9626936,0.095509052,-0.85044509,-0.41520828,0.32302529,0
-0.1737783,1.3686862,3.9329426,0.1424219,0.40938661,0.90117627,0
-4.1894264,-2.9597652,-2.453073,-0.85044509,-0.41520828,0.32302529,0
3.2989571,1.9421829,-0.9327445,0.85044509,0.41520828,-0.32302529,0
4.0692806,2.6713424,1.6932518,0.85044509,0.41520828,-0.32302529,0
-4.0367632,-2.9667373,-2.2872701,-0.85044509,-0.41520828,0.32302529,0
3.6801546,2.8849409,0.76738131,0.85044509,0.41520828,-0.32302529,0
-3.7390327,-3.4908302,-1.6860884,-0.85044509,-0.41520828,0.32302529,0
3.4627531,1.8492835,-1.0744302,0.85044509,0.41520828,-0.32302529,0
2.804713,2.6970634,0.8384999,-0.50641805,0.81240672,-0.28902608,0
-0.30168438,0.58081943,4.1598506,0.50641805,-0.81240672,0.28902608,0
-3.2152636,-1.6096117,1.5734987,-0.85044509,-0.41520828,0.32302529,0
2.6270585,2.3051178,0.066635013,-0.50641805,0.81240672,-0.28902608,0
-3.0645509,-2.2604122,-2.4485683,-0.50641805,0.81240672,-0.28902608,0
-3.7554162,-2.87186,-1.399961,-0.85044509,-0.41520828,0.32302529,0
-2.9935708,-1.1244115,2.9210474,-0.85044509,-0.41520828,0.32302529,0
-3.7913923,-2.1248102,-0.37109613,-0.85044509,-0.41520828,0.32302529,0
2.3401463,1.7804728,-1.0299999,-0.50641805,0.81240672,-0.28902608,0
-3.065686,0.16829956,4.7711792,-0.85044509,-0.41520828,0.32302529,0
3.9325597,3.348855,2.3441353,0.1424219,0.40938661,0.90117627,0
-3.3743448,-3.2342386,-1.3859526,0.50641805,-0.81240672,0.28902608,0
3.236799,0.4572072,-3.2436945,0.85044509,0.41520828,-0.32302529,0
2.2116046,-0.071809888,-4.708005,-0.1424219,-0.40938661,-0.90117627,0
-3.6025324,-1.193215,1.3814504,-0.85044509,-0.41520828,0.32302529,0
2.2076526,0.80050874,-3.6242366,-0.50641805,0.81240672,-0.28902608,0
3.6381695,2.8524277,0.63418245,0.85044509,0.41520828,-0.32302529,0
-3.718277,-2.8668153,-0.94295764,-0.85044509,-0.41520828,0.32302529,0
-2.7910771,-0.29469633,4.5069017,-0.85044509,-0.41520828,0.32302529,0
-2.2349205,-2.7011933,-1.8271432,0.50641805,-0.81240672,0.28902608,0
-3.8079989,-3.2831941,-2.3776433,-0.1424219,-0.40938661,-0.90117627,0
-0.66796088,1.4246228,3.9348943,0.1424219,0.40938661,0.90117627,0
-1.7570345,-2.2185352,-3.2288175,-0.1424219,-0.40938661,-0.90117627,0
-2.9960923,0.29384792,4.7201052,0.1424219,0.40938661,0.90117627,0
-1.2306331,-0.47554865,2.5505867,0.50641805,-0.81240672,0.28902608,0
-3.0075655,-0.78681076,3.1990676,-0.85044509,-0.41520828,0.32302529,0
3.1874404,-0.057080507,-4.1888466,0.50641805,-0.81240672,0.28902608,0
-3.4526439,-1.287473,1.6630116,-0.85044509,-0.41520828,0.32302529,0
1.4760771,2.2905421,3.2278876,0.1424219,0.40938661,0.90117627,0
-2.491293,-0.014688492,4.7750196,0.1424219,0.40938661,0.90117627,0
1.1244812,-0.50238353,-4.3126569,-0.1424219,-0.40938661,-0.90117627,0
-3.0756583,-1.0716072,2.721509,-0.85044509,-0.41520828,0.32302529,0
-2.096956,-0.99663043,-0.5783354,-0.50641805,0.81240672,-0.28902608,0
2.9975111,3.1112511,1.6416676,-0.50641805,0.81240672,-0.28902608,0
2.320286,2.0802836,3.2192125,0.1424219,0.40938661,0.90117627,0
-0.85946083,0.48632127,1.1585405,-0.50641805,0.81240672,-0.28902608,0
2.6203377,1.516089,-1.9474013,-0.50641805,0.81240672,-0.28902608,0
-1.7477489,-2.2552366,-3.165381,-0.1424219,-0.40938661,-0.90117627,0
-3.1839967,-0.76244438,2.9165547,-0.85044509,-0.41520828,0.32302529,0
-0.24015069,-1.6204288,-3.7523224,-0.1424219,-0.40938661,-0.90117627,0
0.49658537,1.3183826,1.2293978,-0.50641805,0.81240672,-0.28902608,0
3.2135425,0.83090788,-2.7675085,0.85044509,0.41520828,-0.32302529,0
-3.4241865,-2.4475756,0.21005297,-0.85044509,-0.41520828,0.32302529,0
2.3186755,0.77552223,-0.14028227,0.50641805,-0.81240672,0.28902608,0
3.4553268,2.8257561,2.5591736,0.1424219,0.40938661,0.90117627,0
3.5555525,1.0693328,-1.6709831,0.85044509,0.41520828,-0.32302529,0
-1.9843988,-2.779254,-2.3456566,0.50641805,-0.81240672,0.28902608,0
3.242506,2.0258932,-1.2065027,0.85044509,0.41520828,-0.32302529,0
3.0979559,2.8653653,2.5672853,0.1424219,0.40938661,0.90117627,0
-3.5086648,-2.8815539,-2.4864759,-0.1424219,-0.40938661,-0.90117627,0
-2.2032993,-2.7299013,-2.123266,0.50641805,-0.81240672,0.28902608,0
-3.3408728,-2.4995279,-2.7324765,-0.1424219,-0.40938661,-0.90117627,0
-2.8825781,-0.28651583,4.1995535,-0.85044509,-0.41520828,0.32302529,0
0.22160912,1.2684786,3.8697965,0.1424219,0.40938661,0.90117627,0
1.80565,-0.39958614,-2.3194511,0.50641805,-0.81240672,0.28902608,0
-3.4617448,-1.8039172,1.2026098,-0.85044509,-0.41520828,0.32302529,0
-1.6140525,-0.28076279,3.7146375,0.50641805,-0.81240672,0.28902608,0
0.91743636,1.7377129,1.3628254,-0.50641805,0.81240672,-0.28902608,0
-3.3164196,-2.6634891,0.22480011,-0.85044509,-0.41520828,0.32302529,0
-2.281105,-2.683104,-2.9569998,-0.1424219,-0.40938661,-0.90117627,0
0.064759731,-0.47522229,-3.1595926,-0.50641805,0.81240672,-0.28902608,0
3.6390142,1.9737599,-0.071648121,0.85044509,0.41520828,-0.32302529,0
-3.0448642,-0.57132775,3.5297697,-0.85044509,-0.41520828,0.32302529,0
-1.2811892,-1.9811739,-1.6168869,0.50641805,-0.81240672,0.28902608,0
3.9312952,3.0859582,2.3603668,0.1424219,0.40938661,0.90117627,0
-1.1066904,0.61982286,2.0119877,-0.50641805,0.81240672,-0.28902608,0
-1.7862084,0.96093118,4.1594868,-0.50641805,0.81240672,-0.28902608,0
3.165777,0.79638547,-2.8335228,0.85044509,0.41520828,-0.32302529,0
3.0000427,1.8812066,-1.6747451,-0.50641805,0.81240672,-0.28902608,0
-1.8813032,-0.26219749,4.4852347,0.50641805,-0.81240672,0.28902608,0
2.6442556,1.5769577,-2.2295003,-0.50641805,0.81240672,-0.28902608,0
0.59017038,2.0975161,3.3749626,0.1424219,0.40938661,0.90117627,0
2.7255785,3.1140809,2.5543587,0.1424219,0.40938661,0.90117627,0
2.1348622,-0.49105835,-4.6310644,-0.1424219,-0.40938661,-0.90117627,0
0.51595473,1.0739963,3.8903422,0.1424219,0.40938661,0.90117627,0
1.8141345,0.24735069,-4.2298641,-0.50641805,0.81240672,-0.28902608,0
2.7267349,0.80990994,-3.9313314,0.85044509,0.41520828,-0.32302529,0
-2.5827379,-2.4982116,-2.8093734,-0.1424219,-0.40938661,-0.90117627,0
3.998076,3.2226417,2.1931572,0.85044509,0.41520828,-0.32302529,0
-2.9849751,-0.69977105,3.7180746,-0.85044509,-0.41520828,0.32302529,0
-1.8223116,-2.4715643,-2.9937587,-0.1424219,-0.40938661,-0.90117627,0
3.6118326,2.1712213,0.18221116,0.85044509,0.41520828,-0.32302529,0
-3.5404787,-2.3967555,-0.14554381,-0.85044509,-0.41520828,0.32302529,0
2.0614066,1.0439954,1.1380371,0.50641805,-0.81240672,0.28902608,0
3.651262,1.7519758,-0.42868352,0.85044509,0.41520828,-0.32302529,0
-2.9804866,0.093488932,3.731436,-0.50641805,0.81240672,-0.28902608,0
-3.5602779,-1.7788789,-0.75213432,-0.50641805,0.81240672,-0.28902608,0
-2.6994205,-2.8023615,-2.8188205,-0.1424219,-0.40938661,-0.90117627,0
-2.0435753,-1.3255372,-1.7118771,-0.50641805,0.81240672,-0.28902608,0
-0.82598329,1.134187,4.0182934,0.1424219,0.40938661,0.90117627,0
-3.7534819,-2.7834415,-2.4804904,-0.1424219,-0.40938661,-0.90117627,0
-3.5340607,-1.5822645,1.1119385,-0.85044509,-0.41520828,0.32302529,0
3.6794045,3.4186399,1.7884963,0.85044509,0.41520828,-0.32302529,0
-2.8311176,-2.8006585,-2.7912054,-0.1424219,-0.40938661,-0.90117627,0
3.1108892,1.4709346,-2.4426534,0.85044509,0.41520828,-0.32302529,0
1.9456042,1.9913538,0.37574995,-0.50641805,0.81240672,-0.28902608,0
-2.7373946,-2.280045,-3.0374024,-0.1424219,-0.40938661,-0.90117627,0
-3.3679571,-0.90668958,1.9313769,-0.50641805,0.81240672,-0.28902608,0
-1.3045695,-1.9729052,-3.3860652,-0.1424219,-0.40938661,-0.90117627,0
2.903429,2.189743,2.4980278,0.50641805,-0.81240672,0.28902608,0
-0.92329431,-1.1969641,-3.7146723,-0.1424219,-0.40938661,-0.90117627,0
3.0111117,1.8049078,-1.8760619,0.85044509,0.41520828,-0.32302529,0
-0.66711307,-1.7970642,-3.4493361,-0.1424219,-0.40938661,-0.90117627,0
-3.1047306,-1.4677558,2.4795673,-0.85044509,-0.41520828,0.32302529,0
-1.9052255,-2.4994545,-3.0079939,-0.1424219,-0.40938661,-0.90117627,0
-0.067964554,0.63084418,3.5676639,0.50641805,-0.81240672,0.28902608,0
2.7683861,0.023522735,-4.7885981,-0.1424219,-0.40938661,-0.90117627,0
3.7198877,2.8441811,2.5330894,0.1424219,0.40938661,0.90117627,0
-3.3330112,-0.44166815,3.261018,-0.85044509,-0.41520828,0.32302529,0
2.1403568,1.6917186,-0.41456556,-0.50641805,0.81240672,-0.28902608,0
0.26295137,1.3165834,3.8562233,0.1424219,0.40938661,0.90117627,0
-1.9189959,-1.2890089,-1.7482332,-0.50641805,0.81240672,-0.28902608,0
2.4930634,-0.69495058,-4.5195332,0.50641805,-0.81240672,0.28902608,0
-3.649435,-1.8763227,0.10775447,-0.85044509,-0.41520828,0.32302529,0
-0.46244407,0.83130562,4.0848517,0.1424219,0.40938661,0.90117627,0
3.4148815,2.0611176,1.4771945,0.50641805,-0.81240672,0.28902608,0
-2.9372425,-0.30410314,4.3662624,-0.85044509,-0.41520828,0.32302529,0
3.1160042,0.99437302,-3.1611233,0.85044509,0.41520828,-0.32302529,0
3.4692693,2.0199723,-0.44585252,0.85044509,0.41520828,-0.32302529,0
3.5537429,3.6014132,2.3514833,0.1424219,0.40938661,0.90117627,0
-0.88745546,-0.67930216,-2.2110205,-0.50641805,0.81240672,-0.28902608,0
3.6128492,2.9741139,2.5498176,0.1424219,0.40938661,0.90117627,0
-2.9927461,-0.16849983,4.5288458,-0.85044509,-0.41520828,0.32302529,0
3.810971,2.615665,0.94448209,0.85044509,0.41520828,-0.32302529,0
0.39750314,0.37810576,-1.2825832,-0.50641805,0.81240672,-0.28902608,0
-3.1053786,-1.9835558,-2.1458526,-0.50641805,0.81240672,-0.28902608,0
-2.7157865,-3.1172655,-2.5138683,-0.1424219,-0.40938661,-0.90117627,0
-3.9413099,-3.3987508,-2.1569819,-0.85044509,-0.41520828,0.32302529,0
-3.9815118,-2.8777912,-1.6799706,-0.85044509,-0.41520828,0.32302529,0
3.7215362,2.6060643,2.6262138,0.50641805,-0.81240672,0.28902608,0
3.3801129,1.5389028,-1.5283673,0.85044509,0.41520828,-0.32302529,0
-2.8991864,-0.23414767,4.2504911,-0.85044509,-0.41520828,0.32302529,0
4.1246367,3.0186234,2.1690228,0.85044509,0.41520828,-0.32302529,0
3.3483486,1.2842057,-1.6552279,0.85044509,0.41520828,-0.32302529,0
-3.2714903,-1.9022398,-1.135337,-0.50641805,0.81240672,-0.28902608,0
3.5916951,2.8032594,0.89818978,0.85044509,0.41520828,-0.32302529,0
-3.7628417,-2.2535853,-0.40214086,-0.85044509,-0.41520828,0.32302529,0
3.4338658,1.5349994,-1.5217361,0.85044509,0.41520828,-0.32302529,0
-2.0495737,-1.9867177,-3.1301217,-0.1424219,-0.40938661,-0.90117627,0
-3.8723702,-2.9073071,-1.3845919,-0.85044509,-0.41520828,0.32302529,0
-1.3040378,-1.7808262,-3.3761027,-0.1424219,-0.40938661,-0.90117627,0
2.3139806,-0.24746478,-2.8294334,0.50641805,-0.81240672,0.28902608,0
-1.1072099,0.77972198,4.2285218,0.1424219,0.40938661,0.90117627,0
-3.2899375,-3.1828592,-2.5142224,-0.1424219,-0.40938661,-0.90117627,0
1.6505136,-1.0308067,-4.2930403,-0.1424219,-0.40938661,-0.90117627,0
-2.9587622,-1.4460727,2.8665359,-0.85044509,-0.41520828,0.32302529,0
-2.9900281,0.26726699,4.6387653,-0.85044509,-0.41520828,0.32302529,0
0.30616879,1.193748,3.8816366,0.1424219,0.40938661,0.90117627,0
2.8344417,0.68747598,-3.7606509,0.85044509,0.41520828,-0.32302529,0
-3.8779221,-2.385463,-1.5348419,-0.50641805,0.81240672,-0.28902608,0
1.3340917,1.9063156,3.3119698,0.1424219,0.40938661,0.90117627,0
-1.1866221,0.7487821,4.3783064,0.1424219,0.40938661,0.90117627,0
1.619334,2.2759089,1.8300529,-0.50641805,0.81240672,-0.28902608,0
-3.6862342,-3.4252033,-2.2549269,-0.1424219,-0.40938661,-0.90117627,0
-0.87503469,0.0086206794,-0.0829916,-0.50641805,0.81240672,-0.28902608,0
2.152704,2.6507831,2.9376616,0.1424219,0.40938661,0.90117627,0
0.53521156,0.86058921,2.994803,0.50641805,-0.81240672,0.28902608,0
1.8294525,1.4085289,2.4743474,0.50641805,-0.81240672,0.28902608,0
3.9268732,3.2107689,2.3442004,0.1424219,0.40938661,0.90117627,0
1.7730677,2.3505113,1.7888529,-0.50641805,0.81240672,-0.28902608,0
-2.8959272,-0.89056838,3.4095972,-0.85044509,-0.41520828,0.32302529,0
4.1128812,2.7547832,2.2210927,0.85044509,0.41520828,-0.32302529,0
-1.8619065,-0.22454208,1.0956695,-0.50641805,0.81240672,-0.28902608,0
-2.5497217,-2.4763808,-2.8077152,-0.1424219,-0.40938661,-0.90117627,0
3.8105116,3.4894328,2.01457,0.85044509,0.41520828,-0.32302529,0
2.9231062,2.8956752,1.2977486,-0.50641805,0.81240672,-0.28902608,0
3.0868812,1.0116255,-2.7888381,0.85044509,0.41520828,-0.32302529,0
-3.4000289,-1.9091494,1.0247672,-0.85044509,-0.41520828,0.32302529,0
-3.1855628,-1.6696533,1.7562976,-0.85044509,-0.41520828,0.32302529,0
3.1934028,0.69638062,-2.9056239,0.85044509,0.41520828,-0.32302529,0
-1.5610781,-1.6557586,-3.5439355,-0.1424219,-0.40938661,-0.90117627,0
-2.8077486,-0.57316422,3.9715459,-0.85044509,-0.41520828,0.32302529,0
-0.71512699,-1.0515842,-3.6432102,-0.50641805,0.81240672,-0.28902608,0
-0.18842864,0.34437439,2.9074149,0.50641805,-0.81240672,0.28902608,0
0.90931362,-0.21656114,-0.20221752,0.50641805,-0.81240672,0.28902608,0
-3.9022551,-3.151577,-2.0108023,-0.85044509,-0.41520828,0.32302529,0
1.5585024,1.8613708,0.55205464,-0.50641805,0.81240672,-0.28902608,0
0.63344288,-0.73077923,-4.269546,-0.1424219,-0.40938661,-0.90117627,0
-3.094281,0.017177701,3.4560103,-0.50641805,0.81240672,-0.28902608,0
2.7870584,0.32548034,-1.9713213,0.50641805,-0.81240672,0.28902608,0
-3.1031911,-1.2186649,2.5578814,-0.85044509,-0.41520828,0.32302529,0
-3.7064357,-3.3110723,-1.411757,-0.85044509,-0.41520828,0.32302529,0
-0.78346574,0.25816301,0.21031338,-0.50641805,0.81240672,-0.28902608,0
-0.045353174,-0.71463764,-3.9728475,-0.50641805,0.81240672,-0.28902608,0
-1.7997842,-1.6359994,-3.1674724,-0.50641805,0.81240672,-0.28902608,0
3.6413004,2.0036488,-0.37220216,0.85044509,0.41520828,-0.32302529,0
1.5421484,2.1580834,3.2556753,0.1424219,0.40938661,0.90117627,0
-0.53008389,1.0596659,3.9559212,0.1424219,0.40938661,0.90117627,0
1.1069984,1.9196202,3.2951527,0.1424219,0.40938661,0.90117627,0
0.66719031,-1.0180619,-1.9827161,0.50641805,-0.81240672,0.28902608,0
2.8344679,0.13651311,-4.5190558,0.85044509,0.41520828,-0.32302529,0
1.5334554,2.6916361,3.0402136,0.1424219,0.40938661,0.90117627,0
-1.4478681,-2.3893492,-3.0985107,-0.1424219,-0.40938661,-0.90117627,0
-3.9433556,-3.1754692,-2.2519548,-0.85044509,-0.41520828,0.32302529,0
-0.13395977,0.27673233,-0.68063933,-0.50641805,0.81240672,-0.28902608,0
-3.8277328,-2.6108727,-0.79266667,-0.85044509,-0.41520828,0.32302529,0
-3.2617846,-0.23083353,3.5559304,-0.85044509,-0.41520828,0.32302529,0
-1.5025121,0.64988434,4.4051466,0.1424219,0.40938661,0.90117627,0
1.887894,-0.73342431,-4.4302268,-0.1424219,-0.40938661,-0.90117627,0
-0.63844705,0.9711439,4.0043554,0.1424219,0.40938661,0.90117627,0
-3.1245704,-1.2279217,2.720453,-0.85044509,-0.41520828,0.32302529,0
0.22476709,0.25001717,2.0301864,0.50641805,-0.81240672,0.28902608,0
-2.0647063,-0.68673837,0.25565946,-0.50641805,0.81240672,-0.28902608,0
3.9091189,2.2943568,1.0316675,0.85044509,0.41520828,-0.32302529,0
-3.0217626,-0.92526591,3.4447086,-0.85044509,-0.41520828,0.32302529,0
-0.59259284,0.097636223,-0.49097985,-0.50641805,0.81240672,-0.28902608,0
-3.1636951,-0.97533417,2.5267837,-0.85044509,-0.41520828,0.32302529,0
-3.7347219,-2.4791639,-0.5822711,-0.85044509,-0.41520828,0.32302529,0
0.61302722,-1.0334888,-2.5134385,0.50641805,-0.81240672,0.28902608,0
-2.8954067,-0.68170685,3.7028232,-0.85044509,-0.41520828,0.32302529,0
-0.30357122,0.93201417,4.126296,0.1424219,0.40938661,0.90117627,0
-2.3428793,-0.095821619,4.7732201,0.1424219,0.40938661,0.90117627,0
-2.8264332,-3.0578504,-2.5540164,-0.1424219,-0.40938661,-0.90117627,0
-1.0472329,0.76425779,2.4470549,-0.50641805,0.81240672,-0.28902608,0
0.36355183,0.59531808,-0.93519092,-0.50641805,0.81240672,-0.28902608,0
3.117475,0.10033119,-4.0690598,0.85044509,0.41520828,-0.32302529,0
-0.5570612,1.109606,4.061718,0.1424219,0.40938661,0.90117627,0
3.7008891,2.6452665,1.0539349,0.85044509,0.41520828,-0.32302529,0
-3.2230923,-0.32769704,3.7761962,-0.85044509,-0.41520828,0.32302529,0
1.0444407,2.156847,3.2360702,0.1424219,0.40938661,0.90117627,0
-3.6349003,-2.648134,-0.74361289,-0.85044509,-0.41520828,0.32302529,0
-1.8938107,-0.69473124,-0.08851552,-0.50641805,0.81240672,-0.28902608,0
3.3732378,0.9958297,-2.0721004,0.85044509,0.41520828,-0.32302529,0
0.14115644,1.09131,3.9889615,0.1424219,0.40938661,0.90117627,0
-2.4164906,-0.0069673061,4.7585573,0.1424219,0.40938661,0.90117627,0
-3.2481799,-0.94679248,2.4780855,-0.85044509,-0.41520828,0.32302529,0
-0.91442966,1.0330042,4.1860571,0.1424219,0.40938661,0.90117627,0
2.6219189,2.5987806,2.817709,0.1424219,0.40938661,0.90117627,0
3.3293242,2.2391238,-0.82211375,0.85044509,0.41520828,-0.32302529,0
-3.8082001,-2.5340848,-1.0461268,-0.85044509,-0.41520828,0.32302529,0
-2.8315942,0.16327333,3.5608459,-0.50641805,0.81240672,-0.28902608,0
0.62261605,-0.72496718,-4.1502447,-0.1424219,-0.40938661,-0.90117627,0
3.7655339,2.7108922,0.80509984,0.85044509,0.41520828,-0.32302529,0
-1.9806584,-1.0963639,-1.0098879,-0.50641805,0.81240672,-0.28902608,0
2.0291309,1.5664954,2.4293814,0.50641805,-0.81240672,0.28902608,0
0.52754116,0.86468732,3.114958,0.50641805,-0.81240672,0.28902608,0
-2.9167724,0.19169319,4.8654046,0.1424219,0.40938661,0.90117627,0
1.5410247,1.7065189,3.42695,0.1424219,0.40938661,0.90117627,0
-2.4777465,-2.2547204,-0.38959384,0.50641805,-0.81240672,0.28902608,0
3.1558623,1.7204698,-1.8738587,0.85044509,0.41520828,-0.32302529,0
0.71507931,0.98546648,-0.011211574,-0.50641805,0.81240672,-0.28902608,0
-3.3495269,-1.007298,2.1306856,-0.85044509,-0.41520828,0.32302529,0
0.68207949,0.3038857,-2.2844071,-0.50641805,0.81240672,-0.28902608,0
0.18619624,0.72557753,-0.31402546,-0.50641805,0.81240672,-0.28902608,0
-0.81707907,-1.8319342,-3.5203543,-0.1424219,-0.40938661,-0.90117627,0
-3.1300654,0.012233734,3.5085313,-0.50641805,0.81240672,-0.28902608,0
-1.4348228,0.27733898,4.4323854,0.1424219,0.40938661,0.90117627,0
0.25238609,-0.88728356,-1.2507198,0.50641805,-0.81240672,0.28902608,0
-1.8220973,-1.8903971,-0.067497611,0.50641805,-0.81240672,0.28902608,0
3.6078966,1.7310374,-0.6498034,0.85044509,0.41520828,-0.32302529,0
0.8613348,1.4530449,0.61224288,-0.50641805,0.81240672,-0.28902608,0
1.1016152,1.334271,3.6066086,0.1424219,0.40938661,0.90117627,0
1.3451078,-0.6966272,-4.2374988,-0.1424219,-0.40938661,-0.90117627,0
2.8113961,3.0744319,2.4877589,0.1424219,0.40938661,0.90117627,0
-2.1947453,-1.1765426,-0.94628429,-0.50641805,0.81240672,-0.28902608,0
-3.3394117,-2.0216241,0.76404858,-0.85044509,-0.41520828,0.32302529,0
1.9148142,-0.68192255,-3.4562643,0.50641805,-0.81240672,0.28902608,0
3.6567004,2.9475403,1.1316233,0.85044509,0.41520828,-0.32302529,0
0.92140865,2.2363811,3.2847188,-0.50641805,0.81240672,-0.28902608,0
3.5019755,2.5213084,0.2728653,0.85044509,0.41520828,-0.32302529,0
-3.875448,-3.3133841,-1.8321075,-0.85044509,-0.41520828,0.32302529,0
3.584691,3.3725986,1.5316889,-0.50641805,0.81240672,-0.28902608,0
3.9964702,2.5171933,1.0671438,0.85044509,0.41520828,-0.32302529,0
2.7398875,0.33021951,-4.9636211,-0.1424219,-0.40938661,-0.90117627,0
-1.7232873,-2.3565269,-1.9486089,0.50641805,-0.81240672,0.28902608,0
1.1394416,0.5785886,1.6141374,0.50641805,-0.81240672,0.28902608,0
2.7076581,1.2626097,0.59586251,0.50641805,-0.81240672,0.28902608,0
-3.4455295,-2.068851,0.85726619,-0.85044509,-0.41520828,0.32302529,0
-0.45170665,1.0211322,4.0213184,0.1424219,0.40938661,0.90117627,0
-3.4227495,-2.4811671,0.3591156,-0.85044509,-0.41520828,0.32302529,0
0.32836604,1.9134216,3.6081977,0.1424219,0.40938661,0.90117627,0
0.92877841,0.73539138,-1.0869668,-0.50641805,0.81240672,-0.28902608,0
3.4268482,0.97305739,-2.2521915,0.85044509,0.41520828,-0.32302529,0
-1.9700465,-2.6918015,-2.8347387,-0.1424219,-0.40938661,-0.90117627,0
0.61847568,-0.75052953,-4.2955122,-0.1424219,-0.40938661,-0.90117627,0
-3.3422263,-1.8086905,1.5456228,-0.85044509,-0.41520828,0.32302529,0
3.507659,1.9834192,-0.53364372,0.85044509,0.41520828,-0.32302529,0
-3.2261393,-0.15374434,3.8212674,-0.85044509,-0.41520828,0.32302529,0
-2.1731334,-2.1394703,-0.23251188,0.50641805,-0.81240672,0.28902608,0
1.3948331,-1.254243,-3.9405761,0.50641805,-0.81240672,0.28902608,0
-3.0508761,-0.12577832,4.0408144,-0.85044509,-0.41520828,0.32302529,0
-3.1333022,-1.7327099,-1.1268322,-0.50641805,0.81240672,-0.28902608,0
-1.1181933,-0.93079841,0.91748047,0.50641805,-0.81240672,0.28902608,0
3.2171941,0.3632828,-3.5297801,0.85044509,0.41520828,-0.32302529,0
3.3787642,1.4792652,-1.6161001,0.85044509,0.41520828,-0.32302529,0
1.3659821,2.3916588,3.1141717,0.1424219,0.40938661,0.90117627,0
-2.4240923,-2.8071389,-2.0026524,0.50641805,-0.81240672,0.28902608,0
-3.4746332,-2.7100401,-2.759028,-0.1424219,-0.40938661,-0.90117627,0
-1.9475573,0.11386228,2.0887265,-0.50641805,0.81240672,-0.28902608,0
-1.2036517,-2.0056496,-3.2498732,-0.1424219,-0.40938661,-0.90117627,0
1.4096234,-0.908548,-4.2044435,-0.1424219,-0.40938661,-0.90117627,0
-3.6250694,-2.5255785,-0.1627655,-0.85044509,-0.41520828,0.32302529,0
-1.5645013,-2.5296135,-3.0710602,-0.1424219,-0.40938661,-0.90117627,0
-3.6803455,-2.9906173,-1.0550387,-0.85044509,-0.41520828,0.32302529,0
3.1674514,2.9693708,0.92431653,-0.50641805,0.81240672,-0.28902608,0
-2.2348897,-0.17224801,4.8116951,0.1424219,0.40938661,0.90117627,0
-4.1006598,-2.8919213,-2.0063047,-0.85044509,-0.41520828,0.32302529,0
-2.5609338,-0.43935382,1.8561687,-0.50641805,0.81240672,-0.28902608,0
1.2504263,-1.236418,-4.165484,-0.1424219,-0.40938661,-0.90117627,0
0.95495367,1.5579716,1.1507814,-0.50641805,0.81240672,-0.28902608,0
2.4098964,-0.044253707,-2.6070058,0.50641805,-0.81240672,0.28902608,0
-2.6530743,0.36816478,3.8966241,-0.50641805,0.81240672,-0.28902608,0
-1.8766634,-2.3983643,-1.6583194,0.50641805,-0.81240672,0.28902608,0
-1.1445925,0.48272693,4.4720078,0.1424219,0.40938661,0.90117627,0
1.1590344,-1.0904064,-3.6002955,0.50641805,-0.81240672,0.28902608,0
-2.3504763,-0.99925697,-0.59739244,-0.50641805,0.81240672,-0.28902608,0
2.2376125,2.3748493,0.93133968,-0.50641805,0.81240672,-0.28902608,0
2.8828297,1.10151,-3.4908295,0.85044509,0.41520828,-0.32302529,0
0.45155334,1.1758885,3.7622597,0.1424219,0.40938661,0.90117627,0
-3.6946592,-1.6479814,0.68241954,-0.85044509,-0.41520828,0.32302529,0
2.1945875,0.23781967,-4.5693789,-0.50641805,0.81240672,-0.28902608,0
-0.31737304,1.4232457,2.7223456,-0.50641805,0.81240672,-0.28902608,0
-3.2181478,-1.6212897,1.5724738,-0.85044509,-0.41520828,0.32302529,0
0.61283827,-0.93220288,-4.1548653,-0.1424219,-0.40938661,-0.90117627,0
-1.4735299,0.62988389,4.284277,0.1424219,0.40938661,0.90117627,0
2.4690089,0.71037936,-4.0389986,-0.50641805,0.81240672,-0.28902608,0
2.6622121,0.71188784,-4.410471,0.85044509,0.41520828,-0.32302529,0
2.2868073,1.5691807,-1.5946106,-0.50641805,0.81240672,-0.28902608,0
-3.483932,-0.78512174,2.2845976,-0.85044509,-0.41520828,0.32302529,0
3.1458495,0.043341279,-3.9266999,0.85044509,0.41520828,-0.32302529,0
-3.0468221,0.09497261,4.3463898,-0.85044509,-0.41520828,0.32302529,0
0.56968445,0.67751378,-0.94384098,-0.50641805,0.81240672,-0.28902608,0
-2.0566971,-1.421948,-2.4628329,-0.50641805,0.81240672,-0.28902608,0
2.1041884,2.7164516,2.4058018,-0.50641805,0.81240672,-0.28902608,0
1.5816076,2.4748151,2.9850748,0.1424219,0.40938661,0.90117627,0
-2.9440312,-0.7145921,3.5313101,-0.85044509,-0.41520828,0.32302529,0
-0.74531746,1.2127461,3.0524821,-0.50641805,0.81240672,-0.28902608,0
3.4017892,1.5757377,-1.4452708,0.85044509,0.41520828,-0.32302529,0
3.056601,0.45847774,-3.6783953,0.85044509,0.41520828,-0.32302529,0
0.55562615,1.7124295,3.5934637,0.1424219,0.40938661,0.90117627,0
-0.67570901,-0.90163839,0.61971331,0.50641805,-0.81240672,0.28902608,0
-2.5714519,-2.9852142,-2.0619996,0.50641805,-0.81240672,0.28902608,0
-1.363302,0.89619827,3.4144874,-0.50641805,0.81240672,-0.28902608,0
-2.784013,-0.0232656,4.7970409,-0.85044509,-0.41520828,0.32302529,0
-3.7347045,-2.1120961,-0.25854492,-0.85044509,-0.41520828,0.32302529,0
3.8497524,3.5584927,2.0246465,0.85044509,0.41520828,-0.32302529,0
3.2591505,0.31109929,-3.4333129,0.85044509,0.41520828,-0.32302529,0
0.49019694,-1.4713404,-3.8980188,-0.1424219,-0.40938661,-0.90117627,0
-3.028465,-0.43298256,3.8801048,-0.85044509,-0.41520828,0.32302529,0
-2.3897486,-2.2651424,-0.33345425,0.50641805,-0.81240672,0.28902608,0
-0.81823921,0.63658208,4.2352166,0.1424219,0.40938661,0.90117627,0
1.340836,1.5384779,3.5059814,0.1424219,0.40938661,0.90117627,0
2.462429,2.7344465,1.8668765,-0.50641805,0.81240672,-0.28902608,0
1.6779838,1.2057362,2.4131727,0.50641805,-0.81240672,0.28902608,0
0.52929693,0.015811756,0.71969712,0.50641805,-0.81240672,0.28902608,0
-3.9210391,-2.4354424,-1.6581893,-0.50641805,0.81240672,-0.28902608,0
-1.2932928,0.51557654,2.2277675,-0.50641805,0.81240672,-0.28902608,0
2.6895635,0.43043613,-4.9636612,0.85044509,0.41520828,-0.32302529,0
-2.5437572,-0.53815383,4.7985868,-0.85044509,-0.41520828,0.32302529,0
-1.0418329,0.33103484,4.3906455,0.50641805,-0.81240672,0.28902608,0
0.34158444,0.93143952,3.8779676,0.1424219,0.40938661,0.90117627,0
-2.0970492,-0.55467308,0.56022334,-0.50641805,0.81240672,-0.28902608,0
-2.5339968,0.58674681,4.1344223,-0.50641805,0.81240672,-0.28902608,0
3.4641919,2.8371937,2.6450589,0.1424219,0.40938661,0.90117627,0
-2.9660356,-0.82824069,3.7806425,-0.85044509,-0.41520828,0.32302529,0
-3.6041164,-3.2944822,-2.3305244,-0.1424219,-0.40938661,-0.90117627,0
2.9215574,0.79077291,-3.4442997,0.85044509,0.41520828,-0.32302529,0
-3.95362,-2.3547046,-0.96140718,-0.85044509,-0.41520828,0.32302529,0
-1.7356896,0.31319284,4.5768852,0.1424219,0.40938661,0.90117627,0
3.8020091,3.2309599,1.9602482,0.85044509,0.41520828,-0.32302529,0
-2.9805813,-1.3169961,2.8910375,-0.85044509,-0.41520828,0.32302529,0
-2.6131539,-1.7690089,-2.1783891,-0.50641805,0.81240672,-0.28902608,0
-0.23600364,0.5571897,3.8766067,0.50641805,-0.81240672,0.28902608,0
-1.907578,0.089298725,2.0582354,-0.50641805,0.81240672,-0.28902608,0
-2.4889789,-3.1273377,-2.652807,-0.1424219,-0.40938661,-0.90117627,0
1.8501896,0.69986796,-2.8600037,-0.50641805,0.81240672,-0.28902608,0
-0.46456766,1.0436211,4.0707369,0.1424219,0.40938661,0.90117627,0
1.2436945,-0.32145494,-4.4329677,-0.1424219,-0.40938661,-0.90117627,0
2.6623139,0.87911499,-0.46949005,0.50641805,-0.81240672,0.28902608,0
0.47783291,-0.88396531,-1.691299,0.50641805,-0.81240672,0.28902608,0
-3.0706346,-2.6407468,-2.8274403,-0.1424219,-0.40938661,-0.90117627,0
-0.019707918,0.72576463,3.7301712,0.50641805,-0.81240672,0.28902608,0
3.5725465,2.5963979,0.15046215,0.85044509,0.41520828,-0.32302529,0
-1.3985491,0.088737249,0.97359204,-0.50641805,0.81240672,-0.28902608,0
-0.21714282,-1.6661516,-3.7007864,-0.1424219,-0.40938661,-0.90117627,0
-2.0661457,-0.64568251,3.8622165,0.50641805,-0.81240672,0.28902608,0
-3.9131939,-3.0815887,-2.4249063,-0.1424219,-0.40938661,-0.90117627,0
1.4357331,1.9754281,1.2269723,-0.50641805,0.81240672,-0.28902608,0
3.9331758,2.8991911,1.9038519,0.85044509,0.41520828,-0.32302529,0
2.3016617,-0.53059375,-4.5348015,-0.1424219,-0.40938661,-0.90117627,0
-1.3339198,0.46140701,4.4740696,0.1424219,0.40938661,0.90117627,0
3.8455095,3.1415052,1.9090332,0.85044509,0.41520828,-0.32302529,0
-3.0725155,-0.75271815,3.0786345,-0.85044509,-0.41520828,0.32302529,0
4.0844021,2.855619,2.5182793,0.1424219,0.40938661,0.90117627,0
-1.2261827,-2.1916859,-3.244509,-0.1424219,-0.40938661,-0.90117627,0
-3.2812386,-1.5621432,1.7439618,-0.85044509,-0.41520828,0.32302529,0
0.95323849,1.009832,2.8736835,0.50641805,-0.81240672,0.28902608,0
-0.77299929,0.84918118,2.1615496,-0.50641805,0.81240672,-0.28902608,0
-1.1740308,-1.9268694,-3.278929,-0.1424219,-0.40938661,-0.90117627,0
-2.6071312,-0.57690781,1.4922647,-0.50641805,0.81240672,-0.28902608,0
1.0201564,-0.74035841,-4.2593484,-0.1424219,-0.40938661,-0.90117627,0
1.5015624,1.1703275,2.3976846,0.50641805,-0.81240672,0.28902608,0
-3.1927428,-0.43084443,3.7020085,-0.85044509,-0.41520828,0.32302529,0
-0.62684321,-1.6144874,-3.706239,-0.1424219,-0.40938661,-0.90117627,0
3.957293,2.7200425,1.4248782,0.85044509,0.41520828,-0.32302529,0
-2.2549233,0.68618143,4.4865618,0.1424219,0.40938661,0.90117627,0
-0.75403643,-1.677973,-3.5886276,-0.1424219,-0.40938661,-0.90117627,0
-2.8014226,-1.3778718,-0.54912078,-0.50641805,0.81240672,-0.28902608,0
3.4139292,1.8726187,0.8046819,0.50641805,-0.81240672,0.28902608,0
0.9314847,1.7028277,3.461298,0.1424219,0.40938661,0.90117627,0
1.9253401,-0.01928997,-1.927541,0.50641805,-0.81240672,0.28902608,0
-2.7269053,-0.91407537,3.7595963,-0.85044509,-0.41520828,0.32302529,0
1.0427518,-0.20172647,-0.57413322,0.50641805,-0.81240672,0.28902608,0
0.1768527,-1.5425811,-3.8546035,-0.1424219,-0.40938661,-0.90117627,0
-1.0342941,1.0614083,4.041399,0.1424219,0.40938661,0.90117627,0
2.1339471,-0.2638979,-4.6205111,-0.1424219,-0.40938661,-0.90117627,0
-4.1446095,-2.971117,-2.0825777,-0.85044509,-0.41520828,0.32302529,0
3.2700663,1.2803452,-1.9787114,0.85044509,0.41520828,-0.32302529,0
-2.94222,0.33998704,4.8462715,0.1424219,0.40938661,0.90117627,0
-2.9652948,-0.94367498,3.1377933,-0.85044509,-0.41520828,0.32302529,0
3.121026,1.2942791,-2.4990194,0.85044509,0.41520828,-0.32302529,0
-0.78020477,-0.34298676,-1.4851482,-0.50641805,0.81240672,-0.28902608,0
-1.5229417,-1.0552281,-1.7374231,-0.50641805,0.81240672,-0.28902608,0
3.4895427,2.019141,-0.55176234,0.85044509,0.41520828,-0.32302529,0
3.7485397,2.1611273,0.085316181,0.85044509,0.41520828,-0.32302529,0
-0.78837872,-2.0228195,-3.5040262,-0.1424219,-0.40938661,-0.90117627,0
-1.874884,0.56648302,4.3803396,0.1424219,0.40938661,0.90117627,0
-2.604105,-1.2546954,-1.0084064,-0.50641805,0.81240672,-0.28902608,0
3.3206141,1.3211367,-2.2392006,0.85044509,0.41520828,-0.32302529,0
3.7657607,2.9199173,1.1400068,0.85044509,0.41520828,-0.32302529,0
0.12186602,0.68596661,-0.04071299,-0.50641805,0.81240672,-0.28902608,0
-3.2175374,-3.5149276,-2.4226832,-0.1424219,-0.40938661,-0.90117627,0
3.5898924,1.1352141,-1.7314436,0.85044509,0.41520828,-0.32302529,0
-0.55847239,-1.0700446,-3.7947068,-0.1424219,-0.40938661,-0.90117627,0
2.5878334,2.0836411,-0.44562769,-0.50641805,0.81240672,-0.28902608,0
-2.3150787,-2.286077,-3.0859447,-0.1424219,-0.40938661,-0.90117627,0
1.070623,1.6187106,0.74851638,-0.50641805,0.81240672,-0.28902608,0
-3.0968175,-2.8294611,-2.6554823,-0.1424219,-0.40938661,-0.90117627,0
3.374537,0.5136323,-3.0563295,0.85044509,0.41520828,-0.32302529,0
-1.4562355,0.89306879,3.3682764,-0.50641805,0.81240672,-0.28902608,0
3.2141657,0.39140677,-2.8211651,0.50641805,-0.81240672,0.28902608,0
1.9293162,-0.76680577,-4.4962559,-0.1424219,-0.40938661,-0.90117627,0
1.6030436,1.7592245,3.3564613,0.1424219,0.40938661,0.90117627,0
-0.32857096,-1.3144389,-1.2924509,0.50641805,-0.81240672,0.28902608,0
-0.81747723,-1.5788888,-3.5468216,-0.1424219,-0.40938661,-0.90117627,0
-2.8779535,-0.77453619,3.9658558,-0.85044509,-0.41520828,0.32302529,0
-3.5703547,-2.6390738,-2.5820577,-0.50641805,0.81240672,-0.28902608,0
3.3242717,2.1033893,-0.99791241,0.85044509,0.41520828,-0.32302529,0
-1.1899755,0.039518356,0.57313019,-0.50641805,0.81240672,-0.28902608,0
-0.96937132,0.59768063,4.4113526,0.1424219,0.40938661,0.90117627,0
-1.0629575,0.20196307,4.4248633,0.1424219,0.40938661,0.90117627,0
3.1550155,1.0663623,-0.57497478,0.50641805,-0.81240672,0.28902608,0
-2.0273433,-2.0930591,-3.2557554,-0.1424219,-0.40938661,-0.90117627,0
3.1490231,2.124831,2.0554194,0.50641805,-0.81240672,0.28902608,0
-1.2407191,0.44424814,4.5232525,0.1424219,0.40938661,0.90117627,0
-1.7796993,0.98297656,4.3005514,0.1424219,0.40938661,0.90117627,0
0.82982779,1.7969538,1.8258107,-0.50641805,0.81240672,-0.28902608,0
1.7023847,2.556242,3.0398674,0.1424219,0.40938661,0.90117627,0
3.2040055,2.0405147,-1.2870328,0.85044509,0.41520828,-0.32302529,0
-0.89654434,1.0626886,2.6608694,-0.50641805,0.81240672,-0.28902608,0
-0.15775809,0.56775498,0.35335398,-0.50641805,0.81240672,-0.28902608,0
3.9044061,2.8042331,1.7028643,0.85044509,0.41520828,-0.32302529,0
-1.8429072,0.018985271,1.6879461,-0.50641805,0.81240672,-0.28902608,0
3.4194987,1.6597862,-0.9533875,0.85044509,0.41520828,-0.32302529,0
-1.6808368,0.8266784,4.3046598,0.1424219,0.40938661,0.90117627,0
1.879337,-0.12155247,-4.6734343,-0.1424219,-0.40938661,-0.90117627,0
3.110836,0.45819628,-3.3357797,0.85044509,0.41520828,-0.32302529,0
-0.13980186,-0.016298085,2.2183061,0.50641805,-0.81240672,0.28902608,0
-3.4683731,-1.9902349,0.61438417,-0.85044509,-0.41520828,0.32302529,0
1.8091365,1.0081832,-2.2181931,-0.50641805,0.81240672,-0.28902608,0
3.6986771,2.406776,0.50819421,0.85044509,0.41520828,-0.32302529,0
-2.5811367,-1.3083599,-0.90857387,-0.50641805,0.81240672,-0.28902608,0
2.3451207,2.6212912,2.8682685,0.1424219,0.40938661,0.90117627,0
2.9216785,0.46343827,-4.2234187,0.85044509,0.41520828,-0.32302529,0
-0.57158804,1.4686093,3.2899377,-0.50641805,0.81240672,-0.28902608,0
2.0396605,0.045317769,-4.7988338,-0.1424219,-0.40938661,-0.90117627,0
-3.9966497,-2.9649062,-2.1491044,-0.85044509,-0.41520828,0.32302529,0
-3.1216209,-0.37219429,3.538655,-0.85044509,-0.41520828,0.32302529,0
1.4336962,0.54911107,0.79845881,0.50641805,-0.81240672,0.28902608,0
3.5036097,1.9576678,-0.34447789,0.85044509,0.41520828,-0.32302529,0
-2.3398886,0.6419245,4.6125536,0.1424219,0.40938661,0.90117627,0
-3.3548515,-2.3496094,0.35199046,-0.85044509,-0.41520828,0.32302529,0
3.7201152,1.2423283,-1.1053607,0.85044509,0.41520828,-0.32302529,0
-3.133265,0.1163938,4.2243843,-0.85044509,-0.41520828,0.32302529,0
3.7042668,3.1154037,2.3818617,0.1424219,0.40938661,0.90117627,0
-3.388974,-2.7611086,-2.7292852,-0.1424219,-0.40938661,-0.90117627,0
3.8089554,3.2968383,2.0383909,0.85044509,0.41520828,-0.32302529,0
0.94416618,-0.14865625,-4.1210499,-0.50641805,0.81240672,-0.28902608,0
3.0721126,0.26362598,-3.8118114,0.85044509,0.41520828,-0.32302529,0
3.0047116,1.3268322,-0.054821014,0.50641805,-0.81240672,0.28902608,0
2.8556614,0.47137058,-4.3199844,0.85044509,0.41520828,-0.32302529,0
1.5082479,2.1139355,3.1896181,0.1424219,0.40938661,0.90117627,0
2.0858502,1.9571328,3.1689806,0.1424219,0.40938661,0.90117627,0
-0.074994326,-0.68071604,-3.3194923,-0.50641805,0.81240672,-0.28902608,0
-2.2044084,-2.1785142,-3.0684853,-0.1424219,-0.40938661,-0.90117627,0
-3.086586,-0.26471949,4.1626015,-0.85044509,-0.41520828,0.32302529,0
-0.69361734,-1.0546477,-3.3657157,-0.50641805,0.81240672,-0.28902608,0
-2.1129155,-2.4940948,-2.9171801,-0.1424219,-0.40938661,-0.90117627,0
2.8228421,0.88941205,-3.5360065,0.85044509,0.41520828,-0.32302529,0
-3.3858464,-1.4915528,1.2686265,-0.85044509,-0.41520828,0.32302529,0
3.5932636,3.0143878,0.83673298,0.85044509,0.41520828,-0.32302529,0
0.53315616,-1.6625239,-3.6451614,0.50641805,-0.81240672,0.28902608,0
-3.0963359,-1.7359266,2.1267817,-0.85044509,-0.41520828,0.32302529,0
-2.7457571,-2.1687717,0.23839855,0.50641805,-0.81240672,0.28902608,0
0.68946111,-0.61053282,-1.2688541,0.50641805,-0.81240672,0.28902608,0
0.98923683,-0.079805434,-0.55593574,0.50641805,-0.81240672,0.28902608,0
-3.6051655,-2.0431988,0.41991234,-0.85044509,-0.41520828,0.32302529,0
1.7278855,1.3489809,2.682991,0.50641805,-0.81240672,0.28902608,0
2.4934068,-0.39230764,-4.6755948,-0.1424219,-0.40938661,-0.90117627,0
-3.3266237,-1.8549142,1.4301112,-0.85044509,-0.41520828,0.32302529,0
3.2290282,0.52497482,-3.3703048,0.85044509,0.41520828,-0.32302529,0
-1.0384996,-2.0419552,-1.9530568,0.50641805,-0.81240672,0.28902608,0
-1.7047991,0.99335289,4.3473091,0.1424219,0.40938661,0.90117627,0
1.7269722,-0.54227054,-2.875526,0.50641805,-0.81240672,0.28902608,0
-0.62120509,1.2869589,2.9190841,-0.50641805,0.81240672,-0.28902608,0
-1.6986394,-1.8023965,-3.2886107,-0.1424219,-0.40938661,-0.90117627,0
1.7127235,2.4345033,3.0944166,0.1424219,0.40938661,0.90117627,0
1.8068662,1.8897012,3.2690167,0.1424219,0.40938661,0.90117627,0
3.6354251,1.6603678,-0.50231528,0.85044509,0.41520828,-0.32302529,0
3.6660571,2.6736569,0.54670262,0.85044509,0.41520828,-0.32302529,0
2.4153118,-0.6472106,-4.5264673,-0.1424219,-0.40938661,-0.90117627,0
3.8184481,2.4949021,1.0711643,0.85044509,0.41520828,-0.32302529,0
-3.006938,-3.3072944,-2.230413,0.50641805,-0.81240672,0.28902608,0
0.80760956,0.73314935,2.3773854,0.50641805,-0.81240672,0.28902608,0
-3.7405767,-2.4040952,-0.26828551,-0.85044509,-0.41520828,0.32302529,0
-2.6009216,0.045694828,4.900795,0.1424219,0.40938661,0.90117627,0
-0.33094847,0.95976448,1.4211833,-0.50641805,0.81240672,-0.28902608,0
2.5446789,0.88842738,-4.0059896,-0.50641805,0.81240672,-0.28902608,0
2.0006332,2.7380638,2.9337938,0.1424219,0.40938661,0.90117627,0
2.5187302,0.0037870407,-4.7391663,-0.1424219,-0.40938661,-0.90117627,0
2.1108325,2.8695838,2.8849955,0.1424219,0.40938661,0.90117627,0
-2.5563848,-0.25114846,4.8862772,0.1424219,0.40938661,0.90117627,0
-1.4777404,0.48350978,4.388454,0.1424219,0.40938661,0.90117627,0
-1.1648118,-1.281325,-3.4715052,-0.50641805,0.81240672,-0.28902608,0
3.400548,0.39161944,-3.1043093,0.85044509,0.41520828,-0.32302529,0
2.4081459,-0.37671161,-3.867126,0.50641805,-0.81240672,0.28902608,0
-2.5968218,-1.4733423,1.9514883,0.50641805,-0.81240672,0.28902608,0
-2.6806507,-0.60131752,4.736412,-0.85044509,-0.41520828,0.32302529,0
-1.7205894,0.89977038,4.3422599,0.1424219,0.40938661,0.90117627,0
3.0381281,1.2708329,-2.4592223,0.85044509,0.41520828,-0.32302529,0
3.6788962,1.0652646,-1.6278465,0.85044509,0.41520828,-0.32302529,0
-1.5385225,-1.4606715,-3.4355412,-0.50641805,0.81240672,-0.28902608,0
1.6873112,2.2905469,3.2394779,0.1424219,0.40938661,0.90117627,0
-2.6702287,-0.10829973,4.9107046,-0.85044509,-0.41520828,0.32302529,0
-3.0506926,-0.83043915,3.2206557,-0.85044509,-0.41520828,0.32302529,0
-2.7974074,-2.9360645,-2.5543787,-0.1424219,-0.40938661,-0.90117627,0
-3.8279467,-2.8408108,-2.5192118,-0.1424219,-0.40938661,-0.90117627,0
0.71895289,-1.5503826,-3.558342,0.50641805,-0.81240672,0.28902608,0
3.8168516,2.3716164,0.97006691,0.85044509,0.41520828,-0.32302529,0
3.3802099,2.0140588,-0.86081314,0.85044509,0.41520828,-0.32302529,0
-1.3581927,0.6608482,4.4046111,0.1424219,0.40938661,0.90117627,0
