0.35926363,-2.152431,-0.13694263,-0.6604439,-0.3160727,-0.6811108,0
1.2222242,-3.2213626,0.84187365,0.26140317,-0.94712955,0.18604863,0
-0.80891418,-3.3899348,2.5367291,0.26140317,-0.94712955,0.18604863,0
1.6989988,-3.2657642,-0.019434452,0.26140317,-0.94712955,0.18604863,0
0.20128727,3.5378165,-1.4225495,-0.26140317,0.94712955,-0.18604863,0
-0.55909228,-3.4708803,2.423655,0.26140317,-0.94712955,0.18604863,0
-1.843267,3.2569356,0.074643373,-0.26140317,0.94712955,-0.18604863,0
0.82348692,3.0238562,-1.5736279,0.6604439,0.3160727,0.6811108,0
-1.5110753,-3.4238985,3.089371,0.26140317,-0.94712955,0.18604863,0
2.4203205,0.94840097,-1.9831393,0.6604439,0.3160727,0.6811108,0
1.3892858,2.4808161,-3.3550906,-0.6604439,-0.3160727,-0.6811108,0
0.26699209,3.3792663,-1.9397655,-0.26140317,0.94712955,-0.18604863,0
-1.2940619,-2.2392597,1.446357,-0.6604439,-0.3160727,-0.6811108,0
-0.91406119,-3.0298204,1.7046895,-0.6604439,-0.3160727,-0.6811108,0
-2.7411706,3.2286654,1.2985854,-0.26140317,0.94712955,-0.18604863,0
-2.9239373,0.82598573,2.1662788,-0.70390499,-0.05516988,0.70814836,0
1.4048855,3.4907181,-2.6221702,-0.26140317,0.94712955,-0.18604863,0
-1.7875873,-1.231464,2.9373889,0.6604439,0.3160727,0.6811108,0
2.5714006,-0.25619066,-2.4893551,0.70390499,0.05516988,-0.70814836,0
2.4099309,-3.2930579,-0.87426066,0.26140317,-0.94712955,0.18604863,0
1.6224592,2.2480803,-1.7687694,0.6604439,0.3160727,0.6811108,0
3.3628972,-3.0073345,-1.9430759,0.70390499,0.05516988,-0.70814836,0
3.1897507,-2.9492517,-1.1875806,0.26140317,-0.94712955,0.18604863,0
-0.22491717,-3.4347901,1.9368382,0.26140317,-0.94712955,0.18604863,0
-0.4212085,-3.3946466,1.1183116,-0.6604439,-0.3160727,-0.6811108,0
-1.91047,-1.1953865,2.8471575,-0.70390499,-0.05516988,0.70814836,0
0.66822338,3.564229,-1.6145613,-0.26140317,0.94712955,-0.18604863,0
2.4751265,-0.21267843,-2.4257979,0.70390499,0.05516988,-0.70814836,0
-2.0490761,-1.898127,2.697536,-0.70390499,-0.05516988,0.70814836,0
2.6713707,1.1738656,-2.3274455,0.70390499,0.05516988,-0.70814836,0
-2.785481,1.9536227,2.2436776,-0.70390499,-0.05516988,0.70814836,0
1.1616962,2.0930128,-2.9625034,-0.6604439,-0.3160727,-0.6811108,0
-2.8428195,3.2040601,1.8304045,-0.26140317,0.94712955,-0.18604863,0
0.83718556,-3.4041224,0.43319225,0.26140317,-0.94712955,0.18604863,0
2.8491979,-0.18826675,-2.0823584,0.70390499,0.05516988,-0.70814836,0
2.3362334,0.59480572,-2.6408081,0.70390499,0.05516988,-0.70814836,0
0.29820228,-0.35389668,-0.96518052,-0.6604439,-0.3160727,-0.6811108,0
-2.5838299,-0.34322357,2.4214683,-0.70390499,-0.05516988,0.70814836,0
3.2229714,-3.0680795,-1.3651397,0.26140317,-0.94712955,0.18604863,0
-3.138943,3.1561146,1.3074243,-0.26140317,0.94712955,-0.18604863,0
0.22397888,-3.2681696,1.5308907,0.26140317,-0.94712955,0.18604863,0
2.2596879,-0.21681088,-1.3499193,0.6604439,0.3160727,0.6811108,0
-0.099111199,2.8422966,-0.57574892,0.6604439,0.3160727,0.6811108,0
-0.6355257,-3.3719058,2.0119731,0.26140317,-0.94712955,0.18604863,0
-3.0091126,3.2905664,2.143846,-0.26140317,0.94712955,-0.18604863,0
0.64098567,-3.347301,0.36742568,0.26140317,-0.94712955,0.18604863,0
2.184042,2.5916512,-2.6329565,0.70390499,0.05516988,-0.70814836,0
0.11318624,2.751966,-0.65692258,0.6604439,0.3160727,0.6811108,0
-1.7512078,2.6620035,1.2756042,0.6604439,0.3160727,0.6811108,0
1.3335775,-1.1328379,-1.3550707,-0.6604439,-0.3160727,-0.6811108,0
-1.4330835,-3.6171761,2.5158694,0.26140317,-0.94712955,0.18604863,0
2.0416226,0.36378413,-1.4371796,0.6604439,0.3160727,0.6811108,0
0.62511992,-1.8401535,-0.48747611,-0.6604439,-0.3160727,-0.6811108,0
-3.0538013,3.0121055,2.2021477,-0.70390499,-0.05516988,0.70814836,0
-0.99184692,3.0562029,-1.2905915,-0.6604439,-0.3160727,-0.6811108,0
1.9310911,-2.8065948,0.20591474,0.6604439,0.3160727,0.6811108,0
-1.4416623,-3.5796022,3.1224437,0.26140317,-0.94712955,0.18604863,0
-1.521809,3.1853142,-0.053664207,-0.26140317,0.94712955,-0.18604863,0
-1.9446141,-2.021486,2.8005018,-0.70390499,-0.05516988,0.70814836,0
-0.21953881,-2.8256488,0.84728408,-0.6604439,-0.3160727,-0.6811108,0
-2.7169533,0.45287949,2.1726811,-0.70390499,-0.05516988,0.70814836,0
-1.1379461,3.2455926,0.34670377,0.6604439,0.3160727,0.6811108,0
-0.88578463,-3.4483817,2.0228789,0.26140317,-0.94712955,0.18604863,0
2.7748356,-3.212801,-1.0791783,0.26140317,-0.94712955,0.18604863,0
-1.3076923,3.3534532,-0.25508094,-0.26140317,0.94712955,-0.18604863,0
-1.0955563,-3.5346296,2.6492901,0.26140317,-0.94712955,0.18604863,0
2.4443133,0.7541039,-2.5942762,0.70390499,0.05516988,-0.70814836,0
-0.83780599,-2.1554451,0.9702611,-0.6604439,-0.3160727,-0.6811108,0
-1.9456122,-2.0876529,2.7816901,-0.70390499,-0.05516988,0.70814836,0
2.7929769,-2.1934216,-2.3122232,0.70390499,0.05516988,-0.70814836,0
3.2446923,-3.1156864,-1.6297071,0.26140317,-0.94712955,0.18604863,0
-2.6144652,3.0508881,1.9835534,0.6604439,0.3160727,0.6811108,0
1.0986335,-3.3575728,0.18118286,0.26140317,-0.94712955,0.18604863,0
-0.13459945,-3.2999101,2.1812162,0.26140317,-0.94712955,0.18604863,0
2.2909901,-0.17754245,-2.6035714,0.70390499,0.05516988,-0.70814836,0
-3.2030561,2.4699469,2.0312643,-0.70390499,-0.05516988,0.70814836,0
-3.1400101,2.8080878,0.97710991,-0.6604439,-0.3160727,-0.6811108,0
-2.7592397,3.1280713,0.95850205,-0.26140317,0.94712955,-0.18604863,0
-3.4728789,3.0975165,1.5727084,-0.26140317,0.94712955,-0.18604863,0
0.37843001,-3.3198543,0.97144198,0.26140317,-0.94712955,0.18604863,0
-2.0965166,-0.83112204,2.6593366,-0.70390499,-0.05516988,0.70814836,0
-2.1230836,3.1049762,0.20199871,-0.26140317,0.94712955,-0.18604863,0
2.2403872,-0.42092156,-2.7545443,-0.6604439,-0.3160727,-0.6811108,0
1.9742213,-0.58887279,-1.0495564,0.6604439,0.3160727,0.6811108,0
1.1985505,-2.4101293,-0.88419819,-0.6604439,-0.3160727,-0.6811108,0
3.1590865,-2.1327915,-1.4646164,0.6604439,0.3160727,0.6811108,0
1.0951738,3.3402481,-1.9397264,0.6604439,0.3160727,0.6811108,0
1.3358158,-3.3625832,-0.26504564,0.26140317,-0.94712955,0.18604863,0
2.9160795,-0.59847713,-1.9953098,0.70390499,0.05516988,-0.70814836,0
-1.8458683,-3.1352968,2.9967413,-0.70390499,-0.05516988,0.70814836,0
2.4546902,-3.2236409,-1.3615811,0.26140317,-0.94712955,0.18604863,0
2.4359927,1.0287496,-2.462568,0.70390499,0.05516988,-0.70814836,0
-3.023138,2.9536612,2.1860464,-0.70390499,-0.05516988,0.70814836,0
-0.95240736,-1.3099725,0.8034507,-0.6604439,-0.3160727,-0.6811108,0
-1.8755122,3.1697216,-0.3424499,-0.26140317,0.94712955,-0.18604863,0
-1.9177142,0.67503273,0.90782905,-0.6604439,-0.3160727,-0.6811108,0
-2.1211329,-1.9333632,2.5487776,-0.70390499,-0.05516988,0.70814836,0
1.0209715,3.585669,-2.4250143,-0.26140317,0.94712955,-0.18604863,0
0.25179029,-3.2651892,1.6243517,0.26140317,-0.94712955,0.18604863,0
0.81655216,-2.7791843,1.3132939,0.6604439,0.3160727,0.6811108,0
2.8745272,-3.1390691,-1.576277,0.26140317,-0.94712955,0.18604863,0
1.127213,0.82371175,-2.3045275,-0.6604439,-0.3160727,-0.6811108,0
-2.9472222,2.5562735,2.2439408,-0.70390499,-0.05516988,0.70814836,0
1.7159913,0.55675226,-1.1986089,0.6604439,0.3160727,0.6811108,0
1.4528209,-3.2573791,-0.26162434,0.26140317,-0.94712955,0.18604863,0
1.4852728,-3.3759532,-0.27928352,0.26140317,-0.94712955,0.18604863,0
-0.04640758,3.3818967,-0.99606991,-0.26140317,0.94712955,-0.18604863,0
3.2720191,-2.1867003,-1.944573,0.70390499,0.05516988,-0.70814836,0
1.6039324,3.6280577,-2.9908409,-0.26140317,0.94712955,-0.18604863,0
0.57774609,-0.013181806,-1.4248958,-0.6604439,-0.3160727,-0.6811108,0
-0.26881683,3.1972561,-1.7392299,-0.26140317,0.94712955,-0.18604863,0
-0.98882824,1.4881955,1.1007242,0.6604439,0.3160727,0.6811108,0
3.0763421,-0.80114669,-2.0678647,0.70390499,0.05516988,-0.70814836,0
3.1099083,-2.9852006,-2.166564,0.70390499,0.05516988,-0.70814836,0
-0.10013509,-3.398026,1.9757855,0.26140317,-0.94712955,0.18604863,0
-1.7105708,2.6666632,1.1499128,0.6604439,0.3160727,0.6811108,0
-0.81202459,-3.4223607,2.6346147,0.26140317,-0.94712955,0.18604863,0
2.3932302,-0.17101598,-2.6084352,0.70390499,0.05516988,-0.70814836,0
-1.7262616,-2.3293173,1.9023135,-0.6604439,-0.3160727,-0.6811108,0
0.90669739,-3.3974986,0.019529343,0.26140317,-0.94712955,0.18604863,0
-2.6446815,3.0488102,0.46612453,-0.26140317,0.94712955,-0.18604863,0
-0.93145299,-3.4736283,2.4176786,0.26140317,-0.94712955,0.18604863,0
0.822613,-1.7475178,-0.64537978,-0.6604439,-0.3160727,-0.6811108,0
0.64345026,3.3781216,-2.9498296,-0.26140317,0.94712955,-0.18604863,0
2.0564842,0.0050399322,-1.1999091,0.6604439,0.3160727,0.6811108,0
2.0469475,-0.6172545,-2.4320993,-0.6604439,-0.3160727,-0.6811108,0
-2.2137828,-2.6175246,2.5753889,-0.70390499,-0.05516988,0.70814836,0
2.6736615,-2.0098469,-0.91171789,0.6604439,0.3160727,0.6811108,0
0.30542922,-3.232089,1.5051396,0.26140317,-0.94712955,0.18604863,0
-2.4498844,3.020721,0.53909421,-0.26140317,0.94712955,-0.18604863,0
-3.2204745,2.9008749,2.1081595,-0.70390499,-0.05516988,0.70814836,0
0.14095247,-3.4370975,1.4722807,0.26140317,-0.94712955,0.18604863,0
1.7195084,-2.9648726,0.3762598,0.6604439,0.3160727,0.6811108,0
1.8489988,-3.3805659,-0.80276155,0.26140317,-0.94712955,0.18604863,0
1.0471735,0.5478313,-0.3986088,0.6604439,0.3160727,0.6811108,0
1.9737099,1.4031302,-2.7711992,0.70390499,0.05516988,-0.70814836,0
0.10106277,0.61091828,-1.2163302,-0.6604439,-0.3160727,-0.6811108,0
1.5999024,3.0670509,-3.0410342,0.70390499,0.05516988,-0.70814836,0
2.579792,-0.61118442,-2.4444833,0.70390499,0.05516988,-0.70814836,0
-0.046267033,3.3460996,-2.0756559,-0.26140317,0.94712955,-0.18604863,0
-2.7739668,3.1118479,1.3867486,-0.26140317,0.94712955,-0.18604863,0
1.7603104,1.5478929,-3.0588415,0.70390499,0.05516988,-0.70814836,0
-1.4820919,-2.5358226,3.2109008,-0.70390499,-0.05516988,0.70814836,0
3.198951,-1.2943347,-1.9394767,0.70390499,0.05516988,-0.70814836,0
1.2573528,-3.3125207,0.53166318,0.26140317,-0.94712955,0.18604863,0
2.7090597,-3.1059296,-0.8351233,0.26140317,-0.94712955,0.18604863,0
-2.0503888,-0.96904838,2.7430687,-0.70390499,-0.05516988,0.70814836,0
-0.88371342,3.4107406,-0.49255061,-0.26140317,0.94712955,-0.18604863,0
1.0503935,-3.3881969,0.082431793,0.26140317,-0.94712955,0.18604863,0
-0.78358948,-3.3901656,1.4593062,-0.6604439,-0.3160727,-0.6811108,0
1.7853703,2.5732007,-2.9803886,0.70390499,0.05516988,-0.70814836,0
2.3428171,0.32568228,-2.574924,0.70390499,0.05516988,-0.70814836,0
-3.1144061,1.2951388,2.0512588,-0.70390499,-0.05516988,0.70814836,0
-2.367352,-0.055266738,2.5142813,-0.70390499,-0.05516988,0.70814836,0
0.93239474,-2.5368447,0.98597193,0.6604439,0.3160727,0.6811108,0
-2.9057879,0.38644382,2.172194,-0.70390499,-0.05516988,0.70814836,0
1.8867006,1.908417,-2.7778096,0.70390499,0.05516988,-0.70814836,0
-3.4085524,2.9274487,1.6514101,-0.70390499,-0.05516988,0.70814836,0
1.0017276,0.93463778,-0.64957291,0.6604439,0.3160727,0.6811108,0
0.71751702,1.7478069,-0.91474819,0.6604439,0.3160727,0.6811108,0
3.164607,-2.050215,-1.8291702,0.70390499,0.05516988,-0.70814836,0
2.8515217,-3.2399464,-2.1301444,0.26140317,-0.94712955,0.18604863,0
-0.57532215,-3.461113,2.1781299,0.26140317,-0.94712955,0.18604863,0
-0.99982333,-3.2614775,3.2299385,0.6604439,0.3160727,0.6811108,0
1.3682871,-2.6395447,-0.70505309,-0.6604439,-0.3160727,-0.6811108,0
2.6075394,-0.32269597,-2.3756254,0.70390499,0.05516988,-0.70814836,0
1.7416131,-3.2939496,-0.76125717,0.26140317,-0.94712955,0.18604863,0
1.3122132,3.5800116,-2.1146588,-0.26140317,0.94712955,-0.18604863,0
0.85111058,-3.2142818,1.0144532,0.26140317,-0.94712955,0.18604863,0
2.3647485,-0.42780602,-2.6005607,0.70390499,0.05516988,-0.70814836,0
-2.1376784,3.1259608,1.3078783,0.6604439,0.3160727,0.6811108,0
1.7673399,-1.3718112,-0.41340804,0.6604439,0.3160727,0.6811108,0
-3.1602073,2.0254524,1.9391121,-0.70390499,-0.05516988,0.70814836,0
-1.9221849,-1.3348002,3.0571332,-0.70390499,-0.05516988,0.70814836,0
-2.4221954,0.32671928,2.6483977,-0.70390499,-0.05516988,0.70814836,0
2.7276859,0.62588137,-2.2200406,0.70390499,0.05516988,-0.70814836,0
1.3425703,3.094641,-2.0236471,0.6604439,0.3160727,0.6811108,0
2.9400897,-0.71370935,-1.9833866,0.70390499,0.05516988,-0.70814836,0
0.58765864,-3.3674092,0.89319992,0.26140317,-0.94712955,0.18604863,0
2.4383981,1.0798439,-2.4863179,0.70390499,0.05516988,-0.70814836,0
-1.8875297,-1.284277,2.9328337,-0.70390499,-0.05516988,0.70814836,0
2.766727,-1.6792041,-2.393985,0.70390499,0.05516988,-0.70814836,0
-0.63574219,3.2303414,-1.5426795,-0.26140317,0.94712955,-0.18604863,0
1.0414398,3.6165595,-1.8644743,-0.26140317,0.94712955,-0.18604863,0
-2.2608428,3.0601482,0.27087355,-0.26140317,0.94712955,-0.18604863,0
-1.7255182,-1.4418727,3.0393033,0.6604439,0.3160727,0.6811108,0
-0.65052414,2.8984835,0.10497212,0.6604439,0.3160727,0.6811108,0
0.41253102,2.220449,-0.65877652,0.6604439,0.3160727,0.6811108,0
-2.4100904,-0.93412668,2.5230637,-0.70390499,-0.05516988,0.70814836,0
0.53074074,3.3808074,-2.5976312,-0.26140317,0.94712955,-0.18604863,0
1.085146,3.385915,-2.9574666,-0.26140317,0.94712955,-0.18604863,0
-0.43498755,-3.5883167,1.654366,0.26140317,-0.94712955,0.18604863,0
-2.5986333,3.0266426,0.75512433,-0.26140317,0.94712955,-0.18604863,0
-1.8933514,0.9506436,0.63320953,-0.6604439,-0.3160727,-0.6811108,0
3.2224474,-2.693414,-1.9039049,0.70390499,0.05516988,-0.70814836,0
2.0888336,-3.3718798,-0.98726869,0.26140317,-0.94712955,0.18604863,0
2.6295934,0.38802189,-1.8517847,0.6604439,0.3160727,0.6811108,0
3.5208457,-2.7054744,-1.7098174,0.70390499,0.05516988,-0.70814836,0
1.066438,3.5816944,-2.4490101,-0.26140317,0.94712955,-0.18604863,0
-1.0424126,3.306571,-0.26272655,-0.26140317,0.94712955,-0.18604863,0
-1.9246047,-3.2938294,2.8239787,-0.70390499,-0.05516988,0.70814836,0
-3.4851699,2.1219664,1.775414,-0.70390499,-0.05516988,0.70814836,0
2.4169505,-2.6171536,-1.8931228,-0.6604439,-0.3160727,-0.6811108,0
-0.15225232,-1.5441966,1.5262036,0.6604439,0.3160727,0.6811108,0
-0.43163368,0.80399919,0.9066385,0.6604439,0.3160727,0.6811108,0
2.8045595,-1.5016098,-2.287734,0.70390499,0.05516988,-0.70814836,0
-1.340168,3.2363644,-0.58095407,-0.26140317,0.94712955,-0.18604863,0
-0.39894861,0.18155628,1.1081089,0.6604439,0.3160727,0.6811108,0
2.893769,-0.057422698,-2.1924062,0.70390499,0.05516988,-0.70814836,0
-0.258286,-3.4002566,1.7124743,0.26140317,-0.94712955,0.18604863,0
-1.6997399,-1.8466879,3.1585546,-0.70390499,-0.05516988,0.70814836,0
-2.6858144,0.33688924,1.7586818,-0.6604439,-0.3160727,-0.6811108,0
-0.23309329,-0.43825459,-0.39544603,-0.6604439,-0.3160727,-0.6811108,0
1.8926017,2.4896243,-2.9259806,0.70390499,0.05516988,-0.70814836,0
0.99022192,-3.1858091,0.74569917,0.26140317,-0.94712955,0.18604863,0
1.7279012,3.3246436,-2.926743,0.70390499,0.05516988,-0.70814836,0
-2.9820676,0.38890141,2.1137667,-0.70390499,-0.05516988,0.70814836,0
-2.3414457,-0.44683719,2.529412,-0.70390499,-0.05516988,0.70814836,0
1.7579061,1.672377,-2.9927702,0.70390499,0.05516988,-0.70814836,0
0.54032958,-3.3400671,0.67028069,0.26140317,-0.94712955,0.18604863,0
-1.4743588,-2.430794,3.2382257,-0.70390499,-0.05516988,0.70814836,0
2.4227293,0.85856819,-1.8841203,0.6604439,0.3160727,0.6811108,0
-2.307586,3.0748188,0.14330816,-0.26140317,0.94712955,-0.18604863,0
-2.0366869,-1.5303222,2.8669715,-0.70390499,-0.05516988,0.70814836,0
2.3667631,-1.4885218,-2.4178872,-0.6604439,-0.3160727,-0.6811108,0
2.8721321,-1.2902678,-2.0629518,0.70390499,0.05516988,-0.70814836,0
0.30006254,-3.3445888,1.1776059,0.26140317,-0.94712955,0.18604863,0
3.013051,-3.1745462,-2.0379515,0.26140317,-0.94712955,0.18604863,0
1.7240518,-1.1740683,-0.53380364,0.6604439,0.3160727,0.6811108,0
-1.517787,2.2426972,-0.29306984,-0.6604439,-0.3160727,-0.6811108,0
0.70712411,-3.2707114,1.4066336,0.26140317,-0.94712955,0.18604863,0
-0.53439975,-3.4052703,1.8198438,0.26140317,-0.94712955,0.18604863,0
-1.3305383,2.1382828,-0.30428243,-0.6604439,-0.3160727,-0.6811108,0
-2.6998668,1.7007145,1.0891376,-0.6604439,-0.3160727,-0.6811108,0
2.3219712,-3.0759923,-0.25459957,0.26140317,-0.94712955,0.18604863,0
1.4197643,3.5974755,-2.4623587,-0.26140317,0.94712955,-0.18604863,0
-2.9066722,1.1560949,2.1294262,-0.70390499,-0.05516988,0.70814836,0
-3.1175194,1.3020504,2.0050066,-0.70390499,-0.05516988,0.70814836,0
-3.2821,2.6124015,1.9811639,-0.70390499,-0.05516988,0.70814836,0
-1.9407225,-2.4320018,2.9374299,-0.70390499,-0.05516988,0.70814836,0
1.2441044,3.476455,-2.5273194,-0.26140317,0.94712955,-0.18604863,0
0.21037078,-3.4463239,0.92924714,0.26140317,-0.94712955,0.18604863,0
2.8211644,-1.0780127,-2.0817175,0.70390499,0.05516988,-0.70814836,0
-2.4837005,-0.9504112,2.2129788,-0.6604439,-0.3160727,-0.6811108,0
-2.4534311,0.23947009,1.6236045,-0.6604439,-0.3160727,-0.6811108,0
-3.5368176,2.1792312,1.7365531,-0.70390499,-0.05516988,0.70814836,0
1.2077918,1.8556366,-2.8711779,-0.6604439,-0.3160727,-0.6811108,0
-0.56477189,-3.2552083,2.7869511,0.26140317,-0.94712955,0.18604863,0
2.7100315,-3.1656942,-1.5522439,0.26140317,-0.94712955,0.18604863,0
2.7068748,-3.0808749,-0.35283518,0.26140317,-0.94712955,0.18604863,0
0.78330016,3.5906603,-1.9699006,-0.26140317,0.94712955,-0.18604863,0
-2.5806973,1.462425,2.4298589,-0.70390499,-0.05516988,0.70814836,0
-1.2407109,1.2958353,-0.027369261,-0.6604439,-0.3160727,-0.6811108,0
2.4327388,-3.3110585,-1.3370607,0.26140317,-0.94712955,0.18604863,0
-2.7513237,3.2005663,1.6017706,-0.26140317,0.94712955,-0.18604863,0
-1.7468569,-2.9990933,3.0501442,-0.70390499,-0.05516988,0.70814836,0
2.7420168,-3.2203901,-1.7616022,0.26140317,-0.94712955,0.18604863,0
3.2493303,-1.7515955,-1.7252786,0.70390499,0.05516988,-0.70814836,0
2.6716204,-3.1779571,-0.72412157,0.26140317,-0.94712955,0.18604863,0
1.6918036,-1.6319016,-0.172526,0.6604439,0.3160727,0.6811108,0
2.4972725,-0.6045478,-2.5189142,0.70390499,0.05516988,-0.70814836,0
2.4674113,-1.227391,-2.528255,0.70390499,0.05516988,-0.70814836,0
3.6868663,-2.9281721,-1.4476128,0.70390499,0.05516988,-0.70814836,0
-3.1701009,3.0960882,1.7452049,-0.26140317,0.94712955,-0.18604863,0
-0.1132133,3.2471752,-2.0631762,-0.26140317,0.94712955,-0.18604863,0
-0.078415751,-2.8166926,0.51425838,-0.6604439,-0.3160727,-0.6811108,0
-1.9026699,3.1383069,-0.34269738,-0.26140317,0.94712955,-0.18604863,0
1.8616173,1.6576824,-2.8540037,0.70390499,0.05516988,-0.70814836,0
1.618417,2.4976001,-3.020926,0.70390499,0.05516988,-0.70814836,0
-2.0578976,-1.7312744,2.8670585,-0.70390499,-0.05516988,0.70814836,0
1.0802047,1.1741751,-0.76880002,0.6604439,0.3160727,0.6811108,0
-3.2635732,3.0474792,1.1288021,-0.26140317,0.94712955,-0.18604863,0
-0.90760124,-0.72051889,0.48598003,-0.6604439,-0.3160727,-0.6811108,0
-0.66150665,-1.9496276,2.3525109,0.6604439,0.3160727,0.6811108,0
1.2230542,-3.1601958,0.77747965,0.26140317,-0.94712955,0.18604863,0
-0.47900558,-3.4012988,2.0645137,0.26140317,-0.94712955,0.18604863,0
-0.073041141,1.1381857,-1.1362985,-0.6604439,-0.3160727,-0.6811108,0
2.6274884,-1.1849415,-2.3021386,0.70390499,0.05516988,-0.70814836,0
0.25044036,3.1354825,-0.93433857,0.6604439,0.3160727,0.6811108,0
-2.9516714,1.186048,2.0765548,-0.70390499,-0.05516988,0.70814836,0
2.6172071,0.87523264,-2.3296654,0.70390499,0.05516988,-0.70814836,0
-1.7421522,-2.693249,2.8669481,-0.70390499,-0.05516988,0.70814836,0
3.372987,-2.2903738,-1.6828215,0.70390499,0.05516988,-0.70814836,0
2.0340858,0.13717812,-1.327342,0.6604439,0.3160727,0.6811108,0
-2.051805,0.51290798,2.4485235,0.6604439,0.3160727,0.6811108,0
2.7513344,-3.30268,-1.8069241,0.26140317,-0.94712955,0.18604863,0
0.8158133,3.2029479,-3.1291704,-0.6604439,-0.3160727,-0.6811108,0
1.9698234,1.663874,-2.9819598,0.70390499,0.05516988,-0.70814836,0
-3.4216657,1.6437292,1.7405552,-0.70390499,-0.05516988,0.70814836,0
-1.9070137,-0.57071292,2.7410564,0.6604439,0.3160727,0.6811108,0
-3.1270492,3.1566677,2.0882411,-0.70390499,-0.05516988,0.70814836,0
2.6768532,0.54583716,-2.3523626,0.70390499,0.05516988,-0.70814836,0
-1.9535923,-1.914763,2.9516263,-0.70390499,-0.05516988,0.70814836,0
3.3070354,-1.6124439,-1.9026577,0.70390499,0.05516988,-0.70814836,0
1.1260247,-2.3107352,0.80495453,0.6604439,0.3160727,0.6811108,0
2.3052595,-2.4643307,-0.2701745,0.6604439,0.3160727,0.6811108,0
-1.3397396,-2.9743879,2.086596,-0.6604439,-0.3160727,-0.6811108,0
-1.616456,-3.0977182,3.0561521,-0.70390499,-0.05516988,0.70814836,0
2.0965297,0.64932549,-2.6948423,0.70390499,0.05516988,-0.70814836,0
2.6604919,0.12479788,-1.971275,0.6604439,0.3160727,0.6811108,0
1.2352928,-3.2350476,0.51026845,0.26140317,-0.94712955,0.18604863,0
-3.0693648,1.1331675,1.991423,-0.70390499,-0.05516988,0.70814836,0
-1.7266304,-2.4375854,1.9979832,-0.6604439,-0.3160727,-0.6811108,0
1.5068408,-3.3476436,0.051524639,0.26140317,-0.94712955,0.18604863,0
1.5664213,3.6895618,-2.587317,-0.26140317,0.94712955,-0.18604863,0
-2.2894278,-0.96038169,2.5540328,-0.70390499,-0.05516988,0.70814836,0
0.74307835,-3.4045868,0.73318911,0.26140317,-0.94712955,0.18604863,0
-3.0229821,3.1286571,1.8052127,-0.26140317,0.94712955,-0.18604863,0
1.7546561,1.4987961,-2.9636431,0.70390499,0.05516988,-0.70814836,0
-2.2591035,-1.0084157,1.8748995,-0.6604439,-0.3160727,-0.6811108,0
1.9839563,-0.99934059,-2.2083426,-0.6604439,-0.3160727,-0.6811108,0
1.9888463,-3.2856956,-1.0559189,0.26140317,-0.94712955,0.18604863,0
0.068529963,-3.5454321,1.1503277,0.26140317,-0.94712955,0.18604863,0
-3.4135168,2.026402,1.8119067,-0.70390499,-0.05516988,0.70814836,0
-2.9415576,2.2480109,1.1013228,-0.6604439,-0.3160727,-0.6811108,0
-0.60650361,3.2762463,-0.75982571,-0.26140317,0.94712955,-0.18604863,0
-0.94409931,2.0296571,0.82406259,0.6604439,0.3160727,0.6811108,0
-3.0490346,2.0054455,1.3172503,-0.6604439,-0.3160727,-0.6811108,0
1.5628722,2.5518608,-3.3107297,0.70390499,0.05516988,-0.70814836,0
-0.12883723,2.4468136,-0.27640796,0.6604439,0.3160727,0.6811108,0
-1.8734586,2.2202775,1.6158231,0.6604439,0.3160727,0.6811108,0
-0.17039287,3.3860559,-1.1668255,-0.26140317,0.94712955,-0.18604863,0
2.8695538,-0.060567617,-2.177139,0.70390499,0.05516988,-0.70814836,0
-2.5685635,1.0557795,2.4082775,-0.70390499,-0.05516988,0.70814836,0
-2.164151,-2.5806746,2.6390777,-0.70390499,-0.05516988,0.70814836,0
-0.084527493,3.3994589,-1.9184952,-0.26140317,0.94712955,-0.18604863,0
1.4368494,3.4919357,-3.1728377,-0.26140317,0.94712955,-0.18604863,0
-2.8785903,1.8011732,2.2731209,-0.70390499,-0.05516988,0.70814836,0
-1.658451,-1.6641616,3.048053,0.6604439,0.3160727,0.6811108,0
2.8279397,-0.27815875,-2.1862111,0.70390499,0.05516988,-0.70814836,0
-2.5546331,0.70615846,1.4090674,-0.6604439,-0.3160727,-0.6811108,0
2.883132,-3.0361147,-0.62049317,0.26140317,-0.94712955,0.18604863,0
-0.60163665,-3.4292412,1.736577,0.26140317,-0.94712955,0.18604863,0
0.62149537,3.1443586,-1.3460288,0.6604439,0.3160727,0.6811108,0
-3.4026911,2.0312088,1.5817696,-0.6604439,-0.3160727,-0.6811108,0
-2.62271,-0.30519319,2.2224462,-0.70390499,-0.05516988,0.70814836,0
-3.1326566,2.9768836,1.045958,-0.26140317,0.94712955,-0.18604863,0
-2.7528434,3.1039016,1.3592477,-0.26140317,0.94712955,-0.18604863,0
-1.1142808,1.7710906,0.95652223,0.6604439,0.3160727,0.6811108,0
0.15707129,-0.81206608,0.92518342,0.6604439,0.3160727,0.6811108,0
1.5064862,2.8254037,-3.1804292,0.70390499,0.05516988,-0.70814836,0
1.5923953,3.5974405,-3.0030541,0.70390499,0.05516988,-0.70814836,0
-0.33396471,2.9086919,-0.30946684,0.6604439,0.3160727,0.6811108,0
1.2226169,-3.357156,0.47595382,0.26140317,-0.94712955,0.18604863,0
-1.9199064,-0.24123263,2.715848,0.6604439,0.3160727,0.6811108,0
-2.1650453,3.1025431,0.095445156,-0.26140317,0.94712955,-0.18604863,0
-1.6618323,-3.6744418,2.8881016,0.26140317,-0.94712955,0.18604863,0
1.8964484,-3.3359172,-0.46188426,0.26140317,-0.94712955,0.18604863,0
2.1076345,1.4179686,-2.7299395,0.70390499,0.05516988,-0.70814836,0
-1.8654168,-2.1901212,3.054719,-0.70390499,-0.05516988,0.70814836,0
-3.3165019,2.7796278,1.2470973,-0.6604439,-0.3160727,-0.6811108,0
-0.08393842,1.0816417,0.27036822,0.6604439,0.3160727,0.6811108,0
0.8205781,0.69600916,-0.38690382,0.6604439,0.3160727,0.6811108,0
1.0885752,-3.435101,0.29358649,0.26140317,-0.94712955,0.18604863,0
-2.2542949,-1.3479609,2.7081978,-0.70390499,-0.05516988,0.70814836,0
2.0886505,-3.1400588,0.011259794,0.26140317,-0.94712955,0.18604863,0
-1.5253716,-3.5886314,2.6686413,0.26140317,-0.94712955,0.18604863,0
3.057734,-2.2510324,-2.0600545,0.70390499,0.05516988,-0.70814836,0
0.64457566,-2.2631629,-0.26194382,-0.6604439,-0.3160727,-0.6811108,0
-2.7162638,1.5968168,2.288918,-0.70390499,-0.05516988,0.70814836,0
-1.26893,-3.5422385,2.0355358,-0.6604439,-0.3160727,-0.6811108,0
-2.5704231,3.242506,0.81573248,-0.26140317,0.94712955,-0.18604863,0
-3.2557631,3.0353494,1.6895885,-0.26140317,0.94712955,-0.18604863,0
2.4852352,1.3074511,-2.4026809,0.70390499,0.05516988,-0.70814836,0
2.8434534,-1.4504175,-1.4059319,0.6604439,0.3160727,0.6811108,0
2.1313822,1.6980767,-2.8111379,0.70390499,0.05516988,-0.70814836,0
-0.46034992,3.3478124,-1.5938745,-0.26140317,0.94712955,-0.18604863,0
1.7411909,3.233592,-3.0339401,0.70390499,0.05516988,-0.70814836,0
1.7372558,-3.1452765,-0.15132689,0.26140317,-0.94712955,0.18604863,0
-3.1421361,3.0432401,1.0088222,-0.26140317,0.94712955,-0.18604863,0
-1.6824071,-3.0462019,2.8974593,-0.70390499,-0.05516988,0.70814836,0
-1.4871612,-2.6333742,3.3065877,-0.70390499,-0.05516988,0.70814836,0
-2.225122,-1.2740142,2.7088349,-0.70390499,-0.05516988,0.70814836,0
-1.8203399,-1.811572,3.097096,-0.70390499,-0.05516988,0.70814836,0
-2.3230875,0.72466391,2.5506935,-0.70390499,-0.05516988,0.70814836,0
-3.5265388,2.2897694,1.5737914,-0.70390499,-0.05516988,0.70814836,0
0.73005199,-3.2796104,0.69993997,0.26140317,-0.94712955,0.18604863,0
-2.0542841,-0.4954927,2.882844,-0.70390499,-0.05516988,0.70814836,0
2.8757708,-3.2441802,-1.7395425,0.26140317,-0.94712955,0.18604863,0
-0.65012836,-3.4817259,2.3050997,0.26140317,-0.94712955,0.18604863,0
2.964982,-2.1725769,-2.1900196,0.70390499,0.05516988,-0.70814836,0
0.11863744,0.63779354,0.26765567,0.6604439,0.3160727,0.6811108,0
2.3811996,0.064014792,-2.6597672,0.70390499,0.05516988,-0.70814836,0
-2.552362,3.1869617,0.65744543,-0.26140317,0.94712955,-0.18604863,0
-3.1671753,3.1071658,2.0406544,-0.70390499,-0.05516988,0.70814836,0
-0.45252156,-3.5882325,1.4009047,0.26140317,-0.94712955,0.18604863,0
1.713407,1.9638054,-3.0968604,0.70390499,0.05516988,-0.70814836,0
2.497777,-3.1396186,-0.63214898,0.26140317,-0.94712955,0.18604863,0
-0.72317553,-3.5697865,2.0848737,0.26140317,-0.94712955,0.18604863,0
0.5788461,-1.3228862,-0.55860674,-0.6604439,-0.3160727,-0.6811108,0
1.7351514,-2.3800211,-1.3563452,-0.6604439,-0.3160727,-0.6811108,0
1.3055515,-3.4098241,-0.17243814,0.26140317,-0.94712955,0.18604863,0
-0.88329554,-3.3093696,2.9826653,0.26140317,-0.94712955,0.18604863,0
-0.018777847,2.4579077,-1.9017196,-0.6604439,-0.3160727,-0.6811108,0
-0.0062990189,-2.7617476,0.64635015,-0.6604439,-0.3160727,-0.6811108,0
-1.4321017,-3.6240776,2.2315857,0.26140317,-0.94712955,0.18604863,0
3.1081436,-1.4259701,-1.8614267,0.70390499,0.05516988,-0.70814836,0
0.32930982,-3.2370815,1.371722,0.26140317,-0.94712955,0.18604863,0
-2.5911043,0.97834522,2.5467052,-0.70390499,-0.05516988,0.70814836,0
-0.11944771,3.3770061,-1.9117994,-0.26140317,0.94712955,-0.18604863,0
3.1392174,-2.8821142,-2.1750379,0.70390499,0.05516988,-0.70814836,0
-0.22947717,-3.2992215,1.0270114,-0.6604439,-0.3160727,-0.6811108,0
3.0757504,-3.1352265,-1.365339,0.26140317,-0.94712955,0.18604863,0
0.053856373,3.3434706,-1.7049773,-0.26140317,0.94712955,-0.18604863,0
0.47219747,-3.0569108,0.29439187,-0.6604439,-0.3160727,-0.6811108,0
-2.1621153,1.842144,0.59689748,-0.6604439,-0.3160727,-0.6811108,0
0.60949612,3.5381677,-1.8916826,-0.26140317,0.94712955,-0.18604863,0
0.72422934,3.3274894,-2.4551306,-0.26140317,0.94712955,-0.18604863,0
-2.6288862,3.1279275,0.64701223,-0.26140317,0.94712955,-0.18604863,0
-1.4263906,-2.6763179,1.8781774,-0.6604439,-0.3160727,-0.6811108,0
1.873866,1.4042928,-1.6488458,0.6604439,0.3160727,0.6811108,0
-0.79432046,3.2186513,-1.0416281,-0.26140317,0.94712955,-0.18604863,0
0.23051965,-2.5958681,1.8241563,0.6604439,0.3160727,0.6811108,0
2.0355792,2.2847788,-2.661787,0.70390499,0.05516988,-0.70814836,0
-1.0283856,-3.5387747,2.7562768,0.26140317,-0.94712955,0.18604863,0
-1.7067573,2.5104086,1.3601453,0.6604439,0.3160727,0.6811108,0
1.3481615,1.0780791,-1.1388898,0.6604439,0.3160727,0.6811108,0
0.21593189,-3.3824849,0.760216,0.26140317,-0.94712955,0.18604863,0
-2.5690596,3.2136385,1.290971,-0.26140317,0.94712955,-0.18604863,0
-2.2732363,-0.1945821,2.7732337,-0.70390499,-0.05516988,0.70814836,0
0.23731375,3.0241208,-0.968606,0.6604439,0.3160727,0.6811108,0
0.16220725,1.2869389,-1.4069016,-0.6604439,-0.3160727,-0.6811108,0
-2.7068791,2.1929989,2.2152419,0.6604439,0.3160727,0.6811108,0
-1.3318933,3.129571,-0.5419848,-0.26140317,0.94712955,-0.18604863,0
-0.37023795,-1.5656711,0.33743894,-0.6604439,-0.3160727,-0.6811108,0
2.0937634,-3.0698586,-0.21285462,0.26140317,-0.94712955,0.18604863,0
1.8194768,0.91013438,-1.474797,0.6604439,0.3160727,0.6811108,0
0.57861447,3.3679993,-2.767097,-0.26140317,0.94712955,-0.18604863,0
-1.7142138,-2.1140547,1.8810041,-0.6604439,-0.3160727,-0.6811108,0
-2.3154273,-0.70719707,2.5931692,-0.70390499,-0.05516988,0.70814836,0
-2.9788992,0.69473147,2.1229403,-0.70390499,-0.05516988,0.70814836,0
-1.9163297,-2.0399542,2.8222599,-0.70390499,-0.05516988,0.70814836,0
-1.7463951,0.96374166,1.8338826,0.6604439,0.3160727,0.6811108,0
2.005574,1.993098,-2.7448831,0.70390499,0.05516988,-0.70814836,0
1.8426111,2.1691473,-3.0050406,0.70390499,0.05516988,-0.70814836,0
-0.88014042,-1.2307904,2.1953778,0.6604439,0.3160727,0.6811108,0
-0.92450064,3.3528812,-0.67000985,-0.26140317,0.94712955,-0.18604863,0
-3.2322767,2.2304835,1.9453822,-0.70390499,-0.05516988,0.70814836,0
-1.5811051,-1.7634877,1.6224223,-0.6604439,-0.3160727,-0.6811108,0
2.427887,-3.1625004,-0.89698052,0.26140317,-0.94712955,0.18604863,0
-2.5777512,3.0357654,0.53891063,-0.26140317,0.94712955,-0.18604863,0
2.2145545,1.9223953,-2.5606456,0.70390499,0.05516988,-0.70814836,0
1.3682842,0.82526875,-2.3618941,-0.6604439,-0.3160727,-0.6811108,0
1.9649978,2.3090949,-2.6933322,0.70390499,0.05516988,-0.70814836,0
-1.5030012,-2.9334741,2.220516,-0.6604439,-0.3160727,-0.6811108,0
1.9522417,2.2880633,-2.9481463,0.70390499,0.05516988,-0.70814836,0
-1.4717891,0.7041381,1.8190111,0.6604439,0.3160727,0.6811108,0
0.15581,0.79494917,-1.2877352,-0.6604439,-0.3160727,-0.6811108,0
-1.530997,-3.1816576,3.0494158,-0.70390499,-0.05516988,0.70814836,0
3.1414843,-2.2616191,-1.9487892,0.70390499,0.05516988,-0.70814836,0
1.7893063,1.5382583,-1.805106,0.6604439,0.3160727,0.6811108,0
3.5006807,-3.006098,-1.6853015,0.26140317,-0.94712955,0.18604863,0
1.7419116,-0.41878217,-0.67581052,0.6604439,0.3160727,0.6811108,0
-1.1501718,-0.39139831,0.63083661,-0.6604439,-0.3160727,-0.6811108,0
2.5849462,-0.60900325,-2.3292429,0.70390499,0.05516988,-0.70814836,0
2.4754317,-2.6264975,-0.46440864,0.6604439,0.3160727,0.6811108,0
-0.28567111,3.3272953,-1.7577336,-0.26140317,0.94712955,-0.18604863,0
-2.8198669,-0.1847358,2.1345139,-0.70390499,-0.05516988,0.70814836,0
3.0086212,-2.912509,-2.3060293,0.70390499,0.05516988,-0.70814836,0
1.562772,2.3031197,-3.1605005,0.70390499,0.05516988,-0.70814836,0
0.40328401,-0.22034955,0.43134493,0.6604439,0.3160727,0.6811108,0
1.9409919,1.3431425,-2.8474162,0.70390499,0.05516988,-0.70814836,0
-3.6904407,3.0606527,1.481051,-0.26140317,0.94712955,-0.18604863,0
1.4138749,2.4550471,-3.3046436,0.70390499,0.05516988,-0.70814836,0
2.4702764,-3.1658297,-1.1940112,0.26140317,-0.94712955,0.18604863,0
1.4771025,-0.44785267,-0.41713214,0.6604439,0.3160727,0.6811108,0
1.669565,-3.2963576,-0.33497882,0.26140317,-0.94712955,0.18604863,0
-3.375526,3.2070284,1.7316606,-0.26140317,0.94712955,-0.18604863,0
2.4385726,-3.230314,-1.442699,0.26140317,-0.94712955,0.18604863,0
1.3500308,1.4108257,-2.675925,-0.6604439,-0.3160727,-0.6811108,0
0.72113001,0.62665254,-0.18299252,0.6604439,0.3160727,0.6811108,0
-2.6678238,-0.41884345,2.2506247,-0.70390499,-0.05516988,0.70814836,0
1.5261149,-0.07847178,-0.60013574,0.6604439,0.3160727,0.6811108,0
-0.5114311,2.82075,-0.13777661,0.6604439,0.3160727,0.6811108,0
1.4183972,-3.04847,-0.67954111,-0.6604439,-0.3160727,-0.6811108,0
-1.5587697,-3.0539384,2.3100135,-0.6604439,-0.3160727,-0.6811108,0
-1.6851125,-1.7206278,3.056097,-0.70390499,-0.05516988,0.70814836,0
-1.9684639,-2.0776896,2.7720771,-0.70390499,-0.05516988,0.70814836,0
0.14130116,3.329139,-2.1018305,-0.26140317,0.94712955,-0.18604863,0
2.8897779,-1.5631528,-2.2863998,0.70390499,0.05516988,-0.70814836,0
1.2464315,-3.2653966,0.032458305,0.26140317,-0.94712955,0.18604863,0
-3.0614119,2.7644267,1.9763833,-0.70390499,-0.05516988,0.70814836,0
0.59774351,-3.2535443,1.5765419,0.26140317,-0.94712955,0.18604863,0
1.8532979,-2.7649996,-1.2232618,-0.6604439,-0.3160727,-0.6811108,0
-0.79440546,-3.5204062,1.8758371,0.26140317,-0.94712955,0.18604863,0
3.0024133,-1.6643205,-1.9854155,0.70390499,0.05516988,-0.70814836,0
2.1956031,1.4399993,-2.7749298,0.70390499,0.05516988,-0.70814836,0
1.6578398,3.5376611,-2.8575613,-0.26140317,0.94712955,-0.18604863,0
-1.8565137,-3.4856777,2.950563,-0.70390499,-0.05516988,0.70814836,0
2.3852224,1.2054741,-2.4365687,0.70390499,0.05516988,-0.70814836,0
-2.1532063,3.406198,1.2737956,-0.26140317,0.94712955,-0.18604863,0
2.9974079,-1.3691697,-1.9791949,0.70390499,0.05516988,-0.70814836,0
0.21789289,3.3380823,-2.0311763,-0.26140317,0.94712955,-0.18604863,0
-1.8115065,-2.1035945,2.9888549,-0.70390499,-0.05516988,0.70814836,0
2.758342,-2.9594758,-0.50015688,0.26140317,-0.94712955,0.18604863,0
3.543952,-2.7920504,-1.5555737,0.70390499,0.05516988,-0.70814836,0
2.4271069,-3.1286821,-1.0609865,0.26140317,-0.94712955,0.18604863,0
-1.5552988,-3.6315701,2.89465,0.26140317,-0.94712955,0.18604863,0
2.3822315,0.15596223,-2.4948328,0.70390499,0.05516988,-0.70814836,0
-2.5670033,1.303045,2.5862803,-0.70390499,-0.05516988,0.70814836,0
0.52498984,3.4106948,-1.4910748,0.6604439,0.3160727,0.6811108,0
2.826663,-2.2800615,-2.2020342,0.70390499,0.05516988,-0.70814836,0
-1.0814157,-2.1120842,2.6901927,0.6604439,0.3160727,0.6811108,0
2.1168408,-3.0355587,-1.2536914,-0.6604439,-0.3160727,-0.6811108,0
3.17641,-1.7887824,-1.8081229,0.70390499,0.05516988,-0.70814836,0
-0.029410332,-0.089533567,0.81916136,0.6604439,0.3160727,0.6811108,0
2.3029978,-0.74113441,-1.2948664,0.6604439,0.3160727,0.6811108,0
-3.0041459,3.0716877,1.2267604,-0.26140317,0.94712955,-0.18604863,0
2.763818,-2.3529038,-2.295589,0.70390499,0.05516988,-0.70814836,0
2.2384207,-0.25764811,-2.7531543,0.70390499,0.05516988,-0.70814836,0
2.8250427,-1.421953,-1.444732,0.6604439,0.3160727,0.6811108,0
-2.9886525,3.1455326,1.3787682,-0.26140317,0.94712955,-0.18604863,0
-2.7714424,0.39791828,1.6788319,-0.6604439,-0.3160727,-0.6811108,0
1.8286198,0.35409057,-2.5732961,-0.6604439,-0.3160727,-0.6811108,0
-0.86114228,2.8393295,-1.0977859,-0.6604439,-0.3160727,-0.6811108,0
0.18145955,-3.4064889,1.0478077,0.26140317,-0.94712955,0.18604863,0
-2.1454282,3.0844853,0.20104885,-0.26140317,0.94712955,-0.18604863,0
2.71768,-3.1921501,-0.80681705,0.26140317,-0.94712955,0.18604863,0
0.5732075,-3.2744896,1.6532822,0.26140317,-0.94712955,0.18604863,0
0.4108628,1.6308951,-1.8889499,-0.6604439,-0.3160727,-0.6811108,0
-1.7809434,-1.9952486,3.1522002,-0.70390499,-0.05516988,0.70814836,0
0.31536949,-3.4033322,1.0766637,0.26140317,-0.94712955,0.18604863,0
3.2272396,-0.85087049,-1.9186022,0.70390499,0.05516988,-0.70814836,0
3.1385045,-2.1910563,-1.2182727,0.6604439,0.3160727,0.6811108,0
1.2085383,-0.97660673,-0.10409981,0.6604439,0.3160727,0.6811108,0
1.9675453,3.0134499,-2.6245728,0.70390499,0.05516988,-0.70814836,0
1.7103653,-2.0485241,-1.3607721,-0.6604439,-0.3160727,-0.6811108,0
1.9530287,1.067763,-3.0072751,0.70390499,0.05516988,-0.70814836,0
1.8123415,1.7152841,-3.0581977,0.70390499,0.05516988,-0.70814836,0
-3.0732214,3.1429882,1.479346,-0.26140317,0.94712955,-0.18604863,0
1.2276551,0.90229642,-2.471262,-0.6604439,-0.3160727,-0.6811108,0
-0.0052928925,-3.3418641,1.4902425,0.26140317,-0.94712955,0.18604863,0
2.6446283,-3.243104,-1.3498275,0.26140317,-0.94712955,0.18604863,0
-0.45151579,-1.9054446,1.9282806,0.6604439,0.3160727,0.6811108,0
-1.1587639,-2.9811842,1.7016401,-0.6604439,-0.3160727,-0.6811108,0
-1.337683,-2.9756141,3.2673221,-0.70390499,-0.05516988,0.70814836,0
2.760076,-1.0220374,-2.2045674,0.70390499,0.05516988,-0.70814836,0
2.3779783,0.5081172,-2.5934172,0.70390499,0.05516988,-0.70814836,0
0.28793418,0.16180775,0.34517923,0.6604439,0.3160727,0.6811108,0
2.0917687,0.88663924,-2.7937257,0.70390499,0.05516988,-0.70814836,0
0.34188867,3.4823649,-1.9685984,-0.26140317,0.94712955,-0.18604863,0
-0.14593458,-1.0922852,1.3641384,0.6604439,0.3160727,0.6811108,0
-2.8385587,0.88476706,2.2644446,-0.70390499,-0.05516988,0.70814836,0
0.6674062,-3.2149229,1.0617828,0.26140317,-0.94712955,0.18604863,0
-2.6028068,0.88268185,2.5519528,-0.70390499,-0.05516988,0.70814836,0
-1.8118355,2.4788535,0.010481834,-0.6604439,-0.3160727,-0.6811108,0
1.5372453,2.6357958,-3.0968671,0.70390499,0.05516988,-0.70814836,0
-1.0841224,3.3827863,0.11659431,-0.26140317,0.94712955,-0.18604863,0
-2.557704,1.6100152,2.4112282,-0.70390499,-0.05516988,0.70814836,0
2.0862095,1.4204071,-2.75212,0.70390499,0.05516988,-0.70814836,0
-3.1801555,0.88538206,1.8430265,-0.70390499,-0.05516988,0.70814836,0
-2.3853455,-0.77632773,2.3788531,-0.70390499,-0.05516988,0.70814836,0
1.5658197,0.22218108,-2.4185719,-0.6604439,-0.3160727,-0.6811108,0
3.0019119,-1.1112605,-2.0538275,0.70390499,0.05516988,-0.70814836,0
-3.4027953,3.0065608,1.2628109,-0.26140317,0.94712955,-0.18604863,0
-2.208777,-0.11540997,2.6568213,-0.70390499,-0.05516988,0.70814836,0
-1.76243,-3.339602,2.8085716,-0.70390499,-0.05516988,0.70814836,0
-2.7949221,3.0939603,0.96869326,-0.26140317,0.94712955,-0.18604863,0
1.996419,1.7851752,-2.7052581,0.70390499,0.05516988,-0.70814836,0
0.9968915,3.3234944,-3.3041081,-0.6604439,-0.3160727,-0.6811108,0
1.5313543,1.4072784,-1.4329076,0.6604439,0.3160727,0.6811108,0
3.5304539,-2.1496384,-1.7000842,0.70390499,0.05516988,-0.70814836,0
-3.1501355,3.1308708,2.1045623,-0.70390499,-0.05516988,0.70814836,0
-3.3678832,2.8846118,1.8322904,-0.70390499,-0.05516988,0.70814836,0
2.0821474,2.4892478,-2.652616,0.70390499,0.05516988,-0.70814836,0
0.54983145,-0.78899181,0.43746412,0.6604439,0.3160727,0.6811108,0
1.7383916,-3.1533337,-0.99002099,-0.6604439,-0.3160727,-0.6811108,0
-0.96597314,-2.2417326,1.2207367,-0.6604439,-0.3160727,-0.6811108,0
-0.047150612,-3.4718869,1.6384375,0.26140317,-0.94712955,0.18604863,0
-1.5548397,-2.0420115,1.699639,-0.6604439,-0.3160727,-0.6811108,0
0.07436198,-1.5680783,0.035032749,-0.6604439,-0.3160727,-0.6811108,0
-3.3752756,3.0311823,1.2429194,-0.26140317,0.94712955,-0.18604863,0
-3.2522724,2.0168362,1.3498143,-0.6604439,-0.3160727,-0.6811108,0
-0.47395003,1.6990399,0.29845607,0.6604439,0.3160727,0.6811108,0
-2.5806787,3.1013355,0.88336134,-0.26140317,0.94712955,-0.18604863,0
1.0096748,3.4459646,-3.0719543,-0.26140317,0.94712955,-0.18604863,0
2.649231,-3.3975046,-1.7489061,0.26140317,-0.94712955,0.18604863,0
-2.9921432,3.1809111,2.0265396,-0.26140317,0.94712955,-0.18604863,0
-2.3708827,-0.045271039,2.4591594,-0.70390499,-0.05516988,0.70814836,0
1.364172,0.3304131,-2.317554,-0.6604439,-0.3160727,-0.6811108,0
0.37559247,2.1397152,-0.68093753,0.6604439,0.3160727,0.6811108,0
3.300271,-3.142591,-1.9312959,0.26140317,-0.94712955,0.18604863,0
-1.5788037,0.8242501,1.752376,0.6604439,0.3160727,0.6811108,0
-1.1353042,-0.78361034,2.3233268,0.6604439,0.3160727,0.6811108,0
-2.2618594,-0.94886643,2.5876188,-0.70390499,-0.05516988,0.70814836,0
2.8712709,-3.2231832,-1.7297235,0.26140317,-0.94712955,0.18604863,0
1.2765188,3.5178366,-3.0915511,-0.26140317,0.94712955,-0.18604863,0
0.71351957,3.6384993,-1.8213825,-0.26140317,0.94712955,-0.18604863,0
-1.531327,-2.553865,3.3222024,-0.70390499,-0.05516988,0.70814836,0
1.2293923,1.6668606,-1.1981667,0.6604439,0.3160727,0.6811108,0
2.7485995,-3.127285,-0.75226116,0.26140317,-0.94712955,0.18604863,0
-1.1244149,-3.5020456,3.0009077,0.26140317,-0.94712955,0.18604863,0
2.9417601,-3.2296622,-1.996527,0.26140317,-0.94712955,0.18604863,0
