3.944464,-1.5977582,1.9642726,0.29415894,-0.92676467,0.23361912,0
2.4850841,-1.9217139,1.8133353,0.29415894,-0.92676467,0.23361912,0
0.256634,3.0961654,-0.63572764,-0.29415894,0.92676467,-0.23361912,0
2.7808175,-1.7645676,1.9282751,0.29415894,-0.92676467,0.23361912,0
3.3670826,1.5878952,1.0337,0.45914477,-0.077353477,-0.88498741,0
-1.9059786,0.81826985,-1.5590233,0.45914477,-0.077353477,-0.88498741,0
-2.9323571,1.7186308,-1.9766022,-0.29415894,0.92676467,-0.23361912,0
0.21999937,0.95752454,0.66486508,-0.45914477,0.077353477,0.88498741,0
-2.6368282,-4.2830815,-1.6168504,-0.83824623,-0.36759204,-0.40276486,0
-3.5265946,-2.6002042,-1.301995,-0.83824623,-0.36759204,-0.40276486,0
-3.8285089,-0.3719784,-2.4403024,0.45914477,-0.077353477,-0.88498741,0
2.736131,2.3617344,1.8352592,-0.45914477,0.077353477,0.88498741,0
-2.1887124,-1.7942801,-0.44836593,-0.45914477,0.077353477,0.88498741,0
-2.0224533,2.360177,-0.77221161,-0.29415894,0.92676467,-0.23361912,0
-4.4976978,1.2492834,-1.9796133,-0.29415894,0.92676467,-0.23361912,0
0.20147204,3.1012397,-0.6841048,-0.29415894,0.92676467,-0.23361912,0
-4.0902848,1.2040427,-1.7260354,-0.45914477,0.077353477,0.88498741,0
3.3100133,3.7191956,0.95568752,0.83824623,0.36759204,0.40276486,0
2.4311631,-0.76879132,0.77423632,0.45914477,-0.077353477,-0.88498741,0
4.5139275,-0.94311887,2.7958479,0.83824623,0.36759204,0.40276486,0
2.9101768,-1.9648619,1.7504385,0.29415894,-0.92676467,0.23361912,0
4.2250223,-0.24831116,2.403163,0.83824623,0.36759204,0.40276486,0
-2.9960279,0.78525025,-1.1686544,-0.45914477,0.077353477,0.88498741,0
2.9884429,3.4835253,1.7521713,0.83824623,0.36759204,0.40276486,0
0.2998507,-3.1317074,0.18929458,0.29415894,-0.92676467,0.23361912,0
-2.8934011,-4.3182311,-1.2220335,-0.83824623,-0.36759204,-0.40276486,0
-1.4319036,-1.2324107,-0.046000481,-0.45914477,0.077353477,0.88498741,0
-3.9856415,-1.7040793,-1.5170383,-0.83824623,-0.36759204,-0.40276486,0
-1.6730014,-0.041168749,-1.5083945,0.45914477,-0.077353477,-0.88498741,0
0.5546329,3.5129175,0.18856287,-0.29415894,0.92676467,-0.23361912,0
3.8371267,1.2055182,1.9732375,0.83824623,0.36759204,0.40276486,0
3.6235855,-1.5671043,2.234442,0.29415894,-0.92676467,0.23361912,0
1.3357412,2.9122615,1.0503495,-0.45914477,0.077353477,0.88498741,0
1.3458633,3.8110428,0.26814175,-0.29415894,0.92676467,-0.23361912,0
-2.4728045,-4.4217834,-1.2724562,0.29415894,-0.92676467,0.23361912,0
3.995383,1.2021964,1.7647271,0.83824623,0.36759204,0.40276486,0
3.7004435,-1.0634497,1.426494,0.45914477,-0.077353477,-0.88498741,0
-2.9546533,1.8606842,-1.4761289,-0.29415894,0.92676467,-0.23361912,0
-1.2668571,-3.7294705,-0.77054119,0.29415894,-0.92676467,0.23361912,0
2.9249721,3.876519,1.4576862,0.83824623,0.36759204,0.40276486,0
3.7356572,-1.4603217,2.3400559,0.29415894,-0.92676467,0.23361912,0
-0.58821368,-3.543793,-0.15257478,0.29415894,-0.92676467,0.23361912,0
-3.5506296,-0.8235029,-1.1433864,-0.45914477,0.077353477,0.88498741,0
3.9242201,1.8193779,1.486779,0.83824623,0.36759204,0.40276486,0
1.8945382,4.115037,0.96510077,-0.29415894,0.92676467,-0.23361912,0
-4.2601681,1.2661884,-2.4025176,-0.29415894,0.92676467,-0.23361912,0
-1.1057575,2.8640163,-0.31201899,-0.29415894,0.92676467,-0.23361912,0
-3.0429926,-4.2709975,-0.92200613,-0.83824623,-0.36759204,-0.40276486,0
4.8020124,-1.111038,2.0547857,0.29415894,-0.92676467,0.23361912,0
1.4017974,-2.468225,1.5219126,0.29415894,-0.92676467,0.23361912,0
-3.8521874,1.1354637,-2.682358,0.45914477,-0.077353477,-0.88498741,0
-1.2155796,-0.75916636,-0.061931014,-0.45914477,0.077353477,0.88498741,0
-0.034933805,-3.2049382,-0.094739199,0.29415894,-0.92676467,0.23361912,0
0.40847588,-2.997015,0.62891173,0.29415894,-0.92676467,0.23361912,0
-4.0753498,-0.98083901,-1.7183838,-0.83824623,-0.36759204,-0.40276486,0
1.5629622,-0.83842254,1.4653761,-0.45914477,0.077353477,0.88498741,0
1.7042944,3.6989057,-0.0033669472,-0.29415894,0.92676467,-0.23361912,0
-3.2286582,-3.2154446,-1.4760323,-0.83824623,-0.36759204,-0.40276486,0
-3.2335,-2.7950053,-1.9263759,-0.83824623,-0.36759204,-0.40276486,0
2.7809381,0.46436203,0.8598901,0.45914477,-0.077353477,-0.88498741,0
4.0687666,0.93861282,1.6775022,0.83824623,0.36759204,0.40276486,0
-2.2911806,-4.1546898,-0.68674445,0.29415894,-0.92676467,0.23361912,0
1.0581837,3.6157489,0.2931869,-0.29415894,0.92676467,-0.23361912,0
0.21240354,-2.9612312,0.55495656,0.29415894,-0.92676467,0.23361912,0
-0.16685057,-1.3700377,0.50967121,-0.45914477,0.077353477,0.88498741,0
0.63199496,-2.8506634,0.40010846,0.29415894,-0.92676467,0.23361912,0
-2.8457742,-4.3992248,-1.4433837,-0.83824623,-0.36759204,-0.40276486,0
1.7657508,-2.3605547,0.88544387,0.29415894,-0.92676467,0.23361912,0
2.924242,4.4652281,0.93928337,-0.29415894,0.92676467,-0.23361912,0
-3.8866656,-1.1309309,-2.0704165,-0.83824623,-0.36759204,-0.40276486,0
-2.7648802,0.48476663,-1.9985133,0.45914477,-0.077353477,-0.88498741,0
-3.5603333,-2.1006007,-1.6220179,-0.83824623,-0.36759204,-0.40276486,0
3.2880023,3.1128864,1.2715552,0.83824623,0.36759204,0.40276486,0
0.75243592,2.8569748,-0.37743974,0.45914477,-0.077353477,-0.88498741,0
3.6383004,-1.6019077,2.1430037,0.29415894,-0.92676467,0.23361912,0
1.8912718,4.0883422,0.92255354,-0.29415894,0.92676467,-0.23361912,0
1.5524654,3.1158004,0.064556599,0.45914477,-0.077353477,-0.88498741,0
1.9938381,4.0645709,1.0489388,-0.29415894,0.92676467,-0.23361912,0
-2.6488905,2.0934958,-1.1525451,-0.29415894,0.92676467,-0.23361912,0
4.1480689,-1.487134,2.0469608,0.29415894,-0.92676467,0.23361912,0
2.1000819,4.0525899,0.55943036,-0.29415894,0.92676467,-0.23361912,0
4.8063006,-0.81935239,2.1656127,0.83824623,0.36759204,0.40276486,0
-2.0972641,-3.9005349,-0.40281034,0.29415894,-0.92676467,0.23361912,0
-2.4688663,-4.2969351,-1.4797213,0.45914477,-0.077353477,-0.88498741,0
-2.7415118,1.8471234,-1.6383643,-0.29415894,0.92676467,-0.23361912,0
-0.93124449,2.5033505,-1.2620299,0.45914477,-0.077353477,-0.88498741,0
3.1893783,3.6864846,1.2619367,0.83824623,0.36759204,0.40276486,0
4.2591338,0.54069138,1.5958936,0.83824623,0.36759204,0.40276486,0
-2.9186995,-3.8163111,-0.60026169,-0.45914477,0.077353477,0.88498741,0
-2.8871253,-1.1452537,-0.83486366,-0.45914477,0.077353477,0.88498741,0
-4.2404923,-0.19640887,-2.3760414,-0.83824623,-0.36759204,-0.40276486,0
-2.2225609,0.37698337,-1.7767804,0.45914477,-0.077353477,-0.88498741,0
4.5039172,-0.87487549,2.4451554,0.83824623,0.36759204,0.40276486,0
-2.1691871,-2.8298454,-1.3681693,0.45914477,-0.077353477,-0.88498741,0
-4.3329315,1.3001497,-1.8302732,-0.29415894,0.92676467,-0.23361912,0
1.4463664,3.2410703,1.0402412,-0.45914477,0.077353477,0.88498741,0
3.2275708,1.8689474,0.85753274,0.45914477,-0.077353477,-0.88498741,0
-1.085068,2.7788486,-0.24516821,-0.29415894,0.92676467,-0.23361912,0
1.6634576,1.3911521,0.14897001,0.45914477,-0.077353477,-0.88498741,0
-3.7134466,-1.4150968,-2.3024578,-0.83824623,-0.36759204,-0.40276486,0
4.4844966,-0.77029151,2.6838789,0.83824623,0.36759204,0.40276486,0
3.3296976,2.4546819,1.7946324,0.83824623,0.36759204,0.40276486,0
-3.661427,1.2464318,-1.5125692,-0.45914477,0.077353477,0.88498741,0
1.9143497,-0.50700802,1.5361538,-0.45914477,0.077353477,0.88498741,0
-3.9282269,-1.0611033,-2.17871,-0.83824623,-0.36759204,-0.40276486,0
-3.6020441,1.6168245,-1.7758993,-0.29415894,0.92676467,-0.23361912,0
3.1034389,3.9373324,1.0846281,0.83824623,0.36759204,0.40276486,0
4.3828669,-0.40233529,2.3177931,0.83824623,0.36759204,0.40276486,0
2.8585362,4.0546479,1.6871607,0.83824623,0.36759204,0.40276486,0
-2.319083,-0.77800941,-0.59610152,-0.45914477,0.077353477,0.88498741,0
4.6679258,-0.69083476,2.3333235,0.83824623,0.36759204,0.40276486,0
4.4780774,-0.95534229,2.8643684,0.83824623,0.36759204,0.40276486,0
0.77287191,1.641338,-0.22190154,0.45914477,-0.077353477,-0.88498741,0
-2.3858995,0.08771652,-1.7444957,0.45914477,-0.077353477,-0.88498741,0
-3.6984034,-1.3003241,-1.2444735,-0.45914477,0.077353477,0.88498741,0
0.81838804,-1.1940725,1.167382,-0.45914477,0.077353477,0.88498741,0
4.237258,-0.26382196,2.7104428,0.83824623,0.36759204,0.40276486,0
-4.4762897,1.2262008,-2.7527032,-0.29415894,0.92676467,-0.23361912,0
-0.53056645,-0.66567409,0.42726001,-0.45914477,0.077353477,0.88498741,0
3.6641302,1.4489491,2.2908659,0.83824623,0.36759204,0.40276486,0
-0.053768158,-3.0059776,0.7199465,0.29415894,-0.92676467,0.23361912,0
0.19356728,-2.9813089,0.75520039,0.29415894,-0.92676467,0.23361912,0
2.9782176,3.9877856,1.3487749,0.83824623,0.36759204,0.40276486,0
-4.3655829,-0.39790106,-1.8355649,-0.83824623,-0.36759204,-0.40276486,0
2.6537104,0.84810877,0.74413621,0.45914477,-0.077353477,-0.88498741,0
-4.752285,0.73707962,-1.9126173,-0.83824623,-0.36759204,-0.40276486,0
4.0082197,1.0067569,1.864289,0.83824623,0.36759204,0.40276486,0
-0.97574687,2.7632627,-0.53715318,-0.29415894,0.92676467,-0.23361912,0
3.3044758,-0.97786731,2.3148329,-0.45914477,0.077353477,0.88498741,0
-4.6344953,1.2381383,-2.2078633,-0.29415894,0.92676467,-0.23361912,0
4.6646366,-0.84730756,2.4031892,0.83824623,0.36759204,0.40276486,0
4.1966591,0.22323823,2.2517207,0.83824623,0.36759204,0.40276486,0
3.4264674,-1.6632817,1.9232455,0.29415894,-0.92676467,0.23361912,0
-1.6621568,-0.05684495,-1.4544711,0.45914477,-0.077353477,-0.88498741,0
-4.3567162,0.048694253,-1.9301927,-0.83824623,-0.36759204,-0.40276486,0
-2.9372201,-3.8344147,-1.5748556,-0.83824623,-0.36759204,-0.40276486,0
-1.3136659,-3.7100134,0.051766157,0.29415894,-0.92676467,0.23361912,0
-1.6766298,-3.8735805,-0.67598343,0.29415894,-0.92676467,0.23361912,0
0.55833459,3.4097264,0.29091406,-0.29415894,0.92676467,-0.23361912,0
1.2749139,-2.5606501,0.70201784,0.29415894,-0.92676467,0.23361912,0
2.9869571,3.3467059,1.758136,0.83824623,0.36759204,0.40276486,0
-4.5925508,0.48844004,-2.3070612,-0.83824623,-0.36759204,-0.40276486,0
3.5258288,2.9171824,1.3605087,0.83824623,0.36759204,0.40276486,0
-1.8481532,-3.8566754,-0.2009182,0.29415894,-0.92676467,0.23361912,0
-2.0073829,-2.7624459,-1.441561,0.45914477,-0.077353477,-0.88498741,0
0.58303428,-1.7764939,0.96693063,-0.45914477,0.077353477,0.88498741,0
-0.29225159,-3.3037903,0.51323962,0.29415894,-0.92676467,0.23361912,0
1.5301688,-2.6393087,0.59573871,0.29415894,-0.92676467,0.23361912,0
4.5406666,-1.051193,2.9295828,0.83824623,0.36759204,0.40276486,0
3.3367624,3.4739985,1.1149509,0.83824623,0.36759204,0.40276486,0
-1.0762442,2.6494656,-1.273409,-0.29415894,0.92676467,-0.23361912,0
-4.7040782,0.65226722,-2.2008204,-0.83824623,-0.36759204,-0.40276486,0
2.4677284,4.3377662,1.3792171,-0.29415894,0.92676467,-0.23361912,0
-1.0452731,-3.6462164,-0.069808722,0.29415894,-0.92676467,0.23361912,0
-4.3183656,0.39820689,-2.6308248,-0.83824623,-0.36759204,-0.40276486,0
-0.97751379,-3.4706681,0.41144252,0.29415894,-0.92676467,0.23361912,0
4.0611553,1.2499993,1.7349827,0.83824623,0.36759204,0.40276486,0
2.2202339,1.642194,1.670288,-0.45914477,0.077353477,0.88498741,0
1.7554615,3.8248439,0.27908039,-0.29415894,0.92676467,-0.23361912,0
4.0508051,-1.2894681,2.3484359,0.29415894,-0.92676467,0.23361912,0
-0.40625072,-3.2845342,0.57350361,0.29415894,-0.92676467,0.23361912,0
-3.1955724,-1.1153558,-1.0273211,-0.45914477,0.077353477,0.88498741,0
-2.910907,-3.6561599,-1.5415556,-0.83824623,-0.36759204,-0.40276486,0
1.3787295,1.0139912,1.2703129,-0.45914477,0.077353477,0.88498741,0
-3.7728403,-1.5422266,-1.9449978,-0.83824623,-0.36759204,-0.40276486,0
-1.0668576,1.6247306,-0.23737481,-0.45914477,0.077353477,0.88498741,0
3.6999366,1.9218779,1.5915194,0.83824623,0.36759204,0.40276486,0
-3.875896,1.3442153,-2.4333787,-0.29415894,0.92676467,-0.23361912,0
-0.22241998,2.6092985,0.24852383,-0.45914477,0.077353477,0.88498741,0
3.6602268,1.8910054,2.0309153,0.83824623,0.36759204,0.40276486,0
-2.1560311,-4.1486139,-1.178977,0.29415894,-0.92676467,0.23361912,0
-3.276366,-3.4734755,-1.3320425,-0.83824623,-0.36759204,-0.40276486,0
2.7016091,4.2607746,0.43384743,-0.29415894,0.92676467,-0.23361912,0
3.6926882,1.9859287,1.4575334,0.83824623,0.36759204,0.40276486,0
-3.6857078,-2.0659394,-1.8463881,-0.83824623,-0.36759204,-0.40276486,0
3.9335017,-1.5547338,2.085253,0.29415894,-0.92676467,0.23361912,0
-2.2718706,1.9539587,-2.0065174,0.45914477,-0.077353477,-0.88498741,0
-4.6717348,0.80088282,-2.3608298,-0.83824623,-0.36759204,-0.40276486,0
-0.39506626,2.861526,-0.64460683,-0.29415894,0.92676467,-0.23361912,0
3.6436627,2.7807021,1.192667,0.83824623,0.36759204,0.40276486,0
-2.3722808,1.8304557,-0.93698657,-0.45914477,0.077353477,0.88498741,0
-4.0423999,1.3292067,-2.7464764,-0.29415894,0.92676467,-0.23361912,0
-3.0521221,-4.3367758,-0.90266418,0.29415894,-0.92676467,0.23361912,0
2.7751071,3.9418597,0.43035197,0.45914477,-0.077353477,-0.88498741,0
2.9032726,-1.0987712,2.1865275,-0.45914477,0.077353477,0.88498741,0
-2.3252373,-3.7034583,-0.29384089,-0.45914477,0.077353477,0.88498741,0
-3.6242542,-0.14968753,-1.2997171,-0.45914477,0.077353477,0.88498741,0
1.3298937,2.9464791,-0.057676315,0.45914477,-0.077353477,-0.88498741,0
-0.31908226,3.0943189,-0.18603098,-0.29415894,0.92676467,-0.23361912,0
3.3687677,3.0164292,1.5848165,0.83824623,0.36759204,0.40276486,0
1.5827289,2.5636275,1.172507,-0.45914477,0.077353477,0.88498741,0
0.29414839,-0.97733861,0.6917364,-0.45914477,0.077353477,0.88498741,0
-3.6532061,0.19540644,-1.3436478,-0.45914477,0.077353477,0.88498741,0
3.0411434,4.2920179,1.0460157,0.83824623,0.36759204,0.40276486,0
4.5576944,-1.1984406,2.4938235,0.29415894,-0.92676467,0.23361912,0
0.36053872,1.5848597,-0.4699415,0.45914477,-0.077353477,-0.88498741,0
2.7138438,-1.8784485,1.5863359,0.29415894,-0.92676467,0.23361912,0
3.74541,1.4837298,1.3437119,0.45914477,-0.077353477,-0.88498741,0
-0.88085186,1.7770017,-0.13574201,-0.45914477,0.077353477,0.88498741,0
0.63353515,-2.8654895,0.94177967,0.29415894,-0.92676467,0.23361912,0
-4.2771893,-0.65206957,-1.7332346,-0.83824623,-0.36759204,-0.40276486,0
3.2308345,-1.6557931,2.2264278,0.29415894,-0.92676467,0.23361912,0
-4.4697738,1.3267031,-2.1814308,-0.29415894,0.92676467,-0.23361912,0
-3.2059894,-3.7348838,-1.2358806,-0.83824623,-0.36759204,-0.40276486,0
4.1406865,0.057770848,2.3142385,0.83824623,0.36759204,0.40276486,0
4.1076016,0.25922215,2.1827404,0.83824623,0.36759204,0.40276486,0
-1.7828742,0.46118382,-1.5972481,0.45914477,-0.077353477,-0.88498741,0
-4.4856462,0.81044436,-2.6991391,-0.83824623,-0.36759204,-0.40276486,0
-3.4944174,1.4686865,-2.3879867,-0.29415894,0.92676467,-0.23361912,0
2.6691656,2.606051,0.51101398,0.45914477,-0.077353477,-0.88498741,0
-2.2030566,0.11454959,-1.7895451,0.45914477,-0.077353477,-0.88498741,0
4.2279358,0.34585357,1.6059506,0.45914477,-0.077353477,-0.88498741,0
3.3485689,-1.7538229,1.7224233,0.29415894,-0.92676467,0.23361912,0
-4.0000587,-1.7469497,-1.397718,-0.83824623,-0.36759204,-0.40276486,0
0.49343681,-2.9733918,0.79329634,0.29415894,-0.92676467,0.23361912,0
1.9953626,-2.4682872,0.63562113,0.29415894,-0.92676467,0.23361912,0
-2.3383889,-2.6604569,-0.30796266,-0.45914477,0.077353477,0.88498741,0
-3.3509083,-3.2648399,-1.2598891,-0.83824623,-0.36759204,-0.40276486,0
3.2529292,3.5760746,0.98569345,0.83824623,0.36759204,0.40276486,0
0.30528235,-2.9713068,0.88729239,0.29415894,-0.92676467,0.23361912,0
4.396203,-1.2570678,2.4830973,0.29415894,-0.92676467,0.23361912,0
0.37774205,0.79296917,0.64201647,-0.45914477,0.077353477,0.88498741,0
-1.5032387,2.4702144,-1.3513895,-0.29415894,0.92676467,-0.23361912,0
2.1329892,4.0202489,0.50982308,-0.29415894,0.92676467,-0.23361912,0
-3.0592756,1.4844069,-2.3479669,0.45914477,-0.077353477,-0.88498741,0
3.12255,-1.8363895,1.3503604,0.29415894,-0.92676467,0.23361912,0
-0.52110171,-3.4886723,-0.27723098,0.29415894,-0.92676467,0.23361912,0
3.339565,-1.8029943,1.559194,0.29415894,-0.92676467,0.23361912,0
-3.3862226,1.6587431,-2.2358785,-0.29415894,0.92676467,-0.23361912,0
2.2565067,4.2601237,1.1378741,-0.29415894,0.92676467,-0.23361912,0
1.1668527,-0.64323497,0.020103581,0.45914477,-0.077353477,-0.88498741,0
2.9073918,-0.63828868,2.1526399,-0.45914477,0.077353477,0.88498741,0
-3.5217581,-2.1282344,-1.7541173,-0.83824623,-0.36759204,-0.40276486,0
3.7409503,1.674632,1.6221831,0.83824623,0.36759204,0.40276486,0
4.4943147,-0.91522139,2.7423196,0.83824623,0.36759204,0.40276486,0
2.8154864,4.2449641,1.2773709,0.83824623,0.36759204,0.40276486,0
2.9584508,4.4417505,0.80381966,-0.29415894,0.92676467,-0.23361912,0
2.6587749,3.7589509,1.5992181,-0.45914477,0.077353477,0.88498741,0
3.8393011,1.6171778,1.6477294,0.83824623,0.36759204,0.40276486,0
-0.83354664,-0.99104249,-0.90884411,0.45914477,-0.077353477,-0.88498741,0
0.68859911,3.6156275,0.50278902,-0.29415894,0.92676467,-0.23361912,0
-3.2557631,-2.6987906,-0.98460698,-0.45914477,0.077353477,0.88498741,0
-2.9886649,-4.1620398,-1.3182683,-0.83824623,-0.36759204,-0.40276486,0
0.81641459,2.9296236,-0.31659698,0.45914477,-0.077353477,-0.88498741,0
3.4628007,3.0760603,1.0907044,0.83824623,0.36759204,0.40276486,0
-0.073683798,-0.51229,0.47483596,-0.45914477,0.077353477,0.88498741,0
3.7210584,1.9951526,1.5953798,0.83824623,0.36759204,0.40276486,0
-1.4824477,2.4583585,-1.4634433,-0.29415894,0.92676467,-0.23361912,0
-2.9406374,-2.9940715,-0.70098782,-0.45914477,0.077353477,0.88498741,0
3.782773,1.1530061,2.0155957,0.83824623,0.36759204,0.40276486,0
1.518405,-2.2854285,1.5088214,0.29415894,-0.92676467,0.23361912,0
4.4488306,-1.0798416,2.9271479,0.29415894,-0.92676467,0.23361912,0
3.2827923,-0.84059018,1.3098756,0.45914477,-0.077353477,-0.88498741,0
3.7072563,1.9623028,1.8660107,0.83824623,0.36759204,0.40276486,0
-3.1365144,-3.7540555,-1.2117147,-0.83824623,-0.36759204,-0.40276486,0
2.2096107,-2.33569,1.0222712,0.29415894,-0.92676467,0.23361912,0
4.3302569,0.42849874,2.0018795,0.83824623,0.36759204,0.40276486,0
1.3656726,3.955121,0.77339149,-0.29415894,0.92676467,-0.23361912,0
-3.217854,-3.4691367,-1.1301529,-0.83824623,-0.36759204,-0.40276486,0
1.2512543,3.62293,-0.073979378,-0.29415894,0.92676467,-0.23361912,0
0.13122964,1.9230835,0.3551507,-0.45914477,0.077353477,0.88498741,0
-3.2533517,0.10103321,-1.1535351,-0.45914477,0.077353477,0.88498741,0
-3.0154903,-3.6462069,-1.3320117,-0.83824623,-0.36759204,-0.40276486,0
3.3155282,-1.6541768,1.6995891,0.29415894,-0.92676467,0.23361912,0
-4.2287612,1.2640665,-2.3817215,-0.29415894,0.92676467,-0.23361912,0
-2.2719345,2.3503215,-0.97392052,-0.29415894,0.92676467,-0.23361912,0
-0.23178935,3.1843371,0.25800204,-0.29415894,0.92676467,-0.23361912,0
2.7166979,4.2019105,1.4421277,0.83824623,0.36759204,0.40276486,0
0.75103104,0.21116892,0.91988826,-0.45914477,0.077353477,0.88498741,0
2.3645473,4.2335048,0.99198079,-0.29415894,0.92676467,-0.23361912,0
3.9429979,0.93359458,2.3011603,0.83824623,0.36759204,0.40276486,0
-3.8872039,-0.63906288,-2.287024,-0.83824623,-0.36759204,-0.40276486,0
2.5675383,4.0773482,1.51648,-0.45914477,0.077353477,0.88498741,0
-0.22541165,-3.2416725,0.59272838,0.29415894,-0.92676467,0.23361912,0
4.4638553,-0.68301928,2.5041199,0.83824623,0.36759204,0.40276486,0
-4.6410103,0.67206764,-1.9428322,-0.83824623,-0.36759204,-0.40276486,0
-4.1732864,-1.0645447,-1.6723456,-0.83824623,-0.36759204,-0.40276486,0
-1.9763334,-0.99337775,-0.43402076,-0.45914477,0.077353477,0.88498741,0
2.5542228,4.4644198,1.3788333,-0.29415894,0.92676467,-0.23361912,0
-1.7364665,1.9802275,-0.44619775,-0.45914477,0.077353477,0.88498741,0
2.8812785,2.0242565,1.8256252,-0.45914477,0.077353477,0.88498741,0
-2.9783754,-4.1785736,-1.0149016,-0.83824623,-0.36759204,-0.40276486,0
-1.9517336,1.4955137,-1.6190195,0.45914477,-0.077353477,-0.88498741,0
-2.0946367,-3.6942241,-1.2387719,0.45914477,-0.077353477,-0.88498741,0
-2.2217855,-4.0316353,-0.53220844,0.29415894,-0.92676467,0.23361912,0
2.0243912,-0.39865881,1.5681956,-0.45914477,0.077353477,0.88498741,0
-3.1844974,-3.6536806,-1.1897769,-0.83824623,-0.36759204,-0.40276486,0
0.79544532,1.1180257,0.76775229,-0.45914477,0.077353477,0.88498741,0
-3.6635385,-1.4803773,-2.0596435,-0.83824623,-0.36759204,-0.40276486,0
4.7737713,-1.2361965,2.3357716,0.29415894,-0.92676467,0.23361912,0
-4.3396521,-0.083557487,-2.153945,-0.83824623,-0.36759204,-0.40276486,0
-3.3612823,1.7910148,-1.9205481,-0.29415894,0.92676467,-0.23361912,0
0.73975265,1.3812888,-0.40956485,0.45914477,-0.077353477,-0.88498741,0
-3.0831068,-2.6352034,-0.82052755,-0.45914477,0.077353477,0.88498741,0
3.8350301,2.0038676,1.5383406,0.83824623,0.36759204,0.40276486,0
-2.4802222,-2.704041,-1.6784303,0.45914477,-0.077353477,-0.88498741,0
-3.9224792,-0.60865772,-2.3077137,-0.83824623,-0.36759204,-0.40276486,0
4.207581,-0.6090762,2.7667012,0.83824623,0.36759204,0.40276486,0
1.227597,3.8059859,0.76365447,-0.29415894,0.92676467,-0.23361912,0
1.4194345,3.3603733,1.0077343,-0.45914477,0.077353477,0.88498741,0
4.4675827,-1.1675462,2.3455515,0.29415894,-0.92676467,0.23361912,0
-3.7310092,0.72757673,-2.494858,0.45914477,-0.077353477,-0.88498741,0
-2.3813815,2.1648562,-1.3888294,-0.29415894,0.92676467,-0.23361912,0
-3.1717467,-3.8224597,-1.2572885,-0.83824623,-0.36759204,-0.40276486,0
-3.0329437,-4.2492065,-0.86029911,-0.83824623,-0.36759204,-0.40276486,0
-3.9900932,-1.0675703,-1.8558133,-0.83824623,-0.36759204,-0.40276486,0
2.2452965,-2.1096287,1.6142193,0.29415894,-0.92676467,0.23361912,0
-3.1186581,-3.8037901,-1.0808218,-0.83824623,-0.36759204,-0.40276486,0
2.0866606,-2.2294016,0.98304653,0.29415894,-0.92676467,0.23361912,0
3.6515298,1.5050807,2.1225846,0.83824623,0.36759204,0.40276486,0
1.7743968,0.0051752031,1.5329806,-0.45914477,0.077353477,0.88498741,0
-0.23677063,2.9651723,-0.50382113,-0.29415894,0.92676467,-0.23361912,0
-3.771733,1.7545686,-1.4981393,-0.29415894,0.92676467,-0.23361912,0
-2.3197885,-2.9939165,-1.5826404,0.45914477,-0.077353477,-0.88498741,0
-4.5776658,0.9085933,-2.478107,-0.83824623,-0.36759204,-0.40276486,0
-3.670244,-2.5921297,-1.2053728,-0.83824623,-0.36759204,-0.40276486,0
-4.2599025,-0.89713943,-1.6134932,-0.83824623,-0.36759204,-0.40276486,0
4.3594623,-0.41181076,2.4587789,0.83824623,0.36759204,0.40276486,0
-2.6908247,1.898257,-1.8419908,-0.29415894,0.92676467,-0.23361912,0
4.2730913,-0.36451304,2.660326,0.83824623,0.36759204,0.40276486,0
-0.86781406,-3.6226273,-0.22618651,0.29415894,-0.92676467,0.23361912,0
-3.7313223,-1.6744398,-2.1129892,-0.83824623,-0.36759204,-0.40276486,0
2.3598969,3.264168,1.5549097,-0.45914477,0.077353477,0.88498741,0
2.3192682,-2.2264605,1.0969245,0.29415894,-0.92676467,0.23361912,0
3.4936204,-1.6297417,1.4829698,0.45914477,-0.077353477,-0.88498741,0
-3.1738508,-2.7947233,-1.9545493,0.45914477,-0.077353477,-0.88498741,0
-3.4014528,-2.4349365,-2.0748498,-0.83824623,-0.36759204,-0.40276486,0
-1.0260916,-3.651372,-0.050573587,0.29415894,-0.92676467,0.23361912,0
-1.1517476,-0.39829761,-1.233978,0.45914477,-0.077353477,-0.88498741,0
3.9782701,1.3436129,1.797365,0.83824623,0.36759204,0.40276486,0
0.67397881,-2.8974688,0.55469692,0.29415894,-0.92676467,0.23361912,0
-0.88501835,2.7981281,-0.34113181,-0.29415894,0.92676467,-0.23361912,0
1.9068283,3.3143888,0.033996582,0.45914477,-0.077353477,-0.88498741,0
-0.95174241,2.8286333,-0.83255094,-0.29415894,0.92676467,-0.23361912,0
-2.7485015,-4.3232117,-0.93752289,0.29415894,-0.92676467,0.23361912,0
2.2450218,3.5405915,1.3799126,-0.45914477,0.077353477,0.88498741,0
-1.9368665,2.3813877,-1.3487498,-0.29415894,0.92676467,-0.23361912,0
0.83120328,0.99467182,-0.23463035,0.45914477,-0.077353477,-0.88498741,0
-2.787755,0.35334051,-0.86376929,-0.45914477,0.077353477,0.88498741,0
1.8746428,-2.1571088,1.7406883,0.29415894,-0.92676467,0.23361912,0
-1.4674928,-0.87503564,-0.04735589,-0.45914477,0.077353477,0.88498741,0
4.1777592,0.39950538,1.9167312,0.83824623,0.36759204,0.40276486,0
3.1243739,3.4021382,1.3424251,0.83824623,0.36759204,0.40276486,0
-3.3266404,-3.2281089,-1.2523317,-0.83824623,-0.36759204,-0.40276486,0
1.0700819,-1.508639,1.3395555,-0.45914477,0.077353477,0.88498741,0
-0.23199344,3.0415509,-0.57414412,-0.29415894,0.92676467,-0.23361912,0
0.49772763,-2.2728686,-0.19311011,0.45914477,-0.077353477,-0.88498741,0
-1.2243226,0.31784302,-0.096804559,-0.45914477,0.077353477,0.88498741,0
-0.1857419,3.3091168,0.10303617,-0.29415894,0.92676467,-0.23361912,0
2.9198756,3.3464682,1.8619318,0.83824623,0.36759204,0.40276486,0
-4.3635573,0.45420778,-2.7038226,-0.83824623,-0.36759204,-0.40276486,0
4.6664438,-0.57025898,1.8030759,0.45914477,-0.077353477,-0.88498741,0
-1.1703997,-3.6051264,0.09007144,0.29415894,-0.92676467,0.23361912,0
3.8937776,-1.3546331,2.1998367,0.29415894,-0.92676467,0.23361912,0
-3.7068768,1.2190257,-1.4208487,-0.45914477,0.077353477,0.88498741,0
-3.7741899,-1.8041084,-1.5295801,-0.83824623,-0.36759204,-0.40276486,0
0.78219271,3.4004719,-0.44215918,-0.29415894,0.92676467,-0.23361912,0
-4.3136821,0.46261561,-2.6121688,-0.83824623,-0.36759204,-0.40276486,0
-4.2376909,0.32769006,-2.6876616,-0.83824623,-0.36759204,-0.40276486,0
-3.7117031,-1.5600897,-1.8672185,-0.83824623,-0.36759204,-0.40276486,0
-4.265954,-0.16520238,-2.0420418,-0.83824623,-0.36759204,-0.40276486,0
1.861163,-2.3825355,0.75169241,0.29415894,-0.92676467,0.23361912,0
1.2586364,0.24499893,0.17767793,0.45914477,-0.077353477,-0.88498741,0
-0.7669276,1.6524713,0.059263885,-0.45914477,0.077353477,0.88498741,0
-2.1697283,-0.50127423,-1.6674371,0.45914477,-0.077353477,-0.88498741,0
-1.3102903,-3.4206061,0.14720941,-0.45914477,0.077353477,0.88498741,0
2.1018157,-2.1204209,1.7417016,0.29415894,-0.92676467,0.23361912,0
-0.958354,2.3131862,-0.16586244,-0.45914477,0.077353477,0.88498741,0
-3.3616197,-2.8268042,-1.8103497,-0.83824623,-0.36759204,-0.40276486,0
-1.201782,1.6532149,-0.1239576,-0.45914477,0.077353477,0.88498741,0
4.3197107,-0.71024233,2.9282751,0.83824623,0.36759204,0.40276486,0
3.4353034,-1.6764312,1.4950249,0.29415894,-0.92676467,0.23361912,0
-4.0984616,-0.71224284,-1.8251617,-0.83824623,-0.36759204,-0.40276486,0
4.472363,-0.67358398,2.3654723,0.83824623,0.36759204,0.40276486,0
-3.705152,-1.7517067,-1.8104773,-0.83824623,-0.36759204,-0.40276486,0
-0.26250708,1.3110054,0.21791494,-0.45914477,0.077353477,0.88498741,0
-0.34887272,1.0683789,0.31684613,-0.45914477,0.077353477,0.88498741,0
-2.0809712,-0.50974154,-1.7025124,0.45914477,-0.077353477,-0.88498741,0
-3.0798609,-4.3903489,-0.79089499,-0.83824623,-0.36759204,-0.40276486,0
4.4481039,-1.2313073,2.2053783,0.29415894,-0.92676467,0.23361912,0
-4.4163957,-0.30301368,-1.9109781,-0.83824623,-0.36759204,-0.40276486,0
-0.51667178,-1.5254029,0.40061069,-0.45914477,0.077353477,0.88498741,0
-2.1999149,-1.8511739,-0.49874234,-0.45914477,0.077353477,0.88498741,0
4.4684563,-0.75955009,2.7723713,0.83824623,0.36759204,0.40276486,0
0.98397553,-2.678957,0.81033391,0.29415894,-0.92676467,0.23361912,0
2.2537956,-2.1632314,1.2745287,0.29415894,-0.92676467,0.23361912,0
-4.1228328,0.22595274,-1.6561937,-0.45914477,0.077353477,0.88498741,0
3.250443,3.0049515,1.5179949,0.83824623,0.36759204,0.40276486,0
-3.4958005,1.6269206,-2.3175101,-0.29415894,0.92676467,-0.23361912,0
2.82337,4.1724334,1.628366,0.83824623,0.36759204,0.40276486,0
-0.63272905,-0.39688081,0.19000837,-0.45914477,0.077353477,0.88498741,0
-4.1286221,-0.31188941,-2.2889194,-0.83824623,-0.36759204,-0.40276486,0
2.5000205,-0.1114831,0.74465311,0.45914477,-0.077353477,-0.88498741,0
-0.17717424,0.1310688,-0.68218511,0.45914477,-0.077353477,-0.88498741,0
3.7601824,1.2674835,2.2336659,0.83824623,0.36759204,0.40276486,0
-3.8338702,1.6200429,-1.750761,-0.29415894,0.92676467,-0.23361912,0
-0.8669157,-3.6515384,-0.47124481,0.29415894,-0.92676467,0.23361912,0
3.5417614,1.7367933,2.2214408,0.83824623,0.36759204,0.40276486,0
-3.168731,-3.0164018,-1.8149998,-0.83824623,-0.36759204,-0.40276486,0
-2.2907763,-4.0461984,-0.40203834,0.29415894,-0.92676467,0.23361912,0
-1.5836706,1.5479769,-1.5097826,0.45914477,-0.077353477,-0.88498741,0
3.6485934,2.745297,1.145004,0.83824623,0.36759204,0.40276486,0
-2.1148431,-4.0231152,-0.27382398,0.29415894,-0.92676467,0.23361912,0
-3.9711447,-1.1707678,-1.8270676,-0.83824623,-0.36759204,-0.40276486,0
-3.4048207,-2.4066911,-1.6665468,-0.83824623,-0.36759204,-0.40276486,0
2.7363729,4.2782874,1.5897617,0.83824623,0.36759204,0.40276486,0
3.5381553,3.0257931,1.1654062,0.83824623,0.36759204,0.40276486,0
3.4782605,2.8522229,1.3895814,0.83824623,0.36759204,0.40276486,0
3.0574596,3.2500691,1.8372138,0.83824623,0.36759204,0.40276486,0
-2.2056484,-4.0330787,-0.4474895,0.29415894,-0.92676467,0.23361912,0
4.4370198,-0.97672832,2.7562156,0.83824623,0.36759204,0.40276486,0
-3.0170841,-4.1066432,-1.288445,-0.83824623,-0.36759204,-0.40276486,0
0.87724185,-2.7124407,0.81686127,0.29415894,-0.92676467,0.23361912,0
1.8011398,1.4110602,0.23016393,0.45914477,-0.077353477,-0.88498741,0
-2.3809032,0.31466377,-0.74852884,-0.45914477,0.077353477,0.88498741,0
-3.4468417,1.0889862,-1.3310506,-0.45914477,0.077353477,0.88498741,0
-0.24978766,-0.35304683,0.49356472,-0.45914477,0.077353477,0.88498741,0
-1.2460384,-3.8488543,-0.76135731,0.29415894,-0.92676467,0.23361912,0
-4.4762444,0.033562899,-1.8013453,-0.83824623,-0.36759204,-0.40276486,0
4.2224083,0.92998695,1.6357667,0.83824623,0.36759204,0.40276486,0
2.8341711,-1.554065,2.0829442,-0.45914477,0.077353477,0.88498741,0
-4.2233038,0.066702008,-2.5531712,-0.83824623,-0.36759204,-0.40276486,0
-1.2883072,-3.6926301,-0.046169519,0.29415894,-0.92676467,0.23361912,0
2.5241919,-2.1933746,0.96512222,0.29415894,-0.92676467,0.23361912,0
-0.87924886,2.7905178,-0.96171427,-0.29415894,0.92676467,-0.23361912,0
1.0700814,0.12197592,1.174735,-0.45914477,0.077353477,0.88498741,0
0.79908681,3.4842498,0.32008719,-0.29415894,0.92676467,-0.23361912,0
3.8824222,1.3302045,1.3997772,0.45914477,-0.077353477,-0.88498741,0
-3.5395737,-2.2675135,-1.7529187,-0.83824623,-0.36759204,-0.40276486,0
-0.88686442,-3.5808868,0.10832,0.29415894,-0.92676467,0.23361912,0
-3.9601917,-0.52193242,-2.6209664,-0.83824623,-0.36759204,-0.40276486,0
1.5626596,-2.3012872,0.36808503,0.45914477,-0.077353477,-0.88498741,0
-1.8212527,-3.7928634,-0.07262063,0.29415894,-0.92676467,0.23361912,0
3.5995564,2.3545651,1.0010028,0.45914477,-0.077353477,-0.88498741,0
3.4926353,2.5007055,1.7801998,0.83824623,0.36759204,0.40276486,0
-2.5655274,-3.4792387,-0.38459826,-0.45914477,0.077353477,0.88498741,0
4.9279432,-1.1532423,2.1142712,0.29415894,-0.92676467,0.23361912,0
3.6645365,-0.76281917,1.4771938,0.45914477,-0.077353477,-0.88498741,0
2.0118186,-2.2357101,1.6392863,0.29415894,-0.92676467,0.23361912,0
3.0523779,3.012394,0.70526195,0.45914477,-0.077353477,-0.88498741,0
-3.9187481,1.5004975,-2.2625182,-0.29415894,0.92676467,-0.23361912,0
-2.8455269,1.9767034,-1.6797259,-0.29415894,0.92676467,-0.23361912,0
1.6784042,-2.435225,1.4277389,0.29415894,-0.92676467,0.23361912,0
-3.750114,-0.59216082,-2.3539569,0.45914477,-0.077353477,-0.88498741,0
-0.95191133,-2.8295381,-0.71512103,0.45914477,-0.077353477,-0.88498741,0
3.0139399,3.779202,1.20647,0.83824623,0.36759204,0.40276486,0
-0.37340048,0.1405817,-0.80036449,0.45914477,-0.077353477,-0.88498741,0
1.7660539,-2.4720712,0.91902542,0.29415894,-0.92676467,0.23361912,0
0.14257598,-1.9290065,0.75143641,-0.45914477,0.077353477,0.88498741,0
-0.20388746,-3.2468116,0.41359484,0.29415894,-0.92676467,0.23361912,0
-0.61389494,3.0037787,-0.34214759,-0.29415894,0.92676467,-0.23361912,0
-3.0667157,1.8785434,-1.3369517,-0.29415894,0.92676467,-0.23361912,0
-0.83120871,2.7959094,-0.47883463,-0.29415894,0.92676467,-0.23361912,0
-3.5800421,-1.4121895,-2.3339179,-0.83824623,-0.36759204,-0.40276486,0
3.3852041,2.2154548,1.0875647,0.45914477,-0.077353477,-0.88498741,0
-3.0089462,-3.318332,-1.7419791,0.45914477,-0.077353477,-0.88498741,0
3.4277513,2.4573753,1.8930233,0.83824623,0.36759204,0.40276486,0
-4.4978323,-0.24083686,-1.7628746,-0.83824623,-0.36759204,-0.40276486,0
-2.9570463,-4.1108246,-1.2618661,-0.83824623,-0.36759204,-0.40276486,0
3.5452392,3.1858623,1.127845,0.83824623,0.36759204,0.40276486,0
3.4231322,3.3675761,1.1611497,0.83824623,0.36759204,0.40276486,0
-1.6942101,-0.90609235,-1.4250293,0.45914477,-0.077353477,-0.88498741,0
1.5239266,-1.8533621,0.38204399,0.45914477,-0.077353477,-0.88498741,0
1.0169224,-2.5880184,0.89091301,0.29415894,-0.92676467,0.23361912,0
-3.0793011,-0.82450932,-2.1477745,0.45914477,-0.077353477,-0.88498741,0
-3.2090731,-3.1032305,-1.7849998,-0.83824623,-0.36759204,-0.40276486,0
2.4707744,-1.5863026,2.0070558,-0.45914477,0.077353477,0.88498741,0
3.9099712,1.4352498,1.9388163,0.83824623,0.36759204,0.40276486,0
3.0887587,3.1654437,1.7060425,0.83824623,0.36759204,0.40276486,0
4.283349,0.0059093237,2.1773305,0.83824623,0.36759204,0.40276486,0
-2.3715973,-2.0566299,-1.690052,0.45914477,-0.077353477,-0.88498741,0
3.0404978,-1.0966098,2.3012247,-0.45914477,0.077353477,0.88498741,0
3.3529863,-1.7981505,1.5561485,0.29415894,-0.92676467,0.23361912,0
3.6246908,-1.381433,1.4842787,0.45914477,-0.077353477,-0.88498741,0
3.3384452,1.3996617,0.98495555,0.45914477,-0.077353477,-0.88498741,0
1.2647092,3.5996482,0.25281453,-0.29415894,0.92676467,-0.23361912,0
3.2789912,3.4427223,1.3193331,0.83824623,0.36759204,0.40276486,0
3.0076783,4.3643827,1.0400586,0.83824623,0.36759204,0.40276486,0
0.84286714,2.812254,-0.44587409,0.45914477,-0.077353477,-0.88498741,0
-1.3355563,2.5712624,-1.1366451,-0.29415894,0.92676467,-0.23361912,0
1.8937113,3.1612623,0.23191667,0.45914477,-0.077353477,-0.88498741,0
-0.73183274,-3.4125223,-0.68914175,0.45914477,-0.077353477,-0.88498741,0
-2.9058008,-2.1738524,-0.73802829,-0.45914477,0.077353477,0.88498741,0
1.3913713,3.8049874,0.10533953,-0.29415894,0.92676467,-0.23361912,0
-0.23242378,-3.2567372,0.15073776,0.29415894,-0.92676467,0.23361912,0
2.5303404,-1.9555504,1.8557992,0.29415894,-0.92676467,0.23361912,0
3.0381699,-1.8245236,2.0511966,0.29415894,-0.92676467,0.23361912,0
3.7142353,1.3339182,2.2672429,0.83824623,0.36759204,0.40276486,0
-1.4342591,2.5007751,-1.116693,-0.29415894,0.92676467,-0.23361912,0
3.5265446,0.87064505,2.4180698,-0.45914477,0.077353477,0.88498741,0
3.1590171,0.30663598,2.2592304,-0.45914477,0.077353477,0.88498741,0
-3.5106127,-2.7045557,-1.6163201,-0.83824623,-0.36759204,-0.40276486,0
-3.8134966,-1.1220341,-2.0265017,-0.83824623,-0.36759204,-0.40276486,0
-1.0603234,1.9511267,-0.18993551,-0.45914477,0.077353477,0.88498741,0
2.6737313,-0.58842379,0.93862873,0.45914477,-0.077353477,-0.88498741,0
-0.16330737,1.3015845,-0.66648769,0.45914477,-0.077353477,-0.88498741,0
-1.1979792,-1.5033686,0.16040242,-0.45914477,0.077353477,0.88498741,0
2.8498111,4.2304592,1.4780021,0.83824623,0.36759204,0.40276486,0
2.854259,-0.11975348,1.9845139,-0.45914477,0.077353477,0.88498741,0
-1.7224823,-0.32704508,-1.5277982,0.45914477,-0.077353477,-0.88498741,0
3.3756967,3.3962698,1.2051756,0.83824623,0.36759204,0.40276486,0
-3.0935006,-3.590811,-1.3902671,-0.83824623,-0.36759204,-0.40276486,0
1.9029579,-1.8266404,1.6753961,-0.45914477,0.077353477,0.88498741,0
-0.061546803,1.3444874,-0.67376608,0.45914477,-0.077353477,-0.88498741,0
1.5775588,0.70538175,1.3283719,-0.45914477,0.077353477,0.88498741,0
-4.0784616,-0.35316324,-2.4967594,-0.83824623,-0.36759204,-0.40276486,0
-2.9094768,-1.0209478,-2.029212,0.45914477,-0.077353477,-0.88498741,0
3.2773292,-0.13478082,2.366107,-0.45914477,0.077353477,0.88498741,0
-4.3609543,0.2817415,-2.5343428,-0.83824623,-0.36759204,-0.40276486,0
-3.9786081,-1.1514522,-2.0288236,-0.83824623,-0.36759204,-0.40276486,0
-0.17304969,-3.1452143,0.48213863,0.29415894,-0.92676467,0.23361912,0
-0.71758765,-1.5718584,-0.87969136,0.45914477,-0.077353477,-0.88498741,0
-3.2800951,-2.62362,-1.7457883,-0.83824623,-0.36759204,-0.40276486,0
3.3730597,1.9533927,2.1520534,0.83824623,0.36759204,0.40276486,0
-4.0765824,-0.84912813,-1.9219949,-0.83824623,-0.36759204,-0.40276486,0
4.2051425,0.41977012,2.0949321,0.83824623,0.36759204,0.40276486,0
4.0024757,0.38965011,2.3058074,0.83824623,0.36759204,0.40276486,0
3.2577624,4.0241504,0.95660448,0.83824623,0.36759204,0.40276486,0
-0.41136074,-1.7061493,0.45288509,-0.45914477,0.077353477,0.88498741,0
2.828856,4.2673421,0.76166391,-0.29415894,0.92676467,-0.23361912,0
-3.8474088,-1.0963024,-2.3959754,-0.83824623,-0.36759204,-0.40276486,0
2.5124586,-0.41856396,0.85039848,0.45914477,-0.077353477,-0.88498741,0
-1.5660313,-1.6113061,-0.2094301,-0.45914477,0.077353477,0.88498741,0
3.2209299,3.5551658,1.171396,0.83824623,0.36759204,0.40276486,0
-1.6645755,-2.5141637,-1.2152629,0.45914477,-0.077353477,-0.88498741,0
-2.3726313,-3.0791528,-1.5647643,0.45914477,-0.077353477,-0.88498741,0
-1.6155159,1.512852,-0.5050137,-0.45914477,0.077353477,0.88498741,0
-1.2104342,-3.7113352,-0.71932483,0.29415894,-0.92676467,0.23361912,0
-1.8462278,0.73862857,-0.43045661,-0.45914477,0.077353477,0.88498741,0
-0.85483432,2.2166362,-0.14795709,-0.45914477,0.077353477,0.88498741,0
1.6982687,3.9410648,0.25293899,-0.29415894,0.92676467,-0.23361912,0
2.0184407,-2.1484091,1.4299693,0.29415894,-0.92676467,0.23361912,0
4.3447943,-0.37735212,2.2414289,0.83824623,0.36759204,0.40276486,0
4.4413958,-0.59013993,2.5591292,0.83824623,0.36759204,0.40276486,0
-3.3048608,-2.5216215,-1.9250646,-0.83824623,-0.36759204,-0.40276486,0
0.013967037,-2.3536606,-0.43742967,0.45914477,-0.077353477,-0.88498741,0
-1.147326,-0.94704622,0.011995316,-0.45914477,0.077353477,0.88498741,0
-1.2055824,-3.6786404,-0.039024115,0.29415894,-0.92676467,0.23361912,0
-3.4365492,0.26028985,-2.3868136,0.45914477,-0.077353477,-0.88498741,0
-0.50759649,-3.4437673,-0.14046121,0.29415894,-0.92676467,0.23361912,0
-2.6292534,-4.1959224,-0.44161606,0.29415894,-0.92676467,0.23361912,0
0.96354485,-2.8083239,0.79168725,0.29415894,-0.92676467,0.23361912,0
3.722533,1.8864425,1.8089876,0.83824623,0.36759204,0.40276486,0
2.4989586,4.1149654,0.54307842,-0.29415894,0.92676467,-0.23361912,0
4.0725498,0.23647475,2.489058,0.83824623,0.36759204,0.40276486,0
-0.81857491,2.7366934,-0.5431993,-0.29415894,0.92676467,-0.23361912,0
-0.40888476,2.996691,-0.49887204,-0.29415894,0.92676467,-0.23361912,0
-1.7781997,-1.7719524,-1.2522676,0.45914477,-0.077353477,-0.88498741,0
-0.15528226,-3.3841579,-0.14133048,0.29415894,-0.92676467,0.23361912,0
-1.9515264,-3.8743043,-1.2777479,0.45914477,-0.077353477,-0.88498741,0
3.4190607,0.73206913,1.1272095,0.45914477,-0.077353477,-0.88498741,0
-0.34834829,0.10530701,0.28001028,-0.45914477,0.077353477,0.88498741,0
0.50677955,-0.1310308,-0.33523369,0.45914477,-0.077353477,-0.88498741,0
-0.40014416,-0.47360939,0.43301004,-0.45914477,0.077353477,0.88498741,0
4.50211,-1.156882,2.3751194,0.29415894,-0.92676467,0.23361912,0
-1.1563947,-3.5787227,0.14425921,0.29415894,-0.92676467,0.23361912,0
-0.71567345,-3.4686608,0.37671947,0.29415894,-0.92676467,0.23361912,0
1.1610737,3.1812963,0.96479344,-0.45914477,0.077353477,0.88498741,0
3.7488899,1.0080345,2.3949134,0.83824623,0.36759204,0.40276486,0
-4.4918823,1.159883,-2.5889316,-0.29415894,0.92676467,-0.23361912,0
-1.8534925,-0.84953594,-1.3489397,0.45914477,-0.077353477,-0.88498741,0
-3.5429957,-1.8649477,-2.2232413,-0.83824623,-0.36759204,-0.40276486,0
-4.1316261,-0.66142201,-1.9606371,-0.83824623,-0.36759204,-0.40276486,0
-2.1630664,-2.2718847,-1.4213848,0.45914477,-0.077353477,-0.88498741,0
4.0462728,0.49261737,2.5327768,0.83824623,0.36759204,0.40276486,0
0.53007126,-2.9773507,0.63983989,0.29415894,-0.92676467,0.23361912,0
4.3691249,-0.8729701,2.8829889,0.83824623,0.36759204,0.40276486,0
2.3168015,2.5487101,0.35003352,0.45914477,-0.077353477,-0.88498741,0
4.2259011,-0.10790098,2.4370131,0.83824623,0.36759204,0.40276486,0
-4.2539234,-0.63137805,-1.8129308,-0.83824623,-0.36759204,-0.40276486,0
-3.9379809,-0.93551946,-2.1413004,-0.83824623,-0.36759204,-0.40276486,0
-1.2491872,2.507947,-1.2802907,-0.29415894,0.92676467,-0.23361912,0
-1.7441082,-3.9945893,-0.47135639,0.29415894,-0.92676467,0.23361912,0
3.7133327,2.1651387,1.5177329,0.83824623,0.36759204,0.40276486,0
3.3772092,-0.020251274,2.3482108,-0.45914477,0.077353477,0.88498741,0
-2.1493649,-3.8141174,-1.4498105,0.45914477,-0.077353477,-0.88498741,0
3.5347199,1.8972795,2.1656005,0.83824623,0.36759204,0.40276486,0
-4.3317909,1.4217354,-2.0058544,-0.29415894,0.92676467,-0.23361912,0
-3.4671001,-0.69790518,-1.0625453,-0.45914477,0.077353477,0.88498741,0
-4.7165112,0.84352779,-2.1020477,-0.83824623,-0.36759204,-0.40276486,0
0.11837494,-1.6372368,0.86602527,-0.45914477,0.077353477,0.88498741,0
