2.0987988,-0.19043827,-2.5750189,0.27128196,-0.33210588,-0.90338886,0
-0.48554254,1.7706548,2.0355442,-0.70369303,0.57192433,-0.42156678,0
1.7785505,-0.077514172,-1.987968,0.70369303,-0.57192433,0.42156678,0
-0.026007652,2.4287214,2.4097126,-0.27128196,0.33210588,0.90338886,0
0.19637322,1.8808854,1.1825187,-0.70369303,0.57192433,-0.42156678,0
1.7734048,2.7376375,1.7313908,0.65667474,0.75007206,-0.078547955,0
-1.3012135,-2.9489589,-0.86313665,-0.65667474,-0.75007206,0.078547955,0
0.26991343,-1.4025621,-2.7184625,0.27128196,-0.33210588,-0.90338886,0
0.072314262,2.5920784,2.4752178,-0.27128196,0.33210588,0.90338886,0
0.20371819,-1.3443484,-2.7444749,0.27128196,-0.33210588,-0.90338886,0
2.464592,1.745006,-1.8613482,0.65667474,0.75007206,-0.078547955,0
0.25501549,0.53838533,-1.0546461,-0.70369303,0.57192433,-0.42156678,0
-1.6413147,-2.8489361,-2.087743,-0.65667474,-0.75007206,0.078547955,0
2.3410881,1.9114165,-1.5509641,0.65667474,0.75007206,-0.078547955,0
-1.8697293,-0.26522303,2.9288468,-0.27128196,0.33210588,0.90338886,0
-2.2284157,-1.9629019,1.2098696,-0.65667474,-0.75007206,0.078547955,0
2.8421504,1.1530051,-2.167423,0.70369303,-0.57192433,0.42156678,0
-1.785641,-2.6609356,-1.9550444,-0.65667474,-0.75007206,0.078547955,0
-0.4578886,-2.3584144,-1.2921829,0.70369303,-0.57192433,0.42156678,0
-0.21907568,0.27689373,1.8605416,0.70369303,-0.57192433,0.42156678,0
1.5016712,0.1595093,-1.1005714,0.70369303,-0.57192433,0.42156678,0
-0.43113184,-1.8863735,-2.7394207,0.27128196,-0.33210588,-0.90338886,0
-0.90607429,-1.001864,1.2786679,0.70369303,-0.57192433,0.42156678,0
-2.0427547,-2.3047199,-0.83515763,-0.65667474,-0.75007206,0.078547955,0
-1.2315769,-3.2442212,-1.8623116,-0.65667474,-0.75007206,0.078547955,0
1.6241782,0.27835274,-2.9913354,0.27128196,-0.33210588,-0.90338886,0
-0.29180181,-0.5430302,-1.5867109,-0.70369303,0.57192433,-0.42156678,0
2.0256319,2.0553935,-1.5932698,0.65667474,0.75007206,-0.078547955,0
-2.4745679,-1.7432027,0.96060944,-0.65667474,-0.75007206,0.078547955,0
0.029270291,-1.3477169,-0.76097983,0.70369303,-0.57192433,0.42156678,0
-0.53525668,-0.79819798,0.83273917,0.70369303,-0.57192433,0.42156678,0
-0.99359828,0.36827219,1.0336318,-0.70369303,0.57192433,-0.42156678,0
-1.1564475,-0.21670407,0.40737164,-0.70369303,0.57192433,-0.42156678,0
1.8909059,2.1864958,-1.5691276,0.65667474,0.75007206,-0.078547955,0
-0.043814182,-2.4689806,-2.387507,0.27128196,-0.33210588,-0.90338886,0
2.8917105,1.1236293,-2.3333549,0.65667474,0.75007206,-0.078547955,0
2.2558346,1.7296219,-1.5914879,0.65667474,0.75007206,-0.078547955,0
1.8365546,2.4724548,-0.029288769,0.65667474,0.75007206,-0.078547955,0
-1.751289,-2.5103145,-0.60868335,-0.65667474,-0.75007206,0.078547955,0
-1.0566969,0.98214024,1.886627,-0.70369303,0.57192433,-0.42156678,0
0.59950805,2.0952611,2.689436,-0.27128196,0.33210588,0.90338886,0
0.30390596,1.6336546,2.8779991,-0.27128196,0.33210588,0.90338886,0
1.9114792,0.62253642,-3.0029068,0.27128196,-0.33210588,-0.90338886,0
-1.9999715,-1.973449,1.4601502,-0.65667474,-0.75007206,0.078547955,0
-1.7220271,-1.8862475,-0.7430352,-0.70369303,0.57192433,-0.42156678,0
0.34523773,-1.4369098,-2.7193575,0.27128196,-0.33210588,-0.90338886,0
-0.95262718,-3.3613245,-2.2031703,-0.65667474,-0.75007206,0.078547955,0
-1.982807,-2.1316392,0.84949827,-0.65667474,-0.75007206,0.078547955,0
2.0454347,1.8320558,0.21506143,0.70369303,-0.57192433,0.42156678,0
-1.4598491,-0.46624744,3.0476487,-0.27128196,0.33210588,0.90338886,0
-1.4715743,-2.8048494,-1.3549296,-0.65667474,-0.75007206,0.078547955,0
0.24877548,1.4511473,2.6661272,0.70369303,-0.57192433,0.42156678,0
-2.8937943,-1.2620136,2.5498259,-0.65667474,-0.75007206,0.078547955,0
1.5145044,0.065587163,-2.8431568,0.27128196,-0.33210588,-0.90338886,0
-1.8630836,-1.7064327,2.0918694,0.70369303,-0.57192433,0.42156678,0
-1.3363264,-3.037281,-1.3016046,-0.65667474,-0.75007206,0.078547955,0
-0.30917919,-1.5650706,-0.23410398,0.70369303,-0.57192433,0.42156678,0
0.72432268,0.42164266,-1.8336233,-0.70369303,0.57192433,-0.42156678,0
2.4117534,1.6322718,-1.9205527,0.65667474,0.75007206,-0.078547955,0
-0.49283361,0.65307963,2.7585714,0.70369303,-0.57192433,0.42156678,0
1.4114856,2.7053342,0.030279636,0.65667474,0.75007206,-0.078547955,0
-1.5681486,-2.5343418,0.15599012,-0.65667474,-0.75007206,0.078547955,0
-0.49468446,1.2494477,2.6178331,-0.27128196,0.33210588,0.90338886,0
0.41581011,3.0463276,2.2777021,-0.27128196,0.33210588,0.90338886,0
1.6013787,2.4976268,-0.27404475,0.65667474,0.75007206,-0.078547955,0
-2.3806353,-1.6224086,2.0486779,-0.65667474,-0.75007206,0.078547955,0
-1.7122179,-2.4862566,-0.98015857,-0.65667474,-0.75007206,0.078547955,0
2.0542402,2.0117559,-0.80432057,0.65667474,0.75007206,-0.078547955,0
-0.60229814,-2.188158,-0.80522501,0.70369303,-0.57192433,0.42156678,0
1.0448637,1.9675071,-0.040359378,-0.70369303,0.57192433,-0.42156678,0
2.483727,1.6089915,-1.1703598,0.65667474,0.75007206,-0.078547955,0
0.50075102,2.4880528,2.607842,-0.27128196,0.33210588,0.90338886,0
1.6646194,2.6577072,1.5255989,0.65667474,0.75007206,-0.078547955,0
-0.70688438,-3.179781,-2.4606121,0.27128196,-0.33210588,-0.90338886,0
-1.8629025,-2.1161838,1.3522933,-0.65667474,-0.75007206,0.078547955,0
1.291821,2.9816158,2.0563087,0.65667474,0.75007206,-0.078547955,0
1.108773,-0.17692882,-2.9605715,0.27128196,-0.33210588,-0.90338886,0
2.0617621,2.1689053,-1.0418363,0.65667474,0.75007206,-0.078547955,0
1.2606761,0.073408365,-2.8679442,0.27128196,-0.33210588,-0.90338886,0
-1.4493169,-1.5325437,1.5087793,0.70369303,-0.57192433,0.42156678,0
0.46759486,1.8941168,0.83351392,-0.70369303,0.57192433,-0.42156678,0
-1.1569371,-1.8774769,-1.8093255,-0.70369303,0.57192433,-0.42156678,0
-1.0256417,-1.3479075,1.3028773,0.70369303,-0.57192433,0.42156678,0
-1.2320333,-3.1745582,-2.4219928,-0.65667474,-0.75007206,0.078547955,0
2.1861191,1.9686317,-0.49676585,0.65667474,0.75007206,-0.078547955,0
-0.61083078,1.3318365,2.7272413,-0.27128196,0.33210588,0.90338886,0
-1.8034294,-2.3895445,-0.58423901,-0.65667474,-0.75007206,0.078547955,0
1.488966,2.6551807,0.42625523,0.65667474,0.75007206,-0.078547955,0
-2.0321803,-2.3808763,-0.70673323,-0.65667474,-0.75007206,0.078547955,0
-1.1239107,-3.1264582,-1.7918378,-0.65667474,-0.75007206,0.078547955,0
0.031147718,-2.2365921,-2.4248843,0.27128196,-0.33210588,-0.90338886,0
0.15339804,-1.2388382,-2.735045,0.27128196,-0.33210588,-0.90338886,0
1.5611408,2.759064,0.41279221,0.65667474,0.75007206,-0.078547955,0
-1.2323086,1.1820745,2.2995667,-0.70369303,0.57192433,-0.42156678,0
1.6338974,0.41279191,-1.1615211,0.70369303,-0.57192433,0.42156678,0
-1.7567098,-2.6849914,-1.2997769,-0.65667474,-0.75007206,0.078547955,0
-1.6070302,-2.6211171,-1.0842602,-0.65667474,-0.75007206,0.078547955,0
-1.5813746,-2.7443528,-1.6034909,-0.65667474,-0.75007206,0.078547955,0
-0.14737153,1.898015,2.4940505,-0.27128196,0.33210588,0.90338886,0
-1.9419668,-2.2034605,0.51318169,-0.65667474,-0.75007206,0.078547955,0
-1.3742487,0.81127143,2.2008705,-0.70369303,0.57192433,-0.42156678,0
-2.1142991,-0.62983131,2.9299624,-0.27128196,0.33210588,0.90338886,0
2.1044843,0.3878454,-2.8202028,0.27128196,-0.33210588,-0.90338886,0
-1.9732164,-2.2500103,-0.74138522,-0.65667474,-0.75007206,0.078547955,0
-1.4319676,-0.048115253,1.259495,-0.70369303,0.57192433,-0.42156678,0
1.8370137,2.4028137,-0.45159197,0.65667474,0.75007206,-0.078547955,0
1.9442765,2.2530942,-0.70247936,0.65667474,0.75007206,-0.078547955,0
-1.0455632,-1.0493927,1.6103266,0.70369303,-0.57192433,0.42156678,0
2.2149456,1.8759264,-2.0654871,0.65667474,0.75007206,-0.078547955,0
1.2970748,2.1295922,1.8082278,0.70369303,-0.57192433,0.42156678,0
-0.86722612,-2.1919405,-2.6704865,0.27128196,-0.33210588,-0.90338886,0
-0.22536564,-2.6816897,-2.3204839,0.27128196,-0.33210588,-0.90338886,0
-0.75696921,0.25875288,0.60863054,-0.70369303,0.57192433,-0.42156678,0
-2.1096687,-1.9156246,2.1024778,-0.65667474,-0.75007206,0.078547955,0
0.24176073,1.7827479,2.841881,-0.27128196,0.33210588,0.90338886,0
1.2260144,2.9776185,0.88333309,0.65667474,0.75007206,-0.078547955,0
-0.62818742,-1.9011614,-2.8389223,0.27128196,-0.33210588,-0.90338886,0
-0.20082664,-2.7554092,-2.3163977,0.27128196,-0.33210588,-0.90338886,0
-0.22654343,-1.9779814,-2.6428428,0.27128196,-0.33210588,-0.90338886,0
1.8186047,-0.39365005,-2.6756654,0.27128196,-0.33210588,-0.90338886,0
0.27761531,-1.0699586,-0.72948527,0.70369303,-0.57192433,0.42156678,0
2.8786254,1.303352,-2.5463939,0.65667474,0.75007206,-0.078547955,0
1.085114,0.95814526,0.74753648,0.70369303,-0.57192433,0.42156678,0
-2.3363385,-1.6291754,2.5878427,-0.65667474,-0.75007206,0.078547955,0
2.0304043,2.2672241,-0.038868666,0.65667474,0.75007206,-0.078547955,0
-1.0020995,0.12864166,2.9116778,-0.27128196,0.33210588,0.90338886,0
0.54180861,2.1909726,2.7577288,-0.27128196,0.33210588,0.90338886,0
1.8259822,0.18050647,-2.8844304,0.27128196,-0.33210588,-0.90338886,0
0.61170053,-0.90943897,-2.7295227,0.27128196,-0.33210588,-0.90338886,0
-0.45795703,0.38974044,0.1784517,-0.70369303,0.57192433,-0.42156678,0
-2.6628296,-1.4248209,2.8577735,-0.65667474,-0.75007206,0.078547955,0
-2.6817541,-1.5360985,1.4845843,-0.65667474,-0.75007206,0.078547955,0
1.8789649,2.4260085,0.56881142,0.65667474,0.75007206,-0.078547955,0
0.48379338,1.7727753,0.4279086,-0.70369303,0.57192433,-0.42156678,0
-2.2928593,-1.8683941,0.55296898,-0.65667474,-0.75007206,0.078547955,0
0.94762349,1.5645303,1.8602844,0.70369303,-0.57192433,0.42156678,0
1.1339707,1.6634324,1.5380592,0.70369303,-0.57192433,0.42156678,0
0.8672595,-0.39181632,-2.9410574,0.27128196,-0.33210588,-0.90338886,0
-2.6133435,-1.5793729,1.1248019,-0.65667474,-0.75007206,0.078547955,0
3.0130239,0.86781096,-2.7758355,0.27128196,-0.33210588,-0.90338886,0
-2.5682368,-0.49747813,2.798008,-0.27128196,0.33210588,0.90338886,0
-0.63783979,-2.7522218,-2.5224006,0.27128196,-0.33210588,-0.90338886,0
2.8620329,1.1168944,-2.7667551,0.65667474,0.75007206,-0.078547955,0
0.77178001,-1.3875628,-2.4820075,0.27128196,-0.33210588,-0.90338886,0
1.9983182,2.4311025,1.2709343,0.65667474,0.75007206,-0.078547955,0
0.9248507,2.1804671,0.26702678,-0.70369303,0.57192433,-0.42156678,0
2.0693944,2.3710411,0.66588736,0.65667474,0.75007206,-0.078547955,0
2.3869681,1.0593773,-1.5251191,0.70369303,-0.57192433,0.42156678,0
-2.6018808,-1.4201945,1.751812,-0.65667474,-0.75007206,0.078547955,0
-0.95576286,-1.8397849,-2.1092432,-0.70369303,0.57192433,-0.42156678,0
-1.2905996,-3.1923285,-2.0872331,-0.65667474,-0.75007206,0.078547955,0
1.1788254,3.194726,2.3589668,0.65667474,0.75007206,-0.078547955,0
-1.758902,-0.65982062,2.9521053,-0.27128196,0.33210588,0.90338886,0
-0.42727375,1.083382,2.7596796,-0.27128196,0.33210588,0.90338886,0
0.89650595,0.28078589,-2.3491745,-0.70369303,0.57192433,-0.42156678,0
-1.8034235,-1.8511027,-0.59073424,-0.70369303,0.57192433,-0.42156678,0
2.8333833,1.2056813,-2.4860759,0.65667474,0.75007206,-0.078547955,0
-0.93432021,-2.2219825,-2.4869261,-0.70369303,0.57192433,-0.42156678,0
-0.12047291,1.5470411,1.2888261,-0.70369303,0.57192433,-0.42156678,0
0.74961036,1.7898992,-0.11752737,-0.70369303,0.57192433,-0.42156678,0
0.509202,2.301677,1.1852973,-0.70369303,0.57192433,-0.42156678,0
1.609014,2.6682892,0.82150054,0.65667474,0.75007206,-0.078547955,0
0.72495604,-1.6427982,-2.6031468,0.27128196,-0.33210588,-0.90338886,0
1.938107,2.1985576,-0.54452062,0.65667474,0.75007206,-0.078547955,0
1.8779157,0.26963043,-2.8002756,0.27128196,-0.33210588,-0.90338886,0
0.23156404,-2.0287306,-2.4593563,0.27128196,-0.33210588,-0.90338886,0
-0.65740991,-1.2029562,-1.7957245,-0.70369303,0.57192433,-0.42156678,0
-1.1574697,1.1956291,2.6032319,-0.27128196,0.33210588,0.90338886,0
1.4723661,-0.87449098,-2.4777427,0.70369303,-0.57192433,0.42156678,0
-1.5626519,-2.802304,-2.1382082,-0.65667474,-0.75007206,0.078547955,0
-1.8490789,-2.4545665,-0.30102754,-0.65667474,-0.75007206,0.078547955,0
2.0182264,2.0626128,-1.6169233,0.65667474,0.75007206,-0.078547955,0
1.801815,-0.43118846,-2.6869168,0.27128196,-0.33210588,-0.90338886,0
1.9380506,2.2789507,0.42692184,0.65667474,0.75007206,-0.078547955,0
-2.2973907,-2.0283158,0.20192981,-0.65667474,-0.75007206,0.078547955,0
1.2600863,1.8991456,-0.53254247,-0.70369303,0.57192433,-0.42156678,0
1.5718708,2.7540369,1.2423899,0.65667474,0.75007206,-0.078547955,0
-2.687686,-1.4810218,2.1868799,-0.65667474,-0.75007206,0.078547955,0
0.03502202,1.6693075,2.6907895,-0.27128196,0.33210588,0.90338886,0
-0.21332431,-0.11908607,1.3995367,0.70369303,-0.57192433,0.42156678,0
-1.0075555,0.70459616,2.8388476,-0.27128196,0.33210588,0.90338886,0
1.0283117,-0.8385374,-2.6798713,0.27128196,-0.33210588,-0.90338886,0
1.2471061,-0.97661573,-2.517065,0.27128196,-0.33210588,-0.90338886,0
2.0257311,2.0804598,-1.2235422,0.65667474,0.75007206,-0.078547955,0
-2.4644465,-1.6854398,2.1475036,-0.65667474,-0.75007206,0.078547955,0
0.17453933,2.1709735,2.5004086,-0.27128196,0.33210588,0.90338886,0
-1.4437869,-0.97773981,0.069891214,-0.70369303,0.57192433,-0.42156678,0
0.91563702,-1.3752582,-2.5754304,0.27128196,-0.33210588,-0.90338886,0
1.3106976,2.6426649,0.2075088,-0.70369303,0.57192433,-0.42156678,0
-0.59789932,-0.037919492,-0.46497715,-0.70369303,0.57192433,-0.42156678,0
-2.473465,-1.7666024,0.45570016,-0.65667474,-0.75007206,0.078547955,0
-2.428586,-1.7148367,0.47306275,-0.65667474,-0.75007206,0.078547955,0
-0.2719214,1.8626219,2.5503452,-0.27128196,0.33210588,0.90338886,0
2.4375224,1.4533305,-3.1899869,0.27128196,-0.33210588,-0.90338886,0
1.3075242,2.8049045,0.66605902,0.65667474,0.75007206,-0.078547955,0
0.74884748,-1.1347002,-2.5921507,0.27128196,-0.33210588,-0.90338886,0
-2.3175883,-0.6378845,2.8087852,-0.27128196,0.33210588,0.90338886,0
0.99878597,-1.1324602,-2.5611122,0.27128196,-0.33210588,-0.90338886,0
1.5000057,2.9639914,1.6116477,0.65667474,0.75007206,-0.078547955,0
-2.3420248,-0.094285607,2.6722088,-0.27128196,0.33210588,0.90338886,0
0.20990443,1.86374,2.6041291,-0.27128196,0.33210588,0.90338886,0
-0.78967202,-1.2339563,0.66479897,0.70369303,-0.57192433,0.42156678,0
2.0166068,0.60746193,-1.5492736,0.70369303,-0.57192433,0.42156678,0
1.0386438,3.27846,2.432323,0.65667474,0.75007206,-0.078547955,0
-1.777429,0.13246548,2.7324712,-0.27128196,0.33210588,0.90338886,0
-1.3964725,0.9440279,2.5989611,-0.27128196,0.33210588,0.90338886,0
-0.20414519,1.3753493,2.7616477,-0.27128196,0.33210588,0.90338886,0
0.9940927,-0.75373465,-2.7045083,0.27128196,-0.33210588,-0.90338886,0
1.401005,3.0000792,2.0576608,0.65667474,0.75007206,-0.078547955,0
2.2917876,0.35168266,-2.716742,0.27128196,-0.33210588,-0.90338886,0
1.8211573,-0.3486886,-2.656373,0.27128196,-0.33210588,-0.90338886,0
-2.1304357,-2.1847117,0.76323771,-0.65667474,-0.75007206,0.078547955,0
-0.20009506,0.90005249,0.45631289,-0.70369303,0.57192433,-0.42156678,0
0.9322896,1.5439639,1.9250252,0.70369303,-0.57192433,0.42156678,0
-0.65457821,-3.1836271,-2.300019,0.27128196,-0.33210588,-0.90338886,0
-2.2980592,-1.8729906,1.0291879,-0.65667474,-0.75007206,0.078547955,0
-1.3392562,-2.7682552,-0.25643373,-0.65667474,-0.75007206,0.078547955,0
-2.8566811,-1.127956,2.589128,-0.65667474,-0.75007206,0.078547955,0
-1.3407197,-2.7582612,-2.5124469,-0.70369303,0.57192433,-0.42156678,0
0.86925888,2.3371003,0.59071219,-0.70369303,0.57192433,-0.42156678,0
-2.0335317,-2.1955659,0.56116962,-0.65667474,-0.75007206,0.078547955,0
1.891453,2.5756772,1.7336942,0.70369303,-0.57192433,0.42156678,0
2.8748991,1.2105781,-2.8647037,0.27128196,-0.33210588,-0.90338886,0
-2.4703135,-1.5668793,2.536351,-0.65667474,-0.75007206,0.078547955,0
1.3444877,3.0880208,2.6126275,0.65667474,0.75007206,-0.078547955,0
2.6438189,1.6480137,-1.196084,0.65667474,0.75007206,-0.078547955,0
-0.77797079,-3.2781641,-2.2466021,0.27128196,-0.33210588,-0.90338886,0
1.5100911,-0.16940928,-2.9118416,0.27128196,-0.33210588,-0.90338886,0
2.3251865,0.47194946,-2.2216065,0.70369303,-0.57192433,0.42156678,0
0.17782164,2.3739934,2.4632959,-0.27128196,0.33210588,0.90338886,0
1.3084154,-0.44354421,-2.6641455,0.27128196,-0.33210588,-0.90338886,0
-2.4674146,-0.65177298,2.7320051,-0.27128196,0.33210588,0.90338886,0
-2.081255,-2.059469,1.1985528,-0.65667474,-0.75007206,0.078547955,0
0.68384194,-1.7036706,-2.4002202,0.27128196,-0.33210588,-0.90338886,0
1.1890762,2.0561731,2.1273561,0.70369303,-0.57192433,0.42156678,0
2.9254203,1.0983858,-2.3131185,0.65667474,0.75007206,-0.078547955,0
2.581238,1.5964022,-2.1433558,0.65667474,0.75007206,-0.078547955,0
-0.93689036,-2.0751562,-0.23756242,0.70369303,-0.57192433,0.42156678,0
0.017781258,-0.28444305,0.77025276,0.70369303,-0.57192433,0.42156678,0
2.0947847,2.2731733,0.66052437,0.65667474,0.75007206,-0.078547955,0
-0.48211145,1.319,2.7996304,-0.27128196,0.33210588,0.90338886,0
-1.5100133,0.70087481,2.5889962,-0.27128196,0.33210588,0.90338886,0
-1.8620406,-2.2136304,0.4996109,-0.65667474,-0.75007206,0.078547955,0
-1.6754589,0.040561914,1.7326742,-0.70369303,0.57192433,-0.42156678,0
-0.85099995,-2.2316751,-0.3990103,0.70369303,-0.57192433,0.42156678,0
-0.0060381889,1.6223834,2.7745888,-0.27128196,0.33210588,0.90338886,0
0.87557936,-0.98126215,-1.6337637,0.70369303,-0.57192433,0.42156678,0
-1.3839395,-2.9082344,-1.523338,-0.65667474,-0.75007206,0.078547955,0
2.028374,2.2728224,0.5921731,0.65667474,0.75007206,-0.078547955,0
-2.7318778,-0.39092207,2.7052915,-0.27128196,0.33210588,0.90338886,0
0.27664018,-1.7847557,-2.4757743,0.27128196,-0.33210588,-0.90338886,0
0.98596764,2.6439419,2.5498927,-0.27128196,0.33210588,0.90338886,0
-0.96481335,-1.5051963,0.7697835,0.70369303,-0.57192433,0.42156678,0
-1.5345917,-2.5408297,0.35411263,-0.65667474,-0.75007206,0.078547955,0
-1.0871823,-3.1375389,-1.8609107,-0.65667474,-0.75007206,0.078547955,0
0.97687739,0.49884737,0.23159993,0.70369303,-0.57192433,0.42156678,0
2.7471347,1.3587594,-2.4923165,0.65667474,0.75007206,-0.078547955,0
-1.6444163,-2.6422949,-2.0267363,-0.70369303,0.57192433,-0.42156678,0
-2.1836357,-1.0326221,3.002255,-0.27128196,0.33210588,0.90338886,0
0.37365246,2.4674289,2.5691094,-0.27128196,0.33210588,0.90338886,0
-1.2383764,0.68758959,2.6166394,-0.27128196,0.33210588,0.90338886,0
2.1151841,0.48011112,-2.7703307,0.27128196,-0.33210588,-0.90338886,0
1.4230814,2.7907341,1.4777569,0.65667474,0.75007206,-0.078547955,0
0.93880081,1.9766927,2.4266036,0.70369303,-0.57192433,0.42156678,0
0.92889833,3.3761714,2.464154,-0.27128196,0.33210588,0.90338886,0
-1.8388019,-0.5374577,2.9990184,-0.27128196,0.33210588,0.90338886,0
-0.079138041,2.0150857,1.5608916,-0.70369303,0.57192433,-0.42156678,0
-1.2101531,-2.3564239,-2.304286,-0.70369303,0.57192433,-0.42156678,0
1.0542562,-1.0960407,-2.5303819,0.27128196,-0.33210588,-0.90338886,0
-2.1444352,-2.1581221,0.70074177,-0.65667474,-0.75007206,0.078547955,0
2.0682049,2.2306027,0.50197554,0.65667474,0.75007206,-0.078547955,0
-1.0928693,-3.1980948,-2.4309173,-0.65667474,-0.75007206,0.078547955,0
0.54228806,2.19063,2.6145661,-0.27128196,0.33210588,0.90338886,0
1.8252723,2.3682907,-0.25569916,0.65667474,0.75007206,-0.078547955,0
2.2519104,0.73301625,-2.9296739,0.27128196,-0.33210588,-0.90338886,0
1.2814221,0.089654863,-2.970206,0.27128196,-0.33210588,-0.90338886,0
0.14456081,-1.1601044,-2.8703675,0.27128196,-0.33210588,-0.90338886,0
-0.16525769,-1.9349506,-2.6063547,0.27128196,-0.33210588,-0.90338886,0
-1.770401,-2.391263,0.4662385,-0.65667474,-0.75007206,0.078547955,0
-2.6649468,-1.4765947,1.4130681,-0.70369303,0.57192433,-0.42156678,0
1.8236935,2.3163297,-0.16936898,0.65667474,0.75007206,-0.078547955,0
-1.4855273,-3.0684013,-2.2693565,-0.65667474,-0.75007206,0.078547955,0
0.28550673,-0.90575993,-2.9955621,0.27128196,-0.33210588,-0.90338886,0
-1.4550228,-2.9980006,-2.2646899,-0.65667474,-0.75007206,0.078547955,0
-0.37956262,1.5676184,2.5777614,-0.27128196,0.33210588,0.90338886,0
1.9041874,1.9846189,0.79650593,0.70369303,-0.57192433,0.42156678,0
2.2105124,2.0488496,0.053779364,0.65667474,0.75007206,-0.078547955,0
-1.0270412,0.44477159,0.99398357,-0.70369303,0.57192433,-0.42156678,0
0.961483,0.3082152,0.1012553,0.70369303,-0.57192433,0.42156678,0
1.271752,2.5104985,-0.055098534,-0.70369303,0.57192433,-0.42156678,0
-2.7646861,-1.3429821,1.6717727,-0.65667474,-0.75007206,0.078547955,0
-2.2340493,-0.083510041,2.7345822,-0.27128196,0.33210588,0.90338886,0
-1.5520264,-1.7343212,-0.75628066,-0.70369303,0.57192433,-0.42156678,0
-1.0937243,-3.168792,-1.4092281,-0.65667474,-0.75007206,0.078547955,0
1.417407,2.691431,0.12513185,0.65667474,0.75007206,-0.078547955,0
0.80221415,-1.674067,-2.4944694,0.27128196,-0.33210588,-0.90338886,0
2.7976165,1.4447657,-1.8126256,0.65667474,0.75007206,-0.078547955,0
2.3912854,1.7065794,-1.5831304,0.65667474,0.75007206,-0.078547955,0
-0.63905895,-1.8760347,-0.4955579,0.70369303,-0.57192433,0.42156678,0
0.58401918,-0.51227522,-2.9197328,0.27128196,-0.33210588,-0.90338886,0
-1.4624933,-2.7817128,-0.34703207,-0.65667474,-0.75007206,0.078547955,0
-0.25852919,-2.3465858,-2.6013956,0.27128196,-0.33210588,-0.90338886,0
1.7750666,2.4581821,-0.88803768,0.65667474,0.75007206,-0.078547955,0
0.65766907,-0.5500266,-2.9218075,-0.70369303,0.57192433,-0.42156678,0
1.3460529,3.1193557,2.3493383,0.65667474,0.75007206,-0.078547955,0
2.5417221,1.5433552,-2.4166768,0.65667474,0.75007206,-0.078547955,0
-0.21941566,-2.4371421,-2.5785487,0.27128196,-0.33210588,-0.90338886,0
1.4985645,2.8282762,2.3289814,0.65667474,0.75007206,-0.078547955,0
-2.0540562,-2.1699448,-0.55428743,-0.65667474,-0.75007206,0.078547955,0
1.9792173,0.87341875,-3.1485953,0.27128196,-0.33210588,-0.90338886,0
-1.3541784,-1.6545775,-1.4067587,-0.70369303,0.57192433,-0.42156678,0
-0.17791748,1.4220078,2.6860495,-0.27128196,0.33210588,0.90338886,0
2.190995,1.8532341,-1.7051616,0.65667474,0.75007206,-0.078547955,0
1.3914924,2.2691436,2.0820506,0.70369303,-0.57192433,0.42156678,0
-0.43479204,-1.6512114,-2.751595,0.27128196,-0.33210588,-0.90338886,0
2.2153285,1.9091965,-1.2327206,0.65667474,0.75007206,-0.078547955,0
-1.6405938,-1.5244347,2.0818577,0.70369303,-0.57192433,0.42156678,0
1.2873523,3.0353518,1.7186085,0.65667474,0.75007206,-0.078547955,0
2.1404982,2.0405707,-0.45432758,0.65667474,0.75007206,-0.078547955,0
-2.6990385,-1.4065874,2.2963524,-0.65667474,-0.75007206,0.078547955,0
-2.2501686,-0.5109278,2.9099073,-0.27128196,0.33210588,0.90338886,0
-2.7066939,-1.1446358,2.8917773,-0.27128196,0.33210588,0.90338886,0
-1.5406259,-1.8699198,-1.3537394,-0.70369303,0.57192433,-0.42156678,0
1.178968,2.9708686,2.5216382,-0.27128196,0.33210588,0.90338886,0
1.5494566,2.7967489,2.2158208,0.65667474,0.75007206,-0.078547955,0
1.9589558,-0.0089688301,-2.6562252,0.27128196,-0.33210588,-0.90338886,0
-0.63692224,-1.7310343,-0.21721303,0.70369303,-0.57192433,0.42156678,0
0.77936888,-1.0692794,-2.5992668,0.27128196,-0.33210588,-0.90338886,0
-2.0005867,-2.2519693,-0.28575921,-0.65667474,-0.75007206,0.078547955,0
1.4725645,-0.084502816,-2.8051019,0.27128196,-0.33210588,-0.90338886,0
1.1427269,0.047780454,-2.9407797,0.27128196,-0.33210588,-0.90338886,0
-2.0074906,0.1359427,2.7320333,-0.27128196,0.33210588,0.90338886,0
-2.8640049,-1.2958946,1.9501131,-0.65667474,-0.75007206,0.078547955,0
-2.0319607,-2.3552761,-1.0438766,-0.65667474,-0.75007206,0.078547955,0
1.2155058,2.2115154,-0.094849825,-0.70369303,0.57192433,-0.42156678,0
-2.8424938,-0.94650757,2.9177804,-0.27128196,0.33210588,0.90338886,0
-1.8327332,-2.3335552,0.045915365,-0.65667474,-0.75007206,0.078547955,0
2.2867527,0.49477983,-2.8360384,0.27128196,-0.33210588,-0.90338886,0
0.9617517,1.7939286,1.9919778,0.70369303,-0.57192433,0.42156678,0
-0.40722108,-0.66304421,1.163888,0.70369303,-0.57192433,0.42156678,0
-1.105428,0.29587466,0.97812742,-0.70369303,0.57192433,-0.42156678,0
0.1030159,-1.0056376,-2.8574541,0.27128196,-0.33210588,-0.90338886,0
1.7045504,1.3250364,-0.054866076,0.70369303,-0.57192433,0.42156678,0
1.1713998,3.1607976,1.4538261,0.65667474,0.75007206,-0.078547955,0
2.7136593,1.3582661,-1.6472938,0.70369303,-0.57192433,0.42156678,0
-0.74711293,-1.8820021,0.09834516,0.70369303,-0.57192433,0.42156678,0
1.1925864,-0.92788601,-2.6924958,0.27128196,-0.33210588,-0.90338886,0
-0.877038,-2.9392605,-1.2911206,0.70369303,-0.57192433,0.42156678,0
-2.2046397,-2.0148523,0.33013272,-0.65667474,-0.75007206,0.078547955,0
0.21460044,-1.4403944,-1.0300164,0.70369303,-0.57192433,0.42156678,0
-1.5218911,-2.1296139,-1.6463068,-0.70369303,0.57192433,-0.42156678,0
0.79888511,0.98862994,-1.191829,-0.70369303,0.57192433,-0.42156678,0
-1.3116586,0.54348296,2.7461123,-0.27128196,0.33210588,0.90338886,0
-2.4789639,-1.6086024,1.788636,-0.65667474,-0.75007206,0.078547955,0
-0.21044827,-1.2791495,-2.5276208,-0.70369303,0.57192433,-0.42156678,0
1.6351652,2.6673808,1.9115624,0.65667474,0.75007206,-0.078547955,0
0.098452568,2.2241611,1.855437,-0.70369303,0.57192433,-0.42156678,0
-0.23832393,1.9895182,2.5720496,-0.27128196,0.33210588,0.90338886,0
-0.53233719,-2.0911689,-2.7646263,0.27128196,-0.33210588,-0.90338886,0
0.12889761,-0.82347035,-0.19970009,0.70369303,-0.57192433,0.42156678,0
-2.0766201,-0.72718835,2.9308715,-0.27128196,0.33210588,0.90338886,0
-0.55476522,-3.0292168,-2.3842146,0.27128196,-0.33210588,-0.90338886,0
0.072861195,-2.1987214,-2.4898658,0.27128196,-0.33210588,-0.90338886,0
-0.76155901,-2.5122502,-2.6783967,0.27128196,-0.33210588,-0.90338886,0
2.0568767,2.1363547,0.10953093,0.65667474,0.75007206,-0.078547955,0
1.3644381,2.7629828,2.6673307,-0.27128196,0.33210588,0.90338886,0
1.2863226,2.3599195,0.082544565,-0.70369303,0.57192433,-0.42156678,0
2.528007,1.7322891,-1.3981698,0.65667474,0.75007206,-0.078547955,0
2.1319823,1.899856,-1.6957643,0.65667474,0.75007206,-0.078547955,0
2.4799273,1.8189495,-1.1833334,0.65667474,0.75007206,-0.078547955,0
2.9012935,1.2456727,-2.1388197,0.65667474,0.75007206,-0.078547955,0
-1.9601052,-2.0331714,1.3890779,-0.65667474,-0.75007206,0.078547955,0
0.016242743,1.4769901,2.8511753,-0.27128196,0.33210588,0.90338886,0
0.0077865124,1.2568054,2.719964,0.70369303,-0.57192433,0.42156678,0
2.287178,1.8586793,-0.37525153,0.65667474,0.75007206,-0.078547955,0
-1.943279,-1.956794,1.8602602,0.70369303,-0.57192433,0.42156678,0
2.348964,0.95068419,-2.9849451,0.27128196,-0.33210588,-0.90338886,0
-2.7046547,-1.4008288,1.4032686,-0.70369303,0.57192433,-0.42156678,0
1.6660255,2.4432936,-0.32414865,0.65667474,0.75007206,-0.078547955,0
0.54606462,2.2592297,0.97857714,-0.70369303,0.57192433,-0.42156678,0
2.5232568,0.52193487,-2.806426,0.27128196,-0.33210588,-0.90338886,0
1.6295129,1.3757451,0.13107419,0.70369303,-0.57192433,0.42156678,0
0.86954117,2.8048859,2.5802896,-0.27128196,0.33210588,0.90338886,0
-1.4540834,-2.7703524,-0.59570694,-0.65667474,-0.75007206,0.078547955,0
0.91549826,1.9598233,2.3921971,0.70369303,-0.57192433,0.42156678,0
-1.5685838,-1.8483434,1.1114891,0.70369303,-0.57192433,0.42156678,0
-0.81971538,-0.15055633,0.089533746,-0.70369303,0.57192433,-0.42156678,0
-2.2059674,-1.5092555,2.794085,0.70369303,-0.57192433,0.42156678,0
2.4973092,1.6241794,-2.2906499,0.65667474,0.75007206,-0.078547955,0
0.1996212,2.0225298,1.3651804,-0.70369303,0.57192433,-0.42156678,0
0.0014891624,2.7243557,2.4085124,-0.27128196,0.33210588,0.90338886,0
2.2875755,1.6859617,-1.9446881,0.65667474,0.75007206,-0.078547955,0
-0.90837836,-1.7362436,0.3803041,0.70369303,-0.57192433,0.42156678,0
-2.7037604,-1.2424986,2.7248378,-0.65667474,-0.75007206,0.078547955,0
-2.5996063,-0.70631421,2.8155007,-0.27128196,0.33210588,0.90338886,0
2.7899678,1.1932137,-2.3150802,0.65667474,0.75007206,-0.078547955,0
0.1959064,2.7796712,2.2128129,-0.70369303,0.57192433,-0.42156678,0
0.46958184,0.87569439,1.4281119,0.70369303,-0.57192433,0.42156678,0
-1.7071099,-2.6142554,-1.1975583,-0.65667474,-0.75007206,0.078547955,0
1.7716546,0.16882718,-2.7989302,0.27128196,-0.33210588,-0.90338886,0
0.99583888,-0.93033242,-2.5787749,0.27128196,-0.33210588,-0.90338886,0
0.52136064,-0.28887621,-2.3132522,-0.70369303,0.57192433,-0.42156678,0
-0.25109124,-2.269588,-1.2475284,0.70369303,-0.57192433,0.42156678,0
2.1303816,2.0306854,-1.8987813,0.65667474,0.75007206,-0.078547955,0
-1.0299534,-0.95702636,1.6196792,0.70369303,-0.57192433,0.42156678,0
0.36812711,2.036902,2.6432772,-0.27128196,0.33210588,0.90338886,0
2.7756157,1.2353427,-1.6581073,0.70369303,-0.57192433,0.42156678,0
1.1465734,-0.78393257,-1.7428747,0.70369303,-0.57192433,0.42156678,0
1.9871629,2.1531394,-0.71291089,0.65667474,0.75007206,-0.078547955,0
-1.8273678,-2.509336,-0.20092297,-0.65667474,-0.75007206,0.078547955,0
2.0302811,0.60552883,-2.9041803,0.27128196,-0.33210588,-0.90338886,0
-1.6789305,0.38642871,2.6887658,-0.27128196,0.33210588,0.90338886,0
1.4671005,2.0395308,-0.88164186,-0.70369303,0.57192433,-0.42156678,0
-0.80138326,-2.4015925,-0.91671932,0.70369303,-0.57192433,0.42156678,0
0.18953025,-0.024735853,1.0047019,0.70369303,-0.57192433,0.42156678,0
2.3923707,0.77925062,-2.9103119,0.27128196,-0.33210588,-0.90338886,0
1.0195456,3.3371954,2.4035497,-0.27128196,0.33210588,0.90338886,0
0.21918035,-0.66917336,-2.3894105,-0.70369303,0.57192433,-0.42156678,0
2.7754505,1.3961658,-2.3619885,0.65667474,0.75007206,-0.078547955,0
-2.3207319,-1.8026924,0.33595371,-0.65667474,-0.75007206,0.078547955,0
-0.92913842,0.53917474,2.943357,-0.27128196,0.33210588,0.90338886,0
0.44650069,-0.23822594,-0.10909307,0.70369303,-0.57192433,0.42156678,0
-0.91453505,-1.9202352,-0.091272116,0.70369303,-0.57192433,0.42156678,0
-0.21140814,2.0161412,1.7753189,-0.70369303,0.57192433,-0.42156678,0
0.6537627,0.79927081,1.3326546,0.70369303,-0.57192433,0.42156678,0
-0.56888628,0.7822842,2.9455624,-0.27128196,0.33210588,0.90338886,0
0.76366496,-1.5562916,-2.0649581,0.70369303,-0.57192433,0.42156678,0
-1.4838467,-2.5388186,0.32947135,0.70369303,-0.57192433,0.42156678,0
-0.032979488,-2.5500309,-2.4626772,0.27128196,-0.33210588,-0.90338886,0
-2.1818113,-1.8873544,1.8126404,-0.65667474,-0.75007206,0.078547955,0
1.087712,-0.95504934,-2.7173982,0.27128196,-0.33210588,-0.90338886,0
-2.7206886,-1.4336071,2.3385019,-0.65667474,-0.75007206,0.078547955,0
1.0080488,1.7407877,1.8489164,0.70369303,-0.57192433,0.42156678,0
-0.68739343,-0.3644976,-0.5912925,-0.70369303,0.57192433,-0.42156678,0
-1.4812636,-0.43060535,0.4947288,-0.70369303,0.57192433,-0.42156678,0
0.77839315,2.0204866,0.13682759,-0.70369303,0.57192433,-0.42156678,0
1.8543813,-0.30288196,-2.5922761,0.27128196,-0.33210588,-0.90338886,0
2.4576952,1.7020111,-0.99947309,0.65667474,0.75007206,-0.078547955,0
2.7789934,0.51562166,-2.5560441,0.70369303,-0.57192433,0.42156678,0
0.74093282,1.0089364,1.2597404,0.70369303,-0.57192433,0.42156678,0
-0.92095423,-2.2420745,-2.8032098,0.27128196,-0.33210588,-0.90338886,0
0.58487892,-1.8010783,-2.5723574,0.27128196,-0.33210588,-0.90338886,0
-1.439448,-1.6712915,-0.83468509,-0.70369303,0.57192433,-0.42156678,0
-1.6267881,-2.7747207,-1.4720496,-0.65667474,-0.75007206,0.078547955,0
-2.0255795,-1.9712954,1.1799915,-0.65667474,-0.75007206,0.078547955,0
-2.0094845,-2.4476504,-1.2011712,-0.65667474,-0.75007206,0.078547955,0
1.7758551,2.3064284,-0.74828482,0.65667474,0.75007206,-0.078547955,0
0.69763041,3.1147182,1.9136125,-0.70369303,0.57192433,-0.42156678,0
1.4542968,-0.11143219,-2.923347,0.27128196,-0.33210588,-0.90338886,0
-1.0605006,-2.8872032,-2.6461875,0.27128196,-0.33210588,-0.90338886,0
-2.1405077,-2.1600835,0.84230995,-0.65667474,-0.75007206,0.078547955,0
0.83152509,-0.27402198,-2.8872092,0.27128196,-0.33210588,-0.90338886,0
-1.2585633,-1.3489716,1.3802459,0.70369303,-0.57192433,0.42156678,0
-1.168597,-1.8387811,-1.6596841,-0.70369303,0.57192433,-0.42156678,0
1.2504816,-1.0256618,-2.5988963,0.27128196,-0.33210588,-0.90338886,0
-1.8006127,-2.2578185,0.66421103,-0.65667474,-0.75007206,0.078547955,0
0.81035638,2.499557,0.79913676,-0.70369303,0.57192433,-0.42156678,0
1.6056983,-0.33877802,-2.6429722,0.27128196,-0.33210588,-0.90338886,0
1.7054924,0.39652836,-2.8651321,0.27128196,-0.33210588,-0.90338886,0
-0.70482445,-1.3425322,-1.8572364,-0.70369303,0.57192433,-0.42156678,0
-0.054242611,-1.2872829,-2.8191619,0.27128196,-0.33210588,-0.90338886,0
2.4114366,0.65824544,-2.7398434,0.27128196,-0.33210588,-0.90338886,0
1.7836863,2.2676368,-0.80650926,0.65667474,0.75007206,-0.078547955,0
-0.58394599,0.86634791,2.7588594,-0.27128196,0.33210588,0.90338886,0
1.5619032,2.8815312,1.205101,0.65667474,0.75007206,-0.078547955,0
-0.96659374,-3.4032028,-2.4216707,0.27128196,-0.33210588,-0.90338886,0
0.76127291,3.4507394,2.3264742,-0.27128196,0.33210588,0.90338886,0
-0.84654319,-1.9032853,0.06179893,0.70369303,-0.57192433,0.42156678,0
1.3558393,-0.50828493,-2.6857424,0.27128196,-0.33210588,-0.90338886,0
2.3448539,1.9249618,-1.1139116,0.65667474,0.75007206,-0.078547955,0
-0.74331617,1.0106641,2.7236724,-0.27128196,0.33210588,0.90338886,0
-1.5104337,-2.7437339,-1.238772,-0.65667474,-0.75007206,0.078547955,0
-1.8956217,-2.2962558,-0.56190848,-0.65667474,-0.75007206,0.078547955,0
-0.98385143,1.2911798,2.1546586,-0.70369303,0.57192433,-0.42156678,0
1.9879035,2.3716178,0.37677002,0.65667474,0.75007206,-0.078547955,0
1.8954495,2.3888419,-0.055790424,0.65667474,0.75007206,-0.078547955,0
-0.70972538,0.6346212,2.8616278,-0.27128196,0.33210588,0.90338886,0
-2.9855845,-1.1371902,2.6247706,-0.65667474,-0.75007206,0.078547955,0
-0.47356415,0.58046746,2.5890834,0.70369303,-0.57192433,0.42156678,0
0.036631584,-2.1604812,-2.5233929,0.27128196,-0.33210588,-0.90338886,0
1.7955185,-0.26519263,-2.719223,0.27128196,-0.33210588,-0.90338886,0
-0.71720666,0.46135795,0.8110286,-0.70369303,0.57192433,-0.42156678,0
1.2382989,3.1297321,1.4719918,0.65667474,0.75007206,-0.078547955,0
-2.2410994,-1.7354203,1.8741066,-0.65667474,-0.75007206,0.078547955,0
-0.11923075,0.58328724,2.2516387,0.70369303,-0.57192433,0.42156678,0
-0.29343033,-2.928966,-2.3155899,0.27128196,-0.33210588,-0.90338886,0
3.0191307,1.103174,-2.7595391,0.65667474,0.75007206,-0.078547955,0
1.7828065,0.49669528,-3.0448415,0.27128196,-0.33210588,-0.90338886,0
-1.633454,-2.4221013,0.24204946,-0.65667474,-0.75007206,0.078547955,0
-1.0458255,-2.6547074,-2.7190111,0.27128196,-0.33210588,-0.90338886,0
0.91654444,0.91828525,1.0297587,0.70369303,-0.57192433,0.42156678,0
-0.52892923,-1.2786653,-2.0703425,-0.70369303,0.57192433,-0.42156678,0
-0.92078972,-0.47832072,2.2983708,0.70369303,-0.57192433,0.42156678,0
-0.39102215,0.0029693842,-0.34768969,-0.70369303,0.57192433,-0.42156678,0
-1.2132187,0.99300361,2.6509769,-0.27128196,0.33210588,0.90338886,0
0.80546546,-1.627272,-2.5201812,0.27128196,-0.33210588,-0.90338886,0
-2.2930937,-1.2115366,3.11467,-0.27128196,0.33210588,0.90338886,0
1.2504354,-0.45253623,-2.837379,0.27128196,-0.33210588,-0.90338886,0
-1.7670581,-2.7280366,-1.3948293,-0.65667474,-0.75007206,0.078547955,0
-2.4491894,-0.72641468,1.8527298,-0.70369303,0.57192433,-0.42156678,0
-2.9532819,-1.0892665,2.8328209,-0.27128196,0.33210588,0.90338886,0
-0.88630104,-2.2800045,-2.8067191,0.27128196,-0.33210588,-0.90338886,0
-1.0671506,-3.2389159,-1.3835615,0.70369303,-0.57192433,0.42156678,0
-2.6001689,-1.694139,1.2009523,-0.65667474,-0.75007206,0.078547955,0
0.35372877,-2.3536637,-2.4006028,0.27128196,-0.33210588,-0.90338886,0
0.88529444,3.333364,1.8912235,-0.70369303,0.57192433,-0.42156678,0
-2.0389261,-1.9725342,1.6929107,0.70369303,-0.57192433,0.42156678,0
-2.532958,-1.5791197,1.2027705,-0.65667474,-0.75007206,0.078547955,0
1.7873328,2.3476324,-0.94054675,0.65667474,0.75007206,-0.078547955,0
-0.48968267,0.95560181,2.7979071,-0.27128196,0.33210588,0.90338886,0
1.5201983,2.6841135,1.0576721,0.65667474,0.75007206,-0.078547955,0
-1.5340483,0.92790794,2.5811558,-0.27128196,0.33210588,0.90338886,0
-1.1052458,-3.1160235,-1.787918,-0.65667474,-0.75007206,0.078547955,0
-0.12291062,-0.019506287,-0.85494024,-0.70369303,0.57192433,-0.42156678,0
-0.94463778,0.81088984,1.6198561,-0.70369303,0.57192433,-0.42156678,0
-2.9779682,-1.171585,2.6593823,-0.65667474,-0.75007206,0.078547955,0
-0.41478732,-0.98456717,0.62140477,0.70369303,-0.57192433,0.42156678,0
1.5030675,2.9126506,0.98910093,0.65667474,0.75007206,-0.078547955,0
0.17496765,0.4316088,-0.99817556,-0.70369303,0.57192433,-0.42156678,0
0.51076233,0.11849356,0.35482875,0.70369303,-0.57192433,0.42156678,0
-0.30851564,-0.74166006,0.58092403,0.70369303,-0.57192433,0.42156678,0
-2.7308145,-0.87825155,2.7340801,-0.27128196,0.33210588,0.90338886,0
2.1749141,2.011549,0.43673539,0.65667474,0.75007206,-0.078547955,0
-0.32025671,1.7303741,2.6146326,-0.27128196,0.33210588,0.90338886,0
-0.096656084,-1.0673654,-2.692265,-0.70369303,0.57192433,-0.42156678,0
-3.030371,-1.1537781,2.3490798,-0.65667474,-0.75007206,0.078547955,0
-1.1859918,-3.3069625,-2.2919011,-0.65667474,-0.75007206,0.078547955,0
0.66409683,-0.76682335,-2.8183033,0.27128196,-0.33210588,-0.90338886,0
-1.1062984,-3.2800634,-1.7506694,-0.65667474,-0.75007206,0.078547955,0
-1.4812969,-0.74679327,2.6211154,0.70369303,-0.57192433,0.42156678,0
-1.656461,0.52116835,2.5244594,-0.27128196,0.33210588,0.90338886,0
-1.1453633,-3.1753826,-1.8765219,-0.65667474,-0.75007206,0.078547955,0
1.0979416,2.3207276,2.4802723,0.70369303,-0.57192433,0.42156678,0
2.8844125,1.168938,-2.1049984,0.65667474,0.75007206,-0.078547955,0
2.4117608,1.6930321,-2.4095056,0.65667474,0.75007206,-0.078547955,0
1.6292448,2.6292617,1.5660905,0.65667474,0.75007206,-0.078547955,0
2.6836178,1.3020196,-2.9493732,0.27128196,-0.33210588,-0.90338886,0
0.38946342,1.0273421,1.9660825,0.70369303,-0.57192433,0.42156678,0
1.1137438,3.2712502,2.4310861,-0.27128196,0.33210588,0.90338886,0
-2.0857759,-2.162235,1.3044775,-0.65667474,-0.75007206,0.078547955,0
-0.64826417,-2.0773304,-2.7804654,0.27128196,-0.33210588,-0.90338886,0
2.4340611,1.6696674,-0.82149673,0.65667474,0.75007206,-0.078547955,0
-1.5800163,-0.36488926,2.8738089,-0.27128196,0.33210588,0.90338886,0
-1.5644848,-0.13709259,1.399665,-0.70369303,0.57192433,-0.42156678,0
2.2415762,1.3426802,-0.65751982,0.70369303,-0.57192433,0.42156678,0
0.93295783,0.86792856,0.59278649,0.70369303,-0.57192433,0.42156678,0
-1.6657615,-2.7282171,-1.259369,-0.65667474,-0.75007206,0.078547955,0
-2.1263275,-1.0207148,3.050199,-0.27128196,0.33210588,0.90338886,0
2.5353079,0.55565321,-2.0686529,0.70369303,-0.57192433,0.42156678,0
0.51206803,-1.9939854,-2.3522835,0.27128196,-0.33210588,-0.90338886,0
0.47330403,-1.4706799,-2.6087475,0.27128196,-0.33210588,-0.90338886,0
0.065848827,-2.4239163,-2.3993087,0.27128196,-0.33210588,-0.90338886,0
0.87657452,-0.84550959,-2.8222296,0.27128196,-0.33210588,-0.90338886,0
1.4593637,2.6700277,0.29110765,0.65667474,0.75007206,-0.078547955,0
-0.73054814,-2.3235235,-2.6553659,0.27128196,-0.33210588,-0.90338886,0
-1.3927464,0.98215204,2.4866242,-0.27128196,0.33210588,0.90338886,0
-2.7096007,-1.2643418,2.9874268,-0.27128196,0.33210588,0.90338886,0
0.24117041,1.9163871,2.6485085,-0.27128196,0.33210588,0.90338886,0
2.4355235,1.458081,-3.0247431,0.65667474,0.75007206,-0.078547955,0
1.7373682,2.5851326,0.4255085,0.65667474,0.75007206,-0.078547955,0
0.70713019,1.6145067,2.3492126,0.70369303,-0.57192433,0.42156678,0
1.0726905,-0.094912291,-3.0682929,0.27128196,-0.33210588,-0.90338886,0
-1.9340307,-2.2827444,-0.5215013,-0.65667474,-0.75007206,0.078547955,0
0.14514923,2.3249099,2.4406335,-0.27128196,0.33210588,0.90338886,0
-0.59958982,0.63943142,2.9405851,-0.27128196,0.33210588,0.90338886,0
2.6424632,1.2699788,-2.9903867,0.65667474,0.75007206,-0.078547955,0
-1.9151131,-0.87454963,3.037796,-0.27128196,0.33210588,0.90338886,0
1.0486059,3.3104177,2.231117,0.65667474,0.75007206,-0.078547955,0
1.5762478,0.74251562,-0.47196162,0.70369303,-0.57192433,0.42156678,0
-1.786357,-0.053279996,2.7672739,-0.27128196,0.33210588,0.90338886,0
2.0865712,0.032607198,-2.6336637,0.27128196,-0.33210588,-0.90338886,0
-0.62921262,1.0946226,2.7463102,-0.27128196,0.33210588,0.90338886,0
-1.1790361,0.50960106,2.8428493,-0.27128196,0.33210588,0.90338886,0
0.77959442,3.2247093,2.3753159,-0.27128196,0.33210588,0.90338886,0
1.8445719,0.35180128,-2.7923317,0.27128196,-0.33210588,-0.90338886,0
-1.0579805,-0.037686706,2.7625804,0.70369303,-0.57192433,0.42156678,0
2.1595068,2.1907394,-0.17783499,0.65667474,0.75007206,-0.078547955,0
0.49982977,-1.862838,-2.496551,0.27128196,-0.33210588,-0.90338886,0
-1.3163583,-2.9223142,-1.6843432,-0.65667474,-0.75007206,0.078547955,0
