1.0493717,0.3893249,-0.53978503,0.51618624,-0.16635811,-0.84016502,0
-1.056765,0.89330339,0.12419486,-0.35732996,0.84967196,-0.38777941,0
-0.74824411,0.51555443,-0.73119068,-0.35732996,0.84967196,-0.38777941,0
0.21284795,0.18399599,-0.98292673,0.51618624,-0.16635811,-0.84016502,0
-0.87426853,-0.39934331,-0.38053441,-0.77837503,-0.50038242,-0.37914428,0
-0.39231324,-0.84428465,1.1156214,0.35732996,-0.84967196,0.38777941,0
-0.57808971,0.96338958,0.55960423,-0.51618624,0.16635811,0.84016502,0
-0.4273957,-0.40079036,-1.2705506,0.51618624,-0.16635811,-0.84016502,0
1.2702521,-0.54126453,0.41135719,0.35732996,-0.84967196,0.38777941,0
-0.79038554,-1.0539548,0.18064469,-0.77837503,-0.50038242,-0.37914428,0
-0.19337237,0.83155257,-0.73292291,-0.35732996,0.84967196,-0.38777941,0
0.93196917,0.10427606,0.33429074,0.77837503,0.50038242,0.37914428,0
0.47236151,0.90446627,-0.912018,-0.35732996,0.84967196,-0.38777941,0
0.08242768,-1.374893,-0.43144545,0.35732996,-0.84967196,0.38777941,0
0.13401008,1.1910453,0.86526752,0.77837503,0.50038242,0.37914428,0
-0.57473832,0.95447826,0.11308372,-0.35732996,0.84967196,-0.38777941,0
-0.9651854,-0.6134783,-0.031366229,-0.77837503,-0.50038242,-0.37914428,0
0.93989402,-0.0062481984,-0.66025829,0.51618624,-0.16635811,-0.84016502,0
1.2138021,-0.015649021,0.3282249,0.77837503,0.50038242,0.37914428,0
0.079483941,0.92268103,-0.77409679,-0.35732996,0.84967196,-0.38777941,0
-0.061134458,-1.1711142,-0.81381607,-0.77837503,-0.50038242,-0.37914428,0
-0.68285418,-0.36937755,-0.81464273,-0.77837503,-0.50038242,-0.37914428,0
0.53866053,-0.46356237,0.81377977,0.35732996,-0.84967196,0.38777941,0
-0.91844803,-0.58673841,-0.013543308,-0.77837503,-0.50038242,-0.37914428,0
-0.29294178,-0.86663371,0.77070248,0.35732996,-0.84967196,0.38777941,0
-0.51207852,-1.1094161,0.87730485,0.35732996,-0.84967196,0.38777941,0
0.088140786,-0.34024256,1.3065224,-0.51618624,0.16635811,0.84016502,0
0.023665965,0.23118746,-1.2907596,0.51618624,-0.16635811,-0.84016502,0
-0.87049055,-0.75439245,0.73366416,-0.51618624,0.16635811,0.84016502,0
-1.1240271,0.30457217,-0.71862543,-0.77837503,-0.50038242,-0.37914428,0
1.3868986,-0.29055423,-0.19481313,0.51618624,-0.16635811,-0.84016502,0
0.035132408,-0.62743175,-1.0023094,0.51618624,-0.16635811,-0.84016502,0
0.069610715,-0.56904888,1.1773064,0.35732996,-0.84967196,0.38777941,0
-0.07829845,-1.3875947,-0.52065289,-0.77837503,-0.50038242,-0.37914428,0
-0.074386239,-1.0627747,-1.0437722,0.51618624,-0.16635811,-0.84016502,0
-0.054953575,-0.24274856,-1.1581166,0.51618624,-0.16635811,-0.84016502,0
0.12924612,-0.12943661,1.2368313,-0.51618624,0.16635811,0.84016502,0
-1.3119109,-0.096426815,-0.058026314,-0.77837503,-0.50038242,-0.37914428,0
-0.0092897415,1.1907783,0.95114917,-0.51618624,0.16635811,0.84016502,0
0.85294151,0.039377987,-0.77814746,0.51618624,-0.16635811,-0.84016502,0
-1.2582819,0.41702986,0.42615807,-0.51618624,0.16635811,0.84016502,0
0.34408653,0.42921203,1.3071446,-0.51618624,0.16635811,0.84016502,0
0.6219455,-0.69797862,-0.58332324,0.51618624,-0.16635811,-0.84016502,0
-1.1553627,-0.51608795,0.28224576,-0.77837503,-0.50038242,-0.37914428,0
0.24184811,1.0096694,-0.61464757,-0.35732996,0.84967196,-0.38777941,0
0.69753647,0.49467897,0.58408058,0.77837503,0.50038242,0.37914428,0
-1.1623503,0.37727779,-0.45853606,-0.35732996,0.84967196,-0.38777941,0
-0.36408365,-1.4248575,0.024964601,0.35732996,-0.84967196,0.38777941,0
-0.342309,-1.3401535,-0.14915735,0.35732996,-0.84967196,0.38777941,0
-1.4863238,0.63049871,0.085253119,-0.35732996,0.84967196,-0.38777941,0
-0.046860218,-0.89037442,-1.1431806,-0.77837503,-0.50038242,-0.37914428,0
1.3096927,0.002613306,-0.13992465,0.77837503,0.50038242,0.37914428,0
0.062025785,0.32582533,-1.3238237,0.51618624,-0.16635811,-0.84016502,0
1.3731159,-0.71224082,-0.0058581829,0.35732996,-0.84967196,0.38777941,0
0.60863,-0.74499434,0.43754214,0.35732996,-0.84967196,0.38777941,0
0.18279946,0.67638785,1.2110527,-0.51618624,0.16635811,0.84016502,0
-0.04434742,0.79473394,-0.61384809,-0.35732996,0.84967196,-0.38777941,0
-1.0257286,0.0066815466,0.46947742,-0.51618624,0.16635811,0.84016502,0
1.4162538,-0.17496747,-0.13699806,0.77837503,0.50038242,0.37914428,0
0.4906503,0.79932618,0.38543022,0.77837503,0.50038242,0.37914428,0
0.2370092,0.37137246,-1.2294132,0.51618624,-0.16635811,-0.84016502,0
-0.33033234,-1.1682923,0.12062854,0.35732996,-0.84967196,0.38777941,0
-0.8821243,-0.29397702,0.74641347,-0.51618624,0.16635811,0.84016502,0
0.51884687,-0.91661292,0.28886679,0.35732996,-0.84967196,0.38777941,0
-0.21027139,-0.029350162,1.0246265,-0.51618624,0.16635811,0.84016502,0
0.59527087,0.23569411,0.90181023,0.77837503,0.50038242,0.37914428,0
-0.73362613,0.238989,-1.3428324,-0.77837503,-0.50038242,-0.37914428,0
1.0927792,-0.47773933,0.72470146,0.35732996,-0.84967196,0.38777941,0
1.30446,-0.26343828,0.47675279,0.77837503,0.50038242,0.37914428,0
0.31540596,-1.0895851,-0.76764637,0.51618624,-0.16635811,-0.84016502,0
-0.082680464,-1.2196388,-0.63122523,-0.77837503,-0.50038242,-0.37914428,0
-0.70133388,0.26423311,-1.2000961,-0.35732996,0.84967196,-0.38777941,0
0.19097495,0.55297321,1.1746699,-0.51618624,0.16635811,0.84016502,0
-1.0412337,0.17220587,-0.96633393,-0.77837503,-0.50038242,-0.37914428,0
-1.3105797,0.29000014,-0.52688599,-0.77837503,-0.50038242,-0.37914428,0
1.3298455,-0.46452475,0.54033434,0.35732996,-0.84967196,0.38777941,0
0.99284226,-0.45297855,0.43101388,0.35732996,-0.84967196,0.38777941,0
-0.46514916,-0.54462087,-1.0485559,-0.77837503,-0.50038242,-0.37914428,0
-1.4668293,0.49315614,-0.369991,-0.35732996,0.84967196,-0.38777941,0
-0.0013839751,-0.98165238,0.42274058,0.35732996,-0.84967196,0.38777941,0
-0.83769244,0.51699013,-0.91283995,-0.35732996,0.84967196,-0.38777941,0
-0.30172884,0.02126652,-1.4490693,0.51618624,-0.16635811,-0.84016502,0
-0.96684694,-0.53348839,0.58535051,-0.51618624,0.16635811,0.84016502,0
1.1136317,0.86039692,-0.69891834,0.77837503,0.50038242,0.37914428,0
1.1077532,-0.12117249,0.7134701,0.77837503,0.50038242,0.37914428,0
1.4927735,-0.22045195,-0.037805438,0.77837503,0.50038242,0.37914428,0
-0.60848641,-0.50363749,-0.90555006,-0.77837503,-0.50038242,-0.37914428,0
-1.0926919,-0.26626694,-0.28847915,-0.77837503,-0.50038242,-0.37914428,0
0.2885341,-0.92566812,0.078228548,0.35732996,-0.84967196,0.38777941,0
-0.73156387,0.81682813,-0.26052809,-0.35732996,0.84967196,-0.38777941,0
-0.95924103,-0.37930214,-0.065147102,-0.77837503,-0.50038242,-0.37914428,0
0.15275347,-1.3117859,-0.52432793,0.35732996,-0.84967196,0.38777941,0
-0.35802653,1.0758064,0.2258603,-0.35732996,0.84967196,-0.38777941,0
1.16292,-0.35745978,-0.31862342,0.51618624,-0.16635811,-0.84016502,0
-0.85462642,0.21130586,-1.2488233,-0.35732996,0.84967196,-0.38777941,0
-1.1558633,0.6516763,0.13461101,-0.35732996,0.84967196,-0.38777941,0
-0.39796114,-1.0947278,-0.43789628,-0.77837503,-0.50038242,-0.37914428,0
-0.60110229,0.36587232,0.64470369,-0.51618624,0.16635811,0.84016502,0
0.26286805,1.0662354,0.79610091,0.77837503,0.50038242,0.37914428,0
-0.5099023,0.91909987,-0.035930127,-0.35732996,0.84967196,-0.38777941,0
0.59652829,0.57136768,0.4820756,0.77837503,0.50038242,0.37914428,0
-0.90167034,0.28551713,0.495592,-0.51618624,0.16635811,0.84016502,0
0.66152835,0.60576564,0.53090549,0.77837503,0.50038242,0.37914428,0
-1.1525502,-0.44845834,0.58812606,-0.51618624,0.16635811,0.84016502,0
-1.1019634,0.82638597,0.39322567,-0.51618624,0.16635811,0.84016502,0
1.0508407,0.73774648,-0.31188083,0.77837503,0.50038242,0.37914428,0
0.085192144,1.1738389,-0.13536704,-0.35732996,0.84967196,-0.38777941,0
0.87177312,-0.35418639,-0.50188398,0.51618624,-0.16635811,-0.84016502,0
-0.9301343,-1.0765128,0.62476444,-0.77837503,-0.50038242,-0.37914428,0
-0.70946896,1.0422289,0.3533898,-0.35732996,0.84967196,-0.38777941,0
0.88976282,-0.61569393,0.45338476,0.35732996,-0.84967196,0.38777941,0
0.36580443,0.36166665,1.2345533,-0.51618624,0.16635811,0.84016502,0
0.53275144,-0.62777746,-0.62768853,0.51618624,-0.16635811,-0.84016502,0
0.97334379,-0.62040257,-0.5159502,0.51618624,-0.16635811,-0.84016502,0
0.76386011,-0.29570729,1.4665039,0.35732996,-0.84967196,0.38777941,0
-0.31926203,-0.90072536,-0.83479512,-0.77837503,-0.50038242,-0.37914428,0
0.96670073,-0.22790948,-0.603544,0.51618624,-0.16635811,-0.84016502,0
0.28772324,-0.81562096,-0.84278393,0.51618624,-0.16635811,-0.84016502,0
-0.2159586,0.53928059,-1.0840815,-0.35732996,0.84967196,-0.38777941,0
0.495166,0.94645524,-0.83921349,-0.35732996,0.84967196,-0.38777941,0
-0.22464311,1.2402482,0.19378236,-0.35732996,0.84967196,-0.38777941,0
-0.1155214,-0.68804526,1.125007,0.35732996,-0.84967196,0.38777941,0
0.64224744,0.84289432,0.27167273,0.77837503,0.50038242,0.37914428,0
-0.40680343,1.1205316,0.081876308,-0.35732996,0.84967196,-0.38777941,0
1.0699023,0.82136947,-0.59024763,0.51618624,-0.16635811,-0.84016502,0
-0.83609051,-0.92207396,0.31030393,-0.77837503,-0.50038242,-0.37914428,0
-0.9628948,0.19512421,-0.76260424,-0.77837503,-0.50038242,-0.37914428,0
1.2593411,0.18350226,-0.12585032,0.77837503,0.50038242,0.37914428,0
-0.26883739,-0.52450436,1.0136833,-0.51618624,0.16635811,0.84016502,0
1.1331409,0.60873538,-0.53681552,0.77837503,0.50038242,0.37914428,0
-0.79590493,-0.84588325,-0.10661083,-0.77837503,-0.50038242,-0.37914428,0
-0.97649825,-0.74755931,0.73066413,-0.51618624,0.16635811,0.84016502,0
1.5145795,-0.44834459,0.071521282,0.77837503,0.50038242,0.37914428,0
0.87271899,-0.57496232,-0.52030611,0.51618624,-0.16635811,-0.84016502,0
-0.15127361,-0.48468447,1.2728491,-0.51618624,0.16635811,0.84016502,0
0.051812507,-0.94305658,0.42414671,0.35732996,-0.84967196,0.38777941,0
0.64383662,-0.96529782,-0.5423755,0.51618624,-0.16635811,-0.84016502,0
-1.1378033,0.54828632,-0.32150191,-0.35732996,0.84967196,-0.38777941,0
-1.3805685,0.32364061,0.017635942,-0.77837503,-0.50038242,-0.37914428,0
-1.5113611,0.43818709,-0.1491785,-0.77837503,-0.50038242,-0.37914428,0
-0.43929636,0.98841393,0.74154586,-0.51618624,0.16635811,0.84016502,0
0.72423542,1.1542262,-0.88479364,0.51618624,-0.16635811,-0.84016502,0
0.33610559,-0.39151251,1.4255035,0.35732996,-0.84967196,0.38777941,0
0.88105011,-0.23180038,-0.68275785,0.51618624,-0.16635811,-0.84016502,0
-0.5191372,0.41480798,-1.1196202,-0.35732996,0.84967196,-0.38777941,0
-0.385831,-1.2888203,-0.26178378,-0.77837503,-0.50038242,-0.37914428,0
0.48833334,-0.68704009,-0.6816355,0.51618624,-0.16635811,-0.84016502,0
-1.0019755,-0.23208089,0.52217185,-0.51618624,0.16635811,0.84016502,0
-0.38010642,-0.36690834,1.0114336,-0.51618624,0.16635811,0.84016502,0
-1.0495521,-0.47128692,0.58445895,-0.51618624,0.16635811,0.84016502,0
0.31456071,0.36784607,-0.97364825,0.51618624,-0.16635811,-0.84016502,0
-0.32330698,0.76682484,0.74939781,-0.51618624,0.16635811,0.84016502,0
0.24606329,-1.288053,-0.21925902,0.35732996,-0.84967196,0.38777941,0
0.28182679,-0.84515131,-0.86735094,0.51618624,-0.16635811,-0.84016502,0
1.3005862,0.36645579,-0.34982371,0.51618624,-0.16635811,-0.84016502,0
1.0485665,-0.23811346,0.75948095,0.77837503,0.50038242,0.37914428,0
-1.365154,0.49118686,0.28129721,-0.51618624,0.16635811,0.84016502,0
-0.46735239,-0.58339685,1.1081396,-0.51618624,0.16635811,0.84016502,0
0.14182171,0.70535183,-1.1824369,-0.35732996,0.84967196,-0.38777941,0
1.4418318,-0.26830924,-0.18576396,0.77837503,0.50038242,0.37914428,0
-0.74341977,0.20034546,-1.3192014,-0.77837503,-0.50038242,-0.37914428,0
0.87203825,0.16083534,-0.73588789,0.51618624,-0.16635811,-0.84016502,0
-1.0578901,-0.40550315,0.50779736,-0.51618624,0.16635811,0.84016502,0
-0.63474512,-0.10675265,0.71098304,-0.51618624,0.16635811,0.84016502,0
-1.4765193,0.56922638,-0.17224991,-0.35732996,0.84967196,-0.38777941,0
-1.0400088,0.46762106,-0.44967854,-0.35732996,0.84967196,-0.38777941,0
-0.90316057,-0.86279464,0.5064832,-0.77837503,-0.50038242,-0.37914428,0
-0.61996269,0.51785636,0.67803729,-0.51618624,0.16635811,0.84016502,0
-0.58648342,0.80684906,-0.016155124,-0.35732996,0.84967196,-0.38777941,0
0.67920977,-0.85288811,-0.0689376,0.35732996,-0.84967196,0.38777941,0
0.40406889,1.3610533,-0.0052060783,0.77837503,0.50038242,0.37914428,0
0.52614468,-1.0460542,-0.37286901,0.35732996,-0.84967196,0.38777941,0
-1.0188183,-0.047196422,0.56359136,-0.51618624,0.16635811,0.84016502,0
-0.59727889,1.0811696,0.59003979,-0.35732996,0.84967196,-0.38777941,0
-0.77695125,-0.0043096244,0.76458991,-0.51618624,0.16635811,0.84016502,0
-1.1706033,-0.14511865,-0.019805551,-0.77837503,-0.50038242,-0.37914428,0
0.18667164,0.23783866,-1.1623094,0.51618624,-0.16635811,-0.84016502,0
-0.81636369,-0.68990594,-0.18719292,-0.77837503,-0.50038242,-0.37914428,0
-0.66734707,0.014082611,-1.2082427,-0.77837503,-0.50038242,-0.37914428,0
-0.59073555,-1.0452392,-0.25692481,-0.77837503,-0.50038242,-0.37914428,0
-0.6527645,0.5002929,0.60035479,-0.51618624,0.16635811,0.84016502,0
-0.45763767,-1.1942918,-0.10369839,-0.77837503,-0.50038242,-0.37914428,0
0.44533527,0.32639593,1.2611132,0.77837503,0.50038242,0.37914428,0
0.52988088,0.43836468,0.79024088,0.77837503,0.50038242,0.37914428,0
1.4201999,-0.60600573,-0.22481191,0.51618624,-0.16635811,-0.84016502,0
0.46827185,0.2384364,1.2004492,0.77837503,0.50038242,0.37914428,0
-0.91353804,-0.60302043,0.1967957,-0.77837503,-0.50038242,-0.37914428,0
-0.05277884,-1.4372631,-0.51967394,0.35732996,-0.84967196,0.38777941,0
-0.65405029,0.86673099,-0.01481986,-0.35732996,0.84967196,-0.38777941,0
0.85321414,-0.23983699,1.2120528,0.77837503,0.50038242,0.37914428,0
0.035990328,0.95596117,-0.33271927,-0.35732996,0.84967196,-0.38777941,0
-0.066614985,-0.35960281,-1.1441469,0.51618624,-0.16635811,-0.84016502,0
-1.2055604,0.17652416,-0.55311859,-0.77837503,-0.50038242,-0.37914428,0
0.27411938,0.46552983,1.1993902,-0.51618624,0.16635811,0.84016502,0
-0.14481223,-1.3409889,-0.47756487,-0.77837503,-0.50038242,-0.37914428,0
0.55662429,0.84420842,0.5177623,0.77837503,0.50038242,0.37914428,0
-0.055484593,1.2973446,0.16964076,-0.35732996,0.84967196,-0.38777941,0
-1.1484864,0.6041646,-0.24556851,-0.35732996,0.84967196,-0.38777941,0
0.18006194,-0.3245014,1.3089869,-0.51618624,0.16635811,0.84016502,0
0.052760519,0.89298946,-0.76992738,-0.35732996,0.84967196,-0.38777941,0
-0.14980865,-0.87999666,-1.0167545,-0.77837503,-0.50038242,-0.37914428,0
1.6734848,-0.31996757,-0.12951732,0.77837503,0.50038242,0.37914428,0
-1.2045331,-0.032663442,0.5379045,-0.51618624,0.16635811,0.84016502,0
0.58024168,0.83220088,0.25694552,0.77837503,0.50038242,0.37914428,0
0.14666176,1.383779,0.67356652,0.77837503,0.50038242,0.37914428,0
-1.205802,-0.16048381,0.085270882,-0.77837503,-0.50038242,-0.37914428,0
-0.44301236,-0.52371049,-0.88185143,-0.77837503,-0.50038242,-0.37914428,0
0.2136718,-1.4491696,-0.79569709,0.35732996,-0.84967196,0.38777941,0
-0.48536068,-1.1212056,0.025792211,-0.77837503,-0.50038242,-0.37914428,0
-0.18363005,1.2064893,0.31066659,-0.35732996,0.84967196,-0.38777941,0
0.58345985,0.98084992,-0.087834835,0.77837503,0.50038242,0.37914428,0
-0.33505607,-0.60767406,-1.1507783,-0.77837503,-0.50038242,-0.37914428,0
0.32995266,-0.54274952,-0.98320532,0.51618624,-0.16635811,-0.84016502,0
-0.79725206,-1.2277002,0.84819782,0.35732996,-0.84967196,0.38777941,0
-0.54722416,0.19083512,-1.5115262,0.51618624,-0.16635811,-0.84016502,0
-0.3719888,-0.90065414,0.85193151,0.35732996,-0.84967196,0.38777941,0
-0.25743318,-0.8316927,-1.0171739,-0.77837503,-0.50038242,-0.37914428,0
0.6426785,0.4570725,0.74531054,0.77837503,0.50038242,0.37914428,0
-0.34715402,0.87128574,-0.27658677,-0.35732996,0.84967196,-0.38777941,0
-0.79907066,-0.34263289,-0.32457888,-0.77837503,-0.50038242,-0.37914428,0
-1.2102313,-0.12012263,0.010509133,-0.77837503,-0.50038242,-0.37914428,0
-0.1696285,-0.14110029,1.2189662,-0.51618624,0.16635811,0.84016502,0
-0.89931512,0.41190636,-0.7468971,-0.35732996,0.84967196,-0.38777941,0
-1.0733073,0.70903391,0.18583679,-0.35732996,0.84967196,-0.38777941,0
0.26214647,-0.46828866,1.4106071,0.35732996,-0.84967196,0.38777941,0
-0.25299978,0.54292941,-0.98007023,-0.35732996,0.84967196,-0.38777941,0
0.92852658,1.0344329,-0.88551021,0.51618624,-0.16635811,-0.84016502,0
0.69510454,0.074353784,-0.87866032,0.51618624,-0.16635811,-0.84016502,0
-0.39284188,0.37317359,0.83374673,-0.51618624,0.16635811,0.84016502,0
0.26756844,0.80347383,-0.87196302,-0.35732996,0.84967196,-0.38777941,0
-0.21886861,-0.94691437,-0.72428417,-0.77837503,-0.50038242,-0.37914428,0
-1.2843051,-0.087392539,0.077816248,-0.77837503,-0.50038242,-0.37914428,0
-0.41365331,-0.18067747,0.99420178,-0.51618624,0.16635811,0.84016502,0
-0.74275756,0.29127872,-1.3137972,-0.35732996,0.84967196,-0.38777941,0
0.36579087,-0.56620538,-0.84117985,0.51618624,-0.16635811,-0.84016502,0
-0.063678861,0.89377642,1.0238221,-0.51618624,0.16635811,0.84016502,0
-0.014762521,1.3796434,0.98001188,0.77837503,0.50038242,0.37914428,0
0.6456908,1.007953,-0.039598048,0.77837503,0.50038242,0.37914428,0
1.1499074,0.44038111,-0.43093026,0.77837503,0.50038242,0.37914428,0
1.0244602,-0.38423181,-0.38909817,0.51618624,-0.16635811,-0.84016502,0
0.11631894,-0.71843565,0.82923442,0.35732996,-0.84967196,0.38777941,0
0.23196298,-0.73610657,-0.9864651,0.51618624,-0.16635811,-0.84016502,0
-0.41980731,-0.86252695,-0.42184636,-0.77837503,-0.50038242,-0.37914428,0
0.99709666,0.71649474,-0.61677396,0.77837503,0.50038242,0.37914428,0
1.1849022,-0.25268486,-0.42744505,0.51618624,-0.16635811,-0.84016502,0
0.75536919,-0.89841628,-0.59772575,0.51618624,-0.16635811,-0.84016502,0
0.19579655,1.2410648,-0.11420737,-0.35732996,0.84967196,-0.38777941,0
1.1693071,-0.66979456,0.15000093,0.35732996,-0.84967196,0.38777941,0
-0.84895641,-0.80649722,-0.042078674,-0.77837503,-0.50038242,-0.37914428,0
-0.57403862,0.042337894,-1.3980448,-0.77837503,-0.50038242,-0.37914428,0
-0.34449315,0.71278179,-0.80526739,-0.35732996,0.84967196,-0.38777941,0
-0.48491579,-0.8189308,-0.35996181,-0.77837503,-0.50038242,-0.37914428,0
0.96306455,0.02420032,0.66541123,0.77837503,0.50038242,0.37914428,0
-1.3011732,-0.15831627,0.32185435,-0.77837503,-0.50038242,-0.37914428,0
0.62228751,0.61734283,0.73276371,0.77837503,0.50038242,0.37914428,0
-0.77881551,0.024374664,0.77799094,-0.51618624,0.16635811,0.84016502,0
1.1755877,0.22972879,-0.59842145,0.51618624,-0.16635811,-0.84016502,0
-0.74651772,-1.1660751,0.79419875,0.35732996,-0.84967196,0.38777941,0
0.74784529,0.33106148,0.67079782,0.77837503,0.50038242,0.37914428,0
0.38893747,1.1643959,0.49644092,0.77837503,0.50038242,0.37914428,0
0.16939707,0.96013182,-0.49697345,-0.35732996,0.84967196,-0.38777941,0
-0.65868443,0.80251414,-0.28570753,-0.35732996,0.84967196,-0.38777941,0
-0.94603097,0.22329277,-0.82638168,-0.77837503,-0.50038242,-0.37914428,0
-0.6564467,-1.140836,0.32960749,-0.77837503,-0.50038242,-0.37914428,0
0.12884992,0.81622756,-0.93921971,-0.35732996,0.84967196,-0.38777941,0
0.35450041,0.80125552,0.9740901,0.77837503,0.50038242,0.37914428,0
-0.59792173,-0.0089896321,-1.588517,-0.77837503,-0.50038242,-0.37914428,0
0.64816314,-0.66911584,0.48513085,0.35732996,-0.84967196,0.38777941,0
-0.26155809,-0.19556466,0.99798697,-0.51618624,0.16635811,0.84016502,0
-0.99615067,-0.79513854,0.66896284,-0.51618624,0.16635811,0.84016502,0
-0.16012585,-0.88309979,-1.1326182,0.51618624,-0.16635811,-0.84016502,0
0.091443479,-1.0457615,0.16330993,0.35732996,-0.84967196,0.38777941,0
0.73053098,-0.163436,1.3644794,0.77837503,0.50038242,0.37914428,0
1.4683266,-0.38302934,-0.31792462,0.51618624,-0.16635811,-0.84016502,0
0.44267666,0.53914285,-0.96469259,0.51618624,-0.16635811,-0.84016502,0
-0.7570681,-1.0084543,0.45973879,-0.77837503,-0.50038242,-0.37914428,0
-0.92048591,-0.72754365,0.37338197,-0.77837503,-0.50038242,-0.37914428,0
0.39621398,0.45421448,-1.1346779,0.51618624,-0.16635811,-0.84016502,0
-0.1071232,0.45648682,-1.2681439,0.51618624,-0.16635811,-0.84016502,0
-0.55119002,-1.0583189,-0.20853674,-0.77837503,-0.50038242,-0.37914428,0
-0.59737074,0.059051752,-1.297828,-0.77837503,-0.50038242,-0.37914428,0
-0.96741718,0.88790673,0.098494887,-0.35732996,0.84967196,-0.38777941,0
0.34912962,-0.87867022,-0.71727365,0.51618624,-0.16635811,-0.84016502,0
1.0994446,0.46926564,-0.024088264,0.77837503,0.50038242,0.37914428,0
0.94592583,0.073693484,0.45648828,0.77837503,0.50038242,0.37914428,0
-0.069885135,-0.40779132,-1.1402233,0.51618624,-0.16635811,-0.84016502,0
0.81527162,-1.0039729,-0.57937181,0.51618624,-0.16635811,-0.84016502,0
-0.78934085,-0.10281822,-0.73180586,-0.77837503,-0.50038242,-0.37914428,0
1.5575106,-0.57044524,0.073264837,0.35732996,-0.84967196,0.38777941,0
0.50882572,-0.88846415,0.32597038,0.35732996,-0.84967196,0.38777941,0
-1.0448749,-0.067694098,-0.21933693,-0.77837503,-0.50038242,-0.37914428,0
0.3352114,0.65574503,-1.0334663,0.51618624,-0.16635811,-0.84016502,0
-0.072557449,0.093657553,-1.3201318,0.51618624,-0.16635811,-0.84016502,0
-0.28425431,-0.85520923,-0.93050522,-0.77837503,-0.50038242,-0.37914428,0
-1.1514181,0.51207268,-0.6087454,-0.35732996,0.84967196,-0.38777941,0
0.11683698,-0.78501892,0.64519715,0.35732996,-0.84967196,0.38777941,0
-0.48641807,1.0392113,0.66192019,-0.51618624,0.16635811,0.84016502,0
0.63629079,0.57956487,0.56570542,0.77837503,0.50038242,0.37914428,0
1.2527447,0.057457566,0.18964994,0.77837503,0.50038242,0.37914428,0
-0.81426102,0.77778071,0.12684518,-0.35732996,0.84967196,-0.38777941,0
0.68139869,1.1086019,-0.19184393,0.77837503,0.50038242,0.37914428,0
-1.0564721,0.15086068,0.47404015,-0.51618624,0.16635811,0.84016502,0
-1.3963453,0.2065933,-0.17423755,-0.77837503,-0.50038242,-0.37914428,0
-0.39964205,-0.87310576,0.88609195,0.35732996,-0.84967196,0.38777941,0
-0.33945048,-1.2189071,0.26282108,0.35732996,-0.84967196,0.38777941,0
-0.54614687,0.98369682,-0.16109514,-0.35732996,0.84967196,-0.38777941,0
-0.90314245,-0.54862523,0.74142015,-0.51618624,0.16635811,0.84016502,0
-1.1538968,0.46783298,-0.61397922,-0.35732996,0.84967196,-0.38777941,0
0.32626671,1.1806455,0.16717911,0.77837503,0.50038242,0.37914428,0
0.13427424,-1.2529745,-0.87090451,0.51618624,-0.16635811,-0.84016502,0
-1.4090524,0.5375737,0.14498401,-0.35732996,0.84967196,-0.38777941,0
1.0960677,0.52883905,-0.43592548,0.77837503,0.50038242,0.37914428,0
-0.026538104,-1.051646,0.14497253,0.35732996,-0.84967196,0.38777941,0
-1.2839539,-0.087223142,-0.077400804,-0.77837503,-0.50038242,-0.37914428,0
-0.68272257,0.98971736,0.63517892,-0.51618624,0.16635811,0.84016502,0
0.29715461,-0.50904596,1.3585248,0.35732996,-0.84967196,0.38777941,0
-0.90359628,0.29550922,0.57270384,-0.51618624,0.16635811,0.84016502,0
-0.62182951,-0.45075095,1.0053858,-0.51618624,0.16635811,0.84016502,0
-0.38952112,0.61223698,-0.9028483,-0.35732996,0.84967196,-0.38777941,0
1.018955,0.72492951,-0.2523762,0.77837503,0.50038242,0.37914428,0
-0.68777192,-0.35283959,-0.77732307,-0.77837503,-0.50038242,-0.37914428,0
-0.63536328,-0.77912176,-0.2147477,-0.77837503,-0.50038242,-0.37914428,0
-0.33341783,0.86513102,-0.3308745,-0.35732996,0.84967196,-0.38777941,0
0.57934219,0.70261937,0.32103541,0.77837503,0.50038242,0.37914428,0
-0.41329777,-0.97725022,-0.28047854,-0.77837503,-0.50038242,-0.37914428,0
-0.57683653,-1.0615189,0.83664775,0.35732996,-0.84967196,0.38777941,0
1.4739751,-0.52724421,0.13301671,0.35732996,-0.84967196,0.38777941,0
0.10782948,1.0668918,-0.24118687,-0.35732996,0.84967196,-0.38777941,0
-0.54231602,0.30944669,0.79038489,-0.51618624,0.16635811,0.84016502,0
-0.28917298,0.72317505,-0.82095379,-0.35732996,0.84967196,-0.38777941,0
-0.43233415,1.2452849,0.62502033,-0.35732996,0.84967196,-0.38777941,0
-0.19752049,0.32485014,0.924483,-0.51618624,0.16635811,0.84016502,0
0.68028617,-0.05465585,1.5325761,0.77837503,0.50038242,0.37914428,0
-0.29235721,-1.1699054,-0.5877623,-0.77837503,-0.50038242,-0.37914428,0
-0.32665312,-0.24861434,-1.3198314,0.51618624,-0.16635811,-0.84016502,0
-0.32140505,-1.1074998,-0.32544622,-0.77837503,-0.50038242,-0.37914428,0
0.49412274,-0.7024461,-0.63885617,0.51618624,-0.16635811,-0.84016502,0
0.25191391,0.72413051,0.94231105,0.77837503,0.50038242,0.37914428,0
-0.52713621,-0.80003095,1.1149901,-0.51618624,0.16635811,0.84016502,0
-1.1290951,0.86610186,0.32761621,-0.35732996,0.84967196,-0.38777941,0
0.16347009,-0.31094772,-1.065424,0.51618624,-0.16635811,-0.84016502,0
0.71065474,0.37485561,0.85001242,0.77837503,0.50038242,0.37914428,0
-0.43254623,1.1046975,0.68372595,-0.51618624,0.16635811,0.84016502,0
-0.87470007,-0.43697172,-0.099086881,-0.77837503,-0.50038242,-0.37914428,0
-1.0735106,0.074082583,-0.43775499,-0.77837503,-0.50038242,-0.37914428,0
1.1766417,0.36441296,-0.51581883,0.51618624,-0.16635811,-0.84016502,0
-0.75480759,0.13964313,-1.0763932,-0.77837503,-0.50038242,-0.37914428,0
0.77984709,-0.045173541,-0.7434411,0.51618624,-0.16635811,-0.84016502,0
0.2208761,1.2049036,0.66159546,0.77837503,0.50038242,0.37914428,0
-0.2232641,0.42547193,1.0308704,-0.51618624,0.16635811,0.84016502,0
-0.87683886,-0.90298706,0.099026501,-0.77837503,-0.50038242,-0.37914428,0
-0.12075865,1.1848626,0.1922425,-0.35732996,0.84967196,-0.38777941,0
-1.3564298,0.19354217,0.33436251,-0.51618624,0.16635811,0.84016502,0
0.51477528,0.42184842,0.94529045,0.77837503,0.50038242,0.37914428,0
-0.13888538,-0.58650637,-1.0663377,0.51618624,-0.16635811,-0.84016502,0
-0.111269,-1.0047605,0.36925492,0.35732996,-0.84967196,0.38777941,0
0.58307672,-0.29458755,1.5195909,0.35732996,-0.84967196,0.38777941,0
0.036544099,-0.89130402,0.62865961,0.35732996,-0.84967196,0.38777941,0
-0.84437001,-1.1550877,0.78925931,0.35732996,-0.84967196,0.38777941,0
-1.3060321,-0.026773691,0.28077316,-0.51618624,0.16635811,0.84016502,0
-0.79709125,0.35114604,-1.0208853,-0.35732996,0.84967196,-0.38777941,0
-0.5787729,-1.1142594,-0.23725976,-0.77837503,-0.50038242,-0.37914428,0
-1.0959059,-0.023067772,-0.47153097,-0.77837503,-0.50038242,-0.37914428,0
0.043490946,-1.2024918,-0.25323093,0.35732996,-0.84967196,0.38777941,0
-0.14568102,-1.0524871,-0.97157335,0.51618624,-0.16635811,-0.84016502,0
-0.72976851,1.0999159,0.46558845,-0.35732996,0.84967196,-0.38777941,0
-0.20001911,0.78789628,-0.6730321,-0.35732996,0.84967196,-0.38777941,0
-0.75174677,0.35718882,-1.1744021,-0.35732996,0.84967196,-0.38777941,0
-0.14374661,-1.390837,-0.27024472,0.35732996,-0.84967196,0.38777941,0
0.45534328,-0.26857415,-0.76664269,0.51618624,-0.16635811,-0.84016502,0
-0.49763048,-1.2845303,-0.065424412,-0.77837503,-0.50038242,-0.37914428,0
0.8971107,0.282038,0.25190347,0.77837503,0.50038242,0.37914428,0
-0.85969216,-1.0107868,0.8132534,-0.51618624,0.16635811,0.84016502,0
-0.17249584,-0.036083519,-1.1873538,0.51618624,-0.16635811,-0.84016502,0
-0.36479819,0.3194387,0.8093673,-0.51618624,0.16635811,0.84016502,0
-0.53593051,-0.20781833,-1.3436329,-0.77837503,-0.50038242,-0.37914428,0
0.3575426,-1.1874189,-0.38635409,0.35732996,-0.84967196,0.38777941,0
0.61598092,-0.62343216,0.49625576,0.35732996,-0.84967196,0.38777941,0
1.5822763,-0.30608416,0.041103959,0.77837503,0.50038242,0.37914428,0
0.4292087,-0.82525152,-0.69525391,0.51618624,-0.16635811,-0.84016502,0
-0.21227586,0.37660927,-1.39942,0.51618624,-0.16635811,-0.84016502,0
-0.12439597,1.2261803,0.18002832,-0.35732996,0.84967196,-0.38777941,0
-0.22484362,1.3144906,0.37368724,-0.35732996,0.84967196,-0.38777941,0
0.44609559,-0.38151973,1.5274072,0.35732996,-0.84967196,0.38777941,0
0.61276734,0.69072175,-0.94253445,0.51618624,-0.16635811,-0.84016502,0
-0.972269,-0.44397712,0.13668114,-0.77837503,-0.50038242,-0.37914428,0
-0.24410355,-1.3671801,-0.54889059,-0.77837503,-0.50038242,-0.37914428,0
-0.30742261,0.3133049,0.99270868,-0.51618624,0.16635811,0.84016502,0
0.71579075,0.20899501,0.71903944,0.77837503,0.50038242,0.37914428,0
-0.27978981,-1.3656707,-0.43290961,-0.77837503,-0.50038242,-0.37914428,0
0.57260871,-0.36808509,1.3772515,0.35732996,-0.84967196,0.38777941,0
-1.4985101,0.29513034,-0.17361414,-0.77837503,-0.50038242,-0.37914428,0
-0.94515604,-0.44526297,-0.27462226,-0.77837503,-0.50038242,-0.37914428,0
1.3265778,-0.70456111,-0.18996,0.51618624,-0.16635811,-0.84016502,0
0.82604623,-0.26537722,1.0522678,0.35732996,-0.84967196,0.38777941,0
0.13388467,0.33541915,1.1782053,-0.51618624,0.16635811,0.84016502,0
-0.15565741,-1.1292504,0.13936882,0.35732996,-0.84967196,0.38777941,0
1.4875801,-0.39180547,0.18327045,0.35732996,-0.84967196,0.38777941,0
-1.0126874,0.2346206,-0.60445911,-0.77837503,-0.50038242,-0.37914428,0
-0.30572465,0.48103589,0.93377554,-0.51618624,0.16635811,0.84016502,0
0.074814588,1.1543405,-0.19939829,-0.35732996,0.84967196,-0.38777941,0
1.5312802,-0.17330137,-0.22265327,0.77837503,0.50038242,0.37914428,0
-0.22822487,-0.28482562,-1.2802078,0.51618624,-0.16635811,-0.84016502,0
-0.46853644,-1.2237725,0.032271355,-0.77837503,-0.50038242,-0.37914428,0
-1.0991042,-0.58285159,0.46337962,-0.77837503,-0.50038242,-0.37914428,0
-0.93795443,-0.61200786,0.62203908,-0.51618624,0.16635811,0.84016502,0
0.77631581,-0.1288594,1.2334288,0.77837503,0.50038242,0.37914428,0
0.1336503,-0.10361916,1.3426707,-0.51618624,0.16635811,0.84016502,0
0.49939203,0.77242374,0.42235041,0.77837503,0.50038242,0.37914428,0
-0.32828438,0.35336113,-1.3062527,-0.35732996,0.84967196,-0.38777941,0
-0.65010846,-0.00039964914,-1.1084694,-0.77837503,-0.50038242,-0.37914428,0
-1.2160254,-0.2050042,0.22153461,-0.77837503,-0.50038242,-0.37914428,0
1.2150723,-0.10145712,0.15991676,0.77837503,0.50038242,0.37914428,0
-0.74876565,0.97189301,0.33462161,-0.35732996,0.84967196,-0.38777941,0
0.79007185,1.1348162,-0.62985706,0.77837503,0.50038242,0.37914428,0
1.1365857,0.39463478,-0.24165964,0.77837503,0.50038242,0.37914428,0
0.10337695,-1.2177205,0.040184528,0.35732996,-0.84967196,0.38777941,0
1.162973,0.63644373,-0.32951784,0.77837503,0.50038242,0.37914428,0
-0.35258177,0.37096846,0.81620812,-0.51618624,0.16635811,0.84016502,0
0.40494978,-1.1257221,-0.23175949,0.35732996,-0.84967196,0.38777941,0
1.5536988,-0.21259227,-0.17179883,0.77837503,0.50038242,0.37914428,0
0.87829083,-0.15212181,-0.59985578,0.51618624,-0.16635811,-0.84016502,0
0.36374414,-0.45376205,1.3962791,0.35732996,-0.84967196,0.38777941,0
0.023856044,0.11270392,-1.2136157,0.51618624,-0.16635811,-0.84016502,0
-0.79965818,-1.0852356,0.32654512,-0.77837503,-0.50038242,-0.37914428,0
1.2960126,-0.57484961,0.14809144,0.35732996,-0.84967196,0.38777941,0
-1.003485,0.46646789,0.42387426,-0.51618624,0.16635811,0.84016502,0
1.3074465,-0.62541449,-0.06537962,0.35732996,-0.84967196,0.38777941,0
0.71380043,0.78866422,-0.85771978,0.51618624,-0.16635811,-0.84016502,0
0.055485368,0.42071497,1.2500086,-0.51618624,0.16635811,0.84016502,0
0.15990269,1.4142573,0.53050959,-0.35732996,0.84967196,-0.38777941,0
-1.1544019,0.27608234,-0.57211131,-0.77837503,-0.50038242,-0.37914428,0
-0.15032263,-0.87991637,0.92237025,0.35732996,-0.84967196,0.38777941,0
-0.1279583,-1.0841137,-0.75742805,-0.77837503,-0.50038242,-0.37914428,0
-1.0362705,-0.6497947,0.17415988,-0.77837503,-0.50038242,-0.37914428,0
1.1758854,-0.58299112,-0.30658293,0.51618624,-0.16635811,-0.84016502,0
-1.0443265,-0.66133904,0.70688748,-0.51618624,0.16635811,0.84016502,0
-0.81054467,1.0639644,0.46129072,-0.35732996,0.84967196,-0.38777941,0
-0.07403636,-0.39594343,-1.1769065,0.51618624,-0.16635811,-0.84016502,0
1.0407602,-0.90807265,-0.25818217,0.51618624,-0.16635811,-0.84016502,0
0.13522208,1.2553065,0.22432487,-0.35732996,0.84967196,-0.38777941,0
-0.16464889,-0.084501863,-1.1661844,0.51618624,-0.16635811,-0.84016502,0
0.48201573,1.243446,0.04742223,0.77837503,0.50038242,0.37914428,0
0.96087885,1.0943203,-0.91070688,0.51618624,-0.16635811,-0.84016502,0
-0.91951162,-0.63298148,0.74507916,-0.51618624,0.16635811,0.84016502,0
0.70705217,0.25302136,-0.87232852,0.51618624,-0.16635811,-0.84016502,0
-0.22255743,0.79836202,-0.62970197,-0.35732996,0.84967196,-0.38777941,0
0.61325008,1.1773676,0.030073911,0.77837503,0.50038242,0.37914428,0
0.15532279,1.0019438,1.0631187,-0.51618624,0.16635811,0.84016502,0
0.999457,-0.30482626,0.80358446,0.35732996,-0.84967196,0.38777941,0
-1.0945956,0.6441043,0.35599077,-0.51618624,0.16635811,0.84016502,0
-1.3138907,-0.13264905,0.021127582,-0.77837503,-0.50038242,-0.37914428,0
-0.11353821,-1.1619291,-0.073823303,0.35732996,-0.84967196,0.38777941,0
-0.09876442,-1.2701604,-0.6952455,-0.77837503,-0.50038242,-0.37914428,0
-0.10215557,-0.12636203,1.256397,-0.51618624,0.16635811,0.84016502,0
1.0064955,0.39844292,-0.11055756,0.77837503,0.50038242,0.37914428,0
-0.091171563,-0.023750335,1.1286745,-0.51618624,0.16635811,0.84016502,0
-0.18955962,-0.97838116,0.51208711,0.35732996,-0.84967196,0.38777941,0
0.45597327,-0.63970113,0.63709944,0.35732996,-0.84967196,0.38777941,0
-1.2141891,0.68376756,0.22335219,-0.35732996,0.84967196,-0.38777941,0
-0.8109172,-1.1065265,0.34214801,-0.77837503,-0.50038242,-0.37914428,0
1.0220218,0.16477014,0.2141487,0.77837503,0.50038242,0.37914428,0
1.0059072,-0.054388702,0.59700733,0.77837503,0.50038242,0.37914428,0
0.29736099,-0.17081639,-0.9295038,0.51618624,-0.16635811,-0.84016502,0
-1.0481292,-1.0690751,0.83665085,-0.51618624,0.16635811,0.84016502,0
-1.4744704,0.34448937,-0.2648347,-0.77837503,-0.50038242,-0.37914428,0
1.1021695,0.11275499,-0.48975098,0.51618624,-0.16635811,-0.84016502,0
0.23831308,0.57642442,1.24948,-0.51618624,0.16635811,0.84016502,0
-0.086345375,-0.58221257,1.2722893,0.35732996,-0.84967196,0.38777941,0
-1.1679029,-0.17712504,0.070981145,-0.77837503,-0.50038242,-0.37914428,0
-0.22556037,1.2180761,0.53885239,-0.35732996,0.84967196,-0.38777941,0
0.58759648,0.9312976,-0.83633506,-0.35732996,0.84967196,-0.38777941,0
-0.96599597,0.55063987,0.50797319,-0.51618624,0.16635811,0.84016502,0
1.0895593,-0.82792056,-0.15083063,0.35732996,-0.84967196,0.38777941,0
-0.87482262,0.65122408,-0.091996551,-0.35732996,0.84967196,-0.38777941,0
0.2844944,0.50358009,-1.2231718,0.51618624,-0.16635811,-0.84016502,0
-0.96180713,-0.98496515,0.45689845,-0.77837503,-0.50038242,-0.37914428,0
1.5824609,-0.44757381,0.072435021,0.77837503,0.50038242,0.37914428,0
0.70664084,-0.81458992,-0.57595837,0.51618624,-0.16635811,-0.84016502,0
0.17931581,0.93979156,1.0352005,0.77837503,0.50038242,0.37914428,0
0.35976771,-0.94688302,0.038615406,0.35732996,-0.84967196,0.38777941,0
-0.48995063,-0.72007602,1.0230771,-0.51618624,0.16635811,0.84016502,0
1.1283547,0.38536656,-0.6174736,0.51618624,-0.16635811,-0.84016502,0
0.70871174,0.09613353,1.1843231,0.77837503,0.50038242,0.37914428,0
-0.11240208,1.1754396,0.91046941,-0.51618624,0.16635811,0.84016502,0
-1.4707339,0.23269957,0.10153568,-0.77837503,-0.50038242,-0.37914428,0
0.93417543,-0.43900919,0.80758655,0.35732996,-0.84967196,0.38777941,0
-1.452225,0.26477665,-0.040334702,-0.77837503,-0.50038242,-0.37914428,0
0.44421273,0.24047065,-0.96107262,0.51618624,-0.16635811,-0.84016502,0
0.88185656,0.24976599,0.50849771,0.77837503,0.50038242,0.37914428,0
0.79920036,1.1145072,-0.69356108,0.77837503,0.50038242,0.37914428,0
-0.47361374,-0.17927986,-1.2656518,-0.77837503,-0.50038242,-0.37914428,0
1.1841712,-0.24199823,-0.4220531,0.51618624,-0.16635811,-0.84016502,0
1.6268029,-0.54007077,-0.09061408,0.35732996,-0.84967196,0.38777941,0
0.57157886,0.0042046905,1.4201163,0.77837503,0.50038242,0.37914428,0
0.48812699,0.54715627,0.90298283,0.77837503,0.50038242,0.37914428,0
1.269755,0.032837927,-0.44392478,0.51618624,-0.16635811,-0.84016502,0
-0.5391289,-0.57319379,-0.97598094,-0.77837503,-0.50038242,-0.37914428,0
0.70998752,0.80410981,0.17324078,0.77837503,0.50038242,0.37914428,0
0.64406109,0.34792605,1.0310935,0.77837503,0.50038242,0.37914428,0
0.54603803,0.52164912,0.78840911,0.77837503,0.50038242,0.37914428,0
-0.60930806,0.73405164,0.77944708,-0.51618624,0.16635811,0.84016502,0
0.744259,-0.70036751,0.5016225,0.35732996,-0.84967196,0.38777941,0
-1.2220485,-0.17754942,0.28080904,-0.77837503,-0.50038242,-0.37914428,0
-0.32065821,-1.2213124,-0.31835866,-0.77837503,-0.50038242,-0.37914428,0
-0.47234392,-0.81675464,1.1631941,-0.51618624,0.16635811,0.84016502,0
-0.81348294,-0.70136094,-0.21455598,-0.77837503,-0.50038242,-0.37914428,0
-0.021942616,0.42190436,1.0379822,-0.51618624,0.16635811,0.84016502,0
-0.99844891,-0.31864217,0.66389942,-0.51618624,0.16635811,0.84016502,0
0.9292087,0.13539326,-0.7199229,0.51618624,-0.16635811,-0.84016502,0
-0.76736701,0.51647896,-0.5928086,-0.35732996,0.84967196,-0.38777941,0
0.65855289,0.25105116,1.210502,0.77837503,0.50038242,0.37914428,0
-1.2296376,0.35265726,-0.62671196,-0.35732996,0.84967196,-0.38777941,0
-0.060132086,0.23198119,1.1319702,-0.51618624,0.16635811,0.84016502,0
-0.46401155,0.39491528,0.89762127,-0.51618624,0.16635811,0.84016502,0
0.56334841,-1.2380373,-0.49995828,0.35732996,-0.84967196,0.38777941,0
-0.10156751,-1.0950567,0.13890497,0.35732996,-0.84967196,0.38777941,0
-0.31093729,-0.3942481,-1.1877201,0.51618624,-0.16635811,-0.84016502,0
0.71510553,-0.26630312,1.1520692,0.35732996,-0.84967196,0.38777941,0
0.96217799,0.77190053,-0.64668965,0.51618624,-0.16635811,-0.84016502,0
0.30663446,0.89101326,-0.80213833,-0.35732996,0.84967196,-0.38777941,0
0.59381473,1.3170525,-0.47116053,-0.35732996,0.84967196,-0.38777941,0
0.97065771,-0.23652077,0.87203586,0.77837503,0.50038242,0.37914428,0
-1.1160886,0.70864034,0.13104606,-0.35732996,0.84967196,-0.38777941,0
0.34590054,-0.21683711,1.3701994,-0.51618624,0.16635811,0.84016502,0
-0.84387892,0.89123034,0.27607501,-0.35732996,0.84967196,-0.38777941,0
0.70207155,-0.51429379,0.72923315,0.35732996,-0.84967196,0.38777941,0
-0.73207843,-0.20372629,0.66477311,-0.51618624,0.16635811,0.84016502,0
-0.29967046,-1.308799,-0.4518691,-0.77837503,-0.50038242,-0.37914428,0
-0.95837039,-0.9294616,0.36854458,-0.77837503,-0.50038242,-0.37914428,0
-0.22579476,0.083745629,0.99484044,-0.51618624,0.16635811,0.84016502,0
0.82461077,0.88629913,-0.863989,0.51618624,-0.16635811,-0.84016502,0
0.19596517,-0.99512899,-0.89372671,0.51618624,-0.16635811,-0.84016502,0
1.2108393,-0.3575066,0.49141851,0.35732996,-0.84967196,0.38777941,0
-0.98688602,0.57803714,0.57195377,-0.51618624,0.16635811,0.84016502,0
0.90282559,0.09412393,0.68972027,0.77837503,0.50038242,0.37914428,0
-0.34621441,-1.1969836,-0.60307145,-0.77837503,-0.50038242,-0.37914428,0
-0.85132957,0.58058178,-0.33371919,-0.35732996,0.84967196,-0.38777941,0
0.59560078,-1.0234947,-0.26646131,0.35732996,-0.84967196,0.38777941,0
-0.61735415,0.83321899,-0.31117409,-0.35732996,0.84967196,-0.38777941,0
-0.73097914,-0.88402891,1.0212532,-0.51618624,0.16635811,0.84016502,0
1.0846225,-0.52333045,-0.52766228,0.51618624,-0.16635811,-0.84016502,0
0.12646222,-1.194123,-0.18299896,0.35732996,-0.84967196,0.38777941,0
-1.2118547,0.2082535,-0.51711047,-0.77837503,-0.50038242,-0.37914428,0
0.87591082,0.23050995,0.41100037,0.77837503,0.50038242,0.37914428,0
0.35468674,-0.073400736,1.4695613,-0.51618624,0.16635811,0.84016502,0
0.97129041,0.21053237,0.1177668,0.77837503,0.50038242,0.37914428,0
-0.40992033,-0.85371703,-0.72134215,-0.77837503,-0.50038242,-0.37914428,0
0.28026742,-0.46824008,1.058481,0.35732996,-0.84967196,0.38777941,0
0.51807725,-0.67244631,0.85244578,0.35732996,-0.84967196,0.38777941,0
-0.60763097,-0.65739256,1.0567424,-0.51618624,0.16635811,0.84016502,0
-0.65027839,-1.1070144,0.11848807,-0.77837503,-0.50038242,-0.37914428,0
0.28924787,1.3653176,0.06906046,-0.35732996,0.84967196,-0.38777941,0
1.3489915,-0.34528351,-0.19210589,0.51618624,-0.16635811,-0.84016502,0
-0.45881104,0.060052037,0.90355664,-0.51618624,0.16635811,0.84016502,0
0.2558971,-0.47968301,1.0555893,0.35732996,-0.84967196,0.38777941,0
0.68410736,1.0442958,-0.37121177,0.77837503,0.50038242,0.37914428,0
1.0422862,0.97646159,-0.75320041,0.51618624,-0.16635811,-0.84016502,0
-0.31430101,-0.3941437,-1.2854484,0.51618624,-0.16635811,-0.84016502,0
-0.51150227,-0.32140878,-1.3237492,-0.77837503,-0.50038242,-0.37914428,0
1.0929916,-0.79986703,-0.47489345,0.51618624,-0.16635811,-0.84016502,0
-0.58027732,0.90677357,0.6900242,-0.51618624,0.16635811,0.84016502,0
0.62242681,-0.52793658,0.78846085,0.35732996,-0.84967196,0.38777941,0
-0.67460954,0.4060933,-0.88384891,-0.35732996,0.84967196,-0.38777941,0
0.43971002,0.58722651,0.73803192,0.77837503,0.50038242,0.37914428,0
0.36831701,-1.1233584,0.0081380308,0.35732996,-0.84967196,0.38777941,0
0.91788566,0.97972423,-0.73675513,0.51618624,-0.16635811,-0.84016502,0
-0.10032231,0.30146241,1.1848664,-0.51618624,0.16635811,0.84016502,0
