-1.4266555,1.3800861,-0.87711859,0.3227163,0.80474418,-0.49823785,0
0.33684242,-1.1906668,-0.36118767,0.11398625,-0.55561554,-0.82358879,0
0.51233292,-0.94638681,-0.41189364,0.11398625,-0.55561554,-0.82358879,0
-0.10369247,-0.65990531,1.0010372,-0.3227163,-0.80474418,0.49823785,0
-0.11939687,0.719096,-1.1152364,0.3227163,0.80474418,-0.49823785,0
1.4133549,0.96103382,0.51066518,0.3227163,0.80474418,-0.49823785,0
-1.8002906,1.175245,-0.36423337,-0.93960702,0.20899326,-0.27103597,0
0.2236701,-1.4614917,-0.099255919,-0.3227163,-0.80474418,0.49823785,0
-1.7586818,0.38455984,-1.0008106,-0.93960702,0.20899326,-0.27103597,0
1.8870871,-0.1704942,1.0026443,0.93960702,-0.20899326,0.27103597,0
-1.7026329,1.2220562,-0.48140454,-0.93960702,0.20899326,-0.27103597,0
-0.48137286,0.99709821,-0.56410652,0.3227163,0.80474418,-0.49823785,0
-2.2331467,-0.21511817,-0.091448545,-0.93960702,0.20899326,-0.27103597,0
1.025764,0.86306351,-0.091582268,0.3227163,0.80474418,-0.49823785,0
1.6421781,0.60075313,1.0206251,-0.11398625,0.55561554,0.82358879,0
-1.3578808,0.50889164,0.56391186,-0.11398625,0.55561554,0.82358879,0
-2.0736508,0.69375658,0.35308731,-0.93960702,0.20899326,-0.27103597,0
2.2491226,0.39981946,0.24019778,0.93960702,-0.20899326,0.27103597,0
0.6631971,0.84739196,-0.20701903,0.3227163,0.80474418,-0.49823785,0
1.2114854,-0.7105307,1.4905021,-0.3227163,-0.80474418,0.49823785,0
2.129365,0.44496512,0.48291922,0.93960702,-0.20899326,0.27103597,0
-2.0646045,-0.80739558,-0.82981378,-0.93960702,0.20899326,-0.27103597,0
0.20292366,0.03670305,-1.211248,0.11398625,-0.55561554,-0.82358879,0
-1.0991637,0.94993871,-1.2010057,0.3227163,0.80474418,-0.49823785,0
-1.7265904,0.73488843,-0.98161268,-0.93960702,0.20899326,-0.27103597,0
-1.4706279,0.71291441,-1.4561721,-0.93960702,0.20899326,-0.27103597,0
1.615299,-0.5243144,1.4085782,0.93960702,-0.20899326,0.27103597,0
-0.49109,-0.74234986,-0.83158565,0.11398625,-0.55561554,-0.82358879,0
1.8854747,-1.1749318,0.26732242,0.93960702,-0.20899326,0.27103597,0
1.7994488,-0.27395824,0.80619228,0.93960702,-0.20899326,0.27103597,0
1.6352477,-1.4966786,0.62051916,0.93960702,-0.20899326,0.27103597,0
0.94649321,-1.6621729,0.063880801,-0.3227163,-0.80474418,0.49823785,0
1.7937359,-1.1477181,0.24152076,0.93960702,-0.20899326,0.27103597,0
-1.9337862,0.60702682,-0.25833607,-0.93960702,0.20899326,-0.27103597,0
-2.1716759,0.17665732,0.58823931,-0.93960702,0.20899326,-0.27103597,0
1.990193,0.093792319,-0.47932529,0.3227163,0.80474418,-0.49823785,0
2.0476155,0.37281859,0.2150811,0.93960702,-0.20899326,0.27103597,0
-1.1190326,-0.22589725,0.85861182,-0.3227163,-0.80474418,0.49823785,0
0.42822444,0.013683438,-1.0700349,0.11398625,-0.55561554,-0.82358879,0
-1.3509237,1.5493736,-0.20669377,0.3227163,0.80474418,-0.49823785,0
-1.0457852,-0.3290472,0.63582051,-0.3227163,-0.80474418,0.49823785,0
1.517949,0.82900572,0.4687022,0.3227163,0.80474418,-0.49823785,0
0.44711763,-0.44689658,1.5866383,-0.3227163,-0.80474418,0.49823785,0
-0.27127475,0.92402548,0.5553537,-0.11398625,0.55561554,0.82358879,0
-0.94530332,1.0867368,0.41831118,-0.11398625,0.55561554,0.82358879,0
0.43551764,1.0863966,-0.0021556616,0.3227163,0.80474418,-0.49823785,0
-0.76047903,-1.1173637,-0.21719131,-0.3227163,-0.80474418,0.49823785,0
0.99610943,-1.0585091,0.7570492,-0.3227163,-0.80474418,0.49823785,0
1.8754896,-1.036433,0.24292505,0.93960702,-0.20899326,0.27103597,0
-0.41982603,0.63929403,0.76985317,-0.11398625,0.55561554,0.82358879,0
-1.6276281,1.7799888,-0.26165557,-0.93960702,0.20899326,-0.27103597,0
1.5161293,0.10018408,-0.99796814,0.3227163,0.80474418,-0.49823785,0
0.31409925,0.91807461,-0.33237717,0.3227163,0.80474418,-0.49823785,0
1.5134579,-0.76312631,1.3062156,0.93960702,-0.20899326,0.27103597,0
1.8130332,-0.2981841,0.75613976,0.93960702,-0.20899326,0.27103597,0
-0.90454847,-0.66641426,0.31712726,-0.3227163,-0.80474418,0.49823785,0
1.0698745,-0.67544746,1.8051158,-0.3227163,-0.80474418,0.49823785,0
1.5270023,-0.92433143,-0.49669808,0.11398625,-0.55561554,-0.82358879,0
0.12743951,-1.387836,-0.26479709,-0.3227163,-0.80474418,0.49823785,0
-1.3753636,0.32400608,0.82239121,-0.11398625,0.55561554,0.82358879,0
1.43716,0.19249988,-0.68758476,0.3227163,0.80474418,-0.49823785,0
-0.90255415,1.5239309,0.029581189,0.3227163,0.80474418,-0.49823785,0
1.5729135,-1.1384685,1.076434,0.93960702,-0.20899326,0.27103597,0
0.26803583,0.71343309,0.75690007,-0.11398625,0.55561554,0.82358879,0
1.7100184,-0.11695789,1.411305,0.93960702,-0.20899326,0.27103597,0
-2.2606335,-0.15447414,0.31481814,-0.93960702,0.20899326,-0.27103597,0
1.8932412,-0.44788474,0.36889458,0.93960702,-0.20899326,0.27103597,0
2.1304841,0.24031937,-0.13727641,0.93960702,-0.20899326,0.27103597,0
2.0557365,0.53325492,0.42974138,0.93960702,-0.20899326,0.27103597,0
-2.0792289,-0.0062076449,-0.086889625,-0.93960702,0.20899326,-0.27103597,0
0.17598951,-0.45637876,1.3543897,-0.3227163,-0.80474418,0.49823785,0
-0.15160972,1.1517794,0.45088342,-0.11398625,0.55561554,0.82358879,0
-1.6533372,-0.19371082,-1.2261717,0.11398625,-0.55561554,-0.82358879,0
2.0728695,-0.3921864,-0.14661252,0.93960702,-0.20899326,0.27103597,0
0.40794721,0.5213452,0.98478663,-0.11398625,0.55561554,0.82358879,0
-1.7620459,-0.020892605,-1.4452852,-0.93960702,0.20899326,-0.27103597,0
-1.0124637,0.82489496,-1.319505,0.3227163,0.80474418,-0.49823785,0
-1.1440594,0.80256248,0.56678486,-0.11398625,0.55561554,0.82358879,0
1.0696056,-1.7341993,-0.0055420399,0.11398625,-0.55561554,-0.82358879,0
0.25968182,-1.0870808,-0.54803294,0.11398625,-0.55561554,-0.82358879,0
2.0122018,0.41049734,0.022901297,0.3227163,0.80474418,-0.49823785,0
-0.3403694,-0.31969932,-1.1543531,0.11398625,-0.55561554,-0.82358879,0
0.092213959,0.66861951,0.69523764,-0.11398625,0.55561554,0.82358879,0
-1.2608241,0.019658029,0.94554478,-0.11398625,0.55561554,0.82358879,0
0.40561,0.88336688,0.78633809,-0.11398625,0.55561554,0.82358879,0
-1.439919,0.50052118,0.70470023,-0.11398625,0.55561554,0.82358879,0
-1.0100836,-0.91967803,-0.034340292,-0.3227163,-0.80474418,0.49823785,0
1.9865485,0.45425931,-0.13026798,0.3227163,0.80474418,-0.49823785,0
1.6448669,-1.4243271,0.45691752,0.93960702,-0.20899326,0.27103597,0
-1.5400457,0.020086735,-1.3200102,0.11398625,-0.55561554,-0.82358879,0
-0.41482759,1.1672201,-0.25197154,0.3227163,0.80474418,-0.49823785,0
-1.0217178,0.89439636,-1.1059899,0.3227163,0.80474418,-0.49823785,0
0.11732262,-0.43630517,1.3679944,-0.3227163,-0.80474418,0.49823785,0
-1.6597805,1.5547178,-0.23878229,-0.93960702,0.20899326,-0.27103597,0
-0.77129149,-1.3029592,-0.48518634,-0.3227163,-0.80474418,0.49823785,0
-1.4773768,-0.55039746,-1.0587455,0.11398625,-0.55561554,-0.82358879,0
1.5821806,-1.1286527,-0.22194386,0.11398625,-0.55561554,-0.82358879,0
0.041347623,0.46316883,-1.1898589,0.3227163,0.80474418,-0.49823785,0
-1.918855,-0.76108724,-0.34699655,-0.3227163,-0.80474418,0.49823785,0
-0.79579395,-0.98807847,-0.03242854,-0.3227163,-0.80474418,0.49823785,0
1.9322177,0.50448221,1.0107336,0.93960702,-0.20899326,0.27103597,0
-1.8153849,1.0981649,-0.37727547,-0.93960702,0.20899326,-0.27103597,0
-0.59328407,-1.1445614,-0.10820163,-0.3227163,-0.80474418,0.49823785,0
-0.85646021,-0.40799427,0.80667627,-0.3227163,-0.80474418,0.49823785,0
2.0659347,0.56486249,0.44967794,0.93960702,-0.20899326,0.27103597,0
2.0526807,0.95830774,0.81813455,0.93960702,-0.20899326,0.27103597,0
-1.3925312,0.86762679,-1.7059493,0.3227163,0.80474418,-0.49823785,0
1.6102755,-0.79101777,0.91910064,0.93960702,-0.20899326,0.27103597,0
2.0336442,0.65212566,0.48490381,0.3227163,0.80474418,-0.49823785,0
1.2791106,-0.53646672,1.692544,-0.11398625,0.55561554,0.82358879,0
-1.3039458,-0.95535231,-0.42496854,-0.3227163,-0.80474418,0.49823785,0
-1.5703179,-0.88852721,-0.5968442,-0.3227163,-0.80474418,0.49823785,0
0.65310687,0.30000341,1.0232494,-0.11398625,0.55561554,0.82358879,0
1.0815721,-0.54250407,1.6477708,-0.3227163,-0.80474418,0.49823785,0
-0.70035887,1.4783187,-0.22823238,0.3227163,0.80474418,-0.49823785,0
2.1416194,0.3981778,0.25493848,0.93960702,-0.20899326,0.27103597,0
0.58927929,-0.80729842,-0.63566422,0.11398625,-0.55561554,-0.82358879,0
-1.2347308,1.0159209,0.34849191,-0.11398625,0.55561554,0.82358879,0
-0.16671515,0.92556,-0.74941039,0.3227163,0.80474418,-0.49823785,0
-0.21219647,-0.81227118,-0.75836754,0.11398625,-0.55561554,-0.82358879,0
0.33783233,-1.0770819,0.56139624,-0.3227163,-0.80474418,0.49823785,0
1.7013918,-0.77853155,1.2349842,0.93960702,-0.20899326,0.27103597,0
-1.8306687,0.90768224,-0.67576063,-0.93960702,0.20899326,-0.27103597,0
-0.25022286,-0.9667803,0.44805223,-0.3227163,-0.80474418,0.49823785,0
-0.47900555,0.65721101,-1.084352,0.3227163,0.80474418,-0.49823785,0
1.2978985,-1.4585662,0.49541593,-0.3227163,-0.80474418,0.49823785,0
1.0376818,0.028725788,1.4030367,-0.11398625,0.55561554,0.82358879,0
-1.445024,0.93014634,-1.4191315,-0.93960702,0.20899326,-0.27103597,0
-1.0714157,-1.155543,-0.55690598,-0.3227163,-0.80474418,0.49823785,0
1.9586613,0.45618349,0.79548156,0.93960702,-0.20899326,0.27103597,0
1.8773925,-0.21485156,0.37940633,0.93960702,-0.20899326,0.27103597,0
-0.072459936,0.17775878,-1.390357,0.11398625,-0.55561554,-0.82358879,0
-1.2397277,0.12102424,-1.4233756,0.11398625,-0.55561554,-0.82358879,0
-0.43861479,-0.60436952,0.73386276,-0.3227163,-0.80474418,0.49823785,0
-0.14035445,1.0976231,-0.47895217,0.3227163,0.80474418,-0.49823785,0
1.7385907,0.62866884,0.04974997,0.3227163,0.80474418,-0.49823785,0
1.5032451,0.1475414,1.2437093,-0.11398625,0.55561554,0.82358879,0
1.7613785,-1.1693228,-0.11000133,0.11398625,-0.55561554,-0.82358879,0
1.6254872,-1.3342091,0.73700619,0.93960702,-0.20899326,0.27103597,0
-1.6457585,-0.35752785,0.42919371,-0.3227163,-0.80474418,0.49823785,0
-1.9047886,-0.21161866,0.4390558,-0.3227163,-0.80474418,0.49823785,0
-2.0209444,-0.25856212,-0.57875109,-0.93960702,0.20899326,-0.27103597,0
1.3404074,0.59788102,0.9112379,-0.11398625,0.55561554,0.82358879,0
0.48082364,-1.4874887,-0.14790481,-0.3227163,-0.80474418,0.49823785,0
2.0404758,0.19492722,-0.31021577,0.3227163,0.80474418,-0.49823785,0
-1.0150104,-0.71078688,-0.8279444,0.11398625,-0.55561554,-0.82358879,0
1.8019859,0.12631238,-0.45140606,0.3227163,0.80474418,-0.49823785,0
1.6527116,-0.039516032,1.3538679,0.93960702,-0.20899326,0.27103597,0
-1.8161601,-0.075404406,-1.1380407,-0.93960702,0.20899326,-0.27103597,0
1.1203654,-1.0613778,-0.3096177,0.11398625,-0.55561554,-0.82358879,0
0.8614952,0.69534457,-0.38896263,0.3227163,0.80474418,-0.49823785,0
1.5827351,-0.97680354,0.96853673,0.93960702,-0.20899326,0.27103597,0
1.0748125,0.82818234,0.024571329,0.3227163,0.80474418,-0.49823785,0
-1.1905334,-0.95857823,-0.43273208,-0.3227163,-0.80474418,0.49823785,0
0.70291376,0.95486152,0.14903152,0.3227163,0.80474418,-0.49823785,0
0.67978603,-1.4605488,0.21398783,-0.3227163,-0.80474418,0.49823785,0
-0.21676075,0.42485392,-1.2996658,0.3227163,0.80474418,-0.49823785,0
-1.6451378,0.6352548,-1.307091,-0.93960702,0.20899326,-0.27103597,0
-2.2632108,-0.4615829,-0.095599651,-0.93960702,0.20899326,-0.27103597,0
1.5343455,-0.59831023,1.7316811,0.93960702,-0.20899326,0.27103597,0
1.358531,0.83452368,0.36362159,0.3227163,0.80474418,-0.49823785,0
0.69710851,-0.69054413,-0.63415557,0.11398625,-0.55561554,-0.82358879,0
1.5786753,0.886392,0.71359557,-0.11398625,0.55561554,0.82358879,0
-1.6954805,0.7759822,-1.2185136,-0.93960702,0.20899326,-0.27103597,0
-1.5117071,-0.59397453,0.10207665,-0.3227163,-0.80474418,0.49823785,0
-1.7117301,-0.0055650473,0.73142159,-0.3227163,-0.80474418,0.49823785,0
0.59896839,0.54935962,-0.58887875,0.3227163,0.80474418,-0.49823785,0
-1.8594717,0.51480889,0.66505253,-0.11398625,0.55561554,0.82358879,0
1.9861001,-0.92474806,-0.26298046,0.11398625,-0.55561554,-0.82358879,0
-0.42852485,-1.0937381,-0.16824314,-0.3227163,-0.80474418,0.49823785,0
1.6964298,-0.6416651,-0.53392249,0.11398625,-0.55561554,-0.82358879,0
-0.51249504,-1.3715644,-0.44258264,0.11398625,-0.55561554,-0.82358879,0
-2.0583642,0.43576807,0.11044776,-0.93960702,0.20899326,-0.27103597,0
-1.4338709,1.3607463,-0.71527874,0.3227163,0.80474418,-0.49823785,0
1.7151018,0.99592006,0.58059859,0.3227163,0.80474418,-0.49823785,0
-1.2265335,1.6294451,-0.08923018,-0.11398625,0.55561554,0.82358879,0
1.0607295,-0.12157404,-0.86946696,0.11398625,-0.55561554,-0.82358879,0
-1.2953222,-0.68763047,-0.90279168,0.11398625,-0.55561554,-0.82358879,0
-1.2306746,-1.1306897,-0.42186731,-0.3227163,-0.80474418,0.49823785,0
2.1135218,0.22719318,-0.055886626,0.93960702,-0.20899326,0.27103597,0
-1.9691361,-0.43492973,0.14075035,-0.3227163,-0.80474418,0.49823785,0
-1.1777536,-0.044901133,1.0061901,-0.11398625,0.55561554,0.82358879,0
2.0428643,0.1874553,0.17266202,0.93960702,-0.20899326,0.27103597,0
-1.0442467,-0.69277388,-0.93629694,0.11398625,-0.55561554,-0.82358879,0
1.5337712,-0.91877896,1.3010812,0.93960702,-0.20899326,0.27103597,0
1.4408064,-0.88887823,1.5257497,-0.3227163,-0.80474418,0.49823785,0
-0.23856223,0.25990042,-1.4184031,0.11398625,-0.55561554,-0.82358879,0
-0.16464224,1.4461737,0.025080025,0.3227163,0.80474418,-0.49823785,0
2.0880113,0.5626651,0.31762528,0.3227163,0.80474418,-0.49823785,0
2.0847111,0.030342579,-0.10624588,0.93960702,-0.20899326,0.27103597,0
1.4879107,0.15708452,1.4184438,-0.11398625,0.55561554,0.82358879,0
1.4072014,-0.75618887,1.5728678,-0.3227163,-0.80474418,0.49823785,0
-0.53670341,-0.77090544,0.3297914,-0.3227163,-0.80474418,0.49823785,0
-1.8511407,0.60068434,-0.48663402,-0.93960702,0.20899326,-0.27103597,0
2.1936855,0.19621629,-0.093668699,0.93960702,-0.20899326,0.27103597,0
-1.6471018,1.4999868,-0.22786546,-0.93960702,0.20899326,-0.27103597,0
0.40320832,-0.94816577,0.86918288,-0.3227163,-0.80474418,0.49823785,0
-1.090991,0.025757276,-1.3983166,0.11398625,-0.55561554,-0.82358879,0
-0.99385273,0.25979489,-1.5915747,0.11398625,-0.55561554,-0.82358879,0
-1.1160538,0.41666195,-1.7651451,0.11398625,-0.55561554,-0.82358879,0
-2.0193086,0.29690033,0.1172272,-0.93960702,0.20899326,-0.27103597,0
-1.7557461,0.50449872,-0.65535176,-0.93960702,0.20899326,-0.27103597,0
1.8939729,-0.5311743,0.769593,0.93960702,-0.20899326,0.27103597,0
0.89717221,-1.0426605,0.70369518,-0.3227163,-0.80474418,0.49823785,0
1.5961266,-1.7215486,0.17176449,0.93960702,-0.20899326,0.27103597,0
-0.83441162,-0.62232637,-0.98982441,0.11398625,-0.55561554,-0.82358879,0
-1.6867424,0.69589353,-1.3541784,-0.93960702,0.20899326,-0.27103597,0
-1.8514578,0.18200189,-0.49159265,-0.93960702,0.20899326,-0.27103597,0
-0.55449456,-0.81850374,0.41442794,-0.3227163,-0.80474418,0.49823785,0
0.29002687,-0.49486631,-0.78673589,0.11398625,-0.55561554,-0.82358879,0
-0.67309856,1.0694581,0.38895339,-0.11398625,0.55561554,0.82358879,0
-0.65201157,-1.2243516,-0.41559762,-0.3227163,-0.80474418,0.49823785,0
1.666698,-1.7766575,0.39571178,0.93960702,-0.20899326,0.27103597,0
-0.86083615,1.4384594,-0.20004988,0.3227163,0.80474418,-0.49823785,0
-0.61027288,1.0581871,-0.64307725,0.3227163,0.80474418,-0.49823785,0
0.2833719,-1.1180385,0.31872237,-0.3227163,-0.80474418,0.49823785,0
-1.2920921,-0.71096301,-0.84754086,0.11398625,-0.55561554,-0.82358879,0
-0.97402406,-0.88294637,0.039092109,-0.3227163,-0.80474418,0.49823785,0
0.62541533,-1.0414438,-0.37584329,0.11398625,-0.55561554,-0.82358879,0
-1.8919306,0.36069858,-0.73216248,-0.93960702,0.20899326,-0.27103597,0
0.38296854,0.65490532,-0.79512227,0.3227163,0.80474418,-0.49823785,0
0.20409441,-1.4129792,0.040971696,-0.3227163,-0.80474418,0.49823785,0
1.1733096,-0.24299788,-0.9850055,0.11398625,-0.55561554,-0.82358879,0
-0.068423331,0.37269163,-1.2771032,0.3227163,0.80474418,-0.49823785,0
0.52311689,-1.2680435,-0.33633643,0.11398625,-0.55561554,-0.82358879,0
1.744231,-0.34768128,1.3129669,0.93960702,-0.20899326,0.27103597,0
1.1904744,-0.68582594,1.8455031,-0.3227163,-0.80474418,0.49823785,0
1.7682338,-0.80159903,0.61772239,0.93960702,-0.20899326,0.27103597,0
1.8823051,-0.47217751,0.77438891,0.93960702,-0.20899326,0.27103597,0
-1.3097897,1.0487586,-1.1450163,0.3227163,0.80474418,-0.49823785,0
0.83268571,-1.2622868,-0.32451946,0.11398625,-0.55561554,-0.82358879,0
1.9523332,0.11602151,0.89679825,0.93960702,-0.20899326,0.27103597,0
-1.8923936,0.34098673,0.6862008,-0.11398625,0.55561554,0.82358879,0
-0.27012783,-0.63375503,0.71878171,-0.3227163,-0.80474418,0.49823785,0
-0.59040964,-0.97947174,-0.60991681,0.11398625,-0.55561554,-0.82358879,0
-1.7133282,0.35758194,-1.2804017,-0.93960702,0.20899326,-0.27103597,0
-2.0351083,0.66072392,0.28820634,-0.93960702,0.20899326,-0.27103597,0
1.0244256,-1.0794561,-0.45810038,0.11398625,-0.55561554,-0.82358879,0
-2.214396,0.31630588,0.27130544,-0.93960702,0.20899326,-0.27103597,0
-0.88789284,0.63526213,0.58511567,-0.11398625,0.55561554,0.82358879,0
-2.1629808,0.044169307,-0.10875857,-0.93960702,0.20899326,-0.27103597,0
-0.22334766,-0.70555526,0.68976486,-0.3227163,-0.80474418,0.49823785,0
1.3258216,-0.69768077,1.8090601,-0.11398625,0.55561554,0.82358879,0
-1.2549974,1.0011083,0.33748817,-0.11398625,0.55561554,0.82358879,0
1.6880105,-0.91100556,1.0277461,0.93960702,-0.20899326,0.27103597,0
2.0116887,-1.0611728,-0.17232907,0.11398625,-0.55561554,-0.82358879,0
0.45576555,0.61511511,-0.69249862,0.3227163,0.80474418,-0.49823785,0
0.3391555,0.2836048,-1.1492268,0.3227163,0.80474418,-0.49823785,0
-0.33106899,0.63479906,-1.1049485,0.3227163,0.80474418,-0.49823785,0
1.0322944,-0.029560968,1.4013228,-0.11398625,0.55561554,0.82358879,0
2.0406384,0.22746307,0.30158365,0.93960702,-0.20899326,0.27103597,0
0.14582869,0.49538738,1.0058337,-0.11398625,0.55561554,0.82358879,0
0.84899652,0.033488214,-1.2301313,0.11398625,-0.55561554,-0.82358879,0
1.6731189,-1.6332743,0.098273158,0.93960702,-0.20899326,0.27103597,0
-1.77745,0.86512327,-0.87465942,-0.93960702,0.20899326,-0.27103597,0
1.1277883,-1.2278357,0.77816916,-0.3227163,-0.80474418,0.49823785,0
2.0816143,0.72541565,0.60269392,0.3227163,0.80474418,-0.49823785,0
1.8524871,-0.44766855,-0.55426931,0.11398625,-0.55561554,-0.82358879,0
2.1245844,-0.43769765,-0.3568728,0.93960702,-0.20899326,0.27103597,0
-0.64887011,0.28611761,-1.4767754,0.11398625,-0.55561554,-0.82358879,0
-0.37423918,-0.43668413,-0.87360573,0.11398625,-0.55561554,-0.82358879,0
-0.15637022,-0.34078583,-0.91420823,0.11398625,-0.55561554,-0.82358879,0
1.9759431,-0.29951727,0.081673503,0.93960702,-0.20899326,0.27103597,0
-1.9085343,-0.79070151,-1.0164676,-0.93960702,0.20899326,-0.27103597,0
1.5897031,0.47854394,-0.25117493,0.3227163,0.80474418,-0.49823785,0
1.2899882,-1.5625056,0.1521467,-0.3227163,-0.80474418,0.49823785,0
-0.30027404,1.3090507,0.17678052,-0.11398625,0.55561554,0.82358879,0
2.0025167,-0.029559493,-0.83280504,0.3227163,0.80474418,-0.49823785,0
1.9457049,0.99171633,0.69571978,0.3227163,0.80474418,-0.49823785,0
0.86155879,0.51921231,-0.69656312,0.3227163,0.80474418,-0.49823785,0
1.0484308,-1.2877357,0.80120969,-0.3227163,-0.80474418,0.49823785,0
0.016480824,1.0271564,0.568874,-0.11398625,0.55561554,0.82358879,0
0.17624024,-1.3547258,-0.0032466054,-0.3227163,-0.80474418,0.49823785,0
-1.8204062,0.69931078,-0.5941658,-0.93960702,0.20899326,-0.27103597,0
1.0677261,0.62057889,-0.49605376,0.3227163,0.80474418,-0.49823785,0
1.5967021,-0.18793857,1.5143849,-0.11398625,0.55561554,0.82358879,0
-1.9732711,-0.61837512,-0.77035201,-0.93960702,0.20899326,-0.27103597,0
2.0008488,0.41701129,0.9035784,0.93960702,-0.20899326,0.27103597,0
-0.77561188,-0.99649656,0.080943078,-0.3227163,-0.80474418,0.49823785,0
-0.96045846,-0.33058,0.99941474,-0.3227163,-0.80474418,0.49823785,0
1.8107318,0.078513443,0.87358797,0.93960702,-0.20899326,0.27103597,0
-1.420915,-0.67122525,0.13208491,-0.3227163,-0.80474418,0.49823785,0
-0.95338631,-0.33395192,-1.1652584,0.11398625,-0.55561554,-0.82358879,0
0.62214535,-0.011207044,-1.0368769,0.11398625,-0.55561554,-0.82358879,0
1.6759017,-0.31968135,1.5008794,0.93960702,-0.20899326,0.27103597,0
-0.22723889,0.57037205,-1.2588496,0.3227163,0.80474418,-0.49823785,0
-1.6178803,1.5156674,-0.14767599,-0.11398625,0.55561554,0.82358879,0
0.28125107,-0.28292519,1.5555903,-0.11398625,0.55561554,0.82358879,0
1.2227795,0.39228082,1.1293302,-0.11398625,0.55561554,0.82358879,0
1.8219937,-1.0345144,-0.22177589,0.11398625,-0.55561554,-0.82358879,0
-0.12697056,0.5140062,0.97090805,-0.11398625,0.55561554,0.82358879,0
-0.99604601,1.2353874,-0.54130781,0.3227163,0.80474418,-0.49823785,0
2.140038,-0.047227263,-0.29951406,0.93960702,-0.20899326,0.27103597,0
1.2835599,0.48747092,-0.20121312,0.3227163,0.80474418,-0.49823785,0
-1.9121854,0.71393871,-0.25933743,-0.93960702,0.20899326,-0.27103597,0
-2.0040729,0.59390938,0.28582907,-0.93960702,0.20899326,-0.27103597,0
-0.15302055,-1.2720495,-0.42105162,0.11398625,-0.55561554,-0.82358879,0
2.1747334,-0.44954133,-0.47069454,0.93960702,-0.20899326,0.27103597,0
1.5726509,-0.4553782,1.6632696,-0.11398625,0.55561554,0.82358879,0
-0.62866968,-0.28867042,1.1010681,-0.3227163,-0.80474418,0.49823785,0
0.98000139,-0.88133109,1.0765636,-0.3227163,-0.80474418,0.49823785,0
1.28081,-1.417943,-0.12760687,0.11398625,-0.55561554,-0.82358879,0
2.1879134,0.450266,0.21044481,0.3227163,0.80474418,-0.49823785,0
-1.9722046,0.065243721,0.69382048,-0.3227163,-0.80474418,0.49823785,0
-0.80777663,0.81022638,-1.1055573,0.3227163,0.80474418,-0.49823785,0
2.1628113,0.10984725,0.11039495,0.93960702,-0.20899326,0.27103597,0
1.6580741,-0.13317119,1.3042301,0.93960702,-0.20899326,0.27103597,0
1.4974238,0.9790678,0.58993667,0.3227163,0.80474418,-0.49823785,0
1.5073099,-0.49946162,1.6604527,0.93960702,-0.20899326,0.27103597,0
0.77730238,1.0922474,0.11054289,0.3227163,0.80474418,-0.49823785,0
-0.36540744,1.0449576,-0.38342011,0.3227163,0.80474418,-0.49823785,0
0.20232308,0.93765616,-0.42451546,0.3227163,0.80474418,-0.49823785,0
-1.6772926,-0.72841728,-0.94501716,0.11398625,-0.55561554,-0.82358879,0
0.22599977,1.2009703,0.051850408,0.3227163,0.80474418,-0.49823785,0
-1.4615066,-0.0034760237,1.0328612,-0.3227163,-0.80474418,0.49823785,0
1.0688918,-1.1404433,0.89592588,-0.3227163,-0.80474418,0.49823785,0
1.7296273,-0.38823283,1.0236105,0.93960702,-0.20899326,0.27103597,0
0.4302063,1.0772994,0.13884687,0.3227163,0.80474418,-0.49823785,0
1.6114089,-1.5442111,0.10564089,0.11398625,-0.55561554,-0.82358879,0
-0.85940087,-0.06540826,-1.3611889,0.11398625,-0.55561554,-0.82358879,0
0.56343156,0.56756711,-0.87018031,0.3227163,0.80474418,-0.49823785,0
-0.45879099,-1.1858932,-0.26417518,-0.3227163,-0.80474418,0.49823785,0
-1.1939911,0.25583142,0.84456503,-0.11398625,0.55561554,0.82358879,0
1.7249353,0.95245183,0.9184283,-0.11398625,0.55561554,0.82358879,0
-0.48898357,0.86830413,-0.8085199,0.3227163,0.80474418,-0.49823785,0
1.3082552,0.27686077,-0.85661155,0.3227163,0.80474418,-0.49823785,0
1.5847934,-1.1392637,1.091246,0.93960702,-0.20899326,0.27103597,0
1.088431,0.63227057,0.90985459,-0.11398625,0.55561554,0.82358879,0
-1.7830861,-0.68993974,-0.90652287,0.11398625,-0.55561554,-0.82358879,0
0.35968196,-0.002622664,-1.266093,0.11398625,-0.55561554,-0.82358879,0
1.6759682,-1.0888952,-0.31341457,0.11398625,-0.55561554,-0.82358879,0
1.834901,-1.3828528,0.0029290915,0.11398625,-0.55561554,-0.82358879,0
0.06626308,0.78016841,-0.59871745,0.3227163,0.80474418,-0.49823785,0
1.5230348,-0.043997549,1.3670537,-0.11398625,0.55561554,0.82358879,0
0.99722707,0.73928982,-0.36767665,0.3227163,0.80474418,-0.49823785,0
1.8623289,-1.080575,-0.033970952,0.93960702,-0.20899326,0.27103597,0
1.8543494,-0.26216018,0.50030732,0.93960702,-0.20899326,0.27103597,0
2.0172915,0.22869158,0.32178688,0.93960702,-0.20899326,0.27103597,0
0.35110092,-0.63671315,-0.62611246,0.11398625,-0.55561554,-0.82358879,0
-1.1422052,0.78281152,0.51927698,-0.11398625,0.55561554,0.82358879,0
0.69900656,-0.12585041,1.4672809,-0.11398625,0.55561554,0.82358879,0
0.37796009,-0.77500653,-0.53037947,0.11398625,-0.55561554,-0.82358879,0
1.6641839,-0.54559457,1.4701314,0.93960702,-0.20899326,0.27103597,0
1.7379916,-0.88506895,0.52338183,0.93960702,-0.20899326,0.27103597,0
1.3078432,-0.076051116,-0.90365058,0.11398625,-0.55561554,-0.82358879,0
-0.5884037,0.44930619,0.74031448,-0.11398625,0.55561554,0.82358879,0
-0.03275162,0.063565731,1.2273272,-0.11398625,0.55561554,0.82358879,0
0.93868554,-0.67110121,-0.54450524,0.11398625,-0.55561554,-0.82358879,0
1.6575444,-0.98863256,-0.31667984,0.11398625,-0.55561554,-0.82358879,0
-2.0638971,0.14493972,-0.16650975,-0.93960702,0.20899326,-0.27103597,0
1.6866924,0.82202542,0.34095502,0.3227163,0.80474418,-0.49823785,0
1.963429,-1.0229685,0.082301855,0.93960702,-0.20899326,0.27103597,0
-0.68217099,-0.99907857,-0.12162734,-0.3227163,-0.80474418,0.49823785,0
0.77864558,0.8277235,-0.034405947,0.3227163,0.80474418,-0.49823785,0
-0.48450923,-0.27670729,1.2745339,-0.3227163,-0.80474418,0.49823785,0
1.7318169,-0.59314883,1.0722421,0.93960702,-0.20899326,0.27103597,0
2.184299,-0.33192933,-0.50641286,0.93960702,-0.20899326,0.27103597,0
0.42901796,-1.2801546,0.35818893,-0.3227163,-0.80474418,0.49823785,0
-0.71609569,-1.1620229,-0.15609276,-0.3227163,-0.80474418,0.49823785,0
2.0920825,0.10167539,-0.56318736,0.3227163,0.80474418,-0.49823785,0
-1.6932679,-0.64785826,0.0075187087,-0.3227163,-0.80474418,0.49823785,0
1.8066144,-0.20991182,-0.77328122,0.11398625,-0.55561554,-0.82358879,0
-0.16710031,0.79987729,-0.6445576,0.3227163,0.80474418,-0.49823785,0
-0.29705653,-1.4406289,-0.38885069,0.11398625,-0.55561554,-0.82358879,0
-2.1546333,0.56939816,0.58148324,-0.93960702,0.20899326,-0.27103597,0
-1.8724518,-0.18430181,-1.2617755,-0.93960702,0.20899326,-0.27103597,0
1.9866562,-1.0592852,-0.14532125,0.93960702,-0.20899326,0.27103597,0
-0.99673975,1.3284798,0.26473641,-0.11398625,0.55561554,0.82358879,0
1.4129105,-0.65955722,-0.52158678,0.11398625,-0.55561554,-0.82358879,0
-1.0499117,0.25544897,-1.4433048,0.11398625,-0.55561554,-0.82358879,0
-0.025248051,-0.45449561,1.1496159,-0.3227163,-0.80474418,0.49823785,0
0.35018712,-0.19875096,1.3210342,-0.11398625,0.55561554,0.82358879,0
1.500581,0.11754091,1.2386429,-0.11398625,0.55561554,0.82358879,0
-2.2439494,-0.51675403,-0.30562031,-0.93960702,0.20899326,-0.27103597,0
1.8914621,0.59798235,0.14770758,0.3227163,0.80474418,-0.49823785,0
1.8577672,-0.36691332,0.64828837,0.93960702,-0.20899326,0.27103597,0
0.31098673,-1.1504307,-0.46317717,0.11398625,-0.55561554,-0.82358879,0
-0.95876706,1.5489144,0.13154268,-0.11398625,0.55561554,0.82358879,0
-0.47270092,1.0751296,-0.55093831,0.3227163,0.80474418,-0.49823785,0
-1.8400829,0.31995916,-1.0943742,-0.93960702,0.20899326,-0.27103597,0
0.41367394,1.2038313,0.39952672,-0.11398625,0.55561554,0.82358879,0
-2.1113391,-0.055527329,0.40441102,-0.3227163,-0.80474418,0.49823785,0
-1.898221,0.14377862,-0.9736979,-0.93960702,0.20899326,-0.27103597,0
2.1149008,0.32082829,0.60825777,0.93960702,-0.20899326,0.27103597,0
0.47639459,-0.1947456,-1.0871959,0.11398625,-0.55561554,-0.82358879,0
0.77925843,-0.80706668,-0.63527781,0.11398625,-0.55561554,-0.82358879,0
1.2722753,0.60347205,-0.33908269,0.3227163,0.80474418,-0.49823785,0
2.1292326,0.10571206,-0.27290249,0.93960702,-0.20899326,0.27103597,0
0.79304212,-0.63302767,1.6316755,-0.3227163,-0.80474418,0.49823785,0
1.7087762,0.081456736,1.2255782,0.93960702,-0.20899326,0.27103597,0
-0.19382447,-1.1742826,0.17400327,-0.3227163,-0.80474418,0.49823785,0
-2.1089494,-0.63343441,-0.54084396,-0.93960702,0.20899326,-0.27103597,0
0.13380376,1.2867192,0.30443099,-0.11398625,0.55561554,0.82358879,0
-0.51007646,1.2338154,-0.38989484,0.3227163,0.80474418,-0.49823785,0
-1.6021948,0.78694707,-1.5686523,-0.93960702,0.20899326,-0.27103597,0
-0.34996384,0.31090724,-1.3600826,0.11398625,-0.55561554,-0.82358879,0
2.0850334,0.26993543,0.29977524,0.93960702,-0.20899326,0.27103597,0
-0.75919998,-1.2065828,-0.29476565,-0.3227163,-0.80474418,0.49823785,0
-1.1787071,-0.53984582,0.26970732,-0.3227163,-0.80474418,0.49823785,0
-1.4442968,1.5646344,-0.037468672,-0.11398625,0.55561554,0.82358879,0
0.23855849,-0.97569418,-0.52908057,0.11398625,-0.55561554,-0.82358879,0
-0.65992725,-0.88181067,0.34358728,-0.3227163,-0.80474418,0.49823785,0
-1.765362,-0.73132724,-0.44202775,-0.3227163,-0.80474418,0.49823785,0
0.12337995,0.11214912,-1.2464067,0.11398625,-0.55561554,-0.82358879,0
1.5084766,-1.0711939,0.96983755,0.93960702,-0.20899326,0.27103597,0
-1.1417382,-1.0362829,-0.25237834,-0.3227163,-0.80474418,0.49823785,0
-1.3285986,0.90646011,0.44589788,-0.11398625,0.55561554,0.82358879,0
2.0669289,-0.063889146,-0.64308,0.3227163,0.80474418,-0.49823785,0
1.8831379,-1.1651677,0.17249,0.93960702,-0.20899326,0.27103597,0
2.0150411,0.54722923,0.76829398,0.93960702,-0.20899326,0.27103597,0
0.61635596,-0.95621741,-0.50340885,0.11398625,-0.55561554,-0.82358879,0
-0.68040234,-1.1730928,-0.43561122,-0.3227163,-0.80474418,0.49823785,0
-1.3434681,0.90553188,-1.3933501,0.3227163,0.80474418,-0.49823785,0
-1.0987918,-0.16469201,-1.138889,0.11398625,-0.55561554,-0.82358879,0
-2.0792022,0.27705908,0.78069305,-0.11398625,0.55561554,0.82358879,0
-1.7807848,-0.70917946,-0.36466527,-0.3227163,-0.80474418,0.49823785,0
0.65491116,-0.14395761,-1.0171225,0.11398625,-0.55561554,-0.82358879,0
1.6831422,-1.6783011,0.14579666,0.11398625,-0.55561554,-0.82358879,0
2.098073,0.19190586,-0.48517966,0.3227163,0.80474418,-0.49823785,0
1.4483156,-0.74559337,1.8936357,0.93960702,-0.20899326,0.27103597,0
1.2509278,-0.94729096,1.0956708,-0.3227163,-0.80474418,0.49823785,0
-1.8381472,1.2023894,-0.14545,-0.93960702,0.20899326,-0.27103597,0
-0.39116737,-0.96440744,0.074570209,-0.3227163,-0.80474418,0.49823785,0
2.0942173,-0.34726179,-0.21196139,0.93960702,-0.20899326,0.27103597,0
1.9063054,-0.19319534,0.26567209,0.93960702,-0.20899326,0.27103597,0
2.0575495,0.071175814,0.64741707,0.93960702,-0.20899326,0.27103597,0
0.6193307,-1.391855,0.11291707,-0.3227163,-0.80474418,0.49823785,0
0.087520719,-0.28426304,1.4986701,-0.11398625,0.55561554,0.82358879,0
-0.21626684,-1.2981139,-0.25934261,-0.3227163,-0.80474418,0.49823785,0
1.2048618,-0.089405715,1.4105546,-0.11398625,0.55561554,0.82358879,0
-0.22810942,0.4313606,-1.2878442,0.3227163,0.80474418,-0.49823785,0
-1.528911,-0.56342101,-0.006090939,-0.3227163,-0.80474418,0.49823785,0
-0.6698041,0.050474346,1.1083841,-0.11398625,0.55561554,0.82358879,0
-1.4905013,1.0749722,-1.3317226,-0.93960702,0.20899326,-0.27103597,0
1.7939222,0.21534309,1.1487069,0.93960702,-0.20899326,0.27103597,0
-1.0061469,-0.88009268,0.12151176,-0.3227163,-0.80474418,0.49823785,0
0.46054125,0.69147265,-0.48364893,0.3227163,0.80474418,-0.49823785,0
0.85248411,-1.1025962,-0.45918071,0.11398625,-0.55561554,-0.82358879,0
-1.7574022,0.19867912,-0.87356055,-0.93960702,0.20899326,-0.27103597,0
1.8955452,-0.46274507,0.33138931,0.93960702,-0.20899326,0.27103597,0
-2.1381166,0.26013726,-0.023955584,-0.93960702,0.20899326,-0.27103597,0
0.59676301,-0.9837324,-0.45245352,0.11398625,-0.55561554,-0.82358879,0
-1.217865,0.26103407,0.80817217,-0.11398625,0.55561554,0.82358879,0
0.82987505,-1.0665108,0.91260409,-0.3227163,-0.80474418,0.49823785,0
1.0201864,-1.183051,0.74940014,-0.3227163,-0.80474418,0.49823785,0
0.3365519,-0.52971792,1.3440206,-0.3227163,-0.80474418,0.49823785,0
-1.0339675,-0.82548416,0.062445581,-0.3227163,-0.80474418,0.49823785,0
-1.4391998,1.228469,-0.96688879,0.3227163,0.80474418,-0.49823785,0
1.1589196,-1.3212103,-0.17337322,0.11398625,-0.55561554,-0.82358879,0
2.0596697,-0.32678324,0.3536675,0.93960702,-0.20899326,0.27103597,0
1.614035,1.0485452,0.73529959,-0.11398625,0.55561554,0.82358879,0
0.81522352,-1.3894877,0.42878866,-0.3227163,-0.80474418,0.49823785,0
1.9950671,0.71839976,0.62621707,0.3227163,0.80474418,-0.49823785,0
-0.049344361,0.59978819,-0.94641697,0.3227163,0.80474418,-0.49823785,0
-0.72082496,-0.26381898,1.0231639,-0.3227163,-0.80474418,0.49823785,0
0.37036347,0.18273467,-1.2038521,0.11398625,-0.55561554,-0.82358879,0
2.149914,-0.30141509,-0.072538137,0.93960702,-0.20899326,0.27103597,0
0.13267857,-0.50635839,1.3656874,-0.3227163,-0.80474418,0.49823785,0
1.7410445,-0.96658909,0.3843745,0.93960702,-0.20899326,0.27103597,0
-1.5322968,1.146145,0.21156406,-0.11398625,0.55561554,0.82358879,0
0.56352127,-1.3128844,-0.18923718,0.11398625,-0.55561554,-0.82358879,0
2.0459325,-0.21700132,-0.17648256,0.93960702,-0.20899326,0.27103597,0
2.0433033,0.87478626,0.83854586,-0.11398625,0.55561554,0.82358879,0
2.0757666,-0.55682695,-0.16675127,0.93960702,-0.20899326,0.27103597,0
1.7819171,-1.1344457,0.50300992,0.93960702,-0.20899326,0.27103597,0
1.7389318,1.0407362,0.64794725,0.3227163,0.80474418,-0.49823785,0
1.5406768,-1.1715417,0.84607959,0.93960702,-0.20899326,0.27103597,0
1.9321284,-0.96282947,-0.22970319,0.93960702,-0.20899326,0.27103597,0
2.1707659,-0.027911067,-0.75004625,0.3227163,0.80474418,-0.49823785,0
0.64783758,0.49024639,0.85189205,-0.11398625,0.55561554,0.82358879,0
1.343202,-0.38542837,1.5563501,-0.11398625,0.55561554,0.82358879,0
1.5573841,0.087362669,1.2780542,-0.11398625,0.55561554,0.82358879,0
1.2551522,-0.16462702,-0.91282463,0.11398625,-0.55561554,-0.82358879,0
-2.0232139,-0.45252791,-0.84477401,-0.93960702,0.20899326,-0.27103597,0
-2.0037677,0.64844811,0.35932755,-0.93960702,0.20899326,-0.27103597,0
-1.8963234,-0.10943878,-1.1391908,-0.93960702,0.20899326,-0.27103597,0
0.24657983,-0.77254081,0.8004232,-0.3227163,-0.80474418,0.49823785,0
0.55525124,-0.53378904,-0.87025619,0.11398625,-0.55561554,-0.82358879,0
-0.15114719,0.40378237,-1.447799,0.11398625,-0.55561554,-0.82358879,0
0.13809322,-1.4761083,-0.31196007,0.11398625,-0.55561554,-0.82358879,0
1.5129143,-1.6650059,0.23509371,0.11398625,-0.55561554,-0.82358879,0
-1.1706997,-0.1825248,0.76119632,-0.3227163,-0.80474418,0.49823785,0
1.824506,0.37202236,0.98089266,0.93960702,-0.20899326,0.27103597,0
1.8136557,0.079170853,1.3070122,0.93960702,-0.20899326,0.27103597,0
0.60712707,-0.66872716,1.213729,-0.3227163,-0.80474418,0.49823785,0
-2.2127526,-0.068972468,0.46722412,-0.93960702,0.20899326,-0.27103597,0
-1.9492477,0.59357917,-0.35479665,-0.93960702,0.20899326,-0.27103597,0
1.4463513,-1.4499205,0.62053406,-0.3227163,-0.80474418,0.49823785,0
1.5195111,-0.48431578,1.6398807,-0.11398625,0.55561554,0.82358879,0
-1.3692389,-0.59536672,-0.88390017,0.11398625,-0.55561554,-0.82358879,0
1.8084376,-1.1241622,0.1114701,0.93960702,-0.20899326,0.27103597,0
1.4865698,-0.73749483,-0.45467538,0.11398625,-0.55561554,-0.82358879,0
-2.1226344,0.21705294,-0.03381896,-0.93960702,0.20899326,-0.27103597,0
-0.62030399,-1.0025473,-0.07949461,-0.3227163,-0.80474418,0.49823785,0
-1.7280027,1.0240765,-0.48580384,-0.93960702,0.20899326,-0.27103597,0
2.1137612,0.25535864,-0.22072589,0.3227163,0.80474418,-0.49823785,0
-1.9030652,0.2831682,0.65278161,-0.11398625,0.55561554,0.82358879,0
-1.7264725,-0.7551741,-0.4110043,-0.3227163,-0.80474418,0.49823785,0
1.7001134,-1.6921918,0.31552994,0.93960702,-0.20899326,0.27103597,0
-0.5987283,-0.48975521,0.83992368,-0.3227163,-0.80474418,0.49823785,0
0.073331833,0.74772263,-0.58715767,0.3227163,0.80474418,-0.49823785,0
-0.098205447,1.1561,-0.28824216,0.3227163,0.80474418,-0.49823785,0
0.98523378,0.58253539,-0.4681108,0.3227163,0.80474418,-0.49823785,0
-1.886647,0.2444694,0.77865708,-0.11398625,0.55561554,0.82358879,0
0.64023566,0.53108609,-0.78313732,0.3227163,0.80474418,-0.49823785,0
-1.5602956,1.5022967,0.093957424,-0.11398625,0.55561554,0.82358879,0
0.51843017,0.62231082,0.81878603,-0.11398625,0.55561554,0.82358879,0
-0.37034369,-0.55359197,1.0679858,-0.3227163,-0.80474418,0.49823785,0
1.0034269,0.83908296,0.74475145,-0.11398625,0.55561554,0.82358879,0
-0.0059936345,-0.59644026,-0.90804595,0.11398625,-0.55561554,-0.82358879,0
2.1005588,-0.41026008,-0.56774139,0.93960702,-0.20899326,0.27103597,0
0.87714058,0.72344387,-0.37567443,0.3227163,0.80474418,-0.49823785,0
0.46217716,-0.77936661,1.1169922,-0.3227163,-0.80474418,0.49823785,0
-2.2674928,0.010931015,0.46056545,-0.3227163,-0.80474418,0.49823785,0
0.87275702,-0.71910763,1.4359689,-0.3227163,-0.80474418,0.49823785,0
1.8606154,-0.14621076,1.0522727,0.93960702,-0.20899326,0.27103597,0
-0.97933173,-0.47271675,0.6561563,-0.3227163,-0.80474418,0.49823785,0
-0.74207515,0.24493366,0.97260666,-0.11398625,0.55561554,0.82358879,0
1.804621,0.50234514,0.087341607,0.3227163,0.80474418,-0.49823785,0
0.30077589,0.082811475,1.2534891,-0.11398625,0.55561554,0.82358879,0
1.7066071,-0.73667747,0.58605623,0.93960702,-0.20899326,0.27103597,0
-1.7646148,1.2655585,-0.4768486,-0.93960702,0.20899326,-0.27103597,0
1.8318179,-0.29064298,0.53225768,0.93960702,-0.20899326,0.27103597,0
0.34693223,-0.69003117,1.1915936,-0.3227163,-0.80474418,0.49823785,0
1.9002109,-0.3434456,0.19614589,0.93960702,-0.20899326,0.27103597,0
-0.54826063,0.15696836,0.98783606,-0.11398625,0.55561554,0.82358879,0
-0.40530446,-1.0228895,-0.5989579,0.11398625,-0.55561554,-0.82358879,0
1.9287937,-0.89940912,0.25292385,0.93960702,-0.20899326,0.27103597,0
0.4675808,-1.3771278,-0.029348016,-0.3227163,-0.80474418,0.49823785,0
1.8842022,-0.64418709,0.16894913,0.93960702,-0.20899326,0.27103597,0
-0.24731338,0.038945794,1.1497355,-0.11398625,0.55561554,0.82358879,0
-1.5476464,1.5860972,-0.48538291,0.3227163,0.80474418,-0.49823785,0
-1.9802508,0.65889043,-0.042705297,-0.93960702,0.20899326,-0.27103597,0
0.35325587,-0.62243617,-0.80752122,0.11398625,-0.55561554,-0.82358879,0
-0.20581663,-1.3353282,-0.40358466,0.11398625,-0.55561554,-0.82358879,0
1.7651451,0.076590121,1.3044655,0.93960702,-0.20899326,0.27103597,0
-0.81232423,0.41190159,0.91840184,-0.11398625,0.55561554,0.82358879,0
1.5419334,-0.50787121,1.4576479,0.93960702,-0.20899326,0.27103597,0
1.0940647,1.2320926,0.55893385,0.3227163,0.80474418,-0.49823785,0
2.0356641,-0.67088103,-0.35989153,0.93960702,-0.20899326,0.27103597,0
1.3407849,-0.10282612,-0.90852374,0.11398625,-0.55561554,-0.82358879,0
-1.0259342,0.99700046,-1.2236631,0.3227163,0.80474418,-0.49823785,0
-0.98153317,1.5099988,0.13055754,-0.11398625,0.55561554,0.82358879,0
-2.1998804,0.034825802,0.45426375,-0.93960702,0.20899326,-0.27103597,0
-0.78721017,-0.5263741,0.80587357,-0.3227163,-0.80474418,0.49823785,0
1.6994749,-1.832792,0.26036286,0.93960702,-0.20899326,0.27103597,0
-1.6869749,1.0681818,0.26816738,-0.11398625,0.55561554,0.82358879,0
-1.7146175,1.3095863,-0.28920949,-0.93960702,0.20899326,-0.27103597,0
1.1277852,-0.85106325,-0.47546172,0.11398625,-0.55561554,-0.82358879,0
-0.26068813,1.001442,-0.39797354,0.3227163,0.80474418,-0.49823785,0
-0.95143825,-1.1714736,-0.39797896,-0.3227163,-0.80474418,0.49823785,0
-1.8915508,-0.75399208,-1.0131398,0.11398625,-0.55561554,-0.82358879,0
-1.8777134,0.35057926,-0.67593801,-0.93960702,0.20899326,-0.27103597,0
0.68645334,-0.51941216,1.6828632,-0.3227163,-0.80474418,0.49823785,0
1.8943847,-0.7937113,-0.3701371,0.11398625,-0.55561554,-0.82358879,0
0.69001549,-0.56742173,1.337122,-0.3227163,-0.80474418,0.49823785,0
1.7131567,-1.4396873,0.31187642,0.93960702,-0.20899326,0.27103597,0
2.1250434,-0.044110417,-0.6495378,0.3227163,0.80474418,-0.49823785,0
0.52206826,-0.85447448,0.93466777,-0.3227163,-0.80474418,0.49823785,0
2.3141787,-0.046151876,-0.37380719,0.93960702,-0.20899326,0.27103597,0
1.391165,1.0603633,0.80549806,-0.11398625,0.55561554,0.82358879,0
-1.898859,0.73303425,0.52529418,-0.11398625,0.55561554,0.82358879,0
-0.18077803,1.2114352,-0.31066537,0.3227163,0.80474418,-0.49823785,0
1.4380578,-0.81338012,1.6906213,-0.3227163,-0.80474418,0.49823785,0
0.69594681,-1.2292869,0.59662867,-0.3227163,-0.80474418,0.49823785,0
-1.4475061,0.34973627,-1.7476854,0.11398625,-0.55561554,-0.82358879,0
-0.13784522,0.87596738,-0.84605712,0.3227163,0.80474418,-0.49823785,0
1.1176502,-0.87980491,1.3021985,-0.3227163,-0.80474418,0.49823785,0
1.5621821,-1.3511918,-0.080368757,0.11398625,-0.55561554,-0.82358879,0
0.89687157,0.34826085,1.1478381,-0.11398625,0.55561554,0.82358879,0
2.0765557,0.47300303,0.88167667,0.93960702,-0.20899326,0.27103597,0
-0.59927869,-0.40389526,-1.0366813,0.11398625,-0.55561554,-0.82358879,0
0.97350073,-1.0955944,1.001645,-0.3227163,-0.80474418,0.49823785,0
-0.053416371,-0.30092356,1.512359,-0.11398625,0.55561554,0.82358879,0
0.7319932,-0.40460712,-0.89909077,0.11398625,-0.55561554,-0.82358879,0
-1.4956152,0.57855707,-1.5218703,-0.93960702,0.20899326,-0.27103597,0
-0.14081889,0.67208886,-1.0296704,0.3227163,0.80474418,-0.49823785,0
