2.1009581,-2.576067,-4.7565708,0.50840461,0.31321454,-0.80213547,0
2.3533511,3.2188339,-2.1311007,0.50840461,0.31321454,-0.80213547,0
0.68587554,-3.2565651,-3.9695268,-0.063232988,-0.91541052,-0.3975237,0
2.1576357,5.1295161,-0.85543728,0.063232988,0.91541052,0.3975237,0
2.0172949,-2.166846,-4.4743953,0.50840461,0.31321454,-0.80213547,0
2.4712443,1.9915853,-2.7058587,0.50840461,0.31321454,-0.80213547,0
1.9354005,-1.5324187,-3.6984296,0.8587935,-0.25282431,0.44559348,0
-0.4835391,3.3504272,3.5781267,0.063232988,0.91541052,0.3975237,0
1.8850882,-2.8911483,-4.7488813,-0.063232988,-0.91541052,-0.3975237,0
-1.2991934,-5.0311394,0.61574149,-0.063232988,-0.91541052,-0.3975237,0
-1.2056789,2.4625785,4.7053924,0.8587935,-0.25282431,0.44559348,0
-1.1721359,2.3643801,4.9462333,0.8587935,-0.25282431,0.44559348,0
2.212069,-1.4969929,-4.050807,0.50840461,0.31321454,-0.80213547,0
1.9039575,0.20550072,-3.7070875,0.50840461,0.31321454,-0.80213547,0
0.0076677799,-3.9954715,-2.037595,-0.063232988,-0.91541052,-0.3975237,0
0.18541253,4.2839642,1.438174,0.063232988,0.91541052,0.3975237,0
-1.5595416,-0.96432149,3.6333218,0.8587935,-0.25282431,0.44559348,0
-0.73244941,0.35631025,2.8669121,0.8587935,-0.25282431,0.44559348,0
-0.033801675,-4.0791235,-1.8038442,-0.063232988,-0.91541052,-0.3975237,0
0.032495737,-4.2284603,-1.7743363,-0.063232988,-0.91541052,-0.3975237,0
-0.90046811,-4.3349957,-1.1977921,-0.063232988,-0.91541052,-0.3975237,0
-1.5038922,-1.3011588,3.3786619,0.8587935,-0.25282431,0.44559348,0
0.011440873,-3.8110054,-1.2236776,0.8587935,-0.25282431,0.44559348,0
-0.015020609,-3.6097822,-2.8258796,-0.063232988,-0.91541052,-0.3975237,0
-2.0988488,-1.9205595,1.7172918,-0.8587935,0.25282431,-0.44559348,0
-1.4148268,1.3929043,4.6848598,-0.50840461,-0.31321454,0.80213547,0
0.95120549,0.82792866,-0.34495401,0.8587935,-0.25282431,0.44559348,0
-0.21338558,-1.8709035,0.39004141,0.8587935,-0.25282431,0.44559348,0
0.56581998,-3.3493748,-3.6292887,-0.063232988,-0.91541052,-0.3975237,0
-0.13172805,4.1368904,1.8211267,0.063232988,0.91541052,0.3975237,0
0.81020755,0.79203969,-0.16369832,0.8587935,-0.25282431,0.44559348,0
1.7213671,-0.44316292,-4.1699014,0.50840461,0.31321454,-0.80213547,0
-1.7912974,-2.2382655,3.0792673,-0.50840461,-0.31321454,0.80213547,0
1.9432535,4.2056718,-2.0172071,0.50840461,0.31321454,-0.80213547,0
-1.1724441,0.41377619,1.2178748,-0.8587935,0.25282431,-0.44559348,0
1.234092,-3.5291331,-3.6254835,-0.063232988,-0.91541052,-0.3975237,0
1.2538266,-2.9274559,-4.6936131,-0.063232988,-0.91541052,-0.3975237,0
1.0136036,2.5438278,0.52639103,0.8587935,-0.25282431,0.44559348,0
2.166749,-3.1075745,-4.6703782,-0.063232988,-0.91541052,-0.3975237,0
1.7134988,4.9466395,-0.42293978,0.063232988,0.91541052,0.3975237,0
-0.046886921,3.7505274,2.8116262,0.063232988,0.91541052,0.3975237,0
-1.6821351,-4.8001709,0.0086834431,-0.063232988,-0.91541052,-0.3975237,0
-0.01351887,3.6581197,3.0516438,0.063232988,0.91541052,0.3975237,0
2.3561919,3.584821,-2.1432004,0.50840461,0.31321454,-0.80213547,0
-1.8791041,0.37570012,3.9733355,-0.50840461,-0.31321454,0.80213547,0
-1.5951324,-5.0097938,0.41215301,-0.063232988,-0.91541052,-0.3975237,0
0.88862324,-3.2806487,-3.9755118,-0.063232988,-0.91541052,-0.3975237,0
0.1458199,-3.8385041,-2.7495072,-0.063232988,-0.91541052,-0.3975237,0
1.679082,0.46244729,-3.7388563,0.50840461,0.31321454,-0.80213547,0
-1.1535891,-4.021914,-1.3097,-0.8587935,0.25282431,-0.44559348,0
1.8650403,-1.5276872,-4.4133458,0.50840461,0.31321454,-0.80213547,0
2.3621864,0.75297213,-2.8885908,0.8587935,-0.25282431,0.44559348,0
-1.4273427,2.6081045,5.076376,-0.50840461,-0.31321454,0.80213547,0
0.030352235,-3.6107974,-3.0066102,-0.063232988,-0.91541052,-0.3975237,0
-0.65367556,-3.9743133,-1.9607713,-0.063232988,-0.91541052,-0.3975237,0
-2.2707417,-3.5641432,2.057698,-0.50840461,-0.31321454,0.80213547,0
-1.6543741,-4.844902,0.24588346,-0.063232988,-0.91541052,-0.3975237,0
0.19946873,3.080117,0.37770522,-0.8587935,0.25282431,-0.44559348,0
1.5393126,4.8824387,-0.14154792,0.063232988,0.91541052,0.3975237,0
1.8713048,-2.457365,-4.8564157,0.50840461,0.31321454,-0.80213547,0
1.701858,-2.9996014,-4.6700916,-0.063232988,-0.91541052,-0.3975237,0
-1.7511854,0.31853819,3.8950369,-0.50840461,-0.31321454,0.80213547,0
-1.8804495,2.8136194,4.8831792,-0.50840461,-0.31321454,0.80213547,0
1.1041334,4.1749387,1.5732477,0.8587935,-0.25282431,0.44559348,0
2.2556796,-0.60066766,-3.7389891,0.8587935,-0.25282431,0.44559348,0
-2.0299962,-1.6631005,3.1205199,-0.50840461,-0.31321454,0.80213547,0
1.9725902,2.675637,-2.6768472,0.50840461,0.31321454,-0.80213547,0
-1.1019385,2.0716138,2.0239515,-0.8587935,0.25282431,-0.44559348,0
2.1872439,0.62854457,-3.2349858,0.50840461,0.31321454,-0.80213547,0
-1.9299269,-1.0840712,1.9979733,-0.8587935,0.25282431,-0.44559348,0
2.2453144,3.8479857,-1.9542714,0.50840461,0.31321454,-0.80213547,0
2.2079141,3.3743644,-2.1582284,0.50840461,0.31321454,-0.80213547,0
0.25531304,1.7292324,-0.61898923,-0.8587935,0.25282431,-0.44559348,0
-1.9806834,-0.12085474,3.7610326,-0.50840461,-0.31321454,0.80213547,0
2.2383566,2.3824384,-2.5448704,0.50840461,0.31321454,-0.80213547,0
-1.5303566,2.8852813,4.7305999,0.063232988,0.91541052,0.3975237,0
-0.34079826,-4.1975751,-1.7089231,-0.063232988,-0.91541052,-0.3975237,0
0.49334908,4.562078,0.67982602,0.063232988,0.91541052,0.3975237,0
-1.0773628,2.7062263,2.4973519,-0.8587935,0.25282431,-0.44559348,0
-1.3219155,3.2040458,3.9770885,0.063232988,0.91541052,0.3975237,0
1.5998554,4.5929098,0.39663196,0.063232988,0.91541052,0.3975237,0
2.2192237,3.7925048,-2.1544852,0.50840461,0.31321454,-0.80213547,0
-1.0128136,-4.9650016,0.29573846,-0.063232988,-0.91541052,-0.3975237,0
-2.3525507,-5.1823964,0.89614868,-0.063232988,-0.91541052,-0.3975237,0
-1.8577154,-1.6122944,3.22879,-0.50840461,-0.31321454,0.80213547,0
-1.8334486,-1.4353012,3.2259436,-0.50840461,-0.31321454,0.80213547,0
0.79817003,-3.6406081,-2.4215374,0.8587935,-0.25282431,0.44559348,0
-0.7390576,2.9430838,2.064507,-0.8587935,0.25282431,-0.44559348,0
0.80496716,4.403657,1.1652105,0.063232988,0.91541052,0.3975237,0
-0.70846981,3.4522922,2.118691,-0.8587935,0.25282431,-0.44559348,0
2.5301855,4.6228838,-1.5799108,0.50840461,0.31321454,-0.80213547,0
2.0232713,5.1550293,-1.585777,0.50840461,0.31321454,-0.80213547,0
0.36476994,2.2186441,-0.70855492,-0.8587935,0.25282431,-0.44559348,0
-0.31132624,0.96355718,0.24199644,-0.8587935,0.25282431,-0.44559348,0
1.2628169,3.3982739,-1.4678601,-0.8587935,0.25282431,-0.44559348,0
-0.88221407,0.0014646053,2.7436924,0.8587935,-0.25282431,0.44559348,0
-2.435647,-3.7967467,1.8878273,-0.50840461,-0.31321454,0.80213547,0
-2.0773041,-2.1441338,2.7488563,-0.50840461,-0.31321454,0.80213547,0
-0.82045555,0.80084765,3.1856701,0.8587935,-0.25282431,0.44559348,0
-0.55311275,-4.2050066,-1.4380784,-0.063232988,-0.91541052,-0.3975237,0
1.6556745,4.4845715,-1.7418268,-0.8587935,0.25282431,-0.44559348,0
-1.4699293,-2.2640209,0.6281116,-0.8587935,0.25282431,-0.44559348,0
-1.0870562,3.4044454,3.8549566,0.063232988,0.91541052,0.3975237,0
1.4991968,-2.2852271,-4.8942976,0.50840461,0.31321454,-0.80213547,0
-1.6085961,2.8907461,3.4824009,-0.8587935,0.25282431,-0.44559348,0
1.1169541,-0.66787827,-3.7267017,-0.8587935,0.25282431,-0.44559348,0
1.170399,4.8921404,-0.37274742,0.063232988,0.91541052,0.3975237,0
-1.3085346,-5.0160208,0.29598618,-0.063232988,-0.91541052,-0.3975237,0
-1.5993724,-3.9795141,-0.35612082,-0.8587935,0.25282431,-0.44559348,0
1.3376851,0.6337235,-1.044576,0.8587935,-0.25282431,0.44559348,0
-2.2779691,-3.0958099,2.2324967,-0.50840461,-0.31321454,0.80213547,0
2.2279813,2.8119917,-1.362509,0.8587935,-0.25282431,0.44559348,0
-1.9958031,-4.9767509,1.7013013,-0.50840461,-0.31321454,0.80213547,0
-2.3061116,2.4903669,4.5981088,-0.50840461,-0.31321454,0.80213547,0
2.0797262,-0.55405337,-3.7605872,0.50840461,0.31321454,-0.80213547,0
-1.6409681,-1.1377995,1.5753486,-0.8587935,0.25282431,-0.44559348,0
0.38519102,-0.41895932,-2.0146437,-0.8587935,0.25282431,-0.44559348,0
1.195725,-2.9890869,-4.4587197,-0.063232988,-0.91541052,-0.3975237,0
0.73805285,3.4807878,-0.72455156,-0.8587935,0.25282431,-0.44559348,0
2.4793611,4.7073736,-1.6110322,0.50840461,0.31321454,-0.80213547,0
0.83139014,4.5971327,0.73683023,0.063232988,0.91541052,0.3975237,0
1.8994898,1.2314982,-3.3298359,0.50840461,0.31321454,-0.80213547,0
-1.548087,0.32371068,4.0899086,-0.50840461,-0.31321454,0.80213547,0
-2.1768184,-3.5185561,0.88945723,-0.8587935,0.25282431,-0.44559348,0
-1.9470544,-2.5762825,2.6373456,-0.50840461,-0.31321454,0.80213547,0
2.0523093,-0.40399301,-3.7410982,0.50840461,0.31321454,-0.80213547,0
-0.84867126,3.2951846,3.7792375,0.063232988,0.91541052,0.3975237,0
0.88987195,0.62432337,-2.4781737,-0.8587935,0.25282431,-0.44559348,0
1.8260939,4.6412158,-1.926682,-0.8587935,0.25282431,-0.44559348,0
-0.42194867,-3.9490972,-0.20196009,0.8587935,-0.25282431,0.44559348,0
0.72232556,-3.761939,-2.9488096,-0.063232988,-0.91541052,-0.3975237,0
1.7598768,0.010846019,-3.8996904,0.50840461,0.31321454,-0.80213547,0
2.5579855,5.1363807,-1.3376491,0.50840461,0.31321454,-0.80213547,0
-1.4994864,-4.8229599,0.16667247,-0.063232988,-0.91541052,-0.3975237,0
-1.3841476,-4.2474413,1.1932374,0.8587935,-0.25282431,0.44559348,0
1.92826,-2.2941179,-4.5627871,0.50840461,0.31321454,-0.80213547,0
0.1719501,3.9619601,2.1477752,0.063232988,0.91541052,0.3975237,0
2.504596,1.6957819,-2.7991843,0.50840461,0.31321454,-0.80213547,0
-2.01566,0.60106617,3.8978922,-0.50840461,-0.31321454,0.80213547,0
0.46139741,4.199913,1.5270338,0.063232988,0.91541052,0.3975237,0
-0.38424104,3.9957957,2.3847363,0.063232988,0.91541052,0.3975237,0
-2.3421073,-2.4019156,2.5985532,-0.50840461,-0.31321454,0.80213547,0
-1.210977,3.3093667,4.1018729,0.063232988,0.91541052,0.3975237,0
-1.1677529,-0.8850174,2.7368126,0.8587935,-0.25282431,0.44559348,0
-1.31618,1.4632167,2.0901189,-0.8587935,0.25282431,-0.44559348,0
-2.2734466,-0.17836118,3.4358647,-0.50840461,-0.31321454,0.80213547,0
2.1861491,4.6526022,-1.8901348,0.50840461,0.31321454,-0.80213547,0
1.4957463,-3.1396227,-4.4165344,-0.063232988,-0.91541052,-0.3975237,0
-1.5667775,-4.955348,0.20741868,-0.063232988,-0.91541052,-0.3975237,0
1.7775018,1.2772878,-3.289824,0.50840461,0.31321454,-0.80213547,0
-1.4102933,-4.9450026,0.54065108,-0.063232988,-0.91541052,-0.3975237,0
0.15612184,1.458975,1.7262013,0.8587935,-0.25282431,0.44559348,0
0.4755466,2.273782,-0.75564736,-0.8587935,0.25282431,-0.44559348,0
-1.57284,-3.0517974,0.16068769,-0.8587935,0.25282431,-0.44559348,0
-1.9406769,2.8800693,4.7953129,0.063232988,0.91541052,0.3975237,0
0.552836,-3.8147511,-2.8204944,-0.063232988,-0.91541052,-0.3975237,0
2.2315192,1.0654824,-2.3624494,0.8587935,-0.25282431,0.44559348,0
-0.62501121,-4.4270821,-1.2560184,-0.063232988,-0.91541052,-0.3975237,0
-0.62121606,-4.3422289,-1.0494807,-0.063232988,-0.91541052,-0.3975237,0
-2.088989,1.6388906,4.407763,-0.50840461,-0.31321454,0.80213547,0
1.317857,4.9605026,-0.33106256,0.063232988,0.91541052,0.3975237,0
0.07369566,3.9591155,2.1465278,0.063232988,0.91541052,0.3975237,0
2.3716869,3.8852081,-1.9512755,0.50840461,0.31321454,-0.80213547,0
0.22456875,-0.32272226,0.41157913,0.8587935,-0.25282431,0.44559348,0
1.5818939,-0.35685575,-4.1200161,0.50840461,0.31321454,-0.80213547,0
-1.9932573,-3.3268282,2.4713562,-0.50840461,-0.31321454,0.80213547,0
-0.62323344,3.3766038,3.5594411,0.063232988,0.91541052,0.3975237,0
-1.7487398,-0.005461812,3.9004569,-0.50840461,-0.31321454,0.80213547,0
-1.0146092,-0.88094103,2.3812301,0.8587935,-0.25282431,0.44559348,0
0.63554943,-2.4661796,-1.3021632,0.8587935,-0.25282431,0.44559348,0
0.83825088,0.046305083,-0.66216505,0.8587935,-0.25282431,0.44559348,0
0.5916304,-3.5462132,-3.1305077,-0.063232988,-0.91541052,-0.3975237,0
-1.7533011,2.5904849,4.847517,-0.50840461,-0.31321454,0.80213547,0
-0.97405767,2.0135164,1.9874332,-0.8587935,0.25282431,-0.44559348,0
1.7082409,-0.45784736,-4.1228752,0.50840461,0.31321454,-0.80213547,0
2.1990678,5.1756368,-1.5483673,0.50840461,0.31321454,-0.80213547,0
2.2707551,2.129739,-2.8393919,0.50840461,0.31321454,-0.80213547,0
-1.7895983,3.239512,4.2670574,0.063232988,0.91541052,0.3975237,0
-0.15837336,-4.3732634,-1.2910459,-0.063232988,-0.91541052,-0.3975237,0
-2.0418816,-4.448947,2.0529518,-0.50840461,-0.31321454,0.80213547,0
1.3065658,-1.1589559,-1.8897007,0.8587935,-0.25282431,0.44559348,0
0.28322953,-3.3732092,-3.368578,-0.063232988,-0.91541052,-0.3975237,0
-0.041135669,-4.0925379,-0.95429087,0.8587935,-0.25282431,0.44559348,0
-0.29584193,-4.253129,-1.2656493,-0.063232988,-0.91541052,-0.3975237,0
-1.1587025,-3.6056175,-0.92757392,-0.8587935,0.25282431,-0.44559348,0
1.4347253,2.2196898,-2.5597754,-0.8587935,0.25282431,-0.44559348,0
0.41823161,-3.7578373,-2.8972356,-0.063232988,-0.91541052,-0.3975237,0
1.6499324,2.2955322,-2.9004407,-0.8587935,0.25282431,-0.44559348,0
-0.41685688,-3.042635,0.22830439,0.8587935,-0.25282431,0.44559348,0
1.7543042,-3.1380253,-4.3195205,-0.063232988,-0.91541052,-0.3975237,0
1.8799899,1.691571,-3.0907164,0.50840461,0.31321454,-0.80213547,0
-1.4250463,-0.22387859,1.6979973,-0.8587935,0.25282431,-0.44559348,0
0.65315109,-2.270498,-3.7342298,-0.8587935,0.25282431,-0.44559348,0
-1.5087051,-4.8379936,-0.11590242,-0.063232988,-0.91541052,-0.3975237,0
1.475005,-2.2794454,-4.8491421,0.50840461,0.31321454,-0.80213547,0
-2.032861,-2.8328512,2.6483331,-0.50840461,-0.31321454,0.80213547,0
0.98142838,4.8184867,0.25124121,0.063232988,0.91541052,0.3975237,0
1.6979971,2.9204154,-2.6491823,-0.8587935,0.25282431,-0.44559348,0
-0.98077285,0.40301052,0.93850696,-0.8587935,0.25282431,-0.44559348,0
-2.270462,-1.9690666,2.8352466,-0.50840461,-0.31321454,0.80213547,0
1.8771385,0.13174176,-3.661315,0.50840461,0.31321454,-0.80213547,0
-2.2968183,0.75931358,3.8136504,-0.50840461,-0.31321454,0.80213547,0
-0.22269559,3.8080082,1.4887671,-0.8587935,0.25282431,-0.44559348,0
0.71556723,-3.3867879,-3.7556353,-0.063232988,-0.91541052,-0.3975237,0
-1.8032459,3.146776,4.4409618,0.063232988,0.91541052,0.3975237,0
-1.8304012,-3.3812864,0.55017376,-0.8587935,0.25282431,-0.44559348,0
-2.2707272,-5.0294795,0.6302228,-0.063232988,-0.91541052,-0.3975237,0
-0.9966172,2.8923056,4.7996054,0.063232988,0.91541052,0.3975237,0
-2.3809881,-3.2486873,2.3329098,-0.50840461,-0.31321454,0.80213547,0
-2.0739932,-3.7736626,2.2836525,-0.50840461,-0.31321454,0.80213547,0
-1.9354111,0.75691408,3.936681,-0.50840461,-0.31321454,0.80213547,0
-2.1169984,-3.5781193,2.1796277,-0.50840461,-0.31321454,0.80213547,0
1.9801359,4.9363122,-1.7536509,0.50840461,0.31321454,-0.80213547,0
-1.6527718,1.0081885,4.4513474,-0.50840461,-0.31321454,0.80213547,0
-1.9207186,1.1170695,4.2420688,-0.50840461,-0.31321454,0.80213547,0
-0.49084282,-4.0652704,-1.7965922,-0.063232988,-0.91541052,-0.3975237,0
2.0222373,-2.1174617,-4.647254,0.50840461,0.31321454,-0.80213547,0
2.047225,0.76192713,-3.4608984,0.50840461,0.31321454,-0.80213547,0
-0.4216924,0.60833967,0.029743358,-0.8587935,0.25282431,-0.44559348,0
-2.1496532,-2.7107115,2.4497404,-0.50840461,-0.31321454,0.80213547,0
-2.3874946,-1.3707098,2.8478775,-0.50840461,-0.31321454,0.80213547,0
-0.36000133,-2.2890573,0.61312205,0.8587935,-0.25282431,0.44559348,0
-2.1970263,-4.9317112,0.4342587,-0.063232988,-0.91541052,-0.3975237,0
-2.5290713,-4.5690761,1.5708671,-0.50840461,-0.31321454,0.80213547,0
0.20169374,-1.3632808,-2.3539884,-0.8587935,0.25282431,-0.44559348,0
0.62422442,-1.4887638,-3.2498786,-0.8587935,0.25282431,-0.44559348,0
-1.0608294,-4.2038512,0.63499665,0.8587935,-0.25282431,0.44559348,0
-1.9720017,-0.78796506,2.0596294,-0.8587935,0.25282431,-0.44559348,0
1.1902268,-1.1323495,-4.0853662,-0.8587935,0.25282431,-0.44559348,0
-2.5554903,-1.9062235,2.6931269,-0.50840461,-0.31321454,0.80213547,0
-0.48435527,3.9672866,2.2944937,0.063232988,0.91541052,0.3975237,0
1.0073787,2.4815197,0.36689377,0.8587935,-0.25282431,0.44559348,0
1.9077172,3.2627552,-2.4916587,0.50840461,0.31321454,-0.80213547,0
1.487841,0.87045848,-1.0733067,0.8587935,-0.25282431,0.44559348,0
-2.4521573,-4.310122,1.2598898,-0.8587935,0.25282431,-0.44559348,0
1.6466196,4.7416492,0.25088239,0.063232988,0.91541052,0.3975237,0
2.174685,-0.30123204,-3.2507384,0.8587935,-0.25282431,0.44559348,0
-0.76728797,-2.8336239,-1.4437242,-0.8587935,0.25282431,-0.44559348,0
1.4176705,4.7570443,0.12347388,0.063232988,0.91541052,0.3975237,0
0.075102091,-3.7786489,-2.4809494,-0.063232988,-0.91541052,-0.3975237,0
-2.0440741,-5.2678552,0.90835762,-0.063232988,-0.91541052,-0.3975237,0
1.1466116,-2.8459511,-4.9282398,-0.8587935,0.25282431,-0.44559348,0
0.98751283,4.2195864,1.6626246,0.063232988,0.91541052,0.3975237,0
0.84347737,-3.2040281,-4.0571351,-0.063232988,-0.91541052,-0.3975237,0
1.321255,-1.5233988,-4.3882422,-0.8587935,0.25282431,-0.44559348,0
2.0200286,-2.6769147,-4.6441479,0.50840461,0.31321454,-0.80213547,0
-0.45222044,3.5026193,3.4271631,0.063232988,0.91541052,0.3975237,0
2.18326,-0.80185628,-3.9514766,0.50840461,0.31321454,-0.80213547,0
-1.8771639,-1.6020787,3.2264783,-0.50840461,-0.31321454,0.80213547,0
-1.2383745,3.0301261,4.510294,0.063232988,0.91541052,0.3975237,0
-0.33697063,0.46095043,2.1036074,0.8587935,-0.25282431,0.44559348,0
0.12370229,-2.0732462,-0.32717967,0.8587935,-0.25282431,0.44559348,0
2.4439821,4.6075387,-1.6255336,0.50840461,0.31321454,-0.80213547,0
-0.47718704,3.6726055,1.7863429,-0.8587935,0.25282431,-0.44559348,0
0.74710274,3.3907685,1.6083293,0.8587935,-0.25282431,0.44559348,0
-0.44527316,3.9847982,2.1191831,0.063232988,0.91541052,0.3975237,0
2.1227043,3.4615819,-2.2801061,0.50840461,0.31321454,-0.80213547,0
-0.32892525,-0.052233756,1.6040933,0.8587935,-0.25282431,0.44559348,0
1.2951248,4.0145149,-1.3049302,-0.8587935,0.25282431,-0.44559348,0
-1.5017455,-3.7005863,-0.28940821,-0.8587935,0.25282431,-0.44559348,0
1.3058254,-2.6878922,-5.0225539,-0.8587935,0.25282431,-0.44559348,0
-0.40041876,-4.1909442,-0.6365478,0.8587935,-0.25282431,0.44559348,0
2.3997858,1.1436088,-2.9610379,0.50840461,0.31321454,-0.80213547,0
-0.6378243,3.208565,4.0641599,0.063232988,0.91541052,0.3975237,0
1.5692002,3.2550049,0.01260972,0.8587935,-0.25282431,0.44559348,0
-2.3527572,-3.2412233,2.1480765,-0.50840461,-0.31321454,0.80213547,0
2.1113763,3.87082,-2.0836654,0.50840461,0.31321454,-0.80213547,0
-1.9749007,0.77090061,3.9172964,-0.50840461,-0.31321454,0.80213547,0
0.45394307,-2.7117758,-1.1059538,0.8587935,-0.25282431,0.44559348,0
2.5834203,4.8808641,-1.5199678,0.50840461,0.31321454,-0.80213547,0
2.5800483,4.9959402,-1.3558154,0.50840461,0.31321454,-0.80213547,0
-0.43629205,-1.3951638,1.1316297,0.8587935,-0.25282431,0.44559348,0
-1.3174498,1.652494,4.6797585,-0.50840461,-0.31321454,0.80213547,0
-0.64418292,-2.8332012,0.67258549,0.8587935,-0.25282431,0.44559348,0
1.9260595,1.6500164,-3.0802445,0.50840461,0.31321454,-0.80213547,0
-0.56191683,-2.3126833,-1.505093,-0.8587935,0.25282431,-0.44559348,0
2.0810373,1.7851096,-3.0685887,0.50840461,0.31321454,-0.80213547,0
1.9411296,-1.2133141,-4.1149664,0.50840461,0.31321454,-0.80213547,0
2.2405329,1.4918442,-3.1046562,0.50840461,0.31321454,-0.80213547,0
-2.0704074,1.8480828,4.3097243,-0.50840461,-0.31321454,0.80213547,0
2.0106363,3.5713813,-0.70075917,0.8587935,-0.25282431,0.44559348,0
2.0151563,-0.81953323,-3.3694739,0.8587935,-0.25282431,0.44559348,0
1.4861418,-2.89043,-5.053318,-0.063232988,-0.91541052,-0.3975237,0
-2.2521043,-0.95549858,3.0624981,-0.50840461,-0.31321454,0.80213547,0
-2.5041285,-5.1626825,0.78053451,-0.063232988,-0.91541052,-0.3975237,0
1.5500722,4.3729415,0.51174331,0.8587935,-0.25282431,0.44559348,0
-1.7640209,-2.6842098,2.8436222,0.8587935,-0.25282431,0.44559348,0
-2.4492283,-4.0382161,1.8563612,-0.50840461,-0.31321454,0.80213547,0
-1.8057622,2.6495576,4.9432321,-0.50840461,-0.31321454,0.80213547,0
1.4528539,2.9615602,-0.13979387,0.8587935,-0.25282431,0.44559348,0
-1.8493829,-1.8731998,3.1355519,-0.50840461,-0.31321454,0.80213547,0
0.10410058,3.6928446,2.5606165,0.063232988,0.91541052,0.3975237,0
-0.27637172,2.4682789,2.9235382,0.8587935,-0.25282431,0.44559348,0
-0.51533055,-0.28042471,-0.3901374,-0.8587935,0.25282431,-0.44559348,0
2.5528624,2.5704818,-2.1928048,0.8587935,-0.25282431,0.44559348,0
-0.054397106,4.0733552,1.7948179,0.063232988,0.91541052,0.3975237,0
-0.43662786,-4.1770744,-1.7716725,-0.063232988,-0.91541052,-0.3975237,0
0.85483015,-3.4974172,-3.500859,-0.063232988,-0.91541052,-0.3975237,0
0.48793557,-3.439405,-3.4645624,-0.063232988,-0.91541052,-0.3975237,0
0.68019962,0.23380633,-0.12131199,0.8587935,-0.25282431,0.44559348,0
-0.85177374,-2.594574,-1.034638,-0.8587935,0.25282431,-0.44559348,0
-2.1352549,-1.3587248,2.137177,-0.8587935,0.25282431,-0.44559348,0
-0.28908974,1.4630847,2.3776517,0.8587935,-0.25282431,0.44559348,0
2.4274485,2.3154263,-2.5033381,0.50840461,0.31321454,-0.80213547,0
1.2074829,-3.3027768,-4.0938501,-0.063232988,-0.91541052,-0.3975237,0
-1.8005158,-0.79754412,3.5969331,-0.50840461,-0.31321454,0.80213547,0
2.1673706,-0.32700741,-3.2165933,0.8587935,-0.25282431,0.44559348,0
-1.0023373,-2.2945831,1.7945778,0.8587935,-0.25282431,0.44559348,0
2.2968178,5.1865172,-1.038028,0.063232988,0.91541052,0.3975237,0
-1.1828113,-2.96751,1.7069447,0.8587935,-0.25282431,0.44559348,0
-1.8705474,2.56461,4.6849246,-0.50840461,-0.31321454,0.80213547,0
2.650594,4.669713,-1.5020316,0.50840461,0.31321454,-0.80213547,0
-1.7709173,-0.8085252,3.43344,-0.50840461,-0.31321454,0.80213547,0
1.9131293,4.5503917,-1.9841413,0.50840461,0.31321454,-0.80213547,0
-2.2296462,-2.6831343,2.6225638,-0.50840461,-0.31321454,0.80213547,0
-0.80991173,-1.4357691,2.022331,0.8587935,-0.25282431,0.44559348,0
-1.0704193,-1.461416,-0.093491673,-0.8587935,0.25282431,-0.44559348,0
0.2145474,-3.930413,-2.1187763,-0.063232988,-0.91541052,-0.3975237,0
2.0948803,3.0106516,-2.4466987,0.50840461,0.31321454,-0.80213547,0
-2.0343597,2.568934,4.6133432,-0.50840461,-0.31321454,0.80213547,0
-2.0568302,2.1319196,4.6063423,-0.50840461,-0.31321454,0.80213547,0
-1.291229,-1.5348641,2.6652746,0.8587935,-0.25282431,0.44559348,0
-1.8514264,2.7180014,4.9976063,-0.50840461,-0.31321454,0.80213547,0
0.2962029,-4.0101371,-2.2654376,-0.063232988,-0.91541052,-0.3975237,0
0.19103479,-2.9684527,-0.84886086,0.8587935,-0.25282431,0.44559348,0
-1.2710184,2.5405786,5.1449099,-0.50840461,-0.31321454,0.80213547,0
0.70668161,-0.078108013,-0.20524636,0.8587935,-0.25282431,0.44559348,0
-1.4211136,1.0513375,4.4876032,-0.50840461,-0.31321454,0.80213547,0
1.3680776,1.2474536,-3.0682073,-0.8587935,0.25282431,-0.44559348,0
-1.8484904,2.1110156,4.6117277,-0.50840461,-0.31321454,0.80213547,0
-1.9745431,-3.4342837,2.318891,-0.50840461,-0.31321454,0.80213547,0
0.78369308,3.7134767,1.6445208,0.8587935,-0.25282431,0.44559348,0
-0.77086186,3.3842177,3.6160393,0.063232988,0.91541052,0.3975237,0
-2.3164408,-2.1044796,2.8029881,-0.50840461,-0.31321454,0.80213547,0
2.1236701,0.98508191,-3.237931,0.50840461,0.31321454,-0.80213547,0
-2.5147159,-3.3585448,1.9819095,-0.50840461,-0.31321454,0.80213547,0
2.0842066,1.676327,-1.9943874,0.8587935,-0.25282431,0.44559348,0
0.45053905,-0.33847463,0.22358267,0.8587935,-0.25282431,0.44559348,0
1.5018401,4.4785266,0.54434109,0.063232988,0.91541052,0.3975237,0
-1.9346058,-1.2186847,3.3813448,-0.50840461,-0.31321454,0.80213547,0
2.1304693,0.85389757,-3.2683344,0.50840461,0.31321454,-0.80213547,0
-0.4827913,-3.2919202,-2.2038178,-0.8587935,0.25282431,-0.44559348,0
-2.0336442,-4.1488352,2.0048008,-0.50840461,-0.31321454,0.80213547,0
-0.43686152,-3.7492881,-2.3060608,-0.8587935,0.25282431,-0.44559348,0
1.0808214,-2.1721959,-4.220181,-0.8587935,0.25282431,-0.44559348,0
-0.91402423,3.1505492,4.2063217,0.063232988,0.91541052,0.3975237,0
2.4050255,5.2280235,-0.90705848,0.063232988,0.91541052,0.3975237,0
-0.83349419,-4.7276087,-0.30769014,-0.063232988,-0.91541052,-0.3975237,0
-1.9472551,-5.1052852,1.8762952,-0.50840461,-0.31321454,0.80213547,0
-1.3952197,-2.5631466,-0.088165522,-0.8587935,0.25282431,-0.44559348,0
-1.8809805,-1.5481896,1.4720463,-0.8587935,0.25282431,-0.44559348,0
0.45985651,3.2988937,-0.16851592,-0.8587935,0.25282431,-0.44559348,0
-1.4499352,-5.1576738,0.62174845,-0.063232988,-0.91541052,-0.3975237,0
0.92065632,-0.72189355,-3.4938834,-0.8587935,0.25282431,-0.44559348,0
1.5595461,2.7677536,-0.38280857,0.8587935,-0.25282431,0.44559348,0
-0.63862711,3.001374,1.8858207,-0.8587935,0.25282431,-0.44559348,0
1.4752071,4.8161178,0.22921705,0.063232988,0.91541052,0.3975237,0
0.93172455,-2.8756342,-2.208529,0.8587935,-0.25282431,0.44559348,0
-0.65071023,2.9003224,1.7473704,-0.8587935,0.25282431,-0.44559348,0
-1.3733996,-1.0908656,3.0195093,0.8587935,-0.25282431,0.44559348,0
1.887197,1.9049885,-2.9829483,0.50840461,0.31321454,-0.80213547,0
-0.85598433,1.2823288,1.281565,-0.8587935,0.25282431,-0.44559348,0
-0.51444399,3.7361803,2.990629,0.063232988,0.91541052,0.3975237,0
-2.1623352,-3.0093188,2.5000098,-0.50840461,-0.31321454,0.80213547,0
2.1242847,4.7365785,-1.8066136,0.50840461,0.31321454,-0.80213547,0
0.34692156,0.44476986,-1.7465131,-0.8587935,0.25282431,-0.44559348,0
2.5057602,4.7650652,-0.90736079,0.8587935,-0.25282431,0.44559348,0
0.60381699,4.3294687,1.0034468,0.063232988,0.91541052,0.3975237,0
2.0065801,0.52824903,-3.5285408,0.50840461,0.31321454,-0.80213547,0
2.0930207,5.0178499,-1.6611254,0.50840461,0.31321454,-0.80213547,0
-1.6321836,-5.0418453,1.4718094,0.8587935,-0.25282431,0.44559348,0
2.1829815,4.6520896,-1.6794939,0.50840461,0.31321454,-0.80213547,0
-1.0280472,3.6470094,3.2639189,0.063232988,0.91541052,0.3975237,0
1.5085975,-0.38554108,-4.2100911,0.50840461,0.31321454,-0.80213547,0
1.5143746,-2.9194899,-5.057837,-0.063232988,-0.91541052,-0.3975237,0
-1.2918884,-3.3951893,-0.7289238,-0.8587935,0.25282431,-0.44559348,0
-2.6844883,-5.0408053,1.4227889,-0.50840461,-0.31321454,0.80213547,0
-2.0129232,0.60986394,4.0493631,-0.50840461,-0.31321454,0.80213547,0
1.2153319,0.23846102,-3.3493536,-0.8587935,0.25282431,-0.44559348,0
-0.57030046,3.1746609,1.899026,-0.8587935,0.25282431,-0.44559348,0
-0.97109222,0.56056941,1.0571051,-0.8587935,0.25282431,-0.44559348,0
-2.2324922,-1.4889458,2.9453201,-0.50840461,-0.31321454,0.80213547,0
-1.1166296,2.8971825,4.9676132,0.063232988,0.91541052,0.3975237,0
2.5512197,2.8340068,-2.3026495,0.50840461,0.31321454,-0.80213547,0
0.47629595,4.4494696,1.1974716,0.063232988,0.91541052,0.3975237,0
0.46387321,-3.7463136,-2.62519,-0.063232988,-0.91541052,-0.3975237,0
0.25888371,3.9679794,1.9969094,0.063232988,0.91541052,0.3975237,0
-1.2622801,-2.4482646,0.060727954,-0.8587935,0.25282431,-0.44559348,0
0.25557661,4.0686426,2.0603778,0.063232988,0.91541052,0.3975237,0
0.73362374,-3.5461736,-3.0347936,-0.063232988,-0.91541052,-0.3975237,0
2.315311,1.930779,-2.1383777,0.8587935,-0.25282431,0.44559348,0
-1.0653445,2.2117741,4.508306,0.8587935,-0.25282431,0.44559348,0
-1.3417256,-1.9756033,2.3891742,0.8587935,-0.25282431,0.44559348,0
-2.35729,-4.9015718,1.4677727,-0.50840461,-0.31321454,0.80213547,0
-1.8442127,2.0085125,4.6952925,-0.50840461,-0.31321454,0.80213547,0
-2.5151763,-4.8191934,1.4572992,-0.50840461,-0.31321454,0.80213547,0
2.0708807,0.29288208,-3.4571967,0.50840461,0.31321454,-0.80213547,0
1.5395,3.840766,-1.6929858,-0.8587935,0.25282431,-0.44559348,0
-0.16488779,-4.2510376,-1.6573009,-0.063232988,-0.91541052,-0.3975237,0
-1.6905308,-4.9184914,0.20385122,-0.063232988,-0.91541052,-0.3975237,0
2.0079093,-1.2548268,-4.1997128,0.50840461,0.31321454,-0.80213547,0
2.4260249,4.2854066,-1.6991835,0.50840461,0.31321454,-0.80213547,0
0.25868952,4.3785009,1.3796773,0.063232988,0.91541052,0.3975237,0
-0.59045541,-1.80127,1.2541381,0.8587935,-0.25282431,0.44559348,0
1.3779006,4.9941487,-0.79149723,-0.8587935,0.25282431,-0.44559348,0
-1.9381945,0.46457362,4.0098238,-0.50840461,-0.31321454,0.80213547,0
1.6407698,-3.3128681,-3.9633393,-0.063232988,-0.91541052,-0.3975237,0
2.0132043,-2.9562485,-4.5239773,0.8587935,-0.25282431,0.44559348,0
-1.9032378,-2.1467659,2.9327421,-0.50840461,-0.31321454,0.80213547,0
1.6906166,3.1950343,-2.6245553,0.50840461,0.31321454,-0.80213547,0
0.14843857,0.19036168,-1.4740915,-0.8587935,0.25282431,-0.44559348,0
0.6317867,4.17488,1.5832341,0.063232988,0.91541052,0.3975237,0
0.53463966,-0.6571756,-0.44174486,0.8587935,-0.25282431,0.44559348,0
-2.4698932,-2.6544235,2.0998583,-0.8587935,0.25282431,-0.44559348,0
2.0753727,-0.67543221,-3.1440859,0.8587935,-0.25282431,0.44559348,0
2.0003858,1.7304659,-1.6139357,0.8587935,-0.25282431,0.44559348,0
-1.3715808,-3.995162,-0.79273486,-0.8587935,0.25282431,-0.44559348,0
0.010419138,1.0249801,1.8625515,0.8587935,-0.25282431,0.44559348,0
1.672617,-2.9502695,-4.9688425,-0.063232988,-0.91541052,-0.3975237,0
-0.19918084,-4.4834666,-1.0642445,-0.063232988,-0.91541052,-0.3975237,0
1.9907144,-3.0590396,-4.6632671,-0.063232988,-0.91541052,-0.3975237,0
-2.3231077,0.4901197,3.7979023,-0.50840461,-0.31321454,0.80213547,0
0.079713225,4.1471105,1.8855317,0.063232988,0.91541052,0.3975237,0
0.044294238,4.1451411,1.5250204,0.063232988,0.91541052,0.3975237,0
-2.2237866,-1.8246796,2.9180317,-0.50840461,-0.31321454,0.80213547,0
0.034266353,1.5859756,-0.1255452,-0.8587935,0.25282431,-0.44559348,0
2.421211,2.3392212,-2.6177335,0.50840461,0.31321454,-0.80213547,0
-2.3778429,-5.0710516,1.4293714,-0.50840461,-0.31321454,0.80213547,0
-1.0225711,2.8395092,4.8657055,0.8587935,-0.25282431,0.44559348,0
-0.30154198,3.7476115,2.5648694,0.063232988,0.91541052,0.3975237,0
-1.4921306,1.3964567,2.3259757,-0.8587935,0.25282431,-0.44559348,0
-1.6129751,-5.2202506,0.91460085,-0.063232988,-0.91541052,-0.3975237,0
2.0543761,-2.7719533,-4.6621122,0.50840461,0.31321454,-0.80213547,0
-1.8468511,0.040919185,3.8242512,-0.50840461,-0.31321454,0.80213547,0
2.4078987,5.2405062,-0.97513223,0.063232988,0.91541052,0.3975237,0
2.2442293,-2.6699893,-4.6956801,0.50840461,0.31321454,-0.80213547,0
-2.6017098,-4.1743722,1.6343708,-0.50840461,-0.31321454,0.80213547,0
-0.0068844557,-4.170146,-1.4984095,-0.063232988,-0.91541052,-0.3975237,0
2.2244172,-0.43845284,-3.7421913,0.50840461,0.31321454,-0.80213547,0
-1.393593,1.7977576,4.8233299,-0.50840461,-0.31321454,0.80213547,0
-1.6448717,-0.34454775,3.8633897,-0.50840461,-0.31321454,0.80213547,0
-2.1735203,0.36895251,3.7629285,-0.50840461,-0.31321454,0.80213547,0
1.9695823,2.3619862,-2.8468444,0.50840461,0.31321454,-0.80213547,0
-2.341296,-2.5196519,2.431097,-0.50840461,-0.31321454,0.80213547,0
-2.2495255,-4.9274955,1.5924945,-0.50840461,-0.31321454,0.80213547,0
-1.5561011,-2.0111351,0.72452736,-0.8587935,0.25282431,-0.44559348,0
1.4489369,-3.3271585,-3.7860355,-0.063232988,-0.91541052,-0.3975237,0
1.7076939,0.47157156,-1.8791552,0.8587935,-0.25282431,0.44559348,0
-1.6142991,2.8799095,5.0047083,0.063232988,0.91541052,0.3975237,0
1.1997266,4.3644581,0.92693877,0.063232988,0.91541052,0.3975237,0
-0.015125275,-3.9340563,-2.0247626,-0.063232988,-0.91541052,-0.3975237,0
1.8313923,3.8652771,-2.3357167,0.50840461,0.31321454,-0.80213547,0
0.5892334,4.2888374,0.064000845,-0.8587935,0.25282431,-0.44559348,0
-1.6232328,-2.1926308,2.9612832,0.8587935,-0.25282431,0.44559348,0
-2.0814972,-4.9062881,0.17834496,-0.063232988,-0.91541052,-0.3975237,0
-1.9606069,1.1375794,4.3117728,-0.50840461,-0.31321454,0.80213547,0
2.2707052,-1.339803,-4.1405039,0.50840461,0.31321454,-0.80213547,0
1.5189611,-1.3374326,-4.6321349,0.50840461,0.31321454,-0.80213547,0
-2.1053307,2.337543,4.529654,-0.50840461,-0.31321454,0.80213547,0
0.55820727,4.5023861,0.84686184,0.063232988,0.91541052,0.3975237,0
0.95070946,4.1481895,1.6181688,0.8587935,-0.25282431,0.44559348,0
-1.9761963,-0.2524668,3.6964335,-0.50840461,-0.31321454,0.80213547,0
2.1978576,-1.8042114,-4.3942146,0.50840461,0.31321454,-0.80213547,0
-0.77670288,3.6012621,2.9588742,0.063232988,0.91541052,0.3975237,0
1.9034884,3.3707752,-2.5700212,0.50840461,0.31321454,-0.80213547,0
1.0971531,-1.4167283,-1.8193233,0.8587935,-0.25282431,0.44559348,0
0.80435157,4.4136715,1.1102204,0.063232988,0.91541052,0.3975237,0
2.2243872,4.4058385,-1.9779038,0.50840461,0.31321454,-0.80213547,0
-0.49174649,3.4238672,3.331454,0.063232988,0.91541052,0.3975237,0
-1.2247856,3.3167052,3.2757013,-0.8587935,0.25282431,-0.44559348,0
-2.2686355,-2.6751137,2.554718,-0.50840461,-0.31321454,0.80213547,0
1.2668008,0.97384536,-3.0280859,-0.8587935,0.25282431,-0.44559348,0
2.3419487,4.7418318,-1.5302496,0.50840461,0.31321454,-0.80213547,0
-1.6803726,0.14231193,4.0672302,-0.50840461,-0.31321454,0.80213547,0
-0.7929374,2.1495657,3.8936546,0.8587935,-0.25282431,0.44559348,0
-0.0015535355,4.0646496,1.9763105,0.063232988,0.91541052,0.3975237,0
1.6966084,1.0627896,-3.5030217,0.50840461,0.31321454,-0.80213547,0
0.54054916,4.2419996,1.599571,0.063232988,0.91541052,0.3975237,0
0.61209881,3.2784245,1.7481399,0.8587935,-0.25282431,0.44559348,0
1.8311183,2.5316539,-2.8255091,0.50840461,0.31321454,-0.80213547,0
-1.5165904,-0.84624159,3.7038956,0.8587935,-0.25282431,0.44559348,0
2.0187087,-1.0055518,-3.9955583,0.50840461,0.31321454,-0.80213547,0
0.57959992,-3.8369031,-2.4774058,-0.063232988,-0.91541052,-0.3975237,0
0.82064772,-2.3533921,-1.8132265,0.8587935,-0.25282431,0.44559348,0
-1.59965,0.33276415,4.1526594,-0.50840461,-0.31321454,0.80213547,0
-2.314887,-5.2302365,0.86215949,-0.063232988,-0.91541052,-0.3975237,0
0.4939152,-1.0481453,-2.8278806,-0.8587935,0.25282431,-0.44559348,0
1.8644018,5.1530523,-1.0323839,0.063232988,0.91541052,0.3975237,0
2.0132561,3.4988365,-2.2653358,0.50840461,0.31321454,-0.80213547,0
2.0597034,0.61451519,-3.4866273,0.50840461,0.31321454,-0.80213547,0
-2.2719095,-4.9855509,0.61932206,-0.8587935,0.25282431,-0.44559348,0
-1.1820732,-4.2196827,-1.2717385,-0.063232988,-0.91541052,-0.3975237,0
-1.1447667,0.49988794,3.6628108,0.8587935,-0.25282431,0.44559348,0
-1.846277,0.48517847,4.0479236,-0.50840461,-0.31321454,0.80213547,0
-1.8698506,1.7875637,4.6094069,-0.50840461,-0.31321454,0.80213547,0
0.65578073,-3.4186835,-3.4284599,-0.063232988,-0.91541052,-0.3975237,0
-2.3015492,-4.4242425,1.8948733,-0.50840461,-0.31321454,0.80213547,0
-2.5960107,-4.1122098,1.5714264,-0.8587935,0.25282431,-0.44559348,0
-2.6266887,-5.2708683,1.2263525,-0.063232988,-0.91541052,-0.3975237,0
-2.607842,-4.9816728,1.3192403,-0.50840461,-0.31321454,0.80213547,0
-1.5875599,-5.1195197,1.4575448,0.8587935,-0.25282431,0.44559348,0
-1.6654245,0.6119647,4.0719285,-0.50840461,-0.31321454,0.80213547,0
-0.71353698,-4.5696883,-0.29059696,0.8587935,-0.25282431,0.44559348,0
0.26199132,0.31554836,-1.2651041,-0.8587935,0.25282431,-0.44559348,0
1.9755104,5.4914508,-1.4712951,0.063232988,0.91541052,0.3975237,0
-1.5257698,3.3483796,4.1023664,0.063232988,0.91541052,0.3975237,0
-2.5850208,-2.8757815,2.2841642,-0.50840461,-0.31321454,0.80213547,0
1.1042485,-3.4386799,-3.1051269,0.8587935,-0.25282431,0.44559348,0
-0.7710017,-4.2381797,-1.3402925,-0.063232988,-0.91541052,-0.3975237,0
2.205972,2.5615904,-1.8766348,0.8587935,-0.25282431,0.44559348,0
-1.3987257,0.36391735,1.7389336,-0.8587935,0.25282431,-0.44559348,0
-1.3653376,3.2030053,4.1448383,0.063232988,0.91541052,0.3975237,0
-0.065405518,-1.8753026,-2.2549362,-0.8587935,0.25282431,-0.44559348,0
1.0624619,0.11595398,-1.044189,0.8587935,-0.25282431,0.44559348,0
-2.5622363,-2.5852017,2.3576341,-0.50840461,-0.31321454,0.80213547,0
2.028918,1.3942791,-3.1694455,0.50840461,0.31321454,-0.80213547,0
0.74358368,4.1922884,1.6029868,0.063232988,0.91541052,0.3975237,0
1.6383574,-3.1844244,-4.4030981,-0.063232988,-0.91541052,-0.3975237,0
-2.1655681,1.9861572,4.4722643,-0.50840461,-0.31321454,0.80213547,0
-2.124063,0.75834078,3.8356717,-0.50840461,-0.31321454,0.80213547,0
-1.6329677,2.2894187,4.7947369,-0.50840461,-0.31321454,0.80213547,0
-1.9353328,-1.225665,2.0971742,-0.8587935,0.25282431,-0.44559348,0
2.2585077,3.2298832,-2.3982468,0.50840461,0.31321454,-0.80213547,0
1.5608649,-3.3654017,-3.958612,-0.063232988,-0.91541052,-0.3975237,0
1.0540857,4.2327652,1.3488128,0.063232988,0.91541052,0.3975237,0
0.94311047,4.6367254,0.4913981,0.063232988,0.91541052,0.3975237,0
-1.5659976,-4.8092413,0.11223531,-0.063232988,-0.91541052,-0.3975237,0
1.0981896,-1.0312428,-3.9750404,-0.8587935,0.25282431,-0.44559348,0
1.1330551,-0.93174636,-4.0288739,-0.8587935,0.25282431,-0.44559348,0
-1.9596195,1.7168493,4.4098053,-0.50840461,-0.31321454,0.80213547,0
-0.95547724,-4.9578857,0.21245623,-0.063232988,-0.91541052,-0.3975237,0
1.6564895,-2.7852776,-4.9725108,-0.063232988,-0.91541052,-0.3975237,0
0.20837903,2.176264,2.06986,0.8587935,-0.25282431,0.44559348,0
-1.1603987,-4.573102,-0.59097648,-0.063232988,-0.91541052,-0.3975237,0
-1.51605,2.7992902,5.0909538,0.063232988,0.91541052,0.3975237,0
-0.57900476,-4.1841135,-1.4288635,-0.063232988,-0.91541052,-0.3975237,0
-1.7010746,3.1153955,4.2105827,0.063232988,0.91541052,0.3975237,0
-1.8370085,-1.4499462,3.2408345,-0.50840461,-0.31321454,0.80213547,0
1.7416427,-3.2749388,-4.0141015,-0.063232988,-0.91541052,-0.3975237,0
0.47572294,-3.715121,-3.034611,-0.063232988,-0.91541052,-0.3975237,0
-2.2973084,-0.72852665,3.1980577,-0.50840461,-0.31321454,0.80213547,0
1.7516265,2.5058382,-2.8567941,0.50840461,0.31321454,-0.80213547,0
-1.8146881,-0.2485404,3.6389737,-0.50840461,-0.31321454,0.80213547,0
-0.62441003,-2.0752721,1.3531113,0.8587935,-0.25282431,0.44559348,0
-0.30833495,-3.0504403,-0.21227014,0.8587935,-0.25282431,0.44559348,0
1.1898854,-1.9489716,-4.5896454,-0.8587935,0.25282431,-0.44559348,0
2.3864684,1.9295144,-2.7699327,0.50840461,0.31321454,-0.80213547,0
-2.2728622,1.2560862,3.9752076,-0.50840461,-0.31321454,0.80213547,0
0.57416737,3.8148351,2.2391193,0.063232988,0.91541052,0.3975237,0
-0.2199257,3.7184291,2.7458036,0.063232988,0.91541052,0.3975237,0
-1.992148,-1.9475638,1.5522878,-0.8587935,0.25282431,-0.44559348,0
1.7620749,-1.1871094,-4.4419641,0.50840461,0.31321454,-0.80213547,0
0.53250849,0.9053269,0.71937233,0.8587935,-0.25282431,0.44559348,0
2.4164393,4.6436176,-1.7386649,0.50840461,0.31321454,-0.80213547,0
-1.8860354,-5.1910567,0.98374486,-0.063232988,-0.91541052,-0.3975237,0
0.79128689,-3.3047595,-3.9002154,-0.063232988,-0.91541052,-0.3975237,0
-2.5520365,-4.8095675,1.5078607,-0.50840461,-0.31321454,0.80213547,0
1.589484,4.9893804,-1.5679512,-0.8587935,0.25282431,-0.44559348,0
1.3386283,4.9764814,-0.24934697,0.063232988,0.91541052,0.3975237,0
0.85120344,4.563478,0.47545528,0.063232988,0.91541052,0.3975237,0
1.4210219,-2.8130331,-5.1469584,-0.063232988,-0.91541052,-0.3975237,0
-0.074341297,-3.4182217,-0.84584451,0.8587935,-0.25282431,0.44559348,0
-1.9319459,3.0351398,4.7535448,0.063232988,0.91541052,0.3975237,0
2.5327268,1.4088807,-2.7967489,0.8587935,-0.25282431,0.44559348,0
-1.4836624,-4.5359106,-0.86108255,-0.063232988,-0.91541052,-0.3975237,0
2.1538219,-2.6945984,-4.5907478,0.50840461,0.31321454,-0.80213547,0
2.2651863,2.9032583,-2.446862,0.50840461,0.31321454,-0.80213547,0
-0.327613,0.89414138,0.11739406,-0.8587935,0.25282431,-0.44559348,0
-1.974268,-2.4456985,2.7923155,-0.50840461,-0.31321454,0.80213547,0
-0.90607423,3.6643963,3.1448164,0.063232988,0.91541052,0.3975237,0
0.041371107,-3.5320613,-3.0015891,-0.063232988,-0.91541052,-0.3975237,0
-2.1085064,-3.4943874,2.2408853,-0.50840461,-0.31321454,0.80213547,0
-0.67864919,-4.3703761,-1.0442102,-0.063232988,-0.91541052,-0.3975237,0
-1.8057983,2.6069868,4.837728,-0.50840461,-0.31321454,0.80213547,0
1.1714189,4.3462229,1.1480629,0.063232988,0.91541052,0.3975237,0
1.4641364,-1.1497953,-4.5046363,0.50840461,0.31321454,-0.80213547,0
-2.1848958,-2.3331101,2.668936,-0.50840461,-0.31321454,0.80213547,0
0.060303807,2.0073936,-0.072238326,-0.8587935,0.25282431,-0.44559348,0
0.2514568,-3.6133718,-2.9590855,-0.063232988,-0.91541052,-0.3975237,0
-0.27179074,-2.3387394,0.42962301,0.8587935,-0.25282431,0.44559348,0
-2.4032972,-1.6409569,2.8597968,-0.50840461,-0.31321454,0.80213547,0
0.58864391,-3.4955769,-3.5877676,-0.063232988,-0.91541052,-0.3975237,0
1.7828448,2.4017596,-2.9895647,0.50840461,0.31321454,-0.80213547,0
-1.7383106,0.63165581,4.0596528,-0.50840461,-0.31321454,0.80213547,0
-2.0370448,-2.503571,2.6615276,-0.50840461,-0.31321454,0.80213547,0
-1.818819,-1.2472912,3.2967565,-0.50840461,-0.31321454,0.80213547,0
2.4699955,2.3328168,-2.4232907,0.8587935,-0.25282431,0.44559348,0
