-3.0331159,0.93832195,3.4369709,-0.76144147,0.2776238,0.5857746,0
3.8093204,-2.2319992,-0.10713387,0.57341015,0.70992887,0.40890312,0
-3.1010571,0.54639626,3.2216041,-0.76144147,0.2776238,0.5857746,0
1.9562765,-3.4573331,3.0306597,0.30233711,-0.64724493,0.69976151,0
-2.4570191,-1.1112927,5.1789541,-0.76144147,0.2776238,0.5857746,0
3.1395254,-3.4139283,2.5146508,0.30233711,-0.64724493,0.69976151,0
0.67848516,1.7732129,-2.9907186,0.57341015,0.70992887,0.40890312,0
0.97701168,-3.1940033,3.7068982,0.30233711,-0.64724493,0.69976151,0
-0.64439225,-2.2555006,5.2686491,0.30233711,-0.64724493,0.69976151,0
1.714684,-0.6845035,-0.086330295,0.57341015,0.70992887,0.40890312,0
-1.2002673,-1.9624774,5.7211785,0.30233711,-0.64724493,0.69976151,0
4.5623803,-4.4382806,1.0623531,0.30233711,-0.64724493,0.69976151,0
-3.0812488,3.3191006,-2.7165222,-0.30233711,0.64724493,-0.69976151,0
3.908998,-4.2180037,1.6436472,0.30233711,-0.64724493,0.69976151,0
2.0067632,0.76364946,-5.3203282,0.76144147,-0.2776238,-0.5857746,0
-3.2249241,2.3523676,1.6182661,0.57341015,0.70992887,0.40890312,0
-4.6752982,4.4596434,-1.0733647,-0.30233711,0.64724493,-0.69976151,0
2.2786288,-2.60461,2.4986939,0.57341015,0.70992887,0.40890312,0
-2.7788777,3.4904876,-2.6527696,-0.30233711,0.64724493,-0.69976151,0
-2.3727396,0.00041103363,4.4634247,-0.76144147,0.2776238,0.5857746,0
2.127166,0.63359332,-5.073657,0.76144147,-0.2776238,-0.5857746,0
-1.0021864,-0.33059859,0.62212831,-0.57341015,-0.70992887,-0.40890312,0
-3.0925002,0.28901434,3.3744335,-0.76144147,0.2776238,0.5857746,0
2.5003526,-2.50002,-0.46760607,-0.57341015,-0.70992887,-0.40890312,0
2.6216502,-3.802263,2.3642154,0.30233711,-0.64724493,0.69976151,0
-4.0888915,3.780966,0.50690293,-0.76144147,0.2776238,0.5857746,0
2.093174,1.0666087,-5.4942174,0.76144147,-0.2776238,-0.5857746,0
-3.0609231,0.10317492,3.5821879,-0.76144147,0.2776238,0.5857746,0
-1.2749821,1.0054079,-1.4185547,-0.57341015,-0.70992887,-0.40890312,0
3.6484654,-3.2788701,1.6108708,0.57341015,0.70992887,0.40890312,0
1.3913953,0.96217853,-2.3749502,0.57341015,0.70992887,0.40890312,0
-0.98330176,3.0777779,-3.8288808,-0.30233711,0.64724493,-0.69976151,0
1.1204932,-3.2988992,3.07622,-0.57341015,-0.70992887,-0.40890312,0
-2.5500412,-1.6371155,5.2860889,-0.76144147,0.2776238,0.5857746,0
-1.7944204,2.3512554,-2.9249027,-0.57341015,-0.70992887,-0.40890312,0
-1.525399,-2.0512886,5.7661772,0.30233711,-0.64724493,0.69976151,0
3.1932321,-3.8376911,2.1542349,0.30233711,-0.64724493,0.69976151,0
4.3233972,-3.0972643,-0.60210967,0.76144147,-0.2776238,-0.5857746,0
-1.3849585,-0.97665399,2.4948621,-0.57341015,-0.70992887,-0.40890312,0
1.2412426,-0.12532961,-2.6460741,-0.57341015,-0.70992887,-0.40890312,0
1.2636973,-3.0681071,3.7248154,0.30233711,-0.64724493,0.69976151,0
2.9919071,-2.0792148,-1.6000758,-0.57341015,-0.70992887,-0.40890312,0
4.8165264,-4.2897882,0.74250126,0.76144147,-0.2776238,-0.5857746,0
0.21632814,-2.4579234,4.78193,0.30233711,-0.64724493,0.69976151,0
3.8913078,-3.0181289,-1.2498423,0.76144147,-0.2776238,-0.5857746,0
0.78234255,-2.6435518,4.4129305,0.30233711,-0.64724493,0.69976151,0
-0.58486521,3.0525546,-4.0189557,-0.30233711,0.64724493,-0.69976151,0
2.0248287,1.138518,-5.4913654,0.76144147,-0.2776238,-0.5857746,0
-0.4659189,-1.5548979,2.2696126,-0.57341015,-0.70992887,-0.40890312,0
-0.53701425,-2.8779538,4.8412638,0.30233711,-0.64724493,0.69976151,0
3.327606,-2.1272087,-2.2178822,-0.57341015,-0.70992887,-0.40890312,0
2.6696832,-3.9022932,1.9075665,-0.57341015,-0.70992887,-0.40890312,0
1.4067284,-3.2886224,3.5326657,0.30233711,-0.64724493,0.69976151,0
0.5352304,2.3995934,-5.286139,-0.30233711,0.64724493,-0.69976151,0
2.7689512,-3.235796,0.34754729,-0.57341015,-0.70992887,-0.40890312,0
-2.047754,-1.321494,5.5747981,-0.76144147,0.2776238,0.5857746,0
3.9468281,-1.6649419,-1.2556509,0.57341015,0.70992887,0.40890312,0
2.9260387,-3.311646,2.7171011,0.30233711,-0.64724493,0.69976151,0
3.0148389,-0.050748944,-3.7832184,0.76144147,-0.2776238,-0.5857746,0
-0.40937865,-0.073863745,-0.63546413,-0.57341015,-0.70992887,-0.40890312,0
-4.4655366,2.8597841,-0.041711807,-0.57341015,-0.70992887,-0.40890312,0
2.3185315,0.74005604,-5.1679773,0.76144147,-0.2776238,-0.5857746,0
4.7538857,-4.5443358,0.82116032,0.30233711,-0.64724493,0.69976151,0
-2.3549376,-0.72836709,5.0488205,-0.76144147,0.2776238,0.5857746,0
-0.25364876,0.94382727,-2.4465804,-0.57341015,-0.70992887,-0.40890312,0
-1.3762604,1.0014501,1.5631418,0.57341015,0.70992887,0.40890312,0
-2.3731079,-1.6334898,5.391942,-0.76144147,0.2776238,0.5857746,0
-2.6497009,4.126791,-2.2091398,-0.30233711,0.64724493,-0.69976151,0
2.0540934,-4.0062342,2.6910138,0.30233711,-0.64724493,0.69976151,0
1.1747143,2.1029768,-5.5650802,-0.30233711,0.64724493,-0.69976151,0
0.91640329,-2.724474,4.2460814,0.30233711,-0.64724493,0.69976151,0
0.28629208,2.9466202,-4.6649714,-0.30233711,0.64724493,-0.69976151,0
-2.6762006,-0.66104794,4.5226908,-0.76144147,0.2776238,0.5857746,0
1.4418473,-3.5549102,3.1508865,0.30233711,-0.64724493,0.69976151,0
1.1403917,-0.012340903,-2.930583,-0.57341015,-0.70992887,-0.40890312,0
-2.0434632,0.2895177,1.29444,-0.57341015,-0.70992887,-0.40890312,0
-2.2326484,3.5991201,-2.8635445,-0.30233711,0.64724493,-0.69976151,0
-2.1308596,-0.66249037,5.1402521,-0.76144147,0.2776238,0.5857746,0
-0.52670026,2.9820004,-4.2851753,-0.30233711,0.64724493,-0.69976151,0
-4.2661066,2.511477,0.98448217,-0.76144147,0.2776238,0.5857746,0
-3.8537221,4.0096464,-1.8850975,-0.30233711,0.64724493,-0.69976151,0
4.1817183,-2.565321,-1.1899548,0.76144147,-0.2776238,-0.5857746,0
4.7823691,-4.2851596,0.50964737,0.76144147,-0.2776238,-0.5857746,0
-0.18632364,-1.7388668,2.151525,-0.57341015,-0.70992887,-0.40890312,0
3.157373,0.31896943,-3.758585,0.76144147,-0.2776238,-0.5857746,0
3.7348316,-2.7756081,-1.6101129,0.76144147,-0.2776238,-0.5857746,0
1.3993973,-3.6275346,3.3250775,0.30233711,-0.64724493,0.69976151,0
2.6304312,-0.69925511,-3.7668667,-0.57341015,-0.70992887,-0.40890312,0
-1.5694321,0.51938081,2.7218275,0.57341015,0.70992887,0.40890312,0
2.7661729,0.54656643,-3.6253395,0.57341015,0.70992887,0.40890312,0
2.6270895,-3.1459429,2.9790649,0.30233711,-0.64724493,0.69976151,0
-2.9841707,1.2029057,3.3168197,-0.76144147,0.2776238,0.5857746,0
1.605916,1.6713026,-6.298749,-0.30233711,0.64724493,-0.69976151,0
-0.70814037,0.86118412,-1.6415778,-0.57341015,-0.70992887,-0.40890312,0
-3.3799438,2.9179835,0.90240455,0.57341015,0.70992887,0.40890312,0
-4.3791361,3.1208453,-0.73557234,-0.57341015,-0.70992887,-0.40890312,0
3.8306065,-1.8706243,-1.7094742,0.76144147,-0.2776238,-0.5857746,0
-3.344032,0.45719212,2.9604974,-0.76144147,0.2776238,0.5857746,0
2.0432351,-3.9056354,2.7255144,0.30233711,-0.64724493,0.69976151,0
-3.0254631,-0.31499195,3.8376193,-0.76144147,0.2776238,0.5857746,0
-4.3696871,3.7266333,0.1189208,-0.76144147,0.2776238,0.5857746,0
4.5404077,-2.9561491,0.15834594,0.57341015,0.70992887,0.40890312,0
3.4168339,-0.63513923,-2.9010077,0.76144147,-0.2776238,-0.5857746,0
-4.8243046,3.7980471,-0.44833755,-0.76144147,0.2776238,0.5857746,0
1.1354644,0.15711534,-3.0764713,-0.57341015,-0.70992887,-0.40890312,0
-3.7187934,2.1953049,1.6884588,-0.76144147,0.2776238,0.5857746,0
0.68703115,-3.2410607,3.7216234,0.30233711,-0.64724493,0.69976151,0
-2.7336602,-1.0018536,4.7286215,-0.76144147,0.2776238,0.5857746,0
-1.9483683,-1.159533,5.7524366,-0.76144147,0.2776238,0.5857746,0
-0.72790146,2.6522653,-4.2916102,-0.30233711,0.64724493,-0.69976151,0
2.8454261,-0.63620853,-3.7665174,0.76144147,-0.2776238,-0.5857746,0
0.71461427,-2.7437482,4.3738813,0.30233711,-0.64724493,0.69976151,0
0.57090831,2.7338274,-4.8357453,-0.30233711,0.64724493,-0.69976151,0
-0.5889799,0.32634693,1.3929948,0.57341015,0.70992887,0.40890312,0
-4.5257173,2.8905075,0.3841002,-0.76144147,0.2776238,0.5857746,0
3.7549076,-4.0647545,1.8694057,0.30233711,-0.64724493,0.69976151,0
-3.1927307,1.453033,2.7859609,-0.76144147,0.2776238,0.5857746,0
2.8303347,-0.68668318,-1.5009215,0.57341015,0.70992887,0.40890312,0
-3.9143267,2.8587725,1.1081523,-0.76144147,0.2776238,0.5857746,0
-2.5267131,-0.12954116,4.3415093,-0.76144147,0.2776238,0.5857746,0
-4.2533455,2.9652278,0.60201073,-0.76144147,0.2776238,0.5857746,0
-0.3437584,-0.29503748,-0.057599127,-0.57341015,-0.70992887,-0.40890312,0
-1.6752551,-2.3952243,5.7108335,0.30233711,-0.64724493,0.69976151,0
-0.40806422,0.30650622,-1.1366391,-0.57341015,-0.70992887,-0.40890312,0
-1.5832518,3.7191179,-3.1424236,-0.30233711,0.64724493,-0.69976151,0
1.2484802,-0.46139443,-2.2706082,-0.57341015,-0.70992887,-0.40890312,0
4.1796937,-3.3906655,-0.5060854,0.76144147,-0.2776238,-0.5857746,0
1.8756926,-3.2360306,3.3457217,0.30233711,-0.64724493,0.69976151,0
0.53352368,-3.253099,3.8101077,-0.57341015,-0.70992887,-0.40890312,0
1.1815343,-3.5801659,3.4176173,0.30233711,-0.64724493,0.69976151,0
-2.1610804,3.045397,-3.4358931,-0.30233711,0.64724493,-0.69976151,0
-2.9090118,3.8787436,-2.359292,-0.30233711,0.64724493,-0.69976151,0
4.0729141,-2.8421841,-0.90262437,0.76144147,-0.2776238,-0.5857746,0
1.9058475,1.0384412,-5.7275624,0.76144147,-0.2776238,-0.5857746,0
0.058453321,2.5296445,-4.8613577,-0.30233711,0.64724493,-0.69976151,0
1.8945599,-2.6837866,2.9866872,0.57341015,0.70992887,0.40890312,0
-0.69809318,-2.0152411,5.6021309,0.30233711,-0.64724493,0.69976151,0
-4.5708714,4.4959059,-0.55833435,-0.76144147,0.2776238,0.5857746,0
1.0717082,2.2999866,-5.4449825,-0.30233711,0.64724493,-0.69976151,0
-1.5417688,3.6656528,-3.1696553,-0.30233711,0.64724493,-0.69976151,0
-2.0990179,3.6170688,-2.8384161,-0.30233711,0.64724493,-0.69976151,0
3.8839633,-1.0500035,-2.1901813,0.76144147,-0.2776238,-0.5857746,0
4.2033939,-3.6680164,-0.32929921,0.76144147,-0.2776238,-0.5857746,0
-2.9622495,3.9117241,-2.3313789,-0.30233711,0.64724493,-0.69976151,0
-0.2683903,-0.70531988,2.8125415,0.57341015,0.70992887,0.40890312,0
-2.8174314,3.2605534,-2.7905955,-0.57341015,-0.70992887,-0.40890312,0
-3.2380481,0.20080566,3.3936441,-0.76144147,0.2776238,0.5857746,0
1.7467694,-1.8274846,1.8778238,0.57341015,0.70992887,0.40890312,0
-2.5454698,-0.13339949,4.4854856,-0.76144147,0.2776238,0.5857746,0
3.7985182,-3.8235378,1.8786016,0.30233711,-0.64724493,0.69976151,0
3.4572139,-3.6293428,2.3349032,0.30233711,-0.64724493,0.69976151,0
-1.7350985,3.5503578,-3.1620531,-0.30233711,0.64724493,-0.69976151,0
-0.35401392,-0.74807346,2.8291593,0.57341015,0.70992887,0.40890312,0
4.2937217,-3.8017786,-0.32000971,0.76144147,-0.2776238,-0.5857746,0
-0.26409823,-1.4046967,1.4222152,-0.57341015,-0.70992887,-0.40890312,0
0.92227793,2.3481755,-5.4931378,-0.30233711,0.64724493,-0.69976151,0
4.0088491,-1.8816171,-1.5218881,0.76144147,-0.2776238,-0.5857746,0
-3.522332,1.9752846,2.2477882,-0.76144147,0.2776238,0.5857746,0
3.1366463,-1.3123112,-0.86212116,0.57341015,0.70992887,0.40890312,0
4.8203349,-4.0560436,1.1953015,0.30233711,-0.64724493,0.69976151,0
-1.6097949,1.600091,-1.6005273,-0.57341015,-0.70992887,-0.40890312,0
2.3015444,1.4006892,-5.3869152,0.76144147,-0.2776238,-0.5857746,0
-0.03565979,3.0028269,-4.3934278,-0.30233711,0.64724493,-0.69976151,0
-2.4231558,1.4564321,2.1297057,0.57341015,0.70992887,0.40890312,0
-3.5465279,3.6591394,-2.2825303,-0.30233711,0.64724493,-0.69976151,0
-1.3611393,-2.0596671,4.2768602,-0.57341015,-0.70992887,-0.40890312,0
0.52818203,0.29386246,-2.3722587,-0.57341015,-0.70992887,-0.40890312,0
4.965167,-3.9939568,0.77174759,0.76144147,-0.2776238,-0.5857746,0
1.3533722,-2.1229346,2.8752012,0.57341015,0.70992887,0.40890312,0
-4.4014668,2.7724595,0.75617552,-0.76144147,0.2776238,0.5857746,0
4.1369224,-2.7564898,-1.1623349,0.76144147,-0.2776238,-0.5857746,0
-0.98316896,3.0771804,-3.9405961,-0.30233711,0.64724493,-0.69976151,0
1.5445933,2.0533707,-4.2812428,0.57341015,0.70992887,0.40890312,0
0.80449939,1.8839291,-5.4784422,-0.57341015,-0.70992887,-0.40890312,0
-0.21591307,-0.66910696,0.1612401,-0.57341015,-0.70992887,-0.40890312,0
1.5636113,-3.5537543,3.3146324,0.30233711,-0.64724493,0.69976151,0
2.8806753,-0.83708477,-3.4966397,0.76144147,-0.2776238,-0.5857746,0
-2.2401788,-0.41092682,4.7980199,-0.76144147,0.2776238,0.5857746,0
1.2688158,2.5828145,-5.2530265,-0.30233711,0.64724493,-0.69976151,0
-4.239521,3.3127608,0.54793859,-0.76144147,0.2776238,0.5857746,0
-0.66642809,-1.9508029,5.6241679,0.30233711,-0.64724493,0.69976151,0
-0.098495483,-2.5580306,4.9308066,0.30233711,-0.64724493,0.69976151,0
-2.7476997,-0.64939988,4.3147888,-0.76144147,0.2776238,0.5857746,0
3.2183194,-0.33680373,-3.2237153,0.76144147,-0.2776238,-0.5857746,0
3.788393,-3.9403551,1.8358846,0.30233711,-0.64724493,0.69976151,0
-2.985656,3.440201,-2.5470257,-0.30233711,0.64724493,-0.69976151,0
0.32108802,-1.573758,0.94047594,-0.57341015,-0.70992887,-0.40890312,0
-1.2334967,1.8695295,-0.11636972,0.57341015,0.70992887,0.40890312,0
3.3897605,-0.56581807,-2.9334574,0.76144147,-0.2776238,-0.5857746,0
-2.1319606,-1.9826554,5.8071156,-0.76144147,0.2776238,0.5857746,0
1.375278,0.72265744,-4.4713397,-0.57341015,-0.70992887,-0.40890312,0
-2.8504236,-0.82690036,4.4266491,-0.76144147,0.2776238,0.5857746,0
-0.76637042,-0.33014095,3.0182114,0.57341015,0.70992887,0.40890312,0
2.0582418,-0.46599448,-3.1369197,-0.57341015,-0.70992887,-0.40890312,0
2.5407658,0.8868171,-4.6731839,0.76144147,-0.2776238,-0.5857746,0
-2.7342463,2.1521068,-0.99110746,-0.57341015,-0.70992887,-0.40890312,0
-1.5970529,-0.74000603,2.2655206,-0.57341015,-0.70992887,-0.40890312,0
3.3151207,-3.9527602,0.85240126,-0.57341015,-0.70992887,-0.40890312,0
-1.8782175,-1.4698112,4.2041917,-0.57341015,-0.70992887,-0.40890312,0
2.8894761,0.74729824,-4.2581015,0.76144147,-0.2776238,-0.5857746,0
4.5065627,-4.3256807,0.3470149,0.76144147,-0.2776238,-0.5857746,0
-1.5412724,3.1075027,-3.4927163,-0.30233711,0.64724493,-0.69976151,0
-3.186717,4.0116663,-1.426012,0.57341015,0.70992887,0.40890312,0
0.72024894,2.1386104,-5.5785184,-0.30233711,0.64724493,-0.69976151,0
2.2267983,1.8971242,-5.650023,0.76144147,-0.2776238,-0.5857746,0
4.1363335,-4.2079954,0.47838593,-0.57341015,-0.70992887,-0.40890312,0
-0.65224218,2.5713582,-4.5596614,-0.30233711,0.64724493,-0.69976151,0
-2.2492578,3.797699,-2.0597992,0.57341015,0.70992887,0.40890312,0
0.18485594,-2.9268832,4.4560184,0.30233711,-0.64724493,0.69976151,0
-0.9126699,-0.1334039,2.6629293,0.57341015,0.70992887,0.40890312,0
0.62369823,2.2363188,-5.4832621,-0.30233711,0.64724493,-0.69976151,0
0.070215821,0.25906265,-1.8709872,-0.57341015,-0.70992887,-0.40890312,0
3.0962849,-1.0246543,-3.2737718,0.76144147,-0.2776238,-0.5857746,0
4.2222748,-3.4697633,1.2772126,0.57341015,0.70992887,0.40890312,0
-3.8784034,3.1933949,-1.4167752,-0.57341015,-0.70992887,-0.40890312,0
3.818959,-1.762149,-1.8750864,0.76144147,-0.2776238,-0.5857746,0
-2.2981255,3.9183395,-2.6200914,-0.30233711,0.64724493,-0.69976151,0
-2.2227764,1.5697131,-0.63286448,-0.57341015,-0.70992887,-0.40890312,0
1.0278147,0.61586142,-1.4585662,0.57341015,0.70992887,0.40890312,0
-3.5612667,3.9802356,-1.798974,-0.30233711,0.64724493,-0.69976151,0
-0.45287585,-0.6232453,0.27631503,-0.57341015,-0.70992887,-0.40890312,0
-2.4026468,3.1014194,-3.2215676,-0.30233711,0.64724493,-0.69976151,0
-4.4048424,2.5456133,0.78513813,-0.76144147,0.2776238,0.5857746,0
-0.88420761,-0.13583304,0.45103794,-0.57341015,-0.70992887,-0.40890312,0
-3.5646329,1.4715174,2.4071386,-0.76144147,0.2776238,0.5857746,0
2.0622556,-3.8157058,2.6332688,0.30233711,-0.64724493,0.69976151,0
1.9416244,-1.7069383,1.4692588,0.57341015,0.70992887,0.40890312,0
-3.7517982,3.946537,-1.8255429,-0.30233711,0.64724493,-0.69976151,0
1.0229112,1.3418537,-2.5120599,0.57341015,0.70992887,0.40890312,0
4.1890626,-2.6836393,-1.0801109,0.76144147,-0.2776238,-0.5857746,0
-3.4074824,1.5166359,0.69033015,-0.57341015,-0.70992887,-0.40890312,0
4.4145694,-3.5142598,-0.16308761,0.76144147,-0.2776238,-0.5857746,0
1.5232574,1.5784209,-3.6334305,0.57341015,0.70992887,0.40890312,0
4.3950367,-4.3010497,0.057728767,0.76144147,-0.2776238,-0.5857746,0
-4.4625206,4.2791252,-0.1941371,-0.76144147,0.2776238,0.5857746,0
-2.7155375,2.1066632,-1.0206692,-0.57341015,-0.70992887,-0.40890312,0
-0.015954018,-1.1486534,3.2407792,0.57341015,0.70992887,0.40890312,0
-2.5318558,3.1275251,-3.1285157,-0.30233711,0.64724493,-0.69976151,0
3.9632759,-2.5242682,-1.47832,0.76144147,-0.2776238,-0.5857746,0
2.0548992,-3.3068004,3.2146816,0.30233711,-0.64724493,0.69976151,0
1.8008347,0.075904131,-3.7415781,-0.57341015,-0.70992887,-0.40890312,0
-2.9910574,0.48073342,2.3436658,-0.57341015,-0.70992887,-0.40890312,0
3.8917403,-2.4492347,-1.5758718,0.76144147,-0.2776238,-0.5857746,0
-2.0969143,-2.4030788,5.940589,0.30233711,-0.64724493,0.69976151,0
-3.9935274,2.5165241,1.4059129,-0.76144147,0.2776238,0.5857746,0
1.2779502,1.49465,-3.2055573,0.57341015,0.70992887,0.40890312,0
4.9805284,-3.9610815,0.5284977,0.76144147,-0.2776238,-0.5857746,0
0.83066678,1.0814902,-4.3427234,-0.57341015,-0.70992887,-0.40890312,0
3.6999927,-4.230917,0.96470356,-0.57341015,-0.70992887,-0.40890312,0
-1.843466,-0.62788093,2.504096,-0.57341015,-0.70992887,-0.40890312,0
-4.9326239,4.1616983,-1.1517825,-0.30233711,0.64724493,-0.69976151,0
2.9196243,-0.83251643,-3.5949001,0.76144147,-0.2776238,-0.5857746,0
-3.0421977,0.18028402,3.540046,-0.76144147,0.2776238,0.5857746,0
-0.60617375,-2.8597844,4.8058424,0.30233711,-0.64724493,0.69976151,0
4.4070058,-4.2067366,1.2213774,0.30233711,-0.64724493,0.69976151,0
1.6372507,1.4369528,-6.1149392,0.76144147,-0.2776238,-0.5857746,0
4.3483839,-3.1712837,-0.4283247,0.76144147,-0.2776238,-0.5857746,0
-2.3342235,0.6878072,1.0921957,-0.57341015,-0.70992887,-0.40890312,0
2.3943563,-0.1553705,-1.9680648,0.57341015,0.70992887,0.40890312,0
4.9446797,-4.5515399,0.74821138,0.76144147,-0.2776238,-0.5857746,0
-1.6256573,-1.4107246,6.1087732,-0.76144147,0.2776238,0.5857746,0
-2.866082,-0.65415335,4.2975206,-0.76144147,0.2776238,0.5857746,0
0.49843323,0.61196434,-3.1486225,-0.57341015,-0.70992887,-0.40890312,0
1.8042641,1.9997215,-6.0219059,-0.30233711,0.64724493,-0.69976151,0
0.83540726,-3.2864318,3.720283,0.30233711,-0.64724493,0.69976151,0
3.376163,-0.45195341,-3.2324963,0.76144147,-0.2776238,-0.5857746,0
-1.0850464,-0.11750716,0.36220166,-0.57341015,-0.70992887,-0.40890312,0
-3.8218341,4.402452,-1.2862053,-0.30233711,0.64724493,-0.69976151,0
0.16440797,-2.2460041,5.1143141,0.57341015,0.70992887,0.40890312,0
3.3236027,-1.9048769,-2.5445693,0.76144147,-0.2776238,-0.5857746,0
0.41834688,2.8413239,-4.626637,-0.30233711,0.64724493,-0.69976151,0
3.0646029,-0.32058573,-3.433748,0.76144147,-0.2776238,-0.5857746,0
-3.6651893,1.3652558,2.1589141,-0.76144147,0.2776238,0.5857746,0
-4.8761258,4.1946483,-1.2604818,-0.30233711,0.64724493,-0.69976151,0
-0.540479,2.2159376,-1.7462137,0.57341015,0.70992887,0.40890312,0
-2.9911845,0.069753766,3.8473988,-0.76144147,0.2776238,0.5857746,0
-3.6916151,4.1568136,-1.7870994,-0.30233711,0.64724493,-0.69976151,0
1.6814923,1.9186066,-6.1487646,-0.30233711,0.64724493,-0.69976151,0
2.6863601,-0.019177556,-4.1682916,0.76144147,-0.2776238,-0.5857746,0
-1.9793192,1.9309872,-1.9145017,-0.57341015,-0.70992887,-0.40890312,0
2.3929117,0.53714561,-2.8847575,0.57341015,0.70992887,0.40890312,0
1.5103045,-0.81396413,0.39416015,0.57341015,0.70992887,0.40890312,0
-2.2739172,1.5532529,-0.6737268,-0.57341015,-0.70992887,-0.40890312,0
-2.6405697,-1.0385587,4.2846346,-0.57341015,-0.70992887,-0.40890312,0
-2.6019335,-1.3067617,4.942163,-0.76144147,0.2776238,0.5857746,0
-0.9993341,2.8272333,-4.2099948,-0.30233711,0.64724493,-0.69976151,0
2.9076235,-3.7258124,2.5082312,0.30233711,-0.64724493,0.69976151,0
0.97940731,-3.0224199,3.7980666,0.30233711,-0.64724493,0.69976151,0
1.0515196,1.8144313,-5.6889458,-0.57341015,-0.70992887,-0.40890312,0
2.9245272,-1.6745453,0.16869998,0.57341015,0.70992887,0.40890312,0
2.8372688,-4.0947709,2.143343,0.30233711,-0.64724493,0.69976151,0
4.7186422,-3.3180737,-0.092141628,0.76144147,-0.2776238,-0.5857746,0
2.6821418,0.35631561,-4.425272,0.76144147,-0.2776238,-0.5857746,0
0.46728754,-3.2957952,3.9937482,0.30233711,-0.64724493,0.69976151,0
1.3522062,1.7070055,-6.0506396,-0.30233711,0.64724493,-0.69976151,0
-1.9924389,2.2646601,-2.5371397,-0.57341015,-0.70992887,-0.40890312,0
-3.4277527,4.3700809,-1.5070639,-0.30233711,0.64724493,-0.69976151,0
-3.5470121,1.9879811,2.2591605,-0.76144147,0.2776238,0.5857746,0
-0.51924831,1.4538788,-0.3545742,0.57341015,0.70992887,0.40890312,0
-4.2078834,3.873709,-1.7845025,-0.30233711,0.64724493,-0.69976151,0
-3.8124924,4.5060892,-1.4531064,-0.30233711,0.64724493,-0.69976151,0
-1.7049319,3.6266351,-2.9507246,-0.30233711,0.64724493,-0.69976151,0
2.7411861,-2.8012452,-0.42726541,-0.57341015,-0.70992887,-0.40890312,0
-3.7986646,4.0805893,-1.7531776,-0.30233711,0.64724493,-0.69976151,0
-4.2520347,2.4980731,0.95960927,-0.76144147,0.2776238,0.5857746,0
-2.3844328,3.6622038,-2.8595376,-0.30233711,0.64724493,-0.69976151,0
3.4536071,-2.0607948,-2.1435423,0.76144147,-0.2776238,-0.5857746,0
-3.8561215,2.9719279,1.1930395,-0.76144147,0.2776238,0.5857746,0
-3.8007991,2.6600554,-0.69028783,-0.57341015,-0.70992887,-0.40890312,0
2.3583205,1.2193375,-5.2376204,0.76144147,-0.2776238,-0.5857746,0
-0.75984836,-0.83287716,3.7512813,0.57341015,0.70992887,0.40890312,0
2.3486431,-3.7472525,2.6394329,0.30233711,-0.64724493,0.69976151,0
-2.6999285,3.5211909,-2.8195229,-0.30233711,0.64724493,-0.69976151,0
1.8210285,1.7427641,-6.237658,0.76144147,-0.2776238,-0.5857746,0
-2.9123344,-0.15118271,3.0358853,-0.57341015,-0.70992887,-0.40890312,0
3.0095444,-0.53385484,-3.6392784,0.76144147,-0.2776238,-0.5857746,0
-1.3435993,-2.4484401,5.4131255,0.30233711,-0.64724493,0.69976151,0
5.0465007,-4.3024602,0.82694292,0.76144147,-0.2776238,-0.5857746,0
-0.80465299,2.9398487,-2.6526837,0.57341015,0.70992887,0.40890312,0
-2.0573332,-0.98620653,5.3683176,-0.76144147,0.2776238,0.5857746,0
-3.1112013,0.12259114,3.4550633,-0.76144147,0.2776238,0.5857746,0
-0.19530213,-0.4256506,2.1189661,0.57341015,0.70992887,0.40890312,0
-0.059724092,2.8417513,-4.629734,-0.30233711,0.64724493,-0.69976151,0
-4.4481468,4.3092356,-1.3211303,-0.30233711,0.64724493,-0.69976151,0
4.9662547,-3.9558625,0.62882853,0.76144147,-0.2776238,-0.5857746,0
-3.2307224,3.976892,-0.91866207,0.57341015,0.70992887,0.40890312,0
1.8976831,0.9331634,-5.5834808,0.76144147,-0.2776238,-0.5857746,0
-2.6614344,-0.30662704,3.0536237,-0.57341015,-0.70992887,-0.40890312,0
-4.8889427,3.5332925,-0.27480745,-0.76144147,0.2776238,0.5857746,0
1.4732035,0.95440102,-2.4107113,0.57341015,0.70992887,0.40890312,0
-4.3991723,2.9662788,0.65596008,-0.76144147,0.2776238,0.5857746,0
-2.8035104,3.4185481,-2.7694926,-0.30233711,0.64724493,-0.69976151,0
3.5067034,-0.55573243,-2.8984218,0.76144147,-0.2776238,-0.5857746,0
1.8299806,1.7740663,-6.0829272,0.76144147,-0.2776238,-0.5857746,0
2.0004151,2.4123919,-5.7457581,-0.30233711,0.64724493,-0.69976151,0
1.1215326,-2.712697,4.1669097,0.30233711,-0.64724493,0.69976151,0
-2.5645375,3.4427733,-2.8237958,-0.30233711,0.64724493,-0.69976151,0
-1.0047445,0.21479237,2.0717711,0.57341015,0.70992887,0.40890312,0
0.012863159,-2.9828677,4.3221273,0.30233711,-0.64724493,0.69976151,0
-0.73955059,0.84076899,-1.4432273,-0.57341015,-0.70992887,-0.40890312,0
-2.8830228,4.1172304,-2.1721463,-0.30233711,0.64724493,-0.69976151,0
4.277986,-3.9709735,-0.30387211,0.76144147,-0.2776238,-0.5857746,0
-0.96486878,3.1546171,-3.7522993,-0.30233711,0.64724493,-0.69976151,0
3.6894972,-4.1485,1.7900376,0.30233711,-0.64724493,0.69976151,0
-2.2014527,3.3064125,-3.2321534,-0.30233711,0.64724493,-0.69976151,0
1.1080256,2.6606541,-5.1165552,-0.30233711,0.64724493,-0.69976151,0
-1.2056545,-0.09315753,2.8812528,0.57341015,0.70992887,0.40890312,0
-3.4802613,0.38973045,3.0308697,-0.76144147,0.2776238,0.5857746,0
-2.259896,-0.11174305,2.0368981,-0.57341015,-0.70992887,-0.40890312,0
3.8628972,-2.1280546,-0.66843617,0.57341015,0.70992887,0.40890312,0
-0.3529754,0.034248471,-0.72608197,-0.57341015,-0.70992887,-0.40890312,0
-1.7710412,-1.2464504,5.7314949,0.57341015,0.70992887,0.40890312,0
2.6383522,-3.9774375,2.3492179,0.30233711,-0.64724493,0.69976151,0
-0.55826068,2.6990385,-4.3554001,-0.30233711,0.64724493,-0.69976151,0
0.046319366,-0.90561748,2.6911891,0.57341015,0.70992887,0.40890312,0
-0.6674515,2.7023041,-4.2155561,-0.30233711,0.64724493,-0.69976151,0
5.0360589,-4.1670084,0.85778141,0.76144147,-0.2776238,-0.5857746,0
1.64136,-1.1339312,-1.7416024,-0.57341015,-0.70992887,-0.40890312,0
1.5923131,-1.8331907,2.1013293,0.57341015,0.70992887,0.40890312,0
-3.2871366,0.722633,2.9127541,-0.76144147,0.2776238,0.5857746,0
2.7839849,-0.40915704,-3.9323983,0.76144147,-0.2776238,-0.5857746,0
-4.3004022,2.8302774,0.68227673,-0.76144147,0.2776238,0.5857746,0
-3.9588995,2.1782851,1.3347225,-0.76144147,0.2776238,0.5857746,0
2.3928459,-3.3568995,1.4550629,-0.57341015,-0.70992887,-0.40890312,0
2.5343366,-1.297457,-0.1875689,0.57341015,0.70992887,0.40890312,0
3.7612157,-3.6448569,2.175693,0.30233711,-0.64724493,0.69976151,0
-2.2381005,-0.84359455,5.2823443,-0.76144147,0.2776238,0.5857746,0
-2.7609906,3.370744,-2.9377694,-0.30233711,0.64724493,-0.69976151,0
-3.8814731,1.4352908,2.0005317,-0.76144147,0.2776238,0.5857746,0
-0.71304977,-0.69932616,0.91061115,-0.57341015,-0.70992887,-0.40890312,0
1.579345,1.1389375,-5.6193242,-0.57341015,-0.70992887,-0.40890312,0
-2.6639507,3.6073742,-2.6259589,-0.30233711,0.64724493,-0.69976151,0
0.11895692,1.6861147,-1.7701814,0.57341015,0.70992887,0.40890312,0
-4.8049994,4.0470219,-0.64624405,-0.76144147,0.2776238,0.5857746,0
-1.8993094,-2.3956661,5.7184014,0.30233711,-0.64724493,0.69976151,0
-3.5911596,1.8466977,2.2709186,-0.76144147,0.2776238,0.5857746,0
-4.2474318,3.6458182,0.59185743,-0.76144147,0.2776238,0.5857746,0
-4.1022072,4.1374273,-0.25822783,0.57341015,0.70992887,0.40890312,0
-4.0782285,3.3048844,0.91888809,-0.76144147,0.2776238,0.5857746,0
-4.2371984,2.7192173,0.82287598,-0.76144147,0.2776238,0.5857746,0
2.7922866,-0.61869204,-1.8539573,0.57341015,0.70992887,0.40890312,0
-1.7331367,3.1729701,-3.3234982,-0.30233711,0.64724493,-0.69976151,0
1.7627196,2.532712,-5.6125855,-0.30233711,0.64724493,-0.69976151,0
-1.9582226,1.2662443,-0.69314444,-0.57341015,-0.70992887,-0.40890312,0
-2.7543318,0.16857719,3.8973885,-0.76144147,0.2776238,0.5857746,0
-4.3138051,3.819283,0.21310234,-0.76144147,0.2776238,0.5857746,0
4.0001421,-2.4069963,-1.4181573,0.76144147,-0.2776238,-0.5857746,0
-2.8123322,2.9421775,0.0094096661,0.57341015,0.70992887,0.40890312,0
4.367363,-2.9228792,-0.5044589,0.76144147,-0.2776238,-0.5857746,0
-2.2296329,-1.9875207,5.8425322,-0.76144147,0.2776238,0.5857746,0
2.4068842,-2.7904129,0.2793045,-0.57341015,-0.70992887,-0.40890312,0
2.4239695,0.77095473,-4.7788672,0.76144147,-0.2776238,-0.5857746,0
-3.8842947,1.5048721,1.449,-0.57341015,-0.70992887,-0.40890312,0
3.7199633,-1.4063793,-2.2921467,0.76144147,-0.2776238,-0.5857746,0
-2.7227054,2.6705649,-2.0292661,-0.57341015,-0.70992887,-0.40890312,0
2.4676332,-3.4122746,2.851491,0.30233711,-0.64724493,0.69976151,0
4.0729184,-2.4829354,-1.3682553,0.76144147,-0.2776238,-0.5857746,0
2.0977883,-3.5381026,2.9802361,0.30233711,-0.64724493,0.69976151,0
2.7668049,0.76192766,-4.1280422,0.57341015,0.70992887,0.40890312,0
0.65178347,-3.1045735,4.1283388,0.30233711,-0.64724493,0.69976151,0
3.0076323,-0.35510492,-3.6347501,0.76144147,-0.2776238,-0.5857746,0
-4.0890155,2.7329912,1.0205967,-0.76144147,0.2776238,0.5857746,0
-4.9900303,3.8162036,-0.73686981,-0.76144147,0.2776238,0.5857746,0
-2.6589859,0.0013320446,4.3705254,-0.76144147,0.2776238,0.5857746,0
1.9778799,-0.46240643,-0.72825074,0.57341015,0.70992887,0.40890312,0
-0.10733962,2.1624551,-4.7393823,-0.57341015,-0.70992887,-0.40890312,0
0.45587766,2.0306368,-2.8492324,0.57341015,0.70992887,0.40890312,0
1.7998222,-2.1091986,2.4016261,0.57341015,0.70992887,0.40890312,0
2.1257854,-2.8511961,0.59725833,-0.57341015,-0.70992887,-0.40890312,0
-1.3141387,-2.6068797,5.3654494,0.30233711,-0.64724493,0.69976151,0
4.0958056,-3.6593857,1.9012756,0.57341015,0.70992887,0.40890312,0
-4.717196,4.6317196,-0.65333223,-0.76144147,0.2776238,0.5857746,0
-1.3160666,2.837163,-3.8874626,-0.30233711,0.64724493,-0.69976151,0
1.7069328,-2.873785,3.6125383,0.57341015,0.70992887,0.40890312,0
-2.1366127,2.6254354,-2.7306576,-0.57341015,-0.70992887,-0.40890312,0
3.4173331,-4.1160297,1.9822431,0.30233711,-0.64724493,0.69976151,0
4.2277942,-3.9139981,1.5842433,0.30233711,-0.64724493,0.69976151,0
-2.9982495,1.1658922,3.0922313,-0.76144147,0.2776238,0.5857746,0
-2.6972806,0.30857635,4.1369381,-0.76144147,0.2776238,0.5857746,0
2.8655894,-0.47721219,-3.8717921,0.76144147,-0.2776238,-0.5857746,0
-3.2841964,3.4805868,-2.3659735,-0.30233711,0.64724493,-0.69976151,0
-1.0563819,2.8953676,-2.1797018,0.57341015,0.70992887,0.40890312,0
-3.1497252,3.9358032,-2.1776814,-0.30233711,0.64724493,-0.69976151,0
2.6577117,0.60759401,-4.443882,0.76144147,-0.2776238,-0.5857746,0
2.2309031,1.1813488,-5.236743,0.76144147,-0.2776238,-0.5857746,0
-3.6836681,3.5522385,-2.3213167,-0.30233711,0.64724493,-0.69976151,0
-2.2830727,3.8930054,-2.5151539,-0.30233711,0.64724493,-0.69976151,0
-3.9099886,1.7959762,1.678164,-0.76144147,0.2776238,0.5857746,0
-2.611675,-1.4032055,4.9745955,-0.57341015,-0.70992887,-0.40890312,0
3.9091458,-3.7389183,1.9531512,0.30233711,-0.64724493,0.69976151,0
-4.4258184,4.0037189,-0.085912704,-0.76144147,0.2776238,0.5857746,0
-4.8014522,4.4033017,-0.70505238,-0.76144147,0.2776238,0.5857746,0
2.8077228,-3.2853954,3.0213928,0.30233711,-0.64724493,0.69976151,0
2.7591522,-2.9768109,2.3904271,0.57341015,0.70992887,0.40890312,0
-4.4964952,4.6440802,-0.82215071,-0.30233711,0.64724493,-0.69976151,0
-3.4607663,0.57931536,2.4468997,-0.57341015,-0.70992887,-0.40890312,0
0.387218,-0.95644546,2.5526671,0.57341015,0.70992887,0.40890312,0
-4.1987553,4.3859582,-1.3117676,-0.30233711,0.64724493,-0.69976151,0
-2.5476468,0.10103011,4.1861973,-0.76144147,0.2776238,0.5857746,0
4.4179773,-4.1506038,0.047811985,0.76144147,-0.2776238,-0.5857746,0
0.050790191,-1.6727347,1.6340923,-0.57341015,-0.70992887,-0.40890312,0
3.4599855,-0.70229697,-2.73698,0.76144147,-0.2776238,-0.5857746,0
-4.0348916,2.5562382,1.3635319,-0.76144147,0.2776238,0.5857746,0
-3.3728986,1.9418404,2.539124,-0.76144147,0.2776238,0.5857746,0
0.059338093,-2.4379888,4.8560624,0.30233711,-0.64724493,0.69976151,0
0.29857206,-3.2430117,4.0340214,0.30233711,-0.64724493,0.69976151,0
3.4002225,-1.011862,-2.7572865,0.76144147,-0.2776238,-0.5857746,0
-1.3027315,2.1388419,-0.64276266,0.57341015,0.70992887,0.40890312,0
-1.2219975,-2.0323548,4.1609516,-0.57341015,-0.70992887,-0.40890312,0
-3.0677285,0.75471103,3.4694061,-0.76144147,0.2776238,0.5857746,0
1.5961366,2.1363006,-5.9856544,-0.30233711,0.64724493,-0.69976151,0
-0.80029988,3.2647772,-3.8882265,-0.30233711,0.64724493,-0.69976151,0
-2.1168008,-0.19136596,4.3944616,0.57341015,0.70992887,0.40890312,0
-4.7666354,3.351661,-0.17281866,-0.76144147,0.2776238,0.5857746,0
-3.2190416,0.59380162,3.3023536,-0.76144147,0.2776238,0.5857746,0
-0.087618828,-3.0489068,4.3495603,0.30233711,-0.64724493,0.69976151,0
4.7474709,-3.3160727,0.27711773,0.57341015,0.70992887,0.40890312,0
1.2600529,-2.7111526,3.9672623,0.30233711,-0.64724493,0.69976151,0
-0.95120537,2.744555,-4.1800795,-0.30233711,0.64724493,-0.69976151,0
-1.2099886,-2.6580741,5.1686931,0.30233711,-0.64724493,0.69976151,0
2.957293,-4.1468048,1.9278946,0.30233711,-0.64724493,0.69976151,0
-2.0675199,2.2132187,-2.1705892,-0.57341015,-0.70992887,-0.40890312,0
2.1236711,1.3121903,-5.386797,0.76144147,-0.2776238,-0.5857746,0
3.3440323,-1.3176873,-2.8222919,0.76144147,-0.2776238,-0.5857746,0
-4.8029256,4.2578335,-0.49720287,-0.76144147,0.2776238,0.5857746,0
3.5754573,-3.8792095,0.28030109,-0.57341015,-0.70992887,-0.40890312,0
-0.97263944,3.448585,-3.571104,-0.30233711,0.64724493,-0.69976151,0
-2.0220258,-0.80974531,5.299037,-0.76144147,0.2776238,0.5857746,0
-3.4228592,1.6724169,2.5032077,-0.76144147,0.2776238,0.5857746,0
-0.17632842,-2.5986323,4.9243016,0.30233711,-0.64724493,0.69976151,0
-1.9317746,-1.6810386,5.9487634,-0.76144147,0.2776238,0.5857746,0
4.6491833,-4.3662629,1.017796,0.30233711,-0.64724493,0.69976151,0
-1.2548919,2.182801,-3.2282715,-0.57341015,-0.70992887,-0.40890312,0
0.03568244,-2.5050058,4.8915586,0.30233711,-0.64724493,0.69976151,0
1.6021436,-0.23919047,-0.74895799,0.57341015,0.70992887,0.40890312,0
-3.0868244,0.85884237,3.3706152,-0.76144147,0.2776238,0.5857746,0
-3.5231879,2.3711822,1.9221835,-0.76144147,0.2776238,0.5857746,0
2.8062804,0.04161787,-4.005928,0.76144147,-0.2776238,-0.5857746,0
1.0063334,-1.1754849,-0.45351595,-0.57341015,-0.70992887,-0.40890312,0
2.6051843,-0.2696147,-4.1311092,0.76144147,-0.2776238,-0.5857746,0
-1.893003,-2.128861,5.9977145,0.30233711,-0.64724493,0.69976151,0
-2.5741429,3.6166182,-2.5455246,-0.30233711,0.64724493,-0.69976151,0
1.2840307,-3.2321746,3.7149734,0.30233711,-0.64724493,0.69976151,0
-3.3608041,3.6496267,-2.4496117,-0.30233711,0.64724493,-0.69976151,0
1.9162586,1.3187066,-3.6348569,0.57341015,0.70992887,0.40890312,0
2.3756266,-3.6298766,2.6674147,0.30233711,-0.64724493,0.69976151,0
3.384985,-3.5675807,-0.01727581,-0.57341015,-0.70992887,-0.40890312,0
-0.18497872,-2.6987405,4.7414255,0.30233711,-0.64724493,0.69976151,0
-2.8376234,3.4714069,-2.7567329,-0.30233711,0.64724493,-0.69976151,0
3.3662062,-0.92379922,-2.8700569,0.76144147,-0.2776238,-0.5857746,0
-2.904609,3.8109577,-2.4704947,-0.30233711,0.64724493,-0.69976151,0
2.0029776,-3.543963,2.9273653,0.30233711,-0.64724493,0.69976151,0
-1.8751609,-1.9108453,6.1167202,-0.76144147,0.2776238,0.5857746,0
-2.2333758,3.5099998,-2.9066863,-0.30233711,0.64724493,-0.69976151,0
1.5053663,0.53337288,-4.200099,-0.57341015,-0.70992887,-0.40890312,0
-0.75010079,0.76654947,-1.3939534,-0.57341015,-0.70992887,-0.40890312,0
1.8607888,1.4023507,-6.0412703,0.76144147,-0.2776238,-0.5857746,0
1.2868847,-0.33812848,0.14923608,0.57341015,0.70992887,0.40890312,0
-0.91553283,-1.7794722,3.3787024,-0.57341015,-0.70992887,-0.40890312,0
-2.5011547,-0.64926589,4.7172675,-0.76144147,0.2776238,0.5857746,0
-1.9901133,-1.213966,5.6309214,-0.76144147,0.2776238,0.5857746,0
0.97666132,-1.1756377,1.9862881,0.57341015,0.70992887,0.40890312,0
3.0037732,-0.58847749,-1.9715916,0.57341015,0.70992887,0.40890312,0
-2.9561119,3.2394361,-2.7300968,-0.30233711,0.64724493,-0.69976151,0
1.4719797,-3.0733995,3.543128,0.30233711,-0.64724493,0.69976151,0
4.0986266,-3.8488605,-0.33880472,-0.57341015,-0.70992887,-0.40890312,0
-0.71612906,3.3466361,-3.6993432,-0.30233711,0.64724493,-0.69976151,0
4.1590686,-2.7323208,-0.98488712,0.76144147,-0.2776238,-0.5857746,0
4.412324,-3.966464,0.038080692,0.76144147,-0.2776238,-0.5857746,0
2.7115166,-1.705579,0.34343505,0.57341015,0.70992887,0.40890312,0
3.7160096,-2.7185261,-1.6516981,0.76144147,-0.2776238,-0.5857746,0
-3.341403,1.3740921,2.7326765,-0.76144147,0.2776238,0.5857746,0
-3.1612267,0.72876102,3.0619817,-0.76144147,0.2776238,0.5857746,0
5.1815305,-4.2525654,0.94764042,0.76144147,-0.2776238,-0.5857746,0
2.2718551,1.2935584,-5.4946971,0.76144147,-0.2776238,-0.5857746,0
0.96984935,2.3939686,-5.4730272,-0.30233711,0.64724493,-0.69976151,0
3.979917,-2.1981096,-0.44995427,0.57341015,0.70992887,0.40890312,0
-4.4225249,4.6582193,-0.81778669,-0.30233711,0.64724493,-0.69976151,0
0.47599006,2.6853781,-4.9198198,-0.30233711,0.64724493,-0.69976151,0
-0.37262166,-0.64548147,2.9951332,0.57341015,0.70992887,0.40890312,0
3.8333445,-1.9587601,-1.8192118,0.76144147,-0.2776238,-0.5857746,0
2.0688121,1.4333246,-5.7871742,0.76144147,-0.2776238,-0.5857746,0
-2.8275294,-0.26768136,4.0637512,-0.76144147,0.2776238,0.5857746,0
3.8748298,-3.1765127,1.2987838,0.57341015,0.70992887,0.40890312,0
-3.0503552,3.3974078,-2.6094027,-0.30233711,0.64724493,-0.69976151,0
2.8488696,0.54897022,-4.3975353,0.76144147,-0.2776238,-0.5857746,0
1.071209,-3.0607779,3.9512601,0.30233711,-0.64724493,0.69976151,0
-4.6731315,3.3169882,0.056138039,-0.76144147,0.2776238,0.5857746,0
0.18159962,-3.1278172,4.197155,0.30233711,-0.64724493,0.69976151,0
-2.4871321,1.7601118,-0.7215693,-0.57341015,-0.70992887,-0.40890312,0
4.2519321,-4.7022533,0.87057209,0.30233711,-0.64724493,0.69976151,0
4.0638075,-3.3359675,-0.94804025,0.76144147,-0.2776238,-0.5857746,0
4.5949106,-4.1059303,1.2794943,0.30233711,-0.64724493,0.69976151,0
-0.93966675,-2.0658927,5.6161427,0.30233711,-0.64724493,0.69976151,0
-4.5267553,3.6930368,0.21538067,-0.76144147,0.2776238,0.5857746,0
3.402307,-2.5543797,0.97236204,0.57341015,0.70992887,0.40890312,0
1.9451177,1.5476247,-5.9771791,0.76144147,-0.2776238,-0.5857746,0
-3.9163089,2.0679941,1.6005155,-0.76144147,0.2776238,0.5857746,0
0.61505175,-2.7166431,2.7213373,-0.57341015,-0.70992887,-0.40890312,0
-3.5724266,1.4556757,2.2142351,-0.76144147,0.2776238,0.5857746,0
-2.9402776,0.57510078,3.6593051,-0.76144147,0.2776238,0.5857746,0
-3.2475028,0.61875391,3.2260287,-0.76144147,0.2776238,0.5857746,0
3.094245,-0.61852121,-3.4368432,0.76144147,-0.2776238,-0.5857746,0
-0.069668114,0.90985912,-0.46994805,0.57341015,0.70992887,0.40890312,0
4.630486,-4.4742355,1.1233463,0.30233711,-0.64724493,0.69976151,0
-3.5468795,0.66206944,2.796526,-0.76144147,0.2776238,0.5857746,0
-2.5624292,-1.0397937,4.8508983,-0.76144147,0.2776238,0.5857746,0
-2.3080046,-0.40339732,5.0138412,-0.76144147,0.2776238,0.5857746,0
2.4491656,1.1275855,-5.1352282,0.76144147,-0.2776238,-0.5857746,0
-4.0447717,3.0416484,1.0875812,-0.76144147,0.2776238,0.5857746,0
-3.6330481,1.6210676,2.1104236,-0.76144147,0.2776238,0.5857746,0
-2.1555939,0.95356429,2.53915,0.57341015,0.70992887,0.40890312,0
-4.3494034,4.361618,-1.1310792,-0.30233711,0.64724493,-0.69976151,0
3.2371731,-0.50769269,-3.2065103,0.76144147,-0.2776238,-0.5857746,0
-2.1925254,-1.8442268,5.5540524,-0.76144147,0.2776238,0.5857746,0
-0.83367568,-0.87446713,1.6631229,-0.57341015,-0.70992887,-0.40890312,0
-3.4647732,1.4131072,2.5535226,-0.76144147,0.2776238,0.5857746,0
3.9820178,-3.7961683,1.9500537,0.30233711,-0.64724493,0.69976151,0
2.1915214,-3.5823278,2.7617564,0.30233711,-0.64724493,0.69976151,0
-0.43855095,-2.7108214,4.7172127,0.30233711,-0.64724493,0.69976151,0
3.1659365,-3.6778889,2.4222655,0.30233711,-0.64724493,0.69976151,0
0.74799836,0.47878695,-2.9066465,-0.57341015,-0.70992887,-0.40890312,0
2.7051539,-2.0819297,-1.1987276,-0.57341015,-0.70992887,-0.40890312,0
-1.9111784,-1.8858272,6.1612377,-0.76144147,0.2776238,0.5857746,0
-2.5746667,0.080853939,4.454524,-0.76144147,0.2776238,0.5857746,0
2.34763,-3.1838524,3.0498352,0.30233711,-0.64724493,0.69976151,0
1.2503467,0.19843113,-3.4006643,-0.57341015,-0.70992887,-0.40890312,0
2.1797993,-3.6751909,2.7272315,0.30233711,-0.64724493,0.69976151,0
0.089362383,-1.1554812,3.0347226,0.57341015,0.70992887,0.40890312,0
3.8619654,-4.3864288,1.326457,0.30233711,-0.64724493,0.69976151,0
2.0994287,-1.6380237,-1.5663671,-0.57341015,-0.70992887,-0.40890312,0
-1.7355458,3.0192039,-3.5851436,-0.30233711,0.64724493,-0.69976151,0
4.7448888,-4.0004959,0.33392572,0.76144147,-0.2776238,-0.5857746,0
-2.0985336,-1.2294641,3.7801476,-0.57341015,-0.70992887,-0.40890312,0
-2.0941525,2.4990726,0.022442102,0.57341015,0.70992887,0.40890312,0
0.70638704,-2.9747512,4.1011496,0.30233711,-0.64724493,0.69976151,0
-3.072804,3.4127305,-2.7104588,-0.30233711,0.64724493,-0.69976151,0
-2.2477086,-0.92896998,5.212594,-0.76144147,0.2776238,0.5857746,0
-4.3589501,3.5075383,0.33832192,-0.76144147,0.2776238,0.5857746,0
-2.517406,1.7230805,-0.56713414,-0.57341015,-0.70992887,-0.40890312,0
-1.7618401,-0.52697301,4.7033815,0.57341015,0.70992887,0.40890312,0
0.66206396,-0.50657898,1.1978383,0.57341015,0.70992887,0.40890312,0
4.0917873,-3.9072614,1.8309908,0.30233711,-0.64724493,0.69976151,0
0.14567971,0.75565374,-2.5880799,-0.57341015,-0.70992887,-0.40890312,0
-2.2454233,-1.6146326,5.631958,-0.76144147,0.2776238,0.5857746,0
-1.8427079,3.4408655,-3.2255745,-0.30233711,0.64724493,-0.69976151,0
-2.450649,-0.62879002,4.754262,-0.76144147,0.2776238,0.5857746,0
-2.1536222,0.3185626,1.1667553,-0.57341015,-0.70992887,-0.40890312,0
3.3489275,-1.7687614,-2.5336287,0.76144147,-0.2776238,-0.5857746,0
-2.9226482,4.0432801,-2.2705584,-0.30233711,0.64724493,-0.69976151,0
