4.9166822,1.9815617,3.0613279,0.42843449,-0.17271835,0.88691163,0
3.2401493,1.1082568,3.7334318,0.42843449,-0.17271835,0.88691163,0
1.1196229,-2.1882951,4.0017462,0.42843449,-0.17271835,0.88691163,0
4.3290701,1.9802659,3.3877099,0.42843449,-0.17271835,0.88691163,0
-1.2106957,1.5601172,-4.2386112,-0.42843449,0.17271835,-0.88691163,0
3.0788913,3.138818,-1.2149758,0.68143129,0.70635235,-0.1916185,0
2.5874877,1.3990626,0.0081050396,0.5933761,-0.68646538,-0.42032143,0
-0.67119122,-1.3555096,0.098147631,0.5933761,-0.68646538,-0.42032143,0
-2.3034914,0.3635397,-3.8895361,-0.42843449,0.17271835,-0.88691163,0
-3.5965176,-2.9858849,-0.733248,-0.68143129,-0.70635235,0.1916185,0
-2.1208134,-3.4728756,3.0768654,-0.68143129,-0.70635235,0.1916185,0
1.2972319,3.3428836,-4.9270315,0.5933761,-0.68646538,-0.42032143,0
0.095944047,-1.8902038,2.247335,0.5933761,-0.68646538,-0.42032143,0
-3.7349811,-2.8393576,-0.16033125,-0.68143129,-0.70635235,0.1916185,0
-4.5894976,-1.7823439,-3.1998286,-0.42843449,0.17271835,-0.88691163,0
-0.12352514,2.3422163,-2.7619367,-0.5933761,0.68646538,0.42032143,0
-3.7306552,-3.0539961,-1.0023298,-0.68143129,-0.70635235,0.1916185,0
-0.78492236,2.112216,-4.2734294,-0.42843449,0.17271835,-0.88691163,0
3.1469705,3.247134,-0.33751893,0.68143129,0.70635235,-0.1916185,0
2.3079665,3.4411583,-2.8535562,0.68143129,0.70635235,-0.1916185,0
2.7378883,3.3787475,-1.7788904,0.68143129,0.70635235,-0.1916185,0
3.1969054,0.26593769,3.5206156,0.42843449,-0.17271835,0.88691163,0
-2.0332365,-3.8633065,2.2422001,-0.68143129,-0.70635235,0.1916185,0
-4.6503487,-2.6001372,-2.8768353,-0.68143129,-0.70635235,0.1916185,0
-0.56185532,0.2650477,-0.091461346,-0.5933761,0.68646538,0.42032143,0
-0.17184758,-1.2548872,3.0048432,-0.5933761,0.68646538,0.42032143,0
-1.5589025,1.1668086,-4.0461802,-0.42843449,0.17271835,-0.88691163,0
3.2856038,2.9232726,-1.2718177,0.68143129,0.70635235,-0.1916185,0
-1.0168924,2.3560519,-4.188086,-0.42843449,0.17271835,-0.88691163,0
-0.056708336,2.6228516,-4.6460514,-0.42843449,0.17271835,-0.88691163,0
-1.5202229,1.5953088,-3.919023,-0.42843449,0.17271835,-0.88691163,0
1.6172888,0.094076827,0.87687087,0.5933761,-0.68646538,-0.42032143,0
-2.9105141,-3.1083002,1.3097498,-0.68143129,-0.70635235,0.1916185,0
3.1805952,2.9606049,1.0397432,-0.5933761,0.68646538,0.42032143,0
0.19059753,2.8144147,-4.6183796,-0.42843449,0.17271835,-0.88691163,0
3.3421566,2.9916973,1.1163349,-0.5933761,0.68646538,0.42032143,0
-1.3908445,-3.2185347,4.539073,-0.5933761,0.68646538,0.42032143,0
-4.2577391,-1.4744122,-3.305846,-0.42843449,0.17271835,-0.88691163,0
2.8658628,0.27222782,2.3726258,0.5933761,-0.68646538,-0.42032143,0
-2.7053175,0.15053964,-3.6828279,-0.42843449,0.17271835,-0.88691163,0
-3.2894273,-0.88351393,-3.5608044,-0.42843449,0.17271835,-0.88691163,0
-1.1348641,1.3169234,-4.3401089,-0.42843449,0.17271835,-0.88691163,0
1.074783,-1.5164665,2.7304678,0.5933761,-0.68646538,-0.42032143,0
4.2753286,2.355443,3.4258804,0.42843449,-0.17271835,0.88691163,0
0.45333627,2.7454944,-2.4258847,-0.5933761,0.68646538,0.42032143,0
0.42610919,-2.2184126,3.1738234,0.5933761,-0.68646538,-0.42032143,0
1.1689789,3.9625454,-4.6202354,0.68143129,0.70635235,-0.1916185,0
-2.2107408,-3.6408896,2.5063677,-0.68143129,-0.70635235,0.1916185,0
1.3463569,3.9986148,-4.0115118,0.68143129,0.70635235,-0.1916185,0
0.91170931,-2.2851253,3.6492982,0.5933761,-0.68646538,-0.42032143,0
-0.52406526,-0.26523024,-1.6062061,0.5933761,-0.68646538,-0.42032143,0
3.7767587,2.8054588,0.33395052,0.68143129,0.70635235,-0.1916185,0
0.01469171,2.3866611,-2.6599648,-0.5933761,0.68646538,0.42032143,0
2.4232669,-0.63780874,3.707799,0.42843449,-0.17271835,0.88691163,0
-0.14334488,-2.4774959,4.6190372,0.42843449,-0.17271835,0.88691163,0
-0.57220721,2.7229085,-4.2647071,-0.42843449,0.17271835,-0.88691163,0
4.0110188,1.2736763,3.310446,0.42843449,-0.17271835,0.88691163,0
-4.9439936,-2.2505512,-2.5628142,-0.68143129,-0.70635235,0.1916185,0
-1.6922495,1.2224401,-3.3159406,-0.5933761,0.68646538,0.42032143,0
-1.3259788,-4.0434442,3.6786029,-0.68143129,-0.70635235,0.1916185,0
-0.31375694,2.0699363,-4.5070162,-0.42843449,0.17271835,-0.88691163,0
-3.3569868,-2.9061937,1.1833034,-0.68143129,-0.70635235,0.1916185,0
-2.9668746,-1.9553796,0.13881803,-0.5933761,0.68646538,0.42032143,0
-2.383636,-3.479867,2.5443161,-0.68143129,-0.70635235,0.1916185,0
-2.7839797,-1.203488,-3.1674366,0.5933761,-0.68646538,-0.42032143,0
4.3782349,2.4002185,1.2310407,0.68143129,0.70635235,-0.1916185,0
0.48435664,1.6751682,-0.80154014,-0.5933761,0.68646538,0.42032143,0
0.70417702,0.25158703,-0.82544589,0.5933761,-0.68646538,-0.42032143,0
2.1487131,-1.1193969,3.6121993,0.5933761,-0.68646538,-0.42032143,0
1.4073017,3.660809,-4.9799938,0.68143129,0.70635235,-0.1916185,0
2.2905653,1.0817443,2.5017591,-0.5933761,0.68646538,0.42032143,0
5.0058594,1.8663449,3.015485,0.42843449,-0.17271835,0.88691163,0
4.8183541,2.368566,2.0131691,0.68143129,0.70635235,-0.1916185,0
-2.0115924,-3.7710891,2.4233513,-0.68143129,-0.70635235,0.1916185,0
-1.7479324,0.57639158,-4.1957121,-0.42843449,0.17271835,-0.88691163,0
0.41929281,3.5146461,-4.4907665,-0.42843449,0.17271835,-0.88691163,0
2.7030373,3.3244071,-1.5819929,0.68143129,0.70635235,-0.1916185,0
-1.3226094,1.1842791,-4.229774,-0.42843449,0.17271835,-0.88691163,0
0.80605006,-1.5225689,4.4225011,0.42843449,-0.17271835,0.88691163,0
3.066674,-0.046850324,3.6172295,0.42843449,-0.17271835,0.88691163,0
-3.0541763,-0.85423255,-3.8736978,-0.42843449,0.17271835,-0.88691163,0
1.5236192,0.60779542,-0.19647121,0.5933761,-0.68646538,-0.42032143,0
-0.64000958,-0.87746489,-0.5080502,0.5933761,-0.68646538,-0.42032143,0
-3.505646,-1.1493007,-3.656847,-0.42843449,0.17271835,-0.88691163,0
-4.1303749,-2.9046905,-2.0181329,-0.68143129,-0.70635235,0.1916185,0
1.1152539,0.66495281,1.7906599,-0.5933761,0.68646538,0.42032143,0
-3.9012101,-2.0367215,-3.2473805,0.5933761,-0.68646538,-0.42032143,0
-1.4341264,0.57406914,-4.060801,0.5933761,-0.68646538,-0.42032143,0
2.1298575,3.5992379,-2.4752483,0.68143129,0.70635235,-0.1916185,0
-4.1286073,-0.88152957,-3.0600066,-0.5933761,0.68646538,0.42032143,0
-3.1112869,-3.1210394,0.47143793,-0.68143129,-0.70635235,0.1916185,0
1.1156065,2.7617869,-4.0050402,0.5933761,-0.68646538,-0.42032143,0
-2.7935236,-3.1684432,1.9503863,-0.68143129,-0.70635235,0.1916185,0
-2.379077,-2.55986,-0.37526274,0.5933761,-0.68646538,-0.42032143,0
2.3952067,-0.48739684,3.9345026,0.42843449,-0.17271835,0.88691163,0
0.23663604,-1.9999604,2.4416547,0.5933761,-0.68646538,-0.42032143,0
-0.29486883,-0.70641518,2.0458121,-0.5933761,0.68646538,0.42032143,0
-1.2075953,-3.6572125,5.0322251,0.42843449,-0.17271835,0.88691163,0
2.0887218,-0.79446799,3.8736401,0.42843449,-0.17271835,0.88691163,0
2.2336566,0.39103508,3.9386954,-0.5933761,0.68646538,0.42032143,0
3.4734383,3.1204977,-0.022713661,0.68143129,0.70635235,-0.1916185,0
-4.0805249,-1.2372857,-3.3919592,-0.42843449,0.17271835,-0.88691163,0
2.2260189,-0.14619255,4.0054107,0.42843449,-0.17271835,0.88691163,0
4.4730883,1.3420031,3.1093061,0.42843449,-0.17271835,0.88691163,0
1.6359875,3.8539281,-3.0357895,0.68143129,0.70635235,-0.1916185,0
4.7002077,2.5681615,2.2639327,0.68143129,0.70635235,-0.1916185,0
-2.4090281,-3.3019962,2.6613348,-0.68143129,-0.70635235,0.1916185,0
0.099718332,2.9831455,-4.463716,-0.42843449,0.17271835,-0.88691163,0
-3.8454862,-1.9044679,-3.5224242,-0.42843449,0.17271835,-0.88691163,0
1.8629839,-0.83178556,4.0390096,0.42843449,-0.17271835,0.88691163,0
-2.455935,-2.1270864,-1.3310674,0.5933761,-0.68646538,-0.42032143,0
-2.0529997,0.093393922,-3.9935343,-0.42843449,0.17271835,-0.88691163,0
-3.0365024,-3.3437152,0.37005234,-0.68143129,-0.70635235,0.1916185,0
-1.3780663,-3.8725772,4.6288509,-0.68143129,-0.70635235,0.1916185,0
1.9286586,1.3740169,-0.9064467,0.5933761,-0.68646538,-0.42032143,0
1.7483208,-0.78170002,4.095551,0.42843449,-0.17271835,0.88691163,0
-2.3060758,-3.3838973,3.2614093,-0.68143129,-0.70635235,0.1916185,0
2.2669091,-0.24311376,2.2742882,0.5933761,-0.68646538,-0.42032143,0
-1.7072781,-0.56405932,-0.33272696,-0.5933761,0.68646538,0.42032143,0
-1.7567973,-2.671108,3.1220462,-0.5933761,0.68646538,0.42032143,0
1.3590951,-1.426416,4.1571875,0.42843449,-0.17271835,0.88691163,0
4.7161589,1.9883472,3.1094825,0.42843449,-0.17271835,0.88691163,0
-1.3696377,-3.8922582,4.474268,-0.68143129,-0.70635235,0.1916185,0
4.1598568,2.1793489,3.5699956,0.42843449,-0.17271835,0.88691163,0
2.8035042,3.0917912,-1.7078142,0.68143129,0.70635235,-0.1916185,0
2.5934696,3.3562369,-2.1851306,0.68143129,0.70635235,-0.1916185,0
-4.2623224,-2.5620077,-1.6315875,-0.68143129,-0.70635235,0.1916185,0
-4.8263917,-2.0979888,-3.2140424,-0.42843449,0.17271835,-0.88691163,0
-4.3971577,-2.6088865,-1.8508837,-0.68143129,-0.70635235,0.1916185,0
-3.796972,-1.4315392,-3.4471569,-0.42843449,0.17271835,-0.88691163,0
3.8730044,2.852334,0.65672779,0.68143129,0.70635235,-0.1916185,0
-0.06642276,-0.74918395,-0.015292227,0.5933761,-0.68646538,-0.42032143,0
-0.29932475,1.2478117,-1.2456177,-0.5933761,0.68646538,0.42032143,0
-0.14163047,-0.59834212,-0.42066696,0.5933761,-0.68646538,-0.42032143,0
0.90592253,4.2748785,-4.6038051,0.68143129,0.70635235,-0.1916185,0
2.9808364,2.1984532,-0.56861854,0.5933761,-0.68646538,-0.42032143,0
3.7896504,2.1572578,0.63437343,0.5933761,-0.68646538,-0.42032143,0
2.0262139,3.7673936,-2.3557503,0.68143129,0.70635235,-0.1916185,0
-2.8437672,-3.4817884,0.52523375,-0.68143129,-0.70635235,0.1916185,0
-1.435205,0.37084424,-3.8871427,0.5933761,-0.68646538,-0.42032143,0
-1.3731699,-2.3915362,3.2318599,-0.5933761,0.68646538,0.42032143,0
-1.3367189,-4.06671,3.802038,-0.68143129,-0.70635235,0.1916185,0
-3.0614581,-1.8100781,-0.18346334,-0.5933761,0.68646538,0.42032143,0
-1.1881559,-4.1096635,4.6060658,-0.68143129,-0.70635235,0.1916185,0
4.9081116,2.3257236,3.2149439,0.42843449,-0.17271835,0.88691163,0
0.57223177,2.383363,-4.4993238,0.5933761,-0.68646538,-0.42032143,0
-1.2501141,-1.140643,1.1356418,-0.5933761,0.68646538,0.42032143,0
-3.4271131,-0.86107218,-3.5160837,-0.42843449,0.17271835,-0.88691163,0
-0.079646826,2.5663772,-4.613327,-0.42843449,0.17271835,-0.88691163,0
-2.5022526,-1.7699882,0.41755009,-0.5933761,0.68646538,0.42032143,0
2.0539694,3.6796701,-2.0938406,0.68143129,0.70635235,-0.1916185,0
0.073565647,-0.9380511,0.67652249,0.5933761,-0.68646538,-0.42032143,0
4.8329897,2.2798846,2.4753842,0.68143129,0.70635235,-0.1916185,0
-0.56684804,2.1554701,-4.3075023,-0.42843449,0.17271835,-0.88691163,0
-0.95130742,-3.35549,4.9622273,0.42843449,-0.17271835,0.88691163,0
2.8664789,3.1709514,-1.3288841,0.68143129,0.70635235,-0.1916185,0
2.6916893,0.32297611,3.8048618,0.42843449,-0.17271835,0.88691163,0
1.6450692,1.2488409,-0.73883331,0.5933761,-0.68646538,-0.42032143,0
2.0564694,-0.74138683,3.9228573,0.42843449,-0.17271835,0.88691163,0
-2.7651772,-2.6611729,-0.89544058,0.5933761,-0.68646538,-0.42032143,0
5.1276398,2.2824869,3.0330441,0.68143129,0.70635235,-0.1916185,0
2.7903347,3.2742689,-0.016589642,-0.5933761,0.68646538,0.42032143,0
2.9387016,-0.3361553,3.5364966,0.42843449,-0.17271835,0.88691163,0
2.8824418,3.2874205,-0.60850978,0.68143129,0.70635235,-0.1916185,0
-0.98047876,2.2768276,-4.0894432,-0.42843449,0.17271835,-0.88691163,0
0.96708763,-0.091917872,2.6283638,-0.5933761,0.68646538,0.42032143,0
-1.2906396,-2.7880845,1.4451973,0.5933761,-0.68646538,-0.42032143,0
-2.9466074,-1.2398257,-0.91634834,-0.5933761,0.68646538,0.42032143,0
-0.013303876,-1.24078,3.2557003,-0.5933761,0.68646538,0.42032143,0
-1.8099747,0.8604579,-3.9734221,-0.42843449,0.17271835,-0.88691163,0
-1.1283293,-4.1172037,4.1684065,-0.68143129,-0.70635235,0.1916185,0
4.6514826,2.6054039,3.3764949,-0.5933761,0.68646538,0.42032143,0
-2.5314748,0.10780549,-3.8426652,-0.42843449,0.17271835,-0.88691163,0
3.3433437,3.1033099,0.66776633,-0.5933761,0.68646538,0.42032143,0
3.6055424,2.7994308,-0.34907103,0.68143129,0.70635235,-0.1916185,0
1.2226292,-0.0042923316,0.47319281,0.5933761,-0.68646538,-0.42032143,0
0.0039503574,2.6130831,-4.6681371,-0.42843449,0.17271835,-0.88691163,0
4.3891525,2.7272692,2.4083834,0.68143129,0.70635235,-0.1916185,0
4.7830915,2.4052529,2.4200647,0.68143129,0.70635235,-0.1916185,0
4.6027937,1.3697563,3.2216074,0.42843449,-0.17271835,0.88691163,0
0.71198905,3.8515441,-3.9956768,-0.5933761,0.68646538,0.42032143,0
-0.0011980534,-2.3594544,4.5651188,0.42843449,-0.17271835,0.88691163,0
-4.5536737,-2.3731096,-1.7169993,-0.68143129,-0.70635235,0.1916185,0
2.444139,3.3054657,-2.7408764,0.68143129,0.70635235,-0.1916185,0
2.376461,-0.70661658,3.7390146,0.42843449,-0.17271835,0.88691163,0
-1.8547193,-3.4737892,1.8841515,0.5933761,-0.68646538,-0.42032143,0
3.5473418,3.0365658,0.0041549206,0.68143129,0.70635235,-0.1916185,0
3.6842504,2.8342175,0.051335812,0.68143129,0.70635235,-0.1916185,0
0.44465184,-2.5612888,4.3383222,0.42843449,-0.17271835,0.88691163,0
-1.1241074,1.1596025,-2.2979391,-0.5933761,0.68646538,0.42032143,0
-0.56234598,1.7685015,-4.5562301,-0.42843449,0.17271835,-0.88691163,0
2.1163297,3.5487657,-3.020762,0.68143129,0.70635235,-0.1916185,0
-4.031209,-2.5223668,-0.54436588,-0.68143129,-0.70635235,0.1916185,0
-2.0425398,0.70502996,-3.8546166,-0.42843449,0.17271835,-0.88691163,0
-0.60499251,-2.150743,1.6573306,0.5933761,-0.68646538,-0.42032143,0
-1.9419582,1.2479502,-3.7933624,-0.5933761,0.68646538,0.42032143,0
-0.12720454,-2.3529737,2.6733861,0.5933761,-0.68646538,-0.42032143,0
3.2847116,0.43558908,3.492754,0.42843449,-0.17271835,0.88691163,0
0.94751382,3.2783952,-4.8283429,-0.42843449,0.17271835,-0.88691163,0
-2.0646014,-0.53902161,-3.1374307,0.5933761,-0.68646538,-0.42032143,0
-1.5489255,-3.803977,4.0677834,-0.68143129,-0.70635235,0.1916185,0
4.0783596,2.7683048,1.0410085,0.68143129,0.70635235,-0.1916185,0
-2.2512445,-3.438936,2.7678378,-0.68143129,-0.70635235,0.1916185,0
-1.8236428,0.73361486,-2.3725123,-0.5933761,0.68646538,0.42032143,0
-1.8680873,-0.10662079,-1.3328207,-0.5933761,0.68646538,0.42032143,0
2.3446209,1.9013009,1.401612,-0.5933761,0.68646538,0.42032143,0
2.2918205,0.047668099,2.1383138,0.5933761,-0.68646538,-0.42032143,0
0.26653099,-1.3145198,3.5761318,-0.5933761,0.68646538,0.42032143,0
-4.7010031,-2.4997046,-2.3011532,-0.68143129,-0.70635235,0.1916185,0
-4.7331209,-1.5822603,-3.06563,-0.42843449,0.17271835,-0.88691163,0
2.8392096,3.3821955,-0.50538325,-0.5933761,0.68646538,0.42032143,0
-3.6822708,-2.9035466,-0.62902689,-0.68143129,-0.70635235,0.1916185,0
4.7984061,2.3232946,1.9368765,0.68143129,0.70635235,-0.1916185,0
2.6548426,-0.21420157,3.8457909,0.42843449,-0.17271835,0.88691163,0
2.2657003,-0.13964069,2.2189474,0.5933761,-0.68646538,-0.42032143,0
-3.3519759,-3.1144865,0.084088087,-0.68143129,-0.70635235,0.1916185,0
-3.8246017,-1.5114704,-3.4849474,-0.42843449,0.17271835,-0.88691163,0
-0.68680221,-1.078192,-0.58578408,0.5933761,-0.68646538,-0.42032143,0
3.1505685,0.19396901,3.6223633,0.42843449,-0.17271835,0.88691163,0
-1.9694802,-3.2536736,3.6359048,-0.5933761,0.68646538,0.42032143,0
-3.972075,-1.1822634,-2.2979591,-0.5933761,0.68646538,0.42032143,0
-1.9203933,-0.9049108,-2.2449965,0.5933761,-0.68646538,-0.42032143,0
0.59944248,0.052310407,2.033334,-0.5933761,0.68646538,0.42032143,0
-0.91281807,-3.1886692,4.9505529,0.42843449,-0.17271835,0.88691163,0
3.9196944,2.4315047,0.18873715,0.5933761,-0.68646538,-0.42032143,0
-0.17320874,0.82318342,-0.58204716,-0.5933761,0.68646538,0.42032143,0
-3.8311996,-2.8477857,-0.71516442,-0.68143129,-0.70635235,0.1916185,0
1.7483742,3.4938998,-4.0427675,0.68143129,0.70635235,-0.1916185,0
0.48645163,-2.5772297,3.8027318,0.5933761,-0.68646538,-0.42032143,0
-2.6749492,-2.7299149,1.8702185,-0.5933761,0.68646538,0.42032143,0
4.3647223,2.5898914,1.7107089,0.68143129,0.70635235,-0.1916185,0
-2.0446093,-3.1028297,1.1486855,0.5933761,-0.68646538,-0.42032143,0
-0.31287372,1.0502582,-3.1268787,0.5933761,-0.68646538,-0.42032143,0
-4.0208879,-1.4910234,-3.44859,-0.42843449,0.17271835,-0.88691163,0
-3.8926978,-3.0023031,-1.2648783,-0.68143129,-0.70635235,0.1916185,0
-2.3018653,-3.5360653,2.2595615,-0.68143129,-0.70635235,0.1916185,0
-2.190201,-3.7647977,2.2434461,-0.68143129,-0.70635235,0.1916185,0
3.2612503,2.4423289,-0.64712024,0.5933761,-0.68646538,-0.42032143,0
5.0159302,2.4092469,2.8187852,0.68143129,0.70635235,-0.1916185,0
-0.66458654,1.5212758,-4.3736229,-0.42843449,0.17271835,-0.88691163,0
-2.5764778,-1.6935518,0.41765976,-0.5933761,0.68646538,0.42032143,0
1.7441351,-0.91066885,4.072228,0.42843449,-0.17271835,0.88691163,0
-3.517791,-2.4923246,0.45629096,-0.5933761,0.68646538,0.42032143,0
-4.2411194,-2.8421371,-1.9081478,-0.68143129,-0.70635235,0.1916185,0
1.0574634,4.1327763,-4.5562453,0.68143129,0.70635235,-0.1916185,0
-3.6508868,-2.7931201,0.3162415,-0.68143129,-0.70635235,0.1916185,0
-0.22685194,3.0630889,-4.3112555,-0.42843449,0.17271835,-0.88691163,0
-1.5228574,-3.6451669,4.9681644,-0.68143129,-0.70635235,0.1916185,0
-0.66158462,-4.1159687,4.6546068,0.42843449,-0.17271835,0.88691163,0
-0.00043618679,1.4664819,-3.5693846,0.5933761,-0.68646538,-0.42032143,0
-4.6856441,-2.3855407,-2.4510322,-0.68143129,-0.70635235,0.1916185,0
-1.0427213,-3.6108518,4.8242998,0.42843449,-0.17271835,0.88691163,0
0.4043119,0.48325372,1.0977436,-0.5933761,0.68646538,0.42032143,0
-3.7177391,-3.0679693,-1.3737679,-0.68143129,-0.70635235,0.1916185,0
-0.84749794,1.9099364,-4.3550816,-0.42843449,0.17271835,-0.88691163,0
-0.57140374,-3.6465943,4.5382118,0.42843449,-0.17271835,0.88691163,0
4.4154263,2.1163182,3.2531731,0.42843449,-0.17271835,0.88691163,0
4.805934,2.2488818,2.2909155,0.68143129,0.70635235,-0.1916185,0
2.0179448,2.414315,-2.0598881,0.5933761,-0.68646538,-0.42032143,0
-2.6976516,0.35159051,-3.6750627,-0.42843449,0.17271835,-0.88691163,0
-2.8757257,-3.2070997,1.0353909,-0.68143129,-0.70635235,0.1916185,0
3.4243422,3.1432667,0.76998234,0.68143129,0.70635235,-0.1916185,0
1.9230201,3.7656298,-2.6746047,0.68143129,0.70635235,-0.1916185,0
-3.4066129,-2.839083,-1.4222584,0.5933761,-0.68646538,-0.42032143,0
-1.4322945,-1.8483857,2.091171,-0.5933761,0.68646538,0.42032143,0
4.1488128,2.5779347,1.2915835,0.68143129,0.70635235,-0.1916185,0
0.40727186,-1.3758125,4.1537476,-0.5933761,0.68646538,0.42032143,0
-4.5499773,-2.5810263,-1.789922,-0.68143129,-0.70635235,0.1916185,0
4.1566544,1.1244271,2.8051703,0.5933761,-0.68646538,-0.42032143,0
4.0573573,0.69754303,3.3499236,0.42843449,-0.17271835,0.88691163,0
3.8596559,2.7735422,0.40273571,0.68143129,0.70635235,-0.1916185,0
-2.886034,-3.2508445,0.90937328,-0.68143129,-0.70635235,0.1916185,0
-0.84436655,1.6055133,-4.2483311,-0.42843449,0.17271835,-0.88691163,0
1.8269007,3.89411,-2.8054786,0.68143129,0.70635235,-0.1916185,0
3.7019014,2.8487737,0.29512358,0.68143129,0.70635235,-0.1916185,0
-3.2948515,-3.2294292,0.19291091,-0.68143129,-0.70635235,0.1916185,0
-1.4060059,-3.9372768,4.1835394,-0.68143129,-0.70635235,0.1916185,0
-3.6670656,-2.6752012,-2.1788733,0.5933761,-0.68646538,-0.42032143,0
-0.90070122,-4.2859516,4.6001444,-0.68143129,-0.70635235,0.1916185,0
-0.51226568,2.2894022,-4.3886867,-0.42843449,0.17271835,-0.88691163,0
3.2450905,0.64542413,3.59955,0.42843449,-0.17271835,0.88691163,0
-4.7111301,-2.3904352,-1.8627858,-0.68143129,-0.70635235,0.1916185,0
-5.0750742,-2.2587588,-2.3881216,-0.68143129,-0.70635235,0.1916185,0
-2.1979885,-3.40552,3.6141639,-0.68143129,-0.70635235,0.1916185,0
1.4929438,-1.013597,4.0433292,0.42843449,-0.17271835,0.88691163,0
-1.6583409,0.76431537,-4.2091928,-0.42843449,0.17271835,-0.88691163,0
-0.22882468,-2.4123464,2.307302,0.5933761,-0.68646538,-0.42032143,0
0.44121003,1.4215513,-0.47163367,-0.5933761,0.68646538,0.42032143,0
2.7394328,1.7621458,-0.09504056,0.5933761,-0.68646538,-0.42032143,0
0.6714288,0.16241492,-0.52088511,0.5933761,-0.68646538,-0.42032143,0
-3.6437418,-1.2262608,-3.5918214,-0.42843449,0.17271835,-0.88691163,0
2.0435209,2.6723175,-0.31573272,-0.5933761,0.68646538,0.42032143,0
-3.7009938,-1.5470945,-3.625129,-0.42843449,0.17271835,-0.88691163,0
-4.9628563,-2.2315619,-2.1666427,-0.68143129,-0.70635235,0.1916185,0
4.0553288,0.96390927,3.1786268,0.5933761,-0.68646538,-0.42032143,0
4.0172668,2.9908118,1.7409532,0.68143129,0.70635235,-0.1916185,0
-4.2925653,-2.1840405,-3.3479743,-0.42843449,0.17271835,-0.88691163,0
1.0462743,0.16587174,2.2083778,-0.5933761,0.68646538,0.42032143,0
2.8222744,2.153368,1.6861557,-0.5933761,0.68646538,0.42032143,0
-4.6930332,-2.511425,-2.3314292,-0.68143129,-0.70635235,0.1916185,0
0.44787669,0.64154571,0.97817034,-0.5933761,0.68646538,0.42032143,0
3.5152838,3.0754154,0.29404569,0.68143129,0.70635235,-0.1916185,0
-0.35359478,2.7904892,-4.4371061,-0.42843449,0.17271835,-0.88691163,0
4.5993795,1.6786981,3.1490569,0.42843449,-0.17271835,0.88691163,0
4.2016544,2.7412379,1.8787221,0.68143129,0.70635235,-0.1916185,0
-1.0153236,1.1665969,-4.2909918,-0.42843449,0.17271835,-0.88691163,0
-1.0396186,-3.6585186,4.7530603,0.42843449,-0.17271835,0.88691163,0
1.8736702,2.3878827,0.029272795,-0.5933761,0.68646538,0.42032143,0
4.840692,2.222203,2.2330546,0.68143129,0.70635235,-0.1916185,0
-1.6621931,-0.3127957,-0.84987682,-0.5933761,0.68646538,0.42032143,0
2.601963,3.6263623,-1.2673097,0.68143129,0.70635235,-0.1916185,0
-2.8372691,-0.10587382,-3.619638,-0.42843449,0.17271835,-0.88691163,0
4.9772034,1.823979,3.0421326,0.42843449,-0.17271835,0.88691163,0
0.77524519,-1.6554251,4.4068413,0.42843449,-0.17271835,0.88691163,0
3.1783571,0.69630396,3.5740428,0.42843449,-0.17271835,0.88691163,0
0.27028131,-2.7732015,4.4764981,0.42843449,-0.17271835,0.88691163,0
0.82676172,-0.61752439,3.5364857,-0.5933761,0.68646538,0.42032143,0
-3.8761625,-3.0375457,-1.0855777,-0.68143129,-0.70635235,0.1916185,0
2.395169,3.5597932,-1.9770412,0.68143129,0.70635235,-0.1916185,0
-0.3347193,-3.2713752,4.6521473,0.42843449,-0.17271835,0.88691163,0
2.2247472,2.4836349,-2.2710226,0.5933761,-0.68646538,-0.42032143,0
-0.2131387,-3.4782481,4.4859753,0.42843449,-0.17271835,0.88691163,0
4.2684598,2.4384625,1.0670764,0.68143129,0.70635235,-0.1916185,0
4.1914301,2.6350067,0.82235146,0.68143129,0.70635235,-0.1916185,0
1.1666346,-1.3184665,4.2570968,0.42843449,-0.17271835,0.88691163,0
-1.4123712,1.3437158,-4.1446047,-0.42843449,0.17271835,-0.88691163,0
-2.0889657,-0.22814018,-1.2803661,-0.5933761,0.68646538,0.42032143,0
2.0991211,2.4957323,-2.4940758,0.5933761,-0.68646538,-0.42032143,0
-2.1705976,-3.581156,3.025985,-0.68143129,-0.70635235,0.1916185,0
-2.8032799,-0.024045825,-3.6230042,-0.42843449,0.17271835,-0.88691163,0
-2.7230701,0.16190028,-3.7388391,-0.42843449,0.17271835,-0.88691163,0
3.1438644,0.39576483,3.6688361,0.42843449,-0.17271835,0.88691163,0
1.4175001,0.92893344,1.8098531,-0.5933761,0.68646538,0.42032143,0
2.7570496,1.143801,0.99433768,0.5933761,-0.68646538,-0.42032143,0
1.6012692,4.0059423,-3.3845637,0.68143129,0.70635235,-0.1916185,0
1.5277877,3.8624108,-3.6022224,0.68143129,0.70635235,-0.1916185,0
2.4974346,2.579735,0.39427948,-0.5933761,0.68646538,0.42032143,0
-3.9453721,-2.7845602,-0.98113847,-0.68143129,-0.70635235,0.1916185,0
4.8301964,1.9492644,3.1120958,0.42843449,-0.17271835,0.88691163,0
4.4155798,2.4578488,0.92826009,0.68143129,0.70635235,-0.1916185,0
0.61402363,1.4952317,-0.3932029,-0.5933761,0.68646538,0.42032143,0
1.6125629,-0.92119598,4.0845871,0.42843449,-0.17271835,0.88691163,0
-3.3366132,-3.2776043,-0.56743741,-0.68143129,-0.70635235,0.1916185,0
2.2522664,3.5852551,-1.8945003,0.68143129,0.70635235,-0.1916185,0
-2.9309223,-3.2431049,1.2740009,-0.68143129,-0.70635235,0.1916185,0
1.6669667,3.5650363,-4.3046432,0.68143129,0.70635235,-0.1916185,0
0.12205255,3.29123,-4.3891325,-0.42843449,0.17271835,-0.88691163,0
0.030579407,0.93838584,-0.46295184,-0.5933761,0.68646538,0.42032143,0
1.7858949,3.8131888,-2.8443291,0.68143129,0.70635235,-0.1916185,0
0.88057435,1.3282166,-2.1995306,0.5933761,-0.68646538,-0.42032143,0
-2.5678899,0.036499977,-3.8894773,-0.42843449,0.17271835,-0.88691163,0
0.36202133,2.9888504,-4.5598755,-0.42843449,0.17271835,-0.88691163,0
-4.7161169,-2.4189143,-1.697319,-0.68143129,-0.70635235,0.1916185,0
0.11366129,2.3861427,-4.5756593,-0.42843449,0.17271835,-0.88691163,0
0.26073027,-3.1650319,4.4208217,0.42843449,-0.17271835,0.88691163,0
-2.9857423,-3.1468053,1.4554336,-0.68143129,-0.70635235,0.1916185,0
2.4499876,2.5766613,0.4826951,-0.5933761,0.68646538,0.42032143,0
-0.81002623,-1.0543129,1.5728722,-0.5933761,0.68646538,0.42032143,0
-4.0955205,-1.2053812,-2.3970697,-0.5933761,0.68646538,0.42032143,0
3.0846739,2.0763917,-0.23232245,0.5933761,-0.68646538,-0.42032143,0
3.3257327,1.9935071,2.842308,-0.5933761,0.68646538,0.42032143,0
-2.0242395,0.34136248,-3.9543915,-0.42843449,0.17271835,-0.88691163,0
2.8669994,3.279654,-0.82005167,0.68143129,0.70635235,-0.1916185,0
-2.2202859,-3.388612,3.5388279,-0.68143129,-0.70635235,0.1916185,0
-1.6223528,0.40192735,-4.1661558,-0.42843449,0.17271835,-0.88691163,0
-4.5891447,-1.7865467,-3.2238533,-0.42843449,0.17271835,-0.88691163,0
2.2280104,2.3404827,-2.0158401,0.5933761,-0.68646538,-0.42032143,0
-0.5379312,2.2455075,-4.3060784,-0.42843449,0.17271835,-0.88691163,0
3.5722654,0.65508795,3.5034981,0.42843449,-0.17271835,0.88691163,0
-3.3437591,-2.2819455,0.0043551922,-0.5933761,0.68646538,0.42032143,0
-3.7302926,-2.7397885,0.060020685,-0.68143129,-0.70635235,0.1916185,0
0.34798288,-3.0625782,4.4062281,0.42843449,-0.17271835,0.88691163,0
-2.0132971,0.96031988,-3.0359867,-0.5933761,0.68646538,0.42032143,0
3.034667,0.35392928,3.7118597,0.42843449,-0.17271835,0.88691163,0
3.9110668,2.8488505,1.0421338,0.68143129,0.70635235,-0.1916185,0
-1.3140286,-3.5893087,5.0061092,0.42843449,-0.17271835,0.88691163,0
3.3827877,3.1532111,0.62846518,0.68143129,0.70635235,-0.1916185,0
-3.6459033,-3.2620554,-1.0834408,-0.68143129,-0.70635235,0.1916185,0
2.0204887,-0.51535761,4.0302563,0.42843449,-0.17271835,0.88691163,0
2.3974652,0.2113905,3.9069967,0.42843449,-0.17271835,0.88691163,0
-4.4832296,-2.8800125,-2.6921763,-0.68143129,-0.70635235,0.1916185,0
-1.9766095,0.62041008,-3.9881654,-0.42843449,0.17271835,-0.88691163,0
-1.5433183,1.6242833,-4.011879,-0.42843449,0.17271835,-0.88691163,0
2.9946592,0.1300652,3.737072,0.42843449,-0.17271835,0.88691163,0
0.80400014,-0.72571075,3.3439033,-0.5933761,0.68646538,0.42032143,0
1.5026617,3.6145227,-4.7506723,0.68143129,0.70635235,-0.1916185,0
0.92100263,3.6909852,-4.7899632,-0.42843449,0.17271835,-0.88691163,0
-2.5120823,-3.5518603,1.26125,-0.68143129,-0.70635235,0.1916185,0
2.785594,3.3271549,-0.91597319,0.68143129,0.70635235,-0.1916185,0
-1.8008802,-3.6262493,4.1346912,-0.68143129,-0.70635235,0.1916185,0
4.4453545,2.7143626,2.7059631,0.68143129,0.70635235,-0.1916185,0
-1.2892587,1.5109487,-3.02792,-0.5933761,0.68646538,0.42032143,0
2.0610447,2.5680251,-2.5405357,0.5933761,-0.68646538,-0.42032143,0
-2.6081305,-0.5489701,-3.9554062,-0.42843449,0.17271835,-0.88691163,0
-0.85541034,-3.3328829,4.9462643,0.42843449,-0.17271835,0.88691163,0
-1.872687,-0.64341021,-0.3464874,-0.5933761,0.68646538,0.42032143,0
-2.8619728,-1.8853059,0.11654758,-0.5933761,0.68646538,0.42032143,0
2.3874834,3.6686277,-1.8059726,0.68143129,0.70635235,-0.1916185,0
-4.0852871,-2.8520167,-1.6634369,-0.68143129,-0.70635235,0.1916185,0
-0.67000031,2.4941535,-4.2610788,-0.42843449,0.17271835,-0.88691163,0
-2.6767058,-3.1884708,2.1295142,-0.68143129,-0.70635235,0.1916185,0
-3.0374529,-1.9572868,-2.3949504,0.5933761,-0.68646538,-0.42032143,0
1.444262,0.021877527,3.2362947,-0.5933761,0.68646538,0.42032143,0
-3.0061178,-3.4043968,0.58412147,-0.68143129,-0.70635235,0.1916185,0
-0.35086441,-0.46883464,1.2911863,-0.5933761,0.68646538,0.42032143,0
-3.7049482,-2.7098799,0.25874424,-0.68143129,-0.70635235,0.1916185,0
-2.683876,0.38759279,-3.1736765,-0.5933761,0.68646538,0.42032143,0
0.32931376,-2.0794873,4.4111309,0.42843449,-0.17271835,0.88691163,0
-3.9486303,-1.1770787,-3.4101276,-0.42843449,0.17271835,-0.88691163,0
0.84411335,0.030353427,2.4647424,-0.5933761,0.68646538,0.42032143,0
2.1998339,3.3370104,-3.4811859,0.68143129,0.70635235,-0.1916185,0
-0.90631533,0.79691732,-3.7377951,0.5933761,-0.68646538,-0.42032143,0
-4.4439678,-2.5042546,-1.675276,-0.68143129,-0.70635235,0.1916185,0
0.80329192,3.4772191,-4.6837621,-0.42843449,0.17271835,-0.88691163,0
1.1076577,4.1466994,-4.0871401,0.68143129,0.70635235,-0.1916185,0
-3.9060979,-1.4457318,-2.0562439,-0.5933761,0.68646538,0.42032143,0
4.7736664,2.3165157,2.5006428,0.68143129,0.70635235,-0.1916185,0
1.635753,2.5099044,-3.2076771,0.5933761,-0.68646538,-0.42032143,0
-2.967212,-0.56864816,-2.2587852,-0.5933761,0.68646538,0.42032143,0
1.0066998,-1.2307361,4.2459054,0.42843449,-0.17271835,0.88691163,0
-2.880451,-0.24557137,-2.6904767,-0.5933761,0.68646538,0.42032143,0
2.4555953,3.6624405,-1.7346754,0.68143129,0.70635235,-0.1916185,0
5.0644488,2.312413,2.8084235,0.68143129,0.70635235,-0.1916185,0
3.2792618,3.0627422,-0.50118065,0.68143129,0.70635235,-0.1916185,0
4.0769334,2.7459052,1.2647438,0.68143129,0.70635235,-0.1916185,0
0.57054019,-2.2819462,4.4092913,0.42843449,-0.17271835,0.88691163,0
5.2418876,2.1637261,2.9269972,0.68143129,0.70635235,-0.1916185,0
3.0490496,3.0450249,-1.0476503,0.68143129,0.70635235,-0.1916185,0
0.82460105,0.42390364,-0.54307938,0.5933761,-0.68646538,-0.42032143,0
-0.22156316,-2.56197,2.6008544,0.5933761,-0.68646538,-0.42032143,0
2.4354584,2.2524414,-1.5953865,0.5933761,-0.68646538,-0.42032143,0
-1.4236366,-3.964134,3.781018,-0.68143129,-0.70635235,0.1916185,0
-4.3895626,-2.0519607,-1.8693767,-0.5933761,0.68646538,0.42032143,0
0.34053266,2.5999408,-2.4230692,-0.5933761,0.68646538,0.42032143,0
4.5992317,2.7906113,2.8641756,0.68143129,0.70635235,-0.1916185,0
3.6692598,2.9463193,0.71437645,0.68143129,0.70635235,-0.1916185,0
-2.6237583,-0.32979929,-3.8519876,-0.42843449,0.17271835,-0.88691163,0
0.015787959,2.1096177,-2.149374,-0.5933761,0.68646538,0.42032143,0
-2.5575585,0.67948359,-3.5969422,-0.42843449,0.17271835,-0.88691163,0
3.0123677,0.099041343,3.7431302,0.42843449,-0.17271835,0.88691163,0
4.1867895,2.8545399,1.5609355,0.68143129,0.70635235,-0.1916185,0
2.3584735,-0.44781411,3.7878916,0.42843449,-0.17271835,0.88691163,0
-0.56262076,-2.3102639,4.382297,-0.5933761,0.68646538,0.42032143,0
-1.6503787,1.3719602,-3.9914818,-0.42843449,0.17271835,-0.88691163,0
-1.2646675,1.898239,-4.1376562,-0.42843449,0.17271835,-0.88691163,0
-1.2757061,-2.9611225,4.3331795,-0.5933761,0.68646538,0.42032143,0
4.1604052,1.3354791,3.2741277,0.42843449,-0.17271835,0.88691163,0
-5.2799578,-2.1300383,-2.9034195,-0.42843449,0.17271835,-0.88691163,0
-0.12004648,-1.4983983,0.94216299,0.5933761,-0.68646538,-0.42032143,0
0.60076797,3.0053086,-4.8867397,-0.42843449,0.17271835,-0.88691163,0
-3.6026831,-0.80754638,-3.5907564,-0.42843449,0.17271835,-0.88691163,0
0.27573824,-2.9129541,4.2760987,0.42843449,-0.17271835,0.88691163,0
-0.014306247,2.1068478,-2.0732484,-0.5933761,0.68646538,0.42032143,0
-4.7709155,-2.5161302,-2.5578504,-0.68143129,-0.70635235,0.1916185,0
-3.9980896,-2.624778,-0.60368371,-0.68143129,-0.70635235,0.1916185,0
-3.3715925,-2.8097777,0.85793781,-0.68143129,-0.70635235,0.1916185,0
0.70028144,0.4788537,-0.97990888,0.5933761,-0.68646538,-0.42032143,0
2.7322078,2.828325,0.54111481,-0.5933761,0.68646538,0.42032143,0
0.57087421,3.8098288,-4.7059636,-0.42843449,0.17271835,-0.88691163,0
-2.5635223,-3.5488203,1.1238856,-0.68143129,-0.70635235,0.1916185,0
-0.083248138,-2.64587,4.6768398,0.42843449,-0.17271835,0.88691163,0
-0.64658737,-2.4004166,1.9386758,0.5933761,-0.68646538,-0.42032143,0
-3.6604905,-2.4115257,-2.2591596,0.5933761,-0.68646538,-0.42032143,0
2.2185209,-0.598984,3.8590596,0.42843449,-0.17271835,0.88691163,0
-4.1868925,-2.6378622,-1.419713,-0.68143129,-0.70635235,0.1916185,0
-1.9890587,-2.7220981,2.8710518,-0.5933761,0.68646538,0.42032143,0
2.8174648,2.537291,0.848207,-0.5933761,0.68646538,0.42032143,0
-3.2167819,-3.3845019,-0.076955795,-0.68143129,-0.70635235,0.1916185,0
-0.091706276,2.0887685,-4.5763369,-0.42843449,0.17271835,-0.88691163,0
-4.6513329,-1.9053543,-3.2713428,-0.42843449,0.17271835,-0.88691163,0
-1.6242177,0.56244922,-4.2193847,-0.42843449,0.17271835,-0.88691163,0
-1.3733715,-3.8323107,4.8843431,-0.68143129,-0.70635235,0.1916185,0
3.4964104,0.304492,3.4819858,0.42843449,-0.17271835,0.88691163,0
4.0507908,1.972416,3.5571728,0.42843449,-0.17271835,0.88691163,0
1.203703,3.0757656,-2.15188,-0.5933761,0.68646538,0.42032143,0
4.3168497,2.8627973,2.1489394,0.68143129,0.70635235,-0.1916185,0
2.8979573,1.5040728,2.9240603,-0.5933761,0.68646538,0.42032143,0
-1.1173657,-1.2471789,-0.94826782,0.5933761,-0.68646538,-0.42032143,0
3.4199641,0.74052656,3.6391947,0.42843449,-0.17271835,0.88691163,0
2.747057,1.9993747,1.6281195,-0.5933761,0.68646538,0.42032143,0
-4.0568242,-2.7821193,-1.0178237,-0.68143129,-0.70635235,0.1916185,0
-2.3460417,0.38590133,-3.8404632,-0.42843449,0.17271835,-0.88691163,0
-2.8135381,-0.30000556,-3.6879275,-0.42843449,0.17271835,-0.88691163,0
3.2462206,1.12236,3.7155223,0.42843449,-0.17271835,0.88691163,0
-0.42426801,1.8217012,-4.5126638,-0.42843449,0.17271835,-0.88691163,0
4.4446707,2.6491456,2.1876669,0.68143129,0.70635235,-0.1916185,0
3.8248613,0.90018225,3.4847512,0.42843449,-0.17271835,0.88691163,0
0.22402453,-3.0326343,4.4434137,0.42843449,-0.17271835,0.88691163,0
-3.8480814,-1.4068974,-3.4341204,-0.42843449,0.17271835,-0.88691163,0
1.5664821,3.9005818,-3.8451116,0.68143129,0.70635235,-0.1916185,0
-1.7199136,-3.8419819,2.7854877,-0.68143129,-0.70635235,0.1916185,0
0.37312531,0.012066364,1.7234486,-0.5933761,0.68646538,0.42032143,0
-0.5268175,-2.3568158,1.9203954,0.5933761,-0.68646538,-0.42032143,0
4.0552168,0.86095405,3.2681155,0.42843449,-0.17271835,0.88691163,0
-4.644805,-2.7592402,-2.9871473,-0.68143129,-0.70635235,0.1916185,0
3.5626905,2.8796442,0.17453146,0.68143129,0.70635235,-0.1916185,0
-2.5026875,-3.3389168,1.8603737,-0.68143129,-0.70635235,0.1916185,0
-1.3315772,-3.6921997,4.9478941,-0.68143129,-0.70635235,0.1916185,0
-3.885778,-2.8270278,-1.197325,-0.68143129,-0.70635235,0.1916185,0
4.2537389,1.6944314,3.4233716,0.42843449,-0.17271835,0.88691163,0
-1.4034204,2.0709488,-4.1032495,-0.42843449,0.17271835,-0.88691163,0
4.1801701,2.6259346,1.0178661,0.68143129,0.70635235,-0.1916185,0
-1.4238958,0.99982584,-4.2313185,-0.42843449,0.17271835,-0.88691163,0
-2.828711,-3.2737241,0.84731412,-0.68143129,-0.70635235,0.1916185,0
1.1697555,-2.0375769,4.0340643,0.42843449,-0.17271835,0.88691163,0
-3.672622,-2.8252723,0.1433394,-0.68143129,-0.70635235,0.1916185,0
2.2173979,3.4686124,-2.7313397,0.68143129,0.70635235,-0.1916185,0
0.51665545,-2.5747998,4.2402191,0.42843449,-0.17271835,0.88691163,0
0.44542837,2.6991503,-4.7520523,-0.42843449,0.17271835,-0.88691163,0
2.3308208,-0.79540998,3.7278037,0.42843449,-0.17271835,0.88691163,0
-3.0733523,-0.84813762,-3.6686034,-0.42843449,0.17271835,-0.88691163,0
-0.22089171,1.1618049,-0.97733349,-0.5933761,0.68646538,0.42032143,0
3.1973023,0.25614691,3.5151415,0.42843449,-0.17271835,0.88691163,0
3.3130662,3.3454232,0.23960543,0.68143129,0.70635235,-0.1916185,0
4.075161,2.6974692,1.0825861,0.68143129,0.70635235,-0.1916185,0
-3.6737905,-1.6256917,-3.5050755,-0.42843449,0.17271835,-0.88691163,0
2.6651819,3.4383173,-1.6103857,0.68143129,0.70635235,-0.1916185,0
1.1630365,-0.79856879,1.9811214,0.5933761,-0.68646538,-0.42032143,0
0.70256031,-0.45493984,3.0982327,-0.5933761,0.68646538,0.42032143,0
-1.5688124,0.89970094,-4.2082558,-0.42843449,0.17271835,-0.88691163,0
-2.9031601,-3.2415643,1.0182922,-0.68143129,-0.70635235,0.1916185,0
-3.2279923,-0.48246324,-3.5885634,-0.42843449,0.17271835,-0.88691163,0
-3.8100424,-0.65742493,-3.3999534,-0.42843449,0.17271835,-0.88691163,0
3.2857275,3.1204963,-0.35797501,0.68143129,0.70635235,-0.1916185,0
-2.8645666,-0.91017425,-1.3996305,-0.5933761,0.68646538,0.42032143,0
1.8051727,-1.1450419,4.0473471,0.42843449,-0.17271835,0.88691163,0
0.46311319,-2.2556028,3.1261473,0.5933761,-0.68646538,-0.42032143,0
-2.4336658,-0.60937023,-1.2014866,-0.5933761,0.68646538,0.42032143,0
3.9261482,2.7710228,2.2714942,-0.5933761,0.68646538,0.42032143,0
-4.414516,-2.533217,-2.0398159,-0.68143129,-0.70635235,0.1916185,0
1.0395074,1.6707201,-0.16645789,-0.5933761,0.68646538,0.42032143,0
1.9874654,3.0953252,-1.175772,-0.5933761,0.68646538,0.42032143,0
-3.6415071,-1.4115779,-3.690547,-0.42843449,0.17271835,-0.88691163,0
-0.30097032,1.9826612,-4.5263653,-0.42843449,0.17271835,-0.88691163,0
1.85221,3.56358,-2.042465,-0.5933761,0.68646538,0.42032143,0
-2.7889371,-3.3279524,1.7753508,-0.68143129,-0.70635235,0.1916185,0
1.4126582,3.7666817,-4.4361787,0.68143129,0.70635235,-0.1916185,0
0.23400307,-1.9347401,4.5849686,0.42843449,-0.17271835,0.88691163,0
-3.1703467,-3.1751163,0.44690514,-0.68143129,-0.70635235,0.1916185,0
0.51117134,-2.6797588,3.9122238,0.5933761,-0.68646538,-0.42032143,0
1.3013628,4.1429257,-3.9972618,0.68143129,0.70635235,-0.1916185,0
1.4103403,3.6310163,-4.8760467,0.68143129,0.70635235,-0.1916185,0
0.72721863,-0.73305547,3.3566935,-0.5933761,0.68646538,0.42032143,0
-3.9665179,-2.3570132,-0.57066488,-0.5933761,0.68646538,0.42032143,0
-0.94420421,-3.6659312,4.8758817,0.42843449,-0.17271835,0.88691163,0
1.3239357,-0.73135829,4.3535438,0.42843449,-0.17271835,0.88691163,0
-1.9475566,-3.7001538,3.1240084,-0.68143129,-0.70635235,0.1916185,0
4.7624764,2.4486752,2.952323,0.68143129,0.70635235,-0.1916185,0
1.9782047,1.5411717,1.3468922,-0.5933761,0.68646538,0.42032143,0
2.2626116,3.2734156,-2.8821833,0.68143129,0.70635235,-0.1916185,0
-1.4799001,-3.6668301,5.0504656,-0.68143129,-0.70635235,0.1916185,0
-2.614243,-3.3251555,2.1349494,-0.68143129,-0.70635235,0.1916185,0
0.87516451,-1.8236005,4.1924071,0.42843449,-0.17271835,0.88691163,0
-1.0066068,-3.7156568,4.7795839,0.42843449,-0.17271835,0.88691163,0
-1.6247982,1.0671209,-2.6629262,-0.5933761,0.68646538,0.42032143,0
1.4880288,3.8922396,-4.094306,0.68143129,0.70635235,-0.1916185,0
-3.7008407,-2.2880654,-2.4914446,0.5933761,-0.68646538,-0.42032143,0
1.0195279,3.5611694,-4.7614117,-0.42843449,0.17271835,-0.88691163,0
-0.024937868,1.2777705,-0.86474288,-0.5933761,0.68646538,0.42032143,0
-2.2584853,-2.3222117,1.979461,-0.5933761,0.68646538,0.42032143,0
-4.0105557,-1.5464199,-2.0443392,-0.5933761,0.68646538,0.42032143,0
1.9421754,3.7809787,-2.3795648,0.68143129,0.70635235,-0.1916185,0
-3.7711101,-3.0948718,-1.3274612,-0.68143129,-0.70635235,0.1916185,0
-0.54656792,-3.3050814,4.7918367,0.42843449,-0.17271835,0.88691163,0
1.4849987,2.1883719,-2.8029649,0.5933761,-0.68646538,-0.42032143,0
3.7251256,1.3947167,3.4825597,0.42843449,-0.17271835,0.88691163,0
-1.8663743,-3.5342381,4.0190711,-0.68143129,-0.70635235,0.1916185,0
-0.80899847,-3.353919,4.8507586,0.42843449,-0.17271835,0.88691163,0
0.96604729,-2.2053177,4.0837293,0.42843449,-0.17271835,0.88691163,0
-3.2926383,-0.55812275,-3.5257034,-0.42843449,0.17271835,-0.88691163,0
-0.17240228,-1.0094119,0.34631383,0.5933761,-0.68646538,-0.42032143,0
-1.9127645,-3.7343664,2.5131197,-0.68143129,-0.70635235,0.1916185,0
1.4168332,4.055552,-3.6893926,0.68143129,0.70635235,-0.1916185,0
2.6661108,0.45489502,3.9351058,0.42843449,-0.17271835,0.88691163,0
-2.5486925,-3.1180921,2.5903349,-0.68143129,-0.70635235,0.1916185,0
-3.2459815,-0.84532261,-3.6785855,-0.42843449,0.17271835,-0.88691163,0
-1.4523516,-4.0332189,3.7564247,-0.68143129,-0.70635235,0.1916185,0
-4.6954985,-2.4198186,-1.9251525,-0.68143129,-0.70635235,0.1916185,0
-4.7280579,-2.4418535,-2.0914433,-0.68143129,-0.70635235,0.1916185,0
-1.2416465,1.3698825,-3.0158894,-0.5933761,0.68646538,0.42032143,0
4.8151321,2.3206635,2.2766581,0.68143129,0.70635235,-0.1916185,0
1.4151658,3.8388143,-4.1926808,0.68143129,0.70635235,-0.1916185,0
0.17912149,-2.3714185,3.002027,0.5933761,-0.68646538,-0.42032143,0
-0.56214106,-3.1362691,4.7261963,0.42843449,-0.17271835,0.88691163,0
-0.41966081,-3.4921145,4.0007477,0.5933761,-0.68646538,-0.42032143,0
-3.9323816,-1.3069571,-3.3799729,-0.42843449,0.17271835,-0.88691163,0
-0.50984693,2.1003368,-4.3630357,-0.42843449,0.17271835,-0.88691163,0
4.0533156,2.3875337,2.7843122,-0.5933761,0.68646538,0.42032143,0
-1.6551089,1.3767554,-3.9543471,-0.42843449,0.17271835,-0.88691163,0
-0.62924463,0.092605054,-0.05386737,-0.5933761,0.68646538,0.42032143,0
