0.53127116,-1.0811224,0.18126214,0.46558851,-0.56847084,0.67828333,0
-0.666291,0.081378579,0.69555676,-0.60774517,0.35175717,0.71197808,0
0.80899668,1.8659239,-0.42019653,-0.46558851,0.56847084,-0.67828333,0
-0.30096173,-0.51735306,1.219725,0.46558851,-0.56847084,0.67828333,0
-2.2374091,-1.4766675,0.066290021,-0.64332974,-0.74371219,-0.18171126,0
0.74101472,2.7206001,0.30054808,0.64332974,0.74371219,0.18171126,0
-0.32409012,-0.67138714,-1.4065057,0.60774517,-0.35175717,-0.71197808,0
0.2674821,0.83541942,1.2525815,-0.60774517,0.35175717,0.71197808,0
0.68994069,0.7839703,1.6411054,-0.60774517,0.35175717,0.71197808,0
1.7365789,1.7233453,1.0077896,0.64332974,0.74371219,0.18171126,0
1.8524561,0.92706704,0.94584966,0.46558851,-0.56847084,0.67828333,0
0.41733971,-0.66240984,-0.71382105,0.60774517,-0.35175717,-0.71197808,0
1.7847924,1.8258789,-0.2972542,0.64332974,0.74371219,0.18171126,0
1.0920755,2.2770667,0.68791699,0.64332974,0.74371219,0.18171126,0
0.41351396,-1.3968952,-0.10367584,0.46558851,-0.56847084,0.67828333,0
1.1882043,-0.82497036,0.052876592,0.60774517,-0.35175717,-0.71197808,0
-2.0608776,-1.6058415,0.22143197,-0.64332974,-0.74371219,-0.18171126,0
0.88485074,1.7627738,1.4240839,-0.60774517,0.35175717,0.71197808,0
-2.3912835,-1.1493068,-0.80572546,-0.64332974,-0.74371219,-0.18171126,0
-1.9542326,-1.5426495,-0.046542645,-0.64332974,-0.74371219,-0.18171126,0
0.80598581,1.7996433,1.2077175,-0.60774517,0.35175717,0.71197808,0
1.9064488,0.67392313,-0.093318701,0.60774517,-0.35175717,-0.71197808,0
1.3870815,2.1020837,0.2699883,0.64332974,0.74371219,0.18171126,0
1.2079943,-0.78371632,0.09729743,0.60774517,-0.35175717,-0.71197808,0
-0.039914608,2.1536045,0.34408951,-0.46558851,0.56847084,-0.67828333,0
0.7396549,2.4905624,0.71606159,-0.60774517,0.35175717,0.71197808,0
1.7116777,1.5448279,1.5492368,0.64332974,0.74371219,0.18171126,0
0.55527139,2.4247205,0.82066607,-0.60774517,0.35175717,0.71197808,0
2.2570934,0.92236638,0.011192679,0.60774517,-0.35175717,-0.71197808,0
-1.0560613,-0.96654624,-1.7032527,-0.46558851,0.56847084,-0.67828333,0
-1.3296757,-2.2264097,-0.078896999,-0.64332974,-0.74371219,-0.18171126,0
0.31920916,-1.0241845,-0.53068441,0.60774517,-0.35175717,-0.71197808,0
1.5250947,0.80208391,1.1639354,0.46558851,-0.56847084,0.67828333,0
-0.37396669,0.57593,0.83580852,-0.60774517,0.35175717,0.71197808,0
-1.8073552,-1.768841,0.049557924,-0.64332974,-0.74371219,-0.18171126,0
2.0487726,1.3052195,1.2440804,0.64332974,0.74371219,0.18171126,0
-2.0345585,-1.5146194,-0.40170884,-0.64332974,-0.74371219,-0.18171126,0
1.7736279,1.8799139,-0.64279127,0.64332974,0.74371219,0.18171126,0
1.7554297,1.6104025,0.41112113,0.64332974,0.74371219,0.18171126,0
1.2920227,-0.77115834,-0.0289011,0.60774517,-0.35175717,-0.71197808,0
-2.1112456,-0.58000314,-0.23461133,-0.60774517,0.35175717,0.71197808,0
1.7321684,1.945119,-0.55625951,0.64332974,0.74371219,0.18171126,0
-0.24205762,-0.03797102,1.1079942,-0.60774517,0.35175717,0.71197808,0
-1.992557,-1.6899176,0.61461902,-0.60774517,0.35175717,0.71197808,0
0.066867352,-2.1205361,-0.42153513,0.60774517,-0.35175717,-0.71197808,0
-0.24426746,-1.5813118,-0.87131524,0.60774517,-0.35175717,-0.71197808,0
-1.5240959,-0.16489875,0.25462502,-0.60774517,0.35175717,0.71197808,0
0.66892767,1.5169485,-0.77584338,-0.46558851,0.56847084,-0.67828333,0
1.448325,2.0482776,0.42650223,0.64332974,0.74371219,0.18171126,0
-0.044582725,1.0091828,-0.45140487,-0.46558851,0.56847084,-0.67828333,0
-0.24049854,-2.2277412,-0.28892255,0.46558851,-0.56847084,0.67828333,0
-2.2283247,-0.9496929,-0.67607105,-0.46558851,0.56847084,-0.67828333,0
1.8176472,1.9034244,-0.72542489,0.60774517,-0.35175717,-0.71197808,0
-1.4991207,-2.0418053,0.21834898,-0.64332974,-0.74371219,-0.18171126,0
-0.62430674,-1.1450114,1.0344559,0.46558851,-0.56847084,0.67828333,0
-2.1128016,-1.5058959,-0.55390072,-0.64332974,-0.74371219,-0.18171126,0
0.563357,-1.4862975,-0.2479955,0.60774517,-0.35175717,-0.71197808,0
0.8857891,2.3068547,0.92217827,0.64332974,0.74371219,0.18171126,0
-0.46387577,-2.4722173,-0.17231131,0.46558851,-0.56847084,0.67828333,0
0.066412687,0.96184742,-0.58510262,-0.46558851,0.56847084,-0.67828333,0
-0.64049315,-2.3288798,-0.72606897,0.60774517,-0.35175717,-0.71197808,0
-0.42466515,0.64313567,0.64691639,-0.60774517,0.35175717,0.71197808,0
-0.18704796,0.89963329,0.67137569,-0.60774517,0.35175717,0.71197808,0
-0.12036037,-1.0821841,-0.92941511,0.60774517,-0.35175717,-0.71197808,0
0.28873038,-1.8730571,-0.33216166,0.46558851,-0.56847084,0.67828333,0
-1.094813,0.25634268,-0.59563994,-0.46558851,0.56847084,-0.67828333,0
-1.8180796,-1.7921048,0.40817034,-0.64332974,-0.74371219,-0.18171126,0
1.5551227,1.6511257,1.1632823,0.64332974,0.74371219,0.18171126,0
-0.49428475,1.4699428,0.23802185,-0.46558851,0.56847084,-0.67828333,0
-2.4244728,-0.8920579,-0.44262016,-0.46558851,0.56847084,-0.67828333,0
1.4312143,1.8043592,0.9770416,0.64332974,0.74371219,0.18171126,0
1.0007586,1.8716445,1.2044184,-0.60774517,0.35175717,0.71197808,0
-0.17202321,0.50866354,0.8990438,-0.60774517,0.35175717,0.71197808,0
-0.82132089,-0.090582013,0.73244548,-0.60774517,0.35175717,0.71197808,0
0.11095405,1.9196953,0.08880055,-0.46558851,0.56847084,-0.67828333,0
-0.99746025,-2.2516096,-0.79803085,-0.64332974,-0.74371219,-0.18171126,0
1.8246763,1.3658977,1.4407001,0.64332974,0.74371219,0.18171126,0
2.2532809,0.48288906,0.23584944,0.60774517,-0.35175717,-0.71197808,0
0.015029073,-0.91877443,-0.82025588,0.60774517,-0.35175717,-0.71197808,0
-0.74091816,-2.285111,0.1033113,0.46558851,-0.56847084,0.67828333,0
0.84813994,1.3318646,-0.86271274,-0.46558851,0.56847084,-0.67828333,0
-1.0478526,-0.38553509,-1.0036916,-0.46558851,0.56847084,-0.67828333,0
0.16129053,1.7027898,0.68573642,-0.60774517,0.35175717,0.71197808,0
0.67473471,2.366432,0.86405158,-0.60774517,0.35175717,0.71197808,0
1.6674439,2.1398706,-0.3544848,0.64332974,0.74371219,0.18171126,0
2.1231835,1.4487563,0.2336359,0.64332974,0.74371219,0.18171126,0
-1.5391626,-1.3985221,-1.6226203,-0.46558851,0.56847084,-0.67828333,0
1.5502956,0.57074463,0.74208313,0.46558851,-0.56847084,0.67828333,0
-0.6587342,1.3054934,0.33028901,-0.60774517,0.35175717,0.71197808,0
1.4003673,1.8554139,1.5132675,0.64332974,0.74371219,0.18171126,0
-0.39341605,0.089396358,-1.2566628,-0.46558851,0.56847084,-0.67828333,0
0.034918018,0.53663474,1.2620074,-0.60774517,0.35175717,0.71197808,0
1.9135654,1.6955044,-0.14643991,0.64332974,0.74371219,0.18171126,0
0.62186795,-1.1424077,0.20466411,0.46558851,-0.56847084,0.67828333,0
0.11010993,-1.5887444,-0.4014225,0.60774517,-0.35175717,-0.71197808,0
0.14074922,1.7731568,0.68348002,-0.60774517,0.35175717,0.71197808,0
-1.6044765,-2.102793,0.42866969,-0.64332974,-0.74371219,-0.18171126,0
0.39006996,1.5652174,-0.41553152,-0.46558851,0.56847084,-0.67828333,0
1.1348026,1.9558229,1.3826467,-0.60774517,0.35175717,0.71197808,0
-2.1467414,-1.0285815,0.15439391,-0.60774517,0.35175717,0.71197808,0
-1.2059054,-2.2531283,0.098497868,-0.64332974,-0.74371219,-0.18171126,0
-1.2507298,-2.2810426,-0.4253335,-0.64332974,-0.74371219,-0.18171126,0
1.2181728,-0.52198684,0.26965562,0.46558851,-0.56847084,0.67828333,0
0.018910289,1.4429626,-0.1637032,-0.46558851,0.56847084,-0.67828333,0
-1.499774,-1.7153063,-0.95039463,-0.64332974,-0.74371219,-0.18171126,0
0.38258314,1.7270792,-0.18149173,-0.46558851,0.56847084,-0.67828333,0
-0.81618917,0.16128835,-0.80729198,-0.46558851,0.56847084,-0.67828333,0
-1.2020477,0.69156164,-0.042225212,-0.60774517,0.35175717,0.71197808,0
-1.7913226,-1.8216827,0.31892574,-0.64332974,-0.74371219,-0.18171126,0
-0.4717356,-2.324677,-0.043093204,0.46558851,-0.56847084,0.67828333,0
-1.3291492,-2.055604,-1.0695052,-0.64332974,-0.74371219,-0.18171126,0
-0.94610238,-2.4744837,0.0002014637,-0.64332974,-0.74371219,-0.18171126,0
0.6866861,1.0724612,1.6004364,-0.60774517,0.35175717,0.71197808,0
-1.6844139,-0.021296024,-0.28903878,-0.46558851,0.56847084,-0.67828333,0
-0.80879247,0.94668424,0.37754214,-0.60774517,0.35175717,0.71197808,0
2.4409719,1.0965673,0.31383586,0.64332974,0.74371219,0.18171126,0
-1.4584707,-1.0356392,0.71530712,-0.60774517,0.35175717,0.71197808,0
0.25532216,-0.7935077,0.53211564,0.46558851,-0.56847084,0.67828333,0
1.1112618,-0.30801159,-0.26602119,0.60774517,-0.35175717,-0.71197808,0
0.70275193,1.4084109,-0.81717598,-0.46558851,0.56847084,-0.67828333,0
0.68989438,0.30858707,-0.84924453,0.60774517,-0.35175717,-0.71197808,0
-0.38823807,1.7174194,0.19398785,-0.60774517,0.35175717,0.71197808,0
0.21152811,0.41852009,1.4863946,-0.60774517,0.35175717,0.71197808,0
0.16696078,0.53363848,-1.2127801,-0.46558851,0.56847084,-0.67828333,0
1.9951634,1.6370773,0.51033628,0.64332974,0.74371219,0.18171126,0
-0.88875151,-0.77150387,-1.6524359,-0.46558851,0.56847084,-0.67828333,0
-1.4959702,-2.0506229,0.39083552,-0.64332974,-0.74371219,-0.18171126,0
2.4406333,1.2597215,0.50503278,0.64332974,0.74371219,0.18171126,0
-0.90878594,-2.4170113,-0.43181968,-0.64332974,-0.74371219,-0.18171126,0
-0.45597371,-0.2521475,-1.3846519,-0.46558851,0.56847084,-0.67828333,0
0.37449408,-1.6324266,-0.39681637,0.60774517,-0.35175717,-0.71197808,0
2.3572226,0.59783733,0.23506653,0.60774517,-0.35175717,-0.71197808,0
1.8274672,0.92852914,-0.20026517,0.60774517,-0.35175717,-0.71197808,0
1.4281802,0.57556427,1.0912039,0.46558851,-0.56847084,0.67828333,0
-0.14261043,1.6628306,0.14822912,-0.46558851,0.56847084,-0.67828333,0
1.616485,1.4565501,1.6027969,0.64332974,0.74371219,0.18171126,0
-0.76738608,-2.2695687,0.13917017,0.46558851,-0.56847084,0.67828333,0
-0.27566507,-0.2913177,1.4271026,0.46558851,-0.56847084,0.67828333,0
-1.1461812,-1.5442539,-1.7558391,0.60774517,-0.35175717,-0.71197808,0
-1.5611904,-2.0507221,-0.31893826,-0.64332974,-0.74371219,-0.18171126,0
-0.50197506,-2.3398852,-0.66942382,0.60774517,-0.35175717,-0.71197808,0
-1.627117,-0.19387901,0.020008087,-0.60774517,0.35175717,0.71197808,0
1.1505318,2.0564837,0.90386462,0.64332974,0.74371219,0.18171126,0
-1.8753967,-1.7682332,-0.15974307,-0.64332974,-0.74371219,-0.18171126,0
1.5548843,2.1538541,-0.74814045,0.64332974,0.74371219,0.18171126,0
0.83054876,2.5888634,0.38021684,0.64332974,0.74371219,0.18171126,0
1.8729446,0.51609594,0.58850402,0.46558851,-0.56847084,0.67828333,0
-0.66228008,-1.8132524,-1.0037543,0.60774517,-0.35175717,-0.71197808,0
1.1519642,0.065922737,-0.59398711,0.60774517,-0.35175717,-0.71197808,0
-0.4265345,0.070227265,1.1190289,-0.60774517,0.35175717,0.71197808,0
-1.5052537,-1.8036221,-0.56925535,-0.64332974,-0.74371219,-0.18171126,0
1.8029435,0.074242711,0.13331708,0.60774517,-0.35175717,-0.71197808,0
0.94030201,-0.87992811,-0.16548479,0.60774517,-0.35175717,-0.71197808,0
-2.0645175,-1.5134789,-0.45599425,-0.64332974,-0.74371219,-0.18171126,0
-0.50242859,-2.0038214,-0.91287255,0.60774517,-0.35175717,-0.71197808,0
1.5790305,2.0651093,-0.23682237,0.64332974,0.74371219,0.18171126,0
-1.9874458,-1.2781584,-1.0489205,-0.64332974,-0.74371219,-0.18171126,0
2.355612,1.1153982,0.60054255,0.64332974,0.74371219,0.18171126,0
1.0412605,-0.53533554,0.37388778,0.46558851,-0.56847084,0.67828333,0
-0.48267853,0.64658839,-0.70541555,-0.46558851,0.56847084,-0.67828333,0
-0.10091019,-0.49386615,0.99060124,0.46558851,-0.56847084,0.67828333,0
1.1395621,2.3083026,0.28426933,0.64332974,0.74371219,0.18171126,0
-0.52753693,0.10846218,-0.93963742,-0.46558851,0.56847084,-0.67828333,0
-1.9953314,-1.8010927,0.59004724,-0.64332974,-0.74371219,-0.18171126,0
1.9453883,1.3180124,-0.43104148,0.60774517,-0.35175717,-0.71197808,0
-1.0143801,-1.1429694,1.2396586,-0.60774517,0.35175717,0.71197808,0
-1.2777854,-0.61752725,0.56674474,-0.60774517,0.35175717,0.71197808,0
-0.55127817,0.13512999,-1.0500216,-0.46558851,0.56847084,-0.67828333,0
1.6024029,1.9530096,0.56684661,0.64332974,0.74371219,0.18171126,0
1.5798069,1.6940734,0.72656512,0.64332974,0.74371219,0.18171126,0
-1.857446,-1.8658471,0.71381271,-0.60774517,0.35175717,0.71197808,0
1.8785793,1.6069378,0.32619369,0.64332974,0.74371219,0.18171126,0
-0.8510195,-2.6067762,-0.094071627,0.46558851,-0.56847084,0.67828333,0
1.0313822,2.2371688,-0.20914888,-0.46558851,0.56847084,-0.67828333,0
-0.98558748,-2.5203583,-0.19419575,-0.64332974,-0.74371219,-0.18171126,0
-1.420051,-1.2207301,0.66097784,-0.60774517,0.35175717,0.71197808,0
-0.15500869,-0.70277524,-1.2398992,0.60774517,-0.35175717,-0.71197808,0
-1.7711996,-1.789742,0.77798045,-0.60774517,0.35175717,0.71197808,0
0.23030272,0.47324401,1.3164184,-0.60774517,0.35175717,0.71197808,0
-1.4971192,-1.8992031,-0.7420001,-0.64332974,-0.74371219,-0.18171126,0
-1.6915734,-2.1071234,0.51642323,-0.64332974,-0.74371219,-0.18171126,0
0.1175853,-0.71127313,-0.89618182,0.60774517,-0.35175717,-0.71197808,0
2.1214561,1.3213124,-0.32106721,0.60774517,-0.35175717,-0.71197808,0
-1.2990913,-0.18291652,0.48834717,-0.60774517,0.35175717,0.71197808,0
0.65764457,-1.0896592,-0.2574265,0.60774517,-0.35175717,-0.71197808,0
1.6298614,1.6273011,-0.93534505,0.60774517,-0.35175717,-0.71197808,0
0.24650025,-0.86360466,-0.7649827,0.60774517,-0.35175717,-0.71197808,0
-1.2426569,-0.99328351,0.69538492,-0.60774517,0.35175717,0.71197808,0
1.3846753,2.0871115,0.38371778,0.64332974,0.74371219,0.18171126,0
-0.12441111,-0.42201793,1.289314,0.46558851,-0.56847084,0.67828333,0
1.1902895,0.94603121,1.519614,0.46558851,-0.56847084,0.67828333,0
1.2756429,2.2265911,0.44383144,0.64332974,0.74371219,0.18171126,0
-0.35366148,0.50108242,-0.67610943,-0.46558851,0.56847084,-0.67828333,0
1.3240749,0.96905768,1.3340065,0.46558851,-0.56847084,0.67828333,0
0.60630053,-1.4033831,-0.26280046,0.60774517,-0.35175717,-0.71197808,0
2.2075825,1.3485892,0.0084638596,0.64332974,0.74371219,0.18171126,0
-1.1985472,0.85480922,0.061234117,-0.60774517,0.35175717,0.71197808,0
2.5242743,0.94461286,0.18337131,0.60774517,-0.35175717,-0.71197808,0
-0.48517388,-0.016108096,-1.0910444,-0.46558851,0.56847084,-0.67828333,0
0.55373502,2.7484698,0.54152822,-0.60774517,0.35175717,0.71197808,0
-1.7668022,-1.7574382,-0.15681028,-0.64332974,-0.74371219,-0.18171126,0
0.8975234,0.26374283,1.1209488,0.46558851,-0.56847084,0.67828333,0
1.0273448,0.81670034,-0.95201528,0.60774517,-0.35175717,-0.71197808,0
-1.0727961,0.090036586,-0.62762707,-0.46558851,0.56847084,-0.67828333,0
-0.76095122,1.0243309,-0.053667545,-0.46558851,0.56847084,-0.67828333,0
0.59883136,-0.53988224,0.66725111,0.46558851,-0.56847084,0.67828333,0
-0.34336993,0.35084581,-1.0880504,-0.46558851,0.56847084,-0.67828333,0
1.0428357,2.2622814,0.97317958,0.64332974,0.74371219,0.18171126,0
-1.9081143,-1.4619424,0.55936587,-0.60774517,0.35175717,0.71197808,0
0.45668781,-1.4821095,-0.29973948,0.60774517,-0.35175717,-0.71197808,0
1.864862,1.5037372,1.4002432,0.64332974,0.74371219,0.18171126,0
1.4516567,-0.49988878,0.075759664,0.46558851,-0.56847084,0.67828333,0
1.7885231,1.6556081,1.0420325,0.64332974,0.74371219,0.18171126,0
0.55969381,-0.42679474,0.64394701,0.46558851,-0.56847084,0.67828333,0
1.6741346,-0.055424213,0.34371865,0.46558851,-0.56847084,0.67828333,0
-1.0631754,-1.0811023,0.93662739,-0.60774517,0.35175717,0.71197808,0
-0.82295382,-2.4997234,-0.31545687,-0.64332974,-0.74371219,-0.18171126,0
1.2313181,-0.52112025,0.22109476,0.46558851,-0.56847084,0.67828333,0
0.18309003,-1.0642476,0.59633565,0.46558851,-0.56847084,0.67828333,0
-0.76482362,-1.2457993,0.95616156,0.46558851,-0.56847084,0.67828333,0
-0.91142881,0.60954791,0.44228911,-0.60774517,0.35175717,0.71197808,0
0.09898293,-1.5810266,0.12987304,0.46558851,-0.56847084,0.67828333,0
-0.47291744,1.3438779,0.26793969,-0.60774517,0.35175717,0.71197808,0
1.309114,2.170408,-0.018553495,0.64332974,0.74371219,0.18171126,0
-0.58848119,-0.69766963,1.2605627,-0.60774517,0.35175717,0.71197808,0
-0.75533122,0.92333138,-0.31485415,-0.46558851,0.56847084,-0.67828333,0
-0.53535628,-1.0231392,1.0295801,0.46558851,-0.56847084,0.67828333,0
-2.0777423,-1.4715178,-0.74711514,-0.64332974,-0.74371219,-0.18171126,0
-1.2925129,0.29177529,-0.28669715,-0.46558851,0.56847084,-0.67828333,0
-0.99680316,0.81932658,0.2746079,-0.60774517,0.35175717,0.71197808,0
1.2907907,1.9926287,0.96805811,0.64332974,0.74371219,0.18171126,0
-2.0049753,-1.3565017,-1.2727211,-0.64332974,-0.74371219,-0.18171126,0
-0.71536332,1.1065516,0.33143175,-0.60774517,0.35175717,0.71197808,0
1.8496443,1.6120338,-0.48831809,0.60774517,-0.35175717,-0.71197808,0
0.098722041,0.20573413,1.4404529,-0.60774517,0.35175717,0.71197808,0
-0.75521564,-0.57245272,-1.474399,-0.46558851,0.56847084,-0.67828333,0
-0.96505803,-2.2534947,-0.97447872,-0.64332974,-0.74371219,-0.18171126,0
2.2973595,1.348007,0.5946151,0.64332974,0.74371219,0.18171126,0
-1.4397607,-0.38702154,0.32351324,-0.60774517,0.35175717,0.71197808,0
-0.18690094,-1.0334971,-1.1004105,0.60774517,-0.35175717,-0.71197808,0
-1.3538525,-2.2776084,0.20800734,-0.64332974,-0.74371219,-0.18171126,0
0.47298336,2.5820835,0.55894017,-0.60774517,0.35175717,0.71197808,0
-1.2216902,0.55704701,-0.25669059,-0.46558851,0.56847084,-0.67828333,0
-0.70272946,0.24320756,-0.81119329,-0.46558851,0.56847084,-0.67828333,0
1.1050981,2.352021,-0.14250016,0.64332974,0.74371219,0.18171126,0
-1.8163991,-2.0205383,0.66547203,-0.64332974,-0.74371219,-0.18171126,0
0.15171683,-1.5572594,0.023819327,0.46558851,-0.56847084,0.67828333,0
1.171378,1.289003,-0.98232412,0.60774517,-0.35175717,-0.71197808,0
1.9227414,1.665758,-0.030555964,0.64332974,0.74371219,0.18171126,0
-1.5910329,-1.8808519,-0.2869215,-0.64332974,-0.74371219,-0.18171126,0
-0.78409094,0.92438042,0.36224973,-0.60774517,0.35175717,0.71197808,0
-1.7377489,-1.7342658,-0.081145048,-0.64332974,-0.74371219,-0.18171126,0
2.4071178,0.89792901,0.60938799,0.46558851,-0.56847084,0.67828333,0
1.9535301,1.6015017,0.34691536,0.64332974,0.74371219,0.18171126,0
-1.8706702,-0.61699188,-0.73091447,-0.46558851,0.56847084,-0.67828333,0
1.8122191,1.8044904,-0.50241542,0.64332974,0.74371219,0.18171126,0
1.3625405,0.18518412,-0.40561336,0.60774517,-0.35175717,-0.71197808,0
-1.5573102,-1.8461205,-0.39599705,-0.64332974,-0.74371219,-0.18171126,0
-0.21673776,-0.23961639,-1.5177097,0.60774517,-0.35175717,-0.71197808,0
-1.9006528,-1.443652,0.61778069,-0.60774517,0.35175717,0.71197808,0
0.54122865,2.5115833,0.56649423,-0.60774517,0.35175717,0.71197808,0
0.4517315,-0.97610438,-0.4216556,0.60774517,-0.35175717,-0.71197808,0
1.1932024,0.80824792,-0.77978063,0.60774517,-0.35175717,-0.71197808,0
-0.70809436,-2.6103005,-0.44544196,-0.64332974,-0.74371219,-0.18171126,0
-1.6812501,-2.0084615,0.2158525,-0.64332974,-0.74371219,-0.18171126,0
-2.0127141,-1.5231252,-0.79244578,-0.64332974,-0.74371219,-0.18171126,0
1.5938628,2.0288923,-0.73559976,0.64332974,0.74371219,0.18171126,0
-2.2324979,-1.169911,-0.75635624,-0.64332974,-0.74371219,-0.18171126,0
0.15745762,1.0598264,1.1357614,-0.60774517,0.35175717,0.71197808,0
1.5172923,1.9157579,0.16364169,0.64332974,0.74371219,0.18171126,0
-1.5952777,-1.9039602,0.089167595,-0.64332974,-0.74371219,-0.18171126,0
1.9903091,1.3021011,-0.38427043,0.60774517,-0.35175717,-0.71197808,0
1.8332736,1.485654,1.4836649,0.64332974,0.74371219,0.18171126,0
-1.5100516,0.31204057,-0.20914292,-0.46558851,0.56847084,-0.67828333,0
1.3814485,0.60103846,-0.45593429,0.60774517,-0.35175717,-0.71197808,0
-1.9433954,-0.92533922,0.086711049,-0.60774517,0.35175717,0.71197808,0
-0.1698544,-1.5477742,0.43752909,0.46558851,-0.56847084,0.67828333,0
-0.84957802,-2.3871102,-0.56063581,-0.64332974,-0.74371219,-0.18171126,0
0.74194896,2.15762,-0.13599539,-0.46558851,0.56847084,-0.67828333,0
0.45536983,-1.5673885,-0.28187966,0.60774517,-0.35175717,-0.71197808,0
2.2209082,1.5870917,-0.20178068,0.64332974,0.74371219,0.18171126,0
1.8012919,1.6532013,0.77835834,0.64332974,0.74371219,0.18171126,0
1.8258648,1.4255509,1.0476633,0.64332974,0.74371219,0.18171126,0
-0.2332294,0.32759422,-0.93396872,-0.46558851,0.56847084,-0.67828333,0
-2.129436,-1.3994422,-0.13805556,-0.64332974,-0.74371219,-0.18171126,0
1.3115023,1.9674176,0.5379343,0.64332974,0.74371219,0.18171126,0
2.2389998,1.252279,0.66779649,0.64332974,0.74371219,0.18171126,0
0.11999714,-0.97870582,0.70152444,0.46558851,-0.56847084,0.67828333,0
0.60926169,-0.37486774,0.75992733,0.46558851,-0.56847084,0.67828333,0
-1.6919315,0.084390759,-0.097716734,-0.46558851,0.56847084,-0.67828333,0
-1.0059165,-2.2343354,-0.86439681,-0.64332974,-0.74371219,-0.18171126,0
0.8230018,-0.34003699,-0.51316011,0.60774517,-0.35175717,-0.71197808,0
-1.473021,-2.1572461,0.54538417,-0.64332974,-0.74371219,-0.18171126,0
-0.82830286,-0.68314314,-1.5901669,-0.46558851,0.56847084,-0.67828333,0
0.8432011,0.43037963,-0.84092736,0.60774517,-0.35175717,-0.71197808,0
-2.1778994,-1.3073165,-0.68354988,-0.64332974,-0.74371219,-0.18171126,0
1.0591723,2.196497,1.029171,0.64332974,0.74371219,0.18171126,0
-0.36552987,0.099688709,-1.0302544,-0.46558851,0.56847084,-0.67828333,0
-2.2741523,-1.1977143,-0.54315269,-0.64332974,-0.74371219,-0.18171126,0
-2.3222466,-0.89557385,-0.76167381,-0.46558851,0.56847084,-0.67828333,0
1.3207853,2.2054374,0.28998637,0.64332974,0.74371219,0.18171126,0
-1.6815777,-0.73942608,-0.88639778,-0.46558851,0.56847084,-0.67828333,0
-1.8096836,-0.14393914,-0.18579194,-0.60774517,0.35175717,0.71197808,0
1.5838411,0.8275373,-0.42220712,0.60774517,-0.35175717,-0.71197808,0
1.7057401,1.6697991,1.1975921,0.64332974,0.74371219,0.18171126,0
1.2102784,1.9440535,1.1349118,0.64332974,0.74371219,0.18171126,0
0.84311241,0.30986118,-0.96446013,0.60774517,-0.35175717,-0.71197808,0
-2.4216175,-0.97211564,-0.25814307,-0.60774517,0.35175717,0.71197808,0
0.77981365,-0.77832478,-0.4618755,0.60774517,-0.35175717,-0.71197808,0
-0.01867478,0.38323206,1.1265743,-0.60774517,0.35175717,0.71197808,0
-1.2975156,-1.5732026,-1.8268234,0.60774517,-0.35175717,-0.71197808,0
0.93358183,2.4354403,0.030777216,-0.46558851,0.56847084,-0.67828333,0
-2.4094434,-0.73511136,-0.25149941,-0.60774517,0.35175717,0.71197808,0
-0.48094922,0.76482177,-0.58172941,-0.46558851,0.56847084,-0.67828333,0
1.1458704,2.3462644,0.61912203,0.64332974,0.74371219,0.18171126,0
-2.1411862,-1.4486867,0.15453005,-0.64332974,-0.74371219,-0.18171126,0
-1.3395362,-1.3994517,0.89173484,-0.60774517,0.35175717,0.71197808,0
-0.70773923,-2.0520399,0.31360769,0.46558851,-0.56847084,0.67828333,0
0.37126958,2.3217638,0.60161495,-0.60774517,0.35175717,0.71197808,0
1.5630429,1.8044821,0.36988807,0.64332974,0.74371219,0.18171126,0
-1.8494201,-1.6159827,-0.94313312,-0.64332974,-0.74371219,-0.18171126,0
0.78872836,2.6149819,0.55191469,0.64332974,0.74371219,0.18171126,0
-1.7361311,-1.8074751,0.0047297478,-0.64332974,-0.74371219,-0.18171126,0
0.95866239,1.2217656,1.4791064,-0.60774517,0.35175717,0.71197808,0
0.12391019,1.2455916,0.95977473,-0.60774517,0.35175717,0.71197808,0
-1.7059722,-2.1263638,0.93188453,-0.60774517,0.35175717,0.71197808,0
0.037135631,-0.53878242,-1.0073477,0.60774517,-0.35175717,-0.71197808,0
1.4318373,2.1856644,-0.65108275,0.64332974,0.74371219,0.18171126,0
-0.90696114,-2.2146428,-1.1931043,0.60774517,-0.35175717,-0.71197808,0
-0.27877027,0.49267983,0.84154093,-0.60774517,0.35175717,0.71197808,0
1.6832064,2.0612144,-0.58548856,0.64332974,0.74371219,0.18171126,0
1.1169804,1.2299696,1.6718708,0.46558851,-0.56847084,0.67828333,0
0.58614099,2.6294997,0.46770668,0.64332974,0.74371219,0.18171126,0
0.56248856,0.30741656,-1.1864309,0.60774517,-0.35175717,-0.71197808,0
-0.52606165,-2.5423713,-0.64478755,0.60774517,-0.35175717,-0.71197808,0
1.7942749,1.4689484,-0.68829942,0.60774517,-0.35175717,-0.71197808,0
-0.88822043,-2.4577134,-0.95649099,-0.64332974,-0.74371219,-0.18171126,0
-0.47403908,-1.7297539,0.30282199,0.46558851,-0.56847084,0.67828333,0
-1.5945114,-1.7863024,-0.8316915,-0.64332974,-0.74371219,-0.18171126,0
0.10532361,-1.0627017,0.50724179,0.46558851,-0.56847084,0.67828333,0
1.3704317,1.8671156,0.84556639,0.64332974,0.74371219,0.18171126,0
0.61235815,1.3916402,1.1304706,-0.60774517,0.35175717,0.71197808,0
-1.5825357,0.032094002,-0.39509746,-0.46558851,0.56847084,-0.67828333,0
2.1619582,1.3003709,0.82650793,0.64332974,0.74371219,0.18171126,0
-1.9424773,-0.94892037,-1.0028517,-0.46558851,0.56847084,-0.67828333,0
1.1108148,2.3743401,0.31315136,0.64332974,0.74371219,0.18171126,0
0.12183347,-0.8901279,-0.87041771,0.60774517,-0.35175717,-0.71197808,0
-0.48004544,0.12735772,-0.99257904,-0.46558851,0.56847084,-0.67828333,0
2.0436332,0.37952495,0.36976022,0.46558851,-0.56847084,0.67828333,0
-2.3931293,-1.3214327,-0.39699757,-0.64332974,-0.74371219,-0.18171126,0
-0.061384678,-1.7735742,-0.57296526,0.60774517,-0.35175717,-0.71197808,0
-1.2584481,-1.9629104,0.58151424,0.46558851,-0.56847084,0.67828333,0
1.120237,2.3188062,0.22541714,0.64332974,0.74371219,0.18171126,0
1.5614386,1.8473047,0.90729988,0.64332974,0.74371219,0.18171126,0
1.6681205,2.0875499,-0.74605703,0.64332974,0.74371219,0.18171126,0
-0.87209684,-0.82823181,0.95244092,-0.60774517,0.35175717,0.71197808,0
2.2998099,1.1670244,0.80768418,0.46558851,-0.56847084,0.67828333,0
1.5157988,1.313555,1.4449366,0.46558851,-0.56847084,0.67828333,0
0.24078363,-1.122588,0.5141511,0.46558851,-0.56847084,0.67828333,0
1.5725199,1.9682777,0.2503376,0.64332974,0.74371219,0.18171126,0
0.16873592,-0.23422861,-1.2361927,0.60774517,-0.35175717,-0.71197808,0
-2.5199151,-0.7145524,-0.44789469,-0.46558851,0.56847084,-0.67828333,0
-1.1869075,-1.7903248,-1.5003016,0.60774517,-0.35175717,-0.71197808,0
1.2614441,2.3705239,-0.18307471,0.64332974,0.74371219,0.18171126,0
-1.4748063,-1.1286271,-1.2714341,-0.46558851,0.56847084,-0.67828333,0
-0.80306113,-1.9142877,-1.2506009,0.60774517,-0.35175717,-0.71197808,0
1.6001177,2.0853581,-0.74052501,0.64332974,0.74371219,0.18171126,0
-1.9978353,-1.3205498,-0.95076942,-0.64332974,-0.74371219,-0.18171126,0
1.623524,0.53544557,0.89750236,0.46558851,-0.56847084,0.67828333,0
0.07385242,-0.097593307,1.3682299,0.46558851,-0.56847084,0.67828333,0
-0.82158685,0.071256533,-0.85196906,-0.46558851,0.56847084,-0.67828333,0
-0.63157797,-0.44966,-1.4804125,-0.46558851,0.56847084,-0.67828333,0
0.98335761,-0.36129579,0.62392831,0.46558851,-0.56847084,0.67828333,0
-2.0471585,-0.48174787,-0.46103853,-0.46558851,0.56847084,-0.67828333,0
0.18264019,1.3484607,-0.35698485,-0.46558851,0.56847084,-0.67828333,0
-1.4332987,-0.41957995,-0.94028735,-0.46558851,0.56847084,-0.67828333,0
0.80027294,0.1756036,1.1393386,0.46558851,-0.56847084,0.67828333,0
0.65927923,0.62219,-1.0180696,0.60774517,-0.35175717,-0.71197808,0
1.1367453,-0.28688276,-0.23763205,0.60774517,-0.35175717,-0.71197808,0
2.3095019,1.4165881,0.1886127,0.64332974,0.74371219,0.18171126,0
-0.40767926,-1.2677045,0.77796811,0.46558851,-0.56847084,0.67828333,0
0.99028146,-0.81960469,0.031355381,0.46558851,-0.56847084,0.67828333,0
-1.6055622,-2.1564894,0.46848011,-0.64332974,-0.74371219,-0.18171126,0
-2.6994429,-0.92033207,-0.45497215,-0.60774517,0.35175717,0.71197808,0
1.3485467,2.1464305,-0.63422632,-0.46558851,0.56847084,-0.67828333,0
1.1401806,0.85083234,1.420578,0.46558851,-0.56847084,0.67828333,0
-0.19479465,-1.5308511,0.26609385,0.46558851,-0.56847084,0.67828333,0
0.70892394,0.62746638,1.5479536,0.46558851,-0.56847084,0.67828333,0
-1.6545728,-1.7179633,-0.35690081,-0.64332974,-0.74371219,-0.18171126,0
2.2334135,1.2051549,0.76643229,0.64332974,0.74371219,0.18171126,0
1.8128252,1.7017336,0.51884067,0.64332974,0.74371219,0.18171126,0
-1.6722503,-2.1659594,0.51839423,-0.64332974,-0.74371219,-0.18171126,0
-0.55923867,-2.0727904,0.17519665,0.46558851,-0.56847084,0.67828333,0
0.3614026,-0.01774025,1.2162747,0.46558851,-0.56847084,0.67828333,0
0.68701792,2.5854406,0.63917708,0.64332974,0.74371219,0.18171126,0
-0.57045281,-2.6789384,-0.55719995,0.60774517,-0.35175717,-0.71197808,0
0.96319902,2.3139102,0.74975133,0.64332974,0.74371219,0.18171126,0
-2.3917205,-1.285805,-0.23627865,-0.64332974,-0.74371219,-0.18171126,0
-1.1854979,0.61582166,-0.015308589,-0.46558851,0.56847084,-0.67828333,0
-0.7035445,1.4409765,0.084917307,-0.46558851,0.56847084,-0.67828333,0
2.1910555,0.79222333,-0.044579744,0.60774517,-0.35175717,-0.71197808,0
0.33538795,0.9509744,-0.81740248,-0.46558851,0.56847084,-0.67828333,0
1.4674081,1.7420177,1.0643831,0.64332974,0.74371219,0.18171126,0
-2.1810732,-1.3464297,-0.25510693,-0.64332974,-0.74371219,-0.18171126,0
1.6422396,2.1652179,-0.37153387,0.64332974,0.74371219,0.18171126,0
0.66193271,1.4341719,-0.62075746,-0.46558851,0.56847084,-0.67828333,0
1.8103154,1.4217038,1.0880164,0.64332974,0.74371219,0.18171126,0
0.72107732,1.315418,1.4898956,-0.60774517,0.35175717,0.71197808,0
1.0031267,1.9663382,1.2631992,-0.60774517,0.35175717,0.71197808,0
-2.2550378,-1.1971574,-0.7752943,-0.64332974,-0.74371219,-0.18171126,0
0.45416355,-1.7353469,-0.2583313,0.60774517,-0.35175717,-0.71197808,0
-1.4295225,0.18578207,-0.030399777,-0.60774517,0.35175717,0.71197808,0
1.9289839,0.47205192,0.60726416,0.46558851,-0.56847084,0.67828333,0
-1.1049298,0.91664588,0.031750321,-0.46558851,0.56847084,-0.67828333,0
-0.59379351,-1.9432991,-0.94393659,0.60774517,-0.35175717,-0.71197808,0
1.1187353,2.2976763,0.9385457,0.64332974,0.74371219,0.18171126,0
0.96809053,2.1362405,1.0473154,0.64332974,0.74371219,0.18171126,0
1.1457435,1.0741061,-1.0477679,0.60774517,-0.35175717,-0.71197808,0
1.5895839,2.0915852,0.084782362,0.64332974,0.74371219,0.18171126,0
-0.67334485,0.9267664,-0.36878055,-0.46558851,0.56847084,-0.67828333,0
-0.53294146,-0.02852881,-1.1789457,-0.46558851,0.56847084,-0.67828333,0
2.2396662,0.731821,0.52353168,0.46558851,-0.56847084,0.67828333,0
-1.7591487,0.032244086,-0.33262211,-0.46558851,0.56847084,-0.67828333,0
0.3968879,-1.3040013,0.053958297,0.46558851,-0.56847084,0.67828333,0
1.5772159,1.8337256,0.77491593,0.64332974,0.74371219,0.18171126,0
0.36736268,-1.2257121,0.099601269,0.46558851,-0.56847084,0.67828333,0
1.5840333,0.66295803,-0.49620831,0.60774517,-0.35175717,-0.71197808,0
-1.13297,0.25199395,-0.62576008,-0.46558851,0.56847084,-0.67828333,0
-1.6343381,-1.7459688,-1.0299993,-0.64332974,-0.74371219,-0.18171126,0
2.2333491,0.5813666,0.56129539,0.46558851,-0.56847084,0.67828333,0
-1.7881045,-1.7471472,-0.26344037,-0.64332974,-0.74371219,-0.18171126,0
-2.188127,-1.0422703,-0.81122124,-0.46558851,0.56847084,-0.67828333,0
-0.16311169,-1.4493197,0.29752696,0.46558851,-0.56847084,0.67828333,0
-1.6208509,-1.2812979,-1.3556852,-0.46558851,0.56847084,-0.67828333,0
-0.31321722,-0.19719768,1.1565864,-0.60774517,0.35175717,0.71197808,0
0.72119522,0.1510098,-0.78549385,0.60774517,-0.35175717,-0.71197808,0
-1.0343368,0.86125326,-0.080075026,-0.46558851,0.56847084,-0.67828333,0
1.9774081,0.97811586,0.95625889,0.46558851,-0.56847084,0.67828333,0
-1.4722934,-2.1688023,0.36557817,-0.64332974,-0.74371219,-0.18171126,0
0.31730533,-1.3511608,0.12580407,0.46558851,-0.56847084,0.67828333,0
-0.02291137,-0.4482165,1.0406578,0.46558851,-0.56847084,0.67828333,0
1.9021935,1.6714762,0.065002441,0.64332974,0.74371219,0.18171126,0
1.8333371,2.0297563,-0.75657094,0.64332974,0.74371219,0.18171126,0
1.3054249,2.3054199,-0.46961331,0.64332974,0.74371219,0.18171126,0
-1.643836,-0.87429541,-0.93919778,-0.46558851,0.56847084,-0.67828333,0
-0.69914138,-2.2192578,0.11508417,0.46558851,-0.56847084,0.67828333,0
-0.25785005,1.1074649,-0.22668767,-0.46558851,0.56847084,-0.67828333,0
-0.13449454,0.65761006,-0.88174438,-0.46558851,0.56847084,-0.67828333,0
-1.0979252,-0.69622338,0.74078512,-0.60774517,0.35175717,0.71197808,0
-1.8798422,-0.68319094,-0.84311956,-0.46558851,0.56847084,-0.67828333,0
1.0968537,0.50590861,-0.58302367,0.60774517,-0.35175717,-0.71197808,0
-1.3956668,-1.9469628,-1.2071502,-0.64332974,-0.74371219,-0.18171126,0
0.76156616,1.5088646,-0.59521043,-0.46558851,0.56847084,-0.67828333,0
-0.36842936,-0.53013599,-1.5400519,0.60774517,-0.35175717,-0.71197808,0
-0.1765483,0.20107776,-1.2366343,-0.46558851,0.56847084,-0.67828333,0
-1.8619822,-0.21595609,-0.026281893,-0.60774517,0.35175717,0.71197808,0
-0.13120419,0.5949378,-0.87792206,-0.46558851,0.56847084,-0.67828333,0
-1.265128,0.53477871,-0.15939233,-0.46558851,0.56847084,-0.67828333,0
-1.0995967,0.42388707,-0.36587578,-0.46558851,0.56847084,-0.67828333,0
-0.43598104,-2.2017407,-0.60200047,0.60774517,-0.35175717,-0.71197808,0
0.27096072,-0.92238176,-0.77775586,0.60774517,-0.35175717,-0.71197808,0
1.4212495,2.1277518,0.51908684,0.64332974,0.74371219,0.18171126,0
2.1067047,1.318318,0.99774897,0.46558851,-0.56847084,0.67828333,0
-0.75590807,-1.5762993,0.77114177,0.46558851,-0.56847084,0.67828333,0
0.078701854,1.6771615,-0.22376347,-0.46558851,0.56847084,-0.67828333,0
-1.9194796,-1.5542268,-0.8815881,-0.64332974,-0.74371219,-0.18171126,0
1.7948055,1.7132262,0.40001059,0.64332974,0.74371219,0.18171126,0
0.58871102,2.6634245,0.43193126,0.64332974,0.74371219,0.18171126,0
-0.73685455,0.29362673,-0.62373275,-0.46558851,0.56847084,-0.67828333,0
-1.6970437,-1.6361098,-0.65819359,-0.64332974,-0.74371219,-0.18171126,0
-0.53124225,-2.5983005,-0.6011095,0.60774517,-0.35175717,-0.71197808,0
2.4547534,0.98818165,0.68194509,0.64332974,0.74371219,0.18171126,0
-0.69107354,-1.6244593,0.54597116,0.46558851,-0.56847084,0.67828333,0
1.5270908,0.033180952,-0.14101082,0.60774517,-0.35175717,-0.71197808,0
-1.1295772,0.13583648,0.31067187,-0.60774517,0.35175717,0.71197808,0
0.81897634,0.60092878,1.4360619,0.46558851,-0.56847084,0.67828333,0
-0.24632809,-0.59349,-1.4242616,0.60774517,-0.35175717,-0.71197808,0
-1.9941264,-1.3617393,-1.0205575,-0.64332974,-0.74371219,-0.18171126,0
-2.1884785,-1.1790003,-0.71348822,-0.64332974,-0.74371219,-0.18171126,0
-0.73428738,-1.3646832,0.79961514,0.46558851,-0.56847084,0.67828333,0
-2.1573515,-1.2287438,0.036230803,-0.60774517,0.35175717,0.71197808,0
-1.4930348,-1.3894646,0.83155549,-0.60774517,0.35175717,0.71197808,0
0.88181579,2.4463613,0.718086,0.64332974,0.74371219,0.18171126,0
0.019867718,1.0073087,-0.72538072,-0.46558851,0.56847084,-0.67828333,0
0.79664654,1.7846603,-0.56517017,-0.46558851,0.56847084,-0.67828333,0
0.79052246,2.4160945,0.62497854,0.64332974,0.74371219,0.18171126,0
0.91411263,1.9921528,-0.45185041,-0.46558851,0.56847084,-0.67828333,0
-0.53345817,1.3398558,0.31913459,-0.60774517,0.35175717,0.71197808,0
-0.83617902,0.5608049,0.41693512,-0.60774517,0.35175717,0.71197808,0
1.1912059,0.18425977,-0.3396374,0.60774517,-0.35175717,-0.71197808,0
1.2911997,0.86995292,1.1788721,0.46558851,-0.56847084,0.67828333,0
1.5629231,-0.11629856,0.019679323,0.60774517,-0.35175717,-0.71197808,0
-0.46173108,-2.1120114,-0.12479186,0.46558851,-0.56847084,0.67828333,0
1.1494317,0.5118041,1.0967641,0.46558851,-0.56847084,0.67828333,0
1.9340053,1.2375934,-0.41847491,0.60774517,-0.35175717,-0.71197808,0
-1.3597822,-0.80974472,0.60630512,-0.60774517,0.35175717,0.71197808,0
2.1974919,1.2926807,0.33192885,0.64332974,0.74371219,0.18171126,0
0.5927515,2.533349,0.27393889,-0.46558851,0.56847084,-0.67828333,0
1.5507804,2.17345,-0.28548646,0.64332974,0.74371219,0.18171126,0
-1.6441073,0.26573783,-0.25485092,-0.46558851,0.56847084,-0.67828333,0
1.2769818,2.2695529,-0.35390711,0.64332974,0.74371219,0.18171126,0
2.3135016,1.4974809,-0.25856113,0.64332974,0.74371219,0.18171126,0
0.71455675,1.9876475,1.157095,-0.60774517,0.35175717,0.71197808,0
0.99295247,2.4473815,0.52863169,0.64332974,0.74371219,0.18171126,0
1.6362484,1.9523871,-0.46887648,0.64332974,0.74371219,0.18171126,0
0.99133492,2.4613371,0.60756397,0.64332974,0.74371219,0.18171126,0
-1.0727812,-0.005805254,0.57008755,-0.60774517,0.35175717,0.71197808,0
1.2992927,1.159701,-0.77373683,0.60774517,-0.35175717,-0.71197808,0
0.90069968,2.2137876,1.0557384,0.64332974,0.74371219,0.18171126,0
-2.3034782,-1.1759973,-0.71383405,-0.64332974,-0.74371219,-0.18171126,0
0.95128751,0.71104097,1.4967093,0.46558851,-0.56847084,0.67828333,0
-1.4366641,-1.89545,-0.55457401,-0.64332974,-0.74371219,-0.18171126,0
-0.50787067,-2.6547256,-0.53482747,0.60774517,-0.35175717,-0.71197808,0
-0.62402952,1.1920327,0.39964372,-0.60774517,0.35175717,0.71197808,0
2.3256862,1.1977849,0.13637769,0.64332974,0.74371219,0.18171126,0
-0.020738006,-1.9941576,-0.47549486,0.60774517,-0.35175717,-0.71197808,0
-0.82819402,0.57385319,-0.38634816,-0.46558851,0.56847084,-0.67828333,0
-0.94904208,-2.4232299,-0.64339304,-0.64332974,-0.74371219,-0.18171126,0
2.0733521,1.333716,1.102021,0.64332974,0.74371219,0.18171126,0
-0.0035608038,-0.46055996,-1.2393839,0.60774517,-0.35175717,-0.71197808,0
-0.18285084,0.37749189,-1.06345,-0.46558851,0.56847084,-0.67828333,0
0.5572989,-0.64058387,-0.5382663,0.60774517,-0.35175717,-0.71197808,0
0.8879267,-0.36611277,-0.37673694,0.60774517,-0.35175717,-0.71197808,0
0.87766588,-0.73509824,-0.19344309,0.60774517,-0.35175717,-0.71197808,0
-1.3850381,-1.8785551,-1.1386038,-0.64332974,-0.74371219,-0.18171126,0
0.098989964,-1.3836591,-0.53387213,0.60774517,-0.35175717,-0.71197808,0
0.17911339,-0.55650496,0.74981022,0.46558851,-0.56847084,0.67828333,0
-1.5766451,-1.9913497,0.054111719,-0.64332974,-0.74371219,-0.18171126,0
-1.3759495,-2.1878529,0.16645026,-0.64332974,-0.74371219,-0.18171126,0
-1.462466,-1.7227025,-1.5869896,-0.64332974,-0.74371219,-0.18171126,0
-2.1279149,-1.5004588,-0.27820897,-0.64332974,-0.74371219,-0.18171126,0
1.1757653,0.44190168,1.1460536,0.46558851,-0.56847084,0.67828333,0
-0.25674218,1.1889333,-0.16797733,-0.46558851,0.56847084,-0.67828333,0
1.1483552,0.042493463,-0.55540669,0.60774517,-0.35175717,-0.71197808,0
2.0444691,0.53453052,0.51640624,0.46558851,-0.56847084,0.67828333,0
-0.031665631,0.29470432,1.2529335,-0.60774517,0.35175717,0.71197808,0
1.6847186,0.18110013,-0.11242571,0.60774517,-0.35175717,-0.71197808,0
-0.10665745,-0.72338146,1.0059309,0.46558851,-0.56847084,0.67828333,0
0.12138772,0.77769393,-1.0257207,-0.46558851,0.56847084,-0.67828333,0
-1.292178,-0.035785317,0.24636231,-0.60774517,0.35175717,0.71197808,0
1.7119852,0.39425135,-0.22956419,0.60774517,-0.35175717,-0.71197808,0
-2.2449641,-1.0893874,0.035043836,-0.60774517,0.35175717,0.71197808,0
-0.99985027,-2.2618489,-1.0788615,0.60774517,-0.35175717,-0.71197808,0
2.2984636,1.0580535,0.63599002,0.46558851,-0.56847084,0.67828333,0
2.2314749,0.93812317,0.81954932,0.46558851,-0.56847084,0.67828333,0
-1.0105493,0.011631012,0.65351045,-0.60774517,0.35175717,0.71197808,0
1.3231386,2.3822927,-0.15049028,0.64332974,0.74371219,0.18171126,0
0.79082215,-0.46668515,0.53971684,0.46558851,-0.56847084,0.67828333,0
1.613578,1.8761369,0.27422833,0.64332974,0.74371219,0.18171126,0
-0.15144765,-2.1265359,-0.5424304,0.60774517,-0.35175717,-0.71197808,0
1.057898,2.1521664,0.85115981,0.64332974,0.74371219,0.18171126,0
-0.32626462,-1.6829915,0.19181573,0.46558851,-0.56847084,0.67828333,0
1.5792533,-0.099457085,0.36349577,0.46558851,-0.56847084,0.67828333,0
-2.4403253,-1.1058943,-0.55187595,-0.64332974,-0.74371219,-0.18171126,0
-1.1476331,0.44256085,0.21055244,-0.60774517,0.35175717,0.71197808,0
-0.14983279,0.84670413,-0.70629019,-0.46558851,0.56847084,-0.67828333,0
1.3533767,1.9330435,1.0993097,0.64332974,0.74371219,0.18171126,0
1.9725306,1.4540451,1.1519423,0.64332974,0.74371219,0.18171126,0
-1.4832863,-1.6629887,-1.4891241,-0.64332974,-0.74371219,-0.18171126,0
1.8262647,0.61171842,0.66579491,0.46558851,-0.56847084,0.67828333,0
0.86031789,1.8710983,-0.64354014,-0.46558851,0.56847084,-0.67828333,0
0.12036055,-0.93694055,0.6550197,0.46558851,-0.56847084,0.67828333,0
-2.1601605,-0.43506432,-0.22503054,-0.60774517,0.35175717,0.71197808,0
2.0016775,0.77540398,0.6980722,0.46558851,-0.56847084,0.67828333,0
1.0136266,1.6505383,-0.67716706,-0.46558851,0.56847084,-0.67828333,0
-1.2027912,-1.9963965,-0.99403512,-0.64332974,-0.74371219,-0.18171126,0
-0.77736604,-0.95784557,1.1397794,0.46558851,-0.56847084,0.67828333,0
-0.026896566,0.15813184,1.3022343,-0.60774517,0.35175717,0.71197808,0
2.3070493,1.2628415,0.67811418,0.64332974,0.74371219,0.18171126,0
-1.8324436,-1.5541887,-0.79189563,-0.64332974,-0.74371219,-0.18171126,0
-1.9415462,-0.77691495,-0.83298105,-0.46558851,0.56847084,-0.67828333,0
1.5112911,1.9972167,-0.0098829269,0.64332974,0.74371219,0.18171126,0
-0.87182486,-1.098676,-1.6495695,0.60774517,-0.35175717,-0.71197808,0
0.21844074,0.15956354,1.4430392,0.46558851,-0.56847084,0.67828333,0
-1.6737494,-1.4475152,0.81072581,-0.60774517,0.35175717,0.71197808,0
-0.043026209,0.7716006,-0.82053769,-0.46558851,0.56847084,-0.67828333,0
