0.6411432,-1.2111725,0.25732657,-0.32678103,-0.83632302,0.44020218,0
-1.9626725,-0.36334682,-0.12284493,-0.71025616,-0.089963078,-0.69817102,0
0.88915098,0.32694554,-1.0712121,0.32678103,0.83632302,-0.44020218,0
-1.1467546,-0.88445437,-0.89551038,-0.71025616,-0.089963078,-0.69817102,0
-0.35009015,-0.98424155,0.27226076,-0.32678103,-0.83632302,0.44020218,0
-0.68395698,1.3116696,-0.28410003,0.32678103,0.83632302,-0.44020218,0
-0.32082856,-1.545046,-0.72696567,-0.32678103,-0.83632302,0.44020218,0
-1.2225378,-1.1762058,-0.84292561,-0.71025616,-0.089963078,-0.69817102,0
-1.2558782,1.2079799,-0.86627924,-0.62349844,0.54080546,0.56460541,0
0.19307894,-0.77163327,-0.79074663,0.62349844,-0.54080546,-0.56460541,0
0.03080225,-0.43632999,1.2729198,-0.32678103,-0.83632302,0.44020218,0
1.4072814,-0.63176298,0.38801125,0.62349844,-0.54080546,-0.56460541,0
0.35637414,-1.2386174,0.38432115,-0.32678103,-0.83632302,0.44020218,0
-0.44084659,-0.58905792,-1.5720801,-0.71025616,-0.089963078,-0.69817102,0
0.61574638,-0.17577682,1.6123362,0.71025616,0.089963078,0.69817102,0
1.8561,0.51524711,0.17046463,0.32678103,0.83632302,-0.44020218,0
0.48268163,-0.39172494,-1.0079893,0.62349844,-0.54080546,-0.56460541,0
1.4078476,0.52875769,0.595213,0.71025616,0.089963078,0.69817102,0
1.6689227,0.24749875,0.50548059,0.71025616,0.089963078,0.69817102,0
-0.087266684,0.9756642,0.7489171,-0.62349844,0.54080546,0.56460541,0
0.066095829,0.87718594,1.1500924,-0.62349844,0.54080546,0.56460541,0
-1.5314837,0.22188783,-0.0092637539,-0.62349844,0.54080546,0.56460541,0
-1.0168396,0.74368548,-0.23884642,-0.62349844,0.54080546,0.56460541,0
0.67699337,-0.76873153,-0.17146094,0.62349844,-0.54080546,-0.56460541,0
0.86046636,0.5671941,1.254806,0.71025616,0.089963078,0.69817102,0
-0.90078735,1.0810182,-1.0739869,0.32678103,0.83632302,-0.44020218,0
1.5106322,-0.1843822,0.49269527,0.71025616,0.089963078,0.69817102,0
-0.17629731,-1.4588886,-0.69147843,0.62349844,-0.54080546,-0.56460541,0
-0.0975236,-0.22857118,1.6665618,-0.32678103,-0.83632302,0.44020218,0
-0.92946452,0.087563872,0.75467849,-0.62349844,0.54080546,0.56460541,0
-0.35737541,0.54932147,0.80748612,-0.62349844,0.54080546,0.56460541,0
1.2204753,0.015736878,0.88663965,0.71025616,0.089963078,0.69817102,0
0.37700319,0.61840189,-0.80371904,0.32678103,0.83632302,-0.44020218,0
-0.46876955,-1.2195694,-0.31196815,-0.32678103,-0.83632302,0.44020218,0
-0.13636908,-0.35045254,-1.6838397,0.62349844,-0.54080546,-0.56460541,0
1.192577,-0.85677159,1.0362859,0.71025616,0.089963078,0.69817102,0
1.7082919,-0.42621648,0.48167688,0.71025616,0.089963078,0.69817102,0
1.0324678,1.0185548,0.92970991,0.71025616,0.089963078,0.69817102,0
-1.312452,0.68380475,-0.18133837,-0.62349844,0.54080546,0.56460541,0
-1.2358203,-0.7742942,-0.82537323,-0.71025616,-0.089963078,-0.69817102,0
-1.3953747,-0.26019049,-0.71184713,-0.71025616,-0.089963078,-0.69817102,0
0.59547192,1.0658175,1.4775405,-0.62349844,0.54080546,0.56460541,0
1.4822717,0.68612522,0.027570248,0.32678103,0.83632302,-0.44020218,0
-0.020119935,0.1003201,1.7330523,-0.62349844,0.54080546,0.56460541,0
1.5432578,0.24906397,-0.43296629,0.62349844,-0.54080546,-0.56460541,0
-1.1185982,-0.36611581,0.69331694,-0.32678103,-0.83632302,0.44020218,0
-0.34239203,0.54761869,0.72880918,-0.62349844,0.54080546,0.56460541,0
-0.66035658,-0.043613791,1.2042009,-0.62349844,0.54080546,0.56460541,0
-1.8014648,-0.26821423,-0.32057226,-0.71025616,-0.089963078,-0.69817102,0
-1.3953254,-0.39484251,-0.74959028,-0.71025616,-0.089963078,-0.69817102,0
-1.155007,0.36317444,0.0060958266,-0.62349844,0.54080546,0.56460541,0
1.1888721,-0.48903066,1.0309947,0.71025616,0.089963078,0.69817102,0
-0.79828537,0.45154792,-1.3512988,-0.71025616,-0.089963078,-0.69817102,0
0.39648753,0.61408037,-0.81681085,0.32678103,0.83632302,-0.44020218,0
0.13039231,0.86213732,0.94345552,-0.62349844,0.54080546,0.56460541,0
1.5939087,0.22246671,0.5378679,0.71025616,0.089963078,0.69817102,0
0.70434177,0.23681307,-1.2061149,0.32678103,0.83632302,-0.44020218,0
-1.2131145,1.1458535,-0.55480158,-0.62349844,0.54080546,0.56460541,0
-0.87840486,0.36622095,0.60274386,-0.62349844,0.54080546,0.56460541,0
0.48843944,0.33741379,-1.147355,0.32678103,0.83632302,-0.44020218,0
0.97053826,-0.16879025,1.1810465,0.71025616,0.089963078,0.69817102,0
-0.62792379,-0.72794473,0.52701813,-0.32678103,-0.83632302,0.44020218,0
-1.3070042,-0.8408224,-0.18479192,-0.32678103,-0.83632302,0.44020218,0
0.24531704,0.49043125,1.5565404,-0.62349844,0.54080546,0.56460541,0
-0.67117941,-0.5535872,-1.5229046,-0.71025616,-0.089963078,-0.69817102,0
0.48935294,1.1264772,0.10278803,0.32678103,0.83632302,-0.44020218,0
-1.0075353,0.20905378,-1.1260551,-0.71025616,-0.089963078,-0.69817102,0
-0.65212417,-1.0429902,-1.440603,-0.71025616,-0.089963078,-0.69817102,0
0.34955847,1.4770477,0.84665114,0.32678103,0.83632302,-0.44020218,0
-0.33942583,0.17388397,-1.9192004,-0.71025616,-0.089963078,-0.69817102,0
0.7169829,0.0709728,-1.0031694,0.62349844,-0.54080546,-0.56460541,0
-0.41530138,0.21444264,-1.6422435,-0.71025616,-0.089963078,-0.69817102,0
0.87261558,-0.59796298,-0.38559422,0.62349844,-0.54080546,-0.56460541,0
-1.5889254,0.24389112,-0.13003302,-0.62349844,0.54080546,0.56460541,0
-0.21443009,-1.1990256,-0.79735065,0.62349844,-0.54080546,-0.56460541,0
1.1816646,-0.75930947,0.96339524,0.71025616,0.089963078,0.69817102,0
0.84894228,0.5084492,1.2418909,0.71025616,0.089963078,0.69817102,0
-0.42134565,0.70152056,-1.459244,0.32678103,0.83632302,-0.44020218,0
0.84621668,0.87120831,-0.091245055,0.32678103,0.83632302,-0.44020218,0
0.94443756,-0.98847097,0.22860965,0.62349844,-0.54080546,-0.56460541,0
1.0469328,1.1873029,0.61062467,0.32678103,0.83632302,-0.44020218,0
-0.53180009,-0.74600929,0.54567927,-0.32678103,-0.83632302,0.44020218,0
0.96971774,0.69238764,1.0346603,0.71025616,0.089963078,0.69817102,0
1.4354427,1.0285461,0.56424749,0.32678103,0.83632302,-0.44020218,0
1.6006377,0.27429044,0.41244352,0.71025616,0.089963078,0.69817102,0
0.9071154,0.013187408,-0.71870476,0.62349844,-0.54080546,-0.56460541,0
0.62614447,0.65083843,-0.63123775,0.32678103,0.83632302,-0.44020218,0
0.17283797,-0.90708053,0.63436484,-0.32678103,-0.83632302,0.44020218,0
-0.38569951,-0.84699911,0.48699534,-0.32678103,-0.83632302,0.44020218,0
0.4240593,-0.69042361,-0.60155427,0.62349844,-0.54080546,-0.56460541,0
-0.6214807,0.95526439,0.29723519,-0.62349844,0.54080546,0.56460541,0
-0.74171001,0.76872069,-1.3899211,-0.71025616,-0.089963078,-0.69817102,0
1.1959387,0.17371291,0.92990178,0.71025616,0.089963078,0.69817102,0
-1.7539649,0.092130542,-0.3481093,-0.71025616,-0.089963078,-0.69817102,0
-1.4352241,-0.50740421,0.18990427,-0.32678103,-0.83632302,0.44020218,0
1.0486358,1.1271428,0.46622765,0.32678103,0.83632302,-0.44020218,0
-0.18642229,-0.083029807,-1.7965837,0.62349844,-0.54080546,-0.56460541,0
0.81073552,-0.93488848,1.1891129,-0.32678103,-0.83632302,0.44020218,0
0.33472633,-1.213352,-0.26550654,0.62349844,-0.54080546,-0.56460541,0
-0.37929007,-0.63387221,-1.6510556,-0.71025616,-0.089963078,-0.69817102,0
1.664225,-0.48920584,0.56556487,0.71025616,0.089963078,0.69817102,0
-0.65629613,-0.58379638,-1.52946,-0.71025616,-0.089963078,-0.69817102,0
1.6478424,0.6451031,0.3819567,0.71025616,0.089963078,0.69817102,0
0.092126846,-1.2990353,-0.27188581,-0.32678103,-0.83632302,0.44020218,0
-0.92277247,0.51094294,-1.3167026,-0.71025616,-0.089963078,-0.69817102,0
-0.84749246,-1.3459182,-1.0939666,-0.71025616,-0.089963078,-0.69817102,0
-1.7612729,-0.32684529,0.12255138,-0.62349844,0.54080546,0.56460541,0
0.18991885,0.50391144,1.5073044,-0.62349844,0.54080546,0.56460541,0
-0.49544322,-0.51283634,1.0476689,-0.32678103,-0.83632302,0.44020218,0
-1.3475665,-0.81369692,-0.4155218,-0.32678103,-0.83632302,0.44020218,0
0.55827326,0.12487137,-1.3336148,0.62349844,-0.54080546,-0.56460541,0
1.3804865,0.55360866,-0.37745678,0.32678103,0.83632302,-0.44020218,0
1.5995768,0.15408421,0.4554491,0.71025616,0.089963078,0.69817102,0
1.1710578,0.19084084,1.0537667,0.71025616,0.089963078,0.69817102,0
0.6321317,0.38900149,-1.2718029,0.32678103,0.83632302,-0.44020218,0
0.65594238,-0.97654217,0.99636763,-0.32678103,-0.83632302,0.44020218,0
1.1983209,0.7462095,0.83485389,0.71025616,0.089963078,0.69817102,0
1.285445,-0.089743018,-0.16022456,0.62349844,-0.54080546,-0.56460541,0
0.27783167,-0.93317908,-0.6808629,0.62349844,-0.54080546,-0.56460541,0
-1.0308697,-0.77680868,-0.91702706,-0.71025616,-0.089963078,-0.69817102,0
0.91950333,-0.071355343,-0.83872342,0.62349844,-0.54080546,-0.56460541,0
1.0320415,1.0637424,0.3816672,0.32678103,0.83632302,-0.44020218,0
1.2740643,0.60249114,0.82827336,0.71025616,0.089963078,0.69817102,0
-0.64921796,-0.85013092,0.26141521,-0.32678103,-0.83632302,0.44020218,0
-0.73368943,-1.5388385,-1.1119995,-0.71025616,-0.089963078,-0.69817102,0
-0.73108816,-1.3279295,-0.91470271,-0.32678103,-0.83632302,0.44020218,0
-1.2738436,-0.17620909,0.67311037,-0.62349844,0.54080546,0.56460541,0
-1.2899948,-0.013716221,0.44219121,-0.62349844,0.54080546,0.56460541,0
0.17195368,-0.72007531,-0.81316948,0.62349844,-0.54080546,-0.56460541,0
-0.45314658,0.5639286,-1.4133692,0.32678103,0.83632302,-0.44020218,0
-0.82766193,0.18313895,-1.2723095,-0.71025616,-0.089963078,-0.69817102,0
0.4039042,0.90402228,-0.03388834,0.32678103,0.83632302,-0.44020218,0
-0.77277315,0.33651897,-1.3227005,-0.71025616,-0.089963078,-0.69817102,0
0.1382072,-1.1653496,-0.47255984,0.62349844,-0.54080546,-0.56460541,0
0.39189613,-0.17690504,-1.3329728,0.62349844,-0.54080546,-0.56460541,0
-0.40445715,-0.78795111,-1.3531457,0.62349844,-0.54080546,-0.56460541,0
-0.64949656,-1.1368726,-1.4261558,-0.71025616,-0.089963078,-0.69817102,0
-1.1001093,0.049035668,0.65037382,-0.62349844,0.54080546,0.56460541,0
1.7466496,-0.18914628,0.19598323,0.62349844,-0.54080546,-0.56460541,0
-0.54731059,0.43838775,0.80755925,-0.62349844,0.54080546,0.56460541,0
0.40867662,0.23764634,1.6382564,0.71025616,0.089963078,0.69817102,0
0.70729482,0.93043756,1.4097242,0.71025616,0.089963078,0.69817102,0
0.65613574,0.90831035,-0.031438529,0.32678103,0.83632302,-0.44020218,0
0.067779526,-0.087485075,-1.7057333,0.62349844,-0.54080546,-0.56460541,0
-0.62281382,0.53732073,-1.4707353,-0.71025616,-0.089963078,-0.69817102,0
0.52110791,-1.1540196,-0.026487336,0.62349844,-0.54080546,-0.56460541,0
0.070231676,1.1056733,-0.097707003,0.32678103,0.83632302,-0.44020218,0
-1.0248109,0.21655649,-1.1899588,-0.71025616,-0.089963078,-0.69817102,0
-0.44418097,-0.99071842,0.24137875,-0.32678103,-0.83632302,0.44020218,0
-0.8905769,0.90727818,-0.19004628,-0.62349844,0.54080546,0.56460541,0
0.97563934,-0.88233727,1.1484209,0.71025616,0.089963078,0.69817102,0
-0.56862152,-0.96190786,0.10292089,-0.32678103,-0.83632302,0.44020218,0
1.3802389,0.98179281,0.42770541,0.32678103,0.83632302,-0.44020218,0
-0.70989275,0.64998662,0.43307167,-0.62349844,0.54080546,0.56460541,0
0.46955895,1.1825137,1.1044978,-0.62349844,0.54080546,0.56460541,0
-0.64072037,-0.36857736,1.257601,-0.62349844,0.54080546,0.56460541,0
0.52520263,0.023947597,-1.3239973,0.62349844,-0.54080546,-0.56460541,0
1.341596,0.93961132,0.65008169,0.32678103,0.83632302,-0.44020218,0
1.4089602,-1.1117057,0.75526875,0.62349844,-0.54080546,-0.56460541,0
-0.092315316,-1.1461813,0.096211255,-0.32678103,-0.83632302,0.44020218,0
-1.4601318,0.73588008,-0.8765108,-0.71025616,-0.089963078,-0.69817102,0
0.97456133,1.3479013,0.84827363,0.71025616,0.089963078,0.69817102,0
-0.82297313,-0.45292723,0.78444904,-0.32678103,-0.83632302,0.44020218,0
0.43494266,0.45168382,1.7235357,-0.62349844,0.54080546,0.56460541,0
1.0810813,-0.0076725483,1.0894208,0.71025616,0.089963078,0.69817102,0
-0.59829628,-0.48953956,-1.3640995,-0.71025616,-0.089963078,-0.69817102,0
1.6947746,0.22776341,0.31537133,0.71025616,0.089963078,0.69817102,0
0.31235355,0.56219792,-0.77380753,0.32678103,0.83632302,-0.44020218,0
-0.93066162,0.98834974,-0.86003065,0.32678103,0.83632302,-0.44020218,0
0.20197773,0.75879091,-0.7602824,0.32678103,0.83632302,-0.44020218,0
0.67303014,0.72271496,1.4078683,0.71025616,0.089963078,0.69817102,0
1.2614951,-0.46108425,0.79870224,0.71025616,0.089963078,0.69817102,0
1.2489169,-0.3918246,0.010027647,0.62349844,-0.54080546,-0.56460541,0
0.61537468,0.63587642,1.4060135,0.71025616,0.089963078,0.69817102,0
1.7686568,0.04458952,0.13963693,0.62349844,-0.54080546,-0.56460541,0
-0.83043385,-0.3334156,-1.3455718,-0.71025616,-0.089963078,-0.69817102,0
1.0680664,-1.1511152,0.71492845,-0.32678103,-0.83632302,0.44020218,0
1.0726534,0.42287385,1.0966965,0.71025616,0.089963078,0.69817102,0
-0.44753647,1.1049852,-0.72570193,0.32678103,0.83632302,-0.44020218,0
0.055124342,0.5769459,1.2717748,-0.62349844,0.54080546,0.56460541,0
0.2578932,1.300985,0.7205261,-0.62349844,0.54080546,0.56460541,0
0.78476346,1.4775856,1.126363,0.32678103,0.83632302,-0.44020218,0
1.4159012,-0.32067645,0.14824933,0.62349844,-0.54080546,-0.56460541,0
-0.16182524,0.97024298,0.7488988,-0.62349844,0.54080546,0.56460541,0
0.50887269,0.32550326,1.6400247,0.71025616,0.089963078,0.69817102,0
-0.93633211,-0.76329708,-1.0954664,-0.71025616,-0.089963078,-0.69817102,0
-0.69667202,-0.0139364,1.0635676,-0.62349844,0.54080546,0.56460541,0
-0.29277861,-1.2182435,-0.9740783,0.62349844,-0.54080546,-0.56460541,0
-0.6662125,0.009357214,-1.6064304,-0.71025616,-0.089963078,-0.69817102,0
0.37246656,-1.1079878,0.59575385,-0.32678103,-0.83632302,0.44020218,0
0.056381702,-1.2879828,-0.23800871,-0.32678103,-0.83632302,0.44020218,0
-0.90701032,-0.37730682,0.80966759,-0.32678103,-0.83632302,0.44020218,0
0.22997153,-1.0917599,0.26423055,-0.32678103,-0.83632302,0.44020218,0
1.3217452,0.71690083,0.77818483,0.71025616,0.089963078,0.69817102,0
-1.2366339,-0.78953618,-0.73131031,-0.71025616,-0.089963078,-0.69817102,0
0.24977243,1.1618202,0.067806542,0.32678103,0.83632302,-0.44020218,0
-1.2446162,0.5569855,-0.85379398,-0.71025616,-0.089963078,-0.69817102,0
-1.1759088,-0.66494721,-0.90707231,-0.71025616,-0.089963078,-0.69817102,0
0.44723272,-1.0523038,-0.22693211,0.62349844,-0.54080546,-0.56460541,0
0.44471717,-1.3610638,0.16684222,-0.32678103,-0.83632302,0.44020218,0
-0.49275601,-0.49290341,0.81851602,-0.32678103,-0.83632302,0.44020218,0
-0.56483746,-0.92561996,0.080925584,-0.32678103,-0.83632302,0.44020218,0
-0.62117177,-0.016950399,-1.4375902,-0.71025616,-0.089963078,-0.69817102,0
-0.1507777,1.1017118,0.46987331,-0.62349844,0.54080546,0.56460541,0
-0.19111577,0.16502464,-2.0594835,-0.71025616,-0.089963078,-0.69817102,0
-0.5860514,-0.69770265,0.31498799,-0.32678103,-0.83632302,0.44020218,0
1.1205704,0.50314486,-0.45824733,0.32678103,0.83632302,-0.44020218,0
1.4548724,-0.57823443,0.60172224,0.71025616,0.089963078,0.69817102,0
-1.5730467,-0.25500965,0.20858353,-0.62349844,0.54080546,0.56460541,0
0.22747356,-0.41810411,1.6813815,-0.32678103,-0.83632302,0.44020218,0
-0.42714441,-1.2852958,-0.61159515,-0.32678103,-0.83632302,0.44020218,0
-0.0054353476,1.1961254,0.57062483,-0.62349844,0.54080546,0.56460541,0
0.19005048,1.1546799,0.092039824,0.32678103,0.83632302,-0.44020218,0
-0.96387112,-1.1269553,-0.48738211,-0.32678103,-0.83632302,0.44020218,0
-1.9794413,-0.42580712,-0.11217785,-0.71025616,-0.089963078,-0.69817102,0
0.7969653,0.68347144,1.1485097,0.71025616,0.089963078,0.69817102,0
-1.5713694,-0.5248962,-0.37740397,-0.71025616,-0.089963078,-0.69817102,0
-0.68588406,0.85097587,-1.1702616,0.32678103,0.83632302,-0.44020218,0
-0.70845044,-0.99413466,-0.00481987,-0.32678103,-0.83632302,0.44020218,0
0.88734937,-0.61216998,1.2282598,0.71025616,0.089963078,0.69817102,0
0.42834091,0.74663973,-0.64886719,0.32678103,0.83632302,-0.44020218,0
0.3343628,0.82644176,1.420065,-0.62349844,0.54080546,0.56460541,0
-0.85055131,1.0720096,-0.83329976,0.32678103,0.83632302,-0.44020218,0
-0.79254699,-0.10638295,-1.4672047,-0.71025616,-0.089963078,-0.69817102,0
0.751297,-1.047106,0.9494679,-0.32678103,-0.83632302,0.44020218,0
1.022488,1.0356017,0.41218418,0.32678103,0.83632302,-0.44020218,0
1.3414052,0.95341611,0.72850031,0.71025616,0.089963078,0.69817102,0
0.8207128,1.314501,0.73251337,0.32678103,0.83632302,-0.44020218,0
1.6999023,0.51222324,-0.18902731,0.32678103,0.83632302,-0.44020218,0
1.3742476,-0.25971293,0.7004047,0.71025616,0.089963078,0.69817102,0
-0.74032837,0.22652775,-1.4898964,-0.71025616,-0.089963078,-0.69817102,0
-1.1087606,0.67428064,-1.2496647,-0.71025616,-0.089963078,-0.69817102,0
0.7026394,0.29604757,1.51442,0.71025616,0.089963078,0.69817102,0
1.4715264,-0.19155908,0.042436779,0.62349844,-0.54080546,-0.56460541,0
0.091581404,0.31409091,1.4897773,-0.62349844,0.54080546,0.56460541,0
1.2075772,0.97827804,0.67338884,0.71025616,0.089963078,0.69817102,0
-0.97410965,-0.82232928,-0.20609117,-0.32678103,-0.83632302,0.44020218,0
0.75804377,0.14886892,1.2668195,0.71025616,0.089963078,0.69817102,0
-1.1576477,-0.59082806,-0.75485086,-0.71025616,-0.089963078,-0.69817102,0
-0.88057917,-0.10471887,-1.2722321,-0.71025616,-0.089963078,-0.69817102,0
0.16558826,-1.3772564,-0.24560064,0.62349844,-0.54080546,-0.56460541,0
-0.7443645,1.1722326,-0.74569386,0.32678103,0.83632302,-0.44020218,0
0.64936209,0.99114412,1.4878917,0.71025616,0.089963078,0.69817102,0
0.5555259,-1.1397493,0.67003584,-0.32678103,-0.83632302,0.44020218,0
-0.42647043,0.16993418,-1.6273441,-0.71025616,-0.089963078,-0.69817102,0
1.2676014,-0.80979443,0.89700603,0.71025616,0.089963078,0.69817102,0
0.46832949,-0.95378196,-0.48953688,0.62349844,-0.54080546,-0.56460541,0
-0.85358047,-1.3074179,-0.81916738,-0.32678103,-0.83632302,0.44020218,0
1.0420725,0.71231902,0.91372812,0.71025616,0.089963078,0.69817102,0
0.068881392,-1.2362996,-0.47035119,0.62349844,-0.54080546,-0.56460541,0
-0.25662553,1.0464729,0.47362238,-0.62349844,0.54080546,0.56460541,0
-1.5540665,0.33406878,-0.32634193,-0.62349844,0.54080546,0.56460541,0
1.6706082,0.22334015,0.48344737,0.71025616,0.089963078,0.69817102,0
1.709775,-0.10888577,0.20074469,0.62349844,-0.54080546,-0.56460541,0
1.8548406,0.14281094,0.10435867,0.62349844,-0.54080546,-0.56460541,0
0.47576439,-1.1536336,0.024174646,0.62349844,-0.54080546,-0.56460541,0
0.95786673,-0.29987073,-0.35295203,0.62349844,-0.54080546,-0.56460541,0
0.83719122,0.39124811,-0.74449235,0.32678103,0.83632302,-0.44020218,0
0.23394728,-1.1171265,0.34817302,-0.32678103,-0.83632302,0.44020218,0
0.49066916,-0.41129792,-0.88822085,0.62349844,-0.54080546,-0.56460541,0
0.082286,0.40761083,1.5611372,-0.62349844,0.54080546,0.56460541,0
0.47803235,-0.013722539,-1.1361225,0.62349844,-0.54080546,-0.56460541,0
-0.8891409,0.29865524,-1.1407108,-0.71025616,-0.089963078,-0.69817102,0
1.1587188,0.73010975,-0.16820204,0.32678103,0.83632302,-0.44020218,0
0.92451853,-0.74284261,1.2425712,0.71025616,0.089963078,0.69817102,0
1.4733007,-0.33895576,0.34386152,0.62349844,-0.54080546,-0.56460541,0
0.14910591,-0.99632317,-0.51252908,0.62349844,-0.54080546,-0.56460541,0
1.4024806,0.61141616,0.13138354,0.32678103,0.83632302,-0.44020218,0
1.1693021,-0.64602816,0.049455047,0.62349844,-0.54080546,-0.56460541,0
1.9645218,0.17733002,0.10459149,0.62349844,-0.54080546,-0.56460541,0
1.4616501,-0.51605666,0.47327328,0.62349844,-0.54080546,-0.56460541,0
1.1687846,-0.5778079,0.11007783,0.62349844,-0.54080546,-0.56460541,0
-0.4935897,-0.079641938,1.2036808,-0.62349844,0.54080546,0.56460541,0
-0.053145647,-1.0010792,-0.84387136,0.62349844,-0.54080546,-0.56460541,0
-1.3879879,0.38944292,-0.65796351,-0.71025616,-0.089963078,-0.69817102,0
-0.81609702,-0.061978579,0.86196107,-0.62349844,0.54080546,0.56460541,0
-1.5823938,-0.033677101,-0.50706035,-0.71025616,-0.089963078,-0.69817102,0
0.63617027,0.15060198,-1.0376996,0.62349844,-0.54080546,-0.56460541,0
1.8451539,0.39797854,-0.14257658,0.32678103,0.83632302,-0.44020218,0
0.98585635,0.76879537,-0.03915,0.32678103,0.83632302,-0.44020218,0
0.90964478,-0.38036513,1.2064271,0.71025616,0.089963078,0.69817102,0
1.5849102,-0.43969989,0.46726322,0.71025616,0.089963078,0.69817102,0
-0.44339293,0.64041185,-1.2126877,0.32678103,0.83632302,-0.44020218,0
-1.3383199,0.35742861,-0.71897656,-0.71025616,-0.089963078,-0.69817102,0
-0.31937462,-0.6593467,0.59868896,-0.32678103,-0.83632302,0.44020218,0
1.1549459,0.8435657,0.13927746,0.32678103,0.83632302,-0.44020218,0
-0.20392132,1.0859389,-0.29886582,0.32678103,0.83632302,-0.44020218,0
1.1643603,-0.12241435,1.0611115,0.71025616,0.089963078,0.69817102,0
0.046953022,-0.60436797,-1.1545885,0.62349844,-0.54080546,-0.56460541,0
1.1464123,0.49155903,-0.45782053,0.32678103,0.83632302,-0.44020218,0
0.2995553,0.50818264,-1.1550684,0.32678103,0.83632302,-0.44020218,0
-0.61402595,-1.3654324,-0.66868919,-0.32678103,-0.83632302,0.44020218,0
0.60796857,1.3218482,0.63829505,0.32678103,0.83632302,-0.44020218,0
1.6872585,0.58151567,0.31380618,0.71025616,0.089963078,0.69817102,0
-0.47471142,1.0202463,-0.78219479,0.32678103,0.83632302,-0.44020218,0
-1.4585519,0.64895701,-0.53670317,-0.62349844,0.54080546,0.56460541,0
0.99013662,1.348783,1.006281,0.71025616,0.089963078,0.69817102,0
1.5658023,-0.3157866,0.70535553,0.71025616,0.089963078,0.69817102,0
1.8300428,0.33427978,0.14410365,0.71025616,0.089963078,0.69817102,0
0.66757679,0.13324606,-1.1280217,0.62349844,-0.54080546,-0.56460541,0
1.270483,0.14904559,0.7874679,0.71025616,0.089963078,0.69817102,0
-1.6362617,-0.64934802,-0.51847124,-0.71025616,-0.089963078,-0.69817102,0
0.61355299,-1.1514475,0.043894395,0.62349844,-0.54080546,-0.56460541,0
-0.46861011,-0.45177847,0.93096507,-0.32678103,-0.83632302,0.44020218,0
-0.039615631,-1.0667416,-0.93913209,0.62349844,-0.54080546,-0.56460541,0
-1.4785855,0.54228973,-0.64883471,-0.71025616,-0.089963078,-0.69817102,0
0.82355601,0.73784935,-0.35095307,0.32678103,0.83632302,-0.44020218,0
0.17418981,1.3337708,0.68671727,-0.62349844,0.54080546,0.56460541,0
-1.0837356,0.063380361,0.34867844,-0.62349844,0.54080546,0.56460541,0
0.17779654,-0.50145179,1.4505032,-0.32678103,-0.83632302,0.44020218,0
-1.0621245,1.1234119,-0.56425321,-0.62349844,0.54080546,0.56460541,0
0.67982066,-0.7975564,-0.079421625,0.62349844,-0.54080546,-0.56460541,0
0.96801645,0.60521305,1.1760526,0.71025616,0.089963078,0.69817102,0
0.45499861,-1.2065719,0.036721542,0.62349844,-0.54080546,-0.56460541,0
-0.40938213,-0.32185519,-1.5587748,-0.71025616,-0.089963078,-0.69817102,0
-1.911194,-0.43245113,-0.057908893,-0.71025616,-0.089963078,-0.69817102,0
1.415941,0.91152585,0.59627223,0.71025616,0.089963078,0.69817102,0
0.99300349,-1.1902416,0.81812966,-0.32678103,-0.83632302,0.44020218,0
0.030362636,-0.30046237,-1.2858627,0.62349844,-0.54080546,-0.56460541,0
-1.1116219,-0.80485803,-0.91963989,-0.71025616,-0.089963078,-0.69817102,0
0.31262922,-1.1007394,-0.31795591,0.62349844,-0.54080546,-0.56460541,0
-1.0802405,-1.0052791,-0.99547493,-0.71025616,-0.089963078,-0.69817102,0
-1.1474781,0.74465948,-0.37709215,-0.62349844,0.54080546,0.56460541,0
-0.27726656,0.63409203,0.86029232,-0.62349844,0.54080546,0.56460541,0
-0.73711538,0.53742534,-1.3390739,-0.71025616,-0.089963078,-0.69817102,0
-0.36916512,-0.16200852,1.5387855,-0.62349844,0.54080546,0.56460541,0
-0.57460868,-1.1378396,-1.2842577,-0.71025616,-0.089963078,-0.69817102,0
0.31714612,0.39219689,-1.3763812,0.32678103,0.83632302,-0.44020218,0
0.8896969,-0.77403396,-0.029900923,0.62349844,-0.54080546,-0.56460541,0
-1.0835035,0.55382967,0.16157052,-0.62349844,0.54080546,0.56460541,0
0.10698932,0.91569984,0.85598308,-0.62349844,0.54080546,0.56460541,0
0.54255545,1.3064781,1.2723825,-0.62349844,0.54080546,0.56460541,0
-0.14093292,1.1473423,-0.19659072,0.32678103,0.83632302,-0.44020218,0
-1.2338899,-0.40303814,0.57055902,-0.32678103,-0.83632302,0.44020218,0
-0.97272253,0.91485751,-0.20719483,-0.62349844,0.54080546,0.56460541,0
0.69261211,-1.1726469,0.56437755,-0.32678103,-0.83632302,0.44020218,0
0.26610172,-0.57395059,1.4650629,-0.32678103,-0.83632302,0.44020218,0
-0.1318568,0.42144322,-1.4913741,0.32678103,0.83632302,-0.44020218,0
-0.56557912,0.36536652,-1.7583576,-0.71025616,-0.089963078,-0.69817102,0
-1.0418533,1.0775095,-0.26207709,-0.62349844,0.54080546,0.56460541,0
1.1057869,-0.64652663,1.17905,0.71025616,0.089963078,0.69817102,0
-1.7250646,-0.47637856,0.0068577528,-0.32678103,-0.83632302,0.44020218,0
-1.4108579,-0.84395194,-0.54311693,-0.71025616,-0.089963078,-0.69817102,0
0.70853436,-1.2757618,0.48056948,-0.32678103,-0.83632302,0.44020218,0
-1.0958883,-0.18598139,0.74492294,-0.62349844,0.54080546,0.56460541,0
-0.71771133,-0.86979985,0.061716855,-0.32678103,-0.83632302,0.44020218,0
1.1123881,-0.44306344,1.0628884,0.71025616,0.089963078,0.69817102,0
-0.030278563,0.99276829,-0.48342934,0.32678103,0.83632302,-0.44020218,0
0.28958559,0.23610753,1.8329877,0.71025616,0.089963078,0.69817102,0
-0.9763515,0.48953694,-1.1060599,-0.71025616,-0.089963078,-0.69817102,0
0.17927444,-1.2024708,-0.37195727,0.62349844,-0.54080546,-0.56460541,0
0.54098862,-0.70331192,-0.61535132,0.62349844,-0.54080546,-0.56460541,0
1.3512001,-0.6244545,0.88230455,0.71025616,0.089963078,0.69817102,0
-0.44239604,1.1456351,-0.3700121,0.32678103,0.83632302,-0.44020218,0
-0.19051075,0.16677904,-2.0692649,0.32678103,0.83632302,-0.44020218,0
-0.20953718,-0.59441894,-1.4990977,0.62349844,-0.54080546,-0.56460541,0
-1.7028749,0.35036504,-0.36637723,-0.71025616,-0.089963078,-0.69817102,0
1.3358234,0.37150174,0.77898937,0.71025616,0.089963078,0.69817102,0
-0.73763114,-0.20643078,-1.3240957,-0.71025616,-0.089963078,-0.69817102,0
-0.68280548,0.23235938,-1.5965998,-0.71025616,-0.089963078,-0.69817102,0
-0.47303694,1.0914018,0.35729152,-0.62349844,0.54080546,0.56460541,0
1.0643227,0.70065147,0.018105805,0.32678103,0.83632302,-0.44020218,0
-1.0976331,0.55358636,-1.2019919,-0.71025616,-0.089963078,-0.69817102,0
-1.1384954,-0.54111254,-0.88349587,-0.71025616,-0.089963078,-0.69817102,0
0.65828919,1.1499424,0.6089595,0.32678103,0.83632302,-0.44020218,0
1.2229946,0.70625103,0.016857684,0.32678103,0.83632302,-0.44020218,0
-0.35714519,1.2994819,-0.00093048811,-0.62349844,0.54080546,0.56460541,0
-0.51623821,-1.0729589,0.060922384,-0.32678103,-0.83632302,0.44020218,0
1.1518457,-0.48563492,1.1146158,0.71025616,0.089963078,0.69817102,0
-0.54511112,-0.94679844,-1.5041496,-0.71025616,-0.089963078,-0.69817102,0
-0.96592224,-1.1526477,-0.62051272,-0.32678103,-0.83632302,0.44020218,0
0.31337655,-0.0056743622,-1.4871507,0.62349844,-0.54080546,-0.56460541,0
0.53697634,1.1378388,0.20534718,0.32678103,0.83632302,-0.44020218,0
-1.3234663,0.21283835,-0.78064007,-0.71025616,-0.089963078,-0.69817102,0
0.28657767,-0.54146522,-0.9712767,0.62349844,-0.54080546,-0.56460541,0
1.1661464,-0.22486246,-0.4002445,0.62349844,-0.54080546,-0.56460541,0
-1.4454876,0.71189964,-0.68974137,-0.71025616,-0.089963078,-0.69817102,0
0.78908849,1.1934456,1.1602685,0.71025616,0.089963078,0.69817102,0
-0.056372512,0.22169274,1.4169393,-0.62349844,0.54080546,0.56460541,0
-0.65205079,-0.80494946,0.2342754,-0.32678103,-0.83632302,0.44020218,0
-0.99851596,0.76000607,-0.095767081,-0.62349844,0.54080546,0.56460541,0
-0.2777673,1.2597071,-0.19845572,0.32678103,0.83632302,-0.44020218,0
-0.45326042,0.30795002,1.0492678,-0.62349844,0.54080546,0.56460541,0
1.0266999,1.0108271,0.32737792,0.32678103,0.83632302,-0.44020218,0
-0.67652071,-1.3786063,-1.152936,0.62349844,-0.54080546,-0.56460541,0
0.68548793,-1.154758,-0.079102576,0.62349844,-0.54080546,-0.56460541,0
0.42907742,0.032950163,-1.2910185,0.62349844,-0.54080546,-0.56460541,0
1.5400107,-0.17202842,0.50936085,0.71025616,0.089963078,0.69817102,0
-0.042156458,1.3237281,0.23956782,0.32678103,0.83632302,-0.44020218,0
-1.3047502,-0.068735182,-0.74684501,-0.71025616,-0.089963078,-0.69817102,0
-0.60604835,0.30842197,0.80958301,-0.62349844,0.54080546,0.56460541,0
-0.034638524,-0.80076367,0.78210169,-0.32678103,-0.83632302,0.44020218,0
0.55742216,0.51986295,-0.79365915,0.32678103,0.83632302,-0.44020218,0
-1.6235722,-0.50386143,0.076675773,-0.32678103,-0.83632302,0.44020218,0
-0.33269894,-1.1253893,-1.2237324,0.62349844,-0.54080546,-0.56460541,0
0.46607369,0.83294463,1.4958377,-0.62349844,0.54080546,0.56460541,0
1.4279768,-0.81533211,0.87586319,0.71025616,0.089963078,0.69817102,0
1.0070472,-0.019720912,-0.76974928,0.62349844,-0.54080546,-0.56460541,0
-1.8380786,0.11872065,-0.24220526,-0.62349844,0.54080546,0.56460541,0
0.13330555,-1.277124,-0.25739425,-0.32678103,-0.83632302,0.44020218,0
-0.45263201,0.14291805,-1.7683032,-0.71025616,-0.089963078,-0.69817102,0
0.38010511,0.31252557,1.7129922,0.71025616,0.089963078,0.69817102,0
0.26177657,1.3570024,0.28834105,0.32678103,0.83632302,-0.44020218,0
-1.4212292,0.05036211,0.27375609,-0.62349844,0.54080546,0.56460541,0
0.58119363,0.20580745,-1.2046481,0.62349844,-0.54080546,-0.56460541,0
1.3492243,-0.091273427,0.74057585,0.71025616,0.089963078,0.69817102,0
0.2942946,0.41289574,1.738964,-0.62349844,0.54080546,0.56460541,0
-0.77573359,-0.19242108,0.94815117,-0.62349844,0.54080546,0.56460541,0
1.1688499,0.45033479,-0.54784501,0.32678103,0.83632302,-0.44020218,0
1.4906731,-0.23408794,0.11850023,0.62349844,-0.54080546,-0.56460541,0
-0.79481357,-0.045012951,1.0678698,-0.62349844,0.54080546,0.56460541,0
-1.7250439,0.12913036,-0.16925007,-0.62349844,0.54080546,0.56460541,0
-1.2401876,0.35864043,-0.99910653,-0.71025616,-0.089963078,-0.69817102,0
-1.1561007,0.78012812,-0.36238343,-0.62349844,0.54080546,0.56460541,0
-0.35273528,-1.1865844,-0.038400888,-0.32678103,-0.83632302,0.44020218,0
-0.36651644,0.27686799,1.208984,-0.62349844,0.54080546,0.56460541,0
-0.22616649,1.384621,-0.01625964,0.32678103,0.83632302,-0.44020218,0
-1.3970509,1.0562092,-0.98412263,-0.71025616,-0.089963078,-0.69817102,0
1.0174226,0.56849635,0.95306122,0.71025616,0.089963078,0.69817102,0
0.68626696,-0.88614202,1.1161674,-0.32678103,-0.83632302,0.44020218,0
-0.69047099,0.49565148,0.64928699,-0.62349844,0.54080546,0.56460541,0
-0.31930113,-0.3439253,1.291132,-0.32678103,-0.83632302,0.44020218,0
0.13303792,-0.95680118,0.35096011,-0.32678103,-0.83632302,0.44020218,0
0.84417963,0.67089301,-0.36091575,0.32678103,0.83632302,-0.44020218,0
1.7954924,0.41933894,0.25265944,0.71025616,0.089963078,0.69817102,0
-0.73464966,-1.5728309,-1.0932612,-0.32678103,-0.83632302,0.44020218,0
-1.4443316,-0.43740046,-0.60020798,-0.71025616,-0.089963078,-0.69817102,0
1.036483,1.0415386,1.0494193,0.71025616,0.089963078,0.69817102,0
1.1549921,0.45161676,0.87125403,0.71025616,0.089963078,0.69817102,0
0.13382185,0.77854413,-0.69484627,0.32678103,0.83632302,-0.44020218,0
1.6885164,-0.52903128,0.63314521,0.62349844,-0.54080546,-0.56460541,0
1.138419,-0.92910326,1.2243814,0.71025616,0.089963078,0.69817102,0
-0.12121955,0.078270555,-1.9739757,0.62349844,-0.54080546,-0.56460541,0
1.2878211,0.48667377,0.74464899,0.71025616,0.089963078,0.69817102,0
0.47645664,1.0290022,1.2198656,-0.62349844,0.54080546,0.56460541,0
1.0723093,-0.39182311,0.9797014,0.71025616,0.089963078,0.69817102,0
-0.69031596,-1.2947254,-1.2840503,0.62349844,-0.54080546,-0.56460541,0
-0.56778002,-0.93286794,-0.052058339,-0.32678103,-0.83632302,0.44020218,0
-0.35251129,-0.39084446,-1.6169273,0.62349844,-0.54080546,-0.56460541,0
0.059941113,-0.23891705,1.7844292,-0.32678103,-0.83632302,0.44020218,0
-0.96632856,0.77732843,-1.3910986,-0.71025616,-0.089963078,-0.69817102,0
0.61606359,1.4368906,1.1236695,-0.62349844,0.54080546,0.56460541,0
-0.58460271,0.6016776,-1.4702817,0.32678103,0.83632302,-0.44020218,0
-0.21072972,1.1846656,-0.17242599,0.32678103,0.83632302,-0.44020218,0
0.70185494,-0.59430492,-0.56207001,0.62349844,-0.54080546,-0.56460541,0
-1.1743257,0.83228135,-0.28791562,-0.62349844,0.54080546,0.56460541,0
-0.67310905,-0.51470524,-1.4852846,-0.71025616,-0.089963078,-0.69817102,0
0.18272591,1.2530218,0.67176729,-0.62349844,0.54080546,0.56460541,0
1.5565437,0.32693666,0.62846732,0.71025616,0.089963078,0.69817102,0
0.6060214,-0.43250319,1.5314195,0.71025616,0.089963078,0.69817102,0
0.69694364,-0.98311687,-0.19121414,0.62349844,-0.54080546,-0.56460541,0
1.388927,0.93616349,0.54165816,0.71025616,0.089963078,0.69817102,0
-1.5399581,-0.41152906,-0.64015496,-0.71025616,-0.089963078,-0.69817102,0
-0.65228045,1.2380468,-0.066532329,-0.62349844,0.54080546,0.56460541,0
-1.8212135,-0.32253456,0.17881066,-0.62349844,0.54080546,0.56460541,0
1.5819635,-0.45696104,0.24688578,0.62349844,-0.54080546,-0.56460541,0
-0.46159816,-0.0036892295,-1.5373505,-0.71025616,-0.089963078,-0.69817102,0
-0.83993232,-0.37082419,-1.3657706,-0.71025616,-0.089963078,-0.69817102,0
-1.7627009,-0.42989385,-0.30081618,-0.71025616,-0.089963078,-0.69817102,0
1.3053229,0.7622261,0.76883519,0.71025616,0.089963078,0.69817102,0
-1.4187535,0.42684823,-0.86581433,-0.71025616,-0.089963078,-0.69817102,0
-1.1837522,-0.56439626,0.53492439,-0.32678103,-0.83632302,0.44020218,0
-1.4243939,-0.86877459,-0.3494724,-0.32678103,-0.83632302,0.44020218,0
0.99498129,0.013265222,1.1595483,0.71025616,0.089963078,0.69817102,0
1.0766336,-0.65750682,1.0956069,0.71025616,0.089963078,0.69817102,0
0.22745633,-0.89626777,0.85408008,-0.32678103,-0.83632302,0.44020218,0
0.24793994,1.3393176,0.32519066,0.32678103,0.83632302,-0.44020218,0
0.074932963,-0.05563426,-1.7366979,0.62349844,-0.54080546,-0.56460541,0
1.0504147,-0.10906637,0.99480128,0.71025616,0.089963078,0.69817102,0
1.2544886,-1.2331563,0.70219821,-0.32678103,-0.83632302,0.44020218,0
0.15730196,-0.7195341,0.89938283,-0.32678103,-0.83632302,0.44020218,0
-0.44991735,0.060457051,-1.8395412,-0.71025616,-0.089963078,-0.69817102,0
-1.1074958,1.0199769,-0.59618962,-0.62349844,0.54080546,0.56460541,0
-0.61770225,0.79545766,0.45075914,-0.62349844,0.54080546,0.56460541,0
-0.42164868,-0.67348987,-1.5247204,-0.71025616,-0.089963078,-0.69817102,0
-0.2612499,1.0641042,-0.29895303,0.32678103,0.83632302,-0.44020218,0
1.6400228,0.35268176,0.34325075,0.71025616,0.089963078,0.69817102,0
0.11743057,0.61010063,-1.0151227,0.32678103,0.83632302,-0.44020218,0
-0.2832734,0.78338081,0.78914148,-0.62349844,0.54080546,0.56460541,0
0.86452442,0.53804898,1.0710611,0.71025616,0.089963078,0.69817102,0
0.19039196,-0.44915503,-1.0552564,0.62349844,-0.54080546,-0.56460541,0
0.86409628,-1.0580108,0.92080027,-0.32678103,-0.83632302,0.44020218,0
-0.96374768,-0.99303722,-0.53775877,-0.32678103,-0.83632302,0.44020218,0
-0.19013131,-0.99551678,0.44879207,-0.32678103,-0.83632302,0.44020218,0
-1.3195481,0.90458536,-0.40698224,-0.62349844,0.54080546,0.56460541,0
-0.66846001,-1.0852894,-1.4043367,-0.71025616,-0.089963078,-0.69817102,0
-0.40238652,-0.62825769,-1.4696962,0.62349844,-0.54080546,-0.56460541,0
1.3987362,-0.92788607,0.73581231,0.71025616,0.089963078,0.69817102,0
-0.33965433,-0.37874287,1.1841376,-0.32678103,-0.83632302,0.44020218,0
0.34530354,-1.2003264,-0.40364349,0.62349844,-0.54080546,-0.56460541,0
-0.83029658,1.1690612,-0.25658807,-0.62349844,0.54080546,0.56460541,0
0.21241665,-0.94968253,0.79341424,-0.32678103,-0.83632302,0.44020218,0
-0.67152941,-0.25538456,1.1085811,-0.32678103,-0.83632302,0.44020218,0
1.3758086,0.15085447,0.81702495,0.71025616,0.089963078,0.69817102,0
1.0196371,-0.72172177,-0.048996136,0.62349844,-0.54080546,-0.56460541,0
0.74103522,0.97663176,0.079209387,0.32678103,0.83632302,-0.44020218,0
0.70875263,-1.0327026,0.69986951,-0.32678103,-0.83632302,0.44020218,0
-0.98131448,-0.076310039,0.61034721,-0.62349844,0.54080546,0.56460541,0
-0.31740272,1.215669,-0.11769105,0.32678103,0.83632302,-0.44020218,0
-0.12960708,1.1587696,0.44558552,-0.62349844,0.54080546,0.56460541,0
1.0276542,-0.90747559,0.35306877,0.62349844,-0.54080546,-0.56460541,0
1.0017966,-0.26498494,1.0774465,0.71025616,0.089963078,0.69817102,0
-1.8239615,-0.16065121,-0.065410733,-0.62349844,0.54080546,0.56460541,0
-1.3664491,-0.93758309,-0.34386647,-0.32678103,-0.83632302,0.44020218,0
-1.0810001,0.25560129,0.22676751,-0.62349844,0.54080546,0.56460541,0
1.2396886,-0.67432094,0.34330881,0.62349844,-0.54080546,-0.56460541,0
-0.56675047,0.41360116,-1.6165183,-0.71025616,-0.089963078,-0.69817102,0
-1.277472,-0.12093866,-0.74173474,-0.71025616,-0.089963078,-0.69817102,0
0.11450398,-0.66155142,-0.99778438,0.62349844,-0.54080546,-0.56460541,0
-0.19061425,-0.49206513,-1.6380734,0.62349844,-0.54080546,-0.56460541,0
0.41370875,-0.97139299,-0.35676435,0.62349844,-0.54080546,-0.56460541,0
-1.0005516,-0.93952549,-1.0582831,-0.71025616,-0.089963078,-0.69817102,0
1.1931767,-1.151428,0.7632246,0.62349844,-0.54080546,-0.56460541,0
-0.86591387,0.11420821,-1.4093195,-0.71025616,-0.089963078,-0.69817102,0
0.65171719,-0.52396226,1.4874035,0.71025616,0.089963078,0.69817102,0
-0.71576291,0.83299327,-1.4462117,0.32678103,0.83632302,-0.44020218,0
0.1374613,-0.72428328,-1.0273888,0.62349844,-0.54080546,-0.56460541,0
-0.25746721,-0.77066272,-1.3816642,0.62349844,-0.54080546,-0.56460541,0
0.71673214,0.69216907,-0.50981653,0.32678103,0.83632302,-0.44020218,0
-0.60908687,0.65522206,-1.3520708,0.32678103,0.83632302,-0.44020218,0
-1.7289371,-0.11609828,-0.489299,-0.71025616,-0.089963078,-0.69817102,0
0.64909524,0.82565111,-0.077513635,0.32678103,0.83632302,-0.44020218,0
0.87737167,-0.71141082,1.363766,-0.32678103,-0.83632302,0.44020218,0
0.45798203,0.16995645,-1.3655899,0.62349844,-0.54080546,-0.56460541,0
1.1669888,0.77121347,-0.12096864,0.32678103,0.83632302,-0.44020218,0
1.1110408,-0.58936954,-0.013363153,0.62349844,-0.54080546,-0.56460541,0
2.0014908,0.19915318,0.18489337,0.71025616,0.089963078,0.69817102,0
0.12022245,-1.2197665,-0.1356228,-0.32678103,-0.83632302,0.44020218,0
1.4693116,0.40153849,0.47910434,0.71025616,0.089963078,0.69817102,0
0.091751933,1.1746653,0.81073344,-0.62349844,0.54080546,0.56460541,0
-0.35530728,-0.34421182,1.4677739,-0.32678103,-0.83632302,0.44020218,0
-0.76544696,0.73728228,-1.494388,-0.71025616,-0.089963078,-0.69817102,0
0.57910049,-0.14509451,1.4832896,0.71025616,0.089963078,0.69817102,0
-1.2196466,-0.2736004,-0.85186267,-0.71025616,-0.089963078,-0.69817102,0
1.5849088,0.5278486,0.3569032,0.71025616,0.089963078,0.69817102,0
-0.95949656,1.0255715,-0.39740711,-0.62349844,0.54080546,0.56460541,0
-1.0844463,0.7627511,-1.0190461,-0.71025616,-0.089963078,-0.69817102,0
1.2322788,-0.38479137,-0.20368469,0.62349844,-0.54080546,-0.56460541,0
-0.58132005,1.0439787,-0.54391754,0.32678103,0.83632302,-0.44020218,0
-0.10047551,-0.23855174,-1.5286297,0.62349844,-0.54080546,-0.56460541,0
-1.1231351,-0.55537832,0.42359671,-0.32678103,-0.83632302,0.44020218,0
-1.0325595,0.5219205,-1.1173568,-0.71025616,-0.089963078,-0.69817102,0
-0.62840021,-1.4204643,-1.018816,0.62349844,-0.54080546,-0.56460541,0
0.63478017,-0.061989725,1.5110203,0.71025616,0.089963078,0.69817102,0
-0.39242089,0.19464698,-1.6445514,-0.71025616,-0.089963078,-0.69817102,0
-1.4979516,0.15648234,0.043048203,-0.62349844,0.54080546,0.56460541,0
-0.92059189,0.47788811,-1.307888,-0.71025616,-0.089963078,-0.69817102,0
0.48748678,-0.23172975,-1.1833186,0.62349844,-0.54080546,-0.56460541,0
-0.19148016,1.0785067,-0.57395262,0.32678103,0.83632302,-0.44020218,0
-1.8106701,-0.053910851,-0.3376137,-0.71025616,-0.089963078,-0.69817102,0
-0.51547021,-0.98714668,-1.2711101,0.62349844,-0.54080546,-0.56460541,0
0.67225254,0.56011522,-0.84663105,0.32678103,0.83632302,-0.44020218,0
1.5945807,-0.13444948,0.28697079,0.62349844,-0.54080546,-0.56460541,0
0.16222793,0.36733788,-1.3114401,0.32678103,0.83632302,-0.44020218,0
0.61317509,0.77810365,1.4725996,0.71025616,0.089963078,0.69817102,0
-0.49384284,1.3775218,-0.1467246,0.32678103,0.83632302,-0.44020218,0
-1.1547765,0.635131,-1.1908665,-0.71025616,-0.089963078,-0.69817102,0
-0.036440372,-1.4614387,-0.47288507,-0.32678103,-0.83632302,0.44020218,0
0.73554641,0.71338218,1.4479481,0.71025616,0.089963078,0.69817102,0
-0.083229542,-1.3254192,-0.48247388,-0.32678103,-0.83632302,0.44020218,0
-1.7759957,-0.14206958,0.079348326,-0.62349844,0.54080546,0.56460541,0
0.54796183,-0.92115778,0.71249914,-0.32678103,-0.83632302,0.44020218,0
-1.5530043,0.3582679,-0.74277759,-0.71025616,-0.089963078,-0.69817102,0
-0.88220918,0.27614009,0.56791604,-0.62349844,0.54080546,0.56460541,0
0.75024128,-0.45643842,-0.53706521,0.62349844,-0.54080546,-0.56460541,0
-1.2146995,0.67122579,-0.22955668,-0.62349844,0.54080546,0.56460541,0
-1.529477,0.77853942,-0.622774,-0.71025616,-0.089963078,-0.69817102,0
-0.51052493,0.96009445,-0.97844684,0.32678103,0.83632302,-0.44020218,0
