-1.5388224,-1.1729358,-1.2462802,0.18445814,-0.13410313,-0.97364849,0
1.3932544,1.9537003,-1.1235776,0.18445814,-0.13410313,-0.97364849,0
-3.017477,-1.1664929,0.44813871,-0.8044787,-0.58969998,-0.071188092,0
-2.3106391,-1.3528435,-1.2859229,0.18445814,-0.13410313,-0.97364849,0
0.52388287,0.70193797,1.0311683,-0.18445814,0.13410313,0.97364849,0
2.8009553,1.3814505,-0.51935005,0.8044787,0.58969998,0.071188092,0
2.6801574,1.519292,0.34951687,0.8044787,0.58969998,0.071188092,0
2.6453805,1.3598994,0.61956739,0.8044787,0.58969998,0.071188092,0
1.109419,-0.54402494,0.10185879,0.564614,-0.79641068,0.21665817,0
1.4110743,0.037831068,0.91494727,0.564614,-0.79641068,0.21665817,0
2.0510142,2.2209332,0.36191893,0.8044787,0.58969998,0.071188092,0
2.975399,0.91944665,0.23557973,0.564614,-0.79641068,0.21665817,0
-0.36281857,-1.5154903,-0.081250548,0.564614,-0.79641068,0.21665817,0
3.0388329,1.0118741,0.5497489,0.8044787,0.58969998,0.071188092,0
-2.3116076,-2.0867205,-0.01646328,-0.8044787,-0.58969998,-0.071188092,0
0.11466044,1.5527114,0.83721924,-0.564614,0.79641068,-0.21665817,0
-2.9186296,-1.0940166,0.19441199,-0.8044787,-0.58969998,-0.071188092,0
1.7123796,2.5623276,0.020834446,-0.564614,0.79641068,-0.21665817,0
2.9264147,0.70406735,-0.21635628,0.564614,-0.79641068,0.21665817,0
-2.8240135,-1.2709237,-0.27525759,-0.8044787,-0.58969998,-0.071188092,0
2.1090763,2.2320435,0.64500952,0.8044787,0.58969998,0.071188092,0
-0.0092934966,0.99755609,-0.79600513,-0.564614,0.79641068,-0.21665817,0
1.7207453,1.0379177,1.2401834,-0.18445814,0.13410313,0.97364849,0
-1.13763,-1.9344749,0.66312027,0.564614,-0.79641068,0.21665817,0
-2.4590137,-1.7099922,-0.20167565,-0.8044787,-0.58969998,-0.071188092,0
-1.5933553,-0.012976289,-0.34082675,-0.564614,0.79641068,-0.21665817,0
-0.28262413,-1.3751109,0.47314918,0.564614,-0.79641068,0.21665817,0
2.6881297,1.4638952,-0.098237514,0.8044787,0.58969998,0.071188092,0
-1.066986,0.66004992,0.66675347,-0.18445814,0.13410313,0.97364849,0
1.1191738,-0.29744756,0.71147597,0.564614,-0.79641068,0.21665817,0
-1.8887107,-1.7847492,0.86523724,-0.18445814,0.13410313,0.97364849,0
-0.86892867,-0.19011617,0.92307943,-0.18445814,0.13410313,0.97364849,0
-0.86957031,0.53161836,-0.47510588,-0.564614,0.79641068,-0.21665817,0
0.054747581,-0.10580393,-1.0483303,0.18445814,-0.13410313,-0.97364849,0
-1.0887001,-0.83582556,0.84405136,-0.18445814,0.13410313,0.97364849,0
2.8127015,1.4468896,-0.47513485,0.8044787,0.58969998,0.071188092,0
-0.26084793,-0.87440491,-0.88235551,0.18445814,-0.13410313,-0.97364849,0
-1.492938,-2.477412,-0.99512076,0.18445814,-0.13410313,-0.97364849,0
-1.8179271,-2.4926574,-0.9528358,-0.8044787,-0.58969998,-0.071188092,0
-2.3187404,-0.44690996,0.072509646,-0.564614,0.79641068,-0.21665817,0
-0.92249954,-0.19738171,0.91295588,-0.18445814,0.13410313,0.97364849,0
-2.5548053,-1.5252414,0.08609581,-0.8044787,-0.58969998,-0.071188092,0
0.73340893,1.6434326,-0.20837653,-0.564614,0.79641068,-0.21665817,0
1.8420501,2.4881859,0.31394386,0.8044787,0.58969998,0.071188092,0
-1.2633578,-2.0891755,0.51706004,0.564614,-0.79641068,0.21665817,0
-2.6463251,-1.493898,0.25827074,-0.8044787,-0.58969998,-0.071188092,0
-2.2034895,-0.32988095,0.62637115,-0.18445814,0.13410313,0.97364849,0
-1.7189548,-1.5280666,-1.0684576,0.18445814,-0.13410313,-0.97364849,0
-0.55947512,0.57998818,0.91308343,-0.18445814,0.13410313,0.97364849,0
-1.4900289,-1.7604064,-1.1028912,0.18445814,-0.13410313,-0.97364849,0
-2.1338544,-2.2082486,-0.68132734,-0.8044787,-0.58969998,-0.071188092,0
-1.3920902,-1.1934894,-1.157053,0.18445814,-0.13410313,-0.97364849,0
1.4987693,0.021710157,1.0343398,0.564614,-0.79641068,0.21665817,0
-2.5524938,-0.59756148,-0.21500278,-0.564614,0.79641068,-0.21665817,0
2.3681064,1.5576484,1.3606441,-0.18445814,0.13410313,0.97364849,0
2.6273713,1.6940244,-0.2747438,0.8044787,0.58969998,0.071188092,0
-1.3012928,0.48546243,0.80836368,-0.18445814,0.13410313,0.97364849,0
-2.7973058,-1.0899218,-0.51001024,-0.8044787,-0.58969998,-0.071188092,0
-2.4864259,-1.5448232,-0.16648078,-0.8044787,-0.58969998,-0.071188092,0
-0.49439436,0.94835508,0.51249635,-0.564614,0.79641068,-0.21665817,0
1.2443099,0.55183458,1.2685306,-0.18445814,0.13410313,0.97364849,0
0.090281725,1.1696013,-0.90874559,-0.564614,0.79641068,-0.21665817,0
-0.82423931,0.41203898,0.81958222,-0.18445814,0.13410313,0.97364849,0
0.23417711,-0.89636308,0.75112134,0.564614,-0.79641068,0.21665817,0
2.2053421,1.9451967,0.40397573,0.8044787,0.58969998,0.071188092,0
-2.9159017,-0.90014273,0.59434605,-0.18445814,0.13410313,0.97364849,0
2.3226075,1.8516463,1.0622568,0.8044787,0.58969998,0.071188092,0
2.5825615,0.80887121,0.51549077,0.564614,-0.79641068,0.21665817,0
0.87469333,0.93547857,1.0727538,-0.18445814,0.13410313,0.97364849,0
2.7854142,0.6297636,-0.53284407,0.564614,-0.79641068,0.21665817,0
2.3241982,0.244964,-0.53735244,0.564614,-0.79641068,0.21665817,0
2.7260447,1.453536,0.50372767,0.8044787,0.58969998,0.071188092,0
-0.58605784,1.0945487,0.71118069,-0.18445814,0.13410313,0.97364849,0
2.1467876,2.1962631,-0.31581736,0.8044787,0.58969998,0.071188092,0
2.3703828,1.8706023,0.74447584,0.8044787,0.58969998,0.071188092,0
1.7730312,0.83056444,1.2753167,-0.18445814,0.13410313,0.97364849,0
2.1891007,1.2952666,-0.840487,0.18445814,-0.13410313,-0.97364849,0
-1.9516792,-0.26455438,-0.27976215,-0.564614,0.79641068,-0.21665817,0
1.0340317,-0.30116487,1.1822338,0.564614,-0.79641068,0.21665817,0
2.1990266,2.1343772,-0.64755988,0.8044787,0.58969998,0.071188092,0
-1.6994314,-0.3294543,-1.212579,-0.564614,0.79641068,-0.21665817,0
2.2042956,2.1124146,-0.50659728,0.8044787,0.58969998,0.071188092,0
-1.9971707,-2.3464897,0.31310558,-0.8044787,-0.58969998,-0.071188092,0
-0.13688031,1.3124663,0.36841846,-0.564614,0.79641068,-0.21665817,0
2.7292767,1.4978367,-0.018606901,0.8044787,0.58969998,0.071188092,0
-1.7845082,-2.5469542,-0.43016148,-0.8044787,-0.58969998,-0.071188092,0
1.2602694,1.8833504,-0.84970665,-0.564614,0.79641068,-0.21665817,0
1.6922829,1.9422091,1.0688186,-0.18445814,0.13410313,0.97364849,0
-2.4147305,-1.6211271,0.83780646,-0.18445814,0.13410313,0.97364849,0
1.2614059,-0.061098516,-0.70515883,0.18445814,-0.13410313,-0.97364849,0
1.4920726,1.7196305,1.1158667,-0.18445814,0.13410313,0.97364849,0
-2.3351216,-1.9531643,-0.38614559,-0.8044787,-0.58969998,-0.071188092,0
-2.1365657,-1.9384687,-1.0466623,-0.8044787,-0.58969998,-0.071188092,0
-2.5690126,-1.463618,0.00095248222,-0.8044787,-0.58969998,-0.071188092,0
1.2584823,-0.22240865,0.4489415,0.564614,-0.79641068,0.21665817,0
-0.536071,0.01442337,-1.1903304,0.18445814,-0.13410313,-0.97364849,0
-2.3972535,-1.5827982,-0.80069757,-0.8044787,-0.58969998,-0.071188092,0
-2.0949812,-2.3633916,1.0375221,-0.8044787,-0.58969998,-0.071188092,0
-2.106916,-1.2188118,-1.3244337,0.18445814,-0.13410313,-0.97364849,0
2.0323298,2.1500754,-0.89773726,0.18445814,-0.13410313,-0.97364849,0
0.17134202,0.67379254,-1.1603019,0.18445814,-0.13410313,-0.97364849,0
0.56916964,1.4305985,-1.0769593,-0.564614,0.79641068,-0.21665817,0
-1.0091964,-1.9038709,0.39516401,0.564614,-0.79641068,0.21665817,0
-1.9826949,-2.2714744,-0.056451321,-0.8044787,-0.58969998,-0.071188092,0
1.3020185,2.2772944,0.24119186,-0.564614,0.79641068,-0.21665817,0
1.2652882,2.1786377,0.91743791,-0.18445814,0.13410313,0.97364849,0
-0.90157551,-0.64154655,-1.1226174,0.18445814,-0.13410313,-0.97364849,0
-1.7487513,-0.23271221,-0.90830779,-0.564614,0.79641068,-0.21665817,0
2.3598552,2.0658128,-0.27406645,0.8044787,0.58969998,0.071188092,0
-2.2989383,-2.1077716,-0.033047438,-0.8044787,-0.58969998,-0.071188092,0
-1.1597439,-2.1259558,0.040263176,0.564614,-0.79641068,0.21665817,0
2.7728517,1.3001759,0.18951035,0.8044787,0.58969998,0.071188092,0
2.5854573,1.419701,0.41597795,0.8044787,0.58969998,0.071188092,0
0.7910772,-0.41784912,-0.89039338,0.18445814,-0.13410313,-0.97364849,0
-1.9903386,0.027308702,0.70763266,-0.18445814,0.13410313,0.97364849,0
0.44665128,-0.329678,-0.80160642,0.18445814,-0.13410313,-0.97364849,0
1.7582438,-0.087467074,-0.45650625,0.564614,-0.79641068,0.21665817,0
-2.4673314,-0.52113253,0.60903311,-0.18445814,0.13410313,0.97364849,0
-1.0337489,-1.9418275,0.56917429,0.564614,-0.79641068,0.21665817,0
-0.53886664,-1.9428294,-0.77933574,0.564614,-0.79641068,0.21665817,0
2.4625797,1.0360786,-0.65049767,0.18445814,-0.13410313,-0.97364849,0
-1.0305336,0.23163843,-1.2057419,0.18445814,-0.13410313,-0.97364849,0
-2.2887845,-1.958142,0.43646049,-0.8044787,-0.58969998,-0.071188092,0
-2.5341702,-1.7082193,0.31275344,-0.8044787,-0.58969998,-0.071188092,0
-2.6911056,-1.5402153,0.53437114,-0.8044787,-0.58969998,-0.071188092,0
1.9137876,2.5783253,-0.33498335,0.8044787,0.58969998,0.071188092,0
0.80254352,1.2262828,-1.0891621,0.18445814,-0.13410313,-0.97364849,0
2.7432272,1.4917302,-0.32633185,0.8044787,0.58969998,0.071188092,0
0.8960408,0.21040228,-0.82475173,0.18445814,-0.13410313,-0.97364849,0
0.39762831,-0.53580856,1.2037234,-0.18445814,0.13410313,0.97364849,0
2.7344105,0.57597995,0.02161479,0.564614,-0.79641068,0.21665817,0
-2.769197,-0.54442263,0.27163839,-0.564614,0.79641068,-0.21665817,0
2.1143584,2.3526595,-0.66516137,0.8044787,0.58969998,0.071188092,0
-1.2287309,-0.387126,-1.2530086,0.18445814,-0.13410313,-0.97364849,0
2.6244173,0.43838942,-0.38783526,0.564614,-0.79641068,0.21665817,0
0.67021739,0.25118333,1.20091,-0.18445814,0.13410313,0.97364849,0
-0.63364351,0.16852677,0.97411221,-0.18445814,0.13410313,0.97364849,0
1.3445009,-0.04338336,1.1662004,0.564614,-0.79641068,0.21665817,0
0.53368235,0.39983568,-0.90676504,0.18445814,-0.13410313,-0.97364849,0
2.5768211,1.4835086,0.39473271,0.8044787,0.58969998,0.071188092,0
-1.542344,-2.1811545,0.90811491,0.564614,-0.79641068,0.21665817,0
-1.3806576,-2.1401711,0.46551538,0.564614,-0.79641068,0.21665817,0
1.5224453,-0.053669214,0.30921608,0.564614,-0.79641068,0.21665817,0
2.2443018,0.21284294,-0.72211111,0.18445814,-0.13410313,-0.97364849,0
-2.9579065,-0.87093246,-0.29184532,-0.8044787,-0.58969998,-0.071188092,0
2.2686188,0.49531239,0.11709976,0.564614,-0.79641068,0.21665817,0
-2.4924879,-1.4497366,-0.61158371,-0.8044787,-0.58969998,-0.071188092,0
-0.24428391,-0.042706534,-1.1599046,0.18445814,-0.13410313,-0.97364849,0
2.6148882,1.4278568,0.84450769,0.8044787,0.58969998,0.071188092,0
-2.8114491,-1.2232138,-0.45727348,-0.8044787,-0.58969998,-0.071188092,0
2.9293275,1.2217,-0.11659431,0.8044787,0.58969998,0.071188092,0
-2.7358439,-1.3819933,-0.5718801,-0.8044787,-0.58969998,-0.071188092,0
2.5876441,1.7033954,-0.13186669,0.8044787,0.58969998,0.071188092,0
1.2981147,0.055043638,-0.78897208,0.18445814,-0.13410313,-0.97364849,0
2.7675595,0.82071429,-0.68636012,0.18445814,-0.13410313,-0.97364849,0
1.3601547,1.5726076,1.0399852,-0.18445814,0.13410313,0.97364849,0
-2.7087309,-1.3962922,-1.1874831,-0.8044787,-0.58969998,-0.071188092,0
-0.98712134,-0.20835611,-1.2563682,0.18445814,-0.13410313,-0.97364849,0
0.40216202,-1.0593045,-0.76222157,0.18445814,-0.13410313,-0.97364849,0
0.071164928,-1.2191303,0.077851951,0.564614,-0.79641068,0.21665817,0
-0.78144652,-0.17459869,-1.132266,0.18445814,-0.13410313,-0.97364849,0
2.1711626,2.2091434,0.70001817,0.8044787,0.58969998,0.071188092,0
-2.117806,-0.27884114,0.26661313,-0.564614,0.79641068,-0.21665817,0
-0.39891267,-1.1483355,1.2089491,-0.18445814,0.13410313,0.97364849,0
-2.8072221,-1.1782849,0.51525879,-0.8044787,-0.58969998,-0.071188092,0
1.919585,2.4686074,0.6087091,0.8044787,0.58969998,0.071188092,0
0.47594112,-0.64365327,0.79442525,0.564614,-0.79641068,0.21665817,0
2.2363746,1.8930589,0.79169869,0.8044787,0.58969998,0.071188092,0
-1.2595803,-0.074187577,0.87002307,-0.18445814,0.13410313,0.97364849,0
2.3975632,0.73760617,-0.58833504,0.18445814,-0.13410313,-0.97364849,0
-2.3652806,-2.0307779,0.32817078,-0.8044787,-0.58969998,-0.071188092,0
2.0834618,0.90909988,-0.82058978,0.18445814,-0.13410313,-0.97364849,0
3.0158215,1.0032623,0.39181328,0.8044787,0.58969998,0.071188092,0
-2.8187461,-1.1892442,-1.0171255,-0.8044787,-0.58969998,-0.071188092,0
-1.6079056,-1.7454669,-1.0215833,0.18445814,-0.13410313,-0.97364849,0
-0.27707219,0.38692439,0.91806245,-0.18445814,0.13410313,0.97364849,0
-2.2479162,-0.20990849,0.62400973,-0.18445814,0.13410313,0.97364849,0
-1.609381,-0.156308,-1.0826917,-0.564614,0.79641068,-0.21665817,0
-2.7449064,-0.93367922,-1.3089917,-0.564614,0.79641068,-0.21665817,0
0.18964887,0.9638449,-1.0784194,0.18445814,-0.13410313,-0.97364849,0
-0.35271573,1.0871757,-0.067117631,-0.564614,0.79641068,-0.21665817,0
2.5270441,0.84471625,0.83233023,0.564614,-0.79641068,0.21665817,0
-0.55264437,-1.3083537,-0.89836293,0.18445814,-0.13410313,-0.97364849,0
-2.203177,-2.0110326,0.27695704,-0.8044787,-0.58969998,-0.071188092,0
-2.0809264,-2.2093554,0.18368602,-0.8044787,-0.58969998,-0.071188092,0
-0.66551125,-1.314594,1.1763035,-0.18445814,0.13410313,0.97364849,0
-1.7339741,-1.6227412,-1.0702795,0.18445814,-0.13410313,-0.97364849,0
-3.0338936,-1.0001657,0.22095346,-0.8044787,-0.58969998,-0.071188092,0
-1.9953935,-1.1663344,-1.202853,0.18445814,-0.13410313,-0.97364849,0
-2.0917079,-2.3297865,-0.10273957,-0.8044787,-0.58969998,-0.071188092,0
-2.4927804,-0.71599042,-1.097102,-0.564614,0.79641068,-0.21665817,0
1.0518395,-0.23050022,1.289748,0.564614,-0.79641068,0.21665817,0
-2.2385616,-2.1094811,0.33595324,-0.8044787,-0.58969998,-0.071188092,0
-2.4284627,-1.8707917,0.80186462,-0.8044787,-0.58969998,-0.071188092,0
-2.5282226,-1.3495141,-1.2929409,0.18445814,-0.13410313,-0.97364849,0
2.5510147,0.61488634,0.54512846,0.564614,-0.79641068,0.21665817,0
-1.9702766,-1.8196814,-1.1312975,0.18445814,-0.13410313,-0.97364849,0
2.5532374,1.6204777,0.15939832,0.8044787,0.58969998,0.071188092,0
-0.081283152,0.88380563,-0.80577517,-0.564614,0.79641068,-0.21665817,0
0.18659455,-0.90291274,0.66495907,0.564614,-0.79641068,0.21665817,0
-0.40277284,0.37677276,-1.1468619,0.18445814,-0.13410313,-0.97364849,0
1.3982147,1.9615934,-0.93252325,-0.564614,0.79641068,-0.21665817,0
0.86094713,1.1529245,-1.12097,0.18445814,-0.13410313,-0.97364849,0
-2.2769637,-1.9160579,-0.80904627,-0.8044787,-0.58969998,-0.071188092,0
-1.3179697,-2.143841,-0.028065443,0.564614,-0.79641068,0.21665817,0
-2.4062464,-1.8146112,0.57993555,-0.8044787,-0.58969998,-0.071188092,0
2.8185015,1.2600025,-0.59814239,0.8044787,0.58969998,0.071188092,0
0.76340634,-0.77697313,-0.58122545,0.564614,-0.79641068,0.21665817,0
-1.9392807,-0.19612694,0.13054919,-0.564614,0.79641068,-0.21665817,0
-1.3688823,-0.94898176,-1.0841271,0.18445814,-0.13410313,-0.97364849,0
-2.3511724,-1.6479154,-0.95869625,-0.8044787,-0.58969998,-0.071188092,0
1.4446681,1.9950161,-1.0377543,-0.564614,0.79641068,-0.21665817,0
-2.0974569,-2.0586467,-0.68230534,-0.8044787,-0.58969998,-0.071188092,0
-0.12594008,0.00058128685,0.97375673,-0.18445814,0.13410313,0.97364849,0
1.8788995,0.87309283,-0.82184041,0.18445814,-0.13410313,-0.97364849,0
-0.86769873,-1.5699418,-1.0272369,0.18445814,-0.13410313,-0.97364849,0
0.45027471,0.64495319,-0.93493927,0.18445814,-0.13410313,-0.97364849,0
2.3350527,1.829947,-0.47002649,0.8044787,0.58969998,0.071188092,0
-2.1938808,-2.0715609,-0.1376276,-0.8044787,-0.58969998,-0.071188092,0
-2.2412593,-0.65522075,-1.3139188,-0.564614,0.79641068,-0.21665817,0
2.3695817,2.0600004,-0.33710384,0.8044787,0.58969998,0.071188092,0
-1.7375281,-0.057216167,-0.29040003,-0.564614,0.79641068,-0.21665817,0
-2.6977544,-0.9521637,-1.3548315,0.18445814,-0.13410313,-0.97364849,0
1.2576449,2.3863983,0.94257808,-0.18445814,0.13410313,0.97364849,0
0.87875336,1.5917794,-0.70578253,-0.564614,0.79641068,-0.21665817,0
-1.2992213,0.2816813,-0.059357643,-0.564614,0.79641068,-0.21665817,0
2.3851244,1.9978086,-0.38740158,0.8044787,0.58969998,0.071188092,0
2.0029423,0.88639784,1.2079258,-0.18445814,0.13410313,0.97364849,0
-2.1886241,-1.9078232,-1.1934309,0.18445814,-0.13410313,-0.97364849,0
0.12389052,1.1504556,-0.98262519,-0.564614,0.79641068,-0.21665817,0
-2.863879,-1.1394532,0.49612045,-0.8044787,-0.58969998,-0.071188092,0
-2.5892096,-0.92805046,-1.3707726,0.18445814,-0.13410313,-0.97364849,0
-0.57518101,-0.42796254,-1.1196737,0.18445814,-0.13410313,-0.97364849,0
2.4638805,1.78438,-0.7727282,0.8044787,0.58969998,0.071188092,0
0.11197239,-0.63675082,-0.95672464,0.18445814,-0.13410313,-0.97364849,0
0.78539622,-0.4013747,0.83354974,0.564614,-0.79641068,0.21665817,0
0.88386524,-0.45568621,0.23558545,0.564614,-0.79641068,0.21665817,0
-2.6404803,-1.3669064,-0.26832008,-0.8044787,-0.58969998,-0.071188092,0
2.8601565,1.1730937,-0.58121133,0.8044787,0.58969998,0.071188092,0
2.7541029,0.62307942,-0.38403654,0.564614,-0.79641068,0.21665817,0
-1.008724,-0.18587101,-1.2817187,0.18445814,-0.13410313,-0.97364849,0
-3.134902,-0.98756903,0.30153537,-0.8044787,-0.58969998,-0.071188092,0
-0.27975768,1.1629918,0.76850915,-0.18445814,0.13410313,0.97364849,0
-0.17166823,0.13017675,-1.0112884,0.18445814,-0.13410313,-0.97364849,0
2.3991637,0.85697532,-0.79272008,0.18445814,-0.13410313,-0.97364849,0
2.4939003,1.789058,-0.54498267,0.8044787,0.58969998,0.071188092,0
2.3361025,1.7129302,0.75528669,0.8044787,0.58969998,0.071188092,0
-0.82562423,-1.5137737,0.99259269,0.564614,-0.79641068,0.21665817,0
-1.7126245,-0.39603287,0.85958672,-0.18445814,0.13410313,0.97364849,0
-0.2400393,-1.4610957,-0.3984639,0.564614,-0.79641068,0.21665817,0
2.7955155,1.0556695,-0.64495468,0.18445814,-0.13410313,-0.97364849,0
2.7136955,0.56215417,-0.29546428,0.564614,-0.79641068,0.21665817,0
2.8693199,1.0932454,-0.3969636,0.8044787,0.58969998,0.071188092,0
2.264673,1.9197369,0.80238056,0.8044787,0.58969998,0.071188092,0
1.3517278,0.84470743,1.0872997,-0.18445814,0.13410313,0.97364849,0
1.3414079,0.79627103,-0.78098214,0.18445814,-0.13410313,-0.97364849,0
-2.1851554,-2.0745497,-1.1967812,-0.8044787,-0.58969998,-0.071188092,0
-0.66638666,-0.69484711,-1.0080492,0.18445814,-0.13410313,-0.97364849,0
0.39405534,-0.97709036,0.26324552,0.564614,-0.79641068,0.21665817,0
2.208745,1.613512,1.2458919,-0.18445814,0.13410313,0.97364849,0
1.6792583,0.90740013,1.1856103,-0.18445814,0.13410313,0.97364849,0
-2.1989233,-2.1835439,0.55342579,-0.8044787,-0.58969998,-0.071188092,0
2.7327907,1.2208322,0.96004748,0.8044787,0.58969998,0.071188092,0
1.8494656,2.4794018,-0.16965985,-0.564614,0.79641068,-0.21665817,0
-0.9250257,-0.36503088,0.83953804,-0.18445814,0.13410313,0.97364849,0
1.7765378,0.64791042,-0.79999268,0.18445814,-0.13410313,-0.97364849,0
-1.5035481,0.38165438,0.36392093,-0.564614,0.79641068,-0.21665817,0
2.6931908,1.3925853,-0.76620269,0.18445814,-0.13410313,-0.97364849,0
-2.1128206,-2.2882864,0.77545214,-0.8044787,-0.58969998,-0.071188092,0
-1.5658242,-2.5249395,-0.82184172,0.564614,-0.79641068,0.21665817,0
-2.0866337,-2.1758206,0.59882545,-0.8044787,-0.58969998,-0.071188092,0
1.6277184,-0.035611987,0.048396826,0.564614,-0.79641068,0.21665817,0
0.23280329,-0.461712,-0.87797159,0.18445814,-0.13410313,-0.97364849,0
1.712775,1.06792,-0.93947709,0.18445814,-0.13410313,-0.97364849,0
0.82493454,0.8546319,1.0936668,-0.18445814,0.13410313,0.97364849,0
2.944838,1.2745305,-0.32422209,0.8044787,0.58969998,0.071188092,0
-0.24135053,-1.1535871,0.90996647,0.564614,-0.79641068,0.21665817,0
-1.5618055,-0.21573901,-1.0504448,-0.564614,0.79641068,-0.21665817,0
-0.24193239,1.3746024,0.75253475,-0.18445814,0.13410313,0.97364849,0
-1.1608454,-0.92415416,0.96444404,-0.18445814,0.13410313,0.97364849,0
0.58149874,1.3479217,-0.92133474,-0.564614,0.79641068,-0.21665817,0
-1.0304651,0.35363412,-0.50681263,-0.564614,0.79641068,-0.21665817,0
1.9867686,1.1720815,1.2649894,-0.18445814,0.13410313,0.97364849,0
1.474329,0.12187821,0.87373352,0.564614,-0.79641068,0.21665817,0
-0.59374046,0.48336917,-1.0860198,-0.564614,0.79641068,-0.21665817,0
1.6964259,1.4133613,-0.88337302,0.18445814,-0.13410313,-0.97364849,0
-2.0083208,-2.4211252,0.93023634,-0.8044787,-0.58969998,-0.071188092,0
0.14017504,-1.4203223,-0.85226125,0.564614,-0.79641068,0.21665817,0
0.069615364,0.10256817,-1.0244998,0.18445814,-0.13410313,-0.97364849,0
2.4848123,1.5775667,0.7838037,0.8044787,0.58969998,0.071188092,0
2.501718,1.4973164,1.131977,0.8044787,0.58969998,0.071188092,0
-1.4001169,0.3666904,-0.072913229,-0.564614,0.79641068,-0.21665817,0
-2.6214068,-0.79556566,-0.867908,-0.564614,0.79641068,-0.21665817,0
2.0851135,2.4060023,-0.76629114,0.8044787,0.58969998,0.071188092,0
0.43639767,-1.0887827,-0.80454117,0.18445814,-0.13410313,-0.97364849,0
2.5241315,1.8441184,-0.39130521,0.8044787,0.58969998,0.071188092,0
-0.44526124,0.88949925,-0.22093591,-0.564614,0.79641068,-0.21665817,0
0.50217617,1.6623679,0.88128746,-0.18445814,0.13410313,0.97364849,0
-2.6684155,-1.2939178,-0.23692894,-0.8044787,-0.58969998,-0.071188092,0
1.0396311,1.8374174,-0.20266223,-0.564614,0.79641068,-0.21665817,0
1.4275113,0.12626427,-0.82832652,0.18445814,-0.13410313,-0.97364849,0
1.7697247,-0.025291681,0.11335826,0.564614,-0.79641068,0.21665817,0
-1.9597774,-0.20207345,0.78592896,-0.18445814,0.13410313,0.97364849,0
0.73930198,1.7547717,0.21258712,-0.564614,0.79641068,-0.21665817,0
2.4232929,1.1819545,-0.6319418,0.18445814,-0.13410313,-0.97364849,0
0.95357144,-0.25209743,0.77989662,0.564614,-0.79641068,0.21665817,0
-1.2378595,-0.1016444,0.7409296,-0.18445814,0.13410313,0.97364849,0
2.1583443,2.2832346,-0.53473377,0.8044787,0.58969998,0.071188092,0
-1.0153885,0.32810998,-0.71103567,-0.564614,0.79641068,-0.21665817,0
-1.9463378,-2.3500707,0.50964928,-0.8044787,-0.58969998,-0.071188092,0
0.60906434,1.4732091,0.92150074,-0.18445814,0.13410313,0.97364849,0
2.9567778,1.2375567,-0.58856583,0.18445814,-0.13410313,-0.97364849,0
-1.3549774,-2.1177838,-0.080410004,0.564614,-0.79641068,0.21665817,0
0.65029669,-0.55600321,0.82049328,0.564614,-0.79641068,0.21665817,0
2.8005466,1.2387249,0.32855415,0.8044787,0.58969998,0.071188092,0
1.0426078,0.89593589,-0.87107432,0.18445814,-0.13410313,-0.97364849,0
2.0392847,2.0612757,-0.89087939,0.18445814,-0.13410313,-0.97364849,0
-2.6507854,-1.5243076,0.089335442,-0.8044787,-0.58969998,-0.071188092,0
-0.72709578,-1.8096383,-0.1934793,0.564614,-0.79641068,0.21665817,0
-2.9177105,-1.0672953,0.14951491,-0.8044787,-0.58969998,-0.071188092,0
1.895551,2.5460663,-0.57958722,-0.564614,0.79641068,-0.21665817,0
2.7201712,1.3345486,0.92161703,0.8044787,0.58969998,0.071188092,0
0.070019484,-1.4939694,-0.84525645,0.564614,-0.79641068,0.21665817,0
2.1796956,2.1351571,0.66682291,0.8044787,0.58969998,0.071188092,0
-0.39621943,1.1861988,0.77280843,-0.564614,0.79641068,-0.21665817,0
0.78100765,1.834734,-0.078351617,-0.564614,0.79641068,-0.21665817,0
2.5065794,1.5396143,-0.26864123,0.8044787,0.58969998,0.071188092,0
-1.6370988,-2.2155066,-0.95526886,0.18445814,-0.13410313,-0.97364849,0
-0.0064938068,0.15575999,0.95141399,-0.18445814,0.13410313,0.97364849,0
2.6206813,1.350988,0.77987909,0.8044787,0.58969998,0.071188092,0
1.0304987,1.9445944,0.094214678,-0.564614,0.79641068,-0.21665817,0
2.1739097,2.0265455,0.57911873,0.8044787,0.58969998,0.071188092,0
-0.26037601,-1.7519939,-0.77396858,0.564614,-0.79641068,0.21665817,0
1.8215919,1.0355126,1.2899687,-0.18445814,0.13410313,0.97364849,0
1.2338426,2.1575189,0.94799709,-0.18445814,0.13410313,0.97364849,0
-2.266063,-2.0783882,0.65963984,-0.8044787,-0.58969998,-0.071188092,0
-1.3427123,-1.0853024,0.8381393,-0.18445814,0.13410313,0.97364849,0
0.67098337,1.8627679,0.10323119,-0.564614,0.79641068,-0.21665817,0
-2.4673979,-1.6751577,-0.40757513,-0.8044787,-0.58969998,-0.071188092,0
2.3251274,1.7479943,0.68362522,0.8044787,0.58969998,0.071188092,0
-1.3006127,-1.9058979,0.99564075,0.564614,-0.79641068,0.21665817,0
1.5079157,-0.19953871,-0.22200108,0.564614,-0.79641068,0.21665817,0
-0.15421152,-1.1953981,0.7472285,0.564614,-0.79641068,0.21665817,0
2.1681378,0.63516748,-0.73803365,0.18445814,-0.13410313,-0.97364849,0
2.6964777,1.4287293,1.155287,0.8044787,0.58969998,0.071188092,0
1.7760904,1.698823,-0.86867762,0.18445814,-0.13410313,-0.97364849,0
1.0495462,-0.019456983,-0.83979136,0.18445814,-0.13410313,-0.97364849,0
2.4987836,1.519839,0.99818051,0.8044787,0.58969998,0.071188092,0
-1.2976317,-1.854188,0.95634937,0.564614,-0.79641068,0.21665817,0
1.2450514,1.6741259,-0.99332547,0.18445814,-0.13410313,-0.97364849,0
-2.7422056,-0.88083953,0.63029099,-0.18445814,0.13410313,0.97364849,0
-2.9698648,-0.78665632,-0.16457462,-0.564614,0.79641068,-0.21665817,0
-1.4827158,-0.098549068,-0.76099855,-0.564614,0.79641068,-0.21665817,0
-2.8142915,-1.3132308,0.58695984,-0.8044787,-0.58969998,-0.071188092,0
-2.4592719,-1.8991079,0.16140795,-0.8044787,-0.58969998,-0.071188092,0
-1.2456737,-1.8871797,0.86907458,0.564614,-0.79641068,0.21665817,0
1.624526,-0.18536937,0.030419707,0.564614,-0.79641068,0.21665817,0
-1.4511938,-2.3894053,-0.39110732,0.564614,-0.79641068,0.21665817,0
2.5466843,0.37925816,-0.34821796,0.564614,-0.79641068,0.21665817,0
0.051736571,-1.3238535,-0.072358251,0.564614,-0.79641068,0.21665817,0
-0.14274281,1.2395144,0.7865808,-0.18445814,0.13410313,0.97364849,0
-1.1895094,0.53785133,0.51328778,-0.564614,0.79641068,-0.21665817,0
-2.415139,-1.9557004,0.10925865,-0.8044787,-0.58969998,-0.071188092,0
-1.3570615,-1.5902532,-1.0342957,0.18445814,-0.13410313,-0.97364849,0
-0.075784624,-1.4080225,-0.7496345,0.564614,-0.79641068,0.21665817,0
-2.5413015,-1.4628758,-0.99389052,-0.8044787,-0.58969998,-0.071188092,0
-0.45373613,0.96867132,0.4701291,-0.564614,0.79641068,-0.21665817,0
-2.1920118,-2.0603123,0.17663693,-0.8044787,-0.58969998,-0.071188092,0
2.3744287,2.0033984,-0.23929358,0.8044787,0.58969998,0.071188092,0
1.9888587,1.6178083,-0.80987287,0.18445814,-0.13410313,-0.97364849,0
-2.7040112,-1.2635999,-0.63111138,-0.8044787,-0.58969998,-0.071188092,0
2.4645994,1.6588022,0.2120738,0.8044787,0.58969998,0.071188092,0
-2.1101785,-1.8030536,0.82435036,-0.18445814,0.13410313,0.97364849,0
-1.8790934,-2.4003372,-0.1601696,-0.8044787,-0.58969998,-0.071188092,0
-2.3615124,-1.2156572,0.84898424,-0.18445814,0.13410313,0.97364849,0
-0.6197505,0.59879959,-0.7984373,-0.564614,0.79641068,-0.21665817,0
-0.075731695,-1.4151226,-0.11938131,0.564614,-0.79641068,0.21665817,0
-2.36728,-1.0412318,0.77690935,-0.18445814,0.13410313,0.97364849,0
2.6303468,1.514102,0.2154007,0.8044787,0.58969998,0.071188092,0
-2.8037071,-0.77314913,0.13491344,-0.564614,0.79641068,-0.21665817,0
0.63466918,-0.69217145,0.82741082,0.564614,-0.79641068,0.21665817,0
-2.7160001,-1.5216225,0.32711172,-0.8044787,-0.58969998,-0.071188092,0
2.2776823,1.744571,0.8319757,0.8044787,0.58969998,0.071188092,0
0.711954,-0.18559265,1.104015,-0.18445814,0.13410313,0.97364849,0
-1.0620534,-2.1076293,-0.63593924,0.564614,-0.79641068,0.21665817,0
0.82329154,1.0931085,1.0556116,-0.18445814,0.13410313,0.97364849,0
2.369246,1.875581,-0.0036857128,0.8044787,0.58969998,0.071188092,0
-2.4210336,-1.5820727,-0.28506446,-0.8044787,-0.58969998,-0.071188092,0
1.4129112,2.150888,0.99858415,-0.18445814,0.13410313,0.97364849,0
-2.9715874,-1.1574615,0.67797732,-0.8044787,-0.58969998,-0.071188092,0
2.5880516,1.5129273,0.96904397,0.8044787,0.58969998,0.071188092,0
-0.96034288,-2.0400333,-0.69355416,0.564614,-0.79641068,0.21665817,0
1.3131549,2.2107074,-0.15390801,-0.564614,0.79641068,-0.21665817,0
1.0861868,1.3662474,-0.99003017,0.18445814,-0.13410313,-0.97364849,0
-1.6518161,-2.4032884,-0.0065915585,0.564614,-0.79641068,0.21665817,0
-2.2535284,-2.106674,-0.49829674,-0.8044787,-0.58969998,-0.071188092,0
-2.3103445,-0.68172485,0.74704766,-0.18445814,0.13410313,0.97364849,0
1.950829,-0.063403845,-0.39617765,0.564614,-0.79641068,0.21665817,0
1.9715273,2.4802036,0.03314209,0.8044787,0.58969998,0.071188092,0
-2.0253253,-0.15311968,0.14746761,-0.564614,0.79641068,-0.21665817,0
2.0644963,1.1277598,1.1621797,-0.18445814,0.13410313,0.97364849,0
2.1302433,1.8050861,-0.93472242,0.18445814,-0.13410313,-0.97364849,0
3.063889,0.99655557,0.13942194,0.8044787,0.58969998,0.071188092,0
-2.5171371,-1.5926509,-0.77908611,-0.8044787,-0.58969998,-0.071188092,0
-1.9738426,-1.0080225,0.74712825,-0.18445814,0.13410313,0.97364849,0
-0.71757245,0.049877524,0.94279891,-0.18445814,0.13410313,0.97364849,0
0.23889843,-1.0951607,0.10689092,0.564614,-0.79641068,0.21665817,0
2.7650714,0.64572585,-0.33094859,0.564614,-0.79641068,0.21665817,0
1.615603,-0.082867026,0.46402198,0.564614,-0.79641068,0.21665817,0
2.2114024,0.85428995,1.4252464,-0.18445814,0.13410313,0.97364849,0
-1.640188,-0.18252194,0.65835094,-0.18445814,0.13410313,0.97364849,0
-2.2989035,-0.59408748,-0.35313165,-0.564614,0.79641068,-0.21665817,0
2.6422517,0.57754385,-0.027048111,0.564614,-0.79641068,0.21665817,0
2.2792871,0.85716397,-0.76006651,0.18445814,-0.13410313,-0.97364849,0
0.84738708,1.4614909,-1.0018284,-0.564614,0.79641068,-0.21665817,0
-2.9627078,-1.1992666,-0.026186943,-0.8044787,-0.58969998,-0.071188092,0
0.52975631,-0.59410667,1.1162037,0.564614,-0.79641068,0.21665817,0
-2.0780907,-2.3096004,0.38844967,-0.8044787,-0.58969998,-0.071188092,0
-1.6176087,-0.76252455,0.81416845,-0.18445814,0.13410313,0.97364849,0
0.1131994,-1.0317498,0.19184297,0.564614,-0.79641068,0.21665817,0
-2.0645425,-1.6926961,0.77219844,-0.18445814,0.13410313,0.97364849,0
-2.3296161,-2.0665143,0.7890563,-0.8044787,-0.58969998,-0.071188092,0
-3.0373182,-0.85589439,0.45982814,-0.8044787,-0.58969998,-0.071188092,0
-0.79158401,-0.84086704,1.0215592,-0.18445814,0.13410313,0.97364849,0
2.4507344,1.7870951,0.018040657,0.8044787,0.58969998,0.071188092,0
-0.25581846,-1.4529163,-0.2536726,0.564614,-0.79641068,0.21665817,0
0.68062115,1.5214417,-0.38533318,-0.564614,0.79641068,-0.21665817,0
-2.006988,-0.36136889,-1.1715292,-0.564614,0.79641068,-0.21665817,0
-2.1786237,-1.0545232,0.68073702,-0.18445814,0.13410313,0.97364849,0
1.7117801,-0.17693031,-0.43364233,0.564614,-0.79641068,0.21665817,0
-1.3748335,0.20634031,-0.40297201,-0.564614,0.79641068,-0.21665817,0
1.705826,2.4871991,0.92977095,-0.18445814,0.13410313,0.97364849,0
2.9337127,0.93508053,0.13224196,0.564614,-0.79641068,0.21665817,0
-0.14374316,-0.98254716,1.0047566,0.564614,-0.79641068,0.21665817,0
0.19844866,0.39429349,-1.1234639,0.18445814,-0.13410313,-0.97364849,0
-0.15121293,0.93311876,0.87121844,-0.18445814,0.13410313,0.97364849,0
-2.5942564,-1.206754,-1.4360101,0.18445814,-0.13410313,-0.97364849,0
1.2994332,2.3304791,0.32047153,-0.564614,0.79641068,-0.21665817,0
-2.820894,-1.2180736,-1.0285833,-0.8044787,-0.58969998,-0.071188092,0
-0.31398499,-0.41746673,0.99952888,-0.18445814,0.13410313,0.97364849,0
2.1800885,1.8965161,0.98877215,0.8044787,0.58969998,0.071188092,0
-0.22842529,-1.402823,0.21246576,0.564614,-0.79641068,0.21665817,0
-0.97542334,-1.4580934,-1.0092148,0.18445814,-0.13410313,-0.97364849,0
1.1166835,0.17276138,-0.79189759,0.18445814,-0.13410313,-0.97364849,0
0.77844918,-0.29351568,-0.86765051,0.18445814,-0.13410313,-0.97364849,0
-0.42223883,-1.5092945,0.38472843,0.564614,-0.79641068,0.21665817,0
-1.3878813,0.26974201,0.22772002,-0.564614,0.79641068,-0.21665817,0
-2.1404514,-2.1702876,-0.43189788,-0.8044787,-0.58969998,-0.071188092,0
-1.8651637,-2.3960011,-0.043320894,-0.8044787,-0.58969998,-0.071188092,0
0.79117596,1.1578037,-1.1276567,0.18445814,-0.13410313,-0.97364849,0
-0.2078746,0.40893155,-1.0838144,0.18445814,-0.13410313,-0.97364849,0
2.8290071,1.0078813,0.83931208,0.564614,-0.79641068,0.21665817,0
-1.6544396,-1.7502154,-1.1118,0.18445814,-0.13410313,-0.97364849,0
-1.0723237,0.5336076,0.79740572,-0.18445814,0.13410313,0.97364849,0
-2.0387521,-2.2772589,-0.88785458,-0.8044787,-0.58969998,-0.071188092,0
0.023440778,-0.36396629,-0.93200737,0.18445814,-0.13410313,-0.97364849,0
0.34862638,-0.81525773,0.67813116,0.564614,-0.79641068,0.21665817,0
2.5346437,1.7020884,-0.26672721,0.8044787,0.58969998,0.071188092,0
0.92332888,0.59912896,-1.0211384,0.18445814,-0.13410313,-0.97364849,0
2.1943367,2.0343168,0.78590727,0.8044787,0.58969998,0.071188092,0
-0.98018932,-1.9168026,-0.29455066,0.564614,-0.79641068,0.21665817,0
-1.2885503,-1.9554386,1.0373573,-0.18445814,0.13410313,0.97364849,0
-2.089304,-2.2477231,0.096580267,-0.8044787,-0.58969998,-0.071188092,0
2.6512346,1.1972948,1.195493,0.8044787,0.58969998,0.071188092,0
2.4769676,1.0317791,-0.63851357,0.18445814,-0.13410313,-0.97364849,0
-1.0237536,0.79791117,0.66579872,-0.564614,0.79641068,-0.21665817,0
-0.50929987,0.60234684,-1.0322562,-0.564614,0.79641068,-0.21665817,0
-2.0557694,-2.4434464,0.62390542,-0.8044787,-0.58969998,-0.071188092,0
1.8364804,2.3901844,0.8885529,0.8044787,0.58969998,0.071188092,0
2.9399514,0.94298744,0.14093566,0.564614,-0.79641068,0.21665817,0
-2.8771527,-1.2010481,-0.13771677,-0.8044787,-0.58969998,-0.071188092,0
-0.83426619,0.40549588,0.84387994,-0.18445814,0.13410313,0.97364849,0
1.0959315,1.7884734,-0.65263271,-0.564614,0.79641068,-0.21665817,0
2.1598167,1.9963508,0.90670419,0.8044787,0.58969998,0.071188092,0
2.1698744,0.2508229,-0.34794462,0.564614,-0.79641068,0.21665817,0
2.5475905,1.6920116,0.110322,0.8044787,0.58969998,0.071188092,0
3.0427184,0.87017691,0.14831328,0.8044787,0.58969998,0.071188092,0
-0.69129324,0.86512947,0.81851923,-0.564614,0.79641068,-0.21665817,0
-2.1696646,-0.57025224,-0.89246356,-0.564614,0.79641068,-0.21665817,0
-2.7341449,-1.2982923,-0.55240393,-0.8044787,-0.58969998,-0.071188092,0
2.8112559,0.68006176,-0.63812137,0.18445814,-0.13410313,-0.97364849,0
-1.0513117,0.44897735,-0.29734391,-0.564614,0.79641068,-0.21665817,0
-0.77520049,-0.24999362,-1.0610614,0.18445814,-0.13410313,-0.97364849,0
2.6240387,1.4870255,-0.49786711,0.8044787,0.58969998,0.071188092,0
-2.2584634,-1.9133363,-0.15634656,-0.8044787,-0.58969998,-0.071188092,0
1.2272151,0.46070802,1.1072074,-0.18445814,0.13410313,0.97364849,0
-2.4566076,-1.5227842,-1.0358852,-0.8044787,-0.58969998,-0.071188092,0
-1.9445963,-1.6791953,-1.2067105,0.18445814,-0.13410313,-0.97364849,0
-0.64552873,-1.7620126,0.14517605,0.564614,-0.79641068,0.21665817,0
-0.090594769,-1.5214039,-0.36829901,0.564614,-0.79641068,0.21665817,0
-1.289678,0.047824383,-1.264653,0.18445814,-0.13410313,-0.97364849,0
0.78148794,-0.83732951,-0.20946467,0.564614,-0.79641068,0.21665817,0
-2.420424,-0.31848121,0.092884064,-0.564614,0.79641068,-0.21665817,0
-2.870842,-1.0353914,0.050001144,-0.8044787,-0.58969998,-0.071188092,0
-1.8770134,-0.91136676,0.70418406,-0.18445814,0.13410313,0.97364849,0
1.997015,2.269145,-0.082886457,0.8044787,0.58969998,0.071188092,0
-0.75704306,0.25772297,0.90571433,-0.18445814,0.13410313,0.97364849,0
2.8427742,0.9899869,0.43108749,0.564614,-0.79641068,0.21665817,0
1.4889339,0.33071178,-0.86013448,0.18445814,-0.13410313,-0.97364849,0
-2.8531175,-1.0598569,-0.90921581,-0.8044787,-0.58969998,-0.071188092,0
2.5742769,1.2142723,1.3371565,-0.18445814,0.13410313,0.97364849,0
1.9615855,2.2192969,0.99519873,0.8044787,0.58969998,0.071188092,0
0.99146128,1.6542368,0.9544884,-0.18445814,0.13410313,0.97364849,0
0.49611464,-0.55825531,0.82992476,0.564614,-0.79641068,0.21665817,0
-1.2672491,0.35380185,0.7917363,-0.18445814,0.13410313,0.97364849,0
-0.44195005,1.0695212,0.14822513,-0.564614,0.79641068,-0.21665817,0
-2.8025556,-1.4493272,0.27441573,-0.8044787,-0.58969998,-0.071188092,0
-2.6679068,-1.5095965,-0.84859657,-0.8044787,-0.58969998,-0.071188092,0
2.2164569,0.78896058,1.3127642,0.564614,-0.79641068,0.21665817,0
-3.0876069,-0.92260599,0.060110569,-0.564614,0.79641068,-0.21665817,0
-2.8821259,-0.61938632,0.30419874,-0.564614,0.79641068,-0.21665817,0
-2.1620893,-1.6750236,-1.2663187,0.18445814,-0.13410313,-0.97364849,0
-1.2877967,-2.0110674,0.28263283,0.564614,-0.79641068,0.21665817,0
-2.2540767,-1.9516355,-0.0098881721,-0.8044787,-0.58969998,-0.071188092,0
-2.3712475,-1.6785009,-0.1489377,-0.8044787,-0.58969998,-0.071188092,0
-1.7969365,-2.3650968,-0.90275025,-0.8044787,-0.58969998,-0.071188092,0
-0.74712515,-0.62075371,1.0661712,-0.18445814,0.13410313,0.97364849,0
-1.9612135,-2.4801931,-0.78583384,-0.8044787,-0.58969998,-0.071188092,0
1.1419441,-0.59447992,-0.53493369,0.564614,-0.79641068,0.21665817,0
1.361002,0.067576289,-0.79193866,0.18445814,-0.13410313,-0.97364849,0
2.4996812,1.5399201,0.75892758,0.8044787,0.58969998,0.071188092,0
2.4968641,1.7229152,-0.7810092,0.18445814,-0.13410313,-0.97364849,0
1.4192697,1.9286287,1.0527276,-0.18445814,0.13410313,0.97364849,0
2.2767396,1.7207139,1.0535756,0.8044787,0.58969998,0.071188092,0
1.4988363,2.1084456,-0.58696055,-0.564614,0.79641068,-0.21665817,0
1.1163391,1.5693123,-1.0664897,0.18445814,-0.13410313,-0.97364849,0
0.84949267,1.02194,1.0843308,-0.18445814,0.13410313,0.97364849,0
-2.5998638,-1.5215062,0.3406868,-0.8044787,-0.58969998,-0.071188092,0
2.7568653,1.5331974,-0.61671352,0.8044787,0.58969998,0.071188092,0
-1.6253453,-1.2790648,0.89212966,-0.18445814,0.13410313,0.97364849,0
1.6541657,2.2770715,-0.42337728,-0.564614,0.79641068,-0.21665817,0
0.84443444,1.3838451,0.96444315,-0.18445814,0.13410313,0.97364849,0
0.32357305,0.4068667,1.1157981,-0.18445814,0.13410313,0.97364849,0
-3.0155621,-1.0229816,0.044007063,-0.8044787,-0.58969998,-0.071188092,0
-1.941426,-2.4362988,0.51018953,0.564614,-0.79641068,0.21665817,0
2.8296645,1.1610214,0.87032032,0.8044787,0.58969998,0.071188092,0
2.6469569,1.2736911,-0.79114294,0.18445814,-0.13410313,-0.97364849,0
-0.66987783,0.7504338,-0.16626863,-0.564614,0.79641068,-0.21665817,0
-2.1445034,-0.61951721,-1.3284428,0.18445814,-0.13410313,-0.97364849,0
2.0620213,2.2702272,-0.17988658,0.8044787,0.58969998,0.071188092,0
2.0082214,2.2235017,0.47732854,0.8044787,0.58969998,0.071188092,0
-2.9128444,-1.0993654,-1.388021,-0.8044787,-0.58969998,-0.071188092,0
0.65635723,-0.37130147,1.2285565,-0.18445814,0.13410313,0.97364849,0
-3.1085405,-0.96955466,0.39394689,-0.8044787,-0.58969998,-0.071188092,0
0.64490771,0.19646528,-0.89917529,0.18445814,-0.13410313,-0.97364849,0
1.2076231,2.0667474,0.92857862,-0.18445814,0.13410313,0.97364849,0
2.4456668,1.7158661,1.0798461,0.8044787,0.58969998,0.071188092,0
2.8047802,1.1915885,-0.28131056,0.8044787,0.58969998,0.071188092,0
-1.1878922,-2.0252719,0.72050571,0.564614,-0.79641068,0.21665817,0
-1.2766843,-1.1416235,-1.1769185,0.18445814,-0.13410313,-0.97364849,0
0.84541959,1.6691918,-0.64947844,-0.564614,0.79641068,-0.21665817,0
-2.4079785,-1.7049572,-0.9715836,-0.8044787,-0.58969998,-0.071188092,0
0.44419533,0.83361399,0.90516531,-0.18445814,0.13410313,0.97364849,0
-2.7957206,-1.3784312,0.38370752,-0.8044787,-0.58969998,-0.071188092,0
2.1912355,0.41072702,0.80381608,0.564614,-0.79641068,0.21665817,0
2.2260573,2.173255,-0.26475382,0.8044787,0.58969998,0.071188092,0
1.4752944,2.1342335,-0.24023247,-0.564614,0.79641068,-0.21665817,0
-2.8678226,-1.0159117,-0.97029293,-0.8044787,-0.58969998,-0.071188092,0
-0.1612612,0.012625217,0.99023312,-0.18445814,0.13410313,0.97364849,0
-0.22383511,-1.0465419,1.1428978,0.564614,-0.79641068,0.21665817,0
-2.2242663,-2.1041141,-0.62373686,-0.8044787,-0.58969998,-0.071188092,0
2.5685496,1.6131357,-0.47961235,0.8044787,0.58969998,0.071188092,0
0.030302677,1.3562548,0.14951813,-0.564614,0.79641068,-0.21665817,0
-2.4837189,-1.7248116,-0.30024076,-0.8044787,-0.58969998,-0.071188092,0
2.1089408,2.1637735,0.62194657,0.8044787,0.58969998,0.071188092,0
0.86659294,1.9502363,0.86446345,-0.18445814,0.13410313,0.97364849,0
1.2818536,2.2837212,-0.010635614,-0.564614,0.79641068,-0.21665817,0
-1.2579588,-0.31900454,-1.139537,0.18445814,-0.13410313,-0.97364849,0
2.0559397,2.2342019,-0.76151061,0.8044787,0.58969998,0.071188092,0
2.849633,1.1094882,0.082235098,0.8044787,0.58969998,0.071188092,0
-1.5427209,-0.26202351,0.71282744,-0.18445814,0.13410313,0.97364849,0
1.3232822,-0.070437551,-0.69106615,0.18445814,-0.13410313,-0.97364849,0
2.2735126,0.26784217,-0.58435524,0.18445814,-0.13410313,-0.97364849,0
2.1912642,2.1135342,0.38078284,0.8044787,0.58969998,0.071188092,0
-1.7996939,-2.5394177,-0.34404325,0.564614,-0.79641068,0.21665817,0
1.7157879,1.323073,1.2686069,-0.18445814,0.13410313,0.97364849,0
-1.1253462,-1.7349393,-0.9397521,0.18445814,-0.13410313,-0.97364849,0
-1.9063227,-2.3406444,-0.93634629,-0.8044787,-0.58969998,-0.071188092,0
-1.9336727,-0.41967237,0.77134728,-0.18445814,0.13410313,0.97364849,0
-1.0153756,0.282911,-0.76742548,-0.564614,0.79641068,-0.21665817,0
-2.7802296,-1.095402,-0.55228591,-0.8044787,-0.58969998,-0.071188092,0
1.2294072,-0.26528847,0.24482229,0.564614,-0.79641068,0.21665817,0
