-1.2779027,-1.2715482,1.5135748,-0.45779192,0.0022691637,0.88905656,0
2.1563578,0.87893069,-1.1391518,0.45779192,-0.0022691637,-0.88905656,0
-1.7739298,-0.50101781,1.3530974,-0.45779192,0.0022691637,0.88905656,0
0.63617623,-0.92902422,0.41216058,0.80816543,-0.41570699,0.41720062,0
1.1589284,1.5717195,-1.5413401,0.3705337,0.90949583,0.18847342,0
-0.71697253,-1.6743815,1.5170896,-0.3705337,-0.90949583,-0.18847342,0
-1.5844493,0.64737272,1.464448,-0.45779192,0.0022691637,0.88905656,0
0.19568712,-0.21775174,1.6280168,0.80816543,-0.41570699,0.41720062,0
0.40674087,-1.2246523,0.20857361,0.80816543,-0.41570699,0.41720062,0
-1.3183689,-0.010777473,-0.016040623,-0.80816543,0.41570699,-0.41720062,0
-1.2372957,-0.98926091,-0.71718836,-0.3705337,-0.90949583,-0.18847342,0
-1.213609,-1.067343,-0.20486075,-0.3705337,-0.90949583,-0.18847342,0
1.3874907,0.41961867,-0.075531244,0.80816543,-0.41570699,0.41720062,0
-0.22279608,1.0790596,2.1976371,-0.45779192,0.0022691637,0.88905656,0
2.1121006,0.90503299,-0.71603465,0.80816543,-0.41570699,0.41720062,0
0.90514743,-1.0232663,-0.23782146,0.80816543,-0.41570699,0.41720062,0
-0.10456091,0.25769675,-2.1129293,-0.80816543,0.41570699,-0.41720062,0
-0.69983292,-1.3427198,0.025519371,-0.3705337,-0.90949583,-0.18847342,0
-1.3472083,-1.0554671,1.6334963,-0.45779192,0.0022691637,0.88905656,0
-0.68270248,-0.72109151,1.8896527,-0.45779192,0.0022691637,0.88905656,0
0.59459043,1.0947075,1.246289,0.3705337,0.90949583,0.18847342,0
-1.0645819,-1.5584253,1.2805445,-0.3705337,-0.90949583,-0.18847342,0
0.48566496,1.3685356,0.38762274,0.3705337,0.90949583,0.18847342,0
-0.56139374,-1.1500283,-1.0863241,-0.3705337,-0.90949583,-0.18847342,0
0.46999887,-0.31862009,1.0220773,0.80816543,-0.41570699,0.41720062,0
-1.4274302,-1.0396106,-0.13728118,-0.3705337,-0.90949583,-0.18847342,0
0.25693646,0.42236388,-2.1673403,0.45779192,-0.0022691637,-0.88905656,0
-0.46825916,-0.061961532,2.1119177,-0.45779192,0.0022691637,0.88905656,0
-0.53932941,-0.55347884,-1.7159801,-0.80816543,0.41570699,-0.41720062,0
-1.1015506,-1.4008601,0.53494489,-0.3705337,-0.90949583,-0.18847342,0
0.039045274,0.61844158,-2.0707994,-0.80816543,0.41570699,-0.41720062,0
1.1175095,-1.7018714,-1.657402,0.45779192,-0.0022691637,-0.88905656,0
2.0154893,0.9116745,-0.80133486,0.3705337,0.90949583,0.18847342,0
-1.4741188,-0.56772268,1.4308405,-0.45779192,0.0022691637,0.88905656,0
-0.74418378,1.0944011,0.31404132,-0.80816543,0.41570699,-0.41720062,0
0.33850193,0.49440253,2.2222095,0.80816543,-0.41570699,0.41720062,0
-1.6018593,0.23628479,1.3237514,-0.45779192,0.0022691637,0.88905656,0
0.51038152,1.1338615,-1.9892268,0.45779192,-0.0022691637,-0.88905656,0
-1.7966089,-0.86664379,0.12102044,-0.80816543,0.41570699,-0.41720062,0
0.34314084,1.1168454,1.9111116,0.3705337,0.90949583,0.18847342,0
-1.4666154,-0.69377553,-0.38997006,-0.80816543,0.41570699,-0.41720062,0
1.0033002,0.24447292,0.57264841,0.80816543,-0.41570699,0.41720062,0
-0.70004874,-0.96293104,1.9508889,-0.45779192,0.0022691637,0.88905656,0
-1.0924693,0.95592821,0.59020162,-0.80816543,0.41570699,-0.41720062,0
-1.6787349,-1.1496229,0.69732118,-0.3705337,-0.90949583,-0.18847342,0
-0.88166726,-1.4536843,0.96782601,-0.3705337,-0.90949583,-0.18847342,0
1.4546466,-0.2708292,-1.6019421,0.45779192,-0.0022691637,-0.88905656,0
1.0859814,1.1727215,-0.21491396,0.3705337,0.90949583,0.18847342,0
-1.205668,-0.39621338,1.6881206,-0.45779192,0.0022691637,0.88905656,0
-0.44398361,-1.4221801,1.8116093,0.80816543,-0.41570699,0.41720062,0
0.84862041,1.3306342,-0.43958294,0.3705337,0.90949583,0.18847342,0
1.3729385,0.95710576,0.16874731,0.3705337,0.90949583,0.18847342,0
0.55901051,1.3269211,0.36999097,0.3705337,0.90949583,0.18847342,0
-0.62053883,-1.3786705,-0.0052309632,-0.3705337,-0.90949583,-0.18847342,0
-1.1733662,-0.9975456,-1.0708739,-0.3705337,-0.90949583,-0.18847342,0
1.5605183,0.81478494,0.027415156,0.80816543,-0.41570699,0.41720062,0
0.83628732,-0.64918911,0.11753896,0.80816543,-0.41570699,0.41720062,0
-1.3371459,0.53491926,1.6254704,-0.45779192,0.0022691637,0.88905656,0
-1.5133419,-0.83745682,1.4943261,-0.45779192,0.0022691637,0.88905656,0
-1.2668248,-1.3177083,1.5303588,-0.45779192,0.0022691637,0.88905656,0
-1.7405337,-0.36061844,1.3132012,-0.45779192,0.0022691637,0.88905656,0
0.28366196,1.2777272,1.1406019,0.3705337,0.90949583,0.18847342,0
-0.046346769,-1.0009255,1.3245914,0.80816543,-0.41570699,0.41720062,0
-0.52657938,1.4847186,1.6388282,0.3705337,0.90949583,0.18847342,0
-0.13327444,1.039098,2.069736,-0.45779192,0.0022691637,0.88905656,0
-0.20862401,-1.2689111,-1.052356,-0.3705337,-0.90949583,-0.18847342,0
1.6432639,0.73883873,-0.14515257,0.80816543,-0.41570699,0.41720062,0
0.54264599,-0.78312171,0.57228994,0.80816543,-0.41570699,0.41720062,0
-1.4560003,-1.3521354,1.5325241,-0.3705337,-0.90949583,-0.18847342,0
0.23169756,1.2823167,1.7587389,0.3705337,0.90949583,0.18847342,0
-0.41121429,1.5388365,0.07242997,-0.80816543,0.41570699,-0.41720062,0
-0.60445881,1.3008134,1.9713978,-0.45779192,0.0022691637,0.88905656,0
1.1631492,-1.8782151,-1.6397066,-0.3705337,-0.90949583,-0.18847342,0
-0.098486543,-0.17101097,2.2533343,0.80816543,-0.41570699,0.41720062,0
-1.0521293,-0.27703941,1.76614,-0.45779192,0.0022691637,0.88905656,0
-1.4712257,-0.31255716,0.12028754,-0.80816543,0.41570699,-0.41720062,0
-0.56866479,-1.3775945,-0.57311589,-0.3705337,-0.90949583,-0.18847342,0
-1.5835788,-0.59303808,1.3619795,-0.45779192,0.0022691637,0.88905656,0
-1.7487907,-0.90239072,0.23543346,-0.80816543,0.41570699,-0.41720062,0
-0.44599104,0.5198006,-1.1976918,-0.80816543,0.41570699,-0.41720062,0
0.4750452,1.0147241,1.6904297,0.3705337,0.90949583,0.18847342,0
-0.76624882,1.6183158,0.50897151,-0.80816543,0.41570699,-0.41720062,0
1.1377039,0.69587898,0.98684824,0.80816543,-0.41570699,0.41720062,0
-2.0463703,-0.84930104,0.64636564,-0.80816543,0.41570699,-0.41720062,0
-0.31245095,0.37447572,-1.61213,-0.80816543,0.41570699,-0.41720062,0
1.1346557,1.2958212,-0.92754734,0.3705337,0.90949583,0.18847342,0
0.14600182,-0.84498793,-2.1920202,0.45779192,-0.0022691637,-0.88905656,0
1.0958712,-0.4589873,-0.36286795,0.80816543,-0.41570699,0.41720062,0
-1.1451445,1.5770831,1.6333636,-0.45779192,0.0022691637,0.88905656,0
-1.0800586,1.4411294,1.1634983,-0.80816543,0.41570699,-0.41720062,0
1.3129382,0.90055788,-1.6837683,0.45779192,-0.0022691637,-0.88905656,0
1.0096697,1.5053394,-1.0053443,0.3705337,0.90949583,0.18847342,0
0.80196333,-1.6143374,-1.7274101,0.45779192,-0.0022691637,-0.88905656,0
2.135489,0.96962678,-1.1889706,0.45779192,-0.0022691637,-0.88905656,0
-0.55861962,-0.39061022,-1.5497224,-0.80816543,0.41570699,-0.41720062,0
1.439806,0.51400226,-1.4859381,0.45779192,-0.0022691637,-0.88905656,0
-1.9715139,-0.039357007,1.18753,-0.80816543,0.41570699,-0.41720062,0
0.69814509,-0.61947572,-1.8735102,0.45779192,-0.0022691637,-0.88905656,0
0.22228706,1.4970388,0.26400569,0.3705337,0.90949583,0.18847342,0
1.1674012,0.96280676,0.49924982,0.3705337,0.90949583,0.18847342,0
0.19928265,0.30079961,-2.0504689,0.45779192,-0.0022691637,-0.88905656,0
0.15400469,1.6804737,-1.0563042,-0.80816543,0.41570699,-0.41720062,0
-1.2717152,-0.34642619,-0.13015479,-0.80816543,0.41570699,-0.41720062,0
0.053893089,1.3556439,0.89002705,0.3705337,0.90949583,0.18847342,0
1.057034,1.2823589,0.10169721,0.3705337,0.90949583,0.18847342,0
-0.72403198,-0.26987162,1.8424248,-0.45779192,0.0022691637,0.88905656,0
-0.70412326,1.1632831,1.9436955,-0.45779192,0.0022691637,0.88905656,0
1.5009146,-0.67155135,-1.4138551,0.45779192,-0.0022691637,-0.88905656,0
0.76225054,-1.7036207,-1.2331944,-0.3705337,-0.90949583,-0.18847342,0
-1.2139543,0.29572302,0.17107797,-0.80816543,0.41570699,-0.41720062,0
1.4775761,-0.25972053,-1.4445016,0.45779192,-0.0022691637,-0.88905656,0
1.216471,0.99456155,1.0019073,0.80816543,-0.41570699,0.41720062,0
-0.12743081,-1.1190112,1.6044792,0.80816543,-0.41570699,0.41720062,0
0.0092074871,-1.3714226,-1.2926691,-0.3705337,-0.90949583,-0.18847342,0
-1.6809725,-1.0274675,0.056331515,-0.3705337,-0.90949583,-0.18847342,0
-1.1792656,-1.0545502,1.6199594,-0.45779192,0.0022691637,0.88905656,0
1.5414107,0.74408621,0.30670053,0.80816543,-0.41570699,0.41720062,0
1.50436,-0.49375096,-1.1926497,0.80816543,-0.41570699,0.41720062,0
0.39081475,0.3594532,-2.1266117,0.45779192,-0.0022691637,-0.88905656,0
-1.1668736,0.67870981,1.6990674,-0.45779192,0.0022691637,0.88905656,0
-1.5013547,0.56504261,0.83572078,-0.80816543,0.41570699,-0.41720062,0
-0.068139076,-0.80793107,-2.1765738,0.45779192,-0.0022691637,-0.88905656,0
-0.087246537,1.8117199,-0.21319318,0.3705337,0.90949583,0.18847342,0
0.22413313,-1.3135667,-1.7765403,-0.3705337,-0.90949583,-0.18847342,0
0.11931133,0.95257378,2.3686218,-0.45779192,0.0022691637,0.88905656,0
0.84173834,-1.153264,-0.40261966,0.80816543,-0.41570699,0.41720062,0
-0.12261534,1.6646459,-0.25277436,0.3705337,0.90949583,0.18847342,0
0.33716416,-1.7372376,-0.20049715,-0.3705337,-0.90949583,-0.18847342,0
1.0340092,1.4294602,-1.282341,0.3705337,0.90949583,0.18847342,0
-0.83012545,-0.76110768,-1.690169,-0.80816543,0.41570699,-0.41720062,0
1.2406695,-1.6758349,-1.6194525,0.45779192,-0.0022691637,-0.88905656,0
-0.5936799,0.96115273,-0.12557328,-0.80816543,0.41570699,-0.41720062,0
0.038949609,-1.6433274,0.26445949,-0.3705337,-0.90949583,-0.18847342,0
1.4017856,-0.048550561,-1.4365637,0.45779192,-0.0022691637,-0.88905656,0
-2.0327902,-0.42190939,1.0614839,-0.80816543,0.41570699,-0.41720062,0
-0.39747,0.070846796,-1.4725599,-0.80816543,0.41570699,-0.41720062,0
-0.71516287,-0.68801236,1.9059877,-0.45779192,0.0022691637,0.88905656,0
-0.48077834,0.99283433,2.1056306,-0.45779192,0.0022691637,0.88905656,0
-1.2249274,-1.1542568,-0.50201142,-0.3705337,-0.90949583,-0.18847342,0
0.48591638,1.5025216,0.17464817,0.3705337,0.90949583,0.18847342,0
-0.58442163,-1.1341038,-1.5221816,-0.3705337,-0.90949583,-0.18847342,0
0.85838419,-1.7674212,-0.91147524,0.80816543,-0.41570699,0.41720062,0
0.45664299,-1.2047412,-2.0907533,0.45779192,-0.0022691637,-0.88905656,0
0.86819786,-1.0783374,-0.48275405,0.80816543,-0.41570699,0.41720062,0
0.21859944,-0.78979903,-2.0749228,0.45779192,-0.0022691637,-0.88905656,0
-1.9237674,-1.042701,0.92943716,-0.3705337,-0.90949583,-0.18847342,0
0.63870442,0.42953074,1.7897693,0.80816543,-0.41570699,0.41720062,0
0.76218081,-0.044518113,1.0505484,0.80816543,-0.41570699,0.41720062,0
-1.8379068,-1.0952783,0.53672254,-0.3705337,-0.90949583,-0.18847342,0
0.041701317,1.3825849,-1.1603354,-0.80816543,0.41570699,-0.41720062,0
0.98033249,0.63265038,-1.6561744,0.45779192,-0.0022691637,-0.88905656,0
1.5355619,0.5711422,-1.4301088,0.45779192,-0.0022691637,-0.88905656,0
0.16407907,-1.4113584,-1.0404873,-0.3705337,-0.90949583,-0.18847342,0
1.0445766,-1.2257367,-0.93052375,0.80816543,-0.41570699,0.41720062,0
-0.37548989,-0.60501003,1.998188,-0.45779192,0.0022691637,0.88905656,0
2.1657572,0.95459294,-1.1870871,0.45779192,-0.0022691637,-0.88905656,0
-1.150506,1.5618104,1.6401747,-0.45779192,0.0022691637,0.88905656,0
0.83867151,1.5604079,-1.8312492,0.45779192,-0.0022691637,-0.88905656,0
-1.1136979,-1.2993845,0.28402281,-0.3705337,-0.90949583,-0.18847342,0
-0.85504889,-0.52918148,-1.0765227,-0.80816543,0.41570699,-0.41720062,0
0.81455678,1.3862824,-1.8913975,0.45779192,-0.0022691637,-0.88905656,0
0.70232916,0.82937467,-1.8062389,0.45779192,-0.0022691637,-0.88905656,0
-0.081207752,1.3410888,1.3496243,0.3705337,0.90949583,0.18847342,0
-0.048279464,-0.35545194,2.275646,-0.45779192,0.0022691637,0.88905656,0
-2.0136735,-0.52226013,0.8850224,-0.80816543,0.41570699,-0.41720062,0
1.4177644,0.28409007,-1.6141069,0.45779192,-0.0022691637,-0.88905656,0
-0.24322402,0.31115842,2.1399002,-0.45779192,0.0022691637,0.88905656,0
0.029144883,0.33029437,-2.0194082,-0.80816543,0.41570699,-0.41720062,0
1.5809417,-0.66699308,-1.2155292,0.80816543,-0.41570699,0.41720062,0
-2.0983884,-1.0408883,1.1252806,-0.3705337,-0.90949583,-0.18847342,0
-1.0577719,-1.4332304,1.537323,-0.3705337,-0.90949583,-0.18847342,0
0.81264365,-1.4954896,-1.913245,0.45779192,-0.0022691637,-0.88905656,0
-0.38044155,0.94212902,2.0142794,-0.45779192,0.0022691637,0.88905656,0
0.83490801,0.61367667,1.4649631,0.80816543,-0.41570699,0.41720062,0
0.69762135,-0.85496074,-1.926317,0.45779192,-0.0022691637,-0.88905656,0
2.0803733,0.95640838,-1.1318691,0.3705337,0.90949583,0.18847342,0
1.8069685,0.95297235,-1.3851318,0.45779192,-0.0022691637,-0.88905656,0
0.85151058,1.6509688,-1.519846,0.3705337,0.90949583,0.18847342,0
0.079461336,-0.099183798,2.1894846,0.80816543,-0.41570699,0.41720062,0
-1.2034512,-1.2624434,0.75082362,-0.3705337,-0.90949583,-0.18847342,0
1.1467475,-0.61076844,-0.38610566,0.80816543,-0.41570699,0.41720062,0
0.73674059,-1.6136607,-1.6191624,-0.3705337,-0.90949583,-0.18847342,0
-1.0263059,-1.486851,1.5554426,-0.3705337,-0.90949583,-0.18847342,0
0.2265771,0.0013839006,-2.066443,0.45779192,-0.0022691637,-0.88905656,0
-0.53741705,-1.1780425,-1.3980095,-0.3705337,-0.90949583,-0.18847342,0
-0.43607926,-1.0780051,-2.3671241,-0.3705337,-0.90949583,-0.18847342,0
1.2365172,1.2407751,-1.7093003,0.45779192,-0.0022691637,-0.88905656,0
-0.43706644,1.7017044,1.1241124,0.3705337,0.90949583,0.18847342,0
1.1022927,1.0720184,0.92340612,0.3705337,0.90949583,0.18847342,0
1.4278147,-0.85690814,-1.4066676,0.45779192,-0.0022691637,-0.88905656,0
1.2075887,1.4339707,-1.4371607,0.3705337,0.90949583,0.18847342,0
-1.2543721,0.67102104,1.6226206,-0.45779192,0.0022691637,0.88905656,0
0.00069320202,0.90125078,2.2950845,-0.45779192,0.0022691637,0.88905656,0
-0.80628461,-0.12313214,1.8080889,-0.45779192,0.0022691637,0.88905656,0
0.8811574,1.0727401,1.2563159,0.3705337,0.90949583,0.18847342,0
0.86000311,-1.2609488,-1.8772187,0.45779192,-0.0022691637,-0.88905656,0
-0.0060497522,1.2449805,1.5245008,0.3705337,0.90949583,0.18847342,0
-0.94882309,-1.3290074,0.24424064,-0.3705337,-0.90949583,-0.18847342,0
-0.2021544,-1.0970488,-2.0154395,-0.3705337,-0.90949583,-0.18847342,0
0.81995314,-1.5505803,-0.60836059,0.80816543,-0.41570699,0.41720062,0
1.5333569,-0.51599699,-1.2542976,0.80816543,-0.41570699,0.41720062,0
-2.1679125,-0.66002268,1.2424223,-0.45779192,0.0022691637,0.88905656,0
1.365384,0.51552951,0.16084385,0.80816543,-0.41570699,0.41720062,0
0.57938778,-0.015337765,-1.9062693,0.45779192,-0.0022691637,-0.88905656,0
-1.4841084,-1.1393619,0.47244227,-0.3705337,-0.90949583,-0.18847342,0
-0.80178797,1.6436925,1.6139789,0.3705337,0.90949583,0.18847342,0
-1.7949855,-0.99402106,1.3015268,-0.45779192,0.0022691637,0.88905656,0
-0.27085817,0.42707384,-1.3263445,-0.80816543,0.41570699,-0.41720062,0
-0.075709105,1.4056585,1.8359313,0.3705337,0.90949583,0.18847342,0
-0.91127813,0.73855996,1.7688546,-0.45779192,0.0022691637,0.88905656,0
0.54188979,1.302006,1.1025118,0.3705337,0.90949583,0.18847342,0
-0.47092581,1.5359391,1.2555505,0.3705337,0.90949583,0.18847342,0
1.0327475,1.4461284,-0.61078525,0.3705337,0.90949583,0.18847342,0
1.125716,-0.012039691,-1.7723031,0.45779192,-0.0022691637,-0.88905656,0
-0.33526039,1.6676018,0.92908406,0.3705337,0.90949583,0.18847342,0
-0.70772648,-1.4059138,0.71271527,-0.3705337,-0.90949583,-0.18847342,0
0.72009486,0.73849624,-1.8656518,0.45779192,-0.0022691637,-0.88905656,0
0.24587747,0.87182659,-1.9653089,-0.80816543,0.41570699,-0.41720062,0
-1.3794072,-1.0111899,-0.72880852,-0.3705337,-0.90949583,-0.18847342,0
0.19183362,1.4273947,-1.2582536,-0.80816543,0.41570699,-0.41720062,0
0.38434947,-1.7630152,0.0071253851,-0.3705337,-0.90949583,-0.18847342,0
0.23188543,1.3314558,1.4328198,0.3705337,0.90949583,0.18847342,0
-1.1130576,-0.045669451,1.5681796,-0.45779192,0.0022691637,0.88905656,0
-1.5178492,0.64431292,1.4465816,-0.45779192,0.0022691637,0.88905656,0
0.18793964,1.670409,-0.89776516,-0.80816543,0.41570699,-0.41720062,0
2.0065739,0.69163001,-1.1358261,0.45779192,-0.0022691637,-0.88905656,0
-1.239104,-0.32904482,-0.53033018,-0.80816543,0.41570699,-0.41720062,0
1.2560904,1.3287358,-1.0577444,0.3705337,0.90949583,0.18847342,0
-1.5737145,-0.26905006,0.17466533,-0.80816543,0.41570699,-0.41720062,0
-0.15811223,1.3319316,-0.58744586,-0.80816543,0.41570699,-0.41720062,0
0.36948502,-1.4860605,-1.0330939,-0.3705337,-0.90949583,-0.18847342,0
-1.7426897,0.030346811,1.2664719,-0.45779192,0.0022691637,0.88905656,0
0.66374648,-0.53797239,0.74833328,0.80816543,-0.41570699,0.41720062,0
0.96026492,-0.96290588,-1.6890184,0.45779192,-0.0022691637,-0.88905656,0
-1.0457035,0.49965668,0.17437649,-0.80816543,0.41570699,-0.41720062,0
-0.11079574,0.75064027,-1.3931532,-0.80816543,0.41570699,-0.41720062,0
1.0223094,-0.4088178,-1.8006582,0.45779192,-0.0022691637,-0.88905656,0
-0.30005717,0.64545673,2.0935984,-0.45779192,0.0022691637,0.88905656,0
-0.8740648,-1.0027359,1.7856693,-0.45779192,0.0022691637,0.88905656,0
0.15128779,1.1893954,2.0402625,0.3705337,0.90949583,0.18847342,0
0.63007534,1.0891496,-1.8708882,0.45779192,-0.0022691637,-0.88905656,0
-0.091280937,-1.3763599,-1.4910631,-0.3705337,-0.90949583,-0.18847342,0
0.63912892,-1.1917577,-1.9008698,0.45779192,-0.0022691637,-0.88905656,0
-1.3075649,0.33903828,0.55369425,-0.80816543,0.41570699,-0.41720062,0
0.22775614,1.3016907,1.3071799,0.3705337,0.90949583,0.18847342,0
-0.1508795,-1.3176801,-1.541624,-0.3705337,-0.90949583,-0.18847342,0
-0.36542559,1.4871016,1.1693522,0.3705337,0.90949583,0.18847342,0
1.0603105,0.36163151,0.81502122,0.80816543,-0.41570699,0.41720062,0
-0.47486424,-0.49410832,-2.0164108,-0.80816543,0.41570699,-0.41720062,0
-1.0410643,-0.91541231,-1.0461063,-0.3705337,-0.90949583,-0.18847342,0
0.16973388,0.16291511,2.3827355,-0.45779192,0.0022691637,0.88905656,0
-1.1495495,1.8173591,1.6276195,0.3705337,0.90949583,0.18847342,0
0.62041092,1.6071199,-0.79243636,0.3705337,0.90949583,0.18847342,0
0.92700124,1.4712434,-1.0679425,0.3705337,0.90949583,0.18847342,0
1.2292407,0.22091062,-1.6824627,0.45779192,-0.0022691637,-0.88905656,0
0.2123363,1.0389011,2.1423628,0.3705337,0.90949583,0.18847342,0
1.4080383,-1.2167616,-1.5963,0.45779192,-0.0022691637,-0.88905656,0
-1.4841307,-1.3264558,1.4891942,-0.45779192,0.0022691637,0.88905656,0
-1.9503793,-0.93525004,0.53958988,-0.3705337,-0.90949583,-0.18847342,0
0.10139,-0.08568871,1.9378334,0.80816543,-0.41570699,0.41720062,0
-0.50819218,-1.1012797,-1.1826489,-0.3705337,-0.90949583,-0.18847342,0
1.0651205,-0.79921091,-1.6677978,0.45779192,-0.0022691637,-0.88905656,0
-1.1147864,0.086935222,0.050056577,-0.80816543,0.41570699,-0.41720062,0
0.52822471,1.5338583,-0.15915793,0.3705337,0.90949583,0.18847342,0
0.36998868,-0.66201466,-2.0493827,0.45779192,-0.0022691637,-0.88905656,0
-0.64007688,1.7542824,1.048562,0.3705337,0.90949583,0.18847342,0
1.1003001,1.0029914,0.61011195,0.3705337,0.90949583,0.18847342,0
0.17040916,0.84364307,-2.0692794,0.45779192,-0.0022691637,-0.88905656,0
0.19334316,1.6538657,-0.70841503,0.3705337,0.90949583,0.18847342,0
-0.61175323,1.7276641,0.27274713,-0.80816543,0.41570699,-0.41720062,0
-0.98376584,-1.2880088,0.49789977,-0.3705337,-0.90949583,-0.18847342,0
-0.28777945,-1.5204566,-0.017680168,-0.3705337,-0.90949583,-0.18847342,0
-0.30258989,0.086439371,2.1961834,-0.45779192,0.0022691637,0.88905656,0
0.47551835,1.6004096,-1.894249,-0.80816543,0.41570699,-0.41720062,0
-1.7160281,-1.1165669,0.68916202,-0.3705337,-0.90949583,-0.18847342,0
1.1824428,-0.15264833,-0.11081988,0.80816543,-0.41570699,0.41720062,0
-1.329856,-0.2179929,1.4776201,-0.45779192,0.0022691637,0.88905656,0
0.75182998,-1.4378493,-1.7755048,0.45779192,-0.0022691637,-0.88905656,0
-0.031737,-1.1009014,1.4463799,0.80816543,-0.41570699,0.41720062,0
1.5003997,-0.55113161,-0.89610195,0.80816543,-0.41570699,0.41720062,0
-0.75816143,1.3163612,1.8922875,-0.45779192,0.0022691637,0.88905656,0
-2.1175575,-0.54074931,1.2704539,-0.45779192,0.0022691637,0.88905656,0
1.1552911,1.5093361,-1.4279966,0.3705337,0.90949583,0.18847342,0
0.39351022,1.3621883,0.43203795,0.3705337,0.90949583,0.18847342,0
1.0426476,-0.41489831,-1.7054622,0.45779192,-0.0022691637,-0.88905656,0
1.0725007,1.1689143,0.11951625,0.3705337,0.90949583,0.18847342,0
0.49594343,1.5740091,-0.99961185,0.3705337,0.90949583,0.18847342,0
-0.48379827,-1.6740983,0.73690867,-0.3705337,-0.90949583,-0.18847342,0
-0.17393136,1.1744156,2.0758288,-0.45779192,0.0022691637,0.88905656,0
-0.63431555,0.2943902,1.9619541,-0.45779192,0.0022691637,0.88905656,0
0.14148796,1.7562084,-0.35601568,0.3705337,0.90949583,0.18847342,0
0.082039177,0.63661683,-1.8054997,-0.80816543,0.41570699,-0.41720062,0
0.4671787,1.0724206,1.6976396,0.3705337,0.90949583,0.18847342,0
-0.45121041,0.38979489,-1.1121795,-0.80816543,0.41570699,-0.41720062,0
0.92638147,1.1275232,-1.8369939,0.45779192,-0.0022691637,-0.88905656,0
0.41406989,1.6531272,-0.42170519,0.3705337,0.90949583,0.18847342,0
-0.97402918,-1.0083318,-0.65738809,-0.3705337,-0.90949583,-0.18847342,0
-2.0708005,-0.86299205,1.1035798,-0.45779192,0.0022691637,0.88905656,0
-0.29592776,0.95339155,2.0269287,-0.45779192,0.0022691637,0.88905656,0
1.0483546,1.5043001,-1.5688498,0.3705337,0.90949583,0.18847342,0
1.8347951,0.065696597,-1.071841,0.80816543,-0.41570699,0.41720062,0
-1.1833771,-0.20317064,1.7201855,-0.45779192,0.0022691637,0.88905656,0
0.014127046,-0.59322351,1.6705101,0.80816543,-0.41570699,0.41720062,0
0.071058512,-1.3715675,-1.6743175,-0.3705337,-0.90949583,-0.18847342,0
-0.48389184,1.2783378,2.0273314,-0.45779192,0.0022691637,0.88905656,0
0.2856878,-1.6385995,-0.72574639,-0.3705337,-0.90949583,-0.18847342,0
-0.48077267,0.064000487,-1.3411093,-0.80816543,0.41570699,-0.41720062,0
-2.0156209,-0.77558357,1.1817753,-0.45779192,0.0022691637,0.88905656,0
-0.0014601052,-1.1211798,1.3209243,0.80816543,-0.41570699,0.41720062,0
-1.4091001,-0.97387463,-0.12086356,-0.3705337,-0.90949583,-0.18847342,0
-0.10077715,-1.6812128,0.63833761,-0.3705337,-0.90949583,-0.18847342,0
-0.71025801,1.8539236,0.61563295,-0.80816543,0.41570699,-0.41720062,0
1.5780046,0.95255548,0.35597163,0.3705337,0.90949583,0.18847342,0
-0.96535748,1.2162234,1.8314655,-0.45779192,0.0022691637,0.88905656,0
-0.22551361,-0.74222255,1.9746487,0.80816543,-0.41570699,0.41720062,0
0.81656885,1.1804445,0.70526862,0.3705337,0.90949583,0.18847342,0
-0.69853663,-1.4241095,1.9937141,-0.45779192,0.0022691637,0.88905656,0
-0.40424824,1.4179121,1.7735742,0.3705337,0.90949583,0.18847342,0
-0.21047878,1.3147984,2.1631877,-0.45779192,0.0022691637,0.88905656,0
0.80098176,1.7004213,-1.8199215,0.3705337,0.90949583,0.18847342,0
-0.61981148,-1.6949081,1.934706,-0.45779192,0.0022691637,0.88905656,0
0.46472433,-0.56773663,0.70548517,0.80816543,-0.41570699,0.41720062,0
-1.1808217,1.6891668,1.5372463,-0.45779192,0.0022691637,0.88905656,0
0.24405104,1.0857915,-1.8280509,-0.80816543,0.41570699,-0.41720062,0
0.55854797,0.93759179,2.0265155,0.3705337,0.90949583,0.18847342,0
1.3548701,1.3421198,-1.2091968,0.3705337,0.90949583,0.18847342,0
1.6565812,1.2310259,-1.1595333,0.3705337,0.90949583,0.18847342,0
1.5786892,-0.56245208,-1.0928227,0.80816543,-0.41570699,0.41720062,0
0.63515335,0.99592698,-1.9065669,0.45779192,-0.0022691637,-0.88905656,0
-0.76902682,0.16204715,1.9654397,-0.45779192,0.0022691637,0.88905656,0
-1.1579027,-0.86412281,1.7069626,-0.45779192,0.0022691637,0.88905656,0
-0.84187973,0.61471748,1.8280308,-0.45779192,0.0022691637,0.88905656,0
0.097175241,-1.1880354,-1.9451463,-0.3705337,-0.90949583,-0.18847342,0
-0.71150869,0.93316972,0.12242395,-0.80816543,0.41570699,-0.41720062,0
-0.18013239,1.6775995,-0.18609759,-0.80816543,0.41570699,-0.41720062,0
1.3822017,0.95185351,-1.6104789,0.45779192,-0.0022691637,-0.88905656,0
1.6457305,-0.0040576756,-1.4871929,0.45779192,-0.0022691637,-0.88905656,0
0.66174716,-0.59328759,-2.0168319,0.45779192,-0.0022691637,-0.88905656,0
-1.2216339,0.58978426,0.36410427,-0.80816543,0.41570699,-0.41720062,0
0.87417912,-0.85012096,-1.7938995,0.45779192,-0.0022691637,-0.88905656,0
-0.51368386,0.49901211,-0.78870904,-0.80816543,0.41570699,-0.41720062,0
0.15231299,0.12385535,2.0090275,0.80816543,-0.41570699,0.41720062,0
-0.25231087,1.1783129,2.172652,-0.45779192,0.0022691637,0.88905656,0
0.15504682,-1.4494215,-0.79940641,-0.3705337,-0.90949583,-0.18847342,0
0.42716143,-0.66540915,0.77434301,0.80816543,-0.41570699,0.41720062,0
1.4117409,-1.1154431,-1.2971694,0.80816543,-0.41570699,0.41720062,0
-0.47050071,-1.3911228,-0.44590533,-0.3705337,-0.90949583,-0.18847342,0
-0.63385296,0.96622872,1.9069299,-0.45779192,0.0022691637,0.88905656,0
-0.32672858,-1.2090608,-1.6754742,-0.3705337,-0.90949583,-0.18847342,0
0.69247639,0.51073849,1.3487763,0.80816543,-0.41570699,0.41720062,0
1.6875585,1.1645526,-0.5737747,0.3705337,0.90949583,0.18847342,0
0.18059003,1.4034513,0.42029631,0.3705337,0.90949583,0.18847342,0
-0.98946273,0.1297304,-0.26103559,-0.80816543,0.41570699,-0.41720062,0
0.088615179,1.2835176,1.8173892,0.3705337,0.90949583,0.18847342,0
-1.0721266,-1.4876429,1.5338571,-0.3705337,-0.90949583,-0.18847342,0
1.9581914,0.93783903,-1.1945159,0.45779192,-0.0022691637,-0.88905656,0
1.2846885,1.3613458,-1.2351236,0.3705337,0.90949583,0.18847342,0
-1.7615141,-0.54012388,1.4356349,-0.45779192,0.0022691637,0.88905656,0
0.88229084,1.0237284,0.94815421,0.3705337,0.90949583,0.18847342,0
-0.54545534,0.52510571,-0.94233072,-0.80816543,0.41570699,-0.41720062,0
0.29372418,-1.7368578,-0.50258672,-0.3705337,-0.90949583,-0.18847342,0
-0.93250549,0.52506745,0.13838321,-0.80816543,0.41570699,-0.41720062,0
0.4591527,-1.615325,-0.01070798,0.80816543,-0.41570699,0.41720062,0
1.5142154,1.2258215,-1.5590751,0.45779192,-0.0022691637,-0.88905656,0
-1.1190995,0.32864732,0.24202806,-0.80816543,0.41570699,-0.41720062,0
-1.702071,-0.54942495,0.27031243,-0.80816543,0.41570699,-0.41720062,0
1.2270279,-1.1996469,-1.5273283,0.45779192,-0.0022691637,-0.88905656,0
0.31021404,0.81954682,2.432868,-0.45779192,0.0022691637,0.88905656,0
0.75269437,1.0852455,0.77673775,0.3705337,0.90949583,0.18847342,0
-1.4512424,-0.13266587,1.3903487,-0.45779192,0.0022691637,0.88905656,0
0.46472633,-1.5683264,-1.3047271,-0.3705337,-0.90949583,-0.18847342,0
0.026493788,1.51601,1.0106385,0.3705337,0.90949583,0.18847342,0
0.56026173,1.1191549,1.676674,0.3705337,0.90949583,0.18847342,0
0.34510195,-0.98094982,-2.0239201,0.45779192,-0.0022691637,-0.88905656,0
1.0527861,1.5852106,-1.42098,0.3705337,0.90949583,0.18847342,0
-0.40456367,1.6423988,-0.01770192,-0.80816543,0.41570699,-0.41720062,0
-0.49317145,1.4522517,1.5658066,0.3705337,0.90949583,0.18847342,0
0.015804172,-1.0326028,-2.1614921,0.45779192,-0.0022691637,-0.88905656,0
-0.5546627,-1.5099292,1.8752401,-0.45779192,0.0022691637,0.88905656,0
-0.29658425,-1.3754976,-0.48522645,-0.3705337,-0.90949583,-0.18847342,0
-1.2554191,-0.40013736,-0.51047963,-0.80816543,0.41570699,-0.41720062,0
0.16363168,-1.5153661,-0.92316842,-0.3705337,-0.90949583,-0.18847342,0
1.152907,0.51113498,0.77318275,0.80816543,-0.41570699,0.41720062,0
-0.80491608,-0.1792953,-1.1451998,-0.80816543,0.41570699,-0.41720062,0
0.21212327,0.82620478,2.3059306,-0.45779192,0.0022691637,0.88905656,0
-1.1033551,-0.2495172,-0.56806391,-0.80816543,0.41570699,-0.41720062,0
0.17132449,-1.1673534,-2.2341647,0.45779192,-0.0022691637,-0.88905656,0
0.19724005,0.44766229,-2.0955896,0.45779192,-0.0022691637,-0.88905656,0
-1.3464985,1.0826062,1.4004297,-0.80816543,0.41570699,-0.41720062,0
1.7622594,0.44574666,-0.67447674,0.80816543,-0.41570699,0.41720062,0
0.15394473,-1.3093191,-2.0027332,-0.3705337,-0.90949583,-0.18847342,0
-0.77696395,0.36650252,-0.63870591,-0.80816543,0.41570699,-0.41720062,0
-0.36112726,-1.3932248,-0.35443962,-0.3705337,-0.90949583,-0.18847342,0
1.6193199,-0.11838515,-1.3787267,0.45779192,-0.0022691637,-0.88905656,0
1.2815697,1.1044223,-1.5364099,0.45779192,-0.0022691637,-0.88905656,0
0.43257272,0.32135254,-2.1217501,0.45779192,-0.0022691637,-0.88905656,0
-1.4047238,-0.73688138,-0.38375896,-0.80816543,0.41570699,-0.41720062,0
0.4594723,-0.74091238,-1.935111,0.45779192,-0.0022691637,-0.88905656,0
-0.76808548,-1.0809693,-0.7368117,-0.3705337,-0.90949583,-0.18847342,0
0.42064166,-0.78761733,-1.9304332,0.45779192,-0.0022691637,-0.88905656,0
0.77682525,0.05426079,-1.868216,0.45779192,-0.0022691637,-0.88905656,0
0.3986553,-1.3417832,-2.1402447,0.45779192,-0.0022691637,-0.88905656,0
0.89073849,1.004531,-1.884835,0.45779192,-0.0022691637,-0.88905656,0
-0.39496258,0.76259279,-0.81167573,-0.80816543,0.41570699,-0.41720062,0
-1.6456428,-0.30233335,1.3204122,-0.45779192,0.0022691637,0.88905656,0
-1.1797363,-0.91534227,1.6719108,-0.45779192,0.0022691637,0.88905656,0
-1.2983253,-0.48036516,-0.21940672,-0.80816543,0.41570699,-0.41720062,0
-1.6113936,-1.0716532,0.50007212,-0.3705337,-0.90949583,-0.18847342,0
1.6628375,1.0750092,-0.97737622,0.3705337,0.90949583,0.18847342,0
-0.30400684,-0.70641375,2.0526552,-0.45779192,0.0022691637,0.88905656,0
-1.0806832,-0.46721902,1.7285149,-0.45779192,0.0022691637,0.88905656,0
0.18662724,-0.50283504,1.681191,0.80816543,-0.41570699,0.41720062,0
-1.8594549,-0.58587968,0.75832701,-0.80816543,0.41570699,-0.41720062,0
-0.78040898,-1.3580904,0.14139378,-0.3705337,-0.90949583,-0.18847342,0
1.5500021,-0.19422308,-1.5182838,0.45779192,-0.0022691637,-0.88905656,0
0.34836191,-1.368811,0.13760601,0.80816543,-0.41570699,0.41720062,0
-1.0102477,0.66169506,0.3536576,-0.80816543,0.41570699,-0.41720062,0
0.026499033,1.2362624,2.251086,-0.45779192,0.0022691637,0.88905656,0
-0.32884645,1.4038972,1.861174,0.3705337,0.90949583,0.18847342,0
-2.0625935,-0.50779164,1.2598002,-0.45779192,0.0022691637,0.88905656,0
-1.1947004,1.2983451,1.3701081,-0.80816543,0.41570699,-0.41720062,0
-0.60566938,-1.4115286,-0.087452769,-0.3705337,-0.90949583,-0.18847342,0
0.15895784,-0.87031066,-2.2070603,0.45779192,-0.0022691637,-0.88905656,0
-0.63384676,1.8506652,0.76675224,0.3705337,0.90949583,0.18847342,0
0.21880934,-0.39514905,1.4730717,0.80816543,-0.41570699,0.41720062,0
-0.73918796,1.5029526,1.8866191,0.3705337,0.90949583,0.18847342,0
-0.22842455,-1.2817869,-1.0492142,-0.3705337,-0.90949583,-0.18847342,0
-0.12432039,-1.5061874,-0.53061032,-0.3705337,-0.90949583,-0.18847342,0
-1.1800101,-0.69582117,1.5454803,-0.45779192,0.0022691637,0.88905656,0
0.8254655,0.14196819,0.78213179,0.80816543,-0.41570699,0.41720062,0
1.5160956,-0.52224481,-0.94568563,0.80816543,-0.41570699,0.41720062,0
1.7765391,0.71887463,-0.23216081,0.80816543,-0.41570699,0.41720062,0
0.521909,1.2168366,1.4881705,0.3705337,0.90949583,0.18847342,0
1.824572,1.0694582,-0.33583891,0.3705337,0.90949583,0.18847342,0
0.039533198,0.59024656,-1.8755174,-0.80816543,0.41570699,-0.41720062,0
-1.0949969,0.76333559,0.59828687,-0.80816543,0.41570699,-0.41720062,0
1.0287069,1.2170913,0.17073303,0.3705337,0.90949583,0.18847342,0
-1.7317964,0.13106972,0.99076593,-0.80816543,0.41570699,-0.41720062,0
1.7848024,0.14787847,-0.85017979,0.80816543,-0.41570699,0.41720062,0
-0.015118003,0.70457906,-1.8216761,-0.80816543,0.41570699,-0.41720062,0
1.2072328,-0.25830597,-0.40975821,0.80816543,-0.41570699,0.41720062,0
-0.75413907,-0.51657355,1.8690505,-0.45779192,0.0022691637,0.88905656,0
-0.11399657,0.08149004,2.1274016,-0.45779192,0.0022691637,0.88905656,0
1.5022557,-0.38839364,-1.4628887,0.45779192,-0.0022691637,-0.88905656,0
-0.667449,-0.62677801,-1.8351324,-0.80816543,0.41570699,-0.41720062,0
-0.0046182871,0.18291032,2.3543353,-0.45779192,0.0022691637,0.88905656,0
0.72392672,0.065688372,-1.9063866,0.45779192,-0.0022691637,-0.88905656,0
2.0623837,1.1465818,-1.1156693,0.3705337,0.90949583,0.18847342,0
-0.97881114,-0.70032966,1.7920566,-0.45779192,0.0022691637,0.88905656,0
1.774539,0.26816139,-1.4222808,0.45779192,-0.0022691637,-0.88905656,0
-1.3361169,-1.3264446,0.66876888,-0.3705337,-0.90949583,-0.18847342,0
-1.8658069,-0.54085875,1.3342164,-0.45779192,0.0022691637,0.88905656,0
1.1793439,0.40822983,0.64786029,0.80816543,-0.41570699,0.41720062,0
-0.39876235,-1.7012022,1.140607,-0.3705337,-0.90949583,-0.18847342,0
0.71479869,0.90660083,-1.7824168,0.45779192,-0.0022691637,-0.88905656,0
1.4899127,0.37740594,0.10630727,0.80816543,-0.41570699,0.41720062,0
-0.83699715,-1.4294856,1.8362331,-0.45779192,0.0022691637,0.88905656,0
0.66958976,1.5762565,-0.43387783,0.3705337,0.90949583,0.18847342,0
-0.251863,-0.32401896,-2.0616555,-0.80816543,0.41570699,-0.41720062,0
1.1940403,-1.3974061,-1.6115,0.45779192,-0.0022691637,-0.88905656,0
-0.96797222,0.17107689,1.7237552,-0.45779192,0.0022691637,0.88905656,0
-1.0236936,-0.079123735,-0.69441104,-0.80816543,0.41570699,-0.41720062,0
-1.0639801,0.35432026,1.7244922,-0.45779192,0.0022691637,0.88905656,0
-0.82615399,1.8225853,1.2403758,0.3705337,0.90949583,0.18847342,0
-1.9046882,-0.54386222,0.60668135,-0.80816543,0.41570699,-0.41720062,0
-0.93386364,-1.1177572,1.7310238,-0.45779192,0.0022691637,0.88905656,0
-1.0314088,0.47465417,-0.0198192,-0.80816543,0.41570699,-0.41720062,0
1.2358419,1.1671587,-0.40349019,0.3705337,0.90949583,0.18847342,0
-0.57060146,1.6385279,1.3675547,0.3705337,0.90949583,0.18847342,0
-1.3698523,-0.53699934,1.5680389,-0.45779192,0.0022691637,0.88905656,0
-1.9552127,-0.97052073,0.22111046,-0.80816543,0.41570699,-0.41720062,0
-1.29532,0.43854079,0.51535463,-0.80816543,0.41570699,-0.41720062,0
1.1217136,-0.87348163,-1.7425174,0.45779192,-0.0022691637,-0.88905656,0
-0.75067163,-1.1500573,-0.70670682,-0.3705337,-0.90949583,-0.18847342,0
-1.3387423,-1.335578,0.95609057,-0.3705337,-0.90949583,-0.18847342,0
-1.7849443,-0.7560966,1.2888577,-0.45779192,0.0022691637,0.88905656,0
0.39081168,1.2100573,1.6780088,0.3705337,0.90949583,0.18847342,0
-0.69095021,0.11268294,1.7992413,-0.45779192,0.0022691637,0.88905656,0
0.45043492,1.4469895,-0.15791124,0.3705337,0.90949583,0.18847342,0
-0.34470838,-1.5920205,1.4283334,0.80816543,-0.41570699,0.41720062,0
0.86208093,-0.58230376,-1.7104188,0.45779192,-0.0022691637,-0.88905656,0
-1.4600059,-0.74527335,-0.11724925,-0.80816543,0.41570699,-0.41720062,0
0.10917115,1.0631124,2.2743342,0.3705337,0.90949583,0.18847342,0
-0.35274333,-0.85351944,1.9664421,-0.45779192,0.0022691637,0.88905656,0
1.4784566,-0.47758034,-1.0968856,0.80816543,-0.41570699,0.41720062,0
-0.26826316,-1.4248568,1.4216295,0.80816543,-0.41570699,0.41720062,0
2.0303648,0.59471858,-1.1156325,0.45779192,-0.0022691637,-0.88905656,0
0.85942531,0.30859721,1.2709254,0.80816543,-0.41570699,0.41720062,0
0.71309924,-0.69474375,-1.9813401,0.45779192,-0.0022691637,-0.88905656,0
-1.3802092,-0.75860381,-0.71626723,-0.80816543,0.41570699,-0.41720062,0
-0.36207223,-0.31182814,1.9870932,-0.45779192,0.0022691637,0.88905656,0
0.46113181,1.1977785,-2.0840559,0.45779192,-0.0022691637,-0.88905656,0
1.8905452,-0.030328214,-1.1682909,0.45779192,-0.0022691637,-0.88905656,0
-0.33770582,0.40845591,-1.5040705,-0.80816543,0.41570699,-0.41720062,0
0.62699091,-1.6030834,-1.1799004,-0.3705337,-0.90949583,-0.18847342,0
0.89511418,0.46400595,1.3316118,0.80816543,-0.41570699,0.41720062,0
0.35639817,1.4743547,-1.436646,-0.80816543,0.41570699,-0.41720062,0
1.5399166,0.29813004,-0.3736552,0.80816543,-0.41570699,0.41720062,0
-0.31180918,1.799927,0.20225316,0.3705337,0.90949583,0.18847342,0
0.74713641,-0.32826167,0.53196669,0.80816543,-0.41570699,0.41720062,0
1.8574891,1.031425,-1.1911988,0.3705337,0.90949583,0.18847342,0
0.088678956,-0.74632776,1.6213167,0.80816543,-0.41570699,0.41720062,0
0.78940094,-0.33128798,-1.7766171,0.45779192,-0.0022691637,-0.88905656,0
-1.4111755,0.52178955,0.79072881,-0.80816543,0.41570699,-0.41720062,0
-0.89973056,-0.71400768,1.900486,-0.45779192,0.0022691637,0.88905656,0
0.65030062,0.20483744,1.4593296,0.80816543,-0.41570699,0.41720062,0
-0.46226406,-1.1244941,-1.9129837,-0.3705337,-0.90949583,-0.18847342,0
1.4792316,0.38783276,-0.22964013,0.80816543,-0.41570699,0.41720062,0
-0.15926677,0.050416827,2.1015005,-0.45779192,0.0022691637,0.88905656,0
0.47855699,1.4575969,0.39416391,0.3705337,0.90949583,0.18847342,0
-0.91299027,-0.93195516,1.764437,-0.45779192,0.0022691637,0.88905656,0
-1.4196709,-0.79644096,-0.54631472,-0.80816543,0.41570699,-0.41720062,0
-0.13737082,-0.32747602,-2.3885999,0.45779192,-0.0022691637,-0.88905656,0
0.62974918,0.53704953,1.9054458,0.80816543,-0.41570699,0.41720062,0
-0.47570759,-1.5424542,2.0152366,0.80816543,-0.41570699,0.41720062,0
2.0166843,0.56922936,-1.1872497,0.45779192,-0.0022691637,-0.88905656,0
-0.40305567,-1.7094538,0.63736594,-0.3705337,-0.90949583,-0.18847342,0
0.47177678,0.66628146,-1.9396701,0.45779192,-0.0022691637,-0.88905656,0
-1.3285176,-0.41862553,-0.006804347,-0.80816543,0.41570699,-0.41720062,0
1.0495137,0.917665,1.2537361,0.80816543,-0.41570699,0.41720062,0
1.4793664,0.97686404,-1.6001523,0.45779192,-0.0022691637,-0.88905656,0
-1.3905241,0.4781808,0.81262779,-0.80816543,0.41570699,-0.41720062,0
0.66922235,0.70933568,1.6449301,0.80816543,-0.41570699,0.41720062,0
-0.95229077,0.48316273,1.7158699,-0.45779192,0.0022691637,0.88905656,0
0.96210349,1.1369193,-1.7066975,0.45779192,-0.0022691637,-0.88905656,0
-0.88600272,-0.5580616,1.8118248,-0.45779192,0.0022691637,0.88905656,0
-2.0549517,-0.90885937,1.2298205,-0.45779192,0.0022691637,0.88905656,0
-0.69736695,0.38774115,1.9329009,-0.45779192,0.0022691637,0.88905656,0
-0.66798455,-0.1320014,-1.1215339,-0.80816543,0.41570699,-0.41720062,0
1.4094311,1.2464454,-0.71497762,0.3705337,0.90949583,0.18847342,0
0.076018333,-1.2886031,-1.4354717,-0.3705337,-0.90949583,-0.18847342,0
-2.0778491,-0.92574942,1.2893956,-0.45779192,0.0022691637,0.88905656,0
-0.81423575,-0.17975077,1.7666171,-0.45779192,0.0022691637,0.88905656,0
0.8881892,1.2194613,0.64983618,0.3705337,0.90949583,0.18847342,0
-0.97815824,1.6747499,1.5636504,0.3705337,0.90949583,0.18847342,0
0.90734911,-1.6606976,-1.8791229,0.45779192,-0.0022691637,-0.88905656,0
1.0996963,1.4597399,-1.2293069,0.3705337,0.90949583,0.18847342,0
-1.7698514,-0.42808193,1.2744234,-0.45779192,0.0022691637,0.88905656,0
-0.24303997,-0.27057564,2.1620359,-0.45779192,0.0022691637,0.88905656,0
0.015008569,1.3556465,1.0158563,0.3705337,0.90949583,0.18847342,0
-0.74734914,0.99803966,1.8241913,-0.45779192,0.0022691637,0.88905656,0
-0.97370887,-1.447688,0.75307536,-0.3705337,-0.90949583,-0.18847342,0
0.53731012,-1.5268483,-1.9040582,-0.3705337,-0.90949583,-0.18847342,0
0.23922968,-1.6544095,0.50263488,0.80816543,-0.41570699,0.41720062,0
0.09768784,-0.75917155,-2.0899847,0.45779192,-0.0022691637,-0.88905656,0
-0.07514739,0.230111,2.1011014,-0.45779192,0.0022691637,0.88905656,0
-0.32318139,1.7378547,0.40966392,0.3705337,0.90949583,0.18847342,0
1.155062,-0.45113167,-0.16890544,0.80816543,-0.41570699,0.41720062,0
1.1689737,-1.2534753,-1.0588845,0.80816543,-0.41570699,0.41720062,0
1.3145016,1.1735528,-0.51467335,0.3705337,0.90949583,0.18847342,0
1.5102177,-0.016591907,-0.6588279,0.80816543,-0.41570699,0.41720062,0
0.1077441,-0.57220501,-2.1711917,0.45779192,-0.0022691637,-0.88905656,0
0.13292116,-0.051695228,-2.1038342,0.45779192,-0.0022691637,-0.88905656,0
-0.13511294,0.1202271,-1.9851489,-0.80816543,0.41570699,-0.41720062,0
0.92330849,1.2561781,-0.046268225,0.3705337,0.90949583,0.18847342,0
-1.4265711,-1.0938456,1.5790851,-0.45779192,0.0022691637,0.88905656,0
-0.36948234,-0.92547113,1.9638312,0.80816543,-0.41570699,0.41720062,0
-0.03918314,-1.422296,-1.5219431,-0.3705337,-0.90949583,-0.18847342,0
-0.98183239,-0.9973647,-0.75566363,-0.3705337,-0.90949583,-0.18847342,0
1.0038115,-0.38386169,-1.7426591,0.45779192,-0.0022691637,-0.88905656,0
-0.45458651,-1.529657,0.14473331,-0.3705337,-0.90949583,-0.18847342,0
0.82723153,-1.762835,-1.5326835,-0.3705337,-0.90949583,-0.18847342,0
0.17008621,-1.3330014,0.598499,0.80816543,-0.41570699,0.41720062,0
1.0808849,-1.5191646,-1.44637,0.80816543,-0.41570699,0.41720062,0
-0.62040234,-1.5255381,0.34365547,-0.3705337,-0.90949583,-0.18847342,0
-1.7263702,0.16213873,1.4222481,-0.45779192,0.0022691637,0.88905656,0
0.85988319,0.93361878,1.3559082,0.3705337,0.90949583,0.18847342,0
-1.0142785,1.3681695,1.6823632,-0.45779192,0.0022691637,0.88905656,0
-0.96880257,-0.60257226,-1.012605,-0.80816543,0.41570699,-0.41720062,0
0.017836452,0.051117778,-2.2093611,0.45779192,-0.0022691637,-0.88905656,0
-0.047730923,-0.29565382,-2.1925359,0.45779192,-0.0022691637,-0.88905656,0
-0.86016786,-1.4286157,0.73092532,-0.3705337,-0.90949583,-0.18847342,0
-0.44719529,1.5810242,0.16243777,-0.80816543,0.41570699,-0.41720062,0
-1.0063235,-1.3262768,0.25247765,-0.3705337,-0.90949583,-0.18847342,0
