-1.1412196,-1.6915181,1.5653262,-0.61401689,-0.63541919,0.46821499,0
-0.54594719,-1.1149306,2.1210933,0.0029273182,0.5913713,0.80639404,0
-0.26747489,-2.2707264,1.7306117,0.78928709,-0.49651021,0.3612518,0
0.92605245,-0.26520544,1.5274462,0.0029273182,0.5913713,0.80639404,0
-1.2176344,1.0694847,-0.082981646,-0.78928709,0.49651021,-0.3612518,0
-0.95010722,-1.7235962,1.6266181,-0.61401689,-0.63541919,0.46821499,0
-1.9892299,-0.46882153,1.6811759,0.0029273182,0.5913713,0.80639404,0
-2.4767311,-1.3926537,0.3805685,-0.61401689,-0.63541919,0.46821499,0
-1.6353502,-1.9336903,0.36141324,-0.61401689,-0.63541919,0.46821499,0
1.8742902,0.67538106,0.76598966,0.0029273182,0.5913713,0.80639404,0
-0.31033802,2.250926,-0.55406952,-0.78928709,0.49651021,-0.3612518,0
0.084976435,2.0827529,-1.5529848,-0.78928709,0.49651021,-0.3612518,0
0.69380713,1.070154,0.51443356,0.0029273182,0.5913713,0.80639404,0
-0.29469427,0.44459885,0.97021258,0.0029273182,0.5913713,0.80639404,0
-0.84867191,0.67142642,-1.431339,-0.78928709,0.49651021,-0.3612518,0
0.043091059,-0.82933742,1.9478042,0.0029273182,0.5913713,0.80639404,0
-0.18050718,1.6307082,-1.2449527,-0.78928709,0.49651021,-0.3612518,0
-0.77494311,-1.1575997,-0.44890094,-0.0029273182,-0.5913713,-0.80639404,0
1.303454,-1.0225029,-0.39820242,-0.0029273182,-0.5913713,-0.80639404,0
0.85217285,1.8121282,-1.6806905,0.61401689,0.63541919,-0.46821499,0
-1.5139368,0.32732984,-0.34979516,-0.78928709,0.49651021,-0.3612518,0
2.2078485,0.29560369,-0.24428058,0.78928709,-0.49651021,0.3612518,0
0.64022589,0.47066164,0.94843793,0.0029273182,0.5913713,0.80639404,0
2.2050083,-0.29336584,-0.96743274,0.78928709,-0.49651021,0.3612518,0
-0.48107684,-2.1860409,1.6123354,-0.61401689,-0.63541919,0.46821499,0
0.022312522,-1.7501706,0.068707705,-0.0029273182,-0.5913713,-0.80639404,0
0.084248304,-2.0348957,1.0023316,0.78928709,-0.49651021,0.3612518,0
0.20421672,1.6924868,-2.167491,-0.78928709,0.49651021,-0.3612518,0
1.6160808,-0.12787424,0.21281457,0.78928709,-0.49651021,0.3612518,0
-1.3601067,-1.825336,1.1184242,-0.61401689,-0.63541919,0.46821499,0
0.9941119,1.9644808,-1.2383308,0.61401689,0.63541919,-0.46821499,0
-1.3823085,0.53767383,-0.64909929,-0.78928709,0.49651021,-0.3612518,0
0.54469156,-0.82356775,1.7953322,0.0029273182,0.5913713,0.80639404,0
-1.4036882,-1.5814204,1.3793733,-0.61401689,-0.63541919,0.46821499,0
2.3225825,0.97011083,0.31469131,0.78928709,-0.49651021,0.3612518,0
-2.390677,-1.3868093,-0.31919312,-0.0029273182,-0.5913713,-0.80639404,0
0.33392751,2.4607525,-0.47877717,0.0029273182,0.5913713,0.80639404,0
-1.0800346,-0.62582612,1.5835155,0.0029273182,0.5913713,0.80639404,0
-0.94284058,-1.6292847,2.017679,-0.61401689,-0.63541919,0.46821499,0
-0.81274235,-1.8892844,0.035849094,-0.0029273182,-0.5913713,-0.80639404,0
-2.293705,-0.87234342,-0.2029531,-0.78928709,0.49651021,-0.3612518,0
-1.8874232,-1.6858822,0.38241339,-0.61401689,-0.63541919,0.46821499,0
-0.42122802,-0.76104975,-0.70603657,-0.0029273182,-0.5913713,-0.80639404,0
1.9905999,1.6085263,-0.66759825,0.61401689,0.63541919,-0.46821499,0
-2.4604733,-1.4463044,0.27672291,-0.61401689,-0.63541919,0.46821499,0
-2.6672678,-1.1916356,0.38319206,-0.61401689,-0.63541919,0.46821499,0
0.6026504,2.5858123,-1.1614032,0.61401689,0.63541919,-0.46821499,0
-1.7221202,0.066101164,-0.39633071,-0.78928709,0.49651021,-0.3612518,0
-2.5213003,-0.267295,0.83091593,-0.78928709,0.49651021,-0.3612518,0
1.0798995,0.27007234,-1.5496523,-0.0029273182,-0.5913713,-0.80639404,0
0.61617732,2.2085171,-1.5979064,0.61401689,0.63541919,-0.46821499,0
2.5049388,0.9796747,-0.57560468,0.61401689,0.63541919,-0.46821499,0
-0.2072559,-0.27963507,-1.0768592,-0.0029273182,-0.5913713,-0.80639404,0
-0.97340572,0.7509442,-0.75579655,-0.78928709,0.49651021,-0.3612518,0
0.71783876,2.532918,-0.75153446,0.61401689,0.63541919,-0.46821499,0
1.3865887,1.9690042,-0.15485287,0.0029273182,0.5913713,0.80639404,0
2.2414031,1.2195454,0.28443408,0.0029273182,0.5913713,0.80639404,0
1.9446828,1.677175,0.012191772,0.0029273182,0.5913713,0.80639404,0
-0.35994339,1.5677683,-1.0029385,-0.78928709,0.49651021,-0.3612518,0
1.9389725,0.20982945,0.15950608,0.78928709,-0.49651021,0.3612518,0
-2.3192668,-0.7963081,1.2343657,-0.61401689,-0.63541919,0.46821499,0
1.1028841,0.28103092,0.96021903,0.0029273182,0.5913713,0.80639404,0
-2.3926578,-0.62534821,0.21095204,-0.78928709,0.49651021,-0.3612518,0
-1.5175039,-1.1416113,-0.30574751,-0.0029273182,-0.5913713,-0.80639404,0
-1.4607716,-1.6792965,0.97595525,-0.61401689,-0.63541919,0.46821499,0
-0.47224963,1.5944283,-0.80266249,-0.78928709,0.49651021,-0.3612518,0
1.5466082,1.7279775,-1.0812359,0.61401689,0.63541919,-0.46821499,0
-1.0753834,-2.223243,0.96892095,-0.61401689,-0.63541919,0.46821499,0
-1.696363,-1.8908257,0.34309816,-0.61401689,-0.63541919,0.46821499,0
1.2563992,1.8088745,-1.268548,0.61401689,0.63541919,-0.46821499,0
0.34644198,-1.5836058,0.97811466,0.78928709,-0.49651021,0.3612518,0
2.5836439,0.72448182,-0.70637178,0.78928709,-0.49651021,0.3612518,0
-2.2587268,-0.27463293,1.3543615,0.0029273182,0.5913713,0.80639404,0
1.1785719,-1.4063108,-0.31641215,-0.0029273182,-0.5913713,-0.80639404,0
0.34914875,1.9655689,-2.0646591,0.61401689,0.63541919,-0.46821499,0
-1.0544569,0.88768739,-0.69504398,-0.78928709,0.49651021,-0.3612518,0
-0.068609893,1.3964219,0.24822503,0.0029273182,0.5913713,0.80639404,0
1.9941596,0.89602172,-1.4401445,0.61401689,0.63541919,-0.46821499,0
0.75841081,-1.4446509,0.6936056,0.78928709,-0.49651021,0.3612518,0
-2.5612614,-1.0035824,0.54565001,-0.61401689,-0.63541919,0.46821499,0
0.10065603,-2.1922371,0.76101363,0.78928709,-0.49651021,0.3612518,0
0.70171523,-0.78235781,1.4461583,0.78928709,-0.49651021,0.3612518,0
-1.0464394,-1.3100624,-0.29597712,-0.0029273182,-0.5913713,-0.80639404,0
1.4843773,0.62034744,0.72097588,0.0029273182,0.5913713,0.80639404,0
0.41777992,-0.64992547,1.6271517,0.0029273182,0.5913713,0.80639404,0
-1.1908081,-2.0662231,0.7667284,-0.61401689,-0.63541919,0.46821499,0
1.6922586,-0.038980126,-1.1285509,-0.0029273182,-0.5913713,-0.80639404,0
0.57862353,1.9025078,-2.0748792,0.61401689,0.63541919,-0.46821499,0
-2.2624779,-0.87541199,1.3823597,-0.61401689,-0.63541919,0.46821499,0
-2.4263206,-0.9760555,-0.1790266,-0.78928709,0.49651021,-0.3612518,0
0.79215074,0.82446498,0.73772562,0.0029273182,0.5913713,0.80639404,0
2.4838645,1.6217196,-0.018665791,0.61401689,0.63541919,-0.46821499,0
-0.46550226,1.0725176,-1.6622137,-0.78928709,0.49651021,-0.3612518,0
-2.6048374,-0.74725449,0.96809196,-0.61401689,-0.63541919,0.46821499,0
-1.2589403,0.93778449,0.11139244,-0.78928709,0.49651021,-0.3612518,0
-2.5154891,-0.75190777,0.98734331,-0.61401689,-0.63541919,0.46821499,0
1.7055945,-0.22543588,0.00021529198,0.78928709,-0.49651021,0.3612518,0
0.25305748,0.076525807,1.2606738,0.0029273182,0.5913713,0.80639404,0
-2.1610296,0.43952918,1.0200598,-0.78928709,0.49651021,-0.3612518,0
-0.44864953,1.8201134,-0.20889959,0.0029273182,0.5913713,0.80639404,0
1.5639013,0.55395913,-1.6905129,-0.0029273182,-0.5913713,-0.80639404,0
-0.40264022,-2.4878798,0.66030145,-0.0029273182,-0.5913713,-0.80639404,0
-1.3301505,0.43106753,-0.71087873,-0.78928709,0.49651021,-0.3612518,0
-1.16457,-1.0778923,-0.44809389,-0.0029273182,-0.5913713,-0.80639404,0
-1.9014614,-1.8588709,0.45508409,-0.61401689,-0.63541919,0.46821499,0
-0.93603671,0.65652215,-1.2515297,-0.78928709,0.49651021,-0.3612518,0
-2.4469109,-1.5080966,-0.046473503,-0.61401689,-0.63541919,0.46821499,0
0.032360077,-1.3107225,2.0581465,0.78928709,-0.49651021,0.3612518,0
0.050192013,-0.90663499,-0.58557689,-0.0029273182,-0.5913713,-0.80639404,0
0.39810479,-0.60551828,-0.91600919,-0.0029273182,-0.5913713,-0.80639404,0
-1.9740605,-0.78012812,1.611192,-0.61401689,-0.63541919,0.46821499,0
0.38303292,0.88380373,0.65118003,0.0029273182,0.5913713,0.80639404,0
0.64427674,-1.7435304,0.37435442,0.78928709,-0.49651021,0.3612518,0
0.458745,-1.7267318,0.72194308,0.78928709,-0.49651021,0.3612518,0
-0.014096498,-2.2641497,1.3126888,0.78928709,-0.49651021,0.3612518,0
-1.0202993,-1.5829473,2.0286181,-0.61401689,-0.63541919,0.46821499,0
-0.97076094,0.70929921,-0.81852627,-0.78928709,0.49651021,-0.3612518,0
-0.78899264,-2.056953,1.4886024,-0.61401689,-0.63541919,0.46821499,0
0.78789401,2.4288473,-1.023236,0.61401689,0.63541919,-0.46821499,0
0.031508923,2.588275,-0.76442957,-0.78928709,0.49651021,-0.3612518,0
-1.1515841,0.67123145,0.77447629,0.0029273182,0.5913713,0.80639404,0
1.2610748,-1.1324251,-0.50651979,-0.0029273182,-0.5913713,-0.80639404,0
0.13981214,-0.31488317,-1.0548923,-0.0029273182,-0.5913713,-0.80639404,0
0.54493642,1.6367489,-2.3600931,0.61401689,0.63541919,-0.46821499,0
1.7888118,1.1017728,-1.4050457,0.61401689,0.63541919,-0.46821499,0
-2.3876576,-0.12770236,0.94918704,-0.78928709,0.49651021,-0.3612518,0
2.0228145,-0.34974146,-0.56638312,0.78928709,-0.49651021,0.3612518,0
2.778919,0.73247463,-0.81051421,0.61401689,0.63541919,-0.46821499,0
1.1765326,1.9590815,-1.1165373,0.61401689,0.63541919,-0.46821499,0
-0.30728197,-1.8798752,2.2380548,-0.61401689,-0.63541919,0.46821499,0
1.729501,0.26612115,0.75322455,0.78928709,-0.49651021,0.3612518,0
0.5413723,2.0212653,-2.0041323,0.61401689,0.63541919,-0.46821499,0
1.2298536,2.2284889,-0.84708452,0.61401689,0.63541919,-0.46821499,0
-1.2132097,0.44683403,-0.9646523,-0.78928709,0.49651021,-0.3612518,0
1.4221711,-0.49556962,0.14454949,0.78928709,-0.49651021,0.3612518,0
0.64115214,2.0569019,-1.7912149,0.61401689,0.63541919,-0.46821499,0
-1.6408367,-1.3706913,1.2497594,-0.61401689,-0.63541919,0.46821499,0
-1.6856494,-0.14349198,-0.65490252,-0.78928709,0.49651021,-0.3612518,0
-0.057139814,0.068392038,1.0701404,0.0029273182,0.5913713,0.80639404,0
1.0219408,-1.3079096,-0.14557645,0.78928709,-0.49651021,0.3612518,0
0.42764306,0.87135768,-1.9617789,-0.0029273182,-0.5913713,-0.80639404,0
0.16738451,0.54067433,-1.5932677,-0.0029273182,-0.5913713,-0.80639404,0
-1.4726404,0.25907266,-0.41732562,-0.78928709,0.49651021,-0.3612518,0
0.068799496,-2.1487992,0.87194467,0.78928709,-0.49651021,0.3612518,0
-1.2157083,-2.1011486,0.98317075,-0.61401689,-0.63541919,0.46821499,0
-0.22633553,-1.8902128,2.248796,0.78928709,-0.49651021,0.3612518,0
2.6878679,0.4467088,-0.89322209,0.78928709,-0.49651021,0.3612518,0
-0.29473305,-2.439631,1.3467957,0.78928709,-0.49651021,0.3612518,0
-2.700155,-0.25951672,1.3184872,-0.78928709,0.49651021,-0.3612518,0
-0.5345751,-0.77897817,-0.5624789,-0.0029273182,-0.5913713,-0.80639404,0
2.2238979,1.1523702,-0.75660205,0.61401689,0.63541919,-0.46821499,0
-0.31690705,-0.0495646,-1.1234856,-0.0029273182,-0.5913713,-0.80639404,0
0.43809021,-0.51331884,1.6862024,0.0029273182,0.5913713,0.80639404,0
2.070879,-0.16801143,-0.40703964,0.78928709,-0.49651021,0.3612518,0
1.0114086,1.4109628,-1.9029534,0.61401689,0.63541919,-0.46821499,0
2.2347007,0.87603092,-1.2563097,0.61401689,0.63541919,-0.46821499,0
-1.8996456,-0.22724253,-0.3806169,-0.78928709,0.49651021,-0.3612518,0
2.4079773,0.58802795,-1.1737576,0.61401689,0.63541919,-0.46821499,0
-0.65223157,-1.4726044,-0.13633144,-0.0029273182,-0.5913713,-0.80639404,0
2.2798657,0.56986052,0.12714267,0.78928709,-0.49651021,0.3612518,0
1.419805,2.0076635,-0.7227118,0.61401689,0.63541919,-0.46821499,0
1.6847994,1.6494163,-0.89604378,0.61401689,0.63541919,-0.46821499,0
1.1167436,2.0534391,-1.2648263,0.61401689,0.63541919,-0.46821499,0
-1.3187203,-1.7535988,1.0418622,-0.61401689,-0.63541919,0.46821499,0
-0.62576699,0.83096182,-1.8776648,-0.78928709,0.49651021,-0.3612518,0
-1.3147122,-1.5818284,1.3049989,-0.61401689,-0.63541919,0.46821499,0
0.41086626,2.0527375,-1.971472,0.61401689,0.63541919,-0.46821499,0
-2.1806052,-1.6378001,0.16876173,-0.61401689,-0.63541919,0.46821499,0
-0.80263042,-2.6524765,0.8752501,-0.61401689,-0.63541919,0.46821499,0
-0.80257416,-2.6428256,0.79352665,-0.61401689,-0.63541919,0.46821499,0
1.1041409,2.0879211,-1.1125429,0.61401689,0.63541919,-0.46821499,0
1.5933644,-0.040809125,0.80149376,0.78928709,-0.49651021,0.3612518,0
1.0303918,-0.26600236,-0.95910704,-0.0029273182,-0.5913713,-0.80639404,0
-0.26843002,-1.5208305,-0.20201504,-0.0029273182,-0.5913713,-0.80639404,0
-0.87817228,1.5272119,0.10598327,0.0029273182,0.5913713,0.80639404,0
-2.4296422,-1.2145836,0.56288385,-0.61401689,-0.63541919,0.46821499,0
0.20396566,-1.4665549,1.5117972,0.78928709,-0.49651021,0.3612518,0
1.2369072,0.1050086,-1.441643,-0.0029273182,-0.5913713,-0.80639404,0
-1.3178362,-1.1502861,2.1703916,0.0029273182,0.5913713,0.80639404,0
-1.2300068,-2.1252959,0.80766249,-0.61401689,-0.63541919,0.46821499,0
0.93033183,-0.53570133,1.1873596,0.78928709,-0.49651021,0.3612518,0
0.094264984,2.2198699,-1.2601379,-0.78928709,0.49651021,-0.3612518,0
-2.5545297,-0.93254626,0.029735088,-0.78928709,0.49651021,-0.3612518,0
-1.2939956,0.25662959,-0.89992523,-0.78928709,0.49651021,-0.3612518,0
1.6172173,-0.37147269,-0.0056387186,0.78928709,-0.49651021,0.3612518,0
0.87326193,2.0058336,-1.6227026,0.61401689,0.63541919,-0.46821499,0
-0.82821476,1.2027787,0.30381685,0.0029273182,0.5913713,0.80639404,0
-0.7833643,-2.3040285,1.0354555,-0.61401689,-0.63541919,0.46821499,0
-2.411238,-0.8480677,0.08995223,-0.78928709,0.49651021,-0.3612518,0
1.2864622,0.67521596,0.83907789,0.0029273182,0.5913713,0.80639404,0
2.3061578,1.3458827,-0.41532326,0.61401689,0.63541919,-0.46821499,0
-2.513036,-1.3244185,0.26697874,-0.61401689,-0.63541919,0.46821499,0
1.7365434,1.586551,-0.92607236,0.61401689,0.63541919,-0.46821499,0
0.62911308,2.4673607,-1.1427308,0.61401689,0.63541919,-0.46821499,0
1.6022666,-0.061626468,0.52340418,0.78928709,-0.49651021,0.3612518,0
0.4085952,0.35379237,-1.4120377,-0.0029273182,-0.5913713,-0.80639404,0
-0.92835999,1.3635634,0.24358249,0.0029273182,0.5913713,0.80639404,0
-0.45153046,1.0838315,-1.8329474,-0.78928709,0.49651021,-0.3612518,0
0.94082958,-0.17996287,-1.2136476,-0.0029273182,-0.5913713,-0.80639404,0
-0.37039208,-2.3826756,1.6962987,-0.61401689,-0.63541919,0.46821499,0
0.28195357,1.7385907,-2.3645737,-0.78928709,0.49651021,-0.3612518,0
0.067831397,1.7762655,-0.071196675,0.0029273182,0.5913713,0.80639404,0
-1.8826878,-1.6991837,0.73577547,-0.61401689,-0.63541919,0.46821499,0
-1.9991972,-1.2478037,0.98981929,-0.61401689,-0.63541919,0.46821499,0
0.43909815,0.77426261,0.7056548,0.0029273182,0.5913713,0.80639404,0
-0.46805394,-0.18760717,1.4706569,0.0029273182,0.5913713,0.80639404,0
-1.6856867,0.77907491,0.65994108,-0.78928709,0.49651021,-0.3612518,0
0.82587624,-0.85931742,0.91883546,0.78928709,-0.49651021,0.3612518,0
-1.0315025,0.010294914,-1.3217235,-0.0029273182,-0.5913713,-0.80639404,0
1.3981003,1.1496035,0.46319604,0.0029273182,0.5913713,0.80639404,0
-1.803797,-1.0163054,1.5176606,-0.61401689,-0.63541919,0.46821499,0
1.4675879,0.4499546,0.90564567,0.0029273182,0.5913713,0.80639404,0
2.3848386,1.4710333,-0.1277256,0.61401689,0.63541919,-0.46821499,0
-0.70801973,-2.4330182,1.1474502,-0.61401689,-0.63541919,0.46821499,0
-0.24669909,1.5692123,0.095395535,0.0029273182,0.5913713,0.80639404,0
-1.4347802,-2.1068077,0.57360005,-0.61401689,-0.63541919,0.46821499,0
0.83974916,-0.34189945,-1.0127792,-0.0029273182,-0.5913713,-0.80639404,0
-1.7400395,-0.12863179,-0.50107324,-0.78928709,0.49651021,-0.3612518,0
-1.1036271,0.91622508,-0.74237919,-0.78928709,0.49651021,-0.3612518,0
-2.3153682,-1.4319782,-0.16190338,-0.0029273182,-0.5913713,-0.80639404,0
-1.9027119,-1.9182888,0.1866591,-0.61401689,-0.63541919,0.46821499,0
2.3595963,0.38478482,-1.570473,-0.0029273182,-0.5913713,-0.80639404,0
-2.4109178,-0.93273014,1.0578628,-0.61401689,-0.63541919,0.46821499,0
-0.59128809,0.73465466,-1.7298309,-0.78928709,0.49651021,-0.3612518,0
0.57950372,0.87594002,0.58579808,0.0029273182,0.5913713,0.80639404,0
2.3781557,0.9342702,0.43988585,0.78928709,-0.49651021,0.3612518,0
-0.3524996,-0.15911508,-1.1227953,-0.0029273182,-0.5913713,-0.80639404,0
1.474193,1.8450624,-0.7104435,0.61401689,0.63541919,-0.46821499,0
-2.4297373,-0.46075714,0.43399358,-0.78928709,0.49651021,-0.3612518,0
1.4156562,-0.80601913,0.21894556,0.78928709,-0.49651021,0.3612518,0
2.7304118,1.3746558,0.097070932,0.61401689,0.63541919,-0.46821499,0
0.38405132,-1.1631017,1.9633868,0.78928709,-0.49651021,0.3612518,0
-1.7538615,0.20846152,1.137612,0.0029273182,0.5913713,0.80639404,0
-0.54110074,-0.43715507,-0.96079654,-0.0029273182,-0.5913713,-0.80639404,0
-2.0268238,-1.1666081,1.1135817,-0.61401689,-0.63541919,0.46821499,0
-2.6025808,-0.95266676,0.56908321,-0.61401689,-0.63541919,0.46821499,0
0.045669258,-0.24180371,-1.0289915,-0.0029273182,-0.5913713,-0.80639404,0
-1.2202289,-0.58018577,1.596802,0.0029273182,0.5913713,0.80639404,0
-1.074852,1.1353202,0.46697581,0.0029273182,0.5913713,0.80639404,0
-0.53051376,0.76506579,0.61506033,0.0029273182,0.5913713,0.80639404,0
0.12494254,-1.5205674,1.8344834,0.78928709,-0.49651021,0.3612518,0
2.1064813,0.19726294,-0.26204515,0.78928709,-0.49651021,0.3612518,0
-2.6743689,-0.63421714,1.0786784,-0.78928709,0.49651021,-0.3612518,0
0.017257452,-1.3089118,2.2361939,0.0029273182,0.5913713,0.80639404,0
-1.5908179,-1.5212573,1.0752382,-0.61401689,-0.63541919,0.46821499,0
-0.81702685,1.5349194,0.080199271,0.0029273182,0.5913713,0.80639404,0
-0.35897967,-1.2096244,-0.4585427,-0.0029273182,-0.5913713,-0.80639404,0
-0.24202275,0.99104184,-2.0858319,-0.0029273182,-0.5913713,-0.80639404,0
-0.65877509,1.7029794,-0.49465579,-0.78928709,0.49651021,-0.3612518,0
1.9875181,1.3296485,0.31650496,0.0029273182,0.5913713,0.80639404,0
-0.29173875,1.6304311,-1.2324479,-0.78928709,0.49651021,-0.3612518,0
-1.6791418,-1.385644,1.1974618,-0.61401689,-0.63541919,0.46821499,0
-0.79414999,1.6245706,-0.22823223,-0.78928709,0.49651021,-0.3612518,0
-2.5756269,-0.91722882,0.67227721,-0.61401689,-0.63541919,0.46821499,0
1.6734179,-0.17900431,-1.1683574,-0.0029273182,-0.5913713,-0.80639404,0
-0.67472649,-2.6194758,0.6993525,-0.0029273182,-0.5913713,-0.80639404,0
2.6768179,1.3139246,0.095074177,0.78928709,-0.49651021,0.3612518,0
-0.15164721,0.16155565,0.99971586,0.0029273182,0.5913713,0.80639404,0
2.0328186,1.3359789,-0.75845861,0.61401689,0.63541919,-0.46821499,0
0.042740759,-0.78482711,-0.64370847,-0.0029273182,-0.5913713,-0.80639404,0
2.2874975,0.58439445,-0.24115729,0.78928709,-0.49651021,0.3612518,0
-1.5127341,0.21588904,-0.42808789,-0.78928709,0.49651021,-0.3612518,0
-1.3849875,-0.047817677,-1.010715,-0.78928709,0.49651021,-0.3612518,0
1.7713995,-0.45029598,-0.3394649,0.78928709,-0.49651021,0.3612518,0
-1.9112401,-1.5566453,0.55238152,-0.61401689,-0.63541919,0.46821499,0
0.71206248,2.1873806,-1.5985544,0.61401689,0.63541919,-0.46821499,0
0.28358364,-1.0811267,1.9643315,0.78928709,-0.49651021,0.3612518,0
0.1219908,-2.3937607,0.44544065,-0.0029273182,-0.5913713,-0.80639404,0
2.5229294,0.6650089,-1.0968604,0.61401689,0.63541919,-0.46821499,0
-2.3605363,-0.65661347,0.19196844,-0.78928709,0.49651021,-0.3612518,0
1.318465,2.2128973,-0.41305137,0.0029273182,0.5913713,0.80639404,0
1.7209263,0.092424519,0.34067929,0.78928709,-0.49651021,0.3612518,0
0.36906958,2.7474031,-0.94946957,-0.78928709,0.49651021,-0.3612518,0
-1.6700941,0.25436297,-0.04822886,-0.78928709,0.49651021,-0.3612518,0
-1.8358825,0.38822398,0.19363296,-0.78928709,0.49651021,-0.3612518,0
-1.4093255,0.34668756,-0.85358202,-0.78928709,0.49651021,-0.3612518,0
-1.0540205,0.95620489,-0.43296793,-0.78928709,0.49651021,-0.3612518,0
-0.096428394,1.6410795,-1.5520368,-0.78928709,0.49651021,-0.3612518,0
-0.41460261,-0.88150764,-0.513901,-0.0029273182,-0.5913713,-0.80639404,0
-0.17722654,1.9669759,-1.3371952,-0.78928709,0.49651021,-0.3612518,0
-0.64469004,-0.53667521,1.6023303,0.0029273182,0.5913713,0.80639404,0
2.6516852,1.2309166,-0.098251104,0.61401689,0.63541919,-0.46821499,0
-1.7622874,-1.3146338,1.419153,-0.61401689,-0.63541919,0.46821499,0
0.70547754,0.57711446,0.7159096,0.0029273182,0.5913713,0.80639404,0
-2.2929287,-0.55170405,1.6378293,-0.61401689,-0.63541919,0.46821499,0
0.31471741,0.4728291,-1.7101512,-0.0029273182,-0.5913713,-0.80639404,0
-0.33046019,-0.98457527,2.0455811,0.0029273182,0.5913713,0.80639404,0
-1.0112464,-0.95811987,1.9970927,0.0029273182,0.5913713,0.80639404,0
-1.8904885,0.26885831,1.0600791,0.0029273182,0.5913713,0.80639404,0
-0.58575886,-2.0174289,0.32209933,-0.0029273182,-0.5913713,-0.80639404,0
-0.85728204,1.0011467,-1.123736,-0.78928709,0.49651021,-0.3612518,0
0.67436862,2.5165946,-1.0915768,0.61401689,0.63541919,-0.46821499,0
0.98913699,2.424062,-0.56946063,0.0029273182,0.5913713,0.80639404,0
2.2345247,1.2024871,-0.62510037,0.61401689,0.63541919,-0.46821499,0
0.12376994,-1.2415286,-0.43346143,-0.0029273182,-0.5913713,-0.80639404,0
-1.1471922,0.47034726,-1.16239,-0.78928709,0.49651021,-0.3612518,0
-1.5158964,-0.11561072,-0.8405543,-0.78928709,0.49651021,-0.3612518,0
-2.7375681,-0.59634387,1.0974514,-0.61401689,-0.63541919,0.46821499,0
2.2127318,0.93981159,-1.3077848,0.61401689,0.63541919,-0.46821499,0
2.2480986,0.69114625,-1.3488097,0.61401689,0.63541919,-0.46821499,0
-0.30022714,-0.59076416,-0.8348977,-0.0029273182,-0.5913713,-0.80639404,0
0.78361583,2.16117,-1.1801541,0.61401689,0.63541919,-0.46821499,0
-2.2840869,-1.6381956,0.010668278,-0.0029273182,-0.5913713,-0.80639404,0
-0.66389656,-1.559268,2.1443744,-0.61401689,-0.63541919,0.46821499,0
0.15268469,-1.8594038,1.2386515,0.78928709,-0.49651021,0.3612518,0
0.17901015,-1.2217991,2.1152911,0.0029273182,0.5913713,0.80639404,0
0.71758032,-1.3998313,0.63550895,0.78928709,-0.49651021,0.3612518,0
-1.9544685,0.48095644,0.793841,0.0029273182,0.5913713,0.80639404,0
-0.16338158,-2.3837886,1.4096358,0.78928709,-0.49651021,0.3612518,0
-0.81601763,-1.5793936,1.9458961,-0.61401689,-0.63541919,0.46821499,0
1.2071463,2.0562506,-0.18879247,0.0029273182,0.5913713,0.80639404,0
-2.0332835,-1.1307042,1.2161429,-0.61401689,-0.63541919,0.46821499,0
-1.7886007,0.47411054,0.3581531,-0.78928709,0.49651021,-0.3612518,0
0.40675396,0.39439255,-1.4535425,-0.0029273182,-0.5913713,-0.80639404,0
2.1639137,0.84589738,0.51529372,0.78928709,-0.49651021,0.3612518,0
-0.41327691,-0.96226102,1.8974507,0.0029273182,0.5913713,0.80639404,0
1.768301,0.41310817,0.84680861,0.78928709,-0.49651021,0.3612518,0
2.0942326,1.4065301,-0.4966948,0.61401689,0.63541919,-0.46821499,0
-1.1183369,-1.5778284,1.7301958,-0.61401689,-0.63541919,0.46821499,0
-0.56559175,-0.28183502,-1.0692229,-0.0029273182,-0.5913713,-0.80639404,0
-2.4971502,-1.6082792,-0.039302826,-0.61401689,-0.63541919,0.46821499,0
-0.1159296,-1.8855619,0.20154679,-0.0029273182,-0.5913713,-0.80639404,0
-0.49245024,0.44146073,0.97217286,0.0029273182,0.5913713,0.80639404,0
2.0846336,1.3727753,-0.7358706,0.61401689,0.63541919,-0.46821499,0
-1.3555024,-2.0894146,0.705199,-0.61401689,-0.63541919,0.46821499,0
0.10965641,-0.81841719,-0.54652339,-0.0029273182,-0.5913713,-0.80639404,0
-0.22145033,-2.2994502,1.2978891,0.78928709,-0.49651021,0.3612518,0
-0.52134693,-1.1272887,-0.47856864,-0.0029273182,-0.5913713,-0.80639404,0
0.77336991,-1.808754,0.076206714,-0.0029273182,-0.5913713,-0.80639404,0
-0.46758994,0.030101418,1.317,0.0029273182,0.5913713,0.80639404,0
2.351439,1.550076,-0.2571454,0.61401689,0.63541919,-0.46821499,0
-2.439487,0.086826801,1.2607276,0.0029273182,0.5913713,0.80639404,0
-0.16116476,-1.7346196,1.8675225,0.78928709,-0.49651021,0.3612518,0
-2.2117801,-1.3604518,0.46615434,-0.61401689,-0.63541919,0.46821499,0
-2.3307364,-1.4472154,0.47772551,-0.61401689,-0.63541919,0.46821499,0
-0.15869451,-0.49635684,1.5276623,0.0029273182,0.5913713,0.80639404,0
1.6155877,0.34127215,0.95484734,0.78928709,-0.49651021,0.3612518,0
-0.54261798,-1.660947,-0.060402989,-0.0029273182,-0.5913713,-0.80639404,0
-1.1797647,-2.1882496,0.92218685,-0.61401689,-0.63541919,0.46821499,0
-0.018583059,-1.4775311,2.3477468,0.0029273182,0.5913713,0.80639404,0
-2.5003841,-0.45007533,0.69795108,-0.78928709,0.49651021,-0.3612518,0
-0.24227679,-0.68283105,1.854125,0.0029273182,0.5913713,0.80639404,0
0.22062933,-0.042283773,1.3175998,0.0029273182,0.5913713,0.80639404,0
0.038522959,-2.1236737,1.3737327,0.78928709,-0.49651021,0.3612518,0
1.395242,1.4072684,0.18841755,0.0029273182,0.5913713,0.80639404,0
-1.6654086,-1.7490489,-0.037472725,-0.0029273182,-0.5913713,-0.80639404,0
-0.19709921,1.5939076,-1.7234541,-0.78928709,0.49651021,-0.3612518,0
-1.0489438,-0.90783787,2.0102887,0.0029273182,0.5913713,0.80639404,0
-2.1604424,-1.4996432,0.40073705,-0.61401689,-0.63541919,0.46821499,0
-0.96203017,-1.2817367,2.2319129,0.0029273182,0.5913713,0.80639404,0
-2.6239049,-1.4280787,0.058983564,-0.61401689,-0.63541919,0.46821499,0
-2.560787,-0.76924729,0.84741497,-0.61401689,-0.63541919,0.46821499,0
-2.4406092,-0.34420991,0.69342422,-0.78928709,0.49651021,-0.3612518,0
-0.17222047,2.2437308,-0.66361147,-0.78928709,0.49651021,-0.3612518,0
-2.1975112,-0.57522869,1.6065168,-0.61401689,-0.63541919,0.46821499,0
-0.069257021,1.4413311,0.29331058,0.0029273182,0.5913713,0.80639404,0
-0.018476486,2.3146024,-0.95606101,-0.78928709,0.49651021,-0.3612518,0
-1.8418448,0.55913341,0.71396375,-0.78928709,0.49651021,-0.3612518,0
-1.9482821,-1.7314476,-0.037912369,-0.0029273182,-0.5913713,-0.80639404,0
1.1609056,1.1428186,0.38215721,0.0029273182,0.5913713,0.80639404,0
-0.24043679,-2.8078933,0.87185752,-0.0029273182,-0.5913713,-0.80639404,0
0.26831543,0.46722054,-1.6534853,-0.0029273182,-0.5913713,-0.80639404,0
-0.9256022,-1.4884498,-0.060327172,-0.0029273182,-0.5913713,-0.80639404,0
0.48944592,-0.087316811,1.2843471,0.0029273182,0.5913713,0.80639404,0
1.641391,1.7235166,-0.097661018,0.0029273182,0.5913713,0.80639404,0
-1.5264735,0.68074882,0.30315769,-0.78928709,0.49651021,-0.3612518,0
1.8239825,-0.31860483,-1.1187315,-0.0029273182,-0.5913713,-0.80639404,0
1.0739119,-0.61973894,1.0536737,0.78928709,-0.49651021,0.3612518,0
0.92832863,2.150506,-1.3990691,0.61401689,0.63541919,-0.46821499,0
-1.8731486,-0.37043038,-0.83172953,-0.78928709,0.49651021,-0.3612518,0
2.6118491,0.5889287,-1.0110633,0.61401689,0.63541919,-0.46821499,0
1.9646876,1.0645823,-1.2785797,0.61401689,0.63541919,-0.46821499,0
2.0865972,0.88436723,-1.5323396,0.61401689,0.63541919,-0.46821499,0
-0.080733955,1.046544,0.35953274,0.0029273182,0.5913713,0.80639404,0
1.1352204,-0.026202619,1.1455586,0.0029273182,0.5913713,0.80639404,0
1.6975174,1.3599284,-1.3087687,0.61401689,0.63541919,-0.46821499,0
2.3637109,1.0502979,0.39897823,0.78928709,-0.49651021,0.3612518,0
2.3630073,0.82156944,-0.92688704,0.61401689,0.63541919,-0.46821499,0
-0.66489482,1.3347633,-0.86008859,-0.78928709,0.49651021,-0.3612518,0
2.1011658,1.632651,-0.51535296,0.61401689,0.63541919,-0.46821499,0
-0.54088557,-2.5876431,1.1663867,-0.61401689,-0.63541919,0.46821499,0
2.0586562,1.2143226,-1.1722353,0.61401689,0.63541919,-0.46821499,0
0.81609595,1.5385514,-2.0855029,0.61401689,0.63541919,-0.46821499,0
-2.2071307,-0.8474896,1.3950803,-0.61401689,-0.63541919,0.46821499,0
-1.00358,0.74654073,-0.9486509,-0.78928709,0.49651021,-0.3612518,0
-2.6553354,-0.45884943,0.95175004,-0.78928709,0.49651021,-0.3612518,0
-1.5937798,-0.1607786,-0.81592727,-0.78928709,0.49651021,-0.3612518,0
-2.6165481,-0.3751986,1.1252367,-0.78928709,0.49651021,-0.3612518,0
-1.7970769,-1.2562973,1.4880898,-0.61401689,-0.63541919,0.46821499,0
-1.7743411,-0.03586331,-0.20012176,-0.78928709,0.49651021,-0.3612518,0
1.8680149,0.40901864,-1.4509089,-0.0029273182,-0.5913713,-0.80639404,0
-2.5640931,-1.4787318,0.15270257,-0.61401689,-0.63541919,0.46821499,0
2.4207513,0.75897193,-0.34841871,0.78928709,-0.49651021,0.3612518,0
-0.48100305,1.4920276,-1.0969111,-0.78928709,0.49651021,-0.3612518,0
0.90384758,2.2284944,-1.1832547,0.61401689,0.63541919,-0.46821499,0
2.3396013,0.29576707,-0.82405233,0.78928709,-0.49651021,0.3612518,0
-0.32070899,1.7842155,-0.030839175,0.0029273182,0.5913713,0.80639404,0
-0.26046205,0.63476241,0.78985572,0.0029273182,0.5913713,0.80639404,0
1.8255498,1.9553218,-0.48351932,0.61401689,0.63541919,-0.46821499,0
-0.50867832,1.4858711,-0.83148825,-0.78928709,0.49651021,-0.3612518,0
1.2796249,2.2085652,-0.37205911,0.0029273182,0.5913713,0.80639404,0
-0.53578627,-0.78172344,-0.58913165,-0.0029273182,-0.5913713,-0.80639404,0
2.4866488,1.0863183,-0.48023486,0.61401689,0.63541919,-0.46821499,0
1.1228604,2.0725844,-1.1180279,0.61401689,0.63541919,-0.46821499,0
-1.9211311,-0.33872193,-0.44449091,-0.78928709,0.49651021,-0.3612518,0
-1.662668,-0.064463146,-0.46036804,-0.78928709,0.49651021,-0.3612518,0
0.050963163,0.37600422,0.99334008,0.0029273182,0.5913713,0.80639404,0
-1.6698554,0.56291199,0.074974298,-0.78928709,0.49651021,-0.3612518,0
0.48507261,-1.7429339,0.58633244,0.78928709,-0.49651021,0.3612518,0
-1.8384715,-0.48457354,-0.85763907,-0.78928709,0.49651021,-0.3612518,0
2.6058493,1.0806549,-0.15250993,0.78928709,-0.49651021,0.3612518,0
-0.92196071,0.65266329,0.86995983,0.0029273182,0.5913713,0.80639404,0
-0.60443997,-1.7776241,1.9236631,-0.61401689,-0.63541919,0.46821499,0
0.29723728,-2.0516124,0.32229191,-0.0029273182,-0.5913713,-0.80639404,0
0.68294418,-1.3754269,-0.18721233,-0.0029273182,-0.5913713,-0.80639404,0
-0.35530519,1.1187191,-1.8890295,-0.78928709,0.49651021,-0.3612518,0
2.043859,1.3406516,-0.84254694,0.61401689,0.63541919,-0.46821499,0
0.27636215,1.0720056,0.376939,0.0029273182,0.5913713,0.80639404,0
0.43065238,-0.20272553,-1.201627,-0.0029273182,-0.5913713,-0.80639404,0
-2.0832903,-1.3352226,0.94197154,-0.61401689,-0.63541919,0.46821499,0
-0.29297495,-1.7949936,0.16716087,-0.0029273182,-0.5913713,-0.80639404,0
-2.193831,-0.42429912,-0.067127228,-0.78928709,0.49651021,-0.3612518,0
-0.66887534,-1.5297205,2.4072485,0.0029273182,0.5913713,0.80639404,0
1.2811453,-0.48031378,-1.0072486,-0.0029273182,-0.5913713,-0.80639404,0
-1.4677687,0.32117215,-0.76100522,-0.78928709,0.49651021,-0.3612518,0
-0.32997993,-1.1600736,-0.31779116,-0.0029273182,-0.5913713,-0.80639404,0
0.57638121,2.3782005,-1.4974662,0.61401689,0.63541919,-0.46821499,0
0.57751894,2.7650299,-0.87777162,0.61401689,0.63541919,-0.46821499,0
-0.12990522,1.5573943,-1.8843293,-0.78928709,0.49651021,-0.3612518,0
0.035290718,-1.3896613,1.9027617,0.78928709,-0.49651021,0.3612518,0
-1.374149,0.97883582,0.24541914,-0.78928709,0.49651021,-0.3612518,0
-0.94780803,-1.6523229,0.079034328,-0.0029273182,-0.5913713,-0.80639404,0
-0.22688162,0.53837115,-1.5831058,-0.0029273182,-0.5913713,-0.80639404,0
-2.191576,-0.87953913,1.0633702,-0.61401689,-0.63541919,0.46821499,0
1.8967381,-0.2039901,-1.1992853,-0.0029273182,-0.5913713,-0.80639404,0
-1.1568495,0.46455422,-1.2016635,-0.78928709,0.49651021,-0.3612518,0
0.38460636,-2.0211835,0.66105497,0.78928709,-0.49651021,0.3612518,0
0.23302507,2.1907401,-1.7987901,-0.78928709,0.49651021,-0.3612518,0
-0.47548127,-2.3718014,1.6803359,-0.61401689,-0.63541919,0.46821499,0
-1.636143,-1.2478654,-0.39172196,-0.0029273182,-0.5913713,-0.80639404,0
0.95433033,-0.72115391,0.91409099,0.78928709,-0.49651021,0.3612518,0
-1.9516318,-1.6733428,0.48900104,-0.61401689,-0.63541919,0.46821499,0
2.5640018,1.4362378,0.24538016,0.0029273182,0.5913713,0.80639404,0
-1.3482388,-0.1601356,-1.0323209,-0.0029273182,-0.5913713,-0.80639404,0
1.5556898,-0.1894919,0.58537436,0.78928709,-0.49651021,0.3612518,0
-1.8436513,-1.5531702,1.0269558,-0.61401689,-0.63541919,0.46821499,0
-2.5989122,-0.68053305,0.97005081,-0.61401689,-0.63541919,0.46821499,0
-0.27532816,1.2339363,0.3708657,0.0029273182,0.5913713,0.80639404,0
0.13147545,-0.35115236,1.449988,0.0029273182,0.5913713,0.80639404,0
-1.5259762,-1.1498153,1.8841484,-0.61401689,-0.63541919,0.46821499,0
2.3984399,0.2992149,-0.50072074,0.78928709,-0.49651021,0.3612518,0
-0.58232427,-0.18264854,1.3993428,0.0029273182,0.5913713,0.80639404,0
1.3922828,1.1839144,0.48842537,0.0029273182,0.5913713,0.80639404,0
-0.49529862,-1.9609807,1.8308469,-0.61401689,-0.63541919,0.46821499,0
0.59243286,2.0595376,-1.6431687,0.61401689,0.63541919,-0.46821499,0
-1.6641481,-1.4549512,1.3820841,-0.61401689,-0.63541919,0.46821499,0
0.60602641,2.065114,-1.5532963,0.61401689,0.63541919,-0.46821499,0
0.75045645,-1.6846662,0.25056049,0.78928709,-0.49651021,0.3612518,0
-0.31226593,-0.73354596,-0.75253087,-0.0029273182,-0.5913713,-0.80639404,0
1.617208,1.2150092,0.23017108,0.0029273182,0.5913713,0.80639404,0
2.4502299,0.55191362,-1.4996643,0.61401689,0.63541919,-0.46821499,0
0.86553621,0.844199,0.72012115,0.0029273182,0.5913713,0.80639404,0
-0.088067576,0.71797371,0.82311946,0.0029273182,0.5913713,0.80639404,0
-2.0448084,0.095625579,0.52409291,-0.78928709,0.49651021,-0.3612518,0
0.36729056,0.40064245,-1.5266479,-0.0029273182,-0.5913713,-0.80639404,0
2.3754499,0.67664093,-0.30872536,0.78928709,-0.49651021,0.3612518,0
0.59841251,-0.87766665,1.7484618,0.78928709,-0.49651021,0.3612518,0
-1.1718911,-1.413729,1.7989843,-0.61401689,-0.63541919,0.46821499,0
0.66292715,2.1055489,-1.6980516,0.61401689,0.63541919,-0.46821499,0
1.393919,1.6446986,-1.45508,0.61401689,0.63541919,-0.46821499,0
-0.0084341094,0.70767868,0.68918788,0.0029273182,0.5913713,0.80639404,0
-0.2985599,-1.982403,2.0778117,-0.61401689,-0.63541919,0.46821499,0
0.60020924,-0.90917784,1.7725071,0.78928709,-0.49651021,0.3612518,0
-2.042397,-0.88966578,-0.46001089,-0.0029273182,-0.5913713,-0.80639404,0
-1.3789927,-1.9395565,0.25605822,-0.0029273182,-0.5913713,-0.80639404,0
-1.3610845,-0.66073227,-0.69336295,-0.0029273182,-0.5913713,-0.80639404,0
-1.8446078,-1.2197709,1.4697497,-0.61401689,-0.63541919,0.46821499,0
-2.771683,-1.2107067,0.17681861,-0.78928709,0.49651021,-0.3612518,0
-0.65427315,-2.296633,0.47080016,-0.0029273182,-0.5913713,-0.80639404,0
1.1989323,1.8419451,-1.2158422,0.61401689,0.63541919,-0.46821499,0
-1.188563,-2.1253266,0.71705794,-0.61401689,-0.63541919,0.46821499,0
-0.60515332,-0.10763627,-1.2306545,-0.0029273182,-0.5913713,-0.80639404,0
1.4901955,-0.55641466,0.3689974,0.78928709,-0.49651021,0.3612518,0
0.32987976,-2.2335086,0.29398584,-0.0029273182,-0.5913713,-0.80639404,0
-1.7026978,-1.589142,0.95516086,-0.61401689,-0.63541919,0.46821499,0
1.3938718,1.9660877,-0.65043521,0.61401689,0.63541919,-0.46821499,0
1.4396565,2.0111232,-0.54239154,0.61401689,0.63541919,-0.46821499,0
-0.11988986,0.080081999,-1.2395941,-0.0029273182,-0.5913713,-0.80639404,0
2.0869112,0.58701974,0.62506616,0.78928709,-0.49651021,0.3612518,0
1.0619725,-0.69272304,0.96140432,0.78928709,-0.49651021,0.3612518,0
-0.067599773,-2.3622565,0.52273369,-0.0029273182,-0.5913713,-0.80639404,0
0.031895876,1.5325305,-2.1753323,-0.78928709,0.49651021,-0.3612518,0
-2.1257293,-0.29336944,0.20574689,-0.78928709,0.49651021,-0.3612518,0
2.1818249,0.11512721,-0.61475229,0.78928709,-0.49651021,0.3612518,0
-0.2337358,1.3990533,-1.485059,-0.78928709,0.49651021,-0.3612518,0
-0.046132579,0.56350261,0.74853617,0.0029273182,0.5913713,0.80639404,0
-1.7394557,-0.82317269,-0.62236345,-0.0029273182,-0.5913713,-0.80639404,0
-0.93106401,-1.5537095,2.0925438,-0.61401689,-0.63541919,0.46821499,0
0.30005366,-0.15685016,-1.1706942,-0.0029273182,-0.5913713,-0.80639404,0
0.53205037,2.0165372,-2.0974827,0.61401689,0.63541919,-0.46821499,0
-2.0327837,-1.3094527,0.84250665,-0.61401689,-0.63541919,0.46821499,0
0.82451797,2.0512476,-1.2954049,0.61401689,0.63541919,-0.46821499,0
0.67684197,-1.477827,0.89436275,0.78928709,-0.49651021,0.3612518,0
-1.7212449,0.74773383,0.3827709,-0.78928709,0.49651021,-0.3612518,0
1.5826143,-0.93029463,-0.44868815,0.78928709,-0.49651021,0.3612518,0
-0.088405073,0.076873362,1.2532147,0.0029273182,0.5913713,0.80639404,0
1.7202337,-0.36950833,-0.29410303,0.78928709,-0.49651021,0.3612518,0
2.1212978,1.7304783,-0.087495565,0.61401689,0.63541919,-0.46821499,0
-1.8791714,-1.8355911,0.38316488,-0.61401689,-0.63541919,0.46821499,0
-0.089421332,-0.33846879,-0.91119516,-0.0029273182,-0.5913713,-0.80639404,0
0.77179825,-0.40960562,1.5819476,0.0029273182,0.5913713,0.80639404,0
-1.1267121,1.306044,0.2410289,-0.78928709,0.49651021,-0.3612518,0
0.56780547,2.0293703,-0.15338492,0.0029273182,0.5913713,0.80639404,0
2.1991277,0.64881176,0.45401561,0.78928709,-0.49651021,0.3612518,0
-0.89795005,-1.2914213,2.2735777,-0.61401689,-0.63541919,0.46821499,0
-0.13224459,1.5046647,-1.8522861,-0.78928709,0.49651021,-0.3612518,0
-1.2109048,-1.851807,1.341429,-0.61401689,-0.63541919,0.46821499,0
1.5567086,0.7286818,-1.850436,-0.0029273182,-0.5913713,-0.80639404,0
1.9353325,-0.2462545,-0.53360856,0.78928709,-0.49651021,0.3612518,0
-1.890388,0.40970576,0.74408412,-0.78928709,0.49651021,-0.3612518,0
-0.17473102,-0.18924785,1.4834607,0.0029273182,0.5913713,0.80639404,0
-0.603513,-0.25396049,-0.92802352,-0.0029273182,-0.5913713,-0.80639404,0
0.72993648,2.1985331,-1.5045207,0.61401689,0.63541919,-0.46821499,0
-1.6394079,-1.0216178,1.879406,-0.61401689,-0.63541919,0.46821499,0
-1.932469,-0.07494539,-0.21768498,-0.78928709,0.49651021,-0.3612518,0
-0.48348641,1.3612139,-1.1288779,-0.78928709,0.49651021,-0.3612518,0
-1.7617664,0.36273,-0.05566144,-0.78928709,0.49651021,-0.3612518,0
-1.9983134,-0.12373301,-0.011234283,-0.78928709,0.49651021,-0.3612518,0
-1.0333894,-1.9677018,1.2578564,-0.61401689,-0.63541919,0.46821499,0
-2.731637,-0.82529914,0.44639301,-0.78928709,0.49651021,-0.3612518,0
2.0916407,0.61778677,-1.6611865,0.61401689,0.63541919,-0.46821499,0
-0.4599731,-1.9362125,2.2100286,-0.61401689,-0.63541919,0.46821499,0
1.8121836,-0.53653276,-0.5872308,0.78928709,-0.49651021,0.3612518,0
1.019712,-0.12045181,1.2903554,0.0029273182,0.5913713,0.80639404,0
2.1342824,-0.27276123,-0.94016981,-0.0029273182,-0.5913713,-0.80639404,0
0.29047477,-0.22291452,1.3513969,0.0029273182,0.5913713,0.80639404,0
-2.3943779,-1.2754973,-0.17807722,-0.0029273182,-0.5913713,-0.80639404,0
2.0480938,1.0173582,-1.4324949,0.61401689,0.63541919,-0.46821499,0
-1.2207215,-1.3892581,1.9512932,-0.61401689,-0.63541919,0.46821499,0
-0.87374675,-0.094955802,1.2052355,0.0029273182,0.5913713,0.80639404,0
0.96569955,-0.16355366,1.2501068,0.0029273182,0.5913713,0.80639404,0
1.8991311,1.6709688,-0.66819119,0.61401689,0.63541919,-0.46821499,0
-2.4023247,-1.448056,-0.28644347,-0.0029273182,-0.5913713,-0.80639404,0
0.43707645,-1.6921343,0.76730835,0.78928709,-0.49651021,0.3612518,0
-2.6557751,-1.0498579,0.35244226,-0.78928709,0.49651021,-0.3612518,0
-1.6277337,-2.0501299,0.53935051,-0.61401689,-0.63541919,0.46821499,0
1.3112216,1.6956813,-1.134587,0.61401689,0.63541919,-0.46821499,0
0.56358838,2.7742128,-0.71550465,0.0029273182,0.5913713,0.80639404,0
-1.6476308,0.32613763,-0.022026658,-0.78928709,0.49651021,-0.3612518,0
2.0382309,1.6093884,-0.35314631,0.61401689,0.63541919,-0.46821499,0
1.8801471,0.41848138,0.87214619,0.78928709,-0.49651021,0.3612518,0
-1.8404787,0.26776996,0.0454036,-0.78928709,0.49651021,-0.3612518,0
0.67659366,-0.30035573,1.3901534,0.0029273182,0.5913713,0.80639404,0
1.5462885,0.20409238,-1.3555895,-0.0029273182,-0.5913713,-0.80639404,0
-1.4409077,0.38529944,-0.50519753,-0.78928709,0.49651021,-0.3612518,0
2.246155,-0.14489949,-0.92477059,0.78928709,-0.49651021,0.3612518,0
0.37732673,-1.688061,1.021296,0.78928709,-0.49651021,0.3612518,0
-0.80034018,-2.3473554,1.0973911,-0.61401689,-0.63541919,0.46821499,0
-2.6297221,-0.55519724,1.1436951,-0.61401689,-0.63541919,0.46821499,0
0.36606979,2.4322562,-0.55547631,0.0029273182,0.5913713,0.80639404,0
-0.065113068,-1.6999786,0.045728922,-0.0029273182,-0.5913713,-0.80639404,0
-2.3921466,-0.69934225,1.4005783,-0.61401689,-0.63541919,0.46821499,0
0.08519721,-1.397176,-0.1690945,-0.0029273182,-0.5913713,-0.80639404,0
1.9013066,1.289462,-1.1290793,0.61401689,0.63541919,-0.46821499,0
-0.12833419,0.66705769,0.7724542,0.0029273182,0.5913713,0.80639404,0
1.4752693,1.2510411,-1.8368354,0.61401689,0.63541919,-0.46821499,0
-0.75671864,1.6547868,-0.35115826,-0.78928709,0.49651021,-0.3612518,0
-0.84658945,-0.1837244,1.4469764,0.0029273182,0.5913713,0.80639404,0
-0.82982635,-1.4599471,-0.26043618,-0.0029273182,-0.5913713,-0.80639404,0
-0.77136517,0.66798937,-1.336642,-0.78928709,0.49651021,-0.3612518,0
1.2183706,1.0889409,0.49555886,0.0029273182,0.5913713,0.80639404,0
-1.7659967,-0.94033456,1.7385807,-0.61401689,-0.63541919,0.46821499,0
-0.1856029,-2.4410801,1.0391601,0.78928709,-0.49651021,0.3612518,0
0.4712472,-0.3972289,1.4468431,0.0029273182,0.5913713,0.80639404,0
-0.14059401,1.7387754,0.069716215,0.0029273182,0.5913713,0.80639404,0
-2.6334851,-1.2295277,0.039268255,-0.61401689,-0.63541919,0.46821499,0
