1.1401627,3.942101,0.16773415,0.28369141,0.93506873,0.21252239,0
0.40915,-1.6491636,-0.75677633,0.86574781,-0.15446393,-0.47604793,0
-0.42053473,2.9802885,0.2947247,-0.86574781,0.15446393,0.47604793,0
0.22547185,-2.5293982,0.21720076,0.41231048,-0.31904149,0.85335374,0
1.3399355,3.0283661,-0.56896949,0.86574781,-0.15446393,-0.47604793,0
-1.0689815,-2.1598527,0.70458293,-0.86574781,0.15446393,0.47604793,0
-1.6627275,-2.7626271,-0.17144847,-0.86574781,0.15446393,0.47604793,0
-0.14994228,-3.8566899,-0.19995594,0.41231048,-0.31904149,0.85335374,0
0.039010823,1.0533345,1.4495466,0.41231048,-0.31904149,0.85335374,0
-1.7765254,-3.6120882,-0.915205,-0.28369141,-0.93506873,-0.21252239,0
-1.6177807,-1.8571773,-1.1740191,-0.41231048,0.31904149,-0.85335374,0
-1.4274042,-3.7958386,-0.27989435,-0.28369141,-0.93506873,-0.21252239,0
-0.082068384,0.63265622,1.3963826,0.41231048,-0.31904149,0.85335374,0
2.2009234,3.4143403,1.277693,0.28369141,0.93506873,0.21252239,0
1.3356692,1.2079672,-0.19295251,0.86574781,-0.15446393,-0.47604793,0
-2.0351543,-3.3386102,-1.1760678,-0.28369141,-0.93506873,-0.21252239,0
-0.63801134,-0.059933662,0.97111499,-0.86574781,0.15446393,0.47604793,0
0.33004862,-1.8109555,-0.88109624,0.86574781,-0.15446393,-0.47604793,0
-0.66679317,-3.9821086,-0.15077734,-0.28369141,-0.93506873,-0.21252239,0
-1.489248,-1.1747611,-0.28270841,-0.86574781,0.15446393,0.47604793,0
1.7164789,3.5056045,0.68666673,0.28369141,0.93506873,0.21252239,0
-1.9047315,-1.6480017,-0.77861392,-0.86574781,0.15446393,0.47604793,0
1.2511811,3.8134103,0.73834848,0.28369141,0.93506873,0.21252239,0
-1.2155061,-1.033143,-0.96077919,-0.41231048,0.31904149,-0.85335374,0
-0.45745355,-2.0577741,-1.7194872,-0.41231048,0.31904149,-0.85335374,0
0.014606774,-1.4032375,-1.6477385,0.86574781,-0.15446393,-0.47604793,0
1.9502995,3.3366957,0.45424128,0.86574781,-0.15446393,-0.47604793,0
2.0703778,2.7008839,1.199945,0.41231048,-0.31904149,0.85335374,0
-0.69772744,1.4092495,0.39218032,-0.86574781,0.15446393,0.47604793,0
1.6512523,3.5888209,1.0576446,0.28369141,0.93506873,0.21252239,0
-2.0006189,-3.5604024,-0.86955738,-0.28369141,-0.93506873,-0.21252239,0
-0.76348132,0.95760226,-0.4449631,-0.41231048,0.31904149,-0.85335374,0
1.5171566,1.6248688,1.0219594,0.41231048,-0.31904149,0.85335374,0
-2.1069663,-3.441087,-1.2597363,-0.28369141,-0.93506873,-0.21252239,0
-1.0551664,-3.8322387,-0.78527546,-0.28369141,-0.93506873,-0.21252239,0
0.36896026,-3.296875,-0.37892008,0.86574781,-0.15446393,-0.47604793,0
-0.55052286,-3.974205,-0.40976763,-0.28369141,-0.93506873,-0.21252239,0
1.4331067,3.9099259,-0.23134756,0.28369141,0.93506873,0.21252239,0
-0.36964393,-3.8597109,-1.0819993,-0.28369141,-0.93506873,-0.21252239,0
-1.3823377,-2.0319836,0.12009573,-0.86574781,0.15446393,0.47604793,0
1.4397122,3.9257126,-0.24996758,0.28369141,0.93506873,0.21252239,0
-0.82560974,-3.6355207,-2.0689919,-0.41231048,0.31904149,-0.85335374,0
2.1984394,3.3322985,1.0135198,0.28369141,0.93506873,0.21252239,0
0.64767462,-1.4148564,-0.32524979,0.86574781,-0.15446393,-0.47604793,0
-1.2444719,0.26285833,-0.11475003,-0.86574781,0.15446393,0.47604793,0
2.0191896,3.4010317,0.52504778,0.86574781,-0.15446393,-0.47604793,0
0.89248872,1.4480084,-0.99268436,-0.41231048,0.31904149,-0.85335374,0
1.9972172,2.6190875,1.0779672,0.41231048,-0.31904149,0.85335374,0
0.58832049,2.584343,-0.42367005,-0.41231048,0.31904149,-0.85335374,0
0.10068318,0.7258594,1.3607724,0.41231048,-0.31904149,0.85335374,0
-0.041112781,-3.5166492,-1.0593469,0.86574781,-0.15446393,-0.47604793,0
-1.6010983,-2.9968457,0.2263453,-0.86574781,0.15446393,0.47604793,0
-1.1295227,-0.29371929,-0.67419797,-0.41231048,0.31904149,-0.85335374,0
-0.69200468,2.5075188,0.1276598,-0.86574781,0.15446393,0.47604793,0
-0.68527317,-3.6707909,-1.8038151,-0.28369141,-0.93506873,-0.21252239,0
0.79266572,2.5300159,-0.63353181,-0.41231048,0.31904149,-0.85335374,0
-1.5224992,-3.1123862,-1.5413053,-0.41231048,0.31904149,-0.85335374,0
0.30524421,-0.90356857,-1.1322238,0.86574781,-0.15446393,-0.47604793,0
1.5293487,3.7232516,0.44262171,0.28369141,0.93506873,0.21252239,0
-0.072714806,1.524201,-0.6058712,-0.41231048,0.31904149,-0.85335374,0
-0.3660453,0.49127996,-0.77334142,-0.41231048,0.31904149,-0.85335374,0
1.5505364,1.551923,0.33128321,0.86574781,-0.15446393,-0.47604793,0
0.57471979,1.7994548,1.5606971,0.41231048,-0.31904149,0.85335374,0
-1.4372725,-1.6945298,-1.1349539,-0.41231048,0.31904149,-0.85335374,0
1.1107421,3.7599611,0.6129055,0.28369141,0.93506873,0.21252239,0
-0.20728123,2.0308015,1.2654061,-0.86574781,0.15446393,0.47604793,0
0.12739307,-0.40682578,-1.4574298,-0.41231048,0.31904149,-0.85335374,0
-0.60879588,-3.8978546,-1.2877283,-0.28369141,-0.93506873,-0.21252239,0
-0.11545795,1.6085082,1.5306556,-0.86574781,0.15446393,0.47604793,0
0.35563082,2.6854379,-0.34652424,-0.41231048,0.31904149,-0.85335374,0
-1.6142937,-0.41505325,-0.59179187,-0.86574781,0.15446393,0.47604793,0
1.7217472,3.7569406,0.0016756058,0.28369141,0.93506873,0.21252239,0
-0.72326255,1.4551988,0.34510326,-0.86574781,0.15446393,0.47604793,0
1.6610925,0.94950616,0.62943274,0.41231048,-0.31904149,0.85335374,0
-0.2416113,-2.2652354,-1.8009989,0.86574781,-0.15446393,-0.47604793,0
0.74671108,3.9152045,0.71934509,0.28369141,0.93506873,0.21252239,0
1.5679572,1.1569721,0.28448737,0.86574781,-0.15446393,-0.47604793,0
-1.1992922,-0.83275741,0.16702515,-0.86574781,0.15446393,0.47604793,0
-0.32321078,2.2174203,-0.09841466,-0.41231048,0.31904149,-0.85335374,0
0.8147487,0.65242302,-0.8183704,0.86574781,-0.15446393,-0.47604793,0
-0.52961278,2.7713869,0.41005588,-0.86574781,0.15446393,0.47604793,0
-0.83405918,-0.38801339,0.59755433,-0.86574781,0.15446393,0.47604793,0
1.2856328,3.7800207,0.64385986,0.28369141,0.93506873,0.21252239,0
0.60117137,3.8264878,1.2568572,0.28369141,0.93506873,0.21252239,0
-0.43295416,-1.0652111,1.0210075,0.41231048,-0.31904149,0.85335374,0
-0.51286888,0.6612882,-0.67165542,-0.41231048,0.31904149,-0.85335374,0
-0.12936085,0.90926397,1.5969801,-0.86574781,0.15446393,0.47604793,0
1.7794411,3.7219515,0.12485504,0.28369141,0.93506873,0.21252239,0
-0.87549675,-0.87518269,0.65583962,-0.86574781,0.15446393,0.47604793,0
-0.18917435,1.034685,1.267828,-0.86574781,0.15446393,0.47604793,0
1.0062509,-0.20466053,0.68732804,0.41231048,-0.31904149,0.85335374,0
1.8503356,3.3598177,1.3656015,0.28369141,0.93506873,0.21252239,0
1.5016401,3.6444535,0.94514704,0.28369141,0.93506873,0.21252239,0
-0.75224334,-3.5675108,-1.852824,-0.28369141,-0.93506873,-0.21252239,0
2.2982028,3.123235,1.1506512,0.86574781,-0.15446393,-0.47604793,0
2.1526861,3.4617126,0.70221257,0.28369141,0.93506873,0.21252239,0
1.9001617,1.7302406,0.69832194,0.86574781,-0.15446393,-0.47604793,0
2.2608352,3.2859576,1.2886875,0.28369141,0.93506873,0.21252239,0
-0.4275091,0.59209669,1.1323469,-0.86574781,0.15446393,0.47604793,0
1.4550588,2.945972,1.6375821,0.41231048,-0.31904149,0.85335374,0
-1.5366701,-3.8286495,0.15711641,-0.28369141,-0.93506873,-0.21252239,0
1.2937062,1.0443649,0.1046257,0.86574781,-0.15446393,-0.47604793,0
0.34339058,-3.0253186,-0.44095731,0.86574781,-0.15446393,-0.47604793,0
-0.36525863,1.7625384,-0.27051663,-0.41231048,0.31904149,-0.85335374,0
0.73866272,0.87645543,1.0765431,0.41231048,-0.31904149,0.85335374,0
0.69800782,2.1710236,-0.7764895,-0.41231048,0.31904149,-0.85335374,0
-1.0901651,-2.3395858,0.69551229,-0.86574781,0.15446393,0.47604793,0
-1.6218921,-3.5075758,-1.6026571,-0.28369141,-0.93506873,-0.21252239,0
-0.019875526,2.2822495,1.3273698,-0.86574781,0.15446393,0.47604793,0
1.2185897,3.7286978,0.62030888,0.28369141,0.93506873,0.21252239,0
0.23828447,-0.56066501,0.88820267,0.41231048,-0.31904149,0.85335374,0
-1.5703396,-1.0881236,-0.20981622,-0.86574781,0.15446393,0.47604793,0
-2.2640154,-3.4687233,-0.9674387,-0.28369141,-0.93506873,-0.21252239,0
-0.20439786,-1.3113242,-1.5868719,-0.41231048,0.31904149,-0.85335374,0
-0.30485672,1.0125988,1.1096776,-0.86574781,0.15446393,0.47604793,0
-0.85347819,-3.553056,0.23212194,0.41231048,-0.31904149,0.85335374,0
-1.6503671,-2.8641028,0.096029997,-0.86574781,0.15446393,0.47604793,0
1.7784363,2.0184088,0.984326,0.41231048,-0.31904149,0.85335374,0
-1.171654,-3.8232179,-0.14754629,-0.28369141,-0.93506873,-0.21252239,0
-0.12034857,-4.1301908,-0.39963531,-0.28369141,-0.93506873,-0.21252239,0
-1.6000243,-1.0155879,-0.8795709,-0.41231048,0.31904149,-0.85335374,0
0.5334838,-2.116858,-0.62376833,0.86574781,-0.15446393,-0.47604793,0
0.28552127,3.9831581,0.93049288,0.28369141,0.93506873,0.21252239,0
0.3155275,-2.1607337,-0.99170351,0.86574781,-0.15446393,-0.47604793,0
-0.013809681,3.9773736,0.90506315,0.28369141,0.93506873,0.21252239,0
1.423117,2.9753852,1.6983123,0.41231048,-0.31904149,0.85335374,0
0.31958985,-3.2398486,-0.10210896,0.41231048,-0.31904149,0.85335374,0
1.404938,3.6079001,-0.58236837,-0.41231048,0.31904149,-0.85335374,0
-1.3377583,-3.8231688,0.027228355,-0.28369141,-0.93506873,-0.21252239,0
-1.7516446,-3.4621415,-1.0602856,-0.28369141,-0.93506873,-0.21252239,0
0.13031143,-2.8200958,0.14057922,0.41231048,-0.31904149,0.85335374,0
-1.5402466,-1.1479985,-0.9440679,-0.41231048,0.31904149,-0.85335374,0
0.42562741,-0.69867629,0.66508162,0.41231048,-0.31904149,0.85335374,0
-1.7254108,-3.2680566,-0.16898179,-0.86574781,0.15446393,0.47604793,0
0.17689753,3.9484155,1.0928483,0.28369141,0.93506873,0.21252239,0
-0.61106539,1.4617641,0.48362899,-0.86574781,0.15446393,0.47604793,0
1.5603044,0.76363432,0.75259823,0.41231048,-0.31904149,0.85335374,0
1.164839,3.3474402,1.7565229,0.41231048,-0.31904149,0.85335374,0
-2.1376865,-2.8730037,-0.99721432,-0.86574781,0.15446393,0.47604793,0
-0.084499896,-0.66371602,1.0237629,0.41231048,-0.31904149,0.85335374,0
-0.85152382,-0.9280808,-1.2041508,-0.41231048,0.31904149,-0.85335374,0
-1.4879072,-1.7717506,-0.16535306,-0.86574781,0.15446393,0.47604793,0
-1.9663215,-2.1027389,-1.0630596,-0.41231048,0.31904149,-0.85335374,0
1.7355551,3.6756086,-0.17936325,0.86574781,-0.15446393,-0.47604793,0
-0.42872775,-3.7388678,-1.4763665,-0.28369141,-0.93506873,-0.21252239,0
-1.3787563,-0.89537716,-0.85587466,-0.41231048,0.31904149,-0.85335374,0
1.925043,2.0360961,0.86935163,0.86574781,-0.15446393,-0.47604793,0
-1.8338809,-3.7950537,-0.11021042,-0.28369141,-0.93506873,-0.21252239,0
-0.57732141,-3.572011,-1.9518585,-0.28369141,-0.93506873,-0.21252239,0
0.49218476,3.5667591,1.6570935,-0.86574781,0.15446393,0.47604793,0
0.97173887,0.41729367,-0.5775665,0.86574781,-0.15446393,-0.47604793,0
-0.8576895,-3.9380412,-0.36525869,-0.28369141,-0.93506873,-0.21252239,0
1.0178808,3.6485875,1.0545173,0.28369141,0.93506873,0.21252239,0
-0.25732851,-2.8024077,-1.4759324,0.86574781,-0.15446393,-0.47604793,0
-0.5861426,2.4399786,0.37552619,-0.86574781,0.15446393,0.47604793,0
0.1136502,3.4255419,0.16354227,-0.41231048,0.31904149,-0.85335374,0
-0.85949236,-0.94603562,-1.1882408,-0.41231048,0.31904149,-0.85335374,0
0.32363743,-1.8450575,-0.93910491,0.86574781,-0.15446393,-0.47604793,0
-1.3511498,-2.1394706,-1.3241559,-0.41231048,0.31904149,-0.85335374,0
0.15503028,-1.7898352,0.5025183,0.41231048,-0.31904149,0.85335374,0
-1.9531376,-3.4308238,-1.5699658,-0.28369141,-0.93506873,-0.21252239,0
0.30188161,0.46809542,-1.1746339,-0.41231048,0.31904149,-0.85335374,0
-1.5987593,-3.490545,-1.379195,-0.28369141,-0.93506873,-0.21252239,0
1.2748107,3.4873328,1.8283522,0.28369141,0.93506873,0.21252239,0
0.028188825,3.2426295,1.1738229,-0.86574781,0.15446393,0.47604793,0
-0.20574784,2.9585726,0.14301682,-0.41231048,0.31904149,-0.85335374,0
1.9378171,2.0989907,1.0332288,0.41231048,-0.31904149,0.85335374,0
-0.48099947,-3.4092326,0.078974247,0.41231048,-0.31904149,0.85335374,0
1.6062684,1.6856029,0.13794267,0.86574781,-0.15446393,-0.47604793,0
-0.46131098,0.87816137,-0.57196301,-0.41231048,0.31904149,-0.85335374,0
2.0842655,2.6389065,0.87276864,0.86574781,-0.15446393,-0.47604793,0
-2.2542005,-3.3135037,-1.0757508,-0.86574781,0.15446393,0.47604793,0
1.9018297,2.5622482,1.135772,0.41231048,-0.31904149,0.85335374,0
-1.501586,-3.874747,0.53274632,0.41231048,-0.31904149,0.85335374,0
-0.27978075,3.2204847,0.45594835,-0.86574781,0.15446393,0.47604793,0
-0.38619816,-0.91444266,-1.4155047,-0.41231048,0.31904149,-0.85335374,0
1.9532266,3.502851,0.91326165,0.28369141,0.93506873,0.21252239,0
-0.61877376,2.2820249,-0.052462101,-0.41231048,0.31904149,-0.85335374,0
-0.25757378,0.51781684,-0.76798892,-0.41231048,0.31904149,-0.85335374,0
-1.0080878,0.57520115,0.004147768,-0.86574781,0.15446393,0.47604793,0
-1.0784318,-3.8632071,-0.63747501,-0.28369141,-0.93506873,-0.21252239,0
-1.7510494,-3.6534882,-0.2062006,-0.28369141,-0.93506873,-0.21252239,0
-1.7619343,-3.6104498,-0.78780437,-0.28369141,-0.93506873,-0.21252239,0
1.4993203,2.049299,0.14997387,0.86574781,-0.15446393,-0.47604793,0
1.9220545,1.5135738,0.76094127,0.86574781,-0.15446393,-0.47604793,0
-1.5299104,-0.745395,-0.40441215,-0.86574781,0.15446393,0.47604793,0
-1.4116904,-3.9988813,0.32182598,-0.28369141,-0.93506873,-0.21252239,0
1.7392459,2.8212042,0.18029404,0.86574781,-0.15446393,-0.47604793,0
-0.85584933,1.4007087,0.15227818,-0.86574781,0.15446393,0.47604793,0
-1.2213737,-1.5257888,0.30094898,-0.86574781,0.15446393,0.47604793,0
-0.097646326,-0.41008735,1.1006175,0.41231048,-0.31904149,0.85335374,0
2.0324783,3.3688836,1.2781248,0.28369141,0.93506873,0.21252239,0
1.7631285,3.3921695,1.4526291,0.28369141,0.93506873,0.21252239,0
-1.713002,-1.7384655,-0.41998208,-0.86574781,0.15446393,0.47604793,0
-0.66041499,-1.2597644,1.065248,0.41231048,-0.31904149,0.85335374,0
1.2583041,0.85197586,-0.20405751,0.86574781,-0.15446393,-0.47604793,0
-1.7873552,-2.1784737,-0.44831157,-0.86574781,0.15446393,0.47604793,0
1.8359544,2.5853243,0.6082015,0.86574781,-0.15446393,-0.47604793,0
-0.15426451,0.19424117,1.3285155,0.41231048,-0.31904149,0.85335374,0
1.0763388,3.908119,-0.052790165,0.28369141,0.93506873,0.21252239,0
1.6669681,1.4789971,0.95490742,0.41231048,-0.31904149,0.85335374,0
0.76379454,0.35005215,-0.76611501,0.86574781,-0.15446393,-0.47604793,0
-0.29711699,-4.1399379,-0.56141329,-0.28369141,-0.93506873,-0.21252239,0
-1.6791172,-3.3143392,-1.536464,-0.41231048,0.31904149,-0.85335374,0
0.43439037,1.6070752,1.5042143,0.41231048,-0.31904149,0.85335374,0
0.34552652,-1.9321359,-0.94108045,0.86574781,-0.15446393,-0.47604793,0
1.247613,3.6526949,1.1763842,0.28369141,0.93506873,0.21252239,0
1.08182,3.8079467,0.18112373,0.28369141,0.93506873,0.21252239,0
0.26786157,1.4352607,-0.80156994,-0.41231048,0.31904149,-0.85335374,0
1.9227538,3.6724355,0.042948723,0.28369141,0.93506873,0.21252239,0
-1.2483048,-4.0696869,0.32645655,-0.28369141,-0.93506873,-0.21252239,0
1.6645309,3.7298963,0.3852706,0.28369141,0.93506873,0.21252239,0
-1.1957639,-3.0788026,-1.647505,-0.41231048,0.31904149,-0.85335374,0
0.14949101,1.6087068,1.6274371,0.41231048,-0.31904149,0.85335374,0
1.9069455,3.5762188,0.71103835,0.28369141,0.93506873,0.21252239,0
-0.47186443,0.24847281,-0.96304858,-0.41231048,0.31904149,-0.85335374,0
1.7805133,1.2564729,0.59445536,0.86574781,-0.15446393,-0.47604793,0
-0.16067827,3.0219624,1.0134192,-0.86574781,0.15446393,0.47604793,0
1.5819106,2.5984678,1.28461,0.41231048,-0.31904149,0.85335374,0
0.0033231974,2.6850448,1.423708,-0.86574781,0.15446393,0.47604793,0
1.5766894,0.30875242,0.50878495,0.41231048,-0.31904149,0.85335374,0
1.4903513,0.76177013,0.32106096,0.86574781,-0.15446393,-0.47604793,0
-0.9787944,-3.6985607,-1.4912891,-0.28369141,-0.93506873,-0.21252239,0
-0.79154348,0.92744094,0.4074375,-0.86574781,0.15446393,0.47604793,0
1.8079716,2.0509346,0.38613796,0.86574781,-0.15446393,-0.47604793,0
0.64555812,3.7528596,1.7624488,0.28369141,0.93506873,0.21252239,0
-0.88585758,-3.8758574,0.24901819,0.41231048,-0.31904149,0.85335374,0
-0.87088645,1.6518412,-0.18465412,-0.86574781,0.15446393,0.47604793,0
0.71269774,-0.54642552,-0.44558817,0.86574781,-0.15446393,-0.47604793,0
-0.977373,-3.6884789,-1.0098884,-0.28369141,-0.93506873,-0.21252239,0
-0.73139006,1.8931941,-0.17856383,-0.41231048,0.31904149,-0.85335374,0
0.50054634,-1.3770682,0.43755043,0.41231048,-0.31904149,0.85335374,0
0.47619477,-0.44185811,-1.0186273,0.86574781,-0.15446393,-0.47604793,0
0.59260625,1.8568257,-0.67291415,-0.41231048,0.31904149,-0.85335374,0
-1.5237648,-1.6538152,-0.037466049,-0.86574781,0.15446393,0.47604793,0
-0.071254313,1.7577765,1.2792797,-0.86574781,0.15446393,0.47604793,0
0.63591802,3.9044416,0.50992298,0.28369141,0.93506873,0.21252239,0
1.723263,2.9202218,1.3141515,0.41231048,-0.31904149,0.85335374,0
1.9142079,3.1127138,0.20064735,0.86574781,-0.15446393,-0.47604793,0
0.78869414,3.8224645,0.83910275,0.28369141,0.93506873,0.21252239,0
-0.78125316,1.7910175,-0.043527603,-0.41231048,0.31904149,-0.85335374,0
1.0819194,-1.1183642,0.27204108,0.41231048,-0.31904149,0.85335374,0
0.24064517,-4.0235376,-0.48897839,0.86574781,-0.15446393,-0.47604793,0
0.81425291,3.7428865,0.83797264,0.28369141,0.93506873,0.21252239,0
-1.5631654,-3.6058097,-1.1995995,-0.28369141,-0.93506873,-0.21252239,0
0.97448909,3.5185628,1.7998798,0.28369141,0.93506873,0.21252239,0
-0.57298017,-1.6830394,0.74300575,0.41231048,-0.31904149,0.85335374,0
1.7554823,3.7772918,0.21879292,0.28369141,0.93506873,0.21252239,0
1.7090197,3.5438519,0.63677883,0.28369141,0.93506873,0.21252239,0
0.020946503,1.9890382,1.6524503,-0.86574781,0.15446393,0.47604793,0
-0.90758473,-1.0610831,-1.0627649,-0.41231048,0.31904149,-0.85335374,0
-0.36917073,0.92020261,-0.61068356,-0.41231048,0.31904149,-0.85335374,0
-1.1973186,0.32463726,0.011082232,-0.86574781,0.15446393,0.47604793,0
0.83308721,3.3706019,1.9179862,0.41231048,-0.31904149,0.85335374,0
-0.13593018,-4.016571,-0.62964869,-0.28369141,-0.93506873,-0.21252239,0
-0.17755532,-3.9171154,-1.1915302,-0.28369141,-0.93506873,-0.21252239,0
-0.18144852,-2.2873898,0.47925115,0.41231048,-0.31904149,0.85335374,0
0.6594469,-1.0161526,-0.61176568,0.86574781,-0.15446393,-0.47604793,0
-0.7523666,-3.7520506,-1.2541025,-0.28369141,-0.93506873,-0.21252239,0
0.7445997,1.561502,-0.91290343,-0.41231048,0.31904149,-0.85335374,0
-0.11722702,1.5701817,1.4960396,-0.86574781,0.15446393,0.47604793,0
-0.22768396,-0.6806289,-1.3656834,-0.41231048,0.31904149,-0.85335374,0
-1.6964453,-3.2289681,-1.4493198,-0.41231048,0.31904149,-0.85335374,0
1.4056814,3.7607009,0.23048878,0.28369141,0.93506873,0.21252239,0
-1.1259874,-3.7587061,-0.53909159,-0.28369141,-0.93506873,-0.21252239,0
1.5372651,2.6805835,1.5073709,0.41231048,-0.31904149,0.85335374,0
0.4607181,-0.95726722,-0.82806617,0.86574781,-0.15446393,-0.47604793,0
0.87252778,1.4409928,1.3569081,0.41231048,-0.31904149,0.85335374,0
1.3156993,3.0503416,1.6785555,0.41231048,-0.31904149,0.85335374,0
0.067181826,4.1994743,0.69163752,0.28369141,0.93506873,0.21252239,0
-0.2387327,-3.9598427,-1.0482869,-0.28369141,-0.93506873,-0.21252239,0
0.54685569,3.6850929,1.8487487,0.28369141,0.93506873,0.21252239,0
-0.10542059,-4.199913,-0.43838549,-0.28369141,-0.93506873,-0.21252239,0
1.424824,1.9118366,1.1058905,0.41231048,-0.31904149,0.85335374,0
-1.5159645,-1.3551495,-0.31150961,-0.86574781,0.15446393,0.47604793,0
1.0036831,-0.86216104,0.4680866,0.41231048,-0.31904149,0.85335374,0
0.50165296,3.6306181,1.7462792,-0.86574781,0.15446393,0.47604793,0
-1.3442911,-3.5185597,-1.6436093,-0.28369141,-0.93506873,-0.21252239,0
0.17007124,4.0744381,0.78587866,0.28369141,0.93506873,0.21252239,0
0.43196633,-1.1200219,0.51403785,0.41231048,-0.31904149,0.85335374,0
-0.048222423,0.24536085,1.295143,0.41231048,-0.31904149,0.85335374,0
-1.5562313,-3.4741359,-1.3935947,-0.28369141,-0.93506873,-0.21252239,0
-0.0013096333,3.7238197,1.0725076,-0.86574781,0.15446393,0.47604793,0
1.1630813,3.8000603,0.6333952,0.28369141,0.93506873,0.21252239,0
-1.4464223,-3.4307022,-1.7261786,-0.28369141,-0.93506873,-0.21252239,0
-0.1020188,-0.62241119,1.0832063,0.41231048,-0.31904149,0.85335374,0
0.92848688,-0.21157575,-0.32528052,0.86574781,-0.15446393,-0.47604793,0
1.1989713,3.4993925,1.794982,0.28369141,0.93506873,0.21252239,0
-0.19563591,3.7862201,0.47525263,-0.86574781,0.15446393,0.47604793,0
1.2219582,2.1879909,-0.40492296,0.86574781,-0.15446393,-0.47604793,0
0.57345307,-0.30670094,0.78630984,0.41231048,-0.31904149,0.85335374,0
0.52273881,3.7005754,1.7927542,-0.86574781,0.15446393,0.47604793,0
-1.7602804,-3.7489247,-0.40069008,-0.28369141,-0.93506873,-0.21252239,0
-2.0302072,-3.291074,-0.64921641,-0.86574781,0.15446393,0.47604793,0
-0.62907434,-3.6653745,-1.7155921,-0.28369141,-0.93506873,-0.21252239,0
-0.82340288,-4.0341434,0.01904583,-0.28369141,-0.93506873,-0.21252239,0
1.2675947,3.8032734,0.32245207,0.28369141,0.93506873,0.21252239,0
-0.83978504,-3.9780989,-0.48829317,-0.28369141,-0.93506873,-0.21252239,0
1.3193227,2.5897851,1.455039,0.41231048,-0.31904149,0.85335374,0
-0.71402091,-2.7303357,-1.8409851,-0.41231048,0.31904149,-0.85335374,0
0.93363702,3.8416402,0.39898396,0.28369141,0.93506873,0.21252239,0
1.3544213,0.04491365,0.55137444,0.86574781,-0.15446393,-0.47604793,0
0.25761056,3.9146292,0.81015015,0.28369141,0.93506873,0.21252239,0
1.1165837,-0.15694287,0.094027296,0.86574781,-0.15446393,-0.47604793,0
0.65838516,3.8894725,1.2068126,0.28369141,0.93506873,0.21252239,0
-1.40574,-0.81484604,-0.083461463,-0.86574781,0.15446393,0.47604793,0
-1.553792,-3.7436099,-0.32656765,-0.28369141,-0.93506873,-0.21252239,0
0.63323301,-1.7611101,-0.33022904,0.86574781,-0.15446393,-0.47604793,0
0.83277225,0.34472302,-0.83593011,0.86574781,-0.15446393,-0.47604793,0
1.5659688,1.5429182,0.38714075,0.86574781,-0.15446393,-0.47604793,0
0.77477837,-1.4144471,-0.40366793,0.86574781,-0.15446393,-0.47604793,0
-0.094643176,0.92084289,1.5617945,0.41231048,-0.31904149,0.85335374,0
1.2489843,0.71117675,-0.065081,0.86574781,-0.15446393,-0.47604793,0
-0.33071542,-2.2133586,0.44219971,0.41231048,-0.31904149,0.85335374,0
2.1914959,3.2427554,1.3640926,0.28369141,0.93506873,0.21252239,0
-1.1159796,-0.020130217,-0.10674074,-0.86574781,0.15446393,0.47604793,0
1.6555148,3.7077799,0.68576622,0.28369141,0.93506873,0.21252239,0
-0.33921969,-4.0574303,-0.79699612,-0.28369141,-0.93506873,-0.21252239,0
-1.2555141,-3.548605,-1.4767945,-0.28369141,-0.93506873,-0.21252239,0
1.7098951,1.2799634,0.89892614,0.41231048,-0.31904149,0.85335374,0
0.37064746,-0.11187315,-1.2655469,0.86574781,-0.15446393,-0.47604793,0
-0.17565873,0.024359584,1.2841479,0.41231048,-0.31904149,0.85335374,0
-1.1083792,-3.7605052,-1.0404773,-0.28369141,-0.93506873,-0.21252239,0
0.56328404,1.5070261,-0.87519097,-0.41231048,0.31904149,-0.85335374,0
1.0335139,3.8491466,0.73959494,0.28369141,0.93506873,0.21252239,0
-0.42523158,-3.7571144,-1.6210966,-0.28369141,-0.93506873,-0.21252239,0
1.2295358,-0.52880418,0.15768331,0.86574781,-0.15446393,-0.47604793,0
1.6982048,3.4932904,1.0248125,0.28369141,0.93506873,0.21252239,0
0.97594833,-0.60595953,0.36363453,0.41231048,-0.31904149,0.85335374,0
-0.83568823,-3.8543673,-1.037746,-0.28369141,-0.93506873,-0.21252239,0
1.6756319,3.4203885,1.1048548,0.28369141,0.93506873,0.21252239,0
-0.79628712,-2.5943267,-1.72456,-0.41231048,0.31904149,-0.85335374,0
-1.7571709,-3.8584349,0.28873253,-0.28369141,-0.93506873,-0.21252239,0
-1.5570297,-3.7022283,-0.55239058,-0.28369141,-0.93506873,-0.21252239,0
-1.3562605,-3.6300418,-1.3237739,-0.28369141,-0.93506873,-0.21252239,0
0.70889693,-0.21138462,-0.73357207,0.86574781,-0.15446393,-0.47604793,0
-0.86161566,-3.8668952,-0.49518967,-0.28369141,-0.93506873,-0.21252239,0
-0.64477569,1.5980393,0.48215353,-0.86574781,0.15446393,0.47604793,0
1.0312865,1.155061,-0.65320075,0.86574781,-0.15446393,-0.47604793,0
0.36539471,-3.4823046,-0.30129862,0.86574781,-0.15446393,-0.47604793,0
-0.36824882,0.13533378,-1.0537183,-0.41231048,0.31904149,-0.85335374,0
-1.6919968,-2.482306,-0.12642169,-0.86574781,0.15446393,0.47604793,0
-0.13766527,3.5903513,0.87232065,-0.86574781,0.15446393,0.47604793,0
-0.74976265,-1.5603877,-1.4472492,-0.41231048,0.31904149,-0.85335374,0
0.17689562,1.8931084,-0.43509912,-0.41231048,0.31904149,-0.85335374,0
-1.5360265,-1.206364,-0.32622218,-0.86574781,0.15446393,0.47604793,0
1.5811486,1.8224087,1.0135301,0.41231048,-0.31904149,0.85335374,0
1.8009272,1.4433193,0.70905054,0.86574781,-0.15446393,-0.47604793,0
0.63474083,0.26183736,-1.138222,0.86574781,-0.15446393,-0.47604793,0
1.4495456,1.8495191,-0.01142931,0.86574781,-0.15446393,-0.47604793,0
0.91788954,3.7373819,1.0725524,0.28369141,0.93506873,0.21252239,0
1.1401621,0.58473825,0.83457297,0.41231048,-0.31904149,0.85335374,0
1.7713563,3.6797738,0.36411428,0.28369141,0.93506873,0.21252239,0
-0.89970052,0.37537175,0.27617243,-0.86574781,0.15446393,0.47604793,0
0.76916534,3.6689541,1.2359402,0.28369141,0.93506873,0.21252239,0
-1.9311619,-3.4579148,-0.80730772,-0.28369141,-0.93506873,-0.21252239,0
0.38441658,4.0923786,0.27561903,0.28369141,0.93506873,0.21252239,0
1.1674335,3.6766503,0.76435018,0.28369141,0.93506873,0.21252239,0
0.26956332,1.6937475,1.7359725,0.41231048,-0.31904149,0.85335374,0
-1.2462164,-0.69389892,-0.75983191,-0.41231048,0.31904149,-0.85335374,0
1.1021762,0.46453214,-0.091559052,0.86574781,-0.15446393,-0.47604793,0
2.2414775,2.8354733,1.0791783,0.86574781,-0.15446393,-0.47604793,0
-0.17108428,3.5644031,0.67013359,-0.86574781,0.15446393,0.47604793,0
0.0056767464,3.5095854,0.11500072,-0.41231048,0.31904149,-0.85335374,0
1.8536007,3.3078527,1.5172408,0.28369141,0.93506873,0.21252239,0
0.79140246,3.8277411,0.93635798,0.28369141,0.93506873,0.21252239,0
0.18443228,0.35891855,-1.1690795,-0.41231048,0.31904149,-0.85335374,0
-0.97868299,-3.7896967,0.27560902,0.41231048,-0.31904149,0.85335374,0
0.90662938,-1.641006,0.011063576,0.86574781,-0.15446393,-0.47604793,0
1.1692462,3.6283283,1.4872336,0.28369141,0.93506873,0.21252239,0
-0.87877262,-1.0938299,0.75276554,-0.86574781,0.15446393,0.47604793,0
1.5647546,3.9299366,-0.56676674,-0.41231048,0.31904149,-0.85335374,0
-0.90081799,-3.7890637,-0.77834606,-0.28369141,-0.93506873,-0.21252239,0
1.611907,1.2800343,0.37057519,0.86574781,-0.15446393,-0.47604793,0
-0.6481427,-3.5433586,-1.9368904,-0.28369141,-0.93506873,-0.21252239,0
0.33996284,-2.6823649,-0.56151867,0.86574781,-0.15446393,-0.47604793,0
-0.4935652,-4.0619593,-0.60314178,-0.28369141,-0.93506873,-0.21252239,0
1.3923566,0.11585438,0.41319972,0.86574781,-0.15446393,-0.47604793,0
0.76338094,3.7510514,0.94756365,0.28369141,0.93506873,0.21252239,0
-0.043049395,-2.8072548,0.045078516,0.41231048,-0.31904149,0.85335374,0
1.1571654,3.5598817,-0.47196007,-0.41231048,0.31904149,-0.85335374,0
1.4158514,1.1657823,0.15904617,0.86574781,-0.15446393,-0.47604793,0
-0.79389906,-1.6760397,0.93067193,0.41231048,-0.31904149,0.85335374,0
0.76488072,3.8266218,1.0028152,0.28369141,0.93506873,0.21252239,0
0.60507947,2.8357749,1.8272829,0.41231048,-0.31904149,0.85335374,0
2.4142606,3.3056793,1.291055,0.41231048,-0.31904149,0.85335374,0
-1.1644207,-3.8591461,0.077152252,-0.28369141,-0.93506873,-0.21252239,0
-0.98779446,-3.6323831,-1.6849465,-0.28369141,-0.93506873,-0.21252239,0
-1.1902404,-3.088604,-1.8020573,-0.41231048,0.31904149,-0.85335374,0
-0.48900801,0.65641022,1.1157001,-0.86574781,0.15446393,0.47604793,0
1.5905541,3.7872081,0.40446854,0.28369141,0.93506873,0.21252239,0
0.3077682,1.0747395,-0.95506024,-0.41231048,0.31904149,-0.85335374,0
-1.3166783,-2.1334524,0.28074813,-0.86574781,0.15446393,0.47604793,0
-0.21684849,-3.9968407,-0.59150743,-0.28369141,-0.93506873,-0.21252239,0
-0.56375039,-3.987803,-0.13363123,-0.28369141,-0.93506873,-0.21252239,0
-0.79661083,-3.2063522,0.39872885,0.41231048,-0.31904149,0.85335374,0
0.49948025,3.988678,0.57697773,0.28369141,0.93506873,0.21252239,0
0.81238294,1.9238153,1.4219157,0.41231048,-0.31904149,0.85335374,0
-0.034609258,-2.2546668,0.23721766,0.41231048,-0.31904149,0.85335374,0
0.092316628,-3.5042701,-0.71462107,0.86574781,-0.15446393,-0.47604793,0
0.39811343,3.7894146,0.014722824,-0.41231048,0.31904149,-0.85335374,0
-0.84963453,-4.0997696,0.098079205,-0.28369141,-0.93506873,-0.21252239,0
0.7423352,2.3244257,1.6704721,0.41231048,-0.31904149,0.85335374,0
2.0544801,3.2695611,1.2237823,0.28369141,0.93506873,0.21252239,0
0.34791315,-1.966682,-0.81900609,0.86574781,-0.15446393,-0.47604793,0
-1.2732154,-3.9190187,0.28650045,-0.28369141,-0.93506873,-0.21252239,0
0.81593543,3.7095351,1.3878016,0.28369141,0.93506873,0.21252239,0
-0.90537173,-3.8299537,-0.48680258,-0.28369141,-0.93506873,-0.21252239,0
0.17171264,3.3055203,1.4611607,-0.86574781,0.15446393,0.47604793,0
-0.080275565,-1.880409,0.60065532,0.41231048,-0.31904149,0.85335374,0
-1.6500833,-1.2291226,-0.5109123,-0.86574781,0.15446393,0.47604793,0
-0.70228291,0.93453377,0.49554861,-0.86574781,0.15446393,0.47604793,0
-0.37800074,-3.2002022,-1.8930471,0.86574781,-0.15446393,-0.47604793,0
-1.0587332,-0.60093558,-0.87416399,-0.41231048,0.31904149,-0.85335374,0
1.845773,3.3342843,1.388531,0.28369141,0.93506873,0.21252239,0
-1.2092274,-3.9458299,0.25495291,-0.28369141,-0.93506873,-0.21252239,0
-1.4401844,-2.2431257,0.044427633,-0.86574781,0.15446393,0.47604793,0
0.83166212,0.80433786,-0.77058929,0.86574781,-0.15446393,-0.47604793,0
-0.067245841,-2.2502973,-1.6945454,0.86574781,-0.15446393,-0.47604793,0
1.4226265,2.4448352,1.4289799,0.41231048,-0.31904149,0.85335374,0
-0.061102271,3.6051593,0.19491434,-0.41231048,0.31904149,-0.85335374,0
1.3059328,-0.09100461,0.58569491,0.41231048,-0.31904149,0.85335374,0
-1.8848238,-2.444859,-1.1721356,-0.41231048,0.31904149,-0.85335374,0
1.0956646,3.1073451,-0.45918727,-0.41231048,0.31904149,-0.85335374,0
-0.31033039,-3.6773429,-1.5935993,0.86574781,-0.15446393,-0.47604793,0
0.51902211,-2.5654099,-0.12860084,0.41231048,-0.31904149,0.85335374,0
-0.9997381,-3.4978275,-1.6513178,-0.28369141,-0.93506873,-0.21252239,0
-0.089431524,2.0196977,1.3038793,-0.86574781,0.15446393,0.47604793,0
-1.5414391,-3.7080159,-0.39711094,-0.28369141,-0.93506873,-0.21252239,0
-1.610667,-1.6767499,-0.45017028,-0.86574781,0.15446393,0.47604793,0
0.70931655,0.26275909,0.8757869,0.41231048,-0.31904149,0.85335374,0
1.8210739,1.7821174,0.53560793,0.86574781,-0.15446393,-0.47604793,0
-1.7119967,-3.3389411,-1.5270655,-0.41231048,0.31904149,-0.85335374,0
-1.3259192,-3.9051592,0.19427586,-0.28369141,-0.93506873,-0.21252239,0
-0.44976228,-0.70085037,-1.2077457,-0.41231048,0.31904149,-0.85335374,0
0.25352979,2.0009561,1.7595183,0.41231048,-0.31904149,0.85335374,0
1.5409162,1.2621096,0.92537552,0.41231048,-0.31904149,0.85335374,0
-0.6775378,1.2779273,0.46577132,-0.86574781,0.15446393,0.47604793,0
0.79938668,1.326187,-0.90072632,0.86574781,-0.15446393,-0.47604793,0
-1.6723857,-1.2694635,-0.37742496,-0.86574781,0.15446393,0.47604793,0
1.5485964,1.1461879,0.14966094,0.86574781,-0.15446393,-0.47604793,0
-1.676275,-3.5743213,-0.51250553,-0.28369141,-0.93506873,-0.21252239,0
0.047545999,0.15067458,-1.1858401,-0.41231048,0.31904149,-0.85335374,0
-0.59277356,-3.5489326,0.14278269,0.41231048,-0.31904149,0.85335374,0
-1.2266216,0.40507907,-0.49799055,-0.41231048,0.31904149,-0.85335374,0
-0.0010005236,-4.1171484,-0.36167717,-0.28369141,-0.93506873,-0.21252239,0
0.6300109,3.9314284,0.56515169,0.28369141,0.93506873,0.21252239,0
1.2915399,-0.060541987,0.13334852,0.86574781,-0.15446393,-0.47604793,0
0.64704841,3.8898201,0.59249687,0.28369141,0.93506873,0.21252239,0
-0.50860023,-3.9029496,-0.52544355,-0.28369141,-0.93506873,-0.21252239,0
0.021993041,-4.1240082,-0.28683329,0.41231048,-0.31904149,0.85335374,0
1.4185815,1.6324707,0.12693191,0.86574781,-0.15446393,-0.47604793,0
1.0733569,2.0800834,-0.67829227,0.86574781,-0.15446393,-0.47604793,0
0.19777422,-1.0474987,0.60809255,0.41231048,-0.31904149,0.85335374,0
-0.63605326,1.9988835,0.20493674,-0.86574781,0.15446393,0.47604793,0
0.73329413,3.9266677,0.82053804,0.28369141,0.93506873,0.21252239,0
-1.2303634,-2.2221563,0.42729115,-0.86574781,0.15446393,0.47604793,0
-0.98782849,-3.819737,-0.6777339,-0.28369141,-0.93506873,-0.21252239,0
0.25954342,3.5871835,1.4734759,-0.86574781,0.15446393,0.47604793,0
0.029175043,1.4208828,-0.69839823,-0.41231048,0.31904149,-0.85335374,0
1.2246675,2.1336236,-0.76917076,0.86574781,-0.15446393,-0.47604793,0
-0.34635544,-3.4104924,-1.4158483,0.86574781,-0.15446393,-0.47604793,0
0.81566471,1.0608127,1.2866904,0.41231048,-0.31904149,0.85335374,0
-0.84336275,-0.48833168,0.6587863,-0.86574781,0.15446393,0.47604793,0
-0.48419559,-2.6212091,-1.9879868,-0.41231048,0.31904149,-0.85335374,0
1.5826652,3.8569517,0.1797905,0.28369141,0.93506873,0.21252239,0
-2.0144215,-3.5612652,-0.6410439,-0.28369141,-0.93506873,-0.21252239,0
0.51802438,2.6535788,-0.37419868,-0.41231048,0.31904149,-0.85335374,0
1.0874054,3.484982,1.5939124,0.28369141,0.93506873,0.21252239,0
-0.12689495,-4.0629692,-0.46146154,-0.28369141,-0.93506873,-0.21252239,0
1.7809024,3.4970407,-0.11034393,0.86574781,-0.15446393,-0.47604793,0
0.92278928,3.4691241,1.8796926,0.28369141,0.93506873,0.21252239,0
-1.955421,-3.5983496,-0.20219755,-0.28369141,-0.93506873,-0.21252239,0
-1.6234845,-3.764432,-0.2652545,-0.28369141,-0.93506873,-0.21252239,0
1.5495554,3.6178393,0.67521286,0.28369141,0.93506873,0.21252239,0
1.6161628,3.4443784,1.4594212,0.28369141,0.93506873,0.21252239,0
-0.82400274,-2.1796012,0.7330091,0.41231048,-0.31904149,0.85335374,0
-0.72003722,0.33984065,-0.71462959,-0.41231048,0.31904149,-0.85335374,0
1.5062952,1.1101396,0.23616445,0.86574781,-0.15446393,-0.47604793,0
-1.0340728,1.1465939,-0.33420348,-0.41231048,0.31904149,-0.85335374,0
0.28396529,3.2798073,-0.041014194,-0.41231048,0.31904149,-0.85335374,0
-0.8630532,-1.2525576,0.82686651,-0.86574781,0.15446393,0.47604793,0
-0.21260858,0.60421383,1.4034091,-0.86574781,0.15446393,0.47604793,0
0.75983959,-0.20066479,-0.52867502,0.86574781,-0.15446393,-0.47604793,0
0.78755242,3.8690367,0.74537897,0.28369141,0.93506873,0.21252239,0
0.04401648,-3.3007636,-0.14940739,0.41231048,-0.31904149,0.85335374,0
-1.7404488,-3.5678129,-0.61667752,-0.28369141,-0.93506873,-0.21252239,0
0.41940701,3.9470177,0.5873127,0.28369141,0.93506873,0.21252239,0
-0.11936182,1.1937151,1.3664272,-0.86574781,0.15446393,0.47604793,0
-1.2103345,-2.4526579,0.66234899,-0.86574781,0.15446393,0.47604793,0
2.3557363,3.4249191,1.021204,0.28369141,0.93506873,0.21252239,0
-0.398489,2.1296258,-0.25423193,-0.41231048,0.31904149,-0.85335374,0
0.77894843,3.7901824,1.0968421,0.28369141,0.93506873,0.21252239,0
0.74698669,0.72080022,-1.03882,0.86574781,-0.15446393,-0.47604793,0
0.42282259,3.8337383,1.2122238,0.28369141,0.93506873,0.21252239,0
-0.56235355,-3.9235642,-0.79234648,-0.28369141,-0.93506873,-0.21252239,0
0.1491968,-1.2343681,-1.28405,0.86574781,-0.15446393,-0.47604793,0
0.26836491,2.8995287,-0.12981486,-0.41231048,0.31904149,-0.85335374,0
-1.9362006,-3.1772208,-1.3438458,-0.41231048,0.31904149,-0.85335374,0
0.34266162,-3.4284549,-0.19772863,0.41231048,-0.31904149,0.85335374,0
1.3872745,3.7293043,0.15736437,0.28369141,0.93506873,0.21252239,0
-0.062245846,2.8483741,1.1340258,-0.86574781,0.15446393,0.47604793,0
-0.71373862,-1.5113562,1.0647131,0.41231048,-0.31904149,0.85335374,0
-0.37547082,-2.0740371,0.51701903,0.41231048,-0.31904149,0.85335374,0
-0.1723469,0.24117708,-1.0111902,-0.41231048,0.31904149,-0.85335374,0
2.0303593,2.1369665,0.90995574,0.41231048,-0.31904149,0.85335374,0
1.6508107,1.2770046,0.36543572,0.86574781,-0.15446393,-0.47604793,0
-0.3581996,-3.901063,-1.5925322,0.86574781,-0.15446393,-0.47604793,0
0.48198986,1.0616454,-1.0910139,-0.41231048,0.31904149,-0.85335374,0
-1.9943883,-3.4699256,-1.0558016,-0.28369141,-0.93506873,-0.21252239,0
0.24151513,-1.5202231,0.44471443,0.41231048,-0.31904149,0.85335374,0
0.97442722,-1.5428634,0.10428154,0.86574781,-0.15446393,-0.47604793,0
1.427255,3.7931638,-0.084751129,0.28369141,0.93506873,0.21252239,0
-0.24699003,-1.8907281,-1.6590992,-0.41231048,0.31904149,-0.85335374,0
0.6621986,3.3130245,-0.21073222,-0.41231048,0.31904149,-0.85335374,0
-1.9449492,-2.1064444,-0.59833503,-0.86574781,0.15446393,0.47604793,0
0.69257337,2.4893985,1.8435098,0.41231048,-0.31904149,0.85335374,0
-1.086575,-1.2163309,-1.2185836,-0.41231048,0.31904149,-0.85335374,0
0.35714036,2.6555104,-0.34561372,-0.41231048,0.31904149,-0.85335374,0
-1.698557,-3.7165534,-0.065061569,-0.28369141,-0.93506873,-0.21252239,0
-1.0061331,0.21572819,0.32932401,-0.86574781,0.15446393,0.47604793,0
1.0032198,3.8624966,0.71162224,0.28369141,0.93506873,0.21252239,0
-0.17765123,-1.6455153,0.7431798,0.41231048,-0.31904149,0.85335374,0
0.58847177,1.6028663,1.4596986,0.41231048,-0.31904149,0.85335374,0
1.2408834,3.4778512,1.5894854,0.28369141,0.93506873,0.21252239,0
1.435398,3.8193245,-0.10076571,0.28369141,0.93506873,0.21252239,0
1.1300262,2.0869379,1.5010034,0.41231048,-0.31904149,0.85335374,0
-1.3311861,-0.78447455,-0.23237962,-0.86574781,0.15446393,0.47604793,0
-0.74302769,-2.305809,-1.7180473,-0.41231048,0.31904149,-0.85335374,0
-1.8458989,-3.60706,-0.16365719,-0.28369141,-0.93506873,-0.21252239,0
0.84403825,3.3730741,1.9961958,0.41231048,-0.31904149,0.85335374,0
-0.59621185,-0.31248641,1.1842829,-0.86574781,0.15446393,0.47604793,0
0.58488679,3.8064163,1.7199342,0.28369141,0.93506873,0.21252239,0
-0.93112308,-1.7100668,-1.3928565,-0.41231048,0.31904149,-0.85335374,0
0.37002504,2.7248669,1.8888056,-0.86574781,0.15446393,0.47604793,0
0.40258339,-1.4225867,0.35742497,0.41231048,-0.31904149,0.85335374,0
-2.0514266,-2.9599292,-0.59480166,-0.86574781,0.15446393,0.47604793,0
-1.4002116,-3.9328017,0.033685684,-0.28369141,-0.93506873,-0.21252239,0
0.84880936,0.84330481,-0.73845607,0.86574781,-0.15446393,-0.47604793,0
0.55398947,-1.7245216,-0.53120542,0.86574781,-0.15446393,-0.47604793,0
-0.26250803,-4.1342092,-0.68768692,-0.28369141,-0.93506873,-0.21252239,0
-0.33760494,2.313221,0.68323708,-0.86574781,0.15446393,0.47604793,0
0.48982406,3.8282473,0.10887337,-0.41231048,0.31904149,-0.85335374,0
-0.10532066,-1.2785523,0.77960873,0.41231048,-0.31904149,0.85335374,0
0.46565038,2.4344888,1.8616813,0.41231048,-0.31904149,0.85335374,0
-1.2962356,-3.5977938,-1.4908388,-0.28369141,-0.93506873,-0.21252239,0
1.3873987,3.8525691,-0.20664692,0.28369141,0.93506873,0.21252239,0
1.20108,2.8780794,-0.74494791,-0.41231048,0.31904149,-0.85335374,0
0.85897177,3.9202371,0.86188126,0.28369141,0.93506873,0.21252239,0
-0.026695848,4.1702409,0.43101311,0.28369141,0.93506873,0.21252239,0
0.079802155,4.1304913,0.71426582,0.28369141,0.93506873,0.21252239,0
-0.78619689,-3.7255483,-1.6062319,-0.28369141,-0.93506873,-0.21252239,0
-1.060523,-1.3590105,0.46247172,-0.86574781,0.15446393,0.47604793,0
1.8790941,1.8848258,1.0662755,0.41231048,-0.31904149,0.85335374,0
-1.7066122,-3.3595581,-1.3533292,-0.28369141,-0.93506873,-0.21252239,0
1.8953187,2.350884,0.7661562,0.86574781,-0.15446393,-0.47604793,0
0.34421647,-3.4547358,-0.39434075,0.86574781,-0.15446393,-0.47604793,0
1.0516771,0.47977,-0.13853776,0.86574781,-0.15446393,-0.47604793,0
-1.7705956,-2.8771601,-1.3709638,-0.41231048,0.31904149,-0.85335374,0
1.8131233,1.9314313,0.71339035,0.86574781,-0.15446393,-0.47604793,0
0.94234127,3.3238144,1.9065392,0.41231048,-0.31904149,0.85335374,0
-0.4776426,-4.0416517,-0.16618633,0.41231048,-0.31904149,0.85335374,0
-1.0325031,-3.8186705,-1.0157111,-0.28369141,-0.93506873,-0.21252239,0
-1.4004586,-3.6210465,-1.3121915,-0.28369141,-0.93506873,-0.21252239,0
-1.1865313,-1.5982426,0.48148954,-0.86574781,0.15446393,0.47604793,0
-2.1334152,-3.3899891,-1.0118806,-0.28369141,-0.93506873,-0.21252239,0
1.5686166,3.8925543,-0.26821089,0.28369141,0.93506873,0.21252239,0
1.2778413,3.4632764,1.8273647,0.28369141,0.93506873,0.21252239,0
0.0061445236,3.5806911,1.1057186,-0.86574781,0.15446393,0.47604793,0
-2.0496697,-3.417635,-0.72418284,-0.28369141,-0.93506873,-0.21252239,0
0.24939764,3.9930387,0.77105045,0.28369141,0.93506873,0.21252239,0
-1.1835909,-0.45369866,0.16122389,-0.86574781,0.15446393,0.47604793,0
-0.92846483,-3.6182065,-1.3594265,-0.28369141,-0.93506873,-0.21252239,0
1.346799,3.6983833,0.90773726,0.28369141,0.93506873,0.21252239,0
-0.5093385,0.98104894,0.97951537,-0.86574781,0.15446393,0.47604793,0
-1.4952826,-3.4789762,0.47552514,-0.86574781,0.15446393,0.47604793,0
0.45752025,2.8855228,1.8613532,-0.86574781,0.15446393,0.47604793,0
2.4291468,3.2751725,1.0621729,0.28369141,0.93506873,0.21252239,0
1.5098262,3.7408028,-0.07961607,0.28369141,0.93506873,0.21252239,0
