-1.1506209,2.539001,3.7760496,-0.23311245,0.73651338,0.63498557,0
1.1123459,-2.1408443,-0.742782,0.70535773,-0.32143909,0.6317811,0
-1.2020433,2.4517045,1.1636807,-0.70535773,0.32143909,-0.6317811,0
0.67130309,-2.9158812,-0.80066717,0.70535773,-0.32143909,0.6317811,0
0.86116278,-1.1428053,-2.4312277,0.66942441,0.59516799,-0.44457391,0
0.28316978,0.87526494,1.5875703,0.70535773,-0.32143909,0.6317811,0
1.3490512,-3.2931871,-2.6902976,0.23311245,-0.73651338,-0.63498557,0
0.095728159,-3.232095,-3.1753783,0.23311245,-0.73651338,-0.63498557,0
-1.389223,3.6356916,1.9661978,-0.70535773,0.32143909,-0.6317811,0
-1.4392266,3.0176218,3.0986171,-0.23311245,0.73651338,0.63498557,0
0.025226295,-3.0601571,-1.8251252,-0.66942441,-0.59516799,0.44457391,0
-0.96872532,0.0027147718,-0.58753961,-0.70535773,0.32143909,-0.6317811,0
1.690218,-3.1554699,-2.6962197,0.23311245,-0.73651338,-0.63498557,0
-0.27971333,-0.704045,0.76989543,-0.66942441,-0.59516799,0.44457391,0
1.4650331,-3.1265028,-3.0527873,0.23311245,-0.73651338,-0.63498557,0
0.86630982,-3.2073417,-3.1905141,0.23311245,-0.73651338,-0.63498557,0
0.88713229,-1.2091355,-0.028286159,0.70535773,-0.32143909,0.6317811,0
1.3560166,-3.381387,-2.6675344,0.23311245,-0.73651338,-0.63498557,0
0.57902044,-0.66030991,-2.1832147,0.66942441,0.59516799,-0.44457391,0
0.50456822,0.34049124,1.1124914,0.70535773,-0.32143909,0.6317811,0
0.23006099,0.77133995,-0.82037199,0.66942441,0.59516799,-0.44457391,0
0.048057914,2.2620904,0.68268895,0.66942441,0.59516799,-0.44457391,0
0.96461135,-2.2965419,-3.6526101,0.66942441,0.59516799,-0.44457391,0
0.87900829,-4.0466571,-2.096164,0.23311245,-0.73651338,-0.63498557,0
-0.049104154,3.7471278,2.5768189,-0.23311245,0.73651338,0.63498557,0
-0.4847185,-2.0236812,-2.0435424,-0.70535773,0.32143909,-0.6317811,0
0.29871419,3.4543791,3.047524,0.70535773,-0.32143909,0.6317811,0
1.1771502,-2.5334766,-3.5815239,0.23311245,-0.73651338,-0.63498557,0
-0.89425057,1.0504729,2.0872748,-0.66942441,-0.59516799,0.44457391,0
0.34012142,-0.32948375,1.0301688,0.70535773,-0.32143909,0.6317811,0
-1.2291303,1.2963639,0.51915091,-0.70535773,0.32143909,-0.6317811,0
-0.77792114,0.77377343,2.1460884,-0.66942441,-0.59516799,0.44457391,0
-1.6081254,3.0904338,3.0486789,-0.23311245,0.73651338,0.63498557,0
-1.006326,0.44459623,1.3100398,-0.66942441,-0.59516799,0.44457391,0
-2.3125062,2.7900057,2.3118124,-0.70535773,0.32143909,-0.6317811,0
-1.3317386,-0.11477835,-0.22745785,-0.70535773,0.32143909,-0.6317811,0
0.67695802,-1.0200952,-2.5373185,0.66942441,0.59516799,-0.44457391,0
-1.5044501,2.8032799,3.3033018,-0.23311245,0.73651338,0.63498557,0
0.39898634,-3.783289,-2.1310496,-0.66942441,-0.59516799,0.44457391,0
0.96825457,0.85967422,0.81434309,0.70535773,-0.32143909,0.6317811,0
0.98899257,-3.7254808,-2.2627392,0.23311245,-0.73651338,-0.63498557,0
2.39258,-2.9005947,-2.5823212,0.70535773,-0.32143909,0.6317811,0
-1.7130659,2.9852428,1.7459073,-0.70535773,0.32143909,-0.6317811,0
-0.1103012,-3.2560656,-2.3708217,-0.66942441,-0.59516799,0.44457391,0
0.33412075,-1.9741505,-0.099312007,-0.66942441,-0.59516799,0.44457391,0
1.0955784,-3.164726,-1.3256974,0.70535773,-0.32143909,0.6317811,0
1.2274367,-1.9146237,-3.0722694,0.66942441,0.59516799,-0.44457391,0
0.17051473,-0.9268592,-2.2351453,-0.70535773,0.32143909,-0.6317811,0
0.27288723,2.6305969,1.6778548,0.66942441,0.59516799,-0.44457391,0
0.07372728,0.044232786,-1.5449613,-0.70535773,0.32143909,-0.6317811,0
-0.45860797,-0.034569919,1.6709379,-0.66942441,-0.59516799,0.44457391,0
1.5084374,-2.5949006,-3.4502842,0.23311245,-0.73651338,-0.63498557,0
0.22505096,-0.25725707,1.2409519,0.70535773,-0.32143909,0.6317811,0
1.4279168,-1.1823866,-0.74905783,0.70535773,-0.32143909,0.6317811,0
-0.028259993,1.8072616,0.2858541,0.66942441,0.59516799,-0.44457391,0
-0.45896074,-0.77397215,-1.3104265,-0.70535773,0.32143909,-0.6317811,0
-1.78704,2.3568439,1.6657021,-0.70535773,0.32143909,-0.6317811,0
-1.2871389,3.70261,2.2785683,-0.23311245,0.73651338,0.63498557,0
0.70819795,-1.564563,-3.0646729,-0.70535773,0.32143909,-0.6317811,0
1.2874397,-0.66988522,-1.2868648,0.66942441,0.59516799,-0.44457391,0
0.75320649,-2.6177447,-3.7430608,0.23311245,-0.73651338,-0.63498557,0
0.32073802,1.9409587,2.2146254,0.70535773,-0.32143909,0.6317811,0
-0.35768747,3.3710923,3.0259748,-0.23311245,0.73651338,0.63498557,0
-0.99355888,-0.41179371,-0.8152113,-0.70535773,0.32143909,-0.6317811,0
0.8706125,-3.8539913,-2.1866364,0.23311245,-0.73651338,-0.63498557,0
2.0157471,-3.0908082,-2.631114,0.23311245,-0.73651338,-0.63498557,0
1.2984395,-3.2111919,-2.7291667,0.23311245,-0.73651338,-0.63498557,0
-1.8069935,1.7120742,1.2617525,-0.70535773,0.32143909,-0.6317811,0
-1.0807726,1.2892023,2.2444735,-0.66942441,-0.59516799,0.44457391,0
1.6418277,-3.3869328,-2.4944417,0.23311245,-0.73651338,-0.63498557,0
-1.3776555,0.12725864,0.067095965,-0.70535773,0.32143909,-0.6317811,0
0.65018141,-2.8714242,-0.70423317,0.70535773,-0.32143909,0.6317811,0
-0.57609534,2.9383168,3.358851,-0.23311245,0.73651338,0.63498557,0
-1.4183038,3.9852829,1.9540522,-0.23311245,0.73651338,0.63498557,0
1.7815677,-0.81973189,-0.83453476,0.66942441,0.59516799,-0.44457391,0
-0.88132089,3.2558765,2.9212594,-0.23311245,0.73651338,0.63498557,0
1.4621127,-0.72723669,-0.81146079,0.66942441,0.59516799,-0.44457391,0
-1.6882871,3.2837627,2.6745772,-0.23311245,0.73651338,0.63498557,0
-0.53650957,-0.24710834,0.93244982,-0.66942441,-0.59516799,0.44457391,0
-1.85254,1.5383697,1.2383364,-0.70535773,0.32143909,-0.6317811,0
0.7575286,-0.75682849,-2.0158582,0.66942441,0.59516799,-0.44457391,0
-0.75380534,3.0288115,3.2796457,-0.23311245,0.73651338,0.63498557,0
-0.74107385,1.6078713,0.20788282,-0.70535773,0.32143909,-0.6317811,0
-1.305083,-0.49560219,-0.41399008,-0.66942441,-0.59516799,0.44457391,0
1.077803,-0.29872611,-0.82887584,0.66942441,0.59516799,-0.44457391,0
1.4330779,-0.06930013,-0.04534629,0.70535773,-0.32143909,0.6317811,0
-1.1989632,-0.22901344,0.23376977,-0.66942441,-0.59516799,0.44457391,0
0.023347616,3.4294868,2.9970446,-0.23311245,0.73651338,0.63498557,0
1.2473328,-1.6396822,-2.5338037,0.66942441,0.59516799,-0.44457391,0
-0.65596712,-1.206998,-0.5299421,-0.66942441,-0.59516799,0.44457391,0
-1.0435678,-0.56389838,-0.76988178,-0.70535773,0.32143909,-0.6317811,0
0.61328995,-3.8413646,-1.8524836,-0.66942441,-0.59516799,0.44457391,0
0.85556829,-1.0667883,-2.5143247,0.66942441,0.59516799,-0.44457391,0
0.34353927,0.37244403,-1.0513583,0.66942441,0.59516799,-0.44457391,0
-0.15828449,-2.3460584,-2.4827971,-0.70535773,0.32143909,-0.6317811,0
1.8182999,-2.0663593,-1.4253511,0.70535773,-0.32143909,0.6317811,0
-1.3052554,0.22386867,0.49703771,-0.66942441,-0.59516799,0.44457391,0
-0.59087789,4.1023307,2.198889,-0.23311245,0.73651338,0.63498557,0
-0.34158677,2.7100239,3.4046087,0.70535773,-0.32143909,0.6317811,0
-0.17338464,-1.235209,0.29856169,-0.66942441,-0.59516799,0.44457391,0
-0.71670455,2.768384,3.5858114,-0.23311245,0.73651338,0.63498557,0
-1.1761463,0.021160662,0.3543556,-0.66942441,-0.59516799,0.44457391,0
0.8645457,1.2345452,0.49111894,0.66942441,0.59516799,-0.44457391,0
-0.72188985,3.970892,2.106565,-0.23311245,0.73651338,0.63498557,0
-1.4994875,1.7831297,2.5151844,-0.66942441,-0.59516799,0.44457391,0
1.6112514,-0.63785756,-0.84154755,0.66942441,0.59516799,-0.44457391,0
0.18015496,-1.7071927,-2.7804885,-0.70535773,0.32143909,-0.6317811,0
0.94485694,-2.7225688,-3.4936039,0.23311245,-0.73651338,-0.63498557,0
1.2534521,-3.8706243,-1.8300784,0.70535773,-0.32143909,0.6317811,0
-1.7092744,3.501734,2.435967,-0.23311245,0.73651338,0.63498557,0
-1.0258739,-0.075213581,0.60637307,-0.66942441,-0.59516799,0.44457391,0
-0.45845321,-3.3478837,-2.7536073,-0.66942441,-0.59516799,0.44457391,0
0.467857,-3.7232242,-2.6231117,0.23311245,-0.73651338,-0.63498557,0
-0.46811724,1.5871999,-0.12790084,-0.70535773,0.32143909,-0.6317811,0
-1.2343782,3.0203362,1.2550939,-0.70535773,0.32143909,-0.6317811,0
-0.74925679,2.6135182,0.56550258,-0.70535773,0.32143909,-0.6317811,0
-0.58816266,-1.7724308,-1.0104722,-0.66942441,-0.59516799,0.44457391,0
2.0080075,-2.9813554,-2.9424181,0.23311245,-0.73651338,-0.63498557,0
-1.0648737,2.8229012,3.4029641,-0.23311245,0.73651338,0.63498557,0
1.4573016,-2.4088733,-1.1908836,0.70535773,-0.32143909,0.6317811,0
1.4151096,-1.2677591,-1.630499,0.66942441,0.59516799,-0.44457391,0
1.856208,-3.5559182,-2.4179943,0.23311245,-0.73651338,-0.63498557,0
0.47982717,2.5595915,2.452595,0.70535773,-0.32143909,0.6317811,0
0.49295425,-0.12781557,0.92754704,0.70535773,-0.32143909,0.6317811,0
-1.4170145,1.7761286,0.74467778,-0.70535773,0.32143909,-0.6317811,0
1.1979351,-2.9552388,-1.2408454,0.70535773,-0.32143909,0.6317811,0
-0.053491503,-1.7537173,-2.4272232,-0.70535773,0.32143909,-0.6317811,0
0.33277717,3.0102043,2.7084348,0.70535773,-0.32143909,0.6317811,0
0.28946814,-0.84905612,-2.27315,-0.70535773,0.32143909,-0.6317811,0
-0.72759432,-2.2497478,-1.6618285,-0.66942441,-0.59516799,0.44457391,0
1.1602523,-2.8463879,-3.2129686,0.23311245,-0.73651338,-0.63498557,0
1.4121323,-3.6797378,-2.3394108,0.23311245,-0.73651338,-0.63498557,0
0.25419998,-2.3718119,-0.41149366,-0.66942441,-0.59516799,0.44457391,0
-0.19015278,1.6675053,2.7522392,0.70535773,-0.32143909,0.6317811,0
-0.71843004,2.5400186,3.7888761,-0.23311245,0.73651338,0.63498557,0
-0.43850988,1.2480041,-0.31096125,-0.70535773,0.32143909,-0.6317811,0
-0.16460374,-0.47818583,-1.6901987,-0.70535773,0.32143909,-0.6317811,0
-1.4727604,3.3434052,2.7170444,-0.23311245,0.73651338,0.63498557,0
1.8846899,-3.4909146,-2.2028236,0.70535773,-0.32143909,0.6317811,0
-0.42701462,-2.8053803,-2.6761777,-0.70535773,0.32143909,-0.6317811,0
0.053385735,1.2996032,-0.27303264,0.66942441,0.59516799,-0.44457391,0
0.34308225,-3.1298389,-3.2254744,0.23311245,-0.73651338,-0.63498557,0
1.1260271,-3.5926042,-1.4071937,0.70535773,-0.32143909,0.6317811,0
-0.13871728,0.35569486,1.9106472,0.70535773,-0.32143909,0.6317811,0
1.8406271,-2.1164725,-1.501583,0.70535773,-0.32143909,0.6317811,0
0.65466201,-0.42830709,-2.0465348,0.66942441,0.59516799,-0.44457391,0
0.27467495,-0.19588703,1.0531739,0.70535773,-0.32143909,0.6317811,0
0.33989143,-3.7391315,-2.6974549,0.23311245,-0.73651338,-0.63498557,0
1.1988485,-0.5043183,-0.959966,0.66942441,0.59516799,-0.44457391,0
0.43076238,-2.3736115,-3.4029307,-0.70535773,0.32143909,-0.6317811,0
0.043225467,3.3073084,3.2191622,0.70535773,-0.32143909,0.6317811,0
1.0733869,-1.7574991,-0.50841898,0.70535773,-0.32143909,0.6317811,0
0.12263324,1.5668182,2.2766037,0.70535773,-0.32143909,0.6317811,0
-0.6828981,3.4668813,2.9117081,-0.23311245,0.73651338,0.63498557,0
-0.94140166,-0.34660253,0.39942151,-0.66942441,-0.59516799,0.44457391,0
-0.86366874,1.3034151,0.017639518,-0.70535773,0.32143909,-0.6317811,0
-1.8633045,1.9345677,1.5333438,-0.70535773,0.32143909,-0.6317811,0
-1.9704558,2.2660465,1.8640088,-0.70535773,0.32143909,-0.6317811,0
1.7436025,-2.4107561,-2.9883316,0.66942441,0.59516799,-0.44457391,0
-1.5491067,1.7368605,2.0835032,-0.66942441,-0.59516799,0.44457391,0
1.2855679,-2.7339993,-3.5909276,0.23311245,-0.73651338,-0.63498557,0
0.90448606,-3.2093618,-1.0690916,0.70535773,-0.32143909,0.6317811,0
0.38376215,2.548485,1.7201545,0.66942441,0.59516799,-0.44457391,0
-0.057902753,-2.61204,-2.9550104,-0.70535773,0.32143909,-0.6317811,0
-0.59450424,-2.3740423,-2.1323214,-0.70535773,0.32143909,-0.6317811,0
1.0730289,-0.66456956,-1.6293621,0.66942441,0.59516799,-0.44457391,0
-1.7008936,2.9429948,3.1425626,-0.23311245,0.73651338,0.63498557,0
0.84864533,0.70484149,0.010109149,0.66942441,0.59516799,-0.44457391,0
1.0858456,-3.4747128,-2.7512884,0.23311245,-0.73651338,-0.63498557,0
-0.36444169,-2.2031052,-1.3921748,-0.66942441,-0.59516799,0.44457391,0
0.73045397,-0.25889012,0.58756924,0.70535773,-0.32143909,0.6317811,0
-0.45192575,1.678334,-0.24669814,-0.70535773,0.32143909,-0.6317811,0
-0.34920409,-2.4426997,-1.593847,-0.66942441,-0.59516799,0.44457391,0
1.3814056,-2.6961997,-1.3992448,0.70535773,-0.32143909,0.6317811,0
-0.36022574,-2.2095597,-2.2322001,-0.70535773,0.32143909,-0.6317811,0
-1.0998412,-0.088450074,0.41735697,-0.66942441,-0.59516799,0.44457391,0
-0.32447773,-0.0093013644,1.7866769,-0.66942441,-0.59516799,0.44457391,0
-0.70454496,3.2238388,2.9859471,-0.23311245,0.73651338,0.63498557,0
-1.260987,0.49485755,0.98495495,-0.66942441,-0.59516799,0.44457391,0
0.46165308,-0.27807701,-2.0526609,0.66942441,0.59516799,-0.44457391,0
0.058432877,2.089462,2.4554882,0.70535773,-0.32143909,0.6317811,0
0.57650971,0.44404066,-0.80484027,0.66942441,0.59516799,-0.44457391,0
-1.2387807,0.057674184,-0.2040664,-0.70535773,0.32143909,-0.6317811,0
1.2175331,-2.2702878,-1.0204711,0.70535773,-0.32143909,0.6317811,0
-0.020457625,2.6546738,1.4559188,0.66942441,0.59516799,-0.44457391,0
1.6167567,-2.405242,-1.5976001,0.70535773,-0.32143909,0.6317811,0
-1.0448192,3.0905881,3.2525704,-0.23311245,0.73651338,0.63498557,0
0.64978409,-1.7378279,-3.2454956,-0.70535773,0.32143909,-0.6317811,0
1.7593069,-3.3856983,-2.433543,0.23311245,-0.73651338,-0.63498557,0
-0.45878059,-1.3556445,-1.9027534,-0.70535773,0.32143909,-0.6317811,0
-0.017400563,-3.7079508,-2.7046146,0.23311245,-0.73651338,-0.63498557,0
-0.21588857,-0.06882894,-1.4712555,-0.70535773,0.32143909,-0.6317811,0
-0.62076968,0.052696943,-0.94305861,-0.70535773,0.32143909,-0.6317811,0
-0.30495596,0.44192451,2.0115364,0.70535773,-0.32143909,0.6317811,0
1.0479356,-3.8082047,-2.3674066,0.23311245,-0.73651338,-0.63498557,0
0.89496154,-3.3650265,-2.8021119,0.23311245,-0.73651338,-0.63498557,0
0.34491283,-3.2910082,-3.2839661,0.23311245,-0.73651338,-0.63498557,0
-1.0556214,3.3989222,2.7115622,-0.23311245,0.73651338,0.63498557,0
0.08803314,0.48406017,-1.311582,0.66942441,0.59516799,-0.44457391,0
0.68993938,1.9430232,1.5853796,0.66942441,0.59516799,-0.44457391,0
0.25149989,-2.7353029,-3.1735196,-0.70535773,0.32143909,-0.6317811,0
0.70264941,-3.1805725,-3.067522,0.23311245,-0.73651338,-0.63498557,0
-2.1184409,3.2569628,2.6354074,-0.23311245,0.73651338,0.63498557,0
-0.8089509,1.8118877,3.3108029,0.70535773,-0.32143909,0.6317811,0
-0.37876573,-3.4731324,-2.7935581,-0.70535773,0.32143909,-0.6317811,0
-1.0685937,3.5116224,2.6631894,-0.23311245,0.73651338,0.63498557,0
-0.063759446,2.4130125,2.8209305,0.70535773,-0.32143909,0.6317811,0
1.1841691,-2.6673131,-3.5412884,0.23311245,-0.73651338,-0.63498557,0
1.1660895,-3.0935316,-2.9888229,0.23311245,-0.73651338,-0.63498557,0
1.7474015,-3.0805283,-2.7645059,0.23311245,-0.73651338,-0.63498557,0
-1.7421181,3.1884584,2.7145886,-0.23311245,0.73651338,0.63498557,0
-1.4853058,3.6438532,1.8646797,-0.70535773,0.32143909,-0.6317811,0
-0.18364125,3.0539215,3.4091606,-0.23311245,0.73651338,0.63498557,0
-1.6390219,1.26368,0.77853662,-0.70535773,0.32143909,-0.6317811,0
-0.042912781,-3.5522976,-2.8848207,0.23311245,-0.73651338,-0.63498557,0
-2.008894,2.8317556,3.1477089,-0.23311245,0.73651338,0.63498557,0
-1.2291131,3.2309957,2.8342135,-0.23311245,0.73651338,0.63498557,0
0.26220155,-2.0751851,-0.28963119,-0.66942441,-0.59516799,0.44457391,0
-1.2621694,0.63901258,1.1957136,-0.66942441,-0.59516799,0.44457391,0
-1.7153242,2.8973668,1.8092762,-0.70535773,0.32143909,-0.6317811,0
-0.37025404,-0.30020568,-1.375592,-0.70535773,0.32143909,-0.6317811,0
-0.45518744,3.8967161,2.470638,-0.23311245,0.73651338,0.63498557,0
-1.6016825,3.6801565,2.2129679,-0.23311245,0.73651338,0.63498557,0
0.083584666,2.6632318,1.3755817,0.66942441,0.59516799,-0.44457391,0
-1.2717364,3.9435611,2.1584172,-0.23311245,0.73651338,0.63498557,0
1.2269416,-0.086578041,0.14841746,0.70535773,-0.32143909,0.6317811,0
0.59747404,-3.3358457,-2.8657675,0.23311245,-0.73651338,-0.63498557,0
-1.5617189,2.6510303,3.3376822,-0.23311245,0.73651338,0.63498557,0
-0.080338299,2.2996445,0.6741935,0.66942441,0.59516799,-0.44457391,0
1.0030557,0.060237676,-0.69634825,0.66942441,0.59516799,-0.44457391,0
0.086008102,2.2447517,2.740871,0.70535773,-0.32143909,0.6317811,0
1.7031111,-3.7691951,-2.1853242,0.23311245,-0.73651338,-0.63498557,0
1.3675344,-2.891711,-3.2190552,0.23311245,-0.73651338,-0.63498557,0
1.141705,-2.6989264,-3.557873,0.23311245,-0.73651338,-0.63498557,0
1.5541813,-3.3483336,-1.8055588,0.70535773,-0.32143909,0.6317811,0
0.43458772,-3.5293343,-2.885016,0.23311245,-0.73651338,-0.63498557,0
1.2513303,-3.74962,-2.3979695,0.23311245,-0.73651338,-0.63498557,0
0.94969833,0.48983371,-0.22667135,0.66942441,0.59516799,-0.44457391,0
0.16299582,-2.334826,-0.65838867,-0.66942441,-0.59516799,0.44457391,0
-0.9245829,2.7495008,3.4520442,-0.23311245,0.73651338,0.63498557,0
-1.1096354,-0.35602725,-0.41660744,-0.70535773,0.32143909,-0.6317811,0
-0.91407192,-0.26204473,-0.70086753,-0.70535773,0.32143909,-0.6317811,0
1.7906497,-3.4318802,-2.2851505,0.70535773,-0.32143909,0.6317811,0
-1.6362854,3.4462936,2.627341,-0.23311245,0.73651338,0.63498557,0
1.3952408,-3.1280396,-3.0542142,0.23311245,-0.73651338,-0.63498557,0
-2.0506558,3.4535949,2.4556785,-0.23311245,0.73651338,0.63498557,0
-0.69231874,-2.2202005,-2.0159531,-0.70535773,0.32143909,-0.6317811,0
-0.032694995,-3.5577059,-2.9023945,0.23311245,-0.73651338,-0.63498557,0
-0.26392323,3.5205898,1.9010315,0.66942441,0.59516799,-0.44457391,0
-2.0681796,3.1062212,2.7432995,-0.23311245,0.73651338,0.63498557,0
-0.93851411,0.04509908,0.85509419,-0.66942441,-0.59516799,0.44457391,0
-0.77397513,-0.49771875,0.34955046,-0.66942441,-0.59516799,0.44457391,0
-0.43980557,-2.4324858,-1.7742426,-0.66942441,-0.59516799,0.44457391,0
-0.024919927,3.5515687,3.0343285,-0.23311245,0.73651338,0.63498557,0
-1.2049458,4.0856996,1.9419856,-0.23311245,0.73651338,0.63498557,0
1.8774021,-3.2878394,-2.0759737,0.70535773,-0.32143909,0.6317811,0
-1.1751425,2.5397201,3.7628934,-0.23311245,0.73651338,0.63498557,0
-1.0252388,1.5562004,2.91259,-0.66942441,-0.59516799,0.44457391,0
-1.2965034,3.3687108,2.5512104,-0.23311245,0.73651338,0.63498557,0
2.2449789,-2.9101536,-2.5550556,0.70535773,-0.32143909,0.6317811,0
0.45029408,3.0005858,2.3356121,0.66942441,0.59516799,-0.44457391,0
-2.3001964,3.1016009,2.6763599,-0.23311245,0.73651338,0.63498557,0
1.2047276,0.15944007,-0.3622475,0.66942441,0.59516799,-0.44457391,0
-0.49124837,2.7214627,3.658464,0.70535773,-0.32143909,0.6317811,0
1.6744666,-1.3581011,-0.82081544,0.70535773,-0.32143909,0.6317811,0
-0.13016164,2.6840518,1.3091652,0.66942441,0.59516799,-0.44457391,0
0.40497056,0.39141613,1.2919811,0.70535773,-0.32143909,0.6317811,0
-1.0343065,2.7999597,3.3186693,-0.23311245,0.73651338,0.63498557,0
0.2943159,0.036429703,-1.9670897,0.66942441,0.59516799,-0.44457391,0
-0.73591435,1.584131,3.0692859,-0.66942441,-0.59516799,0.44457391,0
0.14953309,-3.5663617,-2.958003,0.23311245,-0.73651338,-0.63498557,0
-0.43807638,3.397547,2.9837091,-0.23311245,0.73651338,0.63498557,0
-0.72456259,-2.0254374,-1.563581,-0.66942441,-0.59516799,0.44457391,0
0.21391603,2.7797923,1.6858375,0.66942441,0.59516799,-0.44457391,0
-0.12795481,0.91266763,2.2516477,0.70535773,-0.32143909,0.6317811,0
1.5560255,-3.0245137,-3.0934925,0.23311245,-0.73651338,-0.63498557,0
-1.0585026,4.1120286,1.7918797,-0.23311245,0.73651338,0.63498557,0
1.6860065,-1.8649104,-2.0395613,0.66942441,0.59516799,-0.44457391,0
-0.15759149,-1.9824615,-0.55993044,-0.66942441,-0.59516799,0.44457391,0
0.27217889,-3.4096892,-3.1416459,0.23311245,-0.73651338,-0.63498557,0
-1.5197188,1.0321987,1.2189441,-0.66942441,-0.59516799,0.44457391,0
-1.0726035,0.86730748,1.9274895,-0.66942441,-0.59516799,0.44457391,0
0.30211967,-3.6014318,-2.8667743,0.23311245,-0.73651338,-0.63498557,0
-0.24730366,3.5222321,2.797348,-0.23311245,0.73651338,0.63498557,0
-0.15391344,-1.9704343,-0.83621013,-0.66942441,-0.59516799,0.44457391,0
0.35276181,-3.338342,-3.1972408,0.23311245,-0.73651338,-0.63498557,0
-1.4194853,1.3301316,1.8389812,-0.66942441,-0.59516799,0.44457391,0
0.35435951,-2.4200761,-0.37397182,-0.66942441,-0.59516799,0.44457391,0
-0.94818932,3.4862864,2.6346276,-0.23311245,0.73651338,0.63498557,0
-0.33329874,2.6190834,0.97151828,0.66942441,0.59516799,-0.44457391,0
2.1635408,-3.1471784,-2.7757354,0.23311245,-0.73651338,-0.63498557,0
-0.32327572,0.50314713,-0.96054733,-0.70535773,0.32143909,-0.6317811,0
-0.73079205,2.560313,3.7793875,0.70535773,-0.32143909,0.6317811,0
-1.1524646,0.92186069,1.8679385,-0.66942441,-0.59516799,0.44457391,0
0.82167506,-2.5371215,-3.7162204,0.23311245,-0.73651338,-0.63498557,0
0.10487098,1.3954666,2.3271947,0.70535773,-0.32143909,0.6317811,0
0.011683702,3.4906607,2.5489535,0.66942441,0.59516799,-0.44457391,0
-0.19238162,3.590282,2.8779414,-0.23311245,0.73651338,0.63498557,0
-0.48691154,-2.5397472,-2.2668359,-0.70535773,0.32143909,-0.6317811,0
1.3138204,-3.6281805,-2.374362,0.23311245,-0.73651338,-0.63498557,0
-2.0551867,2.6052043,2.7859583,-0.66942441,-0.59516799,0.44457391,0
0.87849981,-2.7898126,-3.3868227,0.23311245,-0.73651338,-0.63498557,0
-1.2353991,1.4569246,0.57127017,-0.70535773,0.32143909,-0.6317811,0
0.4750807,-0.40419868,-2.1921966,0.66942441,0.59516799,-0.44457391,0
-1.292702,-0.69089121,-0.48551553,-0.66942441,-0.59516799,0.44457391,0
-1.666091,1.8769395,1.2842981,-0.70535773,0.32143909,-0.6317811,0
0.079291284,-3.4191203,-2.9428554,0.23311245,-0.73651338,-0.63498557,0
1.6168873,-3.7319672,-2.1660094,0.23311245,-0.73651338,-0.63498557,0
-0.70390773,3.149399,3.1161716,-0.23311245,0.73651338,0.63498557,0
1.4639513,-0.91454935,-0.52057266,0.70535773,-0.32143909,0.6317811,0
-0.4386133,3.5949278,2.8815024,-0.23311245,0.73651338,0.63498557,0
2.2160738,-2.7984779,-2.159487,0.70535773,-0.32143909,0.6317811,0
1.2269671,-2.2687666,-0.98180854,0.70535773,-0.32143909,0.6317811,0
-0.53232706,-0.61248004,0.4095872,-0.66942441,-0.59516799,0.44457391,0
-1.0692869,-1.2632848,-1.0614243,-0.66942441,-0.59516799,0.44457391,0
-0.09269315,2.5884485,2.9805055,0.70535773,-0.32143909,0.6317811,0
-0.40142962,-2.3348777,-2.3565094,-0.70535773,0.32143909,-0.6317811,0
-1.7519646,1.7712393,1.9592085,-0.66942441,-0.59516799,0.44457391,0
-0.79529762,3.8186371,2.4526315,-0.23311245,0.73651338,0.63498557,0
0.11208473,1.8313677,2.2409611,0.70535773,-0.32143909,0.6317811,0
-0.46370107,2.1744089,3.1270032,0.70535773,-0.32143909,0.6317811,0
-1.4665582,0.19635135,0.1994499,-0.70535773,0.32143909,-0.6317811,0
-2.1125433,2.8832967,2.3528323,-0.70535773,0.32143909,-0.6317811,0
-0.30942655,3.8138266,2.6333163,-0.23311245,0.73651338,0.63498557,0
0.82338816,-1.5177058,-0.11904389,0.70535773,-0.32143909,0.6317811,0
1.5556753,-1.5432242,-0.87233734,0.70535773,-0.32143909,0.6317811,0
-1.8269277,2.6657467,3.2534034,-0.66942441,-0.59516799,0.44457391,0
0.52898771,-2.996491,-3.4317064,0.23311245,-0.73651338,-0.63498557,0
-0.23760915,-3.3855519,-2.8298683,-0.66942441,-0.59516799,0.44457391,0
1.7065463,-3.159482,-1.8089049,0.70535773,-0.32143909,0.6317811,0
1.8239993,-2.1107471,-1.644927,0.70535773,-0.32143909,0.6317811,0
1.1906952,-3.27776,-2.7976017,0.23311245,-0.73651338,-0.63498557,0
0.2558713,2.359843,1.0927615,0.66942441,0.59516799,-0.44457391,0
-0.80972284,2.3396573,0.50958383,-0.70535773,0.32143909,-0.6317811,0
0.60083675,-0.94259942,-2.3879292,0.66942441,0.59516799,-0.44457391,0
1.9637511,-2.1479797,-1.947873,0.66942441,0.59516799,-0.44457391,0
0.18587035,-3.353868,-3.1267734,0.23311245,-0.73651338,-0.63498557,0
1.7891932,-2.6658306,-1.9199499,0.70535773,-0.32143909,0.6317811,0
-1.8515459,2.3810639,1.6897291,-0.70535773,0.32143909,-0.6317811,0
0.98932463,0.85213959,0.5320639,0.66942441,0.59516799,-0.44457391,0
0.033059329,-1.0013927,0.8196578,-0.66942441,-0.59516799,0.44457391,0
-0.41613793,3.2200806,3.2901974,-0.23311245,0.73651338,0.63498557,0
-0.36430585,0.58411086,-0.91043317,-0.70535773,0.32143909,-0.6317811,0
0.98947054,-3.3969631,-2.9071569,0.23311245,-0.73651338,-0.63498557,0
-0.85145622,2.4911985,3.7536621,0.70535773,-0.32143909,0.6317811,0
-0.15405583,-3.1707187,-2.4518971,-0.66942441,-0.59516799,0.44457391,0
1.3197231,-3.1247354,-3.0799155,0.23311245,-0.73651338,-0.63498557,0
0.047176808,2.5070868,2.8962746,0.70535773,-0.32143909,0.6317811,0
1.374459,-2.6956706,-1.3454688,0.70535773,-0.32143909,0.6317811,0
-0.10950076,-1.2031142,-2.0615883,-0.70535773,0.32143909,-0.6317811,0
0.16772485,3.076344,3.0434172,0.70535773,-0.32143909,0.6317811,0
-1.07777,-0.39634484,-0.62820518,-0.70535773,0.32143909,-0.6317811,0
1.7329886,-1.0289594,-1.1150643,0.66942441,0.59516799,-0.44457391,0
-0.53832352,3.374655,2.9607313,-0.23311245,0.73651338,0.63498557,0
-1.4875433,3.7519174,2.030376,-0.70535773,0.32143909,-0.6317811,0
-0.45628881,0.40721855,2.0226851,-0.66942441,-0.59516799,0.44457391,0
-1.8335419,2.9477072,3.0607715,-0.23311245,0.73651338,0.63498557,0
-1.3389738,0.87740809,0.44523704,-0.70535773,0.32143909,-0.6317811,0
-1.1707542,2.6785941,3.4693155,-0.23311245,0.73651338,0.63498557,0
-0.74990487,3.8347998,2.2587359,-0.23311245,0.73651338,0.63498557,0
0.0958184,-3.1619275,-1.9545276,-0.66942441,-0.59516799,0.44457391,0
-0.40764847,-2.7594945,-2.4684117,-0.70535773,0.32143909,-0.6317811,0
-2.1209002,3.2292795,2.2858994,-0.70535773,0.32143909,-0.6317811,0
-0.83731085,-1.3906326,-1.029039,-0.66942441,-0.59516799,0.44457391,0
-1.7234888,0.98590338,0.89885145,-0.70535773,0.32143909,-0.6317811,0
-1.8282487,3.0601273,2.975148,-0.23311245,0.73651338,0.63498557,0
1.7554049,-2.9125564,-2.9959931,0.23311245,-0.73651338,-0.63498557,0
0.69670224,-2.7503729,-3.7343378,-0.70535773,0.32143909,-0.6317811,0
-0.37620133,-2.6443503,-1.9350502,-0.66942441,-0.59516799,0.44457391,0
0.29336953,-3.8664517,-2.5631781,0.23311245,-0.73651338,-0.63498557,0
-0.36240274,3.1439292,3.3119173,-0.23311245,0.73651338,0.63498557,0
-1.493434,2.8153417,3.2514679,-0.23311245,0.73651338,0.63498557,0
-0.57671261,-2.5547149,-2.0847392,-0.66942441,-0.59516799,0.44457391,0
0.4873786,-3.4103041,-1.503523,-0.66942441,-0.59516799,0.44457391,0
-1.952157,3.1603086,2.6317251,-0.23311245,0.73651338,0.63498557,0
1.9589939,-1.9072981,-1.4446312,0.70535773,-0.32143909,0.6317811,0
1.1559958,-3.1289775,-3.1655283,0.23311245,-0.73651338,-0.63498557,0
1.0875593,-3.2721152,-1.4131132,0.70535773,-0.32143909,0.6317811,0
1.208534,0.43158677,-0.030857503,0.66942441,0.59516799,-0.44457391,0
0.1009289,3.605567,2.9473767,0.66942441,0.59516799,-0.44457391,0
1.0417919,-3.0425687,-3.0526509,0.23311245,-0.73651338,-0.63498557,0
1.0173237,-3.6765776,-2.3653545,0.23311245,-0.73651338,-0.63498557,0
1.3926889,-3.9011271,-1.9638734,0.70535773,-0.32143909,0.6317811,0
-0.27428034,2.5189738,3.2257016,0.70535773,-0.32143909,0.6317811,0
1.382879,-2.9494359,-3.0714917,0.23311245,-0.73651338,-0.63498557,0
2.0749679,-2.0597041,-1.6743582,0.70535773,-0.32143909,0.6317811,0
-2.0387909,3.1738632,2.6418343,-0.23311245,0.73651338,0.63498557,0
1.8250061,-3.3847346,-2.6202199,0.23311245,-0.73651338,-0.63498557,0
-1.0242862,3.231638,2.8365445,-0.23311245,0.73651338,0.63498557,0
0.66651738,0.39629006,1.0022359,0.70535773,-0.32143909,0.6317811,0
-0.22502372,-2.3064964,-2.5636189,-0.70535773,0.32143909,-0.6317811,0
0.74876708,2.1586161,1.9881752,0.70535773,-0.32143909,0.6317811,0
0.75555944,-3.9390349,-2.2748079,0.23311245,-0.73651338,-0.63498557,0
1.3944824,-2.9093742,-3.345768,0.23311245,-0.73651338,-0.63498557,0
0.60386455,1.6971076,1.0804529,0.66942441,0.59516799,-0.44457391,0
1.1602099,-1.4624887,-2.5230303,0.66942441,0.59516799,-0.44457391,0
1.0358846,-2.039542,-0.71244884,0.70535773,-0.32143909,0.6317811,0
-0.061111152,3.6700473,2.7882874,-0.23311245,0.73651338,0.63498557,0
-1.8816706,1.8843181,1.8055226,-0.66942441,-0.59516799,0.44457391,0
0.19527008,1.6768498,2.2237101,0.70535773,-0.32143909,0.6317811,0
1.3147993,-1.632218,-0.70639431,0.70535773,-0.32143909,0.6317811,0
-0.031120926,-0.4650912,-1.8965983,-0.70535773,0.32143909,-0.6317811,0
-0.76984715,-0.75465453,-0.08501064,-0.66942441,-0.59516799,0.44457391,0
1.340096,-3.6390522,-2.4673233,0.23311245,-0.73651338,-0.63498557,0
-0.76648545,3.8803043,2.4153519,-0.23311245,0.73651338,0.63498557,0
-1.3902991,3.5234122,2.5939336,-0.23311245,0.73651338,0.63498557,0
-0.63971448,3.2955754,3.0215628,-0.23311245,0.73651338,0.63498557,0
-1.0590223,3.9084103,2.2241762,-0.23311245,0.73651338,0.63498557,0
0.24952622,0.55509955,-1.1866343,0.66942441,0.59516799,-0.44457391,0
-1.0133069,-0.92271578,-0.47070271,-0.66942441,-0.59516799,0.44457391,0
-0.70332563,3.2448196,3.0284061,-0.23311245,0.73651338,0.63498557,0
0.23743832,-2.4896023,-3.1549137,-0.70535773,0.32143909,-0.6317811,0
0.80485833,-4.0097156,-2.1529512,0.23311245,-0.73651338,-0.63498557,0
1.6729047,-3.5147119,-2.4915295,0.23311245,-0.73651338,-0.63498557,0
-0.57849139,-1.5274787,-0.86473817,-0.66942441,-0.59516799,0.44457391,0
0.84221315,-1.2286133,-0.077700853,0.70535773,-0.32143909,0.6317811,0
-1.9598401,2.9663494,2.8875651,-0.23311245,0.73651338,0.63498557,0
-1.6972418,2.8621914,3.2144508,-0.23311245,0.73651338,0.63498557,0
0.5255661,0.90232724,-0.16185582,0.66942441,0.59516799,-0.44457391,0
-0.81676602,-1.3537999,-1.4804329,-0.70535773,0.32143909,-0.6317811,0
-0.36845452,0.34581825,2.0824931,0.70535773,-0.32143909,0.6317811,0
1.317538,-3.6680913,-2.2080297,0.23311245,-0.73651338,-0.63498557,0
1.5589044,-0.40238023,-0.42704737,0.70535773,-0.32143909,0.6317811,0
-0.24436772,2.9933598,3.4036903,0.70535773,-0.32143909,0.6317811,0
0.0048984587,0.60318649,-1.1511742,-0.70535773,0.32143909,-0.6317811,0
0.40782499,3.0013549,2.7674198,0.70535773,-0.32143909,0.6317811,0
-1.1310041,2.496542,3.7672925,-0.23311245,0.73651338,0.63498557,0
-0.076510727,0.45525509,-1.2164893,-0.70535773,0.32143909,-0.6317811,0
0.78315127,-2.9117942,-3.3311427,0.23311245,-0.73651338,-0.63498557,0
-0.0041469336,2.4210978,1.0685706,0.66942441,0.59516799,-0.44457391,0
1.4252936,-2.8983181,-3.0506964,0.23311245,-0.73651338,-0.63498557,0
-1.7070738,2.6656356,1.8198057,-0.70535773,0.32143909,-0.6317811,0
-0.19124264,0.91232145,-0.78460008,-0.70535773,0.32143909,-0.6317811,0
0.05645901,3.5250554,2.3863273,0.66942441,0.59516799,-0.44457391,0
-0.2659722,-2.7623105,-1.7456267,-0.66942441,-0.59516799,0.44457391,0
1.1695282,-2.5175037,-3.8041348,0.23311245,-0.73651338,-0.63498557,0
-0.45431393,3.2178085,3.0971427,-0.23311245,0.73651338,0.63498557,0
1.0608176,-3.4993048,-1.3092769,0.70535773,-0.32143909,0.6317811,0
1.6330665,-0.9645611,-0.76162195,0.70535773,-0.32143909,0.6317811,0
-0.48826277,1.0222434,-0.57581878,-0.70535773,0.32143909,-0.6317811,0
1.9307978,-2.9516442,-2.8717179,0.23311245,-0.73651338,-0.63498557,0
-1.381209,3.5835085,2.3565016,-0.23311245,0.73651338,0.63498557,0
1.5625423,-0.12001765,-0.15132296,0.66942441,0.59516799,-0.44457391,0
0.49595559,-3.1743915,-3.1127872,0.23311245,-0.73651338,-0.63498557,0
1.4474956,-3.4343843,-2.6070397,0.23311245,-0.73651338,-0.63498557,0
1.9380683,-2.1604729,-2.2565646,0.66942441,0.59516799,-0.44457391,0
1.5041225,-3.1416345,-2.888351,0.23311245,-0.73651338,-0.63498557,0
-1.1915722,-0.2615318,-0.41345683,-0.70535773,0.32143909,-0.6317811,0
0.97142845,-0.2973505,-1.1538631,0.66942441,0.59516799,-0.44457391,0
-0.83670968,3.4542046,2.8338618,-0.23311245,0.73651338,0.63498557,0
1.2949841,-3.3461711,-2.8568749,0.23311245,-0.73651338,-0.63498557,0
-1.6155677,1.3056271,0.89608753,-0.70535773,0.32143909,-0.6317811,0
-1.4415479,3.9769151,2.0591033,-0.70535773,0.32143909,-0.6317811,0
-1.4591595,0.1396417,-0.014161527,-0.70535773,0.32143909,-0.6317811,0
0.66684604,0.51838768,-0.42866832,0.66942441,0.59516799,-0.44457391,0
-0.36302,-1.4261333,-1.7827983,-0.70535773,0.32143909,-0.6317811,0
0.79400176,-3.3851869,-2.9694371,0.23311245,-0.73651338,-0.63498557,0
-1.0371315,3.8048582,1.5453146,-0.70535773,0.32143909,-0.6317811,0
0.15390855,-3.4550476,-2.9999552,0.23311245,-0.73651338,-0.63498557,0
0.27113646,-3.6720495,-2.7909994,0.23311245,-0.73651338,-0.63498557,0
-1.2576065,0.39549044,1.0229003,-0.66942441,-0.59516799,0.44457391,0
-1.4014292,3.685425,2.2929802,-0.23311245,0.73651338,0.63498557,0
0.79822087,-3.3530395,-2.7777295,0.23311245,-0.73651338,-0.63498557,0
1.8164899,-2.1504006,-2.5318398,0.66942441,0.59516799,-0.44457391,0
-0.55625933,2.0312617,0.0071159601,-0.70535773,0.32143909,-0.6317811,0
0.068393767,2.9112995,2.905273,0.70535773,-0.32143909,0.6317811,0
0.43442011,-2.1107364,-0.12261397,0.70535773,-0.32143909,0.6317811,0
0.60678673,1.4522928,0.44121045,0.66942441,0.59516799,-0.44457391,0
0.7532686,-3.3651757,-3.007257,0.23311245,-0.73651338,-0.63498557,0
-2.108269,3.0821157,2.7727077,-0.23311245,0.73651338,0.63498557,0
-1.0212804,-1.1550951,-0.75256455,-0.66942441,-0.59516799,0.44457391,0
1.7035518,-3.0759108,-2.7465031,0.23311245,-0.73651338,-0.63498557,0
0.36850396,0.92044759,-0.36470455,0.66942441,0.59516799,-0.44457391,0
-1.2606009,3.7661815,2.314465,-0.23311245,0.73651338,0.63498557,0
-0.20481315,2.0562317,2.7659945,0.70535773,-0.32143909,0.6317811,0
0.37153393,-3.0618248,-3.3209465,0.23311245,-0.73651338,-0.63498557,0
0.62520218,-0.27892852,0.77263165,0.70535773,-0.32143909,0.6317811,0
-0.77984673,1.7652591,0.060323656,-0.70535773,0.32143909,-0.6317811,0
1.0498471,-3.5919611,-1.4984753,0.70535773,-0.32143909,0.6317811,0
0.13151069,-0.057991505,1.5017197,0.70535773,-0.32143909,0.6317811,0
-1.8912715,3.1255922,2.8837676,-0.23311245,0.73651338,0.63498557,0
-1.4982536,3.3126321,2.8006961,-0.23311245,0.73651338,0.63498557,0
-0.875911,0.71014833,-0.13631168,-0.70535773,0.32143909,-0.6317811,0
0.23920798,-3.290396,-3.2071574,0.23311245,-0.73651338,-0.63498557,0
0.81966531,-3.1299303,-3.3018003,0.23311245,-0.73651338,-0.63498557,0
-0.54279065,-1.8911525,-1.2231438,-0.66942441,-0.59516799,0.44457391,0
-2.2629721,3.0205894,2.6792493,-0.66942441,-0.59516799,0.44457391,0
-1.7656535,3.4355991,2.5670137,-0.23311245,0.73651338,0.63498557,0
0.25954258,2.7391064,2.8400192,0.70535773,-0.32143909,0.6317811,0
0.89543557,-0.36433813,0.24874622,0.70535773,-0.32143909,0.6317811,0
0.627141,-2.7189569,-3.7141719,0.23311245,-0.73651338,-0.63498557,0
-0.8573845,3.387507,2.8522239,-0.23311245,0.73651338,0.63498557,0
1.2441018,-3.1661711,-2.9117608,0.23311245,-0.73651338,-0.63498557,0
1.2423745,-0.23835191,-0.77337533,0.66942441,0.59516799,-0.44457391,0
-0.29396725,0.38105816,2.1613359,0.70535773,-0.32143909,0.6317811,0
-0.71320975,2.5042648,3.7697508,0.70535773,-0.32143909,0.6317811,0
-0.98639446,3.1575127,2.9401574,-0.23311245,0.73651338,0.63498557,0
-1.1919602,1.4471799,0.35792726,-0.70535773,0.32143909,-0.6317811,0
-0.20500329,-0.21665397,-1.5746806,-0.70535773,0.32143909,-0.6317811,0
2.0800931,-2.1737337,-2.060838,0.66942441,0.59516799,-0.44457391,0
-0.78276843,3.0867324,3.3459077,-0.23311245,0.73651338,0.63498557,0
1.5731843,-3.5436599,-2.2457056,0.23311245,-0.73651338,-0.63498557,0
-1.3850467,3.2574432,2.6625295,-0.23311245,0.73651338,0.63498557,0
-1.1675255,3.7950771,2.2388895,-0.23311245,0.73651338,0.63498557,0
-0.51126051,-0.71478212,-1.4796185,-0.70535773,0.32143909,-0.6317811,0
0.0062513426,0.39265642,1.8720956,0.70535773,-0.32143909,0.6317811,0
0.90458059,-3.7153516,-2.571455,0.23311245,-0.73651338,-0.63498557,0
-0.46638471,2.9526618,3.5785599,-0.23311245,0.73651338,0.63498557,0
-0.2262339,3.3175855,1.862326,0.66942441,0.59516799,-0.44457391,0
-0.8446517,3.615741,2.7357121,-0.23311245,0.73651338,0.63498557,0
1.0224671,-3.2103295,-1.1128451,0.70535773,-0.32143909,0.6317811,0
-0.55701149,3.5931244,2.7179329,-0.23311245,0.73651338,0.63498557,0
1.2459219,0.28478557,0.038146734,0.66942441,0.59516799,-0.44457391,0
-0.74544692,3.3010104,1.078555,0.66942441,0.59516799,-0.44457391,0
-1.8130174,1.9790959,2.2042968,-0.66942441,-0.59516799,0.44457391,0
-0.88789362,3.4686513,2.752367,-0.23311245,0.73651338,0.63498557,0
1.1230123,-2.786262,-1.1428781,0.70535773,-0.32143909,0.6317811,0
-0.5906502,0.96840239,2.5528686,-0.66942441,-0.59516799,0.44457391,0
-1.6386173,3.2281213,2.8024919,-0.23311245,0.73651338,0.63498557,0
1.6107973,-2.7302568,-3.3689461,0.23311245,-0.73651338,-0.63498557,0
1.031261,-2.6733625,-3.7246008,0.23311245,-0.73651338,-0.63498557,0
-1.0692041,-0.81097603,-0.4152576,-0.66942441,-0.59516799,0.44457391,0
1.3234591,-2.5754809,-3.5549269,0.23311245,-0.73651338,-0.63498557,0
-1.8270731,3.2575397,2.2276366,-0.70535773,0.32143909,-0.6317811,0
-1.0731941,2.7205553,3.6545427,-0.23311245,0.73651338,0.63498557,0
-0.88549995,3.8422287,1.4400016,-0.70535773,0.32143909,-0.6317811,0
0.50288975,0.95358014,-0.086179458,0.66942441,0.59516799,-0.44457391,0
0.15555483,-2.279752,-0.42875713,-0.66942441,-0.59516799,0.44457391,0
1.8122578,-2.0563622,-1.3582605,0.70535773,-0.32143909,0.6317811,0
-0.83045208,4.0588231,2.0980201,-0.23311245,0.73651338,0.63498557,0
1.2087884,-3.3154657,-2.7879834,0.23311245,-0.73651338,-0.63498557,0
1.2814999,-3.7202363,-1.7116618,0.70535773,-0.32143909,0.6317811,0
1.9950147,-2.5593984,-2.4698763,0.66942441,0.59516799,-0.44457391,0
2.4295537,-2.726692,-2.3786001,0.70535773,-0.32143909,0.6317811,0
-1.4421161,2.7782981,1.5947518,-0.70535773,0.32143909,-0.6317811,0
0.53390646,-3.169831,-1.1565032,-0.66942441,-0.59516799,0.44457391,0
-1.1241167,0.46181744,1.3826119,-0.66942441,-0.59516799,0.44457391,0
-1.5197644,2.4070849,3.1857936,-0.66942441,-0.59516799,0.44457391,0
1.2261047,-2.4229808,-3.4988918,0.66942441,0.59516799,-0.44457391,0
0.48567736,-1.1957529,0.55359316,0.70535773,-0.32143909,0.6317811,0
0.99175709,0.44022369,0.73186469,0.70535773,-0.32143909,0.6317811,0
-0.47002065,-1.1782682,0.089269921,-0.66942441,-0.59516799,0.44457391,0
-0.27342927,-2.8139515,-2.5862894,-0.70535773,0.32143909,-0.6317811,0
-0.56409252,3.7890804,2.6397915,-0.23311245,0.73651338,0.63498557,0
1.0994811,-3.8427534,-2.2556167,0.23311245,-0.73651338,-0.63498557,0
-0.41444287,-2.3225222,-2.3040404,-0.70535773,0.32143909,-0.6317811,0
1.0280657,0.91072428,0.48483562,0.66942441,0.59516799,-0.44457391,0
-0.43758512,3.825182,2.3864889,-0.23311245,0.73651338,0.63498557,0
-1.1216487,3.5743246,2.5184073,-0.23311245,0.73651338,0.63498557,0
0.45052278,-2.2186706,-0.19084764,0.70535773,-0.32143909,0.6317811,0
-0.22739583,-2.7485697,-1.8836892,-0.66942441,-0.59516799,0.44457391,0
-0.2317289,0.79125643,2.1647937,0.70535773,-0.32143909,0.6317811,0
-0.71102726,3.7169995,2.4105549,-0.23311245,0.73651338,0.63498557,0
1.696818,-3.6059763,-2.2259102,0.23311245,-0.73651338,-0.63498557,0
-0.88894165,0.77262187,1.8589919,-0.66942441,-0.59516799,0.44457391,0
-0.64265001,-1.7841595,-1.230633,-0.66942441,-0.59516799,0.44457391,0
-1.4353608,3.0709774,2.9552021,-0.23311245,0.73651338,0.63498557,0
0.34809023,2.6675346,1.7263415,0.66942441,0.59516799,-0.44457391,0
-0.18681967,3.283916,3.1985879,-0.23311245,0.73651338,0.63498557,0
0.0078785419,-3.47119,-2.9640067,0.23311245,-0.73651338,-0.63498557,0
1.3462191,-2.7023692,-3.3882475,0.23311245,-0.73651338,-0.63498557,0
0.81044614,-3.6625702,-2.4247427,0.23311245,-0.73651338,-0.63498557,0
-0.83379966,1.1979057,-0.10705721,-0.70535773,0.32143909,-0.6317811,0
-0.91120821,2.9672,3.200613,-0.23311245,0.73651338,0.63498557,0
1.2397283,-1.7853956,-0.78130758,0.70535773,-0.32143909,0.6317811,0
-0.40169868,-0.94575435,-1.7681932,-0.70535773,0.32143909,-0.6317811,0
1.2174518,-2.4933257,-3.5955153,0.23311245,-0.73651338,-0.63498557,0
1.4527119,-3.3296275,-2.6255522,0.23311245,-0.73651338,-0.63498557,0
0.30865932,-1.4976308,0.35446262,0.70535773,-0.32143909,0.6317811,0
0.86460721,1.3179852,1.3019161,0.70535773,-0.32143909,0.6317811,0
-0.2465111,-2.7982864,-1.7713301,-0.66942441,-0.59516799,0.44457391,0
-1.5736022,3.8785312,2.1268997,-0.23311245,0.73651338,0.63498557,0
0.77047139,0.53936952,1.0917822,0.70535773,-0.32143909,0.6317811,0
-0.14275426,3.3001945,3.1848469,-0.23311245,0.73651338,0.63498557,0
0.59669572,-3.3094077,-3.0134029,0.23311245,-0.73651338,-0.63498557,0
-1.5487603,1.504703,2.0595031,-0.66942441,-0.59516799,0.44457391,0
0.046991706,-3.0731957,-1.8413601,-0.66942441,-0.59516799,0.44457391,0
-0.97911358,2.5796545,0.69506252,-0.70535773,0.32143909,-0.6317811,0
-1.2325273,4.0081849,2.0702798,-0.23311245,0.73651338,0.63498557,0
1.0207434,-2.0987046,-3.6660049,0.66942441,0.59516799,-0.44457391,0
-0.39681074,-1.9661922,-2.1248326,-0.70535773,0.32143909,-0.6317811,0
-0.90970832,1.3838754,2.7636127,-0.66942441,-0.59516799,0.44457391,0
-0.88606447,2.6799984,3.7452562,-0.23311245,0.73651338,0.63498557,0
0.14071736,2.504786,2.6284726,0.70535773,-0.32143909,0.6317811,0
