-0.28255731,0.44518405,-1.6347408,0.74446821,0.12985152,-0.65490878,0
0.21736765,-1.8696076,-0.48276448,0.4554252,-0.81603861,0.35590562,0
-1.7301641,-2.6603251,-1.6765057,-0.48821601,-0.56322241,-0.66665256,0
1.6996872,2.2409151,2.1019831,0.48821601,0.56322241,0.66665256,0
-1.4056034,-0.55363625,-0.14184973,-0.74446821,-0.12985152,0.65490878,0
-1.0318211,-2.2497931,-2.4895992,-0.48821601,-0.56322241,-0.66665256,0
0.23443276,-1.4463055,0.85898989,0.4554252,-0.81603861,0.35590562,0
-0.75307155,1.2535112,1.0359273,-0.74446821,-0.12985152,0.65490878,0
1.7759507,-0.18312132,1.6451325,0.4554252,-0.81603861,0.35590562,0
-2.0297348,-1.216777,-2.6147823,-0.48821601,-0.56322241,-0.66665256,0
-0.84601057,0.83980602,0.77314901,-0.74446821,-0.12985152,0.65490878,0
-2.2675641,-0.71650708,-3.11567,-0.48821601,-0.56322241,-0.66665256,0
-2.0822966,-0.41898274,-0.94819319,-0.74446821,-0.12985152,0.65490878,0
1.0357764,1.0570581,2.9411716,-0.74446821,-0.12985152,0.65490878,0
2.4626458,1.7763575,1.7400635,0.74446821,0.12985152,-0.65490878,0
-0.75592613,1.7132288,0.40439975,-0.4554252,0.81603861,-0.35590562,0
-0.54120278,-2.6840148,-2.4536395,-0.48821601,-0.56322241,-0.66665256,0
-1.0535066,-0.40860289,-2.9210696,0.74446821,0.12985152,-0.65490878,0
2.310693,0.75426602,3.0090606,0.48821601,0.56322241,0.66665256,0
-0.6195755,-1.479475,0.55758834,-0.74446821,-0.12985152,0.65490878,0
2.1139655,0.38732243,0.84989059,0.74446821,0.12985152,-0.65490878,0
-0.53334451,1.9264489,0.74783885,-0.4554252,0.81603861,-0.35590562,0
1.412257,2.183002,0.5258553,0.74446821,0.12985152,-0.65490878,0
0.71821749,-0.52888656,2.0173988,0.4554252,-0.81603861,0.35590562,0
-1.1659954,-2.9627903,-1.7756391,-0.48821601,-0.56322241,-0.66665256,0
2.0437667,-0.043400943,0.87651169,0.74446821,0.12985152,-0.65490878,0
0.29996645,2.373131,0.77042687,-0.4554252,0.81603861,-0.35590562,0
1.7887967,0.73542571,3.3472147,0.48821601,0.56322241,0.66665256,0
0.82410187,-0.65796721,1.5285995,0.4554252,-0.81603861,0.35590562,0
0.0089334249,-1.9184909,-1.8606124,0.74446821,0.12985152,-0.65490878,0
-0.095971584,-2.1637661,-0.35747266,0.4554252,-0.81603861,0.35590562,0
-0.35048258,-2.9673071,-2.4179535,-0.48821601,-0.56322241,-0.66665256,0
1.8576992,2.2708528,2.0976577,0.48821601,0.56322241,0.66665256,0
-1.2257434,0.034735888,-2.4846525,-0.4554252,0.81603861,-0.35590562,0
1.2669187,3.2236993,1.7480178,0.48821601,0.56322241,0.66665256,0
-0.59017897,-0.70410007,0.67382157,-0.74446821,-0.12985152,0.65490878,0
0.91601497,-0.39857748,1.9720821,0.4554252,-0.81603861,0.35590562,0
-0.43772072,-0.6693722,1.0122416,-0.74446821,-0.12985152,0.65490878,0
-0.47516942,1.937609,0.95694065,-0.4554252,0.81603861,-0.35590562,0
2.4117198,1.4721494,1.4341745,0.74446821,0.12985152,-0.65490878,0
-2.7729897,-1.3403132,-2.0433002,-0.48821601,-0.56322241,-0.66665256,0
-1.7523602,-1.0535427,-3.1386256,-0.48821601,-0.56322241,-0.66665256,0
-1.1296569,-3.2059336,-1.5986809,0.4554252,-0.81603861,0.35590562,0
-1.6280105,0.24226315,-1.7570679,-0.4554252,0.81603861,-0.35590562,0
0.35312772,1.872334,-0.10254312,-0.4554252,0.81603861,-0.35590562,0
-1.0491954,1.528931,0.53725392,-0.4554252,0.81603861,-0.35590562,0
0.65804976,2.0870252,-0.10764921,-0.4554252,0.81603861,-0.35590562,0
0.21046905,0.77481717,-1.2449996,0.74446821,0.12985152,-0.65490878,0
2.115397,2.4461884,1.5350883,0.48821601,0.56322241,0.66665256,0
-0.98397624,-1.9454131,-2.7949333,-0.48821601,-0.56322241,-0.66665256,0
0.90435874,2.6379623,0.49845648,-0.4554252,0.81603861,-0.35590562,0
-1.4404514,0.77004695,-0.64180118,-0.4554252,0.81603861,-0.35590562,0
-0.96058834,1.7362325,0.71952039,-0.4554252,0.81603861,-0.35590562,0
-1.2877563,-1.6448259,-2.9601572,-0.48821601,-0.56322241,-0.66665256,0
0.66732156,2.8929536,1.5463243,-0.4554252,0.81603861,-0.35590562,0
-1.7104701,0.63216621,-0.80380923,-0.4554252,0.81603861,-0.35590562,0
-0.45033789,1.7576975,1.3570389,-0.74446821,-0.12985152,0.65490878,0
0.84991401,-0.21393013,2.3668232,0.4554252,-0.81603861,0.35590562,0
0.12851787,-1.9108868,-0.40618587,0.4554252,-0.81603861,0.35590562,0
-0.23676652,0.56539983,1.2431104,-0.74446821,-0.12985152,0.65490878,0
-2.2415838,-1.1890813,-2.5145717,-0.48821601,-0.56322241,-0.66665256,0
-0.65205061,-2.6960726,-2.5235062,-0.48821601,-0.56322241,-0.66665256,0
1.0980266,2.9029155,2.0091729,0.48821601,0.56322241,0.66665256,0
-1.9978147,-2.2172952,-1.0446143,-0.74446821,-0.12985152,0.65490878,0
-0.61609226,0.95915878,-1.3059607,-0.4554252,0.81603861,-0.35590562,0
1.7190065,1.948001,2.434535,0.48821601,0.56322241,0.66665256,0
0.61057723,1.5784092,-0.6260246,0.74446821,0.12985152,-0.65490878,0
0.45744997,-1.262589,0.7933042,0.4554252,-0.81603861,0.35590562,0
-1.1274335,-1.2589595,0.095981896,-0.74446821,-0.12985152,0.65490878,0
0.025746703,-2.2059815,-1.8545065,0.74446821,0.12985152,-0.65490878,0
-1.561017,-2.5187798,-0.86731756,-0.74446821,-0.12985152,0.65490878,0
-1.8093485,-2.733618,-1.7441839,-0.48821601,-0.56322241,-0.66665256,0
0.48464406,-1.611347,0.031580269,0.4554252,-0.81603861,0.35590562,0
1.1253649,1.069699,-0.061414838,0.74446821,0.12985152,-0.65490878,0
0.31456816,0.056120276,1.9301426,-0.74446821,-0.12985152,0.65490878,0
1.4861915,-0.19829461,2.097873,0.4554252,-0.81603861,0.35590562,0
-2.4000583,-0.75909412,-2.7375598,-0.48821601,-0.56322241,-0.66665256,0
-1.2299857,1.0106603,-0.17412934,-0.4554252,0.81603861,-0.35590562,0
-1.2152195,-3.0852911,-1.3810394,0.4554252,-0.81603861,0.35590562,0
-1.6501667,0.46625257,-0.20096163,-0.74446821,-0.12985152,0.65490878,0
-1.1225681,-0.49274495,-2.7649713,0.74446821,0.12985152,-0.65490878,0
1.6010531,0.33059412,3.030695,0.4554252,-0.81603861,0.35590562,0
2.779361,1.4547393,2.0771072,0.48821601,0.56322241,0.66665256,0
-1.0670509,-1.1748902,-3.0176711,0.74446821,0.12985152,-0.65490878,0
-0.12651801,-2.743037,-1.7661465,0.4554252,-0.81603861,0.35590562,0
-0.55546874,-0.024950922,1.0033039,-0.74446821,-0.12985152,0.65490878,0
1.337944,1.2604656,0.36702043,0.74446821,0.12985152,-0.65490878,0
2.5996878,1.651032,1.6920557,0.74446821,0.12985152,-0.65490878,0
0.2288835,2.5471711,1.0932109,-0.4554252,0.81603861,-0.35590562,0
-2.048306,-2.1324725,-2.0928078,-0.48821601,-0.56322241,-0.66665256,0
-0.11379616,-0.70397061,1.2592978,-0.74446821,-0.12985152,0.65490878,0
-2.8155837,-0.56325841,-1.8862408,-0.4554252,0.81603861,-0.35590562,0
-0.74059069,-2.526525,-2.5557542,-0.48821601,-0.56322241,-0.66665256,0
-0.46223319,-3.0164928,-2.4658146,-0.48821601,-0.56322241,-0.66665256,0
-1.8100336,-1.1032543,-2.8427041,-0.48821601,-0.56322241,-0.66665256,0
1.0543083,-0.0040698647,2.7941,0.4554252,-0.81603861,0.35590562,0
0.97661686,-1.4997901,-0.66595024,0.4554252,-0.81603861,0.35590562,0
-0.67264789,1.1289825,0.86724883,-0.74446821,-0.12985152,0.65490878,0
-1.0114367,1.1304101,0.70785046,-0.74446821,-0.12985152,0.65490878,0
2.0163975,0.90076005,0.94743299,0.74446821,0.12985152,-0.65490878,0
-1.96253,-0.01409024,-1.7733113,-0.4554252,0.81603861,-0.35590562,0
-0.72036344,-1.2297645,0.32805407,-0.74446821,-0.12985152,0.65490878,0
-2.3490286,-1.163552,-1.3683556,-0.74446821,-0.12985152,0.65490878,0
-2.4212084,-1.1390827,-1.5937384,-0.74446821,-0.12985152,0.65490878,0
2.7763267,1.2258193,2.1517758,0.48821601,0.56322241,0.66665256,0
0.90041852,2.1339359,-0.071216702,0.74446821,0.12985152,-0.65490878,0
-2.5116751,-1.4358239,-2.2936797,-0.48821601,-0.56322241,-0.66665256,0
0.46402422,0.30857086,-0.79558653,0.74446821,0.12985152,-0.65490878,0
0.81114304,2.4242043,2.502676,0.48821601,0.56322241,0.66665256,0
-0.83928418,-1.91289,-2.953094,0.74446821,0.12985152,-0.65490878,0
0.43976128,-1.292549,0.84003246,0.4554252,-0.81603861,0.35590562,0
-1.5286987,-3.1616073,-1.4308065,-0.48821601,-0.56322241,-0.66665256,0
1.1206417,3.2205608,1.5103104,-0.4554252,0.81603861,-0.35590562,0
-1.4972547,-0.81242973,-0.46913448,-0.74446821,-0.12985152,0.65490878,0
-0.91711277,-2.2263293,-2.6370854,-0.48821601,-0.56322241,-0.66665256,0
-1.2698463,-1.4018219,-3.0210502,-0.48821601,-0.56322241,-0.66665256,0
-1.4173527,-1.4853234,-3.0412555,-0.48821601,-0.56322241,-0.66665256,0
1.9050794,0.42591158,2.5273931,0.4554252,-0.81603861,0.35590562,0
-0.84496731,0.93614978,-1.0348518,-0.4554252,0.81603861,-0.35590562,0
-1.4508098,-3.257113,-1.2977725,0.4554252,-0.81603861,0.35590562,0
1.125774,-0.55916518,1.4034803,0.4554252,-0.81603861,0.35590562,0
-1.3744236,-2.8147511,-0.72256327,0.4554252,-0.81603861,0.35590562,0
-1.1617148,0.5042612,-1.7496004,-0.4554252,0.81603861,-0.35590562,0
0.67326319,-1.4362962,-0.98115122,0.74446821,0.12985152,-0.65490878,0
-1.8886931,0.31170326,-0.83177507,-0.4554252,0.81603861,-0.35590562,0
-0.51651317,0.095606685,-2.0836999,0.74446821,0.12985152,-0.65490878,0
-0.55890691,-3.046906,-1.8912046,0.4554252,-0.81603861,0.35590562,0
-2.6874051,-0.95858401,-2.3299952,-0.48821601,-0.56322241,-0.66665256,0
1.6789105,0.14350894,2.1676159,0.4554252,-0.81603861,0.35590562,0
-1.1649746,-2.20048,-0.33353174,-0.74446821,-0.12985152,0.65490878,0
-2.8624835,-0.90523875,-1.759264,-0.74446821,-0.12985152,0.65490878,0
-1.2939528,0.15786104,-2.0942459,-0.4554252,0.81603861,-0.35590562,0
-1.4428792,-1.0386181,-3.2606506,0.74446821,0.12985152,-0.65490878,0
2.4672089,1.1281576,2.5119524,0.48821601,0.56322241,0.66665256,0
1.2604651,2.6419954,2.028791,0.48821601,0.56322241,0.66665256,0
-0.14871071,0.4971354,-1.6849203,0.74446821,0.12985152,-0.65490878,0
-2.2442112,-1.5101687,-1.2070503,-0.74446821,-0.12985152,0.65490878,0
0.15984529,1.384366,1.8705297,-0.74446821,-0.12985152,0.65490878,0
1.5572183,1.8029554,0.55803943,0.74446821,0.12985152,-0.65490878,0
1.7160746,0.61872989,3.2892399,0.4554252,-0.81603861,0.35590562,0
2.0604484,2.5271406,1.6466872,0.48821601,0.56322241,0.66665256,0
-1.329916,-0.5737015,-3.1395004,0.74446821,0.12985152,-0.65490878,0
1.3201673,-0.93822736,0.53270364,0.4554252,-0.81603861,0.35590562,0
2.0007589,-0.10243636,1.4205906,0.4554252,-0.81603861,0.35590562,0
0.99678701,-1.1894183,0.071925938,0.4554252,-0.81603861,0.35590562,0
0.65631562,-1.2858626,0.60352081,0.4554252,-0.81603861,0.35590562,0
1.9165679,1.6639881,2.5847216,0.48821601,0.56322241,0.66665256,0
-0.40574419,2.2094884,1.411605,-0.74446821,-0.12985152,0.65490878,0
-0.26312256,1.7772145,0.18949211,-0.4554252,0.81603861,-0.35590562,0
-0.33881414,-2.0573261,-0.13380265,0.4554252,-0.81603861,0.35590562,0
-0.022635162,0.84665501,1.7261088,-0.74446821,-0.12985152,0.65490878,0
0.4262917,0.31260782,2.1392004,-0.74446821,-0.12985152,0.65490878,0
2.830163,0.79135257,2.5383005,0.48821601,0.56322241,0.66665256,0
0.0043623447,-2.6828229,-2.0250721,0.4554252,-0.81603861,0.35590562,0
-1.2341461,-0.15893078,0.013232909,-0.74446821,-0.12985152,0.65490878,0
1.3779789,2.3814907,2.2990136,0.48821601,0.56322241,0.66665256,0
1.2970929,-0.94949025,-0.093861103,0.74446821,0.12985152,-0.65490878,0
1.0988936,2.2604637,0.063972592,0.74446821,0.12985152,-0.65490878,0
-2.2499478,-2.2049546,-1.7321823,-0.48821601,-0.56322241,-0.66665256,0
1.1863379,2.8343716,0.97790349,-0.4554252,0.81603861,-0.35590562,0
-2.278178,-2.2289555,-1.606813,-0.74446821,-0.12985152,0.65490878,0
-2.2893298,-1.2284364,-2.5525141,-0.48821601,-0.56322241,-0.66665256,0
-2.1792643,-1.0966868,-2.775516,-0.48821601,-0.56322241,-0.66665256,0
0.10464442,2.4777493,2.137517,-0.74446821,-0.12985152,0.65490878,0
0.67310029,2.0199375,-0.42717439,-0.4554252,0.81603861,-0.35590562,0
-1.7366966,-2.3870983,-2.0606577,-0.48821601,-0.56322241,-0.66665256,0
-0.83510298,-1.4313216,0.36002922,-0.74446821,-0.12985152,0.65490878,0
1.7689908,0.13331705,1.9839196,0.4554252,-0.81603861,0.35590562,0
2.2397943,1.85589,1.9777097,0.48821601,0.56322241,0.66665256,0
-0.23792446,-0.41138843,-1.987465,0.74446821,0.12985152,-0.65490878,0
1.0215731,-0.21765447,2.5852432,0.4554252,-0.81603861,0.35590562,0
0.026381671,1.4336312,-1.050584,-0.4554252,0.81603861,-0.35590562,0
-1.2781281,0.45145664,-1.3715832,-0.4554252,0.81603861,-0.35590562,0
1.9770244,1.0277013,2.8171453,0.48821601,0.56322241,0.66665256,0
-1.2822404,0.82503033,-0.50384033,-0.4554252,0.81603861,-0.35590562,0
-2.0867617,-1.8332686,-2.1489692,-0.48821601,-0.56322241,-0.66665256,0
-1.1431551,0.99372518,-0.23158583,-0.4554252,0.81603861,-0.35590562,0
0.87425745,3.1122875,1.5381843,-0.4554252,0.81603861,-0.35590562,0
-0.92426622,-1.4971955,0.30829394,-0.74446821,-0.12985152,0.65490878,0
1.5267078,0.45592284,0.31694898,0.74446821,0.12985152,-0.65490878,0
-2.666995,-1.8645183,-1.8005162,-0.48821601,-0.56322241,-0.66665256,0
-0.72752684,1.0853598,-0.7900908,-0.4554252,0.81603861,-0.35590562,0
0.51516116,0.94877815,-0.67414308,0.74446821,0.12985152,-0.65490878,0
-1.9212754,-0.95570731,-2.9518433,-0.48821601,-0.56322241,-0.66665256,0
0.86296159,-0.93146026,-0.75876886,0.74446821,0.12985152,-0.65490878,0
-1.3412391,0.21466191,-2.0056899,-0.4554252,0.81603861,-0.35590562,0
1.9163264,2.9037719,1.370456,0.48821601,0.56322241,0.66665256,0
0.086232185,1.8070886,-0.057766855,-0.4554252,0.81603861,-0.35590562,0
-0.33289158,-3.0107887,-2.5052519,-0.48821601,-0.56322241,-0.66665256,0
-1.3419391,-2.6582158,-0.62731385,-0.74446821,-0.12985152,0.65490878,0
0.22228301,-1.5613579,0.38829455,0.4554252,-0.81603861,0.35590562,0
-1.1652308,-2.1113787,-2.6256208,-0.48821601,-0.56322241,-0.66665256,0
0.097370863,-2.6641059,-1.7743075,0.4554252,-0.81603861,0.35590562,0
-0.41705346,1.1560662,1.26443,-0.74446821,-0.12985152,0.65490878,0
0.35892987,-0.77089131,-1.1585035,0.74446821,0.12985152,-0.65490878,0
0.6534946,0.27458906,-0.58560508,0.74446821,0.12985152,-0.65490878,0
1.4743892,2.9066553,0.70966613,-0.4554252,0.81603861,-0.35590562,0
0.41419175,1.2803893,-0.67394763,0.74446821,0.12985152,-0.65490878,0
2.211792,0.92503417,2.7095809,0.48821601,0.56322241,0.66665256,0
0.27899095,-0.20336735,1.9261243,-0.74446821,-0.12985152,0.65490878,0
-0.76505572,-2.2229013,-0.064274192,0.4554252,-0.81603861,0.35590562,0
-0.18664145,-2.1860225,-0.58537531,0.4554252,-0.81603861,0.35590562,0
-0.12086713,-2.2196703,-0.62203324,0.4554252,-0.81603861,0.35590562,0
-1.1419219,-2.0053387,-0.19396603,-0.74446821,-0.12985152,0.65490878,0
2.3172948,1.5821472,2.3164306,0.48821601,0.56322241,0.66665256,0
2.6724594,0.59737509,1.9768258,0.4554252,-0.81603861,0.35590562,0
2.4308259,1.3074033,1.6050833,0.74446821,0.12985152,-0.65490878,0
1.6521304,2.731158,1.7333535,0.48821601,0.56322241,0.66665256,0
-0.68354112,0.76524413,-1.4917465,-0.4554252,0.81603861,-0.35590562,0
2.150013,1.8346436,2.2428703,0.48821601,0.56322241,0.66665256,0
2.3506224,1.94543,2.0199537,0.48821601,0.56322241,0.66665256,0
-0.53301585,1.7511199,0.446271,-0.4554252,0.81603861,-0.35590562,0
1.4787284,1.2174158,3.2690082,0.48821601,0.56322241,0.66665256,0
-0.037390471,1.3823009,1.6067886,-0.74446821,-0.12985152,0.65490878,0
1.0626626,0.076621294,-0.41992724,0.74446821,0.12985152,-0.65490878,0
-0.28123391,2.3869061,1.805757,-0.74446821,-0.12985152,0.65490878,0
0.41484767,1.0306777,2.3480203,-0.74446821,-0.12985152,0.65490878,0
1.3156768,-0.029606402,-0.1837744,0.74446821,0.12985152,-0.65490878,0
2.2724352,0.59357476,1.0268891,0.74446821,0.12985152,-0.65490878,0
0.9572717,2.9605839,1.9711251,0.48821601,0.56322241,0.66665256,0
-1.5573449,-1.1863222,-0.3446883,-0.74446821,-0.12985152,0.65490878,0
0.91115832,3.0279484,1.6011424,-0.4554252,0.81603861,-0.35590562,0
-1.5686691,-1.8571573,-2.4988241,-0.48821601,-0.56322241,-0.66665256,0
-2.3466382,-1.0562778,-2.6708941,-0.48821601,-0.56322241,-0.66665256,0
-1.1953657,1.1461954,-0.14705601,-0.4554252,0.81603861,-0.35590562,0
2.3947048,1.7068663,1.4758511,0.74446821,0.12985152,-0.65490878,0
1.5053867,2.1444416,2.2178121,0.48821601,0.56322241,0.66665256,0
-0.71422547,1.3712032,-0.012317419,-0.4554252,0.81603861,-0.35590562,0
-2.1302803,-2.5040889,-1.5132943,-0.48821601,-0.56322241,-0.66665256,0
1.1100121,2.8320262,0.95590353,-0.4554252,0.81603861,-0.35590562,0
0.26720923,0.17876697,1.8377041,-0.74446821,-0.12985152,0.65490878,0
2.3956089,0.73841679,1.2035198,0.74446821,0.12985152,-0.65490878,0
-2.733614,-0.97869277,-2.4349847,-0.48821601,-0.56322241,-0.66665256,0
0.8132509,2.7197366,2.4937377,0.48821601,0.56322241,0.66665256,0
-0.15443504,1.8023766,1.6059543,-0.74446821,-0.12985152,0.65490878,0
0.55470204,1.9882383,-0.32268822,-0.4554252,0.81603861,-0.35590562,0
-1.7340982,-3.316884,-1.3204987,-0.48821601,-0.56322241,-0.66665256,0
-1.0547163,-2.8622208,-0.81673479,0.4554252,-0.81603861,0.35590562,0
-1.9605222,-1.5471015,-1.0398583,-0.74446821,-0.12985152,0.65490878,0
-1.6370854,0.4239904,-1.3593831,-0.4554252,0.81603861,-0.35590562,0
-0.12208319,-2.9128153,-2.1783619,0.4554252,-0.81603861,0.35590562,0
2.085222,0.4942888,2.4362822,0.4554252,-0.81603861,0.35590562,0
0.36707076,-0.7262308,1.7087548,-0.74446821,-0.12985152,0.65490878,0
-1.1411369,1.3726826,0.27555418,-0.4554252,0.81603861,-0.35590562,0
1.5052005,-0.86403739,0.43642503,0.4554252,-0.81603861,0.35590562,0
1.9893792,-0.57213044,0.55186307,0.74446821,0.12985152,-0.65490878,0
0.46705008,2.1059847,0.17348766,-0.4554252,0.81603861,-0.35590562,0
-1.7803009,-2.9041083,-0.94451189,-0.74446821,-0.12985152,0.65490878,0
0.32468855,2.792984,1.7699575,-0.4554252,0.81603861,-0.35590562,0
-1.578104,-3.1199927,-1.5647677,-0.48821601,-0.56322241,-0.66665256,0
-1.8832381,-1.6054039,-0.91426003,-0.74446821,-0.12985152,0.65490878,0
-0.77008778,0.69741094,0.9176203,-0.74446821,-0.12985152,0.65490878,0
-2.372673,-1.60069,-2.2056842,-0.48821601,-0.56322241,-0.66665256,0
0.39710557,1.360301,-0.83418119,0.74446821,0.12985152,-0.65490878,0
-1.1591182,-1.2056504,-3.0805147,0.74446821,0.12985152,-0.65490878,0
-1.6773864,0.21378177,-1.7163703,-0.4554252,0.81603861,-0.35590562,0
2.6892595,1.4043894,1.9611788,0.48821601,0.56322241,0.66665256,0
-0.79937178,-1.4227192,0.35793084,-0.74446821,-0.12985152,0.65490878,0
-1.0665768,-2.8740427,-2.1222606,-0.48821601,-0.56322241,-0.66665256,0
-1.3496072,1.1196868,0.018425584,-0.4554252,0.81603861,-0.35590562,0
-1.7686461,0.39311725,-0.35920072,-0.74446821,-0.12985152,0.65490878,0
-2.187963,-1.754181,-1.2120169,-0.74446821,-0.12985152,0.65490878,0
-2.1789932,-0.91321301,-1.1779475,-0.74446821,-0.12985152,0.65490878,0
-0.92658937,1.0956694,-0.48483515,-0.4554252,0.81603861,-0.35590562,0
1.4057117,3.2625561,1.5316038,0.48821601,0.56322241,0.66665256,0
0.42982054,2.4305892,0.87692046,-0.4554252,0.81603861,-0.35590562,0
-1.0546498,-2.5709116,-2.2090254,-0.48821601,-0.56322241,-0.66665256,0
-1.6026758,-0.23645127,-2.6661265,-0.4554252,0.81603861,-0.35590562,0
-2.4914632,-0.58949804,-1.4697052,-0.74446821,-0.12985152,0.65490878,0
0.25273335,2.4663572,0.89135253,-0.4554252,0.81603861,-0.35590562,0
2.1464167,-0.24775189,0.97944164,0.4554252,-0.81603861,0.35590562,0
-1.1687536,0.58974046,-1.3978959,-0.4554252,0.81603861,-0.35590562,0
1.6353009,3.2084861,1.2177755,0.48821601,0.56322241,0.66665256,0
1.5893434,1.3304448,3.0645688,0.48821601,0.56322241,0.66665256,0
0.43752575,-2.0117955,-0.75489461,0.4554252,-0.81603861,0.35590562,0
1.0975151,2.981411,1.3890647,-0.4554252,0.81603861,-0.35590562,0
-2.8232799,-1.1493518,-2.1541491,-0.48821601,-0.56322241,-0.66665256,0
2.4404757,1.1632819,2.4256206,0.48821601,0.56322241,0.66665256,0
-0.86505002,-1.2225916,-2.7848518,0.74446821,0.12985152,-0.65490878,0
-1.5931225,-1.6419299,-0.61552262,-0.74446821,-0.12985152,0.65490878,0
0.12578988,2.1400928,0.27797663,-0.4554252,0.81603861,-0.35590562,0
-1.4936229,-0.11277334,-2.4790647,-0.4554252,0.81603861,-0.35590562,0
-0.89810985,1.3994317,-0.10509378,-0.4554252,0.81603861,-0.35590562,0
-0.31333494,-2.1373394,-2.3796153,0.74446821,0.12985152,-0.65490878,0
0.30242795,-0.55956954,-1.346207,0.74446821,0.12985152,-0.65490878,0
2.1425557,1.2797455,2.7110934,0.48821601,0.56322241,0.66665256,0
-0.60988057,0.62970769,1.0984019,-0.74446821,-0.12985152,0.65490878,0
-0.10752264,-0.31386665,-1.6925514,0.74446821,0.12985152,-0.65490878,0
-0.49513173,-2.433486,-2.5015218,0.74446821,0.12985152,-0.65490878,0
-1.779758,0.054340303,-0.42982802,-0.74446821,-0.12985152,0.65490878,0
1.6539155,1.1918659,0.61752415,0.74446821,0.12985152,-0.65490878,0
-1.2210879,-1.5909834,-3.1542859,-0.48821601,-0.56322241,-0.66665256,0
-1.421766,0.83951354,-0.56072235,-0.4554252,0.81603861,-0.35590562,0
-0.012465835,0.33493161,1.5162132,-0.74446821,-0.12985152,0.65490878,0
-2.0063305,-1.7241299,-1.1443312,-0.74446821,-0.12985152,0.65490878,0
-0.91262227,-2.2797685,-2.7028143,-0.48821601,-0.56322241,-0.66665256,0
-1.578827,-1.7976974,-2.6929049,-0.48821601,-0.56322241,-0.66665256,0
0.1073148,-0.42290795,-1.5757343,0.74446821,0.12985152,-0.65490878,0
1.3748749,2.0765245,2.3755596,0.48821601,0.56322241,0.66665256,0
0.98490524,0.90668303,-0.11769408,0.74446821,0.12985152,-0.65490878,0
1.3369286,3.0876951,1.0946933,-0.4554252,0.81603861,-0.35590562,0
-1.7347946,-1.6769445,-2.4243994,-0.48821601,-0.56322241,-0.66665256,0
0.36165845,-1.6822082,0.087768316,0.4554252,-0.81603861,0.35590562,0
-0.70001346,0.63207829,0.9047516,-0.74446821,-0.12985152,0.65490878,0
0.64373887,2.3491502,2.6954541,0.48821601,0.56322241,0.66665256,0
-0.64463329,-2.2845385,-2.6012101,0.74446821,0.12985152,-0.65490878,0
2.147536,-0.11022687,1.3463633,0.4554252,-0.81603861,0.35590562,0
2.1810684,0.56454933,1.0131648,0.74446821,0.12985152,-0.65490878,0
-0.64415145,-2.6297984,-0.77661777,0.4554252,-0.81603861,0.35590562,0
1.8426849,0.71621746,0.70274806,0.74446821,0.12985152,-0.65490878,0
0.66810024,2.4266882,0.61945128,-0.4554252,0.81603861,-0.35590562,0
0.94374466,-0.23428315,2.4880264,-0.74446821,-0.12985152,0.65490878,0
2.249866,2.2421269,1.7326849,0.48821601,0.56322241,0.66665256,0
2.6705325,0.48556471,2.1206992,0.4554252,-0.81603861,0.35590562,0
-2.8114815,-1.2490953,-2.1156838,-0.48821601,-0.56322241,-0.66665256,0
-0.32578552,-0.79352903,-1.9403939,0.74446821,0.12985152,-0.65490878,0
-2.8231802,-0.82273912,-2.3721645,-0.4554252,0.81603861,-0.35590562,0
-2.4465232,-0.34712583,-1.7613184,-0.4554252,0.81603861,-0.35590562,0
0.94632566,-0.71963668,-0.64137936,0.74446821,0.12985152,-0.65490878,0
-2.007092,0.37252539,-0.71047294,-0.4554252,0.81603861,-0.35590562,0
0.32617563,-1.4460502,0.45618033,0.4554252,-0.81603861,0.35590562,0
1.4628189,-0.085757703,2.1384432,0.4554252,-0.81603861,0.35590562,0
-1.8231292,-0.47413519,-3.0619071,-0.4554252,0.81603861,-0.35590562,0
2.4639151,0.48507011,2.138226,0.4554252,-0.81603861,0.35590562,0
-0.17485723,-0.038625598,1.3918797,-0.74446821,-0.12985152,0.65490878,0
-0.34232903,-2.4162474,-0.93590975,0.4554252,-0.81603861,0.35590562,0
-1.1728684,-1.665354,-2.8781233,-0.48821601,-0.56322241,-0.66665256,0
0.68178767,1.5979185,-0.41692713,0.74446821,0.12985152,-0.65490878,0
2.3851986,2.3055975,1.6954445,0.48821601,0.56322241,0.66665256,0
-0.47026613,0.32291216,1.0975676,-0.74446821,-0.12985152,0.65490878,0
-1.4961464,-0.46272808,-0.34035113,-0.74446821,-0.12985152,0.65490878,0
2.290451,1.4859856,2.3421185,0.48821601,0.56322241,0.66665256,0
0.96088898,1.6402776,-0.21599936,0.74446821,0.12985152,-0.65490878,0
2.0423965,1.467573,2.4863434,0.48821601,0.56322241,0.66665256,0
0.75079918,0.66692674,2.4687204,-0.74446821,-0.12985152,0.65490878,0
1.548256,2.2646,2.1401496,0.48821601,0.56322241,0.66665256,0
-0.62889111,-3.0680654,-1.9480649,0.4554252,-0.81603861,0.35590562,0
-0.45579845,1.0862316,1.3453474,-0.74446821,-0.12985152,0.65490878,0
-2.3444986,-0.040361226,-1.267426,-0.4554252,0.81603861,-0.35590562,0
0.87557399,-1.4703934,-0.79340714,0.74446821,0.12985152,-0.65490878,0
0.59824687,-1.0231696,-1.0235012,0.74446821,0.12985152,-0.65490878,0
0.21626832,-0.06133008,-1.4373797,0.74446821,0.12985152,-0.65490878,0
-1.8876686,-1.0270376,-2.9017529,-0.48821601,-0.56322241,-0.66665256,0
-1.5570992,-0.85628366,-3.2560391,-0.48821601,-0.56322241,-0.66665256,0
0.63974881,0.84460026,2.4338846,-0.74446821,-0.12985152,0.65490878,0
0.91340506,3.2093639,1.8001937,-0.4554252,0.81603861,-0.35590562,0
0.83305627,-0.14182204,2.3352447,-0.74446821,-0.12985152,0.65490878,0
0.38904369,2.0619576,2.4068666,-0.74446821,-0.12985152,0.65490878,0
-2.8122134,-0.66175652,-1.9245811,-0.74446821,-0.12985152,0.65490878,0
-2.061053,-1.7654445,-2.1555667,-0.48821601,-0.56322241,-0.66665256,0
-2.6855366,-0.87658566,-2.5732379,-0.48821601,-0.56322241,-0.66665256,0
-1.90255,0.55240881,-0.61363131,-0.4554252,0.81603861,-0.35590562,0
-0.10794657,-1.0624408,1.2660389,-0.74446821,-0.12985152,0.65490878,0
0.87273645,3.1989248,1.722497,-0.4554252,0.81603861,-0.35590562,0
1.4827424,1.6771288,2.7411695,0.48821601,0.56322241,0.66665256,0
1.0879586,-0.97849232,0.40758237,0.4554252,-0.81603861,0.35590562,0
1.6336557,-0.11071478,2.1259303,0.4554252,-0.81603861,0.35590562,0
1.2927713,3.0364668,1.2021333,-0.4554252,0.81603861,-0.35590562,0
1.5977167,0.39840865,0.31744891,0.74446821,0.12985152,-0.65490878,0
-1.2988286,-1.640476,-2.9429028,-0.48821601,-0.56322241,-0.66665256,0
0.92185676,2.2642486,2.7822118,0.48821601,0.56322241,0.66665256,0
-0.53101772,0.26717323,-1.9500928,0.74446821,0.12985152,-0.65490878,0
1.8089112,2.6586616,1.6730555,0.48821601,0.56322241,0.66665256,0
-0.41702569,-1.3675413,-2.1668479,0.74446821,0.12985152,-0.65490878,0
-1.6395724,-1.5780346,-0.60111082,-0.74446821,-0.12985152,0.65490878,0
1.0624859,3.1136475,1.7609859,-0.4554252,0.81603861,-0.35590562,0
0.069022462,-0.099669695,1.7112751,-0.74446821,-0.12985152,0.65490878,0
2.450439,0.73800361,2.9270031,0.4554252,-0.81603861,0.35590562,0
0.57784939,-1.143164,0.79931521,0.4554252,-0.81603861,0.35590562,0
-0.50739497,0.31229568,-2.0343053,0.74446821,0.12985152,-0.65490878,0
-2.6390002,-1.3834019,-2.163342,-0.48821601,-0.56322241,-0.66665256,0
-1.6333301,-2.8604977,-1.6938379,-0.48821601,-0.56322241,-0.66665256,0
0.85254693,-0.072276354,2.4257803,-0.74446821,-0.12985152,0.65490878,0
1.4066391,0.62031317,3.2969408,-0.74446821,-0.12985152,0.65490878,0
2.0672717,1.8632314,2.055778,0.48821601,0.56322241,0.66665256,0
-1.8261697,0.72237456,-0.38294989,-0.4554252,0.81603861,-0.35590562,0
-1.6461848,-2.5168111,-2.0022535,-0.48821601,-0.56322241,-0.66665256,0
-1.277308,-0.18881279,-2.7432046,-0.4554252,0.81603861,-0.35590562,0
1.8384912,-0.23385429,1.3437941,0.4554252,-0.81603861,0.35590562,0
1.7344079,2.4574609,1.9391922,0.48821601,0.56322241,0.66665256,0
0.18515648,-0.064589441,1.5844413,-0.74446821,-0.12985152,0.65490878,0
0.51920617,-1.4974622,-0.084719002,0.4554252,-0.81603861,0.35590562,0
-1.8971647,-2.6039615,-1.799423,-0.48821601,-0.56322241,-0.66665256,0
-1.5439546,-1.1685584,-2.9841652,-0.48821601,-0.56322241,-0.66665256,0
-0.78076923,0.44026595,-2.0454059,-0.4554252,0.81603861,-0.35590562,0
-1.181995,-1.9884046,-2.6399345,-0.48821601,-0.56322241,-0.66665256,0
-1.6313473,-2.385911,-1.9353069,-0.48821601,-0.56322241,-0.66665256,0
-0.9266941,1.3028753,0.084447742,-0.4554252,0.81603861,-0.35590562,0
-0.16782546,-1.3293742,1.2186549,-0.74446821,-0.12985152,0.65490878,0
-0.76442111,-2.5553362,-0.46795833,0.4554252,-0.81603861,0.35590562,0
-2.0475004,-1.6618121,-2.4022617,-0.48821601,-0.56322241,-0.66665256,0
-2.8062794,-1.3393267,-1.9015336,-0.74446821,-0.12985152,0.65490878,0
-0.24624932,-2.694443,-2.3912249,0.74446821,0.12985152,-0.65490878,0
2.0129089,2.1850553,1.9933817,0.48821601,0.56322241,0.66665256,0
0.63441217,2.756516,1.1843821,-0.4554252,0.81603861,-0.35590562,0
-2.4780972,-1.4528627,-2.1879623,-0.48821601,-0.56322241,-0.66665256,0
1.7711689,2.6618764,1.607699,0.48821601,0.56322241,0.66665256,0
-2.3588727,-1.8471799,-1.8771758,-0.48821601,-0.56322241,-0.66665256,0
1.6453789,1.1812892,2.9554555,0.48821601,0.56322241,0.66665256,0
2.3063846,1.3410072,2.3151989,0.48821601,0.56322241,0.66665256,0
-0.14002633,-1.8418154,0.300767,0.4554252,-0.81603861,0.35590562,0
0.80550861,-0.40114811,-0.71395153,0.74446821,0.12985152,-0.65490878,0
1.7206472,2.4710238,1.8204128,0.48821601,0.56322241,0.66665256,0
-2.1576655,-0.57308108,-2.8496008,-0.4554252,0.81603861,-0.35590562,0
0.47105992,-1.578223,-0.12978846,0.4554252,-0.81603861,0.35590562,0
0.41306704,-0.71224493,1.7995543,-0.74446821,-0.12985152,0.65490878,0
-0.013016105,-2.6592715,-1.8691264,0.4554252,-0.81603861,0.35590562,0
2.0389125,0.60357463,3.0364375,0.4554252,-0.81603861,0.35590562,0
0.12479436,-0.35858935,1.7045085,-0.74446821,-0.12985152,0.65490878,0
-1.949385,-0.69982731,-3.1081913,-0.4554252,0.81603861,-0.35590562,0
-1.4270031,0.45543498,-1.0781763,-0.4554252,0.81603861,-0.35590562,0
0.55771899,2.5296733,2.5710971,0.48821601,0.56322241,0.66665256,0
0.21873537,-0.46654299,-1.2537715,0.74446821,0.12985152,-0.65490878,0
1.0672891,2.4760623,0.31839132,-0.4554252,0.81603861,-0.35590562,0
-0.65919787,1.0593436,1.0973048,-0.74446821,-0.12985152,0.65490878,0
-2.5603385,-1.9704626,-1.7568581,-0.74446821,-0.12985152,0.65490878,0
-0.70714164,0.83101487,-1.6394933,-0.4554252,0.81603861,-0.35590562,0
1.121073,-0.77880108,0.98375958,0.4554252,-0.81603861,0.35590562,0
-0.86029613,-2.9869256,-2.1228666,-0.48821601,-0.56322241,-0.66665256,0
0.85050696,1.694504,-0.19896644,0.74446821,0.12985152,-0.65490878,0
0.81400251,2.8869162,2.2813759,0.48821601,0.56322241,0.66665256,0
1.3930637,2.7860522,1.9989735,0.48821601,0.56322241,0.66665256,0
0.41603434,-1.5599223,0.21420658,0.4554252,-0.81603861,0.35590562,0
-0.81509984,-1.1676421,-2.7358019,0.74446821,0.12985152,-0.65490878,0
-0.3411876,-2.8897252,-2.1766133,0.4554252,-0.81603861,0.35590562,0
1.4118549,2.8083878,1.9087117,0.48821601,0.56322241,0.66665256,0
1.866662,0.42857623,2.8160138,0.4554252,-0.81603861,0.35590562,0
-0.22191066,0.72257328,1.5336112,-0.74446821,-0.12985152,0.65490878,0
-2.4051719,-2.090559,-1.6706218,-0.48821601,-0.56322241,-0.66665256,0
-2.337687,-0.85308689,-2.8852839,-0.48821601,-0.56322241,-0.66665256,0
0.073757768,0.87911361,-1.2332776,0.74446821,0.12985152,-0.65490878,0
-0.98719239,1.0141187,-0.51493949,-0.4554252,0.81603861,-0.35590562,0
-0.58618128,-0.45213637,-2.1684902,0.74446821,0.12985152,-0.65490878,0
-0.04657805,2.6376858,1.7481142,-0.4554252,0.81603861,-0.35590562,0
-1.107083,0.87578547,0.54002041,-0.74446821,-0.12985152,0.65490878,0
0.89870775,2.8752122,1.0628322,-0.4554252,0.81603861,-0.35590562,0
-0.43695736,0.38939738,1.2144063,-0.74446821,-0.12985152,0.65490878,0
-0.41514301,1.775712,1.3399254,-0.74446821,-0.12985152,0.65490878,0
-0.50758135,-2.9361215,-2.503119,-0.48821601,-0.56322241,-0.66665256,0
-0.57569814,-2.0011668,0.10470736,0.4554252,-0.81603861,0.35590562,0
-2.1663718,-1.0801277,-1.1564732,-0.74446821,-0.12985152,0.65490878,0
1.9210865,1.0014901,2.9784555,0.48821601,0.56322241,0.66665256,0
0.36560524,-1.2544818,1.0300479,0.4554252,-0.81603861,0.35590562,0
0.86623418,2.5216451,2.4564958,0.48821601,0.56322241,0.66665256,0
1.1329441,-0.41557753,-0.41463053,0.74446821,0.12985152,-0.65490878,0
0.5397414,-1.5427834,0.0988217,0.4554252,-0.81603861,0.35590562,0
1.4081855,-0.15889798,2.2305152,0.4554252,-0.81603861,0.35590562,0
0.75354433,2.2061996,0.043629408,-0.4554252,0.81603861,-0.35590562,0
-2.6402783,-1.6158078,-2.014174,-0.48821601,-0.56322241,-0.66665256,0
-2.0714359,-2.4443374,-1.5598654,-0.48821601,-0.56322241,-0.66665256,0
-2.0698073,-1.5440238,-2.3612421,-0.48821601,-0.56322241,-0.66665256,0
0.96158534,1.6812552,2.9918141,-0.74446821,-0.12985152,0.65490878,0
1.5876338,-0.39459205,1.3328408,0.4554252,-0.81603861,0.35590562,0
-1.4119102,-1.8119962,-2.6464634,-0.48821601,-0.56322241,-0.66665256,0
-2.1736474,-1.7868457,-2.2766805,-0.48821601,-0.56322241,-0.66665256,0
0.69418836,-1.5343653,-0.42586142,0.4554252,-0.81603861,0.35590562,0
0.24328244,2.8257985,2.1163478,-0.4554252,0.81603861,-0.35590562,0
2.1685231,2.3212759,1.2590001,0.74446821,0.12985152,-0.65490878,0
1.7297549,0.18291265,2.3664122,0.4554252,-0.81603861,0.35590562,0
2.2018661,1.9052896,1.4250001,0.74446821,0.12985152,-0.65490878,0
0.6647706,-1.7221675,-1.2601025,0.74446821,0.12985152,-0.65490878,0
0.77834535,0.51919651,2.4887023,-0.74446821,-0.12985152,0.65490878,0
-1.8422418,-1.1459415,-2.8902786,-0.48821601,-0.56322241,-0.66665256,0
2.1026702,2.78899,1.381143,0.74446821,0.12985152,-0.65490878,0
0.20690221,-1.0814954,-1.6581216,0.74446821,0.12985152,-0.65490878,0
1.4976861,2.0552852,2.3920512,0.48821601,0.56322241,0.66665256,0
1.2507863,2.0642774,2.6791832,0.48821601,0.56322241,0.66665256,0
1.8710977,3.0499818,1.1929587,0.74446821,0.12985152,-0.65490878,0
1.745537,2.3455148,1.9377829,0.48821601,0.56322241,0.66665256,0
2.230567,2.5739286,1.5832607,0.48821601,0.56322241,0.66665256,0
-0.021602936,0.36324531,-1.3954524,0.74446821,0.12985152,-0.65490878,0
-0.072916508,-2.7439029,-2.1610079,0.74446821,0.12985152,-0.65490878,0
2.0474334,2.2063799,1.8255931,0.48821601,0.56322241,0.66665256,0
1.6271963,2.6729734,1.8733248,0.48821601,0.56322241,0.66665256,0
-0.76352406,-1.2386878,-2.6961854,0.74446821,0.12985152,-0.65490878,0
0.61942792,2.7284093,1.2564126,-0.4554252,0.81603861,-0.35590562,0
-1.0612483,-2.8931093,-1.2298225,0.4554252,-0.81603861,0.35590562,0
-0.45835757,-2.7425716,-2.5930264,0.74446821,0.12985152,-0.65490878,0
0.0045554638,-2.245965,-0.88846731,0.4554252,-0.81603861,0.35590562,0
1.4096513,1.4801497,3.0488422,0.48821601,0.56322241,0.66665256,0
-0.79034305,0.32241851,-2.2058372,-0.4554252,0.81603861,-0.35590562,0
0.16882706,-1.9165572,-0.5919807,0.4554252,-0.81603861,0.35590562,0
0.51110005,-1.7075255,-0.20728856,0.4554252,-0.81603861,0.35590562,0
0.37092495,0.94068682,-1.0124247,0.74446821,0.12985152,-0.65490878,0
0.86179769,-0.57769877,1.9324906,0.4554252,-0.81603861,0.35590562,0
0.8929528,-1.2643597,0.32932088,0.4554252,-0.81603861,0.35590562,0
-0.35883859,-0.29095227,0.96326274,-0.74446821,-0.12985152,0.65490878,0
1.0768847,1.5853763,3.0649142,0.48821601,0.56322241,0.66665256,0
1.1089267,2.9494772,1.8950107,0.48821601,0.56322241,0.66665256,0
1.9640253,1.3142444,2.5635726,0.48821601,0.56322241,0.66665256,0
-0.75912976,1.678128,0.89155221,-0.74446821,-0.12985152,0.65490878,0
2.3275077,0.54594141,2.4947066,0.4554252,-0.81603861,0.35590562,0
-0.35286972,0.26180875,-1.7387189,0.74446821,0.12985152,-0.65490878,0
2.5462203,1.2330353,2.4546239,0.48821601,0.56322241,0.66665256,0
1.1305223,0.81395483,-0.066452265,0.74446821,0.12985152,-0.65490878,0
0.42337799,-2.0995975,-1.2943045,0.4554252,-0.81603861,0.35590562,0
-0.83767986,-3.1096714,-2.0775125,-0.48821601,-0.56322241,-0.66665256,0
-2.0804081,-1.6381159,-2.3525383,-0.48821601,-0.56322241,-0.66665256,0
-1.5334266,0.30498475,-1.3097858,-0.4554252,0.81603861,-0.35590562,0
0.060989618,2.5569189,1.5418203,-0.4554252,0.81603861,-0.35590562,0
-2.3441477,-1.4509404,-2.3607373,-0.48821601,-0.56322241,-0.66665256,0
2.0558581,0.81213951,3.1449165,0.48821601,0.56322241,0.66665256,0
-1.9710399,-1.7339512,-0.9314602,-0.74446821,-0.12985152,0.65490878,0
-1.6624879,-1.2040255,-2.8932731,-0.48821601,-0.56322241,-0.66665256,0
1.7539809,0.69626909,3.4530473,0.48821601,0.56322241,0.66665256,0
0.35539794,2.9064336,2.3670576,-0.74446821,-0.12985152,0.65490878,0
-1.2121491,-3.0453784,-1.7035928,-0.48821601,-0.56322241,-0.66665256,0
-1.126894,0.6619463,-1.2252523,-0.4554252,0.81603861,-0.35590562,0
0.29483461,2.085779,0.30277491,-0.4554252,0.81603861,-0.35590562,0
-1.4711442,-1.2623599,-3.1551058,-0.48821601,-0.56322241,-0.66665256,0
-2.1519089,-1.5206187,-2.4275126,-0.48821601,-0.56322241,-0.66665256,0
0.20475864,-1.8743359,-0.47682059,0.4554252,-0.81603861,0.35590562,0
0.48181987,-0.81494838,-1.0577185,0.74446821,0.12985152,-0.65490878,0
-1.6464647,-1.0181024,-3.1711595,-0.48821601,-0.56322241,-0.66665256,0
1.4818271,-0.14169277,1.9116876,0.4554252,-0.81603861,0.35590562,0
-1.3461566,-2.0594592,-2.6741128,-0.48821601,-0.56322241,-0.66665256,0
-1.0266974,-2.7969005,-2.0164409,-0.48821601,-0.56322241,-0.66665256,0
0.42524475,-0.92048126,1.3045574,0.4554252,-0.81603861,0.35590562,0
-1.0726593,-1.5765203,-3.0450253,-0.48821601,-0.56322241,-0.66665256,0
-1.6461866,-1.0228995,-0.64296472,-0.74446821,-0.12985152,0.65490878,0
2.259665,0.57856536,2.6341574,0.4554252,-0.81603861,0.35590562,0
1.0598125,-0.14124668,2.3145804,0.4554252,-0.81603861,0.35590562,0
-2.2870693,-2.1965964,-1.6825007,-0.48821601,-0.56322241,-0.66665256,0
-1.6959701,-0.44784081,-3.1719453,-0.4554252,0.81603861,-0.35590562,0
-1.6260772,-2.0096695,-2.4133968,-0.48821601,-0.56322241,-0.66665256,0
2.1049159,0.91722113,1.1494113,0.74446821,0.12985152,-0.65490878,0
-0.42575765,-0.32902545,0.90179145,-0.74446821,-0.12985152,0.65490878,0
-0.72558761,-2.4411588,-2.6427779,-0.48821601,-0.56322241,-0.66665256,0
0.53884828,-1.7494556,-0.21224636,0.4554252,-0.81603861,0.35590562,0
1.243284,-0.063367546,2.5088682,0.4554252,-0.81603861,0.35590562,0
-2.1008515,-1.3476764,-2.5459616,-0.48821601,-0.56322241,-0.66665256,0
-1.9688475,-2.043092,-1.9384944,-0.48821601,-0.56322241,-0.66665256,0
0.86580586,-0.37734738,1.9884408,0.4554252,-0.81603861,0.35590562,0
0.11193156,2.1915007,0.93522382,-0.4554252,0.81603861,-0.35590562,0
2.0471225,0.51119649,2.5325186,0.4554252,-0.81603861,0.35590562,0
0.25815165,-0.33553499,1.733551,-0.74446821,-0.12985152,0.65490878,0
-2.0411873,-2.5000958,-1.5022277,-0.48821601,-0.56322241,-0.66665256,0
1.1900523,1.8275353,2.8583138,0.48821601,0.56322241,0.66665256,0
-1.5515807,-1.0331664,-3.2870228,-0.48821601,-0.56322241,-0.66665256,0
-1.4546834,-1.588585,-2.7712808,-0.48821601,-0.56322241,-0.66665256,0
-1.9008734,-1.4497911,-2.7356849,-0.48821601,-0.56322241,-0.66665256,0
-1.4294113,-1.4487616,-3.0425694,-0.48821601,-0.56322241,-0.66665256,0
0.07834661,1.2250587,1.9502637,-0.74446821,-0.12985152,0.65490878,0
-1.3486346,1.0840962,0.090282798,-0.4554252,0.81603861,-0.35590562,0
-1.5829916,-0.58798736,-3.3810039,-0.4554252,0.81603861,-0.35590562,0
-0.46037161,2.173099,1.4578788,-0.74446821,-0.12985152,0.65490878,0
-0.42290401,1.8186826,0.29750395,-0.4554252,0.81603861,-0.35590562,0
-0.9002685,0.16415602,0.53062534,-0.74446821,-0.12985152,0.65490878,0
1.1206275,1.7680144,-0.019019604,0.74446821,0.12985152,-0.65490878,0
0.79750192,-1.4802687,-0.96643978,0.74446821,0.12985152,-0.65490878,0
-0.65035748,1.3967171,1.1270063,-0.74446821,-0.12985152,0.65490878,0
1.877342,1.7873791,2.4802785,0.48821601,0.56322241,0.66665256,0
-2.5072501,-1.1259362,-2.3723323,-0.48821601,-0.56322241,-0.66665256,0
-1.6580198,-0.60654104,-3.2314048,-0.4554252,0.81603861,-0.35590562,0
-0.964073,-2.4755261,-2.4633005,-0.48821601,-0.56322241,-0.66665256,0
1.6050948,0.30126387,0.30443287,0.74446821,0.12985152,-0.65490878,0
-0.97877657,-3.1973917,-1.9170102,-0.48821601,-0.56322241,-0.66665256,0
-0.49850386,-1.9169474,0.57148659,-0.74446821,-0.12985152,0.65490878,0
1.757991,0.23599756,0.45622784,0.74446821,0.12985152,-0.65490878,0
1.2103163,-1.2804958,-0.42236662,0.4554252,-0.81603861,0.35590562,0
0.080660224,1.5077518,-0.9473511,-0.4554252,0.81603861,-0.35590562,0
-1.1494747,-2.4369712,-0.2603333,-0.74446821,-0.12985152,0.65490878,0
0.23982108,-2.1695898,-1.7304543,0.74446821,0.12985152,-0.65490878,0
0.16574138,0.67035329,-1.2702758,0.74446821,0.12985152,-0.65490878,0
-0.88216865,-0.42797285,-2.5772336,0.74446821,0.12985152,-0.65490878,0
-2.0547647,-0.84804112,-3.0165079,-0.48821601,-0.56322241,-0.66665256,0
-0.45712543,-0.72230238,0.85975444,-0.74446821,-0.12985152,0.65490878,0
0.69799596,1.4403205,2.4799457,-0.74446821,-0.12985152,0.65490878,0
-0.61825895,1.9581394,1.11788,-0.74446821,-0.12985152,0.65490878,0
-1.8448638,-1.4323481,-2.5506945,-0.48821601,-0.56322241,-0.66665256,0
0.2954371,3.0807364,2.4157066,0.48821601,0.56322241,0.66665256,0
1.8013134,0.92031759,3.2056646,0.48821601,0.56322241,0.66665256,0
-1.897936,-2.5178802,-1.846709,-0.48821601,-0.56322241,-0.66665256,0
-1.7148507,-0.054724701,-2.3193667,-0.4554252,0.81603861,-0.35590562,0
-1.8619149,-0.51181859,-0.80095273,-0.74446821,-0.12985152,0.65490878,0
0.33170921,0.92600238,-0.88763118,0.74446821,0.12985152,-0.65490878,0
0.81242025,0.26991314,2.3933475,-0.74446821,-0.12985152,0.65490878,0
0.19619524,-2.4370832,-1.5160171,0.4554252,-0.81603861,0.35590562,0
1.4274042,2.4510908,2.0926383,0.48821601,0.56322241,0.66665256,0
-0.88432407,1.5028679,0.88289952,-0.74446821,-0.12985152,0.65490878,0
2.0153151,2.2343926,2.0240781,0.48821601,0.56322241,0.66665256,0
-1.5721605,-1.4918109,-2.7981925,-0.48821601,-0.56322241,-0.66665256,0
