-1.7517695,-2.9671042,-2.1392,-0.25442928,-0.87604141,-0.40965497,0
1.2836602,1.0804391,-0.26905692,0.24903101,0.34996164,-0.90305626,0
-2.4238682,-2.5873694,-1.0774081,-0.93447828,0.33178073,-0.12912101,0
1.9870989,1.742878,1.8281361,0.93447828,-0.33178073,0.12912101,0
-0.15624905,3.9765947,1.584928,0.25442928,0.87604141,0.40965497,0
-0.53699589,3.7308834,1.8851013,0.25442928,0.87604141,0.40965497,0
-0.0072120428,-3.7412922,-1.9739442,-0.25442928,-0.87604141,-0.40965497,0
1.5574981,1.1919059,2.0565681,-0.24903101,-0.34996164,0.90305626,0
-1.5854689,-3.3287525,-1.5970187,-0.25442928,-0.87604141,-0.40965497,0
0.1575737,3.8156519,1.6291726,0.25442928,0.87604141,0.40965497,0
2.0868168,1.4170094,0.52228105,0.93447828,-0.33178073,0.12912101,0
1.285835,3.7306061,1.0622818,0.25442928,0.87604141,0.40965497,0
0.18947375,0.92410296,1.4895654,-0.24903101,-0.34996164,0.90305626,0
0.96749282,3.7689974,1.0182595,0.25442928,0.87604141,0.40965497,0
-1.0684521,-2.8101687,-0.38360381,-0.24903101,-0.34996164,0.90305626,0
1.2829823,3.8201673,1.0406528,0.25442928,0.87604141,0.40965497,0
-1.270515,0.47804677,-1.18506,-0.93447828,0.33178073,-0.12912101,0
1.3183995,0.92652678,-0.36898947,0.24903101,0.34996164,-0.90305626,0
0.33048105,3.6231968,1.6342745,0.25442928,0.87604141,0.40965497,0
-0.17021787,3.8027067,1.8187772,0.25442928,0.87604141,0.40965497,0
0.64931953,-2.8149531,-1.0079477,0.93447828,-0.33178073,0.12912101,0
2.0832255,3.01757,0.67125082,0.24903101,0.34996164,-0.90305626,0
-0.16630805,1.947646,-0.36845005,0.24903101,0.34996164,-0.90305626,0
2.1634884,2.71854,2.5346239,0.93447828,-0.33178073,0.12912101,0
0.94852579,-1.0982594,-1.3727927,0.24903101,0.34996164,-0.90305626,0
-0.047524095,3.7876611,1.6261442,0.25442928,0.87604141,0.40965497,0
-0.88357055,0.023580313,0.79917753,-0.24903101,-0.34996164,0.90305626,0
2.2798569,2.7240317,2.2660208,0.93447828,-0.33178073,0.12912101,0
2.0580378,3.1498048,1.9433625,0.25442928,0.87604141,0.40965497,0
0.30127215,-4.0218387,-0.89166594,0.93447828,-0.33178073,0.12912101,0
-0.45826721,3.601171,1.4764142,-0.93447828,0.33178073,-0.12912101,0
-0.061178327,-3.823293,-1.4530327,-0.25442928,-0.87604141,-0.40965497,0
1.4864436,-0.82064724,-0.80102795,0.93447828,-0.33178073,0.12912101,0
1.9702103,3.1501815,1.7174308,0.25442928,0.87604141,0.40965497,0
-2.3757377,-2.6753244,-0.58909035,-0.24903101,-0.34996164,0.90305626,0
2.4408178,3.441474,0.84585142,0.24903101,0.34996164,-0.90305626,0
-2.4004526,-2.5396795,-0.95072818,-0.93447828,0.33178073,-0.12912101,0
1.6118846,0.44157386,-0.54378855,0.24903101,0.34996164,-0.90305626,0
0.86000049,-1.8558809,-1.5989534,0.24903101,0.34996164,-0.90305626,0
0.57450342,4.0898728,0.68665218,0.25442928,0.87604141,0.40965497,0
1.8021537,0.67583936,0.52239573,0.93447828,-0.33178073,0.12912101,0
-1.1271274,1.6189244,0.90307522,-0.93447828,0.33178073,-0.12912101,0
-1.3323042,0.89700764,0.42824706,-0.93447828,0.33178073,-0.12912101,0
-1.3014572,-3.7602434,-0.97045112,-0.25442928,-0.87604141,-0.40965497,0
0.078978062,4.0850673,0.78735948,0.25442928,0.87604141,0.40965497,0
1.9735698,3.1143279,1.7182653,0.25442928,0.87604141,0.40965497,0
0.24002981,3.8067575,0.36419773,0.24903101,0.34996164,-0.90305626,0
2.4786887,3.3829207,0.98631001,0.25442928,0.87604141,0.40965497,0
0.096047163,-4.4117923,-0.52861381,0.93447828,-0.33178073,0.12912101,0
-0.56841958,3.1895595,1.3737098,-0.93447828,0.33178073,-0.12912101,0
-0.41455245,3.5061321,0.16370463,-0.93447828,0.33178073,-0.12912101,0
-0.16616964,-3.6320126,-1.9308386,-0.25442928,-0.87604141,-0.40965497,0
1.9893907,3.2327437,1.829968,0.25442928,0.87604141,0.40965497,0
-0.59021401,3.5074019,1.4364015,-0.93447828,0.33178073,-0.12912101,0
0.83903426,-1.096922,-1.36066,0.24903101,0.34996164,-0.90305626,0
2.3969667,2.5372715,1.3170657,0.93447828,-0.33178073,0.12912101,0
-2.0307059,-3.046756,-2.1024065,-0.25442928,-0.87604141,-0.40965497,0
-0.58353466,0.19110215,-1.1080003,0.24903101,0.34996164,-0.90305626,0
-2.2905107,-2.5000253,-1.5966496,-0.93447828,0.33178073,-0.12912101,0
-0.86177707,0.46671355,-1.1772923,0.24903101,0.34996164,-0.90305626,0
-1.4502231,-3.0929258,-2.428781,-0.25442928,-0.87604141,-0.40965497,0
2.3817549,3.0743034,1.7166615,0.93447828,-0.33178073,0.12912101,0
-0.63807344,-1.2864752,0.37700891,-0.24903101,-0.34996164,0.90305626,0
-0.1862992,2.8157961,-0.070762873,0.24903101,0.34996164,-0.90305626,0
0.096337795,2.9413486,0.03347826,0.24903101,0.34996164,-0.90305626,0
-0.31935215,3.5655756,2.3602908,-0.24903101,-0.34996164,0.90305626,0
0.83178163,-1.902964,0.32778764,0.93447828,-0.33178073,0.12912101,0
-1.4744048,-1.7301794,-2.2016852,0.24903101,0.34996164,-0.90305626,0
-0.018499568,-1.0411075,-1.5095036,0.24903101,0.34996164,-0.90305626,0
-1.4928348,0.6805957,0.81210589,-0.93447828,0.33178073,-0.12912101,0
-0.72729588,2.8762438,0.50299966,-0.93447828,0.33178073,-0.12912101,0
0.48225838,3.3097105,2.4928508,0.25442928,0.87604141,0.40965497,0
-1.8040707,-3.1863689,-1.592689,-0.25442928,-0.87604141,-0.40965497,0
-0.90652502,-3.367873,-1.7785931,-0.25442928,-0.87604141,-0.40965497,0
-0.49117827,3.4035847,0.11909485,-0.93447828,0.33178073,-0.12912101,0
1.1876848,3.0496063,0.35504532,0.24903101,0.34996164,-0.90305626,0
-1.3457577,0.33405793,-1.4424579,-0.93447828,0.33178073,-0.12912101,0
-0.18473697,0.82559735,-0.83113593,0.24903101,0.34996164,-0.90305626,0
-1.4274511,0.61498964,0.35247737,-0.93447828,0.33178073,-0.12912101,0
0.68305659,3.3395903,2.1477389,0.25442928,0.87604141,0.40965497,0
1.4625769,2.943115,2.3802319,0.25442928,0.87604141,0.40965497,0
-2.3301687,-2.2252803,-1.1704123,-0.93447828,0.33178073,-0.12912101,0
2.003993,1.9108428,2.3315182,0.93447828,-0.33178073,0.12912101,0
2.4660995,3.2641435,1.2285469,0.25442928,0.87604141,0.40965497,0
0.26983094,-4.0443678,-0.70160103,0.93447828,-0.33178073,0.12912101,0
-0.77208185,2.3932104,-0.21839488,-0.93447828,0.33178073,-0.12912101,0
-1.8771263,-0.97150248,-1.2658668,-0.93447828,0.33178073,-0.12912101,0
2.3134637,2.9723883,2.0159123,0.25442928,0.87604141,0.40965497,0
-0.15310192,1.2275423,-0.65556675,0.24903101,0.34996164,-0.90305626,0
-0.27999449,3.8832998,0.94896698,-0.93447828,0.33178073,-0.12912101,0
-0.66588295,-1.6368706,-1.9606752,0.24903101,0.34996164,-0.90305626,0
0.015367031,-3.6810873,-1.8264079,-0.25442928,-0.87604141,-0.40965497,0
1.4039854,3.1126008,2.0205212,0.25442928,0.87604141,0.40965497,0
-0.7392571,1.8016746,1.6021506,-0.24903101,-0.34996164,0.90305626,0
0.079010069,1.1468629,-0.5864501,0.24903101,0.34996164,-0.90305626,0
-0.32662487,3.7907825,1.1081076,-0.93447828,0.33178073,-0.12912101,0
-1.4829434,0.35406858,0.10265046,-0.93447828,0.33178073,-0.12912101,0
-0.61068559,3.6628039,1.7332928,-0.93447828,0.33178073,-0.12912101,0
-0.50890797,-2.5843673,-0.12624502,-0.24903101,-0.34996164,0.90305626,0
-1.7788112,-1.4476486,0.090926051,-0.24903101,-0.34996164,0.90305626,0
1.0744475,-1.262446,0.0023193359,0.93447828,-0.33178073,0.12912101,0
1.7286143,1.0028425,1.3990874,0.93447828,-0.33178073,0.12912101,0
1.6600616,3.483459,1.3214009,0.25442928,0.87604141,0.40965497,0
2.0926132,2.6292386,2.6135745,0.25442928,0.87604141,0.40965497,0
0.76505119,3.4353929,0.36330533,0.24903101,0.34996164,-0.90305626,0
0.32673323,-3.6525393,-2.0014265,-0.25442928,-0.87604141,-0.40965497,0
0.92292368,-0.069908321,1.4128262,-0.24903101,-0.34996164,0.90305626,0
-1.9252968,-1.9589263,-1.971814,-0.93447828,0.33178073,-0.12912101,0
0.082456708,-3.570148,-1.9860064,-0.25442928,-0.87604141,-0.40965497,0
0.13914838,0.45220494,-0.91902709,0.24903101,0.34996164,-0.90305626,0
1.5058256,2.0586481,0.12014842,0.24903101,0.34996164,-0.90305626,0
-0.16590333,3.8354826,0.24124861,0.24903101,0.34996164,-0.90305626,0
2.1775794,2.5329101,2.2845745,0.93447828,-0.33178073,0.12912101,0
0.85634965,1.1409647,-0.33081257,0.24903101,0.34996164,-0.90305626,0
1.1552763,3.7867441,0.98453307,0.25442928,0.87604141,0.40965497,0
2.2405207,2.2485535,0.5037601,0.93447828,-0.33178073,0.12912101,0
1.1784105,-1.3266294,-0.48750958,0.93447828,-0.33178073,0.12912101,0
-0.40799606,-2.4311666,0.14454293,-0.24903101,-0.34996164,0.90305626,0
-1.015152,-0.53816509,0.68825823,-0.24903101,-0.34996164,0.90305626,0
-0.64399564,3.2233455,1.6763378,-0.93447828,0.33178073,-0.12912101,0
-1.1428121,-3.9231973,-0.77082443,-0.25442928,-0.87604141,-0.40965497,0
-0.97475624,1.5253704,-0.59913009,-0.93447828,0.33178073,-0.12912101,0
2.1466708,2.8183177,2.5605674,0.25442928,0.87604141,0.40965497,0
-1.1998789,1.0305662,-0.52714521,-0.93447828,0.33178073,-0.12912101,0
0.42756355,4.0422325,0.82469368,0.25442928,0.87604141,0.40965497,0
1.9108771,1.8947076,2.0920429,0.93447828,-0.33178073,0.12912101,0
-1.4474448,-3.2641313,-2.1286006,-0.25442928,-0.87604141,-0.40965497,0
2.5367508,3.3695531,0.96184468,0.25442928,0.87604141,0.40965497,0
1.1137502,3.3232532,1.8842254,0.25442928,0.87604141,0.40965497,0
0.48780763,-3.0160713,-2.2320211,0.24903101,0.34996164,-0.90305626,0
-0.67086887,3.4580894,2.2535281,-0.93447828,0.33178073,-0.12912101,0
0.62417483,-3.0232029,0.10121417,0.93447828,-0.33178073,0.12912101,0
1.5302498,-0.88222933,-1.0438864,0.93447828,-0.33178073,0.12912101,0
-0.40472353,-3.8266113,-0.41774893,-0.24903101,-0.34996164,0.90305626,0
0.38207912,3.8649294,1.201344,0.25442928,0.87604141,0.40965497,0
-0.30717444,-1.6632588,0.44388723,-0.24903101,-0.34996164,0.90305626,0
-2.0824807,-1.9404215,-1.389927,-0.93447828,0.33178073,-0.12912101,0
-1.1112304,-3.8897483,-0.94742298,-0.25442928,-0.87604141,-0.40965497,0
1.1173327,-1.1649263,-1.3067224,0.24903101,0.34996164,-0.90305626,0
0.12712407,3.5197227,2.284832,0.25442928,0.87604141,0.40965497,0
-2.0003276,-1.6415308,-2.0715885,-0.93447828,0.33178073,-0.12912101,0
-1.6604087,-0.4559232,0.44435978,-0.24903101,-0.34996164,0.90305626,0
-1.3563921,-0.1017977,-1.3213913,-0.93447828,0.33178073,-0.12912101,0
2.5392981,3.0670805,0.85409784,0.24903101,0.34996164,-0.90305626,0
0.42567003,4.0314755,0.46934462,0.24903101,0.34996164,-0.90305626,0
-1.4338896,-3.3658493,-1.8313863,-0.25442928,-0.87604141,-0.40965497,0
-1.6874571,-2.5401087,-0.45040774,-0.24903101,-0.34996164,0.90305626,0
1.6249702,0.97816741,-0.35354865,0.24903101,0.34996164,-0.90305626,0
2.2277236,2.4766212,1.1890113,0.93447828,-0.33178073,0.12912101,0
1.2837248,3.3648777,1.7954235,0.25442928,0.87604141,0.40965497,0
0.83564126,-2.3447409,-1.0926682,0.93447828,-0.33178073,0.12912101,0
0.011035919,-3.9506803,-1.2841718,-0.25442928,-0.87604141,-0.40965497,0
0.59990883,3.5153613,2.0667524,0.25442928,0.87604141,0.40965497,0
0.85913253,3.9143243,1.0896373,0.25442928,0.87604141,0.40965497,0
-1.0938267,-0.95648849,0.51218283,-0.24903101,-0.34996164,0.90305626,0
-0.54883415,-3.8027754,-1.342206,-0.25442928,-0.87604141,-0.40965497,0
1.5258962,-0.19392586,-0.0040051341,0.93447828,-0.33178073,0.12912101,0
-0.17967051,-2.700438,-2.156575,0.24903101,0.34996164,-0.90305626,0
-1.889469,-0.41473663,0.30523467,-0.93447828,0.33178073,-0.12912101,0
1.4698654,0.52174366,1.7029589,-0.24903101,-0.34996164,0.90305626,0
0.7868287,2.0553019,2.1349919,-0.24903101,-0.34996164,0.90305626,0
-1.4928037,0.012203723,-0.3881425,-0.93447828,0.33178073,-0.12912101,0
0.13626361,-1.7353835,0.38072264,-0.24903101,-0.34996164,0.90305626,0
-2.2472384,-3.3038211,-0.73074484,-0.24903101,-0.34996164,0.90305626,0
0.70885897,-2.5615287,-0.25894737,0.93447828,-0.33178073,0.12912101,0
-1.1956432,-3.0828178,-2.3623426,-0.25442928,-0.87604141,-0.40965497,0
0.55195212,3.8643105,1.0528493,0.25442928,0.87604141,0.40965497,0
-1.5228529,0.54362333,0.1290185,-0.93447828,0.33178073,-0.12912101,0
-1.7221417,-0.39631259,0.56021136,-0.93447828,0.33178073,-0.12912101,0
2.0961123,2.2028065,2.2050581,0.93447828,-0.33178073,0.12912101,0
-0.33243862,0.24759144,1.1374567,-0.24903101,-0.34996164,0.90305626,0
-1.3125635,-1.8165731,-0.00030064583,-0.24903101,-0.34996164,0.90305626,0
-0.91891205,2.8156805,1.7991359,-0.93447828,0.33178073,-0.12912101,0
-1.1312094,-0.66653943,-1.5996192,0.24903101,0.34996164,-0.90305626,0
2.3505464,3.3887181,1.0895858,0.25442928,0.87604141,0.40965497,0
0.8875072,3.8707528,1.0747988,0.25442928,0.87604141,0.40965497,0
0.76002288,3.6283414,1.6981311,0.25442928,0.87604141,0.40965497,0
-1.0956635,1.8827231,1.3499848,-0.93447828,0.33178073,-0.12912101,0
1.4481759,-1.0436085,-0.78435391,0.93447828,-0.33178073,0.12912101,0
1.2782122,-1.4310832,-1.204523,0.24903101,0.34996164,-0.90305626,0
-1.6610302,-0.34180701,0.14286244,-0.93447828,0.33178073,-0.12912101,0
-0.64423591,-3.9387035,-0.97630811,-0.25442928,-0.87604141,-0.40965497,0
0.44147575,-2.0366068,0.4303534,-0.24903101,-0.34996164,0.90305626,0
0.72785914,-2.8799949,-1.7648196,0.93447828,-0.33178073,0.12912101,0
-0.62734675,-3.3844252,-2.3561645,-0.25442928,-0.87604141,-0.40965497,0
-1.9207239,-3.6219447,-0.97050953,-0.25442928,-0.87604141,-0.40965497,0
-0.36397862,0.65384936,-1.0376579,0.24903101,0.34996164,-0.90305626,0
-0.019826293,-1.8835939,-1.8726772,0.24903101,0.34996164,-0.90305626,0
-0.36609578,3.7863574,2.1193557,0.25442928,0.87604141,0.40965497,0
0.54181767,-1.6241893,0.65503204,-0.24903101,-0.34996164,0.90305626,0
-0.54147458,3.7356899,2.2169785,0.25442928,0.87604141,0.40965497,0
-1.5703459,-3.2338896,-1.8491983,-0.25442928,-0.87604141,-0.40965497,0
-0.10005641,2.8577676,2.1394529,-0.24903101,-0.34996164,0.90305626,0
-1.3171151,-1.3595395,-1.983362,0.24903101,0.34996164,-0.90305626,0
1.6202646,3.6385951,1.1386108,0.25442928,0.87604141,0.40965497,0
2.1515865,1.8517566,0.51802111,0.93447828,-0.33178073,0.12912101,0
0.61071277,-2.5674953,0.095894098,0.93447828,-0.33178073,0.12912101,0
1.5913317,-0.36455262,-0.5259403,0.93447828,-0.33178073,0.12912101,0
1.1653602,3.2688515,1.8962812,0.25442928,0.87604141,0.40965497,0
1.3247206,-0.60310936,1.0700144,0.93447828,-0.33178073,0.12912101,0
-0.72594774,-3.8028803,-1.0683331,-0.25442928,-0.87604141,-0.40965497,0
0.2780875,0.58617014,1.354601,-0.24903101,-0.34996164,0.90305626,0
-2.1783655,-1.8469905,-0.95939422,-0.93447828,0.33178073,-0.12912101,0
1.0595061,3.4420536,1.5891135,0.25442928,0.87604141,0.40965497,0
-2.1278872,-2.0632219,-2.0244946,-0.93447828,0.33178073,-0.12912101,0
2.5455697,3.0947855,1.3498104,0.93447828,-0.33178073,0.12912101,0
0.029758811,-1.1035414,0.76130438,-0.24903101,-0.34996164,0.90305626,0
2.3373239,3.1428933,1.4440391,0.25442928,0.87604141,0.40965497,0
1.1326494,1.5383968,-0.21369398,0.24903101,0.34996164,-0.90305626,0
-1.0008496,-1.1487329,-1.8150443,0.24903101,0.34996164,-0.90305626,0
1.6581743,2.073977,2.3631549,-0.24903101,-0.34996164,0.90305626,0
-0.56509393,-1.3353443,-1.8188049,0.24903101,0.34996164,-0.90305626,0
2.036201,3.5493329,1.1504834,0.25442928,0.87604141,0.40965497,0
-0.59285128,-3.4000001,-2.0066109,-0.25442928,-0.87604141,-0.40965497,0
-1.9628876,-3.2629862,-1.7928915,-0.25442928,-0.87604141,-0.40965497,0
0.72847927,-2.8826685,-1.1415169,0.93447828,-0.33178073,0.12912101,0
0.77468228,-2.5480714,-0.90575075,0.93447828,-0.33178073,0.12912101,0
2.1477444,2.9667838,2.2981119,0.25442928,0.87604141,0.40965497,0
0.72236848,-2.2275295,0.51434374,-0.24903101,-0.34996164,0.90305626,0
-1.2501138,-3.077455,-2.173275,-0.25442928,-0.87604141,-0.40965497,0
0.20704296,-0.98964202,-1.3404471,0.24903101,0.34996164,-0.90305626,0
0.39527586,0.85355759,1.4684237,-0.24903101,-0.34996164,0.90305626,0
-2.2360377,-2.8717687,-2.453167,-0.25442928,-0.87604141,-0.40965497,0
-2.2590795,-2.850059,-0.67561078,-0.24903101,-0.34996164,0.90305626,0
0.37098968,-0.38661993,1.1284798,-0.24903101,-0.34996164,0.90305626,0
1.2933326,3.3516157,1.8104436,0.25442928,0.87604141,0.40965497,0
2.2572994,2.5816047,1.4838133,0.93447828,-0.33178073,0.12912101,0
-1.9217131,-2.4515047,-2.5366671,0.24903101,0.34996164,-0.90305626,0
-0.35680556,3.7449391,1.1642847,-0.93447828,0.33178073,-0.12912101,0
-1.7696322,-3.2599664,-1.7837024,-0.25442928,-0.87604141,-0.40965497,0
1.6452676,0.59942919,1.3899391,0.93447828,-0.33178073,0.12912101,0
-1.2190988,-1.9357225,-2.1910291,0.24903101,0.34996164,-0.90305626,0
-0.77411568,-3.683543,-0.55705929,-0.24903101,-0.34996164,0.90305626,0
-0.65061331,-2.6053576,-0.064363956,-0.24903101,-0.34996164,0.90305626,0
-1.7168169,-0.3632713,-0.472619,-0.93447828,0.33178073,-0.12912101,0
-0.28326344,3.9277918,1.3563418,0.25442928,0.87604141,0.40965497,0
1.0144817,1.9606774,2.0778518,-0.24903101,-0.34996164,0.90305626,0
-0.23310089,-4.0483756,-1.1319079,-0.25442928,-0.87604141,-0.40965497,0
1.2088368,0.76576912,-0.53867924,0.24903101,0.34996164,-0.90305626,0
0.99118328,2.3619843,0.0071034431,0.24903101,0.34996164,-0.90305626,0
1.5609715,2.8889766,2.4902737,0.25442928,0.87604141,0.40965497,0
-1.2839044,0.96743447,-0.29803458,-0.93447828,0.33178073,-0.12912101,0
0.11595047,3.4040279,2.2038941,0.25442928,0.87604141,0.40965497,0
-1.9392614,-1.3709695,0.06753099,-0.24903101,-0.34996164,0.90305626,0
-0.52998865,3.1836691,2.2135506,-0.24903101,-0.34996164,0.90305626,0
-1.8182442,-1.2191849,0.18746674,-0.24903101,-0.34996164,0.90305626,0
-1.5499126,-3.4146194,-1.4105463,-0.25442928,-0.87604141,-0.40965497,0
-1.7311057,-0.22715455,-0.23072952,-0.93447828,0.33178073,-0.12912101,0
-1.5027459,-3.582716,-1.2179542,-0.25442928,-0.87604141,-0.40965497,0
-1.6540369,-0.52726316,-1.299192,-0.93447828,0.33178073,-0.12912101,0
1.2201134,3.1314945,2.3428307,0.25442928,0.87604141,0.40965497,0
-1.8437078,-1.2829208,-0.86430156,-0.93447828,0.33178073,-0.12912101,0
-1.1012975,-0.93924451,0.46285391,-0.24903101,-0.34996164,0.90305626,0
1.5163099,0.14055291,0.61297619,0.93447828,-0.33178073,0.12912101,0
-2.2030597,-2.3178041,-1.5765642,-0.93447828,0.33178073,-0.12912101,0
2.5712371,3.0949254,1.3712404,0.25442928,0.87604141,0.40965497,0
-0.97865605,1.6393626,0.44394708,-0.93447828,0.33178073,-0.12912101,0
1.8263588,3.5517874,1.1788321,0.25442928,0.87604141,0.40965497,0
1.0842502,-1.634149,-0.64237535,0.93447828,-0.33178073,0.12912101,0
1.6664138,0.33112472,0.20837802,0.93447828,-0.33178073,0.12912101,0
1.8361241,2.105978,0.17501354,0.24903101,0.34996164,-0.90305626,0
-1.3090535,0.43675199,-1.2291487,-0.93447828,0.33178073,-0.12912101,0
-1.8773019,-0.93851519,-0.08890748,-0.93447828,0.33178073,-0.12912101,0
-2.305428,-2.389962,-0.42874193,-0.24903101,-0.34996164,0.90305626,0
1.4587631,0.63152218,-0.39640784,0.24903101,0.34996164,-0.90305626,0
0.75152928,0.25223911,-0.8805179,0.24903101,0.34996164,-0.90305626,0
2.0165112,2.8762186,2.5907617,0.25442928,0.87604141,0.40965497,0
1.8717556,1.3345933,1.6632154,0.93447828,-0.33178073,0.12912101,0
1.8895364,2.9847229,2.1138155,0.25442928,0.87604141,0.40965497,0
0.98432076,-1.0576782,0.89046746,-0.24903101,-0.34996164,0.90305626,0
0.38380361,-4.0413508,-1.2509212,-0.25442928,-0.87604141,-0.40965497,0
1.4869052,3.0777416,2.2965865,0.25442928,0.87604141,0.40965497,0
1.2494422,-1.1140341,-0.31863827,0.93447828,-0.33178073,0.12912101,0
-1.3536073,1.349335,0.99325216,-0.93447828,0.33178073,-0.12912101,0
0.22833085,3.9164248,1.2138314,0.25442928,0.87604141,0.40965497,0
-0.0078142285,-0.038648129,-1.102541,0.24903101,0.34996164,-0.90305626,0
1.2809856,-1.2624812,-0.25678289,0.93447828,-0.33178073,0.12912101,0
0.01995635,4.3110847,0.68832254,0.25442928,0.87604141,0.40965497,0
-0.3359707,1.5235356,1.6367403,-0.24903101,-0.34996164,0.90305626,0
-1.1534054,1.905418,1.2585027,-0.93447828,0.33178073,-0.12912101,0
-0.27290475,-1.1997325,-1.7475022,0.24903101,0.34996164,-0.90305626,0
1.238309,-1.5384089,-0.71879995,0.93447828,-0.33178073,0.12912101,0
-1.1737576,1.0480589,-0.99766189,-0.93447828,0.33178073,-0.12912101,0
-1.6496662,-3.5542822,-1.1918263,-0.25442928,-0.87604141,-0.40965497,0
1.6587398,3.5837841,1.2319002,0.25442928,0.87604141,0.40965497,0
1.275436,-1.4492366,-0.65476954,0.93447828,-0.33178073,0.12912101,0
-1.0390093,1.7176101,0.69985956,-0.93447828,0.33178073,-0.12912101,0
0.65714169,-3.1102004,-0.91146576,0.93447828,-0.33178073,0.12912101,0
-0.24328661,3.8352203,0.56330657,-0.93447828,0.33178073,-0.12912101,0
-2.0186846,-2.1996942,-0.20104027,-0.24903101,-0.34996164,0.90305626,0
1.2566925,-0.37357175,0.83041894,0.93447828,-0.33178073,0.12912101,0
0.42549658,-3.877789,-0.76519537,0.93447828,-0.33178073,0.12912101,0
-1.7966689,-0.72838324,-0.17874575,-0.93447828,0.33178073,-0.12912101,0
0.67731762,3.2551465,2.3382142,0.25442928,0.87604141,0.40965497,0
1.9430406,3.3582256,1.2485137,0.25442928,0.87604141,0.40965497,0
-1.5679796,-3.6894901,-0.75241923,-0.25442928,-0.87604141,-0.40965497,0
-0.34412313,4.0008469,1.4315238,0.25442928,0.87604141,0.40965497,0
1.8556019,3.3586257,1.4225256,0.25442928,0.87604141,0.40965497,0
2.4695177,3.4344358,0.99310613,0.25442928,0.87604141,0.40965497,0
2.1578641,2.3273852,2.304873,0.93447828,-0.33178073,0.12912101,0
1.6479087,0.050952435,-0.21065134,0.93447828,-0.33178073,0.12912101,0
-0.30865514,-3.4525776,-2.3552725,-0.25442928,-0.87604141,-0.40965497,0
1.0015947,-1.5244035,0.13934034,0.93447828,-0.33178073,0.12912101,0
-0.423908,3.5569708,1.0212052,-0.93447828,0.33178073,-0.12912101,0
0.83861649,-1.74106,0.49780792,0.93447828,-0.33178073,0.12912101,0
0.40797317,3.6594067,0.37711787,0.24903101,0.34996164,-0.90305626,0
-0.94714797,2.2712123,0.86995751,-0.93447828,0.33178073,-0.12912101,0
-0.60832489,0.92134637,-0.90592581,0.24903101,0.34996164,-0.90305626,0
-1.816612,-3.2879586,-1.6205218,-0.25442928,-0.87604141,-0.40965497,0
-2.1724834,-3.0162451,-1.8867033,-0.25442928,-0.87604141,-0.40965497,0
-1.2170072,-3.3684866,-1.6964793,-0.25442928,-0.87604141,-0.40965497,0
-0.80700302,-3.3401728,-1.9672647,-0.25442928,-0.87604141,-0.40965497,0
-2.0712013,-3.289053,-1.580348,-0.25442928,-0.87604141,-0.40965497,0
2.0317409,2.8639102,2.5866237,0.25442928,0.87604141,0.40965497,0
2.0998149,1.9282458,1.1211096,0.93447828,-0.33178073,0.12912101,0
-1.6374431,-2.2860842,-0.29244614,-0.24903101,-0.34996164,0.90305626,0
1.896901,3.1192155,2.0009892,0.25442928,0.87604141,0.40965497,0
1.6210613,-0.032048523,0.12055916,0.93447828,-0.33178073,0.12912101,0
-1.6223813,-3.3806603,-1.4573488,-0.25442928,-0.87604141,-0.40965497,0
-1.3747573,-3.0361042,-2.5157855,-0.25442928,-0.87604141,-0.40965497,0
-1.1633072,-2.651633,-2.4645214,0.24903101,0.34996164,-0.90305626,0
-0.24156952,3.9524727,1.3387387,0.25442928,0.87604141,0.40965497,0
0.68868357,0.95397758,-0.50899011,0.24903101,0.34996164,-0.90305626,0
2.0927019,1.3814448,0.46623838,0.93447828,-0.33178073,0.12912101,0
2.426065,2.8900685,0.81274939,0.93447828,-0.33178073,0.12912101,0
0.20733941,-3.5014827,-2.4111948,-0.25442928,-0.87604141,-0.40965497,0
1.2200127,-0.94194514,-0.36721697,0.93447828,-0.33178073,0.12912101,0
0.049278677,0.80475318,-0.76534802,0.24903101,0.34996164,-0.90305626,0
-1.4220668,0.15326053,-1.1401565,-0.93447828,0.33178073,-0.12912101,0
1.9338527,3.4951982,1.0831447,0.25442928,0.87604141,0.40965497,0
1.8498439,0.69439471,0.563151,0.93447828,-0.33178073,0.12912101,0
-0.034020305,-3.624342,-2.0459664,-0.25442928,-0.87604141,-0.40965497,0
2.3671083,2.9306748,1.5638244,0.93447828,-0.33178073,0.12912101,0
1.631088,1.2885895,-0.096864462,0.24903101,0.34996164,-0.90305626,0
-0.61467767,-1.0606858,-1.7035434,0.24903101,0.34996164,-0.90305626,0
1.9447637,1.6922634,1.3390812,0.93447828,-0.33178073,0.12912101,0
1.3414638,3.2919283,2.0943716,0.25442928,0.87604141,0.40965497,0
-1.7474238,-0.70401967,-0.51347506,-0.93447828,0.33178073,-0.12912101,0
0.88276261,1.9245312,-0.033564925,0.24903101,0.34996164,-0.90305626,0
-2.1380253,-1.8565203,-1.5596133,-0.93447828,0.33178073,-0.12912101,0
-1.9931073,-1.9732329,-1.7416068,-0.93447828,0.33178073,-0.12912101,0
0.47368073,-3.3329492,-0.16592956,0.93447828,-0.33178073,0.12912101,0
1.9372107,3.4967318,1.1088076,0.25442928,0.87604141,0.40965497,0
0.91984582,3.2266669,2.4724255,0.25442928,0.87604141,0.40965497,0
0.87459922,-2.0758989,-0.21907341,0.93447828,-0.33178073,0.12912101,0
-0.29001534,2.7161322,-0.22848797,0.24903101,0.34996164,-0.90305626,0
0.27211672,3.5270236,2.1724715,0.25442928,0.87604141,0.40965497,0
1.4638634,3.5354767,0.77539134,0.24903101,0.34996164,-0.90305626,0
2.0612597,3.403152,0.70382953,0.24903101,0.34996164,-0.90305626,0
-0.36623323,0.59914112,1.1792122,-0.24903101,-0.34996164,0.90305626,0
-0.68211699,-3.3559802,-2.3213105,-0.25442928,-0.87604141,-0.40965497,0
0.086478472,3.6673417,0.25471234,0.24903101,0.34996164,-0.90305626,0
-1.8747585,-0.76396322,0.18850005,-0.93447828,0.33178073,-0.12912101,0
-0.66543323,-3.6723092,-1.3883805,-0.25442928,-0.87604141,-0.40965497,0
-1.5439819,-0.35102591,-1.2782259,-0.93447828,0.33178073,-0.12912101,0
2.2024732,2.7930505,2.4733882,0.93447828,-0.33178073,0.12912101,0
-1.2307731,1.2206341,-0.081823111,-0.93447828,0.33178073,-0.12912101,0
0.065615654,0.48778647,1.3951668,-0.24903101,-0.34996164,0.90305626,0
0.22233093,2.8097234,0.070500374,0.24903101,0.34996164,-0.90305626,0
-1.0018958,-3.7752609,-1.0432963,-0.25442928,-0.87604141,-0.40965497,0
-1.1990516,-3.4130895,-1.940062,-0.25442928,-0.87604141,-0.40965497,0
1.8801732,3.2592793,1.6705148,0.25442928,0.87604141,0.40965497,0
-2.1161971,-2.7827001,-0.64760756,-0.24903101,-0.34996164,0.90305626,0
0.23375684,1.9352511,-0.23490548,0.24903101,0.34996164,-0.90305626,0
0.62782389,3.3972704,2.2134342,0.25442928,0.87604141,0.40965497,0
-1.8021883,-1.1384556,-0.80366087,-0.93447828,0.33178073,-0.12912101,0
-0.5851692,2.2247355,1.9013475,-0.24903101,-0.34996164,0.90305626,0
0.37406313,3.6048732,1.9875884,0.25442928,0.87604141,0.40965497,0
0.21376157,-3.9908466,-1.4914982,-0.25442928,-0.87604141,-0.40965497,0
2.1378841,2.859087,2.3967013,0.25442928,0.87604141,0.40965497,0
-1.7850864,-3.0143898,-2.1738086,-0.25442928,-0.87604141,-0.40965497,0
-1.8298831,-0.50037301,0.42676294,-0.93447828,0.33178073,-0.12912101,0
-1.871431,-3.3074267,-0.79042292,-0.24903101,-0.34996164,0.90305626,0
-0.15379465,-3.4388735,-2.0979271,-0.25442928,-0.87604141,-0.40965497,0
0.43647194,-3.883517,-1.4716623,0.93447828,-0.33178073,0.12912101,0
-2.1517155,-2.4168105,-2.0208154,-0.93447828,0.33178073,-0.12912101,0
-0.63008416,3.2637904,2.1804104,-0.24903101,-0.34996164,0.90305626,0
0.3845644,3.8330755,1.2652056,0.25442928,0.87604141,0.40965497,0
0.44598174,3.6863863,1.7650731,0.25442928,0.87604141,0.40965497,0
-1.8315589,-1.0960853,-0.4970963,-0.93447828,0.33178073,-0.12912101,0
-0.018298924,-2.6537347,-2.1044912,0.24903101,0.34996164,-0.90305626,0
0.86621773,3.6567297,1.5717745,0.25442928,0.87604141,0.40965497,0
-1.2135183,0.91853404,0.17673001,-0.93447828,0.33178073,-0.12912101,0
-1.9859101,-2.1376097,-2.0959172,-0.93447828,0.33178073,-0.12912101,0
1.6464818,3.1425874,0.54051065,0.24903101,0.34996164,-0.90305626,0
0.63204122,3.5735495,1.5377357,0.25442928,0.87604141,0.40965497,0
1.8390145,1.0853454,0.3520571,0.93447828,-0.33178073,0.12912101,0
0.46648312,-2.0032487,-1.799894,0.24903101,0.34996164,-0.90305626,0
-1.1731594,1.8386631,1.0110065,-0.93447828,0.33178073,-0.12912101,0
-1.2241447,-1.3474035,0.3481003,-0.24903101,-0.34996164,0.90305626,0
-2.2669244,-2.9432633,-2.1347275,-0.25442928,-0.87604141,-0.40965497,0
-0.46161607,0.36797255,1.1498851,-0.24903101,-0.34996164,0.90305626,0
-0.70079762,-3.4335668,-1.9519609,-0.25442928,-0.87604141,-0.40965497,0
-1.8292849,-0.92112964,-0.61656952,-0.93447828,0.33178073,-0.12912101,0
0.81838465,3.3072381,0.4214108,0.24903101,0.34996164,-0.90305626,0
-1.8959845,-3.3815434,-1.1587424,-0.25442928,-0.87604141,-0.40965497,0
1.0902026,-0.5340144,1.1836528,-0.24903101,-0.34996164,0.90305626,0
-1.0753859,1.2782972,0.060388565,-0.93447828,0.33178073,-0.12912101,0
-2.3287191,-2.4744358,-1.8882444,-0.93447828,0.33178073,-0.12912101,0
0.16077018,-3.5865459,-2.0864382,-0.25442928,-0.87604141,-0.40965497,0
0.044354975,-0.63573492,0.80606139,-0.24903101,-0.34996164,0.90305626,0
1.2581367,3.1099885,2.2120385,0.25442928,0.87604141,0.40965497,0
-0.51665902,3.8911614,1.6706349,0.25442928,0.87604141,0.40965497,0
-0.71011502,0.95625949,1.3413092,-0.24903101,-0.34996164,0.90305626,0
-2.1740909,-3.2110586,-1.5479,-0.25442928,-0.87604141,-0.40965497,0
-0.017455101,3.1735239,0.13677168,0.24903101,0.34996164,-0.90305626,0
-0.25297081,-3.6945195,-1.6592338,-0.25442928,-0.87604141,-0.40965497,0
-0.76522171,0.52046114,1.13595,-0.24903101,-0.34996164,0.90305626,0
1.4468601,-0.54168886,-0.76799637,0.93447828,-0.33178073,0.12912101,0
-2.2432835,-2.1275146,-1.3732922,-0.93447828,0.33178073,-0.12912101,0
2.3876798,2.7018175,1.7403643,0.93447828,-0.33178073,0.12912101,0
-2.3624396,-3.3531184,-1.3016706,-0.25442928,-0.87604141,-0.40965497,0
2.2743783,2.3659489,0.6358242,0.93447828,-0.33178073,0.12912101,0
2.1175094,2.9129872,2.0334787,0.25442928,0.87604141,0.40965497,0
1.839478,3.0911312,1.9026279,0.25442928,0.87604141,0.40965497,0
-0.77615494,-3.8154922,-1.0937638,-0.25442928,-0.87604141,-0.40965497,0
-0.82015932,0.43621874,-1.1552131,0.24903101,0.34996164,-0.90305626,0
-1.9148947,-0.72320879,0.0027433634,-0.93447828,0.33178073,-0.12912101,0
0.52464378,-0.57568854,-1.2247257,0.24903101,0.34996164,-0.90305626,0
0.078150243,0.64386708,-0.73650408,0.24903101,0.34996164,-0.90305626,0
1.2926276,3.3383934,0.62375951,0.24903101,0.34996164,-0.90305626,0
0.093096018,4.0324564,1.2739556,0.25442928,0.87604141,0.40965497,0
1.9254352,1.1671768,0.86027253,0.93447828,-0.33178073,0.12912101,0
-1.0788537,-3.7835755,-1.2037461,-0.25442928,-0.87604141,-0.40965497,0
1.2298254,3.353616,1.8821502,0.25442928,0.87604141,0.40965497,0
-2.3527572,-3.1111231,-0.72533679,-0.24903101,-0.34996164,0.90305626,0
-0.1453197,2.3997107,-0.20993328,0.24903101,0.34996164,-0.90305626,0
0.61334711,2.5203416,0.13540649,0.24903101,0.34996164,-0.90305626,0
1.4845716,-0.3233456,0.56751841,0.93447828,-0.33178073,0.12912101,0
0.91825247,-1.5332007,-1.5537311,0.24903101,0.34996164,-0.90305626,0
1.0512187,3.7557986,1.2363253,0.25442928,0.87604141,0.40965497,0
-1.253975,1.2135576,1.0272765,-0.93447828,0.33178073,-0.12912101,0
0.95673919,2.0044465,-0.096010923,0.24903101,0.34996164,-0.90305626,0
-1.4959638,-1.4907893,0.21104479,-0.24903101,-0.34996164,0.90305626,0
2.2250314,3.4241939,0.85185385,0.25442928,0.87604141,0.40965497,0
0.67858988,3.5784161,1.7303121,0.25442928,0.87604141,0.40965497,0
0.76180655,3.6027141,1.7113581,0.25442928,0.87604141,0.40965497,0
0.91402078,-2.6037064,-0.98708141,0.93447828,-0.33178073,0.12912101,0
1.0150361,-1.2989984,-1.4279145,0.24903101,0.34996164,-0.90305626,0
-0.91649616,0.19946879,-1.3885697,0.24903101,0.34996164,-0.90305626,0
0.59268117,-3.2322841,-1.3018998,0.93447828,-0.33178073,0.12912101,0
2.0756438,2.1146092,1.5544903,0.93447828,-0.33178073,0.12912101,0
-2.4908035,-2.8047576,-0.77070284,-0.24903101,-0.34996164,0.90305626,0
2.1522701,2.4689822,2.1739049,0.93447828,-0.33178073,0.12912101,0
-0.091272235,2.7275927,2.2008626,-0.24903101,-0.34996164,0.90305626,0
-2.1070614,-3.015969,-2.0278728,-0.25442928,-0.87604141,-0.40965497,0
-1.7617433,-2.7919679,-2.6085238,-0.25442928,-0.87604141,-0.40965497,0
-0.422943,-3.781214,-1.3190444,-0.25442928,-0.87604141,-0.40965497,0
1.3510001,-0.77980405,-0.23720147,0.93447828,-0.33178073,0.12912101,0
0.30438411,4.0373979,0.46159434,0.24903101,0.34996164,-0.90305626,0
1.3674995,0.040981114,1.4690741,0.93447828,-0.33178073,0.12912101,0
-1.8829228,-1.8884976,-2.3724256,-0.93447828,0.33178073,-0.12912101,0
-2.5298681,-3.0127401,-1.1287434,-0.93447828,0.33178073,-0.12912101,0
1.7673542,3.2981727,1.5228293,0.25442928,0.87604141,0.40965497,0
-0.46089512,-3.4592445,-2.1829066,-0.25442928,-0.87604141,-0.40965497,0
0.13111842,-3.7930338,-1.9283456,-0.25442928,-0.87604141,-0.40965497,0
2.4299591,3.2874389,1.0878038,0.25442928,0.87604141,0.40965497,0
0.65800405,-3.4602723,-1.9314364,0.93447828,-0.33178073,0.12912101,0
-0.71121097,2.9302831,2.076699,-0.24903101,-0.34996164,0.90305626,0
-2.3715556,-2.9272728,-1.6725521,-0.93447828,0.33178073,-0.12912101,0
2.2226315,2.9848318,0.63077712,0.24903101,0.34996164,-0.90305626,0
1.9896463,1.5742747,1.9196383,0.93447828,-0.33178073,0.12912101,0
-2.0598152,-1.5709561,-0.48895931,-0.93447828,0.33178073,-0.12912101,0
-0.9010092,2.7617373,1.3826208,-0.93447828,0.33178073,-0.12912101,0
0.34537506,-3.871624,-0.97390985,0.93447828,-0.33178073,0.12912101,0
0.0705778,1.0776594,-0.67593652,0.24903101,0.34996164,-0.90305626,0
1.0300983,3.2010713,2.145586,0.25442928,0.87604141,0.40965497,0
-1.879793,-3.1685576,-0.72388721,-0.24903101,-0.34996164,0.90305626,0
0.57907212,-3.0077686,-2.2209449,0.24903101,0.34996164,-0.90305626,0
-1.2254345,-3.3239412,-1.9234316,-0.25442928,-0.87604141,-0.40965497,0
-0.81519783,-2.5290213,-2.2316744,0.24903101,0.34996164,-0.90305626,0
-0.47283769,3.5806713,2.3789859,0.25442928,0.87604141,0.40965497,0
-2.0633228,-2.902571,-2.3468006,-0.25442928,-0.87604141,-0.40965497,0
1.3986266,3.4054747,1.6049337,0.25442928,0.87604141,0.40965497,0
-1.4931962,-2.3266556,-2.4488263,0.24903101,0.34996164,-0.90305626,0
-0.89906144,-3.8401246,-0.89944339,-0.25442928,-0.87604141,-0.40965497,0
0.10155696,0.64397007,1.453475,-0.24903101,-0.34996164,0.90305626,0
1.3145851,-0.71281147,-0.16894582,0.93447828,-0.33178073,0.12912101,0
0.15637004,3.8985929,0.5225966,0.24903101,0.34996164,-0.90305626,0
-0.35807127,-2.0737009,-2.0020545,0.24903101,0.34996164,-0.90305626,0
2.5101452,2.8727546,0.71764207,0.24903101,0.34996164,-0.90305626,0
-1.6127834,-3.2920027,-1.8615766,-0.25442928,-0.87604141,-0.40965497,0
1.5935167,0.038028121,0.037953854,0.93447828,-0.33178073,0.12912101,0
-0.27521765,-3.7244325,-1.7817163,-0.25442928,-0.87604141,-0.40965497,0
-2.4533286,-3.1739635,-1.5939064,-0.25442928,-0.87604141,-0.40965497,0
-0.43740141,-1.4444399,-1.7121322,0.24903101,0.34996164,-0.90305626,0
-1.8612612,-3.2562177,-1.7259576,-0.25442928,-0.87604141,-0.40965497,0
1.8433859,0.81091213,0.84537816,0.93447828,-0.33178073,0.12912101,0
0.74556637,-3.239049,-1.3591528,0.93447828,-0.33178073,0.12912101,0
1.8547072,2.2022715,2.5133026,-0.24903101,-0.34996164,0.90305626,0
-0.46066177,1.7740939,-0.44142902,0.24903101,0.34996164,-0.90305626,0
-0.25628614,4.1817937,1.0800886,0.25442928,0.87604141,0.40965497,0
2.4401925,3.2222309,1.3039429,0.25442928,0.87604141,0.40965497,0
-1.1465112,1.8860369,1.3708239,-0.93447828,0.33178073,-0.12912101,0
2.1773899,3.2018485,1.3207734,0.25442928,0.87604141,0.40965497,0
2.4238462,2.4263358,0.70392466,0.93447828,-0.33178073,0.12912101,0
0.7256729,3.2872436,2.1509321,0.25442928,0.87604141,0.40965497,0
-0.22069514,-2.3038139,0.2571069,-0.24903101,-0.34996164,0.90305626,0
1.2227836,3.5475652,1.3061028,0.25442928,0.87604141,0.40965497,0
-1.4109269,-3.2576387,-1.9747155,-0.25442928,-0.87604141,-0.40965497,0
-0.48031998,0.56900591,-0.91062856,0.24903101,0.34996164,-0.90305626,0
0.40506816,3.7520349,1.6101649,0.25442928,0.87604141,0.40965497,0
-0.81765485,-2.9059238,-2.4551892,0.24903101,0.34996164,-0.90305626,0
-2.1151505,-3.0337875,-1.9407704,-0.25442928,-0.87604141,-0.40965497,0
-0.15873282,-1.8675909,-1.9476606,0.24903101,0.34996164,-0.90305626,0
-2.1383584,-2.8780301,-0.5984807,-0.24903101,-0.34996164,0.90305626,0
-0.36301875,3.7563717,2.0048003,0.25442928,0.87604141,0.40965497,0
-1.3867159,-3.0111399,-2.3967841,-0.25442928,-0.87604141,-0.40965497,0
-0.75214982,0.15949434,0.91282994,-0.24903101,-0.34996164,0.90305626,0
2.2841175,3.4310439,0.85474968,0.25442928,0.87604141,0.40965497,0
2.5518165,3.372407,1.0067258,0.25442928,0.87604141,0.40965497,0
0.66178763,-0.48880911,1.1445839,-0.24903101,-0.34996164,0.90305626,0
-0.28001499,4.1099253,1.3550763,0.25442928,0.87604141,0.40965497,0
-0.19142415,0.63403469,1.2575712,-0.24903101,-0.34996164,0.90305626,0
0.44206047,-3.8687811,-1.2472429,0.93447828,-0.33178073,0.12912101,0
-1.6630247,-0.5835104,0.50253266,-0.24903101,-0.34996164,0.90305626,0
1.5738835,0.64277399,1.5817196,0.93447828,-0.33178073,0.12912101,0
-0.10541594,-3.7145429,-1.6774194,-0.25442928,-0.87604141,-0.40965497,0
-1.522034,-1.2005676,-1.954847,0.24903101,0.34996164,-0.90305626,0
-2.3742774,-2.4999774,-0.61116147,-0.93447828,0.33178073,-0.12912101,0
0.38416147,3.9575305,0.81872869,0.25442928,0.87604141,0.40965497,0
-0.61698723,3.1670446,1.1544305,-0.93447828,0.33178073,-0.12912101,0
-1.6175671,-3.5395596,-1.1848636,-0.25442928,-0.87604141,-0.40965497,0
0.58083761,-0.31190866,-1.0076997,0.24903101,0.34996164,-0.90305626,0
0.31101692,-3.6305957,-2.248219,-0.25442928,-0.87604141,-0.40965497,0
-1.7642125,-1.4156162,-1.8092394,-0.93447828,0.33178073,-0.12912101,0
0.87018657,-2.5211782,-1.8510412,0.93447828,-0.33178073,0.12912101,0
0.34687078,-2.7102492,-2.0907478,0.24903101,0.34996164,-0.90305626,0
-0.33648205,-3.9442325,-0.56642866,-0.24903101,-0.34996164,0.90305626,0
1.9877173,1.870322,2.0507233,0.93447828,-0.33178073,0.12912101,0
-1.3557209,0.33495355,-0.28362551,-0.93447828,0.33178073,-0.12912101,0
-1.5365474,-3.644774,-1.1635802,-0.25442928,-0.87604141,-0.40965497,0
2.2158563,3.2301972,1.6074619,0.25442928,0.87604141,0.40965497,0
-0.27765989,3.8325567,0.97028828,-0.93447828,0.33178073,-0.12912101,0
0.26655817,-3.7721395,-0.31494355,0.93447828,-0.33178073,0.12912101,0
-0.13146597,-2.5027375,-2.1288471,0.24903101,0.34996164,-0.90305626,0
1.178591,-1.9434081,-1.2330989,0.93447828,-0.33178073,0.12912101,0
2.3764188,2.6207142,0.91600251,0.93447828,-0.33178073,0.12912101,0
-1.0908744,1.4978372,0.31218296,-0.93447828,0.33178073,-0.12912101,0
0.070139766,-1.6496379,-1.8242869,0.24903101,0.34996164,-0.90305626,0
-2.0723069,-2.3002694,-2.4159951,-0.93447828,0.33178073,-0.12912101,0
-1.9085934,-3.2939923,-1.5338516,-0.25442928,-0.87604141,-0.40965497,0
-0.022346735,-4.0886903,-1.1710002,-0.25442928,-0.87604141,-0.40965497,0
1.8335326,2.999155,2.0722506,0.25442928,0.87604141,0.40965497,0
-0.20585978,-3.8653584,-1.3031585,-0.25442928,-0.87604141,-0.40965497,0
1.9897727,1.0726868,0.31720507,0.93447828,-0.33178073,0.12912101,0
-2.3399549,-2.684937,-1.3509035,-0.93447828,0.33178073,-0.12912101,0
-2.1003151,-2.2686431,-2.2673612,-0.93447828,0.33178073,-0.12912101,0
-1.4725947,-3.3950527,-0.57543159,-0.24903101,-0.34996164,0.90305626,0
1.8989331,1.436473,2.1198702,0.93447828,-0.33178073,0.12912101,0
0.22019255,3.4018478,2.3610327,0.25442928,0.87604141,0.40965497,0
-1.6276894,-3.0527091,-2.3502624,-0.25442928,-0.87604141,-0.40965497,0
-1.8592173,-0.43020654,0.32476163,-0.93447828,0.33178073,-0.12912101,0
-1.7708739,-1.0171399,-1.6624997,-0.93447828,0.33178073,-0.12912101,0
-0.32431173,3.4610941,0.22578263,-0.93447828,0.33178073,-0.12912101,0
-2.0337462,-2.1775353,-2.5186012,0.24903101,0.34996164,-0.90305626,0
1.7173815,3.0182016,2.4477882,0.25442928,0.87604141,0.40965497,0
2.1474357,1.955525,1.7369875,0.93447828,-0.33178073,0.12912101,0
0.16298079,-3.8410919,-1.4106283,-0.25442928,-0.87604141,-0.40965497,0
0.20181155,-3.9298184,-0.44479561,-0.24903101,-0.34996164,0.90305626,0
-1.8845853,-1.6372815,-0.0174582,-0.24903101,-0.34996164,0.90305626,0
-0.60817075,3.2647402,1.837979,-0.93447828,0.33178073,-0.12912101,0
-2.4576545,-3.116297,-1.8064966,-0.25442928,-0.87604141,-0.40965497,0
-1.4025879,-2.2821894,-2.3307102,0.24903101,0.34996164,-0.90305626,0
0.64418483,3.4705045,2.1460905,0.25442928,0.87604141,0.40965497,0
1.1866076,2.6622157,0.27798629,0.24903101,0.34996164,-0.90305626,0
-2.0792518,-2.9948263,-2.007688,-0.25442928,-0.87604141,-0.40965497,0
-1.4055561,0.88746166,0.98669493,-0.93447828,0.33178073,-0.12912101,0
-1.3228145,0.29770046,-1.2856001,-0.93447828,0.33178073,-0.12912101,0
1.0194807,1.7417806,-0.2248373,0.24903101,0.34996164,-0.90305626,0
0.46180284,-0.94450188,0.86156529,-0.24903101,-0.34996164,0.90305626,0
-1.1676844,-3.7663364,-0.78703475,-0.25442928,-0.87604141,-0.40965497,0
1.1642346,1.7962749,2.1510444,-0.24903101,-0.34996164,0.90305626,0
0.080422878,-4.0570149,-1.2039435,-0.25442928,-0.87604141,-0.40965497,0
-0.16617239,3.728127,2.1121423,0.25442928,0.87604141,0.40965497,0
-2.2775555,-2.4566193,-0.40097404,-0.24903101,-0.34996164,0.90305626,0
2.180342,3.4304149,1.0582509,0.25442928,0.87604141,0.40965497,0
2.062767,2.9760818,2.0233097,0.25442928,0.87604141,0.40965497,0
-1.1091571,-3.2677493,-1.8921311,-0.25442928,-0.87604141,-0.40965497,0
-0.29616624,1.6258289,1.6678841,-0.24903101,-0.34996164,0.90305626,0
-1.0158372,-3.6769819,-1.2773783,-0.25442928,-0.87604141,-0.40965497,0
-0.41911376,-3.8649812,-1.2508104,-0.25442928,-0.87604141,-0.40965497,0
