1.0655513,-1.381042,0.10889471,0.86448807,-0.46272382,0.19633391,0
1.4475939,0.710446,1.5024573,0.41414562,0.87704057,0.24348128,0
1.3610785,-0.23876131,1.0468596,0.86448807,-0.46272382,0.19633391,0
-0.95152378,1.4488016,0.014279246,-0.86448807,0.46272382,-0.19633391,0
-0.74293387,-0.65435398,0.70539105,-0.28485742,-0.1291759,0.94982618,0
0.78754759,-1.6086168,-0.041754007,0.86448807,-0.46272382,0.19633391,0
-1.073647,0.93300122,-0.6841526,-0.86448807,0.46272382,-0.19633391,0
1.8084841,0.27936,0.7112956,0.86448807,-0.46272382,0.19633391,0
0.92321241,-0.74256635,-0.90819526,0.28485742,0.1291759,-0.94982618,0
0.11055551,-1.4438806,-1.067451,-0.41414562,-0.87704057,-0.24348128,0
0.66157228,-1.3159667,-0.94620949,0.28485742,0.1291759,-0.94982618,0
-0.30660647,-0.3745048,0.81578887,-0.28485742,-0.1291759,0.94982618,0
0.25871408,-0.16255569,1.1101459,-0.28485742,-0.1291759,0.94982618,0
-0.24221534,1.9075955,-0.34767139,0.41414562,0.87704057,0.24348128,0
-0.99734104,1.3072419,-0.24423832,-0.86448807,0.46272382,-0.19633391,0
-0.11322391,0.062369108,-0.99050581,0.28485742,0.1291759,-0.94982618,0
-0.91136271,1.9207602,0.94670367,-0.86448807,0.46272382,-0.19633391,0
-1.3348018,0.21775091,-0.85455906,-0.86448807,0.46272382,-0.19633391,0
-0.91659951,1.2846317,-0.57499278,-0.86448807,0.46272382,-0.19633391,0
0.18583177,1.5028589,0.57484877,0.41414562,0.87704057,0.24348128,0
-0.19335908,-0.86719561,0.84228092,-0.28485742,-0.1291759,0.94982618,0
-0.88482553,0.0062004924,0.86617899,-0.28485742,-0.1291759,0.94982618,0
-0.89145315,1.1650509,-0.5273397,-0.86448807,0.46272382,-0.19633391,0
-0.79497755,-1.3146421,0.53287947,-0.28485742,-0.1291759,0.94982618,0
-0.58538216,1.3103805,-1.0727086,0.28485742,0.1291759,-0.94982618,0
-0.643592,-0.57967067,0.69867921,-0.28485742,-0.1291759,0.94982618,0
-0.98815799,1.0917327,-0.69705135,-0.86448807,0.46272382,-0.19633391,0
1.1461372,-1.0513264,0.48620987,0.86448807,-0.46272382,0.19633391,0
1.2925593,1.1146157,0.087410688,0.41414562,0.87704057,0.24348128,0
1.6051168,0.79939359,0.30833375,0.41414562,0.87704057,0.24348128,0
1.4397141,1.0679268,-0.025300145,0.41414562,0.87704057,0.24348128,0
-1.0444957,0.5632242,-1.2771682,-0.86448807,0.46272382,-0.19633391,0
-1.1880829,0.42763007,-1.1184075,-0.86448807,0.46272382,-0.19633391,0
0.91410983,-1.7627099,-0.13088119,0.86448807,-0.46272382,0.19633391,0
0.99615115,-1.746828,-0.72807336,0.86448807,-0.46272382,0.19633391,0
0.84973896,-1.7036899,0.071915269,0.86448807,-0.46272382,0.19633391,0
-0.79346955,-1.2153924,0.63218331,-0.28485742,-0.1291759,0.94982618,0
-0.36827284,-1.434803,-0.31522489,-0.41414562,-0.87704057,-0.24348128,0
1.6075988,0.55576551,1.3341106,0.41414562,0.87704057,0.24348128,0
-1.5923796,-0.127406,0.6064294,-0.28485742,-0.1291759,0.94982618,0
-1.1836207,-0.58999097,-1.4157113,0.28485742,0.1291759,-0.94982618,0
1.1803632,-0.47596091,1.1344531,0.86448807,-0.46272382,0.19633391,0
-0.29611081,0.74421459,-1.0226692,0.28485742,0.1291759,-0.94982618,0
-1.5440946,-0.26761514,0.57545477,-0.28485742,-0.1291759,0.94982618,0
-0.25235298,1.6706276,0.62693119,0.41414562,0.87704057,0.24348128,0
-0.80741876,-0.15668714,0.86338127,-0.28485742,-0.1291759,0.94982618,0
-1.2121792,-0.9936105,-0.841959,-0.41414562,-0.87704057,-0.24348128,0
-0.29340398,1.0042965,1.1200047,-0.28485742,-0.1291759,0.94982618,0
-0.7782318,-0.48838902,-1.2843266,0.28485742,0.1291759,-0.94982618,0
0.72907567,-1.1539568,1.1826558,-0.28485742,-0.1291759,0.94982618,0
1.2051086,-1.248292,-0.62585199,0.86448807,-0.46272382,0.19633391,0
-0.87998796,-0.95429146,0.74955618,-0.28485742,-0.1291759,0.94982618,0
-0.38028955,1.7378304,0.69067299,0.41414562,0.87704057,0.24348128,0
-0.05771853,1.6329844,0.42536211,0.41414562,0.87704057,0.24348128,0
1.7136748,-0.36105675,-0.2732895,0.86448807,-0.46272382,0.19633391,0
0.55784285,1.3555577,0.15354443,0.41414562,0.87704057,0.24348128,0
1.8763623,0.93572748,-0.074957609,0.41414562,0.87704057,0.24348128,0
1.7523884,-0.019689292,0.066187024,0.86448807,-0.46272382,0.19633391,0
-0.35616243,-1.4148765,-0.64528263,-0.41414562,-0.87704057,-0.24348128,0
1.0558788,0.870875,1.2565303,0.41414562,0.87704057,0.24348128,0
0.8815105,-1.805191,-0.93567443,0.86448807,-0.46272382,0.19633391,0
0.31208575,-1.5780073,0.91010189,-0.28485742,-0.1291759,0.94982618,0
-0.89524156,1.4247013,-0.50143993,-0.86448807,0.46272382,-0.19633391,0
-0.83326054,1.1217269,-1.0294433,-0.86448807,0.46272382,-0.19633391,0
0.3012788,-0.48642159,1.0165732,-0.28485742,-0.1291759,0.94982618,0
1.2769301,-0.42931175,1.3173413,0.86448807,-0.46272382,0.19633391,0
0.546175,-0.24343777,1.2313839,-0.28485742,-0.1291759,0.94982618,0
1.6658673,1.0694289,-0.23621404,0.41414562,0.87704057,0.24348128,0
-0.91265422,1.4000647,0.0493747,-0.86448807,0.46272382,-0.19633391,0
-1.7013774,0.33187169,0.30614024,-0.86448807,0.46272382,-0.19633391,0
-0.46671808,1.6969818,0.66222763,0.41414562,0.87704057,0.24348128,0
1.2835673,-0.67274129,0.58045489,0.86448807,-0.46272382,0.19633391,0
1.8422928,0.62029874,1.0590305,0.86448807,-0.46272382,0.19633391,0
1.7456049,0.67394269,1.1135174,0.41414562,0.87704057,0.24348128,0
-1.8568931,-0.45645803,-0.68805778,-0.86448807,0.46272382,-0.19633391,0
-1.5894471,-0.69900846,-0.77623481,-0.41414562,-0.87704057,-0.24348128,0
-1.2592627,-0.53060746,-1.4339211,0.28485742,0.1291759,-0.94982618,0
0.91123182,-1.608086,-0.34648263,0.86448807,-0.46272382,0.19633391,0
1.5364952,0.024634302,0.58067393,0.86448807,-0.46272382,0.19633391,0
-1.2013998,0.78469348,-0.81465483,-0.86448807,0.46272382,-0.19633391,0
0.23230107,-1.5371519,-0.67884088,-0.41414562,-0.87704057,-0.24348128,0
-0.6786381,1.0501509,0.95664394,-0.28485742,-0.1291759,0.94982618,0
-1.2461153,1.1557343,0.1924628,-0.86448807,0.46272382,-0.19633391,0
-1.492254,0.11098772,-0.59589982,-0.86448807,0.46272382,-0.19633391,0
-1.402284,0.88970107,0.43251687,-0.86448807,0.46272382,-0.19633391,0
-1.5036572,0.065792859,-0.66670024,-0.86448807,0.46272382,-0.19633391,0
-1.4466975,0.41561985,-0.78145444,-0.86448807,0.46272382,-0.19633391,0
-1.5172346,0.41092688,-0.070242926,-0.86448807,0.46272382,-0.19633391,0
-1.1219227,-0.71041191,-1.3989398,0.28485742,0.1291759,-0.94982618,0
0.4801794,-0.0079909563,1.3004801,-0.28485742,-0.1291759,0.94982618,0
-0.84614754,-1.4224038,0.013643146,-0.41414562,-0.87704057,-0.24348128,0
1.3072348,-0.32502782,1.3567822,0.86448807,-0.46272382,0.19633391,0
-0.47901595,2.109422,-0.26808977,0.41414562,0.87704057,0.24348128,0
-0.68166417,1.43431,-0.95237505,-0.86448807,0.46272382,-0.19633391,0
1.5727985,0.4854455,1.4279647,0.41414562,0.87704057,0.24348128,0
0.63975608,-1.9061888,-0.37448215,-0.41414562,-0.87704057,-0.24348128,0
0.13397487,-1.6518807,-0.33653235,-0.41414562,-0.87704057,-0.24348128,0
-1.4222963,-0.91615897,-0.74292231,-0.41414562,-0.87704057,-0.24348128,0
-1.708923,-0.33329034,-1.0385332,-0.86448807,0.46272382,-0.19633391,0
1.6067749,-0.082951695,0.29785997,0.86448807,-0.46272382,0.19633391,0
1.868863,0.16692314,-0.051162481,0.86448807,-0.46272382,0.19633391,0
-1.5642614,0.28284544,-0.02879262,-0.86448807,0.46272382,-0.19633391,0
0.41315234,1.3963288,0.10703564,0.41414562,0.87704057,0.24348128,0
1.5765419,0.13746452,0.6538139,0.86448807,-0.46272382,0.19633391,0
0.33817005,1.2063138,0.90710294,0.41414562,0.87704057,0.24348128,0
-1.2955194,-0.83350372,-1.3557048,-0.41414562,-0.87704057,-0.24348128,0
0.75766093,-1.1805891,1.1230798,-0.28485742,-0.1291759,0.94982618,0
-1.6532898,0.013806343,-0.53980917,-0.86448807,0.46272382,-0.19633391,0
-0.83805835,1.9287757,0.49913871,0.41414562,0.87704057,0.24348128,0
-0.068554692,-1.2833152,-1.0145128,-0.41414562,-0.87704057,-0.24348128,0
0.4123354,1.1759076,-0.75349259,0.28485742,0.1291759,-0.94982618,0
-0.67134142,-1.5495474,0.56298387,-0.41414562,-0.87704057,-0.24348128,0
-1.1502905,-0.63404906,-1.4884632,0.28485742,0.1291759,-0.94982618,0
0.3509658,-0.76193714,-1.1467183,0.28485742,0.1291759,-0.94982618,0
0.82289267,-0.2121129,-0.89664805,0.28485742,0.1291759,-0.94982618,0
1.4857241,-0.13861096,0.4818576,0.86448807,-0.46272382,0.19633391,0
0.37961045,1.4108177,0.21870458,0.41414562,0.87704057,0.24348128,0
-2.0521717,-0.59367168,0.16893137,-0.86448807,0.46272382,-0.19633391,0
1.0832502,1.1172549,-0.5008508,0.28485742,0.1291759,-0.94982618,0
-1.8872445,-0.30382231,-0.016853452,-0.86448807,0.46272382,-0.19633391,0
0.098566204,-1.8003901,0.019945145,-0.41414562,-0.87704057,-0.24348128,0
2.0263221,0.38513193,0.12340415,0.86448807,-0.46272382,0.19633391,0
-0.21114515,1.6742916,0.31756246,0.41414562,0.87704057,0.24348128,0
-0.70848691,0.70038205,0.91843152,-0.28485742,-0.1291759,0.94982618,0
-1.0955439,-1.3901582,0.52885771,-0.41414562,-0.87704057,-0.24348128,0
1.4434546,-0.74539441,0.0090514421,0.86448807,-0.46272382,0.19633391,0
-0.45690042,-1.5074143,0.2568289,-0.41414562,-0.87704057,-0.24348128,0
0.35285291,1.5695477,0.079499364,0.41414562,0.87704057,0.24348128,0
1.4563738,-0.87444806,-0.41745642,0.86448807,-0.46272382,0.19633391,0
0.29494497,-0.20333505,1.2088602,-0.28485742,-0.1291759,0.94982618,0
-1.3167343,-0.62163335,0.51801646,-0.28485742,-0.1291759,0.94982618,0
1.6600189,0.86596417,0.5774318,0.41414562,0.87704057,0.24348128,0
1.4724073,-0.18990105,-0.57548398,0.28485742,0.1291759,-0.94982618,0
-0.29587793,0.0029762983,-1.1894739,0.28485742,0.1291759,-0.94982618,0
-1.4877567,0.15603936,-0.7040782,-0.86448807,0.46272382,-0.19633391,0
-1.5170949,-0.78856719,0.48886263,-0.28485742,-0.1291759,0.94982618,0
1.870975,0.58009571,0.32202685,0.86448807,-0.46272382,0.19633391,0
0.28135255,-0.62254477,0.94849116,-0.28485742,-0.1291759,0.94982618,0
0.20945984,-0.48746431,-1.0185907,0.28485742,0.1291759,-0.94982618,0
0.51480198,-0.19891846,1.1351937,-0.28485742,-0.1291759,0.94982618,0
-0.48131812,2.0311894,-0.38627374,-0.86448807,0.46272382,-0.19633391,0
0.40260202,1.2108593,0.94489133,0.41414562,0.87704057,0.24348128,0
1.2264693,-0.56057364,0.67000115,0.86448807,-0.46272382,0.19633391,0
-0.51488155,1.5397975,1.1651225,-0.28485742,-0.1291759,0.94982618,0
-1.1358583,0.77244556,-0.58592957,-0.86448807,0.46272382,-0.19633391,0
-0.89372838,-1.5054364,0.4610486,-0.41414562,-0.87704057,-0.24348128,0
0.29091865,1.4390376,0.074781537,0.41414562,0.87704057,0.24348128,0
-1.612308,-0.17161274,0.50778121,-0.28485742,-0.1291759,0.94982618,0
1.9448973,0.73443991,-0.12774146,0.41414562,0.87704057,0.24348128,0
1.1573188,1.1164541,-0.090000391,0.41414562,0.87704057,0.24348128,0
-1.3476101,1.053705,0.58401084,-0.86448807,0.46272382,-0.19633391,0
1.9640417,0.62244773,0.57566655,0.86448807,-0.46272382,0.19633391,0
1.1786067,-0.26948041,-0.66536063,0.28485742,0.1291759,-0.94982618,0
-0.56738305,-0.021104097,-1.1798179,0.28485742,0.1291759,-0.94982618,0
0.94181305,-1.1192141,0.87950063,0.86448807,-0.46272382,0.19633391,0
0.00067514181,-1.8495355,0.59706938,-0.41414562,-0.87704057,-0.24348128,0
-0.059114952,1.5289804,1.0302913,0.41414562,0.87704057,0.24348128,0
0.91501498,1.2987918,-0.52515638,0.28485742,0.1291759,-0.94982618,0
1.9902369,0.33457753,-0.17531526,0.86448807,-0.46272382,0.19633391,0
-1.6971762,0.18175125,0.079671174,-0.86448807,0.46272382,-0.19633391,0
0.75281721,1.0772043,1.3301649,0.41414562,0.87704057,0.24348128,0
0.72237617,0.14966983,-0.71742737,0.28485742,0.1291759,-0.94982618,0
0.24948943,-1.3009303,-1.0789846,0.28485742,0.1291759,-0.94982618,0
0.060647547,-1.5751593,0.84849966,-0.28485742,-0.1291759,0.94982618,0
-1.4517248,-0.68045628,-1.2269804,-0.41414562,-0.87704057,-0.24348128,0
0.37162119,-1.6073253,-0.95978308,-0.41414562,-0.87704057,-0.24348128,0
1.7688845,0.38067222,1.1234928,0.86448807,-0.46272382,0.19633391,0
-1.3927554,0.20391762,-1.3865163,-0.86448807,0.46272382,-0.19633391,0
-1.0485044,0.90219957,-0.57453042,-0.86448807,0.46272382,-0.19633391,0
0.22781017,1.2542789,1.3071287,0.41414562,0.87704057,0.24348128,0
-0.61194837,1.4817586,-0.94864392,-0.86448807,0.46272382,-0.19633391,0
-1.0120761,1.6288038,0.68163967,-0.86448807,0.46272382,-0.19633391,0
-1.4375694,0.86058104,0.52981859,-0.86448807,0.46272382,-0.19633391,0
-0.62876761,2.0428805,-0.018670559,0.41414562,0.87704057,0.24348128,0
-0.82859641,1.9070611,0.69166648,0.41414562,0.87704057,0.24348128,0
0.026601389,1.5110478,0.29499769,0.41414562,0.87704057,0.24348128,0
-0.27170098,-1.6598082,0.27126038,-0.41414562,-0.87704057,-0.24348128,0
-1.4588547,0.77244139,0.24531861,-0.86448807,0.46272382,-0.19633391,0
-0.54730827,1.9418671,0.1891129,0.41414562,0.87704057,0.24348128,0
-0.051071137,-0.081842184,1.071076,-0.28485742,-0.1291759,0.94982618,0
-0.1458621,1.1515543,1.095633,-0.28485742,-0.1291759,0.94982618,0
-0.097714491,1.1929065,1.2171992,-0.28485742,-0.1291759,0.94982618,0
1.8913225,0.3502906,0.34375387,0.86448807,-0.46272382,0.19633391,0
1.4164853,-0.28517234,1.0368954,0.86448807,-0.46272382,0.19633391,0
1.6141363,0.0083113909,0.66423702,0.86448807,-0.46272382,0.19633391,0
1.1028582,0.032113194,1.4686862,-0.28485742,-0.1291759,0.94982618,0
1.4034932,0.77860665,1.0554314,0.41414562,0.87704057,0.24348128,0
1.2755328,0.86407119,1.0581377,0.41414562,0.87704057,0.24348128,0
1.5253567,0.79376847,-0.47593939,0.28485742,0.1291759,-0.94982618,0
0.78010535,0.29541361,1.2958521,-0.28485742,-0.1291759,0.94982618,0
0.46390486,-0.79503822,1.0501815,-0.28485742,-0.1291759,0.94982618,0
-0.74221545,0.74809563,0.87905556,-0.28485742,-0.1291759,0.94982618,0
-1.5650506,0.33779567,-0.2037632,-0.86448807,0.46272382,-0.19633391,0
0.84184825,0.95775175,1.2994175,0.41414562,0.87704057,0.24348128,0
0.066369474,1.1848408,-0.95526779,0.28485742,0.1291759,-0.94982618,0
1.5614885,0.82749355,0.35600948,0.41414562,0.87704057,0.24348128,0
-1.7885628,-0.87067324,0.25735211,-0.41414562,-0.87704057,-0.24348128,0
1.0814986,0.83829641,1.0948535,0.41414562,0.87704057,0.24348128,0
-0.56873804,-1.1859579,-0.57004154,-0.41414562,-0.87704057,-0.24348128,0
-0.86277676,-1.1087497,-0.66260052,-0.41414562,-0.87704057,-0.24348128,0
1.0090684,-0.036625624,1.362174,-0.28485742,-0.1291759,0.94982618,0
1.1580451,0.61918616,-0.69649595,0.28485742,0.1291759,-0.94982618,0
1.7366778,0.2538591,0.37932515,0.86448807,-0.46272382,0.19633391,0
-0.57819402,-0.59845293,0.80000901,-0.28485742,-0.1291759,0.94982618,0
-0.59389061,1.5642482,-0.94055128,-0.86448807,0.46272382,-0.19633391,0
-0.77190113,1.8932219,0.75108111,0.41414562,0.87704057,0.24348128,0
-0.85750794,1.6075464,0.98478317,-0.28485742,-0.1291759,0.94982618,0
1.1613809,-0.74183363,-0.87291598,0.28485742,0.1291759,-0.94982618,0
-1.3365896,-0.84380019,-0.45346248,-0.41414562,-0.87704057,-0.24348128,0
-0.43441045,1.4514358,1.0395792,-0.28485742,-0.1291759,0.94982618,0
0.32461265,1.3369095,0.81353521,0.41414562,0.87704057,0.24348128,0
-1.5194654,0.4902283,0.32113999,-0.86448807,0.46272382,-0.19633391,0
-1.774893,-0.95438957,-0.067231059,-0.41414562,-0.87704057,-0.24348128,0
-0.77402681,-1.1401148,-1.0281245,-0.41414562,-0.87704057,-0.24348128,0
-0.46832639,2.2074485,-0.74797964,0.41414562,0.87704057,0.24348128,0
-0.013394713,-0.89344877,0.99753773,-0.28485742,-0.1291759,0.94982618,0
-0.72860539,-0.13068014,0.91625369,-0.28485742,-0.1291759,0.94982618,0
1.4709387,0.97492129,0.43584967,0.41414562,0.87704057,0.24348128,0
-1.6056662,0.4571597,0.39893612,-0.86448807,0.46272382,-0.19633391,0
1.5967352,-0.18180603,-0.69345844,0.28485742,0.1291759,-0.94982618,0
-1.4850262,0.83467442,0.5545007,-0.86448807,0.46272382,-0.19633391,0
0.66438711,-0.50112951,-0.95288306,0.28485742,0.1291759,-0.94982618,0
-1.4384651,0.80547029,0.39692795,-0.86448807,0.46272382,-0.19633391,0
-0.20002794,0.10647118,-1.0386524,0.28485742,0.1291759,-0.94982618,0
-1.3567791,0.69306821,0.71081316,-0.28485742,-0.1291759,0.94982618,0
1.4922566,-0.2399779,-0.7253958,0.28485742,0.1291759,-0.94982618,0
1.4413053,-0.9655301,-0.64636278,0.86448807,-0.46272382,0.19633391,0
-0.29904732,-0.77640939,-1.1974137,0.28485742,0.1291759,-0.94982618,0
-1.3958992,-0.79540354,-0.69919002,-0.41414562,-0.87704057,-0.24348128,0
0.21790397,0.37068868,1.1419644,-0.28485742,-0.1291759,0.94982618,0
1.3058226,-0.49480164,-0.66130835,0.28485742,0.1291759,-0.94982618,0
-1.6800267,0.20318401,0.6507656,-0.28485742,-0.1291759,0.94982618,0
-0.0050093383,1.6133034,0.44962168,0.41414562,0.87704057,0.24348128,0
0.73735672,-0.48272848,-0.82145822,0.28485742,0.1291759,-0.94982618,0
0.62288374,1.2970597,0.19312692,0.41414562,0.87704057,0.24348128,0
-0.47519711,1.8374184,0.36124706,0.41414562,0.87704057,0.24348128,0
1.1135278,-0.83613086,1.1125736,0.86448807,-0.46272382,0.19633391,0
-1.8009875,-0.82576519,-0.34184861,-0.41414562,-0.87704057,-0.24348128,0
-0.67846364,0.81320971,-1.2367181,0.28485742,0.1291759,-0.94982618,0
-1.1943656,-0.69123387,0.65343797,-0.28485742,-0.1291759,0.94982618,0
1.5048521,0.85924202,0.50337231,0.41414562,0.87704057,0.24348128,0
0.70306385,0.051621675,-0.83706588,0.28485742,0.1291759,-0.94982618,0
-0.79074985,-1.4659128,0.56321812,-0.28485742,-0.1291759,0.94982618,0
-1.0851099,-1.1542075,-0.31724167,-0.41414562,-0.87704057,-0.24348128,0
-0.28390536,-1.1703583,-1.3200436,0.28485742,0.1291759,-0.94982618,0
-0.84832245,0.62050581,-1.2391999,0.28485742,0.1291759,-0.94982618,0
-0.52400547,0.079145551,-1.1772363,0.28485742,0.1291759,-0.94982618,0
-1.0838412,-0.4775373,0.696944,-0.28485742,-0.1291759,0.94982618,0
1.4393319,-0.18283129,0.96480834,0.86448807,-0.46272382,0.19633391,0
-1.3631927,-0.99343681,-0.011392832,-0.41414562,-0.87704057,-0.24348128,0
-0.42086703,1.22488,-0.96826625,0.28485742,0.1291759,-0.94982618,0
0.46819848,-1.4431666,-1.1470001,0.28485742,0.1291759,-0.94982618,0
0.43603212,-1.1366271,-1.14464,0.28485742,0.1291759,-0.94982618,0
-1.0257142,0.86350977,0.91176641,-0.28485742,-0.1291759,0.94982618,0
-1.6076498,-0.4155457,-1.5970252,-0.86448807,0.46272382,-0.19633391,0
-0.3441416,1.2193528,1.1819172,-0.28485742,-0.1291759,0.94982618,0
-1.3719702,0.42002064,-0.56924736,-0.86448807,0.46272382,-0.19633391,0
-1.086773,0.29492378,-1.4195265,0.28485742,0.1291759,-0.94982618,0
-1.1457015,-0.71854115,-1.4937992,0.28485742,0.1291759,-0.94982618,0
-0.90360987,0.11608577,-1.2892606,0.28485742,0.1291759,-0.94982618,0
0.085596919,1.8431823,-0.28442907,0.41414562,0.87704057,0.24348128,0
1.3134487,1.0632455,0.42927825,0.41414562,0.87704057,0.24348128,0
-0.72389036,1.8157381,-0.32128453,-0.86448807,0.46272382,-0.19633391,0
0.085323781,-1.7241817,-0.4194231,-0.41414562,-0.87704057,-0.24348128,0
-0.43830383,2.0010123,-0.89104962,-0.86448807,0.46272382,-0.19633391,0
-0.013536513,-1.5345662,0.77275169,-0.28485742,-0.1291759,0.94982618,0
-1.5247891,0.10402715,-0.74477839,-0.86448807,0.46272382,-0.19633391,0
1.5199723,0.034948587,-0.64798272,0.28485742,0.1291759,-0.94982618,0
1.3596797,-0.51835901,0.19511032,0.86448807,-0.46272382,0.19633391,0
0.78270602,1.5523714,-0.69266236,0.41414562,0.87704057,0.24348128,0
0.60461831,0.50164306,1.3128128,-0.28485742,-0.1291759,0.94982618,0
-0.058194563,-0.60336995,-1.0570694,0.28485742,0.1291759,-0.94982618,0
-0.61340582,-0.83664781,0.67728168,-0.28485742,-0.1291759,0.94982618,0
-0.86468303,0.97489357,-1.2272999,0.28485742,0.1291759,-0.94982618,0
-1.2532995,0.64239466,-0.39408371,-0.86448807,0.46272382,-0.19633391,0
0.64562416,1.4013124,-0.22668183,0.41414562,0.87704057,0.24348128,0
1.5943348,0.97114319,0.14655936,0.41414562,0.87704057,0.24348128,0
-1.7183059,0.0061251521,-0.44423097,-0.86448807,0.46272382,-0.19633391,0
-0.016238302,-0.88054264,-1.2270237,0.28485742,0.1291759,-0.94982618,0
0.78149974,-0.95248675,1.195685,-0.28485742,-0.1291759,0.94982618,0
0.16882873,-1.080418,0.8728953,-0.28485742,-0.1291759,0.94982618,0
0.85071588,-1.2532868,0.54513127,0.86448807,-0.46272382,0.19633391,0
-0.39578342,0.062726974,0.96097255,-0.28485742,-0.1291759,0.94982618,0
-1.0232134,1.3244407,0.37273389,-0.86448807,0.46272382,-0.19633391,0
-0.92707527,0.97223419,-1.1383324,-0.86448807,0.46272382,-0.19633391,0
-2.0380967,-0.53394389,0.26744688,-0.28485742,-0.1291759,0.94982618,0
-1.9890769,-0.23677912,0.13768649,-0.86448807,0.46272382,-0.19633391,0
-0.64983022,0.46284658,0.90526843,-0.28485742,-0.1291759,0.94982618,0
0.28923294,1.445194,0.7694757,0.41414562,0.87704057,0.24348128,0
1.7273586,0.20968023,0.29789233,0.86448807,-0.46272382,0.19633391,0
1.1844499,-0.57919991,0.91727346,0.86448807,-0.46272382,0.19633391,0
1.2399411,0.41008085,-0.54882181,0.28485742,0.1291759,-0.94982618,0
-1.5110289,0.49922585,0.26665395,-0.86448807,0.46272382,-0.19633391,0
0.26439932,1.5398685,0.03149116,0.41414562,0.87704057,0.24348128,0
-0.38753104,-1.2657056,-1.2855673,0.28485742,0.1291759,-0.94982618,0
-0.34368455,1.7518209,0.72483432,0.41414562,0.87704057,0.24348128,0
0.46160376,-1.9424682,0.74507535,0.86448807,-0.46272382,0.19633391,0
0.10854669,1.4170314,0.56465435,0.41414562,0.87704057,0.24348128,0
0.45761451,0.8341229,-0.73902273,0.28485742,0.1291759,-0.94982618,0
-1.1240526,-0.93293899,-0.60675561,-0.41414562,-0.87704057,-0.24348128,0
1.2388546,-0.4549315,1.2455223,0.86448807,-0.46272382,0.19633391,0
-0.40466252,-0.67625332,-1.2422023,0.28485742,0.1291759,-0.94982618,0
-0.85831881,1.4106672,-0.93270946,-0.86448807,0.46272382,-0.19633391,0
0.8588779,-1.1909888,0.75647116,0.86448807,-0.46272382,0.19633391,0
1.7310486,0.54891181,1.1461239,0.41414562,0.87704057,0.24348128,0
-1.548597,0.60285091,0.090163082,-0.86448807,0.46272382,-0.19633391,0
1.6761749,-0.28453264,-0.21037307,0.86448807,-0.46272382,0.19633391,0
0.5364548,1.5658479,-0.69025409,0.28485742,0.1291759,-0.94982618,0
-0.36478296,-0.91774535,-1.2572465,0.28485742,0.1291759,-0.94982618,0
-0.32171181,-1.8036795,0.59432912,-0.41414562,-0.87704057,-0.24348128,0
1.1665341,-0.76330739,-0.71713603,0.28485742,0.1291759,-0.94982618,0
1.6043055,0.18321788,1.1380795,0.86448807,-0.46272382,0.19633391,0
-0.82432735,0.83550358,0.84683591,-0.28485742,-0.1291759,0.94982618,0
-0.84497643,-1.0548137,-1.173771,-0.41414562,-0.87704057,-0.24348128,0
-0.6692366,-1.3961082,-0.25688982,-0.41414562,-0.87704057,-0.24348128,0
-0.39457709,1.6872427,0.61270905,0.41414562,0.87704057,0.24348128,0
-0.33282107,-1.5449508,-0.41557729,-0.41414562,-0.87704057,-0.24348128,0
1.7760731,0.53552693,-0.42365849,0.28485742,0.1291759,-0.94982618,0
-1.2069681,-1.1751639,-0.13671851,-0.41414562,-0.87704057,-0.24348128,0
0.68024635,0.45100367,-0.86444867,0.28485742,0.1291759,-0.94982618,0
-0.85037947,1.8673804,0.12958813,-0.86448807,0.46272382,-0.19633391,0
0.8065539,1.1088476,-0.63790238,0.28485742,0.1291759,-0.94982618,0
-0.26390144,-1.5164144,-0.59595954,-0.41414562,-0.87704057,-0.24348128,0
1.8047537,0.16368985,-0.55879474,0.28485742,0.1291759,-0.94982618,0
1.0583404,-1.4707668,-0.51740515,0.86448807,-0.46272382,0.19633391,0
-0.64349121,0.78101075,-1.191349,0.28485742,0.1291759,-0.94982618,0
-0.85069293,0.52444887,-1.271678,0.28485742,0.1291759,-0.94982618,0
-0.48803392,-1.1549703,0.84865177,-0.28485742,-0.1291759,0.94982618,0
0.44609153,-0.79887265,-0.92333823,0.28485742,0.1291759,-0.94982618,0
-1.253956,-0.80540109,-1.3763644,-0.41414562,-0.87704057,-0.24348128,0
0.30300188,-1.971998,0.68901825,-0.41414562,-0.87704057,-0.24348128,0
-0.030208945,1.1585321,-0.96418506,0.28485742,0.1291759,-0.94982618,0
1.2282987,1.2800369,-0.23009968,0.41414562,0.87704057,0.24348128,0
0.4364112,-1.5477947,1.0417374,-0.28485742,-0.1291759,0.94982618,0
0.25589567,-2.0569973,0.77780962,-0.41414562,-0.87704057,-0.24348128,0
1.1256114,1.002458,0.36097682,0.41414562,0.87704057,0.24348128,0
0.16519339,1.1643203,1.2445276,-0.28485742,-0.1291759,0.94982618,0
0.049767613,-0.91956806,-1.144845,0.28485742,0.1291759,-0.94982618,0
0.28753281,1.592412,-0.43191433,0.41414562,0.87704057,0.24348128,0
-1.5377929,-0.33918166,-1.2392122,-0.86448807,0.46272382,-0.19633391,0
1.2110848,-0.7685613,0.96033412,0.86448807,-0.46272382,0.19633391,0
-1.4194508,-1.088936,0.55133915,-0.28485742,-0.1291759,0.94982618,0
0.44946665,-2.1724713,0.83431673,-0.41414562,-0.87704057,-0.24348128,0
-0.40732139,-1.7274144,0.58979201,-0.41414562,-0.87704057,-0.24348128,0
0.82092667,-1.2982163,-0.91527337,0.28485742,0.1291759,-0.94982618,0
-0.44285011,1.0339625,1.0065157,-0.28485742,-0.1291759,0.94982618,0
-0.85820353,1.0403996,-1.0217566,-0.86448807,0.46272382,-0.19633391,0
1.2133934,-0.11870706,1.4984303,-0.28485742,-0.1291759,0.94982618,0
-0.24376386,1.3929741,-0.95178211,0.28485742,0.1291759,-0.94982618,0
1.6951983,0.42384124,0.98113495,0.86448807,-0.46272382,0.19633391,0
0.76829314,0.51502872,1.262516,-0.28485742,-0.1291759,0.94982618,0
0.64187694,-1.9238969,-0.15554464,-0.41414562,-0.87704057,-0.24348128,0
-0.28149819,1.2259061,-0.9900775,0.28485742,0.1291759,-0.94982618,0
-1.1282216,-1.0155809,-0.83401501,-0.41414562,-0.87704057,-0.24348128,0
1.4104704,-0.62333614,0.37595904,0.86448807,-0.46272382,0.19633391,0
-0.13374914,-1.0906533,-1.2533152,0.28485742,0.1291759,-0.94982618,0
1.8816848,0.49078304,0.74746281,0.86448807,-0.46272382,0.19633391,0
-2.0772185,-0.64398241,-0.20848382,-0.86448807,0.46272382,-0.19633391,0
-1.3007135,0.247908,-0.89352334,-0.86448807,0.46272382,-0.19633391,0
1.3673154,0.4893766,-0.53170162,0.28485742,0.1291759,-0.94982618,0
-1.3218778,0.63635886,-0.37338042,-0.86448807,0.46272382,-0.19633391,0
1.1925141,1.0582492,0.3767153,0.41414562,0.87704057,0.24348128,0
-0.57937264,-1.2324694,-1.0207882,-0.41414562,-0.87704057,-0.24348128,0
0.37830567,1.6080067,-0.67135024,0.41414562,0.87704057,0.24348128,0
-1.9414895,-0.15574336,0.34231615,-0.86448807,0.46272382,-0.19633391,0
0.69184011,-1.9860523,0.1975615,0.86448807,-0.46272382,0.19633391,0
1.0204663,1.1398904,-0.67723382,0.28485742,0.1291759,-0.94982618,0
-1.8678181,-0.63956708,-0.6704483,-0.86448807,0.46272382,-0.19633391,0
-0.75155008,1.8177316,0.099559546,-0.86448807,0.46272382,-0.19633391,0
-1.4461995,-0.75910413,-0.95822334,-0.41414562,-0.87704057,-0.24348128,0
0.82882929,0.4713695,1.3674328,-0.28485742,-0.1291759,0.94982618,0
-1.6469262,-0.24180949,-1.1201292,-0.86448807,0.46272382,-0.19633391,0
1.1952581,-0.57453728,1.3694896,0.86448807,-0.46272382,0.19633391,0
-1.6181439,-0.17453617,-0.75276101,-0.86448807,0.46272382,-0.19633391,0
-0.031481296,-1.2246727,-1.3302698,0.28485742,0.1291759,-0.94982618,0
1.3002603,0.1121645,1.5242494,-0.28485742,-0.1291759,0.94982618,0
-1.9969293,-0.7478441,0.10535181,-0.41414562,-0.87704057,-0.24348128,0
1.7481107,0.04524127,-0.024917245,0.86448807,-0.46272382,0.19633391,0
1.0207505,0.2497527,-0.73801303,0.28485742,0.1291759,-0.94982618,0
-1.24633,-1.1854489,0.55468893,-0.28485742,-0.1291759,0.94982618,0
-0.80842364,-1.1695486,0.63196921,-0.28485742,-0.1291759,0.94982618,0
0.75560039,1.1432595,1.0070187,0.41414562,0.87704057,0.24348128,0
-0.003247723,-1.6273721,-0.36350405,-0.41414562,-0.87704057,-0.24348128,0
-1.2260091,1.151652,0.31884992,-0.86448807,0.46272382,-0.19633391,0
-0.25930122,-1.3233262,-1.1376361,-0.41414562,-0.87704057,-0.24348128,0
0.84957075,1.3532724,-0.23983419,0.41414562,0.87704057,0.24348128,0
1.7115304,0.24091503,-0.54985821,0.28485742,0.1291759,-0.94982618,0
1.4232099,-0.83008718,-0.64216554,0.28485742,0.1291759,-0.94982618,0
1.4705501,-0.49009186,-0.72038853,0.28485742,0.1291759,-0.94982618,0
1.2369847,-0.1220963,1.4315335,-0.28485742,-0.1291759,0.94982618,0
-1.3098519,-0.094312549,0.68590844,-0.28485742,-0.1291759,0.94982618,0
0.19595075,-1.9168117,0.67437339,-0.41414562,-0.87704057,-0.24348128,0
1.9651448,0.40508452,-0.38510346,0.28485742,0.1291759,-0.94982618,0
0.49955052,-1.6412532,-0.99846792,-0.41414562,-0.87704057,-0.24348128,0
1.4240283,-0.44547981,0.44959968,0.86448807,-0.46272382,0.19633391,0
0.56049263,0.35163486,1.3432062,-0.28485742,-0.1291759,0.94982618,0
0.8902657,-1.3271804,0.30972207,0.86448807,-0.46272382,0.19633391,0
0.37456751,1.4785788,0.48027289,0.41414562,0.87704057,0.24348128,0
0.98729682,-1.7911737,-0.97902566,0.28485742,0.1291759,-0.94982618,0
0.35974473,-2.0447905,0.53267217,-0.41414562,-0.87704057,-0.24348128,0
-0.46133709,0.7662527,1.0503771,-0.28485742,-0.1291759,0.94982618,0
0.72550637,-1.3692534,1.0021406,0.86448807,-0.46272382,0.19633391,0
-1.6110145,0.15472297,-0.28864849,-0.86448807,0.46272382,-0.19633391,0
1.0908155,-0.7734015,1.0451949,0.86448807,-0.46272382,0.19633391,0
1.6172564,0.80989355,-0.49717426,0.28485742,0.1291759,-0.94982618,0
0.51199055,-1.5183246,-1.1079497,0.28485742,0.1291759,-0.94982618,0
-1.1909688,0.51994133,-1.2879198,-0.86448807,0.46272382,-0.19633391,0
1.5405433,-0.41739559,-0.25502264,0.86448807,-0.46272382,0.19633391,0
-0.33099756,1.9084008,0.15405071,0.41414562,0.87704057,0.24348128,0
-0.76193267,-1.2035496,0.58992755,-0.28485742,-0.1291759,0.94982618,0
1.8387913,0.53127074,0.51271272,0.86448807,-0.46272382,0.19633391,0
-0.5400629,-1.5183289,-0.10724032,-0.41414562,-0.87704057,-0.24348128,0
-0.81912446,1.7176187,0.17477942,-0.86448807,0.46272382,-0.19633391,0
0.75630248,-1.5627825,0.87511218,0.86448807,-0.46272382,0.19633391,0
1.4856236,0.6929481,1.4644908,0.41414562,0.87704057,0.24348128,0
0.060781911,-1.6413188,-0.29544258,-0.41414562,-0.87704057,-0.24348128,0
1.6805763,0.93642956,-0.45646179,0.41414562,0.87704057,0.24348128,0
0.48940712,1.3198187,0.47665834,0.41414562,0.87704057,0.24348128,0
0.37097692,1.3587142,0.31182539,0.41414562,0.87704057,0.24348128,0
-1.4736497,0.12164974,-1.3565407,-0.86448807,0.46272382,-0.19633391,0
1.6388009,0.35941768,1.3997036,0.86448807,-0.46272382,0.19633391,0
-0.11076017,-0.96627402,-1.1606611,0.28485742,0.1291759,-0.94982618,0
0.28842857,-1.9342606,0.066029549,-0.41414562,-0.87704057,-0.24348128,0
0.69672036,-1.8331417,-0.63197005,-0.41414562,-0.87704057,-0.24348128,0
1.3655,-0.39540607,0.68262392,0.86448807,-0.46272382,0.19633391,0
-0.82114959,1.7820072,0.55632901,-0.86448807,0.46272382,-0.19633391,0
-1.3207016,0.43658197,-0.4169623,-0.86448807,0.46272382,-0.19633391,0
-0.94470191,1.3759226,-0.034446597,-0.86448807,0.46272382,-0.19633391,0
-0.030678377,0.55836248,1.069615,-0.28485742,-0.1291759,0.94982618,0
1.0191846,-0.51819766,1.2766794,-0.28485742,-0.1291759,0.94982618,0
1.0779419,-1.5659504,-0.52482402,0.86448807,-0.46272382,0.19633391,0
-1.8924012,-0.73438358,-0.093665004,-0.41414562,-0.87704057,-0.24348128,0
0.52127957,-1.4934639,1.0442637,-0.28485742,-0.1291759,0.94982618,0
-1.1185894,0.78851837,-0.80600256,-0.86448807,0.46272382,-0.19633391,0
1.8468008,0.63069594,1.0419788,0.41414562,0.87704057,0.24348128,0
-0.21009493,1.8077602,0.014568806,0.41414562,0.87704057,0.24348128,0
-0.053759366,-1.6299105,-0.19806433,-0.41414562,-0.87704057,-0.24348128,0
0.3766413,-1.7859025,-0.091907024,-0.41414562,-0.87704057,-0.24348128,0
-0.16413742,1.8630719,-0.066726208,0.41414562,0.87704057,0.24348128,0
-0.34434843,1.91927,-0.3256253,0.41414562,0.87704057,0.24348128,0
-1.9051654,-0.27247134,-0.16017514,-0.86448807,0.46272382,-0.19633391,0
0.51669943,1.3989369,0.1948148,0.41414562,0.87704057,0.24348128,0
-1.0600984,1.0448062,-0.74514401,-0.86448807,0.46272382,-0.19633391,0
0.63622099,-0.3687222,1.1050333,-0.28485742,-0.1291759,0.94982618,0
-1.0241086,1.1771452,0.97323132,-0.28485742,-0.1291759,0.94982618,0
-1.7372706,-0.16651529,-0.077197075,-0.86448807,0.46272382,-0.19633391,0
-0.32930684,-0.96282506,0.91431564,-0.28485742,-0.1291759,0.94982618,0
0.26793569,-1.5021118,-0.86204183,-0.41414562,-0.87704057,-0.24348128,0
-1.7023543,-0.36559302,-0.78777093,-0.86448807,0.46272382,-0.19633391,0
-1.1493586,-0.86714637,-1.3927791,-0.41414562,-0.87704057,-0.24348128,0
0.43390125,1.4016993,0.39338028,0.41414562,0.87704057,0.24348128,0
-1.0711762,1.7200079,0.65051019,-0.86448807,0.46272382,-0.19633391,0
0.91963005,-1.3931942,-0.15252852,0.86448807,-0.46272382,0.19633391,0
1.1111319,1.2625449,-0.1858958,0.41414562,0.87704057,0.24348128,0
-1.3837101,-0.88963449,-0.29736602,-0.41414562,-0.87704057,-0.24348128,0
-1.5258634,0.35433954,-0.13195445,-0.86448807,0.46272382,-0.19633391,0
0.58272874,-1.205242,1.1666451,-0.28485742,-0.1291759,0.94982618,0
1.5809622,0.59372556,1.5073112,0.41414562,0.87704057,0.24348128,0
1.072595,-1.7214439,-0.80047947,0.86448807,-0.46272382,0.19633391,0
-0.80603331,0.49089277,-1.311574,0.28485742,0.1291759,-0.94982618,0
0.68519437,-1.9747651,0.029946804,-0.41414562,-0.87704057,-0.24348128,0
-0.76259756,-0.97123623,-1.0803514,-0.41414562,-0.87704057,-0.24348128,0
0.3864294,0.95825493,1.2842398,-0.28485742,-0.1291759,0.94982618,0
-0.64068282,1.6129978,-0.77701271,-0.86448807,0.46272382,-0.19633391,0
-0.9737972,1.04008,-0.82385576,-0.86448807,0.46272382,-0.19633391,0
1.6847467,0.64603132,0.59551191,0.41414562,0.87704057,0.24348128,0
1.0762331,-0.36328626,1.2329102,-0.28485742,-0.1291759,0.94982618,0
0.39505309,0.047997355,1.1109484,-0.28485742,-0.1291759,0.94982618,0
0.65255684,-1.7789927,1.0205166,0.86448807,-0.46272382,0.19633391,0
-0.17670226,-1.831722,0.44819188,-0.41414562,-0.87704057,-0.24348128,0
0.74170429,-1.582691,0.79488492,0.86448807,-0.46272382,0.19633391,0
-0.069117934,1.8385489,-0.21243334,0.41414562,0.87704057,0.24348128,0
-1.2988192,-0.62550581,-1.4432778,-0.41414562,-0.87704057,-0.24348128,0
0.87044531,0.80258,-0.68001485,0.28485742,0.1291759,-0.94982618,0
1.1466242,0.85330755,0.74865496,0.41414562,0.87704057,0.24348128,0
-0.43098095,-1.0910846,0.71455467,-0.28485742,-0.1291759,0.94982618,0
0.67429549,-1.6979206,0.68486822,0.86448807,-0.46272382,0.19633391,0
1.2698554,-0.94196379,0.19714186,0.86448807,-0.46272382,0.19633391,0
-1.8727746,-0.53722912,-0.93985707,-0.86448807,0.46272382,-0.19633391,0
-0.9602145,-1.0471724,-0.90629601,-0.41414562,-0.87704057,-0.24348128,0
0.41494432,0.33375061,1.2328082,-0.28485742,-0.1291759,0.94982618,0
0.706954,0.20248091,1.2495126,-0.28485742,-0.1291759,0.94982618,0
-0.2816833,1.9334071,0.074627638,0.41414562,0.87704057,0.24348128,0
-1.6161982,-0.62085617,-0.98144007,-0.41414562,-0.87704057,-0.24348128,0
-0.88191986,-1.1152184,-0.3331871,-0.41414562,-0.87704057,-0.24348128,0
0.69942039,-1.4479191,0.87395287,0.86448807,-0.46272382,0.19633391,0
1.4479839,1.1062772,-0.19999027,0.41414562,0.87704057,0.24348128,0
1.3363941,-0.77520692,-0.080591261,0.86448807,-0.46272382,0.19633391,0
0.89515692,-1.2407814,1.1106136,0.86448807,-0.46272382,0.19633391,0
0.82870209,1.2876781,0.11638403,0.41414562,0.87704057,0.24348128,0
0.26462325,-1.7936144,-0.45145917,-0.41414562,-0.87704057,-0.24348128,0
-1.440366,0.42275265,0.17748827,-0.86448807,0.46272382,-0.19633391,0
-0.10285771,-1.6066483,0.097151875,-0.41414562,-0.87704057,-0.24348128,0
1.5762794,0.27215242,0.92132378,0.86448807,-0.46272382,0.19633391,0
1.5888298,0.098298311,0.69209623,0.86448807,-0.46272382,0.19633391,0
-1.8751314,-0.41574568,0.4610703,-0.28485742,-0.1291759,0.94982618,0
0.1965618,-0.14616787,-1.019647,0.28485742,0.1291759,-0.94982618,0
1.2407026,0.70910215,1.5729486,-0.28485742,-0.1291759,0.94982618,0
1.0723814,-1.6840519,-0.55695856,0.86448807,-0.46272382,0.19633391,0
2.0432832,0.58216041,0.29339838,0.86448807,-0.46272382,0.19633391,0
-1.0786508,1.0665396,-0.28499162,-0.86448807,0.46272382,-0.19633391,0
-0.1002391,-1.7108996,-0.23381793,-0.41414562,-0.87704057,-0.24348128,0
-0.97485304,-1.3104159,0.15533841,-0.41414562,-0.87704057,-0.24348128,0
-1.2348363,0.11297023,-1.5103531,0.28485742,0.1291759,-0.94982618,0
0.30186298,0.046851754,1.1279565,-0.28485742,-0.1291759,0.94982618,0
-0.15644029,1.8408562,0.12787187,0.41414562,0.87704057,0.24348128,0
-1.5818114,-0.06255424,-1.1212251,-0.86448807,0.46272382,-0.19633391,0
-1.7191703,0.13867399,-0.2195873,-0.86448807,0.46272382,-0.19633391,0
0.23403884,-1.1714886,-1.2109263,0.28485742,0.1291759,-0.94982618,0
-0.75253284,0.55802596,-1.299852,0.28485742,0.1291759,-0.94982618,0
1.8351688,0.39579827,0.3011325,0.86448807,-0.46272382,0.19633391,0
-0.89028323,1.8504303,0.38867307,-0.86448807,0.46272382,-0.19633391,0
-0.23365432,2.1533613,-0.86729121,0.41414562,0.87704057,0.24348128,0
-0.030757189,-1.2389243,0.79115522,-0.28485742,-0.1291759,0.94982618,0
-0.12373164,-1.2215099,-1.1975031,-0.41414562,-0.87704057,-0.24348128,0
-1.0716984,1.0922835,-0.50505805,-0.86448807,0.46272382,-0.19633391,0
-0.33160418,2.0334215,-0.9032172,0.41414562,0.87704057,0.24348128,0
-1.9214736,-0.44067436,-0.097138524,-0.86448807,0.46272382,-0.19633391,0
-0.73192155,1.8061913,0.62319016,0.41414562,0.87704057,0.24348128,0
1.1735573,-0.14952135,-0.79332572,0.28485742,0.1291759,-0.94982618,0
-0.09926407,0.65876019,1.1680752,-0.28485742,-0.1291759,0.94982618,0
0.39922607,-1.7042561,0.87719595,-0.28485742,-0.1291759,0.94982618,0
0.40093932,-1.4627357,-1.1498559,0.28485742,0.1291759,-0.94982618,0
-0.43880105,2.0130329,-0.61582279,-0.86448807,0.46272382,-0.19633391,0
-1.3462296,-0.040001631,-1.4588524,0.28485742,0.1291759,-0.94982618,0
-0.84257501,1.0225737,-1.0681757,0.28485742,0.1291759,-0.94982618,0
1.9823128,0.316089,0.078045964,0.86448807,-0.46272382,0.19633391,0
1.1368754,1.2252364,-0.22231162,0.41414562,0.87704057,0.24348128,0
0.88346827,-0.72132188,-0.8492552,0.28485742,0.1291759,-0.94982618,0
-1.116101,1.1402642,-0.50127697,-0.86448807,0.46272382,-0.19633391,0
-1.7965007,-0.41485989,-0.73128057,-0.86448807,0.46272382,-0.19633391,0
0.56935728,0.69154549,1.3255589,-0.28485742,-0.1291759,0.94982618,0
1.0371574,1.1055865,0.012734413,0.41414562,0.87704057,0.24348128,0
0.14607435,-1.8792446,0.36345124,-0.41414562,-0.87704057,-0.24348128,0
-0.9292649,-0.31048834,-1.4246528,0.28485742,0.1291759,-0.94982618,0
-0.42454109,-0.2082603,-1.1480948,0.28485742,0.1291759,-0.94982618,0
-0.32651743,-1.0129308,-1.3401378,0.28485742,0.1291759,-0.94982618,0
-0.68889511,-1.1660167,-1.1034191,-0.41414562,-0.87704057,-0.24348128,0
-0.85451961,-1.4081302,0.15494156,-0.41414562,-0.87704057,-0.24348128,0
-0.17839983,-1.6902112,0.84358084,-0.28485742,-0.1291759,0.94982618,0
-1.4508507,0.50500274,0.34072113,-0.86448807,0.46272382,-0.19633391,0
-1.6008543,0.10836041,-0.66954786,-0.86448807,0.46272382,-0.19633391,0
0.094583049,-1.5627239,-0.35532677,-0.41414562,-0.87704057,-0.24348128,0
-1.2095095,0.6008783,-0.98331499,-0.86448807,0.46272382,-0.19633391,0
1.0489836,0.543715,-0.64924371,0.28485742,0.1291759,-0.94982618,0
-0.1944555,-1.8297498,0.65472531,-0.41414562,-0.87704057,-0.24348128,0
1.1527904,0.63136733,1.3856761,-0.28485742,-0.1291759,0.94982618,0
1.3344392,1.0499079,-0.51286042,0.28485742,0.1291759,-0.94982618,0
1.2559638,-0.91664165,-0.44229227,0.86448807,-0.46272382,0.19633391,0
1.5900182,1.0261395,-0.31425786,0.41414562,0.87704057,0.24348128,0
-1.084305,-1.0574266,-0.89285719,-0.41414562,-0.87704057,-0.24348128,0
-0.96702409,-0.91791779,0.61568427,-0.28485742,-0.1291759,0.94982618,0
-1.3788736,0.69176388,-0.39299196,-0.86448807,0.46272382,-0.19633391,0
-0.96213639,1.4830959,-0.22408855,-0.86448807,0.46272382,-0.19633391,0
-1.0781457,0.2391215,0.68169683,-0.28485742,-0.1291759,0.94982618,0
-1.6027788,-0.94806749,-0.30179346,-0.41414562,-0.87704057,-0.24348128,0
1.2937663,0.43587413,-0.61405712,0.28485742,0.1291759,-0.94982618,0
-0.47618771,-1.2406343,-1.2430049,-0.41414562,-0.87704057,-0.24348128,0
-1.6321775,-0.77863669,-0.92111641,-0.41414562,-0.87704057,-0.24348128,0
1.6133466,0.34279001,1.0380714,0.86448807,-0.46272382,0.19633391,0
0.38072708,1.4692187,0.17334127,0.41414562,0.87704057,0.24348128,0
-0.70985579,0.55845886,0.92118502,-0.28485742,-0.1291759,0.94982618,0
1.0122734,1.1912425,-0.080289602,0.41414562,0.87704057,0.24348128,0
1.1046784,-1.3658214,-0.82809138,0.28485742,0.1291759,-0.94982618,0
-0.70487612,-1.4076293,0.39937901,-0.41414562,-0.87704057,-0.24348128,0
-1.0817137,-1.0894871,-0.32393801,-0.41414562,-0.87704057,-0.24348128,0
1.4355589,0.85300905,0.88056624,0.41414562,0.87704057,0.24348128,0
-1.4282069,-0.11490262,-1.1260846,-0.86448807,0.46272382,-0.19633391,0
0.20845389,1.6344143,-0.48770022,0.41414562,0.87704057,0.24348128,0
0.82516342,-0.80441171,1.15611,-0.28485742,-0.1291759,0.94982618,0
0.67460966,-1.1404166,1.2039043,-0.28485742,-0.1291759,0.94982618,0
-0.89580047,1.6835413,0.12744176,-0.86448807,0.46272382,-0.19633391,0
-1.0362067,0.14887387,0.70269191,-0.28485742,-0.1291759,0.94982618,0
1.5814437,0.29426944,1.5470275,0.86448807,-0.46272382,0.19633391,0
1.1425433,-1.0562172,-0.1755321,0.86448807,-0.46272382,0.19633391,0
-0.85993648,-1.5433531,0.51027679,-0.41414562,-0.87704057,-0.24348128,0
1.345139,-0.63600624,0.32692072,0.86448807,-0.46272382,0.19633391,0
