-1.2976425,-0.98859394,-1.5294833,-0.079545051,0.40472186,-0.91097355,0
2.3134646,2.144423,0.15669036,0.48791111,0.81272423,0.31846845,0
0.45184675,2.158664,2.1000547,0.079545051,-0.40472186,0.91097355,0
0.0020996332,2.1865659,2.1362677,-0.86926138,0.41914153,0.26211649,0
-1.8468322,-0.22801423,-0.93475986,-0.079545051,0.40472186,-0.91097355,0
2.1541448,2.0681801,0.82936454,0.48791111,0.81272423,0.31846845,0
-1.0695877,0.72292972,1.3743995,-0.86926138,0.41914153,0.26211649,0
-1.8047574,-2.595006,-0.18657756,-0.48791111,-0.81272423,-0.31846845,0
-1.9951655,-0.80004573,0.60129333,-0.86926138,0.41914153,0.26211649,0
-0.87026155,-1.2439165,0.58560777,0.079545051,-0.40472186,0.91097355,0
-0.95965189,1.2986364,-0.39135015,-0.079545051,0.40472186,-0.91097355,0
-1.4134636,-2.2120433,-1.3970783,-0.48791111,-0.81272423,-0.31846845,0
1.2950832,-0.59193313,-0.48513323,0.86926138,-0.41914153,-0.26211649,0
1.8316098,2.0222416,1.5602839,0.48791111,0.81272423,0.31846845,0
-0.57069099,-1.3154892,0.64929354,0.079545051,-0.40472186,0.91097355,0
-0.34654766,2.36642,0.83479857,-0.86926138,0.41914153,0.26211649,0
-0.47390896,-2.9131064,-1.4979336,-0.48791111,-0.81272423,-0.31846845,0
1.4450622,2.5443745,0.53197098,0.48791111,0.81272423,0.31846845,0
-0.28770339,1.4252398,-0.49587643,-0.079545051,0.40472186,-0.91097355,0
0.96755731,-1.5917863,-0.015251994,0.86926138,-0.41914153,-0.26211649,0
0.90486801,2.4178436,1.9699938,0.48791111,0.81272423,0.31846845,0
0.66492617,1.6246548,-0.42941844,-0.079545051,0.40472186,-0.91097355,0
-1.7226191,-0.19012253,0.55781287,-0.86926138,0.41914153,0.26211649,0
-2.103699,-1.7991116,0.51161051,0.079545051,-0.40472186,0.91097355,0
-1.6104437,-1.932387,-1.8620038,-0.48791111,-0.81272423,-0.31846845,0
1.9169296,2.3115976,0.79954338,0.48791111,0.81272423,0.31846845,0
-1.7692842,0.42475855,-0.58364034,-0.86926138,0.41914153,0.26211649,0
-2.2771692,-1.4743536,0.18946886,-0.86926138,0.41914153,0.26211649,0
-0.94030225,0.73147416,1.4466808,-0.86926138,0.41914153,0.26211649,0
0.84243202,-1.0781118,0.64745593,0.079545051,-0.40472186,0.91097355,0
1.728542,2.4816015,0.33799028,0.48791111,0.81272423,0.31846845,0
-2.4255419,-2.1393986,-0.3601594,-0.48791111,-0.81272423,-0.31846845,0
1.7963488,2.2416215,0.9169426,0.48791111,0.81272423,0.31846845,0
0.66567206,2.7055717,1.2654853,0.48791111,0.81272423,0.31846845,0
-1.995048,-2.3903339,-0.36428094,-0.48791111,-0.81272423,-0.31846845,0
1.5225652,0.2165482,0.99770069,0.079545051,-0.40472186,0.91097355,0
0.15664944,-0.70038331,-1.3324879,-0.079545051,0.40472186,-0.91097355,0
0.91024953,-1.1313211,-1.2060809,0.86926138,-0.41914153,-0.26211649,0
-0.87016439,0.67709756,1.375991,-0.86926138,0.41914153,0.26211649,0
1.2935555,-0.10456836,0.89775956,0.079545051,-0.40472186,0.91097355,0
0.77528226,2.2734389,-0.097799301,-0.079545051,0.40472186,-0.91097355,0
1.8864224,2.0935528,-0.33946633,-0.079545051,0.40472186,-0.91097355,0
1.5804905,1.2412813,-0.62787747,-0.079545051,0.40472186,-0.91097355,0
-1.1167333,0.49460196,-0.84440488,-0.079545051,0.40472186,-0.91097355,0
0.29331291,3.1927872,0.80188894,0.48791111,0.81272423,0.31846845,0
-0.44315368,-3.2921994,-0.47170687,-0.48791111,-0.81272423,-0.31846845,0
-0.23651204,-0.19604254,0.94027209,0.079545051,-0.40472186,0.91097355,0
-0.18999478,-1.3978641,-1.780194,-0.079545051,0.40472186,-0.91097355,0
-0.77220345,-3.0866737,-0.65901661,-0.48791111,-0.81272423,-0.31846845,0
-0.6193794,-2.5378489,-2.1046679,-0.48791111,-0.81272423,-0.31846845,0
-2.4665117,-2.0130272,-0.74049973,-0.48791111,-0.81272423,-0.31846845,0
0.79637194,2.9557614,0.7524302,0.48791111,0.81272423,0.31846845,0
-2.7240953,-1.5265156,-1.2139254,-0.48791111,-0.81272423,-0.31846845,0
-0.69219798,-2.5357497,-2.0693121,-0.48791111,-0.81272423,-0.31846845,0
0.44900438,-0.88571525,-1.5612117,-0.079545051,0.40472186,-0.91097355,0
0.75495517,2.7281969,-0.00085020065,-0.079545051,0.40472186,-0.91097355,0
1.7880507,-0.24055016,0.55403394,0.86926138,-0.41914153,-0.26211649,0
-2.6344938,-1.5805542,-1.4269252,-0.48791111,-0.81272423,-0.31846845,0
1.2228769,2.6365871,1.035476,0.48791111,0.81272423,0.31846845,0
1.9530092,2.1530366,-0.20653629,-0.079545051,0.40472186,-0.91097355,0
-0.35836208,-3.0543127,-0.78896046,-0.48791111,-0.81272423,-0.31846845,0
-1.2435126,-1.7945868,-1.8707978,-0.079545051,0.40472186,-0.91097355,0
-0.21644282,3.0112929,0.15971088,-0.079545051,0.40472186,-0.91097355,0
1.3049883,-0.48078603,-0.58099389,0.86926138,-0.41914153,-0.26211649,0
-0.5353753,-3.2335916,-0.56374764,-0.48791111,-0.81272423,-0.31846845,0
-1.7465925,-2.5402503,-0.57066655,-0.48791111,-0.81272423,-0.31846845,0
0.62384105,2.765852,1.2965083,0.48791111,0.81272423,0.31846845,0
-0.60856003,-3.0106103,-0.95236731,-0.48791111,-0.81272423,-0.31846845,0
2.3966937,1.5896637,-0.36668062,0.86926138,-0.41914153,-0.26211649,0
0.57571179,2.7932374,1.5632899,0.48791111,0.81272423,0.31846845,0
0.41592723,-0.74818003,-1.4173559,-0.079545051,0.40472186,-0.91097355,0
1.8425233,1.8520077,1.7513649,0.079545051,-0.40472186,0.91097355,0
0.34329063,0.91784668,1.4269636,0.079545051,-0.40472186,0.91097355,0
-1.7669722,-2.2407861,-0.71749544,-0.48791111,-0.81272423,-0.31846845,0
2.1105852,0.76107967,0.2283355,0.86926138,-0.41914153,-0.26211649,0
-1.1207821,-2.1693661,0.24643207,0.079545051,-0.40472186,0.91097355,0
1.2212465,0.87848496,1.3341117,0.079545051,-0.40472186,0.91097355,0
-2.623183,-1.7866261,-0.32986188,-0.86926138,0.41914153,0.26211649,0
1.0104971,-0.97758114,-0.96422523,0.86926138,-0.41914153,-0.26211649,0
-0.63052368,-2.4374387,-2.0368395,-0.48791111,-0.81272423,-0.31846845,0
-0.16785508,-0.55782378,-1.2684602,-0.079545051,0.40472186,-0.91097355,0
2.3632979,1.7740799,1.4834504,0.48791111,0.81272423,0.31846845,0
0.47999197,-1.6796174,-1.2675128,0.86926138,-0.41914153,-0.26211649,0
0.62241751,-1.4478014,-1.0596498,0.86926138,-0.41914153,-0.26211649,0
2.1681094,1.9132475,1.0617106,0.48791111,0.81272423,0.31846845,0
0.95607537,0.10132253,1.0564204,0.079545051,-0.40472186,0.91097355,0
0.061852217,-3.1978621,-0.54214001,0.86926138,-0.41914153,-0.26211649,0
2.2388253,2.4604585,-0.093375683,0.48791111,0.81272423,0.31846845,0
1.4277442,-0.61184824,-0.12571411,0.86926138,-0.41914153,-0.26211649,0
0.28678226,1.9375921,-0.35329866,-0.079545051,0.40472186,-0.91097355,0
2.7574008,1.8252535,0.79820418,0.48791111,0.81272423,0.31846845,0
1.1517323,2.2650933,1.871778,0.48791111,0.81272423,0.31846845,0
1.6074654,0.069076777,0.98638052,0.079545051,-0.40472186,0.91097355,0
-0.081763506,-2.9955275,-1.5088291,0.86926138,-0.41914153,-0.26211649,0
1.5065187,2.3353076,-0.12899947,-0.079545051,0.40472186,-0.91097355,0
1.5426679,0.99809372,1.5119942,0.079545051,-0.40472186,0.91097355,0
-0.082559824,2.8484178,1.1350582,-0.86926138,0.41914153,0.26211649,0
2.5616794,1.5422655,1.4860911,0.079545051,-0.40472186,0.91097355,0
-1.1313393,-2.8360684,-0.17209363,-0.48791111,-0.81272423,-0.31846845,0
0.79386824,-1.7297449,-0.067801356,0.86926138,-0.41914153,-0.26211649,0
2.3911204,0.74676728,1.0285846,0.86926138,-0.41914153,-0.26211649,0
-1.5168039,0.61713433,-0.1145912,-0.86926138,0.41914153,0.26211649,0
-0.69621128,2.1081333,0.13056469,-0.86926138,0.41914153,0.26211649,0
1.5225359,2.7248716,0.12289906,0.48791111,0.81272423,0.31846845,0
-0.8824414,0.82423007,1.4278269,-0.86926138,0.41914153,0.26211649,0
-1.0128443,-0.94457328,-1.3290663,-0.079545051,0.40472186,-0.91097355,0
2.4603002,1.5450819,-0.32568264,0.86926138,-0.41914153,-0.26211649,0
-0.7141825,-2.9926982,-0.90239692,-0.48791111,-0.81272423,-0.31846845,0
-0.5824126,0.76516354,1.5741291,0.079545051,-0.40472186,0.91097355,0
2.2230496,2.2875831,0.24032331,0.48791111,0.81272423,0.31846845,0
1.1486588,2.2429478,1.7300296,0.48791111,0.81272423,0.31846845,0
-0.372347,-3.3078942,-0.33542418,-0.48791111,-0.81272423,-0.31846845,0
2.1904073,1.3830156,-0.67950368,-0.079545051,0.40472186,-0.91097355,0
-0.97973263,1.1767356,0.34264439,-0.86926138,0.41914153,0.26211649,0
2.1567268,2.4173396,-0.007450819,0.48791111,0.81272423,0.31846845,0
-2.1836517,-0.66486955,-0.54378235,-0.86926138,0.41914153,0.26211649,0
-0.29033422,-2.7132294,-1.7564285,-0.48791111,-0.81272423,-0.31846845,0
0.13737154,3.0968688,0.86131978,-0.86926138,0.41914153,0.26211649,0
0.17584318,-2.3567083,-1.5528841,0.86926138,-0.41914153,-0.26211649,0
2.5481129,1.8660851,0.035853863,0.86926138,-0.41914153,-0.26211649,0
-0.062141895,-2.6968482,-1.4983566,0.86926138,-0.41914153,-0.26211649,0
-1.5616742,0.1270026,-0.013805598,-0.86926138,0.41914153,0.26211649,0
1.6268924,2.7158656,0.30924106,0.48791111,0.81272423,0.31846845,0
1.9017022,-0.051783681,0.73096502,0.86926138,-0.41914153,-0.26211649,0
2.0233321,2.0593839,1.2137413,0.48791111,0.81272423,0.31846845,0
1.0296698,2.5722435,1.2701259,0.48791111,0.81272423,0.31846845,0
-1.6880608,-2.6436477,-0.20284963,-0.48791111,-0.81272423,-0.31846845,0
-0.70603907,1.7585924,0.49754202,-0.86926138,0.41914153,0.26211649,0
2.6096413,1.7286299,1.0708635,0.48791111,0.81272423,0.31846845,0
-0.443492,-2.715946,-2.0493002,-0.48791111,-0.81272423,-0.31846845,0
2.2166171,0.24021852,0.94248605,0.86926138,-0.41914153,-0.26211649,0
-0.82957613,1.768961,0.29706955,-0.86926138,0.41914153,0.26211649,0
0.020750523,3.2180963,0.82659268,-0.86926138,0.41914153,0.26211649,0
0.45392272,0.73169732,1.338887,0.079545051,-0.40472186,0.91097355,0
0.18492071,-0.047212243,-1.087316,-0.079545051,0.40472186,-0.91097355,0
2.134829,1.222729,-0.57743704,0.86926138,-0.41914153,-0.26211649,0
0.74785399,-1.4636744,-1.0471225,0.86926138,-0.41914153,-0.26211649,0
0.893323,-1.4318073,-0.37815213,0.86926138,-0.41914153,-0.26211649,0
2.7773886,1.621416,1.26599,0.48791111,0.81272423,0.31846845,0
-2.2363436,-0.45817995,-0.74949265,-0.86926138,0.41914153,0.26211649,0
0.72819912,-0.89142424,0.5831604,0.079545051,-0.40472186,0.91097355,0
-1.0148833,-2.8426313,-0.56584764,-0.48791111,-0.81272423,-0.31846845,0
1.9039927,1.5299523,1.5144532,0.079545051,-0.40472186,0.91097355,0
-0.61182207,-3.2461643,-0.38338685,-0.48791111,-0.81272423,-0.31846845,0
1.6242038,2.0112619,1.8107796,0.48791111,0.81272423,0.31846845,0
-0.71256506,2.0521197,0.40738511,-0.86926138,0.41914153,0.26211649,0
-0.2112208,2.0437229,1.8896787,-0.86926138,0.41914153,0.26211649,0
2.6367688,2.1712427,0.024944067,0.48791111,0.81272423,0.31846845,0
0.27584636,3.0588307,0.1845479,-0.079545051,0.40472186,-0.91097355,0
1.3075753,-0.59768432,-0.34032443,0.86926138,-0.41914153,-0.26211649,0
-2.5987058,-1.8236159,-0.67195773,-0.48791111,-0.81272423,-0.31846845,0
-0.51331854,1.7027117,1.0914536,-0.86926138,0.41914153,0.26211649,0
-0.77808535,-3.0942755,-0.45619583,-0.48791111,-0.81272423,-0.31846845,0
-1.5805614,-0.86450875,-1.2564279,-0.079545051,0.40472186,-0.91097355,0
-0.70494652,-0.59393579,0.9409641,0.079545051,-0.40472186,0.91097355,0
-0.44270152,1.8399091,1.0528771,-0.86926138,0.41914153,0.26211649,0
2.5499222,1.7215449,0.058188915,0.86926138,-0.41914153,-0.26211649,0
-1.8989618,-2.459177,-0.15849662,-0.48791111,-0.81272423,-0.31846845,0
-0.99697649,-0.087814093,-0.9587521,-0.079545051,0.40472186,-0.91097355,0
-1.074501,-2.1690941,0.23588562,0.079545051,-0.40472186,0.91097355,0
1.9854897,1.5596908,-0.52932596,-0.079545051,0.40472186,-0.91097355,0
2.0666175,0.86778951,1.2548029,0.079545051,-0.40472186,0.91097355,0
-1.5242012,0.21008453,0.57436895,-0.86926138,0.41914153,0.26211649,0
1.0965731,-1.1575525,-0.0084382296,0.86926138,-0.41914153,-0.26211649,0
-1.6095157,-2.4919612,0.19547558,0.079545051,-0.40472186,0.91097355,0
1.1286523,2.7959967,0.80709934,0.48791111,0.81272423,0.31846845,0
-0.12853646,-2.863965,-1.4315329,0.86926138,-0.41914153,-0.26211649,0
0.0061004162,-2.1261249,-2.0269775,0.86926138,-0.41914153,-0.26211649,0
2.3285999,2.079066,0.84263301,0.48791111,0.81272423,0.31846845,0
1.6881964,-0.18477136,0.22741817,0.86926138,-0.41914153,-0.26211649,0
-1.5213591,0.2856693,0.37437922,-0.86926138,0.41914153,0.26211649,0
-0.41454911,2.6629696,0.083800077,-0.079545051,0.40472186,-0.91097355,0
-0.11165059,-1.8192183,-1.9987026,-0.079545051,0.40472186,-0.91097355,0
1.404774,2.1254783,1.6223965,0.48791111,0.81272423,0.31846845,0
-1.5621953,-0.10143632,0.94097328,-0.86926138,0.41914153,0.26211649,0
1.5686694,-0.085359633,-0.70871037,0.86926138,-0.41914153,-0.26211649,0
2.0557313,0.035169005,0.78224522,0.86926138,-0.41914153,-0.26211649,0
-1.2390262,0.21028864,1.2386147,-0.86926138,0.41914153,0.26211649,0
-0.072407603,-3.2213147,-0.82305264,0.86926138,-0.41914153,-0.26211649,0
0.087936938,1.3697981,-0.4887706,-0.079545051,0.40472186,-0.91097355,0
-0.09204638,-2.918148,-0.11795759,0.079545051,-0.40472186,0.91097355,0
0.40697169,-0.026649117,1.01653,0.079545051,-0.40472186,0.91097355,0
-1.8828447,-0.00058281422,-0.87027049,-0.86926138,0.41914153,0.26211649,0
-2.1287835,-2.4927657,0.18669128,-0.48791111,-0.81272423,-0.31846845,0
-2.2625291,-0.83462143,-1.371338,-0.079545051,0.40472186,-0.91097355,0
-0.61698967,1.2641926,1.4214743,-0.86926138,0.41914153,0.26211649,0
0.33565462,-1.4147576,0.45863008,0.079545051,-0.40472186,0.91097355,0
0.20185643,2.4719234,2.2874017,0.079545051,-0.40472186,0.91097355,0
-2.2489982,-0.92107248,-0.12163126,-0.86926138,0.41914153,0.26211649,0
2.5115018,1.8175814,0.817801,0.48791111,0.81272423,0.31846845,0
-1.6050271,0.5346545,-0.64824665,-0.079545051,0.40472186,-0.91097355,0
0.40437359,3.0062559,1.3824208,0.48791111,0.81272423,0.31846845,0
0.56628597,3.2305055,0.53984022,0.48791111,0.81272423,0.31846845,0
-0.064652607,-0.44324708,-1.1901569,-0.079545051,0.40472186,-0.91097355,0
1.4253852,-0.87472934,0.1262067,0.86926138,-0.41914153,-0.26211649,0
-0.22041179,-0.35758972,-1.3327742,-0.079545051,0.40472186,-0.91097355,0
1.1626192,-1.0335507,-0.14509565,0.86926138,-0.41914153,-0.26211649,0
1.2125801,-0.43089563,-1.1188953,0.86926138,-0.41914153,-0.26211649,0
-1.1846437,1.0675758,0.16619211,-0.86926138,0.41914153,0.26211649,0
-0.46936679,2.4311771,0.28466225,-0.86926138,0.41914153,0.26211649,0
1.9047292,0.17478681,0.12577289,0.86926138,-0.41914153,-0.26211649,0
-1.2608291,-2.2484179,-2.0178275,-0.48791111,-0.81272423,-0.31846845,0
1.2782848,2.5421102,-0.15433812,-0.079545051,0.40472186,-0.91097355,0
-1.8725424,-0.90090346,0.67445445,-0.86926138,0.41914153,0.26211649,0
1.0302321,2.2935767,1.7543356,0.48791111,0.81272423,0.31846845,0
2.6041038,1.983813,0.58255291,0.48791111,0.81272423,0.31846845,0
-0.36567259,-3.2326088,-0.78699303,-0.48791111,-0.81272423,-0.31846845,0
1.9872437,0.10807598,0.41683131,0.86926138,-0.41914153,-0.26211649,0
1.5577109,-0.36743134,0.36533576,0.86926138,-0.41914153,-0.26211649,0
2.4505606,2.2219675,-0.23876071,0.48791111,0.81272423,0.31846845,0
-2.106653,-0.91567272,-0.10925877,-0.86926138,0.41914153,0.26211649,0
2.3529329,2.1915338,0.51858068,0.48791111,0.81272423,0.31846845,0
0.55982292,-1.9952142,-0.99097812,0.86926138,-0.41914153,-0.26211649,0
-0.70363146,-2.8604257,-0.058051586,0.079545051,-0.40472186,0.91097355,0
-1.3774483,0.55162883,0.23384462,-0.86926138,0.41914153,0.26211649,0
-0.98855329,1.2396588,0.67167193,-0.86926138,0.41914153,0.26211649,0
-1.6476001,-2.1552205,-1.6099784,-0.48791111,-0.81272423,-0.31846845,0
1.9245518,-0.24193239,0.75006956,0.86926138,-0.41914153,-0.26211649,0
1.7815644,0.22792518,-0.55297351,0.86926138,-0.41914153,-0.26211649,0
-0.46123236,-0.0034850836,-1.1588019,-0.079545051,0.40472186,-0.91097355,0
-1.6280092,-2.1649804,-1.4715922,-0.48791111,-0.81272423,-0.31846845,0
-0.096123576,2.6192999,0.94044685,-0.86926138,0.41914153,0.26211649,0
0.45600054,1.0904491,-0.66240501,-0.079545051,0.40472186,-0.91097355,0
1.3956459,2.5388474,0.84929585,0.48791111,0.81272423,0.31846845,0
-2.4893947,-2.3262396,0.037575483,-0.48791111,-0.81272423,-0.31846845,0
-2.3067846,-1.9073863,-0.78527975,-0.48791111,-0.81272423,-0.31846845,0
0.66144878,2.7324088,1.1225481,0.48791111,0.81272423,0.31846845,0
-1.4582658,0.16824186,0.89415818,-0.86926138,0.41914153,0.26211649,0
1.6453102,2.4247422,1.0137222,0.48791111,0.81272423,0.31846845,0
2.4802728,1.1334616,0.98063111,0.86926138,-0.41914153,-0.26211649,0
-0.97586226,0.37822151,1.3890171,0.079545051,-0.40472186,0.91097355,0
2.0755022,0.7277149,1.1886835,0.079545051,-0.40472186,0.91097355,0
0.22888064,2.3418214,2.0483248,0.079545051,-0.40472186,0.91097355,0
1.5200504,2.6103086,0.74151254,0.48791111,0.81272423,0.31846845,0
-2.2186646,-0.86732602,-0.17284429,-0.86926138,0.41914153,0.26211649,0
0.73208988,-0.27753687,0.84954399,0.079545051,-0.40472186,0.91097355,0
2.3752384,1.4775388,1.4474002,0.079545051,-0.40472186,0.91097355,0
0.72023261,2.8684368,0.97761559,0.48791111,0.81272423,0.31846845,0
2.7144179,1.3258989,0.92449141,0.86926138,-0.41914153,-0.26211649,0
-2.3354046,-0.93559605,-0.61881292,-0.86926138,0.41914153,0.26211649,0
-0.34809589,2.3619947,0.81337452,-0.86926138,0.41914153,0.26211649,0
2.0562806,0.45810986,0.2676245,0.86926138,-0.41914153,-0.26211649,0
-1.8874164,-2.2812459,-0.69610405,-0.48791111,-0.81272423,-0.31846845,0
-0.34960341,2.3125005,0.58799434,-0.86926138,0.41914153,0.26211649,0
1.0780258,0.015236259,-1.1713152,-0.079545051,0.40472186,-0.91097355,0
0.21119776,-0.70751268,0.66816199,0.079545051,-0.40472186,0.91097355,0
-1.0785401,-2.700491,-0.85640693,-0.48791111,-0.81272423,-0.31846845,0
-1.847337,-0.77559972,-1.2845944,-0.079545051,0.40472186,-0.91097355,0
2.6948786,1.8093578,0.035591602,0.86926138,-0.41914153,-0.26211649,0
-1.8676276,-1.9955289,-1.5787373,-0.48791111,-0.81272423,-0.31846845,0
-0.27960765,-2.8152838,-1.6981196,-0.48791111,-0.81272423,-0.31846845,0
0.056872129,-3.1382496,-0.87967944,0.86926138,-0.41914153,-0.26211649,0
2.1602027,2.0056233,0.71582413,0.48791111,0.81272423,0.31846845,0
2.0466089,0.59042132,0.48048532,0.86926138,-0.41914153,-0.26211649,0
1.7906673,2.1781564,1.3064167,0.48791111,0.81272423,0.31846845,0
2.2348602,0.63407373,0.85353577,0.86926138,-0.41914153,-0.26211649,0
0.91779065,-1.3023884,-0.64804018,0.86926138,-0.41914153,-0.26211649,0
1.1538205,-1.2224712,0.23010659,0.86926138,-0.41914153,-0.26211649,0
0.52950037,3.0501361,0.64948344,0.48791111,0.81272423,0.31846845,0
1.214696,2.6105556,0.86572647,0.48791111,0.81272423,0.31846845,0
1.6164973,-0.57609236,0.20118012,0.86926138,-0.41914153,-0.26211649,0
1.5913723,2.6734657,0.10401487,0.48791111,0.81272423,0.31846845,0
-0.21786523,-3.0762718,-1.3662539,-0.48791111,-0.81272423,-0.31846845,0
-2.3725693,-1.1696607,-0.3137939,-0.86926138,0.41914153,0.26211649,0
0.80134016,-0.61398816,0.71863335,0.079545051,-0.40472186,0.91097355,0
-2.3750486,-2.3796611,0.023118496,-0.48791111,-0.81272423,-0.31846845,0
1.1188052,-0.98666686,0.53371602,0.079545051,-0.40472186,0.91097355,0
-0.27221629,-0.36603868,-1.2695471,-0.079545051,0.40472186,-0.91097355,0
1.8347504,2.4605117,0.49638844,0.48791111,0.81272423,0.31846845,0
-1.2078512,-2.8534622,-0.16822076,-0.48791111,-0.81272423,-0.31846845,0
0.42733535,-0.17516577,0.92765898,0.079545051,-0.40472186,0.91097355,0
1.527739,2.3349271,0.91307926,0.48791111,0.81272423,0.31846845,0
2.61937,1.891824,0.41402435,0.48791111,0.81272423,0.31846845,0
1.9772022,2.1850548,0.716995,0.48791111,0.81272423,0.31846845,0
2.7459414,2.0272326,0.05173707,0.48791111,0.81272423,0.31846845,0
1.5570657,2.7967134,0.038095236,0.48791111,0.81272423,0.31846845,0
-2.3193519,-0.72518206,-0.96388614,-0.86926138,0.41914153,0.26211649,0
-1.1664963,-0.56684351,-1.1679914,-0.079545051,0.40472186,-0.91097355,0
0.87301421,2.424696,1.7752919,0.48791111,0.81272423,0.31846845,0
0.16598356,2.9439116,1.7655714,0.48791111,0.81272423,0.31846845,0
-1.7780725,-1.042629,-1.3065886,-0.079545051,0.40472186,-0.91097355,0
1.6628439,0.20964138,-0.63305527,0.86926138,-0.41914153,-0.26211649,0
1.1103482,2.8458617,0.18709779,0.48791111,0.81272423,0.31846845,0
2.0611606,1.1953646,-0.61517751,0.86926138,-0.41914153,-0.26211649,0
-0.40346521,1.4348466,1.6683612,0.079545051,-0.40472186,0.91097355,0
-1.1815195,0.7459414,0.38096464,-0.86926138,0.41914153,0.26211649,0
-0.61874062,-2.9369316,-0.99103117,-0.48791111,-0.81272423,-0.31846845,0
-0.5249095,-2.2315745,-1.9343259,-0.079545051,0.40472186,-0.91097355,0
-1.8884311,-2.2125471,-0.97336984,-0.48791111,-0.81272423,-0.31846845,0
0.83343095,-1.5834094,-0.70108795,0.86926138,-0.41914153,-0.26211649,0
2.0637305,0.97185159,-0.48627555,0.86926138,-0.41914153,-0.26211649,0
-0.31023467,-2.6938028,-2.0925937,-0.48791111,-0.81272423,-0.31846845,0
-1.0144039,1.22434,0.70732641,-0.86926138,0.41914153,0.26211649,0
0.74270105,-2.0658667,-0.22068787,0.86926138,-0.41914153,-0.26211649,0
2.3811457,1.7590326,1.5333755,0.48791111,0.81272423,0.31846845,0
-0.79983872,-2.4705627,-1.6679666,-0.48791111,-0.81272423,-0.31846845,0
-0.17164803,2.6281972,0.96580267,-0.86926138,0.41914153,0.26211649,0
-2.352509,-2.2673738,0.23425484,0.079545051,-0.40472186,0.91097355,0
-1.0912001,-2.7424731,-0.9458704,-0.48791111,-0.81272423,-0.31846845,0
-1.5894394,-0.44317365,0.94297355,-0.86926138,0.41914153,0.26211649,0
-0.069626451,2.0801294,1.9537373,0.079545051,-0.40472186,0.91097355,0
-0.97835773,-1.263023,-1.6768621,-0.079545051,0.40472186,-0.91097355,0
-2.4956088,-2.1755917,0.17711139,-0.48791111,-0.81272423,-0.31846845,0
-1.5559287,-1.4482702,0.64213681,0.079545051,-0.40472186,0.91097355,0
1.0047452,0.54794073,1.2288829,0.079545051,-0.40472186,0.91097355,0
1.2063569,-0.35441911,-0.78397083,0.86926138,-0.41914153,-0.26211649,0
-0.4078055,2.0932198,1.161361,-0.86926138,0.41914153,0.26211649,0
-0.6759665,1.4680562,1.4752973,-0.86926138,0.41914153,0.26211649,0
0.71585703,2.4602501,1.9360888,0.48791111,0.81272423,0.31846845,0
0.57126057,2.9809146,0.83413172,0.48791111,0.81272423,0.31846845,0
0.056019068,-2.8488951,-0.97727489,0.86926138,-0.41914153,-0.26211649,0
-2.4874446,-1.4281377,-1.5278249,-0.079545051,0.40472186,-0.91097355,0
0.51015985,-2.1605775,-0.83303738,0.86926138,-0.41914153,-0.26211649,0
-1.5872335,-0.21278605,0.80848968,-0.86926138,0.41914153,0.26211649,0
-2.6229205,-1.6055573,-1.4693444,-0.48791111,-0.81272423,-0.31846845,0
-0.97220433,1.2043872,0.92241311,-0.86926138,0.41914153,0.26211649,0
0.87277496,2.9591877,0.48013234,0.48791111,0.81272423,0.31846845,0
0.26551366,1.6990762,1.7312336,0.079545051,-0.40472186,0.91097355,0
1.0178757,-1.035277,-0.40969968,0.86926138,-0.41914153,-0.26211649,0
1.2455702,-0.30483556,-0.74499309,0.86926138,-0.41914153,-0.26211649,0
-2.3086367,-1.2740546,0.35193992,-0.86926138,0.41914153,0.26211649,0
0.57256585,2.9181871,0.81325364,0.48791111,0.81272423,0.31846845,0
1.6721845,1.6920455,-0.40436602,-0.079545051,0.40472186,-0.91097355,0
-2.3157713,-0.95020211,-0.36778665,-0.86926138,0.41914153,0.26211649,0
2.21593,0.90379578,0.33833659,0.86926138,-0.41914153,-0.26211649,0
-0.73329622,-0.96121573,0.74495018,0.079545051,-0.40472186,0.91097355,0
0.83718991,-1.6396911,-0.37342548,0.86926138,-0.41914153,-0.26211649,0
2.7683907,1.2754173,1.2814845,0.86926138,-0.41914153,-0.26211649,0
-0.7998625,1.0154972,1.2774581,-0.86926138,0.41914153,0.26211649,0
-0.79369187,0.40580964,1.3191005,0.079545051,-0.40472186,0.91097355,0
1.100328,-0.3779881,0.74416435,0.079545051,-0.40472186,0.91097355,0
1.0971395,2.3888555,1.4789813,0.48791111,0.81272423,0.31846845,0
-2.0220656,-0.53389686,-0.28832805,-0.86926138,0.41914153,0.26211649,0
0.26260364,2.8001146,1.6041605,0.48791111,0.81272423,0.31846845,0
1.1698785,2.2368097,1.9176199,0.079545051,-0.40472186,0.91097355,0
2.3134007,0.62868321,0.73426223,0.86926138,-0.41914153,-0.26211649,0
-1.6736093,-0.42613178,0.91454053,-0.86926138,0.41914153,0.26211649,0
-2.2734303,-2.3475986,0.32372689,0.079545051,-0.40472186,0.91097355,0
1.2091438,2.764771,0.28546691,0.48791111,0.81272423,0.31846845,0
0.16158712,1.9917744,-0.19787121,-0.079545051,0.40472186,-0.91097355,0
-0.38064623,1.4640305,1.8417963,0.079545051,-0.40472186,0.91097355,0
1.4787961,2.4719243,0.68691492,0.48791111,0.81272423,0.31846845,0
-2.4904039,-0.81847405,-1.115169,-0.86926138,0.41914153,0.26211649,0
-0.19592339,2.2275708,1.4403532,-0.86926138,0.41914153,0.26211649,0
-1.3983603,-1.2209327,-1.4802364,-0.079545051,0.40472186,-0.91097355,0
-0.32824859,-0.077852845,1.0255066,0.079545051,-0.40472186,0.91097355,0
0.99870962,2.4510386,1.5133848,0.48791111,0.81272423,0.31846845,0
-2.1804643,-0.91749036,-0.16418815,-0.86926138,0.41914153,0.26211649,0
-0.62752891,-0.54786766,0.99717128,0.079545051,-0.40472186,0.91097355,0
1.0521705,2.9571302,0.12434316,0.48791111,0.81272423,0.31846845,0
0.025222182,3.1071639,0.54684734,-0.86926138,0.41914153,0.26211649,0
-2.2774105,-2.1465585,-0.60077,-0.48791111,-0.81272423,-0.31846845,0
-0.38963944,1.6282212,1.8905766,0.079545051,-0.40472186,0.91097355,0
-2.6871159,-1.7106978,-0.79791379,-0.48791111,-0.81272423,-0.31846845,0
0.90912724,-1.3239865,-0.60232401,0.86926138,-0.41914153,-0.26211649,0
0.48131627,-2.2941775,-0.29781485,0.86926138,-0.41914153,-0.26211649,0
-1.0627651,0.75255048,1.2664084,-0.86926138,0.41914153,0.26211649,0
-0.78084266,0.015666366,-0.95866591,-0.079545051,0.40472186,-0.91097355,0
1.8275428,0.69467938,-0.8100391,0.86926138,-0.41914153,-0.26211649,0
0.066283882,0.65142,1.4515134,0.079545051,-0.40472186,0.91097355,0
-2.5231814,-1.9338658,-0.48872805,-0.48791111,-0.81272423,-0.31846845,0
2.3647783,0.73966599,0.8716712,0.86926138,-0.41914153,-0.26211649,0
1.8252612,0.12881947,0.88933945,0.079545051,-0.40472186,0.91097355,0
0.3168532,1.7489449,1.8991675,0.079545051,-0.40472186,0.91097355,0
0.9804008,0.78998208,1.2581005,0.079545051,-0.40472186,0.91097355,0
0.54682988,3.1847503,0.46912503,0.48791111,0.81272423,0.31846845,0
-0.21295269,0.57896614,1.4462358,0.079545051,-0.40472186,0.91097355,0
-0.54996693,1.1079829,1.7170151,0.079545051,-0.40472186,0.91097355,0
-0.18923843,-3.0005493,-1.3165634,-0.48791111,-0.81272423,-0.31846845,0
1.6576821,2.0768542,1.368921,0.48791111,0.81272423,0.31846845,0
0.99964583,2.4239597,1.9792116,0.48791111,0.81272423,0.31846845,0
0.035270691,1.6456559,-0.35632157,-0.079545051,0.40472186,-0.91097355,0
2.381181,0.8373313,0.68651223,0.86926138,-0.41914153,-0.26211649,0
-2.6817803,-2.069237,0.11183453,-0.86926138,0.41914153,0.26211649,0
-1.798394,-2.0838869,0.25694489,0.079545051,-0.40472186,0.91097355,0
0.59189844,3.0811417,0.71976876,0.48791111,0.81272423,0.31846845,0
0.68566525,-0.99743271,-1.5045688,-0.079545051,0.40472186,-0.91097355,0
-0.21466798,-2.7661431,-1.7034454,0.86926138,-0.41914153,-0.26211649,0
-0.062841415,2.0748448,2.0409622,0.079545051,-0.40472186,0.91097355,0
1.1870562,2.3148708,1.9495425,0.48791111,0.81272423,0.31846845,0
-1.7660367,-2.1736546,-1.2328517,-0.48791111,-0.81272423,-0.31846845,0
-0.74234241,0.41228175,-0.94001591,-0.079545051,0.40472186,-0.91097355,0
-2.6608634,-2.1341083,-0.10734773,-0.48791111,-0.81272423,-0.31846845,0
-2.4841704,-0.93446994,-0.80269504,-0.86926138,0.41914153,0.26211649,0
0.49540436,-2.4379072,-0.42124081,0.86926138,-0.41914153,-0.26211649,0
-1.4704492,-2.2557209,-1.7087016,-0.48791111,-0.81272423,-0.31846845,0
-2.5693576,-1.7282741,-0.98779202,-0.48791111,-0.81272423,-0.31846845,0
-0.90483677,1.1548861,0.7595492,-0.86926138,0.41914153,0.26211649,0
1.6145111,2.2681656,1.4162018,0.48791111,0.81272423,0.31846845,0
0.0971421,-2.828804,-0.95963907,0.86926138,-0.41914153,-0.26211649,0
-1.1305351,-0.60606623,-1.2575345,-0.079545051,0.40472186,-0.91097355,0
-1.7831628,-2.6677046,0.0077576637,-0.48791111,-0.81272423,-0.31846845,0
0.63729054,1.543769,-0.54071391,-0.079545051,0.40472186,-0.91097355,0
1.8041339,2.4063244,0.21324754,0.48791111,0.81272423,0.31846845,0
-0.53501689,-2.8838317,-0.97842526,-0.48791111,-0.81272423,-0.31846845,0
0.97743762,-0.59655267,0.7080037,0.079545051,-0.40472186,0.91097355,0
2.3197842,2.242697,0.4487505,0.48791111,0.81272423,0.31846845,0
0.57991242,-0.84347177,0.61863202,0.079545051,-0.40472186,0.91097355,0
-0.10647252,0.64084291,1.4991761,0.079545051,-0.40472186,0.91097355,0
-0.23553658,1.9061496,1.5585475,-0.86926138,0.41914153,0.26211649,0
0.33202782,0.12189841,1.0447855,0.079545051,-0.40472186,0.91097355,0
-0.96136355,-2.6031282,-1.0743089,-0.48791111,-0.81272423,-0.31846845,0
-1.9766995,-2.3988564,-0.035773516,-0.48791111,-0.81272423,-0.31846845,0
0.98897797,0.65378666,-0.97648078,-0.079545051,0.40472186,-0.91097355,0
0.88467264,1.1464406,1.502656,0.079545051,-0.40472186,0.91097355,0
2.1386397,0.68126076,-0.029443502,0.86926138,-0.41914153,-0.26211649,0
-2.014225,-1.7414045,-1.6837189,-0.48791111,-0.81272423,-0.31846845,0
2.568584,2.0372498,0.51635146,0.48791111,0.81272423,0.31846845,0
-1.5797141,-2.1735258,0.31088853,0.079545051,-0.40472186,0.91097355,0
-1.3448731,0.75739872,0.25104895,-0.86926138,0.41914153,0.26211649,0
1.5407293,1.2244086,-0.63233376,-0.079545051,0.40472186,-0.91097355,0
-0.23828381,0.7764352,-0.72479784,-0.079545051,0.40472186,-0.91097355,0
-0.67707574,-2.9239666,-1.1022317,-0.48791111,-0.81272423,-0.31846845,0
-2.1589105,-1.8991623,-1.4429133,-0.48791111,-0.81272423,-0.31846845,0
-0.28764069,1.6318793,1.7923083,0.079545051,-0.40472186,0.91097355,0
-2.0579758,-1.9949849,-0.95376253,-0.48791111,-0.81272423,-0.31846845,0
-2.5227177,-1.866575,-0.51184106,-0.48791111,-0.81272423,-0.31846845,0
0.19607675,-2.6093335,-0.99663472,0.86926138,-0.41914153,-0.26211649,0
0.73632461,3.1312366,0.55395269,0.48791111,0.81272423,0.31846845,0
2.3571568,0.98483932,1.3900918,0.079545051,-0.40472186,0.91097355,0
-1.4539491,-2.409261,-0.76127338,-0.48791111,-0.81272423,-0.31846845,0
-1.5373528,-2.1668863,-1.752831,-0.48791111,-0.81272423,-0.31846845,0
-0.48668313,0.55418038,1.4550027,0.079545051,-0.40472186,0.91097355,0
-0.5939703,0.14317167,1.2657173,0.079545051,-0.40472186,0.91097355,0
0.24821192,2.6708198,2.0991766,0.48791111,0.81272423,0.31846845,0
1.5275769,2.6458435,0.24193001,0.48791111,0.81272423,0.31846845,0
-1.2931082,-2.2415917,-1.5591624,-0.48791111,-0.81272423,-0.31846845,0
-0.54030341,-2.80721,-1.2677279,-0.48791111,-0.81272423,-0.31846845,0
0.70152783,0.2411828,-0.98328292,-0.079545051,0.40472186,-0.91097355,0
-0.41576588,-2.7910075,-1.8332751,-0.48791111,-0.81272423,-0.31846845,0
1.0759798,0.799784,-0.73139369,-0.079545051,0.40472186,-0.91097355,0
0.031936884,-2.5877359,-1.7673097,0.86926138,-0.41914153,-0.26211649,0
-1.1259079,0.6243403,0.94744706,-0.86926138,0.41914153,0.26211649,0
2.3263016,1.4950488,-0.22506905,0.86926138,-0.41914153,-0.26211649,0
-2.2616718,-1.3288403,0.17344642,-0.86926138,0.41914153,0.26211649,0
2.2987909,1.6776875,1.4062817,0.48791111,0.81272423,0.31846845,0
1.4793099,1.7412738,1.7281955,0.079545051,-0.40472186,0.91097355,0
0.31926903,0.87148964,-0.8224715,-0.079545051,0.40472186,-0.91097355,0
2.6583652,1.5691853,1.3982716,0.48791111,0.81272423,0.31846845,0
-1.0319873,-2.2694454,-1.7533286,-0.48791111,-0.81272423,-0.31846845,0
-2.2018335,-1.2831175,0.56638086,-0.86926138,0.41914153,0.26211649,0
-0.37385529,-2.7705069,-1.8809099,-0.48791111,-0.81272423,-0.31846845,0
2.131918,0.48894346,0.74196267,0.86926138,-0.41914153,-0.26211649,0
1.2628871,0.55018759,1.1923485,0.079545051,-0.40472186,0.91097355,0
-0.14295375,2.1298175,1.8198403,-0.86926138,0.41914153,0.26211649,0
2.4528656,2.0943425,0.51392603,0.48791111,0.81272423,0.31846845,0
-0.28303242,2.4189794,1.0848382,-0.86926138,0.41914153,0.26211649,0
1.4776661,1.3981818,1.6727594,0.079545051,-0.40472186,0.91097355,0
-2.1913867,-1.4362724,0.54235387,-0.86926138,0.41914153,0.26211649,0
0.77134001,1.8854817,1.9406151,0.079545051,-0.40472186,0.91097355,0
-0.84102708,1.5567006,0.58826876,-0.86926138,0.41914153,0.26211649,0
-0.7069729,-2.5047665,-2.1223834,-0.48791111,-0.81272423,-0.31846845,0
1.4810063,0.37311196,-1.0286268,0.86926138,-0.41914153,-0.26211649,0
1.5757202,0.97771263,1.3949841,0.079545051,-0.40472186,0.91097355,0
-0.92505765,1.1282572,0.99115968,-0.86926138,0.41914153,0.26211649,0
0.75479805,-0.59792614,-1.4796245,-0.079545051,0.40472186,-0.91097355,0
2.2971902,0.66546607,0.66689599,0.86926138,-0.41914153,-0.26211649,0
-0.052195609,1.4164166,-0.50598133,-0.079545051,0.40472186,-0.91097355,0
1.8996625,0.40127975,0.059219837,0.86926138,-0.41914153,-0.26211649,0
-0.61848909,-2.8437154,-1.2715137,-0.48791111,-0.81272423,-0.31846845,0
-0.460576,-3.0586052,-1.1095417,-0.48791111,-0.81272423,-0.31846845,0
-1.1235013,-2.5513268,-0.87526608,-0.48791111,-0.81272423,-0.31846845,0
-0.55409414,-2.7769542,-1.5571156,-0.48791111,-0.81272423,-0.31846845,0
2.4503391,0.83815384,0.95754099,0.86926138,-0.41914153,-0.26211649,0
0.48139358,-0.70711017,0.72891355,0.079545051,-0.40472186,0.91097355,0
-0.35899734,0.43464267,-0.97037148,-0.079545051,0.40472186,-0.91097355,0
-2.7289646,-1.5182366,-1.3402257,-0.48791111,-0.81272423,-0.31846845,0
-0.60565734,1.483933,1.1245488,-0.86926138,0.41914153,0.26211649,0
-0.36334217,-2.0752385,-1.9890794,-0.079545051,0.40472186,-0.91097355,0
-2.0510435,-1.1897743,0.63523448,-0.86926138,0.41914153,0.26211649,0
-1.8493683,-0.27424461,-0.28271717,-0.86926138,0.41914153,0.26211649,0
1.0764492,2.4926972,1.7177794,0.48791111,0.81272423,0.31846845,0
0.67209238,-1.2951019,-1.2523311,0.86926138,-0.41914153,-0.26211649,0
1.2153324,1.8286719,1.9086246,0.079545051,-0.40472186,0.91097355,0
-0.74525422,0.98602581,-0.49449235,-0.079545051,0.40472186,-0.91097355,0
-0.99814361,-0.073265076,-1.0983677,-0.079545051,0.40472186,-0.91097355,0
0.63538122,0.76154149,-0.89067358,-0.079545051,0.40472186,-0.91097355,0
-0.77707851,0.30728877,1.2809925,0.079545051,-0.40472186,0.91097355,0
-0.83723098,-3.1912732,-0.26003075,-0.48791111,-0.81272423,-0.31846845,0
0.8385064,1.6116477,1.7527078,0.079545051,-0.40472186,0.91097355,0
1.4215021,0.10239446,-1.2532554,0.86926138,-0.41914153,-0.26211649,0
-0.68609095,1.0681226,1.6794947,0.079545051,-0.40472186,0.91097355,0
-1.5911371,-2.3723929,-0.61949229,-0.48791111,-0.81272423,-0.31846845,0
-1.1240044,-0.51336837,-1.3334415,-0.079545051,0.40472186,-0.91097355,0
2.5593424,1.8427651,0.0085480213,0.86926138,-0.41914153,-0.26211649,0
-0.68936479,-2.9224689,-1.0538228,-0.48791111,-0.81272423,-0.31846845,0
0.49881089,-1.5920553,-1.7315968,0.86926138,-0.41914153,-0.26211649,0
-1.2578053,-1.5077355,-1.7202743,-0.079545051,0.40472186,-0.91097355,0
-1.5813608,-1.9941424,-1.6517491,-0.48791111,-0.81272423,-0.31846845,0
2.1223052,2.3872936,0.30886745,0.48791111,0.81272423,0.31846845,0
-2.5192184,-1.2041372,-0.70764685,-0.86926138,0.41914153,0.26211649,0
0.37096363,0.90175313,-0.7613489,-0.079545051,0.40472186,-0.91097355,0
-1.257416,-2.1488028,-1.8577325,-0.48791111,-0.81272423,-0.31846845,0
-1.0472298,-1.2241659,0.73692691,0.079545051,-0.40472186,0.91097355,0
2.365344,1.4618559,-0.23466587,0.86926138,-0.41914153,-0.26211649,0
-0.17833127,-0.39883459,1.0264717,0.079545051,-0.40472186,0.91097355,0
-0.5968051,2.3133004,0.23288083,-0.86926138,0.41914153,0.26211649,0
-0.30702668,2.0522912,1.144224,-0.86926138,0.41914153,0.26211649,0
-2.3497715,-2.2554512,0.24231148,0.079545051,-0.40472186,0.91097355,0
1.0395195,2.4580843,0.01156354,-0.079545051,0.40472186,-0.91097355,0
-0.24557662,-3.1489308,-1.1202133,0.86926138,-0.41914153,-0.26211649,0
2.6341863,1.9228991,-0.33608818,0.86926138,-0.41914153,-0.26211649,0
-2.0225163,-0.88988149,-1.421912,-0.079545051,0.40472186,-0.91097355,0
0.59491664,2.549417,2.195437,0.48791111,0.81272423,0.31846845,0
-1.8901784,0.098498821,-0.47294575,-0.86926138,0.41914153,0.26211649,0
-0.75148255,2.0179012,-0.20468569,-0.86926138,0.41914153,0.26211649,0
-1.5430243,-0.025066078,0.46992841,-0.86926138,0.41914153,0.26211649,0
2.6615281,2.2503035,-0.14691687,0.48791111,0.81272423,0.31846845,0
1.577455,1.338388,-0.73793471,-0.079545051,0.40472186,-0.91097355,0
-0.70002955,1.2072839,-0.52769989,-0.079545051,0.40472186,-0.91097355,0
-2.3434093,-2.4730465,0.1880815,-0.48791111,-0.81272423,-0.31846845,0
0.99620605,-1.24421,-0.44308555,0.86926138,-0.41914153,-0.26211649,0
0.51077932,2.7009039,-0.039439201,-0.079545051,0.40472186,-0.91097355,0
-0.85892123,-2.7135003,-1.2052615,-0.48791111,-0.81272423,-0.31846845,0
-1.4794066,-0.94577259,0.82856631,0.079545051,-0.40472186,0.91097355,0
2.0769138,0.51407331,0.44767439,0.86926138,-0.41914153,-0.26211649,0
0.49063456,2.7736382,1.8292162,0.48791111,0.81272423,0.31846845,0
0.15212846,3.1570599,1.16154,0.48791111,0.81272423,0.31846845,0
-0.40811551,2.6132274,0.32706809,-0.86926138,0.41914153,0.26211649,0
-1.3300865,-0.42813021,1.0364223,0.079545051,-0.40472186,0.91097355,0
-0.053750515,-3.3383636,-0.55158162,-0.48791111,-0.81272423,-0.31846845,0
1.4475625,1.8773843,-0.3645072,-0.079545051,0.40472186,-0.91097355,0
0.62744999,-1.9810894,-0.3926928,0.86926138,-0.41914153,-0.26211649,0
0.60471106,0.50683594,-1.0246212,-0.079545051,0.40472186,-0.91097355,0
-0.41703624,-2.8710287,-1.1911843,-0.48791111,-0.81272423,-0.31846845,0
-2.4477105,-1.5809646,-1.563647,-0.48791111,-0.81272423,-0.31846845,0
0.39052731,3.0100789,0.1101222,-0.079545051,0.40472186,-0.91097355,0
-0.90081125,1.599257,-0.17026353,-0.86926138,0.41914153,0.26211649,0
1.1044555,2.363436,1.9869914,0.48791111,0.81272423,0.31846845,0
-0.56084663,-3.2191627,-0.30658984,-0.48791111,-0.81272423,-0.31846845,0
-1.6086905,0.2788468,-0.27161255,-0.86926138,0.41914153,0.26211649,0
-2.4216552,-1.5148678,0.33187938,-0.86926138,0.41914153,0.26211649,0
2.7330739,1.7604954,0.71396065,0.86926138,-0.41914153,-0.26211649,0
-0.66942137,-2.9249923,-0.66466522,-0.48791111,-0.81272423,-0.31846845,0
-1.2391227,-2.8689258,-0.38897967,-0.48791111,-0.81272423,-0.31846845,0
0.075393558,2.4053094,2.1032526,-0.86926138,0.41914153,0.26211649,0
2.38079,1.9904391,0.49281192,0.48791111,0.81272423,0.31846845,0
1.5434951,-0.5103091,0.68011194,0.079545051,-0.40472186,0.91097355,0
2.1631064,2.0475352,1.1013403,0.48791111,0.81272423,0.31846845,0
0.13347441,-1.9263887,0.1867094,0.079545051,-0.40472186,0.91097355,0
-2.0349391,-1.2121873,-1.4012208,-0.079545051,0.40472186,-0.91097355,0
-1.3955983,0.15703142,1.1451533,-0.86926138,0.41914153,0.26211649,0
-2.5955129,-2.0361986,-0.48138499,-0.48791111,-0.81272423,-0.31846845,0
-1.1402248,-2.8019536,-0.77415729,-0.48791111,-0.81272423,-0.31846845,0
-1.4115505,-0.17031527,-1.0716044,-0.079545051,0.40472186,-0.91097355,0
1.2832322,2.8178182,0.57400441,0.48791111,0.81272423,0.31846845,0
-2.6801035,-1.3622915,-1.2291039,-0.86926138,0.41914153,0.26211649,0
-0.33393466,2.7644455,0.51266503,-0.86926138,0.41914153,0.26211649,0
2.0917108,1.8290182,1.4222796,0.48791111,0.81272423,0.31846845,0
2.1315851,1.8720952,1.508821,0.48791111,0.81272423,0.31846845,0
-1.9095569,-0.21755129,-0.22967041,-0.86926138,0.41914153,0.26211649,0
-0.051484019,0.75234413,1.3449991,0.079545051,-0.40472186,0.91097355,0
-1.2751225,-2.6467302,-0.53038335,-0.48791111,-0.81272423,-0.31846845,0
-1.1150575,-1.799597,-1.872964,-0.079545051,0.40472186,-0.91097355,0
-0.85587537,1.2406633,1.0494776,-0.86926138,0.41914153,0.26211649,0
0.29740238,3.2819092,0.78988886,0.48791111,0.81272423,0.31846845,0
1.5914329,-0.79196656,0.57457376,0.86926138,-0.41914153,-0.26211649,0
2.5537667,1.126991,1.23199,0.86926138,-0.41914153,-0.26211649,0
-1.7303123,-2.0990093,-1.3711176,-0.48791111,-0.81272423,-0.31846845,0
2.4179046,1.2388184,0.55448008,0.86926138,-0.41914153,-0.26211649,0
0.052567601,2.9849131,1.2923183,-0.86926138,0.41914153,0.26211649,0
0.85401094,2.6317921,1.0947814,0.48791111,0.81272423,0.31846845,0
-1.3396285,-1.5514548,-1.6490729,-0.079545051,0.40472186,-0.91097355,0
0.26188457,-2.7774944,-0.38227487,0.86926138,-0.41914153,-0.26211649,0
-1.3016541,-0.3185848,1.0111651,0.079545051,-0.40472186,0.91097355,0
-1.83605,-2.613842,-0.052996874,-0.48791111,-0.81272423,-0.31846845,0
0.32602525,2.7295909,2.2544038,0.48791111,0.81272423,0.31846845,0
-0.23649792,0.56720275,-0.73914021,-0.079545051,0.40472186,-0.91097355,0
0.028014898,3.3678143,0.5914464,-0.86926138,0.41914153,0.26211649,0
0.69536674,0.81562233,1.3826776,0.079545051,-0.40472186,0.91097355,0
-1.8105295,-2.4534049,-0.31407261,-0.48791111,-0.81272423,-0.31846845,0
1.0444306,0.28134447,-0.98305362,-0.079545051,0.40472186,-0.91097355,0
0.54843348,-2.3290896,-0.14261842,0.86926138,-0.41914153,-0.26211649,0
0.56293482,-1.5954044,-1.351982,0.86926138,-0.41914153,-0.26211649,0
-1.9728106,-0.70551401,0.66308248,-0.86926138,0.41914153,0.26211649,0
-0.95579517,-0.063623428,1.1418937,0.079545051,-0.40472186,0.91097355,0
