3.6718309,0.2862677,0.46917367,0.98400778,-0.096076906,-0.149993,0
-3.4133568,1.4404941,0.32947874,-0.98400778,0.096076906,0.149993,0
-3.5607173,0.0033891201,-0.40872478,-0.98400778,0.096076906,0.149993,0
-2.7510939,0.24707907,-0.58082354,-0.11897415,0.27218792,-0.95486063,0
-3.4769838,-0.41896695,0.94897604,-0.98400778,0.096076906,0.149993,0
-0.13476217,0.3340233,1.0923448,0.11897415,-0.27218792,0.95486063,0
3.3331738,-1.0577128,-0.24455476,0.98400778,-0.096076906,-0.149993,0
3.6306858,0.39340514,0.48246861,0.98400778,-0.096076906,-0.149993,0
2.8303649,-1.273098,-0.86725116,-0.13256633,-0.95743561,-0.25640437,0
1.9490799,-0.45864075,-1.3370669,-0.11897415,0.27218792,-0.95486063,0
-3.4634554,-0.27614111,0.61988401,-0.98400778,0.096076906,0.149993,0
2.7429919,-0.16405371,-1.4928777,-0.11897415,0.27218792,-0.95486063,0
2.6566033,-1.0677364,-0.98332524,-0.13256633,-0.95743561,-0.25640437,0
2.7443185,-0.36719933,0.67864919,0.11897415,-0.27218792,0.95486063,0
3.4659133,-0.40606341,0.30848813,0.98400778,-0.096076906,-0.149993,0
-1.2328525,0.01047951,-0.79187787,-0.11897415,0.27218792,-0.95486063,0
-3.272181,-0.56709337,0.00053572655,-0.13256633,-0.95743561,-0.25640437,0
-3.3547187,0.036045492,1.0039155,-0.98400778,0.096076906,0.149993,0
3.6636257,0.32487631,0.004899025,0.98400778,-0.096076906,-0.149993,0
2.9689264,0.45583633,-1.3087623,-0.11897415,0.27218792,-0.95486063,0
2.0389876,-1.312668,0.31115437,-0.13256633,-0.95743561,-0.25640437,0
-3.1869342,1.4268793,0.40994453,0.13256633,0.95743561,0.25640437,0
3.4273033,-0.67174518,-0.80283833,0.98400778,-0.096076906,-0.149993,0
-2.7642224,0.48185763,-0.6526525,-0.11897415,0.27218792,-0.95486063,0
-3.4161105,-0.48421758,1.1115065,-0.98400778,0.096076906,0.149993,0
-3.3954124,0.095621377,0.82413507,-0.98400778,0.096076906,0.149993,0
-1.1297395,1.2320113,0.1110239,0.13256633,0.95743561,0.25640437,0
-2.2711375,0.060432702,-0.6783452,-0.11897415,0.27218792,-0.95486063,0
0.91477764,-0.52417135,0.8727144,0.11897415,-0.27218792,0.95486063,0
-3.4476309,0.047695041,0.92235923,-0.98400778,0.096076906,0.149993,0
0.73671412,-0.53459299,-1.3197837,-0.11897415,0.27218792,-0.95486063,0
0.69851911,-1.0161203,-0.6430698,-0.13256633,-0.95743561,-0.25640437,0
-0.061642498,-1.0890183,0.26531321,-0.13256633,-0.95743561,-0.25640437,0
2.582495,0.64146167,0.20934129,0.13256633,0.95743561,0.25640437,0
1.1230865,0.63208425,0.92370445,0.13256633,0.95743561,0.25640437,0
-0.17763829,0.15643755,-0.92728508,-0.11897415,0.27218792,-0.95486063,0
-3.5001934,0.11595494,0.44704413,-0.98400778,0.096076906,0.149993,0
3.3908768,-0.76385391,0.0080831051,0.98400778,-0.096076906,-0.149993,0
-0.51684844,-1.0898582,0.67646635,-0.13256633,-0.95743561,-0.25640437,0
3.0064597,-1.0282519,-1.338737,-0.13256633,-0.95743561,-0.25640437,0
-3.4189806,1.3448555,0.29185104,-0.98400778,0.096076906,0.149993,0
3.520725,-1.2081254,0.04524684,0.98400778,-0.096076906,-0.149993,0
-3.2886252,1.0540564,0.82076097,-0.98400778,0.096076906,0.149993,0
-3.5235281,0.088630974,-0.47552252,-0.98400778,0.096076906,0.149993,0
-3.5013778,-0.26566333,-0.099151134,-0.98400778,0.096076906,0.149993,0
1.7452801,-0.82360697,0.49978858,0.11897415,-0.27218792,0.95486063,0
2.7092848,0.040245354,-1.2826071,-0.11897415,0.27218792,-0.95486063,0
-1.3063885,-1.0873622,0.99744666,0.11897415,-0.27218792,0.95486063,0
2.5806956,0.48408586,0.67529678,0.13256633,0.95743561,0.25640437,0
1.5999526,-1.3476024,0.50025207,0.11897415,-0.27218792,0.95486063,0
3.5587173,-0.29028684,0.19669867,0.98400778,-0.096076906,-0.149993,0
3.1020083,0.11678553,-1.439677,-0.11897415,0.27218792,-0.95486063,0
-0.5741688,-0.037695609,1.0465699,0.11897415,-0.27218792,0.95486063,0
-0.048346221,0.77451241,0.86705559,0.13256633,0.95743561,0.25640437,0
-3.273062,0.97544068,1.352241,-0.98400778,0.096076906,0.149993,0
0.86730891,-1.081706,0.67427927,0.11897415,-0.27218792,0.95486063,0
-2.2343433,0.20251063,-0.76557398,-0.11897415,0.27218792,-0.95486063,0
3.4722574,0.57643467,-1.0200577,0.98400778,-0.096076906,-0.149993,0
1.7493539,0.38967013,-1.1529551,-0.11897415,0.27218792,-0.95486063,0
-3.5078728,-0.11993307,0.76710105,-0.98400778,0.096076906,0.149993,0
-3.0530744,0.69185638,-0.50689459,-0.11897415,0.27218792,-0.95486063,0
3.5088499,-0.48204339,-0.60804462,0.98400778,-0.096076906,-0.149993,0
2.1667747,-0.38539028,0.68043137,0.11897415,-0.27218792,0.95486063,0
1.6802071,-1.3336604,0.10632968,-0.13256633,-0.95743561,-0.25640437,0
-3.5126133,-0.58644593,0.78337288,-0.98400778,0.096076906,0.149993,0
2.2723641,-1.3387127,0.44003499,0.11897415,-0.27218792,0.95486063,0
-3.0006621,0.88288039,1.6180992,0.11897415,-0.27218792,0.95486063,0
3.5635066,-1.1528194,0.23242092,0.98400778,-0.096076906,-0.149993,0
-2.9171126,0.14875352,1.4119785,0.11897415,-0.27218792,0.95486063,0
2.9335077,0.67528284,-0.090544939,0.13256633,0.95743561,0.25640437,0
1.0462533,-1.0883584,-0.634534,-0.13256633,-0.95743561,-0.25640437,0
-3.6276147,0.90906823,-0.4127841,-0.98400778,0.096076906,0.149993,0
-3.3162756,1.0744197,0.88860846,-0.98400778,0.096076906,0.149993,0
3.2084737,0.82790285,-0.94192386,0.13256633,0.95743561,0.25640437,0
1.1455343,-0.78628993,-1.181564,-0.13256633,-0.95743561,-0.25640437,0
1.6055987,-0.14626172,-1.1903933,-0.11897415,0.27218792,-0.95486063,0
0.47548854,-1.0681933,0.65309107,0.11897415,-0.27218792,0.95486063,0
-3.3602896,-0.37404734,1.1756411,-0.98400778,0.096076906,0.149993,0
1.2358994,-1.2526538,0.47858828,-0.13256633,-0.95743561,-0.25640437,0
-2.4088616,0.0093601346,-0.66098666,-0.11897415,0.27218792,-0.95486063,0
3.3520374,-0.77725625,-1.1457679,0.98400778,-0.096076906,-0.149993,0
0.60498393,1.0539421,-0.749358,-0.11897415,0.27218792,-0.95486063,0
0.0057201087,0.96381247,0.63875437,0.13256633,0.95743561,0.25640437,0
1.1599017,0.074024886,0.87792999,0.11897415,-0.27218792,0.95486063,0
-3.4632998,0.50359696,-0.11067772,-0.98400778,0.096076906,0.149993,0
-0.14816704,-1.0682608,0.39608786,-0.13256633,-0.95743561,-0.25640437,0
-1.8624147,-0.72521007,-0.56937015,-0.13256633,-0.95743561,-0.25640437,0
3.49053,0.0069590807,-0.22574115,0.98400778,-0.096076906,-0.149993,0
-3.6092801,0.25199431,0.053697348,-0.98400778,0.096076906,0.149993,0
-3.4821024,-0.55059546,0.31559992,-0.98400778,0.096076906,0.149993,0
-2.5316734,1.018594,1.5934069,0.13256633,0.95743561,0.25640437,0
-2.7113841,1.0304002,1.3229778,0.13256633,0.95743561,0.25640437,0
-0.40890706,-0.43870842,0.92890584,0.11897415,-0.27218792,0.95486063,0
2.2930074,0.96663576,-0.89200687,0.13256633,0.95743561,0.25640437,0
-3.6000872,0.068426967,-0.17815399,-0.98400778,0.096076906,0.149993,0
-0.22302824,1.1541108,-0.72922856,-0.11897415,0.27218792,-0.95486063,0
-3.5123274,-0.56854081,0.57821608,-0.98400778,0.096076906,0.149993,0
-2.4375234,1.2147322,0.97381043,0.13256633,0.95743561,0.25640437,0
3.3989608,-1.533412,-0.029205322,0.98400778,-0.096076906,-0.149993,0
-1.3929842,-0.1114963,1.1901909,0.11897415,-0.27218792,0.95486063,0
3.1812196,-0.94473982,-1.2471993,0.98400778,-0.096076906,-0.149993,0
-0.59267318,-0.91457564,-0.21724552,-0.13256633,-0.95743561,-0.25640437,0
3.4088471,-0.54445499,-0.93815255,0.98400778,-0.096076906,-0.149993,0
2.4047549,0.96424508,-0.84326005,0.13256633,0.95743561,0.25640437,0
-2.3410606,0.6366716,1.527529,0.11897415,-0.27218792,0.95486063,0
-2.3526797,1.1225359,0.64155519,0.13256633,0.95743561,0.25640437,0
-3.4236007,1.2992954,-0.13570094,-0.98400778,0.096076906,0.149993,0
-3.3586493,0.78196657,0.8099072,-0.98400778,0.096076906,0.149993,0
3.4668343,0.063418806,-0.94181466,0.98400778,-0.096076906,-0.149993,0
2.429966,-0.29082739,-1.3305686,-0.11897415,0.27218792,-0.95486063,0
-3.2787669,0.69962299,-0.43758607,-0.11897415,0.27218792,-0.95486063,0
2.2841687,-1.140165,0.50250185,0.11897415,-0.27218792,0.95486063,0
-2.8938015,-0.64905095,0.26558137,-0.13256633,-0.95743561,-0.25640437,0
2.7713506,-0.27333614,-1.5684066,-0.11897415,0.27218792,-0.95486063,0
-2.748246,-0.53169703,1.222616,0.11897415,-0.27218792,0.95486063,0
1.1825374,0.84145665,-0.87331724,-0.11897415,0.27218792,-0.95486063,0
-2.5592935,-0.49630955,1.1572039,0.11897415,-0.27218792,0.95486063,0
-2.9548495,-0.62094891,-0.32336545,-0.13256633,-0.95743561,-0.25640437,0
2.9606977,0.68306679,-0.11805081,0.13256633,0.95743561,0.25640437,0
3.4873321,-0.65044248,0.23267817,0.98400778,-0.096076906,-0.149993,0
-0.8767485,-0.83309484,-0.63860488,-0.13256633,-0.95743561,-0.25640437,0
1.7244604,-1.2232314,0.46784443,0.11897415,-0.27218792,0.95486063,0
3.4783585,-0.33628958,0.058669567,0.98400778,-0.096076906,-0.149993,0
-3.6058903,0.10464293,0.14265776,-0.98400778,0.096076906,0.149993,0
-3.3056676,0.83860034,0.55865145,-0.98400778,0.096076906,0.149993,0
-3.4151797,-0.15439761,0.92318058,-0.98400778,0.096076906,0.149993,0
-0.48488504,-0.40306637,-1.0548018,-0.11897415,0.27218792,-0.95486063,0
-0.48630407,0.99338078,0.11426789,0.13256633,0.95743561,0.25640437,0
2.995178,-0.14730233,-1.4055834,-0.11897415,0.27218792,-0.95486063,0
3.4415717,-1.0581338,-0.21727419,0.98400778,-0.096076906,-0.149993,0
3.3963985,-1.2371559,0.067204714,0.98400778,-0.096076906,-0.149993,0
-3.2433844,0.87548989,1.4126945,-0.98400778,0.096076906,0.149993,0
-2.0679016,0.16924518,1.2888992,0.11897415,-0.27218792,0.95486063,0
-3.3790717,-0.046530962,1.0601635,-0.98400778,0.096076906,0.149993,0
2.5543375,-1.0572078,0.48009944,0.11897415,-0.27218792,0.95486063,0
-3.1840367,1.3617446,0.10015893,0.13256633,0.95743561,0.25640437,0
2.0502136,-1.167587,-0.91410649,-0.13256633,-0.95743561,-0.25640437,0
3.4258907,-0.63173687,-0.23093271,0.98400778,-0.096076906,-0.149993,0
-3.4772842,0.10593429,1.0868571,-0.98400778,0.096076906,0.149993,0
-3.6310484,-0.28353339,0.15020156,-0.98400778,0.096076906,0.149993,0
3.0959649,-0.51219916,-1.6684988,-0.11897415,0.27218792,-0.95486063,0
3.4400661,-0.63062799,-0.40180635,0.98400778,-0.096076906,-0.149993,0
3.5239272,-1.2537332,0.037280798,0.98400778,-0.096076906,-0.149993,0
-2.9315164,-0.48619789,-0.51589584,-0.13256633,-0.95743561,-0.25640437,0
-3.3521628,-0.63818592,0.14555383,-0.13256633,-0.95743561,-0.25640437,0
1.3491776,0.83424848,0.15149248,0.13256633,0.95743561,0.25640437,0
0.24060106,-1.2228936,0.5976221,-0.13256633,-0.95743561,-0.25640437,0
-2.5115941,-0.93503702,0.91978145,-0.13256633,-0.95743561,-0.25640437,0
3.399261,-1.441969,0.011507988,0.98400778,-0.096076906,-0.149993,0
3.4959388,-0.89664543,0.35257745,0.11897415,-0.27218792,0.95486063,0
-3.1491749,-0.25089502,-0.64868855,-0.11897415,0.27218792,-0.95486063,0
-3.3032756,0.31330338,0.89066219,-0.98400778,0.096076906,0.149993,0
-3.163619,-0.76360971,0.63760424,-0.13256633,-0.95743561,-0.25640437,0
1.0674652,0.80415565,0.28248352,0.13256633,0.95743561,0.25640437,0
0.9803977,0.97042894,-0.88895881,-0.11897415,0.27218792,-0.95486063,0
3.6148024,-0.16907758,0.54907751,0.98400778,-0.096076906,-0.149993,0
1.5942211,0.25829482,-1.0956442,-0.11897415,0.27218792,-0.95486063,0
-2.7273917,-0.85216993,0.98862982,-0.13256633,-0.95743561,-0.25640437,0
3.3624876,-1.4165151,-0.19464803,-0.13256633,-0.95743561,-0.25640437,0
0.77676618,-0.82795876,-1.0317137,-0.13256633,-0.95743561,-0.25640437,0
3.528522,0.011512518,-0.1166811,0.98400778,-0.096076906,-0.149993,0
2.5147676,0.83390522,-1.1840098,-0.11897415,0.27218792,-0.95486063,0
-1.8329482,0.83436757,-0.61759841,-0.11897415,0.27218792,-0.95486063,0
0.68479055,-1.2521646,0.55577123,-0.13256633,-0.95743561,-0.25640437,0
1.4299741,-0.64712167,0.69835615,0.11897415,-0.27218792,0.95486063,0
-1.6122231,-0.24012762,-1.0099962,-0.11897415,0.27218792,-0.95486063,0
2.6835406,0.74110955,-0.1020143,0.13256633,0.95743561,0.25640437,0
-0.34347588,1.1972256,-0.42973727,0.13256633,0.95743561,0.25640437,0
-3.682163,-0.38637376,-0.22595477,-0.98400778,0.096076906,0.149993,0
2.5178883,-0.96119809,0.52450299,0.11897415,-0.27218792,0.95486063,0
-1.7471749,-0.67403722,-0.73115891,-0.13256633,-0.95743561,-0.25640437,0
-1.5639496,0.417146,1.4485031,0.11897415,-0.27218792,0.95486063,0
3.4563141,0.025345862,-1.2978046,0.98400778,-0.096076906,-0.149993,0
3.4124379,-0.67964864,-0.78095388,0.98400778,-0.096076906,-0.149993,0
-3.4642577,0.45123288,0.11895227,-0.98400778,0.096076906,0.149993,0
3.5243435,-0.62771672,0.40221047,0.98400778,-0.096076906,-0.149993,0
3.2985315,-0.41053838,-0.83485675,0.98400778,-0.096076906,-0.149993,0
3.2203946,-0.99429262,-1.5923915,0.98400778,-0.096076906,-0.149993,0
-2.5594666,1.0309255,1.3555362,0.13256633,0.95743561,0.25640437,0
-3.0738316,0.66411853,1.5168891,0.11897415,-0.27218792,0.95486063,0
-3.603456,-0.55721462,0.1388886,-0.98400778,0.096076906,0.149993,0
-2.7732987,-0.6797896,-0.24103713,-0.13256633,-0.95743561,-0.25640437,0
-3.5682635,-0.33318597,0.19505239,-0.98400778,0.096076906,0.149993,0
0.44221655,1.0853156,-0.5247547,0.13256633,0.95743561,0.25640437,0
-1.5421922,0.99353027,-0.46756476,-0.11897415,0.27218792,-0.95486063,0
3.3236957,-0.13413706,-1.2557244,0.98400778,-0.096076906,-0.149993,0
-3.2386155,1.0957723,0.72957134,-0.98400778,0.096076906,0.149993,0
0.55917746,-1.0017066,-0.62795341,-0.13256633,-0.95743561,-0.25640437,0
-1.9530102,0.70725179,-0.53347778,-0.11897415,0.27218792,-0.95486063,0
-2.9418244,-0.47605693,-0.82306027,-0.11897415,0.27218792,-0.95486063,0
-2.333286,-0.88240761,1.1840196,0.11897415,-0.27218792,0.95486063,0
1.3733876,0.61603332,0.88883615,0.13256633,0.95743561,0.25640437,0
2.5511057,-1.1711638,-1.1907072,-0.13256633,-0.95743561,-0.25640437,0
-3.4951506,-0.51610911,0.16333389,-0.98400778,0.096076906,0.149993,0
2.9106538,0.94325221,-1.1356471,0.13256633,0.95743561,0.25640437,0
1.7774416,-0.81317735,-1.4121464,-0.13256633,-0.95743561,-0.25640437,0
1.0387428,-0.30660325,0.93210328,0.11897415,-0.27218792,0.95486063,0
3.2792375,0.57508957,0.084921122,0.13256633,0.95743561,0.25640437,0
-0.55463952,1.2353878,-0.48590684,0.13256633,0.95743561,0.25640437,0
-3.2413633,0.80700421,1.3783505,-0.98400778,0.096076906,0.149993,0
0.91782987,0.93849695,-0.46145862,0.13256633,0.95743561,0.25640437,0
3.697124,0.42130864,0.027093172,0.98400778,-0.096076906,-0.149993,0
-3.3703396,0.63138008,0.4057014,-0.98400778,0.096076906,0.149993,0
1.3628161,-1.0289199,-0.53403652,-0.13256633,-0.95743561,-0.25640437,0
3.3447361,-0.031498134,-1.05073,0.98400778,-0.096076906,-0.149993,0
-3.4768391,1.3996727,0.20074773,-0.98400778,0.096076906,0.149993,0
-0.8137362,-0.69613695,-0.6878072,-0.13256633,-0.95743561,-0.25640437,0
-3.5539136,0.84792101,0.042710781,-0.98400778,0.096076906,0.149993,0
0.66034752,1.0333728,-0.32708907,0.13256633,0.95743561,0.25640437,0
0.63102704,-1.043144,-0.38345993,-0.13256633,-0.95743561,-0.25640437,0
2.238333,-1.30235,-0.27464604,-0.13256633,-0.95743561,-0.25640437,0
1.3145449,-0.047245562,-1.2118839,-0.11897415,0.27218792,-0.95486063,0
1.87493,-0.78412843,0.58379924,0.11897415,-0.27218792,0.95486063,0
2.1751754,0.80883569,-1.0213459,-0.11897415,0.27218792,-0.95486063,0
2.3124659,0.5162822,-1.2076671,-0.11897415,0.27218792,-0.95486063,0
-3.5936232,0.065614581,-0.0038101673,-0.98400778,0.096076906,0.149993,0
-3.6030774,-0.1537962,-0.19022107,-0.98400778,0.096076906,0.149993,0
-2.5654128,1.0848008,0.86902332,0.13256633,0.95743561,0.25640437,0
-1.6850879,-0.12117445,1.1919453,0.11897415,-0.27218792,0.95486063,0
0.038133085,-0.48578882,0.83104903,0.11897415,-0.27218792,0.95486063,0
-2.8194535,1.4922791,-0.038150549,0.13256633,0.95743561,0.25640437,0
0.21323818,0.9537282,0.17146519,0.13256633,0.95743561,0.25640437,0
-3.185395,-0.58666801,0.13371992,-0.13256633,-0.95743561,-0.25640437,0
-0.27199572,0.70937198,1.2192229,0.13256633,0.95743561,0.25640437,0
1.5602605,-0.32186311,-1.4043117,-0.11897415,0.27218792,-0.95486063,0
-3.6923411,-0.22000915,-0.25159621,-0.98400778,0.096076906,0.149993,0
1.6034493,0.63880724,0.97218037,0.13256633,0.95743561,0.25640437,0
2.0590975,0.88804185,-0.43952417,0.13256633,0.95743561,0.25640437,0
-2.3489518,0.47084954,1.4442832,0.11897415,-0.27218792,0.95486063,0
0.22103272,-0.90563524,-0.63409108,-0.13256633,-0.95743561,-0.25640437,0
-3.5722387,-0.56517744,-0.08089447,-0.98400778,0.096076906,0.149993,0
3.3436182,-0.63904327,-1.540009,0.98400778,-0.096076906,-0.149993,0
1.0052783,1.0825944,-0.27891719,0.13256633,0.95743561,0.25640437,0
-0.78265095,0.29887682,1.2365472,0.11897415,-0.27218792,0.95486063,0
3.5257463,0.11351871,-0.73464751,0.98400778,-0.096076906,-0.149993,0
3.3861578,-0.18075603,-0.96729207,0.98400778,-0.096076906,-0.149993,0
-0.4116748,0.044738159,-0.98934203,-0.11897415,0.27218792,-0.95486063,0
1.393556,-1.2441071,-0.068608284,-0.13256633,-0.95743561,-0.25640437,0
3.2765007,-0.90005457,-1.6478195,0.98400778,-0.096076906,-0.149993,0
3.4159491,-0.046456456,-0.96773744,0.98400778,-0.096076906,-0.149993,0
-1.7515519,-0.37929404,1.0688916,0.11897415,-0.27218792,0.95486063,0
3.0881164,0.54766655,-0.067474127,0.13256633,0.95743561,0.25640437,0
-2.7924783,0.29595619,1.4754293,0.11897415,-0.27218792,0.95486063,0
3.3101037,-0.50551903,-0.74502587,0.98400778,-0.096076906,-0.149993,0
2.4557171,0.57231665,0.16894805,0.13256633,0.95743561,0.25640437,0
3.656898,0.3373124,0.10910368,0.98400778,-0.096076906,-0.149993,0
-2.7489367,-0.63511223,-0.085315466,-0.13256633,-0.95743561,-0.25640437,0
-0.60124576,-1.0983725,0.27568156,-0.13256633,-0.95743561,-0.25640437,0
-0.10507673,-1.1405447,0.640818,-0.13256633,-0.95743561,-0.25640437,0
-3.1502399,1.0907066,1.4106228,-0.98400778,0.096076906,0.149993,0
-1.9855746,-0.84836495,0.21041119,-0.13256633,-0.95743561,-0.25640437,0
-2.5942633,1.0334613,1.3902376,0.13256633,0.95743561,0.25640437,0
2.2326849,-1.1904035,-0.88131726,-0.13256633,-0.95743561,-0.25640437,0
1.445803,1.0098692,-0.46190631,0.13256633,0.95743561,0.25640437,0
-2.9981635,-0.80804724,1.2149262,0.11897415,-0.27218792,0.95486063,0
-3.2547503,1.1583323,1.0463233,-0.98400778,0.096076906,0.149993,0
1.7816916,0.68579245,0.71707034,0.13256633,0.95743561,0.25640437,0
2.742137,0.24459022,0.7776078,0.11897415,-0.27218792,0.95486063,0
-0.45576519,-0.77402997,-0.77558333,-0.13256633,-0.95743561,-0.25640437,0
-3.6643662,0.24096817,-0.33458281,-0.98400778,0.096076906,0.149993,0
-0.1281873,-0.30672351,0.99467158,0.11897415,-0.27218792,0.95486063,0
-3.3041561,-0.78208399,0.98188305,-0.13256633,-0.95743561,-0.25640437,0
-1.618789,-0.66618085,0.98118663,0.11897415,-0.27218792,0.95486063,0
-0.091160297,0.39483869,-0.82615298,-0.11897415,0.27218792,-0.95486063,0
2.6529071,-1.5287884,0.28406811,0.11897415,-0.27218792,0.95486063,0
1.6402984,0.75164706,-0.94236338,-0.11897415,0.27218792,-0.95486063,0
2.9139912,-0.72054493,0.38874817,0.11897415,-0.27218792,0.95486063,0
2.9735544,-0.34914505,0.61177802,0.11897415,-0.27218792,0.95486063,0
1.2812448,-1.1664723,0.53370905,0.11897415,-0.27218792,0.95486063,0
2.8685679,-1.0869339,-1.072629,-0.13256633,-0.95743561,-0.25640437,0
2.2395616,-0.54500914,-1.4626141,-0.11897415,0.27218792,-0.95486063,0
3.5098653,0.64450824,-0.62173223,0.98400778,-0.096076906,-0.149993,0
2.3565309,0.9248997,-0.4259789,0.13256633,0.95743561,0.25640437,0
3.4790566,-1.5425475,-0.04154253,0.98400778,-0.096076906,-0.149993,0
0.74490362,-0.12140496,0.8248204,0.11897415,-0.27218792,0.95486063,0
-0.0049262345,-1.0293528,-0.41797036,-0.13256633,-0.95743561,-0.25640437,0
-3.101645,1.1833839,-0.41913128,-0.11897415,0.27218792,-0.95486063,0
3.4293096,-0.17146859,-0.68519664,0.98400778,-0.096076906,-0.149993,0
3.4656148,-0.67826951,0.020256996,0.98400778,-0.096076906,-0.149993,0
1.7606285,0.75872493,0.34663701,0.13256633,0.95743561,0.25640437,0
-2.6038747,-0.30934793,-0.72476387,-0.11897415,0.27218792,-0.95486063,0
-1.1785229,-0.89002055,0.16696334,-0.13256633,-0.95743561,-0.25640437,0
-1.4111092,-0.087917089,-0.91412735,-0.11897415,0.27218792,-0.95486063,0
-1.0973761,0.79414928,-0.71907222,-0.11897415,0.27218792,-0.95486063,0
2.7044117,-1.075635,-1.383848,-0.13256633,-0.95743561,-0.25640437,0
-2.7117367,1.1668665,-0.38213861,-0.11897415,0.27218792,-0.95486063,0
2.6557944,-1.0345058,-1.1695721,-0.13256633,-0.95743561,-0.25640437,0
3.1260355,-1.4580393,-0.42094707,-0.13256633,-0.95743561,-0.25640437,0
-2.030499,0.87661982,1.5463728,0.13256633,0.95743561,0.25640437,0
0.70544904,0.99100995,-0.12614024,0.13256633,0.95743561,0.25640437,0
3.4378409,0.0091820955,-1.052573,0.98400778,-0.096076906,-0.149993,0
3.3492205,0.029365957,-1.5157681,0.98400778,-0.096076906,-0.149993,0
3.1162596,-0.47079912,-1.4761493,-0.11897415,0.27218792,-0.95486063,0
2.8824646,-1.2958176,0.40201116,0.11897415,-0.27218792,0.95486063,0
3.5334365,0.092546284,-0.51185822,0.98400778,-0.096076906,-0.149993,0
3.4277182,-0.17219311,-1.2334826,0.98400778,-0.096076906,-0.149993,0
-3.3836832,-0.46025479,0.9598906,-0.98400778,0.096076906,0.149993,0
0.43757302,0.4442234,1.059333,0.11897415,-0.27218792,0.95486063,0
-2.2192955,0.69811988,1.4996098,0.11897415,-0.27218792,0.95486063,0
-2.4990573,0.99726844,1.4015658,0.13256633,0.95743561,0.25640437,0
1.1518965,0.7754389,0.49355668,0.13256633,0.95743561,0.25640437,0
-2.7600884,-0.8428694,0.73299456,-0.13256633,-0.95743561,-0.25640437,0
-1.2640865,-0.86982608,0.36518764,-0.13256633,-0.95743561,-0.25640437,0
1.3863354,0.97388154,-0.33076906,0.13256633,0.95743561,0.25640437,0
-3.2814286,-0.70826644,0.053979635,-0.13256633,-0.95743561,-0.25640437,0
2.9746096,0.42388242,0.46153212,0.13256633,0.95743561,0.25640437,0
-0.021312416,0.15578653,-0.95571309,-0.11897415,0.27218792,-0.95486063,0
-3.3597178,0.92997813,1.0863554,-0.98400778,0.096076906,0.149993,0
3.3333585,-1.2884858,-0.35290027,0.98400778,-0.096076906,-0.149993,0
2.1707828,0.5022155,-1.2713733,-0.11897415,0.27218792,-0.95486063,0
3.3205633,-1.0335385,-1.4279058,0.98400778,-0.096076906,-0.149993,0
3.4998128,-0.30198297,-0.010201931,0.98400778,-0.096076906,-0.149993,0
1.3362179,0.52660882,1.000545,0.13256633,0.95743561,0.25640437,0
-3.2157693,1.1084502,1.4846568,-0.98400778,0.096076906,0.149993,0
2.2394974,-1.3240275,0.27438736,-0.13256633,-0.95743561,-0.25640437,0
2.9233255,-0.64996141,0.50507641,0.11897415,-0.27218792,0.95486063,0
-1.441635,1.3891571,-0.30309004,0.13256633,0.95743561,0.25640437,0
-3.5038261,-0.44828725,0.40499926,-0.98400778,0.096076906,0.149993,0
2.2835996,0.62698412,-0.0093300343,0.13256633,0.95743561,0.25640437,0
3.2943802,-1.2052395,0.19119883,0.11897415,-0.27218792,0.95486063,0
3.3411431,-0.16231135,-1.5120525,0.98400778,-0.096076906,-0.149993,0
0.38436955,-0.89460731,0.80553859,0.11897415,-0.27218792,0.95486063,0
-2.4383793,-0.60061079,-0.41182351,-0.13256633,-0.95743561,-0.25640437,0
-0.26062351,0.74087977,1.097376,0.13256633,0.95743561,0.25640437,0
-3.4224427,0.90296096,-0.034548044,-0.98400778,0.096076906,0.149993,0
1.1424036,-0.92575186,-1.2873963,-0.13256633,-0.95743561,-0.25640437,0
2.7205052,-1.1669837,-1.3123531,-0.13256633,-0.95743561,-0.25640437,0
-1.6837003,0.81853122,1.386682,0.13256633,0.95743561,0.25640437,0
-3.5279193,-0.39852852,0.36722207,-0.98400778,0.096076906,0.149993,0
-0.36340371,0.8768664,0.85210592,0.13256633,0.95743561,0.25640437,0
-2.3376489,0.14155865,-0.70632696,-0.11897415,0.27218792,-0.95486063,0
1.8124704,0.93118513,-0.81672287,0.13256633,0.95743561,0.25640437,0
1.7175473,-0.64269602,0.70694304,0.11897415,-0.27218792,0.95486063,0
-2.3474045,0.2490603,1.3473051,0.11897415,-0.27218792,0.95486063,0
-2.0161388,-0.79793358,0.22740221,-0.13256633,-0.95743561,-0.25640437,0
-0.9850657,1.0896876,-0.55848444,-0.11897415,0.27218792,-0.95486063,0
1.5088718,-1.3058764,0.063317537,-0.13256633,-0.95743561,-0.25640437,0
-2.0860269,-0.75464714,-0.32456052,-0.13256633,-0.95743561,-0.25640437,0
-3.3735101,1.3506877,0.075403452,-0.98400778,0.096076906,0.149993,0
-3.2416275,0.84521031,1.6126525,-0.98400778,0.096076906,0.149993,0
0.016211689,-0.42637759,-1.1717154,-0.11897415,0.27218792,-0.95486063,0
-1.6161677,0.70363933,-0.550623,-0.11897415,0.27218792,-0.95486063,0
1.0349799,0.65571743,0.93385297,0.13256633,0.95743561,0.25640437,0
-3.526515,0.51579392,0.42896867,-0.98400778,0.096076906,0.149993,0
-2.5634184,-0.96170986,0.97560525,-0.13256633,-0.95743561,-0.25640437,0
2.4772341,-0.85452753,0.52067685,0.11897415,-0.27218792,0.95486063,0
-1.1029278,1.0927486,0.32633543,0.13256633,0.95743561,0.25640437,0
1.2795788,-1.1666496,0.089301884,-0.13256633,-0.95743561,-0.25640437,0
1.7581544,-0.80705553,0.65545088,0.11897415,-0.27218792,0.95486063,0
0.52123898,-0.016526857,-1.101347,-0.11897415,0.27218792,-0.95486063,0
3.1842527,-0.78849328,-1.3758924,0.98400778,-0.096076906,-0.149993,0
3.2940807,-0.40605921,-1.0538838,0.98400778,-0.096076906,-0.149993,0
-0.23505443,0.85035187,0.86116093,0.13256633,0.95743561,0.25640437,0
-1.7091703,0.81318402,-0.65956163,-0.11897415,0.27218792,-0.95486063,0
-1.7024107,1.3805758,-0.1906743,0.13256633,0.95743561,0.25640437,0
3.4656816,0.27623707,-0.72773838,0.98400778,-0.096076906,-0.149993,0
3.6761,-0.059241652,0.52694273,0.98400778,-0.096076906,-0.149993,0
-3.6010695,-0.36883205,0.10034108,-0.98400778,0.096076906,0.149993,0
-3.5378172,0.004945755,0.49294901,-0.98400778,0.096076906,0.149993,0
-2.9686646,1.331605,0.4443574,0.13256633,0.95743561,0.25640437,0
3.3227232,0.68633217,-0.41780424,0.13256633,0.95743561,0.25640437,0
2.1928363,-0.5735029,0.69237745,0.11897415,-0.27218792,0.95486063,0
3.425221,-1.3838137,0.11586547,0.98400778,-0.096076906,-0.149993,0
3.3677804,-1.3254585,-0.042611361,0.98400778,-0.096076906,-0.149993,0
2.3769503,0.84920835,-0.71894145,0.13256633,0.95743561,0.25640437,0
3.4441278,-1.4934835,0.19656801,0.98400778,-0.096076906,-0.149993,0
-2.7433386,0.3736698,1.3958511,0.11897415,-0.27218792,0.95486063,0
-1.0237132,1.0319228,0.96491313,0.13256633,0.95743561,0.25640437,0
1.5456247,0.77182579,-1.040244,-0.11897415,0.27218792,-0.95486063,0
3.28251,-0.49689513,-1.5407827,0.98400778,-0.096076906,-0.149993,0
0.61128765,-0.32473946,0.98112357,0.11897415,-0.27218792,0.95486063,0
3.4092753,0.18215209,-1.4358659,0.98400778,-0.096076906,-0.149993,0
-3.3448458,1.0962845,1.3110428,-0.98400778,0.096076906,0.149993,0
3.5370746,0.091470242,0.37387395,0.98400778,-0.096076906,-0.149993,0
-3.1644878,1.3440483,0.72823715,0.13256633,0.95743561,0.25640437,0
-3.4159105,0.18225563,0.99393892,-0.98400778,0.096076906,0.149993,0
-0.98186678,-0.74006307,0.93165481,0.11897415,-0.27218792,0.95486063,0
0.63157147,0.018805161,0.98988986,0.11897415,-0.27218792,0.95486063,0
-3.2611265,0.81589735,0.90339518,-0.98400778,0.096076906,0.149993,0
3.5208905,-0.3003459,-0.26727581,0.98400778,-0.096076906,-0.149993,0
3.3151319,-1.3044498,-0.38037229,0.98400778,-0.096076906,-0.149993,0
-3.4254799,1.4382662,0.0082383156,-0.98400778,0.096076906,0.149993,0
-3.6712868,0.12505418,-0.56985807,-0.98400778,0.096076906,0.149993,0
-3.5464451,0.19284552,-0.15339422,-0.98400778,0.096076906,0.149993,0
2.8975301,-1.5109618,-0.037248135,-0.13256633,-0.95743561,-0.25640437,0
2.2866588,0.71419972,-0.33091736,0.13256633,0.95743561,0.25640437,0
-0.55599034,-0.61046338,0.97141743,0.11897415,-0.27218792,0.95486063,0
3.3964467,-1.276567,0.014889956,0.98400778,-0.096076906,-0.149993,0
-2.379169,-0.90835106,0.91317654,-0.13256633,-0.95743561,-0.25640437,0
1.8922062,-0.17796746,0.85422724,0.11897415,-0.27218792,0.95486063,0
-1.6587182,-0.9762944,1.0028548,0.11897415,-0.27218792,0.95486063,0
2.9247694,-1.3637466,-0.54746032,-0.13256633,-0.95743561,-0.25640437,0
2.0976043,0.86085939,-0.15145171,0.13256633,0.95743561,0.25640437,0
-3.5214605,-0.71818703,1.1244214,-0.98400778,0.096076906,0.149993,0
-0.27749634,-0.21801755,-1.1664162,-0.11897415,0.27218792,-0.95486063,0
-1.2297658,0.13133626,1.1729226,0.11897415,-0.27218792,0.95486063,0
-3.5128226,-0.35392982,0.35252643,-0.98400778,0.096076906,0.149993,0
3.404165,0.5166924,-1.2106507,0.98400778,-0.096076906,-0.149993,0
-0.3514148,0.3755877,-0.83610731,-0.11897415,0.27218792,-0.95486063,0
2.2781715,0.56993389,-1.2487469,-0.11897415,0.27218792,-0.95486063,0
3.1413054,-1.1592782,-1.2407651,-0.13256633,-0.95743561,-0.25640437,0
3.3771605,0.23188746,-0.66264439,0.98400778,-0.096076906,-0.149993,0
-3.618633,-0.67403227,0.66893601,-0.98400778,0.096076906,0.149993,0
3.5768774,-0.56713241,0.37816286,0.98400778,-0.096076906,-0.149993,0
3.2335377,-0.94034696,-0.92726278,0.98400778,-0.096076906,-0.149993,0
2.1496453,-0.85194516,0.64106023,0.11897415,-0.27218792,0.95486063,0
-3.477849,-0.85021335,0.91292429,-0.98400778,0.096076906,0.149993,0
3.0288081,-0.0010358095,0.5883913,0.11897415,-0.27218792,0.95486063,0
1.1699402,-0.89842254,-0.93656456,-0.13256633,-0.95743561,-0.25640437,0
3.2775841,-0.21360889,-1.1337914,0.98400778,-0.096076906,-0.149993,0
1.8697708,0.74041307,-1.1148648,-0.11897415,0.27218792,-0.95486063,0
-2.5510373,-0.85916114,1.2110085,0.11897415,-0.27218792,0.95486063,0
-2.2550852,-0.57227492,1.1466889,0.11897415,-0.27218792,0.95486063,0
-3.4484897,-0.079661131,0.20261145,-0.98400778,0.096076906,0.149993,0
1.4707915,1.0061136,-0.87847698,0.13256633,0.95743561,0.25640437,0
-2.961056,-0.45925593,1.3300285,0.11897415,-0.27218792,0.95486063,0
-2.4004161,0.37585738,-0.62070119,-0.11897415,0.27218792,-0.95486063,0
1.8283474,-0.11071151,0.78494,0.11897415,-0.27218792,0.95486063,0
-3.3690963,-0.67092329,1.0994506,-0.98400778,0.096076906,0.149993,0
2.567297,-0.71346897,-1.6246328,-0.11897415,0.27218792,-0.95486063,0
0.01129365,-0.77617514,0.78273451,0.11897415,-0.27218792,0.95486063,0
0.053215325,-0.12014174,1.0857272,0.11897415,-0.27218792,0.95486063,0
-3.3899701,0.32097048,1.1760261,-0.98400778,0.096076906,0.149993,0
-0.4236716,0.57661664,1.3288835,0.11897415,-0.27218792,0.95486063,0
-1.0579665,0.80814439,-0.58303201,-0.11897415,0.27218792,-0.95486063,0
-3.4594598,0.49542409,0.22703838,-0.98400778,0.096076906,0.149993,0
-3.4861853,-0.60789716,0.52548432,-0.98400778,0.096076906,0.149993,0
2.8365924,-0.69931388,0.55930984,0.11897415,-0.27218792,0.95486063,0
1.024441,-1.0308402,-0.86646658,-0.13256633,-0.95743561,-0.25640437,0
-3.5441575,1.0694599,-0.29757977,-0.98400778,0.096076906,0.149993,0
2.9647875,-0.56881338,-1.6449926,-0.11897415,0.27218792,-0.95486063,0
3.4056962,-0.99849021,0.061834812,0.98400778,-0.096076906,-0.149993,0
1.6325209,-1.1055717,-0.85019159,-0.13256633,-0.95743561,-0.25640437,0
3.461369,-1.1348264,-0.22437119,0.98400778,-0.096076906,-0.149993,0
1.7210797,-0.34980804,0.76897293,0.11897415,-0.27218792,0.95486063,0
-0.44131988,-0.88520002,-0.23003384,-0.13256633,-0.95743561,-0.25640437,0
0.57768816,1.1175492,-0.22524339,0.13256633,0.95743561,0.25640437,0
-3.1160047,0.80803543,1.6462953,0.11897415,-0.27218792,0.95486063,0
-2.8620491,-0.38014913,1.2593184,0.11897415,-0.27218792,0.95486063,0
1.6526343,-1.3704929,0.5260185,0.11897415,-0.27218792,0.95486063,0
3.4177351,0.065380991,-1.2611279,0.98400778,-0.096076906,-0.149993,0
-3.3914924,0.47682333,0.78260183,-0.98400778,0.096076906,0.149993,0
1.0592992,-1.0553449,0.56872392,0.11897415,-0.27218792,0.95486063,0
-0.47616339,0.70420063,-0.81002414,-0.11897415,0.27218792,-0.95486063,0
3.5557535,-0.075419962,-0.15538144,0.98400778,-0.096076906,-0.149993,0
0.56739968,-0.021563798,0.8911922,0.11897415,-0.27218792,0.95486063,0
3.4835644,-0.41111577,-0.24438953,0.98400778,-0.096076906,-0.149993,0
3.5770056,-0.11446786,-0.25563359,0.98400778,-0.096076906,-0.149993,0
-2.9953308,0.26448032,-0.57986307,-0.11897415,0.27218792,-0.95486063,0
3.6419697,-0.36847413,0.31548595,0.98400778,-0.096076906,-0.149993,0
-2.00036,1.1546063,-0.42239642,-0.11897415,0.27218792,-0.95486063,0
-3.3396072,0.85682571,0.24864507,-0.98400778,0.096076906,0.149993,0
-0.79230249,-0.99615753,0.26575351,-0.13256633,-0.95743561,-0.25640437,0
-2.1316004,0.57367706,-0.65404749,-0.11897415,0.27218792,-0.95486063,0
-3.5179076,0.11505288,0.42729378,-0.98400778,0.096076906,0.149993,0
-0.11374296,-1.0893357,0.14583722,-0.13256633,-0.95743561,-0.25640437,0
-2.1128531,-0.59594941,-0.78819859,-0.13256633,-0.95743561,-0.25640437,0
-1.87568,0.63744807,1.4376994,0.11897415,-0.27218792,0.95486063,0
-3.0060773,0.83092242,-0.40751529,-0.11897415,0.27218792,-0.95486063,0
3.300257,-0.16336349,-1.0131657,0.98400778,-0.096076906,-0.149993,0
-0.73953992,-0.82015795,0.95365316,0.11897415,-0.27218792,0.95486063,0
3.1962948,0.91288143,-0.897295,0.13256633,0.95743561,0.25640437,0
-3.4512515,-0.25750136,0.66772676,-0.98400778,0.096076906,0.149993,0
-3.0499914,0.70635998,1.5511682,0.11897415,-0.27218792,0.95486063,0
2.7894855,-0.37268275,0.65288281,0.11897415,-0.27218792,0.95486063,0
-3.5025449,0.33834273,0.25613809,-0.98400778,0.096076906,0.149993,0
-1.1593587,1.1511089,0.011798859,0.13256633,0.95743561,0.25640437,0
-3.5205572,-0.35050189,-0.034828186,-0.98400778,0.096076906,0.149993,0
-3.1239429,-0.29049665,1.2784724,0.11897415,-0.27218792,0.95486063,0
3.4184911,-1.2722291,-0.46019578,0.98400778,-0.096076906,-0.149993,0
-0.74779564,1.1839899,-0.14246735,0.13256633,0.95743561,0.25640437,0
3.5087311,-0.089295983,0.52220201,0.11897415,-0.27218792,0.95486063,0
3.5021522,-0.35236365,0.13125968,0.98400778,-0.096076906,-0.149993,0
3.2839203,0.55749631,-1.2050593,-0.11897415,0.27218792,-0.95486063,0
2.5125573,0.41360384,0.75799668,0.13256633,0.95743561,0.25640437,0
-2.0559006,0.05098325,1.2710865,0.11897415,-0.27218792,0.95486063,0
3.2534313,-0.86221272,-1.7728429,0.98400778,-0.096076906,-0.149993,0
3.4382734,0.27830291,0.77722597,0.11897415,-0.27218792,0.95486063,0
0.48678836,0.75162411,-0.87341994,-0.11897415,0.27218792,-0.95486063,0
1.0411775,-0.63825268,-1.4144492,-0.11897415,0.27218792,-0.95486063,0
3.5064371,0.74722809,-0.84392262,0.98400778,-0.096076906,-0.149993,0
0.15768498,-0.32537678,0.85383022,0.11897415,-0.27218792,0.95486063,0
-0.95206296,-0.99393106,0.44191307,-0.13256633,-0.95743561,-0.25640437,0
-3.6546488,-0.075629771,-0.091149569,-0.98400778,0.096076906,0.149993,0
-3.1899848,-0.92572218,0.93682122,-0.13256633,-0.95743561,-0.25640437,0
-3.4315207,0.93318105,-0.28048325,-0.98400778,0.096076906,0.149993,0
-0.5568701,0.83827269,-0.7359274,-0.11897415,0.27218792,-0.95486063,0
-3.412493,1.2211531,0.23953509,-0.98400778,0.096076906,0.149993,0
-2.0051372,1.0189644,0.82321727,0.13256633,0.95743561,0.25640437,0
-0.63782793,-1.2021612,0.57316858,-0.13256633,-0.95743561,-0.25640437,0
-1.6600167,1.0098484,0.73750424,0.13256633,0.95743561,0.25640437,0
2.0170472,-0.96109432,0.44091475,0.11897415,-0.27218792,0.95486063,0
1.4067695,1.0470097,-1.0141908,-0.11897415,0.27218792,-0.95486063,0
3.3148484,-0.025646329,-1.390703,0.98400778,-0.096076906,-0.149993,0
-0.49271694,-1.1684573,0.37453699,-0.13256633,-0.95743561,-0.25640437,0
3.4479976,-1.0383425,-0.15601993,0.98400778,-0.096076906,-0.149993,0
-0.6504463,0.31209397,1.2976885,0.11897415,-0.27218792,0.95486063,0
1.5380394,-1.3616296,0.41321021,0.11897415,-0.27218792,0.95486063,0
2.5951791,0.39610127,-1.2238257,-0.11897415,0.27218792,-0.95486063,0
0.66158116,-0.1923842,-1.1101279,-0.11897415,0.27218792,-0.95486063,0
-3.5345774,-0.072570443,0.13671255,-0.98400778,0.096076906,0.149993,0
1.9749986,-0.66835368,-1.4297397,-0.11897415,0.27218792,-0.95486063,0
2.8779771,-1.5289686,0.23080659,0.11897415,-0.27218792,0.95486063,0
-3.2889841,1.1380246,0.50784683,-0.98400778,0.096076906,0.149993,0
0.98537987,0.89473504,-0.18529481,0.13256633,0.95743561,0.25640437,0
-1.1167759,-0.95914215,0.16515458,-0.13256633,-0.95743561,-0.25640437,0
0.99576521,0.11860715,-1.0556085,-0.11897415,0.27218792,-0.95486063,0
0.42561287,0.058885217,-1.1829715,-0.11897415,0.27218792,-0.95486063,0
3.2339807,-1.0114142,0.28526354,0.11897415,-0.27218792,0.95486063,0
-3.3696899,-0.040746152,1.437897,-0.98400778,0.096076906,0.149993,0
1.1733626,-1.0500268,-0.38821119,-0.13256633,-0.95743561,-0.25640437,0
2.1829438,-0.58436877,0.53087962,0.11897415,-0.27218792,0.95486063,0
-2.3073308,1.2505879,0.26918781,0.13256633,0.95743561,0.25640437,0
-2.3212838,0.048287243,1.3819377,0.11897415,-0.27218792,0.95486063,0
-0.659374,0.73657811,1.2735386,0.11897415,-0.27218792,0.95486063,0
-1.1109219,-0.062068164,1.0905793,0.11897415,-0.27218792,0.95486063,0
-2.3607254,0.90293479,1.436636,0.13256633,0.95743561,0.25640437,0
-0.16754991,-0.99825525,-0.036636144,-0.13256633,-0.95743561,-0.25640437,0
-3.4588442,0.22914332,-0.14357519,-0.98400778,0.096076906,0.149993,0
-3.4388974,0.7879349,-0.47885847,-0.11897415,0.27218792,-0.95486063,0
-3.4707663,-0.34685802,0.5767405,-0.98400778,0.096076906,0.149993,0
-3.4765508,-0.013804793,0.419662,-0.98400778,0.096076906,0.149993,0
3.1936331,-1.0105315,-1.5998826,0.98400778,-0.096076906,-0.149993,0
-2.0532572,-0.024283916,-0.87902647,-0.11897415,0.27218792,-0.95486063,0
3.2742791,-0.97751629,-0.70106101,0.98400778,-0.096076906,-0.149993,0
3.6100156,-0.57366121,0.27518487,0.98400778,-0.096076906,-0.149993,0
-1.4509147,-0.68286955,-0.62947237,-0.13256633,-0.95743561,-0.25640437,0
1.7784817,-1.3171662,0.43031824,-0.13256633,-0.95743561,-0.25640437,0
-2.6543715,-0.7490809,0.52243829,-0.13256633,-0.95743561,-0.25640437,0
0.51644778,0.52052891,1.0411605,0.11897415,-0.27218792,0.95486063,0
3.5799446,0.47374409,0.26455617,0.98400778,-0.096076906,-0.149993,0
3.2987185,0.60528839,-1.32971,-0.11897415,0.27218792,-0.95486063,0
0.38476551,-0.96201646,-0.68407845,-0.13256633,-0.95743561,-0.25640437,0
2.9338684,0.5990845,-1.3062756,-0.11897415,0.27218792,-0.95486063,0
-2.395139,1.3407714,-0.11948383,0.13256633,0.95743561,0.25640437,0
-1.5439585,-0.62816685,-0.6983465,-0.13256633,-0.95743561,-0.25640437,0
-3.6157699,-0.078610778,-0.25054002,-0.98400778,0.096076906,0.149993,0
-2.4383428,1.4776237,-0.34142578,-0.11897415,0.27218792,-0.95486063,0
-3.2393231,1.4508171,-0.032588482,0.13256633,0.95743561,0.25640437,0
1.6466074,-0.54871678,0.69297254,0.11897415,-0.27218792,0.95486063,0
-0.44260091,0.91053385,0.61794531,0.13256633,0.95743561,0.25640437,0
0.94468564,-1.2818379,0.28503495,-0.13256633,-0.95743561,-0.25640437,0
-2.1819656,-0.60614634,-0.31376338,-0.13256633,-0.95743561,-0.25640437,0
3.3897049,-0.1901052,-0.51941228,0.98400778,-0.096076906,-0.149993,0
1.6844945,-0.85040599,-1.4607831,-0.11897415,0.27218792,-0.95486063,0
-2.4160669,0.8657515,1.6413898,0.13256633,0.95743561,0.25640437,0
2.6741607,0.24902198,-1.3606472,-0.11897415,0.27218792,-0.95486063,0
-1.8843894,1.1334232,0.79190207,0.13256633,0.95743561,0.25640437,0
3.3567724,0.32440245,0.70841289,0.13256633,0.95743561,0.25640437,0
0.59804928,-1.0965229,-0.28686929,-0.13256633,-0.95743561,-0.25640437,0
-3.2836998,1.1453933,0.49243164,-0.98400778,0.096076906,0.149993,0
-1.6289617,-0.45740175,-0.97566462,-0.11897415,0.27218792,-0.95486063,0
-0.91299325,0.073574826,-0.86095291,-0.11897415,0.27218792,-0.95486063,0
1.6092302,0.38187733,-1.1716759,-0.11897415,0.27218792,-0.95486063,0
3.0663316,-1.2102958,-1.0123625,-0.13256633,-0.95743561,-0.25640437,0
-1.4965079,1.0583259,0.98346972,0.13256633,0.95743561,0.25640437,0
-3.0273268,1.4373481,0.27466893,0.13256633,0.95743561,0.25640437,0
-3.4437923,0.56148183,0.93826246,-0.98400778,0.096076906,0.149993,0
-0.31353641,0.59859568,-0.7401278,-0.11897415,0.27218792,-0.95486063,0
-3.4543746,0.36092108,1.0914805,-0.98400778,0.096076906,0.149993,0
-1.2391832,1.2140081,-0.54828119,-0.11897415,0.27218792,-0.95486063,0
-1.7253692,-0.96667498,0.69630182,-0.13256633,-0.95743561,-0.25640437,0
2.2593603,-1.0714828,-0.82746065,-0.13256633,-0.95743561,-0.25640437,0
1.6348765,-0.4037959,0.78152794,0.11897415,-0.27218792,0.95486063,0
2.499052,-1.4468379,0.079533935,-0.13256633,-0.95743561,-0.25640437,0
-2.6509275,-0.76021087,1.0790408,0.11897415,-0.27218792,0.95486063,0
3.6288261,-0.42670992,0.3789103,0.98400778,-0.096076906,-0.149993,0
-0.65561581,0.56101692,1.3910189,0.11897415,-0.27218792,0.95486063,0
3.5596075,0.49489927,-0.38168168,0.98400778,-0.096076906,-0.149993,0
1.1607735,-1.1805186,0.5253793,0.11897415,-0.27218792,0.95486063,0
-1.4677396,0.81064391,1.2887553,0.13256633,0.95743561,0.25640437,0
1.5031333,-0.1384784,0.8204478,0.11897415,-0.27218792,0.95486063,0
-0.11364913,0.8585577,1.0485493,0.13256633,0.95743561,0.25640437,0
2.0147505,-0.11301056,-1.2779613,-0.11897415,0.27218792,-0.95486063,0
3.3389003,-0.35550982,-0.57582831,0.98400778,-0.096076906,-0.149993,0
-3.2224438,-0.34014153,-0.65356588,-0.11897415,0.27218792,-0.95486063,0
-1.3837864,-0.29752991,-0.94709265,-0.11897415,0.27218792,-0.95486063,0
-3.4364591,0.64836758,0.35608935,-0.98400778,0.096076906,0.149993,0
