0.40901065,2.0529177,4.6936226,0.049139485,0.54063201,0.83982289,0
-1.2987822,-0.97095537,-1.9262242,-0.74062663,0.58386564,-0.33252546,0
-0.92899376,-2.1590257,-4.4354968,-0.049139485,-0.54063201,-0.83982289,0
0.71511358,2.9802766,2.9099741,0.67011762,0.60565501,-0.42909729,0
1.3172342,2.0890903,2.8095193,0.67011762,0.60565501,-0.42909729,0
-1.3037457,-0.59569246,-1.1547644,-0.74062663,0.58386564,-0.33252546,0
-0.34227192,-0.85148197,-3.7688007,-0.74062663,0.58386564,-0.33252546,0
0.061807618,3.7639508,3.2680063,-0.74062663,0.58386564,-0.33252546,0
-1.1924073,-2.4079387,-2.8486538,-0.67011762,-0.60565501,0.42909729,0
0.12703305,2.4289982,1.4494812,0.67011762,0.60565501,-0.42909729,0
0.97212887,-0.68853694,-0.66244048,0.74062663,-0.58386564,0.33252546,0
-0.2091509,-3.5529866,-3.7035093,-0.049139485,-0.54063201,-0.83982289,0
-1.1407857,-2.9318898,-4.0197582,-0.049139485,-0.54063201,-0.83982289,0
0.24029055,2.3221312,1.5462389,0.67011762,0.60565501,-0.42909729,0
1.2801421,2.5763638,4.1424298,0.049139485,0.54063201,0.83982289,0
0.053100705,-3.5330772,-3.5799613,-0.049139485,-0.54063201,-0.83982289,0
0.29464573,-3.0747094,-3.2781944,0.74062663,-0.58386564,0.33252546,0
0.45432001,2.0729759,1.2517328,0.67011762,0.60565501,-0.42909729,0
0.20900583,2.3411093,4.3452554,0.049139485,0.54063201,0.83982289,0
0.63163054,1.9050426,4.7855582,0.049139485,0.54063201,0.83982289,0
-0.28410804,-1.703373,-4.7268782,-0.049139485,-0.54063201,-0.83982289,0
0.074664116,2.8081908,4.1430993,0.049139485,0.54063201,0.83982289,0
0.81587625,-2.5049067,-4.4598832,-0.049139485,-0.54063201,-0.83982289,0
-0.49757087,-0.49117881,0.67380965,-0.67011762,-0.60565501,0.42909729,0
-0.21345615,-1.7412814,-4.9174371,-0.049139485,-0.54063201,-0.83982289,0
0.21800888,1.6388023,4.7583189,-0.67011762,-0.60565501,0.42909729,0
1.2629353,1.0475085,1.9328933,0.74062663,-0.58386564,0.33252546,0
0.47986332,-2.0178766,-1.7734554,0.74062663,-0.58386564,0.33252546,0
-0.47599268,-2.5544035,-4.2233672,-0.049139485,-0.54063201,-0.83982289,0
-0.81744802,1.3625522,1.1245854,-0.74062663,0.58386564,-0.33252546,0
0.49375749,1.1195772,3.6941829,0.74062663,-0.58386564,0.33252546,0
-1.3631451,-2.258126,-2.9446559,-0.67011762,-0.60565501,0.42909729,0
0.61174577,2.179657,4.417604,0.049139485,0.54063201,0.83982289,0
-0.30238521,1.4847317,0.11017632,-0.74062663,0.58386564,-0.33252546,0
0.59240007,-0.013918847,-1.4336551,0.67011762,0.60565501,-0.42909729,0
-0.79774308,2.0893939,4.0939279,-0.67011762,-0.60565501,0.42909729,0
-0.58209729,-2.6082096,-4.1596627,-0.049139485,-0.54063201,-0.83982289,0
-0.94321918,-1.0416883,-2.7663617,-0.74062663,0.58386564,-0.33252546,0
0.13287339,-3.1308293,-2.899745,0.74062663,-0.58386564,0.33252546,0
0.30231491,2.4108582,1.7201664,0.67011762,0.60565501,-0.42909729,0
-0.11051872,-3.4422743,-3.7226648,-0.049139485,-0.54063201,-0.83982289,0
0.60960722,1.2566999,4.1524258,0.74062663,-0.58386564,0.33252546,0
-1.2541865,-1.8481947,-2.1730549,-0.67011762,-0.60565501,0.42909729,0
0.89883566,2.4403746,2.4322293,0.67011762,0.60565501,-0.42909729,0
-0.59101653,2.395443,4.3333898,0.049139485,0.54063201,0.83982289,0
-0.75243855,2.4508557,4.4844551,0.049139485,0.54063201,0.83982289,0
1.4339215,2.692183,4.2501035,0.049139485,0.54063201,0.83982289,0
-1.0732427,-1.2187673,-2.6401269,-0.74062663,0.58386564,-0.33252546,0
0.26318625,-3.1830859,-2.8855486,0.74062663,-0.58386564,0.33252546,0
0.90121841,3.2947667,3.8215837,0.049139485,0.54063201,0.83982289,0
0.22728795,2.385591,1.2500408,0.67011762,0.60565501,-0.42909729,0
0.039615273,1.0403249,-0.82747197,0.67011762,0.60565501,-0.42909729,0
-1.0254505,2.7652869,4.212873,-0.74062663,0.58386564,-0.33252546,0
1.4826581,2.5671163,4.3200808,0.049139485,0.54063201,0.83982289,0
0.49972379,1.2298281,4.1907172,0.74062663,-0.58386564,0.33252546,0
-0.10526162,-3.2317169,-3.9626069,-0.049139485,-0.54063201,-0.83982289,0
-0.0018132925,3.4492917,3.8183856,0.049139485,0.54063201,0.83982289,0
1.3341615,2.050554,3.6550612,0.74062663,-0.58386564,0.33252546,0
-0.3395859,-1.4543746,-0.065265059,-0.67011762,-0.60565501,0.42909729,0
0.07360673,-1.0390565,0.76462013,-0.67011762,-0.60565501,0.42909729,0
-0.51631266,-3.1739769,-3.8368063,-0.049139485,-0.54063201,-0.83982289,0
-1.1310508,-0.88947046,-0.76726103,-0.67011762,-0.60565501,0.42909729,0
0.025810719,2.6573019,4.3501859,0.049139485,0.54063201,0.83982289,0
-0.084991619,2.7020507,1.6507936,-0.74062663,0.58386564,-0.33252546,0
0.17585711,3.5287356,3.0266142,0.67011762,0.60565501,-0.42909729,0
0.80402851,-0.93008929,-0.66634476,0.74062663,-0.58386564,0.33252546,0
0.21078408,2.8552544,4.0775194,0.049139485,0.54063201,0.83982289,0
1.1403369,1.7878158,2.1117084,0.67011762,0.60565501,-0.42909729,0
-0.97860843,-0.011472166,0.58303773,-0.67011762,-0.60565501,0.42909729,0
0.45135617,2.4422178,4.4052815,0.049139485,0.54063201,0.83982289,0
0.1549952,0.32343701,-1.6146421,0.67011762,0.60565501,-0.42909729,0
-0.14636162,-3.4929085,-2.9757833,0.74062663,-0.58386564,0.33252546,0
1.1284664,-2.1133175,-3.4843729,0.67011762,0.60565501,-0.42909729,0
0.52991307,-0.51054722,0.80221736,0.74062663,-0.58386564,0.33252546,0
0.22645813,1.5698814,0.12342215,0.67011762,0.60565501,-0.42909729,0
-0.20920384,2.2869995,4.5661836,0.049139485,0.54063201,0.83982289,0
0.026255906,-3.4208148,-3.8542747,-0.049139485,-0.54063201,-0.83982289,0
-0.010777131,-3.4482336,-3.0617266,0.74062663,-0.58386564,0.33252546,0
-0.75131333,1.0271739,0.70310271,-0.74062663,0.58386564,-0.33252546,0
1.1864682,-2.3513179,-3.6335509,0.74062663,-0.58386564,0.33252546,0
-1.1697791,-2.7284284,-4.0552182,-0.049139485,-0.54063201,-0.83982289,0
-1.0215985,-2.4101119,-2.8695655,-0.67011762,-0.60565501,0.42909729,0
0.30190873,2.2916536,4.374105,0.049139485,0.54063201,0.83982289,0
-0.83414865,0.50274098,0.03175623,-0.74062663,0.58386564,-0.33252546,0
-0.29248476,0.41913116,-1.7261117,-0.74062663,0.58386564,-0.33252546,0
-0.11972237,-0.14425385,-2.6106901,0.67011762,0.60565501,-0.42909729,0
-0.80910408,0.12174937,1.3816633,-0.67011762,-0.60565501,0.42909729,0
-0.11268389,-3.0838971,-3.861084,-0.049139485,-0.54063201,-0.83982289,0
-0.30590177,-2.1912813,-4.5864625,-0.049139485,-0.54063201,-0.83982289,0
0.58236182,-2.6820588,-3.0652993,0.74062663,-0.58386564,0.33252546,0
0.64072812,-0.66062105,0.52793813,0.74062663,-0.58386564,0.33252546,0
-0.48703516,-0.49256653,-2.5200403,-0.74062663,0.58386564,-0.33252546,0
-0.22744066,3.3646398,3.2708545,-0.74062663,0.58386564,-0.33252546,0
-0.27551103,-1.6838034,-4.7794542,-0.049139485,-0.54063201,-0.83982289,0
0.29096851,3.2108414,3.9158354,0.049139485,0.54063201,0.83982289,0
-0.61262137,-1.1101804,-3.8274267,-0.74062663,0.58386564,-0.33252546,0
-0.28808737,-0.59372306,0.87089765,-0.67011762,-0.60565501,0.42909729,0
-0.55222428,-2.199589,-1.6032755,-0.67011762,-0.60565501,0.42909729,0
-1.0718832,-0.52327985,-0.29074645,-0.67011762,-0.60565501,0.42909729,0
-0.35177541,2.9201088,4.1930971,0.049139485,0.54063201,0.83982289,0
0.51542777,2.6124706,4.30756,0.049139485,0.54063201,0.83982289,0
0.79989564,3.0613303,3.9516287,0.049139485,0.54063201,0.83982289,0
-1.1970915,-1.4316204,-2.7673314,-0.74062663,0.58386564,-0.33252546,0
-0.78401726,-1.4847938,-1.1673601,-0.67011762,-0.60565501,0.42909729,0
-1.2235169,-0.5937686,-0.49524975,-0.67011762,-0.60565501,0.42909729,0
1.2410042,-1.855808,-2.8939166,0.67011762,0.60565501,-0.42909729,0
-0.7916348,-0.50729406,-2.0129871,-0.74062663,0.58386564,-0.33252546,0
-0.79146051,-2.5331414,-4.1774082,-0.049139485,-0.54063201,-0.83982289,0
-0.30813122,-1.5185423,-0.42505503,-0.67011762,-0.60565501,0.42909729,0
-1.1249747,2.234035,3.8645501,-0.67011762,-0.60565501,0.42909729,0
-1.2005341,-2.3240244,-2.6055326,-0.67011762,-0.60565501,0.42909729,0
0.75612783,0.67246789,-0.32595527,0.67011762,0.60565501,-0.42909729,0
0.30839139,1.4449366,0.37935662,0.67011762,0.60565501,-0.42909729,0
-0.1447885,1.8656836,4.7091551,0.049139485,0.54063201,0.83982289,0
-0.63744831,-1.7327125,-0.93090606,-0.67011762,-0.60565501,0.42909729,0
-0.58170551,-0.037911832,-1.666272,-0.74062663,0.58386564,-0.33252546,0
0.25264931,0.80755389,-1.0186412,0.67011762,0.60565501,-0.42909729,0
0.65671742,-2.8142977,-4.2050595,-0.049139485,-0.54063201,-0.83982289,0
1.1023854,-0.64645481,-0.74350214,0.74062663,-0.58386564,0.33252546,0
-0.65869087,2.1422758,2.2306967,-0.74062663,0.58386564,-0.33252546,0
0.94698715,-1.0672946,-2.3019977,0.67011762,0.60565501,-0.42909729,0
-0.50057733,-3.0752652,-2.8982759,-0.67011762,-0.60565501,0.42909729,0
0.60094833,-2.5647492,-4.3213849,-0.049139485,-0.54063201,-0.83982289,0
-0.4038291,-2.6855581,-4.1657968,-0.049139485,-0.54063201,-0.83982289,0
-1.0314184,-1.8792887,-4.07335,-0.74062663,0.58386564,-0.33252546,0
0.041233778,2.7799749,4.1907306,0.049139485,0.54063201,0.83982289,0
-0.48553324,2.3349257,4.3653359,0.049139485,0.54063201,0.83982289,0
-0.18134955,-3.6036911,-3.5994596,-0.049139485,-0.54063201,-0.83982289,0
1.4026597,2.9563982,4.0241351,0.67011762,0.60565501,-0.42909729,0
1.1640196,-1.8899428,-2.6731508,0.74062663,-0.58386564,0.33252546,0
0.81577742,2.065412,4.6490135,0.049139485,0.54063201,0.83982289,0
1.421453,2.7583303,4.1395316,0.049139485,0.54063201,0.83982289,0
0.17540753,-3.0300975,-4.1169376,-0.049139485,-0.54063201,-0.83982289,0
0.47131389,2.9217327,2.463788,0.67011762,0.60565501,-0.42909729,0
0.2924664,-2.2224708,-4.5587664,-0.049139485,-0.54063201,-0.83982289,0
-0.15303892,2.9616055,2.2616372,-0.74062663,0.58386564,-0.33252546,0
-0.36153686,-1.7654517,-4.7190194,-0.049139485,-0.54063201,-0.83982289,0
-1.4507895,-0.64546657,-0.76893687,-0.67011762,-0.60565501,0.42909729,0
-0.25235951,0.20264584,2.3325393,-0.67011762,-0.60565501,0.42909729,0
-0.34954178,-1.874506,-0.82396841,-0.67011762,-0.60565501,0.42909729,0
-0.72568059,-0.27481127,-1.7618308,-0.74062663,0.58386564,-0.33252546,0
-0.55920601,-2.3598576,-2.0340219,-0.67011762,-0.60565501,0.42909729,0
-1.6192511,-1.6798487,-2.4403362,-0.74062663,0.58386564,-0.33252546,0
-0.1887123,3.5506763,3.6644082,0.049139485,0.54063201,0.83982289,0
-0.20246243,-1.9354838,-4.6699762,-0.049139485,-0.54063201,-0.83982289,0
0.081764698,-0.90731251,-3.6260574,0.67011762,0.60565501,-0.42909729,0
0.38729626,2.9517939,4.1397734,0.049139485,0.54063201,0.83982289,0
-0.015521526,-3.6297984,-3.6578984,-0.049139485,-0.54063201,-0.83982289,0
-0.63330162,-1.9109988,-4.7848692,-0.049139485,-0.54063201,-0.83982289,0
0.86627245,-2.9934449,-4.1257162,-0.049139485,-0.54063201,-0.83982289,0
0.19756591,0.68847984,-1.0546999,0.67011762,0.60565501,-0.42909729,0
0.67291611,1.5739527,4.3523488,0.74062663,-0.58386564,0.33252546,0
0.043926835,2.1967239,4.6130648,0.049139485,0.54063201,0.83982289,0
1.2574835,0.49371755,0.78932691,0.74062663,-0.58386564,0.33252546,0
-0.71471888,-1.3619866,-0.57024896,-0.67011762,-0.60565501,0.42909729,0
-0.42946053,-1.3023753,-0.39027107,-0.67011762,-0.60565501,0.42909729,0
0.49413025,2.4947906,4.2746224,0.049139485,0.54063201,0.83982289,0
-0.29587603,2.1632774,4.5499682,0.049139485,0.54063201,0.83982289,0
-0.20550239,-1.9990382,-0.89663613,-0.67011762,-0.60565501,0.42909729,0
0.54469836,1.944231,4.6034937,0.049139485,0.54063201,0.83982289,0
1.5896031,2.1345184,3.2803302,0.67011762,0.60565501,-0.42909729,0
0.24643254,1.7494111,0.58071637,0.67011762,0.60565501,-0.42909729,0
-1.0230384,2.6995792,4.3753738,0.049139485,0.54063201,0.83982289,0
0.61050749,2.3592415,4.4857779,0.049139485,0.54063201,0.83982289,0
-0.51752627,3.0518324,4.0418591,0.049139485,0.54063201,0.83982289,0
1.3389475,0.38641798,0.42305046,0.67011762,0.60565501,-0.42909729,0
-0.049439192,2.0733058,0.62637401,-0.74062663,0.58386564,-0.33252546,0
0.27902189,3.6992769,3.5513501,0.049139485,0.54063201,0.83982289,0
1.24862,2.4731786,2.9799328,0.67011762,0.60565501,-0.42909729,0
1.2055087,-0.20003796,-0.85622644,0.67011762,0.60565501,-0.42909729,0
-0.95432132,0.53882551,0.083295986,-0.74062663,0.58386564,-0.33252546,0
1.3504788,0.84996837,1.7144563,0.74062663,-0.58386564,0.33252546,0
0.95039642,-2.9773388,-4.1730981,-0.049139485,-0.54063201,-0.83982289,0
0.80630338,-2.7522783,-4.2321692,-0.049139485,-0.54063201,-0.83982289,0
-0.50507236,2.6080127,4.2437706,0.049139485,0.54063201,0.83982289,0
-0.9560194,0.53434962,-0.052642904,-0.74062663,0.58386564,-0.33252546,0
1.2741866,2.4737132,4.3613076,0.049139485,0.54063201,0.83982289,0
-0.041211188,1.9861828,0.44704962,-0.74062663,0.58386564,-0.33252546,0
-0.97237343,-2.9812512,-3.8719158,-0.049139485,-0.54063201,-0.83982289,0
-0.24215317,2.9829917,3.9786787,0.049139485,0.54063201,0.83982289,0
0.012570143,2.3101115,4.5627289,0.049139485,0.54063201,0.83982289,0
0.54907942,0.02293551,1.5368128,0.74062663,-0.58386564,0.33252546,0
-0.58409101,0.45182198,-1.0545429,-0.74062663,0.58386564,-0.33252546,0
-1.1636952,1.6774639,2.6563816,-0.74062663,0.58386564,-0.33252546,0
-0.34901166,-3.3632035,-3.0466213,-0.67011762,-0.60565501,0.42909729,0
0.16357422,1.6747472,4.8274918,0.049139485,0.54063201,0.83982289,0
0.63544303,2.4405854,4.4042845,0.049139485,0.54063201,0.83982289,0
-0.15480667,-1.507163,-0.22800446,-0.67011762,-0.60565501,0.42909729,0
0.83339161,2.7679434,4.1024933,0.049139485,0.54063201,0.83982289,0
-0.42474371,-2.1722679,-1.2014391,-0.67011762,-0.60565501,0.42909729,0
-0.17781389,-3.0096233,-3.9133081,-0.049139485,-0.54063201,-0.83982289,0
-0.69132125,-2.9304521,-4.0902123,-0.049139485,-0.54063201,-0.83982289,0
0.014445126,3.5330286,3.7047291,0.049139485,0.54063201,0.83982289,0
0.26568615,0.027700871,-1.7330598,0.67011762,0.60565501,-0.42909729,0
0.54895777,3.1246362,4.0026479,0.049139485,0.54063201,0.83982289,0
0.55142403,-1.9723942,-1.8924897,0.74062663,-0.58386564,0.33252546,0
-1.3049624,-0.83525151,-1.3875301,-0.74062663,0.58386564,-0.33252546,0
-1.1689547,-0.98893225,-1.0076559,-0.67011762,-0.60565501,0.42909729,0
-0.43512249,-2.3352454,-4.3070655,-0.049139485,-0.54063201,-0.83982289,0
-0.78434122,0.87282401,2.2043152,-0.67011762,-0.60565501,0.42909729,0
-0.0010052323,3.449995,3.6667967,0.049139485,0.54063201,0.83982289,0
1.0396733,-1.1048825,-1.386806,0.74062663,-0.58386564,0.33252546,0
1.2724178,-0.81758404,-1.1442916,0.74062663,-0.58386564,0.33252546,0
0.43310773,1.4626528,4.7746911,0.74062663,-0.58386564,0.33252546,0
-0.054977894,-1.3982646,-4.2909031,0.67011762,0.60565501,-0.42909729,0
-0.71236378,-3.2517481,-3.5553656,-0.67011762,-0.60565501,0.42909729,0
-0.50067389,0.28532183,1.9731536,-0.67011762,-0.60565501,0.42909729,0
0.73077536,-2.6751566,-4.2548366,-0.049139485,-0.54063201,-0.83982289,0
0.32518435,2.3087869,4.4271889,0.049139485,0.54063201,0.83982289,0
0.75295305,-0.43061465,0.74532473,0.74062663,-0.58386564,0.33252546,0
-0.73065084,-3.1350179,-3.2187676,-0.67011762,-0.60565501,0.42909729,0
0.70579684,-2.4910023,-3.1952856,0.74062663,-0.58386564,0.33252546,0
-0.33713111,2.2255425,1.7217586,-0.74062663,0.58386564,-0.33252546,0
-0.29648948,-0.4276908,-3.1743758,0.67011762,0.60565501,-0.42909729,0
0.73820466,1.5219457,0.74823666,0.67011762,0.60565501,-0.42909729,0
-0.23171425,-1.3222438,-4.5560117,0.67011762,0.60565501,-0.42909729,0
-0.49126691,-0.94152468,-3.3923559,-0.74062663,0.58386564,-0.33252546,0
-0.21799266,3.0489688,2.8359618,-0.74062663,0.58386564,-0.33252546,0
-0.08634311,1.2075379,-0.44680631,-0.74062663,0.58386564,-0.33252546,0
-0.21022463,2.8121028,4.2556491,0.049139485,0.54063201,0.83982289,0
-0.23912394,3.3874893,3.3263798,-0.74062663,0.58386564,-0.33252546,0
-0.27435696,2.746841,4.0990081,0.049139485,0.54063201,0.83982289,0
0.85622692,1.9291283,1.9340439,0.67011762,0.60565501,-0.42909729,0
-1.3147497,-2.7838178,-4.1835632,-0.049139485,-0.54063201,-0.83982289,0
-0.28625262,2.3269875,4.5324879,0.049139485,0.54063201,0.83982289,0
-1.4137197,0.021442056,0.2972281,-0.67011762,-0.60565501,0.42909729,0
-1.4866824,-2.2416863,-3.3600688,-0.67011762,-0.60565501,0.42909729,0
-0.85882127,2.7013917,4.2856374,0.049139485,0.54063201,0.83982289,0
0.91893083,2.6576233,4.2651253,0.049139485,0.54063201,0.83982289,0
0.84763408,-2.7732835,-4.1327643,-0.049139485,-0.54063201,-0.83982289,0
0.076347053,-3.463186,-3.8114247,-0.049139485,-0.54063201,-0.83982289,0
0.035725236,-0.85298884,-3.6546252,0.67011762,0.60565501,-0.42909729,0
-1.2984784,-2.0815637,-2.6725478,-0.67011762,-0.60565501,0.42909729,0
1.1853049,-2.4218948,-4.0473409,0.74062663,-0.58386564,0.33252546,0
0.89169359,0.40595883,1.6185305,0.74062663,-0.58386564,0.33252546,0
-0.46380997,-1.1528578,-3.7976961,-0.74062663,0.58386564,-0.33252546,0
-0.36817974,2.6444354,2.4565265,-0.74062663,0.58386564,-0.33252546,0
-0.2794404,-3.3446734,-2.5981679,-0.67011762,-0.60565501,0.42909729,0
0.74616134,-2.9849834,-3.8394237,0.74062663,-0.58386564,0.33252546,0
-0.81010377,1.3320689,2.7824426,-0.67011762,-0.60565501,0.42909729,0
1.032275,1.9599807,3.8769403,0.74062663,-0.58386564,0.33252546,0
0.81129766,-0.17012712,-1.1726099,0.67011762,0.60565501,-0.42909729,0
-0.89204752,1.4087465,3.0204828,-0.67011762,-0.60565501,0.42909729,0
0.64355445,-2.0976555,-4.2186184,0.67011762,0.60565501,-0.42909729,0
0.0009098649,-3.679064,-3.4729128,-0.049139485,-0.54063201,-0.83982289,0
0.44996977,2.7962632,4.1517286,0.049139485,0.54063201,0.83982289,0
0.97211969,-0.94480228,-2.2026851,0.67011762,0.60565501,-0.42909729,0
-1.0142353,2.3770349,4.1763172,-0.67011762,-0.60565501,0.42909729,0
1.1229951,2.6860175,4.2352157,0.049139485,0.54063201,0.83982289,0
-0.28994548,3.4084125,3.4088702,-0.74062663,0.58386564,-0.33252546,0
1.0069484,0.079319358,0.69252038,0.74062663,-0.58386564,0.33252546,0
0.2311964,2.4987917,4.3488894,0.049139485,0.54063201,0.83982289,0
-0.58837688,1.6128312,1.3486286,-0.74062663,0.58386564,-0.33252546,0
-0.52981865,2.73348,2.8292911,-0.74062663,0.58386564,-0.33252546,0
1.0355127,0.76407546,2.2852566,0.74062663,-0.58386564,0.33252546,0
-0.49066067,-3.1659746,-3.8383183,-0.049139485,-0.54063201,-0.83982289,0
0.26224566,-1.557696,-4.0417595,0.67011762,0.60565501,-0.42909729,0
-0.554075,-0.068045713,1.3174469,-0.67011762,-0.60565501,0.42909729,0
-1.0406412,-2.0584068,-4.5974479,-0.74062663,0.58386564,-0.33252546,0
0.59481108,2.0767734,4.6478343,0.049139485,0.54063201,0.83982289,0
0.17923093,1.4350052,4.4940119,-0.67011762,-0.60565501,0.42909729,0
-0.077203035,2.7073612,4.2078242,0.049139485,0.54063201,0.83982289,0
-0.32686496,1.8134228,4.4780636,-0.67011762,-0.60565501,0.42909729,0
-0.13652027,0.24524218,-2.2043147,-0.74062663,0.58386564,-0.33252546,0
0.47199225,1.9060584,0.91585255,0.67011762,0.60565501,-0.42909729,0
1.1329045,-1.4382216,-2.6436229,0.67011762,0.60565501,-0.42909729,0
0.19964194,-0.27946824,-2.6051006,0.67011762,0.60565501,-0.42909729,0
0.36666536,2.5453582,4.3710828,0.049139485,0.54063201,0.83982289,0
-0.61616391,2.2448781,2.162271,-0.74062663,0.58386564,-0.33252546,0
-0.96539366,0.6123547,1.6707909,-0.67011762,-0.60565501,0.42909729,0
0.96266508,-1.8899013,-2.4904091,0.74062663,-0.58386564,0.33252546,0
0.2857309,3.7624497,3.5988564,0.049139485,0.54063201,0.83982289,0
-1.0637965,-0.6564694,-1.7107623,-0.74062663,0.58386564,-0.33252546,0
-0.20660698,-0.42051417,1.4696856,-0.67011762,-0.60565501,0.42909729,0
0.014564514,-1.0665903,-3.7986796,0.67011762,0.60565501,-0.42909729,0
-0.65330291,-2.1417911,-4.5219135,-0.049139485,-0.54063201,-0.83982289,0
-0.56987697,0.95464623,0.076707989,-0.74062663,0.58386564,-0.33252546,0
1.3498788,1.1510673,2.10921,0.74062663,-0.58386564,0.33252546,0
0.26863384,-2.5741706,-2.0472119,0.74062663,-0.58386564,0.33252546,0
-0.64643466,0.40467557,1.7852087,-0.67011762,-0.60565501,0.42909729,0
-0.27777028,1.4889399,4.1655779,-0.67011762,-0.60565501,0.42909729,0
0.3941167,-2.8993955,-3.0627575,0.74062663,-0.58386564,0.33252546,0
-0.072677612,1.9782723,4.6482639,0.049139485,0.54063201,0.83982289,0
-0.5217495,-3.0573277,-4.0314198,-0.049139485,-0.54063201,-0.83982289,0
0.52786279,2.7773826,4.1234465,0.049139485,0.54063201,0.83982289,0
0.35308444,-1.4528986,-3.837847,0.67011762,0.60565501,-0.42909729,0
0.082572937,-1.1241273,-3.6197867,0.67011762,0.60565501,-0.42909729,0
-0.47602791,-3.0637064,-3.9054885,-0.049139485,-0.54063201,-0.83982289,0
0.59438872,-3.2040358,-3.8850403,0.74062663,-0.58386564,0.33252546,0
0.20759991,2.2400384,1.2322335,0.67011762,0.60565501,-0.42909729,0
0.054410458,-0.9313848,0.92167741,-0.67011762,-0.60565501,0.42909729,0
0.6844877,-0.21996674,-1.6753103,0.67011762,0.60565501,-0.42909729,0
-0.78969353,-1.3906384,-3.8308187,-0.74062663,0.58386564,-0.33252546,0
-0.72570181,-2.8093891,-3.9959416,-0.049139485,-0.54063201,-0.83982289,0
-0.78041708,-1.600546,-3.8190598,-0.74062663,0.58386564,-0.33252546,0
1.0607692,-0.79001534,-0.67948842,0.74062663,-0.58386564,0.33252546,0
-1.1484092,-0.96931744,-0.76013482,-0.67011762,-0.60565501,0.42909729,0
-1.1540034,0.71380222,1.6295118,-0.67011762,-0.60565501,0.42909729,0
0.3172192,-2.5802712,-2.0913508,0.74062663,-0.58386564,0.33252546,0
0.37247205,1.6371102,0.56782043,0.67011762,0.60565501,-0.42909729,0
1.1718068,-0.99898553,-1.8335919,0.67011762,0.60565501,-0.42909729,0
-0.47950077,-1.7385887,-4.6881175,-0.049139485,-0.54063201,-0.83982289,0
-1.0234859,-2.395473,-4.2476168,-0.049139485,-0.54063201,-0.83982289,0
0.86432695,-1.1616559,-2.5827096,0.67011762,0.60565501,-0.42909729,0
-0.66179103,-2.2027793,-4.4470992,-0.049139485,-0.54063201,-0.83982289,0
-1.2775791,0.53988713,0.88551587,-0.67011762,-0.60565501,0.42909729,0
-0.70993125,-2.1404777,-2.001615,-0.67011762,-0.60565501,0.42909729,0
1.0829989,1.5303314,1.7407336,0.67011762,0.60565501,-0.42909729,0
-1.1372095,-2.3098247,-2.556957,-0.67011762,-0.60565501,0.42909729,0
0.37242848,3.4830174,3.2484174,0.67011762,0.60565501,-0.42909729,0
-0.1365985,-3.3478465,-2.6707568,-0.67011762,-0.60565501,0.42909729,0
-0.65364599,-1.7771063,-4.5633707,-0.74062663,0.58386564,-0.33252546,0
0.58161819,-3.1885219,-4.0441928,-0.049139485,-0.54063201,-0.83982289,0
0.8434298,-0.36967951,-1.7307611,0.67011762,0.60565501,-0.42909729,0
-0.25176007,-2.402277,-1.3403008,-0.67011762,-0.60565501,0.42909729,0
0.47225061,-1.0547451,0.34805638,0.74062663,-0.58386564,0.33252546,0
-0.18342917,-3.0600765,-2.4619756,-0.67011762,-0.60565501,0.42909729,0
1.0004605,-0.32380337,-1.0084242,0.67011762,0.60565501,-0.42909729,0
1.4701148,0.74255174,1.2617636,0.74062663,-0.58386564,0.33252546,0
0.23373911,-1.752519,-0.64035714,0.74062663,-0.58386564,0.33252546,0
0.59623265,-2.7337227,-4.1650238,-0.049139485,-0.54063201,-0.83982289,0
-0.028157234,1.8531125,4.8609505,0.049139485,0.54063201,0.83982289,0
-0.61219478,-3.4840562,-3.5715818,-0.049139485,-0.54063201,-0.83982289,0
0.38946974,1.0410173,3.9949257,0.74062663,-0.58386564,0.33252546,0
0.30350739,3.4288228,2.7656145,0.67011762,0.60565501,-0.42909729,0
-1.4618586,-2.4727621,-3.4034686,-0.67011762,-0.60565501,0.42909729,0
1.2807156,-1.166043,-2.1610761,0.67011762,0.60565501,-0.42909729,0
-0.89819938,-2.6594191,-4.2475591,-0.049139485,-0.54063201,-0.83982289,0
-1.0547352,-1.0033648,-0.67483544,-0.67011762,-0.60565501,0.42909729,0
-1.1914405,2.6094227,3.9589005,-0.74062663,0.58386564,-0.33252546,0
-0.50287938,2.6079202,2.4051211,-0.74062663,0.58386564,-0.33252546,0
0.43629295,0.083745658,1.9438257,0.74062663,-0.58386564,0.33252546,0
1.1215322,-1.448561,-2.57358,0.67011762,0.60565501,-0.42909729,0
-0.20048302,-2.4128442,-1.1657979,-0.67011762,-0.60565501,0.42909729,0
0.84091198,2.4675415,2.2763705,0.67011762,0.60565501,-0.42909729,0
1.2892785,-0.15808916,-0.19891676,0.74062663,-0.58386564,0.33252546,0
0.19766867,2.3123279,1.0826261,0.67011762,0.60565501,-0.42909729,0
-0.11951548,-3.232923,-3.938385,-0.049139485,-0.54063201,-0.83982289,0
-1.2190962,-1.5623666,-3.1291056,-0.74062663,0.58386564,-0.33252546,0
0.11213398,-3.415983,-3.7683206,-0.049139485,-0.54063201,-0.83982289,0
0.0061852932,-2.1507678,-4.4975343,-0.049139485,-0.54063201,-0.83982289,0
0.881217,2.7752984,3.0512977,0.67011762,0.60565501,-0.42909729,0
-1.3584216,-0.80784041,-1.6607261,-0.74062663,0.58386564,-0.33252546,0
0.50478637,3.5451956,3.6752815,0.049139485,0.54063201,0.83982289,0
0.38821518,1.639722,4.7851505,0.049139485,0.54063201,0.83982289,0
0.82376814,3.2258418,3.5193009,0.67011762,0.60565501,-0.42909729,0
0.26782423,2.9615178,2.4074712,0.67011762,0.60565501,-0.42909729,0
-0.7148335,-0.037464678,-1.5255511,-0.74062663,0.58386564,-0.33252546,0
0.72633684,-1.029109,-0.31909066,0.74062663,-0.58386564,0.33252546,0
0.55529797,1.6921557,0.99076033,0.67011762,0.60565501,-0.42909729,0
-1.1608666,2.443239,3.8700867,-0.74062663,0.58386564,-0.33252546,0
1.2738014,0.38766265,1.1418048,0.74062663,-0.58386564,0.33252546,0
0.41870028,-0.19746244,1.8627173,0.74062663,-0.58386564,0.33252546,0
-0.17729688,2.2824302,4.4272051,0.049139485,0.54063201,0.83982289,0
0.63845789,0.886805,-0.031784475,0.67011762,0.60565501,-0.42909729,0
-0.90721232,-0.29720661,0.3303192,-0.67011762,-0.60565501,0.42909729,0
0.88449246,2.3338764,2.1237662,0.67011762,0.60565501,-0.42909729,0
-1.0305505,2.8093748,4.1420431,-0.74062663,0.58386564,-0.33252546,0
0.26073527,1.748316,4.9186811,0.049139485,0.54063201,0.83982289,0
0.55674994,3.2853782,3.7317209,0.049139485,0.54063201,0.83982289,0
-1.2292629,-0.46174973,-0.064635098,-0.67011762,-0.60565501,0.42909729,0
-0.64364457,0.91028178,2.4028895,-0.67011762,-0.60565501,0.42909729,0
-1.0798622,-2.00492,-4.3323956,-0.74062663,0.58386564,-0.33252546,0
1.2768831,-0.17776203,-0.27313131,0.74062663,-0.58386564,0.33252546,0
0.0060060024,-0.50339526,1.5360031,-0.67011762,-0.60565501,0.42909729,0
-0.73938769,-2.8302121,-2.7524176,-0.67011762,-0.60565501,0.42909729,0
0.85248595,3.002398,4.0833139,0.049139485,0.54063201,0.83982289,0
0.64493799,-1.0444427,-0.42167747,0.74062663,-0.58386564,0.33252546,0
-0.62151206,0.86911047,-0.37223673,-0.74062663,0.58386564,-0.33252546,0
-0.28405631,-3.0087616,-3.969698,-0.049139485,-0.54063201,-0.83982289,0
-0.19463426,-2.6743569,-1.7087843,-0.67011762,-0.60565501,0.42909729,0
-0.22083068,2.318275,1.3585763,-0.74062663,0.58386564,-0.33252546,0
-1.0609276,-2.0767801,-4.1904922,-0.74062663,0.58386564,-0.33252546,0
-0.74988031,2.8412049,3.6169071,-0.74062663,0.58386564,-0.33252546,0
0.17047203,-0.015914857,-1.8978064,0.67011762,0.60565501,-0.42909729,0
1.2603856,-0.6528188,-1.4818898,0.67011762,0.60565501,-0.42909729,0
0.80973393,3.2922513,3.8312273,0.049139485,0.54063201,0.83982289,0
-1.1805856,-2.6120872,-3.0225477,-0.67011762,-0.60565501,0.42909729,0
0.2732861,3.7514448,3.5280094,0.049139485,0.54063201,0.83982289,0
0.25167394,0.34799135,2.851089,0.74062663,-0.58386564,0.33252546,0
-0.2879957,0.031024575,-2.1282799,-0.74062663,0.58386564,-0.33252546,0
0.92897612,0.18415445,1.0767341,0.74062663,-0.58386564,0.33252546,0
-1.310853,-2.2737617,-4.1427832,-0.74062663,0.58386564,-0.33252546,0
-0.27913418,2.8767486,2.4373813,-0.74062663,0.58386564,-0.33252546,0
0.62359297,-0.3456381,0.77372187,0.74062663,-0.58386564,0.33252546,0
-0.11421037,2.1460395,4.5514359,0.049139485,0.54063201,0.83982289,0
0.61185503,-3.0597742,-3.9152799,0.74062663,-0.58386564,0.33252546,0
0.14341784,2.6175649,4.3506165,0.049139485,0.54063201,0.83982289,0
-0.018290281,-0.031482428,2.0643017,-0.67011762,-0.60565501,0.42909729,0
-0.36672097,-2.3407359,-1.752769,-0.67011762,-0.60565501,0.42909729,0
-1.3181953,-0.20829231,0.10569361,-0.67011762,-0.60565501,0.42909729,0
-0.4183878,-3.333137,-3.6915469,-0.049139485,-0.54063201,-0.83982289,0
0.33926421,3.0820167,3.8564487,0.049139485,0.54063201,0.83982289,0
1.2306199,-2.7539897,-4.3551831,-0.049139485,-0.54063201,-0.83982289,0
0.48990953,2.0714636,4.4965506,0.049139485,0.54063201,0.83982289,0
-0.40653181,-0.44062459,-3.1140695,-0.74062663,0.58386564,-0.33252546,0
-0.31717944,-0.15318455,1.6287466,-0.67011762,-0.60565501,0.42909729,0
0.42853412,3.4343207,3.0976915,0.67011762,0.60565501,-0.42909729,0
-0.18050873,1.062712,3.4112637,-0.67011762,-0.60565501,0.42909729,0
-0.053304911,-1.5936582,-4.7635875,0.67011762,0.60565501,-0.42909729,0
-0.59011674,2.7291613,4.1674471,0.049139485,0.54063201,0.83982289,0
-0.24092853,3.2901301,3.1564221,-0.74062663,0.58386564,-0.33252546,0
0.2882213,2.9404387,4.1502705,0.049139485,0.54063201,0.83982289,0
0.13792086,1.6420012,0.43126428,0.67011762,0.60565501,-0.42909729,0
1.0289562,-0.3441599,-1.3292167,0.67011762,0.60565501,-0.42909729,0
-0.93277061,0.87837684,2.2828543,-0.67011762,-0.60565501,0.42909729,0
-0.35858792,1.0351492,-0.67809278,-0.74062663,0.58386564,-0.33252546,0
0.41120529,-0.089002028,-1.6079934,0.67011762,0.60565501,-0.42909729,0
1.4270627,1.6121535,2.1097932,0.67011762,0.60565501,-0.42909729,0
0.75523019,0.10391235,-0.8610363,0.67011762,0.60565501,-0.42909729,0
-0.36453307,2.8951361,4.1177034,0.049139485,0.54063201,0.83982289,0
1.1725619,-0.70180631,-1.0143979,0.74062663,-0.58386564,0.33252546,0
1.3467772,1.8416506,2.2854042,0.67011762,0.60565501,-0.42909729,0
-0.00017285347,-2.1780136,-4.6114454,-0.049139485,-0.54063201,-0.83982289,0
0.54731679,2.7343364,2.5171056,0.67011762,0.60565501,-0.42909729,0
-1.1638567,0.78938246,0.98679566,-0.74062663,0.58386564,-0.33252546,0
0.53542209,-2.0591483,-4.2771473,0.67011762,0.60565501,-0.42909729,0
-0.43263495,3.3388181,3.9270968,0.049139485,0.54063201,0.83982289,0
0.96525586,0.92707682,2.5965209,0.74062663,-0.58386564,0.33252546,0
0.7643404,-0.13173461,1.1840575,0.74062663,-0.58386564,0.33252546,0
-0.25416529,-2.0183184,-4.5682592,-0.049139485,-0.54063201,-0.83982289,0
-0.184901,0.75868368,-1.4359167,-0.74062663,0.58386564,-0.33252546,0
-0.31268901,-2.8772311,-2.3425124,-0.67011762,-0.60565501,0.42909729,0
0.036473632,-3.5271749,-3.6575122,-0.049139485,-0.54063201,-0.83982289,0
-1.4171872,-2.7021708,-4.0669661,-0.049139485,-0.54063201,-0.83982289,0
-1.0999373,0.6540643,0.5760681,-0.74062663,0.58386564,-0.33252546,0
0.080393076,-0.0066643357,2.2394898,-0.67011762,-0.60565501,0.42909729,0
-0.32002211,-3.5324774,-3.7695246,-0.049139485,-0.54063201,-0.83982289,0
-0.15331125,3.0566592,4.0706072,0.049139485,0.54063201,0.83982289,0
-0.25700361,3.1733255,2.8804808,-0.74062663,0.58386564,-0.33252546,0
-0.13690734,-2.8720064,-4.1944757,-0.049139485,-0.54063201,-0.83982289,0
-0.57397676,-1.8258889,-4.7692866,-0.049139485,-0.54063201,-0.83982289,0
-1.1462981,0.36466193,-0.1115668,-0.74062663,0.58386564,-0.33252546,0
0.25717139,1.7745311,4.8997493,0.049139485,0.54063201,0.83982289,0
1.0144551,1.2663236,1.2129354,0.67011762,0.60565501,-0.42909729,0
-0.28302109,-0.24255878,-2.5258842,-0.74062663,0.58386564,-0.33252546,0
0.17501813,3.1465192,3.8089657,0.049139485,0.54063201,0.83982289,0
-0.54672676,-2.5938849,-4.2898774,-0.049139485,-0.54063201,-0.83982289,0
-0.49626833,-1.1915324,-0.1222108,-0.67011762,-0.60565501,0.42909729,0
-1.1575897,-1.8690156,-1.9271555,-0.67011762,-0.60565501,0.42909729,0
-0.14420843,1.5032353,-0.24200514,-0.74062663,0.58386564,-0.33252546,0
-0.12832987,2.9588485,4.0305166,0.049139485,0.54063201,0.83982289,0
-0.67248285,1.5268098,3.5122499,-0.67011762,-0.60565501,0.42909729,0
-1.4626915,-2.2875438,-2.9951282,-0.67011762,-0.60565501,0.42909729,0
-1.359184,0.13415837,0.23900968,-0.67011762,-0.60565501,0.42909729,0
-0.017324135,3.5064664,2.9375348,-0.74062663,0.58386564,-0.33252546,0
-0.23851383,-0.54455924,1.044494,-0.67011762,-0.60565501,0.42909729,0
0.10436773,-2.6936951,-4.292716,-0.049139485,-0.54063201,-0.83982289,0
0.94078529,-0.47553098,-1.5973295,0.67011762,0.60565501,-0.42909729,0
0.69829202,3.2788277,3.4534502,0.67011762,0.60565501,-0.42909729,0
-0.62762892,-1.5064808,-4.0816541,-0.74062663,0.58386564,-0.33252546,0
0.7550106,1.4478271,3.6704021,0.74062663,-0.58386564,0.33252546,0
-0.93817639,-1.7623314,-1.7927346,-0.67011762,-0.60565501,0.42909729,0
1.0754912,-2.673739,-4.2347488,-0.049139485,-0.54063201,-0.83982289,0
0.45770657,-1.2674491,-3.3316123,0.67011762,0.60565501,-0.42909729,0
-1.4258977,-2.0912249,-2.8628016,-0.67011762,-0.60565501,0.42909729,0
0.98654974,-1.5026875,-1.7274925,0.74062663,-0.58386564,0.33252546,0
1.2503101,2.7138398,4.0802369,0.049139485,0.54063201,0.83982289,0
0.28679964,3.4812596,3.779181,0.049139485,0.54063201,0.83982289,0
0.86306912,-1.5959755,-1.4444822,0.74062663,-0.58386564,0.33252546,0
0.49554333,-2.2064698,-1.7074749,0.74062663,-0.58386564,0.33252546,0
0.71309185,-0.43459851,-1.7283168,0.67011762,0.60565501,-0.42909729,0
0.6954357,2.0821855,4.6029115,0.049139485,0.54063201,0.83982289,0
0.55025274,-0.87270576,0.011499494,0.74062663,-0.58386564,0.33252546,0
0.54773664,-1.6225995,-1.3270705,0.74062663,-0.58386564,0.33252546,0
-1.3595469,0.94190609,1.4958069,-0.67011762,-0.60565501,0.42909729,0
-1.1898112,-2.8721001,-4.0463791,-0.049139485,-0.54063201,-0.83982289,0
0.39367652,0.67340267,3.4134207,0.74062663,-0.58386564,0.33252546,0
-0.87237513,-3.0176866,-3.3000722,-0.67011762,-0.60565501,0.42909729,0
0.80525279,1.5177,1.0575151,0.67011762,0.60565501,-0.42909729,0
-0.41707367,-3.4706976,-3.6154561,-0.049139485,-0.54063201,-0.83982289,0
1.3385774,2.6167791,4.1447797,0.049139485,0.54063201,0.83982289,0
-0.034122407,-1.6226948,-0.047323823,-0.67011762,-0.60565501,0.42909729,0
-0.7076841,0.87984401,0.40682214,-0.74062663,0.58386564,-0.33252546,0
0.29197168,1.788399,0.84812713,0.67011762,0.60565501,-0.42909729,0
0.83493227,-0.6497885,0.29015195,0.74062663,-0.58386564,0.33252546,0
-1.6374396,-2.5044043,-3.6716695,-0.67011762,-0.60565501,0.42909729,0
-0.96055448,-3.1626942,-3.7840424,-0.049139485,-0.54063201,-0.83982289,0
-0.32570884,-2.0545008,-1.1708131,-0.67011762,-0.60565501,0.42909729,0
-0.78047717,0.43244088,-0.48314017,-0.74062663,0.58386564,-0.33252546,0
-0.73032367,0.78736204,2.3271513,-0.67011762,-0.60565501,0.42909729,0
0.30992293,2.1148224,4.4697785,0.049139485,0.54063201,0.83982289,0
-1.2250001,-2.5894957,-4.1450539,-0.049139485,-0.54063201,-0.83982289,0
0.43945521,1.5527471,0.46711004,0.67011762,0.60565501,-0.42909729,0
-0.26884297,-2.9013193,-2.1554282,-0.67011762,-0.60565501,0.42909729,0
-1.0413626,-2.9053695,-3.3416595,-0.67011762,-0.60565501,0.42909729,0
-0.97574085,-0.95459044,-2.7438021,-0.74062663,0.58386564,-0.33252546,0
0.49683455,3.333185,3.3739104,0.67011762,0.60565501,-0.42909729,0
-1.0952739,-0.12952167,0.46745276,-0.67011762,-0.60565501,0.42909729,0
1.0565197,-0.4198066,-0.2404388,0.74062663,-0.58386564,0.33252546,0
1.0285345,-1.2234423,-2.2311583,0.67011762,0.60565501,-0.42909729,0
-1.0149288,0.53250104,-0.0088823866,-0.74062663,0.58386564,-0.33252546,0
-1.1557518,2.062556,3.2363539,-0.67011762,-0.60565501,0.42909729,0
1.2673285,2.8248446,4.1069994,0.049139485,0.54063201,0.83982289,0
-0.76584005,0.49761268,-0.29530147,-0.74062663,0.58386564,-0.33252546,0
0.28162217,-2.5500512,-4.2347598,-0.049139485,-0.54063201,-0.83982289,0
0.17833757,3.1697927,3.8840003,0.049139485,0.54063201,0.83982289,0
1.261447,-0.3100003,-0.19108203,0.74062663,-0.58386564,0.33252546,0
0.64494795,3.263433,3.8738079,0.049139485,0.54063201,0.83982289,0
-0.47275528,-2.4957631,-1.9838393,-0.67011762,-0.60565501,0.42909729,0
0.00083571672,1.7141182,0.14871371,-0.74062663,0.58386564,-0.33252546,0
-0.87883836,-1.9476185,-4.5523901,-0.049139485,-0.54063201,-0.83982289,0
-1.1917027,1.2044657,2.0540524,-0.74062663,0.58386564,-0.33252546,0
0.90935516,-1.1559401,-0.74974942,0.74062663,-0.58386564,0.33252546,0
-0.47808969,-3.3518724,-3.8802648,-0.049139485,-0.54063201,-0.83982289,0
-0.19310245,-3.6954541,-3.5121751,-0.049139485,-0.54063201,-0.83982289,0
1.1649984,-0.62031829,-1.5249516,0.67011762,0.60565501,-0.42909729,0
-0.24115682,-2.6122909,-4.2713757,-0.049139485,-0.54063201,-0.83982289,0
-0.12280524,-3.7338123,-3.5268855,0.74062663,-0.58386564,0.33252546,0
-0.31753087,-1.8416529,-4.6653085,-0.049139485,-0.54063201,-0.83982289,0
1.0481361,2.9305065,3.2921495,0.67011762,0.60565501,-0.42909729,0
-0.089365602,1.2883939,3.8301854,-0.67011762,-0.60565501,0.42909729,0
-1.0568044,-0.5810864,-0.24511111,-0.67011762,-0.60565501,0.42909729,0
-0.81817448,-1.5200967,-3.6313715,-0.74062663,0.58386564,-0.33252546,0
-1.5376494,-2.6901102,-4.0721049,-0.74062663,0.58386564,-0.33252546,0
-0.48092681,-2.3319304,-1.5225389,-0.67011762,-0.60565501,0.42909729,0
0.0021960139,-3.698875,-3.5825844,-0.049139485,-0.54063201,-0.83982289,0
0.2301122,2.0998898,4.5489545,0.049139485,0.54063201,0.83982289,0
-1.0390177,2.4247191,3.4621601,-0.74062663,0.58386564,-0.33252546,0
-0.40872395,1.2385817,3.3809836,-0.67011762,-0.60565501,0.42909729,0
0.81139243,3.3338635,3.6509094,0.049139485,0.54063201,0.83982289,0
-1.2673128,-2.6760042,-4.243844,-0.049139485,-0.54063201,-0.83982289,0
0.71101558,3.4436846,3.6648679,0.049139485,0.54063201,0.83982289,0
-0.74411505,0.85323775,-0.14733841,-0.74062663,0.58386564,-0.33252546,0
-0.53841352,-1.4429197,-0.66309965,-0.67011762,-0.60565501,0.42909729,0
0.68634796,-1.1574936,-3.1059012,0.67011762,0.60565501,-0.42909729,0
-0.55432487,2.1259968,4.6227593,0.049139485,0.54063201,0.83982289,0
1.3819999,-0.0091298819,-0.26507223,0.67011762,0.60565501,-0.42909729,0
-0.1597935,0.21516252,-2.3077116,0.67011762,0.60565501,-0.42909729,0
0.42209458,1.5947002,4.8373814,0.049139485,0.54063201,0.83982289,0
-0.12185353,-3.4089341,-3.8636208,-0.049139485,-0.54063201,-0.83982289,0
0.20650923,-3.3296137,-3.3634,0.74062663,-0.58386564,0.33252546,0
-0.28336298,0.40706772,2.2958803,-0.67011762,-0.60565501,0.42909729,0
0.74708295,-0.38093007,0.94912583,0.74062663,-0.58386564,0.33252546,0
0.53318834,2.2136917,1.7602677,0.67011762,0.60565501,-0.42909729,0
0.39454198,0.91481012,3.6288557,0.74062663,-0.58386564,0.33252546,0
-0.46207032,0.12491882,-1.6881298,-0.74062663,0.58386564,-0.33252546,0
-0.01493597,0.80092883,-1.3552197,-0.74062663,0.58386564,-0.33252546,0
0.4653008,-1.1631019,-3.4380617,0.67011762,0.60565501,-0.42909729,0
0.93746454,-0.51324445,0.22002959,0.74062663,-0.58386564,0.33252546,0
-0.83825099,1.9991398,2.4000421,-0.74062663,0.58386564,-0.33252546,0
1.239217,2.6819062,4.1583543,0.049139485,0.54063201,0.83982289,0
-0.54900742,-2.9264383,-4.0698829,-0.049139485,-0.54063201,-0.83982289,0
-0.63559413,2.2491035,2.2963119,-0.74062663,0.58386564,-0.33252546,0
-0.007578373,1.7263067,4.8781271,0.049139485,0.54063201,0.83982289,0
0.18302256,-3.3117716,-3.8383851,-0.049139485,-0.54063201,-0.83982289,0
0.077504873,0.094636351,-2.0836539,0.67011762,0.60565501,-0.42909729,0
-0.41076088,1.1580122,3.3032038,-0.67011762,-0.60565501,0.42909729,0
-0.14508879,2.4896123,4.4411249,0.049139485,0.54063201,0.83982289,0
-1.0516611,2.180558,2.9592705,-0.74062663,0.58386564,-0.33252546,0
0.38918483,-2.457737,-4.3035707,-0.049139485,-0.54063201,-0.83982289,0
-0.41205096,-1.6860297,-4.8444428,-0.049139485,-0.54063201,-0.83982289,0
0.32647371,-1.9186122,-4.5096402,0.67011762,0.60565501,-0.42909729,0
1.2480006,-1.3204281,-2.4145002,0.67011762,0.60565501,-0.42909729,0
0.57243156,-3.1627824,-3.9406495,0.74062663,-0.58386564,0.33252546,0
1.2923418,2.26457,4.3745008,0.049139485,0.54063201,0.83982289,0
0.97049403,-1.141268,-2.3969312,0.67011762,0.60565501,-0.42909729,0
0.62148666,-1.2390459,-3.3167763,0.67011762,0.60565501,-0.42909729,0
-1.0650088,-2.3899889,-4.2877626,-0.049139485,-0.54063201,-0.83982289,0
-0.28351581,0.24047548,-1.9452411,-0.74062663,0.58386564,-0.33252546,0
-0.17785347,2.6434367,4.2160182,0.049139485,0.54063201,0.83982289,0
-0.62222874,3.0007825,4.1601572,0.049139485,0.54063201,0.83982289,0
0.37041083,2.9711165,3.9899907,0.049139485,0.54063201,0.83982289,0
0.95017481,1.9762074,1.7595961,0.67011762,0.60565501,-0.42909729,0
0.67689514,-3.0136943,-4.0671329,-0.049139485,-0.54063201,-0.83982289,0
1.5314506,1.7652187,2.4913023,0.74062663,-0.58386564,0.33252546,0
-0.22632313,1.7955754,4.5807729,-0.67011762,-0.60565501,0.42909729,0
1.1331366,-0.87133765,-1.0944047,0.74062663,-0.58386564,0.33252546,0
0.31837213,-0.84729898,0.56346619,0.74062663,-0.58386564,0.33252546,0
-0.10009694,3.3837261,3.3173203,-0.74062663,0.58386564,-0.33252546,0
-0.013174176,-2.906425,-3.9989843,-0.049139485,-0.54063201,-0.83982289,0
0.96608341,-0.16949326,0.28508279,0.74062663,-0.58386564,0.33252546,0
-0.15983754,-3.1568155,-3.9915566,-0.049139485,-0.54063201,-0.83982289,0
-1.3154273,-0.73000896,-1.0987395,-0.74062663,0.58386564,-0.33252546,0
-0.46384194,-2.4390848,-1.7736776,-0.67011762,-0.60565501,0.42909729,0
0.98267418,-0.87964141,-0.62904429,0.74062663,-0.58386564,0.33252546,0
