2.3801327,-1.3886373,-0.60064995,0.9485395,-0.27037761,0.16482985,0
-0.61124706,2.2243481,1.3099201,0.084745646,0.71829087,0.69056249,0
-2.6182783,-1.7206787,-1.4622555,-0.084745646,-0.71829087,-0.69056249,0
0.024867535,-1.5193148,-2.055567,-0.084745646,-0.71829087,-0.69056249,0
-0.74603105,1.6381156,2.0570886,0.084745646,0.71829087,0.69056249,0
-1.1968389,1.5179842,2.263432,0.084745646,0.71829087,0.69056249,0
-2.8148215,-1.0522387,-1.0875854,-0.9485395,0.27037761,-0.16482985,0
-1.4823,-1.5506039,-1.7202458,-0.084745646,-0.71829087,-0.69056249,0
2.1205878,-2.4507298,-1.3342178,0.9485395,-0.27037761,0.16482985,0
-0.15614927,-0.20611155,-1.7846869,0.30510837,0.64105725,-0.70424056,0
-1.0875025,2.9221005,0.70035219,0.30510837,0.64105725,-0.70424056,0
0.93274152,-2.5425644,-1.0981433,-0.084745646,-0.71829087,-0.69056249,0
0.45936632,2.1564133,1.4316387,0.084745646,0.71829087,0.69056249,0
2.0972369,-2.1503632,-1.0276304,0.9485395,-0.27037761,0.16482985,0
-1.7610934,-0.60988873,0.23199415,-0.30510837,-0.64105725,0.70424056,0
-1.497937,1.8495313,-0.41841304,0.30510837,0.64105725,-0.70424056,0
-2.3955107,1.6785175,1.9289178,-0.30510837,-0.64105725,0.70424056,0
2.2845361,-1.9070294,-1.3709688,0.9485395,-0.27037761,0.16482985,0
-0.25222039,2.1660392,1.3634982,0.084745646,0.71829087,0.69056249,0
-2.155982,0.37720406,-1.6151984,-0.9485395,0.27037761,-0.16482985,0
0.60719991,1.3209049,2.2602925,0.084745646,0.71829087,0.69056249,0
-1.1326139,0.26396346,-1.7845976,0.30510837,0.64105725,-0.70424056,0
1.4555937,1.0328516,0.2762363,0.30510837,0.64105725,-0.70424056,0
-2.3737235,1.9689571,1.3099478,-0.9485395,0.27037761,-0.16482985,0
-0.45851266,-0.011917114,1.2718463,-0.30510837,-0.64105725,0.70424056,0
1.8054905,-1.5438024,-2.1300356,0.30510837,0.64105725,-0.70424056,0
-0.031840324,-2.022819,-1.5701996,-0.084745646,-0.71829087,-0.69056249,0
2.2106702,-0.49086523,1.3195984,0.9485395,-0.27037761,0.16482985,0
2.0895774,-1.4844681,0.62352872,0.9485395,-0.27037761,0.16482985,0
-2.0871148,0.63537836,0.95692217,-0.30510837,-0.64105725,0.70424056,0
-0.56973672,1.5640579,2.1467311,0.084745646,0.71829087,0.69056249,0
-2.3970604,-0.4196865,-1.7980704,-0.9485395,0.27037761,-0.16482985,0
-2.5863597,0.0072592497,-0.58698058,-0.9485395,0.27037761,-0.16482985,0
2.4739714,-0.92684484,-0.051941395,0.9485395,-0.27037761,0.16482985,0
2.6302011,0.88613623,1.6342139,0.9485395,-0.27037761,0.16482985,0
1.187233,-2.3435447,-0.31532007,-0.30510837,-0.64105725,0.70424056,0
-2.3510532,1.7999978,2.0079572,-0.30510837,-0.64105725,0.70424056,0
-1.9608296,1.9251622,-0.23619699,-0.9485395,0.27037761,-0.16482985,0
-0.71217191,0.73501849,-0.9438076,0.30510837,0.64105725,-0.70424056,0
-2.6626482,-0.85472906,-1.2697799,-0.9485395,0.27037761,-0.16482985,0
0.99238753,2.0447536,0.76862073,0.30510837,0.64105725,-0.70424056,0
-0.57901025,-2.2950325,-1.0066376,-0.30510837,-0.64105725,0.70424056,0
-2.2424941,0.26991129,-1.5017993,-0.9485395,0.27037761,-0.16482985,0
-1.2051245,0.17547119,-1.6509496,0.30510837,0.64105725,-0.70424056,0
-0.16882396,-1.4825878,-1.9509895,-0.084745646,-0.71829087,-0.69056249,0
0.98512149,0.98411256,2.6062865,0.084745646,0.71829087,0.69056249,0
2.3774168,-0.6733582,0.25649095,0.9485395,-0.27037761,0.16482985,0
2.4833312,-1.1187123,-0.48470783,0.9485395,-0.27037761,0.16482985,0
-2.7370028,-0.67671716,-0.87108064,-0.9485395,0.27037761,-0.16482985,0
1.5417871,-2.9211874,-0.73313266,-0.084745646,-0.71829087,-0.69056249,0
-2.6276388,-1.0625222,-0.59617519,-0.30510837,-0.64105725,0.70424056,0
-1.1412034,-1.3249617,-2.1518149,-0.084745646,-0.71829087,-0.69056249,0
0.78302658,-0.29651523,1.4747808,-0.30510837,-0.64105725,0.70424056,0
-0.94313502,-0.23072755,-1.9075359,0.30510837,0.64105725,-0.70424056,0
0.62977529,-1.9571419,-0.18197715,-0.30510837,-0.64105725,0.70424056,0
1.1459558,-2.4982715,-1.1039829,-0.084745646,-0.71829087,-0.69056249,0
0.31369281,-2.0185664,-0.27938795,-0.30510837,-0.64105725,0.70424056,0
2.3535223,-0.89868897,-1.2617065,0.30510837,0.64105725,-0.70424056,0
1.0279235,-1.4875449,-2.2623036,-0.084745646,-0.71829087,-0.69056249,0
2.2832475,-0.93980467,-1.3914742,0.30510837,0.64105725,-0.70424056,0
-2.6715889,0.1488961,0.39566088,-0.9485395,0.27037761,-0.16482985,0
-2.2458,1.8918545,0.38754582,-0.9485395,0.27037761,-0.16482985,0
-0.26535761,2.0286477,0.22254239,0.30510837,0.64105725,-0.70424056,0
1.9738184,-0.14860511,2.2492466,-0.30510837,-0.64105725,0.70424056,0
-2.4273336,-0.50382262,-2.0055032,-0.9485395,0.27037761,-0.16482985,0
-2.6114891,-1.5486928,-1.0395622,-0.30510837,-0.64105725,0.70424056,0
-2.323,-0.58190191,-0.025877714,-0.30510837,-0.64105725,0.70424056,0
2.232255,-1.5214322,-0.39062893,0.9485395,-0.27037761,0.16482985,0
-1.6907694,-0.93087834,-2.5498908,-0.084745646,-0.71829087,-0.69056249,0
-1.2268107,-1.9813883,-0.77358973,-0.30510837,-0.64105725,0.70424056,0
-1.3976686,-1.2018833,-2.1112442,-0.084745646,-0.71829087,-0.69056249,0
1.3124845,-2.3354368,-1.4409693,-0.084745646,-0.71829087,-0.69056249,0
-1.5675583,-1.7723647,-0.81782722,-0.30510837,-0.64105725,0.70424056,0
2.3800063,-0.70561427,0.43118763,0.9485395,-0.27037761,0.16482985,0
1.1378912,-0.72919452,-1.5686746,0.30510837,0.64105725,-0.70424056,0
-1.0204227,-1.9356712,-1.3760272,-0.084745646,-0.71829087,-0.69056249,0
1.9663239,-2.688298,-0.64254856,0.9485395,-0.27037761,0.16482985,0
0.40963411,-0.77247828,-1.9471049,0.30510837,0.64105725,-0.70424056,0
-0.55497921,-0.30207801,-1.8074253,0.30510837,0.64105725,-0.70424056,0
-2.0661893,-1.3128622,-0.71300006,-0.30510837,-0.64105725,0.70424056,0
2.4451573,-1.1674799,-0.57577109,0.9485395,-0.27037761,0.16482985,0
1.5072814,0.17567873,-0.62820071,0.30510837,0.64105725,-0.70424056,0
-2.484164,0.86807752,0.76824796,-0.9485395,0.27037761,-0.16482985,0
1.3770293,-2.8903658,-0.68582034,-0.084745646,-0.71829087,-0.69056249,0
-2.1793447,-0.040069461,0.51155567,-0.30510837,-0.64105725,0.70424056,0
-2.6510193,0.68933016,0.82614708,-0.9485395,0.27037761,-0.16482985,0
-2.13783,2.5698063,0.99555242,-0.9485395,0.27037761,-0.16482985,0
2.3027875,1.6212076,1.7791312,0.084745646,0.71829087,0.69056249,0
-1.9029903,2.7861218,0.28987312,-0.9485395,0.27037761,-0.16482985,0
2.342793,1.2336748,2.0553277,0.084745646,0.71829087,0.69056249,0
2.2717633,1.8284961,1.301945,0.30510837,0.64105725,-0.70424056,0
-1.2276093,-1.5059357,-0.60280597,-0.30510837,-0.64105725,0.70424056,0
1.2387643,1.7563244,1.5547856,0.084745646,0.71829087,0.69056249,0
-2.6207135,-0.92216045,-0.62550664,-0.30510837,-0.64105725,0.70424056,0
-0.89031839,1.6664331,2.0048788,0.084745646,0.71829087,0.69056249,0
1.1871769,-1.5444795,-2.1263733,-0.084745646,-0.71829087,-0.69056249,0
2.2254713,-0.22539651,1.5283594,0.9485395,-0.27037761,0.16482985,0
1.6110011,-1.0247253,-1.6097764,0.30510837,0.64105725,-0.70424056,0
2.4750936,-0.50369787,0.028621197,0.9485395,-0.27037761,0.16482985,0
0.54427242,1.2254212,2.1714447,0.084745646,0.71829087,0.69056249,0
-0.8316173,0.74899554,-0.97539598,0.30510837,0.64105725,-0.70424056,0
-1.7828972,-1.9405032,-1.0631819,-0.30510837,-0.64105725,0.70424056,0
2.2264235,-0.8936938,0.96133709,0.9485395,-0.27037761,0.16482985,0
-2.5971422,0.20201357,0.31253695,-0.9485395,0.27037761,-0.16482985,0
2.5768414,-0.46227437,-0.32814503,0.9485395,-0.27037761,0.16482985,0
-2.1624589,2.3361943,1.47238,0.084745646,0.71829087,0.69056249,0
-1.9856557,0.77884591,1.2373927,-0.30510837,-0.64105725,0.70424056,0
-2.0760565,1.5694338,-0.73805094,-0.9485395,0.27037761,-0.16482985,0
2.6755569,0.17895032,0.082063437,0.9485395,-0.27037761,0.16482985,0
2.514437,1.5023545,0.93551302,0.30510837,0.64105725,-0.70424056,0
1.4361444,-2.7708526,-0.95405394,-0.084745646,-0.71829087,-0.69056249,0
1.6340629,1.2775966,0.56033897,0.30510837,0.64105725,-0.70424056,0
2.6133294,0.022622794,-0.047368526,0.9485395,-0.27037761,0.16482985,0
-2.1990304,0.59987962,-1.6120725,-0.9485395,0.27037761,-0.16482985,0
2.1672037,-1.000438,0.64884424,0.9485395,-0.27037761,0.16482985,0
-2.5296803,0.70195901,-0.04501152,-0.9485395,0.27037761,-0.16482985,0
-2.1204886,0.75362396,-1.2228146,-0.9485395,0.27037761,-0.16482985,0
0.25430822,2.5129888,0.90519953,0.084745646,0.71829087,0.69056249,0
2.5707631,-0.66707909,-0.73500896,0.9485395,-0.27037761,0.16482985,0
2.420845,0.04945007,-0.26779509,0.30510837,0.64105725,-0.70424056,0
1.5018806,1.5425974,1.8944937,0.084745646,0.71829087,0.69056249,0
2.1897187,0.10651731,2.1833177,0.9485395,-0.27037761,0.16482985,0
-2.6541276,-1.677485,-1.4363365,-0.084745646,-0.71829087,-0.69056249,0
-2.2163379,1.9038649,1.3105216,-0.9485395,0.27037761,-0.16482985,0
0.39127678,0.13781643,-1.15162,0.30510837,0.64105725,-0.70424056,0
2.4212744,1.0186687,2.3452413,0.9485395,-0.27037761,0.16482985,0
2.2047746,-0.001083076,-0.60428405,0.30510837,0.64105725,-0.70424056,0
1.3774143,0.106372,-0.67861646,0.30510837,0.64105725,-0.70424056,0
-2.5285428,1.1593175,1.4629955,-0.30510837,-0.64105725,0.70424056,0
1.481217,-1.1545939,-1.9538507,0.30510837,0.64105725,-0.70424056,0
-0.56327462,-0.95306075,-2.538682,-0.084745646,-0.71829087,-0.69056249,0
-0.1673454,-1.573634,-0.16950417,-0.30510837,-0.64105725,0.70424056,0
2.6145875,-0.33337483,-0.66060817,0.9485395,-0.27037761,0.16482985,0
-2.0240746,-1.2306142,-2.2309148,-0.084745646,-0.71829087,-0.69056249,0
-0.69550371,-1.8240507,-1.7146277,-0.084745646,-0.71829087,-0.69056249,0
-1.3704894,-2.0759976,-1.1511093,-0.084745646,-0.71829087,-0.69056249,0
-2.6417017,-0.51073569,-1.2341807,-0.9485395,0.27037761,-0.16482985,0
0.62008929,2.228869,1.1211499,0.084745646,0.71829087,0.69056249,0
-1.3387593,2.3487911,0.042142153,0.30510837,0.64105725,-0.70424056,0
2.4375603,0.82605428,2.4040701,0.084745646,0.71829087,0.69056249,0
1.5575529,-1.0589856,-1.6019281,0.30510837,0.64105725,-0.70424056,0
-2.4480834,-0.20272988,-1.6372628,-0.9485395,0.27037761,-0.16482985,0
1.8524135,-2.9349108,-0.90803385,0.9485395,-0.27037761,0.16482985,0
1.8074865,1.4497638,1.9651471,0.084745646,0.71829087,0.69056249,0
2.4272134,-1.8323753,-1.8421142,0.9485395,-0.27037761,0.16482985,0
0.65709651,-1.2041972,-2.3230295,-0.084745646,-0.71829087,-0.69056249,0
-2.2381854,-0.31941438,-2.4853461,-0.9485395,0.27037761,-0.16482985,0
2.406605,-1.9709594,-1.4209579,0.9485395,-0.27037761,0.16482985,0
-0.035571814,-1.4115038,-2.2128792,-0.084745646,-0.71829087,-0.69056249,0
2.7429862,1.0897994,1.7717903,0.9485395,-0.27037761,0.16482985,0
2.0976386,-2.5446105,-1.0979832,-0.084745646,-0.71829087,-0.69056249,0
-2.01266,2.7111313,1.0814247,0.084745646,0.71829087,0.69056249,0
2.5833912,0.58821833,1.5454359,0.9485395,-0.27037761,0.16482985,0
-0.084864676,0.18194115,1.6823438,-0.30510837,-0.64105725,0.70424056,0
-2.2507529,1.745085,1.9340708,-0.30510837,-0.64105725,0.70424056,0
2.2936792,-1.4091083,-0.85999453,0.9485395,-0.27037761,0.16482985,0
1.1374344,-1.6341088,-1.9753629,-0.084745646,-0.71829087,-0.69056249,0
-0.95973873,2.2924602,0.39067769,0.30510837,0.64105725,-0.70424056,0
-1.6300843,-2.0551512,-1.3922884,-0.084745646,-0.71829087,-0.69056249,0
2.290097,0.15460396,1.7677574,0.9485395,-0.27037761,0.16482985,0
-1.0992715,-1.5549774,-1.9114579,-0.084745646,-0.71829087,-0.69056249,0
-0.7603277,1.5622375,1.9927378,0.084745646,0.71829087,0.69056249,0
0.88125783,-0.59352124,-1.4549359,0.30510837,0.64105725,-0.70424056,0
0.92308211,-1.8753546,-1.7828498,-0.084745646,-0.71829087,-0.69056249,0
-2.080488,-2.0881031,-1.3222566,-0.084745646,-0.71829087,-0.69056249,0
-0.20057225,2.2389746,0.60166931,0.30510837,0.64105725,-0.70424056,0
1.4852209,-0.48047972,1.5280423,-0.30510837,-0.64105725,0.70424056,0
1.9685709,-2.6410663,-1.0523496,-0.084745646,-0.71829087,-0.69056249,0
0.60284793,-1.5531852,0.17430556,-0.30510837,-0.64105725,0.70424056,0
-2.2786183,1.094731,0.050911665,-0.9485395,0.27037761,-0.16482985,0
0.81253397,-1.5803792,-1.9935651,-0.084745646,-0.71829087,-0.69056249,0
-2.4309931,-0.06471175,-1.3678765,-0.9485395,0.27037761,-0.16482985,0
2.6574264,0.019810572,0.3772614,0.9485395,-0.27037761,0.16482985,0
2.2194312,-0.20789969,1.498908,0.9485395,-0.27037761,0.16482985,0
2.3532951,-1.3299839,-0.75186872,0.9485395,-0.27037761,0.16482985,0
2.0419085,-2.0240028,0.086200476,0.9485395,-0.27037761,0.16482985,0
0.92900592,-0.74141777,1.0389026,-0.30510837,-0.64105725,0.70424056,0
1.8310239,0.6199168,2.8830004,0.084745646,0.71829087,0.69056249,0
-2.1631491,0.41669381,-1.7434964,-0.9485395,0.27037761,-0.16482985,0
2.5334589,1.2142273,2.1233132,0.084745646,0.71829087,0.69056249,0
-2.5395813,1.6622667,1.717911,-0.9485395,0.27037761,-0.16482985,0
1.0073931,-0.28213537,-1.1130341,0.30510837,0.64105725,-0.70424056,0
0.44287229,-0.47551805,-1.5670353,0.30510837,0.64105725,-0.70424056,0
2.0595033,0.56576276,2.9101982,0.084745646,0.71829087,0.69056249,0
2.3010955,-1.4871211,-1.0451564,0.9485395,-0.27037761,0.16482985,0
-2.9368999,-1.5916778,-1.2641759,-0.9485395,0.27037761,-0.16482985,0
-2.523067,-0.76229078,-1.8322759,-0.9485395,0.27037761,-0.16482985,0
-2.1567163,0.83937919,-0.84985065,-0.9485395,0.27037761,-0.16482985,0
2.2054772,-1.0197252,-1.3020642,0.30510837,0.64105725,-0.70424056,0
2.2859263,0.36717319,2.1741409,0.9485395,-0.27037761,0.16482985,0
1.9680483,-2.8960695,-0.89732158,0.9485395,-0.27037761,0.16482985,0
0.10587358,-2.2447863,-1.2450683,-0.084745646,-0.71829087,-0.69056249,0
2.5800211,-0.61486799,-0.15849233,0.9485395,-0.27037761,0.16482985,0
-2.8358002,-1.5364676,-1.5557022,-0.9485395,0.27037761,-0.16482985,0
-1.6253176,-1.758011,-1.7050766,-0.084745646,-0.71829087,-0.69056249,0
0.83795458,-1.966328,0.06585592,-0.30510837,-0.64105725,0.70424056,0
0.36387849,1.5935864,1.9322807,0.084745646,0.71829087,0.69056249,0
-0.0021026134,-1.3159978,0.26314691,-0.30510837,-0.64105725,0.70424056,0
-0.52644479,-1.3752068,0.029730141,-0.30510837,-0.64105725,0.70424056,0
2.3280585,-1.7143312,-1.510108,0.9485395,-0.27037761,0.16482985,0
-0.34135485,0.74491227,-0.99884617,0.30510837,0.64105725,-0.70424056,0
-2.4879,1.175589,1.4485869,-0.30510837,-0.64105725,0.70424056,0
-0.42776465,-2.22473,-1.3084359,-0.084745646,-0.71829087,-0.69056249,0
-2.2587914,-1.517499,-1.003298,-0.30510837,-0.64105725,0.70424056,0
-0.48459959,-1.3836315,-2.0705929,-0.084745646,-0.71829087,-0.69056249,0
-2.1306355,0.88420308,1.3035357,-0.30510837,-0.64105725,0.70424056,0
1.5616928,0.40299082,-0.27391648,0.30510837,0.64105725,-0.70424056,0
-0.78542757,-1.1570351,-2.3507297,-0.084745646,-0.71829087,-0.69056249,0
-1.7693393,-0.73852301,-2.6761134,-0.084745646,-0.71829087,-0.69056249,0
-0.50887704,-2.4277275,-1.1542289,-0.084745646,-0.71829087,-0.69056249,0
-1.9849654,-0.11424297,0.41489422,-0.30510837,-0.64105725,0.70424056,0
-1.9847305,-0.59956187,0.1075654,-0.30510837,-0.64105725,0.70424056,0
-1.604407,1.7754245,2.1078169,0.084745646,0.71829087,0.69056249,0
-0.97127676,-1.4023403,-2.1682065,-0.084745646,-0.71829087,-0.69056249,0
0.09825182,0.15403235,1.5127445,-0.30510837,-0.64105725,0.70424056,0
1.5773528,0.35871565,-0.34902215,0.30510837,0.64105725,-0.70424056,0
-2.2922187,-0.6740346,-2.4959004,-0.9485395,0.27037761,-0.16482985,0
-2.0566845,1.8710053,1.829443,0.084745646,0.71829087,0.69056249,0
-1.2308576,1.6479669,2.1551352,0.084745646,0.71829087,0.69056249,0
1.9974337,-2.7430482,-0.37031484,0.9485395,-0.27037761,0.16482985,0
-2.5427251,-0.488433,-1.1222134,-0.9485395,0.27037761,-0.16482985,0
-2.2807381,1.2768068,-0.3032968,-0.9485395,0.27037761,-0.16482985,0
-0.46891332,1.6404308,1.9052334,0.084745646,0.71829087,0.69056249,0
-2.0064855,2.52512,0.91921878,-0.9485395,0.27037761,-0.16482985,0
1.8629584,0.81182146,2.5341752,0.084745646,0.71829087,0.69056249,0
2.3841901,-1.089132,-0.13022566,0.9485395,-0.27037761,0.16482985,0
-1.1684085,0.58119202,1.3059801,-0.30510837,-0.64105725,0.70424056,0
-2.3095684,0.055501342,-1.9967117,-0.9485395,0.27037761,-0.16482985,0
2.0758386,-1.6892517,-0.023155451,0.9485395,-0.27037761,0.16482985,0
-1.0496187,-1.2329965,-2.1836898,-0.084745646,-0.71829087,-0.69056249,0
1.5251851,1.4330165,1.9500269,0.084745646,0.71829087,0.69056249,0
2.2960658,1.4536483,1.8221273,0.084745646,0.71829087,0.69056249,0
-2.8073425,-1.4703048,-1.3912945,-0.9485395,0.27037761,-0.16482985,0
1.8656645,1.8110299,0.95674777,0.30510837,0.64105725,-0.70424056,0
-2.2400508,1.1086695,-0.95278072,-0.9485395,0.27037761,-0.16482985,0
2.3056643,-2.3440309,-1.491591,0.9485395,-0.27037761,0.16482985,0
2.4190149,0.13247466,1.1763339,0.9485395,-0.27037761,0.16482985,0
-1.4324903,-1.8415126,-1.6174421,-0.084745646,-0.71829087,-0.69056249,0
1.8137348,-2.4348004,-1.3036451,-0.084745646,-0.71829087,-0.69056249,0
-1.2064219,2.59431,1.0888612,0.084745646,0.71829087,0.69056249,0
-1.6183248,-1.9982711,-1.4068261,-0.084745646,-0.71829087,-0.69056249,0
0.010401487,-1.5340874,-1.9736382,-0.084745646,-0.71829087,-0.69056249,0
-2.8611503,-1.8024333,-1.4703038,-0.084745646,-0.71829087,-0.69056249,0
1.099628,0.56305075,2.4175406,-0.30510837,-0.64105725,0.70424056,0
-2.5288162,-0.56668645,-1.8224082,-0.9485395,0.27037761,-0.16482985,0
-2.4402955,0.07150358,-0.73907161,-0.9485395,0.27037761,-0.16482985,0
-0.18621349,2.3909404,1.2478547,0.084745646,0.71829087,0.69056249,0
-1.084085,-1.6251862,-1.7789038,-0.084745646,-0.71829087,-0.69056249,0
0.067897081,-1.3444891,-2.2145348,-0.084745646,-0.71829087,-0.69056249,0
-1.2933553,2.9984484,0.78127718,0.084745646,0.71829087,0.69056249,0
-1.3659185,1.9723877,1.7610161,0.084745646,0.71829087,0.69056249,0
0.68865573,-0.83497334,-2.0021493,0.30510837,0.64105725,-0.70424056,0
2.2864137,-0.81844836,0.29302835,0.9485395,-0.27037761,0.16482985,0
-2.5484614,1.3570299,1.3141441,-0.9485395,0.27037761,-0.16482985,0
-1.5429569,2.1387188,-0.1917119,0.30510837,0.64105725,-0.70424056,0
2.3755183,0.46130747,1.8482687,0.9485395,-0.27037761,0.16482985,0
-0.71448874,1.9312937,0.043277979,0.30510837,0.64105725,-0.70424056,0
1.0139966,1.4976869,1.93619,0.084745646,0.71829087,0.69056249,0
0.022683784,-0.32003665,1.0168371,-0.30510837,-0.64105725,0.70424056,0
1.0664647,-0.59963262,-1.5465381,0.30510837,0.64105725,-0.70424056,0
-1.235105,-0.98494631,-2.4446332,-0.084745646,-0.71829087,-0.69056249,0
2.4144862,-0.66755235,0.64719915,0.9485395,-0.27037761,0.16482985,0
-0.69298923,0.41740012,-1.4344838,0.30510837,0.64105725,-0.70424056,0
0.42286777,-2.0493503,-1.6739371,-0.084745646,-0.71829087,-0.69056249,0
1.0231129,-2.5363903,-1.0613753,-0.084745646,-0.71829087,-0.69056249,0
-0.50809431,0.5850395,-1.225228,0.30510837,0.64105725,-0.70424056,0
-2.0316925,0.1276409,0.65120482,-0.30510837,-0.64105725,0.70424056,0
1.9550028,1.5261662,1.8162978,0.084745646,0.71829087,0.69056249,0
-2.3428497,1.9494238,1.4977136,-0.9485395,0.27037761,-0.16482985,0
0.88141513,0.78809857,2.4835405,-0.30510837,-0.64105725,0.70424056,0
0.0011357069,1.3314561,-0.3230007,0.30510837,0.64105725,-0.70424056,0
2.3941264,1.2322108,0.81785893,0.30510837,0.64105725,-0.70424056,0
-2.6484814,0.036289573,0.18376875,-0.9485395,0.27037761,-0.16482985,0
0.34793091,2.0897605,1.3602353,0.084745646,0.71829087,0.69056249,0
-2.3567574,1.677369,0.64409852,-0.9485395,0.27037761,-0.16482985,0
0.95935583,-2.0228341,-1.4905241,-0.084745646,-0.71829087,-0.69056249,0
0.42462349,1.9746583,0.69279188,0.30510837,0.64105725,-0.70424056,0
2.2028461,-0.40183997,1.5446675,0.9485395,-0.27037761,0.16482985,0
-2.0668664,0.68964434,-1.628252,-0.9485395,0.27037761,-0.16482985,0
1.2167909,0.40676081,-0.40210629,0.30510837,0.64105725,-0.70424056,0
0.27088988,-0.2259618,1.2912875,-0.30510837,-0.64105725,0.70424056,0
-0.058826923,2.5579147,1.0300168,0.084745646,0.71829087,0.69056249,0
-2.4664376,1.700933,1.5436172,-0.9485395,0.27037761,-0.16482985,0
0.97977901,2.3769884,1.0819932,0.30510837,0.64105725,-0.70424056,0
2.4747567,-1.6857162,-1.394219,0.9485395,-0.27037761,0.16482985,0
0.33158875,2.0148575,1.400609,0.084745646,0.71829087,0.69056249,0
-2.6283848,0.26128387,0.21438909,-0.9485395,0.27037761,-0.16482985,0
2.3846483,-0.33713102,1.4372971,0.9485395,-0.27037761,0.16482985,0
2.3003876,-1.1096404,-1.3054662,0.30510837,0.64105725,-0.70424056,0
1.5480354,0.01141715,2.1558628,-0.30510837,-0.64105725,0.70424056,0
-2.1931906,2.0981011,1.2091966,-0.9485395,0.27037761,-0.16482985,0
-1.0943029,0.83053422,1.5823245,-0.30510837,-0.64105725,0.70424056,0
-1.0698497,2.0600343,1.7142724,0.084745646,0.71829087,0.69056249,0
-1.9653058,2.663152,0.87423468,-0.9485395,0.27037761,-0.16482985,0
0.30631733,-2.2994416,-1.306623,-0.084745646,-0.71829087,-0.69056249,0
2.5430753,-1.2123412,-0.88763428,0.9485395,-0.27037761,0.16482985,0
1.1269714,-2.4469733,-1.1864723,-0.084745646,-0.71829087,-0.69056249,0
1.9821143,-2.3640499,-0.45977497,0.9485395,-0.27037761,0.16482985,0
-1.6691968,0.94970208,1.5410825,-0.30510837,-0.64105725,0.70424056,0
2.4460697,-1.7899995,-1.6208584,0.9485395,-0.27037761,0.16482985,0
1.7496058,-2.3286355,-1.3024246,-0.084745646,-0.71829087,-0.69056249,0
-0.59682834,-1.0089611,0.11581638,-0.30510837,-0.64105725,0.70424056,0
1.8795686,-2.6197412,-0.43168855,0.9485395,-0.27037761,0.16482985,0
-2.1724672,0.93088436,-1.1569648,-0.9485395,0.27037761,-0.16482985,0
-2.188097,1.0873773,-0.18899035,-0.9485395,0.27037761,-0.16482985,0
-2.2407184,1.5245812,0.32497442,-0.9485395,0.27037761,-0.16482985,0
-2.0655653,1.0878122,-1.0321195,-0.9485395,0.27037761,-0.16482985,0
2.4350281,1.1006813,2.2245636,0.084745646,0.71829087,0.69056249,0
2.2759926,1.6298242,1.6976168,0.084745646,0.71829087,0.69056249,0
-0.047036052,-1.6628739,-0.16007271,-0.30510837,-0.64105725,0.70424056,0
-1.7845715,2.7812006,0.87148994,0.084745646,0.71829087,0.69056249,0
-1.6816357,-0.59645092,-2.7193463,-0.084745646,-0.71829087,-0.69056249,0
1.2426715,1.0780895,2.3798759,0.084745646,0.71829087,0.69056249,0
-0.26645771,-0.26135075,1.130456,-0.30510837,-0.64105725,0.70424056,0
-0.74894691,-1.7757289,-1.6731707,-0.084745646,-0.71829087,-0.69056249,0
2.1595547,1.8000031,1.5845735,0.084745646,0.71829087,0.69056249,0
1.3335524,2.1798296,1.2306086,0.084745646,0.71829087,0.69056249,0
-2.4817839,0.13521761,-0.93344998,-0.9485395,0.27037761,-0.16482985,0
2.3719296,-1.7299145,-1.7464733,0.9485395,-0.27037761,0.16482985,0
-2.0883324,2.3286695,0.9761939,-0.9485395,0.27037761,-0.16482985,0
0.7573905,1.2572571,2.2060916,0.084745646,0.71829087,0.69056249,0
2.5371084,0.12042785,0.66465688,0.9485395,-0.27037761,0.16482985,0
0.89054024,-2.5193341,-1.0935847,-0.084745646,-0.71829087,-0.69056249,0
1.4156389,-0.70499814,-1.3475835,0.30510837,0.64105725,-0.70424056,0
0.9750542,-0.45510638,-1.4875741,0.30510837,0.64105725,-0.70424056,0
-0.24082804,1.8206686,1.8518233,0.084745646,0.71829087,0.69056249,0
-1.6039433,1.4287369,1.9469845,-0.30510837,-0.64105725,0.70424056,0
-2.1289155,2.2301288,0.70848203,-0.9485395,0.27037761,-0.16482985,0
-2.2456083,0.20349407,-1.4912534,-0.9485395,0.27037761,-0.16482985,0
-1.8891172,-0.89846224,-2.4898896,-0.084745646,-0.71829087,-0.69056249,0
-1.7266868,-0.35936719,0.40476656,-0.30510837,-0.64105725,0.70424056,0
2.4051538,-2.0032251,-1.786587,-0.084745646,-0.71829087,-0.69056249,0
0.52659619,0.71007574,2.3206162,-0.30510837,-0.64105725,0.70424056,0
-0.83998275,-1.3744378,-1.9595761,-0.084745646,-0.71829087,-0.69056249,0
-1.4394072,0.37474942,-1.7447283,0.30510837,0.64105725,-0.70424056,0
1.7039914,0.88563037,2.6246748,0.084745646,0.71829087,0.69056249,0
-2.3908989,-1.203102,-2.2201362,-0.084745646,-0.71829087,-0.69056249,0
-1.3735372,0.44879067,-1.4948087,0.30510837,0.64105725,-0.70424056,0
2.1570826,-1.6135188,0.41992474,0.9485395,-0.27037761,0.16482985,0
-2.6347177,-1.6757889,-1.5958567,-0.084745646,-0.71829087,-0.69056249,0
-1.9849206,1.8495556,-0.1906755,-0.9485395,0.27037761,-0.16482985,0
0.31616807,2.0926785,1.5090765,0.084745646,0.71829087,0.69056249,0
-2.723285,-0.083923355,-0.059836149,-0.9485395,0.27037761,-0.16482985,0
-2.3904138,0.14727682,-0.82274652,-0.9485395,0.27037761,-0.16482985,0
1.4855471,-1.1979151,0.88296604,-0.30510837,-0.64105725,0.70424056,0
2.3436627,-0.36765563,0.69601226,0.9485395,-0.27037761,0.16482985,0
1.2379564,-2.7690926,-0.82004678,-0.084745646,-0.71829087,-0.69056249,0
2.502255,-1.8733425,-1.8934087,0.9485395,-0.27037761,0.16482985,0
2.0095663,-2.5102243,-0.53199923,0.9485395,-0.27037761,0.16482985,0
2.8903179,1.4481033,1.2324853,0.9485395,-0.27037761,0.16482985,0
-1.054493,-2.0162232,-1.5010488,-0.084745646,-0.71829087,-0.69056249,0
2.5960007,0.56727898,1.2212894,0.9485395,-0.27037761,0.16482985,0
-2.4734659,-1.0053508,-2.1680613,-0.9485395,0.27037761,-0.16482985,0
-2.3308635,0.0085641146,-2.2347798,-0.9485395,0.27037761,-0.16482985,0
-2.6562674,-1.5033759,-1.8264911,-0.084745646,-0.71829087,-0.69056249,0
1.9985371,-2.2744114,-1.5604706,-0.084745646,-0.71829087,-0.69056249,0
-2.6303277,-1.253885,-1.6492119,-0.9485395,0.27037761,-0.16482985,0
2.7558413,1.33222,1.3356509,0.9485395,-0.27037761,0.16482985,0
-0.31965494,-2.3165145,-1.1892933,-0.084745646,-0.71829087,-0.69056249,0
1.9542881,-2.9908621,-0.38281345,0.9485395,-0.27037761,0.16482985,0
0.58505762,-0.77895224,-1.8592827,0.30510837,0.64105725,-0.70424056,0
-0.44861007,1.7120826,1.75758,0.084745646,0.71829087,0.69056249,0
0.46053243,2.3988748,1.1429447,0.084745646,0.71829087,0.69056249,0
1.9052341,-2.6293392,-0.69112015,0.9485395,-0.27037761,0.16482985,0
-1.9742119,-0.48192286,-2.7312624,0.30510837,0.64105725,-0.70424056,0
-0.25552344,-1.4317361,-2.2346694,-0.084745646,-0.71829087,-0.69056249,0
2.2510018,0.047201395,1.7581594,0.9485395,-0.27037761,0.16482985,0
2.1184649,-0.56760585,1.8350403,-0.30510837,-0.64105725,0.70424056,0
-2.3661788,1.0354171,-0.32907796,-0.9485395,0.27037761,-0.16482985,0
2.2173741,-0.6979022,1.4931195,0.9485395,-0.27037761,0.16482985,0
-0.055376768,-1.7223638,-1.6903571,-0.084745646,-0.71829087,-0.69056249,0
-0.24739146,2.3371203,0.55303252,0.30510837,0.64105725,-0.70424056,0
-2.3862522,-0.65965474,-2.7492046,-0.9485395,0.27037761,-0.16482985,0
-2.06493,2.2604985,-0.055822134,-0.9485395,0.27037761,-0.16482985,0
2.4084222,-1.8818483,-1.351706,0.9485395,-0.27037761,0.16482985,0
-0.050120115,2.4164376,1.1779025,0.084745646,0.71829087,0.69056249,0
2.0532165,1.4866223,1.869144,0.084745646,0.71829087,0.69056249,0
-0.01305306,0.35136521,1.630368,-0.30510837,-0.64105725,0.70424056,0
-1.8851184,-0.0004850626,0.51812625,-0.30510837,-0.64105725,0.70424056,0
-1.9176927,-1.3092728,-0.65642321,-0.30510837,-0.64105725,0.70424056,0
-0.88967991,-0.94722044,-2.3875873,-0.084745646,-0.71829087,-0.69056249,0
1.4826839,1.9153726,0.94268179,0.30510837,0.64105725,-0.70424056,0
-2.1485467,-0.46006817,0.18582571,-0.30510837,-0.64105725,0.70424056,0
-0.31306148,-2.3122313,-1.1993136,-0.084745646,-0.71829087,-0.69056249,0
-0.10776389,1.0377059,2.2624567,-0.30510837,-0.64105725,0.70424056,0
-1.706183,0.41035247,-1.7199433,0.30510837,0.64105725,-0.70424056,0
0.57353044,1.2855783,2.1655064,0.084745646,0.71829087,0.69056249,0
0.1727438,-1.4993271,0.22465459,-0.30510837,-0.64105725,0.70424056,0
1.7263088,-0.052120388,-0.81476444,0.30510837,0.64105725,-0.70424056,0
2.3921866,-0.99709463,-0.34839272,0.9485395,-0.27037761,0.16482985,0
0.64446217,-1.7003862,0.066200018,-0.30510837,-0.64105725,0.70424056,0
2.081197,-1.2893423,0.63212276,0.9485395,-0.27037761,0.16482985,0
2.3348649,-0.85581136,0.45505667,0.9485395,-0.27037761,0.16482985,0
-2.0400457,0.12918699,-2.2113402,0.30510837,0.64105725,-0.70424056,0
-2.6591144,-0.31193864,-0.63925624,-0.9485395,0.27037761,-0.16482985,0
0.34227586,-1.1997362,-2.3436501,-0.084745646,-0.71829087,-0.69056249,0
1.7173433,1.7960652,1.64733,0.084745646,0.71829087,0.69056249,0
-1.972688,1.838951,-0.55149364,0.30510837,0.64105725,-0.70424056,0
0.44183016,2.0152934,1.3435044,0.084745646,0.71829087,0.69056249,0
-0.23392439,-1.4138528,-2.2273886,-0.084745646,-0.71829087,-0.69056249,0
2.6535285,-0.065853328,-0.20896912,0.9485395,-0.27037761,0.16482985,0
2.484303,0.55600214,2.206861,0.9485395,-0.27037761,0.16482985,0
-2.1857834,1.7677336,0.7153759,-0.9485395,0.27037761,-0.16482985,0
-0.19084215,-2.1165323,-1.381899,-0.084745646,-0.71829087,-0.69056249,0
-1.2842209,1.8237383,1.7673112,0.084745646,0.71829087,0.69056249,0
2.2748652,0.0094149113,1.9347229,0.9485395,-0.27037761,0.16482985,0
2.018609,-2.2091167,-0.53241718,0.9485395,-0.27037761,0.16482985,0
1.8422865,0.19022107,2.3719454,-0.30510837,-0.64105725,0.70424056,0
0.16848922,1.8795105,1.6623725,0.084745646,0.71829087,0.69056249,0
-2.032788,0.95917177,1.2978587,-0.30510837,-0.64105725,0.70424056,0
-1.3776896,-2.1660054,-1.0318931,-0.30510837,-0.64105725,0.70424056,0
-1.3449659,0.33243716,1.1365566,-0.30510837,-0.64105725,0.70424056,0
2.2721343,-1.8949435,-0.44151926,0.9485395,-0.27037761,0.16482985,0
0.47657132,1.642869,1.8113151,0.084745646,0.71829087,0.69056249,0
0.33006263,2.2019582,0.83378232,0.30510837,0.64105725,-0.70424056,0
-0.048033476,2.5437427,0.8758145,0.084745646,0.71829087,0.69056249,0
-2.0149703,-0.94602853,-0.43418837,-0.30510837,-0.64105725,0.70424056,0
1.4169843,-0.41756165,1.6810486,-0.30510837,-0.64105725,0.70424056,0
0.45943022,-2.2030966,-1.2464023,-0.084745646,-0.71829087,-0.69056249,0
0.83728337,1.6060154,0.5124433,0.30510837,0.64105725,-0.70424056,0
1.2408674,2.1146843,1.3835053,0.084745646,0.71829087,0.69056249,0
1.4667305,-2.4549043,-1.2414911,-0.084745646,-0.71829087,-0.69056249,0
-2.1491942,2.0511341,1.0307291,-0.9485395,0.27037761,-0.16482985,0
-1.0417037,2.224082,0.075606942,0.30510837,0.64105725,-0.70424056,0
0.91663837,1.4556507,1.8941685,0.084745646,0.71829087,0.69056249,0
0.50253177,-2.3492613,-0.63700014,-0.30510837,-0.64105725,0.70424056,0
-1.7015511,2.2461765,1.6302143,0.084745646,0.71829087,0.69056249,0
1.6806705,0.61554563,2.6972589,0.084745646,0.71829087,0.69056249,0
2.0831122,-1.8232813,0.57989097,0.9485395,-0.27037761,0.16482985,0
-2.3233314,1.6803507,1.3508328,-0.9485395,0.27037761,-0.16482985,0
2.0139966,-1.9049915,-1.968793,-0.084745646,-0.71829087,-0.69056249,0
-1.1080012,2.1657929,1.3757198,0.084745646,0.71829087,0.69056249,0
-2.0675306,-1.5393023,-1.6471314,-0.084745646,-0.71829087,-0.69056249,0
0.27161595,-0.31941617,1.1282923,-0.30510837,-0.64105725,0.70424056,0
0.85645103,-2.7812364,-0.89355552,-0.084745646,-0.71829087,-0.69056249,0
1.1096705,-0.38723898,-1.2966099,0.30510837,0.64105725,-0.70424056,0
-2.3402267,0.80694985,-0.76402545,-0.9485395,0.27037761,-0.16482985,0
-0.31926179,-1.6861551,-1.8607371,-0.084745646,-0.71829087,-0.69056249,0
2.4979959,-0.066048294,0.68512034,0.9485395,-0.27037761,0.16482985,0
0.10046029,-1.3174316,-2.1559684,-0.084745646,-0.71829087,-0.69056249,0
0.046593666,-1.584738,0.053821333,-0.30510837,-0.64105725,0.70424056,0
-2.5081463,-0.29476577,-1.6320286,-0.9485395,0.27037761,-0.16482985,0
1.3873878,0.72048593,-0.29330242,0.30510837,0.64105725,-0.70424056,0
1.4003706,-0.84589374,1.1787755,-0.30510837,-0.64105725,0.70424056,0
-2.1067142,2.1033742,0.71235085,-0.9485395,0.27037761,-0.16482985,0
2.0344706,-1.577176,0.67770743,0.9485395,-0.27037761,0.16482985,0
0.34721589,1.3760846,2.0105841,0.084745646,0.71829087,0.69056249,0
0.21967554,1.8943985,0.36804822,0.30510837,0.64105725,-0.70424056,0
-2.0607085,0.90980947,-1.5016997,-0.9485395,0.27037761,-0.16482985,0
0.85425568,1.715916,1.6533666,0.084745646,0.71829087,0.69056249,0
1.0757914,-0.6624614,1.1713703,-0.30510837,-0.64105725,0.70424056,0
1.7307131,1.124503,2.3555026,0.084745646,0.71829087,0.69056249,0
-1.9456353,-1.3014413,-2.1029992,-0.084745646,-0.71829087,-0.69056249,0
-1.4818993,1.4233508,-0.774441,0.30510837,0.64105725,-0.70424056,0
-0.64251614,1.4962175,2.005739,0.084745646,0.71829087,0.69056249,0
2.1008933,1.0551059,2.1690488,0.084745646,0.71829087,0.69056249,0
2.2556579,-0.10849845,1.9448903,0.9485395,-0.27037761,0.16482985,0
-2.0967383,1.1756448,-1.261308,-0.9485395,0.27037761,-0.16482985,0
2.0327184,-2.639596,-1.0207608,-0.084745646,-0.71829087,-0.69056249,0
1.1598239,-0.019056141,-0.91647214,0.30510837,0.64105725,-0.70424056,0
0.065390587,0.50597364,1.7676997,-0.30510837,-0.64105725,0.70424056,0
2.5832813,0.37915409,0.84007573,0.9485395,-0.27037761,0.16482985,0
2.5073159,-1.225945,-1.1166339,0.9485395,-0.27037761,0.16482985,0
-2.3487155,-0.36312938,-2.8124583,-0.084745646,-0.71829087,-0.69056249,0
-0.092739582,1.8652319,1.6098154,0.084745646,0.71829087,0.69056249,0
-2.0723321,2.3339205,0.80657339,-0.9485395,0.27037761,-0.16482985,0
2.2113056,-1.9803079,-0.53667343,0.9485395,-0.27037761,0.16482985,0
2.7489486,1.4178077,1.2616198,0.9485395,-0.27037761,0.16482985,0
-1.923666,-0.27947289,0.3425895,-0.30510837,-0.64105725,0.70424056,0
0.36793399,2.4667113,1.1420623,0.084745646,0.71829087,0.69056249,0
2.572088,0.026208788,-0.095951557,0.9485395,-0.27037761,0.16482985,0
2.1388004,-1.9549263,-0.25094962,0.9485395,-0.27037761,0.16482985,0
0.45336092,1.5464432,0.13979477,0.30510837,0.64105725,-0.70424056,0
-0.17976856,1.4804857,2.115612,0.084745646,0.71829087,0.69056249,0
2.3866177,-1.1893708,-1.03813,0.9485395,-0.27037761,0.16482985,0
-2.6123345,-0.96199918,-2.3116241,-0.9485395,0.27037761,-0.16482985,0
-0.90411198,2.3448339,1.2504363,0.084745646,0.71829087,0.69056249,0
-2.1729474,1.3813409,-0.50440717,-0.9485395,0.27037761,-0.16482985,0
0.62021261,-0.31762457,-1.5219688,0.30510837,0.64105725,-0.70424056,0
2.3592749,-1.3052449,-0.24807787,0.9485395,-0.27037761,0.16482985,0
2.4413154,-0.72689617,-0.33732247,0.9485395,-0.27037761,0.16482985,0
1.9413772,-1.2088264,1.0582902,-0.30510837,-0.64105725,0.70424056,0
-2.012229,2.1167443,0.12116265,-0.9485395,0.27037761,-0.16482985,0
1.8457587,-0.88991928,1.4268913,-0.30510837,-0.64105725,0.70424056,0
-2.6205084,-1.6043249,-1.7410371,-0.084745646,-0.71829087,-0.69056249,0
2.4759445,-0.39810079,-0.12401819,0.9485395,-0.27037761,0.16482985,0
0.82075834,1.0221337,2.5704827,0.084745646,0.71829087,0.69056249,0
-2.6584008,-1.1704988,-1.7162786,-0.9485395,0.27037761,-0.16482985,0
-2.0657189,-1.9855926,-1.2596898,-0.084745646,-0.71829087,-0.69056249,0
-2.0118752,2.3516121,0.34137821,-0.9485395,0.27037761,-0.16482985,0
-1.764751,2.4829311,0.084259272,0.30510837,0.64105725,-0.70424056,0
1.0961527,-1.5109951,0.5819844,-0.30510837,-0.64105725,0.70424056,0
2.3539124,-1.0341091,0.26072097,0.9485395,-0.27037761,0.16482985,0
2.3323147,-1.5457017,-1.3064296,0.9485395,-0.27037761,0.16482985,0
1.6992251,-2.8269558,-0.91504371,-0.084745646,-0.71829087,-0.69056249,0
1.3398123,-0.087459087,-1.0304763,0.30510837,0.64105725,-0.70424056,0
2.5186267,-0.21661973,0.76901436,0.9485395,-0.27037761,0.16482985,0
2.4853797,0.70713085,2.3352466,0.9485395,-0.27037761,0.16482985,0
1.9551146,0.74574172,2.7369325,0.084745646,0.71829087,0.69056249,0
-2.051049,2.1170564,0.052475691,-0.9485395,0.27037761,-0.16482985,0
1.0122226,-2.7177217,-0.8895191,-0.084745646,-0.71829087,-0.69056249,0
2.3828044,0.46230066,2.0062771,0.9485395,-0.27037761,0.16482985,0
-0.75765705,2.0019083,1.6524704,0.084745646,0.71829087,0.69056249,0
0.96604347,-1.4230552,-2.3331079,-0.084745646,-0.71829087,-0.69056249,0
0.42411149,-1.1990794,-2.327759,-0.084745646,-0.71829087,-0.69056249,0
1.7403092,-2.0250182,-1.8457645,-0.084745646,-0.71829087,-0.69056249,0
2.4295411,-1.3909812,-1.2927016,0.9485395,-0.27037761,0.16482985,0
1.1982549,-1.6799407,-1.9550729,-0.084745646,-0.71829087,-0.69056249,0
0.50987434,2.2078149,1.3931952,0.084745646,0.71829087,0.69056249,0
-0.38491392,-1.0862772,-2.4962108,-0.084745646,-0.71829087,-0.69056249,0
-1.755728,-0.35862303,-2.4108803,0.30510837,0.64105725,-0.70424056,0
0.58045506,0.73701161,2.47263,-0.30510837,-0.64105725,0.70424056,0
-1.7266333,1.096408,-1.081594,0.30510837,0.64105725,-0.70424056,0
-1.0892762,2.1808877,1.6093889,0.084745646,0.71829087,0.69056249,0
-1.9021788,-1.3075359,-0.59514618,-0.30510837,-0.64105725,0.70424056,0
-2.0116668,1.4193071,-0.98428392,0.30510837,0.64105725,-0.70424056,0
-2.22054,-0.79656053,-0.15091872,-0.30510837,-0.64105725,0.70424056,0
-2.3845696,-0.32472277,-1.5831761,-0.9485395,0.27037761,-0.16482985,0
-2.4876082,0.15045202,-0.32934618,-0.9485395,0.27037761,-0.16482985,0
1.7506571,-0.26440251,1.9276805,-0.30510837,-0.64105725,0.70424056,0
2.5024934,1.4668307,1.8723826,0.084745646,0.71829087,0.69056249,0
-2.1025896,1.2942944,-0.54395247,-0.9485395,0.27037761,-0.16482985,0
-2.0488439,1.6047522,-0.77819133,0.30510837,0.64105725,-0.70424056,0
0.30532894,0.3944546,-1.0300883,0.30510837,0.64105725,-0.70424056,0
0.18215251,-1.9006879,-1.6141671,-0.084745646,-0.71829087,-0.69056249,0
0.94127285,-2.50737,-0.56509781,-0.30510837,-0.64105725,0.70424056,0
-0.72861147,2.6202717,0.89754999,0.084745646,0.71829087,0.69056249,0
1.487956,-0.74124539,-1.3545403,0.30510837,0.64105725,-0.70424056,0
2.5366416,0.8362239,1.758357,0.9485395,-0.27037761,0.16482985,0
2.597331,0.44529024,0.55975628,0.9485395,-0.27037761,0.16482985,0
-1.3572321,-1.4328787,-1.8292086,-0.084745646,-0.71829087,-0.69056249,0
-1.6462405,3.0536935,0.75989145,0.084745646,0.71829087,0.69056249,0
-1.5931668,-1.7777877,-1.4560171,-0.084745646,-0.71829087,-0.69056249,0
-0.76203132,1.9438708,1.6797987,0.084745646,0.71829087,0.69056249,0
1.8701189,-2.5222478,-1.1794741,-0.084745646,-0.71829087,-0.69056249,0
1.7417405,1.4766819,1.7582294,0.084745646,0.71829087,0.69056249,0
-0.7716186,1.5633872,2.0314469,0.084745646,0.71829087,0.69056249,0
-2.4510031,-0.028947949,-1.6922538,-0.9485395,0.27037761,-0.16482985,0
-0.58599532,1.4130284,2.1585577,0.084745646,0.71829087,0.69056249,0
2.3741877,-0.89498383,-0.34764314,0.9485395,-0.27037761,0.16482985,0
2.713429,1.1013784,1.2025607,0.9485395,-0.27037761,0.16482985,0
2.3486853,-1.4961666,-0.58403671,0.9485395,-0.27037761,0.16482985,0
2.2545135,1.4046253,0.86207986,0.30510837,0.64105725,-0.70424056,0
-1.5955988,2.0713775,1.5205109,0.084745646,0.71829087,0.69056249,0
-2.2000334,1.9908967,1.7050667,0.084745646,0.71829087,0.69056249,0
2.3462682,1.0917933,2.0763614,0.084745646,0.71829087,0.69056249,0
2.0517621,-2.4397318,-0.37637186,0.9485395,-0.27037761,0.16482985,0
0.7037009,-0.016720176,-1.253901,0.30510837,0.64105725,-0.70424056,0
-0.88768202,-0.20632076,0.82716954,-0.30510837,-0.64105725,0.70424056,0
-0.96935368,2.5410981,0.60461026,0.30510837,0.64105725,-0.70424056,0
2.2206974,-1.4751488,0.0063092709,0.9485395,-0.27037761,0.16482985,0
1.2623184,2.1023204,1.3066279,0.084745646,0.71829087,0.69056249,0
-2.3505158,1.108602,0.089591026,-0.9485395,0.27037761,-0.16482985,0
-1.9007909,2.6203494,0.13972974,-0.9485395,0.27037761,-0.16482985,0
-0.51125979,-2.051218,-0.69963706,-0.30510837,-0.64105725,0.70424056,0
2.4241567,-1.2873592,-1.1817793,0.9485395,-0.27037761,0.16482985,0
-2.2598681,-1.6574817,-1.5169411,-0.084745646,-0.71829087,-0.69056249,0
2.3675754,-2.076421,-1.4057193,0.9485395,-0.27037761,0.16482985,0
1.1294272,-1.7385154,-1.829494,-0.084745646,-0.71829087,-0.69056249,0
2.2087357,-1.4790218,-0.44035649,0.9485395,-0.27037761,0.16482985,0
-1.1749617,1.129584,1.9243138,-0.30510837,-0.64105725,0.70424056,0
-1.290225,2.5929933,1.1505522,0.084745646,0.71829087,0.69056249,0
2.3620882,0.3022418,-0.005218029,0.30510837,0.64105725,-0.70424056,0
0.73957896,0.94661498,2.4131918,0.084745646,0.71829087,0.69056249,0
2.3384726,-0.2008481,-0.55604351,0.30510837,0.64105725,-0.70424056,0
0.31702209,2.2486794,1.2014763,0.084745646,0.71829087,0.69056249,0
-2.0927534,2.2190146,0.32662618,-0.9485395,0.27037761,-0.16482985,0
1.5863039,-1.7830334,0.4124974,-0.30510837,-0.64105725,0.70424056,0
-2.5920961,-1.689906,-1.1252251,-0.30510837,-0.64105725,0.70424056,0
-0.19131517,1.9488528,1.5944383,0.084745646,0.71829087,0.69056249,0
1.1556678,0.61623377,-0.47239995,0.30510837,0.64105725,-0.70424056,0
0.57759047,-2.3531189,-1.2955463,-0.084745646,-0.71829087,-0.69056249,0
0.014796495,-2.0885317,-0.45246184,-0.30510837,-0.64105725,0.70424056,0
-2.408926,0.7874884,-0.018007755,-0.9485395,0.27037761,-0.16482985,0
-1.8105848,2.7923937,0.80515897,0.084745646,0.71829087,0.69056249,0
-2.6276853,-0.65081757,-0.55608582,-0.9485395,0.27037761,-0.16482985,0
2.2279224,-1.6841109,0.17431569,0.9485395,-0.27037761,0.16482985,0
-2.6373005,-0.33493772,-0.48867583,-0.9485395,0.27037761,-0.16482985,0
-2.6192167,0.27562708,0.32405043,-0.9485395,0.27037761,-0.16482985,0
-2.295403,1.653955,0.88892031,-0.9485395,0.27037761,-0.16482985,0
2.2880838,0.80379862,0.39525366,0.30510837,0.64105725,-0.70424056,0
