1.3465133,0.092610613,1.8141969,0.64798582,0.44183624,0.62039912,0
-0.65846813,-2.1574812,3.4683294,0.61264575,-0.786309,-0.07989347,0
-0.10138869,-0.20157313,-2.9404755,-0.64798582,-0.44183624,-0.62039912,0
0.88462257,1.4020386,1.1673427,0.64798582,0.44183624,0.62039912,0
0.67433643,1.519545,-4.9816179,-0.64798582,-0.44183624,-0.62039912,0
2.6796024,1.1030316,-2.4762058,0.61264575,-0.786309,-0.07989347,0
-1.1825104,-1.5404673,4.9790335,-0.45252571,-0.43185478,0.78020608,0
-0.70563817,0.57312715,-2.9343169,-0.64798582,-0.44183624,-0.62039912,0
1.0274198,1.7782114,1.0201975,0.64798582,0.44183624,0.62039912,0
1.0681398,0.5215258,1.8588942,0.64798582,0.44183624,0.62039912,0
3.2957492,3.0448408,-2.2803402,0.64798582,0.44183624,0.62039912,0
-2.2675042,-1.481089,4.3469696,-0.45252571,-0.43185478,0.78020608,0
0.20959008,0.92687356,2.475862,0.64798582,0.44183624,0.62039912,0
3.0445738,3.2749164,-2.8082476,0.45252571,0.43185478,-0.78020608,0
3.3747783,1.6790991,-3.3870454,0.61264575,-0.786309,-0.07989347,0
-1.1065233,-0.85581517,-1.396608,-0.64798582,-0.44183624,-0.62039912,0
-3.5120258,-1.5342687,1.4513564,-0.64798582,-0.44183624,-0.62039912,0
-2.5473499,-2.8020897,3.4587393,-0.45252571,-0.43185478,0.78020608,0
-0.56050277,-0.83491266,4.2927113,0.64798582,0.44183624,0.62039912,0
-2.4753079,-2.6910412,3.5554595,-0.45252571,-0.43185478,0.78020608,0
0.60369515,2.0268798,-2.0655322,-0.61264575,0.786309,0.07989347,0
-3.3433261,-2.1317768,3.3404546,-0.45252571,-0.43185478,0.78020608,0
-0.33309841,-1.1163205,-2.1668348,-0.64798582,-0.44183624,-0.62039912,0
-1.9454136,-1.9820901,0.22673941,-0.64798582,-0.44183624,-0.62039912,0
1.3400482,2.6323407,-4.2473783,0.45252571,0.43185478,-0.78020608,0
-1.0851097,0.11370993,2.0123172,-0.61264575,0.786309,0.07989347,0
-1.5567406,-2.2482083,4.3434582,-0.45252571,-0.43185478,0.78020608,0
-3.5388417,-1.6796389,2.30937,-0.61264575,0.786309,0.07989347,0
0.97304416,-0.57105583,1.0944455,0.61264575,-0.786309,-0.07989347,0
1.691915,0.013778329,-0.4278155,0.61264575,-0.786309,-0.07989347,0
-3.1945572,-1.4617718,1.0514102,-0.64798582,-0.44183624,-0.62039912,0
-2.0886495,-2.8934746,3.6195908,-0.45252571,-0.43185478,0.78020608,0
0.97706789,-0.61075878,-0.0401382,0.61264575,-0.786309,-0.07989347,0
0.085130811,-0.98455155,-2.1606233,0.61264575,-0.786309,-0.07989347,0
1.5319967,-0.034408212,-0.90464139,0.61264575,-0.786309,-0.07989347,0
0.97539562,-0.56207967,-0.14298278,0.61264575,-0.786309,-0.07989347,0
-2.8318493,-1.6451539,3.7436814,-0.45252571,-0.43185478,0.78020608,0
1.2129122,1.0710341,1.1620524,0.64798582,0.44183624,0.62039912,0
2.5267448,2.421782,-3.7221498,0.45252571,0.43185478,-0.78020608,0
2.6269643,2.2895203,-3.5528855,0.45252571,0.43185478,-0.78020608,0
2.9309878,2.016428,-1.308073,0.64798582,0.44183624,0.62039912,0
-1.9317127,-0.72286701,4.7935658,-0.45252571,-0.43185478,0.78020608,0
1.3676157,1.9695196,-4.5060391,0.45252571,0.43185478,-0.78020608,0
-0.5781424,-2.2717192,4.740478,0.61264575,-0.786309,-0.07989347,0
-0.34167933,-0.94260746,4.104022,0.64798582,0.44183624,0.62039912,0
0.042066574,-1.4905064,3.1266165,0.61264575,-0.786309,-0.07989347,0
0.061587334,0.19436669,3.0855579,0.64798582,0.44183624,0.62039912,0
2.9768357,1.8695812,-3.6431036,0.45252571,0.43185478,-0.78020608,0
-3.0294476,-2.4573359,3.3833613,-0.45252571,-0.43185478,0.78020608,0
1.9586177,1.5323541,-4.469348,0.45252571,0.43185478,-0.78020608,0
-0.1815784,1.0631843,0.13234216,-0.61264575,0.786309,0.07989347,0
-1.6205031,-2.7253439,2.8925672,0.61264575,-0.786309,-0.07989347,0
0.083842754,-0.74483103,3.7523949,0.64798582,0.44183624,0.62039912,0
-0.081800699,-0.59476244,-2.6745889,-0.64798582,-0.44183624,-0.62039912,0
3.7642484,2.4984031,-2.7280011,0.45252571,0.43185478,-0.78020608,0
-0.28890365,1.0852433,-1.5299453,-0.61264575,0.786309,0.07989347,0
-0.65876317,-1.6375291,5.0285187,-0.45252571,-0.43185478,0.78020608,0
-1.2810148,0.23167294,-0.77742338,-0.61264575,0.786309,0.07989347,0
-2.4794695,-3.4015903,3.1963139,-0.45252571,-0.43185478,0.78020608,0
-0.64651299,-1.1732543,4.7523375,0.64798582,0.44183624,0.62039912,0
-2.4557438,-0.86157525,1.2413862,-0.61264575,0.786309,0.07989347,0
-0.2434411,-0.081359744,3.5015843,0.64798582,0.44183624,0.62039912,0
1.3185283,2.4629581,-0.67518306,-0.61264575,0.786309,0.07989347,0
2.0406132,3.2030523,-2.4519305,-0.61264575,0.786309,0.07989347,0
-1.1896858,-1.1485307,5.0933743,-0.45252571,-0.43185478,0.78020608,0
1.4081163,1.1966884,-4.9394569,0.45252571,0.43185478,-0.78020608,0
1.3987985,0.807042,-5.1806526,0.45252571,0.43185478,-0.78020608,0
2.6788218,2.4995441,-3.4995546,0.45252571,0.43185478,-0.78020608,0
0.48602092,0.89031553,2.0245576,0.64798582,0.44183624,0.62039912,0
-1.3052105,-1.5247085,4.6799002,-0.45252571,-0.43185478,0.78020608,0
-1.0629132,-2.424089,2.988338,0.61264575,-0.786309,-0.07989347,0
1.8553352,0.44521624,1.1194388,0.64798582,0.44183624,0.62039912,0
-0.72999746,0.90822005,-0.94660354,-0.61264575,0.786309,0.07989347,0
-2.6495085,-1.9335833,3.8570681,-0.45252571,-0.43185478,0.78020608,0
2.7770507,3.4415374,-2.982007,0.45252571,0.43185478,-0.78020608,0
-1.7123413,-0.21155316,0.49178505,-0.61264575,0.786309,0.07989347,0
-0.47573912,1.0621889,-3.5714889,-0.64798582,-0.44183624,-0.62039912,0
0.9850961,-0.53731108,-0.052668482,0.61264575,-0.786309,-0.07989347,0
-3.1424065,-1.6964164,3.5522823,-0.45252571,-0.43185478,0.78020608,0
-3.2523756,-3.3750677,2.7527075,-0.45252571,-0.43185478,0.78020608,0
-2.0384879,-0.91559565,-0.40986502,-0.64798582,-0.44183624,-0.62039912,0
0.083716989,0.58414388,2.6744277,0.64798582,0.44183624,0.62039912,0
3.112776,2.5221283,-1.9693217,0.64798582,0.44183624,0.62039912,0
2.4407415,3.2274313,-1.6711917,-0.61264575,0.786309,0.07989347,0
0.16077983,0.56782126,2.5997729,0.64798582,0.44183624,0.62039912,0
2.5253906,0.80714577,-0.93607187,0.61264575,-0.786309,-0.07989347,0
-1.134779,-2.014492,-0.61111748,-0.64798582,-0.44183624,-0.62039912,0
-0.070631146,0.92351425,1.8466179,-0.61264575,0.786309,0.07989347,0
1.3523159,-0.046352625,-1.1209177,0.61264575,-0.786309,-0.07989347,0
2.9371247,1.2546114,-1.5804541,0.61264575,-0.786309,-0.07989347,0
2.421571,2.8787224,-3.4576812,0.45252571,0.43185478,-0.78020608,0
-0.41364944,-0.39313668,-2.4874988,-0.64798582,-0.44183624,-0.62039912,0
2.313659,3.2207673,-1.7885332,-0.61264575,0.786309,0.07989347,0
1.0040402,-0.32996213,2.2803979,0.64798582,0.44183624,0.62039912,0
2.1335139,2.1903062,-4.0036459,0.45252571,0.43185478,-0.78020608,0
-2.1430001,-1.5764728,0.03064549,-0.64798582,-0.44183624,-0.62039912,0
-0.36392465,1.0343487,0.34133071,-0.61264575,0.786309,0.07989347,0
-2.0036893,-2.1470041,4.1305385,-0.45252571,-0.43185478,0.78020608,0
-1.8658521,-1.0610733,4.8309569,-0.45252571,-0.43185478,0.78020608,0
1.4233488,-0.0042488575,-0.64126009,0.61264575,-0.786309,-0.07989347,0
-1.4081647,-2.3303764,0.31123137,0.61264575,-0.786309,-0.07989347,0
-1.0906296,-2.1571283,0.10553885,0.61264575,-0.786309,-0.07989347,0
0.79504299,2.0777335,-4.7943897,0.45252571,0.43185478,-0.78020608,0
-1.8812525,-2.0440533,0.20811248,-0.64798582,-0.44183624,-0.62039912,0
2.144856,0.80970693,-3.094069,0.61264575,-0.786309,-0.07989347,0
-2.8425684,-1.1986823,3.4956584,-0.61264575,0.786309,0.07989347,0
2.3962083,2.5950847,-3.6977377,0.45252571,0.43185478,-0.78020608,0
-3.544333,-2.0004456,3.2153506,-0.45252571,-0.43185478,0.78020608,0
-1.4628729,-1.2402656,4.8351755,-0.45252571,-0.43185478,0.78020608,0
-1.0669003,-0.11738622,4.283515,0.64798582,0.44183624,0.62039912,0
0.20757571,1.495795,-1.6064942,-0.61264575,0.786309,0.07989347,0
-3.4190822,-2.7212644,2.7927632,-0.45252571,-0.43185478,0.78020608,0
-2.3429451,-2.340306,0.97935843,-0.64798582,-0.44183624,-0.62039912,0
-1.3279225,-0.75973141,-1.2143775,-0.64798582,-0.44183624,-0.62039912,0
-1.3879535,-2.6868343,4.1695962,-0.45252571,-0.43185478,0.78020608,0
2.854691,1.5457656,-0.87378502,0.64798582,0.44183624,0.62039912,0
0.99433857,-0.13992453,-2.3239489,0.61264575,-0.786309,-0.07989347,0
2.0315852,3.1407585,-2.8119988,-0.61264575,0.786309,0.07989347,0
-1.6634554,-1.0318652,4.8458891,-0.45252571,-0.43185478,0.78020608,0
-0.39927292,0.4768734,3.4066956,0.64798582,0.44183624,0.62039912,0
-0.12349117,1.2847545,-1.7772851,-0.61264575,0.786309,0.07989347,0
-3.0131178,-3.5442817,2.6039205,-0.45252571,-0.43185478,0.78020608,0
-0.66292107,0.92637205,-0.9593147,-0.61264575,0.786309,0.07989347,0
3.3989627,1.6617998,-3.3532701,0.61264575,-0.786309,-0.07989347,0
0.38842261,1.6986885,-1.042254,-0.61264575,0.786309,0.07989347,0
-2.0244298,-2.1558089,4.0789661,-0.45252571,-0.43185478,0.78020608,0
-1.3261721,-2.109935,-0.40020311,-0.64798582,-0.44183624,-0.62039912,0
2.9760225,2.8672612,-3.1308932,0.45252571,0.43185478,-0.78020608,0
0.074683338,-1.2227415,1.3263942,0.61264575,-0.786309,-0.07989347,0
0.131531,-0.86750698,-2.5288463,0.61264575,-0.786309,-0.07989347,0
2.5081701,1.9808946,-3.7488766,0.45252571,0.43185478,-0.78020608,0
-1.7877966,-0.5015471,4.5983076,-0.61264575,0.786309,0.07989347,0
1.202414,2.5613813,-4.2639918,0.45252571,0.43185478,-0.78020608,0
3.9307098,2.0881143,-2.4622812,0.64798582,0.44183624,0.62039912,0
-3.777534,-2.5980916,2.7195764,-0.64798582,-0.44183624,-0.62039912,0
3.0371423,1.2300167,-2.0097034,0.61264575,-0.786309,-0.07989347,0
-0.89661217,-0.16912675,4.3863635,0.64798582,0.44183624,0.62039912,0
1.875362,1.1454747,0.34348351,0.64798582,0.44183624,0.62039912,0
2.8809264,2.1280494,-3.5454922,0.45252571,0.43185478,-0.78020608,0
-0.87102127,0.60381973,-2.7525005,-0.64798582,-0.44183624,-0.62039912,0
0.30845666,1.4674301,-4.5401516,-0.64798582,-0.44183624,-0.62039912,0
-1.568918,-2.3672242,4.1682706,-0.45252571,-0.43185478,0.78020608,0
-0.022297144,-0.68417001,3.8648844,0.64798582,0.44183624,0.62039912,0
-0.61136431,0.84125888,-1.2527187,-0.61264575,0.786309,0.07989347,0
0.61387163,-0.7018441,-1.5513952,0.61264575,-0.786309,-0.07989347,0
0.48220444,0.71276128,-4.2483373,-0.64798582,-0.44183624,-0.62039912,0
-3.2713974,-2.5241129,3.0151501,-0.45252571,-0.43185478,0.78020608,0
-1.4991763,-0.95843214,-0.91766834,-0.64798582,-0.44183624,-0.62039912,0
1.9226632,0.2099461,0.8311739,0.61264575,-0.786309,-0.07989347,0
2.4088764,0.80997187,0.074263573,0.64798582,0.44183624,0.62039912,0
2.4609735,3.4879038,-2.516995,-0.61264575,0.786309,0.07989347,0
-2.1723652,-1.6520343,0.08401835,-0.64798582,-0.44183624,-0.62039912,0
3.9782138,2.1947391,-2.8424144,0.45252571,0.43185478,-0.78020608,0
-2.1461792,-0.49977052,0.96687996,-0.61264575,0.786309,0.07989347,0
0.79958117,1.193367,1.4346431,0.64798582,0.44183624,0.62039912,0
-1.8678242,-2.344409,4.1519384,-0.45252571,-0.43185478,0.78020608,0
-1.7391019,-0.3162424,-1.3262563,-0.64798582,-0.44183624,-0.62039912,0
-2.5527351,-3.3071227,3.0947461,-0.45252571,-0.43185478,0.78020608,0
-0.029171705,1.5257107,-2.6193352,-0.61264575,0.786309,0.07989347,0
-0.8527571,-1.7171103,-1.2264926,-0.64798582,-0.44183624,-0.62039912,0
0.4960452,1.7205414,-0.090394735,-0.61264575,0.786309,0.07989347,0
-2.9352882,-0.96176147,0.54328465,-0.61264575,0.786309,0.07989347,0
2.838222,2.0947711,-3.5655451,0.45252571,0.43185478,-0.78020608,0
3.4425435,2.7427866,-2.7882915,0.45252571,0.43185478,-0.78020608,0
-2.9167366,-3.1834648,1.9348412,-0.64798582,-0.44183624,-0.62039912,0
2.5175843,3.5237489,-2.9461536,0.45252571,0.43185478,-0.78020608,0
0.94442797,1.7522336,-4.862915,0.45252571,0.43185478,-0.78020608,0
-3.3422508,-1.6697361,3.643414,-0.45252571,-0.43185478,0.78020608,0
2.35707,3.3854325,-3.0734954,0.45252571,0.43185478,-0.78020608,0
2.9207392,1.6893896,-3.8454223,0.45252571,0.43185478,-0.78020608,0
-1.840382,-2.0488296,4.3210325,-0.45252571,-0.43185478,0.78020608,0
-3.3877931,-1.5936338,1.4006,-0.64798582,-0.44183624,-0.62039912,0
-1.4345272,-2.1730375,4.4767656,-0.45252571,-0.43185478,0.78020608,0
3.4253359,2.2676954,-1.8323689,0.64798582,0.44183624,0.62039912,0
1.1401631,1.0127723,1.4509741,0.64798582,0.44183624,0.62039912,0
1.5933797,0.17960274,-1.5251437,0.61264575,-0.786309,-0.07989347,0
-3.4548535,-2.4776673,2.1508222,-0.64798582,-0.44183624,-0.62039912,0
-1.992453,-2.8699882,3.5538979,-0.45252571,-0.43185478,0.78020608,0
-1.2942142,0.34066841,-2.0469847,-0.64798582,-0.44183624,-0.62039912,0
1.374969,0.22379422,-4.9397869,-0.64798582,-0.44183624,-0.62039912,0
2.4549191,2.6040564,-3.5730267,0.45252571,0.43185478,-0.78020608,0
3.0031071,3.186676,-2.0248065,0.64798582,0.44183624,0.62039912,0
-1.3176148,-2.6818097,4.2532201,-0.45252571,-0.43185478,0.78020608,0
-2.9245141,-1.3418021,2.2297354,-0.61264575,0.786309,0.07989347,0
-2.6099472,-1.3805048,4.0062442,-0.45252571,-0.43185478,0.78020608,0
0.83722061,1.8212469,0.2672472,-0.61264575,0.786309,0.07989347,0
3.1338139,2.1953268,-3.3606009,0.45252571,0.43185478,-0.78020608,0
0.065222979,-1.4962425,4.1986132,0.64798582,0.44183624,0.62039912,0
-3.1563444,-3.3399105,2.6913514,-0.45252571,-0.43185478,0.78020608,0
-1.5173225,-0.84510779,4.9590411,-0.45252571,-0.43185478,0.78020608,0
-3.0385075,-3.3418794,2.7753162,-0.45252571,-0.43185478,0.78020608,0
0.12551808,0.43205106,2.8265381,0.64798582,0.44183624,0.62039912,0
2.4907365,1.0975533,-2.9861383,0.61264575,-0.786309,-0.07989347,0
-1.6066251,-2.6348231,3.9978957,-0.45252571,-0.43185478,0.78020608,0
1.1672614,1.332644,-5.0181971,0.45252571,0.43185478,-0.78020608,0
2.0121431,0.43791378,-0.61675251,0.61264575,-0.786309,-0.07989347,0
0.12671113,0.77129936,2.6455913,0.64798582,0.44183624,0.62039912,0
-1.977586,-1.0086495,4.8167353,-0.45252571,-0.43185478,0.78020608,0
-0.51097584,-0.48739946,-2.3475485,-0.64798582,-0.44183624,-0.62039912,0
0.47507548,1.8421743,-5.0134368,-0.64798582,-0.44183624,-0.62039912,0
-0.42651105,-0.21687007,-2.5208788,-0.64798582,-0.44183624,-0.62039912,0
1.4699779,0.28098583,-4.881989,0.61264575,-0.786309,-0.07989347,0
-1.1018137,-1.1180627,-1.2070608,-0.64798582,-0.44183624,-0.62039912,0
0.1507684,-1.5186416,3.7602828,0.61264575,-0.786309,-0.07989347,0
-0.07576412,-1.3105232,0.91999948,0.61264575,-0.786309,-0.07989347,0
-0.97797722,-1.9783032,0.64571929,0.61264575,-0.786309,-0.07989347,0
0.70674682,0.081977248,-3.9645107,-0.64798582,-0.44183624,-0.62039912,0
0.64446002,-0.93074125,1.6840444,0.61264575,-0.786309,-0.07989347,0
0.63838971,-0.61138356,-1.9487966,0.61264575,-0.786309,-0.07989347,0
3.4827533,2.8397079,-2.852951,0.45252571,0.43185478,-0.78020608,0
2.7887814,2.4618764,-1.5513241,0.64798582,0.44183624,0.62039912,0
-0.52588058,1.1143309,-3.0420244,-0.61264575,0.786309,0.07989347,0
-0.042252064,-1.2554336,-1.6060854,0.61264575,-0.786309,-0.07989347,0
-3.0449986,-2.2047143,3.3168468,-0.45252571,-0.43185478,0.78020608,0
3.0041878,2.4335964,-1.5112762,0.64798582,0.44183624,0.62039912,0
-0.90884459,-0.41005239,-2.0117371,-0.64798582,-0.44183624,-0.62039912,0
0.89948034,1.0081251,-5.0312881,-0.64798582,-0.44183624,-0.62039912,0
3.1317983,1.4317797,-1.084296,0.64798582,0.44183624,0.62039912,0
-3.5707734,-2.6752386,2.4943509,-0.64798582,-0.44183624,-0.62039912,0
-1.3000612,-1.1470284,4.9105158,-0.45252571,-0.43185478,0.78020608,0
-2.6026921,-2.1600008,3.5774746,-0.45252571,-0.43185478,0.78020608,0
1.2662325,1.3865854,-5.0314951,0.45252571,0.43185478,-0.78020608,0
1.1473958,0.093513966,-4.4485154,-0.64798582,-0.44183624,-0.62039912,0
-0.42377901,-2.1262062,4.6887798,0.61264575,-0.786309,-0.07989347,0
1.97067,1.7832519,-4.2470136,0.45252571,0.43185478,-0.78020608,0
2.7334459,2.0178628,-0.96770453,0.64798582,0.44183624,0.62039912,0
3.7006083,2.7668192,-2.8143387,0.45252571,0.43185478,-0.78020608,0
3.2876742,1.5054579,-1.35619,0.64798582,0.44183624,0.62039912,0
0.46611989,-1.2052723,3.369915,0.61264575,-0.786309,-0.07989347,0
0.0012850761,-0.22528076,3.2560503,0.64798582,0.44183624,0.62039912,0
2.3070648,1.7925696,-4.0758057,0.45252571,0.43185478,-0.78020608,0
0.6164422,1.4343789,1.5793284,0.64798582,0.44183624,0.62039912,0
1.775368,0.58002096,0.8646518,0.64798582,0.44183624,0.62039912,0
-3.7236948,-2.0688701,2.197803,-0.64798582,-0.44183624,-0.62039912,0
3.2960734,2.53443,-1.9230866,0.64798582,0.44183624,0.62039912,0
-3.2773085,-2.5131726,3.0829763,-0.45252571,-0.43185478,0.78020608,0
1.9715492,1.9738162,-0.21136522,0.64798582,0.44183624,0.62039912,0
-2.3315227,-3.3439343,3.3172326,-0.45252571,-0.43185478,0.78020608,0
-1.211123,-0.1599679,4.4567771,-0.61264575,0.786309,0.07989347,0
1.6035068,1.4141217,-4.6568446,0.45252571,0.43185478,-0.78020608,0
1.9312363,0.11159217,0.92871141,0.61264575,-0.786309,-0.07989347,0
-1.9869133,-1.3173621,4.6277604,-0.45252571,-0.43185478,0.78020608,0
-1.8561417,-1.3680142,-0.16479099,-0.64798582,-0.44183624,-0.62039912,0
-3.1144152,-3.3234987,2.7805958,-0.45252571,-0.43185478,0.78020608,0
2.0440989,1.6727705,-4.3375115,0.45252571,0.43185478,-0.78020608,0
2.0582011,1.1965361,0.29932499,0.64798582,0.44183624,0.62039912,0
2.2488847,0.98329604,-4.078907,0.61264575,-0.786309,-0.07989347,0
-2.9548497,-3.2568507,3.0146031,-0.45252571,-0.43185478,0.78020608,0
-3.5793478,-1.6709273,2.2185917,-0.61264575,0.786309,0.07989347,0
0.081426233,-1.1782441,0.17453694,0.61264575,-0.786309,-0.07989347,0
2.026082,1.531288,-0.024384141,0.64798582,0.44183624,0.62039912,0
3.0828271,3.4491372,-2.66219,0.45252571,0.43185478,-0.78020608,0
-1.0418346,-1.743654,-0.84214485,-0.64798582,-0.44183624,-0.62039912,0
2.6100452,2.0681849,-3.8402724,0.45252571,0.43185478,-0.78020608,0
0.66537786,1.6915357,-5.1107416,0.45252571,0.43185478,-0.78020608,0
-0.12798965,-1.6726867,3.6790376,0.61264575,-0.786309,-0.07989347,0
-1.5576777,-1.374145,4.8034024,-0.45252571,-0.43185478,0.78020608,0
-0.33767271,-0.12153208,3.7234628,0.64798582,0.44183624,0.62039912,0
-2.532865,-1.211501,4.2421007,-0.45252571,-0.43185478,0.78020608,0
-0.60055012,0.92189139,-1.3744189,-0.61264575,0.786309,0.07989347,0
1.9358381,0.11526686,0.39159101,0.61264575,-0.786309,-0.07989347,0
2.6861188,2.2335753,-3.7374101,0.45252571,0.43185478,-0.78020608,0
-2.1240029,-2.4586868,0.89986539,-0.64798582,-0.44183624,-0.62039912,0
2.6095033,1.60936,-0.64062858,0.64798582,0.44183624,0.62039912,0
-2.0626407,-0.84567606,-0.3888039,-0.64798582,-0.44183624,-0.62039912,0
-1.0665973,-2.194593,4.5310044,-0.45252571,-0.43185478,0.78020608,0
-0.0050573349,-1.4033726,2.0421629,0.61264575,-0.786309,-0.07989347,0
-0.25763226,-1.3234699,-1.9832913,-0.64798582,-0.44183624,-0.62039912,0
1.6212845,0.099172711,-2.2011998,0.61264575,-0.786309,-0.07989347,0
-0.17545605,-1.350915,-1.3823326,0.61264575,-0.786309,-0.07989347,0
-2.7489133,-2.639396,3.4535799,-0.45252571,-0.43185478,0.78020608,0
1.5831833,1.0544391,-5.0250483,0.45252571,0.43185478,-0.78020608,0
3.3736761,1.6693672,-2.8223767,0.61264575,-0.786309,-0.07989347,0
1.1641541,1.8008127,-4.6799989,0.45252571,0.43185478,-0.78020608,0
-2.2725005,-1.0039904,-0.029928923,-0.64798582,-0.44183624,-0.62039912,0
-1.6004939,0.19751775,-0.51274711,-0.61264575,0.786309,0.07989347,0
-1.8764813,-2.6859334,3.8845444,-0.45252571,-0.43185478,0.78020608,0
-2.5895801,-3.0546162,1.8027825,-0.64798582,-0.44183624,-0.62039912,0
1.8381345,1.5622185,-4.4176097,0.45252571,0.43185478,-0.78020608,0
-1.9911437,-1.931011,4.128911,-0.45252571,-0.43185478,0.78020608,0
1.2244396,0.23407269,-4.6271029,0.61264575,-0.786309,-0.07989347,0
-0.89781415,0.55493629,0.13757989,-0.61264575,0.786309,0.07989347,0
1.9965632,1.4750007,0.08551538,0.64798582,0.44183624,0.62039912,0
-2.0793836,-3.2383432,3.4187145,0.61264575,-0.786309,-0.07989347,0
-0.63179779,-2.0551462,4.9541187,-0.45252571,-0.43185478,0.78020608,0
0.6717155,-0.30898955,2.5941629,0.64798582,0.44183624,0.62039912,0
-1.8289587,-2.9612634,3.717669,-0.45252571,-0.43185478,0.78020608,0
-0.53472424,-2.1517873,4.9128695,-0.45252571,-0.43185478,0.78020608,0
2.5153198,2.4028578,-1.0943923,0.64798582,0.44183624,0.62039912,0
-0.5598855,0.52770245,3.3369222,-0.61264575,0.786309,0.07989347,0
-0.12228131,0.22839087,-3.2980556,-0.64798582,-0.44183624,-0.62039912,0
1.1445802,0.52802455,1.7563956,0.64798582,0.44183624,0.62039912,0
-0.032038927,1.2997739,-4.1859889,-0.64798582,-0.44183624,-0.62039912,0
0.61947656,1.9723477,-1.3246214,-0.61264575,0.786309,0.07989347,0
0.46865082,-0.66423798,-3.1211922,0.61264575,-0.786309,-0.07989347,0
0.84630311,1.9861765,0.12250578,-0.61264575,0.786309,0.07989347,0
-0.89151418,0.47242466,-2.702446,-0.64798582,-0.44183624,-0.62039912,0
2.546793,2.8655334,-1.5985775,0.64798582,0.44183624,0.62039912,0
0.069844663,-1.2131647,-0.86614609,0.61264575,-0.786309,-0.07989347,0
-1.4065671,-2.1926861,4.3743477,-0.45252571,-0.43185478,0.78020608,0
-1.2443407,-1.2366498,4.9741235,-0.45252571,-0.43185478,0.78020608,0
0.79728103,1.9151595,-1.2862077,-0.61264575,0.786309,0.07989347,0
1.8324479,1.0396252,-4.7351875,0.45252571,0.43185478,-0.78020608,0
-1.5745951,-2.0729146,4.3596792,-0.45252571,-0.43185478,0.78020608,0
-2.013526,-1.1206843,4.4986882,-0.45252571,-0.43185478,0.78020608,0
0.18024421,1.4513003,-4.4507999,-0.64798582,-0.44183624,-0.62039912,0
-0.97803801,-1.9867694,-0.054955363,0.61264575,-0.786309,-0.07989347,0
-2.9130268,-2.6418853,3.1909332,-0.45252571,-0.43185478,0.78020608,0
-1.8841202,-1.9030986,4.3124275,-0.45252571,-0.43185478,0.78020608,0
-2.0972257,-0.73606586,4.1857634,-0.61264575,0.786309,0.07989347,0
2.1911764,1.7771943,-4.0623159,0.45252571,0.43185478,-0.78020608,0
0.81020367,-1.0009153,3.2211349,0.64798582,0.44183624,0.62039912,0
2.0628328,1.2489247,-4.6020565,0.45252571,0.43185478,-0.78020608,0
1.632374,1.7596185,-4.4421272,0.45252571,0.43185478,-0.78020608,0
1.1292082,2.5804214,-4.2809005,0.45252571,0.43185478,-0.78020608,0
1.921593,2.4084187,-0.56723261,0.64798582,0.44183624,0.62039912,0
-2.2580771,-2.3805084,3.8068604,-0.45252571,-0.43185478,0.78020608,0
1.3554709,-0.04213798,-1.078734,0.61264575,-0.786309,-0.07989347,0
2.6500528,2.4702516,-3.3819795,0.45252571,0.43185478,-0.78020608,0
2.7958822,3.0209656,-3.13306,0.45252571,0.43185478,-0.78020608,0
3.0937712,2.3791251,-3.3277078,0.45252571,0.43185478,-0.78020608,0
-1.5700908,-2.7127295,3.0921345,0.61264575,-0.786309,-0.07989347,0
-3.8082895,-2.8854628,2.6642108,-0.64798582,-0.44183624,-0.62039912,0
-2.1541643,-3.1715705,3.3989315,-0.45252571,-0.43185478,0.78020608,0
1.5554248,2.236979,-4.2301035,0.45252571,0.43185478,-0.78020608,0
-3.4861562,-1.7876769,2.4012394,-0.61264575,0.786309,0.07989347,0
0.24877763,-0.90850425,-1.136656,0.61264575,-0.786309,-0.07989347,0
-0.92529309,-2.4536848,3.9333129,0.61264575,-0.786309,-0.07989347,0
-0.51048255,1.1367394,-3.4462099,-0.64798582,-0.44183624,-0.62039912,0
2.1996233,0.69668615,-2.764991,0.61264575,-0.786309,-0.07989347,0
1.2110691,2.5495877,-4.4028311,0.45252571,0.43185478,-0.78020608,0
-1.5987626,-0.28892076,2.6694117,-0.61264575,0.786309,0.07989347,0
-2.895926,-1.1827734,1.5958962,-0.61264575,0.786309,0.07989347,0
2.446404,1.3496931,-4.2890716,0.45252571,0.43185478,-0.78020608,0
-1.4059553,-2.5959232,1.6952243,0.61264575,-0.786309,-0.07989347,0
-1.1275835,-2.5062413,3.508213,0.61264575,-0.786309,-0.07989347,0
-0.058860064,-1.3674195,1.4166402,0.61264575,-0.786309,-0.07989347,0
-2.8757992,-1.7731233,3.6851149,-0.45252571,-0.43185478,0.78020608,0
1.8233985,2.7550685,-3.7508984,0.45252571,0.43185478,-0.78020608,0
1.2465899,1.7151556,-4.648314,0.45252571,0.43185478,-0.78020608,0
2.6291494,0.79950279,-0.83873796,0.61264575,-0.786309,-0.07989347,0
0.59428483,1.9387984,-1.9852698,-0.61264575,0.786309,0.07989347,0
0.86673319,-0.82204795,2.8693743,0.64798582,0.44183624,0.62039912,0
-0.024478436,-1.2371482,-1.0748008,0.61264575,-0.786309,-0.07989347,0
3.1832371,1.4086615,-1.4780331,0.61264575,-0.786309,-0.07989347,0
2.6388764,1.6676109,-3.9638815,0.45252571,0.43185478,-0.78020608,0
-2.3148966,-1.2080423,4.3868308,-0.45252571,-0.43185478,0.78020608,0
-1.5807487,0.10854024,-0.79586577,-0.61264575,0.786309,0.07989347,0
-1.9689008,-1.4385637,4.5882893,-0.45252571,-0.43185478,0.78020608,0
-1.4373977,-2.7322769,4.1238723,-0.45252571,-0.43185478,0.78020608,0
1.1875904,2.2754507,-1.1037667,-0.61264575,0.786309,0.07989347,0
-0.25562215,-1.2269083,4.2929564,0.64798582,0.44183624,0.62039912,0
1.3587406,2.3662028,-4.3685374,0.45252571,0.43185478,-0.78020608,0
-1.5543616,-0.92351681,-0.85738879,-0.64798582,-0.44183624,-0.62039912,0
-3.2502737,-1.6765096,1.4493015,-0.64798582,-0.44183624,-0.62039912,0
-1.6133001,-0.04873997,-1.4198489,-0.64798582,-0.44183624,-0.62039912,0
3.9392023,2.3972423,-2.7905035,0.45252571,0.43185478,-0.78020608,0
0.77224243,-0.30682588,-3.3172953,0.61264575,-0.786309,-0.07989347,0
1.551307,-0.16606438,0.75380391,0.61264575,-0.786309,-0.07989347,0
0.73201412,-0.51293063,-1.0267155,0.61264575,-0.786309,-0.07989347,0
1.2366872,-0.10432959,-3.13817,0.61264575,-0.786309,-0.07989347,0
-1.527989,-0.20576969,-1.385954,-0.64798582,-0.44183624,-0.62039912,0
1.7939613,2.8934929,-1.868747,-0.61264575,0.786309,0.07989347,0
-2.9741502,-2.7573068,1.9083066,-0.64798582,-0.44183624,-0.62039912,0
1.9912014,2.8099236,-3.6404033,0.45252571,0.43185478,-0.78020608,0
1.2784643,1.4844918,-4.8241181,0.45252571,0.43185478,-0.78020608,0
2.9648685,2.409802,-3.2477064,0.45252571,0.43185478,-0.78020608,0
-0.83254457,-2.3002281,4.7064056,-0.45252571,-0.43185478,0.78020608,0
1.6081409,0.67090225,-5.0337458,0.45252571,0.43185478,-0.78020608,0
0.44476128,-0.31985915,-3.584096,-0.64798582,-0.44183624,-0.62039912,0
-2.8454542,-3.4093835,2.8125434,-0.45252571,-0.43185478,0.78020608,0
-1.6290025,0.063040316,-0.52590036,-0.61264575,0.786309,0.07989347,0
2.4561036,0.88858128,-2.5508149,0.61264575,-0.786309,-0.07989347,0
3.2047148,2.2197371,-3.33113,0.45252571,0.43185478,-0.78020608,0
0.36158276,1.1953282,1.8538661,0.64798582,0.44183624,0.62039912,0
-2.0017157,-0.60650539,3.2403214,-0.61264575,0.786309,0.07989347,0
0.52538168,1.670922,-0.12495518,-0.61264575,0.786309,0.07989347,0
2.540416,1.9618263,-3.7767806,0.45252571,0.43185478,-0.78020608,0
2.881104,1.3255763,-3.7309523,0.61264575,-0.786309,-0.07989347,0
-2.3218746,-3.0345361,1.2743909,-0.64798582,-0.44183624,-0.62039912,0
-1.0531894,-2.4771075,4.4419737,-0.45252571,-0.43185478,0.78020608,0
-1.7796226,-1.0809624,4.7110753,-0.45252571,-0.43185478,0.78020608,0
-0.077608943,-1.4767871,1.7674084,0.61264575,-0.786309,-0.07989347,0
2.7728581,3.2612951,-3.0811539,0.45252571,0.43185478,-0.78020608,0
2.7612734,1.3305507,-0.54678249,0.64798582,0.44183624,0.62039912,0
0.80359256,0.65903467,1.7700444,0.64798582,0.44183624,0.62039912,0
-0.36715484,-0.38471496,-2.5142262,-0.64798582,-0.44183624,-0.62039912,0
-0.97013175,-2.5572305,4.4706726,-0.45252571,-0.43185478,0.78020608,0
-0.17717695,-0.51154095,3.814924,0.64798582,0.44183624,0.62039912,0
-3.0780478,-2.2714028,1.5079572,-0.64798582,-0.44183624,-0.62039912,0
1.5096203,2.0276933,0.13117635,0.64798582,0.44183624,0.62039912,0
-0.54250824,-2.0281749,3.564568,0.61264575,-0.786309,-0.07989347,0
-0.83306122,-2.3792789,4.4505978,0.61264575,-0.786309,-0.07989347,0
-0.91786814,-1.7023919,-1.0025781,-0.64798582,-0.44183624,-0.62039912,0
2.0055993,2.9782312,-1.1302993,0.64798582,0.44183624,0.62039912,0
-3.8539729,-2.2546158,2.9663196,-0.45252571,-0.43185478,0.78020608,0
-0.74556208,-0.88620323,4.6444216,0.64798582,0.44183624,0.62039912,0
1.7898083,2.4004602,-4.1160865,0.45252571,0.43185478,-0.78020608,0
-0.93473709,0.78261864,-2.7767808,-0.61264575,0.786309,0.07989347,0
2.2486434,2.6316147,-3.6448169,0.45252571,0.43185478,-0.78020608,0
0.99207681,1.8403347,0.83259702,-0.61264575,0.786309,0.07989347,0
-1.4531121,-0.069135904,0.9926126,-0.61264575,0.786309,0.07989347,0
2.2784367,3.3540356,-3.2006583,-0.61264575,0.786309,0.07989347,0
-2.4641426,-2.4701965,3.6850719,-0.45252571,-0.43185478,0.78020608,0
0.61554128,1.9044228,-2.4981506,-0.61264575,0.786309,0.07989347,0
1.7437639,1.8271708,-4.3682232,0.45252571,0.43185478,-0.78020608,0
3.0145774,2.1058016,-1.2746077,0.64798582,0.44183624,0.62039912,0
0.35620201,1.403971,1.3203242,-0.61264575,0.786309,0.07989347,0
-0.91404939,-1.683053,-1.0259507,-0.64798582,-0.44183624,-0.62039912,0
-0.79952896,-0.30644673,-2.1192517,-0.64798582,-0.44183624,-0.62039912,0
-0.12776685,0.77510697,-3.6143985,-0.64798582,-0.44183624,-0.62039912,0
-2.1303697,-2.2220237,0.69341135,-0.64798582,-0.44183624,-0.62039912,0
1.7174129,1.2049541,-4.6831365,0.45252571,0.43185478,-0.78020608,0
-2.1301653,-2.6625719,0.92784381,-0.64798582,-0.44183624,-0.62039912,0
0.36045301,1.9601095,-2.7770736,-0.61264575,0.786309,0.07989347,0
-2.3034019,-0.63677216,0.57011974,-0.61264575,0.786309,0.07989347,0
-0.67507219,-2.2075329,3.8385458,0.61264575,-0.786309,-0.07989347,0
0.35255349,2.0327268,-4.115108,-0.61264575,0.786309,0.07989347,0
1.3426476,1.2012707,0.98947048,0.64798582,0.44183624,0.62039912,0
1.0676484,0.0790255,2.1156406,0.64798582,0.44183624,0.62039912,0
-3.3582425,-3.058753,2.8319707,-0.45252571,-0.43185478,0.78020608,0
1.9874407,0.7430439,-4.8611736,0.45252571,0.43185478,-0.78020608,0
0.61939645,-0.42067158,-2.9195704,0.61264575,-0.786309,-0.07989347,0
2.1330435,2.5961809,-3.6738858,0.45252571,0.43185478,-0.78020608,0
0.48211932,2.0624406,-4.9021659,0.45252571,0.43185478,-0.78020608,0
-2.0109065,-0.46498001,1.8940427,-0.61264575,0.786309,0.07989347,0
-1.0352279,0.2130686,3.0481484,-0.61264575,0.786309,0.07989347,0
-2.7092495,-1.1875188,3.2889366,-0.61264575,0.786309,0.07989347,0
2.7200294,2.6202593,-1.4856658,0.64798582,0.44183624,0.62039912,0
-2.5408659,-3.5743999,2.3932004,0.61264575,-0.786309,-0.07989347,0
-2.20327,-3.0759776,1.1663804,-0.64798582,-0.44183624,-0.62039912,0
-1.6459551,-1.4858981,-0.45813185,-0.64798582,-0.44183624,-0.62039912,0
0.50750232,1.9443474,-5.0834517,0.45252571,0.43185478,-0.78020608,0
-3.4914601,-2.8296816,2.4843655,-0.64798582,-0.44183624,-0.62039912,0
2.6420579,1.7618582,-0.73001838,0.64798582,0.44183624,0.62039912,0
1.9256563,1.8238709,-4.2042756,0.45252571,0.43185478,-0.78020608,0
0.3465476,-0.038906813,-3.5224819,-0.64798582,-0.44183624,-0.62039912,0
2.4258292,2.7834353,-3.4732356,0.45252571,0.43185478,-0.78020608,0
1.2762542,0.36269879,-4.9445701,-0.64798582,-0.44183624,-0.62039912,0
1.0740755,1.295473,1.1952087,0.64798582,0.44183624,0.62039912,0
-2.8755646,-1.9153899,3.599206,-0.45252571,-0.43185478,0.78020608,0
0.44868279,-0.84017622,-1.6325843,0.61264575,-0.786309,-0.07989347,0
-0.31979847,-1.3924347,-1.2797387,0.61264575,-0.786309,-0.07989347,0
0.15642478,1.4029706,-0.54355812,-0.61264575,0.786309,0.07989347,0
-1.1179153,0.46187758,0.5801096,-0.61264575,0.786309,0.07989347,0
-0.51748157,1.0553211,-2.5726981,-0.61264575,0.786309,0.07989347,0
3.1990469,1.7942419,-3.6294661,0.45252571,0.43185478,-0.78020608,0
0.35204065,1.9056319,-3.5606439,-0.61264575,0.786309,0.07989347,0
2.2423844,0.9986167,-4.1649981,0.61264575,-0.786309,-0.07989347,0
-0.5298804,-2.1216478,3.4056654,0.61264575,-0.786309,-0.07989347,0
-0.59911227,0.59719813,2.704916,-0.61264575,0.786309,0.07989347,0
-2.3406699,-2.6905658,3.6869283,-0.45252571,-0.43185478,0.78020608,0
0.49070024,-0.62972838,3.1343527,0.64798582,0.44183624,0.62039912,0
-2.0967693,-0.64509404,3.8173916,-0.61264575,0.786309,0.07989347,0
3.3777177,1.8474579,-3.4988246,0.45252571,0.43185478,-0.78020608,0
0.61002433,-0.48483407,-2.4424143,0.61264575,-0.786309,-0.07989347,0
-2.4941108,-0.82109874,0.58914328,-0.61264575,0.786309,0.07989347,0
-1.1863309,-2.5014169,2.2108586,0.61264575,-0.786309,-0.07989347,0
-0.14890552,-0.11216938,-2.8559451,-0.64798582,-0.44183624,-0.62039912,0
-1.5475348,-1.6443102,4.6645217,-0.45252571,-0.43185478,0.78020608,0
-3.5800686,-2.6893687,2.8066478,-0.45252571,-0.43185478,0.78020608,0
-0.6326412,0.61351562,-2.9266429,-0.64798582,-0.44183624,-0.62039912,0
1.2331784,0.68183339,-5.0486236,-0.64798582,-0.44183624,-0.62039912,0
2.588562,2.57706,-3.5599575,0.45252571,0.43185478,-0.78020608,0
2.9506793,2.2909868,-3.553072,0.45252571,0.43185478,-0.78020608,0
-2.9339349,-1.4077511,4.0313811,-0.45252571,-0.43185478,0.78020608,0
-2.6734891,-1.9200728,0.90098381,-0.64798582,-0.44183624,-0.62039912,0
-2.0423152,-3.1489565,3.4022307,-0.45252571,-0.43185478,0.78020608,0
-2.0092802,-0.11251354,-0.85903263,-0.61264575,0.786309,0.07989347,0
-0.76554918,1.0158383,-3.0673778,-0.61264575,0.786309,0.07989347,0
0.28261137,2.0727985,-4.9611793,-0.64798582,-0.44183624,-0.62039912,0
-1.805712,-1.5723429,4.4683709,-0.45252571,-0.43185478,0.78020608,0
1.2545466,0.28367937,-4.4540453,0.61264575,-0.786309,-0.07989347,0
-1.4306351,-1.9895813,4.4109149,-0.45252571,-0.43185478,0.78020608,0
1.4019883,2.5015857,-1.1527555,-0.61264575,0.786309,0.07989347,0
0.37387145,-1.3835121,3.7459626,0.61264575,-0.786309,-0.07989347,0
2.0847945,1.094505,-4.4681888,0.45252571,0.43185478,-0.78020608,0
-3.2469659,-1.7986765,3.6366301,-0.45252571,-0.43185478,0.78020608,0
-2.3257744,-3.0116763,3.3392744,-0.45252571,-0.43185478,0.78020608,0
-1.4827839,0.32248437,-1.4279568,-0.61264575,0.786309,0.07989347,0
3.7051606,1.8771925,-2.6128817,0.61264575,-0.786309,-0.07989347,0
-0.15613413,1.5741078,-3.3183408,-0.61264575,0.786309,0.07989347,0
1.1807685,0.03626658,2.0663586,0.64798582,0.44183624,0.62039912,0
-0.58407807,-0.67917496,4.388648,0.64798582,0.44183624,0.62039912,0
0.58133841,0.19636738,-3.8167956,-0.64798582,-0.44183624,-0.62039912,0
-1.8713522,-2.9766352,3.6726432,-0.45252571,-0.43185478,0.78020608,0
2.3177788,0.9273389,0.067370415,0.64798582,0.44183624,0.62039912,0
-1.1795111,-0.13931035,-1.8264079,-0.64798582,-0.44183624,-0.62039912,0
-2.5632582,-0.84181702,0.086137176,-0.64798582,-0.44183624,-0.62039912,0
-2.9894674,-1.4815558,0.85670853,-0.64798582,-0.44183624,-0.62039912,0
1.4269223,1.1354576,-4.9943399,0.45252571,0.43185478,-0.78020608,0
2.0543737,1.9602113,-4.0203643,0.45252571,0.43185478,-0.78020608,0
-1.1765083,-2.2207365,-0.22856534,0.61264575,-0.786309,-0.07989347,0
-3.0097613,-2.7713146,3.1938953,-0.45252571,-0.43185478,0.78020608,0
-2.035769,-0.70623809,-0.49074757,-0.64798582,-0.44183624,-0.62039912,0
-1.5035125,-2.1204612,4.326293,-0.45252571,-0.43185478,0.78020608,0
-1.9967974,-0.87448394,4.6979866,-0.45252571,-0.43185478,0.78020608,0
2.470201,2.1549749,-0.96105456,0.64798582,0.44183624,0.62039912,0
1.5782248,2.6674521,-0.47234106,-0.61264575,0.786309,0.07989347,0
1.9965073,0.45173955,-1.502702,0.61264575,-0.786309,-0.07989347,0
2.5879893,2.2597499,-1.2008264,0.64798582,0.44183624,0.62039912,0
-2.0553756,-2.1613398,3.940661,-0.45252571,-0.43185478,0.78020608,0
-2.1658859,-0.55918777,1.242938,-0.61264575,0.786309,0.07989347,0
1.9439433,1.7993882,-4.3066573,0.45252571,0.43185478,-0.78020608,0
-3.0631645,-1.4935141,1.1737494,-0.64798582,-0.44183624,-0.62039912,0
-0.80108505,-2.2711418,3.1026349,0.61264575,-0.786309,-0.07989347,0
2.0610037,0.61359406,-2.4909353,0.61264575,-0.786309,-0.07989347,0
0.53091598,1.470489,1.5537112,0.64798582,0.44183624,0.62039912,0
-2.7023182,-2.2788162,3.4516797,-0.45252571,-0.43185478,0.78020608,0
-3.2072763,-1.3287323,2.0426171,-0.61264575,0.786309,0.07989347,0
-2.7495041,-3.3488674,2.9482341,-0.45252571,-0.43185478,0.78020608,0
-2.5945773,-1.4349952,4.1163197,-0.45252571,-0.43185478,0.78020608,0
1.6746602,0.56189919,1.1515516,0.64798582,0.44183624,0.62039912,0
0.79472721,-0.69983619,2.783725,0.64798582,0.44183624,0.62039912,0
-2.8673103,-2.4309647,3.3930979,-0.45252571,-0.43185478,0.78020608,0
0.74670672,-0.45600104,-1.7160909,0.61264575,-0.786309,-0.07989347,0
2.0375409,2.7544782,-3.8212004,0.45252571,0.43185478,-0.78020608,0
3.5910563,2.4415493,-3.0587826,0.45252571,0.43185478,-0.78020608,0
-2.3466487,-2.8502285,3.5783443,-0.45252571,-0.43185478,0.78020608,0
2.6683879,2.8525391,-3.3757539,0.45252571,0.43185478,-0.78020608,0
-2.5509048,-1.6762114,4.0156388,-0.45252571,-0.43185478,0.78020608,0
2.294466,3.2786121,-2.7885566,-0.61264575,0.786309,0.07989347,0
1.2781972,1.7849014,-4.5515456,0.45252571,0.43185478,-0.78020608,0
0.11706853,1.1597971,2.1663368,0.64798582,0.44183624,0.62039912,0
0.37956476,1.6030194,-0.48848534,-0.61264575,0.786309,0.07989347,0
-1.482816,-0.75723636,5.2395215,-0.45252571,-0.43185478,0.78020608,0
-1.2774396,-2.3573864,4.3355975,-0.45252571,-0.43185478,0.78020608,0
0.55360776,1.8454254,-2.6213379,-0.61264575,0.786309,0.07989347,0
2.5184407,1.2006338,-4.1969094,0.45252571,0.43185478,-0.78020608,0
3.4524934,2.2182519,-3.1463284,0.45252571,0.43185478,-0.78020608,0
3.1438718,3.0904765,-2.8508849,0.45252571,0.43185478,-0.78020608,0
-0.0853405,-0.95058727,4.0492229,0.64798582,0.44183624,0.62039912,0
-3.2032812,-1.8939569,3.5998979,-0.45252571,-0.43185478,0.78020608,0
-0.72352487,0.64034241,-0.12809226,-0.61264575,0.786309,0.07989347,0
0.09764421,1.8111966,-3.5377736,-0.61264575,0.786309,0.07989347,0
2.3453498,3.0311844,-3.428802,0.45252571,0.43185478,-0.78020608,0
1.5028926,1.7878282,-4.4500632,0.45252571,0.43185478,-0.78020608,0
-0.23749405,-1.3512734,-0.60924059,0.61264575,-0.786309,-0.07989347,0
1.571995,2.2936463,-4.1187463,0.45252571,0.43185478,-0.78020608,0
-0.6471988,-1.9888856,2.1568389,0.61264575,-0.786309,-0.07989347,0
3.8317699,2.4199343,-2.6271734,0.64798582,0.44183624,0.62039912,0
2.3131797,1.3653908,-0.2519356,0.64798582,0.44183624,0.62039912,0
0.87145591,0.060561538,-4.0733933,-0.64798582,-0.44183624,-0.62039912,0
-1.3093462,-0.14946219,-1.6106236,-0.64798582,-0.44183624,-0.62039912,0
1.1016543,0.14504406,1.8822989,0.64798582,0.44183624,0.62039912,0
1.0379366,-0.23905134,-2.0420623,0.61264575,-0.786309,-0.07989347,0
2.7502346,2.8860366,-1.6644955,0.64798582,0.44183624,0.62039912,0
2.070519,0.32077748,-0.23487937,0.61264575,-0.786309,-0.07989347,0
1.4534023,0.17187369,-2.5088828,0.61264575,-0.786309,-0.07989347,0
-2.0418181,-1.0035194,-0.48429143,-0.64798582,-0.44183624,-0.62039912,0
-3.5910802,-1.8870466,1.9495378,-0.64798582,-0.44183624,-0.62039912,0
-1.8349198,-2.5385921,3.986445,-0.45252571,-0.43185478,0.78020608,0
-2.9346159,-1.8156074,3.613266,-0.45252571,-0.43185478,0.78020608,0
0.094280124,-1.5669336,3.1515508,0.61264575,-0.786309,-0.07989347,0
2.4732966,1.6501651,-4.0022621,0.45252571,0.43185478,-0.78020608,0
-2.0221558,-1.5487251,4.2736006,-0.45252571,-0.43185478,0.78020608,0
-1.7239368,-0.90371656,-0.65195173,-0.64798582,-0.44183624,-0.62039912,0
1.2093096,0.69065666,-5.017282,-0.64798582,-0.44183624,-0.62039912,0
-1.6875546,-2.3478298,0.18379188,-0.64798582,-0.44183624,-0.62039912,0
1.4056416,0.31080189,1.58017,0.64798582,0.44183624,0.62039912,0
-1.11071,-1.9458119,4.7772355,-0.45252571,-0.43185478,0.78020608,0
-2.2372816,-2.1788573,3.8386731,-0.45252571,-0.43185478,0.78020608,0
-1.8664322,-2.2395384,4.0407152,-0.45252571,-0.43185478,0.78020608,0
1.6132593,1.4894173,-4.5370321,0.45252571,0.43185478,-0.78020608,0
2.5785065,1.6857928,-3.9121141,0.45252571,0.43185478,-0.78020608,0
-2.4244547,-3.3093388,1.9595413,0.61264575,-0.786309,-0.07989347,0
0.83692479,1.3916684,-4.9530129,-0.64798582,-0.44183624,-0.62039912,0
-2.4769657,-3.3775973,2.9892712,-0.45252571,-0.43185478,0.78020608,0
3.1180034,3.5131109,-2.7212873,0.45252571,0.43185478,-0.78020608,0
0.61177278,-0.73157096,3.0802314,0.64798582,0.44183624,0.62039912,0
2.9652338,2.8536074,-3.1761808,0.45252571,0.43185478,-0.78020608,0
1.6450768,2.4559374,-4.0314851,0.45252571,0.43185478,-0.78020608,0
-3.5330231,-2.8575435,2.7029099,-0.45252571,-0.43185478,0.78020608,0
-0.32880902,0.59358048,-3.2529109,-0.64798582,-0.44183624,-0.62039912,0
2.1686273,1.9027948,-4.1851277,0.45252571,0.43185478,-0.78020608,0
1.8570184,1.5434626,0.19495165,0.64798582,0.44183624,0.62039912,0
1.7365742,2.7307441,-3.8741174,0.45252571,0.43185478,-0.78020608,0
0.045727611,-1.3039107,-0.33315283,0.61264575,-0.786309,-0.07989347,0
-1.6817586,-2.806582,3.2868524,0.61264575,-0.786309,-0.07989347,0
-2.6400177,-1.730114,4.0298953,-0.45252571,-0.43185478,0.78020608,0
0.17718673,-1.07429,-1.2197216,0.61264575,-0.786309,-0.07989347,0
-0.31015635,0.59065473,3.0381353,0.64798582,0.44183624,0.62039912,0
1.4717863,2.0659571,-4.3367691,0.45252571,0.43185478,-0.78020608,0
1.936354,1.4596874,0.30434537,0.64798582,0.44183624,0.62039912,0
0.060937166,-0.98513377,3.7099473,0.64798582,0.44183624,0.62039912,0
0.93910694,-0.39644128,-0.23963866,0.61264575,-0.786309,-0.07989347,0
-2.1240165,-0.39517033,0.39791179,-0.61264575,0.786309,0.07989347,0
-3.0962303,-1.3011261,1.0951147,-0.64798582,-0.44183624,-0.62039912,0
