-2.0120544,0.94757259,-1.2885822,0.22853924,0.65308416,-0.72197723,0
2.1228082,-1.2161864,-0.0734182,0.54139924,-0.70160991,-0.46328235,0
2.1058893,-0.92114216,-0.47537091,0.54139924,-0.70160991,-0.46328235,0
-1.367645,0.099194825,0.97960621,-0.22853924,-0.65308416,0.72197723,0
2.4476466,1.4448967,2.2373013,0.80910861,0.28499973,0.51392472,0
-3.1585538,-0.66536766,-1.4888923,-0.80910861,-0.28499973,-0.51392472,0
0.63071644,2.2429919,1.558516,-0.54139924,0.70160991,0.46328235,0
-1.6682856,1.4708043,0.32382917,-0.54139924,0.70160991,0.46328235,0
-3.643033,0.041171551,-1.1948063,-0.80910861,-0.28499973,-0.51392472,0
3.7760692,-0.063332587,0.16628885,0.54139924,-0.70160991,-0.46328235,0
2.8762317,1.7352916,1.4905906,0.80910861,0.28499973,0.51392472,0
2.3859019,-0.022295773,-0.60991359,0.22853924,0.65308416,-0.72197723,0
-2.9570301,-0.72865754,-1.6738043,-0.80910861,-0.28499973,-0.51392472,0
-3.2986913,-0.43714666,-1.5365241,-0.80910861,-0.28499973,-0.51392472,0
3.0186224,0.85650569,0.28487659,0.22853924,0.65308416,-0.72197723,0
-1.8056095,0.12190777,0.91781998,-0.22853924,-0.65308416,0.72197723,0
2.3789675,1.795015,0.99345469,0.22853924,0.65308416,-0.72197723,0
3.7893763,0.39610669,0.59137869,0.80910861,0.28499973,0.51392472,0
-3.8629723,-0.47959408,-0.49423265,-0.80910861,-0.28499973,-0.51392472,0
-3.0873804,-0.39646101,-1.7635541,-0.80910861,-0.28499973,-0.51392472,0
-1.6371461,1.0918036,-0.87407649,0.22853924,0.65308416,-0.72197723,0
-3.5922477,-0.12307239,-0.92326951,-0.80910861,-0.28499973,-0.51392472,0
-3.9441373,0.028704613,-0.17850423,-0.54139924,0.70160991,0.46328235,0
-1.3467636,-1.7528983,-3.2809963,0.54139924,-0.70160991,-0.46328235,0
2.6961405,1.8222691,1.7040071,0.80910861,0.28499973,0.51392472,0
-1.7409188,-2.1246233,-3.0768673,-0.80910861,-0.28499973,-0.51392472,0
2.6079822,2.0919604,1.7147179,0.80910861,0.28499973,0.51392472,0
-1.5154835,-2.4904861,-2.3608558,0.54139924,-0.70160991,-0.46328235,0
2.8197267,1.3478667,1.5839183,0.80910861,0.28499973,0.51392472,0
-3.5411344,0.80117822,-1.0036175,-0.54139924,0.70160991,0.46328235,0
-2.0954573,-1.9436252,-2.446152,-0.80910861,-0.28499973,-0.51392472,0
-2.6651237,-1.7271875,-1.6196663,-0.80910861,-0.28499973,-0.51392472,0
3.7500761,0.6752553,0.43055749,0.80910861,0.28499973,0.51392472,0
2.5755363,0.25724745,-0.41196132,0.22853924,0.65308416,-0.72197723,0
-2.9818327,-0.92693216,-1.5243058,-0.80910861,-0.28499973,-0.51392472,0
-2.8868775,-0.23555565,-2.2276301,-0.80910861,-0.28499973,-0.51392472,0
2.1545827,2.2372591,2.1718237,0.80910861,0.28499973,0.51392472,0
-3.455286,0.13318169,-1.5402646,-0.80910861,-0.28499973,-0.51392472,0
-2.9819448,-0.9814471,-1.6962612,-0.80910861,-0.28499973,-0.51392472,0
-3.044184,-0.19690752,-1.7729282,-0.80910861,-0.28499973,-0.51392472,0
2.0336614,1.8135852,2.4571004,0.80910861,0.28499973,0.51392472,0
1.5456913,1.5962213,3.3375354,-0.22853924,-0.65308416,0.72197723,0
2.1183681,-0.95325184,-0.23781008,0.54139924,-0.70160991,-0.46328235,0
-3.4759588,-0.39241704,-0.19577837,-0.22853924,-0.65308416,0.72197723,0
0.32664946,0.4058131,1.7303096,-0.22853924,-0.65308416,0.72197723,0
-1.5559828,-1.8481388,-3.2453024,0.54139924,-0.70160991,-0.46328235,0
-0.30342072,0.19258404,1.4785353,-0.22853924,-0.65308416,0.72197723,0
-0.86770284,1.6207155,0.78660291,-0.54139924,0.70160991,0.46328235,0
1.73586,2.6009355,2.6071203,-0.54139924,0.70160991,0.46328235,0
2.2109137,-0.55759418,-0.82036412,0.54139924,-0.70160991,-0.46328235,0
-0.60355175,-0.34154415,0.93393874,-0.22853924,-0.65308416,0.72197723,0
2.7894001,-0.82053244,1.3940923,-0.22853924,-0.65308416,0.72197723,0
2.6255567,1.9824501,1.3776128,0.22853924,0.65308416,-0.72197723,0
-3.1390676,-0.2269766,0.089846373,-0.22853924,-0.65308416,0.72197723,0
-2.6145082,-0.39426869,0.20783257,-0.22853924,-0.65308416,0.72197723,0
-1.0952479,-2.4152112,-1.9516394,0.54139924,-0.70160991,-0.46328235,0
-3.1305022,-0.31302392,-1.6721835,-0.80910861,-0.28499973,-0.51392472,0
-2.4766636,1.4243098,-0.57933605,-0.54139924,0.70160991,0.46328235,0
-1.1011914,-2.4491377,-1.8951168,0.54139924,-0.70160991,-0.46328235,0
2.7954578,-0.66246217,-0.25939023,0.54139924,-0.70160991,-0.46328235,0
3.8266244,-0.059805751,0.91868401,0.80910861,0.28499973,0.51392472,0
-1.6927665,0.88597095,1.098593,-0.54139924,0.70160991,0.46328235,0
-3.1942668,-1.2940373,-1.0148575,-0.80910861,-0.28499973,-0.51392472,0
-3.2689118,0.47401237,-1.7398682,-0.80910861,-0.28499973,-0.51392472,0
3.781775,0.19062978,0.87157416,0.80910861,0.28499973,0.51392472,0
-3.0061851,-0.10584259,-2.0492399,-0.80910861,-0.28499973,-0.51392472,0
0.87860554,0.62960905,-0.44466567,0.22853924,0.65308416,-0.72197723,0
2.3862994,1.4225621,0.77981639,0.22853924,0.65308416,-0.72197723,0
-2.9463274,1.1964718,-0.92196453,-0.54139924,0.70160991,0.46328235,0
-0.62425494,1.6957443,0.90504253,-0.54139924,0.70160991,0.46328235,0
-2.4390709,-1.735534,-1.9526541,-0.80910861,-0.28499973,-0.51392472,0
-1.3313892,-1.3415165,-3.0934556,0.22853924,0.65308416,-0.72197723,0
2.6739864,1.7424017,1.7458236,0.80910861,0.28499973,0.51392472,0
3.4178474,0.5500595,1.0957153,0.80910861,0.28499973,0.51392472,0
3.0398285,-0.042811632,2.0260589,0.80910861,0.28499973,0.51392472,0
1.2745101,1.3692682,0.25262403,0.22853924,0.65308416,-0.72197723,0
-0.56716615,0.53635472,1.6044567,-0.22853924,-0.65308416,0.72197723,0
-1.6037723,-1.5883049,-3.2532282,0.22853924,0.65308416,-0.72197723,0
2.5422566,2.1696219,1.6817031,0.80910861,0.28499973,0.51392472,0
-3.8953743,0.24921942,-0.70540404,-0.54139924,0.70160991,0.46328235,0
-2.7484035,-1.8352265,-1.4049959,-0.80910861,-0.28499973,-0.51392472,0
0.22949398,-1.0756928,0.43200064,-0.22853924,-0.65308416,0.72197723,0
-1.7568986,1.0078659,0.90693516,-0.54139924,0.70160991,0.46328235,0
0.34187341,-1.4062967,-1.8087262,0.54139924,-0.70160991,-0.46328235,0
-2.6997926,-0.88283461,-0.39741945,-0.22853924,-0.65308416,0.72197723,0
-0.15579858,0.088754058,1.5146836,-0.22853924,-0.65308416,0.72197723,0
-1.6890261,-1.5382122,-3.2399697,-0.80910861,-0.28499973,-0.51392472,0
2.9346495,1.6985166,1.2702029,0.80910861,0.28499973,0.51392472,0
1.731052,2.0866175,3.0384879,0.80910861,0.28499973,0.51392472,0
-0.12872261,0.82403183,-0.74391818,0.22853924,0.65308416,-0.72197723,0
2.7705102,0.26754236,2.2112179,0.80910861,0.28499973,0.51392472,0
0.4173286,-1.1986902,-1.8248067,0.54139924,-0.70160991,-0.46328235,0
3.6967282,0.20665753,1.0668731,0.80910861,0.28499973,0.51392472,0
3.5864947,-0.8401407,1.0916986,0.54139924,-0.70160991,-0.46328235,0
2.5663872,0.16957521,2.2166531,-0.22853924,-0.65308416,0.72197723,0
-3.5203576,-0.91891479,-0.79424906,-0.80910861,-0.28499973,-0.51392472,0
-3.0023417,0.23256472,0.60033512,-0.54139924,0.70160991,0.46328235,0
2.3967566,0.72114468,2.4687839,0.80910861,0.28499973,0.51392472,0
-2.0295615,0.71476746,0.81133467,-0.54139924,0.70160991,0.46328235,0
-3.1789651,0.077631235,-1.7364538,-0.80910861,-0.28499973,-0.51392472,0
1.2131331,-1.4411867,-0.69730228,0.54139924,-0.70160991,-0.46328235,0
3.9771304,-0.02385819,0.63357377,0.80910861,0.28499973,0.51392472,0
-3.4750409,-0.68127525,-1.0029323,-0.80910861,-0.28499973,-0.51392472,0
-0.56236076,1.7808743,1.0600359,-0.54139924,0.70160991,0.46328235,0
2.416971,2.223208,1.6767669,0.80910861,0.28499973,0.51392472,0
0.31663263,2.0020783,0.54534066,0.22853924,0.65308416,-0.72197723,0
-0.66007441,-0.070092797,-1.665458,0.22853924,0.65308416,-0.72197723,0
2.2777991,2.0383534,1.0490046,0.22853924,0.65308416,-0.72197723,0
3.2786412,0.74526209,1.2981067,0.80910861,0.28499973,0.51392472,0
3.5571899,-0.12123632,1.4192686,0.80910861,0.28499973,0.51392472,0
2.5913334,-0.54642034,-0.48527241,0.54139924,-0.70160991,-0.46328235,0
-0.60253608,1.7929993,0.68621695,-0.54139924,0.70160991,0.46328235,0
1.4051592,-0.13070035,1.5853876,-0.22853924,-0.65308416,0.72197723,0
-2.9601283,0.71062732,-1.6161017,0.22853924,0.65308416,-0.72197723,0
0.071612954,-1.2266399,-2.1627438,0.54139924,-0.70160991,-0.46328235,0
-2.4354641,-2.3389907,-1.8459249,-0.80910861,-0.28499973,-0.51392472,0
2.5515208,0.88525158,0.26267338,0.22853924,0.65308416,-0.72197723,0
2.8278008,1.3437227,1.6527541,0.80910861,0.28499973,0.51392472,0
0.91580182,-1.0065503,-1.9236456,0.54139924,-0.70160991,-0.46328235,0
-2.7885985,-1.0295891,-2.040838,-0.80910861,-0.28499973,-0.51392472,0
-1.4534953,-1.6231921,-0.66017437,-0.22853924,-0.65308416,0.72197723,0
2.1825144,1.2016722,2.7302299,0.80910861,0.28499973,0.51392472,0
-3.0066485,-1.372771,-1.1950107,-0.80910861,-0.28499973,-0.51392472,0
0.38777828,2.2024798,1.524179,-0.54139924,0.70160991,0.46328235,0
-1.2139411,-1.6792814,-2.983623,0.54139924,-0.70160991,-0.46328235,0
2.3460641,-0.81566,1.4787892,-0.22853924,-0.65308416,0.72197723,0
-2.1865926,-1.9516445,-2.2693665,-0.80910861,-0.28499973,-0.51392472,0
3.4506114,-0.50103402,1.7704992,0.80910861,0.28499973,0.51392472,0
-2.0137644,-2.1021371,-2.586745,-0.80910861,-0.28499973,-0.51392472,0
-1.3163954,-1.0216061,-2.64115,0.22853924,0.65308416,-0.72197723,0
3.6713836,0.41255689,0.95691967,0.80910861,0.28499973,0.51392472,0
-2.9398379,-1.6592754,-1.3822589,-0.80910861,-0.28499973,-0.51392472,0
2.7216859,0.68393779,2.0043495,0.80910861,0.28499973,0.51392472,0
-1.0112655,-2.1504941,-0.91433573,-0.22853924,-0.65308416,0.72197723,0
-0.19773865,-1.4904722,-2.0910516,0.54139924,-0.70160991,-0.46328235,0
0.41297981,-0.35395312,1.3138762,-0.22853924,-0.65308416,0.72197723,0
3.083163,0.42938757,1.5798023,0.80910861,0.28499973,0.51392472,0
-0.43787587,1.5954449,1.4712577,-0.54139924,0.70160991,0.46328235,0
-2.7689741,-0.10087606,0.39941537,-0.22853924,-0.65308416,0.72197723,0
-0.97465783,1.3095803,1.1452048,-0.54139924,0.70160991,0.46328235,0
1.4895601,2.6354909,2.0607357,-0.54139924,0.70160991,0.46328235,0
-2.0431123,0.65532589,1.1417813,-0.54139924,0.70160991,0.46328235,0
3.4144266,-0.39251274,0.37727308,0.54139924,-0.70160991,-0.46328235,0
1.3590279,-1.6389277,-0.031187452,0.54139924,-0.70160991,-0.46328235,0
-2.3642673,-1.2909336,-2.1949899,-0.80910861,-0.28499973,-0.51392472,0
1.2645849,0.12585402,2.0204558,-0.22853924,-0.65308416,0.72197723,0
1.8423371,0.27798986,2.2057559,-0.22853924,-0.65308416,0.72197723,0
1.1020595,0.40546083,2.1219091,-0.22853924,-0.65308416,0.72197723,0
-2.364944,-2.0242047,-1.9538398,-0.80910861,-0.28499973,-0.51392472,0
3.3502223,0.11067625,-0.19417596,0.22853924,0.65308416,-0.72197723,0
-3.0472727,0.27555424,0.21946788,-0.54139924,0.70160991,0.46328235,0
0.68013823,2.1319368,2.0663083,-0.54139924,0.70160991,0.46328235,0
-3.8827729,0.11591914,-0.22268224,-0.54139924,0.70160991,0.46328235,0
2.3717766,-0.66760117,-0.60093981,0.54139924,-0.70160991,-0.46328235,0
3.6229286,-0.52631116,0.82068038,0.54139924,-0.70160991,-0.46328235,0
0.49395454,0.10870063,-1.1420599,0.22853924,0.65308416,-0.72197723,0
1.8493493,1.4936705,0.55288887,0.22853924,0.65308416,-0.72197723,0
1.5509704,-1.2274469,-0.85545015,0.54139924,-0.70160991,-0.46328235,0
-2.6350665,-0.28757095,-2.5099192,-0.80910861,-0.28499973,-0.51392472,0
3.4865522,-0.35032338,0.092842102,0.54139924,-0.70160991,-0.46328235,0
-3.33359,-0.43355435,-0.031550169,-0.22853924,-0.65308416,0.72197723,0
-2.8135133,0.35805261,0.27133465,-0.54139924,0.70160991,0.46328235,0
-0.020079136,-1.3931955,-2.0194802,0.54139924,-0.70160991,-0.46328235,0
-0.78556049,-1.8550527,-0.51582623,-0.22853924,-0.65308416,0.72197723,0
2.2271254,0.1981678,2.2579377,-0.22853924,-0.65308416,0.72197723,0
1.8304851,1.9923372,2.8907609,0.80910861,0.28499973,0.51392472,0
2.8245306,-1.4559573,1.0742384,0.54139924,-0.70160991,-0.46328235,0
-2.7644529,-1.4666101,-1.7923262,-0.80910861,-0.28499973,-0.51392472,0
-0.72291863,0.68909836,-1.0658698,0.22853924,0.65308416,-0.72197723,0
-0.88307315,0.006704092,-1.7840307,0.22853924,0.65308416,-0.72197723,0
2.3988976,-1.2627122,0.23748982,0.54139924,-0.70160991,-0.46328235,0
-0.55086005,1.8816431,0.88495147,-0.54139924,0.70160991,0.46328235,0
-1.5837519,-1.9603723,-3.1479793,0.54139924,-0.70160991,-0.46328235,0
-2.0248673,-2.889472,-1.9041138,-0.80910861,-0.28499973,-0.51392472,0
-2.1398582,0.94041705,-1.1432652,0.22853924,0.65308416,-0.72197723,0
0.60856223,-0.65883952,-1.7115062,0.22853924,0.65308416,-0.72197723,0
-1.6617672,-1.9018664,-3.0607862,-0.80910861,-0.28499973,-0.51392472,0
-0.5176127,2.0703816,0.53282225,-0.54139924,0.70160991,0.46328235,0
3.2923508,0.64533049,1.0998261,0.80910861,0.28499973,0.51392472,0
2.5380111,-0.56445408,1.7166598,-0.22853924,-0.65308416,0.72197723,0
3.2137465,0.11489606,1.6780052,0.80910861,0.28499973,0.51392472,0
-2.1410351,-1.8947577,-2.5203326,-0.80910861,-0.28499973,-0.51392472,0
-3.4831257,0.45465583,-0.40476251,-0.54139924,0.70160991,0.46328235,0
1.1326616,2.3515062,2.2625678,-0.54139924,0.70160991,0.46328235,0
-1.1669815,1.0082674,1.5969957,-0.54139924,0.70160991,0.46328235,0
-0.7099328,-1.5454251,-2.8887646,0.54139924,-0.70160991,-0.46328235,0
-2.1003184,1.4492316,-0.68211782,0.22853924,0.65308416,-0.72197723,0
1.307889,0.44671208,-0.67982554,0.22853924,0.65308416,-0.72197723,0
3.6344323,-1.0607769,1.3423011,0.54139924,-0.70160991,-0.46328235,0
-1.3979821,0.87839091,1.4984832,-0.54139924,0.70160991,0.46328235,0
0.66747522,-0.94396681,-1.9502518,0.54139924,-0.70160991,-0.46328235,0
0.27019906,1.3443422,2.4829817,-0.54139924,0.70160991,0.46328235,0
-1.4991778,-0.056689978,0.90196687,-0.22853924,-0.65308416,0.72197723,0
-2.8526025,-1.0936866,-1.718308,-0.80910861,-0.28499973,-0.51392472,0
-3.6031034,0.085556626,-1.1984346,-0.80910861,-0.28499973,-0.51392472,0
0.23632292,0.27691054,-0.99902952,0.22853924,0.65308416,-0.72197723,0
2.6613119,0.64202219,0.043687344,0.22853924,0.65308416,-0.72197723,0
-3.9027689,-0.3668533,-0.065948963,-0.22853924,-0.65308416,0.72197723,0
0.99144697,2.2650046,2.2543964,-0.54139924,0.70160991,0.46328235,0
1.7717248,2.0743208,3.0642304,0.80910861,0.28499973,0.51392472,0
0.51859087,-0.50862408,-1.6302364,0.22853924,0.65308416,-0.72197723,0
3.4447784,-0.82809675,0.97364783,0.54139924,-0.70160991,-0.46328235,0
-1.5705116,1.749612,-0.049822986,-0.54139924,0.70160991,0.46328235,0
-3.5214901,0.76053405,-1.1543717,-0.54139924,0.70160991,0.46328235,0
-3.7290473,0.12786227,-0.13183951,-0.54139924,0.70160991,0.46328235,0
-0.74715412,1.6460687,0.79952496,-0.54139924,0.70160991,0.46328235,0
-1.693692,-1.9511943,-0.9944706,-0.22853924,-0.65308416,0.72197723,0
-2.0791533,-1.2262675,-0.32631946,-0.22853924,-0.65308416,0.72197723,0
-2.8006871,-1.6755946,-1.3384831,-0.80910861,-0.28499973,-0.51392472,0
1.6891692,1.5568748,3.1819563,0.80910861,0.28499973,0.51392472,0
3.2586775,1.1725396,1.0148571,0.80910861,0.28499973,0.51392472,0
1.7274666,0.69785547,-0.11591709,0.22853924,0.65308416,-0.72197723,0
-2.1974683,-0.58038878,-2.7326713,0.22853924,0.65308416,-0.72197723,0
2.8180892,-0.27915061,-0.63961542,0.22853924,0.65308416,-0.72197723,0
3.149672,0.080928564,1.9375315,0.80910861,0.28499973,0.51392472,0
-0.77995062,-0.45791984,-2.0514894,0.22853924,0.65308416,-0.72197723,0
-2.2770302,-1.0897546,-0.40395641,-0.22853924,-0.65308416,0.72197723,0
1.9344716,0.52660859,-0.41309214,0.22853924,0.65308416,-0.72197723,0
-0.20839083,1.0173569,2.3477983,-0.22853924,-0.65308416,0.72197723,0
-3.2963395,0.10720396,0.25097179,-0.54139924,0.70160991,0.46328235,0
-3.5958834,0.39558816,-0.50610924,-0.54139924,0.70160991,0.46328235,0
-0.92466354,-2.534446,-1.6046877,0.54139924,-0.70160991,-0.46328235,0
3.0627451,0.010183096,1.8438926,0.80910861,0.28499973,0.51392472,0
-1.3506343,-2.4155369,-2.1107676,0.54139924,-0.70160991,-0.46328235,0
0.00095140934,-1.7003624,-1.6431797,0.54139924,-0.70160991,-0.46328235,0
2.5748088,-1.0896919,1.2014557,-0.22853924,-0.65308416,0.72197723,0
1.3356378,-1.0766883,-1.2197018,0.54139924,-0.70160991,-0.46328235,0
-2.1650982,0.078454673,0.81323558,-0.22853924,-0.65308416,0.72197723,0
1.9895728,1.1319268,0.33755636,0.22853924,0.65308416,-0.72197723,0
2.1690454,2.0677576,2.2436383,0.80910861,0.28499973,0.51392472,0
-0.86821783,0.97782099,1.8278589,-0.54139924,0.70160991,0.46328235,0
3.4388456,-0.27949136,0.097335339,0.54139924,-0.70160991,-0.46328235,0
1.4556471,2.0658135,3.0015097,-0.54139924,0.70160991,0.46328235,0
3.3411803,0.65519971,1.0052171,0.80910861,0.28499973,0.51392472,0
3.3512793,-0.12497381,-0.10066724,0.54139924,-0.70160991,-0.46328235,0
-1.0230893,0.19956398,1.2912713,-0.22853924,-0.65308416,0.72197723,0
3.5907807,0.70800352,0.88337326,0.80910861,0.28499973,0.51392472,0
-1.4916508,-1.249608,-3.0883172,0.22853924,0.65308416,-0.72197723,0
-1.7273433,-2.9828072,-2.0242562,0.54139924,-0.70160991,-0.46328235,0
-2.2974482,-1.0049233,-2.7919359,-0.80910861,-0.28499973,-0.51392472,0
-2.2926736,-1.0709342,-2.713073,-0.80910861,-0.28499973,-0.51392472,0
-1.6354779,0.82128555,1.2793577,-0.54139924,0.70160991,0.46328235,0
-0.44336867,-1.4525307,-2.5833981,0.54139924,-0.70160991,-0.46328235,0
-3.1995108,0.057859465,0.4493525,-0.54139924,0.70160991,0.46328235,0
-1.9401276,-2.010046,-2.5842769,-0.80910861,-0.28499973,-0.51392472,0
2.7822452,1.2538056,0.6847508,0.22853924,0.65308416,-0.72197723,0
-1.1769952,-2.5911183,-1.9422286,0.54139924,-0.70160991,-0.46328235,0
2.8204856,1.8726733,1.4248948,0.80910861,0.28499973,0.51392472,0
-2.9046226,-0.3852278,-1.89379,-0.80910861,-0.28499973,-0.51392472,0
2.4993386,0.20518255,2.2591026,-0.22853924,-0.65308416,0.72197723,0
3.1326253,0.58080244,1.6439552,0.80910861,0.28499973,0.51392472,0
-2.5632102,-0.52747774,-2.6651454,-0.80910861,-0.28499973,-0.51392472,0
-3.2572422,-0.12853754,-1.4620688,-0.80910861,-0.28499973,-0.51392472,0
-1.1666173,1.6104717,0.67294788,-0.54139924,0.70160991,0.46328235,0
3.1907182,1.0688697,0.48688865,0.22853924,0.65308416,-0.72197723,0
-0.86990225,-2.654954,-1.4985621,0.54139924,-0.70160991,-0.46328235,0
-0.49947703,-0.79166144,0.42750511,-0.22853924,-0.65308416,0.72197723,0
0.35059988,1.5707848,2.3320899,-0.54139924,0.70160991,0.46328235,0
2.5967896,1.6170802,1.9941547,0.80910861,0.28499973,0.51392472,0
-0.65051436,-0.6816504,-2.3081677,0.22853924,0.65308416,-0.72197723,0
-1.8296679,-1.218646,-0.31836009,-0.22853924,-0.65308416,0.72197723,0
2.5099921,-0.13886499,2.1479387,-0.22853924,-0.65308416,0.72197723,0
1.6946937,2.8659096,1.7600195,0.22853924,0.65308416,-0.72197723,0
-2.7812819,-0.59858286,-0.068351746,-0.22853924,-0.65308416,0.72197723,0
-3.5243812,0.60591674,-1.506376,-0.80910861,-0.28499973,-0.51392472,0
-1.0521618,-1.8930517,-0.6570127,-0.22853924,-0.65308416,0.72197723,0
-2.7591691,1.1654748,-0.48433661,-0.54139924,0.70160991,0.46328235,0
0.042010546,-0.53243148,-1.8970757,0.22853924,0.65308416,-0.72197723,0
3.7343063,-0.21063483,0.92295313,0.80910861,0.28499973,0.51392472,0
-1.1378123,-1.3903807,-2.934041,0.22853924,0.65308416,-0.72197723,0
-0.28168091,-0.44421542,1.0070045,-0.22853924,-0.65308416,0.72197723,0
1.9195364,-1.3536122,0.89891589,-0.22853924,-0.65308416,0.72197723,0
-3.4055426,-0.65454239,-1.2682323,-0.80910861,-0.28499973,-0.51392472,0
-2.9242649,-1.6658273,-1.3966105,-0.80910861,-0.28499973,-0.51392472,0
-1.7380981,-0.92571306,0.03020072,-0.22853924,-0.65308416,0.72197723,0
-1.21079,-1.6621962,-3.0475059,0.54139924,-0.70160991,-0.46328235,0
-2.4750125,-2.053062,-1.8563612,-0.80910861,-0.28499973,-0.51392472,0
1.5649821,1.9331827,3.0874417,-0.54139924,0.70160991,0.46328235,0
2.0574017,2.4626884,2.1720386,0.80910861,0.28499973,0.51392472,0
-1.6201456,-1.9959584,-3.0553069,0.54139924,-0.70160991,-0.46328235,0
-0.70245183,-1.909431,-0.45367408,-0.22853924,-0.65308416,0.72197723,0
-2.9640067,0.18318646,0.58216286,-0.22853924,-0.65308416,0.72197723,0
0.6494199,-1.6859531,-1.1707032,0.54139924,-0.70160991,-0.46328235,0
-1.5049105,-2.0008988,-3.194993,0.54139924,-0.70160991,-0.46328235,0
-1.18573,1.6582967,0.4535684,-0.54139924,0.70160991,0.46328235,0
-0.78872573,1.8559806,0.48294097,-0.54139924,0.70160991,0.46328235,0
2.1228187,2.061543,2.2122307,0.80910861,0.28499973,0.51392472,0
-0.021154046,0.43439019,1.6589341,-0.22853924,-0.65308416,0.72197723,0
3.0390372,-0.018601179,1.9687486,0.80910861,0.28499973,0.51392472,0
-1.2271723,-1.4694754,-3.137841,0.22853924,0.65308416,-0.72197723,0
-2.9699979,-0.73509401,-1.6340199,-0.80910861,-0.28499973,-0.51392472,0
3.7222996,-0.08462429,0.89497614,0.80910861,0.28499973,0.51392472,0
-3.8019531,0.074217021,-0.31803679,-0.54139924,0.70160991,0.46328235,0
-1.6838634,-0.87998462,-0.021032095,-0.22853924,-0.65308416,0.72197723,0
0.68430138,2.1846197,1.6414261,-0.54139924,0.70160991,0.46328235,0
-3.2831779,0.69701004,-1.6915417,0.22853924,0.65308416,-0.72197723,0
1.7759219,2.9496427,1.8581028,0.22853924,0.65308416,-0.72197723,0
-2.0297892,-1.7692325,-2.8069134,-0.80910861,-0.28499973,-0.51392472,0
3.8444614,-0.077890635,0.75921488,0.80910861,0.28499973,0.51392472,0
-3.6708031,-0.59914446,-0.78303051,-0.80910861,-0.28499973,-0.51392472,0
-0.78958094,-1.7900933,-2.3421707,0.54139924,-0.70160991,-0.46328235,0
-1.9900612,-0.28803176,0.55632257,-0.22853924,-0.65308416,0.72197723,0
2.8414083,-1.1589488,1.1543094,-0.22853924,-0.65308416,0.72197723,0
-2.9899611,-1.2042354,-1.5926871,-0.80910861,-0.28499973,-0.51392472,0
3.802336,0.60958713,0.60700679,0.80910861,0.28499973,0.51392472,0
-0.32425699,0.83430779,-0.74163914,0.22853924,0.65308416,-0.72197723,0
2.9638419,-0.14322639,2.1572351,0.80910861,0.28499973,0.51392472,0
-0.42078114,-0.012857914,-1.4842566,0.22853924,0.65308416,-0.72197723,0
1.8287735,-1.2507654,-0.29662466,0.54139924,-0.70160991,-0.46328235,0
0.18463111,-1.0972176,-2.2311282,0.22853924,0.65308416,-0.72197723,0
1.484031,-1.112203,-0.80101943,0.54139924,-0.70160991,-0.46328235,0
-2.0308607,-2.148653,-2.3996279,-0.80910861,-0.28499973,-0.51392472,0
2.5345976,-0.42425275,1.9114246,-0.22853924,-0.65308416,0.72197723,0
-2.1973248,-1.5282171,-2.4599719,-0.80910861,-0.28499973,-0.51392472,0
-2.294306,-1.2995934,-2.3531082,-0.80910861,-0.28499973,-0.51392472,0
-1.804207,-2.3440204,-2.6021633,-0.80910861,-0.28499973,-0.51392472,0
3.0009401,-0.46338743,-0.29233956,0.54139924,-0.70160991,-0.46328235,0
-2.2116628,-1.7885113,-2.3120046,-0.80910861,-0.28499973,-0.51392472,0
2.2270954,2.3456032,2.0121131,0.80910861,0.28499973,0.51392472,0
2.4820111,-1.3512585,1.0865,-0.22853924,-0.65308416,0.72197723,0
-3.8129978,0.40448165,-1.089669,-0.80910861,-0.28499973,-0.51392472,0
-0.97828388,-1.3220898,-2.7948639,0.22853924,0.65308416,-0.72197723,0
-2.8137825,-0.65107191,-0.049292326,-0.22853924,-0.65308416,0.72197723,0
-1.8702281,-1.3982605,-3.1506979,-0.80910861,-0.28499973,-0.51392472,0
-0.69696206,0.75061977,-0.86843628,0.22853924,0.65308416,-0.72197723,0
-1.9026148,1.5386336,-0.063983709,-0.54139924,0.70160991,0.46328235,0
2.1424711,-0.39564896,1.6319716,-0.22853924,-0.65308416,0.72197723,0
3.2276201,0.94396728,1.0651522,0.80910861,0.28499973,0.51392472,0
-2.0075462,1.643069,-0.50904328,0.22853924,0.65308416,-0.72197723,0
0.022428632,-1.2204223,0.40364286,-0.22853924,-0.65308416,0.72197723,0
2.9963481,0.77956998,1.5728068,0.80910861,0.28499973,0.51392472,0
-2.8826933,-0.67797542,-1.9443386,-0.80910861,-0.28499973,-0.51392472,0
3.513757,0.48248908,0.8647573,0.80910861,0.28499973,0.51392472,0
-3.3518417,0.4170382,-0.063714504,-0.54139924,0.70160991,0.46328235,0
-2.8887317,-0.0098981857,-2.0789301,-0.80910861,-0.28499973,-0.51392472,0
2.5846994,1.0772297,2.1961331,0.80910861,0.28499973,0.51392472,0
-1.8016317,-1.6770812,-0.83965826,-0.22853924,-0.65308416,0.72197723,0
-1.2433763,0.64924097,-1.0852757,0.22853924,0.65308416,-0.72197723,0
-1.8285108,0.77102768,-1.2962108,0.22853924,0.65308416,-0.72197723,0
1.9498625,-1.3069457,-0.19467643,0.54139924,-0.70160991,-0.46328235,0
-1.7279153,0.18030202,-1.6620089,0.22853924,0.65308416,-0.72197723,0
-3.1105192,1.1270565,-1.1119752,-0.54139924,0.70160991,0.46328235,0
2.0822616,-1.0203229,1.0699329,-0.22853924,-0.65308416,0.72197723,0
-2.5408001,-1.3300443,-2.1855214,-0.80910861,-0.28499973,-0.51392472,0
0.25376606,-0.71615005,0.78506064,-0.22853924,-0.65308416,0.72197723,0
-3.2238007,-0.019993067,-1.5919826,-0.80910861,-0.28499973,-0.51392472,0
2.0009949,0.78313428,-0.09110117,0.22853924,0.65308416,-0.72197723,0
-1.8208694,-2.5689108,-2.3395028,-0.80910861,-0.28499973,-0.51392472,0
-2.614774,-1.7358813,-1.7616937,-0.80910861,-0.28499973,-0.51392472,0
-1.609748,-1.9177723,-3.224046,-0.80910861,-0.28499973,-0.51392472,0
-3.0862455,-1.1193111,-1.338001,-0.80910861,-0.28499973,-0.51392472,0
1.0249853,1.1426312,2.6100149,-0.22853924,-0.65308416,0.72197723,0
1.2652185,-0.068805873,-0.97185302,0.22853924,0.65308416,-0.72197723,0
3.7842979,0.13741487,0.90305233,0.80910861,0.28499973,0.51392472,0
-2.3202176,-1.0268583,-2.6448984,-0.80910861,-0.28499973,-0.51392472,0
3.3488379,-1.1928928,1.4603958,-0.22853924,-0.65308416,0.72197723,0
1.6514935,-1.5227187,0.016599983,0.54139924,-0.70160991,-0.46328235,0
2.3019757,2.2719712,1.7544451,0.80910861,0.28499973,0.51392472,0
-0.5659008,-1.2415739,-2.6733024,0.22853924,0.65308416,-0.72197723,0
3.1828322,-0.050154924,1.9057164,0.80910861,0.28499973,0.51392472,0
1.8214223,-1.2090611,0.86273891,-0.22853924,-0.65308416,0.72197723,0
2.9420495,-0.019771576,2.3521194,0.80910861,0.28499973,0.51392472,0
-2.4646928,-1.1352938,-2.2554071,-0.80910861,-0.28499973,-0.51392472,0
1.7464668,-1.3568294,-0.088752329,0.54139924,-0.70160991,-0.46328235,0
0.45492136,-1.4140447,-1.5519304,0.54139924,-0.70160991,-0.46328235,0
-3.7744818,0.095199108,-1.1130331,-0.80910861,-0.28499973,-0.51392472,0
-2.082217,-2.2068508,-2.3043885,-0.80910861,-0.28499973,-0.51392472,0
3.9593837,0.16381809,0.32337356,0.80910861,0.28499973,0.51392472,0
0.26799262,-0.31459713,-1.453845,0.22853924,0.65308416,-0.72197723,0
-2.7774813,0.91409105,-0.36303723,-0.54139924,0.70160991,0.46328235,0
-1.7031896,0.88194156,-1.2330449,0.22853924,0.65308416,-0.72197723,0
-3.9069293,-0.4557901,-0.4767096,-0.80910861,-0.28499973,-0.51392472,0
-3.5357361,-0.26979601,-0.92435527,-0.80910861,-0.28499973,-0.51392472,0
-2.7102063,-0.70358205,-0.14373517,-0.22853924,-0.65308416,0.72197723,0
-3.0048137,-0.36746049,-2.010942,-0.80910861,-0.28499973,-0.51392472,0
2.0442214,2.2861185,1.1976304,0.22853924,0.65308416,-0.72197723,0
-2.1158445,-1.4933381,-2.6162045,-0.80910861,-0.28499973,-0.51392472,0
-1.0569968,1.9446394,-0.098825634,0.22853924,0.65308416,-0.72197723,0
-1.9275544,-1.9378445,-2.7913854,-0.80910861,-0.28499973,-0.51392472,0
2.8112803,1.9394994,1.4642129,0.80910861,0.28499973,0.51392472,0
0.87770194,-0.72960031,1.099323,-0.22853924,-0.65308416,0.72197723,0
0.95178318,2.5583239,1.7622185,-0.54139924,0.70160991,0.46328235,0
1.2004844,0.9914667,-0.20992053,0.22853924,0.65308416,-0.72197723,0
2.4078162,0.22758731,-0.4467212,0.22853924,0.65308416,-0.72197723,0
-2.4538767,-2.30234,-1.5342894,-0.80910861,-0.28499973,-0.51392472,0
-2.6965599,0.57522333,0.19778121,-0.54139924,0.70160991,0.46328235,0
-1.1018215,-2.4497373,-1.0591683,-0.22853924,-0.65308416,0.72197723,0
-2.7302141,0.91860861,-0.44642317,-0.54139924,0.70160991,0.46328235,0
-1.4236445,0.26941347,-1.4911041,0.22853924,0.65308416,-0.72197723,0
-1.10502,-1.5448562,-3.1089056,0.54139924,-0.70160991,-0.46328235,0
-2.6584072,-1.9969463,-1.3922968,-0.80910861,-0.28499973,-0.51392472,0
2.1294341,0.16504741,2.2792718,-0.22853924,-0.65308416,0.72197723,0
1.7417382,-0.97090256,-0.84930992,0.54139924,-0.70160991,-0.46328235,0
2.9397869,-0.6796729,0.23743892,0.54139924,-0.70160991,-0.46328235,0
3.6580327,-0.057696968,0.095288038,0.54139924,-0.70160991,-0.46328235,0
-2.4700422,-0.62320352,-2.5564125,-0.80910861,-0.28499973,-0.51392472,0
-3.2236061,-1.0397996,-0.50239444,-0.22853924,-0.65308416,0.72197723,0
-2.4752307,-0.45895171,-2.5787754,-0.80910861,-0.28499973,-0.51392472,0
-3.0387633,0.52598554,0.091178656,-0.54139924,0.70160991,0.46328235,0
-3.2412336,-1.4020426,-0.84430003,-0.80910861,-0.28499973,-0.51392472,0
-2.9535332,0.83875191,-0.52116311,-0.54139924,0.70160991,0.46328235,0
-0.61913157,-0.61285889,-2.0952973,0.22853924,0.65308416,-0.72197723,0
3.1798158,1.3783538,1.1512573,0.80910861,0.28499973,0.51392472,0
3.3372254,-0.37878442,1.6373382,0.80910861,0.28499973,0.51392472,0
-2.9670901,-0.24851966,-1.8227358,-0.80910861,-0.28499973,-0.51392472,0
-0.1887553,-0.31273687,0.94976842,-0.22853924,-0.65308416,0.72197723,0
1.2185763,1.4635835,0.33850646,0.22853924,0.65308416,-0.72197723,0
-0.64662564,1.6237507,0.98621047,-0.54139924,0.70160991,0.46328235,0
2.5456617,1.3267854,0.63011384,0.22853924,0.65308416,-0.72197723,0
-2.9872487,-0.70349252,-1.599787,-0.80910861,-0.28499973,-0.51392472,0
0.57835865,-1.376642,-1.5310664,0.54139924,-0.70160991,-0.46328235,0
2.8955448,-1.0467947,0.78825271,0.54139924,-0.70160991,-0.46328235,0
3.2366033,-0.79315174,0.65115523,0.54139924,-0.70160991,-0.46328235,0
-1.385275,-2.185292,-2.8040941,0.54139924,-0.70160991,-0.46328235,0
-1.9999695,-2.7427096,-1.9837799,-0.80910861,-0.28499973,-0.51392472,0
0.78329813,-1.4881372,0.22780465,-0.22853924,-0.65308416,0.72197723,0
-0.5031966,1.4824908,-0.23307914,0.22853924,0.65308416,-0.72197723,0
1.2542882,2.3658767,2.3632936,-0.54139924,0.70160991,0.46328235,0
-1.1259233,-2.5734591,-1.7402339,0.54139924,-0.70160991,-0.46328235,0
3.4475694,0.56325459,0.20015812,0.22853924,0.65308416,-0.72197723,0
-1.7431487,0.81202054,-1.1552534,0.22853924,0.65308416,-0.72197723,0
1.8739464,-1.120402,0.86898232,-0.22853924,-0.65308416,0.72197723,0
1.1247141,1.0980465,2.6747274,-0.22853924,-0.65308416,0.72197723,0
-2.210721,-2.5659475,-1.6769519,-0.22853924,-0.65308416,0.72197723,0
-0.77286524,-0.328053,0.76659286,-0.22853924,-0.65308416,0.72197723,0
0.47672975,2.3056986,1.4041629,-0.54139924,0.70160991,0.46328235,0
-2.3726366,-2.1617296,-2.0318947,-0.80910861,-0.28499973,-0.51392472,0
2.5171633,-0.16327953,2.1313627,-0.22853924,-0.65308416,0.72197723,0
1.7166257,-0.2142421,1.6414014,-0.22853924,-0.65308416,0.72197723,0
-1.2003675,-2.7281895,-1.7742331,0.54139924,-0.70160991,-0.46328235,0
2.415695,1.7535625,1.8772116,0.80910861,0.28499973,0.51392472,0
-1.6625564,-0.34118029,0.42113006,-0.22853924,-0.65308416,0.72197723,0
-2.6094017,0.93235123,-0.25666904,-0.54139924,0.70160991,0.46328235,0
1.9521229,-0.6237005,1.4143419,-0.22853924,-0.65308416,0.72197723,0
2.383888,-1.3681126,0.44217777,0.54139924,-0.70160991,-0.46328235,0
-2.4966805,-1.0282702,-2.4893284,-0.80910861,-0.28499973,-0.51392472,0
2.4915547,-1.3570433,0.54930937,0.54139924,-0.70160991,-0.46328235,0
-0.077280998,-1.6079725,-2.0458329,0.54139924,-0.70160991,-0.46328235,0
-0.15047252,1.5746233,-0.0079585314,0.22853924,0.65308416,-0.72197723,0
-1.9527169,1.4026042,0.083496928,-0.54139924,0.70160991,0.46328235,0
3.3466215,-0.9622494,1.1949968,0.54139924,-0.70160991,-0.46328235,0
0.1872232,-1.2731885,-2.1108079,0.54139924,-0.70160991,-0.46328235,0
-0.73212779,-1.5901718,-0.31434202,-0.22853924,-0.65308416,0.72197723,0
3.0618539,-0.11708736,2.0677247,0.80910861,0.28499973,0.51392472,0
-3.0098855,0.067090541,0.3982861,-0.22853924,-0.65308416,0.72197723,0
1.8614414,1.6729068,2.822999,0.80910861,0.28499973,0.51392472,0
-2.4737635,0.0092873573,-2.0793102,0.22853924,0.65308416,-0.72197723,0
-0.44846958,-0.39453995,0.96085906,-0.22853924,-0.65308416,0.72197723,0
3.5278559,-0.093032122,1.2025783,0.80910861,0.28499973,0.51392472,0
-2.6274543,-2.0656521,-1.7174659,-0.80910861,-0.28499973,-0.51392472,0
-3.2650874,0.27243567,-1.7884398,-0.80910861,-0.28499973,-0.51392472,0
-2.7030783,1.2831707,-1.1949655,0.22853924,0.65308416,-0.72197723,0
2.8935924,1.6795933,1.1969903,0.80910861,0.28499973,0.51392472,0
-1.1567898,1.1126503,-0.87704194,0.22853924,0.65308416,-0.72197723,0
-2.3678956,1.2255706,-0.41234624,-0.54139924,0.70160991,0.46328235,0
-0.024082422,-1.5187004,-2.1963515,0.54139924,-0.70160991,-0.46328235,0
2.4718685,1.4185956,2.1051729,0.80910861,0.28499973,0.51392472,0
1.4602987,1.6229225,3.3703923,-0.22853924,-0.65308416,0.72197723,0
-2.2803607,-0.50952661,0.17956185,-0.22853924,-0.65308416,0.72197723,0
3.8249736,-0.1241079,0.52686191,0.54139924,-0.70160991,-0.46328235,0
1.0982813,-1.7428432,-0.31479701,0.54139924,-0.70160991,-0.46328235,0
3.673965,-0.35231638,1.2265644,0.80910861,0.28499973,0.51392472,0
3.5343132,0.16273224,1.2751644,0.80910861,0.28499973,0.51392472,0
-0.85193181,1.8898413,0.64116144,-0.54139924,0.70160991,0.46328235,0
2.5987012,-1.3486302,0.59198558,0.54139924,-0.70160991,-0.46328235,0
2.9175098,1.4944634,1.2810817,0.80910861,0.28499973,0.51392472,0
2.7950025,0.53618586,2.0165362,0.80910861,0.28499973,0.51392472,0
-1.2224474,1.2480023,0.93099946,-0.54139924,0.70160991,0.46328235,0
-2.3770046,-1.410658,-2.4155996,-0.80910861,-0.28499973,-0.51392472,0
3.0868478,0.35790694,1.7366254,0.80910861,0.28499973,0.51392472,0
3.0427842,-0.43609309,1.9307165,-0.22853924,-0.65308416,0.72197723,0
2.7581952,1.557693,1.7498772,0.80910861,0.28499973,0.51392472,0
0.10125995,-1.5154927,-1.9392509,0.54139924,-0.70160991,-0.46328235,0
3.1773186,0.00075888634,1.7643557,0.80910861,0.28499973,0.51392472,0
0.9480049,1.7542276,0.54819036,0.22853924,0.65308416,-0.72197723,0
-1.5397698,1.4941018,0.43895265,-0.54139924,0.70160991,0.46328235,0
0.99763823,-1.1792471,0.52266884,-0.22853924,-0.65308416,0.72197723,0
1.8896713,1.7252333,2.8320227,0.80910861,0.28499973,0.51392472,0
-2.8544374,-0.69334507,-1.9047973,-0.80910861,-0.28499973,-0.51392472,0
-3.2354393,-0.85621786,-1.1848764,-0.80910861,-0.28499973,-0.51392472,0
-0.76864004,-2.3117847,-0.81591249,-0.22853924,-0.65308416,0.72197723,0
-2.1657887,-2.2933381,-2.253674,-0.80910861,-0.28499973,-0.51392472,0
-2.525228,-0.20200849,-2.3641419,0.22853924,0.65308416,-0.72197723,0
2.2574391,-0.47226191,1.7150722,-0.22853924,-0.65308416,0.72197723,0
-1.1925195,-1.9459686,-2.9529691,0.54139924,-0.70160991,-0.46328235,0
-2.3474419,-1.9328618,-2.1074021,-0.80910861,-0.28499973,-0.51392472,0
-3.3306534,-0.52038014,-1.3262792,-0.80910861,-0.28499973,-0.51392472,0
1.140763,1.4499633,3.1601675,-0.22853924,-0.65308416,0.72197723,0
0.67828405,0.37660289,1.8420038,-0.22853924,-0.65308416,0.72197723,0
1.563536,0.30995917,2.1148059,-0.22853924,-0.65308416,0.72197723,0
2.6120591,-0.086141348,2.1758976,-0.22853924,-0.65308416,0.72197723,0
0.70071208,-0.66250837,0.9461695,-0.22853924,-0.65308416,0.72197723,0
-2.141974,-1.4610548,-2.5148787,-0.80910861,-0.28499973,-0.51392472,0
2.5107183,1.2682052,2.0853038,0.80910861,0.28499973,0.51392472,0
3.1700017,1.4134181,1.0710638,0.80910861,0.28499973,0.51392472,0
-1.6147476,-1.6992917,-3.3991425,-0.80910861,-0.28499973,-0.51392472,0
0.30166382,0.55683148,2.0279164,-0.22853924,-0.65308416,0.72197723,0
1.1651947,-1.1050614,0.8696543,-0.22853924,-0.65308416,0.72197723,0
-3.9560542,0.21910107,-0.53682661,-0.54139924,0.70160991,0.46328235,0
3.0879786,1.0617037,1.3044341,0.80910861,0.28499973,0.51392472,0
-1.6152432,1.7629714,-0.22469878,-0.54139924,0.70160991,0.46328235,0
1.151965,1.6707895,3.1572955,-0.54139924,0.70160991,0.46328235,0
3.9186752,-0.32256305,0.86477256,0.80910861,0.28499973,0.51392472,0
1.569814,2.5455832,2.1139221,-0.54139924,0.70160991,0.46328235,0
1.1739602,1.0701759,-0.05190444,0.22853924,0.65308416,-0.72197723,0
3.1012731,-0.83332849,1.5759022,-0.22853924,-0.65308416,0.72197723,0
0.6598568,0.76841682,-0.35321444,0.22853924,0.65308416,-0.72197723,0
3.9224668,0.061712444,0.50421977,0.80910861,0.28499973,0.51392472,0
-3.522675,-0.99533707,-0.71835613,-0.80910861,-0.28499973,-0.51392472,0
3.2758038,-0.49392462,1.9457221,0.80910861,0.28499973,0.51392472,0
-0.18291783,0.63584793,1.832691,-0.22853924,-0.65308416,0.72197723,0
0.60407436,2.2840903,1.4574211,-0.54139924,0.70160991,0.46328235,0
3.107331,-0.089687228,-0.42618608,0.54139924,-0.70160991,-0.46328235,0
-0.54400766,-1.1037642,-2.5390148,0.22853924,0.65308416,-0.72197723,0
-0.29007411,-1.196355,-2.5026999,0.22853924,0.65308416,-0.72197723,0
2.6808052,1.0656099,1.8841093,0.80910861,0.28499973,0.51392472,0
3.1608558,1.3356929,0.78583217,0.22853924,0.65308416,-0.72197723,0
-0.17545438,1.8756533,1.2317783,-0.54139924,0.70160991,0.46328235,0
2.9806852,0.89144111,1.7882478,0.80910861,0.28499973,0.51392472,0
1.2981105,1.7076945,3.193862,-0.54139924,0.70160991,0.46328235,0
-3.1097693,-0.10629153,-1.8588071,-0.80910861,-0.28499973,-0.51392472,0
0.99954295,2.0752909,2.3831594,-0.54139924,0.70160991,0.46328235,0
1.9319019,1.5055804,2.9749305,0.80910861,0.28499973,0.51392472,0
-3.6300216,0.11099915,0.035221577,-0.54139924,0.70160991,0.46328235,0
1.8206007,-1.1983997,-0.29582796,0.54139924,-0.70160991,-0.46328235,0
2.1017537,2.1534081,1.324285,0.22853924,0.65308416,-0.72197723,0
3.009726,-0.49597502,-0.22427011,0.54139924,-0.70160991,-0.46328235,0
-3.0823183,-0.013613939,-2.0964377,-0.80910861,-0.28499973,-0.51392472,0
-0.088898182,-1.330359,-2.4234986,0.54139924,-0.70160991,-0.46328235,0
3.3408742,-0.69683397,0.73350763,0.54139924,-0.70160991,-0.46328235,0
-1.9160326,-2.2788563,-2.5043113,-0.80910861,-0.28499973,-0.51392472,0
-1.6891825,1.6346738,-0.31695455,-0.54139924,0.70160991,0.46328235,0
-1.5987267,1.3556247,0.19223729,-0.54139924,0.70160991,0.46328235,0
2.2836583,2.4082417,1.9122505,0.80910861,0.28499973,0.51392472,0
-2.8731449,-2.051018,-1.296176,-0.80910861,-0.28499973,-0.51392472,0
-0.93654013,-2.5372794,-1.3886037,0.54139924,-0.70160991,-0.46328235,0
3.3825269,0.56801629,0.274194,0.22853924,0.65308416,-0.72197723,0
1.7244627,0.77145696,-0.11283946,0.22853924,0.65308416,-0.72197723,0
2.4783354,0.6146903,2.5028913,0.80910861,0.28499973,0.51392472,0
2.1689718,2.3403473,2.2027183,0.80910861,0.28499973,0.51392472,0
2.0671244,-0.89324582,1.334348,-0.22853924,-0.65308416,0.72197723,0
2.6791286,1.7578719,1.4580801,0.80910861,0.28499973,0.51392472,0
1.1612214,-0.81876785,-1.8000922,0.54139924,-0.70160991,-0.46328235,0
-1.5257108,1.5586338,0.19267313,-0.54139924,0.70160991,0.46328235,0
-1.9406227,1.1394272,-0.8875035,0.22853924,0.65308416,-0.72197723,0
-2.0869677,0.39965653,-1.6367594,0.22853924,0.65308416,-0.72197723,0
3.5039287,-0.027589075,-0.093555212,0.54139924,-0.70160991,-0.46328235,0
-1.9846616,-2.5480475,-2.3885474,-0.80910861,-0.28499973,-0.51392472,0
1.574687,1.338244,3.1146028,-0.22853924,-0.65308416,0.72197723,0
3.2493548,0.23539174,1.5820918,0.80910861,0.28499973,0.51392472,0
-0.55709708,-2.3635595,-1.5049202,0.54139924,-0.70160991,-0.46328235,0
0.95587122,-1.7572836,-0.57258207,0.54139924,-0.70160991,-0.46328235,0
-1.5243134,-2.1230025,-3.0656717,0.54139924,-0.70160991,-0.46328235,0
-0.042482972,-1.084666,-2.3967323,0.22853924,0.65308416,-0.72197723,0
3.307025,1.4405217,0.95169401,0.80910861,0.28499973,0.51392472,0
-2.801594,-1.0078274,-0.51218939,-0.22853924,-0.65308416,0.72197723,0
0.93287545,-0.58268523,1.0707567,-0.22853924,-0.65308416,0.72197723,0
2.5134614,0.89910722,2.2393031,0.80910861,0.28499973,0.51392472,0
-0.083943486,-1.374265,-2.328836,0.54139924,-0.70160991,-0.46328235,0
-1.9139527,1.2908027,-0.95017093,0.22853924,0.65308416,-0.72197723,0
-3.0207043,-0.9479503,-1.6099877,-0.80910861,-0.28499973,-0.51392472,0
0.075853407,0.5500716,1.8534796,-0.22853924,-0.65308416,0.72197723,0
-2.9231453,-1.5707034,-0.92946362,-0.22853924,-0.65308416,0.72197723,0
-3.0607414,-0.55733407,-1.589313,-0.80910861,-0.28499973,-0.51392472,0
-0.41839314,1.4951842,1.6290208,-0.54139924,0.70160991,0.46328235,0
-2.0110984,0.45762897,-1.6958432,0.22853924,0.65308416,-0.72197723,0
-0.89328641,-0.94037235,0.17944407,-0.22853924,-0.65308416,0.72197723,0
0.2115044,-0.044780493,1.3419346,-0.22853924,-0.65308416,0.72197723,0
-1.8255972,-1.9706751,-2.7416112,-0.80910861,-0.28499973,-0.51392472,0
-1.0516325,-1.2599847,-2.9164591,0.22853924,0.65308416,-0.72197723,0
3.3451648,-0.23586023,1.5251484,0.80910861,0.28499973,0.51392472,0
3.3349352,0.37007546,1.2907426,0.80910861,0.28499973,0.51392472,0
2.6013236,0.1049912,2.2262251,-0.22853924,-0.65308416,0.72197723,0
2.2804737,2.2327371,1.9644639,0.80910861,0.28499973,0.51392472,0
-0.97224164,1.7479793,0.67467403,-0.54139924,0.70160991,0.46328235,0
0.36402619,-1.9031512,-0.88588357,0.54139924,-0.70160991,-0.46328235,0
2.2727363,-1.3175852,0.32442826,0.54139924,-0.70160991,-0.46328235,0
-2.4598353,1.0992572,-0.10358632,-0.54139924,0.70160991,0.46328235,0
0.64935744,1.6567129,2.4726431,-0.54139924,0.70160991,0.46328235,0
