-0.75927299,0.25382411,-1.5817943,-0.51130503,0.80118251,-0.31092387,0
-3.332629,-1.9494283,-2.5421889,-0.51130503,0.80118251,-0.31092387,0
-3.2890072,-1.1145831,-0.39646411,-0.51130503,0.80118251,-0.31092387,0
4.138679,1.896409,0.47191477,0.7627086,0.58976209,0.2654357,0
1.9530075,1.0977271,2.3940082,-0.39603359,0.10142581,0.91261715,0
3.16925,1.3352597,1.5681293,0.51130503,-0.80118251,0.31092387,0
1.6098741,1.9047867,-0.63948739,-0.51130503,0.80118251,-0.31092387,0
-1.9029891,-2.9764447,-1.185122,0.51130503,-0.80118251,0.31092387,0
-3.8768246,-2.7397265,0.34519362,-0.39603359,0.10142581,0.91261715,0
-1.4813149,-1.6265774,-2.2058249,0.39603359,-0.10142581,-0.91261715,0
1.5704842,-0.1319142,-1.0358936,0.39603359,-0.10142581,-0.91261715,0
0.93972135,2.1656642,0.51080787,-0.51130503,0.80118251,-0.31092387,0
-3.6515899,-2.5950794,-0.5143733,-0.7627086,-0.58976209,-0.2654357,0
-2.6778178,-2.2317924,-2.5897861,0.39603359,-0.10142581,-0.91261715,0
-0.27210885,0.36192405,-1.7025261,0.39603359,-0.10142581,-0.91261715,0
3.8449502,2.6259315,-0.026418924,0.7627086,0.58976209,0.2654357,0
-3.6933544,-2.1224983,-1.4372222,-0.7627086,-0.58976209,-0.2654357,0
-2.5467038,-2.956778,-2.4533916,0.39603359,-0.10142581,-0.91261715,0
-1.4679072,-0.81459391,1.1120458,-0.39603359,0.10142581,0.91261715,0
4.3721485,2.0192261,0.279948,0.7627086,0.58976209,0.2654357,0
3.7774541,1.4484798,-0.21377397,0.39603359,-0.10142581,-0.91261715,0
-2.0060749,-0.76103669,-1.6897668,-0.51130503,0.80118251,-0.31092387,0
0.63192415,-0.70615828,0.64384592,0.51130503,-0.80118251,0.31092387,0
1.0731338,1.3867013,1.9143126,-0.39603359,0.10142581,0.91261715,0
0.65760654,1.8837268,0.84902787,-0.51130503,0.80118251,-0.31092387,0
-4.0745001,-1.9083747,-0.72542906,-0.7627086,-0.58976209,-0.2654357,0
0.75297141,0.15534228,1.8863415,-0.39603359,0.10142581,0.91261715,0
-2.3287289,-0.70726633,-0.97400415,-0.51130503,0.80118251,-0.31092387,0
1.1067257,1.2756585,1.9624884,-0.39603359,0.10142581,0.91261715,0
3.4505742,1.0071173,-0.15059566,0.51130503,-0.80118251,0.31092387,0
4.2139764,1.9008306,0.28857827,0.7627086,0.58976209,0.2654357,0
3.7151518,2.0660357,2.0595846,0.7627086,0.58976209,0.2654357,0
-0.23140275,-0.34939212,1.6610608,-0.39603359,0.10142581,0.91261715,0
3.8702867,1.9111228,1.3911667,0.7627086,0.58976209,0.2654357,0
-2.3462999,-0.62840325,-1.0484809,-0.51130503,0.80118251,-0.31092387,0
-2.1065166,-2.5061412,-2.3053653,0.39603359,-0.10142581,-0.91261715,0
-1.6467499,-2.1797831,-2.1757231,0.39603359,-0.10142581,-0.91261715,0
-1.0431005,-0.47379893,1.2940938,-0.39603359,0.10142581,0.91261715,0
3.8373909,2.7588131,0.020437479,0.7627086,0.58976209,0.2654357,0
-1.2480235,-0.22229552,-1.7266771,-0.51130503,0.80118251,-0.31092387,0
-1.4534545,-0.55710781,-2.2664151,0.39603359,-0.10142581,-0.91261715,0
0.32872194,0.23022783,1.7079771,-0.39603359,0.10142581,0.91261715,0
-0.01298511,0.064688444,-1.6461254,0.39603359,-0.10142581,-0.91261715,0
2.7596178,1.4493597,2.7301044,0.51130503,-0.80118251,0.31092387,0
2.6768658,1.2452028,1.8727694,0.51130503,-0.80118251,0.31092387,0
-1.613039,-0.015322655,-0.37413776,-0.51130503,0.80118251,-0.31092387,0
3.9320946,2.1370659,0.75302601,0.7627086,0.58976209,0.2654357,0
-3.1728728,-1.1725392,-1.3063931,-0.51130503,0.80118251,-0.31092387,0
3.6870213,2.2032166,1.2578614,0.7627086,0.58976209,0.2654357,0
3.7763948,2.4402506,0.46323037,0.7627086,0.58976209,0.2654357,0
0.25244385,0.65967387,1.7238111,-0.39603359,0.10142581,0.91261715,0
-0.28718311,0.61800599,-0.88238025,-0.51130503,0.80118251,-0.31092387,0
0.17968673,-0.47276258,-1.6019359,0.39603359,-0.10142581,-0.91261715,0
1.8876288,3.0902174,1.32445,-0.51130503,0.80118251,-0.31092387,0
-1.4749657,0.030023068,1.0991498,-0.39603359,0.10142581,0.91261715,0
2.4922132,2.0511701,2.4159787,-0.39603359,0.10142581,0.91261715,0
3.7902706,2.6454701,0.29239583,0.7627086,0.58976209,0.2654357,0
-2.1732841,-2.5237212,0.59332383,0.51130503,-0.80118251,0.31092387,0
-4.1147575,-1.9916373,-0.46248722,-0.7627086,-0.58976209,-0.2654357,0
-0.52734447,1.2076019,1.0150261,-0.51130503,0.80118251,-0.31092387,0
-2.4970307,-1.6768026,0.80008876,-0.39603359,0.10142581,0.91261715,0
3.7563767,2.8995395,0.077125311,0.7627086,0.58976209,0.2654357,0
-1.7471528,-3.1084521,-2.0514581,0.39603359,-0.10142581,-0.91261715,0
3.6399124,2.2825859,1.6155252,0.7627086,0.58976209,0.2654357,0
3.2561893,3.1745276,0.86210346,0.7627086,0.58976209,0.2654357,0
-2.2356658,-0.6337682,0.7770589,-0.39603359,0.10142581,0.91261715,0
-0.95223725,-1.0204548,1.2813137,-0.39603359,0.10142581,0.91261715,0
-0.718907,-1.261441,1.1061635,0.51130503,-0.80118251,0.31092387,0
-1.0832767,-1.1478446,-1.9304005,0.39603359,-0.10142581,-0.91261715,0
3.5863585,1.945015,2.2631497,0.7627086,0.58976209,0.2654357,0
-3.1558435,-1.4234915,0.53515422,-0.39603359,0.10142581,0.91261715,0
3.116694,2.409678,2.3030739,0.7627086,0.58976209,0.2654357,0
-1.7724473,-2.7614498,-0.9886055,0.51130503,-0.80118251,0.31092387,0
-0.58839297,-1.0764821,-1.8590711,0.39603359,-0.10142581,-0.91261715,0
-2.5802228,-3.4492173,-1.4601123,0.51130503,-0.80118251,0.31092387,0
-3.6988077,-1.4805251,-0.83251381,-0.51130503,0.80118251,-0.31092387,0
-2.7241611,-3.3614299,-2.0223501,-0.7627086,-0.58976209,-0.2654357,0
-4.0985703,-2.2717028,-0.37891579,-0.7627086,-0.58976209,-0.2654357,0
1.4891105,-0.013623923,0.86350775,0.51130503,-0.80118251,0.31092387,0
-3.3558898,-1.6370112,0.39973044,-0.39603359,0.10142581,0.91261715,0
-3.7266459,-1.9992888,-1.9734464,-0.7627086,-0.58976209,-0.2654357,0
-1.7433574,-2.5327659,-0.7240994,0.51130503,-0.80118251,0.31092387,0
3.642797,2.2363071,1.8822167,0.7627086,0.58976209,0.2654357,0
3.0085566,2.6947374,2.4812884,0.7627086,0.58976209,0.2654357,0
-1.1948068,-0.52630925,-2.0084643,0.39603359,-0.10142581,-0.91261715,0
2.4293315,1.444981,2.4966121,-0.39603359,0.10142581,0.91261715,0
-3.1375427,-1.8711085,-2.5716739,-0.51130503,0.80118251,-0.31092387,0
-0.63886988,-1.9455347,-1.6478184,0.39603359,-0.10142581,-0.91261715,0
-1.469027,-2.7046342,-1.2253766,0.51130503,-0.80118251,0.31092387,0
3.0953586,3.0111089,1.7106004,0.7627086,0.58976209,0.2654357,0
-3.5689199,-3.2230084,0.15597343,-0.7627086,-0.58976209,-0.2654357,0
-2.4419024,-3.2478364,-1.3494608,0.51130503,-0.80118251,0.31092387,0
4.2317924,1.9006238,0.21478891,0.7627086,0.58976209,0.2654357,0
1.4972376,1.3966789,2.0895371,-0.39603359,0.10142581,0.91261715,0
3.4692278,2.4743755,1.6612411,0.7627086,0.58976209,0.2654357,0
2.176084,2.2341509,-0.87055945,0.39603359,-0.10142581,-0.91261715,0
-1.3815355,-0.77294242,-2.1114609,0.39603359,-0.10142581,-0.91261715,0
-2.943814,-3.1711397,-0.27827477,0.51130503,-0.80118251,0.31092387,0
1.6025708,0.098997265,-0.92847836,0.39603359,-0.10142581,-0.91261715,0
3.8536739,1.8910198,1.3806949,0.7627086,0.58976209,0.2654357,0
4.1229243,1.9733176,0.9307313,0.7627086,0.58976209,0.2654357,0
1.3445499,0.33655035,1.9483808,0.51130503,-0.80118251,0.31092387,0
-2.2610419,-1.8111843,-2.3993649,0.39603359,-0.10142581,-0.91261715,0
-3.1534359,-1.0057386,0.44942009,-0.39603359,0.10142581,0.91261715,0
-3.4293799,-2.3634541,-1.9591405,-0.7627086,-0.58976209,-0.2654357,0
-2.0973535,-3.007617,-2.1259706,0.39603359,-0.10142581,-0.91261715,0
-3.958945,-1.8421097,-1.578326,-0.7627086,-0.58976209,-0.2654357,0
-2.8015318,-2.4944954,0.714306,-0.39603359,0.10142581,0.91261715,0
-2.5231934,-0.30991572,0.25387216,-0.51130503,0.80118251,-0.31092387,0
-2.9386592,-0.78007877,-0.13139248,-0.51130503,0.80118251,-0.31092387,0
3.845057,1.3179805,-0.20320129,0.39603359,-0.10142581,-0.91261715,0
4.4206805,1.6807818,0.028869152,0.39603359,-0.10142581,-0.91261715,0
3.337085,0.86401182,0.035904408,0.51130503,-0.80118251,0.31092387,0
0.43631929,-1.2081789,-0.42693827,0.51130503,-0.80118251,0.31092387,0
1.8801882,3.1023796,2.0844972,-0.39603359,0.10142581,0.91261715,0
-3.3804677,-3.2379553,-0.18358874,-0.7627086,-0.58976209,-0.2654357,0
-1.9568541,0.027028762,0.73901534,-0.39603359,0.10142581,0.91261715,0
2.5630181,1.9886699,-0.71317565,0.39603359,-0.10142581,-0.91261715,0
-3.6685777,-2.0847783,-2.0709937,-0.7627086,-0.58976209,-0.2654357,0
3.4484129,2.0938761,2.3723943,0.7627086,0.58976209,0.2654357,0
1.2465134,0.74148786,2.0032811,-0.39603359,0.10142581,0.91261715,0
1.4465556,0.35989907,1.4661725,0.51130503,-0.80118251,0.31092387,0
-1.9027238,-2.1499164,-2.2010922,0.39603359,-0.10142581,-0.91261715,0
-3.9617348,-1.8954728,-1.2514284,-0.7627086,-0.58976209,-0.2654357,0
2.7304568,1.11717,-0.61624789,0.39603359,-0.10142581,-0.91261715,0
1.6252005,1.9385654,-1.1733122,-0.51130503,0.80118251,-0.31092387,0
-3.7737012,-2.6372256,-0.33151031,-0.7627086,-0.58976209,-0.2654357,0
3.0508285,1.420374,-0.54771399,0.39603359,-0.10142581,-0.91261715,0
-3.669172,-2.6969204,0.24839783,-0.39603359,0.10142581,0.91261715,0
3.6037149,1.7382984,-0.24997735,0.39603359,-0.10142581,-0.91261715,0
3.3344088,2.0921586,2.3525476,0.7627086,0.58976209,0.2654357,0
-1.4704914,-2.3540406,-0.7233783,0.51130503,-0.80118251,0.31092387,0
-1.5966353,-0.31683436,0.97398692,-0.39603359,0.10142581,0.91261715,0
-1.3830588,-0.49778125,1.1713276,-0.39603359,0.10142581,0.91261715,0
-0.8445158,1.0637687,0.94495642,-0.51130503,0.80118251,-0.31092387,0
0.7095567,1.7347344,0.33707118,-0.51130503,0.80118251,-0.31092387,0
-1.7105814,-1.9210349,1.1810502,0.51130503,-0.80118251,0.31092387,0
-4.3646731,-1.9483693,-0.22370505,-0.7627086,-0.58976209,-0.2654357,0
2.7703619,0.68882382,0.15452576,0.51130503,-0.80118251,0.31092387,0
-0.66796005,-1.9550339,-0.58190608,0.51130503,-0.80118251,0.31092387,0
3.1512561,2.2692523,2.6816673,0.7627086,0.58976209,0.2654357,0
3.7994695,2.2994466,1.018688,0.7627086,0.58976209,0.2654357,0
1.7495031,0.97210014,-1.0644608,0.39603359,-0.10142581,-0.91261715,0
-3.6836176,-2.0405641,0.17727065,-0.39603359,0.10142581,0.91261715,0
0.75269812,1.5998304,-0.13290077,-0.51130503,0.80118251,-0.31092387,0
3.3773534,1.5474855,1.8707047,0.51130503,-0.80118251,0.31092387,0
-2.9897611,-2.9407091,-1.4967012,-0.7627086,-0.58976209,-0.2654357,0
0.99068195,-0.30007529,1.0211828,0.51130503,-0.80118251,0.31092387,0
-1.9871763,-1.4250218,0.9198674,-0.39603359,0.10142581,0.91261715,0
-0.60845286,-1.4568824,0.2183665,0.51130503,-0.80118251,0.31092387,0
2.3656187,1.4649229,2.5894613,-0.39603359,0.10142581,0.91261715,0
0.87897384,0.41977236,2.0463052,-0.39603359,0.10142581,0.91261715,0
3.5625193,2.5309911,1.1519032,0.7627086,0.58976209,0.2654357,0
-4.2047701,-1.9324864,-0.84272766,-0.7627086,-0.58976209,-0.2654357,0
-0.12421434,1.1932092,-0.063887343,-0.51130503,0.80118251,-0.31092387,0
1.2855771,-0.76608765,-0.55680633,0.51130503,-0.80118251,0.31092387,0
-2.0965691,-3.4086866,-1.8360329,0.51130503,-0.80118251,0.31092387,0
0.48253578,-0.33512223,1.2945801,0.51130503,-0.80118251,0.31092387,0
1.1511738,-0.13117704,-1.2048439,0.39603359,-0.10142581,-0.91261715,0
1.9881117,1.7083292,2.3036392,-0.39603359,0.10142581,0.91261715,0
-1.0538101,-0.28900954,1.2102638,-0.39603359,0.10142581,0.91261715,0
-2.8078244,-3.0493217,-2.2098532,-0.7627086,-0.58976209,-0.2654357,0
-0.48675436,0.862095,1.4079649,-0.39603359,0.10142581,0.91261715,0
2.6354825,3.3053913,2.1914506,0.7627086,0.58976209,0.2654357,0
4.3352113,1.7848803,0.29625297,0.7627086,0.58976209,0.2654357,0
1.5429726,0.49360898,-0.97448611,0.39603359,-0.10142581,-0.91261715,0
-2.5440056,-0.96704614,-1.283056,-0.51130503,0.80118251,-0.31092387,0
1.2598737,2.2174406,1.8510541,-0.39603359,0.10142581,0.91261715,0
-2.3068309,-2.6647317,-2.2735131,0.39603359,-0.10142581,-0.91261715,0
3.9550769,1.31586,0.34543395,0.51130503,-0.80118251,0.31092387,0
3.208333,2.8432653,-0.62271929,0.39603359,-0.10142581,-0.91261715,0
0.06042695,0.88231236,-1.2909331,-0.51130503,0.80118251,-0.31092387,0
-1.6385008,0.19094734,0.17813039,-0.51130503,0.80118251,-0.31092387,0
0.68204272,1.7300171,-0.026000082,-0.51130503,0.80118251,-0.31092387,0
3.0628235,3.2666569,0.5625205,0.7627086,0.58976209,0.2654357,0
-2.7766542,-3.5167005,-1.203397,0.51130503,-0.80118251,0.31092387,0
-3.3220913,-1.2711234,-1.1374972,-0.51130503,0.80118251,-0.31092387,0
-0.86805177,-2.2997847,-1.5846434,0.51130503,-0.80118251,0.31092387,0
4.4517999,1.529861,0.14576602,0.51130503,-0.80118251,0.31092387,0
3.2513025,2.4138837,2.4815059,0.7627086,0.58976209,0.2654357,0
-3.3665841,-2.6612058,-1.1246023,-0.7627086,-0.58976209,-0.2654357,0
-1.6765624,-1.8833141,0.8416844,0.51130503,-0.80118251,0.31092387,0
1.7838453,2.6383877,0.79950142,-0.51130503,0.80118251,-0.31092387,0
1.4116647,2.3022771,0.55480194,-0.51130503,0.80118251,-0.31092387,0
2.7991331,1.2277623,2.074317,0.51130503,-0.80118251,0.31092387,0
-0.92432439,0.048823297,-1.8178439,-0.51130503,0.80118251,-0.31092387,0
-1.6103363,-1.8811005,1.1882837,0.51130503,-0.80118251,0.31092387,0
-3.5847592,-2.3409224,-1.1587834,-0.7627086,-0.58976209,-0.2654357,0
-0.56939352,-1.8750889,-0.68713725,0.51130503,-0.80118251,0.31092387,0
1.4752123,0.7405265,2.2767396,-0.39603359,0.10142581,0.91261715,0
1.0308841,1.3456271,1.951445,-0.39603359,0.10142581,0.91261715,0
0.3597573,1.5542917,0.16313618,-0.51130503,0.80118251,-0.31092387,0
-2.1430821,-0.80783641,0.74855417,-0.39603359,0.10142581,0.91261715,0
2.5941069,1.1755819,1.8539386,0.51130503,-0.80118251,0.31092387,0
-0.66096848,0.03042686,-1.8186693,-0.51130503,0.80118251,-0.31092387,0
1.5883083,0.40106279,1.5289198,0.51130503,-0.80118251,0.31092387,0
0.74728024,0.60274559,1.7943504,-0.39603359,0.10142581,0.91261715,0
2.5238895,0.8812772,1.5999119,0.51130503,-0.80118251,0.31092387,0
-3.2814047,-2.6650169,-1.8066576,-0.7627086,-0.58976209,-0.2654357,0
-1.8254622,-2.2705948,0.41902363,0.51130503,-0.80118251,0.31092387,0
-3.5589077,-2.6183219,-1.1089463,-0.7627086,-0.58976209,-0.2654357,0
0.84883791,-0.59615839,0.27351564,0.51130503,-0.80118251,0.31092387,0
-3.3055849,-2.2888618,0.39362049,-0.39603359,0.10142581,0.91261715,0
3.6666117,1.3549362,0.37772322,0.51130503,-0.80118251,0.31092387,0
2.3530948,1.1912113,-0.6718806,0.39603359,-0.10142581,-0.91261715,0
0.37971336,1.4262874,-0.13172066,-0.51130503,0.80118251,-0.31092387,0
3.7881145,2.3519392,1.0952876,0.7627086,0.58976209,0.2654357,0
-2.40797,-1.7156023,0.75734079,-0.39603359,0.10142581,0.91261715,0
0.4081865,-0.54852319,0.81815648,0.51130503,-0.80118251,0.31092387,0
3.2460039,3.1403799,-0.151793,-0.51130503,0.80118251,-0.31092387,0
2.6558018,3.2379465,0.74149823,-0.51130503,0.80118251,-0.31092387,0
3.1124189,3.2202299,-0.10840392,-0.51130503,0.80118251,-0.31092387,0
-4.0163274,-2.18525,-0.30788589,-0.7627086,-0.58976209,-0.2654357,0
3.9049239,1.9733982,1.0664823,0.7627086,0.58976209,0.2654357,0
-2.9612262,-2.3922777,-2.7130785,0.39603359,-0.10142581,-0.91261715,0
-0.99126887,1.1246634,1.037673,-0.51130503,0.80118251,-0.31092387,0
2.9562283,1.9316802,-0.56739378,0.39603359,-0.10142581,-0.91261715,0
0.46229047,0.74839473,1.771028,-0.39603359,0.10142581,0.91261715,0
-3.6682696,-1.2531093,-0.37252378,-0.51130503,0.80118251,-0.31092387,0
-3.1585288,-0.77018893,-0.27520752,-0.51130503,0.80118251,-0.31092387,0
4.4622316,1.6635554,0.18604112,0.39603359,-0.10142581,-0.91261715,0
0.4883647,-0.057973266,-1.3294981,0.39603359,-0.10142581,-0.91261715,0
0.018500149,0.76027882,-1.1632026,-0.51130503,0.80118251,-0.31092387,0
4.0047588,1.9455365,1.1680701,0.7627086,0.58976209,0.2654357,0
3.3105409,2.9945807,0.91136503,0.7627086,0.58976209,0.2654357,0
0.5106709,1.7267702,1.7196447,-0.39603359,0.10142581,0.91261715,0
-0.7094804,-0.99290639,1.4009732,-0.39603359,0.10142581,0.91261715,0
-0.42472011,-1.6618828,-0.60896057,0.51130503,-0.80118251,0.31092387,0
-2.4575047,-1.320863,0.75117993,-0.39603359,0.10142581,0.91261715,0
1.6984589,1.8383474,2.1362743,-0.39603359,0.10142581,0.91261715,0
2.4402845,0.35416836,-0.52495885,0.39603359,-0.10142581,-0.91261715,0
-3.471565,-2.3315301,-1.5175102,-0.7627086,-0.58976209,-0.2654357,0
1.4485116,-0.42870244,-0.87861449,0.39603359,-0.10142581,-0.91261715,0
2.8355317,3.0394213,0.24818897,-0.51130503,0.80118251,-0.31092387,0
0.8963623,1.3832796,-1.2282037,-0.51130503,0.80118251,-0.31092387,0
1.5454874,-0.71961397,-0.93801117,0.39603359,-0.10142581,-0.91261715,0
-2.9329102,-2.7126641,-2.2391119,-0.7627086,-0.58976209,-0.2654357,0
-3.3252387,-2.1632216,-2.6982806,-0.7627086,-0.58976209,-0.2654357,0
-3.0323424,-2.2360919,-2.7909415,0.39603359,-0.10142581,-0.91261715,0
4.5609946,1.714861,0.18798566,0.7627086,0.58976209,0.2654357,0
2.6625719,3.1972985,2.3958199,0.7627086,0.58976209,0.2654357,0
0.22894025,1.875793,1.5315821,-0.51130503,0.80118251,-0.31092387,0
-3.1414645,-2.2338982,-2.6730235,-0.7627086,-0.58976209,-0.2654357,0
1.9705048,0.42248225,-0.79883105,0.39603359,-0.10142581,-0.91261715,0
3.163177,2.6373158,1.9388072,0.7627086,0.58976209,0.2654357,0
-0.6443454,-1.1260914,1.2274077,0.51130503,-0.80118251,0.31092387,0
-3.1728358,-1.0484157,-0.70141435,-0.51130503,0.80118251,-0.31092387,0
-1.9007878,-2.7226491,-0.64411044,0.51130503,-0.80118251,0.31092387,0
2.3287606,2.5746574,-0.15149379,-0.51130503,0.80118251,-0.31092387,0
-3.3300169,-2.9325292,-1.0713754,-0.7627086,-0.58976209,-0.2654357,0
2.9982574,2.4605463,2.5064731,0.7627086,0.58976209,0.2654357,0
-3.2422481,-2.7916582,-1.1611092,-0.7627086,-0.58976209,-0.2654357,0
0.17820346,-1.5462073,-1.3577839,0.51130503,-0.80118251,0.31092387,0
0.83887303,0.84627563,-1.3177111,0.39603359,-0.10142581,-0.91261715,0
-1.600402,-2.1014183,-2.1269417,0.39603359,-0.10142581,-0.91261715,0
-1.8226027,-1.7996172,-2.1516178,0.39603359,-0.10142581,-0.91261715,0
2.8284678,2.951643,2.202924,0.7627086,0.58976209,0.2654357,0
-3.5459278,-2.862865,-0.52201509,-0.7627086,-0.58976209,-0.2654357,0
-3.1846952,-3.1021621,-0.85344267,-0.7627086,-0.58976209,-0.2654357,0
2.038986,3.3544428,1.9988174,-0.51130503,0.80118251,-0.31092387,0
-2.3426073,-0.51809716,-0.7455833,-0.51130503,0.80118251,-0.31092387,0
-2.7325335,-1.2806185,-1.8351214,-0.51130503,0.80118251,-0.31092387,0
2.9930737,3.3273811,0.6456902,0.7627086,0.58976209,0.2654357,0
1.1730933,-0.57894373,-0.51123005,0.51130503,-0.80118251,0.31092387,0
-0.59712911,-1.9695634,-1.0517652,0.51130503,-0.80118251,0.31092387,0
0.025373578,-1.7286936,-1.0363057,0.51130503,-0.80118251,0.31092387,0
1.4726634,-0.071719885,0.65694571,0.51130503,-0.80118251,0.31092387,0
0.28148913,-1.3393643,-0.72940993,0.51130503,-0.80118251,0.31092387,0
-3.3735557,-2.5390396,-1.5970514,-0.7627086,-0.58976209,-0.2654357,0
3.8971074,2.2328818,0.48335314,0.7627086,0.58976209,0.2654357,0
1.917345,3.3176227,1.9658506,-0.51130503,0.80118251,-0.31092387,0
3.6026609,2.7374885,0.86938143,0.7627086,0.58976209,0.2654357,0
1.546139,0.97724563,2.1314592,-0.39603359,0.10142581,0.91261715,0
-3.9605579,-1.8257254,-1.2336867,-0.7627086,-0.58976209,-0.2654357,0
0.67749602,0.48060346,1.7872982,-0.39603359,0.10142581,0.91261715,0
-3.0599091,-3.0575151,-1.6495819,-0.7627086,-0.58976209,-0.2654357,0
2.0573199,1.303176,-0.91419923,0.39603359,-0.10142581,-0.91261715,0
-1.0746777,0.16317722,-1.0428896,-0.51130503,0.80118251,-0.31092387,0
-0.42310265,1.3104134,1.070118,-0.51130503,0.80118251,-0.31092387,0
-0.47000417,0.56285858,-1.1447899,-0.51130503,0.80118251,-0.31092387,0
4.1737232,2.0327103,0.68635464,0.7627086,0.58976209,0.2654357,0
-0.22594756,0.6398192,-1.1147563,-0.51130503,0.80118251,-0.31092387,0
-0.49599421,0.26203507,-1.5549312,-0.51130503,0.80118251,-0.31092387,0
-3.1420536,-2.2298555,-2.838829,0.39603359,-0.10142581,-0.91261715,0
3.429388,3.0765581,-0.51894951,0.39603359,-0.10142581,-0.91261715,0
0.50100434,-0.55578125,-1.2902879,0.39603359,-0.10142581,-0.91261715,0
-4.1273756,-2.2819965,0.11317873,-0.39603359,0.10142581,0.91261715,0
-2.7244959,-3.1590829,-2.0763731,-0.7627086,-0.58976209,-0.2654357,0
-0.36972892,-1.3023816,0.69982833,0.51130503,-0.80118251,0.31092387,0
0.73726314,2.1134706,0.7775948,-0.51130503,0.80118251,-0.31092387,0
-3.2018147,-1.9245969,-2.6398301,-0.51130503,0.80118251,-0.31092387,0
1.7014732,-0.30450618,-0.79140294,0.39603359,-0.10142581,-0.91261715,0
-3.2018301,-2.5773313,-1.9482548,-0.7627086,-0.58976209,-0.2654357,0
2.5583167,2.6332593,-0.6404736,-0.51130503,0.80118251,-0.31092387,0
-1.8696744,-1.2767227,1.0168204,-0.39603359,0.10142581,0.91261715,0
-2.4920893,-3.031847,-0.39181471,0.51130503,-0.80118251,0.31092387,0
3.7000704,2.2754943,1.4611306,0.7627086,0.58976209,0.2654357,0
3.0186574,2.867497,2.1762152,0.7627086,0.58976209,0.2654357,0
2.7510478,0.9138751,-0.52500939,0.39603359,-0.10142581,-0.91261715,0
0.75177419,0.37007129,-1.4015037,0.39603359,-0.10142581,-0.91261715,0
2.045788,3.3434005,2.0611868,-0.39603359,0.10142581,0.91261715,0
0.6782493,2.1999454,1.7275457,-0.39603359,0.10142581,0.91261715,0
0.60351598,-1.0489217,-0.59819889,0.51130503,-0.80118251,0.31092387,0
-3.9929905,-2.2115233,-0.39007163,-0.7627086,-0.58976209,-0.2654357,0
4.0421281,2.3052881,0.065467596,0.7627086,0.58976209,0.2654357,0
-2.2473519,-0.58241272,-1.005046,-0.51130503,0.80118251,-0.31092387,0
-1.7040724,-2.5298114,-0.78007483,0.51130503,-0.80118251,0.31092387,0
-0.43795669,-0.93263626,1.4441538,0.51130503,-0.80118251,0.31092387,0
3.2095001,2.5093706,2.4455979,0.7627086,0.58976209,0.2654357,0
-3.4007292,-2.1351542,-2.4299538,-0.7627086,-0.58976209,-0.2654357,0
-2.633184,-3.337219,-0.78811383,0.51130503,-0.80118251,0.31092387,0
-2.5700517,-3.4768898,-2.1935441,-0.7627086,-0.58976209,-0.2654357,0
-3.4167421,-1.3708441,-1.4164946,-0.51130503,0.80118251,-0.31092387,0
1.1624749,2.1504362,1.9915006,-0.39603359,0.10142581,0.91261715,0
2.8623016,2.8257656,2.4931493,-0.39603359,0.10142581,0.91261715,0
0.66196162,-1.1626436,-1.2059124,0.39603359,-0.10142581,-0.91261715,0
0.20675486,-0.17897803,-1.4272065,0.39603359,-0.10142581,-0.91261715,0
-0.34264559,0.98802602,0.17786142,-0.51130503,0.80118251,-0.31092387,0
-1.4368114,-0.75671315,-2.2138596,0.39603359,-0.10142581,-0.91261715,0
4.3738284,1.8901969,0.0086500645,0.7627086,0.58976209,0.2654357,0
-0.92562449,-1.5098157,0.76900727,0.51130503,-0.80118251,0.31092387,0
-3.1483104,-3.1192412,-1.0557213,-0.7627086,-0.58976209,-0.2654357,0
3.2986636,3.1561685,0.72179151,0.7627086,0.58976209,0.2654357,0
2.0008583,0.99014926,-0.87495202,0.39603359,-0.10142581,-0.91261715,0
3.755409,2.8514364,-0.14866352,0.7627086,0.58976209,0.2654357,0
1.1242819,2.1511669,0.44163764,-0.51130503,0.80118251,-0.31092387,0
2.5181859,1.8484948,2.5266645,-0.39603359,0.10142581,0.91261715,0
-2.4020634,-2.5121632,-2.4509237,0.39603359,-0.10142581,-0.91261715,0
-0.58488613,-1.170882,-1.7125705,0.39603359,-0.10142581,-0.91261715,0
0.77419287,-0.9464004,-0.80593693,0.51130503,-0.80118251,0.31092387,0
1.4251049,-0.055657923,1.0005141,0.51130503,-0.80118251,0.31092387,0
-3.5200648,-2.6294291,-0.78340459,-0.7627086,-0.58976209,-0.2654357,0
-2.833359,-3.0706196,-1.9745605,-0.7627086,-0.58976209,-0.2654357,0
4.0786266,1.4308012,-0.097200871,0.39603359,-0.10142581,-0.91261715,0
0.79359639,0.69905543,1.8455353,-0.39603359,0.10142581,0.91261715,0
-4.5641251,-1.663377,-0.27307081,-0.51130503,0.80118251,-0.31092387,0
-0.54700315,-0.51813483,1.504859,-0.39603359,0.10142581,0.91261715,0
-2.2795255,-2.1737008,0.91902781,-0.39603359,0.10142581,0.91261715,0
1.0151296,2.1830058,1.0542008,-0.51130503,0.80118251,-0.31092387,0
-0.36394978,-1.398041,-1.6027086,0.39603359,-0.10142581,-0.91261715,0
-2.0927339,-1.8347126,0.83994508,-0.39603359,0.10142581,0.91261715,0
-2.9752371,-2.9647222,-1.6132271,-0.7627086,-0.58976209,-0.2654357,0
3.1331403,0.90485525,-0.28837943,0.39603359,-0.10142581,-0.91261715,0
1.3583993,2.2898221,0.60460806,-0.51130503,0.80118251,-0.31092387,0
-2.5342395,-3.4930081,-2.1181717,-0.7627086,-0.58976209,-0.2654357,0
3.1375003,2.4403958,2.2711732,0.7627086,0.58976209,0.2654357,0
2.7239561,1.3503113,2.1242404,0.51130503,-0.80118251,0.31092387,0
3.9350283,2.4893875,-0.21765399,0.39603359,-0.10142581,-0.91261715,0
2.0373878,3.0235045,0.97936487,-0.51130503,0.80118251,-0.31092387,0
-2.9979935,-3.391588,-0.9811244,-0.7627086,-0.58976209,-0.2654357,0
0.085155942,-1.3818697,-0.1779142,0.51130503,-0.80118251,0.31092387,0
0.30875915,1.0757231,1.6820998,-0.39603359,0.10142581,0.91261715,0
2.9404638,1.1040348,-0.43876362,0.39603359,-0.10142581,-0.91261715,0
1.5096269,1.9837118,-0.71463108,-0.51130503,0.80118251,-0.31092387,0
-1.8044508,-2.5055509,-2.2348247,0.39603359,-0.10142581,-0.91261715,0
-3.1359434,-0.73820543,0.089796305,-0.51130503,0.80118251,-0.31092387,0
1.0695559,2.4244592,1.7872028,-0.39603359,0.10142581,0.91261715,0
3.4492476,2.7569785,0.78115368,0.7627086,0.58976209,0.2654357,0
-1.5694411,-2.6494279,-0.89254069,0.51130503,-0.80118251,0.31092387,0
-1.9520921,-2.3700628,0.63297045,0.51130503,-0.80118251,0.31092387,0
-0.67634594,-1.2563777,0.93580067,0.51130503,-0.80118251,0.31092387,0
3.499305,2.8963416,0.13619113,0.7627086,0.58976209,0.2654357,0
0.74696845,1.6626327,-0.11024928,-0.51130503,0.80118251,-0.31092387,0
-3.0852284,-1.4185265,0.38386607,-0.39603359,0.10142581,0.91261715,0
0.57006836,-0.31764048,1.2154391,0.51130503,-0.80118251,0.31092387,0
1.7681209,0.62145603,1.8429704,0.51130503,-0.80118251,0.31092387,0
-1.6721133,-1.1123557,1.1200924,-0.39603359,0.10142581,0.91261715,0
3.6157756,2.6615393,0.9313364,0.7627086,0.58976209,0.2654357,0
0.80427635,-0.76888543,-0.097774267,0.51130503,-0.80118251,0.31092387,0
3.2909348,2.3591976,2.0318105,0.7627086,0.58976209,0.2654357,0
-0.26072383,-1.04363,-1.727376,0.39603359,-0.10142581,-0.91261715,0
-2.3968394,-0.5152874,-0.61323142,-0.51130503,0.80118251,-0.31092387,0
3.5766153,2.7397091,0.61540818,0.7627086,0.58976209,0.2654357,0
-3.1849592,-0.64313865,0.31105804,-0.51130503,0.80118251,-0.31092387,0
2.3255174,2.533179,2.2914398,-0.39603359,0.10142581,0.91261715,0
-3.5896869,-2.7167387,-0.65438461,-0.7627086,-0.58976209,-0.2654357,0
2.5931683,1.5734091,-0.71571732,0.39603359,-0.10142581,-0.91261715,0
-2.9111719,-1.9107753,-2.6241407,0.39603359,-0.10142581,-0.91261715,0
0.29407454,1.3083903,1.5367892,-0.39603359,0.10142581,0.91261715,0
1.4729695,2.2215462,2.0240231,-0.39603359,0.10142581,0.91261715,0
-1.8223858,-0.57603377,1.0037957,-0.39603359,0.10142581,0.91261715,0
-1.6642251,-2.2168317,-2.0843246,0.39603359,-0.10142581,-0.91261715,0
-2.1800642,-0.74776077,0.73476237,-0.39603359,0.10142581,0.91261715,0
2.0579796,2.2370563,2.3932667,-0.39603359,0.10142581,0.91261715,0
1.5092046,0.69950897,2.3073592,-0.39603359,0.10142581,0.91261715,0
-4.1107154,-1.8552239,-0.66557002,-0.7627086,-0.58976209,-0.2654357,0
0.10387737,-1.6034302,-0.89484644,0.51130503,-0.80118251,0.31092387,0
-3.3921299,-1.887332,-2.5488458,-0.51130503,0.80118251,-0.31092387,0
-1.1523606,-0.39712805,-2.2005672,0.39603359,-0.10142581,-0.91261715,0
-4.0088158,-2.2259674,-0.61743045,-0.7627086,-0.58976209,-0.2654357,0
3.3625886,2.857708,1.2302468,0.7627086,0.58976209,0.2654357,0
1.7548745,1.968599,-0.75042802,-0.51130503,0.80118251,-0.31092387,0
2.5560362,1.7787377,-0.78492212,0.39603359,-0.10142581,-0.91261715,0
-3.1031637,-3.0037885,-1.5348196,-0.7627086,-0.58976209,-0.2654357,0
0.44347388,-0.019565463,-1.4082195,0.39603359,-0.10142581,-0.91261715,0
-3.324753,-3.0825791,-0.81837988,-0.7627086,-0.58976209,-0.2654357,0
-2.4448485,-2.7418947,-2.4712193,0.39603359,-0.10142581,-0.91261715,0
3.109745,3.0624599,1.1114295,0.7627086,0.58976209,0.2654357,0
-2.6377072,-3.4966946,-1.5158165,0.51130503,-0.80118251,0.31092387,0
-1.0852928,-2.235713,-1.7677386,0.39603359,-0.10142581,-0.91261715,0
3.4529538,1.9611746,2.6283197,0.7627086,0.58976209,0.2654357,0
-3.8720958,-2.1313848,-1.048914,-0.7627086,-0.58976209,-0.2654357,0
-3.2974277,-1.91272,-2.7729344,-0.51130503,0.80118251,-0.31092387,0
3.7388902,2.4789426,-0.31259227,0.39603359,-0.10142581,-0.91261715,0
3.0434999,2.9952536,1.3221867,0.7627086,0.58976209,0.2654357,0
-0.46307221,-1.4602859,-1.7850654,0.39603359,-0.10142581,-0.91261715,0
-2.8303385,-3.433526,-1.391722,-0.7627086,-0.58976209,-0.2654357,0
-3.204561,-3.0150619,-0.81593275,-0.7627086,-0.58976209,-0.2654357,0
-3.7701459,-2.7714076,-0.18819475,-0.7627086,-0.58976209,-0.2654357,0
-0.36392474,1.3280579,1.3850539,-0.39603359,0.10142581,0.91261715,0
0.12683606,-1.1692712,-1.5220072,0.39603359,-0.10142581,-0.91261715,0
3.55756,2.6613834,0.80368328,0.7627086,0.58976209,0.2654357,0
3.2681339,3.2132728,0.42434764,0.7627086,0.58976209,0.2654357,0
0.63572383,1.1796831,1.8866651,-0.39603359,0.10142581,0.91261715,0
-1.7852734,0.26422963,0.48411071,-0.51130503,0.80118251,-0.31092387,0
2.8827891,3.0473442,-0.19372106,-0.51130503,0.80118251,-0.31092387,0
1.1715614,2.6379662,1.6686748,-0.51130503,0.80118251,-0.31092387,0
-1.0458468,-1.2096117,1.2191954,-0.39603359,0.10142581,0.91261715,0
-3.0149925,-2.8597784,-1.6542497,-0.7627086,-0.58976209,-0.2654357,0
2.3756177,3.5631509,2.0806322,0.7627086,0.58976209,0.2654357,0
4.2261295,2.0160367,0.56857395,0.7627086,0.58976209,0.2654357,0
-4.1775231,-1.9505279,-0.73264384,-0.7627086,-0.58976209,-0.2654357,0
0.024446368,0.52336824,-1.7279916,0.39603359,-0.10142581,-0.91261715,0
-2.4875903,-0.60899401,-0.7332561,-0.51130503,0.80118251,-0.31092387,0
-3.2336605,-3.2968936,-0.014354706,-0.7627086,-0.58976209,-0.2654357,0
3.6320357,2.9692945,0.18318701,0.7627086,0.58976209,0.2654357,0
-3.1800585,-2.359205,0.44200945,-0.39603359,0.10142581,0.91261715,0
2.7188334,3.3942091,1.7956998,0.7627086,0.58976209,0.2654357,0
-1.596329,-2.2453272,-2.0791919,0.39603359,-0.10142581,-0.91261715,0
3.4993079,3.1069658,-0.33971453,0.7627086,0.58976209,0.2654357,0
3.1485608,3.2904236,0.49204779,0.7627086,0.58976209,0.2654357,0
1.773371,-0.20702282,-0.40969896,0.51130503,-0.80118251,0.31092387,0
0.17759755,1.96381,1.4147584,-0.51130503,0.80118251,-0.31092387,0
2.8371897,2.5889845,-0.76482797,0.39603359,-0.10142581,-0.91261715,0
-2.6645079,-1.7655562,-2.5804794,0.39603359,-0.10142581,-0.91261715,0
0.29050219,-1.5022225,-0.83463973,0.51130503,-0.80118251,0.31092387,0
-2.1518064,-2.3979709,0.77864635,0.51130503,-0.80118251,0.31092387,0
-4.1593666,-1.8944676,-0.6703198,-0.7627086,-0.58976209,-0.2654357,0
-0.18543559,1.0244919,1.3496634,-0.39603359,0.10142581,0.91261715,0
1.5881486,2.9941387,1.925951,-0.51130503,0.80118251,-0.31092387,0
-3.4305112,-1.1532394,0.32971835,-0.39603359,0.10142581,0.91261715,0
-2.6806519,-0.45271993,0.47743332,-0.39603359,0.10142581,0.91261715,0
1.2034535,0.21630853,1.6996948,0.51130503,-0.80118251,0.31092387,0
-0.82415771,0.47298038,1.1450654,-0.39603359,0.10142581,0.91261715,0
-2.4692972,-1.8943082,-2.5710073,0.39603359,-0.10142581,-0.91261715,0
0.3271665,-1.354373,-0.52370423,0.51130503,-0.80118251,0.31092387,0
-3.310024,-2.4936745,-1.6020262,-0.7627086,-0.58976209,-0.2654357,0
-3.2636156,-3.1537745,0.33191013,0.51130503,-0.80118251,0.31092387,0
-2.8635964,-2.9846916,-2.4421914,-0.7627086,-0.58976209,-0.2654357,0
3.5103745,3.036083,0.23733401,0.7627086,0.58976209,0.2654357,0
0.13212401,-1.2138422,-0.42587301,0.51130503,-0.80118251,0.31092387,0
-3.391927,-1.3935987,-0.96944547,-0.51130503,0.80118251,-0.31092387,0
0.27545273,-0.75818205,1.108366,0.51130503,-0.80118251,0.31092387,0
-1.5106425,-2.4344504,-0.67712355,0.51130503,-0.80118251,0.31092387,0
3.0447612,2.5337248,-0.53685403,0.39603359,-0.10142581,-0.91261715,0
3.8482325,2.1851711,0.80857778,0.7627086,0.58976209,0.2654357,0
3.6302819,2.6998456,0.66478038,0.7627086,0.58976209,0.2654357,0
2.4846013,2.3246138,2.3966606,-0.39603359,0.10142581,0.91261715,0
-3.2215321,-2.7269394,-1.8501754,-0.7627086,-0.58976209,-0.2654357,0
-3.8419371,-1.7848384,-1.5987289,-0.7627086,-0.58976209,-0.2654357,0
3.3836155,2.9434085,0.70691872,0.7627086,0.58976209,0.2654357,0
-2.8794785,-1.3868488,0.49263263,-0.39603359,0.10142581,0.91261715,0
0.28254104,1.4145393,1.6386628,-0.39603359,0.10142581,0.91261715,0
-2.846606,-1.0357043,-1.3742652,-0.51130503,0.80118251,-0.31092387,0
1.3799295,2.7658384,1.7719982,-0.51130503,0.80118251,-0.31092387,0
-0.98090744,-2.6160011,-1.8263822,0.39603359,-0.10142581,-0.91261715,0
-4.1178575,-2.2396972,-0.42820954,-0.7627086,-0.58976209,-0.2654357,0
1.7414129,2.7772846,0.93043876,-0.51130503,0.80118251,-0.31092387,0
-4.405529,-1.7074428,-0.3373239,-0.7627086,-0.58976209,-0.2654357,0
-4.3530965,-2.140219,0.0020689964,-0.7627086,-0.58976209,-0.2654357,0
-2.8776479,-2.3534472,0.57756245,-0.39603359,0.10142581,0.91261715,0
-1.346887,-1.7742218,0.82915705,0.51130503,-0.80118251,0.31092387,0
3.0049367,2.8587265,1.8244472,0.7627086,0.58976209,0.2654357,0
-3.4279108,-2.9026711,-0.81144142,-0.7627086,-0.58976209,-0.2654357,0
-1.857784,-0.82568538,0.93904066,-0.39603359,0.10142581,0.91261715,0
-0.14000061,1.3258009,0.7069633,-0.51130503,0.80118251,-0.31092387,0
0.52107871,-0.12345767,1.9697765,-0.39603359,0.10142581,0.91261715,0
-3.4407387,-2.6673937,-0.77416778,-0.7627086,-0.58976209,-0.2654357,0
-2.7779932,-2.9540002,-2.3086431,-0.7627086,-0.58976209,-0.2654357,0
-3.0533347,-3.1612039,-1.0235837,-0.7627086,-0.58976209,-0.2654357,0
2.2576613,2.8506982,0.60334063,-0.51130503,0.80118251,-0.31092387,0
4.2507215,1.4425013,0.08428359,0.39603359,-0.10142581,-0.91261715,0
3.0466661,3.3382106,1.0434873,0.7627086,0.58976209,0.2654357,0
1.2560289,1.7253373,2.0689287,-0.39603359,0.10142581,0.91261715,0
-2.1702297,-2.4102225,0.74753475,0.51130503,-0.80118251,0.31092387,0
1.4926686,1.8164014,-0.71639538,-0.51130503,0.80118251,-0.31092387,0
3.2748821,3.1592219,0.19429803,0.7627086,0.58976209,0.2654357,0
-0.29889014,0.87228858,-0.3880446,-0.51130503,0.80118251,-0.31092387,0
-0.14360821,-0.95660555,1.0798278,0.51130503,-0.80118251,0.31092387,0
2.9541354,2.9943409,2.1051457,0.7627086,0.58976209,0.2654357,0
3.4675174,2.9781971,0.61187267,0.7627086,0.58976209,0.2654357,0
1.1354498,0.47539845,-1.1156633,0.39603359,-0.10142581,-0.91261715,0
-2.5506961,-3.2399909,-2.3870728,-0.7627086,-0.58976209,-0.2654357,0
-3.5501812,-2.4274564,-1.6661711,-0.7627086,-0.58976209,-0.2654357,0
3.3269947,2.3318992,2.0893502,0.7627086,0.58976209,0.2654357,0
3.4427652,1.9458592,2.5134652,0.7627086,0.58976209,0.2654357,0
1.6759222,1.9107578,2.1981916,-0.39603359,0.10142581,0.91261715,0
2.6427674,2.0274782,-0.65042746,0.39603359,-0.10142581,-0.91261715,0
-0.49166182,-2.0300639,-1.5047315,0.51130503,-0.80118251,0.31092387,0
3.3571839,2.8213813,0.80431128,0.7627086,0.58976209,0.2654357,0
-1.5684022,-1.6990261,1.135787,0.51130503,-0.80118251,0.31092387,0
-3.5363314,-1.5843492,0.35270166,-0.39603359,0.10142581,0.91261715,0
-0.29121566,0.28179127,-1.7809128,-0.51130503,0.80118251,-0.31092387,0
-3.2330115,-2.2602656,-2.4301641,-0.7627086,-0.58976209,-0.2654357,0
-1.9490991,0.017498642,0.7228055,-0.39603359,0.10142581,0.91261715,0
-1.5483357,-0.92353839,-2.171248,0.39603359,-0.10142581,-0.91261715,0
2.7767134,1.1854739,1.6800327,0.51130503,-0.80118251,0.31092387,0
2.6856251,1.6620339,-0.58614361,0.39603359,-0.10142581,-0.91261715,0
3.1979847,0.75912619,-0.40999424,0.39603359,-0.10142581,-0.91261715,0
-2.2810891,-3.2994547,-2.3681202,0.39603359,-0.10142581,-0.91261715,0
0.094449759,0.67265403,-1.4801177,-0.51130503,0.80118251,-0.31092387,0
2.4411011,1.0140941,2.0023286,0.51130503,-0.80118251,0.31092387,0
2.0533142,3.144865,2.2661345,-0.39603359,0.10142581,0.91261715,0
2.9788325,2.6660271,2.3002234,0.7627086,0.58976209,0.2654357,0
-1.5307279,0.04596293,-0.55243063,-0.51130503,0.80118251,-0.31092387,0
-2.59376,-1.1341634,0.69720924,-0.39603359,0.10142581,0.91261715,0
3.6068938,2.8412755,0.55490065,0.7627086,0.58976209,0.2654357,0
1.5976381,2.4219854,0.30812502,-0.51130503,0.80118251,-0.31092387,0
-3.5703909,-1.9502559,-2.103246,-0.7627086,-0.58976209,-0.2654357,0
-0.4168871,-1.6485378,-0.48374712,0.51130503,-0.80118251,0.31092387,0
0.025860876,-1.107303,0.17854494,0.51130503,-0.80118251,0.31092387,0
-1.3781396,-2.3700321,-0.33364272,0.51130503,-0.80118251,0.31092387,0
1.7296238,3.2264602,1.9918287,-0.51130503,0.80118251,-0.31092387,0
3.3291001,2.4960113,2.1381793,0.7627086,0.58976209,0.2654357,0
-3.0092626,-2.7639067,-2.3418188,-0.7627086,-0.58976209,-0.2654357,0
1.4987506,1.9245744,-0.86673576,-0.51130503,0.80118251,-0.31092387,0
-4.2536764,-1.8726122,-0.22062922,-0.7627086,-0.58976209,-0.2654357,0
2.2549117,3.3553412,2.152921,-0.39603359,0.10142581,0.91261715,0
-3.7701104,-1.2497162,-0.29788041,-0.51130503,0.80118251,-0.31092387,0
3.4388845,3.1299534,-0.15724635,0.7627086,0.58976209,0.2654357,0
-2.3317518,-3.4468606,-2.2086174,0.39603359,-0.10142581,-0.91261715,0
2.8282142,1.184554,-0.56416118,0.39603359,-0.10142581,-0.91261715,0
2.8606172,0.56924534,-0.26437819,0.51130503,-0.80118251,0.31092387,0
3.2706039,2.5509226,1.5661883,0.7627086,0.58976209,0.2654357,0
4.2701826,1.6318903,0.70927739,0.51130503,-0.80118251,0.31092387,0
1.0166167,-0.3569802,0.49158454,0.51130503,-0.80118251,0.31092387,0
2.5755033,1.2017235,-0.55157006,0.39603359,-0.10142581,-0.91261715,0
0.31293482,1.5715083,0.0097966194,-0.51130503,0.80118251,-0.31092387,0
2.840589,1.2522779,1.5711982,0.51130503,-0.80118251,0.31092387,0
2.495827,1.0473,1.744807,0.51130503,-0.80118251,0.31092387,0
-2.1747549,0.030909587,0.40021473,-0.51130503,0.80118251,-0.31092387,0
-3.031621,-2.8611586,-1.9980834,-0.7627086,-0.58976209,-0.2654357,0
1.5508991,2.1155853,2.1370234,-0.39603359,0.10142581,0.91261715,0
-2.612699,-1.9165741,0.69341481,-0.39603359,0.10142581,0.91261715,0
-3.3990929,-2.9206185,-0.44232106,-0.7627086,-0.58976209,-0.2654357,0
-3.3668671,-2.1042066,-2.6199899,-0.7627086,-0.58976209,-0.2654357,0
-1.449373,-1.104327,-2.0660865,0.39603359,-0.10142581,-0.91261715,0
1.5235937,0.27715439,1.4098618,0.51130503,-0.80118251,0.31092387,0
-3.4017763,-2.9072688,-0.37088346,-0.7627086,-0.58976209,-0.2654357,0
-2.1834567,-0.68025523,-1.0863508,-0.51130503,0.80118251,-0.31092387,0
2.66784,3.3315775,1.2857535,-0.51130503,0.80118251,-0.31092387,0
-2.1480982,-0.44468978,0.65986198,-0.39603359,0.10142581,0.91261715,0
-3.3338554,-2.9798532,-0.55879927,-0.7627086,-0.58976209,-0.2654357,0
-3.400007,-1.6078732,-2.0746017,-0.51130503,0.80118251,-0.31092387,0
-0.79628122,1.0108486,0.57690465,-0.51130503,0.80118251,-0.31092387,0
2.4677866,3.5079021,2.4099431,0.7627086,0.58976209,0.2654357,0
-3.1033249,-2.4285181,-2.6116176,-0.7627086,-0.58976209,-0.2654357,0
1.4133065,2.693192,2.0310144,-0.39603359,0.10142581,0.91261715,0
-3.4318428,-3.1924887,-0.25560308,-0.7627086,-0.58976209,-0.2654357,0
-2.9832084,-2.9494872,-2.1579919,-0.7627086,-0.58976209,-0.2654357,0
-3.4740109,-3.307657,0.22035098,-0.7627086,-0.58976209,-0.2654357,0
4.0357275,2.1151564,0.37257981,0.7627086,0.58976209,0.2654357,0
-4.1597815,-1.9462693,-0.042170048,-0.39603359,0.10142581,0.91261715,0
1.0865985,2.3202167,1.8365117,-0.39603359,0.10142581,0.91261715,0
1.2146786,1.8304189,-0.25275195,-0.51130503,0.80118251,-0.31092387,0
1.5018015,0.35590589,1.9805483,0.51130503,-0.80118251,0.31092387,0
1.4370147,1.8156515,-0.84645039,-0.51130503,0.80118251,-0.31092387,0
-0.99184191,-2.0114467,-0.29937029,0.51130503,-0.80118251,0.31092387,0
-3.2580121,-1.7518082,-2.3405406,-0.51130503,0.80118251,-0.31092387,0
-0.60577476,1.0216047,0.52042633,-0.51130503,0.80118251,-0.31092387,0
2.2258115,0.58906955,0.89808345,0.51130503,-0.80118251,0.31092387,0
-3.7840703,-2.5267842,-0.81334925,-0.7627086,-0.58976209,-0.2654357,0
-2.8691425,-2.6179304,-2.5282068,-0.7627086,-0.58976209,-0.2654357,0
1.6411481,2.6312134,0.76150727,-0.51130503,0.80118251,-0.31092387,0
-0.20186549,0.74314821,-1.0555558,-0.51130503,0.80118251,-0.31092387,0
-1.2867868,-1.3488624,1.2207463,-0.39603359,0.10142581,0.91261715,0
-1.0453165,0.43562201,-0.13659239,-0.51130503,0.80118251,-0.31092387,0
-3.4714255,-2.73948,-0.98835754,-0.7627086,-0.58976209,-0.2654357,0
1.5015824,2.0297568,-0.52975094,-0.51130503,0.80118251,-0.31092387,0
-2.8367865,-0.68780553,-0.27705884,-0.51130503,0.80118251,-0.31092387,0
3.8685768,1.8612076,-0.12770915,0.39603359,-0.10142581,-0.91261715,0
1.8642445,-0.1810922,-0.89231533,0.39603359,-0.10142581,-0.91261715,0
-3.6517177,-3.0663564,0.12430644,-0.7627086,-0.58976209,-0.2654357,0
4.4955649,1.8248498,-0.001601696,0.39603359,-0.10142581,-0.91261715,0
2.5458136,3.3066471,2.1399958,0.7627086,0.58976209,0.2654357,0
-3.9242435,-2.4978604,-0.23607874,-0.7627086,-0.58976209,-0.2654357,0
3.8459444,2.5709879,0.23801136,0.7627086,0.58976209,0.2654357,0
