-2.4278314,-1.2882271,0.51153779,-0.691185,0.19744688,-0.69518185,0
2.0324459,2.1261272,-0.19015795,0.006218791,0.9635421,0.26748398,0
2.4154482,2.2492518,-2.7109714,0.72265089,0.18055785,-0.66721392,0
0.15030819,1.3524394,-1.1923141,-0.691185,0.19744688,-0.69518185,0
-0.67635554,-0.71229076,1.8343905,0.691185,-0.19744688,0.69518185,0
2.4475274,1.1975801,-2.9743836,0.72265089,0.18055785,-0.66721392,0
-1.8549023,-1.2058468,-0.010131061,-0.691185,0.19744688,-0.69518185,0
0.0081697702,2.3725054,-0.89436567,0.006218791,0.9635421,0.26748398,0
-0.83287334,2.1076617,0.029007852,-0.691185,0.19744688,-0.69518185,0
-2.8261716,-2.45995,2.1760614,-0.72265089,-0.18055785,0.66721392,0
-2.3973854,-0.68024874,0.72015643,-0.691185,0.19744688,-0.69518185,0
-0.31147957,1.7701848,-0.6155687,-0.691185,0.19744688,-0.69518185,0
1.1537766,0.1705226,-2.4206583,-0.691185,0.19744688,-0.69518185,0
-2.3307464,-0.82736993,3.2393425,-0.72265089,-0.18055785,0.66721392,0
-2.8707807,0.59833395,3.0391688,-0.72265089,-0.18055785,0.66721392,0
-2.6024282,1.6456329,1.7312652,0.006218791,0.9635421,0.26748398,0
0.051796436,-1.5749795,-1.9183416,-0.006218791,-0.9635421,-0.26748398,0
1.1614752,0.72354567,-2.3617513,-0.691185,0.19744688,-0.69518185,0
-1.1473184,1.4249525,2.7347045,0.006218791,0.9635421,0.26748398,0
-2.608582,1.4063457,2.8441668,0.006218791,0.9635421,0.26748398,0
-3.6280062,-2.0490468,1.5436454,-0.72265089,-0.18055785,0.66721392,0
-0.94467092,0.7200526,-0.15894389,-0.691185,0.19744688,-0.69518185,0
3.4606135,0.70430195,-1.7512692,0.691185,-0.19744688,0.69518185,0
0.44527203,-1.5157149,0.65744352,0.691185,-0.19744688,0.69518185,0
-0.47475708,0.76923579,-0.78814912,-0.691185,0.19744688,-0.69518185,0
-1.3087692,-2.5781479,1.7151614,-0.006218791,-0.9635421,-0.26748398,0
1.7825699,-1.7225019,-1.316499,-0.006218791,-0.9635421,-0.26748398,0
-2.8212948,-1.2921133,1.0229288,-0.691185,0.19744688,-0.69518185,0
3.0948009,1.8961875,-2.1083684,0.72265089,0.18055785,-0.66721392,0
-2.5807371,-1.1278551,3.0006404,-0.72265089,-0.18055785,0.66721392,0
-3.3482151,-2.0052245,1.3452891,-0.691185,0.19744688,-0.69518185,0
-1.2329346,-0.41834885,-0.43287435,-0.691185,0.19744688,-0.69518185,0
1.3406278,2.6439288,-1.7656121,0.006218791,0.9635421,0.26748398,0
0.52761567,-1.8737636,-0.73185205,-0.006218791,-0.9635421,-0.26748398,0
-2.3771808,-2.6823084,2.0881858,-0.006218791,-0.9635421,-0.26748398,0
-1.8269353,-2.2819874,0.49590829,-0.006218791,-0.9635421,-0.26748398,0
-2.9803324,-2.4506574,2.0710299,-0.72265089,-0.18055785,0.66721392,0
2.096168,1.4352642,-0.31399953,0.691185,-0.19744688,0.69518185,0
-3.0337827,0.68996084,3.0416179,-0.72265089,-0.18055785,0.66721392,0
1.7409453,0.010432959,-0.36750185,0.691185,-0.19744688,0.69518185,0
-1.6054534,-2.1318824,-0.085699826,-0.006218791,-0.9635421,-0.26748398,0
0.84888637,2.2213149,-0.33227569,0.006218791,0.9635421,0.26748398,0
-2.2724302,-0.66019654,3.4359126,-0.72265089,-0.18055785,0.66721392,0
-0.71567452,1.6400253,1.3457968,0.006218791,0.9635421,0.26748398,0
-0.82561421,-0.73052371,-0.93384576,-0.691185,0.19744688,-0.69518185,0
2.1808898,-1.7098657,-1.6498973,-0.006218791,-0.9635421,-0.26748398,0
-3.2211757,-0.61521614,2.3033319,-0.72265089,-0.18055785,0.66721392,0
-2.5812354,1.3493019,2.9987013,0.006218791,0.9635421,0.26748398,0
2.3351285,-1.3657897,-2.7225537,-0.006218791,-0.9635421,-0.26748398,0
-1.8694316,0.5026418,3.4984868,0.691185,-0.19744688,0.69518185,0
-3.2080448,-2.5467808,1.7068933,-0.006218791,-0.9635421,-0.26748398,0
-0.62351972,-1.4781767,1.7733258,0.691185,-0.19744688,0.69518185,0
2.9556761,2.5331998,-2.1621177,0.72265089,0.18055785,-0.66721392,0
-3.3717461,-0.24152803,2.2703118,-0.72265089,-0.18055785,0.66721392,0
1.3548781,-1.7988069,-1.3098992,-0.006218791,-0.9635421,-0.26748398,0
1.0497211,2.2616909,-0.36576056,0.006218791,0.9635421,0.26748398,0
-2.8786073,-0.56253624,2.719183,-0.72265089,-0.18055785,0.66721392,0
3.0051708,1.6910274,-2.3348408,0.72265089,0.18055785,-0.66721392,0
2.2861993,2.5536928,-2.7218699,0.72265089,0.18055785,-0.66721392,0
-2.482058,-0.40132123,3.1791263,-0.72265089,-0.18055785,0.66721392,0
-2.9821644,0.31334329,1.5776399,-0.691185,0.19744688,-0.69518185,0
3.2213478,1.9035084,-2.0726395,0.72265089,0.18055785,-0.66721392,0
-2.2109594,-0.41912889,3.3880508,0.691185,-0.19744688,0.69518185,0
-0.41331494,0.75513214,-0.69227564,-0.691185,0.19744688,-0.69518185,0
-2.8645291,-2.6427455,2.1077304,-0.72265089,-0.18055785,0.66721392,0
-3.5228775,-2.0180264,1.6608185,-0.72265089,-0.18055785,0.66721392,0
3.0887227,1.3669105,-2.396071,0.72265089,0.18055785,-0.66721392,0
-3.2200665,0.51526749,2.6988041,-0.72265089,-0.18055785,0.66721392,0
0.56819832,0.87919736,-1.7727849,-0.691185,0.19744688,-0.69518185,0
-0.060440123,0.033539057,-1.3434116,-0.691185,0.19744688,-0.69518185,0
-3.1851149,0.74174869,2.6268725,-0.72265089,-0.18055785,0.66721392,0
-1.3608047,-2.4614906,1.1865417,-0.006218791,-0.9635421,-0.26748398,0
2.7328,2.3620617,-1.4536436,0.006218791,0.9635421,0.26748398,0
1.0287939,2.4330001,-1.7698364,-0.691185,0.19744688,-0.69518185,0
1.2236239,2.4655962,-2.0732946,-0.691185,0.19744688,-0.69518185,0
1.0572591,-1.5410025,-0.00426054,0.691185,-0.19744688,0.69518185,0
-2.0222013,-2.8036718,2.3477952,-0.006218791,-0.9635421,-0.26748398,0
-2.2893958,1.4278921,2.33166,0.006218791,0.9635421,0.26748398,0
-0.55864465,1.5868925,1.5724142,0.006218791,0.9635421,0.26748398,0
3.5369761,1.0637788,-2.0231261,0.72265089,0.18055785,-0.66721392,0
3.3099196,1.5761328,-1.9848381,0.72265089,0.18055785,-0.66721392,0
2.6812091,-0.20712173,-3.0177629,0.72265089,0.18055785,-0.66721392,0
-0.81625986,0.69809353,-0.30985528,-0.691185,0.19744688,-0.69518185,0
0.55765915,1.7848033,1.0886234,0.006218791,0.9635421,0.26748398,0
1.0028791,-0.65034592,0.25660548,0.691185,-0.19744688,0.69518185,0
0.22346047,-1.2864392,0.883883,0.691185,-0.19744688,0.69518185,0
2.5020261,-0.42087901,-3.5231638,0.72265089,0.18055785,-0.66721392,0
-1.1683929,-2.3714254,1.1512702,-0.006218791,-0.9635421,-0.26748398,0
-3.3547134,-0.87781882,1.5125965,-0.691185,0.19744688,-0.69518185,0
-1.0784099,1.7942394,1.0184386,0.006218791,0.9635421,0.26748398,0
0.92155921,2.1024826,0.15639769,0.006218791,0.9635421,0.26748398,0
-3.1665068,-2.5036871,1.3746008,-0.006218791,-0.9635421,-0.26748398,0
1.3401608,2.4260883,-2.0960655,-0.691185,0.19744688,-0.69518185,0
2.9453304,-1.2775925,-2.7202396,-0.006218791,-0.9635421,-0.26748398,0
-3.0416036,-0.32254016,2.5248296,-0.72265089,-0.18055785,0.66721392,0
-1.0288622,-0.5991177,-0.49900013,-0.691185,0.19744688,-0.69518185,0
-0.64679265,-0.028709229,1.9931781,0.691185,-0.19744688,0.69518185,0
0.066071033,-2.2405176,0.8649205,0.691185,-0.19744688,0.69518185,0
-2.7980366,0.85641718,3.0496216,-0.72265089,-0.18055785,0.66721392,0
-1.1977239,1.1960166,0.076795995,-0.691185,0.19744688,-0.69518185,0
-1.9677341,-1.0849516,3.0183592,0.691185,-0.19744688,0.69518185,0
-2.2418079,0.94566715,0.98180604,-0.691185,0.19744688,-0.69518185,0
-0.71752369,-1.8994114,-0.24814005,-0.006218791,-0.9635421,-0.26748398,0
0.46280456,-1.0452065,0.55518025,0.691185,-0.19744688,0.69518185,0
2.5277629,2.6047485,-2.161973,0.006218791,0.9635421,0.26748398,0
-2.3069799,-0.93923169,3.3257906,-0.72265089,-0.18055785,0.66721392,0
-0.3637377,1.9175569,0.76675057,0.006218791,0.9635421,0.26748398,0
-3.3745492,0.21121931,1.9332041,-0.691185,0.19744688,-0.69518185,0
-3.4499085,0.5624733,2.5064759,-0.72265089,-0.18055785,0.66721392,0
1.2379103,-1.5971099,-0.20255399,0.691185,-0.19744688,0.69518185,0
-1.3865856,-2.4306939,1.6360936,-0.006218791,-0.9635421,-0.26748398,0
-2.009315,-2.6817803,2.591691,0.691185,-0.19744688,0.69518185,0
-1.7404817,-2.3715913,2.3635845,0.691185,-0.19744688,0.69518185,0
3.0063829,0.46478307,-2.5114341,0.72265089,0.18055785,-0.66721392,0
-1.8345069,0.25237978,3.4462938,0.691185,-0.19744688,0.69518185,0
2.7841213,-1.1818097,-3.2805982,0.72265089,0.18055785,-0.66721392,0
-0.8333298,-1.9327664,-0.27857506,-0.006218791,-0.9635421,-0.26748398,0
0.94780964,0.0001103878,0.6179024,0.691185,-0.19744688,0.69518185,0
-2.9526803,-1.3326209,1.18416,-0.691185,0.19744688,-0.69518185,0
2.3519454,-1.1798671,-1.2059646,0.691185,-0.19744688,0.69518185,0
-2.6288309,-2.6697702,2.3564191,-0.72265089,-0.18055785,0.66721392,0
2.3133292,-0.0079729557,-3.3883696,0.72265089,0.18055785,-0.66721392,0
-2.642899,-2.3400197,2.4819493,-0.72265089,-0.18055785,0.66721392,0
-1.7650051,0.17601037,0.38622379,-0.691185,0.19744688,-0.69518185,0
2.8590691,-1.4489634,-2.3479896,-0.006218791,-0.9635421,-0.26748398,0
-0.3986783,-1.8871664,-0.94821405,-0.006218791,-0.9635421,-0.26748398,0
1.1550558,0.012257308,-2.4409857,-0.691185,0.19744688,-0.69518185,0
1.5367422,-1.7238925,-0.5947628,0.691185,-0.19744688,0.69518185,0
-3.4654746,-0.56204689,2.0528464,-0.72265089,-0.18055785,0.66721392,0
-0.7775225,0.4500246,-0.40505457,-0.691185,0.19744688,-0.69518185,0
2.6215982,1.6364607,-0.83641529,0.691185,-0.19744688,0.69518185,0
-3.3817708,-1.0920463,2.1290722,-0.72265089,-0.18055785,0.66721392,0
-3.3404055,0.71876335,2.544147,-0.72265089,-0.18055785,0.66721392,0
-2.1224983,-2.4897151,1.7080631,-0.006218791,-0.9635421,-0.26748398,0
2.4770083,1.1852142,-2.8928361,0.72265089,0.18055785,-0.66721392,0
-0.80991495,-2.2867949,0.51377422,-0.006218791,-0.9635421,-0.26748398,0
2.208246,1.4078367,-3.1721051,0.72265089,0.18055785,-0.66721392,0
-0.062909365,1.7976208,0.67524421,0.006218791,0.9635421,0.26748398,0
1.48972,-1.5244726,-2.1194503,-0.006218791,-0.9635421,-0.26748398,0
-1.5492333,1.416347,2.3182631,0.006218791,0.9635421,0.26748398,0
-0.64648032,-1.5409874,-1.1407065,-0.691185,0.19744688,-0.69518185,0
1.1142981,1.6797792,-1.9757783,-0.691185,0.19744688,-0.69518185,0
2.8260067,2.5708079,-1.7266165,0.006218791,0.9635421,0.26748398,0
2.9825783,2.3300712,-2.059046,0.72265089,0.18055785,-0.66721392,0
1.3303478,2.1577363,-2.0744755,-0.691185,0.19744688,-0.69518185,0
1.5736511,-1.6040969,-1.8193947,-0.006218791,-0.9635421,-0.26748398,0
1.3739612,2.4162409,-1.5276399,0.006218791,0.9635421,0.26748398,0
-1.3230785,-2.2658725,0.92167878,-0.006218791,-0.9635421,-0.26748398,0
1.5684075,1.30793,-2.610364,-0.691185,0.19744688,-0.69518185,0
-2.5309315,-0.94158453,3.0008368,-0.72265089,-0.18055785,0.66721392,0
-1.9167455,-2.2028406,2.7074707,0.691185,-0.19744688,0.69518185,0
-2.3216195,-1.0218949,3.1699774,-0.72265089,-0.18055785,0.66721392,0
-1.7734456,1.2931503,2.6183152,0.006218791,0.9635421,0.26748398,0
-1.3524318,1.0682986,0.11684269,-0.691185,0.19744688,-0.69518185,0
0.58703822,0.22381616,0.88773531,0.691185,-0.19744688,0.69518185,0
-1.6857783,0.33421111,3.2892792,0.691185,-0.19744688,0.69518185,0
-1.9203479,1.1916385,3.5786629,0.006218791,0.9635421,0.26748398,0
-3.1733074,-0.28835607,1.5706192,-0.691185,0.19744688,-0.69518185,0
-2.701066,-1.790977,0.71287799,-0.691185,0.19744688,-0.69518185,0
-2.6814408,-0.94592077,2.9549327,-0.72265089,-0.18055785,0.66721392,0
-1.9261765,-1.0391963,0.071235359,-0.691185,0.19744688,-0.69518185,0
-3.1892657,-2.5225227,1.6298368,-0.006218791,-0.9635421,-0.26748398,0
-1.5842439,-1.5568115,-0.24127483,-0.691185,0.19744688,-0.69518185,0
0.32622075,1.991601,0.55477923,0.006218791,0.9635421,0.26748398,0
2.8855526,-1.0680523,-3.2587867,0.72265089,0.18055785,-0.66721392,0
1.0553765,-0.29477477,0.31048873,0.691185,-0.19744688,0.69518185,0
3.4394646,2.3057377,-1.5501609,0.72265089,0.18055785,-0.66721392,0
2.3994246,0.38525987,-3.3876927,0.72265089,0.18055785,-0.66721392,0
-0.34513044,1.7731351,1.4309151,0.006218791,0.9635421,0.26748398,0
-1.0107428,0.10297884,2.475795,0.691185,-0.19744688,0.69518185,0
-1.2969395,-1.1921059,-0.51344436,-0.691185,0.19744688,-0.69518185,0
3.2875557,1.9941378,-1.1791111,0.691185,-0.19744688,0.69518185,0
-3.3470585,-0.12580991,2.2365525,-0.72265089,-0.18055785,0.66721392,0
-0.65969467,-1.1883521,-1.0082424,-0.691185,0.19744688,-0.69518185,0
1.2593313,2.0127177,0.33542565,0.006218791,0.9635421,0.26748398,0
3.4902463,0.21359658,-2.1174464,0.72265089,0.18055785,-0.66721392,0
2.7750859,-0.85710096,-3.1493726,0.72265089,0.18055785,-0.66721392,0
0.16551173,-1.1858802,-1.9033706,-0.691185,0.19744688,-0.69518185,0
0.99588728,-1.3607594,-2.5430331,-0.006218791,-0.9635421,-0.26748398,0
2.9848461,2.0209725,-2.3168368,0.72265089,0.18055785,-0.66721392,0
2.7836039,0.21814919,-3.0211043,0.72265089,0.18055785,-0.66721392,0
1.525964,-1.5879529,-1.6679294,-0.006218791,-0.9635421,-0.26748398,0
-2.1327612,1.1164424,3.7072158,0.006218791,0.9635421,0.26748398,0
1.0131568,2.4698284,-1.76563,-0.691185,0.19744688,-0.69518185,0
2.2217405,2.2322531,-2.9812779,0.72265089,0.18055785,-0.66721392,0
-2.6758232,-2.2888064,0.92403662,-0.006218791,-0.9635421,-0.26748398,0
2.0477662,0.84891444,-3.1432669,-0.691185,0.19744688,-0.69518185,0
-3.0356295,-2.5397182,2.0671406,-0.006218791,-0.9635421,-0.26748398,0
2.3392484,-0.27291131,-3.5379152,0.72265089,0.18055785,-0.66721392,0
0.78818738,2.294049,-0.68359441,0.006218791,0.9635421,0.26748398,0
2.8127365,1.143501,-2.7823949,0.72265089,0.18055785,-0.66721392,0
-0.92384803,-1.6365895,-0.8627575,-0.691185,0.19744688,-0.69518185,0
1.6117256,-1.701458,-0.78097177,0.691185,-0.19744688,0.69518185,0
-2.9272671,-1.285501,1.0335009,-0.691185,0.19744688,-0.69518185,0
-1.7975222,1.3559332,2.5176311,0.006218791,0.9635421,0.26748398,0
3.0967903,-1.3019674,-2.6927836,-0.006218791,-0.9635421,-0.26748398,0
3.1264091,-1.2743353,-2.9884624,0.72265089,0.18055785,-0.66721392,0
3.0724459,0.46457243,-2.5778117,0.72265089,0.18055785,-0.66721392,0
2.7569091,1.9205804,-2.5231659,0.72265089,0.18055785,-0.66721392,0
-2.5628343,-0.76909792,0.8366611,-0.691185,0.19744688,-0.69518185,0
1.3452088,1.7504951,-2.2789488,-0.691185,0.19744688,-0.69518185,0
0.65773487,1.98768,0.63398468,0.006218791,0.9635421,0.26748398,0
-1.0231642,1.7806295,1.2683771,0.006218791,0.9635421,0.26748398,0
-3.0997012,0.9633168,3.0184126,-0.72265089,-0.18055785,0.66721392,0
-2.6361716,0.82443786,3.4934611,-0.72265089,-0.18055785,0.66721392,0
-0.73161101,-2.2652576,1.0690657,-0.006218791,-0.9635421,-0.26748398,0
-0.48049092,-1.0319399,-1.1385009,-0.691185,0.19744688,-0.69518185,0
2.8869894,0.4970504,-2.7543509,0.72265089,0.18055785,-0.66721392,0
1.2884982,1.9894154,0.0088336319,0.006218791,0.9635421,0.26748398,0
1.6942158,-0.46860653,-3.1526365,-0.691185,0.19744688,-0.69518185,0
1.7626003,-1.0069966,-3.5684478,-0.006218791,-0.9635421,-0.26748398,0
-3.2433748,-0.94058216,2.3284516,-0.72265089,-0.18055785,0.66721392,0
1.5559832,2.1522565,-0.58256578,0.006218791,0.9635421,0.26748398,0
-1.6824871,1.7644801,1.4717612,0.006218791,0.9635421,0.26748398,0
2.3591943,2.3180909,-2.930562,0.72265089,0.18055785,-0.66721392,0
-2.2393398,-1.3996248,3.0614471,-0.72265089,-0.18055785,0.66721392,0
2.9243224,0.51907277,-2.5964553,0.72265089,0.18055785,-0.66721392,0
2.3225629,0.85535598,-0.71312559,0.691185,-0.19744688,0.69518185,0
3.0768051,-0.088332891,-1.5832238,0.691185,-0.19744688,0.69518185,0
-2.5585001,-0.73749733,0.87905538,-0.691185,0.19744688,-0.69518185,0
-2.7515574,-0.17590237,3.0174308,-0.72265089,-0.18055785,0.66721392,0
1.5932519,0.80524921,-2.651211,-0.691185,0.19744688,-0.69518185,0
-1.7947948,1.315546,2.5894823,0.006218791,0.9635421,0.26748398,0
3.5623085,2.0658793,-1.5521897,0.691185,-0.19744688,0.69518185,0
-0.26760662,-1.8502544,1.1474421,0.691185,-0.19744688,0.69518185,0
-1.8200082,-2.529074,1.8723384,-0.006218791,-0.9635421,-0.26748398,0
1.5709485,2.4296708,-1.2705557,0.006218791,0.9635421,0.26748398,0
-0.54061282,2.0457613,0.18490243,0.006218791,0.9635421,0.26748398,0
3.1319869,1.4431226,-2.0873756,0.72265089,0.18055785,-0.66721392,0
3.2557456,-1.346961,-2.176877,0.691185,-0.19744688,0.69518185,0
2.3597212,2.3368371,-2.7418098,0.72265089,0.18055785,-0.66721392,0
-2.6257381,-2.4291816,2.3905067,-0.72265089,-0.18055785,0.66721392,0
2.9431884,2.6848779,-1.9641664,0.006218791,0.9635421,0.26748398,0
-1.5759252,1.3201382,2.8303699,0.006218791,0.9635421,0.26748398,0
0.36921287,2.3421085,-0.92046058,0.006218791,0.9635421,0.26748398,0
-3.2078953,-0.42188585,2.3659029,-0.72265089,-0.18055785,0.66721392,0
-2.6886623,0.4612385,3.0861018,-0.72265089,-0.18055785,0.66721392,0
0.8557809,-0.66727942,0.46097291,0.691185,-0.19744688,0.69518185,0
-0.84031999,1.7095085,1.169095,0.006218791,0.9635421,0.26748398,0
2.5005064,2.7481701,-2.1954944,0.006218791,0.9635421,0.26748398,0
-2.2311587,-0.26664472,0.68681669,-0.691185,0.19744688,-0.69518185,0
0.92310727,-0.75545591,0.3143712,0.691185,-0.19744688,0.69518185,0
-2.2025287,1.5755241,2.0707841,0.006218791,0.9635421,0.26748398,0
-1.2594357,-2.1820111,0.69970667,-0.006218791,-0.9635421,-0.26748398,0
0.17956662,-1.1029744,1.0442595,0.691185,-0.19744688,0.69518185,0
-2.6673536,0.64745677,3.3978617,-0.72265089,-0.18055785,0.66721392,0
2.1514239,2.0052328,-0.14082539,0.006218791,0.9635421,0.26748398,0
0.9564358,0.069408119,0.54926038,0.691185,-0.19744688,0.69518185,0
-1.9108298,-0.55190814,3.188098,0.691185,-0.19744688,0.69518185,0
-3.2490439,-0.64482594,1.6261343,-0.691185,0.19744688,-0.69518185,0
-3.3802795,0.089365959,1.9253038,-0.691185,0.19744688,-0.69518185,0
3.256187,-0.61815166,-2.6332314,0.72265089,0.18055785,-0.66721392,0
1.8698934,1.4989218,-2.7414432,-0.691185,0.19744688,-0.69518185,0
3.5303283,0.63979185,-1.9998749,0.72265089,0.18055785,-0.66721392,0
-3.460258,0.50487685,2.3462677,-0.72265089,-0.18055785,0.66721392,0
2.1434858,2.6823847,-2.8960054,-0.691185,0.19744688,-0.69518185,0
-3.2803764,-0.44935107,2.4501524,-0.72265089,-0.18055785,0.66721392,0
-3.0828452,-1.8797362,2.2005658,-0.72265089,-0.18055785,0.66721392,0
2.3759413,2.133476,-0.33640021,0.691185,-0.19744688,0.69518185,0
-3.0370865,0.54327846,2.747375,-0.72265089,-0.18055785,0.66721392,0
2.3495188,2.4415002,-1.2877098,0.006218791,0.9635421,0.26748398,0
2.8093295,-0.42394495,-2.9272196,0.72265089,0.18055785,-0.66721392,0
-2.4491622,-1.7509296,2.8699327,-0.72265089,-0.18055785,0.66721392,0
-0.49940133,-0.10061806,-0.89256597,-0.691185,0.19744688,-0.69518185,0
-2.2745388,1.4892119,2.518302,0.006218791,0.9635421,0.26748398,0
1.3694648,-1.6861339,-1.6329268,-0.006218791,-0.9635421,-0.26748398,0
-2.2456796,-2.0661209,2.8783495,-0.72265089,-0.18055785,0.66721392,0
1.5135432,1.8950213,0.47982931,0.691185,-0.19744688,0.69518185,0
3.0778213,1.2563421,-2.2821717,0.72265089,0.18055785,-0.66721392,0
1.2266673,-0.11886916,-2.6234086,-0.691185,0.19744688,-0.69518185,0
1.2687815,-1.6221371,-1.418849,-0.006218791,-0.9635421,-0.26748398,0
2.9175649,1.8378513,-2.3071361,0.72265089,0.18055785,-0.66721392,0
2.825285,2.5501869,-2.3788691,0.72265089,0.18055785,-0.66721392,0
2.573772,2.6130278,-2.4375522,0.72265089,0.18055785,-0.66721392,0
-3.4945593,-0.63290393,1.9633585,-0.691185,0.19744688,-0.69518185,0
-3.0530622,0.10461259,2.645498,-0.72265089,-0.18055785,0.66721392,0
3.0721779,2.4895074,-1.5664634,0.006218791,0.9635421,0.26748398,0
-0.029128075,-1.2618816,-1.7287416,-0.691185,0.19744688,-0.69518185,0
2.2606561,-1.2859845,-2.9519584,-0.006218791,-0.9635421,-0.26748398,0
0.88523424,0.94592291,-1.931172,-0.691185,0.19744688,-0.69518185,0
2.6082246,-1.3934953,-2.8603463,-0.006218791,-0.9635421,-0.26748398,0
2.3256946,-0.33540142,-3.4281602,0.72265089,0.18055785,-0.66721392,0
-2.2211864,0.15761483,3.6014924,-0.72265089,-0.18055785,0.66721392,0
3.1207147,2.4615138,-1.5761987,0.006218791,0.9635421,0.26748398,0
2.2637343,1.9224447,-3.1572583,0.72265089,0.18055785,-0.66721392,0
-0.92724305,-0.60376287,-0.64156008,-0.691185,0.19744688,-0.69518185,0
-1.8943676,-0.31739062,3.0921388,0.691185,-0.19744688,0.69518185,0
2.8916883,1.6123601,-2.3098822,0.72265089,0.18055785,-0.66721392,0
2.7672582,2.4154038,-1.2029777,0.006218791,0.9635421,0.26748398,0
3.0091372,1.3883492,-2.396883,0.72265089,0.18055785,-0.66721392,0
-1.6224089,0.87526464,0.41906607,-0.691185,0.19744688,-0.69518185,0
-1.3462932,1.7609327,0.9260602,0.006218791,0.9635421,0.26748398,0
1.0861818,1.9062041,0.3831293,0.006218791,0.9635421,0.26748398,0
2.9410591,2.4314768,-2.285038,0.72265089,0.18055785,-0.66721392,0
-1.9455783,-0.035897493,0.49949777,-0.691185,0.19744688,-0.69518185,0
0.78805745,-0.41827148,0.40789068,0.691185,-0.19744688,0.69518185,0
-1.305455,-1.9585388,2.2165406,0.691185,-0.19744688,0.69518185,0
3.4882534,-0.73588681,-2.4314797,0.72265089,0.18055785,-0.66721392,0
1.165153,0.15581638,0.25478303,0.691185,-0.19744688,0.69518185,0
-0.18441987,2.019249,0.39840835,0.006218791,0.9635421,0.26748398,0
-2.6567934,0.67975569,3.2478466,-0.72265089,-0.18055785,0.66721392,0
-0.87810493,1.3071003,-0.31054866,-0.691185,0.19744688,-0.69518185,0
3.1368325,1.132965,-1.4537305,0.691185,-0.19744688,0.69518185,0
3.4845464,-0.24477124,-2.0365305,0.691185,-0.19744688,0.69518185,0
-0.19620359,-0.4264541,-1.247355,-0.691185,0.19744688,-0.69518185,0
1.532218,0.26367879,-0.013899982,0.691185,-0.19744688,0.69518185,0
-0.2905286,-0.062473714,-1.0757037,-0.691185,0.19744688,-0.69518185,0
-2.268734,0.22905582,3.7038896,-0.72265089,-0.18055785,0.66721392,0
3.4149723,1.3364511,-1.9499394,0.72265089,0.18055785,-0.66721392,0
-2.4375384,0.92097533,1.1598992,-0.691185,0.19744688,-0.69518185,0
2.9500351,1.7352858,-2.1907532,0.72265089,0.18055785,-0.66721392,0
1.2357436,1.0733758,0.38511848,0.691185,-0.19744688,0.69518185,0
1.2607133,-2.0659664,-0.34549582,-0.006218791,-0.9635421,-0.26748398,0
-3.0797229,0.2675122,2.8412352,-0.72265089,-0.18055785,0.66721392,0
2.6911268,1.8723097,-2.5897524,0.72265089,0.18055785,-0.66721392,0
3.3117654,2.2285171,-1.8576112,0.72265089,0.18055785,-0.66721392,0
-2.280751,0.54064816,3.535738,-0.72265089,-0.18055785,0.66721392,0
1.8259438,1.7413671,-2.8681681,-0.691185,0.19744688,-0.69518185,0
-3.3346138,-2.452208,1.4772862,-0.006218791,-0.9635421,-0.26748398,0
1.1078689,0.78406525,-2.4353998,-0.691185,0.19744688,-0.69518185,0
-0.56299543,1.5945899,1.9171324,0.006218791,0.9635421,0.26748398,0
-2.4310193,-0.93210077,3.1935542,-0.72265089,-0.18055785,0.66721392,0
0.28202176,-2.1544261,0.10025227,-0.006218791,-0.9635421,-0.26748398,0
1.883028,2.1442854,-0.32050577,0.006218791,0.9635421,0.26748398,0
-0.95589519,-2.1390271,1.8676034,0.691185,-0.19744688,0.69518185,0
-3.3851466,0.22617435,2.4472373,-0.72265089,-0.18055785,0.66721392,0
-2.5238566,-0.79167914,3.122117,-0.72265089,-0.18055785,0.66721392,0
-1.7039757,0.44900006,3.3720021,0.691185,-0.19744688,0.69518185,0
0.64918381,0.90637392,-1.6968914,-0.691185,0.19744688,-0.69518185,0
3.3747513,2.1844676,-1.7986064,0.72265089,0.18055785,-0.66721392,0
-2.2140667,-0.16780806,3.5490251,-0.72265089,-0.18055785,0.66721392,0
-2.1725972,0.54754114,3.6863751,0.691185,-0.19744688,0.69518185,0
0.25113416,-1.8691992,-0.39812827,-0.006218791,-0.9635421,-0.26748398,0
3.294955,-0.92929375,-2.7576282,0.72265089,0.18055785,-0.66721392,0
2.8617911,2.3106866,-0.88524079,0.006218791,0.9635421,0.26748398,0
2.4616077,0.59133029,-3.0479946,0.72265089,0.18055785,-0.66721392,0
-2.3147168,1.3465835,1.331331,-0.691185,0.19744688,-0.69518185,0
-3.3820682,-1.5858665,1.8776367,-0.72265089,-0.18055785,0.66721392,0
0.11285746,-2.0530949,-0.23508692,-0.006218791,-0.9635421,-0.26748398,0
-0.49909115,-1.1588173,-1.3177817,-0.691185,0.19744688,-0.69518185,0
-0.78516179,-0.45895985,2.1027179,0.691185,-0.19744688,0.69518185,0
-0.63185012,1.5147164,-0.31109694,-0.691185,0.19744688,-0.69518185,0
-1.7952876,-1.5781839,2.6851029,0.691185,-0.19744688,0.69518185,0
1.0397058,1.5055478,0.9115718,0.691185,-0.19744688,0.69518185,0
0.73082709,-1.5789672,-1.8880984,-0.006218791,-0.9635421,-0.26748398,0
0.64487886,-1.7095311,0.3001183,0.691185,-0.19744688,0.69518185,0
-2.3143158,-2.1794028,0.46322244,-0.006218791,-0.9635421,-0.26748398,0
-2.6067233,-0.28642583,2.997138,-0.72265089,-0.18055785,0.66721392,0
1.6074533,-0.58667707,-3.2324462,-0.691185,0.19744688,-0.69518185,0
-2.3722801,-0.81816971,3.2039342,-0.72265089,-0.18055785,0.66721392,0
-1.2153432,0.61773348,0.054918826,-0.691185,0.19744688,-0.69518185,0
3.5795617,-0.70214295,-2.4519207,0.72265089,0.18055785,-0.66721392,0
-1.6266994,1.7955731,0.79361308,-0.691185,0.19744688,-0.69518185,0
-3.4132118,-0.77617681,1.8173586,-0.691185,0.19744688,-0.69518185,0
2.8668063,2.3920634,-1.1511105,0.006218791,0.9635421,0.26748398,0
2.6582174,1.2065957,-2.7056732,0.72265089,0.18055785,-0.66721392,0
-3.5192757,1.2496648,2.5746336,-0.72265089,-0.18055785,0.66721392,0
-1.5776601,1.6389564,0.50692701,-0.691185,0.19744688,-0.69518185,0
-2.4243667,0.54432249,3.497226,-0.72265089,-0.18055785,0.66721392,0
-0.58351076,-2.1728387,0.018501252,-0.006218791,-0.9635421,-0.26748398,0
2.6451612,-0.47893393,-3.1399844,0.72265089,0.18055785,-0.66721392,0
-2.2279894,1.4951177,2.1078024,0.006218791,0.9635421,0.26748398,0
1.04251,0.37686014,-2.4977732,-0.691185,0.19744688,-0.69518185,0
2.3159814,0.26955616,-3.298475,0.72265089,0.18055785,-0.66721392,0
1.216832,0.49811655,0.32204771,0.691185,-0.19744688,0.69518185,0
-3.1131682,0.18762803,2.6795187,-0.72265089,-0.18055785,0.66721392,0
-2.484494,0.78161466,3.5864329,-0.72265089,-0.18055785,0.66721392,0
2.8135538,0.42666268,-1.1790239,0.691185,-0.19744688,0.69518185,0
-0.040275335,2.1571462,-0.36794308,0.006218791,0.9635421,0.26748398,0
-1.9097892,1.7283314,1.4371645,0.006218791,0.9635421,0.26748398,0
2.1298666,2.4746938,-1.2186797,0.006218791,0.9635421,0.26748398,0
0.38957787,1.693171,1.4261385,0.006218791,0.9635421,0.26748398,0
0.1445632,-1.8613484,-0.80484015,-0.006218791,-0.9635421,-0.26748398,0
-0.72133577,-1.9005818,-0.24503964,-0.006218791,-0.9635421,-0.26748398,0
2.9346817,-1.2466283,-2.7739377,-0.006218791,-0.9635421,-0.26748398,0
-2.2656391,-1.9011778,3.1265345,-0.72265089,-0.18055785,0.66721392,0
-2.1623013,1.3549621,2.7006524,0.006218791,0.9635421,0.26748398,0
-0.9729389,-2.1462126,0.61938179,-0.006218791,-0.9635421,-0.26748398,0
0.072260737,-2.0287576,-0.31671816,-0.006218791,-0.9635421,-0.26748398,0
-1.9333929,-0.81752473,3.1616821,0.691185,-0.19744688,0.69518185,0
-2.5134454,-0.16747463,3.1939306,-0.72265089,-0.18055785,0.66721392,0
-3.5116336,-1.7782754,1.8413939,-0.72265089,-0.18055785,0.66721392,0
-2.5449312,-1.7457272,2.6608875,-0.72265089,-0.18055785,0.66721392,0
-2.965343,0.76440108,3.1201868,-0.72265089,-0.18055785,0.66721392,0
2.959775,1.5825125,-2.2628484,0.72265089,0.18055785,-0.66721392,0
2.8294263,0.64015043,-2.7157135,0.72265089,0.18055785,-0.66721392,0
-2.1383302,1.5391011,1.7683725,0.006218791,0.9635421,0.26748398,0
-2.1257882,-2.2489793,0.64580697,-0.006218791,-0.9635421,-0.26748398,0
-1.4916437,-2.3861341,2.337719,0.691185,-0.19744688,0.69518185,0
-1.1766615,0.68242025,2.8045166,0.691185,-0.19744688,0.69518185,0
-0.94357717,-1.1152482,-0.70643067,-0.691185,0.19744688,-0.69518185,0
2.1431332,0.70823407,-3.4161282,0.72265089,0.18055785,-0.66721392,0
0.76388764,1.0580891,1.0423996,0.691185,-0.19744688,0.69518185,0
1.5379276,2.2348101,-2.2027466,-0.691185,0.19744688,-0.69518185,0
2.6384249,-1.1030493,-1.5466775,0.691185,-0.19744688,0.69518185,0
-2.6120105,-2.1383502,0.43628961,-0.691185,0.19744688,-0.69518185,0
0.86580157,2.0638447,-0.075995684,0.006218791,0.9635421,0.26748398,0
2.4743989,1.1964312,-3.0966823,0.72265089,0.18055785,-0.66721392,0
3.4317813,1.8680556,-1.4049575,0.691185,-0.19744688,0.69518185,0
3.2307763,2.4502513,-1.7144965,0.72265089,0.18055785,-0.66721392,0
-1.7710997,1.1345158,3.5635948,0.006218791,0.9635421,0.26748398,0
1.4049335,-1.44292,-1.9514098,-0.006218791,-0.9635421,-0.26748398,0
-0.88181686,2.132349,0.11382639,0.006218791,0.9635421,0.26748398,0
-1.4383712,-1.2141502,-0.48415309,-0.691185,0.19744688,-0.69518185,0
-3.3588727,-2.3458319,1.3087447,-0.691185,0.19744688,-0.69518185,0
0.79487908,-2.0468884,-0.33155906,-0.006218791,-0.9635421,-0.26748398,0
1.5630721,0.27918392,-2.8761194,-0.691185,0.19744688,-0.69518185,0
-1.8895185,-1.1850241,3.0382469,0.691185,-0.19744688,0.69518185,0
-3.1964428,-1.3151491,2.2259872,-0.72265089,-0.18055785,0.66721392,0
-0.37067494,-0.16226655,1.9016049,0.691185,-0.19744688,0.69518185,0
3.3077207,-0.19907951,-1.9146674,0.691185,-0.19744688,0.69518185,0
1.4895643,-1.4506776,-2.1943593,-0.006218791,-0.9635421,-0.26748398,0
-2.1420529,-2.5115108,2.7580066,0.691185,-0.19744688,0.69518185,0
2.7719624,0.29075336,-3.0448189,0.72265089,0.18055785,-0.66721392,0
-1.1721473,-2.2188103,0.26185775,-0.006218791,-0.9635421,-0.26748398,0
-2.1040916,-2.4106898,2.9698462,0.691185,-0.19744688,0.69518185,0
2.2123489,-1.3968905,-2.7749565,-0.006218791,-0.9635421,-0.26748398,0
2.1324592,2.151413,-2.910588,-0.691185,0.19744688,-0.69518185,0
2.4303987,0.0058336258,-0.89457142,0.691185,-0.19744688,0.69518185,0
1.0656387,2.2968981,-0.93360561,0.006218791,0.9635421,0.26748398,0
2.1571541,-1.1995225,-3.5605199,-0.006218791,-0.9635421,-0.26748398,0
2.4920459,2.1283431,-2.594795,0.72265089,0.18055785,-0.66721392,0
-3.13622,0.071392417,2.499517,-0.72265089,-0.18055785,0.66721392,0
2.7213087,0.21453822,-2.9111576,0.72265089,0.18055785,-0.66721392,0
0.26804805,2.1485152,-0.21721867,0.006218791,0.9635421,0.26748398,0
-2.2527623,-2.7485828,2.9459937,-0.72265089,-0.18055785,0.66721392,0
-2.3392863,0.12726855,0.99932194,-0.691185,0.19744688,-0.69518185,0
-0.27724105,1.5618443,-0.68514061,-0.691185,0.19744688,-0.69518185,0
1.6402549,-1.2681866,-2.8377726,-0.006218791,-0.9635421,-0.26748398,0
2.5177431,1.7534037,-2.7149153,0.72265089,0.18055785,-0.66721392,0
-2.085367,1.505296,1.765164,0.006218791,0.9635421,0.26748398,0
-0.39365399,1.9890976,-0.41825986,-0.691185,0.19744688,-0.69518185,0
-2.9376805,-0.50550735,2.7887373,-0.72265089,-0.18055785,0.66721392,0
-0.23593557,0.13926981,1.7766212,0.691185,-0.19744688,0.69518185,0
-2.5320523,0.50787067,1.2205101,-0.691185,0.19744688,-0.69518185,0
-1.5968642,-0.67601037,2.8116965,0.691185,-0.19744688,0.69518185,0
1.4402274,1.0387483,-2.5345669,-0.691185,0.19744688,-0.69518185,0
-3.5516806,1.0398474,2.4248443,-0.72265089,-0.18055785,0.66721392,0
-2.3426833,-0.49282783,3.2922621,-0.72265089,-0.18055785,0.66721392,0
1.7587471,0.92653602,-2.8779697,-0.691185,0.19744688,-0.69518185,0
3.4347703,2.0658691,-1.6572046,0.72265089,0.18055785,-0.66721392,0
1.43383,2.2543356,-0.54390955,0.006218791,0.9635421,0.26748398,0
-0.006855011,-2.0666385,-0.37222478,-0.006218791,-0.9635421,-0.26748398,0
-3.509829,1.3807523,2.5623333,-0.72265089,-0.18055785,0.66721392,0
2.2921963,-1.1828966,-3.5567737,-0.006218791,-0.9635421,-0.26748398,0
0.59568655,1.0423032,-1.864508,-0.691185,0.19744688,-0.69518185,0
-2.6159439,1.2952404,3.0870702,0.006218791,0.9635421,0.26748398,0
0.10659945,-2.0031867,0.062479913,-0.006218791,-0.9635421,-0.26748398,0
-2.2077789,-2.270303,0.58394033,-0.006218791,-0.9635421,-0.26748398,0
-2.2357876,-0.75577259,3.2838507,-0.72265089,-0.18055785,0.66721392,0
2.4410257,0.18947881,-3.2165008,0.72265089,0.18055785,-0.66721392,0
1.1116554,2.4083796,-0.91602188,0.006218791,0.9635421,0.26748398,0
2.6464889,2.301486,-2.6523714,0.72265089,0.18055785,-0.66721392,0
2.4373367,-0.67200446,-3.587657,0.72265089,0.18055785,-0.66721392,0
-1.5953014,1.2768174,2.8236556,0.006218791,0.9635421,0.26748398,0
-1.3919219,-2.5916905,1.8323222,-0.006218791,-0.9635421,-0.26748398,0
-0.15975738,-0.64662945,1.4553291,0.691185,-0.19744688,0.69518185,0
3.4760134,-0.02328825,-2.1410887,0.72265089,0.18055785,-0.66721392,0
-1.8058156,-1.8960091,2.7309368,0.691185,-0.19744688,0.69518185,0
-2.7951078,0.10347617,2.9720225,-0.72265089,-0.18055785,0.66721392,0
-0.16608024,2.0791686,0.34061509,0.006218791,0.9635421,0.26748398,0
0.4239521,-1.9208493,-0.48442644,-0.006218791,-0.9635421,-0.26748398,0
1.7747207,-1.3130282,-2.6114101,-0.006218791,-0.9635421,-0.26748398,0
2.0420413,1.7567171,-0.06292206,0.691185,-0.19744688,0.69518185,0
1.4801652,-1.1629797,-0.46600676,0.691185,-0.19744688,0.69518185,0
-2.3908572,1.0304251,3.6045489,-0.72265089,-0.18055785,0.66721392,0
-0.87889403,1.7983122,-0.062038183,-0.691185,0.19744688,-0.69518185,0
2.156898,0.066423357,-3.7021182,0.72265089,0.18055785,-0.66721392,0
1.5855548,-1.4256634,-2.0087018,-0.006218791,-0.9635421,-0.26748398,0
2.4842753,2.3606884,-2.6142149,0.72265089,0.18055785,-0.66721392,0
-1.5361323,-2.015435,-0.13177568,-0.006218791,-0.9635421,-0.26748398,0
2.9288211,0.34291041,-2.8556342,0.72265089,0.18055785,-0.66721392,0
1.6452218,0.57879311,0.018747568,0.691185,-0.19744688,0.69518185,0
-1.6220403,-2.6140046,2.4404614,0.691185,-0.19744688,0.69518185,0
-1.0995629,0.078911796,2.504333,0.691185,-0.19744688,0.69518185,0
-1.6719133,-2.1888742,2.4281635,0.691185,-0.19744688,0.69518185,0
-2.9050984,-0.88710278,2.6335835,-0.72265089,-0.18055785,0.66721392,0
3.3252661,0.47286057,-2.2536325,0.72265089,0.18055785,-0.66721392,0
-1.1888496,-1.5831155,-0.62677187,-0.691185,0.19744688,-0.69518185,0
0.312464,-1.4486033,-2.1881173,-0.691185,0.19744688,-0.69518185,0
1.7582356,-1.2022101,-3.2106292,-0.006218791,-0.9635421,-0.26748398,0
1.7236054,2.157928,-0.70757985,0.006218791,0.9635421,0.26748398,0
-0.42539608,-1.8487585,-0.57841474,-0.006218791,-0.9635421,-0.26748398,0
-0.61629683,-1.8307313,1.4105048,0.691185,-0.19744688,0.69518185,0
-2.6544366,1.4254749,2.6831577,0.006218791,0.9635421,0.26748398,0
0.38722479,2.2824841,-0.41732869,0.006218791,0.9635421,0.26748398,0
2.8646688,1.8840553,-2.5224462,0.72265089,0.18055785,-0.66721392,0
-0.63279736,-1.0927827,1.8541495,0.691185,-0.19744688,0.69518185,0
3.5290852,0.69223857,-2.1308827,0.72265089,0.18055785,-0.66721392,0
-0.39197612,1.5401826,2.1366377,0.006218791,0.9635421,0.26748398,0
-3.1593714,0.27445018,2.7593651,-0.72265089,-0.18055785,0.66721392,0
-0.66156769,-2.1846204,0.33732396,-0.006218791,-0.9635421,-0.26748398,0
-1.5493485,-2.4097061,0.98791683,-0.006218791,-0.9635421,-0.26748398,0
-2.8109126,-2.1044703,2.4955719,-0.72265089,-0.18055785,0.66721392,0
-2.8651476,1.6037202,2.0713763,0.006218791,0.9635421,0.26748398,0
2.9182899,2.5325975,-2.2410483,0.72265089,0.18055785,-0.66721392,0
-3.1553185,-0.57173526,2.5659816,-0.72265089,-0.18055785,0.66721392,0
1.3716835,-0.67125535,-0.12043089,0.691185,-0.19744688,0.69518185,0
-0.37253153,1.9610009,0.40839368,0.006218791,0.9635421,0.26748398,0
-0.634161,-1.3917773,-1.0630051,-0.691185,0.19744688,-0.69518185,0
3.3728414,1.7162294,-1.7876711,0.72265089,0.18055785,-0.66721392,0
-2.5776091,-0.73287559,2.9209213,-0.72265089,-0.18055785,0.66721392,0
-1.0942552,1.3607115,-0.086431384,-0.691185,0.19744688,-0.69518185,0
2.5764799,2.6259789,-2.4647024,0.72265089,0.18055785,-0.66721392,0
2.6474891,2.0227523,-2.5157981,0.72265089,0.18055785,-0.66721392,0
0.43213212,-2.0155692,0.14582497,-0.006218791,-0.9635421,-0.26748398,0
3.1630042,-0.079406619,-2.5238037,0.72265089,0.18055785,-0.66721392,0
-0.83044708,2.1405659,0.081375003,0.006218791,0.9635421,0.26748398,0
2.975899,1.3824487,-2.2839091,0.72265089,0.18055785,-0.66721392,0
2.6424785,0.22759724,-2.9926791,0.72265089,0.18055785,-0.66721392,0
-3.4170313,0.88385391,2.5239587,-0.72265089,-0.18055785,0.66721392,0
-2.0453262,1.5211173,1.8490165,0.006218791,0.9635421,0.26748398,0
3.1239462,-0.79973602,-2.9602566,0.72265089,0.18055785,-0.66721392,0
-2.1359172,-2.1001182,0.051184893,-0.006218791,-0.9635421,-0.26748398,0
1.6518,2.031481,0.4642309,0.006218791,0.9635421,0.26748398,0
0.56751096,1.5471226,-1.7060181,-0.691185,0.19744688,-0.69518185,0
-2.6978199,1.5623965,1.7708013,-0.691185,0.19744688,-0.69518185,0
-1.081839,1.4675426,2.3886745,0.006218791,0.9635421,0.26748398,0
-1.6104695,-2.2676606,0.74622542,-0.006218791,-0.9635421,-0.26748398,0
0.83401173,-0.99829459,0.40325758,0.691185,-0.19744688,0.69518185,0
0.77889168,2.4561923,-1.3866085,0.006218791,0.9635421,0.26748398,0
3.2797132,0.88938034,-2.2188106,0.72265089,0.18055785,-0.66721392,0
-3.0084763,0.29873514,2.752583,-0.72265089,-0.18055785,0.66721392,0
-3.1429901,-1.3610424,1.2209305,-0.691185,0.19744688,-0.69518185,0
3.3896444,-0.3581171,-2.4462867,0.72265089,0.18055785,-0.66721392,0
-2.8131964,-1.5478003,2.6474128,-0.72265089,-0.18055785,0.66721392,0
-0.47044849,0.20770133,-0.77143812,-0.691185,0.19744688,-0.69518185,0
2.8441496,-0.43257344,-3.1593828,0.72265089,0.18055785,-0.66721392,0
1.8022112,1.2569299,0.078490198,0.691185,-0.19744688,0.69518185,0
1.4884424,-1.4184698,-0.45859003,0.691185,-0.19744688,0.69518185,0
-3.2946668,-0.73575068,2.2543857,-0.72265089,-0.18055785,0.66721392,0
3.4903154,-1.216357,-2.6664081,0.72265089,0.18055785,-0.66721392,0
0.88966453,-1.4319073,-2.2309823,-0.006218791,-0.9635421,-0.26748398,0
-2.400167,-0.73728091,3.1658087,-0.72265089,-0.18055785,0.66721392,0
0.047080636,-2.0790188,0.014706731,-0.006218791,-0.9635421,-0.26748398,0
0.40928924,0.6587671,1.2124463,0.691185,-0.19744688,0.69518185,0
0.81019038,-0.58048379,-2.368242,-0.691185,0.19744688,-0.69518185,0
-1.2951536,1.5355115,2.1687999,0.006218791,0.9635421,0.26748398,0
-1.4410881,0.23759022,2.8521326,0.691185,-0.19744688,0.69518185,0
-0.084181786,1.270025,1.8970782,0.691185,-0.19744688,0.69518185,0
-0.68497241,1.7361807,1.5387558,0.006218791,0.9635421,0.26748398,0
2.9583786,0.48031437,-2.5867283,0.72265089,0.18055785,-0.66721392,0
2.8749568,-0.37676239,-1.4121672,0.691185,-0.19744688,0.69518185,0
-1.8522197,-1.9332917,2.7264831,0.691185,-0.19744688,0.69518185,0
-3.0847406,-1.8533318,2.0415602,-0.72265089,-0.18055785,0.66721392,0
0.41963458,0.89835727,1.222566,0.691185,-0.19744688,0.69518185,0
2.7987213,1.2950456,-0.85547245,0.691185,-0.19744688,0.69518185,0
-2.6335156,-1.4729116,2.7239356,-0.72265089,-0.18055785,0.66721392,0
-1.2084725,1.7677588,1.0024472,0.006218791,0.9635421,0.26748398,0
0.6991756,-1.7339975,-1.0732076,-0.006218791,-0.9635421,-0.26748398,0
0.11358011,0.4485282,1.462694,0.691185,-0.19744688,0.69518185,0
3.2423699,0.023665667,-1.8436059,0.691185,-0.19744688,0.69518185,0
-0.5461145,1.3509076,-0.3705861,-0.691185,0.19744688,-0.69518185,0
-0.98036414,-0.23338348,-0.59216017,-0.691185,0.19744688,-0.69518185,0
-3.444798,0.4129014,2.381253,-0.72265089,-0.18055785,0.66721392,0
1.7012663,2.289299,-0.72695464,0.006218791,0.9635421,0.26748398,0
3.0444415,1.77633,-0.95712674,0.691185,-0.19744688,0.69518185,0
-1.4577329,-0.87302768,-0.32209799,-0.691185,0.19744688,-0.69518185,0
2.0325937,1.9693332,-2.8682389,-0.691185,0.19744688,-0.69518185,0
2.9538746,-0.47451186,-3.0699899,0.72265089,0.18055785,-0.66721392,0
0.8702625,2.0070994,-0.087067656,0.006218791,0.9635421,0.26748398,0
2.2406878,2.5297797,-3.0190601,0.72265089,0.18055785,-0.66721392,0
-2.566329,0.97597456,3.3613067,-0.72265089,-0.18055785,0.66721392,0
-1.4472756,1.2435321,3.0995045,0.691185,-0.19744688,0.69518185,0
-2.9019775,-1.2397087,2.6141481,-0.72265089,-0.18055785,0.66721392,0
2.4247711,0.5362488,-0.86305785,0.691185,-0.19744688,0.69518185,0
2.4515986,-1.3334316,-2.5420382,-0.006218791,-0.9635421,-0.26748398,0
-1.6263117,1.0317075,3.4031384,0.691185,-0.19744688,0.69518185,0
0.71648145,-2.0248566,-0.51166892,-0.006218791,-0.9635421,-0.26748398,0
-2.1909492,1.7397273,1.4775795,0.006218791,0.9635421,0.26748398,0
3.5166621,0.27202654,-2.0470386,0.72265089,0.18055785,-0.66721392,0
2.7590766,1.4049973,-0.92110538,0.691185,-0.19744688,0.69518185,0
0.56484485,2.041132,0.44808519,0.006218791,0.9635421,0.26748398,0
2.6244259,-1.0480154,-3.5001941,-0.006218791,-0.9635421,-0.26748398,0
2.4959495,-1.3387458,-1.5360539,0.691185,-0.19744688,0.69518185,0
-0.91652435,-0.56595886,2.2388005,0.691185,-0.19744688,0.69518185,0
2.7862663,0.15205133,-3.0359497,0.72265089,0.18055785,-0.66721392,0
-0.8751269,0.03959173,-0.53723252,-0.691185,0.19744688,-0.69518185,0
2.6535127,2.0326643,-2.5925388,0.72265089,0.18055785,-0.66721392,0
0.47255278,1.4771547,1.2528418,0.691185,-0.19744688,0.69518185,0
-3.0812056,-0.4039917,1.6255165,-0.691185,0.19744688,-0.69518185,0
-0.43773615,-2.1527231,-0.047392458,-0.006218791,-0.9635421,-0.26748398,0
-0.47300398,2.0322711,0.34688324,0.006218791,0.9635421,0.26748398,0
-0.94115543,-1.7982538,1.9261934,0.691185,-0.19744688,0.69518185,0
0.388381,-1.8143004,-1.0628142,-0.006218791,-0.9635421,-0.26748398,0
-1.6366113,0.97137773,3.321579,0.691185,-0.19744688,0.69518185,0
-0.076591492,-1.5655471,-1.6802599,-0.691185,0.19744688,-0.69518185,0
3.593533,-0.38658571,-2.3015146,0.72265089,0.18055785,-0.66721392,0
3.0804121,1.6628041,-2.1583138,0.72265089,0.18055785,-0.66721392,0
