-0.58703494,-1.0854084,1.7776966,0.091651633,-0.39465141,0.91424847,0
1.1203705,2.218106,-0.98284507,0.33782995,0.8759855,0.34426773,0
-0.29612684,-0.33358318,-2.3010995,-0.091651633,0.39465141,-0.91424847,0
-0.52145541,-0.79707849,-2.5654876,-0.091651633,0.39465141,-0.91424847,0
-0.67926675,1.1898205,-1.6899464,-0.091651633,0.39465141,-0.91424847,0
-0.33489645,1.2273132,1.6502328,-0.93673408,0.27730775,0.2136106,0
0.55314302,-0.24218231,-1.6723369,0.93673408,-0.27730775,-0.2136106,0
1.4062296,2.0002017,-0.90321052,0.33782995,0.8759855,0.34426773,0
-1.3293817,0.53504825,-1.7558702,-0.091651633,0.39465141,-0.91424847,0
-0.10164499,2.3496959,0.036280334,0.33782995,0.8759855,0.34426773,0
-1.3770483,0.13570321,-1.9794084,-0.091651633,0.39465141,-0.91424847,0
-0.98218894,-2.2907655,1.2740126,0.091651633,-0.39465141,0.91424847,0
0.019629717,2.2760506,0.17988744,0.33782995,0.8759855,0.34426773,0
0.9494009,1.12187,2.1348879,0.33782995,0.8759855,0.34426773,0
0.89618635,2.2405918,-0.69409907,0.33782995,0.8759855,0.34426773,0
-0.10338405,0.8520357,-1.7817093,-0.091651633,0.39465141,-0.91424847,0
-1.1683156,-1.6746213,-0.19720945,-0.33782995,-0.8759855,-0.34426773,0
-0.034579039,-2.2809086,1.2802233,0.091651633,-0.39465141,0.91424847,0
0.2614781,-0.12819904,2.2103467,0.091651633,-0.39465141,0.91424847,0
-1.2600297,-0.91191316,0.68641424,-0.93673408,0.27730775,0.2136106,0
-0.54764771,1.0458338,-1.5931311,-0.091651633,0.39465141,-0.91424847,0
-1.4604846,-0.32113612,-1.7604462,-0.93673408,0.27730775,0.2136106,0
-0.55866241,-2.2986615,0.37979773,-0.33782995,-0.8759855,-0.34426773,0
-0.39193124,-0.64938474,2.0187407,0.091651633,-0.39465141,0.91424847,0
-0.34146261,-2.0550067,-0.40043136,-0.33782995,-0.8759855,-0.34426773,0
0.38929319,-0.6627214,-1.8251188,0.93673408,-0.27730775,-0.2136106,0
1.4807372,-0.11648536,1.581236,0.93673408,-0.27730775,-0.2136106,0
-1.4502909,-1.3821876,-0.82373106,-0.33782995,-0.8759855,-0.34426773,0
0.86604977,1.9411248,0.048938334,0.33782995,0.8759855,0.34426773,0
-0.14124525,-1.7613193,1.4094647,0.091651633,-0.39465141,0.91424847,0
1.4441565,1.8895092,-1.0759039,0.93673408,-0.27730775,-0.2136106,0
0.28334782,-0.64728832,1.8716946,0.091651633,-0.39465141,0.91424847,0
-0.16649437,-2.0252333,-0.7757315,-0.33782995,-0.8759855,-0.34426773,0
-0.7230891,-1.0172896,-2.2816637,-0.33782995,-0.8759855,-0.34426773,0
0.46812791,0.20103413,2.1242843,0.091651633,-0.39465141,0.91424847,0
-1.2880862,0.21066236,-1.8877342,-0.091651633,0.39465141,-0.91424847,0
-1.2317451,-1.3747749,-1.301059,-0.33782995,-0.8759855,-0.34426773,0
0.7200368,-0.37857753,-1.1154449,0.93673408,-0.27730775,-0.2136106,0
-0.50480771,-0.090205312,2.3051078,0.091651633,-0.39465141,0.91424847,0
-0.74636066,-1.3138663,-1.7716353,-0.33782995,-0.8759855,-0.34426773,0
0.32176316,-0.85532713,-2.4880073,0.93673408,-0.27730775,-0.2136106,0
-0.26350117,0.96544468,1.824707,-0.93673408,0.27730775,0.2136106,0
-1.2032987,-1.4608623,-0.98285896,-0.33782995,-0.8759855,-0.34426773,0
0.18894231,-0.26493406,2.1322558,0.091651633,-0.39465141,0.91424847,0
0.50589502,-0.83925909,-1.2001907,0.93673408,-0.27730775,-0.2136106,0
-0.9645288,-2.0550516,1.2960571,0.091651633,-0.39465141,0.91424847,0
-0.079063654,2.5710368,-0.38236052,0.33782995,0.8759855,0.34426773,0
-0.55775869,1.2045009,0.30497926,-0.93673408,0.27730775,0.2136106,0
1.5248053,0.54994929,2.2958665,0.091651633,-0.39465141,0.91424847,0
-0.87622166,-1.5621705,-1.1673377,-0.33782995,-0.8759855,-0.34426773,0
-0.072449207,0.82358021,-1.9002385,-0.091651633,0.39465141,-0.91424847,0
-0.5929426,1.0786669,-1.7277914,-0.091651633,0.39465141,-0.91424847,0
1.1873114,0.41080952,-0.10041743,0.93673408,-0.27730775,-0.2136106,0
1.3259326,1.6632538,0.21451132,0.33782995,0.8759855,0.34426773,0
-0.38318515,2.6406393,-0.75166184,-0.93673408,0.27730775,0.2136106,0
-1.7262046,-1.2559549,-1.1084011,-0.93673408,0.27730775,0.2136106,0
0.43920267,-0.22363329,-2.2508714,0.93673408,-0.27730775,-0.2136106,0
-0.28310204,-1.118999,-2.6547327,-0.091651633,0.39465141,-0.91424847,0
-0.97590256,-0.22539032,-2.1166918,-0.091651633,0.39465141,-0.91424847,0
0.8464753,-1.2231302,0.90055329,0.93673408,-0.27730775,-0.2136106,0
0.54754603,-0.65435696,1.7460114,0.091651633,-0.39465141,0.91424847,0
0.98187584,0.032655358,1.9967806,0.091651633,-0.39465141,0.91424847,0
0.19807816,-1.0182635,-2.7327273,-0.091651633,0.39465141,-0.91424847,0
1.5267396,0.30901849,2.1293507,0.091651633,-0.39465141,0.91424847,0
1.4755393,0.16813004,2.0352018,0.091651633,-0.39465141,0.91424847,0
-1.2123857,-0.57806325,0.36042008,-0.93673408,0.27730775,0.2136106,0
0.9940924,0.84444594,-1.3467257,0.93673408,-0.27730775,-0.2136106,0
-0.31766033,1.7240031,1.0630765,-0.93673408,0.27730775,0.2136106,0
0.52575946,1.8071927,0.97359991,0.33782995,0.8759855,0.34426773,0
-1.0814291,-0.097621083,0.084784448,-0.93673408,0.27730775,0.2136106,0
-0.12277412,1.6734396,1.9422934,0.33782995,0.8759855,0.34426773,0
-0.14790928,-0.66440225,1.9671102,0.091651633,-0.39465141,0.91424847,0
0.82622552,1.3854562,1.6349133,0.33782995,0.8759855,0.34426773,0
-0.34730792,-1.9746794,-0.27643779,-0.33782995,-0.8759855,-0.34426773,0
0.3512609,-2.4710145,0.35369253,-0.33782995,-0.8759855,-0.34426773,0
-0.38237381,-1.5907812,1.562546,0.091651633,-0.39465141,0.91424847,0
-1.238161,0.34106076,-1.3681169,-0.93673408,0.27730775,0.2136106,0
-0.26581246,-0.093626797,2.2097521,0.091651633,-0.39465141,0.91424847,0
-0.20212674,1.8613863,-1.2682557,-0.091651633,0.39465141,-0.91424847,0
-0.1553278,1.3557005,2.4095154,0.33782995,0.8759855,0.34426773,0
-0.93069422,-2.3045795,1.0568072,-0.33782995,-0.8759855,-0.34426773,0
-0.47808695,1.9716401,0.18653318,-0.93673408,0.27730775,0.2136106,0
-0.009085536,1.5069656,-1.4367166,-0.091651633,0.39465141,-0.91424847,0
0.072314262,-1.5504096,-2.1099911,-0.33782995,-0.8759855,-0.34426773,0
0.42618257,-0.56550407,1.9552538,0.091651633,-0.39465141,0.91424847,0
-0.14157629,0.87732661,2.5281253,0.091651633,-0.39465141,0.91424847,0
0.3883791,1.9338737,0.29116607,0.33782995,0.8759855,0.34426773,0
-1.2100089,-2.2967927,1.331197,-0.33782995,-0.8759855,-0.34426773,0
1.0477029,-1.0064449,1.3919127,0.93673408,-0.27730775,-0.2136106,0
1.7199825,0.61419547,1.8591341,0.93673408,-0.27730775,-0.2136106,0
-1.2236757,0.5819267,-1.3568223,-0.93673408,0.27730775,0.2136106,0
0.6013658,-2.3615437,0.74395907,0.93673408,-0.27730775,-0.2136106,0
-0.13875055,-1.596928,1.5222065,0.091651633,-0.39465141,0.91424847,0
-0.70083523,1.7118272,-1.4052396,-0.091651633,0.39465141,-0.91424847,0
-0.21660733,-1.6842039,-1.0855737,-0.33782995,-0.8759855,-0.34426773,0
0.6043067,-1.5627371,0.26208878,0.93673408,-0.27730775,-0.2136106,0
0.028684616,-1.4074914,-2.3658483,-0.33782995,-0.8759855,-0.34426773,0
-0.35629255,-0.18890968,-2.2062404,-0.091651633,0.39465141,-0.91424847,0
-0.32584131,0.56007481,2.1504488,-0.93673408,0.27730775,0.2136106,0
-0.42640972,1.9516435,0.56345761,-0.93673408,0.27730775,0.2136106,0
-0.677082,0.6584571,0.80842251,-0.93673408,0.27730775,0.2136106,0
-0.67633766,0.63939047,1.3470454,-0.93673408,0.27730775,0.2136106,0
-0.095928907,1.9827728,0.7843824,0.33782995,0.8759855,0.34426773,0
1.1472732,2.1468866,-0.58905286,0.33782995,0.8759855,0.34426773,0
-0.94150752,0.44701761,-1.9266856,-0.091651633,0.39465141,-0.91424847,0
-1.3134899,-1.3316143,0.38454092,-0.93673408,0.27730775,0.2136106,0
-0.23466015,-2.0125036,1.3596969,0.091651633,-0.39465141,0.91424847,0
-1.4168994,-1.7160161,0.052852388,-0.33782995,-0.8759855,-0.34426773,0
-1.0533193,-2.0807781,1.3416705,0.091651633,-0.39465141,0.91424847,0
1.5519122,0.81955862,2.0451221,0.33782995,0.8759855,0.34426773,0
0.18439579,1.7689815,-1.4970294,-0.091651633,0.39465141,-0.91424847,0
-0.81174815,1.6655847,-0.98195726,-0.93673408,0.27730775,0.2136106,0
1.0932095,0.83075345,-1.0745893,0.93673408,-0.27730775,-0.2136106,0
-1.3833019,-1.5955493,0.79464006,-0.93673408,0.27730775,0.2136106,0
0.4648881,-2.4973059,0.37657756,0.93673408,-0.27730775,-0.2136106,0
-1.5481093,-0.59768319,-1.5513302,-0.93673408,0.27730775,0.2136106,0
0.44867921,-1.10778,-1.2879912,0.93673408,-0.27730775,-0.2136106,0
-0.29459,-1.1851724,-2.4247522,-0.33782995,-0.8759855,-0.34426773,0
-1.4814481,-1.2913126,-0.02930297,-0.93673408,0.27730775,0.2136106,0
1.6746488,0.44579029,1.8879936,0.93673408,-0.27730775,-0.2136106,0
-0.33294916,-2.3925319,1.1392362,0.091651633,-0.39465141,0.91424847,0
-0.59056008,-0.7901293,1.9335388,0.091651633,-0.39465141,0.91424847,0
-1.4280249,-0.4969089,-0.62563872,-0.93673408,0.27730775,0.2136106,0
-0.593584,-0.072454989,2.1920462,0.091651633,-0.39465141,0.91424847,0
-0.74062479,1.142024,0.4065899,-0.93673408,0.27730775,0.2136106,0
-1.3292651,0.12486744,-1.4115553,-0.93673408,0.27730775,0.2136106,0
-0.63099432,-1.5736151,-1.314212,-0.33782995,-0.8759855,-0.34426773,0
-1.1555369,-1.1343822,0.80383426,-0.93673408,0.27730775,0.2136106,0
0.64340496,1.968362,-0.01838392,0.33782995,0.8759855,0.34426773,0
0.37088823,-2.7351375,0.86310685,0.091651633,-0.39465141,0.91424847,0
-0.32353163,-0.64134628,-2.4678562,-0.091651633,0.39465141,-0.91424847,0
1.4946121,1.0362027,1.9554558,0.33782995,0.8759855,0.34426773,0
0.35671782,-1.6029558,-1.1779615,0.93673408,-0.27730775,-0.2136106,0
0.62076545,1.3555853,1.4695973,0.33782995,0.8759855,0.34426773,0
-0.74433661,-1.7301326,-0.78524369,-0.33782995,-0.8759855,-0.34426773,0
-0.18204236,2.0164187,0.89980733,0.33782995,0.8759855,0.34426773,0
-0.45141721,-0.44567958,-2.415813,-0.091651633,0.39465141,-0.91424847,0
-1.2250592,-2.0659373,1.4601618,0.091651633,-0.39465141,0.91424847,0
0.24893212,2.3626738,-0.51828718,0.33782995,0.8759855,0.34426773,0
-1.3573376,-2.205035,1.0871161,-0.33782995,-0.8759855,-0.34426773,0
-0.87644303,-1.315644,-1.6928394,-0.33782995,-0.8759855,-0.34426773,0
-1.2965581,0.41605258,-1.3034449,-0.93673408,0.27730775,0.2136106,0
1.056697,-1.0517297,1.5831767,0.93673408,-0.27730775,-0.2136106,0
-0.55448294,2.2905579,-1.1722071,-0.091651633,0.39465141,-0.91424847,0
0.40930581,-1.3075798,-1.1281517,0.93673408,-0.27730775,-0.2136106,0
0.74987632,-0.70829731,-0.24637473,0.93673408,-0.27730775,-0.2136106,0
1.1496753,0.96639061,2.3862298,0.33782995,0.8759855,0.34426773,0
-0.18180656,-2.2629523,0.2661508,-0.33782995,-0.8759855,-0.34426773,0
0.64362419,-0.092428505,-1.7985682,0.93673408,-0.27730775,-0.2136106,0
-0.14110708,-2.5667796,1.0133396,0.091651633,-0.39465141,0.91424847,0
-0.19170988,-0.61287588,-2.3256392,-0.091651633,0.39465141,-0.91424847,0
-0.25832582,-2.0946374,-0.36617583,-0.33782995,-0.8759855,-0.34426773,0
-1.1821917,-2.2385795,0.91324115,-0.33782995,-0.8759855,-0.34426773,0
0.26450181,2.1113901,0.0041888058,0.33782995,0.8759855,0.34426773,0
-0.99905801,-0.5604226,1.1895918,-0.93673408,0.27730775,0.2136106,0
-0.62578082,2.2679007,-1.0346673,-0.93673408,0.27730775,0.2136106,0
-0.83334458,1.3648013,-0.29710948,-0.93673408,0.27730775,0.2136106,0
-1.6441804,-1.3299648,-1.0128365,-0.93673408,0.27730775,0.2136106,0
-1.0560277,1.0714998,-1.0838627,-0.93673408,0.27730775,0.2136106,0
-1.6638104,-0.25948298,-2.0003908,-0.93673408,0.27730775,0.2136106,0
0.75640744,-0.95405275,-0.47858572,0.93673408,-0.27730775,-0.2136106,0
-0.35685658,2.0031404,0.14638069,-0.93673408,0.27730775,0.2136106,0
0.36980677,-1.5259199,-1.4359601,0.93673408,-0.27730775,-0.2136106,0
-0.92721617,0.31043518,0.29736561,-0.93673408,0.27730775,0.2136106,0
0.86913222,0.30498201,2.2977321,0.091651633,-0.39465141,0.91424847,0
0.13131484,-0.60796416,1.8792497,0.091651633,-0.39465141,0.91424847,0
-1.1603847,0.04999578,-0.24954852,-0.93673408,0.27730775,0.2136106,0
-0.17906594,2.3791356,-0.097443402,0.33782995,0.8759855,0.34426773,0
-0.60665357,0.88496518,0.97080934,-0.93673408,0.27730775,0.2136106,0
-0.91916442,-2.132041,1.4558399,0.091651633,-0.39465141,0.91424847,0
-0.81915605,-1.6216202,-1.0140121,-0.33782995,-0.8759855,-0.34426773,0
0.94938242,0.64830124,-1.0907663,0.93673408,-0.27730775,-0.2136106,0
1.212014,-0.084367871,0.31216627,0.93673408,-0.27730775,-0.2136106,0
0.72606134,-0.18336821,-1.4638002,0.93673408,-0.27730775,-0.2136106,0
-1.0923517,0.031366706,0.28285792,-0.93673408,0.27730775,0.2136106,0
1.0887209,0.62925124,-0.28208989,0.93673408,-0.27730775,-0.2136106,0
0.040598869,1.7386487,1.4660264,0.33782995,0.8759855,0.34426773,0
0.46824574,2.2006412,-0.16372344,0.33782995,0.8759855,0.34426773,0
0.13158298,-0.15543893,-2.2601745,-0.091651633,0.39465141,-0.91424847,0
-0.87477624,1.0653927,-1.7158122,-0.091651633,0.39465141,-0.91424847,0
0.59260494,-0.8400141,-0.64677602,0.93673408,-0.27730775,-0.2136106,0
0.70444989,0.12082684,2.1036427,0.091651633,-0.39465141,0.91424847,0
-1.0055243,-1.725657,-0.1470829,-0.33782995,-0.8759855,-0.34426773,0
0.16341162,-2.4350834,0.48374921,-0.33782995,-0.8759855,-0.34426773,0
-0.69490576,-2.4060814,0.87433529,-0.33782995,-0.8759855,-0.34426773,0
0.8545382,0.34535497,-1.3215423,0.93673408,-0.27730775,-0.2136106,0
1.0164018,1.6539979,0.67548525,0.33782995,0.8759855,0.34426773,0
-0.73116899,1.3290122,-0.063627392,-0.93673408,0.27730775,0.2136106,0
0.90028918,1.3001432,1.7896411,0.33782995,0.8759855,0.34426773,0
-1.1804554,-1.6421108,-0.50678134,-0.33782995,-0.8759855,-0.34426773,0
-0.10739875,-2.4874721,0.75508285,-0.33782995,-0.8759855,-0.34426773,0
-1.6151574,-0.150635,-1.9547698,-0.93673408,0.27730775,0.2136106,0
-1.3148502,-1.331754,1.0967265,-0.93673408,0.27730775,0.2136106,0
0.78665298,-0.37174284,1.9060323,0.091651633,-0.39465141,0.91424847,0
0.5924167,0.16220641,2.1747589,0.091651633,-0.39465141,0.91424847,0
1.139395,2.1897871,-0.76230681,0.33782995,0.8759855,0.34426773,0
-0.35753751,-1.2399756,-2.4088099,-0.33782995,-0.8759855,-0.34426773,0
-0.26493287,2.6937599,-1.0790687,-0.091651633,0.39465141,-0.91424847,0
-0.49824619,-2.3214447,1.139392,0.091651633,-0.39465141,0.91424847,0
0.64841306,-0.41046274,-1.3647219,0.93673408,-0.27730775,-0.2136106,0
-1.4373962,-1.7763561,0.93323624,-0.93673408,0.27730775,0.2136106,0
0.097289801,-2.3137686,1.1996288,0.091651633,-0.39465141,0.91424847,0
0.099378347,-2.0751224,-0.37228537,-0.33782995,-0.8759855,-0.34426773,0
0.026273251,2.4220772,-0.4872784,0.33782995,0.8759855,0.34426773,0
-0.79141527,-0.69457263,1.9865597,0.091651633,-0.39465141,0.91424847,0
-0.98299885,-0.17863464,0.19399993,-0.93673408,0.27730775,0.2136106,0
-0.69136214,-1.9765635,-0.19609955,-0.33782995,-0.8759855,-0.34426773,0
-0.22257936,0.86115175,2.4727457,0.091651633,-0.39465141,0.91424847,0
0.24004698,2.293129,-0.10365683,0.33782995,0.8759855,0.34426773,0
-1.2974212,-0.016812563,-2.0717859,-0.091651633,0.39465141,-0.91424847,0
1.1962278,2.1699448,-1.0357215,0.33782995,0.8759855,0.34426773,0
-0.097017527,-1.4320667,1.610693,0.091651633,-0.39465141,0.91424847,0
0.87914634,-1.0965877,0.58468139,0.93673408,-0.27730775,-0.2136106,0
-1.1020651,0.32813978,-0.87344599,-0.93673408,0.27730775,0.2136106,0
0.3372829,2.4904261,-0.73530114,0.33782995,0.8759855,0.34426773,0
1.173375,0.025509596,0.83750129,0.93673408,-0.27730775,-0.2136106,0
0.76940024,-0.056275666,-1.4694312,0.93673408,-0.27730775,-0.2136106,0
0.054278255,0.62283641,2.4903874,0.091651633,-0.39465141,0.91424847,0
-1.6925821,-1.1426615,-1.4341371,-0.33782995,-0.8759855,-0.34426773,0
-1.4959793,-1.0528415,-0.21074498,-0.93673408,0.27730775,0.2136106,0
0.53130817,-2.5326293,0.70926076,0.93673408,-0.27730775,-0.2136106,0
0.96338344,-0.49106306,-0.12921266,0.93673408,-0.27730775,-0.2136106,0
1.1557475,1.8017359,0.28116721,0.33782995,0.8759855,0.34426773,0
-0.37916446,2.7587545,-0.89648569,-0.93673408,0.27730775,0.2136106,0
-1.6249746,-1.575809,-0.09762197,-0.93673408,0.27730775,0.2136106,0
0.21126914,1.6627663,1.5378606,0.33782995,0.8759855,0.34426773,0
1.0053003,1.1023895,-1.7450489,-0.091651633,0.39465141,-0.91424847,0
1.2991645,1.4976879,0.74088508,0.33782995,0.8759855,0.34426773,0
-0.99038649,-1.6440873,1.6648303,0.091651633,-0.39465141,0.91424847,0
1.6241049,0.41308177,1.5836132,0.93673408,-0.27730775,-0.2136106,0
-0.082737684,2.1739984,-1.2741381,-0.091651633,0.39465141,-0.91424847,0
0.77290332,1.4680318,1.2418782,0.33782995,0.8759855,0.34426773,0
-0.029580832,0.13097234,2.172039,0.091651633,-0.39465141,0.91424847,0
-0.36006725,0.43747666,2.3132303,-0.93673408,0.27730775,0.2136106,0
-1.6547403,-0.46532583,-2.1470842,-0.091651633,0.39465141,-0.91424847,0
1.1816641,1.6975515,-1.6019646,0.93673408,-0.27730775,-0.2136106,0
-1.3382851,-2.0927677,0.98455793,-0.33782995,-0.8759855,-0.34426773,0
0.26271701,2.1484177,-1.3329219,-0.091651633,0.39465141,-0.91424847,0
-1.4141699,-1.6778018,-0.43495601,-0.33782995,-0.8759855,-0.34426773,0
-0.74117196,1.7674422,-0.44325411,-0.93673408,0.27730775,0.2136106,0
-0.046849728,-1.288535,-2.6083903,-0.33782995,-0.8759855,-0.34426773,0
1.2067651,1.5733951,0.33300641,0.33782995,0.8759855,0.34426773,0
0.61777693,-0.43951806,-1.4278675,0.93673408,-0.27730775,-0.2136106,0
-0.25372553,0.57092494,-1.8682226,-0.091651633,0.39465141,-0.91424847,0
1.2135754,-0.53905141,1.551199,0.93673408,-0.27730775,-0.2136106,0
0.33464694,-2.7846131,0.86894697,0.091651633,-0.39465141,0.91424847,0
-1.13626,-1.4052113,1.2625556,-0.93673408,0.27730775,0.2136106,0
-1.5125768,-1.3358653,-0.37443623,-0.93673408,0.27730775,0.2136106,0
0.97431159,1.6133693,1.0363287,0.33782995,0.8759855,0.34426773,0
-0.63929188,-1.0612327,-2.5071201,-0.091651633,0.39465141,-0.91424847,0
0.62578964,-2.0458908,0.49454105,0.93673408,-0.27730775,-0.2136106,0
0.11554575,2.4699483,-1.2233255,-0.091651633,0.39465141,-0.91424847,0
-1.3857557,-0.012584925,-1.7564025,-0.93673408,0.27730775,0.2136106,0
-0.31247652,1.153142,-1.6448994,-0.091651633,0.39465141,-0.91424847,0
1.5136498,0.92105293,0.50990564,0.93673408,-0.27730775,-0.2136106,0
0.28899732,-0.17131367,2.0070219,0.091651633,-0.39465141,0.91424847,0
-0.54800045,-0.75955319,1.8122139,0.091651633,-0.39465141,0.91424847,0
0.6970275,-0.95367396,1.7462236,0.091651633,-0.39465141,0.91424847,0
-1.03183,1.3110794,-1.1089908,-0.93673408,0.27730775,0.2136106,0
0.52122808,-1.5124747,-0.10783464,0.93673408,-0.27730775,-0.2136106,0
0.91310841,-0.31665164,1.9955785,0.091651633,-0.39465141,0.91424847,0
-1.2204106,-0.40060568,-2.2876635,-0.091651633,0.39465141,-0.91424847,0
0.45579624,-1.4746113,1.4317636,0.091651633,-0.39465141,0.91424847,0
1.154417,0.087183714,0.29383796,0.93673408,-0.27730775,-0.2136106,0
0.53116846,0.59943491,2.4100537,0.091651633,-0.39465141,0.91424847,0
-1.29221,-2.1486614,0.96256256,-0.33782995,-0.8759855,-0.34426773,0
-1.0329299,0.64249837,-1.7227486,-0.091651633,0.39465141,-0.91424847,0
0.6382919,-0.87995785,-0.27230164,0.93673408,-0.27730775,-0.2136106,0
0.5971086,2.5714307,-1.2326224,-0.091651633,0.39465141,-0.91424847,0
1.1197242,2.144336,-0.51898491,0.33782995,0.8759855,0.34426773,0
0.9371233,1.4054673,1.2545393,0.33782995,0.8759855,0.34426773,0
1.404263,0.82077932,0.41332489,0.93673408,-0.27730775,-0.2136106,0
-1.5443816,-1.222919,-1.1531723,-0.33782995,-0.8759855,-0.34426773,0
1.4760263,1.7934611,-0.061648764,0.33782995,0.8759855,0.34426773,0
-1.2202315,0.19732308,-1.1789616,-0.93673408,0.27730775,0.2136106,0
0.7853716,-0.87357199,1.8249896,0.091651633,-0.39465141,0.91424847,0
-1.0011951,-2.0360608,1.434039,0.091651633,-0.39465141,0.91424847,0
-0.29697549,-0.38071918,-2.4094193,-0.091651633,0.39465141,-0.91424847,0
0.080348969,-1.1415436,-2.571244,0.93673408,-0.27730775,-0.2136106,0
-0.65985274,-1.9527475,-0.1932494,-0.33782995,-0.8759855,-0.34426773,0
-1.2347103,-2.1611025,0.88653296,-0.33782995,-0.8759855,-0.34426773,0
-0.65610671,-2.3055,0.66133237,-0.33782995,-0.8759855,-0.34426773,0
1.0691389,-0.33549201,0.35342765,0.93673408,-0.27730775,-0.2136106,0
-1.2827444,-2.1456633,0.63078445,-0.33782995,-0.8759855,-0.34426773,0
-0.49658453,1.0734296,0.89973378,-0.93673408,0.27730775,0.2136106,0
0.41114408,0.88406563,-1.8426653,-0.091651633,0.39465141,-0.91424847,0
1.25818,-0.70279086,1.7701404,0.091651633,-0.39465141,0.91424847,0
0.11741447,1.2802429,2.6992815,0.33782995,0.8759855,0.34426773,0
-0.086811781,-2.6818452,1.0593331,0.091651633,-0.39465141,0.91424847,0
0.24372745,-2.4840002,0.31028408,-0.33782995,-0.8759855,-0.34426773,0
-0.82986432,-0.58877295,1.9102255,-0.93673408,0.27730775,0.2136106,0
-0.51694226,1.775389,-0.19749111,-0.93673408,0.27730775,0.2136106,0
-0.71395254,1.291007,0.056586385,-0.93673408,0.27730775,0.2136106,0
1.1661888,0.89310277,-0.307726,0.93673408,-0.27730775,-0.2136106,0
1.3246645,1.8871198,-0.27469718,0.33782995,0.8759855,0.34426773,0
-0.4983179,1.1731982,-1.5885953,-0.091651633,0.39465141,-0.91424847,0
0.98564851,-0.91608334,1.7386011,0.091651633,-0.39465141,0.91424847,0
-0.88656604,-0.65897775,1.7868971,-0.93673408,0.27730775,0.2136106,0
0.68016982,-1.1738107,-0.44932932,0.93673408,-0.27730775,-0.2136106,0
-0.67977345,-1.6748502,-0.66576254,-0.33782995,-0.8759855,-0.34426773,0
1.4647819,1.9946773,-0.54095918,0.33782995,0.8759855,0.34426773,0
0.61125958,-2.0000901,1.2906817,0.091651633,-0.39465141,0.91424847,0
-0.21047038,0.16889481,2.2886496,0.091651633,-0.39465141,0.91424847,0
-0.54856193,1.8115804,-0.26684469,-0.93673408,0.27730775,0.2136106,0
0.89646089,-0.49399865,-0.29307598,0.93673408,-0.27730775,-0.2136106,0
-1.0764239,0.15396893,-0.54973161,-0.93673408,0.27730775,0.2136106,0
-1.0716405,-1.4407761,1.7627892,0.091651633,-0.39465141,0.91424847,0
1.4440166,1.8371084,-0.74107528,0.93673408,-0.27730775,-0.2136106,0
0.17667747,2.0914729,0.45937309,0.33782995,0.8759855,0.34426773,0
-0.64581454,0.47287381,1.0847796,-0.93673408,0.27730775,0.2136106,0
-0.36072969,-1.1520326,-2.5742733,-0.33782995,-0.8759855,-0.34426773,0
0.11026978,-2.1395538,-0.66914189,-0.33782995,-0.8759855,-0.34426773,0
-0.25862527,-1.4787389,-2.049973,-0.33782995,-0.8759855,-0.34426773,0
-0.46094787,0.47212359,2.0424123,-0.93673408,0.27730775,0.2136106,0
1.3964636,1.1792351,1.4861624,0.33782995,0.8759855,0.34426773,0
1.2485263,1.9426413,-0.53721339,0.33782995,0.8759855,0.34426773,0
1.0948083,0.81553447,-0.59336126,0.93673408,-0.27730775,-0.2136106,0
1.5142159,1.2153008,1.2294987,0.33782995,0.8759855,0.34426773,0
-1.3652686,-0.7433399,-2.3262792,-0.091651633,0.39465141,-0.91424847,0
0.52172446,-0.13761413,2.0020893,0.091651633,-0.39465141,0.91424847,0
-0.80435538,-1.1155789,-2.4166801,-0.33782995,-0.8759855,-0.34426773,0
-1.5501876,-1.9625784,0.69692147,-0.93673408,0.27730775,0.2136106,0
0.6240977,-1.0697771,1.6903425,0.091651633,-0.39465141,0.91424847,0
0.19834757,1.7828829,1.2265415,0.33782995,0.8759855,0.34426773,0
-1.4373376,-0.89333975,-0.077130571,-0.93673408,0.27730775,0.2136106,0
0.47000277,-1.9547204,1.2309096,0.091651633,-0.39465141,0.91424847,0
0.17576981,-1.4900827,-2.0083234,0.93673408,-0.27730775,-0.2136106,0
1.5953519,0.78433466,2.1273177,0.33782995,0.8759855,0.34426773,0
0.22462463,0.6887061,2.4800563,0.091651633,-0.39465141,0.91424847,0
-1.0674381,-1.5409299,-0.97193938,-0.33782995,-0.8759855,-0.34426773,0
-0.58640987,1.1658939,-1.5278614,-0.091651633,0.39465141,-0.91424847,0
-0.99368441,-2.2037551,0.91577649,-0.33782995,-0.8759855,-0.34426773,0
-1.3144616,-1.4347105,-0.94798231,-0.33782995,-0.8759855,-0.34426773,0
0.59528208,0.19244105,2.2944372,0.091651633,-0.39465141,0.91424847,0
0.11521125,2.2870276,-0.36218965,0.33782995,0.8759855,0.34426773,0
-0.13280463,2.1856318,0.27693203,0.33782995,0.8759855,0.34426773,0
-0.4956584,-1.0294284,-2.4843814,-0.091651633,0.39465141,-0.91424847,0
0.27088916,-1.0603021,-2.1519012,0.93673408,-0.27730775,-0.2136106,0
1.1445539,1.396,-1.1251314,0.93673408,-0.27730775,-0.2136106,0
-0.37035894,-1.9930906,-0.32330447,-0.33782995,-0.8759855,-0.34426773,0
1.6128995,1.1081665,1.2909639,0.33782995,0.8759855,0.34426773,0
0.28023195,1.6051084,1.2545485,0.33782995,0.8759855,0.34426773,0
-1.2770176,-1.0067824,0.75245219,-0.93673408,0.27730775,0.2136106,0
1.4010831,1.4483283,0.47280827,0.33782995,0.8759855,0.34426773,0
-0.99819934,0.47420454,-0.71944678,-0.93673408,0.27730775,0.2136106,0
1.0402699,-0.15265214,1.9896673,0.091651633,-0.39465141,0.91424847,0
-1.2560117,-1.7477994,-0.12477262,-0.33782995,-0.8759855,-0.34426773,0
1.044506,2.2690053,-0.75402814,0.33782995,0.8759855,0.34426773,0
0.43898058,2.2249784,-0.50162005,0.33782995,0.8759855,0.34426773,0
1.221988,0.79645205,2.4408257,0.33782995,0.8759855,0.34426773,0
-1.5860261,-0.99171388,-1.6070983,-0.33782995,-0.8759855,-0.34426773,0
1.3272333,1.1223754,-0.49336433,0.93673408,-0.27730775,-0.2136106,0
-0.17120171,1.0778232,2.7012475,0.091651633,-0.39465141,0.91424847,0
-0.58393639,-0.55783397,2.0126362,0.091651633,-0.39465141,0.91424847,0
-0.82638109,-2.0432293,1.452194,0.091651633,-0.39465141,0.91424847,0
-0.38879526,0.80834502,1.9651209,-0.93673408,0.27730775,0.2136106,0
0.47767639,0.66274512,2.3337374,0.091651633,-0.39465141,0.91424847,0
-0.29012012,2.4440441,-1.1615121,-0.091651633,0.39465141,-0.91424847,0
-0.043616533,-2.5082111,1.0290191,0.091651633,-0.39465141,0.91424847,0
-0.0023281574,-1.1801351,-2.5964324,-0.33782995,-0.8759855,-0.34426773,0
1.295882,0.12074995,1.2487929,0.93673408,-0.27730775,-0.2136106,0
0.53878355,0.6963802,2.4997213,0.091651633,-0.39465141,0.91424847,0
1.7170742,0.64174986,1.8378346,0.93673408,-0.27730775,-0.2136106,0
-1.5028057,-1.809049,0.57989854,-0.93673408,0.27730775,0.2136106,0
0.84999609,1.3602645,-1.6808499,-0.091651633,0.39465141,-0.91424847,0
1.2117003,-0.081467509,1.0663195,0.93673408,-0.27730775,-0.2136106,0
-0.33162582,0.76519126,2.1837387,-0.93673408,0.27730775,0.2136106,0
-1.5751411,-1.3270738,-0.90187788,-0.33782995,-0.8759855,-0.34426773,0
-0.60756695,-0.22472495,2.1336462,0.091651633,-0.39465141,0.91424847,0
-0.17096239,-0.072990105,-2.291873,-0.091651633,0.39465141,-0.91424847,0
-0.59164149,-0.14235502,-2.1726105,-0.091651633,0.39465141,-0.91424847,0
0.50200665,1.3840297,1.5222704,0.33782995,0.8759855,0.34426773,0
-1.0792043,-0.55890715,-2.2254419,-0.091651633,0.39465141,-0.91424847,0
0.60834527,-0.9513275,-1.0487081,0.93673408,-0.27730775,-0.2136106,0
0.43257892,-0.67475981,-2.1436322,0.93673408,-0.27730775,-0.2136106,0
-0.63406408,1.6674497,-0.18777692,-0.93673408,0.27730775,0.2136106,0
0.49023718,-0.83956981,1.8642086,0.091651633,-0.39465141,0.91424847,0
1.2731315,1.172505,1.6130455,0.33782995,0.8759855,0.34426773,0
0.81165504,1.0901613,-1.747871,-0.091651633,0.39465141,-0.91424847,0
-0.13215399,0.63841379,-1.9419465,-0.091651633,0.39465141,-0.91424847,0
-0.39262429,0.33939517,-1.9087713,-0.091651633,0.39465141,-0.91424847,0
-0.17137241,1.5894153,-1.4131231,-0.091651633,0.39465141,-0.91424847,0
-1.1549844,-1.7295675,-0.34050256,-0.33782995,-0.8759855,-0.34426773,0
-1.5518073,-1.4313257,-0.80159378,-0.33782995,-0.8759855,-0.34426773,0
1.2841908,2.0806217,-0.48484242,0.33782995,0.8759855,0.34426773,0
-0.41039562,-2.0057554,1.3786757,0.091651633,-0.39465141,0.91424847,0
-0.34304786,1.1616356,2.1170497,-0.93673408,0.27730775,0.2136106,0
-0.177912,-1.4384665,-2.0262871,-0.33782995,-0.8759855,-0.34426773,0
0.70965761,1.4641737,-1.6000324,-0.091651633,0.39465141,-0.91424847,0
0.7684567,1.592137,0.75067931,0.33782995,0.8759855,0.34426773,0
-1.4776903,-1.2203909,-0.51143241,-0.93673408,0.27730775,0.2136106,0
-0.45453024,-1.7215303,-0.98751462,-0.33782995,-0.8759855,-0.34426773,0
-0.60805225,-1.6918535,1.5717981,0.091651633,-0.39465141,0.91424847,0
-0.52162361,2.7497895,-1.0422649,-0.091651633,0.39465141,-0.91424847,0
0.54184318,-1.7320181,-0.34098399,0.93673408,-0.27730775,-0.2136106,0
0.5739243,2.2141941,-0.40735373,0.33782995,0.8759855,0.34426773,0
0.32492232,1.7610897,1.1275003,0.33782995,0.8759855,0.34426773,0
0.10910034,2.5077617,-0.41669381,0.33782995,0.8759855,0.34426773,0
1.2936786,0.43511891,0.41630131,0.93673408,-0.27730775,-0.2136106,0
-0.78000331,-1.8163056,-0.42620188,-0.33782995,-0.8759855,-0.34426773,0
0.10780382,-2.6036336,0.47502476,-0.33782995,-0.8759855,-0.34426773,0
-0.52587867,0.74637353,1.3482912,-0.93673408,0.27730775,0.2136106,0
0.46000588,1.4053961,-1.6207041,-0.091651633,0.39465141,-0.91424847,0
0.24792838,1.565447,1.7969686,0.33782995,0.8759855,0.34426773,0
0.49545121,-1.8176661,-0.027141929,0.93673408,-0.27730775,-0.2136106,0
1.3352356,1.3209331,-0.073532119,0.93673408,-0.27730775,-0.2136106,0
0.18816495,-1.0081209,-2.4489326,0.93673408,-0.27730775,-0.2136106,0
1.3938117,-0.011237502,1.6337744,0.93673408,-0.27730775,-0.2136106,0
-0.67433888,-0.42663032,-2.3219802,-0.091651633,0.39465141,-0.91424847,0
-0.18218112,-1.5498328,-1.5722027,-0.33782995,-0.8759855,-0.34426773,0
1.7489433,1.0842996,1.4343063,0.93673408,-0.27730775,-0.2136106,0
-0.14411807,-2.1882002,-0.381457,-0.33782995,-0.8759855,-0.34426773,0
0.13830185,-1.7228551,-1.5628502,-0.33782995,-0.8759855,-0.34426773,0
-0.18421648,0.77627915,-1.843254,-0.091651633,0.39465141,-0.91424847,0
0.92073852,0.083287716,-1.0059463,0.93673408,-0.27730775,-0.2136106,0
-0.97672439,0.033070803,0.12655751,-0.93673408,0.27730775,0.2136106,0
1.2109941,0.89617014,2.2097499,0.33782995,0.8759855,0.34426773,0
-1.0631317,-1.5013108,-0.70152712,-0.33782995,-0.8759855,-0.34426773,0
-0.3456974,-2.4537141,0.97306567,-0.33782995,-0.8759855,-0.34426773,0
0.3764956,2.1464529,-0.25184679,0.33782995,0.8759855,0.34426773,0
-0.27243686,-2.3989451,1.1468078,0.091651633,-0.39465141,0.91424847,0
-0.92820013,1.6723878,-1.1473223,-0.93673408,0.27730775,0.2136106,0
-1.0953823,-1.5815489,1.5502856,-0.93673408,0.27730775,0.2136106,0
-0.53349578,-1.4255477,-1.6126612,-0.33782995,-0.8759855,-0.34426773,0
-0.97438347,-1.6496789,-0.64225459,-0.33782995,-0.8759855,-0.34426773,0
1.120513,1.3569331,1.4792374,0.33782995,0.8759855,0.34426773,0
-0.33456707,-1.4097923,1.5914557,0.091651633,-0.39465141,0.91424847,0
-0.10135365,0.034239501,2.1333103,0.091651633,-0.39465141,0.91424847,0
-0.26322091,-0.56077498,-2.4068191,-0.091651633,0.39465141,-0.91424847,0
-0.74544507,-0.31808329,1.3773562,-0.93673408,0.27730775,0.2136106,0
0.78725648,1.3516469,1.6968544,0.33782995,0.8759855,0.34426773,0
-0.26492333,2.5961013,-0.64337128,0.33782995,0.8759855,0.34426773,0
-0.96654838,-1.627106,1.5907929,0.091651633,-0.39465141,0.91424847,0
0.075706005,-1.7900021,-1.1487364,-0.33782995,-0.8759855,-0.34426773,0
-0.99216044,-1.1903076,-1.8198627,-0.33782995,-0.8759855,-0.34426773,0
-1.2927424,-0.80161297,0.4462893,-0.93673408,0.27730775,0.2136106,0
-0.45388806,1.0798572,-1.5814419,-0.091651633,0.39465141,-0.91424847,0
1.0374291,0.077541947,2.1717532,0.091651633,-0.39465141,0.91424847,0
0.29820633,-2.2737508,-0.10089201,0.93673408,-0.27730775,-0.2136106,0
-1.5061158,-0.54011667,-1.0839124,-0.93673408,0.27730775,0.2136106,0
0.14867544,-1.4778557,-2.0121787,0.93673408,-0.27730775,-0.2136106,0
1.3874886,0.59511197,1.0605494,0.93673408,-0.27730775,-0.2136106,0
0.81060231,-1.8891662,1.2761152,0.93673408,-0.27730775,-0.2136106,0
1.5209715,1.5812593,0.44773632,0.33782995,0.8759855,0.34426773,0
-1.2196811,-1.5299518,-0.63499701,-0.33782995,-0.8759855,-0.34426773,0
0.46655786,-1.4618098,1.4426937,0.091651633,-0.39465141,0.91424847,0
0.15824246,-1.7361927,-1.3376815,0.93673408,-0.27730775,-0.2136106,0
0.064418197,0.62629622,2.4925957,0.091651633,-0.39465141,0.91424847,0
0.45728332,-0.77513337,1.7668959,0.091651633,-0.39465141,0.91424847,0
-0.30965412,-1.7978127,1.405767,0.091651633,-0.39465141,0.91424847,0
0.24420476,-1.0431603,-2.6712132,0.93673408,-0.27730775,-0.2136106,0
-0.48866761,2.0524127,-1.3111534,-0.091651633,0.39465141,-0.91424847,0
1.6032342,1.6743006,-0.092977777,0.93673408,-0.27730775,-0.2136106,0
-1.3349921,-1.9953315,0.350712,-0.33782995,-0.8759855,-0.34426773,0
-0.78092325,1.5948802,-0.44465727,-0.93673408,0.27730775,0.2136106,0
1.111518,2.0189276,-0.15245104,0.33782995,0.8759855,0.34426773,0
0.20466089,-1.9688587,-0.93958664,-0.33782995,-0.8759855,-0.34426773,0
-0.88315868,0.20841354,0.99822509,-0.93673408,0.27730775,0.2136106,0
-0.65776777,1.0495952,0.73684001,-0.93673408,0.27730775,0.2136106,0
-0.92742407,-1.9498739,-0.054059878,-0.33782995,-0.8759855,-0.34426773,0
0.7221123,0.57805175,2.4279535,0.091651633,-0.39465141,0.91424847,0
-0.7159102,-1.9845986,0.18043217,-0.33782995,-0.8759855,-0.34426773,0
-1.0075538,-1.0213323,-2.2026787,-0.33782995,-0.8759855,-0.34426773,0
1.0017378,1.8147038,0.21067989,0.33782995,0.8759855,0.34426773,0
1.6092024,0.1908828,1.7844568,0.93673408,-0.27730775,-0.2136106,0
1.2885058,2.0501275,-0.86316103,0.33782995,0.8759855,0.34426773,0
-0.11564994,-2.2923965,1.2033677,0.091651633,-0.39465141,0.91424847,0
0.49679685,-1.9052396,1.2692823,0.091651633,-0.39465141,0.91424847,0
1.5518916,0.017831087,1.9210017,0.93673408,-0.27730775,-0.2136106,0
-0.42495656,-2.2455156,0.54967034,-0.33782995,-0.8759855,-0.34426773,0
-0.78132403,-1.8931208,-0.096446455,-0.33782995,-0.8759855,-0.34426773,0
-1.3553327,-1.5622985,1.0372521,-0.93673408,0.27730775,0.2136106,0
0.7870332,0.087433398,2.2315919,0.091651633,-0.39465141,0.91424847,0
-0.88272715,-1.1714463,-2.1750793,-0.33782995,-0.8759855,-0.34426773,0
0.18120909,2.122622,0.31489363,0.33782995,0.8759855,0.34426773,0
-0.75939286,-0.47357553,1.6937559,-0.93673408,0.27730775,0.2136106,0
-0.40887141,-0.043788046,2.1621032,0.091651633,-0.39465141,0.91424847,0
0.43913531,1.715868,0.76264513,0.33782995,0.8759855,0.34426773,0
-0.95491552,-0.43910563,-2.2927036,-0.091651633,0.39465141,-0.91424847,0
1.4005605,0.37095046,0.88326764,0.93673408,-0.27730775,-0.2136106,0
0.738639,-0.95484924,-0.039602041,0.93673408,-0.27730775,-0.2136106,0
0.174788,-2.4228201,0.041910887,-0.33782995,-0.8759855,-0.34426773,0
1.0791798,1.2986743,1.430756,0.33782995,0.8759855,0.34426773,0
0.46892953,1.7648993,0.75445282,0.33782995,0.8759855,0.34426773,0
0.14517808,-2.0031672,-1.0169377,0.93673408,-0.27730775,-0.2136106,0
0.055377349,0.38410065,-2.1218512,-0.091651633,0.39465141,-0.91424847,0
0.39517546,-0.36244598,-2.4134326,-0.091651633,0.39465141,-0.91424847,0
-1.2337245,0.93632293,-1.5145996,-0.93673408,0.27730775,0.2136106,0
0.169276,2.5050237,-1.0109886,0.33782995,0.8759855,0.34426773,0
-0.15610969,1.9570205,-1.3512437,-0.091651633,0.39465141,-0.91424847,0
0.38207698,-2.7490244,0.78345466,-0.33782995,-0.8759855,-0.34426773,0
-0.85404241,-0.050540447,1.3127801,-0.93673408,0.27730775,0.2136106,0
0.19383979,1.3323505,1.9386674,0.33782995,0.8759855,0.34426773,0
-0.71631134,0.9395206,-1.7569103,-0.091651633,0.39465141,-0.91424847,0
-1.2273327,-0.37495518,-0.13765663,-0.93673408,0.27730775,0.2136106,0
-0.54064023,1.2548385,0.42929822,-0.93673408,0.27730775,0.2136106,0
1.1734484,0.12318826,-0.1568321,0.93673408,-0.27730775,-0.2136106,0
0.36021352,-2.7198114,1.0699074,0.091651633,-0.39465141,0.91424847,0
-1.1376289,0.046420455,-0.12345254,-0.93673408,0.27730775,0.2136106,0
0.74170542,0.08995837,2.0482576,0.091651633,-0.39465141,0.91424847,0
0.9812507,0.77814257,-0.96905339,0.93673408,-0.27730775,-0.2136106,0
0.40843546,-1.3283963,-1.0676192,0.93673408,-0.27730775,-0.2136106,0
-1.1238661,-1.397154,-1.1416304,-0.33782995,-0.8759855,-0.34426773,0
0.52894473,1.1532292,2.1661723,0.33782995,0.8759855,0.34426773,0
0.53910625,0.60186213,2.4992959,0.091651633,-0.39465141,0.91424847,0
-1.2149791,0.27325034,-0.59658992,-0.93673408,0.27730775,0.2136106,0
0.78688204,0.093417823,-1.3633608,0.93673408,-0.27730775,-0.2136106,0
1.3442837,0.316571,2.241781,0.091651633,-0.39465141,0.91424847,0
-1.6558765,-0.80667114,-1.8375001,-0.93673408,0.27730775,0.2136106,0
-0.98300076,0.23664761,-0.30125126,-0.93673408,0.27730775,0.2136106,0
-0.53733218,0.9844166,0.71011221,-0.93673408,0.27730775,0.2136106,0
-1.0290685,0.84394324,-0.94172549,-0.93673408,0.27730775,0.2136106,0
0.46618485,-2.3390408,0.19143498,0.93673408,-0.27730775,-0.2136106,0
-1.3810835,-0.73060966,-0.75403351,-0.93673408,0.27730775,0.2136106,0
-0.16146493,1.5613515,1.8703793,-0.93673408,0.27730775,0.2136106,0
-1.1522573,-2.2869759,0.94597208,-0.33782995,-0.8759855,-0.34426773,0
0.11744058,0.28723317,2.3578115,0.091651633,-0.39465141,0.91424847,0
0.022167504,0.2277467,-2.1076064,-0.091651633,0.39465141,-0.91424847,0
-1.5207247,-1.1852497,-1.5088036,-0.33782995,-0.8759855,-0.34426773,0
0.95101416,2.141108,-0.76208556,0.33782995,0.8759855,0.34426773,0
-0.69938469,0.15597707,1.6725557,-0.93673408,0.27730775,0.2136106,0
0.50856632,-0.13897145,-2.0740669,0.93673408,-0.27730775,-0.2136106,0
0.76983643,-0.4256323,-0.92136389,0.93673408,-0.27730775,-0.2136106,0
0.088744879,1.2945772,2.4016771,0.33782995,0.8759855,0.34426773,0
0.4200356,2.2017071,-1.2607231,-0.091651633,0.39465141,-0.91424847,0
0.91390812,0.97616017,-1.9248964,-0.091651633,0.39465141,-0.91424847,0
-1.3780639,-1.6389215,0.95099187,-0.93673408,0.27730775,0.2136106,0
0.67919123,-0.71870846,1.7926024,0.091651633,-0.39465141,0.91424847,0
0.72145551,-0.85971045,-0.081390023,0.93673408,-0.27730775,-0.2136106,0
1.3606774,1.3680775,1.1994755,0.33782995,0.8759855,0.34426773,0
0.016904354,1.2227138,2.5646205,0.33782995,0.8759855,0.34426773,0
0.038060788,0.48635012,-1.8870385,-0.091651633,0.39465141,-0.91424847,0
-0.098214865,-1.1242425,1.7592878,0.091651633,-0.39465141,0.91424847,0
1.2662783,1.8001505,-0.10679006,0.33782995,0.8759855,0.34426773,0
0.46368122,2.0044403,0.011888444,0.33782995,0.8759855,0.34426773,0
1.2777716,-0.27204645,1.73719,0.93673408,-0.27730775,-0.2136106,0
1.585166,0.83527243,1.9585507,0.33782995,0.8759855,0.34426773,0
-0.84837776,0.80301225,-1.8623199,-0.091651633,0.39465141,-0.91424847,0
-0.44819504,0.40896156,1.7394363,-0.93673408,0.27730775,0.2136106,0
-0.76386511,1.9352691,-1.2497324,-0.091651633,0.39465141,-0.91424847,0
0.9857707,0.95009017,2.2574492,0.33782995,0.8759855,0.34426773,0
-0.51810133,0.78041792,1.8358188,-0.93673408,0.27730775,0.2136106,0
-1.3992866,-0.0037065744,-1.7977613,-0.93673408,0.27730775,0.2136106,0
0.18042314,-1.6354105,1.4837601,0.091651633,-0.39465141,0.91424847,0
0.40813971,0.56690502,-1.8827834,-0.091651633,0.39465141,-0.91424847,0
0.55016845,-0.12838358,2.1137004,0.091651633,-0.39465141,0.91424847,0
1.4260176,0.046587229,1.747076,0.93673408,-0.27730775,-0.2136106,0
-0.30659986,-0.72711182,-2.4570675,-0.091651633,0.39465141,-0.91424847,0
-0.8629688,0.38890046,-2.0142622,-0.091651633,0.39465141,-0.91424847,0
0.56307983,-1.3513787,-0.12375367,0.93673408,-0.27730775,-0.2136106,0
-0.56701231,1.8068678,0.24311972,-0.93673408,0.27730775,0.2136106,0
0.21646142,-2.2954559,-0.30103993,-0.33782995,-0.8759855,-0.34426773,0
0.25533652,-2.0035894,1.316185,0.091651633,-0.39465141,0.91424847,0
-0.33163199,-1.0262085,1.8161423,0.091651633,-0.39465141,0.91424847,0
-0.7244215,-1.7241752,-0.96120661,-0.33782995,-0.8759855,-0.34426773,0
0.45408201,-1.4902769,1.5648937,0.091651633,-0.39465141,0.91424847,0
0.47183645,-1.2215521,1.5846885,0.091651633,-0.39465141,0.91424847,0
0.013148308,-1.4038064,-2.0503516,-0.33782995,-0.8759855,-0.34426773,0
1.5163287,0.39085412,1.6161695,0.93673408,-0.27730775,-0.2136106,0
0.68275917,-0.1307615,-1.5694497,0.93673408,-0.27730775,-0.2136106,0
-0.77270532,-0.73667908,1.8169514,-0.93673408,0.27730775,0.2136106,0
1.0714679,1.7666597,-0.00027321279,0.33782995,0.8759855,0.34426773,0
-0.98793423,-0.25463939,0.43922138,-0.93673408,0.27730775,0.2136106,0
0.75725222,0.45249456,-1.9551743,0.93673408,-0.27730775,-0.2136106,0
-0.36927617,0.60527498,2.4603415,-0.93673408,0.27730775,0.2136106,0
1.4155326,2.0830295,-0.98793006,0.33782995,0.8759855,0.34426773,0
-0.34819484,-2.4128771,0.50970495,-0.33782995,-0.8759855,-0.34426773,0
-1.3686258,-1.3197378,0.49295074,-0.93673408,0.27730775,0.2136106,0
1.6092407,0.14381194,1.9500668,0.93673408,-0.27730775,-0.2136106,0
-1.529873,-1.7326754,0.24127837,-0.33782995,-0.8759855,-0.34426773,0
1.5366839,0.055755138,2.0269327,0.091651633,-0.39465141,0.91424847,0
0.33709168,1.0845677,2.5001771,0.33782995,0.8759855,0.34426773,0
-0.95474291,0.39601308,-0.011308491,-0.93673408,0.27730775,0.2136106,0
-0.78985715,-2.3381453,1.1236228,-0.33782995,-0.8759855,-0.34426773,0
-0.82840157,-0.10239697,0.91757703,-0.93673408,0.27730775,0.2136106,0
-0.26644853,-0.91593981,1.7451127,0.091651633,-0.39465141,0.91424847,0
-0.67052424,-1.6852231,-0.89095336,-0.33782995,-0.8759855,-0.34426773,0
0.57368982,1.0554786,2.5596032,0.33782995,0.8759855,0.34426773,0
1.139019,-0.073186159,1.9548649,0.091651633,-0.39465141,0.91424847,0
-1.5767434,-1.7050799,-0.043693598,-0.33782995,-0.8759855,-0.34426773,0
