0.17220962,0.4774313,1.7354031,-0.40062937,0.83321792,0.38110894,0
-1.0305268,-1.6003686,1.9047455,0.27288783,-0.28856269,0.9177494,0
1.7859764,2.0157633,0.2919513,-0.40062937,0.83321792,0.38110894,0
-4.1613631,-2.1504145,-1.4527366,-0.87465906,-0.4716773,0.11176831,0
-3.7877069,-1.4803905,-1.5722332,-0.27288783,0.28856269,-0.9177494,0
3.8823066,1.8754508,-1.6607573,0.87465906,0.4716773,-0.11176831,0
3.9043067,1.0611575,1.2517054,0.27288783,-0.28856269,0.9177494,0
4.7238412,0.79874492,0.8403461,0.87465906,0.4716773,-0.11176831,0
-3.9805536,-2.035068,-1.5944273,-0.27288783,0.28856269,-0.9177494,0
0.77504134,-1.0798573,1.5169127,0.27288783,-0.28856269,0.9177494,0
2.6911082,2.329221,0.16120601,-0.40062937,0.83321792,0.38110894,0
-0.90533376,-1.4608369,1.9699441,0.27288783,-0.28856269,0.9177494,0
4.6074901,1.1130044,0.75332522,0.87465906,0.4716773,-0.11176831,0
-3.5821531,-2.1280088,2.6005785,-0.87465906,-0.4716773,0.11176831,0
0.47551161,1.8876722,-1.7252234,-0.27288783,0.28856269,-0.9177494,0
0.93514603,1.7259285,-0.42779267,-0.40062937,0.83321792,0.38110894,0
-4.4227133,-1.2375805,0.2019558,-0.87465906,-0.4716773,0.11176831,0
4.2796965,1.5009996,0.011804581,0.87465906,0.4716773,-0.11176831,0
-1.4148422,-1.8769708,-0.054021478,0.40062937,-0.83321792,-0.38110894,0
2.7359395,0.51574558,1.6026587,0.27288783,-0.28856269,0.9177494,0
-4.10709,-1.9285533,-0.059511662,-0.87465906,-0.4716773,0.11176831,0
-1.8801144,-2.364687,0.3848505,0.40062937,-0.83321792,-0.38110894,0
4.5140104,1.2085438,0.80129385,0.87465906,0.4716773,-0.11176831,0
-4.0614595,-2.1437819,-0.030742168,-0.87465906,-0.4716773,0.11176831,0
2.3453491,0.57639945,-1.6212425,0.40062937,-0.83321792,-0.38110894,0
-0.62530279,1.0333221,-1.6419876,-0.27288783,0.28856269,-0.9177494,0
3.1449776,3.4298172,-1.8653226,0.87465906,0.4716773,-0.11176831,0
4.1019053,2.1924796,1.689239,0.27288783,-0.28856269,0.9177494,0
-3.8760333,-2.5451081,-0.021473885,-0.87465906,-0.4716773,0.11176831,0
2.7565916,0.34550914,-0.45622182,0.40062937,-0.83321792,-0.38110894,0
3.3122206,2.4470086,0.65942359,-0.40062937,0.83321792,0.38110894,0
-2.318954,-0.6325354,-1.5998743,-0.27288783,0.28856269,-0.9177494,0
-2.3365111,-2.771853,0.96461439,0.40062937,-0.83321792,-0.38110894,0
4.4552031,0.64223051,0.95135403,0.27288783,-0.28856269,0.9177494,0
1.0177124,1.351944,0.80838722,-0.40062937,0.83321792,0.38110894,0
4.1046491,1.8862844,0.51987672,0.87465906,0.4716773,-0.11176831,0
1.762759,0.11882594,-1.1750538,0.40062937,-0.83321792,-0.38110894,0
0.78252834,-0.26600993,-1.3407638,0.40062937,-0.83321792,-0.38110894,0
-2.274298,-3.0195651,1.9162903,0.27288783,-0.28856269,0.9177494,0
-0.86452091,1.2510203,-1.1516432,-0.40062937,0.83321792,0.38110894,0
-2.4988551,-2.8368144,0.84502506,0.40062937,-0.83321792,-0.38110894,0
-0.40963298,-1.3452605,-0.090009153,0.40062937,-0.83321792,-0.38110894,0
-3.5369411,-2.8590534,0.23649311,-0.87465906,-0.4716773,0.11176831,0
4.3881068,1.5763816,0.84234309,0.87465906,0.4716773,-0.11176831,0
-0.85399646,-0.73756969,2.2002106,0.27288783,-0.28856269,0.9177494,0
3.2550278,2.8040512,-2.1802256,0.87465906,0.4716773,-0.11176831,0
-0.12724221,0.11175954,-2.1205988,-0.27288783,0.28856269,-0.9177494,0
-4.1543984,-1.9414022,0.36210108,-0.87465906,-0.4716773,0.11176831,0
-4.6503458,-1.0488245,-0.93281889,-0.87465906,-0.4716773,0.11176831,0
3.9072437,1.8104993,-1.975903,0.87465906,0.4716773,-0.11176831,0
-0.27106285,-0.84695578,-0.85989296,0.40062937,-0.83321792,-0.38110894,0
-2.5041566,-1.8401783,2.2959282,0.27288783,-0.28856269,0.9177494,0
-1.8701746,-2.0646737,2.1667259,0.27288783,-0.28856269,0.9177494,0
-1.2606893,-1.5889847,-0.45556521,0.40062937,-0.83321792,-0.38110894,0
3.8819518,1.7708051,-1.9136221,0.87465906,0.4716773,-0.11176831,0
-3.4495866,-3.0856502,1.1057801,-0.87465906,-0.4716773,0.11176831,0
-2.069232,0.13791227,0.23452854,-0.40062937,0.83321792,0.38110894,0
4.5768852,1.1240511,1.1463175,0.87465906,0.4716773,-0.11176831,0
4.1261888,1.6976187,-0.043811798,0.87465906,0.4716773,-0.11176831,0
2.3597684,1.6786486,-2.4209168,-0.27288783,0.28856269,-0.9177494,0
-3.3871374,-2.6589055,1.7532277,-0.87465906,-0.4716773,0.11176831,0
-0.39486086,1.3529048,-1.5836973,-0.27288783,0.28856269,-0.9177494,0
3.5711939,1.2366891,1.5736325,0.27288783,-0.28856269,0.9177494,0
-0.75529104,-0.29191804,2.240649,0.27288783,-0.28856269,0.9177494,0
-3.964581,-2.3336957,-0.54984474,-0.87465906,-0.4716773,0.11176831,0
0.14489341,0.83377278,-1.9829094,-0.27288783,0.28856269,-0.9177494,0
-3.6937306,-2.6708128,0.62594986,-0.87465906,-0.4716773,0.11176831,0
-0.1966815,1.6332543,-1.6866078,-0.27288783,0.28856269,-0.9177494,0
-4.1897793,-1.4138076,0.71906853,-0.87465906,-0.4716773,0.11176831,0
4.250916,1.6131636,0.3789444,0.87465906,0.4716773,-0.11176831,0
2.775434,-0.3686147,1.009551,0.40062937,-0.83321792,-0.38110894,0
0.51666141,1.7969961,-1.7700912,-0.27288783,0.28856269,-0.9177494,0
4.2183747,1.9501495,0.45102572,0.87465906,0.4716773,-0.11176831,0
-2.2823629,0.62904805,-1.3128644,-0.27288783,0.28856269,-0.9177494,0
4.1540914,1.6266644,-1.6842928,0.87465906,0.4716773,-0.11176831,0
-4.2982345,-1.5755424,-1.3029177,-0.27288783,0.28856269,-0.9177494,0
2.4529774,2.3332591,-2.2779713,-0.27288783,0.28856269,-0.9177494,0
0.30325353,-1.0424494,1.6914322,0.27288783,-0.28856269,0.9177494,0
-3.6781087,-2.3999586,0.49090266,-0.87465906,-0.4716773,0.11176831,0
1.1812214,1.5380882,-2.0587039,-0.27288783,0.28856269,-0.9177494,0
3.1821136,3.3583353,-1.8356888,0.87465906,0.4716773,-0.11176831,0
-1.7724918,0.30298311,-1.4675704,-0.27288783,0.28856269,-0.9177494,0
-4.4816008,-1.3172325,0.3088603,-0.87465906,-0.4716773,0.11176831,0
-3.4627862,-2.6201861,2.009131,-0.87465906,-0.4716773,0.11176831,0
-4.1523504,-1.5463829,-1.4590728,-0.27288783,0.28856269,-0.9177494,0
0.34740257,0.74468756,-2.0226235,-0.27288783,0.28856269,-0.9177494,0
3.0626593,2.5090134,0.37327242,-0.40062937,0.83321792,0.38110894,0
3.9265902,1.7901807,-1.6197195,0.87465906,0.4716773,-0.11176831,0
3.480871,2.6595082,-1.5622201,0.87465906,0.4716773,-0.11176831,0
3.3634412,2.4224594,-2.3857343,-0.27288783,0.28856269,-0.9177494,0
2.1206036,1.9042556,-2.2325199,-0.27288783,0.28856269,-0.9177494,0
0.20341808,-1.6460522,1.0566036,0.40062937,-0.83321792,-0.38110894,0
0.39051098,1.581452,-0.59128386,-0.40062937,0.83321792,0.38110894,0
4.8247509,0.85413635,0.8218472,0.87465906,0.4716773,-0.11176831,0
-0.75480258,-2.1397858,1.2760144,0.40062937,-0.83321792,-0.38110894,0
3.6966889,2.8851595,-0.024338245,0.87465906,0.4716773,-0.11176831,0
-3.9473505,-1.6932116,1.5471363,-0.87465906,-0.4716773,0.11176831,0
-4.1102018,-2.09237,-0.62073016,-0.87465906,-0.4716773,0.11176831,0
-0.87127423,0.37687704,-1.7492697,-0.27288783,0.28856269,-0.9177494,0
3.7941289,2.4417534,-0.8834672,0.87465906,0.4716773,-0.11176831,0
-3.870919,-2.0752375,1.404964,-0.87465906,-0.4716773,0.11176831,0
3.6512923,2.169023,-1.8151219,0.87465906,0.4716773,-0.11176831,0
4.7708116,1.0508475,0.81981158,0.87465906,0.4716773,-0.11176831,0
3.8220291,2.3772509,-0.83282328,0.87465906,0.4716773,-0.11176831,0
0.18157029,-1.5128707,1.7575274,0.27288783,-0.28856269,0.9177494,0
3.6450331,2.2498569,-1.5021267,0.87465906,0.4716773,-0.11176831,0
4.2439823,1.4483453,-0.7167592,0.87465906,0.4716773,-0.11176831,0
-3.7207317,-2.2663515,1.1989148,-0.87465906,-0.4716773,0.11176831,0
-2.1298053,0.36284786,-0.19298732,-0.40062937,0.83321792,0.38110894,0
4.1612792,1.6097941,-1.7365136,0.87465906,0.4716773,-0.11176831,0
-3.8296123,-2.4848509,0.017992496,-0.87465906,-0.4716773,0.11176831,0
4.423193,1.2543025,-0.078068256,0.87465906,0.4716773,-0.11176831,0
3.6395507,2.3201604,-1.9511557,0.87465906,0.4716773,-0.11176831,0
4.0091095,2.219147,0.86251974,0.87465906,0.4716773,-0.11176831,0
-3.9679797,-2.387768,-1.6730556,0.40062937,-0.83321792,-0.38110894,0
-0.92968607,-1.7318279,1.9649585,0.27288783,-0.28856269,0.9177494,0
-4.4262581,-1.3685396,-0.85629869,-0.87465906,-0.4716773,0.11176831,0
1.5175763,1.9698701,-2.0176108,-0.27288783,0.28856269,-0.9177494,0
-4.1686807,-0.68818927,-0.071622372,-0.40062937,0.83321792,0.38110894,0
1.1107913,2.0939109,-0.66900766,-0.40062937,0.83321792,0.38110894,0
-2.427115,-2.6890001,2.0494401,0.27288783,-0.28856269,0.9177494,0
-1.298404,-1.8402408,1.8932079,0.27288783,-0.28856269,0.9177494,0
-2.7348661,-3.3310058,1.7465217,0.40062937,-0.83321792,-0.38110894,0
3.8972499,2.1835377,-0.82072449,0.87465906,0.4716773,-0.11176831,0
-0.26269326,-1.6025038,0.46443486,0.40062937,-0.83321792,-0.38110894,0
0.51915336,-1.6191325,1.5165324,0.27288783,-0.28856269,0.9177494,0
-1.8201526,-2.6774068,1.5679672,0.40062937,-0.83321792,-0.38110894,0
0.044258237,-1.5262935,1.6176255,0.27288783,-0.28856269,0.9177494,0
-4.3336797,-1.7773459,-0.84465528,-0.87465906,-0.4716773,0.11176831,0
3.8710399,2.0618401,-1.0249555,0.87465906,0.4716773,-0.11176831,0
-0.95063102,-0.33609867,2.352494,-0.40062937,0.83321792,0.38110894,0
3.4318137,2.6950483,0.36187887,-0.40062937,0.83321792,0.38110894,0
-3.4750557,-2.9060247,1.2387407,-0.87465906,-0.4716773,0.11176831,0
-2.4994254,-2.2871451,-0.32851553,0.40062937,-0.83321792,-0.38110894,0
-2.1050348,-1.7105761,2.3710084,0.27288783,-0.28856269,0.9177494,0
1.5500765,2.4648039,-1.9177628,-0.27288783,0.28856269,-0.9177494,0
-3.3081558,-3.0655949,2.0838256,-0.87465906,-0.4716773,0.11176831,0
-1.8630947,0.75453699,-1.3602104,-0.27288783,0.28856269,-0.9177494,0
-2.9570355,-3.1055117,1.1655602,0.40062937,-0.83321792,-0.38110894,0
-3.0007694,-3.000669,2.1348362,0.27288783,-0.28856269,0.9177494,0
1.0530233,0.85810953,1.6593834,-0.40062937,0.83321792,0.38110894,0
4.3959675,1.3712552,-0.70333195,0.87465906,0.4716773,-0.11176831,0
3.5537405,0.95012915,-1.2134943,0.40062937,-0.83321792,-0.38110894,0
-3.9117894,-2.4701521,0.041415691,-0.87465906,-0.4716773,0.11176831,0
-3.9542184,-2.2870762,-0.34143972,-0.87465906,-0.4716773,0.11176831,0
4.1355147,1.805755,-0.29147434,0.87465906,0.4716773,-0.11176831,0
3.8041484,1.5549848,-2.2469566,0.40062937,-0.83321792,-0.38110894,0
-3.3851757,-2.8061931,1.7251956,-0.87465906,-0.4716773,0.11176831,0
-2.583961,-1.0324678,-1.8091499,-0.27288783,0.28856269,-0.9177494,0
-1.4077452,-1.5674961,2.0737071,0.27288783,-0.28856269,0.9177494,0
2.7048602,0.40203756,-0.54073167,0.40062937,-0.83321792,-0.38110894,0
4.0694218,2.1398337,1.4363854,0.87465906,0.4716773,-0.11176831,0
3.8030844,2.6000214,-0.21997452,0.87465906,0.4716773,-0.11176831,0
1.7785347,-0.89000487,0.97414577,0.40062937,-0.83321792,-0.38110894,0
3.8534875,1.7935715,-1.9003701,0.87465906,0.4716773,-0.11176831,0
0.33828247,0.9276135,-2.0593162,-0.27288783,0.28856269,-0.9177494,0
4.2042623,1.5232022,-1.4009256,0.87465906,0.4716773,-0.11176831,0
-1.9434092,-1.3597496,2.3474493,0.27288783,-0.28856269,0.9177494,0
3.3736892,2.8036823,-1.4867747,0.87465906,0.4716773,-0.11176831,0
3.7130461,1.8693819,-2.6315105,-0.27288783,0.28856269,-0.9177494,0
-3.5659451,-2.7103732,-0.41955423,0.40062937,-0.83321792,-0.38110894,0
3.6239161,2.9389901,-0.36912251,0.87465906,0.4716773,-0.11176831,0
-2.1745608,-1.3301339,-1.9529026,0.40062937,-0.83321792,-0.38110894,0
-2.478847,0.029062863,-0.11513412,-0.40062937,0.83321792,0.38110894,0
3.640528,2.1909256,-2.3190546,0.87465906,0.4716773,-0.11176831,0
-3.3747115,-2.6563909,2.2684627,0.27288783,-0.28856269,0.9177494,0
3.7209225,2.7445226,0.7832284,-0.40062937,0.83321792,0.38110894,0
-3.8880222,-2.4401693,0.20192766,-0.87465906,-0.4716773,0.11176831,0
2.5982108,1.9388083,1.1521183,-0.40062937,0.83321792,0.38110894,0
-0.92648566,-0.28002179,-2.0734258,-0.27288783,0.28856269,-0.9177494,0
-3.2588849,-1.515856,2.2670991,-0.40062937,0.83321792,0.38110894,0
4.5334415,1.3338542,0.25497651,0.87465906,0.4716773,-0.11176831,0
-1.2918878,-0.45049018,-1.863461,-0.27288783,0.28856269,-0.9177494,0
3.1828394,1.1756551,1.6824976,0.27288783,-0.28856269,0.9177494,0
-2.1855273,-2.4055753,2.1761186,0.27288783,-0.28856269,0.9177494,0
-0.73818904,1.2509682,-0.64832914,-0.40062937,0.83321792,0.38110894,0
1.1155154,0.88343418,-2.1247272,-0.27288783,0.28856269,-0.9177494,0
-4.7933426,-0.75231934,-0.54819226,-0.40062937,0.83321792,0.38110894,0
1.6047155,0.28464609,1.7477667,0.27288783,-0.28856269,0.9177494,0
2.0174594,2.8248091,-1.8091245,-0.27288783,0.28856269,-0.9177494,0
-3.2684939,-0.33086112,-0.03836441,-0.40062937,0.83321792,0.38110894,0
4.0823321,1.2841723,-1.1961606,0.40062937,-0.83321792,-0.38110894,0
-3.9699955,-2.0037522,0.84155703,-0.87465906,-0.4716773,0.11176831,0
2.9383216,0.79449731,1.581084,0.27288783,-0.28856269,0.9177494,0
-1.4174926,0.82555747,-1.4921783,-0.27288783,0.28856269,-0.9177494,0
-1.8636246,-0.92604405,-1.8150009,-0.27288783,0.28856269,-0.9177494,0
4.0319724,2.2978561,0.26495647,0.87465906,0.4716773,-0.11176831,0
-1.9947093,0.69397002,-0.88738286,-0.40062937,0.83321792,0.38110894,0
-1.115342,1.2559187,-1.4097013,-0.27288783,0.28856269,-0.9177494,0
3.5369039,-0.023013175,1.1504697,0.40062937,-0.83321792,-0.38110894,0
4.2131038,1.0220515,-0.37038898,0.40062937,-0.83321792,-0.38110894,0
-2.4457107,-2.1704202,-0.64468455,0.40062937,-0.83321792,-0.38110894,0
1.4014819,-0.28645939,1.7547815,0.27288783,-0.28856269,0.9177494,0
3.3497405,2.1781213,1.4369069,-0.40062937,0.83321792,0.38110894,0
-2.0348639,0.84940565,-1.2142233,-0.27288783,0.28856269,-0.9177494,0
-4.3097463,-1.457281,0.23849869,-0.87465906,-0.4716773,0.11176831,0
-3.7494235,-2.2454095,2.1724958,-0.87465906,-0.4716773,0.11176831,0
1.9217542,-0.48871362,1.4753847,0.27288783,-0.28856269,0.9177494,0
3.3355532,2.9447803,-2.1703529,0.87465906,0.4716773,-0.11176831,0
-4.0049992,-2.2061913,-0.9516387,-0.87465906,-0.4716773,0.11176831,0
-0.18936825,-0.038488686,2.1248021,0.27288783,-0.28856269,0.9177494,0
-2.4595039,-2.7658446,0.89905453,0.40062937,-0.83321792,-0.38110894,0
4.6200504,1.1603571,0.32185435,0.87465906,0.4716773,-0.11176831,0
1.7654276,1.0403585,-2.2893753,-0.27288783,0.28856269,-0.9177494,0
-2.1931331,-2.4391978,2.0420985,0.27288783,-0.28856269,0.9177494,0
-3.6645665,-0.71860629,-1.3984596,-0.27288783,0.28856269,-0.9177494,0
0.75090867,0.5884546,-2.3251829,-0.27288783,0.28856269,-0.9177494,0
-4.0334396,-1.7381283,0.79302788,-0.87465906,-0.4716773,0.11176831,0
1.9488146,0.27476019,-1.3280729,0.40062937,-0.83321792,-0.38110894,0
-0.59189028,1.0571542,-0.17045152,-0.40062937,0.83321792,0.38110894,0
-4.069581,-1.8739352,0.045214653,-0.87465906,-0.4716773,0.11176831,0
-3.805196,-2.4183884,0.82945347,-0.87465906,-0.4716773,0.11176831,0
0.5450564,1.1571178,-1.9565076,-0.27288783,0.28856269,-0.9177494,0
-1.5871131,-1.0989846,2.2108424,0.27288783,-0.28856269,0.9177494,0
2.1544003,0.26106578,1.6699443,0.27288783,-0.28856269,0.9177494,0
1.0593365,-0.21612659,1.7243321,0.27288783,-0.28856269,0.9177494,0
-0.61881518,1.4044621,-1.484925,-0.27288783,0.28856269,-0.9177494,0
0.080344677,-0.81242806,2.0061328,0.27288783,-0.28856269,0.9177494,0
-2.9874997,-1.3952579,2.2721596,-0.40062937,0.83321792,0.38110894,0
3.4886189,2.8748541,-1.3089843,0.87465906,0.4716773,-0.11176831,0
-1.5647087,-1.5157208,2.25051,0.27288783,-0.28856269,0.9177494,0
2.8905389,1.8548075,-2.5108459,-0.27288783,0.28856269,-0.9177494,0
4.144866,1.8057878,-0.118577,0.87465906,0.4716773,-0.11176831,0
1.1184905,-1.420715,1.4832963,0.27288783,-0.28856269,0.9177494,0
-2.4771407,0.19822314,-0.35820615,-0.40062937,0.83321792,0.38110894,0
1.8064705,0.75339538,-2.1400499,0.40062937,-0.83321792,-0.38110894,0
2.8055551,1.217907,1.6320252,0.27288783,-0.28856269,0.9177494,0
-2.0074394,-1.7907327,-0.99708045,0.40062937,-0.83321792,-0.38110894,0
-4.1988387,-1.9900022,-0.96499443,-0.87465906,-0.4716773,0.11176831,0
-2.6801367,0.35100013,-0.74204743,-0.40062937,0.83321792,0.38110894,0
-3.3679361,-2.7387815,2.0737345,-0.87465906,-0.4716773,0.11176831,0
2.8361664,2.8957577,-2.071511,-0.27288783,0.28856269,-0.9177494,0
0.96409261,1.8153584,-1.864852,-0.27288783,0.28856269,-0.9177494,0
-3.7135651,-2.3485699,1.5091262,-0.87465906,-0.4716773,0.11176831,0
-2.7742491,0.12863591,-1.2833505,-0.27288783,0.28856269,-0.9177494,0
4.0118012,2.1365206,-0.12781143,0.87465906,0.4716773,-0.11176831,0
2.8374214,2.4534452,-2.1880298,-0.27288783,0.28856269,-0.9177494,0
-0.26600301,-0.0084360838,-2.191066,-0.27288783,0.28856269,-0.9177494,0
2.2095814,1.7477553,0.93941152,-0.40062937,0.83321792,0.38110894,0
-4.1840925,-2.1359622,-1.3916204,-0.87465906,-0.4716773,0.11176831,0
-3.3728671,-2.9597585,0.87690043,-0.87465906,-0.4716773,0.11176831,0
4.0851841,2.3342361,0.71879435,0.87465906,0.4716773,-0.11176831,0
-3.8332703,-2.636127,-0.17175412,-0.87465906,-0.4716773,0.11176831,0
-1.337512,-0.87998319,-2.1307564,-0.27288783,0.28856269,-0.9177494,0
-1.7788608,-2.7839227,1.5598059,0.40062937,-0.83321792,-0.38110894,0
1.7936804,2.0457625,-2.1059449,-0.27288783,0.28856269,-0.9177494,0
3.9156933,1.124643,-0.87668085,0.40062937,-0.83321792,-0.38110894,0
4.5491433,1.0543457,-0.2099719,0.87465906,0.4716773,-0.11176831,0
-1.0544723,1.0804335,-0.93836856,-0.40062937,0.83321792,0.38110894,0
-0.22075982,-1.6932254,0.79421586,0.40062937,-0.83321792,-0.38110894,0
3.9255493,2.4340315,-0.079973221,0.87465906,0.4716773,-0.11176831,0
-0.7207551,0.76901841,0.3425912,-0.40062937,0.83321792,0.38110894,0
-4.5703568,-0.99990737,-0.44260979,-0.87465906,-0.4716773,0.11176831,0
-4.2075624,-2.0907617,-1.3419073,-0.87465906,-0.4716773,0.11176831,0
1.0911053,0.90826905,1.8260112,-0.40062937,0.83321792,0.38110894,0
1.9816024,-0.50887895,0.38714749,0.40062937,-0.83321792,-0.38110894,0
-1.0503656,-2.0807643,0.80745721,0.40062937,-0.83321792,-0.38110894,0
-1.5316255,-0.32821295,1.5336876,-0.40062937,0.83321792,0.38110894,0
0.7136513,0.60001451,1.9693189,-0.40062937,0.83321792,0.38110894,0
0.0801007,1.209349,-0.15707403,-0.40062937,0.83321792,0.38110894,0
4.0268598,2.1171124,0.9511044,0.87465906,0.4716773,-0.11176831,0
-1.7939539,-0.29563594,1.5245355,-0.40062937,0.83321792,0.38110894,0
-3.51964,-1.8137416,2.6926923,-0.40062937,0.83321792,0.38110894,0
2.8891654,2.9359694,-0.58260107,-0.40062937,0.83321792,0.38110894,0
-1.9421711,-1.1162066,2.3978059,0.27288783,-0.28856269,0.9177494,0
-0.99150848,-1.4404213,1.9685454,0.27288783,-0.28856269,0.9177494,0
-3.6818976,-2.2275307,1.9958396,-0.87465906,-0.4716773,0.11176831,0
-4.0341682,-2.1021855,-0.012555599,-0.87465906,-0.4716773,0.11176831,0
-2.7946224,-2.939992,2.0279477,0.27288783,-0.28856269,0.9177494,0
-0.63282907,-1.8502634,0.59666967,0.40062937,-0.83321792,-0.38110894,0
4.0853281,1.9961989,0.26821661,0.87465906,0.4716773,-0.11176831,0
-0.21649146,1.4871852,-1.1057622,-0.40062937,0.83321792,0.38110894,0
3.4463568,0.10963121,1.1932492,0.27288783,-0.28856269,0.9177494,0
0.70281374,-0.72977191,1.6444219,0.27288783,-0.28856269,0.9177494,0
-2.6050603,-2.8617175,2.056932,0.27288783,-0.28856269,0.9177494,0
-2.2368054,-1.2827501,2.3401396,0.27288783,-0.28856269,0.9177494,0
3.7205024,2.5161917,0.16028142,0.87465906,0.4716773,-0.11176831,0
-4.5328941,-0.97127706,0.12484217,-0.87465906,-0.4716773,0.11176831,0
-0.26460421,0.28424209,1.9630959,-0.40062937,0.83321792,0.38110894,0
1.0699456,1.0398934,1.3725553,-0.40062937,0.83321792,0.38110894,0
4.0454903,2.2564175,0.98520517,0.87465906,0.4716773,-0.11176831,0
3.1921215,0.79131752,1.4740888,0.27288783,-0.28856269,0.9177494,0
-1.7277998,0.39604467,-0.15050423,-0.40062937,0.83321792,0.38110894,0
4.2257071,1.7287055,-0.28533268,0.87465906,0.4716773,-0.11176831,0
2.9168015,2.2056384,-2.3368707,-0.27288783,0.28856269,-0.9177494,0
4.1555223,1.7497302,-1.1502376,0.87465906,0.4716773,-0.11176831,0
4.4072852,1.7664478,0.8491559,0.87465906,0.4716773,-0.11176831,0
4.2774625,1.5621694,0.13454556,0.87465906,0.4716773,-0.11176831,0
1.9448373,0.49231696,1.8207085,0.27288783,-0.28856269,0.9177494,0
3.8841791,0.29028267,0.83923507,0.40062937,-0.83321792,-0.38110894,0
-4.6275215,-1.0071465,-0.85209513,-0.87465906,-0.4716773,0.11176831,0
3.4377885,2.035418,-2.6007097,-0.27288783,0.28856269,-0.9177494,0
3.4438281,0.65190256,-0.35888958,0.40062937,-0.83321792,-0.38110894,0
3.1712949,3.2378781,-1.6102474,0.87465906,0.4716773,-0.11176831,0
-0.15268672,0.046916783,2.1712179,-0.40062937,0.83321792,0.38110894,0
2.2857146,2.4190123,-2.0220561,-0.27288783,0.28856269,-0.9177494,0
-1.3818587,-1.2261355,-1.3850819,0.40062937,-0.83321792,-0.38110894,0
4.4329834,1.6909182,0.85707831,0.87465906,0.4716773,-0.11176831,0
3.2955837,-0.094709277,1.1469793,0.40062937,-0.83321792,-0.38110894,0
4.1294374,0.52948552,1.1800749,0.27288783,-0.28856269,0.9177494,0
-3.7676105,-0.93838513,-1.2475336,-0.27288783,0.28856269,-0.9177494,0
-0.47923884,0.87983346,0.18607567,-0.40062937,0.83321792,0.38110894,0
4.0445809,2.3382926,1.2528193,0.87465906,0.4716773,-0.11176831,0
0.93301678,-0.90987396,1.6811242,0.27288783,-0.28856269,0.9177494,0
0.76743519,2.2894764,-1.3741573,-0.40062937,0.83321792,0.38110894,0
0.35468686,-1.2034686,0.50244248,0.40062937,-0.83321792,-0.38110894,0
-0.67602181,1.1320499,-0.64437222,-0.40062937,0.83321792,0.38110894,0
3.5196815,2.9428365,-0.64503717,0.87465906,0.4716773,-0.11176831,0
3.9126477,2.1784611,-0.65508461,0.87465906,0.4716773,-0.11176831,0
1.0116576,-1.1213183,1.4907241,0.27288783,-0.28856269,0.9177494,0
3.6755404,0.83720982,1.4152586,0.27288783,-0.28856269,0.9177494,0
4.7828259,0.91956955,0.84342098,0.87465906,0.4716773,-0.11176831,0
-1.7837009,-0.8591125,2.3619356,0.27288783,-0.28856269,0.9177494,0
3.863399,1.3979805,-1.8263717,0.40062937,-0.83321792,-0.38110894,0
0.64481586,-0.14610583,-1.6248972,0.40062937,-0.83321792,-0.38110894,0
3.8459435,2.6029644,0.76482296,0.87465906,0.4716773,-0.11176831,0
-4.013309,-2.0397992,-0.012007952,-0.87465906,-0.4716773,0.11176831,0
-3.1385131,-3.0690486,2.0204647,-0.87465906,-0.4716773,0.11176831,0
-3.6695297,-2.5306611,0.718225,-0.87465906,-0.4716773,0.11176831,0
-3.4930553,-2.3870845,2.1109304,-0.87465906,-0.4716773,0.11176831,0
-3.6113458,-0.12989122,-1.2151737,-0.27288783,0.28856269,-0.9177494,0
-2.8150909,-0.72039235,-1.65914,-0.27288783,0.28856269,-0.9177494,0
1.006485,-0.91711801,1.6380426,0.27288783,-0.28856269,0.9177494,0
3.1362836,0.80367595,1.4162455,0.27288783,-0.28856269,0.9177494,0
-1.1857491,0.10112554,1.0688249,-0.40062937,0.83321792,0.38110894,0
0.60538793,1.4220674,-2.0105035,-0.27288783,0.28856269,-0.9177494,0
-3.7288179,-2.7636447,-0.25089431,-0.87465906,-0.4716773,0.11176831,0
-3.819066,-1.8907092,2.3307743,-0.87465906,-0.4716773,0.11176831,0
-2.8783417,-2.5672653,2.3282695,0.27288783,-0.28856269,0.9177494,0
-3.9945331,-2.4122057,-1.3616273,-0.87465906,-0.4716773,0.11176831,0
-3.3714907,-2.694313,-0.29350209,0.40062937,-0.83321792,-0.38110894,0
2.2214365,2.8725739,-1.8963521,-0.27288783,0.28856269,-0.9177494,0
-3.4317892,-2.5769951,1.9171329,-0.87465906,-0.4716773,0.11176831,0
-0.534482,-0.25994951,2.2969801,0.27288783,-0.28856269,0.9177494,0
4.1224475,1.7647518,-0.58809805,0.87465906,0.4716773,-0.11176831,0
-4.2167974,-1.4572684,0.88249159,-0.87465906,-0.4716773,0.11176831,0
3.7134924,2.2294674,-1.8583775,0.87465906,0.4716773,-0.11176831,0
3.748105,2.2199321,-1.6126354,0.87465906,0.4716773,-0.11176831,0
0.32405114,1.7840582,-0.70882499,-0.40062937,0.83321792,0.38110894,0
-1.1706696,-2.622144,1.72681,0.27288783,-0.28856269,0.9177494,0
2.2500262,2.3513689,-2.0016742,-0.27288783,0.28856269,-0.9177494,0
-2.4916382,-2.1563411,-0.42861557,0.40062937,-0.83321792,-0.38110894,0
-3.99652,-1.1832235,-1.3655963,-0.27288783,0.28856269,-0.9177494,0
-4.0309281,-1.8789614,1.003355,-0.87465906,-0.4716773,0.11176831,0
-4.5199919,-1.4572964,-0.77359128,-0.87465906,-0.4716773,0.11176831,0
1.0676134,-0.94074023,0.72314334,0.40062937,-0.83321792,-0.38110894,0
-3.9430914,-2.5462458,-0.98728728,-0.87465906,-0.4716773,0.11176831,0
4.6299295,1.2678243,0.98410058,0.87465906,0.4716773,-0.11176831,0
-3.7712367,-1.285516,-1.4930854,-0.27288783,0.28856269,-0.9177494,0
-3.1431077,-0.28959846,0.027795076,-0.40062937,0.83321792,0.38110894,0
0.34635574,1.2456996,-1.8188841,-0.27288783,0.28856269,-0.9177494,0
0.37477133,1.5249131,-0.057266116,-0.40062937,0.83321792,0.38110894,0
1.7406985,2.3661931,-0.71092844,-0.40062937,0.83321792,0.38110894,0
2.69489,3.0432887,-1.1736324,-0.40062937,0.83321792,0.38110894,0
-3.6283801,-2.8695693,0.20534515,-0.87465906,-0.4716773,0.11176831,0
3.9776161,1.7924356,-0.67911649,0.87465906,0.4716773,-0.11176831,0
1.5372458,-0.79692197,0.60468519,0.40062937,-0.83321792,-0.38110894,0
-1.9091926,-0.23216516,-1.7607054,-0.27288783,0.28856269,-0.9177494,0
-3.739207,-2.5602643,0.96293163,-0.87465906,-0.4716773,0.11176831,0
0.95192528,-0.79263151,0.30226174,0.40062937,-0.83321792,-0.38110894,0
3.7501349,1.4078395,1.5829912,0.27288783,-0.28856269,0.9177494,0
2.2191565,0.96646601,-2.2445321,0.40062937,-0.83321792,-0.38110894,0
-2.6835332,-1.6721267,2.4138277,0.27288783,-0.28856269,0.9177494,0
1.3641932,0.27621794,1.9500593,0.27288783,-0.28856269,0.9177494,0
0.77420843,0.81099874,-2.1999855,-0.27288783,0.28856269,-0.9177494,0
-3.1958499,-0.94577396,-1.4276521,-0.27288783,0.28856269,-0.9177494,0
-4.3931623,-1.5014893,-0.51278877,-0.87465906,-0.4716773,0.11176831,0
3.7912276,2.1457965,-2.1863804,0.87465906,0.4716773,-0.11176831,0
4.0977507,2.2884064,1.2950234,0.87465906,0.4716773,-0.11176831,0
-3.9092789,-2.0396466,1.2400603,-0.87465906,-0.4716773,0.11176831,0
3.1755505,2.2512045,1.1978867,-0.40062937,0.83321792,0.38110894,0
-1.147717,-0.37796903,-1.9826372,-0.27288783,0.28856269,-0.9177494,0
3.534323,0.44154707,0.22661304,0.40062937,-0.83321792,-0.38110894,0
-0.39904594,1.1211565,-0.31840935,-0.40062937,0.83321792,0.38110894,0
3.5527396,1.841326,-2.7469783,-0.27288783,0.28856269,-0.9177494,0
-4.2992039,-1.4948623,0.55718136,-0.87465906,-0.4716773,0.11176831,0
3.4452517,2.8921866,-0.9967773,0.87465906,0.4716773,-0.11176831,0
-3.7441804,-2.3197958,0.32861161,-0.87465906,-0.4716773,0.11176831,0
4.2731533,1.6236188,0.447891,0.87465906,0.4716773,-0.11176831,0
-1.7642727,-2.2052231,1.9830322,0.27288783,-0.28856269,0.9177494,0
3.4788532,2.405973,-2.1175179,0.87465906,0.4716773,-0.11176831,0
1.3269881,2.5793314,-1.4135759,-0.40062937,0.83321792,0.38110894,0
-3.653121,-2.6249754,1.4414439,-0.87465906,-0.4716773,0.11176831,0
-1.4566424,-2.0733945,2.056715,0.27288783,-0.28856269,0.9177494,0
3.8775783,2.5616636,0.64311147,0.87465906,0.4716773,-0.11176831,0
3.971128,2.1108696,-0.59755373,0.87465906,0.4716773,-0.11176831,0
4.1221595,1.8702004,-0.49114609,0.87465906,0.4716773,-0.11176831,0
2.8402305,2.9247849,-0.56902719,-0.40062937,0.83321792,0.38110894,0
2.1036716,1.9177603,-2.1100817,-0.27288783,0.28856269,-0.9177494,0
1.0378349,2.3219724,-1.3211523,-0.40062937,0.83321792,0.38110894,0
4.1715198,2.1678622,1.5406876,0.87465906,0.4716773,-0.11176831,0
3.3071744,2.6252158,-2.439162,-0.27288783,0.28856269,-0.9177494,0
0.42108071,-1.3244361,1.6105111,0.27288783,-0.28856269,0.9177494,0
-4.0219154,-1.2848682,-1.4137924,-0.27288783,0.28856269,-0.9177494,0
0.43664706,0.47218579,2.0426846,-0.40062937,0.83321792,0.38110894,0
-3.8020401,-2.715842,-0.40538645,-0.87465906,-0.4716773,0.11176831,0
1.1003212,1.9121435,-0.48503947,-0.40062937,0.83321792,0.38110894,0
-3.9610319,-1.7602134,1.3386695,-0.87465906,-0.4716773,0.11176831,0
3.4961324,2.881469,-1.3523569,0.87465906,0.4716773,-0.11176831,0
2.4583616,2.3241091,0.23962259,-0.40062937,0.83321792,0.38110894,0
-4.095274,-1.8525716,-1.4450009,-0.27288783,0.28856269,-0.9177494,0
-2.9717321,-2.4034462,2.2076261,0.27288783,-0.28856269,0.9177494,0
3.5394676,2.7416596,-0.14306688,0.87465906,0.4716773,-0.11176831,0
-4.0426893,-2.3544352,-0.70107412,-0.87465906,-0.4716773,0.11176831,0
0.84053016,1.1827595,0.94530439,-0.40062937,0.83321792,0.38110894,0
0.64868891,1.4517016,0.088819623,-0.40062937,0.83321792,0.38110894,0
-0.45953977,-0.068581641,-2.1688228,-0.27288783,0.28856269,-0.9177494,0
1.3060572,-1.0876272,1.1395029,0.40062937,-0.83321792,-0.38110894,0
-4.3327422,-1.299884,0.11881566,-0.87465906,-0.4716773,0.11176831,0
-2.2746012,-0.313135,0.85963988,-0.40062937,0.83321792,0.38110894,0
-2.0243025,-0.65956277,1.8219793,-0.40062937,0.83321792,0.38110894,0
0.70171618,0.90310085,-2.0817299,-0.27288783,0.28856269,-0.9177494,0
-0.2925539,0.63142812,1.1577071,-0.40062937,0.83321792,0.38110894,0
3.6826382,2.366641,-1.9288278,0.87465906,0.4716773,-0.11176831,0
-1.4623661,-2.4441605,1.1947408,0.40062937,-0.83321792,-0.38110894,0
4.4622674,1.0528681,1.1324146,0.27288783,-0.28856269,0.9177494,0
-3.9703078,-1.859679,0.50600457,-0.87465906,-0.4716773,0.11176831,0
-3.9971309,-1.9170908,1.1252937,-0.87465906,-0.4716773,0.11176831,0
-1.3215606,-2.3089108,1.8060453,0.27288783,-0.28856269,0.9177494,0
2.3069718,1.312528,1.8717803,0.27288783,-0.28856269,0.9177494,0
4.3562341,1.0673147,-0.14147401,0.40062937,-0.83321792,-0.38110894,0
-3.3948691,-0.66474754,0.34938788,-0.40062937,0.83321792,0.38110894,0
-3.8197017,-2.1151905,0.75226736,-0.87465906,-0.4716773,0.11176831,0
2.1547823,0.28803229,-0.86524069,0.40062937,-0.83321792,-0.38110894,0
-4.4699893,-1.4621887,-0.1176765,-0.87465906,-0.4716773,0.11176831,0
-0.94637752,-0.87137204,-1.604167,0.40062937,-0.83321792,-0.38110894,0
3.7238398,2.7876406,0.033846378,0.87465906,0.4716773,-0.11176831,0
-1.259182,-1.924383,0.47702873,0.40062937,-0.83321792,-0.38110894,0
-1.8181241,0.56779432,-1.5461076,-0.27288783,0.28856269,-0.9177494,0
-0.75996482,-1.4270501,-0.16666323,0.40062937,-0.83321792,-0.38110894,0
1.223085,-0.75724733,0.46627247,0.40062937,-0.83321792,-0.38110894,0
-2.4603364,0.21957278,-0.45324826,-0.40062937,0.83321792,0.38110894,0
0.94114912,-0.88753581,0.26194564,0.40062937,-0.83321792,-0.38110894,0
2.1140313,1.4913492,-2.3503528,-0.27288783,0.28856269,-0.9177494,0
2.1644909,1.6010072,-2.3271632,-0.27288783,0.28856269,-0.9177494,0
3.7082357,2.5359695,-0.59125495,0.87465906,0.4716773,-0.11176831,0
3.7344286,2.54111,-0.9349184,0.87465906,0.4716773,-0.11176831,0
-3.6748033,-2.0489478,2.4140077,-0.87465906,-0.4716773,0.11176831,0
3.7220876,2.281141,-0.82052398,0.87465906,0.4716773,-0.11176831,0
2.336297,2.3328524,-2.0975494,-0.27288783,0.28856269,-0.9177494,0
1.1109407,-1.14712,0.80658877,0.40062937,-0.83321792,-0.38110894,0
0.79048204,-0.76713008,1.6934952,0.27288783,-0.28856269,0.9177494,0
-0.88740849,1.0365556,-0.54843342,-0.40062937,0.83321792,0.38110894,0
-0.50320286,1.1807363,-0.69445783,-0.40062937,0.83321792,0.38110894,0
-2.9700415,-2.8952665,0.49453783,0.40062937,-0.83321792,-0.38110894,0
-3.1496582,-1.6871611,2.6340129,0.27288783,-0.28856269,0.9177494,0
1.3945773,0.50817227,-2.2666278,0.40062937,-0.83321792,-0.38110894,0
-4.7181087,-0.92759371,-0.59083247,-0.87465906,-0.4716773,0.11176831,0
-1.0711042,-2.0104918,1.9743239,0.27288783,-0.28856269,0.9177494,0
-0.39876187,0.87711531,-1.8354487,-0.27288783,0.28856269,-0.9177494,0
-2.0783782,-1.113778,-1.9660552,-0.27288783,0.28856269,-0.9177494,0
2.796216,2.6749876,-2.1686132,-0.27288783,0.28856269,-0.9177494,0
-1.4313521,-0.26126498,1.5373923,-0.40062937,0.83321792,0.38110894,0
0.3156209,-0.17055428,2.0015001,0.27288783,-0.28856269,0.9177494,0
-0.26980484,-0.4399448,-2.0488148,0.40062937,-0.83321792,-0.38110894,0
0.3374716,1.4455839,-1.8915186,-0.27288783,0.28856269,-0.9177494,0
-2.2263231,-1.1623063,-1.9336061,-0.27288783,0.28856269,-0.9177494,0
0.24395728,0.76241672,1.4420018,-0.40062937,0.83321792,0.38110894,0
-3.7467537,-2.2728982,0.64681745,-0.87465906,-0.4716773,0.11176831,0
3.6580524,0.34728709,1.2502965,0.27288783,-0.28856269,0.9177494,0
3.3107047,1.2038771,-1.8173048,0.40062937,-0.83321792,-0.38110894,0
2.815439,2.7548599,-2.187705,-0.27288783,0.28856269,-0.9177494,0
4.2760072,1.7228066,0.23515439,0.87465906,0.4716773,-0.11176831,0
4.0636482,2.2199554,1.5675635,0.87465906,0.4716773,-0.11176831,0
-4.3519421,-1.7485714,-1.3846951,-0.27288783,0.28856269,-0.9177494,0
-4.6727629,-0.90455657,-0.27481508,-0.87465906,-0.4716773,0.11176831,0
-3.9853132,-2.5645406,-0.96745253,-0.87465906,-0.4716773,0.11176831,0
-1.9400368,-0.03078264,-1.6443172,-0.27288783,0.28856269,-0.9177494,0
3.2267129,3.2948205,-1.8452044,0.87465906,0.4716773,-0.11176831,0
0.78127396,-1.176856,1.5809407,0.27288783,-0.28856269,0.9177494,0
-3.5826712,-0.085236877,-1.0675107,-0.40062937,0.83321792,0.38110894,0
-0.73315507,-1.1963035,2.0732532,0.27288783,-0.28856269,0.9177494,0
-3.8789113,-2.0905926,1.3852019,-0.87465906,-0.4716773,0.11176831,0
-0.98916137,-2.0555887,0.80016661,0.40062937,-0.83321792,-0.38110894,0
0.15907824,1.9233799,-1.5801024,-0.27288783,0.28856269,-0.9177494,0
1.2260261,2.0457003,-1.9711391,-0.27288783,0.28856269,-0.9177494,0
2.7237194,2.88837,-2.1230412,-0.27288783,0.28856269,-0.9177494,0
-0.75020003,-0.20189536,-2.0813224,-0.27288783,0.28856269,-0.9177494,0
0.53550029,0.98800915,1.2043997,-0.40062937,0.83321792,0.38110894,0
-4.7024531,-0.98084193,-1.0288517,-0.87465906,-0.4716773,0.11176831,0
3.3262992,1.4468402,-2.4315689,0.40062937,-0.83321792,-0.38110894,0
-3.8769894,-0.48788646,-1.2277073,-0.27288783,0.28856269,-0.9177494,0
-3.7238359,-2.1481385,1.2634454,-0.87465906,-0.4716773,0.11176831,0
-2.408169,-0.78544134,1.7511771,-0.40062937,0.83321792,0.38110894,0
-1.1229279,-1.2030673,-1.1899514,0.40062937,-0.83321792,-0.38110894,0
1.3508031,-1.0441905,1.137197,0.40062937,-0.83321792,-0.38110894,0
-1.1000743,0.89168251,-1.5129588,-0.27288783,0.28856269,-0.9177494,0
1.5743561,-0.48671952,1.6026804,0.27288783,-0.28856269,0.9177494,0
3.3766351,1.3423071,-1.7879312,0.40062937,-0.83321792,-0.38110894,0
-4.093214,-1.6663196,0.62957215,-0.87465906,-0.4716773,0.11176831,0
2.7467701,2.4695632,-0.024319172,-0.40062937,0.83321792,0.38110894,0
-0.68423176,-0.24462426,-1.9735113,-0.27288783,0.28856269,-0.9177494,0
-3.439743,-2.0968256,-1.5257162,0.40062937,-0.83321792,-0.38110894,0
4.2403274,1.2709917,-0.85126472,0.87465906,0.4716773,-0.11176831,0
0.1118561,0.33118713,-2.1012683,-0.27288783,0.28856269,-0.9177494,0
-1.4308865,-1.9204357,2.0692534,0.27288783,-0.28856269,0.9177494,0
4.1161556,1.7403878,-1.5535674,0.87465906,0.4716773,-0.11176831,0
3.2134919,2.3610764,0.96456528,-0.40062937,0.83321792,0.38110894,0
0.46610975,2.1217568,-1.5983936,-0.40062937,0.83321792,0.38110894,0
-4.4366775,-1.5253512,-0.446877,-0.87465906,-0.4716773,0.11176831,0
2.8810124,2.7135892,-0.41599846,-0.40062937,0.83321792,0.38110894,0
0.0082907677,1.5277158,-1.7647998,-0.27288783,0.28856269,-0.9177494,0
1.8120366,0.25092655,1.6766131,0.27288783,-0.28856269,0.9177494,0
4.5670691,1.1171972,0.098130465,0.87465906,0.4716773,-0.11176831,0
-0.19321805,-1.7230179,1.1353647,0.40062937,-0.83321792,-0.38110894,0
-4.4292173,-1.2688657,-0.63488126,-0.87465906,-0.4716773,0.11176831,0
-1.9857115,-1.7675765,-0.85155153,0.40062937,-0.83321792,-0.38110894,0
4.4833078,1.2719427,0.09791398,0.87465906,0.4716773,-0.11176831,0
3.7990627,2.0254116,-1.9353764,0.87465906,0.4716773,-0.11176831,0
0.32680726,0.9604916,-1.8768878,-0.27288783,0.28856269,-0.9177494,0
0.27640569,0.33206832,-2.2543464,-0.27288783,0.28856269,-0.9177494,0
-3.256608,-1.3430653,2.2185576,-0.40062937,0.83321792,0.38110894,0
2.0102258,3.0003417,-1.70085,-0.40062937,0.83321792,0.38110894,0
1.0085676,1.5557723,0.22641146,-0.40062937,0.83321792,0.38110894,0
-3.5665758,-2.5609512,1.1248691,-0.87465906,-0.4716773,0.11176831,0
0.6953125,0.50279671,1.9937444,-0.40062937,0.83321792,0.38110894,0
-2.9672003,0.29762766,-0.93798137,-0.40062937,0.83321792,0.38110894,0
1.1212471,-0.45461524,1.5963728,0.27288783,-0.28856269,0.9177494,0
3.4008296,2.9514606,-1.9349294,0.87465906,0.4716773,-0.11176831,0
-3.0579329,-0.10510428,-0.40484548,-0.40062937,0.83321792,0.38110894,0
-3.4274759,-2.68367,1.949939,-0.87465906,-0.4716773,0.11176831,0
-0.24772096,0.60155928,-2.0052443,-0.27288783,0.28856269,-0.9177494,0
-3.8804305,-2.0445831,1.6124482,-0.87465906,-0.4716773,0.11176831,0
-1.9757351,-0.78925073,2.2228091,-0.40062937,0.83321792,0.38110894,0
1.572413,0.60974199,1.9476821,0.27288783,-0.28856269,0.9177494,0
-1.6301864,0.15942979,0.82201493,-0.40062937,0.83321792,0.38110894,0
3.4111633,2.9132557,-0.86933398,0.87465906,0.4716773,-0.11176831,0
-3.4081182,-2.6010582,2.0718882,-0.87465906,-0.4716773,0.11176831,0
3.7073162,2.0691576,-2.484863,0.87465906,0.4716773,-0.11176831,0
1.1815203,1.2700921,1.055745,-0.40062937,0.83321792,0.38110894,0
-0.066991568,0.94116259,-1.7825775,-0.27288783,0.28856269,-0.9177494,0
-4.4941087,-1.2225837,-0.64583731,-0.87465906,-0.4716773,0.11176831,0
3.2818286,0.97463942,-1.07658,0.40062937,-0.83321792,-0.38110894,0
-4.7107048,-0.98068041,-0.37353516,-0.40062937,0.83321792,0.38110894,0
-0.42209101,-0.8263309,-1.1425939,0.40062937,-0.83321792,-0.38110894,0
-3.585681,-2.4639745,2.2742109,-0.87465906,-0.4716773,0.11176831,0
3.2283807,3.1970353,-1.4964585,0.87465906,0.4716773,-0.11176831,0
-3.8011541,-1.398921,-1.5214243,-0.27288783,0.28856269,-0.9177494,0
4.2962875,1.4029846,-1.3599739,0.87465906,0.4716773,-0.11176831,0
-3.9765096,-2.018286,-0.030523062,-0.87465906,-0.4716773,0.11176831,0
3.989706,0.95624036,1.2523787,0.27288783,-0.28856269,0.9177494,0
3.2700799,2.7066102,0.20666122,-0.40062937,0.83321792,0.38110894,0
-2.4159644,-0.93977797,1.9890685,-0.40062937,0.83321792,0.38110894,0
-4.0226626,-1.1101685,1.0266004,-0.40062937,0.83321792,0.38110894,0
0.30222166,0.12237602,-2.1631765,-0.27288783,0.28856269,-0.9177494,0
-4.2629161,-1.69707,0.57755327,-0.87465906,-0.4716773,0.11176831,0
0.15401864,0.032588422,2.237956,0.27288783,-0.28856269,0.9177494,0
-3.6927719,-2.6875632,-0.48445702,-0.87465906,-0.4716773,0.11176831,0
-1.1844943,-2.6124654,1.7621992,0.27288783,-0.28856269,0.9177494,0
-1.8813033,-0.24449989,1.1697969,-0.40062937,0.83321792,0.38110894,0
-4.2445083,-1.1045878,0.54232693,-0.40062937,0.83321792,0.38110894,0
-0.40699244,-1.544785,1.8889669,0.27288783,-0.28856269,0.9177494,0
3.786135,2.5642157,0.36663342,0.87465906,0.4716773,-0.11176831,0
-0.39630723,-0.98030502,2.0912955,0.27288783,-0.28856269,0.9177494,0
-1.0523528,1.0879194,-0.90611148,-0.40062937,0.83321792,0.38110894,0
0.20954502,-0.026395559,-2.1858051,-0.27288783,0.28856269,-0.9177494,0
2.9721503,0.21207374,0.067833662,0.40062937,-0.83321792,-0.38110894,0
2.7986898,2.4898696,0.13373876,-0.40062937,0.83321792,0.38110894,0
0.34647095,-0.20287824,2.0701063,0.27288783,-0.28856269,0.9177494,0
-4.5192337,-1.0742244,0.157444,-0.87465906,-0.4716773,0.11176831,0
-3.9244709,-2.3030524,0.40664434,-0.87465906,-0.4716773,0.11176831,0
-1.0097108,0.93056786,-1.5352815,-0.27288783,0.28856269,-0.9177494,0
-3.6996567,-2.179543,1.5017662,-0.87465906,-0.4716773,0.11176831,0
-4.2497993,-1.5204152,0.71696091,-0.87465906,-0.4716773,0.11176831,0
-2.8284116,-1.6903707,2.4842174,0.27288783,-0.28856269,0.9177494,0
3.2574577,2.2562873,-2.4839787,-0.27288783,0.28856269,-0.9177494,0
2.3241072,2.2983191,-0.11911416,-0.40062937,0.83321792,0.38110894,0
-4.4211679,-1.1518528,0.42212486,-0.87465906,-0.4716773,0.11176831,0
-1.1972682,-2.2998476,1.1673908,0.40062937,-0.83321792,-0.38110894,0
-3.2456079,-1.8535976,-1.711508,-0.27288783,0.28856269,-0.9177494,0
1.8171375,1.6658092,-2.199043,-0.27288783,0.28856269,-0.9177494,0
-0.082311422,-1.6604949,0.89238495,0.40062937,-0.83321792,-0.38110894,0
3.779175,1.9345562,-1.9120836,0.87465906,0.4716773,-0.11176831,0
-1.530408,-1.1932154,-1.5931005,0.40062937,-0.83321792,-0.38110894,0
4.0948219,1.6883856,-0.52690458,0.87465906,0.4716773,-0.11176831,0
1.3578081,2.4351594,-1.8752074,-0.27288783,0.28856269,-0.9177494,0
-1.6521888,-0.80005264,-1.8358638,-0.27288783,0.28856269,-0.9177494,0
0.87368584,0.90124971,-2.058923,-0.27288783,0.28856269,-0.9177494,0
3.5712085,2.2262084,1.2838876,-0.40062937,0.83321792,0.38110894,0
2.7269979,0.849585,-1.7034287,0.40062937,-0.83321792,-0.38110894,0
3.6579566,2.324158,-1.1190114,0.87465906,0.4716773,-0.11176831,0
-3.0783782,-3.2608743,1.9146867,-0.87465906,-0.4716773,0.11176831,0
-1.1111499,0.76412803,-1.6997933,-0.27288783,0.28856269,-0.9177494,0
-4.4377823,-1.3789898,0.49016666,-0.87465906,-0.4716773,0.11176831,0
-3.5390131,-2.7889462,0.83862042,-0.87465906,-0.4716773,0.11176831,0
3.6380718,2.755029,-0.24647546,0.87465906,0.4716773,-0.11176831,0
1.3717425,-0.41478243,1.7349489,0.27288783,-0.28856269,0.9177494,0
3.4024289,2.4393761,1.0625908,-0.40062937,0.83321792,0.38110894,0
4.6879826,1.1850512,0.60752702,0.87465906,0.4716773,-0.11176831,0
