3.8036087,-0.33033407,-3.3647459,0.84175813,-0.13105932,-0.52370483,0
-4.4856172,-0.47751451,2.5966485,-0.84175813,0.13105932,0.52370483,0
4.1991773,0.78059435,-3.0239298,0.15809679,0.98739874,0.0070105791,0
1.6487243,-1.4249589,0.00074374676,0.51618671,-0.088697314,0.85187101,0
-0.94274211,-1.2938147,0.99739897,-0.15809679,-0.98739874,-0.0070105791,0
3.7348056,-0.60887724,-3.2821832,0.84175813,-0.13105932,-0.52370483,0
-1.7742096,0.42282093,-0.124318,-0.51618671,0.088697314,-0.85187101,0
1.638597,-1.7544252,-1.2452365,-0.15809679,-0.98739874,-0.0070105791,0
-1.7391626,0.68232048,-0.13508874,-0.51618671,0.088697314,-0.85187101,0
-2.8329127,-0.74999988,0.57930183,-0.51618671,0.088697314,-0.85187101,0
4.2569828,-0.75006461,-1.5693839,0.51618671,-0.088697314,0.85187101,0
3.4005871,0.35932696,-3.1412416,-0.51618671,0.088697314,-0.85187101,0
-2.0825019,1.9467232,0.64828414,0.15809679,0.98739874,0.0070105791,0
-4.1175814,1.1399592,2.7125366,-0.84175813,0.13105932,0.52370483,0
4.3722754,-0.34724832,-2.4102764,0.84175813,-0.13105932,-0.52370483,0
3.9812644,0.31940556,-3.3295877,0.84175813,-0.13105932,-0.52370483,0
-4.2676263,0.55311513,2.4220679,-0.84175813,0.13105932,0.52370483,0
0.72575313,-1.6275927,-1.8577656,-0.15809679,-0.98739874,-0.0070105791,0
1.7480197,-1.2151122,-2.408283,-0.51618671,0.088697314,-0.85187101,0
3.0113885,-1.3702899,-3.2426693,-0.51618671,0.088697314,-0.85187101,0
2.6563189,-1.8645922,-0.86207688,-0.15809679,-0.98739874,-0.0070105791,0
3.2210507,0.34487343,-0.69009161,0.51618671,-0.088697314,0.85187101,0
0.33299303,1.5117781,-0.13950837,0.15809679,0.98739874,0.0070105791,0
3.9733503,-1.2356191,-2.799607,0.84175813,-0.13105932,-0.52370483,0
3.9738357,-1.5884703,-2.7603207,0.84175813,-0.13105932,-0.52370483,0
1.1427495,1.3779896,-0.8746134,0.15809679,0.98739874,0.0070105791,0
1.989949,-1.3711264,-0.13554507,0.51618671,-0.088697314,0.85187101,0
-0.90716118,-0.17783904,-0.54649746,-0.51618671,0.088697314,-0.85187101,0
1.0910182,-1.7802054,-1.9062722,-0.15809679,-0.98739874,-0.0070105791,0
4.1301098,-0.35282016,-1.3615716,0.51618671,-0.088697314,0.85187101,0
-2.2516556,-1.2630661,1.6633729,-0.15809679,-0.98739874,-0.0070105791,0
-4.8876028,-0.5700326,1.9474351,-0.84175813,0.13105932,0.52370483,0
1.0381484,-1.1323217,0.52611476,0.51618671,-0.088697314,0.85187101,0
1.1332426,1.2712343,-0.37013841,0.15809679,0.98739874,0.0070105791,0
1.7722538,0.72986466,-2.2275481,-0.51618671,0.088697314,-0.85187101,0
0.29043758,-1.0210817,-1.3872962,-0.51618671,0.088697314,-0.85187101,0
-4.6087112,-0.4418149,2.2249899,-0.84175813,0.13105932,0.52370483,0
-4.5260463,0.04021287,2.1255736,-0.84175813,0.13105932,0.52370483,0
-3.8675928,1.4278357,2.889019,-0.84175813,0.13105932,0.52370483,0
0.0084527731,1.4793168,-0.7743203,0.15809679,0.98739874,0.0070105791,0
-1.3048415,-0.87223601,-0.55590594,-0.51618671,0.088697314,-0.85187101,0
2.7061496,1.0888019,-0.99482846,0.15809679,0.98739874,0.0070105791,0
3.3282964,1.0578511,-0.75769424,0.15809679,0.98739874,0.0070105791,0
-4.3820529,1.8122226,1.9071698,-0.84175813,0.13105932,0.52370483,0
2.6179533,0.10426068,-0.51255751,0.51618671,-0.088697314,0.85187101,0
4.066328,-0.54611421,-2.8684006,0.84175813,-0.13105932,-0.52370483,0
1.8825634,-1.8497795,-1.231602,-0.15809679,-0.98739874,-0.0070105791,0
-1.9235576,-1.1844163,-0.060277462,-0.15809679,-0.98739874,-0.0070105791,0
-1.3144982,1.7643335,1.1022613,0.15809679,0.98739874,0.0070105791,0
-3.5496368,-0.62297201,0.94930005,-0.51618671,0.088697314,-0.85187101,0
0.5387634,-1.6094961,-1.3158915,-0.15809679,-0.98739874,-0.0070105791,0
1.6141948,-1.7387674,-0.67930198,-0.15809679,-0.98739874,-0.0070105791,0
4.1440296,-0.93645871,-2.5764282,0.84175813,-0.13105932,-0.52370483,0
-4.3894305,1.5900059,2.2148445,-0.84175813,0.13105932,0.52370483,0
-4.1510077,-0.4634757,2.9351337,-0.84175813,0.13105932,0.52370483,0
-0.9246338,-0.6004982,-0.71915233,-0.51618671,0.088697314,-0.85187101,0
-4.2030659,0.95864117,2.7059755,-0.84175813,0.13105932,0.52370483,0
0.60452461,1.4450489,0.3672595,0.15809679,0.98739874,0.0070105791,0
-1.5091063,-0.081131816,-0.26640594,-0.51618671,0.088697314,-0.85187101,0
4.4466243,-2.0303352,-1.8851025,0.84175813,-0.13105932,-0.52370483,0
1.4667389,-1.7845916,-1.5761758,-0.15809679,-0.98739874,-0.0070105791,0
-3.9662094,-0.75389314,3.4441822,-0.84175813,0.13105932,0.52370483,0
0.22851944,1.5077326,-0.36112469,0.15809679,0.98739874,0.0070105791,0
0.42165279,1.4583428,0.42700306,0.15809679,0.98739874,0.0070105791,0
-3.7250254,2.1018715,1.7048645,0.15809679,0.98739874,0.0070105791,0
0.89779741,0.74729514,-1.5390666,-0.51618671,0.088697314,-0.85187101,0
3.6772647,-0.40899181,-3.463299,-0.51618671,0.088697314,-0.85187101,0
-1.3406942,0.83403867,2.1221871,0.51618671,-0.088697314,0.85187101,0
3.9660416,-0.73056233,-3.0729849,0.84175813,-0.13105932,-0.52370483,0
0.45299417,-0.16003209,0.77462852,0.51618671,-0.088697314,0.85187101,0
-1.5907027,1.4786779,2.2591069,0.51618671,-0.088697314,0.85187101,0
3.7538028,0.093218327,-1.1829469,0.51618671,-0.088697314,0.85187101,0
-3.0761204,-0.96955776,2.2735033,-0.15809679,-0.98739874,-0.0070105791,0
2.6645327,-1.0804188,-2.9774518,-0.51618671,0.088697314,-0.85187101,0
-1.298103,-1.3278317,0.94261944,-0.15809679,-0.98739874,-0.0070105791,0
-2.0983865,-1.2662385,1.4345338,-0.15809679,-0.98739874,-0.0070105791,0
1.051847,-1.718132,-0.83574212,-0.15809679,-0.98739874,-0.0070105791,0
-4.8574328,-0.31032085,1.9692292,-0.84175813,0.13105932,0.52370483,0
-0.44927925,-0.2624476,1.38484,0.51618671,-0.088697314,0.85187101,0
1.095849,0.10680723,0.627352,0.51618671,-0.088697314,0.85187101,0
4.0731955,0.66270316,-3.0992448,0.84175813,-0.13105932,-0.52370483,0
2.4490862,-1.8754274,-1.8499846,-0.15809679,-0.98739874,-0.0070105791,0
4.2737222,-0.35983968,-2.5694458,0.84175813,-0.13105932,-0.52370483,0
2.9322181,1.0697696,-2.4807968,0.15809679,0.98739874,0.0070105791,0
-3.3929694,-1.0352101,2.52477,-0.15809679,-0.98739874,-0.0070105791,0
4.5709982,-0.63472795,-1.9266248,0.84175813,-0.13105932,-0.52370483,0
2.5839708,-0.23387575,-0.33491504,0.51618671,-0.088697314,0.85187101,0
-1.8093354,-0.28429043,2.2823839,0.51618671,-0.088697314,0.85187101,0
1.6505303,1.3393719,-0.8155843,0.15809679,0.98739874,0.0070105791,0
-4.6162128,1.2897711,1.6447024,-0.51618671,0.088697314,-0.85187101,0
-1.4750628,0.99852139,2.2100635,0.51618671,-0.088697314,0.85187101,0
4.2926288,-1.3679785,-2.3127699,0.84175813,-0.13105932,-0.52370483,0
3.6067321,-1.7253706,-3.185869,0.84175813,-0.13105932,-0.52370483,0
0.34314871,0.6970408,-1.3335925,-0.51618671,0.088697314,-0.85187101,0
-1.6271044,1.8049669,2.3481998,0.51618671,-0.088697314,0.85187101,0
3.9989591,-1.6687253,-1.5166848,0.51618671,-0.088697314,0.85187101,0
1.0076653,0.9736172,0.65552366,0.51618671,-0.088697314,0.85187101,0
-4.2398911,1.5764213,2.3951731,-0.84175813,0.13105932,0.52370483,0
4.7466145,-0.32643366,-1.9009883,0.84175813,-0.13105932,-0.52370483,0
1.7233858,-0.97076952,-0.08200568,0.51618671,-0.088697314,0.85187101,0
-1.2299373,1.7801075,1.2540936,0.15809679,0.98739874,0.0070105791,0
-3.0965779,0.74131691,3.1415329,0.51618671,-0.088697314,0.85187101,0
-0.64923024,1.7014053,-0.078052722,0.15809679,0.98739874,0.0070105791,0
-0.65082598,-0.24423262,1.5762793,0.51618671,-0.088697314,0.85187101,0
-3.2649491,1.6066382,0.95664549,-0.51618671,0.088697314,-0.85187101,0
-0.19324082,-0.093265176,-1.0294782,-0.51618671,0.088697314,-0.85187101,0
-2.7606664,-1.1107354,1.6819854,-0.15809679,-0.98739874,-0.0070105791,0
-0.94008839,-0.228459,-0.57246864,-0.51618671,0.088697314,-0.85187101,0
3.7304726,-0.57616556,-3.3116415,0.84175813,-0.13105932,-0.52370483,0
4.7886858,0.074063778,-1.9316795,0.84175813,-0.13105932,-0.52370483,0
-3.973619,-0.321684,3.2453346,-0.84175813,0.13105932,0.52370483,0
3.526649,-2.1531079,-2.621511,-0.15809679,-0.98739874,-0.0070105791,0
-0.64287615,-1.3465347,-0.91543245,-0.51618671,0.088697314,-0.85187101,0
-3.9438784,1.0057801,3.1230211,-0.84175813,0.13105932,0.52370483,0
2.4603014,-1.8225999,-1.7972963,-0.15809679,-0.98739874,-0.0070105791,0
-1.0424116,-1.3103814,-0.35381025,-0.15809679,-0.98739874,-0.0070105791,0
-4.3275871,-0.82506442,2.8081088,-0.84175813,0.13105932,0.52370483,0
0.12678432,1.5616927,-0.70763344,0.15809679,0.98739874,0.0070105791,0
4.2323432,-0.33040082,-2.7613249,0.84175813,-0.13105932,-0.52370483,0
-0.6376214,1.3626478,1.6345288,0.51618671,-0.088697314,0.85187101,0
-1.2803444,-0.31323016,-0.3203454,-0.51618671,0.088697314,-0.85187101,0
1.4027669,1.3121567,-0.0079444647,0.15809679,0.98739874,0.0070105791,0
4.2892275,-0.21178341,-2.5741961,0.84175813,-0.13105932,-0.52370483,0
-3.5843475,1.9565601,3.4345808,-0.84175813,0.13105932,0.52370483,0
-3.1825824,1.0273907,3.2304358,0.51618671,-0.088697314,0.85187101,0
-2.9872169,-1.1167073,1.9606645,-0.15809679,-0.98739874,-0.0070105791,0
4.5411959,0.52696919,-2.4852402,0.84175813,-0.13105932,-0.52370483,0
-1.0588124,0.37304926,-0.40927979,-0.51618671,0.088697314,-0.85187101,0
2.4126668,0.33458322,-2.6860754,-0.51618671,0.088697314,-0.85187101,0
4.5899439,0.085408449,-2.2857769,0.84175813,-0.13105932,-0.52370483,0
-2.5216453,1.3358084,2.9512982,0.51618671,-0.088697314,0.85187101,0
1.9793227,0.64017934,-2.2245312,-0.51618671,0.088697314,-0.85187101,0
3.049834,-1.9022629,-1.4056045,-0.15809679,-0.98739874,-0.0070105791,0
2.1694946,0.33484447,-0.15354216,0.51618671,-0.088697314,0.85187101,0
4.5738225,0.31804252,-2.232481,0.84175813,-0.13105932,-0.52370483,0
-1.5864607,1.7551709,2.3859131,0.15809679,0.98739874,0.0070105791,0
4.652822,-0.69363141,-1.7789147,0.84175813,-0.13105932,-0.52370483,0
4.3828583,0.36512208,-2.4569168,0.84175813,-0.13105932,-0.52370483,0
3.9582562,-0.059814453,-3.1922331,0.84175813,-0.13105932,-0.52370483,0
-0.34913459,0.44845054,1.4907479,0.51618671,-0.088697314,0.85187101,0
-0.25714895,0.43208104,1.4611872,0.51618671,-0.088697314,0.85187101,0
4.5925317,-0.70823359,-1.9561386,0.84175813,-0.13105932,-0.52370483,0
-1.633777,-1.1731482,2.0866013,0.51618671,-0.088697314,0.85187101,0
2.285872,1.1260779,-1.4080884,0.15809679,0.98739874,0.0070105791,0
1.2731239,1.2227777,-1.888327,-0.51618671,0.088697314,-0.85187101,0
-0.14779842,-1.5606066,-1.2316557,-0.51618671,0.088697314,-0.85187101,0
-3.2886724,-0.5927372,0.67579079,-0.51618671,0.088697314,-0.85187101,0
2.9685628,1.0418005,-2.2283626,0.15809679,0.98739874,0.0070105791,0
1.5380253,-1.8005905,-1.3343737,-0.15809679,-0.98739874,-0.0070105791,0
-1.8895557,0.93716532,2.5315795,0.51618671,-0.088697314,0.85187101,0
-3.6564026,1.0657444,3.4240594,-0.84175813,0.13105932,0.52370483,0
0.51603067,-1.6180513,0.024784535,-0.15809679,-0.98739874,-0.0070105791,0
-2.1784811,1.7701594,2.2209148,0.15809679,0.98739874,0.0070105791,0
2.9785216,-1.8887718,-1.0765758,-0.15809679,-0.98739874,-0.0070105791,0
-0.89820737,0.87815011,-0.60305381,-0.51618671,0.088697314,-0.85187101,0
-2.5005155,1.0936607,2.8569298,0.51618671,-0.088697314,0.85187101,0
4.4649062,-0.70621443,-2.0839183,0.84175813,-0.13105932,-0.52370483,0
-0.18577003,1.4486496,1.1263595,0.15809679,0.98739874,0.0070105791,0
-3.8096213,0.56269109,3.2810423,-0.84175813,0.13105932,0.52370483,0
-2.1378317,1.8116466,1.0396241,0.15809679,0.98739874,0.0070105791,0
-4.4643993,1.0028081,2.2977283,-0.84175813,0.13105932,0.52370483,0
0.15967143,1.5721526,-0.84151745,0.15809679,0.98739874,0.0070105791,0
-4.3781724,-0.1860702,2.4159479,-0.84175813,0.13105932,0.52370483,0
4.4102459,-0.43546414,-2.4995165,0.84175813,-0.13105932,-0.52370483,0
-4.2944193,0.84798932,2.3317661,-0.84175813,0.13105932,0.52370483,0
-1.2515672,1.6378924,0.68725228,0.15809679,0.98739874,0.0070105791,0
-1.6119953,-0.7296164,2.1861172,0.51618671,-0.088697314,0.85187101,0
-4.8047462,-0.42021751,2.0876677,-0.84175813,0.13105932,0.52370483,0
0.6043191,-1.6345725,-1.7316862,-0.51618671,0.088697314,-0.85187101,0
4.4671426,-0.18951488,-1.6686282,0.51618671,-0.088697314,0.85187101,0
4.2877088,-1.1012858,-2.5313435,0.84175813,-0.13105932,-0.52370483,0
-4.104352,-0.92761707,2.1343248,-0.15809679,-0.98739874,-0.0070105791,0
-2.0829456,0.2827335,2.5246396,0.51618671,-0.088697314,0.85187101,0
-4.3687415,1.8514428,2.1162353,-0.84175813,0.13105932,0.52370483,0
-4.4148979,1.7555194,1.7160847,-0.51618671,0.088697314,-0.85187101,0
4.4850516,-0.30447555,-2.3908646,0.84175813,-0.13105932,-0.52370483,0
-0.86172688,-0.38535511,-0.70218325,-0.51618671,0.088697314,-0.85187101,0
4.4454527,-1.0330384,-2.1475666,0.84175813,-0.13105932,-0.52370483,0
4.4840899,0.46534681,-2.3844967,0.84175813,-0.13105932,-0.52370483,0
-2.4547386,1.82619,2.4415412,0.15809679,0.98739874,0.0070105791,0
-3.0815663,-1.0280795,1.6791794,-0.15809679,-0.98739874,-0.0070105791,0
-4.5013599,0.75017524,2.1994717,-0.84175813,0.13105932,0.52370483,0
4.0535512,-0.34690678,-3.059979,0.84175813,-0.13105932,-0.52370483,0
0.88267565,-1.5879122,-1.530913,-0.15809679,-0.98739874,-0.0070105791,0
-3.5032189,2.0193396,1.6353482,0.15809679,0.98739874,0.0070105791,0
3.8980329,-1.7438214,-2.6979196,0.84175813,-0.13105932,-0.52370483,0
0.024556994,-1.497998,-1.4328835,-0.51618671,0.088697314,-0.85187101,0
-4.3679571,0.64171076,2.3712387,-0.84175813,0.13105932,0.52370483,0
-3.8166418,1.5609703,2.851099,-0.84175813,0.13105932,0.52370483,0
-4.3329954,1.422002,2.1811769,-0.84175813,0.13105932,0.52370483,0
-4.3622785,1.4016423,2.2383528,-0.84175813,0.13105932,0.52370483,0
4.1270471,-1.8286355,-2.3660378,0.84175813,-0.13105932,-0.52370483,0
2.247745,1.2213628,-1.7704374,0.15809679,0.98739874,0.0070105791,0
4.0198107,0.90961814,-3.1049554,0.15809679,0.98739874,0.0070105791,0
-1.2657049,-1.3861812,1.5718036,-0.15809679,-0.98739874,-0.0070105791,0
-3.0640311,0.49545008,3.0147262,0.51618671,-0.088697314,0.85187101,0
-4.7477498,-0.26306033,2.1490598,-0.84175813,0.13105932,0.52370483,0
2.6166837,-1.1462524,-0.41726267,0.51618671,-0.088697314,0.85187101,0
4.183177,-1.4219497,-2.6235466,0.84175813,-0.13105932,-0.52370483,0
4.4731474,0.80450916,-2.1949358,0.15809679,0.98739874,0.0070105791,0
-2.2444606,-1.1045341,1.4891708,-0.15809679,-0.98739874,-0.0070105791,0
-2.6571672,1.3479886,0.66869402,-0.51618671,0.088697314,-0.85187101,0
1.0598348,-1.7348583,-1.3336048,-0.15809679,-0.98739874,-0.0070105791,0
4.309309,-0.69626856,-1.3936124,0.51618671,-0.088697314,0.85187101,0
-3.5337095,-1.0413885,2.9567795,-0.15809679,-0.98739874,-0.0070105791,0
3.7748127,-2.1753592,-1.9205617,-0.15809679,-0.98739874,-0.0070105791,0
-4.1945763,1.2191491,2.4001539,-0.84175813,0.13105932,0.52370483,0
-0.084105209,0.22140151,1.1786023,0.51618671,-0.088697314,0.85187101,0
4.2934818,-0.3300488,-1.5610929,0.51618671,-0.088697314,0.85187101,0
-3.1297731,2.0936821,3.0697303,0.15809679,0.98739874,0.0070105791,0
3.2491295,-2.030179,-1.4570326,-0.15809679,-0.98739874,-0.0070105791,0
2.0801141,0.07433033,0.027452946,0.51618671,-0.088697314,0.85187101,0
-2.1099067,-1.2469175,0.22430634,-0.15809679,-0.98739874,-0.0070105791,0
1.8404061,-1.7908612,-1.7432871,-0.15809679,-0.98739874,-0.0070105791,0
3.081778,0.22162819,-0.71758938,0.51618671,-0.088697314,0.85187101,0
-2.3815212,-0.26431608,0.18306577,-0.51618671,0.088697314,-0.85187101,0
-1.7118574,-1.2316428,1.9770374,-0.15809679,-0.98739874,-0.0070105791,0
-2.3808775,1.9410701,0.97479397,0.15809679,0.98739874,0.0070105791,0
-3.9738712,1.0398415,3.0418713,-0.84175813,0.13105932,0.52370483,0
3.6501451,-0.10930753,-0.98401642,0.51618671,-0.088697314,0.85187101,0
3.0775611,1.0353439,-1.3552513,0.15809679,0.98739874,0.0070105791,0
3.9504828,-1.2203481,-2.9806118,0.84175813,-0.13105932,-0.52370483,0
1.0591247,-0.56315947,0.57325387,0.51618671,-0.088697314,0.85187101,0
-2.6376152,2.0249195,0.76006341,0.15809679,0.98739874,0.0070105791,0
-3.8662887,1.8759305,1.4793729,-0.51618671,0.088697314,-0.85187101,0
0.61255419,-0.98873448,-1.6979923,-0.51618671,0.088697314,-0.85187101,0
-2.0105367,1.8406625,0.55902898,0.15809679,0.98739874,0.0070105791,0
0.79648399,-1.5862722,0.44380921,-0.15809679,-0.98739874,-0.0070105791,0
-4.2672758,1.2629435,2.5072258,-0.84175813,0.13105932,0.52370483,0
-3.4006491,1.0286225,3.3132496,0.51618671,-0.088697314,0.85187101,0
4.3428922,-1.9708846,-2.2548869,0.84175813,-0.13105932,-0.52370483,0
3.3031321,-1.2536166,-1.0264339,0.51618671,-0.088697314,0.85187101,0
-2.8868413,-1.0256877,0.38560033,-0.51618671,0.088697314,-0.85187101,0
-4.8510637,-0.039173365,1.6770897,-0.51618671,0.088697314,-0.85187101,0
-2.0647132,-1.1960591,0.16009891,-0.15809679,-0.98739874,-0.0070105791,0
4.6084251,-1.1786017,-1.829684,0.84175813,-0.13105932,-0.52370483,0
3.8956304,-0.99544656,-3.0456469,0.84175813,-0.13105932,-0.52370483,0
3.9820688,-1.739949,-2.679599,0.84175813,-0.13105932,-0.52370483,0
2.1523747,0.97040105,0.034402013,0.51618671,-0.088697314,0.85187101,0
-1.3044605,-1.3530169,0.357499,-0.15809679,-0.98739874,-0.0070105791,0
4.0198398,-0.22738588,-2.8510339,0.84175813,-0.13105932,-0.52370483,0
-1.6468707,-0.74315882,-0.31739283,-0.51618671,0.088697314,-0.85187101,0
-2.2678204,1.8876591,1.4291222,0.15809679,0.98739874,0.0070105791,0
-1.5779489,-1.2332791,-0.13038564,-0.15809679,-0.98739874,-0.0070105791,0
-4.114809,-0.092564821,2.9919157,-0.84175813,0.13105932,0.52370483,0
-4.107399,1.5860215,1.5736468,-0.51618671,0.088697314,-0.85187101,0
1.0227247,1.2683527,-1.2965997,0.15809679,0.98739874,0.0070105791,0
3.7627935,-2.1491203,-2.2874389,-0.15809679,-0.98739874,-0.0070105791,0
-0.36652899,1.504877,-0.6615929,0.15809679,0.98739874,0.0070105791,0
4.8563309,-0.018451691,-1.7627113,0.84175813,-0.13105932,-0.52370483,0
4.1927085,-1.3408771,-2.4619434,0.84175813,-0.13105932,-0.52370483,0
4.4131756,-0.67718387,-2.3537097,0.84175813,-0.13105932,-0.52370483,0
-4.2440243,1.0568535,1.4183099,-0.51618671,0.088697314,-0.85187101,0
3.6470532,1.0502671,-2.4119315,0.15809679,0.98739874,0.0070105791,0
4.4412894,-0.76632667,-2.2730331,0.84175813,-0.13105932,-0.52370483,0
4.0272846,0.60150003,-3.3367484,0.84175813,-0.13105932,-0.52370483,0
4.3428841,-1.2827418,-2.3665347,0.84175813,-0.13105932,-0.52370483,0
4.3986511,0.3937192,-2.4971926,0.84175813,-0.13105932,-0.52370483,0
-4.6752815,0.15699172,1.9435833,-0.84175813,0.13105932,0.52370483,0
-4.0033913,-0.63689053,3.2486744,-0.84175813,0.13105932,0.52370483,0
-4.3151121,-0.45941043,2.6076114,-0.84175813,0.13105932,0.52370483,0
-2.4238286,1.8292531,2.8409226,0.51618671,-0.088697314,0.85187101,0
-4.5182147,1.1927872,1.9101696,-0.84175813,0.13105932,0.52370483,0
4.4715328,-2.1476393,-1.7669904,0.84175813,-0.13105932,-0.52370483,0
-0.13458395,1.0102619,1.3046733,0.51618671,-0.088697314,0.85187101,0
-0.91428649,-0.3943263,1.615483,0.51618671,-0.088697314,0.85187101,0
-3.717967,-0.62074494,0.97436428,-0.51618671,0.088697314,-0.85187101,0
-2.9574502,-0.84451365,0.44265556,-0.51618671,0.088697314,-0.85187101,0
4.7010283,0.65677118,-2.0942252,0.84175813,-0.13105932,-0.52370483,0
-3.7275472,0.83292735,3.1983604,-0.84175813,0.13105932,0.52370483,0
4.5131178,-0.29072237,-2.0314014,0.84175813,-0.13105932,-0.52370483,0
-4.0241637,-0.80092621,1.3509936,-0.15809679,-0.98739874,-0.0070105791,0
3.3077486,1.0533111,-1.3521791,0.15809679,0.98739874,0.0070105791,0
4.297287,0.75607049,-2.8903534,0.84175813,-0.13105932,-0.52370483,0
-1.2112892,1.3481638,1.9509709,0.51618671,-0.088697314,0.85187101,0
-2.0103137,-1.1873674,1.8104346,-0.15809679,-0.98739874,-0.0070105791,0
-0.015775681,-1.471921,-0.23141131,-0.15809679,-0.98739874,-0.0070105791,0
-1.5036663,1.7219844,-0.080970019,0.15809679,0.98739874,0.0070105791,0
4.6149359,-0.34543991,-2.004154,0.84175813,-0.13105932,-0.52370483,0
4.1523414,-2.1118774,-2.2282293,0.84175813,-0.13105932,-0.52370483,0
-0.49610895,1.4119871,1.6086301,0.51618671,-0.088697314,0.85187101,0
-4.6437488,-0.2390871,2.284296,-0.84175813,0.13105932,0.52370483,0
4.5803509,-1.2093868,-2.0153842,0.84175813,-0.13105932,-0.52370483,0
4.2814274,-0.11893487,-2.4835958,0.84175813,-0.13105932,-0.52370483,0
-3.25455,1.943387,1.6586555,0.15809679,0.98739874,0.0070105791,0
4.1579142,-0.28650331,-2.6548214,0.84175813,-0.13105932,-0.52370483,0
-1.1568034,1.6837319,1.4443417,0.15809679,0.98739874,0.0070105791,0
0.50800896,1.4792206,-0.56321526,0.15809679,0.98739874,0.0070105791,0
2.7788105,-1.6901231,-3.0224104,-0.51618671,0.088697314,-0.85187101,0
-3.9254475,-0.97125256,2.9008193,-0.15809679,-0.98739874,-0.0070105791,0
-4.0886922,2.1417398,2.5113301,0.15809679,0.98739874,0.0070105791,0
4.1198683,-2.0365233,-2.3027034,0.84175813,-0.13105932,-0.52370483,0
3.2496758,-1.8704922,-1.0437583,0.51618671,-0.088697314,0.85187101,0
1.9890637,1.2612371,-0.45559633,0.15809679,0.98739874,0.0070105791,0
-4.1444721,0.097473621,2.778703,-0.84175813,0.13105932,0.52370483,0
-1.6402802,-1.2611667,1.0332505,-0.15809679,-0.98739874,-0.0070105791,0
1.0071572,1.4509277,-0.15621424,0.15809679,0.98739874,0.0070105791,0
4.5468907,-1.2722592,-2.043334,0.84175813,-0.13105932,-0.52370483,0
-3.9130421,1.635792,1.3369365,-0.51618671,0.088697314,-0.85187101,0
1.0435169,0.56020337,-1.8246298,-0.51618671,0.088697314,-0.85187101,0
1.4325752,1.3699648,-0.42271006,0.15809679,0.98739874,0.0070105791,0
3.7690701,-0.75946707,-3.1531601,0.84175813,-0.13105932,-0.52370483,0
-4.1627102,0.83677578,2.6666808,-0.84175813,0.13105932,0.52370483,0
4.3448291,-1.5805849,-2.3311417,0.84175813,-0.13105932,-0.52370483,0
1.3963146,-1.7980263,0.05830586,0.51618671,-0.088697314,0.85187101,0
3.0746112,-0.67424583,-0.70998371,0.51618671,-0.088697314,0.85187101,0
-3.735033,1.2452176,3.2132115,-0.84175813,0.13105932,0.52370483,0
4.8492231,0.35922909,-1.9295094,0.84175813,-0.13105932,-0.52370483,0
4.1711063,-2.1618097,-1.5061629,-0.15809679,-0.98739874,-0.0070105791,0
0.37317407,1.3864461,-0.091165304,0.15809679,0.98739874,0.0070105791,0
-4.4157605,1.9162655,2.1347737,-0.84175813,0.13105932,0.52370483,0
3.7789574,-1.3882958,-3.1548569,0.84175813,-0.13105932,-0.52370483,0
-3.9767199,1.781348,2.7320211,-0.84175813,0.13105932,0.52370483,0
-3.9364443,2.0210264,2.7001998,-0.84175813,0.13105932,0.52370483,0
-3.8921049,-0.81205404,3.4490626,-0.84175813,0.13105932,0.52370483,0
0.22517002,1.5336213,-0.53246224,0.15809679,0.98739874,0.0070105791,0
-4.532342,-0.093796253,2.4227848,-0.84175813,0.13105932,0.52370483,0
-4.8063369,-0.32469893,1.8219228,-0.51618671,0.088697314,-0.85187101,0
1.7780441,-0.010646462,0.1802001,0.51618671,-0.088697314,0.85187101,0
-3.1675489,-0.50115228,0.62793207,-0.51618671,0.088697314,-0.85187101,0
-3.0160108,1.9344094,1.4992552,0.15809679,0.98739874,0.0070105791,0
4.0763321,-1.4113671,-2.8163579,0.84175813,-0.13105932,-0.52370483,0
-2.8123963,1.9264771,2.9236503,0.15809679,0.98739874,0.0070105791,0
1.2237201,0.48144352,-1.7957013,-0.51618671,0.088697314,-0.85187101,0
-3.5787213,-0.31652927,3.3538282,0.51618671,-0.088697314,0.85187101,0
1.1145968,1.3628491,0.70511174,0.15809679,0.98739874,0.0070105791,0
-1.4534668,1.2024401,2.2801726,0.51618671,-0.088697314,0.85187101,0
4.5533476,-0.81810284,-2.1478658,0.84175813,-0.13105932,-0.52370483,0
0.050587535,1.4828571,-0.91890013,0.15809679,0.98739874,0.0070105791,0
4.0984368,0.8148824,-2.5648377,0.15809679,0.98739874,0.0070105791,0
-1.2499098,1.7077186,1.6791254,0.15809679,0.98739874,0.0070105791,0
-0.80022413,0.89937174,1.8126051,0.51618671,-0.088697314,0.85187101,0
-4.4408484,1.2126551,2.0238163,-0.84175813,0.13105932,0.52370483,0
1.0323764,1.339172,-1.3522053,0.15809679,0.98739874,0.0070105791,0
3.2987127,0.91847742,-1.6252875,0.15809679,0.98739874,0.0070105791,0
1.2239381,-1.6779599,-0.85661674,-0.15809679,-0.98739874,-0.0070105791,0
-2.7536221,-1.0925038,1.5756299,-0.15809679,-0.98739874,-0.0070105791,0
-2.6172674,-0.71614754,2.7688842,0.51618671,-0.088697314,0.85187101,0
4.6596742,0.69606423,-2.2394645,0.84175813,-0.13105932,-0.52370483,0
-4.6480074,0.6439755,1.9360952,-0.84175813,0.13105932,0.52370483,0
-4.4111366,2.0249407,1.762661,-0.84175813,0.13105932,0.52370483,0
-0.27542865,0.73635924,-0.86862957,-0.51618671,0.088697314,-0.85187101,0
3.4291923,-1.6487706,-1.162668,0.51618671,-0.088697314,0.85187101,0
4.610394,-1.2537029,-1.783447,0.84175813,-0.13105932,-0.52370483,0
3.952888,0.48438716,-1.0768497,0.51618671,-0.088697314,0.85187101,0
-3.8351197,1.6606219,2.7788186,-0.84175813,0.13105932,0.52370483,0
2.7176726,1.1330842,-0.80816245,0.15809679,0.98739874,0.0070105791,0
-3.5892394,1.6306092,1.158543,-0.51618671,0.088697314,-0.85187101,0
-1.9546574,0.72550631,0.19692957,-0.51618671,0.088697314,-0.85187101,0
0.1489687,-1.49663,-1.3162422,-0.15809679,-0.98739874,-0.0070105791,0
1.3999251,1.2384621,0.52622658,0.51618671,-0.088697314,0.85187101,0
-3.1000049,1.9536567,2.4037597,0.15809679,0.98739874,0.0070105791,0
-2.3313277,-1.1792349,0.96367276,-0.15809679,-0.98739874,-0.0070105791,0
-0.97626525,-0.30527627,-0.67033094,-0.51618671,0.088697314,-0.85187101,0
4.2666149,-0.64907432,-2.3938112,0.84175813,-0.13105932,-0.52370483,0
-3.7665343,0.12600899,1.0278654,-0.51618671,0.088697314,-0.85187101,0
1.3900534,-0.46949181,-2.1144495,-0.51618671,0.088697314,-0.85187101,0
0.21253479,1.4757851,1.2358325,0.51618671,-0.088697314,0.85187101,0
1.4650331,0.28428113,-1.9954687,-0.51618671,0.088697314,-0.85187101,0
-3.6622076,1.2437346,3.4551172,-0.84175813,0.13105932,0.52370483,0
4.0713873,-0.78126919,-2.8017519,0.84175813,-0.13105932,-0.52370483,0
-4.4011941,1.8127844,1.9715719,-0.84175813,0.13105932,0.52370483,0
4.2898469,0.13066792,-2.8533299,0.84175813,-0.13105932,-0.52370483,0
-4.3199515,0.33106661,2.3402801,-0.84175813,0.13105932,0.52370483,0
-4.5720382,-0.2499733,2.2672369,-0.84175813,0.13105932,0.52370483,0
3.7284892,-0.66023588,-3.4555757,0.84175813,-0.13105932,-0.52370483,0
0.92638993,-0.036562443,0.50321829,0.51618671,-0.088697314,0.85187101,0
-4.3650293,-0.18548083,2.7454967,-0.84175813,0.13105932,0.52370483,0
0.17160267,1.3385248,1.1460142,0.51618671,-0.088697314,0.85187101,0
4.3594055,-1.9988532,-2.0163269,0.84175813,-0.13105932,-0.52370483,0
3.3083851,0.37894058,-3.2275319,-0.51618671,0.088697314,-0.85187101,0
-1.6590168,-1.2351885,0.9221791,-0.15809679,-0.98739874,-0.0070105791,0
3.9598482,-2.0335734,-2.62568,0.84175813,-0.13105932,-0.52370483,0
-1.5220455,-1.3475602,1.0634648,-0.15809679,-0.98739874,-0.0070105791,0
-3.6576457,-0.9794209,1.1293247,-0.15809679,-0.98739874,-0.0070105791,0
-4.1188874,0.10183918,3.0442364,-0.84175813,0.13105932,0.52370483,0
4.293076,0.26192093,-2.7057252,0.84175813,-0.13105932,-0.52370483,0
-4.1524849,1.2419369,2.667146,-0.84175813,0.13105932,0.52370483,0
0.048690557,-1.1420441,-1.2797164,-0.51618671,0.088697314,-0.85187101,0
4.6433783,-0.81870532,-2.0583987,0.84175813,-0.13105932,-0.52370483,0
-1.2123322,0.22169569,1.9979727,0.51618671,-0.088697314,0.85187101,0
1.8711355,0.40643489,-2.2677643,-0.51618671,0.088697314,-0.85187101,0
3.8760414,-0.19186747,-3.1776404,0.84175813,-0.13105932,-0.52370483,0
4.1937494,-1.7079233,-2.4617314,0.84175813,-0.13105932,-0.52370483,0
-3.1781447,-1.1006379,1.0463998,-0.15809679,-0.98739874,-0.0070105791,0
0.30216408,1.4371786,0.18278599,0.15809679,0.98739874,0.0070105791,0
-1.5107038,-1.2704647,-0.50168324,-0.51618671,0.088697314,-0.85187101,0
0.57296991,1.3603282,0.069628477,0.15809679,0.98739874,0.0070105791,0
3.8474646,-0.5738616,-3.1334774,0.84175813,-0.13105932,-0.52370483,0
-3.9178984,-0.23821115,3.3095536,-0.84175813,0.13105932,0.52370483,0
3.7378914,-1.0843706,-1.250674,0.51618671,-0.088697314,0.85187101,0
0.85295069,-1.6996702,0.49038279,-0.15809679,-0.98739874,-0.0070105791,0
3.1138639,-0.62081361,-3.1506352,-0.51618671,0.088697314,-0.85187101,0
2.4738746,-1.8354146,-0.60249889,0.51618671,-0.088697314,0.85187101,0
-2.0682502,0.08072786,2.5202844,0.51618671,-0.088697314,0.85187101,0
2.6277037,0.50990462,-2.5983956,-0.51618671,0.088697314,-0.85187101,0
1.4390424,0.92977381,0.46806055,0.51618671,-0.088697314,0.85187101,0
-2.4798584,1.9340914,1.9653939,0.15809679,0.98739874,0.0070105791,0
2.6781883,1.1401255,-1.8551913,0.15809679,0.98739874,0.0070105791,0
4.6235657,-0.7650609,-1.8183677,0.84175813,-0.13105932,-0.52370483,0
-3.8933804,-0.97581482,2.7200058,-0.15809679,-0.98739874,-0.0070105791,0
3.6362522,0.92485559,-3.1886048,0.15809679,0.98739874,0.0070105791,0
1.5255246,0.87372863,0.32981014,0.51618671,-0.088697314,0.85187101,0
-1.6443633,0.23521948,-0.07152164,-0.51618671,0.088697314,-0.85187101,0
1.4145671,-1.7261498,-1.8278835,-0.15809679,-0.98739874,-0.0070105791,0
-4.0566959,-0.74292302,3.1871119,-0.84175813,0.13105932,0.52370483,0
-0.1460731,-1.4195514,-1.1347783,-0.15809679,-0.98739874,-0.0070105791,0
3.9568057,-1.0301516,-2.8020465,0.84175813,-0.13105932,-0.52370483,0
-4.2583046,0.82209492,2.386178,-0.84175813,0.13105932,0.52370483,0
0.88298106,1.4298729,-0.95427859,0.15809679,0.98739874,0.0070105791,0
-0.85959059,1.7009027,1.6730343,0.15809679,0.98739874,0.0070105791,0
4.3531318,0.084748268,-2.6974638,0.84175813,-0.13105932,-0.52370483,0
-2.4150403,1.84552,1.5704992,0.15809679,0.98739874,0.0070105791,0
-1.2460951,0.19531861,2.0056424,0.51618671,-0.088697314,0.85187101,0
-1.8204702,-0.46296501,-0.23110116,-0.51618671,0.088697314,-0.85187101,0
2.2927382,-0.23974907,-0.20439446,0.51618671,-0.088697314,0.85187101,0
-1.7358142,1.7177343,0.75998014,0.15809679,0.98739874,0.0070105791,0
-0.32900488,-0.83837956,1.2882023,0.51618671,-0.088697314,0.85187101,0
-3.4775343,2.0031736,1.2339134,0.15809679,0.98739874,0.0070105791,0
0.78305626,0.80263102,-1.5147517,-0.51618671,0.088697314,-0.85187101,0
-1.928164,1.8112847,2.539432,0.15809679,0.98739874,0.0070105791,0
4.6134725,-0.1024127,-2.2264085,0.84175813,-0.13105932,-0.52370483,0
-3.935111,2.1593003,1.7653159,0.15809679,0.98739874,0.0070105791,0
-0.5190767,1.567008,-0.26343119,0.15809679,0.98739874,0.0070105791,0
-2.2480059,1.839488,0.67157054,0.15809679,0.98739874,0.0070105791,0
0.61340475,1.3495249,-0.82553023,0.15809679,0.98739874,0.0070105791,0
-1.5669966,-0.12940443,-0.2853626,-0.51618671,0.088697314,-0.85187101,0
-3.1395667,1.7404592,3.2547703,0.51618671,-0.088697314,0.85187101,0
2.8383307,-1.9138986,-2.3000064,-0.15809679,-0.98739874,-0.0070105791,0
2.1891601,1.1578674,-1.6212258,0.15809679,0.98739874,0.0070105791,0
0.81808168,1.3457187,0.91064811,0.51618671,-0.088697314,0.85187101,0
-3.4656487,1.3281316,1.0370562,-0.51618671,0.088697314,-0.85187101,0
-4.5282393,0.15689659,2.3275888,-0.84175813,0.13105932,0.52370483,0
3.841706,-2.0685203,-2.1505387,-0.15809679,-0.98739874,-0.0070105791,0
2.3477266,1.1302543,-0.45762122,0.15809679,0.98739874,0.0070105791,0
3.9552495,-0.72189975,-3.1416607,0.84175813,-0.13105932,-0.52370483,0
1.3814924,1.3074015,0.11485171,0.15809679,0.98739874,0.0070105791,0
-0.42389485,0.013703585,-0.88367403,-0.51618671,0.088697314,-0.85187101,0
1.9881848,-1.1364207,-2.6111088,-0.51618671,0.088697314,-0.85187101,0
3.4136391,-1.9475613,-2.539464,-0.15809679,-0.98739874,-0.0070105791,0
2.9719541,-1.3089062,-3.1955476,-0.51618671,0.088697314,-0.85187101,0
-3.6041539,2.1633151,2.8457909,0.15809679,0.98739874,0.0070105791,0
-1.785362,1.8225501,1.9816481,0.15809679,0.98739874,0.0070105791,0
4.0855746,0.043313384,-3.1089365,0.84175813,-0.13105932,-0.52370483,0
0.15542781,-0.60564518,1.066264,0.51618671,-0.088697314,0.85187101,0
-4.6908131,-0.74789882,2.1490209,-0.84175813,0.13105932,0.52370483,0
3.2447371,0.92855072,-2.7638795,0.15809679,0.98739874,0.0070105791,0
3.5267415,1.0748415,-3.0545037,0.15809679,0.98739874,0.0070105791,0
3.9275115,0.88986087,-2.9888287,0.15809679,0.98739874,0.0070105791,0
-2.4492772,0.6628561,0.41821587,-0.51618671,0.088697314,-0.85187101,0
-4.3416996,0.96030259,2.4790382,-0.84175813,0.13105932,0.52370483,0
4.5058184,0.060056925,-1.622107,0.51618671,-0.088697314,0.85187101,0
1.5522563,1.2103102,-1.001219,0.15809679,0.98739874,0.0070105791,0
-3.5708704,-0.5868032,3.2705739,0.51618671,-0.088697314,0.85187101,0
-0.96062112,1.6996123,0.25326166,0.15809679,0.98739874,0.0070105791,0
-1.2433076,0.53764755,1.9682778,0.51618671,-0.088697314,0.85187101,0
2.4312541,-1.3798575,-0.47526991,0.51618671,-0.088697314,0.85187101,0
-3.2026513,1.9724016,1.4182005,0.15809679,0.98739874,0.0070105791,0
2.8948927,1.0762446,-1.658478,0.15809679,0.98739874,0.0070105791,0
-3.1623642,2.052207,2.605253,0.15809679,0.98739874,0.0070105791,0
-3.5248163,-0.93252969,2.9162655,-0.15809679,-0.98739874,-0.0070105791,0
1.7871187,-1.8019058,-1.8774692,-0.15809679,-0.98739874,-0.0070105791,0
-1.883693,-1.3050497,1.7856368,-0.15809679,-0.98739874,-0.0070105791,0
4.1776209,0.7306236,-3.0698276,0.84175813,-0.13105932,-0.52370483,0
3.9835658,0.30371034,-3.3344405,0.84175813,-0.13105932,-0.52370483,0
2.5442877,-1.8901441,-2.9409108,-0.15809679,-0.98739874,-0.0070105791,0
0.41439879,-0.25516921,0.81193388,0.51618671,-0.088697314,0.85187101,0
-3.8109839,1.723829,2.9141726,-0.84175813,0.13105932,0.52370483,0
1.0798301,1.3979669,-1.2275386,0.15809679,0.98739874,0.0070105791,0
3.6940262,-0.82705963,-3.4102423,0.84175813,-0.13105932,-0.52370483,0
-4.4990187,-0.72650266,2.6067874,-0.84175813,0.13105932,0.52370483,0
0.61067319,0.69539928,-1.5307343,-0.51618671,0.088697314,-0.85187101,0
-1.226115,-1.3198351,1.385092,-0.15809679,-0.98739874,-0.0070105791,0
-3.3162928,1.3460381,0.98615062,-0.51618671,0.088697314,-0.85187101,0
-3.2695451,1.3419354,3.3968616,0.51618671,-0.088697314,0.85187101,0
0.70946109,1.3060896,0.70591867,0.15809679,0.98739874,0.0070105791,0
-4.4831667,1.5525763,1.906918,-0.84175813,0.13105932,0.52370483,0
-4.6129818,-0.003682375,2.1134689,-0.84175813,0.13105932,0.52370483,0
-1.4154197,-1.1441857,1.7993931,0.51618671,-0.088697314,0.85187101,0
0.86551023,-1.5982016,0.54526269,-0.15809679,-0.98739874,-0.0070105791,0
-4.3865728,0.90013552,2.1549342,-0.84175813,0.13105932,0.52370483,0
4.2944608,0.39397073,-2.7484701,0.84175813,-0.13105932,-0.52370483,0
2.3936338,-1.9626853,-0.66656756,-0.15809679,-0.98739874,-0.0070105791,0
4.1527739,0.13533568,-2.9548562,0.84175813,-0.13105932,-0.52370483,0
1.2326416,1.2988776,-1.232993,0.15809679,0.98739874,0.0070105791,0
-2.9708321,-1.0044113,0.70819569,-0.15809679,-0.98739874,-0.0070105791,0
-4.3023071,1.0972728,2.42191,-0.84175813,0.13105932,0.52370483,0
-1.3169044,1.3586853,-0.1325655,-0.51618671,0.088697314,-0.85187101,0
3.2400997,0.42463249,-3.1697555,-0.51618671,0.088697314,-0.85187101,0
1.8025756,0.11003411,-0.012963772,0.51618671,-0.088697314,0.85187101,0
-3.4278696,1.8759986,1.0654583,-0.51618671,0.088697314,-0.85187101,0
-4.298604,-0.41765261,2.5532818,-0.84175813,0.13105932,0.52370483,0
4.0212483,0.48289108,-1.1417549,0.51618671,-0.088697314,0.85187101,0
3.7826219,-1.6264188,-3.0888143,0.84175813,-0.13105932,-0.52370483,0
-3.7778759,1.7999372,3.1645193,-0.84175813,0.13105932,0.52370483,0
-3.7658787,-0.051108479,3.4315784,-0.84175813,0.13105932,0.52370483,0
2.456805,-0.26965088,-2.7431459,-0.51618671,0.088697314,-0.85187101,0
3.8040814,-2.1910276,-1.804027,-0.15809679,-0.98739874,-0.0070105791,0
-1.4076402,-0.80452561,2.0378323,0.51618671,-0.088697314,0.85187101,0
2.969126,1.0791709,-2.7264128,0.15809679,0.98739874,0.0070105791,0
3.8017719,-1.49008,-1.1786609,0.51618671,-0.088697314,0.85187101,0
-0.91107911,-1.406916,-0.10600424,-0.15809679,-0.98739874,-0.0070105791,0
4.2042203,-1.4133998,-2.4446898,0.84175813,-0.13105932,-0.52370483,0
0.94411886,-0.1952585,-1.7154849,-0.51618671,0.088697314,-0.85187101,0
2.3460824,0.20824313,-0.16969728,0.51618671,-0.088697314,0.85187101,0
-0.53810424,1.4485823,1.5935943,0.51618671,-0.088697314,0.85187101,0
4.3582392,-1.5507536,-2.0329266,0.84175813,-0.13105932,-0.52370483,0
4.55443,0.6717,-2.5192709,0.84175813,-0.13105932,-0.52370483,0
-3.8116722,1.7880802,2.9468429,-0.84175813,0.13105932,0.52370483,0
-2.3073668,-1.1015848,1.3348517,-0.15809679,-0.98739874,-0.0070105791,0
-4.2753124,0.52331591,2.6488936,-0.84175813,0.13105932,0.52370483,0
-0.87878853,-1.3020812,-0.10288626,-0.15809679,-0.98739874,-0.0070105791,0
-4.4404693,2.1914763,1.9264426,-0.84175813,0.13105932,0.52370483,0
-3.6903045,1.3759016,3.0964589,-0.84175813,0.13105932,0.52370483,0
0.064015985,-1.1148551,0.91857791,0.51618671,-0.088697314,0.85187101,0
-3.5342166,1.6872342,1.2182486,-0.51618671,0.088697314,-0.85187101,0
0.67349255,0.97588748,0.80646801,0.51618671,-0.088697314,0.85187101,0
2.9502425,0.39371204,-0.52853799,0.51618671,-0.088697314,0.85187101,0
0.83358788,-1.6264974,-0.92547685,-0.15809679,-0.98739874,-0.0070105791,0
2.3763413,-0.71008551,-2.7684011,-0.51618671,0.088697314,-0.85187101,0
4.2790947,0.24394393,-2.8583877,0.84175813,-0.13105932,-0.52370483,0
1.6743107,1.1702695,-1.8118237,0.15809679,0.98739874,0.0070105791,0
-1.3734903,-1.2986476,1.9782319,-0.15809679,-0.98739874,-0.0070105791,0
-4.0597677,0.20635021,2.9779708,-0.84175813,0.13105932,0.52370483,0
-4.5613208,0.86675549,1.9071434,-0.84175813,0.13105932,0.52370483,0
4.1346002,-1.5413052,-2.6006839,0.84175813,-0.13105932,-0.52370483,0
1.12407,0.0094592571,0.47198316,0.51618671,-0.088697314,0.85187101,0
0.3369894,1.4447887,0.066024125,0.15809679,0.98739874,0.0070105791,0
-4.6224461,0.44333076,1.8506522,-0.84175813,0.13105932,0.52370483,0
-1.1668239,-0.39228225,-0.61079514,-0.51618671,0.088697314,-0.85187101,0
-1.7120095,-0.10298934,2.218106,0.51618671,-0.088697314,0.85187101,0
3.0115263,-1.0579927,-0.86801636,0.51618671,-0.088697314,0.85187101,0
-4.6942434,-0.65887594,2.0591357,-0.84175813,0.13105932,0.52370483,0
-2.1889567,1.8883471,1.5376129,0.15809679,0.98739874,0.0070105791,0
4.7904687,-1.0087194,-1.7683995,0.84175813,-0.13105932,-0.52370483,0
-1.2613897,1.66502,1.1148058,0.15809679,0.98739874,0.0070105791,0
-3.5975242,1.8483061,3.48598,-0.84175813,0.13105932,0.52370483,0
-2.9114902,1.3639914,2.965838,0.51618671,-0.088697314,0.85187101,0
-3.5533757,1.1894209,3.4481673,-0.84175813,0.13105932,0.52370483,0
-2.0268936,1.5086656,2.4618835,0.51618671,-0.088697314,0.85187101,0
0.97628766,-1.6565025,-1.7028501,-0.15809679,-0.98739874,-0.0070105791,0
3.5060749,0.078955531,-3.1847227,-0.51618671,0.088697314,-0.85187101,0
2.9359691,0.4321003,-2.8721306,-0.51618671,0.088697314,-0.85187101,0
0.36719757,0.60604602,-1.268674,-0.51618671,0.088697314,-0.85187101,0
2.4288793,-0.34189773,-2.740603,-0.51618671,0.088697314,-0.85187101,0
-4.1050482,2.1691098,2.2594452,-0.84175813,0.13105932,0.52370483,0
0.53046894,0.850676,-1.3156091,-0.51618671,0.088697314,-0.85187101,0
-0.97660649,0.11999536,-0.66253072,-0.51618671,0.088697314,-0.85187101,0
-0.36199057,1.540489,-0.57892513,0.15809679,0.98739874,0.0070105791,0
-3.0904415,0.68318605,0.76872396,-0.51618671,0.088697314,-0.85187101,0
3.0331097,-1.9798357,-2.4774156,-0.15809679,-0.98739874,-0.0070105791,0
-3.9501765,0.40190303,3.1679816,-0.84175813,0.13105932,0.52370483,0
3.8807154,-1.2755017,-3.0573902,0.84175813,-0.13105932,-0.52370483,0
-0.20841062,-1.5034142,-0.81733453,-0.15809679,-0.98739874,-0.0070105791,0
-4.7578344,0.40700006,1.7548683,-0.51618671,0.088697314,-0.85187101,0
4.4427919,-1.2913543,-2.1755271,0.84175813,-0.13105932,-0.52370483,0
-2.0315149,-0.2889919,2.4198651,0.51618671,-0.088697314,0.85187101,0
2.7837543,1.0964934,-2.6514282,-0.51618671,0.088697314,-0.85187101,0
3.2887158,-2.1278982,-1.0225191,-0.15809679,-0.98739874,-0.0070105791,0
-1.0063053,0.076173425,-0.61234713,-0.51618671,0.088697314,-0.85187101,0
-1.3810196,1.4756553,2.2689426,0.51618671,-0.088697314,0.85187101,0
-1.0776961,-1.427688,0.32566655,-0.15809679,-0.98739874,-0.0070105791,0
1.5798719,-1.7651242,-0.82514536,-0.15809679,-0.98739874,-0.0070105791,0
3.9326968,0.098897696,-3.1288071,0.84175813,-0.13105932,-0.52370483,0
0.62547445,-0.7221055,-1.6842827,-0.51618671,0.088697314,-0.85187101,0
-0.86607194,0.69076169,1.6809763,0.51618671,-0.088697314,0.85187101,0
3.585052,0.33371907,-3.4050791,-0.51618671,0.088697314,-0.85187101,0
-4.262711,0.92675424,2.2974241,-0.84175813,0.13105932,0.52370483,0
1.6113832,1.2763411,-1.1000391,0.15809679,0.98739874,0.0070105791,0
-4.5098705,0.20814753,2.2525382,-0.84175813,0.13105932,0.52370483,0
4.6016088,0.58881283,-2.139405,0.84175813,-0.13105932,-0.52370483,0
2.454386,-1.5319149,-2.8602552,-0.51618671,0.088697314,-0.85187101,0
-2.2142868,-1.1695032,0.11687255,-0.15809679,-0.98739874,-0.0070105791,0
4.4658899,-0.38769197,-1.4945912,0.51618671,-0.088697314,0.85187101,0
-1.5338326,1.3593229,2.3027625,0.51618671,-0.088697314,0.85187101,0
