-1.0577908,-1.8302072,-0.79682934,0.28497273,-0.32708716,-0.90100205,0
-2.4103501,0.72205418,-2.0678198,-0.79809076,0.43964329,-0.41202539,0
3.2569616,0.39583731,-0.21890974,0.53088772,0.83649737,-0.13575888,0
1.8378407,1.3166773,0.29149508,0.53088772,0.83649737,-0.13575888,0
-0.28476405,-2.2665665,-0.28911424,-0.53088772,-0.83649737,0.13575888,0
2.416419,0.90668225,0.33853507,0.53088772,0.83649737,-0.13575888,0
1.7556641,-3.0601723,0.63619399,0.79809076,-0.43964329,0.41202539,0
-0.10815609,-1.0881754,-0.81084216,0.28497273,-0.32708716,-0.90100205,0
-0.37999725,-2.1639409,0.35245982,-0.53088772,-0.83649737,0.13575888,0
-1.4305043,-1.5247395,-0.25667822,-0.53088772,-0.83649737,0.13575888,0
-1.7414153,1.738687,-1.9262898,-0.79809076,0.43964329,-0.41202539,0
-1.6567842,2.2058942,-1.7698262,-0.79809076,0.43964329,-0.41202539,0
-3.3585253,0.31276727,-0.24779963,-0.79809076,0.43964329,-0.41202539,0
-1.7438022,2.2459557,-1.4613863,-0.79809076,0.43964329,-0.41202539,0
-1.8382202,-1.3221663,-1.0187652,-0.53088772,-0.83649737,0.13575888,0
0.93816483,-1.247911,1.7986944,-0.28497273,0.32708716,0.90100205,0
3.2084265,-0.61519361,0.36566448,0.79809076,-0.43964329,0.41202539,0
2.326349,-1.1178155,1.5278416,0.79809076,-0.43964329,0.41202539,0
0.59867603,-1.054141,-0.63183171,0.28497273,-0.32708716,-0.90100205,0
2.0162041,-2.2221582,1.2334623,0.79809076,-0.43964329,0.41202539,0
1.9577249,1.2915239,0.15299368,0.53088772,0.83649737,-0.13575888,0
-0.15618443,-2.3203549,-0.069823772,-0.53088772,-0.83649737,0.13575888,0
2.2935162,0.94900048,-0.26228189,0.53088772,0.83649737,-0.13575888,0
-0.63492274,1.0677876,-1.6104572,0.28497273,-0.32708716,-0.90100205,0
-2.0957527,1.1196083,-1.8614393,-0.79809076,0.43964329,-0.41202539,0
0.021129608,2.4069715,-0.42193353,0.53088772,0.83649737,-0.13575888,0
0.99162555,-2.5712395,2.3193524,-0.53088772,-0.83649737,0.13575888,0
0.014993012,-0.38552016,-1.0376383,0.28497273,-0.32708716,-0.90100205,0
2.6516805,-1.3984801,0.41065979,0.79809076,-0.43964329,0.41202539,0
-0.022072315,-0.64002442,-0.789738,0.28497273,-0.32708716,-0.90100205,0
2.6786308,-1.5002881,0.38043284,0.79809076,-0.43964329,0.41202539,0
3.1477251,0.11691761,1.4836633,0.79809076,-0.43964329,0.41202539,0
-1.3054585,-1.6037815,-0.44030046,-0.53088772,-0.83649737,0.13575888,0
-2.5978086,0.63274765,-1.5892218,-0.79809076,0.43964329,-0.41202539,0
1.4846859,-2.0796037,2.0278749,0.79809076,-0.43964329,0.41202539,0
-2.9476602,0.21406108,-1.4716446,-0.79809076,0.43964329,-0.41202539,0
-0.52670383,1.3630986,0.42846972,-0.28497273,0.32708716,0.90100205,0
-0.79061776,0.50098586,0.59314692,-0.28497273,0.32708716,0.90100205,0
1.9187993,-2.7717569,0.63946283,0.79809076,-0.43964329,0.41202539,0
0.52298522,1.9902265,-0.72647125,0.53088772,0.83649737,-0.13575888,0
-3.4158177,0.55764127,-0.30280375,-0.79809076,0.43964329,-0.41202539,0
-3.4123931,-0.13343704,-0.6143167,-0.79809076,0.43964329,-0.41202539,0
-1.37623,-1.6480808,-0.37511432,-0.53088772,-0.83649737,0.13575888,0
-2.5975752,1.4983641,-0.49438882,-0.79809076,0.43964329,-0.41202539,0
0.26713061,2.0353765,-0.4983277,0.53088772,0.83649737,-0.13575888,0
-1.5156879,2.5539994,-0.25217807,-0.28497273,0.32708716,0.90100205,0
2.4983535,0.81498152,0.16138363,0.53088772,0.83649737,-0.13575888,0
1.2076831,-3.1048357,0.91088521,-0.53088772,-0.83649737,0.13575888,0
-2.4457417,0.66307986,-2.0058751,-0.79809076,0.43964329,-0.41202539,0
-1.7305866,2.4120905,-1.4699554,-0.79809076,0.43964329,-0.41202539,0
-1.4740266,-1.4591346,0.47530264,-0.53088772,-0.83649737,0.13575888,0
0.77238619,1.7448808,-0.99593681,0.53088772,0.83649737,-0.13575888,0
-0.74480224,-2.0012629,-0.30884686,-0.53088772,-0.83649737,0.13575888,0
-3.1782992,-0.16948617,-1.3841646,-0.79809076,0.43964329,-0.41202539,0
-1.0215964,-1.7368634,0.37071079,-0.53088772,-0.83649737,0.13575888,0
-2.5655708,0.37204877,-1.9259815,-0.79809076,0.43964329,-0.41202539,0
-0.20145535,2.4434574,-0.37643564,0.53088772,0.83649737,-0.13575888,0
-1.4465623,-1.4894267,0.45070261,-0.53088772,-0.83649737,0.13575888,0
-3.129921,-0.42899179,0.13206744,-0.53088772,-0.83649737,0.13575888,0
2.5040648,0.95726055,1.0216105,0.53088772,0.83649737,-0.13575888,0
-1.4057728,3.0990756,-1.4894083,-0.79809076,0.43964329,-0.41202539,0
-2.2825775,-1.1002831,-0.46116793,-0.53088772,-0.83649737,0.13575888,0
-2.0524435,-1.2163111,-0.15973008,-0.53088772,-0.83649737,0.13575888,0
-2.0787287,1.9740531,-1.1221209,-0.79809076,0.43964329,-0.41202539,0
-1.1983473,2.5345147,-2.0815401,-0.79809076,0.43964329,-0.41202539,0
0.85674137,-1.5920122,1.8745784,-0.28497273,0.32708716,0.90100205,0
2.8141327,0.62527591,0.78732014,0.53088772,0.83649737,-0.13575888,0
0.019535065,-1.3808701,-0.64826989,0.28497273,-0.32708716,-0.90100205,0
-0.056171656,2.0899425,-1.4071246,0.53088772,0.83649737,-0.13575888,0
0.48804069,1.9592342,-0.97412026,0.53088772,0.83649737,-0.13575888,0
-0.035123825,-2.1047301,0.99732459,-0.53088772,-0.83649737,0.13575888,0
-3.3764827,0.45641851,-0.31793308,-0.79809076,0.43964329,-0.41202539,0
-2.6074762,-0.97905457,-0.95124435,-0.53088772,-0.83649737,0.13575888,0
1.4711754,-0.36382294,-0.47714448,0.28497273,-0.32708716,-0.90100205,0
1.1303775,1.4928802,-0.88813442,0.53088772,0.83649737,-0.13575888,0
-1.5030879,1.1375649,-1.9930656,0.28497273,-0.32708716,-0.90100205,0
-3.3892891,0.33665729,-0.17234993,-0.79809076,0.43964329,-0.41202539,0
1.3011218,1.5705642,-9.0360641e-05,0.53088772,0.83649737,-0.13575888,0
0.20475852,-2.1122949,1.799751,-0.53088772,-0.83649737,0.13575888,0
-2.0142903,1.2523594,-2.1126511,0.28497273,-0.32708716,-0.90100205,0
-2.8949256,0.58626962,-1.2512128,-0.79809076,0.43964329,-0.41202539,0
-3.0446181,-0.28243157,-1.9016435,-0.79809076,0.43964329,-0.41202539,0
-1.7208924,2.2434726,-1.3995101,-0.79809076,0.43964329,-0.41202539,0
2.6119368,0.85602605,1.7313905,-0.28497273,0.32708716,0.90100205,0
-0.30995202,-1.2127173,-0.66392875,0.28497273,-0.32708716,-0.90100205,0
0.26197565,1.8478245,-1.6563718,0.53088772,0.83649737,-0.13575888,0
-1.0730882,2.2335958,-0.028645873,-0.28497273,0.32708716,0.90100205,0
-0.98710418,-0.18281209,-1.3245931,0.28497273,-0.32708716,-0.90100205,0
1.9781946,-0.97924495,2.0892918,-0.28497273,0.32708716,0.90100205,0
2.4909029,0.75593793,0.11925721,0.53088772,0.83649737,-0.13575888,0
3.280947,-0.29847789,0.69344592,0.79809076,-0.43964329,0.41202539,0
2.0544562,0.81030506,1.5562958,-0.28497273,0.32708716,0.90100205,0
0.58846414,-2.465734,1.9178375,-0.53088772,-0.83649737,0.13575888,0
2.6418405,0.66003084,-0.38106179,0.53088772,0.83649737,-0.13575888,0
3.2440171,0.52706599,0.79778528,0.53088772,0.83649737,-0.13575888,0
-2.6600859,0.16973567,-1.7209458,-0.79809076,0.43964329,-0.41202539,0
-3.0693884,-0.50158095,-0.68153477,-0.53088772,-0.83649737,0.13575888,0
-1.515674,-1.198645,-1.1469579,0.28497273,-0.32708716,-0.90100205,0
1.5465858,-3.1218305,0.7674582,0.79809076,-0.43964329,0.41202539,0
-0.098117352,-2.3770425,0.041719839,-0.53088772,-0.83649737,0.13575888,0
-0.15430093,-2.0328822,1.3647795,-0.53088772,-0.83649737,0.13575888,0
-2.1030188,1.6591206,-1.5574555,-0.79809076,0.43964329,-0.41202539,0
2.7802927,-0.26856649,1.67472,0.79809076,-0.43964329,0.41202539,0
0.38469446,0.36522388,1.0109236,-0.28497273,0.32708716,0.90100205,0
2.1806762,-2.1851509,0.51419818,0.79809076,-0.43964329,0.41202539,0
-2.23493,-1.0732094,-1.1042944,-0.53088772,-0.83649737,0.13575888,0
0.30843163,-0.57607079,-0.89715683,0.28497273,-0.32708716,-0.90100205,0
-0.14362326,-0.077269495,-1.1001003,0.28497273,-0.32708716,-0.90100205,0
0.8858676,1.8399024,0.2535212,0.53088772,0.83649737,-0.13575888,0
-2.974515,-0.69003981,-0.97414017,-0.53088772,-0.83649737,0.13575888,0
0.54700303,1.839003,-0.66880304,0.53088772,0.83649737,-0.13575888,0
2.9835727,0.39728996,1.7116487,0.79809076,-0.43964329,0.41202539,0
0.65353656,0.99943495,0.92452002,-0.28497273,0.32708716,0.90100205,0
1.8902501,-1.6425748,2.0990272,0.79809076,-0.43964329,0.41202539,0
1.5889934,-2.9109769,1.2239412,0.79809076,-0.43964329,0.41202539,0
-2.0382471,2.3718457,-1.0233983,-0.79809076,0.43964329,-0.41202539,0
-1.0137662,2.8064787,-0.7531389,0.53088772,0.83649737,-0.13575888,0
-2.6581318,1.1632663,-1.1153767,-0.79809076,0.43964329,-0.41202539,0
-0.3247447,-1.9774742,1.4516025,-0.53088772,-0.83649737,0.13575888,0
0.6938858,-2.4467216,1.9868768,-0.53088772,-0.83649737,0.13575888,0
2.0991449,1.2393494,0.84564173,0.53088772,0.83649737,-0.13575888,0
-1.9983225,2.4874568,-0.56871581,-0.79809076,0.43964329,-0.41202539,0
0.78976452,0.98594773,-1.2694221,0.28497273,-0.32708716,-0.90100205,0
-0.1117723,1.0169506,-1.5927252,0.28497273,-0.32708716,-0.90100205,0
-0.99900407,0.91404498,0.42011434,-0.28497273,0.32708716,0.90100205,0
1.4265823,-1.5378811,2.228384,-0.28497273,0.32708716,0.90100205,0
-0.59700847,-1.9734077,0.734079,-0.53088772,-0.83649737,0.13575888,0
-2.0589721,1.0939611,-2.0406089,-0.79809076,0.43964329,-0.41202539,0
-2.3971944,0.60690773,-1.862685,-0.79809076,0.43964329,-0.41202539,0
-0.43535113,2.6784084,-0.30528036,0.53088772,0.83649737,-0.13575888,0
1.6862069,1.0984943,-0.71909189,0.53088772,0.83649737,-0.13575888,0
2.7626181,-1.5479079,0.43611288,0.79809076,-0.43964329,0.41202539,0
-0.10044146,2.4150302,0.27067924,-0.28497273,0.32708716,0.90100205,0
-2.5352685,1.0541333,-1.0735579,-0.79809076,0.43964329,-0.41202539,0
3.1497188,-0.6370945,0.12203765,0.28497273,-0.32708716,-0.90100205,0
2.459939,-1.2519939,1.0786161,0.79809076,-0.43964329,0.41202539,0
2.0119295,-2.158967,0.85130918,0.79809076,-0.43964329,0.41202539,0
-2.4125271,2.1770673,-0.41795635,-0.79809076,0.43964329,-0.41202539,0
2.110337,-0.58426285,-0.24212158,0.28497273,-0.32708716,-0.90100205,0
-2.5083413,1.1971016,-0.97879374,-0.79809076,0.43964329,-0.41202539,0
1.523551,-2.4669681,1.7988175,0.79809076,-0.43964329,0.41202539,0
-3.3052163,0.18672121,-0.88062716,-0.79809076,0.43964329,-0.41202539,0
-0.0053584576,1.3662813,0.58496439,-0.28497273,0.32708716,0.90100205,0
0.092124104,-1.7316252,1.7420046,-0.28497273,0.32708716,0.90100205,0
2.6730442,0.88286418,1.1332306,0.53088772,0.83649737,-0.13575888,0
0.54098368,1.9964904,0.47474313,-0.28497273,0.32708716,0.90100205,0
3.2253239,0.21852064,-0.25392151,0.28497273,-0.32708716,-0.90100205,0
-0.071140528,2.2367003,-1.5265703,0.53088772,0.83649737,-0.13575888,0
1.6558541,-2.8251731,0.97827637,0.79809076,-0.43964329,0.41202539,0
0.8582027,1.8552903,0.70912039,-0.28497273,0.32708716,0.90100205,0
-1.9683032,-0.2422483,0.58713984,-0.28497273,0.32708716,0.90100205,0
-0.40440452,2.3404758,-1.6189952,0.53088772,0.83649737,-0.13575888,0
1.5590547,-0.37979543,1.6946959,-0.28497273,0.32708716,0.90100205,0
-2.2795506,1.4918243,-1.3319979,-0.79809076,0.43964329,-0.41202539,0
-1.3044624,-0.31449878,0.81948155,-0.28497273,0.32708716,0.90100205,0
-2.9434187,0.24680507,-1.4855936,-0.79809076,0.43964329,-0.41202539,0
2.951405,-1.0408469,0.44823885,0.79809076,-0.43964329,0.41202539,0
1.7834202,-2.0854268,0.18537664,0.28497273,-0.32708716,-0.90100205,0
-1.5479875,1.4358604,-2.1850364,0.28497273,-0.32708716,-0.90100205,0
0.96490932,-0.57280892,1.5383698,-0.28497273,0.32708716,0.90100205,0
-3.394845,-0.40022755,-0.86096215,-0.53088772,-0.83649737,0.13575888,0
2.4121022,-1.4057379,0.11290598,0.28497273,-0.32708716,-0.90100205,0
-1.3343825,2.8277166,-1.7791374,-0.79809076,0.43964329,-0.41202539,0
-0.094236612,-2.2613909,-0.25239268,0.28497273,-0.32708716,-0.90100205,0
1.4937334,-2.1039457,2.2736182,-0.28497273,0.32708716,0.90100205,0
-1.6144285,-1.5049396,-0.41939211,-0.53088772,-0.83649737,0.13575888,0
-0.072867513,1.8269911,-1.8545902,0.28497273,-0.32708716,-0.90100205,0
1.5716074,-3.0953252,0.61860859,0.28497273,-0.32708716,-0.90100205,0
-2.3541431,0.50207567,0.19748616,-0.28497273,0.32708716,0.90100205,0
-1.9358693,2.660337,-0.92904317,-0.79809076,0.43964329,-0.41202539,0
2.1021192,1.1106689,0.33209527,0.53088772,0.83649737,-0.13575888,0
-0.51161766,2.4856935,-1.4748796,0.53088772,0.83649737,-0.13575888,0
2.521168,1.0287354,1.3043033,0.53088772,0.83649737,-0.13575888,0
1.1873932,1.6413219,0.4096902,0.53088772,0.83649737,-0.13575888,0
-0.94100571,1.0007713,-1.7991319,0.28497273,-0.32708716,-0.90100205,0
1.8035599,-2.0578325,1.6652825,0.79809076,-0.43964329,0.41202539,0
-2.5376294,1.435739,-0.97332239,-0.79809076,0.43964329,-0.41202539,0
-2.2661078,1.7246053,-1.0924468,-0.79809076,0.43964329,-0.41202539,0
-1.9710382,1.6859739,-1.533988,-0.79809076,0.43964329,-0.41202539,0
-1.4843725,2.0853286,-0.13240242,-0.28497273,0.32708716,0.90100205,0
-0.65194869,-2.1169705,-0.43173334,-0.53088772,-0.83649737,0.13575888,0
0.19153917,1.5177737,-1.5675443,0.28497273,-0.32708716,-0.90100205,0
1.0751514,-0.77102125,-0.49169147,0.28497273,-0.32708716,-0.90100205,0
-1.8279306,1.5650681,-1.8656378,-0.79809076,0.43964329,-0.41202539,0
-1.7412385,2.7379704,-0.86697876,-0.79809076,0.43964329,-0.41202539,0
3.3322442,-0.17270744,0.69810724,0.79809076,-0.43964329,0.41202539,0
-0.2717557,-2.0871611,1.1014339,-0.53088772,-0.83649737,0.13575888,0
1.5189017,1.061655,-0.98060739,0.28497273,-0.32708716,-0.90100205,0
-1.6131699,2.7583311,-1.3627472,-0.79809076,0.43964329,-0.41202539,0
-0.91631156,-0.40371287,-1.3494987,0.28497273,-0.32708716,-0.90100205,0
-3.7059352,-0.031956673,-0.36153412,-0.79809076,0.43964329,-0.41202539,0
1.3265786,-2.8378088,1.6691,0.79809076,-0.43964329,0.41202539,0
-2.6481774,0.82093084,-1.1051502,-0.79809076,0.43964329,-0.41202539,0
2.4570603,-1.1398236,0.12765384,0.28497273,-0.32708716,-0.90100205,0
-1.6381634,2.9080086,-0.37330031,-0.28497273,0.32708716,0.90100205,0
1.7506912,-2.609055,0.45509613,0.28497273,-0.32708716,-0.90100205,0
2.9300029,-0.41863835,0.99350929,0.79809076,-0.43964329,0.41202539,0
2.0517187,-2.1339452,0.84357584,0.79809076,-0.43964329,0.41202539,0
1.1112738,1.6312144,-0.044610858,0.53088772,0.83649737,-0.13575888,0
3.1243098,-1.0028579,0.40179539,0.79809076,-0.43964329,0.41202539,0
2.1232595,0.92874968,1.4174495,-0.28497273,0.32708716,0.90100205,0
-0.8458935,2.1771657,0.13391596,-0.28497273,0.32708716,0.90100205,0
1.3731257,-0.69926822,1.8042305,-0.28497273,0.32708716,0.90100205,0
-0.1296367,0.99306798,-1.6099663,0.28497273,-0.32708716,-0.90100205,0
-1.1598009,2.6453881,-2.1578743,-0.79809076,0.43964329,-0.41202539,0
1.2665794,0.76284015,1.2857749,-0.28497273,0.32708716,0.90100205,0
-0.77497005,-1.9549351,-0.35918912,-0.53088772,-0.83649737,0.13575888,0
3.0349438,0.17064607,1.6632776,0.79809076,-0.43964329,0.41202539,0
3.1209693,-1.000246,0.33989835,0.79809076,-0.43964329,0.41202539,0
2.7437046,-1.2593843,0.39847445,0.79809076,-0.43964329,0.41202539,0
-2.3476539,-0.84559762,0.29436147,-0.53088772,-0.83649737,0.13575888,0
0.44858098,2.0242581,-0.79022306,0.53088772,0.83649737,-0.13575888,0
-1.4133211,-0.18558061,0.78113514,-0.28497273,0.32708716,0.90100205,0
2.7161021,0.67584133,0.36221242,0.53088772,0.83649737,-0.13575888,0
-2.688684,1.4233432,-0.78464746,-0.79809076,0.43964329,-0.41202539,0
-0.35401487,2.3990049,-0.95748603,0.53088772,0.83649737,-0.13575888,0
-1.568068,-0.27720907,-1.3980602,0.28497273,-0.32708716,-0.90100205,0
1.1633942,-2.549212,2.2491655,0.79809076,-0.43964329,0.41202539,0
-3.5695536,0.26968193,-0.17256713,-0.79809076,0.43964329,-0.41202539,0
2.5128319,0.94425905,1.1432899,0.53088772,0.83649737,-0.13575888,0
3.1578887,0.5494616,1.5777547,0.53088772,0.83649737,-0.13575888,0
0.9414351,1.1393486,0.92467594,-0.28497273,0.32708716,0.90100205,0
0.2441597,-1.2360754,-0.47746146,0.28497273,-0.32708716,-0.90100205,0
1.6677179,-2.5045202,1.2352459,0.79809076,-0.43964329,0.41202539,0
1.3225447,-2.6688943,1.6320137,0.79809076,-0.43964329,0.41202539,0
-2.0262868,2.3779018,-0.58230698,-0.79809076,0.43964329,-0.41202539,0
-2.6353259,-0.89235497,-0.7903167,-0.53088772,-0.83649737,0.13575888,0
1.3959408,-0.5366919,-0.48319316,0.28497273,-0.32708716,-0.90100205,0
3.289696,0.15622413,0.85146189,0.79809076,-0.43964329,0.41202539,0
1.1189721,-2.9134486,1.538375,-0.53088772,-0.83649737,0.13575888,0
2.0680089,-0.93106782,-0.13904405,0.28497273,-0.32708716,-0.90100205,0
-0.00038450956,-0.5545091,1.3384326,-0.28497273,0.32708716,0.90100205,0
0.52565956,1.8659592,-0.94271153,0.53088772,0.83649737,-0.13575888,0
3.1039753,0.57550216,1.560878,0.53088772,0.83649737,-0.13575888,0
-0.95122457,2.6161742,-1.7167675,0.53088772,0.83649737,-0.13575888,0
2.9894416,-0.45142257,0.88091016,0.79809076,-0.43964329,0.41202539,0
1.1408162,-3.1238735,0.50289702,-0.53088772,-0.83649737,0.13575888,0
1.6204388,-3.206512,0.53359282,0.28497273,-0.32708716,-0.90100205,0
1.8704715,1.4747303,1.0380529,0.53088772,0.83649737,-0.13575888,0
1.6957935,-2.8047338,0.88045156,0.79809076,-0.43964329,0.41202539,0
-1.8980479,2.0803702,-1.3325363,-0.79809076,0.43964329,-0.41202539,0
-0.4570868,-1.0642104,1.3089898,-0.28497273,0.32708716,0.90100205,0
1.605287,1.4513814,-0.14894545,0.53088772,0.83649737,-0.13575888,0
1.5510985,-2.248698,1.7302235,0.79809076,-0.43964329,0.41202539,0
-2.7029259,1.3926123,-0.3783679,-0.79809076,0.43964329,-0.41202539,0
-2.8990846,-0.70164955,-0.30204034,-0.53088772,-0.83649737,0.13575888,0
-0.88762331,-1.7853401,-0.27611685,-0.53088772,-0.83649737,0.13575888,0
2.2759356,0.97811174,-0.015120387,0.53088772,0.83649737,-0.13575888,0
-0.084389448,2.262552,-0.55990964,0.53088772,0.83649737,-0.13575888,0
-0.039036989,-2.0261154,1.586241,-0.53088772,-0.83649737,0.13575888,0
-1.5085613,-1.4477835,-0.57913631,-0.53088772,-0.83649737,0.13575888,0
2.7740092,-0.090692282,1.8809924,0.79809076,-0.43964329,0.41202539,0
-0.20722985,2.5537248,-0.11915803,0.53088772,0.83649737,-0.13575888,0
-1.9686031,-0.94367135,0.5524646,-0.53088772,-0.83649737,0.13575888,0
3.2406759,0.52591795,1.574924,0.79809076,-0.43964329,0.41202539,0
-1.85007,2.368592,-0.94059169,-0.79809076,0.43964329,-0.41202539,0
-0.56757712,2.5795121,-0.57097661,0.53088772,0.83649737,-0.13575888,0
1.5534484,1.4583654,0.72309262,0.53088772,0.83649737,-0.13575888,0
2.8295643,-0.028350353,1.6087635,0.79809076,-0.43964329,0.41202539,0
-2.4800639,-0.86796546,-0.45771134,-0.53088772,-0.83649737,0.13575888,0
-2.5943804,1.0574501,-1.3675942,-0.79809076,0.43964329,-0.41202539,0
-2.0539367,-0.048617125,0.44804204,-0.28497273,0.32708716,0.90100205,0
-1.1933827,2.2213542,-2.3772957,0.28497273,-0.32708716,-0.90100205,0
2.0013895,0.9968605,-0.13653111,0.53088772,0.83649737,-0.13575888,0
-1.0982237,-1.7643139,-0.79465753,0.28497273,-0.32708716,-0.90100205,0
-1.0809026,-1.5617737,0.61006778,-0.53088772,-0.83649737,0.13575888,0
-3.0287893,0.76164162,-0.84426618,-0.79809076,0.43964329,-0.41202539,0
3.2978745,0.5315392,1.6959279,0.79809076,-0.43964329,0.41202539,0
1.5936509,1.4334455,0.44604385,0.53088772,0.83649737,-0.13575888,0
2.7190201,-0.83117688,1.2877951,0.79809076,-0.43964329,0.41202539,0
-0.96148807,1.1491805,-1.8638674,0.28497273,-0.32708716,-0.90100205,0
-1.7588367,-0.92378759,0.88048565,-0.28497273,0.32708716,0.90100205,0
1.349754,-2.7981181,1.4827543,0.79809076,-0.43964329,0.41202539,0
2.843946,-0.58100176,1.2261853,0.79809076,-0.43964329,0.41202539,0
2.2648065,-0.63432169,2.1014714,-0.28497273,0.32708716,0.90100205,0
2.6594963,0.30488545,1.8469578,-0.28497273,0.32708716,0.90100205,0
0.22030401,0.51881784,0.9596169,-0.28497273,0.32708716,0.90100205,0
1.2173276,-2.4656024,2.2796068,0.79809076,-0.43964329,0.41202539,0
2.5577302,0.81403613,0.13923955,0.53088772,0.83649737,-0.13575888,0
-1.7275463,3.0353472,-0.76669157,-0.79809076,0.43964329,-0.41202539,0
-2.6660244,0.76324415,-1.0826335,-0.79809076,0.43964329,-0.41202539,0
-2.0872941,-1.030758,0.6463809,-0.53088772,-0.83649737,0.13575888,0
2.7714615,-1.1672839,0.50703835,0.79809076,-0.43964329,0.41202539,0
2.3729551,-0.3427341,-0.27080321,0.28497273,-0.32708716,-0.90100205,0
-2.8382235,0.46118581,-1.278276,-0.79809076,0.43964329,-0.41202539,0
-1.1082397,0.7619589,-1.633925,0.28497273,-0.32708716,-0.90100205,0
-1.7072816,2.0820453,-1.6676651,-0.79809076,0.43964329,-0.41202539,0
-0.91527629,2.5008373,-2.2775927,0.53088772,0.83649737,-0.13575888,0
2.6571555,-0.94638264,0.99687624,0.79809076,-0.43964329,0.41202539,0
2.6611369,-1.6599611,0.45509315,0.79809076,-0.43964329,0.41202539,0
1.5685238,-1.9270256,2.0210834,0.79809076,-0.43964329,0.41202539,0
0.57047057,2.1154828,-0.10887149,0.53088772,0.83649737,-0.13575888,0
0.49640489,1.9548345,-0.32829154,0.53088772,0.83649737,-0.13575888,0
1.2219806,-0.57275105,-0.48196524,0.28497273,-0.32708716,-0.90100205,0
0.89408815,-1.8569934,-0.19980246,0.28497273,-0.32708716,-0.90100205,0
-1.5092636,1.9577093,-2.2692838,-0.79809076,0.43964329,-0.41202539,0
2.2421322,-0.11285758,-0.31336093,0.28497273,-0.32708716,-0.90100205,0
1.2343197,1.6867471,0.818452,-0.28497273,0.32708716,0.90100205,0
-1.7798166,-0.62514412,0.75511324,-0.28497273,0.32708716,0.90100205,0
-2.4396074,1.4659479,-1.156867,-0.79809076,0.43964329,-0.41202539,0
0.63745606,1.8046969,-1.4242172,0.53088772,0.83649737,-0.13575888,0
-1.1948928,-1.6160383,0.23151177,-0.53088772,-0.83649737,0.13575888,0
2.6879044,-1.3502405,0.68265629,0.79809076,-0.43964329,0.41202539,0
-1.3635892,-1.3654463,1.154434,-0.53088772,-0.83649737,0.13575888,0
0.058381282,-0.25056189,1.170465,-0.28497273,0.32708716,0.90100205,0
0.49768543,-2.3308237,2.0041473,-0.53088772,-0.83649737,0.13575888,0
3.2167747,-0.47461295,0.027338743,0.28497273,-0.32708716,-0.90100205,0
-2.7077057,-0.7838192,-0.62787867,-0.53088772,-0.83649737,0.13575888,0
2.2205591,1.1327881,1.1544194,0.53088772,0.83649737,-0.13575888,0
0.82439733,1.9004353,0.61687493,-0.28497273,0.32708716,0.90100205,0
0.28181529,2.1235583,-1.0416629,0.53088772,0.83649737,-0.13575888,0
1.7078555,-1.2621558,-0.11640728,0.28497273,-0.32708716,-0.90100205,0
2.6931911,-0.30611625,1.9170742,0.79809076,-0.43964329,0.41202539,0
3.5064111,0.064429998,0.055098295,0.53088772,0.83649737,-0.13575888,0
-1.9606242,1.6910943,-1.6913387,-0.79809076,0.43964329,-0.41202539,0
-3.7127838,-0.11029744,-0.35925078,-0.79809076,0.43964329,-0.41202539,0
1.8427163,-2.4173329,1.0044544,0.79809076,-0.43964329,0.41202539,0
1.2358357,1.6210976,-0.59495151,0.53088772,0.83649737,-0.13575888,0
-2.20121,-1.06844,0.078267813,-0.53088772,-0.83649737,0.13575888,0
-1.8356122,2.4412074,-0.91327488,-0.79809076,0.43964329,-0.41202539,0
1.9192917,-0.16072674,1.8196237,-0.28497273,0.32708716,0.90100205,0
0.77816439,-2.8954432,0.34460175,-0.53088772,-0.83649737,0.13575888,0
1.061995,-2.8075557,1.6233349,-0.53088772,-0.83649737,0.13575888,0
-1.9731231,1.9690938,-1.220649,-0.79809076,0.43964329,-0.41202539,0
2.281307,-2.3855853,0.3804481,0.28497273,-0.32708716,-0.90100205,0
3.3917906,0.43989551,0.62532544,0.53088772,0.83649737,-0.13575888,0
-0.3308332,2.3132048,-1.0675588,0.53088772,0.83649737,-0.13575888,0
2.9996076,-1.1507535,0.19902015,0.79809076,-0.43964329,0.41202539,0
0.39603537,-1.2124461,1.5937848,-0.28497273,0.32708716,0.90100205,0
0.18422389,-1.9897304,-0.2461081,0.28497273,-0.32708716,-0.90100205,0
-1.1529175,1.778301,0.12609839,-0.28497273,0.32708716,0.90100205,0
2.25313,-1.2697427,1.6316689,0.79809076,-0.43964329,0.41202539,0
-3.0141587,0.83918905,-0.24449348,-0.28497273,0.32708716,0.90100205,0
0.83257306,0.7634207,1.1869437,-0.28497273,0.32708716,0.90100205,0
0.64517951,1.9556594,-0.88256967,0.53088772,0.83649737,-0.13575888,0
2.4822025,0.79800683,0.35562301,0.53088772,0.83649737,-0.13575888,0
-1.7904311,1.9980606,-1.8314896,-0.79809076,0.43964329,-0.41202539,0
0.84291363,-2.6288092,1.8078084,-0.53088772,-0.83649737,0.13575888,0
-1.9789402,2.6301274,-0.77950788,-0.79809076,0.43964329,-0.41202539,0
1.0533879,-3.0744183,0.44881594,0.28497273,-0.32708716,-0.90100205,0
-2.4588587,0.87030834,-1.5952743,-0.79809076,0.43964329,-0.41202539,0
-0.074023485,-1.7783448,1.6673228,-0.28497273,0.32708716,0.90100205,0
0.75695646,-2.5394235,1.6185892,-0.53088772,-0.83649737,0.13575888,0
1.6510992,0.65165591,-0.74712956,0.28497273,-0.32708716,-0.90100205,0
0.030596256,2.222424,-1.2000041,0.53088772,0.83649737,-0.13575888,0
-3.2336965,-0.47509378,-1.6229064,-0.79809076,0.43964329,-0.41202539,0
-2.8159916,1.1556976,-0.81337476,-0.79809076,0.43964329,-0.41202539,0
-0.13986468,2.6210103,0.17073843,0.53088772,0.83649737,-0.13575888,0
-2.5885162,-0.657493,-0.073493242,-0.53088772,-0.83649737,0.13575888,0
-2.7533112,-0.31525111,-1.7939299,0.28497273,-0.32708716,-0.90100205,0
-0.1759986,-0.61648387,1.1849535,-0.28497273,0.32708716,0.90100205,0
-0.55785519,-0.47107393,-1.0275413,0.28497273,-0.32708716,-0.90100205,0
-1.0392153,1.5967414,-1.963531,0.28497273,-0.32708716,-0.90100205,0
1.935926,-2.0985081,1.0820506,0.79809076,-0.43964329,0.41202539,0
3.4430349,-0.23732281,0.16782308,0.79809076,-0.43964329,0.41202539,0
0.38259006,-2.5014384,0.85951054,-0.53088772,-0.83649737,0.13575888,0
0.28212166,2.0768666,-0.49470213,0.53088772,0.83649737,-0.13575888,0
3.4547372,-0.12337947,0.67115283,0.79809076,-0.43964329,0.41202539,0
-2.3323662,1.2496184,-1.4766062,-0.79809076,0.43964329,-0.41202539,0
1.1285524,1.4875971,-0.5767976,0.53088772,0.83649737,-0.13575888,0
2.7650881,0.50354588,-0.39802575,0.53088772,0.83649737,-0.13575888,0
-0.77260172,-1.0435202,1.2278726,-0.28497273,0.32708716,0.90100205,0
-2.4292808,1.6673845,-0.99909282,-0.79809076,0.43964329,-0.41202539,0
2.1654561,-1.9460808,1.2447062,0.79809076,-0.43964329,0.41202539,0
-0.035445452,-2.2324567,0.80352676,-0.53088772,-0.83649737,0.13575888,0
1.0584228,0.0608778,1.493407,-0.28497273,0.32708716,0.90100205,0
-2.7692327,-0.73284084,-0.99064398,-0.53088772,-0.83649737,0.13575888,0
-0.69747007,2.4434257,-1.8673822,0.53088772,0.83649737,-0.13575888,0
-2.5072589,0.54399657,0.16679573,-0.28497273,0.32708716,0.90100205,0
-0.61455405,1.347152,-1.8441678,0.28497273,-0.32708716,-0.90100205,0
2.1424012,-0.75054175,1.9614131,-0.28497273,0.32708716,0.90100205,0
-2.4194922,0.75080532,-1.8665078,-0.79809076,0.43964329,-0.41202539,0
2.4652896,-0.7995919,1.8761024,0.79809076,-0.43964329,0.41202539,0
3.2340884,-0.47376788,0.73979354,0.79809076,-0.43964329,0.41202539,0
-0.87988102,2.0693014,0.10431218,-0.28497273,0.32708716,0.90100205,0
-0.6231277,1.1282884,0.60365582,-0.28497273,0.32708716,0.90100205,0
0.78625798,-2.6065395,2.3638132,-0.53088772,-0.83649737,0.13575888,0
-2.4731069,-0.06419754,0.30225635,-0.28497273,0.32708716,0.90100205,0
3.4399595,0.15177834,0.70646739,0.79809076,-0.43964329,0.41202539,0
2.109071,-1.9104972,1.3691413,0.79809076,-0.43964329,0.41202539,0
-2.2953787,-0.62875628,0.53113329,-0.28497273,0.32708716,0.90100205,0
-1.4390659,-1.4954544,-1.1035389,0.28497273,-0.32708716,-0.90100205,0
-0.052254438,1.4150416,-1.6547635,0.28497273,-0.32708716,-0.90100205,0
-0.8070538,2.4543815,-2.0568964,0.53088772,0.83649737,-0.13575888,0
-2.4735274,-0.83131993,0.48747361,-0.53088772,-0.83649737,0.13575888,0
-1.1498777,0.24369437,-1.4900291,0.28497273,-0.32708716,-0.90100205,0
-1.7455637,2.8186936,-0.68890405,-0.79809076,0.43964329,-0.41202539,0
1.7965796,-1.6196145,2.1314945,0.79809076,-0.43964329,0.41202539,0
-3.1626821,-0.10825312,-1.2170856,-0.79809076,0.43964329,-0.41202539,0
-1.7566223,2.2519839,-1.6998512,-0.79809076,0.43964329,-0.41202539,0
1.6486678,-2.8355672,1.2003924,0.79809076,-0.43964329,0.41202539,0
1.8616053,-0.34367967,1.8955019,-0.28497273,0.32708716,0.90100205,0
-0.90921962,-1.6398613,0.49108094,-0.53088772,-0.83649737,0.13575888,0
-1.7343614,1.3369895,-2.2460139,0.28497273,-0.32708716,-0.90100205,0
-1.1725585,3.0033729,-0.66012704,0.53088772,0.83649737,-0.13575888,0
2.4906456,-0.29935771,1.916963,0.79809076,-0.43964329,0.41202539,0
0.73689437,1.8023233,-0.1176385,0.53088772,0.83649737,-0.13575888,0
-1.1777177,2.9205904,-1.5698893,0.53088772,0.83649737,-0.13575888,0
-0.1414454,2.3808558,-0.67899418,0.53088772,0.83649737,-0.13575888,0
-1.0922178,0.36656344,0.69829923,-0.28497273,0.32708716,0.90100205,0
-1.6878364,-0.79472232,-1.2640984,0.28497273,-0.32708716,-0.90100205,0
3.4079049,-0.22567701,0.38548732,0.79809076,-0.43964329,0.41202539,0
3.3136134,0.25646186,0.24560523,0.53088772,0.83649737,-0.13575888,0
1.2076037,-3.0619917,1.2538531,-0.53088772,-0.83649737,0.13575888,0
-2.3147297,-0.9858532,-0.33055139,-0.53088772,-0.83649737,0.13575888,0
-0.76634711,0.34505174,-1.3958204,0.28497273,-0.32708716,-0.90100205,0
-0.95215815,-0.77409583,0.9788264,-0.28497273,0.32708716,0.90100205,0
0.75394773,1.7469374,-1.0572048,0.53088772,0.83649737,-0.13575888,0
-2.0466683,2.3671663,-0.8667835,-0.79809076,0.43964329,-0.41202539,0
2.387218,0.86500365,0.55222082,0.53088772,0.83649737,-0.13575888,0
2.263082,-0.81558269,1.9114286,0.79809076,-0.43964329,0.41202539,0
-2.4902847,1.9147213,-0.60853028,-0.79809076,0.43964329,-0.41202539,0
2.4404178,0.65435517,1.6283461,-0.28497273,0.32708716,0.90100205,0
2.3582783,-1.944869,0.86635065,0.79809076,-0.43964329,0.41202539,0
-0.0016188323,0.58406717,-1.2690363,0.28497273,-0.32708716,-0.90100205,0
1.3156593,-1.3695545,-0.14445364,0.28497273,-0.32708716,-0.90100205,0
-0.63699543,1.4924015,0.30236602,-0.28497273,0.32708716,0.90100205,0
3.4959867,0.20901489,0.30622315,0.53088772,0.83649737,-0.13575888,0
-0.55316019,2.548389,-0.78317446,0.53088772,0.83649737,-0.13575888,0
-1.278518,2.0508075,-0.077152491,-0.28497273,0.32708716,0.90100205,0
-0.88700533,2.7154562,-1.9103456,0.53088772,0.83649737,-0.13575888,0
0.41031712,0.34195089,1.0096759,-0.28497273,0.32708716,0.90100205,0
-2.2219377,-1.0178382,-0.57929718,-0.53088772,-0.83649737,0.13575888,0
0.53201377,-2.5485244,1.8125215,-0.53088772,-0.83649737,0.13575888,0
0.41905123,-1.3248521,1.6396867,-0.28497273,0.32708716,0.90100205,0
-0.60328078,2.6521423,-0.77196002,0.53088772,0.83649737,-0.13575888,0
1.3401793,1.5103726,-0.31704098,0.53088772,0.83649737,-0.13575888,0
-2.222892,2.1433468,-0.75712645,-0.79809076,0.43964329,-0.41202539,0
-2.1404293,1.5764014,-1.4104186,-0.79809076,0.43964329,-0.41202539,0
0.038655758,2.2954936,-0.087669909,0.53088772,0.83649737,-0.13575888,0
2.0902388,-1.6564881,1.2554507,0.79809076,-0.43964329,0.41202539,0
0.21080756,-2.403712,0.066234887,-0.53088772,-0.83649737,0.13575888,0
2.952579,0.17146671,1.8429772,0.79809076,-0.43964329,0.41202539,0
-3.163949,0.75836563,-0.34507227,-0.79809076,0.43964329,-0.41202539,0
-0.23182678,-2.0530956,1.3142236,-0.53088772,-0.83649737,0.13575888,0
0.88742566,1.9455023,0.51166463,0.53088772,0.83649737,-0.13575888,0
-0.99057448,-1.193907,1.1241115,-0.28497273,0.32708716,0.90100205,0
2.4573092,-1.7813081,0.44117308,0.79809076,-0.43964329,0.41202539,0
2.6262307,0.81671083,0.98884213,0.53088772,0.83649737,-0.13575888,0
2.6608257,-0.43514347,1.4924282,0.79809076,-0.43964329,0.41202539,0
-2.8952029,0.95871544,-0.56436753,-0.79809076,0.43964329,-0.41202539,0
0.39139593,0.18128413,1.1517222,-0.28497273,0.32708716,0.90100205,0
-2.4977782,1.780143,-0.59620237,-0.79809076,0.43964329,-0.41202539,0
2.355927,0.39631557,-0.59244454,0.28497273,-0.32708716,-0.90100205,0
-1.8787645,2.730962,-0.39492929,-0.28497273,0.32708716,0.90100205,0
1.0228798,1.9709446,0.74571127,-0.28497273,0.32708716,0.90100205,0
-2.248718,2.0828042,-0.43794703,-0.28497273,0.32708716,0.90100205,0
-1.9981656,2.6740084,-0.57869744,-0.79809076,0.43964329,-0.41202539,0
-1.0291599,-1.2935281,1.3017139,-0.28497273,0.32708716,0.90100205,0
0.3088932,-1.2069526,-0.53034765,0.28497273,-0.32708716,-0.90100205,0
1.825527,1.4491906,1.0681206,0.53088772,0.83649737,-0.13575888,0
-0.62090337,-1.179684,-0.78601062,0.28497273,-0.32708716,-0.90100205,0
-3.5004611,-0.23984182,-0.97369623,-0.79809076,0.43964329,-0.41202539,0
-2.4377763,1.8613271,-0.35287452,-0.28497273,0.32708716,0.90100205,0
-2.1021423,1.1278999,-2.1112573,-0.79809076,0.43964329,-0.41202539,0
2.9912424,-0.15096653,1.3062482,0.79809076,-0.43964329,0.41202539,0
-2.2834682,1.9907668,-0.81764424,-0.79809076,0.43964329,-0.41202539,0
-1.8741107,-1.2755343,-0.61992371,-0.53088772,-0.83649737,0.13575888,0
-0.097755909,-2.1193972,1.2366149,-0.53088772,-0.83649737,0.13575888,0
0.43979275,-1.1801305,1.7268128,-0.28497273,0.32708716,0.90100205,0
2.2527134,-1.3413976,1.6218874,0.79809076,-0.43964329,0.41202539,0
-2.7319422,-0.68974048,-0.79347491,-0.53088772,-0.83649737,0.13575888,0
-0.99787021,2.9223754,-0.28404403,0.53088772,0.83649737,-0.13575888,0
-0.34474778,-1.2669657,1.5027385,-0.28497273,0.32708716,0.90100205,0
-0.81211782,2.7552862,-0.39938027,0.53088772,0.83649737,-0.13575888,0
1.8410542,-2.7676268,0.53077209,0.28497273,-0.32708716,-0.90100205,0
-1.810171,2.9333713,-0.74893689,-0.79809076,0.43964329,-0.41202539,0
-0.95469373,-0.32260099,-1.2661146,0.28497273,-0.32708716,-0.90100205,0
0.16877949,0.38877875,1.0894042,-0.28497273,0.32708716,0.90100205,0
2.355787,-0.11407591,1.9756118,-0.28497273,0.32708716,0.90100205,0
3.2299266,-0.34963655,0.8447206,0.79809076,-0.43964329,0.41202539,0
1.9333081,-1.2429852,2.0764794,0.79809076,-0.43964329,0.41202539,0
2.1408412,-0.96184564,-0.01756525,0.28497273,-0.32708716,-0.90100205,0
0.76630926,0.37304574,1.2847556,-0.28497273,0.32708716,0.90100205,0
-1.9180279,1.5369161,-0.13516676,-0.28497273,0.32708716,0.90100205,0
-1.2120781,-1.6833709,-0.27681518,-0.53088772,-0.83649737,0.13575888,0
-0.95656443,-1.8655558,-0.53277814,-0.53088772,-0.83649737,0.13575888,0
2.1183107,0.1384182,-0.4332912,0.28497273,-0.32708716,-0.90100205,0
-0.16010642,2.5229917,0.11880744,0.53088772,0.83649737,-0.13575888,0
2.3272295,-1.747576,0.21172166,0.28497273,-0.32708716,-0.90100205,0
-0.52673256,-0.13018882,1.0524133,-0.28497273,0.32708716,0.90100205,0
-2.5116947,0.36623511,-1.9638216,0.28497273,-0.32708716,-0.90100205,0
-0.07523489,-1.8256724,-0.45810804,0.28497273,-0.32708716,-0.90100205,0
2.4414172,-0.42835879,-0.22606182,0.28497273,-0.32708716,-0.90100205,0
2.7122383,0.66236091,-0.47496867,0.53088772,0.83649737,-0.13575888,0
-0.85434699,2.8514795,-0.44755411,0.53088772,0.83649737,-0.13575888,0
-1.454439,1.439249,-2.1660929,0.28497273,-0.32708716,-0.90100205,0
-2.502424,0.88984942,0.06649065,-0.28497273,0.32708716,0.90100205,0
2.2627664,-1.9623458,0.79907393,0.79809076,-0.43964329,0.41202539,0
2.1108701,-1.9502878,1.3148485,0.79809076,-0.43964329,0.41202539,0
1.207629,-2.4310231,2.2640529,0.79809076,-0.43964329,0.41202539,0
3.4130752,0.049289942,0.7085588,0.79809076,-0.43964329,0.41202539,0
-0.71484303,2.5252979,-1.6548426,0.53088772,0.83649737,-0.13575888,0
1.9713809,-2.5602522,0.66115355,0.79809076,-0.43964329,0.41202539,0
-2.05722,0.46038139,-2.0218062,0.28497273,-0.32708716,-0.90100205,0
0.87471414,-1.1818558,1.7801812,-0.28497273,0.32708716,0.90100205,0
0.4355371,1.7554016,-1.5205648,0.53088772,0.83649737,-0.13575888,0
0.62184739,-2.6024301,-0.0063949823,0.28497273,-0.32708716,-0.90100205,0
-3.1077728,-0.47331667,-1.9651021,-0.79809076,0.43964329,-0.41202539,0
1.3630205,-0.95045388,-0.34501004,0.28497273,-0.32708716,-0.90100205,0
-1.063157,0.66039622,0.53332251,-0.28497273,0.32708716,0.90100205,0
1.9441738,-2.769794,0.44326437,0.28497273,-0.32708716,-0.90100205,0
2.9337656,-0.37844813,1.4267788,0.79809076,-0.43964329,0.41202539,0
1.4223241,-1.2667897,2.0348496,-0.28497273,0.32708716,0.90100205,0
0.79191923,1.8276447,-0.63599676,0.53088772,0.83649737,-0.13575888,0
-0.57359135,-1.4988766,-0.81726182,0.28497273,-0.32708716,-0.90100205,0
2.259409,1.2021513,1.2904896,0.53088772,0.83649737,-0.13575888,0
-1.4669312,2.1844203,-2.0395136,-0.79809076,0.43964329,-0.41202539,0
-0.17481613,2.3921347,-0.09644717,0.53088772,0.83649737,-0.13575888,0
-0.72332776,1.8833871,0.18721861,-0.28497273,0.32708716,0.90100205,0
1.0089242,-2.857657,1.2480258,-0.53088772,-0.83649737,0.13575888,0
3.1819317,-0.46174383,0.55969167,0.79809076,-0.43964329,0.41202539,0
1.0928948,1.6754212,0.34957457,0.53088772,0.83649737,-0.13575888,0
-0.91233659,1.801065,0.2488547,-0.28497273,0.32708716,0.90100205,0
-2.7723782,-0.92080712,-1.3828802,-0.53088772,-0.83649737,0.13575888,0
-2.906848,-0.64774287,-0.26671004,-0.53088772,-0.83649737,0.13575888,0
2.3567982,-1.0602715,1.7076119,0.79809076,-0.43964329,0.41202539,0
-3.2433739,-0.52222586,-1.6444414,-0.53088772,-0.83649737,0.13575888,0
1.0577929,0.81267262,-1.1605011,0.28497273,-0.32708716,-0.90100205,0
0.76136214,-0.064073086,-0.76944113,0.28497273,-0.32708716,-0.90100205,0
1.3691411,-3.1470635,0.46329474,-0.53088772,-0.83649737,0.13575888,0
-0.093916655,2.4001524,-0.23523583,0.53088772,0.83649737,-0.13575888,0
-1.7331083,3.0861173,-0.53841496,-0.79809076,0.43964329,-0.41202539,0
2.5093081,-1.6880375,0.73793435,0.79809076,-0.43964329,0.41202539,0
-2.787751,1.4091802,-0.48224688,-0.79809076,0.43964329,-0.41202539,0
-0.9330585,1.5309738,0.22846383,-0.28497273,0.32708716,0.90100205,0
1.1643515,-2.8321462,2.0755851,0.79809076,-0.43964329,0.41202539,0
0.29760814,-2.4469523,0.30589926,-0.53088772,-0.83649737,0.13575888,0
-0.49432975,-0.55584365,1.0952468,-0.28497273,0.32708716,0.90100205,0
2.3152292,-1.035944,1.6227891,0.79809076,-0.43964329,0.41202539,0
0.81363142,-0.98069024,-0.48193818,0.28497273,-0.32708716,-0.90100205,0
-0.44846988,2.3100972,0.22648612,-0.28497273,0.32708716,0.90100205,0
3.1432779,-0.45323479,0.8539443,0.79809076,-0.43964329,0.41202539,0
0.94971728,1.9002492,0.20640022,0.53088772,0.83649737,-0.13575888,0
2.1555524,1.2177063,0.6048249,0.53088772,0.83649737,-0.13575888,0
-2.2593598,0.28679374,-1.9936315,0.28497273,-0.32708716,-0.90100205,0
-3.1778362,-0.019837022,-1.0815296,-0.79809076,0.43964329,-0.41202539,0
2.1971712,0.91173542,1.4219534,-0.28497273,0.32708716,0.90100205,0
-1.7536062,-1.2338591,0.19531906,-0.53088772,-0.83649737,0.13575888,0
-2.1207347,1.7013972,-1.4026331,-0.79809076,0.43964329,-0.41202539,0
-2.5584862,-0.79030442,-1.5298914,0.28497273,-0.32708716,-0.90100205,0
2.7782736,-1.2241031,0.80268598,0.79809076,-0.43964329,0.41202539,0
-1.1441233,2.8512888,-1.6834667,0.53088772,0.83649737,-0.13575888,0
-1.9263793,0.17515334,-1.7012148,0.28497273,-0.32708716,-0.90100205,0
-3.4780173,0.38248444,-0.13777781,-0.79809076,0.43964329,-0.41202539,0
0.48400599,0.79138887,-1.175321,0.28497273,-0.32708716,-0.90100205,0
1.3859645,-1.0249059,1.8937268,-0.28497273,0.32708716,0.90100205,0
-0.65473509,-1.9249681,0.98610318,-0.53088772,-0.83649737,0.13575888,0
-1.2230029,2.9049888,-1.148785,0.53088772,0.83649737,-0.13575888,0
1.7062653,-1.6660285,2.1385584,0.79809076,-0.43964329,0.41202539,0
-0.29876947,-0.90964139,1.4276637,-0.28497273,0.32708716,0.90100205,0
-1.6083336,-1.3854852,0.30922341,-0.53088772,-0.83649737,0.13575888,0
-2.2053576,-0.95864767,0.085111499,-0.53088772,-0.83649737,0.13575888,0
-3.4650784,-0.36517036,-0.80887103,-0.79809076,0.43964329,-0.41202539,0
2.8786228,-0.44500887,1.0072229,0.79809076,-0.43964329,0.41202539,0
2.8322716,0.73086476,0.22428775,0.53088772,0.83649737,-0.13575888,0
1.3184404,-2.8514729,1.7846649,0.79809076,-0.43964329,0.41202539,0
-2.8079467,1.3815787,-0.45726109,-0.79809076,0.43964329,-0.41202539,0
0.28708863,2.0990438,-1.3081653,0.53088772,0.83649737,-0.13575888,0
1.9527547,-1.7414894,1.4589688,0.79809076,-0.43964329,0.41202539,0
3.3002944,-0.55610418,0.52322507,0.79809076,-0.43964329,0.41202539,0
0.99161851,-2.6962185,2.0344365,-0.53088772,-0.83649737,0.13575888,0
-3.2178245,0.43276072,-0.69809246,-0.79809076,0.43964329,-0.41202539,0
-1.9296646,2.7451243,-0.5328064,-0.79809076,0.43964329,-0.41202539,0
-0.049101591,2.4497166,-0.0018142164,0.53088772,0.83649737,-0.13575888,0
-3.3707089,0.1482203,-0.56056666,-0.79809076,0.43964329,-0.41202539,0
1.7261441,-0.43027413,-0.49217427,0.28497273,-0.32708716,-0.90100205,0
-1.3644915,3.1902659,-0.70102108,0.53088772,0.83649737,-0.13575888,0
0.0026695728,-2.4522438,-0.1944219,-0.53088772,-0.83649737,0.13575888,0
-2.8954198,-0.13120583,-1.8395456,-0.79809076,0.43964329,-0.41202539,0
-1.0115639,-0.77194595,-1.0591339,0.28497273,-0.32708716,-0.90100205,0
-1.9451466,1.3602055,-1.9468387,-0.79809076,0.43964329,-0.41202539,0
2.7873635,0.65783966,0.25605512,0.53088772,0.83649737,-0.13575888,0
-2.8963802,1.2317919,-0.58886147,-0.79809076,0.43964329,-0.41202539,0
1.3726767,-0.57803148,1.8397284,-0.28497273,0.32708716,0.90100205,0
1.3192784,-2.2216814,0.053857207,0.28497273,-0.32708716,-0.90100205,0
-0.73552459,1.3939816,0.35232151,-0.28497273,0.32708716,0.90100205,0
2.5535369,0.40549254,-0.47069311,0.28497273,-0.32708716,-0.90100205,0
-2.742331,0.93421543,-0.92151332,-0.79809076,0.43964329,-0.41202539,0
