0.79297042,-0.052274108,2.6742427,-0.054641128,-0.23068643,0.97149277,0
3.4954734,2.2203476,0.21347952,0.70490146,0.68018281,0.20116019,0
0.13696003,-0.34144393,-2.6812363,0.054641128,0.23068643,-0.97149277,0
-1.4881743,0.18692076,-1.4129801,-0.70719761,0.69579828,0.12544516,0
-1.2022185,0.55094886,-1.2394609,-0.70719761,0.69579828,0.12544516,0
-1.9556681,-1.684858,2.1246493,-0.054641128,-0.23068643,0.97149277,0
0.74630392,-0.84716856,1.3299909,0.70719761,-0.69579828,-0.12544516,0
2.5038087,1.2280443,-0.40189803,0.70719761,-0.69579828,-0.12544516,0
-2.3583503,-2.760643,-2.0668411,-0.70490146,-0.68018281,-0.20116019,0
2.125504,3.7292464,-0.80787444,-0.70719761,0.69579828,0.12544516,0
-0.23147154,1.0125251,0.92261779,-0.70719761,0.69579828,0.12544516,0
1.7451029,2.6962008,2.8309352,-0.70719761,0.69579828,0.12544516,0
-2.1371477,-3.5733716,-0.11569309,-0.70490146,-0.68018281,-0.20116019,0
3.4788041,2.5250187,-1.8655598,0.054641128,0.23068643,-0.97149277,0
-2.2072592,-3.3397367,-0.80632687,-0.70490146,-0.68018281,-0.20116019,0
3.209089,1.9930273,1.9926066,0.70490146,0.68018281,0.20116019,0
-2.7129116,-2.8031359,-0.41841602,-0.70490146,-0.68018281,-0.20116019,0
2.8271642,3.2749994,-0.72870255,0.70490146,0.68018281,0.20116019,0
2.9945364,0.95014465,2.9389439,0.70719761,-0.69579828,-0.12544516,0
1.632949,-0.094847798,1.9620082,0.70719761,-0.69579828,-0.12544516,0
-2.9742889,-2.3044057,-1.933372,-0.70490146,-0.68018281,-0.20116019,0
1.2028222,1.7193925,3.0720954,-0.054641128,-0.23068643,0.97149277,0
-2.9282374,-1.2820909,-1.657114,-0.70719761,0.69579828,0.12544516,0
-1.0331464,-1.9265461,-2.5311944,0.70719761,-0.69579828,-0.12544516,0
-1.4919394,-2.9230151,-0.40507269,0.70719761,-0.69579828,-0.12544516,0
3.4735184,1.7244231,1.594233,0.70719761,-0.69579828,-0.12544516,0
-0.61256254,-1.38463,2.1913569,-0.054641128,-0.23068643,0.97149277,0
1.9870887,1.642364,3.0571816,-0.054641128,-0.23068643,0.97149277,0
-2.8420641,-3.2998009,0.9762857,-0.70490146,-0.68018281,-0.20116019,0
2.4025047,3.6580491,-1.2483208,0.70490146,0.68018281,0.20116019,0
2.280036,2.8726397,1.7519779,0.70490146,0.68018281,0.20116019,0
-1.2813168,-0.098459184,0.5296371,-0.70719761,0.69579828,0.12544516,0
2.3283367,3.4891908,0.059370518,0.70490146,0.68018281,0.20116019,0
0.31785297,0.26839459,-2.4102592,0.054641128,0.23068643,-0.97149277,0
0.28131723,-0.11066869,-2.4934177,0.054641128,0.23068643,-0.97149277,0
3.4872513,2.2664433,-0.40869832,0.70490146,0.68018281,0.20116019,0
1.0429554,0.51828504,2.7358763,-0.054641128,-0.23068643,0.97149277,0
3.4034572,2.0490696,1.3297231,0.70490146,0.68018281,0.20116019,0
-1.1542431,-2.4691701,-1.1047707,0.70719761,-0.69579828,-0.12544516,0
1.0810856,-0.31553829,-0.32465008,0.70719761,-0.69579828,-0.12544516,0
-1.0743816,-2.3943722,-0.89030743,0.70719761,-0.69579828,-0.12544516,0
2.4864151,1.1701144,0.077926397,0.70719761,-0.69579828,-0.12544516,0
0.5097335,1.7167113,0.81527913,-0.70719761,0.69579828,0.12544516,0
3.0661876,3.1025891,-1.6512768,0.054641128,0.23068643,-0.97149277,0
0.56066132,2.2145519,-0.59242296,-0.70719761,0.69579828,0.12544516,0
1.0679438,-0.53622532,1.5894685,0.70719761,-0.69579828,-0.12544516,0
2.7370772,2.0374041,3.1416252,0.70490146,0.68018281,0.20116019,0
2.4370306,3.4546278,0.14780998,0.70490146,0.68018281,0.20116019,0
-0.16880989,-0.043507218,-2.6767979,0.054641128,0.23068643,-0.97149277,0
1.2771165,2.290416,2.0483401,-0.70719761,0.69579828,0.12544516,0
-0.12170792,-0.37986338,2.539516,-0.054641128,-0.23068643,0.97149277,0
-0.047197342,-0.93017781,-2.7028065,0.70719761,-0.69579828,-0.12544516,0
0.16196871,0.55681741,-2.4849174,0.054641128,0.23068643,-0.97149277,0
1.0158389,2.6094334,-1.2231349,-0.70719761,0.69579828,0.12544516,0
0.50423467,-0.90940845,0.28323084,0.70719761,-0.69579828,-0.12544516,0
-0.52573013,-2.2149956,1.7785292,0.70719761,-0.69579828,-0.12544516,0
-2.9022367,-2.7753248,-0.59656,-0.70490146,-0.68018281,-0.20116019,0
0.88730627,2.477591,-0.85617399,-0.70719761,0.69579828,0.12544516,0
-3.4834619,-2.4405429,0.20946598,-0.70490146,-0.68018281,-0.20116019,0
-3.1847773,-2.3923893,-0.66245151,-0.70490146,-0.68018281,-0.20116019,0
0.306445,-0.91110903,-0.90599185,0.70719761,-0.69579828,-0.12544516,0
0.85230875,2.3152194,-0.23881507,-0.70719761,0.69579828,0.12544516,0
0.56576186,1.8048627,0.79579878,-0.70719761,0.69579828,0.12544516,0
1.2749484,2.6300058,0.28484488,-0.70719761,0.69579828,0.12544516,0
2.3286972,2.568711,2.8479962,0.70490146,0.68018281,0.20116019,0
0.82490671,1.9259012,-2.0671871,0.054641128,0.23068643,-0.97149277,0
-3.1221986,-2.284539,-1.6036,-0.70490146,-0.68018281,-0.20116019,0
0.41259956,1.6950316,1.1475729,-0.70719761,0.69579828,0.12544516,0
3.0558879,2.5666366,0.70276833,0.70490146,0.68018281,0.20116019,0
1.0874543,-0.54480362,2.5340166,-0.054641128,-0.23068643,0.97149277,0
-2.6183479,-3.3978398,0.36316252,-0.70490146,-0.68018281,-0.20116019,0
0.11074066,-1.7157397,2.1007967,0.70719761,-0.69579828,-0.12544516,0
0.15419227,-1.2815144,-0.46094024,0.70719761,-0.69579828,-0.12544516,0
-0.42870784,1.3928854,-1.5442748,-0.70719761,0.69579828,0.12544516,0
-3.3405046,-2.6672316,0.82030416,-0.70490146,-0.68018281,-0.20116019,0
-1.199234,-1.0438508,-2.9761438,0.054641128,0.23068643,-0.97149277,0
3.0021207,3.285049,-1.3179469,0.70490146,0.68018281,0.20116019,0
-0.84225214,-1.0329183,2.3308425,-0.054641128,-0.23068643,0.97149277,0
1.186679,2.0672314,-2.0484433,0.054641128,0.23068643,-0.97149277,0
-2.5840628,-2.3815966,-2.3592405,-0.70490146,-0.68018281,-0.20116019,0
-0.089673042,-1.2407393,-2.0123601,0.70719761,-0.69579828,-0.12544516,0
-2.8242223,-2.643676,-1.3157814,-0.70490146,-0.68018281,-0.20116019,0
2.7311394,1.2954199,-0.48744416,0.70719761,-0.69579828,-0.12544516,0
1.5816095,-0.23781884,1.7698951,0.70719761,-0.69579828,-0.12544516,0
-0.037719011,-0.30744338,-2.6935344,0.054641128,0.23068643,-0.97149277,0
1.7582371,2.9450119,0.95845604,-0.70719761,0.69579828,0.12544516,0
2.7605329,3.1876221,-0.53598905,0.70490146,0.68018281,0.20116019,0
2.5118213,3.4429097,-0.18565559,0.70490146,0.68018281,0.20116019,0
0.92452407,0.97851324,2.7839694,-0.054641128,-0.23068643,0.97149277,0
-2.521172,-3.3512058,0.12848425,-0.70490146,-0.68018281,-0.20116019,0
2.6095512,2.1379709,-1.9227529,0.054641128,0.23068643,-0.97149277,0
-1.6069214,-0.80638033,-2.911273,0.054641128,0.23068643,-0.97149277,0
-1.8561878,-0.65553677,0.53152019,-0.70719761,0.69579828,0.12544516,0
-2.4138186,-2.4581103,1.7900842,-0.054641128,-0.23068643,0.97149277,0
2.6550579,3.500267,-1.1056299,0.70490146,0.68018281,0.20116019,0
2.0572927,2.3088498,-1.9068623,0.054641128,0.23068643,-0.97149277,0
-2.4883263,-3.2121346,-0.56893921,-0.70490146,-0.68018281,-0.20116019,0
2.3683553,2.7594423,-1.8759634,0.054641128,0.23068643,-0.97149277,0
-3.038079,-2.7025483,-0.2824769,-0.70490146,-0.68018281,-0.20116019,0
-2.7956781,-3.3465829,1.0215552,-0.70490146,-0.68018281,-0.20116019,0
1.8349875,0.052787304,1.8119898,0.70719761,-0.69579828,-0.12544516,0
-1.246297,-2.8653107,1.0482361,0.70719761,-0.69579828,-0.12544516,0
0.28603673,0.30388439,-2.460865,0.054641128,0.23068643,-0.97149277,0
-1.0872725,-2.7855361,1.4490668,0.70719761,-0.69579828,-0.12544516,0
1.5627385,3.1510231,-0.78433609,-0.70719761,0.69579828,0.12544516,0
2.5755239,2.4575167,-1.7535428,0.054641128,0.23068643,-0.97149277,0
-3.0965717,-1.4359249,-0.83520103,-0.70719761,0.69579828,0.12544516,0
3.4612727,1.8626335,1.4084432,0.70490146,0.68018281,0.20116019,0
0.059207201,-1.8025703,1.7302475,0.70719761,-0.69579828,-0.12544516,0
-2.4964883,-2.4982049,1.9176277,-0.054641128,-0.23068643,0.97149277,0
1.5362518,2.6456375,2.353575,-0.70719761,0.69579828,0.12544516,0
-0.66536158,0.79227698,-0.95238531,-0.70719761,0.69579828,0.12544516,0
-2.5324047,-1.4606345,-2.9852493,0.054641128,0.23068643,-0.97149277,0
-1.6084418,-1.7863871,2.1020851,-0.054641128,-0.23068643,0.97149277,0
2.8948028,3.2974949,-1.5715387,0.054641128,0.23068643,-0.97149277,0
-0.01550138,-1.3443246,-1.0396916,0.70719761,-0.69579828,-0.12544516,0
-0.36056495,-1.3277197,2.3007867,-0.054641128,-0.23068643,0.97149277,0
-2.0596905,-3.0063567,1.7032542,-0.054641128,-0.23068643,0.97149277,0
-0.030472994,0.38708812,-2.3947594,0.054641128,0.23068643,-0.97149277,0
2.6646795,2.4616771,2.7002065,0.70490146,0.68018281,0.20116019,0
2.9463975,1.9308494,3.1057568,0.70490146,0.68018281,0.20116019,0
1.4508518,2.670311,1.1478646,-0.70719761,0.69579828,0.12544516,0
1.0324517,1.8438793,-2.123625,0.054641128,0.23068643,-0.97149277,0
-1.2610037,0.091092825,0.36162132,-0.70719761,0.69579828,0.12544516,0
-0.62961185,0.39972746,1.5520049,-0.70719761,0.69579828,0.12544516,0
-2.5912819,-1.61325,1.7812235,-0.70719761,0.69579828,0.12544516,0
-2.1042137,-3.4382241,-0.99552965,-0.70490146,-0.68018281,-0.20116019,0
2.7525089,2.1177948,3.1501107,-0.054641128,-0.23068643,0.97149277,0
-2.8291976,-3.141813,1.1241586,-0.70490146,-0.68018281,-0.20116019,0
1.7882206,0.63197339,2.834281,-0.054641128,-0.23068643,0.97149277,0
1.2992625,1.512666,3.091779,-0.054641128,-0.23068643,0.97149277,0
-0.26825476,-0.56713331,2.3955367,-0.054641128,-0.23068643,0.97149277,0
-0.87129569,-1.8393198,-3.0087276,0.054641128,0.23068643,-0.97149277,0
2.4626708,1.3580624,-1.6199402,0.70719761,-0.69579828,-0.12544516,0
2.6475599,2.737366,1.0033014,0.70490146,0.68018281,0.20116019,0
1.535557,2.6441283,2.3309247,-0.70719761,0.69579828,0.12544516,0
-3.1828287,-1.8220963,-2.6440701,-0.70490146,-0.68018281,-0.20116019,0
0.40879416,-0.61023933,-1.569967,0.70719761,-0.69579828,-0.12544516,0
0.66464972,0.49647573,2.7509618,-0.054641128,-0.23068643,0.97149277,0
-3.171572,-2.7195866,0.70224214,-0.70490146,-0.68018281,-0.20116019,0
1.1713753,-0.03325361,-0.52019221,0.70719761,-0.69579828,-0.12544516,0
0.26832792,-1.0866255,-0.5576272,0.70719761,-0.69579828,-0.12544516,0
3.5258102,2.3699493,-0.97500086,0.70490146,0.68018281,0.20116019,0
0.099112272,1.5898318,-2.1079059,0.054641128,0.23068643,-0.97149277,0
-1.4808043,-2.9072723,-0.9091723,0.70719761,-0.69579828,-0.12544516,0
-2.4287422,-3.6237102,0.42717648,-0.70490146,-0.68018281,-0.20116019,0
0.67424804,-0.7443881,-0.52717543,0.70719761,-0.69579828,-0.12544516,0
3.4859746,2.0758362,0.27603292,0.70490146,0.68018281,0.20116019,0
-3.3649631,-1.7608343,-1.7337141,-0.70719761,0.69579828,0.12544516,0
2.8254733,1.4948957,3.1483254,-0.054641128,-0.23068643,0.97149277,0
2.2803164,3.0227253,1.437603,0.70490146,0.68018281,0.20116019,0
2.7565026,3.2745976,-0.481529,0.70490146,0.68018281,0.20116019,0
-1.9604759,-1.2751236,2.0857646,-0.054641128,-0.23068643,0.97149277,0
-0.011531502,1.5032897,0.16713119,-0.70719761,0.69579828,0.12544516,0
3.3642399,1.953935,1.1097217,0.70490146,0.68018281,0.20116019,0
2.3682203,2.5590506,2.9209704,0.70490146,0.68018281,0.20116019,0
2.0759425,0.791228,-0.64303172,0.70719761,-0.69579828,-0.12544516,0
2.4422894,2.9126847,1.3548975,0.70490146,0.68018281,0.20116019,0
1.1924334,2.0040245,3.1392491,-0.054641128,-0.23068643,0.97149277,0
-0.29304218,-1.1755947,-2.6441016,0.70719761,-0.69579828,-0.12544516,0
0.63917875,1.1024153,-2.3091283,0.054641128,0.23068643,-0.97149277,0
-0.78707755,0.044284999,2.5499969,-0.054641128,-0.23068643,0.97149277,0
-0.16337359,0.92986238,1.8751379,-0.70719761,0.69579828,0.12544516,0
-0.082546413,-1.5449224,-0.5238831,0.70719761,-0.69579828,-0.12544516,0
0.23912096,1.4686832,0.37712669,-0.70719761,0.69579828,0.12544516,0
2.6523485,3.429642,-1.5808771,0.054641128,0.23068643,-0.97149277,0
-1.7338443,-3.337779,0.48698092,0.70719761,-0.69579828,-0.12544516,0
-1.4573839,-0.15148604,1.1238874,-0.70719761,0.69579828,0.12544516,0
-0.79215479,-1.6789354,2.1663585,-0.054641128,-0.23068643,0.97149277,0
3.2522144,1.4393902,1.6962013,0.70719761,-0.69579828,-0.12544516,0
0.94568717,0.36335543,-2.4574904,0.054641128,0.23068643,-0.97149277,0
-1.580447,-1.609184,2.1183214,-0.054641128,-0.23068643,0.97149277,0
-0.60774779,-0.75375968,-2.7877021,0.054641128,0.23068643,-0.97149277,0
-2.8317728,-2.9830155,-0.25288773,-0.70490146,-0.68018281,-0.20116019,0
2.6047685,1.088606,0.70905709,0.70719761,-0.69579828,-0.12544516,0
3.4598417,1.5745248,2.7024615,0.70490146,0.68018281,0.20116019,0
-1.3856218,-0.98334634,2.2303143,-0.054641128,-0.23068643,0.97149277,0
0.36385107,0.032609344,2.553462,-0.054641128,-0.23068643,0.97149277,0
0.34353352,0.22392826,-2.421104,0.054641128,0.23068643,-0.97149277,0
-0.49235237,-1.8494891,2.175947,-0.054641128,-0.23068643,0.97149277,0
1.8955722,1.7732996,-1.9935542,0.054641128,0.23068643,-0.97149277,0
1.2857544,2.1622138,2.8681366,-0.70719761,0.69579828,0.12544516,0
1.9572687,1.5496264,-2.0426538,0.054641128,0.23068643,-0.97149277,0
-2.430654,-3.7566185,0.97533202,-0.70490146,-0.68018281,-0.20116019,0
2.9772756,2.1811824,2.1721427,0.70490146,0.68018281,0.20116019,0
2.9779789,1.4902257,-0.039782047,0.70719761,-0.69579828,-0.12544516,0
0.64997101,0.59082544,2.8155522,-0.054641128,-0.23068643,0.97149277,0
3.269738,2.0281177,1.7173228,0.70490146,0.68018281,0.20116019,0
0.7930038,-0.94757724,2.4211714,-0.054641128,-0.23068643,0.97149277,0
-2.1235719,-2.6769497,-3.1094537,-0.70490146,-0.68018281,-0.20116019,0
-2.5804937,-1.0707037,-1.0597239,-0.70719761,0.69579828,0.12544516,0
3.1930709,2.1092672,-0.88192916,0.70719761,-0.69579828,-0.12544516,0
-2.250062,-2.6101074,-3.0708902,-0.70490146,-0.68018281,-0.20116019,0
1.0723131,0.29853767,2.6625025,-0.054641128,-0.23068643,0.97149277,0
-3.6147637,-2.5311165,1.0402806,-0.70490146,-0.68018281,-0.20116019,0
-2.8769217,-2.8091569,-0.005241394,-0.70490146,-0.68018281,-0.20116019,0
2.0303779,3.2846258,1.2663107,-0.70719761,0.69579828,0.12544516,0
-2.3856559,-1.9181929,-3.1457903,0.054641128,0.23068643,-0.97149277,0
-1.509022,0.10923505,-0.97796142,-0.70719761,0.69579828,0.12544516,0
-2.4021316,-2.8527429,-2.096828,-0.70490146,-0.68018281,-0.20116019,0
-3.4085548,-2.3951592,-0.23311806,-0.70490146,-0.68018281,-0.20116019,0
-3.0218902,-2.3887768,-1.5143054,-0.70490146,-0.68018281,-0.20116019,0
0.19918597,1.312683,1.5490665,-0.70719761,0.69579828,0.12544516,0
-0.48397654,0.86176479,0.28435296,-0.70719761,0.69579828,0.12544516,0
3.0327978,3.0605569,-1.1637471,0.70490146,0.68018281,0.20116019,0
3.5078385,1.8846214,1.0933442,0.70490146,0.68018281,0.20116019,0
1.8203716,1.3975787,-2.2360859,0.054641128,0.23068643,-0.97149277,0
1.4261999,1.1476732,3.009634,-0.054641128,-0.23068643,0.97149277,0
-3.1951742,-3.0115292,1.0490422,-0.70490146,-0.68018281,-0.20116019,0
-1.3007779,-1.5639362,-3.0724573,0.054641128,0.23068643,-0.97149277,0
2.7809553,2.3431304,2.2376969,0.70490146,0.68018281,0.20116019,0
0.58267915,1.9869778,0.15356469,-0.70719761,0.69579828,0.12544516,0
0.66280484,0.70791215,2.8132513,-0.054641128,-0.23068643,0.97149277,0
-1.7789233,-0.564224,0.94998825,-0.70719761,0.69579828,0.12544516,0
2.3500755,1.1661158,3.0215626,-0.054641128,-0.23068643,0.97149277,0
3.413476,2.536442,-1.0247452,0.70490146,0.68018281,0.20116019,0
0.88950944,-0.83144498,2.017765,0.70719761,-0.69579828,-0.12544516,0
2.5529041,2.8095741,1.2002933,0.70490146,0.68018281,0.20116019,0
2.1591611,3.8429227,-1.1101463,-0.70719761,0.69579828,0.12544516,0
-3.034569,-1.9777743,-2.8837514,-0.70490146,-0.68018281,-0.20116019,0
-0.89612842,-1.6989671,2.1956661,-0.054641128,-0.23068643,0.97149277,0
-1.4408998,-1.9319263,-3.1044528,0.054641128,0.23068643,-0.97149277,0
-0.86802769,0.8919965,-2.2815249,-0.70719761,0.69579828,0.12544516,0
0.9532789,2.5446351,-1.9231675,0.054641128,0.23068643,-0.97149277,0
2.9010656,2.5633678,0.6666801,0.70490146,0.68018281,0.20116019,0
2.8249326,2.4716973,2.0947239,0.70490146,0.68018281,0.20116019,0
-2.2434039,-3.4516811,-0.22082329,-0.70490146,-0.68018281,-0.20116019,0
1.5915222,0.07163763,1.2981339,0.70719761,-0.69579828,-0.12544516,0
0.99583316,2.5367725,0.10528779,-0.70719761,0.69579828,0.12544516,0
-2.5630066,-2.3005199,1.9411591,-0.054641128,-0.23068643,0.97149277,0
3.1572344,1.9773523,-1.7618527,0.70719761,-0.69579828,-0.12544516,0
3.2293799,2.4587541,0.13762164,0.70490146,0.68018281,0.20116019,0
-1.4715095,-2.3209894,-3.0881474,0.70719761,-0.69579828,-0.12544516,0
0.21937013,-1.5233383,2.2169557,-0.054641128,-0.23068643,0.97149277,0
-2.7372167,-2.7919402,1.7075019,-0.054641128,-0.23068643,0.97149277,0
-2.6512601,-2.5744982,-1.8711228,-0.70490146,-0.68018281,-0.20116019,0
2.8358135,0.94487488,2.8603365,-0.054641128,-0.23068643,0.97149277,0
1.733848,0.19753361,0.38900471,0.70719761,-0.69579828,-0.12544516,0
-2.8235288,-3.3143337,1.3425305,-0.70490146,-0.68018281,-0.20116019,0
-1.7001512,-1.8412362,2.0197484,-0.054641128,-0.23068643,0.97149277,0
-3.3280268,-1.7512124,-2.2049153,-0.70490146,-0.68018281,-0.20116019,0
0.67473078,-0.3327744,2.551564,-0.054641128,-0.23068643,0.97149277,0
0.49849129,1.5711921,-2.0804949,0.054641128,0.23068643,-0.97149277,0
1.259073,2.3773172,2.4460287,-0.70719761,0.69579828,0.12544516,0
2.4023008,3.6234484,-0.60374284,0.70490146,0.68018281,0.20116019,0
1.4811043,2.9573963,-0.032780886,-0.70719761,0.69579828,0.12544516,0
1.2199161,0.071085453,2.6373775,-0.054641128,-0.23068643,0.97149277,0
2.5170729,3.5203154,-1.2529051,0.70490146,0.68018281,0.20116019,0
2.3505855,3.452368,0.25062323,0.70490146,0.68018281,0.20116019,0
-3.4039984,-2.0907993,-0.84145856,-0.70490146,-0.68018281,-0.20116019,0
1.5559843,3.0057015,0.17906475,-0.70719761,0.69579828,0.12544516,0
1.5890877,0.34593391,-0.52943283,0.70719761,-0.69579828,-0.12544516,0
1.1677288,-0.056186318,-1.404211,0.70719761,-0.69579828,-0.12544516,0
2.618577,1.4042202,3.0601883,-0.054641128,-0.23068643,0.97149277,0
2.855521,2.9601347,0.012750149,0.70490146,0.68018281,0.20116019,0
-1.9264085,-2.8427992,-2.6876783,0.70719761,-0.69579828,-0.12544516,0
2.3595114,3.291903,-1.5970037,0.054641128,0.23068643,-0.97149277,0
2.278512,3.7002878,-0.90371156,0.70490146,0.68018281,0.20116019,0
2.8834791,3.0769882,-0.46881628,0.70490146,0.68018281,0.20116019,0
2.2293272,3.8465552,-1.0419459,0.70490146,0.68018281,0.20116019,0
-2.8353679,-2.301506,-2.417064,-0.70490146,-0.68018281,-0.20116019,0
2.0101919,3.8452847,-1.5093532,-0.70719761,0.69579828,0.12544516,0
0.59678292,-0.33472201,-2.0496771,0.70719761,-0.69579828,-0.12544516,0
2.970156,2.6619482,0.10752916,0.70490146,0.68018281,0.20116019,0
3.4007931,2.6918981,-1.0793176,0.70490146,0.68018281,0.20116019,0
0.52953064,1.6915486,1.2216705,-0.70719761,0.69579828,0.12544516,0
-0.050722525,1.3946743,0.11556768,-0.70719761,0.69579828,0.12544516,0
-2.8130612,-2.6122105,-1.2122116,-0.70490146,-0.68018281,-0.20116019,0
2.378376,0.81805432,2.910557,-0.054641128,-0.23068643,0.97149277,0
0.94171166,0.95551789,2.9317973,-0.054641128,-0.23068643,0.97149277,0
-0.61111271,0.95914161,-1.2041402,-0.70719761,0.69579828,0.12544516,0
3.2108939,2.4500313,0.69009233,0.70490146,0.68018281,0.20116019,0
-1.0928333,-2.0997775,1.9834149,-0.054641128,-0.23068643,0.97149277,0
0.46842706,0.90644109,-2.293221,0.054641128,0.23068643,-0.97149277,0
0.83969307,2.010535,1.7882397,-0.70719761,0.69579828,0.12544516,0
2.0339248,0.30691886,2.7215352,-0.054641128,-0.23068643,0.97149277,0
-0.750929,0.18409511,2.4995193,-0.70719761,0.69579828,0.12544516,0
-0.44115114,1.2515993,-1.4085102,-0.70719761,0.69579828,0.12544516,0
-0.99615151,0.41343343,-0.64666331,-0.70719761,0.69579828,0.12544516,0
3.2542992,2.6649415,-0.098037958,0.70490146,0.68018281,0.20116019,0
3.5658274,2.4078517,-0.99203277,0.70490146,0.68018281,0.20116019,0
3.1289275,2.4072721,0.89496803,0.70490146,0.68018281,0.20116019,0
1.0506451,2.8256197,-1.8452628,-0.70719761,0.69579828,0.12544516,0
0.39673647,1.9882686,-0.33490407,-0.70719761,0.69579828,0.12544516,0
3.4060535,2.2894831,0.10980296,0.70490146,0.68018281,0.20116019,0
-2.9937582,-2.9341307,0.039358139,-0.70490146,-0.68018281,-0.20116019,0
0.92537117,0.2948603,-2.4323795,0.054641128,0.23068643,-0.97149277,0
-1.0900806,-0.3908338,2.5217187,-0.054641128,-0.23068643,0.97149277,0
-2.0418477,-1.7863187,1.9332378,-0.054641128,-0.23068643,0.97149277,0
-2.8137245,-3.4308367,1.2749321,-0.70490146,-0.68018281,-0.20116019,0
2.3836193,3.6236801,-0.93043542,0.70490146,0.68018281,0.20116019,0
0.36161843,-1.1584338,-0.099625587,0.70719761,-0.69579828,-0.12544516,0
1.4259586,1.3335851,-2.2456627,0.054641128,0.23068643,-0.97149277,0
2.9988458,2.3131294,1.4576452,0.70490146,0.68018281,0.20116019,0
-1.6479595,-0.2162652,-0.53310776,-0.70719761,0.69579828,0.12544516,0
-0.67806417,0.67121249,0.018401444,-0.70719761,0.69579828,0.12544516,0
3.3333192,2.8408749,-1.5460548,0.70490146,0.68018281,0.20116019,0
1.8597656,0.7213589,-1.8573885,0.70719761,-0.69579828,-0.12544516,0
-3.0585256,-2.2897038,-1.5858614,-0.70490146,-0.68018281,-0.20116019,0
2.0755732,0.30249584,2.2608166,0.70719761,-0.69579828,-0.12544516,0
-0.40102768,-0.69222665,2.3865414,-0.054641128,-0.23068643,0.97149277,0
2.4995649,2.9402316,0.78708315,0.70490146,0.68018281,0.20116019,0
-0.90755737,-2.1660805,-1.2396097,0.70719761,-0.69579828,-0.12544516,0
2.2139323,2.6238441,3.1338706,0.70490146,0.68018281,0.20116019,0
-1.8672081,-0.045629859,-1.8061779,-0.70719761,0.69579828,0.12544516,0
-0.4121244,0.86724198,-2.3479943,0.054641128,0.23068643,-0.97149277,0
2.9605725,2.5545621,0.74585629,0.70490146,0.68018281,0.20116019,0
-3.2189763,-2.7031212,0.17631769,-0.70490146,-0.68018281,-0.20116019,0
-2.8865056,-1.4578161,0.26987433,-0.70719761,0.69579828,0.12544516,0
-2.4199772,-0.76219308,-1.3531005,-0.70719761,0.69579828,0.12544516,0
0.87203288,1.9440032,2.120877,-0.70719761,0.69579828,0.12544516,0
0.077731133,0.65862316,2.8261268,-0.054641128,-0.23068643,0.97149277,0
-0.67994654,-1.7820385,-1.486285,0.70719761,-0.69579828,-0.12544516,0
-2.6006603,-1.5292394,-3.1202879,0.054641128,0.23068643,-0.97149277,0
-2.6426978,-1.0763855,-0.34573579,-0.70719761,0.69579828,0.12544516,0
-0.61738813,1.204492,-1.5374463,-0.70719761,0.69579828,0.12544516,0
2.1201396,3.2901304,0.85581732,0.70490146,0.68018281,0.20116019,0
-1.2568007,0.074788928,-2.5550053,0.054641128,0.23068643,-0.97149277,0
2.5851567,1.4928632,-1.9042902,0.70719761,-0.69579828,-0.12544516,0
2.0942519,0.40298033,1.0542594,0.70719761,-0.69579828,-0.12544516,0
0.84039474,2.1823547,1.2608137,-0.70719761,0.69579828,0.12544516,0
3.330385,2.5235975,-0.15731239,0.70490146,0.68018281,0.20116019,0
0.16294456,-1.5500665,2.0053434,0.70719761,-0.69579828,-0.12544516,0
-2.3966711,-2.4624324,-2.9850323,-0.70490146,-0.68018281,-0.20116019,0
-1.6341269,-0.13422287,0.06873107,-0.70719761,0.69579828,0.12544516,0
-2.5384264,-0.89427531,-2.9845777,0.054641128,0.23068643,-0.97149277,0
0.066277266,-0.88508403,-2.4915683,0.70719761,-0.69579828,-0.12544516,0
-2.9075036,-2.2063184,-2.2915089,-0.70490146,-0.68018281,-0.20116019,0
-0.68913281,1.1518347,-1.5224383,-0.70719761,0.69579828,0.12544516,0
3.0245876,3.0457289,-1.2849524,0.70490146,0.68018281,0.20116019,0
3.4020638,2.4316633,-0.16033792,0.70490146,0.68018281,0.20116019,0
0.81657195,0.27512568,2.7666612,-0.054641128,-0.23068643,0.97149277,0
-0.7162919,0.8261137,-0.4581843,-0.70719761,0.69579828,0.12544516,0
2.2163019,1.2278788,-1.568647,0.70719761,-0.69579828,-0.12544516,0
2.501987,1.0263259,0.12005806,0.70719761,-0.69579828,-0.12544516,0
-2.8118551,-1.9641339,-3.1416156,0.054641128,0.23068643,-0.97149277,0
-3.4324813,-2.0523431,0.11985254,-0.70719761,0.69579828,0.12544516,0
-2.4172378,-3.6758504,1.63235,-0.054641128,-0.23068643,0.97149277,0
2.3075662,1.1235383,-1.4166392,0.70719761,-0.69579828,-0.12544516,0
-1.7003057,-1.3669931,-2.9438968,0.054641128,0.23068643,-0.97149277,0
-2.0233071,-1.6503105,-3.0931776,0.054641128,0.23068643,-0.97149277,0
2.0545993,1.9269998,3.0449514,-0.054641128,-0.23068643,0.97149277,0
0.33140957,2.2222173,-1.9979781,0.054641128,0.23068643,-0.97149277,0
3.2172792,2.7307673,-0.47613835,0.70490146,0.68018281,0.20116019,0
-1.6670156,-3.0062442,-1.278671,0.70719761,-0.69579828,-0.12544516,0
-1.5910442,-0.074099541,0.19671553,-0.70719761,0.69579828,0.12544516,0
-2.4276061,-1.2592806,2.0391765,-0.70719761,0.69579828,0.12544516,0
2.1839209,2.7785931,-1.7266738,0.054641128,0.23068643,-0.97149277,0
2.1298196,3.3601909,0.98951864,0.70490146,0.68018281,0.20116019,0
2.6812003,1.2918534,-0.50541794,0.70719761,-0.69579828,-0.12544516,0
0.85332209,-0.724087,0.10267676,0.70719761,-0.69579828,-0.12544516,0
0.54839718,-1.1170326,1.1347237,0.70719761,-0.69579828,-0.12544516,0
3.4109879,2.0482097,0.83509564,0.70490146,0.68018281,0.20116019,0
-3.2668989,-1.9741235,-1.8526509,-0.70490146,-0.68018281,-0.20116019,0
1.2878478,0.36718225,2.7707543,-0.054641128,-0.23068643,0.97149277,0
0.21937609,-1.3690881,2.1896386,-0.054641128,-0.23068643,0.97149277,0
-0.91017568,-2.7000613,1.8080605,-0.054641128,-0.23068643,0.97149277,0
-2.4487419,-3.6799054,1.1103337,-0.70490146,-0.68018281,-0.20116019,0
2.1208329,1.009709,-1.5383742,0.70719761,-0.69579828,-0.12544516,0
0.67204499,-0.17328274,2.6687119,-0.054641128,-0.23068643,0.97149277,0
3.3747976,1.7909155,1.7803888,0.70490146,0.68018281,0.20116019,0
-0.37368175,-1.7142284,-0.25661433,0.70719761,-0.69579828,-0.12544516,0
-2.0449739,-0.29866409,-1.1144487,-0.70719761,0.69579828,0.12544516,0
-1.8535497,-2.5836368,-3.3882189,0.054641128,0.23068643,-0.97149277,0
2.2143822,3.6807802,-0.73618364,0.70490146,0.68018281,0.20116019,0
1.2511266,2.9714766,-1.7008744,-0.70719761,0.69579828,0.12544516,0
-0.6821835,-1.1869555,-2.9226918,0.054641128,0.23068643,-0.97149277,0
2.9793401,1.8901567,2.8054402,0.70490146,0.68018281,0.20116019,0
-0.80414367,-2.7107549,1.9686279,-0.054641128,-0.23068643,0.97149277,0
3.22033,2.5831914,-0.22720385,0.70490146,0.68018281,0.20116019,0
0.1214962,-1.5848831,1.8116143,0.70719761,-0.69579828,-0.12544516,0
-3.4846961,-2.4803433,0.37870622,-0.70490146,-0.68018281,-0.20116019,0
-3.2093611,-1.9144492,0.92347884,-0.70719761,0.69579828,0.12544516,0
1.6917944,2.5116487,-1.975016,0.054641128,0.23068643,-0.97149277,0
-1.1928341,-2.1154795,-2.9330256,0.70719761,-0.69579828,-0.12544516,0
-0.55986452,-1.5476351,-2.6238155,0.70719761,-0.69579828,-0.12544516,0
-3.08341,-2.4540215,-0.52409267,-0.70490146,-0.68018281,-0.20116019,0
-0.31206501,1.4583355,-1.5939695,-0.70719761,0.69579828,0.12544516,0
2.1568663,3.4102826,0.82440615,0.70490146,0.68018281,0.20116019,0
2.6544333,2.480602,1.7878311,0.70490146,0.68018281,0.20116019,0
-2.167382,-2.6287491,-3.2854433,-0.70490146,-0.68018281,-0.20116019,0
-2.5842891,-1.0352948,-1.1642625,-0.70719761,0.69579828,0.12544516,0
-1.8042393,-1.4005046,-3.0538089,0.054641128,0.23068643,-0.97149277,0
-1.540121,-1.5198101,2.1415904,-0.054641128,-0.23068643,0.97149277,0
-0.70920384,1.1463544,-1.7380674,-0.70719761,0.69579828,0.12544516,0
2.8172324,3.5095189,-1.4162145,0.70490146,0.68018281,0.20116019,0
-0.62573576,-2.0950375,0.29146445,0.70719761,-0.69579828,-0.12544516,0
-2.5705581,-3.4052439,1.6880021,-0.054641128,-0.23068643,0.97149277,0
-0.40553832,-0.71960086,-2.6794519,0.054641128,0.23068643,-0.97149277,0
2.1897461,2.9007092,2.7061,0.70490146,0.68018281,0.20116019,0
2.5462618,1.1686828,-0.4847033,0.70719761,-0.69579828,-0.12544516,0
2.2471366,2.81794,2.4269376,0.70490146,0.68018281,0.20116019,0
-3.0612271,-2.0747981,-2.2808189,-0.70490146,-0.68018281,-0.20116019,0
-0.46039504,0.81753725,0.98905373,-0.70719761,0.69579828,0.12544516,0
-2.3317866,-2.8903415,-1.6734421,-0.70490146,-0.68018281,-0.20116019,0
-2.2817533,-3.1110387,-1.517581,-0.70490146,-0.68018281,-0.20116019,0
-1.4073863,-1.6062697,-3.0039017,0.054641128,0.23068643,-0.97149277,0
2.4088285,3.5023289,-0.022670269,0.70490146,0.68018281,0.20116019,0
-0.10956836,-0.22059113,2.5712681,-0.054641128,-0.23068643,0.97149277,0
-0.83660388,1.1425712,-2.3865733,0.054641128,0.23068643,-0.97149277,0
-2.7048879,-3.3170485,0.5184052,-0.70490146,-0.68018281,-0.20116019,0
-2.8072228,-2.3513129,-2.0830283,-0.70490146,-0.68018281,-0.20116019,0
1.1616285,2.9409423,-1.8699667,0.054641128,0.23068643,-0.97149277,0
3.5831571,2.7018368,-1.7033503,0.054641128,0.23068643,-0.97149277,0
2.2594409,2.7995927,2.8735776,0.70490146,0.68018281,0.20116019,0
1.2966951,1.1994623,-2.2078762,0.054641128,0.23068643,-0.97149277,0
-1.6858828,0.23891902,-2.505053,-0.70719761,0.69579828,0.12544516,0
-2.4537797,-0.67294443,-2.4790866,-0.70719761,0.69579828,0.12544516,0
-2.4867349,-2.2044961,-3.1388767,0.054641128,0.23068643,-0.97149277,0
1.9356908,0.378775,1.6134232,0.70719761,-0.69579828,-0.12544516,0
-1.816462,-0.022175789,-1.7994332,-0.70719761,0.69579828,0.12544516,0
2.4735892,1.0943911,0.24271774,0.70719761,-0.69579828,-0.12544516,0
0.91457713,1.1609983,-2.341258,0.054641128,0.23068643,-0.97149277,0
-2.3084438,-2.6009254,-3.2460785,-0.70490146,-0.68018281,-0.20116019,0
-3.6110909,-2.4072466,1.1517179,-0.70719761,0.69579828,0.12544516,0
-0.95727134,-2.0708253,-1.8402071,0.70719761,-0.69579828,-0.12544516,0
2.8298156,2.0206163,2.7139008,0.70490146,0.68018281,0.20116019,0
2.7567258,2.8232522,0.78314018,0.70490146,0.68018281,0.20116019,0
2.623322,2.8891928,1.0702691,0.70490146,0.68018281,0.20116019,0
0.016585827,-0.63486528,2.5233753,-0.054641128,-0.23068643,0.97149277,0
3.0943916,2.6065986,0.62388897,0.70490146,0.68018281,0.20116019,0
1.310228,2.7524874,-1.8595243,0.054641128,0.23068643,-0.97149277,0
1.54441,3.182405,-0.44297695,-0.70719761,0.69579828,0.12544516,0
2.8449378,1.5875657,3.0709116,-0.054641128,-0.23068643,0.97149277,0
1.7323424,3.5327885,-1.6418304,0.054641128,0.23068643,-0.97149277,0
-1.6973401,-0.77647138,2.0937443,-0.70719761,0.69579828,0.12544516,0
0.75410295,0.33387381,-2.4127707,0.054641128,0.23068643,-0.97149277,0
-1.3102276,-2.4156997,-2.4461851,0.70719761,-0.69579828,-0.12544516,0
3.1143732,1.8461022,2.4605861,0.70490146,0.68018281,0.20116019,0
-2.3754787,-0.56529415,-2.1164556,-0.70719761,0.69579828,0.12544516,0
3.4672346,2.3752947,-0.58831692,0.70490146,0.68018281,0.20116019,0
-1.3028324,0.57668257,-2.1302981,-0.70719761,0.69579828,0.12544516,0
-2.4890516,-3.5988786,0.84597349,-0.70490146,-0.68018281,-0.20116019,0
3.2594099,2.5686755,-0.34728265,0.70490146,0.68018281,0.20116019,0
-0.74708211,0.55387068,0.48028317,-0.70719761,0.69579828,0.12544516,0
3.2622733,2.9453731,-1.4749591,0.70490146,0.68018281,0.20116019,0
-0.12414145,1.2162528,0.9644872,-0.70719761,0.69579828,0.12544516,0
-1.8992286,-1.4772642,2.1541979,-0.054641128,-0.23068643,0.97149277,0
-0.80944872,0.60939956,-2.5302215,0.054641128,0.23068643,-0.97149277,0
0.59381866,0.41918635,2.6250348,-0.054641128,-0.23068643,0.97149277,0
3.5399466,2.4026959,-1.0682001,0.70490146,0.68018281,0.20116019,0
1.9052916,0.77941513,-1.1781905,0.70719761,-0.69579828,-0.12544516,0
-2.5113316,-2.8140128,-1.9813986,-0.70490146,-0.68018281,-0.20116019,0
3.1561983,1.1383324,3.0578845,0.70719761,-0.69579828,-0.12544516,0
1.7026451,0.090515614,1.8031857,0.70719761,-0.69579828,-0.12544516,0
-2.3084433,-2.8003602,-2.5931561,-0.70490146,-0.68018281,-0.20116019,0
2.7985892,2.2884574,2.015831,0.70490146,0.68018281,0.20116019,0
-0.24566555,0.41469681,-2.5341284,0.054641128,0.23068643,-0.97149277,0
-2.6114216,-2.7229474,-1.4025848,-0.70490146,-0.68018281,-0.20116019,0
2.9964144,2.7680817,-0.10400963,0.70490146,0.68018281,0.20116019,0
0.64957082,-0.95405543,1.0220908,0.70719761,-0.69579828,-0.12544516,0
-3.497436,-1.9429531,-1.1705539,-0.70490146,-0.68018281,-0.20116019,0
-3.4707413,-2.6874046,1.6751211,-0.70490146,-0.68018281,-0.20116019,0
-2.4932425,-3.2154419,-0.26178408,-0.70490146,-0.68018281,-0.20116019,0
2.049072,1.1942501,2.9738476,-0.054641128,-0.23068643,0.97149277,0
0.40267646,1.4415846,-2.231478,0.054641128,0.23068643,-0.97149277,0
0.78219533,-0.65124631,0.094726957,0.70719761,-0.69579828,-0.12544516,0
-2.7363436,-3.0368075,0.17479467,-0.70490146,-0.68018281,-0.20116019,0
-0.66004395,-0.57731938,-2.6767416,0.054641128,0.23068643,-0.97149277,0
2.4782176,2.5023086,2.415657,0.70490146,0.68018281,0.20116019,0
2.4978721,2.1216614,-1.8910189,0.054641128,0.23068643,-0.97149277,0
3.1127796,2.9911757,-0.73916245,0.70490146,0.68018281,0.20116019,0
2.7233443,2.7669795,1.3799443,0.70490146,0.68018281,0.20116019,0
-2.4609728,-2.618741,-2.894177,-0.70490146,-0.68018281,-0.20116019,0
2.3430119,3.4112844,-0.16402149,0.70490146,0.68018281,0.20116019,0
-0.72707224,-0.99449199,2.2422657,-0.054641128,-0.23068643,0.97149277,0
-0.75905704,-1.4615088,-2.9747956,0.054641128,0.23068643,-0.97149277,0
0.51525998,-0.75912237,2.5115371,-0.054641128,-0.23068643,0.97149277,0
-2.3149703,-2.9049315,1.6637951,-0.054641128,-0.23068643,0.97149277,0
-0.084241152,-1.2456195,-1.6268811,0.70719761,-0.69579828,-0.12544516,0
-2.7066941,-3.2646735,0.81332922,-0.70490146,-0.68018281,-0.20116019,0
1.7525468,0.28164554,2.7987981,-0.054641128,-0.23068643,0.97149277,0
-1.0836535,0.69771719,-2.5133381,0.054641128,0.23068643,-0.97149277,0
-2.1978145,-0.84205121,0.67013407,-0.70719761,0.69579828,0.12544516,0
-2.7005534,-2.0618725,1.9877026,-0.054641128,-0.23068643,0.97149277,0
2.8530862,2.1789014,2.5092103,0.70490146,0.68018281,0.20116019,0
-0.13088751,0.82490677,2.7531438,-0.054641128,-0.23068643,0.97149277,0
-1.3416818,-2.5760474,-0.80104947,0.70719761,-0.69579828,-0.12544516,0
1.9809175,1.1759074,-2.2624002,0.054641128,0.23068643,-0.97149277,0
-1.8116124,-1.0388877,2.1541724,-0.054641128,-0.23068643,0.97149277,0
2.7255354,1.5345798,3.0192552,-0.054641128,-0.23068643,0.97149277,0
-0.38818312,-2.185807,1.9863292,-0.054641128,-0.23068643,0.97149277,0
0.041117668,1.6673577,-1.6472061,-0.70719761,0.69579828,0.12544516,0
-0.96913087,-0.10085768,2.4404807,-0.70719761,0.69579828,0.12544516,0
2.6321969,1.4439107,-1.4825915,0.70719761,-0.69579828,-0.12544516,0
2.0255315,0.11143303,2.6550055,-0.054641128,-0.23068643,0.97149277,0
-2.6454308,-1.3700407,-2.9620278,0.054641128,0.23068643,-0.97149277,0
0.56600904,0.26925862,2.6962695,-0.054641128,-0.23068643,0.97149277,0
-3.2091732,-2.8294377,1.2827246,-0.70490146,-0.68018281,-0.20116019,0
3.3166885,2.7393575,-1.7953589,0.054641128,0.23068643,-0.97149277,0
3.0211244,2.3236666,1.4077923,0.70490146,0.68018281,0.20116019,0
-1.9210379,-0.45660961,-0.58095443,-0.70719761,0.69579828,0.12544516,0
2.5262477,1.7471076,3.1883402,-0.054641128,-0.23068643,0.97149277,0
-1.6207538,-3.3408709,1.6453011,-0.054641128,-0.23068643,0.97149277,0
0.3111763,1.711056,-2.2255831,0.054641128,0.23068643,-0.97149277,0
2.6081579,2.4815171,2.3138781,0.70490146,0.68018281,0.20116019,0
2.1694043,2.8626492,2.3285999,0.70490146,0.68018281,0.20116019,0
-0.19081467,1.0894482,0.59577411,-0.70719761,0.69579828,0.12544516,0
-0.10963273,0.41018367,2.5799992,-0.054641128,-0.23068643,0.97149277,0
3.3975129,2.0664463,-0.37439394,0.70719761,-0.69579828,-0.12544516,0
1.7018318,3.0365767,-1.7146934,0.054641128,0.23068643,-0.97149277,0
2.1800418,3.0467224,1.7902865,0.70490146,0.68018281,0.20116019,0
1.4129906,2.2313724,3.2566209,-0.054641128,-0.23068643,0.97149277,0
-1.5695387,-2.9764469,0.154603,0.70719761,-0.69579828,-0.12544516,0
1.234344,-0.021066189,-1.0174789,0.70719761,-0.69579828,-0.12544516,0
2.2700691,2.6225839,-1.9133166,0.054641128,0.23068643,-0.97149277,0
-2.1477299,-2.8438628,1.7023076,-0.054641128,-0.23068643,0.97149277,0
-1.9422578,-1.7445143,2.0260615,-0.054641128,-0.23068643,0.97149277,0
1.753401,0.6383121,-2.273051,0.054641128,0.23068643,-0.97149277,0
-3.1056862,-2.0871751,-2.2685051,-0.70490146,-0.68018281,-0.20116019,0
1.8439146,0.427118,0.12477255,0.70719761,-0.69579828,-0.12544516,0
-1.6449623,-1.2421614,2.0961428,-0.054641128,-0.23068643,0.97149277,0
-0.31271958,-1.0646887,2.3125548,-0.054641128,-0.23068643,0.97149277,0
3.0909123,2.9766743,-1.7647603,0.054641128,0.23068643,-0.97149277,0
-2.3664773,-2.6400747,-2.6424961,-0.70490146,-0.68018281,-0.20116019,0
-2.1072443,-3.2017727,-1.3851104,0.70719761,-0.69579828,-0.12544516,0
-1.6902711,0.016508341,-2.6810546,0.054641128,0.23068643,-0.97149277,0
2.7546735,3.0317531,-0.24022412,0.70490146,0.68018281,0.20116019,0
0.21861854,1.7366655,-0.47035098,-0.70719761,0.69579828,0.12544516,0
-3.2399764,-1.6670671,-2.7323835,-0.70490146,-0.68018281,-0.20116019,0
-3.2312875,-2.2175658,1.4854372,-0.70719761,0.69579828,0.12544516,0
2.8051646,2.5679536,-1.8684726,0.054641128,0.23068643,-0.97149277,0
-2.7315378,-1.5929887,1.2590137,-0.70719761,0.69579828,0.12544516,0
3.0128827,1.9190164,3.1051145,0.70490146,0.68018281,0.20116019,0
2.4756846,1.9101472,-1.9820321,0.054641128,0.23068643,-0.97149277,0
-2.4825885,-0.78171527,-1.4614205,-0.70719761,0.69579828,0.12544516,0
2.6172249,2.8142924,0.97490597,0.70490146,0.68018281,0.20116019,0
-1.3205836,-2.4272473,-2.7365856,0.70719761,-0.69579828,-0.12544516,0
0.21075416,-1.2343798,2.2783835,-0.054641128,-0.23068643,0.97149277,0
-2.3843777,-2.5521629,1.7382733,-0.054641128,-0.23068643,0.97149277,0
3.0160124,2.7440472,-0.45628929,0.70490146,0.68018281,0.20116019,0
0.82769388,-0.676144,1.0774018,0.70719761,-0.69579828,-0.12544516,0
-2.745728,-3.4336896,1.2524772,-0.70490146,-0.68018281,-0.20116019,0
0.75802994,-0.42969358,2.5693817,-0.054641128,-0.23068643,0.97149277,0
-2.5216856,-1.2815044,1.5037358,-0.70719761,0.69579828,0.12544516,0
-2.9073124,-2.3095856,-2.3385766,-0.70490146,-0.68018281,-0.20116019,0
1.4863262,0.95625508,2.9636569,-0.054641128,-0.23068643,0.97149277,0
-2.9066327,-2.600163,-0.71960568,-0.70490146,-0.68018281,-0.20116019,0
-3.3933258,-2.2335091,-0.36483216,-0.70490146,-0.68018281,-0.20116019,0
0.12150621,-1.5271217,2.1941149,-0.054641128,-0.23068643,0.97149277,0
-3.014523,-3.2958891,1.5189095,-0.70490146,-0.68018281,-0.20116019,0
0.10435057,1.3614069,1.0905159,-0.70719761,0.69579828,0.12544516,0
3.4551563,1.7232127,1.7394381,0.70490146,0.68018281,0.20116019,0
2.3594091,2.171366,-1.8284289,0.054641128,0.23068643,-0.97149277,0
-1.7090213,0.11622047,-2.4657497,-0.70719761,0.69579828,0.12544516,0
-1.649243,0.093013287,-2.077811,-0.70719761,0.69579828,0.12544516,0
-1.8806355,-0.51545793,0.61094755,-0.70719761,0.69579828,0.12544516,0
-2.9227324,-2.5064259,-0.79851246,-0.70490146,-0.68018281,-0.20116019,0
-2.8153768,-1.6002913,1.5985481,-0.70719761,0.69579828,0.12544516,0
3.5304227,2.0511172,0.43263292,0.70719761,-0.69579828,-0.12544516,0
-0.76907027,0.44398832,1.3517193,-0.70719761,0.69579828,0.12544516,0
0.65648341,-0.92400122,0.6511451,0.70719761,-0.69579828,-0.12544516,0
0.63009173,1.985723,0.97028518,-0.70719761,0.69579828,0.12544516,0
0.92816359,-0.26715434,-1.030484,0.70719761,-0.69579828,-0.12544516,0
2.8693297,1.5293508,-1.0249771,0.70719761,-0.69579828,-0.12544516,0
-2.3154788,-3.4831917,1.660501,-0.054641128,-0.23068643,0.97149277,0
-0.32654166,-2.0073061,0.78974366,0.70719761,-0.69579828,-0.12544516,0
-0.61360109,-1.9508445,-1.0290215,0.70719761,-0.69579828,-0.12544516,0
-1.6787684,-0.54071218,1.936491,-0.70719761,0.69579828,0.12544516,0
3.2303631,2.1049161,1.1520503,0.70490146,0.68018281,0.20116019,0
-0.67464352,0.10972953,-2.5205898,0.054641128,0.23068643,-0.97149277,0
2.4487453,0.73907578,2.4968176,0.70719761,-0.69579828,-0.12544516,0
0.30043221,-0.95046562,-1.2622035,0.70719761,-0.69579828,-0.12544516,0
2.8665495,3.3556721,-1.6573451,0.70490146,0.68018281,0.20116019,0
1.6903832,2.6696038,2.4178092,-0.70719761,0.69579828,0.12544516,0
3.3576841,2.6921024,-1.6657481,0.054641128,0.23068643,-0.97149277,0
-2.4264383,-3.0287118,-1.4111133,-0.70490146,-0.68018281,-0.20116019,0
-2.8019536,-2.8052897,-0.22897577,-0.70490146,-0.68018281,-0.20116019,0
1.3920534,2.9762907,-1.0420387,-0.70719761,0.69579828,0.12544516,0
2.2093208,3.3879085,0.42160606,0.70490146,0.68018281,0.20116019,0
-0.28617215,-0.85222793,-2.8867922,0.054641128,0.23068643,-0.97149277,0
0.18543792,2.072407,-2.0318534,-0.70719761,0.69579828,0.12544516,0
-2.7166123,-2.8111663,-0.57725954,-0.70490146,-0.68018281,-0.20116019,0
3.0262086,1.6290932,0.81085634,0.70719761,-0.69579828,-0.12544516,0
1.2189667,-0.41280329,1.0817037,0.70719761,-0.69579828,-0.12544516,0
2.8875587,2.6716456,0.7393918,0.70490146,0.68018281,0.20116019,0
-0.79536629,0.26258272,2.0678248,-0.70719761,0.69579828,0.12544516,0
2.6421912,1.3404703,-0.12229323,0.70719761,-0.69579828,-0.12544516,0
3.2078333,1.5751984,2.9387133,0.70490146,0.68018281,0.20116019,0
2.2856188,0.86859024,2.8594339,-0.054641128,-0.23068643,0.97149277,0
2.4505298,2.9918766,0.97327471,0.70490146,0.68018281,0.20116019,0
-0.89793873,-1.8087707,-2.9037395,0.70719761,-0.69579828,-0.12544516,0
