-0.87793279,-1.9707266,-1.8586378,0.42771345,-0.88550794,0.18148521,0
3.7933121,1.9360222,2.6475234,0.81075984,0.46459541,0.35611731,0
-2.9077063,-1.5010297,1.3995895,-0.3996619,-0.0051752478,0.91664797,0
-1.3263288,-0.22903669,-3.3003089,0.3996619,0.0051752478,-0.91664797,0
4.1000094,2.4552801,-0.83564758,0.3996619,0.0051752478,-0.91664797,0
4.6391802,2.0805216,0.63081503,0.81075984,0.46459541,0.35611731,0
-3.7359188,-3.0277138,-1.5411174,-0.81075984,-0.46459541,-0.35611731,0
3.9062576,2.6857858,1.6661181,0.81075984,0.46459541,0.35611731,0
3.3917418,2.1839018,3.1911416,0.81075984,0.46459541,0.35611731,0
-4.0768137,-0.90160155,1.0069752,-0.3996619,-0.0051752478,0.91664797,0
-2.2612789,0.31289113,1.7992338,-0.3996619,-0.0051752478,0.91664797,0
0.48653173,0.79074824,3.0435305,-0.3996619,-0.0051752478,0.91664797,0
-0.66216296,-1.7102188,-1.3009075,0.42771345,-0.88550794,0.18148521,0
4.4689274,0.8572675,-0.39221621,0.42771345,-0.88550794,0.18148521,0
-2.6560431,-0.11883438,0.23233449,-0.42771345,0.88550794,-0.18148521,0
-4.6048241,-1.999054,-0.82841206,-0.81075984,-0.46459541,-0.35611731,0
-2.965508,-1.1031755,1.4261627,-0.3996619,-0.0051752478,0.91664797,0
2.1721437,2.8546264,3.6134129,-0.42771345,0.88550794,-0.18148521,0
0.83626401,-0.95466113,-1.6230404,0.42771345,-0.88550794,0.18148521,0
-3.3415542,-2.445255,0.95247388,0.42771345,-0.88550794,0.18148521,0
-1.7963929,-0.064648926,1.9986787,-0.3996619,-0.0051752478,0.91664797,0
-1.8110552,-0.94253337,1.9809052,-0.3996619,-0.0051752478,0.91664797,0
1.4678956,1.3626188,3.3306601,-0.3996619,-0.0051752478,0.91664797,0
1.3909856,0.11829513,2.8796134,0.42771345,-0.88550794,0.18148521,0
0.71928573,1.1458886,3.0907357,-0.3996619,-0.0051752478,0.91664797,0
-4.2003775,-3.0004141,0.94786978,-0.3996619,-0.0051752478,0.91664797,0
2.557689,1.4457667,-1.6970403,0.3996619,0.0051752478,-0.91664797,0
4.4738626,2.3684449,0.85814953,0.81075984,0.46459541,0.35611731,0
4.4435549,2.1311362,0.9522512,0.81075984,0.46459541,0.35611731,0
1.9766612,-0.57697129,-1.7114794,0.42771345,-0.88550794,0.18148521,0
-2.4916165,-0.82270145,-3.1616161,-0.42771345,0.88550794,-0.18148521,0
-4.7861729,-1.6889849,-1.2071576,-0.81075984,-0.46459541,-0.35611731,0
-2.0950348,0.092895269,-0.33592963,-0.42771345,0.88550794,-0.18148521,0
-1.3540925,-1.5273064,-3.300566,0.3996619,0.0051752478,-0.91664797,0
-3.4974144,-2.7391403,-2.5413792,-0.81075984,-0.46459541,-0.35611731,0
-0.92553711,1.1771684,2.3619261,-0.3996619,-0.0051752478,0.91664797,0
3.7486343,2.9741642,1.8350792,0.81075984,0.46459541,0.35611731,0
-3.7479875,-2.3022387,-2.3423214,-0.81075984,-0.46459541,-0.35611731,0
-1.8740962,0.33186758,0.36249399,-0.42771345,0.88550794,-0.18148521,0
-3.3165669,-0.50221801,1.2651753,-0.3996619,-0.0051752478,0.91664797,0
-5.4125853,-1.6061109,0.29643583,-0.81075984,-0.46459541,-0.35611731,0
3.3943102,2.6164846,-0.43094063,-0.42771345,0.88550794,-0.18148521,0
2.6484339,1.1429086,-1.5757067,0.3996619,0.0051752478,-0.91664797,0
-2.0152402,-1.0975572,-3.5878623,0.3996619,0.0051752478,-0.91664797,0
2.3810976,-0.26128089,-1.3981754,0.42771345,-0.88550794,0.18148521,0
4.0495763,2.97809,1.0768709,0.81075984,0.46459541,0.35611731,0
2.5502832,2.7652926,2.341356,-0.42771345,0.88550794,-0.18148521,0
-4.0666442,-0.8139869,-0.15849423,-0.42771345,0.88550794,-0.18148521,0
2.4212558,0.36565864,1.1676812,0.42771345,-0.88550794,0.18148521,0
-4.0250816,-2.1055481,1.0634744,-0.3996619,-0.0051752478,0.91664797,0
4.5216532,2.4173288,-0.80481005,0.3996619,0.0051752478,-0.91664797,0
3.8633342,2.312397,2.1193991,0.81075984,0.46459541,0.35611731,0
-4.3709402,-1.3966939,0.8582058,-0.3996619,-0.0051752478,0.91664797,0
3.270937,2.5453153,-0.25548291,-0.42771345,0.88550794,-0.18148521,0
-3.6070948,-2.6203473,-2.6032784,-0.81075984,-0.46459541,-0.35611731,0
4.300518,2.3297293,1.3660166,0.81075984,0.46459541,0.35611731,0
-4.4450846,-2.0732048,-1.4560077,-0.81075984,-0.46459541,-0.35611731,0
-0.66660595,0.057985842,-3.0547125,0.3996619,0.0051752478,-0.91664797,0
-5.388051,-1.5434998,0.13764477,-0.42771345,0.88550794,-0.18148521,0
-1.9400799,-1.6271006,1.7620633,0.42771345,-0.88550794,0.18148521,0
-4.2661972,-3.1220114,0.4564786,0.42771345,-0.88550794,0.18148521,0
-0.95705342,-2.3056149,-2.9754033,0.42771345,-0.88550794,0.18148521,0
2.2635946,1.4616873,-1.7439152,0.3996619,0.0051752478,-0.91664797,0
4.5333209,2.4721429,0.39083958,0.81075984,0.46459541,0.35611731,0
-0.95764196,-1.8228769,-0.9419477,0.42771345,-0.88550794,0.18148521,0
0.24730492,-1.3479233,-2.1853514,0.42771345,-0.88550794,0.18148521,0
-4.4495792,-2.5517492,0.68643332,-0.3996619,-0.0051752478,0.91664797,0
-3.3045371,-2.1280198,1.2645538,-0.3996619,-0.0051752478,0.91664797,0
-3.8227818,-3.0790937,-1.2052934,-0.81075984,-0.46459541,-0.35611731,0
4.4038548,3.0033731,0.24965096,0.81075984,0.46459541,0.35611731,0
1.5815041,2.5723472,3.4771178,-0.3996619,-0.0051752478,0.91664797,0
-0.56526947,0.97357047,2.5361567,-0.3996619,-0.0051752478,0.91664797,0
-1.8754869,-0.41722083,-3.1041951,-0.42771345,0.88550794,-0.18148521,0
-4.1515722,-1.6297449,0.90362883,-0.3996619,-0.0051752478,0.91664797,0
-1.6676462,-0.83957303,-3.5050368,0.3996619,0.0051752478,-0.91664797,0
-4.469986,-1.426127,-2.1051404,-0.81075984,-0.46459541,-0.35611731,0
3.4189084,2.2990897,3.4358487,0.81075984,0.46459541,0.35611731,0
4.6810117,1.6905417,1.123229,0.81075984,0.46459541,0.35611731,0
-4.4160395,-2.8301289,-0.31535578,-0.81075984,-0.46459541,-0.35611731,0
2.1627092,0.019848704,0.78214777,0.42771345,-0.88550794,0.18148521,0
-2.9320884,-0.2410326,0.48606992,-0.42771345,0.88550794,-0.18148521,0
3.8768611,2.6449289,1.9767094,0.81075984,0.46459541,0.35611731,0
-3.2980707,-0.5894388,-0.44639111,-0.42771345,0.88550794,-0.18148521,0
-3.7585471,-0.855901,1.1003091,-0.3996619,-0.0051752478,0.91664797,0
4.0344853,1.1536729,1.3529282,0.42771345,-0.88550794,0.18148521,0
0.44938993,0.60866928,-2.4581869,0.3996619,0.0051752478,-0.91664797,0
3.5118999,0.33090305,-0.91107464,0.42771345,-0.88550794,0.18148521,0
-0.79033315,0.33621091,-1.9238118,-0.42771345,0.88550794,-0.18148521,0
-1.6376733,-2.3471253,-1.6146795,0.42771345,-0.88550794,0.18148521,0
-1.5502706,-1.4152862,2.0675118,-0.3996619,-0.0051752478,0.91664797,0
2.2908077,1.4300236,-1.6625038,0.3996619,0.0051752478,-0.91664797,0
1.8951654,-0.31493998,-0.083436251,0.42771345,-0.88550794,0.18148521,0
-3.64995,-2.5372705,-2.6235273,-0.81075984,-0.46459541,-0.35611731,0
-0.56722307,-0.90414423,2.0573134,0.42771345,-0.88550794,0.18148521,0
0.20569181,-1.2075574,-2.6606312,0.3996619,0.0051752478,-0.91664797,0
-4.7130275,-2.0249007,-0.72977877,-0.81075984,-0.46459541,-0.35611731,0
2.147763,0.16626918,0.96948886,0.42771345,-0.88550794,0.18148521,0
3.1954844,0.92341006,2.5259514,0.42771345,-0.88550794,0.18148521,0
4.4723396,1.9270725,1.5698171,0.81075984,0.46459541,0.35611731,0
3.0296955,0.93367511,-1.443855,0.3996619,0.0051752478,-0.91664797,0
2.0967367,2.7593489,3.7006516,-0.3996619,-0.0051752478,0.91664797,0
-3.0365481,-3.0140777,-3.3881631,-0.81075984,-0.46459541,-0.35611731,0
4.5037832,1.7344582,1.4589498,0.81075984,0.46459541,0.35611731,0
3.2549851,0.48772585,0.61150289,0.42771345,-0.88550794,0.18148521,0
4.3209915,1.3608543,-0.84173155,0.3996619,0.0051752478,-0.91664797,0
2.144979,1.9419399,3.6952586,-0.3996619,-0.0051752478,0.91664797,0
2.3437107,2.3216176,-0.18714309,-0.42771345,0.88550794,-0.18148521,0
-1.2419558,-1.9249158,-0.69878662,0.42771345,-0.88550794,0.18148521,0
3.8781664,1.5572398,3.339644,0.81075984,0.46459541,0.35611731,0
1.534725,0.52933657,-2.0884614,0.3996619,0.0051752478,-0.91664797,0
3.6809878,3.0300281,1.5925159,0.81075984,0.46459541,0.35611731,0
1.1125019,0.98123652,-2.225225,0.3996619,0.0051752478,-0.91664797,0
-3.8168693,-1.4687108,-3.2631683,-0.81075984,-0.46459541,-0.35611731,0
4.1673679,2.064111,1.7256436,0.81075984,0.46459541,0.35611731,0
1.7189536,1.3121867,-1.9528943,0.3996619,0.0051752478,-0.91664797,0
3.1343942,3.0472524,2.2617257,-0.42771345,0.88550794,-0.18148521,0
-3.1449509,-1.2348068,1.2884154,-0.3996619,-0.0051752478,0.91664797,0
-4.0687714,-2.309103,-1.6610374,-0.81075984,-0.46459541,-0.35611731,0
-4.2583227,-1.7612658,-1.8687274,-0.81075984,-0.46459541,-0.35611731,0
3.4426594,1.1383258,2.7517996,0.42771345,-0.88550794,0.18148521,0
-2.4484441,-2.1911774,-3.7664456,0.3996619,0.0051752478,-0.91664797,0
-0.88944781,-1.6225309,0.04420805,0.42771345,-0.88550794,0.18148521,0
2.6845856,1.7346022,3.9903343,-0.3996619,-0.0051752478,0.91664797,0
4.5899863,2.0047736,0.91571236,0.81075984,0.46459541,0.35611731,0
-2.8580534,-0.80644405,-2.7618744,-0.42771345,0.88550794,-0.18148521,0
-3.6092801,-1.3814327,-3.3676901,-0.42771345,0.88550794,-0.18148521,0
0.58450812,-0.70663935,0.84110975,0.42771345,-0.88550794,0.18148521,0
-4.3168812,-3.138375,0.77856541,0.42771345,-0.88550794,0.18148521,0
4.106988,2.0107915,-0.9620235,0.3996619,0.0051752478,-0.91664797,0
0.95801264,2.0183303,1.7752779,-0.42771345,0.88550794,-0.18148521,0
-2.6435044,0.026072621,1.5370946,-0.3996619,-0.0051752478,0.91664797,0
1.8132439,0.79813367,3.5924249,-0.3996619,-0.0051752478,0.91664797,0
3.958636,2.4896371,1.6761241,0.81075984,0.46459541,0.35611731,0
-4.1827793,-2.6417985,-0.83386993,-0.81075984,-0.46459541,-0.35611731,0
-4.3567262,-2.5847597,-0.53704119,-0.81075984,-0.46459541,-0.35611731,0
3.1861551,1.5294373,4.1279964,-0.3996619,-0.0051752478,0.91664797,0
2.4529896,2.5828588,1.1204681,-0.42771345,0.88550794,-0.18148521,0
-4.2723451,-2.0124049,-1.8012984,-0.81075984,-0.46459541,-0.35611731,0
4.4027758,1.5665847,2.2433956,0.81075984,0.46459541,0.35611731,0
0.75159466,0.96704292,2.9638259,-0.3996619,-0.0051752478,0.91664797,0
3.4546578,2.8816423,2.3856194,0.81075984,0.46459541,0.35611731,0
2.4543605,2.9794459,3.1027889,-0.42771345,0.88550794,-0.18148521,0
3.2606196,1.6223097,-1.2112026,0.3996619,0.0051752478,-0.91664797,0
-4.3399124,-1.6938429,-2.0267322,-0.81075984,-0.46459541,-0.35611731,0
-3.5460403,-2.9725914,-2.1770515,-0.81075984,-0.46459541,-0.35611731,0
4.7466087,2.5087082,-0.6690979,0.3996619,0.0051752478,-0.91664797,0
4.0289421,3.2653131,0.43436909,-0.42771345,0.88550794,-0.18148521,0
0.82508922,0.69038159,3.1688707,-0.3996619,-0.0051752478,0.91664797,0
5.0522156,1.7140033,-0.51917791,0.3996619,0.0051752478,-0.91664797,0
-0.18076861,-1.8264853,-2.5293009,0.42771345,-0.88550794,0.18148521,0
-2.5874033,-1.0909393,-3.962198,0.3996619,0.0051752478,-0.91664797,0
-0.1128757,1.0590742,2.613112,-0.3996619,-0.0051752478,0.91664797,0
4.7758827,2.5718212,0.026101112,0.81075984,0.46459541,0.35611731,0
-0.14800572,0.68176997,2.7080853,-0.3996619,-0.0051752478,0.91664797,0
0.4547807,-0.60648084,1.3812426,0.42771345,-0.88550794,0.18148521,0
-0.66041422,0.27038878,2.4986696,-0.3996619,-0.0051752478,0.91664797,0
-1.7132038,-1.976228,0.29886341,0.42771345,-0.88550794,0.18148521,0
4.2206168,2.3263011,1.3791738,0.81075984,0.46459541,0.35611731,0
1.7187185,1.8911333,3.4429846,-0.3996619,-0.0051752478,0.91664797,0
-0.68236792,-1.3346524,0.74515367,0.42771345,-0.88550794,0.18148521,0
-0.95029104,-0.53468132,-3.1727457,0.3996619,0.0051752478,-0.91664797,0
-1.5226698,0.24832499,2.0975614,-0.3996619,-0.0051752478,0.91664797,0
2.3096044,0.19281566,0.7316556,0.42771345,-0.88550794,0.18148521,0
0.88672805,2.1953917,2.8108234,-0.42771345,0.88550794,-0.18148521,0
-3.1901994,-2.3968551,-3.8378577,-0.81075984,-0.46459541,-0.35611731,0
0.39378405,0.24970511,-2.4455831,0.3996619,0.0051752478,-0.91664797,0
-4.7609701,-2.7235439,0.4665103,-0.81075984,-0.46459541,-0.35611731,0
3.4639425,2.9920318,2.1963551,0.81075984,0.46459541,0.35611731,0
-0.012811303,-1.706952,-2.3840876,0.42771345,-0.88550794,0.18148521,0
1.3597727,-0.43275487,-0.056557178,0.42771345,-0.88550794,0.18148521,0
2.9587286,2.7070544,3.9735379,0.81075984,0.46459541,0.35611731,0
2.5555978,0.75372934,2.6345801,0.42771345,-0.88550794,0.18148521,0
-3.0409315,-2.8578095,-0.84112072,0.42771345,-0.88550794,0.18148521,0
-0.81704903,-1.0735619,-3.1392171,0.3996619,0.0051752478,-0.91664797,0
-1.0366344,0.50503021,2.2631562,-0.3996619,-0.0051752478,0.91664797,0
0.96427107,1.9670386,3.1986079,-0.3996619,-0.0051752478,0.91664797,0
4.0216422,2.3120301,1.9000361,0.81075984,0.46459541,0.35611731,0
-4.6768064,-1.6780299,-1.4653974,-0.81075984,-0.46459541,-0.35611731,0
2.1070378,-0.37712252,-1.4752972,0.42771345,-0.88550794,0.18148521,0
-3.081563,-3.0948372,-3.2503088,-0.81075984,-0.46459541,-0.35611731,0
-3.387012,-1.7098446,-3.9758272,-0.81075984,-0.46459541,-0.35611731,0
-1.167924,-2.0792136,-1.7323121,0.42771345,-0.88550794,0.18148521,0
-4.474,-1.5322845,-2.0408785,-0.81075984,-0.46459541,-0.35611731,0
-1.0278043,-1.4223529,-3.2278707,0.3996619,0.0051752478,-0.91664797,0
2.9805079,0.96329504,-1.3544378,0.3996619,0.0051752478,-0.91664797,0
-2.0715692,-0.62138534,1.928091,-0.3996619,-0.0051752478,0.91664797,0
-0.89394957,-1.5112184,0.32502604,0.42771345,-0.88550794,0.18148521,0
0.52401257,0.60610259,-2.5043631,0.3996619,0.0051752478,-0.91664797,0
0.6061008,-0.14625567,-2.3846531,0.3996619,0.0051752478,-0.91664797,0
-2.6513343,-2.4358118,-3.9678192,0.3996619,0.0051752478,-0.91664797,0
-1.4738481,-2.1264234,-1.6105467,0.42771345,-0.88550794,0.18148521,0
-5.1360979,-1.3944341,0.44877863,-0.3996619,-0.0051752478,0.91664797,0
2.5007102,1.0677679,-1.5600153,0.3996619,0.0051752478,-0.91664797,0
-3.6174159,-2.9974089,-1.8069282,-0.81075984,-0.46459541,-0.35611731,0
-1.583187,-1.8279991,0.81501293,0.42771345,-0.88550794,0.18148521,0
-4.3753953,-1.5739259,-2.0892949,-0.81075984,-0.46459541,-0.35611731,0
-0.93108594,0.37089461,-1.266439,-0.42771345,0.88550794,-0.18148521,0
5.1987514,1.8191512,-0.11159229,0.81075984,0.46459541,0.35611731,0
-4.0918689,-1.1466846,-1.1474481,-0.42771345,0.88550794,-0.18148521,0
-3.7375734,-1.285037,1.123266,-0.3996619,-0.0051752478,0.91664797,0
-0.16581106,0.54699504,2.6607132,-0.3996619,-0.0051752478,0.91664797,0
-5.1703315,-2.1505075,0.27775335,-0.81075984,-0.46459541,-0.35611731,0
-3.0303404,-2.833163,-0.67558384,0.42771345,-0.88550794,0.18148521,0
2.1224511,0.14022303,-1.8877447,0.3996619,0.0051752478,-0.91664797,0
3.7913971,1.069645,-1.0244293,0.3996619,0.0051752478,-0.91664797,0
-2.7616677,-0.049250007,0.5847553,-0.42771345,0.88550794,-0.18148521,0
-1.0614952,-2.027796,-1.8393848,0.42771345,-0.88550794,0.18148521,0
-3.1088796,-2.9806268,-2.8886986,-0.81075984,-0.46459541,-0.35611731,0
-0.28399944,-0.025768727,2.5984805,-0.3996619,-0.0051752478,0.91664797,0
1.815732,1.8240011,-0.36056161,-0.42771345,0.88550794,-0.18148521,0
2.9259672,1.6038465,4.0932059,-0.3996619,-0.0051752478,0.91664797,0
0.45300251,-0.69009507,0.90730965,0.42771345,-0.88550794,0.18148521,0
4.7787857,2.6596947,-0.070720196,0.81075984,0.46459541,0.35611731,0
3.3986473,2.1844563,3.367548,0.81075984,0.46459541,0.35611731,0
1.2833673,1.4302582,-1.1498535,-0.42771345,0.88550794,-0.18148521,0
4.0948439,2.5138533,1.5297682,0.81075984,0.46459541,0.35611731,0
-2.6179032,-0.95449054,1.5977802,-0.3996619,-0.0051752478,0.91664797,0
-3.9908741,-2.6700149,-1.3549018,-0.81075984,-0.46459541,-0.35611731,0
4.1631756,2.3101702,1.7371807,0.81075984,0.46459541,0.35611731,0
-3.0580137,-3.177743,-2.2677221,0.42771345,-0.88550794,0.18148521,0
-2.1820335,-1.2288123,1.7620084,-0.3996619,-0.0051752478,0.91664797,0
-2.7061436,-2.5859466,-1.1893094,0.42771345,-0.88550794,0.18148521,0
-4.488163,-2.4362347,-0.55791855,-0.81075984,-0.46459541,-0.35611731,0
-1.8609736,-1.7268825,-3.6448383,0.3996619,0.0051752478,-0.91664797,0
2.5236621,1.2581892,3.9243569,-0.3996619,-0.0051752478,0.91664797,0
4.4409919,2.0414724,1.0292277,0.81075984,0.46459541,0.35611731,0
2.0286345,-0.36000097,-1.7644764,0.3996619,0.0051752478,-0.91664797,0
-0.26664919,-1.293273,-0.42931849,0.42771345,-0.88550794,0.18148521,0
-4.3785706,-2.7124972,-0.39855862,-0.81075984,-0.46459541,-0.35611731,0
-0.054969072,1.3448803,1.35264,-0.42771345,0.88550794,-0.18148521,0
-3.1524503,-1.1679211,1.2660229,-0.3996619,-0.0051752478,0.91664797,0
-4.2108169,-1.3994532,-2.6961532,-0.81075984,-0.46459541,-0.35611731,0
-2.9972234,-2.9224072,-3.6329856,-0.81075984,-0.46459541,-0.35611731,0
2.6624663,2.6489451,1.3981788,-0.42771345,0.88550794,-0.18148521,0
0.77359509,-0.050287813,-2.4971833,0.3996619,0.0051752478,-0.91664797,0
1.8365967,0.0063260794,-2.0025439,0.3996619,0.0051752478,-0.91664797,0
5.0841103,2.3181677,-0.4525404,0.81075984,0.46459541,0.35611731,0
4.6631689,1.9232745,0.75881672,0.81075984,0.46459541,0.35611731,0
5.0761566,1.8276232,0.093975067,0.81075984,0.46459541,0.35611731,0
4.9806499,1.4873507,0.55800247,0.81075984,0.46459541,0.35611731,0
3.2511773,2.2163796,-1.3349299,0.3996619,0.0051752478,-0.91664797,0
2.1336658,0.69044536,-1.6899878,0.3996619,0.0051752478,-0.91664797,0
1.9048206,1.9322282,-0.34520125,-0.42771345,0.88550794,-0.18148521,0
4.6530876,2.7162404,-0.70683384,0.3996619,0.0051752478,-0.91664797,0
2.702008,3.0006735,2.5990257,-0.42771345,0.88550794,-0.18148521,0
-3.4532163,-1.9087193,-3.6602843,-0.81075984,-0.46459541,-0.35611731,0
-4.3788571,-2.9703214,0.71328163,-0.3996619,-0.0051752478,0.91664797,0
-4.4179811,-1.4683602,-1.7627742,-0.42771345,0.88550794,-0.18148521,0
4.3218751,1.4801277,2.2933116,0.81075984,0.46459541,0.35611731,0
-2.4207931,-1.6866895,1.7338297,-0.3996619,-0.0051752478,0.91664797,0
1.0347235,0.58527005,3.1329556,-0.3996619,-0.0051752478,0.91664797,0
-4.9994307,-1.104979,0.61860132,-0.3996619,-0.0051752478,0.91664797,0
-0.936858,0.6816951,0.51215118,-0.42771345,0.88550794,-0.18148521,0
-3.1919217,-1.3826197,-4.1874218,0.3996619,0.0051752478,-0.91664797,0
4.3238535,0.74770367,-0.60350037,0.42771345,-0.88550794,0.18148521,0
0.022354841,-1.3388309,-2.7439685,0.3996619,0.0051752478,-0.91664797,0
4.708806,0.970397,-0.64229202,0.3996619,0.0051752478,-0.91664797,0
1.3829629,1.694025,0.042331338,-0.42771345,0.88550794,-0.18148521,0
2.6147056,1.4124969,-1.5840037,0.3996619,0.0051752478,-0.91664797,0
2.6353676,2.6107345,3.8560195,-0.3996619,-0.0051752478,0.91664797,0
2.5723221,2.0349119,-1.6451163,0.3996619,0.0051752478,-0.91664797,0
3.4863336,1.6380551,4.0896301,0.81075984,0.46459541,0.35611731,0
-4.3617692,-1.0985421,0.88342428,-0.3996619,-0.0051752478,0.91664797,0
-1.3324425,0.60877705,0.19858342,-0.42771345,0.88550794,-0.18148521,0
-2.9607196,-0.56413996,-0.78709388,-0.42771345,0.88550794,-0.18148521,0
-0.86450398,1.1492106,1.7511501,-0.42771345,0.88550794,-0.18148521,0
3.5473759,2.9770074,0.5411644,-0.42771345,0.88550794,-0.18148521,0
4.3085523,2.0154996,1.833118,0.81075984,0.46459541,0.35611731,0
1.7860525,-0.1027317,-1.8885055,0.3996619,0.0051752478,-0.91664797,0
-0.1785208,-1.6475878,-2.7243195,0.3996619,0.0051752478,-0.91664797,0
-4.9788742,-1.7123932,-0.58033085,-0.81075984,-0.46459541,-0.35611731,0
0.55925512,-0.32305866,2.3331516,0.42771345,-0.88550794,0.18148521,0
0.14108479,0.9999184,-0.88830292,-0.42771345,0.88550794,-0.18148521,0
1.6312592,-0.63307154,-1.9915103,0.3996619,0.0051752478,-0.91664797,0
-0.79904795,-0.77715605,-3.0474536,0.3996619,0.0051752478,-0.91664797,0
-4.1469364,-3.240808,-0.45218658,-0.81075984,-0.46459541,-0.35611731,0
-3.0741365,-0.41734779,-0.23047543,-0.42771345,0.88550794,-0.18148521,0
1.8548783,0.58115244,3.5479646,-0.3996619,-0.0051752478,0.91664797,0
-0.93561709,-0.48817348,-3.0534725,0.3996619,0.0051752478,-0.91664797,0
-3.3945045,-2.2101197,-3.2886481,-0.81075984,-0.46459541,-0.35611731,0
-0.67972016,-0.41937914,2.487005,-0.3996619,-0.0051752478,0.91664797,0
4.6963277,1.2712477,0.29615998,0.42771345,-0.88550794,0.18148521,0
-3.4145131,-2.3639121,-3.0947385,-0.81075984,-0.46459541,-0.35611731,0
4.2591,0.73960507,-0.3858304,0.42771345,-0.88550794,0.18148521,0
3.0356898,2.5396276,0.10391974,-0.42771345,0.88550794,-0.18148521,0
-4.4732614,-2.1864901,-1.1589394,-0.81075984,-0.46459541,-0.35611731,0
-0.29238898,-1.3729551,-0.096799791,0.42771345,-0.88550794,0.18148521,0
2.4617589,0.51509291,2.0022652,0.42771345,-0.88550794,0.18148521,0
1.0632443,1.5022123,-0.58216929,-0.42771345,0.88550794,-0.18148521,0
3.6404457,1.6354537,3.7439585,0.81075984,0.46459541,0.35611731,0
-0.84329271,0.29459745,-2.5198131,-0.42771345,0.88550794,-0.18148521,0
-4.0104914,-1.9507253,-2.5726221,-0.81075984,-0.46459541,-0.35611731,0
1.3003045,1.7190436,3.289242,-0.3996619,-0.0051752478,0.91664797,0
-0.32710189,-1.307353,-0.42486972,0.42771345,-0.88550794,0.18148521,0
4.1615572,1.5243844,2.5955858,0.81075984,0.46459541,0.35611731,0
3.2802701,2.1025643,3.9679506,0.81075984,0.46459541,0.35611731,0
-4.4895325,-0.87660956,0.69597006,-0.3996619,-0.0051752478,0.91664797,0
3.2059555,3.2543502,2.5287886,0.81075984,0.46459541,0.35611731,0
-2.8729725,-3.2453806,-3.3082633,0.42771345,-0.88550794,0.18148521,0
2.5184927,0.91280586,3.5234263,0.42771345,-0.88550794,0.18148521,0
1.7830358,0.87053925,3.5581172,-0.3996619,-0.0051752478,0.91664797,0
2.8525057,2.8123913,3.778218,0.81075984,0.46459541,0.35611731,0
-4.3833485,-1.5550015,-2.2037637,-0.81075984,-0.46459541,-0.35611731,0
3.1580505,2.6059031,3.1915255,0.81075984,0.46459541,0.35611731,0
4.15837,3.0547194,-0.23878813,-0.42771345,0.88550794,-0.18148521,0
3.1574116,0.95279527,2.6673861,0.42771345,-0.88550794,0.18148521,0
1.7981241,2.6124139,3.0083268,-0.42771345,0.88550794,-0.18148521,0
-4.7525692,-2.2663226,-0.50921869,-0.81075984,-0.46459541,-0.35611731,0
2.4083109,0.90362352,3.8737979,-0.3996619,-0.0051752478,0.91664797,0
-1.2522597,-1.009937,2.2710009,-0.3996619,-0.0051752478,0.91664797,0
1.9938884,2.4319181,1.2642505,-0.42771345,0.88550794,-0.18148521,0
2.9785056,2.7734525,3.7591639,0.81075984,0.46459541,0.35611731,0
-0.039099395,0.86609346,-0.90776253,-0.42771345,0.88550794,-0.18148521,0
1.0710855,0.39993832,-2.3443873,0.3996619,0.0051752478,-0.91664797,0
-3.7890244,-1.6414249,-3.0134499,-0.81075984,-0.46459541,-0.35611731,0
-3.2619574,-2.4143763,-3.3735313,-0.81075984,-0.46459541,-0.35611731,0
3.6669827,2.1588016,2.9242384,0.81075984,0.46459541,0.35611731,0
3.9479017,2.9853592,-0.5249939,-0.42771345,0.88550794,-0.18148521,0
-4.0095897,-1.2085886,-1.8704336,-0.42771345,0.88550794,-0.18148521,0
2.0772259,-0.58589375,-1.8004932,0.42771345,-0.88550794,0.18148521,0
4.4598675,1.1086001,-0.75937057,0.3996619,0.0051752478,-0.91664797,0
3.4965963,2.1645091,2.9815683,0.81075984,0.46459541,0.35611731,0
4.658567,3.0332835,-0.60963154,0.81075984,0.46459541,0.35611731,0
1.6624684,1.3609117,3.3760843,-0.3996619,-0.0051752478,0.91664797,0
-3.3773651,-2.1374195,-3.6624804,-0.81075984,-0.46459541,-0.35611731,0
4.3131247,2.8327928,0.73485947,0.81075984,0.46459541,0.35611731,0
-3.0536618,-2.5972049,-3.6132765,-0.81075984,-0.46459541,-0.35611731,0
4.4453073,1.9496555,1.1976271,0.81075984,0.46459541,0.35611731,0
3.5789993,0.71282977,-1.1874192,0.3996619,0.0051752478,-0.91664797,0
-3.5302982,-1.0288872,-2.3299711,-0.42771345,0.88550794,-0.18148521,0
0.9607538,1.2419201,-1.3736652,-0.42771345,0.88550794,-0.18148521,0
-3.6301367,-2.390033,-2.6629646,-0.81075984,-0.46459541,-0.35611731,0
3.3083878,0.76469725,1.7465641,0.42771345,-0.88550794,0.18148521,0
-1.9226286,-0.23518562,1.8889341,-0.3996619,-0.0051752478,0.91664797,0
1.8698313,-0.089276433,0.91234905,0.42771345,-0.88550794,0.18148521,0
-3.8056359,-1.9837587,-3.0407357,-0.81075984,-0.46459541,-0.35611731,0
-1.943064,-0.80447948,1.8644263,-0.3996619,-0.0051752478,0.91664797,0
3.4449885,2.6004858,2.5918713,0.81075984,0.46459541,0.35611731,0
-0.97569966,-1.0449464,2.3638527,-0.3996619,-0.0051752478,0.91664797,0
1.1729792,0.056488693,3.0306504,0.42771345,-0.88550794,0.18148521,0
0.43241179,1.0006015,2.8430042,-0.3996619,-0.0051752478,0.91664797,0
-2.2686958,-2.0982504,0.26476932,0.42771345,-0.88550794,0.18148521,0
2.2739818,1.9196032,-1.0390716,-0.42771345,0.88550794,-0.18148521,0
4.2715459,1.196394,0.88259864,0.42771345,-0.88550794,0.18148521,0
-3.663538,-1.9627271,-2.9318469,-0.81075984,-0.46459541,-0.35611731,0
-5.3353081,-1.855449,0.28666401,-0.81075984,-0.46459541,-0.35611731,0
3.3697965,0.49973094,0.42098904,0.42771345,-0.88550794,0.18148521,0
-2.5702105,-1.488059,-3.7576156,0.3996619,0.0051752478,-0.91664797,0
-1.3632138,-1.5183364,0.78720951,0.42771345,-0.88550794,0.18148521,0
1.1341066,1.1899424,3.255548,-0.3996619,-0.0051752478,0.91664797,0
3.64782,0.71004653,0.45417142,0.42771345,-0.88550794,0.18148521,0
-2.2465935,-0.17955351,-0.87301576,-0.42771345,0.88550794,-0.18148521,0
-1.3477125,-1.5054162,1.7554855,0.42771345,-0.88550794,0.18148521,0
3.0627031,3.0462883,2.8530512,0.81075984,0.46459541,0.35611731,0
1.8594339,-0.43323088,-1.9631752,0.3996619,0.0051752478,-0.91664797,0
0.60610151,0.90850556,-2.2177999,-0.42771345,0.88550794,-0.18148521,0
0.2495511,1.4118735,0.43786532,-0.42771345,0.88550794,-0.18148521,0
-2.4146328,-2.189882,0.47108197,0.42771345,-0.88550794,0.18148521,0
3.4601321,2.7878442,-0.36729479,-0.42771345,0.88550794,-0.18148521,0
-1.1675456,-0.59659934,2.2753139,-0.3996619,-0.0051752478,0.91664797,0
-3.8763282,-1.3598713,-3.2910922,-0.81075984,-0.46459541,-0.35611731,0
-2.6260176,-0.090909839,1.5233662,-0.3996619,-0.0051752478,0.91664797,0
-0.48919845,-1.4047925,-2.8912251,0.3996619,0.0051752478,-0.91664797,0
2.4028234,1.6223848,3.8413341,-0.3996619,-0.0051752478,0.91664797,0
4.735446,1.051369,-0.60171008,0.3996619,0.0051752478,-0.91664797,0
-3.6764579,-0.62761152,-0.13113856,-0.42771345,0.88550794,-0.18148521,0
-1.3742661,0.91079128,1.7934302,-0.42771345,0.88550794,-0.18148521,0
-4.4257984,-2.5323849,-0.86780357,-0.81075984,-0.46459541,-0.35611731,0
1.9329171,2.1228116,-0.16800785,-0.42771345,0.88550794,-0.18148521,0
-0.46972111,0.80835986,-0.85827017,-0.42771345,0.88550794,-0.18148521,0
3.5565548,1.2967917,3.5765319,0.42771345,-0.88550794,0.18148521,0
-3.5113664,-1.879245,-3.6743462,-0.81075984,-0.46459541,-0.35611731,0
-3.7022712,-1.286973,-2.55158,-0.42771345,0.88550794,-0.18148521,0
3.4004354,0.62910044,0.74877143,0.42771345,-0.88550794,0.18148521,0
-0.51302826,-1.8442177,-2.3253155,0.42771345,-0.88550794,0.18148521,0
-1.7169358,-1.7414809,0.78631306,0.42771345,-0.88550794,0.18148521,0
-3.5576797,-1.4123297,-3.8261852,-0.81075984,-0.46459541,-0.35611731,0
-2.5846596,-1.0968713,1.6430408,-0.3996619,-0.0051752478,0.91664797,0
1.874017,0.89641106,-2.0032582,0.3996619,0.0051752478,-0.91664797,0
0.54892135,-1.330501,-2.0159273,0.42771345,-0.88550794,0.18148521,0
1.3275272,-0.22927439,1.1853106,0.42771345,-0.88550794,0.18148521,0
3.3181837,3.0188618,1.7983077,-0.42771345,0.88550794,-0.18148521,0
4.3803625,1.4853246,2.0516281,0.81075984,0.46459541,0.35611731,0
2.1646152,0.68253297,-1.8686469,0.3996619,0.0051752478,-0.91664797,0
1.8186767,-0.13664663,0.82389015,0.42771345,-0.88550794,0.18148521,0
-3.1262915,-2.1531754,-4.1501579,0.3996619,0.0051752478,-0.91664797,0
4.7172532,2.6926422,-0.73371315,0.3996619,0.0051752478,-0.91664797,0
-2.3796628,0.17828727,1.6961814,-0.3996619,-0.0051752478,0.91664797,0
-1.8071899,-2.2405653,-3.5225823,0.3996619,0.0051752478,-0.91664797,0
-2.6983368,-0.59801126,-2.6007073,-0.42771345,0.88550794,-0.18148521,0
-2.269393,-1.2356274,1.6608211,-0.3996619,-0.0051752478,0.91664797,0
4.2307353,3.1829236,-0.2195673,-0.42771345,0.88550794,-0.18148521,0
3.2436628,2.7618423,3.0831199,0.81075984,0.46459541,0.35611731,0
4.4435201,2.6014905,0.33337593,0.81075984,0.46459541,0.35611731,0
-2.0577807,0.28673506,0.84393942,-0.42771345,0.88550794,-0.18148521,0
-5.0211649,-1.6823566,-0.68764877,-0.81075984,-0.46459541,-0.35611731,0
-1.9971895,-1.7743045,-3.6593375,0.3996619,0.0051752478,-0.91664797,0
-3.2239437,-0.60214692,-1.0063632,-0.42771345,0.88550794,-0.18148521,0
3.615859,1.9969623,3.1570292,0.81075984,0.46459541,0.35611731,0
-4.2287169,-1.9067717,-1.7353175,-0.81075984,-0.46459541,-0.35611731,0
1.6377144,1.1237527,-1.9929044,0.3996619,0.0051752478,-0.91664797,0
-5.4316502,-1.655079,0.35750866,-0.81075984,-0.46459541,-0.35611731,0
1.8672264,2.4376349,1.896244,-0.42771345,0.88550794,-0.18148521,0
5.017467,1.9323342,-0.54041004,0.3996619,0.0051752478,-0.91664797,0
3.4022229,1.7836218,4.1063385,0.81075984,0.46459541,0.35611731,0
4.2896824,1.7489212,-0.83431005,0.3996619,0.0051752478,-0.91664797,0
0.15541601,0.10211413,2.7416606,-0.3996619,-0.0051752478,0.91664797,0
1.7252705,0.27616543,-2.0032697,0.3996619,0.0051752478,-0.91664797,0
2.65114,0.72950125,-1.5582962,0.3996619,0.0051752478,-0.91664797,0
4.8870049,1.3194969,-0.54446983,0.3996619,0.0051752478,-0.91664797,0
2.6165054,-0.0072528124,-1.6195865,0.3996619,0.0051752478,-0.91664797,0
3.8418007,2.1136827,2.256552,0.81075984,0.46459541,0.35611731,0
4.3594518,2.2027023,1.1491396,0.81075984,0.46459541,0.35611731,0
3.1876192,2.667695,0.37383723,-0.42771345,0.88550794,-0.18148521,0
2.0911269,0.31600088,2.0175211,0.42771345,-0.88550794,0.18148521,0
0.79733121,-0.21898168,2.2362268,0.42771345,-0.88550794,0.18148521,0
2.0438256,1.8819414,-0.88248205,-0.42771345,0.88550794,-0.18148521,0
3.932358,3.0774624,-0.11129665,-0.42771345,0.88550794,-0.18148521,0
-5.2217588,-1.8059872,0.42083645,-0.3996619,-0.0051752478,0.91664797,0
-0.0066847205,1.2070265,-0.054078817,-0.42771345,0.88550794,-0.18148521,0
1.4692717,2.3321157,1.8601673,-0.42771345,0.88550794,-0.18148521,0
-3.8753185,-0.8175838,0.97923994,-0.3996619,-0.0051752478,0.91664797,0
-4.2513962,-1.6247216,-2.370966,-0.81075984,-0.46459541,-0.35611731,0
4.7783775,2.395752,-0.063128471,0.81075984,0.46459541,0.35611731,0
2.0207405,0.94558895,3.694417,-0.3996619,-0.0051752478,0.91664797,0
0.29155445,0.53020442,2.8840022,-0.3996619,-0.0051752478,0.91664797,0
3.1000271,0.96918428,-1.3039784,0.3996619,0.0051752478,-0.91664797,0
4.2769585,1.5488675,-0.78779674,0.3996619,0.0051752478,-0.91664797,0
1.9217145,-0.39227104,-1.8859316,0.3996619,0.0051752478,-0.91664797,0
2.5261338,1.4775068,3.8764808,-0.3996619,-0.0051752478,0.91664797,0
-1.0802622,0.51103902,-0.98006248,-0.42771345,0.88550794,-0.18148521,0
3.3655536,3.184787,2.4300833,0.81075984,0.46459541,0.35611731,0
1.464411,-0.77345955,-1.1760774,0.42771345,-0.88550794,0.18148521,0
-2.82811,-3.0519679,-3.7312679,-0.81075984,-0.46459541,-0.35611731,0
-4.8431077,-2.0061183,0.51562881,-0.3996619,-0.0051752478,0.91664797,0
-4.5153823,-2.6476765,0.69199991,-0.3996619,-0.0051752478,0.91664797,0
0.77054453,1.9992198,2.4645693,-0.42771345,0.88550794,-0.18148521,0
-1.5252945,0.39457369,0.25651127,-0.42771345,0.88550794,-0.18148521,0
-3.6191235,-2.251133,-3.1199605,-0.81075984,-0.46459541,-0.35611731,0
-4.070591,-2.3013484,-1.714607,-0.81075984,-0.46459541,-0.35611731,0
-0.93996835,-1.7736996,-0.66808558,0.42771345,-0.88550794,0.18148521,0
-2.9949901,-0.55628306,-1.4981101,-0.42771345,0.88550794,-0.18148521,0
3.3087692,2.3934307,3.1674991,0.81075984,0.46459541,0.35611731,0
0.064453363,-1.4768475,-2.2804894,0.42771345,-0.88550794,0.18148521,0
-1.7949265,-2.2843952,-1.0910821,0.42771345,-0.88550794,0.18148521,0
-1.8913099,-1.9687291,0.68495321,0.42771345,-0.88550794,0.18148521,0
-4.804616,-2.3213799,0.025193214,-0.81075984,-0.46459541,-0.35611731,0
3.3680258,2.3607526,3.2654345,0.81075984,0.46459541,0.35611731,0
4.7023396,2.2747893,0.44776011,0.81075984,0.46459541,0.35611731,0
-3.7525623,-2.8815145,0.58119583,0.42771345,-0.88550794,0.18148521,0
4.7318807,2.006716,0.60563183,0.81075984,0.46459541,0.35611731,0
4.6856999,2.6396937,-0.3068018,0.81075984,0.46459541,0.35611731,0
-3.2906709,-3.0973139,-2.6601958,-0.81075984,-0.46459541,-0.35611731,0
-1.8950002,0.32592332,1.8937337,-0.3996619,-0.0051752478,0.91664797,0
4.5840011,1.7968744,1.3196385,0.81075984,0.46459541,0.35611731,0
4.1704092,1.7927618,2.3886819,0.81075984,0.46459541,0.35611731,0
4.9082623,1.5940911,0.62999201,0.81075984,0.46459541,0.35611731,0
-4.0822902,-2.4454858,-1.7656248,-0.81075984,-0.46459541,-0.35611731,0
-2.7666419,-2.25647,0.86332846,0.42771345,-0.88550794,0.18148521,0
-0.43967068,0.8175205,-0.33501661,-0.42771345,0.88550794,-0.18148521,0
-3.4484119,-0.62452185,-0.60578489,-0.42771345,0.88550794,-0.18148521,0
2.0347528,2.1627109,0.62273216,-0.42771345,0.88550794,-0.18148521,0
-3.3863225,-2.9160509,-2.3536065,-0.81075984,-0.46459541,-0.35611731,0
2.3196421,0.053888202,0.22746003,0.42771345,-0.88550794,0.18148521,0
-0.9544971,0.23420048,2.3451686,-0.3996619,-0.0051752478,0.91664797,0
-4.3037696,-2.8623135,-0.69048691,-0.81075984,-0.46459541,-0.35611731,0
-3.2327948,-2.4318409,-3.5384877,-0.81075984,-0.46459541,-0.35611731,0
3.0368838,1.7046092,-1.306767,0.3996619,0.0051752478,-0.91664797,0
2.5293846,1.0144349,3.8169415,-0.3996619,-0.0051752478,0.91664797,0
0.66390669,1.7351904,2.9178836,-0.3996619,-0.0051752478,0.91664797,0
0.58618784,2.0590272,3.0172191,-0.42771345,0.88550794,-0.18148521,0
3.6130233,0.85900557,0.72372293,0.42771345,-0.88550794,0.18148521,0
-1.2548618,-0.35969183,-3.1677175,0.3996619,0.0051752478,-0.91664797,0
-2.5086129,-2.2139306,0.25172901,0.42771345,-0.88550794,0.18148521,0
-2.6145906,-0.24067724,-0.36206532,-0.42771345,0.88550794,-0.18148521,0
-2.6031172,-2.8261933,-3.9343567,0.3996619,0.0051752478,-0.91664797,0
3.2864385,0.21149695,-1.2191005,0.3996619,0.0051752478,-0.91664797,0
5.0881753,1.1716312,-0.59763002,0.3996619,0.0051752478,-0.91664797,0
1.7682633,2.0406809,0.710814,-0.42771345,0.88550794,-0.18148521,0
3.8266141,2.2503765,2.2298372,0.81075984,0.46459541,0.35611731,0
3.5695913,3.1456301,1.9898305,0.81075984,0.46459541,0.35611731,0
2.2081409,0.44879192,2.6786699,0.42771345,-0.88550794,0.18148521,0
-0.28710574,0.93356538,-0.2572183,-0.42771345,0.88550794,-0.18148521,0
2.5572984,3.0547769,3.3541033,-0.42771345,0.88550794,-0.18148521,0
-3.5378532,-2.2186623,-3.0527864,-0.81075984,-0.46459541,-0.35611731,0
-3.9035287,-1.6545181,-2.7152936,-0.81075984,-0.46459541,-0.35611731,0
3.9377987,0.93900949,-1.1037233,0.3996619,0.0051752478,-0.91664797,0
5.270977,1.6231883,-0.097082138,0.81075984,0.46459541,0.35611731,0
-0.46317697,0.2591188,-2.9108057,-0.42771345,0.88550794,-0.18148521,0
3.9307575,3.0292802,1.0542796,0.81075984,0.46459541,0.35611731,0
0.73561764,-0.14621454,2.9690776,0.42771345,-0.88550794,0.18148521,0
4.6001768,1.6429275,-0.72985363,0.3996619,0.0051752478,-0.91664797,0
3.9778099,3.0565345,0.77991295,0.81075984,0.46459541,0.35611731,0
-3.6530294,-2.6426938,1.1599524,-0.3996619,-0.0051752478,0.91664797,0
-3.6766226,-0.558097,0.7585659,-0.42771345,0.88550794,-0.18148521,0
4.7590857,1.80417,0.66108036,0.81075984,0.46459541,0.35611731,0
4.5058408,1.6847115,1.6097505,0.81075984,0.46459541,0.35611731,0
3.7962863,1.6485398,3.1138024,0.81075984,0.46459541,0.35611731,0
-5.1092396,-1.8933301,0.22309208,-0.81075984,-0.46459541,-0.35611731,0
2.4400034,1.5800234,-1.5496814,0.3996619,0.0051752478,-0.91664797,0
3.7664437,1.9077286,3.0200238,0.81075984,0.46459541,0.35611731,0
-3.552603,-1.411546,-3.7682095,-0.42771345,0.88550794,-0.18148521,0
-0.32945371,0.76950622,2.6707039,-0.3996619,-0.0051752478,0.91664797,0
-3.9740663,-0.76433086,0.52998328,-0.42771345,0.88550794,-0.18148521,0
4.6053534,1.7306426,-0.62247753,0.3996619,0.0051752478,-0.91664797,0
-3.7252445,-2.2748134,-2.3960876,-0.81075984,-0.46459541,-0.35611731,0
-3.6549523,-3.1801107,-1.4715259,-0.81075984,-0.46459541,-0.35611731,0
-3.4852352,-1.6150799,-4.2022595,-0.81075984,-0.46459541,-0.35611731,0
-3.4622808,-1.476632,-3.9937274,-0.81075984,-0.46459541,-0.35611731,0
3.8415771,2.1602025,2.308887,0.81075984,0.46459541,0.35611731,0
3.212703,2.242763,3.7674661,0.81075984,0.46459541,0.35611731,0
5.0912395,1.5932242,-0.55638456,0.3996619,0.0051752478,-0.91664797,0
2.5790124,2.8601844,3.9681396,-0.3996619,-0.0051752478,0.91664797,0
4.6371646,1.4648695,-0.77282381,0.3996619,0.0051752478,-0.91664797,0
5.0357819,1.9458098,-0.48816252,0.3996619,0.0051752478,-0.91664797,0
-1.0562177,-1.175922,2.1884649,0.42771345,-0.88550794,0.18148521,0
-1.1188929,-1.6091131,0.80272293,0.42771345,-0.88550794,0.18148521,0
-3.7192819,-2.9098773,0.44136047,0.42771345,-0.88550794,0.18148521,0
-5.1639576,-1.7692468,0.077688694,-0.81075984,-0.46459541,-0.35611731,0
-2.8219638,-0.33372557,1.5808736,-0.3996619,-0.0051752478,0.91664797,0
-2.3237441,0.084166884,-0.079083323,-0.42771345,0.88550794,-0.18148521,0
-0.88518357,-1.0338482,2.382854,-0.3996619,-0.0051752478,0.91664797,0
-2.2954502,-0.061020613,-0.59186459,-0.42771345,0.88550794,-0.18148521,0
-5.4002857,-1.581437,0.11225224,-0.81075984,-0.46459541,-0.35611731,0
3.962718,2.689152,1.28444,0.81075984,0.46459541,0.35611731,0
-4.2369041,-2.7585921,-0.60340881,-0.81075984,-0.46459541,-0.35611731,0
3.5435853,1.7700392,3.7098103,0.81075984,0.46459541,0.35611731,0
-4.0404544,-1.3161963,1.0359204,-0.3996619,-0.0051752478,0.91664797,0
0.24648404,0.3633548,-2.7186334,0.3996619,0.0051752478,-0.91664797,0
-0.0080897808,-0.6640569,-2.7424383,0.3996619,0.0051752478,-0.91664797,0
-0.17552724,-1.2875799,-0.52291673,0.42771345,-0.88550794,0.18148521,0
3.4006348,2.5824482,-1.1301723,0.3996619,0.0051752478,-0.91664797,0
3.8785594,1.890465,2.8725517,0.81075984,0.46459541,0.35611731,0
-3.8456302,-3.0061705,-1.4186635,-0.81075984,-0.46459541,-0.35611731,0
-4.2333617,-2.9924071,-0.37254763,-0.81075984,-0.46459541,-0.35611731,0
-3.0409529,-2.4442341,0.31117868,0.42771345,-0.88550794,0.18148521,0
-1.0753553,0.56097054,2.3244467,-0.3996619,-0.0051752478,0.91664797,0
3.5339212,2.5899637,2.8612931,0.81075984,0.46459541,0.35611731,0
0.85578895,-0.24381936,-2.3299057,0.3996619,0.0051752478,-0.91664797,0
-4.347569,-2.9730082,-0.51841021,-0.81075984,-0.46459541,-0.35611731,0
3.46157,2.1148834,-1.1390014,0.3996619,0.0051752478,-0.91664797,0
-3.6162088,-1.8532181,-3.4402182,-0.81075984,-0.46459541,-0.35611731,0
-1.7033435,-2.357254,-2.2831693,0.42771345,-0.88550794,0.18148521,0
2.8952861,2.7749143,3.7880411,0.81075984,0.46459541,0.35611731,0
3.6364787,2.933723,2.1066291,0.81075984,0.46459541,0.35611731,0
-5.0651522,-1.5592264,0.41393852,-0.3996619,-0.0051752478,0.91664797,0
-2.0126405,-0.10063028,1.7797533,-0.3996619,-0.0051752478,0.91664797,0
1.4533057,-0.019277096,-2.036998,0.3996619,0.0051752478,-0.91664797,0
0.6726166,1.3607476,3.0506029,-0.3996619,-0.0051752478,0.91664797,0
2.9217143,1.1214982,3.6979241,0.42771345,-0.88550794,0.18148521,0
-3.6026194,-2.5639606,-2.4058385,-0.81075984,-0.46459541,-0.35611731,0
4.5486212,1.4428636,1.5815911,0.81075984,0.46459541,0.35611731,0
2.6825755,1.5788815,-1.5348041,0.3996619,0.0051752478,-0.91664797,0
-0.70553017,0.42892075,2.3251939,-0.3996619,-0.0051752478,0.91664797,0
-3.7428336,-2.6922419,0.81606817,0.42771345,-0.88550794,0.18148521,0
1.5235176,1.1452777,-2.0770116,0.3996619,0.0051752478,-0.91664797,0
0.5782361,-0.16206637,-2.5786989,0.3996619,0.0051752478,-0.91664797,0
-1.3694755,-0.7314356,-3.2460127,0.3996619,0.0051752478,-0.91664797,0
0.79383159,0.88824761,-2.3380294,0.3996619,0.0051752478,-0.91664797,0
-0.32886055,-1.3423997,0.087967813,0.42771345,-0.88550794,0.18148521,0
4.1921167,1.8700502,2.2980144,0.81075984,0.46459541,0.35611731,0
-2.0182712,0.526757,1.8028677,-0.3996619,-0.0051752478,0.91664797,0
4.8792067,1.8520784,0.56593561,0.81075984,0.46459541,0.35611731,0
4.900105,1.9611554,0.51839018,0.81075984,0.46459541,0.35611731,0
-1.0616295,-1.5511804,0.59805119,0.42771345,-0.88550794,0.18148521,0
3.6989706,1.8548198,3.3348007,0.81075984,0.46459541,0.35611731,0
2.9166431,0.42690885,0.95133686,0.42771345,-0.88550794,0.18148521,0
-2.9544604,-1.2722485,-4.0789328,0.3996619,0.0051752478,-0.91664797,0
-0.56042898,-1.5992063,-0.73731041,0.42771345,-0.88550794,0.18148521,0
4.5124779,1.5062928,1.8539767,0.81075984,0.46459541,0.35611731,0
-1.9178021,-0.32197034,1.9293876,-0.3996619,-0.0051752478,0.91664797,0
0.38240576,-1.1195514,-1.3442876,0.42771345,-0.88550794,0.18148521,0
-1.372529,-1.3699379,-3.4151325,0.3996619,0.0051752478,-0.91664797,0
-4.3600531,-1.7443638,-1.5845492,-0.81075984,-0.46459541,-0.35611731,0
-0.22069989,-1.2382116,-0.37658137,0.42771345,-0.88550794,0.18148521,0
4.7730904,2.3873551,-0.070296764,0.81075984,0.46459541,0.35611731,0
0.80572677,0.59534013,-2.42065,0.3996619,0.0051752478,-0.91664797,0
-4.0449471,-1.2375907,-1.9109299,-0.42771345,0.88550794,-0.18148521,0
-0.18674684,-1.4977149,-2.7751904,0.3996619,0.0051752478,-0.91664797,0
-3.4487519,-2.8060651,-2.2482011,-0.81075984,-0.46459541,-0.35611731,0
-4.1710472,-2.1348026,0.90777111,-0.3996619,-0.0051752478,0.91664797,0
