-0.017701626,-2.5350006,-0.28944659,-0.017887712,-0.92594886,-0.3772248,0
1.5097735,1.4952263,-0.23849344,0.90020251,-0.17909944,0.39693657,0
-0.066132307,2.3674259,1.0161043,0.017887712,0.92594886,0.3772248,0
-0.56553078,1.9611179,1.9093392,0.017887712,0.92594886,0.3772248,0
1.3274212,1.2871095,0.19485095,0.90020251,-0.17909944,0.39693657,0
-1.3871617,-0.29226369,3.4127593,-0.43510377,-0.33247843,0.83674532,0
1.2586639,3.5328465,-2.1076798,0.017887712,0.92594886,0.3772248,0
-0.42086506,-2.4777451,2.5545654,0.90020251,-0.17909944,0.39693657,0
-1.7252105,1.5108125,2.9170668,0.017887712,0.92594886,0.3772248,0
-1.9876688,-0.085545301,3.2160461,-0.43510377,-0.33247843,0.83674532,0
1.7388149,-0.011901617,-1.2593839,0.90020251,-0.17909944,0.39693657,0
0.094394326,-1.4497194,-3.1715336,-0.017887712,-0.92594886,-0.3772248,0
0.9188844,1.0207295,-3.4000974,0.43510377,0.33247843,-0.83674532,0
-0.056997538,2.5603409,-1.0979904,-0.90020251,0.17909944,-0.39693657,0
-2.4229195,-2.6835392,1.9631108,-0.43510377,-0.33247843,0.83674532,0
-1.4799957,-1.8457896,2.6458941,-0.43510377,-0.33247843,0.83674532,0
1.2752521,1.2588714,0.40081686,0.90020251,-0.17909944,0.39693657,0
1.5314338,3.1366069,-2.1046007,0.43510377,0.33247843,-0.83674532,0
-1.1466252,-2.2385275,2.7053695,-0.43510377,-0.33247843,0.83674532,0
0.33860946,2.5661166,0.31681919,0.017887712,0.92594886,0.3772248,0
1.3150226,0.17818451,-0.53284419,0.90020251,-0.17909944,0.39693657,0
0.34000468,-0.035161257,-3.3170581,-0.90020251,0.17909944,-0.39693657,0
-2.1779258,-1.5536354,2.3823175,-0.43510377,-0.33247843,0.83674532,0
-0.64756948,-0.73789966,3.4202442,0.90020251,-0.17909944,0.39693657,0
-0.86572802,0.27383184,-0.20115143,-0.90020251,0.17909944,-0.39693657,0
-0.61297107,-0.84256124,3.4553041,0.90020251,-0.17909944,0.39693657,0
-1.1233008,-3.4127128,1.795455,-0.017887712,-0.92594886,-0.3772248,0
0.75371718,3.5105219,-2.5108516,0.43510377,0.33247843,-0.83674532,0
-0.46801996,2.6516981,-0.065912247,0.017887712,0.92594886,0.3772248,0
-0.8300097,1.2921822,3.5020015,0.017887712,0.92594886,0.3772248,0
1.7360276,0.71513164,-0.85026693,0.90020251,-0.17909944,0.39693657,0
1.1892265,1.7379913,-2.8368943,0.43510377,0.33247843,-0.83674532,0
1.7484381,1.3577533,-2.6403341,0.43510377,0.33247843,-0.83674532,0
-0.74798346,-3.259028,2.5067763,-0.43510377,-0.33247843,0.83674532,0
1.0329795,-0.08710447,-3.67922,0.43510377,0.33247843,-0.83674532,0
-1.8824164,-3.3048182,1.5778018,-0.017887712,-0.92594886,-0.3772248,0
1.4419513,0.28714764,-0.55073392,0.90020251,-0.17909944,0.39693657,0
-1.4106002,0.96962607,1.2956731,-0.90020251,0.17909944,-0.39693657,0
-1.2122004,-1.270988,3.0453715,-0.43510377,-0.33247843,0.83674532,0
1.1594226,3.381798,-2.2201991,0.43510377,0.33247843,-0.83674532,0
-0.21255779,-1.7759676,2.0278563,0.90020251,-0.17909944,0.39693657,0
-0.7217927,2.2071943,1.4794239,0.017887712,0.92594886,0.3772248,0
-1.5778587,-1.9836619,2.5351918,-0.43510377,-0.33247843,0.83674532,0
-0.20791841,-3.2692146,1.4617535,-0.017887712,-0.92594886,-0.3772248,0
-0.71449506,-0.05142343,-0.71761471,-0.90020251,0.17909944,-0.39693657,0
0.73766887,-1.4049058,0.22179794,0.90020251,-0.17909944,0.39693657,0
2.3258758,2.250912,-2.0574689,0.43510377,0.33247843,-0.83674532,0
0.89998055,-1.7113407,-2.2556109,-0.017887712,-0.92594886,-0.3772248,0
-0.63558888,-2.4715557,-0.41347575,-0.017887712,-0.92594886,-0.3772248,0
-1.5200106,-0.80670869,0.70994872,-0.90020251,0.17909944,-0.39693657,0
-0.56901336,0.34674984,-1.2626505,-0.90020251,0.17909944,-0.39693657,0
0.74812508,-0.24363524,-3.9137766,0.43510377,0.33247843,-0.83674532,0
2.0977416,-1.2119007,-3.5155754,-0.017887712,-0.92594886,-0.3772248,0
2.3274291,1.7489361,-2.2390141,0.43510377,0.33247843,-0.83674532,0
0.40851879,2.9958529,-0.56093001,0.017887712,0.92594886,0.3772248,0
0.4985567,-0.14206994,1.078625,0.90020251,-0.17909944,0.39693657,0
0.68175626,0.79566693,1.3209097,0.90020251,-0.17909944,0.39693657,0
-0.72578168,-2.4286821,-0.64390659,-0.017887712,-0.92594886,-0.3772248,0
-0.11716533,1.3535211,3.305109,0.90020251,-0.17909944,0.39693657,0
2.0909216,-0.028967559,-3.1743879,0.43510377,0.33247843,-0.83674532,0
1.863221,0.21144927,-3.0849311,0.43510377,0.33247843,-0.83674532,0
-0.65112257,-2.8734124,2.6863146,-0.43510377,-0.33247843,0.83674532,0
-0.56582212,1.888519,2.1187668,0.017887712,0.92594886,0.3772248,0
0.41432428,3.038841,-2.2581623,-0.90020251,0.17909944,-0.39693657,0
0.26671016,-0.82262456,-3.3007731,-0.90020251,0.17909944,-0.39693657,0
0.1771214,-2.8763032,0.88093698,0.90020251,-0.17909944,0.39693657,0
-0.2862668,2.8474851,-0.30544508,0.017887712,0.92594886,0.3772248,0
-0.50800371,-2.9304471,0.55684376,-0.017887712,-0.92594886,-0.3772248,0
-1.0511651,-2.7704678,2.6469824,-0.43510377,-0.33247843,0.83674532,0
-0.20696568,-1.2454016,2.3981223,0.90020251,-0.17909944,0.39693657,0
-0.57323551,-2.8471797,0.13694727,-0.017887712,-0.92594886,-0.3772248,0
1.0556734,2.5832801,0.042375445,0.017887712,0.92594886,0.3772248,0
-0.6363824,0.63345599,4.2202635,-0.43510377,-0.33247843,0.83674532,0
-1.2720567,1.7437918,2.4663718,0.017887712,0.92594886,0.3772248,0
-1.0369027,-3.2636747,2.2892385,-0.43510377,-0.33247843,0.83674532,0
-1.7996597,0.0045286417,1.494629,-0.90020251,0.17909944,-0.39693657,0
-2.0773139,-2.4337482,1.2152131,-0.90020251,0.17909944,-0.39693657,0
-2.1566396,-2.8765645,1.9823185,-0.43510377,-0.33247843,0.83674532,0
2.4268591,1.6706181,-2.1659436,0.43510377,0.33247843,-0.83674532,0
-0.97139025,0.58367258,4.0222402,-0.43510377,-0.33247843,0.83674532,0
-0.39555919,1.6536031,-0.68168294,-0.90020251,0.17909944,-0.39693657,0
-1.4362695,-2.7321298,2.3114486,-0.43510377,-0.33247843,0.83674532,0
0.91991878,0.38296831,-3.4342098,0.43510377,0.33247843,-0.83674532,0
1.1851974,0.074557155,-3.6356864,0.43510377,0.33247843,-0.83674532,0
1.7766442,-0.17868066,-1.8041846,0.90020251,-0.17909944,0.39693657,0
-0.39731073,-2.9471321,0.60836446,-0.017887712,-0.92594886,-0.3772248,0
-0.84544557,-1.0684973,-1.2051129,-0.90020251,0.17909944,-0.39693657,0
-1.9958669,-2.6473372,2.0851068,-0.43510377,-0.33247843,0.83674532,0
0.082819462,-1.5587953,-2.9386725,-0.017887712,-0.92594886,-0.3772248,0
-0.64501548,-3.2842896,2.3276,0.90020251,-0.17909944,0.39693657,0
-0.94640946,-0.48966694,3.6147933,-0.43510377,-0.33247843,0.83674532,0
2.1757154,2.886194,-2.0161128,0.43510377,0.33247843,-0.83674532,0
2.2498803,2.711659,-1.9453944,0.43510377,0.33247843,-0.83674532,0
1.6319214,-1.064243,-3.8471704,0.43510377,0.33247843,-0.83674532,0
1.4784572,3.3618443,-1.4937073,0.017887712,0.92594886,0.3772248,0
-1.0922514,1.847191,0.70604706,-0.90020251,0.17909944,-0.39693657,0
-1.4092857,0.19548716,3.5309625,-0.43510377,-0.33247843,0.83674532,0
-0.61056805,1.9542073,1.7725141,0.017887712,0.92594886,0.3772248,0
-1.9922402,0.58418888,3.4787121,-0.43510377,-0.33247843,0.83674532,0
1.5023031,3.063678,-2.2898912,0.43510377,0.33247843,-0.83674532,0
0.80725038,-1.4804695,-3.1211624,-0.017887712,-0.92594886,-0.3772248,0
0.34873715,0.12535751,1.584787,0.90020251,-0.17909944,0.39693657,0
-1.3699858,-3.0309291,2.173398,-0.43510377,-0.33247843,0.83674532,0
1.1465805,2.925415,-0.47513545,0.017887712,0.92594886,0.3772248,0
1.2479658,2.9018302,-2.3846002,0.43510377,0.33247843,-0.83674532,0
-1.7403911,1.5297977,2.769475,0.017887712,0.92594886,0.3772248,0
1.6458607,-0.6932981,-3.5551419,0.43510377,0.33247843,-0.83674532,0
1.6954279,0.27735856,-3.2769744,0.43510377,0.33247843,-0.83674532,0
-0.81531787,-2.9886632,0.95128834,-0.017887712,-0.92594886,-0.3772248,0
1.5345412,-1.8974676,-1.7573223,0.90020251,-0.17909944,0.39693657,0
1.3139577,1.9857968,-2.7909317,0.43510377,0.33247843,-0.83674532,0
-2.3668602,-1.0435065,2.5501111,-0.43510377,-0.33247843,0.83674532,0
1.1504433,2.9401724,-0.4174031,0.017887712,0.92594886,0.3772248,0
0.3529911,2.9727936,-0.43666482,0.017887712,0.92594886,0.3772248,0
2.11168,-0.30116999,-2.4940131,0.90020251,-0.17909944,0.39693657,0
2.377454,1.5115125,-2.2700462,0.90020251,-0.17909944,0.39693657,0
-1.1958985,-1.3300456,2.9566259,-0.43510377,-0.33247843,0.83674532,0
2.2306564,-0.30920982,-3.1936853,0.43510377,0.33247843,-0.83674532,0
-1.234838,1.9220923,0.9559443,-0.90020251,0.17909944,-0.39693657,0
-0.91776031,-0.31920815,3.4839721,-0.43510377,-0.33247843,0.83674532,0
0.90667522,-0.36700898,0.40434259,0.90020251,-0.17909944,0.39693657,0
-0.51492214,2.5219121,-0.26593494,-0.90020251,0.17909944,-0.39693657,0
-0.29695916,2.3044267,0.72350585,0.017887712,0.92594886,0.3772248,0
1.0154982,0.58891571,0.48798221,0.90020251,-0.17909944,0.39693657,0
2.1172948,-0.37627423,-3.190567,0.43510377,0.33247843,-0.83674532,0
0.21207881,-1.55495,-2.7296467,-0.017887712,-0.92594886,-0.3772248,0
-1.36677,-3.4305227,1.8342303,-0.017887712,-0.92594886,-0.3772248,0
-0.18472934,1.8327487,2.010807,0.017887712,0.92594886,0.3772248,0
1.4348977,-0.84565806,-3.6594105,0.43510377,0.33247843,-0.83674532,0
-1.7759395,-1.6714066,0.75543147,-0.90020251,0.17909944,-0.39693657,0
0.88067961,3.1375337,-1.3507262,0.017887712,0.92594886,0.3772248,0
-0.62343645,-2.8909221,2.5658927,0.90020251,-0.17909944,0.39693657,0
1.2461686,-1.5735294,-3.0310156,-0.017887712,-0.92594886,-0.3772248,0
-0.65482473,1.91786,1.9609311,0.017887712,0.92594886,0.3772248,0
-0.30377483,2.0530682,-1.0252582,-0.90020251,0.17909944,-0.39693657,0
2.016459,-1.6063895,-2.6647124,-0.017887712,-0.92594886,-0.3772248,0
0.50864661,-1.9083898,0.57928145,0.90020251,-0.17909944,0.39693657,0
-1.2441003,-1.7492663,-0.35934454,-0.90020251,0.17909944,-0.39693657,0
-0.74213988,-0.94438398,-1.3868437,-0.90020251,0.17909944,-0.39693657,0
-1.1739695,-2.2467477,2.7852929,-0.43510377,-0.33247843,0.83674532,0
2.2655349,2.9585671,-1.7466855,0.43510377,0.33247843,-0.83674532,0
1.8873276,3.0374618,-2.0438895,0.43510377,0.33247843,-0.83674532,0
1.724431,-1.6878817,-2.5481949,-0.017887712,-0.92594886,-0.3772248,0
-0.9402926,1.8745178,1.8848944,0.017887712,0.92594886,0.3772248,0
-0.60334826,2.1099117,1.7387574,0.017887712,0.92594886,0.3772248,0
0.54534745,0.57852924,1.6570183,0.90020251,-0.17909944,0.39693657,0
0.36939859,-1.0925534,-3.670594,-0.90020251,0.17909944,-0.39693657,0
-0.020585418,-1.8798503,1.5588615,0.90020251,-0.17909944,0.39693657,0
1.2784271,0.72775841,-3.241091,0.43510377,0.33247843,-0.83674532,0
-0.30637419,1.4177547,2.9063318,0.017887712,0.92594886,0.3772248,0
-0.8811183,1.2312403,3.8025384,0.017887712,0.92594886,0.3772248,0
-1.3224659,0.67035371,0.87489009,-0.90020251,0.17909944,-0.39693657,0
-2.0536926,-0.37865853,2.9438179,-0.43510377,-0.33247843,0.83674532,0
0.59148359,-0.34400988,-4.0163159,0.43510377,0.33247843,-0.83674532,0
1.6615102,-0.14672065,-1.2671056,0.90020251,-0.17909944,0.39693657,0
-1.7718506,1.1797153,1.9593897,-0.90020251,0.17909944,-0.39693657,0
-0.51031804,-2.8735683,0.42022157,-0.017887712,-0.92594886,-0.3772248,0
-1.5275778,1.9200194,2.0947204,0.017887712,0.92594886,0.3772248,0
-1.7410245,-2.3789115,0.23847818,-0.90020251,0.17909944,-0.39693657,0
0.53078568,1.5040005,2.071981,0.90020251,-0.17909944,0.39693657,0
0.98184681,-2.2038078,-1.171412,-0.017887712,-0.92594886,-0.3772248,0
1.3003666,3.2272253,-2.2964206,0.43510377,0.33247843,-0.83674532,0
0.082773015,-0.07442385,-2.4915359,-0.90020251,0.17909944,-0.39693657,0
0.73881376,0.43069437,-3.6658049,0.43510377,0.33247843,-0.83674532,0
0.48987103,-2.1837142,-1.5210102,-0.017887712,-0.92594886,-0.3772248,0
-2.3158975,-1.749275,2.1897914,-0.90020251,0.17909944,-0.39693657,0
0.94506377,0.23382324,-3.5095186,0.43510377,0.33247843,-0.83674532,0
1.7069473,3.5018904,-1.8883851,0.43510377,0.33247843,-0.83674532,0
-0.052509785,3.03371,-0.70712066,0.017887712,0.92594886,0.3772248,0
-0.46220058,0.073384762,-1.4136475,-0.90020251,0.17909944,-0.39693657,0
0.8720094,0.33506581,-3.6824186,0.43510377,0.33247843,-0.83674532,0
-0.86359382,-3.142597,1.1246796,-0.017887712,-0.92594886,-0.3772248,0
-2.4309196,0.54558462,3.1618583,-0.43510377,-0.33247843,0.83674532,0
-0.56614077,1.862983,1.9321232,0.017887712,0.92594886,0.3772248,0
-1.2619315,-0.62460792,3.2023785,-0.43510377,-0.33247843,0.83674532,0
-2.1089165,-0.74666011,1.9727607,-0.90020251,0.17909944,-0.39693657,0
-0.3855952,1.4001644,3.2232046,0.017887712,0.92594886,0.3772248,0
-1.8747284,-2.1995316,2.338079,-0.43510377,-0.33247843,0.83674532,0
2.4389665,2.3126149,-1.9509505,0.43510377,0.33247843,-0.83674532,0
1.3184752,3.3888443,-1.7257448,0.017887712,0.92594886,0.3772248,0
-2.3609366,-1.5193117,1.9590404,-0.90020251,0.17909944,-0.39693657,0
1.2439396,0.046681687,-3.4557197,0.43510377,0.33247843,-0.83674532,0
0.38248658,2.3678658,1.0330187,0.017887712,0.92594886,0.3772248,0
-0.58060312,1.4391335,-0.76175016,-0.90020251,0.17909944,-0.39693657,0
-0.31429434,-3.1461432,1.2339646,-0.017887712,-0.92594886,-0.3772248,0
-0.062318325,-3.189919,1.1142304,-0.017887712,-0.92594886,-0.3772248,0
0.52376175,0.4833324,1.7417331,0.90020251,-0.17909944,0.39693657,0
0.13810134,2.0469403,1.4006631,0.017887712,0.92594886,0.3772248,0
0.6204704,2.3793886,-2.7061324,-0.90020251,0.17909944,-0.39693657,0
2.3693595,3.2163413,-1.5176862,0.90020251,-0.17909944,0.39693657,0
1.3951679,2.4575491,0.51128012,0.017887712,0.92594886,0.3772248,0
0.87715995,-0.36082345,-3.9853303,0.43510377,0.33247843,-0.83674532,0
-1.2196145,-2.9209442,2.3517199,-0.43510377,-0.33247843,0.83674532,0
0.18207693,2.0102863,1.8075683,0.017887712,0.92594886,0.3772248,0
-0.57069969,2.6463079,0.035504222,-0.90020251,0.17909944,-0.39693657,0
0.47182089,-0.00020122528,1.6612537,0.90020251,-0.17909944,0.39693657,0
-0.06647265,1.56618,-1.6982448,-0.90020251,0.17909944,-0.39693657,0
0.73219943,0.21115112,1.1297164,0.90020251,-0.17909944,0.39693657,0
0.84559369,3.2145014,-2.5062599,0.43510377,0.33247843,-0.83674532,0
-0.55115509,-0.58666933,-1.7113343,-0.90020251,0.17909944,-0.39693657,0
1.0816095,-2.2013433,-1.5031649,-0.017887712,-0.92594886,-0.3772248,0
-1.2995719,1.9768878,1.1591907,-0.90020251,0.17909944,-0.39693657,0
-0.088502884,2.5214953,0.28809297,0.017887712,0.92594886,0.3772248,0
1.1837131,2.2761464,-2.6143901,0.43510377,0.33247843,-0.83674532,0
-0.64842045,1.562597,-0.19898707,-0.90020251,0.17909944,-0.39693657,0
-0.75163507,2.4636908,0.754435,0.017887712,0.92594886,0.3772248,0
-1.2504019,1.1063201,0.93285024,-0.90020251,0.17909944,-0.39693657,0
0.22644293,-1.0287204,-3.3814397,-0.90020251,0.17909944,-0.39693657,0
0.4183979,2.1223464,1.5126333,0.017887712,0.92594886,0.3772248,0
-0.056327343,-1.4445796,2.0041704,0.90020251,-0.17909944,0.39693657,0
1.7973073,1.5958388,-2.5871406,0.43510377,0.33247843,-0.83674532,0
-0.89318049,0.27396226,3.8484464,-0.43510377,-0.33247843,0.83674532,0
-0.0020473003,2.2307637,1.0550573,0.017887712,0.92594886,0.3772248,0
-2.1996894,0.76277375,3.2617493,-0.43510377,-0.33247843,0.83674532,0
-0.94135165,1.6212723,2.475987,0.017887712,0.92594886,0.3772248,0
-1.2131733,-2.6858838,2.4424398,-0.43510377,-0.33247843,0.83674532,0
-0.0082376003,2.3522828,0.79388577,0.017887712,0.92594886,0.3772248,0
1.3868318,-0.99578786,-1.1073226,0.90020251,-0.17909944,0.39693657,0
-1.1478887,-0.59856957,3.2393782,-0.43510377,-0.33247843,0.83674532,0
1.146713,-2.2026789,-0.87527716,0.90020251,-0.17909944,0.39693657,0
1.0559052,-1.2231364,-3.4229255,-0.017887712,-0.92594886,-0.3772248,0
-2.0588541,0.066962004,2.3891006,-0.90020251,0.17909944,-0.39693657,0
-1.9576694,0.98192263,2.5372589,-0.90020251,0.17909944,-0.39693657,0
0.076555014,1.7678107,2.4960256,0.017887712,0.92594886,0.3772248,0
0.61759919,1.1873634,1.4993272,0.90020251,-0.17909944,0.39693657,0
-0.25386477,-1.2545724,2.5532787,0.90020251,-0.17909944,0.39693657,0
-1.6064339,-2.1638,0.25748324,-0.90020251,0.17909944,-0.39693657,0
-1.1942387,-2.8213253,0.45951712,-0.017887712,-0.92594886,-0.3772248,0
1.4587293,0.15751618,-3.3978148,0.43510377,0.33247843,-0.83674532,0
0.81782627,-2.4224706,-0.39972645,0.90020251,-0.17909944,0.39693657,0
0.62276077,2.9088714,-0.74085498,0.017887712,0.92594886,0.3772248,0
0.46067035,-1.3275744,1.1113989,0.90020251,-0.17909944,0.39693657,0
-0.92077875,-2.8088245,0.34528613,-0.017887712,-0.92594886,-0.3772248,0
0.28138128,0.19207048,2.0380239,0.90020251,-0.17909944,0.39693657,0
0.057958126,2.3172657,1.023945,0.017887712,0.92594886,0.3772248,0
-1.4832615,0.86561662,3.8225999,-0.43510377,-0.33247843,0.83674532,0
-0.78968203,1.4408402,-0.1925596,-0.90020251,0.17909944,-0.39693657,0
-0.1285485,1.367582,3.1085708,0.017887712,0.92594886,0.3772248,0
-1.7739446,-0.21363151,1.6085318,-0.90020251,0.17909944,-0.39693657,0
1.8721762,3.3842676,-1.8139175,0.017887712,0.92594886,0.3772248,0
-2.0910385,0.92445928,3.3668864,-0.43510377,-0.33247843,0.83674532,0
-0.48503387,1.0362333,-1.1474013,-0.90020251,0.17909944,-0.39693657,0
-1.5096468,0.12050536,3.5522339,-0.43510377,-0.33247843,0.83674532,0
1.2603593,-1.4664869,-1.0761368,0.90020251,-0.17909944,0.39693657,0
-1.7471921,-3.3644142,1.7648569,-0.017887712,-0.92594886,-0.3772248,0
-2.1191702,-1.8365333,2.3535054,-0.43510377,-0.33247843,0.83674532,0
-0.40313864,-1.987618,2.3268304,0.90020251,-0.17909944,0.39693657,0
1.5703014,2.8564711,-0.33608103,0.017887712,0.92594886,0.3772248,0
0.79096562,0.7475009,-3.4884381,0.43510377,0.33247843,-0.83674532,0
-0.40505648,-3.3843393,1.516695,-0.017887712,-0.92594886,-0.3772248,0
0.82021272,-1.6948855,-0.10984075,0.90020251,-0.17909944,0.39693657,0
1.0239704,3.5417783,-2.0960445,0.017887712,0.92594886,0.3772248,0
2.4231308,3.0643721,-1.706158,0.43510377,0.33247843,-0.83674532,0
1.093623,-1.345746,-3.1494076,-0.017887712,-0.92594886,-0.3772248,0
0.57766294,1.8909833,2.0262766,0.017887712,0.92594886,0.3772248,0
-0.48014975,-3.0854733,0.83608162,-0.017887712,-0.92594886,-0.3772248,0
-1.4540024,-0.1935398,3.4348409,-0.43510377,-0.33247843,0.83674532,0
-1.5111711,1.5324187,3.0931196,0.017887712,0.92594886,0.3772248,0
0.014460206,1.5338454,2.6933954,0.017887712,0.92594886,0.3772248,0
0.015870094,-1.0280342,2.2263453,0.90020251,-0.17909944,0.39693657,0
1.3357443,2.8520267,-2.4593682,0.43510377,0.33247843,-0.83674532,0
1.2335992,-1.966974,-1.3884225,0.90020251,-0.17909944,0.39693657,0
-0.066215038,-1.9001737,-1.8870835,-0.017887712,-0.92594886,-0.3772248,0
0.10544777,-1.6922519,-2.3789914,-0.017887712,-0.92594886,-0.3772248,0
-0.89031261,-1.2981548,3.2682116,-0.43510377,-0.33247843,0.83674532,0
-1.065443,1.2375473,3.4243481,0.017887712,0.92594886,0.3772248,0
-0.83739638,1.7339357,2.499898,0.017887712,0.92594886,0.3772248,0
1.4218682,-1.4587928,-3.2884898,-0.017887712,-0.92594886,-0.3772248,0
-0.6232909,1.7355008,2.4143105,0.017887712,0.92594886,0.3772248,0
1.0168709,-1.0349092,-3.9992325,0.43510377,0.33247843,-0.83674532,0
-1.7860988,-1.3054924,2.8041334,-0.43510377,-0.33247843,0.83674532,0
-1.840091,-0.79729342,2.8856697,-0.43510377,-0.33247843,0.83674532,0
-0.64264131,-0.0039001107,3.7424567,0.90020251,-0.17909944,0.39693657,0
-0.27595472,-1.9450753,-1.6179249,-0.017887712,-0.92594886,-0.3772248,0
0.66945171,-1.5522065,-2.5974426,-0.017887712,-0.92594886,-0.3772248,0
-0.53045225,1.842141,2.3022411,0.017887712,0.92594886,0.3772248,0
0.54396749,-2.6734638,0.039298892,-0.017887712,-0.92594886,-0.3772248,0
0.65703428,-0.50845706,0.70688087,0.90020251,-0.17909944,0.39693657,0
-1.8298953,-1.3827413,1.1278632,-0.90020251,0.17909944,-0.39693657,0
2.3927546,0.78294301,-2.73171,0.43510377,0.33247843,-0.83674532,0
1.7015485,1.7072964,-2.6381526,0.43510377,0.33247843,-0.83674532,0
-1.6631809,-1.1526129,2.7926397,-0.43510377,-0.33247843,0.83674532,0
0.10200402,-0.33196771,1.9192852,0.90020251,-0.17909944,0.39693657,0
0.22019088,-1.2099386,1.5130713,0.90020251,-0.17909944,0.39693657,0
-2.4696751,-2.4201038,1.9611652,-0.43510377,-0.33247843,0.83674532,0
-0.81840384,1.0507587,4.0453,0.017887712,0.92594886,0.3772248,0
0.4451136,-0.072538733,-3.3534732,-0.90020251,0.17909944,-0.39693657,0
0.48648715,-1.724311,-2.339185,-0.017887712,-0.92594886,-0.3772248,0
2.3896101,2.7176352,-1.8533815,0.43510377,0.33247843,-0.83674532,0
0.67505932,-1.9632297,-1.9096048,-0.017887712,-0.92594886,-0.3772248,0
-0.75984889,0.29980493,-0.86126661,-0.90020251,0.17909944,-0.39693657,0
-0.51516843,-2.0428967,-1.7591709,-0.017887712,-0.92594886,-0.3772248,0
-1.4441981,1.8250854,1.9818199,0.017887712,0.92594886,0.3772248,0
0.87488985,-2.0947132,-1.3869243,-0.017887712,-0.92594886,-0.3772248,0
-0.033372879,2.1847231,1.4854367,0.017887712,0.92594886,0.3772248,0
1.7898757,1.2989486,-2.6783836,0.43510377,0.33247843,-0.83674532,0
-0.92372894,-0.94412291,3.2868001,-0.43510377,-0.33247843,0.83674532,0
-1.6749204,-3.118284,2.1574807,-0.43510377,-0.33247843,0.83674532,0
1.8929039,2.6088312,-2.1117258,0.43510377,0.33247843,-0.83674532,0
-0.16498232,-1.7494705,-2.2701592,-0.017887712,-0.92594886,-0.3772248,0
2.2306514,3.295547,-1.382545,0.017887712,0.92594886,0.3772248,0
0.16920505,0.060915112,-2.7089434,-0.90020251,0.17909944,-0.39693657,0
-0.43377304,1.3765994,-0.89108092,-0.90020251,0.17909944,-0.39693657,0
1.307954,2.4345894,0.81349021,0.90020251,-0.17909944,0.39693657,0
-0.51368845,-1.6968199,2.6803067,0.90020251,-0.17909944,0.39693657,0
1.3945959,-1.3458784,-3.4805992,-0.017887712,-0.92594886,-0.3772248,0
0.1964885,-1.0641145,1.5013402,0.90020251,-0.17909944,0.39693657,0
-1.9168047,-0.1016084,1.9662939,-0.90020251,0.17909944,-0.39693657,0
-0.62047482,1.7065501,-0.4686082,-0.90020251,0.17909944,-0.39693657,0
2.1081481,3.2739112,-1.6929352,0.43510377,0.33247843,-0.83674532,0
-0.6850493,-0.72884381,-1.3490608,-0.90020251,0.17909944,-0.39693657,0
-1.5124832,-1.5931164,0.11131972,-0.90020251,0.17909944,-0.39693657,0
0.011703491,-1.9346364,-1.6793472,-0.017887712,-0.92594886,-0.3772248,0
-0.43236256,-2.2364247,-1.350758,-0.017887712,-0.92594886,-0.3772248,0
1.9764807,3.4410558,-1.7154195,0.43510377,0.33247843,-0.83674532,0
-1.5135797,-1.6287292,2.8479171,-0.43510377,-0.33247843,0.83674532,0
-0.53923249,-2.6978221,0.20025456,-0.017887712,-0.92594886,-0.3772248,0
-1.6989486,-1.2768872,2.6830056,-0.43510377,-0.33247843,0.83674532,0
-0.35510445,2.1016881,-0.95097393,-0.90020251,0.17909944,-0.39693657,0
-1.0517087,0.94593418,0.2099697,-0.90020251,0.17909944,-0.39693657,0
2.2177038,2.2437403,-2.1568496,0.43510377,0.33247843,-0.83674532,0
-2.3202567,-3.2906232,1.4668509,-0.017887712,-0.92594886,-0.3772248,0
2.1546617,1.5663245,-2.4505632,0.43510377,0.33247843,-0.83674532,0
-1.4727621,-1.5952203,-0.095018387,-0.90020251,0.17909944,-0.39693657,0
0.6221422,-1.2251217,-3.6667073,-0.017887712,-0.92594886,-0.3772248,0
0.3839418,-0.13373685,1.5683298,0.90020251,-0.17909944,0.39693657,0
0.3157289,2.7787275,0.027080417,0.017887712,0.92594886,0.3772248,0
-0.8010242,1.1017883,4.1676831,0.017887712,0.92594886,0.3772248,0
-1.7456712,-2.743782,0.34205472,-0.017887712,-0.92594886,-0.3772248,0
1.412398,-1.1073158,-3.7523618,-0.017887712,-0.92594886,-0.3772248,0
1.2066433,2.8124132,-0.16011119,0.017887712,0.92594886,0.3772248,0
0.99241531,-1.5724328,-2.9756026,-0.017887712,-0.92594886,-0.3772248,0
1.9421073,-1.4820212,-3.0099199,-0.017887712,-0.92594886,-0.3772248,0
0.5348208,1.1322258,-3.0942795,-0.90020251,0.17909944,-0.39693657,0
-0.94725466,-3.5749717,1.9396329,-0.017887712,-0.92594886,-0.3772248,0
1.9169172,2.0218351,-2.4759514,0.43510377,0.33247843,-0.83674532,0
0.52974534,-2.606281,0.0099982023,-0.017887712,-0.92594886,-0.3772248,0
-2.4100287,0.69367093,3.3211019,-0.43510377,-0.33247843,0.83674532,0
1.6292431,-0.32377565,-3.5181439,0.43510377,0.33247843,-0.83674532,0
2.1422391,-1.4467038,-3.3841417,-0.017887712,-0.92594886,-0.3772248,0
1.9412118,-0.38665998,-1.8974547,0.90020251,-0.17909944,0.39693657,0
-1.2060814,-0.73338342,-0.037114561,-0.90020251,0.17909944,-0.39693657,0
0.79776597,-2.1699185,-0.36374301,0.90020251,-0.17909944,0.39693657,0
-0.17049098,-1.9355683,1.8507195,0.90020251,-0.17909944,0.39693657,0
-0.98094368,2.2367158,1.3526748,0.017887712,0.92594886,0.3772248,0
0.94134599,0.06993711,-3.7837052,0.43510377,0.33247843,-0.83674532,0
-1.4768825,-2.0041323,-0.2688657,-0.90020251,0.17909944,-0.39693657,0
0.84065557,2.9303176,-0.50986838,0.017887712,0.92594886,0.3772248,0
0.11334479,-1.5714546,-2.5802708,-0.017887712,-0.92594886,-0.3772248,0
-0.82589364,1.3253908,-0.075948387,-0.90020251,0.17909944,-0.39693657,0
0.75172961,-1.6206118,-2.4986367,-0.017887712,-0.92594886,-0.3772248,0
-1.5960861,-1.2884582,2.8475974,-0.43510377,-0.33247843,0.83674532,0
-2.5368214,-2.3794727,2.0052176,-0.43510377,-0.33247843,0.83674532,0
2.2166822,1.1524019,-1.9525392,0.90020251,-0.17909944,0.39693657,0
-1.5631839,-0.80053747,3.146652,-0.43510377,-0.33247843,0.83674532,0
-0.5761323,-1.2438333,-2.0144572,-0.90020251,0.17909944,-0.39693657,0
-0.59789848,2.2644691,0.99770468,0.017887712,0.92594886,0.3772248,0
1.453197,2.025352,0.13531834,0.90020251,-0.17909944,0.39693657,0
-2.0623224,-0.34525526,2.0644188,-0.90020251,0.17909944,-0.39693657,0
-0.34540728,0.12581813,3.256968,0.90020251,-0.17909944,0.39693657,0
1.8226743,-0.33553347,-3.3191216,0.43510377,0.33247843,-0.83674532,0
-2.1245708,-2.4074984,1.2339003,-0.90020251,0.17909944,-0.39693657,0
-0.91271448,1.051553,4.084538,0.017887712,0.92594886,0.3772248,0
-0.78091443,0.63406229,4.0391808,-0.43510377,-0.33247843,0.83674532,0
-1.0353093,-1.5992694,2.9039452,-0.43510377,-0.33247843,0.83674532,0
-1.8920847,1.5398874,2.8270998,0.017887712,0.92594886,0.3772248,0
-1.7832073,-0.073763549,3.3124926,-0.43510377,-0.33247843,0.83674532,0
-1.2612274,0.66281533,3.8139226,-0.43510377,-0.33247843,0.83674532,0
0.34455001,-0.97232735,1.2669742,0.90020251,-0.17909944,0.39693657,0
-1.5099216,-2.4541695,2.5164113,-0.43510377,-0.33247843,0.83674532,0
-2.3934336,-3.3065119,1.5180254,-0.90020251,0.17909944,-0.39693657,0
-0.50357485,2.5587547,0.31131041,0.017887712,0.92594886,0.3772248,0
1.0140364,-0.44252241,0.14625436,0.90020251,-0.17909944,0.39693657,0
-1.329798,0.20910287,0.83609962,-0.90020251,0.17909944,-0.39693657,0
-1.9469781,1.035603,2.6120636,-0.90020251,0.17909944,-0.39693657,0
-0.11988854,-3.031034,1.5583755,0.90020251,-0.17909944,0.39693657,0
1.9061584,3.2113066,-2.0198364,0.43510377,0.33247843,-0.83674532,0
0.44392872,1.2102141,1.9247541,0.90020251,-0.17909944,0.39693657,0
-1.0744658,-3.3204942,2.3750753,-0.43510377,-0.33247843,0.83674532,0
2.1686039,0.78483438,-2.6487606,0.43510377,0.33247843,-0.83674532,0
-0.3137486,-3.2670245,1.361503,-0.017887712,-0.92594886,-0.3772248,0
-0.66724491,1.9422946,1.7453372,0.017887712,0.92594886,0.3772248,0
-0.85335517,1.3476398,-0.035681009,-0.90020251,0.17909944,-0.39693657,0
-1.3576324,-0.70918965,0.25035989,-0.90020251,0.17909944,-0.39693657,0
0.28568506,2.4352012,0.69449461,0.017887712,0.92594886,0.3772248,0
-1.1693587,0.22407046,3.5894983,-0.43510377,-0.33247843,0.83674532,0
0.7070961,2.0879302,1.5296383,0.017887712,0.92594886,0.3772248,0
-1.7735958,-1.2266523,2.8463535,-0.43510377,-0.33247843,0.83674532,0
0.92021441,-2.3047276,-1.0389857,-0.017887712,-0.92594886,-0.3772248,0
-0.71303153,2.3842411,0.59466183,0.017887712,0.92594886,0.3772248,0
1.5996308,3.0258613,-0.74911213,0.017887712,0.92594886,0.3772248,0
-0.87920523,-3.3107634,1.2764704,-0.017887712,-0.92594886,-0.3772248,0
2.2532382,-0.18981779,-2.4707465,0.90020251,-0.17909944,0.39693657,0
2.3362315,-0.57392156,-3.1048086,0.90020251,-0.17909944,0.39693657,0
-1.4428874,-1.7231073,0.092150629,-0.90020251,0.17909944,-0.39693657,0
-1.6208475,-3.2601585,1.5360713,-0.017887712,-0.92594886,-0.3772248,0
-0.6444577,-1.8822526,-1.7918106,-0.017887712,-0.92594886,-0.3772248,0
0.73576343,-1.3636167,-3.4691496,-0.017887712,-0.92594886,-0.3772248,0
-1.6590672,-3.0584388,0.74561882,-0.017887712,-0.92594886,-0.3772248,0
1.848259,3.3361564,-1.4902486,0.017887712,0.92594886,0.3772248,0
-2.1781447,0.32538211,3.2379363,-0.43510377,-0.33247843,0.83674532,0
-0.32031345,-3.2082078,1.2473834,-0.017887712,-0.92594886,-0.3772248,0
1.5571272,3.209161,-1.0879059,0.017887712,0.92594886,0.3772248,0
0.89721954,1.7774804,-3.0844133,0.43510377,0.33247843,-0.83674532,0
-0.52257705,-2.6300104,2.7661343,0.90020251,-0.17909944,0.39693657,0
0.59720004,-1.5345523,-2.6665704,-0.017887712,-0.92594886,-0.3772248,0
0.51527774,-1.6977406,0.48378313,0.90020251,-0.17909944,0.39693657,0
1.1151631,2.4212961,-2.5728831,0.43510377,0.33247843,-0.83674532,0
0.90347481,1.8421593,-2.9923513,0.43510377,0.33247843,-0.83674532,0
1.1138647,1.4778939,-3.0788527,0.43510377,0.33247843,-0.83674532,0
-0.16685271,-2.4847538,-0.29591596,-0.017887712,-0.92594886,-0.3772248,0
-2.4216201,-0.86198473,2.5404308,-0.43510377,-0.33247843,0.83674532,0
-1.1907126,-0.54442191,-0.19240229,-0.90020251,0.17909944,-0.39693657,0
1.3090274,-1.7603486,-2.2555161,-0.017887712,-0.92594886,-0.3772248,0
-1.7115211,-3.4644828,1.7002425,-0.017887712,-0.92594886,-0.3772248,0
1.8716314,2.21035,-0.87230265,0.90020251,-0.17909944,0.39693657,0
-0.23723531,2.7969866,-0.72150302,-0.90020251,0.17909944,-0.39693657,0
0.58803821,1.1819987,-3.1332951,-0.90020251,0.17909944,-0.39693657,0
2.1459203,3.1843586,-1.0790678,0.017887712,0.92594886,0.3772248,0
2.3780532,3.2438302,-1.7150217,0.43510377,0.33247843,-0.83674532,0
-1.7761883,0.17397007,3.3544977,-0.43510377,-0.33247843,0.83674532,0
0.42418891,1.168718,1.9581831,0.90020251,-0.17909944,0.39693657,0
-0.25460553,-2.9229887,0.3315717,-0.017887712,-0.92594886,-0.3772248,0
0.74120784,-0.62100548,0.64493692,0.90020251,-0.17909944,0.39693657,0
-0.085485205,-0.18043995,2.8375046,0.90020251,-0.17909944,0.39693657,0
0.46611714,3.0289168,-2.2272291,-0.90020251,0.17909944,-0.39693657,0
0.88474774,-1.8471777,-2.2957654,-0.017887712,-0.92594886,-0.3772248,0
1.0704136,3.4444325,-2.1613612,0.43510377,0.33247843,-0.83674532,0
1.5298007,2.7199268,-2.3910573,0.43510377,0.33247843,-0.83674532,0
-0.11837935,2.5136118,0.49649262,0.017887712,0.92594886,0.3772248,0
-1.5416003,-0.52325445,3.2759058,-0.43510377,-0.33247843,0.83674532,0
-0.97974443,2.2392225,1.0529492,0.017887712,0.92594886,0.3772248,0
0.19908953,-2.0511513,1.1171867,0.90020251,-0.17909944,0.39693657,0
-0.62623405,1.4691253,2.8818147,0.017887712,0.92594886,0.3772248,0
-1.288528,0.98200637,3.987232,-0.43510377,-0.33247843,0.83674532,0
1.7141687,-0.55233562,-1.8202866,0.90020251,-0.17909944,0.39693657,0
1.107993,-1.5735874,-2.9468715,-0.017887712,-0.92594886,-0.3772248,0
-0.67461014,-2.9061699,0.7199682,-0.017887712,-0.92594886,-0.3772248,0
-0.31824577,-0.32870662,2.9189916,0.90020251,-0.17909944,0.39693657,0
-1.785702,0.61685008,3.5731351,-0.43510377,-0.33247843,0.83674532,0
-0.54143286,-2.4021468,-0.76300061,-0.017887712,-0.92594886,-0.3772248,0
1.1919488,-1.818835,-2.4075418,-0.017887712,-0.92594886,-0.3772248,0
-2.3524168,-2.8983264,1.7062464,-0.43510377,-0.33247843,0.83674532,0
-0.66515279,-1.4458084,-1.6518393,-0.90020251,0.17909944,-0.39693657,0
-1.0700536,-0.92397165,3.1934743,-0.43510377,-0.33247843,0.83674532,0
-0.17299533,2.2317364,1.0262951,0.017887712,0.92594886,0.3772248,0
-0.060227036,-1.8628997,1.8437202,0.90020251,-0.17909944,0.39693657,0
-1.9432154,-0.49151784,2.9219701,-0.43510377,-0.33247843,0.83674532,0
1.6685889,2.947053,-0.80247211,0.017887712,0.92594886,0.3772248,0
2.1792164,0.25143349,-2.0727282,0.90020251,-0.17909944,0.39693657,0
-0.40720391,2.4359093,0.54204726,0.017887712,0.92594886,0.3772248,0
2.0014799,1.4301587,-1.1578395,0.90020251,-0.17909944,0.39693657,0
0.49243689,3.4782021,-1.7411216,0.017887712,0.92594886,0.3772248,0
-1.1338761,-3.353096,1.6245096,-0.017887712,-0.92594886,-0.3772248,0
2.3180182,0.30153012,-2.5478661,0.90020251,-0.17909944,0.39693657,0
0.071294725,-0.55092573,-2.9091554,-0.90020251,0.17909944,-0.39693657,0
1.1220485,0.6525079,0.027221709,0.90020251,-0.17909944,0.39693657,0
-1.8011614,-3.2294896,2.0199437,-0.43510377,-0.33247843,0.83674532,0
1.2123827,0.15398395,-0.3819257,0.90020251,-0.17909944,0.39693657,0
-1.793057,-0.29842815,3.2404096,-0.43510377,-0.33247843,0.83674532,0
-1.5087957,1.9525859,2.1015756,0.017887712,0.92594886,0.3772248,0
1.9042653,1.3754458,-2.6008368,0.43510377,0.33247843,-0.83674532,0
0.48022324,0.60759842,1.7733158,0.90020251,-0.17909944,0.39693657,0
-0.051454544,2.5628486,-1.2333932,-0.90020251,0.17909944,-0.39693657,0
-0.45371366,2.1275077,1.3961179,0.017887712,0.92594886,0.3772248,0
-0.47995329,1.6056505,-0.75584722,-0.90020251,0.17909944,-0.39693657,0
2.0431943,0.47508895,-2.855953,0.43510377,0.33247843,-0.83674532,0
0.42931056,2.34409,-2.3680291,-0.90020251,0.17909944,-0.39693657,0
-0.98544848,-2.4988296,2.6426473,-0.43510377,-0.33247843,0.83674532,0
-0.82675564,1.7872767,2.3033714,0.017887712,0.92594886,0.3772248,0
-0.40976065,0.39029938,-1.2575046,-0.90020251,0.17909944,-0.39693657,0
0.19406176,2.6535227,0.20256561,0.017887712,0.92594886,0.3772248,0
-2.1580043,-0.85626292,1.7949548,-0.90020251,0.17909944,-0.39693657,0
-1.8183889,-0.82585001,2.9208028,-0.43510377,-0.33247843,0.83674532,0
2.0209229,-1.347466,-3.6018605,-0.017887712,-0.92594886,-0.3772248,0
0.60075438,1.9734964,1.8357749,0.90020251,-0.17909944,0.39693657,0
-0.94707501,-1.5414355,3.0529797,-0.43510377,-0.33247843,0.83674532,0
-0.70399451,0.90635419,4.070416,-0.43510377,-0.33247843,0.83674532,0
-0.5036068,2.4264774,0.55777895,0.017887712,0.92594886,0.3772248,0
-1.8702587,-3.2556653,1.939095,-0.43510377,-0.33247843,0.83674532,0
0.013170719,-2.7110522,-0.22239786,-0.017887712,-0.92594886,-0.3772248,0
-0.0074719191,-1.4582329,-2.8626778,-0.017887712,-0.92594886,-0.3772248,0
1.1708447,-1.4421968,-3.1350172,-0.017887712,-0.92594886,-0.3772248,0
-1.5640662,-3.1796298,2.0684886,-0.43510377,-0.33247843,0.83674532,0
1.5177355,2.4355559,0.10189712,0.90020251,-0.17909944,0.39693657,0
-2.09677,-1.9123583,1.4742916,-0.90020251,0.17909944,-0.39693657,0
-0.56476158,0.62802863,3.944181,0.90020251,-0.17909944,0.39693657,0
-2.4501877,-2.130919,1.9529215,-0.90020251,0.17909944,-0.39693657,0
0.78546309,-2.3299379,-1.1830736,-0.017887712,-0.92594886,-0.3772248,0
0.53742611,-1.487234,-3.0569575,-0.017887712,-0.92594886,-0.3772248,0
-0.19815779,0.76338005,-1.7417262,-0.90020251,0.17909944,-0.39693657,0
0.50639105,3.0390654,-2.5368445,-0.90020251,0.17909944,-0.39693657,0
2.3562961,3.0239515,-1.6242285,0.90020251,-0.17909944,0.39693657,0
1.5122797,-1.4733621,-3.2738605,-0.017887712,-0.92594886,-0.3772248,0
0.96638608,-0.46919513,-3.9143801,0.43510377,0.33247843,-0.83674532,0
-1.3167045,-2.9673662,0.47627795,-0.017887712,-0.92594886,-0.3772248,0
-1.6476011,-0.72066629,3.016706,-0.43510377,-0.33247843,0.83674532,0
1.4315718,-0.54574692,-3.6281843,0.43510377,0.33247843,-0.83674532,0
1.0238776,2.2940364,-2.6511579,0.43510377,0.33247843,-0.83674532,0
-1.6682012,1.2474157,1.7345052,-0.90020251,0.17909944,-0.39693657,0
1.0854034,2.0261693,1.2123612,0.90020251,-0.17909944,0.39693657,0
0.19773436,-2.5331059,1.0951339,0.90020251,-0.17909944,0.39693657,0
-1.4654444,1.095543,3.8240569,-0.43510377,-0.33247843,0.83674532,0
-1.3885493,-1.1497262,0.0099275112,-0.90020251,0.17909944,-0.39693657,0
-0.70639467,1.265579,3.4320745,0.017887712,0.92594886,0.3772248,0
1.6651421,1.0336879,-0.97972763,0.90020251,-0.17909944,0.39693657,0
0.81022429,2.997854,-2.465694,0.43510377,0.33247843,-0.83674532,0
2.4029431,1.9323945,-2.236572,0.43510377,0.33247843,-0.83674532,0
-0.7103352,-0.67699718,3.4811838,-0.43510377,-0.33247843,0.83674532,0
-0.68126667,-0.98984838,3.4139631,-0.43510377,-0.33247843,0.83674532,0
-0.98804599,0.26973718,3.8750272,-0.43510377,-0.33247843,0.83674532,0
1.4008145,3.4548733,-1.7415994,0.017887712,0.92594886,0.3772248,0
-1.8256512,1.0124514,2.2713056,-0.90020251,0.17909944,-0.39693657,0
-1.5361099,-2.421824,-0.033869624,-0.90020251,0.17909944,-0.39693657,0
-0.98406577,-2.4593458,-0.50780648,-0.017887712,-0.92594886,-0.3772248,0
-0.44276401,0.40429085,3.4557002,0.90020251,-0.17909944,0.39693657,0
-2.340425,-3.2772241,1.4837191,-0.017887712,-0.92594886,-0.3772248,0
2.0567713,1.4186735,-1.5586135,0.90020251,-0.17909944,0.39693657,0
2.385674,0.31275475,-2.7835777,0.43510377,0.33247843,-0.83674532,0
0.010324188,-0.066695213,2.5846667,0.90020251,-0.17909944,0.39693657,0
0.73934394,-0.6149441,0.41881755,0.90020251,-0.17909944,0.39693657,0
-1.4254047,-2.3030901,2.6039886,-0.43510377,-0.33247843,0.83674532,0
1.0326161,3.212575,-1.081324,0.017887712,0.92594886,0.3772248,0
1.5183864,3.0030544,-0.56101394,0.017887712,0.92594886,0.3772248,0
1.4442794,3.3463893,-2.194597,0.43510377,0.33247843,-0.83674532,0
-1.2989558,-1.1281378,3.155158,-0.43510377,-0.33247843,0.83674532,0
-1.3192859,0.74925411,3.9124277,-0.43510377,-0.33247843,0.83674532,0
-0.71303773,2.5461113,0.41539985,0.017887712,0.92594886,0.3772248,0
-1.4494463,1.1985198,1.1696178,-0.90020251,0.17909944,-0.39693657,0
1.5305737,-0.66688454,-3.6741087,0.43510377,0.33247843,-0.83674532,0
-2.0719719,0.56335479,2.4831643,-0.90020251,0.17909944,-0.39693657,0
2.3121266,1.0510834,-2.6671412,0.43510377,0.33247843,-0.83674532,0
-2.0867689,-0.43805838,2.8702052,-0.43510377,-0.33247843,0.83674532,0
0.74731457,2.2889595,1.1907173,0.017887712,0.92594886,0.3772248,0
-0.3897109,2.1627645,1.5415735,0.017887712,0.92594886,0.3772248,0
0.86650622,-0.93760455,-4.0398755,0.43510377,0.33247843,-0.83674532,0
-1.8426211,-2.83864,2.053622,-0.43510377,-0.33247843,0.83674532,0
0.36176682,1.6927835,2.4702973,0.90020251,-0.17909944,0.39693657,0
-0.9036504,-1.6603714,-1.4599347,-0.90020251,0.17909944,-0.39693657,0
2.2398117,0.33179021,-2.3009987,0.90020251,-0.17909944,0.39693657,0
0.42369747,3.0033145,-0.84550941,0.017887712,0.92594886,0.3772248,0
1.5945237,-0.99103218,-3.7380414,0.43510377,0.33247843,-0.83674532,0
1.5406823,0.92540747,-3.1203601,0.43510377,0.33247843,-0.83674532,0
-0.54103374,-2.5445988,2.7731102,-0.43510377,-0.33247843,0.83674532,0
0.52298617,-2.2805119,0.26573604,0.90020251,-0.17909944,0.39693657,0
0.68672013,-2.2552662,-0.028433442,0.90020251,-0.17909944,0.39693657,0
1.8701501,-1.6565417,-2.4836373,-0.017887712,-0.92594886,-0.3772248,0
-0.4989419,-2.2046118,2.6274893,0.90020251,-0.17909944,0.39693657,0
-0.29808021,-2.8469381,0.47664595,-0.017887712,-0.92594886,-0.3772248,0
0.60267889,-1.783335,0.20381939,0.90020251,-0.17909944,0.39693657,0
-0.33575463,-2.9532743,2.0820737,0.90020251,-0.17909944,0.39693657,0
-1.5711823,-0.41741401,3.1123521,-0.43510377,-0.33247843,0.83674532,0
-1.4205562,1.5763309,2.8045943,0.017887712,0.92594886,0.3772248,0
-2.4797587,-2.585057,1.8595018,-0.43510377,-0.33247843,0.83674532,0
-0.20378178,0.80088758,-1.7386966,-0.90020251,0.17909944,-0.39693657,0
-0.45378971,-0.2553997,-1.6036663,-0.90020251,0.17909944,-0.39693657,0
1.0321177,-0.31288832,0.17078966,0.90020251,-0.17909944,0.39693657,0
0.36066699,-1.8047938,-2.0974989,-0.017887712,-0.92594886,-0.3772248,0
-1.517794,0.14624751,1.0352861,-0.90020251,0.17909944,-0.39693657,0
1.3168641,1.3533779,-2.8962369,0.43510377,0.33247843,-0.83674532,0
1.4426986,1.641517,-2.6737676,0.43510377,0.33247843,-0.83674532,0
0.31275845,-2.4068236,-0.88510185,-0.017887712,-0.92594886,-0.3772248,0
0.54690188,0.25995362,1.4639792,0.90020251,-0.17909944,0.39693657,0
2.3762078,2.3024528,-2.0269957,0.43510377,0.33247843,-0.83674532,0
2.2848086,-0.82928407,-3.2226093,0.43510377,0.33247843,-0.83674532,0
-0.4090724,-1.6390662,-2.3685365,-0.017887712,-0.92594886,-0.3772248,0
-1.1142434,-1.2557195,3.1492932,-0.43510377,-0.33247843,0.83674532,0
-2.3776841,0.87897015,3.3379173,-0.43510377,-0.33247843,0.83674532,0
-0.21092525,0.33119893,3.3150907,0.90020251,-0.17909944,0.39693657,0
0.63578629,0.31349039,1.0892558,0.90020251,-0.17909944,0.39693657,0
0.00092673302,-2.7690706,1.5120379,0.90020251,-0.17909944,0.39693657,0
1.5397117,3.3454788,-1.9871266,0.43510377,0.33247843,-0.83674532,0
-0.1338848,-0.30445945,2.8246162,0.90020251,-0.17909944,0.39693657,0
1.1584798,-1.8802471,-2.2421026,-0.017887712,-0.92594886,-0.3772248,0
-0.78449357,-1.9787831,-1.5171316,-0.017887712,-0.92594886,-0.3772248,0
0.12361956,-2.6522124,-0.21111637,-0.017887712,-0.92594886,-0.3772248,0
1.801411,2.6110473,-2.2906342,0.43510377,0.33247843,-0.83674532,0
1.4678614,-0.9865095,-3.8626957,0.43510377,0.33247843,-0.83674532,0
-2.2806485,0.59818131,3.2678571,-0.43510377,-0.33247843,0.83674532,0
-0.46820545,-2.7296119,-0.011308789,-0.017887712,-0.92594886,-0.3772248,0
-0.91867173,-1.2691387,3.1478541,-0.43510377,-0.33247843,0.83674532,0
