0.2994523,-2.9491827,4.1315417,-0.25905275,-0.96288311,0.075813249,0
-0.96579027,-2.9200659,-0.16295159,-0.25905275,-0.96288311,0.075813249,0
-1.2394798,-2.9383149,-2.8725345,-0.25905275,-0.96288311,0.075813249,0
-0.47633815,-2.4102845,4.6507735,0.047789894,0.065618493,0.99669957,0
1.2793174,2.8225815,4.3477831,0.047789894,0.065618493,0.99669957,0
0.9573257,1.0489993,-4.6225529,-0.047789894,-0.065618493,-0.99669957,0
1.0894676,-0.38588867,4.4067211,0.047789894,0.065618493,0.99669957,0
0.21480083,1.4584321,-4.6159811,-0.047789894,-0.065618493,-0.99669957,0
0.3880651,2.9873145,0.19994217,0.25905275,0.96288311,-0.075813249,0
-0.87914634,-0.66907334,4.5805879,0.047789894,0.065618493,0.99669957,0
-0.67850822,1.4072361,-3.0325439,-0.96468008,0.26182097,0.029017435,0
0.59535748,-1.4100177,0.0058412999,0.96468008,-0.26182097,-0.029017435,0
-1.4795802,-2.4509931,4.3665886,-0.25905275,-0.96288311,0.075813249,0
1.1082036,1.4131855,4.4193959,0.047789894,0.065618493,0.99669957,0
-0.38014621,1.1811863,4.4898934,0.047789894,0.065618493,0.99669957,0
-0.10136771,3.1711538,-0.95484877,0.25905275,0.96288311,-0.075813249,0
-0.68437153,1.4376965,0.3936249,-0.96468008,0.26182097,0.029017435,0
0.8703351,2.0650499,-4.6539197,-0.047789894,-0.065618493,-0.99669957,0
1.3063232,0.77141237,-0.83329636,0.96468008,-0.26182097,-0.029017435,0
-1.4811711,-1.3713512,-3.5543625,-0.96468008,0.26182097,0.029017435,0
-1.0232301,-3.2295702,-3.6896062,-0.25905275,-0.96288311,0.075813249,0
1.0055031,0.54847872,4.3592906,0.047789894,0.065618493,0.99669957,0
1.4138815,1.7682239,-4.1845093,0.96468008,-0.26182097,-0.029017435,0
1.3604908,2.4682405,4.3333015,0.047789894,0.065618493,0.99669957,0
-0.053473949,2.9137039,4.1417112,-0.96468008,0.26182097,0.029017435,0
-1.1056411,-3.1558614,-3.0795584,-0.25905275,-0.96288311,0.075813249,0
1.1636164,0.77517867,-3.0687375,0.96468008,-0.26182097,-0.029017435,0
-0.083321571,2.9003375,-2.5665801,0.25905275,0.96288311,-0.075813249,0
1.1370432,-0.21680695,2.2032676,0.96468008,-0.26182097,-0.029017435,0
0.75135612,1.7794889,-4.6703229,-0.047789894,-0.065618493,-0.99669957,0
1.6075511,1.9760909,4.2820082,0.047789894,0.065618493,0.99669957,0
0.11702991,-2.7929296,-3.4234862,0.96468008,-0.26182097,-0.029017435,0
0.8870039,2.9529295,2.0756161,0.25905275,0.96288311,-0.075813249,0
-1.1499405,-2.5970323,2.2294049,-0.25905275,-0.96288311,0.075813249,0
0.24683368,0.22177497,4.4644456,0.047789894,0.065618493,0.99669957,0
-1.6547611,-2.8667455,-2.4836981,-0.25905275,-0.96288311,0.075813249,0
-1.5635087,-1.7762481,-2.8085473,-0.96468008,0.26182097,0.029017435,0
1.0070035,0.31153488,4.4815464,0.047789894,0.065618493,0.99669957,0
0.60504609,-0.3121978,-4.5352006,-0.047789894,-0.065618493,-0.99669957,0
-0.53042614,1.2610788,3.9391212,-0.96468008,0.26182097,0.029017435,0
-1.1353116,-2.8812087,0.17607936,-0.25905275,-0.96288311,0.075813249,0
1.2227836,0.62278891,-0.31642973,0.96468008,-0.26182097,-0.029017435,0
0.38372016,3.1636591,1.6886797,0.25905275,0.96288311,-0.075813249,0
0.33922672,3.2028847,3.077029,0.25905275,0.96288311,-0.075813249,0
1.1340077,-0.21963584,1.8112748,0.96468008,-0.26182097,-0.029017435,0
-0.1854043,2.5691416,1.8606381,-0.96468008,0.26182097,0.029017435,0
-1.6337779,-2.9213161,-2.5589862,-0.25905275,-0.96288311,0.075813249,0
0.32086313,-2.4107704,-3.9419279,0.96468008,-0.26182097,-0.029017435,0
-0.018589497,3.3262181,2.8990831,0.25905275,0.96288311,-0.075813249,0
1.6604705,2.0090613,2.9867728,0.96468008,-0.26182097,-0.029017435,0
0.19541481,-0.81504005,-4.431531,-0.047789894,-0.065618493,-0.99669957,0
0.66937768,0.82594603,-4.6421366,-0.047789894,-0.065618493,-0.99669957,0
0.99130523,-0.27188808,-0.21954909,0.96468008,-0.26182097,-0.029017435,0
-0.65256763,-1.4497755,4.6483107,0.047789894,0.065618493,0.99669957,0
-0.19367266,3.1030588,-1.0241921,0.25905275,0.96288311,-0.075813249,0
1.2770238,1.3968787,-2.1454794,0.96468008,-0.26182097,-0.029017435,0
-0.10144782,3.3856766,3.9558072,-0.96468008,0.26182097,0.029017435,0
0.27334309,1.625428,-4.7080884,-0.047789894,-0.065618493,-0.99669957,0
0.17889857,2.8281524,-1.7356275,0.25905275,0.96288311,-0.075813249,0
0.47147867,-1.4326185,-4.5119214,-0.047789894,-0.065618493,-0.99669957,0
0.86926299,-1.0628848,4.2487979,0.96468008,-0.26182097,-0.029017435,0
0.55957311,-1.7166733,-3.5904057,0.96468008,-0.26182097,-0.029017435,0
-0.12256551,3.0416679,3.8090692,-0.96468008,0.26182097,0.029017435,0
0.030418634,3.2841535,3.1978896,0.25905275,0.96288311,-0.075813249,0
1.1907656,3.1000552,2.6205015,0.25905275,0.96288311,-0.075813249,0
-1.2972162,-3.1456816,-3.7781873,-0.25905275,-0.96288311,0.075813249,0
0.80704403,0.67795461,-4.5402079,-0.047789894,-0.065618493,-0.99669957,0
-1.342947,-1.61825,2.0556808,-0.96468008,0.26182097,0.029017435,0
1.1491774,0.53004706,-3.1013012,0.96468008,-0.26182097,-0.029017435,0
1.512359,1.9468894,4.3031473,0.047789894,0.065618493,0.99669957,0
1.6844661,2.9428544,2.3208466,0.25905275,0.96288311,-0.075813249,0
0.80348855,-1.3691514,3.9231555,0.96468008,-0.26182097,-0.029017435,0
-1.8943686,-2.651459,-3.9379001,-0.96468008,0.26182097,0.029017435,0
-0.96419168,-2.9060683,0.46941596,-0.25905275,-0.96288311,0.075813249,0
1.2078205,0.66307724,-3.0591531,0.96468008,-0.26182097,-0.029017435,0
-0.23255706,2.3374429,3.636827,-0.96468008,0.26182097,0.029017435,0
-1.0592887,-1.405476,-4.3063388,-0.047789894,-0.065618493,-0.99669957,0
-0.51453632,1.5729685,3.0968127,-0.96468008,0.26182097,0.029017435,0
0.46911114,-0.19817159,4.4078598,0.047789894,0.065618493,0.99669957,0
1.0808768,2.1534352,4.3457346,0.047789894,0.065618493,0.99669957,0
1.1166575,2.7004039,-0.80650342,0.25905275,0.96288311,-0.075813249,0
-0.091300011,-3.0855126,0.24457982,-0.25905275,-0.96288311,0.075813249,0
1.6631091,2.7749422,2.368186,0.25905275,0.96288311,-0.075813249,0
0.61858034,0.96815258,-4.6630025,-0.047789894,-0.065618493,-0.99669957,0
-0.10879707,2.6266141,4.2731948,0.047789894,0.065618493,0.99669957,0
-0.62050962,0.93876183,3.1212671,-0.96468008,0.26182097,0.029017435,0
-0.1564939,-3.1861527,-4.3252282,-0.047789894,-0.065618493,-0.99669957,0
-0.22544956,1.1146884,-4.5418596,-0.047789894,-0.065618493,-0.99669957,0
-0.82170415,-1.8607038,-4.438715,-0.047789894,-0.065618493,-0.99669957,0
0.89075077,-0.70171893,3.7775953,0.96468008,-0.26182097,-0.029017435,0
1.2082378,0.45095158,1.9610226,0.96468008,-0.26182097,-0.029017435,0
0.85431147,2.978178,0.43043691,0.25905275,0.96288311,-0.075813249,0
0.037974358,-2.9283075,2.7173123,-0.25905275,-0.96288311,0.075813249,0
0.38603973,3.2360673,2.7654817,0.25905275,0.96288311,-0.075813249,0
-0.79426146,-2.8794906,0.20618132,-0.25905275,-0.96288311,0.075813249,0
0.49065381,-1.4976258,-2.1426964,0.96468008,-0.26182097,-0.029017435,0
-0.21268559,2.9901922,-2.4363351,0.25905275,0.96288311,-0.075813249,0
-0.40857029,2.6489711,-2.0480132,-0.96468008,0.26182097,0.029017435,0
0.54223162,-0.69580364,-4.4735146,-0.047789894,-0.065618493,-0.99669957,0
-0.83920264,-3.1551602,-3.2455089,-0.25905275,-0.96288311,0.075813249,0
1.498384,1.6612771,2.3215561,0.96468008,-0.26182097,-0.029017435,0
0.12302053,-2.4303017,-4.3183193,-0.047789894,-0.065618493,-0.99669957,0
0.22190869,-0.96099764,4.4687953,0.047789894,0.065618493,0.99669957,0
-0.44283867,-2.9928436,-0.10544357,-0.25905275,-0.96288311,0.075813249,0
0.78929472,-0.77468878,-4.1441751,0.96468008,-0.26182097,-0.029017435,0
0.42736769,-2.6558571,4.3950477,0.96468008,-0.26182097,-0.029017435,0
0.69980574,2.7744658,-1.4904525,0.25905275,0.96288311,-0.075813249,0
-0.96348268,0.34413081,-0.93529737,-0.96468008,0.26182097,0.029017435,0
-0.08600533,-2.0967021,-4.4170556,-0.047789894,-0.065618493,-0.99669957,0
1.7091932,2.8480754,2.0098963,0.25905275,0.96288311,-0.075813249,0
1.7702479,2.8239579,1.5258667,0.25905275,0.96288311,-0.075813249,0
-0.075141668,-3.0547502,0.85837877,-0.25905275,-0.96288311,0.075813249,0
0.560987,3.2905085,3.1844938,0.25905275,0.96288311,-0.075813249,0
0.34913099,0.44714665,-4.5749946,-0.047789894,-0.065618493,-0.99669957,0
-0.64198214,-0.64014709,-4.4201226,-0.047789894,-0.065618493,-0.99669957,0
1.0220518,2.5627475,4.2055845,0.047789894,0.065618493,0.99669957,0
-0.49402171,1.9016404,3.6521268,-0.96468008,0.26182097,0.029017435,0
-0.75979543,-3.0713372,-0.85665381,-0.25905275,-0.96288311,0.075813249,0
0.862082,-0.79587823,4.2121062,0.96468008,-0.26182097,-0.029017435,0
-1.6591911,-2.2468648,-2.7386799,-0.96468008,0.26182097,0.029017435,0
-1.4305437,-3.016614,-2.6099346,-0.25905275,-0.96288311,0.075813249,0
0.60221374,0.82550043,4.4763579,0.047789894,0.065618493,0.99669957,0
-0.87034959,0.71362007,-1.9620957,-0.96468008,0.26182097,0.029017435,0
-0.16480613,2.909637,-4.1763639,0.25905275,0.96288311,-0.075813249,0
-0.26244664,-3.1521246,-2.1898012,-0.25905275,-0.96288311,0.075813249,0
-1.3375854,-2.9040751,-1.2104247,-0.25905275,-0.96288311,0.075813249,0
-0.9453761,0.410528,-1.4653805,-0.96468008,0.26182097,0.029017435,0
1.407985,1.6012315,-1.5848948,0.96468008,-0.26182097,-0.029017435,0
-1.2905645,-3.0046415,-3.0814784,-0.25905275,-0.96288311,0.075813249,0
-0.22846246,2.0278244,-4.5574446,-0.047789894,-0.065618493,-0.99669957,0
-0.64078104,1.4265559,-3.0937059,-0.96468008,0.26182097,0.029017435,0
-1.6445062,-2.1499233,-3.5691147,-0.96468008,0.26182097,0.029017435,0
-1.0424426,-2.7966866,0.50547814,-0.25905275,-0.96288311,0.075813249,0
-0.68787766,-3.0346496,-1.6738529,-0.25905275,-0.96288311,0.075813249,0
1.4085588,2.5520809,-1.5121112,0.25905275,0.96288311,-0.075813249,0
1.3451266,2.8901582,2.4009657,0.25905275,0.96288311,-0.075813249,0
-1.2124729,-2.3993196,3.9943421,-0.25905275,-0.96288311,0.075813249,0
-0.88439441,1.108444,-2.7515144,-0.96468008,0.26182097,0.029017435,0
-0.52022326,1.574218,4.2276917,-0.96468008,0.26182097,0.029017435,0
0.892353,-1.0300362,4.4133186,0.96468008,-0.26182097,-0.029017435,0
-0.76417822,0.71769714,0.22414543,-0.96468008,0.26182097,0.029017435,0
1.0092204,0.92634237,4.375843,0.047789894,0.065618493,0.99669957,0
-1.9259455,-2.5534084,-3.9424996,-0.96468008,0.26182097,0.029017435,0
-0.015578985,-2.638576,-4.3960824,-0.047789894,-0.065618493,-0.99669957,0
-0.49537945,-1.6878936,-4.4677424,-0.047789894,-0.065618493,-0.99669957,0
1.3714744,0.92806667,1.3022865,0.96468008,-0.26182097,-0.029017435,0
-1.1441028,0.18317026,-3.270879,-0.96468008,0.26182097,0.029017435,0
-0.2626555,-2.9438031,1.8361797,-0.25905275,-0.96288311,0.075813249,0
-0.69502485,0.73516089,3.9811568,-0.96468008,0.26182097,0.029017435,0
1.4139528,1.6228597,1.3296607,0.96468008,-0.26182097,-0.029017435,0
1.7915685,2.5557454,2.7379003,0.96468008,-0.26182097,-0.029017435,0
-1.0027807,-3.1401992,-3.8576236,-0.25905275,-0.96288311,0.075813249,0
0.93966722,2.5628715,-4.7156682,0.25905275,0.96288311,-0.075813249,0
0.5385232,2.619894,-4.6860161,0.25905275,0.96288311,-0.075813249,0
-0.29882059,-0.17082791,-4.5042233,-0.047789894,-0.065618493,-0.99669957,0
0.75282669,3.0390997,4.3315606,0.047789894,0.065618493,0.99669957,0
0.32098198,2.7856276,-2.3588707,0.25905275,0.96288311,-0.075813249,0
-0.88943553,-2.476681,4.6657109,0.047789894,0.065618493,0.99669957,0
0.48033589,0.26279348,4.48312,0.047789894,0.065618493,0.99669957,0
-0.18175125,2.9369249,-4.1616182,0.25905275,0.96288311,-0.075813249,0
-0.88030589,0.6163798,2.0051253,-0.96468008,0.26182097,0.029017435,0
0.88931525,-0.97378552,3.5549684,0.96468008,-0.26182097,-0.029017435,0
-1.5705276,-2.2409325,2.2960916,-0.96468008,0.26182097,0.029017435,0
-0.6678893,0.4024061,4.4494839,0.047789894,0.065618493,0.99669957,0
-0.25617766,2.8175325,-2.6861794,-0.96468008,0.26182097,0.029017435,0
-0.10459596,-0.35915321,4.5680127,0.047789894,0.065618493,0.99669957,0
-0.51104987,1.5150107,3.9813752,-0.96468008,0.26182097,0.029017435,0
1.6598387,2.1807675,-0.0089531839,0.96468008,-0.26182097,-0.029017435,0
-0.59635282,-2.950413,0.61924022,-0.25905275,-0.96288311,0.075813249,0
-0.67884755,-2.5652623,4.2836294,-0.25905275,-0.96288311,0.075813249,0
-0.44632572,0.62989211,-4.5495968,-0.047789894,-0.065618493,-0.99669957,0
-0.78791982,1.0309286,-3.552496,-0.96468008,0.26182097,0.029017435,0
-0.53841817,1.9131695,-0.17813854,-0.96468008,0.26182097,0.029017435,0
0.58884394,0.32259244,-4.6612792,-0.047789894,-0.065618493,-0.99669957,0
-1.1710348,-2.897953,-0.3098067,-0.25905275,-0.96288311,0.075813249,0
-0.4527545,-2.8290024,2.5180833,-0.25905275,-0.96288311,0.075813249,0
0.67773199,3.2089992,2.514231,0.25905275,0.96288311,-0.075813249,0
-1.5608068,-2.612782,-0.14813197,-0.25905275,-0.96288311,0.075813249,0
0.92682564,-0.55901837,0.13416447,0.96468008,-0.26182097,-0.029017435,0
1.3364663,2.3707998,4.361268,0.047789894,0.065618493,0.99669957,0
0.27330017,-2.7024236,-0.53451669,0.96468008,-0.26182097,-0.029017435,0
-0.52893758,-1.4405766,4.6065235,0.047789894,0.065618493,0.99669957,0
0.9615593,-0.18064338,-0.76722658,0.96468008,-0.26182097,-0.029017435,0
1.1448809,0.35252601,0.65213442,0.96468008,-0.26182097,-0.029017435,0
-1.1457303,-2.9503598,-2.9067097,-0.25905275,-0.96288311,0.075813249,0
0.27250051,-2.5129812,-1.7086359,0.96468008,-0.26182097,-0.029017435,0
1.5240434,1.1226659,3.7648792,0.96468008,-0.26182097,-0.029017435,0
0.13132763,0.49032107,-4.6513591,-0.047789894,-0.065618493,-0.99669957,0
0.29664254,-2.9785943,1.0447278,0.96468008,-0.26182097,-0.029017435,0
1.314971,2.7094951,-0.9711985,0.25905275,0.96288311,-0.075813249,0
-0.77569854,-0.63641852,-4.4128947,-0.047789894,-0.065618493,-0.99669957,0
1.4755247,1.8081081,-2.0051174,0.96468008,-0.26182097,-0.029017435,0
-0.62421489,-2.7726002,2.8394501,-0.25905275,-0.96288311,0.075813249,0
1.3361126,0.65499395,1.8665695,0.96468008,-0.26182097,-0.029017435,0
-0.69035816,-0.87192369,4.678154,0.047789894,0.065618493,0.99669957,0
1.2660047,0.82307911,-1.8751436,0.96468008,-0.26182097,-0.029017435,0
-0.43824744,-2.7484934,2.671397,-0.25905275,-0.96288311,0.075813249,0
0.50641251,-2.2674606,3.7008109,0.96468008,-0.26182097,-0.029017435,0
1.1989223,0.54764336,0.2002812,0.96468008,-0.26182097,-0.029017435,0
-0.84463441,0.2909143,1.173829,-0.96468008,0.26182097,0.029017435,0
-1.3330358,-0.54114515,-2.526067,-0.96468008,0.26182097,0.029017435,0
0.46921968,0.36504307,4.3702307,0.047789894,0.065618493,0.99669957,0
-1.7863386,-2.8544347,-3.1748202,-0.25905275,-0.96288311,0.075813249,0
0.03932476,-3.4425173,-2.942116,-0.25905275,-0.96288311,0.075813249,0
0.57118654,-1.0117081,-2.9930253,0.96468008,-0.26182097,-0.029017435,0
-0.4265084,-0.32370389,-4.4584632,-0.047789894,-0.065618493,-0.99669957,0
1.3382752,2.4443386,-3.8866329,0.25905275,0.96288311,-0.075813249,0
-1.6005855,-2.1339056,-1.200331,-0.96468008,0.26182097,0.029017435,0
-1.0935814,-0.6275965,4.4819651,-0.96468008,0.26182097,0.029017435,0
-0.42849123,2.0611029,-1.2270137,-0.96468008,0.26182097,0.029017435,0
-0.64835429,-2.6536446,3.4545817,-0.25905275,-0.96288311,0.075813249,0
-0.11601162,2.7226472,-4.7197022,0.25905275,0.96288311,-0.075813249,0
-0.88653088,-2.4834075,-4.371613,-0.047789894,-0.065618493,-0.99669957,0
0.17950726,1.576966,-4.5494647,-0.047789894,-0.065618493,-0.99669957,0
0.13337255,-3.0242834,2.2909169,-0.25905275,-0.96288311,0.075813249,0
-1.2861346,-1.770469,-4.344955,-0.047789894,-0.065618493,-0.99669957,0
1.0366728,2.8059509,4.2246566,0.047789894,0.065618493,0.99669957,0
0.27820075,1.7552929,4.2927423,0.047789894,0.065618493,0.99669957,0
-0.49940968,-2.8067877,3.3584712,-0.25905275,-0.96288311,0.075813249,0
0.69333684,-0.75154495,4.6164193,0.047789894,0.065618493,0.99669957,0
-1.4127908,-2.9697499,-2.9005241,-0.25905275,-0.96288311,0.075813249,0
-0.84361911,-2.6103091,3.4468732,-0.25905275,-0.96288311,0.075813249,0
1.6439524,2.1315885,2.4455884,0.96468008,-0.26182097,-0.029017435,0
1.3756402,2.489502,-4.4588957,0.25905275,0.96288311,-0.075813249,0
0.13507438,-2.8435974,3.3859544,-0.25905275,-0.96288311,0.075813249,0
1.5946872,2.8415208,1.2649987,0.25905275,0.96288311,-0.075813249,0
0.81932712,-1.3046235,2.2830169,0.96468008,-0.26182097,-0.029017435,0
0.11574191,0.12414375,-4.4540315,-0.047789894,-0.065618493,-0.99669957,0
-0.35603476,2.1018815,1.9997301,-0.96468008,0.26182097,0.029017435,0
1.0570829,0.21474874,0.21477407,0.96468008,-0.26182097,-0.029017435,0
1.414325,1.7938331,-4.7284217,-0.047789894,-0.065618493,-0.99669957,0
0.92471641,-0.90717477,1.4340742,0.96468008,-0.26182097,-0.029017435,0
0.97783107,-0.14723492,-3.871752,0.96468008,-0.26182097,-0.029017435,0
0.81355941,2.1946199,4.2833815,0.047789894,0.065618493,0.99669957,0
-1.3376284,-2.4754138,3.2768936,-0.25905275,-0.96288311,0.075813249,0
-0.15046096,2.865788,-4.2448802,0.25905275,0.96288311,-0.075813249,0
-0.83428001,-0.74728966,4.5116086,0.047789894,0.065618493,0.99669957,0
0.32336187,-3.0003004,1.0655799,0.96468008,-0.26182097,-0.029017435,0
-0.71695399,-2.9700294,-0.71429539,-0.25905275,-0.96288311,0.075813249,0
1.6569161,2.4574497,-2.2165933,0.96468008,-0.26182097,-0.029017435,0
-0.016140938,-1.4643257,-4.4595318,-0.047789894,-0.065618493,-0.99669957,0
-1.4945087,-2.027122,0.82153958,-0.96468008,0.26182097,0.029017435,0
0.16682363,-2.9942002,-0.73009169,0.96468008,-0.26182097,-0.029017435,0
0.90972322,-1.0254554,2.298198,0.96468008,-0.26182097,-0.029017435,0
-0.34415364,-2.8630369,1.5834002,-0.25905275,-0.96288311,0.075813249,0
0.16737795,3.028455,0.39096612,0.25905275,0.96288311,-0.075813249,0
0.96842992,-0.16897732,1.5929886,0.96468008,-0.26182097,-0.029017435,0
1.42349,2.8145974,0.26641041,0.25905275,0.96288311,-0.075813249,0
0.42314601,3.3250761,4.2014952,0.047789894,0.065618493,0.99669957,0
0.57942259,0.26486045,-4.6240325,-0.047789894,-0.065618493,-0.99669957,0
-0.7137295,1.14817,-1.7652109,-0.96468008,0.26182097,0.029017435,0
-1.1929197,-2.6314085,2.8909535,-0.25905275,-0.96288311,0.075813249,0
0.57342196,0.38573128,-4.4809031,-0.047789894,-0.065618493,-0.99669957,0
0.93419445,-0.086135358,4.4092832,0.047789894,0.065618493,0.99669957,0
1.1682615,1.2425805,4.3002191,0.047789894,0.065618493,0.99669957,0
-1.4231036,-1.4111596,2.6944208,-0.96468008,0.26182097,0.029017435,0
1.1928098,3.0872059,2.7290359,0.25905275,0.96288311,-0.075813249,0
-0.82409656,0.3545208,2.2496223,-0.96468008,0.26182097,0.029017435,0
-0.38247955,2.4572005,1.5206503,-0.96468008,0.26182097,0.029017435,0
0.26192784,0.84190547,-4.5954337,-0.047789894,-0.065618493,-0.99669957,0
-0.0080413818,-0.21639031,-4.4606886,-0.047789894,-0.065618493,-0.99669957,0
-0.30740619,0.055489719,4.4441581,0.047789894,0.065618493,0.99669957,0
0.1369586,3.1435604,0.48297679,0.25905275,0.96288311,-0.075813249,0
-1.3831965,-1.1644982,-2.8101373,-0.96468008,0.26182097,0.029017435,0
0.67901474,-1.1796257,-3.6480377,0.96468008,-0.26182097,-0.029017435,0
0.40689361,-0.36609513,4.618413,0.047789894,0.065618493,0.99669957,0
0.33627713,1.3595481,4.4548955,0.047789894,0.065618493,0.99669957,0
-0.83609366,-2.5663047,3.3961401,-0.25905275,-0.96288311,0.075813249,0
1.456569,2.9263837,3.1918941,0.25905275,0.96288311,-0.075813249,0
-0.73546422,1.3455482,-4.1233492,-0.96468008,0.26182097,0.029017435,0
0.52801943,-1.5937495,-1.7878096,0.96468008,-0.26182097,-0.029017435,0
0.27532315,3.290195,1.9686005,0.25905275,0.96288311,-0.075813249,0
0.73120546,2.9419079,0.21526456,0.25905275,0.96288311,-0.075813249,0
-0.76470792,-0.95388579,-4.3945236,-0.047789894,-0.065618493,-0.99669957,0
0.19051981,2.9601331,-1.7980409,0.25905275,0.96288311,-0.075813249,0
1.5575845,2.6945806,-1.0067534,0.25905275,0.96288311,-0.075813249,0
0.084894657,3.3360891,4.2163286,-0.96468008,0.26182097,0.029017435,0
1.0296435,2.9988139,2.1853294,0.25905275,0.96288311,-0.075813249,0
-0.85874486,-1.6808882,-4.4607377,-0.047789894,-0.065618493,-0.99669957,0
0.42247033,2.6266465,4.2866335,0.047789894,0.065618493,0.99669957,0
-1.7076676,-1.8728619,-2.0755513,-0.96468008,0.26182097,0.029017435,0
0.19069362,-3.0194397,1.7919506,-0.25905275,-0.96288311,0.075813249,0
-0.635068,-0.012832701,-4.513341,-0.047789894,-0.065618493,-0.99669957,0
1.5622349,2.6632333,0.80895555,0.25905275,0.96288311,-0.075813249,0
-1.5720885,-2.5232973,2.5676813,-0.25905275,-0.96288311,0.075813249,0
-0.85914546,0.81616575,-0.18776409,-0.96468008,0.26182097,0.029017435,0
-0.48385155,2.2061124,-0.70351189,-0.96468008,0.26182097,0.029017435,0
-0.017005444,-1.5676991,4.6322436,0.047789894,0.065618493,0.99669957,0
0.09264183,-0.081119716,4.5519114,0.047789894,0.065618493,0.99669957,0
0.3940351,-0.17293286,-4.4223142,-0.047789894,-0.065618493,-0.99669957,0
0.44352019,0.54091775,4.5375228,0.047789894,0.065618493,0.99669957,0
-1.571682,-2.1147594,2.3565278,-0.96468008,0.26182097,0.029017435,0
-1.0180722,-1.821328,-4.4199347,-0.047789894,-0.065618493,-0.99669957,0
0.86003876,1.8158704,4.2672977,0.047789894,0.065618493,0.99669957,0
1.4344699,1.4061544,0.79513931,0.96468008,-0.26182097,-0.029017435,0
0.82466739,-0.69386894,-4.1874871,0.96468008,-0.26182097,-0.029017435,0
1.1101897,3.2002523,4.3322473,0.047789894,0.065618493,0.99669957,0
1.4422996,2.1963997,-3.4957061,0.96468008,-0.26182097,-0.029017435,0
1.399811,1.2598846,-2.4387064,0.96468008,-0.26182097,-0.029017435,0
1.5378332,2.9791775,3.098788,0.25905275,0.96288311,-0.075813249,0
-0.41856027,-3.3380332,-4.2106609,-0.047789894,-0.065618493,-0.99669957,0
-1.1958463,-2.6088166,3.0443413,-0.25905275,-0.96288311,0.075813249,0
-1.8573067,-2.8369167,-2.2242656,-0.25905275,-0.96288311,0.075813249,0
-0.66993701,1.0056846,-4.6393967,-0.047789894,-0.065618493,-0.99669957,0
-0.41644031,2.0070367,3.1383631,-0.96468008,0.26182097,0.029017435,0
0.98865157,-0.14286333,-1.9549811,0.96468008,-0.26182097,-0.029017435,0
0.98630881,-0.54789805,2.2080352,0.96468008,-0.26182097,-0.029017435,0
1.4020998,2.9138203,2.8168373,0.25905275,0.96288311,-0.075813249,0
1.053704,1.4151669,-4.6482143,-0.047789894,-0.065618493,-0.99669957,0
-0.28297973,2.6687436,-1.9258192,-0.96468008,0.26182097,0.029017435,0
-1.4144807,-2.9587977,-1.9612799,-0.25905275,-0.96288311,0.075813249,0
0.64617729,-1.0912274,-0.7558769,0.96468008,-0.26182097,-0.029017435,0
0.45041621,-1.686794,4.6941705,0.047789894,0.065618493,0.99669957,0
-1.4819994,-2.1377802,2.6952302,-0.96468008,0.26182097,0.029017435,0
0.91554379,-0.1714707,0.31834701,0.96468008,-0.26182097,-0.029017435,0
-0.19584394,3.2000294,1.566072,-0.96468008,0.26182097,0.029017435,0
0.51279461,1.9232255,4.3878884,0.047789894,0.065618493,0.99669957,0
-0.92805934,-2.6713934,3.1159949,-0.25905275,-0.96288311,0.075813249,0
-0.21166664,0.51719403,-4.6112499,-0.047789894,-0.065618493,-0.99669957,0
-1.2140179,-2.7511034,1.4885379,-0.25905275,-0.96288311,0.075813249,0
-0.36491311,2.1321301,1.752377,-0.96468008,0.26182097,0.029017435,0
0.67080939,0.75315797,4.4901328,0.047789894,0.065618493,0.99669957,0
-1.2484525,-1.4610667,-4.3457856,-0.047789894,-0.065618493,-0.99669957,0
-0.67258537,1.5007282,-2.8724427,-0.96468008,0.26182097,0.029017435,0
0.20325017,2.8385932,-3.48891,0.25905275,0.96288311,-0.075813249,0
-0.20852232,2.6409674,-4.6108851,-0.047789894,-0.065618493,-0.99669957,0
1.1685936,0.58238888,-0.85685492,0.96468008,-0.26182097,-0.029017435,0
1.0556848,2.9741323,4.1905923,0.047789894,0.065618493,0.99669957,0
-0.19789147,2.5014372,2.9611616,-0.96468008,0.26182097,0.029017435,0
1.8388503,2.7974558,2.7329853,0.25905275,0.96288311,-0.075813249,0
-1.4997456,-2.8256383,-2.2068393,-0.25905275,-0.96288311,0.075813249,0
0.52793276,-1.1680552,-3.1296451,0.96468008,-0.26182097,-0.029017435,0
-0.13955319,-0.50873351,-4.400075,-0.047789894,-0.065618493,-0.99669957,0
0.24755859,3.2806268,1.8952935,0.25905275,0.96288311,-0.075813249,0
-0.62619543,1.1274217,0.21721575,-0.96468008,0.26182097,0.029017435,0
-0.15208459,0.48024529,-4.477222,-0.047789894,-0.065618493,-0.99669957,0
-1.6032689,-2.8134525,-4.3072701,-0.047789894,-0.065618493,-0.99669957,0
0.034770474,-0.68087876,-4.4300208,-0.047789894,-0.065618493,-0.99669957,0
0.97962844,-0.44951496,3.3127449,0.96468008,-0.26182097,-0.029017435,0
1.0253706,2.4570096,-4.5046873,0.25905275,0.96288311,-0.075813249,0
-0.82186729,0.80883074,0.83081418,-0.96468008,0.26182097,0.029017435,0
-0.6062541,1.0930369,4.3988857,0.047789894,0.065618493,0.99669957,0
-0.27475452,-2.2917762,4.7718015,0.047789894,0.065618493,0.99669957,0
-1.3681083,-2.7861757,-0.61502469,-0.25905275,-0.96288311,0.075813249,0
0.71771312,-1.3238032,0.19164598,0.96468008,-0.26182097,-0.029017435,0
-1.3749385,-2.9501827,-2.6141891,-0.25905275,-0.96288311,0.075813249,0
-1.006989,-1.3145458,4.5796213,0.047789894,0.065618493,0.99669957,0
-1.0607477,0.20700246,-2.6376684,-0.96468008,0.26182097,0.029017435,0
-1.5318174,-2.9309394,-3.2737412,-0.25905275,-0.96288311,0.075813249,0
1.3435414,0.73331046,3.3327546,0.96468008,-0.26182097,-0.029017435,0
0.40960717,-0.81528479,-4.5504875,-0.047789894,-0.065618493,-0.99669957,0
-0.24765849,0.17462111,4.5314889,0.047789894,0.065618493,0.99669957,0
-0.67690313,1.3620455,-4.5512414,-0.047789894,-0.065618493,-0.99669957,0
-1.0092213,-2.5945511,2.6970086,-0.25905275,-0.96288311,0.075813249,0
-0.92601454,-0.73060644,4.6374645,0.047789894,0.065618493,0.99669957,0
-0.79579514,0.86032951,-4.6267242,-0.047789894,-0.065618493,-0.99669957,0
1.0190912,-0.32690132,-0.017236959,0.96468008,-0.26182097,-0.029017435,0
-1.2783117,-2.8741934,-1.8084106,-0.25905275,-0.96288311,0.075813249,0
0.00032263994,0.11845744,-4.5244503,-0.047789894,-0.065618493,-0.99669957,0
0.99879122,3.0757699,2.4419465,0.25905275,0.96288311,-0.075813249,0
-0.11238092,-1.2595673,-4.3355207,-0.047789894,-0.065618493,-0.99669957,0
-0.91330242,0.47307056,-0.36752987,-0.96468008,0.26182097,0.029017435,0
-1.3902044,-2.5649633,1.5522027,-0.25905275,-0.96288311,0.075813249,0
-1.3736575,-2.4277525,-4.2851949,-0.047789894,-0.065618493,-0.99669957,0
-0.51291704,-3.1914234,-3.8119664,-0.25905275,-0.96288311,0.075813249,0
0.98396873,2.5359871,-4.0757942,0.25905275,0.96288311,-0.075813249,0
0.31525752,0.99535215,4.5305099,0.047789894,0.065618493,0.99669957,0
-1.6398399,-2.6903696,-4.1796055,-0.047789894,-0.065618493,-0.99669957,0
1.7548435,2.1818044,4.1942406,0.96468008,-0.26182097,-0.029017435,0
0.76138473,0.20242631,-4.6020846,-0.047789894,-0.065618493,-0.99669957,0
-1.1907979,-0.47562301,-4.0305743,-0.96468008,0.26182097,0.029017435,0
0.26545867,-0.75579274,-4.5070429,-0.047789894,-0.065618493,-0.99669957,0
-0.77791065,1.0420015,-1.0711962,-0.96468008,0.26182097,0.029017435,0
-1.6753836,-2.9621501,-3.7443752,-0.25905275,-0.96288311,0.075813249,0
-0.80482447,-1.1202796,4.6723018,0.047789894,0.065618493,0.99669957,0
-0.50840372,0.99007928,-4.6313133,-0.047789894,-0.065618493,-0.99669957,0
1.6299725,2.18893,0.49827141,0.96468008,-0.26182097,-0.029017435,0
-0.24602771,2.8186665,0.70016968,-0.96468008,0.26182097,0.029017435,0
-1.8109291,-2.7122638,-2.1739087,-0.25905275,-0.96288311,0.075813249,0
-1.4418874,-2.7669461,-0.90626633,-0.25905275,-0.96288311,0.075813249,0
-0.75693214,0.88143635,1.2331219,-0.96468008,0.26182097,0.029017435,0
-0.24252993,0.54471177,-4.4802012,-0.047789894,-0.065618493,-0.99669957,0
1.2136691,2.2899044,4.2542768,0.047789894,0.065618493,0.99669957,0
-0.46286738,-0.2097193,4.6024218,0.047789894,0.065618493,0.99669957,0
1.0412097,1.2192461,-4.6184258,-0.047789894,-0.065618493,-0.99669957,0
1.3192759,1.4315929,-2.5941463,0.96468008,-0.26182097,-0.029017435,0
-1.2362466,-3.0194411,-4.1654205,-0.047789894,-0.065618493,-0.99669957,0
0.26722828,-0.70468551,-4.5126376,-0.047789894,-0.065618493,-0.99669957,0
-1.3223298,-2.6531291,2.3430734,-0.25905275,-0.96288311,0.075813249,0
1.2701197,3.064501,2.905946,0.25905275,0.96288311,-0.075813249,0
1.53986,2.4519153,-3.5772367,0.25905275,0.96288311,-0.075813249,0
-1.7615302,-2.44452,0.51190311,-0.96468008,0.26182097,0.029017435,0
-1.7659185,-2.5736289,-2.1560345,-0.96468008,0.26182097,0.029017435,0
0.95048499,2.9824629,1.2034459,0.25905275,0.96288311,-0.075813249,0
1.0941575,0.12898976,1.8504226,0.96468008,-0.26182097,-0.029017435,0
1.2129612,1.1469787,-3.9734285,0.96468008,-0.26182097,-0.029017435,0
0.019909859,1.5322329,-4.6176972,-0.047789894,-0.065618493,-0.99669957,0
-0.36217302,-1.3734903,-4.4681463,-0.047789894,-0.065618493,-0.99669957,0
1.0500745,1.6995913,4.3307176,0.047789894,0.065618493,0.99669957,0
0.48615265,-2.1474512,4.5875683,0.047789894,0.065618493,0.99669957,0
-0.97734189,-3.2420049,-3.8610878,-0.25905275,-0.96288311,0.075813249,0
1.7231076,2.3915472,-2.0440905,0.96468008,-0.26182097,-0.029017435,0
-0.26175153,1.4071578,-4.6727252,-0.047789894,-0.065618493,-0.99669957,0
0.19498914,-1.7078558,-4.4529376,-0.047789894,-0.065618493,-0.99669957,0
-0.51728916,-3.1238234,-0.76982093,-0.25905275,-0.96288311,0.075813249,0
-0.7504968,0.85574448,0.46973565,-0.96468008,0.26182097,0.029017435,0
-1.1997676,-1.6858271,4.5848646,0.047789894,0.065618493,0.99669957,0
0.23543012,-1.3864766,4.605494,0.047789894,0.065618493,0.99669957,0
0.2891984,-2.2739124,4.608139,0.047789894,0.065618493,0.99669957,0
-1.597687,-2.2262576,4.2874489,-0.96468008,0.26182097,0.029017435,0
-0.92016667,-0.43706074,-4.3749371,-0.047789894,-0.065618493,-0.99669957,0
1.5292133,1.302731,4.4363737,0.047789894,0.065618493,0.99669957,0
1.4158711,2.0076768,-3.5261436,0.96468008,-0.26182097,-0.029017435,0
-0.56086683,-3.0186563,-1.6177723,-0.25905275,-0.96288311,0.075813249,0
0.54081702,2.625092,-3.3023958,0.25905275,0.96288311,-0.075813249,0
-0.80223989,-2.6903067,1.9393374,-0.25905275,-0.96288311,0.075813249,0
1.094171,2.631794,-2.598954,0.25905275,0.96288311,-0.075813249,0
-1.7467613,-2.2437203,-3.8871241,-0.96468008,0.26182097,0.029017435,0
1.2444867,0.43820596,3.3119531,0.96468008,-0.26182097,-0.029017435,0
0.86943984,2.665972,-2.5901034,0.25905275,0.96288311,-0.075813249,0
-1.252059,-1.2116921,-4.4280791,-0.047789894,-0.065618493,-0.99669957,0
1.4002309,1.0710018,4.0405369,0.96468008,-0.26182097,-0.029017435,0
0.52829611,1.6562014,4.2935143,0.047789894,0.065618493,0.99669957,0
-0.028866053,-1.6848044,4.5488658,0.047789894,0.065618493,0.99669957,0
0.91413713,2.9819191,1.5371523,0.25905275,0.96288311,-0.075813249,0
0.82482028,1.3970175,4.438818,0.047789894,0.065618493,0.99669957,0
-0.67573285,-2.5241172,4.7605329,0.047789894,0.065618493,0.99669957,0
0.12970173,-0.044246733,4.5772562,0.047789894,0.065618493,0.99669957,0
-0.92002046,-0.32205915,4.5336351,-0.96468008,0.26182097,0.029017435,0
-1.4772747,-2.032351,3.6317511,-0.96468008,0.26182097,0.029017435,0
0.74982965,1.1611429,4.4410887,0.047789894,0.065618493,0.99669957,0
0.64839262,0.0052225888,4.5563221,0.047789894,0.065618493,0.99669957,0
-0.082525969,1.8895177,-4.7192316,-0.047789894,-0.065618493,-0.99669957,0
0.41422075,1.2443706,4.3675284,0.047789894,0.065618493,0.99669957,0
0.14173794,-3.273129,-1.3193929,-0.25905275,-0.96288311,0.075813249,0
0.090884209,3.1443305,-0.42370856,0.25905275,0.96288311,-0.075813249,0
1.6951854,2.3202817,3.4929471,0.96468008,-0.26182097,-0.029017435,0
-1.4858906,-1.9536266,2.5209577,-0.96468008,0.26182097,0.029017435,0
-0.57078058,1.9266776,1.2347975,-0.96468008,0.26182097,0.029017435,0
0.8374908,2.8165779,-1.2070646,0.25905275,0.96288311,-0.075813249,0
0.42744517,3.0383067,-0.60916245,0.25905275,0.96288311,-0.075813249,0
1.4658735,1.8342714,-0.027955443,0.96468008,-0.26182097,-0.029017435,0
0.65561175,3.1632161,1.8645058,0.25905275,0.96288311,-0.075813249,0
-1.3705441,-0.69518459,-4.0478821,-0.96468008,0.26182097,0.029017435,0
1.1283109,2.8958697,1.5520135,0.25905275,0.96288311,-0.075813249,0
1.0876188,0.55330265,-4.0865049,0.96468008,-0.26182097,-0.029017435,0
1.4333999,2.4185333,-3.0928094,0.25905275,0.96288311,-0.075813249,0
0.70822871,-1.1787045,1.8737633,0.96468008,-0.26182097,-0.029017435,0
-1.4707661,-2.3420668,3.8243625,-0.25905275,-0.96288311,0.075813249,0
-0.60606027,-2.5844858,4.2593756,-0.25905275,-0.96288311,0.075813249,0
0.6887629,3.2022171,3.6148133,0.25905275,0.96288311,-0.075813249,0
-0.91100049,-2.6294234,-4.2615232,-0.047789894,-0.065618493,-0.99669957,0
0.15893507,3.3015471,4.2098632,0.25905275,0.96288311,-0.075813249,0
-0.43257135,0.15047348,4.5781837,0.047789894,0.065618493,0.99669957,0
-0.99675304,-1.3838526,-4.2775836,-0.047789894,-0.065618493,-0.99669957,0
0.43467069,2.9539697,-1.4321163,0.25905275,0.96288311,-0.075813249,0
0.50236511,-0.33116549,-4.5960259,-0.047789894,-0.065618493,-0.99669957,0
-0.35536242,-3.217967,-2.6208355,-0.25905275,-0.96288311,0.075813249,0
-0.50748467,-0.68981075,4.5998449,0.047789894,0.065618493,0.99669957,0
0.34704661,-0.68402088,-4.426424,-0.047789894,-0.065618493,-0.99669957,0
-0.24372125,2.8552735,-3.5553007,0.25905275,0.96288311,-0.075813249,0
-0.91920328,-1.7425814,-4.2864351,-0.047789894,-0.065618493,-0.99669957,0
1.1217384,0.47391379,0.86904085,0.96468008,-0.26182097,-0.029017435,0
0.10014224,-3.0582299,1.7018735,-0.25905275,-0.96288311,0.075813249,0
0.9618364,0.44933447,4.532577,0.047789894,0.065618493,0.99669957,0
-0.86871201,-0.019481897,4.5394101,-0.96468008,0.26182097,0.029017435,0
-0.21811014,1.935408,4.3267064,0.047789894,0.065618493,0.99669957,0
1.4084618,0.82479239,2.3901258,0.96468008,-0.26182097,-0.029017435,0
1.6056497,2.0741961,2.7330112,0.96468008,-0.26182097,-0.029017435,0
-0.0017840862,2.5836825,-4.6466575,-0.047789894,-0.065618493,-0.99669957,0
-1.5513761,-2.9513376,-3.390094,-0.25905275,-0.96288311,0.075813249,0
-1.3174515,-2.7533004,0.17048959,-0.25905275,-0.96288311,0.075813249,0
-0.016426802,-2.8920872,3.0813432,-0.25905275,-0.96288311,0.075813249,0
-0.38988364,2.5165563,0.38633728,-0.96468008,0.26182097,0.029017435,0
-1.5979328,-2.6574087,1.6361952,-0.25905275,-0.96288311,0.075813249,0
-0.605932,-1.8320878,-4.4144306,-0.047789894,-0.065618493,-0.99669957,0
-1.4095349,-1.5438724,0.32412285,-0.96468008,0.26182097,0.029017435,0
-0.51295912,-1.588428,-4.3468504,-0.047789894,-0.065618493,-0.99669957,0
-1.781359,-2.5953183,1.1207979,-0.96468008,0.26182097,0.029017435,0
-0.0044667721,3.0750108,3.3754356,-0.96468008,0.26182097,0.029017435,0
0.56030405,0.53104353,-4.5641265,-0.047789894,-0.065618493,-0.99669957,0
-0.53597903,-3.2067804,-4.2901149,-0.047789894,-0.065618493,-0.99669957,0
0.30577517,-1.0264177,4.5506444,0.047789894,0.065618493,0.99669957,0
-1.7682109,-2.4791989,-0.50988656,-0.96468008,0.26182097,0.029017435,0
-0.54909885,-1.8392289,-4.3739495,-0.047789894,-0.065618493,-0.99669957,0
-0.10118377,2.1432416,4.3994207,0.047789894,0.065618493,0.99669957,0
1.4631431,1.8101321,1.033807,0.96468008,-0.26182097,-0.029017435,0
1.2008531,2.362968,-4.6238799,0.25905275,0.96288311,-0.075813249,0
-1.3135486,-2.9369974,-0.93661892,-0.25905275,-0.96288311,0.075813249,0
-0.93942118,-2.6483748,3.8437228,-0.25905275,-0.96288311,0.075813249,0
-0.047407329,0.32063952,-4.4911995,-0.047789894,-0.065618493,-0.99669957,0
1.0701971,0.027709305,0.59030938,0.96468008,-0.26182097,-0.029017435,0
0.87336969,3.192874,4.2979078,0.047789894,0.065618493,0.99669957,0
1.6152006,1.5208762,3.5276372,0.96468008,-0.26182097,-0.029017435,0
0.33120275,2.7924037,-4.0314155,0.25905275,0.96288311,-0.075813249,0
0.099751949,-3.2941437,-1.0479083,-0.25905275,-0.96288311,0.075813249,0
0.33859777,3.0117679,4.3425388,0.047789894,0.065618493,0.99669957,0
0.53036541,0.18701914,4.5526481,0.047789894,0.065618493,0.99669957,0
-1.5012443,-1.8667446,1.5410427,-0.96468008,0.26182097,0.029017435,0
0.87191486,3.1577277,2.3838923,0.25905275,0.96288311,-0.075813249,0
-1.8978319,-2.6907341,-2.2656779,-0.96468008,0.26182097,0.029017435,0
0.19046497,-2.2494147,4.6892138,0.047789894,0.065618493,0.99669957,0
0.85532486,-0.029306173,-3.050333,0.96468008,-0.26182097,-0.029017435,0
-1.2823057,-0.80741042,-0.30925912,-0.96468008,0.26182097,0.029017435,0
-0.39311218,-1.0266125,4.659905,0.047789894,0.065618493,0.99669957,0
-0.14429855,2.6649499,2.6424749,-0.96468008,0.26182097,0.029017435,0
-0.83886755,0.52092737,-4.4849987,-0.047789894,-0.065618493,-0.99669957,0
-1.8753233,-2.9095464,-2.4838779,-0.25905275,-0.96288311,0.075813249,0
0.87411439,-0.49431998,0.92460465,0.96468008,-0.26182097,-0.029017435,0
0.59038186,2.7179036,-1.9590045,0.25905275,0.96288311,-0.075813249,0
1.2573888,1.150465,-1.0884832,0.96468008,-0.26182097,-0.029017435,0
-0.62406296,0.91378421,3.976783,-0.96468008,0.26182097,0.029017435,0
0.21258196,0.64316964,4.5114341,0.047789894,0.065618493,0.99669957,0
-0.16210866,-3.2697868,-2.6615617,-0.25905275,-0.96288311,0.075813249,0
0.85186499,-0.98643929,3.3405366,0.96468008,-0.26182097,-0.029017435,0
-1.5282714,-1.0479538,-3.4855847,-0.96468008,0.26182097,0.029017435,0
1.3754616,2.9074595,3.1726151,0.25905275,0.96288311,-0.075813249,0
0.070573568,-3.2758739,-2.9511554,-0.25905275,-0.96288311,0.075813249,0
1.0569963,0.29582071,0.55353767,0.96468008,-0.26182097,-0.029017435,0
1.326982,0.95247269,0.29096138,0.96468008,-0.26182097,-0.029017435,0
-1.7577267,-2.7799926,-2.0243299,-0.25905275,-0.96288311,0.075813249,0
1.7717915,3.0281076,4.1421909,0.25905275,0.96288311,-0.075813249,0
-0.74581599,-2.8693225,0.46663317,-0.25905275,-0.96288311,0.075813249,0
-1.4531791,-2.4642737,2.4654083,-0.25905275,-0.96288311,0.075813249,0
-1.179343,-2.7077937,0.96987754,-0.25905275,-0.96288311,0.075813249,0
1.5283742,2.1037421,-2.8930774,0.96468008,-0.26182097,-0.029017435,0
-0.7092545,-2.6633167,4.5910435,-0.25905275,-0.96288311,0.075813249,0
1.0258501,2.7521467,-0.041788459,0.25905275,0.96288311,-0.075813249,0
-1.066376,-2.9970524,-3.4537272,-0.25905275,-0.96288311,0.075813249,0
-1.1381092,-2.8801966,-0.78473294,-0.25905275,-0.96288311,0.075813249,0
0.84889591,-0.66649002,2.0990355,0.96468008,-0.26182097,-0.029017435,0
0.15432203,-1.5287387,4.508759,0.047789894,0.065618493,0.99669957,0
-0.40287304,1.8898357,1.4973792,-0.96468008,0.26182097,0.029017435,0
-1.6958261,-1.9949657,-1.3249681,-0.96468008,0.26182097,0.029017435,0
1.9151514,2.9541869,3.3815718,0.25905275,0.96288311,-0.075813249,0
-0.039702177,2.8610401,-3.2758968,0.25905275,0.96288311,-0.075813249,0
0.87707043,2.43589,4.3580031,0.047789894,0.065618493,0.99669957,0
1.0768046,2.7315986,-0.27827895,0.25905275,0.96288311,-0.075813249,0
-1.0448184,-2.852124,0.15848334,-0.25905275,-0.96288311,0.075813249,0
-0.32095486,-1.2971512,-4.5032649,-0.047789894,-0.065618493,-0.99669957,0
1.5521326,2.319376,-3.3524497,0.96468008,-0.26182097,-0.029017435,0
-0.018867254,2.7901413,-4.5322142,0.25905275,0.96288311,-0.075813249,0
0.32089078,-2.3627162,-1.0074219,0.96468008,-0.26182097,-0.029017435,0
0.5536809,3.1403131,1.6689494,0.25905275,0.96288311,-0.075813249,0
1.0269278,0.91842747,4.3167834,0.047789894,0.065618493,0.99669957,0
-0.1394701,2.7310798,-4.410336,0.25905275,0.96288311,-0.075813249,0
1.2762179,3.0400267,4.2129664,0.047789894,0.065618493,0.99669957,0
1.7294235,2.5711842,-0.80948842,0.25905275,0.96288311,-0.075813249,0
0.10317087,-3.1889558,-3.951591,0.96468008,-0.26182097,-0.029017435,0
-1.5838079,-2.7213242,-1.2343988,-0.25905275,-0.96288311,0.075813249,0
1.8034854,2.7476721,3.449863,0.96468008,-0.26182097,-0.029017435,0
0.67507052,3.0193465,2.3551853,0.25905275,0.96288311,-0.075813249,0
-0.46008325,-3.0068312,-0.84719682,-0.25905275,-0.96288311,0.075813249,0
0.42258096,2.9760187,4.199151,0.047789894,0.065618493,0.99669957,0
-1.2751344,-0.26404196,-3.9336267,-0.96468008,0.26182097,0.029017435,0
-1.8385254,-2.1354513,-4.2618608,-0.96468008,0.26182097,0.029017435,0
0.83827776,-0.66806722,-0.13699393,0.96468008,-0.26182097,-0.029017435,0
0.91661191,0.98790014,-4.7189732,-0.047789894,-0.065618493,-0.99669957,0
1.3971331,2.1097145,-4.7368917,-0.047789894,-0.065618493,-0.99669957,0
-0.58928674,1.5036364,3.2040379,-0.96468008,0.26182097,0.029017435,0
-0.4963479,0.13831164,-4.5357771,-0.047789894,-0.065618493,-0.99669957,0
-0.26005054,2.5033298,1.9733901,-0.96468008,0.26182097,0.029017435,0
-0.094076157,3.0239656,3.7097836,-0.96468008,0.26182097,0.029017435,0
-0.53647417,-0.78937447,-4.3599567,-0.047789894,-0.065618493,-0.99669957,0
1.0385511,2.8035052,0.4689545,0.25905275,0.96288311,-0.075813249,0
1.6181595,2.5250373,-1.5485253,0.96468008,-0.26182097,-0.029017435,0
0.70022225,2.6114113,-4.3896523,0.25905275,0.96288311,-0.075813249,0
0.84245896,-0.67923516,1.1675295,0.96468008,-0.26182097,-0.029017435,0
0.43127513,-1.9770917,0.72705567,0.96468008,-0.26182097,-0.029017435,0
-0.99840999,-2.7988031,1.7771698,-0.25905275,-0.96288311,0.075813249,0
