-0.0054306723,-0.55118471,3.4682329,-0.91264623,-0.33004218,0.24114141,0
-2.3080122,2.1329963,-2.2220244,-0.35389531,0.93321997,-0.062118277,0
-0.15846574,-1.9876133,1.1358327,-0.91264623,-0.33004218,0.24114141,0
2.1901712,-2.2643211,1.0642962,0.91264623,0.33004218,-0.24114141,0
0.36277375,0.51209801,-2.4279742,0.91264623,0.33004218,-0.24114141,0
1.9708068,-0.54311728,2.3936453,0.91264623,0.33004218,-0.24114141,0
0.046898127,-3.3460302,-0.9933368,0.35389531,-0.93321997,0.062118277,0
0.73153484,-2.7877629,3.0543344,0.35389531,-0.93321997,0.062118277,0
-2.0909357,0.19812924,-3.106622,-0.91264623,-0.33004218,0.24114141,0
1.8703486,-2.3195672,2.8960328,0.35389531,-0.93321997,0.062118277,0
0.073584437,2.1332691,3.2341592,0.2045363,0.14203084,0.96849996,0
1.2600341,-2.7762711,-1.323817,0.35389531,-0.93321997,0.062118277,0
-1.0426912,2.7023618,-2.5580738,-0.35389531,0.93321997,-0.062118277,0
-1.0210013,2.9402461,1.0265744,-0.35389531,0.93321997,-0.062118277,0
-1.7989832,2.4198365,-1.1140556,-0.35389531,0.93321997,-0.062118277,0
1.5538932,-2.3558526,2.5912573,0.35389531,-0.93321997,0.062118277,0
0.72419477,-2.8723986,1.3587594,0.35389531,-0.93321997,0.062118277,0
0.94520092,-1.9739668,-2.9144235,0.91264623,0.33004218,-0.24114141,0
1.5268359,-2.4963744,3.4973962,0.35389531,-0.93321997,0.062118277,0
0.014260158,0.16911605,-3.5312269,0.91264623,0.33004218,-0.24114141,0
-1.1734263,2.6558697,-1.8317777,-0.35389531,0.93321997,-0.062118277,0
0.0059490204,3.3764176,0.82953453,-0.35389531,0.93321997,-0.062118277,0
-0.80897403,3.1349957,3.0900569,-0.35389531,0.93321997,-0.062118277,0
-1.2201649,2.586699,-0.94698048,-0.35389531,0.93321997,-0.062118277,0
-1.9763223,2.3875697,-0.18802918,-0.35389531,0.93321997,-0.062118277,0
0.8324728,-3.0980117,-2.0189283,0.35389531,-0.93321997,0.062118277,0
-0.54757464,0.020848095,2.116806,-0.91264623,-0.33004218,0.24114141,0
1.6976284,-1.1588262,0.93886137,0.91264623,0.33004218,-0.24114141,0
0.29131889,-3.1594613,-0.5627172,0.35389531,-0.93321997,0.062118277,0
0.64913523,-2.5814557,2.8326883,-0.91264623,-0.33004218,0.24114141,0
0.74289358,-2.966542,0.53817534,0.35389531,-0.93321997,0.062118277,0
0.35287142,-3.2241209,-2.3659136,0.35389531,-0.93321997,0.062118277,0
-1.0433547,2.7770035,-0.88496947,-0.35389531,0.93321997,-0.062118277,0
2.2010875,-2.2761276,2.0317252,0.35389531,-0.93321997,0.062118277,0
0.67354679,3.1199894,3.0699813,0.2045363,0.14203084,0.96849996,0
-1.0094638,2.5798221,-3.1647732,-0.35389531,0.93321997,-0.062118277,0
-0.84884942,0.68864524,-3.6275675,-0.2045363,-0.14203084,-0.96849996,0
1.0439723,0.52094764,3.2809792,0.2045363,0.14203084,0.96849996,0
-0.29049945,1.8061759,3.4479957,0.2045363,0.14203084,0.96849996,0
-0.56820917,0.73293799,-3.5071321,-0.2045363,-0.14203084,-0.96849996,0
1.7642477,-0.73631257,3.3373115,0.2045363,0.14203084,0.96849996,0
1.8792655,-2.4009926,1.7538204,0.35389531,-0.93321997,0.062118277,0
-2.0415242,0.48068327,-3.1616845,-0.2045363,-0.14203084,-0.96849996,0
-0.75065053,-2.3172324,-1.9928826,-0.91264623,-0.33004218,0.24114141,0
-0.97502607,-0.6735642,-3.2204857,-0.2045363,-0.14203084,-0.96849996,0
2.2816422,-2.38447,1.0546873,0.35389531,-0.93321997,0.062118277,0
1.6586251,-0.051261783,3.1927526,0.2045363,0.14203084,0.96849996,0
-0.6386596,2.8627846,-1.0752913,-0.35389531,0.93321997,-0.062118277,0
1.9071519,-0.30353135,2.6830187,0.91264623,0.33004218,-0.24114141,0
-0.60624409,-3.1811848,-3.0255289,-0.2045363,-0.14203084,-0.96849996,0
-1.021422,0.029152066,-3.4675617,-0.2045363,-0.14203084,-0.96849996,0
0.083011389,3.3063016,1.819262,-0.35389531,0.93321997,-0.062118277,0
1.7562926,-0.16878855,3.1661687,0.2045363,0.14203084,0.96849996,0
0.6404438,-2.9606359,-3.3865261,-0.2045363,-0.14203084,-0.96849996,0
0.16061616,-0.16018784,3.557565,0.2045363,0.14203084,0.96849996,0
0.40691257,-2.5207579,-3.4232121,-0.2045363,-0.14203084,-0.96849996,0
-0.4566586,3.094403,2.3447647,-0.35389531,0.93321997,-0.062118277,0
-1.3971645,1.158247,0.41682169,-0.91264623,-0.33004218,0.24114141,0
0.89896226,-2.9489105,-3.350193,-0.2045363,-0.14203084,-0.96849996,0
-1.7862742,0.56657237,-3.2266746,-0.2045363,-0.14203084,-0.96849996,0
2.0894315,-2.3484144,2.1757863,0.35389531,-0.93321997,0.062118277,0
2.5300655,-1.3853937,3.2244017,0.91264623,0.33004218,-0.24114141,0
1.690493,-1.6855252,3.417068,0.2045363,0.14203084,0.96849996,0
0.93569565,-1.9152261,-3.1839523,0.91264623,0.33004218,-0.24114141,0
-1.3713419,2.7301688,1.0023715,-0.35389531,0.93321997,-0.062118277,0
-1.1432322,1.0459934,1.5669736,-0.91264623,-0.33004218,0.24114141,0
-0.32161713,2.9082131,-1.5857737,-0.35389531,0.93321997,-0.062118277,0
0.27113271,-3.3099177,-2.2251728,0.35389531,-0.93321997,0.062118277,0
-0.53966057,-0.087944925,2.1115725,-0.91264623,-0.33004218,0.24114141,0
-0.28782928,-2.127193,0.18891534,-0.91264623,-0.33004218,0.24114141,0
0.47248077,3.2452555,2.1194839,0.91264623,0.33004218,-0.24114141,0
-0.018719912,-3.3808284,-3.0121381,0.35389531,-0.93321997,0.062118277,0
-1.7940629,-0.12165964,-2.4909222,-0.91264623,-0.33004218,0.24114141,0
-0.85251224,2.6927431,-3.3314736,-0.35389531,0.93321997,-0.062118277,0
-2.1555557,2.0236645,-3.4204974,-0.2045363,-0.14203084,-0.96849996,0
1.667706,-0.82220644,1.2418115,0.91264623,0.33004218,-0.24114141,0
0.57312644,-2.9952295,0.33182552,0.35389531,-0.93321997,0.062118277,0
-2.4661531,1.7961626,-2.8802378,-0.91264623,-0.33004218,0.24114141,0
0.15931368,-3.2157459,-2.2351763,0.35389531,-0.93321997,0.062118277,0
1.1353641,1.8285054,3.1820896,0.2045363,0.14203084,0.96849996,0
-1.6034985,2.1387446,0.86117136,-0.91264623,-0.33004218,0.24114141,0
-1.8924816,0.54666203,-3.2703032,-0.2045363,-0.14203084,-0.96849996,0
-1.0377806,1.3027747,-3.617358,-0.2045363,-0.14203084,-0.96849996,0
1.5181514,-0.4850052,0.7248596,0.91264623,0.33004218,-0.24114141,0
-1.2171972,2.755847,0.7168169,-0.35389531,0.93321997,-0.062118277,0
-1.6776394,-0.034396827,-2.254786,-0.91264623,-0.33004218,0.24114141,0
0.53525013,-1.3207159,3.7806396,0.2045363,0.14203084,0.96849996,0
-2.4281962,1.9070168,-2.5012488,-0.91264623,-0.33004218,0.24114141,0
-1.3395082,0.45345524,-3.466083,-0.2045363,-0.14203084,-0.96849996,0
-0.35128629,3.0534058,-0.88682103,-0.35389531,0.93321997,-0.062118277,0
-1.0638491,1.515357,2.2705586,-0.91264623,-0.33004218,0.24114141,0
-1.5040619,-0.46232915,-3.1911218,-0.2045363,-0.14203084,-0.96849996,0
0.898992,1.5105586,1.1210014,0.91264623,0.33004218,-0.24114141,0
1.3239678,-2.6630919,1.0240899,0.35389531,-0.93321997,0.062118277,0
1.5542589,-0.0398857,1.2851313,0.91264623,0.33004218,-0.24114141,0
-1.0103968,0.53123176,0.72832185,-0.91264623,-0.33004218,0.24114141,0
-1.3785255,1.0153114,-3.5658753,-0.2045363,-0.14203084,-0.96849996,0
1.2823939,-1.8249961,3.5320308,0.2045363,0.14203084,0.96849996,0
-0.60229009,-0.36205038,-3.4294925,-0.2045363,-0.14203084,-0.96849996,0
1.0757768,-3.0133772,-2.456815,0.35389531,-0.93321997,0.062118277,0
-0.90913451,2.8105657,-0.34693399,-0.35389531,0.93321997,-0.062118277,0
1.7081796,-1.3003168,0.38247091,0.91264623,0.33004218,-0.24114141,0
-0.234357,1.3813972,-3.1464753,0.91264623,0.33004218,-0.24114141,0
0.50852752,3.2055843,3.1375287,0.2045363,0.14203084,0.96849996,0
-0.88971472,1.456033,2.4140286,-0.91264623,-0.33004218,0.24114141,0
-1.9481965,2.4605987,-0.046161473,-0.35389531,0.93321997,-0.062118277,0
0.38151786,1.0327649,-1.2733027,0.91264623,0.33004218,-0.24114141,0
-0.89716029,-1.4751692,-1.0253124,-0.91264623,-0.33004218,0.24114141,0
0.65756571,-2.3349516,-3.4879179,-0.2045363,-0.14203084,-0.96849996,0
1.8341291,-2.6825578,-1.085705,0.35389531,-0.93321997,0.062118277,0
-0.70024753,3.1926575,3.3898981,0.2045363,0.14203084,0.96849996,0
-1.2927001,-0.43916202,-0.93965214,-0.91264623,-0.33004218,0.24114141,0
-0.34933072,-1.7071238,-3.2567649,-0.2045363,-0.14203084,-0.96849996,0
1.4357615,-0.66895777,0.11602496,0.91264623,0.33004218,-0.24114141,0
0.029777288,3.2500062,0.92153132,-0.35389531,0.93321997,-0.062118277,0
1.4809479,-2.537921,0.9367516,0.35389531,-0.93321997,0.062118277,0
-0.39310718,3.1249163,1.0045521,-0.35389531,0.93321997,-0.062118277,0
-1.8506845,1.8128997,-0.47878641,-0.91264623,-0.33004218,0.24114141,0
1.9846805,-2.204505,0.64121318,0.91264623,0.33004218,-0.24114141,0
-1.2119851,-0.43022558,-3.3672502,-0.2045363,-0.14203084,-0.96849996,0
-1.1097555,1.8810567,-3.6295495,-0.2045363,-0.14203084,-0.96849996,0
-1.1204029,-0.97633797,-1.105544,-0.91264623,-0.33004218,0.24114141,0
0.1176644,0.64594233,3.5729673,0.2045363,0.14203084,0.96849996,0
1.7539806,-0.16258198,2.1495421,0.91264623,0.33004218,-0.24114141,0
-1.3827907,2.5822809,-0.49045515,-0.35389531,0.93321997,-0.062118277,0
-0.43363261,3.0518143,0.85130429,-0.35389531,0.93321997,-0.062118277,0
-1.3798679,1.5513637,0.88774019,-0.91264623,-0.33004218,0.24114141,0
-0.52265906,-2.8954332,-3.1039214,-0.2045363,-0.14203084,-0.96849996,0
-2.6005154,1.7713428,-2.9812319,-0.91264623,-0.33004218,0.24114141,0
0.22696286,-0.79523933,3.730402,0.2045363,0.14203084,0.96849996,0
1.0315624,-2.8301842,-0.10428393,0.35389531,-0.93321997,0.062118277,0
0.495188,-1.0995674,-3.5208347,-0.2045363,-0.14203084,-0.96849996,0
-1.5025511,1.4337332,0.57465822,-0.91264623,-0.33004218,0.24114141,0
-1.9109051,0.33048448,-3.3062897,-0.2045363,-0.14203084,-0.96849996,0
2.3460262,-1.5047991,3.3370521,0.2045363,0.14203084,0.96849996,0
1.2207015,-2.776119,-3.3052998,0.91264623,0.33004218,-0.24114141,0
0.47819424,3.6309609,2.9511559,0.2045363,0.14203084,0.96849996,0
0.17529142,-3.0521104,0.98948497,0.35389531,-0.93321997,0.062118277,0
-1.4840178,-0.14012796,-1.948911,-0.91264623,-0.33004218,0.24114141,0
1.1622555,-2.3810701,3.6944981,0.2045363,0.14203084,0.96849996,0
0.015894413,-3.2355227,-3.0728607,-0.2045363,-0.14203084,-0.96849996,0
-0.67183423,3.0850716,2.2872055,-0.35389531,0.93321997,-0.062118277,0
1.2438329,1.8606977,2.9647634,0.91264623,0.33004218,-0.24114141,0
-0.18608785,2.5596433,3.2314639,0.2045363,0.14203084,0.96849996,0
-1.196336,-0.75701976,-3.2810555,-0.2045363,-0.14203084,-0.96849996,0
-0.84296703,-1.0893309,-0.8702817,-0.91264623,-0.33004218,0.24114141,0
-1.6896207,2.3376689,-3.2005925,-0.35389531,0.93321997,-0.062118277,0
-1.0514365,2.0435641,2.7988522,-0.91264623,-0.33004218,0.24114141,0
0.42781246,2.6347907,0.85557866,0.91264623,0.33004218,-0.24114141,0
2.0794725,-2.2590418,2.7187624,0.35389531,-0.93321997,0.062118277,0
1.1309172,1.0622758,3.2638214,0.2045363,0.14203084,0.96849996,0
-0.15616858,2.0780785,-2.0929117,0.91264623,0.33004218,-0.24114141,0
0.91810858,-2.807601,0.58151346,0.35389531,-0.93321997,0.062118277,0
0.66586274,0.073231116,3.3933027,0.2045363,0.14203084,0.96849996,0
2.3429263,-1.7107422,3.4231639,0.2045363,0.14203084,0.96849996,0
0.033365548,0.75546813,3.5105109,0.2045363,0.14203084,0.96849996,0
1.270635,0.31407487,1.1333004,0.91264623,0.33004218,-0.24114141,0
0.19603145,3.3084383,1.5685494,-0.35389531,0.93321997,-0.062118277,0
-1.5274124,0.22881478,-3.2452116,-0.2045363,-0.14203084,-0.96849996,0
-1.3660731,2.5792787,2.1146572,-0.91264623,-0.33004218,0.24114141,0
-1.2175884,1.7076411,-3.6368253,-0.2045363,-0.14203084,-0.96849996,0
0.23736578,-1.4708343,2.8749411,-0.91264623,-0.33004218,0.24114141,0
-2.1709144,2.3964324,-1.3821447,-0.35389531,0.93321997,-0.062118277,0
1.012905,-2.4804475,3.822916,0.35389531,-0.93321997,0.062118277,0
-0.012049921,0.70519525,-3.5875564,0.91264623,0.33004218,-0.24114141,0
-0.015284121,1.1451705,-2.9126985,0.91264623,0.33004218,-0.24114141,0
1.2007899,-2.7829165,-3.4254496,-0.2045363,-0.14203084,-0.96849996,0
0.022952795,3.1691146,3.1686831,0.2045363,0.14203084,0.96849996,0
0.45246434,-2.2965288,-3.4084337,-0.2045363,-0.14203084,-0.96849996,0
0.081025004,-2.0678163,1.5410767,-0.91264623,-0.33004218,0.24114141,0
0.29562247,-1.0664022,-3.4746428,-0.2045363,-0.14203084,-0.96849996,0
1.3502959,-2.6373901,1.3249323,0.35389531,-0.93321997,0.062118277,0
-0.01091063,-2.4744201,-3.2348552,-0.2045363,-0.14203084,-0.96849996,0
1.0958368,-0.68649268,3.4487276,0.2045363,0.14203084,0.96849996,0
-0.43375492,1.8428693,3.4934988,0.2045363,0.14203084,0.96849996,0
1.2370021,-1.3479886,3.620337,0.2045363,0.14203084,0.96849996,0
-0.61270165,2.9723797,-1.2474537,-0.35389531,0.93321997,-0.062118277,0
1.7183354,-0.74054676,1.1715707,0.91264623,0.33004218,-0.24114141,0
0.98940736,1.9720671,2.2396839,0.91264623,0.33004218,-0.24114141,0
-0.13665748,-3.4533679,-2.5099571,0.35389531,-0.93321997,0.062118277,0
-1.5442656,2.5170317,-0.69412196,-0.35389531,0.93321997,-0.062118277,0
-0.86285496,2.9836769,-0.14639145,-0.35389531,0.93321997,-0.062118277,0
-0.64175761,0.44235078,-3.5592995,-0.2045363,-0.14203084,-0.96849996,0
-1.5677655,2.6911771,1.4150975,-0.35389531,0.93321997,-0.062118277,0
0.96830773,-0.15786287,-0.42348504,0.91264623,0.33004218,-0.24114141,0
0.73878336,-3.0481639,-1.6125187,0.35389531,-0.93321997,0.062118277,0
2.5211325,-2.097611,2.9609613,0.35389531,-0.93321997,0.062118277,0
1.0785484,-2.9829016,-3.1240342,0.35389531,-0.93321997,0.062118277,0
-1.4362738,2.7029343,0.46070179,-0.35389531,0.93321997,-0.062118277,0
0.39791822,-3.0703735,-0.9875747,0.35389531,-0.93321997,0.062118277,0
-0.72122741,-3.1270919,-3.028537,-0.2045363,-0.14203084,-0.96849996,0
0.68992519,-0.26593059,3.4814558,0.2045363,0.14203084,0.96849996,0
1.4436853,-2.7487459,-1.621335,0.35389531,-0.93321997,0.062118277,0
0.59487069,3.2506504,2.5141251,0.91264623,0.33004218,-0.24114141,0
-0.56639612,1.2099748,3.6167905,0.2045363,0.14203084,0.96849996,0
-0.50903249,2.9929872,1.1234045,-0.35389531,0.93321997,-0.062118277,0
0.31229711,-1.8380084,-3.5028107,-0.2045363,-0.14203084,-0.96849996,0
2.1088822,-2.1691947,3.2513185,0.35389531,-0.93321997,0.062118277,0
1.3589766,-2.2300336,3.7280879,0.2045363,0.14203084,0.96849996,0
-1.2860165,-1.1102338,-1.8621461,-0.91264623,-0.33004218,0.24114141,0
0.061055422,-3.162689,-0.36856553,0.35389531,-0.93321997,0.062118277,0
-1.7815152,0.27748615,-1.8631483,-0.91264623,-0.33004218,0.24114141,0
-1.8089596,1.3624736,-0.87223208,-0.91264623,-0.33004218,0.24114141,0
1.3038564,-2.7819834,-0.056455374,0.35389531,-0.93321997,0.062118277,0
-1.2971734,0.1909498,-0.19189361,-0.91264623,-0.33004218,0.24114141,0
1.4515543,-2.7528167,-0.0064758062,0.35389531,-0.93321997,0.062118277,0
1.0131911,1.6194336,1.900062,0.91264623,0.33004218,-0.24114141,0
-0.94210398,-2.0404501,-2.5763111,-0.91264623,-0.33004218,0.24114141,0
-0.012277484,0.89605308,3.5640504,0.2045363,0.14203084,0.96849996,0
-0.4777416,-2.3722193,-3.1874681,-0.2045363,-0.14203084,-0.96849996,0
-2.3596051,1.2341985,-3.1980872,-0.2045363,-0.14203084,-0.96849996,0
0.62157369,-2.9439824,-1.0602518,0.35389531,-0.93321997,0.062118277,0
-1.7380663,2.0817282,0.36981231,-0.91264623,-0.33004218,0.24114141,0
1.5809015,0.50624937,3.1130767,0.2045363,0.14203084,0.96849996,0
-0.578408,0.80192506,-3.6183178,-0.2045363,-0.14203084,-0.96849996,0
-0.94937491,0.87057471,-3.5153303,-0.2045363,-0.14203084,-0.96849996,0
-0.23158026,-3.5397964,-2.899765,0.35389531,-0.93321997,0.062118277,0
-1.2100327,3.0741303,3.3577819,-0.35389531,0.93321997,-0.062118277,0
0.60036159,-0.9027313,-3.0907776,0.91264623,0.33004218,-0.24114141,0
-1.9238393,2.4513259,-1.0717764,-0.35389531,0.93321997,-0.062118277,0
-0.52546895,-0.30377162,1.3593675,-0.91264623,-0.33004218,0.24114141,0
1.06533,1.2956204,2.0130997,0.91264623,0.33004218,-0.24114141,0
0.28735477,-0.30207437,3.5360038,0.2045363,0.14203084,0.96849996,0
-1.1212585,2.9315417,2.2921715,-0.35389531,0.93321997,-0.062118277,0
-1.7816429,2.4514525,0.15916148,-0.35389531,0.93321997,-0.062118277,0
-2.0215836,1.2229916,-1.8743958,-0.91264623,-0.33004218,0.24114141,0
-0.7458958,-0.52610439,0.56972426,-0.91264623,-0.33004218,0.24114141,0
0.58277321,-3.1530881,-1.743715,0.35389531,-0.93321997,0.062118277,0
-0.82613742,-2.8097484,-2.9986563,-0.2045363,-0.14203084,-0.96849996,0
-1.2828584,2.4087858,-3.7731924,-0.2045363,-0.14203084,-0.96849996,0
0.22735533,1.2033499,-1.4891348,0.91264623,0.33004218,-0.24114141,0
1.5814854,-2.2110279,3.6974647,0.2045363,0.14203084,0.96849996,0
-1.7651312,2.015852,-3.4740047,-0.2045363,-0.14203084,-0.96849996,0
-0.082724094,-1.4366546,-3.4785771,-0.2045363,-0.14203084,-0.96849996,0
-1.6530404,-0.77425814,-2.8329787,-0.91264623,-0.33004218,0.24114141,0
-1.4513968,2.5383139,-1.2306082,-0.35389531,0.93321997,-0.062118277,0
-0.75316715,2.8694203,0.66308153,-0.35389531,0.93321997,-0.062118277,0
-1.1835843,-0.93006486,-1.6799896,-0.91264623,-0.33004218,0.24114141,0
-0.81803739,-0.07164371,1.0621002,-0.91264623,-0.33004218,0.24114141,0
1.8475407,-2.013592,0.35826725,0.91264623,0.33004218,-0.24114141,0
-1.4874525,-1.1500781,-3.0523419,-0.2045363,-0.14203084,-0.96849996,0
-0.1002363,-2.4956546,-3.3002064,-0.2045363,-0.14203084,-0.96849996,0
-0.10007197,-1.723747,1.7221226,-0.91264623,-0.33004218,0.24114141,0
0.73240483,1.7700315,1.3844346,0.91264623,0.33004218,-0.24114141,0
-0.85848904,2.7299707,-3.6048586,-0.35389531,0.93321997,-0.062118277,0
0.097261667,-1.9271857,2.2125785,-0.91264623,-0.33004218,0.24114141,0
-1.3545725,2.97558,2.7948103,-0.35389531,0.93321997,-0.062118277,0
-1.3521198,0.67431742,0.19208103,-0.91264623,-0.33004218,0.24114141,0
0.63925326,3.0160928,3.1388571,0.2045363,0.14203084,0.96849996,0
1.0312755,-2.5189576,3.481708,0.35389531,-0.93321997,0.062118277,0
-1.6132078,2.7453113,1.0384429,-0.35389531,0.93321997,-0.062118277,0
1.2658215,0.55909365,3.2361987,0.2045363,0.14203084,0.96849996,0
1.9533945,-1.4149618,1.0700998,0.91264623,0.33004218,-0.24114141,0
0.49662387,3.3695126,2.747468,0.91264623,0.33004218,-0.24114141,0
0.32890236,2.6269412,3.2605546,0.2045363,0.14203084,0.96849996,0
-1.13958,-1.656446,-2.7049735,-0.91264623,-0.33004218,0.24114141,0
0.071727514,-3.2561083,-0.091577798,0.35389531,-0.93321997,0.062118277,0
2.5611787,-2.128056,2.7645955,0.35389531,-0.93321997,0.062118277,0
-1.1455922,2.8429911,1.453258,-0.35389531,0.93321997,-0.062118277,0
-1.3211162,2.7860975,2.4516561,-0.35389531,0.93321997,-0.062118277,0
1.5774355,-2.5515485,2.4631906,0.35389531,-0.93321997,0.062118277,0
0.26298535,-1.8982778,-3.317826,-0.2045363,-0.14203084,-0.96849996,0
0.39834011,-1.5101154,-3.539156,-0.2045363,-0.14203084,-0.96849996,0
0.27418602,1.9121256,3.3104377,0.2045363,0.14203084,0.96849996,0
-1.5750234,2.7547212,1.3567196,-0.35389531,0.93321997,-0.062118277,0
-0.57282221,-3.2941856,-2.8767114,-0.91264623,-0.33004218,0.24114141,0
-0.31973106,-1.9216099,0.65310311,-0.91264623,-0.33004218,0.24114141,0
1.4845164,-2.4435813,2.6066546,0.35389531,-0.93321997,0.062118277,0
1.4305453,-0.37595499,0.87824094,0.91264623,0.33004218,-0.24114141,0
1.7136521,-2.4553699,1.3277711,0.35389531,-0.93321997,0.062118277,0
1.2139293,0.5273118,0.95618552,0.91264623,0.33004218,-0.24114141,0
-0.59476751,-1.5971506,-3.2624383,-0.2045363,-0.14203084,-0.96849996,0
2.1030779,-2.1795669,2.77756,0.35389531,-0.93321997,0.062118277,0
1.0824788,-2.86045,-1.4407848,0.35389531,-0.93321997,0.062118277,0
0.79704809,-2.9637902,-0.60324955,0.35389531,-0.93321997,0.062118277,0
2.1128588,-0.74939418,2.6572278,0.91264623,0.33004218,-0.24114141,0
-1.0873463,-0.1942032,-3.3205211,-0.2045363,-0.14203084,-0.96849996,0
0.22128773,-3.0680697,0.22099279,0.35389531,-0.93321997,0.062118277,0
-0.084791183,-3.3677292,-2.9995561,-0.2045363,-0.14203084,-0.96849996,0
-1.7468544,2.5801816,-0.70171404,-0.35389531,0.93321997,-0.062118277,0
0.95524883,-2.6025262,3.7090497,0.35389531,-0.93321997,0.062118277,0
-1.440073,-0.77125722,-3.1369371,-0.2045363,-0.14203084,-0.96849996,0
-0.061989784,3.303715,2.1659617,-0.35389531,0.93321997,-0.062118277,0
1.3945727,-2.5330257,-2.0076275,0.91264623,0.33004218,-0.24114141,0
-0.12800741,3.1427734,1.107002,-0.35389531,0.93321997,-0.062118277,0
0.77492166,-0.062880687,3.4448874,0.2045363,0.14203084,0.96849996,0
-0.84623885,2.9857452,2.8333142,-0.35389531,0.93321997,-0.062118277,0
0.98419201,-2.119406,3.6601202,0.2045363,0.14203084,0.96849996,0
-0.73966855,-2.4139938,-1.8508494,-0.91264623,-0.33004218,0.24114141,0
1.0078225,-1.9871632,3.6271195,0.2045363,0.14203084,0.96849996,0
-1.2105687,2.2677367,-3.61343,-0.2045363,-0.14203084,-0.96849996,0
-0.63728845,2.3624384,-2.9219797,0.91264623,0.33004218,-0.24114141,0
1.7078508,-0.66639417,3.3202848,0.2045363,0.14203084,0.96849996,0
-0.25271738,1.7337902,-2.5029249,0.91264623,0.33004218,-0.24114141,0
1.204402,-1.2386984,3.5065801,0.2045363,0.14203084,0.96849996,0
1.4835713,-1.4601628,-0.93869954,0.91264623,0.33004218,-0.24114141,0
1.4847741,-2.6482294,1.2474737,0.35389531,-0.93321997,0.062118277,0
-1.7564172,1.6867403,-3.4303308,-0.2045363,-0.14203084,-0.96849996,0
1.7012534,-2.2470794,3.3839827,0.35389531,-0.93321997,0.062118277,0
2.0639195,-2.1163311,3.3431542,0.35389531,-0.93321997,0.062118277,0
0.031159014,-1.0829409,2.7232413,-0.91264623,-0.33004218,0.24114141,0
0.19667888,1.5023103,3.381602,0.2045363,0.14203084,0.96849996,0
2.0552745,-1.6869888,3.5108559,0.2045363,0.14203084,0.96849996,0
-1.5150728,0.48553395,-0.80648398,-0.91264623,-0.33004218,0.24114141,0
0.99664783,-2.7147684,-3.4140618,-0.2045363,-0.14203084,-0.96849996,0
-1.4440074,-0.2508257,-1.4142293,-0.91264623,-0.33004218,0.24114141,0
0.56871933,-0.40322593,-2.6352644,0.91264623,0.33004218,-0.24114141,0
-1.7134035,2.4246104,-1.5311211,-0.35389531,0.93321997,-0.062118277,0
-0.45391154,0.92085624,3.5542843,0.2045363,0.14203084,0.96849996,0
0.11294097,1.2799294,3.3785498,0.2045363,0.14203084,0.96849996,0
1.6451979,-2.3431883,2.119138,0.35389531,-0.93321997,0.062118277,0
-0.64785028,-0.12809487,-3.5217094,-0.2045363,-0.14203084,-0.96849996,0
1.2541842,-0.58907402,-0.074323893,0.91264623,0.33004218,-0.24114141,0
1.2936614,-1.9715682,3.6377239,0.2045363,0.14203084,0.96849996,0
-0.92172217,2.053668,-3.7533569,-0.2045363,-0.14203084,-0.96849996,0
0.49515772,3.2862451,2.5950098,0.91264623,0.33004218,-0.24114141,0
0.38985503,3.4593275,2.8026912,-0.35389531,0.93321997,-0.062118277,0
-1.7738152,1.3933527,-0.8796038,-0.91264623,-0.33004218,0.24114141,0
-1.3534285,1.7904041,-3.5937953,-0.2045363,-0.14203084,-0.96849996,0
0.66804028,-2.8479819,0.96247017,0.35389531,-0.93321997,0.062118277,0
2.2765007,-1.3573163,3.4321499,0.2045363,0.14203084,0.96849996,0
-0.012501776,-0.37470281,-3.5134234,-0.2045363,-0.14203084,-0.96849996,0
0.023989856,-0.56222403,-3.5078132,-0.2045363,-0.14203084,-0.96849996,0
0.1890893,-1.6176574,-3.4797359,-0.2045363,-0.14203084,-0.96849996,0
-0.38921452,3.0206196,-0.83247316,-0.35389531,0.93321997,-0.062118277,0
1.8309568,-1.3007501,1.1029106,0.91264623,0.33004218,-0.24114141,0
0.85139501,-2.8325143,-0.35246411,0.35389531,-0.93321997,0.062118277,0
-1.6389091,2.5176382,-0.50899279,-0.35389531,0.93321997,-0.062118277,0
-1.9943898,1.8114409,-0.91814709,-0.91264623,-0.33004218,0.24114141,0
1.2063276,1.3928332,2.0530698,0.91264623,0.33004218,-0.24114141,0
-1.1326184,3.0411723,2.7004118,-0.35389531,0.93321997,-0.062118277,0
1.8023368,-2.4001052,1.7261467,0.35389531,-0.93321997,0.062118277,0
-0.64701182,-1.0566763,0.40335441,-0.91264623,-0.33004218,0.24114141,0
2.0181069,-2.279254,3.0914903,0.35389531,-0.93321997,0.062118277,0
2.3972895,-2.1549201,2.0582759,0.35389531,-0.93321997,0.062118277,0
0.51115119,2.6674256,1.6218997,0.91264623,0.33004218,-0.24114141,0
1.1006809,1.953258,3.1415639,0.2045363,0.14203084,0.96849996,0
-2.1492543,2.3947792,-0.95502031,-0.35389531,0.93321997,-0.062118277,0
-2.1575613,2.4148211,-1.3186307,-0.35389531,0.93321997,-0.062118277,0
-0.59059918,1.3897886,3.569025,0.2045363,0.14203084,0.96849996,0
-0.99524856,1.3567977,2.0968392,-0.91264623,-0.33004218,0.24114141,0
-1.3909611,2.5418408,-1.0712253,-0.35389531,0.93321997,-0.062118277,0
0.56461298,-0.45483279,-2.8700864,0.91264623,0.33004218,-0.24114141,0
2.2413373,-1.2579563,3.3444111,0.2045363,0.14203084,0.96849996,0
-0.83243227,2.9754071,2.5715172,-0.35389531,0.93321997,-0.062118277,0
-0.27127254,0.12219834,-3.5674272,-0.2045363,-0.14203084,-0.96849996,0
0.918383,-2.7277105,3.2505407,0.35389531,-0.93321997,0.062118277,0
0.48197976,0.45803636,-1.5927908,0.91264623,0.33004218,-0.24114141,0
2.6160078,-1.8099446,3.3895183,0.2045363,0.14203084,0.96849996,0
-1.051667,2.6696568,-3.0286694,-0.35389531,0.93321997,-0.062118277,0
-0.31889057,1.0146475,3.4693027,0.2045363,0.14203084,0.96849996,0
-2.0124104,2.3928061,-1.9336853,-0.35389531,0.93321997,-0.062118277,0
0.30729687,-2.9769297,0.9901126,0.35389531,-0.93321997,0.062118277,0
0.79423606,-2.6529005,3.2468431,0.35389531,-0.93321997,0.062118277,0
-1.4376798,1.7318213,-3.6010408,-0.2045363,-0.14203084,-0.96849996,0
-1.2147057,2.7367444,1.0941713,-0.35389531,0.93321997,-0.062118277,0
-1.2973508,1.5283175,1.4289387,-0.91264623,-0.33004218,0.24114141,0
1.0142229,1.8747977,2.2173297,0.91264623,0.33004218,-0.24114141,0
0.60252512,-2.1196611,3.788527,-0.91264623,-0.33004218,0.24114141,0
-0.53000695,1.0200781,-3.7060399,-0.2045363,-0.14203084,-0.96849996,0
0.39778611,1.3254642,-0.61164218,0.91264623,0.33004218,-0.24114141,0
-0.77848798,0.43923742,-3.4131703,-0.2045363,-0.14203084,-0.96849996,0
-0.43716502,2.2968409,3.4400699,0.2045363,0.14203084,0.96849996,0
0.46932566,2.2597935,3.2695339,0.2045363,0.14203084,0.96849996,0
-0.77797771,-2.2300832,-3.0865736,-0.2045363,-0.14203084,-0.96849996,0
1.844735,0.3684361,3.1151443,0.2045363,0.14203084,0.96849996,0
1.2674366,-2.6498508,0.71614718,0.35389531,-0.93321997,0.062118277,0
-0.19685638,2.8439202,-0.62862098,0.91264623,0.33004218,-0.24114141,0
0.6785481,-2.6938622,2.952445,0.35389531,-0.93321997,0.062118277,0
0.01081264,-1.7423899,1.8667161,-0.91264623,-0.33004218,0.24114141,0
-1.5845828,0.60740542,-1.1045451,-0.91264623,-0.33004218,0.24114141,0
-0.71623755,0.55954021,-3.5331333,-0.2045363,-0.14203084,-0.96849996,0
1.9072814,-2.0789917,3.5457065,0.2045363,0.14203084,0.96849996,0
-1.4093143,2.3006496,-3.6027851,-0.2045363,-0.14203084,-0.96849996,0
-1.1543241,0.65058589,0.55995327,-0.91264623,-0.33004218,0.24114141,0
0.54065281,-0.3081556,3.6181936,0.2045363,0.14203084,0.96849996,0
-0.66952246,-2.2882366,-3.067971,-0.2045363,-0.14203084,-0.96849996,0
0.1285404,-1.2365687,-3.48296,-0.2045363,-0.14203084,-0.96849996,0
0.5823853,0.84264702,-0.77201819,0.91264623,0.33004218,-0.24114141,0
-0.27797991,0.13565648,3.4953575,-0.91264623,-0.33004218,0.24114141,0
0.66909373,-0.90234262,3.6649239,0.2045363,0.14203084,0.96849996,0
-0.96526122,-0.12263787,0.66234487,-0.91264623,-0.33004218,0.24114141,0
-1.1102364,2.9724734,2.0504882,-0.35389531,0.93321997,-0.062118277,0
0.50533605,0.62944168,3.4936883,0.2045363,0.14203084,0.96849996,0
0.92875576,-2.9512374,-0.57846284,0.35389531,-0.93321997,0.062118277,0
-0.0082994699,1.7790532,3.4263339,0.2045363,0.14203084,0.96849996,0
0.30617744,0.75736099,-1.5652833,0.91264623,0.33004218,-0.24114141,0
1.4819548,-2.6316326,1.4646715,0.35389531,-0.93321997,0.062118277,0
-1.2340783,-0.67315692,-1.5582865,-0.91264623,-0.33004218,0.24114141,0
-1.389015,-0.086555779,-3.3749452,-0.2045363,-0.14203084,-0.96849996,0
-1.1675231,-0.27022123,-0.24810237,-0.91264623,-0.33004218,0.24114141,0
0.8864789,1.2056825,1.0347934,0.91264623,0.33004218,-0.24114141,0
-1.74983,2.3786676,-1.8468704,-0.35389531,0.93321997,-0.062118277,0
-1.4879668,2.0120397,-3.6466279,-0.2045363,-0.14203084,-0.96849996,0
-0.70036173,0.091256738,1.2338998,-0.91264623,-0.33004218,0.24114141,0
-0.27185619,2.2623003,-2.158566,0.91264623,0.33004218,-0.24114141,0
0.47206521,-2.7568877,-3.220571,-0.2045363,-0.14203084,-0.96849996,0
0.79240924,-0.51153743,-1.7174611,0.91264623,0.33004218,-0.24114141,0
1.6798753,-2.4722524,0.32208249,0.35389531,-0.93321997,0.062118277,0
-2.0404358,2.014781,-3.5286102,-0.2045363,-0.14203084,-0.96849996,0
-0.62884104,3.001611,-1.1591717,-0.35389531,0.93321997,-0.062118277,0
-1.3095527,2.8027809,2.6731329,-0.35389531,0.93321997,-0.062118277,0
0.46543026,-0.81645811,-3.1237557,0.91264623,0.33004218,-0.24114141,0
-1.1163948,-0.81596798,-3.2075109,-0.2045363,-0.14203084,-0.96849996,0
0.099252462,3.4773424,3.1165342,0.2045363,0.14203084,0.96849996,0
1.4669183,-1.1028107,3.5337348,0.2045363,0.14203084,0.96849996,0
0.46573937,2.9259603,3.0559473,0.2045363,0.14203084,0.96849996,0
0.89093661,-2.389204,-3.5487585,-0.2045363,-0.14203084,-0.96849996,0
1.4117346,-0.52795374,0.21963486,0.91264623,0.33004218,-0.24114141,0
1.1247551,-2.9061522,-1.8830882,0.35389531,-0.93321997,0.062118277,0
-1.3096964,-1.5674667,-2.9897971,-0.91264623,-0.33004218,0.24114141,0
-0.6825428,3.1647766,2.6966624,-0.35389531,0.93321997,-0.062118277,0
1.4225955,-2.5500407,2.5305943,0.35389531,-0.93321997,0.062118277,0
-1.1731496,0.31668785,0.29158297,-0.91264623,-0.33004218,0.24114141,0
1.0712312,-2.5527027,3.7027361,0.2045363,0.14203084,0.96849996,0
1.5667738,0.087981999,2.1151402,0.91264623,0.33004218,-0.24114141,0
-0.024779975,-1.3830838,2.4953272,-0.91264623,-0.33004218,0.24114141,0
-0.42848295,-2.1844625,-0.47543877,-0.91264623,-0.33004218,0.24114141,0
-1.5223639,2.5534689,-0.18698636,-0.35389531,0.93321997,-0.062118277,0
-1.1020552,2.1907539,-3.7565148,-0.2045363,-0.14203084,-0.96849996,0
0.45267379,-1.7408466,-3.5435205,-0.2045363,-0.14203084,-0.96849996,0
1.4945443,-2.5003109,2.3043065,0.35389531,-0.93321997,0.062118277,0
1.8879598,-1.4094791,1.2501736,0.91264623,0.33004218,-0.24114141,0
1.0350533,-0.26226684,-0.53146416,0.91264623,0.33004218,-0.24114141,0
0.53841603,-0.46468359,-3.0525565,0.91264623,0.33004218,-0.24114141,0
-0.99196243,0.64537245,1.1056161,-0.91264623,-0.33004218,0.24114141,0
1.4356961,1.0545726,2.3512821,0.91264623,0.33004218,-0.24114141,0
-0.52199149,3.1867323,2.7501783,-0.35389531,0.93321997,-0.062118277,0
1.0146149,1.5837172,3.1154337,0.2045363,0.14203084,0.96849996,0
0.37867975,3.1476321,1.9364845,0.91264623,0.33004218,-0.24114141,0
-1.7778753,-0.02243638,-3.1774325,-0.2045363,-0.14203084,-0.96849996,0
-1.1462339,-1.116658,-1.7670943,-0.91264623,-0.33004218,0.24114141,0
0.81469625,1.1643192,3.1688778,0.2045363,0.14203084,0.96849996,0
-0.7013936,-1.8756361,-0.66022456,-0.91264623,-0.33004218,0.24114141,0
-1.8209677,0.79553878,-1.7296015,-0.91264623,-0.33004218,0.24114141,0
1.6309571,-0.95876878,3.3303232,0.2045363,0.14203084,0.96849996,0
1.9307253,-1.2958686,3.3490036,0.2045363,0.14203084,0.96849996,0
-0.9605689,1.1094714,-3.5418317,-0.2045363,-0.14203084,-0.96849996,0
-0.37811065,-1.9248915,-0.32560903,-0.91264623,-0.33004218,0.24114141,0
-0.87766886,2.9146881,0.90359509,-0.35389531,0.93321997,-0.062118277,0
0.85382092,-1.4705575,-3.1912379,0.91264623,0.33004218,-0.24114141,0
1.3920007,-0.54895037,0.17579043,0.91264623,0.33004218,-0.24114141,0
2.3227453,-2.2006443,1.670126,0.35389531,-0.93321997,0.062118277,0
2.0229938,-0.254978,3.3128059,0.2045363,0.14203084,0.96849996,0
-1.4947332,2.5726762,-1.0258026,-0.35389531,0.93321997,-0.062118277,0
2.2398608,-1.5188713,3.4002962,0.2045363,0.14203084,0.96849996,0
0.11941361,1.7429763,-1.4569685,0.91264623,0.33004218,-0.24114141,0
-0.2810452,0.85122442,3.6252227,0.2045363,0.14203084,0.96849996,0
1.7415451,-2.5172782,0.48253149,0.35389531,-0.93321997,0.062118277,0
0.96536481,-2.7433069,2.4990809,0.35389531,-0.93321997,0.062118277,0
-0.89937425,2.8700242,0.79704857,-0.35389531,0.93321997,-0.062118277,0
-0.10391235,-2.5229006,-3.3103933,-0.2045363,-0.14203084,-0.96849996,0
-0.79451746,-0.61892068,-0.052391492,-0.91264623,-0.33004218,0.24114141,0
0.30000731,0.23498309,-3.0478764,0.91264623,0.33004218,-0.24114141,0
-1.012482,0.3830862,-3.5057013,-0.2045363,-0.14203084,-0.96849996,0
-1.2661396,2.3974409,-3.7878354,-0.2045363,-0.14203084,-0.96849996,0
-0.95853209,1.5186871,2.9912894,-0.91264623,-0.33004218,0.24114141,0
1.335344,-1.7588644,3.5435023,0.2045363,0.14203084,0.96849996,0
1.5793113,-0.047982097,1.3709693,0.91264623,0.33004218,-0.24114141,0
0.86602402,-1.986994,-3.5762813,0.91264623,0.33004218,-0.24114141,0
1.3780771,-2.2337856,-2.3844059,0.91264623,0.33004218,-0.24114141,0
-1.8789067,0.95009315,-3.4175401,-0.2045363,-0.14203084,-0.96849996,0
-1.3587787,-0.88096333,-2.3573961,-0.91264623,-0.33004218,0.24114141,0
-0.026593804,2.7360315,3.2212174,0.2045363,0.14203084,0.96849996,0
0.79690069,0.17248458,-1.2916355,0.91264623,0.33004218,-0.24114141,0
1.7146742,-2.4674058,1.69523,0.35389531,-0.93321997,0.062118277,0
0.44475079,-1.4495516,-3.4443626,-0.2045363,-0.14203084,-0.96849996,0
0.49435353,-3.0007765,-1.199924,0.35389531,-0.93321997,0.062118277,0
-0.84116209,2.6806622,-3.3290501,-0.35389531,0.93321997,-0.062118277,0
1.1895066,-2.1099722,-2.2652502,0.91264623,0.33004218,-0.24114141,0
1.7196933,-2.4712687,2.5789571,0.35389531,-0.93321997,0.062118277,0
-0.15006432,-1.1391906,2.1139452,-0.91264623,-0.33004218,0.24114141,0
-1.7428795,2.4655201,-1.2763362,-0.35389531,0.93321997,-0.062118277,0
-1.7689017,2.4573886,-1.1643106,-0.35389531,0.93321997,-0.062118277,0
-0.025094599,-0.94574666,2.3463058,-0.91264623,-0.33004218,0.24114141,0
-1.4349161,1.5362833,-3.4865627,-0.2045363,-0.14203084,-0.96849996,0
-1.0616789,2.826314,-0.62898111,-0.35389531,0.93321997,-0.062118277,0
-1.7350715,0.19521022,-3.2980194,-0.2045363,-0.14203084,-0.96849996,0
-0.84028989,0.6263864,-3.5690184,-0.2045363,-0.14203084,-0.96849996,0
-1.0937769,2.9422779,3.3343787,-0.35389531,0.93321997,-0.062118277,0
-0.94307399,2.7082961,3.3396671,0.2045363,0.14203084,0.96849996,0
2.2427957,-2.1890223,1.5736898,0.91264623,0.33004218,-0.24114141,0
-0.14766413,1.0151331,3.3942215,0.2045363,0.14203084,0.96849996,0
1.1147993,-0.84503359,-1.3764645,0.91264623,0.33004218,-0.24114141,0
-0.098672628,-3.0816653,-3.0837102,-0.2045363,-0.14203084,-0.96849996,0
1.6391315,-0.23856646,2.1028996,0.91264623,0.33004218,-0.24114141,0
-1.6055914,1.0582627,-3.4193392,-0.2045363,-0.14203084,-0.96849996,0
-1.0084498,2.9783554,2.8652651,-0.35389531,0.93321997,-0.062118277,0
-0.82127416,-0.80728281,-3.3645961,-0.2045363,-0.14203084,-0.96849996,0
-0.77101576,2.7596102,-2.3201449,-0.35389531,0.93321997,-0.062118277,0
0.77084279,1.2025203,3.3207834,0.2045363,0.14203084,0.96849996,0
-0.67550361,1.3518338,3.0268672,-0.91264623,-0.33004218,0.24114141,0
-0.50513101,3.2192223,2.2801802,-0.35389531,0.93321997,-0.062118277,0
-0.56440294,-3.4560483,-3.0599773,-0.2045363,-0.14203084,-0.96849996,0
-0.23260763,1.2474685,-3.5769727,0.91264623,0.33004218,-0.24114141,0
-0.88721335,2.2499309,3.4393415,0.2045363,0.14203084,0.96849996,0
1.677422,-1.0642751,0.6637941,0.91264623,0.33004218,-0.24114141,0
1.0877205,-2.4577219,3.7286429,0.2045363,0.14203084,0.96849996,0
0.42892957,1.2665339,-1.046856,0.91264623,0.33004218,-0.24114141,0
1.4222248,-0.056679428,1.0670621,0.91264623,0.33004218,-0.24114141,0
1.4027714,-0.38750556,0.74181724,0.91264623,0.33004218,-0.24114141,0
1.6190398,-1.1064372,3.3885436,0.2045363,0.14203084,0.96849996,0
0.10535669,-3.19947,-1.3565778,0.35389531,-0.93321997,0.062118277,0
1.4844675,0.2158227,2.0715196,0.91264623,0.33004218,-0.24114141,0
-0.854375,2.8350363,-2.0670638,-0.35389531,0.93321997,-0.062118277,0
0.13174796,-2.7622838,-3.1609786,-0.2045363,-0.14203084,-0.96849996,0
0.36907613,2.440028,3.2474861,0.2045363,0.14203084,0.96849996,0
-1.2627294,-1.3615723,-3.2103209,-0.2045363,-0.14203084,-0.96849996,0
1.3464686,-2.5964587,2.2603416,0.35389531,-0.93321997,0.062118277,0
0.032903194,3.2923336,1.225533,-0.35389531,0.93321997,-0.062118277,0
0.76709211,-0.56870091,-2.3004916,0.91264623,0.33004218,-0.24114141,0
2.3024693,-2.2390728,1.4085801,0.35389531,-0.93321997,0.062118277,0
2.3316259,-1.5504794,2.748383,0.91264623,0.33004218,-0.24114141,0
-2.1551309,1.3939322,-2.3811247,-0.91264623,-0.33004218,0.24114141,0
-0.021513224,2.1819968,3.2797346,0.2045363,0.14203084,0.96849996,0
-2.3699453,0.98062056,-3.1470115,-0.91264623,-0.33004218,0.24114141,0
0.68522072,-2.4976039,-3.3657038,-0.2045363,-0.14203084,-0.96849996,0
-0.20755428,-1.303105,-3.3152716,-0.2045363,-0.14203084,-0.96849996,0
1.8724577,-2.3557239,3.2250676,0.35389531,-0.93321997,0.062118277,0
-1.0828658,2.1308901,3.2747831,-0.91264623,-0.33004218,0.24114141,0
-0.14757623,0.39651209,-3.5404444,-0.2045363,-0.14203084,-0.96849996,0
2.2702403,-1.5284574,3.3001161,0.2045363,0.14203084,0.96849996,0
0.0082324445,-0.92299026,2.7928047,-0.91264623,-0.33004218,0.24114141,0
-1.5087054,0.47904208,-0.59816593,-0.91264623,-0.33004218,0.24114141,0
0.72885096,0.19586742,-0.95829493,0.91264623,0.33004218,-0.24114141,0
1.7267295,-2.279146,3.0731926,0.35389531,-0.93321997,0.062118277,0
1.6688635,-0.94001055,3.3626428,0.2045363,0.14203084,0.96849996,0
-2.3430114,0.99397653,-3.2321947,-0.2045363,-0.14203084,-0.96849996,0
0.77883542,3.1135709,2.911211,0.2045363,0.14203084,0.96849996,0
-0.58200616,-0.46815845,-3.3374295,-0.2045363,-0.14203084,-0.96849996,0
-1.5802259,2.5919552,-0.63237,-0.35389531,0.93321997,-0.062118277,0
1.8850532,-2.3624883,3.3075638,0.35389531,-0.93321997,0.062118277,0
0.51808083,-1.8251359,-3.5454168,-0.2045363,-0.14203084,-0.96849996,0
-1.0743662,2.5530503,-2.6736996,-0.35389531,0.93321997,-0.062118277,0
1.2564447,-0.53599191,3.4448581,0.2045363,0.14203084,0.96849996,0
0.704638,2.5939083,3.0453091,0.2045363,0.14203084,0.96849996,0
-0.034868002,3.4478939,2.1957595,-0.35389531,0.93321997,-0.062118277,0
0.91052681,-1.7811991,3.5988133,0.2045363,0.14203084,0.96849996,0
2.5592504,-2.1151443,2.6615324,0.35389531,-0.93321997,0.062118277,0
1.7996299,-2.4125118,1.2921813,0.35389531,-0.93321997,0.062118277,0
0.038915634,-2.379539,-3.3606369,-0.2045363,-0.14203084,-0.96849996,0
0.090784788,3.2789407,2.0203869,-0.35389531,0.93321997,-0.062118277,0
-1.0073339,-0.68608665,-3.3080132,-0.2045363,-0.14203084,-0.96849996,0
0.9134208,-0.15770647,-0.73232174,0.91264623,0.33004218,-0.24114141,0
-2.52737,2.0836031,-3.1705775,-0.35389531,0.93321997,-0.062118277,0
-1.8141707,2.4636793,-1.9820089,-0.35389531,0.93321997,-0.062118277,0
-0.81752449,1.014532,-3.572109,-0.2045363,-0.14203084,-0.96849996,0
-1.103002,-1.9016856,-2.5038879,-0.91264623,-0.33004218,0.24114141,0
-1.1753867,1.8097315,-3.5368869,-0.2045363,-0.14203084,-0.96849996,0
-1.8234022,-0.014509678,-3.2349858,-0.2045363,-0.14203084,-0.96849996,0
-0.70828807,0.70468396,2.3947732,-0.91264623,-0.33004218,0.24114141,0
-0.82328153,2.7719803,-2.1259799,-0.35389531,0.93321997,-0.062118277,0
-1.3641074,-0.63762242,-1.8864343,-0.91264623,-0.33004218,0.24114141,0
0.3087157,-2.7568507,1.2718372,-0.91264623,-0.33004218,0.24114141,0
2.1966758,-2.3557403,1.6285136,0.35389531,-0.93321997,0.062118277,0
-0.37685442,3.2619662,1.7497751,-0.35389531,0.93321997,-0.062118277,0
-2.2505856,1.4700739,-2.4141827,-0.91264623,-0.33004218,0.24114141,0
-0.62507904,-0.75719613,0.55319309,-0.91264623,-0.33004218,0.24114141,0
1.2411437,-2.9067478,-3.3802476,0.35389531,-0.93321997,0.062118277,0
1.6753001,-0.39001113,3.3997943,0.2045363,0.14203084,0.96849996,0
-0.23794246,3.121007,0.14965463,-0.35389531,0.93321997,-0.062118277,0
-0.052312136,-3.2952924,-2.3597269,0.35389531,-0.93321997,0.062118277,0
0.58934236,-3.1192961,-1.4400847,0.35389531,-0.93321997,0.062118277,0
0.60018909,3.2552004,2.7784786,0.91264623,0.33004218,-0.24114141,0
1.5624704,-1.5665712,-0.099814951,0.91264623,0.33004218,-0.24114141,0
-0.96023321,2.5472727,-3.6707029,-0.35389531,0.93321997,-0.062118277,0
0.46919847,0.67640722,-1.4012176,0.91264623,0.33004218,-0.24114141,0
0.72622859,-0.14385155,-1.3398644,0.91264623,0.33004218,-0.24114141,0
0.44864273,-2.2499089,2.6828136,-0.91264623,-0.33004218,0.24114141,0
-1.1085718,2.2553875,3.0865138,-0.91264623,-0.33004218,0.24114141,0
0.1732679,-0.61179703,3.6733248,0.2045363,0.14203084,0.96849996,0
-1.1036594,2.9576659,2.8583565,-0.35389531,0.93321997,-0.062118277,0
1.7629418,-2.4284387,2.9031463,0.35389531,-0.93321997,0.062118277,0
-0.2014699,-3.4920988,-3.0167484,0.35389531,-0.93321997,0.062118277,0
1.1844119,0.70407742,1.2606297,0.91264623,0.33004218,-0.24114141,0
0.10381919,-1.2511935,2.4805427,-0.91264623,-0.33004218,0.24114141,0
0.52861571,-2.9523084,-0.10292578,0.35389531,-0.93321997,0.062118277,0
0.17164803,-3.3291943,-2.8017285,0.35389531,-0.93321997,0.062118277,0
0.23524356,-2.691505,-3.2738161,-0.2045363,-0.14203084,-0.96849996,0
0.52985346,3.4725604,2.9913888,0.2045363,0.14203084,0.96849996,0
-1.6702591,0.65525579,-3.4333975,-0.2045363,-0.14203084,-0.96849996,0
