-0.96112847,2.3017831,-1.8060579,-0.54580796,0.20979337,-0.8112216,0
-1.4022837,0.33486652,-0.15196371,-0.62886691,0.53723657,0.56205267,0
-1.2679925,-1.2973051,1.5496099,-0.62886691,0.53723657,0.56205267,0
-3.2627535,-1.7703333,-1.3985205,-0.54580796,0.20979337,-0.8112216,0
-2.8397999,-1.6689918,-1.5836396,-0.54580796,0.20979337,-0.8112216,0
1.8805325,2.24155,-0.52144527,0.55373287,0.8169232,-0.16129595,0
-1.3431568,1.4873939,-1.1214516,-0.62886691,0.53723657,0.56205267,0
-0.36848164,0.70123416,-2.536108,-0.54580796,0.20979337,-0.8112216,0
0.22551906,0.39471018,-1.9141566,0.62886691,-0.53723657,-0.56205267,0
-3.1639352,-1.6022873,-0.26917028,-0.55373287,-0.8169232,0.16129595,0
0.53846312,2.3050303,-2.8175285,-0.54580796,0.20979337,-0.8112216,0
-1.7411914,-0.57089776,0.52080786,-0.62886691,0.53723657,0.56205267,0
2.3324857,1.6745846,1.8518176,0.54580796,-0.20979337,0.8112216,0
1.7572522,-0.36781073,1.866119,0.54580796,-0.20979337,0.8112216,0
0.31012988,-1.6962749,2.3540604,0.54580796,-0.20979337,0.8112216,0
-2.5926614,-1.2232993,-1.6443228,-0.54580796,0.20979337,-0.8112216,0
-3.243309,-1.5265634,-0.66317797,-0.55373287,-0.8169232,0.16129595,0
-0.42710137,0.025953293,-2.3959634,0.62886691,-0.53723657,-0.56205267,0
-2.2003055,-2.2329514,-0.29690719,-0.55373287,-0.8169232,0.16129595,0
1.494892,2.301713,-1.7874403,0.55373287,0.8169232,-0.16129595,0
-3.4528067,-1.2828603,-0.83583188,-0.62886691,0.53723657,0.56205267,0
-1.9468455,-0.10413218,-0.43072128,-0.62886691,0.53723657,0.56205267,0
-0.30913043,3.0174992,-2.0419536,-0.54580796,0.20979337,-0.8112216,0
-1.4511242,0.064424813,-2.0913403,-0.54580796,0.20979337,-0.8112216,0
1.972383,0.77750099,1.8740622,0.54580796,-0.20979337,0.8112216,0
-0.91314912,-1.7052084,-1.2788155,0.62886691,-0.53723657,-0.56205267,0
1.2588465,2.8453381,0.64048505,-0.62886691,0.53723657,0.56205267,0
0.027420878,3.3601437,-1.3806723,0.55373287,0.8169232,-0.16129595,0
2.6901321,0.89231956,0.30324554,0.62886691,-0.53723657,-0.56205267,0
-1.1579423,0.65988505,-0.15592812,-0.62886691,0.53723657,0.56205267,0
-2.7777922,-0.58916509,-0.65358973,-0.62886691,0.53723657,0.56205267,0
-1.7956753,-2.0861411,1.9187737,-0.62886691,0.53723657,0.56205267,0
-1.9693408,-1.7647656,-2.3096552,-0.54580796,0.20979337,-0.8112216,0
-0.29241449,2.3376813,-0.64622772,-0.62886691,0.53723657,0.56205267,0
-0.22422516,-2.9506333,2.3965955,-0.55373287,-0.8169232,0.16129595,0
-1.1293322,-2.1906626,2.4656932,-0.62886691,0.53723657,0.56205267,0
-2.7928874,-2.0061846,-1.139806,-0.55373287,-0.8169232,0.16129595,0
-0.94199753,0.41436154,-2.3740771,-0.54580796,0.20979337,-0.8112216,0
3.001235,0.99490988,0.54178476,0.62886691,-0.53723657,-0.56205267,0
-1.9471967,-2.1947846,0.70249295,-0.55373287,-0.8169232,0.16129595,0
-0.72855109,-2.835232,1.7020266,-0.55373287,-0.8169232,0.16129595,0
-0.93441337,-2.6266613,1.7775991,-0.55373287,-0.8169232,0.16129595,0
-3.078743,-1.6042707,-0.097270489,-0.62886691,0.53723657,0.56205267,0
1.1748843,-2.2918243,1.6160467,0.62886691,-0.53723657,-0.56205267,0
0.99534082,2.888447,0.042536497,-0.62886691,0.53723657,0.56205267,0
2.4676678,2.3093543,1.9221964,0.54580796,-0.20979337,0.8112216,0
0.47565389,2.8242798,-2.5960131,0.55373287,0.8169232,-0.16129595,0
1.620314,2.5367298,0.087227583,0.55373287,0.8169232,-0.16129595,0
-1.7992007,-2.5235267,-0.29885983,-0.55373287,-0.8169232,0.16129595,0
0.40181839,2.5026431,-2.7903347,-0.54580796,0.20979337,-0.8112216,0
-2.3478189,-2.4221025,-1.8846002,-0.55373287,-0.8169232,0.16129595,0
1.9812723,-0.12725663,0.40508378,0.62886691,-0.53723657,-0.56205267,0
-2.2541676,0.11069453,-0.98436588,-0.62886691,0.53723657,0.56205267,0
-1.9423816,-0.2863611,-1.9689652,-0.54580796,0.20979337,-0.8112216,0
1.7835827,-0.4234975,1.7543854,0.54580796,-0.20979337,0.8112216,0
1.7790201,2.3823094,1.3584852,-0.62886691,0.53723657,0.56205267,0
-3.3998518,-1.4452095,-0.98755908,-0.55373287,-0.8169232,0.16129595,0
-2.5107796,-1.9216264,-2.0037894,-0.54580796,0.20979337,-0.8112216,0
-0.13384247,1.6789193,0.0010569096,-0.62886691,0.53723657,0.56205267,0
3.1482964,1.7173927,0.70642424,0.55373287,0.8169232,-0.16129595,0
-2.1213467,0.91774631,-1.5243061,-0.54580796,0.20979337,-0.8112216,0
-1.4213929,1.5818722,-1.479961,-0.62886691,0.53723657,0.56205267,0
2.7259483,1.9830444,0.30790138,0.55373287,0.8169232,-0.16129595,0
0.35511637,-1.0182167,2.4670432,0.54580796,-0.20979337,0.8112216,0
2.4680037,2.3008792,0.93330312,0.55373287,0.8169232,-0.16129595,0
0.60881567,2.2981248,-2.9645715,-0.54580796,0.20979337,-0.8112216,0
2.1978726,0.33875304,1.6797385,0.54580796,-0.20979337,0.8112216,0
-0.39295506,0.63154972,0.80802763,-0.62886691,0.53723657,0.56205267,0
0.98222733,-2.639595,1.8472787,0.54580796,-0.20979337,0.8112216,0
-0.16690397,-1.388803,2.7753768,-0.62886691,0.53723657,0.56205267,0
-0.50756526,-2.9787762,1.6890512,-0.55373287,-0.8169232,0.16129595,0
1.9331255,2.2443771,1.7439959,-0.62886691,0.53723657,0.56205267,0
-1.2537429,-2.2929201,2.4725013,-0.55373287,-0.8169232,0.16129595,0
2.5271304,0.19392014,1.4135693,0.54580796,-0.20979337,0.8112216,0
1.9636936,1.3202112,1.9897337,0.54580796,-0.20979337,0.8112216,0
1.4551013,0.71701741,-0.7397939,0.62886691,-0.53723657,-0.56205267,0
1.8315713,2.411155,0.43699908,0.55373287,0.8169232,-0.16129595,0
-1.7724109,-2.1659713,1.5686246,-0.55373287,-0.8169232,0.16129595,0
1.6952531,0.62508798,2.2111123,0.54580796,-0.20979337,0.8112216,0
-0.12323308,0.61968195,-2.6616421,0.62886691,-0.53723657,-0.56205267,0
0.87881112,-1.6895127,1.9700538,0.54580796,-0.20979337,0.8112216,0
-0.36433399,1.9863091,-0.54136074,-0.62886691,0.53723657,0.56205267,0
0.15887332,3.1036744,-2.022125,0.55373287,0.8169232,-0.16129595,0
-0.027424574,-3.2062318,1.3534281,0.62886691,-0.53723657,-0.56205267,0
0.60450149,-1.6891334,2.1811471,0.54580796,-0.20979337,0.8112216,0
-0.61199355,1.5963395,-2.2841203,-0.54580796,0.20979337,-0.8112216,0
-1.8717582,-1.8552394,1.3893968,-0.62886691,0.53723657,0.56205267,0
-0.39296889,0.10401639,-2.2303247,0.62886691,-0.53723657,-0.56205267,0
-1.2069018,-2.2609253,2.6642833,-0.55373287,-0.8169232,0.16129595,0
1.561343,2.3388114,-1.1899936,0.55373287,0.8169232,-0.16129595,0
-0.54937553,2.1676514,-2.0636756,-0.54580796,0.20979337,-0.8112216,0
-1.982762,-1.8009349,1.3960972,-0.62886691,0.53723657,0.56205267,0
-1.1250288,-0.40073255,-2.3800178,-0.54580796,0.20979337,-0.8112216,0
1.8855857,2.1798565,-1.4591004,0.55373287,0.8169232,-0.16129595,0
1.1987538,2.522938,-2.0832782,0.55373287,0.8169232,-0.16129595,0
0.48291659,2.9680021,-2.0631676,0.55373287,0.8169232,-0.16129595,0
-1.085345,-2.961205,0.46587276,-0.55373287,-0.8169232,0.16129595,0
-0.89879322,-2.2521567,-0.78361917,0.62886691,-0.53723657,-0.56205267,0
2.6265619,2.117892,1.4379683,0.55373287,0.8169232,-0.16129595,0
1.262661,-0.9784649,1.976665,0.54580796,-0.20979337,0.8112216,0
-1.4342134,-2.5259387,0.90621066,-0.55373287,-0.8169232,0.16129595,0
1.1645317,2.3482935,-2.4495506,0.55373287,0.8169232,-0.16129595,0
1.5294131,2.6699717,-0.12808657,0.55373287,0.8169232,-0.16129595,0
2.2210264,0.088002086,1.6541281,0.54580796,-0.20979337,0.8112216,0
0.71919739,1.661535,-2.5295119,0.62886691,-0.53723657,-0.56205267,0
-0.96147299,2.3551817,-1.8775721,-0.54580796,0.20979337,-0.8112216,0
0.57636064,2.8522265,-1.8040664,0.55373287,0.8169232,-0.16129595,0
-2.0305424,-2.1852429,0.52002144,-0.55373287,-0.8169232,0.16129595,0
2.503041,0.78928703,1.5303599,0.54580796,-0.20979337,0.8112216,0
2.6019807,2.1372738,1.4389927,0.55373287,0.8169232,-0.16129595,0
-2.3269832,-2.3288462,-1.6318381,-0.55373287,-0.8169232,0.16129595,0
0.011749983,3.4540598,-1.3417523,-0.62886691,0.53723657,0.56205267,0
0.88033581,-2.2990365,1.8759929,0.54580796,-0.20979337,0.8112216,0
-0.32367015,1.8236639,-2.3305111,-0.54580796,0.20979337,-0.8112216,0
-0.60244137,1.7815558,-0.47654396,-0.62886691,0.53723657,0.56205267,0
-1.8265071,-1.7418245,1.2599733,-0.62886691,0.53723657,0.56205267,0
0.33408535,3.0132537,-2.2405727,0.55373287,0.8169232,-0.16129595,0
0.36160541,0.4086715,-1.7020196,0.62886691,-0.53723657,-0.56205267,0
-0.029420376,2.8453035,-2.3175204,-0.54580796,0.20979337,-0.8112216,0
2.5193923,1.1414462,0.02710557,0.62886691,-0.53723657,-0.56205267,0
0.49695468,2.7579691,-2.808418,0.55373287,0.8169232,-0.16129595,0
-0.98582536,-2.8603632,1.3300222,-0.55373287,-0.8169232,0.16129595,0
-2.3909698,-0.12668514,-0.80239511,-0.62886691,0.53723657,0.56205267,0
0.077928662,0.27889517,-1.8802234,0.62886691,-0.53723657,-0.56205267,0
2.4529486,-0.12691247,1.3050209,0.54580796,-0.20979337,0.8112216,0
-2.322557,0.63822615,-1.4422985,-0.54580796,0.20979337,-0.8112216,0
-0.55789816,1.0994819,0.086235225,-0.62886691,0.53723657,0.56205267,0
-3.3449662,-1.7274882,-1.2474923,-0.55373287,-0.8169232,0.16129595,0
1.3597074,-1.6741637,1.3750669,0.62886691,-0.53723657,-0.56205267,0
-3.1952126,-1.0610914,-1.2160165,-0.54580796,0.20979337,-0.8112216,0
-0.41964015,-3.2709341,1.1911728,-0.55373287,-0.8169232,0.16129595,0
1.2621973,-0.76210159,2.083245,0.54580796,-0.20979337,0.8112216,0
-0.15819645,2.5235875,-2.4213583,-0.54580796,0.20979337,-0.8112216,0
0.98133194,2.4941201,-2.7698288,0.55373287,0.8169232,-0.16129595,0
-0.23957872,0.16915739,1.2104834,-0.62886691,0.53723657,0.56205267,0
0.9134835,-2.4732103,1.5097346,0.62886691,-0.53723657,-0.56205267,0
-2.2862387,-2.2319429,-0.098062038,-0.55373287,-0.8169232,0.16129595,0
0.70905936,0.34096098,-1.3270404,0.62886691,-0.53723657,-0.56205267,0
-1.6718125,0.77877617,-1.7731415,-0.54580796,0.20979337,-0.8112216,0
-1.9449294,-2.7315323,-1.4496081,-0.55373287,-0.8169232,0.16129595,0
3.3874848,1.5404961,1.0526395,0.55373287,0.8169232,-0.16129595,0
0.21519411,3.131052,-2.2199481,0.55373287,0.8169232,-0.16129595,0
0.066921711,-3.23559,1.2459337,0.62886691,-0.53723657,-0.56205267,0
-2.2330792,-0.73446828,-1.7156708,-0.54580796,0.20979337,-0.8112216,0
2.5667706,2.3562,1.7258234,0.55373287,0.8169232,-0.16129595,0
2.4784617,1.1328371,1.6642569,0.54580796,-0.20979337,0.8112216,0
-0.97999287,2.7130013,-1.7701132,-0.54580796,0.20979337,-0.8112216,0
-1.8345971,-1.8168505,-1.9774029,0.62886691,-0.53723657,-0.56205267,0
0.14167869,3.2121692,-2.0134482,0.55373287,0.8169232,-0.16129595,0
-1.5569718,1.4572339,-1.7348647,-0.54580796,0.20979337,-0.8112216,0
2.1259155,-0.40004432,1.6347351,0.54580796,-0.20979337,0.8112216,0
-2.3156526,-2.4031236,-1.1783779,-0.55373287,-0.8169232,0.16129595,0
-1.5764878,-2.6826079,0.060222626,-0.55373287,-0.8169232,0.16129595,0
3.3373537,1.7136033,0.99620605,0.55373287,0.8169232,-0.16129595,0
0.088556767,3.2560225,-2.0973248,0.55373287,0.8169232,-0.16129595,0
0.18228447,2.7752967,-0.80926621,-0.62886691,0.53723657,0.56205267,0
0.38223231,0.56079549,1.5940471,-0.62886691,0.53723657,0.56205267,0
1.9284887,-1.0890422,1.6148927,0.54580796,-0.20979337,0.8112216,0
2.8358514,0.91157579,1.3499973,0.54580796,-0.20979337,0.8112216,0
-0.99980354,-2.5804555,1.7320154,-0.55373287,-0.8169232,0.16129595,0
-1.5242897,-2.5775609,-1.1394801,0.62886691,-0.53723657,-0.56205267,0
0.63858092,3.0615427,-0.55598807,0.55373287,0.8169232,-0.16129595,0
0.8111546,-1.4883862,2.0669713,0.54580796,-0.20979337,0.8112216,0
-1.8500271,-2.2106454,0.63458967,-0.55373287,-0.8169232,0.16129595,0
2.6114757,2.1754036,1.3349881,0.55373287,0.8169232,-0.16129595,0
0.79606354,1.8666689,0.79969573,-0.62886691,0.53723657,0.56205267,0
-1.831522,-0.276636,0.16000485,-0.62886691,0.53723657,0.56205267,0
-1.2663128,-2.4881916,1.1399453,-0.55373287,-0.8169232,0.16129595,0
-2.2940865,0.35759056,-1.4440696,-0.54580796,0.20979337,-0.8112216,0
-2.6889703,-1.3446584,-0.036223412,-0.62886691,0.53723657,0.56205267,0
-0.3748405,0.48624372,-2.5263369,0.62886691,-0.53723657,-0.56205267,0
0.50617468,-2.6074557,1.3978688,0.62886691,-0.53723657,-0.56205267,0
1.654541,1.4282037,2.2474668,0.54580796,-0.20979337,0.8112216,0
1.1950107,2.590414,-1.1003681,0.55373287,0.8169232,-0.16129595,0
1.8867095,-0.77284718,1.6398638,0.54580796,-0.20979337,0.8112216,0
0.6072495,1.9474504,0.73539937,-0.62886691,0.53723657,0.56205267,0
0.46295202,2.9420292,-1.9895889,0.55373287,0.8169232,-0.16129595,0
-1.5963857,0.36509132,-0.39288011,-0.62886691,0.53723657,0.56205267,0
0.40420341,-1.9367419,2.2252636,0.54580796,-0.20979337,0.8112216,0
-1.4626595,-0.56544238,0.51992249,-0.62886691,0.53723657,0.56205267,0
-0.74333829,-2.9775429,0.44624019,-0.55373287,-0.8169232,0.16129595,0
3.0184875,1.7212601,0.25003409,0.55373287,0.8169232,-0.16129595,0
3.1531248,1.3879781,1.3343449,0.54580796,-0.20979337,0.8112216,0
2.9590969,0.37762249,1.2306243,0.54580796,-0.20979337,0.8112216,0
2.465857,1.828896,-0.41379547,0.55373287,0.8169232,-0.16129595,0
-0.36894649,1.9880661,-0.4216466,-0.62886691,0.53723657,0.56205267,0
-1.4245777,-0.93161803,-2.3811851,-0.54580796,0.20979337,-0.8112216,0
0.67498922,0.40555537,2.140583,-0.62886691,0.53723657,0.56205267,0
-0.47537756,3.1733294,-2.015671,-0.54580796,0.20979337,-0.8112216,0
-0.10810018,1.8064299,-2.4315126,-0.54580796,0.20979337,-0.8112216,0
2.26687,0.13234377,0.55708373,0.62886691,-0.53723657,-0.56205267,0
-1.4599226,0.7869727,-1.8553743,-0.54580796,0.20979337,-0.8112216,0
-1.9480834,-1.1660227,-2.0757601,-0.54580796,0.20979337,-0.8112216,0
1.5101975,-0.17376232,0.22345483,0.62886691,-0.53723657,-0.56205267,0
1.5808619,-0.40338671,0.45275867,0.62886691,-0.53723657,-0.56205267,0
-0.94670343,2.0614243,-1.9296343,-0.54580796,0.20979337,-0.8112216,0
2.7428625,0.2183727,1.1304725,0.62886691,-0.53723657,-0.56205267,0
-1.661883,-1.6171501,1.3114527,-0.62886691,0.53723657,0.56205267,0
-1.3906734,-2.8640566,-0.09051156,-0.55373287,-0.8169232,0.16129595,0
-0.20543784,2.2046871,-0.51082587,-0.62886691,0.53723657,0.56205267,0
1.5308433,2.4935503,-1.2506484,0.55373287,0.8169232,-0.16129595,0
-0.25396252,2.7377043,-2.1853945,-0.54580796,0.20979337,-0.8112216,0
3.3682191,1.5377015,1.133147,0.55373287,0.8169232,-0.16129595,0
-1.56529,-2.3775017,1.2280941,-0.55373287,-0.8169232,0.16129595,0
1.4746885,0.87554276,-0.95487058,0.62886691,-0.53723657,-0.56205267,0
1.6867889,0.69060993,-0.61401612,0.62886691,-0.53723657,-0.56205267,0
0.982687,2.5858779,-2.1085043,0.55373287,0.8169232,-0.16129595,0
-1.0984304,0.029509317,-2.4131527,-0.54580796,0.20979337,-0.8112216,0
2.3422599,1.855413,-0.57732654,0.55373287,0.8169232,-0.16129595,0
-0.23728883,0.19352615,1.344579,-0.62886691,0.53723657,0.56205267,0
1.093343,0.30538747,2.4152303,0.54580796,-0.20979337,0.8112216,0
-2.4990954,-1.9577475,-1.9631305,-0.54580796,0.20979337,-0.8112216,0
-0.33219767,2.9902513,-2.153019,-0.54580796,0.20979337,-0.8112216,0
-1.9968109,-1.0375022,-1.9451464,-0.54580796,0.20979337,-0.8112216,0
-1.6736405,1.0103322,-1.7528963,-0.54580796,0.20979337,-0.8112216,0
-0.036063075,3.2766194,-2.1254835,-0.54580796,0.20979337,-0.8112216,0
-0.17304087,1.5855881,-2.4862437,-0.54580796,0.20979337,-0.8112216,0
-1.899577,-2.5873477,-0.61529446,-0.55373287,-0.8169232,0.16129595,0
-1.561645,0.90616393,-0.67831945,-0.62886691,0.53723657,0.56205267,0
-1.0528185,1.717522,-1.8783658,-0.54580796,0.20979337,-0.8112216,0
-0.78033447,1.3649018,-0.54033554,-0.62886691,0.53723657,0.56205267,0
-2.9170766,-0.67716461,-1.3830795,-0.54580796,0.20979337,-0.8112216,0
-2.5265012,-2.1830742,-1.8639429,-0.54580796,0.20979337,-0.8112216,0
2.1221271,2.420706,0.73381925,0.55373287,0.8169232,-0.16129595,0
-2.398253,-2.2356584,-0.79241514,-0.55373287,-0.8169232,0.16129595,0
-1.1923246,-2.5090723,1.5167589,-0.55373287,-0.8169232,0.16129595,0
-1.6257448,1.1441733,-1.6980723,-0.54580796,0.20979337,-0.8112216,0
-0.74127841,-0.26864791,1.1961622,-0.62886691,0.53723657,0.56205267,0
1.3596463,0.81115687,-0.86826503,0.62886691,-0.53723657,-0.56205267,0
-2.6759007,-1.4764453,0.12132812,-0.62886691,0.53723657,0.56205267,0
0.10131192,0.76433897,-2.3949687,0.62886691,-0.53723657,-0.56205267,0
-3.0875273,-1.2352682,-1.2429192,-0.54580796,0.20979337,-0.8112216,0
-0.55323529,1.7430816,-2.2952693,-0.54580796,0.20979337,-0.8112216,0
1.1708329,2.8179905,-0.51262641,0.55373287,0.8169232,-0.16129595,0
0.66204286,2.2566986,-2.8342626,-0.54580796,0.20979337,-0.8112216,0
-1.217842,-2.6765325,0.4471333,-0.55373287,-0.8169232,0.16129595,0
1.2084429,2.7814128,-0.90001178,0.55373287,0.8169232,-0.16129595,0
-0.5395658,-0.71861798,-1.6819596,0.62886691,-0.53723657,-0.56205267,0
2.6320534,2.1252942,1.2363267,0.55373287,0.8169232,-0.16129595,0
0.95983434,0.19173765,2.4406261,0.54580796,-0.20979337,0.8112216,0
2.1408286,2.4680302,0.84191442,0.55373287,0.8169232,-0.16129595,0
-1.941226,-1.4799304,-2.1900325,-0.54580796,0.20979337,-0.8112216,0
2.0449941,-0.79606867,1.553051,0.54580796,-0.20979337,0.8112216,0
2.6065619,2.2633443,1.8778825,0.54580796,-0.20979337,0.8112216,0
-1.0493875,-2.4373789,2.3803413,-0.55373287,-0.8169232,0.16129595,0
2.3942645,2.2250726,0.49838781,0.55373287,0.8169232,-0.16129595,0
3.0574443,1.7040851,1.4244766,0.54580796,-0.20979337,0.8112216,0
-2.3365753,-2.105196,-2.1154912,-0.54580796,0.20979337,-0.8112216,0
-1.7760385,-2.3418179,1.0275776,-0.55373287,-0.8169232,0.16129595,0
-1.3711355,-1.9220476,1.9570615,-0.62886691,0.53723657,0.56205267,0
-0.28489721,-3.1490088,0.75217748,0.62886691,-0.53723657,-0.56205267,0
-2.5374148,-1.9939775,-1.9795868,-0.54580796,0.20979337,-0.8112216,0
-0.27665627,2.4623938,-0.888906,-0.62886691,0.53723657,0.56205267,0
-2.8446314,-0.8390916,-1.3331689,-0.54580796,0.20979337,-0.8112216,0
-2.2716396,-2.0908496,0.81105781,-0.55373287,-0.8169232,0.16129595,0
0.1911591,1.8175354,0.3912673,-0.62886691,0.53723657,0.56205267,0
-3.4000185,-1.4990785,-0.7079463,-0.55373287,-0.8169232,0.16129595,0
-0.22168329,1.9960201,-0.37552905,-0.62886691,0.53723657,0.56205267,0
-2.8077374,-1.5321752,-1.6306694,-0.54580796,0.20979337,-0.8112216,0
0.46147716,2.9646471,-1.7736846,0.55373287,0.8169232,-0.16129595,0
-2.555285,-1.8589239,0.14360213,-0.55373287,-0.8169232,0.16129595,0
-0.35365939,1.9317242,-2.2556765,-0.54580796,0.20979337,-0.8112216,0
-2.3002458,-2.2459173,-1.0488286,-0.55373287,-0.8169232,0.16129595,0
0.36722732,-0.87384915,2.6096182,0.54580796,-0.20979337,0.8112216,0
1.8648183,0.54334378,-0.040604234,0.62886691,-0.53723657,-0.56205267,0
1.5740875,2.3476877,-1.6447543,0.55373287,0.8169232,-0.16129595,0
-2.0831649,-2.3990066,-0.9846909,-0.55373287,-0.8169232,0.16129595,0
1.0781021,2.9621425,-0.09998107,0.55373287,0.8169232,-0.16129595,0
-0.54619169,0.47845235,-2.5914183,-0.54580796,0.20979337,-0.8112216,0
-2.1626308,-2.2547894,-0.21065903,-0.55373287,-0.8169232,0.16129595,0
1.5888259,0.69701588,-0.81528395,0.62886691,-0.53723657,-0.56205267,0
-1.7609885,-2.4958243,-0.04235816,-0.55373287,-0.8169232,0.16129595,0
-2.2008419,-1.9378495,1.1132307,-0.55373287,-0.8169232,0.16129595,0
-1.39838,1.7578619,-1.4577767,-0.62886691,0.53723657,0.56205267,0
1.2975998,-0.24305061,2.0444067,0.54580796,-0.20979337,0.8112216,0
2.7736361,0.54401141,1.3158993,0.54580796,-0.20979337,0.8112216,0
-1.1444499,-0.71886897,1.1810845,-0.62886691,0.53723657,0.56205267,0
-1.8170133,-1.1662515,-2.2185116,-0.54580796,0.20979337,-0.8112216,0
-3.021842,-0.78205538,-1.2463893,-0.54580796,0.20979337,-0.8112216,0
-0.77204633,-1.3682377,-1.39047,0.62886691,-0.53723657,-0.56205267,0
-0.88923264,-2.532079,2.4060524,-0.55373287,-0.8169232,0.16129595,0
0.56976438,-1.0194257,2.428988,0.54580796,-0.20979337,0.8112216,0
1.9700367,2.2746618,1.688848,-0.62886691,0.53723657,0.56205267,0
1.8787966,-1.1987852,1.5589545,0.54580796,-0.20979337,0.8112216,0
-0.27394581,-0.78751022,-1.3082519,0.62886691,-0.53723657,-0.56205267,0
-0.42289519,0.92267394,-2.6448095,-0.54580796,0.20979337,-0.8112216,0
2.0727873,2.2732105,0.42021823,0.55373287,0.8169232,-0.16129595,0
-0.012146235,-2.6843009,2.2749467,0.54580796,-0.20979337,0.8112216,0
-0.38313907,-1.5667975,-0.84889054,0.62886691,-0.53723657,-0.56205267,0
-0.70527089,-2.5558028,-0.25725484,0.62886691,-0.53723657,-0.56205267,0
-2.1863778,-2.1099532,0.67163658,-0.55373287,-0.8169232,0.16129595,0
1.0613365,2.925339,0.2548759,0.55373287,0.8169232,-0.16129595,0
1.1394093,0.20142795,2.4349937,0.54580796,-0.20979337,0.8112216,0
2.4431384,1.0461056,1.6546309,0.54580796,-0.20979337,0.8112216,0
-2.0907598,0.38695657,-1.65547,-0.54580796,0.20979337,-0.8112216,0
-0.65106857,-2.5469589,2.8927441,0.54580796,-0.20979337,0.8112216,0
0.26397026,-2.3375535,0.65271568,0.62886691,-0.53723657,-0.56205267,0
2.4435937,2.3670101,1.5917597,0.55373287,0.8169232,-0.16129595,0
-0.1598208,-2.0865326,2.7432268,0.54580796,-0.20979337,0.8112216,0
0.56539917,2.9397283,-2.2955184,0.55373287,0.8169232,-0.16129595,0
-0.083419323,1.2046934,-2.6535602,-0.54580796,0.20979337,-0.8112216,0
-1.0873802,-0.77962768,1.3208381,-0.62886691,0.53723657,0.56205267,0
-1.8897021,0.10755312,-1.8306954,-0.54580796,0.20979337,-0.8112216,0
-2.4055605,-1.9357159,0.16370487,-0.55373287,-0.8169232,0.16129595,0
-0.65836525,2.7987866,-1.724069,-0.62886691,0.53723657,0.56205267,0
-0.21360874,-1.2926569,2.8552804,-0.62886691,0.53723657,0.56205267,0
-2.8375084,-2.0439148,-0.98203897,-0.55373287,-0.8169232,0.16129595,0
-0.27893138,1.1521046,-2.572927,-0.54580796,0.20979337,-0.8112216,0
-1.7007575,-0.15751529,-1.9783635,-0.54580796,0.20979337,-0.8112216,0
0.86150217,2.9322691,-1.2820617,0.55373287,0.8169232,-0.16129595,0
1.1933707,2.1763952,1.0766745,-0.62886691,0.53723657,0.56205267,0
2.5973167,0.010091662,1.459689,0.54580796,-0.20979337,0.8112216,0
2.8485386,1.9301109,1.5384982,0.55373287,0.8169232,-0.16129595,0
-1.4335287,0.74333656,-0.44556081,-0.62886691,0.53723657,0.56205267,0
-1.3565683,-1.2634693,-2.1847057,0.62886691,-0.53723657,-0.56205267,0
1.7608097,2.305903,-0.40000653,0.55373287,0.8169232,-0.16129595,0
-2.3748808,-0.93001676,-1.7189195,-0.54580796,0.20979337,-0.8112216,0
1.064543,2.5272412,0.51858878,-0.62886691,0.53723657,0.56205267,0
0.70569998,0.92822093,-1.9153171,0.62886691,-0.53723657,-0.56205267,0
-2.5991275,-1.9964349,-0.78189182,-0.55373287,-0.8169232,0.16129595,0
1.3623905,-1.9625686,1.5133201,0.62886691,-0.53723657,-0.56205267,0
0.58725941,1.9380593,-2.9141688,-0.54580796,0.20979337,-0.8112216,0
-1.2401786,-2.862452,-0.29725194,0.62886691,-0.53723657,-0.56205267,0
-0.77808499,0.80914497,-2.2570386,-0.54580796,0.20979337,-0.8112216,0
-1.1011724,-1.7040448,-1.42874,0.62886691,-0.53723657,-0.56205267,0
-2.6767013,-1.9652631,0.071496725,-0.55373287,-0.8169232,0.16129595,0
0.0075566769,-3.0958934,2.2276049,0.54580796,-0.20979337,0.8112216,0
-0.053432822,3.2556663,-2.149406,-0.54580796,0.20979337,-0.8112216,0
-2.3795919,-0.85547566,-1.6423039,-0.54580796,0.20979337,-0.8112216,0
1.6149487,0.71197373,2.2885821,0.54580796,-0.20979337,0.8112216,0
-1.6460097,-0.17079416,-1.9991647,-0.54580796,0.20979337,-0.8112216,0
1.5922043,-0.95705891,0.78954983,0.62886691,-0.53723657,-0.56205267,0
2.7792609,2.0112178,0.75196481,0.55373287,0.8169232,-0.16129595,0
2.3908844,2.1506724,0.12551618,0.55373287,0.8169232,-0.16129595,0
0.1674099,0.24780172,-1.9577639,0.62886691,-0.53723657,-0.56205267,0
2.5624034,0.16404068,0.92643404,0.62886691,-0.53723657,-0.56205267,0
1.036305,2.3449049,-2.7415557,0.55373287,0.8169232,-0.16129595,0
-3.4384539,-1.4463594,-1.1530876,-0.54580796,0.20979337,-0.8112216,0
3.2500055,1.7467486,1.1097558,0.55373287,0.8169232,-0.16129595,0
1.7268236,2.1996369,1.5239229,-0.62886691,0.53723657,0.56205267,0
1.5306611,2.6614981,0.97920179,-0.62886691,0.53723657,0.56205267,0
-0.22968578,0.51708025,0.89129794,-0.62886691,0.53723657,0.56205267,0
-1.7228718,-2.4451323,-1.3131752,0.62886691,-0.53723657,-0.56205267,0
2.1814158,2.4342372,1.7083781,0.55373287,0.8169232,-0.16129595,0
2.2977655,2.1964803,1.9880753,0.54580796,-0.20979337,0.8112216,0
0.27244401,2.6624651,-2.6804168,-0.54580796,0.20979337,-0.8112216,0
-2.8868902,-0.95012879,-1.4888498,-0.54580796,0.20979337,-0.8112216,0
-1.5207322,0.32279986,-2.0217118,-0.54580796,0.20979337,-0.8112216,0
-2.2258904,-2.4847071,-1.742269,-0.55373287,-0.8169232,0.16129595,0
1.6836417,2.5036893,-0.23859406,0.55373287,0.8169232,-0.16129595,0
2.6236243,1.9304382,1.8156521,0.54580796,-0.20979337,0.8112216,0
-2.1373484,-0.65184534,-0.031782031,-0.62886691,0.53723657,0.56205267,0
2.3402207,1.4463671,1.9887726,0.54580796,-0.20979337,0.8112216,0
-2.910605,-1.7182605,0.019930124,-0.55373287,-0.8169232,0.16129595,0
-1.2277346,-2.3613183,2.3847067,-0.55373287,-0.8169232,0.16129595,0
-0.88054562,-1.0741709,1.7192492,-0.62886691,0.53723657,0.56205267,0
-1.8133903,-0.84705275,-2.0856729,-0.54580796,0.20979337,-0.8112216,0
1.1097455,-1.9014626,1.4081717,0.62886691,-0.53723657,-0.56205267,0
1.9984028,-0.80227566,1.0594229,0.62886691,-0.53723657,-0.56205267,0
-1.4897313,-2.3673038,1.9782135,-0.55373287,-0.8169232,0.16129595,0
2.6665602,0.60953045,0.68860877,0.62886691,-0.53723657,-0.56205267,0
1.2580376,-1.9568709,1.472711,0.62886691,-0.53723657,-0.56205267,0
0.62626547,2.9865317,-1.3783145,0.55373287,0.8169232,-0.16129595,0
0.060404003,-0.48638159,-1.1421719,0.62886691,-0.53723657,-0.56205267,0
0.22889829,-1.9561458,0.3377856,0.62886691,-0.53723657,-0.56205267,0
-0.27270967,-3.1302767,1.3929093,-0.55373287,-0.8169232,0.16129595,0
2.4232135,2.2771325,1.613991,0.55373287,0.8169232,-0.16129595,0
-2.5889416,-2.1683586,-0.96887612,-0.55373287,-0.8169232,0.16129595,0
-0.55533695,-2.8393366,2.4515638,-0.55373287,-0.8169232,0.16129595,0
-2.9052186,-1.3741219,-0.026051521,-0.62886691,0.53723657,0.56205267,0
-0.79690069,-0.32762921,1.0781697,-0.62886691,0.53723657,0.56205267,0
-1.2304668,-2.5500937,1.6351596,-0.55373287,-0.8169232,0.16129595,0
-1.0988183,0.81074488,-0.17241348,-0.62886691,0.53723657,0.56205267,0
-1.4175516,-2.4888113,0.55372286,-0.55373287,-0.8169232,0.16129595,0
-0.7493155,-3.0335441,1.1772649,-0.55373287,-0.8169232,0.16129595,0
0.64014882,0.69096816,-1.6169255,0.62886691,-0.53723657,-0.56205267,0
-1.242223,1.2818449,-0.89701104,-0.62886691,0.53723657,0.56205267,0
1.2514231,-0.53951323,0.1276674,0.62886691,-0.53723657,-0.56205267,0
1.4374832,0.58481723,-0.85589349,0.62886691,-0.53723657,-0.56205267,0
-1.9843181,0.21798563,-0.74508989,-0.62886691,0.53723657,0.56205267,0
-0.81126535,-2.7982554,1.881371,-0.55373287,-0.8169232,0.16129595,0
-0.95454025,0.61221266,0.20267646,-0.62886691,0.53723657,0.56205267,0
-0.93952906,0.76210058,0.022375613,-0.62886691,0.53723657,0.56205267,0
-0.27586353,-0.25165701,-1.9589729,0.62886691,-0.53723657,-0.56205267,0
0.27219832,3.056155,-1.6048644,0.55373287,0.8169232,-0.16129595,0
2.4167366,1.3047121,1.881393,0.54580796,-0.20979337,0.8112216,0
-2.6510444,-1.7133971,0.54096889,-0.62886691,0.53723657,0.56205267,0
-2.496531,-1.5571313,-1.6931124,-0.54580796,0.20979337,-0.8112216,0
2.9574966,0.54556203,0.84785151,0.62886691,-0.53723657,-0.56205267,0
-0.044042826,-1.7475268,2.745966,0.54580796,-0.20979337,0.8112216,0
0.59763718,-2.6064415,2.0620589,0.54580796,-0.20979337,0.8112216,0
1.4990041,2.349627,-1.9548059,0.55373287,0.8169232,-0.16129595,0
-2.1308563,-1.0247933,-2.0029297,-0.54580796,0.20979337,-0.8112216,0
-0.62445998,1.9179749,-0.6998316,-0.62886691,0.53723657,0.56205267,0
2.1780849,2.262897,0.43534255,0.55373287,0.8169232,-0.16129595,0
2.0347235,0.16460055,1.7580521,0.54580796,-0.20979337,0.8112216,0
-0.29266477,-2.8859756,2.4799662,0.54580796,-0.20979337,0.8112216,0
2.8379211,1.8907959,0.65151978,0.55373287,0.8169232,-0.16129595,0
-1.2304133,-2.4647632,1.9711145,-0.55373287,-0.8169232,0.16129595,0
-2.4283869,-2.3077064,-1.656002,-0.55373287,-0.8169232,0.16129595,0
-2.5420344,-1.1121283,0.10842848,-0.62886691,0.53723657,0.56205267,0
-3.2036848,-1.6993411,-1.0904081,-0.55373287,-0.8169232,0.16129595,0
1.4834402,2.4589694,-0.91707778,0.55373287,0.8169232,-0.16129595,0
-0.82405305,-1.4175804,2.2642996,-0.62886691,0.53723657,0.56205267,0
-0.38757372,0.98000467,-2.4453616,-0.54580796,0.20979337,-0.8112216,0
2.2599242,2.4622369,1.3860879,0.55373287,0.8169232,-0.16129595,0
1.4472532,1.0357831,2.4604063,0.54580796,-0.20979337,0.8112216,0
1.1228815,-0.98040962,0.52743441,0.62886691,-0.53723657,-0.56205267,0
-1.2609757,-2.8057866,-0.18688965,-0.55373287,-0.8169232,0.16129595,0
-1.5767581,-2.2782254,1.9712331,-0.55373287,-0.8169232,0.16129595,0
-2.6514997,-1.6223805,-1.8169696,-0.54580796,0.20979337,-0.8112216,0
-2.4818044,-1.2686449,0.08634305,-0.62886691,0.53723657,0.56205267,0
0.32164705,1.7479684,0.42284584,-0.62886691,0.53723657,0.56205267,0
-0.35412169,-2.6284835,2.5873935,0.54580796,-0.20979337,0.8112216,0
-1.4053621,1.6560342,-1.609606,-0.54580796,0.20979337,-0.8112216,0
-0.84975934,2.2111335,-2.0039775,-0.54580796,0.20979337,-0.8112216,0
-0.83438069,-0.62388909,1.323352,-0.62886691,0.53723657,0.56205267,0
2.6493716,2.1413939,1.7925084,0.54580796,-0.20979337,0.8112216,0
3.5374367,1.1997032,0.94693041,0.62886691,-0.53723657,-0.56205267,0
1.1066685,1.3760235,-1.982851,0.62886691,-0.53723657,-0.56205267,0
-1.1408945,-2.052109,-1.0887632,0.62886691,-0.53723657,-0.56205267,0
2.5985441,2.2519519,1.3106241,0.55373287,0.8169232,-0.16129595,0
-1.6337733,1.1389928,-1.7325656,-0.54580796,0.20979337,-0.8112216,0
-0.16382933,-1.0054482,2.6651897,-0.62886691,0.53723657,0.56205267,0
0.452317,1.9748623,0.56222427,-0.62886691,0.53723657,0.56205267,0
-0.53874826,-3.0202718,1.1765172,-0.55373287,-0.8169232,0.16129595,0
1.2704904,0.53322774,2.4004753,0.54580796,-0.20979337,0.8112216,0
0.14649403,3.3323488,-1.8068173,0.55373287,0.8169232,-0.16129595,0
0.054360747,3.381268,-1.5722374,0.55373287,0.8169232,-0.16129595,0
-1.797013,-0.76119578,-1.9635074,-0.54580796,0.20979337,-0.8112216,0
0.90761054,2.9593236,-0.055341959,-0.62886691,0.53723657,0.56205267,0
-1.771259,-0.82552284,0.42975748,-0.62886691,0.53723657,0.56205267,0
-2.8736558,-1.5058764,-1.6058691,-0.54580796,0.20979337,-0.8112216,0
0.76884246,0.5750773,2.0998425,-0.62886691,0.53723657,0.56205267,0
-1.2382927,1.3335214,-1.9914091,-0.54580796,0.20979337,-0.8112216,0
-2.1807961,-2.1274371,0.66279674,-0.55373287,-0.8169232,0.16129595,0
0.99752486,2.8523843,-0.99190617,0.55373287,0.8169232,-0.16129595,0
-2.3805532,-2.2638514,-1.4488075,-0.55373287,-0.8169232,0.16129595,0
-0.64396644,1.7313088,-2.3159299,-0.54580796,0.20979337,-0.8112216,0
2.9349844,1.6702201,1.6614795,0.54580796,-0.20979337,0.8112216,0
-2.2870669,-2.3647795,-2.1074903,0.62886691,-0.53723657,-0.56205267,0
-3.149308,-1.680306,-0.80776572,-0.55373287,-0.8169232,0.16129595,0
2.5677257,2.3047247,1.3216033,0.55373287,0.8169232,-0.16129595,0
-1.1993001,-0.020824384,-2.2699134,-0.54580796,0.20979337,-0.8112216,0
-1.3419516,-2.5868635,1.2707001,-0.55373287,-0.8169232,0.16129595,0
1.0101336,-2.4317822,1.5241375,0.62886691,-0.53723657,-0.56205267,0
1.2016964,2.8235128,-0.49661446,0.55373287,0.8169232,-0.16129595,0
0.58570015,2.91504,-1.7753419,0.55373287,0.8169232,-0.16129595,0
-0.91058701,-2.7183015,2.3223886,-0.55373287,-0.8169232,0.16129595,0
0.77874672,2.8181877,-1.4225101,0.55373287,0.8169232,-0.16129595,0
-1.8422899,-2.5292819,-0.35561681,-0.55373287,-0.8169232,0.16129595,0
1.8305457,0.64025694,-0.39535487,0.62886691,-0.53723657,-0.56205267,0
0.52917576,-1.1331114,2.370111,0.54580796,-0.20979337,0.8112216,0
-0.98759168,-0.30106932,1.1357754,-0.62886691,0.53723657,0.56205267,0
-0.29656494,-2.9617584,2.4128733,0.54580796,-0.20979337,0.8112216,0
-2.0655639,0.17785108,-1.6018877,-0.54580796,0.20979337,-0.8112216,0
1.0000287,2.6986349,-0.92306733,0.55373287,0.8169232,-0.16129595,0
1.7494297,0.77481341,2.0662518,0.54580796,-0.20979337,0.8112216,0
-0.068687201,3.1144609,-2.3277988,-0.54580796,0.20979337,-0.8112216,0
1.0873759,-0.71829724,2.2604353,0.54580796,-0.20979337,0.8112216,0
-0.065885067,1.2792383,-2.7506189,-0.54580796,0.20979337,-0.8112216,0
-0.70122862,-2.9390182,1.3355759,-0.55373287,-0.8169232,0.16129595,0
-1.1871911,-0.73368108,1.3095585,-0.62886691,0.53723657,0.56205267,0
-0.5733546,-2.5871162,2.7202075,0.54580796,-0.20979337,0.8112216,0
0.79712129,1.6817119,1.0923264,-0.62886691,0.53723657,0.56205267,0
-1.7382926,-2.4460146,0.54643154,-0.55373287,-0.8169232,0.16129595,0
-1.7431672,-2.6777272,-1.1029768,-0.55373287,-0.8169232,0.16129595,0
-1.4537783,-2.7722957,-0.020820379,-0.55373287,-0.8169232,0.16129595,0
-0.11234522,2.49652,-2.3437281,-0.54580796,0.20979337,-0.8112216,0
-2.0682101,0.46332669,-1.5618374,-0.54580796,0.20979337,-0.8112216,0
0.51833034,-0.016760707,2.2564807,-0.62886691,0.53723657,0.56205267,0
-0.95377469,0.81093454,-2.1617079,-0.54580796,0.20979337,-0.8112216,0
1.2444085,-1.5807518,0.98122829,0.62886691,-0.53723657,-0.56205267,0
0.11196283,-2.107789,0.25509846,0.62886691,-0.53723657,-0.56205267,0
2.5955222,2.1741855,1.7386565,0.55373287,0.8169232,-0.16129595,0
-2.8120539,-1.4991627,-1.6370146,-0.54580796,0.20979337,-0.8112216,0
2.026396,2.385664,0.43549681,0.55373287,0.8169232,-0.16129595,0
2.8813865,1.8914456,0.92383313,0.55373287,0.8169232,-0.16129595,0
0.13676023,-2.6880517,2.2450192,0.54580796,-0.20979337,0.8112216,0
-0.35359156,-1.6169988,-0.7435497,0.62886691,-0.53723657,-0.56205267,0
-0.33078265,-1.3182197,2.5640764,-0.62886691,0.53723657,0.56205267,0
-0.50897837,2.8373227,-2.1033611,-0.54580796,0.20979337,-0.8112216,0
-2.6426253,-0.048349977,-1.2011588,-0.54580796,0.20979337,-0.8112216,0
-0.74482429,-2.5059428,-0.10895157,0.62886691,-0.53723657,-0.56205267,0
1.8713315,-0.9697386,1.4666332,0.54580796,-0.20979337,0.8112216,0
-0.013995647,0.51169115,-2.3426216,0.62886691,-0.53723657,-0.56205267,0
1.7671467,-0.24344552,0.57803869,0.62886691,-0.53723657,-0.56205267,0
-1.1755269,0.798244,-2.0079656,-0.54580796,0.20979337,-0.8112216,0
2.8508155,1.9124376,1.1732945,0.55373287,0.8169232,-0.16129595,0
-1.8230979,-0.91122681,-2.1382852,-0.54580796,0.20979337,-0.8112216,0
-1.9506608,0.26872611,-0.7640987,-0.62886691,0.53723657,0.56205267,0
-1.3362062,0.5834356,-2.1452303,-0.54580796,0.20979337,-0.8112216,0
0.46326435,2.4196329,-2.8591473,-0.54580796,0.20979337,-0.8112216,0
0.85490274,-1.1600261,2.2143512,0.54580796,-0.20979337,0.8112216,0
1.065299,2.3636324,-2.7821212,0.55373287,0.8169232,-0.16129595,0
-2.0207551,-2.2453175,0.037749052,-0.55373287,-0.8169232,0.16129595,0
-2.267534,-1.196336,-1.7642751,-0.54580796,0.20979337,-0.8112216,0
3.4685316,1.1503594,0.99424863,0.54580796,-0.20979337,0.8112216,0
-1.2023909,0.16123055,-2.3339477,-0.54580796,0.20979337,-0.8112216,0
-0.38013935,2.1079071,-2.1834521,-0.54580796,0.20979337,-0.8112216,0
1.1006348,0.37086025,2.4959002,0.54580796,-0.20979337,0.8112216,0
3.4320025,1.2413591,1.1202216,0.54580796,-0.20979337,0.8112216,0
1.4034395,-1.0653901,1.8192277,0.54580796,-0.20979337,0.8112216,0
-0.026454985,2.3696258,-0.55729485,-0.62886691,0.53723657,0.56205267,0
-2.3905113,-0.83863705,-0.22072589,-0.62886691,0.53723657,0.56205267,0
-0.20473292,1.7220045,-0.22940266,-0.62886691,0.53723657,0.56205267,0
-1.8092933,-0.044731617,-1.8609754,-0.54580796,0.20979337,-0.8112216,0
1.0250778,-0.14207923,-0.3574307,0.62886691,-0.53723657,-0.56205267,0
0.69852972,2.8895214,-1.9963681,0.55373287,0.8169232,-0.16129595,0
1.4483788,2.23895,-1.9631181,0.55373287,0.8169232,-0.16129595,0
-1.6009843,1.7369918,-1.6555313,-0.54580796,0.20979337,-0.8112216,0
-2.0253515,-0.31965876,-1.7193308,-0.54580796,0.20979337,-0.8112216,0
-1.8030157,-2.2631505,-1.6267729,0.62886691,-0.53723657,-0.56205267,0
-0.75545949,-2.6358137,-0.16726089,0.62886691,-0.53723657,-0.56205267,0
-0.2014792,-2.1272807,2.6228497,0.54580796,-0.20979337,0.8112216,0
-1.4574149,1.1112697,-1.8917984,-0.54580796,0.20979337,-0.8112216,0
-2.1397505,-1.4510497,-2.0791564,-0.54580796,0.20979337,-0.8112216,0
-2.3182919,-2.1003962,-0.5822382,-0.55373287,-0.8169232,0.16129595,0
-1.8375185,0.84822083,-1.5515285,-0.54580796,0.20979337,-0.8112216,0
1.5655077,-0.20629609,2.0478933,0.54580796,-0.20979337,0.8112216,0
-0.93356562,0.71576309,-2.1523237,-0.54580796,0.20979337,-0.8112216,0
1.519212,2.61868,-0.34441757,0.55373287,0.8169232,-0.16129595,0
2.8172753,1.4999436,1.5705311,0.54580796,-0.20979337,0.8112216,0
-0.059366703,3.2037244,-2.0202579,0.55373287,0.8169232,-0.16129595,0
-1.2123694,0.71305543,-2.134444,-0.54580796,0.20979337,-0.8112216,0
1.9364793,0.40234888,0.062148929,0.62886691,-0.53723657,-0.56205267,0
-2.8610268,-1.7883383,-0.31802893,-0.55373287,-0.8169232,0.16129595,0
-3.5745394,-1.4338877,-1.09812,-0.54580796,0.20979337,-0.8112216,0
-2.5374813,-0.093723655,-1.2847902,-0.54580796,0.20979337,-0.8112216,0
1.1465391,0.050231695,-0.42420399,0.62886691,-0.53723657,-0.56205267,0
2.2689762,-0.6148479,1.4361608,0.54580796,-0.20979337,0.8112216,0
-0.68382812,-2.8715427,1.868965,-0.55373287,-0.8169232,0.16129595,0
-2.5061479,0.06380403,-1.4306147,-0.54580796,0.20979337,-0.8112216,0
-2.0035586,-2.2761717,0.28439879,-0.55373287,-0.8169232,0.16129595,0
0.36126697,2.8365357,-2.5653291,-0.54580796,0.20979337,-0.8112216,0
-1.0992887,-2.4663804,2.2654505,-0.55373287,-0.8169232,0.16129595,0
0.3646895,-1.0138817,-0.49533337,0.62886691,-0.53723657,-0.56205267,0
-2.1620467,-2.1050057,1.0177517,-0.55373287,-0.8169232,0.16129595,0
-0.82237852,0.69238961,0.11304137,-0.62886691,0.53723657,0.56205267,0
-0.94858921,-1.4789261,-1.2977033,0.62886691,-0.53723657,-0.56205267,0
-1.1148646,-2.5284805,-0.6209681,0.62886691,-0.53723657,-0.56205267,0
-3.1627171,-1.1829132,-1.1775103,-0.54580796,0.20979337,-0.8112216,0
-0.62971616,2.5713387,-1.9580612,-0.54580796,0.20979337,-0.8112216,0
-3.0748596,-1.690496,-1.5141978,-0.54580796,0.20979337,-0.8112216,0
-1.5335495,1.0653358,-1.806747,-0.54580796,0.20979337,-0.8112216,0
0.2399528,1.354875,-2.6574292,0.62886691,-0.53723657,-0.56205267,0
0.21176982,-2.700057,2.1954083,0.54580796,-0.20979337,0.8112216,0
-0.4834975,-2.7488687,2.4577441,-0.55373287,-0.8169232,0.16129595,0
1.7172096,-0.37516254,1.7451991,0.54580796,-0.20979337,0.8112216,0
1.8001714,0.66023529,1.9205995,0.54580796,-0.20979337,0.8112216,0
1.6555827,0.29694128,-0.29363734,0.62886691,-0.53723657,-0.56205267,0
2.8596992,1.7533824,1.6244838,0.54580796,-0.20979337,0.8112216,0
-2.0077224,-1.1950544,0.82693315,-0.62886691,0.53723657,0.56205267,0
-2.3008435,-2.4464314,-1.8757918,-0.55373287,-0.8169232,0.16129595,0
0.48533189,-1.4514732,0.21391362,0.62886691,-0.53723657,-0.56205267,0
-1.9843216,-2.4239836,-1.7468543,0.62886691,-0.53723657,-0.56205267,0
-1.2774155,-2.4039526,1.8944489,-0.55373287,-0.8169232,0.16129595,0
-2.9510953,-1.3642367,-1.499095,-0.54580796,0.20979337,-0.8112216,0
1.7678629,2.1047428,-1.5659698,0.55373287,0.8169232,-0.16129595,0
0.10267377,3.2998772,-1.6536636,0.55373287,0.8169232,-0.16129595,0
-0.79257607,-2.7733319,2.4272439,-0.55373287,-0.8169232,0.16129595,0
-2.3421614,-2.0840025,0.43698215,-0.55373287,-0.8169232,0.16129595,0
1.4465976,2.6880136,0.21068621,0.55373287,0.8169232,-0.16129595,0
0.99936843,1.0495403,2.0714235,-0.62886691,0.53723657,0.56205267,0
2.2369928,2.3309178,0.58370829,0.55373287,0.8169232,-0.16129595,0
0.89865708,2.7636511,-0.91987753,0.55373287,0.8169232,-0.16129595,0
0.9535569,-1.1278087,0.30887705,0.62886691,-0.53723657,-0.56205267,0
0.55231428,-1.0619124,0.0064734817,0.62886691,-0.53723657,-0.56205267,0
-2.3384519,-0.69753665,-0.13033068,-0.62886691,0.53723657,0.56205267,0
0.10664827,3.0461407,-0.91680098,-0.62886691,0.53723657,0.56205267,0
-0.82549441,-1.8454432,2.7061312,-0.62886691,0.53723657,0.56205267,0
-1.4811001,-2.3571572,0.98855495,-0.55373287,-0.8169232,0.16129595,0
2.1383078,-0.5893259,1.5327824,0.54580796,-0.20979337,0.8112216,0
1.7421582,0.55688179,-0.46735668,0.62886691,-0.53723657,-0.56205267,0
-1.0937524,1.3142152,-0.58477342,-0.62886691,0.53723657,0.56205267,0
-1.7271383,-1.0466517,-2.2737744,-0.54580796,0.20979337,-0.8112216,0
2.2296035,-0.23111629,1.5796738,0.54580796,-0.20979337,0.8112216,0
1.8905926,2.4824648,1.5324636,-0.62886691,0.53723657,0.56205267,0
0.53629827,-1.714039,2.2881584,0.54580796,-0.20979337,0.8112216,0
-3.1508105,-1.7646964,-1.185725,-0.55373287,-0.8169232,0.16129595,0
1.2156613,2.8041401,-0.64143682,0.55373287,0.8169232,-0.16129595,0
-3.1829574,-1.6907638,-1.306241,-0.54580796,0.20979337,-0.8112216,0
1.8067281,-1.0088941,1.6397152,0.54580796,-0.20979337,0.8112216,0
-2.5290551,-2.174217,-0.67721415,-0.55373287,-0.8169232,0.16129595,0
-2.4836245,-0.81320214,-1.5701107,-0.54580796,0.20979337,-0.8112216,0
-3.4266806,-1.4979676,-0.82649708,-0.55373287,-0.8169232,0.16129595,0
