-0.99841142,1.9795966,-2.1419435,-0.92719233,-0.27725416,-0.25188228,0
0.67558599,-2.8645494,-0.94874787,0.36060935,-0.8426342,-0.39991075,0
-1.8920419,2.5447266,0.51014245,-0.36060935,0.8426342,0.39991075,0
1.1399692,-2.2012246,2.0935171,0.92719233,0.27725416,0.25188228,0
-1.5981224,-1.9393013,3.8191757,-0.92719233,-0.27725416,-0.25188228,0
2.1857977,-0.93264019,-3.6907494,0.36060935,-0.8426342,-0.39991075,0
-0.75786883,0.066635609,-1.4782772,-0.92719233,-0.27725416,-0.25188228,0
-1.742326,-0.46717024,5.3131008,-0.10136764,-0.46162531,0.88126427,0
-0.71198148,-1.574322,0.59602183,-0.92719233,-0.27725416,-0.25188228,0
-0.66516632,-2.5657945,4.2811451,-0.10136764,-0.46162531,0.88126427,0
-0.59561437,-1.1734838,-0.55353379,-0.92719233,-0.27725416,-0.25188228,0
1.4629488,1.6901231,-4.7255926,0.10136764,0.46162531,-0.88126427,0
-1.1196613,-2.4274118,4.2961226,-0.10136764,-0.46162531,0.88126427,0
0.49897373,-1.4774415,-3.7413507,0.36060935,-0.8426342,-0.39991075,0
0.75689203,2.0729041,-4.461637,0.10136764,0.46162531,-0.88126427,0
-1.1370177,-1.4934824,4.8177199,-0.10136764,-0.46162531,0.88126427,0
0.44135231,2.1012175,-4.4251509,0.10136764,0.46162531,-0.88126427,0
0.15605688,-4.2763057,3.4118829,-0.10136764,-0.46162531,0.88126427,0
-0.21147156,3.0673823,0.72106802,-0.36060935,0.8426342,0.39991075,0
0.6987263,4.2120495,-3.1006212,0.92719233,0.27725416,0.25188228,0
0.83123374,0.73188972,-5.2663212,0.10136764,0.46162531,-0.88126427,0
-1.4444642,-0.62631732,1.7475381,-0.92719233,-0.27725416,-0.25188228,0
2.3240905,-0.6260373,-4.2400713,0.36060935,-0.8426342,-0.39991075,0
-0.70241994,-1.7100132,4.7280064,-0.10136764,-0.46162531,0.88126427,0
1.3477225,-2.9724026,2.0046864,0.92719233,0.27725416,0.25188228,0
-1.6372824,3.3087966,-0.90417969,-0.36060935,0.8426342,0.39991075,0
1.371938,-0.73698395,-4.6126609,0.36060935,-0.8426342,-0.39991075,0
-0.6303885,3.2451906,-4.1535583,0.10136764,0.46162531,-0.88126427,0
-1.4425426,2.7418075,0.23866868,-0.36060935,0.8426342,0.39991075,0
1.7315954,-0.87824011,-1.1327274,0.92719233,0.27725416,0.25188228,0
1.7278221,-2.7852643,0.58519417,0.92719233,0.27725416,0.25188228,0
1.4891237,-0.23276889,-5.6586857,0.10136764,0.46162531,-0.88126427,0
1.4908895,0.61338019,-5.1335845,0.10136764,0.46162531,-0.88126427,0
-0.55452883,-4.0230608,2.669795,-0.92719233,-0.27725416,-0.25188228,0
-1.0821332,-0.92359519,5.0394711,-0.10136764,-0.46162531,0.88126427,0
-1.1898665,1.2415526,-1.0607359,-0.92719233,-0.27725416,-0.25188228,0
-0.88333291,-0.45434493,5.2241387,-0.10136764,-0.46162531,0.88126427,0
0.010082014,-0.086479664,4.0942292,0.92719233,0.27725416,0.25188228,0
1.0375311,-0.083826005,-5.4917622,0.10136764,0.46162531,-0.88126427,0
-1.00104,4.4293218,-3.4192924,0.10136764,0.46162531,-0.88126427,0
0.73628807,-0.49194062,-5.5755434,0.36060935,-0.8426342,-0.39991075,0
-0.14238834,4.1581888,-3.4820712,0.10136764,0.46162531,-0.88126427,0
0.78880382,-4.197114,2.1024954,0.36060935,-0.8426342,-0.39991075,0
0.49780893,-2.1931257,-2.2147629,0.36060935,-0.8426342,-0.39991075,0
-2.0248957,-0.3886157,5.3475561,-0.10136764,-0.46162531,0.88126427,0
-2.1803272,-0.50238502,5.0908122,-0.10136764,-0.46162531,0.88126427,0
0.16856599,-1.7820071,-2.6737254,-0.92719233,-0.27725416,-0.25188228,0
1.9548262,-2.0469761,-1.0678189,0.92719233,0.27725416,0.25188228,0
-1.7970345,0.657327,1.7288996,-0.92719233,-0.27725416,-0.25188228,0
-1.9573481,0.10146829,5.4634781,-0.36060935,0.8426342,0.39991075,0
-0.98846942,-0.013570011,-0.37282336,-0.92719233,-0.27725416,-0.25188228,0
-0.31705618,-1.8995978,-0.54240775,-0.92719233,-0.27725416,-0.25188228,0
-0.11467855,-0.87970901,5.1624532,-0.10136764,-0.46162531,0.88126427,0
1.1315331,-0.25789392,0.37248093,0.92719233,0.27725416,0.25188228,0
1.1972561,-0.72056854,-5.005095,0.36060935,-0.8426342,-0.39991075,0
1.4983153,-0.50354993,-5.1241965,0.36060935,-0.8426342,-0.39991075,0
-1.6048157,3.2435505,-0.88565266,-0.36060935,0.8426342,0.39991075,0
0.14205396,1.7970012,-4.6141996,0.10136764,0.46162531,-0.88126427,0
-1.3121083,2.388916,1.280592,-0.36060935,0.8426342,0.39991075,0
0.68293619,-4.2601995,3.535037,-0.10136764,-0.46162531,0.88126427,0
1.8224535,-0.35060012,-4.8820038,0.36060935,-0.8426342,-0.39991075,0
-1.1091571,2.9083996,0.22858632,-0.36060935,0.8426342,0.39991075,0
0.0079006553,-1.0400355,-2.8564956,-0.92719233,-0.27725416,-0.25188228,0
0.66906428,-4.6257839,2.8448489,0.36060935,-0.8426342,-0.39991075,0
-1.7384626,-1.4521255,4.7554588,-0.10136764,-0.46162531,0.88126427,0
1.3005911,0.21462685,-0.93761319,0.92719233,0.27725416,0.25188228,0
0.94810641,-0.95859909,-4.803648,0.36060935,-0.8426342,-0.39991075,0
0.39177865,0.88750064,-5.1345434,0.10136764,0.46162531,-0.88126427,0
-0.72181904,-3.7850926,3.515825,-0.10136764,-0.46162531,0.88126427,0
-1.4463406,-0.56376749,5.1049361,-0.10136764,-0.46162531,0.88126427,0
1.5886402,-3.0458999,0.23773158,0.36060935,-0.8426342,-0.39991075,0
0.24373674,2.6030359,-4.3049698,0.10136764,0.46162531,-0.88126427,0
0.70684969,0.094037771,-5.4532342,0.10136764,0.46162531,-0.88126427,0
-1.7130387,0.47873834,1.8868977,-0.92719233,-0.27725416,-0.25188228,0
0.92868745,-0.64555216,-5.1124678,0.36060935,-0.8426342,-0.39991075,0
-1.7116047,2.0585022,1.4734783,-0.36060935,0.8426342,0.39991075,0
0.87688124,3.8617933,-3.6062188,0.10136764,0.46162531,-0.88126427,0
-1.171262,-2.6420383,4.2445831,-0.10136764,-0.46162531,0.88126427,0
2.4213598,-0.41514021,-4.5031776,0.36060935,-0.8426342,-0.39991075,0
0.29308215,-0.77343869,3.7353218,0.92719233,0.27725416,0.25188228,0
-0.93380249,-2.4842215,2.1468105,-0.92719233,-0.27725416,-0.25188228,0
-1.5619159,0.56782663,4.948163,-0.36060935,0.8426342,0.39991075,0
0.40499687,-1.526268,-4.0606427,0.36060935,-0.8426342,-0.39991075,0
-0.14315426,1.9527159,2.476572,0.92719233,0.27725416,0.25188228,0
0.18424785,1.2318568,2.1746702,0.92719233,0.27725416,0.25188228,0
-0.80618817,-0.47303861,5.2646151,-0.10136764,-0.46162531,0.88126427,0
-0.039780021,-2.1727901,4.5953755,-0.10136764,-0.46162531,0.88126427,0
1.0911874,2.2288485,-4.2970948,0.10136764,0.46162531,-0.88126427,0
-0.20650458,-4.7038908,2.1953068,0.36060935,-0.8426342,-0.39991075,0
0.31321692,-3.9333193,1.0869801,0.36060935,-0.8426342,-0.39991075,0
0.97481346,2.2209637,-4.3310246,0.10136764,0.46162531,-0.88126427,0
-0.11491549,-0.85109842,-2.8459172,-0.92719233,-0.27725416,-0.25188228,0
0.4549439,-3.7789679,0.69419336,0.36060935,-0.8426342,-0.39991075,0
-0.79530144,4.4224539,-2.6003253,-0.36060935,0.8426342,0.39991075,0
2.1514282,-0.45559415,-4.8414097,0.36060935,-0.8426342,-0.39991075,0
0.68709123,0.11661637,-5.5335655,0.10136764,0.46162531,-0.88126427,0
1.7878349,-1.472893,-2.7234297,0.36060935,-0.8426342,-0.39991075,0
-0.81117409,-0.42553449,5.3179054,-0.10136764,-0.46162531,0.88126427,0
-0.74029225,-2.8494918,1.7893043,-0.92719233,-0.27725416,-0.25188228,0
-1.1044682,1.8393621,2.7048821,-0.36060935,0.8426342,0.39991075,0
-2.2121942,0.72524416,4.1619692,-0.36060935,0.8426342,0.39991075,0
0.51872158,-1.6587162,4.1617565,0.92719233,0.27725416,0.25188228,0
1.2448545,-1.157053,-3.8106775,0.36060935,-0.8426342,-0.39991075,0
-2.2730517,-0.3418974,4.8036017,-0.92719233,-0.27725416,-0.25188228,0
-0.94945633,0.72022688,4.9667964,-0.36060935,0.8426342,0.39991075,0
0.29235625,-3.1852131,-0.60051262,0.36060935,-0.8426342,-0.39991075,0
0.362463,-4.399683,3.3638096,-0.10136764,-0.46162531,0.88126427,0
-1.5103381,-0.33446032,1.9944938,-0.92719233,-0.27725416,-0.25188228,0
-0.30726314,4.3825026,-3.5122933,0.10136764,0.46162531,-0.88126427,0
0.4858315,-2.7177262,4.2040935,-0.10136764,-0.46162531,0.88126427,0
-1.1809366,3.8338048,-1.6290348,-0.36060935,0.8426342,0.39991075,0
-0.43968266,-0.56139469,-1.8278625,-0.92719233,-0.27725416,-0.25188228,0
-1.2358129,-0.56491625,5.1402302,-0.10136764,-0.46162531,0.88126427,0
0.90159106,2.4758437,-2.0712061,0.92719233,0.27725416,0.25188228,0
0.39140618,-1.9094036,-3.2759304,0.36060935,-0.8426342,-0.39991075,0
1.0494688,3.5118561,-3.6285048,0.10136764,0.46162531,-0.88126427,0
-0.0089154243,3.4546678,-3.7705817,0.10136764,0.46162531,-0.88126427,0
0.98928809,3.0819573,-3.2719293,0.92719233,0.27725416,0.25188228,0
1.2034013,-2.6405559,-1.0605882,0.36060935,-0.8426342,-0.39991075,0
-0.95433187,4.48347,-2.9875574,-0.36060935,0.8426342,0.39991075,0
-0.55542779,1.3649055,4.0770459,-0.36060935,0.8426342,0.39991075,0
-1.3941056,1.0396751,4.3017015,-0.36060935,0.8426342,0.39991075,0
-0.86821127,3.1621735,-0.18732464,-0.36060935,0.8426342,0.39991075,0
2.2780719,-0.70082283,-4.0733004,0.36060935,-0.8426342,-0.39991075,0
-1.5686519,-1.6820128,3.4690657,-0.92719233,-0.27725416,-0.25188228,0
0.32043898,0.068273425,-5.2484121,-0.92719233,-0.27725416,-0.25188228,0
1.8660121,-2.7804329,0.037322998,0.36060935,-0.8426342,-0.39991075,0
1.5619903,0.44852078,-5.1942949,0.10136764,0.46162531,-0.88126427,0
-2.0938318,1.1742854,2.6321392,-0.92719233,-0.27725416,-0.25188228,0
1.1639564,2.7856524,-4.1500978,0.10136764,0.46162531,-0.88126427,0
-0.33243692,2.172529,-4.5651207,0.10136764,0.46162531,-0.88126427,0
-1.5209724,1.3644226,0.2785764,-0.92719233,-0.27725416,-0.25188228,0
-1.4986293,3.3479319,-0.90296566,-0.36060935,0.8426342,0.39991075,0
-0.66639596,1.147943,-3.1174543,-0.92719233,-0.27725416,-0.25188228,0
-1.501631,2.9355729,-0.0066139102,-0.36060935,0.8426342,0.39991075,0
-1.4118761,-2.0862391,4.452282,-0.10136764,-0.46162531,0.88126427,0
1.7771038,1.0407859,-4.9179344,0.10136764,0.46162531,-0.88126427,0
0.66279364,-0.96243793,2.2147751,0.92719233,0.27725416,0.25188228,0
-1.2186568,3.4393032,-0.96354043,-0.36060935,0.8426342,0.39991075,0
0.20100784,-3.7594776,3.8118758,-0.10136764,-0.46162531,0.88126427,0
0.9198392,0.23909777,-5.3672996,0.10136764,0.46162531,-0.88126427,0
-0.63194442,2.2465155,2.3285675,-0.36060935,0.8426342,0.39991075,0
-0.92526495,-2.4188576,1.7760347,-0.92719233,-0.27725416,-0.25188228,0
-0.19453582,0.69629169,-4.0989313,-0.92719233,-0.27725416,-0.25188228,0
-2.1141088,-0.19500351,5.315855,-0.10136764,-0.46162531,0.88126427,0
-0.39355505,-3.5426078,3.8604536,-0.10136764,-0.46162531,0.88126427,0
-0.42150438,-2.9779811,0.5499416,-0.92719233,-0.27725416,-0.25188228,0
1.9769831,0.63740033,-5.0030355,0.10136764,0.46162531,-0.88126427,0
1.0839766,-1.1814587,1.0362456,0.92719233,0.27725416,0.25188228,0
0.47176647,4.2672472,-2.4164491,0.92719233,0.27725416,0.25188228,0
-0.43535495,-4.004756,2.0600662,-0.92719233,-0.27725416,-0.25188228,0
0.95566773,-0.34776115,-5.7862945,0.10136764,0.46162531,-0.88126427,0
-1.4353404,-1.6545352,4.6576452,-0.10136764,-0.46162531,0.88126427,0
-0.45909655,3.0868201,-4.1304889,0.10136764,0.46162531,-0.88126427,0
-0.73167956,2.6350887,1.132688,-0.36060935,0.8426342,0.39991075,0
-1.6961014,-1.5810047,4.1642838,-0.92719233,-0.27725416,-0.25188228,0
1.9731283,-1.6984352,-1.1245065,0.92719233,0.27725416,0.25188228,0
-0.88918805,0.14050698,5.5956745,-0.10136764,-0.46162531,0.88126427,0
-1.7718229,1.152962,1.5211097,-0.92719233,-0.27725416,-0.25188228,0
-0.98974097,-0.80991161,0.43403295,-0.92719233,-0.27725416,-0.25188228,0
-1.5400205,-1.5941991,4.7492704,-0.10136764,-0.46162531,0.88126427,0
-1.6386439,0.94228363,4.0073862,-0.36060935,0.8426342,0.39991075,0
0.8016603,-3.7489963,0.91166294,0.36060935,-0.8426342,-0.39991075,0
1.2156332,-4.1073337,3.7192931,-0.10136764,-0.46162531,0.88126427,0
-0.50601602,3.710578,-0.6520465,-0.36060935,0.8426342,0.39991075,0
1.345988,-4.4705806,3.3914809,-0.10136764,-0.46162531,0.88126427,0
1.3891783,-0.38453215,-0.89853525,0.92719233,0.27725416,0.25188228,0
0.41990876,3.2371645,-4.0295367,0.10136764,0.46162531,-0.88126427,0
-1.6830771,0.44051427,5.1806507,-0.36060935,0.8426342,0.39991075,0
0.92871666,0.019491315,-5.5356841,0.10136764,0.46162531,-0.88126427,0
-1.4592465,2.0342462,1.7459664,-0.36060935,0.8426342,0.39991075,0
-0.79400462,0.93461907,4.9072423,-0.36060935,0.8426342,0.39991075,0
1.1432176,-2.5533202,-0.92173302,0.36060935,-0.8426342,-0.39991075,0
-0.94360542,1.6676307,-2.237402,-0.92719233,-0.27725416,-0.25188228,0
0.72128302,1.5718087,-4.7440991,0.10136764,0.46162531,-0.88126427,0
1.1846373,-4.2257409,2.6370559,0.36060935,-0.8426342,-0.39991075,0
-0.81433988,0.40457064,-1.1802089,-0.92719233,-0.27725416,-0.25188228,0
0.14284222,-0.52680939,3.9947019,0.92719233,0.27725416,0.25188228,0
0.63981605,1.1676627,-4.8917475,0.10136764,0.46162531,-0.88126427,0
-0.19056666,-2.7651272,4.1914649,-0.10136764,-0.46162531,0.88126427,0
-1.7719948,-0.78033221,5.1353607,-0.10136764,-0.46162531,0.88126427,0
1.6092433,0.29856741,-1.9248507,0.92719233,0.27725416,0.25188228,0
0.93382859,-2.2008963,-2.0013654,0.36060935,-0.8426342,-0.39991075,0
-1.9397817,1.4955671,1.1759048,-0.92719233,-0.27725416,-0.25188228,0
0.41876066,-2.0909104,4.6443777,-0.10136764,-0.46162531,0.88126427,0
1.7464576,0.54091495,-5.2860775,0.10136764,0.46162531,-0.88126427,0
-0.6356678,-0.73834735,5.2621417,-0.10136764,-0.46162531,0.88126427,0
-2.0493779,-0.59612209,5.1153531,-0.10136764,-0.46162531,0.88126427,0
1.6723695,-0.13497704,-5.5283513,0.10136764,0.46162531,-0.88126427,0
-0.62867391,3.1130905,-4.1112504,0.10136764,0.46162531,-0.88126427,0
0.55934417,-2.2427745,-2.3580127,0.36060935,-0.8426342,-0.39991075,0
0.92979348,-2.0522857,2.9200046,0.92719233,0.27725416,0.25188228,0
1.4935387,-2.2984464,-1.2252566,0.36060935,-0.8426342,-0.39991075,0
-0.054755449,1.3889672,-4.9028535,0.10136764,0.46162531,-0.88126427,0
0.46062413,-0.029780626,-5.6356177,0.10136764,0.46162531,-0.88126427,0
-1.6399113,1.8020482,1.997215,-0.36060935,0.8426342,0.39991075,0
-0.64964604,3.8402748,-1.1504854,-0.36060935,0.8426342,0.39991075,0
-1.3355207,-0.036739051,1.1312444,-0.92719233,-0.27725416,-0.25188228,0
-0.53730994,-2.0574496,4.4357557,-0.10136764,-0.46162531,0.88126427,0
0.89671898,-3.0338149,4.1337729,-0.10136764,-0.46162531,0.88126427,0
0.76521969,-2.4204679,-1.59989,0.36060935,-0.8426342,-0.39991075,0
1.3003039,-4.3528962,3.0582926,0.36060935,-0.8426342,-0.39991075,0
0.52531588,-2.4715576,-1.8403199,0.36060935,-0.8426342,-0.39991075,0
1.6114843,-2.1042633,0.18894327,0.92719233,0.27725416,0.25188228,0
-0.75573397,4.2209692,-2.2998886,-0.36060935,0.8426342,0.39991075,0
-1.5241439,-1.331941,4.8016405,-0.10136764,-0.46162531,0.88126427,0
-1.0356679,0.59328902,-0.84025037,-0.92719233,-0.27725416,-0.25188228,0
0.54366875,-4.5164185,2.484458,0.36060935,-0.8426342,-0.39991075,0
0.73590094,2.1609974,-1.3288929,0.92719233,0.27725416,0.25188228,0
0.73004425,4.0374689,-3.4395394,0.92719233,0.27725416,0.25188228,0
-0.16850448,-1.4947431,4.8525157,-0.10136764,-0.46162531,0.88126427,0
0.094171762,4.6099052,-3.2992973,0.10136764,0.46162531,-0.88126427,0
0.081948042,4.206234,-3.4371071,0.10136764,0.46162531,-0.88126427,0
0.3858602,-4.5396872,2.6048827,0.36060935,-0.8426342,-0.39991075,0
0.56601077,1.7980556,-0.43319976,0.92719233,0.27725416,0.25188228,0
0.96205282,-2.5421731,3.2704079,0.92719233,0.27725416,0.25188228,0
2.3381174,0.59195191,-5.1611981,0.92719233,0.27725416,0.25188228,0
-0.75772619,3.8245738,-3.6681242,0.10136764,0.46162531,-0.88126427,0
1.2421001,-1.5374252,-3.3286016,0.36060935,-0.8426342,-0.39991075,0
-0.55165982,3.5574269,-3.9252129,0.10136764,0.46162531,-0.88126427,0
0.73364639,4.0512815,-3.4589701,0.10136764,0.46162531,-0.88126427,0
0.28185296,-4.4793992,3.2691827,-0.10136764,-0.46162531,0.88126427,0
0.98804951,-0.10301304,-5.5304785,0.10136764,0.46162531,-0.88126427,0
-1.5202048,3.2614813,-0.58395875,-0.36060935,0.8426342,0.39991075,0
0.56046104,4.0978465,-2.5586052,0.92719233,0.27725416,0.25188228,0
-1.0998154,-2.4953284,4.2502317,-0.10136764,-0.46162531,0.88126427,0
0.14652145,2.4910269,0.97454607,0.92719233,0.27725416,0.25188228,0
1.2824135,-3.4630346,0.75833344,0.36060935,-0.8426342,-0.39991075,0
1.5695298,0.9046942,-2.536093,0.92719233,0.27725416,0.25188228,0
-0.045499086,-2.0374048,-1.7948356,-0.92719233,-0.27725416,-0.25188228,0
3.8146973e-05,-3.6231375,3.8512983,-0.10136764,-0.46162531,0.88126427,0
0.46584249,-4.5208154,2.586309,0.36060935,-0.8426342,-0.39991075,0
-1.0362316,2.6421587,0.89780837,-0.36060935,0.8426342,0.39991075,0
-2.0628905,-0.21639439,3.6316535,-0.92719233,-0.27725416,-0.25188228,0
-1.178393,-0.45516837,5.3694525,-0.10136764,-0.46162531,0.88126427,0
0.036720395,1.750705,1.7915776,0.92719233,0.27725416,0.25188228,0
0.33666825,3.3944182,-1.1482105,0.92719233,0.27725416,0.25188228,0
-1.6093047,0.11007535,1.4402945,-0.92719233,-0.27725416,-0.25188228,0
1.7230899,0.65126157,-2.9682887,0.92719233,0.27725416,0.25188228,0
-0.082340479,-2.4545145,-0.89439058,-0.92719233,-0.27725416,-0.25188228,0
-1.7698178,0.90740132,3.782402,-0.36060935,0.8426342,0.39991075,0
1.137037,1.3332585,-1.7096636,0.92719233,0.27725416,0.25188228,0
-0.10417522,-0.17177367,4.4823093,0.92719233,0.27725416,0.25188228,0
0.34003448,-3.8676717,3.6351733,-0.10136764,-0.46162531,0.88126427,0
-1.5578446,3.691082,-1.9279135,-0.36060935,0.8426342,0.39991075,0
0.54817361,-0.36082542,-5.3044519,-0.92719233,-0.27725416,-0.25188228,0
-0.97201401,-3.4036229,3.779103,-0.10136764,-0.46162531,0.88126427,0
-0.30282974,-3.0494952,0.6548419,-0.92719233,-0.27725416,-0.25188228,0
1.5697136,2.2359133,-4.4208102,0.10136764,0.46162531,-0.88126427,0
-1.516331,3.64465,-2.7350292,-0.92719233,-0.27725416,-0.25188228,0
0.17397618,-3.4239585,3.8967714,-0.10136764,-0.46162531,0.88126427,0
2.2022727,-0.70884794,-4.1420445,0.36060935,-0.8426342,-0.39991075,0
0.61002684,-3.6099298,0.4301638,0.36060935,-0.8426342,-0.39991075,0
-2.3184834,0.024640065,4.9186039,-0.92719233,-0.27725416,-0.25188228,0
-1.7734915,0.59643412,1.9552951,-0.92719233,-0.27725416,-0.25188228,0
-0.60859823,2.7392793,1.1668017,-0.36060935,0.8426342,0.39991075,0
1.0008618,-0.46240273,0.66156256,0.92719233,0.27725416,0.25188228,0
1.0512064,-3.3457072,0.40370727,0.36060935,-0.8426342,-0.39991075,0
-0.66081882,-0.49146527,-0.87438798,-0.92719233,-0.27725416,-0.25188228,0
1.4640164,-1.5533282,0.67677605,0.92719233,0.27725416,0.25188228,0
2.0630026,0.52810556,-5.0954413,0.10136764,0.46162531,-0.88126427,0
1.1119559,-2.0495725,-2.306829,0.36060935,-0.8426342,-0.39991075,0
0.21734732,1.74755,-4.6648331,0.10136764,0.46162531,-0.88126427,0
0.65298438,1.5784521,-0.27970183,0.92719233,0.27725416,0.25188228,0
1.5822058,-3.8599133,1.9475731,0.36060935,-0.8426342,-0.39991075,0
-0.62878132,-0.86871988,5.0605912,-0.10136764,-0.46162531,0.88126427,0
1.7998389,-2.0207121,-0.31188715,0.92719233,0.27725416,0.25188228,0
1.5138838,0.94266319,-4.9011698,0.10136764,0.46162531,-0.88126427,0
0.6932146,0.80590236,-5.1366863,0.10136764,0.46162531,-0.88126427,0
-1.2087336,2.0067005,2.410033,-0.36060935,0.8426342,0.39991075,0
-0.85188174,3.7048955,-3.7598352,0.10136764,0.46162531,-0.88126427,0
-1.1649982,1.6560321,3.0910592,-0.36060935,0.8426342,0.39991075,0
0.59115851,3.4531834,-2.2689006,0.92719233,0.27725416,0.25188228,0
-0.37194335,2.8010972,1.3434474,-0.36060935,0.8426342,0.39991075,0
0.72506464,-2.5726967,-1.4875717,0.36060935,-0.8426342,-0.39991075,0
-0.29997569,-0.66745669,5.3808427,-0.10136764,-0.46162531,0.88126427,0
-0.95861638,0.12543726,-0.41488719,-0.92719233,-0.27725416,-0.25188228,0
0.53757846,-1.550792,-3.7957458,0.36060935,-0.8426342,-0.39991075,0
-0.36269903,3.5548134,-3.8720677,0.10136764,0.46162531,-0.88126427,0
-1.2597066,1.6045216,3.1422963,-0.36060935,0.8426342,0.39991075,0
0.47076577,1.3129008,-5.0291009,0.10136764,0.46162531,-0.88126427,0
-0.63957614,-1.054991,-0.26529878,-0.92719233,-0.27725416,-0.25188228,0
-1.35299,2.0288093,-0.989905,-0.92719233,-0.27725416,-0.25188228,0
0.1281426,-3.7679901,0.69849306,0.36060935,-0.8426342,-0.39991075,0
-1.0909791,-2.3091941,2.7962341,-0.92719233,-0.27725416,-0.25188228,0
0.3365252,-3.2184114,4.1337299,-0.10136764,-0.46162531,0.88126427,0
-0.7860297,-1.0986471,4.9731269,-0.10136764,-0.46162531,0.88126427,0
1.1127768,1.0135747,-5.0507493,0.10136764,0.46162531,-0.88126427,0
-1.5521171,-0.27298933,5.306078,-0.10136764,-0.46162531,0.88126427,0
1.4446466,-3.6685357,2.5237997,0.92719233,0.27725416,0.25188228,0
-0.40058613,-3.4844947,3.8841586,-0.10136764,-0.46162531,0.88126427,0
0.73454392,3.2389309,-2.2499485,0.92719233,0.27725416,0.25188228,0
-0.55782604,4.0413561,-3.5940356,0.10136764,0.46162531,-0.88126427,0
-0.16752976,-1.8999033,4.5533562,-0.10136764,-0.46162531,0.88126427,0
0.45265412,4.7349634,-3.1950548,0.10136764,0.46162531,-0.88126427,0
1.1735508,-3.4490571,3.7831769,0.92719233,0.27725416,0.25188228,0
-1.2167356,0.25492734,5.6029396,-0.10136764,-0.46162531,0.88126427,0
-0.21105838,-0.9650864,-2.2354677,-0.92719233,-0.27725416,-0.25188228,0
-1.6373233,-0.9760201,3.2715805,-0.92719233,-0.27725416,-0.25188228,0
0.64024216,0.81717616,1.0180639,0.92719233,0.27725416,0.25188228,0
-0.0015609264,-3.866823,0.82454348,0.36060935,-0.8426342,-0.39991075,0
1.6332309,-2.7113171,0.89108235,0.92719233,0.27725416,0.25188228,0
-0.45785823,0.68197578,-3.3235629,-0.92719233,-0.27725416,-0.25188228,0
-0.36446974,-1.0594773,5.0840201,-0.10136764,-0.46162531,0.88126427,0
-2.3095999,0.61206073,4.3649716,-0.36060935,0.8426342,0.39991075,0
-1.9916158,-0.092874557,3.3088939,-0.92719233,-0.27725416,-0.25188228,0
0.84204638,0.36828327,-5.3278122,0.10136764,0.46162531,-0.88126427,0
1.112016,0.90066993,-1.2694453,0.92719233,0.27725416,0.25188228,0
0.94734669,2.5718884,-4.1112423,0.10136764,0.46162531,-0.88126427,0
0.51083088,-0.85326803,-5.2332907,0.36060935,-0.8426342,-0.39991075,0
0.43006504,-1.5837883,-3.5549319,0.36060935,-0.8426342,-0.39991075,0
-1.7418151,2.5937304,0.34021324,-0.36060935,0.8426342,0.39991075,0
0.070787102,0.99910218,-5.1791058,0.10136764,0.46162531,-0.88126427,0
-1.0613451,-2.106024,2.3825078,-0.92719233,-0.27725416,-0.25188228,0
0.83158362,-1.8355409,-2.7007482,0.36060935,-0.8426342,-0.39991075,0
2.0182729,-1.7130371,-2.0604138,0.36060935,-0.8426342,-0.39991075,0
1.0974071,1.5730408,-2.0139484,0.92719233,0.27725416,0.25188228,0
-0.69174945,-3.5842445,3.7195783,-0.10136764,-0.46162531,0.88126427,0
-0.38890243,-4.351614,3.4086728,-0.10136764,-0.46162531,0.88126427,0
-1.5637448,4.3344045,-3.2126932,-0.36060935,0.8426342,0.39991075,0
-1.5346711,1.232968,3.4682276,-0.36060935,0.8426342,0.39991075,0
2.0025826,-1.3912367,-2.993911,0.36060935,-0.8426342,-0.39991075,0
0.96475315,-1.4855804,-3.5263457,0.36060935,-0.8426342,-0.39991075,0
-0.70529956,-1.8936404,0.97799218,-0.92719233,-0.27725416,-0.25188228,0
0.6083138,-3.3865316,-0.043102562,0.36060935,-0.8426342,-0.39991075,0
-0.88441992,1.80285,-3.0930486,-0.92719233,-0.27725416,-0.25188228,0
1.6943916,1.4083509,-4.8102427,0.10136764,0.46162531,-0.88126427,0
-0.36416006,4.4118848,-3.3288219,0.10136764,0.46162531,-0.88126427,0
1.0350167,1.288432,-4.9160218,0.10136764,0.46162531,-0.88126427,0
1.4362807,-3.1438425,0.63049042,0.36060935,-0.8426342,-0.39991075,0
0.10380197,2.3323793,-4.4933596,0.10136764,0.46162531,-0.88126427,0
-0.1192381,-0.71398342,5.3242373,-0.10136764,-0.46162531,0.88126427,0
1.7115347,0.59880829,-5.1877823,0.10136764,0.46162531,-0.88126427,0
-1.0909526,4.1811481,-2.4819288,-0.36060935,0.8426342,0.39991075,0
1.0738864,2.2031765,-4.4018087,0.10136764,0.46162531,-0.88126427,0
0.17844367,-1.8476825,4.8127623,-0.10136764,-0.46162531,0.88126427,0
-0.84897661,4.2981896,-2.206706,-0.36060935,0.8426342,0.39991075,0
0.34045017,-0.053564548,3.0621088,0.92719233,0.27725416,0.25188228,0
-1.3967361,3.6293674,-1.244166,-0.36060935,0.8426342,0.39991075,0
-0.18330705,-1.3497529,4.9425044,-0.10136764,-0.46162531,0.88126427,0
1.435956,-4.293777,3.0258813,0.92719233,0.27725416,0.25188228,0
0.34910274,-4.2359896,1.8546507,0.36060935,-0.8426342,-0.39991075,0
0.45293844,2.1413665,-4.5397124,0.10136764,0.46162531,-0.88126427,0
0.39453402,1.0553179,1.3385139,0.92719233,0.27725416,0.25188228,0
1.6401937,2.018388,-4.3078847,0.92719233,0.27725416,0.25188228,0
1.8811135,-1.2228012,-3.3595009,0.36060935,-0.8426342,-0.39991075,0
-1.6127732,2.2185473,1.6027443,-0.36060935,0.8426342,0.39991075,0
1.2269537,1.3694074,-4.7329664,0.10136764,0.46162531,-0.88126427,0
-0.75896883,4.0637398,-1.7636752,-0.36060935,0.8426342,0.39991075,0
-1.7379527,3.275933,-1.2950029,-0.92719233,-0.27725416,-0.25188228,0
-1.0637658,-0.60529196,5.2666407,-0.10136764,-0.46162531,0.88126427,0
-0.40417677,0.41648591,4.7147536,0.92719233,0.27725416,0.25188228,0
1.0125629,2.9287789,-2.6006505,0.92719233,0.27725416,0.25188228,0
0.028321743,4.0745201,-0.98977458,-0.36060935,0.8426342,0.39991075,0
-0.96769023,1.1953154,4.2350507,-0.36060935,0.8426342,0.39991075,0
0.84710127,1.3730147,-0.93867552,0.92719233,0.27725416,0.25188228,0
0.54164433,-2.0670202,-2.4397025,0.36060935,-0.8426342,-0.39991075,0
0.55048823,-4.221036,1.8321694,0.36060935,-0.8426342,-0.39991075,0
1.8993142,0.33697692,-5.3312068,0.10136764,0.46162531,-0.88126427,0
-0.11003375,-0.95195878,5.2560897,-0.10136764,-0.46162531,0.88126427,0
0.15581632,2.0860949,-4.5672321,0.10136764,0.46162531,-0.88126427,0
0.016741991,3.9457784,-3.6479278,0.10136764,0.46162531,-0.88126427,0
1.3923662,1.1094291,-4.9533768,0.10136764,0.46162531,-0.88126427,0
-0.41947484,-3.478507,3.8284202,-0.10136764,-0.46162531,0.88126427,0
0.93265915,-2.324985,3.3820941,0.92719233,0.27725416,0.25188228,0
0.91096425,3.7266352,-3.5080431,0.10136764,0.46162531,-0.88126427,0
-2.1489959,-0.10651146,5.3548131,-0.10136764,-0.46162531,0.88126427,0
-0.54121804,2.972981,-4.1690073,0.10136764,0.46162531,-0.88126427,0
0.45911917,1.4593801,-4.8479629,0.10136764,0.46162531,-0.88126427,0
0.11200309,1.6418639,-4.9025741,0.10136764,0.46162531,-0.88126427,0
-0.37418854,-3.5131907,3.7454822,-0.10136764,-0.46162531,0.88126427,0
2.0542276,-1.506346,-2.5851276,0.36060935,-0.8426342,-0.39991075,0
0.68557382,-0.57419848,-5.5881982,0.36060935,-0.8426342,-0.39991075,0
0.49215364,-3.6874669,0.89840376,0.36060935,-0.8426342,-0.39991075,0
-1.0864103,1.178792,-1.2479606,-0.92719233,-0.27725416,-0.25188228,0
-1.6795949,-0.61388397,5.2350645,-0.10136764,-0.46162531,0.88126427,0
-1.5581987,-0.11665466,2.274889,-0.92719233,-0.27725416,-0.25188228,0
-1.8671844,0.96153134,1.8116026,-0.92719233,-0.27725416,-0.25188228,0
-0.82446933,2.7979383,-4.0493269,-0.92719233,-0.27725416,-0.25188228,0
-0.37591457,4.1669602,-3.4321735,0.10136764,0.46162531,-0.88126427,0
0.49058321,0.12681401,-5.4807305,0.10136764,0.46162531,-0.88126427,0
-0.41869473,4.5503764,-2.6590421,-0.36060935,0.8426342,0.39991075,0
0.44227386,-1.2055535,-4.2090445,-0.92719233,-0.27725416,-0.25188228,0
0.0039227009,-0.71283537,4.893384,0.92719233,0.27725416,0.25188228,0
1.3046772,0.58224165,-5.2142491,0.10136764,0.46162531,-0.88126427,0
0.17744493,2.7206392,-4.2290874,0.10136764,0.46162531,-0.88126427,0
-0.29686141,-4.589231,3.2451367,-0.10136764,-0.46162531,0.88126427,0
-1.6086781,2.2789836,1.2931148,-0.36060935,0.8426342,0.39991075,0
-1.7649293,2.9851172,-0.13633835,-0.36060935,0.8426342,0.39991075,0
1.0386481,-4.4308972,2.5314307,0.36060935,-0.8426342,-0.39991075,0
-1.9260228,0.66657555,2.3306913,-0.92719233,-0.27725416,-0.25188228,0
-0.63963622,0.13823825,-1.5821543,-0.92719233,-0.27725416,-0.25188228,0
-0.16364646,3.0717888,0.84443659,-0.36060935,0.8426342,0.39991075,0
0.60156894,-3.8855064,1.4466898,0.36060935,-0.8426342,-0.39991075,0
2.0399477,-0.34693429,-2.8737926,0.92719233,0.27725416,0.25188228,0
0.7533924,2.072818,-1.2791409,0.92719233,0.27725416,0.25188228,0
-0.60647583,3.6078572,-0.81729466,-0.36060935,0.8426342,0.39991075,0
-2.0697756,0.27321899,5.0856934,-0.36060935,0.8426342,0.39991075,0
-1.2582961,-1.3306137,2.1378262,-0.92719233,-0.27725416,-0.25188228,0
-0.90164185,-3.3642142,3.9086645,-0.10136764,-0.46162531,0.88126427,0
-1.8474581,3.196985,-0.79417455,-0.36060935,0.8426342,0.39991075,0
-0.60136336,0.97000295,-2.9265597,-0.92719233,-0.27725416,-0.25188228,0
0.68395191,0.69423306,0.95627719,0.92719233,0.27725416,0.25188228,0
-2.2977443,0.85713649,3.1740737,-0.92719233,-0.27725416,-0.25188228,0
0.58100855,-2.7821991,4.3120818,-0.10136764,-0.46162531,0.88126427,0
0.82286751,-0.47979334,1.6912775,0.92719233,0.27725416,0.25188228,0
-0.45620418,-3.9073417,3.6012602,-0.10136764,-0.46162531,0.88126427,0
0.94134569,3.6269858,-3.4983795,0.92719233,0.27725416,0.25188228,0
-2.3534198,0.25859249,4.2875595,-0.92719233,-0.27725416,-0.25188228,0
0.42215776,-4.1791077,3.4273143,-0.10136764,-0.46162531,0.88126427,0
-1.8888272,2.0124118,1.0873773,-0.92719233,-0.27725416,-0.25188228,0
-0.60695934,3.138978,-4.1864519,0.10136764,0.46162531,-0.88126427,0
1.9474248,-1.8867816,-1.8675594,0.36060935,-0.8426342,-0.39991075,0
-0.14628352,-0.9038198,5.1293945,-0.10136764,-0.46162531,0.88126427,0
0.089541197,-0.074146628,-4.1400747,-0.92719233,-0.27725416,-0.25188228,0
-2.1496177,1.2379674,2.3028097,-0.92719233,-0.27725416,-0.25188228,0
1.4921019,-4.0006156,2.5171599,0.92719233,0.27725416,0.25188228,0
0.40127087,-3.2825282,3.9256511,-0.10136764,-0.46162531,0.88126427,0
-0.21461368,3.0867317,0.98403686,-0.36060935,0.8426342,0.39991075,0
0.29433998,0.95213515,-5.0923672,0.10136764,0.46162531,-0.88126427,0
0.82717007,-1.1297754,2.5449126,0.92719233,0.27725416,0.25188228,0
-0.84230661,-3.1827724,2.680953,-0.92719233,-0.27725416,-0.25188228,0
-0.96428013,-1.0296586,0.99420661,-0.92719233,-0.27725416,-0.25188228,0
-1.3055513,4.1723461,-3.6550169,0.10136764,0.46162531,-0.88126427,0
1.6291295,-0.94711339,-4.2407751,0.36060935,-0.8426342,-0.39991075,0
0.89909637,-1.6091847,-3.2411807,0.36060935,-0.8426342,-0.39991075,0
0.56145775,-2.0914288,4.4599161,0.92719233,0.27725416,0.25188228,0
0.2099309,4.7646651,-2.4753664,-0.36060935,0.8426342,0.39991075,0
1.0460124,-4.6834617,3.124094,0.36060935,-0.8426342,-0.39991075,0
-0.11431956,-4.3485003,1.5847719,0.36060935,-0.8426342,-0.39991075,0
1.261797,1.0019877,-1.4488863,0.92719233,0.27725416,0.25188228,0
-2.078424,-1.1745471,4.8924336,-0.10136764,-0.46162531,0.88126427,0
0.74146438,-3.6425846,0.93108714,0.36060935,-0.8426342,-0.39991075,0
-1.574774,3.4958806,-1.1416893,-0.36060935,0.8426342,0.39991075,0
0.40593642,1.8173423,0.61998296,0.92719233,0.27725416,0.25188228,0
-0.81171012,0.79477656,5.0642767,-0.36060935,0.8426342,0.39991075,0
-1.2513978,3.9323263,-3.4187665,-0.92719233,-0.27725416,-0.25188228,0
-2.1960499,0.50148356,4.4204783,-0.36060935,0.8426342,0.39991075,0
-0.64269853,-3.2249568,3.8281851,-0.10136764,-0.46162531,0.88126427,0
-1.1665939,-1.2946837,4.7604508,-0.10136764,-0.46162531,0.88126427,0
1.1827528,-4.3925314,2.7872422,0.36060935,-0.8426342,-0.39991075,0
0.11268985,2.8650758,-4.2116475,0.10136764,0.46162531,-0.88126427,0
-1.167902,-1.1938931,4.9872556,-0.10136764,-0.46162531,0.88126427,0
1.3454568,0.19422871,-5.4474144,0.10136764,0.46162531,-0.88126427,0
-0.17452538,1.6402531,2.6900561,0.92719233,0.27725416,0.25188228,0
-1.495255,4.39182,-3.2423155,-0.92719233,-0.27725416,-0.25188228,0
0.99142718,-4.4434214,3.3905816,-0.10136764,-0.46162531,0.88126427,0
-0.061653614,3.6469057,-3.8165641,0.10136764,0.46162531,-0.88126427,0
-0.26439762,-4.0168715,3.5389194,-0.10136764,-0.46162531,0.88126427,0
-0.24238992,4.4504972,-3.2729073,0.10136764,0.46162531,-0.88126427,0
0.10270673,-0.66759413,4.613421,0.92719233,0.27725416,0.25188228,0
1.4876146,-2.3677099,-1.293718,0.36060935,-0.8426342,-0.39991075,0
0.046531081,1.4587473,-5.0091114,0.10136764,0.46162531,-0.88126427,0
-1.4568772,-1.4839075,3.1653776,-0.92719233,-0.27725416,-0.25188228,0
0.48142982,-4.203403,1.5446479,0.36060935,-0.8426342,-0.39991075,0
0.38365173,4.0420523,-3.4813056,0.10136764,0.46162531,-0.88126427,0
-0.26676559,-3.4729822,3.8084843,-0.10136764,-0.46162531,0.88126427,0
-0.66045821,2.2275574,-3.7698214,-0.92719233,-0.27725416,-0.25188228,0
-0.58275342,1.8377576,-3.9450071,-0.92719233,-0.27725416,-0.25188228,0
-0.073960543,4.7360907,-2.4142203,-0.36060935,0.8426342,0.39991075,0
-0.87480986,-3.0246172,2.6205444,-0.92719233,-0.27725416,-0.25188228,0
2.0423896,-1.0408056,-2.2026381,0.92719233,0.27725416,0.25188228,0
-1.3297843,-2.202081,4.4686108,-0.10136764,-0.46162531,0.88126427,0
-1.6095748,-0.10189426,5.5006156,-0.10136764,-0.46162531,0.88126427,0
-1.8228834,1.2222579,1.2918184,-0.92719233,-0.27725416,-0.25188228,0
0.77280033,-0.64554143,-5.2674799,0.36060935,-0.8426342,-0.39991075,0
-0.031439781,-3.3993325,3.8381617,-0.10136764,-0.46162531,0.88126427,0
-1.9608545,1.3569102,3.10358,-0.36060935,0.8426342,0.39991075,0
-0.80875164,0.49636149,5.7768221,-0.36060935,0.8426342,0.39991075,0
0.18813372,-4.2726302,1.5372806,0.36060935,-0.8426342,-0.39991075,0
-2.0476842,0.10080695,5.5815492,-0.10136764,-0.46162531,0.88126427,0
1.6026196,-2.9404631,0.23397273,0.36060935,-0.8426342,-0.39991075,0
2.2474525,0.35936752,-4.3620887,0.92719233,0.27725416,0.25188228,0
-0.074901581,4.1362228,-1.1533754,-0.36060935,0.8426342,0.39991075,0
-0.47886312,1.8116133,-4.387063,-0.92719233,-0.27725416,-0.25188228,0
0.60306835,-3.8041391,1.1589255,0.36060935,-0.8426342,-0.39991075,0
-1.6234496,0.87471414,4.030035,-0.36060935,0.8426342,0.39991075,0
-1.647104,-0.084863096,2.2345657,-0.92719233,-0.27725416,-0.25188228,0
-0.65330255,2.4466779,1.8632298,-0.36060935,0.8426342,0.39991075,0
0.037407875,3.448297,0.27324682,0.92719233,0.27725416,0.25188228,0
0.1298869,0.39741534,-5.2112708,-0.92719233,-0.27725416,-0.25188228,0
-0.068126753,-0.74390268,4.734798,0.92719233,0.27725416,0.25188228,0
1.3147545,-3.1723166,2.7164702,0.92719233,0.27725416,0.25188228,0
0.56013638,1.2274181,-5.0096159,0.10136764,0.46162531,-0.88126427,0
-1.5405102,2.3863246,-1.0626912,-0.92719233,-0.27725416,-0.25188228,0
0.81875443,3.7459955,-3.5038595,0.10136764,0.46162531,-0.88126427,0
-0.76354671,3.5354972,-0.68202549,-0.36060935,0.8426342,0.39991075,0
0.93743193,-1.3554676,-3.5926516,0.36060935,-0.8426342,-0.39991075,0
1.7538966,-2.228441,-0.34188068,0.92719233,0.27725416,0.25188228,0
-1.8633873,0.64655977,2.2217684,-0.92719233,-0.27725416,-0.25188228,0
1.349791,0.82787889,-1.8001122,0.92719233,0.27725416,0.25188228,0
-1.7888873,0.64935255,4.4151702,-0.36060935,0.8426342,0.39991075,0
-0.98768497,4.2730227,-3.5432129,0.10136764,0.46162531,-0.88126427,0
1.3803678,-0.51717639,-0.57778233,0.92719233,0.27725416,0.25188228,0
1.1070828,2.2285898,-4.4295106,0.10136764,0.46162531,-0.88126427,0
0.66345644,-4.188107,2.0196016,0.36060935,-0.8426342,-0.39991075,0
-1.7610549,-0.56519437,2.7399991,-0.92719233,-0.27725416,-0.25188228,0
0.10136247,4.3291245,-3.3030765,0.10136764,0.46162531,-0.88126427,0
1.1523795,-0.85222012,0.58095121,0.92719233,0.27725416,0.25188228,0
-0.75826001,2.2334614,1.9381905,-0.36060935,0.8426342,0.39991075,0
0.83696532,-3.0584712,4.2401052,-0.10136764,-0.46162531,0.88126427,0
1.4868603,-0.65335596,-4.6713009,0.36060935,-0.8426342,-0.39991075,0
-1.2276274,-1.7586073,4.653934,-0.10136764,-0.46162531,0.88126427,0
-1.7980335,3.0658667,-0.40598989,-0.36060935,0.8426342,0.39991075,0
1.5183282,-0.41506839,-1.1128006,0.92719233,0.27725416,0.25188228,0
1.1651518,-3.6227133,1.3194429,0.36060935,-0.8426342,-0.39991075,0
-1.6095655,-0.65953612,5.101193,-0.10136764,-0.46162531,0.88126427,0
0.45536017,3.0311878,-4.0096645,0.10136764,0.46162531,-0.88126427,0
1.0514126,-0.80561233,1.1846114,0.92719233,0.27725416,0.25188228,0
-0.35817695,-4.5734901,2.5539131,-0.92719233,-0.27725416,-0.25188228,0
2.2488723,-0.82346606,-3.6260245,0.92719233,0.27725416,0.25188228,0
-1.0581398,4.5431814,-3.0655417,-0.36060935,0.8426342,0.39991075,0
0.46872675,-3.123004,4.1764607,-0.10136764,-0.46162531,0.88126427,0
-1.0701152,0.49847144,-0.26461315,-0.92719233,-0.27725416,-0.25188228,0
0.85718119,-1.2714175,-4.2876635,0.36060935,-0.8426342,-0.39991075,0
-1.3877124,0.83483797,4.408339,-0.36060935,0.8426342,0.39991075,0
-1.0097678,-1.6831745,4.7366343,-0.10136764,-0.46162531,0.88126427,0
0.13875771,-4.1079183,3.5694687,-0.10136764,-0.46162531,0.88126427,0
1.6726128,-0.23036498,-5.3678164,0.36060935,-0.8426342,-0.39991075,0
1.3718512,-0.58989102,-5.073566,0.36060935,-0.8426342,-0.39991075,0
1.7998605,-1.3519398,-1.1320996,0.92719233,0.27725416,0.25188228,0
-0.34962958,0.55905354,4.7491713,0.92719233,0.27725416,0.25188228,0
-0.74346113,-1.7631819,0.74340463,-0.92719233,-0.27725416,-0.25188228,0
0.35771942,3.4411962,-3.9354565,0.10136764,0.46162531,-0.88126427,0
1.9765559,-2.146481,-1.2661047,0.36060935,-0.8426342,-0.39991075,0
-0.02327466,4.6969047,-3.2651381,0.10136764,0.46162531,-0.88126427,0
1.8225535,-0.81975061,-1.7246363,0.92719233,0.27725416,0.25188228,0
0.35384536,-3.4905233,-0.013183653,0.36060935,-0.8426342,-0.39991075,0
-0.34676147,2.7631223,1.3251262,-0.36060935,0.8426342,0.39991075,0
-0.052007437,-4.8182573,2.8143334,0.36060935,-0.8426342,-0.39991075,0
-0.88148522,-1.2848406,5.0051556,-0.10136764,-0.46162531,0.88126427,0
1.0376235,-2.3300495,2.4089508,0.92719233,0.27725416,0.25188228,0
0.56112218,-3.4848413,0.10928613,0.36060935,-0.8426342,-0.39991075,0
-1.9409019,0.3631492,2.9442775,-0.92719233,-0.27725416,-0.25188228,0
-0.95049322,-1.4935675,4.7206202,-0.10136764,-0.46162531,0.88126427,0
0.51452059,0.85284019,0.76464939,0.92719233,0.27725416,0.25188228,0
0.52386999,-4.8323889,3.2281003,-0.10136764,-0.46162531,0.88126427,0
1.6240199,1.920619,-4.5656786,0.10136764,0.46162531,-0.88126427,0
0.64279515,0.71771669,-5.1172295,0.10136764,0.46162531,-0.88126427,0
-1.5522801,-0.6951735,5.1792841,-0.10136764,-0.46162531,0.88126427,0
0.77238518,-0.76744652,-5.3514562,0.36060935,-0.8426342,-0.39991075,0
1.4927373,-0.54167247,-4.8081551,0.36060935,-0.8426342,-0.39991075,0
0.86259967,-0.59862709,-5.52951,0.36060935,-0.8426342,-0.39991075,0
-0.13378429,3.3888168,-3.8259087,0.10136764,0.46162531,-0.88126427,0
-2.0022786,-1.1175741,4.9502592,-0.10136764,-0.46162531,0.88126427,0
-1.2154334,-2.8397508,3.5731421,-0.92719233,-0.27725416,-0.25188228,0
-1.9722347,0.055583984,5.4573231,-0.10136764,-0.46162531,0.88126427,0
-0.52111304,2.6238089,1.4143622,-0.36060935,0.8426342,0.39991075,0
-1.7184136,2.1059477,1.4017138,-0.36060935,0.8426342,0.39991075,0
-1.4183161,1.8584018,-0.80385792,-0.92719233,-0.27725416,-0.25188228,0
-0.98641324,-2.408411,4.339191,-0.10136764,-0.46162531,0.88126427,0
1.4174715,1.3252094,-4.7476263,0.10136764,0.46162531,-0.88126427,0
-1.0210977,2.1022265,2.1240804,-0.36060935,0.8426342,0.39991075,0
0.20448321,1.7092544,-4.7625027,0.10136764,0.46162531,-0.88126427,0
-0.39332664,1.971225,2.8109198,-0.36060935,0.8426342,0.39991075,0
0.17256308,3.9490869,-3.6538677,0.10136764,0.46162531,-0.88126427,0
-0.21309018,-4.6415606,2.2667847,0.36060935,-0.8426342,-0.39991075,0
-0.53326756,-1.1773452,-0.91205204,-0.92719233,-0.27725416,-0.25188228,0
-0.69619083,4.3449736,-3.4384496,0.10136764,0.46162531,-0.88126427,0
1.7669092,0.079119712,-5.4934044,0.10136764,0.46162531,-0.88126427,0
0.59066743,1.5647295,-0.25500187,0.92719233,0.27725416,0.25188228,0
-0.010071278,1.8918244,-4.6132402,0.10136764,0.46162531,-0.88126427,0
-0.35131001,-2.8552899,4.1944466,-0.10136764,-0.46162531,0.88126427,0
0.66141844,-3.4034948,3.9103351,-0.10136764,-0.46162531,0.88126427,0
0.12205648,4.2189555,-1.3408859,-0.36060935,0.8426342,0.39991075,0
-1.7347267,-0.094638854,5.4053597,-0.10136764,-0.46162531,0.88126427,0
2.0768173,0.8988058,-4.9388752,0.10136764,0.46162531,-0.88126427,0
-0.77133131,3.7722714,-1.3198453,-0.36060935,0.8426342,0.39991075,0
1.727947,-0.80153745,-4.2154336,0.36060935,-0.8426342,-0.39991075,0
0.15230513,-3.6930966,0.23320848,0.36060935,-0.8426342,-0.39991075,0
-1.144747,1.8729571,2.6715519,-0.36060935,0.8426342,0.39991075,0
0.42961681,2.791599,-0.51985097,0.92719233,0.27725416,0.25188228,0
0.31047499,-2.8302588,-1.204304,0.36060935,-0.8426342,-0.39991075,0
-1.3924928,0.40622401,5.182189,-0.36060935,0.8426342,0.39991075,0
1.5986533,1.7333173,-3.8375685,0.92719233,0.27725416,0.25188228,0
-0.16470313,2.947675,-4.2444077,0.10136764,0.46162531,-0.88126427,0
0.77292836,-1.546857,-3.5239017,0.36060935,-0.8426342,-0.39991075,0
0.40682364,-0.01128757,-5.5367584,0.10136764,0.46162531,-0.88126427,0
-1.4587445,-0.10862643,5.4224963,-0.10136764,-0.46162531,0.88126427,0
0.77708411,-4.7136841,3.2485449,0.36060935,-0.8426342,-0.39991075,0
-0.50827801,1.3107789,4.3754454,-0.36060935,0.8426342,0.39991075,0
1.3285643,-1.2481263,0.21022654,0.92719233,0.27725416,0.25188228,0
0.45982939,1.1377304,-5.020649,0.10136764,0.46162531,-0.88126427,0
