2.7545569,0.027859688,-3.1007187,-0.047929525,0.13331516,-0.98991424,0
2.3117349,-0.5332576,-3.1468983,0.013814632,-0.99086976,-0.13411275,0
3.078846,0.52523541,0.63371897,0.9987554,0.020103239,-0.045650244,0
1.1264803,-0.55973893,2.9602447,0.047929525,-0.13331516,0.98991424,0
-1.5323414,1.3340734,-2.7532516,-0.047929525,0.13331516,-0.98991424,0
-2.8742478,0.21752769,2.9210548,-0.9987554,-0.020103239,0.045650244,0
-3.1531835,0.2360916,-1.3604579,-0.9987554,-0.020103239,0.045650244,0
-0.032781601,-1.2999458,2.8341115,0.047929525,-0.13331516,0.98991424,0
2.9459393,0.24793538,3.0086715,0.047929525,-0.13331516,0.98991424,0
0.19448394,-0.96417588,-1.0201178,0.013814632,-0.99086976,-0.13411275,0
-2.2692831,1.0163482,-0.60835767,-0.013814632,0.99086976,0.13411275,0
-3.1985853,-0.39708984,-2.7286232,-0.9987554,-0.020103239,0.045650244,0
-1.9451523,-0.75524426,3.005007,0.047929525,-0.13331516,0.98991424,0
-2.963006,-0.058610812,0.81278014,-0.9987554,-0.020103239,0.045650244,0
2.855967,-0.4045603,-2.0066271,0.9987554,0.020103239,-0.045650244,0
2.8824556,0.82975781,-0.62413931,0.9987554,0.020103239,-0.045650244,0
-2.263159,0.63171881,2.1122155,-0.013814632,0.99086976,0.13411275,0
-3.014034,-0.9365685,1.1344388,-0.9987554,-0.020103239,0.045650244,0
0.21074152,-1.3968983,2.4156439,0.013814632,-0.99086976,-0.13411275,0
1.4859066,-0.74782658,-2.3644435,0.013814632,-0.99086976,-0.13411275,0
1.8571335,-0.42016348,2.9346263,0.047929525,-0.13331516,0.98991424,0
0.43777347,0.93829274,-2.9198542,-0.047929525,0.13331516,-0.98991424,0
-3.1646085,-0.67424208,-1.7596724,-0.9987554,-0.020103239,0.045650244,0
-2.3486989,0.62063408,2.8150172,-0.013814632,0.99086976,0.13411275,0
-2.1808009,-0.78000712,-1.262675,0.013814632,-0.99086976,-0.13411275,0
1.3327175,-0.64470983,2.8646755,0.047929525,-0.13331516,0.98991424,0
-1.1827625,-0.64262605,-2.9117265,0.013814632,-0.99086976,-0.13411275,0
2.2617064,-0.77388066,-0.9329195,0.013814632,-0.99086976,-0.13411275,0
2.9273603,-0.92578417,2.7407269,0.047929525,-0.13331516,0.98991424,0
2.8304157,-0.024970204,-2.6198967,0.9987554,0.020103239,-0.045650244,0
0.30080032,0.080454245,-2.9339106,-0.047929525,0.13331516,-0.98991424,0
-1.8936315,0.29065222,3.0735393,0.047929525,-0.13331516,0.98991424,0
-1.6043005,0.1748876,3.0587749,0.047929525,-0.13331516,0.98991424,0
-1.0498857,1.0294793,-2.8867896,-0.047929525,0.13331516,-0.98991424,0
-2.8688815,-0.44481903,1.0122788,-0.9987554,-0.020103239,0.045650244,0
2.8625464,-0.3350887,-1.3818609,0.9987554,0.020103239,-0.045650244,0
2.71417,-1.1425465,0.87029171,0.013814632,-0.99086976,-0.13411275,0
-1.6310577,0.66158861,1.7902387,-0.013814632,0.99086976,0.13411275,0
2.9619069,0.065005541,-2.2044151,0.9987554,0.020103239,-0.045650244,0
-3.096293,-0.44219804,-2.3754079,-0.9987554,-0.020103239,0.045650244,0
-2.8568754,-0.65848994,0.99674273,-0.9987554,-0.020103239,0.045650244,0
-1.5330567,0.76917386,1.0243489,-0.013814632,0.99086976,0.13411275,0
1.147192,0.27670836,-3.0711241,-0.047929525,0.13331516,-0.98991424,0
0.71154928,0.97188079,-2.9325895,-0.047929525,0.13331516,-0.98991424,0
-2.9014773,-1.020187,1.2369744,-0.9987554,-0.020103239,0.045650244,0
2.642009,-0.49357894,-2.8919215,0.013814632,-0.99086976,-0.13411275,0
-2.9545588,-0.5640595,-2.8664744,0.013814632,-0.99086976,-0.13411275,0
-2.9340189,0.16525695,0.86888885,-0.9987554,-0.020103239,0.045650244,0
-0.68579221,-0.3365348,-2.9454386,-0.047929525,0.13331516,-0.98991424,0
-0.017984629,1.291543,-2.3107138,-0.013814632,0.99086976,0.13411275,0
1.0296769,-0.71513402,2.7907734,0.047929525,-0.13331516,0.98991424,0
0.25557995,0.68180013,-2.991472,-0.047929525,0.13331516,-0.98991424,0
-3.046694,1.1466203,-2.3026431,-0.9987554,-0.020103239,0.045650244,0
-2.7884676,1.1509911,-2.748143,-0.047929525,0.13331516,-0.98991424,0
0.71606541,0.71358222,2.2932982,-0.013814632,0.99086976,0.13411275,0
3.0508595,-0.38006184,-0.42214823,0.9987554,0.020103239,-0.045650244,0
-0.29649782,-0.20653343,-3.0932531,-0.047929525,0.13331516,-0.98991424,0
-2.9551935,-0.033033997,-1.0171175,-0.9987554,-0.020103239,0.045650244,0
2.1501813,-1.0748436,1.1726303,0.013814632,-0.99086976,-0.13411275,0
2.9444139,0.89502996,-0.40708661,0.9987554,0.020103239,-0.045650244,0
-3.1072431,0.97993189,-1.4695816,-0.9987554,-0.020103239,0.045650244,0
2.9590986,0.22773616,-0.570189,0.9987554,0.020103239,-0.045650244,0
-2.4138198,0.63291067,-2.9204757,-0.047929525,0.13331516,-0.98991424,0
0.17083144,1.3379488,-2.8541281,-0.013814632,0.99086976,0.13411275,0
2.76964,0.72704291,2.47244,-0.013814632,0.99086976,0.13411275,0
0.21056628,1.4080777,-2.8829873,-0.047929525,0.13331516,-0.98991424,0
0.093198299,0.62488019,2.2315552,-0.013814632,0.99086976,0.13411275,0
-3.0652146,-0.2129489,-0.25078297,-0.9987554,-0.020103239,0.045650244,0
-1.6653652,-1.1305494,0.30388808,0.013814632,-0.99086976,-0.13411275,0
2.8558426,0.1579271,-1.3348647,0.9987554,0.020103239,-0.045650244,0
-2.4066191,0.12674412,3.129775,0.047929525,-0.13331516,0.98991424,0
-2.9174554,0.62977004,0.14793229,-0.9987554,-0.020103239,0.045650244,0
-3.0124426,-0.21060206,1.6551956,-0.9987554,-0.020103239,0.045650244,0
0.23940587,0.41011673,3.0276246,0.047929525,-0.13331516,0.98991424,0
-0.39344725,0.98626375,0.55598289,-0.013814632,0.99086976,0.13411275,0
2.9285278,-0.014259934,-2.6873205,0.9987554,0.020103239,-0.045650244,0
-1.353703,0.65835536,2.1109884,-0.013814632,0.99086976,0.13411275,0
1.1587945,0.73732245,2.0378821,-0.013814632,0.99086976,0.13411275,0
-2.5743384,1.3380171,-2.4241252,-0.013814632,0.99086976,0.13411275,0
0.12281299,-0.7154609,-2.1572526,0.013814632,-0.99086976,-0.13411275,0
-1.6561241,-0.21744402,-2.9640169,-0.047929525,0.13331516,-0.98991424,0
2.9044597,1.0391126,-0.68652177,0.9987554,0.020103239,-0.045650244,0
-0.35827476,-1.0864817,0.30193993,0.013814632,-0.99086976,-0.13411275,0
1.9336147,-1.0291674,0.80075526,0.013814632,-0.99086976,-0.13411275,0
3.2050385,-0.63288325,2.6873181,0.9987554,0.020103239,-0.045650244,0
-3.1381979,-0.72459841,-1.6903937,-0.9987554,-0.020103239,0.045650244,0
1.6443423,-0.98075879,0.41680527,0.013814632,-0.99086976,-0.13411275,0
-1.662776,-0.94577235,-1.0611289,0.013814632,-0.99086976,-0.13411275,0
2.2667813,-0.56734979,-2.6827364,0.013814632,-0.99086976,-0.13411275,0
1.3914871,-0.14991084,3.0399992,0.047929525,-0.13331516,0.98991424,0
2.8625429,-0.14267942,-2.7470403,0.9987554,0.020103239,-0.045650244,0
1.906328,0.22459963,2.9031086,0.047929525,-0.13331516,0.98991424,0
-1.2697148,-0.036793977,3.0167618,0.047929525,-0.13331516,0.98991424,0
-3.1015811,-0.086754344,-0.59861374,-0.9987554,-0.020103239,0.045650244,0
1.870397,-0.92559558,-0.36837077,0.013814632,-0.99086976,-0.13411275,0
2.1947508,-0.62773824,2.8856759,0.047929525,-0.13331516,0.98991424,0
0.11148477,0.10236405,-3.0167205,-0.047929525,0.13331516,-0.98991424,0
-3.1726885,0.99682653,-1.6407046,-0.9987554,-0.020103239,0.045650244,0
-2.8655868,0.097783089,2.6923678,-0.9987554,-0.020103239,0.045650244,0
-2.4854522,0.067103878,-2.8333962,-0.047929525,0.13331516,-0.98991424,0
3.0582657,-1.1065845,1.4121182,0.9987554,0.020103239,-0.045650244,0
3.1744032,0.23525847,2.0081892,0.9987554,0.020103239,-0.045650244,0
1.5687116,-0.065701514,2.9863534,0.047929525,-0.13331516,0.98991424,0
-3.0168948,0.1483925,-1.9760015,-0.9987554,-0.020103239,0.045650244,0
-1.078794,-0.47072843,2.9431031,0.047929525,-0.13331516,0.98991424,0
0.4653461,0.84887409,-2.9482138,-0.047929525,0.13331516,-0.98991424,0
-1.2719536,-0.79045665,2.9651461,0.047929525,-0.13331516,0.98991424,0
0.37041068,1.2720705,-2.8287683,-0.047929525,0.13331516,-0.98991424,0
-0.20020819,0.84426862,-2.8416646,-0.047929525,0.13331516,-0.98991424,0
-2.5862968,-0.14553258,3.161366,0.047929525,-0.13331516,0.98991424,0
3.2281618,-0.53639477,2.5107365,0.9987554,0.020103239,-0.045650244,0
-2.9162238,-0.53502667,0.11962438,-0.9987554,-0.020103239,0.045650244,0
-3.1174421,0.71596181,-0.32710695,-0.9987554,-0.020103239,0.045650244,0
-2.9835253,0.54311222,0.023701191,-0.9987554,-0.020103239,0.045650244,0
-3.0102005,-0.26895288,-1.7356021,-0.9987554,-0.020103239,0.045650244,0
2.8484366,1.175678,-2.8191085,0.9987554,0.020103239,-0.045650244,0
2.6386738,-0.6393162,-2.3107696,0.013814632,-0.99086976,-0.13411275,0
1.1051159,-0.91802323,2.7625189,0.047929525,-0.13331516,0.98991424,0
-2.5242734,0.78774321,1.5259038,-0.013814632,0.99086976,0.13411275,0
0.57611966,-0.38463533,2.8996601,0.047929525,-0.13331516,0.98991424,0
0.87114358,-0.55166364,-3.1426854,-0.047929525,0.13331516,-0.98991424,0
2.2155638,-0.56346142,-3.3014181,-0.047929525,0.13331516,-0.98991424,0
1.2994925,-1.0570549,0.28476489,0.013814632,-0.99086976,-0.13411275,0
-0.60199451,0.11022572,-2.9326859,-0.047929525,0.13331516,-0.98991424,0
0.33012795,-0.89039892,-1.0020287,0.013814632,-0.99086976,-0.13411275,0
-2.916934,-0.65405351,-2.980134,0.013814632,-0.99086976,-0.13411275,0
2.9992099,-0.82901049,0.099918842,0.9987554,0.020103239,-0.045650244,0
2.9636817,0.5934813,0.91991758,0.9987554,0.020103239,-0.045650244,0
0.38131917,0.719396,2.0354159,-0.013814632,0.99086976,0.13411275,0
3.0793672,-0.16691899,0.40431142,0.9987554,0.020103239,-0.045650244,0
1.6101314,-0.83949232,2.8690186,0.047929525,-0.13331516,0.98991424,0
2.951786,0.12429165,1.0906863,0.9987554,0.020103239,-0.045650244,0
-1.0535483,0.68564284,-2.9242265,-0.047929525,0.13331516,-0.98991424,0
0.36900926,-1.2333314,2.8717756,0.047929525,-0.13331516,0.98991424,0
-1.025558,-0.89779967,-0.38426292,0.013814632,-0.99086976,-0.13411275,0
0.87998891,-1.0467447,2.946842,0.047929525,-0.13331516,0.98991424,0
2.8478627,-0.19748521,-3.0379713,0.9987554,0.020103239,-0.045650244,0
-2.7686019,-1.2314616,0.7145462,0.013814632,-0.99086976,-0.13411275,0
2.8981178,0.977723,-2.3641844,0.9987554,0.020103239,-0.045650244,0
-2.0970953,0.92775315,0.93980682,-0.013814632,0.99086976,0.13411275,0
-1.6664674,0.57582456,2.4788413,-0.013814632,0.99086976,0.13411275,0
0.90475583,0.066140577,-3.0339417,-0.047929525,0.13331516,-0.98991424,0
-2.8545039,-0.30651802,2.566525,-0.9987554,-0.020103239,0.045650244,0
0.091448545,1.2497376,-2.8393919,-0.047929525,0.13331516,-0.98991424,0
-2.065393,1.3044293,-2.6817486,-0.047929525,0.13331516,-0.98991424,0
-1.7335763,-1.4505128,2.7948277,0.013814632,-0.99086976,-0.13411275,0
1.1048096,1.0603007,0.20688462,-0.013814632,0.99086976,0.13411275,0
-3.0687551,0.88213372,-0.064650059,-0.9987554,-0.020103239,0.045650244,0
-2.2689095,1.0008146,-2.8189716,-0.047929525,0.13331516,-0.98991424,0
3.0904431,-0.94742918,1.5609884,0.9987554,0.020103239,-0.045650244,0
-2.9373124,0.032160953,0.091798782,-0.9987554,-0.020103239,0.045650244,0
2.7897136,0.044463843,-2.9151726,0.9987554,0.020103239,-0.045650244,0
0.99231708,-0.89911401,-1.2087964,0.013814632,-0.99086976,-0.13411275,0
-3.0385413,0.4969421,1.4880962,-0.9987554,-0.020103239,0.045650244,0
-1.473896,-0.64162278,3.0185089,0.047929525,-0.13331516,0.98991424,0
-2.6881804,-0.72362208,-1.9974461,0.013814632,-0.99086976,-0.13411275,0
3.1407173,0.45947504,2.8774295,0.9987554,0.020103239,-0.045650244,0
-1.4650593,0.034148693,3.1405549,0.047929525,-0.13331516,0.98991424,0
-2.9881978,0.44832593,-0.18048215,-0.9987554,-0.020103239,0.045650244,0
-2.9434626,-1.1143619,2.1416953,-0.9987554,-0.020103239,0.045650244,0
-2.5837514,-0.32554328,3.0123193,0.047929525,-0.13331516,0.98991424,0
2.0190458,-0.5438723,2.8072171,0.047929525,-0.13331516,0.98991424,0
-2.9313097,0.054546207,-0.5184288,-0.9987554,-0.020103239,0.045650244,0
3.0404646,-0.052336201,1.4074805,0.9987554,0.020103239,-0.045650244,0
-0.053014852,1.0775684,0.081855491,-0.013814632,0.99086976,0.13411275,0
2.9529457,0.88112956,-2.1078,0.9987554,0.020103239,-0.045650244,0
-2.1585007,0.81479543,-2.7702663,-0.047929525,0.13331516,-0.98991424,0
1.4818563,0.24975081,2.9977837,0.047929525,-0.13331516,0.98991424,0
2.4612837,-0.72905356,2.9100049,0.047929525,-0.13331516,0.98991424,0
1.7516977,-0.55507505,2.7934299,0.047929525,-0.13331516,0.98991424,0
0.10043097,-0.59625912,2.8916023,0.047929525,-0.13331516,0.98991424,0
-2.4719512,-0.23100588,3.0666595,0.047929525,-0.13331516,0.98991424,0
-0.8158226,1.0489227,-2.8681531,-0.047929525,0.13331516,-0.98991424,0
-2.3046196,-0.75861752,-1.6352081,0.013814632,-0.99086976,-0.13411275,0
0.3767426,-1.1209267,2.9312153,0.047929525,-0.13331516,0.98991424,0
1.925632,-1.1101251,2.8256025,0.047929525,-0.13331516,0.98991424,0
-3.0170965,-0.23761123,0.44178462,-0.9987554,-0.020103239,0.045650244,0
-2.8683798,-1.0439849,2.5748158,-0.9987554,-0.020103239,0.045650244,0
2.8002086,-0.16485563,-2.6453135,0.9987554,0.020103239,-0.045650244,0
-1.4844525,-1.0560405,0.3350662,0.013814632,-0.99086976,-0.13411275,0
-0.73113036,0.25067806,-2.939697,-0.047929525,0.13331516,-0.98991424,0
-2.883522,0.16113022,0.93074989,-0.9987554,-0.020103239,0.045650244,0
3.019418,-0.59496343,2.8623781,0.047929525,-0.13331516,0.98991424,0
0.1366992,0.27347153,-3.0937395,-0.047929525,0.13331516,-0.98991424,0
-2.8199558,1.139742,-0.62415457,-0.013814632,0.99086976,0.13411275,0
3.0554199,-0.75257283,-0.3518517,0.9987554,0.020103239,-0.045650244,0
-2.1458607,-0.92348933,2.912046,0.047929525,-0.13331516,0.98991424,0
0.31160426,-1.4298936,2.7186987,0.013814632,-0.99086976,-0.13411275,0
2.933198,1.206583,-2.3900886,0.9987554,0.020103239,-0.045650244,0
-0.053873301,0.34920746,3.0454776,0.047929525,-0.13331516,0.98991424,0
-3.0226216,1.0871855,-1.4862747,-0.9987554,-0.020103239,0.045650244,0
-2.5655196,-1.3523198,3.0267668,0.047929525,-0.13331516,0.98991424,0
-2.811945,0.54534465,3.148051,0.047929525,-0.13331516,0.98991424,0
2.9616299,-0.80263484,0.81053424,0.9987554,0.020103239,-0.045650244,0
2.3835375,-0.47990423,-3.234611,-0.047929525,0.13331516,-0.98991424,0
-3.1035712,1.1479527,-2.7208323,-0.9987554,-0.020103239,0.045650244,0
-2.9077086,0.58335227,0.56624627,-0.9987554,-0.020103239,0.045650244,0
3.1420956,0.40216646,2.2936645,0.9987554,0.020103239,-0.045650244,0
-2.6399543,-0.39557436,3.1504431,0.047929525,-0.13331516,0.98991424,0
-0.41111851,0.54924566,3.1786094,0.047929525,-0.13331516,0.98991424,0
-2.6227467,0.57599294,-2.7822263,-0.047929525,0.13331516,-0.98991424,0
2.1316354,-1.1159931,0.57611537,0.013814632,-0.99086976,-0.13411275,0
3.1409373,0.025926415,2.3555789,0.9987554,0.020103239,-0.045650244,0
-1.8683667,-1.3789771,2.353771,0.013814632,-0.99086976,-0.13411275,0
2.7381563,-0.72182226,-1.2342964,0.013814632,-0.99086976,-0.13411275,0
-1.7846847,-0.89688569,3.0140061,0.047929525,-0.13331516,0.98991424,0
-2.6235793,0.98365033,-0.19818568,-0.013814632,0.99086976,0.13411275,0
-0.9640379,-0.174723,-3.0650029,-0.047929525,0.13331516,-0.98991424,0
-0.4290483,-0.25749168,-3.0617385,-0.047929525,0.13331516,-0.98991424,0
-0.01542002,-1.1043103,0.79264534,0.013814632,-0.99086976,-0.13411275,0
0.80009842,1.2695498,-2.1456146,-0.013814632,0.99086976,0.13411275,0
3.0410285,0.36277264,2.2755148,0.9987554,0.020103239,-0.045650244,0
-0.89740634,1.4181052,-2.7180104,-0.013814632,0.99086976,0.13411275,0
-0.58950543,-1.1881506,1.6874235,0.013814632,-0.99086976,-0.13411275,0
-1.4955597,0.16638975,-2.9956431,-0.047929525,0.13331516,-0.98991424,0
-3.2385743,0.68221873,-2.6674201,-0.9987554,-0.020103239,0.045650244,0
-1.9959595,-1.0644227,2.9128461,0.047929525,-0.13331516,0.98991424,0
2.9908977,0.90575111,-0.62761903,0.9987554,0.020103239,-0.045650244,0
2.4023497,-0.57795209,2.9338946,0.047929525,-0.13331516,0.98991424,0
-2.9917381,-0.26256055,-2.8606226,-0.047929525,0.13331516,-0.98991424,0
2.2358365,-1.1542214,2.719439,0.047929525,-0.13331516,0.98991424,0
-2.8616147,-0.71926057,2.557935,-0.9987554,-0.020103239,0.045650244,0
-2.2254143,1.3214793,-2.65646,-0.013814632,0.99086976,0.13411275,0
2.0929165,0.59392619,2.6626625,-0.013814632,0.99086976,0.13411275,0
2.1326087,0.6035164,2.801738,-0.013814632,0.99086976,0.13411275,0
2.6940761,-1.0407536,1.2293882,0.013814632,-0.99086976,-0.13411275,0
2.9880743,1.2349182,-1.2273136,-0.013814632,0.99086976,0.13411275,0
-3.0103829,0.55894268,0.89278674,-0.9987554,-0.020103239,0.045650244,0
-2.9797292,-0.30777517,0.52740479,-0.9987554,-0.020103239,0.045650244,0
3.0162108,0.098633632,-0.60692668,0.9987554,0.020103239,-0.045650244,0
2.9118941,-1.0335869,1.1272433,0.013814632,-0.99086976,-0.13411275,0
-3.099112,0.43471718,-0.801507,-0.9987554,-0.020103239,0.045650244,0
0.97484398,-0.84559578,2.7736149,0.047929525,-0.13331516,0.98991424,0
-2.8518953,-0.96861947,1.414335,-0.9987554,-0.020103239,0.045650244,0
-0.560812,-0.57702637,-3.1087513,-0.047929525,0.13331516,-0.98991424,0
-3.1638465,-0.51706123,-2.0073216,-0.9987554,-0.020103239,0.045650244,0
3.0591552,0.40788195,1.3930411,0.9987554,0.020103239,-0.045650244,0
2.0407972,-0.42485502,2.8161933,0.047929525,-0.13331516,0.98991424,0
-2.4586415,0.81301922,-2.8329797,-0.047929525,0.13331516,-0.98991424,0
-0.39078987,-0.99534911,-0.58821511,0.013814632,-0.99086976,-0.13411275,0
2.0877128,-0.18126759,2.809094,0.047929525,-0.13331516,0.98991424,0
-2.0373411,-1.4425882,2.2565057,0.013814632,-0.99086976,-0.13411275,0
3.0978892,-1.1131023,1.8018208,0.9987554,0.020103239,-0.045650244,0
-1.8342005,-1.1552913,0.30041647,0.013814632,-0.99086976,-0.13411275,0
-2.0423861,-0.94181842,-0.70514703,0.013814632,-0.99086976,-0.13411275,0
-2.8992958,0.57312882,1.351019,-0.9987554,-0.020103239,0.045650244,0
2.4413176,-0.6748749,2.763186,0.047929525,-0.13331516,0.98991424,0
-2.6887984,1.0608174,-0.26226592,-0.013814632,0.99086976,0.13411275,0
-0.41879177,1.3176068,-1.6687601,-0.013814632,0.99086976,0.13411275,0
-1.9509614,-0.44403756,3.0197902,0.047929525,-0.13331516,0.98991424,0
2.5221128,0.21931911,-3.0240262,-0.047929525,0.13331516,-0.98991424,0
-3.0301576,0.41334409,-1.8032305,-0.9987554,-0.020103239,0.045650244,0
-0.7098459,1.2821449,-2.4479544,-0.013814632,0.99086976,0.13411275,0
3.0726914,-1.2240468,2.6297925,0.013814632,-0.99086976,-0.13411275,0
-0.32333064,-0.35999709,2.9561765,0.047929525,-0.13331516,0.98991424,0
-1.1165262,0.82759333,1.0362773,-0.013814632,0.99086976,0.13411275,0
-0.93392539,-1.2397985,2.0594893,0.013814632,-0.99086976,-0.13411275,0
-3.033349,0.59370363,1.27687,-0.9987554,-0.020103239,0.045650244,0
-2.1669838,0.9145754,0.43777227,-0.013814632,0.99086976,0.13411275,0
1.052516,-0.44247383,-3.2105751,-0.047929525,0.13331516,-0.98991424,0
-0.95826316,0.61231011,2.6843898,-0.013814632,0.99086976,0.13411275,0
1.9269969,1.3066826,-2.6409261,-0.013814632,0.99086976,0.13411275,0
3.0759466,-1.3056314,2.6810033,0.047929525,-0.13331516,0.98991424,0
-1.012174,-0.6538204,-2.7855139,0.013814632,-0.99086976,-0.13411275,0
-3.1051188,1.002001,-2.1648028,-0.9987554,-0.020103239,0.045650244,0
1.0252743,-0.97606802,-0.11666715,0.013814632,-0.99086976,-0.13411275,0
-3.0895858,-0.49222529,-2.9498057,-0.047929525,0.13331516,-0.98991424,0
-2.3715243,1.0003033,-0.53071809,-0.013814632,0.99086976,0.13411275,0
-0.10244036,-1.3151188,2.8477073,0.013814632,-0.99086976,-0.13411275,0
1.6742043,1.3115529,-2.8358655,-0.047929525,0.13331516,-0.98991424,0
-2.9210577,-1.2088566,1.1344839,-0.9987554,-0.020103239,0.045650244,0
0.28675818,1.3718166,-2.6712554,-0.013814632,0.99086976,0.13411275,0
-2.488658,-0.87089968,-0.87195706,0.013814632,-0.99086976,-0.13411275,0
-1.0073459,0.86162961,-2.8721159,-0.047929525,0.13331516,-0.98991424,0
3.1386607,-0.75332797,1.0973663,0.9987554,0.020103239,-0.045650244,0
-2.148149,1.2078995,-2.1766226,-0.013814632,0.99086976,0.13411275,0
-0.15086007,-0.2420017,2.922693,0.047929525,-0.13331516,0.98991424,0
2.9926915,0.19281971,0.55662727,0.9987554,0.020103239,-0.045650244,0
-2.9088962,-1.1619735,2.6982076,-0.9987554,-0.020103239,0.045650244,0
3.1936345,-0.30087736,2.6119814,0.9987554,0.020103239,-0.045650244,0
1.5038375,-1.2417035,2.4092245,0.013814632,-0.99086976,-0.13411275,0
-0.41596365,0.65944958,1.9495187,-0.013814632,0.99086976,0.13411275,0
1.4257705,1.0630165,0.37747061,-0.013814632,0.99086976,0.13411275,0
1.432776,0.98015565,-2.9678094,-0.047929525,0.13331516,-0.98991424,0
3.0768957,-0.36363035,0.70308518,0.9987554,0.020103239,-0.045650244,0
-2.9858134,0.32262087,0.15819979,-0.9987554,-0.020103239,0.045650244,0
1.9087065,-0.76263022,2.9131632,0.047929525,-0.13331516,0.98991424,0
3.0120578,-0.42831528,1.0026023,0.9987554,0.020103239,-0.045650244,0
-2.9394779,-0.90305191,-1.4740481,0.013814632,-0.99086976,-0.13411275,0
-3.1706448,-0.16805142,-2.7679312,-0.9987554,-0.020103239,0.045650244,0
1.599057,0.048914433,-3.1651654,-0.047929525,0.13331516,-0.98991424,0
2.8164842,-0.1934348,-2.1140225,0.9987554,0.020103239,-0.045650244,0
-1.0636432,0.20785868,-2.9335952,-0.047929525,0.13331516,-0.98991424,0
-2.9555326,-0.25802651,0.15737748,-0.9987554,-0.020103239,0.045650244,0
1.1148012,0.78021467,1.9489321,-0.013814632,0.99086976,0.13411275,0
-1.7066239,0.74707055,-2.9368315,-0.047929525,0.13331516,-0.98991424,0
-1.8538196,-0.79874688,-2.3668923,0.013814632,-0.99086976,-0.13411275,0
0.44099951,0.7275424,2.2191942,-0.013814632,0.99086976,0.13411275,0
1.0030379,0.89390928,1.6014335,-0.013814632,0.99086976,0.13411275,0
2.980984,1.0208223,-0.33501577,0.9987554,0.020103239,-0.045650244,0
-2.9618168,-0.48443615,-0.39532948,-0.9987554,-0.020103239,0.045650244,0
-2.9276042,0.16719437,0.70328236,-0.9987554,-0.020103239,0.045650244,0
-3.035111,0.65759051,-0.16586399,-0.9987554,-0.020103239,0.045650244,0
1.2718133,0.75807196,2.2969322,-0.013814632,0.99086976,0.13411275,0
-2.1041932,-0.5790329,-2.8474019,0.013814632,-0.99086976,-0.13411275,0
-1.8861167,-0.82388622,-1.1964984,0.013814632,-0.99086976,-0.13411275,0
-2.115243,-1.2181038,1.8594382,0.013814632,-0.99086976,-0.13411275,0
-2.1160672,1.0278854,-0.96774364,-0.013814632,0.99086976,0.13411275,0
-3.1363645,-0.22878872,-0.8985455,-0.9987554,-0.020103239,0.045650244,0
2.9418333,1.3808982,-2.2571931,0.9987554,0.020103239,-0.045650244,0
0.17615965,-1.1370491,0.49188751,0.013814632,-0.99086976,-0.13411275,0
-0.30257273,1.2499386,-1.1756699,-0.013814632,0.99086976,0.13411275,0
-3.0968254,1.243184,-1.7837129,-0.013814632,0.99086976,0.13411275,0
1.4274256,1.4596117,-2.5824881,-0.013814632,0.99086976,0.13411275,0
-0.21524668,0.32055256,-3.0027845,-0.047929525,0.13331516,-0.98991424,0
1.3402667,0.49488881,-2.9281695,-0.047929525,0.13331516,-0.98991424,0
0.74497533,0.18379,-3.0915468,-0.047929525,0.13331516,-0.98991424,0
-0.54368532,-0.7781958,-1.2410209,0.013814632,-0.99086976,-0.13411275,0
-2.8037081,-1.145707,1.8990204,-0.9987554,-0.020103239,0.045650244,0
-0.4884274,0.19650009,-2.8928759,-0.047929525,0.13331516,-0.98991424,0
-1.3778632,-0.33207715,3.1249838,0.047929525,-0.13331516,0.98991424,0
1.1539698,1.2993108,-1.9135926,-0.013814632,0.99086976,0.13411275,0
-2.931726,-0.58450216,-0.86776829,-0.9987554,-0.020103239,0.045650244,0
-2.0127945,-0.60246652,-2.6479595,0.013814632,-0.99086976,-0.13411275,0
3.0133238,-0.14887886,0.17774439,0.9987554,0.020103239,-0.045650244,0
-2.8787503,1.0961784,-2.6766541,-0.047929525,0.13331516,-0.98991424,0
-0.21527505,-1.0874448,2.9472547,0.047929525,-0.13331516,0.98991424,0
0.98105788,-1.0899533,2.7692859,0.047929525,-0.13331516,0.98991424,0
-1.3849422,0.63200366,-2.9790211,-0.047929525,0.13331516,-0.98991424,0
0.78623867,0.84814203,1.3351829,-0.013814632,0.99086976,0.13411275,0
-2.4463663,-0.49174848,2.9991257,0.047929525,-0.13331516,0.98991424,0
-1.5625049,-0.31890208,-3.0844727,-0.047929525,0.13331516,-0.98991424,0
-2.9631565,-0.88160324,2.5685692,-0.9987554,-0.020103239,0.045650244,0
0.75831282,1.2403966,-1.2746942,-0.013814632,0.99086976,0.13411275,0
3.0403066,-0.0013377368,-1.2888157,0.9987554,0.020103239,-0.045650244,0
-0.61323571,1.3605068,-2.7774951,-0.047929525,0.13331516,-0.98991424,0
-1.5783861,-1.1551675,0.62499791,0.013814632,-0.99086976,-0.13411275,0
-2.8989272,0.16338959,1.8926255,-0.9987554,-0.020103239,0.045650244,0
-0.85990834,0.16185766,3.0481174,0.047929525,-0.13331516,0.98991424,0
-2.906044,0.44550928,0.70514798,-0.9987554,-0.020103239,0.045650244,0
1.9495583,-0.87133503,-1.542961,0.013814632,-0.99086976,-0.13411275,0
2.9997523,-0.89205968,0.057196379,0.9987554,0.020103239,-0.045650244,0
0.78188944,-1.4284356,2.8359103,0.047929525,-0.13331516,0.98991424,0
-2.9552231,-0.98328751,2.2225938,-0.9987554,-0.020103239,0.045650244,0
0.40961218,-0.03284815,3.0760264,0.047929525,-0.13331516,0.98991424,0
-2.8946557,0.22268856,1.2697644,-0.9987554,-0.020103239,0.045650244,0
2.9007559,-0.1498329,-2.0066729,0.9987554,0.020103239,-0.045650244,0
-2.9736879,-0.16229624,0.51378345,-0.9987554,-0.020103239,0.045650244,0
1.0984476,0.074400865,3.057023,0.047929525,-0.13331516,0.98991424,0
-2.9861617,-0.65841126,0.99537683,-0.9987554,-0.020103239,0.045650244,0
3.0120897,0.25155774,-0.23552918,0.9987554,0.020103239,-0.045650244,0
-0.3959558,0.43009228,3.0705812,0.047929525,-0.13331516,0.98991424,0
-3.0283923,0.2171026,-0.07126689,-0.9987554,-0.020103239,0.045650244,0
-2.3565724,-1.3478142,1.9761437,0.013814632,-0.99086976,-0.13411275,0
-0.54565501,1.0537026,-0.45486283,-0.013814632,0.99086976,0.13411275,0
-0.64491367,0.0058560818,-2.9829845,-0.047929525,0.13331516,-0.98991424,0
2.9490902,0.34057269,0.12915921,0.9987554,0.020103239,-0.045650244,0
1.5678418,0.017477334,-3.0741265,-0.047929525,0.13331516,-0.98991424,0
-2.7567348,1.1740664,-2.8135312,-0.047929525,0.13331516,-0.98991424,0
2.856751,1.3181037,-2.3540833,0.9987554,0.020103239,-0.045650244,0
3.1208417,0.47552401,1.4048336,0.9987554,0.020103239,-0.045650244,0
2.929702,-0.28542542,-1.408991,0.9987554,0.020103239,-0.045650244,0
0.97952318,1.246366,-2.0619256,-0.013814632,0.99086976,0.13411275,0
-0.80327392,-0.55112505,-2.9301915,0.013814632,-0.99086976,-0.13411275,0
2.4435987,0.97238374,-3.0094695,-0.047929525,0.13331516,-0.98991424,0
0.50025082,0.072182268,-3.0824337,-0.047929525,0.13331516,-0.98991424,0
2.9647353,-0.97144181,0.10824037,0.9987554,0.020103239,-0.045650244,0
-2.8305318,1.3396238,-2.0154126,-0.013814632,0.99086976,0.13411275,0
3.0696974,-0.86104578,2.676784,0.9987554,0.020103239,-0.045650244,0
2.6367183,-0.28596413,2.8120341,0.047929525,-0.13331516,0.98991424,0
-3.1283181,0.20298854,-2.4598293,-0.9987554,-0.020103239,0.045650244,0
2.464695,-1.0648755,2.8634973,0.047929525,-0.13331516,0.98991424,0
-1.1437819,-1.2701992,2.4910483,0.013814632,-0.99086976,-0.13411275,0
-1.3108411,0.76860201,1.0806392,-0.013814632,0.99086976,0.13411275,0
-3.0433331,1.2504427,-2.4572368,-0.9987554,-0.020103239,0.045650244,0
2.4202938,-0.66780448,-2.1745486,0.013814632,-0.99086976,-0.13411275,0
0.78725851,1.1096492,-0.48659977,-0.013814632,0.99086976,0.13411275,0
2.9120202,0.43260559,-2.0521226,0.9987554,0.020103239,-0.045650244,0
2.1126699,0.69575512,-2.9413486,-0.047929525,0.13331516,-0.98991424,0
3.0459058,0.85036385,0.57660317,0.9987554,0.020103239,-0.045650244,0
-0.069672585,0.79773629,1.7561365,-0.013814632,0.99086976,0.13411275,0
0.8636778,-1.0339268,-0.1195876,0.013814632,-0.99086976,-0.13411275,0
-2.3621693,-0.56591487,3.0606616,0.047929525,-0.13331516,0.98991424,0
-3.0839643,0.6921128,-0.46901798,-0.9987554,-0.020103239,0.045650244,0
-2.7723627,-0.10508406,2.9784999,-0.9987554,-0.020103239,0.045650244,0
-1.8674334,0.85152155,-2.7485456,-0.047929525,0.13331516,-0.98991424,0
-3.0511155,-0.25977045,-1.4423871,-0.9987554,-0.020103239,0.045650244,0
3.1649938,0.70561123,2.363961,0.9987554,0.020103239,-0.045650244,0
-0.51582658,-0.76708025,-1.4978552,0.013814632,-0.99086976,-0.13411275,0
2.9305658,-0.58093655,-1.5594137,0.9987554,0.020103239,-0.045650244,0
-2.1079426,-0.81486815,3.0607257,0.047929525,-0.13331516,0.98991424,0
1.9098308,1.1141304,-0.65924692,-0.013814632,0.99086976,0.13411275,0
-2.062376,-0.33667293,3.1829481,0.047929525,-0.13331516,0.98991424,0
0.1612699,0.61673009,2.5906966,-0.013814632,0.99086976,0.13411275,0
-3.0456703,1.1672939,-1.1758852,-0.9987554,-0.020103239,0.045650244,0
3.0986805,0.6306783,2.842881,-0.013814632,0.99086976,0.13411275,0
-2.7928531,0.37853393,-2.9295442,-0.047929525,0.13331516,-0.98991424,0
-2.807205,-0.76448309,-2.8370814,0.013814632,-0.99086976,-0.13411275,0
1.9238958,1.0732964,-2.9480293,-0.047929525,0.13331516,-0.98991424,0
2.5175333,-0.28782061,2.8546638,0.047929525,-0.13331516,0.98991424,0
1.4756308,0.96437848,-2.9216499,-0.047929525,0.13331516,-0.98991424,0
2.9048436,0.49288353,-1.9956133,0.9987554,0.020103239,-0.045650244,0
-0.061591744,1.159299,-0.78933078,-0.013814632,0.99086976,0.13411275,0
-0.70267177,-0.23510958,2.9480898,0.047929525,-0.13331516,0.98991424,0
3.198519,-0.43912515,2.7262909,0.047929525,-0.13331516,0.98991424,0
-2.9713368,0.099553466,1.2811617,-0.9987554,-0.020103239,0.045650244,0
-1.6963751,-1.3308517,1.4590628,0.013814632,-0.99086976,-0.13411275,0
0.60334229,-0.87571973,2.9459181,0.047929525,-0.13331516,0.98991424,0
2.2725909,-0.1418902,2.991585,0.047929525,-0.13331516,0.98991424,0
-1.6933045,-0.94276875,-0.60876179,0.013814632,-0.99086976,-0.13411275,0
2.997606,0.11979581,1.3751738,0.9987554,0.020103239,-0.045650244,0
-0.44211054,-1.0711182,0.51468235,0.013814632,-0.99086976,-0.13411275,0
1.0986435,-1.1808304,1.3076856,0.013814632,-0.99086976,-0.13411275,0
2.1640098,-1.1277934,2.8099911,0.047929525,-0.13331516,0.98991424,0
2.6194122,0.92482096,-2.9899614,-0.047929525,0.13331516,-0.98991424,0
1.5326217,-0.6751675,-1.7465529,0.013814632,-0.99086976,-0.13411275,0
2.4361422,0.097261637,-3.1897655,-0.047929525,0.13331516,-0.98991424,0
2.8894234,0.74686247,-0.90150714,0.9987554,0.020103239,-0.045650244,0
-0.81371427,0.82765281,1.4062662,-0.013814632,0.99086976,0.13411275,0
-3.0111425,-0.22178775,-0.81224012,-0.9987554,-0.020103239,0.045650244,0
-0.67977601,1.0394993,0.012407362,-0.013814632,0.99086976,0.13411275,0
3.1601958,0.030147891,2.6610563,0.9987554,0.020103239,-0.045650244,0
-1.0805497,-1.3342246,2.8639259,0.013814632,-0.99086976,-0.13411275,0
-0.44093037,0.63866341,3.0713687,0.047929525,-0.13331516,0.98991424,0
3.087604,0.14602986,1.469425,0.9987554,0.020103239,-0.045650244,0
-2.3315492,-0.032944843,-2.9662251,-0.047929525,0.13331516,-0.98991424,0
-3.0782461,1.0822266,-2.0445466,-0.9987554,-0.020103239,0.045650244,0
1.3404572,0.9665153,0.68890786,-0.013814632,0.99086976,0.13411275,0
0.63796413,-1.1932001,2.1138,0.013814632,-0.99086976,-0.13411275,0
1.3952599,0.80964506,0.93103456,-0.013814632,0.99086976,0.13411275,0
0.032920361,0.79462588,0.95974302,-0.013814632,0.99086976,0.13411275,0
-2.0469737,-0.45419016,-2.9294009,-0.047929525,0.13331516,-0.98991424,0
-2.9310794,-0.46947733,2.9917345,-0.9987554,-0.020103239,0.045650244,0
-1.3166916,-0.70154554,2.9399095,0.047929525,-0.13331516,0.98991424,0
-2.9952967,0.10515471,-0.25518942,-0.9987554,-0.020103239,0.045650244,0
2.867857,-0.021575607,2.8314033,0.047929525,-0.13331516,0.98991424,0
-2.1828005,-1.0289583,0.16237783,0.013814632,-0.99086976,-0.13411275,0
-3.0280921,0.60184783,-0.15946531,-0.9987554,-0.020103239,0.045650244,0
2.0314977,-1.1267149,0.58202577,0.013814632,-0.99086976,-0.13411275,0
2.3573067,-0.97662848,0.019539356,0.013814632,-0.99086976,-0.13411275,0
2.3386955,1.0401109,-3.0291598,-0.047929525,0.13331516,-0.98991424,0
0.23332572,0.84253377,-2.9881837,-0.047929525,0.13331516,-0.98991424,0
1.6735482,0.039619505,-3.0991576,-0.047929525,0.13331516,-0.98991424,0
-0.93632174,-1.1077641,2.8708959,0.047929525,-0.13331516,0.98991424,0
2.5802794,1.2992876,-3.0791306,-0.047929525,0.13331516,-0.98991424,0
-1.3834844,-1.0256841,-0.46470916,0.013814632,-0.99086976,-0.13411275,0
2.8763816,0.40691975,-2.4364343,0.9987554,0.020103239,-0.045650244,0
3.1373503,0.54087764,1.0895526,0.9987554,0.020103239,-0.045650244,0
-2.2621586,1.0922651,-0.88117528,-0.013814632,0.99086976,0.13411275,0
-0.5496555,-0.93552411,-0.51866341,0.013814632,-0.99086976,-0.13411275,0
2.3021874,1.3435721,-1.5857046,-0.013814632,0.99086976,0.13411275,0
-2.8865829,0.57171446,2.090982,-0.9987554,-0.020103239,0.045650244,0
2.9566064,-1.0954738,2.6639283,0.047929525,-0.13331516,0.98991424,0
-0.44312263,-0.74594843,-1.4947748,0.013814632,-0.99086976,-0.13411275,0
-0.16037869,-0.42627007,2.893306,0.047929525,-0.13331516,0.98991424,0
1.7248595,-0.54978663,-3.1239657,-0.047929525,0.13331516,-0.98991424,0
2.6246636,0.89739966,0.43426538,-0.013814632,0.99086976,0.13411275,0
-2.7478518,-1.4227345,2.0481684,0.013814632,-0.99086976,-0.13411275,0
1.0137448,0.39431289,3.1237347,0.047929525,-0.13331516,0.98991424,0
2.5894074,0.89116621,0.83664727,-0.013814632,0.99086976,0.13411275,0
2.5160375,1.1385365,-0.3240757,-0.013814632,0.99086976,0.13411275,0
1.2888693,-1.2963927,2.7121468,0.047929525,-0.13331516,0.98991424,0
2.4791765,-0.81518316,2.7309308,0.047929525,-0.13331516,0.98991424,0
-3.0828571,0.79637575,-1.8128803,-0.9987554,-0.020103239,0.045650244,0
2.5666959,1.1340525,-3.0658724,-0.047929525,0.13331516,-0.98991424,0
-3.058341,0.86790299,-1.1473434,-0.9987554,-0.020103239,0.045650244,0
0.9612813,0.58996284,3.0459533,0.047929525,-0.13331516,0.98991424,0
2.9415908,-0.27645293,-1.3000413,0.9987554,0.020103239,-0.045650244,0
-1.2064072,0.87446201,1.2253417,-0.013814632,0.99086976,0.13411275,0
-2.7800438,0.61076874,-2.7947693,-0.047929525,0.13331516,-0.98991424,0
-2.5208321,-1.2341689,1.9042741,0.013814632,-0.99086976,-0.13411275,0
-2.9812393,-0.87697279,-1.4773173,-0.9987554,-0.020103239,0.045650244,0
0.22151637,-0.78280658,-1.1233034,0.013814632,-0.99086976,-0.13411275,0
-3.1940153,0.18109599,-2.5472507,-0.9987554,-0.020103239,0.045650244,0
1.5356698,-0.055576801,-3.2005935,-0.047929525,0.13331516,-0.98991424,0
-0.65568829,0.059532434,-2.9629741,-0.047929525,0.13331516,-0.98991424,0
2.8077617,1.1977327,-2.9883401,-0.047929525,0.13331516,-0.98991424,0
2.8106086,-0.17604926,-3.2578712,-0.047929525,0.13331516,-0.98991424,0
3.0102322,0.5221616,0.075129509,0.9987554,0.020103239,-0.045650244,0
3.1158769,0.35417244,2.8696566,0.9987554,0.020103239,-0.045650244,0
1.6300405,-0.85573816,2.7464623,0.047929525,-0.13331516,0.98991424,0
-2.7565105,-0.64385724,3.0561182,-0.9987554,-0.020103239,0.045650244,0
-2.0738919,0.78167498,-2.8273766,-0.047929525,0.13331516,-0.98991424,0
1.6435027,0.43437734,-2.975831,-0.047929525,0.13331516,-0.98991424,0
2.8221335,-1.0718284,0.88517427,0.013814632,-0.99086976,-0.13411275,0
-2.0224006,0.55479747,2.4885008,-0.013814632,0.99086976,0.13411275,0
1.532962,-1.1568683,1.1945672,0.013814632,-0.99086976,-0.13411275,0
2.1661904,1.4371563,-3.0013926,-0.047929525,0.13331516,-0.98991424,0
2.6012669,0.45598426,2.889096,0.047929525,-0.13331516,0.98991424,0
-2.8662,1.0117244,-0.81384659,-0.013814632,0.99086976,0.13411275,0
1.5544319,-1.2198579,2.1326048,0.013814632,-0.99086976,-0.13411275,0
-2.5572684,-1.4159797,3.0068965,0.047929525,-0.13331516,0.98991424,0
-3.0191073,-0.34693903,1.647083,-0.9987554,-0.020103239,0.045650244,0
2.1292126,-0.35496777,-3.2212534,-0.047929525,0.13331516,-0.98991424,0
-3.0558529,0.2536945,-1.8197567,-0.9987554,-0.020103239,0.045650244,0
1.5480728,-0.15736625,-3.1857467,-0.047929525,0.13331516,-0.98991424,0
0.27720839,1.1283135,-0.3184284,-0.013814632,0.99086976,0.13411275,0
-0.4293611,0.090212382,-3.0258179,-0.047929525,0.13331516,-0.98991424,0
0.87395692,-1.0559614,-0.050430954,0.013814632,-0.99086976,-0.13411275,0
-0.2860496,0.49793595,-3.0262284,-0.047929525,0.13331516,-0.98991424,0
-0.93137312,-1.1378391,2.9549408,0.047929525,-0.13331516,0.98991424,0
-2.9407191,0.69419849,0.4148047,-0.9987554,-0.020103239,0.045650244,0
-2.3744705,-0.11550114,-2.8532655,-0.047929525,0.13331516,-0.98991424,0
-1.3514434,0.88404024,0.10038996,-0.013814632,0.99086976,0.13411275,0
-2.7947187,0.81133151,0.8498621,-0.013814632,0.99086976,0.13411275,0
2.8203545,-0.34784168,-2.3178823,0.9987554,0.020103239,-0.045650244,0
0.48885942,-1.2311815,2.9231775,0.047929525,-0.13331516,0.98991424,0
2.4580085,-0.96892715,2.6801426,0.047929525,-0.13331516,0.98991424,0
2.8472052,-0.13173431,-2.6521451,0.9987554,0.020103239,-0.045650244,0
-2.782763,0.026898354,2.6711617,-0.9987554,-0.020103239,0.045650244,0
1.8129125,-0.52947783,-2.9791584,0.013814632,-0.99086976,-0.13411275,0
-2.4813602,-0.80470419,-2.4990773,0.013814632,-0.99086976,-0.13411275,0
1.8268096,1.4350576,-2.3737242,-0.013814632,0.99086976,0.13411275,0
-2.711349,0.77175558,-2.6974211,-0.047929525,0.13331516,-0.98991424,0
-0.86741781,-1.1015081,1.1644645,0.013814632,-0.99086976,-0.13411275,0
1.4338474,0.50815678,-3.1072893,-0.047929525,0.13331516,-0.98991424,0
-0.56096935,0.093221813,-3.0905433,-0.047929525,0.13331516,-0.98991424,0
2.8276949,0.13587061,-2.5887561,0.9987554,0.020103239,-0.045650244,0
2.9768496,1.0499833,-0.96331143,0.9987554,0.020103239,-0.045650244,0
2.9201391,1.3421824,-2.9042201,0.9987554,0.020103239,-0.045650244,0
3.1806304,-0.33506083,2.3429427,0.9987554,0.020103239,-0.045650244,0
2.9886701,-0.32894966,-2.3013663,0.9987554,0.020103239,-0.045650244,0
3.0423973,0.76406986,0.16641712,0.9987554,0.020103239,-0.045650244,0
-3.1001778,-0.29063272,-0.26878834,-0.9987554,-0.020103239,0.045650244,0
3.0068488,-1.0759635,1.4537618,0.9987554,0.020103239,-0.045650244,0
2.8919375,-0.56492352,-0.88731527,0.9987554,0.020103239,-0.045650244,0
2.5137975,-0.62643522,-2.3340478,0.013814632,-0.99086976,-0.13411275,0
-3.17557,-0.29181111,-2.3587737,-0.9987554,-0.020103239,0.045650244,0
1.1893344,-0.039453894,-3.098619,-0.047929525,0.13331516,-0.98991424,0
-1.8909532,1.002027,0.42731273,-0.013814632,0.99086976,0.13411275,0
-1.1536735,0.79977155,2.0315142,-0.013814632,0.99086976,0.13411275,0
0.39402008,0.22995776,-3.0897646,-0.047929525,0.13331516,-0.98991424,0
-3.0123186,-0.6335718,-1.1882875,-0.9987554,-0.020103239,0.045650244,0
2.956677,0.85648346,1.4675188,0.9987554,0.020103239,-0.045650244,0
-0.29774666,0.19848388,-3.0558419,-0.047929525,0.13331516,-0.98991424,0
0.17167389,1.1341205,-0.9026565,-0.013814632,0.99086976,0.13411275,0
2.4375553,0.92916059,0.51427317,-0.013814632,0.99086976,0.13411275,0
1.0662448,1.2399971,-2.9297271,-0.047929525,0.13331516,-0.98991424,0
-2.7226253,1.063411,-0.85732126,-0.013814632,0.99086976,0.13411275,0
-1.9111946,-1.2936642,2.9071028,0.047929525,-0.13331516,0.98991424,0
1.7704489,0.86157405,0.78289855,-0.013814632,0.99086976,0.13411275,0
-3.1701956,0.65328115,-1.1979892,-0.9987554,-0.020103239,0.045650244,0
2.4753115,-1.0477065,1.0604386,0.013814632,-0.99086976,-0.13411275,0
-0.96526313,-1.3847331,2.3733501,0.013814632,-0.99086976,-0.13411275,0
1.4978399,-0.37613767,2.9141107,0.047929525,-0.13331516,0.98991424,0
2.966548,0.87904048,1.2095239,0.9987554,0.020103239,-0.045650244,0
2.2681162,0.63625437,3.0208747,0.047929525,-0.13331516,0.98991424,0
3.1963623,0.33641917,2.9548399,0.047929525,-0.13331516,0.98991424,0
2.4479408,-0.63608629,-2.662703,0.013814632,-0.99086976,-0.13411275,0
1.5722227,1.1156387,-1.1315244,-0.013814632,0.99086976,0.13411275,0
-1.4686449,0.81831199,-2.7907736,-0.047929525,0.13331516,-0.98991424,0
-3.1749969,-0.49627641,-2.0514398,-0.9987554,-0.020103239,0.045650244,0
2.5567429,0.0248936,2.8278759,0.047929525,-0.13331516,0.98991424,0
3.1810553,-0.76760709,2.6856744,0.9987554,0.020103239,-0.045650244,0
3.0884142,-0.30775112,1.5050087,0.9987554,0.020103239,-0.045650244,0
-1.0553663,0.66412252,2.2203643,-0.013814632,0.99086976,0.13411275,0
-3.0198121,-0.16292256,-0.98540688,-0.9987554,-0.020103239,0.045650244,0
-0.94286168,-0.74950552,-1.7314932,0.013814632,-0.99086976,-0.13411275,0
-0.3808521,-1.1012967,0.099022195,0.013814632,-0.99086976,-0.13411275,0
2.6456954,-1.1884333,2.8312509,0.047929525,-0.13331516,0.98991424,0
2.6945078,-0.54353446,2.7421994,0.047929525,-0.13331516,0.98991424,0
2.7644212,0.58421743,-3.1320047,-0.047929525,0.13331516,-0.98991424,0
-2.9572947,-0.01079157,1.7813036,-0.9987554,-0.020103239,0.045650244,0
1.7801012,0.70784807,1.905511,-0.013814632,0.99086976,0.13411275,0
2.7259903,1.3835311,-1.8973997,-0.013814632,0.99086976,0.13411275,0
-2.1755664,-0.44685683,2.9993815,0.047929525,-0.13331516,0.98991424,0
-2.7338388,0.16411477,3.258327,0.047929525,-0.13331516,0.98991424,0
-2.4049091,0.36888677,3.1723077,0.047929525,-0.13331516,0.98991424,0
3.0026834,0.75891125,-1.5768882,0.9987554,0.020103239,-0.045650244,0
1.4700291,0.57712364,-3.0419335,-0.047929525,0.13331516,-0.98991424,0
-2.0712013,1.0729128,-0.64309001,-0.013814632,0.99086976,0.13411275,0
-0.60168535,1.2080845,-1.0427493,-0.013814632,0.99086976,0.13411275,0
