-1.4963596,3.4959357,-0.52997231,-0.12931585,0.55486387,-0.82182944,0
1.875428,-3.2192514,0.53793204,0.12931585,-0.55486387,0.82182944,0
0.54199386,1.652351,-1.459769,0.94773334,0.31294966,0.062163204,0
0.11703467,-3.1841099,-2.9766669,-0.94773334,-0.31294966,-0.062163204,0
0.07743454,-3.29287,-1.014293,-0.94773334,-0.31294966,-0.062163204,0
0.46944118,-4.1413794,-0.80804896,-0.94773334,-0.31294966,-0.062163204,0
-1.0583764,0.31257296,-1.1406114,-0.94773334,-0.31294966,-0.062163204,0
-1.6481018,1.6828328,4.4349723,0.12931585,-0.55486387,0.82182944,0
0.78025699,0.97008455,-2.2205362,0.94773334,0.31294966,0.062163204,0
-1.373769,2.749321,3.3794391,-0.29168329,0.77083647,0.5663321,0
1.6506778,-3.0550008,-2.9944129,0.29168329,-0.77083647,-0.5663321,0
1.0014541,-4.5051575,-0.13922691,0.12931585,-0.55486387,0.82182944,0
1.5886974,-3.1787241,-2.808013,0.29168329,-0.77083647,-0.5663321,0
1.3173501,-0.89276028,1.0241737,0.94773334,0.31294966,0.062163204,0
-0.38434076,3.1543889,-0.84774387,-0.12931585,0.55486387,-0.82182944,0
1.3485088,-0.34032983,-1.9537194,0.94773334,0.31294966,0.062163204,0
1.3105562,-1.1676228,-4.0116153,-0.12931585,0.55486387,-0.82182944,0
1.8635287,-2.5823796,0.60550535,0.94773334,0.31294966,0.062163204,0
-1.5185981,4.133553,1.6680117,-0.29168329,0.77083647,0.5663321,0
0.1824398,-3.685328,-1.1984046,-0.94773334,-0.31294966,-0.062163204,0
0.11466312,-3.1568384,-1.6588829,-0.94773334,-0.31294966,-0.062163204,0
-1.4773195,4.0913672,1.4933681,-0.29168329,0.77083647,0.5663321,0
-1.0782318,5.0674005,0.58182573,-0.29168329,0.77083647,0.5663321,0
-0.38079691,-1.6343126,1.9731022,0.12931585,-0.55486387,0.82182944,0
-0.86732173,4.1372046,2.0201232,-0.29168329,0.77083647,0.5663321,0
-0.81958902,-0.053855658,-2.5108085,-0.94773334,-0.31294966,-0.062163204,0
-1.273953,0.86743915,-1.7015152,-0.94773334,-0.31294966,-0.062163204,0
0.7352072,0.29756713,2.0618484,0.94773334,0.31294966,0.062163204,0
-0.066173315,3.4627891,-0.61069369,0.94773334,0.31294966,0.062163204,0
-0.61065722,-1.7446433,1.5625625,-0.94773334,-0.31294966,-0.062163204,0
-1.1798072,3.9213605,2.0394824,-0.29168329,0.77083647,0.5663321,0
1.1315942,-0.35617721,1.5718241,0.94773334,0.31294966,0.062163204,0
1.48778,-3.7949405,-2.0728011,0.29168329,-0.77083647,-0.5663321,0
-0.69899631,-0.16176748,-2.9387612,-0.12931585,0.55486387,-0.82182944,0
-1.9678117,2.0298781,4.2036548,-0.29168329,0.77083647,0.5663321,0
-0.64139014,3.2703314,3.3126421,-0.29168329,0.77083647,0.5663321,0
2.4343135,-4.5769768,-0.5293169,0.29168329,-0.77083647,-0.5663321,0
0.5107739,0.22427416,2.9989238,0.12931585,-0.55486387,0.82182944,0
-0.95045817,0.43676817,-2.23157,-0.94773334,-0.31294966,-0.062163204,0
1.7758509,-1.3140929,-3.6995032,0.94773334,0.31294966,0.062163204,0
1.9796381,-3.2658548,0.57838142,0.12931585,-0.55486387,0.82182944,0
-1.6387901,4.8621254,0.57954669,-0.29168329,0.77083647,0.5663321,0
0.3035779,-2.8177524,-3.9547515,0.29168329,-0.77083647,-0.5663321,0
1.3419046,-1.2859445,1.3698121,0.94773334,0.31294966,0.062163204,0
0.46684289,0.59692204,-2.6617088,-0.12931585,0.55486387,-0.82182944,0
0.18894458,2.863919,0.14130783,0.94773334,0.31294966,0.062163204,0
0.57256413,-4.424252,-1.7144961,0.29168329,-0.77083647,-0.5663321,0
1.9284136,-4.0053582,0.15583444,0.12931585,-0.55486387,0.82182944,0
0.43884397,-4.1726446,-1.7861083,-0.94773334,-0.31294966,-0.062163204,0
-2.4652405,3.6474299,1.5322533,-0.94773334,-0.31294966,-0.062163204,0
1.5545228,-4.5121918,-0.97437167,0.29168329,-0.77083647,-0.5663321,0
0.74994159,-4.3593545,-1.6421163,0.29168329,-0.77083647,-0.5663321,0
-0.57044876,-0.48927131,2.8186541,0.12931585,-0.55486387,0.82182944,0
-0.68193972,-1.1171496,1.0006531,-0.94773334,-0.31294966,-0.062163204,0
-0.8770473,2.6695464,-0.99544489,-0.12931585,0.55486387,-0.82182944,0
-2.0960619,3.7339683,1.7076519,-0.29168329,0.77083647,0.5663321,0
-0.59775925,-1.1911111,2.27772,0.12931585,-0.55486387,0.82182944,0
-1.2452242,4.4881682,0.10184741,-0.12931585,0.55486387,-0.82182944,0
0.18126149,1.9530556,3.6288517,0.94773334,0.31294966,0.062163204,0
-0.08836031,-0.57675731,2.7474618,0.12931585,-0.55486387,0.82182944,0
-0.3945539,2.228214,-1.5188837,-0.12931585,0.55486387,-0.82182944,0
1.2856326,-0.42122984,-0.50787759,0.94773334,0.31294966,0.062163204,0
0.90536451,-3.868861,-2.1939423,0.29168329,-0.77083647,-0.5663321,0
0.31871068,-0.14782882,2.9620919,0.12931585,-0.55486387,0.82182944,0
-1.4253215,2.6193874,3.5638158,-0.29168329,0.77083647,0.5663321,0
0.68459129,0.49675965,1.7738196,0.94773334,0.31294966,0.062163204,0
-2.0528653,4.2733364,0.89874339,-0.29168329,0.77083647,0.5663321,0
-0.9734143,2.5253024,4.0606904,-0.29168329,0.77083647,0.5663321,0
0.032846749,1.7347208,4.1669044,0.12931585,-0.55486387,0.82182944,0
-1.4862263,3.9329042,-0.14386082,-0.12931585,0.55486387,-0.82182944,0
0.98003888,-0.11408353,1.0125471,0.94773334,0.31294966,0.062163204,0
-0.6598075,-1.1791058,-1.1873639,-0.94773334,-0.31294966,-0.062163204,0
0.44249952,-3.6464157,-2.6882818,0.29168329,-0.77083647,-0.5663321,0
-1.2905502,0.26745299,3.4476309,0.12931585,-0.55486387,0.82182944,0
0.92346525,-3.8445864,-2.3467515,0.29168329,-0.77083647,-0.5663321,0
0.82038379,0.50874537,-0.51197749,0.94773334,0.31294966,0.062163204,0
0.74905246,-3.2585244,-3.0769784,0.29168329,-0.77083647,-0.5663321,0
2.0429533,-3.3431478,-2.4843583,0.29168329,-0.77083647,-0.5663321,0
-0.65892792,4.7875805,1.1503992,-0.29168329,0.77083647,0.5663321,0
0.2620151,-3.5674617,-1.3895168,-0.94773334,-0.31294966,-0.062163204,0
0.18800116,-0.85196203,2.5210578,0.12931585,-0.55486387,0.82182944,0
1.7771202,-2.2295947,-1.2717763,0.94773334,0.31294966,0.062163204,0
0.525841,1.2160249,2.1186805,0.94773334,0.31294966,0.062163204,0
-2.0339715,2.0757437,2.8728414,-0.94773334,-0.31294966,-0.062163204,0
-0.87074232,1.456449,-2.0080216,-0.12931585,0.55486387,-0.82182944,0
1.5383627,-2.1752982,-4.1855617,0.29168329,-0.77083647,-0.5663321,0
-0.22106481,3.2612965,2.7367544,0.94773334,0.31294966,0.062163204,0
0.030103207,-2.9377699,-1.2257086,-0.94773334,-0.31294966,-0.062163204,0
-2.0829444,2.8852217,3.1009979,-0.29168329,0.77083647,0.5663321,0
0.29667377,0.37172711,3.1685033,0.12931585,-0.55486387,0.82182944,0
0.33920944,-2.4079044,-4.3402362,0.29168329,-0.77083647,-0.5663321,0
-0.46339142,-1.7844367,0.24229324,-0.94773334,-0.31294966,-0.062163204,0
-0.81978083,-0.56738615,-1.9384382,-0.94773334,-0.31294966,-0.062163204,0
-0.12552175,2.4639452,4.5428295,-0.29168329,0.77083647,0.5663321,0
-1.8102493,3.2566032,2.7166176,-0.29168329,0.77083647,0.5663321,0
-2.1742353,4.2748933,0.8765409,-0.29168329,0.77083647,0.5663321,0
1.3411731,-1.0712652,0.81117737,0.94773334,0.31294966,0.062163204,0
0.50984669,1.9392489,-0.79021466,0.94773334,0.31294966,0.062163204,0
1.3641609,-3.8060985,-1.9987662,0.29168329,-0.77083647,-0.5663321,0
2.0557008,-3.8672583,-1.6544495,0.29168329,-0.77083647,-0.5663321,0
1.7496275,-3.1503196,-2.9038329,0.29168329,-0.77083647,-0.5663321,0
-0.85187078,3.5597413,2.7870753,-0.29168329,0.77083647,0.5663321,0
0.14249539,3.2099152,-0.90293324,0.94773334,0.31294966,0.062163204,0
-0.694049,0.20592511,-2.8737824,-0.12931585,0.55486387,-0.82182944,0
2.4918363,-4.1568203,-0.83745456,0.29168329,-0.77083647,-0.5663321,0
-0.089663982,1.7830508,-1.7895453,-0.12931585,0.55486387,-0.82182944,0
1.3795744,-1.5581942,-4.3664684,-0.12931585,0.55486387,-0.82182944,0
1.4765658,-2.4235187,-3.9337373,0.29168329,-0.77083647,-0.5663321,0
-1.2019482,5.0327711,0.63390231,-0.29168329,0.77083647,0.5663321,0
2.1677215,-3.3722174,-1.4840621,0.94773334,0.31294966,0.062163204,0
0.08518362,3.0681062,-1.0770878,-0.12931585,0.55486387,-0.82182944,0
0.69870329,-4.2388678,0.064502001,0.12931585,-0.55486387,0.82182944,0
1.0101547,-0.21270359,2.018687,0.94773334,0.31294966,0.062163204,0
0.68394542,-3.3695912,0.61019731,0.12931585,-0.55486387,0.82182944,0
-0.23766744,0.35944903,-2.8101945,-0.12931585,0.55486387,-0.82182944,0
1.6734043,-3.5865119,-2.1180072,0.29168329,-0.77083647,-0.5663321,0
-1.219712,0.81107163,-0.85268271,-0.94773334,-0.31294966,-0.062163204,0
0.027484179,-3.1712208,0.42764521,-0.94773334,-0.31294966,-0.062163204,0
-1.1641202,4.0651751,1.8861635,-0.29168329,0.77083647,0.5663321,0
1.7731266,-4.7086096,-0.64097333,0.29168329,-0.77083647,-0.5663321,0
-2.1135378,3.9083574,1.4070418,-0.29168329,0.77083647,0.5663321,0
-1.8218791,2.0577848,4.0860386,-0.29168329,0.77083647,0.5663321,0
-0.66256303,2.9949636,3.5114608,-0.29168329,0.77083647,0.5663321,0
0.49317676,-1.3102491,-3.9673288,-0.12931585,0.55486387,-0.82182944,0
-0.21664596,-1.518288,2.0632107,0.12931585,-0.55486387,0.82182944,0
-2.5716245,4.5426459,0.42098236,-0.29168329,0.77083647,0.5663321,0
-1.1494434,2.0634415,4.4934978,-0.29168329,0.77083647,0.5663321,0
0.91645563,-0.11057901,2.9021382,0.12931585,-0.55486387,0.82182944,0
1.2302749,-4.0228434,-1.7468925,0.29168329,-0.77083647,-0.5663321,0
1.2390978,-2.9066806,-3.4511714,0.29168329,-0.77083647,-0.5663321,0
1.8449411,-3.0418267,0.58390391,0.12931585,-0.55486387,0.82182944,0
0.51162624,-3.0763321,-3.3886609,0.29168329,-0.77083647,-0.5663321,0
-0.89339757,3.6258698,-0.56120181,-0.12931585,0.55486387,-0.82182944,0
1.5991385,-4.4275656,-1.2446499,0.29168329,-0.77083647,-0.5663321,0
-0.5420804,3.61379,-0.57800651,-0.12931585,0.55486387,-0.82182944,0
-1.8138001,1.7156541,4.564158,0.12931585,-0.55486387,0.82182944,0
1.5034349,-3.8879261,-1.7308245,0.29168329,-0.77083647,-0.5663321,0
-0.97862065,3.8311119,2.3455486,-0.29168329,0.77083647,0.5663321,0
2.2109089,-3.3644631,-1.9611757,0.94773334,0.31294966,0.062163204,0
1.3625343,-1.2368139,-4.1899667,-0.12931585,0.55486387,-0.82182944,0
-0.35785675,4.4208636,0.77584219,0.94773334,0.31294966,0.062163204,0
-0.34995112,2.3841238,4.4737816,-0.29168329,0.77083647,0.5663321,0
-2.0536642,2.9391382,1.8046688,-0.94773334,-0.31294966,-0.062163204,0
-2.1483326,3.7470908,1.8272221,-0.29168329,0.77083647,0.5663321,0
-1.4242053,1.0747883,4.0721292,0.12931585,-0.55486387,0.82182944,0
-1.6228468,3.6422505,2.2144156,-0.29168329,0.77083647,0.5663321,0
-1.3748322,2.0357995,4.5204458,-0.29168329,0.77083647,0.5663321,0
1.0701677,-0.21357737,-3.3173375,-0.12931585,0.55486387,-0.82182944,0
-0.46787643,4.0157471,2.3114228,0.94773334,0.31294966,0.062163204,0
0.46901906,1.6174998,-0.67897356,0.94773334,0.31294966,0.062163204,0
-0.11974192,1.9037137,4.2987013,0.12931585,-0.55486387,0.82182944,0
1.7501457,-4.2470808,-1.2551174,0.29168329,-0.77083647,-0.5663321,0
-1.3725238,1.2820011,-0.047959745,-0.94773334,-0.31294966,-0.062163204,0
-0.66936707,-0.43928298,2.8975253,0.12931585,-0.55486387,0.82182944,0
0.00078868866,-1.116394,-3.8254745,-0.12931585,0.55486387,-0.82182944,0
0.80953872,0.082083553,-3.2126126,-0.12931585,0.55486387,-0.82182944,0
1.0602016,-4.4178882,-1.5609825,0.29168329,-0.77083647,-0.5663321,0
0.82489598,0.44695294,2.6175652,0.94773334,0.31294966,0.062163204,0
-1.278628,3.2290511,3.043726,-0.29168329,0.77083647,0.5663321,0
-1.4334638,3.0836952,-0.65492761,-0.12931585,0.55486387,-0.82182944,0
1.9057162,-4.3864255,-0.23890448,0.12931585,-0.55486387,0.82182944,0
0.078188777,-2.8243518,-1.9609896,-0.94773334,-0.31294966,-0.062163204,0
-0.11968398,1.8669976,-1.7775469,-0.12931585,0.55486387,-0.82182944,0
2.3822708,-3.9920073,-0.99461555,0.94773334,0.31294966,0.062163204,0
-0.12520146,-1.9650446,1.7537565,0.12931585,-0.55486387,0.82182944,0
2.0858884,-3.1574764,-0.86154079,0.94773334,0.31294966,0.062163204,0
-0.29114723,3.8746157,-0.060143471,0.94773334,0.31294966,0.062163204,0
1.5219932,-2.736455,-3.4246507,0.29168329,-0.77083647,-0.5663321,0
-1.3960087,1.0179869,0.82825541,-0.94773334,-0.31294966,-0.062163204,0
-0.43335283,-1.146978,-3.221333,-0.94773334,-0.31294966,-0.062163204,0
1.0381815,-0.05965519,-0.97451025,0.94773334,0.31294966,0.062163204,0
1.9882647,-2.8001866,-0.37625158,0.94773334,0.31294966,0.062163204,0
-0.8163712,3.0451832,-0.87105811,-0.12931585,0.55486387,-0.82182944,0
-1.3864014,0.995188,-0.98638439,-0.94773334,-0.31294966,-0.062163204,0
0.2369808,2.118233,1.1091897,0.94773334,0.31294966,0.062163204,0
-1.9431129,3.7792721,1.879606,-0.29168329,0.77083647,0.5663321,0
0.051148076,2.3772054,3.6676939,0.94773334,0.31294966,0.062163204,0
-1.5872478,4.229907,0.13854027,-0.12931585,0.55486387,-0.82182944,0
1.5453815,-4.0893435,-1.6462362,0.29168329,-0.77083647,-0.5663321,0
-1.8212045,1.6213768,2.8010163,-0.94773334,-0.31294966,-0.062163204,0
0.65754032,-0.20228827,-3.2108293,-0.12931585,0.55486387,-0.82182944,0
1.0312562,-3.5467284,0.39697957,0.12931585,-0.55486387,0.82182944,0
1.8689194,-3.3889167,-2.4142742,0.29168329,-0.77083647,-0.5663321,0
0.7447446,-2.4473977,-4.1659303,0.29168329,-0.77083647,-0.5663321,0
-0.15406376,2.9213698,3.2683053,0.94773334,0.31294966,0.062163204,0
2.3903923,-4.5145888,-0.39594746,0.12931585,-0.55486387,0.82182944,0
-0.073252857,2.9705031,3.5228448,0.94773334,0.31294966,0.062163204,0
0.39097738,-1.5758262,1.9038361,0.12931585,-0.55486387,0.82182944,0
0.40124446,-1.8646464,-4.3812442,-0.12931585,0.55486387,-0.82182944,0
2.3494005,-4.5870581,-0.35461497,0.12931585,-0.55486387,0.82182944,0
-0.18277812,3.3823915,-0.82823718,-0.12931585,0.55486387,-0.82182944,0
1.789741,-4.2332687,-1.2934937,0.29168329,-0.77083647,-0.5663321,0
-1.0886002,4.2065401,-0.083740234,-0.12931585,0.55486387,-0.82182944,0
1.2830051,-2.4909582,-3.8324447,0.29168329,-0.77083647,-0.5663321,0
-1.7935154,1.873877,0.72429729,-0.94773334,-0.31294966,-0.062163204,0
-1.6852882,3.9435019,1.6200559,-0.29168329,0.77083647,0.5663321,0
-1.0121555,0.48854434,-1.98789,-0.94773334,-0.31294966,-0.062163204,0
-1.6463273,3.0712366,2.9607141,-0.29168329,0.77083647,0.5663321,0
-1.1604457,0.54729843,-2.4211054,-0.94773334,-0.31294966,-0.062163204,0
-1.1198671,3.5642786,2.4367883,-0.29168329,0.77083647,0.5663321,0
2.2576199,-3.1929357,-2.3262861,0.94773334,0.31294966,0.062163204,0
0.8072685,1.0604284,-0.12053674,0.94773334,0.31294966,0.062163204,0
1.7801129,-1.5456493,-3.5970206,0.94773334,0.31294966,0.062163204,0
1.6082548,-2.0629973,-4.4617748,0.29168329,-0.77083647,-0.5663321,0
0.58855093,-0.4336518,2.6494431,0.12931585,-0.55486387,0.82182944,0
-0.70590216,2.8715,3.7727318,-0.29168329,0.77083647,0.5663321,0
0.45742464,1.0212996,-2.5458226,-0.12931585,0.55486387,-0.82182944,0
1.1908035,0.25975206,-1.9723419,0.94773334,0.31294966,0.062163204,0
0.27770978,-2.5092378,-4.3255444,0.29168329,-0.77083647,-0.5663321,0
-2.0136979,2.7677133,3.0794067,-0.29168329,0.77083647,0.5663321,0
0.7807703,0.96575695,-0.59275234,0.94773334,0.31294966,0.062163204,0
-0.88080549,-0.29678226,-2.5097351,-0.94773334,-0.31294966,-0.062163204,0
-0.43036962,1.0642564,-2.3499904,-0.12931585,0.55486387,-0.82182944,0
-0.80552089,-0.81982684,0.12581772,-0.94773334,-0.31294966,-0.062163204,0
0.93825245,-4.7365451,-0.26061225,0.12931585,-0.55486387,0.82182944,0
1.0151949,0.062242031,1.4996378,0.94773334,0.31294966,0.062163204,0
-2.4801812,4.0167155,1.3382797,-0.29168329,0.77083647,0.5663321,0
-0.88728261,-0.45216763,0.4207277,-0.94773334,-0.31294966,-0.062163204,0
1.5752985,-1.9552754,0.69426805,0.94773334,0.31294966,0.062163204,0
0.60993314,0.92812371,1.6728678,0.94773334,0.31294966,0.062163204,0
-0.044739008,1.9035804,-1.8573738,-0.12931585,0.55486387,-0.82182944,0
1.2526352,-2.6988497,-3.6942973,0.29168329,-0.77083647,-0.5663321,0
-1.8246233,3.9005711,1.8685119,-0.29168329,0.77083647,0.5663321,0
-0.69244742,4.308424,1.8958769,-0.29168329,0.77083647,0.5663321,0
-0.37482858,-0.17599165,-3.0139344,-0.12931585,0.55486387,-0.82182944,0
-0.91501355,4.1201944,1.9305859,-0.29168329,0.77083647,0.5663321,0
1.3619864,-3.2060585,-2.7631216,0.29168329,-0.77083647,-0.5663321,0
-1.3255527,3.1667569,3.1050024,-0.29168329,0.77083647,0.5663321,0
0.97802424,-0.35270929,2.5840168,0.94773334,0.31294966,0.062163204,0
1.0244513,-4.8766923,-0.91729045,0.29168329,-0.77083647,-0.5663321,0
-0.67172539,0.28189456,3.3026934,0.12931585,-0.55486387,0.82182944,0
-1.0120556,4.4856853,0.081449032,-0.12931585,0.55486387,-0.82182944,0
-1.2565812,0.8285538,3.8944077,0.12931585,-0.55486387,0.82182944,0
0.3148396,2.5428784,-1.4113798,-0.12931585,0.55486387,-0.82182944,0
1.617856,-3.5886064,-2.212388,0.29168329,-0.77083647,-0.5663321,0
-0.75200123,3.213686,3.3043404,-0.29168329,0.77083647,0.5663321,0
0.23383904,-3.392549,-1.2024705,-0.94773334,-0.31294966,-0.062163204,0
0.42726207,-2.7652733,0.99758494,0.12931585,-0.55486387,0.82182944,0
1.5720868,-2.4695377,-3.7771397,0.29168329,-0.77083647,-0.5663321,0
-1.9168222,2.2600262,3.9992535,-0.29168329,0.77083647,0.5663321,0
0.088644981,-3.3893065,-0.7263341,-0.94773334,-0.31294966,-0.062163204,0
-0.81913465,-1.1023737,0.48726606,-0.94773334,-0.31294966,-0.062163204,0
2.0087132,-3.0553517,0.71512043,0.12931585,-0.55486387,0.82182944,0
0.65315509,-3.5089664,-2.9125979,0.29168329,-0.77083647,-0.5663321,0
0.52124977,0.84113389,-2.4824319,-0.12931585,0.55486387,-0.82182944,0
-0.21796775,-2.6877122,0.21420705,-0.94773334,-0.31294966,-0.062163204,0
-1.0677958,5.0201735,0.44516206,-0.29168329,0.77083647,0.5663321,0
1.8703876,-3.5632865,-2.2292964,0.29168329,-0.77083647,-0.5663321,0
0.4620018,1.5754659,2.6644669,0.94773334,0.31294966,0.062163204,0
-1.5260051,2.7515879,3.444808,-0.29168329,0.77083647,0.5663321,0
-1.703993,1.5798129,1.2341597,-0.94773334,-0.31294966,-0.062163204,0
0.55817223,1.2767596,-2.2572298,-0.12931585,0.55486387,-0.82182944,0
-0.31398916,-2.4231606,-0.0029189587,-0.94773334,-0.31294966,-0.062163204,0
-0.75285637,3.1240258,3.2241061,-0.29168329,0.77083647,0.5663321,0
0.61396003,-0.90833926,2.4369009,0.12931585,-0.55486387,0.82182944,0
-0.38052988,1.9671729,-1.6354998,-0.12931585,0.55486387,-0.82182944,0
-1.3582442,4.8734736,0.52412009,-0.29168329,0.77083647,0.5663321,0
1.5692124,-4.6886687,-0.8425355,0.29168329,-0.77083647,-0.5663321,0
-1.5229973,1.5460105,-1.7600403,-0.94773334,-0.31294966,-0.062163204,0
1.0347282,-0.087560296,1.4030025,0.94773334,0.31294966,0.062163204,0
0.14695644,-3.4107232,0.77496469,0.12931585,-0.55486387,0.82182944,0
2.0735211,-4.5670819,-0.47213078,0.12931585,-0.55486387,0.82182944,0
-1.1783702,0.70193505,-0.87796593,-0.94773334,-0.31294966,-0.062163204,0
-1.0128584,0.12669146,-1.5150309,-0.94773334,-0.31294966,-0.062163204,0
-1.404532,3.8332951,2.1192946,-0.29168329,0.77083647,0.5663321,0
-1.1015501,0.22399612,3.3920436,0.12931585,-0.55486387,0.82182944,0
1.0206826,0.27340066,-1.3678184,0.94773334,0.31294966,0.062163204,0
0.21087337,2.6234899,-0.30063808,0.94773334,0.31294966,0.062163204,0
-0.80430794,3.0302424,-0.83313394,-0.12931585,0.55486387,-0.82182944,0
0.38076508,-3.5537629,-3.0289781,0.29168329,-0.77083647,-0.5663321,0
2.3718727,-3.958308,-0.070365191,0.12931585,-0.55486387,0.82182944,0
-1.5085039,1.8311369,4.5592585,0.12931585,-0.55486387,0.82182944,0
-1.0981045,2.558327,4.0665302,-0.29168329,0.77083647,0.5663321,0
-0.63080913,-1.3636713,-0.59324169,-0.94773334,-0.31294966,-0.062163204,0
-1.2222142,3.956599,-0.2706008,-0.12931585,0.55486387,-0.82182944,0
-1.141814,2.8716183,-0.83469188,-0.12931585,0.55486387,-0.82182944,0
-0.5494017,1.8001108,4.3726001,0.12931585,-0.55486387,0.82182944,0
-0.71224964,-0.1109457,-3.0095251,-0.12931585,0.55486387,-0.82182944,0
1.2474798,-0.12650144,-1.976881,0.94773334,0.31294966,0.062163204,0
0.85175091,0.57851064,1.0675383,0.94773334,0.31294966,0.062163204,0
-0.1459465,1.1588104,3.8611078,0.12931585,-0.55486387,0.82182944,0
-1.5897777,4.2432842,1.2563541,-0.29168329,0.77083647,0.5663321,0
2.1687541,-4.1709132,-1.3260281,0.29168329,-0.77083647,-0.5663321,0
-1.5514252,2.5044582,3.6220376,-0.29168329,0.77083647,0.5663321,0
0.19129825,1.8092996,-1.9690542,-0.12931585,0.55486387,-0.82182944,0
1.9887943,-1.9437932,-3.9357018,0.94773334,0.31294966,0.062163204,0
-0.5348618,-0.91352057,-3.2158568,-0.94773334,-0.31294966,-0.062163204,0
-1.0564901,-0.21485531,1.9502392,-0.94773334,-0.31294966,-0.062163204,0
0.89690083,0.11341488,2.1372042,0.94773334,0.31294966,0.062163204,0
-1.4106555,1.3536426,4.1191401,0.12931585,-0.55486387,0.82182944,0
1.9932214,-1.7767198,-4.5507002,0.29168329,-0.77083647,-0.5663321,0
0.50319123,-0.018624604,-3.0566773,-0.12931585,0.55486387,-0.82182944,0
-0.67350936,1.6295023,4.3093143,0.12931585,-0.55486387,0.82182944,0
-0.031868935,-2.8035238,1.2182225,0.12931585,-0.55486387,0.82182944,0
1.3160582,-4.2389421,-1.5594163,0.29168329,-0.77083647,-0.5663321,0
-0.54036003,-1.7149349,-0.74691689,-0.94773334,-0.31294966,-0.062163204,0
-1.0882204,0.20005861,3.3091865,0.12931585,-0.55486387,0.82182944,0
0.84340805,0.54839087,-1.0137756,0.94773334,0.31294966,0.062163204,0
1.9414539,-3.0236712,-2.961921,0.29168329,-0.77083647,-0.5663321,0
-0.49182987,0.20258451,-2.739553,-0.12931585,0.55486387,-0.82182944,0
-1.4674847,3.4995534,-0.51905823,-0.12931585,0.55486387,-0.82182944,0
0.63676745,0.55126131,2.9538202,0.94773334,0.31294966,0.062163204,0
-0.7429657,-1.2474004,1.6535982,-0.94773334,-0.31294966,-0.062163204,0
0.44652748,-4.6157894,-0.19994426,0.12931585,-0.55486387,0.82182944,0
0.016795874,-0.27272284,2.923547,0.12931585,-0.55486387,0.82182944,0
-1.9531727,1.8838124,4.4200659,-0.29168329,0.77083647,0.5663321,0
0.73989117,0.095317125,2.8492422,0.94773334,0.31294966,0.062163204,0
-1.1938787,0.85703719,-1.966319,-0.94773334,-0.31294966,-0.062163204,0
0.016248167,1.8644347,4.2391462,0.12931585,-0.55486387,0.82182944,0
0.81047034,-3.5750027,0.54955649,0.12931585,-0.55486387,0.82182944,0
0.72795987,-3.9132161,-2.1962745,0.29168329,-0.77083647,-0.5663321,0
-0.94412994,-0.60681927,2.6920938,0.12931585,-0.55486387,0.82182944,0
-1.4755362,3.4062374,2.7240815,-0.29168329,0.77083647,0.5663321,0
1.9347358,-4.4169226,-0.26135516,0.12931585,-0.55486387,0.82182944,0
0.23080206,-2.0097413,1.6427478,0.12931585,-0.55486387,0.82182944,0
-1.6509597,3.6474967,2.1140153,-0.29168329,0.77083647,0.5663321,0
1.4000921,-0.86773348,-0.09283638,0.94773334,0.31294966,0.062163204,0
-1.4836423,3.3369591,2.5632601,-0.29168329,0.77083647,0.5663321,0
0.88621074,-2.5356545,-3.9755383,0.29168329,-0.77083647,-0.5663321,0
1.423151,-2.6868081,-3.5967312,0.29168329,-0.77083647,-0.5663321,0
-0.42606974,3.9276748,2.2706866,-0.29168329,0.77083647,0.5663321,0
-0.42193294,2.0209644,-1.6361761,-0.12931585,0.55486387,-0.82182944,0
-0.33480549,-0.080163479,-3.0205719,-0.12931585,0.55486387,-0.82182944,0
-0.6880244,0.16686773,-2.7719765,-0.12931585,0.55486387,-0.82182944,0
-0.45634818,-1.501404,2.1350262,0.12931585,-0.55486387,0.82182944,0
1.4389694,-2.6513734,-3.7686105,0.29168329,-0.77083647,-0.5663321,0
-1.2867818,4.2297268,1.4227335,-0.29168329,0.77083647,0.5663321,0
-0.29233459,2.2119131,4.5451326,0.12931585,-0.55486387,0.82182944,0
2.0003369,-3.9795938,-1.4317737,0.29168329,-0.77083647,-0.5663321,0
1.1324558,-3.4916029,-2.7010212,0.29168329,-0.77083647,-0.5663321,0
1.3797798,-4.7126784,-0.46120691,0.12931585,-0.55486387,0.82182944,0
1.0974097,-2.3842022,1.2946019,0.12931585,-0.55486387,0.82182944,0
-1.7904001,2.1827521,4.0197563,-0.29168329,0.77083647,0.5663321,0
0.31730413,2.4526525,-0.93632555,0.94773334,0.31294966,0.062163204,0
0.25607014,2.364898,0.15879345,0.94773334,0.31294966,0.062163204,0
-0.39280123,2.6564569,4.1421318,-0.29168329,0.77083647,0.5663321,0
-2.077055,3.3594642,-0.44963598,-0.12931585,0.55486387,-0.82182944,0
-1.8249335,2.4441168,-0.44123435,-0.94773334,-0.31294966,-0.062163204,0
1.5114328,-3.8573325,-1.7763622,0.29168329,-0.77083647,-0.5663321,0
-1.3664558,2.4973798,3.7269199,-0.29168329,0.77083647,0.5663321,0
0.85220385,0.15380371,-3.1402087,-0.12931585,0.55486387,-0.82182944,0
-0.017055511,-2.8537121,1.2046307,0.12931585,-0.55486387,0.82182944,0
1.0443048,-3.177351,-3.2454422,0.29168329,-0.77083647,-0.5663321,0
0.55750561,0.79629171,-2.5831285,-0.12931585,0.55486387,-0.82182944,0
-0.57782555,4.2396612,1.9110661,-0.29168329,0.77083647,0.5663321,0
0.23493075,0.44487786,3.3151529,0.12931585,-0.55486387,0.82182944,0
1.5558456,-3.7882938,-1.8655484,0.29168329,-0.77083647,-0.5663321,0
1.066143,-0.40502799,1.0274429,0.94773334,0.31294966,0.062163204,0
-0.0094714165,-1.9052463,1.6835777,0.12931585,-0.55486387,0.82182944,0
1.0817543,0.017951667,-0.81193584,0.94773334,0.31294966,0.062163204,0
-0.40480387,0.27524841,-2.9105401,-0.12931585,0.55486387,-0.82182944,0
-0.03307128,3.5007262,-0.76755524,-0.12931585,0.55486387,-0.82182944,0
-1.2031789,1.2316644,-1.9569793,-0.12931585,0.55486387,-0.82182944,0
1.9610822,-2.4719357,-3.6404252,0.29168329,-0.77083647,-0.5663321,0
0.039962336,2.1655757,3.520153,0.94773334,0.31294966,0.062163204,0
1.816417,-2.6807656,0.93414021,0.12931585,-0.55486387,0.82182944,0
0.19834328,-1.1924677,2.1558886,0.12931585,-0.55486387,0.82182944,0
-1.079019,-0.27223337,2.0800855,-0.94773334,-0.31294966,-0.062163204,0
-0.9917407,-0.062277004,3.0717003,0.12931585,-0.55486387,0.82182944,0
-0.083496571,1.0731224,-2.1963241,-0.12931585,0.55486387,-0.82182944,0
-1.1636441,4.2315006,1.559432,-0.29168329,0.77083647,0.5663321,0
0.54271412,-4.5194259,-1.558619,0.29168329,-0.77083647,-0.5663321,0
0.99802423,-2.3489578,-4.0845976,0.29168329,-0.77083647,-0.5663321,0
1.0663805,-4.4758434,-1.2890699,0.29168329,-0.77083647,-0.5663321,0
-0.051320523,2.7602336,3.8526249,0.94773334,0.31294966,0.062163204,0
1.5904055,-2.5458417,-3.6522679,0.29168329,-0.77083647,-0.5663321,0
-1.9690251,2.6988196,-0.60174155,-0.94773334,-0.31294966,-0.062163204,0
0.82017517,0.47227359,1.2614293,0.94773334,0.31294966,0.062163204,0
-0.061770201,-2.5268645,-2.3034759,-0.94773334,-0.31294966,-0.062163204,0
-1.0239649,3.9046588,2.1268141,-0.29168329,0.77083647,0.5663321,0
1.8654704,-4.4423509,-0.77304268,0.29168329,-0.77083647,-0.5663321,0
-1.8215193,1.8984935,4.4969807,-0.29168329,0.77083647,0.5663321,0
-0.4378314,4.1175847,2.1203001,-0.29168329,0.77083647,0.5663321,0
0.34663773,-1.3591309,-3.941062,-0.12931585,0.55486387,-0.82182944,0
1.6836416,-1.4095268,-2.269048,0.94773334,0.31294966,0.062163204,0
-1.3625345,4.1670017,1.6787565,-0.29168329,0.77083647,0.5663321,0
-1.552212,1.2936455,2.3044014,-0.94773334,-0.31294966,-0.062163204,0
1.2113905,-4.4662986,-0.10128903,0.12931585,-0.55486387,0.82182944,0
-2.2150669,3.0593452,0.87422895,-0.94773334,-0.31294966,-0.062163204,0
0.95791674,-1.6845534,1.7182709,0.12931585,-0.55486387,0.82182944,0
-1.407773,2.8412633,3.4672248,-0.29168329,0.77083647,0.5663321,0
1.430886,-4.0274734,0.19405699,0.12931585,-0.55486387,0.82182944,0
-1.6796961,1.3458709,2.8927054,-0.94773334,-0.31294966,-0.062163204,0
0.90683448,0.020792812,-3.232686,-0.12931585,0.55486387,-0.82182944,0
-0.98140061,0.017968655,-0.23137268,-0.94773334,-0.31294966,-0.062163204,0
-1.7739334,2.5106788,3.6911626,-0.29168329,0.77083647,0.5663321,0
-0.35907078,2.2622952,4.5801492,-0.29168329,0.77083647,0.5663321,0
1.3702699,-2.9065518,-3.1500487,0.29168329,-0.77083647,-0.5663321,0
2.0020118,-4.1356549,0.0016171932,0.12931585,-0.55486387,0.82182944,0
-0.77857924,3.0953529,-0.94070256,-0.12931585,0.55486387,-0.82182944,0
0.194139,-3.7171867,-0.44870806,-0.94773334,-0.31294966,-0.062163204,0
0.52279091,-2.9918187,-3.4311342,0.29168329,-0.77083647,-0.5663321,0
-0.88316894,2.5236073,-1.2872554,-0.12931585,0.55486387,-0.82182944,0
0.56178093,-4.5034919,-0.16713476,0.12931585,-0.55486387,0.82182944,0
0.98646033,0.31371868,-0.83355057,0.94773334,0.31294966,0.062163204,0
-0.7359457,4.9303465,0.33422875,-0.12931585,0.55486387,-0.82182944,0
0.58084428,-0.4384982,-3.4319496,-0.12931585,0.55486387,-0.82182944,0
-1.8608506,1.9752007,4.4463234,-0.29168329,0.77083647,0.5663321,0
-0.95836157,1.1324507,4.0326204,0.12931585,-0.55486387,0.82182944,0
-1.6728299,3.2938428,2.5377975,-0.29168329,0.77083647,0.5663321,0
0.94218075,0.62448764,-1.8530931,0.94773334,0.31294966,0.062163204,0
1.5738504,-3.5835891,0.46234965,0.12931585,-0.55486387,0.82182944,0
-0.12678826,1.0482662,3.8144963,0.12931585,-0.55486387,0.82182944,0
0.48427486,-2.1405647,1.6120905,0.12931585,-0.55486387,0.82182944,0
1.2717427,-2.1521978,-4.3351202,0.29168329,-0.77083647,-0.5663321,0
-0.38810635,-2.2402129,1.5510715,0.12931585,-0.55486387,0.82182944,0
-0.84616518,2.9982677,3.2938817,-0.29168329,0.77083647,0.5663321,0
1.014593,0.6962651,-1.8831252,0.94773334,0.31294966,0.062163204,0
0.18052673,0.46869648,-2.7162685,-0.12931585,0.55486387,-0.82182944,0
2.0116792,-2.4407444,-3.5602713,0.29168329,-0.77083647,-0.5663321,0
0.40185118,2.1816401,-1.4233674,0.94773334,0.31294966,0.062163204,0
1.0147264,0.24044803,-3.1571965,-0.12931585,0.55486387,-0.82182944,0
-0.9042412,-0.77311373,2.3676326,-0.94773334,-0.31294966,-0.062163204,0
-0.61508489,2.9026735,3.7699132,-0.29168329,0.77083647,0.5663321,0
1.1325712,-2.7103882,-3.77282,0.29168329,-0.77083647,-0.5663321,0
0.51792109,-0.7165091,-3.7242029,-0.12931585,0.55486387,-0.82182944,0
-1.1758144,0.96604693,3.9427035,0.12931585,-0.55486387,0.82182944,0
0.93912661,-2.4928443,-3.9484589,0.29168329,-0.77083647,-0.5663321,0
-0.57460904,4.3048429,1.8282235,-0.29168329,0.77083647,0.5663321,0
1.2372932,-1.9088042,1.4698676,0.12931585,-0.55486387,0.82182944,0
-0.27566636,-2.1139331,-1.0141579,-0.94773334,-0.31294966,-0.062163204,0
1.4427483,-3.7467971,0.17893267,0.12931585,-0.55486387,0.82182944,0
-0.34848118,0.00844872,3.2108624,0.12931585,-0.55486387,0.82182944,0
0.86867332,-3.4814813,-2.8792348,0.29168329,-0.77083647,-0.5663321,0
-0.58089769,-1.1979654,-0.69524461,-0.94773334,-0.31294966,-0.062163204,0
-1.8934629,2.0199256,2.000422,-0.94773334,-0.31294966,-0.062163204,0
-0.66148579,-0.35603333,2.9150372,0.12931585,-0.55486387,0.82182944,0
-1.7657559,2.200654,3.8906503,-0.29168329,0.77083647,0.5663321,0
1.3874288,-4.4903989,-1.0299404,0.29168329,-0.77083647,-0.5663321,0
0.7803545,-3.3221345,0.69324934,0.12931585,-0.55486387,0.82182944,0
-0.16154909,3.1433539,3.6519585,-0.29168329,0.77083647,0.5663321,0
0.98773104,-0.034421802,-0.35220107,0.94773334,0.31294966,0.062163204,0
1.1545448,-2.5070214,1.0738087,0.12931585,-0.55486387,0.82182944,0
-1.3720307,0.88238639,0.66055441,-0.94773334,-0.31294966,-0.062163204,0
-1.10493,3.5302219,2.7156489,-0.29168329,0.77083647,0.5663321,0
-0.16747063,-2.1030042,-2.81372,-0.94773334,-0.31294966,-0.062163204,0
-1.9341005,3.1910229,2.7301426,-0.29168329,0.77083647,0.5663321,0
2.248862,-4.2116146,-1.0338199,0.29168329,-0.77083647,-0.5663321,0
-0.15875286,-1.7677486,-4.3177128,-0.12931585,0.55486387,-0.82182944,0
-2.4347143,4.0383253,0.83385992,-0.94773334,-0.31294966,-0.062163204,0
-1.6116357,3.5444751,2.1420429,-0.29168329,0.77083647,0.5663321,0
1.1107268,-3.2975669,-2.8187442,0.29168329,-0.77083647,-0.5663321,0
-0.71082044,3.8203876,-0.30407667,-0.12931585,0.55486387,-0.82182944,0
0.25060302,2.1200511,2.3482747,0.94773334,0.31294966,0.062163204,0
-0.0030269623,-3.1996746,0.90230763,0.12931585,-0.55486387,0.82182944,0
1.075722,0.13309692,-2.3681428,0.94773334,0.31294966,0.062163204,0
0.60799992,0.97480541,1.4872437,0.94773334,0.31294966,0.062163204,0
-0.93245447,0.653211,3.7425332,0.12931585,-0.55486387,0.82182944,0
-0.46912622,-1.3190674,-3.5587883,-0.94773334,-0.31294966,-0.062163204,0
-0.55113411,-1.6815388,-0.05138731,-0.94773334,-0.31294966,-0.062163204,0
2.1587822,-4.6195374,-0.68541002,0.29168329,-0.77083647,-0.5663321,0
-1.4654412,4.6093369,0.77061129,-0.29168329,0.77083647,0.5663321,0
-2.0442147,2.6513276,1.0580617,-0.94773334,-0.31294966,-0.062163204,0
-0.050848961,3.1655054,1.5894885,0.94773334,0.31294966,0.062163204,0
-0.54541492,3.4148908,3.1442285,-0.29168329,0.77083647,0.5663321,0
-2.2325878,3.5892725,0.56058669,-0.94773334,-0.31294966,-0.062163204,0
-1.7574651,3.1664414,-0.60668826,-0.12931585,0.55486387,-0.82182944,0
0.4406296,-3.2164705,-3.2924657,0.29168329,-0.77083647,-0.5663321,0
-0.17950982,-2.075176,-1.5993035,-0.94773334,-0.31294966,-0.062163204,0
-1.7912264,2.0308926,4.3119678,-0.29168329,0.77083647,0.5663321,0
0.92215919,-1.1106876,2.0813303,0.12931585,-0.55486387,0.82182944,0
0.43568802,2.2138567,-1.230087,0.94773334,0.31294966,0.062163204,0
-0.300861,-0.48387802,-3.3476906,-0.12931585,0.55486387,-0.82182944,0
0.38690758,-3.923522,-2.5499513,0.29168329,-0.77083647,-0.5663321,0
0.47589076,-0.80895638,-3.7593534,-0.12931585,0.55486387,-0.82182944,0
0.44392839,1.6950347,1.9077814,0.94773334,0.31294966,0.062163204,0
-1.2007413,2.2873178,-1.2916949,-0.12931585,0.55486387,-0.82182944,0
-2.1366408,3.2336242,0.22814035,-0.94773334,-0.31294966,-0.062163204,0
-1.4863405,4.0944996,1.4877734,-0.29168329,0.77083647,0.5663321,0
0.75265288,0.76003397,2.0681202,0.94773334,0.31294966,0.062163204,0
-1.5998877,3.8345547,1.9832907,-0.29168329,0.77083647,0.5663321,0
-1.093061,-0.14809608,-0.14180683,-0.94773334,-0.31294966,-0.062163204,0
-1.4417974,1.6438711,-1.5251651,-0.94773334,-0.31294966,-0.062163204,0
-2.234854,4.3978062,0.64889312,-0.29168329,0.77083647,0.5663321,0
-0.79555094,3.4746437,2.755126,-0.29168329,0.77083647,0.5663321,0
-0.082843967,2.6283927,4.3937187,-0.29168329,0.77083647,0.5663321,0
-0.68506479,3.5192633,2.6877112,-0.29168329,0.77083647,0.5663321,0
-0.29410982,-1.4534781,-3.9551022,-0.12931585,0.55486387,-0.82182944,0
1.7418447,-3.8450255,-1.6438284,0.29168329,-0.77083647,-0.5663321,0
1.1621299,-2.0690336,-4.3869667,0.29168329,-0.77083647,-0.5663321,0
-0.50131214,2.0115776,4.3591743,0.12931585,-0.55486387,0.82182944,0
-1.1621614,0.87622595,3.7183115,0.12931585,-0.55486387,0.82182944,0
2.0810113,-2.2780783,-2.8076882,0.94773334,0.31294966,0.062163204,0
-1.1501402,1.8336878,4.3609028,0.12931585,-0.55486387,0.82182944,0
-1.2180108,2.9025447,3.3726809,-0.29168329,0.77083647,0.5663321,0
-2.0677981,3.2939296,-0.42606378,-0.12931585,0.55486387,-0.82182944,0
0.15074348,2.5282226,1.0101322,0.94773334,0.31294966,0.062163204,0
1.5869629,-3.1128235,-2.9369986,0.29168329,-0.77083647,-0.5663321,0
0.54352474,-3.9976945,-2.0934002,0.29168329,-0.77083647,-0.5663321,0
2.0050592,-2.8397441,-0.37191224,0.94773334,0.31294966,0.062163204,0
0.29829669,-1.7897443,-4.3121762,-0.12931585,0.55486387,-0.82182944,0
-0.095633507,-0.87232399,2.5061674,0.12931585,-0.55486387,0.82182944,0
-1.0511222,2.7058802,-0.99331796,-0.12931585,0.55486387,-0.82182944,0
0.52729321,-3.831336,-2.5590699,0.29168329,-0.77083647,-0.5663321,0
-0.76999336,-0.92699915,-0.18114263,-0.94773334,-0.31294966,-0.062163204,0
0.12423748,2.1279595,2.049022,0.94773334,0.31294966,0.062163204,0
0.25444555,-1.5017514,2.0141664,0.12931585,-0.55486387,0.82182944,0
1.7138456,-2.3884768,-3.831779,0.29168329,-0.77083647,-0.5663321,0
-1.8672528,4.2128596,0.065288544,-0.12931585,0.55486387,-0.82182944,0
1.9516001,-2.3625605,-3.6472845,0.29168329,-0.77083647,-0.5663321,0
2.3899355,-4.1498394,-1.2260962,0.29168329,-0.77083647,-0.5663321,0
-1.5714312,4.2840919,1.2784543,-0.29168329,0.77083647,0.5663321,0
1.3935626,-0.89103025,-2.0008938,0.94773334,0.31294966,0.062163204,0
0.075630784,-2.7393394,-2.6676273,-0.94773334,-0.31294966,-0.062163204,0
2.112766,-4.3965225,-0.81645131,0.29168329,-0.77083647,-0.5663321,0
-0.88838398,1.0276647,3.9807289,0.12931585,-0.55486387,0.82182944,0
-0.38354456,-0.10757095,2.9857519,0.12931585,-0.55486387,0.82182944,0
-0.61832762,-0.99404168,2.5022035,0.12931585,-0.55486387,0.82182944,0
0.87700963,-4.0339351,0.10428071,0.12931585,-0.55486387,0.82182944,0
0.92223537,0.2259258,0.20153484,0.94773334,0.31294966,0.062163204,0
-0.65721273,1.1481389,-2.2821741,-0.12931585,0.55486387,-0.82182944,0
0.13342285,2.828757,-0.32755363,0.94773334,0.31294966,0.062163204,0
1.185998,-3.0980635,-3.0593061,0.29168329,-0.77083647,-0.5663321,0
-1.2907162,4.1974168,1.6350901,-0.29168329,0.77083647,0.5663321,0
-0.20903051,-1.822783,-2.9070742,-0.94773334,-0.31294966,-0.062163204,0
0.92148185,0.34326112,0.74956608,0.94773334,0.31294966,0.062163204,0
0.054913521,-3.3961816,-0.68083262,-0.94773334,-0.31294966,-0.062163204,0
0.69864106,0.59353805,-2.8689835,-0.12931585,0.55486387,-0.82182944,0
1.972734,-2.5679369,-3.3924041,0.29168329,-0.77083647,-0.5663321,0
1.1314355,-0.48735291,-0.31438392,0.94773334,0.31294966,0.062163204,0
-0.29601872,3.4928498,2.9981234,-0.29168329,0.77083647,0.5663321,0
-1.3443232,3.0236745,3.0928259,-0.29168329,0.77083647,0.5663321,0
-0.57744288,1.907252,-1.7453114,-0.12931585,0.55486387,-0.82182944,0
1.5281408,-4.3578677,-1.0790868,0.29168329,-0.77083647,-0.5663321,0
-1.4192882,4.7480049,0.70673394,-0.29168329,0.77083647,0.5663321,0
-1.3796613,3.2087831,-0.77052474,-0.12931585,0.55486387,-0.82182944,0
-0.28699899,0.95264739,-2.4632943,-0.12931585,0.55486387,-0.82182944,0
1.8463492,-2.198735,-3.9716353,0.29168329,-0.77083647,-0.5663321,0
-1.0000232,0.16833481,3.3886988,0.12931585,-0.55486387,0.82182944,0
-1.8043429,2.0103006,4.3778253,-0.29168329,0.77083647,0.5663321,0
0.37996268,0.8788954,-2.5404601,-0.12931585,0.55486387,-0.82182944,0
-0.98832458,1.5277941,4.3139782,0.12931585,-0.55486387,0.82182944,0
1.6773982,-2.1707144,-4.0122066,0.29168329,-0.77083647,-0.5663321,0
-1.6786437,3.1304684,2.9465013,-0.29168329,0.77083647,0.5663321,0
-2.1696801,3.8586326,1.4896643,-0.29168329,0.77083647,0.5663321,0
0.37494278,1.9492158,-1.7055947,-0.12931585,0.55486387,-0.82182944,0
0.15039229,0.67078203,-2.6064434,-0.12931585,0.55486387,-0.82182944,0
-1.6116672,2.6722684,3.4920716,-0.29168329,0.77083647,0.5663321,0
-0.65208805,1.8902426,4.4339752,0.12931585,-0.55486387,0.82182944,0
1.4576092,-1.0137112,-1.1874082,0.94773334,0.31294966,0.062163204,0
-0.91310215,-0.61595273,0.96850431,-0.94773334,-0.31294966,-0.062163204,0
0.94821191,-0.20788455,2.680728,0.94773334,0.31294966,0.062163204,0
1.3436408,-0.78502142,0.55638999,0.94773334,0.31294966,0.062163204,0
-1.9468136,3.3109696,-0.47065914,-0.12931585,0.55486387,-0.82182944,0
0.44653213,-3.2626812,-3.3065653,0.29168329,-0.77083647,-0.5663321,0
0.49406874,1.4267074,1.8125634,0.94773334,0.31294966,0.062163204,0
1.8764042,-2.426826,0.23912597,0.94773334,0.31294966,0.062163204,0
2.3265767,-3.2902987,-2.1947227,0.94773334,0.31294966,0.062163204,0
1.8593528,-1.6548632,-2.64996,0.94773334,0.31294966,0.062163204,0
2.2645748,-4.6044135,-0.66086602,0.29168329,-0.77083647,-0.5663321,0
-0.86131793,2.2336094,4.5677485,-0.29168329,0.77083647,0.5663321,0
-2.4562564,4.0091691,1.1491024,-0.29168329,0.77083647,0.5663321,0
0.48185876,1.0053536,2.1142049,0.94773334,0.31294966,0.062163204,0
0.35001004,0.62538159,3.324856,0.12931585,-0.55486387,0.82182944,0
-1.3313191,4.1144538,-0.065129519,-0.12931585,0.55486387,-0.82182944,0
-0.59843403,2.8343618,3.7880435,-0.29168329,0.77083647,0.5663321,0
0.90390122,0.48236156,-2.9352589,-0.12931585,0.55486387,-0.82182944,0
-0.1269722,1.6819856,-1.9636935,-0.12931585,0.55486387,-0.82182944,0
-0.89546084,2.6486604,-1.1326127,-0.12931585,0.55486387,-0.82182944,0
1.2729043,-0.16788101,-1.8288577,0.94773334,0.31294966,0.062163204,0
-0.41600013,-1.0081882,-3.7148304,-0.12931585,0.55486387,-0.82182944,0
-2.0928776,4.2540627,1.111587,-0.29168329,0.77083647,0.5663321,0
-1.2954562,1.3873149,4.2092109,0.12931585,-0.55486387,0.82182944,0
0.21930242,0.16535044,-2.9838221,-0.12931585,0.55486387,-0.82182944,0
-1.2778016,3.3231492,2.8603454,-0.29168329,0.77083647,0.5663321,0
-1.4531541,2.7981114,3.4506221,-0.29168329,0.77083647,0.5663321,0
0.69114923,-1.2227442,2.1345158,0.12931585,-0.55486387,0.82182944,0
0.42216837,-3.0554254,-3.5683279,0.29168329,-0.77083647,-0.5663321,0
0.10041654,1.9249154,4.209096,0.12931585,-0.55486387,0.82182944,0
1.0230148,0.42472279,-2.8352432,-0.12931585,0.55486387,-0.82182944,0
0.83937073,-2.4219635,1.242656,0.12931585,-0.55486387,0.82182944,0
-1.5177456,1.7841599,-1.460411,-0.94773334,-0.31294966,-0.062163204,0
-0.56388432,3.2522912,3.1567504,-0.29168329,0.77083647,0.5663321,0
1.0943824,0.13619143,-2.5391102,0.94773334,0.31294966,0.062163204,0
0.42322958,-3.468401,-2.9500356,0.29168329,-0.77083647,-0.5663321,0
1.8722436,-1.8473935,-2.58759,0.94773334,0.31294966,0.062163204,0
1.0173509,0.31506515,-0.85052133,0.94773334,0.31294966,0.062163204,0
1.4418616,-3.9261615,0.1339004,0.12931585,-0.55486387,0.82182944,0
1.429737,-0.45882827,-2.1825228,0.94773334,0.31294966,0.062163204,0
-0.19416368,0.41809702,3.4681473,0.12931585,-0.55486387,0.82182944,0
-0.28929174,-1.9843751,-2.1383514,-0.94773334,-0.31294966,-0.062163204,0
-0.44362149,2.3177457,4.6005659,-0.29168329,0.77083647,0.5663321,0
