0.87702751,-4.5923562,-0.51576638,0.25991833,-0.49493158,-0.82914722,0
-0.75309038,3.6616652,1.2023206,-0.25991833,0.49493158,0.82914722,0
-0.53677702,-4.902348,-0.78350377,0.25991833,-0.49493158,-0.82914722,0
0.88093805,-4.6806045,-0.016215801,-0.13186413,-0.86880732,0.47726905,0
-0.56291103,1.0606751,2.8904552,-0.25991833,0.49493158,0.82914722,0
1.2742641,1.214355,-0.68238032,0.95658469,0.014716148,0.29108265,0
0.13037252,4.9866209,0.78770161,-0.25991833,0.49493158,0.82914722,0
1.6541209,-0.13604665,-2.2802067,0.95658469,0.014716148,0.29108265,0
0.50625467,4.9354115,0.73890662,-0.25991833,0.49493158,0.82914722,0
-1.2198424,-1.1761342,0.71494555,-0.95658469,-0.014716148,-0.29108265,0
-1.9482641,-1.5268871,3.8690853,-0.25991833,0.49493158,0.82914722,0
1.5899248,-1.4370315,-2.2285337,0.25991833,-0.49493158,-0.82914722,0
0.70077085,-0.65681875,-3.0250328,0.25991833,-0.49493158,-0.82914722,0
-0.41958284,-0.60837084,-1.9073868,-0.95658469,-0.014716148,-0.29108265,0
0.92087197,1.5127648,-4.2472215,0.25991833,-0.49493158,-0.82914722,0
0.95145124,1.2641832,0.0072079897,0.95658469,0.014716148,0.29108265,0
-1.0280324,-0.8395927,3.822207,-0.25991833,0.49493158,0.82914722,0
0.93734425,2.5223522,-3.4307756,0.13186413,0.86880732,-0.47726905,0
-2.0881729,-2.0407543,3.9945259,-0.13186413,-0.86880732,0.47726905,0
-0.75917101,-4.6446996,-0.28264785,-0.13186413,-0.86880732,0.47726905,0
1.4560559,3.315856,-1.7747204,0.13186413,0.86880732,-0.47726905,0
-0.65123498,0.64725232,-1.0061768,-0.95658469,-0.014716148,-0.29108265,0
-0.44014168,4.7359276,0.044597387,0.13186413,0.86880732,-0.47726905,0
-1.1354725,2.6986232,1.540622,-0.25991833,0.49493158,0.82914722,0
0.800928,-2.3204753,0.58268082,0.95658469,0.014716148,0.29108265,0
-0.41775084,-4.6640086,-0.38526011,-0.13186413,-0.86880732,0.47726905,0
0.51288915,-1.848946,-2.4531636,0.25991833,-0.49493158,-0.82914722,0
-0.64654946,1.4577839,2.4938016,-0.25991833,0.49493158,0.82914722,0
-0.047858715,4.6269417,-0.071526051,0.13186413,0.86880732,-0.47726905,0
-0.31095219,-4.3560038,0.41415453,-0.13186413,-0.86880732,0.47726905,0
0.71482533,2.683588,-3.4341469,0.13186413,0.86880732,-0.47726905,0
0.24826896,-1.3584218,2.4697521,0.95658469,0.014716148,0.29108265,0
0.79137355,-2.2202482,0.81574667,0.95658469,0.014716148,0.29108265,0
0.037085295,-4.0407658,0.95239878,-0.13186413,-0.86880732,0.47726905,0
-0.99901426,-2.6350749,3.5100408,-0.13186413,-0.86880732,0.47726905,0
-0.52664936,-2.2592521,4.0058475,-0.13186413,-0.86880732,0.47726905,0
-1.0205445,4.8429031,0.2656498,0.13186413,0.86880732,-0.47726905,0
-1.0969079,3.2516916,0.29925537,-0.95658469,-0.014716148,-0.29108265,0
-0.61454523,-2.0028827,4.5191526,-0.13186413,-0.86880732,0.47726905,0
0.56649733,3.4814587,1.5777285,0.95658469,0.014716148,0.29108265,0
0.44347215,-4.6480074,0.11147022,-0.13186413,-0.86880732,0.47726905,0
-0.84205055,0.4646883,3.1448262,-0.25991833,0.49493158,0.82914722,0
-1.6002882,0.066430807,1.8275328,-0.95658469,-0.014716148,-0.29108265,0
0.24536347,-2.6142113,-1.919264,0.25991833,-0.49493158,-0.82914722,0
1.8053128,1.943084,-4.2472577,0.25991833,-0.49493158,-0.82914722,0
0.19892454,2.5125527,2.0709229,-0.25991833,0.49493158,0.82914722,0
1.0755713,0.57667542,0.01597029,0.95658469,0.014716148,0.29108265,0
0.74310589,3.3153238,0.78076494,0.95658469,0.014716148,0.29108265,0
0.21602702,-4.5646009,0.20324636,-0.13186413,-0.86880732,0.47726905,0
0.49684417,2.1001098,-4.3992043,0.13186413,0.86880732,-0.47726905,0
1.3427739,-2.2366619,-1.7966552,0.25991833,-0.49493158,-0.82914722,0
-1.6935284,-2.1966715,3.7441888,-0.13186413,-0.86880732,0.47726905,0
-1.2013017,-3.3146939,0.92258811,-0.95658469,-0.014716148,-0.29108265,0
0.38685203,-2.5519083,-1.9106201,0.25991833,-0.49493158,-0.82914722,0
-1.4858048,0.705495,2.6900029,-0.25991833,0.49493158,0.82914722,0
0.21607387,-3.6390414,1.7759367,-0.13186413,-0.86880732,0.47726905,0
0.048624277,-0.25934684,-3.3934741,-0.95658469,-0.014716148,-0.29108265,0
-1.9386423,-2.5326467,3.0841708,-0.13186413,-0.86880732,0.47726905,0
-0.025380611,-0.24308556,3.3925891,0.95658469,0.014716148,0.29108265,0
1.4604236,2.4713364,-3.551055,0.13186413,0.86880732,-0.47726905,0
-0.81990337,-0.45471275,3.5582714,-0.25991833,0.49493158,0.82914722,0
-1.6351647,-2.8150086,2.2618148,-0.95658469,-0.014716148,-0.29108265,0
-1.1054158,4.7284303,-0.063658476,0.13186413,0.86880732,-0.47726905,0
-0.74978346,-2.8830247,2.7909722,-0.13186413,-0.86880732,0.47726905,0
-1.2282119,2.6905866,1.5361723,-0.25991833,0.49493158,0.82914722,0
0.83104014,3.3873906,0.20774102,0.95658469,0.014716148,0.29108265,0
0.75560236,-0.55899972,0.98927206,0.95658469,0.014716148,0.29108265,0
-0.44530392,-3.3152916,-1.8091475,-0.95658469,-0.014716148,-0.29108265,0
0.40773058,4.9279642,0.77333879,-0.25991833,0.49493158,0.82914722,0
0.11060667,-3.8061154,1.303705,-0.13186413,-0.86880732,0.47726905,0
-0.02857101,-1.2184714,3.8405066,0.95658469,0.014716148,0.29108265,0
1.3469211,0.11923051,-0.98417348,0.95658469,0.014716148,0.29108265,0
-1.7572402,-2.4106312,3.4617071,-0.13186413,-0.86880732,0.47726905,0
1.5409594,-1.7331989,-2.1626341,0.25991833,-0.49493158,-0.82914722,0
-0.17660499,-1.0454139,-3.0615473,-0.95658469,-0.014716148,-0.29108265,0
0.42181396,-3.739222,-1.1504692,0.25991833,-0.49493158,-0.82914722,0
0.23195601,4.8667035,0.65073657,0.13186413,0.86880732,-0.47726905,0
-0.82488346,0.77681506,2.997488,-0.25991833,0.49493158,0.82914722,0
-0.49670434,3.8765378,-1.5204653,0.13186413,0.86880732,-0.47726905,0
0.76404405,-0.58415031,-3.0648694,0.25991833,-0.49493158,-0.82914722,0
-1.2631477,-2.9848258,2.4061999,-0.13186413,-0.86880732,0.47726905,0
0.62829232,-3.9272754,1.3405817,-0.13186413,-0.86880732,0.47726905,0
-0.10274971,3.6257877,-1.9385771,0.13186413,0.86880732,-0.47726905,0
-1.715609,-1.4328018,2.1920714,-0.95658469,-0.014716148,-0.29108265,0
0.87925339,0.15837467,-3.5356917,0.25991833,-0.49493158,-0.82914722,0
1.5316553,-1.3303345,-2.4379315,0.25991833,-0.49493158,-0.82914722,0
1.3356948,-0.94987202,-2.7083821,0.25991833,-0.49493158,-0.82914722,0
0.87422258,0.76275706,0.67068082,0.95658469,0.014716148,0.29108265,0
0.23450255,-2.4973814,-2.0922239,0.25991833,-0.49493158,-0.82914722,0
-1.8748785,-1.347096,2.5083411,-0.95658469,-0.014716148,-0.29108265,0
0.19329029,2.8216662,-3.3514609,0.13186413,0.86880732,-0.47726905,0
1.030399,0.83310461,-0.13418734,0.95658469,0.014716148,0.29108265,0
-0.35283089,1.0254903,2.8691225,-0.25991833,0.49493158,0.82914722,0
-0.11035204,-4.6384468,-0.0089232922,-0.13186413,-0.86880732,0.47726905,0
-0.93982756,-0.34600794,-0.48345119,-0.95658469,-0.014716148,-0.29108265,0
-1.5705174,0.17185616,3.0546546,-0.25991833,0.49493158,0.82914722,0
0.1129775,0.87470531,3.0400915,-0.25991833,0.49493158,0.82914722,0
-0.27265453,-1.4883941,-2.4238093,-0.95658469,-0.014716148,-0.29108265,0
0.72896957,4.0538063,-0.73223853,0.13186413,0.86880732,-0.47726905,0
-1.1429508,3.5063019,-0.095009327,-0.95658469,-0.014716148,-0.29108265,0
-0.91087335,-3.1449213,2.2185633,-0.13186413,-0.86880732,0.47726905,0
-1.1361117,4.304698,0.59030855,-0.25991833,0.49493158,0.82914722,0
1.7154839,0.79008067,-2.4176419,0.95658469,0.014716148,0.29108265,0
1.5901786,-0.060092211,-1.6225187,0.95658469,0.014716148,0.29108265,0
-0.52088499,-4.1163521,-1.3685086,-0.95658469,-0.014716148,-0.29108265,0
0.037239313,-0.1355285,-3.4965627,-0.95658469,-0.014716148,-0.29108265,0
-1.2502241,-2.2627912,3.9498041,-0.13186413,-0.86880732,0.47726905,0
-0.89894223,-2.0277553,-0.21297491,-0.95658469,-0.014716148,-0.29108265,0
0.53162915,2.6730695,-3.1797247,0.13186413,0.86880732,-0.47726905,0
-0.11513001,3.1072674,-2.8629398,0.13186413,0.86880732,-0.47726905,0
-0.068167686,3.1653731,1.6096456,-0.25991833,0.49493158,0.82914722,0
1.2212563,-1.021745,-0.19737199,0.95658469,0.014716148,0.29108265,0
-0.46737766,-4.3492718,-1.1894901,0.25991833,-0.49493158,-0.82914722,0
-0.91362143,-2.7914963,3.2307224,-0.13186413,-0.86880732,0.47726905,0
-0.13535714,0.11236507,-2.7929578,-0.95658469,-0.014716148,-0.29108265,0
-2.1589725,-1.6908536,4.0678024,-0.25991833,0.49493158,0.82914722,0
-0.86962318,3.6024704,-0.97902727,-0.95658469,-0.014716148,-0.29108265,0
0.33492815,-3.3316333,2.2128892,0.95658469,0.014716148,0.29108265,0
-1.5744121,-0.007557869,3.0887549,-0.25991833,0.49493158,0.82914722,0
-1.896403,-0.63476968,2.886354,-0.95658469,-0.014716148,-0.29108265,0
-0.80499935,-4.1808977,-0.32998037,-0.95658469,-0.014716148,-0.29108265,0
-1.5003316,-0.36222577,3.2566416,-0.25991833,0.49493158,0.82914722,0
-0.20827806,-2.4608197,3.6375146,-0.13186413,-0.86880732,0.47726905,0
-0.019684792,3.3065324,-2.4860713,0.13186413,0.86880732,-0.47726905,0
0.15666151,1.0151742,-4.0792108,-0.95658469,-0.014716148,-0.29108265,0
-1.7117859,-0.093762159,3.0424693,-0.25991833,0.49493158,0.82914722,0
1.3935419,-2.0251398,-0.83440185,0.95658469,0.014716148,0.29108265,0
1.0920839,-1.3257083,-2.467366,0.25991833,-0.49493158,-0.82914722,0
-0.46964556,-3.2557168,2.1975839,-0.13186413,-0.86880732,0.47726905,0
-0.52320361,-2.6981966,3.4645238,-0.13186413,-0.86880732,0.47726905,0
1.3593421,-3.2842031,-1.3452814,0.25991833,-0.49493158,-0.82914722,0
1.6555631,3.1161695,-2.3560319,0.13186413,0.86880732,-0.47726905,0
-1.0787177,-2.6274092,3.1219187,-0.13186413,-0.86880732,0.47726905,0
-1.3717344,-2.3945627,3.8451877,-0.13186413,-0.86880732,0.47726905,0
-1.7125322,-2.2589405,3.8816519,-0.13186413,-0.86880732,0.47726905,0
-0.71115112,4.9995618,0.31798697,0.13186413,0.86880732,-0.47726905,0
0.17646694,4.622407,0.14000869,0.13186413,0.86880732,-0.47726905,0
0.67530107,-0.73918003,-2.8566966,0.25991833,-0.49493158,-0.82914722,0
1.108333,1.9425939,-4.3584547,0.13186413,0.86880732,-0.47726905,0
-1.0612295,-0.97556436,3.8421314,-0.25991833,0.49493158,0.82914722,0
0.93386948,-0.28324014,0.30612773,0.95658469,0.014716148,0.29108265,0
0.69358146,0.63233358,0.94396359,0.95658469,0.014716148,0.29108265,0
1.5903587,-1.6288936,-2.1927483,0.25991833,-0.49493158,-0.82914722,0
1.1646013,-3.7390003,-0.9836303,0.25991833,-0.49493158,-0.82914722,0
0.97513366,-1.278461,-2.5644403,0.25991833,-0.49493158,-0.82914722,0
-0.53090096,-4.9853101,-0.80813622,0.25991833,-0.49493158,-0.82914722,0
0.81769407,2.2902119,0.30585182,0.95658469,0.014716148,0.29108265,0
-0.41933489,-2.2006464,4.1368961,-0.13186413,-0.86880732,0.47726905,0
1.2596568,2.783787,-3.1563616,0.13186413,0.86880732,-0.47726905,0
-0.41064036,-3.5385275,1.7063,-0.13186413,-0.86880732,0.47726905,0
-1.1213577,3.8927169,0.12910676,-0.95658469,-0.014716148,-0.29108265,0
-0.85166121,0.97114873,2.7500992,-0.25991833,0.49493158,0.82914722,0
-0.24175715,-3.7749658,1.5036221,-0.13186413,-0.86880732,0.47726905,0
1.1533842,-4.2228856,-0.83460474,0.25991833,-0.49493158,-0.82914722,0
1.712515,0.30042076,-3.2443161,0.25991833,-0.49493158,-0.82914722,0
0.85422122,1.6424444,-4.2401361,0.25991833,-0.49493158,-0.82914722,0
-1.2793268,-3.1544046,0.71453381,-0.95658469,-0.014716148,-0.29108265,0
-0.39839351,0.72542548,-2.395021,-0.95658469,-0.014716148,-0.29108265,0
-1.4364491,-1.0044029,1.1831594,-0.95658469,-0.014716148,-0.29108265,0
-1.5155127,1.2038469,2.5137463,-0.25991833,0.49493158,0.82914722,0
1.5677227,-0.53898096,-1.4028637,0.95658469,0.014716148,0.29108265,0
0.82644606,4.4070826,0.042194605,0.13186413,0.86880732,-0.47726905,0
2.0818741,1.0548062,-3.3509889,0.95658469,0.014716148,0.29108265,0
-0.486305,0.63415045,3.189724,-0.25991833,0.49493158,0.82914722,0
0.54756761,0.50963283,-3.6735744,0.25991833,-0.49493158,-0.82914722,0
0.010926247,-3.919157,-1.1578615,0.25991833,-0.49493158,-0.82914722,0
-0.99887741,-2.4860013,-0.19173789,-0.95658469,-0.014716148,-0.29108265,0
1.1094036,-4.5603957,-0.46078312,0.25991833,-0.49493158,-0.82914722,0
0.21535897,0.40240163,2.5045903,0.95658469,0.014716148,0.29108265,0
0.10363007,-4.7109942,-0.32567501,-0.13186413,-0.86880732,0.47726905,0
0.60527229,-3.4683175,-1.3461837,0.25991833,-0.49493158,-0.82914722,0
-0.47455764,-0.97069603,3.9867811,-0.25991833,0.49493158,0.82914722,0
-0.92544299,-3.183764,2.2438564,-0.13186413,-0.86880732,0.47726905,0
1.4155174,0.71800792,-3.720211,0.25991833,-0.49493158,-0.82914722,0
-0.67285728,4.5980239,0.60076356,-0.25991833,0.49493158,0.82914722,0
1.0914209,0.6529063,-0.52466267,0.95658469,0.014716148,0.29108265,0
-1.3274559,-3.6162896,1.5627425,-0.13186413,-0.86880732,0.47726905,0
0.16500807,4.5790815,0.15802741,0.13186413,0.86880732,-0.47726905,0
1.4285787,1.9027253,-1.3120455,0.95658469,0.014716148,0.29108265,0
-0.36812186,0.062250495,3.401171,-0.25991833,0.49493158,0.82914722,0
-0.29199457,-4.2776551,-1.1470987,0.25991833,-0.49493158,-0.82914722,0
0.97608185,1.440914,0.37453914,0.95658469,0.014716148,0.29108265,0
0.72119474,-4.7584615,-0.5572474,0.25991833,-0.49493158,-0.82914722,0
-0.29562783,-0.29623938,-2.3759937,-0.95658469,-0.014716148,-0.29108265,0
-0.48552656,4.8656788,0.51037145,-0.25991833,0.49493158,0.82914722,0
0.12006617,0.40081823,-3.789767,0.25991833,-0.49493158,-0.82914722,0
-1.7659477,-0.76378489,3.6101117,-0.25991833,0.49493158,0.82914722,0
-0.29609716,0.41688526,-2.5885,-0.95658469,-0.014716148,-0.29108265,0
-0.25492001,-1.9545994,-2.5424566,-0.95658469,-0.014716148,-0.29108265,0
-0.40922832,-1.3360174,-1.9786167,-0.95658469,-0.014716148,-0.29108265,0
0.19909048,-4.4939919,0.41251349,-0.13186413,-0.86880732,0.47726905,0
-0.63990688,-4.0975337,0.89251924,-0.13186413,-0.86880732,0.47726905,0
2.148658,2.109437,-3.4108796,0.95658469,0.014716148,0.29108265,0
-0.36613083,4.6695409,-0.086532593,0.13186413,0.86880732,-0.47726905,0
1.1345625,2.6768007,-3.0551741,0.13186413,0.86880732,-0.47726905,0
-1.0097585,4.8571501,0.3332026,-0.25991833,0.49493158,0.82914722,0
-0.69337738,3.1737561,-1.233703,-0.95658469,-0.014716148,-0.29108265,0
-0.2445066,-0.33814353,-2.4175463,-0.95658469,-0.014716148,-0.29108265,0
0.83415067,1.648133,0.4736439,0.95658469,0.014716148,0.29108265,0
-1.4194307,-1.1620169,1.5131389,-0.95658469,-0.014716148,-0.29108265,0
1.2154355,-4.6978631,-0.14999652,0.95658469,0.014716148,0.29108265,0
-0.37466583,1.2493405,-2.0383148,-0.95658469,-0.014716148,-0.29108265,0
-0.16502619,-3.46387,-1.6932795,0.25991833,-0.49493158,-0.82914722,0
-1.7313669,0.25350714,2.5763559,-0.95658469,-0.014716148,-0.29108265,0
1.8233619,2.8469918,-2.397156,0.95658469,0.014716148,0.29108265,0
1.1382307,2.1692231,-0.18791997,0.95658469,0.014716148,0.29108265,0
-0.20855582,3.4011097,-2.0414343,0.13186413,0.86880732,-0.47726905,0
-1.6740578,-1.760143,1.9363862,-0.95658469,-0.014716148,-0.29108265,0
0.071938276,-3.861686,1.3044915,-0.13186413,-0.86880732,0.47726905,0
0.24555969,-2.76407,-1.8904306,0.25991833,-0.49493158,-0.82914722,0
1.5882654,2.102716,-4.1065502,0.13186413,0.86880732,-0.47726905,0
0.59365797,4.7554932,0.90440106,-0.25991833,0.49493158,0.82914722,0
-1.7029334,-0.007948637,2.9864655,-0.25991833,0.49493158,0.82914722,0
-1.9943209,-1.676767,2.8887124,-0.95658469,-0.014716148,-0.29108265,0
-1.0816985,-0.61977589,3.7238615,-0.25991833,0.49493158,0.82914722,0
-1.3427768,-0.4258455,0.9462415,-0.95658469,-0.014716148,-0.29108265,0
-2.1277821,-1.4784439,3.8076792,-0.95658469,-0.014716148,-0.29108265,0
1.522413,3.4241347,-1.7793386,0.13186413,0.86880732,-0.47726905,0
0.38580227,3.5583606,1.6372597,-0.25991833,0.49493158,0.82914722,0
-1.8151323,0.55850101,2.3264375,-0.95658469,-0.014716148,-0.29108265,0
1.5289632,0.67727184,-3.4799006,0.25991833,-0.49493158,-0.82914722,0
0.60373425,-1.3857179,1.8212717,0.95658469,0.014716148,0.29108265,0
0.89134681,0.28267139,0.35449845,0.95658469,0.014716148,0.29108265,0
-0.20992708,4.4322557,0.84440732,-0.25991833,0.49493158,0.82914722,0
-1.5977225,-1.5931619,2.040951,-0.95658469,-0.014716148,-0.29108265,0
0.71940738,-2.6814058,1.4150171,0.95658469,0.014716148,0.29108265,0
-1.5296911,0.16123796,2.9889183,-0.25991833,0.49493158,0.82914722,0
-0.0073328018,0.053841293,-3.5252025,-0.95658469,-0.014716148,-0.29108265,0
0.69999003,1.5569767,0.75933594,0.95658469,0.014716148,0.29108265,0
-0.25935701,2.3876901,-2.610831,-0.95658469,-0.014716148,-0.29108265,0
-0.045254707,-0.86281985,3.5015342,0.95658469,0.014716148,0.29108265,0
0.37627524,2.6589823,-3.5717211,0.13186413,0.86880732,-0.47726905,0
-0.36744043,-2.7186027,3.476521,-0.13186413,-0.86880732,0.47726905,0
-0.68740749,-0.76581079,-0.94900668,-0.95658469,-0.014716148,-0.29108265,0
-2.039598,-0.72930193,3.27036,-0.95658469,-0.014716148,-0.29108265,0
0.90485692,4.0395145,-0.65398431,0.13186413,0.86880732,-0.47726905,0
-0.060355425,-2.5091529,3.7092738,0.95658469,0.014716148,0.29108265,0
1.5698807,2.2592769,-3.7212875,0.13186413,0.86880732,-0.47726905,0
-0.041156948,-3.0590172,2.7355447,-0.13186413,-0.86880732,0.47726905,0
1.1955848,2.6606178,-3.0521636,0.13186413,0.86880732,-0.47726905,0
0.16686797,-1.8632131,-2.3486018,0.25991833,-0.49493158,-0.82914722,0
0.44041729,-3.9856658,1.3139329,-0.13186413,-0.86880732,0.47726905,0
-1.5902672,-1.1205655,1.7191933,-0.95658469,-0.014716148,-0.29108265,0
0.98267317,0.29179919,-3.5264351,0.25991833,-0.49493158,-0.82914722,0
-0.97507119,2.3862307,-0.23751318,-0.95658469,-0.014716148,-0.29108265,0
-0.56193328,-4.4861555,0.010441303,-0.13186413,-0.86880732,0.47726905,0
-1.7121718,-0.50431812,2.1820493,-0.95658469,-0.014716148,-0.29108265,0
-0.55913138,-2.676662,3.1631141,-0.13186413,-0.86880732,0.47726905,0
-0.47511435,-3.8170497,1.2641263,-0.13186413,-0.86880732,0.47726905,0
1.4968184,3.1528587,-2.2553236,0.13186413,0.86880732,-0.47726905,0
1.1560659,-2.1830001,-2.0136051,0.25991833,-0.49493158,-0.82914722,0
1.2317358,-0.38942885,-0.35878161,0.95658469,0.014716148,0.29108265,0
0.42195812,-1.7686133,1.9296427,0.95658469,0.014716148,0.29108265,0
-0.94946361,2.3204916,2.0401466,-0.25991833,0.49493158,0.82914722,0
0.15609503,4.2238026,-0.48843026,0.13186413,0.86880732,-0.47726905,0
0.10574269,-3.4585361,2.2351081,-0.13186413,-0.86880732,0.47726905,0
-0.48747918,2.1066165,-2.1041124,-0.95658469,-0.014716148,-0.29108265,0
-0.5567956,4.0863633,-1.0001321,0.13186413,0.86880732,-0.47726905,0
-0.14571631,-3.5051599,1.7682372,-0.13186413,-0.86880732,0.47726905,0
0.058573723,-3.7706966,-1.3339031,0.25991833,-0.49493158,-0.82914722,0
1.3128414,2.2109885,-4.1114125,0.13186413,0.86880732,-0.47726905,0
0.56245512,-0.20037423,1.6894908,0.95658469,0.014716148,0.29108265,0
0.87072444,-4.5589581,0.17132115,-0.13186413,-0.86880732,0.47726905,0
-0.53785014,-1.5535074,-1.3433113,-0.95658469,-0.014716148,-0.29108265,0
-0.50055909,-4.415102,0.35921216,-0.13186413,-0.86880732,0.47726905,0
-0.69799936,-1.4712828,4.176424,-0.25991833,0.49493158,0.82914722,0
-0.061183453,1.41482,-3.4085946,-0.95658469,-0.014716148,-0.29108265,0
-0.79879975,0.74332225,2.8876419,-0.25991833,0.49493158,0.82914722,0
-0.79728496,-2.8560851,3.0037055,-0.13186413,-0.86880732,0.47726905,0
0.090623379,3.3180666,-2.2889516,0.13186413,0.86880732,-0.47726905,0
-0.10104036,-3.3999481,-1.6150357,0.25991833,-0.49493158,-0.82914722,0
-0.50384569,-2.3430977,-1.3648436,-0.95658469,-0.014716148,-0.29108265,0
0.8598386,-2.6131744,0.61170483,0.95658469,0.014716148,0.29108265,0
-0.72761512,-2.8892508,-0.72729695,-0.95658469,-0.014716148,-0.29108265,0
1.0538819,-2.7612791,0.437626,0.95658469,0.014716148,0.29108265,0
-1.0786686,-3.0986209,2.4707975,-0.13186413,-0.86880732,0.47726905,0
-0.34007645,-4.6111917,0.014182329,-0.13186413,-0.86880732,0.47726905,0
0.75332737,4.4788609,0.11406279,0.13186413,0.86880732,-0.47726905,0
-1.5259361,-1.8840593,4.3677206,-0.25991833,0.49493158,0.82914722,0
1.5390086,-1.4546707,-1.5307797,0.95658469,0.014716148,0.29108265,0
1.3498746,3.2286291,-2.1980312,0.13186413,0.86880732,-0.47726905,0
-0.13836169,-4.0350494,1.0816598,-0.13186413,-0.86880732,0.47726905,0
0.28921723,3.5986249,-1.678442,0.13186413,0.86880732,-0.47726905,0
-0.56460905,-2.7178349,3.4168139,-0.13186413,-0.86880732,0.47726905,0
-2.0795999,-1.7090276,3.7945848,-0.95658469,-0.014716148,-0.29108265,0
-0.34840584,-0.80835813,3.9433672,-0.25991833,0.49493158,0.82914722,0
1.7192178,2.2610946,-3.7817254,0.13186413,0.86880732,-0.47726905,0
-1.2382748,4.3089457,0.15780997,-0.95658469,-0.014716148,-0.29108265,0
-0.59026498,-3.0254831,2.557539,-0.13186413,-0.86880732,0.47726905,0
1.4785372,2.4553616,-1.8501043,0.95658469,0.014716148,0.29108265,0
0.42164087,3.4736581,1.6372406,-0.25991833,0.49493158,0.82914722,0
-0.49828136,-1.9657292,4.5619268,-0.13186413,-0.86880732,0.47726905,0
-1.1259661,3.6666591,0.97335953,-0.25991833,0.49493158,0.82914722,0
0.45300132,2.9274516,-3.0974512,0.13186413,0.86880732,-0.47726905,0
0.2199831,-1.4118948,-2.7216151,0.25991833,-0.49493158,-0.82914722,0
-0.80921513,-0.25786275,-0.9095605,-0.95658469,-0.014716148,-0.29108265,0
-0.82588387,4.8059111,0.31127071,0.13186413,0.86880732,-0.47726905,0
0.69119954,-2.1206393,1.2424321,0.95658469,0.014716148,0.29108265,0
1.3168943,-0.69783497,-2.8647676,0.25991833,-0.49493158,-0.82914722,0
-1.4806225,-2.5312023,3.4123583,-0.13186413,-0.86880732,0.47726905,0
-2.0133934,-1.9664418,4.2030897,-0.25991833,0.49493158,0.82914722,0
-1.1316335,-1.0698491,0.34432125,-0.95658469,-0.014716148,-0.29108265,0
0.11688828,4.1453695,-0.95730829,0.13186413,0.86880732,-0.47726905,0
0.41106343,3.7693985,-1.2329376,0.13186413,0.86880732,-0.47726905,0
-0.38925457,-4.8229446,-0.30266881,-0.13186413,-0.86880732,0.47726905,0
1.2456899,-3.6145008,-0.63020933,0.95658469,0.014716148,0.29108265,0
0.25369883,4.8205404,0.74709034,-0.25991833,0.49493158,0.82914722,0
-0.5292933,-2.5570025,3.5239558,-0.13186413,-0.86880732,0.47726905,0
-2.1254659,-2.2064247,3.7285924,-0.95658469,-0.014716148,-0.29108265,0
-1.7923335,-1.2805866,3.7249579,-0.25991833,0.49493158,0.82914722,0
-1.9548724,-0.49292231,3.4015732,-0.25991833,0.49493158,0.82914722,0
0.42403823,2.8363008,-3.1866674,0.13186413,0.86880732,-0.47726905,0
0.63624871,1.3202342,-4.2850585,0.25991833,-0.49493158,-0.82914722,0
0.053875446,-3.7322385,-1.3659155,0.25991833,-0.49493158,-0.82914722,0
1.1888779,3.704196,-1.4426055,0.13186413,0.86880732,-0.47726905,0
-0.21939053,-2.7413807,3.475389,-0.13186413,-0.86880732,0.47726905,0
1.8978144,1.1727364,-3.6032944,0.25991833,-0.49493158,-0.82914722,0
1.0690613,0.83564317,-0.23665142,0.95658469,0.014716148,0.29108265,0
1.0621078,-2.9828832,-0.070798993,0.95658469,0.014716148,0.29108265,0
1.6008396,-1.7053467,-1.5925089,0.95658469,0.014716148,0.29108265,0
-1.1782672,-4.2258883,0.32008958,-0.95658469,-0.014716148,-0.29108265,0
1.0419464,-3.3381155,-1.2534454,0.25991833,-0.49493158,-0.82914722,0
0.31489706,-3.6537366,-1.2963936,0.25991833,-0.49493158,-0.82914722,0
-0.61407709,-2.3249583,-1.1481621,-0.95658469,-0.014716148,-0.29108265,0
-0.91603661,1.3246843,2.4555838,-0.25991833,0.49493158,0.82914722,0
1.1957607,4.0561934,-0.86929202,0.13186413,0.86880732,-0.47726905,0
-1.4214025,3.2277884,1.3245417,-0.25991833,0.49493158,0.82914722,0
0.7482214,4.7256327,0.59916234,0.13186413,0.86880732,-0.47726905,0
1.4904091,3.0504313,-2.4745111,0.13186413,0.86880732,-0.47726905,0
0.26534414,-4.760036,-0.79259276,0.25991833,-0.49493158,-0.82914722,0
0.87312752,2.2277608,-4.2610197,0.13186413,0.86880732,-0.47726905,0
-0.18152285,4.7068043,0.67744899,-0.25991833,0.49493158,0.82914722,0
-0.60209155,-3.5646057,1.5960515,-0.13186413,-0.86880732,0.47726905,0
0.2522676,0.75348443,2.2285171,0.95658469,0.014716148,0.29108265,0
-0.52528775,3.607954,-1.8991058,0.13186413,0.86880732,-0.47726905,0
-0.95585465,-3.2386637,2.0566189,-0.13186413,-0.86880732,0.47726905,0
-0.59451103,-3.767138,1.518508,-0.13186413,-0.86880732,0.47726905,0
1.4028413,0.49335241,-1.5227509,0.95658469,0.014716148,0.29108265,0
0.59073019,-2.0748415,-2.1127057,0.25991833,-0.49493158,-0.82914722,0
-0.21335357,1.6533271,-2.6789746,-0.95658469,-0.014716148,-0.29108265,0
1.2860131,-0.62672603,-2.8104696,0.25991833,-0.49493158,-0.82914722,0
-0.72181183,-2.3828714,3.9960237,-0.13186413,-0.86880732,0.47726905,0
0.58349681,-4.1482153,0.83006978,-0.13186413,-0.86880732,0.47726905,0
0.29680943,-2.7937789,-1.7749192,0.25991833,-0.49493158,-0.82914722,0
-1.0334127,2.9002213,0.092472553,-0.95658469,-0.014716148,-0.29108265,0
-0.65562248,-3.8430185,-1.1986058,-0.95658469,-0.014716148,-0.29108265,0
-1.0327913,-3.7657413,1.2630582,-0.13186413,-0.86880732,0.47726905,0
-1.8651366,-0.5138216,3.4322736,-0.25991833,0.49493158,0.82914722,0
-1.4324211,-0.45541394,3.4843571,-0.25991833,0.49493158,0.82914722,0
0.37981892,1.6577882,-4.4132586,0.25991833,-0.49493158,-0.82914722,0
-1.3254654,3.3083589,0.61718047,-0.95658469,-0.014716148,-0.29108265,0
1.4281482,0.22081828,-3.2047081,0.25991833,-0.49493158,-0.82914722,0
-0.45044947,-4.0124664,-1.4225901,0.25991833,-0.49493158,-0.82914722,0
-1.8711272,-2.6230311,3.0844238,-0.13186413,-0.86880732,0.47726905,0
1.2087805,2.168611,-3.9062524,0.13186413,0.86880732,-0.47726905,0
-0.64489293,-1.1799474,4.2074604,-0.25991833,0.49493158,0.82914722,0
-1.3167341,-2.7611935,1.1186311,-0.95658469,-0.014716148,-0.29108265,0
1.0166192,4.4055719,0.15400028,0.95658469,0.014716148,0.29108265,0
0.67056823,-2.2294166,-2.1873937,0.25991833,-0.49493158,-0.82914722,0
1.6520313,2.5519052,-3.4565549,0.13186413,0.86880732,-0.47726905,0
1.3544798,-0.041987896,-3.0925646,0.25991833,-0.49493158,-0.82914722,0
-1.246484,3.9343596,0.83049297,-0.25991833,0.49493158,0.82914722,0
0.36309838,-0.42614633,-3.2765305,0.25991833,-0.49493158,-0.82914722,0
-0.042321205,-4.4754066,-0.88514972,0.25991833,-0.49493158,-0.82914722,0
-0.74429154,-2.6647902,-0.65063047,-0.95658469,-0.014716148,-0.29108265,0
-0.543221,-4.6665239,-0.073368788,-0.13186413,-0.86880732,0.47726905,0
0.67012548,-4.0724273,-1.0335351,0.25991833,-0.49493158,-0.82914722,0
1.6904843,-1.6843725,-2.1724806,0.25991833,-0.49493158,-0.82914722,0
-1.4232979,-1.6240317,1.3735282,-0.95658469,-0.014716148,-0.29108265,0
-0.94072437,-2.1078126,-0.17550159,-0.95658469,-0.014716148,-0.29108265,0
-0.31081629,4.6117349,0.66325879,-0.25991833,0.49493158,0.82914722,0
-0.24954104,-0.06378065,-2.548305,-0.95658469,-0.014716148,-0.29108265,0
2.0030909,2.4080915,-3.1434536,0.95658469,0.014716148,0.29108265,0
0.56661856,1.5544846,-4.474792,0.25991833,-0.49493158,-0.82914722,0
-1.0467736,-0.66673112,3.6323471,-0.25991833,0.49493158,0.82914722,0
-1.4602271,-0.61280751,3.4663343,-0.25991833,0.49493158,0.82914722,0
-1.780076,-1.5940707,4.0357533,-0.25991833,0.49493158,0.82914722,0
0.80808091,2.7308869,-3.0356359,0.13186413,0.86880732,-0.47726905,0
-1.4369842,-0.17159915,3.1744905,-0.25991833,0.49493158,0.82914722,0
0.60330081,2.8019862,-2.9141655,0.13186413,0.86880732,-0.47726905,0
-1.1378917,-2.6654842,3.1687627,-0.13186413,-0.86880732,0.47726905,0
-0.30088657,1.6487956,-2.7874746,-0.95658469,-0.014716148,-0.29108265,0
-0.33997977,2.8684559,-2.1720524,-0.95658469,-0.014716148,-0.29108265,0
1.90219,1.000731,-2.6793213,0.95658469,0.014716148,0.29108265,0
0.48887587,0.14683735,-3.5793002,0.25991833,-0.49493158,-0.82914722,0
-1.5184307,0.23014748,1.7141794,-0.95658469,-0.014716148,-0.29108265,0
-0.22001016,3.3329394,-2.2610946,0.13186413,0.86880732,-0.47726905,0
0.5751667,-4.4626546,0.33783817,-0.13186413,-0.86880732,0.47726905,0
-0.3746891,-0.71080995,-2.3787942,-0.95658469,-0.014716148,-0.29108265,0
0.34239364,3.6831031,-1.500366,0.13186413,0.86880732,-0.47726905,0
1.1755928,-0.7014364,-0.29523239,0.95658469,0.014716148,0.29108265,0
0.62302923,4.178092,-0.44014859,0.13186413,0.86880732,-0.47726905,0
1.2104325,4.0431752,-0.78515172,0.13186413,0.86880732,-0.47726905,0
0.51977682,-4.9199996,-0.55171371,-0.13186413,-0.86880732,0.47726905,0
0.50264949,2.367136,-3.8161144,0.13186413,0.86880732,-0.47726905,0
0.09733963,-3.2056098,2.5642872,-0.13186413,-0.86880732,0.47726905,0
0.6707046,3.967494,-0.94414854,0.13186413,0.86880732,-0.47726905,0
-1.3022521,3.0250256,0.9037388,-0.95658469,-0.014716148,-0.29108265,0
-1.2412634,1.6493107,0.37942523,-0.95658469,-0.014716148,-0.29108265,0
-0.65892518,-3.6524129,1.3793418,-0.13186413,-0.86880732,0.47726905,0
0.8098799,-1.3372767,0.63272876,0.95658469,0.014716148,0.29108265,0
-1.5664337,-2.1044276,4.1552181,-0.13186413,-0.86880732,0.47726905,0
0.7401886,0.31840229,1.3145396,0.95658469,0.014716148,0.29108265,0
-1.1464024,0.57139742,0.1984252,-0.95658469,-0.014716148,-0.29108265,0
-1.5180289,-2.3187125,3.6381378,-0.13186413,-0.86880732,0.47726905,0
0.1398797,-2.8023012,-2.0028756,0.25991833,-0.49493158,-0.82914722,0
-0.31179333,-0.95400071,-2.5256486,-0.95658469,-0.014716148,-0.29108265,0
0.21633363,1.4224778,2.6886587,0.95658469,0.014716148,0.29108265,0
-0.23613149,1.6055301,-2.7256677,-0.95658469,-0.014716148,-0.29108265,0
1.2756014,-2.3506269,-0.60803014,0.95658469,0.014716148,0.29108265,0
-1.4335256,2.2704804,0.86196148,-0.95658469,-0.014716148,-0.29108265,0
2.0042307,2.0306551,-3.9972677,0.13186413,0.86880732,-0.47726905,0
0.51165402,2.337599,-4.096179,0.13186413,0.86880732,-0.47726905,0
0.3283453,3.6436272,-1.4513881,0.13186413,0.86880732,-0.47726905,0
0.24407125,0.95183235,-4.1422114,0.25991833,-0.49493158,-0.82914722,0
-0.24887395,-0.76582748,-2.2705879,-0.95658469,-0.014716148,-0.29108265,0
-0.21703601,-3.5750108,1.6778734,-0.13186413,-0.86880732,0.47726905,0
-0.76616907,-2.0791476,4.2917571,-0.13186413,-0.86880732,0.47726905,0
-0.0075147152,-1.3801371,3.3887854,0.95658469,0.014716148,0.29108265,0
-0.25677085,-3.7754569,1.3696082,-0.13186413,-0.86880732,0.47726905,0
0.44741702,-1.2999821,-2.5948939,0.25991833,-0.49493158,-0.82914722,0
-1.0752541,-1.7799664,4.4013367,-0.25991833,0.49493158,0.82914722,0
0.38796902,3.1963439,1.6597656,0.95658469,0.014716148,0.29108265,0
-0.36569571,0.90333062,-2.6151643,-0.95658469,-0.014716148,-0.29108265,0
-0.55364954,-2.7202632,3.0933971,-0.13186413,-0.86880732,0.47726905,0
0.68605292,2.223315,-4.0095582,0.13186413,0.86880732,-0.47726905,0
1.3790812,0.662251,-3.5614886,0.25991833,-0.49493158,-0.82914722,0
1.2478356,-4.5832777,-0.58604145,0.25991833,-0.49493158,-0.82914722,0
0.75036395,0.96151066,-3.8985429,0.25991833,-0.49493158,-0.82914722,0
-0.76027513,4.6392641,-0.14252472,0.13186413,0.86880732,-0.47726905,0
-0.20341706,4.2559171,-0.61466002,0.13186413,0.86880732,-0.47726905,0
0.47187662,-3.5567381,1.9113075,-0.13186413,-0.86880732,0.47726905,0
0.52786374,2.9175868,1.2198815,0.95658469,0.014716148,0.29108265,0
1.0748397,3.5044971,-1.7762372,0.13186413,0.86880732,-0.47726905,0
0.48273492,3.0991678,1.3992912,0.95658469,0.014716148,0.29108265,0
1.9999855,0.93900633,-3.430562,0.95658469,0.014716148,0.29108265,0
-0.94933778,0.49321347,-0.26992348,-0.95658469,-0.014716148,-0.29108265,0
-0.11205006,2.5663896,1.9742246,-0.25991833,0.49493158,0.82914722,0
-1.4486789,-1.7853479,1.4664075,-0.95658469,-0.014716148,-0.29108265,0
0.66903293,-3.5646143,1.5885549,0.95658469,0.014716148,0.29108265,0
-1.544358,-2.4649544,1.6984828,-0.95658469,-0.014716148,-0.29108265,0
-0.190979,2.9706542,1.7941316,-0.25991833,0.49493158,0.82914722,0
-0.038985848,-1.4541291,3.9065731,0.95658469,0.014716148,0.29108265,0
-1.3872908,1.2871665,0.90644121,-0.95658469,-0.014716148,-0.29108265,0
-1.4315574,3.202368,1.258444,-0.25991833,0.49493158,0.82914722,0
0.39608622,-3.8505964,1.5686607,-0.13186413,-0.86880732,0.47726905,0
-0.39155567,3.5484943,-1.8364134,0.13186413,0.86880732,-0.47726905,0
1.1047435,-4.216794,-0.66516852,0.25991833,-0.49493158,-0.82914722,0
1.1731086,-3.508589,-1.2467132,0.25991833,-0.49493158,-0.82914722,0
1.4507599,-0.99136686,-1.401039,0.95658469,0.014716148,0.29108265,0
-0.12161994,-0.34523165,-2.909519,-0.95658469,-0.014716148,-0.29108265,0
-0.66808307,0.34539974,-1.3770849,-0.95658469,-0.014716148,-0.29108265,0
0.38076162,-2.0879135,-2.2836878,0.25991833,-0.49493158,-0.82914722,0
-0.16231835,1.3035781,-2.867723,-0.95658469,-0.014716148,-0.29108265,0
0.71031594,-3.8976398,1.2553126,0.95658469,0.014716148,0.29108265,0
1.0266385,-2.9257121,-1.5556802,0.25991833,-0.49493158,-0.82914722,0
0.54667187,-0.89367318,-2.8658319,0.25991833,-0.49493158,-0.82914722,0
-1.4666735,-1.1994821,1.7428373,-0.95658469,-0.014716148,-0.29108265,0
-0.68126082,1.1839519,2.5809512,-0.25991833,0.49493158,0.82914722,0
0.0002155304,3.4621973,1.6262674,-0.25991833,0.49493158,0.82914722,0
-0.5987671,3.0438185,-1.9602513,-0.95658469,-0.014716148,-0.29108265,0
-0.012869671,2.9478335,-3.1814799,0.13186413,0.86880732,-0.47726905,0
-0.72266006,-4.4858742,0.1719296,-0.13186413,-0.86880732,0.47726905,0
-1.2849112,2.1407783,0.4618752,-0.95658469,-0.014716148,-0.29108265,0
1.0027528,3.8991797,-0.98981404,0.13186413,0.86880732,-0.47726905,0
-0.22977233,-2.1615624,4.1933436,-0.13186413,-0.86880732,0.47726905,0
1.3355877,-0.39364648,-2.9868054,0.25991833,-0.49493158,-0.82914722,0
0.235888,-1.6874901,-2.5790634,0.25991833,-0.49493158,-0.82914722,0
1.705189,0.5121752,-2.2105434,0.95658469,0.014716148,0.29108265,0
-1.3674076,-2.6366689,3.0800133,-0.13186413,-0.86880732,0.47726905,0
1.2951462,3.36462,-2.0135503,0.13186413,0.86880732,-0.47726905,0
-0.70757604,-1.2181022,-1.1690423,-0.95658469,-0.014716148,-0.29108265,0
1.4852061,-0.70905316,-2.7547727,0.25991833,-0.49493158,-0.82914722,0
-1.6196095,-1.9819471,2.1772604,-0.95658469,-0.014716148,-0.29108265,0
1.0721436,3.8213625,-1.1759505,0.13186413,0.86880732,-0.47726905,0
-0.60863733,-0.9153744,3.943265,-0.25991833,0.49493158,0.82914722,0
-1.3257624,-2.4626973,1.3365207,-0.95658469,-0.014716148,-0.29108265,0
0.066307306,-0.30180973,3.3423336,0.95658469,0.014716148,0.29108265,0
-0.74812758,-1.730027,4.4718533,-0.25991833,0.49493158,0.82914722,0
-1.5545459,-0.84618163,3.5859237,-0.25991833,0.49493158,0.82914722,0
-0.74126697,-1.9986331,4.5738902,-0.13186413,-0.86880732,0.47726905,0
-0.51359856,-1.9676337,4.5369191,-0.13186413,-0.86880732,0.47726905,0
-1.0906007,3.8236413,0.93846548,-0.25991833,0.49493158,0.82914722,0
-1.8401117,-0.34226656,2.53808,-0.95658469,-0.014716148,-0.29108265,0
-1.6415229,-1.6288522,2.3484149,-0.95658469,-0.014716148,-0.29108265,0
0.52429366,0.031544909,1.8798765,0.95658469,0.014716148,0.29108265,0
0.60290289,-4.4099936,-0.81226742,0.25991833,-0.49493158,-0.82914722,0
-1.9825604,-1.7103679,4.0917559,-0.25991833,0.49493158,0.82914722,0
-1.518683,-1.5164577,3.93503,-0.25991833,0.49493158,0.82914722,0
0.57893491,2.4422936,1.4684458,0.95658469,0.014716148,0.29108265,0
-1.1836572,3.9707267,0.16679931,-0.95658469,-0.014716148,-0.29108265,0
-1.8075236,-0.32871556,2.6158533,-0.95658469,-0.014716148,-0.29108265,0
-0.74551153,-4.9213896,-0.92446375,-0.13186413,-0.86880732,0.47726905,0
1.2616978,-3.5609291,-0.29673004,0.95658469,0.014716148,0.29108265,0
-1.1619952,-3.5790851,0.66878915,-0.95658469,-0.014716148,-0.29108265,0
0.546561,2.8302214,1.7391062,0.95658469,0.014716148,0.29108265,0
0.84211302,-3.7194581,-1.132427,0.25991833,-0.49493158,-0.82914722,0
1.0000468,3.7073131,-1.5565665,0.13186413,0.86880732,-0.47726905,0
-1.1159015,3.9791579,0.92269552,-0.25991833,0.49493158,0.82914722,0
-0.86691654,-3.4392195,2.0843966,-0.13186413,-0.86880732,0.47726905,0
-1.7622793,-2.539341,3.0976863,-0.13186413,-0.86880732,0.47726905,0
-0.031467438,-0.80205083,-3.2685227,0.25991833,-0.49493158,-0.82914722,0
0.39084673,-4.7346725,0.076555967,-0.13186413,-0.86880732,0.47726905,0
0.56853867,-3.7545948,-1.1821165,0.25991833,-0.49493158,-0.82914722,0
0.5238719,0.094275713,-3.5072064,0.25991833,-0.49493158,-0.82914722,0
0.89222169,-1.9086583,-2.2144036,0.25991833,-0.49493158,-0.82914722,0
-0.60418701,4.5565052,-0.34797812,0.13186413,0.86880732,-0.47726905,0
1.462122,2.2462208,-4.0615187,0.13186413,0.86880732,-0.47726905,0
-1.2149495,-2.3770168,3.7794375,-0.13186413,-0.86880732,0.47726905,0
1.1425984,-0.91560507,-2.6400182,0.25991833,-0.49493158,-0.82914722,0
1.3252043,2.8536751,-2.6643062,0.13186413,0.86880732,-0.47726905,0
1.0235255,-2.9470291,-1.5006371,0.25991833,-0.49493158,-0.82914722,0
-0.29228425,4.6273551,-0.22769356,0.13186413,0.86880732,-0.47726905,0
-0.38786459,-4.3200006,-1.0521369,0.25991833,-0.49493158,-0.82914722,0
1.3633938,-2.0641668,-0.60271531,0.95658469,0.014716148,0.29108265,0
0.51616758,-2.0338621,1.7233684,0.95658469,0.014716148,0.29108265,0
0.35774183,-3.8598418,-1.1736343,0.25991833,-0.49493158,-0.82914722,0
1.0651875,-3.9394591,0.16616249,0.95658469,0.014716148,0.29108265,0
-1.6545155,0.61218786,2.7926328,-0.25991833,0.49493158,0.82914722,0
1.1153781,-0.26507056,-0.15635803,0.95658469,0.014716148,0.29108265,0
1.8119245,2.6279385,-2.9938481,0.13186413,0.86880732,-0.47726905,0
-0.30255365,0.40190625,-2.6648073,-0.95658469,-0.014716148,-0.29108265,0
-1.5989681,-2.0165358,4.105154,-0.13186413,-0.86880732,0.47726905,0
-0.46409488,3.6792293,-1.7016627,0.13186413,0.86880732,-0.47726905,0
0.30200684,-3.7118063,1.7387177,-0.13186413,-0.86880732,0.47726905,0
-0.95425999,-0.64431655,3.6413889,-0.25991833,0.49493158,0.82914722,0
1.7195719,0.22013974,-3.2614148,0.25991833,-0.49493158,-0.82914722,0
0.31701088,4.6945648,0.90581775,-0.25991833,0.49493158,0.82914722,0
0.20985007,-0.53938705,-3.2227392,0.25991833,-0.49493158,-0.82914722,0
0.49654257,1.3675821,-4.2893786,0.25991833,-0.49493158,-0.82914722,0
-1.4777198,0.15419126,3.1458676,-0.25991833,0.49493158,0.82914722,0
-1.3791146,2.4863729,1.6279091,-0.25991833,0.49493158,0.82914722,0
2.0846176,1.0424986,-3.4580948,0.95658469,0.014716148,0.29108265,0
-0.39244056,-2.0875988,-2.1011975,-0.95658469,-0.014716148,-0.29108265,0
0.40440536,0.52452618,-3.8775537,0.25991833,-0.49493158,-0.82914722,0
1.1703103,-1.0495692,-2.704092,0.25991833,-0.49493158,-0.82914722,0
0.40313864,-4.5118189,0.29392815,-0.13186413,-0.86880732,0.47726905,0
-1.0966163,1.1740413,2.6506407,-0.25991833,0.49493158,0.82914722,0
-1.1796162,4.170279,0.68490112,-0.25991833,0.49493158,0.82914722,0
0.68936181,-2.0526245,-2.1243577,0.25991833,-0.49493158,-0.82914722,0
1.7569144,0.4940002,-2.2355464,0.95658469,0.014716148,0.29108265,0
-1.2827001,0.41658819,2.9872518,-0.25991833,0.49493158,0.82914722,0
0.96677738,2.2385507,-4.0595326,0.13186413,0.86880732,-0.47726905,0
-0.68076491,2.1839781,2.1797087,-0.25991833,0.49493158,0.82914722,0
1.5790925,0.16407561,-3.3196068,0.25991833,-0.49493158,-0.82914722,0
1.7064747,2.609237,-2.1267395,0.95658469,0.014716148,0.29108265,0
1.4830562,3.069572,-1.3132243,0.95658469,0.014716148,0.29108265,0
-0.24206471,-4.2806659,0.49324775,-0.13186413,-0.86880732,0.47726905,0
-0.43082237,3.8099675,-1.5328572,0.13186413,0.86880732,-0.47726905,0
-0.61531496,4.8200583,0.29266906,0.13186413,0.86880732,-0.47726905,0
0.27055502,2.0611107,-4.3188162,-0.95658469,-0.014716148,-0.29108265,0
-0.36275697,-0.47433376,3.73422,-0.25991833,0.49493158,0.82914722,0
-1.3104951,4.33746,0.56433868,-0.25991833,0.49493158,0.82914722,0
-0.4175458,-3.7248743,1.2778304,-0.13186413,-0.86880732,0.47726905,0
-1.9085281,-1.5820618,4.0735826,-0.25991833,0.49493158,0.82914722,0
-0.14356518,4.621376,0.84808731,-0.25991833,0.49493158,0.82914722,0
0.9120847,-0.094573081,0.26282519,0.95658469,0.014716148,0.29108265,0
0.26510298,-3.5335436,2.2301867,-0.13186413,-0.86880732,0.47726905,0
1.1959308,0.7534529,-0.25974596,0.95658469,0.014716148,0.29108265,0
-0.21041679,2.1518152,2.1715393,-0.25991833,0.49493158,0.82914722,0
-1.5265902,0.93410754,1.5307486,-0.95658469,-0.014716148,-0.29108265,0
0.19380736,-3.7078357,1.4849569,-0.13186413,-0.86880732,0.47726905,0
-0.94375563,1.3168561,2.4637403,-0.25991833,0.49493158,0.82914722,0
-1.8022546,-1.2374866,2.2596068,-0.95658469,-0.014716148,-0.29108265,0
0.11508131,0.89825726,-3.6295073,-0.95658469,-0.014716148,-0.29108265,0
-0.36351955,0.61410785,-2.2228689,-0.95658469,-0.014716148,-0.29108265,0
-0.61425376,-2.0303349,4.4255834,-0.13186413,-0.86880732,0.47726905,0
0.24070865,2.6836987,-3.5902109,0.13186413,0.86880732,-0.47726905,0
-1.5041615,-2.5230756,1.8557534,-0.95658469,-0.014716148,-0.29108265,0
-1.1310291,-3.8123655,0.94195366,-0.13186413,-0.86880732,0.47726905,0
0.94141883,1.4619888,0.09493351,0.95658469,0.014716148,0.29108265,0
-0.31292582,4.0052829,-1.0555165,0.13186413,0.86880732,-0.47726905,0
-0.6593169,-1.8933382,4.6252203,-0.25991833,0.49493158,0.82914722,0
-1.1196442,5.0186028,0.35920286,-0.25991833,0.49493158,0.82914722,0
0.94602907,-0.21714932,0.39809582,0.95658469,0.014716148,0.29108265,0
0.95744371,4.2618127,-0.23080301,0.13186413,0.86880732,-0.47726905,0
