-4.7923675,2.3391657,0.15498257,-0.70514363,0.69760662,-0.12695456,0
-1.7235231,4.8585258,-3.1328864,-0.70514363,0.69760662,-0.12695456,0
-3.0518394,3.5858929,-2.428045,-0.70514363,0.69760662,-0.12695456,0
2.3884223,0.50784194,-3.3801153,0.50084007,0.36328077,-0.78561217,0
-4.2753139,3.118166,1.3268914,-0.70514363,0.69760662,-0.12695456,0
-0.23560166,-2.5097828,1.1933714,-0.50192809,-0.61755329,-0.6055544,0
2.4439662,2.0901675,-2.6744485,0.50084007,0.36328077,-0.78561217,0
-5.0732651,1.6336912,2.6646223,-0.50084007,-0.36328077,0.78561217,0
1.0270729,1.1038675,-3.6795158,-0.50192809,-0.61755329,-0.6055544,0
0.69956613,-2.8353686,0.6323837,-0.50192809,-0.61755329,-0.6055544,0
-1.0882916,-2.9453409,3.0738993,-0.50084007,-0.36328077,0.78561217,0
-4.7178288,2.5025048,-0.15758991,-0.70514363,0.69760662,-0.12695456,0
-0.060371637,0.052423388,-1.8080204,-0.50192809,-0.61755329,-0.6055544,0
-4.5150318,0.092568159,2.1484644,-0.50084007,-0.36328077,0.78561217,0
-0.20367241,3.2259374,-3.6498399,0.50084007,0.36328077,-0.78561217,0
-0.13300294,-0.54709744,-1.1266249,-0.50192809,-0.61755329,-0.6055544,0
-2.118854,4.3710222,-3.0120761,-0.70514363,0.69760662,-0.12695456,0
-1.9338,-2.1496007,2.0056968,-0.50192809,-0.61755329,-0.6055544,0
1.8293419,1.8295234,-2.9623957,0.50084007,0.36328077,-0.78561217,0
-1.6106334,-2.5474806,2.9888124,-0.50084007,-0.36328077,0.78561217,0
-4.9953866,1.4137548,2.5833201,-0.50084007,-0.36328077,0.78561217,0
4.3115621,-1.8174583,-3.1331453,0.50084007,0.36328077,-0.78561217,0
-3.5294991,-0.12326407,1.3130481,-0.50192809,-0.61755329,-0.6055544,0
2.601233,0.61712843,-3.191216,0.50084007,0.36328077,-0.78561217,0
1.6797246,-0.34989166,0.57015491,0.50192809,0.61755329,0.6055544,0
-3.2470682,2.2716122,-1.422508,-0.50192809,-0.61755329,-0.6055544,0
3.8464251,-3.4375563,-0.54263449,0.70514363,-0.69760662,0.12695456,0
-5.4839778,1.849286,1.4092245,-0.70514363,0.69760662,-0.12695456,0
1.9428678,-4.5917807,3.9377341,0.70514363,-0.69760662,0.12695456,0
-0.79023337,0.93016464,1.3197771,0.50192809,0.61755329,0.6055544,0
-0.46198952,-1.4805545,0.33043456,-0.50192809,-0.61755329,-0.6055544,0
-3.6129773,1.9769595,2.5025294,0.50192809,0.61755329,0.6055544,0
-1.2778401,2.7077255,-3.2289677,-0.50192809,-0.61755329,-0.6055544,0
-1.2668438,4.4242849,-3.7786601,0.50084007,0.36328077,-0.78561217,0
-2.7737274,2.3205631,-1.6187663,-0.50192809,-0.61755329,-0.6055544,0
-3.6907907,3.5972304,0.63019323,-0.70514363,0.69760662,-0.12695456,0
0.1848011,0.52343631,-2.3673859,-0.50192809,-0.61755329,-0.6055544,0
-4.8112607,2.751503,2.1767488,-0.70514363,0.69760662,-0.12695456,0
3.2591593,-2.2834816,1.2132561,0.50192809,0.61755329,0.6055544,0
-0.83638239,3.7956145,-3.988168,0.50084007,0.36328077,-0.78561217,0
2.0103641,-1.2768039,-2.1365626,-0.50192809,-0.61755329,-0.6055544,0
-3.1636717,3.9065335,-0.019152641,-0.70514363,0.69760662,-0.12695456,0
1.4921088,-5.069478,2.9741285,0.70514363,-0.69760662,0.12695456,0
1.4053907,-2.6193523,3.2416954,0.50192809,0.61755329,0.6055544,0
-2.5942066,0.90857351,3.0204558,0.50192809,0.61755329,0.6055544,0
-0.90784645,1.4649397,-2.4144897,-0.50192809,-0.61755329,-0.6055544,0
2.5242107,0.12958312,-0.51047921,0.50192809,0.61755329,0.6055544,0
1.5058475,-4.399457,4.1264591,-0.50084007,-0.36328077,0.78561217,0
-0.15914917,2.8845427,-3.7890325,0.50084007,0.36328077,-0.78561217,0
3.0010059,1.4130148,-2.4069557,0.50084007,0.36328077,-0.78561217,0
1.4309788,2.1904137,-3.2645872,0.50084007,0.36328077,-0.78561217,0
2.5278795,-0.66443908,-3.0547757,-0.50192809,-0.61755329,-0.6055544,0
-4.107718,0.14122486,2.5169497,-0.50084007,-0.36328077,0.78561217,0
-4.7091379,2.6400454,1.4648552,-0.70514363,0.69760662,-0.12695456,0
0.57522488,-1.7703745,3.0867074,0.50192809,0.61755329,0.6055544,0
-4.0325222,-0.12448668,2.5878088,-0.50084007,-0.36328077,0.78561217,0
-2.9348507,3.9152856,-2.1366296,-0.70514363,0.69760662,-0.12695456,0
1.0251503,-3.1201017,3.9476137,0.50192809,0.61755329,0.6055544,0
0.2063632,-3.004045,3.7307231,-0.50084007,-0.36328077,0.78561217,0
0.57814455,2.6249564,-3.4381821,0.50084007,0.36328077,-0.78561217,0
-2.5723767,1.4031844,2.4591017,0.50192809,0.61755329,0.6055544,0
-4.9459705,2.2797582,1.4009323,-0.70514363,0.69760662,-0.12695456,0
-3.0431581,3.7672048,0.39687014,0.50192809,0.61755329,0.6055544,0
3.3863735,-2.6843252,-1.7805896,-0.50192809,-0.61755329,-0.6055544,0
2.1421013,-4.5129104,2.2647603,0.70514363,-0.69760662,0.12695456,0
-1.4630911,-0.11206079,-0.39712143,-0.50192809,-0.61755329,-0.6055544,0
3.1478295,-0.20602763,-0.737607,0.50192809,0.61755329,0.6055544,0
-4.6464977,2.5207696,-0.091755867,-0.70514363,0.69760662,-0.12695456,0
-3.763818,3.4983382,1.0967336,-0.70514363,0.69760662,-0.12695456,0
3.093708,-3.1447237,-0.91509628,-0.50192809,-0.61755329,-0.6055544,0
-4.7135344,2.4638529,0.37050009,-0.70514363,0.69760662,-0.12695456,0
0.14810133,2.6220775,-3.6685638,0.50084007,0.36328077,-0.78561217,0
-3.353548,3.1295657,1.3753943,0.50192809,0.61755329,0.6055544,0
-1.0400764,-0.0045768619,-0.90092415,-0.50192809,-0.61755329,-0.6055544,0
-4.3016396,2.9092789,0.77014923,-0.70514363,0.69760662,-0.12695456,0
0.93981314,-4.8785648,3.3955996,-0.50084007,-0.36328077,0.78561217,0
-0.78720784,1.6632736,-2.8098292,-0.50192809,-0.61755329,-0.6055544,0
-0.7634058,4.2320461,-3.5624757,0.50084007,0.36328077,-0.78561217,0
3.2886407,-0.36063445,-3.2300525,0.50084007,0.36328077,-0.78561217,0
0.73144245,-3.5303605,4.0440369,-0.50084007,-0.36328077,0.78561217,0
3.1114581,-3.9956446,-0.045855522,-0.50192809,-0.61755329,-0.6055544,0
-3.4328585,0.23665762,3.0201831,-0.50084007,-0.36328077,0.78561217,0
-2.1151972,-2.4105511,2.654635,-0.50084007,-0.36328077,0.78561217,0
0.22674751,2.9290719,-3.5446744,0.50084007,0.36328077,-0.78561217,0
5.9741912,-1.4901278,-1.6936202,0.70514363,-0.69760662,0.12695456,0
-1.7364857,2.1557496,-2.3667288,-0.50192809,-0.61755329,-0.6055544,0
1.270754,-1.8716853,-0.63757598,-0.50192809,-0.61755329,-0.6055544,0
-4.2953978,2.8528008,0.57153702,-0.70514363,0.69760662,-0.12695456,0
-1.0712277,0.72566211,1.7622464,0.50192809,0.61755329,0.6055544,0
3.786082,-0.29909444,-2.7114618,0.50084007,0.36328077,-0.78561217,0
-4.5198236,2.7245278,1.2050462,-0.70514363,0.69760662,-0.12695456,0
0.23905778,1.9447765,-0.5034852,0.50192809,0.61755329,0.6055544,0
3.5470314,0.21981788,-2.6182199,0.50084007,0.36328077,-0.78561217,0
2.6655209,-0.286955,-0.39991975,0.50192809,0.61755329,0.6055544,0
-0.29258919,-4.0569344,2.964216,-0.50084007,-0.36328077,0.78561217,0
-0.13513517,2.8313527,-3.9861884,0.50084007,0.36328077,-0.78561217,0
-4.5234251,2.9752617,2.124249,-0.70514363,0.69760662,-0.12695456,0
4.0286436,-1.2621297,-3.0473747,0.50084007,0.36328077,-0.78561217,0
-1.4470786,1.3650906,-1.9738312,-0.50192809,-0.61755329,-0.6055544,0
5.4087739,-1.892984,-1.4929886,0.70514363,-0.69760662,0.12695456,0
-4.6399622,2.0517271,3.0100622,-0.50084007,-0.36328077,0.78561217,0
-2.2485962,3.9821787,-3.7079391,-0.50192809,-0.61755329,-0.6055544,0
-3.4510076,3.1909647,-2.1629238,-0.70514363,0.69760662,-0.12695456,0
-3.2766871,3.673147,-1.1729779,-0.70514363,0.69760662,-0.12695456,0
4.4850707,-2.7755978,-0.080262184,0.70514363,-0.69760662,0.12695456,0
-2.3938372,4.5795555,-1.3631051,-0.70514363,0.69760662,-0.12695456,0
4.6861253,-2.3631496,-0.096298695,0.70514363,-0.69760662,0.12695456,0
3.4256563,-1.9455005,-2.5261083,-0.50192809,-0.61755329,-0.6055544,0
-3.6081951,-0.53108299,2.5125871,-0.50084007,-0.36328077,0.78561217,0
0.90404987,-4.6289535,2.4819274,-0.50192809,-0.61755329,-0.6055544,0
1.0325527,-2.3894007,3.2903306,0.50192809,0.61755329,0.6055544,0
2.5310683,-4.3292742,0.75975895,0.70514363,-0.69760662,0.12695456,0
-2.7735839,3.8730884,-2.7840197,-0.70514363,0.69760662,-0.12695456,0
-2.3135915,1.3512485,2.0805531,0.50192809,0.61755329,0.6055544,0
-2.3254752,4.1915107,-3.0382836,-0.70514363,0.69760662,-0.12695456,0
-4.2663059,2.809099,-0.70394754,-0.70514363,0.69760662,-0.12695456,0
-0.4806658,-1.6241579,0.54955363,-0.50192809,-0.61755329,-0.6055544,0
-0.1821084,-4.425704,3.0506725,-0.50084007,-0.36328077,0.78561217,0
-0.37081146,4.5945635,-3.2625825,0.50084007,0.36328077,-0.78561217,0
1.7262607,-5.0335188,2.8600047,0.70514363,-0.69760662,0.12695456,0
-2.5602667,-0.14613223,3.3276756,-0.50084007,-0.36328077,0.78561217,0
2.3107381,1.7232772,-2.836894,0.50084007,0.36328077,-0.78561217,0
3.5437777,-3.4310164,0.44843197,0.70514363,-0.69760662,0.12695456,0
-1.794673,-0.52942944,3.5981958,0.50192809,0.61755329,0.6055544,0
-0.9749999,-1.6000075,3.8124342,-0.50084007,-0.36328077,0.78561217,0
1.759716,-3.546031,3.6976228,0.50192809,0.61755329,0.6055544,0
-3.7800443,-0.39483702,2.5822017,-0.50084007,-0.36328077,0.78561217,0
-0.66708851,2.8213112,-3.950654,-0.50192809,-0.61755329,-0.6055544,0
-2.6380763,4.0151176,-2.6652858,-0.70514363,0.69760662,-0.12695456,0
3.7728534,-3.4621108,-0.064426899,0.70514363,-0.69760662,0.12695456,0
4.802093,-2.8355975,-2.459506,0.70514363,-0.69760662,0.12695456,0
2.9883907,1.5251553,-2.6067567,0.50084007,0.36328077,-0.78561217,0
-5.8908286,1.6197908,1.9678278,-0.70514363,0.69760662,-0.12695456,0
-5.1919322,0.9969821,2.2741389,-0.50084007,-0.36328077,0.78561217,0
1.2145674,-4.3256373,1.8410289,-0.50192809,-0.61755329,-0.6055544,0
1.936841,0.17473233,-3.4840388,-0.50192809,-0.61755329,-0.6055544,0
-2.8717833,2.9836557,1.0401449,0.50192809,0.61755329,0.6055544,0
-2.3617549,0.022699177,3.4576831,0.50192809,0.61755329,0.6055544,0
-1.0700575,-0.039729774,-0.85031837,-0.50192809,-0.61755329,-0.6055544,0
-0.35656047,1.0108802,-2.305512,-0.50192809,-0.61755329,-0.6055544,0
1.3459065,0.25363755,0.16595972,0.50192809,0.61755329,0.6055544,0
2.5630074,0.98602664,-1.4538704,0.50192809,0.61755329,0.6055544,0
4.8179278,-2.8490086,-2.5052495,0.70514363,-0.69760662,0.12695456,0
-3.4595103,-0.78407204,1.8827341,-0.50192809,-0.61755329,-0.6055544,0
1.8988352,-4.1623287,4.3022466,-0.50084007,-0.36328077,0.78561217,0
4.1968632,-0.6174469,-1.0821085,0.50192809,0.61755329,0.6055544,0
3.5069237,-3.6321659,0.62983894,0.70514363,-0.69760662,0.12695456,0
4.2343502,-1.3419853,-3.0586734,0.50084007,0.36328077,-0.78561217,0
-1.2643101,1.7690619,-2.5703611,-0.50192809,-0.61755329,-0.6055544,0
-2.9248862,1.1859511,-0.34077764,-0.50192809,-0.61755329,-0.6055544,0
-1.6881368,3.4701614,-0.5211277,0.50192809,0.61755329,0.6055544,0
3.5944319,-0.89698172,-3.1611106,0.50084007,0.36328077,-0.78561217,0
-1.5544827,-0.51118439,0.31027091,-0.50192809,-0.61755329,-0.6055544,0
-2.947191,4.2155766,-0.49593687,-0.70514363,0.69760662,-0.12695456,0
2.1203952,1.4255991,-3.1850297,0.50084007,0.36328077,-0.78561217,0
0.43958139,2.09304,-3.806459,0.50084007,0.36328077,-0.78561217,0
3.2715495,-0.30660951,-0.59587479,0.50192809,0.61755329,0.6055544,0
-4.6500163,2.4976509,0.59520006,-0.70514363,0.69760662,-0.12695456,0
-3.2320166,-0.34027588,2.7482429,-0.50084007,-0.36328077,0.78561217,0
-0.28736782,2.8866773,-3.9624577,0.50084007,0.36328077,-0.78561217,0
-1.6708159,4.7586679,-3.8117368,-0.70514363,0.69760662,-0.12695456,0
-1.4754786,5.0885782,-3.4114273,-0.70514363,0.69760662,-0.12695456,0
-3.5569756,3.2957163,-0.74505568,-0.70514363,0.69760662,-0.12695456,0
2.0323775,-0.18606481,-3.2897897,-0.50192809,-0.61755329,-0.6055544,0
1.4452734,-5.0335636,3.5117667,0.70514363,-0.69760662,0.12695456,0
0.24772406,1.5131229,-3.4139438,-0.50192809,-0.61755329,-0.6055544,0
1.7301607,-4.7737088,2.8690491,0.70514363,-0.69760662,0.12695456,0
-0.57477903,-1.0932521,3.2435625,0.50192809,0.61755329,0.6055544,0
1.6766188,0.73674279,-0.3856883,0.50192809,0.61755329,0.6055544,0
-0.75165111,-0.90397644,-0.23611748,-0.50192809,-0.61755329,-0.6055544,0
-4.9671607,2.2054224,2.9326119,-0.50084007,-0.36328077,0.78561217,0
1.4974377,-0.68564445,1.2003049,0.50192809,0.61755329,0.6055544,0
-0.13291836,3.8674564,-3.4073131,0.50084007,0.36328077,-0.78561217,0
-5.2231131,2.3270245,2.4686041,-0.70514363,0.69760662,-0.12695456,0
4.3816957,-2.2439866,0.32961512,0.50192809,0.61755329,0.6055544,0
1.435288,-4.9698772,3.6008623,-0.50084007,-0.36328077,0.78561217,0
-3.7703979,3.3358498,0.091228008,-0.70514363,0.69760662,-0.12695456,0
-1.2552714,4.9152422,-3.602212,0.50084007,0.36328077,-0.78561217,0
2.2105055,-4.402741,3.2705235,0.70514363,-0.69760662,0.12695456,0
-2.9178004,-0.76711261,1.4166961,-0.50192809,-0.61755329,-0.6055544,0
4.8058052,-2.544436,-1.1686363,0.70514363,-0.69760662,0.12695456,0
2.7718551,-3.6367741,3.1003044,0.50192809,0.61755329,0.6055544,0
3.2272322,0.06540513,-3.0864029,0.50084007,0.36328077,-0.78561217,0
-5.0202255,2.2602816,1.0756116,-0.70514363,0.69760662,-0.12695456,0
3.8305719,-3.4205112,-0.47818232,0.70514363,-0.69760662,0.12695456,0
1.5788689,2.2006359,-3.1031466,0.50084007,0.36328077,-0.78561217,0
0.31162691,1.709456,-3.5267866,-0.50192809,-0.61755329,-0.6055544,0
1.2978151,2.5739965,-2.1279309,0.50192809,0.61755329,0.6055544,0
2.8278782,0.52447999,-1.1140697,0.50192809,0.61755329,0.6055544,0
-5.0092583,2.1829813,0.45714235,-0.70514363,0.69760662,-0.12695456,0
-2.375196,4.2104664,-3.6895101,-0.70514363,0.69760662,-0.12695456,0
-1.7749906,4.4857478,-1.6043,0.50192809,0.61755329,0.6055544,0
-3.410542,2.2623763,-1.2087908,-0.50192809,-0.61755329,-0.6055544,0
3.7520993,-3.4372995,0.10289717,0.70514363,-0.69760662,0.12695456,0
-4.750113,2.1435902,0.21489334,-0.50192809,-0.61755329,-0.6055544,0
0.60368824,-0.61739111,-1.5578835,-0.50192809,-0.61755329,-0.6055544,0
2.8764396,-2.5737162,-1.2871914,-0.50192809,-0.61755329,-0.6055544,0
0.90891695,2.9386542,-3.2088413,0.50084007,0.36328077,-0.78561217,0
2.4894691,0.038355947,-3.401015,0.50084007,0.36328077,-0.78561217,0
4.1812873,-2.6798542,0.90230227,0.70514363,-0.69760662,0.12695456,0
3.2538648,-1.8437271,-2.3644485,-0.50192809,-0.61755329,-0.6055544,0
-0.75619984,3.9762564,-3.6541479,0.50084007,0.36328077,-0.78561217,0
2.1350904,0.81481671,-3.3104515,0.50084007,0.36328077,-0.78561217,0
5.6717238,-1.900305,-1.9839187,0.70514363,-0.69760662,0.12695456,0
1.8766508,2.6487393,-2.7386966,0.50084007,0.36328077,-0.78561217,0
4.113368,-3.2825239,-0.88019705,0.70514363,-0.69760662,0.12695456,0
2.3068819,1.7529652,-2.7658293,0.50084007,0.36328077,-0.78561217,0
3.3407664,-3.59624,1.4556551,0.70514363,-0.69760662,0.12695456,0
1.9549584,-4.8095098,2.6665738,0.70514363,-0.69760662,0.12695456,0
4.7221293,-2.9749866,-2.4134269,0.70514363,-0.69760662,0.12695456,0
-0.78262758,-2.8379498,3.236244,-0.50084007,-0.36328077,0.78561217,0
3.3462965,-3.728502,-0.12992811,0.70514363,-0.69760662,0.12695456,0
3.2817843,-3.7072344,0.58875561,0.70514363,-0.69760662,0.12695456,0
-1.6192508,-1.1644907,3.5381756,-0.50084007,-0.36328077,0.78561217,0
0.67728305,-0.50469947,-1.803991,-0.50192809,-0.61755329,-0.6055544,0
4.1680651,-1.24632,-3.1164327,0.50084007,0.36328077,-0.78561217,0
0.47018147,-2.7863512,4.1504998,-0.50084007,-0.36328077,0.78561217,0
4.8821831,-2.3857772,-0.47482967,0.70514363,-0.69760662,0.12695456,0
4.7223964,-1.2265066,-2.5337286,0.50084007,0.36328077,-0.78561217,0
2.0212045,-4.5853992,2.794759,0.70514363,-0.69760662,0.12695456,0
4.3379622,-2.772815,0.27433586,0.70514363,-0.69760662,0.12695456,0
3.6764438,0.83388054,-2.3244963,0.50084007,0.36328077,-0.78561217,0
2.1205902,1.7015729,-1.6934948,0.50192809,0.61755329,0.6055544,0
-3.2937984,3.567363,-1.4681273,-0.70514363,0.69760662,-0.12695456,0
2.668323,-4.0895376,1.3835905,0.70514363,-0.69760662,0.12695456,0
3.5675669,0.75194895,-2.5414858,0.50084007,0.36328077,-0.78561217,0
2.0693564,-4.4376984,3.6632395,0.70514363,-0.69760662,0.12695456,0
-0.83127481,-0.69110119,-0.2905882,-0.50192809,-0.61755329,-0.6055544,0
-3.1315784,1.8942876,-0.90461898,-0.50192809,-0.61755329,-0.6055544,0
-1.5279064,3.1095135,-3.4210711,-0.50192809,-0.61755329,-0.6055544,0
4.0171347,-1.5862895,-0.052760601,0.50192809,0.61755329,0.6055544,0
-1.883604,4.5672059,-3.183022,-0.70514363,0.69760662,-0.12695456,0
5.1477404,-2.3341761,-1.3151793,0.70514363,-0.69760662,0.12695456,0
4.8597689,-2.5141525,-1.1237092,0.70514363,-0.69760662,0.12695456,0
2.2266932,0.53501874,-3.3636339,0.50084007,0.36328077,-0.78561217,0
4.6054964,-2.7327015,-0.684937,0.70514363,-0.69760662,0.12695456,0
2.2295914,-4.6177216,1.9772582,0.70514363,-0.69760662,0.12695456,0
-5.4483767,1.9838865,2.2053313,-0.70514363,0.69760662,-0.12695456,0
-1.7029176,4.7497125,-3.6208274,-0.70514363,0.69760662,-0.12695456,0
3.4385881,-3.5844874,0.89693499,0.70514363,-0.69760662,0.12695456,0
-2.8447366,-1.1329992,2.6943398,-0.50084007,-0.36328077,0.78561217,0
1.5940695,0.76614237,-3.6709936,0.50084007,0.36328077,-0.78561217,0
1.2927628,2.3318501,-3.2119272,0.50084007,0.36328077,-0.78561217,0
3.8620269,-3.0433893,1.0888395,0.70514363,-0.69760662,0.12695456,0
1.059772,-3.6732883,4.1919641,-0.50084007,-0.36328077,0.78561217,0
-3.0399599,-0.60437679,1.3548548,-0.50192809,-0.61755329,-0.6055544,0
5.1107306,-1.5229599,-2.6471257,0.50084007,0.36328077,-0.78561217,0
5.141428,-2.1239285,-0.72364473,0.70514363,-0.69760662,0.12695456,0
-1.5251012,4.3143568,-1.5426278,0.50192809,0.61755329,0.6055544,0
-4.5535865,1.6197286,0.55141068,-0.50192809,-0.61755329,-0.6055544,0
-5.8906078,1.3792117,2.0636115,-0.50084007,-0.36328077,0.78561217,0
-1.5204382,0.40092009,-0.7804426,-0.50192809,-0.61755329,-0.6055544,0
0.75175285,-4.5966849,3.3640387,-0.50084007,-0.36328077,0.78561217,0
-3.8240221,2.962302,1.9280148,0.50192809,0.61755329,0.6055544,0
3.4688377,-2.7533863,1.5339551,0.50192809,0.61755329,0.6055544,0
-1.9040968,2.7060273,0.43290043,0.50192809,0.61755329,0.6055544,0
-2.9174097,3.8297067,-2.5544572,-0.70514363,0.69760662,-0.12695456,0
3.1513805,-3.947803,-0.040205956,0.70514363,-0.69760662,0.12695456,0
2.2188876,0.71263444,-3.2276852,0.50084007,0.36328077,-0.78561217,0
-0.75450516,3.97967,-3.7861586,0.50084007,0.36328077,-0.78561217,0
3.8675845,-3.2075896,0.8192091,0.70514363,-0.69760662,0.12695456,0
2.0471115,-4.5885677,2.6075289,0.70514363,-0.69760662,0.12695456,0
3.5440476,-1.8764844,0.70882654,0.50192809,0.61755329,0.6055544,0
1.4773474,-4.2985134,4.0960445,-0.50084007,-0.36328077,0.78561217,0
-0.36710978,-4.1788921,2.8385751,-0.50192809,-0.61755329,-0.6055544,0
4.105113,-3.0404398,-0.31913376,0.70514363,-0.69760662,0.12695456,0
-4.8714657,2.5297098,1.3439455,-0.70514363,0.69760662,-0.12695456,0
4.3129621,-3.0379102,-1.7722993,0.70514363,-0.69760662,0.12695456,0
-1.6439795,4.8639317,-3.2330303,-0.70514363,0.69760662,-0.12695456,0
2.1825569,-4.5399189,2.212467,0.70514363,-0.69760662,0.12695456,0
-4.6721087,1.17281,1.1085343,-0.50192809,-0.61755329,-0.6055544,0
-4.992363,1.5710272,0.81737804,-0.50192809,-0.61755329,-0.6055544,0
-2.8392797,4.1566792,-0.92553663,-0.70514363,0.69760662,-0.12695456,0
-2.0766125,0.32877433,-0.23346448,-0.50192809,-0.61755329,-0.6055544,0
3.7004097,-0.30462694,-2.8853693,0.50084007,0.36328077,-0.78561217,0
3.1733737,-3.5935962,1.9371181,0.70514363,-0.69760662,0.12695456,0
1.1790832,-0.51567829,1.12181,0.50192809,0.61755329,0.6055544,0
3.0496469,-2.837841,1.8735712,0.50192809,0.61755329,0.6055544,0
2.8682392,-0.61210489,-0.21151686,0.50192809,0.61755329,0.6055544,0
-0.81047821,-2.9298275,3.1746247,-0.50084007,-0.36328077,0.78561217,0
-1.5162354,-1.1519731,3.4819474,-0.50084007,-0.36328077,0.78561217,0
-0.25610137,-2.7278309,1.4312716,-0.50192809,-0.61755329,-0.6055544,0
0.013169765,-3.7794235,3.4025924,-0.50084007,-0.36328077,0.78561217,0
-2.5112052,-0.66364211,3.2131803,-0.50084007,-0.36328077,0.78561217,0
-3.4598045,3.4174271,-1.9500351,-0.70514363,0.69760662,-0.12695456,0
-3.3927622,-0.92740786,1.9490843,-0.50192809,-0.61755329,-0.6055544,0
2.6034791,-4.2352638,1.0090518,0.70514363,-0.69760662,0.12695456,0
4.2092433,-2.9835415,-1.1110454,0.70514363,-0.69760662,0.12695456,0
-0.62485456,0.82729244,-1.8349994,-0.50192809,-0.61755329,-0.6055544,0
2.4623134,-0.68118334,0.1936028,0.50192809,0.61755329,0.6055544,0
-4.6048737,1.8542552,2.9118919,-0.50084007,-0.36328077,0.78561217,0
-0.65043044,0.55426568,1.7346157,0.50192809,0.61755329,0.6055544,0
0.73545766,-0.015947044,1.047222,0.50192809,0.61755329,0.6055544,0
-3.9157529,3.3339238,0.47811079,-0.70514363,0.69760662,-0.12695456,0
1.8152728,-4.2918367,4.2693472,-0.50084007,-0.36328077,0.78561217,0
-4.7931013,2.2635586,3.0522165,-0.50084007,-0.36328077,0.78561217,0
2.1534073,1.2457057,-3.0456874,0.50084007,0.36328077,-0.78561217,0
3.2231879,-3.570075,2.137496,0.70514363,-0.69760662,0.12695456,0
-1.6331511,4.3182235,-4.1136303,0.50084007,0.36328077,-0.78561217,0
-0.34893227,-2.4737244,3.6598914,-0.50084007,-0.36328077,0.78561217,0
-4.3979878,3.0611129,1.3243761,-0.70514363,0.69760662,-0.12695456,0
1.460191,-0.13231337,0.52425444,0.50192809,0.61755329,0.6055544,0
0.0010280609,-3.6053088,3.5069535,-0.50084007,-0.36328077,0.78561217,0
-4.3390942,3.017035,1.5395193,-0.70514363,0.69760662,-0.12695456,0
4.7891726,-1.0506685,-2.4488058,0.50084007,0.36328077,-0.78561217,0
3.6505737,-0.89933157,-0.405509,0.50192809,0.61755329,0.6055544,0
-2.9130924,1.6862906,2.3418493,0.50192809,0.61755329,0.6055544,0
-2.4212103,-1.1775661,2.9634023,-0.50084007,-0.36328077,0.78561217,0
3.5591869,-3.5521319,-0.12169933,0.70514363,-0.69760662,0.12695456,0
5.2416945,-2.4586198,-2.5860515,0.70514363,-0.69760662,0.12695456,0
-1.014307,-2.5537806,3.3611326,-0.50084007,-0.36328077,0.78561217,0
-1.3208904,5.2340574,-3.0298376,-0.70514363,0.69760662,-0.12695456,0
-3.6998274,0.8059355,3.1604478,-0.50084007,-0.36328077,0.78561217,0
-1.9947972,4.4910879,-2.859714,-0.70514363,0.69760662,-0.12695456,0
-2.4327755,4.1376171,-3.7347109,-0.70514363,0.69760662,-0.12695456,0
-1.9127307,4.5061355,-3.4495871,-0.70514363,0.69760662,-0.12695456,0
3.61765,-0.96682358,-3.2008939,0.50084007,0.36328077,-0.78561217,0
0.3835268,2.5947752,-3.584497,0.50084007,0.36328077,-0.78561217,0
5.0093217,-2.0490658,-0.38934326,0.70514363,-0.69760662,0.12695456,0
5.4741783,-1.4965739,-2.334456,0.50084007,0.36328077,-0.78561217,0
3.6684,-3.4202282,0.31094217,0.70514363,-0.69760662,0.12695456,0
-3.2910957,-1.2311743,2.3677273,-0.50192809,-0.61755329,-0.6055544,0
-4.1222062,2.8057802,-0.64071083,-0.70514363,0.69760662,-0.12695456,0
-1.9615312,4.5199895,-3.1046042,-0.70514363,0.69760662,-0.12695456,0
-3.1684122,2.8952572,1.1687217,0.50192809,0.61755329,0.6055544,0
1.145234,-0.39321196,-2.1041648,-0.50192809,-0.61755329,-0.6055544,0
-2.7540531,-0.73248076,2.9324362,-0.50084007,-0.36328077,0.78561217,0
5.2389164,-2.1882715,-1.1122446,0.70514363,-0.69760662,0.12695456,0
-0.48649311,-3.978832,2.7375877,-0.50192809,-0.61755329,-0.6055544,0
1.7772741,-0.87692165,1.1797526,0.50192809,0.61755329,0.6055544,0
-0.11088952,1.0707408,0.72754556,0.50192809,0.61755329,0.6055544,0
4.4501657,-2.7005606,0.24874258,0.70514363,-0.69760662,0.12695456,0
2.9469128,0.94291961,-2.756269,0.50084007,0.36328077,-0.78561217,0
4.6819186,-2.2402859,-0.044141293,0.50192809,0.61755329,0.6055544,0
-0.95240188,3.6155055,-1.3407705,0.50192809,0.61755329,0.6055544,0
4.0597219,-0.42835593,-1.2872026,0.50192809,0.61755329,0.6055544,0
2.1166601,-0.68913949,0.43605542,0.50192809,0.61755329,0.6055544,0
1.8595352,2.2191112,-2.8618088,0.50084007,0.36328077,-0.78561217,0
5.4764562,-1.8373246,-1.7881999,0.70514363,-0.69760662,0.12695456,0
1.8380972,-2.901489,-0.28129554,-0.50192809,-0.61755329,-0.6055544,0
3.6300812,-3.2996619,0.31892061,0.70514363,-0.69760662,0.12695456,0
1.9518436,0.67190862,-0.75006962,0.50192809,0.61755329,0.6055544,0
2.0230553,-2.0974531,-1.043087,-0.50192809,-0.61755329,-0.6055544,0
-3.6530309,3.4932747,-0.098194599,-0.70514363,0.69760662,-0.12695456,0
3.7596052,-2.2568965,-2.3310683,-0.50192809,-0.61755329,-0.6055544,0
4.6571355,-2.5725474,0.1097827,0.70514363,-0.69760662,0.12695456,0
1.8344052,-0.80794883,0.89994705,0.50192809,0.61755329,0.6055544,0
-1.4746923,5.2365165,-2.9208763,-0.70514363,0.69760662,-0.12695456,0
-1.6136651,-2.8055785,2.8317256,-0.50084007,-0.36328077,0.78561217,0
-2.5848532,1.033849,2.7107253,0.50192809,0.61755329,0.6055544,0
4.6047993,-2.3545215,0.20534801,0.70514363,-0.69760662,0.12695456,0
2.1920881,0.95489967,-1.2869648,0.50192809,0.61755329,0.6055544,0
-2.4341593,4.3855162,-1.2745688,-0.70514363,0.69760662,-0.12695456,0
1.5568151,-4.9511199,3.0659125,0.70514363,-0.69760662,0.12695456,0
0.34390497,2.0694289,-3.7916248,0.50084007,0.36328077,-0.78561217,0
2.5409071,0.78993785,-3.0871584,0.50084007,0.36328077,-0.78561217,0
2.2072229,0.092920721,-3.5343666,0.50084007,0.36328077,-0.78561217,0
-4.3631153,3.0346134,1.3610458,-0.70514363,0.69760662,-0.12695456,0
3.2564459,-3.7514338,1.1372972,0.70514363,-0.69760662,0.12695456,0
3.1697443,-3.7718146,0.50354671,0.70514363,-0.69760662,0.12695456,0
3.242383,0.46956253,-1.4496567,0.50192809,0.61755329,0.6055544,0
0.84695339,1.8267066,-3.6979861,0.50084007,0.36328077,-0.78561217,0
-4.7566547,2.6726866,1.2614355,-0.70514363,0.69760662,-0.12695456,0
-1.4678421,-2.9735217,2.7460246,-0.50192809,-0.61755329,-0.6055544,0
2.2885873,-4.5512257,1.4305551,0.70514363,-0.69760662,0.12695456,0
0.27073669,3.5466695,-3.2639687,0.50084007,0.36328077,-0.78561217,0
-2.7291749,-0.19825327,0.74093318,-0.50192809,-0.61755329,-0.6055544,0
-0.13775396,0.5989908,-2.303175,-0.50192809,-0.61755329,-0.6055544,0
-1.6319429,3.4404044,-0.57299042,0.50192809,0.61755329,0.6055544,0
-3.1464486,3.820725,-1.1537509,-0.70514363,0.69760662,-0.12695456,0
3.6581218,0.79709327,-2.1656871,0.50192809,0.61755329,0.6055544,0
-2.6078243,0.040746927,0.44759417,-0.50192809,-0.61755329,-0.6055544,0
4.4521046,0.037581205,-2.1503081,0.50084007,0.36328077,-0.78561217,0
-1.7026825,0.94974035,2.2470722,0.50192809,0.61755329,0.6055544,0
3.4165905,0.60662913,-2.5363753,0.50084007,0.36328077,-0.78561217,0
4.1490345,-1.2113205,-2.9178913,0.50084007,0.36328077,-0.78561217,0
2.3237696,1.1121497,-3.109688,0.50084007,0.36328077,-0.78561217,0
4.9896812,-2.2248166,-0.98792362,0.70514363,-0.69760662,0.12695456,0
-0.8516283,0.32235277,1.9600537,0.50192809,0.61755329,0.6055544,0
0.32942915,-2.5824997,0.72219706,-0.50192809,-0.61755329,-0.6055544,0
-0.5687356,-3.6636441,2.9299767,-0.50084007,-0.36328077,0.78561217,0
0.11975241,-2.6030986,0.7848469,-0.50192809,-0.61755329,-0.6055544,0
3.216656,-3.7835791,0.81469107,0.70514363,-0.69760662,0.12695456,0
-1.9434466,4.4659414,-3.9990585,-0.70514363,0.69760662,-0.12695456,0
4.1161866,-1.710645,-3.2136412,-0.50192809,-0.61755329,-0.6055544,0
-3.1558375,0.39389586,0.67458868,-0.50192809,-0.61755329,-0.6055544,0
-0.74111128,-2.2286942,3.5824456,-0.50084007,-0.36328077,0.78561217,0
4.9534402,-2.4006197,-3.1387239,0.50084007,0.36328077,-0.78561217,0
0.17939806,-3.0567498,3.8552766,-0.50084007,-0.36328077,0.78561217,0
-5.0059204,2.5606887,2.3271646,-0.70514363,0.69760662,-0.12695456,0
2.1474023,-0.5311172,-2.9212055,-0.50192809,-0.61755329,-0.6055544,0
-0.57282639,4.0253501,-3.5298133,0.50084007,0.36328077,-0.78561217,0
-4.533042,1.7501686,2.95433,-0.50084007,-0.36328077,0.78561217,0
-1.3088455,2.6045754,-0.017668724,0.50192809,0.61755329,0.6055544,0
-2.3203964,1.8417225,-1.5199633,-0.50192809,-0.61755329,-0.6055544,0
-4.7093663,1.8832242,2.8843203,-0.50084007,-0.36328077,0.78561217,0
-4.113698,2.3467574,2.7281244,0.50192809,0.61755329,0.6055544,0
0.79430199,3.4661839,-2.8676186,0.50084007,0.36328077,-0.78561217,0
-4.660387,2.3800921,-0.053754807,-0.70514363,0.69760662,-0.12695456,0
2.4193623,-4.2312627,2.7788286,0.70514363,-0.69760662,0.12695456,0
-0.18586826,-3.7563255,2.2047985,-0.50192809,-0.61755329,-0.6055544,0
0.92703772,2.6135607,-3.3264699,0.50084007,0.36328077,-0.78561217,0
3.9813213,0.3421185,-2.5107665,0.50084007,0.36328077,-0.78561217,0
4.560339,-0.74841499,-2.4756346,0.50084007,0.36328077,-0.78561217,0
-5.3470073,2.0454779,1.7200799,-0.70514363,0.69760662,-0.12695456,0
3.5527601,-3.5854306,0.085487366,0.70514363,-0.69760662,0.12695456,0
-1.6304078,3.6791124,-4.0875206,-0.50192809,-0.61755329,-0.6055544,0
2.7240756,-4.1122971,2.0222321,0.70514363,-0.69760662,0.12695456,0
4.2502127,-2.8028617,0.68854523,0.70514363,-0.69760662,0.12695456,0
4.1071062,-0.29091454,-1.3631775,0.50192809,0.61755329,0.6055544,0
-0.61821365,4.8641,-3.2254343,0.50084007,0.36328077,-0.78561217,0
-2.850286,4.0678024,-1.8577075,-0.70514363,0.69760662,-0.12695456,0
0.71393919,1.9355454,-3.8538222,0.50084007,0.36328077,-0.78561217,0
-1.0040996,3.4514503,-1.1030567,0.50192809,0.61755329,0.6055544,0
1.2912135,-4.5261292,1.9450185,-0.50192809,-0.61755329,-0.6055544,0
-2.8129277,1.2309999,2.7068558,0.50192809,0.61755329,0.6055544,0
3.7560444,-3.4939318,-0.37501955,0.70514363,-0.69760662,0.12695456,0
-1.3112504,-2.0382881,1.6423068,-0.50192809,-0.61755329,-0.6055544,0
3.771666,-0.73952448,-0.72475338,0.50192809,0.61755329,0.6055544,0
3.6032791,0.55206275,-1.7844627,0.50192809,0.61755329,0.6055544,0
-0.83850718,3.3083582,-4.080482,0.50084007,0.36328077,-0.78561217,0
-2.6819394,0.54625869,3.2013197,0.50192809,0.61755329,0.6055544,0
-0.26966047,3.0645547,-3.8370848,0.50084007,0.36328077,-0.78561217,0
-5.0501547,0.72261667,2.2358952,-0.50084007,-0.36328077,0.78561217,0
5.2364435,-2.3604236,-2.316834,0.70514363,-0.69760662,0.12695456,0
-5.0717306,2.3341343,1.377305,-0.70514363,0.69760662,-0.12695456,0
-2.2224071,-0.11949337,3.5337677,-0.50084007,-0.36328077,0.78561217,0
1.567677,-5.2738609,2.4385262,0.70514363,-0.69760662,0.12695456,0
0.48113537,-3.170717,3.91606,-0.50084007,-0.36328077,0.78561217,0
3.276988,-3.7194569,0.86625385,0.70514363,-0.69760662,0.12695456,0
-0.67990828,-3.234834,3.2601485,-0.50084007,-0.36328077,0.78561217,0
0.49572992,1.7941003,-4.0019221,-0.50192809,-0.61755329,-0.6055544,0
4.0839386,-3.1733775,-1.0169234,0.70514363,-0.69760662,0.12695456,0
-1.910995,-1.0532315,3.2894397,-0.50084007,-0.36328077,0.78561217,0
-1.5369658,-0.70140773,3.5426345,0.50192809,0.61755329,0.6055544,0
-2.3728628,2.002574,1.6085887,0.50192809,0.61755329,0.6055544,0
-1.10745,-3.2774868,2.9672785,-0.50084007,-0.36328077,0.78561217,0
-4.292448,-0.096308708,2.3236856,-0.50084007,-0.36328077,0.78561217,0
1.2809463,3.0485005,-2.8042102,0.50084007,0.36328077,-0.78561217,0
0.0022501945,3.5250194,-3.5328176,0.50084007,0.36328077,-0.78561217,0
-3.2573419,0.048485279,3.0321488,-0.50084007,-0.36328077,0.78561217,0
-3.3270226,3.6338005,-1.2422099,-0.70514363,0.69760662,-0.12695456,0
-2.3228686,2.7098265,0.69646859,0.50192809,0.61755329,0.6055544,0
-2.4520211,2.0065577,-1.7921569,-0.50192809,-0.61755329,-0.6055544,0
-4.9463959,2.4763584,1.2045636,-0.70514363,0.69760662,-0.12695456,0
2.5876184,-4.1680655,1.8705122,0.70514363,-0.69760662,0.12695456,0
5.367156,-0.95619512,-2.0051565,0.50084007,0.36328077,-0.78561217,0
-3.614296,3.4513597,0.96313906,0.50192809,0.61755329,0.6055544,0
4.4596448,-2.7888651,-0.91389561,0.70514363,-0.69760662,0.12695456,0
1.8191986,-4.7644,3.1408529,0.70514363,-0.69760662,0.12695456,0
4.5386848,-0.26085639,-2.2527654,0.50084007,0.36328077,-0.78561217,0
3.0135477,-3.9301519,1.1088667,0.70514363,-0.69760662,0.12695456,0
4.6196833,-0.97758722,-1.1535511,0.50192809,0.61755329,0.6055544,0
-0.45034361,-1.3204594,3.2236664,0.50192809,0.61755329,0.6055544,0
-2.013905,4.6840072,-3.1085784,-0.70514363,0.69760662,-0.12695456,0
-3.9392276,1.411725,3.1742618,-0.50084007,-0.36328077,0.78561217,0
-2.5717065,-1.7741377,2.5136175,-0.50084007,-0.36328077,0.78561217,0
4.0925517,-0.80173063,-2.8208973,0.50084007,0.36328077,-0.78561217,0
4.386199,-2.7033181,-0.18784046,0.70514363,-0.69760662,0.12695456,0
-0.88558149,3.0946181,-4.0308204,-0.50192809,-0.61755329,-0.6055544,0
2.4556406,-4.219286,1.8205125,0.70514363,-0.69760662,0.12695456,0
3.2786379,-2.9991429,2.048527,0.50192809,0.61755329,0.6055544,0
1.0123224,-5.1379128,3.4051366,-0.50084007,-0.36328077,0.78561217,0
0.76569462,2.9100678,-3.3560581,0.50084007,0.36328077,-0.78561217,0
3.8804808,-3.2491035,0.42990541,0.70514363,-0.69760662,0.12695456,0
-4.3401403,3.2173047,1.7838984,-0.70514363,0.69760662,-0.12695456,0
2.000421,1.7499566,-3.0291948,0.50084007,0.36328077,-0.78561217,0
0.17911422,-1.8553152,0.012667239,-0.50192809,-0.61755329,-0.6055544,0
-3.2280536,0.34889853,3.0860829,-0.50084007,-0.36328077,0.78561217,0
-2.6848998,2.723491,1.0413005,0.50192809,0.61755329,0.6055544,0
3.7912705,-3.4584279,-0.05004406,0.70514363,-0.69760662,0.12695456,0
-2.1674869,4.7033982,-2.0769453,-0.70514363,0.69760662,-0.12695456,0
2.4703705,1.3332224,-2.945395,0.50084007,0.36328077,-0.78561217,0
-1.8164082,-2.7074225,2.604553,-0.50084007,-0.36328077,0.78561217,0
-3.0440891,2.5899374,1.6829224,0.50192809,0.61755329,0.6055544,0
-2.9452152,-0.7130233,2.8469138,-0.50084007,-0.36328077,0.78561217,0
1.9215326,-4.6076956,3.7242384,0.70514363,-0.69760662,0.12695456,0
-4.8024397,1.6031971,2.7814822,-0.50084007,-0.36328077,0.78561217,0
3.654963,-3.281009,0.72038937,0.70514363,-0.69760662,0.12695456,0
-1.8362513,-2.036155,3.047781,-0.50084007,-0.36328077,0.78561217,0
-4.5190401,2.8964417,1.6176658,-0.70514363,0.69760662,-0.12695456,0
3.0856462,-3.8789523,1.4125781,0.70514363,-0.69760662,0.12695456,0
2.0953951,-4.2448106,3.8224788,0.70514363,-0.69760662,0.12695456,0
2.6121881,-4.3329716,1.7736666,0.70514363,-0.69760662,0.12695456,0
-1.1839304,-2.8381977,2.9609957,-0.50084007,-0.36328077,0.78561217,0
-1.0394678,5.4329662,-3.1487389,-0.70514363,0.69760662,-0.12695456,0
-3.4867997,0.34406507,3.0069385,-0.50084007,-0.36328077,0.78561217,0
-3.0982611,3.8966346,-1.4914351,-0.70514363,0.69760662,-0.12695456,0
-2.7828693,-0.1886313,0.9665935,-0.50192809,-0.61755329,-0.6055544,0
3.4645545,0.51885962,-2.7344701,0.50084007,0.36328077,-0.78561217,0
-4.006403,3.1694274,-0.47819042,-0.70514363,0.69760662,-0.12695456,0
-3.1969593,-1.0192853,1.9953525,-0.50192809,-0.61755329,-0.6055544,0
-0.56409502,-1.5941708,3.7353401,0.50192809,0.61755329,0.6055544,0
-4.9428802,2.3829374,1.4835734,-0.70514363,0.69760662,-0.12695456,0
-5.3920751,1.6426407,2.3314581,-0.50084007,-0.36328077,0.78561217,0
2.6596813,1.2615689,-2.7051005,0.50084007,0.36328077,-0.78561217,0
0.69762945,-0.96705627,-1.2572933,-0.50192809,-0.61755329,-0.6055544,0
-1.7382193,4.8303552,-2.7459512,-0.70514363,0.69760662,-0.12695456,0
4.1452122,-2.0486708,0.18978357,0.50192809,0.61755329,0.6055544,0
-5.9980998,1.3509245,1.8359208,-0.50192809,-0.61755329,-0.6055544,0
-0.19645119,-2.7311954,3.7270179,-0.50084007,-0.36328077,0.78561217,0
-0.94492167,1.6267511,0.64196849,0.50192809,0.61755329,0.6055544,0
2.6430981,-4.2525244,1.3335304,0.70514363,-0.69760662,0.12695456,0
-1.7027917,2.8000913,-3.1929181,-0.50192809,-0.61755329,-0.6055544,0
2.8039818,-4.115159,0.32757282,-0.50192809,-0.61755329,-0.6055544,0
-0.46002054,4.9523926,-3.0633688,0.50084007,0.36328077,-0.78561217,0
-4.3579426,2.5914245,-0.4741993,-0.70514363,0.69760662,-0.12695456,0
-0.96168494,3.7831793,-1.5192025,0.50192809,0.61755329,0.6055544,0
-0.56870294,0.65524328,-1.8315327,-0.50192809,-0.61755329,-0.6055544,0
2.0214968,-0.27344263,0.17366529,0.50192809,0.61755329,0.6055544,0
4.5532651,-0.91314566,-2.6107287,0.50084007,0.36328077,-0.78561217,0
3.2456889,0.43205023,-1.3954294,0.50192809,0.61755329,0.6055544,0
1.4076948,2.0816691,-3.3009372,0.50084007,0.36328077,-0.78561217,0
5.4296021,-0.86522341,-2.0912199,0.50084007,0.36328077,-0.78561217,0
2.9247921,-3.2953105,2.4560533,0.50192809,0.61755329,0.6055544,0
-3.9979062,1.4488411,0.081877232,-0.50192809,-0.61755329,-0.6055544,0
-2.726516,3.8242555,-2.4608412,-0.70514363,0.69760662,-0.12695456,0
-1.9029405,-1.3922777,1.1877444,-0.50192809,-0.61755329,-0.6055544,0
-3.6952052,3.5847473,1.1313868,-0.70514363,0.69760662,-0.12695456,0
5.0950608,-2.685925,-3.0837379,0.70514363,-0.69760662,0.12695456,0
-3.602845,1.3022156,3.3658497,-0.50084007,-0.36328077,0.78561217,0
3.6554213,-0.064003229,-1.177685,0.50192809,0.61755329,0.6055544,0
2.7186685,1.7793739,-2.3435645,0.50192809,0.61755329,0.6055544,0
-2.4388576,4.0193558,-3.1252928,-0.70514363,0.69760662,-0.12695456,0
0.75549603,-4.4368873,2.1002483,-0.50192809,-0.61755329,-0.6055544,0
3.4523375,-3.5702825,0.99952126,0.70514363,-0.69760662,0.12695456,0
1.5826883,0.036624551,0.18985522,0.50192809,0.61755329,0.6055544,0
1.6501217,-5.0604286,3.123059,0.70514363,-0.69760662,0.12695456,0
-3.7401021,3.3017719,-1.1234818,-0.70514363,0.69760662,-0.12695456,0
-1.6377974,1.9773228,-2.1842828,-0.50192809,-0.61755329,-0.6055544,0
-0.036310673,-1.8834035,0.17540401,-0.50192809,-0.61755329,-0.6055544,0
-3.3544443,0.21522057,3.0407572,-0.50084007,-0.36328077,0.78561217,0
2.313437,-4.0890646,3.2990305,0.70514363,-0.69760662,0.12695456,0
4.8672738,-2.6003752,-1.4415021,0.70514363,-0.69760662,0.12695456,0
-1.9135475,-1.7898154,2.9273448,-0.50084007,-0.36328077,0.78561217,0
4.2384267,-2.8540344,0.82329988,0.70514363,-0.69760662,0.12695456,0
-1.3625772,1.4867665,-1.9434547,-0.50192809,-0.61755329,-0.6055544,0
2.814224,-4.155632,0.41499281,0.70514363,-0.69760662,0.12695456,0
-5.2882991,2.3152514,2.7511811,-0.50084007,-0.36328077,0.78561217,0
3.7023866,-3.6158326,-0.68440104,0.70514363,-0.69760662,0.12695456,0
-1.2634099,1.6135967,-2.2381868,-0.50192809,-0.61755329,-0.6055544,0
2.8779287,-0.33751905,-3.5080221,0.50084007,0.36328077,-0.78561217,0
0.86308241,2.4147251,-3.4697149,0.50084007,0.36328077,-0.78561217,0
4.3080044,-3.2333694,-1.7645855,0.70514363,-0.69760662,0.12695456,0
1.2179842,1.1338303,-3.6693904,0.50084007,0.36328077,-0.78561217,0
2.4645967,-1.0133806,0.73053765,0.50192809,0.61755329,0.6055544,0
-0.56767273,3.9794469,-2.0058506,0.50192809,0.61755329,0.6055544,0
-1.4714735,-0.02101779,-0.27808547,-0.50192809,-0.61755329,-0.6055544,0
4.9458714,-2.6105494,-2.7387848,0.70514363,-0.69760662,0.12695456,0
-0.49125004,2.8734012,-4.1873989,0.50084007,0.36328077,-0.78561217,0
4.3391271,-3.1004531,-1.1087275,0.70514363,-0.69760662,0.12695456,0
4.4722943,-2.9168637,-1.553122,0.70514363,-0.69760662,0.12695456,0
0.78096771,-4.3678508,2.2957335,-0.50192809,-0.61755329,-0.6055544,0
0.85973406,-4.8255939,3.4610274,-0.50084007,-0.36328077,0.78561217,0
2.3418193,-1.1700897,-2.4874449,-0.50192809,-0.61755329,-0.6055544,0
4.5907025,-2.6026144,-0.90057135,0.70514363,-0.69760662,0.12695456,0
3.8864775,-2.984798,1.4385452,0.70514363,-0.69760662,0.12695456,0
-0.9486866,-2.6686749,3.2237196,-0.50084007,-0.36328077,0.78561217,0
2.9173903,-4.0018764,1.7152452,0.70514363,-0.69760662,0.12695456,0
2.3336861,-4.3951864,2.1613612,0.70514363,-0.69760662,0.12695456,0
-0.72745275,2.9846227,-4.0760236,0.50084007,0.36328077,-0.78561217,0
-3.3271337,1.9156579,2.4825773,0.50192809,0.61755329,0.6055544,0
-3.1544263,0.39763469,3.2679772,-0.50084007,-0.36328077,0.78561217,0
-4.1871305,3.0566473,0.12456942,-0.70514363,0.69760662,-0.12695456,0
2.3304529,-4.2551751,2.9246066,0.70514363,-0.69760662,0.12695456,0
1.1320741,2.3849132,-1.8730569,0.50192809,0.61755329,0.6055544,0
-4.2447596,1.2894567,2.9445896,-0.50084007,-0.36328077,0.78561217,0
2.8954506,-4.0714712,0.90485668,0.70514363,-0.69760662,0.12695456,0
0.81313896,-3.4417579,4.0378428,-0.50084007,-0.36328077,0.78561217,0
2.3771238,-4.4246368,1.1988862,0.70514363,-0.69760662,0.12695456,0
-5.4352169,1.7670922,1.1400824,-0.70514363,0.69760662,-0.12695456,0
-4.1528411,1.0445557,2.8192425,-0.50084007,-0.36328077,0.78561217,0
-3.4104228,3.8858755,0.16877079,-0.70514363,0.69760662,-0.12695456,0
-3.8373897,1.7759932,3.0322959,0.50192809,0.61755329,0.6055544,0
-4.1377158,-0.32061243,1.9403822,-0.50192809,-0.61755329,-0.6055544,0
-4.3803196,2.6234264,-0.16803694,-0.70514363,0.69760662,-0.12695456,0
-0.55634975,2.9384823,-4.0218406,0.50084007,0.36328077,-0.78561217,0
-0.27292204,-2.8553715,3.693996,-0.50084007,-0.36328077,0.78561217,0
5.1027799,-1.0955913,-2.2901192,0.50084007,0.36328077,-0.78561217,0
1.7276382,-4.7163754,3.7435033,0.70514363,-0.69760662,0.12695456,0
4.08919,-0.59708548,-2.6580777,0.50084007,0.36328077,-0.78561217,0
4.1552868,-1.304678,-2.9452732,0.50084007,0.36328077,-0.78561217,0
-1.8652568,4.3549371,-4.1626043,0.50084007,0.36328077,-0.78561217,0
1.2399244,-2.124351,2.7962148,0.50192809,0.61755329,0.6055544,0
0.77877939,-0.42908692,-1.747798,-0.50192809,-0.61755329,-0.6055544,0
-1.9373581,2.2939534,0.9245441,0.50192809,0.61755329,0.6055544,0
2.9954946,-3.8931222,1.3448577,0.70514363,-0.69760662,0.12695456,0
-2.9627113,-1.4136239,2.591938,-0.50084007,-0.36328077,0.78561217,0
