-3.8187053,1.5550123,-0.28443491,-0.9863838,0.10343152,-0.12786292,0
-3.7186742,-4.23137,-0.53228402,-0.11003809,-0.99287564,0.045714259,0
-3.9446332,-4.0322556,0.57277775,-0.11003809,-0.99287564,0.045714259,0
-0.52555752,-4.4360194,1.218225,-0.11003809,-0.99287564,0.045714259,0
-4.0766244,0.91115302,0.26337177,-0.9863838,0.10343152,-0.12786292,0
-3.5940328,3.4712055,-0.38873363,-0.9863838,0.10343152,-0.12786292,0
-0.079856142,0.55056363,0.98437113,-0.12222365,0.059161544,0.99073786,0
1.2208837,0.16452724,-0.83523715,0.12222365,-0.059161544,-0.99073786,0
-3.6427116,2.4325244,-1.092055,-0.9863838,0.10343152,-0.12786292,0
-0.65356952,-4.4512639,-0.81176281,-0.11003809,-0.99287564,0.045714259,0
2.6369708,-3.9637971,1.5993052,-0.12222365,0.059161544,0.99073786,0
1.7089864,-2.3329926,1.2994385,-0.12222365,0.059161544,0.99073786,0
-0.027883783,-4.2707663,1.3310399,-0.12222365,0.059161544,0.99073786,0
0.1084496,4.6373172,0.516289,0.11003809,0.99287564,-0.045714259,0
-3.9605315,0.4987036,-1.0673128,-0.9863838,0.10343152,-0.12786292,0
3.3368859,-4.474329,1.4799283,0.9863838,-0.10343152,0.12786292,0
3.0195413,4.1804113,-0.061597347,0.11003809,0.99287564,-0.045714259,0
-1.0358424,3.359251,0.62781978,-0.12222365,0.059161544,0.99073786,0
3.0998833,0.3460499,1.4448673,-0.12222365,0.059161544,0.99073786,0
3.0694466,-1.7804148,-0.43999487,0.12222365,-0.059161544,-0.99073786,0
-2.681428,-4.2687097,-0.29242134,-0.11003809,-0.99287564,0.045714259,0
3.6830268,4.158977,-0.025693893,0.11003809,0.99287564,-0.045714259,0
0.63219422,-4.6539912,0.6116581,-0.11003809,-0.99287564,0.045714259,0
-1.7011467,-2.587013,0.93921256,-0.12222365,0.059161544,0.99073786,0
0.34476626,-0.56531858,1.0223186,-0.12222365,0.059161544,0.99073786,0
3.7099471,-2.0725026,1.3201053,0.9863838,-0.10343152,0.12786292,0
1.5497909,-4.6545587,-0.51332498,-0.11003809,-0.99287564,0.045714259,0
3.6799824,-3.0927043,0.73356748,0.9863838,-0.10343152,0.12786292,0
-2.9900448,2.1661935,0.57926905,-0.12222365,0.059161544,0.99073786,0
-3.4146197,2.3094215,-1.4953711,0.12222365,-0.059161544,-0.99073786,0
-3.6503377,1.8071554,-1.1341186,-0.9863838,0.10343152,-0.12786292,0
-2.7885666,-4.2995348,0.14718723,-0.11003809,-0.99287564,0.045714259,0
3.5312955,-4.8448472,0.62109375,-0.11003809,-0.99287564,0.045714259,0
-1.873455,-4.2738914,-0.19736719,-0.11003809,-0.99287564,0.045714259,0
2.231215,-4.6963072,-0.00097084045,-0.11003809,-0.99287564,0.045714259,0
-3.6405728,2.6135757,-0.32714057,-0.9863838,0.10343152,-0.12786292,0
-0.17077361,1.3443308,-1.1218388,0.12222365,-0.059161544,-0.99073786,0
-3.6998553,2.4021096,-0.4369173,-0.9863838,0.10343152,-0.12786292,0
-3.7769716,1.9785371,-0.785272,-0.9863838,0.10343152,-0.12786292,0
-0.69456267,-4.3914318,1.0721288,-0.11003809,-0.99287564,0.045714259,0
-0.8959043,4.5628691,-1.2948589,0.11003809,0.99287564,-0.045714259,0
-3.5656266,-4.0874834,0.79928112,-0.11003809,-0.99287564,0.045714259,0
2.0758996,-4.7862673,-0.42421174,-0.11003809,-0.99287564,0.045714259,0
-0.35105568,-4.4391861,1.1348534,-0.11003809,-0.99287564,0.045714259,0
-0.89772832,-4.2474785,-0.92660308,0.12222365,-0.059161544,-0.99073786,0
-4.3680534,-3.6792674,-1.2658131,-0.9863838,0.10343152,-0.12786292,0
0.21885104,4.4022369,-0.55273247,0.11003809,0.99287564,-0.045714259,0
-4.0874333,-1.5375199,-1.4801321,0.12222365,-0.059161544,-0.99073786,0
3.6496308,-3.1128013,0.57365179,0.9863838,-0.10343152,0.12786292,0
1.3613827,3.426363,-1.1167583,0.12222365,-0.059161544,-0.99073786,0
-2.6365473,1.4040928,-1.4824866,0.12222365,-0.059161544,-0.99073786,0
2.7617905,4.2645321,-0.92428398,0.11003809,0.99287564,-0.045714259,0
-0.21603574,4.5425158,-1.1151452,0.11003809,0.99287564,-0.045714259,0
3.3904917,-4.8945332,1.1795058,-0.11003809,-0.99287564,0.045714259,0
0.055715732,4.5047412,-0.69721413,0.11003809,0.99287564,-0.045714259,0
2.9910119,-4.8789024,0.81662941,-0.11003809,-0.99287564,0.045714259,0
-1.5707557,-0.32804585,-1.1909089,0.12222365,-0.059161544,-0.99073786,0
0.58817101,1.6937587,-1.0699062,0.12222365,-0.059161544,-0.99073786,0
-1.3499581,-4.2968311,0.47930336,-0.11003809,-0.99287564,0.045714259,0
1.8099357,-4.7976079,0.73613071,-0.11003809,-0.99287564,0.045714259,0
-0.50098509,4.630343,0.5910852,0.11003809,0.99287564,-0.045714259,0
1.1058643,4.4890976,0.27744627,0.11003809,0.99287564,-0.045714259,0
0.084063038,4.6205411,0.17186832,0.11003809,0.99287564,-0.045714259,0
3.806246,-0.055437088,1.2550254,0.9863838,-0.10343152,0.12786292,0
3.8935795,-0.78963423,1.2398057,0.9863838,-0.10343152,0.12786292,0
1.1925865,1.0011259,-0.86742282,0.12222365,-0.059161544,-0.99073786,0
3.831774,-1.9109236,0.90114474,0.9863838,-0.10343152,0.12786292,0
3.9331393,-1.1799905,0.52701634,0.9863838,-0.10343152,0.12786292,0
-3.5471759,4.4541492,-0.53374958,-0.9863838,0.10343152,-0.12786292,0
4.3335214,4.0074162,1.2900889,0.9863838,-0.10343152,0.12786292,0
2.5539763,4.2810535,0.41139483,0.11003809,0.99287564,-0.045714259,0
2.3496408,-4.7533841,-0.11827087,-0.11003809,-0.99287564,0.045714259,0
3.25913,-3.1532784,-0.36204267,0.12222365,-0.059161544,-0.99073786,0
-3.9797363,0.10142779,-0.22168741,-0.9863838,0.10343152,-0.12786292,0
-2.2543161,4.8223915,-1.1808767,0.11003809,0.99287564,-0.045714259,0
-0.61860764,4.6357155,0.19092226,0.11003809,0.99287564,-0.045714259,0
-0.17411418,2.6565242,-1.2518315,0.12222365,-0.059161544,-0.99073786,0
-3.8992224,-4.115716,0.70170307,-0.11003809,-0.99287564,0.045714259,0
-2.0892057,0.90907198,-1.2438598,0.12222365,-0.059161544,-0.99073786,0
-4.165246,-0.38030636,-0.11904937,-0.9863838,0.10343152,-0.12786292,0
-0.96450084,-1.8355056,-0.93377984,0.12222365,-0.059161544,-0.99073786,0
3.6345251,4.0950217,0.11671972,0.11003809,0.99287564,-0.045714259,0
-1.5015981,-4.3099108,0.66853857,-0.11003809,-0.99287564,0.045714259,0
1.494994,-0.83540982,1.2249529,-0.12222365,0.059161544,0.99073786,0
-0.84261298,4.543786,-1.1060162,0.11003809,0.99287564,-0.045714259,0
0.66116393,4.3150134,-1.138638,0.11003809,0.99287564,-0.045714259,0
0.62037981,-4.6266656,0.98982525,-0.11003809,-0.99287564,0.045714259,0
0.64158601,-4.6748633,-0.25990725,-0.11003809,-0.99287564,0.045714259,0
-1.3173978,4.578855,-0.34547663,0.11003809,0.99287564,-0.045714259,0
3.8693333,1.9628273,-0.6268084,0.12222365,-0.059161544,-0.99073786,0
0.54149812,-4.6164336,-0.44055343,-0.11003809,-0.99287564,0.045714259,0
-2.8654361,-4.211041,-0.75703716,-0.11003809,-0.99287564,0.045714259,0
0.59760392,4.5934649,0.64380503,0.11003809,0.99287564,-0.045714259,0
4.1291943,1.6136355,0.3608011,0.9863838,-0.10343152,0.12786292,0
0.1228265,3.610122,0.8814683,-0.12222365,0.059161544,0.99073786,0
3.508338,4.0992312,-0.041463375,0.11003809,0.99287564,-0.045714259,0
4.1413455,4.1474447,1.1180749,0.11003809,0.99287564,-0.045714259,0
0.77518213,4.53234,0.6369698,0.11003809,0.99287564,-0.045714259,0
-1.4124491,4.5927129,-0.0042443275,0.11003809,0.99287564,-0.045714259,0
1.1809452,-4.6148343,0.26435614,-0.11003809,-0.99287564,0.045714259,0
-2.3669555,2.9084063,-1.5161672,0.12222365,-0.059161544,-0.99073786,0
4.2391543,3.9512966,-0.40817308,0.11003809,0.99287564,-0.045714259,0
3.91768,-0.51093304,-0.58172023,0.12222365,-0.059161544,-0.99073786,0
4.2159653,1.2653939,-0.18153417,0.9863838,-0.10343152,0.12786292,0
-2.841372,-0.1065197,-1.3001235,0.12222365,-0.059161544,-0.99073786,0
-2.5655994,4.9018841,0.040143013,0.11003809,0.99287564,-0.045714259,0
-1.5018992,4.5609374,-1.3486271,0.11003809,0.99287564,-0.045714259,0
3.5981975,-3.6875949,0.14186954,0.9863838,-0.10343152,0.12786292,0
1.343384,3.3013711,-1.1163509,0.12222365,-0.059161544,-0.99073786,0
0.64216572,-2.7587261,1.2702,-0.12222365,0.059161544,0.99073786,0
2.7872932,-2.0335827,-0.57396901,0.12222365,-0.059161544,-0.99073786,0
3.3760223,-4.8014607,1.2296033,-0.11003809,-0.99287564,0.045714259,0
-3.9652786,0.72264802,-0.49534443,-0.9863838,0.10343152,-0.12786292,0
3.6409347,-3.8936102,-0.28236055,0.9863838,-0.10343152,0.12786292,0
4.4281664,4.1300149,0.63485265,0.11003809,0.99287564,-0.045714259,0
4.2627368,3.4663534,0.46366072,0.9863838,-0.10343152,0.12786292,0
4.0068245,0.36953554,0.3091602,0.9863838,-0.10343152,0.12786292,0
-1.7689939,-1.3777723,0.88439393,-0.12222365,0.059161544,0.99073786,0
1.7493041,0.57187021,1.0950482,-0.12222365,0.059161544,0.99073786,0
4.3148713,3.8715231,1.3652437,-0.12222365,0.059161544,0.99073786,0
-3.6389937,-4.1224518,-0.30295801,-0.11003809,-0.99287564,0.045714259,0
1.2675581,-2.7178478,-0.60180318,0.12222365,-0.059161544,-0.99073786,0
-0.55871367,-4.3422775,-0.82561707,0.12222365,-0.059161544,-0.99073786,0
1.9774009,1.9612105,1.2121772,-0.12222365,0.059161544,0.99073786,0
-3.5926869,2.3015213,-1.5029254,-0.9863838,0.10343152,-0.12786292,0
2.4098024,4.277113,-0.55809879,0.11003809,0.99287564,-0.045714259,0
-2.7303376,-4.2776899,0.82148409,-0.11003809,-0.99287564,0.045714259,0
-1.9651173,4.647439,-0.64923143,0.11003809,0.99287564,-0.045714259,0
-3.7984483,-4.1056147,0.0063624382,-0.11003809,-0.99287564,0.045714259,0
-1.8542579,0.39470923,0.84075153,-0.12222365,0.059161544,0.99073786,0
0.62101585,4.3518481,-1.1599855,0.11003809,0.99287564,-0.045714259,0
4.6050606,3.8201735,-0.62215471,0.9863838,-0.10343152,0.12786292,0
-1.9610169,1.8453524,-1.4364671,0.12222365,-0.059161544,-0.99073786,0
0.13832501,-4.6515126,-0.11654758,-0.11003809,-0.99287564,0.045714259,0
-1.4918441,2.3110356,0.70680058,-0.12222365,0.059161544,0.99073786,0
4.1618147,4.1486893,0.6479578,0.11003809,0.99287564,-0.045714259,0
-3.679724,2.0958314,-0.93829679,-0.9863838,0.10343152,-0.12786292,0
3.0847933,-3.2544494,1.5063777,-0.12222365,0.059161544,0.99073786,0
-2.7628791,0.00408113,-1.2999281,0.12222365,-0.059161544,-0.99073786,0
3.2826982,3.1666331,-0.81007314,0.12222365,-0.059161544,-0.99073786,0
-3.9640884,-0.98484105,-0.99066919,-0.9863838,0.10343152,-0.12786292,0
1.848318,-0.30562097,1.2399638,-0.12222365,0.059161544,0.99073786,0
-2.3324485,-1.2117307,0.76599681,-0.12222365,0.059161544,0.99073786,0
1.1636142,-4.6366658,1.2268219,-0.11003809,-0.99287564,0.045714259,0
-2.8237007,4.7279329,-0.72863245,0.11003809,0.99287564,-0.045714259,0
-2.4009359,3.2661631,0.61821413,-0.12222365,0.059161544,0.99073786,0
-3.0083401,4.4874926,0.3659687,-0.12222365,0.059161544,0.99073786,0
-0.50316137,-1.6159636,1.0005165,-0.12222365,0.059161544,0.99073786,0
-4.1563401,-2.1628428,-1.3346978,-0.9863838,0.10343152,-0.12786292,0
4.1616011,1.4972914,0.2699219,0.9863838,-0.10343152,0.12786292,0
-0.18266226,0.11704636,0.88632292,-0.12222365,0.059161544,0.99073786,0
1.4784644,-4.5738778,0.69813251,-0.11003809,-0.99287564,0.045714259,0
-4.1670904,0.18115154,0.25238648,-0.9863838,0.10343152,-0.12786292,0
3.1032948,4.2873425,0.76661992,0.11003809,0.99287564,-0.045714259,0
-3.7687316,-0.47078991,-1.4573567,0.12222365,-0.059161544,-0.99073786,0
-4.2664304,-1.2852118,0.081655622,-0.9863838,0.10343152,-0.12786292,0
-3.6709027,-4.120194,-0.175704,-0.11003809,-0.99287564,0.045714259,0
-2.1980808,-4.3668523,-0.41362286,-0.11003809,-0.99287564,0.045714259,0
-1.3232776,-0.98110282,0.85006106,-0.12222365,0.059161544,0.99073786,0
3.7119937,-2.5341313,0.23219323,0.9863838,-0.10343152,0.12786292,0
-0.97446275,4.7121382,0.54988337,0.11003809,0.99287564,-0.045714259,0
4.1265297,0.71584702,-0.203632,0.9863838,-0.10343152,0.12786292,0
1.5708284,-1.1790085,-0.74036759,0.12222365,-0.059161544,-0.99073786,0
-2.1909153,4.7319589,-1.0322495,0.11003809,0.99287564,-0.045714259,0
-1.833274,-2.2413635,0.93154073,-0.12222365,0.059161544,0.99073786,0
-3.2758472,4.9297094,-0.22051096,0.11003809,0.99287564,-0.045714259,0
-3.7939076,-4.2013788,-0.32185984,-0.11003809,-0.99287564,0.045714259,0
-2.1834559,-0.44378316,-1.2891095,0.12222365,-0.059161544,-0.99073786,0
-2.6111271,-4.3450336,-0.51200843,-0.11003809,-0.99287564,0.045714259,0
4.1623044,2.2192743,-0.53291965,0.12222365,-0.059161544,-0.99073786,0
-3.4028046,-4.2367659,0.40719271,-0.11003809,-0.99287564,0.045714259,0
1.8176107,3.7214503,1.0093691,-0.12222365,0.059161544,0.99073786,0
-4.1659489,-1.3452735,-0.26030421,-0.9863838,0.10343152,-0.12786292,0
3.6982515,1.7926538,-0.6073842,0.12222365,-0.059161544,-0.99073786,0
-3.7921255,-4.1705818,0.66789818,-0.11003809,-0.99287564,0.045714259,0
4.3114791,3.292865,0.68133903,0.9863838,-0.10343152,0.12786292,0
4.3413415,3.2946501,0.56279349,0.9863838,-0.10343152,0.12786292,0
0.79917026,2.7681427,-1.1728857,0.12222365,-0.059161544,-0.99073786,0
1.2656426,4.4442492,-0.30163336,0.11003809,0.99287564,-0.045714259,0
-1.9290307,4.7069001,-1.0888357,0.11003809,0.99287564,-0.045714259,0
-3.7641993,3.5095942,-0.13947129,-0.9863838,0.10343152,-0.12786292,0
3.6033659,-2.8857965,1.1460867,0.9863838,-0.10343152,0.12786292,0
-1.0879613,-4.1080413,-0.96216035,0.12222365,-0.059161544,-0.99073786,0
3.8108222,-1.0471117,-0.57249957,0.12222365,-0.059161544,-0.99073786,0
-2.9279308,4.8369699,-1.3636723,0.11003809,0.99287564,-0.045714259,0
3.4391668,-4.895587,-0.24153757,-0.11003809,-0.99287564,0.045714259,0
4.2478628,2.8668909,0.3068049,0.9863838,-0.10343152,0.12786292,0
3.7036788,-3.8621342,-0.36733437,0.9863838,-0.10343152,0.12786292,0
4.1987948,3.712333,1.2335658,0.9863838,-0.10343152,0.12786292,0
0.087631419,3.4179006,0.72927284,-0.12222365,0.059161544,0.99073786,0
4.4067135,2.5095615,-0.44967556,0.9863838,-0.10343152,0.12786292,0
1.8114399,4.3329592,0.29675007,0.11003809,0.99287564,-0.045714259,0
3.8852532,-1.0427232,0.47585964,0.9863838,-0.10343152,0.12786292,0
-4.2299213,-2.4963381,-0.46542025,-0.9863838,0.10343152,-0.12786292,0
0.5607549,-4.5838389,0.33178091,-0.11003809,-0.99287564,0.045714259,0
-4.1264348,-0.79108405,-0.5581947,-0.9863838,0.10343152,-0.12786292,0
-3.1456115,-0.57494593,0.61108124,-0.12222365,0.059161544,0.99073786,0
2.8052111,-3.779839,-0.45747304,0.12222365,-0.059161544,-0.99073786,0
4.1664071,1.4860326,-0.56182015,0.12222365,-0.059161544,-0.99073786,0
-1.9271218,-4.2957931,-0.19223356,-0.11003809,-0.99287564,0.045714259,0
-3.0267274,-4.2667351,0.52812767,-0.11003809,-0.99287564,0.045714259,0
2.8841918,3.2125041,-0.78098989,0.12222365,-0.059161544,-0.99073786,0
-0.70937645,2.0329437,0.81197214,-0.12222365,0.059161544,0.99073786,0
-0.12981862,-1.3818347,1.0362209,-0.12222365,0.059161544,0.99073786,0
3.9665074,-1.3885682,-0.3777504,0.9863838,-0.10343152,0.12786292,0
3.5312843,-4.5277495,-0.33662724,0.12222365,-0.059161544,-0.99073786,0
4.3166046,2.6732333,0.59767056,0.9863838,-0.10343152,0.12786292,0
3.9878087,0.69257551,1.0198512,0.9863838,-0.10343152,0.12786292,0
-3.8456011,-4.1734881,-0.34994173,-0.11003809,-0.99287564,0.045714259,0
-0.50151354,-2.6051493,1.0066435,-0.12222365,0.059161544,0.99073786,0
2.7828624,-4.8290515,-0.2564702,-0.11003809,-0.99287564,0.045714259,0
-2.1328378,-4.2099957,0.91380215,-0.12222365,0.059161544,0.99073786,0
-1.3946408,4.6807046,-0.77272797,0.11003809,0.99287564,-0.045714259,0
-3.9452288,1.1109233,0.23120022,-0.9863838,0.10343152,-0.12786292,0
1.61571,-4.6700978,0.017596245,-0.11003809,-0.99287564,0.045714259,0
-3.7918394,3.052983,0.1128819,-0.9863838,0.10343152,-0.12786292,0
-3.427768,3.8625031,-1.4482105,-0.9863838,0.10343152,-0.12786292,0
3.9165728,0.02612108,1.0591867,0.9863838,-0.10343152,0.12786292,0
-1.5772282,4.599647,-1.2973475,0.11003809,0.99287564,-0.045714259,0
-3.9233754,0.24964625,-1.0900679,-0.9863838,0.10343152,-0.12786292,0
0.93840444,-3.2663484,-0.61127448,0.12222365,-0.059161544,-0.99073786,0
1.0753984,2.5647285,0.94428229,-0.12222365,0.059161544,0.99073786,0
-0.12140776,4.5953021,0.80480862,-0.12222365,0.059161544,0.99073786,0
2.1261909,1.6405042,1.074403,-0.12222365,0.059161544,0.99073786,0
-3.6324251,1.4515831,-1.4560194,-0.9863838,0.10343152,-0.12786292,0
4.1963611,0.38879037,-0.44159055,0.9863838,-0.10343152,0.12786292,0
-0.86834788,-4.3348536,1.0015974,-0.11003809,-0.99287564,0.045714259,0
-2.9797189,-4.2083635,0.24475193,-0.11003809,-0.99287564,0.045714259,0
-1.6061075,4.7073984,-0.72127247,0.11003809,0.99287564,-0.045714259,0
-3.862026,1.1822913,-1.0402787,-0.9863838,0.10343152,-0.12786292,0
-4.1584411,-4.0783906,0.36565447,-0.11003809,-0.99287564,0.045714259,0
1.5827754,3.4980087,-0.97952461,0.12222365,-0.059161544,-0.99073786,0
3.8898149,-0.62292987,-0.54289103,0.12222365,-0.059161544,-0.99073786,0
-3.8374445,1.6242331,-0.42956507,-0.9863838,0.10343152,-0.12786292,0
3.9550974,-0.91590172,-0.41574091,0.9863838,-0.10343152,0.12786292,0
-2.1067183,4.757875,0.036263466,0.11003809,0.99287564,-0.045714259,0
-1.8443171,2.9789944,-1.3441215,0.12222365,-0.059161544,-0.99073786,0
-4.379952,-2.8077643,0.0074105263,-0.9863838,0.10343152,-0.12786292,0
-0.58552408,4.5112429,0.15967131,0.11003809,0.99287564,-0.045714259,0
1.6683199,4.2128229,-0.98541641,0.12222365,-0.059161544,-0.99073786,0
2.1698174,-4.842113,0.41457224,-0.11003809,-0.99287564,0.045714259,0
-2.9748025,4.8999748,-1.3553677,0.11003809,0.99287564,-0.045714259,0
-0.59441262,4.5117908,0.13671827,0.11003809,0.99287564,-0.045714259,0
-2.6271992,-4.1932592,-0.51362014,-0.11003809,-0.99287564,0.045714259,0
-2.7625649,-4.2252669,0.54917717,-0.11003809,-0.99287564,0.045714259,0
-1.6535909,0.61122394,0.76986569,-0.12222365,0.059161544,0.99073786,0
-1.4436215,4.5997915,-1.2556853,0.11003809,0.99287564,-0.045714259,0
4.3672652,3.7126846,1.3331411,0.9863838,-0.10343152,0.12786292,0
3.4470444,-4.6266289,0.56447411,0.9863838,-0.10343152,0.12786292,0
-3.8114421,2.308656,-0.52111471,-0.9863838,0.10343152,-0.12786292,0
-4.0541568,0.52311587,0.042870566,-0.9863838,0.10343152,-0.12786292,0
-3.5783792,2.5421953,-1.6300952,-0.9863838,0.10343152,-0.12786292,0
0.31773403,0.78823292,-1.0189717,0.12222365,-0.059161544,-0.99073786,0
3.9789779,-1.0516677,0.43317419,0.9863838,-0.10343152,0.12786292,0
-3.4342537,4.3179932,-1.5880096,-0.9863838,0.10343152,-0.12786292,0
3.6551752,-3.2495255,-0.30694604,0.9863838,-0.10343152,0.12786292,0
1.1884636,-2.3040912,-0.79294908,0.12222365,-0.059161544,-0.99073786,0
-1.8954867,-4.2195649,0.043719769,-0.11003809,-0.99287564,0.045714259,0
-3.8058469,1.1749179,-0.54995626,-0.9863838,0.10343152,-0.12786292,0
-0.11273906,3.0078073,0.8718642,-0.12222365,0.059161544,0.99073786,0
3.979382,-0.2622222,0.033384293,0.9863838,-0.10343152,0.12786292,0
-0.90210921,4.5874338,-0.46146631,0.11003809,0.99287564,-0.045714259,0
-4.3921218,-3.6080122,-0.75670743,-0.9863838,0.10343152,-0.12786292,0
1.3143452,4.4399776,0.8525579,0.11003809,0.99287564,-0.045714259,0
2.3003232,4.2774544,0.75007606,0.11003809,0.99287564,-0.045714259,0
-4.3677583,-3.6074481,-0.0063681602,-0.9863838,0.10343152,-0.12786292,0
3.6955228,-0.91928315,1.3379948,0.9863838,-0.10343152,0.12786292,0
-0.80781841,4.5267749,-0.44288731,0.11003809,0.99287564,-0.045714259,0
2.206023,-0.2198562,-0.740794,0.12222365,-0.059161544,-0.99073786,0
3.9170785,-1.4027054,-0.20233804,0.9863838,-0.10343152,0.12786292,0
-0.64390564,1.4337816,0.79308069,-0.12222365,0.059161544,0.99073786,0
2.4081314,-4.8560743,-0.023552895,-0.11003809,-0.99287564,0.045714259,0
-3.5764198,3.8836658,-0.56971312,-0.9863838,0.10343152,-0.12786292,0
-1.918251,-4.3963275,-0.12669611,-0.11003809,-0.99287564,0.045714259,0
2.9346683,-4.7924509,-0.36905384,-0.11003809,-0.99287564,0.045714259,0
3.9243927,-0.64156199,0.36004138,0.9863838,-0.10343152,0.12786292,0
2.5966778,4.2549982,0.32483172,0.11003809,0.99287564,-0.045714259,0
1.8267492,3.3857951,-1.0572717,0.12222365,-0.059161544,-0.99073786,0
-0.39136422,-4.3724246,0.41674805,-0.11003809,-0.99287564,0.045714259,0
3.6590514,-4.3526525,-0.18675065,0.9863838,-0.10343152,0.12786292,0
3.7193666,-2.1306129,0.5374018,0.9863838,-0.10343152,0.12786292,0
-0.25124174,-3.8024178,1.1782506,-0.12222365,0.059161544,0.99073786,0
3.8669167,2.2424803,1.3915907,-0.12222365,0.059161544,0.99073786,0
-3.6706069,-2.9495993,-1.2078638,0.12222365,-0.059161544,-0.99073786,0
-0.089439929,-4.5669818,-0.21895695,-0.11003809,-0.99287564,0.045714259,0
-3.4236865,4.746799,-1.532361,0.11003809,0.99287564,-0.045714259,0
-1.4024221,0.10337883,0.73188603,-0.12222365,0.059161544,0.99073786,0
-2.8886006,-2.7487786,0.81695533,-0.12222365,0.059161544,0.99073786,0
-2.7347906,4.815784,-0.44206619,0.11003809,0.99287564,-0.045714259,0
1.0489194,4.4144459,-0.99979115,0.11003809,0.99287564,-0.045714259,0
-2.2337966,2.1594448,-1.4498298,0.12222365,-0.059161544,-0.99073786,0
3.3871422,-4.1660948,1.0187674,0.9863838,-0.10343152,0.12786292,0
4.3029022,2.8706744,0.75494266,0.9863838,-0.10343152,0.12786292,0
3.9092708,-2.4446409,-0.28196442,0.9863838,-0.10343152,0.12786292,0
2.6993816,4.2824316,0.2810297,0.11003809,0.99287564,-0.045714259,0
4.306345,4.0046368,0.27843022,0.11003809,0.99287564,-0.045714259,0
-3.2534857,4.8864636,-0.88747263,0.11003809,0.99287564,-0.045714259,0
4.329145,4.0132809,1.1511872,0.9863838,-0.10343152,0.12786292,0
2.7403824,-2.5410562,1.5497055,-0.12222365,0.059161544,0.99073786,0
-3.6499815,-4.0843067,0.53086424,-0.11003809,-0.99287564,0.045714259,0
-2.331696,1.3169672,0.57804734,-0.12222365,0.059161544,0.99073786,0
-4.3913856,-3.3472645,0.029322624,-0.9863838,0.10343152,-0.12786292,0
3.6738892,-3.6198542,0.68079019,0.9863838,-0.10343152,0.12786292,0
-3.7531145,1.5649992,-1.2411841,-0.9863838,0.10343152,-0.12786292,0
4.2540102,1.8381305,-0.59191918,0.12222365,-0.059161544,-0.99073786,0
3.4485965,-4.5129113,0.42264795,0.9863838,-0.10343152,0.12786292,0
2.3590057,-3.4603426,-0.53014922,0.12222365,-0.059161544,-0.99073786,0
-1.8147358,-4.3527341,0.14806986,-0.11003809,-0.99287564,0.045714259,0
2.7854209,-3.5357528,-0.50180602,0.12222365,-0.059161544,-0.99073786,0
1.3356452,-4.6108899,1.1905951,-0.11003809,-0.99287564,0.045714259,0
3.6253338,-2.8254833,1.2963676,0.9863838,-0.10343152,0.12786292,0
3.6209607,1.6474781,-0.59495676,0.12222365,-0.059161544,-0.99073786,0
1.8326359,4.3760409,0.95614529,-0.12222365,0.059161544,0.99073786,0
1.2509782,3.1859462,0.91410947,-0.12222365,0.059161544,0.99073786,0
4.220377,2.9305012,1.2610353,0.9863838,-0.10343152,0.12786292,0
0.97251153,4.3802047,0.80641603,0.11003809,0.99287564,-0.045714259,0
-3.9742043,-2.4161065,0.70900011,-0.12222365,0.059161544,0.99073786,0
-1.0693053,-4.4702153,-0.15887833,-0.11003809,-0.99287564,0.045714259,0
1.3878148,1.0155371,-0.91691232,0.12222365,-0.059161544,-0.99073786,0
-3.0945673,0.41890675,-1.3747441,0.12222365,-0.059161544,-0.99073786,0
1.3129202,-3.8260503,1.4089706,-0.12222365,0.059161544,0.99073786,0
2.4684627,2.3103151,1.1413397,-0.12222365,0.059161544,0.99073786,0
0.15444316,1.3095789,0.99769974,-0.12222365,0.059161544,0.99073786,0
-1.9792174,4.8245254,-0.01796484,0.11003809,0.99287564,-0.045714259,0
4.0519519,1.9269452,1.1292222,0.9863838,-0.10343152,0.12786292,0
-4.0786438,-1.1275626,-0.75898814,-0.9863838,0.10343152,-0.12786292,0
2.9948773,-4.8441119,-0.20076084,-0.11003809,-0.99287564,0.045714259,0
3.441761,-3.8346612,1.0949895,0.9863838,-0.10343152,0.12786292,0
-0.31133601,-4.4819474,0.91257,-0.11003809,-0.99287564,0.045714259,0
-0.69721472,0.48166651,-1.1032006,0.12222365,-0.059161544,-0.99073786,0
-3.1105199,-4.1526117,0.39250517,-0.11003809,-0.99287564,0.045714259,0
-1.1767232,4.6604757,-0.82670689,0.11003809,0.99287564,-0.045714259,0
3.7502418,3.9637728,1.1523118,-0.12222365,0.059161544,0.99073786,0
-3.6135054,2.2919259,-0.96780837,-0.9863838,0.10343152,-0.12786292,0
-3.6901932,1.7014954,-0.7264452,-0.9863838,0.10343152,-0.12786292,0
3.4364934,-4.9642634,0.028475285,-0.11003809,-0.99287564,0.045714259,0
4.5719123,3.6195352,-0.46510935,0.9863838,-0.10343152,0.12786292,0
2.4107897,-4.7515068,-0.22295332,-0.11003809,-0.99287564,0.045714259,0
-0.75255054,4.5326519,-0.3371315,0.11003809,0.99287564,-0.045714259,0
-3.7388237,2.7772372,-0.12882304,-0.9863838,0.10343152,-0.12786292,0
3.622997,-4.5922508,-0.22111082,0.9863838,-0.10343152,0.12786292,0
1.452714,-4.6812582,-0.49897838,-0.11003809,-0.99287564,0.045714259,0
4.2333927,2.4010427,0.91864443,0.9863838,-0.10343152,0.12786292,0
3.7467549,-3.3726964,-0.3863337,0.9863838,-0.10343152,0.12786292,0
-0.79470873,-2.4496546,1.1571076,-0.12222365,0.059161544,0.99073786,0
-0.64942503,-4.4977446,0.17497873,-0.11003809,-0.99287564,0.045714259,0
-0.28920853,0.43760937,-0.99895322,0.12222365,-0.059161544,-0.99073786,0
-4.2465763,-3.1419733,-0.48080254,-0.9863838,0.10343152,-0.12786292,0
-4.3280869,-3.3462484,-1.0828545,-0.9863838,0.10343152,-0.12786292,0
3.5795529,4.1315651,0.4426446,0.11003809,0.99287564,-0.045714259,0
-3.740943,4.0809302,0.16151834,-0.9863838,0.10343152,-0.12786292,0
3.7130005,-1.577863,0.93852532,0.9863838,-0.10343152,0.12786292,0
1.8017281,-4.2401924,-0.50349951,0.12222365,-0.059161544,-0.99073786,0
-3.4138875,4.7819452,-1.261301,0.11003809,0.99287564,-0.045714259,0
0.12552842,4.5900073,0.25836563,0.11003809,0.99287564,-0.045714259,0
-3.6920774,3.6400676,0.23702621,-0.9863838,0.10343152,-0.12786292,0
2.7784295,1.8243051,-0.86912799,0.12222365,-0.059161544,-0.99073786,0
-1.6329125,-4.4392257,-0.67488384,-0.11003809,-0.99287564,0.045714259,0
3.5540388,-3.0881341,0.92145419,0.9863838,-0.10343152,0.12786292,0
3.9594636,0.038925052,1.2741358,0.9863838,-0.10343152,0.12786292,0
-4.3695545,-3.5510168,-0.96417522,-0.9863838,0.10343152,-0.12786292,0
3.7544177,-2.9641953,0.64954758,0.9863838,-0.10343152,0.12786292,0
-3.6689465,3.5261054,-0.20362544,-0.9863838,0.10343152,-0.12786292,0
-0.51125956,-4.5764217,-0.13402939,-0.11003809,-0.99287564,0.045714259,0
3.5282013,-3.420928,1.2370856,0.9863838,-0.10343152,0.12786292,0
3.6672573,-2.2275438,0.91528809,0.9863838,-0.10343152,0.12786292,0
0.33957136,4.470818,0.57379937,0.11003809,0.99287564,-0.045714259,0
3.8275607,-0.031723082,1.0035611,0.9863838,-0.10343152,0.12786292,0
-0.20411034,-0.19980109,-1.0230955,0.12222365,-0.059161544,-0.99073786,0
0.50509369,4.2140169,0.91592789,-0.12222365,0.059161544,0.99073786,0
-0.76296526,2.1902945,-1.1953506,0.12222365,-0.059161544,-0.99073786,0
3.881989,-1.07078,-0.55603892,0.12222365,-0.059161544,-0.99073786,0
3.9146848,4.2302923,1.0025029,0.11003809,0.99287564,-0.045714259,0
1.4909394,-0.54023516,-0.75169796,0.12222365,-0.059161544,-0.99073786,0
1.006381,-4.6266212,0.52470255,-0.11003809,-0.99287564,0.045714259,0
3.4080753,-3.9836433,1.54918,0.9863838,-0.10343152,0.12786292,0
-0.75985491,-4.4567986,0.41723633,-0.11003809,-0.99287564,0.045714259,0
4.0491252,-1.1938393,-0.30510765,0.9863838,-0.10343152,0.12786292,0
-1.2368091,2.4153361,0.71281755,-0.12222365,0.059161544,0.99073786,0
3.638257,-1.5527972,1.3647672,0.9863838,-0.10343152,0.12786292,0
0.2474183,4.0347819,-1.1556928,0.12222365,-0.059161544,-0.99073786,0
-1.4242989,4.6875296,-0.47762537,0.11003809,0.99287564,-0.045714259,0
-0.82108355,4.6731052,-0.53549194,0.11003809,0.99287564,-0.045714259,0
-2.0037396,4.635622,-0.57080889,0.11003809,0.99287564,-0.045714259,0
-2.2350435,-3.1956015,-1.120302,0.12222365,-0.059161544,-0.99073786,0
-4.0709519,-1.4183758,0.60834932,-0.12222365,0.059161544,0.99073786,0
-4.3443003,-1.9284641,0.048472881,-0.9863838,0.10343152,-0.12786292,0
-3.8055899,1.7232697,0.18536592,-0.9863838,0.10343152,-0.12786292,0
-2.0453336,-4.274044,0.40706873,-0.11003809,-0.99287564,0.045714259,0
1.9777966,-1.8697448,-0.73452342,0.12222365,-0.059161544,-0.99073786,0
1.3181701,3.5417588,-1.1264493,0.12222365,-0.059161544,-0.99073786,0
1.5266768,-4.7605782,0.34415293,-0.11003809,-0.99287564,0.045714259,0
3.6775744,-2.3692727,0.2771585,0.9863838,-0.10343152,0.12786292,0
-0.97666377,-2.9559743,-0.86165166,0.12222365,-0.059161544,-0.99073786,0
3.7939689,-1.7510309,0.56028712,0.9863838,-0.10343152,0.12786292,0
4.1176863,0.95534652,0.47574705,0.9863838,-0.10343152,0.12786292,0
1.1454794,-4.5862122,-0.10111284,-0.11003809,-0.99287564,0.045714259,0
-3.8449724,0.52288932,-1.5521489,-0.9863838,0.10343152,-0.12786292,0
1.9645535,4.3509312,-0.71608448,0.11003809,0.99287564,-0.045714259,0
2.387336,-1.3321829,-0.67870247,0.12222365,-0.059161544,-0.99073786,0
3.375663,-4.3519611,1.3083391,0.9863838,-0.10343152,0.12786292,0
-4.0600557,0.76552153,-0.11883193,-0.9863838,0.10343152,-0.12786292,0
4.083878,4.0410805,0.86334825,0.11003809,0.99287564,-0.045714259,0
-3.2335887,4.8492017,-0.53711653,0.11003809,0.99287564,-0.045714259,0
-2.3078501,4.7142992,-0.82531309,0.11003809,0.99287564,-0.045714259,0
-2.6073651,0.25983554,0.65495765,-0.12222365,0.059161544,0.99073786,0
-2.8557172,-0.97674751,0.64736855,-0.12222365,0.059161544,0.99073786,0
4.4864144,3.859463,-0.041873932,0.9863838,-0.10343152,0.12786292,0
-1.4321349,4.5667825,-0.80392599,0.11003809,0.99287564,-0.045714259,0
4.2389145,3.4121411,0.60663056,0.9863838,-0.10343152,0.12786292,0
1.6072041,-4.7764492,0.5855689,-0.11003809,-0.99287564,0.045714259,0
-2.9057164,3.727978,-1.6832204,0.12222365,-0.059161544,-0.99073786,0
2.0945678,-4.7222114,0.65701866,-0.11003809,-0.99287564,0.045714259,0
3.7104793,4.142921,0.71574163,0.11003809,0.99287564,-0.045714259,0
4.2578559,2.7908688,0.6024332,0.9863838,-0.10343152,0.12786292,0
-1.855391,-4.2733889,0.81358957,-0.11003809,-0.99287564,0.045714259,0
1.9457363,4.3096094,-0.060446739,0.11003809,0.99287564,-0.045714259,0
-1.0718498,1.4433352,-1.2855278,0.12222365,-0.059161544,-0.99073786,0
-4.1151042,-1.2623022,-0.66696727,-0.9863838,0.10343152,-0.12786292,0
-2.4916773,2.300909,-1.4358948,0.12222365,-0.059161544,-0.99073786,0
-0.4992879,2.3016305,-1.1568332,0.12222365,-0.059161544,-0.99073786,0
-2.969213,4.7382841,-0.70464897,0.11003809,0.99287564,-0.045714259,0
-1.6929352,2.0853207,-1.3386585,0.12222365,-0.059161544,-0.99073786,0
-2.254663,-3.0266771,-1.0706387,0.12222365,-0.059161544,-0.99073786,0
1.0877316,-2.7343659,-0.65070117,0.12222365,-0.059161544,-0.99073786,0
3.7673151,-2.9549685,-0.33217764,0.9863838,-0.10343152,0.12786292,0
2.3560317,4.362042,0.29832077,0.11003809,0.99287564,-0.045714259,0
-1.2829671,1.459092,0.7076931,-0.12222365,0.059161544,0.99073786,0
3.4774787,2.9789019,-0.81293297,0.12222365,-0.059161544,-0.99073786,0
-1.9516888,0.54749173,-1.2854948,0.12222365,-0.059161544,-0.99073786,0
0.75068259,-4.6193027,-0.098446369,-0.11003809,-0.99287564,0.045714259,0
-1.7195464,2.665308,-1.3048995,0.12222365,-0.059161544,-0.99073786,0
-3.7796321,1.9635646,-0.65245795,-0.9863838,0.10343152,-0.12786292,0
3.9204226,0.21417058,1.0800061,0.9863838,-0.10343152,0.12786292,0
3.3439593,4.2307639,0.94788909,0.11003809,0.99287564,-0.045714259,0
1.1802969,4.4397078,-1.1164784,0.11003809,0.99287564,-0.045714259,0
-3.6874983,2.5047975,-0.056474924,-0.9863838,0.10343152,-0.12786292,0
-4.1866484,-0.81739938,0.052381873,-0.9863838,0.10343152,-0.12786292,0
-4.2538109,-1.8594662,-0.30847502,-0.9863838,0.10343152,-0.12786292,0
-3.0332088,-0.55376184,0.7309404,-0.12222365,0.059161544,0.99073786,0
1.5988362,-2.0340326,1.2279658,-0.12222365,0.059161544,0.99073786,0
3.5226252,-3.6774821,1.2164016,0.9863838,-0.10343152,0.12786292,0
4.0045094,0.81660116,0.79332769,0.9863838,-0.10343152,0.12786292,0
4.1987886,3.4340291,1.0173903,0.9863838,-0.10343152,0.12786292,0
-2.6271224,3.3319995,-1.4429922,0.12222365,-0.059161544,-0.99073786,0
-3.3644009,-4.1916027,0.22831202,-0.11003809,-0.99287564,0.045714259,0
3.9132376,-0.039619029,0.71959758,0.9863838,-0.10343152,0.12786292,0
2.82655,-4.2624707,-0.45899415,0.12222365,-0.059161544,-0.99073786,0
0.061874148,-4.3936949,0.97357321,-0.11003809,-0.99287564,0.045714259,0
0.31766367,4.5437908,-0.93238163,0.11003809,0.99287564,-0.045714259,0
0.35220039,2.588434,-1.0630498,0.12222365,-0.059161544,-0.99073786,0
-2.1517727,2.828181,0.57055676,-0.12222365,0.059161544,0.99073786,0
4.0636702,1.1622448,0.11051226,0.9863838,-0.10343152,0.12786292,0
-1.5100782,-4.4551029,-0.720999,-0.11003809,-0.99287564,0.045714259,0
-2.2843599,4.8002186,-1.120194,0.11003809,0.99287564,-0.045714259,0
-4.0946107,-1.0196944,-1.0432143,-0.9863838,0.10343152,-0.12786292,0
-2.0860436,-4.2144876,0.21221495,-0.11003809,-0.99287564,0.045714259,0
4.1049294,0.062032502,-0.02467072,0.9863838,-0.10343152,0.12786292,0
-1.5751405,4.6483817,-0.84524441,0.11003809,0.99287564,-0.045714259,0
2.4466658,-2.4163365,-0.51590323,0.12222365,-0.059161544,-0.99073786,0
4.2673087,3.4677911,0.79122114,0.9863838,-0.10343152,0.12786292,0
4.1668711,2.1198785,0.60634387,0.9863838,-0.10343152,0.12786292,0
3.479984,-1.9028425,-0.43943429,0.12222365,-0.059161544,-0.99073786,0
2.6372743,-4.7681842,-0.11445999,-0.11003809,-0.99287564,0.045714259,0
-0.064495005,4.3415046,0.81795049,-0.12222365,0.059161544,0.99073786,0
4.0094032,0.049277782,0.48940694,0.9863838,-0.10343152,0.12786292,0
-4.3079133,-3.3261793,-0.4073236,-0.9863838,0.10343152,-0.12786292,0
-1.481831,4.7548585,-0.70928955,0.11003809,0.99287564,-0.045714259,0
3.694504,-4.3356371,-0.16923475,0.9863838,-0.10343152,0.12786292,0
-2.6441457,-4.2318301,0.32430887,-0.11003809,-0.99287564,0.045714259,0
-3.4872575,4.7107344,-0.92105293,-0.9863838,0.10343152,-0.12786292,0
-0.14499004,4.4098024,-0.99920082,0.11003809,0.99287564,-0.045714259,0
-2.5798924,-4.2425933,-0.57629776,-0.11003809,-0.99287564,0.045714259,0
-3.9460182,1.0470085,-0.16818053,-0.9863838,0.10343152,-0.12786292,0
4.3290958,3.7099519,0.52355409,0.9863838,-0.10343152,0.12786292,0
4.271904,1.9783977,0.42450905,0.9863838,-0.10343152,0.12786292,0
3.9541988,-1.0437124,0.31943107,0.9863838,-0.10343152,0.12786292,0
2.2846172,-4.0439367,1.4822721,-0.12222365,0.059161544,0.99073786,0
-4.0353875,-0.34417927,-0.15353441,-0.9863838,0.10343152,-0.12786292,0
0.98691189,-4.5745053,0.9389534,-0.11003809,-0.99287564,0.045714259,0
1.6433883,-3.4322479,1.4339676,-0.12222365,0.059161544,0.99073786,0
-4.3741164,-3.8939357,-0.9392755,-0.9863838,0.10343152,-0.12786292,0
0.80130368,-1.8259726,-0.80123609,0.12222365,-0.059161544,-0.99073786,0
1.4580191,-4.7056708,0.70865107,-0.11003809,-0.99287564,0.045714259,0
2.6151707,-4.7785602,0.41757441,-0.11003809,-0.99287564,0.045714259,0
-3.6545997,3.5608094,-0.13145256,-0.9863838,0.10343152,-0.12786292,0
3.5753551,-3.8714831,0.010740042,0.9863838,-0.10343152,0.12786292,0
4.0876327,0.68272263,0.53824174,0.9863838,-0.10343152,0.12786292,0
3.8086917,-1.4391855,0.28231418,0.9863838,-0.10343152,0.12786292,0
-1.6857169,-4.2681732,0.99055862,-0.11003809,-0.99287564,0.045714259,0
-0.78383386,3.5943816,0.78085208,-0.12222365,0.059161544,0.99073786,0
-4.0151358,-1.211476,-1.3228648,-0.9863838,0.10343152,-0.12786292,0
-2.4782012,-1.8343639,-1.1352948,0.12222365,-0.059161544,-0.99073786,0
-1.1582667,-4.3594255,0.24953222,-0.11003809,-0.99287564,0.045714259,0
-4.2456999,-1.3565207,-0.22725868,-0.9863838,0.10343152,-0.12786292,0
-4.2011991,-1.7113565,-0.13892007,-0.9863838,0.10343152,-0.12786292,0
-4.0347285,-1.7676649,-1.1644769,-0.9863838,0.10343152,-0.12786292,0
2.2740538,-4.8911715,-0.14381981,-0.11003809,-0.99287564,0.045714259,0
3.7097476,0.32836306,-0.66099399,0.12222365,-0.059161544,-0.99073786,0
-2.4346657,-0.85185599,0.72738373,-0.12222365,0.059161544,0.99073786,0
4.2170272,2.4891272,0.9491452,0.9863838,-0.10343152,0.12786292,0
-4.1182752,-2.1801386,-0.50677323,-0.9863838,0.10343152,-0.12786292,0
-2.0659308,2.7203369,-1.3464932,0.12222365,-0.059161544,-0.99073786,0
2.9288266,4.1873002,0.29390407,0.11003809,0.99287564,-0.045714259,0
-2.9744942,4.9230351,0.14493656,0.11003809,0.99287564,-0.045714259,0
-0.55419111,-4.4899006,-0.83621001,-0.11003809,-0.99287564,0.045714259,0
3.611335,-3.6235776,0.3219862,0.9863838,-0.10343152,0.12786292,0
-1.2684453,1.9693452,-1.3076878,0.12222365,-0.059161544,-0.99073786,0
0.33714506,4.4251308,-1.1332479,0.12222365,-0.059161544,-0.99073786,0
1.1068828,4.3036857,-0.34159803,0.11003809,0.99287564,-0.045714259,0
-0.43901506,-4.4818964,0.02559042,-0.11003809,-0.99287564,0.045714259,0
3.6982489,-3.4857407,-0.29681492,0.9863838,-0.10343152,0.12786292,0
-1.8857528,4.6415181,-0.63593483,0.11003809,0.99287564,-0.045714259,0
2.232744,-4.7363391,0.1167388,-0.11003809,-0.99287564,0.045714259,0
-4.2270403,-2.9587452,0.73539257,-0.12222365,0.059161544,0.99073786,0
3.4851065,2.6937573,1.3770037,-0.12222365,0.059161544,0.99073786,0
-4.1036267,-0.64201647,-0.45335197,-0.9863838,0.10343152,-0.12786292,0
-2.0726628,-4.3140097,-0.6139586,-0.11003809,-0.99287564,0.045714259,0
4.0036359,1.9800801,1.4215018,0.9863838,-0.10343152,0.12786292,0
-2.6686049,1.6311274,0.63610613,-0.12222365,0.059161544,0.99073786,0
-0.9522177,4.6612396,-1.2115817,0.11003809,0.99287564,-0.045714259,0
1.8590889,-0.96243799,-0.81629235,0.12222365,-0.059161544,-0.99073786,0
-4.1106734,-1.3025522,-0.38470459,-0.9863838,0.10343152,-0.12786292,0
-1.2409912,4.6429834,-0.059038162,0.11003809,0.99287564,-0.045714259,0
2.6128218,-2.9031119,-0.57770264,0.12222365,-0.059161544,-0.99073786,0
3.6554446,-3.6053648,-0.076434851,0.9863838,-0.10343152,0.12786292,0
-4.3603592,-2.8899438,0.62030315,-0.12222365,0.059161544,0.99073786,0
2.7584779,4.1412835,-0.06717968,0.11003809,0.99287564,-0.045714259,0
0.71936816,4.3955383,-0.71457052,0.11003809,0.99287564,-0.045714259,0
-0.53708977,-4.4983897,0.16604424,-0.11003809,-0.99287564,0.045714259,0
1.5433087,-3.0113235,-0.72687006,0.12222365,-0.059161544,-0.99073786,0
0.58734965,3.2486689,-1.1211059,0.12222365,-0.059161544,-0.99073786,0
4.4390941,3.9816353,-0.15935421,0.11003809,0.99287564,-0.045714259,0
4.0455127,1.6471883,-0.60930467,0.12222365,-0.059161544,-0.99073786,0
1.0730071,-0.81059778,1.208801,-0.12222365,0.059161544,0.99073786,0
-2.9164543,4.7784882,-0.035607815,0.11003809,0.99287564,-0.045714259,0
3.5202379,0.48408246,-0.65143466,0.12222365,-0.059161544,-0.99073786,0
3.5200262,-4.1458759,0.65446711,0.9863838,-0.10343152,0.12786292,0
-3.5348823,4.8723669,-0.1473031,-0.9863838,0.10343152,-0.12786292,0
-3.8004889,3.5235026,0.34073591,-0.9863838,0.10343152,-0.12786292,0
-1.260492,-2.7337825,1.0733557,-0.12222365,0.059161544,0.99073786,0
-1.3934538,4.6514554,-1.0358467,0.11003809,0.99287564,-0.045714259,0
3.3244174,-4.350513,1.617465,0.9863838,-0.10343152,0.12786292,0
-0.011165526,-4.4822974,1.0413814,-0.11003809,-0.99287564,0.045714259,0
-3.8603318,0.76218653,-0.28544512,-0.9863838,0.10343152,-0.12786292,0
3.2705085,-4.8476181,1.0636668,-0.11003809,-0.99287564,0.045714259,0
3.1084187,-4.8489685,1.1617031,-0.11003809,-0.99287564,0.045714259,0
3.7985864,-1.2595334,0.62386847,0.9863838,-0.10343152,0.12786292,0
-4.1576405,-0.35441491,0.29283011,-0.9863838,0.10343152,-0.12786292,0
2.544944,-4.9028263,0.082585335,-0.11003809,-0.99287564,0.045714259,0
3.4895957,-4.4638357,0.56391096,0.9863838,-0.10343152,0.12786292,0
0.079985715,-3.7802188,1.2380085,-0.12222365,0.059161544,0.99073786,0
-4.143424,-1.4827521,0.087717891,-0.9863838,0.10343152,-0.12786292,0
-0.35718739,-4.4921184,-0.023431301,-0.11003809,-0.99287564,0.045714259,0
1.4179982,-4.6122475,0.10984707,-0.11003809,-0.99287564,0.045714259,0
2.1521907,4.3147883,0.0074748993,0.11003809,0.99287564,-0.045714259,0
3.1377325,-4.7913208,1.6540618,-0.11003809,-0.99287564,0.045714259,0
3.3605614,2.152652,1.3574904,-0.12222365,0.059161544,0.99073786,0
1.0976677,-4.6488771,1.0083447,-0.11003809,-0.99287564,0.045714259,0
-1.6509907,0.70543939,0.78694284,-0.12222365,0.059161544,0.99073786,0
-3.7930455,2.9023929,0.076284885,-0.9863838,0.10343152,-0.12786292,0
-1.1662735,1.6915872,-1.2678761,0.12222365,-0.059161544,-0.99073786,0
1.4731697,-3.4813905,1.457514,-0.12222365,0.059161544,0.99073786,0
-1.7751117,1.1931152,-1.3933737,0.12222365,-0.059161544,-0.99073786,0
-1.9866879,-4.2696471,0.84713316,-0.11003809,-0.99287564,0.045714259,0
2.7180538,4.2216988,-0.24218607,0.11003809,0.99287564,-0.045714259,0
-4.4142466,-2.1606236,0.32036495,-0.9863838,0.10343152,-0.12786292,0
3.4891431,-4.791832,1.07058,0.9863838,-0.10343152,0.12786292,0
1.9970087,-4.6860509,-0.48538899,-0.11003809,-0.99287564,0.045714259,0
0.74758708,4.4567761,-0.49054098,0.11003809,0.99287564,-0.045714259,0
4.2846909,2.9350398,0.17685843,0.9863838,-0.10343152,0.12786292,0
0.55535376,3.5004091,0.88668752,-0.12222365,0.059161544,0.99073786,0
1.2769281,4.378056,-0.33127213,0.11003809,0.99287564,-0.045714259,0
-3.3367295,4.8364992,-1.0648384,0.11003809,0.99287564,-0.045714259,0
0.1035118,3.4883645,-1.1432626,0.12222365,-0.059161544,-0.99073786,0
-4.1978884,-1.3010901,-0.049394011,-0.9863838,0.10343152,-0.12786292,0
-3.4380193,4.6059351,-0.57372022,-0.9863838,0.10343152,-0.12786292,0
4.2113376,2.2132764,1.1523763,0.9863838,-0.10343152,0.12786292,0
