-3.3685231,-0.77898377,0.58075476,-0.86715746,-0.39688939,0.30085981,0
0.6174534,-3.7002714,0.31894803,-0.15269881,-0.36312246,-0.91914368,0
-1.6841215,-1.2131313,-0.42864841,-0.15269881,-0.36312246,-0.91914368,0
-4.4128208,0.78995878,-0.043083429,-0.86715746,-0.39688939,0.30085981,0
0.66274905,-4.5929785,1.0866966,0.47404736,-0.84298325,0.25427991,0
-2.8601909,3.1951463,-1.7575464,-0.47404736,0.84298325,-0.25427991,0
1.0299585,3.2788053,-2.4810674,-0.15269881,-0.36312246,-0.91914368,0
-3.8454387,0.66316313,-0.64565825,-0.15269881,-0.36312246,-0.91914368,0
-0.29319596,-5.1689262,1.3568375,0.47404736,-0.84298325,0.25427991,0
-0.174191,4.6910348,-1.9328189,-0.47404736,0.84298325,-0.25427991,0
5.0032425,-1.689054,0.83673072,0.15269881,0.36312246,0.91914368,0
-2.4189403,-2.4118304,1.7575999,-0.86715746,-0.39688939,0.30085981,0
4.0038624,-0.32718688,-0.45743346,0.86715746,0.39688939,-0.30085981,0
2.6245177,-1.3359106,1.074432,0.15269881,0.36312246,0.91914368,0
2.414367,2.714503,-0.76490992,0.86715746,0.39688939,-0.30085981,0
-1.206502,-4.5445762,2.0250821,-0.86715746,-0.39688939,0.30085981,0
1.4571559,4.3071165,-1.7562735,0.86715746,0.39688939,-0.30085981,0
-3.257041,3.4007568,-0.0021414757,-0.47404736,0.84298325,-0.25427991,0
1.3242199,3.4588568,-0.55120242,0.15269881,0.36312246,0.91914368,0
-0.17826772,4.7268305,-1.6096666,-0.47404736,0.84298325,-0.25427991,0
-2.1040661,2.718581,-1.8850708,-0.15269881,-0.36312246,-0.91914368,0
-4.4720602,0.77828145,0.1023252,-0.86715746,-0.39688939,0.30085981,0
-1.0589027,1.4433167,-1.4804659,-0.15269881,-0.36312246,-0.91914368,0
1.5358734,-0.88226533,1.2548182,0.15269881,0.36312246,0.91914368,0
-2.3329093,-2.1609821,2.1853759,-0.86715746,-0.39688939,0.30085981,0
2.4209135,2.5243268,-1.4093477,0.86715746,0.39688939,-0.30085981,0
-1.420347,-4.1187835,1.994316,-0.86715746,-0.39688939,0.30085981,0
4.2252207,-2.7247226,0.41150475,0.47404736,-0.84298325,0.25427991,0
-3.3415015,-1.2839935,0.26120377,-0.86715746,-0.39688939,0.30085981,0
2.8089662,-0.77331078,-1.3208712,-0.15269881,-0.36312246,-0.91914368,0
0.042361736,4.8532681,-2.0012505,-0.47404736,0.84298325,-0.25427991,0
-0.52005941,-0.50711739,1.2719007,0.15269881,0.36312246,0.91914368,0
-4.1391783,3.1224058,0.1129632,-0.47404736,0.84298325,-0.25427991,0
0.99244505,-4.0829396,2.608104,0.47404736,-0.84298325,0.25427991,0
5.3407898,-2.1162078,0.99704361,0.47404736,-0.84298325,0.25427991,0
-1.1510658,-5.2518458,1.5123098,-0.86715746,-0.39688939,0.30085981,0
-0.8927418,3.6414475,-0.12757969,0.15269881,0.36312246,0.91914368,0
-1.2702057,-5.0816178,1.2497208,-0.86715746,-0.39688939,0.30085981,0
-0.60193324,-1.8639483,-0.24639845,-0.15269881,-0.36312246,-0.91914368,0
-1.9609568,-3.7588825,1.0495502,-0.86715746,-0.39688939,0.30085981,0
0.68776155,3.9438052,-0.66148686,0.15269881,0.36312246,0.91914368,0
-5.0092368,1.7042264,-0.25370932,-0.86715746,-0.39688939,0.30085981,0
-4.3588834,1.0015604,0.71044517,-0.86715746,-0.39688939,0.30085981,0
-0.71971178,3.1449101,0.061023712,0.15269881,0.36312246,0.91914368,0
-2.7976689,-1.7067978,1.0402158,-0.86715746,-0.39688939,0.30085981,0
-2.1020613,-3.1187127,1.4783845,-0.86715746,-0.39688939,0.30085981,0
1.7734139,3.4336085,-2.1424427,0.86715746,0.39688939,-0.30085981,0
-3.2031031,-1.4595668,0.61038136,-0.86715746,-0.39688939,0.30085981,0
0.099125743,-1.9180319,-0.26341295,-0.15269881,-0.36312246,-0.91914368,0
-0.45143312,1.283154,-1.5195357,-0.15269881,-0.36312246,-0.91914368,0
-4.6062756,2.3363593,-1.1129127,-0.47404736,0.84298325,-0.25427991,0
-2.8517964,3.4902451,-1.0507464,-0.47404736,0.84298325,-0.25427991,0
2.7519391,-3.7427511,0.23266125,0.47404736,-0.84298325,0.25427991,0
0.079587102,3.3882866,-0.29909229,0.15269881,0.36312246,0.91914368,0
-0.26352251,-2.4024429,-0.035389185,-0.15269881,-0.36312246,-0.91914368,0
-4.7275405,1.8099675,0.50805116,-0.86715746,-0.39688939,0.30085981,0
-2.0736272,2.3889775,-1.6194079,-0.15269881,-0.36312246,-0.91914368,0
5.2529068,-2.2760212,0.33320856,0.47404736,-0.84298325,0.25427991,0
-4.5555868,2.5713139,-0.74104738,-0.47404736,0.84298325,-0.25427991,0
4.7042971,-2.3338594,1.0492959,0.47404736,-0.84298325,0.25427991,0
4.6527195,-2.8126786,-0.053454399,0.47404736,-0.84298325,0.25427991,0
-3.510648,-0.32386929,1.3091084,-0.86715746,-0.39688939,0.30085981,0
0.67494541,-0.17689449,1.0251528,0.15269881,0.36312246,0.91914368,0
3.3004692,-3.4713087,0.32813692,0.47404736,-0.84298325,0.25427991,0
2.6774833,-2.7657201,1.7798076,0.15269881,0.36312246,0.91914368,0
-0.1688955,0.54948074,-1.3076532,-0.15269881,-0.36312246,-0.91914368,0
3.076695,-3.334549,1.051666,0.47404736,-0.84298325,0.25427991,0
1.6920393,4.2401257,-0.80837572,0.15269881,0.36312246,0.91914368,0
-4.2010841,2.6103106,0.79264021,0.15269881,0.36312246,0.91914368,0
-0.2093966,4.5152211,-1.9879498,-0.47404736,0.84298325,-0.25427991,0
0.18104011,1.7657883,0.39955795,0.15269881,0.36312246,0.91914368,0
2.0730362,1.8878136,-2.1082067,-0.15269881,-0.36312246,-0.91914368,0
3.2831202,0.37656569,-1.4126105,0.86715746,0.39688939,-0.30085981,0
-0.88750744,4.3575807,-1.9612896,-0.47404736,0.84298325,-0.25427991,0
-0.53411913,-4.8228364,2.5785103,0.47404736,-0.84298325,0.25427991,0
-3.6651337,3.066783,-1.0468807,-0.47404736,0.84298325,-0.25427991,0
1.296937,4.117187,-2.5913937,0.86715746,0.39688939,-0.30085981,0
-2.1241572,2.0261664,-1.5303781,-0.15269881,-0.36312246,-0.91914368,0
-2.734467,-1.6847334,1.8575554,-0.86715746,-0.39688939,0.30085981,0
-0.92409301,-1.8331051,1.9810956,0.15269881,0.36312246,0.91914368,0
-4.6350145,2.2098875,0.89310789,0.15269881,0.36312246,0.91914368,0
0.13796902,-4.5247059,2.772994,0.47404736,-0.84298325,0.25427991,0
2.9206305,1.4574442,0.024451077,0.15269881,0.36312246,0.91914368,0
-4.8034286,1.2319226,-0.39269638,-0.86715746,-0.39688939,0.30085981,0
-0.62875557,-2.394423,2.2337768,0.15269881,0.36312246,0.91914368,0
-2.9954684,3.6413293,-0.35184479,-0.47404736,0.84298325,-0.25427991,0
-1.4338095,3.9004812,-2.3835707,-0.47404736,0.84298325,-0.25427991,0
-1.8802655,2.4918003,0.40430093,0.15269881,0.36312246,0.91914368,0
-1.6733034,-0.24827987,1.4477663,0.15269881,0.36312246,0.91914368,0
1.4194219,4.9042864,-1.2640913,0.86715746,0.39688939,-0.30085981,0
-0.22244549,-5.1004295,1.4070728,0.47404736,-0.84298325,0.25427991,0
-1.3847802,2.8032403,-1.9436084,-0.15269881,-0.36312246,-0.91914368,0
-1.0505767,4.3383961,-1.6745238,-0.47404736,0.84298325,-0.25427991,0
-1.2392683,-3.9363008,2.6205924,-0.86715746,-0.39688939,0.30085981,0
-2.6193855,-1.5155751,2.0734265,-0.86715746,-0.39688939,0.30085981,0
-3.1824806,3.2392092,-1.2155845,-0.47404736,0.84298325,-0.25427991,0
-4.8351865,2.5326838,-0.61467505,-0.47404736,0.84298325,-0.25427991,0
2.8625464,-3.2930968,1.1187811,0.47404736,-0.84298325,0.25427991,0
-0.67044067,-4.9264727,2.8339126,0.47404736,-0.84298325,0.25427991,0
1.9348192,-4.0149221,0.45207119,0.47404736,-0.84298325,0.25427991,0
0.26402175,-2.5743847,-0.015628576,-0.15269881,-0.36312246,-0.91914368,0
-1.1053555,-4.3978691,2.5021207,-0.86715746,-0.39688939,0.30085981,0
0.52083075,-4.6971169,0.93200135,0.47404736,-0.84298325,0.25427991,0
-4.2122688,1.1396329,0.67612028,-0.86715746,-0.39688939,0.30085981,0
3.5021634,-3.3737211,0.20698547,0.47404736,-0.84298325,0.25427991,0
1.510283,-4.0353122,1.460794,0.47404736,-0.84298325,0.25427991,0
1.7637782,-4.020937,0.83860588,0.47404736,-0.84298325,0.25427991,0
3.7390559,-2.101953,1.199537,0.15269881,0.36312246,0.91914368,0
-3.8654563,2.7517705,-1.0956395,-0.47404736,0.84298325,-0.25427991,0
1.6457951,-3.6888809,2.0940197,0.47404736,-0.84298325,0.25427991,0
3.858326,-0.58965802,-1.3186774,0.86715746,0.39688939,-0.30085981,0
-4.3931675,0.6305145,-0.14419079,-0.86715746,-0.39688939,0.30085981,0
-4.0449686,0.84905756,1.2302213,-0.86715746,-0.39688939,0.30085981,0
-1.1214275,-5.3815494,1.5643361,-0.86715746,-0.39688939,0.30085981,0
-0.030471444,1.3042514,0.5309875,0.15269881,0.36312246,0.91914368,0
-1.2910948,-0.78834641,1.6728824,0.15269881,0.36312246,0.91914368,0
3.1403906,-1.2756238,-1.1518071,-0.15269881,-0.36312246,-0.91914368,0
2.2701323,-3.3141682,2.0876005,0.15269881,0.36312246,0.91914368,0
-2.4679751,-1.9491065,1.6426673,-0.86715746,-0.39688939,0.30085981,0
-4.9280233,2.0584061,-1.1484556,-0.15269881,-0.36312246,-0.91914368,0
2.9845378,1.1984847,-1.5350869,0.86715746,0.39688939,-0.30085981,0
-3.9183052,2.7606554,-1.1856437,-0.47404736,0.84298325,-0.25427991,0
-4.9164639,2.815351,0.60179996,-0.47404736,0.84298325,-0.25427991,0
-1.8402729,-1.2204057,1.7849022,0.15269881,0.36312246,0.91914368,0
3.8378274,-0.57068539,-1.0440211,0.86715746,0.39688939,-0.30085981,0
-2.379396,1.1367881,1.108088,0.15269881,0.36312246,0.91914368,0
2.3866303,-3.7762408,1.0299873,0.47404736,-0.84298325,0.25427991,0
2.3215468,-3.9396858,0.43966866,0.47404736,-0.84298325,0.25427991,0
4.2892303,-2.8252413,0.30569172,0.47404736,-0.84298325,0.25427991,0
2.7288268,-3.2689242,1.5110934,0.47404736,-0.84298325,0.25427991,0
-1.2586198,-5.097477,1.2679079,-0.86715746,-0.39688939,0.30085981,0
-2.6041594,-1.5063605,2.0685868,0.15269881,0.36312246,0.91914368,0
5.131784,-2.5197179,0.11569262,0.47404736,-0.84298325,0.25427991,0
-4.74793,1.5195346,-0.81688237,-0.15269881,-0.36312246,-0.91914368,0
4.6420326,-2.7826858,-0.80534887,-0.15269881,-0.36312246,-0.91914368,0
2.0296423,2.6970584,-2.2354615,0.86715746,0.39688939,-0.30085981,0
-0.80967271,0.93420017,0.88716203,0.15269881,0.36312246,0.91914368,0
1.2768683,3.8114448,-2.7483015,0.86715746,0.39688939,-0.30085981,0
-3.2780571,-1.1685905,0.82943803,-0.86715746,-0.39688939,0.30085981,0
1.0337543,-0.46583045,1.0329891,0.15269881,0.36312246,0.91914368,0
-4.1933403,0.6583584,0.71739388,-0.86715746,-0.39688939,0.30085981,0
-4.3141193,0.86422753,0.51917315,-0.86715746,-0.39688939,0.30085981,0
-2.8923132,-1.8986065,0.47567803,-0.86715746,-0.39688939,0.30085981,0
1.3993223,-0.5340662,-1.0178818,-0.15269881,-0.36312246,-0.91914368,0
-1.6906424,4.1582918,-1.0461783,-0.47404736,0.84298325,-0.25427991,0
0.018780783,0.0084385872,-1.0721624,-0.15269881,-0.36312246,-0.91914368,0
3.8693736,-0.46712661,-1.0437503,0.86715746,0.39688939,-0.30085981,0
-1.1835506,2.3983798,-1.8282505,-0.15269881,-0.36312246,-0.91914368,0
-5.0676126,1.6738408,-0.94451261,-0.86715746,-0.39688939,0.30085981,0
0.40639436,-0.21235031,1.0612748,0.15269881,0.36312246,0.91914368,0
-0.53171802,4.3853579,-2.4048944,-0.47404736,0.84298325,-0.25427991,0
5.1157327,-2.028722,0.14676142,0.86715746,0.39688939,-0.30085981,0
0.28322363,4.6605196,-2.8698554,-0.47404736,0.84298325,-0.25427991,0
-1.3427521,4.2783704,-1.1659484,-0.47404736,0.84298325,-0.25427991,0
4.3828878,-1.070647,-0.70043802,0.86715746,0.39688939,-0.30085981,0
4.034255,-0.59931636,-0.97885156,0.86715746,0.39688939,-0.30085981,0
0.44139886,3.9113004,-2.6367586,-0.15269881,-0.36312246,-0.91914368,0
1.3619184,4.2109318,-1.9436998,0.86715746,0.39688939,-0.30085981,0
-4.1539416,0.67288691,0.5777688,-0.86715746,-0.39688939,0.30085981,0
1.8659273,0.62933618,0.56834412,0.15269881,0.36312246,0.91914368,0
-1.7627218,0.22218895,1.1906364,0.15269881,0.36312246,0.91914368,0
-1.4794788,4.1899915,-1.0568104,-0.47404736,0.84298325,-0.25427991,0
-2.8691826,3.3132706,0.25942659,0.15269881,0.36312246,0.91914368,0
0.95722961,-4.3136444,1.4716377,0.47404736,-0.84298325,0.25427991,0
2.8517163,0.20286155,-1.6907874,-0.15269881,-0.36312246,-0.91914368,0
-1.9205644,-2.5570607,0.17731726,-0.15269881,-0.36312246,-0.91914368,0
-1.5377753,4.267663,-0.26549435,0.15269881,0.36312246,0.91914368,0
-2.4792986,-0.51497865,1.6419991,0.15269881,0.36312246,0.91914368,0
-2.1277814,3.6610193,-1.330488,-0.47404736,0.84298325,-0.25427991,0
-1.1710501,-4.2466221,2.411164,-0.86715746,-0.39688939,0.30085981,0
3.0389681,1.2153432,-1.1592383,0.86715746,0.39688939,-0.30085981,0
-0.6066947,-2.9099135,0.11366534,-0.15269881,-0.36312246,-0.91914368,0
-1.7162311,-3.3716021,2.2559335,-0.86715746,-0.39688939,0.30085981,0
-0.82921398,3.9471614,-0.35785627,0.15269881,0.36312246,0.91914368,0
2.9858272,-1.5374136,-0.9331131,-0.15269881,-0.36312246,-0.91914368,0
-1.0672045,-4.9086046,2.3847914,-0.86715746,-0.39688939,0.30085981,0
-1.5135181,-3.6235838,2.1601119,-0.86715746,-0.39688939,0.30085981,0
-2.1190646,-3.2070251,1.4088368,-0.86715746,-0.39688939,0.30085981,0
-2.9323123,3.2530756,-1.5097692,-0.47404736,0.84298325,-0.25427991,0
-0.098938167,-0.65957373,1.3830303,0.15269881,0.36312246,0.91914368,0
-4.3182087,3.0043499,0.084744453,-0.47404736,0.84298325,-0.25427991,0
2.5574977,1.7354109,0.068849355,0.15269881,0.36312246,0.91914368,0
-0.6441896,-5.2453556,1.769352,0.47404736,-0.84298325,0.25427991,0
-0.13427138,-4.7090979,2.0572443,0.47404736,-0.84298325,0.25427991,0
3.9868944,-0.21811262,0.4746449,0.15269881,0.36312246,0.91914368,0
-2.9162781,3.6365962,0.057960987,-0.47404736,0.84298325,-0.25427991,0
-3.1443515,2.9843333,-1.5551968,-0.47404736,0.84298325,-0.25427991,0
-0.49741554,-4.2672915,2.9544492,0.15269881,0.36312246,0.91914368,0
-2.7448072,3.4717793,-0.94609022,-0.47404736,0.84298325,-0.25427991,0
-0.5588398,-1.8267962,1.979587,0.15269881,0.36312246,0.91914368,0
2.8774085,-3.2324181,1.7391539,0.47404736,-0.84298325,0.25427991,0
2.3496501,2.6784761,-1.6571549,0.86715746,0.39688939,-0.30085981,0
-1.8875735,-3.6961913,0.6105299,-0.15269881,-0.36312246,-0.91914368,0
-0.83678627,0.10526758,-1.0424103,-0.15269881,-0.36312246,-0.91914368,0
1.1579065,3.4388037,-2.5570557,-0.15269881,-0.36312246,-0.91914368,0
1.614305,-1.7308357,-0.69854045,-0.15269881,-0.36312246,-0.91914368,0
1.6047828,3.5409,-2.1775389,0.86715746,0.39688939,-0.30085981,0
-3.4985662,2.8873649,-1.4239774,-0.47404736,0.84298325,-0.25427991,0
2.2011013,3.2611187,-0.94704127,0.86715746,0.39688939,-0.30085981,0
-3.8348675,2.5442963,0.7765758,0.15269881,0.36312246,0.91914368,0
3.2194118,0.55391908,-1.8407457,0.86715746,0.39688939,-0.30085981,0
3.857414,-1.8676275,1.0975988,0.15269881,0.36312246,0.91914368,0
-2.0592885,4.0100346,-0.95647693,-0.47404736,0.84298325,-0.25427991,0
-4.4915681,0.508376,-0.44808435,-0.86715746,-0.39688939,0.30085981,0
-3.9952943,0.17516857,0.62287474,-0.86715746,-0.39688939,0.30085981,0
2.5151186,0.87891304,-1.7940547,-0.15269881,-0.36312246,-0.91914368,0
-3.3629773,-0.36216664,1.6591878,-0.86715746,-0.39688939,0.30085981,0
-0.2211678,-5.0697341,1.3823721,0.47404736,-0.84298325,0.25427991,0
4.1991353,-2.8155286,0.19824171,0.47404736,-0.84298325,0.25427991,0
-3.7348247,3.0953465,-0.74309659,-0.47404736,0.84298325,-0.25427991,0
-3.1613879,1.0202296,-0.96216762,-0.15269881,-0.36312246,-0.91914368,0
2.9027011,1.8835388,-0.87703645,0.86715746,0.39688939,-0.30085981,0
-2.5538764,3.6364334,-0.53842616,-0.47404736,0.84298325,-0.25427991,0
4.7093115,-2.4417231,1.2129166,0.47404736,-0.84298325,0.25427991,0
4.1517797,-0.37622511,-0.3396399,0.86715746,0.39688939,-0.30085981,0
0.0018081665,3.1893091,-0.067143202,0.15269881,0.36312246,0.91914368,0
-4.9169912,1.8061208,-0.94623804,-0.15269881,-0.36312246,-0.91914368,0
4.2161326,-1.2200959,-1.2734945,0.86715746,0.39688939,-0.30085981,0
-0.85418928,2.2738454,0.41505289,0.15269881,0.36312246,0.91914368,0
-0.86345983,-3.3265779,0.47049677,-0.15269881,-0.36312246,-0.91914368,0
2.6401567,-3.2967792,1.6217372,0.47404736,-0.84298325,0.25427991,0
4.8500051,-2.3683522,0.80769801,0.47404736,-0.84298325,0.25427991,0
0.20731774,0.32629275,0.87599981,0.15269881,0.36312246,0.91914368,0
-0.20295262,-4.8193212,2.1453004,0.47404736,-0.84298325,0.25427991,0
0.47728145,1.8622898,0.31405771,0.15269881,0.36312246,0.91914368,0
-1.7359548,-4.0786276,1.5323043,-0.86715746,-0.39688939,0.30085981,0
-2.3868856,3.40587,-1.9558997,-0.47404736,0.84298325,-0.25427991,0
2.8925769,-3.7832959,-0.11533165,-0.15269881,-0.36312246,-0.91914368,0
3.5554824,0.73765594,-0.2749778,0.86715746,0.39688939,-0.30085981,0
-0.77977347,-4.8593373,2.9381304,0.47404736,-0.84298325,0.25427991,0
1.8078052,-3.6480794,2.0986092,0.47404736,-0.84298325,0.25427991,0
-3.0477393,3.1024911,-1.5858791,-0.47404736,0.84298325,-0.25427991,0
-4.9886026,1.9215801,-0.45139265,-0.86715746,-0.39688939,0.30085981,0
-1.2002692,-4.4129477,2.3289032,-0.86715746,-0.39688939,0.30085981,0
3.0610266,-3.6228428,0.10871744,0.47404736,-0.84298325,0.25427991,0
-4.3314705,0.26674318,-0.54895091,-0.15269881,-0.36312246,-0.91914368,0
2.2847211,2.5563359,-1.4405453,0.86715746,0.39688939,-0.30085981,0
-0.98083693,3.373981,-2.2511101,-0.15269881,-0.36312246,-0.91914368,0
-2.7469628,-1.6092784,1.4034542,-0.86715746,-0.39688939,0.30085981,0
-5.1779828,2.0615008,-0.87944269,-0.47404736,0.84298325,-0.25427991,0
-0.40489554,-4.4706388,0.74557638,-0.15269881,-0.36312246,-0.91914368,0
-3.8865812,0.016711652,0.66941714,-0.86715746,-0.39688939,0.30085981,0
4.3853817,-1.388108,-1.0256035,0.86715746,0.39688939,-0.30085981,0
3.4219244,0.12796688,-1.3233193,0.86715746,0.39688939,-0.30085981,0
2.5391757,2.3504643,-0.35223359,0.15269881,0.36312246,0.91914368,0
2.5271287,-3.6598575,1.2037263,0.47404736,-0.84298325,0.25427991,0
-3.2749288,-1.1732532,0.57368141,-0.86715746,-0.39688939,0.30085981,0
1.1157351,-4.3207278,1.0267403,0.47404736,-0.84298325,0.25427991,0
5.0042419,-1.7735951,0.5631938,0.86715746,0.39688939,-0.30085981,0
-3.2596447,2.9466159,-1.555999,-0.47404736,0.84298325,-0.25427991,0
-3.810195,-0.16468704,0.47443604,-0.86715746,-0.39688939,0.30085981,0
1.7395625,2.9486938,-2.4278328,0.86715746,0.39688939,-0.30085981,0
2.688293,2.2836437,-0.90654117,0.86715746,0.39688939,-0.30085981,0
5.0667171,-2.464397,0.16261292,0.47404736,-0.84298325,0.25427991,0
-3.7622676,3.208576,-0.10074711,-0.47404736,0.84298325,-0.25427991,0
-1.6253713,3.6287446,-2.3387973,-0.47404736,0.84298325,-0.25427991,0
1.5405689,-2.7747235,-0.22872305,-0.15269881,-0.36312246,-0.91914368,0
-0.12872982,4.753613,-1.7579422,-0.47404736,0.84298325,-0.25427991,0
1.2443588,0.89722443,-1.7086084,-0.15269881,-0.36312246,-0.91914368,0
3.5728569,-3.3195236,-0.21437645,0.47404736,-0.84298325,0.25427991,0
-5.1635828,2.3462653,-0.26847124,-0.47404736,0.84298325,-0.25427991,0
-4.1512346,2.6191244,-1.3521819,-0.47404736,0.84298325,-0.25427991,0
3.2618446,0.96350491,-0.64782614,0.86715746,0.39688939,-0.30085981,0
-3.5899167,-0.94815189,0.25881886,-0.86715746,-0.39688939,0.30085981,0
2.2863123,2.0787425,-0.063712716,0.15269881,0.36312246,0.91914368,0
-4.2144222,1.4953415,-0.97949791,-0.15269881,-0.36312246,-0.91914368,0
-5.069869,2.3713284,-0.16126537,-0.47404736,0.84298325,-0.25427991,0
-4.3742261,0.63886082,-0.37545562,-0.86715746,-0.39688939,0.30085981,0
-0.00050187111,4.3603225,-0.5386076,0.15269881,0.36312246,0.91914368,0
2.5150332,2.9244256,-0.62362033,0.86715746,0.39688939,-0.30085981,0
-0.73056769,-5.0071807,2.0714543,0.47404736,-0.84298325,0.25427991,0
0.53019845,-4.2259049,2.5677004,0.47404736,-0.84298325,0.25427991,0
-1.2632245,2.7590742,0.17929316,0.15269881,0.36312246,0.91914368,0
-4.7569213,2.7749991,0.21447659,-0.47404736,0.84298325,-0.25427991,0
2.1741736,2.6334832,-1.7341342,0.86715746,0.39688939,-0.30085981,0
-1.6472958,4.1101475,-0.77384758,-0.47404736,0.84298325,-0.25427991,0
1.5340614,0.4257459,0.73840851,0.15269881,0.36312246,0.91914368,0
-4.0813599,2.576441,-1.4478798,-0.47404736,0.84298325,-0.25427991,0
-1.1539112,-1.527817,-0.37026009,-0.15269881,-0.36312246,-0.91914368,0
4.7402611,-1.3097343,0.1516571,0.86715746,0.39688939,-0.30085981,0
-1.1657754,4.4474874,-0.97028255,-0.47404736,0.84298325,-0.25427991,0
4.8884354,-2.6430383,-5.197525e-05,0.47404736,-0.84298325,0.25427991,0
0.15150356,4.8925014,-2.018311,-0.47404736,0.84298325,-0.25427991,0
-1.5533855,-4.6387429,1.1881133,-0.86715746,-0.39688939,0.30085981,0
-0.95338964,-5.2745938,2.1663089,-0.86715746,-0.39688939,0.30085981,0
0.39185882,1.4289023,-1.8183217,-0.15269881,-0.36312246,-0.91914368,0
0.58768046,-0.88645947,-0.82825691,-0.15269881,-0.36312246,-0.91914368,0
-2.5973923,-2.6164112,0.37867197,-0.86715746,-0.39688939,0.30085981,0
1.1027126,4.783443,-2.4266324,0.86715746,0.39688939,-0.30085981,0
-1.1900517,2.8788931,-1.9732662,-0.15269881,-0.36312246,-0.91914368,0
-3.9331791,1.7536697,0.96437693,0.15269881,0.36312246,0.91914368,0
3.407922,1.2937269,-0.26711398,0.86715746,0.39688939,-0.30085981,0
-1.2815961,3.6426711,-2.2881398,-0.15269881,-0.36312246,-0.91914368,0
1.8132727,3.4225092,-1.8506026,0.86715746,0.39688939,-0.30085981,0
-1.6962249,4.2471352,-0.25866318,0.15269881,0.36312246,0.91914368,0
0.57293677,5.3123317,-1.4780102,-0.47404736,0.84298325,-0.25427991,0
-4.6331935,0.84280956,-0.27694869,-0.86715746,-0.39688939,0.30085981,0
-2.826004,-0.65186489,-0.31289184,-0.15269881,-0.36312246,-0.91914368,0
-2.7120142,-0.020650446,-0.59979093,-0.15269881,-0.36312246,-0.91914368,0
-3.1492243,-1.2337015,0.89707822,-0.86715746,-0.39688939,0.30085981,0
-1.94631,-4.0027113,1.0184278,-0.86715746,-0.39688939,0.30085981,0
-1.469836,-4.3030906,1.5083802,-0.86715746,-0.39688939,0.30085981,0
0.16445756,-3.8490651,0.34813356,-0.15269881,-0.36312246,-0.91914368,0
-1.4994177,3.8631988,-2.2263837,-0.47404736,0.84298325,-0.25427991,0
-1.4808359,-4.152236,1.7039514,-0.86715746,-0.39688939,0.30085981,0
-2.8293655,-2.2583983,0.68391049,-0.86715746,-0.39688939,0.30085981,0
-3.1662431,-1.5340815,0.59717554,-0.86715746,-0.39688939,0.30085981,0
0.11424184,4.5460682,-2.7172608,-0.47404736,0.84298325,-0.25427991,0
-0.00033378601,4.3393826,-2.8836513,-0.15269881,-0.36312246,-0.91914368,0
0.74287415,-2.6174817,1.9220614,0.15269881,0.36312246,0.91914368,0
0.20077658,-4.779809,1.4013686,0.47404736,-0.84298325,0.25427991,0
-1.0527195,2.8550537,-1.944873,-0.15269881,-0.36312246,-0.91914368,0
1.337136,4.1489687,-2.3131831,0.86715746,0.39688939,-0.30085981,0
5.1860447,-1.8224353,0.9028616,0.15269881,0.36312246,0.91914368,0
-3.2240069,-1.2312201,0.51444232,-0.86715746,-0.39688939,0.30085981,0
-4.5036087,1.6196641,0.99032569,-0.86715746,-0.39688939,0.30085981,0
0.21314979,5.1578131,-1.2506325,-0.47404736,0.84298325,-0.25427991,0
4.1426744,-3.0532761,-0.39135218,0.47404736,-0.84298325,0.25427991,0
0.60550129,-4.4275384,2.2049115,0.47404736,-0.84298325,0.25427991,0
1.8158548,0.0063503385,0.78304732,0.15269881,0.36312246,0.91914368,0
-1.5224901,0.45008144,-0.99307501,-0.15269881,-0.36312246,-0.91914368,0
-2.9882994,3.3135777,-1.3400621,-0.47404736,0.84298325,-0.25427991,0
-0.70121694,4.6022134,-1.5049598,-0.47404736,0.84298325,-0.25427991,0
-1.1372736,-3.1718011,2.6032102,0.15269881,0.36312246,0.91914368,0
-4.9095335,2.1397305,0.51587486,-0.86715746,-0.39688939,0.30085981,0
-2.5554228,3.7774792,-0.35207367,-0.47404736,0.84298325,-0.25427991,0
-0.69423366,4.7383246,-0.99158502,-0.47404736,0.84298325,-0.25427991,0
1.7675405,1.8047035,-2.2016406,-0.15269881,-0.36312246,-0.91914368,0
-0.79975033,-4.6766663,2.9103851,-0.86715746,-0.39688939,0.30085981,0
2.3681097,2.3333929,-1.4456681,0.86715746,0.39688939,-0.30085981,0
1.4344447,-1.0583847,1.1982732,0.15269881,0.36312246,0.91914368,0
0.47400355,-4.6076379,1.649559,0.47404736,-0.84298325,0.25427991,0
3.0181592,-3.5790691,0.38088942,0.47404736,-0.84298325,0.25427991,0
4.1203318,-1.2275356,-1.0845354,0.86715746,0.39688939,-0.30085981,0
-0.70520401,-5.1902733,1.5258968,0.47404736,-0.84298325,0.25427991,0
2.9981034,-3.3901486,0.7855351,0.47404736,-0.84298325,0.25427991,0
3.9261906,-2.8093274,1.1439738,0.47404736,-0.84298325,0.25427991,0
5.0089288,-1.661417,0.61222529,0.86715746,0.39688939,-0.30085981,0
3.3047533,1.614958,-0.28874272,0.86715746,0.39688939,-0.30085981,0
0.38667703,4.9423099,-2.1026087,-0.47404736,0.84298325,-0.25427991,0
3.6376791,-0.69280243,0.77569675,0.15269881,0.36312246,0.91914368,0
-4.8469172,2.6940761,0.91133642,0.15269881,0.36312246,0.91914368,0
-0.3438549,-5.2093682,1.40188,0.47404736,-0.84298325,0.25427991,0
1.4126309,-3.5857313,2.238121,0.15269881,0.36312246,0.91914368,0
-4.5455894,2.2673974,-1.3025815,-0.15269881,-0.36312246,-0.91914368,0
3.5763278,-0.054772735,-1.609569,0.86715746,0.39688939,-0.30085981,0
1.0146112,4.5471659,-2.3928883,0.86715746,0.39688939,-0.30085981,0
-4.2357864,3.0761261,0.37205696,-0.47404736,0.84298325,-0.25427991,0
5.1857061,-2.2223296,0.84093142,0.47404736,-0.84298325,0.25427991,0
1.1352068,-0.62644565,-0.9974128,-0.15269881,-0.36312246,-0.91914368,0
-3.6316047,-0.72535688,0.21961105,-0.86715746,-0.39688939,0.30085981,0
-1.0728986,-3.1022367,2.407923,0.15269881,0.36312246,0.91914368,0
3.6413937,0.055624485,-0.78460181,0.86715746,0.39688939,-0.30085981,0
2.7649171,-3.3822484,1.1344438,0.47404736,-0.84298325,0.25427991,0
2.9232895,-0.086511612,-1.5147309,-0.15269881,-0.36312246,-0.91914368,0
2.6602678,-0.70665509,0.86856258,0.15269881,0.36312246,0.91914368,0
-1.222286,4.2000628,-1.5218155,-0.47404736,0.84298325,-0.25427991,0
-0.16568255,-5.2505345,0.9819386,0.47404736,-0.84298325,0.25427991,0
-0.07855916,4.8682861,-1.6881962,-0.47404736,0.84298325,-0.25427991,0
-3.3235621,0.85269165,-0.89767373,-0.15269881,-0.36312246,-0.91914368,0
-0.33108687,-3.2022152,2.4188967,0.15269881,0.36312246,0.91914368,0
4.2011385,-2.8390791,-0.68006277,-0.15269881,-0.36312246,-0.91914368,0
4.1940279,-1.2708292,-0.97497129,0.86715746,0.39688939,-0.30085981,0
-1.8467076,-2.811084,2.4309635,-0.86715746,-0.39688939,0.30085981,0
-2.0601735,3.9150658,-0.63652968,-0.47404736,0.84298325,-0.25427991,0
0.9849273,-1.1156874,-0.82924199,-0.15269881,-0.36312246,-0.91914368,0
-1.5813347,4.1395168,-0.80681109,-0.47404736,0.84298325,-0.25427991,0
-3.5239029,3.1135552,-0.90652466,-0.47404736,0.84298325,-0.25427991,0
2.5014434,2.2903438,-1.2579181,0.86715746,0.39688939,-0.30085981,0
3.3277001,1.4595666,-0.26701933,0.86715746,0.39688939,-0.30085981,0
-1.3848259,-4.9808192,1.2186127,-0.86715746,-0.39688939,0.30085981,0
1.3240025,-3.2975144,2.2232828,0.15269881,0.36312246,0.91914368,0
0.010042191,-4.664444,1.896131,0.47404736,-0.84298325,0.25427991,0
2.0340824,0.80816269,0.33440673,0.15269881,0.36312246,0.91914368,0
-3.7155266,0.35908163,1.5518132,-0.86715746,-0.39688939,0.30085981,0
4.9743958,-1.726481,0.20652008,0.86715746,0.39688939,-0.30085981,0
-4.6600423,2.5432115,-0.36162519,-0.47404736,0.84298325,-0.25427991,0
-0.75414574,-1.2798957,1.7970222,0.15269881,0.36312246,0.91914368,0
-4.1697369,2.3667512,0.93395925,0.15269881,0.36312246,0.91914368,0
-0.68470585,4.7692132,-0.71776867,-0.47404736,0.84298325,-0.25427991,0
3.5842671,-3.339591,0.21244526,0.47404736,-0.84298325,0.25427991,0
3.2811279,-1.2874361,-1.1754131,-0.15269881,-0.36312246,-0.91914368,0
1.7412188,1.2633969,-1.7718153,-0.15269881,-0.36312246,-0.91914368,0
5.0844736,-2.452605,0.14923048,0.47404736,-0.84298325,0.25427991,0
2.8344359,-2.0538814,1.4467614,0.15269881,0.36312246,0.91914368,0
-1.375185,2.8061347,0.19214654,0.15269881,0.36312246,0.91914368,0
0.78831697,-2.0671194,-0.49695861,-0.15269881,-0.36312246,-0.91914368,0
4.1866159,-2.9527841,0.18377972,0.47404736,-0.84298325,0.25427991,0
3.3637614,0.45294628,-1.1640213,0.86715746,0.39688939,-0.30085981,0
3.0345728,1.7350783,-0.78553784,0.86715746,0.39688939,-0.30085981,0
-2.0960314,3.7548559,-0.95738792,-0.47404736,0.84298325,-0.25427991,0
2.8804774,-3.4524083,0.81759906,0.47404736,-0.84298325,0.25427991,0
1.7853285,0.41139972,0.52181536,0.15269881,0.36312246,0.91914368,0
-4.042551,0.60802114,1.0257342,-0.86715746,-0.39688939,0.30085981,0
1.315625,4.5899448,-1.7987477,0.86715746,0.39688939,-0.30085981,0
0.26533723,-2.8517723,2.2783132,0.15269881,0.36312246,0.91914368,0
4.0001316,-0.73306632,-1.235785,0.86715746,0.39688939,-0.30085981,0
1.6222734,-4.4012094,0.4612546,0.47404736,-0.84298325,0.25427991,0
-1.0245217,1.624514,-1.5260737,-0.15269881,-0.36312246,-0.91914368,0
2.8236551,-3.5539062,0.47600698,0.47404736,-0.84298325,0.25427991,0
3.7571363,-3.2287152,-0.54247761,-0.15269881,-0.36312246,-0.91914368,0
0.35134351,-3.2705519,2.4289091,0.15269881,0.36312246,0.91914368,0
-1.1562848,-5.1621571,1.7538867,-0.86715746,-0.39688939,0.30085981,0
-3.4800286,3.1496818,-1.1336794,-0.47404736,0.84298325,-0.25427991,0
-2.466548,3.7600286,-0.83990717,-0.47404736,0.84298325,-0.25427991,0
0.97750467,-4.2908745,1.5950708,0.47404736,-0.84298325,0.25427991,0
3.9229021,-2.7197475,1.1257524,0.47404736,-0.84298325,0.25427991,0
-1.1254466,3.9930203,-2.1347654,-0.47404736,0.84298325,-0.25427991,0
2.6241882,1.5378399,0.10445729,0.15269881,0.36312246,0.91914368,0
-3.2662477,3.1065743,-1.4684851,-0.47404736,0.84298325,-0.25427991,0
-0.8306036,-4.9131179,2.8653736,-0.86715746,-0.39688939,0.30085981,0
-0.1070919,-4.3785167,2.9080868,0.15269881,0.36312246,0.91914368,0
-0.93688178,-2.2985315,2.1519518,0.15269881,0.36312246,0.91914368,0
-1.1052393,4.3905435,-0.55229974,0.15269881,0.36312246,0.91914368,0
-1.3670917,-4.436408,1.9959085,-0.86715746,-0.39688939,0.30085981,0
-0.018445134,-3.012315,0.13689923,-0.15269881,-0.36312246,-0.91914368,0
-1.7820189,4.1476994,-0.73178244,-0.47404736,0.84298325,-0.25427991,0
0.70429301,3.3649192,-0.36636019,0.15269881,0.36312246,0.91914368,0
1.2481292,-4.0333772,2.3738165,0.47404736,-0.84298325,0.25427991,0
1.8152859,1.2724054,0.18994166,0.15269881,0.36312246,0.91914368,0
-2.5363991,-2.8956587,0.45503908,-0.86715746,-0.39688939,0.30085981,0
-3.876241,3.0992675,-0.46035194,-0.47404736,0.84298325,-0.25427991,0
-3.6724861,-0.558752,0.31089282,-0.86715746,-0.39688939,0.30085981,0
0.51967978,-0.70804739,-0.8490606,-0.15269881,-0.36312246,-0.91914368,0
-1.0003879,3.9641888,-0.283041,0.15269881,0.36312246,0.91914368,0
5.1822681,-1.7185955,0.90770411,0.86715746,0.39688939,-0.30085981,0
-0.22149634,4.6227021,-2.1509061,-0.47404736,0.84298325,-0.25427991,0
2.933883,-3.0150535,1.707437,0.15269881,0.36312246,0.91914368,0
1.1906722,5.1177883,-1.3037932,0.86715746,0.39688939,-0.30085981,0
0.35609594,-1.5605301,1.681658,0.15269881,0.36312246,0.91914368,0
1.4533086,4.8315754,-1.0207045,0.86715746,0.39688939,-0.30085981,0
0.10722786,-2.1517172,-0.22252369,-0.15269881,-0.36312246,-0.91914368,0
-0.56094122,4.7938437,-1.1014261,-0.47404736,0.84298325,-0.25427991,0
-2.5940144,1.7924204,-1.3419564,-0.15269881,-0.36312246,-0.91914368,0
-4.5378981,1.1206877,-0.80094981,-0.15269881,-0.36312246,-0.91914368,0
3.0178764,1.7711294,-0.69495869,0.86715746,0.39688939,-0.30085981,0
-1.0037091,4.3291545,-1.293818,-0.47404736,0.84298325,-0.25427991,0
4.8695512,-2.6463032,-0.84371328,-0.15269881,-0.36312246,-0.91914368,0
1.5692546,3.8458073,-1.8600976,0.86715746,0.39688939,-0.30085981,0
2.5176172,0.60973573,-1.6937444,-0.15269881,-0.36312246,-0.91914368,0
-0.45575988,1.2475975,0.59024966,0.15269881,0.36312246,0.91914368,0
-1.6666409,-1.0964328,-0.34126368,-0.15269881,-0.36312246,-0.91914368,0
-4.9075089,1.8286959,-0.28420424,-0.86715746,-0.39688939,0.30085981,0
-3.9627504,2.7326012,0.64094019,0.15269881,0.36312246,0.91914368,0
-1.3049352,-2.7219269,2.4175918,0.15269881,0.36312246,0.91914368,0
2.010668,0.89414096,0.38491377,0.15269881,0.36312246,0.91914368,0
-4.495851,1.0955374,-0.065124035,-0.86715746,-0.39688939,0.30085981,0
-1.7511568,4.154294,-0.71294451,-0.47404736,0.84298325,-0.25427991,0
-0.14334261,2.2020221,0.28994894,0.15269881,0.36312246,0.91914368,0
0.65009999,-4.5895743,0.98494673,0.47404736,-0.84298325,0.25427991,0
-2.8516984,-0.28977126,-0.46698511,-0.15269881,-0.36312246,-0.91914368,0
3.14271,-0.15074396,-1.5018622,-0.15269881,-0.36312246,-0.91914368,0
-2.2813797,3.7194963,-0.7382791,-0.47404736,0.84298325,-0.25427991,0
0.62546504,-4.4481578,1.9018452,0.47404736,-0.84298325,0.25427991,0
-0.62686992,4.6380129,-1.4797471,-0.47404736,0.84298325,-0.25427991,0
4.7257342,-2.1195507,-1.086822,0.86715746,0.39688939,-0.30085981,0
2.362632,2.8692737,-0.94690537,0.86715746,0.39688939,-0.30085981,0
1.1704959,-3.9509811,2.0530605,0.47404736,-0.84298325,0.25427991,0
4.3383126,-0.63716304,-0.21667886,0.86715746,0.39688939,-0.30085981,0
3.6593759,0.20964015,0.36462522,0.15269881,0.36312246,0.91914368,0
2.9776268,-3.2053564,1.2636745,0.47404736,-0.84298325,0.25427991,0
2.2976449,-3.5412128,1.3442791,0.47404736,-0.84298325,0.25427991,0
4.0406837,-0.49686807,-0.63420129,0.86715746,0.39688939,-0.30085981,0
0.0062143803,4.5703187,-2.7590384,-0.47404736,0.84298325,-0.25427991,0
0.82499146,5.184782,-1.6898646,-0.47404736,0.84298325,-0.25427991,0
-3.6286886,-0.063489616,0.7804147,-0.86715746,-0.39688939,0.30085981,0
5.1417732,-2.2589407,0.51230192,0.47404736,-0.84298325,0.25427991,0
4.2563891,-3.0520973,-0.50242186,0.47404736,-0.84298325,0.25427991,0
3.9809904,-2.9555151,0.63086033,0.47404736,-0.84298325,0.25427991,0
-1.9677887,-3.0537815,1.9224973,-0.86715746,-0.39688939,0.30085981,0
-0.93776679,0.76568395,-1.2444224,-0.15269881,-0.36312246,-0.91914368,0
-3.8279254,2.7363887,-1.3379085,-0.47404736,0.84298325,-0.25427991,0
4.9657307,-2.6718216,-0.45128965,0.47404736,-0.84298325,0.25427991,0
3.5936143,0.36987424,-0.53976357,0.86715746,0.39688939,-0.30085981,0
-2.3286541,3.8117428,-0.93840814,-0.47404736,0.84298325,-0.25427991,0
1.372857,-1.2369399,1.4079047,0.15269881,0.36312246,0.91914368,0
-3.8750024,2.4334762,-1.4265487,-0.15269881,-0.36312246,-0.91914368,0
0.48593879,-4.5910888,1.8493183,0.47404736,-0.84298325,0.25427991,0
0.22660089,2.5348668,0.11593843,0.15269881,0.36312246,0.91914368,0
-3.175694,1.489547,-1.0521514,-0.15269881,-0.36312246,-0.91914368,0
-0.73450565,4.2464404,-1.9520409,-0.47404736,0.84298325,-0.25427991,0
3.7062976,0.3227402,-0.26260567,0.86715746,0.39688939,-0.30085981,0
-3.3371363,3.4248352,0.20394421,-0.47404736,0.84298325,-0.25427991,0
-0.70516562,-4.9474297,2.5509553,0.47404736,-0.84298325,0.25427991,0
0.9715333,3.7839556,-0.62655354,0.15269881,0.36312246,0.91914368,0
-0.87317121,-0.67608076,-0.61230409,-0.15269881,-0.36312246,-0.91914368,0
-2.7108176,-1.676362,1.9409311,-0.86715746,-0.39688939,0.30085981,0
3.5917935,-3.425211,-0.30525541,0.47404736,-0.84298325,0.25427991,0
2.3737171,-3.6877484,1.0446472,0.47404736,-0.84298325,0.25427991,0
-3.4199967,3.1575031,-0.93187833,-0.47404736,0.84298325,-0.25427991,0
-5.0435791,2.5171006,0.6084795,-0.86715746,-0.39688939,0.30085981,0
-4.7720671,2.7248065,0.051637173,-0.47404736,0.84298325,-0.25427991,0
-0.33800387,4.6224909,-1.7919853,-0.47404736,0.84298325,-0.25427991,0
0.82092905,-4.5359459,0.87147737,0.47404736,-0.84298325,0.25427991,0
-0.99111748,-3.794138,2.8567421,0.15269881,0.36312246,0.91914368,0
-0.8220861,4.4021697,-1.2103875,-0.47404736,0.84298325,-0.25427991,0
3.8221681,-1.7843497,1.0791504,0.15269881,0.36312246,0.91914368,0
-3.613868,3.3925505,0.28571224,-0.47404736,0.84298325,-0.25427991,0
1.8100584,4.2046237,-0.96992004,0.15269881,0.36312246,0.91914368,0
2.1083512,3.318768,-1.376829,0.86715746,0.39688939,-0.30085981,0
-2.8343058,-2.36164,0.53785843,-0.86715746,-0.39688939,0.30085981,0
4.3667827,-3.0078144,-0.24086142,0.47404736,-0.84298325,0.25427991,0
-1.713744,4.1011333,-1.2348833,-0.47404736,0.84298325,-0.25427991,0
-1.7191176,2.9429798,-1.9888765,-0.15269881,-0.36312246,-0.91914368,0
-0.38621545,-4.941884,2.3060844,0.47404736,-0.84298325,0.25427991,0
1.7326436,-4.0421739,0.79216647,0.47404736,-0.84298325,0.25427991,0
2.2220454,3.5005932,-0.8687647,0.86715746,0.39688939,-0.30085981,0
4.5328636,-0.79828387,0.25521803,0.86715746,0.39688939,-0.30085981,0
-0.79700273,-0.89679617,-0.66147071,-0.15269881,-0.36312246,-0.91914368,0
-0.46747231,3.713351,-2.5728693,-0.15269881,-0.36312246,-0.91914368,0
-0.62987614,-5.1014466,1.6143308,0.47404736,-0.84298325,0.25427991,0
-3.090796,2.2659249,0.6234076,0.15269881,0.36312246,0.91914368,0
-3.1568403,3.5231922,0.32298613,0.15269881,0.36312246,0.91914368,0
2.5518053,-3.399878,1.3168964,0.47404736,-0.84298325,0.25427991,0
2.5556133,-3.4005151,1.4366016,0.47404736,-0.84298325,0.25427991,0
0.29422116,5.0645995,-1.3223403,-0.47404736,0.84298325,-0.25427991,0
3.4353476,-3.107224,0.84903812,0.47404736,-0.84298325,0.25427991,0
-2.7390616,2.9831443,-1.8656588,-0.15269881,-0.36312246,-0.91914368,0
-3.2041578,-1.6397412,0.038887709,-0.15269881,-0.36312246,-0.91914368,0
1.1476579,-4.3701673,0.80749488,0.47404736,-0.84298325,0.25427991,0
-2.7029548,0.51779282,-0.8756032,-0.15269881,-0.36312246,-0.91914368,0
1.6328845,-3.8452299,1.8577862,0.47404736,-0.84298325,0.25427991,0
-2.3415282,3.7682843,-0.015962124,0.15269881,0.36312246,0.91914368,0
0.16829062,4.6758995,-2.5152729,-0.47404736,0.84298325,-0.25427991,0
1.3770869,3.7983365,-2.4588962,0.86715746,0.39688939,-0.30085981,0
0.1093768,-0.36638665,-0.86104262,-0.15269881,-0.36312246,-0.91914368,0
2.3717084,-1.712742,-0.90052128,-0.15269881,-0.36312246,-0.91914368,0
-4.5342841,2.7644556,0.65231752,0.15269881,0.36312246,0.91914368,0
4.9963732,-2.5955005,-0.13740253,0.47404736,-0.84298325,0.25427991,0
1.6556456,-4.0074463,1.3688409,0.47404736,-0.84298325,0.25427991,0
-1.0478387,3.7652049,-2.4134326,-0.15269881,-0.36312246,-0.91914368,0
1.0572126,-4.1187501,1.897758,0.47404736,-0.84298325,0.25427991,0
-4.4531131,0.67447114,-0.23967266,-0.86715746,-0.39688939,0.30085981,0
0.69219232,3.6447468,-0.46513677,0.15269881,0.36312246,0.91914368,0
-3.6836815,-0.094000757,1.1477083,-0.86715746,-0.39688939,0.30085981,0
0.8900075,4.6886292,-2.9003248,0.86715746,0.39688939,-0.30085981,0
1.6851592,-3.8382914,1.6801512,0.47404736,-0.84298325,0.25427991,0
-0.30895376,3.6565499,-0.39804983,0.15269881,0.36312246,0.91914368,0
-1.1726677,-4.2819662,2.7334285,-0.86715746,-0.39688939,0.30085981,0
-0.76369286,4.2242236,-1.9154718,-0.47404736,0.84298325,-0.25427991,0
0.96346247,-3.514668,0.23563313,-0.15269881,-0.36312246,-0.91914368,0
1.4363325,-4.1656661,1.1052997,0.47404736,-0.84298325,0.25427991,0
-2.3258352,-2.9231834,1.2888979,-0.86715746,-0.39688939,0.30085981,0
-2.2418756,-2.8238201,1.4344609,-0.86715746,-0.39688939,0.30085981,0
-3.4905021,2.8879266,-1.251235,-0.47404736,0.84298325,-0.25427991,0
3.203078,1.230083,0.05338341,0.15269881,0.36312246,0.91914368,0
-4.1775184,0.58411372,0.13247466,-0.86715746,-0.39688939,0.30085981,0
2.4897487,2.098655,-1.8842305,0.86715746,0.39688939,-0.30085981,0
5.090107,-1.8690333,0.5742557,0.86715746,0.39688939,-0.30085981,0
-1.3077452,-4.6164269,2.0195336,-0.86715746,-0.39688939,0.30085981,0
-3.1816275,-1.2829577,0.69418293,-0.86715746,-0.39688939,0.30085981,0
-1.9386458,-3.4633272,1.2936592,-0.86715746,-0.39688939,0.30085981,0
-1.1070249,4.2485867,-1.7623148,-0.47404736,0.84298325,-0.25427991,0
2.5630684,2.2945454,-1.0796661,0.86715746,0.39688939,-0.30085981,0
3.2859144,0.26023948,-1.5924072,0.86715746,0.39688939,-0.30085981,0
-1.1368166,-0.24468249,-0.90972292,-0.15269881,-0.36312246,-0.91914368,0
-4.4064865,0.42944652,-0.44964862,-0.86715746,-0.39688939,0.30085981,0
4.3433189,-2.7786758,0.69239712,0.47404736,-0.84298325,0.25427991,0
0.25110126,2.4053879,-2.1765659,-0.15269881,-0.36312246,-0.91914368,0
-0.17025638,-5.2062402,0.96640158,0.47404736,-0.84298325,0.25427991,0
2.3419666,1.9707315,-2.2900944,0.86715746,0.39688939,-0.30085981,0
-0.8824594,1.1959262,0.8359884,0.15269881,0.36312246,0.91914368,0
0.68832463,-1.6660202,1.608705,0.15269881,0.36312246,0.91914368,0
-4.4122066,2.785604,-0.30540514,-0.47404736,0.84298325,-0.25427991,0
-3.9339178,0.38512707,1.0543742,-0.86715746,-0.39688939,0.30085981,0
-0.94513321,-5.0049882,1.990554,-0.86715746,-0.39688939,0.30085981,0
-3.7811196,0.27585435,1.2703686,-0.86715746,-0.39688939,0.30085981,0
-3.3253498,3.0800958,0.43603373,0.15269881,0.36312246,0.91914368,0
0.76779366,5.188921,-2.2833836,-0.47404736,0.84298325,-0.25427991,0
-3.96805,0.035253108,0.22557211,-0.86715746,-0.39688939,0.30085981,0
-0.34521008,4.6505585,-1.6033609,-0.47404736,0.84298325,-0.25427991,0
-3.0144134,3.3526285,-1.2378528,-0.47404736,0.84298325,-0.25427991,0
0.14361,-4.2061162,0.48238754,-0.15269881,-0.36312246,-0.91914368,0
0.18899655,4.9816418,-1.7962596,-0.47404736,0.84298325,-0.25427991,0
4.3816981,-2.9592078,-0.34623909,0.47404736,-0.84298325,0.25427991,0
3.1943495,-0.15283954,-1.5502144,-0.15269881,-0.36312246,-0.91914368,0
-2.6983004,3.4782026,-0.83107781,-0.47404736,0.84298325,-0.25427991,0
3.3330665,0.12104023,-1.7974737,-0.15269881,-0.36312246,-0.91914368,0
3.1532323,0.86164278,-1.2052726,0.86715746,0.39688939,-0.30085981,0
-5.137887,2.4486473,-0.26858759,-0.47404736,0.84298325,-0.25427991,0
0.45893252,-4.4199481,2.3154292,0.47404736,-0.84298325,0.25427991,0
-2.9592123,1.0783919,1.0731733,0.15269881,0.36312246,0.91914368,0
