0.043363571,2.3392668,3.951376,-0.32477289,0.14409158,0.93475151,0
-1.7849722,-0.73251414,3.8744428,-0.32477289,0.14409158,0.93475151,0
1.7821927,-2.0064304,-3.397191,0.32477289,-0.14409158,-0.93475151,0
1.5101788,-1.140214,-3.6640563,0.32477289,-0.14409158,-0.93475151,0
1.4466035,3.1515765,0.38224196,0.92347777,-0.16510665,0.34630725,0
-0.51353985,4.1526132,0.52288055,0.20423377,0.97569335,-0.079443216,0
-0.52307063,-4.2060924,-1.4973087,-0.20423377,-0.97569335,0.079443216,0
1.9399488,3.5776467,-1.424875,0.20423377,0.97569335,-0.079443216,0
-2.7560513,-3.2378838,3.6392932,-0.20423377,-0.97569335,0.079443216,0
1.5050484,3.1426716,0.38834548,0.92347777,-0.16510665,0.34630725,0
-0.51786232,-3.6114833,2.3655736,0.92347777,-0.16510665,0.34630725,0
1.1483705,3.6823709,-1.5943069,0.20423377,0.97569335,-0.079443216,0
-1.1339842,4.5088682,2.4970474,0.20423377,0.97569335,-0.079443216,0
-0.97650933,-3.8128242,1.5023565,-0.20423377,-0.97569335,0.079443216,0
-2.1558893,-3.5095298,2.3750179,-0.20423377,-0.97569335,0.079443216,0
-1.289837,0.27872321,0.45422012,-0.92347777,0.16510665,-0.34630725,0
-0.31125176,4.1432095,-0.14664578,-0.92347777,0.16510665,-0.34630725,0
1.4810972,3.0472383,-4.1820879,0.32477289,-0.14409158,-0.93475151,0
2.8029287,2.6472085,-3.8158689,0.32477289,-0.14409158,-0.93475151,0
1.4972336,3.5042555,-3.3840456,0.20423377,0.97569335,-0.079443216,0
-0.92172533,-3.9720626,-1.4348385,-0.20423377,-0.97569335,0.079443216,0
-0.13705528,-2.7167211,-3.5296743,-0.92347777,0.16510665,-0.34630725,0
-1.1884564,1.429085,0.92619801,-0.92347777,0.16510665,-0.34630725,0
2.5974915,2.2700446,-3.7091999,0.32477289,-0.14409158,-0.93475151,0
-1.0732986,-3.8069758,0.82670331,-0.20423377,-0.97569335,0.079443216,0
0.35626745,-2.8287287,-3.7846067,0.32477289,-0.14409158,-0.93475151,0
-0.69591349,-3.9961648,-0.79238176,-0.20423377,-0.97569335,0.079443216,0
0.44297552,3.8574769,-1.7860098,0.20423377,0.97569335,-0.079443216,0
-0.18343639,1.6131126,3.8868854,-0.32477289,0.14409158,0.93475151,0
1.1093551,-2.7658343,-3.3712699,0.32477289,-0.14409158,-0.93475151,0
-1.8218935,0.34046185,3.5397735,-0.32477289,0.14409158,0.93475151,0
-0.50420594,1.3183827,4.0077376,-0.32477289,0.14409158,0.93475151,0
-1.9668046,-3.6261885,0.61540031,-0.20423377,-0.97569335,0.079443216,0
-1.293267,1.3367339,3.5911968,-0.32477289,0.14409158,0.93475151,0
0.20288825,-1.359596,-3.8016334,-0.92347777,0.16510665,-0.34630725,0
0.037317038,3.4450822,-1.2462356,-0.92347777,0.16510665,-0.34630725,0
1.1595817,3.6821382,-2.0494344,0.20423377,0.97569335,-0.079443216,0
-0.80135965,3.2791967,0.60596561,-0.92347777,0.16510665,-0.34630725,0
0.97204953,-4.4760666,-2.1719615,-0.20423377,-0.97569335,0.079443216,0
1.9947543,3.3814383,-3.731267,0.20423377,0.97569335,-0.079443216,0
1.1233953,-4.5948896,-2.9990132,-0.20423377,-0.97569335,0.079443216,0
-2.0800958,-2.0837321,3.8678396,-0.32477289,0.14409158,0.93475151,0
0.2738288,-4.330266,-1.016171,-0.20423377,-0.97569335,0.079443216,0
0.52188206,3.8102188,-2.0601923,0.20423377,0.97569335,-0.079443216,0
-1.6154475,-0.27714217,3.7787552,-0.32477289,0.14409158,0.93475151,0
-0.25299883,-3.8447897,1.528321,0.92347777,-0.16510665,0.34630725,0
-0.36518216,-1.3184086,-2.4493568,-0.92347777,0.16510665,-0.34630725,0
-0.18863511,-3.6977317,1.7846496,0.92347777,-0.16510665,0.34630725,0
0.50180376,-3.2904222,-3.627625,0.32477289,-0.14409158,-0.93475151,0
-0.26139688,-2.3197317,-3.1926634,-0.92347777,0.16510665,-0.34630725,0
0.17938899,4.1602402,1.5520735,0.20423377,0.97569335,-0.079443216,0
-2.2254813,-2.0546265,3.7908757,-0.32477289,0.14409158,0.93475151,0
0.299438,2.438436,-2.4831858,-0.92347777,0.16510665,-0.34630725,0
2.1454418,0.47352445,-3.627008,0.32477289,-0.14409158,-0.93475151,0
1.9758365,-0.28235102,-2.4269173,0.92347777,-0.16510665,0.34630725,0
2.4565086,3.3509097,-2.5705104,0.20423377,0.97569335,-0.079443216,0
0.68093514,-3.5021014,-0.47639632,0.92347777,-0.16510665,0.34630725,0
-0.18580246,-2.3722646,2.3825645,0.92347777,-0.16510665,0.34630725,0
0.13786149,1.9079026,-2.2422531,-0.92347777,0.16510665,-0.34630725,0
0.9992547,-1.1872827,-3.840229,0.32477289,-0.14409158,-0.93475151,0
0.87102842,0.44058251,-4.1258473,0.32477289,-0.14409158,-0.93475151,0
-0.32891393,0.81746495,-1.5494206,-0.92347777,0.16510665,-0.34630725,0
0.56704938,-3.2643776,-3.6737075,0.32477289,-0.14409158,-0.93475151,0
-0.81119901,-2.8330979,-2.0960627,-0.92347777,0.16510665,-0.34630725,0
1.3204829,-3.7118967,-2.6098471,0.92347777,-0.16510665,0.34630725,0
0.55994999,-2.8984089,-3.6659303,0.32477289,-0.14409158,-0.93475151,0
-1.024789,4.1484103,3.3512313,-0.32477289,0.14409158,0.93475151,0
2.5427313,2.6757958,-2.8094444,0.92347777,-0.16510665,0.34630725,0
-1.5004493,-0.95993394,0.5433805,-0.92347777,0.16510665,-0.34630725,0
-0.36727262,2.4737558,-0.91181922,-0.92347777,0.16510665,-0.34630725,0
1.5150251,-2.1485083,-2.1614943,0.92347777,-0.16510665,0.34630725,0
-2.0701199,-3.3289442,3.6256821,-0.20423377,-0.97569335,0.079443216,0
0.58538103,0.78572416,1.6771533,0.92347777,-0.16510665,0.34630725,0
0.72458088,2.6267626,2.493464,0.92347777,-0.16510665,0.34630725,0
-2.1780446,-2.9749804,1.3934839,-0.92347777,0.16510665,-0.34630725,0
1.89133,1.0107375,-3.8643429,0.32477289,-0.14409158,-0.93475151,0
0.81577814,-2.49454,-3.5660658,0.32477289,-0.14409158,-0.93475151,0
0.53965521,2.6436758,2.6730943,0.92347777,-0.16510665,0.34630725,0
-0.87670279,-3.9048872,-0.0031285286,-0.20423377,-0.97569335,0.079443216,0
-0.29054058,-4.3201818,-3.5437055,-0.20423377,-0.97569335,0.079443216,0
-1.4457862,-3.8883262,-0.47680092,-0.20423377,-0.97569335,0.079443216,0
-1.3556821,2.5744765,1.9793214,-0.92347777,0.16510665,-0.34630725,0
-0.9678843,1.220346,3.7020106,-0.32477289,0.14409158,0.93475151,0
0.02472806,1.7919132,3.4477711,0.92347777,-0.16510665,0.34630725,0
0.097015642,4.2059784,1.7315044,0.20423377,0.97569335,-0.079443216,0
2.711525,3.1447189,-3.0779448,0.92347777,-0.16510665,0.34630725,0
-1.8262384,1.4318889,2.6499722,-0.92347777,0.16510665,-0.34630725,0
1.4716563,-0.41235936,-3.7174687,0.32477289,-0.14409158,-0.93475151,0
-0.8266027,1.5302901,3.7766228,-0.32477289,0.14409158,0.93475151,0
2.374172,1.3144746,-3.6354239,0.32477289,-0.14409158,-0.93475151,0
0.44264269,-2.0313544,-3.8795009,0.32477289,-0.14409158,-0.93475151,0
-1.4627719,-3.456779,3.3032136,-0.20423377,-0.97569335,0.079443216,0
0.90584111,-1.9338965,-0.25581026,0.92347777,-0.16510665,0.34630725,0
2.4763937,1.8077086,-2.7314272,0.92347777,-0.16510665,0.34630725,0
0.84430552,3.4949949,2.2462354,0.92347777,-0.16510665,0.34630725,0
-0.33855999,4.2083201,3.4820759,-0.32477289,0.14409158,0.93475151,0
-1.0703127,-0.52232826,-0.20662892,-0.92347777,0.16510665,-0.34630725,0
1.864675,0.69911551,-3.6927497,0.32477289,-0.14409158,-0.93475151,0
2.0776553,1.2090465,-2.0508263,0.92347777,-0.16510665,0.34630725,0
0.081761539,-4.0931458,-0.4428153,-0.20423377,-0.97569335,0.079443216,0
-0.34376955,-2.5104256,-3.1971498,-0.92347777,0.16510665,-0.34630725,0
2.1702499,2.9409533,-3.9041858,0.32477289,-0.14409158,-0.93475151,0
-0.57611841,1.1238906,-1.017149,-0.92347777,0.16510665,-0.34630725,0
0.83238244,-2.5776803,-0.3948971,0.92347777,-0.16510665,0.34630725,0
0.70746917,-1.7408044,-0.027193189,0.92347777,-0.16510665,0.34630725,0
0.77781999,2.2065084,1.7493811,0.92347777,-0.16510665,0.34630725,0
1.7572618,1.2243212,-3.7549467,0.32477289,-0.14409158,-0.93475151,0
-0.7315731,-4.084434,-2.2573557,-0.20423377,-0.97569335,0.079443216,0
-1.3355906,-0.59983015,3.8872685,-0.32477289,0.14409158,0.93475151,0
1.2585288,-3.5056384,-3.3132255,0.32477289,-0.14409158,-0.93475151,0
-0.4125576,-1.5878221,3.0776703,0.92347777,-0.16510665,0.34630725,0
1.8209424,3.5961289,-2.6867452,0.20423377,0.97569335,-0.079443216,0
2.3457596,1.3771353,-3.6648993,0.32477289,-0.14409158,-0.93475151,0
-1.1309159,-3.8784022,-0.37781239,-0.20423377,-0.97569335,0.079443216,0
0.042183995,4.1055732,0.12374854,0.20423377,0.97569335,-0.079443216,0
1.7602582,0.81010783,-3.778775,0.32477289,-0.14409158,-0.93475151,0
1.6516157,-2.5284085,-3.3748703,0.32477289,-0.14409158,-0.93475151,0
2.3507879,3.3136837,-3.6174753,0.20423377,0.97569335,-0.079443216,0
-2.0567021,-2.8227937,3.9465499,-0.32477289,0.14409158,0.93475151,0
-0.29404184,4.3529778,2.0307472,0.20423377,0.97569335,-0.079443216,0
0.4344871,-3.9278779,0.13715005,0.92347777,-0.16510665,0.34630725,0
-0.7023344,2.4287894,3.7670426,-0.32477289,0.14409158,0.93475151,0
-2.7447033,-2.4448397,3.7122235,-0.32477289,0.14409158,0.93475151,0
-1.7700944,-2.8595872,4.2059555,-0.32477289,0.14409158,0.93475151,0
-0.61302674,-3.8695376,0.62727213,-0.20423377,-0.97569335,0.079443216,0
1.7088935,-2.0980573,-3.3774617,0.32477289,-0.14409158,-0.93475151,0
-0.46191365,4.4592223,2.1593258,0.20423377,0.97569335,-0.079443216,0
-2.1349862,-3.5455973,1.8321934,-0.20423377,-0.97569335,0.079443216,0
1.6902514,1.1239982,-1.2057793,0.92347777,-0.16510665,0.34630725,0
2.3722949,3.3676221,-3.6925008,0.20423377,0.97569335,-0.079443216,0
-0.36493254,4.0240612,3.5655951,-0.32477289,0.14409158,0.93475151,0
-0.68791652,0.477319,3.9824624,-0.32477289,0.14409158,0.93475151,0
-0.94193065,3.7006116,1.4383011,-0.92347777,0.16510665,-0.34630725,0
1.6523572,-2.2023702,-3.2978256,0.32477289,-0.14409158,-0.93475151,0
-0.9676488,-3.9562616,-1.9236209,-0.92347777,0.16510665,-0.34630725,0
-2.3951385,-0.72074002,3.2166746,-0.92347777,0.16510665,-0.34630725,0
-0.30478615,4.4238539,2.7434411,0.20423377,0.97569335,-0.079443216,0
2.5929728,2.6202738,-2.5222697,0.92347777,-0.16510665,0.34630725,0
-0.58276105,-4.0300946,-0.048816681,-0.20423377,-0.97569335,0.079443216,0
-2.4621453,-3.1453302,3.9200444,-0.32477289,0.14409158,0.93475151,0
1.3929017,-3.7576787,-3.2503211,0.32477289,-0.14409158,-0.93475151,0
-1.3941081,1.1647016,3.6112196,-0.32477289,0.14409158,0.93475151,0
0.53038096,3.8471861,3.2843442,0.92347777,-0.16510665,0.34630725,0
-0.45938373,-4.1093917,-0.77742362,-0.20423377,-0.97569335,0.079443216,0
0.036868334,-3.8322949,0.70622921,0.92347777,-0.16510665,0.34630725,0
-2.0640945,-1.8393266,1.4852152,-0.92347777,0.16510665,-0.34630725,0
-0.59025121,-4.0792303,-3.2285087,-0.92347777,0.16510665,-0.34630725,0
1.4405336,0.56381547,-0.83668518,0.92347777,-0.16510665,0.34630725,0
-0.14301109,2.8573561,3.6871853,-0.32477289,0.14409158,0.93475151,0
1.6131291,-1.8996624,-3.384315,0.32477289,-0.14409158,-0.93475151,0
-0.70238376,0.6630851,-0.92183244,-0.92347777,0.16510665,-0.34630725,0
0.8657136,-0.88567102,-3.737412,0.32477289,-0.14409158,-0.93475151,0
-0.52104384,0.28634202,-1.0948713,-0.92347777,0.16510665,-0.34630725,0
0.69715881,3.9722538,0.032597065,0.20423377,0.97569335,-0.079443216,0
-0.72671771,-4.1332512,-1.3478653,-0.20423377,-0.97569335,0.079443216,0
1.7192898,0.94464374,-3.7639644,0.32477289,-0.14409158,-0.93475151,0
-0.017930508,-2.0239816,-3.9000595,0.32477289,-0.14409158,-0.93475151,0
0.40014589,-4.3743658,-3.4838736,0.32477289,-0.14409158,-0.93475151,0
-1.9474044,-3.2989924,3.6678772,-0.20423377,-0.97569335,0.079443216,0
-1.4484015,1.8581762,1.8457742,-0.92347777,0.16510665,-0.34630725,0
-0.66276312,-3.2438602,3.1890569,0.92347777,-0.16510665,0.34630725,0
-1.2491546,-3.2924771,4.3648291,-0.32477289,0.14409158,0.93475151,0
-1.4928343,-3.6891236,1.8559451,-0.20423377,-0.97569335,0.079443216,0
-2.0271571,-0.94986713,3.7296419,-0.32477289,0.14409158,0.93475151,0
2.208328,0.63264358,-3.5213859,0.32477289,-0.14409158,-0.93475151,0
-0.49775636,-1.170282,-1.9997318,-0.92347777,0.16510665,-0.34630725,0
1.1963534,2.1123195,0.48024607,0.92347777,-0.16510665,0.34630725,0
1.7648146,3.5002308,-1.9972336,0.20423377,0.97569335,-0.079443216,0
-0.62892389,3.7538559,3.3873405,-0.32477289,0.14409158,0.93475151,0
0.80402946,-3.291106,-3.4087887,0.32477289,-0.14409158,-0.93475151,0
-0.98709625,2.1871402,0.99872017,-0.92347777,0.16510665,-0.34630725,0
-0.52131927,4.4579325,3.3850346,0.20423377,0.97569335,-0.079443216,0
1.0855933,-3.4529433,-1.470751,0.92347777,-0.16510665,0.34630725,0
-0.44289923,-1.8099238,-2.7272067,-0.92347777,0.16510665,-0.34630725,0
2.3250155,1.3486471,-3.7505372,0.32477289,-0.14409158,-0.93475151,0
-0.62057561,-3.9783046,-0.68955064,-0.20423377,-0.97569335,0.079443216,0
-0.87853163,-3.9820457,-1.1712463,-0.20423377,-0.97569335,0.079443216,0
-2.1583226,0.043120205,2.8320053,-0.92347777,0.16510665,-0.34630725,0
-1.6583772,-0.15799749,1.2292858,-0.92347777,0.16510665,-0.34630725,0
1.0761118,-1.2036041,-3.7680819,0.32477289,-0.14409158,-0.93475151,0
-1.8670319,-0.66887087,1.5744728,-0.92347777,0.16510665,-0.34630725,0
1.0122082,-1.9725184,-3.5373669,0.32477289,-0.14409158,-0.93475151,0
-2.4452763,-1.0292957,3.0428178,-0.92347777,0.16510665,-0.34630725,0
1.5806103,-3.474781,-3.1292326,0.32477289,-0.14409158,-0.93475151,0
1.3339317,0.3144753,-3.9315128,0.32477289,-0.14409158,-0.93475151,0
-1.7456015,-1.5220115,0.76459289,-0.92347777,0.16510665,-0.34630725,0
1.7718129,-0.022028565,-3.7385821,0.32477289,-0.14409158,-0.93475151,0
-0.30551696,-1.6759686,3.0013628,0.92347777,-0.16510665,0.34630725,0
-1.2470655,4.0053954,2.4702511,-0.92347777,0.16510665,-0.34630725,0
1.8604238,3.597445,-1.4322181,0.20423377,0.97569335,-0.079443216,0
0.078323364,3.4505494,3.8093669,-0.32477289,0.14409158,0.93475151,0
0.35959935,-2.5250647,0.81575274,0.92347777,-0.16510665,0.34630725,0
-0.037540555,4.0465584,0.19974494,0.20423377,0.97569335,-0.079443216,0
0.87614363,-4.504406,-2.7257397,-0.20423377,-0.97569335,0.079443216,0
0.31925654,-2.8456311,-3.6388192,0.32477289,-0.14409158,-0.93475151,0
1.1526549,1.4431047,-4.0948462,0.32477289,-0.14409158,-0.93475151,0
0.49125063,-3.2186892,-3.6158552,0.32477289,-0.14409158,-0.93475151,0
2.6093502,2.5511563,-2.7580705,0.92347777,-0.16510665,0.34630725,0
1.1171551,0.16865396,-3.8678579,0.32477289,-0.14409158,-0.93475151,0
0.25949883,0.45252275,-3.6483331,-0.92347777,0.16510665,-0.34630725,0
-1.1268226,-2.3568518,-0.75072098,-0.92347777,0.16510665,-0.34630725,0
2.2118099,3.1714239,-3.943691,0.32477289,-0.14409158,-0.93475151,0
-0.49703074,0.5604732,3.9904213,-0.32477289,0.14409158,0.93475151,0
2.3344667,-0.29717469,-3.4982524,0.32477289,-0.14409158,-0.93475151,0
-1.9734391,0.65312791,2.9565716,-0.92347777,0.16510665,-0.34630725,0
0.34038281,-3.8901589,-3.6461272,0.32477289,-0.14409158,-0.93475151,0
-0.67879081,0.61711717,4.0045733,-0.32477289,0.14409158,0.93475151,0
-1.7003977,-3.5200894,2.930326,-0.20423377,-0.97569335,0.079443216,0
-1.8921218,-3.3703403,3.4764967,-0.20423377,-0.97569335,0.079443216,0
1.7956973,2.1546776,-1.1606982,0.92347777,-0.16510665,0.34630725,0
1.2491949,3.7167215,-1.8271594,0.20423377,0.97569335,-0.079443216,0
2.3897922,1.8125905,-2.3841124,0.92347777,-0.16510665,0.34630725,0
2.277241,3.2502418,-3.7699084,0.20423377,0.97569335,-0.079443216,0
0.81021094,-2.5861323,-3.6728859,0.32477289,-0.14409158,-0.93475151,0
0.14578533,2.6271765,-2.0596914,-0.92347777,0.16510665,-0.34630725,0
0.23325825,-4.4564481,-2.8454211,-0.20423377,-0.97569335,0.079443216,0
-0.56577188,-4.3168917,-3.0424235,-0.20423377,-0.97569335,0.079443216,0
-2.070158,-3.0928905,3.9632893,-0.32477289,0.14409158,0.93475151,0
1.257925,2.9612403,-4.2498817,0.32477289,-0.14409158,-0.93475151,0
2.3853087,3.1624894,-3.8917289,0.32477289,-0.14409158,-0.93475151,0
2.029654,-0.93138331,-3.1075821,0.92347777,-0.16510665,0.34630725,0
2.3530734,1.1094797,-3.6879864,0.32477289,-0.14409158,-0.93475151,0
-2.3400652,-1.2313395,3.5782967,-0.32477289,0.14409158,0.93475151,0
-0.59841543,-4.1124735,-1.2716622,-0.20423377,-0.97569335,0.079443216,0
-1.322052,-3.7896724,0.7675519,-0.20423377,-0.97569335,0.079443216,0
1.456707,-2.0663252,-1.9688941,0.92347777,-0.16510665,0.34630725,0
-0.79587388,-3.7270181,2.2926948,-0.20423377,-0.97569335,0.079443216,0
1.685002,-1.1461112,-2.2709086,0.92347777,-0.16510665,0.34630725,0
-0.19174898,-4.2563229,-3.1829937,-0.20423377,-0.97569335,0.079443216,0
1.636511,3.787684,-0.73356199,0.20423377,0.97569335,-0.079443216,0
0.16216898,2.4066668,3.6115732,0.92347777,-0.16510665,0.34630725,0
1.4006703,3.6349292,-2.13995,0.20423377,0.97569335,-0.079443216,0
-0.67317545,-3.9862294,0.76626158,-0.20423377,-0.97569335,0.079443216,0
0.75676179,4.0949497,2.8112743,0.20423377,0.97569335,-0.079443216,0
-2.2708089,-3.305491,3.2642381,-0.20423377,-0.97569335,0.079443216,0
2.5774007,1.4777393,-3.7070727,0.32477289,-0.14409158,-0.93475151,0
-1.0907774,-3.2891831,4.3661604,-0.32477289,0.14409158,0.93475151,0
1.7101818,-2.8844857,-3.2534564,0.32477289,-0.14409158,-0.93475151,0
-0.93137753,-4.0685492,-1.3508744,-0.20423377,-0.97569335,0.079443216,0
2.2470527,3.4140282,-3.1722729,0.20423377,0.97569335,-0.079443216,0
0.85478139,1.9297054,1.6646467,0.92347777,-0.16510665,0.34630725,0
1.2471818,1.7172778,0.58391166,0.92347777,-0.16510665,0.34630725,0
-0.3552289,-3.8373785,1.7660882,0.92347777,-0.16510665,0.34630725,0
1.9077269,3.7602007,-0.28600597,0.20423377,0.97569335,-0.079443216,0
2.5617917,1.8216041,-3.0259824,0.92347777,-0.16510665,0.34630725,0
0.016918302,-4.1602135,-0.76587057,-0.20423377,-0.97569335,0.079443216,0
-1.4306266,4.4317861,3.1620827,-0.32477289,0.14409158,0.93475151,0
-1.2527618,0.13291624,0.39195967,-0.92347777,0.16510665,-0.34630725,0
2.0850601,2.9416327,-1.2253695,0.92347777,-0.16510665,0.34630725,0
-1.9583216,-3.1171169,4.1397696,-0.32477289,0.14409158,0.93475151,0
2.1983938,3.5463614,-1.8849099,0.20423377,0.97569335,-0.079443216,0
-1.6567568,2.9115007,3.1622024,-0.32477289,0.14409158,0.93475151,0
0.57070756,0.13439822,1.41556,0.92347777,-0.16510665,0.34630725,0
0.359272,3.5779207,3.6222742,0.92347777,-0.16510665,0.34630725,0
0.63319087,1.5670543,-3.6274767,-0.92347777,0.16510665,-0.34630725,0
-1.4529822,-1.6654702,4.0192375,-0.32477289,0.14409158,0.93475151,0
1.7292271,1.3503591,-1.1502339,0.92347777,-0.16510665,0.34630725,0
0.18859541,-4.1569805,-0.93081331,-0.20423377,-0.97569335,0.079443216,0
-2.1189778,-3.4876354,2.5150967,-0.20423377,-0.97569335,0.079443216,0
-0.77123117,-1.5004106,4.3470087,-0.32477289,0.14409158,0.93475151,0
0.46734047,3.9634988,-0.36893797,0.20423377,0.97569335,-0.079443216,0
0.048151016,-2.7162611,1.4455005,0.92347777,-0.16510665,0.34630725,0
1.5787897,-0.80294877,-1.7435651,0.92347777,-0.16510665,0.34630725,0
-0.084641933,2.9226882,-1.2772619,-0.92347777,0.16510665,-0.34630725,0
1.4434853,2.9895906,-4.227519,0.32477289,-0.14409158,-0.93475151,0
0.17328191,-0.27164721,2.0268445,0.92347777,-0.16510665,0.34630725,0
-0.47607744,3.5280187,3.6372223,-0.32477289,0.14409158,0.93475151,0
1.3980914,3.8316798,-0.37756968,0.20423377,0.97569335,-0.079443216,0
0.33796144,-1.5172286,-4.0248337,0.32477289,-0.14409158,-0.93475151,0
0.53265142,0.81252265,-3.8626361,-0.92347777,0.16510665,-0.34630725,0
-1.2715015,2.220819,1.3695784,-0.92347777,0.16510665,-0.34630725,0
-0.00075292587,-3.8374815,-3.7059219,0.32477289,-0.14409158,-0.93475151,0
1.5705122,-3.7193961,-3.0970125,0.32477289,-0.14409158,-0.93475151,0
1.7781689,1.9219066,-3.921149,0.32477289,-0.14409158,-0.93475151,0
0.63833559,0.30003965,1.5470961,0.92347777,-0.16510665,0.34630725,0
0.77611411,-4.5371523,-2.1571074,-0.20423377,-0.97569335,0.079443216,0
0.5044055,2.9139452,-2.7675757,-0.92347777,0.16510665,-0.34630725,0
-0.37923992,4.1821671,0.35319495,0.20423377,0.97569335,-0.079443216,0
1.7578554,2.5130661,-3.9904857,0.32477289,-0.14409158,-0.93475151,0
-0.7259416,4.5376916,2.7104692,0.20423377,0.97569335,-0.079443216,0
-0.4210186,2.0677481,3.8343477,-0.32477289,0.14409158,0.93475151,0
0.3160069,0.2556529,-3.7361321,-0.92347777,0.16510665,-0.34630725,0
1.7738563,-2.1715219,-3.2634315,0.32477289,-0.14409158,-0.93475151,0
2.0412869,3.3741221,-3.1707873,0.20423377,0.97569335,-0.079443216,0
2.0241723,3.401403,-2.8938279,0.20423377,0.97569335,-0.079443216,0
-1.2695525,-3.6737947,1.2569165,-0.20423377,-0.97569335,0.079443216,0
-0.38612446,4.312644,1.7425482,0.20423377,0.97569335,-0.079443216,0
-0.27670053,-4.2728767,-1.6645203,-0.20423377,-0.97569335,0.079443216,0
-0.23880672,3.3757513,-0.92649436,-0.92347777,0.16510665,-0.34630725,0
-1.2790252,3.4967885,3.2700703,-0.32477289,0.14409158,0.93475151,0
-0.59454334,-0.84628808,-1.8528583,-0.92347777,0.16510665,-0.34630725,0
-0.45518094,-3.9494154,-0.35623193,-0.20423377,-0.97569335,0.079443216,0
-1.2109782,1.7180705,0.91088253,-0.92347777,0.16510665,-0.34630725,0
0.22868288,-2.9307566,0.95302057,0.92347777,-0.16510665,0.34630725,0
2.0446854,3.3127394,-0.83137655,0.92347777,-0.16510665,0.34630725,0
-0.86258531,-3.5997503,3.1909285,-0.20423377,-0.97569335,0.079443216,0
0.35323489,-4.4097252,-2.5170362,-0.20423377,-0.97569335,0.079443216,0
-1.5870488,-3.6043355,1.7951376,-0.20423377,-0.97569335,0.079443216,0
1.0625854,-4.4109025,-3.1598053,0.32477289,-0.14409158,-0.93475151,0
-2.9431214,-3.1865072,3.2305093,-0.92347777,0.16510665,-0.34630725,0
1.4011476,3.5694118,-1.7472863,0.20423377,0.97569335,-0.079443216,0
-0.23666155,4.2405791,0.42270398,0.20423377,0.97569335,-0.079443216,0
-0.48908699,-3.7169135,-3.2527785,-0.92347777,0.16510665,-0.34630725,0
0.59247375,0.39123237,1.4842107,0.92347777,-0.16510665,0.34630725,0
1.1927724,1.4776411,-4.1609092,0.32477289,-0.14409158,-0.93475151,0
1.7599404,3.5288749,-1.8215287,0.20423377,0.97569335,-0.079443216,0
0.88181162,0.30988669,-4.0048742,0.32477289,-0.14409158,-0.93475151,0
-1.5136747,2.1091101,3.4762025,-0.32477289,0.14409158,0.93475151,0
0.63961983,-4.3947635,-2.9403567,-0.20423377,-0.97569335,0.079443216,0
2.1658082,1.0489348,-3.7026515,0.32477289,-0.14409158,-0.93475151,0
2.1958513,-0.28263545,-3.4702287,0.32477289,-0.14409158,-0.93475151,0
-1.7844745,2.3258455,2.9993143,-0.92347777,0.16510665,-0.34630725,0
-2.3486137,-2.5651541,3.7964685,-0.32477289,0.14409158,0.93475151,0
-0.67593646,1.1145024,-0.65259862,-0.92347777,0.16510665,-0.34630725,0
-1.7477355,-2.169302,3.9494271,-0.32477289,0.14409158,0.93475151,0
-0.27802324,-1.995232,2.5481455,0.92347777,-0.16510665,0.34630725,0
-0.6262334,2.4323218,-0.21212125,-0.92347777,0.16510665,-0.34630725,0
-0.6993686,-4.0913353,-2.6325343,-0.20423377,-0.97569335,0.079443216,0
0.62611264,-0.90560859,0.70924389,0.92347777,-0.16510665,0.34630725,0
1.1961734,3.7295876,-1.7813897,0.20423377,0.97569335,-0.079443216,0
0.2226193,3.2267916,3.7619977,-0.32477289,0.14409158,0.93475151,0
-2.4706159,-3.0903821,1.9448032,-0.92347777,0.16510665,-0.34630725,0
-0.19210291,1.6431539,3.9221466,-0.32477289,0.14409158,0.93475151,0
0.25867426,2.4419589,3.3629756,0.92347777,-0.16510665,0.34630725,0
1.0249234,-4.5109868,-2.5377219,-0.20423377,-0.97569335,0.079443216,0
-0.61015105,1.2612612,3.9612892,-0.32477289,0.14409158,0.93475151,0
-2.7773364,-3.106266,3.7494738,-0.32477289,0.14409158,0.93475151,0
1.1836696,-4.1439805,-3.1574938,0.32477289,-0.14409158,-0.93475151,0
0.70671833,4.1056757,0.98222351,0.20423377,0.97569335,-0.079443216,0
-0.19953436,4.1480851,0.65319514,0.20423377,0.97569335,-0.079443216,0
2.0061104,-0.6349026,-3.5682659,0.32477289,-0.14409158,-0.93475151,0
0.65621901,0.26515055,-4.1274967,0.32477289,-0.14409158,-0.93475151,0
1.3786349,-3.85741,-3.2519226,0.32477289,-0.14409158,-0.93475151,0
0.4452765,-2.563988,-3.7034447,0.32477289,-0.14409158,-0.93475151,0
-1.0354292,-3.917861,-1.2018428,-0.20423377,-0.97569335,0.079443216,0
1.6221185,3.1183209,-4.2595315,0.32477289,-0.14409158,-0.93475151,0
-0.80293274,-3.6993947,2.1782506,-0.20423377,-0.97569335,0.079443216,0
-1.2656734,-3.9552002,-0.69905043,-0.20423377,-0.97569335,0.079443216,0
-0.6119504,4.0568995,0.54912138,-0.92347777,0.16510665,-0.34630725,0
2.3035135,0.52632767,-3.2825196,0.92347777,-0.16510665,0.34630725,0
-0.89757925,3.0002542,1.1854661,-0.92347777,0.16510665,-0.34630725,0
0.50327873,3.9582088,-0.95763826,0.20423377,0.97569335,-0.079443216,0
0.94522512,-1.7297142,-0.60323352,0.92347777,-0.16510665,0.34630725,0
0.45163965,3.7388561,-2.5894036,-0.92347777,0.16510665,-0.34630725,0
1.128747,0.91541052,-3.9736462,0.32477289,-0.14409158,-0.93475151,0
1.4279838,2.9987626,-4.1760945,0.32477289,-0.14409158,-0.93475151,0
0.042845607,-4.3888111,-2.6151419,-0.20423377,-0.97569335,0.079443216,0
2.3012047,1.796279,-3.7357464,0.32477289,-0.14409158,-0.93475151,0
-1.8696998,-1.0411763,1.3773954,-0.92347777,0.16510665,-0.34630725,0
0.58342147,-4.064074,-3.4332964,0.32477289,-0.14409158,-0.93475151,0
1.7787367,-2.4116673,-3.1848197,0.32477289,-0.14409158,-0.93475151,0
0.52672172,-1.1430764,-3.9338202,0.32477289,-0.14409158,-0.93475151,0
0.72742337,4.1241651,0.9899826,0.20423377,0.97569335,-0.079443216,0
-0.64332658,-2.0731423,-2.3458762,-0.92347777,0.16510665,-0.34630725,0
1.2141135,0.66655886,-0.31438947,0.92347777,-0.16510665,0.34630725,0
-0.29246926,-0.5103507,3.6670804,0.92347777,-0.16510665,0.34630725,0
2.0245841,-0.71051872,-3.4604919,0.32477289,-0.14409158,-0.93475151,0
-1.9314542,-2.8986392,0.62623906,-0.92347777,0.16510665,-0.34630725,0
-2.2010875,-3.3568459,3.6357186,-0.20423377,-0.97569335,0.079443216,0
0.16638064,4.4449749,3.5710695,-0.32477289,0.14409158,0.93475151,0
-2.3746541,-3.0708861,1.8315899,-0.92347777,0.16510665,-0.34630725,0
0.56029093,-4.2876792,-1.8262646,-0.20423377,-0.97569335,0.079443216,0
0.23639798,-2.2953925,-3.8532543,0.32477289,-0.14409158,-0.93475151,0
0.81148243,-2.3188398,-3.7428482,0.32477289,-0.14409158,-0.93475151,0
1.2438736,3.3993444,-4.3522472,0.32477289,-0.14409158,-0.93475151,0
-2.6264272,-1.29786,3.4289088,-0.92347777,0.16510665,-0.34630725,0
-0.47392383,-4.292697,-2.5202723,-0.20423377,-0.97569335,0.079443216,0
-1.4382287,4.0185575,2.8203475,-0.92347777,0.16510665,-0.34630725,0
-0.31046569,-2.5404115,-3.5174596,-0.92347777,0.16510665,-0.34630725,0
-0.22971892,4.2284865,0.70238876,0.20423377,0.97569335,-0.079443216,0
-0.36804712,4.3054404,2.2088921,0.20423377,0.97569335,-0.079443216,0
-0.77954698,-3.6636081,2.9498782,-0.20423377,-0.97569335,0.079443216,0
1.1541281,0.92468786,-3.9513426,0.32477289,-0.14409158,-0.93475151,0
0.64289838,-4.4759021,-2.0482693,-0.20423377,-0.97569335,0.079443216,0
-0.96580398,-0.097461522,-0.47131848,-0.92347777,0.16510665,-0.34630725,0
0.4455128,-4.2884455,-2.3986015,-0.20423377,-0.97569335,0.079443216,0
0.70088053,-2.8389931,-0.52191424,0.92347777,-0.16510665,0.34630725,0
-2.6088417,-3.2769945,3.1814933,-0.20423377,-0.97569335,0.079443216,0
-1.7655501,-3.3811574,3.6554391,-0.20423377,-0.97569335,0.079443216,0
-0.042307734,4.4871998,3.4988775,0.20423377,0.97569335,-0.079443216,0
-2.5302458,-3.3647082,3.5708778,-0.20423377,-0.97569335,0.079443216,0
-0.34330294,4.3157482,1.6396439,0.20423377,0.97569335,-0.079443216,0
1.6206291,0.49360621,-3.8171933,0.32477289,-0.14409158,-0.93475151,0
0.56843543,3.7898443,3.3625472,0.92347777,-0.16510665,0.34630725,0
1.5634582,3.8631516,0.43187428,0.20423377,0.97569335,-0.079443216,0
-2.3408041,-3.3113949,2.8548348,-0.20423377,-0.97569335,0.079443216,0
0.013184071,-4.0741496,-3.5929797,0.32477289,-0.14409158,-0.93475151,0
-1.1869669,-3.1499524,4.3669987,-0.32477289,0.14409158,0.93475151,0
2.138927,3.4246008,-2.6215608,0.20423377,0.97569335,-0.079443216,0
0.63414001,2.5466228,-3.3857808,-0.92347777,0.16510665,-0.34630725,0
-1.1025026,-3.5905495,3.0430131,-0.20423377,-0.97569335,0.079443216,0
-1.9617333,0.24228132,2.5396686,-0.92347777,0.16510665,-0.34630725,0
-0.59505653,4.3707142,2.0239546,0.20423377,0.97569335,-0.079443216,0
1.666784,-2.5794344,-2.600812,0.92347777,-0.16510665,0.34630725,0
-1.1257297,-3.9131002,0.28769016,-0.20423377,-0.97569335,0.079443216,0
-0.82715774,-1.0550532,4.1756501,-0.32477289,0.14409158,0.93475151,0
2.4211783,3.4011536,-2.0047674,0.20423377,0.97569335,-0.079443216,0
0.32376146,-0.26511931,-3.8250442,-0.92347777,0.16510665,-0.34630725,0
-1.1354995,-3.3778286,4.0679674,0.92347777,-0.16510665,0.34630725,0
-0.45719719,2.0937648,3.8981893,-0.32477289,0.14409158,0.93475151,0
-0.59414792,-4.0092502,-0.63958526,-0.20423377,-0.97569335,0.079443216,0
-1.667084,-3.3638055,3.6104927,-0.20423377,-0.97569335,0.079443216,0
2.3875253,2.8003509,-2.3509176,0.92347777,-0.16510665,0.34630725,0
-1.2097964,-3.7366889,1.8897772,-0.20423377,-0.97569335,0.079443216,0
-1.1128609,0.65791357,3.8338974,-0.32477289,0.14409158,0.93475151,0
1.2034357,-0.33549058,-3.805171,0.32477289,-0.14409158,-0.93475151,0
1.5083363,0.33956718,-3.792171,0.32477289,-0.14409158,-0.93475151,0
0.38334644,-4.1796894,-3.4613914,0.32477289,-0.14409158,-0.93475151,0
0.4756889,4.1365776,2.4997323,0.20423377,0.97569335,-0.079443216,0
-1.6745162,1.1092179,2.1324258,-0.92347777,0.16510665,-0.34630725,0
0.061802924,4.2033558,0.85013127,0.20423377,0.97569335,-0.079443216,0
-2.5076878,-1.836694,3.7085865,-0.32477289,0.14409158,0.93475151,0
-1.4690356,1.0300267,3.5800118,-0.32477289,0.14409158,0.93475151,0
1.0049751,-0.46572542,-3.9024704,0.32477289,-0.14409158,-0.93475151,0
0.9001525,-4.508112,-3.171695,-0.20423377,-0.97569335,0.079443216,0
0.12818956,-3.845721,0.56190109,0.92347777,-0.16510665,0.34630725,0
1.4202156,1.076138,-3.8543062,0.32477289,-0.14409158,-0.93475151,0
-1.0301893,2.3692112,3.5325508,-0.32477289,0.14409158,0.93475151,0
1.3700857,-1.464138,-1.4393075,0.92347777,-0.16510665,0.34630725,0
0.84420455,-4.0655136,-3.4210355,0.32477289,-0.14409158,-0.93475151,0
-1.6882302,-0.66781604,1.3464351,-0.92347777,0.16510665,-0.34630725,0
-0.11089139,4.2663193,1.3682017,0.20423377,0.97569335,-0.079443216,0
-0.75387859,-3.8348732,1.3882709,-0.20423377,-0.97569335,0.079443216,0
2.5288386,3.3214815,-3.505002,0.20423377,0.97569335,-0.079443216,0
1.3148421,-4.419486,-2.882015,0.92347777,-0.16510665,0.34630725,0
-0.44806886,-2.9652205,2.529098,0.92347777,-0.16510665,0.34630725,0
-1.5459898,2.7975559,2.7883091,-0.92347777,0.16510665,-0.34630725,0
0.02399528,4.2346497,1.8540039,0.20423377,0.97569335,-0.079443216,0
-1.4819818,-0.23014414,3.7674026,-0.32477289,0.14409158,0.93475151,0
0.0092276335,4.1351418,0.29530406,0.20423377,0.97569335,-0.079443216,0
-0.41531396,2.9547703,3.7304411,-0.32477289,0.14409158,0.93475151,0
1.5672019,3.5381169,-3.4845803,0.20423377,0.97569335,-0.079443216,0
-1.1914256,-3.8664894,-1.2991819,-0.20423377,-0.97569335,0.079443216,0
2.0228281,-0.98311299,-3.5237615,0.32477289,-0.14409158,-0.93475151,0
1.7941859,-2.4135575,-3.2986808,0.32477289,-0.14409158,-0.93475151,0
1.9458508,3.1934993,-4.1909037,0.32477289,-0.14409158,-0.93475151,0
1.2552292,3.7409449,-0.88186026,0.20423377,0.97569335,-0.079443216,0
0.97625077,-3.8804345,-1.8205755,0.92347777,-0.16510665,0.34630725,0
1.7138269,1.6179554,-3.8701432,0.32477289,-0.14409158,-0.93475151,0
-1.6157467,-3.4948173,2.1275721,-0.20423377,-0.97569335,0.079443216,0
0.17538333,-0.25462508,-3.7093277,-0.92347777,0.16510665,-0.34630725,0
-0.223943,4.0643063,0.031335831,0.20423377,0.97569335,-0.079443216,0
-0.39092088,3.7311227,3.5859737,-0.32477289,0.14409158,0.93475151,0
-2.2740421,-0.3482579,3.4564874,-0.32477289,0.14409158,0.93475151,0
-0.67287493,-3.6830513,2.3609233,-0.20423377,-0.97569335,0.079443216,0
1.5202882,2.3866611,-4.1047211,0.32477289,-0.14409158,-0.93475151,0
-0.70939994,-3.734585,2.1662512,-0.20423377,-0.97569335,0.079443216,0
0.29603183,-4.2163324,-0.17120719,-0.20423377,-0.97569335,0.079443216,0
-1.1879928,-3.6145849,3.1055715,-0.20423377,-0.97569335,0.079443216,0
-0.7355265,1.5018464,-0.16297448,-0.92347777,0.16510665,-0.34630725,0
2.3380435,3.1224804,-3.964596,0.32477289,-0.14409158,-0.93475151,0
0.068941355,3.9547153,-0.92893815,0.20423377,0.97569335,-0.079443216,0
0.19998336,3.0845411,3.7027431,0.92347777,-0.16510665,0.34630725,0
-2.3402743,-3.5461173,1.8783967,-0.92347777,0.16510665,-0.34630725,0
0.094196081,-4.2259231,-2.368305,-0.20423377,-0.97569335,0.079443216,0
1.0383512,-2.5760007,-3.4609137,0.32477289,-0.14409158,-0.93475151,0
0.45780206,0.68602967,1.8231189,0.92347777,-0.16510665,0.34630725,0
0.22962463,3.0049798,3.7955875,-0.32477289,0.14409158,0.93475151,0
-0.29541904,-4.1991868,-3.0178626,-0.20423377,-0.97569335,0.079443216,0
0.064777374,2.362936,3.553266,0.92347777,-0.16510665,0.34630725,0
2.2381392,1.4887768,-3.7428279,0.32477289,-0.14409158,-0.93475151,0
1.4429853,3.8876858,1.0213017,0.92347777,-0.16510665,0.34630725,0
-0.65035969,2.4686303,0.093461871,-0.92347777,0.16510665,-0.34630725,0
-0.57791972,-3.6194506,2.975637,0.92347777,-0.16510665,0.34630725,0
0.72067571,2.2760415,-3.5951822,-0.92347777,0.16510665,-0.34630725,0
0.55284941,-3.975019,-3.5756574,0.32477289,-0.14409158,-0.93475151,0
-1.1051947,3.722986,3.2833748,-0.32477289,0.14409158,0.93475151,0
1.9072609,0.26206166,-2.1460972,0.92347777,-0.16510665,0.34630725,0
2.68964,3.1880844,-3.527601,0.20423377,0.97569335,-0.079443216,0
-2.5824704,-2.543364,2.5392039,-0.92347777,0.16510665,-0.34630725,0
0.199072,3.8703387,3.6762562,-0.32477289,0.14409158,0.93475151,0
2.1456556,1.8140745,-1.9490429,0.92347777,-0.16510665,0.34630725,0
1.9734533,3.3283753,-3.425725,0.20423377,0.97569335,-0.079443216,0
-0.019372344,-4.1412678,0.25767827,-0.20423377,-0.97569335,0.079443216,0
-0.72639823,-1.1385896,4.2041297,-0.32477289,0.14409158,0.93475151,0
-2.1122892,-0.37485504,3.5344167,-0.32477289,0.14409158,0.93475151,0
-2.4477737,-1.1692293,3.1848915,-0.92347777,0.16510665,-0.34630725,0
1.8774805,0.78805864,-1.9318309,0.92347777,-0.16510665,0.34630725,0
1.9450481,3.4358664,-2.68961,0.20423377,0.97569335,-0.079443216,0
-1.4357216,-0.41408229,3.841382,-0.32477289,0.14409158,0.93475151,0
-2.3099597,-1.4292163,3.7794051,-0.32477289,0.14409158,0.93475151,0
-0.53234506,3.8878076,3.4217086,-0.32477289,0.14409158,0.93475151,0
0.17951214,-4.0343513,0.35483956,-0.20423377,-0.97569335,0.079443216,0
0.85482061,1.6625195,1.4794391,0.92347777,-0.16510665,0.34630725,0
0.58337271,-2.9984908,0.14337802,0.92347777,-0.16510665,0.34630725,0
0.95446491,3.6373854,-3.1248312,0.20423377,0.97569335,-0.079443216,0
-0.067435622,3.689678,-0.87523699,-0.92347777,0.16510665,-0.34630725,0
0.90029669,1.0811775,-4.2167816,0.32477289,-0.14409158,-0.93475151,0
-0.9420054,-0.058472157,3.9703186,-0.32477289,0.14409158,0.93475151,0
0.96701038,3.8875337,0.036488056,0.20423377,0.97569335,-0.079443216,0
-0.37625623,-1.6382778,2.8389206,0.92347777,-0.16510665,0.34630725,0
0.76765013,3.7357283,-1.5363939,0.20423377,0.97569335,-0.079443216,0
0.4912954,4.1793036,2.960418,0.20423377,0.97569335,-0.079443216,0
0.7682116,-1.0503553,-3.7617221,0.32477289,-0.14409158,-0.93475151,0
0.27918023,4.0237379,0.4867425,0.20423377,0.97569335,-0.079443216,0
-1.4917493,-3.5821311,2.8265111,-0.20423377,-0.97569335,0.079443216,0
-0.8065567,-3.741818,2.9331229,-0.20423377,-0.97569335,0.079443216,0
-0.50395137,-1.2928432,-2.0609288,-0.92347777,0.16510665,-0.34630725,0
-0.24514413,-3.7254772,-3.7658627,-0.92347777,0.16510665,-0.34630725,0
0.56862187,0.92839026,-3.7740149,-0.92347777,0.16510665,-0.34630725,0
-0.15887299,-4.3465347,-2.2122438,-0.20423377,-0.97569335,0.079443216,0
2.4097877,3.2407358,-3.3003266,0.20423377,0.97569335,-0.079443216,0
1.1095262,2.1167216,-4.130743,0.32477289,-0.14409158,-0.93475151,0
-0.52053857,-2.5390515,2.8233252,0.92347777,-0.16510665,0.34630725,0
0.51481998,-4.3543239,-1.4448934,-0.20423377,-0.97569335,0.079443216,0
0.030804634,-2.696806,-3.8379536,0.32477289,-0.14409158,-0.93475151,0
-0.53952014,3.7185287,3.4892771,-0.32477289,0.14409158,0.93475151,0
-0.56556946,0.48690379,-1.261107,-0.92347777,0.16510665,-0.34630725,0
-0.45975006,4.4010429,2.3180044,0.20423377,0.97569335,-0.079443216,0
0.79462373,3.9820385,0.43646097,0.20423377,0.97569335,-0.079443216,0
-0.33560395,-0.55849159,-2.0622506,-0.92347777,0.16510665,-0.34630725,0
0.56579089,3.9147983,-1.3273404,0.20423377,0.97569335,-0.079443216,0
0.16656017,-1.9586798,-4.0257339,0.32477289,-0.14409158,-0.93475151,0
0.84652376,4.1434903,2.0465512,0.20423377,0.97569335,-0.079443216,0
-1.3350344,-2.0904019,4.2329001,-0.32477289,0.14409158,0.93475151,0
0.3536247,2.5218866,2.8646054,0.92347777,-0.16510665,0.34630725,0
1.77637,-0.15464203,-1.9367282,0.92347777,-0.16510665,0.34630725,0
-1.8765254,2.5347438,3.2775462,-0.32477289,0.14409158,0.93475151,0
-0.98220384,-3.8031414,0.91349506,-0.20423377,-0.97569335,0.079443216,0
-1.9762115,-3.5662673,1.9963491,-0.20423377,-0.97569335,0.079443216,0
-2.3027265,0.2282908,3.5016403,-0.32477289,0.14409158,0.93475151,0
0.36215627,-2.1635513,0.74672115,0.92347777,-0.16510665,0.34630725,0
1.2848492,1.2281858,-3.9619107,0.32477289,-0.14409158,-0.93475151,0
-0.093956232,-3.1137216,1.4634533,0.92347777,-0.16510665,0.34630725,0
-2.7326128,-3.3090403,3.4189787,-0.20423377,-0.97569335,0.079443216,0
-0.0365417,-3.3605309,-3.6757357,0.32477289,-0.14409158,-0.93475151,0
1.891149,-0.0059378147,-3.6635799,0.32477289,-0.14409158,-0.93475151,0
-1.6966877,-3.1984901,-0.013455391,-0.92347777,0.16510665,-0.34630725,0
-1.6676861,0.42395753,1.9787664,-0.92347777,0.16510665,-0.34630725,0
1.0314913,-1.2127287,-0.70715594,0.92347777,-0.16510665,0.34630725,0
-0.33068252,2.0896087,-1.0712972,-0.92347777,0.16510665,-0.34630725,0
-1.0617456,-1.9658473,4.2018905,-0.32477289,0.14409158,0.93475151,0
-1.2463039,2.1076267,1.5012887,-0.92347777,0.16510665,-0.34630725,0
-0.56883812,1.3947446,3.8485987,-0.32477289,0.14409158,0.93475151,0
1.7933152,3.5045252,-2.302326,0.20423377,0.97569335,-0.079443216,0
-0.35037231,-4.3219862,-3.6693316,-0.20423377,-0.97569335,0.079443216,0
0.021099091,0.47739136,-2.6245046,-0.92347777,0.16510665,-0.34630725,0
-1.5696301,-3.4929483,2.2102942,-0.20423377,-0.97569335,0.079443216,0
-0.12757921,-2.1125698,2.0057931,0.92347777,-0.16510665,0.34630725,0
0.3345902,-2.8713014,-3.6217248,0.32477289,-0.14409158,-0.93475151,0
1.8747165,-1.0639887,-3.4188437,0.32477289,-0.14409158,-0.93475151,0
2.3558145,3.3993912,-2.312808,0.20423377,0.97569335,-0.079443216,0
1.6252391,3.5325553,-3.636183,0.20423377,0.97569335,-0.079443216,0
-1.1064358,-2.3913212,4.2555213,-0.32477289,0.14409158,0.93475151,0
-0.85965127,-3.9583454,-1.3309255,-0.20423377,-0.97569335,0.079443216,0
-1.4068341,-3.3408298,4.3964167,-0.32477289,0.14409158,0.93475151,0
-2.2793291,-3.4152396,2.1830578,-0.20423377,-0.97569335,0.079443216,0
1.6348178,-0.047610402,-3.6972413,0.32477289,-0.14409158,-0.93475151,0
-2.1827028,0.81688046,3.2931945,-0.92347777,0.16510665,-0.34630725,0
-0.39304721,-3.8721914,0.53854632,-0.20423377,-0.97569335,0.079443216,0
-1.4758344,-2.490406,4.2424116,-0.32477289,0.14409158,0.93475151,0
1.8410684,1.4863265,-1.0868986,0.92347777,-0.16510665,0.34630725,0
-0.077078342,-4.3497043,-3.0462985,-0.20423377,-0.97569335,0.079443216,0
-0.43068635,-0.57425177,-1.8078324,-0.92347777,0.16510665,-0.34630725,0
-0.61383545,-4.0759077,-0.31630564,-0.20423377,-0.97569335,0.079443216,0
0.1724453,-4.2550087,-1.9815524,-0.20423377,-0.97569335,0.079443216,0
-2.226145,-0.15595752,3.225364,-0.92347777,0.16510665,-0.34630725,0
1.3512287,-0.83616757,-1.3916883,0.92347777,-0.16510665,0.34630725,0
-0.68520451,-3.9586463,-0.53886127,-0.20423377,-0.97569335,0.079443216,0
-0.5167104,-4.0164194,0.81040359,-0.20423377,-0.97569335,0.079443216,0
-0.27778548,4.26511,0.61696482,0.20423377,0.97569335,-0.079443216,0
-1.6645001,3.3005881,3.2421639,-0.32477289,0.14409158,0.93475151,0
-0.67361474,4.5317249,3.3253224,0.20423377,0.97569335,-0.079443216,0
-1.202472,-1.6779735,4.0974917,-0.32477289,0.14409158,0.93475151,0
-0.22386169,-4.0498314,-0.77722073,-0.20423377,-0.97569335,0.079443216,0
-1.1107912,-2.1034966,4.212544,-0.32477289,0.14409158,0.93475151,0
-0.56502223,1.1586956,3.9855866,-0.32477289,0.14409158,0.93475151,0
-0.99540126,3.6998835,1.5833731,-0.92347777,0.16510665,-0.34630725,0
-0.88509488,0.55208206,-0.011623338,-0.92347777,0.16510665,-0.34630725,0
0.19563115,4.1914239,0.46115518,0.20423377,0.97569335,-0.079443216,0
0.59501159,-3.4845541,-0.14016485,0.92347777,-0.16510665,0.34630725,0
0.82681489,0.3285042,0.81603265,0.92347777,-0.16510665,0.34630725,0
-0.079227686,-4.0462542,0.15544653,-0.20423377,-0.97569335,0.079443216,0
-0.12609291,-3.418148,1.408181,0.92347777,-0.16510665,0.34630725,0
1.888505,-0.61864829,-3.4752073,0.32477289,-0.14409158,-0.93475151,0
-2.4014087,-2.8656073,3.9265504,-0.32477289,0.14409158,0.93475151,0
-1.9876163,1.4189389,3.4187655,-0.32477289,0.14409158,0.93475151,0
0.047809839,1.3590684,-2.3967705,-0.92347777,0.16510665,-0.34630725,0
0.56065655,-2.6581368,-3.6056604,0.32477289,-0.14409158,-0.93475151,0
