2.1908741,4.6584587,3.1420519,-0.30077147,0.66563308,0.68298519,0
-2.2400362,-0.017661095,-1.1737335,-0.039975256,0.70671701,-0.70636606,0
5.5507326,-1.5963588,-2.2821393,0.95285785,0.2397574,0.18595147,0
2.6626654,-2.9490907,-2.4692793,0.30077147,-0.66563308,-0.68298519,0
2.6994829,0.42959201,1.8341117,0.039975256,-0.70671701,0.70636606,0
2.3552589,4.1760006,3.5385513,-0.30077147,0.66563308,0.68298519,0
1.6463945,-0.42585874,0.80379975,0.039975256,-0.70671701,0.70636606,0
-0.11279297,3.8865027,2.3718493,-0.039975256,0.70671701,-0.70636606,0
3.175889,3.1569352,3.3745184,0.95285785,0.2397574,0.18595147,0
-0.24321461,0.59786415,-0.93221051,-0.039975256,0.70671701,-0.70636606,0
3.0495718,-1.0773497,0.092162609,0.039975256,-0.70671701,0.70636606,0
3.5372729,2.6638908,3.0705843,0.95285785,0.2397574,0.18595147,0
2.1980166,3.5685587,4.1458492,-0.30077147,0.66563308,0.68298519,0
-3.7214987,-1.9032216,-2.6604116,-0.95285785,-0.2397574,-0.18595147,0
-5.374228,2.5567393,1.3996282,-0.039975256,0.70671701,-0.70636606,0
-4.2221341,-1.8092344,-0.76119852,-0.95285785,-0.2397574,-0.18595147,0
-5.6070361,2.3099151,1.5989165,-0.95285785,-0.2397574,-0.18595147,0
4.7403913,0.43389797,-0.31709194,0.95285785,0.2397574,0.18595147,0
-1.2812529,3.4859128,2.6008239,-0.30077147,0.66563308,0.68298519,0
-3.387676,-2.5704761,-3.6009741,-0.95285785,-0.2397574,-0.18595147,0
2.7759757,4.5506339,3.2322884,-0.30077147,0.66563308,0.68298519,0
-4.1187901,-1.5514036,-0.86684179,-0.95285785,-0.2397574,-0.18595147,0
-0.96368194,-1.520014,0.084244788,0.039975256,-0.70671701,0.70636606,0
-1.0703244,-0.30513868,1.029964,0.039975256,-0.70671701,0.70636606,0
-1.0799456,-3.0085266,-4.1345968,0.30077147,-0.66563308,-0.68298519,0
0.08524999,-0.57585871,0.82480729,0.039975256,-0.70671701,0.70636606,0
1.0901518,3.6707168,3.5517111,-0.30077147,0.66563308,0.68298519,0
-4.6447115,-0.27075851,-0.098306656,-0.95285785,-0.2397574,-0.18595147,0
2.3759749,3.2913129,1.7587512,-0.039975256,0.70671701,-0.70636606,0
2.7196312,3.3306344,4.4982514,-0.30077147,0.66563308,0.68298519,0
2.9812577,-2.4566629,-2.9136355,0.30077147,-0.66563308,-0.68298519,0
-3.1574759,-3.8083365,-3.3515553,-0.95285785,-0.2397574,-0.18595147,0
-0.14208603,3.6056695,2.8688846,-0.30077147,0.66563308,0.68298519,0
-3.4576511,2.875916,2.3183548,-0.30077147,0.66563308,0.68298519,0
-3.6999347,-2.8228059,-1.8664939,-0.95285785,-0.2397574,-0.18595147,0
2.6724048,-2.4990215,-2.8527765,0.30077147,-0.66563308,-0.68298519,0
2.3108764,3.2594736,4.3221693,-0.30077147,0.66563308,0.68298519,0
-5.4318299,1.8847473,1.7124176,-0.95285785,-0.2397574,-0.18595147,0
-2.3991382,-1.1393319,0.49299335,0.039975256,-0.70671701,0.70636606,0
-3.2425363,1.8771064,3.282027,-0.30077147,0.66563308,0.68298519,0
-3.251271,-1.5992512,0.023418665,0.039975256,-0.70671701,0.70636606,0
-2.4035983,-2.0834162,-3.3098216,-0.039975256,0.70671701,-0.70636606,0
0.35128832,2.9938638,3.9583573,-0.30077147,0.66563308,0.68298519,0
-2.6319711,0.35326219,-0.9008534,-0.039975256,0.70671701,-0.70636606,0
3.5994585,2.1725457,0.44223642,-0.039975256,0.70671701,-0.70636606,0
-0.6064496,3.6617804,2.3151145,-0.039975256,0.70671701,-0.70636606,0
3.5503888,2.1572235,3.4283631,0.95285785,0.2397574,0.18595147,0
3.9398973,1.6634412,1.4903507,0.95285785,0.2397574,0.18595147,0
-4.4513288,-1.0416259,-0.41876602,-0.95285785,-0.2397574,-0.18595147,0
-4.2849274,-1.1107124,-0.60106325,-0.95285785,-0.2397574,-0.18595147,0
3.1659279,-2.0373058,-3.0712945,0.30077147,-0.66563308,-0.68298519,0
-0.84328198,3.3434701,1.9001752,-0.039975256,0.70671701,-0.70636606,0
0.00715065,3.9313183,2.5189328,-0.039975256,0.70671701,-0.70636606,0
1.0907396,-0.35829994,-1.9406439,-0.039975256,0.70671701,-0.70636606,0
4.385313,0.39583588,1.0084977,0.95285785,0.2397574,0.18595147,0
-0.95279598,3.3820982,2.9218028,-0.30077147,0.66563308,0.68298519,0
0.41888952,3.3545668,3.5874267,-0.30077147,0.66563308,0.68298519,0
5.1634893,-2.1381986,-2.1288166,0.30077147,-0.66563308,-0.68298519,0
-2.4680576,-2.2506843,-0.61285281,0.039975256,-0.70671701,0.70636606,0
1.525032,4.2726564,2.9869971,-0.30077147,0.66563308,0.68298519,0
-5.1652298,1.7169466,2.5748129,-0.30077147,0.66563308,0.68298519,0
-3.8097725,-2.661422,-0.9858253,-0.95285785,-0.2397574,-0.18595147,0
-1.2579616,-0.12199497,1.366365,0.039975256,-0.70671701,0.70636606,0
-3.529532,-2.0716355,-3.0417228,-0.95285785,-0.2397574,-0.18595147,0
4.6752644,0.49565291,-1.1625538,-0.039975256,0.70671701,-0.70636606,0
5.0216451,-0.69142413,-0.45929956,0.95285785,0.2397574,0.18595147,0
-0.17184019,-3.9333363,-2.9291291,0.30077147,-0.66563308,-0.68298519,0
1.7247214,-3.4518762,-2.6026521,0.30077147,-0.66563308,-0.68298519,0
4.0284996,-1.7397436,-3.1197164,0.30077147,-0.66563308,-0.68298519,0
4.1369095,2.0252213,0.5999279,0.95285785,0.2397574,0.18595147,0
-0.33581036,-0.78019351,0.77788675,0.039975256,-0.70671701,0.70636606,0
5.0955052,-0.98359644,-0.53619289,0.95285785,0.2397574,0.18595147,0
-2.1874301,3.207087,2.4065075,-0.30077147,0.66563308,0.68298519,0
-3.7205522,2.2856338,2.6675074,-0.30077147,0.66563308,0.68298519,0
-2.0743868,0.34162581,-0.85850191,-0.039975256,0.70671701,-0.70636606,0
1.9450908,4.2287216,3.3634193,-0.30077147,0.66563308,0.68298519,0
3.1126447,3.460506,3.5078592,0.95285785,0.2397574,0.18595147,0
0.86999702,-2.9350955,-3.2143576,0.30077147,-0.66563308,-0.68298519,0
-3.3913598,0.84952605,2.5484982,0.039975256,-0.70671701,0.70636606,0
3.6946867,-1.1280433,-2.8542931,-0.039975256,0.70671701,-0.70636606,0
2.1086431,4.1612782,2.6068835,-0.039975256,0.70671701,-0.70636606,0
-0.98650193,-0.99354506,-2.2793629,-0.039975256,0.70671701,-0.70636606,0
-4.5444384,-1.1874573,0.29340076,-0.95285785,-0.2397574,-0.18595147,0
-3.9649215,-1.6918416,-2.0755703,-0.95285785,-0.2397574,-0.18595147,0
-4.3179326,1.0339898,-0.057586193,-0.039975256,0.70671701,-0.70636606,0
-3.8192976,-1.7386,-2.1696618,-0.95285785,-0.2397574,-0.18595147,0
-1.9466941,1.9377496,3.3863254,0.039975256,-0.70671701,0.70636606,0
-3.9364092,-2.1861291,-1.6943851,-0.95285785,-0.2397574,-0.18595147,0
3.1512265,3.433157,3.8851404,0.95285785,0.2397574,0.18595147,0
-2.726706,-4.4430513,-3.3487072,0.30077147,-0.66563308,-0.68298519,0
-1.1998487,2.7235174,1.386713,-0.039975256,0.70671701,-0.70636606,0
3.3129907,2.5952833,3.5020857,0.95285785,0.2397574,0.18595147,0
4.0160894,-2.4003763,-2.4867892,0.30077147,-0.66563308,-0.68298519,0
-2.2461329,2.9123201,2.829967,-0.30077147,0.66563308,0.68298519,0
-4.5632925,-1.0074615,0.64851046,-0.95285785,-0.2397574,-0.18595147,0
-3.3682408,-3.5626321,-2.5198915,-0.95285785,-0.2397574,-0.18595147,0
0.6943078,-2.4095464,-1.0253434,0.039975256,-0.70671701,0.70636606,0
4.2166958,1.9095075,0.625494,0.95285785,0.2397574,0.18595147,0
4.4912486,0.82267642,0.38164568,0.95285785,0.2397574,0.18595147,0
-2.3249722,-3.4446373,-1.8004831,0.039975256,-0.70671701,0.70636606,0
-1.4721055,2.6620824,3.3538816,-0.30077147,0.66563308,0.68298519,0
3.2816908,2.9401853,3.3349345,0.95285785,0.2397574,0.18595147,0
2.0841403,-0.45989859,0.86834812,0.039975256,-0.70671701,0.70636606,0
2.9527946,4.0862756,3.3429189,0.95285785,0.2397574,0.18595147,0
-3.1118777,-4.1113667,-2.6868262,-0.95285785,-0.2397574,-0.18595147,0
-0.46740597,-1.3595729,-0.040963382,0.039975256,-0.70671701,0.70636606,0
1.5875192,-3.4981546,-2.6106901,0.30077147,-0.66563308,-0.68298519,0
-5.426712,1.8173304,1.706861,-0.95285785,-0.2397574,-0.18595147,0
-3.0623312,-4.1590061,-2.7701449,-0.95285785,-0.2397574,-0.18595147,0
-4.8290114,-0.1091944,0.88486719,-0.95285785,-0.2397574,-0.18595147,0
-3.3354492,2.9270899,2.4061079,-0.30077147,0.66563308,0.68298519,0
-1.768008,-1.4111139,-2.6752667,-0.039975256,0.70671701,-0.70636606,0
-1.7808247,2.2111621,3.5063183,-0.30077147,0.66563308,0.68298519,0
-1.4598349,0.66500044,-0.71412003,-0.039975256,0.70671701,-0.70636606,0
4.192358,-1.9391092,-2.843004,0.30077147,-0.66563308,-0.68298519,0
1.5456276,-3.3655975,-2.6074901,0.30077147,-0.66563308,-0.68298519,0
1.7293093,1.7578142,2.9641972,0.039975256,-0.70671701,0.70636606,0
-0.44495916,-1.4179797,-2.7303128,-0.039975256,0.70671701,-0.70636606,0
-3.696738,-2.3341951,-1.7447872,-0.95285785,-0.2397574,-0.18595147,0
-2.7001302,0.35232326,1.9807029,0.039975256,-0.70671701,0.70636606,0
-3.8154154,1.8341897,3.0198886,-0.30077147,0.66563308,0.68298519,0
-4.1363735,2.9502337,1.8364706,-0.30077147,0.66563308,0.68298519,0
-2.2153912,-3.8098085,-3.8603811,0.30077147,-0.66563308,-0.68298519,0
4.4070411,0.60842597,0.37068319,0.95285785,0.2397574,0.18595147,0
-1.9176948,-0.51450831,0.98924303,0.039975256,-0.70671701,0.70636606,0
-3.6757393,-3.0741405,-1.7440288,-0.95285785,-0.2397574,-0.18595147,0
-0.85432339,-3.4658358,-3.5508366,0.30077147,-0.66563308,-0.68298519,0
-4.7632079,-0.60970563,0.5297513,-0.95285785,-0.2397574,-0.18595147,0
1.5694001,-0.89582276,0.55229914,0.039975256,-0.70671701,0.70636606,0
-2.7913208,0.256419,1.9207411,0.039975256,-0.70671701,0.70636606,0
-3.5182753,-2.8547208,-3.0201759,-0.95285785,-0.2397574,-0.18595147,0
3.5784185,2.7244821,2.5320215,0.95285785,0.2397574,0.18595147,0
-4.7245598,-0.41737217,1.4057937,0.039975256,-0.70671701,0.70636606,0
-1.6496482,2.7393999,3.1484742,-0.30077147,0.66563308,0.68298519,0
-3.1483116,-3.7816541,-3.2376151,-0.95285785,-0.2397574,-0.18595147,0
5.509439,-1.4312327,-2.394186,0.95285785,0.2397574,0.18595147,0
1.4353809,-2.254746,-3.6537766,-0.039975256,0.70671701,-0.70636606,0
-2.3891516,1.92125,3.6009049,0.039975256,-0.70671701,0.70636606,0
5.3645029,-2.6347957,-1.6197653,0.30077147,-0.66563308,-0.68298519,0
-0.69239044,3.6908183,2.7158823,-0.30077147,0.66563308,0.68298519,0
3.6707389,1.8349053,2.8866398,0.95285785,0.2397574,0.18595147,0
0.22735596,-3.9919171,-2.7358828,0.30077147,-0.66563308,-0.68298519,0
-1.0171056,-3.3112869,-3.7991953,0.30077147,-0.66563308,-0.68298519,0
-4.3990192,2.531091,2.0979424,-0.30077147,0.66563308,0.68298519,0
4.3708529,-2.0372748,-2.551075,0.30077147,-0.66563308,-0.68298519,0
2.6753097,3.8383482,4.1529474,-0.30077147,0.66563308,0.68298519,0
-4.5252676,1.4394394,0.19316864,-0.039975256,0.70671701,-0.70636606,0
0.24953794,3.7139404,3.1505005,-0.30077147,0.66563308,0.68298519,0
-3.0434201,2.4588637,2.8287935,-0.30077147,0.66563308,0.68298519,0
5.1227231,-0.76001966,-1.538116,0.95285785,0.2397574,0.18595147,0
2.9656191,3.7986872,4.0802879,0.95285785,0.2397574,0.18595147,0
-4.2125611,-1.2837789,-0.54033136,-0.95285785,-0.2397574,-0.18595147,0
-4.7046309,0.43581331,-0.20757008,-0.95285785,-0.2397574,-0.18595147,0
-1.1881132,2.1065202,3.621778,0.039975256,-0.70671701,0.70636606,0
3.189055,-2.7829354,-1.6591244,0.039975256,-0.70671701,0.70636606,0
2.6573105,-3.4080935,-2.0679262,0.30077147,-0.66563308,-0.68298519,0
-1.6204762,-1.8268389,-3.0565841,-0.039975256,0.70671701,-0.70636606,0
2.3613386,3.0622277,1.469243,-0.039975256,0.70671701,-0.70636606,0
4.1543746,1.1498116,0.99426126,0.95285785,0.2397574,0.18595147,0
-5.4513969,2.202533,1.9987521,-0.30077147,0.66563308,0.68298519,0
-3.9011068,-1.1934404,-2.1477995,-0.95285785,-0.2397574,-0.18595147,0
5.4122877,-1.7103282,-1.1849394,0.95285785,0.2397574,0.18595147,0
4.3151913,-2.455018,-1.2675891,0.039975256,-0.70671701,0.70636606,0
-5.3273602,1.0772851,1.8492556,-0.95285785,-0.2397574,-0.18595147,0
2.3497796,4.1473651,2.6629601,-0.039975256,0.70671701,-0.70636606,0
-1.9700718,3.4254999,2.2475576,-0.039975256,0.70671701,-0.70636606,0
4.5443449,0.86570436,0.11555958,0.95285785,0.2397574,0.18595147,0
0.56642294,3.0164695,3.7872124,-0.30077147,0.66563308,0.68298519,0
5.0594549,-0.53168797,-0.98998308,0.95285785,0.2397574,0.18595147,0
-0.37846994,3.6184998,2.9455452,-0.30077147,0.66563308,0.68298519,0
-2.6768923,3.2319651,1.9999664,-0.039975256,0.70671701,-0.70636606,0
4.4610453,-1.7477562,-2.8776951,0.30077147,-0.66563308,-0.68298519,0
-4.1704922,-1.0178628,-1.8286216,-0.95285785,-0.2397574,-0.18595147,0
4.3274117,1.5730574,-0.13500929,-0.039975256,0.70671701,-0.70636606,0
-1.7931533,-2.8174717,-1.4204762,0.039975256,-0.70671701,0.70636606,0
0.99968815,3.9464402,3.2104392,-0.30077147,0.66563308,0.68298519,0
5.1129069,-0.97035921,-1.1455598,0.95285785,0.2397574,0.18595147,0
3.7420402,1.9121134,2.1757512,0.95285785,0.2397574,0.18595147,0
1.0958222,0.49664754,1.9655286,0.039975256,-0.70671701,0.70636606,0
0.99443388,2.8476636,4.2702413,0.039975256,-0.70671701,0.70636606,0
-2.2108874,-4.3001161,-3.4891531,0.30077147,-0.66563308,-0.68298519,0
0.53968859,2.8895588,3.9042034,-0.30077147,0.66563308,0.68298519,0
-1.098803,-3.3495541,-3.8639638,0.30077147,-0.66563308,-0.68298519,0
2.4809465,0.99274063,-0.49074459,-0.039975256,0.70671701,-0.70636606,0
2.9191978,-3.1325202,-2.187782,0.30077147,-0.66563308,-0.68298519,0
-4.1904993,2.5019789,2.3927956,-0.30077147,0.66563308,0.68298519,0
-1.9787171,-1.8427379,-0.32985127,0.039975256,-0.70671701,0.70636606,0
2.7822909,4.1109772,3.6939602,-0.30077147,0.66563308,0.68298519,0
-2.9950962,-4.3262858,-3.1547139,-0.95285785,-0.2397574,-0.18595147,0
-5.564661,1.8813969,2.2131076,-0.95285785,-0.2397574,-0.18595147,0
4.0294614,2.0070136,0.96193838,0.95285785,0.2397574,0.18595147,0
-3.0244527,-1.4034439,-2.6527128,-0.039975256,0.70671701,-0.70636606,0
5.3675194,-1.3928175,-2.7978358,0.30077147,-0.66563308,-0.68298519,0
3.8560021,2.5883455,1.1771371,0.95285785,0.2397574,0.18595147,0
3.5337024,2.8110006,2.8675981,0.95285785,0.2397574,0.18595147,0
4.2996616,1.5026791,0.68076754,0.95285785,0.2397574,0.18595147,0
-0.38337183,2.7550182,3.8373225,-0.30077147,0.66563308,0.68298519,0
4.9429998,-0.10961676,-1.1945529,0.95285785,0.2397574,0.18595147,0
-4.0810056,-1.866169,-1.3253906,-0.95285785,-0.2397574,-0.18595147,0
-5.4419131,1.9274232,1.6453943,-0.95285785,-0.2397574,-0.18595147,0
0.4346571,-2.4289074,-3.8536656,-0.039975256,0.70671701,-0.70636606,0
2.6411085,-0.94177794,0.40117502,0.039975256,-0.70671701,0.70636606,0
-5.662899,2.0808816,2.1858873,-0.30077147,0.66563308,0.68298519,0
2.4842298,-3.2840271,-2.1649933,0.30077147,-0.66563308,-0.68298519,0
3.1047137,-2.1174221,-3.1359081,0.30077147,-0.66563308,-0.68298519,0
-0.033033371,-2.8262782,-3.9166088,0.30077147,-0.66563308,-0.68298519,0
1.4104638,-2.7985463,-3.2086482,0.30077147,-0.66563308,-0.68298519,0
3.5119059,-2.9523599,-1.8594718,0.039975256,-0.70671701,0.70636606,0
-4.344996,-1.2802274,-0.19679213,-0.95285785,-0.2397574,-0.18595147,0
-3.8695598,-2.5472379,-1.5661101,-0.95285785,-0.2397574,-0.18595147,0
-4.0479465,2.4768846,2.4371109,-0.30077147,0.66563308,0.68298519,0
-3.5297685,-3.4452896,-2.1359444,-0.95285785,-0.2397574,-0.18595147,0
-3.1467483,-2.3133569,-3.5564618,-0.039975256,0.70671701,-0.70636606,0
-0.35128236,2.8167129,1.4192897,-0.039975256,0.70671701,-0.70636606,0
1.112062,3.6818399,3.3894815,-0.30077147,0.66563308,0.68298519,0
-2.6172204,2.4771035,1.2088327,-0.039975256,0.70671701,-0.70636606,0
-1.3361924,-1.1558418,-2.501935,-0.039975256,0.70671701,-0.70636606,0
-1.6368922,-1.2317801,0.21922946,0.039975256,-0.70671701,0.70636606,0
5.2270622,-2.6371408,-1.6596909,0.30077147,-0.66563308,-0.68298519,0
1.9164076,3.9727464,3.6527114,-0.30077147,0.66563308,0.68298519,0
-3.6626396,1.9289168,0.65741682,-0.039975256,0.70671701,-0.70636606,0
0.11264515,-1.6138606,-3.0711155,-0.039975256,0.70671701,-0.70636606,0
0.44527864,-3.7435088,-2.3317001,0.039975256,-0.70671701,0.70636606,0
-0.12589312,3.540483,3.047734,-0.30077147,0.66563308,0.68298519,0
1.4906273,-2.3063173,-3.8174684,0.30077147,-0.66563308,-0.68298519,0
-4.9242988,-0.40445846,1.2987161,-0.95285785,-0.2397574,-0.18595147,0
-3.2285781,-0.15641284,-1.3471026,-0.039975256,0.70671701,-0.70636606,0
-1.0304892,0.74567145,2.1187725,0.039975256,-0.70671701,0.70636606,0
-2.43923,2.2350068,3.237083,-0.30077147,0.66563308,0.68298519,0
4.1566396,1.8474808,0.18168116,-0.039975256,0.70671701,-0.70636606,0
1.1373367,-2.9092584,-3.1655936,0.30077147,-0.66563308,-0.68298519,0
-0.11291504,3.4210145,3.1782262,-0.30077147,0.66563308,0.68298519,0
1.8266046,-3.1484268,-2.7335565,0.30077147,-0.66563308,-0.68298519,0
1.4763894,-2.8352671,-3.3113191,0.30077147,-0.66563308,-0.68298519,0
-1.5881889,2.700633,1.3894398,-0.039975256,0.70671701,-0.70636606,0
5.0634575,-0.26474679,-1.0047154,0.95285785,0.2397574,0.18595147,0
4.1463385,1.916237,0.90118885,0.95285785,0.2397574,0.18595147,0
-0.070902824,1.8295046,3.3003349,0.039975256,-0.70671701,0.70636606,0
-4.0007086,2.6802747,2.2256417,-0.30077147,0.66563308,0.68298519,0
-0.96217251,3.5484436,2.6127248,-0.30077147,0.66563308,0.68298519,0
3.8012407,1.8094747,2.7429237,0.95285785,0.2397574,0.18595147,0
-1.6771386,-0.79962623,-2.2334857,-0.039975256,0.70671701,-0.70636606,0
5.0747519,-0.68542886,-1.3771653,0.95285785,0.2397574,0.18595147,0
-5.4863873,1.7962332,1.7140355,-0.95285785,-0.2397574,-0.18595147,0
1.3000851,3.0267484,4.1821127,-0.30077147,0.66563308,0.68298519,0
-2.8633976,-0.90529984,0.64474487,0.039975256,-0.70671701,0.70636606,0
1.8315804,2.7791467,1.2289051,-0.039975256,0.70671701,-0.70636606,0
0.47389984,3.6878457,3.2514048,-0.30077147,0.66563308,0.68298519,0
4.3465939,-2.144731,-2.6636071,0.30077147,-0.66563308,-0.68298519,0
-3.4247186,3.0470886,2.2062712,-0.30077147,0.66563308,0.68298519,0
-0.75860208,-0.37970316,1.2152162,0.039975256,-0.70671701,0.70636606,0
-4.677156,0.33584476,-0.69183874,-0.95285785,-0.2397574,-0.18595147,0
-2.8878765,-4.4335566,-3.2548776,-0.95285785,-0.2397574,-0.18595147,0
-0.77690983,-0.92723173,-2.3023357,-0.039975256,0.70671701,-0.70636606,0
1.2018347,-2.7435737,-1.5266951,0.039975256,-0.70671701,0.70636606,0
0.34542608,3.2321639,1.7779169,-0.039975256,0.70671701,-0.70636606,0
-3.4013281,-2.3383994,-3.421495,-0.039975256,0.70671701,-0.70636606,0
-5.4830713,2.4922361,1.6648498,-0.30077147,0.66563308,0.68298519,0
-4.0681319,-1.1295427,0.61117697,0.039975256,-0.70671701,0.70636606,0
-3.9322677,-1.7998081,-1.7809675,-0.95285785,-0.2397574,-0.18595147,0
-0.63550711,2.7797866,3.4933116,-0.30077147,0.66563308,0.68298519,0
3.2430253,-0.4408555,0.65257359,0.039975256,-0.70671701,0.70636606,0
-3.1027701,-4.1072302,-2.7484498,-0.95285785,-0.2397574,-0.18595147,0
-4.5867705,0.25901318,-0.50632381,-0.95285785,-0.2397574,-0.18595147,0
2.3430169,-3.3009782,-2.4648244,0.30077147,-0.66563308,-0.68298519,0
-3.00457,-3.5079801,-4.4647474,-0.95285785,-0.2397574,-0.18595147,0
4.0263252,1.2948965,2.3617425,0.95285785,0.2397574,0.18595147,0
1.5377164,3.8649139,3.4815183,-0.30077147,0.66563308,0.68298519,0
-3.0557542,-4.4388494,-3.0862694,-0.95285785,-0.2397574,-0.18595147,0
-4.4028964,-0.11009645,-1.1243763,-0.95285785,-0.2397574,-0.18595147,0
3.5614157,-0.15898925,-1.7108905,-0.039975256,0.70671701,-0.70636606,0
-5.2228618,1.6800387,2.6013017,-0.30077147,0.66563308,0.68298519,0
-2.1758392,2.144526,0.92665243,-0.039975256,0.70671701,-0.70636606,0
-0.029174805,-2.7607908,-4.0077295,0.30077147,-0.66563308,-0.68298519,0
-3.1566105,-4.1173806,-3.1207218,-0.95285785,-0.2397574,-0.18595147,0
2.901593,2.3762538,0.87387872,-0.039975256,0.70671701,-0.70636606,0
4.4017725,1.246073,0.43941259,0.95285785,0.2397574,0.18595147,0
-2.7459815,-3.3690305,-1.8755168,0.039975256,-0.70671701,0.70636606,0
2.4596555,3.4751506,1.7859445,-0.039975256,0.70671701,-0.70636606,0
3.1653259,3.7111778,3.0193908,0.95285785,0.2397574,0.18595147,0
0.83083558,2.7091887,1.1251396,-0.039975256,0.70671701,-0.70636606,0
5.3641744,-2.0450625,-2.2381678,0.30077147,-0.66563308,-0.68298519,0
4.4734087,-0.029727936,0.98299313,0.95285785,0.2397574,0.18595147,0
-0.92980152,0.13918495,-1.3373946,-0.039975256,0.70671701,-0.70636606,0
5.4835,-1.4474192,-1.765769,0.95285785,0.2397574,0.18595147,0
3.1489761,3.7423096,2.2114913,-0.039975256,0.70671701,-0.70636606,0
-0.1453042,2.757,3.8722987,-0.30077147,0.66563308,0.68298519,0
-2.7126858,2.2474248,3.2016847,-0.30077147,0.66563308,0.68298519,0
-1.7805178,-0.14433002,-1.3871959,-0.039975256,0.70671701,-0.70636606,0
3.9256268,2.286453,1.4221354,0.95285785,0.2397574,0.18595147,0
3.6922712,1.3149719,-0.30951214,-0.039975256,0.70671701,-0.70636606,0
1.4090078,-1.5910932,-3.1473751,-0.039975256,0.70671701,-0.70636606,0
3.0243511,-2.1741846,-0.97511458,0.039975256,-0.70671701,0.70636606,0
-0.564466,3.6911206,2.2014155,-0.039975256,0.70671701,-0.70636606,0
1.9642383,-0.82870328,0.49649835,0.039975256,-0.70671701,0.70636606,0
1.3165059,-2.700248,-3.4789474,0.30077147,-0.66563308,-0.68298519,0
4.2427807,-1.431141,-0.34491348,0.039975256,-0.70671701,0.70636606,0
-4.3779616,-0.8660931,0.89256668,0.039975256,-0.70671701,0.70636606,0
0.62042999,-2.505518,-3.8212259,0.30077147,-0.66563308,-0.68298519,0
-4.5489836,0.040249586,-0.71627283,-0.95285785,-0.2397574,-0.18595147,0
4.1694636,1.7428899,0.076136589,0.95285785,0.2397574,0.18595147,0
3.6027372,-0.62498283,-2.1496568,-0.039975256,0.70671701,-0.70636606,0
-0.014639854,-3.8330164,-2.9960368,0.30077147,-0.66563308,-0.68298519,0
-0.96769905,-3.2552028,-3.9194121,0.30077147,-0.66563308,-0.68298519,0
3.5560935,3.2160513,2.0756345,0.95285785,0.2397574,0.18595147,0
-0.97928619,-4.1124115,-2.9113722,0.30077147,-0.66563308,-0.68298519,0
-2.2816536,2.6879797,2.8206887,-0.30077147,0.66563308,0.68298519,0
-5.4508562,2.4841914,1.8175602,-0.30077147,0.66563308,0.68298519,0
0.9717555,3.5805492,3.4592915,-0.30077147,0.66563308,0.68298519,0
0.58218926,0.48359856,-1.1060904,-0.039975256,0.70671701,-0.70636606,0
-5.0728331,1.8064516,0.62310791,-0.039975256,0.70671701,-0.70636606,0
-2.1707625,-1.1650975,0.36568809,0.039975256,-0.70671701,0.70636606,0
1.6086881,1.2917001,-0.13252127,-0.039975256,0.70671701,-0.70636606,0
-1.8048522,0.30929604,1.6936516,0.039975256,-0.70671701,0.70636606,0
-1.5101786,-3.6220164,-3.5842619,0.30077147,-0.66563308,-0.68298519,0
-2.8481131,2.6557617,2.84092,-0.30077147,0.66563308,0.68298519,0
3.7602334,2.7189231,1.520133,0.95285785,0.2397574,0.18595147,0
-2.4471259,-4.1864109,-3.540504,0.30077147,-0.66563308,-0.68298519,0
-2.1847606,-3.7289405,-2.0537033,0.039975256,-0.70671701,0.70636606,0
4.2232919,1.1655786,1.4281821,0.95285785,0.2397574,0.18595147,0
-0.60195208,-0.40480018,-1.699471,-0.039975256,0.70671701,-0.70636606,0
-3.6500468,-2.8587079,-1.5572846,-0.95285785,-0.2397574,-0.18595147,0
-2.0178056,2.8216748,3.0341978,-0.30077147,0.66563308,0.68298519,0
3.0876632,3.5080619,4.1359472,0.95285785,0.2397574,0.18595147,0
-1.0970292,-3.8175039,-3.2128835,0.30077147,-0.66563308,-0.68298519,0
-0.2974472,-3.4746003,-3.2639852,0.30077147,-0.66563308,-0.68298519,0
3.8573833,-0.83966541,-2.4873776,-0.039975256,0.70671701,-0.70636606,0
4.5098205,0.71784025,-0.34647274,0.95285785,0.2397574,0.18595147,0
-2.6672804,-3.8666787,-2.4247584,0.039975256,-0.70671701,0.70636606,0
0.27730894,-3.1292608,-3.406714,0.30077147,-0.66563308,-0.68298519,0
-4.5713563,-0.6367749,1.059299,0.039975256,-0.70671701,0.70636606,0
-2.9367995,2.8545709,2.5359051,-0.30077147,0.66563308,0.68298519,0
3.9679291,1.8334055,1.1937053,0.95285785,0.2397574,0.18595147,0
-3.2322679,-3.0621753,-4.0551038,-0.95285785,-0.2397574,-0.18595147,0
0.96128011,-0.14230108,-1.714228,-0.039975256,0.70671701,-0.70636606,0
-2.7333651,2.8569968,2.4962366,-0.30077147,0.66563308,0.68298519,0
3.8410153,2.2126806,1.4586024,0.95285785,0.2397574,0.18595147,0
3.0435925,-2.46877,-1.3215671,0.039975256,-0.70671701,0.70636606,0
4.3743715,-2.1818686,-2.4055877,0.30077147,-0.66563308,-0.68298519,0
4.8649549,-1.887748,-0.81982899,0.039975256,-0.70671701,0.70636606,0
-5.5155454,1.5560436,1.6783929,-0.95285785,-0.2397574,-0.18595147,0
3.5042276,2.6662984,2.5632875,0.95285785,0.2397574,0.18595147,0
-3.7803018,0.28847462,2.0457258,0.039975256,-0.70671701,0.70636606,0
3.5915275,-1.1424222,-2.629705,-0.039975256,0.70671701,-0.70636606,0
-0.89476871,2.5682092,1.3372355,-0.039975256,0.70671701,-0.70636606,0
1.5281992,3.2195742,4.0170593,-0.30077147,0.66563308,0.68298519,0
5.5136495,-2.2418394,-1.206574,0.039975256,-0.70671701,0.70636606,0
-2.938725,-2.6648889,-3.9889917,-0.039975256,0.70671701,-0.70636606,0
-4.1584973,-1.6975046,-0.32109499,-0.95285785,-0.2397574,-0.18595147,0
-5.5673633,2.0990534,1.0893989,-0.95285785,-0.2397574,-0.18595147,0
1.1002698,2.9042792,4.1683898,-0.30077147,0.66563308,0.68298519,0
1.9979464,-2.2976327,-1.0445993,0.039975256,-0.70671701,0.70636606,0
3.1676922,3.0455565,3.5196176,0.95285785,0.2397574,0.18595147,0
1.5726151,-2.619143,-3.2615957,0.30077147,-0.66563308,-0.68298519,0
-3.0148041,1.5534883,3.0686791,0.039975256,-0.70671701,0.70636606,0
3.4469013,2.6565533,3.0927482,0.95285785,0.2397574,0.18595147,0
-3.0811903,2.6191983,2.7700558,-0.30077147,0.66563308,0.68298519,0
1.6314714,1.0423954,2.4072742,0.039975256,-0.70671701,0.70636606,0
-1.879703,-4.4351282,-3.0641501,0.30077147,-0.66563308,-0.68298519,0
1.8422971,-2.5841508,-3.3688264,0.30077147,-0.66563308,-0.68298519,0
2.7524681,4.0800691,3.8839526,-0.30077147,0.66563308,0.68298519,0
-3.1311865,-3.4988205,-3.857995,-0.95285785,-0.2397574,-0.18595147,0
-0.10720181,2.6399176,1.108399,-0.039975256,0.70671701,-0.70636606,0
-3.8310068,1.8048522,3.1810436,-0.30077147,0.66563308,0.68298519,0
2.8431509,-3.2509227,-2.1416044,0.30077147,-0.66563308,-0.68298519,0
0.36737263,-0.020652175,1.4334129,0.039975256,-0.70671701,0.70636606,0
-4.3788381,-1.5944054,-0.19292116,-0.95285785,-0.2397574,-0.18595147,0
-0.71838713,-3.1880622,-3.7430286,0.30077147,-0.66563308,-0.68298519,0
-3.0190611,-3.5275502,-4.0934572,-0.95285785,-0.2397574,-0.18595147,0
-5.1375055,0.69163465,1.0150666,-0.95285785,-0.2397574,-0.18595147,0
2.6427481,-2.1574717,-0.75583482,0.039975256,-0.70671701,0.70636606,0
2.2269645,4.2475042,2.7030792,-0.039975256,0.70671701,-0.70636606,0
-5.0619035,0.31507134,1.2836275,-0.95285785,-0.2397574,-0.18595147,0
0.66387415,-2.5471597,-3.7286868,0.30077147,-0.66563308,-0.68298519,0
5.2164712,-2.7309151,-1.569016,0.30077147,-0.66563308,-0.68298519,0
-2.6385446,2.416285,3.1313999,-0.30077147,0.66563308,0.68298519,0
0.54460192,-3.4193873,-3.0514166,0.30077147,-0.66563308,-0.68298519,0
-4.912683,0.81787336,0.032474518,-0.95285785,-0.2397574,-0.18595147,0
2.4193625,-2.3355227,-1.1858845,0.039975256,-0.70671701,0.70636606,0
0.66686201,-2.7403388,-1.4683925,0.039975256,-0.70671701,0.70636606,0
-3.8030238,-1.6389666,-2.9000175,-0.95285785,-0.2397574,-0.18595147,0
3.4261119,-1.2951282,-0.11668348,0.039975256,-0.70671701,0.70636606,0
4.2270403,0.71272612,1.8238366,0.039975256,-0.70671701,0.70636606,0
3.2963746,-2.5114987,-2.6229196,0.30077147,-0.66563308,-0.68298519,0
-0.3800869,3.0313628,3.5448785,-0.30077147,0.66563308,0.68298519,0
-5.4714661,1.5965842,1.7492318,-0.95285785,-0.2397574,-0.18595147,0
2.9444151,4.5010147,3.3637619,0.95285785,0.2397574,0.18595147,0
5.3443518,-1.0141447,-2.6044459,-0.039975256,0.70671701,-0.70636606,0
2.7952981,-0.5027169,0.84789801,0.039975256,-0.70671701,0.70636606,0
1.0894709,3.4598255,3.7526662,-0.30077147,0.66563308,0.68298519,0
3.5354147,1.0646684,2.3985755,0.039975256,-0.70671701,0.70636606,0
-0.91128349,-2.1684022,-0.76045477,0.039975256,-0.70671701,0.70636606,0
-1.1826642,-0.50506997,-1.7268646,-0.039975256,0.70671701,-0.70636606,0
1.585434,4.2420201,3.0679801,-0.30077147,0.66563308,0.68298519,0
-1.2945681,-2.9229958,-1.5498492,0.039975256,-0.70671701,0.70636606,0
-1.4193165,1.2874564,2.8260455,0.039975256,-0.70671701,0.70636606,0
-3.5545948,-1.0042819,-2.1329591,-0.039975256,0.70671701,-0.70636606,0
4.5220056,0.20319176,1.2218347,0.95285785,0.2397574,0.18595147,0
-5.0043325,2.4536362,1.8574629,-0.30077147,0.66563308,0.68298519,0
4.8410354,-0.65672064,-2.344008,-0.039975256,0.70671701,-0.70636606,0
-3.9361906,3.0271633,1.9252286,-0.30077147,0.66563308,0.68298519,0
-4.8262072,0.050985813,0.22253609,-0.95285785,-0.2397574,-0.18595147,0
1.2448955,3.0020165,4.3067913,-0.30077147,0.66563308,0.68298519,0
-0.63235617,-2.2575622,-3.5293591,-0.039975256,0.70671701,-0.70636606,0
-2.451261,0.00073719025,-1.2993455,-0.039975256,0.70671701,-0.70636606,0
3.4419496,-2.3880601,-2.761013,0.30077147,-0.66563308,-0.68298519,0
-4.0079875,-2.0077591,-1.5972311,-0.95285785,-0.2397574,-0.18595147,0
4.5323648,0.5697332,-1.0033636,-0.039975256,0.70671701,-0.70636606,0
2.9800847,-3.1457729,-2.158535,0.30077147,-0.66563308,-0.68298519,0
-4.3693023,-0.42371929,-1.2527399,-0.95285785,-0.2397574,-0.18595147,0
2.5616603,3.8080757,2.3019118,-0.039975256,0.70671701,-0.70636606,0
-2.3882997,3.3202789,2.4026263,-0.30077147,0.66563308,0.68298519,0
3.1317844,3.600843,3.378026,0.95285785,0.2397574,0.18595147,0
-5.4978027,1.8065805,1.5882974,-0.95285785,-0.2397574,-0.18595147,0
3.0877342,3.2576411,4.3904018,0.95285785,0.2397574,0.18595147,0
4.2612739,0.69880164,1.4814048,0.95285785,0.2397574,0.18595147,0
2.2270668,-2.6656852,-3.0980756,0.30077147,-0.66563308,-0.68298519,0
4.8779583,-0.35628867,-0.14249372,0.95285785,0.2397574,0.18595147,0
4.908742,-0.7480129,-0.39424276,0.95285785,0.2397574,0.18595147,0
-3.1205976,0.059552073,-1.1145196,-0.039975256,0.70671701,-0.70636606,0
-1.1326408,3.0734262,3.0107377,-0.30077147,0.66563308,0.68298519,0
-4.0615005,-1.9489806,-1.1330395,-0.95285785,-0.2397574,-0.18595147,0
2.6482096,4.7610507,3.2346904,-0.30077147,0.66563308,0.68298519,0
-0.83271646,2.6902914,3.5966132,-0.30077147,0.66563308,0.68298519,0
2.8793535,4.2084942,3.5734911,0.95285785,0.2397574,0.18595147,0
-0.050177574,1.2314889,2.5107207,0.039975256,-0.70671701,0.70636606,0
-0.15863848,-3.0497813,-3.6640368,0.30077147,-0.66563308,-0.68298519,0
2.6356385,0.22648287,-1.2661197,-0.039975256,0.70671701,-0.70636606,0
3.5245402,-2.3472438,-2.6053305,0.30077147,-0.66563308,-0.68298519,0
0.85380793,-3.3256969,-2.8954914,0.30077147,-0.66563308,-0.68298519,0
3.2541094,1.2628614,2.5482025,0.039975256,-0.70671701,0.70636606,0
-2.4899678,-0.74356401,0.90247369,0.039975256,-0.70671701,0.70636606,0
-3.2966828,-0.057750106,-1.3853519,-0.039975256,0.70671701,-0.70636606,0
-0.60415256,-1.5825794,-0.099021167,0.039975256,-0.70671701,0.70636606,0
-2.0554304,-3.8247159,-3.6236789,0.30077147,-0.66563308,-0.68298519,0
1.9260092,4.3457093,3.161778,-0.30077147,0.66563308,0.68298519,0
2.7095857,3.8077343,3.9832699,-0.30077147,0.66563308,0.68298519,0
-2.5676296,0.42104656,2.0238173,0.039975256,-0.70671701,0.70636606,0
-5.1488862,2.5615256,1.3474975,-0.039975256,0.70671701,-0.70636606,0
-3.564698,-2.1124392,-2.7568464,-0.95285785,-0.2397574,-0.18595147,0
-4.2063742,-1.6032876,-0.077025414,-0.95285785,-0.2397574,-0.18595147,0
4.6926336,-0.075258017,-0.13473368,0.95285785,0.2397574,0.18595147,0
-2.526526,2.47521,3.1486449,-0.30077147,0.66563308,0.68298519,0
-4.8549252,0.54739678,-0.3150034,-0.95285785,-0.2397574,-0.18595147,0
5.70366,-2.4938021,-1.5386744,0.95285785,0.2397574,0.18595147,0
-3.3259273,-2.9477103,-3.5150256,-0.95285785,-0.2397574,-0.18595147,0
-5.3104925,1.6428237,2.5050721,-0.30077147,0.66563308,0.68298519,0
-1.5589106,-2.7783818,-1.1482801,0.039975256,-0.70671701,0.70636606,0
-0.068718433,3.1996832,3.4158709,-0.30077147,0.66563308,0.68298519,0
1.0743767,-0.0074983835,-1.5731453,-0.039975256,0.70671701,-0.70636606,0
-0.56278372,3.0052919,3.3265483,-0.30077147,0.66563308,0.68298519,0
3.4943991,-2.4231024,-2.5937786,0.30077147,-0.66563308,-0.68298519,0
4.6125107,0.53206289,-0.38614273,0.95285785,0.2397574,0.18595147,0
3.3732719,0.40649602,-1.2699459,-0.039975256,0.70671701,-0.70636606,0
3.8455927,-1.7386608,-3.0743961,0.30077147,-0.66563308,-0.68298519,0
-0.34791946,3.4087918,3.1452835,-0.30077147,0.66563308,0.68298519,0
-2.7290297,-0.45595819,1.1253848,0.039975256,-0.70671701,0.70636606,0
-1.9765671,0.69325024,2.1253223,0.039975256,-0.70671701,0.70636606,0
4.0156255,2.077951,0.85505199,0.95285785,0.2397574,0.18595147,0
-1.4953494,2.4976897,3.6071887,-0.30077147,0.66563308,0.68298519,0
2.8899033,-1.1829559,-0.051939011,0.039975256,-0.70671701,0.70636606,0
4.4966936,0.93891525,0.38503313,0.95285785,0.2397574,0.18595147,0
-3.0060377,-0.50313473,-1.7055259,-0.039975256,0.70671701,-0.70636606,0
3.1149855,-1.7666321,-3.4458587,-0.039975256,0.70671701,-0.70636606,0
4.5990486,-2.2060475,-2.3451123,0.30077147,-0.66563308,-0.68298519,0
4.9336448,-0.26919806,-0.70994473,0.95285785,0.2397574,0.18595147,0
-4.9192295,1.5401344,2.8398752,-0.30077147,0.66563308,0.68298519,0
0.020758152,-1.6175508,-3.0222778,-0.039975256,0.70671701,-0.70636606,0
-3.109617,-3.1216052,-1.6426876,0.039975256,-0.70671701,0.70636606,0
-3.2144785,-3.7933865,-2.9113431,-0.95285785,-0.2397574,-0.18595147,0
-1.9721527,-3.0984795,-1.6614007,0.039975256,-0.70671701,0.70636606,0
0.22948772,-1.309206,0.057969987,0.039975256,-0.70671701,0.70636606,0
3.1244226,3.1510482,3.9771066,0.95285785,0.2397574,0.18595147,0
-2.1001577,-3.274797,-4.4525776,0.30077147,-0.66563308,-0.68298519,0
-4.7805386,1.7063448,2.6791883,-0.30077147,0.66563308,0.68298519,0
-5.3126507,2.4449096,1.1982355,-0.039975256,0.70671701,-0.70636606,0
2.8196113,-0.21447253,0.93142319,0.039975256,-0.70671701,0.70636606,0
-2.021472,-1.4117236,0.077624798,0.039975256,-0.70671701,0.70636606,0
-5.0761056,0.90161073,0.11307621,-0.95285785,-0.2397574,-0.18595147,0
3.411773,-2.2665722,-2.8039858,0.30077147,-0.66563308,-0.68298519,0
5.0221767,-0.37186933,-1.2244678,0.95285785,0.2397574,0.18595147,0
3.5866995,-0.30324996,0.84161949,0.039975256,-0.70671701,0.70636606,0
-1.0983,2.5460234,3.7610118,-0.30077147,0.66563308,0.68298519,0
-4.0575371,1.6220978,0.34058666,-0.039975256,0.70671701,-0.70636606,0
3.0126727,-2.2506027,-2.9441972,0.30077147,-0.66563308,-0.68298519,0
-5.4773951,0.96346158,2.3471804,-0.95285785,-0.2397574,-0.18595147,0
4.0158758,-2.2448356,-2.741226,0.30077147,-0.66563308,-0.68298519,0
4.7678947,0.48269224,-1.1336651,-0.039975256,0.70671701,-0.70636606,0
2.1473429,-2.9103694,-1.6904178,0.039975256,-0.70671701,0.70636606,0
-2.2320333,-4.0053201,-3.6415479,0.30077147,-0.66563308,-0.68298519,0
2.9603908,-1.7643015,-3.3103833,-0.039975256,0.70671701,-0.70636606,0
2.8061924,-2.8007956,-2.5995758,0.30077147,-0.66563308,-0.68298519,0
3.812645,2.1199169,1.457757,0.95285785,0.2397574,0.18595147,0
-5.6499724,1.2264186,2.8716488,-0.95285785,-0.2397574,-0.18595147,0
3.8038116,-1.7675197,-3.143482,0.30077147,-0.66563308,-0.68298519,0
0.53588057,-2.4254687,-3.9151802,-0.039975256,0.70671701,-0.70636606,0
0.20052958,2.7365088,3.9662142,-0.30077147,0.66563308,0.68298519,0
-0.9969368,2.5666227,3.6269095,-0.30077147,0.66563308,0.68298519,0
3.6194026,2.8751044,2.1350863,0.95285785,0.2397574,0.18595147,0
0.9290657,2.8683965,4.1650343,-0.30077147,0.66563308,0.68298519,0
-2.550971,-0.13567111,1.5616028,0.039975256,-0.70671701,0.70636606,0
5.6252232,-1.7653592,-1.8897882,0.95285785,0.2397574,0.18595147,0
3.5381212,-2.3735964,-1.1746261,0.039975256,-0.70671701,0.70636606,0
-2.0917709,2.9610202,1.7199302,-0.039975256,0.70671701,-0.70636606,0
-4.5251527,2.1368787,2.3779292,-0.30077147,0.66563308,0.68298519,0
3.6017485,2.36132,2.9680061,0.95285785,0.2397574,0.18595147,0
1.1256051,2.6636682,1.1777666,-0.039975256,0.70671701,-0.70636606,0
-3.7959547,1.8094646,3.1918733,-0.30077147,0.66563308,0.68298519,0
3.1344991,3.2970223,3.8097539,0.95285785,0.2397574,0.18595147,0
4.5448904,0.0066486001,-1.5977359,-0.039975256,0.70671701,-0.70636606,0
-2.8335631,1.9680595,3.4479611,-0.30077147,0.66563308,0.68298519,0
-4.1119156,-1.0462936,-1.4998276,-0.95285785,-0.2397574,-0.18595147,0
1.9518648,-1.9469624,-0.7455771,0.039975256,-0.70671701,0.70636606,0
1.5782042,-3.2326102,-2.8359387,0.30077147,-0.66563308,-0.68298519,0
4.7514915,-2.3650243,-2.104001,0.30077147,-0.66563308,-0.68298519,0
-4.3710413,-1.2823744,-0.62095213,-0.95285785,-0.2397574,-0.18595147,0
3.224112,3.3865633,3.633528,0.95285785,0.2397574,0.18595147,0
-0.25054717,1.4164959,2.8749316,0.039975256,-0.70671701,0.70636606,0
-2.4095945,2.4899113,3.1365569,-0.30077147,0.66563308,0.68298519,0
4.9382401,-0.57290292,-0.416255,0.95285785,0.2397574,0.18595147,0
2.5300221,4.242074,3.5313053,-0.30077147,0.66563308,0.68298519,0
-3.9339447,-2.2181196,-0.77613473,-0.95285785,-0.2397574,-0.18595147,0
-2.4965043,-3.7462008,-4.0834603,0.30077147,-0.66563308,-0.68298519,0
-1.3423448,0.027655005,-1.1939859,-0.039975256,0.70671701,-0.70636606,0
4.0393786,1.5158303,1.5556202,0.95285785,0.2397574,0.18595147,0
-3.3644998,-3.3635359,-2.4363115,-0.95285785,-0.2397574,-0.18595147,0
-5.2394495,1.4827058,1.1056008,-0.95285785,-0.2397574,-0.18595147,0
4.3655791,1.5357001,0.22267675,0.95285785,0.2397574,0.18595147,0
-0.96834493,0.2788676,-1.1486944,-0.039975256,0.70671701,-0.70636606,0
3.0843475,-2.9276092,-1.7612858,0.039975256,-0.70671701,0.70636606,0
-2.7965932,1.9769504,3.5678444,-0.30077147,0.66563308,0.68298519,0
3.5744343,2.0566883,3.0448658,0.95285785,0.2397574,0.18595147,0
4.2026167,-1.6808997,-3.2380087,0.30077147,-0.66563308,-0.68298519,0
-4.3021708,-1.0095086,-0.50747967,-0.95285785,-0.2397574,-0.18595147,0
0.89728642,4.0467877,2.6646607,-0.039975256,0.70671701,-0.70636606,0
3.1035757,3.1578257,4.2822175,0.039975256,-0.70671701,0.70636606,0
2.1624498,3.3940477,4.1687827,-0.30077147,0.66563308,0.68298519,0
2.4947379,-2.8874552,-2.7902224,0.30077147,-0.66563308,-0.68298519,0
-4.6560707,-0.38514376,0.041152954,-0.95285785,-0.2397574,-0.18595147,0
-5.5067573,1.5998554,1.6532412,-0.95285785,-0.2397574,-0.18595147,0
2.9347229,4.3390226,3.4169226,0.95285785,0.2397574,0.18595147,0
-1.794075,-3.8600276,-2.311394,0.039975256,-0.70671701,0.70636606,0
1.2433033,-3.3222997,-2.9151936,0.30077147,-0.66563308,-0.68298519,0
4.2807579,1.3764943,1.0165496,0.95285785,0.2397574,0.18595147,0
-4.5051446,1.5115625,0.28836107,-0.039975256,0.70671701,-0.70636606,0
-1.2204261,-0.014369369,1.4442129,0.039975256,-0.70671701,0.70636606,0
-1.880059,1.1337103,2.7396207,0.039975256,-0.70671701,0.70636606,0
3.0103774,3.5233457,3.9215889,0.95285785,0.2397574,0.18595147,0
-3.256217,-3.5147874,-2.867003,-0.95285785,-0.2397574,-0.18595147,0
1.3435578,4.0067639,3.3454647,-0.30077147,0.66563308,0.68298519,0
-1.376713,2.6558228,1.4551015,-0.039975256,0.70671701,-0.70636606,0
-5.1630278,1.6120081,0.49864674,-0.95285785,-0.2397574,-0.18595147,0
-3.5596673,-2.9827504,-1.8400581,-0.95285785,-0.2397574,-0.18595147,0
2.3485003,-2.3895996,-3.205575,0.30077147,-0.66563308,-0.68298519,0
-1.3068994,-0.72916484,-1.9548084,-0.039975256,0.70671701,-0.70636606,0
-3.70035,-1.9490685,-0.30228138,0.039975256,-0.70671701,0.70636606,0
-5.3838253,1.7477851,1.345088,-0.95285785,-0.2397574,-0.18595147,0
0.93745232,-3.6773262,-2.7115235,0.30077147,-0.66563308,-0.68298519,0
3.3783002,3.5430033,2.4711821,0.95285785,0.2397574,0.18595147,0
-0.48238802,-3.6706991,-3.2518768,0.30077147,-0.66563308,-0.68298519,0
3.4446459,-2.4964383,-2.6561196,0.30077147,-0.66563308,-0.68298519,0
-1.6343055,2.5256157,1.1858822,-0.039975256,0.70671701,-0.70636606,0
-1.8060257,-1.2928886,0.20132232,0.039975256,-0.70671701,0.70636606,0
-5.4319129,1.0085177,2.28509,-0.95285785,-0.2397574,-0.18595147,0
-4.7867756,1.8435664,2.5502772,-0.30077147,0.66563308,0.68298519,0
-2.7927668,-3.2668099,-1.7425976,0.039975256,-0.70671701,0.70636606,0
-2.0030298,-4.1439347,-2.5517602,0.039975256,-0.70671701,0.70636606,0
-4.3940892,0.077073216,1.6447949,0.039975256,-0.70671701,0.70636606,0
-5.5158339,1.8176115,2.1981974,-0.95285785,-0.2397574,-0.18595147,0
-3.6705306,-2.428288,-1.8380835,-0.95285785,-0.2397574,-0.18595147,0
2.2865419,-0.7691226,-2.2525854,-0.039975256,0.70671701,-0.70636606,0
4.8353281,-1.0482458,-2.7082257,-0.039975256,0.70671701,-0.70636606,0
3.6082597,0.41139424,-1.0674386,-0.039975256,0.70671701,-0.70636606,0
-5.2167263,1.07895,2.9014997,0.039975256,-0.70671701,0.70636606,0
3.6817002,-2.0206819,-2.9778323,0.30077147,-0.66563308,-0.68298519,0
-3.7479498,-1.7711397,-2.212718,-0.95285785,-0.2397574,-0.18595147,0
4.3767519,-0.34546471,-1.8730617,-0.039975256,0.70671701,-0.70636606,0
-2.1408672,-2.6925058,-1.1504292,0.039975256,-0.70671701,0.70636606,0
5.0550823,-0.4626174,-1.5456171,0.95285785,0.2397574,0.18595147,0
-1.47861,-1.1199909,0.50031447,0.039975256,-0.70671701,0.70636606,0
-0.39536238,3.6939526,2.9441838,-0.30077147,0.66563308,0.68298519,0
-1.4702382,-3.3197558,-4.1282535,0.30077147,-0.66563308,-0.68298519,0
3.7568121,-1.0182854,0.080841064,0.039975256,-0.70671701,0.70636606,0
-3.7207975,2.3530097,2.7965791,-0.30077147,0.66563308,0.68298519,0
-2.206917,2.4822347,3.2184124,-0.30077147,0.66563308,0.68298519,0
