-1.783612,3.0130754,-3.8837676,-0.61497754,0.43838823,-0.65545321,0
5.8947725,0.24827003,0.69947553,0.77548343,0.48689324,-0.40194589,0
0.41616607,-4.7201395,4.0663643,0.61497754,-0.43838823,0.65545321,0
-5.2716227,0.66016912,-2.3008046,-0.61497754,0.43838823,-0.65545321,0
0.39639884,-0.0061335564,1.7807996,-0.14292727,0.75548065,0.63939118,0
-2.8843637,2.4966569,-3.1115265,-0.61497754,0.43838823,-0.65545321,0
2.810617,2.7763765,-2.5090969,0.77548343,0.48689324,-0.40194589,0
1.2422057,-0.28128159,-1.1044202,0.14292727,-0.75548065,-0.63939118,0
3.8306227,-1.5104361,2.9078946,0.61497754,-0.43838823,0.65545321,0
4.5029464,1.5504814,-0.73965263,0.77548343,0.48689324,-0.40194589,0
-2.6800363,1.5608237,-4.056006,-0.61497754,0.43838823,-0.65545321,0
-3.2338214,2.229907,-1.6743445,-0.14292727,0.75548065,0.63939118,0
6.2627296,0.033561587,1.0390339,0.77548343,0.48689324,-0.40194589,0
2.5226235,3.2808394,-2.5230067,0.77548343,0.48689324,-0.40194589,0
-4.7674475,0.19928145,-3.0106425,0.14292727,-0.75548065,-0.63939118,0
2.0744441,-2.3634374,4.2416005,0.61497754,-0.43838823,0.65545321,0
3.1581154,0.84772897,-1.7938046,0.14292727,-0.75548065,-0.63939118,0
-6.1273613,0.75944144,-1.3302517,-0.61497754,0.43838823,-0.65545321,0
-0.91020441,3.3905377,-4.492382,-0.61497754,0.43838823,-0.65545321,0
-4.752574,-1.1048297,0.65601122,-0.77548343,-0.48689324,0.40194589,0
-0.39424562,-4.9797034,4.4109015,-0.77548343,-0.48689324,0.40194589,0
6.4998417,0.31024599,1.4804163,0.77548343,0.48689324,-0.40194589,0
-2.7561526,-2.7514472,2.4080644,-0.77548343,-0.48689324,0.40194589,0
-3.8412864,-1.5292207,1.8248394,-0.77548343,-0.48689324,0.40194589,0
1.8053108,2.6166885,-1.0935934,-0.14292727,0.75548065,0.63939118,0
-6.3101597,-0.33390152,-1.4098034,-0.77548343,-0.48689324,0.40194589,0
-0.50632668,1.3092595,-3.2715034,0.14292727,-0.75548065,-0.63939118,0
1.0935743,-3.7008519,4.1344686,0.61497754,-0.43838823,0.65545321,0
-4.9593501,-0.66065454,0.72983921,-0.77548343,-0.48689324,0.40194589,0
-5.5073123,-0.040127803,0.26201773,-0.14292727,0.75548065,0.63939118,0
-2.8268156,0.42934108,-2.8472652,0.14292727,-0.75548065,-0.63939118,0
-4.6484056,-1.4920377,0.3189944,-0.77548343,-0.48689324,0.40194589,0
-3.9488955,-1.745213,1.5232284,-0.77548343,-0.48689324,0.40194589,0
5.9606457,-0.69735688,1.5623469,0.61497754,-0.43838823,0.65545321,0
-0.30908406,0.83893907,0.3483063,-0.14292727,0.75548065,0.63939118,0
1.5019431,3.5358772,-4.0151711,0.77548343,0.48689324,-0.40194589,0
-2.9954863,-3.0996096,1.7923516,-0.77548343,-0.48689324,0.40194589,0
-1.4022911,-3.5865173,4.3164682,-0.77548343,-0.48689324,0.40194589,0
3.7352629,-2.2535782,2.644865,0.61497754,-0.43838823,0.65545321,0
4.6362333,-1.7743732,1.9667606,0.61497754,-0.43838823,0.65545321,0
-2.8801715,-2.8313029,2.1197317,-0.77548343,-0.48689324,0.40194589,0
4.7875814,-0.76283884,2.5177422,0.61497754,-0.43838823,0.65545321,0
3.5385447,-1.3730574,3.256577,0.61497754,-0.43838823,0.65545321,0
3.3312945,2.3351312,-1.9435759,0.77548343,0.48689324,-0.40194589,0
-1.3546544,3.5011587,-4.0147266,-0.61497754,0.43838823,-0.65545321,0
-0.18263006,-3.8004732,5.2800612,0.61497754,-0.43838823,0.65545321,0
-0.23737907,-1.9486866,3.9459379,-0.14292727,0.75548065,0.63939118,0
-4.853466,-1.4510788,-0.12116444,-0.77548343,-0.48689324,0.40194589,0
-4.3484726,-0.091819525,-2.5036016,0.14292727,-0.75548065,-0.63939118,0
3.4987133,1.964535,-2.0276549,0.77548343,0.48689324,-0.40194589,0
1.8656631,3.6532247,-2.9877522,0.77548343,0.48689324,-0.40194589,0
2.626725,2.2640674,-3.5028181,0.77548343,0.48689324,-0.40194589,0
-3.2773762,-2.2141271,2.1185353,-0.77548343,-0.48689324,0.40194589,0
0.51671648,-3.2897718,4.7940388,0.61497754,-0.43838823,0.65545321,0
-4.3512998,-1.7333486,0.80010056,-0.77548343,-0.48689324,0.40194589,0
-0.43004966,4.2205596,-4.4709659,-0.61497754,0.43838823,-0.65545321,0
-4.3442974,-1.5817151,0.71489096,-0.77548343,-0.48689324,0.40194589,0
-4.3071318,0.91999567,-0.59813714,-0.14292727,0.75548065,0.63939118,0
0.1602118,4.6214309,-4.7974319,-0.61497754,0.43838823,-0.65545321,0
-2.7094369,-3.0276957,2.0649679,-0.77548343,-0.48689324,0.40194589,0
-1.2439598,-2.0774875,3.6302691,-0.14292727,0.75548065,0.63939118,0
-5.9532776,-0.33007932,-2.1598892,-0.61497754,0.43838823,-0.65545321,0
1.1134357,-1.2374985,0.11102629,0.14292727,-0.75548065,-0.63939118,0
-1.6451945,-3.6916144,3.486275,-0.77548343,-0.48689324,0.40194589,0
-0.78769565,-3.850204,4.8187237,-0.77548343,-0.48689324,0.40194589,0
-2.3227544,-3.0113354,3.063132,-0.77548343,-0.48689324,0.40194589,0
-1.8566921,-2.852545,4.096374,-0.77548343,-0.48689324,0.40194589,0
-3.313657,-1.3801675,-0.60218793,0.14292727,-0.75548065,-0.63939118,0
-2.7959905,3.1768725,-2.7446079,-0.61497754,0.43838823,-0.65545321,0
1.7699932,-0.28642696,-0.84669423,0.14292727,-0.75548065,-0.63939118,0
3.7209473,0.89671659,1.3941213,-0.14292727,0.75548065,0.63939118,0
5.1484165,1.5836782,0.48975563,0.77548343,0.48689324,-0.40194589,0
0.91729069,0.01381135,1.7027781,-0.14292727,0.75548065,0.63939118,0
5.6018882,1.3482833,1.0037935,0.77548343,0.48689324,-0.40194589,0
3.3199952,-2.8580906,2.5865779,0.61497754,-0.43838823,0.65545321,0
-2.7130065,2.6038551,-3.3940625,-0.61497754,0.43838823,-0.65545321,0
-1.003891,2.403388,-1.4801173,-0.14292727,0.75548065,0.63939118,0
0.46081066,4.4658842,-4.807816,0.77548343,0.48689324,-0.40194589,0
-4.8605862,-0.68710476,1.1972876,-0.77548343,-0.48689324,0.40194589,0
-4.9304194,-0.90353537,-1.6207385,0.14292727,-0.75548065,-0.63939118,0
-0.020108461,2.3069737,-4.2279086,0.14292727,-0.75548065,-0.63939118,0
3.7793603,1.4901909,-2.2213652,0.77548343,0.48689324,-0.40194589,0
2.6730459,-0.50666356,-0.22413051,0.14292727,-0.75548065,-0.63939118,0
-3.3745871,-2.8097858,1.2620454,-0.77548343,-0.48689324,0.40194589,0
2.8049793,-2.7353408,3.2489505,0.61497754,-0.43838823,0.65545321,0
5.0598845,-1.3570546,1.2945371,0.14292727,-0.75548065,-0.63939118,0
0.024551392,-3.6310046,5.036768,0.61497754,-0.43838823,0.65545321,0
2.2381647,3.6978788,-2.4121921,0.77548343,0.48689324,-0.40194589,0
2.2300804,3.5710754,-2.5452571,0.77548343,0.48689324,-0.40194589,0
3.3651268,-1.4881699,3.6264601,0.61497754,-0.43838823,0.65545321,0
-3.7069643,1.3793914,-3.3509455,-0.61497754,0.43838823,-0.65545321,0
-5.1985006,-0.01566577,-2.696228,0.14292727,-0.75548065,-0.63939118,0
-1.0685561,1.6008832,-3.5978405,0.14292727,-0.75548065,-0.63939118,0
4.8760862,1.6632409,0.19750667,0.77548343,0.48689324,-0.40194589,0
-3.1558795,-2.5692673,2.0243559,-0.77548343,-0.48689324,0.40194589,0
-5.299274,1.4428517,-1.6912508,-0.61497754,0.43838823,-0.65545321,0
2.4251418,2.8793583,-2.8494573,0.77548343,0.48689324,-0.40194589,0
-2.0380731,0.39306927,-2.5179927,0.14292727,-0.75548065,-0.63939118,0
5.6408997,0.68066812,0.64430022,0.77548343,0.48689324,-0.40194589,0
-0.5008828,-0.66814542,2.159318,-0.14292727,0.75548065,0.63939118,0
-4.2989078,0.99395555,-0.55729032,-0.14292727,0.75548065,0.63939118,0
1.149772,-0.48811603,-0.80681783,0.14292727,-0.75548065,-0.63939118,0
1.2068906,3.5625036,-4.5961838,0.77548343,0.48689324,-0.40194589,0
-6.3195333,-0.19874406,-1.3444018,-0.77548343,-0.48689324,0.40194589,0
3.9573357,0.29700744,-1.022122,0.14292727,-0.75548065,-0.63939118,0
4.6432323,0.95451438,-0.98942882,0.77548343,0.48689324,-0.40194589,0
4.2942085,1.9095747,-0.74210173,0.77548343,0.48689324,-0.40194589,0
-5.4806285,-1.1270297,-0.54795051,-0.77548343,-0.48689324,0.40194589,0
0.16550541,4.2395239,-3.4427652,-0.14292727,0.75548065,0.63939118,0
0.18109608,-4.2432332,4.7640467,0.61497754,-0.43838823,0.65545321,0
-5.5828319,-0.53130472,-0.15238667,-0.77548343,-0.48689324,0.40194589,0
6.4266129,-0.0070540905,1.6407657,0.61497754,-0.43838823,0.65545321,0
5.9214635,1.0980146,1.7151594,-0.14292727,0.75548065,0.63939118,0
4.3872576,-0.90368485,2.78652,0.61497754,-0.43838823,0.65545321,0
-0.036199331,2.9272685,-5.1301284,0.14292727,-0.75548065,-0.63939118,0
5.631218,0.28323963,-0.14219928,0.77548343,0.48689324,-0.40194589,0
1.586014,3.63726,-3.6556888,0.77548343,0.48689324,-0.40194589,0
-2.9145641,2.1305914,-3.5191545,-0.61497754,0.43838823,-0.65545321,0
3.075603,-0.01042062,-0.87448496,0.14292727,-0.75548065,-0.63939118,0
6.0177417,-0.45953095,1.7258091,0.61497754,-0.43838823,0.65545321,0
4.3173833,-0.63972706,0.11112618,0.14292727,-0.75548065,-0.63939118,0
-2.3203487,2.1086388,-4.0976815,-0.61497754,0.43838823,-0.65545321,0
2.6169291,-0.01266408,2.1927433,-0.14292727,0.75548065,0.63939118,0
-2.5275664,1.8071615,-4.0522137,-0.61497754,0.43838823,-0.65545321,0
-4.0538034,1.626642,-2.6753926,-0.61497754,0.43838823,-0.65545321,0
-1.1595044,-4.1457844,3.7953749,-0.77548343,-0.48689324,0.40194589,0
-0.89583385,-2.4609809,1.2457876,0.14292727,-0.75548065,-0.63939118,0
-6.0885201,-0.50952792,-1.3717079,-0.77548343,-0.48689324,0.40194589,0
0.75927997,4.085175,-4.5654945,0.77548343,0.48689324,-0.40194589,0
-0.51866794,-1.0168643,2.6358747,-0.14292727,0.75548065,0.63939118,0
-5.3783817,-0.42180252,0.33488297,-0.77548343,-0.48689324,0.40194589,0
-1.3747036,-3.1465158,4.6835136,-0.77548343,-0.48689324,0.40194589,0
5.7387285,-1.3534803,1.2701473,0.61497754,-0.43838823,0.65545321,0
5.422246,0.22437868,-0.27637672,0.77548343,0.48689324,-0.40194589,0
6.2764854,0.18729699,1.2042093,0.77548343,0.48689324,-0.40194589,0
2.1958656,2.6551425,-3.5580719,0.77548343,0.48689324,-0.40194589,0
2.956784,-2.553956,3.0238509,0.61497754,-0.43838823,0.65545321,0
1.9953417,2.47156,-4.1451225,0.14292727,-0.75548065,-0.63939118,0
-6.2885232,0.41118443,-1.3878756,-0.61497754,0.43838823,-0.65545321,0
-4.8427191,0.55664659,-2.646184,-0.61497754,0.43838823,-0.65545321,0
-0.88822365,-4.5935268,3.9287701,-0.77548343,-0.48689324,0.40194589,0
1.2299061,4.4082813,-3.6572857,0.77548343,0.48689324,-0.40194589,0
-0.90504861,3.8747587,-3.1376629,-0.14292727,0.75548065,0.63939118,0
2.7393212,-2.9081273,2.965692,0.61497754,-0.43838823,0.65545321,0
5.1321754,0.19121793,-0.53549004,0.14292727,-0.75548065,-0.63939118,0
1.3212152,2.444407,-4.125597,0.14292727,-0.75548065,-0.63939118,0
3.1702657,-2.9697962,2.7369094,0.61497754,-0.43838823,0.65545321,0
0.25960183,-3.2419102,5.2799602,0.61497754,-0.43838823,0.65545321,0
-4.9507189,-1.2730443,0.10336983,-0.77548343,-0.48689324,0.40194589,0
3.2058694,2.1741154,-2.4769969,0.77548343,0.48689324,-0.40194589,0
2.1764998,3.2075038,-1.8317347,-0.14292727,0.75548065,0.63939118,0
-6.637795,0.031798363,-1.4972897,-0.61497754,0.43838823,-0.65545321,0
0.35541463,4.9498539,-4.5148039,0.77548343,0.48689324,-0.40194589,0
-2.051338,3.2990656,-3.4301643,-0.61497754,0.43838823,-0.65545321,0
-0.38490224,-4.5189648,4.8946948,-0.77548343,-0.48689324,0.40194589,0
5.3912306,-0.026252747,2.4152546,0.61497754,-0.43838823,0.65545321,0
-3.6742146,0.9574995,-3.3922377,-0.61497754,0.43838823,-0.65545321,0
-0.43270206,-4.7776756,3.9752426,0.14292727,-0.75548065,-0.63939118,0
1.8320236,-3.2966983,3.6005354,0.61497754,-0.43838823,0.65545321,0
0.17965102,4.3092556,-5.0077243,-0.61497754,0.43838823,-0.65545321,0
-6.3468351,-0.014377356,-1.7924771,-0.61497754,0.43838823,-0.65545321,0
-2.0042021,-2.6715622,3.9131,-0.77548343,-0.48689324,0.40194589,0
0.92887306,-4.1590786,4.0147796,0.61497754,-0.43838823,0.65545321,0
0.35705054,1.0614754,-2.5835404,0.14292727,-0.75548065,-0.63939118,0
-2.3294494,2.6227884,-3.5846119,-0.61497754,0.43838823,-0.65545321,0
5.27772,1.4132348,0.93364811,-0.14292727,0.75548065,0.63939118,0
-2.1995981,-3.5927563,2.5720365,-0.77548343,-0.48689324,0.40194589,0
2.4273052,-0.28626394,2.4348454,-0.14292727,0.75548065,0.63939118,0
-0.17147437,0.84299529,0.63192415,-0.14292727,0.75548065,0.63939118,0
-0.98190904,-4.2656736,4.2124124,-0.77548343,-0.48689324,0.40194589,0
4.9051542,1.2477798,-0.3117429,0.77548343,0.48689324,-0.40194589,0
-5.32162,1.4909161,-1.7297277,-0.61497754,0.43838823,-0.65545321,0
-2.1295948,-1.2892218,2.6614652,-0.14292727,0.75548065,0.63939118,0
4.0450859,1.3330926,-1.8840407,0.77548343,0.48689324,-0.40194589,0
-0.46991897,-3.9534366,5.2909231,0.61497754,-0.43838823,0.65545321,0
-2.5531592,-3.2485595,2.1375349,-0.77548343,-0.48689324,0.40194589,0
2.6911457,-2.4673884,3.5327644,0.61497754,-0.43838823,0.65545321,0
-0.33563662,4.2000976,-4.5678067,-0.61497754,0.43838823,-0.65545321,0
-4.2729154,-1.5708907,0.92296314,-0.77548343,-0.48689324,0.40194589,0
-2.0846977,0.475281,-2.6827295,0.14292727,-0.75548065,-0.63939118,0
2.0788784,-1.5639815,3.9378095,-0.14292727,0.75548065,0.63939118,0
-3.701751,2.6009705,-2.4778671,-0.61497754,0.43838823,-0.65545321,0
-4.2116075,-1.8394108,0.93345821,-0.77548343,-0.48689324,0.40194589,0
2.0829928,-2.6149373,3.8722434,0.61497754,-0.43838823,0.65545321,0
5.627459,0.71355999,0.62533879,0.77548343,0.48689324,-0.40194589,0
2.475018,-0.64896095,-0.29044795,0.14292727,-0.75548065,-0.63939118,0
6.1788483,-0.30635563,0.53001785,0.77548343,0.48689324,-0.40194589,0
1.360759,-1.3573987,0.23453569,0.14292727,-0.75548065,-0.63939118,0
0.96567583,3.5294905,-2.3984351,-0.14292727,0.75548065,0.63939118,0
4.6518855,0.71206522,-1.3013804,0.14292727,-0.75548065,-0.63939118,0
4.3867126,-1.036527,0.69987512,0.14292727,-0.75548065,-0.63939118,0
2.5263197,2.9814961,-2.7566993,0.77548343,0.48689324,-0.40194589,0
-2.3782899,1.638085,-1.0240028,-0.14292727,0.75548065,0.63939118,0
-3.5121806,-1.755846,2.1585133,-0.77548343,-0.48689324,0.40194589,0
3.494288,-1.1063015,3.6641254,0.61497754,-0.43838823,0.65545321,0
4.2837124,-1.4538057,1.0712562,0.14292727,-0.75548065,-0.63939118,0
1.3594189,4.228488,-3.6894517,0.77548343,0.48689324,-0.40194589,0
1.1290672,4.3423691,-3.5136948,0.77548343,0.48689324,-0.40194589,0
-1.4566503,2.2735016,-4.5691791,0.14292727,-0.75548065,-0.63939118,0
-3.5780406,-1.7769303,-0.12931997,0.14292727,-0.75548065,-0.63939118,0
-0.47910592,-0.47909546,-0.9514817,0.14292727,-0.75548065,-0.63939118,0
-0.08778286,-2.0918596,0.94810605,0.14292727,-0.75548065,-0.63939118,0
-3.0131593,2.864778,-2.9885035,-0.61497754,0.43838823,-0.65545321,0
-2.4833584,-0.3695581,1.4953334,-0.14292727,0.75548065,0.63939118,0
-2.9546325,2.7971871,-2.8946419,-0.61497754,0.43838823,-0.65545321,0
2.2606673,3.2233367,-2.6944115,0.77548343,0.48689324,-0.40194589,0
6.6643887,-0.69369817,0.77616119,0.77548343,0.48689324,-0.40194589,0
1.2641442,4.3007154,-3.7227387,0.77548343,0.48689324,-0.40194589,0
-2.6701288,0.079727173,0.98820376,-0.14292727,0.75548065,0.63939118,0
3.6608171,2.5379446,-1.0089368,0.77548343,0.48689324,-0.40194589,0
-1.9168854,-2.3767505,0.91019773,0.14292727,-0.75548065,-0.63939118,0
-3.5103078,2.260076,-2.7214117,-0.61497754,0.43838823,-0.65545321,0
4.4719,1.1175638,-1.0413518,0.77548343,0.48689324,-0.40194589,0
1.5750978,-3.9069042,3.6766863,0.61497754,-0.43838823,0.65545321,0
4.1795082,-1.015274,0.6715641,0.14292727,-0.75548065,-0.63939118,0
4.9061966,-1.5496503,1.5021405,0.14292727,-0.75548065,-0.63939118,0
-0.17469192,-4.5658789,4.6807756,0.61497754,-0.43838823,0.65545321,0
3.8921444,2.1550574,-1.0109529,0.77548343,0.48689324,-0.40194589,0
-1.7981374,-3.8877749,2.7361598,0.14292727,-0.75548065,-0.63939118,0
-2.2665379,-0.2810325,1.300693,-0.14292727,0.75548065,0.63939118,0
-3.4991174,-2.3306649,1.844008,-0.77548343,-0.48689324,0.40194589,0
-2.1683197,0.13055003,1.0413965,-0.14292727,0.75548065,0.63939118,0
-5.3971043,0.090409517,-2.4443383,-0.61497754,0.43838823,-0.65545321,0
1.8252367,-1.3045845,0.37530899,0.14292727,-0.75548065,-0.63939118,0
-1.1077409,1.7589778,-0.8191669,-0.14292727,0.75548065,0.63939118,0
4.3439112,-0.56098676,3.1118922,0.61497754,-0.43838823,0.65545321,0
-6.0293155,-0.62003231,-2.2659342,-0.61497754,0.43838823,-0.65545321,0
2.4798272,-1.2065482,0.35635066,0.14292727,-0.75548065,-0.63939118,0
2.2998047,1.348972,0.63100803,-0.14292727,0.75548065,0.63939118,0
-2.5990825,-1.4185767,2.5995655,-0.14292727,0.75548065,0.63939118,0
1.420104,4.2990017,-3.2984338,0.77548343,0.48689324,-0.40194589,0
-2.9694202,-1.7508645,-0.026303247,0.14292727,-0.75548065,-0.63939118,0
1.9105146,-0.1435678,2.033164,-0.14292727,0.75548065,0.63939118,0
-2.6006587,2.2516179,-3.7397923,-0.61497754,0.43838823,-0.65545321,0
-0.051535845,3.6883979,-5.1040759,-0.61497754,0.43838823,-0.65545321,0
1.283326,-0.26193208,-0.88820219,0.14292727,-0.75548065,-0.63939118,0
3.4614432,-1.8925076,3.1126332,0.61497754,-0.43838823,0.65545321,0
0.70030463,-2.256362,4.2541709,-0.14292727,0.75548065,0.63939118,0
-0.80919778,-1.0921774,-0.36422259,0.14292727,-0.75548065,-0.63939118,0
-0.019463062,4.7730036,-3.9564109,-0.14292727,0.75548065,0.63939118,0
-4.6853299,-1.2724702,0.8148663,-0.77548343,-0.48689324,0.40194589,0
3.5861087,2.6546748,-1.2130458,0.77548343,0.48689324,-0.40194589,0
1.6011233,-3.2520201,3.9463353,0.61497754,-0.43838823,0.65545321,0
-3.422266,1.3023344,-3.4274392,-0.61497754,0.43838823,-0.65545321,0
6.3554406,0.24389863,1.151402,0.77548343,0.48689324,-0.40194589,0
-4.6623516,1.0684975,-2.3951445,-0.61497754,0.43838823,-0.65545321,0
-1.6347883,3.6515174,-3.6817489,-0.61497754,0.43838823,-0.65545321,0
0.30585933,2.5308595,-4.4022913,0.14292727,-0.75548065,-0.63939118,0
-4.7329421,-1.4535716,0.37557232,-0.77548343,-0.48689324,0.40194589,0
4.7506194,1.4066989,-0.33429551,0.77548343,0.48689324,-0.40194589,0
1.5525442,-2.6692145,4.3752279,0.61497754,-0.43838823,0.65545321,0
4.8496103,1.2690268,-0.26247644,0.77548343,0.48689324,-0.40194589,0
-4.3357873,-1.9525638,0.26476824,-0.77548343,-0.48689324,0.40194589,0
-5.069788,1.0377187,-2.3200455,-0.61497754,0.43838823,-0.65545321,0
-2.7128191,-1.6763682,2.9222534,-0.14292727,0.75548065,0.63939118,0
0.89288437,-2.7127585,4.8332977,0.61497754,-0.43838823,0.65545321,0
1.6128042,1.3507582,0.45217267,-0.14292727,0.75548065,0.63939118,0
2.0653841,3.7259007,-2.6105857,0.77548343,0.48689324,-0.40194589,0
-4.6377931,-0.89126909,1.0714166,-0.77548343,-0.48689324,0.40194589,0
4.7813697,0.80986416,-0.76987028,0.77548343,0.48689324,-0.40194589,0
-2.4303646,3.3123043,-3.1328607,-0.61497754,0.43838823,-0.65545321,0
-4.8940516,1.6127321,-1.8934765,-0.61497754,0.43838823,-0.65545321,0
2.4701829,1.7198852,0.20457858,-0.14292727,0.75548065,0.63939118,0
-1.8862398,-0.74953473,-0.9507218,0.14292727,-0.75548065,-0.63939118,0
1.3029389,1.4218421,0.099463135,-0.14292727,0.75548065,0.63939118,0
-1.6832051,2.3137977,-1.5167935,-0.14292727,0.75548065,0.63939118,0
-4.9921565,0.67399454,-2.5976081,-0.61497754,0.43838823,-0.65545321,0
-2.2060099,2.5646229,-3.9177804,-0.61497754,0.43838823,-0.65545321,0
4.9960475,-0.37574792,2.8129025,0.61497754,-0.43838823,0.65545321,0
-0.30439162,-4.7898951,4.7036052,0.61497754,-0.43838823,0.65545321,0
5.2815409,0.65134883,2.0265775,-0.14292727,0.75548065,0.63939118,0
2.1419876,3.4349861,-2.7965403,0.77548343,0.48689324,-0.40194589,0
1.7728093,3.0986552,-4.1503258,0.77548343,0.48689324,-0.40194589,0
-0.60075498,-4.7016096,4.3036242,-0.77548343,-0.48689324,0.40194589,0
-5.5330853,-0.52022266,-0.08518219,-0.77548343,-0.48689324,0.40194589,0
3.0051126,-0.8316493,-0.011513233,0.14292727,-0.75548065,-0.63939118,0
-3.2015598,1.8512175,-1.3955112,-0.14292727,0.75548065,0.63939118,0
5.0428944,-0.14298129,2.7679043,0.61497754,-0.43838823,0.65545321,0
-3.217829,-1.8367648,2.7478132,-0.77548343,-0.48689324,0.40194589,0
-1.5362675,-0.063900709,1.2122245,-0.14292727,0.75548065,0.63939118,0
-1.29225,2.9955235,-4.4069958,-0.61497754,0.43838823,-0.65545321,0
1.0908701,4.1085949,-4.0143085,0.77548343,0.48689324,-0.40194589,0
4.0764933,0.72851098,-1.4109888,0.14292727,-0.75548065,-0.63939118,0
4.0099649,-0.65133429,3.3274984,-0.14292727,0.75548065,0.63939118,0
3.3589501,-2.7982719,2.533319,0.61497754,-0.43838823,0.65545321,0
1.2732331,-3.2453814,4.3361287,0.61497754,-0.43838823,0.65545321,0
3.0891857,2.4269238,-2.1669879,0.77548343,0.48689324,-0.40194589,0
6.1723366,0.39626527,1.3610251,0.77548343,0.48689324,-0.40194589,0
-5.9861832,0.044886887,-0.099761963,-0.77548343,-0.48689324,0.40194589,0
-3.0945959,1.9255713,-3.3756585,-0.61497754,0.43838823,-0.65545321,0
-3.7541103,-1.3189831,2.1418123,-0.77548343,-0.48689324,0.40194589,0
6.2145934,0.6202414,1.4187064,0.77548343,0.48689324,-0.40194589,0
1.091965,-3.2597642,2.5451546,0.14292727,-0.75548065,-0.63939118,0
2.9312327,-2.3740492,1.8491049,0.14292727,-0.75548065,-0.63939118,0
-1.99085,-3.037169,3.5765536,-0.77548343,-0.48689324,0.40194589,0
3.3744018,-1.1686373,3.5466499,0.61497754,-0.43838823,0.65545321,0
5.3345256,0.568326,-0.041312933,0.77548343,0.48689324,-0.40194589,0
-6.6152973,0.25536418,-1.0584974,-0.77548343,-0.48689324,0.40194589,0
0.31797099,4.6082211,-4.8548636,0.77548343,0.48689324,-0.40194589,0
6.2489848,0.26103163,1.2998953,0.77548343,0.48689324,-0.40194589,0
0.80303884,-4.0900559,4.2215972,0.61497754,-0.43838823,0.65545321,0
-0.85521019,2.7831428,-4.9207997,-0.61497754,0.43838823,-0.65545321,0
-4.4367199,-2.0635271,0.30430984,-0.77548343,-0.48689324,0.40194589,0
5.1586299,1.5248457,0.55195212,0.77548343,0.48689324,-0.40194589,0
1.7425771,-3.5428629,2.9858565,0.14292727,-0.75548065,-0.63939118,0
3.263875,1.840737,0.20522982,-0.14292727,0.75548065,0.63939118,0
3.1814623,-2.7717032,2.6942558,0.61497754,-0.43838823,0.65545321,0
-3.9597919,0.29214802,0.38926268,-0.14292727,0.75548065,0.63939118,0
-5.6204138,-1.2514796,-1.1320729,-0.77548343,-0.48689324,0.40194589,0
1.8715732,0.67372006,-1.8136662,0.14292727,-0.75548065,-0.63939118,0
3.3934994,-1.2225266,3.6859555,-0.14292727,0.75548065,0.63939118,0
-3.7424908,0.43839175,0.19759417,-0.14292727,0.75548065,0.63939118,0
-5.91574,-0.2160762,-0.29160976,-0.77548343,-0.48689324,0.40194589,0
4.4044075,0.63686395,1.8707833,-0.14292727,0.75548065,0.63939118,0
3.6960733,2.3505473,-1.209229,0.77548343,0.48689324,-0.40194589,0
5.9305277,0.34536982,0.6106317,0.77548343,0.48689324,-0.40194589,0
6.048605,0.95899796,1.7588489,-0.14292727,0.75548065,0.63939118,0
1.5232296,2.9571712,-4.5074224,0.77548343,0.48689324,-0.40194589,0
6.1933861,0.14457774,1.9078846,0.61497754,-0.43838823,0.65545321,0
4.124651,-2.0317552,2.5086269,0.61497754,-0.43838823,0.65545321,0
-0.19751453,2.8423419,-1.7855303,-0.14292727,0.75548065,0.63939118,0
-0.74802685,-3.8026702,5.3052521,-0.77548343,-0.48689324,0.40194589,0
2.8454938,3.3489697,-1.7004131,0.77548343,0.48689324,-0.40194589,0
-0.66944009,1.5579469,-0.2827307,-0.14292727,0.75548065,0.63939118,0
-6.2638507,0.15718704,-0.75667477,-0.77548343,-0.48689324,0.40194589,0
6.5568428,-0.51061958,1.2516575,0.61497754,-0.43838823,0.65545321,0
-3.9512322,1.9220978,-2.4861965,-0.61497754,0.43838823,-0.65545321,0
1.9241427,-3.6767693,3.0769329,0.14292727,-0.75548065,-0.63939118,0
6.2790608,-0.50935638,1.3087173,0.61497754,-0.43838823,0.65545321,0
-6.6797471,0.57795841,-0.91712904,-0.77548343,-0.48689324,0.40194589,0
-2.2402632,1.6776505,-1.0670352,-0.14292727,0.75548065,0.63939118,0
3.2104526,-1.8118593,3.2634969,0.61497754,-0.43838823,0.65545321,0
0.19204378,-2.4763756,1.5349858,0.14292727,-0.75548065,-0.63939118,0
5.5155325,0.70705855,0.25988317,0.77548343,0.48689324,-0.40194589,0
-3.3432529,-2.8432572,1.0911751,0.14292727,-0.75548065,-0.63939118,0
-1.0228945,3.1489139,-4.6034803,-0.61497754,0.43838823,-0.65545321,0
-4.5543261,1.7261937,-2.1343369,-0.61497754,0.43838823,-0.65545321,0
-0.66181481,1.2903757,0.0024980307,-0.14292727,0.75548065,0.63939118,0
5.1867795,0.066073671,-0.50396776,0.14292727,-0.75548065,-0.63939118,0
1.6588755,3.048856,-4.5473452,0.77548343,0.48689324,-0.40194589,0
-3.1194282,1.4455144,-3.8735752,-0.61497754,0.43838823,-0.65545321,0
1.2836449,-2.1874032,1.2004657,0.14292727,-0.75548065,-0.63939118,0
-2.8881257,-1.3406086,-0.73947436,0.14292727,-0.75548065,-0.63939118,0
4.7708182,-1.685165,2.0685158,0.61497754,-0.43838823,0.65545321,0
-0.73964548,-1.2261263,2.9281693,-0.14292727,0.75548065,0.63939118,0
2.3262234,-2.8569961,2.3917198,0.14292727,-0.75548065,-0.63939118,0
-6.188199,-0.67030239,-1.540036,-0.77548343,-0.48689324,0.40194589,0
-6.650178,0.068169713,-1.4438148,-0.77548343,-0.48689324,0.40194589,0
0.88578844,-3.7622364,4.3227897,0.61497754,-0.43838823,0.65545321,0
1.873546,1.2318233,-2.7370677,0.14292727,-0.75548065,-0.63939118,0
1.0094919,-3.1254699,4.558557,0.61497754,-0.43838823,0.65545321,0
1.74207,1.3315556,0.48461741,-0.14292727,0.75548065,0.63939118,0
4.8342657,0.9042927,-0.74994278,0.77548343,0.48689324,-0.40194589,0
0.76760125,-3.5093126,4.7071257,0.61497754,-0.43838823,0.65545321,0
-3.7184515,-0.12459064,-2.3422813,0.14292727,-0.75548065,-0.63939118,0
5.7104216,0.59679818,2.2473338,-0.14292727,0.75548065,0.63939118,0
4.4184108,-0.52401859,0.03470397,0.14292727,-0.75548065,-0.63939118,0
6.315619,0.38692713,2.0447717,0.61497754,-0.43838823,0.65545321,0
4.3510647,1.3135426,-1.4095247,0.77548343,0.48689324,-0.40194589,0
-4.4622378,-2.040678,-0.031332314,-0.77548343,-0.48689324,0.40194589,0
3.9913907,1.7841306,-1.3969867,0.77548343,0.48689324,-0.40194589,0
-1.715945,-0.73153043,2.1160285,-0.14292727,0.75548065,0.63939118,0
-4.5043945,-0.12570786,-2.4012289,0.14292727,-0.75548065,-0.63939118,0
-0.3391223,4.5540562,-4.3474536,-0.61497754,0.43838823,-0.65545321,0
4.7895565,-1.4611499,2.1520653,0.61497754,-0.43838823,0.65545321,0
0.20319033,-4.309288,3.4931612,0.14292727,-0.75548065,-0.63939118,0
0.62918234,2.5957284,-4.4069386,0.14292727,-0.75548065,-0.63939118,0
-0.048062563,4.3428993,-4.7639179,-0.61497754,0.43838823,-0.65545321,0
1.919299,1.9566097,-3.4149804,0.14292727,-0.75548065,-0.63939118,0
-4.6017561,1.6514248,-2.2882285,-0.61497754,0.43838823,-0.65545321,0
0.31559825,3.6807208,-5.5092788,-0.61497754,0.43838823,-0.65545321,0
-2.9304786,2.334727,-3.4020348,-0.61497754,0.43838823,-0.65545321,0
2.1691923,3.2298324,-3.3085525,0.77548343,0.48689324,-0.40194589,0
0.83656073,-0.59664965,-0.64800596,0.14292727,-0.75548065,-0.63939118,0
-0.18028688,-3.7069592,5.458034,0.61497754,-0.43838823,0.65545321,0
-5.1178651,1.8030469,-1.6106305,-0.61497754,0.43838823,-0.65545321,0
-1.8519123,3.7440503,-3.1573081,-0.14292727,0.75548065,0.63939118,0
4.5140448,-1.2939068,2.5872483,0.61497754,-0.43838823,0.65545321,0
-3.6131902,1.6029797,-1.2076459,-0.14292727,0.75548065,0.63939118,0
1.9207568,-0.90728635,-0.14447236,0.14292727,-0.75548065,-0.63939118,0
-1.7026701,2.2356229,-4.4070339,-0.61497754,0.43838823,-0.65545321,0
-5.161304,-1.721378,-0.61036217,-0.77548343,-0.48689324,0.40194589,0
1.0322196,0.66959774,-2.0370326,0.14292727,-0.75548065,-0.63939118,0
-2.0763006,-0.042102396,1.0647345,-0.14292727,0.75548065,0.63939118,0
0.84224796,4.5060949,-4.0293021,0.77548343,0.48689324,-0.40194589,0
-2.6856182,-2.5142264,3.2161837,-0.77548343,-0.48689324,0.40194589,0
0.43407655,3.120276,-2.1248474,-0.14292727,0.75548065,0.63939118,0
5.4648714,-0.47454894,2.147541,0.61497754,-0.43838823,0.65545321,0
-4.5806894,-0.58180141,-2.0127683,0.14292727,-0.75548065,-0.63939118,0
0.75698507,2.0470982,-3.7130682,0.14292727,-0.75548065,-0.63939118,0
1.2514446,-3.5413265,4.1154766,0.61497754,-0.43838823,0.65545321,0
1.8401728,-2.4774785,4.3936644,0.61497754,-0.43838823,0.65545321,0
1.4755006,3.1918964,-4.7243843,0.77548343,0.48689324,-0.40194589,0
-2.7213182,-3.1833537,2.0944266,-0.77548343,-0.48689324,0.40194589,0
-0.93117428,-3.9326401,4.4195266,-0.77548343,-0.48689324,0.40194589,0
3.3796329,1.7785817,-2.274672,0.77548343,0.48689324,-0.40194589,0
-4.2705832,2.1661949,-2.0950713,-0.61497754,0.43838823,-0.65545321,0
4.4965429,-0.74749076,0.22303653,0.14292727,-0.75548065,-0.63939118,0
0.50567555,-1.8234581,0.57296324,0.14292727,-0.75548065,-0.63939118,0
-5.4542499,0.37980667,-0.25938034,-0.14292727,0.75548065,0.63939118,0
2.067595,-2.79142,3.7633009,0.61497754,-0.43838823,0.65545321,0
-1.3115778,4.0757198,-3.6044035,-0.61497754,0.43838823,-0.65545321,0
5.9319854,-0.19682598,0.014953136,0.77548343,0.48689324,-0.40194589,0
-1.3031522,-2.7414672,1.4535594,0.14292727,-0.75548065,-0.63939118,0
4.4689355,1.3915604,-0.92298424,0.77548343,0.48689324,-0.40194589,0
0.83171535,3.1143141,-1.792079,-0.14292727,0.75548065,0.63939118,0
-6.0441427,-0.25976944,-2.0519972,-0.61497754,0.43838823,-0.65545321,0
2.6333497,-2.0620089,3.7138009,0.61497754,-0.43838823,0.65545321,0
0.18363976,4.1746435,-3.235939,-0.14292727,0.75548065,0.63939118,0
6.0409899,-0.76812083,1.330215,0.61497754,-0.43838823,0.65545321,0
-1.3402739,2.9918406,-4.4476748,-0.61497754,0.43838823,-0.65545321,0
1.1283138,4.2111564,-3.1423535,-0.14292727,0.75548065,0.63939118,0
4.1293697,2.1248536,-0.55766207,0.77548343,0.48689324,-0.40194589,0
5.9710445,0.17631006,2.1707201,0.61497754,-0.43838823,0.65545321,0
1.5822256,0.45518827,1.4052268,-0.14292727,0.75548065,0.63939118,0
-3.6834831,-2.1838372,1.4680898,-0.77548343,-0.48689324,0.40194589,0
-0.52743816,-4.3070583,5.2002573,-0.77548343,-0.48689324,0.40194589,0
2.4080813,3.1107321,-2.7000444,0.77548343,0.48689324,-0.40194589,0
-1.8385346,2.7107289,-4.1767111,-0.61497754,0.43838823,-0.65545321,0
-2.6880937,-2.9416757,2.4011121,-0.77548343,-0.48689324,0.40194589,0
-4.6307645,1.4293709,-2.439518,-0.61497754,0.43838823,-0.65545321,0
4.094914,1.8395361,0.16427511,-0.14292727,0.75548065,0.63939118,0
-6.1480494,-0.88131571,-1.5343456,-0.77548343,-0.48689324,0.40194589,0
4.0856299,1.4052966,0.73924065,-0.14292727,0.75548065,0.63939118,0
-0.23192096,-4.3318696,5.1008072,0.61497754,-0.43838823,0.65545321,0
-1.8473001,-3.9857602,2.5941315,0.14292727,-0.75548065,-0.63939118,0
0.31875443,2.9845304,-5.1503887,0.14292727,-0.75548065,-0.63939118,0
2.2430997,-3.2936802,3.4584584,0.61497754,-0.43838823,0.65545321,0
-3.9185243,0.32421303,-2.9290535,0.14292727,-0.75548065,-0.63939118,0
0.75076532,-4.0855818,4.2495799,0.61497754,-0.43838823,0.65545321,0
4.5445228,1.632902,-0.20459354,0.77548343,0.48689324,-0.40194589,0
-0.27042699,4.3503542,-4.3433218,-0.61497754,0.43838823,-0.65545321,0
-2.5814686,2.6963162,-3.5306921,-0.61497754,0.43838823,-0.65545321,0
-4.3432035,1.7387766,-2.2592921,-0.61497754,0.43838823,-0.65545321,0
0.22537255,4.6284962,-4.6070738,-0.61497754,0.43838823,-0.65545321,0
0.63424242,-1.6085148,0.4941659,0.14292727,-0.75548065,-0.63939118,0
0.040246189,0.21154547,1.3483956,-0.14292727,0.75548065,0.63939118,0
-4.3798332,1.5789083,-1.4117823,-0.14292727,0.75548065,0.63939118,0
-2.1803076,2.8871243,-3.5439849,-0.61497754,0.43838823,-0.65545321,0
-2.5903006,3.1501787,-3.1966753,-0.61497754,0.43838823,-0.65545321,0
4.8344793,0.45810625,-1.0712425,0.14292727,-0.75548065,-0.63939118,0
5.3261476,0.77022862,0.037355661,0.77548343,0.48689324,-0.40194589,0
0.2234261,2.5421238,-4.5207629,0.14292727,-0.75548065,-0.63939118,0
-3.208847,-1.9512137,2.7627621,-0.77548343,-0.48689324,0.40194589,0
-1.289969,3.6772232,-4.0894499,-0.61497754,0.43838823,-0.65545321,0
-6.1808243,0.39552963,-0.33473253,-0.77548343,-0.48689324,0.40194589,0
5.7513738,0.60155272,0.57515693,0.77548343,0.48689324,-0.40194589,0
-0.85299754,3.2824879,-4.5254169,-0.61497754,0.43838823,-0.65545321,0
5.1272407,1.0854194,0.085419655,0.77548343,0.48689324,-0.40194589,0
-6.1032429,0.18487331,-0.27170014,-0.77548343,-0.48689324,0.40194589,0
1.8264587,2.519217,-4.1816039,0.14292727,-0.75548065,-0.63939118,0
-5.2803774,0.40448338,-0.14879465,-0.14292727,0.75548065,0.63939118,0
5.9261703,-0.63840604,1.7239165,0.61497754,-0.43838823,0.65545321,0
0.1174252,3.9608974,-5.0309286,-0.61497754,0.43838823,-0.65545321,0
-4.2632093,1.7017939,-2.6380672,-0.61497754,0.43838823,-0.65545321,0
-0.11662173,4.7540698,-3.9566469,-0.14292727,0.75548065,0.63939118,0
-0.54822469,3.3884146,-4.8077941,-0.61497754,0.43838823,-0.65545321,0
4.9463763,1.3547789,-0.20683467,0.77548343,0.48689324,-0.40194589,0
5.0391669,1.572544,0.30087686,0.77548343,0.48689324,-0.40194589,0
-2.0769901,2.2229812,-4.2056236,-0.61497754,0.43838823,-0.65545321,0
-3.2656012,-2.7073522,1.661751,-0.77548343,-0.48689324,0.40194589,0
-2.3969328,2.595516,-3.5399742,-0.61497754,0.43838823,-0.65545321,0
-5.1312356,0.84169364,-2.171308,-0.61497754,0.43838823,-0.65545321,0
-2.6980083,-2.3646979,2.9233804,-0.77548343,-0.48689324,0.40194589,0
0.051822186,-4.6998806,4.5389705,0.61497754,-0.43838823,0.65545321,0
0.13545275,3.3648677,-5.3565793,-0.61497754,0.43838823,-0.65545321,0
2.7908885,2.8617961,-2.2649896,0.77548343,0.48689324,-0.40194589,0
-5.0975924,0.50223804,-2.6230388,-0.61497754,0.43838823,-0.65545321,0
1.335223,-2.6046009,4.7647204,0.61497754,-0.43838823,0.65545321,0
-2.4172134,3.1938596,-3.2618608,-0.61497754,0.43838823,-0.65545321,0
1.4077343,2.3584158,-0.7843461,-0.14292727,0.75548065,0.63939118,0
-2.3106556,-2.3879871,3.8761985,-0.77548343,-0.48689324,0.40194589,0
-3.996491,-2.2864122,0.5735324,-0.77548343,-0.48689324,0.40194589,0
-3.304121,-1.9213884,2.3707263,-0.77548343,-0.48689324,0.40194589,0
3.1996045,0.59527612,1.6012752,-0.14292727,0.75548065,0.63939118,0
-4.0800118,0.11641169,-2.4873335,0.14292727,-0.75548065,-0.63939118,0
5.6501827,0.65195847,2.0974433,-0.14292727,0.75548065,0.63939118,0
0.54004008,-0.85471952,2.7996249,-0.14292727,0.75548065,0.63939118,0
4.594491,1.0763247,-1.2704501,0.77548343,0.48689324,-0.40194589,0
-3.3222952,0.72493696,-3.1075513,0.14292727,-0.75548065,-0.63939118,0
2.0091496,1.6557419,-2.9164119,0.14292727,-0.75548065,-0.63939118,0
-4.1685271,-2.1552126,0.10017395,0.14292727,-0.75548065,-0.63939118,0
-6.2168679,0.39933074,-1.551991,-0.61497754,0.43838823,-0.65545321,0
-0.39020109,4.0592313,-4.6896238,-0.61497754,0.43838823,-0.65545321,0
3.01334,-1.9242202,3.4613733,0.61497754,-0.43838823,0.65545321,0
3.058495,2.6917758,-1.9455229,0.77548343,0.48689324,-0.40194589,0
-2.620609,0.075149775,0.9726181,-0.14292727,0.75548065,0.63939118,0
4.1249561,-2.3413081,2.2344646,0.61497754,-0.43838823,0.65545321,0
-1.4709487,-2.0414093,3.7187257,-0.14292727,0.75548065,0.63939118,0
4.263979,-1.8777984,2.5212307,0.61497754,-0.43838823,0.65545321,0
2.2100182,-0.70156115,-0.39364994,0.14292727,-0.75548065,-0.63939118,0
-5.7126722,0.029534876,0.039293528,-0.77548343,-0.48689324,0.40194589,0
2.1931469,3.1284161,-3.305094,0.77548343,0.48689324,-0.40194589,0
5.7735343,0.6297251,0.76225519,0.77548343,0.48689324,-0.40194589,0
4.1838932,-0.75156856,3.3436713,0.61497754,-0.43838823,0.65545321,0
-4.6197319,0.8442657,-2.7851124,-0.61497754,0.43838823,-0.65545321,0
1.0366023,-3.7791796,4.1323924,0.61497754,-0.43838823,0.65545321,0
-0.59301162,2.9151263,-5.169487,0.14292727,-0.75548065,-0.63939118,0
-1.7968853,3.7594686,-3.480207,-0.61497754,0.43838823,-0.65545321,0
2.0930202,-0.84196246,-0.21006262,0.14292727,-0.75548065,-0.63939118,0
-4.5709386,-1.5881294,-0.74993527,0.14292727,-0.75548065,-0.63939118,0
-0.22413015,2.5422063,-4.7377868,0.14292727,-0.75548065,-0.63939118,0
-5.3483119,-0.05874699,0.31030989,-0.14292727,0.75548065,0.63939118,0
-0.96055937,4.0703583,-3.9180293,-0.61497754,0.43838823,-0.65545321,0
-3.8330159,-0.27717066,-2.1589673,0.14292727,-0.75548065,-0.63939118,0
1.702667,3.7847462,-3.1426032,0.77548343,0.48689324,-0.40194589,0
0.35156703,-3.0053535,1.9481835,0.14292727,-0.75548065,-0.63939118,0
5.3392687,1.2431853,1.4298992,-0.14292727,0.75548065,0.63939118,0
0.078823805,2.1165571,-4.1046886,0.14292727,-0.75548065,-0.63939118,0
-4.9571285,0.38497543,-2.7598195,-0.61497754,0.43838823,-0.65545321,0
1.4643331,3.6596248,-4.0012741,0.77548343,0.48689324,-0.40194589,0
-0.17976654,-0.83762771,-0.53384292,0.14292727,-0.75548065,-0.63939118,0
0.35133147,4.5718856,-4.8688211,-0.61497754,0.43838823,-0.65545321,0
1.6792238,-0.42914748,2.4185007,-0.14292727,0.75548065,0.63939118,0
5.0685749,-0.76073641,0.61498547,0.14292727,-0.75548065,-0.63939118,0
5.8701992,-0.84319723,1.6041503,0.61497754,-0.43838823,0.65545321,0
3.5011492,-2.5771637,2.7554331,0.61497754,-0.43838823,0.65545321,0
0.63054132,-4.1708698,3.4518523,0.14292727,-0.75548065,-0.63939118,0
5.7303648,0.9499135,0.97547674,0.77548343,0.48689324,-0.40194589,0
4.6505995,-1.3729405,2.3102894,0.61497754,-0.43838823,0.65545321,0
-0.74284458,-1.3813194,-0.20648462,0.14292727,-0.75548065,-0.63939118,0
-2.5695722,2.3192205,-3.6268005,-0.61497754,0.43838823,-0.65545321,0
-3.6533363,-1.8630902,1.7379521,-0.77548343,-0.48689324,0.40194589,0
4.0324903,1.5468928,-1.5580406,0.77548343,0.48689324,-0.40194589,0
-5.1291642,-1.2729821,-0.40772963,-0.77548343,-0.48689324,0.40194589,0
-4.5050006,-0.49312615,-2.0541892,0.14292727,-0.75548065,-0.63939118,0
4.8388677,1.1383616,-0.50895536,0.77548343,0.48689324,-0.40194589,0
3.4322748,2.7577996,-1.2141151,0.77548343,0.48689324,-0.40194589,0
2.9082868,2.7783039,-2.0190389,0.77548343,0.48689324,-0.40194589,0
-4.0158997,-0.65960771,1.3263029,-0.14292727,0.75548065,0.63939118,0
0.86714125,-1.5298982,3.6302812,-0.14292727,0.75548065,0.63939118,0
-3.2466459,-2.1439471,2.3960485,-0.77548343,-0.48689324,0.40194589,0
0.1748693,1.8012749,-3.566946,0.14292727,-0.75548065,-0.63939118,0
5.8938046,-1.1983414,1.2238612,0.61497754,-0.43838823,0.65545321,0
0.75121546,-4.0433903,4.1671877,0.61497754,-0.43838823,0.65545321,0
3.7614384,-2.6819065,2.3155775,0.14292727,-0.75548065,-0.63939118,0
3.1285779,1.7406982,-2.8823133,0.14292727,-0.75548065,-0.63939118,0
4.2674217,0.75238061,1.5431321,-0.14292727,0.75548065,0.63939118,0
-2.1456389,-3.3104897,3.1125987,-0.77548343,-0.48689324,0.40194589,0
-3.0894079,-1.9733953,2.648567,-0.77548343,-0.48689324,0.40194589,0
-0.85124707,-4.4451261,4.134974,-0.77548343,-0.48689324,0.40194589,0
2.8872786,-1.4350796,3.8327918,-0.14292727,0.75548065,0.63939118,0
-1.8401089,-3.7300997,3.3660085,-0.77548343,-0.48689324,0.40194589,0
5.9640489,-0.43608534,1.7503567,0.61497754,-0.43838823,0.65545321,0
2.8108978,2.8442385,-2.2816343,0.77548343,0.48689324,-0.40194589,0
-2.452472,-3.454988,2.5099826,-0.77548343,-0.48689324,0.40194589,0
3.0147562,2.7130907,-1.8726994,0.77548343,0.48689324,-0.40194589,0
-2.4862132,1.6599128,-4.104445,0.14292727,-0.75548065,-0.63939118,0
6.4024673,0.095252752,1.6386046,0.61497754,-0.43838823,0.65545321,0
3.9233184,-0.5246408,3.1920433,-0.14292727,0.75548065,0.63939118,0
-0.44547081,-3.7111683,5.5505042,0.61497754,-0.43838823,0.65545321,0
-4.5213385,-1.0406528,-1.2388952,0.14292727,-0.75548065,-0.63939118,0
3.1066446,-0.63862634,3.0858643,-0.14292727,0.75548065,0.63939118,0
2.0268888,3.3113556,-1.7809215,-0.14292727,0.75548065,0.63939118,0
5.1437249,-0.0043172836,2.8464451,-0.14292727,0.75548065,0.63939118,0
6.000741,0.31785035,2.3142147,0.61497754,-0.43838823,0.65545321,0
-2.0778778,-3.0191293,3.563983,-0.77548343,-0.48689324,0.40194589,0
-0.69701409,-4.0015454,5.2390504,-0.77548343,-0.48689324,0.40194589,0
6.2364244,0.17476487,1.9389501,0.61497754,-0.43838823,0.65545321,0
5.5948896,0.75574851,0.43658447,0.77548343,0.48689324,-0.40194589,0
-1.689348,-2.7975898,4.3743691,-0.77548343,-0.48689324,0.40194589,0
2.1592669,2.7881215,-3.5387659,0.77548343,0.48689324,-0.40194589,0
-1.764209,-2.8670311,4.2074203,-0.77548343,-0.48689324,0.40194589,0
5.4788432,-0.73941851,2.0004897,0.61497754,-0.43838823,0.65545321,0
-0.63644385,2.8426807,-5.0161872,-0.61497754,0.43838823,-0.65545321,0
-5.1845579,1.4223564,-1.7656231,-0.61497754,0.43838823,-0.65545321,0
-0.043466806,-3.495214,5.3915491,0.61497754,-0.43838823,0.65545321,0
-3.0612373,-1.534539,2.6104069,-0.14292727,0.75548065,0.63939118,0
-1.1359637,3.5674458,-4.2172976,-0.61497754,0.43838823,-0.65545321,0
0.95152473,1.1319548,0.48107398,-0.14292727,0.75548065,0.63939118,0
-4.0095854,2.149436,-2.3381805,-0.61497754,0.43838823,-0.65545321,0
-5.6887064,0.96995443,-1.6784377,-0.61497754,0.43838823,-0.65545321,0
-2.6734247,2.0932081,-3.6961803,-0.61497754,0.43838823,-0.65545321,0
4.3860321,1.1341522,1.2313187,-0.14292727,0.75548065,0.63939118,0
-3.4569256,1.3487839,-3.391901,-0.61497754,0.43838823,-0.65545321,0
3.4708936,-2.1965282,3.0028892,0.61497754,-0.43838823,0.65545321,0
4.6447539,1.2964365,-0.53590101,0.77548343,0.48689324,-0.40194589,0
2.3026767,-2.3580589,3.9976187,0.61497754,-0.43838823,0.65545321,0
6.2058864,0.72218657,1.8280981,0.77548343,0.48689324,-0.40194589,0
-5.6396813,-1.3004375,-1.1154132,-0.77548343,-0.48689324,0.40194589,0
-5.5187793,-0.26030642,-0.012145042,-0.77548343,-0.48689324,0.40194589,0
5.3292956,0.27010104,-0.56956601,0.77548343,0.48689324,-0.40194589,0
-6.2663269,0.28348643,-0.49572563,-0.77548343,-0.48689324,0.40194589,0
0.97749853,3.8985543,-4.6220284,0.77548343,0.48689324,-0.40194589,0
