-3.8474214,0.063012242,-1.5566652,0.14726466,0.13546371,-0.97977674,0
-5.1250238,-1.3582392,-0.55229664,-0.79413879,-0.57431269,-0.19876695,0
-1.4942579,-0.77355742,0.63173139,-0.14726466,-0.13546371,0.97977674,0
2.7118192,4.7686329,0.1800251,0.79413879,0.57431269,0.19876695,0
-3.2928786,-1.684418,0.30001736,-0.14726466,-0.13546371,0.97977674,0
-2.892777,-4.4712305,-0.98691249,-0.79413879,-0.57431269,-0.19876695,0
4.5640931,1.8961897,0.0056462288,0.14726466,0.13546371,-0.97977674,0
-0.32796872,-1.7802281,-1.3912404,0.14726466,0.13546371,-0.97977674,0
-3.3602304,-3.5172029,-1.1990626,-0.79413879,-0.57431269,-0.19876695,0
1.9296532,-2.9400568,-0.92197126,0.58962393,-0.80735016,-0.023001075,0
3.229301,4.1816902,0.42190719,0.79413879,0.57431269,0.19876695,0
-2.0987144,-5.0087218,-1.8300233,-0.79413879,-0.57431269,-0.19876695,0
-3.6609659,0.97982347,0.61158109,-0.14726466,-0.13546371,0.97977674,0
0.22840691,4.5644884,0.70467532,-0.58962393,0.80735016,0.023001075,0
-1.4379948,1.0821409,0.87154526,-0.14726466,-0.13546371,0.97977674,0
2.7651579,-2.3316588,-0.62335491,0.58962393,-0.80735016,-0.023001075,0
2.830585,1.5094969,1.5877233,-0.14726466,-0.13546371,0.97977674,0
-4.7215972,-1.6410847,-1.1133113,-0.79413879,-0.57431269,-0.19876695,0
1.575151,-2.9080465,-1.1130046,0.14726466,0.13546371,-0.97977674,0
4.2483463,-1.2626054,0.62319303,0.58962393,-0.80735016,-0.023001075,0
5.8829775,0.010066628,1.5630198,0.58962393,-0.80735016,-0.023001075,0
-2.0880294,-2.8923209,-1.7275388,0.14726466,0.13546371,-0.97977674,0
-4.4627905,-1.5460069,-1.9795923,0.14726466,0.13546371,-0.97977674,0
2.8663826,-2.2119482,1.1476758,0.58962393,-0.80735016,-0.023001075,0
3.6234555,3.7701368,0.036699295,0.79413879,0.57431269,0.19876695,0
1.5559553,0.15776241,-0.81310511,0.14726466,0.13546371,-0.97977674,0
-4.0394812,0.47011572,-1.588603,0.14726466,0.13546371,-0.97977674,0
-0.01204133,-1.3323672,-1.1625834,0.14726466,0.13546371,-0.97977674,0
-1.8466229,3.0748291,-0.77062005,-0.58962393,0.80735016,0.023001075,0
2.0665879,1.7514135,1.4861655,-0.14726466,-0.13546371,0.97977674,0
-4.0390806,1.4329133,-0.39196873,-0.58962393,0.80735016,0.023001075,0
-2.6356249,1.9742951,0.82966387,-0.14726466,-0.13546371,0.97977674,0
-3.8592243,-1.0579262,0.24140239,-0.14726466,-0.13546371,0.97977674,0
4.3342276,2.1962476,1.6379249,0.79413879,0.57431269,0.19876695,0
-0.4967165,-4.6100426,-0.87474656,0.58962393,-0.80735016,-0.023001075,0
0.70457816,2.5204716,1.4489709,-0.14726466,-0.13546371,0.97977674,0
-0.97960377,2.4409378,-0.82971644,0.14726466,0.13546371,-0.97977674,0
-2.0822477,1.6706333,-1.0798463,0.14726466,0.13546371,-0.97977674,0
-1.8217127,-5.6745811,-0.20083499,0.58962393,-0.80735016,-0.023001075,0
-4.7273521,-1.9636753,-0.82131147,-0.79413879,-0.57431269,-0.19876695,0
5.6736474,0.12329376,1.9768858,-0.14726466,-0.13546371,0.97977674,0
-1.5087546,-2.7485507,0.33633327,-0.14726466,-0.13546371,0.97977674,0
3.0137377,4.0275431,1.1727552,0.79413879,0.57431269,0.19876695,0
-1.2424278,-5.2317014,0.10062981,-0.14726466,-0.13546371,0.97977674,0
3.8291736,3.1942148,1.0401323,0.79413879,0.57431269,0.19876695,0
4.6320581,1.7776399,1.8984861,0.79413879,0.57431269,0.19876695,0
-4.5139771,1.1355144,-0.60802054,-0.58962393,0.80735016,0.023001075,0
-1.7249093,-5.678844,-0.22492862,0.58962393,-0.80735016,-0.023001075,0
-0.47285187,0.15409732,1.0208083,-0.14726466,-0.13546371,0.97977674,0
5.5384717,0.69951963,0.77984571,0.79413879,0.57431269,0.19876695,0
1.495074,-0.75702238,1.1434073,-0.14726466,-0.13546371,0.97977674,0
2.3002281,-1.6905177,1.2208427,-0.14726466,-0.13546371,0.97977674,0
-3.2766683,1.8305159,-0.25339293,-0.58962393,0.80735016,0.023001075,0
2.0477943,5.4924254,0.65661383,0.79413879,0.57431269,0.19876695,0
-0.64506006,-4.8198256,-0.56582832,0.58962393,-0.80735016,-0.023001075,0
-1.9436748,2.4387307,1.0742395,-0.14726466,-0.13546371,0.97977674,0
-0.67070842,-4.8855066,-1.7346519,0.58962393,-0.80735016,-0.023001075,0
-0.21573353,1.4039268,-0.82046437,0.14726466,0.13546371,-0.97977674,0
-2.5764704,-4.5015783,-1.855267,-0.79413879,-0.57431269,-0.19876695,0
-0.841362,-5.0007029,-1.7148745,0.58962393,-0.80735016,-0.023001075,0
-2.7247217,2.4558125,-0.91134691,-0.58962393,0.80735016,0.023001075,0
2.6409938,4.4072852,2.0031829,0.79413879,0.57431269,0.19876695,0
0.60569572,-3.8351493,-0.82777512,0.58962393,-0.80735016,-0.023001075,0
-0.69416237,-4.7280235,-0.28157985,0.58962393,-0.80735016,-0.023001075,0
-2.8724899,2.2483993,-0.036200047,-0.58962393,0.80735016,0.023001075,0
-5.9863157,-0.49442339,-0.0076189041,-0.79413879,-0.57431269,-0.19876695,0
3.5080705,3.913516,0.30638504,0.79413879,0.57431269,0.19876695,0
2.9908836,4.3362765,0.65142989,0.79413879,0.57431269,0.19876695,0
-4.2953825,1.1986071,-1.1582263,-0.58962393,0.80735016,0.023001075,0
-1.6441545,-0.79772413,0.58170152,-0.14726466,-0.13546371,0.97977674,0
4.7547789,-0.095620871,1.7147644,-0.14726466,-0.13546371,0.97977674,0
0.81503296,-3.7962742,0.08787223,0.58962393,-0.80735016,-0.023001075,0
0.20956993,4.136446,1.5566341,-0.14726466,-0.13546371,0.97977674,0
-0.42858112,-1.5506721,0.78994918,-0.14726466,-0.13546371,0.97977674,0
-3.6022351,-3.2021732,-1.8271153,-0.79413879,-0.57431269,-0.19876695,0
0.3191824,-4.1521811,-0.66297334,0.58962393,-0.80735016,-0.023001075,0
0.33901277,0.17238522,-0.88919652,0.14726466,0.13546371,-0.97977674,0
2.4503098,-2.3397465,-0.9549731,0.14726466,0.13546371,-0.97977674,0
-1.345916,-5.2585249,-0.54819441,0.58962393,-0.80735016,-0.023001075,0
-5.6087027,-0.35359383,-1.4600215,-0.79413879,-0.57431269,-0.19876695,0
-0.27588558,-4.4669213,-0.3454988,0.58962393,-0.80735016,-0.023001075,0
3.0537467,4.5777607,0.03721714,0.79413879,0.57431269,0.19876695,0
3.5598373,1.0964422,-0.34735942,0.14726466,0.13546371,-0.97977674,0
-1.2252934,-5.1213899,-0.46432257,0.58962393,-0.80735016,-0.023001075,0
1.0887184,5.2052097,1.1658176,-0.58962393,0.80735016,0.023001075,0
0.62222052,4.8806615,0.40038478,-0.58962393,0.80735016,0.023001075,0
-1.0083759,-0.10461211,0.86868131,-0.14726466,-0.13546371,0.97977674,0
0.42848396,4.5586061,-0.10121083,-0.58962393,0.80735016,0.023001075,0
1.6148567,5.548687,0.18334889,-0.58962393,0.80735016,0.023001075,0
1.5216057,5.4240308,1.2608635,-0.58962393,0.80735016,0.023001075,0
-1.6282616,-3.1852281,0.27048087,-0.14726466,-0.13546371,0.97977674,0
-4.6419148,-2.1976011,-0.31599474,-0.79413879,-0.57431269,-0.19876695,0
-3.5746815,-3.3628633,-0.83433127,-0.79413879,-0.57431269,-0.19876695,0
5.621263,0.44636524,1.7166691,0.79413879,0.57431269,0.19876695,0
4.34481,2.2062163,0.92614079,0.79413879,0.57431269,0.19876695,0
3.1422966,4.155087,0.55145144,0.79413879,0.57431269,0.19876695,0
3.6234989,3.537466,0.15214634,0.79413879,0.57431269,0.19876695,0
2.7342937,-2.2919197,0.04749608,0.58962393,-0.80735016,-0.023001075,0
-4.4658885,-1.8663598,-1.4529936,-0.79413879,-0.57431269,-0.19876695,0
-3.2769346,-3.8095195,-1.2529373,-0.79413879,-0.57431269,-0.19876695,0
5.7361436,0.7188971,-0.00063991547,0.79413879,0.57431269,0.19876695,0
1.4340267,5.3548598,0.61312318,-0.58962393,0.80735016,0.023001075,0
-0.17288256,4.149219,-0.076581419,-0.58962393,0.80735016,0.023001075,0
3.1428258,1.0897124,1.6944163,-0.14726466,-0.13546371,0.97977674,0
-5.9401383,-0.41726804,0.064640045,-0.79413879,-0.57431269,-0.19876695,0
5.0833998,1.1089907,1.5914745,0.79413879,0.57431269,0.19876695,0
0.58891726,4.7422647,0.83730161,-0.58962393,0.80735016,0.023001075,0
-1.6209571,-5.5040269,-0.69542599,0.58962393,-0.80735016,-0.023001075,0
-0.67413867,-2.7592289,-1.4394293,0.14726466,0.13546371,-0.97977674,0
1.5135734,5.3378882,0.62546611,-0.58962393,0.80735016,0.023001075,0
-0.25229836,4.2119198,0.50584793,-0.58962393,0.80735016,0.023001075,0
0.012017965,-2.2102726,-1.2723281,0.14726466,0.13546371,-0.97977674,0
-4.1480789,-2.8520186,-0.048336983,-0.79413879,-0.57431269,-0.19876695,0
3.5984278,3.8372297,0.031843662,0.79413879,0.57431269,0.19876695,0
-0.25095892,-4.5970869,-1.0365653,0.58962393,-0.80735016,-0.023001075,0
5.4464755,-0.4222827,0.53707409,0.58962393,-0.80735016,-0.023001075,0
-3.9700112,-3.0795941,-0.28392553,-0.79413879,-0.57431269,-0.19876695,0
-3.0672274,-1.9578121,-1.7499614,0.14726466,0.13546371,-0.97977674,0
4.4130192,2.2300353,1.4932435,0.79413879,0.57431269,0.19876695,0
-2.8153441,-0.83782053,0.52305698,-0.14726466,-0.13546371,0.97977674,0
-1.9229054,-3.1621242,-1.7308308,0.14726466,0.13546371,-0.97977674,0
0.52950525,4.6708426,1.1442909,-0.58962393,0.80735016,0.023001075,0
-2.231241,-5.5780821,-0.19547963,-0.79413879,-0.57431269,-0.19876695,0
4.6503229,-1.0681641,0.28705072,0.58962393,-0.80735016,-0.023001075,0
4.8189373,1.6085005,0.0044803619,0.14726466,0.13546371,-0.97977674,0
-5.8413467,-0.6319592,0.040477276,-0.79413879,-0.57431269,-0.19876695,0
-1.8805208,-1.7299675,0.57943273,-0.14726466,-0.13546371,0.97977674,0
2.161258,5.2912855,1.081327,0.79413879,0.57431269,0.19876695,0
2.2293077,0.34424269,-0.66782045,0.14726466,0.13546371,-0.97977674,0
3.7512088,0.63818741,1.6587942,-0.14726466,-0.13546371,0.97977674,0
-0.57922506,3.9581673,0.021099836,-0.58962393,0.80735016,0.023001075,0
-5.6345367,0.22677803,-0.38620329,-0.58962393,0.80735016,0.023001075,0
4.0532737,2.6261547,1.8363061,0.79413879,0.57431269,0.19876695,0
-5.6270819,-0.43037772,-1.2719393,-0.79413879,-0.57431269,-0.19876695,0
-5.1621151,-1.5987127,-0.048173428,-0.79413879,-0.57431269,-0.19876695,0
3.4715819,-1.8265808,0.34184361,0.58962393,-0.80735016,-0.023001075,0
1.2266599,0.47372428,1.3625089,-0.14726466,-0.13546371,0.97977674,0
2.2757411,5.5069489,0.076424837,0.14726466,0.13546371,-0.97977674,0
4.4938788,1.8868713,1.8098629,0.79413879,0.57431269,0.19876695,0
-3.393784,1.9485848,-1.2153516,-0.58962393,0.80735016,0.023001075,0
0.54917288,3.2640593,-0.53740716,0.14726466,0.13546371,-0.97977674,0
4.968802,1.5249236,0.77538252,0.79413879,0.57431269,0.19876695,0
0.6271801,-3.7529588,-0.83857679,0.58962393,-0.80735016,-0.023001075,0
5.8621678,0.40178967,0.12997627,0.79413879,0.57431269,0.19876695,0
-5.2542114,0.52433014,0.32241631,-0.58962393,0.80735016,0.023001075,0
2.7754307,4.7521491,0.10237527,0.79413879,0.57431269,0.19876695,0
-1.7594578,3.1521389,-0.15303606,-0.58962393,0.80735016,0.023001075,0
-2.948163,-0.9736973,-1.5916162,0.14726466,0.13546371,-0.97977674,0
0.027709961,-0.7664569,-1.1912382,0.14726466,0.13546371,-0.97977674,0
-1.2411993,3.4699013,0.17888746,-0.58962393,0.80735016,0.023001075,0
-5.0471334,0.74252605,0.18489599,-0.58962393,0.80735016,0.023001075,0
-5.4105668,-0.52373004,0.1930151,-0.14726466,-0.13546371,0.97977674,0
1.2764952,-3.3128932,-1.1409615,0.58962393,-0.80735016,-0.023001075,0
-1.8956451,-5.5973272,-1.4270644,-0.79413879,-0.57431269,-0.19876695,0
-2.4433124,-5.4294095,-0.11988616,-0.79413879,-0.57431269,-0.19876695,0
-1.8687997,-5.7405396,-0.78041625,0.58962393,-0.80735016,-0.023001075,0
-2.1059308,0.15412642,-1.3357532,0.14726466,0.13546371,-0.97977674,0
-4.7767763,0.74663997,0.35036325,-0.58962393,0.80735016,0.023001075,0
0.33632708,4.5121703,1.2675951,-0.58962393,0.80735016,0.023001075,0
3.8043523,3.0677834,0.74296188,0.79413879,0.57431269,0.19876695,0
-3.7699485,-3.4109278,-0.40612125,-0.79413879,-0.57431269,-0.19876695,0
-4.3768439,-2.0321167,-1.8571408,-0.79413879,-0.57431269,-0.19876695,0
-0.33849683,-1.1016721,-1.2193899,0.14726466,0.13546371,-0.97977674,0
0.91464496,4.9871435,1.0637325,-0.58962393,0.80735016,0.023001075,0
2.6459601,4.3560429,1.568408,0.79413879,0.57431269,0.19876695,0
3.9271946,2.8282251,0.93311453,0.79413879,0.57431269,0.19876695,0
-0.053277016,4.2884874,1.0958246,-0.58962393,0.80735016,0.023001075,0
5.1340842,1.0489995,1.4115815,0.79413879,0.57431269,0.19876695,0
1.3312225,4.1459856,1.7802007,-0.14726466,-0.13546371,0.97977674,0
4.6676035,1.7438984,1.1750808,0.79413879,0.57431269,0.19876695,0
3.4267185,-1.5536989,1.2694626,-0.14726466,-0.13546371,0.97977674,0
-5.4167585,-1.209646,-0.20702839,-0.79413879,-0.57431269,-0.19876695,0
0.24799562,-0.5287475,1.0589379,-0.14726466,-0.13546371,0.97977674,0
-1.8161869,2.9409666,-0.073307395,-0.58962393,0.80735016,0.023001075,0
0.229774,-4.114471,-0.67289054,0.58962393,-0.80735016,-0.023001075,0
5.0600319,-0.62969255,0.17650509,0.58962393,-0.80735016,-0.023001075,0
4.1617522,1.7514565,-0.2103591,0.14726466,0.13546371,-0.97977674,0
3.9922483,2.7041018,1.5205939,0.79413879,0.57431269,0.19876695,0
-1.96703,-5.7462854,-0.41398978,0.58962393,-0.80735016,-0.023001075,0
-2.2744575,-4.8305049,-1.6347065,-0.79413879,-0.57431269,-0.19876695,0
-2.5055742,-0.95135725,0.44387102,-0.14726466,-0.13546371,0.97977674,0
1.0721471,3.8326526,1.6989177,-0.14726466,-0.13546371,0.97977674,0
2.4185715,-2.5250256,-0.28242791,0.58962393,-0.80735016,-0.023001075,0
5.5108724,-0.40367079,1.2960219,0.58962393,-0.80735016,-0.023001075,0
2.8037829,4.8306947,0.41668677,0.79413879,0.57431269,0.19876695,0
-2.7544744,-4.5037045,-0.95055485,-0.79413879,-0.57431269,-0.19876695,0
4.7183318,1.9539692,1.139822,0.79413879,0.57431269,0.19876695,0
-2.4575202,0.40162623,-1.35569,0.14726466,0.13546371,-0.97977674,0
1.6089789,2.5708959,1.7080591,-0.14726466,-0.13546371,0.97977674,0
1.9475179,5.622622,-0.01420188,0.14726466,0.13546371,-0.97977674,0
2.9647217,0.92883384,-0.38452315,0.14726466,0.13546371,-0.97977674,0
0.38085604,4.5286446,1.175761,-0.58962393,0.80735016,0.023001075,0
0.19367123,-0.92877907,-1.0648943,0.14726466,0.13546371,-0.97977674,0
1.1816934,-1.3267795,-0.99147123,0.14726466,0.13546371,-0.97977674,0
-2.4451954,-4.8887153,-1.1501369,-0.79413879,-0.57431269,-0.19876695,0
4.6235585,1.7575647,1.8881886,0.79413879,0.57431269,0.19876695,0
-2.4705906,-5.0864439,-1.0475092,-0.79413879,-0.57431269,-0.19876695,0
3.180701,3.9214683,0.79791498,0.79413879,0.57431269,0.19876695,0
-5.6757078,-0.61122084,-1.1145868,-0.79413879,-0.57431269,-0.19876695,0
-0.072166443,-4.3903522,0.25377572,0.58962393,-0.80735016,-0.023001075,0
3.5917101,3.5781188,0.6493659,0.79413879,0.57431269,0.19876695,0
0.76122189,4.3463278,-0.37690008,0.14726466,0.13546371,-0.97977674,0
5.6471844,0.20010436,1.7065377,0.79413879,0.57431269,0.19876695,0
-3.1967437,-2.0442991,-1.8480577,0.14726466,0.13546371,-0.97977674,0
4.9175415,1.7648535,0.76376867,0.79413879,0.57431269,0.19876695,0
2.1806633,5.2081785,0.90551448,0.79413879,0.57431269,0.19876695,0
1.9102311,5.1241517,-0.058329105,0.14726466,0.13546371,-0.97977674,0
2.8438437,4.6484132,0.37670732,0.79413879,0.57431269,0.19876695,0
-4.6172271,-1.6843548,0.029907227,-0.14726466,-0.13546371,0.97977674,0
-1.2401845,1.4670395,1.0543253,-0.14726466,-0.13546371,0.97977674,0
-3.4867501,-3.4356997,-1.5180259,-0.79413879,-0.57431269,-0.19876695,0
-3.1586883,-3.8015084,-1.5064929,-0.79413879,-0.57431269,-0.19876695,0
-3.3721306,1.8350018,0.34838295,-0.58962393,0.80735016,0.023001075,0
1.4160786,1.1659887,1.4061404,-0.14726466,-0.13546371,0.97977674,0
3.1964486,-1.5932231,-0.68184042,0.14726466,0.13546371,-0.97977674,0
0.59022009,1.0576261,1.3085045,-0.14726466,-0.13546371,0.97977674,0
1.9050391,-2.907836,0.71705234,0.58962393,-0.80735016,-0.023001075,0
4.7533994,2.0580237,0.50694227,0.79413879,0.57431269,0.19876695,0
-1.9328125,-0.31229681,-1.3391483,0.14726466,0.13546371,-0.97977674,0
1.9348812,3.5987606,1.795285,-0.14726466,-0.13546371,0.97977674,0
-1.0613918,-1.3524414,0.7087152,-0.14726466,-0.13546371,0.97977674,0
-5.4571338,0.35866189,-1.3178396,-0.58962393,0.80735016,0.023001075,0
-2.6936598,-4.7299161,-1.0090938,-0.79413879,-0.57431269,-0.19876695,0
4.8753471,-0.87365162,0.44020033,0.58962393,-0.80735016,-0.023001075,0
-4.8330479,0.8964529,0.21873188,-0.58962393,0.80735016,0.023001075,0
-5.0039377,-1.1934879,0.10676527,-0.14726466,-0.13546371,0.97977674,0
3.741971,1.8070593,-0.15009499,0.14726466,0.13546371,-0.97977674,0
-4.6003203,-2.2559958,0.055033684,-0.14726466,-0.13546371,0.97977674,0
-2.741292,-1.5526903,0.43305302,-0.14726466,-0.13546371,0.97977674,0
0.010134697,4.3203206,1.0112162,-0.58962393,0.80735016,0.023001075,0
-0.43652618,-2.495039,-1.4757882,0.14726466,0.13546371,-0.97977674,0
-2.1635816,-2.1493273,0.4275012,-0.14726466,-0.13546371,0.97977674,0
-2.06007,-5.6545749,-0.79671407,-0.79413879,-0.57431269,-0.19876695,0
0.41579628,4.603025,1.7471262,-0.58962393,0.80735016,0.023001075,0
-2.8404467,-4.1472359,-1.5193098,-0.79413879,-0.57431269,-0.19876695,0
2.2978911,5.435617,0.10564256,0.79413879,0.57431269,0.19876695,0
-5.960187,-0.37049079,-0.3626976,-0.79413879,-0.57431269,-0.19876695,0
0.49022627,-1.6410586,-1.1068951,0.14726466,0.13546371,-0.97977674,0
-3.7658036,1.6639382,-0.91751075,-0.58962393,0.80735016,0.023001075,0
0.74298811,-2.1617162,0.81437957,-0.14726466,-0.13546371,0.97977674,0
-0.89924097,-4.0321951,-1.7948754,0.14726466,0.13546371,-0.97977674,0
2.4995508,5.1974115,0.54367161,0.79413879,0.57431269,0.19876695,0
-5.3072214,-0.64542067,-1.6019807,-0.79413879,-0.57431269,-0.19876695,0
-0.46099043,-4.5541253,-1.1005976,0.58962393,-0.80735016,-0.023001075,0
-5.1013942,0.63836741,-1.041101,-0.58962393,0.80735016,0.023001075,0
3.213171,-1.8636751,-0.81901693,0.58962393,-0.80735016,-0.023001075,0
2.0232391,5.4678173,1.2830627,0.79413879,0.57431269,0.19876695,0
0.19573307,-2.4072518,0.70984441,-0.14726466,-0.13546371,0.97977674,0
-4.3860559,1.1823349,-1.3824263,-0.58962393,0.80735016,0.023001075,0
2.3394856,-2.6318409,0.82182288,0.58962393,-0.80735016,-0.023001075,0
0.077152491,-2.81832,-1.4870642,0.14726466,0.13546371,-0.97977674,0
-2.7361903,-4.4728312,-0.81162977,-0.79413879,-0.57431269,-0.19876695,0
-5.1863585,-0.928931,-1.5889878,-0.79413879,-0.57431269,-0.19876695,0
1.4056445,1.5810505,-0.66828477,0.14726466,0.13546371,-0.97977674,0
1.9287384,-2.8472497,-0.0042682886,0.58962393,-0.80735016,-0.023001075,0
-1.4788442,-5.3911324,-1.3894005,0.58962393,-0.80735016,-0.023001075,0
4.4346313,2.4814925,0.6871376,0.79413879,0.57431269,0.19876695,0
-0.074888706,4.3787489,-0.41893709,-0.58962393,0.80735016,0.023001075,0
-5.2607985,-1.0899217,-0.85882235,-0.79413879,-0.57431269,-0.19876695,0
-4.2443848,1.2061219,-1.2123137,-0.58962393,0.80735016,0.023001075,0
5.8836465,0.20298457,1.1408157,0.79413879,0.57431269,0.19876695,0
3.5309587,2.9609635,1.9022727,-0.14726466,-0.13546371,0.97977674,0
2.117969,-2.8579895,0.71412706,0.58962393,-0.80735016,-0.023001075,0
-2.8601601,-4.3930783,-1.3520765,-0.79413879,-0.57431269,-0.19876695,0
5.301321,1.1018875,0.48390198,0.79413879,0.57431269,0.19876695,0
-0.0360322,-4.334394,-0.43060255,0.58962393,-0.80735016,-0.023001075,0
5.8828182,0.39206862,0.49091625,0.79413879,0.57431269,0.19876695,0
4.8581533,1.610568,0.64203119,0.79413879,0.57431269,0.19876695,0
0.16111374,-4.0986233,0.13100916,0.58962393,-0.80735016,-0.023001075,0
2.0520465,5.1777501,1.792192,0.79413879,0.57431269,0.19876695,0
4.9022813,-0.67136478,0.45448399,0.58962393,-0.80735016,-0.023001075,0
3.4662948,-1.7007935,-0.46477532,0.58962393,-0.80735016,-0.023001075,0
-5.6405778,-0.81445312,-0.4987936,-0.79413879,-0.57431269,-0.19876695,0
3.6498289,3.6295233,0.2424469,0.79413879,0.57431269,0.19876695,0
2.6390412,4.5184836,1.1501474,0.79413879,0.57431269,0.19876695,0
2.3344915,-2.5993967,0.89861202,0.58962393,-0.80735016,-0.023001075,0
4.2777166,2.1521399,1.346674,0.79413879,0.57431269,0.19876695,0
3.5503113,3.3279545,1.7205565,0.79413879,0.57431269,0.19876695,0
-2.0374331,2.8599443,-1.0287037,-0.58962393,0.80735016,0.023001075,0
-4.9915028,-1.8452971,-0.21139574,-0.79413879,-0.57431269,-0.19876695,0
-1.9037371,-4.5171909,0.18605661,-0.14726466,-0.13546371,0.97977674,0
-2.7059097,-4.4251647,-1.4941571,-0.79413879,-0.57431269,-0.19876695,0
-4.3465538,-2.1635761,-1.596226,-0.79413879,-0.57431269,-0.19876695,0
1.6131809,-2.8190231,-1.176452,0.14726466,0.13546371,-0.97977674,0
-0.77742004,-4.7892332,-0.73929071,0.58962393,-0.80735016,-0.023001075,0
-1.6018672,3.007139,1.1592469,-0.14726466,-0.13546371,0.97977674,0
-2.7700143,-4.5179133,-0.66346836,-0.79413879,-0.57431269,-0.19876695,0
-0.11883354,-0.65457356,1.0039277,-0.14726466,-0.13546371,0.97977674,0
-1.8556826,-2.8974247,0.2721827,-0.14726466,-0.13546371,0.97977674,0
-0.28628731,-4.4992962,-1.3293438,0.58962393,-0.80735016,-0.023001075,0
1.091229,-3.1709707,0.67979246,-0.14726466,-0.13546371,0.97977674,0
5.7614799,-0.10489154,0.22862434,0.58962393,-0.80735016,-0.023001075,0
-0.13169432,-4.2916741,-0.8571676,0.58962393,-0.80735016,-0.023001075,0
-1.9014583,2.1631424,1.1051457,-0.14726466,-0.13546371,0.97977674,0
3.270669,-0.10278121,1.5503001,-0.14726466,-0.13546371,0.97977674,0
4.5858722,-0.89157069,0.93882966,0.58962393,-0.80735016,-0.023001075,0
-4.4332981,1.1708314,-1.0567765,-0.58962393,0.80735016,0.023001075,0
-2.3284709,-3.3271019,-1.8783736,0.14726466,0.13546371,-0.97977674,0
-3.5425608,-3.5006919,-1.102253,-0.79413879,-0.57431269,-0.19876695,0
-0.85502583,0.95286864,1.0923933,-0.14726466,-0.13546371,0.97977674,0
4.282784,2.3370209,-0.07406044,0.14726466,0.13546371,-0.97977674,0
1.3887622,-3.2737195,-0.94807309,0.58962393,-0.80735016,-0.023001075,0
1.1070542,-1.3704759,1.088342,-0.14726466,-0.13546371,0.97977674,0
-3.5514922,0.1375224,-1.6013598,0.14726466,0.13546371,-0.97977674,0
2.0290294,-1.246454,-0.78813863,0.14726466,0.13546371,-0.97977674,0
2.4110119,2.2785656,-0.24977207,0.14726466,0.13546371,-0.97977674,0
0.78049183,-3.6269362,-0.60418963,0.58962393,-0.80735016,-0.023001075,0
5.1363573,1.2844756,0.77068996,0.79413879,0.57431269,0.19876695,0
4.1624551,2.7634292,0.38030624,0.79413879,0.57431269,0.19876695,0
2.4113464,-2.6448658,-0.21994579,0.58962393,-0.80735016,-0.023001075,0
-5.1500649,-0.29040432,0.1597743,-0.14726466,-0.13546371,0.97977674,0
2.4566712,4.9351168,0.90360332,0.79413879,0.57431269,0.19876695,0
2.4015608,-2.5451012,-0.84575474,0.58962393,-0.80735016,-0.023001075,0
2.7704535,-2.4094374,-0.38198042,0.58962393,-0.80735016,-0.023001075,0
-4.7508554,-2.0747414,-0.41306639,-0.79413879,-0.57431269,-0.19876695,0
-2.2326553,-2.123734,-1.5763835,0.14726466,0.13546371,-0.97977674,0
-4.0539122,-2.7403915,-1.4099216,-0.79413879,-0.57431269,-0.19876695,0
-3.2112424,-0.99696136,0.33796406,-0.14726466,-0.13546371,0.97977674,0
-3.6047745,1.7458266,-1.2006867,-0.58962393,0.80735016,0.023001075,0
3.7011509,3.2517362,-0.015386105,0.14726466,0.13546371,-0.97977674,0
-4.0665383,0.89273071,0.53439808,-0.14726466,-0.13546371,0.97977674,0
2.3156481,-1.720412,1.0465754,-0.14726466,-0.13546371,0.97977674,0
4.3033772,-1.2864894,0.20874715,0.58962393,-0.80735016,-0.023001075,0
-2.2356787,-4.1647706,-1.8833027,0.14726466,0.13546371,-0.97977674,0
1.6280022,2.4652324,-0.47746921,0.14726466,0.13546371,-0.97977674,0
-0.86540353,-3.0084147,-1.6066855,0.14726466,0.13546371,-0.97977674,0
1.146594,3.7074566,1.7388906,-0.14726466,-0.13546371,0.97977674,0
-1.8048661,-0.25475284,-1.2728291,0.14726466,0.13546371,-0.97977674,0
4.0695658,-1.4258302,1.1587005,0.58962393,-0.80735016,-0.023001075,0
-0.6212914,-4.7782755,-1.6486533,0.58962393,-0.80735016,-0.023001075,0
-0.75979853,3.8678741,-0.1330024,-0.58962393,0.80735016,0.023001075,0
0.72139692,4.1750569,-0.35261512,0.14726466,0.13546371,-0.97977674,0
-1.1964805,-4.9426832,-1.9061611,0.14726466,0.13546371,-0.97977674,0
0.93106604,2.7081165,-0.58814132,0.14726466,0.13546371,-0.97977674,0
3.3822892,4.1076937,0.086533546,0.79413879,0.57431269,0.19876695,0
-5.4796739,0.39379787,-0.45226812,-0.58962393,0.80735016,0.023001075,0
5.9131427,0.50463867,0.03883028,0.79413879,0.57431269,0.19876695,0
-2.2349813,2.8018818,0.59508705,-0.58962393,0.80735016,0.023001075,0
0.24791822,1.0031613,1.2074047,-0.14726466,-0.13546371,0.97977674,0
0.89746141,-3.5530794,0.68847156,-0.14726466,-0.13546371,0.97977674,0
-5.4508867,0.37278509,-0.4694643,-0.58962393,0.80735016,0.023001075,0
-0.9375515,3.7163846,-0.66060716,0.14726466,0.13546371,-0.97977674,0
3.4485443,1.0242565,1.6390271,-0.14726466,-0.13546371,0.97977674,0
5.5105267,0.47689295,1.6874371,0.79413879,0.57431269,0.19876695,0
0.83893085,-1.9703474,-1.0996097,0.14726466,0.13546371,-0.97977674,0
-3.1663079,-4.2823086,-0.56116819,-0.79413879,-0.57431269,-0.19876695,0
-1.3502445,-5.1853294,-1.1210943,0.58962393,-0.80735016,-0.023001075,0
4.6844902,-0.82769942,0.30736685,0.58962393,-0.80735016,-0.023001075,0
-1.8470551,-1.317539,-1.4502815,0.14726466,0.13546371,-0.97977674,0
-2.992383,-2.2143188,-1.7370105,0.14726466,0.13546371,-0.97977674,0
-4.4317656,1.1701713,-0.94453979,-0.58962393,0.80735016,0.023001075,0
-3.2644835,-3.7435575,-1.2434783,-0.79413879,-0.57431269,-0.19876695,0
4.9413843,1.4323337,1.6165967,0.79413879,0.57431269,0.19876695,0
4.7283988,1.7780488,0.62325525,0.79413879,0.57431269,0.19876695,0
-5.2767696,-1.1918564,-0.95752144,-0.79413879,-0.57431269,-0.19876695,0
2.0379508,-2.8195653,0.22314298,0.58962393,-0.80735016,-0.023001075,0
5.4979339,0.37340188,1.7346354,0.79413879,0.57431269,0.19876695,0
-2.8478761,2.2571807,-0.61818504,-0.58962393,0.80735016,0.023001075,0
0.54776239,4.73347,1.1864327,-0.58962393,0.80735016,0.023001075,0
3.198246,4.1824322,-0.012590408,0.14726466,0.13546371,-0.97977674,0
-3.2256792,2.0454206,0.17077255,-0.58962393,0.80735016,0.023001075,0
0.2937336,4.4308472,1.655284,-0.58962393,0.80735016,0.023001075,0
5.9089298,0.0068252087,1.0482564,0.58962393,-0.80735016,-0.023001075,0
5.1511941,1.4401145,0.3700223,0.79413879,0.57431269,0.19876695,0
-2.3896289,-1.721155,-1.5947257,0.14726466,0.13546371,-0.97977674,0
-0.97763872,-5.0878229,-0.0054764748,0.58962393,-0.80735016,-0.023001075,0
-2.7013869,2.4820447,-1.1079704,-0.58962393,0.80735016,0.023001075,0
5.2841611,-0.47960484,0.81491613,0.58962393,-0.80735016,-0.023001075,0
-3.980762,-2.4463775,-1.6920257,-0.79413879,-0.57431269,-0.19876695,0
-2.3670437,2.6573234,0.9114778,-0.58962393,0.80735016,0.023001075,0
5.2438488,1.509268,-0.0076127052,0.14726466,0.13546371,-0.97977674,0
3.4769633,3.5565019,1.4127257,0.79413879,0.57431269,0.19876695,0
-2.0099742,2.8926957,-0.74368507,-0.58962393,0.80735016,0.023001075,0
-1.9035938,0.0057371333,-1.2387915,0.14726466,0.13546371,-0.97977674,0
5.6969457,-0.076793671,0.71289635,0.58962393,-0.80735016,-0.023001075,0
-2.4432638,2.4447064,0.069128156,-0.58962393,0.80735016,0.023001075,0
-4.9932256,-1.7306042,-0.55661726,-0.79413879,-0.57431269,-0.19876695,0
-4.2577763,1.3268905,-0.3681078,-0.58962393,0.80735016,0.023001075,0
2.2299788,-2.5894206,0.048202753,0.58962393,-0.80735016,-0.023001075,0
0.36384058,4.6939111,0.63433647,-0.58962393,0.80735016,0.023001075,0
-4.1373863,-2.7230227,-0.7772541,-0.79413879,-0.57431269,-0.19876695,0
-3.3832638,-3.6064274,-1.5523343,-0.79413879,-0.57431269,-0.19876695,0
-2.7892141,-4.512784,-0.61897683,-0.79413879,-0.57431269,-0.19876695,0
-4.806447,-1.6896499,-1.2483525,-0.79413879,-0.57431269,-0.19876695,0
1.4380661,2.4801207,1.6051335,-0.14726466,-0.13546371,0.97977674,0
-0.079810143,4.3611064,1.1751918,-0.58962393,0.80735016,0.023001075,0
3.8214297,-0.76593328,-0.57016921,0.14726466,0.13546371,-0.97977674,0
0.80038691,4.0003018,-0.32825994,0.14726466,0.13546371,-0.97977674,0
1.7057068,-1.575438,1.0142918,-0.14726466,-0.13546371,0.97977674,0
1.3481343,5.3743935,1.3637968,-0.58962393,0.80735016,0.023001075,0
-3.5909748,-3.1967616,-1.2886348,-0.79413879,-0.57431269,-0.19876695,0
4.8765564,-0.93172169,1.3165963,0.58962393,-0.80735016,-0.023001075,0
-3.1113427,-3.7642303,-1.5863206,-0.79413879,-0.57431269,-0.19876695,0
1.3394222,5.3707576,0.49916077,-0.58962393,0.80735016,0.023001075,0
5.0537786,0.94758105,-0.2226615,0.14726466,0.13546371,-0.97977674,0
-2.5831256,2.5762444,-0.80623293,-0.58962393,0.80735016,0.023001075,0
4.6043425,1.7945824,1.2386055,0.79413879,0.57431269,0.19876695,0
-2.1949897,2.5868635,0.845034,-0.58962393,0.80735016,0.023001075,0
-4.0340638,-2.8168232,-0.59557295,-0.79413879,-0.57431269,-0.19876695,0
4.3805923,1.9997432,-0.11707401,0.14726466,0.13546371,-0.97977674,0
-5.5904732,-0.54902697,-1.4986887,-0.79413879,-0.57431269,-0.19876695,0
3.8552384,3.1482482,1.0502033,0.79413879,0.57431269,0.19876695,0
4.3547931,-1.213932,1.4892583,0.58962393,-0.80735016,-0.023001075,0
-4.8787704,-1.5621184,-0.74160767,-0.79413879,-0.57431269,-0.19876695,0
-1.0872513,-2.1797409,-1.54388,0.14726466,0.13546371,-0.97977674,0
2.246593,-2.6662645,-0.89352453,0.58962393,-0.80735016,-0.023001075,0
3.9877744,2.7692778,1.7012906,0.79413879,0.57431269,0.19876695,0
5.6208496,-0.35796833,0.22477627,0.58962393,-0.80735016,-0.023001075,0
4.001328,2.6367028,1.0818453,0.79413879,0.57431269,0.19876695,0
-0.55175304,-1.6379611,0.74436879,-0.14726466,-0.13546371,0.97977674,0
-0.89280725,3.6935725,1.3976597,-0.14726466,-0.13546371,0.97977674,0
-2.8697481,-4.3133922,-0.89994907,-0.79413879,-0.57431269,-0.19876695,0
-1.66836,-5.6366353,-0.46711278,0.58962393,-0.80735016,-0.023001075,0
-4.3589339,0.10611713,-1.6424191,0.14726466,0.13546371,-0.97977674,0
5.1554995,1.1676259,0.83319616,0.79413879,0.57431269,0.19876695,0
-0.74331141,-4.9170103,-0.60840368,0.58962393,-0.80735016,-0.023001075,0
1.5462551,4.8043718,-0.20089293,0.14726466,0.13546371,-0.97977674,0
-4.3511868,1.2439919,-0.88232684,-0.58962393,0.80735016,0.023001075,0
3.1245589,1.5517514,-0.43666124,0.14726466,0.13546371,-0.97977674,0
3.1978068,-2.092772,0.50713015,0.58962393,-0.80735016,-0.023001075,0
-3.3538301,1.9022564,-0.76676106,-0.58962393,0.80735016,0.023001075,0
2.557704,4.725678,1.7158918,0.79413879,0.57431269,0.19876695,0
-4.0782595,1.4145584,-0.56247926,-0.58962393,0.80735016,0.023001075,0
-4.4115224,-2.0990372,-1.8796852,-0.79413879,-0.57431269,-0.19876695,0
-5.5755224,-0.83942342,-0.58053875,-0.79413879,-0.57431269,-0.19876695,0
4.3209181,2.16642,1.2584414,0.79413879,0.57431269,0.19876695,0
1.6604822,5.4391766,1.9031285,-0.58962393,0.80735016,0.023001075,0
-0.49558783,-4.6846638,-0.83401024,0.58962393,-0.80735016,-0.023001075,0
-4.9067392,-1.2030149,-1.9786847,0.14726466,0.13546371,-0.97977674,0
-5.4863019,0.25209808,-1.5505939,-0.58962393,0.80735016,0.023001075,0
1.9619303,-3.0444069,0.66090333,0.58962393,-0.80735016,-0.023001075,0
-2.7875087,1.6939898,-1.2630967,0.14726466,0.13546371,-0.97977674,0
3.3032336,1.6786882,-0.21385002,0.14726466,0.13546371,-0.97977674,0
4.2991085,-1.2039368,-0.59569144,0.58962393,-0.80735016,-0.023001075,0
4.1588821,2.9544208,0.25555849,0.79413879,0.57431269,0.19876695,0
2.2821116,4.931529,1.391331,0.79413879,0.57431269,0.19876695,0
-1.8880155,-5.4053922,-0.085793495,-0.14726466,-0.13546371,0.97977674,0
-0.21055889,3.7569413,-0.43806422,0.14726466,0.13546371,-0.97977674,0
1.3338363,-0.16727901,-0.7921384,0.14726466,0.13546371,-0.97977674,0
4.8091521,1.9389455,0.60494518,0.79413879,0.57431269,0.19876695,0
3.0212002,4.0518394,1.4214377,0.79413879,0.57431269,0.19876695,0
-1.5397081,3.2243977,0.36432385,-0.58962393,0.80735016,0.023001075,0
-0.89943933,3.6612244,1.0009583,-0.58962393,0.80735016,0.023001075,0
5.1391096,1.0521866,1.808517,0.79413879,0.57431269,0.19876695,0
-5.5369639,0.39915025,-1.7515035,-0.58962393,0.80735016,0.023001075,0
-0.13850546,4.1079683,1.3923163,-0.58962393,0.80735016,0.023001075,0
-3.2824924,1.3097529,-1.3273664,0.14726466,0.13546371,-0.97977674,0
3.4443562,-1.7946311,0.12188768,0.58962393,-0.80735016,-0.023001075,0
5.6676459,0.10890055,1.6992817,0.79413879,0.57431269,0.19876695,0
-2.2253213,-3.9483991,-1.8100791,0.14726466,0.13546371,-0.97977674,0
-3.6605296,-3.0449784,-1.7453091,-0.79413879,-0.57431269,-0.19876695,0
1.502296,-3.1548381,-0.62775546,0.58962393,-0.80735016,-0.023001075,0
-1.5501699,-1.1179268,0.55671334,-0.14726466,-0.13546371,0.97977674,0
0.47119665,-3.8899379,-0.7346034,0.58962393,-0.80735016,-0.023001075,0
3.922111,3.0011892,0.51986456,0.79413879,0.57431269,0.19876695,0
1.2728144,1.0494003,-0.72704303,0.14726466,0.13546371,-0.97977674,0
-5.1228638,-1.458006,-0.88819551,-0.79413879,-0.57431269,-0.19876695,0
2.3031776,-1.7455117,1.0964026,-0.14726466,-0.13546371,0.97977674,0
-3.0291309,-3.8043022,-1.9004605,-0.79413879,-0.57431269,-0.19876695,0
-4.620893,0.46046305,0.46070004,-0.14726466,-0.13546371,0.97977674,0
-4.0784864,0.68874061,-1.6157179,0.14726466,0.13546371,-0.97977674,0
-0.052610874,-4.278615,0.095326185,0.58962393,-0.80735016,-0.023001075,0
2.0080147,5.2239141,1.7884581,0.79413879,0.57431269,0.19876695,0
-1.2236896,2.8604455,-0.73356736,0.14726466,0.13546371,-0.97977674,0
-0.61721396,2.5419793,1.1990936,-0.14726466,-0.13546371,0.97977674,0
-1.1794233,-0.42679667,0.82012975,-0.14726466,-0.13546371,0.97977674,0
-3.448669,1.9203221,-1.1204562,-0.58962393,0.80735016,0.023001075,0
-4.5948257,0.18247056,0.35396099,-0.14726466,-0.13546371,0.97977674,0
2.7503381,4.5563202,0.76258898,0.79413879,0.57431269,0.19876695,0
-5.0633731,0.6850363,-1.1690192,-0.58962393,0.80735016,0.023001075,0
0.29764509,4.5232501,0.37609768,-0.58962393,0.80735016,0.023001075,0
-2.2028391,2.6377325,1.0592525,-0.58962393,0.80735016,0.023001075,0
-0.45889157,-1.6712151,-1.2586552,0.14726466,0.13546371,-0.97977674,0
3.1572464,-2.0413733,0.29423785,0.58962393,-0.80735016,-0.023001075,0
3.1388113,4.3245993,0.18555403,0.79413879,0.57431269,0.19876695,0
4.2618523,1.5645537,-0.11576462,0.14726466,0.13546371,-0.97977674,0
3.1616271,3.9275401,0.77546453,0.79413879,0.57431269,0.19876695,0
4.2625065,2.4569159,0.76893091,0.79413879,0.57431269,0.19876695,0
0.20356083,4.3800111,-0.049520373,-0.58962393,0.80735016,0.023001075,0
4.4747448,2.3681378,0.49557066,0.79413879,0.57431269,0.19876695,0
-3.4127469,-3.8321042,-0.34122038,-0.79413879,-0.57431269,-0.19876695,0
-2.1974821,-0.98725188,0.54018068,-0.14726466,-0.13546371,0.97977674,0
3.2177851,-1.9449171,0.6070385,0.58962393,-0.80735016,-0.023001075,0
0.67624688,4.8496895,1.3831451,-0.58962393,0.80735016,0.023001075,0
1.7659664,3.4089622,1.8073343,-0.14726466,-0.13546371,0.97977674,0
2.0031197,-2.9822648,-0.44421089,0.58962393,-0.80735016,-0.023001075,0
3.3911798,3.8590558,0.67696881,0.79413879,0.57431269,0.19876695,0
1.1086047,-2.2918844,-1.0967774,0.14726466,0.13546371,-0.97977674,0
-1.1221762,2.1131709,-0.88036191,0.14726466,0.13546371,-0.97977674,0
-1.1427011,-5.1119986,-0.11706853,0.58962393,-0.80735016,-0.023001075,0
-4.7141495,0.86018789,-0.39666557,-0.58962393,0.80735016,0.023001075,0
5.1987882,1.1272969,1.0725837,0.79413879,0.57431269,0.19876695,0
1.8915539,-1.0320139,-0.77788591,0.14726466,0.13546371,-0.97977674,0
-3.7883592,1.6357505,-0.31763291,-0.58962393,0.80735016,0.023001075,0
3.2100782,3.6566,1.4535947,0.79413879,0.57431269,0.19876695,0
3.452898,0.1560936,-0.46811604,0.14726466,0.13546371,-0.97977674,0
-4.3714437,-2.3411705,-0.7600131,-0.79413879,-0.57431269,-0.19876695,0
2.0715585,5.3455086,1.8153915,0.79413879,0.57431269,0.19876695,0
0.86664534,-3.6943965,-0.15981668,0.58962393,-0.80735016,-0.023001075,0
3.1213992,1.7645143,-0.27686024,0.14726466,0.13546371,-0.97977674,0
-1.2740586,0.67717624,1.0062896,-0.14726466,-0.13546371,0.97977674,0
3.1418767,-2.1425331,-0.62322855,0.58962393,-0.80735016,-0.023001075,0
-2.2349455,2.7412426,-0.77687263,-0.58962393,0.80735016,0.023001075,0
1.7298875,-2.1830511,-1.0412993,0.14726466,0.13546371,-0.97977674,0
-3.8088231,1.6217229,0.54587603,-0.58962393,0.80735016,0.023001075,0
-0.88990164,3.6900682,0.16661218,-0.58962393,0.80735016,0.023001075,0
-1.1648049,3.3688293,1.2605634,-0.58962393,0.80735016,0.023001075,0
-0.074579477,0.99854696,-0.95635992,0.14726466,0.13546371,-0.97977674,0
1.8126888,-3.0150397,0.12658596,0.58962393,-0.80735016,-0.023001075,0
4.3152051,2.5954204,0.070482254,0.79413879,0.57431269,0.19876695,0
2.5065453,-2.5674446,-0.22353089,0.58962393,-0.80735016,-0.023001075,0
3.8725576,2.268996,1.9414868,-0.14726466,-0.13546371,0.97977674,0
0.99710584,-0.89765412,1.0406001,-0.14726466,-0.13546371,0.97977674,0
1.1411781,-3.5494051,-0.24713436,0.58962393,-0.80735016,-0.023001075,0
-1.1216522,-2.2898254,-1.4115175,0.14726466,0.13546371,-0.97977674,0
3.7759109,2.9568725,1.7705886,0.79413879,0.57431269,0.19876695,0
-0.34349346,-4.6578355,-0.54035461,0.58962393,-0.80735016,-0.023001075,0
-4.3325377,-0.50552368,0.24049616,-0.14726466,-0.13546371,0.97977674,0
-5.2785163,0.58466053,-1.7596483,-0.58962393,0.80735016,0.023001075,0
-2.9302449,2.2639971,0.097033978,-0.58962393,0.80735016,0.023001075,0
3.2218866,3.6584308,1.875572,0.79413879,0.57431269,0.19876695,0
-4.2882099,1.0474288,-1.5946546,0.14726466,0.13546371,-0.97977674,0
-2.8694439,-4.8102326,-0.15130258,-0.79413879,-0.57431269,-0.19876695,0
5.4685178,1.0104568,0.32541656,0.79413879,0.57431269,0.19876695,0
-2.7318559,-2.8118589,-1.881882,0.14726466,0.13546371,-0.97977674,0
-4.0799708,-2.9131272,-0.29094267,-0.79413879,-0.57431269,-0.19876695,0
-4.3580103,-2.3553045,-0.66698933,-0.79413879,-0.57431269,-0.19876695,0
5.8021235,-0.1555481,1.1285357,0.58962393,-0.80735016,-0.023001075,0
1.4067669,5.396081,0.48340726,-0.58962393,0.80735016,0.023001075,0
-3.6579089,0.4050099,-1.6024394,0.14726466,0.13546371,-0.97977674,0
2.8427484,3.2657485,-0.21889138,0.14726466,0.13546371,-0.97977674,0
-0.30223751,-4.5218062,-1.1332673,0.58962393,-0.80735016,-0.023001075,0
-1.8856838,2.9171402,-0.77866209,-0.58962393,0.80735016,0.023001075,0
-2.3635623,2.6888058,1.0758113,-0.58962393,0.80735016,0.023001075,0
-2.0695131,1.4125699,-1.2300928,0.14726466,0.13546371,-0.97977674,0
4.3467364,2.521136,0.23104143,0.79413879,0.57431269,0.19876695,0
-4.1086326,-2.7822309,-1.111598,-0.79413879,-0.57431269,-0.19876695,0
-4.7202196,0.89564729,-0.94178033,-0.58962393,0.80735016,0.023001075,0
3.6029909,3.2306416,1.2307117,0.79413879,0.57431269,0.19876695,0
5.0356312,1.5736997,0.15502024,0.79413879,0.57431269,0.19876695,0
0.64439374,1.024968,-0.71877122,0.14726466,0.13546371,-0.97977674,0
3.3400989,3.6359086,1.6460831,0.79413879,0.57431269,0.19876695,0
-2.8864808,-1.2820771,-1.7315452,0.14726466,0.13546371,-0.97977674,0
-4.3472543,-2.126864,-1.3002934,-0.79413879,-0.57431269,-0.19876695,0
-3.076231,-3.8798442,-1.8292849,-0.79413879,-0.57431269,-0.19876695,0
5.011281,-0.59159577,1.2656999,0.58962393,-0.80735016,-0.023001075,0
0.14847112,-2.6116138,-1.3599021,0.14726466,0.13546371,-0.97977674,0
-1.2583437,3.2721395,1.0516475,-0.58962393,0.80735016,0.023001075,0
-0.021671772,-4.4455142,-0.42030877,0.58962393,-0.80735016,-0.023001075,0
-4.1137781,1.2246778,-0.45572305,-0.58962393,0.80735016,0.023001075,0
1.1870997,-3.4990301,-1.2617314,0.58962393,-0.80735016,-0.023001075,0
1.5307727,5.3807197,0.5433929,-0.58962393,0.80735016,0.023001075,0
5.1478786,1.479661,0.58821297,0.79413879,0.57431269,0.19876695,0
-2.8351974,2.3563342,-1.1425289,-0.58962393,0.80735016,0.023001075,0
-3.8752301,1.6435816,-1.455137,-0.58962393,0.80735016,0.023001075,0
-3.4112706,-3.4597368,-1.9559813,-0.79413879,-0.57431269,-0.19876695,0
-4.0292554,-2.6555715,-1.1555877,-0.79413879,-0.57431269,-0.19876695,0
-2.4363053,-5.404088,-0.08669734,-0.79413879,-0.57431269,-0.19876695,0
0.081820011,-4.2733278,-0.64087689,0.58962393,-0.80735016,-0.023001075,0
-5.575098,-0.63669968,-1.154829,-0.79413879,-0.57431269,-0.19876695,0
2.9976597,-0.13989863,1.3608637,-0.14726466,-0.13546371,0.97977674,0
3.3667498,3.5230854,1.717108,0.79413879,0.57431269,0.19876695,0
0.32332993,4.5904922,-0.22464418,-0.58962393,0.80735016,0.023001075,0
-1.6120405,-2.164464,0.54772151,-0.14726466,-0.13546371,0.97977674,0
0.7672081,-3.3680787,0.66976619,-0.14726466,-0.13546371,0.97977674,0
-5.6152372,-0.5584321,-1.1415043,-0.79413879,-0.57431269,-0.19876695,0
-1.3408794,-5.3955603,-0.30742979,0.58962393,-0.80735016,-0.023001075,0
-2.9328308,-4.1220207,-1.4000528,-0.79413879,-0.57431269,-0.19876695,0
-3.9286103,-2.0120642,-1.8660889,0.14726466,0.13546371,-0.97977674,0
-6.1338844,-0.23078847,-0.07779026,-0.79413879,-0.57431269,-0.19876695,0
0.416008,-4.1385803,0.2442162,0.58962393,-0.80735016,-0.023001075,0
1.0747275,-3.5305085,0.55980772,0.58962393,-0.80735016,-0.023001075,0
-3.5312736,1.647186,0.60318041,-0.58962393,0.80735016,0.023001075,0
-0.35744715,4.1051779,1.3784552,-0.58962393,0.80735016,0.023001075,0
-1.8913975,0.16214532,-1.3472432,0.14726466,0.13546371,-0.97977674,0
1.9429142,4.5388322,-0.0067722797,0.14726466,0.13546371,-0.97977674,0
0.73328036,0.6418128,1.1516029,-0.14726466,-0.13546371,0.97977674,0
3.3743293,-1.6459682,-0.81293917,0.14726466,0.13546371,-0.97977674,0
2.4305065,5.2768536,0.37656808,0.79413879,0.57431269,0.19876695,0
