0.5090512,0.12651849,1.3441322,-0.43079033,-0.090858579,0.89786649,0
-1.3134654,1.7554245,0.68011343,-0.43079033,-0.090858579,0.89786649,0
2.444272,-3.6824021,1.7103436,0.89457858,-0.17412984,0.41159201,0
-2.1943517,3.8557732,-0.32408476,0.11894876,0.98052204,0.15629366,0
-0.66232955,-0.98170638,0.65356511,-0.43079033,-0.090858579,0.89786649,0
-1.0045426,-3.1259534,-1.9210967,-0.11894876,-0.98052204,-0.15629366,0
-0.37936878,-3.2880237,-1.5692369,-0.11894876,-0.98052204,-0.15629366,0
-1.8127387,3.9243155,-1.1751592,0.11894876,0.98052204,0.15629366,0
-3.5532355,-2.457098,-1.8921967,-0.89457858,0.17412984,-0.41159201,0
1.5480777,-1.1960385,-0.56204689,0.43079033,0.090858579,-0.89786649,0
-2.3031447,4.0316119,-1.4957149,0.11894876,0.98052204,0.15629366,0
0.084277391,3.3755977,1.0139183,0.11894876,0.98052204,0.15629366,0
3.5176034,0.19611859,0.81883311,0.89457858,-0.17412984,0.41159201,0
-0.48529816,2.1093078,-1.0770789,0.43079033,0.090858579,-0.89786649,0
-2.9065063,-0.043927312,-2.3164015,-0.89457858,0.17412984,-0.41159201,0
-1.2621338,-0.53210735,0.48866293,-0.43079033,-0.090858579,0.89786649,0
1.9139919,-3.8377726,0.84160995,-0.11894876,-0.98052204,-0.15629366,0
1.1668003,-3.645479,0.096475363,-0.11894876,-0.98052204,-0.15629366,0
-3.1612825,-0.23676908,-1.9310189,-0.89457858,0.17412984,-0.41159201,0
3.165844,0.51533741,1.6119291,0.89457858,-0.17412984,0.41159201,0
-0.58273113,1.7688777,1.0837547,-0.43079033,-0.090858579,0.89786649,0
1.6076267,-1.3002251,-0.5180254,0.43079033,0.090858579,-0.89786649,0
-3.2800436,-2.0358543,-0.77068633,-0.43079033,-0.090858579,0.89786649,0
-0.69115281,-3.2216494,-1.3506131,-0.11894876,-0.98052204,-0.15629366,0
-0.71437132,2.2283506,0.90720648,-0.43079033,-0.090858579,0.89786649,0
2.9669709,0.3647851,2.2994285,0.89457858,-0.17412984,0.41159201,0
3.6117425,0.25297117,0.66791975,0.89457858,-0.17412984,0.41159201,0
-0.70770347,0.65168703,0.81963414,-0.43079033,-0.090858579,0.89786649,0
0.21009398,-3.591892,0.43017673,-0.11894876,-0.98052204,-0.15629366,0
-2.8401563,-3.0208356,-1.8974588,-0.11894876,-0.98052204,-0.15629366,0
2.1067595,-3.8831601,-0.26845646,-0.11894876,-0.98052204,-0.15629366,0
-3.5283411,-2.8902192,-1.3231277,-0.11894876,-0.98052204,-0.15629366,0
-2.2118521,1.9717324,0.17541838,-0.43079033,-0.090858579,0.89786649,0
-0.085497856,0.92484891,-1.0715063,0.43079033,0.090858579,-0.89786649,0
-3.3790977,-2.3010707,-2.3667011,-0.89457858,0.17412984,-0.41159201,0
3.3442867,-2.6335981,0.34504533,0.89457858,-0.17412984,0.41159201,0
2.3701324,2.5606992,0.30567861,0.43079033,0.090858579,-0.89786649,0
3.0431666,2.8466265,1.8975428,0.11894876,0.98052204,0.15629366,0
1.1461101,2.9342456,1.9721576,-0.43079033,-0.090858579,0.89786649,0
-2.1969655,-3.0531392,-1.6032411,-0.11894876,-0.98052204,-0.15629366,0
-0.43648249,0.1912291,0.93718338,-0.43079033,-0.090858579,0.89786649,0
-3.6854806,-2.7620091,-1.8011312,-0.89457858,0.17412984,-0.41159201,0
1.5803285,-3.8739536,0.62937546,-0.11894876,-0.98052204,-0.15629366,0
-3.3633425,1.6277193,-0.54406738,-0.89457858,0.17412984,-0.41159201,0
2.4212806,-3.7340472,1.5118132,0.89457858,-0.17412984,0.41159201,0
0.5590477,-3.7431061,1.0221879,-0.43079033,-0.090858579,0.89786649,0
-0.3956337,3.7609062,-0.67265248,0.11894876,0.98052204,0.15629366,0
-0.7105279,2.9567688,1.0405157,-0.43079033,-0.090858579,0.89786649,0
2.6898413,2.8576274,2.3769574,0.11894876,0.98052204,0.15629366,0
2.8656499,-0.48565948,2.0036595,0.89457858,-0.17412984,0.41159201,0
-0.68534112,3.5067518,1.0870568,0.11894876,0.98052204,0.15629366,0
3.4559484,-1.1082332,0.5245955,0.89457858,-0.17412984,0.41159201,0
0.38080072,3.5326819,-0.5277319,0.43079033,0.090858579,-0.89786649,0
1.3983665,-1.4533346,-0.52915311,0.43079033,0.090858579,-0.89786649,0
-1.4000731,1.1667715,0.53115511,-0.43079033,-0.090858579,0.89786649,0
-0.62497902,-3.2310951,-1.0401223,-0.11894876,-0.98052204,-0.15629366,0
-2.5335548,-3.217855,-0.89575368,-0.11894876,-0.98052204,-0.15629366,0
-0.59140515,3.8475556,-0.72904277,0.11894876,0.98052204,0.15629366,0
-1.0523081,-1.2804307,-1.6665199,0.43079033,0.090858579,-0.89786649,0
2.6527131,-2.2910242,1.5807972,0.89457858,-0.17412984,0.41159201,0
0.057516336,3.6390307,-0.60915804,0.11894876,0.98052204,0.15629366,0
-1.5013993,3.9744251,-1.532933,0.11894876,0.98052204,0.15629366,0
-2.8766758,0.80643284,-1.7225802,-0.89457858,0.17412984,-0.41159201,0
-2.0796008,-1.545257,-2.2456236,0.43079033,0.090858579,-0.89786649,0
3.6277442,1.4307115,1.3568132,0.89457858,-0.17412984,0.41159201,0
2.7116504,-2.0549228,1.9504974,0.89457858,-0.17412984,0.41159201,0
-3.0974016,3.0536573,-0.25865078,-0.89457858,0.17412984,-0.41159201,0
0.84068966,3.3757172,-0.26131737,0.43079033,0.090858579,-0.89786649,0
3.8856425,2.8387916,1.3949068,0.89457858,-0.17412984,0.41159201,0
3.2928646,0.91944098,1.9355394,0.89457858,-0.17412984,0.41159201,0
-1.8642774,-3.0170913,-1.9772793,-0.11894876,-0.98052204,-0.15629366,0
-3.3052945,2.0154762,-0.67937803,-0.89457858,0.17412984,-0.41159201,0
3.0614357,-3.5504007,0.11656332,0.89457858,-0.17412984,0.41159201,0
3.1414084,-3.476285,0.12150264,0.89457858,-0.17412984,0.41159201,0
-2.4714785,-0.52307212,-2.4081147,0.43079033,0.090858579,-0.89786649,0
-2.8436089,3.9143596,0.009162426,0.11894876,0.98052204,0.15629366,0
0.031817198,3.136898,1.4245336,-0.43079033,-0.090858579,0.89786649,0
-0.72464299,3.5124028,0.65897512,0.11894876,0.98052204,0.15629366,0
-3.1908565,-2.9217112,-1.8347079,-0.11894876,-0.98052204,-0.15629366,0
-2.0924685,4.0175381,-0.94139433,0.11894876,0.98052204,0.15629366,0
-1.3581378,-2.9852853,-2.0641785,0.43079033,0.090858579,-0.89786649,0
1.4448805,2.6501966,1.9918251,-0.43079033,-0.090858579,0.89786649,0
2.6706328,-1.4405749,2.1251085,0.89457858,-0.17412984,0.41159201,0
-2.6809826,-2.7917223,-2.6679955,-0.11894876,-0.98052204,-0.15629366,0
2.389853,-3.8787851,1.7278743,0.89457858,-0.17412984,0.41159201,0
1.3080664,3.2309451,0.57560647,0.11894876,0.98052204,0.15629366,0
-2.8209279,0.63446563,-2.250679,-0.89457858,0.17412984,-0.41159201,0
-3.0347857,2.2279243,-1.073173,-0.89457858,0.17412984,-0.41159201,0
-2.5779262,3.5689211,-1.3119004,-0.89457858,0.17412984,-0.41159201,0
-2.9232798,3.7104409,-0.6034193,-0.89457858,0.17412984,-0.41159201,0
1.4588015,-2.5926676,1.5014155,-0.43079033,-0.090858579,0.89786649,0
-0.99342656,-3.2372372,-1.6322247,-0.11894876,-0.98052204,-0.15629366,0
0.84793115,3.3014102,0.45654178,0.11894876,0.98052204,0.15629366,0
2.5969632,3.1013067,1.1165416,0.11894876,0.98052204,0.15629366,0
3.3181927,-0.73188436,1.1036453,0.89457858,-0.17412984,0.41159201,0
2.2365754,-4.0627203,1.0896075,-0.11894876,-0.98052204,-0.15629366,0
-2.7144098,3.4398215,-1.375716,-0.89457858,0.17412984,-0.41159201,0
-0.85624027,-3.3323908,-0.42085099,-0.11894876,-0.98052204,-0.15629366,0
1.8873373,2.9743385,2.3471997,0.11894876,0.98052204,0.15629366,0
2.2006469,2.8826523,2.3364725,0.11894876,0.98052204,0.15629366,0
2.7419677,-1.7865202,1.7882164,0.89457858,-0.17412984,0.41159201,0
-0.80350721,1.4826152,0.80772585,-0.43079033,-0.090858579,0.89786649,0
-2.8291473,0.32856482,-2.0311275,-0.89457858,0.17412984,-0.41159201,0
2.3854423,-4.1003962,1.5846238,0.89457858,-0.17412984,0.41159201,0
-1.0361669,-3.2879672,-0.83602005,-0.11894876,-0.98052204,-0.15629366,0
1.302743,1.727784,-0.2616961,0.43079033,0.090858579,-0.89786649,0
2.5483832,2.8444395,2.5014267,0.11894876,0.98052204,0.15629366,0
-3.4406455,-2.3030641,-1.8282609,-0.89457858,0.17412984,-0.41159201,0
1.9931326,0.76596206,2.0436454,-0.43079033,-0.090858579,0.89786649,0
1.7305229,-3.8740432,1.0532994,-0.11894876,-0.98052204,-0.15629366,0
-0.1185503,3.7175119,-0.49273205,0.11894876,0.98052204,0.15629366,0
-3.0508657,1.5084348,-0.29597926,-0.43079033,-0.090858579,0.89786649,0
2.7038028,-3.7375638,1.1733062,0.89457858,-0.17412984,0.41159201,0
-0.6450007,-3.3626933,-1.1167889,-0.11894876,-0.98052204,-0.15629366,0
-1.7524524,1.7125512,0.46379423,-0.43079033,-0.090858579,0.89786649,0
2.3349309,1.3569183,0.1443184,0.43079033,0.090858579,-0.89786649,0
-2.8175428,0.57391405,-2.3279302,-0.89457858,0.17412984,-0.41159201,0
-1.6584792,3.9532077,-0.65402675,0.11894876,0.98052204,0.15629366,0
1.1426241,-3.7473838,-0.28801799,-0.11894876,-0.98052204,-0.15629366,0
0.99702048,-3.5516014,-0.47611022,-0.11894876,-0.98052204,-0.15629366,0
3.8904333,2.1644313,0.96714497,0.89457858,-0.17412984,0.41159201,0
3.0430355,-3.4583831,0.052704096,0.43079033,0.090858579,-0.89786649,0
1.1642802,3.1910634,2.0725586,0.11894876,0.98052204,0.15629366,0
1.8736324,-0.44634095,1.9917932,-0.43079033,-0.090858579,0.89786649,0
0.6069324,-3.4830291,-0.71090496,-0.11894876,-0.98052204,-0.15629366,0
-2.9800961,0.081132412,-1.8969941,-0.89457858,0.17412984,-0.41159201,0
1.9416331,-1.4770049,-0.4403919,0.43079033,0.090858579,-0.89786649,0
3.3427529,1.5499489,1.8398829,0.89457858,-0.17412984,0.41159201,0
2.5020461,-3.177474,1.73283,0.89457858,-0.17412984,0.41159201,0
0.47261858,-2.3589919,1.2014735,-0.43079033,-0.090858579,0.89786649,0
-2.5416672,3.8675103,0.27637553,0.11894876,0.98052204,0.15629366,0
-2.9106154,0.43305224,-2.1952176,-0.89457858,0.17412984,-0.41159201,0
3.0816767,1.3885536,2.4763412,0.89457858,-0.17412984,0.41159201,0
1.5519454,-3.8078289,0.24189377,-0.11894876,-0.98052204,-0.15629366,0
-1.8751521,3.779727,0.304142,0.11894876,0.98052204,0.15629366,0
-2.4487143,-1.1180538,-2.308562,0.43079033,0.090858579,-0.89786649,0
2.9287498,-2.1784978,1.2133062,0.89457858,-0.17412984,0.41159201,0
-3.3064799,-2.6322443,-2.3581569,-0.89457858,0.17412984,-0.41159201,0
-3.0316298,-2.9435134,-1.3882818,-0.11894876,-0.98052204,-0.15629366,0
-0.1214664,3.7340298,-0.48907614,0.11894876,0.98052204,0.15629366,0
-0.067733049,-2.9013526,-1.4469328,0.43079033,0.090858579,-0.89786649,0
0.49791932,-3.6331139,0.22313476,-0.11894876,-0.98052204,-0.15629366,0
3.1609008,-2.8174767,0.33428001,0.89457858,-0.17412984,0.41159201,0
2.6635604,-4.025321,0.46225643,-0.11894876,-0.98052204,-0.15629366,0
-2.1062696,-3.2165334,-1.0990591,-0.11894876,-0.98052204,-0.15629366,0
-3.1643646,0.19816804,-0.37503195,-0.43079033,-0.090858579,0.89786649,0
-1.938997,3.9155359,-0.17377567,0.11894876,0.98052204,0.15629366,0
3.3621421,-0.71473789,0.92393947,0.89457858,-0.17412984,0.41159201,0
-3.7208242,-2.5373733,-1.3509041,-0.89457858,0.17412984,-0.41159201,0
-3.3452771,-2.6686804,-2.1875069,-0.89457858,0.17412984,-0.41159201,0
-1.5195191,0.046561599,0.3469041,-0.43079033,-0.090858579,0.89786649,0
3.2022948,-0.3786,1.5640883,0.89457858,-0.17412984,0.41159201,0
-3.1021748,0.19240141,-1.7725697,-0.89457858,0.17412984,-0.41159201,0
3.613831,2.0619931,1.5848308,0.89457858,-0.17412984,0.41159201,0
0.71457458,1.2125622,1.563802,-0.43079033,-0.090858579,0.89786649,0
-1.6294382,-3.1002924,-1.8262711,-0.11894876,-0.98052204,-0.15629366,0
-2.6279936,-2.8449113,-2.1665766,-0.11894876,-0.98052204,-0.15629366,0
2.3837986,-3.244061,1.9528632,0.89457858,-0.17412984,0.41159201,0
2.8760521,-3.9132204,0.67246056,0.89457858,-0.17412984,0.41159201,0
3.6606967,2.1958973,1.6269405,0.89457858,-0.17412984,0.41159201,0
2.9995675,-2.5298223,0.095423937,0.43079033,0.090858579,-0.89786649,0
-2.9135125,3.0806251,0.066462517,-0.43079033,-0.090858579,0.89786649,0
1.7313046,-1.6670101,1.7473133,-0.43079033,-0.090858579,0.89786649,0
1.6871722,1.2578967,-0.19616739,0.43079033,0.090858579,-0.89786649,0
0.5228008,1.385637,1.5550735,-0.43079033,-0.090858579,0.89786649,0
2.4119813,-0.67943031,2.2022009,-0.43079033,-0.090858579,0.89786649,0
2.7469811,-3.3765876,0.92084765,0.89457858,-0.17412984,0.41159201,0
-3.420902,-2.7114425,-2.0516822,-0.89457858,0.17412984,-0.41159201,0
-2.6576183,3.8744223,-0.86378312,-0.89457858,0.17412984,-0.41159201,0
0.56790066,-3.8352461,0.66631174,-0.11894876,-0.98052204,-0.15629366,0
-3.9207234,-2.5645616,-1.1071281,-0.89457858,0.17412984,-0.41159201,0
-0.63141251,-3.4175303,-0.13353193,-0.11894876,-0.98052204,-0.15629366,0
2.9538002,-3.5503492,0.60193753,0.89457858,-0.17412984,0.41159201,0
0.54642129,3.4601884,0.57335222,0.11894876,0.98052204,0.15629366,0
-0.21084589,0.98699772,1.1612421,-0.43079033,-0.090858579,0.89786649,0
1.1983159,3.3349423,0.89269394,0.11894876,0.98052204,0.15629366,0
3.4418402,0.0081633329,1.196843,0.89457858,-0.17412984,0.41159201,0
1.9528639,-2.4774823,1.8190544,-0.43079033,-0.090858579,0.89786649,0
2.9466288,1.1792265,2.4124827,0.89457858,-0.17412984,0.41159201,0
1.9396241,-2.2528279,-0.38479257,0.43079033,0.090858579,-0.89786649,0
-3.4312162,-2.7918203,-2.0784991,-0.11894876,-0.98052204,-0.15629366,0
2.740061,3.0381613,1.3024206,0.11894876,0.98052204,0.15629366,0
-0.46871853,-3.29073,-1.6293607,-0.11894876,-0.98052204,-0.15629366,0
2.6131299,3.1656151,0.66294658,0.11894876,0.98052204,0.15629366,0
-0.24444962,-3.4249516,-0.73205209,-0.11894876,-0.98052204,-0.15629366,0
0.51564646,1.9227186,1.5500661,-0.43079033,-0.090858579,0.89786649,0
-2.3728707,-3.1855268,-1.0579375,-0.11894876,-0.98052204,-0.15629366,0
-2.8812909,1.6553254,-1.4747751,-0.89457858,0.17412984,-0.41159201,0
-3.2430978,1.6685433,-0.91889858,-0.89457858,0.17412984,-0.41159201,0
-2.7832537,3.7427332,-0.96846509,-0.89457858,0.17412984,-0.41159201,0
-1.9466937,0.069487616,-2.0526626,0.43079033,0.090858579,-0.89786649,0
-2.8006971,2.171073,-1.4711528,-0.89457858,0.17412984,-0.41159201,0
-2.5697308,-1.50441,-0.37897903,-0.43079033,-0.090858579,0.89786649,0
-3.2007368,2.8018701,-0.57790065,-0.89457858,0.17412984,-0.41159201,0
-3.3922515,-2.7424707,-2.1140149,-0.11894876,-0.98052204,-0.15629366,0
1.9541965,-1.2418619,1.9468305,-0.43079033,-0.090858579,0.89786649,0
-2.0841098,1.2330141,-1.9154414,0.43079033,0.090858579,-0.89786649,0
-2.5721414,-0.58404422,-0.24199808,-0.43079033,-0.090858579,0.89786649,0
-2.7472498,4.0416279,-0.3207593,0.11894876,0.98052204,0.15629366,0
2.568512,-1.3460214,-0.079008579,0.43079033,0.090858579,-0.89786649,0
3.4246578,-1.1989014,0.63881087,0.89457858,-0.17412984,0.41159201,0
-1.1712096,3.7393737,0.18255663,0.11894876,0.98052204,0.15629366,0
-2.9662142,1.507498,-1.3294692,-0.89457858,0.17412984,-0.41159201,0
-1.2531359,-3.419579,-0.44763696,-0.11894876,-0.98052204,-0.15629366,0
0.76565075,-3.7157512,0.29652977,-0.11894876,-0.98052204,-0.15629366,0
-1.0756879,-2.6402035,-1.9120686,0.43079033,0.090858579,-0.89786649,0
0.97024059,-3.6521864,-0.62768054,-0.11894876,-0.98052204,-0.15629366,0
3.6014194,0.49097705,0.99635732,0.89457858,-0.17412984,0.41159201,0
-1.0164855,-3.3156052,-0.38206792,-0.11894876,-0.98052204,-0.15629366,0
0.74906421,-0.77917892,1.4824278,-0.43079033,-0.090858579,0.89786649,0
-0.54008174,-3.3102872,-1.6724395,-0.11894876,-0.98052204,-0.15629366,0
3.7476993,2.9788399,1.3239292,0.11894876,0.98052204,0.15629366,0
0.41643143,3.3941863,0.82835782,0.11894876,0.98052204,0.15629366,0
2.2996204,2.1010795,0.24108852,0.43079033,0.090858579,-0.89786649,0
3.8350677,2.0382195,0.99199212,0.43079033,0.090858579,-0.89786649,0
2.9065819,2.8572464,1.9138734,0.11894876,0.98052204,0.15629366,0
-2.6592164,3.3764107,-1.1972873,-0.89457858,0.17412984,-0.41159201,0
-3.2425916,-1.6225791,-2.0285249,-0.89457858,0.17412984,-0.41159201,0
0.31879663,3.0608823,1.6177236,-0.43079033,-0.090858579,0.89786649,0
-2.7827766,0.56557661,-2.030714,-0.89457858,0.17412984,-0.41159201,0
-0.92509151,-3.3923173,-0.21735454,-0.11894876,-0.98052204,-0.15629366,0
3.2377286,-3.3178387,0.24843502,0.89457858,-0.17412984,0.41159201,0
-3.0653825,-2.3050766,-2.6877377,-0.89457858,0.17412984,-0.41159201,0
1.5789937,-3.1398416,-0.70360684,0.43079033,0.090858579,-0.89786649,0
2.8368816,-2.2217402,-0.073540449,0.43079033,0.090858579,-0.89786649,0
-3.0034645,2.5463836,-0.79389143,-0.89457858,0.17412984,-0.41159201,0
1.4744915,-2.0039427,1.6115085,-0.43079033,-0.090858579,0.89786649,0
-3.4315643,-0.50101447,-0.56291211,-0.43079033,-0.090858579,0.89786649,0
1.29713,0.43679762,-0.53826052,0.43079033,0.090858579,-0.89786649,0
-2.4966121,-3.2057261,-0.6501109,-0.11894876,-0.98052204,-0.15629366,0
-2.7656555,0.92482924,-2.0833993,-0.89457858,0.17412984,-0.41159201,0
2.0869844,-2.5219393,-0.32360148,0.43079033,0.090858579,-0.89786649,0
0.093380928,-3.0342813,0.86396015,-0.43079033,-0.090858579,0.89786649,0
3.1580381,1.2409656,2.3526735,0.89457858,-0.17412984,0.41159201,0
2.6192336,-3.1475549,1.4831171,0.89457858,-0.17412984,0.41159201,0
-2.3623953,1.1900227,-2.1410301,0.43079033,0.090858579,-0.89786649,0
3.8422098,2.9573972,1.0038211,0.11894876,0.98052204,0.15629366,0
-3.1660831,2.1822121,-0.7843914,-0.89457858,0.17412984,-0.41159201,0
-2.5019221,-2.8783531,-2.3896873,-0.11894876,-0.98052204,-0.15629366,0
2.7213888,-4.0140409,0.2987926,-0.11894876,-0.98052204,-0.15629366,0
3.1562896,-2.3665004,0.14655304,0.43079033,0.090858579,-0.89786649,0
2.9778836,-2.7634678,1.0049915,0.89457858,-0.17412984,0.41159201,0
0.57067633,3.4611673,0.78009129,0.11894876,0.98052204,0.15629366,0
1.5560427,3.0617688,1.8011516,0.11894876,0.98052204,0.15629366,0
-3.0329268,2.5465317,-0.70230222,-0.89457858,0.17412984,-0.41159201,0
3.356617,2.8132541,2.2067404,0.11894876,0.98052204,0.15629366,0
0.77707028,3.2013535,1.5039124,0.11894876,0.98052204,0.15629366,0
3.3534672,-0.40060019,0.4377532,0.43079033,0.090858579,-0.89786649,0
-3.3670874,1.5955751,-0.60217261,-0.89457858,0.17412984,-0.41159201,0
3.1416025,-2.694133,0.33275127,0.89457858,-0.17412984,0.41159201,0
1.5044553,3.1644723,1.8822536,0.11894876,0.98052204,0.15629366,0
3.2590065,-1.6256138,0.31999063,0.43079033,0.090858579,-0.89786649,0
2.7739158,1.5680878,0.36168712,0.43079033,0.090858579,-0.89786649,0
3.3971882,1.1663334,0.69679856,0.43079033,0.090858579,-0.89786649,0
-2.0538771,-1.3246849,-2.268738,0.43079033,0.090858579,-0.89786649,0
3.0988142,-2.4412534,0.86799312,0.89457858,-0.17412984,0.41159201,0
-2.7916608,0.11169326,-2.2669606,-0.89457858,0.17412984,-0.41159201,0
-0.073478997,0.69771296,1.2329048,-0.43079033,-0.090858579,0.89786649,0
1.1606512,-3.5447392,-0.42249131,-0.11894876,-0.98052204,-0.15629366,0
0.46304941,-3.2710919,1.0681851,-0.43079033,-0.090858579,0.89786649,0
3.3964374,-0.033503771,1.0567172,0.89457858,-0.17412984,0.41159201,0
1.315156,-3.7743165,0.65138054,-0.11894876,-0.98052204,-0.15629366,0
1.0242369,-2.2832522,1.2669672,-0.43079033,-0.090858579,0.89786649,0
-3.7794507,-2.3637249,-1.3598349,-0.89457858,0.17412984,-0.41159201,0
-0.40779305,3.3404491,1.1527437,-0.43079033,-0.090858579,0.89786649,0
1.5104318,0.075813666,1.8466964,-0.43079033,-0.090858579,0.89786649,0
1.1456165,3.381578,0.31858313,0.11894876,0.98052204,0.15629366,0
-2.956037,-2.9655838,-1.6548902,-0.11894876,-0.98052204,-0.15629366,0
-1.3952382,1.4355347,-1.6647128,0.43079033,0.090858579,-0.89786649,0
-2.1418557,1.1452197,0.22049999,-0.43079033,-0.090858579,0.89786649,0
-3.3968225,1.2701099,-0.6613996,-0.89457858,0.17412984,-0.41159201,0
0.5700798,3.3099923,0.74528158,0.11894876,0.98052204,0.15629366,0
-2.6774354,3.8801384,-0.38500524,0.11894876,0.98052204,0.15629366,0
-1.2940805,-1.5766819,-1.9800581,0.43079033,0.090858579,-0.89786649,0
-1.0938004,-0.43294609,-1.7794205,0.43079033,0.090858579,-0.89786649,0
0.3961792,3.3912897,-0.53757358,0.43079033,0.090858579,-0.89786649,0
-3.7664933,-0.94901955,-0.93685794,-0.89457858,0.17412984,-0.41159201,0
-3.370532,0.11341667,-0.89572811,-0.89457858,0.17412984,-0.41159201,0
-2.0801027,2.5036168,0.32034421,-0.43079033,-0.090858579,0.89786649,0
0.29999518,-3.8128664,0.9119556,-0.11894876,-0.98052204,-0.15629366,0
2.5929406,-3.6461012,1.2868207,0.89457858,-0.17412984,0.41159201,0
0.81494474,-3.5818355,-0.21018982,-0.11894876,-0.98052204,-0.15629366,0
3.2097521,0.70990306,1.6445131,0.89457858,-0.17412984,0.41159201,0
3.4853864,3.0103555,1.2404736,0.11894876,0.98052204,0.15629366,0
3.2402711,-1.0302495,0.83306241,0.89457858,-0.17412984,0.41159201,0
3.5268314,0.4975636,0.92032969,0.89457858,-0.17412984,0.41159201,0
1.02071,3.1238592,1.8605591,0.11894876,0.98052204,0.15629366,0
3.1028442,-0.5633738,1.6409363,0.89457858,-0.17412984,0.41159201,0
2.3614609,1.0517356,2.3648059,-0.43079033,-0.090858579,0.89786649,0
2.2620814,3.0287542,1.7464379,0.11894876,0.98052204,0.15629366,0
-2.566638,3.9161243,0.20281076,0.11894876,0.98052204,0.15629366,0
-2.399442,3.7072613,-1.5291858,-0.89457858,0.17412984,-0.41159201,0
-0.72584176,2.0388567,1.0484741,-0.43079033,-0.090858579,0.89786649,0
-1.8955386,-3.1536725,-0.19851726,-0.43079033,-0.090858579,0.89786649,0
0.74652743,3.3267841,0.52891886,0.11894876,0.98052204,0.15629366,0
2.663645,0.71623796,2.4700856,-0.43079033,-0.090858579,0.89786649,0
3.4988809,0.019519329,0.89843869,0.89457858,-0.17412984,0.41159201,0
3.6594362,2.6490459,1.4903425,0.89457858,-0.17412984,0.41159201,0
-2.8991444,-1.1100339,-0.44681537,-0.43079033,-0.090858579,0.89786649,0
1.8345985,3.1526327,1.4619956,0.11894876,0.98052204,0.15629366,0
-3.082201,-0.2973702,-1.6936508,-0.89457858,0.17412984,-0.41159201,0
-2.6987793,3.8615115,-0.81437063,-0.89457858,0.17412984,-0.41159201,0
-3.8381784,-2.1423628,-1.2541307,-0.89457858,0.17412984,-0.41159201,0
-0.15994465,0.069784641,-1.1193469,0.43079033,0.090858579,-0.89786649,0
-2.5239789,-3.2675507,-0.51414901,-0.11894876,-0.98052204,-0.15629366,0
-0.62297362,-1.0801995,-1.4189826,0.43079033,0.090858579,-0.89786649,0
3.4643433,1.8192749,1.7512484,0.89457858,-0.17412984,0.41159201,0
-3.3364196,0.078903437,-1.3994566,-0.89457858,0.17412984,-0.41159201,0
-3.5082109,-1.6867965,-1.6361867,-0.89457858,0.17412984,-0.41159201,0
-0.50437093,3.4767232,0.37697887,0.11894876,0.98052204,0.15629366,0
-1.6957705,0.28579772,0.40187424,-0.43079033,-0.090858579,0.89786649,0
-2.4611647,-2.0958071,-2.3975787,0.43079033,0.090858579,-0.89786649,0
-2.8167038,2.329102,-1.3211052,-0.89457858,0.17412984,-0.41159201,0
2.1278155,-3.025538,-0.45269799,0.43079033,0.090858579,-0.89786649,0
2.6164622,-3.6026435,1.2307327,0.89457858,-0.17412984,0.41159201,0
-3.7450147,-2.0199993,-1.1104755,-0.89457858,0.17412984,-0.41159201,0
1.651134,-1.3224378,1.8022487,-0.43079033,-0.090858579,0.89786649,0
0.22663093,-3.6340752,-0.40555263,-0.11894876,-0.98052204,-0.15629366,0
-3.3188443,-0.93267131,-0.58783114,-0.43079033,-0.090858579,0.89786649,0
0.060862541,3.4490926,-0.65177751,0.43079033,0.090858579,-0.89786649,0
0.4262436,1.6323141,1.5883223,-0.43079033,-0.090858579,0.89786649,0
-3.2431228,0.13353121,-1.5549493,-0.89457858,0.17412984,-0.41159201,0
1.0030124,0.6921221,-0.53955364,0.43079033,0.090858579,-0.89786649,0
-3.5708256,-1.0593044,-1.3824766,-0.89457858,0.17412984,-0.41159201,0
3.4146328,-1.7906482,0.5466783,0.89457858,-0.17412984,0.41159201,0
2.7290814,-2.4508698,1.6315513,0.89457858,-0.17412984,0.41159201,0
-2.2509069,-2.6477094,-2.5396028,0.43079033,0.090858579,-0.89786649,0
1.6902921,-3.0206761,-0.58629417,0.43079033,0.090858579,-0.89786649,0
0.8159517,-2.923177,-0.99268842,0.43079033,0.090858579,-0.89786649,0
2.8810596,-0.8391149,1.7869231,0.89457858,-0.17412984,0.41159201,0
0.59478867,-0.094437838,-0.76566297,0.43079033,0.090858579,-0.89786649,0
-1.0794225,-3.2285035,-1.2309508,-0.11894876,-0.98052204,-0.15629366,0
3.0982025,0.24117804,1.7271606,0.89457858,-0.17412984,0.41159201,0
-0.80539,1.2294856,-1.3784554,0.43079033,0.090858579,-0.89786649,0
-1.3367045,-0.24021959,0.44778153,-0.43079033,-0.090858579,0.89786649,0
0.10444158,-0.19761181,1.0843719,-0.43079033,-0.090858579,0.89786649,0
1.767509,3.0339952,1.4564424,0.11894876,0.98052204,0.15629366,0
3.2286923,2.4311578,2.371474,0.89457858,-0.17412984,0.41159201,0
2.3001626,-1.6822571,-0.12033319,0.43079033,0.090858579,-0.89786649,0
2.9879236,0.21042424,1.9880545,0.89457858,-0.17412984,0.41159201,0
3.2250991,2.7115808,2.4018891,0.89457858,-0.17412984,0.41159201,0
1.9786029,3.3532987,0.20312434,0.11894876,0.98052204,0.15629366,0
1.9089932,0.87001401,2.2034149,-0.43079033,-0.090858579,0.89786649,0
-3.4606152,-0.92403352,-1.4370425,-0.89457858,0.17412984,-0.41159201,0
2.655988,-0.70418119,2.2541718,0.89457858,-0.17412984,0.41159201,0
3.4582899,-0.82287884,0.6261487,0.89457858,-0.17412984,0.41159201,0
0.080515862,-3.392637,-1.1213696,-0.11894876,-0.98052204,-0.15629366,0
-1.2572962,2.0392666,0.70895982,-0.43079033,-0.090858579,0.89786649,0
0.30012748,-0.99467558,-1.1670721,0.43079033,0.090858579,-0.89786649,0
-3.8870473,-2.1679103,-1.0537502,-0.89457858,0.17412984,-0.41159201,0
2.6316059,3.2199161,0.56848824,0.11894876,0.98052204,0.15629366,0
2.2381618,-3.9639435,1.1468947,-0.11894876,-0.98052204,-0.15629366,0
0.34775901,1.3274231,1.3057295,-0.43079033,-0.090858579,0.89786649,0
-0.91239607,0.7545886,0.82059467,-0.43079033,-0.090858579,0.89786649,0
-0.032589316,-1.0120223,1.0889535,-0.43079033,-0.090858579,0.89786649,0
-0.44320226,-3.365042,-0.36073256,-0.11894876,-0.98052204,-0.15629366,0
3.5895381,0.62278748,0.90978301,0.89457858,-0.17412984,0.41159201,0
3.7083869,2.0760381,1.1316887,0.89457858,-0.17412984,0.41159201,0
1.9597676,0.92355478,-0.15883178,0.43079033,0.090858579,-0.89786649,0
-3.8047252,-2.3914795,-1.0930243,-0.89457858,0.17412984,-0.41159201,0
-0.36298251,-2.5607696,-1.647476,0.43079033,0.090858579,-0.89786649,0
-0.87518191,-3.5283499,0.031664133,-0.11894876,-0.98052204,-0.15629366,0
2.5968435,-2.9462879,1.5984578,0.89457858,-0.17412984,0.41159201,0
-2.8212833,-2.9675107,-1.6080526,-0.11894876,-0.98052204,-0.15629366,0
-1.2392054,-3.10167,-1.4332258,-0.11894876,-0.98052204,-0.15629366,0
-3.2923405,-1.3062289,-1.9502164,-0.89457858,0.17412984,-0.41159201,0
3.0463095,-3.7387741,0.4711194,0.89457858,-0.17412984,0.41159201,0
-2.9697309,3.9041648,-0.26951218,0.11894876,0.98052204,0.15629366,0
2.5555878,-1.7975913,1.9844046,0.89457858,-0.17412984,0.41159201,0
-0.63717127,3.4650071,0.97687542,0.11894876,0.98052204,0.15629366,0
1.3590567,0.51813722,-0.35642865,0.43079033,0.090858579,-0.89786649,0
3.2950914,0.78957433,1.8558296,0.89457858,-0.17412984,0.41159201,0
1.6703081,3.1827335,1.1393522,0.11894876,0.98052204,0.15629366,0
-3.3355739,-0.7964173,-1.6336138,-0.89457858,0.17412984,-0.41159201,0
-1.2563541,-2.6007793,-1.9906452,0.43079033,0.090858579,-0.89786649,0
2.6325591,-3.5747652,1.2363858,0.89457858,-0.17412984,0.41159201,0
-2.6365361,-2.9721563,-1.8202953,-0.11894876,-0.98052204,-0.15629366,0
2.1348257,-0.10821164,-0.20784819,0.43079033,0.090858579,-0.89786649,0
1.2188516,2.0491877,1.9176164,-0.43079033,-0.090858579,0.89786649,0
1.5129993,-1.5636328,1.6874115,-0.43079033,-0.090858579,0.89786649,0
2.9243684,-3.215771,0.75005484,0.89457858,-0.17412984,0.41159201,0
-3.6402326,-1.6837077,-1.1052443,-0.89457858,0.17412984,-0.41159201,0
0.35994649,3.0779583,-0.5338881,0.43079033,0.090858579,-0.89786649,0
3.1376934,-2.8211479,0.66091514,0.89457858,-0.17412984,0.41159201,0
-3.0639229,-1.0986612,-2.2015867,-0.89457858,0.17412984,-0.41159201,0
1.5618314,-1.0613694,1.8158201,-0.43079033,-0.090858579,0.89786649,0
-2.8801293,0.97657317,-1.6057899,-0.89457858,0.17412984,-0.41159201,0
-3.2703476,1.6705805,-0.54085875,-0.89457858,0.17412984,-0.41159201,0
3.1665792,2.6648307,2.8067758,-0.43079033,-0.090858579,0.89786649,0
-2.6487765,3.5640681,-1.478646,-0.89457858,0.17412984,-0.41159201,0
3.1540694,-0.17506266,1.4280865,0.89457858,-0.17412984,0.41159201,0
0.96908069,-3.6757145,0.41406894,-0.11894876,-0.98052204,-0.15629366,0
-3.2129936,2.6875997,-0.39649105,-0.89457858,0.17412984,-0.41159201,0
-0.13054013,-1.9743617,-1.2844357,0.43079033,0.090858579,-0.89786649,0
-3.1489558,0.56790531,-1.6453152,-0.89457858,0.17412984,-0.41159201,0
0.87544584,3.2113788,1.1673131,0.11894876,0.98052204,0.15629366,0
-2.7931552,1.1591358,-1.9655149,-0.89457858,0.17412984,-0.41159201,0
-1.8044274,-3.1361051,-1.7288253,-0.11894876,-0.98052204,-0.15629366,0
3.3688798,-0.32759428,0.86514902,0.89457858,-0.17412984,0.41159201,0
0.42117035,0.077193141,1.2789968,-0.43079033,-0.090858579,0.89786649,0
1.4746931,3.4396441,-0.014123201,0.11894876,0.98052204,0.15629366,0
-1.2813365,3.7000775,0.033648968,0.11894876,0.98052204,0.15629366,0
-3.9729826,-2.5583167,-1.1045488,-0.43079033,-0.090858579,0.89786649,0
0.50867248,3.2508311,1.4439178,0.11894876,0.98052204,0.15629366,0
-2.3194659,1.7294185,0.24568892,-0.43079033,-0.090858579,0.89786649,0
-0.62417984,-3.5355611,0.36568344,-0.11894876,-0.98052204,-0.15629366,0
-1.7808311,-3.3051157,-0.32887506,-0.11894876,-0.98052204,-0.15629366,0
-3.0173461,-1.9889972,-0.58381563,-0.43079033,-0.090858579,0.89786649,0
-1.4676425,-3.156872,-1.1182507,-0.11894876,-0.98052204,-0.15629366,0
3.383075,-1.9173648,0.54591823,0.89457858,-0.17412984,0.41159201,0
1.753098,-1.2069857,1.940365,-0.43079033,-0.090858579,0.89786649,0
2.9805574,-2.481741,1.0984364,0.89457858,-0.17412984,0.41159201,0
2.5057244,2.1294055,2.4359035,-0.43079033,-0.090858579,0.89786649,0
-3.3969805,-0.88454616,-1.5309713,-0.89457858,0.17412984,-0.41159201,0
1.8295476,3.1085334,0.97869051,0.11894876,0.98052204,0.15629366,0
0.2411952,-3.3357611,-1.1576083,-0.11894876,-0.98052204,-0.15629366,0
1.5927452,3.1158586,2.1034045,0.11894876,0.98052204,0.15629366,0
3.1503143,-1.6290596,0.92348957,0.89457858,-0.17412984,0.41159201,0
0.82464069,-0.54214871,1.356739,-0.43079033,-0.090858579,0.89786649,0
-1.8378103,-2.6680171,-2.346812,0.43079033,0.090858579,-0.89786649,0
-1.3269083,-3.1762011,-1.8343847,-0.11894876,-0.98052204,-0.15629366,0
1.8784624,-0.8114658,1.8945627,-0.43079033,-0.090858579,0.89786649,0
-3.1271205,3.595377,-0.40969777,-0.89457858,0.17412984,-0.41159201,0
2.8952117,-2.518008,1.180794,0.89457858,-0.17412984,0.41159201,0
1.234607,3.2632022,0.76470286,0.11894876,0.98052204,0.15629366,0
2.2073648,-0.073840082,2.2261071,-0.43079033,-0.090858579,0.89786649,0
-0.20768619,3.5616028,0.38462365,0.11894876,0.98052204,0.15629366,0
1.0079994,2.7514372,1.8107458,-0.43079033,-0.090858579,0.89786649,0
0.17311072,2.9275548,-0.78463864,0.43079033,0.090858579,-0.89786649,0
-1.3639596,-0.55939245,0.45471019,-0.43079033,-0.090858579,0.89786649,0
2.4697254,-1.8260913,-0.19623137,0.43079033,0.090858579,-0.89786649,0
-3.1701708,-2.999125,-0.93719023,-0.11894876,-0.98052204,-0.15629366,0
-2.6176734,3.8813801,-0.49670005,0.11894876,0.98052204,0.15629366,0
3.5331645,0.11414957,0.83612537,0.89457858,-0.17412984,0.41159201,0
1.9224644,-3.6820476,-0.12625027,-0.11894876,-0.98052204,-0.15629366,0
2.4947681,-1.9144253,-0.083549261,0.43079033,0.090858579,-0.89786649,0
2.3866377,2.979022,2.3519168,0.11894876,0.98052204,0.15629366,0
-3.5383644,-3.0736539,-1.0249707,-0.11894876,-0.98052204,-0.15629366,0
-1.872484,-3.113698,-1.5236337,-0.11894876,-0.98052204,-0.15629366,0
-3.1027114,1.1443194,-1.3474166,-0.89457858,0.17412984,-0.41159201,0
0.88449001,3.1251199,1.5936928,0.11894876,0.98052204,0.15629366,0
-1.8583918,3.8939705,-0.056137562,0.11894876,0.98052204,0.15629366,0
3.0155578,-0.44517881,1.9002323,0.89457858,-0.17412984,0.41159201,0
-2.7040069,2.7122326,0.039702892,-0.43079033,-0.090858579,0.89786649,0
-0.042413473,-2.8739195,0.8713963,-0.43079033,-0.090858579,0.89786649,0
-2.7821498,-2.4752786,-2.7778418,0.43079033,0.090858579,-0.89786649,0
-3.5368173,-1.3423054,-1.5144434,-0.89457858,0.17412984,-0.41159201,0
1.1692276,-3.8523004,0.27174902,-0.11894876,-0.98052204,-0.15629366,0
-1.2478786,3.8676858,-1.365721,0.43079033,0.090858579,-0.89786649,0
0.3534987,3.0478141,1.5101199,-0.43079033,-0.090858579,0.89786649,0
0.080760002,1.3022587,-0.87341774,0.43079033,0.090858579,-0.89786649,0
1.1936202,-2.3320475,1.5170332,-0.43079033,-0.090858579,0.89786649,0
0.44413257,3.5724726,-0.39453328,0.11894876,0.98052204,0.15629366,0
-1.0846206,3.1512156,0.98837304,-0.43079033,-0.090858579,0.89786649,0
3.3604035,1.5536951,1.9710414,0.89457858,-0.17412984,0.41159201,0
-0.084747076,3.6764936,-0.27977347,0.11894876,0.98052204,0.15629366,0
-2.8734877,2.4944711,-1.333878,-0.89457858,0.17412984,-0.41159201,0
-2.6072206,3.7859282,-1.2561784,-0.89457858,0.17412984,-0.41159201,0
-0.071629524,3.5744903,-0.35693836,0.11894876,0.98052204,0.15629366,0
-3.4119296,-2.891696,-1.7318295,-0.11894876,-0.98052204,-0.15629366,0
0.77974963,3.2383716,1.5667872,0.11894876,0.98052204,0.15629366,0
-2.5916114,3.7127342,-1.2363353,-0.89457858,0.17412984,-0.41159201,0
1.2016125,3.4567299,0.1288327,0.11894876,0.98052204,0.15629366,0
-1.2331214,3.7671351,-0.16332603,0.11894876,0.98052204,0.15629366,0
-2.7014177,4.0818086,-0.67903566,0.11894876,0.98052204,0.15629366,0
2.8181887,-2.8475046,0.96083188,0.89457858,-0.17412984,0.41159201,0
-2.8047178,0.72192883,-2.3016994,-0.89457858,0.17412984,-0.41159201,0
3.0783062,-3.2649846,0.60327268,0.89457858,-0.17412984,0.41159201,0
-1.7782261,-2.6653438,0.037381679,-0.43079033,-0.090858579,0.89786649,0
1.0354786,3.3587742,0.92403281,0.11894876,0.98052204,0.15629366,0
0.89914441,-3.7135193,0.59293056,-0.11894876,-0.98052204,-0.15629366,0
3.6559238,3.0141249,1.1795058,0.11894876,0.98052204,0.15629366,0
-3.3087099,0.88265491,-0.8663125,-0.89457858,0.17412984,-0.41159201,0
-3.0861044,2.5346389,-0.7435708,-0.89457858,0.17412984,-0.41159201,0
3.8838358,2.4632766,1.0691195,0.89457858,-0.17412984,0.41159201,0
-1.3984208,3.8805344,-1.049036,0.11894876,0.98052204,0.15629366,0
3.5301852,1.367529,0.74800253,0.43079033,0.090858579,-0.89786649,0
0.69708854,0.64270502,-0.65276515,0.43079033,0.090858579,-0.89786649,0
2.9271228,1.4651053,2.592253,0.89457858,-0.17412984,0.41159201,0
3.6310213,0.34031224,0.92687821,0.89457858,-0.17412984,0.41159201,0
3.2496786,-1.7113472,0.31484795,0.43079033,0.090858579,-0.89786649,0
0.38631886,-0.046551943,1.2560576,-0.43079033,-0.090858579,0.89786649,0
-3.2211823,2.4850719,-0.3852067,-0.89457858,0.17412984,-0.41159201,0
-2.7759519,2.9125004,-1.1687441,-0.89457858,0.17412984,-0.41159201,0
-0.88236499,3.6490557,0.028345585,0.11894876,0.98052204,0.15629366,0
-1.1518842,-2.4276383,-1.8527877,0.43079033,0.090858579,-0.89786649,0
0.33274949,-1.8134425,-1.1102415,0.43079033,0.090858579,-0.89786649,0
0.7180078,-3.3517177,-1.0100683,0.43079033,0.090858579,-0.89786649,0
-1.0361969,-2.8294446,0.26698101,-0.43079033,-0.090858579,0.89786649,0
3.088311,-0.4966619,1.3520421,0.89457858,-0.17412984,0.41159201,0
-2.3006744,-3.0099039,-2.2685595,-0.11894876,-0.98052204,-0.15629366,0
-2.8001449,0.094384611,-2.2581329,-0.89457858,0.17412984,-0.41159201,0
2.558692,-3.5573351,1.5336738,0.89457858,-0.17412984,0.41159201,0
2.8959527,-1.5026846,1.8137908,0.89457858,-0.17412984,0.41159201,0
-0.77847362,-3.5107791,0.11338222,-0.11894876,-0.98052204,-0.15629366,0
3.1787262,-0.5443089,1.5366404,0.89457858,-0.17412984,0.41159201,0
-2.7663667,2.028985,-1.6874275,-0.89457858,0.17412984,-0.41159201,0
-0.41839987,1.4393486,1.1212842,-0.43079033,-0.090858579,0.89786649,0
-3.5155029,0.096153975,-1.0176482,-0.89457858,0.17412984,-0.41159201,0
-3.5369544,0.47680378,-0.53975654,-0.89457858,0.17412984,-0.41159201,0
-2.6295214,-0.54696584,-0.10504794,-0.43079033,-0.090858579,0.89786649,0
-0.59015888,-0.67756844,0.65609932,-0.43079033,-0.090858579,0.89786649,0
-3.2601018,-0.15639329,-1.5920073,-0.89457858,0.17412984,-0.41159201,0
1.8066521,3.1570418,0.78623044,0.11894876,0.98052204,0.15629366,0
1.934998,3.0992641,1.1193081,0.11894876,0.98052204,0.15629366,0
-3.0391099,3.6843073,0.1313827,-0.43079033,-0.090858579,0.89786649,0
-1.5039527,-3.3813512,-0.3105008,-0.11894876,-0.98052204,-0.15629366,0
1.1673932,-1.1555686,1.5257268,-0.43079033,-0.090858579,0.89786649,0
-3.0210233,2.2003908,-1.0530436,-0.89457858,0.17412984,-0.41159201,0
-3.7251356,-1.7600994,-1.2172631,-0.89457858,0.17412984,-0.41159201,0
-0.36467767,3.6067889,-0.39714241,0.11894876,0.98052204,0.15629366,0
-3.1979623,-1.9984518,-2.638026,-0.89457858,0.17412984,-0.41159201,0
-0.16948318,3.5809762,0.26566029,0.11894876,0.98052204,0.15629366,0
-0.23740733,2.0987744,1.1787488,-0.43079033,-0.090858579,0.89786649,0
1.1575606,3.4632397,0.051083684,0.11894876,0.98052204,0.15629366,0
-1.3352846,2.0638344,-1.4583334,0.43079033,0.090858579,-0.89786649,0
1.5294304,3.4560761,-0.026968598,0.11894876,0.98052204,0.15629366,0
0.10568762,3.4980774,0.030905843,0.11894876,0.98052204,0.15629366,0
-1.5841999,3.6609221,0.61198616,0.11894876,0.98052204,0.15629366,0
2.692749,-2.2165091,1.612061,0.89457858,-0.17412984,0.41159201,0
-3.017518,-2.3750191,-2.7460456,-0.89457858,0.17412984,-0.41159201,0
2.54372,-2.7223778,1.7803013,0.89457858,-0.17412984,0.41159201,0
2.6362028,2.180155,0.28394675,0.43079033,0.090858579,-0.89786649,0
2.4936438,-3.3549888,1.519979,0.89457858,-0.17412984,0.41159201,0
0.21809314,-0.079026401,-0.93178278,0.43079033,0.090858579,-0.89786649,0
2.9655037,-2.4244635,1.2665129,0.89457858,-0.17412984,0.41159201,0
3.6314442,1.7172539,1.1961653,0.89457858,-0.17412984,0.41159201,0
-2.5728168,-2.1887128,-2.6484563,0.43079033,0.090858579,-0.89786649,0
-2.7538774,1.5593768,-1.6788142,-0.89457858,0.17412984,-0.41159201,0
3.3349605,0.40833616,1.2870986,0.89457858,-0.17412984,0.41159201,0
-2.753664,3.6048348,-1.1138015,-0.89457858,0.17412984,-0.41159201,0
3.4791391,-0.56348181,0.7346735,0.89457858,-0.17412984,0.41159201,0
0.3697958,-2.2850494,1.0789119,-0.43079033,-0.090858579,0.89786649,0
-1.098624,-3.3957686,-0.19111156,-0.11894876,-0.98052204,-0.15629366,0
-0.78497791,3.1695564,1.0823489,-0.43079033,-0.090858579,0.89786649,0
2.632314,0.90906209,2.43715,-0.43079033,-0.090858579,0.89786649,0
2.0482297,3.1149061,0.24203008,0.43079033,0.090858579,-0.89786649,0
-0.25252748,-3.4704978,0.18154538,-0.11894876,-0.98052204,-0.15629366,0
3.5207257,2.9024572,1.1313449,0.11894876,0.98052204,0.15629366,0
-3.6901805,-2.3900752,-1.6117866,-0.89457858,0.17412984,-0.41159201,0
2.9345081,1.155866,2.5394642,0.89457858,-0.17412984,0.41159201,0
-1.9639723,-3.2983737,-0.48377833,-0.11894876,-0.98052204,-0.15629366,0
-3.0808482,3.3482795,-0.30697298,-0.89457858,0.17412984,-0.41159201,0
-3.2712352,1.7357632,-0.69482136,-0.89457858,0.17412984,-0.41159201,0
0.70234179,2.5566444,-0.58091885,0.43079033,0.090858579,-0.89786649,0
-2.3528259,3.9931459,-0.35260057,0.11894876,0.98052204,0.15629366,0
-2.044991,3.8884528,-0.36480784,0.11894876,0.98052204,0.15629366,0
0.37105143,-0.37318963,1.297152,-0.43079033,-0.090858579,0.89786649,0
-2.6942048,-2.6311982,-0.47388786,-0.43079033,-0.090858579,0.89786649,0
3.2802267,3.0015769,1.5058365,0.11894876,0.98052204,0.15629366,0
3.2766304,2.3687031,2.5122797,0.89457858,-0.17412984,0.41159201,0
-3.3852501,-2.0696425,-2.1781425,-0.89457858,0.17412984,-0.41159201,0
0.37459803,-1.5725305,1.1945213,-0.43079033,-0.090858579,0.89786649,0
-2.6880367,3.4881516,-1.0449808,-0.89457858,0.17412984,-0.41159201,0
-1.9173261,-1.6459635,-2.3067529,0.43079033,0.090858579,-0.89786649,0
-2.3718569,-2.9005718,-2.1650388,-0.11894876,-0.98052204,-0.15629366,0
-2.3840215,3.6915359,-1.6282628,-0.89457858,0.17412984,-0.41159201,0
-3.4146252,-2.9782968,-0.97098708,-0.11894876,-0.98052204,-0.15629366,0
1.3411953,-3.7370026,-0.12091565,-0.11894876,-0.98052204,-0.15629366,0
0.97086477,-3.8662901,0.91818595,-0.11894876,-0.98052204,-0.15629366,0
3.346139,2.9117954,1.8365026,0.11894876,0.98052204,0.15629366,0
-2.790343,1.5267102,-1.6091611,-0.89457858,0.17412984,-0.41159201,0
1.4431736,-3.7209089,0.057120323,-0.11894876,-0.98052204,-0.15629366,0
-2.4319718,3.495374,-1.9387779,-0.89457858,0.17412984,-0.41159201,0
3.2957458,2.8948517,1.8651344,0.11894876,0.98052204,0.15629366,0
3.3704305,-1.5676978,0.39161825,0.89457858,-0.17412984,0.41159201,0
2.02934,1.1702805,2.2233505,-0.43079033,-0.090858579,0.89786649,0
0.47026229,-3.4546399,-0.7889632,-0.11894876,-0.98052204,-0.15629366,0
-0.49729013,-3.3826656,-0.93758744,-0.11894876,-0.98052204,-0.15629366,0
-1.4413353,-0.022372961,-1.9096601,0.43079033,0.090858579,-0.89786649,0
-1.3240098,-0.44097853,0.50151122,-0.43079033,-0.090858579,0.89786649,0
-1.5776851,3.7311726,-0.22751427,0.11894876,0.98052204,0.15629366,0
3.1059389,2.7944918,1.9021169,0.11894876,0.98052204,0.15629366,0
-2.2303953,3.8079925,-0.38907385,0.11894876,0.98052204,0.15629366,0
-2.9444218,0.56802058,-0.13587093,-0.43079033,-0.090858579,0.89786649,0
-0.22232914,-3.6366262,0.46870053,-0.11894876,-0.98052204,-0.15629366,0
2.6105156,-1.881775,2.0720065,0.89457858,-0.17412984,0.41159201,0
-3.0009899,-3.062016,-0.63229269,-0.11894876,-0.98052204,-0.15629366,0
-1.9764359,3.8829417,-0.38204622,0.11894876,0.98052204,0.15629366,0
1.2280054,-3.7417898,-0.040838957,-0.11894876,-0.98052204,-0.15629366,0
