1.4328065,3.9339476,1.615175,0.9771682,-0.074007094,0.19916141,0
-1.6961583,-4.0927629,-0.63168192,-0.9771682,0.074007094,-0.19916141,0
-1.8947288,-3.2666054,0.45670199,-0.9771682,0.074007094,-0.19916141,0
-1.4987414,-4.3631563,-0.81036568,-0.072599828,-0.99725759,-0.014369607,0
0.036598444,1.9182162,-1.6044962,0.19967872,-0.00041761994,-0.97986132,0
0.81803989,4.3879471,-0.10896444,0.072599828,0.99725759,0.014369607,0
1.4989114,2.2246668,0.70108104,0.9771682,-0.074007094,0.19916141,0
-1.0133256,-0.90294874,-1.6607361,0.19967872,-0.00041761994,-0.97986132,0
0.86078286,1.4528393,-1.4162036,0.19967872,-0.00041761994,-0.97986132,0
-0.80012989,-2.8701973,1.4399221,-0.19967872,0.00041761994,0.97986132,0
0.67579341,-4.6530967,0.29165435,-0.072599828,-0.99725759,-0.014369607,0
1.6507668,-0.77513099,-0.74017256,0.9771682,-0.074007094,0.19916141,0
1.1567413,-3.2626235,0.62327886,0.9771682,-0.074007094,0.19916141,0
0.4125213,-3.288842,-1.5146072,0.19967872,-0.00041761994,-0.97986132,0
1.3045098,4.4528222,-0.16252661,0.072599828,0.99725759,0.014369607,0
1.2207131,4.3917031,1.2512288,0.072599828,0.99725759,0.014369607,0
1.5164096,-2.1203034,-0.64214444,0.9771682,-0.074007094,0.19916141,0
-1.9037591,-3.9013743,0.38855743,-0.9771682,0.074007094,-0.19916141,0
-1.0855368,4.3258133,-0.58232832,-0.9771682,0.074007094,-0.19916141,0
1.9167361,2.7172568,-0.75783491,0.9771682,-0.074007094,0.19916141,0
0.3354032,2.6317794,-1.4854841,0.19967872,-0.00041761994,-0.97986132,0
-0.56118894,-4.3981962,0.88858795,-0.072599828,-0.99725759,-0.014369607,0
0.95975828,4.4502883,1.8181467,0.072599828,0.99725759,0.014369607,0
0.053419113,-4.4731669,1.1691704,-0.072599828,-0.99725759,-0.014369607,0
-0.72120643,1.3471653,-1.6903363,0.19967872,-0.00041761994,-0.97986132,0
-0.7745173,-4.4839902,0.62640905,-0.072599828,-0.99725759,-0.014369607,0
-1.2462227,0.90602469,1.3532703,-0.19967872,0.00041761994,0.97986132,0
-1.5761691,0.7732814,0.82973039,-0.9771682,0.074007094,-0.19916141,0
-0.54600096,4.4752512,-0.83337498,0.072599828,0.99725759,0.014369607,0
1.8294079,3.7307122,-1.1974859,0.19967872,-0.00041761994,-0.97986132,0
-0.96435529,3.2064917,1.3716698,-0.19967872,0.00041761994,0.97986132,0
1.4046844,0.18126297,0.70809549,0.9771682,-0.074007094,0.19916141,0
1.6503894,2.8477211,0.1870544,0.9771682,-0.074007094,0.19916141,0
-0.30951762,2.2503653,-1.5002531,0.19967872,-0.00041761994,-0.97986132,0
1.6197357,4.4640722,-1.0907478,0.072599828,0.99725759,0.014369607,0
0.54420328,0.43728614,-1.4188896,0.19967872,-0.00041761994,-0.97986132,0
0.54162979,1.4045044,-1.4598095,0.19967872,-0.00041761994,-0.97986132,0
-0.43428421,1.9648089,1.4966322,-0.19967872,0.00041761994,0.97986132,0
1.2039766,-2.4586101,0.9312011,0.9771682,-0.074007094,0.19916141,0
1.1399394,4.4964705,0.67735147,0.072599828,0.99725759,0.014369607,0
0.90810204,-2.0281496,1.7111837,-0.19967872,0.00041761994,0.97986132,0
-0.069332242,-4.5581317,-0.60312223,-0.072599828,-0.99725759,-0.014369607,0
-1.01262,-4.3466225,-1.0143409,-0.072599828,-0.99725759,-0.014369607,0
-1.8278571,-3.2311487,0.5179441,-0.9771682,0.074007094,-0.19916141,0
1.5195764,2.3760171,0.97600985,0.9771682,-0.074007094,0.19916141,0
-0.4368062,-2.5278902,1.3989217,-0.19967872,0.00041761994,0.97986132,0
1.6408148,-0.59088337,-0.51951414,0.9771682,-0.074007094,0.19916141,0
-1.114361,1.0023707,-1.4817154,-0.9771682,0.074007094,-0.19916141,0
1.4968506,2.8455594,-1.1729031,0.19967872,-0.00041761994,-0.97986132,0
-1.4267374,-1.3186605,-0.69232535,-0.9771682,0.074007094,-0.19916141,0
-0.071461678,-2.0784767,-1.6093405,0.19967872,-0.00041761994,-0.97986132,0
0.78210998,-4.1439109,1.7934306,-0.19967872,0.00041761994,0.97986132,0
-0.90509963,-2.0727983,1.3627383,-0.19967872,0.00041761994,0.97986132,0
-0.0035290718,4.4395733,-1.4652405,0.072599828,0.99725759,0.014369607,0
-0.5735203,-4.3870287,-1.0866032,-0.072599828,-0.99725759,-0.014369607,0
0.71187449,4.5219078,-0.95156527,0.072599828,0.99725759,0.014369607,0
1.2645468,2.349443,-1.3040156,0.19967872,-0.00041761994,-0.97986132,0
-1.0101364,-4.4567947,1.1373529,-0.072599828,-0.99725759,-0.014369607,0
0.20618999,-0.45510221,-1.4946629,0.19967872,-0.00041761994,-0.97986132,0
0.23627245,-0.27834761,1.6349149,-0.19967872,0.00041761994,0.97986132,0
0.010679245,4.474081,-0.36642551,0.072599828,0.99725759,0.014369607,0
-0.38285017,0.38605651,1.5521352,-0.19967872,0.00041761994,0.97986132,0
1.497545,3.1925273,-1.2615833,0.19967872,-0.00041761994,-0.97986132,0
0.71332246,3.4734616,1.652791,-0.19967872,0.00041761994,0.97986132,0
0.89257467,0.70442331,-1.392176,0.19967872,-0.00041761994,-0.97986132,0
0.21812654,2.4359763,-1.3942076,0.19967872,-0.00041761994,-0.97986132,0
0.67340857,-2.0690556,-1.467365,0.19967872,-0.00041761994,-0.97986132,0
1.574059,1.1609987,0.6969614,0.9771682,-0.074007094,0.19916141,0
0.37658095,-1.9067322,1.549583,-0.19967872,0.00041761994,0.97986132,0
0.88272524,-1.1199477,1.677334,-0.19967872,0.00041761994,0.97986132,0
1.2241896,0.20082986,-1.2967157,0.19967872,-0.00041761994,-0.97986132,0
0.37502789,4.1804252,-1.4709558,0.19967872,-0.00041761994,-0.97986132,0
1.5817291,1.6940633,-1.249303,0.19967872,-0.00041761994,-0.97986132,0
1.7893558,3.9285591,0.41308022,0.9771682,-0.074007094,0.19916141,0
-1.2438765,2.9414241,0.12567854,-0.9771682,0.074007094,-0.19916141,0
-1.1131721,2.5820098,1.2088536,-0.19967872,0.00041761994,0.97986132,0
-0.83861047,1.0702599,1.3473289,-0.19967872,0.00041761994,0.97986132,0
0.63476682,-4.5082517,0.60498047,-0.072599828,-0.99725759,-0.014369607,0
0.99667168,4.4711757,-0.69996977,0.072599828,0.99725759,0.014369607,0
1.9993556,4.1152997,-1.1916804,0.19967872,-0.00041761994,-0.97986132,0
-0.58113217,4.5360026,-1.5112739,0.072599828,0.99725759,0.014369607,0
-1.6694046,-4.2217293,-0.49419165,-0.9771682,0.074007094,-0.19916141,0
0.1196928,4.561852,-1.3158417,0.072599828,0.99725759,0.014369607,0
-1.1907724,0.14128733,-1.230242,-0.9771682,0.074007094,-0.19916141,0
1.1129348,-0.71439123,1.3708757,0.9771682,-0.074007094,0.19916141,0
-1.0457244,4.6597948,0.23895788,0.072599828,0.99725759,0.014369607,0
0.73841524,4.4641905,-0.58331442,0.072599828,0.99725759,0.014369607,0
0.071077704,-0.34213936,-1.6148258,0.19967872,-0.00041761994,-0.97986132,0
-1.2723414,3.1185474,-0.40451121,-0.9771682,0.074007094,-0.19916141,0
-0.24624842,-4.1323671,-1.4776073,0.19967872,-0.00041761994,-0.97986132,0
0.42427635,-1.7934351,1.5359625,-0.19967872,0.00041761994,0.97986132,0
1.6631067,0.7985754,-0.70078802,0.9771682,-0.074007094,0.19916141,0
0.84841174,2.6452904,1.782285,-0.19967872,0.00041761994,0.97986132,0
1.9976249,4.4408584,-0.76472759,0.072599828,0.99725759,0.014369607,0
-1.4657209,-0.74648046,-0.73987222,-0.9771682,0.074007094,-0.19916141,0
-1.6469541,-4.3163347,-0.52273893,-0.072599828,-0.99725759,-0.014369607,0
-1.4586529,1.9491892,0.41173929,-0.9771682,0.074007094,-0.19916141,0
1.4649124,2.3349411,1.5052114,0.9771682,-0.074007094,0.19916141,0
-0.60664678,4.6150932,0.56239033,0.072599828,0.99725759,0.014369607,0
0.87249541,-0.60564899,1.7426853,-0.19967872,0.00041761994,0.97986132,0
-0.42266297,1.4322376,-1.5307758,0.19967872,-0.00041761994,-0.97986132,0
-1.292205,-0.60055113,-1.3183529,-0.9771682,0.074007094,-0.19916141,0
-1.3949809,4.0806899,0.50722599,-0.9771682,0.074007094,-0.19916141,0
0.79511166,4.5057969,-1.1112204,0.072599828,0.99725759,0.014369607,0
-0.84094954,2.2208316,-1.7991633,0.19967872,-0.00041761994,-0.97986132,0
-1.5751806,-0.7801367,-0.073159099,-0.9771682,0.074007094,-0.19916141,0
-0.16214371,-3.4529703,1.5466852,-0.19967872,0.00041761994,0.97986132,0
1.492635,1.9843944,1.2841094,0.9771682,-0.074007094,0.19916141,0
0.9339397,-0.49124742,1.6840463,-0.19967872,0.00041761994,0.97986132,0
-0.26481271,-4.4560952,0.76646233,-0.072599828,-0.99725759,-0.014369607,0
-1.9384154,-3.0422962,0.36680913,-0.9771682,0.074007094,-0.19916141,0
-1.5182669,-4.309041,1.2124896,-0.19967872,0.00041761994,0.97986132,0
0.4070375,-2.3422718,1.5519557,-0.19967872,0.00041761994,0.97986132,0
1.5201259,-0.47202468,0.20225254,0.9771682,-0.074007094,0.19916141,0
1.4620982,-0.35419893,0.078301221,0.9771682,-0.074007094,0.19916141,0
-1.1212753,4.6839237,0.064586878,0.072599828,0.99725759,0.014369607,0
-1.5388843,2.7646399,1.2620159,-0.19967872,0.00041761994,0.97986132,0
1.5537057,4.3794975,-0.038062572,0.072599828,0.99725759,0.014369607,0
-1.3959732,-4.4728041,-1.1274748,-0.072599828,-0.99725759,-0.014369607,0
1.76594,1.3358665,-0.77569461,0.9771682,-0.074007094,0.19916141,0
-1.2033036,-4.4860406,0.85915518,-0.072599828,-0.99725759,-0.014369607,0
1.0449929,-2.3967965,1.7388268,-0.19967872,0.00041761994,0.97986132,0
-0.56226301,-0.94129044,1.410857,-0.19967872,0.00041761994,0.97986132,0
1.2934451,0.59337938,1.3391302,0.9771682,-0.074007094,0.19916141,0
0.77788806,-4.5399151,1.0084209,-0.072599828,-0.99725759,-0.014369607,0
-1.6075089,-4.3885565,0.72358561,-0.072599828,-0.99725759,-0.014369607,0
1.6767168,0.72763193,-0.13198197,0.9771682,-0.074007094,0.19916141,0
-0.044213772,-4.4835129,-0.35361338,-0.072599828,-0.99725759,-0.014369607,0
1.2867115,1.9050233,1.5022918,0.9771682,-0.074007094,0.19916141,0
-1.3567927,0.24383008,1.1633863,-0.19967872,0.00041761994,0.97986132,0
1.8293175,4.376245,0.63605547,0.9771682,-0.074007094,0.19916141,0
-0.28358954,-4.4076285,-1.4362035,-0.072599828,-0.99725759,-0.014369607,0
-1.6665256,-0.38768825,1.0926816,-0.19967872,0.00041761994,0.97986132,0
-1.3451777,1.7495332,0.16958779,-0.9771682,0.074007094,-0.19916141,0
-1.311586,-0.017533064,-1.46661,-0.9771682,0.074007094,-0.19916141,0
0.81932414,4.4372683,-0.0033717155,0.072599828,0.99725759,0.014369607,0
0.44187468,4.448144,1.2777867,0.072599828,0.99725759,0.014369607,0
0.82435006,-0.8338629,-1.4133343,0.19967872,-0.00041761994,-0.97986132,0
1.2751781,-4.6744823,-0.82860684,-0.072599828,-0.99725759,-0.014369607,0
1.2390051,-4.4091878,-0.61883664,0.9771682,-0.074007094,0.19916141,0
1.5643311,-1.0273153,-0.8742789,0.9771682,-0.074007094,0.19916141,0
0.39796448,4.4557571,-0.56788015,0.072599828,0.99725759,0.014369607,0
-1.3263556,1.4461049,-0.26007196,-0.9771682,0.074007094,-0.19916141,0
-0.46762025,2.8844366,1.3754845,-0.19967872,0.00041761994,0.97986132,0
0.60248846,3.0741894,1.5716002,-0.19967872,0.00041761994,0.97986132,0
0.44255948,1.4949392,-1.3736612,0.19967872,-0.00041761994,-0.97986132,0
-1.3540292,-2.2414281,1.3313775,-0.19967872,0.00041761994,0.97986132,0
-1.1188082,4.449852,-0.60710025,-0.9771682,0.074007094,-0.19916141,0
0.12877241,3.45013,1.4821148,-0.19967872,0.00041761994,0.97986132,0
1.0818977,2.7105267,1.7026927,-0.19967872,0.00041761994,0.97986132,0
1.6486477,1.3891242,-0.50973785,0.9771682,-0.074007094,0.19916141,0
-1.5640427,-1.4553876,-0.58924294,-0.9771682,0.074007094,-0.19916141,0
-1.3223697,4.374527,0.85127449,-0.9771682,0.074007094,-0.19916141,0
0.83762205,-3.2185774,-1.3647032,0.19967872,-0.00041761994,-0.97986132,0
-0.092266619,4.5112982,1.3889399,0.072599828,0.99725759,0.014369607,0
1.2474461,-1.4138579,0.96172816,0.9771682,-0.074007094,0.19916141,0
-1.3503996,3.5778794,0.88481522,-0.9771682,0.074007094,-0.19916141,0
-1.4014904,2.1476729,-0.17364478,-0.9771682,0.074007094,-0.19916141,0
1.0604905,4.3980818,0.28171062,0.072599828,0.99725759,0.014369607,0
0.8294605,-1.524955,1.6570786,-0.19967872,0.00041761994,0.97986132,0
0.94208395,-1.4108347,1.6963614,-0.19967872,0.00041761994,0.97986132,0
-1.7164993,-4.3139648,0.79789734,-0.072599828,-0.99725759,-0.014369607,0
-0.49724609,-1.2951374,-1.5570765,0.19967872,-0.00041761994,-0.97986132,0
-0.10587573,4.5347967,0.64920521,0.072599828,0.99725759,0.014369607,0
-0.39858234,4.5550785,0.57125115,0.072599828,0.99725759,0.014369607,0
0.47223014,1.1545973,1.6421938,-0.19967872,0.00041761994,0.97986132,0
-0.71151215,0.22444808,-1.589901,0.19967872,-0.00041761994,-0.97986132,0
-1.335387,4.5945549,1.0011179,-0.9771682,0.074007094,-0.19916141,0
-1.3232599,4.095078,0.37622094,-0.9771682,0.074007094,-0.19916141,0
1.2158822,-2.1156154,1.0651278,0.9771682,-0.074007094,0.19916141,0
1.2986605,-0.22038126,0.86216921,0.9771682,-0.074007094,0.19916141,0
-1.1878031,-2.5664537,-1.8008566,0.19967872,-0.00041761994,-0.97986132,0
-0.79735661,4.1933093,-1.7793388,0.19967872,-0.00041761994,-0.97986132,0
-0.01608789,-4.5730877,-1.1777487,-0.072599828,-0.99725759,-0.014369607,0
-0.71217233,-1.3277972,-1.7444017,0.19967872,-0.00041761994,-0.97986132,0
-0.69776464,4.5720043,0.29382324,0.072599828,0.99725759,0.014369607,0
-1.7535442,-0.10912943,0.71316725,-0.9771682,0.074007094,-0.19916141,0
-1.3600901,-0.22062886,-1.0870105,-0.9771682,0.074007094,-0.19916141,0
-1.0877955,-4.3948221,0.60823154,-0.072599828,-0.99725759,-0.014369607,0
1.4487431,0.53071117,0.98261231,0.9771682,-0.074007094,0.19916141,0
0.3213706,-4.5977182,0.89838266,-0.072599828,-0.99725759,-0.014369607,0
1.4920409,-0.78231037,-0.46590647,0.9771682,-0.074007094,0.19916141,0
-0.6018312,4.4294257,-1.6513178,0.19967872,-0.00041761994,-0.97986132,0
-0.98891056,4.5857768,1.1745484,0.072599828,0.99725759,0.014369607,0
-1.2687953,3.5448277,-0.042624474,-0.9771682,0.074007094,-0.19916141,0
0.89879572,-2.3014221,-1.3114419,0.19967872,-0.00041761994,-0.97986132,0
-1.0609821,2.9581809,-1.1093832,-0.9771682,0.074007094,-0.19916141,0
-0.056772649,0.77080524,1.571815,-0.19967872,0.00041761994,0.97986132,0
-1.61112,-0.26667935,0.62518865,-0.9771682,0.074007094,-0.19916141,0
-1.247853,0.7936703,1.3380202,-0.19967872,0.00041761994,0.97986132,0
0.56273854,4.3796129,0.84325027,0.072599828,0.99725759,0.014369607,0
1.6016879,3.6760664,1.3547513,0.9771682,-0.074007094,0.19916141,0
-0.028236926,1.9609789,1.4927802,-0.19967872,0.00041761994,0.97986132,0
-0.22194749,2.5995295,1.4704745,-0.19967872,0.00041761994,0.97986132,0
-1.1909659,-4.3338804,-0.41876078,-0.072599828,-0.99725759,-0.014369607,0
-1.94368,-2.6179295,1.0736511,-0.19967872,0.00041761994,0.97986132,0
1.5122683,3.8691895,1.6398246,0.9771682,-0.074007094,0.19916141,0
-0.090149105,0.69088268,1.4384409,-0.19967872,0.00041761994,0.97986132,0
1.222173,2.7751312,-1.2308834,0.19967872,-0.00041761994,-0.97986132,0
-1.3949988,1.5650848,-0.42099059,-0.9771682,0.074007094,-0.19916141,0
0.44480157,-0.60852718,1.7069163,-0.19967872,0.00041761994,0.97986132,0
-0.93357062,4.2110996,-1.6902912,-0.9771682,0.074007094,-0.19916141,0
-1.1222835,-4.3123922,-1.6017585,-0.072599828,-0.99725759,-0.014369607,0
1.0452456,4.3248577,0.87737751,0.072599828,0.99725759,0.014369607,0
-0.29093862,0.19895864,-1.5663543,0.19967872,-0.00041761994,-0.97986132,0
0.056366205,4.5401006,-0.095297337,0.072599828,0.99725759,0.014369607,0
-0.66095281,-4.4790745,-0.042455196,-0.072599828,-0.99725759,-0.014369607,0
0.84961319,-1.2817326,-1.3234711,0.19967872,-0.00041761994,-0.97986132,0
0.58786869,4.5665903,-0.18517065,0.072599828,0.99725759,0.014369607,0
-1.4892133,1.5294737,1.31962,-0.19967872,0.00041761994,0.97986132,0
1.5372456,3.238821,1.3044803,0.9771682,-0.074007094,0.19916141,0
1.114098,-4.6329937,0.12806249,-0.072599828,-0.99725759,-0.014369607,0
-1.6414982,0.73171329,0.79837757,-0.9771682,0.074007094,-0.19916141,0
-0.25623894,4.165441,-1.6185977,0.19967872,-0.00041761994,-0.97986132,0
-1.0366435,-3.1850934,-1.699784,0.19967872,-0.00041761994,-0.97986132,0
-0.078229904,4.6083755,0.68622303,0.072599828,0.99725759,0.014369607,0
-1.2804666,0.46596605,1.3708013,-0.19967872,0.00041761994,0.97986132,0
1.512272,-1.0970632,-0.60589951,0.9771682,-0.074007094,0.19916141,0
1.7636036,1.4367927,-1.1146153,0.19967872,-0.00041761994,-0.97986132,0
-0.82518864,4.6156321,0.35986972,0.072599828,0.99725759,0.014369607,0
0.94820881,-4.5403557,0.95190048,0.9771682,-0.074007094,0.19916141,0
1.2943854,-3.6049027,-0.40534997,0.9771682,-0.074007094,0.19916141,0
-1.4623995,4.6657686,0.98397708,0.072599828,0.99725759,0.014369607,0
-0.80019623,4.5625849,0.76876473,0.072599828,0.99725759,0.014369607,0
-1.0450664,3.107866,1.3800378,-0.19967872,0.00041761994,0.97986132,0
-1.28396,1.9503258,-0.019092441,-0.9771682,0.074007094,-0.19916141,0
-0.96541452,-2.6872759,1.3738463,-0.19967872,0.00041761994,0.97986132,0
-1.4065286,4.6496439,0.62008166,-0.9771682,0.074007094,-0.19916141,0
0.66588926,-4.5428162,-0.17968488,-0.072599828,-0.99725759,-0.014369607,0
0.24083948,-0.78959608,1.5769511,-0.19967872,0.00041761994,0.97986132,0
0.59041572,-4.6214767,0.33791518,-0.072599828,-0.99725759,-0.014369607,0
-1.293993,3.1147661,-0.39088631,-0.9771682,0.074007094,-0.19916141,0
0.13237843,3.1054633,1.6083293,-0.19967872,0.00041761994,0.97986132,0
1.2929714,-0.65174925,1.0206953,0.9771682,-0.074007094,0.19916141,0
-1.1860597,-4.5033283,1.0120897,-0.072599828,-0.99725759,-0.014369607,0
0.11977386,4.5999494,-0.23372889,0.072599828,0.99725759,0.014369607,0
-0.089446306,0.10982299,1.5476896,-0.19967872,0.00041761994,0.97986132,0
-1.4654281,2.6474893,1.168183,-0.19967872,0.00041761994,0.97986132,0
-1.8231181,-4.400053,-0.040162563,-0.072599828,-0.99725759,-0.014369607,0
-0.17608285,-0.063308716,-1.4989266,0.19967872,-0.00041761994,-0.97986132,0
-1.5049834,2.1210656,0.69755447,-0.9771682,0.074007094,-0.19916141,0
-1.2239227,-0.78313911,-1.5846419,-0.9771682,0.074007094,-0.19916141,0
0.32126188,-3.468549,1.5775294,-0.19967872,0.00041761994,0.97986132,0
-1.2400147,2.5858476,-0.72119713,-0.9771682,0.074007094,-0.19916141,0
0.9549042,4.375206,1.1742873,0.072599828,0.99725759,0.014369607,0
-1.0429432,-0.88517618,1.2168728,-0.19967872,0.00041761994,0.97986132,0
-0.98067129,-4.5259609,-0.5080533,-0.072599828,-0.99725759,-0.014369607,0
-0.91539204,-1.9726804,-1.7507492,0.19967872,-0.00041761994,-0.97986132,0
-0.88120174,4.5136762,-1.0787928,-0.9771682,0.074007094,-0.19916141,0
-0.85276628,4.5450153,-0.86771226,0.072599828,0.99725759,0.014369607,0
0.38461304,-4.3831434,1.6726429,-0.19967872,0.00041761994,0.97986132,0
-1.7932079,-1.639343,0.58461213,-0.9771682,0.074007094,-0.19916141,0
0.98713076,-2.5501246,1.4556752,0.9771682,-0.074007094,0.19916141,0
-1.3292508,-0.20842826,-1.1875324,-0.9771682,0.074007094,-0.19916141,0
-1.7715985,-2.3493636,1.2599766,-0.19967872,0.00041761994,0.97986132,0
-1.7149853,-1.6494939,0.26247621,-0.9771682,0.074007094,-0.19916141,0
1.6086597,1.1774101,0.23838699,0.9771682,-0.074007094,0.19916141,0
0.0069098473,-4.6014047,0.89024329,-0.072599828,-0.99725759,-0.014369607,0
-0.64701688,3.8864803,1.4766135,-0.19967872,0.00041761994,0.97986132,0
-0.29107237,-4.4057927,0.49584913,-0.072599828,-0.99725759,-0.014369607,0
0.55085623,-4.4896407,-0.49361134,-0.072599828,-0.99725759,-0.014369607,0
0.65369773,4.4781284,1.2129264,0.072599828,0.99725759,0.014369607,0
1.2800355,2.8624625,-1.3699548,0.19967872,-0.00041761994,-0.97986132,0
1.8029878,3.0443187,-0.66470122,0.9771682,-0.074007094,0.19916141,0
-1.5368968,-1.5588188,-0.53583384,-0.9771682,0.074007094,-0.19916141,0
-0.30086231,-1.0815934,1.5199478,-0.19967872,0.00041761994,0.97986132,0
0.22132337,0.97008508,-1.4551316,0.19967872,-0.00041761994,-0.97986132,0
-1.4725113,-0.68892956,-0.63365853,-0.9771682,0.074007094,-0.19916141,0
-0.23727596,-4.4906301,-0.65474701,-0.072599828,-0.99725759,-0.014369607,0
-1.8503608,-3.6525097,0.39622545,-0.9771682,0.074007094,-0.19916141,0
0.65930527,4.4866815,1.7241559,-0.19967872,0.00041761994,0.97986132,0
0.96121228,4.3831182,0.032632828,0.072599828,0.99725759,0.014369607,0
1.86937,2.4988823,-0.96535611,0.9771682,-0.074007094,0.19916141,0
-0.62557262,-4.0222549,-1.7497118,0.19967872,-0.00041761994,-0.97986132,0
1.6487981,4.345829,0.6797781,0.072599828,0.99725759,0.014369607,0
0.74011219,0.75776243,-1.2898988,0.19967872,-0.00041761994,-0.97986132,0
-0.43431139,4.5546513,0.8378346,0.072599828,0.99725759,0.014369607,0
1.6714344,0.12364495,-0.88571978,0.9771682,-0.074007094,0.19916141,0
1.035428,-4.5863409,1.0705781,0.9771682,-0.074007094,0.19916141,0
-1.0545949,3.974093,-0.49970627,-0.9771682,0.074007094,-0.19916141,0
-0.7951147,4.5354075,0.89141655,0.072599828,0.99725759,0.014369607,0
-0.85213184,-4.5428238,1.1430135,-0.072599828,-0.99725759,-0.014369607,0
-0.24592924,-4.0007815,1.5574455,-0.19967872,0.00041761994,0.97986132,0
1.9444771,4.3238335,-0.75912428,0.072599828,0.99725759,0.014369607,0
-0.36771911,2.9879649,1.3743072,-0.19967872,0.00041761994,0.97986132,0
1.3535937,4.3749433,0.66835117,0.072599828,0.99725759,0.014369607,0
-1.4505726,-0.88698488,1.2970128,-0.19967872,0.00041761994,0.97986132,0
0.12540999,3.3614225,1.5814092,-0.19967872,0.00041761994,0.97986132,0
-1.8871707,-2.465646,1.2054043,-0.19967872,0.00041761994,0.97986132,0
-1.7350163,-2.9559617,0.13139796,-0.9771682,0.074007094,-0.19916141,0
-0.78827548,-1.0761366,1.4099381,-0.19967872,0.00041761994,0.97986132,0
0.1527274,2.3444216,1.6520389,-0.19967872,0.00041761994,0.97986132,0
1.4433118,-4.3577189,-0.95024633,0.9771682,-0.074007094,0.19916141,0
0.087306261,4.5994983,0.029375553,0.072599828,0.99725759,0.014369607,0
-0.01846838,-4.5118966,1.1660588,-0.072599828,-0.99725759,-0.014369607,0
-0.7135551,-2.8171191,1.482059,-0.19967872,0.00041761994,0.97986132,0
-1.5238712,-0.71685088,-0.38564765,-0.9771682,0.074007094,-0.19916141,0
-1.0961025,4.5141802,0.98386693,0.072599828,0.99725759,0.014369607,0
0.39247864,1.2290676,1.6118262,-0.19967872,0.00041761994,0.97986132,0
-1.3033669,-0.45101953,-1.3185711,-0.9771682,0.074007094,-0.19916141,0
-1.7178807,-1.5254422,0.61974192,-0.9771682,0.074007094,-0.19916141,0
-0.47476554,4.4844751,0.83765411,0.072599828,0.99725759,0.014369607,0
-0.10406756,-4.4346099,0.88221169,-0.072599828,-0.99725759,-0.014369607,0
1.022446,4.4339566,0.37087965,0.072599828,0.99725759,0.014369607,0
0.16553998,-4.4607477,0.3932972,-0.072599828,-0.99725759,-0.014369607,0
1.1662312,-4.6515212,0.10035586,-0.072599828,-0.99725759,-0.014369607,0
-1.4615836,-0.82956827,-0.80565894,-0.9771682,0.074007094,-0.19916141,0
0.50080347,4.5715117,-0.072934151,0.072599828,0.99725759,0.014369607,0
0.36332417,-0.89072692,-1.3859059,0.19967872,-0.00041761994,-0.97986132,0
1.448455,1.9781066,-1.3371158,0.19967872,-0.00041761994,-0.97986132,0
1.6563399,-0.66461521,-0.7024377,0.9771682,-0.074007094,0.19916141,0
1.3512368,-2.580195,-1.254463,0.19967872,-0.00041761994,-0.97986132,0
0.34712136,4.5457535,1.2325749,0.072599828,0.99725759,0.014369607,0
-0.096107721,-4.5209761,1.2245369,-0.072599828,-0.99725759,-0.014369607,0
-0.84437227,1.5700809,-1.7372237,0.19967872,-0.00041761994,-0.97986132,0
-1.5995672,-3.6641324,-1.1435452,-0.9771682,0.074007094,-0.19916141,0
-0.20642662,0.13835156,-1.625149,0.19967872,-0.00041761994,-0.97986132,0
1.690172,4.3638887,-1.0220547,0.072599828,0.99725759,0.014369607,0
-0.047799587,-1.0178795,1.5655646,-0.19967872,0.00041761994,0.97986132,0
0.49190164,4.4812078,-1.3492868,0.072599828,0.99725759,0.014369607,0
1.0317771,-3.0664892,-1.3824644,0.19967872,-0.00041761994,-0.97986132,0
-0.044378638,-4.4663601,-0.79297066,-0.072599828,-0.99725759,-0.014369607,0
1.0457566,1.1623051,1.6568745,-0.19967872,0.00041761994,0.97986132,0
1.0850267,-2.2971599,1.4932981,0.9771682,-0.074007094,0.19916141,0
0.14429379,-4.4561195,1.0294013,-0.072599828,-0.99725759,-0.014369607,0
0.54289949,-3.6049988,-1.3891649,0.19967872,-0.00041761994,-0.97986132,0
-1.7526839,-3.9840806,-0.094481945,-0.9771682,0.074007094,-0.19916141,0
-0.51402569,-4.3942275,-1.5940812,-0.072599828,-0.99725759,-0.014369607,0
1.0510089,3.142966,1.6488111,-0.19967872,0.00041761994,0.97986132,0
0.89347577,4.3654575,-1.231113,0.072599828,0.99725759,0.014369607,0
1.0574121,4.4533658,-1.0892057,0.072599828,0.99725759,0.014369607,0
-1.0537881,4.5092978,0.033035755,0.072599828,0.99725759,0.014369607,0
1.0753863,-3.9078054,1.2528162,0.9771682,-0.074007094,0.19916141,0
1.0693073,-4.5239148,-0.60710049,-0.072599828,-0.99725759,-0.014369607,0
-0.94418705,2.311986,-1.6886179,0.19967872,-0.00041761994,-0.97986132,0
0.24701858,-4.4762936,-1.2996397,-0.072599828,-0.99725759,-0.014369607,0
0.61818808,-4.0095334,-1.3243711,0.19967872,-0.00041761994,-0.97986132,0
-1.6221907,-2.395751,-0.64138985,-0.9771682,0.074007094,-0.19916141,0
-0.63972306,-4.1346555,1.4417086,-0.19967872,0.00041761994,0.97986132,0
0.78075492,1.9461606,1.6197064,-0.19967872,0.00041761994,0.97986132,0
-0.91303992,-2.9545059,-1.7589471,0.19967872,-0.00041761994,-0.97986132,0
-0.88876033,4.5142937,-0.82945108,0.072599828,0.99725759,0.014369607,0
-0.61845052,4.524116,1.216073,0.072599828,0.99725759,0.014369607,0
-1.0437409,4.5315938,-0.34343266,0.072599828,0.99725759,0.014369607,0
0.91372991,4.5420904,-1.2684603,0.072599828,0.99725759,0.014369607,0
1.3382933,1.8962121,1.3280132,0.9771682,-0.074007094,0.19916141,0
-1.882449,-4.3233747,0.45602417,-0.072599828,-0.99725759,-0.014369607,0
0.78038555,2.9069242,1.7229176,-0.19967872,0.00041761994,0.97986132,0
-0.88373256,-4.4027572,-1.4029632,-0.072599828,-0.99725759,-0.014369607,0
-0.15820444,0.90678513,-1.5170395,0.19967872,-0.00041761994,-0.97986132,0
-1.2255194,0.45785785,-1.6981705,-0.9771682,0.074007094,-0.19916141,0
-0.15577471,4.4767365,0.42919874,0.072599828,0.99725759,0.014369607,0
-0.33691645,-4.5162921,0.11552048,-0.072599828,-0.99725759,-0.014369607,0
0.46081185,-4.6133027,0.033973694,-0.072599828,-0.99725759,-0.014369607,0
1.4984467,3.0385621,1.4288924,0.9771682,-0.074007094,0.19916141,0
1.8101575,4.4505916,0.17285299,0.072599828,0.99725759,0.014369607,0
-0.70812011,-2.4294086,1.322577,-0.19967872,0.00041761994,0.97986132,0
-1.3867602,0.040838838,-0.51560879,-0.9771682,0.074007094,-0.19916141,0
-1.5417169,2.5907764,0.6349498,-0.9771682,0.074007094,-0.19916141,0
0.75408387,-4.5932937,1.3307712,-0.072599828,-0.99725759,-0.014369607,0
1.7127259,4.3607969,1.0173631,0.072599828,0.99725759,0.014369607,0
1.1111991,-4.4746237,0.77154613,0.9771682,-0.074007094,0.19916141,0
0.19972157,-4.5247188,0.67333007,-0.072599828,-0.99725759,-0.014369607,0
-0.20019507,4.5651207,-0.87592244,0.072599828,0.99725759,0.014369607,0
-0.54382432,4.6012363,0.31971931,0.072599828,0.99725759,0.014369607,0
-1.4497659,-3.886941,-1.6003916,-0.9771682,0.074007094,-0.19916141,0
-1.5519303,0.24411619,-0.15536857,-0.9771682,0.074007094,-0.19916141,0
-1.2428493,3.925355,0.22865891,-0.9771682,0.074007094,-0.19916141,0
0.2273252,0.69664574,-1.4353595,0.19967872,-0.00041761994,-0.97986132,0
-1.7181845,-4.3612089,-0.44231081,-0.072599828,-0.99725759,-0.014369607,0
1.2246304,0.14450157,1.4147165,0.9771682,-0.074007094,0.19916141,0
-1.6391233,-2.8958545,-0.69639945,-0.9771682,0.074007094,-0.19916141,0
-1.6389362,-1.5148293,0.21276474,-0.9771682,0.074007094,-0.19916141,0
1.2635503,-3.210263,-0.34514737,0.9771682,-0.074007094,0.19916141,0
-0.95929003,-2.4611499,-1.7569168,0.19967872,-0.00041761994,-0.97986132,0
-1.2677341,-4.3805285,-1.626019,-0.072599828,-0.99725759,-0.014369607,0
0.85667181,-2.5323932,1.6630968,-0.19967872,0.00041761994,0.97986132,0
1.2725261,-3.1955431,-1.174758,0.19967872,-0.00041761994,-0.97986132,0
0.71652102,-4.6538777,0.61446047,-0.072599828,-0.99725759,-0.014369607,0
-1.4435567,4.2949185,0.89199972,-0.9771682,0.074007094,-0.19916141,0
-1.8745899,-0.63858455,1.1444191,-0.9771682,0.074007094,-0.19916141,0
0.55203867,3.2945824,1.7002254,-0.19967872,0.00041761994,0.97986132,0
-1.5845107,-2.6528969,-1.0251997,-0.9771682,0.074007094,-0.19916141,0
-0.1380372,-1.5900009,1.4562547,-0.19967872,0.00041761994,0.97986132,0
-1.0877649,3.1620779,-0.92396188,-0.9771682,0.074007094,-0.19916141,0
-0.76127791,0.95395529,-1.7240515,0.19967872,-0.00041761994,-0.97986132,0
-0.38826227,4.5798712,0.54182911,0.072599828,0.99725759,0.014369607,0
0.37150931,4.4411383,-0.22202206,0.072599828,0.99725759,0.014369607,0
1.6372958,1.6825414,0.47229123,0.9771682,-0.074007094,0.19916141,0
-0.4603374,-4.5505276,-1.5819764,-0.072599828,-0.99725759,-0.014369607,0
1.8474996,3.6888695,-1.2086048,0.19967872,-0.00041761994,-0.97986132,0
0.026756287,4.4120255,0.73615241,0.072599828,0.99725759,0.014369607,0
1.4472407,1.2286661,-1.1466564,0.19967872,-0.00041761994,-0.97986132,0
-1.2589691,3.3932412,-0.0459373,-0.9771682,0.074007094,-0.19916141,0
-2.0182354,-4.2143149,0.55595779,-0.9771682,0.074007094,-0.19916141,0
-0.4650569,4.5818119,-1.3432813,0.072599828,0.99725759,0.014369607,0
-1.1127514,2.9614019,-1.1201751,-0.9771682,0.074007094,-0.19916141,0
0.027965665,4.4658012,0.94613814,0.072599828,0.99725759,0.014369607,0
0.14608526,2.7510197,-1.468096,0.19967872,-0.00041761994,-0.97986132,0
-1.40377,-0.47264171,-0.42675257,-0.9771682,0.074007094,-0.19916141,0
-1.0832877,-3.5292268,1.4126608,-0.19967872,0.00041761994,0.97986132,0
1.821856,0.42408192,-0.99353814,0.9771682,-0.074007094,0.19916141,0
-0.054303288,-0.47154462,-1.5200684,0.19967872,-0.00041761994,-0.97986132,0
1.5147499,-1.4904499,-1.2314984,0.19967872,-0.00041761994,-0.97986132,0
0.50271726,4.5093517,-0.62454748,0.072599828,0.99725759,0.014369607,0
0.84120899,-1.7133393,-1.3667864,0.19967872,-0.00041761994,-0.97986132,0
1.7325108,-0.350299,-0.88123071,0.9771682,-0.074007094,0.19916141,0
0.68264878,-1.6674846,1.6662061,-0.19967872,0.00041761994,0.97986132,0
-1.3585507,4.3550129,0.44346213,-0.9771682,0.074007094,-0.19916141,0
-0.98735213,-3.4274819,1.4218357,-0.19967872,0.00041761994,0.97986132,0
-1.5992914,0.49270988,0.14315885,-0.9771682,0.074007094,-0.19916141,0
1.5664231,1.8654193,-1.3100221,0.19967872,-0.00041761994,-0.97986132,0
0.56699204,-3.52197,1.748631,-0.19967872,0.00041761994,0.97986132,0
-0.5700171,4.6131225,-1.341284,0.072599828,0.99725759,0.014369607,0
-1.2094003,-1.6008667,-1.7427241,-0.9771682,0.074007094,-0.19916141,0
-1.3857622,0.10074031,-0.9181596,-0.9771682,0.074007094,-0.19916141,0
-1.5548987,0.20324081,0.4645105,-0.9771682,0.074007094,-0.19916141,0
0.097536802,4.4758596,-1.274339,0.072599828,0.99725759,0.014369607,0
1.5453947,4.4274731,-0.66528034,0.072599828,0.99725759,0.014369607,0
0.3886621,4.5320597,-1.4033713,0.072599828,0.99725759,0.014369607,0
1.0879592,-1.3764219,1.8482776,-0.19967872,0.00041761994,0.97986132,0
1.0934014,-1.6603,-1.3887839,0.19967872,-0.00041761994,-0.97986132,0
-0.088418484,-4.5360918,-0.11197329,-0.072599828,-0.99725759,-0.014369607,0
-0.71873254,-2.7978542,-1.6687152,0.19967872,-0.00041761994,-0.97986132,0
-1.0369346,4.530992,0.811342,0.072599828,0.99725759,0.014369607,0
1.0212281,-2.044693,1.7098448,-0.19967872,0.00041761994,0.97986132,0
-0.076933026,4.5155215,0.20913887,0.072599828,0.99725759,0.014369607,0
-1.669188,-3.8212385,-1.1163502,-0.9771682,0.074007094,-0.19916141,0
0.42522216,-2.5418706,1.6107279,-0.19967872,0.00041761994,0.97986132,0
-1.320441,0.12183225,-0.84667325,-0.9771682,0.074007094,-0.19916141,0
-1.6362283,-4.0546985,-0.77424002,-0.9771682,0.074007094,-0.19916141,0
-0.054706037,4.5804415,1.4107752,0.072599828,0.99725759,0.014369607,0
-0.64243716,1.9039769,1.387758,-0.19967872,0.00041761994,0.97986132,0
1.3206468,2.0392773,1.7286491,0.9771682,-0.074007094,0.19916141,0
-2.0122485,-3.6082306,1.1446657,-0.9771682,0.074007094,-0.19916141,0
-1.4545143,-4.0110941,-1.7512646,0.19967872,-0.00041761994,-0.97986132,0
1.2429543,-1.8231872,1.0469267,0.9771682,-0.074007094,0.19916141,0
1.3254602,-4.3257408,-0.33618999,0.9771682,-0.074007094,0.19916141,0
0.63792866,2.1082973,1.6103653,-0.19967872,0.00041761994,0.97986132,0
0.55741847,4.4887991,1.648078,0.072599828,0.99725759,0.014369607,0
-0.97027874,-4.4456134,0.72389174,-0.072599828,-0.99725759,-0.014369607,0
-0.35037541,4.6342983,-0.25055218,0.072599828,0.99725759,0.014369607,0
0.92984933,1.4849541,1.6761363,-0.19967872,0.00041761994,0.97986132,0
-0.071335584,-2.98259,-1.4749846,0.19967872,-0.00041761994,-0.97986132,0
-1.4322865,1.3401902,-0.15901399,-0.9771682,0.074007094,-0.19916141,0
-1.4273393,3.7837157,0.38783693,-0.9771682,0.074007094,-0.19916141,0
1.9932896,2.5849888,-1.0881398,0.9771682,-0.074007094,0.19916141,0
-1.3050126,-1.5198663,-1.7187511,0.19967872,-0.00041761994,-0.97986132,0
-0.31699824,-4.4591827,1.1669729,-0.072599828,-0.99725759,-0.014369607,0
0.78897142,-4.496285,-0.64415789,-0.072599828,-0.99725759,-0.014369607,0
0.58563495,-4.6530781,1.3124681,-0.072599828,-0.99725759,-0.014369607,0
0.58541775,-4.5972061,1.4641967,-0.072599828,-0.99725759,-0.014369607,0
-0.19570112,-4.601047,1.3602605,-0.072599828,-0.99725759,-0.014369607,0
0.42352748,-2.742759,1.5278554,-0.19967872,0.00041761994,0.97986132,0
1.1224263,-2.2991304,0.98406583,0.9771682,-0.074007094,0.19916141,0
-1.61484,-4.4067893,-1.5095916,-0.072599828,-0.99725759,-0.014369607,0
1.3285389,-0.75676513,0.79412174,0.9771682,-0.074007094,0.19916141,0
-1.5885284,-4.1801958,-1.2042723,-0.9771682,0.074007094,-0.19916141,0
-1.7119154,-0.8916769,1.2748871,-0.19967872,0.00041761994,0.97986132,0
1.2159157,-4.3699517,0.050476313,0.9771682,-0.074007094,0.19916141,0
-1.744248,0.78546405,0.97600925,-0.9771682,0.074007094,-0.19916141,0
-0.20488,3.0078707,-1.5454072,0.19967872,-0.00041761994,-0.97986132,0
-2.0840564,-3.9913602,0.86101055,-0.9771682,0.074007094,-0.19916141,0
1.4724529,-1.2045187,-0.38042128,0.9771682,-0.074007094,0.19916141,0
1.2730477,2.5666614,-1.3262544,0.19967872,-0.00041761994,-0.97986132,0
1.4214054,-2.4498823,-0.13199353,0.9771682,-0.074007094,0.19916141,0
1.2989223,2.810216,-1.2499573,0.19967872,-0.00041761994,-0.97986132,0
-0.86993122,1.1557606,-1.7556505,0.19967872,-0.00041761994,-0.97986132,0
-1.5113535,-2.8627493,-1.5271752,-0.9771682,0.074007094,-0.19916141,0
-1.6019514,-2.9526162,-0.61963344,-0.9771682,0.074007094,-0.19916141,0
1.8109947,3.2124622,-0.52626848,0.9771682,-0.074007094,0.19916141,0
1.3104695,-1.0801787,0.33885777,0.9771682,-0.074007094,0.19916141,0
-1.1481156,3.6921875,-0.30343032,-0.9771682,0.074007094,-0.19916141,0
0.86125994,-4.4841681,0.2327528,-0.072599828,-0.99725759,-0.014369607,0
-1.2943381,0.68222648,1.203135,-0.19967872,0.00041761994,0.97986132,0
1.5392892,1.9742042,0.85318208,0.9771682,-0.074007094,0.19916141,0
-1.7521527,-3.9362621,-0.38276291,-0.9771682,0.074007094,-0.19916141,0
-1.6930697,-0.32119751,1.2253051,-0.19967872,0.00041761994,0.97986132,0
-1.5356677,-2.7179377,-0.95373034,-0.9771682,0.074007094,-0.19916141,0
1.2037287,4.4163313,1.5515018,0.072599828,0.99725759,0.014369607,0
-0.76347041,3.3336802,-1.7551169,0.19967872,-0.00041761994,-0.97986132,0
-0.62498403,2.1790349,-1.6519389,0.19967872,-0.00041761994,-0.97986132,0
-0.42288509,-2.5667264,-1.6797633,0.19967872,-0.00041761994,-0.97986132,0
-0.73194838,-4.2829132,1.3366683,-0.19967872,0.00041761994,0.97986132,0
-1.232837,0.63020748,1.3725232,-0.19967872,0.00041761994,0.97986132,0
-1.8452963,-0.89054859,0.71424818,-0.9771682,0.074007094,-0.19916141,0
1.3734955,4.3862963,0.59623241,0.072599828,0.99725759,0.014369607,0
0.69467783,-4.6449676,0.89282322,-0.072599828,-0.99725759,-0.014369607,0
1.6890876,1.9269531,0.15074944,0.9771682,-0.074007094,0.19916141,0
-1.3077343,-4.3552947,0.49756765,-0.072599828,-0.99725759,-0.014369607,0
-0.88150048,4.5967216,-1.4007246,-0.9771682,0.074007094,-0.19916141,0
1.1257155,-1.3810713,1.4400755,0.9771682,-0.074007094,0.19916141,0
0.57165289,-0.43836892,1.5490848,-0.19967872,0.00041761994,0.97986132,0
0.79363203,-4.6010857,0.64574742,-0.072599828,-0.99725759,-0.014369607,0
0.54798663,1.465928,1.6224923,-0.19967872,0.00041761994,0.97986132,0
-1.6115203,-4.442996,0.47667885,-0.072599828,-0.99725759,-0.014369607,0
-0.29015273,-0.72928464,-1.6423069,0.19967872,-0.00041761994,-0.97986132,0
-1.471488,-2.7506647,-1.8181458,-0.9771682,0.074007094,-0.19916141,0
1.1962738,0.8582952,1.5046537,0.9771682,-0.074007094,0.19916141,0
0.7593286,4.5508442,-0.59188747,0.072599828,0.99725759,0.014369607,0
1.5014038,-3.094326,-0.71804202,0.9771682,-0.074007094,0.19916141,0
-0.2172821,-2.3003571,-1.6027775,0.19967872,-0.00041761994,-0.97986132,0
1.2658558,-1.1076769,0.58957356,0.9771682,-0.074007094,0.19916141,0
-1.1295983,-0.0067766532,1.2609226,-0.19967872,0.00041761994,0.97986132,0
1.156013,-2.4389012,1.1620543,0.9771682,-0.074007094,0.19916141,0
0.53352439,4.4935975,0.62187719,0.072599828,0.99725759,0.014369607,0
0.15206784,-2.0095425,-1.4257854,0.19967872,-0.00041761994,-0.97986132,0
-1.3478398,-4.0750995,1.1713748,-0.19967872,0.00041761994,0.97986132,0
0.11033583,4.4916649,-0.41248798,0.072599828,0.99725759,0.014369607,0
-1.5656195,1.2708309,0.67550659,-0.9771682,0.074007094,-0.19916141,0
-1.443813,-2.1047311,-0.73521376,-0.9771682,0.074007094,-0.19916141,0
1.4985027,-4.1835594,-0.92046666,0.9771682,-0.074007094,0.19916141,0
1.8049142,4.1101804,0.19953871,0.9771682,-0.074007094,0.19916141,0
-1.4359229,-3.2233868,1.2225287,-0.19967872,0.00041761994,0.97986132,0
-0.61132121,1.1221514,-1.6785036,0.19967872,-0.00041761994,-0.97986132,0
-0.073407263,1.9853365,1.4586183,-0.19967872,0.00041761994,0.97986132,0
-1.6236855,1.3142802,0.8815605,-0.9771682,0.074007094,-0.19916141,0
0.4204663,-4.4861593,-0.31708574,-0.072599828,-0.99725759,-0.014369607,0
0.29814911,4.428843,-0.54392385,0.072599828,0.99725759,0.014369607,0
-0.10454178,-4.5470543,1.5582516,-0.19967872,0.00041761994,0.97986132,0
1.6559551,2.5505133,0.65384841,0.9771682,-0.074007094,0.19916141,0
0.41735435,3.2300198,-1.4297986,0.19967872,-0.00041761994,-0.97986132,0
0.21940857,-4.1649551,-1.4535096,0.19967872,-0.00041761994,-0.97986132,0
1.6411276,-0.066752553,-1.2312762,0.19967872,-0.00041761994,-0.97986132,0
-1.0566124,-3.5007923,-1.8109705,0.19967872,-0.00041761994,-0.97986132,0
-0.39079273,-0.70931512,1.3571361,-0.19967872,0.00041761994,0.97986132,0
-1.8471701,-3.2749238,0.038041592,-0.9771682,0.074007094,-0.19916141,0
-1.2320139,-0.19625342,-1.2748053,-0.9771682,0.074007094,-0.19916141,0
-0.6245749,-4.4159079,0.45225143,-0.072599828,-0.99725759,-0.014369607,0
-1.1880969,1.8603328,-1.1569705,-0.9771682,0.074007094,-0.19916141,0
-0.75548983,-0.98430204,-1.7009345,0.19967872,-0.00041761994,-0.97986132,0
-0.31992364,-1.8163353,1.5002884,-0.19967872,0.00041761994,0.97986132,0
-1.3525753,4.0807843,1.0815113,-0.9771682,0.074007094,-0.19916141,0
-0.5775851,-0.0037142038,-1.712487,0.19967872,-0.00041761994,-0.97986132,0
1.1819574,-1.7298311,1.2263691,0.9771682,-0.074007094,0.19916141,0
-0.37415886,4.5519509,-0.16496563,0.072599828,0.99725759,0.014369607,0
0.8882792,-4.6675916,0.71138,-0.072599828,-0.99725759,-0.014369607,0
-1.4234018,-3.2288108,-1.8818514,0.19967872,-0.00041761994,-0.97986132,0
0.8075974,-4.6321077,1.4495938,0.9771682,-0.074007094,0.19916141,0
0.17265224,-4.4919143,0.095235348,-0.072599828,-0.99725759,-0.014369607,0
-1.3785651,-2.6324439,-1.6903908,-0.9771682,0.074007094,-0.19916141,0
1.7510452,0.88872445,-0.91095996,0.9771682,-0.074007094,0.19916141,0
-1.5716283,-2.2374353,-0.49232912,-0.9771682,0.074007094,-0.19916141,0
1.2485834,4.3167601,0.72409153,0.072599828,0.99725759,0.014369607,0
1.518948,0.097400546,-0.38167065,0.9771682,-0.074007094,0.19916141,0
1.0213125,-2.3800395,-1.2780932,0.19967872,-0.00041761994,-0.97986132,0
-0.33082068,0.82926726,-1.5394237,0.19967872,-0.00041761994,-0.97986132,0
1.9084334,2.5887623,-1.1822209,0.9771682,-0.074007094,0.19916141,0
-0.081606627,-4.5439596,-1.0152006,-0.072599828,-0.99725759,-0.014369607,0
-1.4269741,-4.2932639,-1.5100608,-0.072599828,-0.99725759,-0.014369607,0
-0.29050851,-2.9190669,1.5735209,-0.19967872,0.00041761994,0.97986132,0
0.63630319,-4.5816917,0.83324456,-0.072599828,-0.99725759,-0.014369607,0
-1.2689364,-0.44346046,-1.6550568,-0.9771682,0.074007094,-0.19916141,0
1.1984938,-4.043695,0.2953825,0.9771682,-0.074007094,0.19916141,0
-0.59888101,4.4605155,0.59734797,0.072599828,0.99725759,0.014369607,0
0.39974403,4.4147925,0.077301979,0.072599828,0.99725759,0.014369607,0
-0.3312006,-4.409934,0.75678372,-0.072599828,-0.99725759,-0.014369607,0
1.3311825,3.5995026,1.7543848,-0.19967872,0.00041761994,0.97986132,0
1.157197,-4.6029263,-0.94997597,-0.072599828,-0.99725759,-0.014369607,0
-1.0617032,-4.463141,0.96245813,-0.072599828,-0.99725759,-0.014369607,0
-1.7215487,-4.3934689,-0.10807514,-0.072599828,-0.99725759,-0.014369607,0
1.6090511,1.3361766,0.309798,0.9771682,-0.074007094,0.19916141,0
-1.5547653,-2.520098,-0.67245126,-0.9771682,0.074007094,-0.19916141,0
-1.5373085,0.3713879,0.30074781,-0.9771682,0.074007094,-0.19916141,0
-0.64901328,-4.410778,0.71890974,-0.072599828,-0.99725759,-0.014369607,0
-0.67682552,-2.1750219,1.3454877,-0.19967872,0.00041761994,0.97986132,0
1.5339715,0.21657193,-1.2930596,0.19967872,-0.00041761994,-0.97986132,0
