-1.2379701,-2.8742993,-0.28796434,0.44779637,-0.68889439,-0.57000238,0
-1.1309006,1.7259996,-0.48929295,-0.44779637,0.68889439,0.57000238,0
-2.0478799,-0.34919155,-0.031825185,-0.89046913,-0.285923,-0.35399526,0
-0.6569795,-0.8358084,-1.9952965,0.44779637,-0.68889439,-0.57000238,0
-0.59660041,-1.1649828,-1.7688614,0.44779637,-0.68889439,-0.57000238,0
-1.4206198,1.3160203,-0.22833517,-0.44779637,0.68889439,0.57000238,0
-1.1791122,0.046352148,1.4836152,-0.44779637,0.68889439,0.57000238,0
2.0342176,-0.91255653,0.1389333,0.44779637,-0.68889439,-0.57000238,0
-2.2878895,0.92117095,-0.81054121,-0.89046913,-0.285923,-0.35399526,0
-0.21046627,-0.93679637,1.9401126,-0.080888391,-0.66608733,0.74147457,0
0.72847962,-1.632017,-0.11750051,0.44779637,-0.68889439,-0.57000238,0
-1.4917766,0.69888759,0.5034734,-0.44779637,0.68889439,0.57000238,0
1.0124025,2.4642537,-0.43060899,0.080888391,0.66608733,-0.74147457,0
1.8857272,1.7048228,-0.2346952,0.89046913,0.285923,0.35399526,0
1.3096201,1.2330027,1.1355944,0.89046913,0.285923,0.35399526,0
1.1000506,-1.0982652,1.9068761,-0.080888391,-0.66608733,0.74147457,0
2.2719142,-1.3665149,0.66237903,0.44779637,-0.68889439,-0.57000238,0
0.92832017,2.0016897,0.90816236,-0.44779637,0.68889439,0.57000238,0
2.1737728,-0.59106398,0.66073328,0.89046913,0.285923,0.35399526,0
1.436491,2.3648391,-0.44743657,0.080888391,0.66608733,-0.74147457,0
2.3833659,-0.10376239,0.0072485209,0.89046913,0.285923,0.35399526,0
1.1673739,1.6611249,-1.0221689,0.080888391,0.66608733,-0.74147457,0
2.3389237,-1.3166597,0.80311286,0.44779637,-0.68889439,-0.57000238,0
1.4809365,1.4271295,0.58044112,0.89046913,0.285923,0.35399526,0
0.35859501,-1.7176465,-0.14901203,0.44779637,-0.68889439,-0.57000238,0
-2.2724683,-0.26808536,0.23176825,-0.89046913,-0.285923,-0.35399526,0
2.044559,1.4494288,-1.2288011,0.080888391,0.66608733,-0.74147457,0
1.6958658,0.81427693,-1.6545265,0.080888391,0.66608733,-0.74147457,0
1.0069302,-0.54226768,-1.0866451,0.44779637,-0.68889439,-0.57000238,0
2.198319,-0.83362341,-0.043951035,0.44779637,-0.68889439,-0.57000238,0
0.70979786,-1.1019694,1.7167637,-0.080888391,-0.66608733,0.74147457,0
-1.8712699,-0.68000811,-0.21865237,-0.89046913,-0.285923,-0.35399526,0
1.1839522,-1.866945,1.1109264,-0.080888391,-0.66608733,0.74147457,0
-0.52336144,1.4470057,-1.5231316,0.080888391,0.66608733,-0.74147457,0
-1.8621186,1.338636,-0.50477219,-0.44779637,0.68889439,0.57000238,0
1.074856,-1.4435995,0.13088273,0.44779637,-0.68889439,-0.57000238,0
-0.26432323,0.86121637,-2.0162175,0.080888391,0.66608733,-0.74147457,0
-1.1135595,-2.3743246,0.51755738,-0.080888391,-0.66608733,0.74147457,0
1.4509026,0.21017769,1.8722342,0.89046913,0.285923,0.35399526,0
1.7712932,-0.73244858,-0.48057258,0.44779637,-0.68889439,-0.57000238,0
-0.32445198,-0.9225105,-1.778128,0.44779637,-0.68889439,-0.57000238,0
1.3399701,1.9413104,-0.7723608,0.080888391,0.66608733,-0.74147457,0
2.2143869,-1.0222653,0.67757046,0.89046913,0.285923,0.35399526,0
0.89450788,2.1524847,0.76783383,-0.44779637,0.68889439,0.57000238,0
1.8121035,1.7256767,-0.42437553,0.89046913,0.285923,0.35399526,0
1.7437435,-0.61148232,1.548508,0.89046913,0.285923,0.35399526,0
0.60663664,-1.5692666,-0.2037861,0.44779637,-0.68889439,-0.57000238,0
-1.1901103,-0.58612174,-2.2349939,-0.89046913,-0.285923,-0.35399526,0
1.3766636,0.26355553,-1.8160129,0.44779637,-0.68889439,-0.57000238,0
-0.42482284,-0.67062926,-2.2656369,0.44779637,-0.68889439,-0.57000238,0
2.1949375,-1.578611,1.0985265,0.44779637,-0.68889439,-0.57000238,0
1.1485178,0.73365569,2.1460359,0.89046913,0.285923,0.35399526,0
-1.5933241,-1.4904392,-0.24266469,-0.89046913,-0.285923,-0.35399526,0
2.0921936,1.1805624,-1.3875226,0.080888391,0.66608733,-0.74147457,0
0.45416057,-1.7769024,-0.16205192,0.44779637,-0.68889439,-0.57000238,0
1.2715657,0.49189043,2.0068691,0.89046913,0.285923,0.35399526,0
-0.45149031,-1.1374291,-1.7133353,0.44779637,-0.68889439,-0.57000238,0
1.2701488,1.6892793,0.98783576,0.89046913,0.285923,0.35399526,0
-0.7278595,-2.0768607,-0.63297582,0.44779637,-0.68889439,-0.57000238,0
-2.2815857,-1.2032906,1.2201738,-0.89046913,-0.285923,-0.35399526,0
-1.9088472,-1.4546536,0.05656004,-0.89046913,-0.285923,-0.35399526,0
-1.1496769,-0.49386668,2.0459743,-0.080888391,-0.66608733,0.74147457,0
0.96717405,-0.8209269,-1.0532997,0.44779637,-0.68889439,-0.57000238,0
-2.1599517,0.32641613,-0.4786402,-0.89046913,-0.285923,-0.35399526,0
-1.7975302,-0.43797055,-0.87293208,-0.89046913,-0.285923,-0.35399526,0
-0.52029634,-0.0056470633,-2.8878527,0.080888391,0.66608733,-0.74147457,0
-1.2897141,-1.6510799,-1.1359591,-0.89046913,-0.285923,-0.35399526,0
0.79369557,-0.66030729,2.1130242,-0.080888391,-0.66608733,0.74147457,0
-0.61043191,-2.516782,0.096276283,0.44779637,-0.68889439,-0.57000238,0
0.094224691,1.1471912,-1.573456,0.080888391,0.66608733,-0.74147457,0
0.93250799,0.81013727,2.2782977,-0.44779637,0.68889439,0.57000238,0
-0.96181345,-2.4854133,0.483441,-0.080888391,-0.66608733,0.74147457,0
-1.7610924,-0.34828949,1.7900517,-0.44779637,0.68889439,0.57000238,0
-1.0048311,-2.3045027,0.42620826,-0.080888391,-0.66608733,0.74147457,0
1.3874347,-1.9193523,0.69952279,0.44779637,-0.68889439,-0.57000238,0
1.4440984,-1.6514906,1.3889911,-0.080888391,-0.66608733,0.74147457,0
0.70014727,-0.10512924,-1.8270459,0.44779637,-0.68889439,-0.57000238,0
-1.4080983,-0.95240062,-1.1297373,-0.89046913,-0.285923,-0.35399526,0
-0.14842361,0.93560052,1.3017769,-0.44779637,0.68889439,0.57000238,0
-0.37656981,0.13093066,-2.5531914,0.080888391,0.66608733,-0.74147457,0
2.3379703,1.0771955,-0.89617455,0.89046913,0.285923,0.35399526,0
-2.5898187,-0.3210597,0.94229841,-0.89046913,-0.285923,-0.35399526,0
-0.082243919,-0.41287243,2.234653,-0.080888391,-0.66608733,0.74147457,0
2.1228454,0.097964048,-1.2569962,0.44779637,-0.68889439,-0.57000238,0
0.60482121,-2.3127358,0.59564376,-0.080888391,-0.66608733,0.74147457,0
-1.5323926,-1.8349503,0.97082686,-0.080888391,-0.66608733,0.74147457,0
0.095239639,1.6611472,-1.1313925,0.080888391,0.66608733,-0.74147457,0
0.91538024,1.3700321,-1.3469936,0.080888391,0.66608733,-0.74147457,0
-0.95720649,0.095593452,1.7500573,-0.44779637,0.68889439,0.57000238,0
-0.056250453,1.1225286,-1.6081936,0.080888391,0.66608733,-0.74147457,0
0.077588767,0.53368783,2.0151525,-0.44779637,0.68889439,0.57000238,0
1.4203615,1.786664,0.52964711,0.89046913,0.285923,0.35399526,0
1.8977075,-1.7444698,0.96545279,0.44779637,-0.68889439,-0.57000238,0
0.58190787,-0.61767972,-1.2861071,0.44779637,-0.68889439,-0.57000238,0
-0.28770423,-1.0754319,1.5806042,-0.080888391,-0.66608733,0.74147457,0
2.5278833,0.54119086,-1.4696355,0.44779637,-0.68889439,-0.57000238,0
2.2984686,-0.5774976,0.54153478,0.89046913,0.285923,0.35399526,0
1.0639348,-1.2576543,1.6136236,-0.080888391,-0.66608733,0.74147457,0
1.2544045,0.9283669,-1.7754714,0.080888391,0.66608733,-0.74147457,0
-1.0879931,-2.0216413,0.84863985,-0.080888391,-0.66608733,0.74147457,0
-1.8986576,-1.8275191,0.59232116,-0.89046913,-0.285923,-0.35399526,0
-2.3649921,-0.43964255,0.40229213,-0.89046913,-0.285923,-0.35399526,0
0.47935724,2.481638,-0.53261638,0.080888391,0.66608733,-0.74147457,0
0.19631481,-0.47806275,2.16714,-0.080888391,-0.66608733,0.74147457,0
-0.035651803,0.4331162,-2.4444008,0.080888391,0.66608733,-0.74147457,0
0.91840428,0.96155834,2.1253362,-0.44779637,0.68889439,0.57000238,0
-1.6837418,0.010780066,-1.547609,-0.89046913,-0.285923,-0.35399526,0
1.5925176,-0.32743692,2.0469985,0.89046913,0.285923,0.35399526,0
2.4480062,-0.031083345,-0.47575831,0.89046913,0.285923,0.35399526,0
-1.9899652,0.43392885,-1.2606494,-0.89046913,-0.285923,-0.35399526,0
1.3964345,-1.2956493,-0.0069158822,0.44779637,-0.68889439,-0.57000238,0
-0.0071513653,2.4544024,-0.38005161,-0.44779637,0.68889439,0.57000238,0
-1.7072791,1.2805558,-0.29205701,-0.44779637,0.68889439,0.57000238,0
0.74351323,0.72327387,-1.9301698,0.080888391,0.66608733,-0.74147457,0
-1.9589942,1.2205008,-0.28028283,-0.44779637,0.68889439,0.57000238,0
-2.0205534,1.6128581,-1.5336118,0.080888391,0.66608733,-0.74147457,0
-0.24396154,0.62829852,1.8557522,-0.44779637,0.68889439,0.57000238,0
-0.11203861,-1.4166763,1.4971961,-0.080888391,-0.66608733,0.74147457,0
2.5167971,0.70286322,-1.1849544,0.89046913,0.285923,0.35399526,0
1.7014191,-1.7100803,1.3658599,-0.080888391,-0.66608733,0.74147457,0
-2.3220656,-1.2713283,1.1011249,-0.89046913,-0.285923,-0.35399526,0
-1.1689343,-2.486352,-0.43588257,0.44779637,-0.68889439,-0.57000238,0
1.7157944,-0.36938041,1.3616762,0.89046913,0.285923,0.35399526,0
-1.284705,-1.8469777,0.78996289,-0.080888391,-0.66608733,0.74147457,0
0.80009127,-1.1303344,1.7988086,-0.080888391,-0.66608733,0.74147457,0
-2.2394373,1.3898306,-1.2432138,-0.89046913,-0.285923,-0.35399526,0
-2.2226379,-0.19714797,0.029479623,-0.89046913,-0.285923,-0.35399526,0
-2.1358027,0.41801667,-0.45003843,-0.89046913,-0.285923,-0.35399526,0
-0.36188412,-1.619959,1.0909904,-0.080888391,-0.66608733,0.74147457,0
1.1554849,1.6883547,1.219981,0.89046913,0.285923,0.35399526,0
-0.65032816,-2.0503249,0.65740418,-0.080888391,-0.66608733,0.74147457,0
2.1587987,-1.4307641,1.5001378,0.89046913,0.285923,0.35399526,0
-0.81841791,-1.826412,-1.0921266,0.44779637,-0.68889439,-0.57000238,0
1.3153193,1.3482196,1.4248812,0.89046913,0.285923,0.35399526,0
-0.81962276,0.809425,-1.9573734,0.080888391,0.66608733,-0.74147457,0
2.512156,0.38710713,-0.88232934,0.89046913,0.285923,0.35399526,0
0.54299355,-1.3011731,1.5990257,-0.080888391,-0.66608733,0.74147457,0
0.97167647,0.3384037,-2.1418571,0.44779637,-0.68889439,-0.57000238,0
-1.7864995,-2.249161,0.53384113,-0.89046913,-0.285923,-0.35399526,0
0.69630837,2.4881508,0.020673275,-0.44779637,0.68889439,0.57000238,0
-0.83274293,2.2508924,-0.84723717,0.080888391,0.66608733,-0.74147457,0
-1.987602,1.086592,-1.5953153,-0.89046913,-0.285923,-0.35399526,0
0.015970945,-2.0866811,0.69576454,-0.080888391,-0.66608733,0.74147457,0
-0.33803201,2.2369282,-0.63642812,0.080888391,0.66608733,-0.74147457,0
-1.3903865,-2.2312388,-0.20782518,-0.89046913,-0.285923,-0.35399526,0
0.4860909,2.5680776,-0.33389652,0.080888391,0.66608733,-0.74147457,0
1.6279924,2.0817127,0.06845212,0.89046913,0.285923,0.35399526,0
1.6065288,0.35036755,-1.6657661,0.44779637,-0.68889439,-0.57000238,0
-1.9159777,1.2578897,-1.843707,0.080888391,0.66608733,-0.74147457,0
0.91934311,2.243578,0.75305116,-0.44779637,0.68889439,0.57000238,0
0.97197461,2.0456538,-0.78762114,0.080888391,0.66608733,-0.74147457,0
-1.7961515,-0.57248378,1.9508121,-0.44779637,0.68889439,0.57000238,0
1.0820469,-0.10296035,2.6832683,-0.080888391,-0.66608733,0.74147457,0
1.8066601,1.7666355,-0.2906096,0.89046913,0.285923,0.35399526,0
1.784816,-0.34434247,-0.72226858,0.44779637,-0.68889439,-0.57000238,0
-1.6925316,-0.15557098,1.5915534,-0.44779637,0.68889439,0.57000238,0
-2.4423606,-0.3469739,0.75107467,-0.89046913,-0.285923,-0.35399526,0
-0.13523197,-0.51436996,2.0932155,-0.080888391,-0.66608733,0.74147457,0
-0.95937586,-2.3850617,0.47245264,-0.080888391,-0.66608733,0.74147457,0
1.379526,-1.0430748,2.0249774,-0.080888391,-0.66608733,0.74147457,0
0.96473789,0.49698758,2.6610205,0.89046913,0.285923,0.35399526,0
2.393714,-1.06979,0.51298892,0.89046913,0.285923,0.35399526,0
1.2583455,-2.0330038,0.98829722,-0.080888391,-0.66608733,0.74147457,0
-1.7230523,1.6295516,-1.3908732,0.080888391,0.66608733,-0.74147457,0
1.7684379,1.0088849,-1.7132807,0.080888391,0.66608733,-0.74147457,0
0.84305018,-1.4002377,-0.39019999,0.44779637,-0.68889439,-0.57000238,0
-1.8325013,1.7667325,-1.3257223,0.080888391,0.66608733,-0.74147457,0
2.3090694,0.24515009,-1.1537931,0.44779637,-0.68889439,-0.57000238,0
2.628355,0.71192098,-1.4917786,0.44779637,-0.68889439,-0.57000238,0
1.7291986,-0.4059656,1.5150578,0.89046913,0.285923,0.35399526,0
1.0278828,-0.030360699,2.7567174,-0.080888391,-0.66608733,0.74147457,0
0.42453361,0.46968794,2.4687572,-0.44779637,0.68889439,0.57000238,0
-0.81282163,1.4555695,0.063068151,-0.44779637,0.68889439,0.57000238,0
-2.1068974,-0.60340428,1.8468854,-0.44779637,0.68889439,0.57000238,0
-0.117814,1.1869242,1.0434731,-0.44779637,0.68889439,0.57000238,0
0.849648,1.4906517,-1.3812737,0.080888391,0.66608733,-0.74147457,0
1.5882268,-1.2304769,1.8215294,-0.080888391,-0.66608733,0.74147457,0
1.8185191,1.1539785,0.14243138,0.89046913,0.285923,0.35399526,0
1.7047987,0.37859151,1.0993242,0.89046913,0.285923,0.35399526,0
-1.4338415,1.0138586,-2.0537496,0.080888391,0.66608733,-0.74147457,0
-2.1355042,0.25049627,-0.66292644,-0.89046913,-0.285923,-0.35399526,0
1.084059,2.2059798,-0.63533604,0.080888391,0.66608733,-0.74147457,0
1.3856535,0.57099557,-2.1390197,0.080888391,0.66608733,-0.74147457,0
-2.2255623,-1.0917217,0.80012238,-0.89046913,-0.285923,-0.35399526,0
2.0752826,-1.471215,1.4356209,0.89046913,0.285923,0.35399526,0
0.51124299,1.0305181,-1.6592479,0.080888391,0.66608733,-0.74147457,0
-1.9933803,-0.1431067,-0.60607016,-0.89046913,-0.285923,-0.35399526,0
0.16016129,-0.96019983,-1.3462911,0.44779637,-0.68889439,-0.57000238,0
-0.27461326,-0.3631767,2.3867717,-0.080888391,-0.66608733,0.74147457,0
-2.4573293,-0.70215845,0.90864122,-0.89046913,-0.285923,-0.35399526,0
-1.0770062,-0.11772418,-2.6358278,-0.89046913,-0.285923,-0.35399526,0
-0.40323603,0.88196152,-2.0526652,0.080888391,0.66608733,-0.74147457,0
-0.31599021,-1.2687467,1.6037111,-0.080888391,-0.66608733,0.74147457,0
-0.77205777,-1.6805505,-1.1268631,0.44779637,-0.68889439,-0.57000238,0
-1.1199534,1.2225752,-1.7319931,0.080888391,0.66608733,-0.74147457,0
0.33797067,1.1101047,1.6012795,-0.44779637,0.68889439,0.57000238,0
-2.1139252,1.0251491,-1.1310133,-0.89046913,-0.285923,-0.35399526,0
-1.3100508,0.29988492,-2.6323013,0.080888391,0.66608733,-0.74147457,0
0.6106596,2.5864925,-0.33465302,0.080888391,0.66608733,-0.74147457,0
-0.10076809,-1.5539498,1.3937678,-0.080888391,-0.66608733,0.74147457,0
1.7340753,0.17235118,1.34894,0.89046913,0.285923,0.35399526,0
-2.4862361,0.52731299,0.15844083,-0.44779637,0.68889439,0.57000238,0
-1.2240808,-2.7272968,-0.19331455,0.44779637,-0.68889439,-0.57000238,0
-1.51298,-0.84697974,-0.94266474,-0.89046913,-0.285923,-0.35399526,0
1.7486634,0.37436327,0.98047113,0.89046913,0.285923,0.35399526,0
-1.2741158,1.8035889,-1.173399,0.080888391,0.66608733,-0.74147457,0
1.6258525,1.7130259,-0.97509062,0.080888391,0.66608733,-0.74147457,0
-1.1031895,-1.2798095,-1.8117025,0.44779637,-0.68889439,-0.57000238,0
0.29441833,2.4444504,-0.33905423,0.080888391,0.66608733,-0.74147457,0
-0.42062986,-1.6651552,-1.0849197,0.44779637,-0.68889439,-0.57000238,0
0.44902325,2.5302837,-0.14992118,-0.44779637,0.68889439,0.57000238,0
0.67685699,2.1166997,0.51652467,-0.44779637,0.68889439,0.57000238,0
1.5866109,1.6642882,-1.0051047,0.080888391,0.66608733,-0.74147457,0
1.160071,0.8989718,2.1791034,0.89046913,0.285923,0.35399526,0
-0.086259365,1.0069863,-1.8592827,0.080888391,0.66608733,-0.74147457,0
-1.4679739,-0.068692684,1.7330136,-0.44779637,0.68889439,0.57000238,0
1.3477781,0.77104926,1.378724,0.89046913,0.285923,0.35399526,0
1.0359403,-1.21057,-0.26001525,0.44779637,-0.68889439,-0.57000238,0
1.5133833,0.42036343,-1.9704456,0.44779637,-0.68889439,-0.57000238,0
1.9146597,-1.1532587,1.892148,-0.080888391,-0.66608733,0.74147457,0
1.6017233,-1.7380958,0.68396044,0.44779637,-0.68889439,-0.57000238,0
0.14416277,-1.6647873,-0.53034604,0.44779637,-0.68889439,-0.57000238,0
-1.0520859,-2.7686963,0.015147924,-0.080888391,-0.66608733,0.74147457,0
-2.0084748,-0.62668812,0.13789403,-0.89046913,-0.285923,-0.35399526,0
1.0365252,-0.19175196,-1.6876885,0.44779637,-0.68889439,-0.57000238,0
0.25921166,-1.6903956,-0.51379806,0.44779637,-0.68889439,-0.57000238,0
-1.3954642,-0.034161806,-2.2363663,-0.89046913,-0.285923,-0.35399526,0
1.5455863,1.5571921,0.55127227,0.89046913,0.285923,0.35399526,0
-0.36237323,-1.799996,-0.75605094,0.44779637,-0.68889439,-0.57000238,0
1.5572735,-0.21855333,1.7756797,0.89046913,0.285923,0.35399526,0
1.0702972,-0.37417066,2.5342994,-0.080888391,-0.66608733,0.74147457,0
-1.05968,-0.097562671,-2.8343289,-0.89046913,-0.285923,-0.35399526,0
2.1186392,-1.0288767,0.32522309,0.44779637,-0.68889439,-0.57000238,0
-1.4269643,1.2175406,-1.671587,0.080888391,0.66608733,-0.74147457,0
-1.8991867,-1.4339929,0.32192707,-0.89046913,-0.285923,-0.35399526,0
1.7020537,-1.7938851,0.83317035,0.44779637,-0.68889439,-0.57000238,0
-1.7431204,-1.5447257,1.1090233,-0.080888391,-0.66608733,0.74147457,0
2.3116388,-0.60620832,-0.10560012,0.44779637,-0.68889439,-0.57000238,0
-0.032130241,2.0358596,-0.022286296,-0.44779637,0.68889439,0.57000238,0
-2.125886,1.3674051,-1.2844408,-0.89046913,-0.285923,-0.35399526,0
-1.6681325,-0.62090456,-1.1001502,-0.89046913,-0.285923,-0.35399526,0
0.79486465,1.025877,-1.7377443,0.080888391,0.66608733,-0.74147457,0
2.4409788,0.12126446,-0.78983903,0.44779637,-0.68889439,-0.57000238,0
0.9008503,-1.5952468,1.3694619,-0.080888391,-0.66608733,0.74147457,0
0.71908724,-1.1696995,1.8329461,-0.080888391,-0.66608733,0.74147457,0
0.94447517,-0.99353069,1.8374827,-0.080888391,-0.66608733,0.74147457,0
-1.48485,-1.8528371,-0.16229534,-0.89046913,-0.285923,-0.35399526,0
-0.36096752,-1.9013233,-0.53727925,0.44779637,-0.68889439,-0.57000238,0
0.052914679,-0.39318228,-2.1763816,0.44779637,-0.68889439,-0.57000238,0
-0.58832896,-1.2981405,-1.4798316,0.44779637,-0.68889439,-0.57000238,0
0.60921943,0.2601974,2.8913939,-0.44779637,0.68889439,0.57000238,0
-0.028686404,0.76124799,-2.1174185,0.080888391,0.66608733,-0.74147457,0
1.5227894,1.6940055,0.45477867,0.89046913,0.285923,0.35399526,0
1.1143668,-1.5690278,0.1384441,0.44779637,-0.68889439,-0.57000238,0
1.9532701,-1.1431401,1.4762163,0.89046913,0.285923,0.35399526,0
-1.2466245,-1.8805511,0.78948247,-0.080888391,-0.66608733,0.74147457,0
-1.9773026,1.2456638,-0.39446878,-0.44779637,0.68889439,0.57000238,0
-0.98064792,0.90961552,-1.898507,0.080888391,0.66608733,-0.74147457,0
1.3013819,-1.3141781,-0.11862706,0.44779637,-0.68889439,-0.57000238,0
-0.78570366,-1.4813045,-1.4254892,0.44779637,-0.68889439,-0.57000238,0
-1.4757572,-1.5946065,-0.5701865,-0.89046913,-0.285923,-0.35399526,0
2.2898333,-0.68837893,0.34810793,0.89046913,0.285923,0.35399526,0
-1.3148875,-0.66247678,-1.7439616,-0.89046913,-0.285923,-0.35399526,0
-1.6086874,0.84743273,0.36272594,-0.44779637,0.68889439,0.57000238,0
0.82381785,0.75167418,-1.8191189,0.080888391,0.66608733,-0.74147457,0
-0.012896419,-0.6021719,2.2380567,-0.080888391,-0.66608733,0.74147457,0
-1.8789747,0.60700226,0.43049276,-0.44779637,0.68889439,0.57000238,0
1.2843225,1.8695542,0.76700807,0.89046913,0.285923,0.35399526,0
0.112391,2.0300689,0.16114616,-0.44779637,0.68889439,0.57000238,0
1.5209001,-1.1289954,1.9752958,-0.080888391,-0.66608733,0.74147457,0
-2.4451413,0.15653229,0.47645044,-0.89046913,-0.285923,-0.35399526,0
-1.8329675,-0.19741869,1.5236261,-0.44779637,0.68889439,0.57000238,0
2.2500489,-1.541907,1.1080312,0.89046913,0.285923,0.35399526,0
-1.8365226,-0.70214492,-0.59268987,-0.89046913,-0.285923,-0.35399526,0
1.2882469,2.1216121,-0.71930623,0.080888391,0.66608733,-0.74147457,0
-2.3265831,1.1063714,-0.72968632,-0.89046913,-0.285923,-0.35399526,0
-1.5703598,-0.38931537,1.9740164,-0.44779637,0.68889439,0.57000238,0
1.8632454,1.1913511,0.22586012,0.89046913,0.285923,0.35399526,0
-1.7215588,0.87051082,-2.0802059,-0.89046913,-0.285923,-0.35399526,0
0.16382235,1.1980156,1.218148,-0.44779637,0.68889439,0.57000238,0
-0.38807535,-2.3502018,0.6623224,-0.080888391,-0.66608733,0.74147457,0
-2.2219949,0.088120222,0.73819685,-0.44779637,0.68889439,0.57000238,0
-0.32179201,1.6891406,0.20510417,-0.44779637,0.68889439,0.57000238,0
-0.85163498,0.44729793,-2.5196416,0.080888391,0.66608733,-0.74147457,0
1.8119909,-1.2974764,0.43272677,0.44779637,-0.68889439,-0.57000238,0
-0.85010624,1.7506998,-0.031641304,-0.44779637,0.68889439,0.57000238,0
1.0941224,1.5348837,1.7261004,0.89046913,0.285923,0.35399526,0
0.70582652,1.809613,1.1580751,-0.44779637,0.68889439,0.57000238,0
-0.57870471,0.73207331,1.2518969,-0.44779637,0.68889439,0.57000238,0
-1.6845551,0.92399132,-2.0258944,-0.89046913,-0.285923,-0.35399526,0
2.3920498,-0.19758224,-0.42899907,0.89046913,0.285923,0.35399526,0
1.1534634,-1.3483878,-0.088359408,0.44779637,-0.68889439,-0.57000238,0
-1.1497996,-1.8101737,1.0735853,-0.080888391,-0.66608733,0.74147457,0
2.4748561,1.0946746,-1.4689167,0.89046913,0.285923,0.35399526,0
-1.6420845,0.40168557,-1.7317384,-0.89046913,-0.285923,-0.35399526,0
-1.0544219,-2.5256546,0.19136739,-0.080888391,-0.66608733,0.74147457,0
-1.401566,-1.3384495,-1.1746439,-0.89046913,-0.285923,-0.35399526,0
0.49529719,2.4778819,0.17787194,-0.44779637,0.68889439,0.57000238,0
-2.305531,-0.23012257,1.2574141,-0.44779637,0.68889439,0.57000238,0
-2.1908319,-0.67815137,1.7910452,-0.44779637,0.68889439,0.57000238,0
-0.1460942,-1.1279935,-1.372251,0.44779637,-0.68889439,-0.57000238,0
2.244658,-0.45553875,0.56022251,0.89046913,0.285923,0.35399526,0
2.4612145,0.62101364,-1.5830331,0.44779637,-0.68889439,-0.57000238,0
2.104502,-1.4404391,1.7089273,0.89046913,0.285923,0.35399526,0
0.74808633,-0.93976194,2.0673571,-0.080888391,-0.66608733,0.74147457,0
-0.59592795,-0.5201602,2.1984954,-0.080888391,-0.66608733,0.74147457,0
0.9582361,0.8641566,-1.7402624,0.080888391,0.66608733,-0.74147457,0
-2.233398,0.54837453,-0.20185196,-0.89046913,-0.285923,-0.35399526,0
2.6483877,0.78747034,-1.6445483,0.44779637,-0.68889439,-0.57000238,0
0.27709556,-1.9449627,-0.15386033,0.44779637,-0.68889439,-0.57000238,0
-1.0544529,-0.37990522,-2.5338585,-0.89046913,-0.285923,-0.35399526,0
0.5073179,1.0363741,-1.764698,0.080888391,0.66608733,-0.74147457,0
-0.94260025,-0.53710854,2.1013644,-0.080888391,-0.66608733,0.74147457,0
-0.10492265,-0.44909501,2.2611566,-0.080888391,-0.66608733,0.74147457,0
-0.11266589,-1.7200418,-0.6808964,0.44779637,-0.68889439,-0.57000238,0
-2.2180142,-0.40363216,0.48794651,-0.89046913,-0.285923,-0.35399526,0
-1.6062632,0.53722954,-2.2999773,-0.89046913,-0.285923,-0.35399526,0
-2.0617409,0.26319957,0.82574278,-0.44779637,0.68889439,0.57000238,0
2.318881,-0.50922418,0.16338992,0.89046913,0.285923,0.35399526,0
1.1955477,1.9747934,1.1308093,0.89046913,0.285923,0.35399526,0
-0.084686756,0.77262568,-1.9775887,0.080888391,0.66608733,-0.74147457,0
1.4664893,-0.5037303,-0.77709043,0.44779637,-0.68889439,-0.57000238,0
0.08748579,2.4746048,-0.2232585,-0.44779637,0.68889439,0.57000238,0
0.23439726,-0.45699179,-1.9666996,0.44779637,-0.68889439,-0.57000238,0
-0.00052328408,0.63587952,1.9860798,-0.44779637,0.68889439,0.57000238,0
-0.5363453,0.8891741,1.2311155,-0.44779637,0.68889439,0.57000238,0
-0.65052319,-2.2424664,-0.57138896,0.44779637,-0.68889439,-0.57000238,0
-0.71827316,2.15589,-0.49032933,-0.44779637,0.68889439,0.57000238,0
1.5721188,2.0614684,-0.66132355,0.080888391,0.66608733,-0.74147457,0
-1.0933471,0.57834744,1.246665,-0.44779637,0.68889439,0.57000238,0
1.4310694,2.5478084,-0.075829983,0.89046913,0.285923,0.35399526,0
-2.3425708,0.36424541,-0.30880833,-0.89046913,-0.285923,-0.35399526,0
-1.020391,-2.6048198,0.29006267,-0.080888391,-0.66608733,0.74147457,0
1.9160349,-0.54920077,-0.30497891,0.44779637,-0.68889439,-0.57000238,0
2.1918011,-1.3098267,1.4013343,0.89046913,0.285923,0.35399526,0
2.1165667,0.79156709,-1.8660214,0.080888391,0.66608733,-0.74147457,0
0.58967316,-1.4023504,1.533604,-0.080888391,-0.66608733,0.74147457,0
1.9037712,-0.41073668,0.92349797,0.89046913,0.285923,0.35399526,0
0.67041254,-1.5875015,-0.046939313,0.44779637,-0.68889439,-0.57000238,0
-1.6996439,0.52698863,-2.0541809,-0.89046913,-0.285923,-0.35399526,0
-2.3367872,0.66831779,-0.062795997,-0.89046913,-0.285923,-0.35399526,0
-1.9310024,-2.0100183,0.56206393,-0.89046913,-0.285923,-0.35399526,0
-1.5324717,-0.25647771,-1.8353664,-0.89046913,-0.285923,-0.35399526,0
0.73550808,-0.49939167,2.4368491,-0.080888391,-0.66608733,0.74147457,0
-1.1356224,-2.3360991,-0.84899056,0.44779637,-0.68889439,-0.57000238,0
1.8680756,-1.9014206,0.98669624,0.44779637,-0.68889439,-0.57000238,0
-1.0446702,1.8737543,-0.6013726,-0.44779637,0.68889439,0.57000238,0
-1.3593893,-1.8990273,0.78727281,-0.080888391,-0.66608733,0.74147457,0
1.7974868,1.4093065,0.17542624,0.89046913,0.285923,0.35399526,0
0.27172184,-1.5586811,1.2213166,-0.080888391,-0.66608733,0.74147457,0
0.31045699,0.84495872,-1.9166895,0.080888391,0.66608733,-0.74147457,0
0.07901454,-1.8108473,0.98438352,-0.080888391,-0.66608733,0.74147457,0
0.87231767,0.61215925,2.687041,-0.44779637,0.68889439,0.57000238,0
-1.4045069,-1.9090718,0.91027403,-0.080888391,-0.66608733,0.74147457,0
2.3806391,-1.2742393,0.76239586,0.89046913,0.285923,0.35399526,0
-0.46842301,1.0727075,-1.8833731,0.080888391,0.66608733,-0.74147457,0
1.4028933,-1.5517614,1.3215693,-0.080888391,-0.66608733,0.74147457,0
-2.5399861,-0.75099754,1.6514456,-0.44779637,0.68889439,0.57000238,0
1.5951765,-0.8527317,-0.29935467,0.44779637,-0.68889439,-0.57000238,0
-0.24985719,-2.5528235,0.37033582,0.44779637,-0.68889439,-0.57000238,0
1.5237483,-1.7426776,0.50267321,0.44779637,-0.68889439,-0.57000238,0
-0.68716598,1.0204203,0.85782605,-0.44779637,0.68889439,0.57000238,0
-2.0189891,-1.4757764,0.6865325,-0.89046913,-0.285923,-0.35399526,0
-2.174679,0.065191627,-0.20993233,-0.89046913,-0.285923,-0.35399526,0
-0.56395477,1.052816,1.0279552,-0.44779637,0.68889439,0.57000238,0
1.8359824,0.61692244,0.5541687,0.89046913,0.285923,0.35399526,0
-2.5004179,-0.31658554,0.91866624,-0.89046913,-0.285923,-0.35399526,0
0.37261653,-2.3592365,0.4490031,0.44779637,-0.68889439,-0.57000238,0
-2.3334596,-0.24310362,0.15377986,-0.89046913,-0.285923,-0.35399526,0
0.42730832,1.4244561,-1.3916981,0.080888391,0.66608733,-0.74147457,0
-0.89438176,-2.2545314,0.62507987,-0.080888391,-0.66608733,0.74147457,0
-2.4442859,0.50128865,-0.00093579292,-0.89046913,-0.285923,-0.35399526,0
-1.2105345,1.2904406,-0.012578923,-0.44779637,0.68889439,0.57000238,0
1.2542088,0.3471837,-2.0348308,0.44779637,-0.68889439,-0.57000238,0
1.8192101,1.0938319,0.19335842,0.89046913,0.285923,0.35399526,0
-0.19415307,-2.2667818,-0.061433911,0.44779637,-0.68889439,-0.57000238,0
-1.1519935,-2.1784723,-0.74127829,0.44779637,-0.68889439,-0.57000238,0
0.70327389,0.70332348,-1.951395,0.080888391,0.66608733,-0.74147457,0
-0.48997617,2.3504052,-0.71502721,0.080888391,0.66608733,-0.74147457,0
-0.34159094,-0.96528769,-1.5950484,0.44779637,-0.68889439,-0.57000238,0
2.0818334,-0.21590042,0.49131191,0.89046913,0.285923,0.35399526,0
-0.73749542,-0.73125303,-2.2410088,0.44779637,-0.68889439,-0.57000238,0
-1.2689365,-1.8453025,-1.2093246,-0.89046913,-0.285923,-0.35399526,0
-0.8875351,-2.3828938,-0.29827619,0.44779637,-0.68889439,-0.57000238,0
1.436658,-0.17728448,-1.4117663,0.44779637,-0.68889439,-0.57000238,0
0.047194004,-2.4411588,0.39189732,0.44779637,-0.68889439,-0.57000238,0
2.0135176,-0.30495548,-0.64039743,0.44779637,-0.68889439,-0.57000238,0
0.21887296,1.1120602,1.501072,-0.44779637,0.68889439,0.57000238,0
1.1308093,-1.0031596,1.8356688,-0.080888391,-0.66608733,0.74147457,0
-1.044085,-2.2811623,0.44257581,-0.080888391,-0.66608733,0.74147457,0
2.3699205,0.30716729,-1.1891025,0.44779637,-0.68889439,-0.57000238,0
0.74059892,1.7260278,-0.97750998,0.080888391,0.66608733,-0.74147457,0
-1.5177205,-0.55217969,-1.6118021,-0.89046913,-0.285923,-0.35399526,0
-1.4403079,-0.6124633,-1.3060901,-0.89046913,-0.285923,-0.35399526,0
-0.1674639,-0.21661007,2.4886832,-0.080888391,-0.66608733,0.74147457,0
-0.73492432,1.8949709,-1.0917987,0.080888391,0.66608733,-0.74147457,0
-0.1290133,1.5225228,-1.34124,0.080888391,0.66608733,-0.74147457,0
-0.79608852,-0.78858268,-2.447659,0.44779637,-0.68889439,-0.57000238,0
-1.5187441,-1.2466395,-0.91374862,-0.89046913,-0.285923,-0.35399526,0
-1.0165114,1.0172058,0.77839696,-0.44779637,0.68889439,0.57000238,0
1.2278943,1.6590552,-1.1295483,0.080888391,0.66608733,-0.74147457,0
0.77762246,-1.5554818,1.4590595,-0.080888391,-0.66608733,0.74147457,0
-0.90909708,0.18980801,-2.6059895,0.080888391,0.66608733,-0.74147457,0
0.3961724,-1.4743984,1.4716672,-0.080888391,-0.66608733,0.74147457,0
-1.0858853,-2.1253469,0.65694523,-0.080888391,-0.66608733,0.74147457,0
2.0977349,0.73649907,-0.16674614,0.89046913,0.285923,0.35399526,0
-0.27632427,-2.4414659,0.56383502,-0.080888391,-0.66608733,0.74147457,0
1.7363176,1.5698273,0.039182186,0.89046913,0.285923,0.35399526,0
-0.74620283,0.52577072,-2.3175476,0.080888391,0.66608733,-0.74147457,0
-1.5631593,-0.61714071,-0.96178925,-0.89046913,-0.285923,-0.35399526,0
-1.3419354,2.0478184,-1.0395114,-0.44779637,0.68889439,0.57000238,0
0.04518652,-0.19829345,2.4151149,-0.080888391,-0.66608733,0.74147457,0
0.30171251,-1.4559474,1.2887627,-0.080888391,-0.66608733,0.74147457,0
-0.79974955,-1.1502534,-1.9718025,0.44779637,-0.68889439,-0.57000238,0
-1.2681334,-2.581959,-0.16666913,-0.89046913,-0.285923,-0.35399526,0
2.0149722,-1.4067464,0.48359695,0.44779637,-0.68889439,-0.57000238,0
-1.3278019,-2.0708764,-0.49702859,-0.89046913,-0.285923,-0.35399526,0
-0.53025556,-1.4646908,1.4090979,-0.080888391,-0.66608733,0.74147457,0
-0.16147494,-0.13903785,-2.6751318,0.44779637,-0.68889439,-0.57000238,0
0.85646141,2.0438981,0.8656702,-0.44779637,0.68889439,0.57000238,0
2.5680439,-0.41076946,-0.20907116,0.89046913,0.285923,0.35399526,0
1.6250672,0.76853824,-1.9526013,0.080888391,0.66608733,-0.74147457,0
-0.91055512,-2.8136017,-0.05503583,0.44779637,-0.68889439,-0.57000238,0
-0.42388225,-0.029870033,2.435235,-0.44779637,0.68889439,0.57000238,0
1.2587347,0.62864494,-2.0917683,0.080888391,0.66608733,-0.74147457,0
1.9490467,1.41563,-0.48271489,0.89046913,0.285923,0.35399526,0
-0.29104722,-1.9876463,-0.56277847,0.44779637,-0.68889439,-0.57000238,0
-2.3753486,0.12631965,0.40992987,-0.89046913,-0.285923,-0.35399526,0
1.9632877,-0.89820671,1.1666653,0.89046913,0.285923,0.35399526,0
1.0277179,2.1818981,0.84057558,-0.44779637,0.68889439,0.57000238,0
1.2398314,-1.4030288,0.18453431,0.44779637,-0.68889439,-0.57000238,0
-2.3417716,0.74121022,-0.17961669,-0.89046913,-0.285923,-0.35399526,0
-0.90602767,1.889555,-0.49343312,-0.44779637,0.68889439,0.57000238,0
2.3408051,0.28561258,-1.0148413,0.44779637,-0.68889439,-0.57000238,0
-2.0816107,-0.026070714,-0.30931985,-0.89046913,-0.285923,-0.35399526,0
-0.60135436,-1.3759871,1.301729,-0.080888391,-0.66608733,0.74147457,0
2.3740482,0.98848176,-1.2123808,0.89046913,0.285923,0.35399526,0
-1.8502947,-0.66055286,-0.55778134,-0.89046913,-0.285923,-0.35399526,0
0.69041097,-2.1588397,0.40935445,0.44779637,-0.68889439,-0.57000238,0
-0.6322844,-2.0492921,-0.69831514,0.44779637,-0.68889439,-0.57000238,0
-0.67796564,-0.29861808,-2.7095981,0.44779637,-0.68889439,-0.57000238,0
-0.18373454,-1.6063774,-0.68631065,0.44779637,-0.68889439,-0.57000238,0
-1.9055506,1.0426897,-0.29260093,-0.44779637,0.68889439,0.57000238,0
2.1479876,-0.83613348,0.99634683,0.89046913,0.285923,0.35399526,0
0.16966206,-1.0208912,-1.2576526,0.44779637,-0.68889439,-0.57000238,0
1.2804559,2.2272723,0.53119969,0.89046913,0.285923,0.35399526,0
2.2403855,1.1759982,-1.5014533,0.080888391,0.66608733,-0.74147457,0
1.7002383,1.9349607,-0.27482796,0.89046913,0.285923,0.35399526,0
1.2751195,0.21931225,2.4077504,0.89046913,0.285923,0.35399526,0
-0.65628207,0.41756189,-2.3887823,0.080888391,0.66608733,-0.74147457,0
0.90888166,2.3054783,-0.49413228,0.080888391,0.66608733,-0.74147457,0
-2.5143938,0.021217346,0.54690516,-0.44779637,0.68889439,0.57000238,0
1.6575863,1.1139505,0.69125187,0.89046913,0.285923,0.35399526,0
1.757157,-0.6653415,1.799765,0.89046913,0.285923,0.35399526,0
-1.332711,0.75493085,0.82657063,-0.44779637,0.68889439,0.57000238,0
-0.89487481,0.84844011,-2.1003714,0.080888391,0.66608733,-0.74147457,0
-1.6349307,0.23667349,-1.8321117,-0.89046913,-0.285923,-0.35399526,0
0.1387099,-0.038603425,2.5615289,-0.080888391,-0.66608733,0.74147457,0
0.75485659,2.4993193,-0.41160285,0.080888391,0.66608733,-0.74147457,0
1.1935214,1.6607213,-1.1536001,0.080888391,0.66608733,-0.74147457,0
1.6689656,0.18054301,1.3780162,0.89046913,0.285923,0.35399526,0
1.0454304,1.9423895,-0.74044454,0.080888391,0.66608733,-0.74147457,0
1.16347,-0.7343812,2.2758141,-0.080888391,-0.66608733,0.74147457,0
1.7038553,1.4132426,0.12754154,0.89046913,0.285923,0.35399526,0
1.072762,-0.97260314,1.9837035,-0.080888391,-0.66608733,0.74147457,0
-1.4074259,-2.3264091,-0.059049845,-0.89046913,-0.285923,-0.35399526,0
-0.55986387,-1.3974929,-1.3362889,0.44779637,-0.68889439,-0.57000238,0
-1.4481747,0.71893609,0.63886291,-0.44779637,0.68889439,0.57000238,0
-0.99503338,-1.1855257,-2.1390667,-0.89046913,-0.285923,-0.35399526,0
-2.21894,-0.34721303,1.2982968,-0.44779637,0.68889439,0.57000238,0
2.2802005,1.5482968,-1.116556,0.89046913,0.285923,0.35399526,0
0.37828162,-1.0874141,-1.111955,0.44779637,-0.68889439,-0.57000238,0
-1.4735399,-0.23931074,1.9216943,-0.44779637,0.68889439,0.57000238,0
-1.825091,-1.7769272,0.99478507,-0.080888391,-0.66608733,0.74147457,0
0.83219993,1.7316717,1.2180092,-0.44779637,0.68889439,0.57000238,0
-0.86181688,0.66757584,1.1110849,-0.44779637,0.68889439,0.57000238,0
0.88162887,-0.75382423,2.0496871,-0.080888391,-0.66608733,0.74147457,0
-0.47887969,1.9179282,0.0099215508,-0.44779637,0.68889439,0.57000238,0
-2.1874712,1.4322098,-0.98734039,-0.44779637,0.68889439,0.57000238,0
-1.4586846,-0.8590712,-1.4792157,-0.89046913,-0.285923,-0.35399526,0
0.31256974,-0.39855266,2.2534122,-0.080888391,-0.66608733,0.74147457,0
0.37863493,2.5691333,-0.10921931,-0.44779637,0.68889439,0.57000238,0
-1.8734539,0.19246405,-1.0075173,-0.89046913,-0.285923,-0.35399526,0
1.6126655,1.0330584,-1.4659741,0.080888391,0.66608733,-0.74147457,0
-2.1662087,1.0521568,-1.265661,-0.89046913,-0.285923,-0.35399526,0
0.048176289,-2.3892434,0.13396823,0.44779637,-0.68889439,-0.57000238,0
0.47582865,1.7520208,-1.1926581,0.080888391,0.66608733,-0.74147457,0
-1.0298518,-1.593556,1.1709331,-0.080888391,-0.66608733,0.74147457,0
-1.6240733,-1.5372962,-0.27874017,-0.89046913,-0.285923,-0.35399526,0
-0.098218083,-0.09133482,2.7302353,-0.080888391,-0.66608733,0.74147457,0
2.3807583,0.32709575,-1.0279056,0.44779637,-0.68889439,-0.57000238,0
0.0033767819,-1.0190333,-1.3832141,0.44779637,-0.68889439,-0.57000238,0
-0.088148475,0.84757781,-1.8800199,0.080888391,0.66608733,-0.74147457,0
-1.0852146,-1.3722072,-1.6918557,-0.89046913,-0.285923,-0.35399526,0
1.5986986,-0.0062651634,-1.261328,0.44779637,-0.68889439,-0.57000238,0
2.4388053,0.10936856,-0.79433167,0.89046913,0.285923,0.35399526,0
1.8020282,0.028299451,1.3636984,0.89046913,0.285923,0.35399526,0
-0.17275938,0.50505567,1.8745775,-0.44779637,0.68889439,0.57000238,0
1.7011786,1.8709831,0.015732288,0.89046913,0.285923,0.35399526,0
-1.044988,-1.2132938,-2.1323919,0.44779637,-0.68889439,-0.57000238,0
0.50980508,-1.1688836,-0.69282871,0.44779637,-0.68889439,-0.57000238,0
0.64481848,1.2095171,1.7145709,-0.44779637,0.68889439,0.57000238,0
0.91778708,0.098910332,2.9407346,-0.080888391,-0.66608733,0.74147457,0
1.9738334,0.25482917,0.26686275,0.89046913,0.285923,0.35399526,0
0.3651123,-1.6495281,-0.31993437,0.44779637,-0.68889439,-0.57000238,0
0.59776902,0.48805296,2.5667655,-0.44779637,0.68889439,0.57000238,0
1.8651361,-0.97125494,1.5023214,0.89046913,0.285923,0.35399526,0
-2.027935,-0.84059453,1.7546139,-0.080888391,-0.66608733,0.74147457,0
-1.4148316,-0.62604326,-1.6009834,-0.89046913,-0.285923,-0.35399526,0
-1.9507105,-0.40964079,1.5623534,-0.44779637,0.68889439,0.57000238,0
-0.20889068,-1.3740404,1.4782804,-0.080888391,-0.66608733,0.74147457,0
0.19653761,1.4529791,0.89137381,-0.44779637,0.68889439,0.57000238,0
1.4803106,-0.8567611,-0.31837094,0.44779637,-0.68889439,-0.57000238,0
0.85576129,2.0988579,-0.67111111,0.080888391,0.66608733,-0.74147457,0
1.0574665,2.8578649,-0.063667774,0.080888391,0.66608733,-0.74147457,0
-2.2260659,1.5064424,-1.0261756,-0.44779637,0.68889439,0.57000238,0
1.4688704,1.0329965,0.93765438,0.89046913,0.285923,0.35399526,0
0.30374646,1.8228018,0.52409077,-0.44779637,0.68889439,0.57000238,0
-1.8941097,-0.21718478,1.4045887,-0.44779637,0.68889439,0.57000238,0
0.047022343,-1.7125106,-0.68987983,0.44779637,-0.68889439,-0.57000238,0
-1.4847872,-2.1158993,-0.16896224,-0.89046913,-0.285923,-0.35399526,0
-2.3150201,0.76191163,-0.045897007,-0.44779637,0.68889439,0.57000238,0
-2.4835439,-0.92017651,1.0904682,-0.89046913,-0.285923,-0.35399526,0
2.1816416,0.50357938,-1.602174,0.44779637,-0.68889439,-0.57000238,0
-0.97255677,-1.3625134,-1.9119022,0.44779637,-0.68889439,-0.57000238,0
2.3374259,0.9419663,-1.2041779,0.89046913,0.285923,0.35399526,0
-0.34964442,1.9343239,0.045191646,-0.44779637,0.68889439,0.57000238,0
1.9271259,-1.0040432,1.3618441,0.89046913,0.285923,0.35399526,0
-2.0797315,1.3112924,-1.2745318,-0.89046913,-0.285923,-0.35399526,0
1.2736039,0.12595582,2.173481,0.89046913,0.285923,0.35399526,0
1.5620686,1.5935376,0.41779327,0.89046913,0.285923,0.35399526,0
-0.27800351,0.78934646,1.4304073,-0.44779637,0.68889439,0.57000238,0
2.286016,-0.24005961,-0.49781215,0.44779637,-0.68889439,-0.57000238,0
-1.1038585,-1.3120762,-1.8409405,0.44779637,-0.68889439,-0.57000238,0
1.4395192,0.88799268,1.546423,0.89046913,0.285923,0.35399526,0
1.5341609,1.7979102,0.55527174,0.89046913,0.285923,0.35399526,0
0.29383826,-2.1407418,0.79023039,-0.080888391,-0.66608733,0.74147457,0
0.62781364,-1.0669329,-0.70791459,0.44779637,-0.68889439,-0.57000238,0
-0.81578875,-2.0589447,0.72639859,-0.080888391,-0.66608733,0.74147457,0
-1.7830992,1.6018996,-1.3468798,0.080888391,0.66608733,-0.74147457,0
-0.041701794,-2.4323871,0.37778389,-0.080888391,-0.66608733,0.74147457,0
0.21677566,2.3054945,-0.0041981936,-0.44779637,0.68889439,0.57000238,0
-0.97920102,-0.50990486,-2.7843602,0.44779637,-0.68889439,-0.57000238,0
2.0557108,-1.0251703,1.1967313,0.89046913,0.285923,0.35399526,0
0.4119221,0.18453813,-2.4313979,0.080888391,0.66608733,-0.74147457,0
-0.48961568,-1.8117828,0.90558767,-0.080888391,-0.66608733,0.74147457,0
1.2315146,1.3771116,-1.2856405,0.080888391,0.66608733,-0.74147457,0
-1.8522668,-0.19903141,-0.61045861,-0.89046913,-0.285923,-0.35399526,0
-1.4511167,-0.44873303,-1.9113204,-0.89046913,-0.285923,-0.35399526,0
2.4566414,0.9896605,-1.4594561,0.080888391,0.66608733,-0.74147457,0
0.58518147,-0.71907234,-1.2886418,0.44779637,-0.68889439,-0.57000238,0
0.20557964,1.6085733,1.0088246,-0.44779637,0.68889439,0.57000238,0
-1.6313872,1.5731634,-0.48951089,-0.44779637,0.68889439,0.57000238,0
0.76039112,1.2651929,1.6346369,-0.44779637,0.68889439,0.57000238,0
-2.0294895,1.2422111,-1.398008,-0.89046913,-0.285923,-0.35399526,0
-1.7524401,1.8883941,-1.179179,0.080888391,0.66608733,-0.74147457,0
1.6818476,-1.0640142,1.9104223,-0.080888391,-0.66608733,0.74147457,0
-2.2545547,-0.58204985,0.51071453,-0.89046913,-0.285923,-0.35399526,0
-2.3870499,-0.69927764,1.094048,-0.89046913,-0.285923,-0.35399526,0
2.1893723,-0.21839118,-0.6884824,0.44779637,-0.68889439,-0.57000238,0
1.1449887,-1.2886455,1.5912616,-0.080888391,-0.66608733,0.74147457,0
1.9983698,-1.7525592,1.4256965,-0.080888391,-0.66608733,0.74147457,0
-0.29927891,-1.4954565,-1.2072232,0.44779637,-0.68889439,-0.57000238,0
0.4714005,0.25031328,-2.3627739,0.080888391,0.66608733,-0.74147457,0
2.1925306,0.65070724,-1.650674,0.44779637,-0.68889439,-0.57000238,0
-1.3135325,-1.5836536,1.0014877,-0.080888391,-0.66608733,0.74147457,0
-0.3018862,1.1994467,-1.7115699,0.080888391,0.66608733,-0.74147457,0
-1.4148377,-0.9505198,1.816088,-0.080888391,-0.66608733,0.74147457,0
-1.0479667,-2.5113266,0.44861817,-0.080888391,-0.66608733,0.74147457,0
-2.2906961,-0.92847681,1.5740584,-0.080888391,-0.66608733,0.74147457,0
-1.260746,-1.9001093,-0.88988316,-0.89046913,-0.285923,-0.35399526,0
-1.8539237,1.7885627,-1.2068752,0.080888391,0.66608733,-0.74147457,0
-1.4666941,0.307006,-2.0051413,-0.89046913,-0.285923,-0.35399526,0
0.61438334,-1.2993827,1.5200036,-0.080888391,-0.66608733,0.74147457,0
-1.4374847,-0.48275208,2.0532038,-0.080888391,-0.66608733,0.74147457,0
-0.63566947,1.7602324,0.083978295,-0.44779637,0.68889439,0.57000238,0
-2.1308491,-0.72525787,0.35902345,-0.89046913,-0.285923,-0.35399526,0
-1.2970688,0.0037918091,-2.2427254,-0.89046913,-0.285923,-0.35399526,0
-1.775604,0.9763273,-1.7415001,-0.89046913,-0.285923,-0.35399526,0
2.3438597,-0.29159045,-0.12822342,0.89046913,0.285923,0.35399526,0
