-0.34152973,1.6836971,-0.64255643,-0.14962459,0.96758914,0.20342901,0
-0.69221044,-0.97982967,-1.7390387,-0.85080266,-0.021175385,-0.52505851,0
0.423455,-1.3949986,-0.62877107,0.14962459,-0.96758914,-0.20342901,0
1.3264115,1.841023,-0.37959272,0.50373316,0.2516396,-0.82639587,0
0.4423829,0.85340738,2.0457392,0.85080266,0.021175385,0.52505851,0
0.81348181,-1.2432801,-0.57503283,0.14962459,-0.96758914,-0.20342901,0
-1.9602607,0.52403903,0.69324768,-0.50373316,-0.2516396,0.82639587,0
-0.61621749,1.3604327,0.7140224,-0.14962459,0.96758914,0.20342901,0
1.3641913,0.018340111,-1.066837,0.50373316,0.2516396,-0.82639587,0
-0.32650805,-1.5013177,-0.4577319,0.14962459,-0.96758914,-0.20342901,0
-1.0751255,-1.4848351,-1.0211812,-0.85080266,-0.021175385,-0.52505851,0
-0.049436808,-1.4339573,-0.55612832,0.14962459,-0.96758914,-0.20342901,0
1.6024854,0.48422682,0.14590979,0.85080266,0.021175385,0.52505851,0
-0.49178642,-0.34569979,1.39688,-0.50373316,-0.2516396,0.82639587,0
0.35392141,-1.1840706,-1.7042447,0.14962459,-0.96758914,-0.20342901,0
0.54041266,1.5820947,0.68227321,-0.14962459,0.96758914,0.20342901,0
-1.8494005,-0.86336565,0.5108285,-0.50373316,-0.2516396,0.82639587,0
-0.88729554,-1.4073372,-1.1681765,0.14962459,-0.96758914,-0.20342901,0
-1.8575937,-1.1270487,0.15334731,-0.85080266,-0.021175385,-0.52505851,0
-1.0737143,-0.020663857,1.2523272,-0.50373316,-0.2516396,0.82639587,0
-1.1448072,-0.53259152,-1.037003,-0.85080266,-0.021175385,-0.52505851,0
-1.7048752,0.79538572,-0.11592042,-0.85080266,-0.021175385,-0.52505851,0
0.68354118,-1.3992682,1.7891142,0.85080266,0.021175385,0.52505851,0
0.87729061,0.6079793,1.3699802,0.85080266,0.021175385,0.52505851,0
-1.3739301,1.3855754,-0.382182,-0.14962459,0.96758914,0.20342901,0
-0.40464664,1.6991812,-0.67730618,-0.14962459,0.96758914,0.20342901,0
1.1682105,1.4364014,0.75891197,0.85080266,0.021175385,0.52505851,0
-0.82541215,-1.6978086,-0.044026379,0.14962459,-0.96758914,-0.20342901,0
1.5224839,0.30826986,-0.67403537,0.50373316,0.2516396,-0.82639587,0
-0.60877526,1.2590719,1.3586584,-0.14962459,0.96758914,0.20342901,0
-1.8279357,-0.038436651,-0.043674111,-0.85080266,-0.021175385,-0.52505851,0
-0.43520051,0.61739779,-1.897727,0.50373316,0.2516396,-0.82639587,0
-1.3026431,1.0992411,-0.8650142,-0.85080266,-0.021175385,-0.52505851,0
1.1035569,-1.5424613,1.2349935,0.85080266,0.021175385,0.52505851,0
-1.4083771,-0.36702824,-0.41000217,-0.85080266,-0.021175385,-0.52505851,0
-0.56648207,-1.1401396,1.0917068,-0.50373316,-0.2516396,0.82639587,0
0.50510812,1.809554,-0.79404008,-0.14962459,0.96758914,0.20342901,0
-1.8954716,-0.77469814,0.097847581,-0.85080266,-0.021175385,-0.52505851,0
-1.5975114,-0.73353815,0.68658447,-0.50373316,-0.2516396,0.82639587,0
-0.31622684,-1.3703123,-1.4217844,0.14962459,-0.96758914,-0.20342901,0
-0.33469349,1.0519981,1.9092119,-0.50373316,-0.2516396,0.82639587,0
-1.1882341,-1.8942983,0.29579499,0.14962459,-0.96758914,-0.20342901,0
0.37209845,-1.5296721,0.60986316,0.14962459,-0.96758914,-0.20342901,0
0.38610244,-0.89247137,1.6700954,-0.50373316,-0.2516396,0.82639587,0
1.8513136,0.4524349,-0.49784118,0.50373316,0.2516396,-0.82639587,0
-1.3410901,0.36073661,1.0623506,-0.50373316,-0.2516396,0.82639587,0
0.051379919,-1.6393574,0.66188884,0.14962459,-0.96758914,-0.20342901,0
0.59287286,-1.669309,1.2613019,0.14962459,-0.96758914,-0.20342901,0
1.0425811,0.96264243,1.1862411,0.85080266,0.021175385,0.52505851,0
-0.10357141,1.7812173,-1.4541618,0.50373316,0.2516396,-0.82639587,0
1.2099161,0.61022544,-0.78505361,0.50373316,0.2516396,-0.82639587,0
0.63873959,1.5824599,0.54339409,-0.14962459,0.96758914,0.20342901,0
-1.1804231,-0.8464517,-0.99655545,-0.85080266,-0.021175385,-0.52505851,0
-1.6156908,-1.1330861,0.4595311,-0.50373316,-0.2516396,0.82639587,0
-1.6024239,-1.2412814,0.58082587,-0.50373316,-0.2516396,0.82639587,0
1.564893,-1.2016569,-0.9107421,0.14962459,-0.96758914,-0.20342901,0
-1.7382269,-0.13781643,0.66371828,-0.50373316,-0.2516396,0.82639587,0
0.13410163,1.753804,-0.45526087,-0.14962459,0.96758914,0.20342901,0
0.70687842,1.2968568,1.4947511,0.85080266,0.021175385,0.52505851,0
1.3626391,1.5134102,0.50595653,0.85080266,0.021175385,0.52505851,0
-1.233739,1.093498,-0.76897216,-0.85080266,-0.021175385,-0.52505851,0
-0.76937902,-1.792048,0.89355868,-0.50373316,-0.2516396,0.82639587,0
0.8599984,-0.75600702,1.619177,0.85080266,0.021175385,0.52505851,0
1.5752175,0.22692955,-0.71657276,0.50373316,0.2516396,-0.82639587,0
0.61523807,-0.16159928,-1.3685303,0.50373316,0.2516396,-0.82639587,0
-0.35656244,0.64286554,1.788095,-0.50373316,-0.2516396,0.82639587,0
-0.20667541,1.2662855,1.2964191,-0.14962459,0.96758914,0.20342901,0
0.42890829,1.1286818,1.9883981,0.85080266,0.021175385,0.52505851,0
0.00087857246,-1.6325195,0.72648275,0.14962459,-0.96758914,-0.20342901,0
0.96523023,0.13599101,1.3709242,0.85080266,0.021175385,0.52505851,0
0.32125914,1.6207137,-0.31754673,-0.14962459,0.96758914,0.20342901,0
0.57613343,0.50137985,1.7576244,0.85080266,0.021175385,0.52505851,0
-0.34057891,0.68596447,-1.7324866,0.50373316,0.2516396,-0.82639587,0
-1.6146662,1.2227201,0.70985234,-0.14962459,0.96758914,0.20342901,0
2.0142276,-0.96622896,-0.82855093,0.50373316,0.2516396,-0.82639587,0
-0.96966654,-0.62052429,-1.0814377,-0.85080266,-0.021175385,-0.52505851,0
0.30887258,1.4253645,0.50697106,-0.14962459,0.96758914,0.20342901,0
0.71340895,1.6431204,-0.00028932095,-0.14962459,0.96758914,0.20342901,0
-0.16265166,-1.3996859,-0.41791797,0.14962459,-0.96758914,-0.20342901,0
-0.97913802,-1.6368593,-0.57309437,0.14962459,-0.96758914,-0.20342901,0
-0.57171476,-0.23474342,-1.8574026,-0.85080266,-0.021175385,-0.52505851,0
-0.28600526,1.5403465,-1.6220524,0.50373316,0.2516396,-0.82639587,0
-0.63681215,-0.78213799,1.2599249,-0.50373316,-0.2516396,0.82639587,0
0.44649583,0.42320514,-1.4237413,0.50373316,0.2516396,-0.82639587,0
1.377978,0.81002665,0.77943313,0.85080266,0.021175385,0.52505851,0
-1.1332546,-0.68334734,0.85387069,-0.50373316,-0.2516396,0.82639587,0
1.2162322,1.7402545,-0.34801149,-0.14962459,0.96758914,0.20342901,0
1.748572,-0.6841439,-0.1297282,0.85080266,0.021175385,0.52505851,0
-1.3462578,-0.76561129,-0.8270846,-0.85080266,-0.021175385,-0.52505851,0
0.45011425,-1.7407119,0.98786443,0.14962459,-0.96758914,-0.20342901,0
-1.1532357,1.417439,-0.17832637,-0.14962459,0.96758914,0.20342901,0
-0.96178555,1.1168381,1.044219,-0.14962459,0.96758914,0.20342901,0
-1.4864523,-0.7458756,0.6379019,-0.50373316,-0.2516396,0.82639587,0
0.85305071,-1.4437194,1.5113435,0.85080266,0.021175385,0.52505851,0
-1.0318999,-1.656213,0.63265389,-0.50373316,-0.2516396,0.82639587,0
-0.79087996,-1.4719844,-0.89670914,0.14962459,-0.96758914,-0.20342901,0
1.3813268,0.33334029,-0.82966906,0.50373316,0.2516396,-0.82639587,0
-0.83966726,0.87433243,-1.5604687,-0.85080266,-0.021175385,-0.52505851,0
0.62995541,-1.3304698,-0.92905766,0.14962459,-0.96758914,-0.20342901,0
-1.5120165,-1.5766902,-0.52258289,-0.85080266,-0.021175385,-0.52505851,0
1.3883895,-1.3134073,0.71447039,0.85080266,0.021175385,0.52505851,0
-1.2573674,1.2940896,-0.0052531958,-0.14962459,0.96758914,0.20342901,0
-0.61186546,-0.71288252,1.1075945,-0.50373316,-0.2516396,0.82639587,0
-1.5050077,-0.88050109,-0.23028827,-0.85080266,-0.021175385,-0.52505851,0
0.05442977,1.0633627,2.2059774,-0.14962459,0.96758914,0.20342901,0
0.18853176,1.6395926,0.14927989,-0.14962459,0.96758914,0.20342901,0
1.2128136,-1.2847328,-0.15726244,0.14962459,-0.96758914,-0.20342901,0
-1.6041706,-0.59539652,0.65074468,-0.50373316,-0.2516396,0.82639587,0
-0.54218006,-1.8251194,0.71526122,0.14962459,-0.96758914,-0.20342901,0
1.0887207,-1.4974515,0.16464841,0.14962459,-0.96758914,-0.20342901,0
-1.6841111,-1.3261541,0.29624623,-0.50373316,-0.2516396,0.82639587,0
-1.3216475,0.21168101,1.0588305,-0.50373316,-0.2516396,0.82639587,0
-0.96011961,-1.8869057,0.62809521,0.14962459,-0.96758914,-0.20342901,0
-1.6292703,-0.044880152,-0.19472277,-0.85080266,-0.021175385,-0.52505851,0
-0.65551257,1.7900354,-1.623369,-0.14962459,0.96758914,0.20342901,0
-1.4620802,-1.7497431,-0.39595246,0.14962459,-0.96758914,-0.20342901,0
1.0056481,-1.5190804,0.53931761,0.14962459,-0.96758914,-0.20342901,0
1.4169683,1.4569722,0.41620025,0.85080266,0.021175385,0.52505851,0
-1.7232662,-0.14128232,-0.0062416792,-0.85080266,-0.021175385,-0.52505851,0
1.4153321,-0.72403276,-1.1469178,0.50373316,0.2516396,-0.82639587,0
-0.25746024,1.263202,1.1904904,-0.14962459,0.96758914,0.20342901,0
-1.1966538,-1.3138419,0.71653032,-0.50373316,-0.2516396,0.82639587,0
-1.4923891,-1.8613758,0.040892303,0.14962459,-0.96758914,-0.20342901,0
-0.11996484,1.0992328,1.7936528,-0.14962459,0.96758914,0.20342901,0
-0.25128031,-1.5175755,-0.29663765,0.14962459,-0.96758914,-0.20342901,0
-0.19733843,0.46027803,1.7770718,-0.50373316,-0.2516396,0.82639587,0
0.27834487,1.0558572,2.0730629,-0.14962459,0.96758914,0.20342901,0
0.31729329,-1.4010084,-0.70855683,0.14962459,-0.96758914,-0.20342901,0
1.6547192,1.6834346,-0.37123692,0.50373316,0.2516396,-0.82639587,0
-1.0065689,-1.2436502,-1.0902604,-0.85080266,-0.021175385,-0.52505851,0
-0.55211091,-1.8097421,0.88430578,0.14962459,-0.96758914,-0.20342901,0
0.33971083,-1.61761,0.33938104,0.14962459,-0.96758914,-0.20342901,0
-0.70824367,1.1768532,1.0846109,-0.14962459,0.96758914,0.20342901,0
0.38808224,-0.098023772,2.1086357,0.85080266,0.021175385,0.52505851,0
1.7804787,0.12500679,0.089073062,0.85080266,0.021175385,0.52505851,0
-1.5263596,-1.2401292,-0.24569583,-0.85080266,-0.021175385,-0.52505851,0
0.17956948,1.745535,-1.149415,-0.14962459,0.96758914,0.20342901,0
1.7418091,-1.0773475,-0.6452142,0.14962459,-0.96758914,-0.20342901,0
-0.37838101,1.2966249,1.2942014,-0.14962459,0.96758914,0.20342901,0
-1.8766103,-1.6752549,0.18483961,-0.85080266,-0.021175385,-0.52505851,0
0.41019511,1.611325,-1.0387702,0.50373316,0.2516396,-0.82639587,0
1.9202427,-0.72386491,-0.23482883,0.85080266,0.021175385,0.52505851,0
-1.5344938,0.17275393,-0.54901791,-0.85080266,-0.021175385,-0.52505851,0
1.7829987,-0.23268771,-0.88590437,0.50373316,0.2516396,-0.82639587,0
-1.7306464,-1.3041486,0.013938427,-0.85080266,-0.021175385,-0.52505851,0
1.2616894,0.34417301,0.64133269,0.85080266,0.021175385,0.52505851,0
-0.58470386,-1.1500924,-1.8736521,-0.85080266,-0.021175385,-0.52505851,0
-1.7252136,-1.5680622,0.18087003,-0.50373316,-0.2516396,0.82639587,0
1.0182247,1.7527835,-0.46244806,-0.14962459,0.96758914,0.20342901,0
-2.1504679,0.52643776,0.77191603,-0.50373316,-0.2516396,0.82639587,0
-0.77577186,-1.3192811,-1.221252,0.14962459,-0.96758914,-0.20342901,0
0.38278651,-1.479419,-0.29918933,0.14962459,-0.96758914,-0.20342901,0
0.19556975,1.4724067,0.7697289,-0.14962459,0.96758914,0.20342901,0
0.88408989,-0.63960373,1.4284804,0.85080266,0.021175385,0.52505851,0
1.5308241,0.68013418,0.22861016,0.85080266,0.021175385,0.52505851,0
-0.2168088,-1.4420323,1.1450642,-0.50373316,-0.2516396,0.82639587,0
-0.85640955,-1.4694512,0.81821328,-0.50373316,-0.2516396,0.82639587,0
1.4114919,-0.73717785,-1.0894811,0.50373316,0.2516396,-0.82639587,0
1.922753,-1.1818149,-0.67951024,0.14962459,-0.96758914,-0.20342901,0
-0.2285012,0.92018443,-1.6922116,0.50373316,0.2516396,-0.82639587,0
0.97388208,-1.5580432,0.87137473,0.14962459,-0.96758914,-0.20342901,0
-1.1710953,-1.5780491,-0.25348648,0.14962459,-0.96758914,-0.20342901,0
-1.2710277,-1.3559375,-0.74998176,-0.85080266,-0.021175385,-0.52505851,0
0.63774264,1.8072507,-0.88359797,-0.14962459,0.96758914,0.20342901,0
-0.88900423,1.096378,-1.429225,-0.85080266,-0.021175385,-0.52505851,0
1.5635357,0.61900961,0.19889992,0.85080266,0.021175385,0.52505851,0
-0.70122349,1.2967927,-1.7744035,0.50373316,0.2516396,-0.82639587,0
1.5442674,1.6266811,0.42699373,0.85080266,0.021175385,0.52505851,0
1.7433789,-0.25323319,-0.79999393,0.50373316,0.2516396,-0.82639587,0
0.62907314,1.487345,0.74309915,-0.14962459,0.96758914,0.20342901,0
-0.528503,-0.63663441,-2.0494585,-0.85080266,-0.021175385,-0.52505851,0
-0.058392704,0.12957382,-1.9033409,0.50373316,0.2516396,-0.82639587,0
0.83220255,-0.65279734,1.6058224,0.85080266,0.021175385,0.52505851,0
-1.8913217,-0.47876763,0.25134236,-0.85080266,-0.021175385,-0.52505851,0
1.9620862,0.7245059,-0.35134816,0.85080266,0.021175385,0.52505851,0
1.427597,-0.70691824,-1.1668632,0.50373316,0.2516396,-0.82639587,0
0.43368363,-1.7241662,1.58201,-0.50373316,-0.2516396,0.82639587,0
0.14621091,-1.3756361,-0.94287336,0.14962459,-0.96758914,-0.20342901,0
1.5027779,1.8655155,0.0034777224,-0.14962459,0.96758914,0.20342901,0
0.26221132,-0.36749822,1.7525556,-0.50373316,-0.2516396,0.82639587,0
-0.06251806,-1.0610869,-2.1715353,0.14962459,-0.96758914,-0.20342901,0
0.95482922,0.058290124,-1.1210721,0.50373316,0.2516396,-0.82639587,0
1.3404638,-0.62837672,0.83707833,0.85080266,0.021175385,0.52505851,0
-1.8550987,-0.36111927,0.2255041,-0.85080266,-0.021175385,-0.52505851,0
-0.9543736,1.3105068,-1.4804087,-0.85080266,-0.021175385,-0.52505851,0
-0.34115434,-1.4591058,-1.0541351,0.14962459,-0.96758914,-0.20342901,0
1.4068536,-0.13637853,-1.0079253,0.50373316,0.2516396,-0.82639587,0
0.66724461,0.051830173,1.7545927,0.85080266,0.021175385,0.52505851,0
2.097959,-0.34903765,-0.71027601,0.50373316,0.2516396,-0.82639587,0
-0.93339539,0.036722504,-1.2674875,-0.85080266,-0.021175385,-0.52505851,0
1.7558268,0.48578835,-0.10710132,0.85080266,0.021175385,0.52505851,0
0.89750904,0.0027061701,-1.2220848,0.50373316,0.2516396,-0.82639587,0
0.77890539,1.7248969,-0.24400511,-0.14962459,0.96758914,0.20342901,0
2.0442297,-0.73547161,-0.51285446,0.85080266,0.021175385,0.52505851,0
-1.6411551,-0.69829786,-0.24592608,-0.85080266,-0.021175385,-0.52505851,0
-1.9707024,0.2819643,0.36768937,-0.85080266,-0.021175385,-0.52505851,0
-0.2175619,-1.1491827,-2.2837026,0.14962459,-0.96758914,-0.20342901,0
0.57059479,0.37320483,1.7644674,0.85080266,0.021175385,0.52505851,0
-0.70516986,-0.70540172,-1.8463163,-0.85080266,-0.021175385,-0.52505851,0
1.444083,0.018142819,0.45363021,0.85080266,0.021175385,0.52505851,0
2.0040634,0.067283154,-0.2867496,0.85080266,0.021175385,0.52505851,0
0.87749648,-1.4921798,0.56773925,0.14962459,-0.96758914,-0.20342901,0
-1.1352865,-0.95162922,-0.88730943,-0.85080266,-0.021175385,-0.52505851,0
2.0366719,-1.0310229,-0.7961992,0.50373316,0.2516396,-0.82639587,0
-0.73396468,-1.8771018,0.89331633,-0.50373316,-0.2516396,0.82639587,0
0.88405979,-1.5104884,1.617205,0.85080266,0.021175385,0.52505851,0
-1.0406371,0.51515818,1.347695,-0.50373316,-0.2516396,0.82639587,0
1.0723405,1.3002073,1.1560692,0.85080266,0.021175385,0.52505851,0
0.92317092,0.12271013,1.4011776,0.85080266,0.021175385,0.52505851,0
0.01071763,-1.7241673,0.86372501,0.14962459,-0.96758914,-0.20342901,0
1.1756322,-0.49370798,1.0772065,0.85080266,0.021175385,0.52505851,0
1.2514117,-1.0949279,-1.4485505,0.14962459,-0.96758914,-0.20342901,0
-1.51475,-1.8939979,0.21004269,0.14962459,-0.96758914,-0.20342901,0
0.62678814,1.3915658,1.3723191,-0.14962459,0.96758914,0.20342901,0
-2.1085262,0.65552545,0.6927985,-0.85080266,-0.021175385,-0.52505851,0
0.075147599,0.021242738,-1.786603,0.50373316,0.2516396,-0.82639587,0
-0.52208626,-0.43993479,-2.1492021,-0.85080266,-0.021175385,-0.52505851,0
-0.19732146,-0.55516469,-2.1398377,0.50373316,0.2516396,-0.82639587,0
-0.30628979,-1.4141334,-1.3407767,0.14962459,-0.96758914,-0.20342901,0
-1.5001657,-1.0885744,-0.54049623,-0.85080266,-0.021175385,-0.52505851,0
0.13729703,-1.555392,-0.043325186,0.14962459,-0.96758914,-0.20342901,0
-0.75555646,-1.5392171,-0.72919607,0.14962459,-0.96758914,-0.20342901,0
1.5248301,0.78051567,-0.68096226,0.50373316,0.2516396,-0.82639587,0
-0.22158921,1.436625,0.061182976,-0.14962459,0.96758914,0.20342901,0
0.29744923,-1.5025994,0.26844287,0.14962459,-0.96758914,-0.20342901,0
1.4953499,1.2814509,0.56530488,0.85080266,0.021175385,0.52505851,0
1.2029424,0.16435915,0.90049291,0.85080266,0.021175385,0.52505851,0
-0.72652149,0.030877531,-1.6846894,-0.85080266,-0.021175385,-0.52505851,0
-2.1184499,1.0483788,0.49025524,-0.85080266,-0.021175385,-0.52505851,0
-1.8595655,-1.2524911,0.41985896,-0.50373316,-0.2516396,0.82639587,0
-0.1566726,1.229398,1.5155652,-0.14962459,0.96758914,0.20342901,0
1.2829173,-0.12676036,0.75114846,0.85080266,0.021175385,0.52505851,0
0.40879202,-1.7247381,1.3425249,0.14962459,-0.96758914,-0.20342901,0
-0.18054861,1.0837915,1.7234631,-0.14962459,0.96758914,0.20342901,0
1.7982419,0.10303187,-0.21671212,0.85080266,0.021175385,0.52505851,0
0.61385345,-1.0676543,1.7793694,0.85080266,0.021175385,0.52505851,0
-0.38014203,-0.46997595,1.4548726,-0.50373316,-0.2516396,0.82639587,0
1.453105,-0.91749829,0.44593143,0.85080266,0.021175385,0.52505851,0
-1.3381648,-1.6923538,0.41196832,-0.50373316,-0.2516396,0.82639587,0
-0.47872806,0.93131787,-1.8830343,0.50373316,0.2516396,-0.82639587,0
1.4294014,0.38879454,0.41597301,0.85080266,0.021175385,0.52505851,0
0.52570331,-1.6044807,0.16430408,0.14962459,-0.96758914,-0.20342901,0
-1.2069881,1.2028466,1.2071011,-0.14962459,0.96758914,0.20342901,0
0.5027582,-1.1338303,-1.7325523,0.14962459,-0.96758914,-0.20342901,0
-0.78393328,-0.54476428,-1.5630319,-0.85080266,-0.021175385,-0.52505851,0
-0.76005936,0.78895265,-1.5581408,-0.85080266,-0.021175385,-0.52505851,0
-0.96728683,-0.664101,-1.2832712,-0.85080266,-0.021175385,-0.52505851,0
-1.1352783,0.33882535,1.2832394,-0.50373316,-0.2516396,0.82639587,0
-0.65636444,1.654693,-1.7556847,0.50373316,0.2516396,-0.82639587,0
0.22982252,1.5603377,0.006978184,-0.14962459,0.96758914,0.20342901,0
1.2051311,0.72708523,-0.96681279,0.50373316,0.2516396,-0.82639587,0
1.4279311,1.063895,-0.71158218,0.50373316,0.2516396,-0.82639587,0
1.5621357,1.1876231,-0.43852854,0.50373316,0.2516396,-0.82639587,0
1.4539452,-1.2740086,0.68956304,0.85080266,0.021175385,0.52505851,0
-1.3515383,1.301722,0.45859349,-0.14962459,0.96758914,0.20342901,0
-0.28105545,1.7899603,-1.41134,-0.14962459,0.96758914,0.20342901,0
-0.75151837,1.2192353,-1.7997437,0.50373316,0.2516396,-0.82639587,0
1.7312645,0.4617548,-0.62997413,0.50373316,0.2516396,-0.82639587,0
1.1967889,0.15694737,-1.0714784,0.50373316,0.2516396,-0.82639587,0
-1.9482412,-0.044779301,0.58156371,-0.50373316,-0.2516396,0.82639587,0
1.7583849,-0.81518686,-0.038740396,0.85080266,0.021175385,0.52505851,0
-0.99069285,-1.6019487,-0.91850507,0.14962459,-0.96758914,-0.20342901,0
1.0152662,-0.37627363,-1.4266396,0.50373316,0.2516396,-0.82639587,0
-1.0222905,-0.7343024,0.91839743,-0.50373316,-0.2516396,0.82639587,0
0.0054512024,1.838642,-1.1413447,-0.14962459,0.96758914,0.20342901,0
0.34455168,1.3264093,1.0306058,-0.14962459,0.96758914,0.20342901,0
0.27693325,-0.43483043,1.8571507,-0.50373316,-0.2516396,0.82639587,0
1.113229,0.51553458,1.0566387,0.85080266,0.021175385,0.52505851,0
-2.0153265,-0.50294077,0.33133692,-0.85080266,-0.021175385,-0.52505851,0
-0.25874078,-1.4611471,-0.69772428,0.14962459,-0.96758914,-0.20342901,0
-1.8363179,-1.247628,0.11906672,-0.85080266,-0.021175385,-0.52505851,0
0.49760461,-1.7816517,1.1275542,0.14962459,-0.96758914,-0.20342901,0
-0.10303634,-1.0196217,-2.1275487,0.14962459,-0.96758914,-0.20342901,0
1.6430508,-0.76875031,0.087288141,0.85080266,0.021175385,0.52505851,0
1.1100745,0.40983048,1.1756905,0.85080266,0.021175385,0.52505851,0
-1.7976885,-1.3288474,0.21018916,-0.50373316,-0.2516396,0.82639587,0
0.3307384,-0.18333936,-1.6782002,0.50373316,0.2516396,-0.82639587,0
-0.08896035,1.2387174,1.8699851,-0.14962459,0.96758914,0.20342901,0
-1.7751172,-0.71626508,0.61654794,-0.50373316,-0.2516396,0.82639587,0
-1.1611705,0.6000756,-1.0173855,-0.85080266,-0.021175385,-0.52505851,0
-0.17210281,-1.5427697,1.2179083,-0.50373316,-0.2516396,0.82639587,0
-0.43084896,-1.2036755,-2.0258298,0.14962459,-0.96758914,-0.20342901,0
-0.63408065,1.5077661,0.19144201,-0.14962459,0.96758914,0.20342901,0
-0.17416048,-0.86242235,1.4234146,-0.50373316,-0.2516396,0.82639587,0
-1.3651718,0.14136147,1.0327575,-0.50373316,-0.2516396,0.82639587,0
-1.7648003,-1.1726749,0.26334459,-0.50373316,-0.2516396,0.82639587,0
0.34852791,1.7589667,-0.44566959,-0.14962459,0.96758914,0.20342901,0
-0.38024193,0.47502065,1.7876621,-0.50373316,-0.2516396,0.82639587,0
-1.297551,0.32734269,-0.60639954,-0.85080266,-0.021175385,-0.52505851,0
0.36133206,1.6800674,-0.37815201,-0.14962459,0.96758914,0.20342901,0
-1.2145941,-0.035372972,1.1118515,-0.50373316,-0.2516396,0.82639587,0
-1.3525567,-0.11526322,-0.7997759,-0.85080266,-0.021175385,-0.52505851,0
1.27738,-1.4651121,0.43648493,0.14962459,-0.96758914,-0.20342901,0
1.8211831,-0.98796844,0.087616444,0.85080266,0.021175385,0.52505851,0
-0.52384663,1.6389694,-1.6580267,0.50373316,0.2516396,-0.82639587,0
0.55443126,0.65297282,1.9721273,0.85080266,0.021175385,0.52505851,0
-0.52124912,-1.2028558,-1.5471168,0.14962459,-0.96758914,-0.20342901,0
0.62713504,-0.66836494,1.7182295,0.85080266,0.021175385,0.52505851,0
-0.7747829,0.041212618,-1.4308002,-0.85080266,-0.021175385,-0.52505851,0
0.54802501,1.4829525,1.1745642,-0.14962459,0.96758914,0.20342901,0
-0.90525687,1.6450765,-1.4728394,-0.85080266,-0.021175385,-0.52505851,0
0.91222888,0.12194421,1.3471558,0.85080266,0.021175385,0.52505851,0
0.33905226,1.2381978,1.3355223,-0.14962459,0.96758914,0.20342901,0
2.0012646,0.22213221,-0.35211444,0.85080266,0.021175385,0.52505851,0
-0.15509892,-1.3685423,-1.2054517,0.14962459,-0.96758914,-0.20342901,0
-0.27905262,1.4635077,0.39977989,-0.14962459,0.96758914,0.20342901,0
-1.550823,-0.5398494,0.64701641,-0.50373316,-0.2516396,0.82639587,0
1.3872777,-0.12135041,0.47893584,0.85080266,0.021175385,0.52505851,0
0.048157334,-1.5603937,0.37641472,0.14962459,-0.96758914,-0.20342901,0
-0.65422595,1.407994,0.33887458,-0.14962459,0.96758914,0.20342901,0
-0.33674693,-1.3420861,-1.1034968,0.14962459,-0.96758914,-0.20342901,0
-0.36374652,1.6307232,-0.7640835,-0.14962459,0.96758914,0.20342901,0
1.6331713,-1.3312925,0.16525233,0.14962459,-0.96758914,-0.20342901,0
-1.1734986,-1.1563823,0.63711649,-0.50373316,-0.2516396,0.82639587,0
-0.8462202,-1.3917708,-1.205658,0.14962459,-0.96758914,-0.20342901,0
-0.83515722,-0.60611093,-1.5442808,-0.85080266,-0.021175385,-0.52505851,0
-0.37606633,-1.4889936,1.1302524,-0.50373316,-0.2516396,0.82639587,0
-0.57590389,0.52146637,-1.9261589,-0.85080266,-0.021175385,-0.52505851,0
0.59523249,-1.5575994,0.90656686,0.14962459,-0.96758914,-0.20342901,0
0.24853955,-0.26533246,-1.6304446,0.50373316,0.2516396,-0.82639587,0
1.1386161,-0.66306478,1.0417436,0.85080266,0.021175385,0.52505851,0
-0.40560901,-1.3793499,1.2191024,-0.50373316,-0.2516396,0.82639587,0
0.8776927,1.1516896,1.4992479,0.85080266,0.021175385,0.52505851,0
-1.4668999,0.6876511,-0.49379528,-0.85080266,-0.021175385,-0.52505851,0
1.2802401,1.7914827,-0.12414437,-0.14962459,0.96758914,0.20342901,0
-1.7944897,0.40962601,0.7895841,-0.50373316,-0.2516396,0.82639587,0
-1.5947633,-1.5357418,0.37331295,-0.50373316,-0.2516396,0.82639587,0
0.58167219,1.4296614,1.0295862,-0.14962459,0.96758914,0.20342901,0
0.45750868,1.6473168,0.22794664,-0.14962459,0.96758914,0.20342901,0
0.83769614,-0.91451716,-1.544325,0.50373316,0.2516396,-0.82639587,0
0.228912,1.3098774,0.95612264,-0.14962459,0.96758914,0.20342901,0
-0.40729785,-1.4105062,-1.3295929,0.14962459,-0.96758914,-0.20342901,0
-0.92015254,1.4641123,-1.2925375,-0.85080266,-0.021175385,-0.52505851,0
-1.6292651,0.33428836,0.95206505,-0.50373316,-0.2516396,0.82639587,0
-0.14265907,-1.0870913,-2.2956564,0.50373316,0.2516396,-0.82639587,0
-1.0587356,-1.1129475,0.80994236,-0.50373316,-0.2516396,0.82639587,0
-1.805859,-0.49359405,0.27605474,-0.85080266,-0.021175385,-0.52505851,0
0.2136755,-0.15972066,1.8774236,-0.50373316,-0.2516396,0.82639587,0
-0.47857061,-0.76048857,-1.9703515,-0.85080266,-0.021175385,-0.52505851,0
1.4140592,0.14089012,-0.84455478,0.50373316,0.2516396,-0.82639587,0
1.9143769,-0.98140585,-0.14718199,0.85080266,0.021175385,0.52505851,0
-0.61111057,-0.16612244,-1.7795614,-0.85080266,-0.021175385,-0.52505851,0
0.27080244,0.43638778,-1.4912052,0.50373316,0.2516396,-0.82639587,0
1.1544311,-1.3773818,0.44732714,0.14962459,-0.96758914,-0.20342901,0
-2.0380607,0.18218851,0.52285492,-0.85080266,-0.021175385,-0.52505851,0
1.4320272,0.70356309,-0.67150408,0.50373316,0.2516396,-0.82639587,0
-1.0948197,-0.16362526,-1.2645841,-0.85080266,-0.021175385,-0.52505851,0
-0.3647331,1.3413433,0.58049631,-0.14962459,0.96758914,0.20342901,0
-1.8334624,1.2549242,-0.0070991516,-0.85080266,-0.021175385,-0.52505851,0
-1.4779763,1.3658872,-0.27978957,-0.14962459,0.96758914,0.20342901,0
-0.071916342,1.7358744,-0.46782231,-0.14962459,0.96758914,0.20342901,0
-1.1528175,-1.5522825,-0.87766653,-0.85080266,-0.021175385,-0.52505851,0
-0.72694516,1.5875766,-0.29487956,-0.14962459,0.96758914,0.20342901,0
-1.3481915,0.57515013,1.2394408,-0.50373316,-0.2516396,0.82639587,0
0.076999903,-1.1136472,1.5716476,-0.50373316,-0.2516396,0.82639587,0
0.68474984,-1.7412302,1.2462672,0.14962459,-0.96758914,-0.20342901,0
1.0185759,1.2957748,-0.86666703,0.50373316,0.2516396,-0.82639587,0
-0.25140274,-1.4555787,-0.16564465,0.14962459,-0.96758914,-0.20342901,0
0.47133169,0.0071617365,2.0663421,-0.50373316,-0.2516396,0.82639587,0
-1.194912,1.552873,-0.64619517,-0.14962459,0.96758914,0.20342901,0
1.0350504,-0.052681565,-1.1524506,0.50373316,0.2516396,-0.82639587,0
1.7892524,-0.63296378,-0.023095965,0.85080266,0.021175385,0.52505851,0
-0.45952135,-1.2810359,-2.0071006,-0.85080266,-0.021175385,-0.52505851,0
0.23754716,-0.11326468,-1.8084924,0.50373316,0.2516396,-0.82639587,0
1.6685277,1.7227623,-0.045763642,-0.14962459,0.96758914,0.20342901,0
0.17831802,-1.218057,1.5576375,-0.50373316,-0.2516396,0.82639587,0
-0.10037673,-0.42714453,1.541605,-0.50373316,-0.2516396,0.82639587,0
0.41393596,0.65907776,2.3380628,0.85080266,0.021175385,0.52505851,0
1.685909,-0.74075186,0.11202288,0.85080266,0.021175385,0.52505851,0
-0.9197281,-0.7307415,1.0188241,-0.50373316,-0.2516396,0.82639587,0
1.5659626,-0.73471165,0.52220535,0.85080266,0.021175385,0.52505851,0
-1.1515936,-0.22794375,-0.93755358,-0.85080266,-0.021175385,-0.52505851,0
0.78269124,-1.0979095,-1.5169054,0.14962459,-0.96758914,-0.20342901,0
-0.23267722,-1.7334598,1.039171,0.14962459,-0.96758914,-0.20342901,0
-0.67529619,1.3711699,0.51529109,-0.14962459,0.96758914,0.20342901,0
-0.98455429,1.552062,-0.90822911,-0.14962459,0.96758914,0.20342901,0
-0.80592644,-1.4217863,-0.97584283,0.14962459,-0.96758914,-0.20342901,0
-0.23876905,1.4068086,0.80506808,-0.14962459,0.96758914,0.20342901,0
-1.4839833,0.38250375,1.050159,-0.50373316,-0.2516396,0.82639587,0
0.24349785,1.2488158,-1.2886379,0.50373316,0.2516396,-0.82639587,0
-1.1286516,-0.40249196,-1.1947216,-0.85080266,-0.021175385,-0.52505851,0
0.61738348,1.803177,-0.83963472,0.50373316,0.2516396,-0.82639587,0
-1.1450852,-1.6160738,0.71164304,-0.50373316,-0.2516396,0.82639587,0
1.8687553,-1.1111442,0.0093451738,0.85080266,0.021175385,0.52505851,0
0.89275068,0.076725215,1.2834293,0.85080266,0.021175385,0.52505851,0
1.0795592,0.35105759,0.99857461,0.85080266,0.021175385,0.52505851,0
-0.62890005,1.5760256,-0.44358248,-0.14962459,0.96758914,0.20342901,0
1.0750734,1.4939141,1.114822,-0.14962459,0.96758914,0.20342901,0
0.59723145,1.328855,1.3232927,-0.14962459,0.96758914,0.20342901,0
-0.15308142,-1.3239,-0.82624167,0.14962459,-0.96758914,-0.20342901,0
-0.60940695,0.19599056,1.5724699,-0.50373316,-0.2516396,0.82639587,0
0.90474808,0.97330678,1.47569,0.85080266,0.021175385,0.52505851,0
-1.11308,1.1016432,-0.99033511,-0.85080266,-0.021175385,-0.52505851,0
-0.84942579,-0.53598809,1.1977892,-0.50373316,-0.2516396,0.82639587,0
0.82563782,-1.7300088,1.6786138,0.14962459,-0.96758914,-0.20342901,0
-1.6807427,0.85875875,-0.18824244,-0.85080266,-0.021175385,-0.52505851,0
-0.98205644,-0.98722243,0.88698083,-0.50373316,-0.2516396,0.82639587,0
-0.26516259,-0.70079267,1.4117819,-0.50373316,-0.2516396,0.82639587,0
1.3104441,-0.7626462,0.67340934,0.85080266,0.021175385,0.52505851,0
-1.4916607,-0.69244027,0.60509503,-0.50373316,-0.2516396,0.82639587,0
0.74486125,-1.5689065,1.0133958,0.14962459,-0.96758914,-0.20342901,0
0.91814667,1.0001322,-0.83591008,0.50373316,0.2516396,-0.82639587,0
-0.70349228,-1.682574,0.87176222,-0.50373316,-0.2516396,0.82639587,0
1.9901423,1.0275928,-0.22368854,0.85080266,0.021175385,0.52505851,0
0.40449506,0.68423235,-1.2674121,0.50373316,0.2516396,-0.82639587,0
-0.90064758,-1.1353073,-1.3714,-0.85080266,-0.021175385,-0.52505851,0
-0.14298224,-0.25436246,-1.8604221,0.50373316,0.2516396,-0.82639587,0
-0.62482131,-1.4945801,-0.57117808,0.14962459,-0.96758914,-0.20342901,0
0.63002944,-0.73567724,-1.5473189,0.50373316,0.2516396,-0.82639587,0
1.6469045,-1.1708676,0.14275193,0.85080266,0.021175385,0.52505851,0
-1.1925659,0.47830442,-1.0004381,-0.85080266,-0.021175385,-0.52505851,0
-0.24608111,-0.73917949,1.4607973,-0.50373316,-0.2516396,0.82639587,0
-1.5198541,1.2228162,0.60430431,-0.14962459,0.96758914,0.20342901,0
-1.9123805,0.91593099,0.90977246,-0.50373316,-0.2516396,0.82639587,0
-1.9512651,0.81079602,0.93774039,-0.50373316,-0.2516396,0.82639587,0
-0.34827191,-1.2476012,-1.7136689,0.14962459,-0.96758914,-0.20342901,0
-0.063719988,1.7642506,-1.0623178,-0.14962459,0.96758914,0.20342901,0
-1.7924256,0.90143728,-0.1156832,-0.85080266,-0.021175385,-0.52505851,0
-1.9636946,0.77899384,0.89178807,-0.50373316,-0.2516396,0.82639587,0
1.5417821,-0.88051629,0.2773695,0.85080266,0.021175385,0.52505851,0
0.38884664,-1.2255094,-1.4833696,0.14962459,-0.96758914,-0.20342901,0
0.35010132,0.15213299,-1.4491786,0.50373316,0.2516396,-0.82639587,0
1.0968919,-1.2391204,-1.1498172,0.14962459,-0.96758914,-0.20342901,0
-1.9583545,0.68396044,0.81554306,-0.50373316,-0.2516396,0.82639587,0
1.9117258,-0.85402715,-0.82244527,0.50373316,0.2516396,-0.82639587,0
2.1591642,-1.028811,-0.60925376,0.14962459,-0.96758914,-0.20342901,0
2.0162978,0.36625576,-0.24579024,0.85080266,0.021175385,0.52505851,0
-0.21210143,-0.20495796,-2.0541618,0.50373316,0.2516396,-0.82639587,0
-0.85952681,-0.33890367,1.253533,-0.50373316,-0.2516396,0.82639587,0
0.53763646,-0.091736436,2.1193326,0.85080266,0.021175385,0.52505851,0
1.9160185,-0.32038593,-0.85744417,0.50373316,0.2516396,-0.82639587,0
1.6529323,-0.91475153,-1.0983462,0.50373316,0.2516396,-0.82639587,0
1.9882348,0.52591991,-0.45713675,0.85080266,0.021175385,0.52505851,0
1.0056391,-1.0846431,1.2978947,0.85080266,0.021175385,0.52505851,0
-1.6712823,1.2146114,0.85194552,-0.14962459,0.96758914,0.20342901,0
-1.0871701,1.5314872,-1.2518367,-0.85080266,-0.021175385,-0.52505851,0
-0.52007389,1.5411727,-0.099662006,-0.14962459,0.96758914,0.20342901,0
-1.1699377,-0.27117598,1.0585616,-0.50373316,-0.2516396,0.82639587,0
-1.8195416,-0.75431359,-0.046340227,-0.85080266,-0.021175385,-0.52505851,0
1.0200047,1.4642189,0.97169691,-0.14962459,0.96758914,0.20342901,0
-0.78790349,-0.93106496,0.94133109,-0.50373316,-0.2516396,0.82639587,0
0.27965635,-1.2117481,-1.8233784,0.14962459,-0.96758914,-0.20342901,0
0.37911332,-0.45524144,-1.6707463,0.50373316,0.2516396,-0.82639587,0
-1.233233,-0.32869196,0.86337769,-0.50373316,-0.2516396,0.82639587,0
-0.080445766,-1.2337501,-1.3419001,0.14962459,-0.96758914,-0.20342901,0
0.9166652,-1.6428943,1.2211593,0.14962459,-0.96758914,-0.20342901,0
2.204679,-0.83527374,-0.54863513,0.85080266,0.021175385,0.52505851,0
-1.4926668,-1.8035991,0.27359229,0.14962459,-0.96758914,-0.20342901,0
-0.057405472,1.8600073,-1.1261879,-0.14962459,0.96758914,0.20342901,0
-1.5090287,-0.11171007,-0.52492589,-0.85080266,-0.021175385,-0.52505851,0
-0.82013553,-1.3731244,-1.4014784,0.14962459,-0.96758914,-0.20342901,0
1.4783583,-0.087159812,0.49163592,0.85080266,0.021175385,0.52505851,0
-1.281543,-0.16871667,-0.67483836,-0.85080266,-0.021175385,-0.52505851,0
1.3630152,1.1259168,-0.60852289,0.50373316,0.2516396,-0.82639587,0
1.3442587,1.7142451,0.44597071,-0.14962459,0.96758914,0.20342901,0
-0.56297624,0.28706956,1.4956464,-0.50373316,-0.2516396,0.82639587,0
-1.5421486,-1.6796122,-0.29547676,0.14962459,-0.96758914,-0.20342901,0
-0.3542223,-1.7435728,1.0188987,0.14962459,-0.96758914,-0.20342901,0
-0.79880035,-1.8481134,0.74277449,0.14962459,-0.96758914,-0.20342901,0
-1.1151747,1.2971268,0.79235625,-0.14962459,0.96758914,0.20342901,0
-0.59742975,-1.4041253,-0.92766517,0.14962459,-0.96758914,-0.20342901,0
-0.91419315,0.80788863,-1.3328992,-0.85080266,-0.021175385,-0.52505851,0
-1.7267021,0.65128565,-0.17783833,-0.85080266,-0.021175385,-0.52505851,0
-0.43487811,1.5441926,-0.69307834,-0.14962459,0.96758914,0.20342901,0
0.63455904,-1.5009458,0.21304387,0.14962459,-0.96758914,-0.20342901,0
1.2547948,0.63698757,-0.90043718,0.50373316,0.2516396,-0.82639587,0
-1.9863243,0.092713356,0.29272926,-0.85080266,-0.021175385,-0.52505851,0
-0.65905774,-1.4793966,-1.1978393,0.14962459,-0.96758914,-0.20342901,0
1.5886782,1.8402842,-0.10113138,-0.14962459,0.96758914,0.20342901,0
-1.5013874,-1.0050179,0.66458786,-0.50373316,-0.2516396,0.82639587,0
-1.1868932,1.1848211,0.61702502,-0.14962459,0.96758914,0.20342901,0
-0.31179249,-1.4081392,-1.1305041,0.14962459,-0.96758914,-0.20342901,0
-1.576919,0.096897602,-0.49161386,-0.85080266,-0.021175385,-0.52505851,0
-0.21871412,-1.1878086,-2.0655985,0.14962459,-0.96758914,-0.20342901,0
0.81117898,-1.3072321,-0.96989667,0.14962459,-0.96758914,-0.20342901,0
-0.37099981,1.7045388,-1.5850756,0.50373316,0.2516396,-0.82639587,0
1.3910018,0.58807933,0.56856114,0.85080266,0.021175385,0.52505851,0
-1.8760638,-0.34317136,0.49099445,-0.50373316,-0.2516396,0.82639587,0
1.3747904,0.6028043,-0.70199817,0.50373316,0.2516396,-0.82639587,0
-1.7372313,0.68030226,-0.21308351,-0.85080266,-0.021175385,-0.52505851,0
1.7804379,0.56442773,-0.1060645,0.85080266,0.021175385,0.52505851,0
0.75762212,-1.0642608,1.8240371,0.85080266,0.021175385,0.52505851,0
0.52364111,-1.1279035,-1.3085824,0.14962459,-0.96758914,-0.20342901,0
1.791429,0.063952088,-0.2269752,0.85080266,0.021175385,0.52505851,0
1.5707338,-1.2007928,-0.59651613,0.14962459,-0.96758914,-0.20342901,0
-0.37156641,-1.5244646,-0.25213662,0.14962459,-0.96758914,-0.20342901,0
-0.73424268,-1.4556599,-0.5050174,0.14962459,-0.96758914,-0.20342901,0
-0.27052295,-1.628492,-0.025836706,0.14962459,-0.96758914,-0.20342901,0
0.88415885,1.7306883,-0.65812552,-0.14962459,0.96758914,0.20342901,0
0.59811246,-1.4128081,1.7533435,-0.50373316,-0.2516396,0.82639587,0
0.37806386,-1.0554707,-1.6881857,0.14962459,-0.96758914,-0.20342901,0
-0.9389469,0.089832425,1.3156581,-0.50373316,-0.2516396,0.82639587,0
-2.0050745,-0.13877726,0.64208215,-0.50373316,-0.2516396,0.82639587,0
-0.40826154,1.2614126,1.1774532,-0.14962459,0.96758914,0.20342901,0
-0.75051665,1.3934681,-1.6801956,-0.85080266,-0.021175385,-0.52505851,0
-0.4666276,-0.80472052,1.2260628,-0.50373316,-0.2516396,0.82639587,0
2.1125426,-1.0672486,-0.57820821,0.14962459,-0.96758914,-0.20342901,0
-0.92399043,0.088784084,-1.5058571,-0.85080266,-0.021175385,-0.52505851,0
0.36112452,-1.1378105,1.7764925,-0.50373316,-0.2516396,0.82639587,0
-1.3213942,-0.85497791,-0.7348665,-0.85080266,-0.021175385,-0.52505851,0
-0.21938717,-0.0055058002,1.7879407,-0.50373316,-0.2516396,0.82639587,0
-0.54766929,-0.7597813,-2.0445831,-0.85080266,-0.021175385,-0.52505851,0
-0.46503899,0.59882605,1.8148766,-0.50373316,-0.2516396,0.82639587,0
-0.51511776,-1.5065081,-0.62607932,0.14962459,-0.96758914,-0.20342901,0
-1.3191139,0.53532541,1.2801716,-0.50373316,-0.2516396,0.82639587,0
-0.4385491,0.00081312656,1.6390579,-0.50373316,-0.2516396,0.82639587,0
0.89305049,-0.32318434,1.4435399,0.85080266,0.021175385,0.52505851,0
-0.90839648,-1.3517087,0.87168574,-0.50373316,-0.2516396,0.82639587,0
1.1713251,1.6423361,0.0037445575,-0.14962459,0.96758914,0.20342901,0
0.22727156,1.1934677,-1.3075459,0.50373316,0.2516396,-0.82639587,0
1.1366701,-1.5658081,0.66039836,0.14962459,-0.96758914,-0.20342901,0
-0.74149334,-0.52300811,-1.7632761,-0.85080266,-0.021175385,-0.52505851,0
-0.73573899,-0.72928023,-1.4831287,-0.85080266,-0.021175385,-0.52505851,0
-1.409186,-1.7041618,-0.10609925,0.14962459,-0.96758914,-0.20342901,0
0.79148859,-1.1314409,-1.3037479,0.14962459,-0.96758914,-0.20342901,0
1.1371596,-0.67864621,0.87132275,0.85080266,0.021175385,0.52505851,0
-1.2841882,-0.76776016,0.90774393,-0.50373316,-0.2516396,0.82639587,0
1.208472,-0.82951868,-1.295936,0.50373316,0.2516396,-0.82639587,0
-0.91185611,-0.40289438,1.0657759,-0.50373316,-0.2516396,0.82639587,0
0.074972153,-1.4301349,-0.64869118,0.14962459,-0.96758914,-0.20342901,0
-1.2719746,1.162438,1.3515553,-0.14962459,0.96758914,0.20342901,0
1.7284532,-0.1407342,-0.061279416,0.85080266,0.021175385,0.52505851,0
1.8572161,-0.85201633,0.042346358,0.85080266,0.021175385,0.52505851,0
-0.11412406,-1.5735416,-0.11599323,0.14962459,-0.96758914,-0.20342901,0
-1.9099277,0.23143625,0.62537956,-0.50373316,-0.2516396,0.82639587,0
1.9403851,0.18237758,-0.13892496,0.85080266,0.021175385,0.52505851,0
-0.65030313,1.5335026,-0.23874485,-0.14962459,0.96758914,0.20342901,0
1.0106982,0.019122958,-1.1423826,0.50373316,0.2516396,-0.82639587,0
-0.11997604,1.3319046,0.91586608,-0.14962459,0.96758914,0.20342901,0
-0.83802319,-1.6739007,-0.33116966,0.14962459,-0.96758914,-0.20342901,0
0.60303402,1.2584912,1.6974621,0.85080266,0.021175385,0.52505851,0
-0.89803308,1.0955992,1.6401733,-0.50373316,-0.2516396,0.82639587,0
-1.5604413,-0.10833299,-0.37323064,-0.85080266,-0.021175385,-0.52505851,0
0.57509232,0.11183614,2.1041279,0.85080266,0.021175385,0.52505851,0
1.0503495,-1.3005898,-0.79808736,0.14962459,-0.96758914,-0.20342901,0
0.5771811,1.081192,-1.1976118,0.50373316,0.2516396,-0.82639587,0
0.86860454,1.4748983,1.3775623,-0.14962459,0.96758914,0.20342901,0
-0.96084213,1.5509918,-0.41138566,-0.14962459,0.96758914,0.20342901,0
-1.1615473,1.0012573,1.3962582,-0.50373316,-0.2516396,0.82639587,0
1.4239776,-0.0096600056,-0.96209514,0.50373316,0.2516396,-0.82639587,0
0.7441529,-1.6475484,1.181935,0.14962459,-0.96758914,-0.20342901,0
1.4992629,0.073604107,-0.93638563,0.50373316,0.2516396,-0.82639587,0
-0.58413494,-0.64409053,1.1926414,-0.50373316,-0.2516396,0.82639587,0
-0.21475315,-0.67813325,1.4916959,-0.50373316,-0.2516396,0.82639587,0
0.70365977,1.0812895,-1.0514345,0.50373316,0.2516396,-0.82639587,0
0.24964505,1.1815976,1.472626,-0.14962459,0.96758914,0.20342901,0
-0.35479712,1.8107114,-1.0249684,-0.14962459,0.96758914,0.20342901,0
1.8391256,-1.0796117,-0.79488075,0.14962459,-0.96758914,-0.20342901,0
-1.4182837,0.54650128,-0.75119495,-0.85080266,-0.021175385,-0.52505851,0
0.81207788,-1.4256396,0.18089223,0.14962459,-0.96758914,-0.20342901,0
-0.64363879,0.47495109,-1.832922,-0.85080266,-0.021175385,-0.52505851,0
0.93379283,0.77263242,1.2626458,0.85080266,0.021175385,0.52505851,0
-0.84196258,1.2789493,1.0870619,-0.14962459,0.96758914,0.20342901,0
0.97211528,1.0870383,-0.8246358,0.50373316,0.2516396,-0.82639587,0
-1.6746548,1.2201006,-0.37005782,-0.85080266,-0.021175385,-0.52505851,0
1.0353063,-0.27372169,-1.2187921,0.50373316,0.2516396,-0.82639587,0
-2.1900318,1.1015232,0.74181616,-0.85080266,-0.021175385,-0.52505851,0
1.0447028,0.11401375,0.97522813,0.85080266,0.021175385,0.52505851,0
-1.6082902,-0.2582444,-0.22612846,-0.85080266,-0.021175385,-0.52505851,0
1.1115776,0.38527077,0.90333617,0.85080266,0.021175385,0.52505851,0
1.3346312,0.36525226,0.52952713,0.85080266,0.021175385,0.52505851,0
-1.165651,1.4787468,-0.40302479,-0.14962459,0.96758914,0.20342901,0
-0.015141129,0.31049943,-1.8394355,0.50373316,0.2516396,-0.82639587,0
-0.85981345,0.53437364,-1.6132883,-0.85080266,-0.021175385,-0.52505851,0
1.1447453,1.8415086,-0.28392702,-0.14962459,0.96758914,0.20342901,0
-0.49985111,-1.6417367,-0.11878711,0.14962459,-0.96758914,-0.20342901,0
-1.9829636,0.46197557,0.72579402,-0.50373316,-0.2516396,0.82639587,0
0.74067891,0.55931854,1.7663182,0.85080266,0.021175385,0.52505851,0
-1.2915274,0.49370056,-0.8820163,-0.85080266,-0.021175385,-0.52505851,0
0.10739505,0.80414701,-1.5174955,0.50373316,0.2516396,-0.82639587,0
1.6813478,-0.1228385,-0.78822839,0.50373316,0.2516396,-0.82639587,0
1.7075474,-0.7814945,-0.98858643,0.50373316,0.2516396,-0.82639587,0
-0.57088661,1.1298969,-1.886938,-0.85080266,-0.021175385,-0.52505851,0
-0.58176661,-1.8634512,0.746912,0.14962459,-0.96758914,-0.20342901,0
-0.49346638,-0.88525122,1.2010499,-0.50373316,-0.2516396,0.82639587,0
