0.96248823,2.8824077,-0.75126266,-0.61308724,0.75718606,0.22537379,0
0.95585406,-0.99505812,-1.1261147,0.61308724,-0.75718606,-0.22537379,0
1.5892937,0.53540844,-1.5540299,-0.1306501,0.1841727,-0.97417188,0
0.2004427,2.0999258,0.057911277,-0.61308724,0.75718606,0.22537379,0
-2.5241575,-3.117202,-0.85348415,-0.77913702,-0.62669742,-0.013987541,0
0.71485007,2.2106316,-1.1787697,-0.1306501,0.1841727,-0.97417188,0
-1.0664192,-0.3157993,1.5988955,0.1306501,-0.1841727,0.97417188,0
-2.8846958,-0.77179176,1.8218226,-0.61308724,0.75718606,0.22537379,0
-2.1994686,-1.9777217,1.5114005,0.1306501,-0.1841727,0.97417188,0
-1.5488945,0.40058041,1.4945509,-0.61308724,0.75718606,0.22537379,0
-0.76878893,-0.46237552,-1.5371727,-0.1306501,0.1841727,-0.97417188,0
3.8582449,1.6220344,-1.6939902,0.61308724,-0.75718606,-0.22537379,0
3.0929506,0.31466478,0.75362325,0.61308724,-0.75718606,-0.22537379,0
-3.321286,-2.2038136,1.4646807,-0.77913702,-0.62669742,-0.013987541,0
3.0559046,0.57090753,-0.20167422,0.61308724,-0.75718606,-0.22537379,0
3.1013217,2.4437709,0.80966353,0.77913702,0.62669742,0.013987541,0
-2.4360471,0.27652082,-1.0889714,-0.1306501,0.1841727,-0.97417188,0
-1.9633938,-3.4671237,-0.39426374,0.61308724,-0.75718606,-0.22537379,0
-0.70878381,0.91969156,1.3611362,-0.61308724,0.75718606,0.22537379,0
2.6741076,3.0836434,1.0485592,0.77913702,0.62669742,0.013987541,0
1.9639599,2.866756,1.7523474,0.1306501,-0.1841727,0.97417188,0
3.5359447,1.937291,-0.37797642,0.77913702,0.62669742,0.013987541,0
2.0500274,1.2759529,-1.5316508,-0.1306501,0.1841727,-0.97417188,0
-3.109601,-2.6111836,1.1159849,-0.77913702,-0.62669742,-0.013987541,0
0.26066959,-0.09189105,-1.5439739,-0.1306501,0.1841727,-0.97417188,0
0.96639943,0.00073355436,1.3421483,0.1306501,-0.1841727,0.97417188,0
-0.025767028,1.7713292,0.25170958,-0.61308724,0.75718606,0.22537379,0
2.5112612,3.2628922,1.2469609,0.77913702,0.62669742,0.013987541,0
0.61197114,2.1376607,1.1089523,-0.61308724,0.75718606,0.22537379,0
0.26587892,-0.62844425,1.4771724,0.1306501,-0.1841727,0.97417188,0
-3.5521047,-1.8841162,-0.63350129,-0.77913702,-0.62669742,-0.013987541,0
-0.54117018,-2.5736804,0.53858793,0.61308724,-0.75718606,-0.22537379,0
-3.1267674,-2.4060068,1.1863725,-0.77913702,-0.62669742,-0.013987541,0
2.5204401,3.2821915,0.76228952,0.77913702,0.62669742,0.013987541,0
2.6611357,2.9123025,1.2560408,0.77913702,0.62669742,0.013987541,0
3.5553422,1.9672817,-1.078764,0.77913702,0.62669742,0.013987541,0
-0.30040526,1.5379113,0.96350348,-0.61308724,0.75718606,0.22537379,0
-3.5858691,-1.854995,0.27060938,-0.77913702,-0.62669742,-0.013987541,0
2.2244811,3.6794064,-0.57443571,0.77913702,0.62669742,0.013987541,0
3.5712242,2.1235423,-1.5335908,0.77913702,0.62669742,0.013987541,0
-2.6386988,-3.0139849,-0.31926703,-0.77913702,-0.62669742,-0.013987541,0
-3.7209117,-1.5976665,1.4686069,-0.61308724,0.75718606,0.22537379,0
0.32906616,1.4829886,1.7618849,0.1306501,-0.1841727,0.97417188,0
-2.1859276,0.44897535,-0.58211446,-0.61308724,0.75718606,0.22537379,0
3.0111835,0.388172,0.076131105,0.61308724,-0.75718606,-0.22537379,0
-3.3189664,-2.2029643,1.3078651,-0.77913702,-0.62669742,-0.013987541,0
-2.2322676,-3.5218811,1.1306605,-0.77913702,-0.62669742,-0.013987541,0
3.3468981,1.0266211,-0.79437232,0.61308724,-0.75718606,-0.22537379,0
2.6439638,3.0947824,-0.08791995,0.77913702,0.62669742,0.013987541,0
-2.6453712,-3.0512955,-1.7064536,-0.77913702,-0.62669742,-0.013987541,0
-2.946847,-2.574434,-0.28240871,-0.77913702,-0.62669742,-0.013987541,0
2.0057335,3.3017919,0.90139318,-0.61308724,0.75718606,0.22537379,0
2.4248228,3.0367503,1.686343,0.1306501,-0.1841727,0.97417188,0
2.873754,0.69797444,-1.4767942,0.61308724,-0.75718606,-0.22537379,0
-2.7465253,-2.9436696,-0.62006354,-0.77913702,-0.62669742,-0.013987541,0
-1.7557576,-3.1938937,-0.40360928,0.61308724,-0.75718606,-0.22537379,0
-0.16434193,0.071846008,-1.6039214,-0.1306501,0.1841727,-0.97417188,0
-0.75365806,-2.2578528,-1.4602904,0.61308724,-0.75718606,-0.22537379,0
-1.5054637,0.36706853,0.92960203,-0.61308724,0.75718606,0.22537379,0
-2.4834676,-3.4635177,0.87059045,-0.77913702,-0.62669742,-0.013987541,0
0.42652076,0.49580449,-1.4970286,-0.1306501,0.1841727,-0.97417188,0
-2.3623285,0.068704307,-0.14953685,-0.61308724,0.75718606,0.22537379,0
3.6563106,1.5218618,-1.5469387,0.61308724,-0.75718606,-0.22537379,0
-3.3283732,-0.5203684,-0.22765875,-0.61308724,0.75718606,0.22537379,0
-3.5331526,-2.0969429,1.2418032,-0.77913702,-0.62669742,-0.013987541,0
2.9933245,0.30133903,0.18326974,0.61308724,-0.75718606,-0.22537379,0
-1.9810474,-1.9013172,1.5341539,0.1306501,-0.1841727,0.97417188,0
2.0624831,0.8850832,-1.56972,-0.1306501,0.1841727,-0.97417188,0
0.084568024,1.7156658,0.92738545,-0.61308724,0.75718606,0.22537379,0
1.0288831,2.4817684,0.87144315,-0.61308724,0.75718606,0.22537379,0
-1.2804924,-3.0731511,0.36187291,0.61308724,-0.75718606,-0.22537379,0
-1.491235,0.84560126,-1.0923799,-0.1306501,0.1841727,-0.97417188,0
3.6950898,1.6644081,0.38265014,0.77913702,0.62669742,0.013987541,0
3.0523992,2.4758527,0.47783017,0.77913702,0.62669742,0.013987541,0
2.981066,2.6213841,-0.51496267,0.77913702,0.62669742,0.013987541,0
-0.71246636,1.5677494,-0.23730233,-0.61308724,0.75718606,0.22537379,0
3.6669931,0.81462312,0.90011477,0.61308724,-0.75718606,-0.22537379,0
0.52664936,-1.8875664,0.95412397,0.61308724,-0.75718606,-0.22537379,0
-3.5483322,-1.9299771,0.81927395,-0.77913702,-0.62669742,-0.013987541,0
-3.3644569,-2.2279572,0.38310719,-0.77913702,-0.62669742,-0.013987541,0
-2.0387011,-2.1873527,1.324192,0.1306501,-0.1841727,0.97417188,0
-3.4413481,-2.0943344,-0.48445892,-0.77913702,-0.62669742,-0.013987541,0
-0.78878307,1.3038175,0.34154934,-0.61308724,0.75718606,0.22537379,0
-0.55631757,0.49068648,1.7788497,0.1306501,-0.1841727,0.97417188,0
0.26646018,-1.1382232,-1.6751211,0.61308724,-0.75718606,-0.22537379,0
-3.4417017,-0.94392937,0.72665811,-0.61308724,0.75718606,0.22537379,0
3.5064306,0.79782677,1.2354612,0.1306501,-0.1841727,0.97417188,0
-1.9063631,-3.5677304,0.20293665,0.61308724,-0.75718606,-0.22537379,0
-0.36041605,-0.32462865,1.593603,0.1306501,-0.1841727,0.97417188,0
2.0051041,2.5050154,-1.3604524,-0.1306501,0.1841727,-0.97417188,0
-3.5713096,-1.9854304,0.97835064,-0.77913702,-0.62669742,-0.013987541,0
3.0755711,2.6613865,1.3743,0.77913702,0.62669742,0.013987541,0
-3.5510786,-1.9236794,0.20543194,-0.77913702,-0.62669742,-0.013987541,0
-2.5120738,-2.7699642,1.3140647,0.1306501,-0.1841727,0.97417188,0
3.5655293,1.3537331,-1.5568473,0.61308724,-0.75718606,-0.22537379,0
2.3576779,0.51711816,1.3029933,0.1306501,-0.1841727,0.97417188,0
2.1237297,2.1141253,-1.3994968,-0.1306501,0.1841727,-0.97417188,0
2.8585725,0.67813849,1.2822936,0.1306501,-0.1841727,0.97417188,0
-2.0180469,-0.29863274,1.8150054,0.1306501,-0.1841727,0.97417188,0
2.1564407,3.37674,0.94960713,-0.61308724,0.75718606,0.22537379,0
-3.4184999,-2.2456346,1.3146229,-0.77913702,-0.62669742,-0.013987541,0
2.1504283,0.16207004,-0.99975181,0.61308724,-0.75718606,-0.22537379,0
-3.2721472,-2.4287806,0.21097755,-0.77913702,-0.62669742,-0.013987541,0
-3.5365262,-1.8969309,1.3435817,-0.77913702,-0.62669742,-0.013987541,0
-2.7595026,-0.77641433,1.5069046,-0.61308724,0.75718606,0.22537379,0
-3.8150573,-1.598194,1.5686951,-0.77913702,-0.62669742,-0.013987541,0
0.58730829,-1.0783594,-1.4910606,0.61308724,-0.75718606,-0.22537379,0
3.4415684,1.8312259,1.387022,0.1306501,-0.1841727,0.97417188,0
1.9655577,3.2371931,1.502496,-0.61308724,0.75718606,0.22537379,0
-2.3922534,0.11220937,-1.1041938,-0.1306501,0.1841727,-0.97417188,0
-2.8445711,-1.5002172,-1.5440942,-0.1306501,0.1841727,-0.97417188,0
-3.1688519,-1.6545466,1.7123964,0.1306501,-0.1841727,0.97417188,0
-0.34409058,-2.5667291,0.79766119,0.61308724,-0.75718606,-0.22537379,0
2.7467799,2.2343798,-1.5033488,-0.1306501,0.1841727,-0.97417188,0
2.2565534,3.4175279,0.44443297,0.77913702,0.62669742,0.013987541,0
-3.1530046,-2.422493,0.0055766106,-0.77913702,-0.62669742,-0.013987541,0
3.6753299,1.8141522,0.65667319,0.77913702,0.62669742,0.013987541,0
3.5090432,1.9688351,0.77975607,0.77913702,0.62669742,0.013987541,0
2.1248391,3.731602,0.17496538,-0.61308724,0.75718606,0.22537379,0
-3.673033,-1.8097885,1.7276354,-0.77913702,-0.62669742,-0.013987541,0
-3.6633098,-1.8008485,0.79793358,-0.77913702,-0.62669742,-0.013987541,0
1.6164453,2.7216949,1.8787595,-0.61308724,0.75718606,0.22537379,0
1.0661423,-0.77008325,-0.80064422,0.61308724,-0.75718606,-0.22537379,0
2.4520297,3.2517111,0.90917778,0.77913702,0.62669742,0.013987541,0
-2.1147122,0.17953926,-0.017923951,-0.61308724,0.75718606,0.22537379,0
3.6246109,1.7707704,1.0522988,0.77913702,0.62669742,0.013987541,0
-2.1876404,-0.28555349,-1.3410035,-0.1306501,0.1841727,-0.97417188,0
-2.9991651,-2.6674929,1.39045,-0.77913702,-0.62669742,-0.013987541,0
2.8432817,0.77531123,-1.6790323,0.61308724,-0.75718606,-0.22537379,0
3.1211841,1.2549958,-1.7837806,-0.1306501,0.1841727,-0.97417188,0
3.8969092,1.6175805,0.024129868,0.77913702,0.62669742,0.013987541,0
-2.2512593,-3.6352129,-0.033071756,-0.77913702,-0.62669742,-0.013987541,0
-3.2028279,-2.3781672,1.1520858,-0.77913702,-0.62669742,-0.013987541,0
-2.9166489,-2.7982759,-0.79426289,-0.77913702,-0.62669742,-0.013987541,0
-1.7159401,-0.62301779,-1.3724079,-0.1306501,0.1841727,-0.97417188,0
2.2630167,3.5924037,0.44167185,0.77913702,0.62669742,0.013987541,0
-2.2281265,-3.7340858,-0.48992395,-0.77913702,-0.62669742,-0.013987541,0
-3.4367509,-2.02283,1.27002,-0.77913702,-0.62669742,-0.013987541,0
-2.7834744,-2.9393001,1.2911005,-0.77913702,-0.62669742,-0.013987541,0
1.9843955,3.3436837,0.68733525,-0.61308724,0.75718606,0.22537379,0
-0.1145962,1.9187508,-0.099718869,-0.61308724,0.75718606,0.22537379,0
-0.26368034,0.74929613,1.7291466,0.1306501,-0.1841727,0.97417188,0
3.2583427,2.30759,-0.52467537,0.77913702,0.62669742,0.013987541,0
0.1708492,-1.4151796,-1.4029658,0.61308724,-0.75718606,-0.22537379,0
3.4734819,0.7972821,0.089493513,0.61308724,-0.75718606,-0.22537379,0
2.5821981,3.2124968,0.75404453,0.77913702,0.62669742,0.013987541,0
2.1957855,0.95579618,1.5109839,0.1306501,-0.1841727,0.97417188,0
-2.2133129,-1.6472523,-1.4815499,-0.1306501,0.1841727,-0.97417188,0
1.9007819,3.8717816,-0.79942894,-0.61308724,0.75718606,0.22537379,0
-2.6894345,-3.0675769,-1.0740502,-0.77913702,-0.62669742,-0.013987541,0
0.33103609,1.8931457,0.85197914,-0.61308724,0.75718606,0.22537379,0
-1.0425291,0.97728711,0.51631725,-0.61308724,0.75718606,0.22537379,0
-1.2840829,-3.2255359,0.93668413,0.61308724,-0.75718606,-0.22537379,0
2.691361,3.0119767,-0.52555776,0.77913702,0.62669742,0.013987541,0
-3.5464325,-1.9549254,1.3034387,-0.77913702,-0.62669742,-0.013987541,0
-3.2271926,-2.2182038,1.5430524,0.1306501,-0.1841727,0.97417188,0
3.0251753,2.7036514,1.3455863,0.77913702,0.62669742,0.013987541,0
-2.3985801,-3.4979587,-0.70970631,-0.77913702,-0.62669742,-0.013987541,0
1.7241552,2.9328632,1.5951312,-0.61308724,0.75718606,0.22537379,0
0.27635714,2.0698681,-1.2572284,-0.1306501,0.1841727,-0.97417188,0
-1.4539199,0.84050488,0.24538642,-0.61308724,0.75718606,0.22537379,0
2.2210548,1.4531308,1.4704956,0.1306501,-0.1841727,0.97417188,0
2.2003679,3.7683923,-0.43429089,0.77913702,0.62669742,0.013987541,0
3.7958696,0.97707427,0.32089806,0.61308724,-0.75718606,-0.22537379,0
3.0101342,2.4991407,0.77426171,0.77913702,0.62669742,0.013987541,0
0.88774407,0.8754732,-1.4667401,-0.1306501,0.1841727,-0.97417188,0
-3.6698089,-1.7963833,0.065804005,-0.77913702,-0.62669742,-0.013987541,0
2.7383358,3.0486314,-0.69378281,0.77913702,0.62669742,0.013987541,0
3.7981677,1.7052987,-1.5050454,0.77913702,0.62669742,0.013987541,0
2.7057645,0.39240021,-0.57131028,0.61308724,-0.75718606,-0.22537379,0
-3.0786169,-2.5333366,0.16822863,-0.77913702,-0.62669742,-0.013987541,0
2.1876259,3.6191602,-0.9147675,0.77913702,0.62669742,0.013987541,0
-3.76406,-1.7554593,0.84881306,-0.77913702,-0.62669742,-0.013987541,0
2.6539273,3.2161746,-1.2241712,0.77913702,0.62669742,0.013987541,0
-3.2183208,-2.2304754,-0.94694543,-0.77913702,-0.62669742,-0.013987541,0
-2.320004,0.3788256,-1.1499674,-0.61308724,0.75718606,0.22537379,0
2.9711208,2.7208066,1.6277843,0.1306501,-0.1841727,0.97417188,0
2.6567428,3.1699045,0.92823792,0.77913702,0.62669742,0.013987541,0
1.9178129,1.7892858,1.5660723,0.1306501,-0.1841727,0.97417188,0
1.4198476,3.0547514,0.64166069,-0.61308724,0.75718606,0.22537379,0
0.10087013,1.9879879,0.21388894,-0.61308724,0.75718606,0.22537379,0
0.26965174,2.0820644,-1.1525456,-0.1306501,0.1841727,-0.97417188,0
4.0002675,1.432448,-0.76571846,0.61308724,-0.75718606,-0.22537379,0
2.978617,2.774771,1.3602786,0.77913702,0.62669742,0.013987541,0
-1.1972915,-0.5434522,-1.3794693,-0.1306501,0.1841727,-0.97417188,0
2.0376997,3.4421494,0.38910246,-0.61308724,0.75718606,0.22537379,0
0.19115651,1.0889454,1.7258134,0.1306501,-0.1841727,0.97417188,0
-2.4142587,-3.1081495,1.3497145,0.1306501,-0.1841727,0.97417188,0
3.859786,1.6523924,0.42844415,0.77913702,0.62669742,0.013987541,0
-1.4285568,-1.5186751,1.4196824,0.1306501,-0.1841727,0.97417188,0
-2.1954694,-0.14645821,1.1215355,-0.61308724,0.75718606,0.22537379,0
-2.6576803,-0.4954887,0.80559134,-0.61308724,0.75718606,0.22537379,0
0.043671489,-1.2095736,-1.7701292,-0.1306501,0.1841727,-0.97417188,0
1.4837556,1.7612859,1.7663119,0.1306501,-0.1841727,0.97417188,0
3.1747515,2.3397329,-1.0670228,0.77913702,0.62669742,0.013987541,0
-3.3975308,-2.0405722,0.067035198,-0.77913702,-0.62669742,-0.013987541,0
2.6843252,2.8629718,1.6739523,0.77913702,0.62669742,0.013987541,0
-2.2292895,-3.4789584,-0.65887785,0.61308724,-0.75718606,-0.22537379,0
-1.7182047,0.35950756,0.92530262,-0.61308724,0.75718606,0.22537379,0
1.269989,2.6583381,1.4868346,-0.61308724,0.75718606,0.22537379,0
1.1135945,3.3118963,-1.0585015,-0.61308724,0.75718606,0.22537379,0
-1.1928804,0.42836791,-1.2116368,-0.1306501,0.1841727,-0.97417188,0
-3.8939471,-1.6230426,-0.17160702,-0.77913702,-0.62669742,-0.013987541,0
-0.83582246,1.3361299,-1.2001905,-0.1306501,0.1841727,-0.97417188,0
2.9906449,2.122164,-1.5224464,-0.1306501,0.1841727,-0.97417188,0
-1.8398948,-3.0912402,-1.6144866,0.61308724,-0.75718606,-0.22537379,0
0.023832142,-1.3722044,1.2915548,0.1306501,-0.1841727,0.97417188,0
3.1838102,2.5279965,-1.1980424,0.77913702,0.62669742,0.013987541,0
-2.433877,-3.3240318,0.11116624,-0.77913702,-0.62669742,-0.013987541,0
-2.0134792,0.18770111,0.14239025,-0.61308724,0.75718606,0.22537379,0
2.9201698,2.718152,-0.61733246,0.77913702,0.62669742,0.013987541,0
-3.3595495,-1.0271999,0.713624,-0.61308724,0.75718606,0.22537379,0
-2.5057795,-3.1202986,-0.98689938,-0.77913702,-0.62669742,-0.013987541,0
-1.9843814,-1.0829375,1.5842361,0.1306501,-0.1841727,0.97417188,0
3.4402936,2.1937842,-1.2029862,0.77913702,0.62669742,0.013987541,0
-1.0171688,0.18179987,-1.3770702,-0.1306501,0.1841727,-0.97417188,0
-3.2352409,-0.93181247,0.787678,-0.61308724,0.75718606,0.22537379,0
-2.7158139,-3.0062299,0.89428997,-0.77913702,-0.62669742,-0.013987541,0
2.7889647,0.99865294,-1.7892504,-0.1306501,0.1841727,-0.97417188,0
2.4233294,1.6177589,-1.6089504,-0.1306501,0.1841727,-0.97417188,0
0.92255807,2.3833914,0.85021412,-0.61308724,0.75718606,0.22537379,0
2.6837971,2.9195993,-0.57501411,0.77913702,0.62669742,0.013987541,0
-3.7517788,-1.7613707,-0.0098133087,-0.77913702,-0.62669742,-0.013987541,0
-0.25588796,-1.9655867,1.1739813,0.1306501,-0.1841727,0.97417188,0
-0.49546164,1.6429081,-0.13172826,-0.61308724,0.75718606,0.22537379,0
-1.8682475,-2.401155,-1.7843335,-0.1306501,0.1841727,-0.97417188,0
1.0767449,1.1226699,1.6926489,0.1306501,-0.1841727,0.97417188,0
-2.2479224,-3.6567216,-0.52560067,-0.77913702,-0.62669742,-0.013987541,0
-3.8852148,-1.4730486,0.031280994,-0.77913702,-0.62669742,-0.013987541,0
0.29268205,-1.2897651,-1.3956048,0.61308724,-0.75718606,-0.22537379,0
3.5647264,1.8922151,0.63429213,0.77913702,0.62669742,0.013987541,0
1.5118299,-0.1047689,1.4146538,0.1306501,-0.1841727,0.97417188,0
-1.028522,-2.8805962,1.1503098,0.1306501,-0.1841727,0.97417188,0
1.4715775,-0.97586423,1.10519,0.1306501,-0.1841727,0.97417188,0
-0.14590886,2.1619031,-0.85381198,-0.61308724,0.75718606,0.22537379,0
-0.45065308,-2.2842638,-0.60244763,0.61308724,-0.75718606,-0.22537379,0
4.0614309,1.4038683,0.43638992,0.77913702,0.62669742,0.013987541,0
-2.8062172,-2.7217131,-0.78764129,-0.77913702,-0.62669742,-0.013987541,0
3.8725448,1.5052052,-1.2385502,0.61308724,-0.75718606,-0.22537379,0
1.3386991,3.2086921,-1.0482187,-0.1306501,0.1841727,-0.97417188,0
0.83231288,2.843677,-0.3454988,-0.61308724,0.75718606,0.22537379,0
-4.1685591,-1.038735,-1.0892661,-0.61308724,0.75718606,0.22537379,0
-3.7498734,-1.2638814,0.60153008,-0.61308724,0.75718606,0.22537379,0
-2.3831265,-3.3861842,1.3007734,0.1306501,-0.1841727,0.97417188,0
3.5517926,1.9848011,1.305728,0.77913702,0.62669742,0.013987541,0
-1.4400697,0.50553167,0.69539559,-0.61308724,0.75718606,0.22537379,0
0.26418078,0.25130159,-1.5812426,-0.1306501,0.1841727,-0.97417188,0
-0.12274671,-1.8739371,-1.0413566,0.61308724,-0.75718606,-0.22537379,0
3.6066167,1.7725303,1.3861365,0.77913702,0.62669742,0.013987541,0
-0.81622899,-2.7012813,0.4594928,0.61308724,-0.75718606,-0.22537379,0
-2.4943795,-3.217994,-0.020802975,-0.77913702,-0.62669742,-0.013987541,0
-0.0047227144,-2.2683902,0.57839847,0.61308724,-0.75718606,-0.22537379,0
0.30162561,-1.9309851,1.0467317,0.1306501,-0.1841727,0.97417188,0
2.7749348,2.8947492,0.38810158,0.77913702,0.62669742,0.013987541,0
-2.9357979,-2.6132967,-0.58485794,-0.77913702,-0.62669742,-0.013987541,0
-1.6047591,-1.2306488,1.5819632,0.1306501,-0.1841727,0.97417188,0
1.3352406,2.4945931,1.68489,-0.61308724,0.75718606,0.22537379,0
2.5098965,0.053058356,0.19413543,0.61308724,-0.75718606,-0.22537379,0
-2.2794552,-0.090165101,-1.3152798,-0.1306501,0.1841727,-0.97417188,0
0.73966211,1.0575187,-1.5102962,-0.1306501,0.1841727,-0.97417188,0
-3.4612617,-0.44557953,-0.90734363,-0.61308724,0.75718606,0.22537379,0
-3.0655694,-0.98636359,1.782845,0.1306501,-0.1841727,0.97417188,0
-0.72147167,-2.746309,0.75455117,0.61308724,-0.75718606,-0.22537379,0
1.6096884,-0.34074527,-1.2821218,0.61308724,-0.75718606,-0.22537379,0
-2.6285677,-3.1331401,-1.4804149,-0.77913702,-0.62669742,-0.013987541,0
-3.6334083,-1.9283282,0.34944105,-0.77913702,-0.62669742,-0.013987541,0
-0.30276644,-1.6871223,-1.6710486,0.61308724,-0.75718606,-0.22537379,0
0.12222111,2.0205514,0.29643577,-0.61308724,0.75718606,0.22537379,0
3.2203569,0.45678803,0.86267257,0.61308724,-0.75718606,-0.22537379,0
-1.3705992,0.40981627,1.1817963,-0.61308724,0.75718606,0.22537379,0
0.04032588,0.92803395,-1.4265922,-0.1306501,0.1841727,-0.97417188,0
2.3043253,1.4078312,-1.5699589,-0.1306501,0.1841727,-0.97417188,0
0.188411,1.8835678,1.1989295,-0.61308724,0.75718606,0.22537379,0
-1.6797646,-1.6837656,1.4451618,0.1306501,-0.1841727,0.97417188,0
1.408805,-0.4884938,1.271454,0.1306501,-0.1841727,0.97417188,0
3.9304059,1.6574154,-0.46138763,0.77913702,0.62669742,0.013987541,0
0.35886079,2.0683455,0.30701792,-0.61308724,0.75718606,0.22537379,0
0.66091186,-1.5177592,1.1116389,0.1306501,-0.1841727,0.97417188,0
-3.8647184,-1.6019275,1.0835791,-0.77913702,-0.62669742,-0.013987541,0
-2.0293224,0.53147185,-0.40251946,-0.61308724,0.75718606,0.22537379,0
-2.24663,-3.5338888,-1.2947543,0.61308724,-0.75718606,-0.22537379,0
-2.1357508,-3.6599183,1.1893549,-0.77913702,-0.62669742,-0.013987541,0
2.1145546,0.20065987,-1.7856357,0.61308724,-0.75718606,-0.22537379,0
0.69320548,-0.13303852,1.4461708,0.1306501,-0.1841727,0.97417188,0
-1.4309437,-3.3479505,1.1180556,0.61308724,-0.75718606,-0.22537379,0
-2.5203683,-1.6969688,-1.5498238,-0.1306501,0.1841727,-0.97417188,0
-1.5607386,-3.1704061,-0.33155823,0.61308724,-0.75718606,-0.22537379,0
1.8754647,3.7124348,-0.97365451,-0.61308724,0.75718606,0.22537379,0
-3.3546343,-2.1236999,1.1520567,-0.77913702,-0.62669742,-0.013987541,0
-2.3307223,-3.3554997,-0.11092877,-0.77913702,-0.62669742,-0.013987541,0
-0.811831,0.51598001,-1.2649672,-0.1306501,0.1841727,-0.97417188,0
3.7422118,0.90077114,1.2421894,0.1306501,-0.1841727,0.97417188,0
3.134733,2.4159915,0.087580681,0.77913702,0.62669742,0.013987541,0
-1.1841599,0.91579115,-0.010143757,-0.61308724,0.75718606,0.22537379,0
-0.90710533,-0.28341684,-1.5699823,-0.1306501,0.1841727,-0.97417188,0
-2.0352769,0.046102703,1.0186681,-0.61308724,0.75718606,0.22537379,0
-2.0792861,-1.8017833,-1.6537647,-0.1306501,0.1841727,-0.97417188,0
-3.1557107,-2.5131874,0.37419891,-0.77913702,-0.62669742,-0.013987541,0
4.0684791,1.4665191,-0.64924288,0.77913702,0.62669742,0.013987541,0
0.66656882,-1.8072157,1.0282011,0.1306501,-0.1841727,0.97417188,0
3.035531,1.6673883,-1.58004,-0.1306501,0.1841727,-0.97417188,0
-2.1222432,-3.1821916,-1.8792497,-0.1306501,0.1841727,-0.97417188,0
-1.2165991,0.239025,1.8472602,0.1306501,-0.1841727,0.97417188,0
-0.012724251,2.2139812,-0.72310168,-0.61308724,0.75718606,0.22537379,0
-0.86322486,1.4581361,-0.83998454,-0.61308724,0.75718606,0.22537379,0
-3.4459777,-2.0838366,-0.54335427,-0.77913702,-0.62669742,-0.013987541,0
-0.019595742,-0.063664675,1.4935441,0.1306501,-0.1841727,0.97417188,0
-2.3599281,0.018354118,0.066105127,-0.61308724,0.75718606,0.22537379,0
3.7461524,1.7230279,-1.7839055,0.77913702,0.62669742,0.013987541,0
-1.2223642,-1.7714863,1.2751074,0.1306501,-0.1841727,0.97417188,0
0.66405165,2.4411709,-0.088847637,-0.61308724,0.75718606,0.22537379,0
-2.4689598,-1.5411272,-1.5594872,-0.1306501,0.1841727,-0.97417188,0
0.64700907,2.8733854,-0.89899957,-0.61308724,0.75718606,0.22537379,0
-1.4244715,0.64824098,0.85670203,-0.61308724,0.75718606,0.22537379,0
0.15666008,-1.6794184,-0.67371845,0.61308724,-0.75718606,-0.22537379,0
-2.2628226,0.25339845,-1.2500868,-0.1306501,0.1841727,-0.97417188,0
0.96694577,1.7020447,1.6994346,0.1306501,-0.1841727,0.97417188,0
-2.5603161,-3.0068455,-1.6171401,-0.77913702,-0.62669742,-0.013987541,0
-0.30790865,-1.8618053,-0.8573457,0.61308724,-0.75718606,-0.22537379,0
-2.9806151,-0.31707758,-0.69181991,-0.61308724,0.75718606,0.22537379,0
0.96675271,2.9498274,-0.79699612,-0.61308724,0.75718606,0.22537379,0
0.88208067,2.239156,1.2076871,-0.61308724,0.75718606,0.22537379,0
0.88996661,0.3978495,-1.5387645,-0.1306501,0.1841727,-0.97417188,0
-0.49067491,1.2999451,0.66197348,-0.61308724,0.75718606,0.22537379,0
-0.96024841,0.47627091,1.7986192,0.1306501,-0.1841727,0.97417188,0
-0.97948623,-2.6615796,1.0859022,0.1306501,-0.1841727,0.97417188,0
-2.7587852,-1.6945817,1.6294491,0.1306501,-0.1841727,0.97417188,0
3.4744,1.8810414,1.0416768,0.77913702,0.62669742,0.013987541,0
2.7456934,2.8869085,-0.45415759,0.77913702,0.62669742,0.013987541,0
-1.8534237,-0.72959155,-1.3412025,-0.1306501,0.1841727,-0.97417188,0
0.64895684,2.5971289,-0.46166623,-0.61308724,0.75718606,0.22537379,0
0.73399419,-1.5311296,0.46086892,0.61308724,-0.75718606,-0.22537379,0
-3.5042424,-1.9675272,0.1862812,-0.77913702,-0.62669742,-0.013987541,0
-0.57994753,-0.94838327,1.4317796,0.1306501,-0.1841727,0.97417188,0
2.3755612,3.4699748,1.3789818,0.77913702,0.62669742,0.013987541,0
0.80179894,-1.0692525,-0.54744685,0.61308724,-0.75718606,-0.22537379,0
-0.28959441,-0.79992735,1.4604659,0.1306501,-0.1841727,0.97417188,0
-0.13350731,-0.84609842,1.3344178,0.1306501,-0.1841727,0.97417188,0
-2.6306312,-3.0144863,-1.8334656,-0.1306501,0.1841727,-0.97417188,0
1.9550486,-0.52075064,0.73696989,0.61308724,-0.75718606,-0.22537379,0
-1.2520831,0.38623583,1.7278185,0.1306501,-0.1841727,0.97417188,0
-3.8754642,-1.6692677,0.1447773,-0.77913702,-0.62669742,-0.013987541,0
1.5109414,1.3122607,1.5464797,0.1306501,-0.1841727,0.97417188,0
-1.9425964,0.44690427,-0.19077182,-0.61308724,0.75718606,0.22537379,0
1.3322001,3.066313,-1.1058786,-0.1306501,0.1841727,-0.97417188,0
-2.475137,-2.9423225,-1.7832644,-0.1306501,0.1841727,-0.97417188,0
-3.6961377,-1.9244168,0.015414715,-0.77913702,-0.62669742,-0.013987541,0
0.84061503,-1.6021508,0.70536906,0.61308724,-0.75718606,-0.22537379,0
-1.7198064,0.18140984,1.6232694,-0.61308724,0.75718606,0.22537379,0
3.9333503,1.2608068,1.2329273,0.1306501,-0.1841727,0.97417188,0
0.51293927,-1.3958486,-0.1500283,0.61308724,-0.75718606,-0.22537379,0
3.4757099,2.0462267,0.99033332,0.77913702,0.62669742,0.013987541,0
2.0049331,-0.15885586,-1.0512276,0.61308724,-0.75718606,-0.22537379,0
-0.53808993,1.4592402,0.26527366,-0.61308724,0.75718606,0.22537379,0
-2.5903294,-3.037451,0.51405478,-0.77913702,-0.62669742,-0.013987541,0
-1.3043504,-0.17371446,-1.4870971,-0.1306501,0.1841727,-0.97417188,0
-0.51366943,1.2440526,0.78349835,-0.61308724,0.75718606,0.22537379,0
-2.7313848,-2.9495022,0.042076111,-0.77913702,-0.62669742,-0.013987541,0
-2.9689021,-0.30108956,-1.2847674,-0.1306501,0.1841727,-0.97417188,0
3.9460387,0.7662403,1.140759,0.61308724,-0.75718606,-0.22537379,0
-1.1107471,-2.8092425,-0.088090897,0.61308724,-0.75718606,-0.22537379,0
-0.11478889,0.83968878,-1.3812227,-0.1306501,0.1841727,-0.97417188,0
1.3362925,1.9013879,1.786526,0.1306501,-0.1841727,0.97417188,0
2.7704504,2.8948843,0.6048131,0.77913702,0.62669742,0.013987541,0
-3.4890227,-2.0703835,-1.2939272,-0.77913702,-0.62669742,-0.013987541,0
-2.8432219,-2.9793115,-0.48446631,-0.77913702,-0.62669742,-0.013987541,0
-1.4865329,0.39248562,0.97414327,-0.61308724,0.75718606,0.22537379,0
-3.0778909,-2.5790915,0.39252949,-0.77913702,-0.62669742,-0.013987541,0
2.6770635,0.14540792,0.31962109,0.61308724,-0.75718606,-0.22537379,0
3.6304233,1.4553807,-1.7592311,0.61308724,-0.75718606,-0.22537379,0
3.3024919,0.42373046,1.0921168,0.1306501,-0.1841727,0.97417188,0
-1.1842558,0.096076265,-1.3337458,-0.1306501,0.1841727,-0.97417188,0
0.61583841,0.39311165,1.590552,0.1306501,-0.1841727,0.97417188,0
3.0282853,2.7005706,-0.25268698,0.77913702,0.62669742,0.013987541,0
0.64251101,1.9225302,1.5443674,-0.61308724,0.75718606,0.22537379,0
-3.3376935,-2.1472964,1.1316695,-0.77913702,-0.62669742,-0.013987541,0
-3.0791707,-0.23713869,-1.0900851,-0.1306501,0.1841727,-0.97417188,0
2.6442704,2.9388638,1.3363574,0.77913702,0.62669742,0.013987541,0
3.3092566,2.2621148,-1.5033154,0.77913702,0.62669742,0.013987541,0
-3.3834038,-2.1726334,-1.3467443,-0.77913702,-0.62669742,-0.013987541,0
-2.8176694,-2.8676457,1.0369861,-0.77913702,-0.62669742,-0.013987541,0
-2.9177296,-2.9141564,0.11040735,-0.77913702,-0.62669742,-0.013987541,0
-3.4683714,-0.6692999,-0.8191402,-0.61308724,0.75718606,0.22537379,0
2.8237114,3.003701,-1.0825634,0.77913702,0.62669742,0.013987541,0
1.7725809,0.9663347,-1.563952,-0.1306501,0.1841727,-0.97417188,0
-3.3393116,-2.1287379,1.515337,-0.77913702,-0.62669742,-0.013987541,0
0.087228656,-2.1927562,0.71102595,0.61308724,-0.75718606,-0.22537379,0
2.313163,-0.33599982,0.39236367,0.61308724,-0.75718606,-0.22537379,0
2.9429684,2.8568535,-0.49208784,0.77913702,0.62669742,0.013987541,0
-2.7920294,-2.9938695,1.1289186,-0.77913702,-0.62669742,-0.013987541,0
-1.3021758,-0.42142791,1.6424487,0.1306501,-0.1841727,0.97417188,0
-2.5025802,-1.3461224,-1.5035323,-0.1306501,0.1841727,-0.97417188,0
-1.4244746,-2.8881471,-0.6457479,0.61308724,-0.75718606,-0.22537379,0
1.4537563,1.8467286,-1.3267488,-0.1306501,0.1841727,-0.97417188,0
-3.4369559,-1.0498285,0.95222759,-0.61308724,0.75718606,0.22537379,0
1.4301023,1.3208542,-1.4562976,-0.1306501,0.1841727,-0.97417188,0
-2.6215668,-3.028465,-0.069620609,-0.77913702,-0.62669742,-0.013987541,0
0.090070188,-1.3078237,1.2648768,0.1306501,-0.1841727,0.97417188,0
-3.9633994,-1.597716,-0.52793622,-0.77913702,-0.62669742,-0.013987541,0
-2.0687141,-0.23567581,1.5889151,-0.61308724,0.75718606,0.22537379,0
-0.97216308,-2.1670446,1.2070465,0.1306501,-0.1841727,0.97417188,0
-2.6656735,-2.9259267,-0.39040852,-0.77913702,-0.62669742,-0.013987541,0
-2.902956,-2.7313843,-0.22741508,-0.77913702,-0.62669742,-0.013987541,0
-1.9059812,0.6401763,-0.35147583,-0.61308724,0.75718606,0.22537379,0
-0.51469302,-0.858585,1.5300791,0.1306501,-0.1841727,0.97417188,0
3.7734919,0.7051686,0.98559523,0.61308724,-0.75718606,-0.22537379,0
-2.9400525,-2.6398902,-1.0287144,-0.77913702,-0.62669742,-0.013987541,0
-2.2414396,-1.1246638,1.608026,0.1306501,-0.1841727,0.97417188,0
4.0031729,1.1809858,1.2096326,0.1306501,-0.1841727,0.97417188,0
0.84852397,0.97942942,-1.4288988,-0.1306501,0.1841727,-0.97417188,0
3.5053673,2.0095961,0.3738842,0.77913702,0.62669742,0.013987541,0
2.8178384,3.0223267,-0.09707737,0.77913702,0.62669742,0.013987541,0
-3.8176994,-1.6722195,-0.042454243,-0.77913702,-0.62669742,-0.013987541,0
-3.4625187,-2.2412562,0.33634329,-0.77913702,-0.62669742,-0.013987541,0
-0.92514062,1.5341088,-0.76606423,-0.61308724,0.75718606,0.22537379,0
0.21600521,0.030221343,-1.548719,-0.1306501,0.1841727,-0.97417188,0
-1.1721301,0.92611253,0.19056576,-0.61308724,0.75718606,0.22537379,0
2.4364893,0.073742151,-0.30673194,0.61308724,-0.75718606,-0.22537379,0
-0.17644823,-1.660974,-1.2315385,0.61308724,-0.75718606,-0.22537379,0
2.6721964,3.0543268,0.035341263,0.77913702,0.62669742,0.013987541,0
-1.1178319,-2.9799645,0.051086426,0.61308724,-0.75718606,-0.22537379,0
0.95940822,2.7227035,-0.26033616,-0.61308724,0.75718606,0.22537379,0
2.3604815,3.4237211,1.6242647,0.77913702,0.62669742,0.013987541,0
-3.2451,-2.3695526,1.1137872,-0.77913702,-0.62669742,-0.013987541,0
-3.4219232,-1.2428662,1.3359015,-0.61308724,0.75718606,0.22537379,0
-3.8272905,-1.5173836,0.36632729,-0.77913702,-0.62669742,-0.013987541,0
1.2131071,-0.61734539,-1.0756791,0.61308724,-0.75718606,-0.22537379,0
1.3124413,-0.40157866,-1.5858343,0.61308724,-0.75718606,-0.22537379,0
-1.6008283,-2.9889023,-0.83757639,0.61308724,-0.75718606,-0.22537379,0
-1.080142,-0.053419411,-1.5046897,-0.1306501,0.1841727,-0.97417188,0
3.118989,2.4031224,0.03412962,0.77913702,0.62669742,0.013987541,0
3.3884079,0.91104555,-0.61357856,0.61308724,-0.75718606,-0.22537379,0
-1.351495,-3.334486,0.76788306,0.61308724,-0.75718606,-0.22537379,0
-2.4441009,-1.9834374,-1.5576955,-0.1306501,0.1841727,-0.97417188,0
-2.5820308,-3.1218727,-1.6018498,-0.77913702,-0.62669742,-0.013987541,0
-2.8815904,-2.376662,-1.6317263,-0.1306501,0.1841727,-0.97417188,0
-1.8191895,-2.775759,-1.8684523,-0.1306501,0.1841727,-0.97417188,0
3.5801072,1.9431758,-1.0407991,0.77913702,0.62669742,0.013987541,0
-3.7950737,-1.7864642,0.69551849,-0.77913702,-0.62669742,-0.013987541,0
-3.7918947,-1.8126597,0.74804258,-0.77913702,-0.62669742,-0.013987541,0
1.3971659,1.1914771,1.5878124,0.1306501,-0.1841727,0.97417188,0
-1.6075957,-2.9057775,-1.3516167,0.61308724,-0.75718606,-0.22537379,0
-2.2236543,-2.2460425,1.3955162,0.1306501,-0.1841727,0.97417188,0
-3.2901926,-2.3532672,-1.4304371,-0.77913702,-0.62669742,-0.013987541,0
0.33586526,-0.42846352,1.4203188,0.1306501,-0.1841727,0.97417188,0
-1.2921125,-2.5626121,-1.3976638,0.61308724,-0.75718606,-0.22537379,0
2.4416089,3.3780653,1.1202488,0.77913702,0.62669742,0.013987541,0
-0.86582625,-2.9504876,1.0041869,0.1306501,-0.1841727,0.97417188,0
2.0621736,-0.16961735,-0.72913074,0.61308724,-0.75718606,-0.22537379,0
1.0463526,2.702168,-1.1458824,-0.1306501,0.1841727,-0.97417188,0
-2.7715387,-1.343623,1.6890602,0.1306501,-0.1841727,0.97417188,0
3.346952,2.3854032,-1.2444315,0.77913702,0.62669742,0.013987541,0
-2.3065817,-3.5252707,0.28644657,-0.77913702,-0.62669742,-0.013987541,0
-3.7916942,-1.5512478,0.42293692,-0.77913702,-0.62669742,-0.013987541,0
-1.9875219,-3.7767024,0.99822903,0.1306501,-0.1841727,0.97417188,0
2.3995619,-0.018852651,-0.40295792,0.61308724,-0.75718606,-0.22537379,0
-3.8867626,-1.5455513,0.40880775,-0.77913702,-0.62669742,-0.013987541,0
1.6999164,2.0625916,-1.3397772,-0.1306501,0.1841727,-0.97417188,0
-0.92734081,1.0772163,-1.2969347,-0.1306501,0.1841727,-0.97417188,0
1.4435042,-0.9073894,0.67577034,0.61308724,-0.75718606,-0.22537379,0
-1.0787823,0.78909791,0.91739994,-0.61308724,0.75718606,0.22537379,0
1.6461091,1.7638942,-1.4152024,-0.1306501,0.1841727,-0.97417188,0
-0.47977844,-2.417876,0.021678329,0.61308724,-0.75718606,-0.22537379,0
-2.3654251,-0.035768986,0.45079088,-0.61308724,0.75718606,0.22537379,0
-1.3959081,0.60682893,1.2531826,-0.61308724,0.75718606,0.22537379,0
-2.4754295,-3.3003256,-0.1458776,-0.77913702,-0.62669742,-0.013987541,0
-2.3536677,-3.2897825,-1.526124,-0.77913702,-0.62669742,-0.013987541,0
-0.48828831,-2.3310795,0.13548231,0.61308724,-0.75718606,-0.22537379,0
-1.4713464,0.34256208,1.5234616,-0.61308724,0.75718606,0.22537379,0
3.8479433,1.0452509,-0.12944651,0.61308724,-0.75718606,-0.22537379,0
-1.591331,0.59094822,0.45749664,-0.61308724,0.75718606,0.22537379,0
-2.4719248,-3.3743293,-0.65344548,-0.77913702,-0.62669742,-0.013987541,0
-2.8810284,-2.701247,-0.4415524,-0.77913702,-0.62669742,-0.013987541,0
1.8748876,2.2038133,1.6796008,0.1306501,-0.1841727,0.97417188,0
2.6186051,0.53353971,-0.93569756,0.61308724,-0.75718606,-0.22537379,0
-2.8153603,-0.049947828,-0.9008013,-0.61308724,0.75718606,0.22537379,0
-0.9537074,-2.243726,1.243122,0.1306501,-0.1841727,0.97417188,0
2.9373941,2.7083168,-1.2914736,0.77913702,0.62669742,0.013987541,0
-3.1501307,-2.5162568,-0.062678814,-0.77913702,-0.62669742,-0.013987541,0
-2.3936024,-2.620101,1.4417586,0.1306501,-0.1841727,0.97417188,0
2.4672348,3.3176787,1.4667523,0.77913702,0.62669742,0.013987541,0
0.088469744,-1.9507123,-0.24070024,0.61308724,-0.75718606,-0.22537379,0
-1.5973186,-1.4201574,-1.5673263,-0.1306501,0.1841727,-0.97417188,0
-3.8780365,-1.6790369,1.2497225,-0.77913702,-0.62669742,-0.013987541,0
2.5541801,0.16715199,-0.40028477,0.61308724,-0.75718606,-0.22537379,0
-2.619226,-3.0924745,-0.44758749,-0.77913702,-0.62669742,-0.013987541,0
-2.1078634,-3.6147401,-0.070829868,0.61308724,-0.75718606,-0.22537379,0
1.7681187,-0.77760887,0.75283509,0.61308724,-0.75718606,-0.22537379,0
-2.501719,-3.4404674,0.4590528,-0.77913702,-0.62669742,-0.013987541,0
1.2248478,-1.3277311,0.99508131,0.61308724,-0.75718606,-0.22537379,0
1.0270808,1.5503523,-1.3275737,-0.1306501,0.1841727,-0.97417188,0
2.067791,0.62890339,1.3200358,0.1306501,-0.1841727,0.97417188,0
-3.5696797,-1.8754945,0.1698246,-0.77913702,-0.62669742,-0.013987541,0
3.8919342,1.52557,-0.51004076,0.77913702,0.62669742,0.013987541,0
-1.4602419,0.73381162,0.36546326,-0.61308724,0.75718606,0.22537379,0
0.85101819,-0.72749299,1.3424861,0.1306501,-0.1841727,0.97417188,0
-1.3631879,1.0145719,-0.5579803,-0.61308724,0.75718606,0.22537379,0
-1.6226519,0.39472663,0.7627784,-0.61308724,0.75718606,0.22537379,0
3.4114804,2.0409772,-0.5199213,0.77913702,0.62669742,0.013987541,0
0.82215226,1.0055437,1.6845254,0.1306501,-0.1841727,0.97417188,0
-2.4506471,-3.2624378,0.7824297,-0.77913702,-0.62669742,-0.013987541,0
1.2304617,-0.36669338,-1.8759127,-0.1306501,0.1841727,-0.97417188,0
-0.83997399,1.4774437,-0.59858072,-0.61308724,0.75718606,0.22537379,0
1.1657732,3.2041411,-0.72044086,-0.61308724,0.75718606,0.22537379,0
-2.8100548,-3.0019336,1.2203305,-0.77913702,-0.62669742,-0.013987541,0
-0.70822769,-0.80510527,1.4418886,0.1306501,-0.1841727,0.97417188,0
3.3950207,2.0577834,-0.95809031,0.77913702,0.62669742,0.013987541,0
-2.3358712,-3.4718239,-1.013288,-0.77913702,-0.62669742,-0.013987541,0
2.9041131,2.7974591,0.42234969,0.77913702,0.62669742,0.013987541,0
-0.21616495,1.9318273,-0.652372,-0.61308724,0.75718606,0.22537379,0
-1.2122838,-1.2057339,-1.5933439,-0.1306501,0.1841727,-0.97417188,0
-0.10750699,-1.7327795,-1.5198885,0.61308724,-0.75718606,-0.22537379,0
3.8870225,1.6435645,0.54139137,0.77913702,0.62669742,0.013987541,0
-3.3932819,-2.1172867,1.287755,-0.77913702,-0.62669742,-0.013987541,0
-0.47740322,1.2423316,-1.3407507,-0.1306501,0.1841727,-0.97417188,0
2.2410278,3.531528,-1.0879822,-0.1306501,0.1841727,-0.97417188,0
-2.6633549,-0.052797258,-0.5552516,-0.61308724,0.75718606,0.22537379,0
2.9100842,2.7586412,-0.29259968,0.77913702,0.62669742,0.013987541,0
-2.8008482,-2.9225481,1.3788731,-0.77913702,-0.62669742,-0.013987541,0
0.69165105,2.405978,-1.1494008,-0.1306501,0.1841727,-0.97417188,0
3.7231712,1.8004891,-1.5345912,0.77913702,0.62669742,0.013987541,0
-1.0731293,-1.0465004,-1.5509574,-0.1306501,0.1841727,-0.97417188,0
1.1574796,0.17293131,-1.7425578,-0.1306501,0.1841727,-0.97417188,0
-1.299401,-1.3779606,-1.7069774,-0.1306501,0.1841727,-0.97417188,0
2.5683374,3.1333899,0.08622694,0.77913702,0.62669742,0.013987541,0
-1.1337148,-1.6833436,1.2848283,0.1306501,-0.1841727,0.97417188,0
4.0130677,1.4147381,0.19722557,0.77913702,0.62669742,0.013987541,0
-1.6460128,0.47801161,-1.1999665,-0.1306501,0.1841727,-0.97417188,0
3.5021739,0.89290774,0.10492325,0.61308724,-0.75718606,-0.22537379,0
-0.71883023,-2.4186146,-0.7751348,0.61308724,-0.75718606,-0.22537379,0
2.5975196,0.43278617,-1.2544365,0.61308724,-0.75718606,-0.22537379,0
-0.94749957,-0.19639635,1.5353551,0.1306501,-0.1841727,0.97417188,0
2.2290673,3.4984744,-0.37040496,0.77913702,0.62669742,0.013987541,0
-0.043748021,-0.32235354,-1.5010884,-0.1306501,0.1841727,-0.97417188,0
-1.1157312,-0.48290911,-1.5764468,-0.1306501,0.1841727,-0.97417188,0
2.5935726,3.0740402,1.6823301,0.1306501,-0.1841727,0.97417188,0
-2.3470724,-3.3009107,-1.3909082,-0.77913702,-0.62669742,-0.013987541,0
3.4054246,2.2027783,0.38640261,0.77913702,0.62669742,0.013987541,0
-1.0491214,-0.098431021,-1.3492134,-0.1306501,0.1841727,-0.97417188,0
-3.1920762,-2.5692468,1.0037632,-0.77913702,-0.62669742,-0.013987541,0
-2.2428191,-1.3622991,1.6033585,0.1306501,-0.1841727,0.97417188,0
3.9830909,1.4800713,0.62192035,0.77913702,0.62669742,0.013987541,0
-3.6698542,-1.1550593,-1.2880733,-0.1306501,0.1841727,-0.97417188,0
1.5306212,1.1200758,1.5092362,0.1306501,-0.1841727,0.97417188,0
2.9491668,2.7124758,0.37734604,0.77913702,0.62669742,0.013987541,0
1.0318153,2.3363023,1.6304885,-0.61308724,0.75718606,0.22537379,0
-0.47239077,-2.2187109,-0.64245927,0.61308724,-0.75718606,-0.22537379,0
-2.2134738,-2.7761784,1.4141004,0.1306501,-0.1841727,0.97417188,0
-1.6382768,-1.9721246,1.4727378,0.1306501,-0.1841727,0.97417188,0
-0.96023476,-2.4256682,-1.5075479,0.61308724,-0.75718606,-0.22537379,0
2.2374794,2.9485359,1.6991892,0.1306501,-0.1841727,0.97417188,0
-2.5072575,-2.600287,-1.6476625,-0.1306501,0.1841727,-0.97417188,0
0.038172364,-1.5288658,-1.7866569,-0.1306501,0.1841727,-0.97417188,0
2.643167,3.066165,0.80508065,0.77913702,0.62669742,0.013987541,0
-3.5460517,-2.0370281,-0.44967294,-0.77913702,-0.62669742,-0.013987541,0
-1.7394686,0.47801667,0.30355537,-0.61308724,0.75718606,0.22537379,0
0.45236617,0.66303658,-1.4734464,-0.1306501,0.1841727,-0.97417188,0
3.1548939,2.5343833,-1.4795718,0.77913702,0.62669742,0.013987541,0
2.000834,3.3041201,0.97549415,-0.61308724,0.75718606,0.22537379,0
-2.8697033,-1.96574,-1.4725087,-0.1306501,0.1841727,-0.97417188,0
3.7375002,1.3060328,-1.1151087,0.61308724,-0.75718606,-0.22537379,0
4.2080355,1.197242,0.58340287,0.61308724,-0.75718606,-0.22537379,0
3.3877869,2.0540071,-1.3664513,0.77913702,0.62669742,0.013987541,0
2.7583969,3.0801892,-0.44979501,0.77913702,0.62669742,0.013987541,0
-3.2779167,-2.4728379,1.2299218,-0.77913702,-0.62669742,-0.013987541,0
2.8272815,0.66248792,-1.3703756,0.61308724,-0.75718606,-0.22537379,0
-2.4756532,-3.3021507,0.14325023,-0.77913702,-0.62669742,-0.013987541,0
-0.5664711,0.10702807,-1.5403612,-0.1306501,0.1841727,-0.97417188,0
0.42623362,2.0431166,-1.1800807,-0.1306501,0.1841727,-0.97417188,0
1.8063195,3.6084099,-0.3790772,-0.61308724,0.75718606,0.22537379,0
-3.1692376,-0.79894876,0.97914767,-0.61308724,0.75718606,0.22537379,0
-1.9268886,-1.4315311,-1.6303179,-0.1306501,0.1841727,-0.97417188,0
-1.9488401,-0.022786476,-1.3523585,-0.1306501,0.1841727,-0.97417188,0
-0.21998036,0.45878255,1.6604507,0.1306501,-0.1841727,0.97417188,0
3.1481206,2.5990419,-0.7508707,0.77913702,0.62669742,0.013987541,0
2.5866997,3.0771856,1.6434779,0.77913702,0.62669742,0.013987541,0
3.9875968,1.5929894,-0.5321908,0.77913702,0.62669742,0.013987541,0
-0.89361954,-2.541357,1.1056813,0.1306501,-0.1841727,0.97417188,0
0.5918715,0.84305143,-1.5015464,-0.1306501,0.1841727,-0.97417188,0
4.0522304,1.2853676,0.34340715,0.77913702,0.62669742,0.013987541,0
0.30948746,-1.994849,0.47206104,0.61308724,-0.75718606,-0.22537379,0
3.0649507,2.7036345,0.07022953,0.77913702,0.62669742,0.013987541,0
2.5542688,0.40862113,-1.2303381,0.61308724,-0.75718606,-0.22537379,0
3.9140878,1.686342,-1.33885,0.77913702,0.62669742,0.013987541,0
