-0.36305428,1.3127915,-1.1849629,0.22028588,0.95200992,-0.21248814,0
-2.7013695,-0.56752557,0.1935792,-0.75244856,0.30446991,0.58405411,0
0.43365309,0.9385848,-2.3516123,0.22028588,0.95200992,-0.21248814,0
-2.3201823,0.32429206,-0.14425474,-0.62072158,-0.031227544,-0.78340888,0
-0.31249321,-0.42675066,2.2192566,0.62072158,0.031227544,0.78340888,0
-1.1741176,0.56316829,-1.0306466,-0.62072158,-0.031227544,-0.78340888,0
-1.7298292,-0.85232437,-0.44827321,-0.62072158,-0.031227544,-0.78340888,0
1.9831516,-1.8128618,0.088832021,0.75244856,-0.30446991,-0.58405411,0
-1.1683226,-0.89714366,2.1993923,-0.22028588,-0.95200992,0.21248814,0
0.90188223,0.85457087,-2.4943666,0.22028588,0.95200992,-0.21248814,0
1.9531499,0.61084825,-1.184826,0.75244856,-0.30446991,-0.58405411,0
2.0345647,0.11994893,-0.99651748,0.75244856,-0.30446991,-0.58405411,0
2.4170363,-0.50432688,0.14427906,0.62072158,0.031227544,0.78340888,0
-1.7319033,-0.89672393,0.87777054,-0.22028588,-0.95200992,0.21248814,0
2.0923405,-0.76805913,0.25274765,0.62072158,0.031227544,0.78340888,0
1.3032203,-0.025427148,0.91289306,0.62072158,0.031227544,0.78340888,0
2.566968,0.89969122,-0.28166455,0.62072158,0.031227544,0.78340888,0
-0.95394224,1.8709716,1.2793455,-0.75244856,0.30446991,0.58405411,0
0.39579946,-1.9647101,-1.497244,-0.22028588,-0.95200992,0.21248814,0
1.8789506,1.1799717,0.30599844,0.22028588,0.95200992,-0.21248814,0
-1.2917842,-1.361608,-0.85513401,-0.62072158,-0.031227544,-0.78340888,0
-0.76588166,0.34300834,2.1424809,-0.75244856,0.30446991,0.58405411,0
0.75929832,0.24799386,-2.5738752,0.75244856,-0.30446991,-0.58405411,0
1.5930353,-0.037725359,-1.3963246,0.75244856,-0.30446991,-0.58405411,0
0.50784838,-1.6354803,0.68690908,-0.22028588,-0.95200992,0.21248814,0
0.93863964,0.074909121,-2.2900884,0.75244856,-0.30446991,-0.58405411,0
-1.9016916,-0.12336746,0.92124575,-0.75244856,0.30446991,0.58405411,0
1.4647034,1.0642314,-1.0366521,0.22028588,0.95200992,-0.21248814,0
2.0883985,0.20763265,-0.8842749,0.75244856,-0.30446991,-0.58405411,0
-1.6642773,-0.32756546,1.3517346,-0.75244856,0.30446991,0.58405411,0
1.823156,0.94360095,0.53971612,0.62072158,0.031227544,0.78340888,0
2.1532633,0.21033882,0.2228829,0.62072158,0.031227544,0.78340888,0
-0.88320565,-0.88726461,2.2885208,-0.22028588,-0.95200992,0.21248814,0
-1.8240837,0.17805213,0.82043362,-0.75244856,0.30446991,0.58405411,0
0.89910483,-0.53479844,-2.0807426,0.75244856,-0.30446991,-0.58405411,0
1.8454078,1.0209744,-0.71688133,0.22028588,0.95200992,-0.21248814,0
2.2614467,-0.68970311,-0.092174411,0.75244856,-0.30446991,-0.58405411,0
-1.9359789,0.70644259,0.70694524,-0.75244856,0.30446991,0.58405411,0
1.5315256,-0.33820963,0.69290411,0.62072158,0.031227544,0.78340888,0
1.3194633,1.0647863,0.95018864,0.62072158,0.031227544,0.78340888,0
-1.1371788,1.7131917,-0.34424546,0.22028588,0.95200992,-0.21248814,0
-0.19395173,1.2586281,-1.2937881,0.22028588,0.95200992,-0.21248814,0
1.123945,1.2359309,-0.70097852,0.22028588,0.95200992,-0.21248814,0
-0.24623951,1.9726856,1.7104838,0.22028588,0.95200992,-0.21248814,0
1.7122269,0.56258863,0.61038184,0.62072158,0.031227544,0.78340888,0
2.6636336,0.61443084,-0.41448069,0.75244856,-0.30446991,-0.58405411,0
-0.179676,-1.5833665,-0.51135969,-0.22028588,-0.95200992,0.21248814,0
1.9311724,-1.8805814,0.44801274,-0.22028588,-0.95200992,0.21248814,0
-1.8945553,-0.20517646,-0.47644755,-0.62072158,-0.031227544,-0.78340888,0
-1.0881101,1.5676305,1.2285502,-0.75244856,0.30446991,0.58405411,0
-0.20353669,1.5012503,-0.90334094,0.22028588,0.95200992,-0.21248814,0
2.0285907,-1.7331074,0.22652054,0.75244856,-0.30446991,-0.58405411,0
-2.158565,1.6769481,-0.2072193,-0.75244856,0.30446991,0.58405411,0
-2.4458177,-0.87472165,0.027980626,-0.62072158,-0.031227544,-0.78340888,0
-0.32908913,-1.0011309,1.8826611,-0.22028588,-0.95200992,0.21248814,0
1.3226222,-0.033141166,0.83978063,0.62072158,0.031227544,0.78340888,0
1.2345793,-1.744848,0.86406779,-0.22028588,-0.95200992,0.21248814,0
-0.87562919,1.3665764,1.5982463,-0.75244856,0.30446991,0.58405411,0
0.68964505,-0.35924158,-2.2201166,0.75244856,-0.30446991,-0.58405411,0
-0.57137591,1.4659529,1.9831026,-0.75244856,0.30446991,0.58405411,0
1.591099,-1.3975739,0.83604556,0.62072158,0.031227544,0.78340888,0
-1.2709054,0.31661436,1.6224202,-0.75244856,0.30446991,0.58405411,0
-0.70527166,-1.6956187,-1.4108739,-0.62072158,-0.031227544,-0.78340888,0
-0.42358929,1.7292457,0.62455761,0.22028588,0.95200992,-0.21248814,0
1.2180798,-1.8508053,0.27396059,-0.22028588,-0.95200992,0.21248814,0
1.0407382,1.5243684,0.52263498,0.22028588,0.95200992,-0.21248814,0
-1.6373626,-1.2098274,-0.16624999,-0.22028588,-0.95200992,0.21248814,0
-0.071400046,-1.1449567,1.4827497,-0.22028588,-0.95200992,0.21248814,0
1.5861588,-0.30618113,0.75586021,0.62072158,0.031227544,0.78340888,0
-1.4514356,-0.30788177,1.686741,-0.75244856,0.30446991,0.58405411,0
0.11851311,1.1075354,-2.1308017,-0.62072158,-0.031227544,-0.78340888,0
1.1287322,-1.7434024,0.58607662,-0.22028588,-0.95200992,0.21248814,0
-0.73866284,1.688103,-0.3279275,0.22028588,0.95200992,-0.21248814,0
1.0597289,-1.9506749,-0.51316571,-0.22028588,-0.95200992,0.21248814,0
1.4171352,-0.017996758,0.83750337,0.62072158,0.031227544,0.78340888,0
-1.9432142,0.26621336,-0.42044789,-0.62072158,-0.031227544,-0.78340888,0
1.5156988,1.0456847,0.72428137,0.62072158,0.031227544,0.78340888,0
-2.2891245,-0.81054795,0.92700887,-0.75244856,0.30446991,0.58405411,0
0.80888021,0.98312557,-1.648391,0.22028588,0.95200992,-0.21248814,0
1.848665,-1.6260852,-0.054216266,0.75244856,-0.30446991,-0.58405411,0
-0.38262844,0.11443129,-1.5890081,-0.62072158,-0.031227544,-0.78340888,0
-0.35644478,0.292106,2.1967139,0.62072158,0.031227544,0.78340888,0
-2.170104,1.1008749,-0.29769856,-0.62072158,-0.031227544,-0.78340888,0
-0.11721343,-1.2325073,1.1903614,-0.22028588,-0.95200992,0.21248814,0
-1.2021469,-1.2175792,0.52950263,-0.22028588,-0.95200992,0.21248814,0
-2.1278539,1.5157129,-0.016011775,-0.75244856,0.30446991,0.58405411,0
2.0603821,-1.4531376,-0.066974461,0.75244856,-0.30446991,-0.58405411,0
-1.5564964,-0.62881696,1.9046749,-0.75244856,0.30446991,0.58405411,0
2.2373457,0.23875023,-0.6646297,0.75244856,-0.30446991,-0.58405411,0
-0.84948939,1.7931955,0.35915238,0.22028588,0.95200992,-0.21248814,0
0.95586216,-1.543767,0.72515619,-0.22028588,-0.95200992,0.21248814,0
-2.3055453,-0.95308149,-0.13108659,-0.62072158,-0.031227544,-0.78340888,0
-1.416512,-0.93025142,1.6699414,-0.22028588,-0.95200992,0.21248814,0
0.29853523,-0.56621242,1.6424645,0.62072158,0.031227544,0.78340888,0
1.3253968,0.52821386,-2.1154516,0.75244856,-0.30446991,-0.58405411,0
-1.3928757,-0.77114111,2.1907663,-0.75244856,0.30446991,0.58405411,0
-0.84203655,-0.84015042,2.7232234,-0.22028588,-0.95200992,0.21248814,0
-1.1791316,0.82080281,1.585539,-0.75244856,0.30446991,0.58405411,0
0.62077421,0.027795017,-2.3739994,-0.62072158,-0.031227544,-0.78340888,0
1.6928256,-2.0179451,-0.22477621,0.75244856,-0.30446991,-0.58405411,0
-0.19830018,-1.1116781,-1.7931821,-0.62072158,-0.031227544,-0.78340888,0
-0.13861275,-0.4812713,-1.8825318,-0.62072158,-0.031227544,-0.78340888,0
1.1837268,-1.8538787,-0.28109515,-0.22028588,-0.95200992,0.21248814,0
1.4062014,-1.9258412,-0.016565323,-0.22028588,-0.95200992,0.21248814,0
1.7729701,0.62229824,-1.5064335,0.75244856,-0.30446991,-0.58405411,0
-1.1229262,0.65366787,-0.95292354,-0.62072158,-0.031227544,-0.78340888,0
-1.3408059,-1.5244468,-0.81013912,-0.22028588,-0.95200992,0.21248814,0
-1.2566924,-0.77379537,-0.80443943,-0.62072158,-0.031227544,-0.78340888,0
0.08987394,-1.0153902,-2.0006981,-0.62072158,-0.031227544,-0.78340888,0
2.0996623,-1.8189582,0.28476775,0.62072158,0.031227544,0.78340888,0
-0.23550078,-1.7390382,-1.691582,-0.62072158,-0.031227544,-0.78340888,0
-2.6178415,-0.76875961,0.3421424,-0.75244856,0.30446991,0.58405411,0
-0.71704423,-1.5654552,-1.0671492,-0.22028588,-0.95200992,0.21248814,0
-2.2245564,0.60044688,0.18303347,-0.75244856,0.30446991,0.58405411,0
1.3860414,0.61523771,0.75649822,0.62072158,0.031227544,0.78340888,0
-0.790169,1.3149577,1.7757505,-0.75244856,0.30446991,0.58405411,0
1.8508052,-0.13420813,-1.1366205,0.75244856,-0.30446991,-0.58405411,0
2.041959,-0.93758047,0.38865599,0.62072158,0.031227544,0.78340888,0
-1.9517795,-0.76029354,1.2704551,-0.75244856,0.30446991,0.58405411,0
2.03001,0.052110787,0.21683013,0.62072158,0.031227544,0.78340888,0
1.9862082,-1.5758117,-0.09925139,0.75244856,-0.30446991,-0.58405411,0
-2.0154958,1.7816279,-0.12060523,-0.75244856,0.30446991,0.58405411,0
1.6894237,0.06947875,-1.3013709,0.75244856,-0.30446991,-0.58405411,0
-0.39068639,-0.4011634,2.1320179,0.62072158,0.031227544,0.78340888,0
-1.2789291,-1.0972798,0.75216925,-0.22028588,-0.95200992,0.21248814,0
-1.3203396,-0.13688231,-0.97993314,-0.62072158,-0.031227544,-0.78340888,0
-0.77080709,-1.3757359,0.21982548,-0.22028588,-0.95200992,0.21248814,0
-0.42935345,-0.7150557,-1.5397582,-0.62072158,-0.031227544,-0.78340888,0
1.6412057,0.060221866,-1.3844364,0.75244856,-0.30446991,-0.58405411,0
-2.0606928,-1.098387,-0.17731747,-0.62072158,-0.031227544,-0.78340888,0
-1.3024893,1.5422928,1.0813172,-0.75244856,0.30446991,0.58405411,0
-0.092195034,1.0567604,-1.9738977,-0.62072158,-0.031227544,-0.78340888,0
0.94735795,0.82541931,-2.4753137,0.22028588,0.95200992,-0.21248814,0
-1.0914724,1.7457845,1.0854079,-0.75244856,0.30446991,0.58405411,0
-0.73723,-0.48510277,-1.2723475,-0.62072158,-0.031227544,-0.78340888,0
-1.1719438,0.47209993,-0.92392945,-0.62072158,-0.031227544,-0.78340888,0
0.031718098,-1.8122519,-0.95037758,-0.22028588,-0.95200992,0.21248814,0
0.58122349,-0.34032813,1.5239674,0.62072158,0.031227544,0.78340888,0
-1.7119175,1.4232162,0.37529743,-0.75244856,0.30446991,0.58405411,0
-1.1543653,0.48592287,-0.90716112,-0.62072158,-0.031227544,-0.78340888,0
-0.23085636,-1.7022396,-0.45242697,-0.22028588,-0.95200992,0.21248814,0
-0.24451715,0.81397742,-1.8549001,-0.62072158,-0.031227544,-0.78340888,0
2.2170758,-0.32823187,0.10187793,0.62072158,0.031227544,0.78340888,0
-1.6381239,-0.95066857,1.0814345,-0.22028588,-0.95200992,0.21248814,0
-0.04689002,1.2474339,-1.9556521,0.22028588,0.95200992,-0.21248814,0
-1.8412025,1.8304708,-0.61833882,-0.62072158,-0.031227544,-0.78340888,0
-1.2438176,1.7605331,0.99326432,-0.75244856,0.30446991,0.58405411,0
-0.61194623,-0.97819018,-1.4319069,-0.62072158,-0.031227544,-0.78340888,0
1.9902804,-1.8787556,0.14864975,0.75244856,-0.30446991,-0.58405411,0
-0.55771816,-1.2708853,0.72440195,-0.22028588,-0.95200992,0.21248814,0
1.280073,-0.48768193,-1.6281539,0.75244856,-0.30446991,-0.58405411,0
0.42829263,0.79937792,1.4827474,0.62072158,0.031227544,0.78340888,0
0.7702741,0.16613029,1.2590514,0.62072158,0.031227544,0.78340888,0
-2.1265333,1.2862443,-0.40238795,-0.62072158,-0.031227544,-0.78340888,0
-1.5493101,-1.0284774,-0.71736133,-0.62072158,-0.031227544,-0.78340888,0
-1.7982159,0.68917233,0.58799732,-0.75244856,0.30446991,0.58405411,0
-0.20045966,-1.1113371,2.0521128,0.62072158,0.031227544,0.78340888,0
-0.59479254,-1.4931297,-0.3747507,-0.22028588,-0.95200992,0.21248814,0
1.3338391,-1.8120334,-0.70596445,0.75244856,-0.30446991,-0.58405411,0
-0.88912427,1.7043983,-0.29997307,0.22028588,0.95200992,-0.21248814,0
-2.0915656,-0.90387213,0.74926949,-0.22028588,-0.95200992,0.21248814,0
0.42428935,-0.92267561,1.5768023,0.62072158,0.031227544,0.78340888,0
2.3578737,0.79284245,0.081123352,0.62072158,0.031227544,0.78340888,0
1.1252873,-0.74490124,0.95454973,0.62072158,0.031227544,0.78340888,0
0.069157898,0.098008573,-1.9674513,-0.62072158,-0.031227544,-0.78340888,0
-0.28070062,0.71224236,2.0032182,0.62072158,0.031227544,0.78340888,0
-0.16220719,-1.3395292,1.2271332,-0.22028588,-0.95200992,0.21248814,0
1.7200689,0.60269487,-1.6782005,0.75244856,-0.30446991,-0.58405411,0
-0.34263813,-1.6697912,-0.65645564,-0.22028588,-0.95200992,0.21248814,0
0.81272912,-0.97157872,1.2898681,0.62072158,0.031227544,0.78340888,0
-0.81446075,0.8990826,1.9851987,-0.75244856,0.30446991,0.58405411,0
0.84274101,0.31031916,1.1336251,0.62072158,0.031227544,0.78340888,0
1.8256147,-1.616101,-0.29255939,0.75244856,-0.30446991,-0.58405411,0
0.72095925,1.5097396,0.79820466,0.22028588,0.95200992,-0.21248814,0
1.2751923,0.99019182,-1.5636926,0.22028588,0.95200992,-0.21248814,0
0.68240672,1.6360408,0.6683408,0.22028588,0.95200992,-0.21248814,0
1.1915699,0.88764024,-1.7584019,0.22028588,0.95200992,-0.21248814,0
-0.15331121,1.6425916,0.056406185,0.22028588,0.95200992,-0.21248814,0
-0.040534586,-1.4672118,0.77375758,-0.22028588,-0.95200992,0.21248814,0
-1.5537304,1.9168451,0.5158211,-0.75244856,0.30446991,0.58405411,0
-0.45797864,-1.2113191,0.87709546,-0.22028588,-0.95200992,0.21248814,0
-0.97613382,1.2625794,1.39241,-0.75244856,0.30446991,0.58405411,0
-1.860395,1.0715289,0.39044845,-0.75244856,0.30446991,0.58405411,0
-0.29961631,1.9014997,1.9188414,-0.75244856,0.30446991,0.58405411,0
0.66930646,-1.2371798,1.3877481,0.62072158,0.031227544,0.78340888,0
0.085149482,-1.8952962,-1.4378095,-0.22028588,-0.95200992,0.21248814,0
0.2046869,1.6214379,0.2597397,0.22028588,0.95200992,-0.21248814,0
-1.5528646,-0.92514896,1.6373408,-0.22028588,-0.95200992,0.21248814,0
-1.9749388,0.032820154,0.82091105,-0.75244856,0.30446991,0.58405411,0
-0.45308208,-1.4501301,-0.079230465,-0.22028588,-0.95200992,0.21248814,0
2.1759517,0.18464023,-0.76082289,0.75244856,-0.30446991,-0.58405411,0
-0.89409608,1.9952147,1.2800491,-0.75244856,0.30446991,0.58405411,0
1.4871545,1.0771002,-0.62090778,0.22028588,0.95200992,-0.21248814,0
-0.43417066,1.6786234,0.039016008,0.22028588,0.95200992,-0.21248814,0
1.3239957,-1.7819427,-0.69328326,0.75244856,-0.30446991,-0.58405411,0
-1.1383984,-0.47391614,-1.0080315,-0.62072158,-0.031227544,-0.78340888,0
-0.9858765,1.1523983,1.4754038,-0.75244856,0.30446991,0.58405411,0
-1.9466145,1.5393173,-0.39629152,-0.62072158,-0.031227544,-0.78340888,0
-2.056041,-0.66504824,-0.20437306,-0.62072158,-0.031227544,-0.78340888,0
-0.71549934,-0.85835612,2.1005409,-0.22028588,-0.95200992,0.21248814,0
1.207427,0.059704207,1.0540428,0.62072158,0.031227544,0.78340888,0
0.68606979,1.1988033,1.354178,0.62072158,0.031227544,0.78340888,0
-2.5268979,-0.8672803,0.3743943,-0.22028588,-0.95200992,0.21248814,0
-1.1390646,0.53404504,1.7819569,-0.75244856,0.30446991,0.58405411,0
-1.3173451,1.2219038,-1.0007617,-0.62072158,-0.031227544,-0.78340888,0
-1.1827658,-0.35942039,1.9716535,-0.75244856,0.30446991,0.58405411,0
-1.1063427,1.9524984,1.0166557,-0.75244856,0.30446991,0.58405411,0
-1.5252416,-1.2215413,-0.37103572,-0.22028588,-0.95200992,0.21248814,0
0.38415939,-2.0440784,-1.8786168,0.75244856,-0.30446991,-0.58405411,0
1.145371,-1.0968598,-1.2941635,0.75244856,-0.30446991,-0.58405411,0
0.42245418,-1.4065386,1.0860697,-0.22028588,-0.95200992,0.21248814,0
-1.6220422,1.2144762,0.82718551,-0.75244856,0.30446991,0.58405411,0
-0.46983522,0.29575685,2.3784277,0.62072158,0.031227544,0.78340888,0
-0.15120819,1.1543462,1.9332117,0.62072158,0.031227544,0.78340888,0
-2.542326,0.29266953,0.14269757,-0.75244856,0.30446991,0.58405411,0
-1.9397951,1.4118794,0.1547913,-0.75244856,0.30446991,0.58405411,0
1.3449309,0.27966052,-1.7990179,0.75244856,-0.30446991,-0.58405411,0
-0.69172728,-0.1356602,2.5744243,0.62072158,0.031227544,0.78340888,0
-1.6449885,0.75147724,0.91510755,-0.75244856,0.30446991,0.58405411,0
0.69645071,-0.14249018,1.256498,0.62072158,0.031227544,0.78340888,0
-0.06683588,1.443004,-0.7441532,0.22028588,0.95200992,-0.21248814,0
-2.3606305,0.60409021,0.078077376,-0.75244856,0.30446991,0.58405411,0
-2.003309,-1.1978009,0.079815328,-0.22028588,-0.95200992,0.21248814,0
-0.24364656,0.51271069,-1.6303378,-0.62072158,-0.031227544,-0.78340888,0
-2.2610843,0.30798519,0.48786974,-0.75244856,0.30446991,0.58405411,0
-2.2819684,-0.20416713,0.684995,-0.75244856,0.30446991,0.58405411,0
0.92254579,0.1075595,-2.1552579,0.75244856,-0.30446991,-0.58405411,0
2.05177,0.77586937,-1.0152526,0.75244856,-0.30446991,-0.58405411,0
1.8291638,0.12731233,-1.235078,0.75244856,-0.30446991,-0.58405411,0
-0.73034704,0.26969585,2.3518391,-0.75244856,0.30446991,0.58405411,0
-1.7485623,1.1282344,0.63687027,-0.75244856,0.30446991,0.58405411,0
-1.8212237,1.4723389,0.43070012,-0.75244856,0.30446991,0.58405411,0
-2.4210775,0.6343683,0.033531368,-0.75244856,0.30446991,0.58405411,0
0.057318747,0.67185283,-1.8881582,-0.62072158,-0.031227544,-0.78340888,0
-1.6581366,-1.1218334,0.068852216,-0.22028588,-0.95200992,0.21248814,0
-1.5562415,2.028914,0.24829227,-0.75244856,0.30446991,0.58405411,0
1.2435606,-0.78678811,-1.4715335,0.75244856,-0.30446991,-0.58405411,0
-1.0553867,0.31554988,1.8421495,-0.75244856,0.30446991,0.58405411,0
-2.5677006,-0.38284153,0.19336224,-0.75244856,0.30446991,0.58405411,0
1.2795676,-1.6389179,1.0561953,0.62072158,0.031227544,0.78340888,0
-0.4599843,-0.69160074,-1.5190154,-0.62072158,-0.031227544,-0.78340888,0
-1.6840178,1.0032723,0.65751731,-0.75244856,0.30446991,0.58405411,0
0.99822783,-1.8019831,-1.0439327,0.75244856,-0.30446991,-0.58405411,0
-0.3929573,2.0324755,1.8368182,0.22028588,0.95200992,-0.21248814,0
-1.6232762,-1.0112363,1.0642772,-0.22028588,-0.95200992,0.21248814,0
0.16932309,1.6874487,0.85209,0.22028588,0.95200992,-0.21248814,0
2.3428133,0.92925835,-0.10643524,0.22028588,0.95200992,-0.21248814,0
-1.1473095,1.9126869,1.0466061,-0.75244856,0.30446991,0.58405411,0
-1.5103896,0.29866365,-0.77678168,-0.62072158,-0.031227544,-0.78340888,0
0.93411571,-0.67685354,1.0988866,0.62072158,0.031227544,0.78340888,0
1.0866005,0.99841541,0.91946864,0.62072158,0.031227544,0.78340888,0
1.3976214,0.24250148,-1.6071482,0.75244856,-0.30446991,-0.58405411,0
1.0650251,0.6033839,1.0501097,0.62072158,0.031227544,0.78340888,0
-1.6880308,0.27437112,0.99859321,-0.75244856,0.30446991,0.58405411,0
2.3162901,-0.85851604,-0.021602392,0.75244856,-0.30446991,-0.58405411,0
0.56886631,-1.7707443,-0.39496073,-0.22028588,-0.95200992,0.21248814,0
0.84649593,0.063252494,1.1737514,0.62072158,0.031227544,0.78340888,0
-1.5075479,-1.3131657,-0.44550541,-0.22028588,-0.95200992,0.21248814,0
-1.0604544,-0.22248885,2.3197045,-0.75244856,0.30446991,0.58405411,0
2.4296327,0.55046266,-0.42386556,0.75244856,-0.30446991,-0.58405411,0
1.0821726,-0.16040136,0.96429855,0.62072158,0.031227544,0.78340888,0
-0.97784311,0.20078112,-1.0797777,-0.62072158,-0.031227544,-0.78340888,0
2.2773097,1.0111386,-0.23401517,0.22028588,0.95200992,-0.21248814,0
-1.2449296,-1.3625672,-0.73613846,-0.22028588,-0.95200992,0.21248814,0
-0.71953249,0.091760263,2.5006042,-0.75244856,0.30446991,0.58405411,0
0.49876863,-1.9112904,-0.94567853,-0.22028588,-0.95200992,0.21248814,0
0.22489071,1.0633624,1.8195828,0.62072158,0.031227544,0.78340888,0
0.87374663,-0.62751782,-2.1116765,0.75244856,-0.30446991,-0.58405411,0
0.5500381,-1.8865892,-0.84428567,-0.22028588,-0.95200992,0.21248814,0
1.1302421,-1.9616266,-0.59911448,-0.22028588,-0.95200992,0.21248814,0
-0.056957424,0.4104231,2.0302546,0.62072158,0.031227544,0.78340888,0
-2.243876,-0.80172437,0.95917284,-0.75244856,0.30446991,0.58405411,0
0.40938622,-0.37687895,1.7319162,0.62072158,0.031227544,0.78340888,0
-0.73926836,-1.4493761,-0.31202787,-0.22028588,-0.95200992,0.21248814,0
-1.6609445,0.75356531,0.75889593,-0.75244856,0.30446991,0.58405411,0
-1.3308179,-0.92442954,-0.76862192,-0.62072158,-0.031227544,-0.78340888,0
0.098838687,-0.91441309,1.7577138,0.62072158,0.031227544,0.78340888,0
1.1065304,-1.5279969,-1.1580145,0.75244856,-0.30446991,-0.58405411,0
-0.8030107,1.9623513,0.66719806,0.22028588,0.95200992,-0.21248814,0
-1.6483548,1.8309951,-0.49360111,0.22028588,0.95200992,-0.21248814,0
0.034337133,1.240036,-1.0024735,0.22028588,0.95200992,-0.21248814,0
-2.4674454,0.41887158,0.0041530132,-0.75244856,0.30446991,0.58405411,0
-0.992535,1.7111981,1.1798239,-0.75244856,0.30446991,0.58405411,0
-0.1200819,-0.35539624,2.0641522,0.62072158,0.031227544,0.78340888,0
0.77005392,0.71672148,1.1634467,0.62072158,0.031227544,0.78340888,0
0.26735753,-1.6579765,-0.093681499,-0.22028588,-0.95200992,0.21248814,0
2.2247272,-0.91783559,-0.10632885,0.75244856,-0.30446991,-0.58405411,0
1.8364251,-1.8684725,0.070568085,0.75244856,-0.30446991,-0.58405411,0
2.1785729,0.45616761,0.06549114,0.62072158,0.031227544,0.78340888,0
-1.107841,1.7075859,1.2490091,-0.75244856,0.30446991,0.58405411,0
-2.4119291,0.4017649,0.24770939,-0.75244856,0.30446991,0.58405411,0
-2.062428,1.5604997,0.050326884,-0.75244856,0.30446991,0.58405411,0
2.5503268,0.099160783,-0.10950553,0.75244856,-0.30446991,-0.58405411,0
0.63652879,-0.50187367,1.5195134,0.62072158,0.031227544,0.78340888,0
0.73414886,-0.33735803,-2.3633132,0.75244856,-0.30446991,-0.58405411,0
1.248371,-0.16792427,0.84517801,0.62072158,0.031227544,0.78340888,0
0.99773192,-1.5793617,1.2563746,-0.22028588,-0.95200992,0.21248814,0
2.1234586,0.91057974,0.16056466,0.62072158,0.031227544,0.78340888,0
-1.0428023,-0.48464763,-1.0342426,-0.62072158,-0.031227544,-0.78340888,0
1.1808333,0.32053095,-2.2004359,0.75244856,-0.30446991,-0.58405411,0
-0.14668056,-1.1503413,1.343372,-0.22028588,-0.95200992,0.21248814,0
-2.3275418,1.2505054,-0.071634531,-0.75244856,0.30446991,0.58405411,0
-1.3892198,-0.88795704,1.2463356,-0.22028588,-0.95200992,0.21248814,0
-2.3626878,-0.93037432,0.061057329,-0.62072158,-0.031227544,-0.78340888,0
1.4173203,-0.79684848,0.82452965,0.62072158,0.031227544,0.78340888,0
0.049605131,-1.6423624,-1.9525831,-0.62072158,-0.031227544,-0.78340888,0
2.15572,-0.94667399,0.28699297,0.62072158,0.031227544,0.78340888,0
1.0787705,1.5277585,0.49220997,0.22028588,0.95200992,-0.21248814,0
-1.9589068,0.43535247,0.52949882,-0.75244856,0.30446991,0.58405411,0
-1.5101743,0.19014534,1.5248328,-0.75244856,0.30446991,0.58405411,0
2.1465871,0.9987939,-0.80575663,0.22028588,0.95200992,-0.21248814,0
0.99138808,1.572297,0.91559267,0.22028588,0.95200992,-0.21248814,0
-0.92938781,-0.88507259,-1.1984599,-0.62072158,-0.031227544,-0.78340888,0
-1.0403676,0.9087404,1.628889,-0.75244856,0.30446991,0.58405411,0
-1.2889637,-0.45917869,1.918891,-0.75244856,0.30446991,0.58405411,0
-2.2696609,1.2825832,-0.15267539,-0.62072158,-0.031227544,-0.78340888,0
-0.38166898,0.026967376,2.1686559,0.62072158,0.031227544,0.78340888,0
-1.2699575,1.5972871,-1.0155516,0.22028588,0.95200992,-0.21248814,0
2.0764546,-1.5522721,0.18083632,0.75244856,-0.30446991,-0.58405411,0
-0.9062103,-1.2731407,0.08387287,-0.22028588,-0.95200992,0.21248814,0
-0.82067734,-0.52157521,-1.3140198,-0.62072158,-0.031227544,-0.78340888,0
-1.4043685,0.068143517,1.5738462,-0.75244856,0.30446991,0.58405411,0
0.28633177,-1.4624878,1.1118411,-0.22028588,-0.95200992,0.21248814,0
-0.38430792,-1.1407518,1.8731403,-0.22028588,-0.95200992,0.21248814,0
2.1047146,-1.5190463,0.24192131,0.75244856,-0.30446991,-0.58405411,0
1.3308465,-0.97218001,0.86510193,0.62072158,0.031227544,0.78340888,0
-0.10991359,0.93321961,1.9832337,0.62072158,0.031227544,0.78340888,0
-1.3457851,-1.2024262,0.23296577,-0.22028588,-0.95200992,0.21248814,0
-1.8928701,-0.52321428,-0.50905877,-0.62072158,-0.031227544,-0.78340888,0
-0.23095861,1.8788472,1.4132137,0.22028588,0.95200992,-0.21248814,0
0.22196694,-1.9521146,-1.4762855,-0.22028588,-0.95200992,0.21248814,0
-1.2017874,-0.27016994,2.1486082,-0.75244856,0.30446991,0.58405411,0
0.12135717,-0.5147891,-1.8918529,-0.62072158,-0.031227544,-0.78340888,0
-1.5381197,1.830351,0.34872115,-0.75244856,0.30446991,0.58405411,0
1.3113633,0.62103736,-2.1775222,0.75244856,-0.30446991,-0.58405411,0
0.76163608,-1.1675096,-1.7224689,0.75244856,-0.30446991,-0.58405411,0
-0.86487252,1.5172584,-1.0725126,0.22028588,0.95200992,-0.21248814,0
-0.74327481,0.26684183,-1.2263975,-0.62072158,-0.031227544,-0.78340888,0
1.2717246,0.13617204,-1.9909937,0.75244856,-0.30446991,-0.58405411,0
0.53132153,-1.1605517,-2.1101427,0.75244856,-0.30446991,-0.58405411,0
-1.5486419,-1.1069775,0.50161463,-0.22028588,-0.95200992,0.21248814,0
0.2263214,1.1413134,-1.3346436,0.22028588,0.95200992,-0.21248814,0
1.3562986,1.37544,0.2173681,0.22028588,0.95200992,-0.21248814,0
0.65802437,-1.9886737,-0.7189936,-0.22028588,-0.95200992,0.21248814,0
-0.24068129,1.8072114,0.94168937,0.22028588,0.95200992,-0.21248814,0
-0.23152483,1.264053,-1.3802626,0.22028588,0.95200992,-0.21248814,0
1.9474742,-1.3813596,0.49672711,0.62072158,0.031227544,0.78340888,0
0.90657568,-1.7713399,-1.1944776,0.75244856,-0.30446991,-0.58405411,0
1.087184,-1.6167279,1.1288395,-0.22028588,-0.95200992,0.21248814,0
1.6670864,-1.839484,-0.35182142,0.75244856,-0.30446991,-0.58405411,0
-0.87300575,1.0716579,-1.3914613,-0.62072158,-0.031227544,-0.78340888,0
-1.4915235,1.7242723,0.65111428,-0.75244856,0.30446991,0.58405411,0
-0.6997242,2.028235,1.2190342,0.22028588,0.95200992,-0.21248814,0
-0.67345417,-0.71710628,-1.3294156,-0.62072158,-0.031227544,-0.78340888,0
1.3168724,0.9200868,0.71217781,0.62072158,0.031227544,0.78340888,0
0.50434941,1.6988494,1.5623443,0.62072158,0.031227544,0.78340888,0
2.1591029,1.0822822,-0.34199309,0.22028588,0.95200992,-0.21248814,0
0.47091806,-1.996506,-1.737862,0.75244856,-0.30446991,-0.58405411,0
-2.0321739,1.1061612,-0.22410193,-0.62072158,-0.031227544,-0.78340888,0
-2.2634516,-0.90139323,0.86484253,-0.22028588,-0.95200992,0.21248814,0
0.83469063,-1.6669462,0.2976315,-0.22028588,-0.95200992,0.21248814,0
1.3337662,1.0261554,-1.5475919,0.22028588,0.95200992,-0.21248814,0
0.11499283,-1.208964,-1.8477188,-0.62072158,-0.031227544,-0.78340888,0
-0.70539546,-1.4621332,-1.2985353,-0.62072158,-0.031227544,-0.78340888,0
-1.9625115,1.2274876,-0.37531787,-0.62072158,-0.031227544,-0.78340888,0
-0.24061619,1.4164544,1.9830658,0.62072158,0.031227544,0.78340888,0
-0.2791912,2.0032032,2.0654948,0.62072158,0.031227544,0.78340888,0
1.669867,-0.40620583,0.63833642,0.62072158,0.031227544,0.78340888,0
-1.6870606,1.5922832,-0.63149828,-0.62072158,-0.031227544,-0.78340888,0
0.76983678,-0.13664322,-2.3667474,0.75244856,-0.30446991,-0.58405411,0
1.60826,-1.1438957,-0.65676457,0.75244856,-0.30446991,-0.58405411,0
-1.6978347,-0.049591981,-0.47798541,-0.62072158,-0.031227544,-0.78340888,0
-0.64587939,1.6257693,-0.0032599866,0.22028588,0.95200992,-0.21248814,0
-2.2309911,-0.55940002,0.84410387,-0.75244856,0.30446991,0.58405411,0
-0.60632968,0.76437199,2.1658998,-0.75244856,0.30446991,0.58405411,0
-0.43272489,0.34139118,2.3610485,0.62072158,0.031227544,0.78340888,0
1.4197582,-1.4841599,-0.95427781,0.75244856,-0.30446991,-0.58405411,0
-1.2024645,-0.88382256,-0.90816063,-0.62072158,-0.031227544,-0.78340888,0
-1.3423871,1.7946234,-0.58361959,0.22028588,0.95200992,-0.21248814,0
-0.32984295,1.4590524,-0.78551441,0.22028588,0.95200992,-0.21248814,0
0.91938663,0.73619026,-2.392873,0.22028588,0.95200992,-0.21248814,0
1.0359277,-1.7797058,0.33652243,-0.22028588,-0.95200992,0.21248814,0
-1.1818731,1.7761042,-0.51061106,0.22028588,0.95200992,-0.21248814,0
1.8186274,-0.65209574,0.40469974,0.62072158,0.031227544,0.78340888,0
2.2716899,-0.44442716,0.072202146,0.62072158,0.031227544,0.78340888,0
0.27548385,1.5546104,0.054019682,0.22028588,0.95200992,-0.21248814,0
1.612376,-0.72979748,-0.88202411,0.75244856,-0.30446991,-0.58405411,0
-0.61655134,-0.88766873,2.2208774,-0.22028588,-0.95200992,0.21248814,0
-0.78092754,-0.68951666,2.5465789,0.62072158,0.031227544,0.78340888,0
0.53568083,1.3881896,1.3913703,0.62072158,0.031227544,0.78340888,0
-2.1733541,1.2015786,-0.056683064,-0.75244856,0.30446991,0.58405411,0
-0.30518752,0.73923683,2.1084676,0.62072158,0.031227544,0.78340888,0
0.80021226,0.87969524,1.129132,0.62072158,0.031227544,0.78340888,0
-1.9497318,0.32671046,0.7701512,-0.75244856,0.30446991,0.58405411,0
-2.4415283,0.50179923,0.069540381,-0.75244856,0.30446991,0.58405411,0
-1.6717819,-1.1945146,-0.033361346,-0.22028588,-0.95200992,0.21248814,0
1.0900544,1.2154881,-0.88572669,0.22028588,0.95200992,-0.21248814,0
0.74928784,-0.92574424,-2.0008602,0.75244856,-0.30446991,-0.58405411,0
-1.4339474,0.91865706,-0.80658287,-0.62072158,-0.031227544,-0.78340888,0
0.71897638,-0.9786067,1.4097438,0.62072158,0.031227544,0.78340888,0
-0.54878831,0.070851028,2.4648876,0.62072158,0.031227544,0.78340888,0
-2.0838473,-0.75349993,1.1208003,-0.22028588,-0.95200992,0.21248814,0
0.66634947,-1.977113,-1.6541274,0.75244856,-0.30446991,-0.58405411,0
-1.6123221,1.8978884,-0.36839923,0.22028588,0.95200992,-0.21248814,0
1.9297278,-0.97698736,-0.58973801,0.75244856,-0.30446991,-0.58405411,0
-1.4209332,0.17665124,1.6629246,-0.75244856,0.30446991,0.58405411,0
1.3568311,-1.0728239,0.83230019,0.62072158,0.031227544,0.78340888,0
0.96320438,1.3065557,-0.30884176,0.22028588,0.95200992,-0.21248814,0
-0.59329993,0.46635228,2.2862315,-0.75244856,0.30446991,0.58405411,0
-0.0085274577,1.0465424,1.98385,0.62072158,0.031227544,0.78340888,0
-0.60324472,1.8728311,0.74962848,0.22028588,0.95200992,-0.21248814,0
2.0830035,-0.1430846,-0.5648343,0.75244856,-0.30446991,-0.58405411,0
1.1064081,-0.80710143,-1.7304358,0.75244856,-0.30446991,-0.58405411,0
1.8238103,-2.0255187,0.20125598,-0.22028588,-0.95200992,0.21248814,0
0.1125018,0.98082864,1.9054413,0.62072158,0.031227544,0.78340888,0
1.9064498,-0.23355559,0.30704337,0.62072158,0.031227544,0.78340888,0
-2.4809289,0.27738473,0.076463401,-0.75244856,0.30446991,0.58405411,0
-1.622479,1.3497305,0.55538142,-0.75244856,0.30446991,0.58405411,0
-0.81250286,-0.25203133,2.4446139,-0.75244856,0.30446991,0.58405411,0
-2.0780549,2.0606904,-0.30059439,-0.75244856,0.30446991,0.58405411,0
-0.036652774,-1.4327753,-1.8905036,-0.62072158,-0.031227544,-0.78340888,0
-0.18511212,1.3454062,1.9490215,0.62072158,0.031227544,0.78340888,0
-0.29726627,-0.96009338,2.1939538,0.62072158,0.031227544,0.78340888,0
2.3352518,-1.297928,0.14941877,0.75244856,-0.30446991,-0.58405411,0
-0.11890775,-1.1317949,-1.835696,-0.62072158,-0.031227544,-0.78340888,0
1.6414646,0.88329273,0.69207919,0.62072158,0.031227544,0.78340888,0
0.82979852,-1.4823756,1.3824891,0.62072158,0.031227544,0.78340888,0
-1.2440341,-1.4740407,-0.87987262,-0.22028588,-0.95200992,0.21248814,0
-2.2859595,-0.00080667436,-0.080398858,-0.62072158,-0.031227544,-0.78340888,0
-0.6958921,-1.1113257,1.0315778,-0.22028588,-0.95200992,0.21248814,0
-0.36901003,0.34069282,-1.6449318,-0.62072158,-0.031227544,-0.78340888,0
1.3947614,-0.65615213,-1.1915174,0.75244856,-0.30446991,-0.58405411,0
1.6744479,0.24525499,-1.4466782,0.75244856,-0.30446991,-0.58405411,0
0.48528016,1.6691507,0.9514246,0.22028588,0.95200992,-0.21248814,0
-1.9478965,0.7884056,0.4838084,-0.75244856,0.30446991,0.58405411,0
1.0093788,1.0227797,-1.6751435,0.22028588,0.95200992,-0.21248814,0
1.1098554,-1.7491997,0.4855769,-0.22028588,-0.95200992,0.21248814,0
-1.173125,2.0020893,0.40323293,0.22028588,0.95200992,-0.21248814,0
-0.42152476,-1.6169832,-0.63694811,-0.22028588,-0.95200992,0.21248814,0
0.85696769,-1.8828447,-1.4298868,0.75244856,-0.30446991,-0.58405411,0
-0.054037333,-1.295333,0.73341298,-0.22028588,-0.95200992,0.21248814,0
2.1242244,0.34363621,0.11054182,0.62072158,0.031227544,0.78340888,0
-0.46843016,-0.42906302,2.2957902,0.62072158,0.031227544,0.78340888,0
-0.47475684,-0.39182532,2.2523715,0.62072158,0.031227544,0.78340888,0
0.016210854,-1.0369394,1.854969,0.62072158,0.031227544,0.78340888,0
1.3893288,-1.6514726,-0.89992243,0.75244856,-0.30446991,-0.58405411,0
-1.783855,-0.89323175,1.1878755,-0.22028588,-0.95200992,0.21248814,0
0.0025465786,-1.7790506,-1.7816629,-0.62072158,-0.031227544,-0.78340888,0
-0.42496389,-0.29354936,-1.6084511,-0.62072158,-0.031227544,-0.78340888,0
1.1110024,1.3171521,0.44658417,0.22028588,0.95200992,-0.21248814,0
1.3447888,-0.56523979,-1.5230119,0.75244856,-0.30446991,-0.58405411,0
1.6352428,-0.34860688,-1.274328,0.75244856,-0.30446991,-0.58405411,0
1.1027313,-1.8147079,0.071034491,-0.22028588,-0.95200992,0.21248814,0
2.1907413,0.88091552,0.17333308,0.62072158,0.031227544,0.78340888,0
-2.251682,1.3856437,-0.095144391,-0.75244856,0.30446991,0.58405411,0
0.16916767,-1.8267072,-0.80279946,-0.22028588,-0.95200992,0.21248814,0
-1.8426263,-0.59349787,1.5124981,-0.75244856,0.30446991,0.58405411,0
-0.079898894,1.7042301,0.24391831,0.22028588,0.95200992,-0.21248814,0
1.7933941,-1.63262,0.66426492,0.62072158,0.031227544,0.78340888,0
1.8357527,-0.78278333,-0.51606059,0.75244856,-0.30446991,-0.58405411,0
-1.0325694,-0.048656017,2.1438127,-0.75244856,0.30446991,0.58405411,0
0.34652781,-2.0861642,-1.459686,-0.22028588,-0.95200992,0.21248814,0
0.25181586,0.8870579,-2.0545971,-0.62072158,-0.031227544,-0.78340888,0
-1.4463428,-0.7102164,1.9956474,-0.75244856,0.30446991,0.58405411,0
-0.21931219,-1.5990709,0.047725111,-0.22028588,-0.95200992,0.21248814,0
0.82655048,0.046297491,1.1777542,0.62072158,0.031227544,0.78340888,0
-1.5030591,-0.38303232,-0.62815487,-0.62072158,-0.031227544,-0.78340888,0
0.53540164,1.5541437,0.3748427,0.22028588,0.95200992,-0.21248814,0
1.2377552,1.2762045,-0.40279415,0.22028588,0.95200992,-0.21248814,0
0.61042857,1.3303308,-0.51825017,0.22028588,0.95200992,-0.21248814,0
2.4879339,-0.4746961,0.06603682,0.62072158,0.031227544,0.78340888,0
-0.88740659,-0.2732619,-1.3213272,-0.62072158,-0.031227544,-0.78340888,0
2.0008302,0.030862086,-0.9228673,0.75244856,-0.30446991,-0.58405411,0
-0.57948446,2.036212,1.7355604,-0.75244856,0.30446991,0.58405411,0
-0.34777617,0.51372808,-1.6777816,-0.62072158,-0.031227544,-0.78340888,0
-0.3043077,0.84995663,-1.5906656,-0.62072158,-0.031227544,-0.78340888,0
-1.4325415,-1.0886348,-0.71014857,-0.62072158,-0.031227544,-0.78340888,0
0.98309743,0.97568321,1.0599351,0.62072158,0.031227544,0.78340888,0
0.6324544,1.4991279,1.3951709,0.62072158,0.031227544,0.78340888,0
-0.70412993,-0.85094655,2.5860798,-0.22028588,-0.95200992,0.21248814,0
0.84302008,1.0463507,-1.3272371,0.22028588,0.95200992,-0.21248814,0
-1.801868,-0.56621057,1.3211086,-0.75244856,0.30446991,0.58405411,0
1.1427579,-1.9995511,-0.26487195,-0.22028588,-0.95200992,0.21248814,0
2.0336337,0.89501554,-0.81270897,0.22028588,0.95200992,-0.21248814,0
2.3946934,0.97767252,-0.40709609,0.22028588,0.95200992,-0.21248814,0
1.7406465,0.40032011,-1.5027092,0.75244856,-0.30446991,-0.58405411,0
0.044925809,-1.1974411,1.5371401,-0.22028588,-0.95200992,0.21248814,0
-1.863328,0.11595854,0.91271919,-0.75244856,0.30446991,0.58405411,0
2.329011,-0.22991282,0.037515938,0.62072158,0.031227544,0.78340888,0
1.4670573,-0.93200636,0.78226924,0.62072158,0.031227544,0.78340888,0
-1.4845916,0.63236248,1.0477871,-0.75244856,0.30446991,0.58405411,0
-1.1167428,1.9924859,0.9839291,0.22028588,0.95200992,-0.21248814,0
1.8939445,-1.4807914,0.49827212,0.62072158,0.031227544,0.78340888,0
-0.3617022,-0.37448972,-1.7396148,-0.62072158,-0.031227544,-0.78340888,0
-2.2469571,-0.38930863,-0.064218581,-0.62072158,-0.031227544,-0.78340888,0
-0.16619065,-1.4019657,0.64767867,-0.22028588,-0.95200992,0.21248814,0
2.2327149,-0.75912327,0.12908673,0.62072158,0.031227544,0.78340888,0
0.19896789,1.3921685,-1.0074677,0.22028588,0.95200992,-0.21248814,0
1.8181581,-1.681648,-0.075941265,0.75244856,-0.30446991,-0.58405411,0
0.7986443,-1.8989565,-1.3170779,0.75244856,-0.30446991,-0.58405411,0
-0.53664654,0.61290419,-1.5924853,-0.62072158,-0.031227544,-0.78340888,0
1.007852,-1.2011483,-1.552478,0.75244856,-0.30446991,-0.58405411,0
-0.61304116,-1.1672765,0.96723884,-0.22028588,-0.95200992,0.21248814,0
1.1022847,0.097745053,0.94521725,0.62072158,0.031227544,0.78340888,0
0.41799575,-0.25708658,1.4913145,0.62072158,0.031227544,0.78340888,0
0.94336843,1.3080595,-0.49262089,0.22028588,0.95200992,-0.21248814,0
0.69896221,0.066931874,1.3337172,0.62072158,0.031227544,0.78340888,0
-0.97750664,1.8043959,-0.18572085,0.22028588,0.95200992,-0.21248814,0
0.52087367,0.28414303,-2.3538442,-0.62072158,-0.031227544,-0.78340888,0
-1.1451623,-0.8463074,2.5301354,-0.22028588,-0.95200992,0.21248814,0
0.97518897,1.4036624,0.58568567,0.22028588,0.95200992,-0.21248814,0
-1.0192136,1.7703286,-0.32026082,0.22028588,0.95200992,-0.21248814,0
1.4241471,-0.43397796,0.73154485,0.62072158,0.031227544,0.78340888,0
2.2661605,0.26114863,-0.56784809,0.75244856,-0.30446991,-0.58405411,0
-1.0363849,1.5341798,-1.1433431,0.22028588,0.95200992,-0.21248814,0
-1.6801206,0.76151627,0.92148423,-0.75244856,0.30446991,0.58405411,0
1.5187593,0.58500564,-1.7533617,0.75244856,-0.30446991,-0.58405411,0
-0.76725423,-0.66294742,2.5335279,0.62072158,0.031227544,0.78340888,0
-1.4770497,-1.2099931,-0.75118935,-0.62072158,-0.031227544,-0.78340888,0
-1.861477,-0.0092046037,-0.40503278,-0.62072158,-0.031227544,-0.78340888,0
-0.80678028,-1.4423832,0.0029727817,-0.22028588,-0.95200992,0.21248814,0
-1.3802723,1.0964468,1.0109839,-0.75244856,0.30446991,0.58405411,0
0.99274975,1.2367666,-0.11243024,0.22028588,0.95200992,-0.21248814,0
0.33897907,0.59017336,1.5566981,0.62072158,0.031227544,0.78340888,0
-0.28961366,2.0027752,1.6184208,0.22028588,0.95200992,-0.21248814,0
1.4675317,-1.8811543,0.039381266,-0.22028588,-0.95200992,0.21248814,0
-1.3484118,1.798069,-0.43684807,0.22028588,0.95200992,-0.21248814,0
0.46519923,-0.61319953,-2.3264067,-0.62072158,-0.031227544,-0.78340888,0
-1.8602614,-0.90740603,-0.37674493,-0.62072158,-0.031227544,-0.78340888,0
-0.47605765,-1.5288767,-0.049642943,-0.22028588,-0.95200992,0.21248814,0
-1.3148918,-1.1066444,0.38776976,-0.22028588,-0.95200992,0.21248814,0
1.1998492,0.6188339,0.85345775,0.62072158,0.031227544,0.78340888,0
0.76553357,-0.59166169,-1.9761403,0.75244856,-0.30446991,-0.58405411,0
0.58806276,-1.9187245,-1.2838013,-0.22028588,-0.95200992,0.21248814,0
-2.0849667,1.3684536,-0.12444568,-0.75244856,0.30446991,0.58405411,0
-0.79338002,-1.6163071,-1.310958,-0.62072158,-0.031227544,-0.78340888,0
-1.8440151,-0.88510227,1.1440761,-0.22028588,-0.95200992,0.21248814,0
1.0300169,-1.2466444,1.1467872,0.62072158,0.031227544,0.78340888,0
1.6244847,0.90669668,-1.6594129,0.22028588,0.95200992,-0.21248814,0
-0.78410113,-0.90804839,2.2794201,-0.22028588,-0.95200992,0.21248814,0
-1.1343184,-0.33221263,2.027437,-0.75244856,0.30446991,0.58405411,0
-1.499261,0.73625422,0.97188652,-0.75244856,0.30446991,0.58405411,0
-0.032448232,-0.58957028,-1.7564528,-0.62072158,-0.031227544,-0.78340888,0
-0.27108642,-0.71755129,-1.6299658,-0.62072158,-0.031227544,-0.78340888,0
0.59469008,0.15706918,-2.3986742,-0.62072158,-0.031227544,-0.78340888,0
0.058213338,-1.7691641,-0.74056256,-0.22028588,-0.95200992,0.21248814,0
0.34140867,1.5881748,0.77179563,0.22028588,0.95200992,-0.21248814,0
-0.044028014,-1.3608764,0.81954193,-0.22028588,-0.95200992,0.21248814,0
-0.0071950555,-0.2053116,2.021539,0.62072158,0.031227544,0.78340888,0
-0.14011908,-1.4655144,-0.067819819,-0.22028588,-0.95200992,0.21248814,0
1.2916129,-1.611164,-0.88746655,0.75244856,-0.30446991,-0.58405411,0
1.0062196,-1.2975396,1.2150149,0.62072158,0.031227544,0.78340888,0
-2.6057315,-0.27658355,0.30866534,-0.75244856,0.30446991,0.58405411,0
1.3588889,0.83951682,-1.631165,0.22028588,0.95200992,-0.21248814,0
-2.0262485,0.3627843,0.58381921,-0.75244856,0.30446991,0.58405411,0
0.059267223,1.3594408,1.8355603,0.62072158,0.031227544,0.78340888,0
1.9848642,-0.24776134,0.37017,0.62072158,0.031227544,0.78340888,0
-1.8782436,-1.235655,-0.29647404,-0.22028588,-0.95200992,0.21248814,0
-0.35976669,-0.60357344,2.1185193,0.62072158,0.031227544,0.78340888,0
1.9311948,-1.1383841,-0.30601496,0.75244856,-0.30446991,-0.58405411,0
1.8972167,-0.84106177,-0.37862456,0.75244856,-0.30446991,-0.58405411,0
-0.36415416,-1.4376242,0.60991627,-0.22028588,-0.95200992,0.21248814,0
-0.17905313,-0.50954539,2.0447061,0.62072158,0.031227544,0.78340888,0
1.2996603,-1.151332,-0.99575722,0.75244856,-0.30446991,-0.58405411,0
-1.6276302,0.53738332,-0.74687028,-0.62072158,-0.031227544,-0.78340888,0
-0.51465952,-0.88308954,2.261584,0.62072158,0.031227544,0.78340888,0
-1.6923728,0.60403436,-0.56360584,-0.62072158,-0.031227544,-0.78340888,0
-2.293932,-0.66253453,0.81335676,-0.75244856,0.30446991,0.58405411,0
-1.1321273,1.9586538,0.82062972,0.22028588,0.95200992,-0.21248814,0
2.2281945,0.99238193,0.082617462,0.62072158,0.031227544,0.78340888,0
1.5708597,1.2827921,-0.10125491,0.22028588,0.95200992,-0.21248814,0
0.79584372,-0.1374907,-2.4075682,0.75244856,-0.30446991,-0.58405411,0
-2.2489645,0.55324405,0.11502016,-0.75244856,0.30446991,0.58405411,0
-0.37925464,-1.2564569,1.1516638,-0.22028588,-0.95200992,0.21248814,0
