0.88680482,-1.297917,1.3437219,0.35470599,0.036477923,0.93426597,0
-1.3510537,0.50091755,0.73682117,-0.69847792,0.67459673,0.23884675,0
-2.3066759,-0.92628247,-0.62183237,-0.35470599,-0.036477923,-0.93426597,0
2.1836348,1.5290438,-0.3784554,0.62154019,0.73728454,-0.26476252,0
0.67501396,2.4827554,0.87398434,-0.69847792,0.67459673,0.23884675,0
-0.84096944,0.84769499,-1.4049101,-0.35470599,-0.036477923,-0.93426597,0
-1.4617547,0.54728866,0.12152882,-0.69847792,0.67459673,0.23884675,0
0.24000871,-1.0334868,-1.6963286,-0.35470599,-0.036477923,-0.93426597,0
1.198797,-1.4916531,1.1178238,0.69847792,-0.67459673,-0.23884675,0
0.2484799,-2.564029,1.5198417,0.69847792,-0.67459673,-0.23884675,0
-0.03071022,1.8837328,1.2461128,-0.69847792,0.67459673,0.23884675,0
0.67484188,-1.9003813,1.098582,0.69847792,-0.67459673,-0.23884675,0
-0.25010133,0.9559691,1.6905065,0.35470599,0.036477923,0.93426597,0
-0.18948603,-1.8670241,-1.2711517,0.69847792,-0.67459673,-0.23884675,0
-0.54128981,-0.48147368,-1.3409374,-0.35470599,-0.036477923,-0.93426597,0
0.77040786,-0.98868215,-1.1134708,0.69847792,-0.67459673,-0.23884675,0
-0.51016408,-2.5296583,1.4931719,-0.62154019,-0.73728454,0.26476252,0
-2.3814888,-0.048856378,-0.63388526,-0.35470599,-0.036477923,-0.93426597,0
0.61347473,-1.0521526,-1.7222735,-0.35470599,-0.036477923,-0.93426597,0
-2.5443652,-1.4424194,-0.35504699,-0.62154019,-0.73728454,0.26476252,0
0.20029885,2.6725779,-1.7503754,0.62154019,0.73728454,-0.26476252,0
-1.8399053,-1.6165587,0.28238225,-0.62154019,-0.73728454,0.26476252,0
0.41907036,2.7462468,0.054951191,-0.69847792,0.67459673,0.23884675,0
-2.1444633,-0.8120665,-0.66744006,-0.35470599,-0.036477923,-0.93426597,0
1.0218377,2.3920598,-0.7493825,0.62154019,0.73728454,-0.26476252,0
0.14593953,-2.484767,1.6400405,0.35470599,0.036477923,0.93426597,0
-0.043046556,2.0548453,-1.7735125,-0.35470599,-0.036477923,-0.93426597,0
1.9734296,1.0730978,-1.8830789,0.62154019,0.73728454,-0.26476252,0
2.1961353,0.82926685,0.8429563,0.35470599,0.036477923,0.93426597,0
-2.2524734,-0.27603477,0.65509403,-0.69847792,0.67459673,0.23884675,0
-1.3566169,-2.5948389,-0.98747611,-0.62154019,-0.73728454,0.26476252,0
0.067482829,1.8468945,1.0733773,-0.69847792,0.67459673,0.23884675,0
0.70750558,0.56146467,1.3015095,0.35470599,0.036477923,0.93426597,0
-0.75000441,-2.4997356,0.79199696,-0.62154019,-0.73728454,0.26476252,0
1.9802377,0.77719569,-2.3272536,0.62154019,0.73728454,-0.26476252,0
2.4476371,0.66489375,-1.086448,0.69847792,-0.67459673,-0.23884675,0
1.5645893,0.3457824,1.0179751,0.35470599,0.036477923,0.93426597,0
-1.2804151,0.99269783,0.030843154,-0.69847792,0.67459673,0.23884675,0
0.72718406,2.0723107,-1.6877646,0.62154019,0.73728454,-0.26476252,0
0.031637609,-2.4895856,0.79149151,0.69847792,-0.67459673,-0.23884675,0
0.54721797,1.4572425,-1.7707825,-0.35470599,-0.036477923,-0.93426597,0
-0.87036598,0.67908239,1.4877152,-0.69847792,0.67459673,0.23884675,0
-1.4115534,0.67780793,0.2912586,-0.69847792,0.67459673,0.23884675,0
-1.6472553,-1.78527,0.72490048,-0.62154019,-0.73728454,0.26476252,0
-0.42304379,1.3780626,1.0442809,-0.69847792,0.67459673,0.23884675,0
-1.9759037,-1.6982497,-0.21908879,-0.62154019,-0.73728454,0.26476252,0
1.4788821,2.3358531,0.86513877,0.62154019,0.73728454,-0.26476252,0
0.41375816,2.7636943,-0.63469887,0.62154019,0.73728454,-0.26476252,0
-0.79978603,-2.9069624,-0.46060729,-0.62154019,-0.73728454,0.26476252,0
1.6979991,-0.45024365,0.97191757,0.35470599,0.036477923,0.93426597,0
0.30169111,1.0322654,-1.7291003,-0.35470599,-0.036477923,-0.93426597,0
-0.88387275,-2.9290385,-0.97371006,0.69847792,-0.67459673,-0.23884675,0
2.2311766,1.5675894,0.036626101,0.62154019,0.73728454,-0.26476252,0
1.7986898,-0.53381312,0.29555839,0.69847792,-0.67459673,-0.23884675,0
-2.8197827,-1.1453034,-0.3353889,-0.62154019,-0.73728454,0.26476252,0
0.094050184,2.7100754,-1.539646,0.62154019,0.73728454,-0.26476252,0
0.56720734,-1.8563024,1.3807557,0.35470599,0.036477923,0.93426597,0
2.0419815,1.0890119,-1.7132683,0.62154019,0.73728454,-0.26476252,0
-0.070096195,2.1819594,0.064043999,-0.69847792,0.67459673,0.23884675,0
0.36265409,1.7298709,-1.7217274,-0.35470599,-0.036477923,-0.93426597,0
-0.3627232,1.5238063,-1.4270443,-0.35470599,-0.036477923,-0.93426597,0
-0.66164112,1.758307,-0.41839778,-0.69847792,0.67459673,0.23884675,0
-0.23693573,0.54488862,1.7355123,0.35470599,0.036477923,0.93426597,0
1.3739566,-0.72822964,1.1758136,0.35470599,0.036477923,0.93426597,0
-1.0815107,-1.9108067,1.8580824,-0.62154019,-0.73728454,0.26476252,0
-1.6698941,0.24969396,0.51290226,-0.69847792,0.67459673,0.23884675,0
1.507917,2.3922462,0.82133102,0.62154019,0.73728454,-0.26476252,0
-1.057176,1.5159618,-0.87165487,-0.69847792,0.67459673,0.23884675,0
-0.63428497,1.8263206,-0.93432403,-0.69847792,0.67459673,0.23884675,0
-1.4251859,0.85815978,-0.30722687,-0.69847792,0.67459673,0.23884675,0
-0.49996129,2.1106489,-1.5105524,-0.69847792,0.67459673,0.23884675,0
1.0725695,2.5774598,-0.042936802,0.62154019,0.73728454,-0.26476252,0
-0.36173666,1.8868078,-1.5112536,-0.35470599,-0.036477923,-0.93426597,0
1.6157899,-0.3550539,-0.90179247,0.69847792,-0.67459673,-0.23884675,0
2.1167216,0.62735856,-1.7093709,0.69847792,-0.67459673,-0.23884675,0
2.7534342,0.86241388,0.45096064,0.35470599,0.036477923,0.93426597,0
-0.25633609,1.8044131,-1.5669689,-0.35470599,-0.036477923,-0.93426597,0
-0.68554437,0.038240671,1.8572524,0.35470599,0.036477923,0.93426597,0
-0.7891975,-1.2788124,-1.2870539,-0.35470599,-0.036477923,-0.93426597,0
1.5936557,1.935383,-0.45854521,0.62154019,0.73728454,-0.26476252,0
-1.9220049,-1.6497276,0.36574793,-0.62154019,-0.73728454,0.26476252,0
0.63738489,0.46181142,1.3790188,0.35470599,0.036477923,0.93426597,0
-1.1246843,-0.20490527,1.9852889,0.35470599,0.036477923,0.93426597,0
1.1617998,-1.0692075,0.49713337,0.69847792,-0.67459673,-0.23884675,0
0.18809694,-0.074746847,-1.7765195,-0.35470599,-0.036477923,-0.93426597,0
0.54945779,2.5024567,-1.3427351,0.62154019,0.73728454,-0.26476252,0
-1.773062,-0.27971482,1.9196197,-0.69847792,0.67459673,0.23884675,0
-0.07360065,0.34770215,-1.6213634,-0.35470599,-0.036477923,-0.93426597,0
1.2931081,1.833735,-0.94086885,0.62154019,0.73728454,-0.26476252,0
-2.3923547,-1.2434857,0.18877077,-0.62154019,-0.73728454,0.26476252,0
0.68129617,2.4705648,0.9452436,-0.69847792,0.67459673,0.23884675,0
-1.6957648,-1.6585581,1.1887379,-0.62154019,-0.73728454,0.26476252,0
-1.9447227,-1.5801814,0.70117879,-0.62154019,-0.73728454,0.26476252,0
-0.59837896,1.4153636,0.20931292,-0.69847792,0.67459673,0.23884675,0
-1.3498669,-1.7937026,1.1747591,-0.62154019,-0.73728454,0.26476252,0
0.71114087,2.347569,-1.0335639,0.62154019,0.73728454,-0.26476252,0
-1.0004393,1.2831829,-0.57179153,-0.69847792,0.67459673,0.23884675,0
-0.57803845,1.9254065,-0.8189584,-0.69847792,0.67459673,0.23884675,0
0.70783079,-1.6191833,1.3310561,0.35470599,0.036477923,0.93426597,0
-0.15494889,-2.2647204,-0.57683969,0.69847792,-0.67459673,-0.23884675,0
2.0969188,1.3309603,-0.97813201,0.62154019,0.73728454,-0.26476252,0
0.91264379,-1.174666,-0.7015723,0.69847792,-0.67459673,-0.23884675,0
2.1090879,0.25094754,-0.53180623,0.69847792,-0.67459673,-0.23884675,0
-1.5286449,-1.8796179,0.80646563,-0.62154019,-0.73728454,0.26476252,0
0.65749943,2.8666413,0.45303059,-0.69847792,0.67459673,0.23884675,0
1.9045668,1.8054584,0.23445678,0.62154019,0.73728454,-0.26476252,0
0.74009913,2.4647069,1.331233,0.35470599,0.036477923,0.93426597,0
-0.19720095,2.0755677,0.20278847,-0.69847792,0.67459673,0.23884675,0
-1.0286828,-1.8349501,1.5622756,-0.62154019,-0.73728454,0.26476252,0
2.0011361,1.6329467,-0.052548647,0.62154019,0.73728454,-0.26476252,0
-2.5887663,-1.1661575,0.16510606,-0.62154019,-0.73728454,0.26476252,0
0.14045894,-0.8762784,-1.5227256,-0.35470599,-0.036477923,-0.93426597,0
-2.5386343,-1.3542252,-0.28950047,-0.62154019,-0.73728454,0.26476252,0
-2.9187899,-0.82426691,-0.21396041,-0.69847792,0.67459673,0.23884675,0
-2.2715421,-1.0940287,1.392792,-0.62154019,-0.73728454,0.26476252,0
-2.6066442,-0.16289395,-0.59920418,-0.69847792,0.67459673,0.23884675,0
-0.63367039,-2.4214745,1.4739888,-0.62154019,-0.73728454,0.26476252,0
1.3151304,-1.224829,1.0462397,0.69847792,-0.67459673,-0.23884675,0
1.7510879,-0.14952862,0.90839052,0.35470599,0.036477923,0.93426597,0
1.4703569,-0.392887,-0.52495646,0.69847792,-0.67459673,-0.23884675,0
-2.9480944,-0.74648362,-0.10087943,-0.69847792,0.67459673,0.23884675,0
1.1780653,-0.04531014,1.1073672,0.35470599,0.036477923,0.93426597,0
-1.3226929,-0.037232995,-1.1613702,-0.35470599,-0.036477923,-0.93426597,0
0.59958279,-1.0664824,1.3663889,0.35470599,0.036477923,0.93426597,0
0.59488672,0.09549129,1.3618979,0.35470599,0.036477923,0.93426597,0
2.4493756,1.4658887,0.71273518,0.35470599,0.036477923,0.93426597,0
1.7023426,1.4099771,-1.5214784,0.62154019,0.73728454,-0.26476252,0
-0.077512026,2.2105393,0.14648795,-0.69847792,0.67459673,0.23884675,0
-0.60295188,-2.6959481,0.83261609,-0.62154019,-0.73728454,0.26476252,0
1.4930985,-0.57032502,0.98707682,0.35470599,0.036477923,0.93426597,0
-1.1737397,-2.5217712,-0.64174366,-0.62154019,-0.73728454,0.26476252,0
-0.84812236,1.3668053,-0.043649554,-0.69847792,0.67459673,0.23884675,0
1.0339785,-0.3730104,1.1609061,0.35470599,0.036477923,0.93426597,0
-1.6685202,-1.1855681,-0.90980256,-0.35470599,-0.036477923,-0.93426597,0
-0.48626709,1.6325874,0.36648035,-0.69847792,0.67459673,0.23884675,0
0.33190447,-0.88639128,1.5550059,0.35470599,0.036477923,0.93426597,0
0.61732876,2.1574769,1.2842009,0.35470599,0.036477923,0.93426597,0
0.61478609,0.16615391,1.4122121,0.35470599,0.036477923,0.93426597,0
-0.30731496,1.9297559,-0.41997874,-0.69847792,0.67459673,0.23884675,0
1.91752,-0.33214504,0.39320815,0.69847792,-0.67459673,-0.23884675,0
0.015236497,-1.5749499,-1.513904,-0.35470599,-0.036477923,-0.93426597,0
-0.62213129,1.6857948,-0.042561531,-0.69847792,0.67459673,0.23884675,0
-1.9708393,-1.5599535,0.11246324,-0.62154019,-0.73728454,0.26476252,0
-0.69393528,1.5222434,-0.18902183,-0.69847792,0.67459673,0.23884675,0
1.3777323,2.4546409,0.5102241,0.62154019,0.73728454,-0.26476252,0
-0.14878356,0.7232939,-1.6030734,-0.35470599,-0.036477923,-0.93426597,0
-1.263133,1.1877228,-1.1005231,-0.69847792,0.67459673,0.23884675,0
1.0631055,2.380018,-0.10592365,0.62154019,0.73728454,-0.26476252,0
0.77884114,0.91909647,-1.8943887,-0.35470599,-0.036477923,-0.93426597,0
0.11570573,1.03983,1.4763221,0.35470599,0.036477923,0.93426597,0
0.68658233,-0.62044191,-1.8380957,-0.35470599,-0.036477923,-0.93426597,0
-1.0292089,-1.4710231,-1.1765721,-0.35470599,-0.036477923,-0.93426597,0
0.22085887,-0.063584805,-1.6811559,-0.35470599,-0.036477923,-0.93426597,0
0.44541776,2.2171335,-1.8889886,-0.35470599,-0.036477923,-0.93426597,0
-0.60749042,0.83077872,1.7957754,0.35470599,0.036477923,0.93426597,0
-1.3170726,-1.9736189,-1.0395131,-0.35470599,-0.036477923,-0.93426597,0
1.6214373,2.1151395,-0.01930666,0.62154019,0.73728454,-0.26476252,0
1.4576294,-0.80294836,0.66790867,0.69847792,-0.67459673,-0.23884675,0
0.36041883,-1.3052729,1.5103548,0.35470599,0.036477923,0.93426597,0
1.0579917,1.0603161,-2.0383227,-0.35470599,-0.036477923,-0.93426597,0
-0.8115074,-0.94329989,1.8612487,0.35470599,0.036477923,0.93426597,0
-0.7489326,-2.0635562,1.6922252,-0.62154019,-0.73728454,0.26476252,0
0.21126527,2.7525332,-1.4787855,0.62154019,0.73728454,-0.26476252,0
1.2295312,-1.0170164,-0.15791512,0.69847792,-0.67459673,-0.23884675,0
-2.0753527,-1.719238,-0.0057537556,-0.62154019,-0.73728454,0.26476252,0
1.0722011,-0.6267038,-1.1961141,0.69847792,-0.67459673,-0.23884675,0
-1.5911932,0.03389287,1.8925381,-0.69847792,0.67459673,0.23884675,0
0.34801388,2.4513893,0.10088396,-0.69847792,0.67459673,0.23884675,0
-1.9496962,0.32019609,-0.004260838,-0.69847792,0.67459673,0.23884675,0
0.41929361,0.063265681,1.5231479,0.35470599,0.036477923,0.93426597,0
-0.21206471,1.312097,-1.5869863,-0.35470599,-0.036477923,-0.93426597,0
0.42640105,2.8194816,-0.43044209,-0.69847792,0.67459673,0.23884675,0
1.8706477,0.040464818,-0.6888811,0.69847792,-0.67459673,-0.23884675,0
1.5335004,-0.66818225,1.1491361,0.35470599,0.036477923,0.93426597,0
-0.65686476,0.87635553,-1.3214607,-0.35470599,-0.036477923,-0.93426597,0
-2.3284822,-1.6154048,-0.58011174,-0.35470599,-0.036477923,-0.93426597,0
-0.86433995,-1.2956178,1.8928316,0.35470599,0.036477923,0.93426597,0
-1.90417,-0.67245585,-0.85273743,-0.35470599,-0.036477923,-0.93426597,0
0.62370986,-0.29582858,1.4682342,0.35470599,0.036477923,0.93426597,0
-0.43375453,1.7943655,-0.3333689,-0.69847792,0.67459673,0.23884675,0
-1.1436481,-1.1829696,-1.0767394,-0.35470599,-0.036477923,-0.93426597,0
1.6376925,0.17924368,-1.7576814,0.69847792,-0.67459673,-0.23884675,0
-2.4036393,-1.5278479,-0.53240275,-0.35470599,-0.036477923,-0.93426597,0
-0.70178854,-1.428489,1.9111546,0.35470599,0.036477923,0.93426597,0
2.1379416,0.66801167,0.73964226,0.35470599,0.036477923,0.93426597,0
-2.2341449,-0.70846426,1.7814798,-0.69847792,0.67459673,0.23884675,0
-2.4554491,-0.28404558,-0.22591031,-0.69847792,0.67459673,0.23884675,0
0.14530528,2.8481922,-1.5301523,0.62154019,0.73728454,-0.26476252,0
-1.3668332,0.87519264,-0.6061393,-0.69847792,0.67459673,0.23884675,0
1.7293727,1.4554275,0.81385517,0.35470599,0.036477923,0.93426597,0
0.43964171,2.6658559,-0.97678137,0.62154019,0.73728454,-0.26476252,0
-1.5800638,-1.6477232,1.1585124,-0.62154019,-0.73728454,0.26476252,0
1.1387867,-0.97247338,-0.22039038,0.69847792,-0.67459673,-0.23884675,0
-1.4834033,0.89900422,-0.1825754,-0.69847792,0.67459673,0.23884675,0
-0.05393368,2.5493047,-1.4765892,-0.69847792,0.67459673,0.23884675,0
1.4510809,1.6626031,0.89961314,0.35470599,0.036477923,0.93426597,0
1.6949613,0.17098391,-1.4502826,0.69847792,-0.67459673,-0.23884675,0
-1.8841791,-1.3816999,1.4910727,-0.62154019,-0.73728454,0.26476252,0
0.016557932,2.1273322,0.59357786,-0.69847792,0.67459673,0.23884675,0
-1.0822812,-0.24821472,-1.1575699,-0.35470599,-0.036477923,-0.93426597,0
1.4181199,-0.088749647,-1.6179862,0.69847792,-0.67459673,-0.23884675,0
0.35399055,-1.4640144,-1.0300369,0.69847792,-0.67459673,-0.23884675,0
1.4329332,2.0044491,-0.26590133,0.62154019,0.73728454,-0.26476252,0
1.4027966,-0.9307946,0.57501012,0.69847792,-0.67459673,-0.23884675,0
-0.37932408,-2.6074247,1.239655,-0.62154019,-0.73728454,0.26476252,0
-1.5441388,0.76648813,-0.24337819,-0.69847792,0.67459673,0.23884675,0
1.7151113,1.8038932,-0.11440825,0.62154019,0.73728454,-0.26476252,0
-0.5835914,1.0582631,1.2712994,-0.69847792,0.67459673,0.23884675,0
-1.7314665,-0.14986038,1.587065,-0.69847792,0.67459673,0.23884675,0
-1.654659,-1.5959888,0.83956051,-0.62154019,-0.73728454,0.26476252,0
0.86689746,2.405869,-0.70097423,0.62154019,0.73728454,-0.26476252,0
-2.0720832,-1.8127837,-0.82833576,-0.35470599,-0.036477923,-0.93426597,0
1.6928992,2.2757552,0.71057701,0.62154019,0.73728454,-0.26476252,0
0.62037945,2.2360196,-1.7430053,0.62154019,0.73728454,-0.26476252,0
2.4595308,0.4687137,-0.13626385,0.69847792,-0.67459673,-0.23884675,0
-0.76488221,1.7859616,-1.1006784,-0.69847792,0.67459673,0.23884675,0
-1.8049821,-1.8922913,-0.16789484,-0.62154019,-0.73728454,0.26476252,0
1.7421113,2.1299376,0.88142133,0.35470599,0.036477923,0.93426597,0
-0.87613291,1.0725234,0.49875048,-0.69847792,0.67459673,0.23884675,0
-0.54389644,0.71599984,-1.4324318,-0.35470599,-0.036477923,-0.93426597,0
-1.6427381,0.39651054,0.48524642,-0.69847792,0.67459673,0.23884675,0
-1.3792531,0.40721405,1.2059259,-0.69847792,0.67459673,0.23884675,0
-0.74408495,1.4460524,0.43744212,-0.69847792,0.67459673,0.23884675,0
-1.025992,0.74340498,0.96623909,-0.69847792,0.67459673,0.23884675,0
-0.92419672,0.80589199,1.08034,-0.69847792,0.67459673,0.23884675,0
0.62635124,-0.98095751,-1.6649345,0.69847792,-0.67459673,-0.23884675,0
0.015958637,2.7107654,-1.4222509,-0.69847792,0.67459673,0.23884675,0
2.2326291,0.15703022,-0.16208065,0.69847792,-0.67459673,-0.23884675,0
-0.38925278,1.6788392,0.039929748,-0.69847792,0.67459673,0.23884675,0
-1.089307,-1.5533109,2.1454322,0.35470599,0.036477923,0.93426597,0
-1.3006015,0.45743763,0.84894514,-0.69847792,0.67459673,0.23884675,0
-1.0029438,1.0917845,-1.3169836,-0.35470599,-0.036477923,-0.93426597,0
-0.98550892,-1.9987684,1.5783823,-0.62154019,-0.73728454,0.26476252,0
-2.0023773,-1.9828629,-0.75711036,-0.35470599,-0.036477923,-0.93426597,0
-1.8468356,-1.7288883,-0.019320488,-0.62154019,-0.73728454,0.26476252,0
-1.755367,-0.46502531,-0.85161638,-0.35470599,-0.036477923,-0.93426597,0
0.033572674,-1.9419987,-0.77000272,0.69847792,-0.67459673,-0.23884675,0
1.4656354,-0.8199439,0.19658989,0.69847792,-0.67459673,-0.23884675,0
-1.7739178,-1.1286383,2.0945547,-0.62154019,-0.73728454,0.26476252,0
-1.8948638,-1.8955905,-0.73839712,-0.35470599,-0.036477923,-0.93426597,0
-1.7142856,-0.1592474,1.8571744,-0.69847792,0.67459673,0.23884675,0
1.9175727,1.9520314,0.52354741,0.62154019,0.73728454,-0.26476252,0
-0.20554191,2.0829556,0.038992405,-0.69847792,0.67459673,0.23884675,0
-2.395781,-1.4352368,-0.62368417,-0.35470599,-0.036477923,-0.93426597,0
0.55286205,-0.2988615,-1.9100785,-0.35470599,-0.036477923,-0.93426597,0
-2.9170146,-1.0111122,-0.11261344,-0.62154019,-0.73728454,0.26476252,0
-1.0632013,-2.5778065,-0.49616623,-0.62154019,-0.73728454,0.26476252,0
1.0283819,2.5229652,-0.016464949,0.62154019,0.73728454,-0.26476252,0
0.1677736,2.1912439,0.91235876,-0.69847792,0.67459673,0.23884675,0
-2.3796237,-0.63175172,0.88132107,-0.69847792,0.67459673,0.23884675,0
-1.9897981,-1.1242651,-0.890167,-0.35470599,-0.036477923,-0.93426597,0
-1.7241126,0.50645763,-0.27949846,-0.69847792,0.67459673,0.23884675,0
-2.3855922,-1.0637281,-0.64424539,-0.35470599,-0.036477923,-0.93426597,0
1.5843956,-0.26082122,-0.60729486,0.69847792,-0.67459673,-0.23884675,0
-0.57794529,-1.2478247,-1.3425418,-0.35470599,-0.036477923,-0.93426597,0
-0.81110179,1.5388703,-1.3578146,-0.35470599,-0.036477923,-0.93426597,0
-1.4845575,-0.2432766,-1.1179371,-0.35470599,-0.036477923,-0.93426597,0
-0.25097442,-0.24327362,1.7815908,0.35470599,0.036477923,0.93426597,0
-1.2182788,-0.9062317,-1.1370116,-0.35470599,-0.036477923,-0.93426597,0
-2.7195296,-0.94595784,0.69273138,-0.62154019,-0.73728454,0.26476252,0
-0.16963753,-2.8021829,1.0842988,-0.62154019,-0.73728454,0.26476252,0
-0.75420797,-2.8529224,-0.62687063,0.69847792,-0.67459673,-0.23884675,0
-0.07180512,-1.9117177,-0.82236803,0.69847792,-0.67459673,-0.23884675,0
-2.4731193,-1.4559299,-0.46234155,-0.62154019,-0.73728454,0.26476252,0
1.3094714,-0.85700345,-0.18669316,0.69847792,-0.67459673,-0.23884675,0
-2.4873362,-1.3966327,-0.52183771,-0.35470599,-0.036477923,-0.93426597,0
0.54025227,0.027153611,1.45833,0.35470599,0.036477923,0.93426597,0
2.0956478,-0.3984462,0.63380522,0.69847792,-0.67459673,-0.23884675,0
-1.4972389,0.19725811,1.5533757,-0.69847792,0.67459673,0.23884675,0
0.036526382,0.78074419,-1.5757165,-0.35470599,-0.036477923,-0.93426597,0
-0.22323918,-2.8034933,1.2596724,-0.62154019,-0.73728454,0.26476252,0
1.7486491,1.1935166,-1.6477581,0.62154019,0.73728454,-0.26476252,0
-1.873667,-1.0781326,2.1572926,-0.62154019,-0.73728454,0.26476252,0
-0.59127367,0.40710557,-1.4292078,-0.35470599,-0.036477923,-0.93426597,0
-1.5986768,-1.7071382,0.8866601,-0.62154019,-0.73728454,0.26476252,0
1.4570721,-0.76434058,0.30564675,0.69847792,-0.67459673,-0.23884675,0
0.48373094,-0.85774362,1.513705,0.35470599,0.036477923,0.93426597,0
-2.7193353,-0.83096737,0.67209435,-0.69847792,0.67459673,0.23884675,0
0.77967465,-1.1002403,-0.80430585,0.69847792,-0.67459673,-0.23884675,0
1.4551224,-0.6697492,-0.34287864,0.69847792,-0.67459673,-0.23884675,0
0.57055235,0.0079951286,-1.7252481,-0.35470599,-0.036477923,-0.93426597,0
2.4376101,1.5147035,0.71772242,0.35470599,0.036477923,0.93426597,0
-2.0129185,-1.8243983,-0.35319448,-0.62154019,-0.73728454,0.26476252,0
2.5293641,1.2207623,0.24039054,0.62154019,0.73728454,-0.26476252,0
-1.3966024,-2.0544174,0.73125601,-0.62154019,-0.73728454,0.26476252,0
-0.046124339,2.4514136,-0.43361425,-0.69847792,0.67459673,0.23884675,0
1.568239,-0.53264701,0.99055207,0.35470599,0.036477923,0.93426597,0
-0.20191562,-2.655158,0.6612227,0.69847792,-0.67459673,-0.23884675,0
1.8949316,0.87893701,0.75652111,0.35470599,0.036477923,0.93426597,0
1.6175264,-0.58695877,0.026947498,0.69847792,-0.67459673,-0.23884675,0
-1.0580094,-2.2234027,0.4020524,-0.62154019,-0.73728454,0.26476252,0
-2.6635771,-1.206682,-0.23492765,-0.62154019,-0.73728454,0.26476252,0
0.59492916,2.396354,-1.6547678,0.62154019,0.73728454,-0.26476252,0
1.0604846,0.10454726,1.1552782,0.35470599,0.036477923,0.93426597,0
1.785871,1.1326872,-1.8315998,0.62154019,0.73728454,-0.26476252,0
0.42645431,2.5447583,-1.4843342,0.62154019,0.73728454,-0.26476252,0
2.5401275,0.3847717,0.043169379,0.69847792,-0.67459673,-0.23884675,0
1.101795,-0.3346374,-1.7033265,0.69847792,-0.67459673,-0.23884675,0
-2.3649364,-1.596935,-0.6996901,-0.62154019,-0.73728454,0.26476252,0
-1.0352663,1.066503,-0.052413881,-0.69847792,0.67459673,0.23884675,0
3.0926218,0.91209,0.14325142,0.62154019,0.73728454,-0.26476252,0
2.7507246,0.76361704,-0.31700659,0.69847792,-0.67459673,-0.23884675,0
-0.35609895,-2.5361514,1.3635578,-0.62154019,-0.73728454,0.26476252,0
-0.44526368,-2.6141615,-0.53962064,0.69847792,-0.67459673,-0.23884675,0
0.80307114,2.4123485,-0.84783292,0.62154019,0.73728454,-0.26476252,0
-1.5609879,0.73443431,-1.1388222,-0.35470599,-0.036477923,-0.93426597,0
1.6676648,1.764731,-0.33040142,0.62154019,0.73728454,-0.26476252,0
-2.8742118,-0.76582372,0.26343966,-0.69847792,0.67459673,0.23884675,0
-0.29222524,1.7312437,0.89198756,-0.69847792,0.67459673,0.23884675,0
-1.1429503,-2.0228243,-1.1723242,-0.35470599,-0.036477923,-0.93426597,0
-0.20591605,-1.6799456,-1.3619601,-0.35470599,-0.036477923,-0.93426597,0
-0.75093913,1.9551771,-1.2505561,-0.69847792,0.67459673,0.23884675,0
-1.6566983,0.78052807,-0.68711901,-0.69847792,0.67459673,0.23884675,0
-1.6712103,-1.0183179,2.3443646,0.35470599,0.036477923,0.93426597,0
0.67910224,1.9455485,-1.8630936,-0.35470599,-0.036477923,-0.93426597,0
-0.18792742,1.9691261,0.16840589,-0.69847792,0.67459673,0.23884675,0
-0.040992856,1.8373833,0.95551562,-0.69847792,0.67459673,0.23884675,0
0.13174403,-0.96462715,-1.5680475,-0.35470599,-0.036477923,-0.93426597,0
1.4652804,1.7813399,-1.3661603,0.62154019,0.73728454,-0.26476252,0
0.50542319,-1.8755242,0.4416573,0.69847792,-0.67459673,-0.23884675,0
1.6321453,1.4188036,1.0368342,0.35470599,0.036477923,0.93426597,0
-1.7965506,0.37391454,-0.1422835,-0.69847792,0.67459673,0.23884675,0
-0.41969931,1.6422734,0.31659102,-0.69847792,0.67459673,0.23884675,0
-1.5364375,-1.7354528,0.64183855,-0.62154019,-0.73728454,0.26476252,0
-0.10244519,-0.4933238,1.7634883,0.35470599,0.036477923,0.93426597,0
-1.9000498,-1.3214601,-0.84680223,-0.35470599,-0.036477923,-0.93426597,0
1.7854607,1.4513203,0.95205593,0.35470599,0.036477923,0.93426597,0
0.92847198,2.3111234,-0.98728848,0.62154019,0.73728454,-0.26476252,0
1.1338162,2.5368714,0.64149642,0.62154019,0.73728454,-0.26476252,0
2.4963839,0.97444648,-0.89132118,0.62154019,0.73728454,-0.26476252,0
2.3556848,0.6196599,-1.3909271,0.69847792,-0.67459673,-0.23884675,0
2.4407511,1.4391115,0.57304835,0.62154019,0.73728454,-0.26476252,0
-1.28581,0.060770988,-1.144362,-0.35470599,-0.036477923,-0.93426597,0
0.4635725,-1.2585816,-1.3941958,0.69847792,-0.67459673,-0.23884675,0
-1.8735725,-1.4870063,0.8263247,-0.62154019,-0.73728454,0.26476252,0
-2.241112,-0.98417914,1.5310013,-0.62154019,-0.73728454,0.26476252,0
-0.26079744,-2.1120424,1.7590774,0.35470599,0.036477923,0.93426597,0
0.085897744,2.4674008,-0.53912258,-0.69847792,0.67459673,0.23884675,0
1.9426823,1.477823,-0.41766977,0.62154019,0.73728454,-0.26476252,0
0.7395606,-0.75301468,1.2905053,0.35470599,0.036477923,0.93426597,0
0.23518652,2.4940765,0.11128259,-0.69847792,0.67459673,0.23884675,0
2.5233653,0.79265702,-1.0750545,0.62154019,0.73728454,-0.26476252,0
-2.5197725,-1.4133096,-0.12412834,-0.62154019,-0.73728454,0.26476252,0
2.1192136,0.5736388,0.84180856,0.35470599,0.036477923,0.93426597,0
0.42519313,1.6330718,1.3774301,0.35470599,0.036477923,0.93426597,0
0.72087896,1.4504374,-1.9980054,-0.35470599,-0.036477923,-0.93426597,0
1.4211923,1.2913935,1.0881658,0.35470599,0.036477923,0.93426597,0
-2.2218027,-0.38700032,0.77298439,-0.69847792,0.67459673,0.23884675,0
1.4678451,1.0419118,0.96475685,0.35470599,0.036477923,0.93426597,0
2.7894123,1.1128595,0.10088515,0.62154019,0.73728454,-0.26476252,0
-0.40351272,-2.2944281,-1.0966051,0.69847792,-0.67459673,-0.23884675,0
-0.3257522,0.12398374,1.6409898,0.35470599,0.036477923,0.93426597,0
-0.6871565,-2.0787053,1.7995635,-0.62154019,-0.73728454,0.26476252,0
1.0574945,-1.657963,1.080519,0.69847792,-0.67459673,-0.23884675,0
0.76890111,2.7908087,0.95772552,-0.69847792,0.67459673,0.23884675,0
-0.60786045,0.58792973,1.7712238,0.35470599,0.036477923,0.93426597,0
1.1349459,2.4105339,1.1016879,0.35470599,0.036477923,0.93426597,0
0.60173362,0.046511412,1.3314054,0.35470599,0.036477923,0.93426597,0
1.3095192,0.52010465,-2.2065926,-0.35470599,-0.036477923,-0.93426597,0
-1.3577259,1.2038209,-0.69656849,-0.69847792,0.67459673,0.23884675,0
-0.043618411,2.4259226,-1.0490716,-0.69847792,0.67459673,0.23884675,0
-1.750634,-2.0563116,-0.13138485,-0.62154019,-0.73728454,0.26476252,0
1.2710099,0.32749701,1.1164566,0.35470599,0.036477923,0.93426597,0
-2.0558124,-1.1481143,1.6885033,-0.62154019,-0.73728454,0.26476252,0
1.4625612,2.3563292,0.88434935,0.62154019,0.73728454,-0.26476252,0
1.0910021,0.71521449,-2.0901043,-0.35470599,-0.036477923,-0.93426597,0
-1.1042576,-0.79505062,2.0031264,0.35470599,0.036477923,0.93426597,0
-1.4285717,0.99226952,-1.1765945,-0.35470599,-0.036477923,-0.93426597,0
1.8275117,1.8814311,0.20757461,0.62154019,0.73728454,-0.26476252,0
0.4288367,-0.30321825,-1.7066736,-0.35470599,-0.036477923,-0.93426597,0
1.3229011,-0.47080731,-0.70565301,0.69847792,-0.67459673,-0.23884675,0
-0.74006331,1.3130918,0.21585888,-0.69847792,0.67459673,0.23884675,0
0.37590939,-1.4414561,-0.87153536,0.69847792,-0.67459673,-0.23884675,0
-1.1018223,-2.4920557,-0.17086101,-0.62154019,-0.73728454,0.26476252,0
2.456991,1.1278412,-0.69273734,0.62154019,0.73728454,-0.26476252,0
-1.8747038,-1.3794667,1.5734764,-0.62154019,-0.73728454,0.26476252,0
2.3603766,1.0423708,-1.0841248,0.62154019,0.73728454,-0.26476252,0
-1.8946142,-1.3804017,1.1499023,-0.62154019,-0.73728454,0.26476252,0
2.1900609,1.3505362,-0.2438519,0.62154019,0.73728454,-0.26476252,0
-1.3214118,-2.7347629,-0.91085744,-0.62154019,-0.73728454,0.26476252,0
1.6311612,2.0858009,0.17864943,0.62154019,0.73728454,-0.26476252,0
0.76677656,-1.3486274,0.185601,0.69847792,-0.67459673,-0.23884675,0
1.2073929,2.4677744,0.044618845,0.62154019,0.73728454,-0.26476252,0
-0.93079931,1.0659939,0.27325836,-0.69847792,0.67459673,0.23884675,0
0.76914811,-0.94726515,-1.7132823,0.69847792,-0.67459673,-0.23884675,0
-0.90889287,-2.0680399,1.6457982,-0.62154019,-0.73728454,0.26476252,0
1.4945254,0.99744403,0.98289323,0.35470599,0.036477923,0.93426597,0
1.3268362,2.5713172,0.51353097,0.62154019,0.73728454,-0.26476252,0
0.55761206,-1.4360081,-0.79757965,0.69847792,-0.67459673,-0.23884675,0
-0.14327598,-0.70793772,1.711594,0.35470599,0.036477923,0.93426597,0
0.85179448,-1.5344938,0.26831025,0.69847792,-0.67459673,-0.23884675,0
-1.3598804,-1.1403563,2.1983011,0.35470599,0.036477923,0.93426597,0
1.0404859,1.8206923,-1.5579776,0.62154019,0.73728454,-0.26476252,0
-2.6008012,-1.1673516,0.2889483,-0.62154019,-0.73728454,0.26476252,0
0.71319348,1.0732195,1.3525543,0.35470599,0.036477923,0.93426597,0
1.0874099,-0.96627814,1.1800915,0.35470599,0.036477923,0.93426597,0
-0.29718107,-2.7057922,1.1951697,-0.62154019,-0.73728454,0.26476252,0
-0.83451843,-2.7390749,-0.57954669,0.69847792,-0.67459673,-0.23884675,0
-0.3049604,-2.4135778,1.6642824,-0.62154019,-0.73728454,0.26476252,0
-0.49328351,-1.8969541,-1.4296942,-0.35470599,-0.036477923,-0.93426597,0
1.8123312,1.6286094,-0.34867239,0.62154019,0.73728454,-0.26476252,0
-1.4863024,-1.005898,2.1421337,0.35470599,0.036477923,0.93426597,0
0.31944001,1.8604965,1.511425,0.35470599,0.036477923,0.93426597,0
-0.85706222,0.67028952,1.6564448,-0.69847792,0.67459673,0.23884675,0
-1.1761438,1.0039805,-0.37654522,-0.69847792,0.67459673,0.23884675,0
-2.0396299,-0.6807816,2.0074985,-0.69847792,0.67459673,0.23884675,0
-2.2187686,-1.6415902,-0.52761197,-0.62154019,-0.73728454,0.26476252,0
-2.0011592,-1.6105494,0.031136274,-0.62154019,-0.73728454,0.26476252,0
-0.2989836,2.3147707,-1.1805694,-0.69847792,0.67459673,0.23884675,0
-0.0094122887,0.0025566816,1.6499496,0.35470599,0.036477923,0.93426597,0
-1.6426569,-2.333534,-0.70662332,-0.62154019,-0.73728454,0.26476252,0
-0.48429799,0.47754061,-1.3931801,-0.35470599,-0.036477923,-0.93426597,0
1.7503135,-0.53410131,0.49798733,0.69847792,-0.67459673,-0.23884675,0
-0.98599696,1.3605158,-0.85023659,-0.69847792,0.67459673,0.23884675,0
-1.4782465,-1.9211638,0.29905725,-0.62154019,-0.73728454,0.26476252,0
1.1850356,1.9306862,-1.0179353,0.62154019,0.73728454,-0.26476252,0
-1.6850262,-1.6358513,0.70608473,-0.62154019,-0.73728454,0.26476252,0
2.4494321,1.1387032,0.72061706,0.35470599,0.036477923,0.93426597,0
-0.58069384,1.1055558,1.1943974,-0.69847792,0.67459673,0.23884675,0
0.85381538,-0.9077487,-1.3884945,0.69847792,-0.67459673,-0.23884675,0
2.2443082,1.5659693,-0.022240877,0.62154019,0.73728454,-0.26476252,0
-1.4745793,-1.2159811,-0.90724444,-0.35470599,-0.036477923,-0.93426597,0
-2.5037956,-0.3313134,-0.25073028,-0.69847792,0.67459673,0.23884675,0
-1.4396145,-1.845067,0.82184863,-0.62154019,-0.73728454,0.26476252,0
-0.92055297,0.0021502972,-1.1691828,-0.35470599,-0.036477923,-0.93426597,0
0.25483379,2.8249922,-0.81898165,-0.69847792,0.67459673,0.23884675,0
2.3827207,0.54085356,-0.677073,0.69847792,-0.67459673,-0.23884675,0
0.58547992,2.4232528,0.83824801,-0.69847792,0.67459673,0.23884675,0
2.0015569,-0.32043645,0.42391914,0.69847792,-0.67459673,-0.23884675,0
-0.45595574,-0.83465457,-1.5036118,-0.35470599,-0.036477923,-0.93426597,0
-1.1515608,-0.27748632,2.0667009,0.35470599,0.036477923,0.93426597,0
-0.050507903,0.34231532,-1.6769365,-0.35470599,-0.036477923,-0.93426597,0
-1.4565439,-1.3850634,-0.98506975,-0.35470599,-0.036477923,-0.93426597,0
-2.4664392,-0.53605467,0.86967278,-0.69847792,0.67459673,0.23884675,0
-0.38984329,0.94840169,-1.5963644,-0.35470599,-0.036477923,-0.93426597,0
2.1425235,0.084516466,0.70421433,0.35470599,0.036477923,0.93426597,0
-2.2611845,-1.4244901,0.08572793,-0.62154019,-0.73728454,0.26476252,0
0.88060331,2.9107151,0.64497638,0.62154019,0.73728454,-0.26476252,0
-1.1916704,-1.7394278,-1.1653285,-0.35470599,-0.036477923,-0.93426597,0
-2.5626311,-0.97202367,0.66105843,-0.62154019,-0.73728454,0.26476252,0
-0.20497847,-0.3174504,-1.6085825,-0.35470599,-0.036477923,-0.93426597,0
-0.030500919,0.90735435,-1.6466883,-0.35470599,-0.036477923,-0.93426597,0
2.2033033,1.4130776,-0.44971418,0.62154019,0.73728454,-0.26476252,0
1.3919245,2.0658088,-0.2293191,0.62154019,0.73728454,-0.26476252,0
-0.28978255,-2.7470686,0.82152486,-0.62154019,-0.73728454,0.26476252,0
1.637922,1.6729875,-0.92403841,0.62154019,0.73728454,-0.26476252,0
0.28466541,2.465647,-0.26194215,-0.69847792,0.67459673,0.23884675,0
-0.80506086,-2.3532979,1.1234293,-0.62154019,-0.73728454,0.26476252,0
0.17468905,0.49020326,-1.6743383,-0.35470599,-0.036477923,-0.93426597,0
-0.94445831,-0.87150812,-1.1798371,-0.35470599,-0.036477923,-0.93426597,0
1.6688281,1.4362276,-1.7102168,0.62154019,0.73728454,-0.26476252,0
-0.7556743,-2.4627888,1.1473112,-0.62154019,-0.73728454,0.26476252,0
-2.5128477,-1.2454209,-0.017122984,-0.62154019,-0.73728454,0.26476252,0
1.6719668,2.1598821,0.42963767,0.62154019,0.73728454,-0.26476252,0
-1.677999,-0.16748905,1.7723646,-0.69847792,0.67459673,0.23884675,0
-0.0038452446,-1.3381323,1.6817364,0.35470599,0.036477923,0.93426597,0
0.93612355,-0.01224649,1.1973153,0.35470599,0.036477923,0.93426597,0
1.2750311,2.0871112,-0.60717702,0.62154019,0.73728454,-0.26476252,0
2.0516152,0.20050943,-0.66439438,0.69847792,-0.67459673,-0.23884675,0
2.2470264,1.6847014,0.4945569,0.62154019,0.73728454,-0.26476252,0
-2.0946553,-0.96705353,1.7648939,-0.62154019,-0.73728454,0.26476252,0
-1.1600094,-0.18837333,1.990705,0.35470599,0.036477923,0.93426597,0
1.7662998,1.817363,-0.29960394,0.62154019,0.73728454,-0.26476252,0
-2.7838826,-0.86191785,-0.49047923,-0.35470599,-0.036477923,-0.93426597,0
-1.3809063,-1.0521445,2.2134776,0.35470599,0.036477923,0.93426597,0
0.85928559,-1.3188102,1.3035898,0.35470599,0.036477923,0.93426597,0
-2.1117167,-0.39209816,-0.72533381,-0.35470599,-0.036477923,-0.93426597,0
1.7307187,1.6407496,-0.82114983,0.62154019,0.73728454,-0.26476252,0
-0.1669116,1.4049938,1.6744249,0.35470599,0.036477923,0.93426597,0
0.40497205,-1.8259227,0.33971643,0.69847792,-0.67459673,-0.23884675,0
1.3178866,2.0521598,-0.29498291,0.62154019,0.73728454,-0.26476252,0
-2.4559789,-0.14203303,-0.20454311,-0.69847792,0.67459673,0.23884675,0
-2.3717365,-1.4172168,-0.61439896,-0.35470599,-0.036477923,-0.93426597,0
0.83736551,-0.56375229,-1.9286228,-0.35470599,-0.036477923,-0.93426597,0
-0.20817572,-2.0847855,-0.66292191,0.69847792,-0.67459673,-0.23884675,0
-2.0512819,-1.0927043,-0.71292758,-0.35470599,-0.036477923,-0.93426597,0
-2.1623602,-0.88097322,1.6284568,-0.62154019,-0.73728454,0.26476252,0
0.22082216,-2.2130773,0.41462135,0.69847792,-0.67459673,-0.23884675,0
-1.8685942,-1.5832219,0.95403481,-0.62154019,-0.73728454,0.26476252,0
2.3457205,0.80149937,-1.8706464,0.62154019,0.73728454,-0.26476252,0
-0.53240991,-2.7017419,-0.52469802,0.69847792,-0.67459673,-0.23884675,0
0.9509626,-1.5390532,1.3524053,0.35470599,0.036477923,0.93426597,0
-0.26110399,2.4887214,-1.63109,-0.69847792,0.67459673,0.23884675,0
-1.8112395,0.23181307,-0.82940692,-0.35470599,-0.036477923,-0.93426597,0
-1.4641498,0.91380405,-0.61499035,-0.69847792,0.67459673,0.23884675,0
-1.8072447,0.23479587,0.47160649,-0.69847792,0.67459673,0.23884675,0
-1.2696853,-2.2154031,-1.0033002,-0.35470599,-0.036477923,-0.93426597,0
-0.44240892,-1.292376,-1.3758168,-0.35470599,-0.036477923,-0.93426597,0
-0.091712594,-2.3461804,-0.14318967,0.69847792,-0.67459673,-0.23884675,0
0.10028767,-2.5148845,1.6703174,0.35470599,0.036477923,0.93426597,0
-0.19602585,-0.79473126,-1.4082717,-0.35470599,-0.036477923,-0.93426597,0
0.2504701,0.12861943,-1.7137811,-0.35470599,-0.036477923,-0.93426597,0
-0.87805653,-2.8672123,-0.38997388,-0.62154019,-0.73728454,0.26476252,0
-1.3837358,-2.494967,-0.4093864,-0.62154019,-0.73728454,0.26476252,0
2.6910324,1.1913552,0.53068256,0.35470599,0.036477923,0.93426597,0
-0.81102335,-1.8510239,-1.2146502,-0.35470599,-0.036477923,-0.93426597,0
0.58052146,2.5387459,0.60400963,-0.69847792,0.67459673,0.23884675,0
-1.4957396,0.44046187,-1.0849414,-0.35470599,-0.036477923,-0.93426597,0
0.8501153,2.3377452,-0.59314346,0.62154019,0.73728454,-0.26476252,0
1.2992396,0.3104074,-2.1943874,-0.35470599,-0.036477923,-0.93426597,0
-0.81787407,-2.2097368,1.255187,-0.62154019,-0.73728454,0.26476252,0
0.40385228,2.3331027,0.96136427,-0.69847792,0.67459673,0.23884675,0
-1.9159381,-1.9506053,-0.56004477,-0.62154019,-0.73728454,0.26476252,0
-1.3521678,-2.3035111,-0.35272741,-0.62154019,-0.73728454,0.26476252,0
1.2878026,-0.37162602,-1.4158843,0.69847792,-0.67459673,-0.23884675,0
0.46066329,-1.7233731,0.35089743,0.69847792,-0.67459673,-0.23884675,0
-1.9231169,0.38989943,-0.8752383,-0.35470599,-0.036477923,-0.93426597,0
0.79282606,2.3456123,-1.2785313,0.62154019,0.73728454,-0.26476252,0
-1.3145108,-2.0096092,0.55418539,-0.62154019,-0.73728454,0.26476252,0
-1.0471953,-2.2842574,0.30301476,-0.62154019,-0.73728454,0.26476252,0
1.0135479,-1.7922435,1.3452334,0.69847792,-0.67459673,-0.23884675,0
2.0368538,0.29351985,-1.2605073,0.69847792,-0.67459673,-0.23884675,0
0.62401569,0.34803009,1.3100821,0.35470599,0.036477923,0.93426597,0
1.7736838,-0.23716187,-0.80464816,0.69847792,-0.67459673,-0.23884675,0
1.7513965,1.5635176,-1.2459295,0.62154019,0.73728454,-0.26476252,0
1.676609,1.5393986,0.91980553,0.35470599,0.036477923,0.93426597,0
1.1404443,-0.060335636,1.2111706,0.35470599,0.036477923,0.93426597,0
0.33056581,-2.0842302,0.91938913,0.69847792,-0.67459673,-0.23884675,0
-1.9612292,-1.3138361,1.0510782,-0.62154019,-0.73728454,0.26476252,0
-2.0210433,0.32760328,-0.50263852,-0.69847792,0.67459673,0.23884675,0
-0.49031821,0.38513863,-1.5305159,-0.35470599,-0.036477923,-0.93426597,0
0.81981099,1.3081559,1.2426052,0.35470599,0.036477923,0.93426597,0
-1.2686288,0.076575518,2.1695366,0.35470599,0.036477923,0.93426597,0
-1.4544914,0.19429946,1.2099867,-0.69847792,0.67459673,0.23884675,0
-0.7783134,0.53074694,1.8879772,0.35470599,0.036477923,0.93426597,0
-2.7248297,-0.66328961,0.14442754,-0.69847792,0.67459673,0.23884675,0
-0.31507355,-2.7165639,0.92767787,-0.62154019,-0.73728454,0.26476252,0
1.3300723,0.21945119,-2.1007895,-0.35470599,-0.036477923,-0.93426597,0
2.3977075,1.3384578,-0.039808989,0.62154019,0.73728454,-0.26476252,0
0.83192325,2.6619928,-0.40109181,0.62154019,0.73728454,-0.26476252,0
0.87272274,-0.12866616,-1.917756,-0.35470599,-0.036477923,-0.93426597,0
-0.28458846,1.2861559,1.6058476,-0.69847792,0.67459673,0.23884675,0
-0.54657745,-2.3416927,1.637834,-0.62154019,-0.73728454,0.26476252,0
-0.71456093,0.0095701218,1.9413233,0.35470599,0.036477923,0.93426597,0
-1.6539038,-2.1376066,-0.90252018,-0.35470599,-0.036477923,-0.93426597,0
2.6121051,0.16941956,0.61120582,0.35470599,0.036477923,0.93426597,0
-2.2390313,0.25091779,-0.66786397,-0.69847792,0.67459673,0.23884675,0
1.0961647,2.4591858,-0.3131299,0.62154019,0.73728454,-0.26476252,0
-0.63399202,-2.6205778,-0.46659064,0.69847792,-0.67459673,-0.23884675,0
2.8562613,0.73008537,0.34728241,0.69847792,-0.67459673,-0.23884675,0
0.83848566,-0.28465021,1.2824881,0.35470599,0.036477923,0.93426597,0
0.34475696,2.5915103,-1.5066922,0.62154019,0.73728454,-0.26476252,0
1.7084563,1.2284412,0.81377745,0.35470599,0.036477923,0.93426597,0
2.602783,1.194527,0.087217808,0.62154019,0.73728454,-0.26476252,0
-0.43179619,0.62336516,1.808956,0.35470599,0.036477923,0.93426597,0
-0.20785767,0.27542472,1.7577806,0.35470599,0.036477923,0.93426597,0
1.3583626,2.4035373,0.52036262,0.62154019,0.73728454,-0.26476252,0
2.3477993,0.61776781,-1.5553869,0.69847792,-0.67459673,-0.23884675,0
-0.38840407,1.8677335,-0.18648612,-0.69847792,0.67459673,0.23884675,0
1.0872365,0.58260775,-2.0328214,-0.35470599,-0.036477923,-0.93426597,0
-1.8005148,0.19440702,0.36292225,-0.69847792,0.67459673,0.23884675,0
-0.96758968,1.3916779,-0.71110415,-0.69847792,0.67459673,0.23884675,0
2.5687218,0.84261429,-0.82863653,0.69847792,-0.67459673,-0.23884675,0
-1.1711401,-2.471333,-0.4892242,-0.62154019,-0.73728454,0.26476252,0
0.65594172,1.0991156,1.2731576,0.35470599,0.036477923,0.93426597,0
2.0986693,0.19129366,0.80272269,0.35470599,0.036477923,0.93426597,0
0.77366513,1.9774735,1.1474795,0.35470599,0.036477923,0.93426597,0
-2.5386486,-1.1273553,0.68947172,-0.62154019,-0.73728454,0.26476252,0
-2.6714761,-1.2681876,-0.14930964,-0.62154019,-0.73728454,0.26476252,0
-1.7775342,-1.7613252,0.57265496,-0.62154019,-0.73728454,0.26476252,0
0.17084315,-2.456809,1.1334685,0.69847792,-0.67459673,-0.23884675,0
2.0872259,1.107195,-1.5550522,0.62154019,0.73728454,-0.26476252,0
0.18654656,0.71046329,-1.7077714,-0.35470599,-0.036477923,-0.93426597,0
-1.4540676,-1.9536064,-1.0277486,-0.35470599,-0.036477923,-0.93426597,0
-1.1729121,-2.2403243,0.64840841,-0.62154019,-0.73728454,0.26476252,0
-1.0376559,0.60032558,1.854548,-0.69847792,0.67459673,0.23884675,0
-2.763665,-0.89701539,-0.51762938,-0.35470599,-0.036477923,-0.93426597,0
1.0249804,2.8160908,0.67674088,0.62154019,0.73728454,-0.26476252,0
1.4926796,1.9356556,-0.26011491,0.62154019,0.73728454,-0.26476252,0
-1.4036847,-2.4295931,-0.27610755,-0.62154019,-0.73728454,0.26476252,0
-1.5434573,-1.8645614,-0.99988747,-0.35470599,-0.036477923,-0.93426597,0
0.066236079,0.91506219,-1.7559379,-0.35470599,-0.036477923,-0.93426597,0
-0.24189833,-2.8701248,0.90761971,-0.62154019,-0.73728454,0.26476252,0
1.6455646,1.5102563,0.98413396,0.35470599,0.036477923,0.93426597,0
0.41564694,-2.4190369,1.4696275,0.69847792,-0.67459673,-0.23884675,0
