-3.492466,-1.6108888,2.5457172,0.1472396,-0.97268379,0.17946309,0
-0.97614056,-1.0608163,-0.95478749,-0.51250327,-0.23021024,-0.82725072,0
3.670383,0.095033765,-3.7096024,0.84596753,0.029828615,-0.53239977,0
-3.598345,1.2771046,3.6705012,-0.84596753,-0.029828615,0.53239977,0
0.77965182,1.6554613,0.0077078938,-0.1472396,0.97268379,-0.17946309,0
-4.3052173,1.2271791,1.5399876,-0.1472396,0.97268379,-0.17946309,0
-1.7490011,1.2330102,-0.10959542,-0.1472396,0.97268379,-0.17946309,0
2.5848029,-1.1316371,0.55412197,0.1472396,-0.97268379,0.17946309,0
5.1098757,-0.86882329,-1.3528295,0.84596753,0.029828615,-0.53239977,0
-4.2861934,0.17181639,2.4386749,-0.84596753,-0.029828615,0.53239977,0
-3.1502964,-1.1899993,0.53973842,-0.51250327,-0.23021024,-0.82725072,0
2.1609275,1.6330264,-0.84177303,-0.1472396,0.97268379,-0.17946309,0
-4.7419806,0.22337703,1.9659343,-0.84596753,-0.029828615,0.53239977,0
-2.5580549,1.5778613,2.5347323,-0.1472396,0.97268379,-0.17946309,0
-4.296792,0.20911261,0.88696337,-0.51250327,-0.23021024,-0.82725072,0
-4.8235893,-0.38937983,1.6939573,-0.84596753,-0.029828615,0.53239977,0
3.7675745,0.75235772,-3.2382216,0.84596753,0.029828615,-0.53239977,0
0.35767508,0.56837529,1.5248957,0.51250327,0.23021024,0.82725072,0
-1.6181099,-0.16854373,-0.81911111,-0.51250327,-0.23021024,-0.82725072,0
4.9139357,0.64859289,-1.6682782,0.84596753,0.029828615,-0.53239977,0
3.9305766,1.6312971,-2.6247673,-0.1472396,0.97268379,-0.17946309,0
-5.0267954,0.3863188,1.4945474,-0.84596753,-0.029828615,0.53239977,0
1.3790972,-1.1296546,-2.3482676,-0.51250327,-0.23021024,-0.82725072,0
-3.8382974,-0.24822444,3.4653687,-0.84596753,-0.029828615,0.53239977,0
-3.389677,-1.118006,3.868391,-0.84596753,-0.029828615,0.53239977,0
-2.3604302,-0.51706433,-0.12764239,-0.51250327,-0.23021024,-0.82725072,0
3.7185123,-1.402391,-2.6691394,0.1472396,-0.97268379,0.17946309,0
3.8923411,-1.568645,-3.053422,0.1472396,-0.97268379,0.17946309,0
-1.2161731,-1.295773,-0.61387831,-0.51250327,-0.23021024,-0.82725072,0
-0.25954115,1.6616946,1.4078052,-0.1472396,0.97268379,-0.17946309,0
3.2752357,1.7808182,-1.1949644,-0.1472396,0.97268379,-0.17946309,0
-4.1836481,-0.87916291,2.5431809,-0.84596753,-0.029828615,0.53239977,0
-4.0351138,1.0027075,2.8889103,-0.84596753,-0.029828615,0.53239977,0
2.30725,1.7765073,-0.32176805,-0.1472396,0.97268379,-0.17946309,0
4.1453447,1.6978579,-2.521884,0.84596753,0.029828615,-0.53239977,0
-3.5070403,-0.93712521,3.7556205,-0.84596753,-0.029828615,0.53239977,0
3.0503135,1.3258139,-3.2787571,-0.1472396,0.97268379,-0.17946309,0
4.9355221,-0.013318077,-1.3187594,0.51250327,0.23021024,0.82725072,0
0.22966707,-1.5609688,-1.4497569,-0.51250327,-0.23021024,-0.82725072,0
3.3862469,1.2899878,-3.7082357,-0.1472396,0.97268379,-0.17946309,0
-1.4426101,-1.2882969,2.9851995,0.1472396,-0.97268379,0.17946309,0
3.7206352,1.3410368,-3.5532022,0.84596753,0.029828615,-0.53239977,0
-0.30451381,-0.2337568,-1.5632489,-0.51250327,-0.23021024,-0.82725072,0
4.3745937,-1.1715497,-1.5811477,0.1472396,-0.97268379,0.17946309,0
4.1524792,-0.96169299,-2.9413152,0.84596753,0.029828615,-0.53239977,0
2.4381859,1.6103354,-0.098619223,0.51250327,0.23021024,0.82725072,0
3.7042303,1.9009863,-1.0028715,0.51250327,0.23021024,0.82725072,0
4.6811099,-0.36327139,-1.9316444,0.84596753,0.029828615,-0.53239977,0
-4.2282972,0.060359538,0.90436411,-0.51250327,-0.23021024,-0.82725072,0
3.9553747,-1.2960484,-3.0489721,0.84596753,0.029828615,-0.53239977,0
-3.9778252,0.84684199,3.3019695,-0.84596753,-0.029828615,0.53239977,0
-5.2267718,0.85793519,1.2313485,-0.84596753,-0.029828615,0.53239977,0
4.2531676,1.8283907,-1.4168258,-0.1472396,0.97268379,-0.17946309,0
0.89704829,-1.231478,1.4732355,0.1472396,-0.97268379,0.17946309,0
-3.8703856,-0.94805205,3.3100548,-0.84596753,-0.029828615,0.53239977,0
-3.8506577,-1.5673662,3.107595,0.1472396,-0.97268379,0.17946309,0
-0.382797,1.2439919,-1.0787952,-0.1472396,0.97268379,-0.17946309,0
-4.1226835,1.3939991,2.0686951,-0.1472396,0.97268379,-0.17946309,0
-3.0160542,-1.1597071,3.994957,0.1472396,-0.97268379,0.17946309,0
2.2528269,0.083876401,0.33224714,0.51250327,0.23021024,0.82725072,0
-1.0821934,-1.6063172,-0.71427464,-0.51250327,-0.23021024,-0.82725072,0
-2.8632808,-1.3473353,0.33202553,-0.51250327,-0.23021024,-0.82725072,0
-1.6430967,1.1061482,-1.0736626,-0.51250327,-0.23021024,-0.82725072,0
-4.2343316,0.075095661,2.6880913,-0.84596753,-0.029828615,0.53239977,0
-2.8194089,-0.56432998,3.673142,0.51250327,0.23021024,0.82725072,0
-3.3358085,1.2278658,1.3897803,-0.1472396,0.97268379,-0.17946309,0
3.2099032,-1.1168119,-0.60354853,0.1472396,-0.97268379,0.17946309,0
4.7924604,0.076707043,-1.883615,0.84596753,0.029828615,-0.53239977,0
-4.9532838,0.057939976,1.4746456,-0.84596753,-0.029828615,0.53239977,0
-4.4396634,0.14517471,2.4050303,-0.84596753,-0.029828615,0.53239977,0
-3.4730368,-0.57397783,3.819623,-0.84596753,-0.029828615,0.53239977,0
-1.508846,-1.5708853,0.79173017,0.1472396,-0.97268379,0.17946309,0
-0.26881754,1.508471,1.4618869,0.51250327,0.23021024,0.82725072,0
-4.6480193,-1.6311151,1.848918,-0.84596753,-0.029828615,0.53239977,0
-4.1364665,-1.7223811,1.1553597,-0.51250327,-0.23021024,-0.82725072,0
1.2553312,-0.49939442,-2.5067267,-0.51250327,-0.23021024,-0.82725072,0
-3.6875887,-0.49514228,3.3513203,-0.84596753,-0.029828615,0.53239977,0
-4.5604844,-1.802959,2.0761395,0.1472396,-0.97268379,0.17946309,0
-0.36571324,-1.6499323,-0.43350109,0.1472396,-0.97268379,0.17946309,0
0.68509412,0.61708164,-2.3745317,-0.51250327,-0.23021024,-0.82725072,0
5.0197825,-0.57280087,-1.4601498,0.84596753,0.029828615,-0.53239977,0
-2.1943312,-1.7915776,0.1016444,0.1472396,-0.97268379,0.17946309,0
4.6735258,1.4408778,-1.867609,0.84596753,0.029828615,-0.53239977,0
3.6785154,-0.5908519,-3.7620735,0.84596753,0.029828615,-0.53239977,0
-3.4541445,-0.29037353,0.39074779,-0.51250327,-0.23021024,-0.82725072,0
0.46638006,-1.4554447,0.36039048,0.1472396,-0.97268379,0.17946309,0
1.6509506,1.3871565,-2.2047439,-0.1472396,0.97268379,-0.17946309,0
3.9570575,0.1141117,-0.63942289,0.51250327,0.23021024,0.82725072,0
3.4121985,-1.4618527,-2.7300463,0.1472396,-0.97268379,0.17946309,0
-0.78921783,-1.1856949,2.4045563,0.1472396,-0.97268379,0.17946309,0
3.8816843,-1.5607008,-3.3962722,0.84596753,0.029828615,-0.53239977,0
-3.901649,1.5692221,3.06917,-0.1472396,0.97268379,-0.17946309,0
-3.9902716,-1.0097033,0.87567854,-0.51250327,-0.23021024,-0.82725072,0
-4.0127759,-1.6107709,2.4798007,0.1472396,-0.97268379,0.17946309,0
-3.9844847,1.1327569,3.1397481,-0.84596753,-0.029828615,0.53239977,0
-4.8584347,-0.42676049,1.7579255,-0.84596753,-0.029828615,0.53239977,0
-4.0258813,1.5429152,2.9625058,-0.1472396,0.97268379,-0.17946309,0
-3.9118392,-1.4762044,3.1759539,-0.84596753,-0.029828615,0.53239977,0
1.0366045,-1.4698673,-1.9730808,-0.51250327,-0.23021024,-0.82725072,0
-3.666997,-0.043768823,3.6586547,-0.84596753,-0.029828615,0.53239977,0
4.455874,0.73205596,-2.2463975,0.84596753,0.029828615,-0.53239977,0
-4.1487021,0.74322343,2.8839211,-0.84596753,-0.029828615,0.53239977,0
3.2408772,-1.2478504,-3.4630423,-0.51250327,-0.23021024,-0.82725072,0
1.5168242,1.5852429,-1.1637603,-0.1472396,0.97268379,-0.17946309,0
0.12491214,0.093068659,-1.826347,-0.51250327,-0.23021024,-0.82725072,0
-4.900979,-0.18760654,1.4966054,-0.84596753,-0.029828615,0.53239977,0
-1.5584724,-0.41566589,-0.82718229,-0.51250327,-0.23021024,-0.82725072,0
-1.4993056,0.46180487,2.5995266,0.51250327,0.23021024,0.82725072,0
1.5142417,-1.181464,0.46319169,0.1472396,-0.97268379,0.17946309,0
-0.69516087,0.086601168,2.1436722,0.51250327,0.23021024,0.82725072,0
2.8946257,1.6902105,-2.0915332,-0.1472396,0.97268379,-0.17946309,0
0.68090653,1.8618144,0.67495131,-0.1472396,0.97268379,-0.17946309,0
2.392591,-1.4643072,-0.99956083,0.1472396,-0.97268379,0.17946309,0
-0.52084428,-1.5930659,-0.34085885,0.1472396,-0.97268379,0.17946309,0
-2.3023708,-0.89173019,-0.24857652,-0.51250327,-0.23021024,-0.82725072,0
-3.9946702,0.64601392,3.1377807,-0.84596753,-0.029828615,0.53239977,0
-4.9431109,0.16350189,1.6045313,-0.84596753,-0.029828615,0.53239977,0
3.1588614,1.5541793,-2.336097,-0.1472396,0.97268379,-0.17946309,0
-3.5333405,1.5436597,3.0425887,-0.1472396,0.97268379,-0.17946309,0
-4.3371153,-0.95769584,2.4183435,-0.84596753,-0.029828615,0.53239977,0
-1.1033111,0.94397771,2.2740741,0.51250327,0.23021024,0.82725072,0
0.40971649,-0.27163249,1.5877719,0.51250327,0.23021024,0.82725072,0
1.634402,-0.04241991,0.82166874,0.51250327,0.23021024,0.82725072,0
-4.0945382,0.54205042,0.56395674,-0.51250327,-0.23021024,-0.82725072,0
-3.6928821,1.3620646,3.6077538,-0.84596753,-0.029828615,0.53239977,0
2.8549991,-0.8810873,0.21467805,0.51250327,0.23021024,0.82725072,0
-1.2891575,-0.74652237,-0.69048178,-0.51250327,-0.23021024,-0.82725072,0
-2.3842559,0.13170141,3.2916703,0.51250327,0.23021024,0.82725072,0
-1.7061849,1.3030282,0.6374836,-0.1472396,0.97268379,-0.17946309,0
-4.8507209,-0.70239162,1.4784379,-0.51250327,-0.23021024,-0.82725072,0
0.95346951,-0.56304431,1.2775121,0.51250327,0.23021024,0.82725072,0
1.1302686,-0.25000048,-2.5170219,-0.51250327,-0.23021024,-0.82725072,0
-2.2515502,-1.4550283,1.9676123,0.1472396,-0.97268379,0.17946309,0
2.355737,-1.5724299,-2.4777629,0.1472396,-0.97268379,0.17946309,0
-3.6595807,0.51904744,3.707345,-0.84596753,-0.029828615,0.53239977,0
-4.8745613,1.1247824,1.5329623,-0.84596753,-0.029828615,0.53239977,0
-4.9288225,-0.30055702,1.3829474,-0.84596753,-0.029828615,0.53239977,0
-1.0067617,-1.5237775,-0.85333121,-0.51250327,-0.23021024,-0.82725072,0
1.4545039,-0.78236645,-2.5538735,-0.51250327,-0.23021024,-0.82725072,0
4.0881724,-1.0586759,-3.021709,0.84596753,0.029828615,-0.53239977,0
2.2230706,-0.32833475,-3.063422,-0.51250327,-0.23021024,-0.82725072,0
-2.2367053,-0.085600555,3.1193945,0.51250327,0.23021024,0.82725072,0
-1.7287455,1.5110191,1.7406292,-0.1472396,0.97268379,-0.17946309,0
1.318314,0.69322604,0.88506973,0.51250327,0.23021024,0.82725072,0
3.1377478,-1.1455127,-0.84426856,0.1472396,-0.97268379,0.17946309,0
-4.1577787,1.4717097,3.0473013,-0.84596753,-0.029828615,0.53239977,0
1.38647,1.816135,0.42419672,0.51250327,0.23021024,0.82725072,0
-2.3804419,-1.8345462,0.4268856,0.1472396,-0.97268379,0.17946309,0
4.4493942,-0.040632229,-2.2283483,0.84596753,0.029828615,-0.53239977,0
3.9770713,-1.4187549,-2.9930768,0.84596753,0.029828615,-0.53239977,0
2.4552252,-1.5930411,-2.5905018,0.1472396,-0.97268379,0.17946309,0
-0.96590757,0.28158206,2.434027,0.51250327,0.23021024,0.82725072,0
0.3733021,-1.3854189,0.74556613,0.1472396,-0.97268379,0.17946309,0
4.454082,-0.24962409,-2.2036548,0.84596753,0.029828615,-0.53239977,0
-0.33215129,1.3038183,1.7002089,0.51250327,0.23021024,0.82725072,0
3.9017899,0.57250553,-3.1739774,0.84596753,0.029828615,-0.53239977,0
4.7364683,1.7705165,-1.9162297,0.84596753,0.029828615,-0.53239977,0
3.7814851,-0.27956781,-3.2982483,0.84596753,0.029828615,-0.53239977,0
3.2886987,1.8251265,-1.4173336,-0.1472396,0.97268379,-0.17946309,0
-2.9919252,-1.9323466,0.54301167,0.1472396,-0.97268379,0.17946309,0
-0.099380016,-0.050182372,-1.6483717,-0.51250327,-0.23021024,-0.82725072,0
-2.665246,1.7176347,2.6632347,-0.1472396,0.97268379,-0.17946309,0
-2.1623337,1.4530474,1.4894063,-0.1472396,0.97268379,-0.17946309,0
4.7086372,-0.32286465,-0.8977375,0.51250327,0.23021024,0.82725072,0
-2.0206618,-1.6063166,1.7310219,0.1472396,-0.97268379,0.17946309,0
4.0027637,0.56376094,-2.9613409,0.84596753,0.029828615,-0.53239977,0
-0.74751532,-0.27868289,2.3345332,0.51250327,0.23021024,0.82725072,0
-4.4401312,1.2837702,2.3355379,-0.84596753,-0.029828615,0.53239977,0
4.11093,0.23050064,-2.6731257,0.84596753,0.029828615,-0.53239977,0
-4.309731,-0.42310935,2.5407171,-0.84596753,-0.029828615,0.53239977,0
3.7999885,-1.1585765,-3.3028369,0.84596753,0.029828615,-0.53239977,0
4.2954278,-1.1513299,-2.4633355,0.84596753,0.029828615,-0.53239977,0
-0.55447382,0.26229537,-1.5182496,-0.51250327,-0.23021024,-0.82725072,0
-0.51546705,-1.2837003,1.9539577,0.1472396,-0.97268379,0.17946309,0
-2.8665614,-0.85507917,0.16925097,-0.51250327,-0.23021024,-0.82725072,0
-4.2937679,-1.8930888,1.4215236,-0.51250327,-0.23021024,-0.82725072,0
2.9709616,0.83692384,-0.18766856,0.51250327,0.23021024,0.82725072,0
3.9800222,-1.5970919,-3.3444686,0.84596753,0.029828615,-0.53239977,0
1.9080878,1.1854388,-3.160079,-0.1472396,0.97268379,-0.17946309,0
4.3073034,1.3813474,-2.630477,0.84596753,0.029828615,-0.53239977,0
4.8553123,-0.86073101,-1.6844196,0.84596753,0.029828615,-0.53239977,0
1.2836785,0.14475185,-2.6165807,-0.51250327,-0.23021024,-0.82725072,0
-1.4510955,0.99950588,-1.2415209,-0.51250327,-0.23021024,-0.82725072,0
4.2653317,1.0677649,-2.3809867,0.84596753,0.029828615,-0.53239977,0
1.3206382,1.6690607,-0.61535108,-0.1472396,0.97268379,-0.17946309,0
-1.2494509,-1.3519959,-0.66272801,-0.51250327,-0.23021024,-0.82725072,0
3.8713455,0.55689466,-3.1973248,0.84596753,0.029828615,-0.53239977,0
-0.77186018,0.38769799,-1.4653032,-0.51250327,-0.23021024,-0.82725072,0
1.8950427,-0.68720043,0.9124769,0.51250327,0.23021024,0.82725072,0
0.8439098,-1.3460488,0.044323146,0.1472396,-0.97268379,0.17946309,0
1.8752129,1.7617333,-0.58019352,-0.1472396,0.97268379,-0.17946309,0
-0.62657225,-1.7426704,-0.20384653,0.1472396,-0.97268379,0.17946309,0
0.55982316,-1.0681586,-1.8050789,-0.51250327,-0.23021024,-0.82725072,0
-3.6894772,1.4894301,2.8942204,-0.1472396,0.97268379,-0.17946309,0
-0.29335189,-0.27555206,-1.5049809,-0.51250327,-0.23021024,-0.82725072,0
-4.6419644,-0.56096923,1.8564548,-0.84596753,-0.029828615,0.53239977,0
-4.092124,-1.8620324,2.1789455,0.1472396,-0.97268379,0.17946309,0
0.43137598,0.40921873,-2.0946951,-0.51250327,-0.23021024,-0.82725072,0
1.8964316,-0.097578198,0.57597911,0.51250327,0.23021024,0.82725072,0
3.7381055,-1.0403659,-3.6330485,0.84596753,0.029828615,-0.53239977,0
-4.623313,1.1360881,2.0043659,-0.84596753,-0.029828615,0.53239977,0
-3.1723223,-1.3081625,4.2263803,0.51250327,0.23021024,0.82725072,0
3.4664392,0.72355878,-3.7351494,0.84596753,0.029828615,-0.53239977,0
2.222537,1.3752651,-2.9825399,-0.1472396,0.97268379,-0.17946309,0
-4.2252717,-0.95942187,2.6090918,-0.84596753,-0.029828615,0.53239977,0
3.2712169,-1.3341727,-1.566134,0.1472396,-0.97268379,0.17946309,0
3.8738878,0.25781107,-3.1475945,0.84596753,0.029828615,-0.53239977,0
4.7699966,0.66861445,-1.7639356,0.84596753,0.029828615,-0.53239977,0
0.65700418,1.4908192,-1.1464107,-0.1472396,0.97268379,-0.17946309,0
-2.4180603,1.3081001,0.34178877,-0.1472396,0.97268379,-0.17946309,0
3.4763298,1.8160312,-1.2722094,-0.1472396,0.97268379,-0.17946309,0
-4.7200751,-0.95612669,1.7123628,-0.84596753,-0.029828615,0.53239977,0
0.78655016,0.75925159,-2.5431836,-0.51250327,-0.23021024,-0.82725072,0
4.6863513,0.96360928,-1.8898735,0.84596753,0.029828615,-0.53239977,0
1.9200041,1.3585366,-2.4584167,-0.1472396,0.97268379,-0.17946309,0
4.3739982,-0.71956563,-2.4456382,0.84596753,0.029828615,-0.53239977,0
-0.94299364,-0.074730396,-1.1138989,-0.51250327,-0.23021024,-0.82725072,0
-5.1942,0.41736764,1.3208609,-0.84596753,-0.029828615,0.53239977,0
3.4898791,-1.5485066,-2.6955342,0.1472396,-0.97268379,0.17946309,0
-4.7690029,-1.5335838,1.7434344,-0.84596753,-0.029828615,0.53239977,0
3.769767,1.6927783,-2.2945328,-0.1472396,0.97268379,-0.17946309,0
4.6419148,-0.12526286,-2.1022372,0.84596753,0.029828615,-0.53239977,0
1.0389969,0.23394257,-2.4390388,-0.51250327,-0.23021024,-0.82725072,0
-1.8784077,-1.8336822,0.15494871,0.1472396,-0.97268379,0.17946309,0
-3.9723213,1.3474238,3.0852804,-0.84596753,-0.029828615,0.53239977,0
-1.6497638,1.5016919,0.81946516,-0.1472396,0.97268379,-0.17946309,0
0.61158895,0.87317336,1.2068741,0.51250327,0.23021024,0.82725072,0
4.0803089,0.4455809,-2.7460208,0.84596753,0.029828615,-0.53239977,0
-3.4208164,0.31048942,0.20759344,-0.51250327,-0.23021024,-0.82725072,0
-4.0487671,-0.62291354,2.9817395,-0.84596753,-0.029828615,0.53239977,0
-3.8492997,-1.1415554,3.3592548,-0.84596753,-0.029828615,0.53239977,0
-1.67826,0.03104198,-0.70789945,-0.51250327,-0.23021024,-0.82725072,0
3.759711,-0.80497622,-3.3192191,0.84596753,0.029828615,-0.53239977,0
3.885529,0.29260767,-3.2039499,0.84596753,0.029828615,-0.53239977,0
-4.311439,0.31259179,0.68549299,-0.51250327,-0.23021024,-0.82725072,0
1.794404,1.8044549,-0.13251829,-0.1472396,0.97268379,-0.17946309,0
-0.50965929,1.6065518,0.81435996,-0.1472396,0.97268379,-0.17946309,0
0.23217267,-1.5267218,0.15333845,0.1472396,-0.97268379,0.17946309,0
-4.4943953,-1.8364908,2.0631361,-0.84596753,-0.029828615,0.53239977,0
4.0640597,-1.2828817,-3.0652895,0.84596753,0.029828615,-0.53239977,0
0.99176145,1.816501,0.450647,-0.1472396,0.97268379,-0.17946309,0
4.7080212,-0.39355829,-1.8495188,0.84596753,0.029828615,-0.53239977,0
2.4837983,-1.2435137,-0.16184568,0.1472396,-0.97268379,0.17946309,0
-3.779506,-0.23353648,3.4083252,-0.84596753,-0.029828615,0.53239977,0
3.6278086,-0.60472059,-3.5173097,0.84596753,0.029828615,-0.53239977,0
-4.9917479,0.8893714,1.5700541,-0.84596753,-0.029828615,0.53239977,0
-4.2134047,0.95166147,2.6393752,-0.84596753,-0.029828615,0.53239977,0
-4.5481491,-0.58597982,2.1912827,-0.84596753,-0.029828615,0.53239977,0
-4.3488111,0.96004629,0.62686157,-0.1472396,0.97268379,-0.17946309,0
-0.21072376,1.510376,1.5151472,0.51250327,0.23021024,0.82725072,0
1.2117802,1.5687096,-1.3991361,-0.1472396,0.97268379,-0.17946309,0
-3.4273427,1.3038291,1.9606934,-0.1472396,0.97268379,-0.17946309,0
-2.9501476,1.2961775,1.4142857,-0.1472396,0.97268379,-0.17946309,0
-4.146143,-0.18632874,2.9076557,-0.84596753,-0.029828615,0.53239977,0
-1.2120259,-1.3115227,1.8707985,0.1472396,-0.97268379,0.17946309,0
-2.7591515,1.5678458,2.2589726,-0.1472396,0.97268379,-0.17946309,0
2.0775197,-1.4859018,-1.4926188,0.1472396,-0.97268379,0.17946309,0
-3.1479115,-1.762558,1.7052233,0.1472396,-0.97268379,0.17946309,0
-4.0788569,0.0006583631,2.9499106,-0.84596753,-0.029828615,0.53239977,0
-4.0738297,1.2217464,3.0773244,-0.84596753,-0.029828615,0.53239977,0
-3.3471603,-0.015081227,3.9841838,0.51250327,0.23021024,0.82725072,0
1.0951368,-1.0891755,-2.1165435,-0.51250327,-0.23021024,-0.82725072,0
-0.77425176,1.5817705,0.43928468,-0.1472396,0.97268379,-0.17946309,0
3.8616493,-1.044946,-3.2664909,0.84596753,0.029828615,-0.53239977,0
-2.8937905,-1.6240858,1.8003101,0.1472396,-0.97268379,0.17946309,0
-2.3227358,1.2896771,2.9464452,0.51250327,0.23021024,0.82725072,0
3.544759,0.13165772,-3.8040352,0.84596753,0.029828615,-0.53239977,0
-3.0437365,0.12843883,0.0016245842,-0.51250327,-0.23021024,-0.82725072,0
-4.5218158,-0.29601103,2.3058023,-0.84596753,-0.029828615,0.53239977,0
4.6368189,0.15367919,-2.1861553,0.84596753,0.029828615,-0.53239977,0
-3.9578991,1.3422518,3.3419728,-0.84596753,-0.029828615,0.53239977,0
-4.0760789,1.1146551,2.806901,-0.84596753,-0.029828615,0.53239977,0
-2.6546462,1.2575116,0.91667175,-0.1472396,0.97268379,-0.17946309,0
-1.3007058,0.13861179,-1.076068,-0.51250327,-0.23021024,-0.82725072,0
-4.363234,0.033031553,2.4385786,-0.84596753,-0.029828615,0.53239977,0
4.7478361,0.67589766,-1.9812922,0.84596753,0.029828615,-0.53239977,0
-4.0095277,-0.32903367,3.1601248,-0.84596753,-0.029828615,0.53239977,0
-1.0011709,-0.41785732,-1.0709844,-0.51250327,-0.23021024,-0.82725072,0
4.6377902,0.2816937,-1.9084783,0.84596753,0.029828615,-0.53239977,0
4.6247487,-0.32706025,-1.8946953,0.84596753,0.029828615,-0.53239977,0
4.2723122,-0.919595,-0.64965773,0.51250327,0.23021024,0.82725072,0
-3.245204,0.53884262,3.7401619,0.51250327,0.23021024,0.82725072,0
-3.3201811,-0.65053546,3.9850307,-0.84596753,-0.029828615,0.53239977,0
-0.360901,0.78413022,-1.9041647,-0.51250327,-0.23021024,-0.82725072,0
3.4187489,-0.22123636,-3.9407201,0.84596753,0.029828615,-0.53239977,0
-1.6004016,1.198709,-0.81027853,-0.1472396,0.97268379,-0.17946309,0
3.8197026,-1.3263884,-2.2996941,0.1472396,-0.97268379,0.17946309,0
-4.9213848,-0.84672046,1.6531434,-0.84596753,-0.029828615,0.53239977,0
-2.3299427,-1.5963207,0.14146423,-0.51250327,-0.23021024,-0.82725072,0
0.6891889,0.6772846,1.0908278,0.51250327,0.23021024,0.82725072,0
-4.1047187,-1.05435,2.9667702,-0.84596753,-0.029828615,0.53239977,0
-0.53700328,-1.2977703,-1.1467044,-0.51250327,-0.23021024,-0.82725072,0
4.9067197,-0.30126792,-1.4775372,0.84596753,0.029828615,-0.53239977,0
-2.8204589,0.047530472,3.4556379,0.51250327,0.23021024,0.82725072,0
0.5214377,1.6239076,0.5012731,-0.1472396,0.97268379,-0.17946309,0
-0.31074375,-1.4869207,0.32799459,0.1472396,-0.97268379,0.17946309,0
3.1677229,-0.22812682,-0.14200234,0.51250327,0.23021024,0.82725072,0
-4.571537,-1.6153775,2.1276813,-0.84596753,-0.029828615,0.53239977,0
2.7608061,1.6347798,-1.4398587,-0.1472396,0.97268379,-0.17946309,0
-3.0698607,0.51901519,3.5958891,0.51250327,0.23021024,0.82725072,0
-1.3167453,1.4415563,0.017376661,-0.1472396,0.97268379,-0.17946309,0
0.10785943,-1.1809291,1.3816164,0.1472396,-0.97268379,0.17946309,0
1.4813913,-1.7573832,-2.0801613,0.1472396,-0.97268379,0.17946309,0
-4.1744032,0.70185351,2.9750428,-0.84596753,-0.029828615,0.53239977,0
-0.44597185,1.6339368,0.64622796,-0.1472396,0.97268379,-0.17946309,0
-1.139627,-1.3622135,2.269254,0.1472396,-0.97268379,0.17946309,0
-4.0058322,-1.1665916,0.96457791,-0.51250327,-0.23021024,-0.82725072,0
-3.0696497,1.0959219,0.41027474,-0.1472396,0.97268379,-0.17946309,0
4.4741435,-0.10014574,-2.1904335,0.84596753,0.029828615,-0.53239977,0
3.9708099,-1.2449234,-3.0564961,0.84596753,0.029828615,-0.53239977,0
-4.0063186,-1.8622391,1.1000762,-0.51250327,-0.23021024,-0.82725072,0
0.3450352,0.54150283,-2.160553,-0.51250327,-0.23021024,-0.82725072,0
-2.7979617,-0.43819314,0.15290022,-0.51250327,-0.23021024,-0.82725072,0
2.3423998,0.46103483,0.25121033,0.51250327,0.23021024,0.82725072,0
-1.9176383,-1.5357393,1.4713526,0.1472396,-0.97268379,0.17946309,0
-0.5712893,1.0809028,1.7672347,0.51250327,0.23021024,0.82725072,0
4.8821292,-0.52851909,-1.6289458,0.84596753,0.029828615,-0.53239977,0
3.2982619,-1.5165898,-3.0031466,0.1472396,-0.97268379,0.17946309,0
1.4605469,1.6754097,0.5040971,0.51250327,0.23021024,0.82725072,0
3.1657827,0.023944974,-3.8875284,-0.51250327,-0.23021024,-0.82725072,0
-0.035715342,0.6403091,-1.8996909,-0.51250327,-0.23021024,-0.82725072,0
1.612406,0.27940905,-2.9572706,-0.51250327,-0.23021024,-0.82725072,0
-1.1299024,1.5115931,0.99942219,-0.1472396,0.97268379,-0.17946309,0
0.70018768,-1.28104,0.87480974,0.1472396,-0.97268379,0.17946309,0
0.22811329,1.4037766,-1.0557139,-0.1472396,0.97268379,-0.17946309,0
4.1231766,1.8078547,-1.819171,-0.1472396,0.97268379,-0.17946309,0
-4.9809723,-0.49155012,1.465229,-0.84596753,-0.029828615,0.53239977,0
-2.5919819,1.6028296,2.3820355,-0.1472396,0.97268379,-0.17946309,0
-4.7984715,-0.81051308,1.8453722,-0.84596753,-0.029828615,0.53239977,0
-0.72670621,0.22959077,-1.3536241,-0.51250327,-0.23021024,-0.82725072,0
1.8167655,-1.42319,-1.2551155,0.1472396,-0.97268379,0.17946309,0
-0.40615785,-0.80204523,2.2354267,0.51250327,0.23021024,0.82725072,0
-1.1312462,1.2800876,-0.73092389,-0.1472396,0.97268379,-0.17946309,0
-4.6013613,-1.6280643,1.4652052,-0.51250327,-0.23021024,-0.82725072,0
2.1699975,1.2262204,-2.9558065,-0.1472396,0.97268379,-0.17946309,0
-1.9880364,-0.44231108,-0.41372812,-0.51250327,-0.23021024,-0.82725072,0
-0.20635414,-0.60510457,2.0752184,0.51250327,0.23021024,0.82725072,0
4.831502,-0.61526805,-1.039175,0.51250327,0.23021024,0.82725072,0
-3.57565,1.2561808,1.8302717,-0.1472396,0.97268379,-0.17946309,0
-2.0583568,-1.562995,1.6143923,0.1472396,-0.97268379,0.17946309,0
4.4474106,-0.55952668,-2.4858274,0.84596753,0.029828615,-0.53239977,0
0.71778953,0.58554888,-2.3444967,-0.51250327,-0.23021024,-0.82725072,0
2.0979552,0.34007946,0.43648386,0.51250327,0.23021024,0.82725072,0
-4.5433064,-1.5716099,1.9669843,-0.84596753,-0.029828615,0.53239977,0
-2.5692074,1.1002572,0.030314684,-0.1472396,0.97268379,-0.17946309,0
-4.5009117,0.33989093,2.2591705,-0.84596753,-0.029828615,0.53239977,0
-3.6671562,-0.529495,3.6251855,-0.84596753,-0.029828615,0.53239977,0
2.7985508,1.1169362,-0.2992487,0.51250327,0.23021024,0.82725072,0
2.7899954,0.0066824853,0.091817617,0.51250327,0.23021024,0.82725072,0
-1.3895625,-1.5248705,1.5855342,0.1472396,-0.97268379,0.17946309,0
-4.4902391,-0.24462488,2.1122212,-0.84596753,-0.029828615,0.53239977,0
-4.0014029,-0.51042181,3.0822101,-0.84596753,-0.029828615,0.53239977,0
-0.31497717,-1.477308,-1.0947269,-0.51250327,-0.23021024,-0.82725072,0
4.1949449,1.8154141,-2.1794896,-0.1472396,0.97268379,-0.17946309,0
-3.793277,-0.84508914,0.83420396,-0.51250327,-0.23021024,-0.82725072,0
-2.2403717,1.5254984,1.7170072,-0.1472396,0.97268379,-0.17946309,0
4.5718584,0.77782065,-2.1552372,0.84596753,0.029828615,-0.53239977,0
1.8439722,-1.2177212,0.63586378,0.1472396,-0.97268379,0.17946309,0
-0.50551623,-0.18169317,-1.3338482,-0.51250327,-0.23021024,-0.82725072,0
-0.77563387,1.1731955,-0.83396882,-0.1472396,0.97268379,-0.17946309,0
0.80221409,-0.50663269,1.5319042,0.51250327,0.23021024,0.82725072,0
-4.4235554,-0.69077998,2.3812652,-0.84596753,-0.029828615,0.53239977,0
-1.6691362,0.75985444,2.5584476,0.51250327,0.23021024,0.82725072,0
1.1162932,-1.080278,1.4115597,0.51250327,0.23021024,0.82725072,0
0.17745692,-1.3963372,0.21741879,0.1472396,-0.97268379,0.17946309,0
4.4969621,0.91363275,-2.1723495,0.84596753,0.029828615,-0.53239977,0
1.3606362,0.94359171,-2.89222,-0.51250327,-0.23021024,-0.82725072,0
-4.4345317,0.61860776,2.501225,-0.84596753,-0.029828615,0.53239977,0
-3.1707461,1.524442,2.0265424,-0.1472396,0.97268379,-0.17946309,0
4.0413103,0.0056742132,-3.0290103,0.84596753,0.029828615,-0.53239977,0
4.4095292,0.60127527,-2.4940171,0.84596753,0.029828615,-0.53239977,0
4.0715365,-1.2228688,-1.9892521,0.1472396,-0.97268379,0.17946309,0
3.5231686,0.29776722,-3.6088033,0.84596753,0.029828615,-0.53239977,0
1.3101299,1.5678566,-1.0750524,-0.1472396,0.97268379,-0.17946309,0
-4.3229628,-0.22952047,0.95862293,-0.51250327,-0.23021024,-0.82725072,0
-4.7366834,-1.3491719,1.8154202,-0.84596753,-0.029828615,0.53239977,0
3.3389626,1.3468442,-3.513082,-0.1472396,0.97268379,-0.17946309,0
-4.7089,0.30009845,1.9018574,-0.84596753,-0.029828615,0.53239977,0
-3.640394,-1.3613232,0.80488467,-0.51250327,-0.23021024,-0.82725072,0
5.08041,-0.97062278,-1.560215,0.84596753,0.029828615,-0.53239977,0
-4.2558584,-1.2967231,1.1300402,-0.51250327,-0.23021024,-0.82725072,0
2.7215276,-0.90211678,0.42349935,0.51250327,0.23021024,0.82725072,0
4.6910815,-0.23865624,-1.9928188,0.84596753,0.029828615,-0.53239977,0
-1.0177112,-1.6900313,0.2259661,0.1472396,-0.97268379,0.17946309,0
-2.6574864,-0.71857369,3.6073399,0.51250327,0.23021024,0.82725072,0
4.3115258,0.51377189,-2.6228228,0.84596753,0.029828615,-0.53239977,0
2.8653617,0.34340003,-0.042521715,0.51250327,0.23021024,0.82725072,0
-4.7182894,-1.6464733,1.8360643,-0.84596753,-0.029828615,0.53239977,0
4.7429476,-0.088632703,-1.7928624,0.84596753,0.029828615,-0.53239977,0
-3.8591511,1.1399152,3.4092293,-0.84596753,-0.029828615,0.53239977,0
3.0745018,-1.4237174,-1.5191047,0.1472396,-0.97268379,0.17946309,0
-4.0937152,0.85431004,2.9540963,-0.84596753,-0.029828615,0.53239977,0
3.9245071,-0.12174471,-3.2195325,0.84596753,0.029828615,-0.53239977,0
3.8301246,0.26728845,-3.115418,0.84596753,0.029828615,-0.53239977,0
5.0446177,-0.91125989,-1.2840152,0.84596753,0.029828615,-0.53239977,0
-0.048032522,-0.50109255,-1.7014928,-0.51250327,-0.23021024,-0.82725072,0
3.629034,1.1075433,-3.5007644,0.84596753,0.029828615,-0.53239977,0
0.49909002,1.5182071,-1.0338103,-0.1472396,0.97268379,-0.17946309,0
-4.6611533,-1.6197215,1.7379346,-0.84596753,-0.029828615,0.53239977,0
2.5613952,-1.0274305,-3.1933804,-0.51250327,-0.23021024,-0.82725072,0
-1.1989685,1.3135793,-0.15415275,-0.1472396,0.97268379,-0.17946309,0
-2.8412924,1.3430361,1.4457989,-0.1472396,0.97268379,-0.17946309,0
-1.861707,0.30330569,-0.78850877,-0.51250327,-0.23021024,-0.82725072,0
-0.62073588,1.2555584,-1.2253585,-0.1472396,0.97268379,-0.17946309,0
-4.2468462,1.2857656,2.5611253,-0.84596753,-0.029828615,0.53239977,0
-3.0382075,0.99822724,0.011183023,-0.1472396,0.97268379,-0.17946309,0
-1.9427536,1.2127641,-0.089390278,-0.1472396,0.97268379,-0.17946309,0
-2.2120035,1.2313414,0.26985359,-0.1472396,0.97268379,-0.17946309,0
4.3035307,-0.71421891,-2.4602952,0.84596753,0.029828615,-0.53239977,0
2.8473928,-1.0639118,0.33474004,0.1472396,-0.97268379,0.17946309,0
1.0521175,-1.1330974,1.5100363,0.51250327,0.23021024,0.82725072,0
1.9090595,0.27799448,0.63064152,0.51250327,0.23021024,0.82725072,0
0.87961334,0.87033403,0.9406212,0.51250327,0.23021024,0.82725072,0
4.0063562,-0.53658652,-3.2366047,0.84596753,0.029828615,-0.53239977,0
4.9408884,-1.0050199,-1.2384896,0.1472396,-0.97268379,0.17946309,0
1.0062276,-1.2237557,0.84497797,0.1472396,-0.97268379,0.17946309,0
-3.4295435,-1.0524584,3.9394712,-0.84596753,-0.029828615,0.53239977,0
0.58816755,-0.60380834,-2.0603747,-0.51250327,-0.23021024,-0.82725072,0
-0.43917713,1.5316572,-0.048209339,-0.1472396,0.97268379,-0.17946309,0
5.0012941,-0.52562064,-1.380115,0.84596753,0.029828615,-0.53239977,0
-3.6141515,-1.7342513,2.3620672,0.1472396,-0.97268379,0.17946309,0
0.015707135,-1.250098,1.3694204,0.1472396,-0.97268379,0.17946309,0
3.6785598,-0.86545718,-3.5901723,0.84596753,0.029828615,-0.53239977,0
-4.0203958,1.3004247,3.1789675,-0.84596753,-0.029828615,0.53239977,0
-3.564394,0.94428325,0.22019553,-0.51250327,-0.23021024,-0.82725072,0
-2.7129564,-0.73022747,3.6191187,0.51250327,0.23021024,0.82725072,0
1.2398486,-0.37399927,-2.5686514,-0.51250327,-0.23021024,-0.82725072,0
-3.736176,-0.97051483,0.66192174,-0.51250327,-0.23021024,-0.82725072,0
4.5751462,0.77582771,-1.9922633,0.84596753,0.029828615,-0.53239977,0
-1.9885882,-1.6917485,0.0076584816,-0.51250327,-0.23021024,-0.82725072,0
4.7176256,1.2133065,-1.7268591,0.84596753,0.029828615,-0.53239977,0
2.8901935,-0.47560287,0.13283515,0.51250327,0.23021024,0.82725072,0
3.6908245,0.42600596,-3.4964194,0.84596753,0.029828615,-0.53239977,0
-1.1266164,-0.49146807,2.6387072,0.51250327,0.23021024,0.82725072,0
-4.2540355,0.61067194,0.54587483,-0.51250327,-0.23021024,-0.82725072,0
2.0701296,-1.0235472,-2.7393811,-0.51250327,-0.23021024,-0.82725072,0
1.1641042,-1.6576362,-1.5386641,0.1472396,-0.97268379,0.17946309,0
1.6590495,-1.7323303,-2.2376904,0.1472396,-0.97268379,0.17946309,0
4.7013845,-0.41122371,-1.8021126,0.84596753,0.029828615,-0.53239977,0
-1.4292154,1.8192439,2.1481674,-0.1472396,0.97268379,-0.17946309,0
-3.4090848,-0.58917338,0.46489596,-0.51250327,-0.23021024,-0.82725072,0
-4.3649564,-1.0056279,2.4665375,-0.84596753,-0.029828615,0.53239977,0
-0.99633849,-1.4320295,1.2274516,0.1472396,-0.97268379,0.17946309,0
2.4896295,-1.2613964,-0.96230984,0.1472396,-0.97268379,0.17946309,0
3.2734361,-1.0912707,-3.5165081,-0.51250327,-0.23021024,-0.82725072,0
-0.15396202,1.2579505,-1.0750207,-0.1472396,0.97268379,-0.17946309,0
-2.7457397,0.48298198,-0.21868443,-0.51250327,-0.23021024,-0.82725072,0
5.0123887,-0.99084449,-1.2812939,0.1472396,-0.97268379,0.17946309,0
4.3330789,-0.41681617,-0.63517523,0.51250327,0.23021024,0.82725072,0
4.0781674,-0.9581601,-2.9300504,0.84596753,0.029828615,-0.53239977,0
2.6243296,-0.59146118,0.33996403,0.51250327,0.23021024,0.82725072,0
4.8432078,-0.21259713,-1.5216374,0.84596753,0.029828615,-0.53239977,0
-4.2055016,-1.5606523,2.6943841,-0.84596753,-0.029828615,0.53239977,0
4.6634636,1.5756145,-1.7262745,0.84596753,0.029828615,-0.53239977,0
-0.52435124,-1.2978289,2.1595993,0.1472396,-0.97268379,0.17946309,0
-4.2419868,-1.2294554,1.0886674,-0.51250327,-0.23021024,-0.82725072,0
-3.7419043,-1.4973752,2.9790778,0.1472396,-0.97268379,0.17946309,0
-4.3897862,-1.604442,2.2659397,-0.84596753,-0.029828615,0.53239977,0
0.35440493,-0.93288636,-1.7049881,-0.51250327,-0.23021024,-0.82725072,0
3.8173773,-0.006021291,-3.2754278,0.84596753,0.029828615,-0.53239977,0
-2.7040901,1.6975461,2.6284065,-0.1472396,0.97268379,-0.17946309,0
4.5402908,-0.45650804,-0.83860397,0.51250327,0.23021024,0.82725072,0
-0.79282743,1.6382148,0.73759449,-0.1472396,0.97268379,-0.17946309,0
-3.8358364,0.3584066,3.3681035,-0.84596753,-0.029828615,0.53239977,0
4.0948563,-0.3124927,-2.7186246,0.84596753,0.029828615,-0.53239977,0
3.9433677,1.9291612,-1.0545235,0.51250327,0.23021024,0.82725072,0
3.7050447,-1.2116477,-3.4323339,0.84596753,0.029828615,-0.53239977,0
3.8814926,-0.96375346,-0.58453226,0.1472396,-0.97268379,0.17946309,0
4.8035336,-0.34803033,-1.7246008,0.84596753,0.029828615,-0.53239977,0
-4.633604,-1.2342197,1.999094,-0.84596753,-0.029828615,0.53239977,0
-1.549747,-0.1139635,-0.74931443,-0.51250327,-0.23021024,-0.82725072,0
-3.606514,-1.5406629,3.4810004,-0.84596753,-0.029828615,0.53239977,0
0.9501642,1.4912512,-1.4288841,-0.1472396,0.97268379,-0.17946309,0
4.4775748,0.33313918,-2.3149724,0.84596753,0.029828615,-0.53239977,0
3.3501759,-0.47196609,-0.12825131,0.51250327,0.23021024,0.82725072,0
2.4697425,1.6173291,-1.7622421,-0.1472396,0.97268379,-0.17946309,0
-4.4831114,-1.6579515,2.0280366,-0.84596753,-0.029828615,0.53239977,0
-4.1104765,0.68638003,2.9250569,-0.84596753,-0.029828615,0.53239977,0
4.6983323,1.6763563,-1.8839216,0.84596753,0.029828615,-0.53239977,0
0.34646046,-1.116711,1.8348341,0.51250327,0.23021024,0.82725072,0
-4.3697276,-0.81393641,2.5677462,-0.84596753,-0.029828615,0.53239977,0
-1.8143907,1.7410804,2.126307,-0.1472396,0.97268379,-0.17946309,0
1.1547923,1.1980808,-2.6444886,-0.1472396,0.97268379,-0.17946309,0
4.0840173,1.8359388,-1.5590601,-0.1472396,0.97268379,-0.17946309,0
3.4485281,0.79157817,-3.9396691,0.84596753,0.029828615,-0.53239977,0
-3.0762961,1.6137685,2.631691,-0.1472396,0.97268379,-0.17946309,0
4.8943081,-0.23168972,-1.7495618,0.84596753,0.029828615,-0.53239977,0
2.4808786,-0.98617411,-3.1425061,-0.51250327,-0.23021024,-0.82725072,0
0.30143046,0.21136324,1.4972222,0.51250327,0.23021024,0.82725072,0
-4.2896962,0.66174972,2.6186309,-0.84596753,-0.029828615,0.53239977,0
-1.6764953,-1.6885422,0.28731608,0.1472396,-0.97268379,0.17946309,0
-0.93765426,1.3178478,-0.18662989,-0.1472396,0.97268379,-0.17946309,0
-4.5731354,-0.45605898,1.9232254,-0.84596753,-0.029828615,0.53239977,0
0.41867724,-1.4010224,0.87488103,0.1472396,-0.97268379,0.17946309,0
1.9695356,-1.5763592,-1.3299282,0.1472396,-0.97268379,0.17946309,0
3.9887824,-0.62460464,-3.2506256,0.84596753,0.029828615,-0.53239977,0
-0.8856703,-0.68637443,2.620532,0.51250327,0.23021024,0.82725072,0
4.0812969,0.98587453,-2.9118156,0.84596753,0.029828615,-0.53239977,0
-1.7820082,1.1873106,-0.046622276,-0.1472396,0.97268379,-0.17946309,0
4.4350348,-0.038322691,-2.3498406,0.84596753,0.029828615,-0.53239977,0
2.4588418,1.8219348,-0.22181296,-0.1472396,0.97268379,-0.17946309,0
-2.1429615,1.3574262,2.8707438,0.51250327,0.23021024,0.82725072,0
-1.6364508,-0.23711714,-0.80523962,-0.51250327,-0.23021024,-0.82725072,0
2.4482625,1.682796,-1.5858023,-0.1472396,0.97268379,-0.17946309,0
-2.4832354,-1.768846,0.11523867,-0.51250327,-0.23021024,-0.82725072,0
2.7991641,-1.3285711,-1.469228,0.1472396,-0.97268379,0.17946309,0
2.338737,-0.68907058,0.6331619,0.51250327,0.23021024,0.82725072,0
3.4523458,-1.1043147,-3.7343898,-0.51250327,-0.23021024,-0.82725072,0
4.5639534,1.4353344,-2.0075278,0.84596753,0.029828615,-0.53239977,0
4.2775259,0.67123497,-2.6634674,0.84596753,0.029828615,-0.53239977,0
3.641906,0.6063714,-3.559587,0.84596753,0.029828615,-0.53239977,0
-0.93768454,1.2766261,1.976177,0.51250327,0.23021024,0.82725072,0
4.8710012,-0.91258526,-1.8438239,0.84596753,0.029828615,-0.53239977,0
-4.0484376,-0.85536635,2.8055878,-0.84596753,-0.029828615,0.53239977,0
-0.76840305,1.5292232,1.7822459,0.51250327,0.23021024,0.82725072,0
-3.3254681,-0.97888637,0.45010138,-0.51250327,-0.23021024,-0.82725072,0
2.9300542,1.3996422,-3.1676326,-0.1472396,0.97268379,-0.17946309,0
0.41664922,0.37861842,-2.2881539,-0.51250327,-0.23021024,-0.82725072,0
-3.2358632,0.53000015,3.7019491,0.51250327,0.23021024,0.82725072,0
-3.4442637,1.404458,2.4649572,-0.1472396,0.97268379,-0.17946309,0
-1.4735074,-0.47723961,2.9558389,0.51250327,0.23021024,0.82725072,0
-1.9560326,-0.34517747,3.1294291,0.51250327,0.23021024,0.82725072,0
4.7118931,-0.60160297,-1.0317631,0.51250327,0.23021024,0.82725072,0
-0.74107867,1.6497937,1.1063703,-0.1472396,0.97268379,-0.17946309,0
4.3202252,-1.1064515,-1.0952177,0.1472396,-0.97268379,0.17946309,0
0.35376,-1.5259517,-0.54435766,0.1472396,-0.97268379,0.17946309,0
-2.6777315,-1.3057634,0.22641206,-0.51250327,-0.23021024,-0.82725072,0
-3.6210353,-0.87384474,3.5260463,-0.84596753,-0.029828615,0.53239977,0
4.3693233,0.36401594,-2.5724812,0.84596753,0.029828615,-0.53239977,0
-3.494432,-0.51938498,3.8863311,-0.84596753,-0.029828615,0.53239977,0
-3.442466,-0.090761364,3.8104424,-0.84596753,-0.029828615,0.53239977,0
5.0086141,0.16876733,-1.5915213,0.84596753,0.029828615,-0.53239977,0
3.0667326,-0.29340512,0.02413559,0.51250327,0.23021024,0.82725072,0
-4.8617668,0.3508288,1.6984048,-0.84596753,-0.029828615,0.53239977,0
-1.1280723,1.5149488,0.63299966,-0.1472396,0.97268379,-0.17946309,0
-3.441596,1.4922653,3.0748329,-0.1472396,0.97268379,-0.17946309,0
0.46388555,0.041900724,1.5415924,0.51250327,0.23021024,0.82725072,0
-4.4416924,-0.78768295,2.2645092,-0.84596753,-0.029828615,0.53239977,0
0.90994143,0.41366583,-2.5596089,-0.51250327,-0.23021024,-0.82725072,0
-4.2711482,-0.8845529,0.97540951,-0.51250327,-0.23021024,-0.82725072,0
4.2610898,0.584077,-2.5183945,0.84596753,0.029828615,-0.53239977,0
4.4013996,-0.55682486,-0.83635712,0.51250327,0.23021024,0.82725072,0
0.93010128,1.1556227,-2.6513944,-0.51250327,-0.23021024,-0.82725072,0
-4.313035,-1.4187268,2.3242397,-0.84596753,-0.029828615,0.53239977,0
-4.6643996,-0.1832844,2.0006647,-0.84596753,-0.029828615,0.53239977,0
-4.4799714,1.1941363,2.2084198,-0.84596753,-0.029828615,0.53239977,0
1.1971722,1.4163438,-1.6246015,-0.1472396,0.97268379,-0.17946309,0
-2.2111056,-1.4237701,2.3275819,0.1472396,-0.97268379,0.17946309,0
3.0023057,1.6457384,-1.6485288,-0.1472396,0.97268379,-0.17946309,0
3.9710045,-0.47261074,-3.2723141,0.84596753,0.029828615,-0.53239977,0
4.6048818,0.77733791,-1.8456697,0.84596753,0.029828615,-0.53239977,0
4.966537,0.8572942,-1.6017184,0.84596753,0.029828615,-0.53239977,0
0.38965952,1.6001436,-0.15764505,-0.1472396,0.97268379,-0.17946309,0
4.6375008,0.056241214,-1.9625702,0.84596753,0.029828615,-0.53239977,0
1.2999288,1.1635249,0.64437008,0.51250327,0.23021024,0.82725072,0
-1.595667,1.5589721,1.8298781,-0.1472396,0.97268379,-0.17946309,0
0.50812018,-1.2664446,0.93383116,0.1472396,-0.97268379,0.17946309,0
3.6533136,-0.62663639,-3.4592371,0.84596753,0.029828615,-0.53239977,0
2.1098392,-0.39592516,-3.1299393,-0.51250327,-0.23021024,-0.82725072,0
-3.0040426,-1.6040561,2.5432358,0.1472396,-0.97268379,0.17946309,0
-4.6212888,-1.185128,1.9299512,-0.84596753,-0.029828615,0.53239977,0
0.11244845,0.46082819,1.6488647,0.51250327,0.23021024,0.82725072,0
2.7692437,-0.0067334175,-3.5435624,-0.51250327,-0.23021024,-0.82725072,0
0.5917365,1.1283214,1.0928581,0.51250327,0.23021024,0.82725072,0
2.3963785,-0.55045575,-3.1866975,-0.51250327,-0.23021024,-0.82725072,0
2.7100453,-1.2996948,-3.0118103,-0.51250327,-0.23021024,-0.82725072,0
-2.7069583,-1.4553412,2.4289289,0.1472396,-0.97268379,0.17946309,0
-3.017767,-1.2038267,4.07794,0.51250327,0.23021024,0.82725072,0
-3.8208418,-1.6554158,0.94766259,-0.51250327,-0.23021024,-0.82725072,0
3.2610757,-0.2272965,-3.7898273,-0.51250327,-0.23021024,-0.82725072,0
-4.9678721,-0.065991588,1.3534336,-0.84596753,-0.029828615,0.53239977,0
0.56950134,-1.365743,0.73068774,0.1472396,-0.97268379,0.17946309,0
-4.0982318,-0.82337165,2.9541101,-0.84596753,-0.029828615,0.53239977,0
-2.8525143,1.6575568,3.1159158,0.51250327,0.23021024,0.82725072,0
3.6509848,-1.0769403,-0.78447008,0.1472396,-0.97268379,0.17946309,0
4.1984992,-0.5098238,-2.8418598,0.84596753,0.029828615,-0.53239977,0
-1.5583587,1.0680079,-0.7465111,-0.1472396,0.97268379,-0.17946309,0
0.910519,-0.23822853,-2.2785842,-0.51250327,-0.23021024,-0.82725072,0
3.7232368,1.3908604,-3.3085966,0.84596753,0.029828615,-0.53239977,0
-4.2672343,1.2046182,2.7582765,-0.84596753,-0.029828615,0.53239977,0
0.71356118,-1.2989633,-1.8988619,-0.51250327,-0.23021024,-0.82725072,0
