1.6388022,-0.61299467,-0.44845113,0.9305948,-0.16714311,0.32566369,0
1.8915854,-0.13079071,-1.0616493,0.9305948,-0.16714311,0.32566369,0
-2.5555305,-2.7157664,1.2068834,-0.34691304,-0.68660712,0.63892257,0
2.219327,0.47150606,-2.1246791,0.11681145,-0.70755506,-0.69693702,0
-2.4454982,-1.1925838,1.558017,-0.9305948,0.16714311,-0.32566369,0
-1.9176435,-0.99114156,0.56368566,-0.9305948,0.16714311,-0.32566369,0
2.5663872,2.8024693,-1.101611,0.9305948,-0.16714311,0.32566369,0
-2.213603,-2.8839898,0.36531401,-0.9305948,0.16714311,-0.32566369,0
-0.021643639,3.0013607,-2.1847889,0.34691304,0.68660712,-0.63892257,0
-0.29649687,3.3787541,-1.2097082,-0.11681145,0.70755506,0.69693702,0
-1.8996952,-1.6333683,-0.020467639,-0.9305948,0.16714311,-0.32566369,0
0.58297205,-1.2683322,2.217145,0.9305948,-0.16714311,0.32566369,0
-1.577714,0.89406455,1.1061356,-0.11681145,0.70755506,0.69693702,0
-1.7175074,0.74378449,1.1553235,-0.11681145,0.70755506,0.69693702,0
2.668535,1.6048918,-2.0096784,0.9305948,-0.16714311,0.32566369,0
1.3535969,-0.63053209,-1.1876453,0.11681145,-0.70755506,-0.69693702,0
2.2544699,1.3983539,-1.1435838,0.9305948,-0.16714311,0.32566369,0
1.2438636,-0.89253867,0.68325126,0.9305948,-0.16714311,0.32566369,0
-1.0842217,-0.13369155,-1.7450376,-0.9305948,0.16714311,-0.32566369,0
1.447439,2.7341502,-1.7831154,0.34691304,0.68660712,-0.63892257,0
1.5113779,2.1371806,0.22100413,-0.11681145,0.70755506,0.69693702,0
1.3422737,-0.47973478,-1.459187,0.11681145,-0.70755506,-0.69693702,0
-1.5787778,-2.1984611,2.110877,-0.34691304,-0.68660712,0.63892257,0
2.3581915,2.8607011,-1.2358787,0.34691304,0.68660712,-0.63892257,0
-0.073565722,-0.9313122,-1.3400927,0.11681145,-0.70755506,-0.69693702,0
2.1168408,2.8093891,-1.1784418,0.34691304,0.68660712,-0.63892257,0
-1.2124524,-1.9001485,-0.48683971,0.11681145,-0.70755506,-0.69693702,0
1.3101896,1.6420205,-2.9473059,0.34691304,0.68660712,-0.63892257,0
-2.2335582,-1.7767048,1.1533895,-0.9305948,0.16714311,-0.32566369,0
0.42098346,0.82949466,-2.9056571,0.11681145,-0.70755506,-0.69693702,0
0.60132194,-0.23584354,-1.7391262,0.11681145,-0.70755506,-0.69693702,0
1.9063807,0.91867101,-0.5695473,0.9305948,-0.16714311,0.32566369,0
-0.014068842,-2.5586796,0.46759856,0.11681145,-0.70755506,-0.69693702,0
0.49996269,-2.037467,2.0293036,0.9305948,-0.16714311,0.32566369,0
-2.304065,-1.8365064,2.1968799,-0.34691304,-0.68660712,0.63892257,0
-2.1144941,-0.51087528,2.3611608,-0.11681145,0.70755506,0.69693702,0
-1.4509377,-2.4964387,2.0355897,-0.34691304,-0.68660712,0.63892257,0
-0.87700379,1.6107426,-1.1126201,-0.9305948,0.16714311,-0.32566369,0
-0.85040319,0.19023001,-1.879567,-0.9305948,0.16714311,-0.32566369,0
-2.6194103,-2.1905341,1.6716468,-0.9305948,0.16714311,-0.32566369,0
0.50016671,-1.7629349,2.3991647,0.9305948,-0.16714311,0.32566369,0
2.0054083,3.0992808,-1.1427273,0.34691304,0.68660712,-0.63892257,0
1.5298296,2.3451614,-2.1773467,0.34691304,0.68660712,-0.63892257,0
2.2158592,0.91276073,-1.3615395,0.9305948,-0.16714311,0.32566369,0
1.3487281,-1.0997477,0.078827202,0.9305948,-0.16714311,0.32566369,0
1.9058148,1.4639423,0.17042065,0.9305948,-0.16714311,0.32566369,0
2.3817272,1.3411869,-1.3927124,0.9305948,-0.16714311,0.32566369,0
1.5343339,0.47349048,0.36265165,0.9305948,-0.16714311,0.32566369,0
-0.14506221,3.3561025,-1.9823978,0.34691304,0.68660712,-0.63892257,0
2.1518729,2.1306319,-0.17129552,0.9305948,-0.16714311,0.32566369,0
-0.61317229,-2.5648263,2.4224048,-0.34691304,-0.68660712,0.63892257,0
2.0644121,0.78885472,-1.1096196,0.9305948,-0.16714311,0.32566369,0
2.006458,-0.034375906,-1.3463762,0.9305948,-0.16714311,0.32566369,0
0.15461022,-0.24252176,2.4520199,-0.11681145,0.70755506,0.69693702,0
0.42000198,2.5326705,-2.6442585,0.34691304,0.68660712,-0.63892257,0
-1.8325592,0.27621174,0.91154134,-0.9305948,0.16714311,-0.32566369,0
-0.14909005,2.3842416,-0.42594147,-0.11681145,0.70755506,0.69693702,0
-1.9605007,-2.1025171,2.1280906,-0.34691304,-0.68660712,0.63892257,0
1.4788066,0.037465423,-1.9441522,0.11681145,-0.70755506,-0.69693702,0
-1.254723,-3.3663483,1.1093911,-0.34691304,-0.68660712,0.63892257,0
0.053036928,-0.7428475,-1.3901825,0.11681145,-0.70755506,-0.69693702,0
-0.57770491,1.5603957,0.51821989,-0.11681145,0.70755506,0.69693702,0
-2.1667137,-0.23102283,1.3271399,-0.9305948,0.16714311,-0.32566369,0
-2.5774541,-0.86659086,2.5683913,-0.11681145,0.70755506,0.69693702,0
-0.47334075,3.0464909,-1.496551,-0.9305948,0.16714311,-0.32566369,0
-1.2967708,0.065104961,-1.0652498,-0.9305948,0.16714311,-0.32566369,0
1.8052942,1.1987208,0.13124132,0.9305948,-0.16714311,0.32566369,0
-2.0251546,-0.37992811,0.85384989,-0.9305948,0.16714311,-0.32566369,0
-2.5996244,-2.4817295,1.4082527,-0.9305948,0.16714311,-0.32566369,0
1.2457285,-1.4001601,0.42336667,0.9305948,-0.16714311,0.32566369,0
-0.32837558,1.5506032,-2.9105306,-0.9305948,0.16714311,-0.32566369,0
-1.1334462,-1.8127768,2.8109651,-0.34691304,-0.68660712,0.63892257,0
-1.1081896,-3.5102875,1.1917102,-0.34691304,-0.68660712,0.63892257,0
-1.2195787,-0.093832612,-1.3435903,-0.9305948,0.16714311,-0.32566369,0
1.0525571,-1.1134439,-0.94805682,0.11681145,-0.70755506,-0.69693702,0
-0.076418877,-1.9131598,3.3473034,-0.34691304,-0.68660712,0.63892257,0
-0.75146526,-2.3880134,2.3734217,-0.34691304,-0.68660712,0.63892257,0
2.3041215,2.8049614,-0.42322648,-0.11681145,0.70755506,0.69693702,0
0.83606708,0.80232787,-2.7171879,0.11681145,-0.70755506,-0.69693702,0
-2.3133526,-1.9770885,2.1291058,-0.34691304,-0.68660712,0.63892257,0
-0.28646994,-2.3736274,0.23676288,0.11681145,-0.70755506,-0.69693702,0
-0.10836869,0.41626745,1.7328709,-0.11681145,0.70755506,0.69693702,0
-0.79009306,-1.2944046,-0.99504083,0.11681145,-0.70755506,-0.69693702,0
-0.34465289,-3.2178631,1.9608482,-0.34691304,-0.68660712,0.63892257,0
-1.7508037,-2.8745461,1.4554566,-0.34691304,-0.68660712,0.63892257,0
-0.27990901,2.1269813,-2.4497809,-0.9305948,0.16714311,-0.32566369,0
1.0855687,-1.4110169,0.56810963,0.9305948,-0.16714311,0.32566369,0
0.034683466,-2.2996764,0.084182143,0.11681145,-0.70755506,-0.69693702,0
-1.9747595,-0.039923191,0.8833043,-0.9305948,0.16714311,-0.32566369,0
1.7167881,-0.086344838,-0.46891689,0.9305948,-0.16714311,0.32566369,0
-2.6182809,-2.1280751,1.7428601,-0.9305948,0.16714311,-0.32566369,0
-0.87683892,-2.5274794,2.380281,-0.34691304,-0.68660712,0.63892257,0
-0.15468228,1.178268,0.88439399,-0.11681145,0.70755506,0.69693702,0
-0.03760004,-2.5912471,2.5784628,-0.34691304,-0.68660712,0.63892257,0
-1.7347807,-0.76612842,2.7263062,-0.11681145,0.70755506,0.69693702,0
-0.69465315,-1.7336916,3.1200027,-0.34691304,-0.68660712,0.63892257,0
0.15265471,0.28017509,1.9779561,-0.11681145,0.70755506,0.69693702,0
0.6890806,3.166431,-1.640838,0.34691304,0.68660712,-0.63892257,0
-2.0562665,-1.9024806,2.3752234,-0.34691304,-0.68660712,0.63892257,0
0.11181045,-2.3017547,3.0457904,-0.34691304,-0.68660712,0.63892257,0
-0.78304821,-1.2916398,-0.86522835,0.11681145,-0.70755506,-0.69693702,0
0.46500099,-0.081093788,-2.1030064,0.11681145,-0.70755506,-0.69693702,0
0.91747802,-1.3089454,1.0663936,0.9305948,-0.16714311,0.32566369,0
-0.32324743,-2.1803946,2.9244978,-0.34691304,-0.68660712,0.63892257,0
-0.12208554,-0.23501933,2.3240519,-0.11681145,0.70755506,0.69693702,0
1.324333,-0.022320986,0.8013196,0.9305948,-0.16714311,0.32566369,0
-0.16367128,-0.39318103,2.5224078,-0.11681145,0.70755506,0.69693702,0
0.94816279,1.3280857,-3.3999357,0.11681145,-0.70755506,-0.69693702,0
1.4070821,0.8629719,0.82821155,0.9305948,-0.16714311,0.32566369,0
-1.073289,-3.0877695,1.5546988,-0.34691304,-0.68660712,0.63892257,0
2.0189285,2.1396613,-2.1535885,0.34691304,0.68660712,-0.63892257,0
-0.31055915,2.6437817,-2.6615615,-0.9305948,0.16714311,-0.32566369,0
2.4675059,3.1399133,-0.79056239,0.34691304,0.68660712,-0.63892257,0
-0.7058351,-3.3944426,1.5340519,-0.34691304,-0.68660712,0.63892257,0
-0.26483715,-1.5685991,-0.58135903,0.11681145,-0.70755506,-0.69693702,0
0.64052582,-0.51566088,2.2725406,0.9305948,-0.16714311,0.32566369,0
-0.29114807,0.81473541,1.1562779,-0.11681145,0.70755506,0.69693702,0
-1.0311913,-1.7504823,2.981317,-0.34691304,-0.68660712,0.63892257,0
0.56477785,2.6702189,-2.3770843,0.34691304,0.68660712,-0.63892257,0
1.0056018,-1.1465688,1.3770025,0.9305948,-0.16714311,0.32566369,0
1.6408622,-0.41840434,-0.3804203,0.9305948,-0.16714311,0.32566369,0
-0.28360558,3.1285093,-2.2238929,0.34691304,0.68660712,-0.63892257,0
-0.26693463,-3.0913379,2.0336237,-0.34691304,-0.68660712,0.63892257,0
2.5298688,2.6801844,-1.0649878,0.9305948,-0.16714311,0.32566369,0
-0.37346935,3.4394889,-1.8603067,0.34691304,0.68660712,-0.63892257,0
-1.9254158,0.20928264,0.71021342,-0.9305948,0.16714311,-0.32566369,0
0.65536731,1.7275696,-3.2789764,0.34691304,0.68660712,-0.63892257,0
0.35339653,3.0331526,-2.0313702,0.34691304,0.68660712,-0.63892257,0
1.9378663,1.9738741,-2.298106,0.34691304,0.68660712,-0.63892257,0
-1.5718341,0.52949828,1.493535,-0.11681145,0.70755506,0.69693702,0
-0.90174705,-1.1899561,3.2015097,-0.11681145,0.70755506,0.69693702,0
0.62302053,-2.5783882,1.3065318,0.9305948,-0.16714311,0.32566369,0
-0.46503896,-0.322155,-1.8862062,0.11681145,-0.70755506,-0.69693702,0
2.1807227,2.2810173,-1.8104937,0.34691304,0.68660712,-0.63892257,0
0.99478054,-2.3056142,0.81131744,0.9305948,-0.16714311,0.32566369,0
1.1341738,-1.4755336,0.48777223,0.9305948,-0.16714311,0.32566369,0
0.08780551,-3.2164054,1.9412655,-0.34691304,-0.68660712,0.63892257,0
-0.78667074,0.5025444,-2.2316685,-0.9305948,0.16714311,-0.32566369,0
-1.6234921,-0.28020588,2.0578582,-0.11681145,0.70755506,0.69693702,0
-1.6141052,1.049222,0.76263571,-0.9305948,0.16714311,-0.32566369,0
0.79287028,0.32868069,-2.4654796,0.11681145,-0.70755506,-0.69693702,0
0.055751085,1.7896827,0.22929722,-0.11681145,0.70755506,0.69693702,0
0.57179022,-0.92110646,2.2519488,0.9305948,-0.16714311,0.32566369,0
-1.0474753,2.1604388,-0.80225718,-0.9305948,0.16714311,-0.32566369,0
0.68138671,2.7051103,-0.51807702,-0.11681145,0.70755506,0.69693702,0
-1.0426919,-0.49450374,-1.6542999,-0.9305948,0.16714311,-0.32566369,0
0.76950657,-2.5337844,1.2674508,0.9305948,-0.16714311,0.32566369,0
0.62461209,-2.3699338,1.3218681,0.9305948,-0.16714311,0.32566369,0
1.2961563,3.2690196,-0.851125,-0.11681145,0.70755506,0.69693702,0
-1.2179161,1.0068663,0.93668365,-0.11681145,0.70755506,0.69693702,0
-0.7278493,0.6905936,-2.415659,-0.9305948,0.16714311,-0.32566369,0
0.33650541,-3.4391026,2.0425591,-0.34691304,-0.68660712,0.63892257,0
-1.3195689,-1.3826841,3.2889357,-0.34691304,-0.68660712,0.63892257,0
-0.51033103,1.2850485,-2.2664459,-0.9305948,0.16714311,-0.32566369,0
-1.2697363,1.4911779,-0.13934445,-0.9305948,0.16714311,-0.32566369,0
0.13825876,1.410651,-3.6085472,0.11681145,-0.70755506,-0.69693702,0
-0.27306163,2.7606399,-2.3883834,-0.9305948,0.16714311,-0.32566369,0
0.10277271,-2.1517074,3.3194942,-0.34691304,-0.68660712,0.63892257,0
1.2492213,2.8366838,-1.7897127,0.34691304,0.68660712,-0.63892257,0
-1.1525387,-2.055325,2.5346637,-0.34691304,-0.68660712,0.63892257,0
-0.64009809,0.60923612,-2.4336386,-0.9305948,0.16714311,-0.32566369,0
0.88449025,-0.72328317,1.4730343,0.9305948,-0.16714311,0.32566369,0
1.2484771,2.0894461,-2.6186368,0.34691304,0.68660712,-0.63892257,0
1.0397084,0.028954029,1.3518285,0.9305948,-0.16714311,0.32566369,0
0.7340191,-0.20247304,2.4019716,0.9305948,-0.16714311,0.32566369,0
0.24367338,1.142143,-3.2564125,0.11681145,-0.70755506,-0.69693702,0
-2.4624276,-2.1956334,1.2776352,-0.9305948,0.16714311,-0.32566369,0
-2.1150644,-0.26939452,1.0348269,-0.9305948,0.16714311,-0.32566369,0
0.3899678,-1.9510009,-0.23876297,0.11681145,-0.70755506,-0.69693702,0
-1.9832489,-0.26328254,0.8412658,-0.9305948,0.16714311,-0.32566369,0
0.63917738,-0.23984414,-1.7430519,0.11681145,-0.70755506,-0.69693702,0
2.0705483,1.7206872,-2.5841374,0.34691304,0.68660712,-0.63892257,0
-1.0077655,-3.061013,1.667224,-0.34691304,-0.68660712,0.63892257,0
0.46113145,3.053575,-2.0779786,0.34691304,0.68660712,-0.63892257,0
0.18143916,1.5376465,0.73172235,-0.11681145,0.70755506,0.69693702,0
1.884843,0.015783906,-1.0224364,0.9305948,-0.16714311,0.32566369,0
-0.3980968,3.3757715,-1.3731198,-0.11681145,0.70755506,0.69693702,0
-0.11047506,1.7484097,-3.3500829,-0.9305948,0.16714311,-0.32566369,0
0.30054092,2.2720025,-2.910063,0.34691304,0.68660712,-0.63892257,0
0.55821967,-3.0356255,1.7234044,0.9305948,-0.16714311,0.32566369,0
1.893491,1.1819698,0.063427269,0.9305948,-0.16714311,0.32566369,0
-1.4164655,-2.8007767,1.6374917,-0.34691304,-0.68660712,0.63892257,0
-0.70741248,2.4051707,-1.2996712,-0.9305948,0.16714311,-0.32566369,0
-1.4188817,-2.4823604,2.1436539,-0.34691304,-0.68660712,0.63892257,0
1.5358794,3.2218828,-1.1516166,0.34691304,0.68660712,-0.63892257,0
-1.4531645,-2.6991949,0.32190061,0.11681145,-0.70755506,-0.69693702,0
1.0923938,0.47934914,1.5706233,0.9305948,-0.16714311,0.32566369,0
1.4536341,0.72764289,-2.7479994,0.11681145,-0.70755506,-0.69693702,0
-2.0304615,-1.9933119,2.3803596,-0.34691304,-0.68660712,0.63892257,0
-0.089740396,2.2126188,-3.0664334,0.34691304,0.68660712,-0.63892257,0
2.5481644,1.5336159,-2.3075123,0.34691304,0.68660712,-0.63892257,0
2.5395358,2.5755091,-1.226994,0.9305948,-0.16714311,0.32566369,0
-2.5109854,-1.345189,1.6908342,-0.9305948,0.16714311,-0.32566369,0
-0.80855638,0.54871225,-1.8321118,-0.9305948,0.16714311,-0.32566369,0
2.1850238,2.0265727,-2.1707449,0.34691304,0.68660712,-0.63892257,0
0.41752732,1.1600605,-3.366256,0.11681145,-0.70755506,-0.69693702,0
0.83098614,-2.1241133,0.048738956,0.11681145,-0.70755506,-0.69693702,0
1.6670458,2.5696459,-1.6926893,0.34691304,0.68660712,-0.63892257,0
-1.771976,-0.53693497,0.2803373,-0.9305948,0.16714311,-0.32566369,0
1.6797892,2.9023943,-0.45271599,-0.11681145,0.70755506,0.69693702,0
-1.2066358,-3.1176548,1.5102936,-0.34691304,-0.68660712,0.63892257,0
-1.4893045,0.058907628,-0.41822982,-0.9305948,0.16714311,-0.32566369,0
-0.25281286,2.707814,-2.5487916,-0.9305948,0.16714311,-0.32566369,0
0.75347227,0.96171868,-2.946147,0.11681145,-0.70755506,-0.69693702,0
-1.288713,-1.5255415,3.1253285,-0.34691304,-0.68660712,0.63892257,0
1.6235361,1.7983247,0.58580565,-0.11681145,0.70755506,0.69693702,0
0.67710328,-1.1699359,-0.90555316,0.11681145,-0.70755506,-0.69693702,0
0.46506655,2.5575607,-2.4250202,0.34691304,0.68660712,-0.63892257,0
-0.076030254,1.8898635,-3.4443021,0.34691304,0.68660712,-0.63892257,0
0.68666035,-0.054349899,2.3634386,-0.11681145,0.70755506,0.69693702,0
2.4920254,1.1357372,-2.7720492,0.11681145,-0.70755506,-0.69693702,0
0.55461156,1.832582,0.36591381,-0.11681145,0.70755506,0.69693702,0
0.98196959,2.3181472,-0.079771161,-0.11681145,0.70755506,0.69693702,0
-0.72206008,-0.047685862,-2.1774828,0.11681145,-0.70755506,-0.69693702,0
1.2946558,1.4480237,-3.283464,0.34691304,0.68660712,-0.63892257,0
-2.221523,-1.5200655,2.6889889,-0.34691304,-0.68660712,0.63892257,0
-1.8178555,-1.9344156,2.442347,-0.34691304,-0.68660712,0.63892257,0
-0.23175883,2.1676359,-0.12736714,-0.11681145,0.70755506,0.69693702,0
-0.78326201,1.4524951,0.5630852,-0.11681145,0.70755506,0.69693702,0
-0.23660529,0.80396223,1.3125857,-0.11681145,0.70755506,0.69693702,0
0.2824502,-3.6769423,1.5009003,0.11681145,-0.70755506,-0.69693702,0
1.1884764,3.3027182,-1.3156881,0.34691304,0.68660712,-0.63892257,0
-1.1163995,-1.732702,-0.6596455,0.11681145,-0.70755506,-0.69693702,0
0.51425004,-2.7522511,0.69917178,0.11681145,-0.70755506,-0.69693702,0
-1.3092144,-2.9860716,0.59511578,0.11681145,-0.70755506,-0.69693702,0
1.1250917,0.89685261,-2.8963439,0.11681145,-0.70755506,-0.69693702,0
-2.1438749,-0.18424785,2.0305696,-0.11681145,0.70755506,0.69693702,0
-0.73688912,-2.292809,2.6146655,-0.34691304,-0.68660712,0.63892257,0
-1.470843,-2.1104655,2.4873753,-0.34691304,-0.68660712,0.63892257,0
-0.4004364,3.2049394,-1.5994499,-0.9305948,0.16714311,-0.32566369,0
0.40177059,-0.016249537,-2.0114236,0.11681145,-0.70755506,-0.69693702,0
-0.44695854,-3.2672563,1.7829286,-0.34691304,-0.68660712,0.63892257,0
0.18124563,1.9332845,-3.3680427,0.34691304,0.68660712,-0.63892257,0
-0.87257504,-1.8036102,3.0905426,-0.34691304,-0.68660712,0.63892257,0
-1.752223,0.20756596,1.5567738,-0.11681145,0.70755506,0.69693702,0
-0.12149215,2.8108952,-2.6745367,0.34691304,0.68660712,-0.63892257,0
-0.19343448,-3.2402391,2.0376911,-0.34691304,-0.68660712,0.63892257,0
-0.48087099,-1.5565286,3.4097066,-0.34691304,-0.68660712,0.63892257,0
-0.66744578,0.72944403,-2.1136925,-0.9305948,0.16714311,-0.32566369,0
-1.5100995,-2.5754991,1.9209306,-0.34691304,-0.68660712,0.63892257,0
2.4716008,2.8848772,-0.69441926,0.9305948,-0.16714311,0.32566369,0
-1.3452045,-0.16759717,-0.54669571,-0.9305948,0.16714311,-0.32566369,0
-2.017611,-1.3931898,2.8782303,-0.34691304,-0.68660712,0.63892257,0
-0.7220946,0.71031392,-1.9698234,-0.9305948,0.16714311,-0.32566369,0
-0.40805674,-2.5609648,2.4029646,-0.34691304,-0.68660712,0.63892257,0
1.9518393,0.15836734,-1.9023758,0.11681145,-0.70755506,-0.69693702,0
-1.9652425,-1.7335628,0.17642599,-0.9305948,0.16714311,-0.32566369,0
0.64258397,-1.6269515,2.2166138,0.9305948,-0.16714311,0.32566369,0
0.63888168,-2.1832137,1.7030658,0.9305948,-0.16714311,0.32566369,0
1.3176293,2.4242425,-0.13057244,-0.11681145,0.70755506,0.69693702,0
0.15735221,-2.7173774,2.7378659,-0.34691304,-0.68660712,0.63892257,0
1.1992254,-1.0242113,0.47694135,0.9305948,-0.16714311,0.32566369,0
1.5057646,-1.392337,-0.16399032,0.9305948,-0.16714311,0.32566369,0
-2.3697846,-1.9554461,2.1534169,-0.34691304,-0.68660712,0.63892257,0
-1.4877253,1.3570929,0.44732296,-0.9305948,0.16714311,-0.32566369,0
0.5166145,-0.38226956,-1.6798534,0.11681145,-0.70755506,-0.69693702,0
-2.0083079,-1.9185052,0.31921446,-0.9305948,0.16714311,-0.32566369,0
0.21191263,-2.6263597,2.4459786,0.9305948,-0.16714311,0.32566369,0
1.5297728,2.2320609,0.20737183,-0.11681145,0.70755506,0.69693702,0
0.47274601,1.664658,0.55601668,-0.11681145,0.70755506,0.69693702,0
-0.088649988,0.8507247,1.2315149,-0.11681145,0.70755506,0.69693702,0
-0.28010821,-2.4073949,2.7828453,-0.34691304,-0.68660712,0.63892257,0
-2.1874638,-2.0076964,2.0872607,-0.34691304,-0.68660712,0.63892257,0
-0.87631834,2.1805899,-1.0141379,-0.9305948,0.16714311,-0.32566369,0
0.17997777,2.0735483,0.10017598,-0.11681145,0.70755506,0.69693702,0
-2.5226691,-1.0321795,2.2573082,-0.9305948,0.16714311,-0.32566369,0
1.4881576,-0.20864189,0.039729297,0.9305948,-0.16714311,0.32566369,0
-0.42377341,1.3070719,-2.7847977,-0.9305948,0.16714311,-0.32566369,0
-1.5055099,-3.1283457,1.3938282,-0.34691304,-0.68660712,0.63892257,0
1.0344671,0.28049392,-2.2183967,0.11681145,-0.70755506,-0.69693702,0
0.5698359,2.5933907,-2.519659,0.34691304,0.68660712,-0.63892257,0
-0.8422631,-2.6754591,2.2360954,-0.34691304,-0.68660712,0.63892257,0
1.3988461,3.0309439,-1.3069574,0.34691304,0.68660712,-0.63892257,0
0.40822256,-1.1601059,2.8487854,0.9305948,-0.16714311,0.32566369,0
-2.4675984,-2.2211733,1.6019067,-0.34691304,-0.68660712,0.63892257,0
1.4030207,-0.48180246,0.19021776,0.9305948,-0.16714311,0.32566369,0
1.0368314,-1.7799762,-0.21360373,0.11681145,-0.70755506,-0.69693702,0
1.8333201,-0.51481432,-1.1869366,0.11681145,-0.70755506,-0.69693702,0
0.98569977,2.9935999,-1.5820653,0.34691304,0.68660712,-0.63892257,0
-0.90316868,-0.86685812,-1.3641694,0.11681145,-0.70755506,-0.69693702,0
-1.2777439,-3.388607,0.98050475,0.11681145,-0.70755506,-0.69693702,0
2.1142478,1.6743104,-0.8600738,0.9305948,-0.16714311,0.32566369,0
-2.1485662,-2.1920531,1.8369986,-0.34691304,-0.68660712,0.63892257,0
-1.756952,-2.3207843,1.8841687,-0.34691304,-0.68660712,0.63892257,0
-0.39778388,1.5544269,-2.3762479,-0.9305948,0.16714311,-0.32566369,0
0.3755275,2.9370883,-2.0796103,0.34691304,0.68660712,-0.63892257,0
2.6345894,1.185113,-2.7754796,0.11681145,-0.70755506,-0.69693702,0
-1.6001618,1.2733542,0.62286341,-0.11681145,0.70755506,0.69693702,0
1.1135232,-0.2267493,1.058777,0.9305948,-0.16714311,0.32566369,0
1.6344347,1.5885996,-2.8456817,0.34691304,0.68660712,-0.63892257,0
-0.69896638,-0.90455663,3.0746,-0.11681145,0.70755506,0.69693702,0
-2.7653041,-1.4169471,2.371686,-0.9305948,0.16714311,-0.32566369,0
1.0481676,2.6461823,-2.0811386,0.34691304,0.68660712,-0.63892257,0
0.56461918,-1.2921975,2.0968966,0.9305948,-0.16714311,0.32566369,0
-0.45121765,-3.5216465,1.5241296,-0.34691304,-0.68660712,0.63892257,0
1.1506948,1.7603354,-2.8906696,0.34691304,0.68660712,-0.63892257,0
-2.3468647,-1.575135,1.14346,-0.9305948,0.16714311,-0.32566369,0
1.2620466,0.84131348,1.3142673,0.9305948,-0.16714311,0.32566369,0
0.25052452,-1.5793537,-0.38868451,0.11681145,-0.70755506,-0.69693702,0
0.92579752,-0.77427161,1.7256175,0.9305948,-0.16714311,0.32566369,0
1.1237849,1.3748765,0.85351139,-0.11681145,0.70755506,0.69693702,0
-1.8577783,-1.8551985,-0.0039331913,-0.9305948,0.16714311,-0.32566369,0
-0.44170821,2.6590679,-2.1708565,-0.9305948,0.16714311,-0.32566369,0
0.20570993,-2.69871,2.684988,0.9305948,-0.16714311,0.32566369,0
-0.48106563,-2.4799168,0.35027683,0.11681145,-0.70755506,-0.69693702,0
1.6603643,0.070777774,-0.15403214,0.9305948,-0.16714311,0.32566369,0
-2.1275005,-3.0887249,0.85065806,-0.34691304,-0.68660712,0.63892257,0
1.3698776,1.6304032,0.74609721,-0.11681145,0.70755506,0.69693702,0
-2.7654438,-1.4312406,2.4722071,-0.34691304,-0.68660712,0.63892257,0
1.3280538,0.61760533,-2.4404318,0.11681145,-0.70755506,-0.69693702,0
-0.28908777,-3.2775669,1.2527858,0.11681145,-0.70755506,-0.69693702,0
1.8982357,0.35448861,-0.38669038,0.9305948,-0.16714311,0.32566369,0
-0.68669868,-1.5262907,-0.79376531,0.11681145,-0.70755506,-0.69693702,0
-1.7213495,-0.32101464,0.037544124,-0.9305948,0.16714311,-0.32566369,0
-0.58149892,1.5252382,-2.0310624,-0.9305948,0.16714311,-0.32566369,0
-2.2737842,-1.0694175,1.2996253,-0.9305948,0.16714311,-0.32566369,0
0.49506807,1.2096369,1.1254913,-0.11681145,0.70755506,0.69693702,0
0.0058135986,-1.7416137,-0.36046612,0.11681145,-0.70755506,-0.69693702,0
0.67446196,-2.2180271,1.8120505,0.9305948,-0.16714311,0.32566369,0
0.55574989,-2.6628127,0.68918014,0.11681145,-0.70755506,-0.69693702,0
-0.14451802,-2.2811935,2.8879547,-0.34691304,-0.68660712,0.63892257,0
2.5668941,1.9337393,-1.6666889,0.9305948,-0.16714311,0.32566369,0
-0.56797314,-2.2220252,-0.016831398,0.11681145,-0.70755506,-0.69693702,0
-0.065673411,-0.16901278,2.2287486,-0.11681145,0.70755506,0.69693702,0
-1.118238,-2.2539902,2.4396539,-0.34691304,-0.68660712,0.63892257,0
-2.4036965,-0.66974628,1.852863,-0.9305948,0.16714311,-0.32566369,0
-2.3010573,-2.257834,1.8830144,-0.34691304,-0.68660712,0.63892257,0
-2.2174869,-1.1705447,2.8672764,-0.34691304,-0.68660712,0.63892257,0
-0.34791183,-2.286721,0.18136966,0.11681145,-0.70755506,-0.69693702,0
-0.60687017,1.5030997,0.54094332,-0.11681145,0.70755506,0.69693702,0
-1.0757451,1.2245955,-0.89474934,-0.9305948,0.16714311,-0.32566369,0
-1.7569249,-3.2654879,0.95969331,-0.34691304,-0.68660712,0.63892257,0
-0.4027378,-0.24280238,-1.9636753,0.11681145,-0.70755506,-0.69693702,0
-1.2443265,1.1475749,0.84678853,-0.11681145,0.70755506,0.69693702,0
0.18371105,2.7123039,-0.63972843,-0.11681145,0.70755506,0.69693702,0
0.045502126,0.50228208,1.7149392,-0.11681145,0.70755506,0.69693702,0
1.9962671,0.69384724,-2.4512949,0.11681145,-0.70755506,-0.69693702,0
-0.11308241,-2.3821919,0.12433362,0.11681145,-0.70755506,-0.69693702,0
0.089374661,0.88314229,1.2962047,-0.11681145,0.70755506,0.69693702,0
-0.10345218,0.29831779,-2.4562037,0.11681145,-0.70755506,-0.69693702,0
-0.66118491,-3.0950539,1.6729198,-0.34691304,-0.68660712,0.63892257,0
0.17969882,-1.5215847,3.2289772,0.9305948,-0.16714311,0.32566369,0
0.61628246,-3.2631683,1.3980091,0.9305948,-0.16714311,0.32566369,0
1.6170776,1.7472728,-2.7260852,0.34691304,0.68660712,-0.63892257,0
-0.2483418,-1.815914,-0.4738571,0.11681145,-0.70755506,-0.69693702,0
0.81288296,-0.52015454,-1.5181656,0.11681145,-0.70755506,-0.69693702,0
1.450407,2.5813284,-1.7749037,0.34691304,0.68660712,-0.63892257,0
2.2259798,3.0784802,-0.87785411,0.34691304,0.68660712,-0.63892257,0
-1.1604811,-1.8137401,2.9640822,-0.34691304,-0.68660712,0.63892257,0
-2.0684948,-2.5330241,1.4904619,-0.34691304,-0.68660712,0.63892257,0
-0.52076805,0.39723718,1.6323675,-0.11681145,0.70755506,0.69693702,0
2.404546,1.4113591,-2.5652514,0.34691304,0.68660712,-0.63892257,0
-2.2496865,-1.2811284,1.0733781,-0.9305948,0.16714311,-0.32566369,0
0.26229531,-2.038038,3.0082769,0.9305948,-0.16714311,0.32566369,0
1.380275,-1.3474665,-0.0021870136,0.9305948,-0.16714311,0.32566369,0
0.45460069,-2.0838714,0.081897855,0.11681145,-0.70755506,-0.69693702,0
-0.7124393,0.38235217,1.5644341,-0.11681145,0.70755506,0.69693702,0
1.5571647,1.8068026,-2.5423768,0.34691304,0.68660712,-0.63892257,0
0.83443195,0.27215624,-2.1753557,0.11681145,-0.70755506,-0.69693702,0
-0.24721511,-1.1804301,3.2825475,-0.11681145,0.70755506,0.69693702,0
0.4223938,3.0828619,-1.8968556,0.34691304,0.68660712,-0.63892257,0
0.011300206,2.656456,-2.7130413,0.34691304,0.68660712,-0.63892257,0
0.063845158,-3.2790284,1.8850137,-0.34691304,-0.68660712,0.63892257,0
-1.8535419,-0.37856245,0.48583785,-0.9305948,0.16714311,-0.32566369,0
-0.26881707,-2.6135883,2.4843905,-0.34691304,-0.68660712,0.63892257,0
1.6276371,1.6362083,-2.9309115,0.34691304,0.68660712,-0.63892257,0
0.93161678,-1.1772833,1.2890604,0.9305948,-0.16714311,0.32566369,0
-0.60505462,-2.5078449,2.6051617,-0.34691304,-0.68660712,0.63892257,0
1.8428793,-0.20980752,-0.65649092,0.9305948,-0.16714311,0.32566369,0
0.95003641,-0.33426905,-1.555974,0.11681145,-0.70755506,-0.69693702,0
-0.76599467,0.45085526,-2.1826789,-0.9305948,0.16714311,-0.32566369,0
-2.3266692,-2.6334636,1.3920856,-0.34691304,-0.68660712,0.63892257,0
0.3441304,-2.7247741,2.5231307,0.9305948,-0.16714311,0.32566369,0
-0.55269647,-3.0832415,1.014976,0.11681145,-0.70755506,-0.69693702,0
0.32573009,3.2323365,-1.7414927,0.34691304,0.68660712,-0.63892257,0
1.0556908,-1.8497,0.34016812,0.9305948,-0.16714311,0.32566369,0
2.2649803,2.4261546,-1.495456,0.34691304,0.68660712,-0.63892257,0
-1.6073582,0.60009062,0.0029606223,-0.9305948,0.16714311,-0.32566369,0
1.4163637,2.8757451,-0.44967687,-0.11681145,0.70755506,0.69693702,0
1.5425737,0.65656763,-2.4352944,0.11681145,-0.70755506,-0.69693702,0
-1.6299206,-2.4409029,1.9225192,-0.34691304,-0.68660712,0.63892257,0
-1.4021602,-1.784425,-0.60350883,0.11681145,-0.70755506,-0.69693702,0
1.1776031,1.4765223,0.97041237,-0.11681145,0.70755506,0.69693702,0
-2.3032415,-2.0563109,2.1384974,-0.34691304,-0.68660712,0.63892257,0
1.2891023,-0.31017685,0.75848526,0.9305948,-0.16714311,0.32566369,0
0.20922232,-2.2796991,3.0471725,0.9305948,-0.16714311,0.32566369,0
-0.078461528,-1.5802579,-0.60227364,0.11681145,-0.70755506,-0.69693702,0
2.0882699,0.57431149,-0.90383852,0.9305948,-0.16714311,0.32566369,0
-1.2182233,0.028551117,1.8791022,-0.11681145,0.70755506,0.69693702,0
0.049382925,-2.3501658,0.3672421,0.11681145,-0.70755506,-0.69693702,0
0.21595395,0.5186187,1.6677605,-0.11681145,0.70755506,0.69693702,0
0.31312728,-1.9200599,2.9771624,0.9305948,-0.16714311,0.32566369,0
-0.42701888,-0.21978819,2.3838065,-0.11681145,0.70755506,0.69693702,0
0.41931397,-1.5661571,2.8368707,0.9305948,-0.16714311,0.32566369,0
-0.67857039,0.66811216,1.3857352,-0.11681145,0.70755506,0.69693702,0
2.2532635,1.3612185,-2.9056787,0.34691304,0.68660712,-0.63892257,0
-1.5746815,-2.2120659,2.1867027,-0.34691304,-0.68660712,0.63892257,0
-2.6819739,-0.8202635,2.4747596,-0.9305948,0.16714311,-0.32566369,0
2.3547163,1.4743627,-2.5276036,0.34691304,0.68660712,-0.63892257,0
-2.0838609,-2.7736773,1.4135484,-0.34691304,-0.68660712,0.63892257,0
0.7908057,-1.6544514,-0.28659856,0.11681145,-0.70755506,-0.69693702,0
0.67167544,0.91114974,1.2389824,-0.11681145,0.70755506,0.69693702,0
-1.649357,0.65323317,0.54820079,-0.9305948,0.16714311,-0.32566369,0
1.5643661,1.9003475,-2.5215206,0.34691304,0.68660712,-0.63892257,0
1.1127294,2.5977612,-2.045119,0.34691304,0.68660712,-0.63892257,0
1.4810784,0.29846108,0.60914057,0.9305948,-0.16714311,0.32566369,0
-0.9024961,1.9727427,0.021288514,-0.11681145,0.70755506,0.69693702,0
-2.1704292,-3.1590853,0.68444085,0.11681145,-0.70755506,-0.69693702,0
-0.83804965,-0.041144609,-2.1649892,-0.9305948,0.16714311,-0.32566369,0
-1.0639311,2.1955543,-0.33596396,-0.9305948,0.16714311,-0.32566369,0
1.3260636,1.5834322,-3.1848168,0.34691304,0.68660712,-0.63892257,0
1.6371017,0.51085591,-2.2665873,0.11681145,-0.70755506,-0.69693702,0
-0.76237798,2.3972063,-1.0975356,-0.9305948,0.16714311,-0.32566369,0
1.0191015,1.3371344,-3.3431711,0.34691304,0.68660712,-0.63892257,0
-0.15214252,2.632468,-2.6765652,0.34691304,0.68660712,-0.63892257,0
1.0454588,-0.42097926,1.3802902,0.9305948,-0.16714311,0.32566369,0
1.9802136,1.8870348,-0.25998098,0.9305948,-0.16714311,0.32566369,0
-1.0058081,-0.81236076,-1.4115036,0.11681145,-0.70755506,-0.69693702,0
2.1560271,1.7694523,-0.86837465,0.9305948,-0.16714311,0.32566369,0
1.4367589,-1.4235642,0.014078617,0.9305948,-0.16714311,0.32566369,0
1.2480638,0.63616741,1.4891918,0.9305948,-0.16714311,0.32566369,0
0.48529196,2.8639069,-0.77686799,-0.11681145,0.70755506,0.69693702,0
-0.42924225,1.6465125,0.33983338,-0.11681145,0.70755506,0.69693702,0
-1.2498839,-1.3477507,-0.86876929,0.11681145,-0.70755506,-0.69693702,0
-1.3980062,-1.3613228,-1.0491452,-0.9305948,0.16714311,-0.32566369,0
-0.22369099,0.7212829,1.4160634,-0.11681145,0.70755506,0.69693702,0
0.87978864,-0.92067623,1.4773483,0.9305948,-0.16714311,0.32566369,0
-1.802078,-2.3054893,2.1264319,-0.34691304,-0.68660712,0.63892257,0
-2.2840161,-0.8189283,2.7181563,-0.11681145,0.70755506,0.69693702,0
-0.43377304,2.8187726,-2.2073939,-0.9305948,0.16714311,-0.32566369,0
1.3615129,-1.1463875,-0.76764691,0.11681145,-0.70755506,-0.69693702,0
-0.21156341,0.27060944,1.8426814,-0.11681145,0.70755506,0.69693702,0
1.0411152,1.4720181,-3.2849274,0.34691304,0.68660712,-0.63892257,0
-1.9945598,-1.4166511,0.50361145,-0.9305948,0.16714311,-0.32566369,0
0.28410101,1.7646992,0.35810828,-0.11681145,0.70755506,0.69693702,0
0.78798723,1.5779722,-3.3242829,0.34691304,0.68660712,-0.63892257,0
0.48905087,2.9313262,-2.1062589,0.34691304,0.68660712,-0.63892257,0
1.7466041,1.2365588,0.0099737644,0.9305948,-0.16714311,0.32566369,0
2.4824779,1.1545827,-1.9707583,0.9305948,-0.16714311,0.32566369,0
1.6042545,1.5043905,0.91443747,0.9305948,-0.16714311,0.32566369,0
0.63470042,2.7801719,-2.0498915,0.34691304,0.68660712,-0.63892257,0
-2.2315528,-2.8734784,1.2952898,-0.34691304,-0.68660712,0.63892257,0
-2.0098028,-2.5202415,1.6065645,-0.34691304,-0.68660712,0.63892257,0
2.7042942,1.082576,-2.474123,0.9305948,-0.16714311,0.32566369,0
-0.23358452,1.40659,0.55486715,-0.11681145,0.70755506,0.69693702,0
-1.0755953,-0.6920507,-1.6713719,0.11681145,-0.70755506,-0.69693702,0
-1.4678845,0.3641403,1.5247524,-0.11681145,0.70755506,0.69693702,0
-2.2835462,-2.7202234,1.1768241,-0.34691304,-0.68660712,0.63892257,0
0.37670445,-3.1273835,1.964591,0.9305948,-0.16714311,0.32566369,0
-0.42421579,3.2463953,-1.9653548,-0.9305948,0.16714311,-0.32566369,0
-1.5929658,0.25116467,-0.1843245,-0.9305948,0.16714311,-0.32566369,0
0.19282722,-1.0976981,-1.1183023,0.11681145,-0.70755506,-0.69693702,0
-2.4811466,-2.0770221,1.7795887,-0.34691304,-0.68660712,0.63892257,0
-2.1442716,-2.4806967,0.42500353,-0.9305948,0.16714311,-0.32566369,0
1.4201295,3.2448094,-1.1488845,0.34691304,0.68660712,-0.63892257,0
0.43100888,2.2643423,-2.8924823,0.34691304,0.68660712,-0.63892257,0
-2.2536831,-0.38029468,1.3952701,-0.9305948,0.16714311,-0.32566369,0
1.886728,0.76379716,-0.16222116,0.9305948,-0.16714311,0.32566369,0
0.079089165,2.2218444,-0.056270361,-0.11681145,0.70755506,0.69693702,0
1.6664624,2.4648323,-0.05673492,-0.11681145,0.70755506,0.69693702,0
1.7192677,2.0312531,-2.3168256,0.34691304,0.68660712,-0.63892257,0
-2.3838601,-1.1044048,1.5355374,-0.9305948,0.16714311,-0.32566369,0
-1.1727171,0.50807238,-1.2959799,-0.9305948,0.16714311,-0.32566369,0
-1.6837411,-0.41188896,0.22895356,-0.9305948,0.16714311,-0.32566369,0
0.66201377,1.5471325,0.72264254,-0.11681145,0.70755506,0.69693702,0
-2.5957038,-1.8267295,2.2111833,-0.34691304,-0.68660712,0.63892257,0
-2.2283924,-1.7344481,2.4010532,-0.34691304,-0.68660712,0.63892257,0
-2.164149,-2.8193221,1.1586845,-0.34691304,-0.68660712,0.63892257,0
0.92547953,-0.22918451,1.7404776,0.9305948,-0.16714311,0.32566369,0
1.1049175,0.14341244,-2.1543975,0.11681145,-0.70755506,-0.69693702,0
0.67961717,-1.04871,2.0310297,0.9305948,-0.16714311,0.32566369,0
-2.0593479,0.40445411,1.5247078,-0.11681145,0.70755506,0.69693702,0
-0.1829509,1.1224182,-3.2942488,-0.9305948,0.16714311,-0.32566369,0
-0.86809254,-3.5117421,1.3540602,-0.34691304,-0.68660712,0.63892257,0
-1.0098011,-0.57075286,-1.6540022,0.11681145,-0.70755506,-0.69693702,0
0.92498648,-1.8401079,1.1795121,0.9305948,-0.16714311,0.32566369,0
0.19133985,2.2455642,-2.9243004,0.34691304,0.68660712,-0.63892257,0
-1.0124449,0.64188039,1.2096224,-0.11681145,0.70755506,0.69693702,0
-1.3639545,-2.8462031,1.5837754,-0.34691304,-0.68660712,0.63892257,0
1.8638624,1.8748493,0.12739748,0.9305948,-0.16714311,0.32566369,0
-0.81913114,-3.2909598,1.4543072,-0.34691304,-0.68660712,0.63892257,0
-2.6998816,-1.2997279,2.6877432,-0.34691304,-0.68660712,0.63892257,0
-1.6880713,-1.3112813,3.1127436,-0.11681145,0.70755506,0.69693702,0
1.1033555,-1.2392013,0.8172285,0.9305948,-0.16714311,0.32566369,0
-0.13266098,-1.9968052,3.175652,-0.34691304,-0.68660712,0.63892257,0
-2.3419452,-1.3779913,2.6989481,-0.34691304,-0.68660712,0.63892257,0
1.3954051,1.3908598,-3.362118,0.34691304,0.68660712,-0.63892257,0
1.0227971,-1.0915699,-0.93119699,0.11681145,-0.70755506,-0.69693702,0
1.2616053,-0.8561933,-0.99817491,0.11681145,-0.70755506,-0.69693702,0
0.31087899,2.603683,-0.57050169,-0.11681145,0.70755506,0.69693702,0
-2.0408981,-0.80685389,0.56191611,-0.9305948,0.16714311,-0.32566369,0
-0.93529487,2.6351023,-0.85897148,-0.9305948,0.16714311,-0.32566369,0
-1.368736,-0.48321187,-0.96087921,-0.9305948,0.16714311,-0.32566369,0
-2.0950384,-3.0510755,0.46082509,0.11681145,-0.70755506,-0.69693702,0
-0.32098466,-2.2051611,2.8839438,-0.34691304,-0.68660712,0.63892257,0
2.1787033,2.1461911,-1.8556914,0.34691304,0.68660712,-0.63892257,0
-2.4363332,-2.2746387,1.3900436,-0.9305948,0.16714311,-0.32566369,0
-2.1698461,-0.3211776,1.6672786,-0.9305948,0.16714311,-0.32566369,0
-1.0927813,1.1301432,-0.96607101,-0.9305948,0.16714311,-0.32566369,0
-0.15808606,3.1152751,-2.2571096,0.34691304,0.68660712,-0.63892257,0
0.28548434,-1.1594318,3.1754282,0.9305948,-0.16714311,0.32566369,0
-1.7163635,-1.5149496,2.8091621,-0.34691304,-0.68660712,0.63892257,0
2.054764,0.59466529,-0.78010434,0.9305948,-0.16714311,0.32566369,0
1.261772,3.2468433,-1.1483803,0.34691304,0.68660712,-0.63892257,0
-1.0216612,2.3252995,-0.46164262,-0.11681145,0.70755506,0.69693702,0
-1.836267,-0.14987731,0.33504087,-0.9305948,0.16714311,-0.32566369,0
2.0925424,0.51732373,-1.1817352,0.9305948,-0.16714311,0.32566369,0
-2.384515,-0.47375011,2.2274935,-0.11681145,0.70755506,0.69693702,0
0.69728184,-0.63527679,2.1402996,0.9305948,-0.16714311,0.32566369,0
-0.41621733,3.4541819,-1.4410119,-0.11681145,0.70755506,0.69693702,0
-2.322948,-3.1044207,0.76479638,-0.34691304,-0.68660712,0.63892257,0
-2.1886706,-2.0888214,0.78345656,-0.9305948,0.16714311,-0.32566369,0
-0.51889366,0.092665911,-2.2709804,0.11681145,-0.70755506,-0.69693702,0
0.069256663,-2.1817346,3.0876765,-0.34691304,-0.68660712,0.63892257,0
1.8269447,0.057046413,-1.9816399,0.11681145,-0.70755506,-0.69693702,0
2.497704,1.9492681,-1.8869424,0.34691304,0.68660712,-0.63892257,0
-1.9250035,-0.33264196,0.73664737,-0.9305948,0.16714311,-0.32566369,0
-1.5360918,-1.239218,-1.0229576,-0.9305948,0.16714311,-0.32566369,0
-0.67639893,-0.88634682,-1.4253101,0.11681145,-0.70755506,-0.69693702,0
-1.0770416,-0.96243924,3.0413389,-0.11681145,0.70755506,0.69693702,0
-0.76675397,-1.0035748,3.1372285,-0.11681145,0.70755506,0.69693702,0
1.8180072,2.2154548,-2.2060301,0.34691304,0.68660712,-0.63892257,0
1.3029963,0.61799717,-2.6923518,0.11681145,-0.70755506,-0.69693702,0
-0.42464924,-1.0503628,-1.2068545,0.11681145,-0.70755506,-0.69693702,0
2.4686325,1.3404436,-2.7758098,0.34691304,0.68660712,-0.63892257,0
0.23161745,-2.0426006,2.8734581,0.9305948,-0.16714311,0.32566369,0
-1.4370351,-0.10321927,-0.61773443,-0.9305948,0.16714311,-0.32566369,0
-0.0040779114,2.1534088,-3.1490946,0.34691304,0.68660712,-0.63892257,0
-0.217628,-3.3315535,1.8704755,-0.34691304,-0.68660712,0.63892257,0
-0.65628856,-2.1013045,2.9554696,-0.34691304,-0.68660712,0.63892257,0
-2.1151416,-3.2707679,0.83053732,-0.34691304,-0.68660712,0.63892257,0
-2.4103651,-1.562191,2.4986663,-0.34691304,-0.68660712,0.63892257,0
1.8949598,1.1803715,-0.14021856,0.9305948,-0.16714311,0.32566369,0
-1.6916872,-0.41431746,2.1539524,-0.11681145,0.70755506,0.69693702,0
-0.68700027,-3.3451219,1.5476124,-0.34691304,-0.68660712,0.63892257,0
1.3603756,3.4013259,-1.0699023,0.34691304,0.68660712,-0.63892257,0
-1.3078067,-2.1828299,-0.020327687,0.11681145,-0.70755506,-0.69693702,0
-1.7497853,-3.2817807,1.1144463,-0.34691304,-0.68660712,0.63892257,0
-2.2349548,-2.600194,1.4686652,-0.34691304,-0.68660712,0.63892257,0
0.22955632,-0.59850842,-1.5408182,0.11681145,-0.70755506,-0.69693702,0
-1.4141912,-2.0753622,-0.38231236,0.11681145,-0.70755506,-0.69693702,0
-1.7111613,0.065721393,0.26168951,-0.9305948,0.16714311,-0.32566369,0
0.64194155,-3.0264609,1.0692273,0.11681145,-0.70755506,-0.69693702,0
1.3204253,0.98649818,-2.8804843,0.11681145,-0.70755506,-0.69693702,0
2.2405615,2.3949087,-0.40932798,0.9305948,-0.16714311,0.32566369,0
-1.9715213,-3.3371749,0.86121643,-0.34691304,-0.68660712,0.63892257,0
-0.3006475,3.1641049,-2.1852374,-0.9305948,0.16714311,-0.32566369,0
0.53665614,-0.44829488,-1.5931362,0.11681145,-0.70755506,-0.69693702,0
1.6673054,3.0938635,-1.1231332,0.34691304,0.68660712,-0.63892257,0
-0.21806669,3.1959543,-2.0703392,0.34691304,0.68660712,-0.63892257,0
0.55983287,-1.414483,2.0049028,0.9305948,-0.16714311,0.32566369,0
-2.1220613,-0.53379518,2.3248761,-0.11681145,0.70755506,0.69693702,0
-1.2427744,-0.15830027,2.1489556,-0.11681145,0.70755506,0.69693702,0
1.0116019,-1.3447608,1.0496879,0.9305948,-0.16714311,0.32566369,0
-0.91571116,2.0225501,-0.6882261,-0.9305948,0.16714311,-0.32566369,0
1.5035311,3.1104288,-0.82783854,-0.11681145,0.70755506,0.69693702,0
-0.82743812,2.3295398,-0.92545676,-0.9305948,0.16714311,-0.32566369,0
0.68017054,2.020386,0.26798642,-0.11681145,0.70755506,0.69693702,0
1.9095484,2.2588542,-2.0880733,0.34691304,0.68660712,-0.63892257,0
-1.1455882,-0.30665302,-1.7488662,-0.9305948,0.16714311,-0.32566369,0
2.3674543,2.7815237,-0.54365659,0.9305948,-0.16714311,0.32566369,0
1.9659789,2.9439187,-1.2441245,0.34691304,0.68660712,-0.63892257,0
-0.72983742,2.9674811,-0.93266559,-0.11681145,0.70755506,0.69693702,0
-0.68529427,-1.9691144,2.9755442,-0.34691304,-0.68660712,0.63892257,0
0.87579978,2.2214561,-2.6357059,0.34691304,0.68660712,-0.63892257,0
-1.3353591,0.90106958,-0.026494205,-0.9305948,0.16714311,-0.32566369,0
0.81984854,0.84396005,1.3680406,-0.11681145,0.70755506,0.69693702,0
-0.2435073,-1.3940307,3.5542903,-0.11681145,0.70755506,0.69693702,0
0.090836287,0.61330706,1.6099677,-0.11681145,0.70755506,0.69693702,0
-0.59200835,2.9747329,-1.6779664,-0.9305948,0.16714311,-0.32566369,0
-1.9979916,-0.94563246,2.6340253,-0.11681145,0.70755506,0.69693702,0
-0.65710849,-2.3196311,2.6677625,-0.34691304,-0.68660712,0.63892257,0
-0.65429473,0.91334307,1.0538137,-0.11681145,0.70755506,0.69693702,0
0.95087826,2.8355138,-2.0077333,0.34691304,0.68660712,-0.63892257,0
-1.2204385,1.1800134,-0.56708044,-0.9305948,0.16714311,-0.32566369,0
1.8772638,1.4215553,-3.0520947,0.34691304,0.68660712,-0.63892257,0
1.3868699,0.34894812,1.1243906,0.9305948,-0.16714311,0.32566369,0
2.5273471,1.6593072,-2.2606039,0.34691304,0.68660712,-0.63892257,0
2.4564176,2.058948,-1.6149881,0.9305948,-0.16714311,0.32566369,0
2.3399844,2.9266152,-1.1045008,0.34691304,0.68660712,-0.63892257,0
1.8711461,1.4725701,0.2731266,0.9305948,-0.16714311,0.32566369,0
1.6485968,-0.087605357,0.14891946,0.9305948,-0.16714311,0.32566369,0
-0.34938765,0.77576852,-3.0169878,0.11681145,-0.70755506,-0.69693702,0
