3.0889826,0.30997804,-0.83361244,0.27615952,-0.37685108,-0.88414884,0
-2.9402428,-1.313673,0.90965629,-0.93074477,-0.33427641,-0.14823484,0
-2.2121634,-2.4740117,-0.10457158,0.23968768,-0.86385334,0.44306576,0
1.1319065,-0.21878302,2.1155429,-0.27615952,0.37685108,0.88414884,0
-2.8572562,-1.4657232,0.68696713,-0.93074477,-0.33427641,-0.14823484,0
2.7060151,1.3965142,-0.46127987,0.93074477,0.33427641,0.14823484,0
-1.1845546,-1.1947823,1.644364,0.23968768,-0.86385334,0.44306576,0
-3.2927423,0.096858025,-0.33752441,-0.93074477,-0.33427641,-0.14823484,0
-1.2570168,-2.5438128,-0.69128537,0.23968768,-0.86385334,0.44306576,0
2.9515116,-0.19107556,1.3790449,0.23968768,-0.86385334,0.44306576,0
2.4110706,1.6426091,1.3591568,0.93074477,0.33427641,0.14823484,0
3.1050665,-0.18021572,1.0021806,0.93074477,0.33427641,0.14823484,0
-1.3284239,-1.8884335,0.22052503,0.23968768,-0.86385334,0.44306576,0
2.2764127,2.1211321,0.94578981,0.93074477,0.33427641,0.14823484,0
3.1407921,0.058658063,0.12951183,0.93074477,0.33427641,0.14823484,0
2.9804351,0.94893515,-0.71696544,0.93074477,0.33427641,0.14823484,0
-1.0192243,1.3245709,0.74753332,-0.27615952,0.37685108,0.88414884,0
0.24740386,1.7310228,-0.36653078,-0.23968768,0.86385334,-0.44306576,0
2.0404003,2.2581022,-0.016756535,-0.23968768,0.86385334,-0.44306576,0
-2.2955065,-2.2735012,0.23585415,0.23968768,-0.86385334,0.44306576,0
0.031776905,0.019454598,-1.616775,0.27615952,-0.37685108,-0.88414884,0
0.11661696,-0.73583364,1.8978903,0.23968768,-0.86385334,0.44306576,0
1.8969759,-0.82436663,-0.69047242,0.27615952,-0.37685108,-0.88414884,0
-0.3707087,1.3192964,-0.50274289,-0.23968768,0.86385334,-0.44306576,0
0.13852894,1.4130931,-0.5078941,-0.23968768,0.86385334,-0.44306576,0
3.0181451,0.95375842,-0.29602337,0.93074477,0.33427641,0.14823484,0
3.2193046,-0.36042506,-0.58264828,0.27615952,-0.37685108,-0.88414884,0
0.62668705,0.2919153,1.7750763,-0.27615952,0.37685108,0.88414884,0
2.3250463,1.9463735,0.67719293,0.93074477,0.33427641,0.14823484,0
0.84380072,-1.4400192,-0.7426461,0.27615952,-0.37685108,-0.88414884,0
-2.1284297,-2.7287581,-1.1448874,-0.93074477,-0.33427641,-0.14823484,0
-0.070225567,-1.0909231,-1.3486167,0.27615952,-0.37685108,-0.88414884,0
-0.068455398,-1.8056692,-0.17611241,0.23968768,-0.86385334,0.44306576,0
0.78339863,-0.49276185,1.8460777,0.23968768,-0.86385334,0.44306576,0
-2.5864174,-0.88442159,-1.4065583,-0.93074477,-0.33427641,-0.14823484,0
3.0950844,0.67102236,-0.90248585,0.93074477,0.33427641,0.14823484,0
2.715147,1.8482251,-0.76216817,0.93074477,0.33427641,0.14823484,0
0.11232412,-1.3874294,0.42749619,0.23968768,-0.86385334,0.44306576,0
2.2219148,1.7748821,-1.0820467,-0.23968768,0.86385334,-0.44306576,0
3.062711,0.76328492,-0.69113827,0.93074477,0.33427641,0.14823484,0
2.1467791,2.4559817,1.0260251,0.93074477,0.33427641,0.14823484,0
-1.3106723,0.69575888,-1.493057,-0.23968768,0.86385334,-0.44306576,0
0.080517948,-1.6768177,-0.14547908,0.23968768,-0.86385334,0.44306576,0
-0.036794662,-1.3435004,0.68128961,0.23968768,-0.86385334,0.44306576,0
1.5031666,-1.4409381,-0.42413497,0.23968768,-0.86385334,0.44306576,0
-2.9115062,-0.77300453,-0.58504844,-0.93074477,-0.33427641,-0.14823484,0
2.999733,-0.4470998,1.0505987,0.23968768,-0.86385334,0.44306576,0
2.4976547,1.4182488,-1.6201115,0.27615952,-0.37685108,-0.88414884,0
-1.9367373,-2.4689956,-0.38068104,0.23968768,-0.86385334,0.44306576,0
1.3482482,1.0687554,1.6884799,-0.27615952,0.37685108,0.88414884,0
-3.262722,0.15678173,-0.0018193722,-0.93074477,-0.33427641,-0.14823484,0
-2.8412738,0.89806259,-0.13281095,-0.23968768,0.86385334,-0.44306576,0
0.38920036,-1.117449,-1.1429503,0.27615952,-0.37685108,-0.88414884,0
-3.2332201,0.01764369,0.20423555,-0.93074477,-0.33427641,-0.14823484,0
-2.3029819,0.073565364,-1.7716866,-0.23968768,0.86385334,-0.44306576,0
2.3226097,2.3893828,0.42711568,0.93074477,0.33427641,0.14823484,0
2.6804819,1.6693547,-0.87135863,0.93074477,0.33427641,0.14823484,0
-2.7072954,-1.683938,0.043083191,-0.93074477,-0.33427641,-0.14823484,0
1.3547924,2.2860639,0.5497582,-0.23968768,0.86385334,-0.44306576,0
-2.47085,-0.95609677,-1.9017664,-0.93074477,-0.33427641,-0.14823484,0
1.969566,0.86453509,2.0386369,-0.27615952,0.37685108,0.88414884,0
-2.5846193,0.62237531,-0.98746955,-0.23968768,0.86385334,-0.44306576,0
1.7412139,1.4758711,-1.456501,-0.23968768,0.86385334,-0.44306576,0
1.8976285,0.70982385,2.0353558,-0.27615952,0.37685108,0.88414884,0
-1.6513243,-2.675452,-0.9590683,0.23968768,-0.86385334,0.44306576,0
-2.6157489,-0.211972,-2.3635154,-0.23968768,0.86385334,-0.44306576,0
0.59909266,0.15150988,-1.6169231,0.27615952,-0.37685108,-0.88414884,0
-1.146239,1.0600564,0.93281502,-0.27615952,0.37685108,0.88414884,0
-3.5470848,0.68529117,0.23076415,-0.93074477,-0.33427641,-0.14823484,0
3.0386753,0.038253784,1.7248747,0.93074477,0.33427641,0.14823484,0
2.4259791,0.59509706,2.1830828,-0.27615952,0.37685108,0.88414884,0
-0.93152416,-1.7043107,-1.1511331,0.27615952,-0.37685108,-0.88414884,0
0.83098722,0.64022183,1.6764513,-0.27615952,0.37685108,0.88414884,0
2.7602546,0.0070353113,-0.76218534,0.27615952,-0.37685108,-0.88414884,0
2.8917987,0.74863696,1.0072644,0.93074477,0.33427641,0.14823484,0
2.4765799,1.4665306,1.5907576,0.93074477,0.33427641,0.14823484,0
2.6912045,-0.5058744,0.90722919,0.23968768,-0.86385334,0.44306576,0
-0.63592911,-1.3852438,-1.4011509,0.27615952,-0.37685108,-0.88414884,0
-2.1672859,0.92394686,-0.22154808,-0.23968768,0.86385334,-0.44306576,0
0.39241105,2.0301046,0.22731423,-0.23968768,0.86385334,-0.44306576,0
1.6087669,-1.4062408,-0.68638915,0.27615952,-0.37685108,-0.88414884,0
1.3010145,-0.68028587,1.4088291,0.23968768,-0.86385334,0.44306576,0
-2.8981791,-1.2056185,0.30153656,-0.93074477,-0.33427641,-0.14823484,0
-0.81031036,0.92094916,0.99304414,-0.27615952,0.37685108,0.88414884,0
-1.8017079,1.2273061,-0.09304589,-0.23968768,0.86385334,-0.44306576,0
0.43745327,-1.5813228,0.050122678,0.23968768,-0.86385334,0.44306576,0
1.6307662,-1.4827228,-0.53571361,0.27615952,-0.37685108,-0.88414884,0
2.3812931,-0.8348037,0.44619763,0.23968768,-0.86385334,0.44306576,0
-2.0860927,-2.4317341,-0.10898185,0.23968768,-0.86385334,0.44306576,0
3.4636195,-0.19459866,-0.48864412,0.93074477,0.33427641,0.14823484,0
1.0045693,0.43050188,-1.521682,0.27615952,-0.37685108,-0.88414884,0
-0.73330146,-2.3178401,-0.75877821,0.23968768,-0.86385334,0.44306576,0
2.6135042,1.4282794,0.78890324,0.93074477,0.33427641,0.14823484,0
-0.45975977,-2.1472123,-0.44916439,0.23968768,-0.86385334,0.44306576,0
1.3406901,0.80755556,1.6601585,-0.27615952,0.37685108,0.88414884,0
-0.96584809,1.8002474,0.6016947,-0.23968768,0.86385334,-0.44306576,0
0.84471202,0.60064411,1.6030077,-0.27615952,0.37685108,0.88414884,0
3.3001189,-0.48214042,0.86697698,0.93074477,0.33427641,0.14823484,0
3.131139,0.06668973,0.70112252,0.93074477,0.33427641,0.14823484,0
-1.7739278,-1.4932028,-1.6094334,0.27615952,-0.37685108,-0.88414884,0
-1.8660138,-1.9548937,0.60446477,0.23968768,-0.86385334,0.44306576,0
2.245183,2.4757824,1.1903906,0.93074477,0.33427641,0.14823484,0
-2.3667624,-1.3898135,-1.7571347,-0.93074477,-0.33427641,-0.14823484,0
3.3304803,-0.12665732,-0.52162695,0.93074477,0.33427641,0.14823484,0
-2.72575,-0.74100542,-1.6656418,-0.93074477,-0.33427641,-0.14823484,0
2.2820368,-1.1192136,-0.50684202,0.27615952,-0.37685108,-0.88414884,0
0.13978274,1.3571408,1.1285638,-0.27615952,0.37685108,0.88414884,0
-2.2505755,-1.209334,-1.8029267,0.27615952,-0.37685108,-0.88414884,0
-2.4773924,-1.7884837,-1.200218,-0.93074477,-0.33427641,-0.14823484,0
2.9829857,1.1973168,-0.67347717,0.93074477,0.33427641,0.14823484,0
2.412225,0.047297239,2.1013818,0.23968768,-0.86385334,0.44306576,0
-1.390402,-1.6522418,-1.51174,0.27615952,-0.37685108,-0.88414884,0
2.839761,0.69497085,0.88905263,0.93074477,0.33427641,0.14823484,0
-2.1934743,-2.7160385,-0.88315201,-0.93074477,-0.33427641,-0.14823484,0
1.5713438,-0.19429183,2.2556272,-0.27615952,0.37685108,0.88414884,0
-1.4461381,-1.7768717,0.55254078,0.23968768,-0.86385334,0.44306576,0
-2.8434458,-0.87348086,-0.57232141,-0.93074477,-0.33427641,-0.14823484,0
1.3524846,-0.54567826,1.5459096,0.23968768,-0.86385334,0.44306576,0
3.2167962,-0.24442661,1.0842638,0.93074477,0.33427641,0.14823484,0
3.1975369,0.19307187,-0.34578967,0.93074477,0.33427641,0.14823484,0
1.8998985,0.6655798,2.1016488,-0.27615952,0.37685108,0.88414884,0
0.90179127,-0.78102475,-1.1397176,0.27615952,-0.37685108,-0.88414884,0
-0.33314776,0.55232346,-1.9066434,-0.23968768,0.86385334,-0.44306576,0
-0.79434997,-0.57354367,-1.7529562,0.27615952,-0.37685108,-0.88414884,0
1.3419454,1.3914995,-1.5197916,-0.23968768,0.86385334,-0.44306576,0
-0.18389404,-2.0978458,-0.43176341,0.23968768,-0.86385334,0.44306576,0
-2.6300576,-1.0722781,-1.2735806,-0.93074477,-0.33427641,-0.14823484,0
-0.77292144,1.1641167,0.89509404,-0.27615952,0.37685108,0.88414884,0
1.8079267,-0.61309975,-0.82368028,0.27615952,-0.37685108,-0.88414884,0
-0.8446734,-1.3823133,1.3127004,0.23968768,-0.86385334,0.44306576,0
-2.9906397,-1.3528967,1.2198842,-0.93074477,-0.33427641,-0.14823484,0
1.2599145,0.98956275,1.7563024,-0.27615952,0.37685108,0.88414884,0
-3.1663177,1.0082346,0.1653986,-0.23968768,0.86385334,-0.44306576,0
-1.4142754,-2.5780613,-1.1455536,0.27615952,-0.37685108,-0.88414884,0
-0.010457039,1.6206359,-0.1500324,-0.23968768,0.86385334,-0.44306576,0
0.9823032,1.5054598,-1.0038226,-0.23968768,0.86385334,-0.44306576,0
-1.2147102,1.3281418,-0.17296839,-0.23968768,0.86385334,-0.44306576,0
0.4783994,-0.96637416,1.0540862,0.23968768,-0.86385334,0.44306576,0
3.4834623,-0.79436839,-0.21449614,0.23968768,-0.86385334,0.44306576,0
-1.4672172,0.87364209,-1.0500305,-0.23968768,0.86385334,-0.44306576,0
-0.51762301,1.2860036,-0.41104934,-0.23968768,0.86385334,-0.44306576,0
2.2085838,2.0111582,1.353874,0.93074477,0.33427641,0.14823484,0
3.0776331,0.09105444,0.95287514,0.93074477,0.33427641,0.14823484,0
1.4885113,-1.3830051,-0.062837273,0.23968768,-0.86385334,0.44306576,0
2.6868615,1.9372046,-0.8447175,0.93074477,0.33427641,0.14823484,0
2.955461,0.1386652,1.9003989,0.23968768,-0.86385334,0.44306576,0
-2.4877172,-1.4989135,-0.6718688,-0.93074477,-0.33427641,-0.14823484,0
-1.9776261,-2.4665442,-0.282511,0.23968768,-0.86385334,0.44306576,0
3.1214437,0.7797333,-0.95211649,0.93074477,0.33427641,0.14823484,0
2.9973321,0.40068769,0.38340044,0.93074477,0.33427641,0.14823484,0
-2.4873466,-1.6409202,-0.37399769,-0.93074477,-0.33427641,-0.14823484,0
-2.0455394,0.78032911,0.73899257,-0.27615952,0.37685108,0.88414884,0
2.2723815,-0.53920346,-0.78011453,0.27615952,-0.37685108,-0.88414884,0
-0.025788218,1.1436615,1.2437328,-0.27615952,0.37685108,0.88414884,0
-2.1536648,-2.3238981,-1.0565217,-0.93074477,-0.33427641,-0.14823484,0
-2.2489362,-1.6155934,1.6534159,0.23968768,-0.86385334,0.44306576,0
2.4480894,1.2750127,1.930549,0.93074477,0.33427641,0.14823484,0
0.48694727,1.9585103,0.97206402,-0.27615952,0.37685108,0.88414884,0
-2.5398295,-1.2836405,-1.7283306,-0.93074477,-0.33427641,-0.14823484,0
0.34337914,-1.9443568,-0.40697122,0.23968768,-0.86385334,0.44306576,0
2.7280996,0.80610549,1.3155401,0.93074477,0.33427641,0.14823484,0
3.1841769,0.10693622,-0.50655532,0.93074477,0.33427641,0.14823484,0
-1.8901973,-2.6630061,-0.76366901,0.23968768,-0.86385334,0.44306576,0
-1.0758338,0.40681863,-2.107213,-0.23968768,0.86385334,-0.44306576,0
0.34891605,1.0604246,-1.4669997,-0.23968768,0.86385334,-0.44306576,0
2.0416672,0.92154354,-1.5219772,0.27615952,-0.37685108,-0.88414884,0
-0.14535552,1.9595747,0.57468271,-0.23968768,0.86385334,-0.44306576,0
-2.3770049,-1.7174698,1.3142912,0.23968768,-0.86385334,0.44306576,0
2.6318154,-0.19094515,1.5746762,0.23968768,-0.86385334,0.44306576,0
-2.6465364,-2.0325651,0.6049397,-0.93074477,-0.33427641,-0.14823484,0
-2.6641605,-1.4527906,1.5953677,-0.27615952,0.37685108,0.88414884,0
2.8260212,0.027221873,-0.89618754,0.27615952,-0.37685108,-0.88414884,0
-0.73717541,-0.20091647,1.4799604,-0.27615952,0.37685108,0.88414884,0
-1.2836144,-1.0913965,1.7411373,-0.27615952,0.37685108,0.88414884,0
-3.0690916,-0.057330132,-0.46249723,-0.93074477,-0.33427641,-0.14823484,0
-2.7628434,-0.21718264,-1.9052995,-0.93074477,-0.33427641,-0.14823484,0
-0.73263115,-1.7524192,0.56179225,0.23968768,-0.86385334,0.44306576,0
-0.65000939,0.93414903,-1.3255435,-0.23968768,0.86385334,-0.44306576,0
-1.7313583,1.4128008,0.082184255,-0.23968768,0.86385334,-0.44306576,0
-3.0305276,0.093798995,-1.6069961,-0.93074477,-0.33427641,-0.14823484,0
-2.7912431,-1.402565,0.33387089,-0.93074477,-0.33427641,-0.14823484,0
-2.620182,-0.9243629,-1.8499063,-0.93074477,-0.33427641,-0.14823484,0
-2.9310813,-1.606566,1.1242969,-0.93074477,-0.33427641,-0.14823484,0
2.437614,1.6347699,1.2002318,0.93074477,0.33427641,0.14823484,0
-0.21947134,0.68394619,-1.799787,-0.23968768,0.86385334,-0.44306576,0
0.68714893,2.3838675,0.71797502,-0.23968768,0.86385334,-0.44306576,0
-2.7312806,0.32543111,-1.1368939,-0.23968768,0.86385334,-0.44306576,0
2.1374261,2.07758,1.4184728,-0.27615952,0.37685108,0.88414884,0
2.9652059,-0.039712787,1.0816664,0.93074477,0.33427641,0.14823484,0
3.3995192,-0.32505456,-0.30404782,0.93074477,0.33427641,0.14823484,0
0.70983684,1.1252875,-1.8009388,-0.23968768,0.86385334,-0.44306576,0
0.24731255,-0.3042562,1.9465169,-0.27615952,0.37685108,0.88414884,0
-1.6076216,1.206822,0.66638225,-0.27615952,0.37685108,0.88414884,0
-2.8193123,-1.2847557,0.84170628,-0.93074477,-0.33427641,-0.14823484,0
-2.488369,-2.0788574,0.68301344,0.23968768,-0.86385334,0.44306576,0
-0.85692585,-1.4742928,0.90530932,0.23968768,-0.86385334,0.44306576,0
-1.9556589,0.5310033,0.95414424,-0.27615952,0.37685108,0.88414884,0
0.22498125,-1.2320437,-1.1033906,0.27615952,-0.37685108,-0.88414884,0
-1.1092881,-0.88574719,-1.5678909,0.27615952,-0.37685108,-0.88414884,0
2.886764,1.119616,-0.039386749,0.93074477,0.33427641,0.14823484,0
2.7744703,0.39023066,1.9037533,0.93074477,0.33427641,0.14823484,0
-1.4651477,-1.437104,-1.5757552,0.27615952,-0.37685108,-0.88414884,0
-0.18589395,0.63140196,1.3235576,-0.27615952,0.37685108,0.88414884,0
3.2738855,-0.34679878,0.73039269,0.93074477,0.33427641,0.14823484,0
-0.47961599,-2.0509024,-0.44609511,0.23968768,-0.86385334,0.44306576,0
2.4100428,2.2700865,-0.24411702,0.93074477,0.33427641,0.14823484,0
2.0786133,-0.67232901,-0.81438255,0.27615952,-0.37685108,-0.88414884,0
1.7864132,2.0190196,1.4558272,-0.27615952,0.37685108,0.88414884,0
0.95733505,0.28950185,-1.5092051,0.27615952,-0.37685108,-0.88414884,0
-3.1661594,0.37688434,-1.0437379,-0.23968768,0.86385334,-0.44306576,0
-1.2424579,-0.60863125,-1.7758178,0.27615952,-0.37685108,-0.88414884,0
-2.6688843,-1.4210896,-0.52295899,-0.93074477,-0.33427641,-0.14823484,0
-3.1288943,0.84026819,0.12229681,-0.23968768,0.86385334,-0.44306576,0
-2.9847744,-1.185359,1.1220152,-0.93074477,-0.33427641,-0.14823484,0
2.9043107,0.097059049,-0.7490716,0.27615952,-0.37685108,-0.88414884,0
-2.39236,-2.0942907,-1.0342801,-0.93074477,-0.33427641,-0.14823484,0
2.353883,2.2236788,-0.13563991,0.93074477,0.33427641,0.14823484,0
-2.6268167,0.91916645,0.5953393,-0.27615952,0.37685108,0.88414884,0
2.6291327,1.6286268,0.07664156,0.93074477,0.33427641,0.14823484,0
2.7295861,-0.69737446,0.7727437,0.23968768,-0.86385334,0.44306576,0
-3.2923369,0.37631667,-0.71772766,-0.93074477,-0.33427641,-0.14823484,0
-2.8029838,-1.2002213,0.65523314,-0.93074477,-0.33427641,-0.14823484,0
1.4896979,2.1479266,-0.12277126,-0.23968768,0.86385334,-0.44306576,0
0.2928009,0.12358642,1.6547803,-0.27615952,0.37685108,0.88414884,0
-3.1820982,0.14191341,-0.579458,-0.93074477,-0.33427641,-0.14823484,0
-2.5636384,-2.0543654,0.36628771,-0.93074477,-0.33427641,-0.14823484,0
1.8039981,-1.1500838,-0.67099392,0.27615952,-0.37685108,-0.88414884,0
-1.1344826,-1.4468856,1.0907625,0.23968768,-0.86385334,0.44306576,0
-1.8579553,-1.3152783,1.6411455,-0.27615952,0.37685108,0.88414884,0
2.5522611,1.850188,-1.0039575,-0.23968768,0.86385334,-0.44306576,0
-2.6234879,-0.46309447,-2.0845599,-0.93074477,-0.33427641,-0.14823484,0
-1.5919731,-2.7056048,-1.1445544,0.27615952,-0.37685108,-0.88414884,0
2.992641,1.349558,-1.0520716,0.93074477,0.33427641,0.14823484,0
3.4986835,-0.65583485,-0.098368645,0.93074477,0.33427641,0.14823484,0
2.9891803,-0.17023921,1.4562835,0.93074477,0.33427641,0.14823484,0
-1.9283652,-0.59733558,-2.1379578,0.27615952,-0.37685108,-0.88414884,0
2.8455534,0.77001178,0.56717753,0.93074477,0.33427641,0.14823484,0
-1.7855787,0.61548871,0.7645551,-0.27615952,0.37685108,0.88414884,0
1.5045362,0.5603534,1.8852534,-0.27615952,0.37685108,0.88414884,0
-3.0434606,-1.2526841,1.2377584,-0.93074477,-0.33427641,-0.14823484,0
-2.6604016,-0.34621811,-2.2305942,-0.93074477,-0.33427641,-0.14823484,0
-2.8239408,-0.88629222,0.070527315,-0.93074477,-0.33427641,-0.14823484,0
0.81296307,0.49189365,-1.7048713,0.27615952,-0.37685108,-0.88414884,0
2.3141339,0.26997405,-1.051789,0.27615952,-0.37685108,-0.88414884,0
1.4297742,0.42649746,-1.4342829,0.27615952,-0.37685108,-0.88414884,0
-1.3506017,0.93265653,-0.84078753,-0.23968768,0.86385334,-0.44306576,0
-3.0950019,0.86437023,-0.11944366,-0.23968768,0.86385334,-0.44306576,0
2.7761903,1.2967474,-0.25081849,0.93074477,0.33427641,0.14823484,0
3.2686927,-0.88357836,-0.27213311,0.27615952,-0.37685108,-0.88414884,0
-2.8482492,0.15827978,-1.7361976,-0.23968768,0.86385334,-0.44306576,0
2.2879186,2.0163653,1.5110939,0.93074477,0.33427641,0.14823484,0
2.8957634,0.79295492,-0.3970685,0.93074477,0.33427641,0.14823484,0
-3.0059719,-0.1137383,-1.5358917,-0.93074477,-0.33427641,-0.14823484,0
-2.6484616,-2.0074673,1.0200353,-0.93074477,-0.33427641,-0.14823484,0
-0.93650484,0.42492867,-2.0199795,-0.23968768,0.86385334,-0.44306576,0
-2.8594234,-1.5616094,0.97290564,-0.93074477,-0.33427641,-0.14823484,0
-2.887135,-0.25041556,-2.0062797,-0.93074477,-0.33427641,-0.14823484,0
-1.8531166,-2.0363166,-1.301831,0.27615952,-0.37685108,-0.88414884,0
-2.7093608,-1.4666972,0.68571138,-0.93074477,-0.33427641,-0.14823484,0
2.981751,1.1662271,-0.77217412,0.93074477,0.33427641,0.14823484,0
2.2560472,0.37419391,2.3286989,-0.27615952,0.37685108,0.88414884,0
1.2043798,0.41428822,-1.4267328,0.27615952,-0.37685108,-0.88414884,0
-1.6465635,-2.2448304,-0.074447155,0.23968768,-0.86385334,0.44306576,0
-2.6287138,-1.728119,0.37845945,-0.93074477,-0.33427641,-0.14823484,0
-0.86022544,0.80613708,-1.462254,-0.23968768,0.86385334,-0.44306576,0
1.4984262,-1.2741762,-0.60251367,0.27615952,-0.37685108,-0.88414884,0
0.51053977,-0.59454942,-1.3225169,0.27615952,-0.37685108,-0.88414884,0
-2.6866498,-1.9832644,0.5890348,-0.93074477,-0.33427641,-0.14823484,0
-2.6940327,-1.5762032,0.78258824,-0.93074477,-0.33427641,-0.14823484,0
1.8265412,-1.4767098,-0.40190196,0.23968768,-0.86385334,0.44306576,0
2.4877071,0.78057241,2.1086173,-0.27615952,0.37685108,0.88414884,0
-2.9654324,-0.37622917,-1.0901842,-0.93074477,-0.33427641,-0.14823484,0
-2.6840177,-1.4938074,0.3629365,-0.93074477,-0.33427641,-0.14823484,0
2.3703549,1.6287227,-1.3281415,-0.23968768,0.86385334,-0.44306576,0
-2.1233544,-2.3731811,-1.2917204,-0.93074477,-0.33427641,-0.14823484,0
1.8140395,2.3070886,0.084566355,-0.23968768,0.86385334,-0.44306576,0
3.0676994,0.014227152,1.4747785,0.93074477,0.33427641,0.14823484,0
-3.0523081,-1.1579533,0.98899865,-0.93074477,-0.33427641,-0.14823484,0
2.0246067,2.6175108,1.2602444,0.93074477,0.33427641,0.14823484,0
-0.62776351,-0.71515411,1.7368064,-0.27615952,0.37685108,0.88414884,0
-2.156111,0.76937252,-0.59468615,-0.23968768,0.86385334,-0.44306576,0
-2.0551658,-0.78278744,-1.9073188,0.27615952,-0.37685108,-0.88414884,0
-1.8997699,-1.0371804,-1.8568828,0.27615952,-0.37685108,-0.88414884,0
-2.9249439,-1.254631,1.2460988,-0.27615952,0.37685108,0.88414884,0
2.5677993,1.4087832,1.5313094,0.93074477,0.33427641,0.14823484,0
-2.8717439,-1.0750842,0.039098024,-0.93074477,-0.33427641,-0.14823484,0
-1.6932726,-1.7313086,-1.4854908,0.27615952,-0.37685108,-0.88414884,0
2.3135977,-0.018607497,-0.98632038,0.27615952,-0.37685108,-0.88414884,0
-0.11904149,1.3726335,0.96172124,-0.27615952,0.37685108,0.88414884,0
3.2013073,0.47061127,-0.35004115,0.93074477,0.33427641,0.14823484,0
-3.2084172,0.508654,-0.67164397,-0.93074477,-0.33427641,-0.14823484,0
2.4663353,2.0928555,0.43777299,0.93074477,0.33427641,0.14823484,0
-1.7077022,0.84649205,0.73171854,-0.27615952,0.37685108,0.88414884,0
0.95240283,1.0839882,-1.6126968,-0.23968768,0.86385334,-0.44306576,0
-2.0082395,-1.9516945,0.72600865,0.23968768,-0.86385334,0.44306576,0
-0.68972433,0.42658496,-2.1235631,0.27615952,-0.37685108,-0.88414884,0
2.3146563,1.7805169,1.0773981,0.93074477,0.33427641,0.14823484,0
1.2018372,2.548558,0.74254394,-0.23968768,0.86385334,-0.44306576,0
1.2396127,-1.4057214,-0.009252876,0.23968768,-0.86385334,0.44306576,0
-1.9245776,-1.7783173,-1.5995945,0.27615952,-0.37685108,-0.88414884,0
1.9694605,-1.1902738,-0.6109311,0.27615952,-0.37685108,-0.88414884,0
-2.9153235,-1.1901048,1.4009824,-0.27615952,0.37685108,0.88414884,0
1.4877609,1.6552485,1.4373906,-0.27615952,0.37685108,0.88414884,0
2.4434021,-0.39821959,1.2576444,0.23968768,-0.86385334,0.44306576,0
-2.5987072,1.1145792,0.47901285,-0.27615952,0.37685108,0.88414884,0
2.9061556,1.2144961,-1.3686466,0.27615952,-0.37685108,-0.88414884,0
2.6772444,-1.1232262,-0.37167978,0.27615952,-0.37685108,-0.88414884,0
2.3949745,2.1272137,-0.14318419,0.93074477,0.33427641,0.14823484,0
-0.070222616,-0.9615984,1.4016368,0.23968768,-0.86385334,0.44306576,0
-1.2805731,-1.0080863,1.7538013,-0.27615952,0.37685108,0.88414884,0
2.5358086,1.1674968,1.0851715,0.93074477,0.33427641,0.14823484,0
-1.9040059,-2.1261261,0.44218636,0.23968768,-0.86385334,0.44306576,0
-0.60914212,0.77741295,1.1901367,-0.27615952,0.37685108,0.88414884,0
1.8327198,0.97232974,1.9213103,-0.27615952,0.37685108,0.88414884,0
1.4513633,-1.2905121,0.0080539286,0.23968768,-0.86385334,0.44306576,0
-0.063470125,-0.21327412,1.6900718,-0.27615952,0.37685108,0.88414884,0
-1.3418001,-1.3384037,1.4632758,0.23968768,-0.86385334,0.44306576,0
3.0501454,0.34693813,0.8509326,0.93074477,0.33427641,0.14823484,0
-1.4659469,-0.44461054,1.4614099,-0.27615952,0.37685108,0.88414884,0
2.4964855,1.880653,0.74614167,0.93074477,0.33427641,0.14823484,0
-2.2301533,-1.4962279,-1.8654872,0.27615952,-0.37685108,-0.88414884,0
2.9995086,-0.35380435,1.2652683,0.23968768,-0.86385334,0.44306576,0
0.35497919,-1.4871869,-1.0215394,0.27615952,-0.37685108,-0.88414884,0
3.0819805,0.099551797,1.0893266,0.93074477,0.33427641,0.14823484,0
3.2013588,-0.034669995,0.8234148,0.93074477,0.33427641,0.14823484,0
-0.63944554,1.679674,0.36757004,-0.23968768,0.86385334,-0.44306576,0
3.4358642,-0.84686458,-0.059948921,0.93074477,0.33427641,0.14823484,0
-0.86931682,-2.2777898,-0.98924899,0.27615952,-0.37685108,-0.88414884,0
-1.3521401,-2.3408856,-0.39006925,0.23968768,-0.86385334,0.44306576,0
0.72399181,-1.1578006,0.62843978,0.23968768,-0.86385334,0.44306576,0
-2.6272688,-1.9401488,0.64977932,-0.93074477,-0.33427641,-0.14823484,0
-0.10872734,0.2730794,1.5702598,-0.27615952,0.37685108,0.88414884,0
2.7150912,1.3197632,-0.27673626,0.93074477,0.33427641,0.14823484,0
1.8814875,2.2511752,0.16648221,-0.23968768,0.86385334,-0.44306576,0
-2.7357898,-0.42118716,-1.8251448,-0.93074477,-0.33427641,-0.14823484,0
1.0112505,2.0679722,0.038894892,-0.23968768,0.86385334,-0.44306576,0
-0.60183454,-0.36001146,1.5827905,-0.27615952,0.37685108,0.88414884,0
-0.46832845,0.73180819,1.2514958,-0.27615952,0.37685108,0.88414884,0
-0.90613437,-1.4394774,-1.3636844,0.27615952,-0.37685108,-0.88414884,0
-2.2067983,-2.5845904,-0.61375117,-0.93074477,-0.33427641,-0.14823484,0
1.8152788,-0.6680848,1.010986,0.23968768,-0.86385334,0.44306576,0
-0.60770708,1.4488264,-0.089601874,-0.23968768,0.86385334,-0.44306576,0
1.7930672,0.65449619,2.0402317,-0.27615952,0.37685108,0.88414884,0
1.5955831,-0.57150078,-0.92708182,0.27615952,-0.37685108,-0.88414884,0
-3.1767364,-0.12256938,-0.1435709,-0.93074477,-0.33427641,-0.14823484,0
1.5617068,2.3155563,1.1839173,-0.27615952,0.37685108,0.88414884,0
-1.9139166,0.95851696,-0.42843831,-0.23968768,0.86385334,-0.44306576,0
2.7899928,1.0797505,0.50538421,0.93074477,0.33427641,0.14823484,0
2.4714651,1.202269,1.8455392,0.93074477,0.33427641,0.14823484,0
-1.7232858,-1.3768559,-1.7383116,0.27615952,-0.37685108,-0.88414884,0
-2.5953546,-0.928141,-1.8554233,-0.93074477,-0.33427641,-0.14823484,0
-2.3516262,-2.0960398,-0.96495843,-0.93074477,-0.33427641,-0.14823484,0
2.5626283,-0.38055766,-0.82918382,0.27615952,-0.37685108,-0.88414884,0
-1.5778738,-0.26758575,-2.0613947,0.27615952,-0.37685108,-0.88414884,0
1.3381741,-0.57567394,1.5915159,0.23968768,-0.86385334,0.44306576,0
2.5072651,1.7916771,0.67690158,0.93074477,0.33427641,0.14823484,0
1.844437,1.0146449,1.7374762,-0.27615952,0.37685108,0.88414884,0
2.9406281,1.2879436,-0.80801249,0.93074477,0.33427641,0.14823484,0
-3.0692537,-0.22069848,-1.1365809,-0.93074477,-0.33427641,-0.14823484,0
2.2348385,2.5404742,0.51180935,0.93074477,0.33427641,0.14823484,0
-1.273929,-0.23741722,-1.9243394,0.27615952,-0.37685108,-0.88414884,0
1.7206641,-1.3375453,-0.65728605,0.27615952,-0.37685108,-0.88414884,0
-0.90666556,0.59253752,-1.7973149,-0.23968768,0.86385334,-0.44306576,0
-1.7502275,-1.9368573,0.36051226,0.23968768,-0.86385334,0.44306576,0
1.0332248,1.1036797,1.5839274,-0.27615952,0.37685108,0.88414884,0
2.0871608,1.8599855,-1.0952976,-0.23968768,0.86385334,-0.44306576,0
-0.88293636,-2.3290877,-0.87154973,0.23968768,-0.86385334,0.44306576,0
3.3764672,-0.3428787,-0.047554016,0.93074477,0.33427641,0.14823484,0
-2.2934678,-1.6734281,1.441817,0.23968768,-0.86385334,0.44306576,0
-2.6730781,-0.20475578,-2.3675506,0.27615952,-0.37685108,-0.88414884,0
-1.8144103,-0.25327802,-2.2300963,0.27615952,-0.37685108,-0.88414884,0
3.3046393,-0.23563075,0.65850163,0.93074477,0.33427641,0.14823484,0
-1.8800991,-1.2601079,-1.7424186,0.27615952,-0.37685108,-0.88414884,0
1.88665,2.0306263,1.5299802,-0.27615952,0.37685108,0.88414884,0
3.0422349,-0.58792824,-0.40021515,0.27615952,-0.37685108,-0.88414884,0
2.7080836,0.20739222,2.1826253,0.23968768,-0.86385334,0.44306576,0
2.1487341,0.32341981,2.2619574,-0.27615952,0.37685108,0.88414884,0
-0.48193258,0.76832122,1.1727593,-0.27615952,0.37685108,0.88414884,0
2.9766152,0.70446223,0.18466091,0.93074477,0.33427641,0.14823484,0
2.3210988,0.11658415,-1.0867492,0.27615952,-0.37685108,-0.88414884,0
-3.282922,-0.48259044,0.88100481,-0.93074477,-0.33427641,-0.14823484,0
2.3456988,2.0968113,0.82932901,0.93074477,0.33427641,0.14823484,0
-1.8992202,-1.6188705,1.45294,0.23968768,-0.86385334,0.44306576,0
-2.9576945,-0.93124419,0.35508919,-0.93074477,-0.33427641,-0.14823484,0
2.9406586,-0.144767,-0.65685558,0.27615952,-0.37685108,-0.88414884,0
-1.2107227,-1.953033,-1.1765041,0.27615952,-0.37685108,-0.88414884,0
-3.4034541,0.50320727,-0.41484737,-0.93074477,-0.33427641,-0.14823484,0
-0.89636755,-1.4587106,1.2471222,0.23968768,-0.86385334,0.44306576,0
-2.2778053,-2.0424244,0.81598854,0.23968768,-0.86385334,0.44306576,0
2.0304158,-0.38336614,-0.90699351,0.27615952,-0.37685108,-0.88414884,0
-1.5977407,0.64553005,-1.198312,-0.23968768,0.86385334,-0.44306576,0
0.35637343,-1.8677728,-0.24361652,0.23968768,-0.86385334,0.44306576,0
-1.4595357,1.5687103,0.44207898,-0.23968768,0.86385334,-0.44306576,0
-3.5309179,0.66972047,0.41439176,-0.27615952,0.37685108,0.88414884,0
-0.98860019,0.60884738,1.2320921,-0.27615952,0.37685108,0.88414884,0
2.9720004,0.25785601,0.65186548,0.93074477,0.33427641,0.14823484,0
-1.9896311,-1.9404218,0.59114695,0.23968768,-0.86385334,0.44306576,0
2.5444436,1.5717428,0.64158702,0.93074477,0.33427641,0.14823484,0
-0.43848908,-1.41066,0.7043488,0.23968768,-0.86385334,0.44306576,0
-2.3603284,-1.9840862,-1.5927117,-0.93074477,-0.33427641,-0.14823484,0
2.7073648,1.0207012,1.3719518,0.93074477,0.33427641,0.14823484,0
-2.0590458,0.85813469,-0.43020248,-0.23968768,0.86385334,-0.44306576,0
-0.34696263,-1.9744914,-0.40888238,0.23968768,-0.86385334,0.44306576,0
-2.663321,-0.47437429,-2.2659836,-0.93074477,-0.33427641,-0.14823484,0
3.3636887,-0.42720205,0.5100894,0.23968768,-0.86385334,0.44306576,0
-1.0251019,-1.9836591,-1.283036,0.27615952,-0.37685108,-0.88414884,0
-2.2546148,-2.4599771,-0.21041298,-0.93074477,-0.33427641,-0.14823484,0
0.99285299,-0.18708706,-1.2760068,0.27615952,-0.37685108,-0.88414884,0
-0.016717434,1.3534439,-0.86058271,-0.23968768,0.86385334,-0.44306576,0
-3.2204509,0.66562319,-0.30250955,-0.23968768,0.86385334,-0.44306576,0
-1.5185714,-1.5973526,1.1119401,0.23968768,-0.86385334,0.44306576,0
-3.0714433,-0.56258357,0.13740802,-0.93074477,-0.33427641,-0.14823484,0
2.2577229,1.9212155,-1.0052464,-0.23968768,0.86385334,-0.44306576,0
2.1597989,1.5792193,-1.2628195,-0.23968768,0.86385334,-0.44306576,0
-2.5763521,-2.0277331,0.59964252,-0.93074477,-0.33427641,-0.14823484,0
-2.74964,-0.7993654,-1.4570179,-0.93074477,-0.33427641,-0.14823484,0
-2.7601929,-0.32123685,-1.9032384,-0.93074477,-0.33427641,-0.14823484,0
-0.24088466,1.129591,-0.9728477,-0.23968768,0.86385334,-0.44306576,0
0.19054145,-1.9915122,-0.61436456,0.23968768,-0.86385334,0.44306576,0
2.5872502,1.0461978,1.690853,0.93074477,0.33427641,0.14823484,0
-0.71974546,-2.2645187,-0.98924303,0.27615952,-0.37685108,-0.88414884,0
2.7474818,1.0456445,0.96985722,0.93074477,0.33427641,0.14823484,0
-1.3025703,1.2816491,0.8200568,-0.27615952,0.37685108,0.88414884,0
-2.7800605,-0.47576904,-1.4500827,-0.93074477,-0.33427641,-0.14823484,0
-3.471128,0.81343859,0.16211462,-0.27615952,0.37685108,0.88414884,0
2.9882865,0.73994809,-0.32803059,0.93074477,0.33427641,0.14823484,0
2.2351172,0.15669988,-0.95573282,0.27615952,-0.37685108,-0.88414884,0
-1.9430323,-1.7696233,0.99581146,0.23968768,-0.86385334,0.44306576,0
-2.5108314,-1.2016586,1.3419647,-0.27615952,0.37685108,0.88414884,0
-3.023783,-0.56132525,-0.22700453,-0.93074477,-0.33427641,-0.14823484,0
1.3038477,1.9757869,1.282564,-0.27615952,0.37685108,0.88414884,0
-1.2612967,-1.7972927,0.59537363,0.23968768,-0.86385334,0.44306576,0
-3.1292005,0.047463298,-0.84353232,-0.93074477,-0.33427641,-0.14823484,0
-0.069734931,1.0384445,1.1882168,-0.27615952,0.37685108,0.88414884,0
2.4115379,1.4568968,1.7649994,0.93074477,0.33427641,0.14823484,0
-1.7612432,0.31051391,0.94516921,-0.27615952,0.37685108,0.88414884,0
-1.9362319,-2.0808954,0.56298113,0.23968768,-0.86385334,0.44306576,0
-2.7503572,-1.0926934,-1.1004879,-0.93074477,-0.33427641,-0.14823484,0
0.81548506,1.6709834,-0.68779874,-0.23968768,0.86385334,-0.44306576,0
3.0542226,0.30352247,-0.28308868,0.93074477,0.33427641,0.14823484,0
0.12146247,1.3921988,1.0616997,-0.27615952,0.37685108,0.88414884,0
1.6626353,1.7395622,-0.99718618,-0.23968768,0.86385334,-0.44306576,0
-2.7193668,-1.6990353,0.80376673,-0.93074477,-0.33427641,-0.14823484,0
-1.9607136,-1.2419163,1.530648,-0.27615952,0.37685108,0.88414884,0
-0.90888107,-1.1636539,1.7014807,0.23968768,-0.86385334,0.44306576,0
-1.2653286,1.7654114,0.54707921,-0.23968768,0.86385334,-0.44306576,0
3.2426271,-0.52667743,0.74684525,0.23968768,-0.86385334,0.44306576,0
1.5545223,2.5261283,1.1600437,-0.27615952,0.37685108,0.88414884,0
2.1229708,2.0645432,-0.63708901,-0.23968768,0.86385334,-0.44306576,0
2.0138385,-0.25697458,2.0026252,0.23968768,-0.86385334,0.44306576,0
-1.3890872,-0.63030219,-1.8981066,0.27615952,-0.37685108,-0.88414884,0
3.3867946,-0.66647202,0.14523125,0.93074477,0.33427641,0.14823484,0
-2.3260989,1.2151624,0.41469979,-0.23968768,0.86385334,-0.44306576,0
-2.0008442,-0.7746731,-1.9893795,0.27615952,-0.37685108,-0.88414884,0
1.5428108,2.4274716,0.51412487,-0.23968768,0.86385334,-0.44306576,0
-1.7363331,-2.6496043,-1.0387366,0.27615952,-0.37685108,-0.88414884,0
0.80686712,1.5468551,1.3830571,-0.27615952,0.37685108,0.88414884,0
3.241225,-0.077385992,-0.54849792,0.93074477,0.33427641,0.14823484,0
0.90369707,1.8927605,0.03380394,-0.23968768,0.86385334,-0.44306576,0
-3.0650969,0.0084547997,-0.75297642,-0.93074477,-0.33427641,-0.14823484,0
0.44864178,2.1462629,0.76341307,-0.23968768,0.86385334,-0.44306576,0
3.2128491,-0.31906736,0.9361794,0.93074477,0.33427641,0.14823484,0
1.7190006,2.3923893,0.39690948,-0.23968768,0.86385334,-0.44306576,0
-2.6175373,-0.96856475,-1.0804868,-0.93074477,-0.33427641,-0.14823484,0
-2.6390088,-1.4530296,-0.94448304,-0.93074477,-0.33427641,-0.14823484,0
-2.3841562,-1.3767536,1.6269317,-0.27615952,0.37685108,0.88414884,0
2.0371592,2.4844,1.2037814,0.93074477,0.33427641,0.14823484,0
-0.72145337,-2.083241,-0.15787125,0.23968768,-0.86385334,0.44306576,0
-2.8595085,-0.8821348,-0.7365973,-0.93074477,-0.33427641,-0.14823484,0
1.0271022,-0.97648644,-0.8764205,0.27615952,-0.37685108,-0.88414884,0
0.78992033,1.4900091,1.1959274,-0.27615952,0.37685108,0.88414884,0
1.7065291,-1.1779588,-0.73988575,0.27615952,-0.37685108,-0.88414884,0
1.6326597,0.29345536,2.1121554,-0.27615952,0.37685108,0.88414884,0
0.41593969,0.72860026,-1.8000116,0.27615952,-0.37685108,-0.88414884,0
3.0404444,0.43397141,0.48655844,0.93074477,0.33427641,0.14823484,0
2.9920783,0.12531877,1.0991364,0.93074477,0.33427641,0.14823484,0
0.10630852,1.6755346,-0.20035529,-0.23968768,0.86385334,-0.44306576,0
0.10660422,1.2153022,1.30942,-0.27615952,0.37685108,0.88414884,0
3.0507975,0.41599345,-0.47576356,0.93074477,0.33427641,0.14823484,0
2.7085485,0.9714427,1.0803652,0.93074477,0.33427641,0.14823484,0
-2.406354,-1.717766,-0.64830136,-0.93074477,-0.33427641,-0.14823484,0
-0.86779559,-1.404083,1.2802931,0.23968768,-0.86385334,0.44306576,0
-0.68692636,1.3088213,-0.32368201,-0.23968768,0.86385334,-0.44306576,0
2.2890654,0.40546608,2.3403795,-0.27615952,0.37685108,0.88414884,0
-2.5527785,-1.5390654,-0.53159118,-0.93074477,-0.33427641,-0.14823484,0
2.7818604,1.333491,-1.4995596,0.27615952,-0.37685108,-0.88414884,0
-0.30051219,1.3952444,-0.6852479,-0.23968768,0.86385334,-0.44306576,0
0.83412552,-0.783719,1.5574477,0.23968768,-0.86385334,0.44306576,0
-2.8366511,-0.79253757,-0.57248354,-0.93074477,-0.33427641,-0.14823484,0
2.6341856,-0.71551752,0.5554831,0.23968768,-0.86385334,0.44306576,0
-2.7709672,-1.6188896,1.4412625,-0.93074477,-0.33427641,-0.14823484,0
-0.62945974,0.06044054,1.5392755,-0.27615952,0.37685108,0.88414884,0
-1.0792148,0.55286729,-1.9029685,-0.23968768,0.86385334,-0.44306576,0
-0.8525095,-0.17286968,-1.8689371,0.27615952,-0.37685108,-0.88414884,0
0.39666033,0.204247,1.6604499,-0.27615952,0.37685108,0.88414884,0
2.6591022,1.9721782,-0.90634131,0.93074477,0.33427641,0.14823484,0
1.9449213,0.36753398,-1.2706509,0.27615952,-0.37685108,-0.88414884,0
3.0653718,-0.95096809,0.013973236,0.23968768,-0.86385334,0.44306576,0
-2.2452345,-2.5918024,-0.68724513,-0.93074477,-0.33427641,-0.14823484,0
0.66956061,-1.3918879,-0.86710715,0.27615952,-0.37685108,-0.88414884,0
-0.39957118,-1.9209599,-0.025669932,0.23968768,-0.86385334,0.44306576,0
2.5243716,1.3437016,1.6392794,0.93074477,0.33427641,0.14823484,0
0.49034965,-0.67384624,1.8053236,0.23968768,-0.86385334,0.44306576,0
0.11966654,-1.5199611,-0.99355483,0.27615952,-0.37685108,-0.88414884,0
-2.8378391,-0.826065,-0.16864061,-0.93074477,-0.33427641,-0.14823484,0
-2.8916698,-0.44130909,-0.90866089,-0.93074477,-0.33427641,-0.14823484,0
-2.9886961,0.19622993,0.73703313,-0.27615952,0.37685108,0.88414884,0
-0.55115545,0.81971329,-1.5270284,-0.23968768,0.86385334,-0.44306576,0
2.8615282,1.3878484,-1.065105,0.93074477,0.33427641,0.14823484,0
2.4293878,0.6083504,-1.2521601,0.27615952,-0.37685108,-0.88414884,0
3.4770789,-0.44478798,-0.11717367,0.93074477,0.33427641,0.14823484,0
0.31861866,-0.69644594,2.0630581,0.23968768,-0.86385334,0.44306576,0
0.15717191,1.7712153,-0.13413513,-0.23968768,0.86385334,-0.44306576,0
1.4070332,1.4576793,-1.2589922,-0.23968768,0.86385334,-0.44306576,0
2.6452618,1.6833674,-0.35787988,0.93074477,0.33427641,0.14823484,0
-2.9317884,-0.6131469,-0.69938946,-0.93074477,-0.33427641,-0.14823484,0
-3.1805813,0.25685537,-0.6528821,-0.93074477,-0.33427641,-0.14823484,0
2.0544953,2.4358013,0.25445318,-0.23968768,0.86385334,-0.44306576,0
1.5117965,-1.0865554,0.59965384,0.23968768,-0.86385334,0.44306576,0
0.51625788,1.5575507,1.2279518,-0.27615952,0.37685108,0.88414884,0
-2.4631238,1.0140824,-0.093093872,-0.23968768,0.86385334,-0.44306576,0
2.5034227,1.0458899,1.6352253,0.93074477,0.33427641,0.14823484,0
-0.7644859,1.3665352,-0.43360126,-0.23968768,0.86385334,-0.44306576,0
-2.8147476,0.71071464,-0.38422143,-0.23968768,0.86385334,-0.44306576,0
1.0739543,1.2522464,1.5620142,-0.27615952,0.37685108,0.88414884,0
2.7213068,0.62761903,1.2333553,0.93074477,0.33427641,0.14823484,0
-0.087759256,1.1954721,-1.1757795,-0.23968768,0.86385334,-0.44306576,0
2.4772899,1.6194694,0.62638497,0.93074477,0.33427641,0.14823484,0
-2.4260426,-2.0979187,0.27133656,-0.93074477,-0.33427641,-0.14823484,0
-0.026480198,-1.4076881,0.45740306,0.23968768,-0.86385334,0.44306576,0
2.2800734,1.7716479,-1.10253,-0.23968768,0.86385334,-0.44306576,0
-0.59994817,-1.0164104,1.5038166,0.23968768,-0.86385334,0.44306576,0
2.3308923,0.072183371,2.3461685,0.23968768,-0.86385334,0.44306576,0
-0.51041722,0.38497174,1.3746679,-0.27615952,0.37685108,0.88414884,0
-0.27746487,-0.44586468,-1.6117703,0.27615952,-0.37685108,-0.88414884,0
-0.016262412,1.2734113,1.2574455,-0.27615952,0.37685108,0.88414884,0
-3.0912054,-0.72528684,0.42262769,-0.93074477,-0.33427641,-0.14823484,0
-1.7979598,0.71144354,-0.88054168,-0.23968768,0.86385334,-0.44306576,0
2.6116128,0.94642591,1.8255626,0.93074477,0.33427641,0.14823484,0
-0.7974785,-1.8810775,-1.1498212,0.27615952,-0.37685108,-0.88414884,0
-0.57809615,0.51110041,1.3289793,-0.27615952,0.37685108,0.88414884,0
-2.707525,-0.31711793,-2.5146465,-0.93074477,-0.33427641,-0.14823484,0
3.453301,-0.26348555,-0.45173311,0.93074477,0.33427641,0.14823484,0
2.1197042,2.6146472,0.94612813,0.93074477,0.33427641,0.14823484,0
0.024527222,1.8893206,0.98506021,-0.27615952,0.37685108,0.88414884,0
0.18388432,1.8790239,0.31527841,-0.23968768,0.86385334,-0.44306576,0
3.2632837,0.55002701,-0.85905099,0.93074477,0.33427641,0.14823484,0
-2.0409827,0.66660708,-0.83942306,-0.23968768,0.86385334,-0.44306576,0
-2.8691831,-0.49044991,-1.0158741,-0.93074477,-0.33427641,-0.14823484,0
-2.8374157,-0.90396643,-0.29844475,-0.93074477,-0.33427641,-0.14823484,0
0.673136,2.0613096,0.49081063,-0.23968768,0.86385334,-0.44306576,0
-2.3867435,-1.7573676,1.4657893,0.23968768,-0.86385334,0.44306576,0
2.8409071,1.6610334,-1.1078713,0.93074477,0.33427641,0.14823484,0
-2.6027439,-1.9846778,0.30216718,-0.93074477,-0.33427641,-0.14823484,0
2.3646395,-0.98025393,0.24808478,0.23968768,-0.86385334,0.44306576,0
-0.87121612,1.489331,-0.089593396,-0.23968768,0.86385334,-0.44306576,0
-2.3471465,-1.9023654,-1.0833957,-0.93074477,-0.33427641,-0.14823484,0
-0.31258613,1.5874597,-0.19114095,-0.23968768,0.86385334,-0.44306576,0
1.6848105,-0.50632274,1.3644922,0.23968768,-0.86385334,0.44306576,0
0.62004709,1.2697995,1.2382184,-0.27615952,0.37685108,0.88414884,0
2.1114848,1.568673,-1.5123286,-0.23968768,0.86385334,-0.44306576,0
-0.10978162,0.87965465,-1.4975998,-0.23968768,0.86385334,-0.44306576,0
-2.6324902,0.87211478,0.4907887,-0.27615952,0.37685108,0.88414884,0
2.5884693,1.8457352,-1.3116701,-0.23968768,0.86385334,-0.44306576,0
-2.0454407,0.57940048,0.78563046,-0.27615952,0.37685108,0.88414884,0
-3.2371817,0.17564571,0.068808794,-0.93074477,-0.33427641,-0.14823484,0
0.10910182,1.560704,1.1762105,-0.27615952,0.37685108,0.88414884,0
1.0325907,0.69917023,-1.6102083,0.27615952,-0.37685108,-0.88414884,0
2.6800544,0.80286098,1.9472495,0.93074477,0.33427641,0.14823484,0
-3.0694017,-0.39096582,-0.64068198,-0.93074477,-0.33427641,-0.14823484,0
3.2220292,-0.12911713,-0.073653936,0.93074477,0.33427641,0.14823484,0
-2.1134381,-2.142343,-1.4683769,-0.93074477,-0.33427641,-0.14823484,0
2.5030143,-0.64811766,-0.70177841,0.27615952,-0.37685108,-0.88414884,0
-3.3409939,0.50413907,-0.59535789,-0.93074477,-0.33427641,-0.14823484,0
-1.4974105,-2.5446053,-0.92910099,0.23968768,-0.86385334,0.44306576,0
-0.41302466,1.5407183,-0.29697514,-0.23968768,0.86385334,-0.44306576,0
3.0682936,-1.0635471,-0.37533402,0.27615952,-0.37685108,-0.88414884,0
2.988528,-0.3649199,0.89397097,0.23968768,-0.86385334,0.44306576,0
1.9027133,-0.51286167,-0.99468279,0.27615952,-0.37685108,-0.88414884,0
