1.5631609,2.5329688,0.99392688,0.98907506,0.11546291,0.091644064,0
-1.59389,-2.0754614,-1.2029178,-0.98907506,-0.11546291,-0.091644064,0
1.6199279,-1.9530262,-1.0997267,0.14706838,-0.8153311,-0.56000543,0
-0.84766042,-0.70657986,-2.2899227,0.0100604,0.56736529,-0.82340467,0
1.6256946,-0.11654675,1.822098,-0.0100604,-0.56736529,0.82340467,0
-2.0617023,2.5493727,-0.015850067,0.0100604,0.56736529,-0.82340467,0
-1.7666833,-2.0150864,-1.1921539,-0.98907506,-0.11546291,-0.091644064,0
0.4163731,0.87137556,-1.1717508,0.0100604,0.56736529,-0.82340467,0
2.0878472,-0.70369619,-0.73334348,0.98907506,0.11546291,0.091644064,0
-0.35337648,1.3339353,2.4922147,-0.14706838,0.8153311,0.56000543,0
-1.4447339,1.6323314,1.6857384,-0.14706838,0.8153311,0.56000543,0
1.5272795,1.6935688,2.3224144,0.98907506,0.11546291,0.091644064,0
1.5011815,-2.5179415,0.024859667,-0.0100604,-0.56736529,0.82340467,0
-1.3989023,-2.4480715,0.19896674,-0.0100604,-0.56736529,0.82340467,0
-0.91421723,-2.6620069,-0.87210095,0.14706838,-0.8153311,-0.56000543,0
-1.5153956,2.4585071,0.33788705,-0.14706838,0.8153311,0.56000543,0
-2.0522451,1.1837009,2.2451603,-0.14706838,0.8153311,0.56000543,0
2.2143731,-2.2983022,-0.36470866,0.14706838,-0.8153311,-0.56000543,0
-1.9214994,0.64525115,2.1949949,-0.0100604,-0.56736529,0.82340467,0
0.18303904,-2.2821665,-1.2555528,0.14706838,-0.8153311,-0.56000543,0
-0.44364163,0.65349078,2.1544435,-0.0100604,-0.56736529,0.82340467,0
-2.0803204,1.2463521,2.1556981,-0.14706838,0.8153311,0.56000543,0
-2.0922246,0.64738619,-0.018480957,-0.98907506,-0.11546291,-0.091644064,0
0.30568421,2.4165351,1.0675437,-0.14706838,0.8153311,0.56000543,0
-0.26162887,-2.1827135,0.23274016,-0.0100604,-0.56736529,0.82340467,0
-1.9322283,0.25779116,-1.4148016,-0.98907506,-0.11546291,-0.091644064,0
0.27310973,2.2051091,1.2471644,-0.14706838,0.8153311,0.56000543,0
2.0355546,-2.1421885,-0.73715281,0.14706838,-0.8153311,-0.56000543,0
2.344187,-0.7216472,-2.2765913,0.98907506,0.11546291,0.091644064,0
2.0520473,0.32659847,0.039224066,0.98907506,0.11546291,0.091644064,0
-1.560895,0.071585059,1.8273789,-0.0100604,-0.56736529,0.82340467,0
2.1538274,-1.3022243,0.48852229,0.98907506,0.11546291,0.091644064,0
-2.108923,1.1736677,-0.21393037,-0.98907506,-0.11546291,-0.091644064,0
-1.7684865,-1.6734365,0.24571478,-0.98907506,-0.11546291,-0.091644064,0
2.2639675,-0.84601873,-1.4735785,0.98907506,0.11546291,0.091644064,0
0.49293491,-2.4345641,0.24494767,-0.0100604,-0.56736529,0.82340467,0
-1.6084815,2.1078312,1.0192596,-0.14706838,0.8153311,0.56000543,0
-1.718755,0.39706159,2.0060205,-0.0100604,-0.56736529,0.82340467,0
-1.9594367,0.59645385,-0.46354032,-0.98907506,-0.11546291,-0.091644064,0
0.81466341,-0.69104439,-2.2106502,0.0100604,0.56736529,-0.82340467,0
-1.3488292,-2.9651854,-0.38363504,0.14706838,-0.8153311,-0.56000543,0
-2.0500674,0.32538351,0.59566772,-0.98907506,-0.11546291,-0.091644064,0
0.1809032,0.23126733,2.0719457,-0.0100604,-0.56736529,0.82340467,0
2.0806484,-1.0521696,-0.20525718,0.98907506,0.11546291,0.091644064,0
0.61376768,-2.7271223,-0.2315948,0.14706838,-0.8153311,-0.56000543,0
0.14458624,0.078716755,1.9222775,-0.0100604,-0.56736529,0.82340467,0
-1.7786789,-1.6469779,-1.2870919,-0.98907506,-0.11546291,-0.091644064,0
-0.098907799,2.580029,0.52062142,-0.14706838,0.8153311,0.56000543,0
0.24365583,1.589968,-0.76806152,0.0100604,0.56736529,-0.82340467,0
-2.0985136,1.436506,-0.423051,-0.98907506,-0.11546291,-0.091644064,0
0.81229317,-2.0271878,-1.4210973,0.14706838,-0.8153311,-0.56000543,0
-1.6242255,-0.62916851,1.4238825,-0.0100604,-0.56736529,0.82340467,0
0.090287909,-0.058370948,1.8802059,-0.0100604,-0.56736529,0.82340467,0
0.99343443,-2.1611185,0.46378183,-0.0100604,-0.56736529,0.82340467,0
0.60190308,2.033422,1.6791942,-0.14706838,0.8153311,0.56000543,0
0.16136342,-2.7380519,-0.38308001,0.14706838,-0.8153311,-0.56000543,0
-0.25337362,0.88824487,-1.0993174,0.0100604,0.56736529,-0.82340467,0
1.8399155,1.6752157,-0.044987559,0.98907506,0.11546291,0.091644064,0
1.651722,1.3419721,2.5401769,0.98907506,0.11546291,0.091644064,0
0.30993178,-1.5208549,-2.0948775,0.14706838,-0.8153311,-0.56000543,0
2.0755944,-0.0062404871,-1.7398438,0.0100604,0.56736529,-0.82340467,0
2.3676877,-1.7436748,-0.68834937,0.98907506,0.11546291,0.091644064,0
-1.7086048,-2.0760703,0.12775612,-0.98907506,-0.11546291,-0.091644064,0
-0.67633587,0.10285711,1.765247,-0.0100604,-0.56736529,0.82340467,0
-1.2025646,-1.9501083,-2.1042824,0.14706838,-0.8153311,-0.56000543,0
0.89031136,-2.5522301,0.018211603,-0.0100604,-0.56736529,0.82340467,0
-1.9234467,-1.0380054,0.62910157,-0.98907506,-0.11546291,-0.091644064,0
-2.0542216,0.39878935,-0.35807818,-0.98907506,-0.11546291,-0.091644064,0
1.9152355,-2.0067818,-1.0079478,0.14706838,-0.8153311,-0.56000543,0
0.34641069,2.2591999,1.3796921,-0.14706838,0.8153311,0.56000543,0
0.056156874,-0.54137397,-2.2483826,0.0100604,0.56736529,-0.82340467,0
0.33003518,-1.7450781,-1.9317827,0.14706838,-0.8153311,-0.56000543,0
1.8788743,1.0562727,-0.22132888,0.98907506,0.11546291,0.091644064,0
1.6657616,-2.1030664,0.32637393,-0.0100604,-0.56736529,0.82340467,0
2.0586145,-1.3840319,-1.9702241,0.14706838,-0.8153311,-0.56000543,0
1.742341,1.8276494,1.1853652,0.98907506,0.11546291,0.091644064,0
-1.3110676,-0.21729803,1.6014705,-0.0100604,-0.56736529,0.82340467,0
0.66253716,-2.345032,-0.863168,0.14706838,-0.8153311,-0.56000543,0
1.7341049,0.66066152,1.3417741,0.98907506,0.11546291,0.091644064,0
-0.86390424,-1.3250496,-2.8315701,0.0100604,0.56736529,-0.82340467,0
0.58651757,1.7697996,2.0159588,-0.14706838,0.8153311,0.56000543,0
2.2828085,-0.58120459,-1.2653553,0.98907506,0.11546291,0.091644064,0
-0.2483274,0.8163389,2.3301706,-0.0100604,-0.56736529,0.82340467,0
1.7721181,2.0886657,-0.15297067,0.98907506,0.11546291,0.091644064,0
-1.4291166,1.1372032,-0.95924222,0.0100604,0.56736529,-0.82340467,0
1.240449,-0.98232079,-2.4702795,0.0100604,0.56736529,-0.82340467,0
-1.5251453,-2.8731136,-0.82026887,0.14706838,-0.8153311,-0.56000543,0
-2.0659342,-0.16252512,0.75204575,-0.98907506,-0.11546291,-0.091644064,0
1.6781881,3.0290365,0.5131427,0.98907506,0.11546291,0.091644064,0
1.045565,2.4084163,-0.10368443,0.0100604,0.56736529,-0.82340467,0
-1.5997758,-2.1714861,-1.5508788,-0.98907506,-0.11546291,-0.091644064,0
-1.525115,0.93648732,-1.0806758,0.0100604,0.56736529,-0.82340467,0
-0.21000436,-0.96457386,1.0382029,-0.0100604,-0.56736529,0.82340467,0
-0.01389157,-0.2585988,1.6905853,-0.0100604,-0.56736529,0.82340467,0
-0.28926498,-2.1073244,-1.5914946,0.14706838,-0.8153311,-0.56000543,0
1.7841051,0.57738328,0.7812528,0.98907506,0.11546291,0.091644064,0
2.0906992,-0.86814642,1.1718431,0.98907506,0.11546291,0.091644064,0
-1.0514026,1.2948689,2.4740615,-0.14706838,0.8153311,0.56000543,0
-0.38937992,-1.1881869,1.1183717,-0.0100604,-0.56736529,0.82340467,0
0.23894539,0.48965669,2.1904759,-0.0100604,-0.56736529,0.82340467,0
-2.0926721,0.66509533,0.7647028,-0.98907506,-0.11546291,-0.091644064,0
1.9080641,1.7721114,-0.17072296,0.98907506,0.11546291,0.091644064,0
2.2537143,-0.45395762,-1.8845444,0.98907506,0.11546291,0.091644064,0
0.61608714,1.1452054,2.683851,-0.0100604,-0.56736529,0.82340467,0
-1.9511664,-1.0997199,-0.25582597,-0.98907506,-0.11546291,-0.091644064,0
0.21091267,-0.74931073,1.3179156,-0.0100604,-0.56736529,0.82340467,0
1.5064082,-1.4398589,-1.9765959,0.14706838,-0.8153311,-0.56000543,0
-1.57142,0.996557,-1.1908585,0.0100604,0.56736529,-0.82340467,0
2.2871628,-1.7069569,0.030972481,0.98907506,0.11546291,0.091644064,0
-1.5137649,1.8319777,1.3866469,-0.14706838,0.8153311,0.56000543,0
-1.2873869,1.2598981,2.2672987,-0.14706838,0.8153311,0.56000543,0
-2.2213588,1.5018698,1.5179251,-0.14706838,0.8153311,0.56000543,0
-1.2496113,-2.9420195,-0.60740781,0.14706838,-0.8153311,-0.56000543,0
-2.2597685,2.6932826,0.041754723,-0.14706838,0.8153311,0.56000543,0
-2.0600483,0.32569301,-0.65118647,-0.98907506,-0.11546291,-0.091644064,0
2.0929761,-2.6774669,-0.043753862,0.14706838,-0.8153311,-0.56000543,0
1.999758,0.73597276,-1.3408972,0.0100604,0.56736529,-0.82340467,0
1.8502189,-0.50237155,1.4623059,-0.0100604,-0.56736529,0.82340467,0
-0.097555056,-0.052363753,-1.7539587,0.0100604,0.56736529,-0.82340467,0
1.4981782,-2.209599,-0.89202011,0.14706838,-0.8153311,-0.56000543,0
0.48881602,2.1920552,1.3906089,-0.14706838,0.8153311,0.56000543,0
1.5550616,2.3426852,1.5652149,-0.14706838,0.8153311,0.56000543,0
-0.41746011,1.4030551,2.1990459,-0.14706838,0.8153311,0.56000543,0
1.7734512,0.52537501,2.0521884,0.98907506,0.11546291,0.091644064,0
0.35283029,-2.6049278,-0.43804324,0.14706838,-0.8153311,-0.56000543,0
1.1457877,2.8621755,0.62519479,-0.14706838,0.8153311,0.56000543,0
0.61901432,-0.35115099,1.4768784,-0.0100604,-0.56736529,0.82340467,0
0.68137389,0.25839233,-1.6944876,0.0100604,0.56736529,-0.82340467,0
-0.052324861,1.3034683,2.4641366,-0.14706838,0.8153311,0.56000543,0
-1.8402896,1.5247422,1.9132221,-0.14706838,0.8153311,0.56000543,0
-1.6632094,-2.1440749,-1.5271784,-0.98907506,-0.11546291,-0.091644064,0
1.9901654,-1.1026305,1.0441449,0.98907506,0.11546291,0.091644064,0
-0.57135308,-2.7816396,-0.71911585,0.14706838,-0.8153311,-0.56000543,0
1.2525681,2.2460952,1.5007474,-0.14706838,0.8153311,0.56000543,0
-1.205677,-1.7681187,0.57190377,-0.0100604,-0.56736529,0.82340467,0
-1.6481885,-1.8306595,0.56384546,-0.0100604,-0.56736529,0.82340467,0
-1.6417753,2.2047615,0.92717826,-0.14706838,0.8153311,0.56000543,0
0.83173805,-0.72582901,1.2690604,-0.0100604,-0.56736529,0.82340467,0
1.6375481,-1.1742535,1.1333723,-0.0100604,-0.56736529,0.82340467,0
-1.7307954,-1.8082458,0.61197895,-0.0100604,-0.56736529,0.82340467,0
-0.21808326,1.746245,1.7852952,-0.14706838,0.8153311,0.56000543,0
2.2225747,-0.41769385,-2.1545398,0.0100604,0.56736529,-0.82340467,0
-1.6885846,2.6316595,0.11735559,-0.14706838,0.8153311,0.56000543,0
-0.91691178,0.38051057,-1.5088422,0.0100604,0.56736529,-0.82340467,0
1.3743768,-1.6689409,0.7956692,-0.0100604,-0.56736529,0.82340467,0
0.025660643,-0.89748633,1.1641972,-0.0100604,-0.56736529,0.82340467,0
-0.24212773,0.0084934235,1.720143,-0.0100604,-0.56736529,0.82340467,0
0.14164799,0.15294933,1.8619746,-0.0100604,-0.56736529,0.82340467,0
0.34719861,1.7211653,-0.53535569,0.0100604,0.56736529,-0.82340467,0
-1.7307589,1.378758,-0.95237726,0.0100604,0.56736529,-0.82340467,0
-1.7345605,-1.618422,-1.825528,-0.98907506,-0.11546291,-0.091644064,0
1.106508,1.3723582,2.5892141,-0.14706838,0.8153311,0.56000543,0
1.4105469,-1.7299265,-1.5217381,0.14706838,-0.8153311,-0.56000543,0
-0.27494514,2.9756877,0.20672321,-0.14706838,0.8153311,0.56000543,0
0.6860218,1.524119,2.2770314,-0.14706838,0.8153311,0.56000543,0
-1.6699928,-1.3978047,0.90882653,-0.0100604,-0.56736529,0.82340467,0
-2.1452112,0.82305074,-0.12594688,-0.98907506,-0.11546291,-0.091644064,0
-0.03830865,-1.5591937,-2.2459815,0.14706838,-0.8153311,-0.56000543,0
0.86807096,2.356864,-0.14121974,0.0100604,0.56736529,-0.82340467,0
2.1210713,-0.85238385,-0.11280084,0.98907506,0.11546291,0.091644064,0
-0.015580386,2.0096507,-0.36833334,0.0100604,0.56736529,-0.82340467,0
-0.27381101,2.4608083,-0.20101869,0.0100604,0.56736529,-0.82340467,0
2.3269179,-2.3300662,-0.12268209,0.98907506,0.11546291,0.091644064,0
-1.6371866,-0.34817445,1.6064328,-0.0100604,-0.56736529,0.82340467,0
0.6617409,-1.2556701,-2.5480216,0.14706838,-0.8153311,-0.56000543,0
-0.57666194,1.7498533,-0.58357227,0.0100604,0.56736529,-0.82340467,0
1.430298,-2.6676936,-0.00033092499,-0.0100604,-0.56736529,0.82340467,0
-0.42619109,-1.5617595,-2.3949349,0.14706838,-0.8153311,-0.56000543,0
-1.882522,2.5682693,0.33623171,-0.14706838,0.8153311,0.56000543,0
-1.6455976,-0.92479289,-1.8478144,-0.98907506,-0.11546291,-0.091644064,0
-2.0466442,1.3724582,1.903681,-0.14706838,0.8153311,0.56000543,0
1.8387346,0.55913442,1.1268742,0.98907506,0.11546291,0.091644064,0
0.747329,1.5872512,2.5194166,-0.14706838,0.8153311,0.56000543,0
-2.2027326,0.93676734,1.151077,-0.98907506,-0.11546291,-0.091644064,0
1.1038547,-2.0052705,-1.1784867,0.14706838,-0.8153311,-0.56000543,0
-0.78296435,1.6497337,1.7452896,-0.14706838,0.8153311,0.56000543,0
0.96133637,1.5543103,2.4886093,-0.14706838,0.8153311,0.56000543,0
-0.5204038,1.5292692,2.0915434,-0.14706838,0.8153311,0.56000543,0
-1.6606965,-2.0681684,-0.72896159,-0.98907506,-0.11546291,-0.091644064,0
-2.0824537,1.3298109,-0.30342221,-0.98907506,-0.11546291,-0.091644064,0
-1.5753417,-2.6310492,-1.1007546,0.14706838,-0.8153311,-0.56000543,0
1.9394836,-0.46287847,1.2509367,0.98907506,0.11546291,0.091644064,0
-1.6685596,0.17179751,1.8599689,-0.0100604,-0.56736529,0.82340467,0
-0.2142365,-1.2321224,-2.5800786,0.0100604,0.56736529,-0.82340467,0
-1.8646131,-1.1894459,-0.83650583,-0.98907506,-0.11546291,-0.091644064,0
0.15023769,-2.3476698,-0.83156919,0.14706838,-0.8153311,-0.56000543,0
-1.6374313,1.1271878,2.2972383,-0.14706838,0.8153311,0.56000543,0
2.2895703,-1.7644675,-0.71072209,0.98907506,0.11546291,0.091644064,0
1.2420084,1.4694977,2.7771044,-0.14706838,0.8153311,0.56000543,0
2.1603408,-0.80205679,0.16719192,0.98907506,0.11546291,0.091644064,0
0.4352119,1.073184,-0.95990527,0.0100604,0.56736529,-0.82340467,0
-1.9954641,-1.079987,0.81577021,-0.98907506,-0.11546291,-0.091644064,0
1.6996509,-1.9755366,-1.2790177,0.14706838,-0.8153311,-0.56000543,0
-0.29052943,2.6576228,0.64166129,-0.14706838,0.8153311,0.56000543,0
1.1836041,-2.084831,-1.2899221,0.14706838,-0.8153311,-0.56000543,0
0.13025559,-1.2657386,0.86869514,-0.0100604,-0.56736529,0.82340467,0
-1.6701239,2.2438006,0.84124267,-0.14706838,0.8153311,0.56000543,0
0.34861898,1.5201261,2.3576937,-0.14706838,0.8153311,0.56000543,0
2.2717993,-1.6841087,-1.1253204,0.98907506,0.11546291,0.091644064,0
-0.65185428,-2.5018764,-1.1008022,0.14706838,-0.8153311,-0.56000543,0
-0.83477634,1.7581145,1.7993497,-0.14706838,0.8153311,0.56000543,0
1.6588356,-2.2086041,-0.94208932,0.14706838,-0.8153311,-0.56000543,0
1.1523936,0.81921482,-1.2053373,0.0100604,0.56736529,-0.82340467,0
1.47063,-1.3637578,-1.9527957,0.14706838,-0.8153311,-0.56000543,0
0.053670883,-2.3241253,-0.93773162,0.14706838,-0.8153311,-0.56000543,0
-1.7535757,1.8598464,1.1365943,-0.14706838,0.8153311,0.56000543,0
2.1036062,-0.53319895,-0.97182655,0.98907506,0.11546291,0.091644064,0
1.8467743,1.0026699,0.74795473,0.98907506,0.11546291,0.091644064,0
-2.010303,-0.26396042,0.58187115,-0.98907506,-0.11546291,-0.091644064,0
-1.807847,-2.4791684,-0.032589316,-0.98907506,-0.11546291,-0.091644064,0
-2.0491586,1.0818654,-0.45833504,-0.98907506,-0.11546291,-0.091644064,0
-1.2335724,2.130254,1.2121063,-0.14706838,0.8153311,0.56000543,0
-2.0363476,-0.30713055,0.07996498,-0.98907506,-0.11546291,-0.091644064,0
1.0121758,2.0737379,1.803241,-0.14706838,0.8153311,0.56000543,0
-0.33872253,-2.5642166,-0.92747521,0.14706838,-0.8153311,-0.56000543,0
1.9909731,0.070580065,-0.56967229,0.98907506,0.11546291,0.091644064,0
-0.84886551,-2.4214439,-1.2732397,0.14706838,-0.8153311,-0.56000543,0
-2.2360408,1.1031877,0.046898961,-0.98907506,-0.11546291,-0.091644064,0
1.2451624,0.82994533,2.4726565,-0.0100604,-0.56736529,0.82340467,0
2.2321653,-2.4100142,0.0082428455,0.98907506,0.11546291,0.091644064,0
-0.16751736,2.6443965,-0.039486647,0.0100604,0.56736529,-0.82340467,0
0.97496819,-1.6120977,-1.8197861,0.14706838,-0.8153311,-0.56000543,0
-2.362926,2.2272248,0.043834209,-0.98907506,-0.11546291,-0.091644064,0
-0.7862066,-1.4374042,-2.4382365,0.14706838,-0.8153311,-0.56000543,0
1.6574755,2.0355449,0.51978195,0.98907506,0.11546291,0.091644064,0
1.2175713,1.5671643,-0.70431542,0.0100604,0.56736529,-0.82340467,0
-1.9541345,2.0870781,0.74299347,-0.14706838,0.8153311,0.56000543,0
2.2713699,-1.3278638,-2.0467672,0.14706838,-0.8153311,-0.56000543,0
1.5586249,2.1455641,1.4148113,0.98907506,0.11546291,0.091644064,0
-1.3880059,0.28684747,-1.5794683,0.0100604,0.56736529,-0.82340467,0
-2.1037223,0.9823727,-0.19513285,-0.98907506,-0.11546291,-0.091644064,0
-0.22018427,-2.1298001,0.42218637,-0.0100604,-0.56736529,0.82340467,0
2.1792836,-1.4644063,-0.64743805,0.98907506,0.11546291,0.091644064,0
1.4822171,-0.60343373,1.3145896,-0.0100604,-0.56736529,0.82340467,0
-1.7346847,2.0223916,0.933146,-0.14706838,0.8153311,0.56000543,0
2.0166698,0.011462182,-0.63713419,0.98907506,0.11546291,0.091644064,0
1.3950984,0.0009355545,1.9129133,-0.0100604,-0.56736529,0.82340467,0
-1.6646714,-2.0150926,-1.3964208,-0.98907506,-0.11546291,-0.091644064,0
-1.9454527,0.25150883,-0.12907058,-0.98907506,-0.11546291,-0.091644064,0
-2.0607719,-0.42806083,0.016896849,-0.98907506,-0.11546291,-0.091644064,0
0.99241775,-1.5530558,0.66623247,-0.0100604,-0.56736529,0.82340467,0
2.313318,-0.76419544,-1.5346411,0.98907506,0.11546291,0.091644064,0
1.9570639,-0.81523132,1.2125952,0.98907506,0.11546291,0.091644064,0
2.1319811,0.00086247921,-1.7315359,0.98907506,0.11546291,0.091644064,0
-0.45972431,-1.7298334,0.63922453,-0.0100604,-0.56736529,0.82340467,0
-0.80336523,1.6338341,2.0071845,-0.14706838,0.8153311,0.56000543,0
2.3332763,-1.6548446,-0.64649367,0.98907506,0.11546291,0.091644064,0
-0.024283007,-0.41674411,1.4656824,-0.0100604,-0.56736529,0.82340467,0
0.8044157,-1.430941,-2.257962,0.14706838,-0.8153311,-0.56000543,0
1.6762223,1.7738922,1.2673721,0.98907506,0.11546291,0.091644064,0
0.81154191,2.8692021,0.37479281,-0.14706838,0.8153311,0.56000543,0
1.7278396,1.476029,0.6179387,0.98907506,0.11546291,0.091644064,0
2.3967938,-1.9970429,-0.57673395,0.98907506,0.11546291,0.091644064,0
1.8780725,0.65145379,1.0317297,0.98907506,0.11546291,0.091644064,0
2.111964,-0.62628955,-0.18111807,0.98907506,0.11546291,0.091644064,0
1.8225756,2.088819,0.5732168,0.98907506,0.11546291,0.091644064,0
-2.083523,-0.85780454,0.81864053,-0.98907506,-0.11546291,-0.091644064,0
1.734428,-2.4927964,-0.50908351,0.14706838,-0.8153311,-0.56000543,0
0.17417726,2.0402813,-0.34782231,0.0100604,0.56736529,-0.82340467,0
1.8343644,1.1204349,0.47817439,0.98907506,0.11546291,0.091644064,0
-0.98337388,-2.5555911,0.13421607,-0.0100604,-0.56736529,0.82340467,0
1.4770534,2.8394578,0.84717178,-0.14706838,0.8153311,0.56000543,0
0.55904865,-2.9046574,-0.057621002,-0.0100604,-0.56736529,0.82340467,0
1.8334588,0.32985747,1.2107649,0.98907506,0.11546291,0.091644064,0
0.38115978,-2.4616504,-0.71399903,0.14706838,-0.8153311,-0.56000543,0
1.9875722,0.64619642,-0.29633957,0.98907506,0.11546291,0.091644064,0
-0.57672346,0.30397689,-1.6353831,0.0100604,0.56736529,-0.82340467,0
0.38661438,0.39907014,1.9994136,-0.0100604,-0.56736529,0.82340467,0
-1.8943143,-0.94506204,1.1838375,-0.0100604,-0.56736529,0.82340467,0
-0.11790802,2.4008746,0.87359297,-0.14706838,0.8153311,0.56000543,0
1.3723443,1.4043593,-0.81405312,0.0100604,0.56736529,-0.82340467,0
0.33522511,1.8029112,1.7854946,-0.14706838,0.8153311,0.56000543,0
-2.1094918,1.9249494,1.1138679,-0.14706838,0.8153311,0.56000543,0
2.0666637,-0.13821071,0.43274575,0.98907506,0.11546291,0.091644064,0
0.81229377,1.1945953,-1.0776001,0.0100604,0.56736529,-0.82340467,0
-0.57577431,-0.6566453,1.4061172,-0.0100604,-0.56736529,0.82340467,0
1.9450021,-1.8438631,-1.2082775,0.14706838,-0.8153311,-0.56000543,0
1.9621372,1.3616804,-0.74392134,0.98907506,0.11546291,0.091644064,0
0.24571735,-2.8317151,-0.38807201,0.14706838,-0.8153311,-0.56000543,0
-0.38774455,0.76347172,-1.2241433,0.0100604,0.56736529,-0.82340467,0
0.96119285,0.10794365,-1.7481101,0.0100604,0.56736529,-0.82340467,0
-0.76220083,2.8536241,0.25887084,-0.14706838,0.8153311,0.56000543,0
0.3335973,2.6865065,0.074045181,0.0100604,0.56736529,-0.82340467,0
0.031923637,-1.5409644,0.85361141,-0.0100604,-0.56736529,0.82340467,0
0.36032063,1.6722085,-0.69055873,0.0100604,0.56736529,-0.82340467,0
-1.0450194,-2.8300188,-0.7005831,0.14706838,-0.8153311,-0.56000543,0
-2.265801,1.8736507,-0.1905129,-0.98907506,-0.11546291,-0.091644064,0
1.8023971,-1.9987918,-1.1719844,0.14706838,-0.8153311,-0.56000543,0
1.7263503,1.7385411,0.48287112,0.98907506,0.11546291,0.091644064,0
-1.3344175,2.7085793,0.14255214,-0.14706838,0.8153311,0.56000543,0
-1.8719842,-2.1180115,0.3914634,-0.0100604,-0.56736529,0.82340467,0
0.60263413,-0.25592375,-2.0889406,0.0100604,0.56736529,-0.82340467,0
-1.2917348,2.5259805,0.34939241,-0.14706838,0.8153311,0.56000543,0
-2.0755837,-0.2984497,0.30576545,-0.98907506,-0.11546291,-0.091644064,0
1.0994093,1.7908775,-0.53269923,0.0100604,0.56736529,-0.82340467,0
-0.17611539,-1.6254532,-1.9709449,0.14706838,-0.8153311,-0.56000543,0
-0.02740553,-1.3987484,0.84720242,-0.0100604,-0.56736529,0.82340467,0
-0.99347788,2.4960938,0.55751669,-0.14706838,0.8153311,0.56000543,0
0.62884319,-1.3333528,-2.3528359,0.14706838,-0.8153311,-0.56000543,0
1.9041631,0.74690092,1.1820179,0.98907506,0.11546291,0.091644064,0
1.9295853,-0.87624902,-2.4564447,0.0100604,0.56736529,-0.82340467,0
-0.6401031,2.8811224,0.087943554,-0.14706838,0.8153311,0.56000543,0
2.224124,-1.6633433,-0.4296155,0.98907506,0.11546291,0.091644064,0
0.52394354,2.8208175,0.18636298,0.0100604,0.56736529,-0.82340467,0
1.1266841,0.95501369,2.4328601,-0.0100604,-0.56736529,0.82340467,0
-0.94677383,2.5097928,0.55068433,-0.14706838,0.8153311,0.56000543,0
2.3209105,-2.3317161,0.041563749,0.98907506,0.11546291,0.091644064,0
1.6017879,2.104605,0.95629871,0.98907506,0.11546291,0.091644064,0
1.9367318,1.1505849,-0.39594856,0.98907506,0.11546291,0.091644064,0
1.2790554,0.90111685,-1.1498988,0.0100604,0.56736529,-0.82340467,0
2.012969,-0.31115204,-0.28538957,0.98907506,0.11546291,0.091644064,0
-0.79281378,-0.68344223,1.2299113,-0.0100604,-0.56736529,0.82340467,0
-1.6663389,2.1924069,-0.26357448,0.0100604,0.56736529,-0.82340467,0
2.3123803,-1.0576878,-1.5980256,0.98907506,0.11546291,0.091644064,0
1.0816495,-2.3365874,-0.84029222,0.14706838,-0.8153311,-0.56000543,0
-0.42374259,0.34521484,2.0336218,-0.0100604,-0.56736529,0.82340467,0
-1.1967441,2.2807474,-0.35405159,0.0100604,0.56736529,-0.82340467,0
-1.1756461,1.7754598,-0.67139745,0.0100604,0.56736529,-0.82340467,0
1.4526798,2.1309121,-0.34055531,0.0100604,0.56736529,-0.82340467,0
1.3727542,-2.3640251,-0.59724975,0.14706838,-0.8153311,-0.56000543,0
0.82416487,-0.1282568,-1.8641784,0.0100604,0.56736529,-0.82340467,0
-0.55430561,2.2533429,1.0474166,-0.14706838,0.8153311,0.56000543,0
-1.8736131,-2.0334463,0.38991618,-0.98907506,-0.11546291,-0.091644064,0
2.0076051,0.6063509,0.35997027,0.98907506,0.11546291,0.091644064,0
-0.092133597,0.020669222,-1.7973762,0.0100604,0.56736529,-0.82340467,0
2.3205557,-2.0438602,-0.013781071,0.98907506,0.11546291,0.091644064,0
0.79487813,2.5015652,0.97354436,-0.14706838,0.8153311,0.56000543,0
2.2172821,-0.27026117,-0.78696454,0.98907506,0.11546291,0.091644064,0
-1.9890673,0.38342777,-0.12569022,-0.98907506,-0.11546291,-0.091644064,0
1.9788247,-0.66293585,1.2027401,0.98907506,0.11546291,0.091644064,0
-2.1999879,1.6795918,0.11282957,-0.98907506,-0.11546291,-0.091644064,0
1.1891335,-1.0657034,-2.5272937,0.0100604,0.56736529,-0.82340467,0
0.32389766,1.8319163,1.9971523,-0.14706838,0.8153311,0.56000543,0
-1.8429546,-2.0911632,0.16529715,-0.98907506,-0.11546291,-0.091644064,0
0.12164038,1.8604256,1.931555,-0.14706838,0.8153311,0.56000543,0
1.4444957,-1.2784045,-2.200922,0.14706838,-0.8153311,-0.56000543,0
1.667641,1.4695231,1.5151193,0.98907506,0.11546291,0.091644064,0
-1.41162,-0.0047911406,1.8851876,-0.0100604,-0.56736529,0.82340467,0
2.1774035,-2.1948957,0.39409363,0.98907506,0.11546291,0.091644064,0
0.96051049,-2.2298656,-0.92706382,0.14706838,-0.8153311,-0.56000543,0
-0.30385906,1.4986619,2.1617358,-0.14706838,0.8153311,0.56000543,0
1.2269844,2.8920693,0.4347831,-0.14706838,0.8153311,0.56000543,0
-1.9192491,1.206162,2.2910724,-0.14706838,0.8153311,0.56000543,0
1.4770886,-2.2735217,-0.77039897,0.14706838,-0.8153311,-0.56000543,0
-2.1416478,1.0639213,0.97287172,-0.98907506,-0.11546291,-0.091644064,0
-1.4012281,1.3283693,2.0508602,-0.14706838,0.8153311,0.56000543,0
2.0650802,-1.0197663,-0.029957414,0.98907506,0.11546291,0.091644064,0
0.23066539,1.1791344,2.5464816,-0.0100604,-0.56736529,0.82340467,0
1.4162444,2.5740595,-0.11041272,0.0100604,0.56736529,-0.82340467,0
-0.13189685,0.62915206,-1.3737425,0.0100604,0.56736529,-0.82340467,0
1.4518709,-2.6108835,-0.14457035,0.14706838,-0.8153311,-0.56000543,0
-0.018093131,1.2336817,-0.99783528,0.0100604,0.56736529,-0.82340467,0
0.85839313,-1.4845141,-2.1369948,0.14706838,-0.8153311,-0.56000543,0
-1.6316565,0.35291171,-1.6481259,0.0100604,0.56736529,-0.82340467,0
1.77279,-1.2478907,-2.113838,0.14706838,-0.8153311,-0.56000543,0
-1.7921095,2.27301,-0.23114061,0.0100604,0.56736529,-0.82340467,0
-0.35731542,-1.4330916,-2.488533,0.14706838,-0.8153311,-0.56000543,0
0.46604687,2.2424867,-0.2367878,0.0100604,0.56736529,-0.82340467,0
-1.6487091,-2.2688482,-1.3176587,-0.98907506,-0.11546291,-0.091644064,0
-1.91488,0.50167155,-1.3106852,-0.98907506,-0.11546291,-0.091644064,0
-0.727516,2.4176488,0.91922605,-0.14706838,0.8153311,0.56000543,0
1.8599715,1.6345887,-0.61356992,0.0100604,0.56736529,-0.82340467,0
0.8794139,-2.6059179,-0.42678857,0.14706838,-0.8153311,-0.56000543,0
1.0052624,-1.3579785,-2.2271771,0.14706838,-0.8153311,-0.56000543,0
1.7177734,1.3606075,-0.90586376,0.0100604,0.56736529,-0.82340467,0
0.4711951,2.3612015,1.0462763,-0.14706838,0.8153311,0.56000543,0
-1.6906435,-1.3941159,-0.77875173,-0.98907506,-0.11546291,-0.091644064,0
1.6100223,2.5513799,1.1667398,-0.14706838,0.8153311,0.56000543,0
-0.83104998,2.0374849,-0.40187323,0.0100604,0.56736529,-0.82340467,0
-1.7846171,1.3852969,1.8211575,-0.14706838,0.8153311,0.56000543,0
-0.96293485,0.16763365,-1.7908937,0.0100604,0.56736529,-0.82340467,0
-1.7325723,-2.0718441,-1.1223698,-0.98907506,-0.11546291,-0.091644064,0
1.4397793,-2.0101995,0.5064342,-0.0100604,-0.56736529,0.82340467,0
-1.0623121,-0.57081676,1.5140333,-0.0100604,-0.56736529,0.82340467,0
0.12841301,-1.3762052,-2.3416963,0.14706838,-0.8153311,-0.56000543,0
2.0138137,-0.0065001249,0.79625458,0.98907506,0.11546291,0.091644064,0
-0.30988717,-1.7064238,-1.9156351,0.14706838,-0.8153311,-0.56000543,0
1.6542385,-0.45098865,-2.1790845,0.0100604,0.56736529,-0.82340467,0
-1.4427985,1.8075287,1.4515409,-0.14706838,0.8153311,0.56000543,0
1.1792798,2.9995189,0.5107969,-0.14706838,0.8153311,0.56000543,0
-0.487827,-2.2164693,-1.3209251,0.14706838,-0.8153311,-0.56000543,0
0.0048066378,-1.6587836,-1.9719021,0.14706838,-0.8153311,-0.56000543,0
0.32032996,2.4250231,-0.1479342,0.0100604,0.56736529,-0.82340467,0
0.00022780895,-2.6072092,-0.49914956,0.14706838,-0.8153311,-0.56000543,0
-1.6240425,-1.353868,-2.1361043,-0.98907506,-0.11546291,-0.091644064,0
-2.1905849,-0.048171639,1.6299005,-0.98907506,-0.11546291,-0.091644064,0
1.3021371,-1.473516,-1.9272084,0.14706838,-0.8153311,-0.56000543,0
-1.3840828,2.8093376,0.0095672607,-0.14706838,0.8153311,0.56000543,0
1.2856054,-0.7595737,-2.4421291,0.0100604,0.56736529,-0.82340467,0
0.86332381,-0.56479454,1.4618732,-0.0100604,-0.56736529,0.82340467,0
-0.37082821,-2.4130228,-0.87155128,0.14706838,-0.8153311,-0.56000543,0
-0.48012084,2.5420442,0.75399172,-0.14706838,0.8153311,0.56000543,0
1.313803,-2.0598431,-1.0417033,0.14706838,-0.8153311,-0.56000543,0
-0.64793426,2.7549462,0.11711049,0.0100604,0.56736529,-0.82340467,0
-1.0401143,-1.6991242,0.74693346,-0.0100604,-0.56736529,0.82340467,0
1.0978358,2.2154877,1.646071,-0.14706838,0.8153311,0.56000543,0
-0.087060034,-1.8411074,-1.850312,0.14706838,-0.8153311,-0.56000543,0
-1.3632389,1.2120887,-1.054603,0.0100604,0.56736529,-0.82340467,0
-2.1071551,0.71366531,-0.5980382,-0.98907506,-0.11546291,-0.091644064,0
0.12958655,-1.4402025,-2.4992788,0.14706838,-0.8153311,-0.56000543,0
-1.7337785,-0.96734226,-2.1051803,-0.98907506,-0.11546291,-0.091644064,0
-1.0933286,-2.8133173,-0.74771988,0.14706838,-0.8153311,-0.56000543,0
-1.4711136,-0.99492961,-2.6463664,0.0100604,0.56736529,-0.82340467,0
-0.755036,-2.2964578,-1.1984444,0.14706838,-0.8153311,-0.56000543,0
0.41828504,-1.0603985,1.1022023,-0.0100604,-0.56736529,0.82340467,0
0.2203939,-1.1447599,-2.6902606,0.0100604,0.56736529,-0.82340467,0
-0.65306294,2.3355842,1.0099125,-0.14706838,0.8153311,0.56000543,0
-0.29849583,0.29597974,1.9777546,-0.0100604,-0.56736529,0.82340467,0
1.8683606,-2.0230317,-1.1639589,0.14706838,-0.8153311,-0.56000543,0
1.1274679,-1.995393,-1.430873,0.14706838,-0.8153311,-0.56000543,0
1.9053767,1.5391276,-0.81811696,0.98907506,0.11546291,0.091644064,0
-1.844979,-0.48480374,-1.0857831,-0.98907506,-0.11546291,-0.091644064,0
-0.83489788,-1.9899691,0.35605609,-0.0100604,-0.56736529,0.82340467,0
-1.387373,-2.5818663,-1.1623992,0.14706838,-0.8153311,-0.56000543,0
-0.114057,-2.1111853,-1.3556116,0.14706838,-0.8153311,-0.56000543,0
-1.4379401,-0.17470956,1.6552736,-0.0100604,-0.56736529,0.82340467,0
-1.6725471,-2.0388231,-1.5692236,-0.98907506,-0.11546291,-0.091644064,0
1.3246943,2.8124912,0.65491283,-0.14706838,0.8153311,0.56000543,0
-1.8994775,-1.654947,-0.019660592,-0.98907506,-0.11546291,-0.091644064,0
-0.23571163,-1.9939456,0.45558286,-0.0100604,-0.56736529,0.82340467,0
2.2058351,-0.47112155,-0.32644761,0.98907506,0.11546291,0.091644064,0
0.66098821,-1.2565653,-2.2919364,0.14706838,-0.8153311,-0.56000543,0
2.3453038,-1.5714638,-1.3040422,0.98907506,0.11546291,0.091644064,0
-2.1923246,2.0149734,0.36796904,-0.98907506,-0.11546291,-0.091644064,0
1.4430664,-2.343982,-0.7618928,0.14706838,-0.8153311,-0.56000543,0
0.86657572,1.8196932,2.1702366,-0.14706838,0.8153311,0.56000543,0
-2.0873609,2.1793554,0.68828249,-0.14706838,0.8153311,0.56000543,0
-2.0927339,0.25942814,1.943324,-0.0100604,-0.56736529,0.82340467,0
1.207983,2.8395543,0.55768573,-0.14706838,0.8153311,0.56000543,0
-1.9327605,-0.88125676,0.33715099,-0.98907506,-0.11546291,-0.091644064,0
1.9833634,1.019237,-1.0480011,0.0100604,0.56736529,-0.82340467,0
-2.0511541,0.88684177,-0.93048298,-0.98907506,-0.11546291,-0.091644064,0
1.9616593,-1.498677,-1.7062397,0.14706838,-0.8153311,-0.56000543,0
1.2052464,-2.3806655,-0.54462397,0.14706838,-0.8153311,-0.56000543,0
0.076092243,-2.4035656,-1.0251346,0.14706838,-0.8153311,-0.56000543,0
-0.18745172,-1.6075065,-2.0027306,0.14706838,-0.8153311,-0.56000543,0
2.3020139,-1.3955082,-1.289573,0.98907506,0.11546291,0.091644064,0
-0.89658332,-2.6160066,-0.94141269,0.14706838,-0.8153311,-0.56000543,0
1.0230238,1.9369385,1.9131047,-0.14706838,0.8153311,0.56000543,0
-0.94963336,-1.5241945,-2.6490788,0.14706838,-0.8153311,-0.56000543,0
1.7877913,1.9592083,-0.31835914,0.98907506,0.11546291,0.091644064,0
1.4513001,-0.41629046,-2.0417686,0.0100604,0.56736529,-0.82340467,0
0.23386805,-2.8327613,-0.28154826,0.14706838,-0.8153311,-0.56000543,0
-0.10887163,-0.25768566,1.5484879,-0.0100604,-0.56736529,0.82340467,0
-0.29960021,-1.4240987,0.885997,-0.0100604,-0.56736529,0.82340467,0
1.8542321,1.7071998,-0.21735471,0.98907506,0.11546291,0.091644064,0
-0.027167231,2.7069159,0.65733624,-0.14706838,0.8153311,0.56000543,0
0.16348489,0.57962132,-1.4041405,0.0100604,0.56736529,-0.82340467,0
1.8427439,1.8236011,-0.5835591,0.98907506,0.11546291,0.091644064,0
-0.56251597,0.16998792,-1.7519889,0.0100604,0.56736529,-0.82340467,0
1.9267061,-0.26395702,-1.9795018,0.0100604,0.56736529,-0.82340467,0
-0.80072558,-1.5531574,0.6622476,-0.0100604,-0.56736529,0.82340467,0
-1.1015269,2.6069038,-0.11656332,0.0100604,0.56736529,-0.82340467,0
1.0767995,2.1541662,1.6541183,-0.14706838,0.8153311,0.56000543,0
-1.270833,-1.8037958,0.5248782,-0.0100604,-0.56736529,0.82340467,0
-0.13034196,-0.1177038,1.7052357,-0.0100604,-0.56736529,0.82340467,0
0.60919607,1.3637224,2.5002961,-0.14706838,0.8153311,0.56000543,0
1.7806082,1.9900781,0.57516789,0.98907506,0.11546291,0.091644064,0
1.3415897,-2.1019554,0.37810731,-0.0100604,-0.56736529,0.82340467,0
0.04645668,0.11177731,1.9769001,-0.0100604,-0.56736529,0.82340467,0
1.8959754,1.0413098,-0.071107417,0.98907506,0.11546291,0.091644064,0
0.10519433,2.6579247,0.61658013,-0.14706838,0.8153311,0.56000543,0
1.7719799,1.0484961,1.1296626,0.98907506,0.11546291,0.091644064,0
-0.78221291,-0.43136322,1.6301808,-0.0100604,-0.56736529,0.82340467,0
-1.251897,-2.3043482,-1.4823751,0.14706838,-0.8153311,-0.56000543,0
-1.9769815,1.1141324,-0.99040097,-0.98907506,-0.11546291,-0.091644064,0
0.50706911,0.66957533,2.1689174,-0.0100604,-0.56736529,0.82340467,0
-2.110456,0.0016517639,1.0543487,-0.98907506,-0.11546291,-0.091644064,0
2.2185678,-0.28083462,-1.8230252,0.98907506,0.11546291,0.091644064,0
2.352968,-1.4061369,-1.1127466,0.98907506,0.11546291,0.091644064,0
-1.7439972,-0.86067563,-1.2424657,-0.98907506,-0.11546291,-0.091644064,0
2.2401597,-1.1898451,-0.9060269,0.98907506,0.11546291,0.091644064,0
0.15979159,1.0195659,2.6073775,-0.0100604,-0.56736529,0.82340467,0
-0.63778794,0.33932626,-1.660102,0.0100604,0.56736529,-0.82340467,0
1.9262857,0.11932552,1.3217802,0.98907506,0.11546291,0.091644064,0
-0.86330682,1.4218383,2.060209,-0.14706838,0.8153311,0.56000543,0
1.8117468,0.82882333,0.61019635,0.98907506,0.11546291,0.091644064,0
-0.68327087,1.6261381,-0.6086129,0.0100604,0.56736529,-0.82340467,0
2.113502,-1.2308675,0.18716562,0.98907506,0.11546291,0.091644064,0
2.3249137,-1.560775,-1.6148112,0.14706838,-0.8153311,-0.56000543,0
-1.0485821,-1.2490095,-2.660254,0.0100604,0.56736529,-0.82340467,0
2.1369886,-0.22766349,-1.0641606,0.98907506,0.11546291,0.091644064,0
-2.3176284,0.56602037,2.258796,-0.98907506,-0.11546291,-0.091644064,0
-2.0007763,0.58413506,-0.76410866,-0.98907506,-0.11546291,-0.091644064,0
2.1042542,-0.5137412,0.28949338,0.98907506,0.11546291,0.091644064,0
1.6134183,-0.60432291,1.4904715,-0.0100604,-0.56736529,0.82340467,0
-0.6823132,-1.0998214,0.98615086,-0.0100604,-0.56736529,0.82340467,0
-2.0576401,0.40504456,-1.1589607,-0.98907506,-0.11546291,-0.091644064,0
-1.7148551,1.7939063,1.3642462,-0.14706838,0.8153311,0.56000543,0
-1.5793359,-1.3545765,-2.2270913,-0.98907506,-0.11546291,-0.091644064,0
1.8624297,0.22914767,-1.57849,0.0100604,0.56736529,-0.82340467,0
1.693557,1.8046298,0.26291311,0.98907506,0.11546291,0.091644064,0
1.7541569,-0.65133041,-2.3490448,0.0100604,0.56736529,-0.82340467,0
-1.6880232,-0.47689927,1.4095634,-0.0100604,-0.56736529,0.82340467,0
-1.5223675,-2.9623256,-0.3382535,-0.0100604,-0.56736529,0.82340467,0
-2.0881784,-0.83701646,0.74297047,-0.98907506,-0.11546291,-0.091644064,0
-1.0255122,-0.85245156,1.2693278,-0.0100604,-0.56736529,0.82340467,0
1.0954666,0.15247154,1.8513799,-0.0100604,-0.56736529,0.82340467,0
-2.0514965,0.48557511,0.28106129,-0.98907506,-0.11546291,-0.091644064,0
-1.117296,2.3802328,-0.28437209,0.0100604,0.56736529,-0.82340467,0
-1.2562727,2.0432887,-0.36835432,0.0100604,0.56736529,-0.82340467,0
-1.5169158,1.911135,-0.49232697,0.0100604,0.56736529,-0.82340467,0
0.2672759,-0.070137143,1.7202662,-0.0100604,-0.56736529,0.82340467,0
-1.3964814,-0.094719887,-1.9949825,0.0100604,0.56736529,-0.82340467,0
1.1120325,-0.92368925,1.1660244,-0.0100604,-0.56736529,0.82340467,0
-1.5624542,-1.6348939,0.56130594,-0.0100604,-0.56736529,0.82340467,0
1.7647822,2.1680036,1.0700283,0.98907506,0.11546291,0.091644064,0
-1.2655092,2.5287898,0.0055363178,0.0100604,0.56736529,-0.82340467,0
-1.6790786,2.4981961,0.29456115,-0.14706838,0.8153311,0.56000543,0
-1.9698691,-0.96743393,0.79773784,-0.98907506,-0.11546291,-0.091644064,0
1.7867255,1.2279203,1.2770103,0.98907506,0.11546291,0.091644064,0
-2.259078,2.3829751,0.39605737,-0.14706838,0.8153311,0.56000543,0
-0.038100734,-0.32125151,-1.9869475,0.0100604,0.56736529,-0.82340467,0
-1.1655271,2.7274859,0.1647501,-0.14706838,0.8153311,0.56000543,0
-2.3892455,2.0713778,0.87118959,-0.14706838,0.8153311,0.56000543,0
0.60293424,-1.5144618,-1.9251313,0.14706838,-0.8153311,-0.56000543,0
0.46157628,1.2568388,2.7370112,-0.0100604,-0.56736529,0.82340467,0
-0.46435991,0.91367769,-1.190347,0.0100604,0.56736529,-0.82340467,0
-2.3530059,1.5146978,1.7204502,-0.98907506,-0.11546291,-0.091644064,0
1.6808274,2.3061271,1.2759247,0.98907506,0.11546291,0.091644064,0
1.8096318,2.0790043,0.44190633,0.98907506,0.11546291,0.091644064,0
0.90790582,1.4638048,2.6056664,-0.14706838,0.8153311,0.56000543,0
2.1358771,-1.4645395,0.28672123,0.98907506,0.11546291,0.091644064,0
-1.0877314,2.1092308,1.0490246,-0.14706838,0.8153311,0.56000543,0
-2.2122231,1.516955,-0.67157245,-0.98907506,-0.11546291,-0.091644064,0
1.2509413,-1.4048483,0.83984572,-0.0100604,-0.56736529,0.82340467,0
-0.46114185,2.2371125,0.94977784,-0.14706838,0.8153311,0.56000543,0
-0.62566781,-3.0252552,-0.33914924,0.14706838,-0.8153311,-0.56000543,0
0.38362753,0.72400421,2.2616467,-0.0100604,-0.56736529,0.82340467,0
-1.6567667,-1.5179818,-2.5093701,-0.98907506,-0.11546291,-0.091644064,0
0.55815935,2.1039441,1.7113059,-0.14706838,0.8153311,0.56000543,0
-1.9733769,0.25588107,-1.2184581,-0.98907506,-0.11546291,-0.091644064,0
1.6440946,0.84682167,2.4108531,0.98907506,0.11546291,0.091644064,0
-0.85878587,-0.46550298,1.4443446,-0.0100604,-0.56736529,0.82340467,0
1.1571734,-2.7247965,-0.021333218,0.14706838,-0.8153311,-0.56000543,0
-1.2683951,-0.23325276,-2.1048069,0.0100604,0.56736529,-0.82340467,0
1.8730481,1.4353851,0.54210532,0.98907506,0.11546291,0.091644064,0
-1.7257924,1.952111,1.3316897,-0.14706838,0.8153311,0.56000543,0
0.10401306,-2.2090914,-1.0620521,0.14706838,-0.8153311,-0.56000543,0
1.6915226,-1.5095978,-1.9222388,0.14706838,-0.8153311,-0.56000543,0
1.9882504,-2.4738741,0.21902227,-0.0100604,-0.56736529,0.82340467,0
-0.3637923,1.9756175,1.5303017,-0.14706838,0.8153311,0.56000543,0
-1.6949928,-1.2175261,0.86113018,-0.0100604,-0.56736529,0.82340467,0
-0.27415726,1.6625133,1.8162433,-0.14706838,0.8153311,0.56000543,0
2.263202,-0.70946395,-1.0104687,0.98907506,0.11546291,0.091644064,0
-1.7987065,-2.051981,0.27945673,-0.0100604,-0.56736529,0.82340467,0
-0.99483132,1.0873207,-1.1587331,0.0100604,0.56736529,-0.82340467,0
2.2819393,-0.44831944,-1.6313138,0.98907506,0.11546291,0.091644064,0
-2.0883284,0.07703793,1.7040608,-0.98907506,-0.11546291,-0.091644064,0
-1.9326355,1.6883471,1.6252202,-0.14706838,0.8153311,0.56000543,0
-0.23355664,2.3099616,-0.1211704,0.0100604,0.56736529,-0.82340467,0
-2.0985565,0.38963044,0.56765962,-0.98907506,-0.11546291,-0.091644064,0
-0.3768723,1.1519759,2.6603913,-0.0100604,-0.56736529,0.82340467,0
1.4526007,2.3323305,1.4216061,-0.14706838,0.8153311,0.56000543,0
1.7002488,0.31006014,-1.6173606,0.0100604,0.56736529,-0.82340467,0
-1.5947034,2.3341627,-0.22049379,0.0100604,0.56736529,-0.82340467,0
-1.8323803,-0.37874958,-0.74342209,-0.98907506,-0.11546291,-0.091644064,0
1.7946978,0.94314456,0.2068924,0.98907506,0.11546291,0.091644064,0
0.46481138,2.3940015,1.0585443,-0.14706838,0.8153311,0.56000543,0
0.56891108,0.89919972,-1.2744316,0.0100604,0.56736529,-0.82340467,0
-1.6669765,1.5496347,1.6740814,-0.14706838,0.8153311,0.56000543,0
1.9438062,-0.047669172,1.304541,0.98907506,0.11546291,0.091644064,0
-1.3209407,-2.5982382,-0.86850011,0.14706838,-0.8153311,-0.56000543,0
0.27081612,-1.8050046,0.57258451,-0.0100604,-0.56736529,0.82340467,0
-1.8270794,0.25491297,2.009392,-0.0100604,-0.56736529,0.82340467,0
-1.3304276,1.9674336,-0.39901638,0.0100604,0.56736529,-0.82340467,0
-0.66599011,-1.2463595,-2.6487162,0.14706838,-0.8153311,-0.56000543,0
-2.2210026,1.5624349,1.1458725,-0.98907506,-0.11546291,-0.091644064,0
1.9846265,0.33542407,-1.4854918,0.0100604,0.56736529,-0.82340467,0
-2.0900588,1.279345,-0.9229455,-0.98907506,-0.11546291,-0.091644064,0
1.7299745,-2.1591785,0.30841959,-0.0100604,-0.56736529,0.82340467,0
-1.2271056,1.6285143,1.8591166,-0.14706838,0.8153311,0.56000543,0
1.4979298,2.7646105,0.96835947,-0.14706838,0.8153311,0.56000543,0
1.205668,1.5585134,2.6040514,-0.14706838,0.8153311,0.56000543,0
1.3798931,1.7732856,2.2109206,-0.14706838,0.8153311,0.56000543,0
1.2259877,2.2220356,1.6758435,-0.14706838,0.8153311,0.56000543,0
-1.3349154,-2.3804023,-1.4349935,0.14706838,-0.8153311,-0.56000543,0
1.8719105,0.15090024,-1.6743623,0.0100604,0.56736529,-0.82340467,0
-1.6627975,-1.1726986,1.0234904,-0.0100604,-0.56736529,0.82340467,0
1.3557611,2.6638176,-0.037097812,0.0100604,0.56736529,-0.82340467,0
-1.0718292,1.9356902,1.5398529,-0.14706838,0.8153311,0.56000543,0
-0.75526476,-2.9725485,-0.35042143,0.14706838,-0.8153311,-0.56000543,0
1.9558228,-0.3654598,1.277402,0.98907506,0.11546291,0.091644064,0
1.330029,-1.1412251,-2.3839893,0.14706838,-0.8153311,-0.56000543,0
