-2.2899189,-1.948722,1.4398612,-0.012214959,-0.71559179,0.69841206,0
-0.1145494,-1.2393398,2.4113963,-0.012214959,-0.71559179,0.69841206,0
-3.0329492,0.5668838,-1.8860815,-0.8254149,-0.3870227,-0.41097897,0
3.0303841,-0.44086587,1.7580199,0.8254149,0.3870227,0.41097897,0
2.9935346,1.1147199,0.10531163,0.8254149,0.3870227,0.41097897,0
-1.2033546,-2.2191503,-1.601337,0.56439459,-0.5814997,-0.58593255,0
2.4474387,1.9046202,-1.4887387,0.012214959,0.71559179,-0.69841206,0
-0.99590087,-2.9059024,0.48826924,-0.012214959,-0.71559179,0.69841206,0
0.91541517,-2.3985195,0.64937621,0.56439459,-0.5814997,-0.58593255,0
2.5218878,0.14499629,2.2874312,0.8254149,0.3870227,0.41097897,0
-1.9071937,2.1743953,-1.3877943,0.012214959,0.71559179,-0.69841206,0
2.2544022,0.9810673,2.0613337,0.8254149,0.3870227,0.41097897,0
-1.6414173,-2.5802193,1.024675,-0.012214959,-0.71559179,0.69841206,0
-1.5925765,0.23295689,0.84118056,-0.56439459,0.5814997,0.58593255,0
1.713905,2.3719196,1.5212781,0.8254149,0.3870227,0.41097897,0
-0.72193551,0.81571668,-2.7312522,0.012214959,0.71559179,-0.69841206,0
0.34555903,-1.4785163,-0.63843322,0.56439459,-0.5814997,-0.58593255,0
0.54921186,-0.10947919,-1.8134308,0.56439459,-0.5814997,-0.58593255,0
-0.62638891,-2.699717,-0.62233913,0.56439459,-0.5814997,-0.58593255,0
-0.7498703,-1.301919,2.1012857,-0.012214959,-0.71559179,0.69841206,0
0.95840108,-1.8621345,0.24943531,0.56439459,-0.5814997,-0.58593255,0
-2.7074151,-0.6394062,-1.2508194,-0.8254149,-0.3870227,-0.41097897,0
-2.1036549,-0.86648202,-2.469264,-0.8254149,-0.3870227,-0.41097897,0
-1.1000146,1.1980606,-2.3101959,0.012214959,0.71559179,-0.69841206,0
-2.0126975,-0.356363,-3.0364439,-0.8254149,-0.3870227,-0.41097897,0
0.56103897,-2.5256298,0.52117163,0.56439459,-0.5814997,-0.58593255,0
-2.6316674,-2.1645551,0.17307675,-0.8254149,-0.3870227,-0.41097897,0
1.1214595,0.94810241,-2.4796224,0.012214959,0.71559179,-0.69841206,0
-0.094459534,1.5348082,-1.9969369,0.012214959,0.71559179,-0.69841206,0
-2.1761084,1.4473199,-1.9975818,0.012214959,0.71559179,-0.69841206,0
-1.4591553,-2.7968082,-1.1399839,0.56439459,-0.5814997,-0.58593255,0
-2.9486191,-1.1710789,-0.066864491,-0.8254149,-0.3870227,-0.41097897,0
1.6921393,2.1684082,1.7325268,0.8254149,0.3870227,0.41097897,0
0.15479231,2.7138686,-0.72230846,0.012214959,0.71559179,-0.69841206,0
-1.0909851,-3.2000074,0.23595199,-0.012214959,-0.71559179,0.69841206,0
-2.9382443,-0.82621652,-0.65422916,-0.8254149,-0.3870227,-0.41097897,0
1.9887366,-0.099595308,3.3776484,0.8254149,0.3870227,0.41097897,0
-1.5056927,-0.97538614,-3.0232437,0.56439459,-0.5814997,-0.58593255,0
1.2104425,-1.2017928,-0.17299384,0.56439459,-0.5814997,-0.58593255,0
-1.6320348,0.021423578,-3.5449677,0.012214959,0.71559179,-0.69841206,0
1.1536045,-1.5732645,1.9364195,-0.012214959,-0.71559179,0.69841206,0
1.2216095,1.33794,2.3902953,-0.56439459,0.5814997,0.58593255,0
-1.8841146,-1.8351994,-1.6741753,-0.8254149,-0.3870227,-0.41097897,0
-2.2600572,1.0391556,-2.5856116,0.012214959,0.71559179,-0.69841206,0
1.020233,-0.9424938,2.6193266,-0.012214959,-0.71559179,0.69841206,0
1.2533735,3.3551726,0.47138846,-0.56439459,0.5814997,0.58593255,0
-1.2874707,1.6795105,-1.8081368,0.012214959,0.71559179,-0.69841206,0
-2.1696153,1.7409559,-1.3376642,-0.56439459,0.5814997,0.58593255,0
-0.79961741,1.0101211,-2.599607,0.012214959,0.71559179,-0.69841206,0
-0.4115262,-2.1564503,1.4892706,-0.012214959,-0.71559179,0.69841206,0
-1.0227101,-1.7465438,1.7766808,-0.012214959,-0.71559179,0.69841206,0
0.72687483,-1.3993778,2.0905678,-0.012214959,-0.71559179,0.69841206,0
-2.4984114,-0.31001866,0.36798942,-0.56439459,0.5814997,0.58593255,0
2.0861683,0.76801258,-1.3332183,0.56439459,-0.5814997,-0.58593255,0
-2.5699918,1.2672585,-2.4011381,0.012214959,0.71559179,-0.69841206,0
2.0494804,1.2655267,2.1991711,0.8254149,0.3870227,0.41097897,0
2.6063325,0.15751827,1.7420502,0.8254149,0.3870227,0.41097897,0
2.4992278,1.2772975,1.2030652,0.8254149,0.3870227,0.41097897,0
0.31774926,2.0598111,-1.5329155,0.012214959,0.71559179,-0.69841206,0
0.34979537,1.4984922,1.3385534,-0.56439459,0.5814997,0.58593255,0
-3.0762916,-0.55446947,-0.46651793,-0.8254149,-0.3870227,-0.41097897,0
3.1172292,0.55578458,0.32459545,0.8254149,0.3870227,0.41097897,0
2.2754085,-0.0016014576,2.8978965,0.8254149,0.3870227,0.41097897,0
-2.2811861,-0.65550208,-2.0619831,-0.8254149,-0.3870227,-0.41097897,0
-2.4580696,1.4010921,-2.1416488,0.012214959,0.71559179,-0.69841206,0
2.8963478,1.2434474,-1.1339762,0.56439459,-0.5814997,-0.58593255,0
-0.058904409,-2.1276574,1.3611174,-0.012214959,-0.71559179,0.69841206,0
-1.9408884,-0.79862618,-2.4309559,-0.8254149,-0.3870227,-0.41097897,0
1.3073781,1.3695698,-2.1850679,0.012214959,0.71559179,-0.69841206,0
1.7404668,1.0782105,2.6415133,0.8254149,0.3870227,0.41097897,0
-2.3606744,0.68492138,-2.9437284,0.012214959,0.71559179,-0.69841206,0
-0.91562319,2.1873567,-0.49550253,-0.56439459,0.5814997,0.58593255,0
-1.2771006,-3.0577278,0.45468006,-0.012214959,-0.71559179,0.69841206,0
-1.868376,1.510453,-0.76924515,-0.56439459,0.5814997,0.58593255,0
-2.0013227,0.81630516,-0.041377544,-0.56439459,0.5814997,0.58593255,0
-1.1879294,0.96103376,0.35454124,-0.56439459,0.5814997,0.58593255,0
-0.05589056,-1.2414117,2.2254977,-0.012214959,-0.71559179,0.69841206,0
-2.0209553,-0.49876291,-2.5788982,-0.8254149,-0.3870227,-0.41097897,0
-2.8690221,-0.71160078,-1.0593886,-0.8254149,-0.3870227,-0.41097897,0
1.890635,-0.31869721,-0.43606746,0.56439459,-0.5814997,-0.58593255,0
-2.0165281,-1.3778644,-2.0054793,-0.8254149,-0.3870227,-0.41097897,0
-1.2366326,-3.4245174,-0.24456245,0.56439459,-0.5814997,-0.58593255,0
-0.66541529,-0.73945183,2.6312673,-0.56439459,0.5814997,0.58593255,0
-0.4704783,-3.0954454,0.18917687,0.56439459,-0.5814997,-0.58593255,0
-1.4694276,-1.9009129,1.6149545,-0.012214959,-0.71559179,0.69841206,0
-1.3556635,1.7417364,-1.7557989,0.012214959,0.71559179,-0.69841206,0
-1.201004,-2.4652429,-1.104885,0.56439459,-0.5814997,-0.58593255,0
3.0110745,1.0238916,-0.56661046,0.56439459,-0.5814997,-0.58593255,0
2.6270099,2.0540962,-0.014513731,0.8254149,0.3870227,0.41097897,0
1.5931356,0.92483091,3.2358871,-0.56439459,0.5814997,0.58593255,0
-2.4578853,-0.28294373,-1.9888593,-0.8254149,-0.3870227,-0.41097897,0
-1.5484458,-1.3100233,-2.715344,-0.8254149,-0.3870227,-0.41097897,0
-2.9109087,0.89447606,-2.2634869,-0.8254149,-0.3870227,-0.41097897,0
-1.0993007,1.9533952,-1.6959105,0.012214959,0.71559179,-0.69841206,0
2.5089822,-0.75531423,2.9576774,-0.012214959,-0.71559179,0.69841206,0
0.42438608,-2.1102521,-0.12943256,0.56439459,-0.5814997,-0.58593255,0
3.0757508,0.19294393,0.98840976,0.8254149,0.3870227,0.41097897,0
-0.12097359,2.4114249,-1.232496,0.012214959,0.71559179,-0.69841206,0
-2.1536703,-2.5601041,-0.80158675,-0.8254149,-0.3870227,-0.41097897,0
-2.3531308,-2.2449255,-0.24421108,-0.8254149,-0.3870227,-0.41097897,0
-0.87465131,-2.5935271,-0.76801771,0.56439459,-0.5814997,-0.58593255,0
-3.014106,0.63521755,-1.855325,-0.8254149,-0.3870227,-0.41097897,0
-0.49668241,-2.5909374,-0.59091753,0.56439459,-0.5814997,-0.58593255,0
-1.5949681,1.3131363,-2.1953502,0.012214959,0.71559179,-0.69841206,0
-2.4637537,-2.5263524,0.18315089,-0.8254149,-0.3870227,-0.41097897,0
-1.3766793,-0.030933291,-3.7364287,0.012214959,0.71559179,-0.69841206,0
2.4294181,2.5068021,0.11240816,0.8254149,0.3870227,0.41097897,0
2.466109,1.8272724,-1.7632458,0.012214959,0.71559179,-0.69841206,0
0.33388638,-1.697491,1.971343,-0.012214959,-0.71559179,0.69841206,0
3.0696881,-1.0489517,2.3025084,0.8254149,0.3870227,0.41097897,0
-3.0842121,-0.61684918,-0.47910166,-0.8254149,-0.3870227,-0.41097897,0
-1.0735688,1.1616592,0.46820566,-0.56439459,0.5814997,0.58593255,0
1.5898587,-0.86642623,-0.2496351,0.56439459,-0.5814997,-0.58593255,0
1.4587792,-1.9782853,0.69470394,0.56439459,-0.5814997,-0.58593255,0
0.26534462,-1.1309488,-1.2254348,0.56439459,-0.5814997,-0.58593255,0
2.2824521,-0.13058925,3.0525653,0.8254149,0.3870227,0.41097897,0
-2.5851879,-2.1241417,-0.18681908,-0.8254149,-0.3870227,-0.41097897,0
2.0676699,0.79181248,-1.4328728,0.56439459,-0.5814997,-0.58593255,0
3.0754681,1.0381674,0.041625023,0.8254149,0.3870227,0.41097897,0
1.8688238,2.4601378,1.0749767,0.8254149,0.3870227,0.41097897,0
-2.1112103,-1.5542792,1.9281077,-0.012214959,-0.71559179,0.69841206,0
-1.4313495,0.82663006,-2.6357112,0.012214959,0.71559179,-0.69841206,0
-0.58502793,-3.3796737,0.2026784,-0.012214959,-0.71559179,0.69841206,0
-2.5200801,0.70923221,-0.50161779,-0.56439459,0.5814997,0.58593255,0
0.59794962,-2.4471598,1.1119187,-0.012214959,-0.71559179,0.69841206,0
-1.4036707,2.0288188,-1.6128426,0.012214959,0.71559179,-0.69841206,0
-2.7115493,0.64458418,-2.6776378,-0.8254149,-0.3870227,-0.41097897,0
-2.0391819,0.65583634,-2.9638717,0.012214959,0.71559179,-0.69841206,0
-1.540014,-1.1302116,-3.040381,-0.8254149,-0.3870227,-0.41097897,0
2.0395465,2.2490287,1.1868392,0.8254149,0.3870227,0.41097897,0
2.4753807,1.7471708,0.91627765,0.8254149,0.3870227,0.41097897,0
2.6726477,2.2437747,-1.124963,0.012214959,0.71559179,-0.69841206,0
2.829417,1.0782995,0.82150078,0.8254149,0.3870227,0.41097897,0
0.29717898,0.28881648,2.5248659,-0.56439459,0.5814997,0.58593255,0
0.56716615,-1.2716039,-0.59995443,0.56439459,-0.5814997,-0.58593255,0
-1.8033168,-0.54105926,-3.1226318,-0.8254149,-0.3870227,-0.41097897,0
1.8272061,1.994696,1.5212715,0.8254149,0.3870227,0.41097897,0
-0.32914364,2.4108336,-0.27956542,-0.56439459,0.5814997,0.58593255,0
1.8041053,2.4559875,1.2648441,0.8254149,0.3870227,0.41097897,0
1.9323635,-0.15884387,-0.4898842,0.56439459,-0.5814997,-0.58593255,0
0.19261527,1.7601717,-1.6718472,0.012214959,0.71559179,-0.69841206,0
-2.1774168,-0.95157701,1.3818847,-0.56439459,0.5814997,0.58593255,0
2.4797966,0.24218655,-0.51840615,0.56439459,-0.5814997,-0.58593255,0
-0.24479806,1.9828999,0.50549752,-0.56439459,0.5814997,0.58593255,0
-2.3966873,0.4004401,-3.0662923,-0.8254149,-0.3870227,-0.41097897,0
0.27922702,1.8642942,-1.8041462,0.012214959,0.71559179,-0.69841206,0
-2.4951642,-1.5657997,-0.59537637,-0.8254149,-0.3870227,-0.41097897,0
-0.45290825,1.105612,1.0883245,-0.56439459,0.5814997,0.58593255,0
-2.4116023,-1.0427921,-1.5226839,-0.8254149,-0.3870227,-0.41097897,0
-0.46391106,1.3860935,-2.1474445,0.012214959,0.71559179,-0.69841206,0
-2.0379386,-0.7697174,-2.3026628,-0.8254149,-0.3870227,-0.41097897,0
-1.1598171,0.81118691,-2.8931792,0.012214959,0.71559179,-0.69841206,0
-0.16675258,2.8041043,-0.69746172,0.012214959,0.71559179,-0.69841206,0
2.652597,-1.8006932,1.6544123,0.56439459,-0.5814997,-0.58593255,0
2.2028847,0.17362511,2.928679,0.8254149,0.3870227,0.41097897,0
1.5700743,-2.1990254,1.3416651,-0.012214959,-0.71559179,0.69841206,0
0.28416291,1.5219376,1.311473,-0.56439459,0.5814997,0.58593255,0
1.8295169,2.2794847,-1.1689833,0.012214959,0.71559179,-0.69841206,0
0.023633957,-2.8953497,0.40847328,0.56439459,-0.5814997,-0.58593255,0
-0.39139271,2.0850427,0.027697146,-0.56439459,0.5814997,0.58593255,0
-1.4032871,1.0312586,-2.4205947,0.012214959,0.71559179,-0.69841206,0
1.8247001,-1.104124,2.5795007,-0.012214959,-0.71559179,0.69841206,0
2.2323232,2.6438484,0.31850922,0.8254149,0.3870227,0.41097897,0
-0.54712987,-1.2335081,2.2935174,-0.012214959,-0.71559179,0.69841206,0
-1.7679346,-3.610527,-0.18208992,-0.012214959,-0.71559179,0.69841206,0
2.0203395,3.3266418,0.27971601,0.8254149,0.3870227,0.41097897,0
-0.72680962,1.1929469,-2.2737973,0.012214959,0.71559179,-0.69841206,0
-1.4544106,1.3246255,-2.1527333,0.012214959,0.71559179,-0.69841206,0
-0.39772415,-0.93470985,-2.1118274,0.56439459,-0.5814997,-0.58593255,0
2.0792222,0.51255971,2.4997854,0.8254149,0.3870227,0.41097897,0
-2.0890374,-2.4951646,0.99790359,-0.012214959,-0.71559179,0.69841206,0
2.4320116,2.4820092,-0.11472738,0.8254149,0.3870227,0.41097897,0
0.15068129,1.4415456,1.3413492,-0.56439459,0.5814997,0.58593255,0
0.88120437,1.2059244,2.2156811,-0.56439459,0.5814997,0.58593255,0
-0.077864647,0.027426675,-2.7295573,0.56439459,-0.5814997,-0.58593255,0
2.1308477,1.412359,-1.9311568,0.56439459,-0.5814997,-0.58593255,0
-1.9666579,-2.1374426,1.4455485,-0.012214959,-0.71559179,0.69841206,0
2.1121089,-0.55759037,0.10352075,0.56439459,-0.5814997,-0.58593255,0
1.6523423,2.2830069,-1.0855285,0.012214959,0.71559179,-0.69841206,0
3.03316,2.0241032,-0.69005919,0.8254149,0.3870227,0.41097897,0
0.11946988,1.7290118,-1.7698083,0.012214959,0.71559179,-0.69841206,0
-2.8741317,-0.11416209,-1.6365218,-0.8254149,-0.3870227,-0.41097897,0
0.4585005,-2.4173105,0.9964354,-0.012214959,-0.71559179,0.69841206,0
-2.7867947,-1.5145049,-0.51612103,-0.8254149,-0.3870227,-0.41097897,0
2.0504854,2.8473682,-0.68231046,0.012214959,0.71559179,-0.69841206,0
-0.24500585,-1.5900415,1.8873831,-0.012214959,-0.71559179,0.69841206,0
-2.0669925,-0.93125033,-2.4699936,-0.8254149,-0.3870227,-0.41097897,0
-0.38694322,-0.48280331,-2.4020615,0.56439459,-0.5814997,-0.58593255,0
0.50951838,-0.26248819,3.1999197,-0.56439459,0.5814997,0.58593255,0
1.1653209,2.703721,-0.81723619,0.012214959,0.71559179,-0.69841206,0
-0.46487498,-1.9296732,1.7131131,-0.012214959,-0.71559179,0.69841206,0
-1.7939856,-0.28548926,-3.2946868,-0.8254149,-0.3870227,-0.41097897,0
2.3932571,1.3762925,1.0392456,0.8254149,0.3870227,0.41097897,0
-1.4652733,0.93985498,-2.6079135,0.012214959,0.71559179,-0.69841206,0
-3.2496309,0.98176479,-1.5598152,-0.56439459,0.5814997,0.58593255,0
1.7151246,0.23597431,3.4851718,0.8254149,0.3870227,0.41097897,0
-2.8618917,0.7724694,-0.93614364,-0.56439459,0.5814997,0.58593255,0
1.7803011,-0.90342164,2.6918125,-0.012214959,-0.71559179,0.69841206,0
-2.887538,-1.3855656,0.012027025,-0.8254149,-0.3870227,-0.41097897,0
1.8085895,1.9490016,-1.4679785,0.012214959,0.71559179,-0.69841206,0
-1.4955661,-1.8885729,1.6174557,-0.012214959,-0.71559179,0.69841206,0
-0.7767244,-2.1585886,-1.1600572,0.56439459,-0.5814997,-0.58593255,0
-0.37431654,-1.4123181,-1.3670741,0.56439459,-0.5814997,-0.58593255,0
3.0400698,0.95959419,0.47033787,0.8254149,0.3870227,0.41097897,0
3.134438,1.0492067,0.11960554,0.8254149,0.3870227,0.41097897,0
0.6181283,-1.2378511,-0.59302676,0.56439459,-0.5814997,-0.58593255,0
-1.0254364,-1.2894741,-2.2962079,0.56439459,-0.5814997,-0.58593255,0
-2.1262405,-2.6608822,0.71337837,-0.012214959,-0.71559179,0.69841206,0
1.4617659,0.55574507,-1.5907516,0.56439459,-0.5814997,-0.58593255,0
0.49009776,-0.70038444,2.731946,-0.012214959,-0.71559179,0.69841206,0
2.2163706,-0.60768414,3.0954947,-0.012214959,-0.71559179,0.69841206,0
0.089225769,1.7904383,-1.6118853,0.012214959,0.71559179,-0.69841206,0
-2.3159904,0.62829375,-3.0205803,-0.8254149,-0.3870227,-0.41097897,0
0.89032018,-0.9758538,2.6071498,-0.012214959,-0.71559179,0.69841206,0
0.26437867,-1.1392086,-1.1761246,0.56439459,-0.5814997,-0.58593255,0
-1.0173459,-0.29076654,1.8152256,-0.56439459,0.5814997,0.58593255,0
2.3965769,-1.0452249,0.72097301,0.56439459,-0.5814997,-0.58593255,0
-2.4190295,-1.64165,1.8526008,-0.012214959,-0.71559179,0.69841206,0
-2.7838242,-0.67333305,-1.1511805,-0.8254149,-0.3870227,-0.41097897,0
2.5463915,0.14983034,-0.15126634,0.56439459,-0.5814997,-0.58593255,0
1.1442084,-0.40369493,-1.1066048,0.56439459,-0.5814997,-0.58593255,0
3.1243484,2.3134475,-1.170404,0.8254149,0.3870227,0.41097897,0
-2.4807587,-2.3658292,-0.23465967,-0.8254149,-0.3870227,-0.41097897,0
2.2346177,-1.3536613,0.89158022,0.56439459,-0.5814997,-0.58593255,0
0.1171211,-2.6296732,0.081407875,0.56439459,-0.5814997,-0.58593255,0
0.37069064,0.90735579,2.1337557,-0.56439459,0.5814997,0.58593255,0
-2.7360964,0.61567938,-0.74974513,-0.56439459,0.5814997,0.58593255,0
0.34315121,-2.4493866,0.9727152,-0.012214959,-0.71559179,0.69841206,0
-0.33414721,1.2003955,-2.4508121,0.012214959,0.71559179,-0.69841206,0
2.5688374,-0.69970751,0.54755473,0.56439459,-0.5814997,-0.58593255,0
-1.1914933,1.4323194,0.020190001,-0.56439459,0.5814997,0.58593255,0
1.689113,1.4158893,2.4587631,0.8254149,0.3870227,0.41097897,0
-2.3310747,-0.3572973,-2.2043002,-0.8254149,-0.3870227,-0.41097897,0
3.2681823,0.81056869,-0.21983123,0.56439459,-0.5814997,-0.58593255,0
0.50892556,-2.6264713,1.0330617,-0.012214959,-0.71559179,0.69841206,0
0.6151588,-1.7866857,-0.29106984,0.56439459,-0.5814997,-0.58593255,0
0.098218679,1.2818882,-2.3540771,0.012214959,0.71559179,-0.69841206,0
-0.86883736,-1.1463898,2.3871777,-0.012214959,-0.71559179,0.69841206,0
0.47550106,-0.67161024,2.9954019,-0.012214959,-0.71559179,0.69841206,0
0.090517744,-1.2320471,-1.2457144,0.56439459,-0.5814997,-0.58593255,0
1.1018825,2.5860262,-0.77516335,0.012214959,0.71559179,-0.69841206,0
-2.0757263,-2.9532425,-0.25705099,-0.8254149,-0.3870227,-0.41097897,0
2.3525207,3.1032338,-0.41064143,0.8254149,0.3870227,0.41097897,0
-2.112329,0.96244955,-0.31370223,-0.56439459,0.5814997,0.58593255,0
3.1720819,-0.83790731,1.7501202,0.8254149,0.3870227,0.41097897,0
-2.0206835,-1.6580752,-1.6946697,-0.8254149,-0.3870227,-0.41097897,0
0.28112435,2.1137853,-1.4233208,0.012214959,0.71559179,-0.69841206,0
0.78460753,-1.4136932,-0.53807712,0.56439459,-0.5814997,-0.58593255,0
1.757472,1.0160244,-1.8862066,0.56439459,-0.5814997,-0.58593255,0
1.7345123,-1.4346178,0.4921453,0.56439459,-0.5814997,-0.58593255,0
-0.98661172,-0.043056771,-3.5307512,0.56439459,-0.5814997,-0.58593255,0
-2.0271256,-1.1434876,-2.2214375,-0.8254149,-0.3870227,-0.41097897,0
1.2740194,-1.3766847,2.0790896,-0.012214959,-0.71559179,0.69841206,0
1.1602046,-1.3480084,2.1979003,-0.012214959,-0.71559179,0.69841206,0
-0.83296728,2.4240339,-1.1867031,0.012214959,0.71559179,-0.69841206,0
1.3035713,-1.0612791,2.516293,-0.012214959,-0.71559179,0.69841206,0
2.0893075,0.47964126,-0.98510259,0.56439459,-0.5814997,-0.58593255,0
-1.749886,-1.2359536,2.2374907,-0.56439459,0.5814997,0.58593255,0
1.7330902,3.0163112,1.1511393,0.8254149,0.3870227,0.41097897,0
-2.7983186,-0.92432791,-0.73830295,-0.8254149,-0.3870227,-0.41097897,0
3.0623853,0.92735898,0.3194046,0.8254149,0.3870227,0.41097897,0
-2.1087217,-2.4456923,-0.55787241,-0.8254149,-0.3870227,-0.41097897,0
2.3867834,2.5867445,-0.85193515,0.012214959,0.71559179,-0.69841206,0
-0.14934063,-0.21876106,2.5008686,-0.56439459,0.5814997,0.58593255,0
2.5313892,0.50816667,1.8192492,0.8254149,0.3870227,0.41097897,0
-1.1595402,-2.3630781,1.1811392,-0.012214959,-0.71559179,0.69841206,0
1.3511343,-1.9430217,0.59609962,0.56439459,-0.5814997,-0.58593255,0
-0.41181266,0.447862,1.7890795,-0.56439459,0.5814997,0.58593255,0
-0.15386915,-1.4508116,2.0803866,-0.012214959,-0.71559179,0.69841206,0
2.4911475,-0.7957921,2.6738367,-0.012214959,-0.71559179,0.69841206,0
-1.3133185,-0.93206066,2.1830063,-0.56439459,0.5814997,0.58593255,0
2.7666602,0.33106899,1.4863284,0.8254149,0.3870227,0.41097897,0
3.0420134,1.0898094,-0.59977472,0.56439459,-0.5814997,-0.58593255,0
-1.2955459,1.7660867,-1.8408386,0.012214959,0.71559179,-0.69841206,0
2.8206072,1.7701668,-0.20779729,0.8254149,0.3870227,0.41097897,0
-1.349504,0.88215721,-2.7361042,0.012214959,0.71559179,-0.69841206,0
-3.1572218,-0.1706388,-0.80799747,-0.8254149,-0.3870227,-0.41097897,0
2.9049962,1.0498385,0.25496292,0.8254149,0.3870227,0.41097897,0
0.53651857,1.4182678,1.5499973,-0.56439459,0.5814997,0.58593255,0
-3.0931969,-0.62186408,-0.43960834,-0.8254149,-0.3870227,-0.41097897,0
-3.0499868,1.3777202,-2.104111,0.012214959,0.71559179,-0.69841206,0
2.9984641,-0.35119236,0.67482758,0.56439459,-0.5814997,-0.58593255,0
-1.5124605,-2.8554401,-1.0356477,0.56439459,-0.5814997,-0.58593255,0
2.4912105,-0.90483367,0.87614012,0.56439459,-0.5814997,-0.58593255,0
2.5115016,0.69147569,1.4498119,0.8254149,0.3870227,0.41097897,0
3.176625,-0.94578183,1.8898754,0.8254149,0.3870227,0.41097897,0
3.3173699,1.662029,-0.91943502,0.8254149,0.3870227,0.41097897,0
-2.9127707,-0.78051805,-0.62141466,-0.8254149,-0.3870227,-0.41097897,0
1.5145633,0.32696921,3.5716689,-0.56439459,0.5814997,0.58593255,0
-2.1154885,-2.3247106,-0.87068772,-0.8254149,-0.3870227,-0.41097897,0
-0.37482381,-0.7610662,2.8125839,-0.012214959,-0.71559179,0.69841206,0
-2.7761374,-0.43771732,-1.5284138,-0.8254149,-0.3870227,-0.41097897,0
0.9695034,0.93951917,-2.5704312,0.012214959,0.71559179,-0.69841206,0
-1.8757588,-0.55679864,1.4413623,-0.56439459,0.5814997,0.58593255,0
-2.983882,-0.52290428,-1.0275714,-0.8254149,-0.3870227,-0.41097897,0
-1.5712509,-3.7216873,-0.19578892,-0.012214959,-0.71559179,0.69841206,0
-0.90184915,1.5761871,-2.0312796,0.012214959,0.71559179,-0.69841206,0
2.4207344,-1.0867854,2.5775051,-0.012214959,-0.71559179,0.69841206,0
-0.074154139,-0.92090505,2.5411575,-0.012214959,-0.71559179,0.69841206,0
-2.9442143,0.88144755,-0.98577523,-0.56439459,0.5814997,0.58593255,0
1.212522,-0.74997818,2.9453447,-0.012214959,-0.71559179,0.69841206,0
-3.0733902,1.1932578,-2.2269852,-0.8254149,-0.3870227,-0.41097897,0
2.6784029,-0.26937389,0.34176779,0.56439459,-0.5814997,-0.58593255,0
0.027833462,-2.5933754,0.79257405,-0.012214959,-0.71559179,0.69841206,0
-2.0283964,-3.3138731,0.1397444,-0.012214959,-0.71559179,0.69841206,0
1.130004,-1.6046224,2.0562675,-0.012214959,-0.71559179,0.69841206,0
0.97640467,-1.9938631,1.6087937,-0.012214959,-0.71559179,0.69841206,0
1.112744,-1.5420358,1.9537822,-0.012214959,-0.71559179,0.69841206,0
2.4232953,2.0278659,0.54162884,0.8254149,0.3870227,0.41097897,0
0.62462366,0.18139386,3.034415,-0.56439459,0.5814997,0.58593255,0
-0.71562159,2.584841,-0.82364661,-0.56439459,0.5814997,0.58593255,0
-1.424322,1.4046059,-2.2991748,0.012214959,0.71559179,-0.69841206,0
1.9195867,3.3164046,-0.27717853,0.012214959,0.71559179,-0.69841206,0
-3.0837152,0.85382497,-1.2593939,-0.56439459,0.5814997,0.58593255,0
1.6429895,-1.1282371,2.5406332,-0.012214959,-0.71559179,0.69841206,0
-2.3575163,-1.2135866,-1.3834771,-0.8254149,-0.3870227,-0.41097897,0
-0.99013925,-1.5893488,-1.9275346,0.56439459,-0.5814997,-0.58593255,0
2.025013,0.74055731,-1.2638597,0.56439459,-0.5814997,-0.58593255,0
3.1069736,-1.3634193,2.1138942,-0.012214959,-0.71559179,0.69841206,0
3.0541687,-0.74940681,1.1047707,0.56439459,-0.5814997,-0.58593255,0
1.6996611,2.7588406,1.1143626,0.8254149,0.3870227,0.41097897,0
2.0950978,0.83454365,2.1735067,0.8254149,0.3870227,0.41097897,0
-3.1924117,1.4501008,-1.9467404,-0.56439459,0.5814997,0.58593255,0
1.5844523,-1.3360261,2.3565545,-0.012214959,-0.71559179,0.69841206,0
1.1701185,-0.021706253,3.5728502,-0.012214959,-0.71559179,0.69841206,0
3.1469045,0.13863993,0.92035913,0.8254149,0.3870227,0.41097897,0
1.8399463,-0.13863051,3.4069819,-0.012214959,-0.71559179,0.69841206,0
2.8018503,-0.71429443,2.4985197,0.8254149,0.3870227,0.41097897,0
2.9612207,-1.0172337,2.3454483,0.8254149,0.3870227,0.41097897,0
0.070795059,2.175864,-1.2250401,0.012214959,0.71559179,-0.69841206,0
-1.4973507,-0.75133669,1.7011368,-0.56439459,0.5814997,0.58593255,0
1.2538385,0.2243939,3.6341233,-0.56439459,0.5814997,0.58593255,0
1.403411,-0.52226132,2.990926,-0.012214959,-0.71559179,0.69841206,0
0.76596546,1.2947558,2.1397421,-0.56439459,0.5814997,0.58593255,0
-2.6245549,-2.5731287,0.55865359,-0.8254149,-0.3870227,-0.41097897,0
3.2353995,0.18454218,0.21082973,0.56439459,-0.5814997,-0.58593255,0
-1.3083398,-3.0563745,-0.84726888,0.56439459,-0.5814997,-0.58593255,0
0.91806412,0.18477738,-1.8334706,0.56439459,-0.5814997,-0.58593255,0
-0.60489678,-0.10565066,2.2460778,-0.56439459,0.5814997,0.58593255,0
0.060149193,-2.1471808,1.4553282,-0.012214959,-0.71559179,0.69841206,0
-1.3347172,-2.8821578,-0.97181463,0.56439459,-0.5814997,-0.58593255,0
-0.22805452,-3.2204273,0.38174808,-0.012214959,-0.71559179,0.69841206,0
-0.57061148,-1.7898374,1.7447002,-0.012214959,-0.71559179,0.69841206,0
-1.7307591,0.85399383,-2.6560063,0.012214959,0.71559179,-0.69841206,0
0.95340753,-0.0033271909,-1.8062851,0.56439459,-0.5814997,-0.58593255,0
-1.5342879,-3.5710511,-0.18386829,-0.012214959,-0.71559179,0.69841206,0
-2.5412607,-2.0331566,-0.051992774,-0.8254149,-0.3870227,-0.41097897,0
0.59766793,1.5458864,-1.8913602,0.012214959,0.71559179,-0.69841206,0
2.1646631,1.2801715,1.9255064,0.8254149,0.3870227,0.41097897,0
-2.6877728,-1.520155,-0.39952064,-0.8254149,-0.3870227,-0.41097897,0
-2.8690591,-1.9395988,0.47235382,-0.8254149,-0.3870227,-0.41097897,0
3.1143606,1.5842254,-0.4692601,0.8254149,0.3870227,0.41097897,0
-2.9332507,0.044176817,-1.4388964,-0.8254149,-0.3870227,-0.41097897,0
3.0305042,-1.5889819,2.0343592,-0.012214959,-0.71559179,0.69841206,0
1.6008625,3.2912073,-0.29395252,0.012214959,0.71559179,-0.69841206,0
-2.4622855,-1.4863477,-0.99887526,-0.8254149,-0.3870227,-0.41097897,0
-1.7386317,-2.4496012,1.1107827,-0.012214959,-0.71559179,0.69841206,0
1.900233,1.5356356,2.1362734,0.8254149,0.3870227,0.41097897,0
1.8862205,0.091329098,-0.66679811,0.56439459,-0.5814997,-0.58593255,0
2.5343723,-1.0246502,0.77952385,0.56439459,-0.5814997,-0.58593255,0
-3.3515215,0.35010552,-1.0598137,-0.8254149,-0.3870227,-0.41097897,0
1.7544842,-1.8771702,1.5685341,-0.012214959,-0.71559179,0.69841206,0
1.7043681,-1.9151986,0.99455249,0.56439459,-0.5814997,-0.58593255,0
-2.5077724,0.12176466,0.0067237616,-0.56439459,0.5814997,0.58593255,0
-2.2871509,0.38818157,-3.0381107,-0.8254149,-0.3870227,-0.41097897,0
-0.7555654,0.82911897,-2.801873,0.012214959,0.71559179,-0.69841206,0
-0.23706198,1.0856632,-2.5024028,0.012214959,0.71559179,-0.69841206,0
1.9991844,1.997529,-1.5075359,0.012214959,0.71559179,-0.69841206,0
1.9036348,2.3734519,1.1487972,0.8254149,0.3870227,0.41097897,0
-0.75431573,1.192739,-2.4763718,0.012214959,0.71559179,-0.69841206,0
3.2988172,-0.3300848,0.79047656,0.56439459,-0.5814997,-0.58593255,0
0.90217781,3.238538,-0.1883435,0.012214959,0.71559179,-0.69841206,0
-0.94097221,1.1603343,-2.5032735,0.012214959,0.71559179,-0.69841206,0
-1.8513913,-3.6734257,-0.32224488,-0.8254149,-0.3870227,-0.41097897,0
-0.66412663,2.2066653,-1.3709908,0.012214959,0.71559179,-0.69841206,0
-2.390976,-2.7996454,0.11848378,-0.8254149,-0.3870227,-0.41097897,0
-0.84290278,1.9152745,-1.7023443,0.012214959,0.71559179,-0.69841206,0
2.7104642,-0.82307053,2.4894695,0.8254149,0.3870227,0.41097897,0
-2.0112946,-3.1780946,-0.23573172,-0.8254149,-0.3870227,-0.41097897,0
-1.5166326,0.27277732,0.69097775,-0.56439459,0.5814997,0.58593255,0
-2.1089199,-2.7635341,0.68916482,-0.012214959,-0.71559179,0.69841206,0
1.2903657,0.19092602,-1.5096965,0.56439459,-0.5814997,-0.58593255,0
1.706373,-1.2915021,0.30758488,0.56439459,-0.5814997,-0.58593255,0
-2.6303949,0.02211678,-1.9184017,-0.8254149,-0.3870227,-0.41097897,0
-0.59354496,0.017778628,-3.3060722,0.56439459,-0.5814997,-0.58593255,0
0.45939755,0.42252365,2.679935,-0.56439459,0.5814997,0.58593255,0
-1.1653739,1.9838881,-1.553777,0.012214959,0.71559179,-0.69841206,0
-2.7315035,0.13525712,-0.32255411,-0.56439459,0.5814997,0.58593255,0
-2.0685816,1.9905188,-1.701179,0.012214959,0.71559179,-0.69841206,0
-0.36000633,-1.4669966,1.9610876,-0.012214959,-0.71559179,0.69841206,0
1.0751677,2.5408258,-1.0858744,0.012214959,0.71559179,-0.69841206,0
2.7132258,0.84284264,1.090259,0.8254149,0.3870227,0.41097897,0
3.0928636,2.2562327,-1.1468427,0.8254149,0.3870227,0.41097897,0
2.7869887,-0.98959529,2.5277145,0.8254149,0.3870227,0.41097897,0
3.0405436,0.62251437,-0.24584746,0.56439459,-0.5814997,-0.58593255,0
-2.0736489,1.3476025,-2.3287401,0.012214959,0.71559179,-0.69841206,0
2.97493,-0.5563947,1.6510901,0.8254149,0.3870227,0.41097897,0
-1.2367961,-0.63772279,-3.0522194,0.56439459,-0.5814997,-0.58593255,0
0.67109632,3.3981371,-0.15894631,-0.56439459,0.5814997,0.58593255,0
-0.73668385,-2.0010772,1.6267375,-0.012214959,-0.71559179,0.69841206,0
-2.6023722,-1.9981935,-0.33668685,-0.8254149,-0.3870227,-0.41097897,0
-0.3873105,-2.2044632,1.2519222,-0.012214959,-0.71559179,0.69841206,0
-1.8468025,-0.011455059,0.87066996,-0.56439459,0.5814997,0.58593255,0
-3.2525558,-0.74463177,0.087119818,-0.56439459,0.5814997,0.58593255,0
-1.85272,-2.7668381,0.69397759,-0.012214959,-0.71559179,0.69841206,0
-2.45522,-2.1964669,-0.25867784,-0.8254149,-0.3870227,-0.41097897,0
-2.6187568,0.73562717,-2.8999388,0.012214959,0.71559179,-0.69841206,0
0.39036965,1.037972,-2.4816403,0.012214959,0.71559179,-0.69841206,0
-0.41530547,1.5460172,0.49246061,-0.56439459,0.5814997,0.58593255,0
-0.78763461,-2.6357367,0.98546094,-0.012214959,-0.71559179,0.69841206,0
3.1481826,-0.26142824,1.0376472,0.8254149,0.3870227,0.41097897,0
1.8054156,-0.40221882,-0.55004072,0.56439459,-0.5814997,-0.58593255,0
-1.5401304,-3.2898273,0.31891674,-0.012214959,-0.71559179,0.69841206,0
-2.8739312,-2.3336,0.84838605,-0.8254149,-0.3870227,-0.41097897,0
-1.588119,-2.6780825,0.69652855,-0.012214959,-0.71559179,0.69841206,0
-1.2940559,2.1347532,-1.4999384,0.012214959,0.71559179,-0.69841206,0
-2.022624,-2.8440952,-0.64744985,-0.8254149,-0.3870227,-0.41097897,0
0.59210742,-2.2988219,1.168911,-0.012214959,-0.71559179,0.69841206,0
-1.4421233,0.86587584,-2.7429614,0.012214959,0.71559179,-0.69841206,0
3.2592003,1.5131141,-0.653983,0.8254149,0.3870227,0.41097897,0
2.6315589,0.55778271,1.2963878,0.8254149,0.3870227,0.41097897,0
-2.0825143,-2.7305341,-0.34725702,-0.8254149,-0.3870227,-0.41097897,0
-2.8293056,-0.54368162,0.23847115,-0.56439459,0.5814997,0.58593255,0
0.52130198,3.0569391,-0.30289271,0.012214959,0.71559179,-0.69841206,0
2.0663669,1.4394146,-1.9624326,0.56439459,-0.5814997,-0.58593255,0
2.1964514,2.2069383,-1.3112248,0.012214959,0.71559179,-0.69841206,0
-2.1537325,-1.4372759,1.9286416,-0.012214959,-0.71559179,0.69841206,0
0.015741825,0.7877214,-2.9145625,0.012214959,0.71559179,-0.69841206,0
-1.3316097,1.1371264,0.20885301,-0.56439459,0.5814997,0.58593255,0
1.1320672,1.132021,2.3616469,-0.56439459,0.5814997,0.58593255,0
1.6217276,-1.6814332,2.0191689,-0.012214959,-0.71559179,0.69841206,0
-3.0698798,0.040003538,-0.41837168,-0.56439459,0.5814997,0.58593255,0
1.7402791,1.8350205,2.1969347,0.8254149,0.3870227,0.41097897,0
-1.4483306,1.5585914,-0.27997518,-0.56439459,0.5814997,0.58593255,0
-2.3012087,-0.39077842,-2.3518035,-0.8254149,-0.3870227,-0.41097897,0
0.50712919,2.455826,-1.0829411,0.012214959,0.71559179,-0.69841206,0
-2.918165,0.97146773,-1.3315082,-0.56439459,0.5814997,0.58593255,0
-1.7122623,-1.9740396,-1.9909596,-0.8254149,-0.3870227,-0.41097897,0
2.729809,0.15652359,1.4643018,0.8254149,0.3870227,0.41097897,0
-3.1252401,-1.3242769,0.14854693,-0.8254149,-0.3870227,-0.41097897,0
-1.5466394,-2.2342415,-1.9815688,0.56439459,-0.5814997,-0.58593255,0
-0.79938918,1.7116265,0.063579917,-0.56439459,0.5814997,0.58593255,0
-0.93251324,0.11838949,-3.4747593,0.012214959,0.71559179,-0.69841206,0
-0.15076411,2.5202034,-0.059838533,-0.56439459,0.5814997,0.58593255,0
-2.9812901,-1.2438533,-0.18224907,-0.8254149,-0.3870227,-0.41097897,0
-3.0502076,-1.8769989,0.80880153,-0.8254149,-0.3870227,-0.41097897,0
-2.8908939,-2.2923594,0.46169508,-0.8254149,-0.3870227,-0.41097897,0
-1.1699841,-2.3673847,-1.2257793,0.56439459,-0.5814997,-0.58593255,0
-2.5544286,0.10596788,-2.452615,-0.8254149,-0.3870227,-0.41097897,0
-0.16351151,-1.6800272,1.7689003,-0.012214959,-0.71559179,0.69841206,0
-1.1803491,-2.3731399,-1.1989136,0.56439459,-0.5814997,-0.58593255,0
0.64383519,-2.1662769,1.3142517,-0.012214959,-0.71559179,0.69841206,0
-2.968257,-1.0253348,-0.32721972,-0.8254149,-0.3870227,-0.41097897,0
-0.7994231,2.1887968,-1.2339206,0.012214959,0.71559179,-0.69841206,0
-2.59041,-0.35034311,0.30834043,-0.56439459,0.5814997,0.58593255,0
2.8624086,0.3958447,1.0094013,0.8254149,0.3870227,0.41097897,0
0.04787159,-1.103545,-1.5072802,0.56439459,-0.5814997,-0.58593255,0
-0.069883108,-0.32586759,2.952302,-0.56439459,0.5814997,0.58593255,0
2.5929992,0.85413694,1.4490908,0.8254149,0.3870227,0.41097897,0
-2.0010967,-0.71985644,-2.6417556,-0.8254149,-0.3870227,-0.41097897,0
2.233851,1.990108,-1.6091547,0.012214959,0.71559179,-0.69841206,0
2.3803098,2.0612733,-1.3884084,0.012214959,0.71559179,-0.69841206,0
-1.1988645,0.24314135,-3.3020697,0.012214959,0.71559179,-0.69841206,0
-0.52002966,2.1062696,-1.4025836,0.012214959,0.71559179,-0.69841206,0
2.003556,1.0497895,2.1467202,0.8254149,0.3870227,0.41097897,0
-0.0090142488,-0.35152727,-2.1782789,0.56439459,-0.5814997,-0.58593255,0
-0.69798517,1.811245,-1.8575619,0.012214959,0.71559179,-0.69841206,0
-0.34406209,-1.6059338,2.0188291,-0.012214959,-0.71559179,0.69841206,0
-2.2258666,0.15260839,-3.179436,-0.8254149,-0.3870227,-0.41097897,0
-0.39726949,1.7375998,-1.8060218,0.012214959,0.71559179,-0.69841206,0
-1.7822745,-1.5663233,2.0734205,-0.012214959,-0.71559179,0.69841206,0
2.3940382,1.9633251,0.67959642,0.8254149,0.3870227,0.41097897,0
-1.5697532,-2.0669239,1.4320948,-0.012214959,-0.71559179,0.69841206,0
-0.59902477,-3.0816827,0.011315987,0.56439459,-0.5814997,-0.58593255,0
2.9479952,0.63892353,0.63555169,0.8254149,0.3870227,0.41097897,0
-1.8304322,-0.98214579,-2.5651314,-0.8254149,-0.3870227,-0.41097897,0
2.4204164,-0.59282851,2.7860341,0.8254149,0.3870227,0.41097897,0
2.1553557,2.3888664,0.74760127,0.8254149,0.3870227,0.41097897,0
-2.7327514,-1.2975438,-0.64999759,-0.8254149,-0.3870227,-0.41097897,0
1.0327954,1.3584771,2.164449,-0.56439459,0.5814997,0.58593255,0
-0.44991994,-0.95245063,2.5541744,-0.012214959,-0.71559179,0.69841206,0
-2.3087144,-1.8307481,-1.1418424,-0.8254149,-0.3870227,-0.41097897,0
1.7262931,2.5082488,-1.0263054,0.012214959,0.71559179,-0.69841206,0
-2.4772966,0.28857315,-2.6610761,-0.8254149,-0.3870227,-0.41097897,0
0.38603741,1.8139156,1.2683721,-0.56439459,0.5814997,0.58593255,0
-1.3911406,-2.3205514,-1.7490137,0.56439459,-0.5814997,-0.58593255,0
-1.7294006,-2.0233018,-1.8148818,-0.8254149,-0.3870227,-0.41097897,0
-1.9568574,-2.4465792,-0.9587121,-0.8254149,-0.3870227,-0.41097897,0
-0.31981492,-0.080847204,2.1642048,-0.56439459,0.5814997,0.58593255,0
-2.7524986,-1.8585266,0.015444994,-0.8254149,-0.3870227,-0.41097897,0
2.7634997,-1.1100707,2.3501055,-0.012214959,-0.71559179,0.69841206,0
0.16601634,1.884392,-1.7291549,0.012214959,0.71559179,-0.69841206,0
2.9613919,1.8660859,-0.58925104,0.8254149,0.3870227,0.41097897,0
2.7263365,-0.72001779,2.40874,0.8254149,0.3870227,0.41097897,0
-0.41310811,-1.1262808,2.3419268,-0.012214959,-0.71559179,0.69841206,0
-2.4797585,0.8022331,-2.7514796,0.012214959,0.71559179,-0.69841206,0
-0.96945715,0.72237933,-2.9653547,0.012214959,0.71559179,-0.69841206,0
0.82208514,2.3589535,-1.2650527,0.012214959,0.71559179,-0.69841206,0
2.1586776,2.032979,1.0203904,0.8254149,0.3870227,0.41097897,0
-1.9778565,-0.65101939,-2.5340238,-0.8254149,-0.3870227,-0.41097897,0
-0.90202856,2.3313842,-1.3437266,0.012214959,0.71559179,-0.69841206,0
-1.1974685,-2.1037655,1.2915475,-0.012214959,-0.71559179,0.69841206,0
2.649024,2.1725018,-1.2762265,0.012214959,0.71559179,-0.69841206,0
2.5384321,-1.3473155,1.2114627,0.56439459,-0.5814997,-0.58593255,0
2.8847702,-0.63134992,2.2601511,0.8254149,0.3870227,0.41097897,0
2.2105989,0.57987589,2.5147824,0.8254149,0.3870227,0.41097897,0
-0.73605323,-0.98838383,2.4170628,-0.012214959,-0.71559179,0.69841206,0
-1.0280378,-1.6996874,-1.7280309,0.56439459,-0.5814997,-0.58593255,0
-2.2038505,-0.011520267,-2.6907103,-0.8254149,-0.3870227,-0.41097897,0
1.9928379,3.0599704,-0.29620761,0.012214959,0.71559179,-0.69841206,0
0.27644348,-2.3582642,1.1280532,-0.012214959,-0.71559179,0.69841206,0
2.3388915,1.3374499,1.2725828,0.8254149,0.3870227,0.41097897,0
-2.9807591,0.64106643,-1.7913122,-0.8254149,-0.3870227,-0.41097897,0
-2.7947073,-0.66954619,-1.2177498,-0.8254149,-0.3870227,-0.41097897,0
0.64818448,2.1963494,1.0951023,-0.56439459,0.5814997,0.58593255,0
1.9699996,-0.41218913,3.2641892,-0.012214959,-0.71559179,0.69841206,0
-1.5638956,1.992368,-0.77708507,-0.56439459,0.5814997,0.58593255,0
2.2467656,2.9912343,0.12882102,0.8254149,0.3870227,0.41097897,0
-0.42553735,-2.3757522,1.2552642,-0.012214959,-0.71559179,0.69841206,0
-3.077281,0.30316913,-1.3285515,-0.8254149,-0.3870227,-0.41097897,0
-0.0079638958,-2.8052995,0.62413782,-0.012214959,-0.71559179,0.69841206,0
0.77732384,-1.9402945,1.4788499,-0.012214959,-0.71559179,0.69841206,0
0.47118253,-0.84393489,-1.3486586,0.56439459,-0.5814997,-0.58593255,0
1.9680101,2.6381283,1.0920104,0.8254149,0.3870227,0.41097897,0
1.7646797,1.4946634,-2.1175199,0.012214959,0.71559179,-0.69841206,0
3.1418962,2.1489546,-1.0637147,0.8254149,0.3870227,0.41097897,0
2.1555886,0.78215718,2.1958723,0.8254149,0.3870227,0.41097897,0
3.0717726,-1.4697559,2.251193,-0.012214959,-0.71559179,0.69841206,0
1.5677425,3.5512035,0.60107625,-0.56439459,0.5814997,0.58593255,0
-2.9909365,-0.14147878,-0.92541552,-0.8254149,-0.3870227,-0.41097897,0
1.2793345,0.043174833,3.7488091,-0.012214959,-0.71559179,0.69841206,0
3.2091577,-0.17880297,0.71774125,0.56439459,-0.5814997,-0.58593255,0
2.8518448,-0.28195679,2.0389674,0.8254149,0.3870227,0.41097897,0
1.949873,2.6926794,0.85275531,0.8254149,0.3870227,0.41097897,0
-1.6351073,0.79799002,-2.8075724,0.012214959,0.71559179,-0.69841206,0
0.35838056,-1.628772,1.9254423,-0.012214959,-0.71559179,0.69841206,0
2.3294649,-1.274081,0.94098365,0.56439459,-0.5814997,-0.58593255,0
0.87494063,-1.9333677,0.32309294,0.56439459,-0.5814997,-0.58593255,0
0.88708985,0.22624916,-1.8579072,0.56439459,-0.5814997,-0.58593255,0
-2.2424638,0.52970326,-2.9617867,0.012214959,0.71559179,-0.69841206,0
1.6670665,2.0347219,2.0741191,0.8254149,0.3870227,0.41097897,0
2.2341566,-1.6227959,1.1129386,0.56439459,-0.5814997,-0.58593255,0
-2.3769403,-0.93214595,-1.748184,-0.8254149,-0.3870227,-0.41097897,0
-2.7105358,-1.9836794,1.4686111,-0.012214959,-0.71559179,0.69841206,0
-1.1709003,0.80059624,-2.7048626,0.012214959,0.71559179,-0.69841206,0
1.6651165,1.6892089,-1.8658019,0.012214959,0.71559179,-0.69841206,0
2.2481298,-1.556888,1.1986967,0.56439459,-0.5814997,-0.58593255,0
-2.6997697,-0.84532827,-0.85592556,-0.8254149,-0.3870227,-0.41097897,0
1.8085989,3.3238058,0.42217147,0.8254149,0.3870227,0.41097897,0
2.1700618,2.2609029,0.60072756,0.8254149,0.3870227,0.41097897,0
3.0030704,1.3367666,0.084891081,0.8254149,0.3870227,0.41097897,0
1.9663138,2.063942,1.3728951,0.8254149,0.3870227,0.41097897,0
2.940238,1.6152039,-1.2766945,0.56439459,-0.5814997,-0.58593255,0
-0.0061039925,1.9058429,0.76438236,-0.56439459,0.5814997,0.58593255,0
3.3201263,1.1662912,-0.40175223,0.56439459,-0.5814997,-0.58593255,0
1.5106266,1.5429609,-1.8941987,0.012214959,0.71559179,-0.69841206,0
0.088205338,-0.69660497,2.8181067,-0.012214959,-0.71559179,0.69841206,0
3.0596061,2.3583939,-0.87714839,0.8254149,0.3870227,0.41097897,0
1.1797543,-1.1363357,-0.31270045,0.56439459,-0.5814997,-0.58593255,0
-2.5212088,-2.1877837,1.2473495,-0.012214959,-0.71559179,0.69841206,0
-2.5201597,-2.3189216,1.2049909,-0.012214959,-0.71559179,0.69841206,0
-2.0752881,1.6046252,-1.8478142,0.012214959,0.71559179,-0.69841206,0
-0.31758595,1.5606532,0.74934757,-0.56439459,0.5814997,0.58593255,0
2.9798222,0.21689415,1.1788042,0.8254149,0.3870227,0.41097897,0
2.5914862,0.99553758,0.98247874,0.8254149,0.3870227,0.41097897,0
1.9613022,2.9512298,0.74057841,0.8254149,0.3870227,0.41097897,0
2.1283572,1.600697,1.3612944,0.8254149,0.3870227,0.41097897,0
2.2407825,-2.015924,1.6329547,0.56439459,-0.5814997,-0.58593255,0
1.9848192,0.1575923,3.2379193,0.8254149,0.3870227,0.41097897,0
-1.8792084,-1.5761268,-2.1216598,-0.8254149,-0.3870227,-0.41097897,0
-1.7581842,-2.6328225,0.91506314,-0.012214959,-0.71559179,0.69841206,0
1.808274,3.275604,0.59079444,0.8254149,0.3870227,0.41097897,0
-0.85546428,0.94607037,0.87109625,-0.56439459,0.5814997,0.58593255,0
-1.977951,-1.9634397,1.3964467,-0.012214959,-0.71559179,0.69841206,0
2.9334373,1.098506,-0.97633827,0.56439459,-0.5814997,-0.58593255,0
2.3952909,1.1008525,1.5020283,0.8254149,0.3870227,0.41097897,0
-2.4599617,0.038464189,-2.4597731,-0.8254149,-0.3870227,-0.41097897,0
1.8908331,2.0242274,1.6377654,0.8254149,0.3870227,0.41097897,0
2.7450519,0.77228659,0.94383693,0.8254149,0.3870227,0.41097897,0
-1.6396928,-3.6104288,-0.035488307,-0.012214959,-0.71559179,0.69841206,0
1.2183642,1.0227525,-2.4800377,0.56439459,-0.5814997,-0.58593255,0
3.147274,1.9207356,-0.69970036,0.8254149,0.3870227,0.41097897,0
-0.0072497427,-1.6498808,-0.80214626,0.56439459,-0.5814997,-0.58593255,0
3.1619806,0.54515934,0.46598053,0.8254149,0.3870227,0.41097897,0
2.2271583,1.4519763,1.4619905,0.8254149,0.3870227,0.41097897,0
2.5551929,2.0903873,0.32812405,0.8254149,0.3870227,0.41097897,0
