-0.76170647,1.5079632,1.2346485,-0.90171695,0.25424302,0.34966743,0
-1.5290343,-3.5493779,2.9097424,-0.0044694245,-0.81424177,0.58050883,0
1.47211,-0.14866257,-0.58299309,0.90171695,-0.25424302,-0.34966743,0
-1.7960513,2.5537543,-4.0476451,0.0044694245,0.81424177,-0.58050883,0
-0.63702869,-1.8181612,-1.839191,-0.43230414,-0.52189183,-0.7353518,0
1.0116277,2.8901186,0.66334629,0.43230414,0.52189183,0.7353518,0
0.39051747,2.8694906,1.2443829,0.43230414,0.52189183,0.7353518,0
0.85429692,-3.7783759,0.69637108,0.90171695,-0.25424302,-0.34966743,0
0.053019315,2.9248729,-3.6024256,0.0044694245,0.81424177,-0.58050883,0
0.028095961,-0.26888311,-3.1014781,-0.43230414,-0.52189183,-0.7353518,0
2.2339518,2.8223102,-0.85269272,0.90171695,-0.25424302,-0.34966743,0
1.9701166,4.6738205,-1.3307538,0.0044694245,0.81424177,-0.58050883,0
-2.0248132,-3.1112723,-0.074759245,-0.43230414,-0.52189183,-0.7353518,0
2.1887469,-2.7183936,3.7869573,-0.0044694245,-0.81424177,0.58050883,0
-2.1239731,-3.8207948,0.6508894,-0.43230414,-0.52189183,-0.7353518,0
0.55949235,-0.63873523,3.6455066,0.43230414,0.52189183,0.7353518,0
0.094673753,2.5290351,-4.0550051,0.0044694245,0.81424177,-0.58050883,0
-0.32641888,4.7541871,-1.0070391,0.0044694245,0.81424177,-0.58050883,0
0.86195171,-3.7507148,2.4702687,-0.0044694245,-0.81424177,0.58050883,0
-1.0123641,-1.7367525,-1.560719,-0.43230414,-0.52189183,-0.7353518,0
1.2512734,2.9816298,-3.2896254,0.90171695,-0.25424302,-0.34966743,0
-0.8173281,0.83911973,1.3788592,-0.90171695,0.25424302,0.34966743,0
-1.2143434,-3.1550164,3.2447245,-0.90171695,0.25424302,0.34966743,0
-0.37210119,3.8224683,-2.5463312,0.0044694245,0.81424177,-0.58050883,0
-0.85975266,-1.8843529,-1.6793051,-0.43230414,-0.52189183,-0.7353518,0
-0.77986175,-0.96509761,3.2225819,-0.90171695,0.25424302,0.34966743,0
1.6008008,-0.23405242,2.5208378,0.43230414,0.52189183,0.7353518,0
1.0943934,-4.1061239,1.7839324,0.90171695,-0.25424302,-0.34966743,0
-0.86640191,2.303386,0.54575765,-0.90171695,0.25424302,0.34966743,0
1.1361649,3.0015795,-3.5762918,0.90171695,-0.25424302,-0.34966743,0
1.9932001,1.9294144,-0.79704285,0.90171695,-0.25424302,-0.34966743,0
-0.76427746,4.526679,-1.4903858,0.0044694245,0.81424177,-0.58050883,0
0.1360929,2.4182968,-4.2340798,0.0044694245,0.81424177,-0.58050883,0
-0.36560082,4.9511886,-0.87618804,0.0044694245,0.81424177,-0.58050883,0
1.8245933,4.0783281,-2.0254393,0.0044694245,0.81424177,-0.58050883,0
0.17314366,3.0023501,-3.4908566,0.0044694245,0.81424177,-0.58050883,0
-1.328949,-4.4414878,0.50354242,-0.43230414,-0.52189183,-0.7353518,0
1.419897,-3.9892526,2.1790583,-0.0044694245,-0.81424177,0.58050883,0
-0.26241589,-4.6666203,1.3171046,-0.0044694245,-0.81424177,0.58050883,0
-0.22214937,5.115768,-0.4556303,0.0044694245,0.81424177,-0.58050883,0
-0.25913498,2.9308231,-3.4977813,0.0044694245,0.81424177,-0.58050883,0
-1.2906371,-0.24774981,-2.5077813,-0.43230414,-0.52189183,-0.7353518,0
0.42464709,1.9378806,-4.6830192,0.90171695,-0.25424302,-0.34966743,0
2.019448,-0.035913229,0.73876667,0.90171695,-0.25424302,-0.34966743,0
0.17217553,2.5039411,-4.18297,0.0044694245,0.81424177,-0.58050883,0
-0.45826936,2.2481904,1.6789832,-0.90171695,0.25424302,0.34966743,0
-2.1314378,-2.7144959,0.76084155,-0.90171695,0.25424302,0.34966743,0
0.47287011,-0.60374653,3.6556475,0.43230414,0.52189183,0.7353518,0
0.59745502,3.8651834,-2.3292766,0.0044694245,0.81424177,-0.58050883,0
1.8633329,1.7783779,-0.52909279,0.90171695,-0.25424302,-0.34966743,0
1.7935605,4.2139549,-0.52283549,0.43230414,0.52189183,0.7353518,0
-0.45978117,-2.6072302,4.1241426,-0.0044694245,-0.81424177,0.58050883,0
-0.074240685,-4.5736594,-0.19595933,-0.43230414,-0.52189183,-0.7353518,0
-1.1690962,-4.4450927,1.593183,-0.0044694245,-0.81424177,0.58050883,0
1.4963601,3.7130249,-2.6960945,0.0044694245,0.81424177,-0.58050883,0
2.2929828,-1.3195548,2.9082022,0.43230414,0.52189183,0.7353518,0
-1.0177195,-3.1420231,3.4450941,-0.0044694245,-0.81424177,0.58050883,0
0.2038278,3.1918235,-3.2249837,0.0044694245,0.81424177,-0.58050883,0
1.5473938,1.4163013,1.3700283,0.43230414,0.52189183,0.7353518,0
0.096987128,1.7852762,-4.7588086,-0.43230414,-0.52189183,-0.7353518,0
0.033381224,4.2877431,-1.7647645,0.0044694245,0.81424177,-0.58050883,0
1.7214339,4.4053535,-1.5797114,0.0044694245,0.81424177,-0.58050883,0
-2.1490784,2.803962,-3.8366857,0.0044694245,0.81424177,-0.58050883,0
-0.60381079,3.7196407,0.29962873,-0.90171695,0.25424302,0.34966743,0
-0.0051264167,3.0667629,-3.5300035,0.0044694245,0.81424177,-0.58050883,0
-0.83793306,-4.9833593,0.8192811,-0.0044694245,-0.81424177,0.58050883,0
0.31668386,2.9447453,-3.7723646,0.0044694245,0.81424177,-0.58050883,0
1.9547086,4.1087856,-1.9600768,0.0044694245,0.81424177,-0.58050883,0
1.0063925,0.21089435,2.5707631,0.43230414,0.52189183,0.7353518,0
-2.3654907,0.098922729,-1.9428937,-0.90171695,0.25424302,0.34966743,0
0.31570864,-3.9813838,2.0292382,-0.0044694245,-0.81424177,0.58050883,0
0.20940542,2.6192679,-3.9528372,0.0044694245,0.81424177,-0.58050883,0
-1.1856192,3.9903231,-2.3050537,0.0044694245,0.81424177,-0.58050883,0
1.6617978,-0.58289599,0.62832022,0.90171695,-0.25424302,-0.34966743,0
0.95361716,2.7204509,-3.898052,0.0044694245,0.81424177,-0.58050883,0
-0.61032486,-3.0929646,3.2995172,-0.0044694245,-0.81424177,0.58050883,0
-0.68910432,-2.301178,4.0174236,-0.90171695,0.25424302,0.34966743,0
1.260263,-3.7135053,2.5841918,-0.0044694245,-0.81424177,0.58050883,0
0.16015208,-1.3452165,4.2122025,0.43230414,0.52189183,0.7353518,0
-1.368552,-1.3002369,1.8104857,-0.90171695,0.25424302,0.34966743,0
-0.22494268,1.771642,-4.5075274,-0.43230414,-0.52189183,-0.7353518,0
-0.96273816,-0.91444117,2.5375476,-0.90171695,0.25424302,0.34966743,0
-1.6321673,-4.4897861,0.63353872,-0.43230414,-0.52189183,-0.7353518,0
1.4580733,2.0507624,-1.7945126,0.90171695,-0.25424302,-0.34966743,0
-0.067993641,-4.4080992,1.4003148,-0.0044694245,-0.81424177,0.58050883,0
-1.8270727,-2.7046227,1.7729952,-0.90171695,0.25424302,0.34966743,0
1.6850507,3.5322788,9.3102455e-05,0.43230414,0.52189183,0.7353518,0
1.4054751,-3.3961086,2.9036779,-0.0044694245,-0.81424177,0.58050883,0
-0.1463199,2.9158299,-3.5753725,0.0044694245,0.81424177,-0.58050883,0
1.2091334,-0.89673591,-0.66626853,0.90171695,-0.25424302,-0.34966743,0
0.10046935,-4.0103135,2.2024236,-0.0044694245,-0.81424177,0.58050883,0
2.1008368,1.4168302,1.1126339,0.43230414,0.52189183,0.7353518,0
-1.5764437,3.6549928,-2.7196963,0.0044694245,0.81424177,-0.58050883,0
0.32070589,-5.2075305,0.3159256,-0.0044694245,-0.81424177,0.58050883,0
-0.19409698,2.6304402,-4.0830674,0.0044694245,0.81424177,-0.58050883,0
-0.99299622,4.1437602,-1.5615814,-0.90171695,0.25424302,0.34966743,0
-1.1526662,0.06110394,-2.6303394,-0.43230414,-0.52189183,-0.7353518,0
1.568611,3.5965357,-2.7648139,0.0044694245,0.81424177,-0.58050883,0
0.00083446503,0.38076198,-3.5446277,-0.43230414,-0.52189183,-0.7353518,0
0.88688743,3.0253887,-3.5026622,0.0044694245,0.81424177,-0.58050883,0
1.9265702,4.3093877,-1.5715084,0.0044694245,0.81424177,-0.58050883,0
1.3189446,0.8118124,-1.5020828,0.90171695,-0.25424302,-0.34966743,0
1.7245553,-2.4393201,2.1685801,0.90171695,-0.25424302,-0.34966743,0
2.0418136,2.5763357,-0.71357751,0.90171695,-0.25424302,-0.34966743,0
1.6246305,-1.3904781,1.104061,0.90171695,-0.25424302,-0.34966743,0
0.7300235,-3.6870348,2.6473088,-0.0044694245,-0.81424177,0.58050883,0
-0.82765245,-3.5753446,2.8189445,-0.0044694245,-0.81424177,0.58050883,0
-2.2204921,2.3702993,-3.8538404,-0.43230414,-0.52189183,-0.7353518,0
1.9166496,2.0517883,-0.66084188,0.90171695,-0.25424302,-0.34966743,0
0.20304251,-0.50462544,3.7298131,0.43230414,0.52189183,0.7353518,0
-0.27726519,-3.5008061,2.710968,-0.0044694245,-0.81424177,0.58050883,0
2.0484109,-0.090624094,2.3007114,0.43230414,0.52189183,0.7353518,0
1.8785608,1.1364192,0.0050425977,0.90171695,-0.25424302,-0.34966743,0
-0.62231779,4.102273,-0.33030963,-0.90171695,0.25424302,0.34966743,0
0.91380256,-2.4557033,4.3463492,-0.0044694245,-0.81424177,0.58050883,0
0.43407452,1.5026492,-4.2030535,0.90171695,-0.25424302,-0.34966743,0
0.51391256,-3.8794489,2.1483355,-0.0044694245,-0.81424177,0.58050883,0
-1.7757664,2.6370564,-4.1471081,0.0044694245,0.81424177,-0.58050883,0
0.06244123,-3.5247166,2.9790709,-0.0044694245,-0.81424177,0.58050883,0
0.30020547,1.8747946,-4.8750868,-0.43230414,-0.52189183,-0.7353518,0
-1.0558518,1.2836046,-3.5707004,-0.43230414,-0.52189183,-0.7353518,0
0.71859831,1.8028464,-3.8628168,0.90171695,-0.25424302,-0.34966743,0
-2.2639437,-3.8539519,1.265187,-0.90171695,0.25424302,0.34966743,0
-2.3330016,-0.80220485,-1.1658133,-0.90171695,0.25424302,0.34966743,0
-1.2314641,-0.91747516,-2.0517416,-0.43230414,-0.52189183,-0.7353518,0
1.867781,-0.45321536,2.4966054,0.43230414,0.52189183,0.7353518,0
-1.6605551,-4.0618773,2.1471195,-0.0044694245,-0.81424177,0.58050883,0
-0.45054722,-5.0463948,0.56084394,-0.0044694245,-0.81424177,0.58050883,0
2.4911134,3.5876274,-0.52394938,0.90171695,-0.25424302,-0.34966743,0
2.0982938,3.2781506,-1.4133068,0.90171695,-0.25424302,-0.34966743,0
-1.5560522,-1.3192098,1.2116694,-0.90171695,0.25424302,0.34966743,0
2.3601727,2.2820783,0.052240968,0.90171695,-0.25424302,-0.34966743,0
1.0010693,-3.0151138,3.52828,-0.0044694245,-0.81424177,0.58050883,0
1.8894163,0.39522386,0.4005383,0.90171695,-0.25424302,-0.34966743,0
-1.4414263,-4.3874183,1.4191742,-0.0044694245,-0.81424177,0.58050883,0
2.1749938,0.1459024,1.4987471,0.90171695,-0.25424302,-0.34966743,0
-0.71049309,3.3426666,0.0055978298,-0.90171695,0.25424302,0.34966743,0
-1.7040373,3.3043704,-2.5037894,-0.90171695,0.25424302,0.34966743,0
-1.370239,-3.0704472,2.8997602,-0.90171695,0.25424302,0.34966743,0
-0.96248579,3.8605313,-2.1727211,0.0044694245,0.81424177,-0.58050883,0
1.9622442,3.4568586,-1.9044189,0.90171695,-0.25424302,-0.34966743,0
-2.2108316,0.89157796,-1.908143,-0.90171695,0.25424302,0.34966743,0
-0.77748406,0.94322622,1.3635911,-0.90171695,0.25424302,0.34966743,0
-0.069086552,1.7414379,2.2112694,0.43230414,0.52189183,0.7353518,0
0.45220065,3.762063,-2.6311827,0.0044694245,0.81424177,-0.58050883,0
0.73052835,3.0073657,0.70672214,0.43230414,0.52189183,0.7353518,0
1.697197,-1.9288504,3.8149014,0.43230414,0.52189183,0.7353518,0
1.5423477,0.55466866,-0.5236789,0.90171695,-0.25424302,-0.34966743,0
1.5093062,2.0980928,1.121995,0.43230414,0.52189183,0.7353518,0
0.03168869,-2.0163679,-2.1001861,-0.43230414,-0.52189183,-0.7353518,0
-0.76240039,-4.0777273,1.9830117,-0.0044694245,-0.81424177,0.58050883,0
-1.8949878,2.7580848,-2.3574958,-0.90171695,0.25424302,0.34966743,0
-0.72499847,3.9532995,-0.68078661,-0.90171695,0.25424302,0.34966743,0
1.1446989,3.2811813,-3.2851739,0.0044694245,0.81424177,-0.58050883,0
-2.2776434,-4.417572,1.4115397,-0.90171695,0.25424302,0.34966743,0
-2.1448464,-0.43994617,-0.67259508,-0.90171695,0.25424302,0.34966743,0
-1.4888432,-4.4376879,0.49926567,-0.43230414,-0.52189183,-0.7353518,0
0.25469446,0.30034584,-3.8417401,-0.43230414,-0.52189183,-0.7353518,0
0.013970852,-2.8980203,-1.4861083,-0.43230414,-0.52189183,-0.7353518,0
0.36555922,-2.3209298,4.3925619,-0.0044694245,-0.81424177,0.58050883,0
0.81760454,4.9804564,-0.57765865,0.43230414,0.52189183,0.7353518,0
-1.8083541,0.21614528,-0.64022857,-0.90171695,0.25424302,0.34966743,0
0.69368935,4.8541641,-0.50810313,0.43230414,0.52189183,0.7353518,0
-0.82435101,-0.56314325,2.7310114,-0.90171695,0.25424302,0.34966743,0
0.55717039,3.1684301,0.91593969,0.43230414,0.52189183,0.7353518,0
-1.8300433,-3.9394982,0.50701392,-0.43230414,-0.52189183,-0.7353518,0
0.73482466,4.6558919,-1.3307364,0.0044694245,0.81424177,-0.58050883,0
1.0731468,4.6484575,-1.1498733,0.0044694245,0.81424177,-0.58050883,0
1.2767565,-1.9417436,4.0238423,0.43230414,0.52189183,0.7353518,0
-1.161237,2.4174988,-4.2557864,0.0044694245,0.81424177,-0.58050883,0
-1.1887914,3.7389815,-1.6872573,-0.90171695,0.25424302,0.34966743,0
1.0662278,-3.2989147,3.0859032,-0.0044694245,-0.81424177,0.58050883,0
-0.64678597,1.8476838,1.4954714,-0.90171695,0.25424302,0.34966743,0
0.42197132,-3.8493185,-0.35190105,0.90171695,-0.25424302,-0.34966743,0
-0.064240932,-1.2352865,4.2880383,0.43230414,0.52189183,0.7353518,0
-0.78289437,-1.0453391,-2.1916018,-0.43230414,-0.52189183,-0.7353518,0
-0.070986748,0.87609982,2.7194395,0.43230414,0.52189183,0.7353518,0
1.3894272,3.5400717,-2.9261928,0.0044694245,0.81424177,-0.58050883,0
0.73002833,2.6218619,-4.1125107,0.0044694245,0.81424177,-0.58050883,0
-0.82525945,-4.5768585,1.3509128,-0.0044694245,-0.81424177,0.58050883,0
-1.7968954,2.9787679,-3.7233634,0.0044694245,0.81424177,-0.58050883,0
-0.85552764,-3.4018149,3.0956023,-0.0044694245,-0.81424177,0.58050883,0
-0.78102136,-3.5785944,2.5637412,-0.0044694245,-0.81424177,0.58050883,0
0.057032108,-0.53573793,3.7220788,0.43230414,0.52189183,0.7353518,0
-1.2117007,-0.29188275,-2.4661582,-0.43230414,-0.52189183,-0.7353518,0
-1.1467657,-0.57977152,1.841496,-0.90171695,0.25424302,0.34966743,0
-0.85515046,-1.3789407,-1.9074302,-0.43230414,-0.52189183,-0.7353518,0
-2.3113079,-0.14929223,-1.9625496,-0.43230414,-0.52189183,-0.7353518,0
-0.71739733,-0.57148921,2.6713493,-0.90171695,0.25424302,0.34966743,0
-0.36104393,-4.8224716,0.29243636,-0.43230414,-0.52189183,-0.7353518,0
-0.12242818,4.4443102,-1.4806879,0.0044694245,0.81424177,-0.58050883,0
-1.2792225,3.3799329,-2.9806597,0.0044694245,0.81424177,-0.58050883,0
0.41490781,3.6624746,-2.6939468,0.0044694245,0.81424177,-0.58050883,0
-0.54712659,3.1387377,-3.4174576,0.0044694245,0.81424177,-0.58050883,0
2.3196561,3.7792449,-0.9659847,0.90171695,-0.25424302,-0.34966743,0
-1.2925706,-1.7750915,-1.3685406,-0.43230414,-0.52189183,-0.7353518,0
-2.3612092,-2.5414603,-0.14476335,-0.43230414,-0.52189183,-0.7353518,0
-0.23306382,3.8235002,-2.413707,0.0044694245,0.81424177,-0.58050883,0
-0.42476463,4.0223475,-0.0066730976,-0.90171695,0.25424302,0.34966743,0
1.6639771,1.2214628,-1.0007037,0.90171695,-0.25424302,-0.34966743,0
0.48243868,1.5224271,-4.0670681,0.90171695,-0.25424302,-0.34966743,0
1.5796208,0.857602,-0.94697338,0.90171695,-0.25424302,-0.34966743,0
-0.9493047,1.1084785,-3.649097,-0.43230414,-0.52189183,-0.7353518,0
0.44287777,0.15684387,-3.0953615,0.90171695,-0.25424302,-0.34966743,0
-0.29973227,2.7257109,-3.9858053,0.0044694245,0.81424177,-0.58050883,0
-1.5362467,2.1710536,-1.0704178,-0.90171695,0.25424302,0.34966743,0
1.9234545,4.7228856,-0.99697638,0.43230414,0.52189183,0.7353518,0
-0.24888229,4.1934376,-1.9148717,0.0044694245,0.81424177,-0.58050883,0
0.27809167,-0.045622602,-3.3216815,0.90171695,-0.25424302,-0.34966743,0
1.2468102,0.82868469,-1.5477254,0.90171695,-0.25424302,-0.34966743,0
0.96364576,-0.094675422,-1.5526518,0.90171695,-0.25424302,-0.34966743,0
-2.4731104,-0.25834823,-1.7861723,-0.43230414,-0.52189183,-0.7353518,0
-0.51879525,-1.8729246,4.5271072,-0.90171695,0.25424302,0.34966743,0
-0.94454974,-1.9137262,3.0420461,-0.90171695,0.25424302,0.34966743,0
1.0118581,-0.99146795,-0.71108043,0.90171695,-0.25424302,-0.34966743,0
0.71468055,-1.1596627,-1.7937101,0.90171695,-0.25424302,-0.34966743,0
-1.2484512,-0.6712665,1.8423841,-0.90171695,0.25424302,0.34966743,0
-1.6571743,-4.310256,0.55467033,-0.43230414,-0.52189183,-0.7353518,0
-0.36507916,-0.81117398,-2.6319985,-0.43230414,-0.52189183,-0.7353518,0
0.82248878,-4.3967476,1.7530696,-0.0044694245,-0.81424177,0.58050883,0
-0.95260549,-3.5709524,-0.28226602,-0.43230414,-0.52189183,-0.7353518,0
-1.4821668,3.6164401,-2.8441696,0.0044694245,0.81424177,-0.58050883,0
0.79288507,0.18027318,-2.4074712,0.90171695,-0.25424302,-0.34966743,0
1.6711724,-3.3514876,3.1790175,-0.0044694245,-0.81424177,0.58050883,0
0.16592002,3.9677315,-2.3073256,0.0044694245,0.81424177,-0.58050883,0
0.54202914,-3.7904067,2.4303143,-0.0044694245,-0.81424177,0.58050883,0
-1.9987557,-4.5596948,1.1890898,-0.0044694245,-0.81424177,0.58050883,0
0.73156977,-0.89711356,3.7311022,0.43230414,0.52189183,0.7353518,0
1.119916,0.3544538,2.6009607,0.43230414,0.52189183,0.7353518,0
0.33904099,2.5846922,-4.1439843,0.0044694245,0.81424177,-0.58050883,0
1.8112895,4.2067237,-1.7332929,0.0044694245,0.81424177,-0.58050883,0
-0.50320148,-3.4898701,-0.71740866,-0.43230414,-0.52189183,-0.7353518,0
-0.56973422,-0.97578156,3.7395,-0.90171695,0.25424302,0.34966743,0
-0.42520475,4.2619996,-1.6946468,0.0044694245,0.81424177,-0.58050883,0
0.57108331,4.0361509,-2.065336,0.0044694245,0.81424177,-0.58050883,0
-0.93259293,-0.85855651,2.4909854,-0.90171695,0.25424302,0.34966743,0
1.890447,-0.43564391,1.1517267,0.90171695,-0.25424302,-0.34966743,0
0.43011498,1.5536097,-4.4079342,0.90171695,-0.25424302,-0.34966743,0
0.79546809,-1.4709311,-1.1664677,0.90171695,-0.25424302,-0.34966743,0
1.683234,2.5239921,0.6010654,0.43230414,0.52189183,0.7353518,0
-0.0032648444,-3.3061991,3.2558463,-0.0044694245,-0.81424177,0.58050883,0
-2.2712028,1.7299964,-3.2446609,-0.43230414,-0.52189183,-0.7353518,0
-1.1244261,-3.8105989,2.5123696,-0.0044694245,-0.81424177,0.58050883,0
1.2392664,-2.4153178,4.2330604,-0.0044694245,-0.81424177,0.58050883,0
-1.502449,-3.3513374,-0.1232754,-0.43230414,-0.52189183,-0.7353518,0
-0.22461724,-1.7407308,4.658885,0.43230414,0.52189183,0.7353518,0
0.77691674,3.024148,-3.3499284,0.0044694245,0.81424177,-0.58050883,0
0.81027031,-3.014318,3.5486791,-0.0044694245,-0.81424177,0.58050883,0
0.31786942,0.76175749,2.605865,0.43230414,0.52189183,0.7353518,0
1.3972808,1.6489211,-2.1509578,0.90171695,-0.25424302,-0.34966743,0
-1.103978,1.4596622,-3.7002177,-0.43230414,-0.52189183,-0.7353518,0
1.9283888,-0.17015648,1.01192,0.90171695,-0.25424302,-0.34966743,0
0.56064773,-0.16134524,3.2359538,0.43230414,0.52189183,0.7353518,0
-1.9163618,-1.0007914,0.072569735,-0.90171695,0.25424302,0.34966743,0
1.7740074,0.043170214,-0.016071677,0.90171695,-0.25424302,-0.34966743,0
-0.7717967,-2.0822663,3.8801076,-0.90171695,0.25424302,0.34966743,0
-1.0446446,0.71708041,1.2933018,-0.90171695,0.25424302,0.34966743,0
0.5053637,-4.6328292,0.57466817,0.90171695,-0.25424302,-0.34966743,0
-0.19359422,2.8574812,1.4780922,0.43230414,0.52189183,0.7353518,0
-1.6862025,-4.2908564,1.5989616,-0.0044694245,-0.81424177,0.58050883,0
-0.39065266,2.4972754,1.240762,-0.90171695,0.25424302,0.34966743,0
1.5353851,4.4675455,-0.60341859,0.43230414,0.52189183,0.7353518,0
-2.1722465,2.9486959,-3.7375188,0.0044694245,0.81424177,-0.58050883,0
-0.55076683,3.9257865,-2.17801,0.0044694245,0.81424177,-0.58050883,0
0.12221813,-3.7478213,2.6542926,-0.0044694245,-0.81424177,0.58050883,0
-2.1807909,-4.5061398,1.5692794,-0.0044694245,-0.81424177,0.58050883,0
1.3200812,4.7228446,-1.05405,0.0044694245,0.81424177,-0.58050883,0
0.82265997,-2.8633599,3.6059163,-0.0044694245,-0.81424177,0.58050883,0
-1.1965868,-1.6929014,-1.545733,-0.43230414,-0.52189183,-0.7353518,0
-0.22227168,2.0042441,-4.8115902,-0.43230414,-0.52189183,-0.7353518,0
-1.3239859,0.8479439,0.11622298,-0.90171695,0.25424302,0.34966743,0
0.44363332,2.8225822,-3.9139643,0.0044694245,0.81424177,-0.58050883,0
0.5095787,-2.331075,4.4534206,-0.0044694245,-0.81424177,0.58050883,0
-0.3921175,-4.2738972,-0.12987995,-0.43230414,-0.52189183,-0.7353518,0
-2.0228379,-3.7007618,1.6001449,-0.90171695,0.25424302,0.34966743,0
-1.7628925,-3.8750033,2.3925059,-0.0044694245,-0.81424177,0.58050883,0
1.1727101,-0.46044075,-0.69303739,0.90171695,-0.25424302,-0.34966743,0
0.53265071,2.7609935,1.261034,0.43230414,0.52189183,0.7353518,0
0.68386608,-2.4357114,4.4580798,-0.0044694245,-0.81424177,0.58050883,0
-1.4078542,-1.0476534,1.3940909,-0.90171695,0.25424302,0.34966743,0
-0.31394219,3.9280632,0.35025978,-0.90171695,0.25424302,0.34966743,0
-0.63293648,-0.28499752,-2.7296634,-0.43230414,-0.52189183,-0.7353518,0
-0.077545166,-3.4431863,-0.98483336,-0.43230414,-0.52189183,-0.7353518,0
1.5576017,-3.4244039,2.9385045,-0.0044694245,-0.81424177,0.58050883,0
0.15820694,-5.2958179,0.329952,-0.0044694245,-0.81424177,0.58050883,0
1.8191645,-0.19399118,0.75943512,0.90171695,-0.25424302,-0.34966743,0
-1.2189127,3.2158494,-3.2807996,0.0044694245,0.81424177,-0.58050883,0
-0.34576631,4.301559,-1.8459089,0.0044694245,0.81424177,-0.58050883,0
-1.4198807,0.87583876,0.089859605,-0.90171695,0.25424302,0.34966743,0
0.10937262,-5.2253542,0.25530076,-0.43230414,-0.52189183,-0.7353518,0
-2.3341358,-1.5874584,-0.91161162,-0.43230414,-0.52189183,-0.7353518,0
1.924365,1.3305924,1.3788395,0.43230414,0.52189183,0.7353518,0
-1.2842681,-3.1862102,-0.51448369,-0.43230414,-0.52189183,-0.7353518,0
-2.0539069,-0.016945124,-1.2324908,-0.90171695,0.25424302,0.34966743,0
-1.0997342,-0.99158663,1.9636626,-0.90171695,0.25424302,0.34966743,0
-0.14909816,1.7617319,-4.5495043,-0.43230414,-0.52189183,-0.7353518,0
1.0119236,-1.3661492,3.7404552,0.43230414,0.52189183,0.7353518,0
-1.3175206,2.7359309,-1.0729029,-0.90171695,0.25424302,0.34966743,0
-1.5606008,-1.5930699,1.6453332,-0.90171695,0.25424302,0.34966743,0
1.4223542,4.2735057,-0.47193456,0.43230414,0.52189183,0.7353518,0
1.7479309,-2.6231441,3.9718797,-0.0044694245,-0.81424177,0.58050883,0
0.03424871,3.2149673,-3.2765441,0.0044694245,0.81424177,-0.58050883,0
0.39408886,-1.2221363,4.0596762,0.43230414,0.52189183,0.7353518,0
0.8281948,2.999686,-3.7023273,0.0044694245,0.81424177,-0.58050883,0
-1.0891457,-2.6084373,-0.98498601,-0.43230414,-0.52189183,-0.7353518,0
-1.5334265,-2.3801892,2.2982652,-0.90171695,0.25424302,0.34966743,0
0.85104364,2.7647724,-3.9424596,0.90171695,-0.25424302,-0.34966743,0
1.5146475,-0.65023637,-0.11782199,0.90171695,-0.25424302,-0.34966743,0
2.0136847,2.1295698,-0.47772908,0.90171695,-0.25424302,-0.34966743,0
0.48378706,-1.7787483,-1.8628709,0.90171695,-0.25424302,-0.34966743,0
-0.75507283,-3.1285686,3.2623715,-0.0044694245,-0.81424177,0.58050883,0
1.0229003,-4.2700644,1.6543734,-0.0044694245,-0.81424177,0.58050883,0
1.0100667,-1.5476317,-0.40375161,0.90171695,-0.25424302,-0.34966743,0
-1.9233005,-2.0888956,-0.71743566,-0.43230414,-0.52189183,-0.7353518,0
-2.1483197,-2.4279163,0.59360313,-0.90171695,0.25424302,0.34966743,0
1.728127,-1.7359552,3.6157992,0.43230414,0.52189183,0.7353518,0
1.0336769,1.8645139,1.4221456,0.43230414,0.52189183,0.7353518,0
0.36718345,2.208406,-4.7495494,0.0044694245,0.81424177,-0.58050883,0
0.02173847,-3.0634768,3.4031439,-0.0044694245,-0.81424177,0.58050883,0
0.74727404,1.1128019,-3.2241464,0.90171695,-0.25424302,-0.34966743,0
0.1726017,0.088318869,-3.5652184,-0.43230414,-0.52189183,-0.7353518,0
2.0658946,-1.2639339,1.7524134,0.90171695,-0.25424302,-0.34966743,0
1.5615853,-0.54059303,2.9785635,0.43230414,0.52189183,0.7353518,0
2.3047781,1.4035972,0.56143498,0.90171695,-0.25424302,-0.34966743,0
1.7276618,4.7608976,-1.1099372,0.0044694245,0.81424177,-0.58050883,0
0.68823004,0.13284135,-2.5083108,0.90171695,-0.25424302,-0.34966743,0
0.92469209,2.849575,-3.6357996,0.0044694245,0.81424177,-0.58050883,0
0.11781406,3.6705513,-2.5481124,0.0044694245,0.81424177,-0.58050883,0
-0.14289379,-3.243279,-1.1474233,-0.43230414,-0.52189183,-0.7353518,0
-0.41755486,-3.7257876,2.5465071,-0.0044694245,-0.81424177,0.58050883,0
-1.3372293,1.20679,-0.050990343,-0.90171695,0.25424302,0.34966743,0
1.847193,2.2536407,0.81167889,0.43230414,0.52189183,0.7353518,0
-0.64734197,-3.4197106,3.0444608,-0.0044694245,-0.81424177,0.58050883,0
0.22219771,3.3931351,-3.1060519,0.0044694245,0.81424177,-0.58050883,0
-1.1210675,-2.8186202,-0.7647813,-0.43230414,-0.52189183,-0.7353518,0
1.8028054,-3.1915779,2.5714688,0.90171695,-0.25424302,-0.34966743,0
-2.2253633,1.3098254,-2.1186824,-0.90171695,0.25424302,0.34966743,0
-1.303437,-4.8090839,0.95610499,-0.0044694245,-0.81424177,0.58050883,0
0.94365573,-4.3132014,1.7132306,-0.0044694245,-0.81424177,0.58050883,0
-1.7846658,3.4504402,-2.6882322,-0.90171695,0.25424302,0.34966743,0
-1.1711955,-1.5155147,-1.5581686,-0.43230414,-0.52189183,-0.7353518,0
0.34632015,4.4836836,-0.10339189,0.43230414,0.52189183,0.7353518,0
-0.26384783,4.9879098,-0.7464354,0.0044694245,0.81424177,-0.58050883,0
-1.9178069,-4.5890131,1.3333495,-0.0044694245,-0.81424177,0.58050883,0
0.3119843,0.0076718181,-3.4927604,-0.43230414,-0.52189183,-0.7353518,0
-0.2345624,-1.8797536,4.7529869,0.43230414,0.52189183,0.7353518,0
-1.8256199,2.6558039,-3.8832624,0.0044694245,0.81424177,-0.58050883,0
-1.8134868,-4.0428152,2.1442895,-0.0044694245,-0.81424177,0.58050883,0
-1.8090655,-1.3507638,0.70729953,-0.90171695,0.25424302,0.34966743,0
-1.2707499,0.27630329,0.75554729,-0.90171695,0.25424302,0.34966743,0
-1.3212292,2.4390059,-4.294836,0.0044694245,0.81424177,-0.58050883,0
1.1157222,4.6427469,-1.2353861,0.0044694245,0.81424177,-0.58050883,0
1.6476309,2.9735987,0.29136932,0.43230414,0.52189183,0.7353518,0
-0.66218209,4.8860989,-0.83143616,-0.90171695,0.25424302,0.34966743,0
0.46252275,-3.6171074,-0.7164073,0.90171695,-0.25424302,-0.34966743,0
-0.20197415,-3.4607866,2.8279841,-0.0044694245,-0.81424177,0.58050883,0
0.055849969,-3.327909,3.1751552,-0.0044694245,-0.81424177,0.58050883,0
-1.2903891,-1.2616428,-1.808527,-0.43230414,-0.52189183,-0.7353518,0
0.81372702,-0.82504046,3.6323972,0.43230414,0.52189183,0.7353518,0
-2.350105,2.6171119,-3.3981607,-0.90171695,0.25424302,0.34966743,0
-1.2522306,1.1734945,0.39479041,-0.90171695,0.25424302,0.34966743,0
1.2537667,-0.35854077,2.8863821,0.43230414,0.52189183,0.7353518,0
-0.073188782,-2.1439285,4.6300507,-0.0044694245,-0.81424177,0.58050883,0
-1.9217383,-0.95775878,-0.16063006,-0.90171695,0.25424302,0.34966743,0
0.24399102,-1.5161519,4.3413701,0.43230414,0.52189183,0.7353518,0
-1.2519041,2.6992571,-3.9720457,0.0044694245,0.81424177,-0.58050883,0
2.3943481,3.9003968,-1.0270911,0.90171695,-0.25424302,-0.34966743,0
2.4601181,-0.35753036,2.0970457,0.90171695,-0.25424302,-0.34966743,0
0.93009019,3.4213934,0.44757271,0.43230414,0.52189183,0.7353518,0
-1.8108369,0.61198568,-2.7117295,-0.43230414,-0.52189183,-0.7353518,0
-2.0489016,-1.1851062,-1.3680549,-0.43230414,-0.52189183,-0.7353518,0
-1.943211,0.0073568821,-2.164016,-0.43230414,-0.52189183,-0.7353518,0
-1.829975,-3.8024645,2.4015248,-0.90171695,0.25424302,0.34966743,0
1.9988388,1.9546126,-0.6419431,0.90171695,-0.25424302,-0.34966743,0
-2.3718734,0.64716721,-2.4459319,-0.43230414,-0.52189183,-0.7353518,0
-1.3124444,4.0056338,-2.3035343,0.0044694245,0.81424177,-0.58050883,0
-0.0035665035,-2.4654193,4.2435718,-0.0044694245,-0.81424177,0.58050883,0
-2.2541056,2.3071895,-3.6405101,-0.43230414,-0.52189183,-0.7353518,0
0.75650537,-3.4011731,2.9272256,-0.0044694245,-0.81424177,0.58050883,0
-1.7225566,1.0743295,-0.68094468,-0.90171695,0.25424302,0.34966743,0
0.020462811,-2.4410732,4.2542949,-0.0044694245,-0.81424177,0.58050883,0
-0.66381288,-0.87277877,-2.2584016,-0.43230414,-0.52189183,-0.7353518,0
1.487231,-2.8197429,3.7229202,-0.0044694245,-0.81424177,0.58050883,0
1.0475347,0.52785116,2.3958488,0.43230414,0.52189183,0.7353518,0
-1.6012104,-2.6849592,-0.47985369,-0.43230414,-0.52189183,-0.7353518,0
1.8084881,-1.6717788,3.6295209,0.43230414,0.52189183,0.7353518,0
-1.6647108,1.1270168,-3.308888,-0.43230414,-0.52189183,-0.7353518,0
0.90681559,1.4205153,-2.7653646,0.90171695,-0.25424302,-0.34966743,0
0.34884405,1.8567028,-4.7627168,0.90171695,-0.25424302,-0.34966743,0
-1.169668,2.6921246,-0.76790881,-0.90171695,0.25424302,0.34966743,0
-0.90305459,1.9648573,-4.2897177,-0.43230414,-0.52189183,-0.7353518,0
2.0380433,4.5984693,-1.3969662,0.0044694245,0.81424177,-0.58050883,0
0.8492291,-1.4173152,3.8692698,0.43230414,0.52189183,0.7353518,0
-0.82576686,-2.4130278,3.9635172,-0.90171695,0.25424302,0.34966743,0
-1.6725171,-3.1651297,2.2174578,-0.90171695,0.25424302,0.34966743,0
-1.4873087,1.487224,-3.6146412,-0.43230414,-0.52189183,-0.7353518,0
-0.4606092,-1.0504915,3.8823156,-0.90171695,0.25424302,0.34966743,0
2.265712,3.6906083,-0.43955016,0.43230414,0.52189183,0.7353518,0
-1.7327504,2.8124247,-2.4756026,-0.90171695,0.25424302,0.34966743,0
-0.34264851,4.0913095,0.53400874,-0.90171695,0.25424302,0.34966743,0
-1.975888,-4.2793479,1.5628139,-0.0044694245,-0.81424177,0.58050883,0
-0.48719251,1.4173808,-4.2056675,-0.43230414,-0.52189183,-0.7353518,0
0.10299778,-1.4837444,-2.4522307,-0.43230414,-0.52189183,-0.7353518,0
1.4585583,-2.9445372,3.7080159,-0.0044694245,-0.81424177,0.58050883,0
0.13303611,2.9678407,-3.7385588,0.0044694245,0.81424177,-0.58050883,0
-0.88735056,-2.4206643,3.7723992,-0.90171695,0.25424302,0.34966743,0
-1.196977,0.93873215,-3.2801142,-0.43230414,-0.52189183,-0.7353518,0
0.48887905,2.4820435,-4.1025286,0.0044694245,0.81424177,-0.58050883,0
2.4358869,3.8836346,-0.67170143,0.43230414,0.52189183,0.7353518,0
-1.5599681,-3.682092,2.4902246,-0.0044694245,-0.81424177,0.58050883,0
-2.3336077,-0.91480994,-0.7804054,-0.90171695,0.25424302,0.34966743,0
0.81560183,4.703476,-1.0591257,0.0044694245,0.81424177,-0.58050883,0
-0.079397202,1.2388792,2.676259,0.43230414,0.52189183,0.7353518,0
1.1769792,2.7998662,-3.3983316,0.90171695,-0.25424302,-0.34966743,0
-1.2211365,0.69999123,-3.1781204,-0.43230414,-0.52189183,-0.7353518,0
-1.5966213,3.5372739,-2.2037497,-0.90171695,0.25424302,0.34966743,0
-0.73114538,3.6335046,-0.2031672,-0.90171695,0.25424302,0.34966743,0
-1.5471491,-0.21043622,0.32649484,-0.90171695,0.25424302,0.34966743,0
-0.57158887,2.9689846,-3.7071199,0.0044694245,0.81424177,-0.58050883,0
-1.1338938,-0.53525591,1.4972982,-0.90171695,0.25424302,0.34966743,0
-1.01667,-3.9823298,2.1267569,-0.0044694245,-0.81424177,0.58050883,0
-1.0266306,0.14614773,1.7520659,-0.90171695,0.25424302,0.34966743,0
1.6381037,-0.092186689,2.5208263,0.43230414,0.52189183,0.7353518,0
-1.9739593,2.6370177,-4.1816792,0.0044694245,0.81424177,-0.58050883,0
1.301753,-2.4512155,4.3489857,-0.0044694245,-0.81424177,0.58050883,0
-1.8669209,0.60623693,-2.7254643,-0.43230414,-0.52189183,-0.7353518,0
-0.28862882,-4.2951403,1.7986801,-0.0044694245,-0.81424177,0.58050883,0
2.3631873,1.6282773,0.63471991,0.90171695,-0.25424302,-0.34966743,0
-1.3374571,3.1693115,-3.3432555,0.0044694245,0.81424177,-0.58050883,0
-1.2718692,-0.69676375,-2.1829541,-0.43230414,-0.52189183,-0.7353518,0
1.9135092,-0.93466187,1.190707,0.90171695,-0.25424302,-0.34966743,0
0.55365396,3.0891125,-3.2576671,0.0044694245,0.81424177,-0.58050883,0
1.5483952,-2.4780285,4.2702432,0.43230414,0.52189183,0.7353518,0
-0.75035584,-3.4782424,2.9602449,-0.0044694245,-0.81424177,0.58050883,0
1.9512652,2.2394781,-1.081957,0.90171695,-0.25424302,-0.34966743,0
-0.32971859,1.4717381,2.3971562,-0.90171695,0.25424302,0.34966743,0
1.6944326,-3.1849582,3.4652762,-0.0044694245,-0.81424177,0.58050883,0
-1.2860117,-0.66930461,1.22449,-0.90171695,0.25424302,0.34966743,0
1.1810956,-2.2503302,4.3272514,0.43230414,0.52189183,0.7353518,0
-0.37888885,-4.098032,1.9513824,-0.0044694245,-0.81424177,0.58050883,0
-0.97602034,-0.3613795,-2.4892285,-0.43230414,-0.52189183,-0.7353518,0
-1.7245376,-4.6465154,0.95460391,-0.43230414,-0.52189183,-0.7353518,0
0.68289912,2.6123772,-3.9576561,0.0044694245,0.81424177,-0.58050883,0
-0.51967388,3.4578764,-2.7985716,0.0044694245,0.81424177,-0.58050883,0
2.0738797,0.49227285,0.64611471,0.90171695,-0.25424302,-0.34966743,0
-0.90231657,1.6060263,0.80783409,-0.90171695,0.25424302,0.34966743,0
-2.2259815,-4.4382501,1.3706211,-0.0044694245,-0.81424177,0.58050883,0
1.1331148,-3.0219133,0.78080535,0.90171695,-0.25424302,-0.34966743,0
-2.2661145,-3.6101954,0.50913882,-0.43230414,-0.52189183,-0.7353518,0
-0.75905269,-2.7389064,3.9517734,-0.0044694245,-0.81424177,0.58050883,0
1.9045303,-2.8629217,3.712456,-0.0044694245,-0.81424177,0.58050883,0
-0.10800314,-0.40877399,-3.1386287,-0.43230414,-0.52189183,-0.7353518,0
-2.2128181,1.3569522,-2.1331911,-0.90171695,0.25424302,0.34966743,0
1.964637,4.4825439,-1.4797883,0.0044694245,0.81424177,-0.58050883,0
0.74200749,-2.3230972,-0.69605565,0.90171695,-0.25424302,-0.34966743,0
-2.1330333,0.61061263,-2.5312634,-0.43230414,-0.52189183,-0.7353518,0
2.3052182,3.0151052,0.028513789,0.43230414,0.52189183,0.7353518,0
1.5563314,-0.39044821,2.6541104,0.43230414,0.52189183,0.7353518,0
0.77954876,-3.8106835,2.3457565,-0.0044694245,-0.81424177,0.58050883,0
-2.1279807,2.0717731,-3.6683331,-0.43230414,-0.52189183,-0.7353518,0
-0.83075589,-0.65120363,2.563098,-0.90171695,0.25424302,0.34966743,0
-1.6405947,-3.1772125,-0.24166322,-0.43230414,-0.52189183,-0.7353518,0
-0.21142054,3.6320372,0.86505973,-0.90171695,0.25424302,0.34966743,0
-1.2875984,-3.7741976,2.4550633,-0.0044694245,-0.81424177,0.58050883,0
0.47334576,0.72676796,2.6936681,0.43230414,0.52189183,0.7353518,0
-1.8872696,-2.1671307,0.75646514,-0.90171695,0.25424302,0.34966743,0
0.54926652,-3.4672792,2.7281625,-0.0044694245,-0.81424177,0.58050883,0
-1.947989,3.0461781,-2.6635337,-0.90171695,0.25424302,0.34966743,0
1.3384063,-2.5315037,4.3225427,-0.0044694245,-0.81424177,0.58050883,0
-2.1808834,-4.4706435,1.6301535,-0.0044694245,-0.81424177,0.58050883,0
-0.15047908,-3.4488678,-0.74410892,-0.43230414,-0.52189183,-0.7353518,0
-1.3443972,-3.7375746,2.4185619,-0.0044694245,-0.81424177,0.58050883,0
1.4843235,-3.8600512,2.5198517,-0.0044694245,-0.81424177,0.58050883,0
-2.0906181,-4.2094555,1.93499,-0.0044694245,-0.81424177,0.58050883,0
0.77334738,-2.6300268,-0.44598722,0.90171695,-0.25424302,-0.34966743,0
0.53859496,-2.4845717,-1.3702259,0.90171695,-0.25424302,-0.34966743,0
-1.3463008,-2.0636313,-1.0390973,-0.43230414,-0.52189183,-0.7353518,0
-1.4597048,-2.0637891,1.9078324,-0.90171695,0.25424302,0.34966743,0
-0.25274801,-4.662035,0.092321634,-0.43230414,-0.52189183,-0.7353518,0
0.33311415,5.0168428,-0.59281731,0.0044694245,0.81424177,-0.58050883,0
2.0952659,-1.475949,2.1991613,0.90171695,-0.25424302,-0.34966743,0
1.0309527,3.8629348,-0.045794487,0.43230414,0.52189183,0.7353518,0
0.23745465,0.67022187,-3.900815,-0.43230414,-0.52189183,-0.7353518,0
-0.51256251,-2.7893686,-1.0125537,-0.43230414,-0.52189183,-0.7353518,0
-0.93990827,2.9881556,-0.10524487,-0.90171695,0.25424302,0.34966743,0
0.60773063,-4.6036177,0.86124682,0.90171695,-0.25424302,-0.34966743,0
1.6742212,-3.059516,2.4332817,0.90171695,-0.25424302,-0.34966743,0
0.9667933,1.2675581,2.0355825,0.43230414,0.52189183,0.7353518,0
1.6723862,0.41968787,2.0648034,0.43230414,0.52189183,0.7353518,0
1.4837575,3.7128725,-2.6671238,0.0044694245,0.81424177,-0.58050883,0
0.27281857,2.4378927,-4.5024929,0.0044694245,0.81424177,-0.58050883,0
-0.33995843,3.8560207,-2.3433683,0.0044694245,0.81424177,-0.58050883,0
-1.820343,-3.5638065,1.9786283,-0.90171695,0.25424302,0.34966743,0
-0.084490299,0.63686168,-3.8761179,-0.43230414,-0.52189183,-0.7353518,0
-1.244173,1.2901648,0.1020236,-0.90171695,0.25424302,0.34966743,0
-0.12992167,-3.6621623,2.704303,-0.0044694245,-0.81424177,0.58050883,0
-1.982172,1.6995698,-1.7874968,-0.90171695,0.25424302,0.34966743,0
-2.1351643,-2.6371408,0.89683419,-0.90171695,0.25424302,0.34966743,0
-1.6176565,-1.3264781,-1.612426,-0.43230414,-0.52189183,-0.7353518,0
1.3001482,-0.90349734,-0.56470299,0.90171695,-0.25424302,-0.34966743,0
-0.90124393,-2.1576593,-1.2920866,-0.43230414,-0.52189183,-0.7353518,0
1.4649289,-2.1444197,1.2218024,0.90171695,-0.25424302,-0.34966743,0
0.50174701,3.6118753,-2.5818868,0.0044694245,0.81424177,-0.58050883,0
-0.80372357,4.2571998,-1.8754909,0.0044694245,0.81424177,-0.58050883,0
-0.63181162,-1.0885088,3.4821296,-0.90171695,0.25424302,0.34966743,0
-0.93868649,2.0012715,0.33257914,-0.90171695,0.25424302,0.34966743,0
0.10094289,2.8142557,-3.6517138,0.0044694245,0.81424177,-0.58050883,0
0.92296457,1.9880905,1.3203197,0.43230414,0.52189183,0.7353518,0
0.98116446,1.0743895,1.956311,0.43230414,0.52189183,0.7353518,0
-1.8171616,-4.7443419,0.91562271,-0.43230414,-0.52189183,-0.7353518,0
-1.1695247,-1.1139071,2.2843132,-0.90171695,0.25424302,0.34966743,0
-2.2258933,2.1069672,-2.9581807,-0.90171695,0.25424302,0.34966743,0
-0.22317362,-4.4989519,1.3574536,-0.0044694245,-0.81424177,0.58050883,0
1.0909039,-0.24564791,3.0252552,0.43230414,0.52189183,0.7353518,0
0.7436564,3.4345775,-3.0792134,0.0044694245,0.81424177,-0.58050883,0
0.4981488,-2.8451619,3.8027377,-0.0044694245,-0.81424177,0.58050883,0
-1.7972763,-0.56451452,-0.16357042,-0.90171695,0.25424302,0.34966743,0
2.4051552,-1.1387799,2.721168,0.90171695,-0.25424302,-0.34966743,0
-1.9770405,2.403075,-3.9382758,-0.43230414,-0.52189183,-0.7353518,0
1.5316211,3.839962,-2.3945525,0.0044694245,0.81424177,-0.58050883,0
1.6226931,0.4431299,2.1773858,0.43230414,0.52189183,0.7353518,0
0.56422019,3.9094648,-2.2531273,0.0044694245,0.81424177,-0.58050883,0
-2.2437508,-0.90923023,-0.79010946,-0.90171695,0.25424302,0.34966743,0
-1.9102985,0.72681093,-2.872756,-0.43230414,-0.52189183,-0.7353518,0
1.5901163,-1.5771,3.6815772,0.43230414,0.52189183,0.7353518,0
1.2503808,-3.5496943,2.8381712,-0.0044694245,-0.81424177,0.58050883,0
1.3699005,4.6685548,-0.75848889,0.43230414,0.52189183,0.7353518,0
-1.4231284,3.8590312,-2.3763406,0.0044694245,0.81424177,-0.58050883,0
0.16341913,-3.8161397,2.3251908,-0.0044694245,-0.81424177,0.58050883,0
-0.87752914,-4.767014,0.4967618,-0.43230414,-0.52189183,-0.7353518,0
1.3796512,-3.205596,3.2683351,-0.0044694245,-0.81424177,0.58050883,0
-0.72899771,4.3946252,-1.6832416,0.0044694245,0.81424177,-0.58050883,0
2.1105926,-1.7756796,2.2127881,0.90171695,-0.25424302,-0.34966743,0
-1.2767868,3.4108706,-2.9729207,0.0044694245,0.81424177,-0.58050883,0
-0.7968632,-3.0631535,3.5497296,-0.0044694245,-0.81424177,0.58050883,0
-1.4629619,3.9244764,-2.3012516,0.0044694245,0.81424177,-0.58050883,0
1.9626238,-1.4050453,1.8466909,0.90171695,-0.25424302,-0.34966743,0
-0.49159861,-4.7202129,0.23283935,-0.43230414,-0.52189183,-0.7353518,0
-0.36644036,3.2103076,-3.3279552,0.0044694245,0.81424177,-0.58050883,0
0.0097734928,-4.1228895,1.9744945,-0.0044694245,-0.81424177,0.58050883,0
-0.70617324,-2.5276926,4.0633984,-0.0044694245,-0.81424177,0.58050883,0
-1.1005723,1.9528575,-0.19230711,-0.90171695,0.25424302,0.34966743,0
1.3320765,1.9444323,1.2392378,0.43230414,0.52189183,0.7353518,0
0.42301512,4.5687108,-0.19133878,0.43230414,0.52189183,0.7353518,0
-1.0724105,-0.91289872,2.3581326,-0.90171695,0.25424302,0.34966743,0
2.1118376,3.723455,-0.44694424,0.43230414,0.52189183,0.7353518,0
0.0042847991,3.2298775,-3.2216971,0.0044694245,0.81424177,-0.58050883,0
0.21719742,1.1487825,-4.4483976,-0.43230414,-0.52189183,-0.7353518,0
-0.20457792,-1.5571425,-2.1361291,-0.43230414,-0.52189183,-0.7353518,0
-0.16033483,-0.66369712,-2.7493391,-0.43230414,-0.52189183,-0.7353518,0
2.1861756,1.4655393,1.1431175,0.43230414,0.52189183,0.7353518,0
1.7649944,0.24869227,2.3066044,0.43230414,0.52189183,0.7353518,0
0.32320333,1.537447,-4.7268434,-0.43230414,-0.52189183,-0.7353518,0
0.33987689,4.7637053,-1.2341385,0.0044694245,0.81424177,-0.58050883,0
0.21320915,-4.114645,-0.55679607,0.90171695,-0.25424302,-0.34966743,0
-1.721311,-0.18437195,-2.3663607,-0.43230414,-0.52189183,-0.7353518,0
0.098567247,-0.815786,-2.8914342,-0.43230414,-0.52189183,-0.7353518,0
-1.5953562,-2.6576538,2.2533,-0.90171695,0.25424302,0.34966743,0
2.0672705,-2.5873039,2.8629491,0.90171695,-0.25424302,-0.34966743,0
0.06911993,2.2188072,1.8122917,0.43230414,0.52189183,0.7353518,0
0.81488204,-1.1482296,3.8154321,0.43230414,0.52189183,0.7353518,0
0.25655675,4.5433779,-1.4244235,0.0044694245,0.81424177,-0.58050883,0
1.2958717,-3.6772232,2.4958444,-0.0044694245,-0.81424177,0.58050883,0
1.9229981,1.2108696,-0.38306701,0.90171695,-0.25424302,-0.34966743,0
-0.8919301,-2.8918185,3.5193858,-0.0044694245,-0.81424177,0.58050883,0
-0.78448081,-0.88529277,-2.4343333,-0.43230414,-0.52189183,-0.7353518,0
0.93071413,-4.4863548,1.544044,-0.0044694245,-0.81424177,0.58050883,0
0.30667615,1.1549942,-4.5279746,-0.43230414,-0.52189183,-0.7353518,0
1.7090249,1.7463274,1.1523178,0.43230414,0.52189183,0.7353518,0
1.0500495,0.73123556,2.2578995,0.43230414,0.52189183,0.7353518,0
0.0028700829,-1.7386798,4.5104275,0.43230414,0.52189183,0.7353518,0
-1.3390195,-0.51963222,-2.2797971,-0.43230414,-0.52189183,-0.7353518,0
0.12898684,4.8551817,-1.0249069,0.0044694245,0.81424177,-0.58050883,0
-1.6533897,-4.6897998,1.0215709,-0.43230414,-0.52189183,-0.7353518,0
-1.7683809,-4.3527441,0.63111854,-0.43230414,-0.52189183,-0.7353518,0
-0.90987563,3.8051567,-0.67586827,-0.90171695,0.25424302,0.34966743,0
0.46501136,-2.6563728,-1.1892067,0.90171695,-0.25424302,-0.34966743,0
0.10537529,-5.1490932,0.70249486,-0.0044694245,-0.81424177,0.58050883,0
