2.5202825,1.3038071,-0.7897408,0.39066511,-0.17816526,-0.90312672,0
3.8861551,-1.0962472,1.0116222,0.29257071,-0.90618879,0.30532649,0
2.6658893,-1.8540674,-0.17432857,0.39066511,-0.17816526,-0.90312672,0
3.9545751,-1.0553684,1.3595688,0.29257071,-0.90618879,0.30532649,0
0.75191331,3.0332432,0.39356729,-0.29257071,0.90618879,-0.30532649,0
-2.5495987,-3.4401939,0.023388624,-0.8728019,-0.3835088,-0.30189043,0
1.3718563,-2.1564436,0.26218224,0.29257071,-0.90618879,0.30532649,0
-3.9779069,1.0727853,-1.4514828,-0.29257071,0.90618879,-0.30532649,0
-3.48719,-0.46540117,-0.95330215,-0.8728019,-0.3835088,-0.30189043,0
4.1820498,-0.71660948,0.65856838,0.8728019,0.3835088,0.30189043,0
2.7610698,1.459489,-0.65175676,0.39066511,-0.17816526,-0.90312672,0
-3.6517897,0.23294473,-1.1813025,-0.8728019,-0.3835088,-0.30189043,0
-0.87848973,0.81978011,-2.1552205,0.39066511,-0.17816526,-0.90312672,0
2.734251,-1.3791324,1.2391815,0.29257071,-0.90618879,0.30532649,0
-3.9978955,0.063472509,-0.40695047,-0.8728019,-0.3835088,-0.30189043,0
0.61425531,0.61623138,1.798092,-0.39066511,0.17816526,0.90312672,0
-1.3472857,2.2205603,-0.088903904,-0.29257071,0.90618879,-0.30532649,0
-3.4184813,-1.3779984,0.12620115,-0.8728019,-0.3835088,-0.30189043,0
-2.5381324,-1.769806,-2.160912,-0.8728019,-0.3835088,-0.30189043,0
3.3332095,1.7813067,-0.52715564,0.8728019,0.3835088,0.30189043,0
1.5146087,-0.30862713,-0.91814548,0.39066511,-0.17816526,-0.90312672,0
2.2500007,-0.17363679,2.6311238,-0.39066511,0.17816526,0.90312672,0
-3.2589061,-2.295259,0.57611275,-0.8728019,-0.3835088,-0.30189043,0
1.5940483,-1.5285304,2.0964148,0.29257071,-0.90618879,0.30532649,0
0.97867298,2.6302385,-1.5490556,-0.29257071,0.90618879,-0.30532649,0
-2.0348091,-3.3873324,-1.2072123,-0.8728019,-0.3835088,-0.30189043,0
3.9365578,-1.1842413,0.79858375,0.29257071,-0.90618879,0.30532649,0
-3.5021327,0.23945296,-1.4425743,-0.8728019,-0.3835088,-0.30189043,0
3.446954,-1.5288544,0.61272717,0.29257071,-0.90618879,0.30532649,0
-3.7780266,0.96936262,-1.9109685,-0.29257071,0.90618879,-0.30532649,0
-2.6860428,1.2793354,-2.0115194,-0.29257071,0.90618879,-0.30532649,0
-2.5494576,-0.15972802,-2.7451,0.39066511,-0.17816526,-0.90312672,0
2.4530787,1.1096565,-0.76571941,0.39066511,-0.17816526,-0.90312672,0
-2.6555183,-3.0760274,-0.1285665,-0.8728019,-0.3835088,-0.30189043,0
2.8895462,0.75427604,2.0428019,0.8728019,0.3835088,0.30189043,0
2.6148152,2.7101607,0.5946207,0.8728019,0.3835088,0.30189043,0
-0.22822011,-2.1790903,-1.2703713,0.39066511,-0.17816526,-0.90312672,0
-0.4067266,-2.7343588,0.69252211,0.29257071,-0.90618879,0.30532649,0
-1.1450102,-1.5546632,-1.816257,0.39066511,-0.17816526,-0.90312672,0
2.3294914,2.9534171,1.4083228,0.8728019,0.3835088,0.30189043,0
3.1276767,0.19943905,2.2084556,0.8728019,0.3835088,0.30189043,0
0.64066315,-1.8236283,1.9295915,0.29257071,-0.90618879,0.30532649,0
2.4710605,1.9621977,2.2784433,0.8728019,0.3835088,0.30189043,0
-1.1354154,-0.73555076,1.3514404,-0.39066511,0.17816526,0.90312672,0
3.0016232,0.57814205,2.4126205,0.8728019,0.3835088,0.30189043,0
-1.550519,-2.45085,-1.8844314,0.39066511,-0.17816526,-0.90312672,0
-3.6957991,0.47446871,-1.2820146,-0.8728019,-0.3835088,-0.30189043,0
-2.7464304,-2.1873817,-1.1367719,-0.8728019,-0.3835088,-0.30189043,0
0.63339257,-1.3581998,-1.1229203,0.39066511,-0.17816526,-0.90312672,0
-0.82090354,1.8188171,-2.0678127,-0.29257071,0.90618879,-0.30532649,0
-1.5708717,1.421892,0.78775752,-0.39066511,0.17816526,0.90312672,0
1.7627438,-1.9084715,0.6118319,0.29257071,-0.90618879,0.30532649,0
1.8864803,-1.6261641,1.824299,0.29257071,-0.90618879,0.30532649,0
-2.5540757,-1.9756954,-1.5228065,-0.8728019,-0.3835088,-0.30189043,0
2.3126225,2.1041565,-1.0926734,0.39066511,-0.17816526,-0.90312672,0
2.8538141,2.831743,-0.57004738,0.8728019,0.3835088,0.30189043,0
-3.0421364,-0.83149797,-1.5777617,-0.8728019,-0.3835088,-0.30189043,0
3.6050687,-0.23178756,1.4974103,0.8728019,0.3835088,0.30189043,0
-3.5304427,-1.4106752,0.079311848,-0.8728019,-0.3835088,-0.30189043,0
-4.0106268,0.52122688,-0.82270479,-0.8728019,-0.3835088,-0.30189043,0
-1.4608247,-3.2807474,-0.25303966,0.29257071,-0.90618879,0.30532649,0
3.2024412,1.934329,-0.024751902,0.8728019,0.3835088,0.30189043,0
1.2670379,2.9592071,-0.48009634,-0.29257071,0.90618879,-0.30532649,0
-1.1461458,2.2255774,0.72241348,-0.39066511,0.17816526,0.90312672,0
-1.0539368,2.4448507,0.011149168,-0.29257071,0.90618879,-0.30532649,0
-3.506855,-0.72369218,0.22018743,-0.39066511,0.17816526,0.90312672,0
2.0098853,3.3580408,1.6707826,0.8728019,0.3835088,0.30189043,0
-2.8286419,-0.5377599,-2.5851054,-0.8728019,-0.3835088,-0.30189043,0
0.81115961,1.7650453,-1.630389,0.39066511,-0.17816526,-0.90312672,0
3.5639136,-1.0288395,1.5082505,0.29257071,-0.90618879,0.30532649,0
0.048277378,1.3508438,-1.8314136,0.39066511,-0.17816526,-0.90312672,0
-0.058778524,2.3966074,-1.0865687,-0.29257071,0.90618879,-0.30532649,0
3.5013018,0.58426118,0.58390117,0.8728019,0.3835088,0.30189043,0
3.1884108,2.2089703,-0.25143456,0.8728019,0.3835088,0.30189043,0
-3.0812833,0.55974412,0.23440075,-0.39066511,0.17816526,0.90312672,0
2.966145,3.3339429,-0.97971308,0.8728019,0.3835088,0.30189043,0
-2.2788723,-3.0623274,-1.2807864,-0.8728019,-0.3835088,-0.30189043,0
1.871415,-2.2235985,-0.098232031,0.29257071,-0.90618879,0.30532649,0
2.3532634,2.3144429,1.7027837,0.8728019,0.3835088,0.30189043,0
-3.4027274,0.96822989,-2.1849968,-0.29257071,0.90618879,-0.30532649,0
-2.5501289,-3.4613407,-0.1102438,-0.8728019,-0.3835088,-0.30189043,0
-2.4147351,-2.2437913,-1.4447664,-0.8728019,-0.3835088,-0.30189043,0
-3.8575709,1.2528145,-0.30018711,-0.39066511,0.17816526,0.90312672,0
-1.4905317,1.0382813,-2.4710529,0.39066511,-0.17816526,-0.90312672,0
-2.1817105,-2.9466619,-1.6852332,-0.8728019,-0.3835088,-0.30189043,0
-2.2723503,1.853184,-0.3926487,-0.29257071,0.90618879,-0.30532649,0
-3.343298,-1.5232764,0.19878292,-0.8728019,-0.3835088,-0.30189043,0
0.75422132,1.1985633,1.7248319,-0.39066511,0.17816526,0.90312672,0
-3.2959232,-1.8510718,0.37639284,-0.8728019,-0.3835088,-0.30189043,0
1.8064928,3.017935,-0.8282066,-0.29257071,0.90618879,-0.30532649,0
-2.4714098,-3.4193361,-0.30480587,-0.8728019,-0.3835088,-0.30189043,0
0.95505226,1.0866299,-1.496382,0.39066511,-0.17816526,-0.90312672,0
-1.0806575,2.6638267,0.46623927,-0.29257071,0.90618879,-0.30532649,0
-2.7331598,1.1836504,0.21262789,-0.39066511,0.17816526,0.90312672,0
-3.209276,-0.9337858,-0.87083173,-0.8728019,-0.3835088,-0.30189043,0
1.8390722,3.3772547,-0.069790721,-0.29257071,0.90618879,-0.30532649,0
-2.9228981,-0.17660889,-2.9521439,0.39066511,-0.17816526,-0.90312672,0
-2.6230469,-1.7410158,-1.5504035,-0.8728019,-0.3835088,-0.30189043,0
-3.1018329,-2.0894372,-0.25537062,-0.8728019,-0.3835088,-0.30189043,0
-0.15107286,2.1421075,1.1212875,-0.39066511,0.17816526,0.90312672,0
2.3206673,1.3320369,2.3280845,-0.39066511,0.17816526,0.90312672,0
-2.0117567,-3.5086184,-1.4271367,-0.8728019,-0.3835088,-0.30189043,0
3.3282597,-0.43947256,2.2664011,0.8728019,0.3835088,0.30189043,0
-3.592711,0.73187494,-1.9989443,-0.8728019,-0.3835088,-0.30189043,0
2.8975582,1.8239254,1.1110759,0.8728019,0.3835088,0.30189043,0
3.0760005,1.9461244,0.18444419,0.8728019,0.3835088,0.30189043,0
-3.4895902,-0.3571136,-1.3051178,-0.8728019,-0.3835088,-0.30189043,0
-2.4376478,1.2598928,-1.8431058,-0.29257071,0.90618879,-0.30532649,0
-1.2691729,-2.8171558,0.95984781,0.29257071,-0.90618879,0.30532649,0
3.2910581,-0.9006567,2.1076372,0.29257071,-0.90618879,0.30532649,0
-0.34351134,-2.7698364,-0.014264587,0.29257071,-0.90618879,0.30532649,0
-0.91984963,2.6180754,0.18549156,-0.29257071,0.90618879,-0.30532649,0
1.3585095,2.7381361,-1.1886907,-0.29257071,0.90618879,-0.30532649,0
2.0801249,0.016708612,-0.86366582,0.39066511,-0.17816526,-0.90312672,0
0.97261566,-0.8023957,-1.1320717,0.39066511,-0.17816526,-0.90312672,0
-3.9469323,0.99633908,-1.4181128,-0.8728019,-0.3835088,-0.30189043,0
-1.4820313,1.7413859,-1.4879366,-0.29257071,0.90618879,-0.30532649,0
3.5313001,0.46765518,0.81938505,0.8728019,0.3835088,0.30189043,0
-3.043519,-3.184993,0.93414974,-0.8728019,-0.3835088,-0.30189043,0
-1.7225301,2.2407246,0.092795134,-0.29257071,0.90618879,-0.30532649,0
1.545282,0.30077624,-1.0559113,0.39066511,-0.17816526,-0.90312672,0
3.7992973,-0.069316149,0.018597126,0.39066511,-0.17816526,-0.90312672,0
-0.056633949,2.4616776,-1.0189111,-0.29257071,0.90618879,-0.30532649,0
-0.75900269,-2.496459,-1.5429265,0.39066511,-0.17816526,-0.90312672,0
1.7644432,3.2090685,-0.50692666,-0.29257071,0.90618879,-0.30532649,0
-2.1275563,1.653955,-0.96101975,-0.29257071,0.90618879,-0.30532649,0
-2.6950324,-3.2323887,1.0683825,0.29257071,-0.90618879,0.30532649,0
1.7537959,3.6745474,1.0214815,-0.29257071,0.90618879,-0.30532649,0
2.9959073,-0.76671219,2.7818959,0.29257071,-0.90618879,0.30532649,0
-3.1977963,-1.0592283,-1.098973,-0.8728019,-0.3835088,-0.30189043,0
-4.0214133,-0.1712153,-0.078027725,-0.8728019,-0.3835088,-0.30189043,0
2.3485487,3.5657673,0.093095422,-0.29257071,0.90618879,-0.30532649,0
-1.1482568,-3.6220067,-1.2423691,0.29257071,-0.90618879,0.30532649,0
3.3464706,0.39245582,1.6379025,0.8728019,0.3835088,0.30189043,0
-0.68020344,-1.9927019,1.8328632,-0.39066511,0.17816526,0.90312672,0
-0.036540836,-1.4713057,-1.4669693,0.39066511,-0.17816526,-0.90312672,0
2.7606254,2.1514485,1.0225966,0.8728019,0.3835088,0.30189043,0
0.92764306,2.9577312,-0.24084395,-0.29257071,0.90618879,-0.30532649,0
0.028404169,0.92895752,1.4803902,-0.39066511,0.17816526,0.90312672,0
2.6364913,-1.2595778,1.655894,0.29257071,-0.90618879,0.30532649,0
-2.2420652,-2.4587741,-2.1890173,0.39066511,-0.17816526,-0.90312672,0
1.4014292,3.0247178,-0.65821618,-0.29257071,0.90618879,-0.30532649,0
-0.39501709,0.90983468,1.20873,-0.39066511,0.17816526,0.90312672,0
1.5332636,-0.74391794,2.5449924,-0.39066511,0.17816526,0.90312672,0
2.7862356,-1.48106,0.98958182,0.29257071,-0.90618879,0.30532649,0
-1.7620766,2.1637945,0.013424277,-0.29257071,0.90618879,-0.30532649,0
-4.1105275,0.47311521,-0.20926023,-0.39066511,0.17816526,0.90312672,0
2.0601153,3.4212201,1.6185411,0.8728019,0.3835088,0.30189043,0
3.4927065,1.3911003,0.036026239,0.8728019,0.3835088,0.30189043,0
-2.8601875,-1.2894526,-1.6220741,-0.8728019,-0.3835088,-0.30189043,0
-1.2648876,2.1351147,-0.62041795,-0.29257071,0.90618879,-0.30532649,0
-3.3031838,1.0200882,-1.784981,-0.29257071,0.90618879,-0.30532649,0
-0.60816431,1.9401109,-1.819447,-0.29257071,0.90618879,-0.30532649,0
-2.0068121,-3.6627488,-0.81300581,0.29257071,-0.90618879,0.30532649,0
-2.5770633,-1.827415,-1.903455,-0.8728019,-0.3835088,-0.30189043,0
-3.5538509,-1.0498123,0.27221322,-0.8728019,-0.3835088,-0.30189043,0
3.7678018,-0.54055691,1.1115978,0.8728019,0.3835088,0.30189043,0
-2.5764971,1.7043661,-0.47495389,-0.29257071,0.90618879,-0.30532649,0
0.39870191,3.0206943,0.25880012,-0.29257071,0.90618879,-0.30532649,0
-0.55933642,1.0330802,-2.0586495,0.39066511,-0.17816526,-0.90312672,0
3.7369962,-0.17175603,0.83374357,0.8728019,0.3835088,0.30189043,0
0.21822476,-1.9589539,-1.1985725,0.39066511,-0.17816526,-0.90312672,0
0.9740147,-1.7793723,-0.91138703,0.39066511,-0.17816526,-0.90312672,0
3.7115579,-0.47892034,1.6459057,0.8728019,0.3835088,0.30189043,0
1.7281221,-2.0979457,0.066389799,0.29257071,-0.90618879,0.30532649,0
0.71885681,-2.1163831,0.92791444,0.29257071,-0.90618879,0.30532649,0
1.9212556,-0.49294341,2.5227675,-0.39066511,0.17816526,0.90312672,0
0.3880173,-1.1184741,-1.2197816,0.39066511,-0.17816526,-0.90312672,0
1.8331239,3.475265,0.10933959,-0.29257071,0.90618879,-0.30532649,0
-3.4870892,-1.1201668,-0.053334236,-0.8728019,-0.3835088,-0.30189043,0
-2.5240018,0.94707751,-2.6999786,-0.29257071,0.90618879,-0.30532649,0
0.76254821,2.5904322,-1.2562599,-0.29257071,0.90618879,-0.30532649,0
-2.8835139,1.7058169,-0.17200923,-0.29257071,0.90618879,-0.30532649,0
1.1055336,-2.4585004,-0.46230412,0.29257071,-0.90618879,0.30532649,0
-2.4533517,-1.0474383,-2.4336169,0.39066511,-0.17816526,-0.90312672,0
3.1618037,1.1029828,1.0083776,0.8728019,0.3835088,0.30189043,0
3.2063785,0.38276339,1.7074347,0.8728019,0.3835088,0.30189043,0
-1.0583739,-2.9181306,0.53403592,0.29257071,-0.90618879,0.30532649,0
1.1778246,2.9446046,1.6548407,-0.39066511,0.17816526,0.90312672,0
-1.2389841,1.9719701,-1.1480179,-0.29257071,0.90618879,-0.30532649,0
2.6257296,-1.3840815,-0.28706336,0.39066511,-0.17816526,-0.90312672,0
0.57395673,-1.3379637,2.1776297,-0.39066511,0.17816526,0.90312672,0
3.2003827,2.6215396,-0.76879382,0.8728019,0.3835088,0.30189043,0
-3.7207217,0.10178757,-0.98310018,-0.8728019,-0.3835088,-0.30189043,0
-3.0900278,-2.3539839,0.63124681,-0.8728019,-0.3835088,-0.30189043,0
-3.4394579,-0.28435159,0.33545184,-0.39066511,0.17816526,0.90312672,0
-1.0125099,1.5659671,0.84289682,-0.39066511,0.17816526,0.90312672,0
-4.0835056,0.50531292,-0.6439805,-0.8728019,-0.3835088,-0.30189043,0
2.1041405,3.5972557,0.32616472,-0.29257071,0.90618879,-0.30532649,0
-3.6583862,-0.654356,-0.11428094,-0.8728019,-0.3835088,-0.30189043,0
3.2263331,1.4968654,0.16680717,0.8728019,0.3835088,0.30189043,0
-3.8500652,-0.56383181,0.029275179,-0.8728019,-0.3835088,-0.30189043,0
-2.3569028,-0.88424277,-2.4353416,0.39066511,-0.17816526,-0.90312672,0
2.6643136,2.8767779,0.2960155,0.8728019,0.3835088,0.30189043,0
-3.1417851,-0.14910364,-2.2092054,-0.8728019,-0.3835088,-0.30189043,0
-1.9898183,-3.6838803,-1.0223731,-0.8728019,-0.3835088,-0.30189043,0
2.8759565,2.4626572,0.32439089,0.8728019,0.3835088,0.30189043,0
-2.1499479,2.0343018,0.42146134,-0.39066511,0.17816526,0.90312672,0
-2.6002409,-3.00811,1.0548269,-0.39066511,0.17816526,0.90312672,0
2.3817129,3.5318956,0.11553228,0.8728019,0.3835088,0.30189043,0
-2.1965261,-3.5360093,-0.73654091,-0.8728019,-0.3835088,-0.30189043,0
-2.5711908,-2.280206,-1.5240403,-0.8728019,-0.3835088,-0.30189043,0
-3.8655543,1.2876987,-0.40030456,-0.29257071,0.90618879,-0.30532649,0
-3.7671051,-0.34830546,0.17611265,-0.39066511,0.17816526,0.90312672,0
-1.4050329,-3.0862963,0.43824238,0.29257071,-0.90618879,0.30532649,0
3.313189,-1.480226,0.88632846,0.29257071,-0.90618879,0.30532649,0
1.893371,-1.3412077,2.1398396,0.29257071,-0.90618879,0.30532649,0
1.9922174,0.25084901,-0.82697368,0.39066511,-0.17816526,-0.90312672,0
2.7610934,2.8398211,-0.26848531,0.8728019,0.3835088,0.30189043,0
-2.9157376,-2.5655971,-0.01994729,-0.8728019,-0.3835088,-0.30189043,0
0.27627456,-0.17631239,1.8040539,-0.39066511,0.17816526,0.90312672,0
0.45478654,-1.5314605,2.2597964,-0.39066511,0.17816526,0.90312672,0
2.2158351,-1.0437266,2.7517931,0.29257071,-0.90618879,0.30532649,0
3.9967821,-0.91051126,1.2311981,0.8728019,0.3835088,0.30189043,0
1.0720279,2.8698716,-0.67905271,-0.29257071,0.90618879,-0.30532649,0
0.12669683,3.0127277,1.0357895,-0.39066511,0.17816526,0.90312672,0
-3.1334758,-0.61035889,-1.9568713,-0.8728019,-0.3835088,-0.30189043,0
-2.1801217,-3.2661848,-1.3787172,-0.8728019,-0.3835088,-0.30189043,0
-2.4631605,-1.3115065,0.74818563,-0.39066511,0.17816526,0.90312672,0
-0.72378927,1.5326879,0.9903304,-0.39066511,0.17816526,0.90312672,0
4.0203123,-0.92347264,1.0470378,0.8728019,0.3835088,0.30189043,0
3.3670201,1.5527651,-0.42144418,0.8728019,0.3835088,0.30189043,0
-1.4905465,-3.2387006,-0.25739449,0.29257071,-0.90618879,0.30532649,0
-1.4446058,2.11256,-0.33840823,-0.29257071,0.90618879,-0.30532649,0
-1.3566235,-0.26832891,-2.1618364,0.39066511,-0.17816526,-0.90312672,0
-2.2882247,-3.4303162,-0.3125639,-0.8728019,-0.3835088,-0.30189043,0
-0.14054561,2.5166285,-0.82611507,-0.29257071,0.90618879,-0.30532649,0
-0.61577821,0.44890556,-1.9813391,0.39066511,-0.17816526,-0.90312672,0
-0.093271494,0.48592061,-1.7089057,0.39066511,-0.17816526,-0.90312672,0
3.2934422,0.4778235,1.2183664,0.8728019,0.3835088,0.30189043,0
-1.5354515,-1.0604777,-2.2213969,0.39066511,-0.17816526,-0.90312672,0
0.51011002,2.6562018,1.4075037,-0.39066511,0.17816526,0.90312672,0
-3.3130379,-0.84683514,-1.1524906,-0.8728019,-0.3835088,-0.30189043,0
2.770402,-1.153898,2.3302026,0.29257071,-0.90618879,0.30532649,0
-1.4606533,-3.4464989,-0.62578732,0.29257071,-0.90618879,0.30532649,0
-3.0394492,-2.4840105,0.66815567,-0.8728019,-0.3835088,-0.30189043,0
2.7515993,-1.2798245,1.5324643,0.29257071,-0.90618879,0.30532649,0
2.8218279,3.1459699,-0.31901217,0.8728019,0.3835088,0.30189043,0
0.039143085,2.7569571,0.16761167,-0.29257071,0.90618879,-0.30532649,0
2.9114985,2.7123072,-0.093959332,0.8728019,0.3835088,0.30189043,0
2.8868966,-0.87439561,2.8748474,0.29257071,-0.90618879,0.30532649,0
1.1702232,2.3558817,1.7244632,-0.39066511,0.17816526,0.90312672,0
-1.5919385,-2.8794329,-1.8196633,0.39066511,-0.17816526,-0.90312672,0
1.7276247,0.93777895,-1.0300144,0.39066511,-0.17816526,-0.90312672,0
-0.32797694,0.75673556,-1.8817489,0.39066511,-0.17816526,-0.90312672,0
0.6552794,-0.28851396,2.0482759,-0.39066511,0.17816526,0.90312672,0
-1.1937484,-2.9989166,-1.615711,0.39066511,-0.17816526,-0.90312672,0
3.0102391,0.10825902,2.5815306,0.8728019,0.3835088,0.30189043,0
3.5676966,-1.4782255,0.31257224,0.29257071,-0.90618879,0.30532649,0
3.7282,-0.77427459,1.6398687,0.8728019,0.3835088,0.30189043,0
1.1573118,-2.1686904,0.32869542,0.29257071,-0.90618879,0.30532649,0
-0.13099223,-0.45329458,-1.7022265,0.39066511,-0.17816526,-0.90312672,0
1.2191041,3.5118313,1.3534198,-0.29257071,0.90618879,-0.30532649,0
-2.8034778,-0.80407834,-2.3485346,-0.8728019,-0.3835088,-0.30189043,0
2.0239527,0.057504416,-0.89824343,0.39066511,-0.17816526,-0.90312672,0
2.7069645,-0.14125323,-0.49727178,0.39066511,-0.17816526,-0.90312672,0
-3.3214917,-0.043361902,0.14536071,-0.39066511,0.17816526,0.90312672,0
-0.78285909,-2.1711512,-1.611743,0.39066511,-0.17816526,-0.90312672,0
2.7346053,2.0405128,1.3898314,0.8728019,0.3835088,0.30189043,0
-1.4420912,0.61361194,1.0164571,-0.39066511,0.17816526,0.90312672,0
2.505249,-1.4998965,1.4537663,0.29257071,-0.90618879,0.30532649,0
-4.1072979,1.1618073,-0.91809964,-0.8728019,-0.3835088,-0.30189043,0
-2.1859086,-1.8887247,1.1149148,-0.39066511,0.17816526,0.90312672,0
-1.1195064,-3.5553627,-1.0265985,0.29257071,-0.90618879,0.30532649,0
0.23682094,2.1382151,-2.0292356,-0.29257071,0.90618879,-0.30532649,0
-2.2207291,-3.4581823,-0.068035126,0.29257071,-0.90618879,0.30532649,0
1.2264605,-1.7475123,1.734684,0.29257071,-0.90618879,0.30532649,0
-0.79026639,2.6389828,0.77867895,-0.39066511,0.17816526,0.90312672,0
-2.2886446,1.2877558,0.51396811,-0.39066511,0.17816526,0.90312672,0
-2.5909555,-3.1678383,1.0765324,0.29257071,-0.90618879,0.30532649,0
1.712517,-2.0463374,0.58353698,0.29257071,-0.90618879,0.30532649,0
-1.44138,0.4682461,-2.3878088,0.39066511,-0.17816526,-0.90312672,0
2.6638134,-0.82078576,3.0276814,-0.39066511,0.17816526,0.90312672,0
2.7392774,3.1287427,-0.55595136,0.8728019,0.3835088,0.30189043,0
-1.7430995,-3.4049609,-0.056480885,0.29257071,-0.90618879,0.30532649,0
2.5073497,2.1640894,1.7896869,0.8728019,0.3835088,0.30189043,0
2.2121432,3.3461082,0.65167868,0.8728019,0.3835088,0.30189043,0
3.6046741,1.2631311,-0.23459363,0.8728019,0.3835088,0.30189043,0
2.1011565,3.121305,1.2496833,0.8728019,0.3835088,0.30189043,0
3.6112316,-0.30685616,1.7912586,0.8728019,0.3835088,0.30189043,0
0.51538324,-2.1987936,1.1315286,0.29257071,-0.90618879,0.30532649,0
-1.9861251,2.1906152,0.39401948,-0.39066511,0.17816526,0.90312672,0
0.83084464,-2.6061714,-0.060267091,0.29257071,-0.90618879,0.30532649,0
-1.0477258,0.46021533,1.1381609,-0.39066511,0.17816526,0.90312672,0
-0.54539728,2.5711427,0.14592594,-0.29257071,0.90618879,-0.30532649,0
0.72318602,-2.0397506,1.3797143,0.29257071,-0.90618879,0.30532649,0
-3.3944068,1.2098473,-1.2899818,-0.29257071,0.90618879,-0.30532649,0
1.5873399,3.4407415,0.30776942,-0.29257071,0.90618879,-0.30532649,0
-2.459384,-0.43776917,0.60325134,-0.39066511,0.17816526,0.90312672,0
-0.88975573,1.7239134,0.83103764,-0.39066511,0.17816526,0.90312672,0
3.9403572,-0.54702353,0.8807013,0.8728019,0.3835088,0.30189043,0
3.2059352,2.2943966,-0.47693753,0.8728019,0.3835088,0.30189043,0
-0.85074145,-0.91707689,-1.8889439,0.39066511,-0.17816526,-0.90312672,0
2.8918815,2.147702,0.5396049,0.8728019,0.3835088,0.30189043,0
-0.40889454,-2.6132469,1.0517823,0.29257071,-0.90618879,0.30532649,0
1.0201677,-2.3484068,0.013555765,0.29257071,-0.90618879,0.30532649,0
1.9037199,3.2306995,1.7613299,0.8728019,0.3835088,0.30189043,0
1.8088067,0.10608995,-0.89514279,0.39066511,-0.17816526,-0.90312672,0
0.62701631,2.5266929,-1.3912593,-0.29257071,0.90618879,-0.30532649,0
2.6726656,-1.2072315,2.002934,0.29257071,-0.90618879,0.30532649,0
0.080017865,0.30741537,1.5910832,-0.39066511,0.17816526,0.90312672,0
-3.8000503,-0.52602887,-0.072707891,-0.8728019,-0.3835088,-0.30189043,0
1.3276947,2.7853346,-1.1955534,-0.29257071,0.90618879,-0.30532649,0
2.8026216,2.2365067,0.65142703,0.8728019,0.3835088,0.30189043,0
-2.7392139,1.3705559,-1.2755229,-0.29257071,0.90618879,-0.30532649,0
-0.31575108,-1.8355854,1.8941422,-0.39066511,0.17816526,0.90312672,0
0.13620627,-1.9863954,-1.127056,0.39066511,-0.17816526,-0.90312672,0
-3.4436812,-0.50193119,-1.3206174,-0.8728019,-0.3835088,-0.30189043,0
0.37333322,2.8936262,0.3337836,-0.29257071,0.90618879,-0.30532649,0
0.80421448,2.628695,-1.3025756,-0.29257071,0.90618879,-0.30532649,0
1.3839891,2.9563947,1.5698826,-0.39066511,0.17816526,0.90312672,0
0.69695652,-0.42822096,2.0440893,-0.39066511,0.17816526,0.90312672,0
-1.9882028,-3.798389,-1.0677748,-0.8728019,-0.3835088,-0.30189043,0
-3.4242077,1.599607,-0.44120955,-0.29257071,0.90618879,-0.30532649,0
-1.4639964,-1.1857421,-2.1234612,0.39066511,-0.17816526,-0.90312672,0
-0.8036561,1.231007,-2.3503776,0.39066511,-0.17816526,-0.90312672,0
0.87521529,2.0499194,-1.7613158,0.39066511,-0.17816526,-0.90312672,0
-2.0407479,0.14869088,-2.4645867,0.39066511,-0.17816526,-0.90312672,0
3.683439,-0.132375,0.95282817,0.8728019,0.3835088,0.30189043,0
1.2361658,2.8886764,-1.1151718,-0.29257071,0.90618879,-0.30532649,0
3.1087334,0.37236142,-0.3176229,0.39066511,-0.17816526,-0.90312672,0
2.6258078,-1.1639493,1.9610777,0.29257071,-0.90618879,0.30532649,0
1.8403475,0.086680382,2.4500768,-0.39066511,0.17816526,0.90312672,0
-3.4938526,0.85292292,-2.6057544,-0.29257071,0.90618879,-0.30532649,0
-2.6398077,1.5646718,0.29536724,-0.39066511,0.17816526,0.90312672,0
3.198745,0.76971674,1.2729902,0.8728019,0.3835088,0.30189043,0
-2.0864718,-1.7159493,-2.2612295,0.39066511,-0.17816526,-0.90312672,0
0.99154055,-0.76324308,-1.0695118,0.39066511,-0.17816526,-0.90312672,0
0.11540616,-2.1842663,-1.2606341,0.39066511,-0.17816526,-0.90312672,0
-0.31623745,-1.4176712,-1.5595856,0.39066511,-0.17816526,-0.90312672,0
3.4419684,0.19084477,1.5851912,0.8728019,0.3835088,0.30189043,0
2.9425774,2.599812,-0.17639065,0.8728019,0.3835088,0.30189043,0
2.7122238,-0.64809042,2.9623873,-0.39066511,0.17816526,0.90312672,0
0.068603754,2.7927933,0.33336779,-0.29257071,0.90618879,-0.30532649,0
-1.3930447,-3.159709,-0.045751035,0.29257071,-0.90618879,0.30532649,0
1.3884375,-1.2208287,2.4838893,-0.39066511,0.17816526,0.90312672,0
0.31983733,-1.1144564,2.1148705,-0.39066511,0.17816526,0.90312672,0
-4.3364897,1.0916462,-0.40755844,-0.39066511,0.17816526,0.90312672,0
-1.7884769,1.5269314,-1.7566284,-0.29257071,0.90618879,-0.30532649,0
-4.0127373,0.20012093,-0.53272128,-0.8728019,-0.3835088,-0.30189043,0
-1.7311754,-3.2903092,0.18444502,0.29257071,-0.90618879,0.30532649,0
0.34882712,2.7713501,-0.40046793,-0.29257071,0.90618879,-0.30532649,0
0.15848732,2.3866241,-1.3365273,-0.29257071,0.90618879,-0.30532649,0
2.6400785,2.9111183,0.50002098,0.8728019,0.3835088,0.30189043,0
2.2626636,-2.0174506,-0.064801693,0.29257071,-0.90618879,0.30532649,0
2.3226264,2.5691369,-1.2219514,0.39066511,-0.17816526,-0.90312672,0
3.2106776,0.5909152,1.6866837,0.8728019,0.3835088,0.30189043,0
2.3799298,2.0052226,1.9798561,0.8728019,0.3835088,0.30189043,0
-3.149811,-1.4635416,0.64814472,-0.39066511,0.17816526,0.90312672,0
-2.4198356,-0.26853418,0.60175645,-0.39066511,0.17816526,0.90312672,0
-2.1152735,2.14904,0.11391759,-0.29257071,0.90618879,-0.30532649,0
3.2499766,-0.24469435,2.785464,0.8728019,0.3835088,0.30189043,0
-3.4269073,-0.021858573,-1.4807665,-0.8728019,-0.3835088,-0.30189043,0
-2.8437369,1.2199771,-1.6552773,-0.29257071,0.90618879,-0.30532649,0
-0.61708307,2.038229,-1.5822126,-0.29257071,0.90618879,-0.30532649,0
0.0085066557,0.29083329,1.5234482,-0.39066511,0.17816526,0.90312672,0
-0.03649044,-2.1827452,1.4890809,0.29257071,-0.90618879,0.30532649,0
3.7411349,-0.29990196,1.0583713,0.8728019,0.3835088,0.30189043,0
3.0402431,0.28339905,2.2465515,0.8728019,0.3835088,0.30189043,0
-1.6184778,1.3986887,0.65328443,-0.39066511,0.17816526,0.90312672,0
-2.9670422,-1.7763381,-0.62859988,-0.8728019,-0.3835088,-0.30189043,0
-0.70320201,2.5384557,-0.066371381,-0.29257071,0.90618879,-0.30532649,0
1.7089748,3.2741199,-0.13611627,-0.29257071,0.90618879,-0.30532649,0
-2.7897816,1.1868318,0.13146377,-0.39066511,0.17816526,0.90312672,0
0.90356898,-1.4739761,-0.90240312,0.39066511,-0.17816526,-0.90312672,0
3.9616129,-0.39852405,0.95561075,0.8728019,0.3835088,0.30189043,0
2.1368008,-1.3292648,-0.40763795,0.39066511,-0.17816526,-0.90312672,0
2.5154119,-1.9351854,-0.16926289,0.29257071,-0.90618879,0.30532649,0
-1.6174493,-0.43115044,0.96412814,-0.39066511,0.17816526,0.90312672,0
0.85051346,2.3774469,-1.7251462,-0.29257071,0.90618879,-0.30532649,0
2.5586762,2.5006423,1.0874815,0.8728019,0.3835088,0.30189043,0
0.99091792,3.0380998,-0.36130548,-0.29257071,0.90618879,-0.30532649,0
-0.34394085,0.96771371,1.3017809,-0.39066511,0.17816526,0.90312672,0
0.048787594,2.2925303,-1.5165678,-0.29257071,0.90618879,-0.30532649,0
1.53739,-1.510628,2.0926733,0.29257071,-0.90618879,0.30532649,0
3.0564628,-1.6772838,0.053820133,0.29257071,-0.90618879,0.30532649,0
2.2280698,3.4307647,0.041439176,-0.29257071,0.90618879,-0.30532649,0
-0.96066099,-1.1849459,-1.8829508,0.39066511,-0.17816526,-0.90312672,0
2.5933156,-1.418509,1.7833505,0.29257071,-0.90618879,0.30532649,0
2.2487707,0.49854469,2.4298289,-0.39066511,0.17816526,0.90312672,0
3.8144975,-0.24396276,-0.053269148,0.39066511,-0.17816526,-0.90312672,0
1.7082266,-1.7154543,1.2712657,0.29257071,-0.90618879,0.30532649,0
-1.2360117,2.1654427,-0.67235017,-0.29257071,0.90618879,-0.30532649,0
-2.7565134,-1.7973396,-1.2485588,-0.8728019,-0.3835088,-0.30189043,0
2.437746,3.2953732,-0.4508487,-0.29257071,0.90618879,-0.30532649,0
-2.1403041,1.4134457,-2.2395616,-0.29257071,0.90618879,-0.30532649,0
2.9600618,0.70244622,2.2190642,0.8728019,0.3835088,0.30189043,0
-1.4532026,-1.1969644,-2.1297929,0.39066511,-0.17816526,-0.90312672,0
-0.56000233,2.2561069,-0.86086953,-0.29257071,0.90618879,-0.30532649,0
-3.049787,-0.35473198,-2.0390334,-0.8728019,-0.3835088,-0.30189043,0
-2.0799055,-0.15035935,-2.4834065,0.39066511,-0.17816526,-0.90312672,0
-4.1981001,0.57896781,-0.52200723,-0.8728019,-0.3835088,-0.30189043,0
0.79386401,-2.2734547,0.94820583,0.29257071,-0.90618879,0.30532649,0
-1.8903139,-3.147948,0.50934434,0.29257071,-0.90618879,0.30532649,0
-2.3845358,-3.2073381,-0.84289944,-0.8728019,-0.3835088,-0.30189043,0
1.4646032,3.4188414,1.5314393,-0.39066511,0.17816526,0.90312672,0
0.6624316,0.070551038,-1.3095949,0.39066511,-0.17816526,-0.90312672,0
2.3191822,2.6725931,1.5292925,0.8728019,0.3835088,0.30189043,0
3.8836181,-0.7127738,1.1974874,0.8728019,0.3835088,0.30189043,0
0.56039071,-2.2346139,0.75018167,0.29257071,-0.90618879,0.30532649,0
-0.7407198,2.0710268,-1.0126334,-0.29257071,0.90618879,-0.30532649,0
-0.98100162,-3.494215,-1.043727,0.29257071,-0.90618879,0.30532649,0
3.2511129,0.066025376,2.1888862,0.8728019,0.3835088,0.30189043,0
2.1256747,3.5832901,0.86746442,0.8728019,0.3835088,0.30189043,0
3.7264194,0.35148287,-0.17419076,0.39066511,-0.17816526,-0.90312672,0
2.7991967,0.84623772,2.3278046,0.8728019,0.3835088,0.30189043,0
3.787323,-0.95479822,1.5884078,0.8728019,0.3835088,0.30189043,0
-0.92878252,-0.1081984,-1.9504535,0.39066511,-0.17816526,-0.90312672,0
-0.79515982,2.5277553,-0.051733613,-0.29257071,0.90618879,-0.30532649,0
0.85439491,2.6667295,-0.84911871,-0.29257071,0.90618879,-0.30532649,0
-2.377882,1.8314559,-0.47750521,-0.29257071,0.90618879,-0.30532649,0
1.8087555,-2.0590878,0.47045994,0.29257071,-0.90618879,0.30532649,0
-0.87124836,0.54969728,1.2787892,-0.39066511,0.17816526,0.90312672,0
-3.2618775,0.74015015,-2.8223064,-0.8728019,-0.3835088,-0.30189043,0
-3.2829866,0.10603368,-2.2329495,-0.8728019,-0.3835088,-0.30189043,0
3.3670132,1.4875984,0.29135823,0.8728019,0.3835088,0.30189043,0
-1.3844144,-2.7916088,1.339,0.29257071,-0.90618879,0.30532649,0
0.51914382,2.9802251,0.071812034,-0.29257071,0.90618879,-0.30532649,0
0.38601381,1.0327895,1.5951881,-0.39066511,0.17816526,0.90312672,0
3.3447924,1.209105,0.15872335,0.8728019,0.3835088,0.30189043,0
2.5785673,-1.8916463,0.39243579,0.29257071,-0.90618879,0.30532649,0
2.1838129,3.6376505,0.97621584,0.8728019,0.3835088,0.30189043,0
-3.0187755,-1.4645019,-0.70305228,-0.8728019,-0.3835088,-0.30189043,0
0.28454113,-1.2953172,1.9856869,-0.39066511,0.17816526,0.90312672,0
-2.6285253,-2.2761238,-0.89838481,-0.8728019,-0.3835088,-0.30189043,0
2.5252719,1.1638372,2.5122962,-0.39066511,0.17816526,0.90312672,0
-2.7585864,-1.4945431,-1.680618,-0.8728019,-0.3835088,-0.30189043,0
3.9780869,-0.25917864,0.1749692,0.8728019,0.3835088,0.30189043,0
-0.5247798,-3.0242319,-0.35672587,0.29257071,-0.90618879,0.30532649,0
-3.7925773,-0.16523743,-0.47102284,-0.8728019,-0.3835088,-0.30189043,0
3.3400617,-0.55517578,2.4839258,0.8728019,0.3835088,0.30189043,0
0.50956321,3.0541794,0.54482198,-0.29257071,0.90618879,-0.30532649,0
1.8358836,-1.3648145,2.1513886,0.29257071,-0.90618879,0.30532649,0
-0.39651036,-2.3013096,1.9167042,0.29257071,-0.90618879,0.30532649,0
-2.912746,-2.8605433,0.60439563,-0.8728019,-0.3835088,-0.30189043,0
1.7258401,1.9348865,-1.2814677,0.39066511,-0.17816526,-0.90312672,0
-3.2300496,-0.84350777,-0.93716121,-0.8728019,-0.3835088,-0.30189043,0
-3.4554691,-0.58173776,-0.80720878,-0.8728019,-0.3835088,-0.30189043,0
-3.196794,-1.3738133,-0.82651281,-0.8728019,-0.3835088,-0.30189043,0
-1.8581007,-0.54426026,0.8549509,-0.39066511,0.17816526,0.90312672,0
-3.3332825,0.66350549,-2.6523173,-0.8728019,-0.3835088,-0.30189043,0
-0.94007802,-2.6163957,1.2468994,0.29257071,-0.90618879,0.30532649,0
2.0707662,-1.2736439,2.6458411,0.29257071,-0.90618879,0.30532649,0
2.6355982,-0.27289295,-0.35833144,0.39066511,-0.17816526,-0.90312672,0
3.1086698,-0.76126146,2.7753956,0.29257071,-0.90618879,0.30532649,0
-3.0769682,-2.5049229,0.63224387,-0.8728019,-0.3835088,-0.30189043,0
2.9383805,1.4153817,1.0993159,0.8728019,0.3835088,0.30189043,0
-2.9188852,-0.97423601,-2.0817494,-0.8728019,-0.3835088,-0.30189043,0
1.1475158,-2.0459237,1.1106172,0.29257071,-0.90618879,0.30532649,0
-2.8136058,-2.0626559,-1.0914841,-0.8728019,-0.3835088,-0.30189043,0
-0.088086843,-1.9815756,-1.3124472,0.39066511,-0.17816526,-0.90312672,0
-2.8446548,-1.5016229,-1.4889996,-0.8728019,-0.3835088,-0.30189043,0
-2.7869139,1.0025737,-2.4559729,-0.29257071,0.90618879,-0.30532649,0
-0.32162237,-2.2902422,1.897141,0.29257071,-0.90618879,0.30532649,0
1.941218,-2.1367671,0.17856193,0.29257071,-0.90618879,0.30532649,0
-4.0382156,0.25425959,-0.28485918,-0.8728019,-0.3835088,-0.30189043,0
1.903379,3.6726947,1.5270653,0.8728019,0.3835088,0.30189043,0
-2.9575858,-2.8443434,0.41896772,-0.8728019,-0.3835088,-0.30189043,0
-2.2043457,-3.1308532,-1.1756518,-0.8728019,-0.3835088,-0.30189043,0
3.3641992,-0.32460141,2.4977787,0.8728019,0.3835088,0.30189043,0
-0.038689353,1.0617381,1.382129,-0.39066511,0.17816526,0.90312672,0
-3.478878,-0.0021409988,0.14308429,-0.39066511,0.17816526,0.90312672,0
-2.7704086,-0.0085344315,0.56185699,-0.39066511,0.17816526,0.90312672,0
-2.9479947,-2.9062283,0.38149333,-0.8728019,-0.3835088,-0.30189043,0
-1.2121687,-0.44828087,-2.1825984,0.39066511,-0.17816526,-0.90312672,0
-1.3647141,-1.8705459,-1.8693755,0.39066511,-0.17816526,-0.90312672,0
-1.3968256,-2.6829245,-1.6854641,0.39066511,-0.17816526,-0.90312672,0
-3.2118068,1.3707666,0.10009265,-0.39066511,0.17816526,0.90312672,0
-2.3274009,-2.595619,-1.254629,-0.8728019,-0.3835088,-0.30189043,0
-0.82403302,2.6788983,0.87399858,-0.39066511,0.17816526,0.90312672,0
-3.6577072,0.12628412,-0.020180225,-0.39066511,0.17816526,0.90312672,0
2.0680211,1.6167167,-1.1146314,0.39066511,-0.17816526,-0.90312672,0
-2.3772659,-3.4097126,-0.46315014,-0.8728019,-0.3835088,-0.30189043,0
3.0015466,0.99493736,1.6161573,0.8728019,0.3835088,0.30189043,0
0.38795304,-1.6049604,-1.0746378,0.39066511,-0.17816526,-0.90312672,0
-2.1823218,-2.9767046,-1.6554683,-0.8728019,-0.3835088,-0.30189043,0
-3.48053,-1.5928317,0.40032077,-0.8728019,-0.3835088,-0.30189043,0
-0.37245321,0.54641664,-1.9583964,0.39066511,-0.17816526,-0.90312672,0
3.3349738,-0.1519196,2.1394463,0.8728019,0.3835088,0.30189043,0
2.6328902,-1.7716209,0.36681414,0.29257071,-0.90618879,0.30532649,0
1.94135,3.593766,1.4036994,0.8728019,0.3835088,0.30189043,0
-3.095413,-2.640511,0.47818398,-0.8728019,-0.3835088,-0.30189043,0
3.1245196,-0.27259886,2.7439039,0.8728019,0.3835088,0.30189043,0
-0.30128074,-2.4358664,1.5247906,0.29257071,-0.90618879,0.30532649,0
1.7366807,-1.6802275,1.6618819,0.29257071,-0.90618879,0.30532649,0
0.38484466,-1.9767808,-1.1709011,0.39066511,-0.17816526,-0.90312672,0
2.8488736,-1.3710865,1.5491343,0.29257071,-0.90618879,0.30532649,0
1.4969094,3.1297059,-0.19532233,-0.29257071,0.90618879,-0.30532649,0
2.4343681,2.9326565,0.52127337,0.8728019,0.3835088,0.30189043,0
2.0616486,0.25399578,-0.7542212,0.39066511,-0.17816526,-0.90312672,0
2.9479041,2.6168051,-0.35188794,0.8728019,0.3835088,0.30189043,0
2.1451502,-0.59757406,2.675421,-0.39066511,0.17816526,0.90312672,0
-3.6413562,1.1409649,-1.0221336,-0.29257071,0.90618879,-0.30532649,0
-0.071771622,-2.5812688,0.80587947,0.29257071,-0.90618879,0.30532649,0
3.0702155,-1.5861819,-0.084891081,0.39066511,-0.17816526,-0.90312672,0
-1.8468153,2.0272598,-0.11747062,-0.29257071,0.90618879,-0.30532649,0
-2.4741669,1.4100831,-1.4776101,-0.29257071,0.90618879,-0.30532649,0
0.08162117,-2.869257,-0.70541334,0.29257071,-0.90618879,0.30532649,0
1.744123,3.800302,1.1596689,-0.29257071,0.90618879,-0.30532649,0
3.3930504,0.41023576,1.4188862,0.8728019,0.3835088,0.30189043,0
0.19022131,-1.2718514,1.9251312,-0.39066511,0.17816526,0.90312672,0
2.2463565,-1.5106335,1.7050062,0.29257071,-0.90618879,0.30532649,0
2.1816015,1.7465897,-1.0126833,0.39066511,-0.17816526,-0.90312672,0
3.4232361,-1.3915832,0.77182579,0.29257071,-0.90618879,0.30532649,0
-1.0176785,-1.8591298,-1.7737811,0.39066511,-0.17816526,-0.90312672,0
-1.012519,2.2319925,0.86263943,-0.39066511,0.17816526,0.90312672,0
-1.1765864,1.2207377,-2.4791057,0.39066511,-0.17816526,-0.90312672,0
3.2839327,-0.60462523,2.9858317,0.8728019,0.3835088,0.30189043,0
2.2277889,2.4129024,1.7785524,0.8728019,0.3835088,0.30189043,0
0.15256637,-1.8368297,-1.1705225,0.39066511,-0.17816526,-0.90312672,0
0.25635099,2.23367,-1.6979184,-0.29257071,0.90618879,-0.30532649,0
0.43405676,-2.6915572,-0.83914816,0.39066511,-0.17816526,-0.90312672,0
2.8652225,1.7408499,1.2659166,0.8728019,0.3835088,0.30189043,0
-0.63332963,-0.37785709,1.4997646,-0.39066511,0.17816526,0.90312672,0
2.8348784,-0.95445335,2.6338506,0.29257071,-0.90618879,0.30532649,0
2.7541101,-1.7465149,0.18537188,0.29257071,-0.90618879,0.30532649,0
2.8505321,1.4289849,1.6340747,0.8728019,0.3835088,0.30189043,0
-1.0258472,-3.0297208,0.030521214,0.29257071,-0.90618879,0.30532649,0
-2.7162728,-2.7747667,-0.37109876,-0.8728019,-0.3835088,-0.30189043,0
-2.5657306,-1.8915251,-1.8168452,-0.8728019,-0.3835088,-0.30189043,0
3.6022024,-0.24283659,1.796952,0.8728019,0.3835088,0.30189043,0
0.85068917,-2.1962116,-0.81574094,0.39066511,-0.17816526,-0.90312672,0
0.45715833,3.0827956,0.75415885,-0.29257071,0.90618879,-0.30532649,0
3.3967884,-1.4392736,0.37311387,0.29257071,-0.90618879,0.30532649,0
0.83560854,0.33717453,-1.4476147,0.39066511,-0.17816526,-0.90312672,0
1.4613489,-0.73377597,-0.92580819,0.39066511,-0.17816526,-0.90312672,0
0.85777688,-1.7454141,2.0289497,0.29257071,-0.90618879,0.30532649,0
-0.94808292,-3.3396883,-1.0198271,0.29257071,-0.90618879,0.30532649,0
2.110837,1.0494696,-0.93968129,0.39066511,-0.17816526,-0.90312672,0
2.8592451,2.4275761,0.2443521,0.8728019,0.3835088,0.30189043,0
0.91217744,2.9690504,1.4095478,-0.39066511,0.17816526,0.90312672,0
-1.8949044,-3.4694932,-0.15118277,0.29257071,-0.90618879,0.30532649,0
0.43470192,-2.5726266,-0.017231524,0.29257071,-0.90618879,0.30532649,0
-1.904397,1.8125429,-0.80509067,-0.29257071,0.90618879,-0.30532649,0
0.19607806,2.7326703,-0.17480786,-0.29257071,0.90618879,-0.30532649,0
2.2840128,-1.8049562,0.50471115,0.29257071,-0.90618879,0.30532649,0
3.7096434,-0.34971845,1.436486,0.8728019,0.3835088,0.30189043,0
1.6760299,3.7942119,1.6760347,0.8728019,0.3835088,0.30189043,0
3.2796776,0.035627842,2.2655685,0.8728019,0.3835088,0.30189043,0
-2.8254924,-1.9948822,-1.1933379,-0.8728019,-0.3835088,-0.30189043,0
-2.0758758,1.8138993,-0.91376555,-0.29257071,0.90618879,-0.30532649,0
-2.997766,-2.6700952,0.29400396,-0.8728019,-0.3835088,-0.30189043,0
-0.85585326,-1.5963045,-1.6110336,0.39066511,-0.17816526,-0.90312672,0
-1.5119728,-2.2506564,-1.7793481,0.39066511,-0.17816526,-0.90312672,0
3.2639523,-1.1721311,1.4171734,0.29257071,-0.90618879,0.30532649,0
-0.8570751,-0.74402499,-1.9510177,0.39066511,-0.17816526,-0.90312672,0
-3.7486854,0.12867069,-0.64178753,-0.8728019,-0.3835088,-0.30189043,0
3.354702,1.0348481,0.41119027,0.8728019,0.3835088,0.30189043,0
2.3093636,3.5073578,0.42471755,0.8728019,0.3835088,0.30189043,0
1.0037855,3.2832813,1.4900662,-0.39066511,0.17816526,0.90312672,0
-3.7203879,0.94457424,-1.8234777,-0.29257071,0.90618879,-0.30532649,0
2.4710145,3.6091187,-0.093049526,-0.29257071,0.90618879,-0.30532649,0
-1.5134079,1.0863242,-2.6203103,0.39066511,-0.17816526,-0.90312672,0
-0.73631382,1.9671936,-1.8698587,-0.29257071,0.90618879,-0.30532649,0
3.2725041,-0.60573691,2.9815195,0.8728019,0.3835088,0.30189043,0
3.0229497,2.7981093,-0.58020782,0.8728019,0.3835088,0.30189043,0
-2.5751634,-1.7088456,-2.2204247,-0.8728019,-0.3835088,-0.30189043,0
-2.8324604,1.0269159,-2.6843097,-0.29257071,0.90618879,-0.30532649,0
3.2265811,1.423668,0.58163238,0.8728019,0.3835088,0.30189043,0
2.5040064,2.2050776,1.4460502,0.8728019,0.3835088,0.30189043,0
-0.99558544,-3.1341975,-0.08806771,0.29257071,-0.90618879,0.30532649,0
-2.9899521,0.43856925,-2.9730117,0.39066511,-0.17816526,-0.90312672,0
0.79358298,-0.52001882,-1.2515763,0.39066511,-0.17816526,-0.90312672,0
-2.4858973,1.7455037,-0.89629602,-0.29257071,0.90618879,-0.30532649,0
-0.38629079,-2.5271111,-1.2604256,0.39066511,-0.17816526,-0.90312672,0
-2.4999666,-3.0862076,-0.36486471,-0.8728019,-0.3835088,-0.30189043,0
-0.26645169,0.70494801,1.4518535,-0.39066511,0.17816526,0.90312672,0
1.9313732,3.6510749,1.141807,0.8728019,0.3835088,0.30189043,0
-4.1147499,0.72347832,-0.79554939,-0.8728019,-0.3835088,-0.30189043,0
3.2223692,0.95358932,0.8606286,0.8728019,0.3835088,0.30189043,0
-1.7448354,-0.5787667,0.97253996,-0.39066511,0.17816526,0.90312672,0
-0.65484977,-2.5795853,0.83755362,0.29257071,-0.90618879,0.30532649,0
-3.1712179,0.48036769,-3.114805,-0.8728019,-0.3835088,-0.30189043,0
-1.7783784,1.5905117,-1.5384359,-0.29257071,0.90618879,-0.30532649,0
1.200942,-1.9347844,1.121509,0.29257071,-0.90618879,0.30532649,0
0.37092972,3.20048,1.2543182,-0.39066511,0.17816526,0.90312672,0
3.2600906,0.17255425,2.2379167,0.8728019,0.3835088,0.30189043,0
2.4063973,1.8485489,2.0996494,0.8728019,0.3835088,0.30189043,0
-2.5527229,-3.2356064,-0.29203486,-0.8728019,-0.3835088,-0.30189043,0
0.81961471,1.6731617,1.664431,-0.39066511,0.17816526,0.90312672,0
-0.54650438,-0.33416426,1.5125499,-0.39066511,0.17816526,0.90312672,0
-3.2196012,-0.76495934,-1.1890774,-0.8728019,-0.3835088,-0.30189043,0
-2.6075542,-2.3194554,-1.428789,-0.8728019,-0.3835088,-0.30189043,0
-1.7372144,-1.4977115,-2.1093471,0.39066511,-0.17816526,-0.90312672,0
-2.8755388,-0.44790035,-2.7674408,-0.8728019,-0.3835088,-0.30189043,0
0.60770583,3.127049,0.56800079,-0.29257071,0.90618879,-0.30532649,0
-3.9391599,0.14223742,-0.10074854,-0.8728019,-0.3835088,-0.30189043,0
