2.5149403,0.79565823,0.97086132,0.12875164,0.73749596,0.66296506,0
4.0090704,1.3589193,-0.33729458,0.9610526,0.072061807,-0.26680505,0
0.96256649,2.4819341,-0.64459813,0.12875164,0.73749596,0.66296506,0
-0.13296944,0.85307622,1.3539358,0.12875164,0.73749596,0.66296506,0
-4.027061,-0.58138824,0.16973329,-0.9610526,-0.072061807,0.26680505,0
-3.6363492,0.38020062,2.1524112,-0.9610526,-0.072061807,0.26680505,0
1.8624253,2.1575856,-2.2895947,-0.24454218,0.67149591,-0.6994943,0
3.3528175,2.3975902,-2.371712,0.9610526,0.072061807,-0.26680505,0
-3.2942927,1.3481591,1.4849305,0.12875164,0.73749596,0.66296506,0
-3.9972229,1.5231823,0.93079925,-0.9610526,-0.072061807,0.26680505,0
-3.2365925,-0.077271014,3.0388584,-0.9610526,-0.072061807,0.26680505,0
-0.89767992,-0.38490167,3.0058126,0.12875164,0.73749596,0.66296506,0
-1.5932572,1.7688049,0.73620528,0.12875164,0.73749596,0.66296506,0
-3.7261293,-0.93914044,1.007535,-0.9610526,-0.072061807,0.26680505,0
0.727144,2.0852065,-1.9262624,-0.24454218,0.67149591,-0.6994943,0
3.6244111,-2.5113485,-0.091980457,0.24454218,-0.67149591,0.6994943,0
-3.9903543,1.1355057,1.1759579,-0.9610526,-0.072061807,0.26680505,0
2.3101239,1.3984487,-2.965647,-0.24454218,0.67149591,-0.6994943,0
-0.67898893,0.6708045,1.6223247,0.12875164,0.73749596,0.66296506,0
4.2369981,0.81842268,0.6198473,0.9610526,0.072061807,-0.26680505,0
-0.86636007,-2.0085714,2.0322099,0.24454218,-0.67149591,0.6994943,0
1.7948618,-1.2963552,1.7267746,0.24454218,-0.67149591,0.6994943,0
3.342185,-2.3984241,0.11538863,0.24454218,-0.67149591,0.6994943,0
0.081656694,1.1061866,1.0213277,0.12875164,0.73749596,0.66296506,0
-0.14583611,-1.5725996,2.1504388,0.24454218,-0.67149591,0.6994943,0
-3.4205642,-0.49564767,2.7344697,-0.9610526,-0.072061807,0.26680505,0
1.5493425,-2.0340481,1.0412049,0.24454218,-0.67149591,0.6994943,0
-0.023136139,1.3132324,-2.355485,-0.24454218,0.67149591,-0.6994943,0
-2.0962389,-0.99409473,-0.70172501,-0.12875164,-0.73749596,-0.66296506,0
-3.6476469,1.0756602,-1.3429554,-0.24454218,0.67149591,-0.6994943,0
-1.8876506,-0.24889755,-1.710093,-0.12875164,-0.73749596,-0.66296506,0
-0.15629941,2.0436602,0.044795871,0.12875164,0.73749596,0.66296506,0
4.2516246,-0.42409134,0.18292999,0.9610526,0.072061807,-0.26680505,0
-3.9364202,1.1158981,1.1516936,-0.9610526,-0.072061807,0.26680505,0
4.1318836,0.54562163,0.21886921,0.9610526,0.072061807,-0.26680505,0
-3.4751773,-1.5836995,0.044380426,-0.12875164,-0.73749596,-0.66296506,0
1.5774641,-1.9374104,1.2668474,0.24454218,-0.67149591,0.6994943,0
-1.4786783,-2.9232497,1.2460816,-0.12875164,-0.73749596,-0.66296506,0
2.9595828,-2.4484129,0.11189389,0.24454218,-0.67149591,0.6994943,0
-3.6260531,0.60182464,-1.6959428,-0.24454218,0.67149591,-0.6994943,0
1.0699334,2.5822318,-0.90414059,0.12875164,0.73749596,0.66296506,0
-1.1585371,-1.7027061,2.4293251,0.24454218,-0.67149591,0.6994943,0
-1.9228412,1.9512346,-1.0354158,-0.24454218,0.67149591,-0.6994943,0
3.4860411,-0.69606686,1.6895367,0.24454218,-0.67149591,0.6994943,0
-1.9656092,2.4152026,-0.54406792,-0.24454218,0.67149591,-0.6994943,0
-3.4626372,-1.7271185,2.158294,-0.9610526,-0.072061807,0.26680505,0
-3.8594885,-1.2907915,0.85403776,-0.9610526,-0.072061807,0.26680505,0
0.57894766,1.0174533,-2.8905222,-0.24454218,0.67149591,-0.6994943,0
-1.1320484,-0.49473608,3.0162077,0.12875164,0.73749596,0.66296506,0
-4.1001673,1.3659804,0.39200735,-0.9610526,-0.072061807,0.26680505,0
3.6495061,-2.3074193,0.074736953,0.24454218,-0.67149591,0.6994943,0
-3.0543113,2.1984787,-0.44597208,-0.24454218,0.67149591,-0.6994943,0
3.1723597,1.3645604,-2.8493721,0.9610526,0.072061807,-0.26680505,0
4.1007233,1.0738711,-0.047361612,0.9610526,0.072061807,-0.26680505,0
-3.2412663,-1.7525036,2.6599116,-0.9610526,-0.072061807,0.26680505,0
0.74685633,2.1304646,-1.7118528,-0.24454218,0.67149591,-0.6994943,0
-3.5180974,-0.63582373,-0.84010673,-0.12875164,-0.73749596,-0.66296506,0
-1.1821334,1.8731366,-1.3784355,-0.24454218,0.67149591,-0.6994943,0
1.4651021,-2.5872817,0.52303505,0.24454218,-0.67149591,0.6994943,0
2.3358574,-1.3205552,1.3924296,0.24454218,-0.67149591,0.6994943,0
-0.27639174,-1.2478516,2.5467498,0.24454218,-0.67149591,0.6994943,0
2.6543953,1.9504443,-2.5566437,-0.24454218,0.67149591,-0.6994943,0
2.1121619,1.3350048,0.49557567,0.12875164,0.73749596,0.66296506,0
2.3837495,-0.25018683,-2.4048243,-0.12875164,-0.73749596,-0.66296506,0
-1.6649554,-0.52267659,-1.3721098,-0.12875164,-0.73749596,-0.66296506,0
4.1719117,-0.97875684,0.12636542,0.9610526,0.072061807,-0.26680505,0
0.42208576,-1.7063073,1.649291,0.24454218,-0.67149591,0.6994943,0
3.8288474,0.010023117,-1.3405395,0.9610526,0.072061807,-0.26680505,0
-0.70328629,-2.5755992,0.87929308,-0.12875164,-0.73749596,-0.66296506,0
3.7505679,1.1364264,-1.5291955,0.9610526,0.072061807,-0.26680505,0
-3.7008982,1.3550469,-1.0941753,-0.24454218,0.67149591,-0.6994943,0
3.7062848,-0.87025774,-2.0059385,-0.12875164,-0.73749596,-0.66296506,0
-3.9984806,1.0426362,0.50654459,-0.9610526,-0.072061807,0.26680505,0
-4.0855608,-0.60714054,-0.79722786,-0.12875164,-0.73749596,-0.66296506,0
2.3372343,-1.8127253,-0.64379215,-0.12875164,-0.73749596,-0.66296506,0
-0.74030662,-0.57470751,-1.5020452,-0.12875164,-0.73749596,-0.66296506,0
-3.757586,0.026832819,1.2168283,-0.9610526,-0.072061807,0.26680505,0
1.4459051,-1.4250956,1.5815022,0.24454218,-0.67149591,0.6994943,0
-2.1216121,0.58939308,1.9997076,0.12875164,0.73749596,0.66296506,0
-4.0313334,-1.3819168,0.28975105,-0.9610526,-0.072061807,0.26680505,0
2.780298,2.8220255,-1.7274256,-0.24454218,0.67149591,-0.6994943,0
3.3443987,2.3402715,-2.4527946,-0.24454218,0.67149591,-0.6994943,0
-1.7238262,-0.015032768,-1.9911481,-0.12875164,-0.73749596,-0.66296506,0
-0.92741132,-2.1900413,1.823884,0.24454218,-0.67149591,0.6994943,0
-0.85974705,-2.1291444,1.9671429,0.24454218,-0.67149591,0.6994943,0
-3.1750884,-0.91362613,3.2042572,-0.9610526,-0.072061807,0.26680505,0
4.1888523,0.39763153,0.99172187,0.12875164,0.73749596,0.66296506,0
-3.9076374,1.5390428,1.0991259,-0.9610526,-0.072061807,0.26680505,0
-0.697528,-0.32505751,-1.6563838,-0.12875164,-0.73749596,-0.66296506,0
2.3547707,-0.9478066,1.8893876,0.24454218,-0.67149591,0.6994943,0
-2.6075921,1.4698735,-1.2808893,-0.24454218,0.67149591,-0.6994943,0
3.898699,-0.44620645,-0.85228658,0.9610526,0.072061807,-0.26680505,0
3.91116,-1.7392349,0.54692864,0.24454218,-0.67149591,0.6994943,0
-2.1571832,0.66176558,1.9271122,0.12875164,0.73749596,0.66296506,0
-0.16093969,1.5127254,-2.0841916,-0.24454218,0.67149591,-0.6994943,0
-1.4197693,-1.7817934,-0.13571298,-0.12875164,-0.73749596,-0.66296506,0
-0.063276052,-0.072775185,2.3858914,0.12875164,0.73749596,0.66296506,0
-3.6303463,-0.26681733,-1.1960493,-0.12875164,-0.73749596,-0.66296506,0
-3.8543878,1.3759944,-1.0083324,-0.24454218,0.67149591,-0.6994943,0
-2.1114233,-2.4144127,0.76468706,-0.12875164,-0.73749596,-0.66296506,0
-0.24010974,0.93260688,1.3033733,0.12875164,0.73749596,0.66296506,0
-4.1556306,0.56385553,-0.16192985,-0.9610526,-0.072061807,0.26680505,0
4.0450997,-1.3651201,-0.45740962,0.9610526,0.072061807,-0.26680505,0
1.7049423,-0.33589476,2.1781516,0.12875164,0.73749596,0.66296506,0
4.5366678,-0.19668078,1.0519798,0.9610526,0.072061807,-0.26680505,0
-1.0946754,-1.6122378,2.544188,0.24454218,-0.67149591,0.6994943,0
0.28305507,0.099732518,2.0921059,0.12875164,0.73749596,0.66296506,0
4.154357,-0.33656156,-0.42472792,0.9610526,0.072061807,-0.26680505,0
-4.2354469,-0.51166713,-0.69511271,-0.9610526,-0.072061807,0.26680505,0
4.4496007,-1.6656451,0.4539063,0.24454218,-0.67149591,0.6994943,0
-2.468854,-0.58834219,-1.2004261,-0.12875164,-0.73749596,-0.66296506,0
2.258316,-0.69277167,2.0910423,0.24454218,-0.67149591,0.6994943,0
-0.58821297,0.52723789,-2.7835774,-0.12875164,-0.73749596,-0.66296506,0
-0.34677017,-1.5557268,-0.53541124,-0.12875164,-0.73749596,-0.66296506,0
-3.2074723,-1.8653228,2.8651958,-0.9610526,-0.072061807,0.26680505,0
-1.5067925,1.363436,1.167841,0.12875164,0.73749596,0.66296506,0
-2.3384061,-2.3356028,0.69889355,-0.12875164,-0.73749596,-0.66296506,0
-2.2472377,-0.38212383,-1.3171968,-0.12875164,-0.73749596,-0.66296506,0
-1.4813622,1.2515944,1.0228848,0.12875164,0.73749596,0.66296506,0
-2.8118947,-0.15885594,3.0095162,0.12875164,0.73749596,0.66296506,0
3.9346237,1.2180015,-0.21248889,0.9610526,0.072061807,-0.26680505,0
-0.82021391,-1.9872003,1.852903,0.24454218,-0.67149591,0.6994943,0
3.1291745,0.85003066,-3.1959527,0.9610526,0.072061807,-0.26680505,0
1.1268879,2.5476792,-1.5543752,-0.24454218,0.67149591,-0.6994943,0
1.9229088,0.30628914,-3.0038702,-0.12875164,-0.73749596,-0.66296506,0
1.2900338,0.39117843,-2.9610476,-0.12875164,-0.73749596,-0.66296506,0
-1.5962802,-1.1257154,2.9957988,0.24454218,-0.67149591,0.6994943,0
-1.1256053,-0.066171572,2.5357122,0.12875164,0.73749596,0.66296506,0
0.2640239,0.19324467,-2.5219367,-0.12875164,-0.73749596,-0.66296506,0
-3.1883852,-0.7000556,3.1907408,-0.9610526,-0.072061807,0.26680505,0
0.98832798,-2.6682465,0.58475441,-0.12875164,-0.73749596,-0.66296506,0
-1.2278453,1.5084469,0.87652695,0.12875164,0.73749596,0.66296506,0
0.10387909,2.4388175,-1.2541153,-0.24454218,0.67149591,-0.6994943,0
-3.7622178,1.4688479,1.4495728,0.12875164,0.73749596,0.66296506,0
-3.7611535,-0.91469836,1.2128108,-0.9610526,-0.072061807,0.26680505,0
3.6967974,0.76599783,-1.6744733,0.9610526,0.072061807,-0.26680505,0
-0.65649527,-1.7530422,-0.06515348,-0.12875164,-0.73749596,-0.66296506,0
3.3839746,0.52611291,0.95454872,0.12875164,0.73749596,0.66296506,0
-3.9449644,0.41497105,0.81085539,-0.9610526,-0.072061807,0.26680505,0
-4.5875115,0.033745289,-1.4367515,-0.9610526,-0.072061807,0.26680505,0
-3.3397827,-0.049159646,2.7516923,-0.9610526,-0.072061807,0.26680505,0
-3.8374333,1.0148063,1.6914425,-0.9610526,-0.072061807,0.26680505,0
0.23102069,-0.80619687,2.695425,0.24454218,-0.67149591,0.6994943,0
1.7244157,2.3458354,-1.9900682,-0.24454218,0.67149591,-0.6994943,0
2.9703243,-1.7842665,-0.71684074,-0.12875164,-0.73749596,-0.66296506,0
3.8332796,-0.98068672,-1.2427936,0.9610526,0.072061807,-0.26680505,0
2.8374591,-2.0486021,0.58696425,0.24454218,-0.67149591,0.6994943,0
-3.1442814,-1.783457,3.0446353,0.24454218,-0.67149591,0.6994943,0
3.979285,0.83117807,0.69747448,0.12875164,0.73749596,0.66296506,0
-2.0779481,0.62187898,1.9053321,0.12875164,0.73749596,0.66296506,0
0.98371083,0.99826622,1.0479693,0.12875164,0.73749596,0.66296506,0
-0.3340005,1.9288073,0.22868599,0.12875164,0.73749596,0.66296506,0
4.3047357,-1.2909698,0.05334425,0.9610526,0.072061807,-0.26680505,0
3.3114333,-0.14857116,-2.7624264,0.9610526,0.072061807,-0.26680505,0
-0.81212044,2.3985438,-0.3631292,0.12875164,0.73749596,0.66296506,0
1.5410687,-1.4968308,1.465764,0.24454218,-0.67149591,0.6994943,0
1.2430996,-1.7456949,1.5549123,0.24454218,-0.67149591,0.6994943,0
-2.9820428,-1.8442984,2.9852054,0.24454218,-0.67149591,0.6994943,0
3.7241879,2.2797103,-1.2400455,0.9610526,0.072061807,-0.26680505,0
1.6562603,1.3416898,-2.76018,-0.24454218,0.67149591,-0.6994943,0
-3.4269538,2.2294686,-0.35604906,-0.24454218,0.67149591,-0.6994943,0
0.48969907,2.4361224,-0.40615904,0.12875164,0.73749596,0.66296506,0
-4.2113976,1.5407305,-0.55511916,-0.24454218,0.67149591,-0.6994943,0
1.4360654,-0.76807177,2.2912648,0.24454218,-0.67149591,0.6994943,0
4.1757441,1.0866122,0.076822758,0.9610526,0.072061807,-0.26680505,0
3.5106735,2.4439316,-1.4753609,0.9610526,0.072061807,-0.26680505,0
-3.9061165,1.3139536,-1.0194778,-0.24454218,0.67149591,-0.6994943,0
4.2244945,-1.1985623,0.27277541,0.9610526,0.072061807,-0.26680505,0
-3.3503656,2.5067227,0.085811734,0.12875164,0.73749596,0.66296506,0
-0.86505759,-0.2168462,2.6797595,0.12875164,0.73749596,0.66296506,0
-3.8824508,-0.98410392,0.70942545,-0.9610526,-0.072061807,0.26680505,0
-2.5650644,-2.5316315,2.0769174,0.24454218,-0.67149591,0.6994943,0
-4.2022128,0.5205673,-1.4817858,-0.24454218,0.67149591,-0.6994943,0
-0.67989057,0.93650669,1.4267573,0.12875164,0.73749596,0.66296506,0
-1.8298647,-1.632946,2.6936553,0.24454218,-0.67149591,0.6994943,0
3.9432793,1.3543375,-0.59580851,0.9610526,0.072061807,-0.26680505,0
-4.4350252,1.115649,-0.32803035,-0.9610526,-0.072061807,0.26680505,0
3.6781306,-2.1188846,0.231022,0.24454218,-0.67149591,0.6994943,0
1.1296731,2.6973796,-0.83973491,0.12875164,0.73749596,0.66296506,0
-3.277154,-1.0402799,2.6405435,-0.9610526,-0.072061807,0.26680505,0
-1.1969001,-0.59172994,-1.4104061,-0.12875164,-0.73749596,-0.66296506,0
3.6133904,-2.1632471,-0.6158458,-0.12875164,-0.73749596,-0.66296506,0
-3.5405111,-2.3581634,0.95719743,-0.12875164,-0.73749596,-0.66296506,0
1.8257992,0.10207344,-2.634851,-0.12875164,-0.73749596,-0.66296506,0
-4.0525384,1.2987287,-0.95568216,-0.24454218,0.67149591,-0.6994943,0
-3.5606084,-0.013748527,1.9020336,-0.9610526,-0.072061807,0.26680505,0
4.0706997,-2.0251682,0.093238592,0.24454218,-0.67149591,0.6994943,0
2.5392535,2.9393027,-1.5081062,0.12875164,0.73749596,0.66296506,0
0.31163561,0.305305,1.810427,0.12875164,0.73749596,0.66296506,0
4.4993973,-0.76602745,1.0738735,0.9610526,0.072061807,-0.26680505,0
4.1258497,-1.3676445,-0.52657127,0.9610526,0.072061807,-0.26680505,0
-0.4222964,-0.53016675,2.7948918,0.12875164,0.73749596,0.66296506,0
1.2652361,2.8207364,-1.4134061,-0.24454218,0.67149591,-0.6994943,0
4.1567836,-0.68914855,0.02764678,0.9610526,0.072061807,-0.26680505,0
3.7317736,1.7685884,-1.35711,0.9610526,0.072061807,-0.26680505,0
-2.8695576,-2.6026731,2.1815772,0.24454218,-0.67149591,0.6994943,0
-3.9916165,0.90505123,1.0800619,-0.9610526,-0.072061807,0.26680505,0
-1.2296063,-2.9374926,1.1308701,-0.12875164,-0.73749596,-0.66296506,0
1.2044088,1.9623239,-2.042542,-0.24454218,0.67149591,-0.6994943,0
0.53087091,-0.080747724,2.3850915,0.12875164,0.73749596,0.66296506,0
1.3179715,2.0765626,-2.0702877,-0.24454218,0.67149591,-0.6994943,0
2.7818739,-0.89681292,1.877605,0.24454218,-0.67149591,0.6994943,0
3.1772015,1.2862122,-3.3186564,0.9610526,0.072061807,-0.26680505,0
-3.0822804,-2.2855878,0.8877852,-0.12875164,-0.73749596,-0.66296506,0
0.42699933,0.43557775,-2.8519316,-0.12875164,-0.73749596,-0.66296506,0
-2.5181384,-0.45908993,3.1995444,0.12875164,0.73749596,0.66296506,0
2.9655972,-1.4726632,1.1214315,0.24454218,-0.67149591,0.6994943,0
-3.9181888,1.5245823,1.2971597,-0.9610526,-0.072061807,0.26680505,0
1.5746579,-1.6754994,-0.55551803,-0.12875164,-0.73749596,-0.66296506,0
-3.762733,1.530182,-0.92395544,-0.24454218,0.67149591,-0.6994943,0
2.4020903,0.93479693,0.8912245,0.12875164,0.73749596,0.66296506,0
3.3920572,2.3745894,-0.98052692,0.12875164,0.73749596,0.66296506,0
-2.6011527,-1.0252311,-0.66460764,-0.12875164,-0.73749596,-0.66296506,0
-3.7276332,-1.1117225,1.1021097,-0.9610526,-0.072061807,0.26680505,0
-1.6018469,-1.831846,2.3196104,0.24454218,-0.67149591,0.6994943,0
-2.9015875,-1.2711153,3.4755445,0.24454218,-0.67149591,0.6994943,0
2.4217188,2.4634709,-2.0736933,-0.24454218,0.67149591,-0.6994943,0
-4.1509924,-0.51775777,-0.063044786,-0.9610526,-0.072061807,0.26680505,0
2.50804,1.7879918,-0.083824635,0.12875164,0.73749596,0.66296506,0
3.5349383,0.81701523,-1.66482,0.9610526,0.072061807,-0.26680505,0
-3.5080156,0.84298694,-1.3993955,-0.24454218,0.67149591,-0.6994943,0
-0.95843065,-1.5574633,2.2737222,0.24454218,-0.67149591,0.6994943,0
-0.6699962,-2.600574,0.82609236,-0.12875164,-0.73749596,-0.66296506,0
2.4641554,0.68109691,-3.4552281,-0.12875164,-0.73749596,-0.66296506,0
-3.97334,-0.75247419,0.83273077,-0.9610526,-0.072061807,0.26680505,0
1.4304385,-0.056453675,-2.5610018,-0.12875164,-0.73749596,-0.66296506,0
-4.2099247,0.50099492,-1.5578443,-0.24454218,0.67149591,-0.6994943,0
-2.5254273,-2.7553406,1.4312367,-0.12875164,-0.73749596,-0.66296506,0
3.9577813,0.46432948,-0.78160691,0.9610526,0.072061807,-0.26680505,0
-1.8769134,-2.9622829,1.2971735,-0.12875164,-0.73749596,-0.66296506,0
1.8333901,1.7610805,-0.080368757,0.12875164,0.73749596,0.66296506,0
-3.9630513,0.18222058,0.94612694,-0.9610526,-0.072061807,0.26680505,0
-2.1830215,0.8630988,-2.0770092,-0.24454218,0.67149591,-0.6994943,0
1.8384194,1.0637356,-3.227793,-0.24454218,0.67149591,-0.6994943,0
3.2424207,1.6446425,-2.820523,0.9610526,0.072061807,-0.26680505,0
-3.4340115,0.10942507,2.5263638,-0.9610526,-0.072061807,0.26680505,0
-2.7421784,0.67848188,-1.865396,-0.24454218,0.67149591,-0.6994943,0
-3.7097318,-2.2435012,1.2498579,-0.9610526,-0.072061807,0.26680505,0
-2.5908339,-1.4071875,3.0061047,0.24454218,-0.67149591,0.6994943,0
-0.12867188,-2.1539552,0.081703424,-0.12875164,-0.73749596,-0.66296506,0
3.3761318,-1.637135,-1.1006021,-0.12875164,-0.73749596,-0.66296506,0
-3.3959351,-0.133587,2.6587236,-0.9610526,-0.072061807,0.26680505,0
1.480608,1.0874457,-3.0804152,-0.24454218,0.67149591,-0.6994943,0
-3.1992807,1.4817922,1.2050884,0.12875164,0.73749596,0.66296506,0
-2.112608,-2.5090599,1.0228114,-0.12875164,-0.73749596,-0.66296506,0
-4.008872,1.2909909,0.74385619,-0.9610526,-0.072061807,0.26680505,0
4.2385912,-1.7445536,0.35754585,0.24454218,-0.67149591,0.6994943,0
-4.1240096,1.4566187,0.27876711,-0.9610526,-0.072061807,0.26680505,0
0.65426993,-1.1337572,2.123585,0.24454218,-0.67149591,0.6994943,0
-2.0719399,1.1766719,1.3754338,0.12875164,0.73749596,0.66296506,0
-2.9567461,0.66353071,-1.8270791,-0.24454218,0.67149591,-0.6994943,0
-1.1735305,-2.5942082,1.3720852,0.24454218,-0.67149591,0.6994943,0
-1.5379078,0.71468741,-2.3781257,-0.24454218,0.67149591,-0.6994943,0
-3.1156483,-0.094223857,-1.6489184,-0.12875164,-0.73749596,-0.66296506,0
2.9977565,-0.11171453,-2.8246722,-0.12875164,-0.73749596,-0.66296506,0
-4.2260566,1.6031752,0.17274451,-0.9610526,-0.072061807,0.26680505,0
-3.3930781,-1.6338677,2.698004,-0.9610526,-0.072061807,0.26680505,0
3.7440023,-1.0871102,1.1600331,0.24454218,-0.67149591,0.6994943,0
1.0497826,2.1927507,-1.9158262,-0.24454218,0.67149591,-0.6994943,0
-3.6208196,-0.38390088,2.1335964,-0.9610526,-0.072061807,0.26680505,0
3.2056186,2.4478073,-2.4233978,-0.24454218,0.67149591,-0.6994943,0
-3.1199498,-0.45109439,-1.1710601,-0.12875164,-0.73749596,-0.66296506,0
-0.49768662,2.3608141,-0.29486156,0.12875164,0.73749596,0.66296506,0
2.3846064,0.086201429,1.562535,0.12875164,0.73749596,0.66296506,0
-1.2859756,2.5666461,-0.80283147,-0.24454218,0.67149591,-0.6994943,0
-1.54842,1.7080584,0.66239053,0.12875164,0.73749596,0.66296506,0
3.6090715,1.8194332,-1.7520661,0.9610526,0.072061807,-0.26680505,0
1.0797334,2.1324184,-1.7667494,-0.24454218,0.67149591,-0.6994943,0
0.6005156,-1.5561388,1.9677951,0.24454218,-0.67149591,0.6994943,0
4.0685415,-0.38908792,-0.673599,0.9610526,0.072061807,-0.26680505,0
0.80423903,-1.5151958,1.7294421,0.24454218,-0.67149591,0.6994943,0
2.1789026,0.13624719,-2.7407646,-0.12875164,-0.73749596,-0.66296506,0
-4.1656947,-0.042509079,-0.11718416,-0.9610526,-0.072061807,0.26680505,0
-2.7503605,-1.2137656,3.5006828,0.24454218,-0.67149591,0.6994943,0
3.5622797,-0.77780551,-1.9670432,-0.12875164,-0.73749596,-0.66296506,0
2.1089609,1.8181946,-0.18480039,0.12875164,0.73749596,0.66296506,0
-2.4423571,-2.9733665,1.6227784,0.24454218,-0.67149591,0.6994943,0
-2.9522321,-0.17656967,3.0497322,0.12875164,0.73749596,0.66296506,0
2.5194421,0.80913842,-3.5123234,-0.12875164,-0.73749596,-0.66296506,0
3.745378,-0.12783694,-1.8022523,0.9610526,0.072061807,-0.26680505,0
-3.9920683,-0.29439378,0.85101461,-0.9610526,-0.072061807,0.26680505,0
-3.5340405,0.41565031,2.2203984,-0.9610526,-0.072061807,0.26680505,0
3.2526155,1.2554069,0.10707355,0.12875164,0.73749596,0.66296506,0
-0.8293128,-2.7891445,1.2217051,0.24454218,-0.67149591,0.6994943,0
3.301764,0.42408347,-3.0183406,0.9610526,0.072061807,-0.26680505,0
3.7527049,1.7005701,-0.65729213,0.9610526,0.072061807,-0.26680505,0
-1.1653774,1.2684249,-2.0584872,-0.24454218,0.67149591,-0.6994943,0
3.6637826,0.27576423,-1.8031919,0.9610526,0.072061807,-0.26680505,0
-4.0882006,0.26546073,0.21400261,-0.9610526,-0.072061807,0.26680505,0
0.35658312,-2.1238785,1.4203993,0.24454218,-0.67149591,0.6994943,0
3.9305542,-0.62494284,-0.73748517,0.9610526,0.072061807,-0.26680505,0
1.6197722,0.82041621,-3.3665376,-0.24454218,0.67149591,-0.6994943,0
-0.11683321,-1.6329514,2.0651948,0.24454218,-0.67149591,0.6994943,0
-0.96034265,1.8377922,0.27705887,0.12875164,0.73749596,0.66296506,0
-2.0866671,0.81271303,1.6320201,0.12875164,0.73749596,0.66296506,0
0.46661901,0.8540712,-2.9207249,-0.24454218,0.67149591,-0.6994943,0
2.4106331,-0.75836176,2.0131989,0.24454218,-0.67149591,0.6994943,0
3.0931287,2.0914085,-2.6907904,-0.24454218,0.67149591,-0.6994943,0
1.4810406,-2.4824708,0.61119956,0.24454218,-0.67149591,0.6994943,0
-3.7719986,1.9794918,0.751086,0.12875164,0.73749596,0.66296506,0
3.8629298,-1.4738451,0.84401488,0.24454218,-0.67149591,0.6994943,0
-3.3031917,1.4586861,1.3981785,0.12875164,0.73749596,0.66296506,0
-2.0066955,-1.5287669,2.8441775,0.24454218,-0.67149591,0.6994943,0
3.860045,-1.0839373,-1.3641717,0.9610526,0.072061807,-0.26680505,0
-3.3995883,-0.72680748,2.2011449,-0.9610526,-0.072061807,0.26680505,0
-1.020063,1.8181436,-1.429846,-0.24454218,0.67149591,-0.6994943,0
-3.5948219,2.1825113,0.45251405,0.12875164,0.73749596,0.66296506,0
0.68976223,-2.2216392,0.062082142,-0.12875164,-0.73749596,-0.66296506,0
3.7957044,-2.1630507,0.25369966,0.24454218,-0.67149591,0.6994943,0
-1.6880513,-2.545676,0.86223865,-0.12875164,-0.73749596,-0.66296506,0
-3.3014555,-1.3445435,3.0562665,-0.9610526,-0.072061807,0.26680505,0
3.4523726,0.0092391968,-2.7427273,0.9610526,0.072061807,-0.26680505,0
3.8498001,0.19394875,1.3297838,0.12875164,0.73749596,0.66296506,0
-1.1837771,-2.2978117,1.8736465,0.24454218,-0.67149591,0.6994943,0
-3.7162278,1.2602615,-1.0331246,-0.24454218,0.67149591,-0.6994943,0
1.3301541,1.6240711,-2.5084329,-0.24454218,0.67149591,-0.6994943,0
2.3272111,0.24917775,-3.0760088,-0.12875164,-0.73749596,-0.66296506,0
-4.0745044,0.48982024,-1.6312346,-0.24454218,0.67149591,-0.6994943,0
-3.4228802,-0.10128105,-1.3461828,-0.12875164,-0.73749596,-0.66296506,0
1.4714432,-1.0088845,2.2034867,0.24454218,-0.67149591,0.6994943,0
2.4566114,-2.3503261,0.43523145,0.24454218,-0.67149591,0.6994943,0
0.84812111,-2.2593188,-0.0074845254,-0.12875164,-0.73749596,-0.66296506,0
-2.1845737,2.1801298,-0.75395548,-0.24454218,0.67149591,-0.6994943,0
4.0087786,-0.74817896,-0.95580673,0.9610526,0.072061807,-0.26680505,0
4.1783824,-1.1855468,0.86861205,0.24454218,-0.67149591,0.6994943,0
-1.1156958,1.9672201,-1.3852595,-0.24454218,0.67149591,-0.6994943,0
-2.8426247,-2.3597982,2.4051726,0.24454218,-0.67149591,0.6994943,0
-2.7574334,-2.7059789,1.8607306,0.24454218,-0.67149591,0.6994943,0
-4.1721201,-1.0922885,-0.24479985,-0.9610526,-0.072061807,0.26680505,0
1.8461882,2.5945978,-1.6164298,-0.24454218,0.67149591,-0.6994943,0
4.3693576,-1.7384356,0.20522332,0.9610526,0.072061807,-0.26680505,0
-1.7450937,-1.6045094,-0.15432346,-0.12875164,-0.73749596,-0.66296506,0
0.14421165,-2.5957768,0.49587357,-0.12875164,-0.73749596,-0.66296506,0
0.66166919,1.0399525,0.86838549,0.12875164,0.73749596,0.66296506,0
-0.3644464,2.8649347,-0.76812577,-0.24454218,0.67149591,-0.6994943,0
3.4671454,1.0904832,-2.1227996,0.9610526,0.072061807,-0.26680505,0
1.5063748,1.1533115,-3.0292535,-0.24454218,0.67149591,-0.6994943,0
-4.1000538,0.55481261,0.56830001,-0.9610526,-0.072061807,0.26680505,0
2.4572163,-1.0187922,1.8191482,0.24454218,-0.67149591,0.6994943,0
0.054180384,1.1664509,-2.3646252,-0.24454218,0.67149591,-0.6994943,0
0.3304323,-1.8654373,1.7709445,0.24454218,-0.67149591,0.6994943,0
3.8938501,1.7259725,-0.81314063,0.9610526,0.072061807,-0.26680505,0
0.59295809,-1.0408446,-1.1263828,-0.12875164,-0.73749596,-0.66296506,0
3.427213,1.497596,-2.0601552,0.9610526,0.072061807,-0.26680505,0
3.4548588,-0.32476103,-2.6176615,0.9610526,0.072061807,-0.26680505,0
-3.5607491,0.34859022,2.3669012,-0.9610526,-0.072061807,0.26680505,0
4.5223207,-0.080705166,1.4200877,0.9610526,0.072061807,-0.26680505,0
1.896197,2.8865595,-1.4122956,-0.24454218,0.67149591,-0.6994943,0
3.3803129,-1.3835313,1.1989629,0.24454218,-0.67149591,0.6994943,0
1.157904,-0.24316579,2.3688169,0.12875164,0.73749596,0.66296506,0
1.9535961,-1.9029976,-0.55496424,-0.12875164,-0.73749596,-0.66296506,0
-1.148816,-1.8996888,0.20198953,-0.12875164,-0.73749596,-0.66296506,0
-4.1952548,0.12547648,-0.36810279,-0.9610526,-0.072061807,0.26680505,0
-3.8911185,0.57607096,0.92372727,-0.9610526,-0.072061807,0.26680505,0
-4.6179509,0.51388049,-1.2519101,-0.9610526,-0.072061807,0.26680505,0
3.3616712,2.2042217,-2.6467466,0.9610526,0.072061807,-0.26680505,0
-4.3029366,1.7392673,0.082607269,-0.9610526,-0.072061807,0.26680505,0
-3.2930017,-1.040235,-0.58201575,-0.12875164,-0.73749596,-0.66296506,0
4.0836902,-1.5102156,-0.72777247,0.9610526,0.072061807,-0.26680505,0
0.13722479,-1.6256928,-0.61831248,-0.12875164,-0.73749596,-0.66296506,0
1.1974878,0.87494951,-3.0490403,-0.24454218,0.67149591,-0.6994943,0
0.46633828,-1.867304,1.6525021,0.24454218,-0.67149591,0.6994943,0
3.4326677,2.186317,-1.715924,0.9610526,0.072061807,-0.26680505,0
-3.4503443,-0.45699203,2.3847497,-0.9610526,-0.072061807,0.26680505,0
3.1964765,0.85747671,-3.5374503,0.9610526,0.072061807,-0.26680505,0
2.8973081,-1.0260737,1.5752409,0.24454218,-0.67149591,0.6994943,0
3.4825373,1.4280969,-0.12888908,0.12875164,0.73749596,0.66296506,0
3.5848155,0.45033145,-1.7648363,0.9610526,0.072061807,-0.26680505,0
-0.21348327,-0.94744009,-1.1570497,-0.12875164,-0.73749596,-0.66296506,0
3.1908083,1.3489158,-2.8847198,0.9610526,0.072061807,-0.26680505,0
-0.72598124,-0.41439825,-1.56692,-0.12875164,-0.73749596,-0.66296506,0
0.023055315,-1.2311616,2.4922554,0.24454218,-0.67149591,0.6994943,0
3.1957037,0.56800807,-3.2928655,0.9610526,0.072061807,-0.26680505,0
3.5321851,-0.58968109,-2.2011752,-0.12875164,-0.73749596,-0.66296506,0
-0.85689831,-1.4814384,-0.46046913,-0.12875164,-0.73749596,-0.66296506,0
-3.5758922,1.0330094,1.8435955,0.12875164,0.73749596,0.66296506,0
-0.35605264,1.2959695,0.83086324,0.12875164,0.73749596,0.66296506,0
-3.1390026,1.2751448,1.569765,0.12875164,0.73749596,0.66296506,0
3.0084271,-2.3105268,0.37075937,0.24454218,-0.67149591,0.6994943,0
-3.2466121,-1.5210679,2.5265608,-0.9610526,-0.072061807,0.26680505,0
0.62779093,1.116966,0.8277849,0.12875164,0.73749596,0.66296506,0
-0.6165626,-0.0021811128,-2.0961206,-0.12875164,-0.73749596,-0.66296506,0
3.0634255,-0.78033161,1.7672076,0.24454218,-0.67149591,0.6994943,0
-3.6273837,-1.6042284,1.1682746,-0.9610526,-0.072061807,0.26680505,0
-3.3288224,-2.1157897,0.76148963,-0.12875164,-0.73749596,-0.66296506,0
-2.0790052,2.3075957,0.13412863,0.12875164,0.73749596,0.66296506,0
3.3433919,-0.090014219,1.7881935,0.12875164,0.73749596,0.66296506,0
-1.1062109,-0.6370523,-1.2098153,-0.12875164,-0.73749596,-0.66296506,0
1.0949202,0.06924361,-2.512229,-0.12875164,-0.73749596,-0.66296506,0
0.29011285,2.8359923,-0.80277634,0.12875164,0.73749596,0.66296506,0
4.1973896,-2.0926523,-0.26565456,0.9610526,0.072061807,-0.26680505,0
-0.35410464,-0.19478479,2.6627769,0.12875164,0.73749596,0.66296506,0
4.1451054,0.2666558,0.15653348,0.9610526,0.072061807,-0.26680505,0
-2.3249679,-1.3745071,3.1133928,0.24454218,-0.67149591,0.6994943,0
-0.64784247,-1.0149455,-0.91971934,-0.12875164,-0.73749596,-0.66296506,0
-4.0856433,0.18282175,0.61173797,-0.9610526,-0.072061807,0.26680505,0
-2.566144,2.3621771,-0.47014171,-0.24454218,0.67149591,-0.6994943,0
3.8702631,-0.13007271,-1.4572361,0.9610526,0.072061807,-0.26680505,0
-3.5934641,-0.28223306,2.2497344,-0.9610526,-0.072061807,0.26680505,0
2.0291643,-1.0031561,1.7898307,0.24454218,-0.67149591,0.6994943,0
-3.9933145,0.19537365,0.35240197,-0.9610526,-0.072061807,0.26680505,0
-3.240849,-2.8472037,1.4439645,-0.12875164,-0.73749596,-0.66296506,0
-1.326196,-0.35614476,2.8587511,0.12875164,0.73749596,0.66296506,0
-2.6960173,1.3803846,-1.2903575,-0.24454218,0.67149591,-0.6994943,0
-3.5879207,0.20259321,-1.902841,-0.12875164,-0.73749596,-0.66296506,0
-2.2945664,2.239522,-0.66284442,-0.24454218,0.67149591,-0.6994943,0
-2.3907683,-0.87497687,3.5454705,0.24454218,-0.67149591,0.6994943,0
-4.499692,0.77881527,-1.2687452,-0.24454218,0.67149591,-0.6994943,0
-1.7656236,-2.0153852,0.25713325,-0.12875164,-0.73749596,-0.66296506,0
-3.6736999,-1.5604486,1.2353866,-0.9610526,-0.072061807,0.26680505,0
2.8681183,1.8346026,-0.27051163,0.12875164,0.73749596,0.66296506,0
-4.5007324,-0.20436907,-1.0823536,-0.9610526,-0.072061807,0.26680505,0
-3.5986717,1.7028332,1.1270809,0.12875164,0.73749596,0.66296506,0
-1.7756766,0.98987955,-1.9858577,-0.24454218,0.67149591,-0.6994943,0
4.5157323,-0.98318225,0.70346642,0.9610526,0.072061807,-0.26680505,0
1.2396049,-0.56997675,2.5965502,0.24454218,-0.67149591,0.6994943,0
-3.4839149,-2.1070638,2.1746106,-0.9610526,-0.072061807,0.26680505,0
2.0879402,2.5711,-1.8965034,-0.24454218,0.67149591,-0.6994943,0
3.709455,-2.2544131,0.20314491,0.24454218,-0.67149591,0.6994943,0
-1.3240677,1.5760157,-1.6412358,-0.24454218,0.67149591,-0.6994943,0
-3.1172848,2.1709576,-0.28749549,-0.24454218,0.67149591,-0.6994943,0
2.9311249,-0.15450239,1.8701186,0.12875164,0.73749596,0.66296506,0
2.0347497,-0.83073831,2.0484338,0.24454218,-0.67149591,0.6994943,0
-2.6167076,-0.74972212,-1.0261197,-0.12875164,-0.73749596,-0.66296506,0
-2.8230846,-0.46758682,3.248328,0.12875164,0.73749596,0.66296506,0
2.0915446,0.70639932,1.0895305,0.12875164,0.73749596,0.66296506,0
0.26160431,-1.5474229,2.0781317,0.24454218,-0.67149591,0.6994943,0
-2.7428386,-2.357197,2.305609,0.24454218,-0.67149591,0.6994943,0
-4.4849176,1.1483932,-0.80119216,-0.9610526,-0.072061807,0.26680505,0
-0.25513816,1.5249765,-2.0210137,-0.24454218,0.67149591,-0.6994943,0
1.1812018,1.6740483,0.21594417,0.12875164,0.73749596,0.66296506,0
-0.37045741,1.9666417,-0.0025640726,0.12875164,0.73749596,0.66296506,0
3.7232633,1.7601186,-1.053488,0.9610526,0.072061807,-0.26680505,0
-1.3941253,0.87460554,-2.1270676,-0.24454218,0.67149591,-0.6994943,0
1.4417672,0.046006799,1.8736567,0.12875164,0.73749596,0.66296506,0
3.6535845,1.586933,-1.5019717,0.9610526,0.072061807,-0.26680505,0
-0.1825422,-2.1785665,1.5103474,0.24454218,-0.67149591,0.6994943,0
-2.6168232,-2.6971684,1.9681945,0.24454218,-0.67149591,0.6994943,0
4.1850719,-2.3330498,-0.011530876,0.24454218,-0.67149591,0.6994943,0
2.8983176,-0.7868973,-1.9766239,-0.12875164,-0.73749596,-0.66296506,0
-0.57905459,-2.7384012,1.1107782,0.24454218,-0.67149591,0.6994943,0
1.8615106,-0.93202561,1.9795299,0.24454218,-0.67149591,0.6994943,0
2.0151739,2.6558318,-0.9832449,0.12875164,0.73749596,0.66296506,0
-2.17576,-2.7614255,1.7309296,0.24454218,-0.67149591,0.6994943,0
-3.4197936,-2.2594619,2.2260883,-0.9610526,-0.072061807,0.26680505,0
-2.3041387,2.5091243,-0.47635138,-0.24454218,0.67149591,-0.6994943,0
-0.44431853,2.632719,-0.62055188,0.12875164,0.73749596,0.66296506,0
-2.2278445,1.5603004,0.84117532,0.12875164,0.73749596,0.66296506,0
-3.5085917,-0.57170492,2.4250124,-0.9610526,-0.072061807,0.26680505,0
-3.8191803,0.74524391,1.0920722,-0.9610526,-0.072061807,0.26680505,0
-3.9798803,2.2223835,0.080778599,-0.24454218,0.67149591,-0.6994943,0
0.73775959,1.0476528,-2.9251723,-0.24454218,0.67149591,-0.6994943,0
-3.524379,1.6106347,1.0106761,0.12875164,0.73749596,0.66296506,0
4.1228266,0.78357315,-0.13578367,0.9610526,0.072061807,-0.26680505,0
-1.3520346,0.83129406,-2.2896042,-0.24454218,0.67149591,-0.6994943,0
-3.341382,2.2913077,-0.19050241,-0.24454218,0.67149591,-0.6994943,0
-4.1499467,1.3981237,-0.88988221,-0.24454218,0.67149591,-0.6994943,0
-3.8287911,0.57887137,1.6504323,-0.9610526,-0.072061807,0.26680505,0
0.94634855,-2.121721,1.2378877,0.24454218,-0.67149591,0.6994943,0
3.3891263,1.7953598,-2.5629849,0.9610526,0.072061807,-0.26680505,0
-4.4595814,-0.33246124,-0.92367339,-0.9610526,-0.072061807,0.26680505,0
-3.9238806,-0.9649924,0.89241028,-0.9610526,-0.072061807,0.26680505,0
3.7763298,-0.037615895,-1.4549956,0.9610526,0.072061807,-0.26680505,0
-4.2242513,1.8067247,-0.095268965,-0.9610526,-0.072061807,0.26680505,0
3.630306,-0.49387589,-1.8941042,0.9610526,0.072061807,-0.26680505,0
-2.632931,-2.3533199,2.365155,0.24454218,-0.67149591,0.6994943,0
3.937881,-0.9568975,-0.72776055,0.9610526,0.072061807,-0.26680505,0
-0.16170454,1.6838125,-1.9603493,-0.24454218,0.67149591,-0.6994943,0
-1.1122447,0.92104644,1.4330354,0.12875164,0.73749596,0.66296506,0
-3.4998457,-0.41782808,2.399735,-0.9610526,-0.072061807,0.26680505,0
-4.0609994,-1.2498442,-0.10738587,-0.12875164,-0.73749596,-0.66296506,0
0.62766862,0.034431994,-2.5007987,-0.12875164,-0.73749596,-0.66296506,0
-1.8580056,-0.14391601,-1.7486353,-0.12875164,-0.73749596,-0.66296506,0
1.7086391,2.2457883,-0.52296519,0.12875164,0.73749596,0.66296506,0
1.1680946,-2.4964724,0.88696307,0.24454218,-0.67149591,0.6994943,0
4.2870893,-1.5460572,0.26319647,0.9610526,0.072061807,-0.26680505,0
-3.3993506,-3.0854428,1.7066236,-0.12875164,-0.73749596,-0.66296506,0
0.25915277,2.3640699,-0.37515545,0.12875164,0.73749596,0.66296506,0
3.203166,-1.810812,-0.83513939,-0.12875164,-0.73749596,-0.66296506,0
-2.3172634,0.082364477,2.6706426,0.12875164,0.73749596,0.66296506,0
-0.50188231,-0.23922658,-1.8021586,-0.12875164,-0.73749596,-0.66296506,0
3.2498369,2.1983588,-2.5365758,0.9610526,0.072061807,-0.26680505,0
-2.2408545,-2.4108422,1.9569149,0.24454218,-0.67149591,0.6994943,0
1.9424354,0.60586727,1.0633966,0.12875164,0.73749596,0.66296506,0
-1.9404352,0.49752468,-2.3297453,-0.24454218,0.67149591,-0.6994943,0
-0.31545225,-2.1497738,0.19371796,-0.12875164,-0.73749596,-0.66296506,0
1.1412991,-2.5663033,0.59797901,0.24454218,-0.67149591,0.6994943,0
2.460155,1.772567,-0.17190242,0.12875164,0.73749596,0.66296506,0
1.1279426,-1.2533488,1.9624187,0.24454218,-0.67149591,0.6994943,0
0.77675033,-0.94637114,2.2536232,0.24454218,-0.67149591,0.6994943,0
-1.9917508,2.5650465,-0.30215904,-0.24454218,0.67149591,-0.6994943,0
-4.2383232,-0.16902006,-0.059560776,-0.9610526,-0.072061807,0.26680505,0
1.7459021,0.0404034,-2.5315504,-0.12875164,-0.73749596,-0.66296506,0
0.42869818,2.7597456,-0.89184201,0.12875164,0.73749596,0.66296506,0
4.2794981,-0.6474067,1.5807685,0.24454218,-0.67149591,0.6994943,0
3.5111723,1.4839187,-2.0096581,0.9610526,0.072061807,-0.26680505,0
-1.5596923,1.4257095,0.84237885,0.12875164,0.73749596,0.66296506,0
0.79809058,2.1853158,-1.8648863,-0.24454218,0.67149591,-0.6994943,0
-4.6025124,0.75423813,-1.1934947,-0.9610526,-0.072061807,0.26680505,0
-3.8280835,0.0034440756,1.1751072,-0.9610526,-0.072061807,0.26680505,0
-1.8716861,1.0940217,-1.7846625,-0.24454218,0.67149591,-0.6994943,0
2.6062987,2.2106707,-2.2426021,-0.24454218,0.67149591,-0.6994943,0
4.1698794,0.5871594,0.0097751617,0.9610526,0.072061807,-0.26680505,0
1.7012919,-1.3475528,-0.97934699,-0.12875164,-0.73749596,-0.66296506,0
-1.983884,1.4151598,1.2094541,0.12875164,0.73749596,0.66296506,0
-0.23340297,0.19812667,-2.3036084,-0.12875164,-0.73749596,-0.66296506,0
-4.2319431,0.63833368,-1.5866225,-0.24454218,0.67149591,-0.6994943,0
3.35537,1.1947676,-2.927736,0.9610526,0.072061807,-0.26680505,0
-1.9601374,0.63951731,-2.2368226,-0.24454218,0.67149591,-0.6994943,0
-3.7726614,0.74744874,1.8887982,-0.9610526,-0.072061807,0.26680505,0
-4.3579249,-0.65880513,-0.5301919,-0.9610526,-0.072061807,0.26680505,0
-3.751236,-1.5510027,0.83485103,-0.9610526,-0.072061807,0.26680505,0
0.66634023,0.44852179,-2.9996054,-0.12875164,-0.73749596,-0.66296506,0
-2.0573504,-1.9134437,2.3812745,0.24454218,-0.67149591,0.6994943,0
3.1342866,1.1057259,-3.1384284,0.9610526,0.072061807,-0.26680505,0
3.2420607,-1.0891643,1.4252644,0.24454218,-0.67149591,0.6994943,0
0.77419406,-1.5873221,-0.72831929,-0.12875164,-0.73749596,-0.66296506,0
2.6994703,-1.5922198,1.0182849,0.24454218,-0.67149591,0.6994943,0
-2.895232,-1.6727636,0.26430726,-0.12875164,-0.73749596,-0.66296506,0
3.7571554,-1.1758904,-1.546417,0.9610526,0.072061807,-0.26680505,0
4.3320322,-1.1593678,0.26660538,0.9610526,0.072061807,-0.26680505,0
2.4421067,0.53088993,-3.2435942,-0.12875164,-0.73749596,-0.66296506,0
-3.570013,-0.12326729,2.3497367,-0.9610526,-0.072061807,0.26680505,0
1.2638128,-0.78323328,2.3997371,0.24454218,-0.67149591,0.6994943,0
-2.5077987,-2.5100958,2.0684831,0.24454218,-0.67149591,0.6994943,0
3.833406,-1.0446658,-1.3840475,0.9610526,0.072061807,-0.26680505,0
-1.1032338,-2.5524588,0.89835823,-0.12875164,-0.73749596,-0.66296506,0
3.2283652,-2.5045867,-0.16040754,-0.12875164,-0.73749596,-0.66296506,0
-3.5059605,2.4537928,0.2401408,0.12875164,0.73749596,0.66296506,0
-3.2486415,2.189966,0.52852619,0.12875164,0.73749596,0.66296506,0
-4.3784542,0.89724165,-0.23823595,-0.9610526,-0.072061807,0.26680505,0
-1.9109747,-2.2460277,2.1247649,0.24454218,-0.67149591,0.6994943,0
-1.41401,-1.1685715,-0.82729268,-0.12875164,-0.73749596,-0.66296506,0
3.9048676,1.581201,-0.45516944,0.9610526,0.072061807,-0.26680505,0
-1.8639401,-0.83434558,-1.0060123,-0.12875164,-0.73749596,-0.66296506,0
-0.25395763,0.78829032,1.5733917,0.12875164,0.73749596,0.66296506,0
-3.2028985,-0.82019055,3.3316624,-0.9610526,-0.072061807,0.26680505,0
2.475266,2.3356838,-2.3118927,-0.24454218,0.67149591,-0.6994943,0
3.3570461,1.6647713,-2.1967807,0.9610526,0.072061807,-0.26680505,0
1.4310943,1.0482569,-3.1304541,-0.24454218,0.67149591,-0.6994943,0
3.5767865,0.25689012,-2.2801538,0.9610526,0.072061807,-0.26680505,0
3.5033338,-0.27541324,-2.3496094,0.9610526,0.072061807,-0.26680505,0
1.7507305,-1.3160591,-1.0750353,-0.12875164,-0.73749596,-0.66296506,0
4.0597925,-0.93181348,-0.51860428,0.9610526,0.072061807,-0.26680505,0
-2.247113,-0.74982321,-0.94723767,-0.12875164,-0.73749596,-0.66296506,0
-3.2987823,1.261415,-1.322798,-0.24454218,0.67149591,-0.6994943,0
3.85307,0.45113635,-0.788059,0.9610526,0.072061807,-0.26680505,0
0.97811967,-1.6337606,-0.7322377,-0.12875164,-0.73749596,-0.66296506,0
-3.2397947,2.1135616,-0.34237921,-0.24454218,0.67149591,-0.6994943,0
3.1108758,0.41663772,-3.3521154,-0.12875164,-0.73749596,-0.66296506,0
3.6093678,1.9974811,-0.68525362,0.12875164,0.73749596,0.66296506,0
-3.7291937,-1.668016,1.0967312,-0.9610526,-0.072061807,0.26680505,0
3.2147982,0.9513104,-3.278527,0.9610526,0.072061807,-0.26680505,0
3.1247625,0.37633622,1.2440195,0.12875164,0.73749596,0.66296506,0
1.5157117,-0.20031351,2.0488615,0.12875164,0.73749596,0.66296506,0
3.5929041,-1.1692512,1.2754718,0.24454218,-0.67149591,0.6994943,0
2.8085771,-0.70329082,1.9623756,0.24454218,-0.67149591,0.6994943,0
0.53370559,-0.54131317,-1.6482304,-0.12875164,-0.73749596,-0.66296506,0
3.9445281,0.37569523,-1.0376077,0.9610526,0.072061807,-0.26680505,0
-3.7748549,2.3606544,0.26139319,0.12875164,0.73749596,0.66296506,0
-1.5104104,2.5310903,-0.65857363,-0.24454218,0.67149591,-0.6994943,0
-1.0704489,-2.5021999,1.4401577,0.24454218,-0.67149591,0.6994943,0
4.3760858,-1.6691668,0.094882727,0.9610526,0.072061807,-0.26680505,0
4.3320274,-0.47551322,0.5783968,0.9610526,0.072061807,-0.26680505,0
-3.6000595,-0.66347498,2.0744097,-0.9610526,-0.072061807,0.26680505,0
-3.8815639,0.59935975,1.0862951,-0.9610526,-0.072061807,0.26680505,0
4.0195837,0.033195257,-0.64026904,0.9610526,0.072061807,-0.26680505,0
1.6555431,2.2452614,-0.7054193,0.12875164,0.73749596,0.66296506,0
-3.7575505,-0.6832521,0.93615961,-0.9610526,-0.072061807,0.26680505,0
-1.7837524,0.39667743,2.2196584,0.12875164,0.73749596,0.66296506,0
1.0445269,2.1195447,-2.0445137,-0.24454218,0.67149591,-0.6994943,0
4.0714083,0.2437464,-0.33757591,0.9610526,0.072061807,-0.26680505,0
-3.6236525,-0.77280337,1.7999501,-0.9610526,-0.072061807,0.26680505,0
3.3203516,-1.3659909,1.0623474,0.24454218,-0.67149591,0.6994943,0
1.3817348,-1.4901526,1.570936,0.24454218,-0.67149591,0.6994943,0
-1.1828606,-2.095365,1.9494277,0.24454218,-0.67149591,0.6994943,0
-0.77001846,2.3603055,-1.1578007,-0.24454218,0.67149591,-0.6994943,0
-3.2629795,-0.83868223,3.3056884,-0.9610526,-0.072061807,0.26680505,0
0.080900073,1.5491607,-2.028615,-0.24454218,0.67149591,-0.6994943,0
-1.2394588,-2.5707417,1.669028,0.24454218,-0.67149591,0.6994943,0
2.0016899,1.8680788,-2.4088337,-0.24454218,0.67149591,-0.6994943,0
1.4264529,1.8125911,-0.056860447,0.12875164,0.73749596,0.66296506,0
4.5293951,0.051381111,1.2456881,0.9610526,0.072061807,-0.26680505,0
-1.9396783,0.49210125,2.0694242,0.12875164,0.73749596,0.66296506,0
-1.203776,-0.55438375,3.2402463,0.12875164,0.73749596,0.66296506,0
