-1.6779621,0.97372997,0.73493004,-0.74817264,0.54746199,0.37486342,0
-0.22069073,-1.6615031,0.54883015,-0.61299157,-0.78654552,-0.07474649,0
-1.5261523,1.5335822,-2.3917615,-0.25392637,0.28571144,-0.92406189,0
-0.68216991,1.6830744,1.7702522,-0.74817264,0.54746199,0.37486342,0
2.006542,-0.25665402,2.6030059,0.25392637,-0.28571144,0.92406189,0
-0.074675798,-1.3739024,-3.4717073,0.74817264,-0.54746199,-0.37486342,0
1.6430255,-0.71877146,-1.0625495,0.74817264,-0.54746199,-0.37486342,0
-0.38427782,2.3096902,-1.0374023,0.61299157,0.78654552,0.07474649,0
1.1519151,-2.0601981,2.3054276,0.25392637,-0.28571144,0.92406189,0
-1.1798242,-0.08160007,2.9811425,-0.74817264,0.54746199,0.37486342,0
0.93106055,-2.7244217,0.8757152,-0.61299157,-0.78654552,-0.07474649,0
0.45217013,-2.4886138,1.9680429,-0.61299157,-0.78654552,-0.07474649,0
-1.8135593,1.4457593,-0.1709066,-0.74817264,0.54746199,0.37486342,0
1.013332,-0.016100407,-3.3851061,0.74817264,-0.54746199,-0.37486342,0
-1.2229704,-1.1493685,3.0660369,-0.61299157,-0.78654552,-0.07474649,0
-1.175126,-1.306489,3.1720498,0.25392637,-0.28571144,0.92406189,0
0.34122282,-1.7119063,2.6163094,0.25392637,-0.28571144,0.92406189,0
1.8839676,0.24692583,2.4938252,0.61299157,0.78654552,0.07474649,0
-1.0894356,2.7126029,-2.0625565,-0.25392637,0.28571144,-0.92406189,0
-0.70755935,1.9694135,1.2115769,-0.74817264,0.54746199,0.37486342,0
0.63996762,-0.94354117,2.697371,0.25392637,-0.28571144,0.92406189,0
-0.62230623,-0.10992444,3.3266857,0.25392637,-0.28571144,0.92406189,0
-0.15769374,-1.7349339,0.5054062,-0.61299157,-0.78654552,-0.07474649,0
-0.42031959,-1.1847825,2.8948264,0.25392637,-0.28571144,0.92406189,0
2.4630294,-0.77500284,2.4300439,0.25392637,-0.28571144,0.92406189,0
0.91281891,-1.5656811,-1.0741067,0.74817264,-0.54746199,-0.37486342,0
0.0255512,0.27109313,3.2561359,0.25392637,-0.28571144,0.92406189,0
-1.422648,1.019606,0.91772771,-0.74817264,0.54746199,0.37486342,0
1.3632582,0.92082608,-1.082764,0.61299157,0.78654552,0.07474649,0
1.0669036,0.95219851,2.0477984,0.61299157,0.78654552,0.07474649,0
-0.86763686,-1.1645012,-0.087510169,-0.61299157,-0.78654552,-0.07474649,0
0.64595819,-2.5994501,1.6179488,-0.61299157,-0.78654552,-0.07474649,0
-1.3502414,1.6447074,0.023281753,-0.74817264,0.54746199,0.37486342,0
-1.869289,-0.50773382,1.6982911,-0.61299157,-0.78654552,-0.07474649,0
-0.38671565,0.9135744,3.2504196,-0.74817264,0.54746199,0.37486342,0
-0.3428756,-0.62714976,3.2396085,0.25392637,-0.28571144,0.92406189,0
0.78914106,-0.51906782,-2.8582771,0.74817264,-0.54746199,-0.37486342,0
1.5604812,0.089650393,2.8989367,0.25392637,-0.28571144,0.92406189,0
1.0445098,-1.8109499,2.4642131,0.25392637,-0.28571144,0.92406189,0
2.7047944,-0.67277539,2.3136842,0.25392637,-0.28571144,0.92406189,0
-0.36552954,0.44001749,3.548583,0.25392637,-0.28571144,0.92406189,0
-2.0842094,0.95251924,-0.34667873,-0.74817264,0.54746199,0.37486342,0
0.28946924,-0.49719566,-3.5330169,-0.25392637,0.28571144,-0.92406189,0
0.79633164,-1.1351143,2.7745402,0.25392637,-0.28571144,0.92406189,0
1.7880361,0.81927466,-2.9369881,0.61299157,0.78654552,0.07474649,0
-0.044573307,1.8367912,1.986464,0.61299157,0.78654552,0.07474649,0
-0.80098301,-1.1133814,-1.9692217,-0.61299157,-0.78654552,-0.07474649,0
1.0783359,0.87857354,1.5635976,0.61299157,0.78654552,0.07474649,0
1.2441255,-0.58955473,-2.1628804,0.74817264,-0.54746199,-0.37486342,0
-0.019747138,-2.0848026,1.3581254,-0.61299157,-0.78654552,-0.07474649,0
-0.81200588,2.240243,-2.3658595,-0.25392637,0.28571144,-0.92406189,0
0.23827791,-2.1473165,0.20398915,-0.61299157,-0.78654552,-0.07474649,0
-0.77051806,1.0417397,2.4352148,-0.74817264,0.54746199,0.37486342,0
-0.47096634,0.85128027,3.3223267,-0.74817264,0.54746199,0.37486342,0
0.29349136,1.6785218,-0.82279634,0.61299157,0.78654552,0.07474649,0
-0.57034981,-0.98260534,3.1765938,0.25392637,-0.28571144,0.92406189,0
-2.4795656,1.585941,-1.7610946,-0.74817264,0.54746199,0.37486342,0
-0.022663355,1.2585939,3.629703,-0.74817264,0.54746199,0.37486342,0
0.027198553,-2.0873778,2.3175166,-0.61299157,-0.78654552,-0.07474649,0
0.50129735,1.1068597,3.5240495,0.25392637,-0.28571144,0.92406189,0
-2.4460649,1.683598,-2.1604445,-0.25392637,0.28571144,-0.92406189,0
0.78243303,-2.4930201,-0.25550228,0.74817264,-0.54746199,-0.37486342,0
-2.1562321,1.2189622,-2.2717102,-0.25392637,0.28571144,-0.92406189,0
-1.6011586,-0.69265008,3.1887307,-0.74817264,0.54746199,0.37486342,0
0.80714154,1.4091309,-2.3095772,0.61299157,0.78654552,0.07474649,0
-0.44626051,0.78662491,-2.9334979,-0.25392637,0.28571144,-0.92406189,0
-0.94423747,2.7000349,-0.71866065,-0.74817264,0.54746199,0.37486342,0
2.3288641,0.006162405,1.7585211,0.61299157,0.78654552,0.07474649,0
0.91576815,-1.7108839,-0.82801378,0.74817264,-0.54746199,-0.37486342,0
2.1605239,-0.033109188,2.7192483,0.25392637,-0.28571144,0.92406189,0
-0.53911948,-1.3678107,-1.8476562,-0.61299157,-0.78654552,-0.07474649,0
1.2215583,1.2717872,-2.7052064,0.61299157,0.78654552,0.07474649,0
-0.21596551,1.9931901,1.4104109,0.61299157,0.78654552,0.07474649,0
0.26976299,-1.9827747,-0.10128462,-0.61299157,-0.78654552,-0.07474649,0
-0.92232132,2.4353712,-0.2523241,-0.74817264,0.54746199,0.37486342,0
-2.7298577,0.49745774,-2.3041015,-0.25392637,0.28571144,-0.92406189,0
0.32680178,-2.3813071,1.4778283,-0.61299157,-0.78654552,-0.07474649,0
1.8041106,-0.14904296,2.6778975,0.25392637,-0.28571144,0.92406189,0
-0.060982704,1.9115279,0.91759181,0.61299157,0.78654552,0.07474649,0
-1.3005807,0.97602236,1.5690389,-0.74817264,0.54746199,0.37486342,0
-0.90576345,-1.4373847,1.4812547,-0.61299157,-0.78654552,-0.07474649,0
-0.65677428,-0.90259171,-3.2897239,-0.25392637,0.28571144,-0.92406189,0
-1.8711853,1.9045492,-1.2425935,-0.74817264,0.54746199,0.37486342,0
-1.7736621,-0.59056425,2.5544176,-0.74817264,0.54746199,0.37486342,0
0.91815835,-1.4716578,2.4860506,0.25392637,-0.28571144,0.92406189,0
0.097570419,-1.1422803,-3.5756812,-0.25392637,0.28571144,-0.92406189,0
0.28727007,1.4717876,3.2616148,0.61299157,0.78654552,0.07474649,0
1.8150951,0.1719836,2.5679395,0.61299157,0.78654552,0.07474649,0
-0.89385134,-1.3908292,0.91515273,-0.61299157,-0.78654552,-0.07474649,0
-0.28701556,-0.81407487,2.9773962,0.25392637,-0.28571144,0.92406189,0
-0.0027116537,2.0620584,-2.1463199,0.61299157,0.78654552,0.07474649,0
0.57203448,-1.1880912,2.7769365,0.25392637,-0.28571144,0.92406189,0
0.57278889,0.5101018,3.3488178,0.25392637,-0.28571144,0.92406189,0
2.1947017,0.1962173,-0.35518515,0.61299157,0.78654552,0.07474649,0
0.39656663,1.340206,-2.9747849,-0.25392637,0.28571144,-0.92406189,0
0.50781834,-2.3310738,2.4140139,0.25392637,-0.28571144,0.92406189,0
1.8577695,0.79730654,-2.6476262,0.61299157,0.78654552,0.07474649,0
0.29428196,-1.4073443,-2.6740022,0.74817264,-0.54746199,-0.37486342,0
-1.8229449,-0.51654601,1.6031568,-0.61299157,-0.78654552,-0.07474649,0
1.3136318,0.75938189,1.0338727,0.61299157,0.78654552,0.07474649,0
0.33617723,1.5829594,1.794405,0.61299157,0.78654552,0.07474649,0
2.2948401,0.11919951,-0.41716635,0.61299157,0.78654552,0.07474649,0
0.62826514,-2.3495743,-0.63750124,-0.61299157,-0.78654552,-0.07474649,0
-0.26809144,-1.27187,-3.4071913,-0.61299157,-0.78654552,-0.07474649,0
1.4817359,-1.1124815,-0.76662827,0.74817264,-0.54746199,-0.37486342,0
2.9904323,-0.6808908,1.7786527,0.61299157,0.78654552,0.07474649,0
2.1210384,-0.22805917,2.6335709,0.25392637,-0.28571144,0.92406189,0
-1.8579005,-0.50634789,1.6304489,-0.61299157,-0.78654552,-0.07474649,0
-2.4433694,0.71013165,-0.31986892,-0.74817264,0.54746199,0.37486342,0
-0.09042716,1.3264033,3.2464399,-0.74817264,0.54746199,0.37486342,0
-1.9655392,2.0885723,-1.5941291,-0.74817264,0.54746199,0.37486342,0
2.4115844,-1.0689025,2.1741424,0.25392637,-0.28571144,0.92406189,0
1.3922653,0.87552929,-3.4398167,-0.25392637,0.28571144,-0.92406189,0
1.5707405,-2.6310143,1.6797739,0.74817264,-0.54746199,-0.37486342,0
-2.39148,0.62344921,-0.117769,-0.74817264,0.54746199,0.37486342,0
2.4596374,-1.4814712,2.0762794,0.25392637,-0.28571144,0.92406189,0
-1.0687151,1.8294353,0.35085309,-0.74817264,0.54746199,0.37486342,0
2.6097677,-0.84835017,2.1640196,0.25392637,-0.28571144,0.92406189,0
-0.022476792,-2.1429238,1.5216547,-0.61299157,-0.78654552,-0.07474649,0
-0.32735419,2.0248821,0.52509844,0.61299157,0.78654552,0.07474649,0
0.5605979,1.1103587,2.8161216,0.61299157,0.78654552,0.07474649,0
-2.1188707,0.80986154,-2.4001548,-0.25392637,0.28571144,-0.92406189,0
1.9013776,0.32640481,0.73954731,0.61299157,0.78654552,0.07474649,0
-0.20409822,-1.4746516,-2.8992016,-0.61299157,-0.78654552,-0.07474649,0
-0.60183203,-0.93209362,-3.3015952,-0.25392637,0.28571144,-0.92406189,0
1.7369184,-2.0441132,2.1371412,0.25392637,-0.28571144,0.92406189,0
-1.7376666,2.1838758,-2.1421199,-0.25392637,0.28571144,-0.92406189,0
-0.6950841,2.0114224,1.0257827,-0.74817264,0.54746199,0.37486342,0
0.4570123,0.22822827,3.2447701,0.25392637,-0.28571144,0.92406189,0
-1.3131615,-0.23048615,3.0286512,-0.74817264,0.54746199,0.37486342,0
2.4586313,-1.1062715,2.254801,0.25392637,-0.28571144,0.92406189,0
1.2485704,-1.5424802,-0.47623029,0.74817264,-0.54746199,-0.37486342,0
-1.6029451,-0.69673324,0.90188998,-0.61299157,-0.78654552,-0.07474649,0
-1.5783455,0.62483776,-2.5809357,-0.25392637,0.28571144,-0.92406189,0
0.57205975,1.3738747,-0.40663874,0.61299157,0.78654552,0.07474649,0
1.6560937,-1.2700422,2.4079342,0.25392637,-0.28571144,0.92406189,0
1.1643345,0.11066616,2.874912,0.25392637,-0.28571144,0.92406189,0
-0.86505407,-0.58786476,-3.2541456,-0.25392637,0.28571144,-0.92406189,0
-0.93352044,0.4370189,2.5742276,-0.74817264,0.54746199,0.37486342,0
0.10621166,-1.9312565,-1.232298,-0.61299157,-0.78654552,-0.07474649,0
0.46594992,-1.2817022,2.7973132,0.25392637,-0.28571144,0.92406189,0
0.54204178,0.20981073,-3.2814856,-0.25392637,0.28571144,-0.92406189,0
0.28933048,1.3451872,3.6563418,0.25392637,-0.28571144,0.92406189,0
1.2901326,-0.81326151,-1.483961,0.74817264,-0.54746199,-0.37486342,0
0.87682962,-2.4497519,2.2807837,0.25392637,-0.28571144,0.92406189,0
-2.1881156,-0.075629473,-1.8055378,-0.61299157,-0.78654552,-0.07474649,0
0.45502043,-2.3836741,0.51043707,-0.61299157,-0.78654552,-0.07474649,0
-0.1423912,-1.9098282,2.632931,0.25392637,-0.28571144,0.92406189,0
0.84180975,-2.6262927,0.18400007,-0.61299157,-0.78654552,-0.07474649,0
1.5777842,0.84228516,-0.84272641,0.61299157,0.78654552,0.07474649,0
-0.75352824,1.1111281,-2.7808599,-0.25392637,0.28571144,-0.92406189,0
-1.0405964,-0.98937774,-1.7168326,-0.61299157,-0.78654552,-0.07474649,0
-1.8030632,0.2620219,1.1341326,-0.74817264,0.54746199,0.37486342,0
1.4335277,-1.9786994,0.68209046,0.74817264,-0.54746199,-0.37486342,0
-0.95279431,-0.30416715,3.4849463,0.25392637,-0.28571144,0.92406189,0
-1.7629592,1.3253492,-0.015513778,-0.74817264,0.54746199,0.37486342,0
-1.9889537,1.0741472,-0.44038403,-0.74817264,0.54746199,0.37486342,0
-0.74882078,-0.91046023,3.188715,0.25392637,-0.28571144,0.92406189,0
-0.29509676,-1.4129758,-1.9589233,-0.61299157,-0.78654552,-0.07474649,0
1.1003854,-0.30039144,-2.8138258,0.74817264,-0.54746199,-0.37486342,0
-0.92430973,1.4467133,1.356575,-0.74817264,0.54746199,0.37486342,0
-0.00034493208,-0.2894991,3.0884907,0.25392637,-0.28571144,0.92406189,0
-1.3056517,-1.1791098,3.3234036,0.25392637,-0.28571144,0.92406189,0
-0.0076780319,-1.4905097,-3.2630346,0.74817264,-0.54746199,-0.37486342,0
-1.5645828,-0.70743299,1.2884501,-0.61299157,-0.78654552,-0.07474649,0
2.4056454,-0.18945336,1.8775812,0.61299157,0.78654552,0.07474649,0
0.56216335,-2.3506665,-0.45001644,-0.61299157,-0.78654552,-0.07474649,0
1.4509497,-0.58160758,2.7401443,0.25392637,-0.28571144,0.92406189,0
-1.213739,-0.56331873,3.2996848,0.25392637,-0.28571144,0.92406189,0
-0.70793498,-0.95640624,3.2349498,0.25392637,-0.28571144,0.92406189,0
-1.4090767,2.4721646,-1.22877,-0.74817264,0.54746199,0.37486342,0
-1.2722468,0.2573601,2.4923437,-0.74817264,0.54746199,0.37486342,0
0.83212543,-2.8116109,1.5406187,-0.61299157,-0.78654552,-0.07474649,0
-0.052121706,-1.0591385,3.041038,0.25392637,-0.28571144,0.92406189,0
2.0364137,-1.365097,0.85846817,0.74817264,-0.54746199,-0.37486342,0
0.88292545,-0.70099837,2.8729091,0.25392637,-0.28571144,0.92406189,0
-1.9334577,0.3155905,0.96383786,-0.74817264,0.54746199,0.37486342,0
1.7520776,0.24780357,2.5650868,0.61299157,0.78654552,0.07474649,0
0.98249912,-1.8801651,-0.73496604,0.74817264,-0.54746199,-0.37486342,0
0.63309228,-0.18528804,3.0146909,0.25392637,-0.28571144,0.92406189,0
-0.48572612,-1.2603345,-3.4552283,-0.25392637,0.28571144,-0.92406189,0
-0.75482154,-1.4063197,-0.04995805,-0.61299157,-0.78654552,-0.07474649,0
-1.4454256,1.8197343,-2.380002,-0.25392637,0.28571144,-0.92406189,0
-0.28725886,1.250512,2.8515301,-0.74817264,0.54746199,0.37486342,0
0.58164191,-1.32892,-2.1812594,0.74817264,-0.54746199,-0.37486342,0
0.40701699,-2.4057107,0.74253601,-0.61299157,-0.78654552,-0.07474649,0
-2.2795146,1.5379877,-1.5573024,-0.74817264,0.54746199,0.37486342,0
-2.0749905,0.97507483,-2.4196804,-0.25392637,0.28571144,-0.92406189,0
-1.2927303,-0.99450588,-0.1528635,-0.61299157,-0.78654552,-0.07474649,0
2.3418016,-0.69887984,0.30536431,0.74817264,-0.54746199,-0.37486342,0
-0.83872229,-0.59390163,3.3257763,0.25392637,-0.28571144,0.92406189,0
-1.0345255,2.1592507,-2.4019704,-0.25392637,0.28571144,-0.92406189,0
1.834892,0.21694517,1.4700034,0.61299157,0.78654552,0.07474649,0
-0.21291745,2.3031266,-1.7229353,0.61299157,0.78654552,0.07474649,0
0.78994876,1.3686271,-1.5887735,0.61299157,0.78654552,0.07474649,0
-2.557579,0.68683517,-2.2562356,-0.25392637,0.28571144,-0.92406189,0
2.3656516,0.035648108,0.12612641,0.61299157,0.78654552,0.07474649,0
-1.354811,3.1090901,-2.0190682,-0.25392637,0.28571144,-0.92406189,0
-1.237164,0.52418852,-2.6530418,-0.25392637,0.28571144,-0.92406189,0
1.2658578,0.98014462,-1.3395772,0.61299157,0.78654552,0.07474649,0
-1.0421611,-1.3674752,2.8297982,-0.61299157,-0.78654552,-0.07474649,0
-2.3136196,1.3556741,-2.2490032,-0.25392637,0.28571144,-0.92406189,0
-0.22211456,-1.5340109,-2.2014358,-0.61299157,-0.78654552,-0.07474649,0
-1.5066142,-0.2542268,-2.9305501,-0.25392637,0.28571144,-0.92406189,0
-1.218822,-0.97364712,1.2442249,-0.61299157,-0.78654552,-0.07474649,0
1.079411,-0.70884132,-2.1646483,0.74817264,-0.54746199,-0.37486342,0
-2.128056,-0.14126825,1.4231414,-0.74817264,0.54746199,0.37486342,0
-1.0684996,2.3142831,-0.33436161,-0.74817264,0.54746199,0.37486342,0
2.0259271,0.24859405,-1.6466507,0.74817264,-0.54746199,-0.37486342,0
-0.34140146,-1.7257231,0.2225126,-0.61299157,-0.78654552,-0.07474649,0
1.1958216,1.094916,-1.864544,0.61299157,0.78654552,0.07474649,0
-0.90235108,-1.165285,3.1517982,0.25392637,-0.28571144,0.92406189,0
-0.64293987,-1.5486017,0.91850108,-0.61299157,-0.78654552,-0.07474649,0
1.344478,0.87192929,-0.95115215,0.61299157,0.78654552,0.07474649,0
-0.7787227,-1.3903657,3.0755191,0.25392637,-0.28571144,0.92406189,0
-1.399415,-0.47017372,-2.9653182,-0.25392637,0.28571144,-0.92406189,0
0.051040649,1.8363742,0.37724853,0.61299157,0.78654552,0.07474649,0
-0.44543636,-1.5401201,-0.16805476,-0.61299157,-0.78654552,-0.07474649,0
0.81035864,-1.1084192,2.6487215,0.25392637,-0.28571144,0.92406189,0
-0.76129341,2.6345129,-1.7091441,0.61299157,0.78654552,0.07474649,0
-0.093553305,-0.93615532,-3.4978499,-0.25392637,0.28571144,-0.92406189,0
-0.67592829,-1.346861,-1.2461352,-0.61299157,-0.78654552,-0.07474649,0
-2.7885902,0.33028412,-1.3393717,-0.61299157,-0.78654552,-0.07474649,0
-2.486639,0.25856686,-1.8501012,-0.61299157,-0.78654552,-0.07474649,0
1.9764843,-1.0247502,0.20157778,0.74817264,-0.54746199,-0.37486342,0
0.51865602,0.46450156,-3.3493237,-0.25392637,0.28571144,-0.92406189,0
-0.40579867,-1.3506747,-1.5095609,-0.61299157,-0.78654552,-0.07474649,0
-0.14518595,-1.5110962,-2.921674,-0.61299157,-0.78654552,-0.07474649,0
0.3530252,-2.2186477,0.57201165,-0.61299157,-0.78654552,-0.07474649,0
2.1756358,0.2915566,-1.3936448,0.61299157,0.78654552,0.07474649,0
-1.5282366,-0.33178926,2.8350916,-0.74817264,0.54746199,0.37486342,0
0.61844218,-2.3028526,2.2709961,0.25392637,-0.28571144,0.92406189,0
0.81003296,0.58019459,3.2203493,0.25392637,-0.28571144,0.92406189,0
-2.0641584,-0.46938992,2.0493276,-0.74817264,0.54746199,0.37486342,0
-1.2884078,2.1899736,-2.1237123,-0.25392637,0.28571144,-0.92406189,0
2.4127612,-0.70422137,0.6433391,0.74817264,-0.54746199,-0.37486342,0
1.5767151,0.56923974,1.4396336,0.61299157,0.78654552,0.07474649,0
1.530937,-1.2997652,-0.3378177,0.74817264,-0.54746199,-0.37486342,0
-1.1561003,2.4979415,-2.1238885,-0.25392637,0.28571144,-0.92406189,0
1.748839,-0.84910393,-0.69578743,0.74817264,-0.54746199,-0.37486342,0
1.7431029,-0.74096549,-0.51383698,0.74817264,-0.54746199,-0.37486342,0
-1.2280091,0.53064531,1.9648763,-0.74817264,0.54746199,0.37486342,0
1.7564626,-1.2439559,0.072337329,0.74817264,-0.54746199,-0.37486342,0
-0.53144479,-1.2295253,-1.8554338,-0.61299157,-0.78654552,-0.07474649,0
1.5815099,-0.17521012,-2.1455948,0.74817264,-0.54746199,-0.37486342,0
-2.8571754,0.93744302,-1.4707031,-0.74817264,0.54746199,0.37486342,0
0.75666463,-2.1319323,2.4553404,0.25392637,-0.28571144,0.92406189,0
0.65845358,-0.14946645,3.00209,0.25392637,-0.28571144,0.92406189,0
0.54985547,-2.4774537,0.16577876,-0.61299157,-0.78654552,-0.07474649,0
1.3084538,0.24493134,3.0022566,0.25392637,-0.28571144,0.92406189,0
1.9143485,-1.7301756,2.1584041,0.25392637,-0.28571144,0.92406189,0
-0.40315366,-1.6623091,0.80001533,-0.61299157,-0.78654552,-0.07474649,0
-1.2699484,0.15335417,2.6805599,-0.74817264,0.54746199,0.37486342,0
-0.14959633,2.21556,-1.1530852,0.61299157,0.78654552,0.07474649,0
1.9585514,-1.4819469,0.8280133,0.74817264,-0.54746199,-0.37486342,0
1.0335851,-1.2914363,2.5965939,0.25392637,-0.28571144,0.92406189,0
-2.1274564,1.9675852,-1.5417312,-0.74817264,0.54746199,0.37486342,0
1.1499128,1.0674661,-1.8615515,0.61299157,0.78654552,0.07474649,0
0.12565899,-1.9723712,-1.3043666,-0.61299157,-0.78654552,-0.07474649,0
1.7598554,0.11051333,2.7159121,0.25392637,-0.28571144,0.92406189,0
-1.4431164,1.2424352,0.58851457,-0.74817264,0.54746199,0.37486342,0
0.90709293,1.0646002,1.249203,0.61299157,0.78654552,0.07474649,0
-2.3342829,0.50015867,-2.3732624,-0.25392637,0.28571144,-0.92406189,0
2.9562061,-0.57191586,1.9636651,0.61299157,0.78654552,0.07474649,0
2.4073136,-1.1299698,2.2055645,0.25392637,-0.28571144,0.92406189,0
-1.0050845,-0.23361957,-3.1126957,-0.25392637,0.28571144,-0.92406189,0
0.3352524,1.3214675,2.1512365,0.61299157,0.78654552,0.07474649,0
-2.3709626,1.3643037,-1.3197272,-0.74817264,0.54746199,0.37486342,0
-0.44084096,-1.0167202,-3.4561181,-0.25392637,0.28571144,-0.92406189,0
-1.7124101,0.79370493,0.74958038,-0.74817264,0.54746199,0.37486342,0
-0.56923664,0.49233514,3.490365,0.25392637,-0.28571144,0.92406189,0
-2.6069398,1.4646292,-1.9356036,-0.74817264,0.54746199,0.37486342,0
-1.1795636,0.62796903,-2.7904124,-0.25392637,0.28571144,-0.92406189,0
-0.88831019,1.6557853,-2.5054903,-0.25392637,0.28571144,-0.92406189,0
-1.2418162,-0.76500976,-2.724139,-0.61299157,-0.78654552,-0.07474649,0
0.92247391,-1.1844893,-1.807129,0.74817264,-0.54746199,-0.37486342,0
2.1397362,-0.83272612,2.297184,0.25392637,-0.28571144,0.92406189,0
-0.34494984,-0.47042805,3.2565033,0.25392637,-0.28571144,0.92406189,0
0.47828436,-2.157228,-1.0260983,0.74817264,-0.54746199,-0.37486342,0
2.3486125,-1.6298001,1.6702226,0.74817264,-0.54746199,-0.37486342,0
-0.58855587,-1.4614497,-0.64649677,-0.61299157,-0.78654552,-0.07474649,0
0.095718026,-2.1082673,2.4784315,-0.61299157,-0.78654552,-0.07474649,0
-1.3842237,-0.80486941,0.89364868,-0.61299157,-0.78654552,-0.07474649,0
-1.7426095,0.82949537,0.69883811,-0.74817264,0.54746199,0.37486342,0
1.5852127,-2.4855886,1.2458453,0.74817264,-0.54746199,-0.37486342,0
-0.72574294,-0.36218214,3.3177216,0.25392637,-0.28571144,0.92406189,0
-0.82531023,0.53093785,2.6748667,-0.74817264,0.54746199,0.37486342,0
0.82337022,-2.5148404,0.014273286,-0.61299157,-0.78654552,-0.07474649,0
1.3291008,-0.77987528,-1.5424843,0.74817264,-0.54746199,-0.37486342,0
-0.0094676018,-1.9205201,0.55557466,-0.61299157,-0.78654552,-0.07474649,0
0.26062381,-2.2176123,1.0522403,-0.61299157,-0.78654552,-0.07474649,0
0.86526012,-0.87957996,-2.5841224,0.74817264,-0.54746199,-0.37486342,0
-1.1530892,-1.0882491,-0.4757486,-0.61299157,-0.78654552,-0.07474649,0
-0.93514872,2.6711986,-0.37358952,0.61299157,0.78654552,0.07474649,0
1.2749615,0.88046384,0.79483229,0.61299157,0.78654552,0.07474649,0
-0.15886286,1.3795865,-2.7140648,-0.25392637,0.28571144,-0.92406189,0
1.1059166,1.1435943,-0.72748059,0.61299157,0.78654552,0.07474649,0
-0.36581323,0.1935413,-3.0716441,-0.25392637,0.28571144,-0.92406189,0
2.1288581,-0.44991052,-0.39143258,0.74817264,-0.54746199,-0.37486342,0
-1.0508385,1.5024855,1.0962552,-0.74817264,0.54746199,0.37486342,0
-0.35113937,1.2743801,-2.751323,-0.25392637,0.28571144,-0.92406189,0
-2.1426313,0.43144107,-2.5721107,-0.25392637,0.28571144,-0.92406189,0
-1.3427651,1.0403686,1.240726,-0.74817264,0.54746199,0.37486342,0
1.9653492,-0.88478917,0.055107117,0.74817264,-0.54746199,-0.37486342,0
-0.64943844,-0.70001376,3.1416674,0.25392637,-0.28571144,0.92406189,0
0.26520145,-0.57881135,-3.4107997,-0.25392637,0.28571144,-0.92406189,0
-0.95915782,-1.2685335,0.71855307,-0.61299157,-0.78654552,-0.07474649,0
-0.24925476,-0.34397745,3.2249177,0.25392637,-0.28571144,0.92406189,0
-0.57957703,-1.3026168,3.0580394,0.25392637,-0.28571144,0.92406189,0
1.6975191,-1.2716918,-0.24911863,0.74817264,-0.54746199,-0.37486342,0
0.99100596,1.169476,-3.0553989,-0.25392637,0.28571144,-0.92406189,0
-2.2763686,-0.10873365,0.96372974,-0.61299157,-0.78654552,-0.07474649,0
-1.218457,-0.61247289,-3.0555182,-0.61299157,-0.78654552,-0.07474649,0
-0.014891982,1.9786541,-1.0982006,0.61299157,0.78654552,0.07474649,0
0.85007244,0.60540283,-3.3655777,-0.25392637,0.28571144,-0.92406189,0
-1.1950819,1.5734916,-2.4925995,-0.25392637,0.28571144,-0.92406189,0
-2.3505583,1.1006529,-0.91865104,-0.74817264,0.54746199,0.37486342,0
-0.90154088,-0.058528662,3.5662274,0.25392637,-0.28571144,0.92406189,0
-2.4090571,1.7378662,-2.1007359,-0.25392637,0.28571144,-0.92406189,0
2.1271954,0.13249493,-1.2361996,0.74817264,-0.54746199,-0.37486342,0
0.29989886,-1.9476391,-1.0752977,-0.61299157,-0.78654552,-0.07474649,0
2.572638,-0.35552454,2.0578611,0.61299157,0.78654552,0.07474649,0
0.39920652,1.741461,-1.1903243,0.61299157,0.78654552,0.07474649,0
-1.2268959,1.5026655,-2.5309756,-0.25392637,0.28571144,-0.92406189,0
0.9915067,-0.55471778,-2.5015848,0.74817264,-0.54746199,-0.37486342,0
-1.7461077,1.9065025,-2.1729081,-0.25392637,0.28571144,-0.92406189,0
0.77581596,-1.6331376,2.5119565,0.25392637,-0.28571144,0.92406189,0
1.0106194,0.90896297,3.0789065,0.61299157,0.78654552,0.07474649,0
-0.012331367,2.0695887,-2.6612837,-0.25392637,0.28571144,-0.92406189,0
-1.7762309,0.6760447,-2.4669189,-0.25392637,0.28571144,-0.92406189,0
0.13660875,-1.2975217,2.8622479,0.25392637,-0.28571144,0.92406189,0
-1.7474318,2.3111749,-1.5302744,-0.74817264,0.54746199,0.37486342,0
-0.46623194,-1.7534571,1.1632612,-0.61299157,-0.78654552,-0.07474649,0
-1.4477024,1.6236479,-2.2515566,-0.25392637,0.28571144,-0.92406189,0
-0.87693965,-1.2241958,0.76927227,-0.61299157,-0.78654552,-0.07474649,0
2.0947514,-0.140661,-0.73361194,0.74817264,-0.54746199,-0.37486342,0
2.1787136,-0.49845254,2.4598114,0.25392637,-0.28571144,0.92406189,0
-1.3536197,0.22651327,2.2946506,-0.74817264,0.54746199,0.37486342,0
0.88785338,-1.6489153,-0.97285819,0.74817264,-0.54746199,-0.37486342,0
1.0568218,0.031078815,2.9426844,0.25392637,-0.28571144,0.92406189,0
2.3697038,-0.039670229,-0.40001041,0.74817264,-0.54746199,-0.37486342,0
-1.5710814,-0.48417294,-1.6065307,-0.61299157,-0.78654552,-0.07474649,0
0.41496682,-2.2169108,-0.302643,-0.61299157,-0.78654552,-0.07474649,0
-1.772495,-0.70363903,3.0613654,-0.74817264,0.54746199,0.37486342,0
-1.0630376,-1.2601644,0.62265569,-0.61299157,-0.78654552,-0.07474649,0
-0.2854135,-1.5203485,-0.55914295,-0.61299157,-0.78654552,-0.07474649,0
-0.67759866,-1.5844495,2.6219718,-0.61299157,-0.78654552,-0.07474649,0
-1.3691647,1.6889962,0.032871366,-0.74817264,0.54746199,0.37486342,0
1.0441227,0.84528112,2.3689377,0.61299157,0.78654552,0.07474649,0
2.3738246,-1.1165736,2.1864681,0.25392637,-0.28571144,0.92406189,0
0.5552392,-2.1546488,-0.82473814,0.74817264,-0.54746199,-0.37486342,0
1.3432515,0.92916965,-2.0153413,0.61299157,0.78654552,0.07474649,0
-2.104892,0.53440857,-2.5990629,-0.25392637,0.28571144,-0.92406189,0
-1.1953819,0.83112144,1.8607676,-0.74817264,0.54746199,0.37486342,0
0.053503096,0.5914737,-3.1267354,-0.25392637,0.28571144,-0.92406189,0
-2.4432192,0.73427832,-0.70487016,-0.74817264,0.54746199,0.37486342,0
-0.54311407,-1.1661561,-3.292634,-0.61299157,-0.78654552,-0.07474649,0
0.7249794,-2.4094059,0.55837309,-0.61299157,-0.78654552,-0.07474649,0
-2.6466246,0.2434783,-1.3269547,-0.61299157,-0.78654552,-0.07474649,0
-1.0260029,2.5236518,-0.13981998,-0.74817264,0.54746199,0.37486342,0
0.8759051,-0.71895182,2.7196622,0.25392637,-0.28571144,0.92406189,0
0.89285851,-1.4259944,-1.5298505,0.74817264,-0.54746199,-0.37486342,0
-1.2761427,-0.46207488,-2.9366679,-0.25392637,0.28571144,-0.92406189,0
0.12466741,-1.8891627,2.6362741,0.25392637,-0.28571144,0.92406189,0
1.205946,-1.4163544,2.4207928,0.25392637,-0.28571144,0.92406189,0
-1.182085,0.62308753,2.0340233,-0.74817264,0.54746199,0.37486342,0
-0.030370846,1.1376653,-2.9812725,-0.25392637,0.28571144,-0.92406189,0
-1.0164247,1.8762929,0.71071327,-0.74817264,0.54746199,0.37486342,0
-0.35081172,1.1445525,3.0325172,-0.74817264,0.54746199,0.37486342,0
0.25777316,-2.2462544,2.4280355,0.25392637,-0.28571144,0.92406189,0
-2.1636817,0.79011095,-2.3275113,-0.25392637,0.28571144,-0.92406189,0
-2.585959,0.57597566,-0.65038234,-0.74817264,0.54746199,0.37486342,0
0.58896375,0.079598546,3.1366043,0.25392637,-0.28571144,0.92406189,0
2.2022328,-0.041703939,1.4894097,0.61299157,0.78654552,0.07474649,0
2.1694617,0.22598815,-0.82216358,0.61299157,0.78654552,0.07474649,0
-2.6472969,1.3039119,-2.0972645,-0.74817264,0.54746199,0.37486342,0
0.87558138,0.57289779,3.2862442,0.25392637,-0.28571144,0.92406189,0
-1.7873815,-0.76157236,1.437631,-0.61299157,-0.78654552,-0.07474649,0
-0.77869612,-1.2934533,-0.83720821,-0.61299157,-0.78654552,-0.07474649,0
-0.37858176,2.1956332,-0.67967719,0.61299157,0.78654552,0.07474649,0
1.6523807,-2.5497026,1.9568022,0.25392637,-0.28571144,0.92406189,0
0.3436892,1.3193555,3.5143547,0.25392637,-0.28571144,0.92406189,0
-1.9947155,1.8818128,-1.2213526,-0.74817264,0.54746199,0.37486342,0
0.39543641,0.095717847,-3.3713191,-0.25392637,0.28571144,-0.92406189,0
2.1786077,-0.47145998,2.5826497,0.25392637,-0.28571144,0.92406189,0
-1.164343,0.16831374,2.9447818,-0.74817264,0.54746199,0.37486342,0
0.080743611,-1.8517641,2.5539186,0.25392637,-0.28571144,0.92406189,0
-2.0869906,0.51007318,0.46625361,-0.74817264,0.54746199,0.37486342,0
0.80705488,1.3506119,0.54283822,0.61299157,0.78654552,0.07474649,0
1.792248,-2.3067904,1.6367245,0.74817264,-0.54746199,-0.37486342,0
-1.593447,-0.6214509,-0.493821,-0.61299157,-0.78654552,-0.07474649,0
-0.74301839,1.4968011,-2.4828396,-0.25392637,0.28571144,-0.92406189,0
-0.31027699,-0.35654449,-3.3105145,-0.25392637,0.28571144,-0.92406189,0
2.2525623,-1.6904742,1.6870282,0.74817264,-0.54746199,-0.37486342,0
2.4447541,-0.030420303,0.053978533,0.61299157,0.78654552,0.07474649,0
3.0615902,-0.61472321,1.8831179,0.61299157,0.78654552,0.07474649,0
0.75321054,-0.60618675,-2.9653766,0.74817264,-0.54746199,-0.37486342,0
0.5311383,0.96719027,3.4687839,0.25392637,-0.28571144,0.92406189,0
-0.46788675,1.6251812,-2.538605,-0.25392637,0.28571144,-0.92406189,0
-0.01649189,-1.8661942,2.6782026,0.25392637,-0.28571144,0.92406189,0
-1.2230223,-0.87347186,0.44944909,-0.61299157,-0.78654552,-0.07474649,0
-1.0570192,1.976409,0.44936767,-0.74817264,0.54746199,0.37486342,0
-0.29908919,-1.2670903,-3.4446774,-0.61299157,-0.78654552,-0.07474649,0
-0.070494533,2.2607975,-1.8451567,0.61299157,0.78654552,0.07474649,0
0.82347429,-1.8612841,2.4389243,0.25392637,-0.28571144,0.92406189,0
0.48417568,1.6942828,-2.0092559,0.61299157,0.78654552,0.07474649,0
-0.40690911,-1.5701504,-1.3445386,-0.61299157,-0.78654552,-0.07474649,0
0.76044905,-0.13274646,-3.3587661,0.74817264,-0.54746199,-0.37486342,0
-0.46025458,-1.670661,2.0157883,-0.61299157,-0.78654552,-0.07474649,0
-2.4616442,1.0485996,-0.99398077,-0.74817264,0.54746199,0.37486342,0
0.91994309,-2.4984612,2.2213604,0.25392637,-0.28571144,0.92406189,0
-0.13357317,-0.5303998,-3.3427989,-0.25392637,0.28571144,-0.92406189,0
-1.0863304,2.764004,-1.2878423,0.61299157,0.78654552,0.07474649,0
-1.221858,0.27422947,-2.9332941,-0.25392637,0.28571144,-0.92406189,0
2.5467484,-0.23244119,0.90768826,0.61299157,0.78654552,0.07474649,0
-2.7130268,0.5075736,-0.91951025,-0.74817264,0.54746199,0.37486342,0
-2.4731686,0.21019554,-2.2654467,-0.61299157,-0.78654552,-0.07474649,0
-1.22697,-0.45065296,-2.9618216,-0.25392637,0.28571144,-0.92406189,0
-0.3850174,-1.4160142,-1.1642365,-0.61299157,-0.78654552,-0.07474649,0
-2.2927489,-0.1637938,0.78719509,-0.74817264,0.54746199,0.37486342,0
-0.8301158,-1.1478121,-1.6350275,-0.61299157,-0.78654552,-0.07474649,0
-1.0181065,-0.89699781,-0.99295127,-0.61299157,-0.78654552,-0.07474649,0
1.6077018,0.77377462,-1.2786332,0.61299157,0.78654552,0.07474649,0
-0.071727037,-0.86822617,-3.5983095,-0.25392637,0.28571144,-0.92406189,0
-1.1651204,-0.29697168,3.4798689,-0.74817264,0.54746199,0.37486342,0
-2.4029129,0.096917152,-0.65988511,-0.61299157,-0.78654552,-0.07474649,0
-0.51457584,0.86569315,-2.8481452,-0.25392637,0.28571144,-0.92406189,0
0.2711966,-0.40025049,-3.5195289,-0.25392637,0.28571144,-0.92406189,0
1.0507437,-0.55438936,-2.3241839,0.74817264,-0.54746199,-0.37486342,0
-1.1236496,2.4241009,-0.33762079,-0.74817264,0.54746199,0.37486342,0
-0.096851707,2.0762329,-2.6300297,-0.25392637,0.28571144,-0.92406189,0
2.1246462,-1.2003055,0.54300201,0.74817264,-0.54746199,-0.37486342,0
-0.38387847,-1.6613104,0.14179468,-0.61299157,-0.78654552,-0.07474649,0
-1.6211436,1.2511171,0.40433779,-0.74817264,0.54746199,0.37486342,0
0.79504323,-2.2469339,-0.39515942,0.74817264,-0.54746199,-0.37486342,0
2.3623447,-0.93651807,0.89362061,0.74817264,-0.54746199,-0.37486342,0
1.5504274,-2.6189003,1.9537064,0.25392637,-0.28571144,0.92406189,0
1.9008989,-2.0374198,2.0416591,0.25392637,-0.28571144,0.92406189,0
-2.5872784,1.1328776,-2.0818684,-0.25392637,0.28571144,-0.92406189,0
2.9687304,-0.76851559,1.5875943,0.74817264,-0.54746199,-0.37486342,0
0.5281291,-1.7390717,2.6655545,0.25392637,-0.28571144,0.92406189,0
2.3895082,-0.30910134,2.3986902,0.61299157,0.78654552,0.07474649,0
0.34178576,0.74686837,-3.0531175,-0.25392637,0.28571144,-0.92406189,0
-0.58226055,-0.56950235,3.2147102,0.25392637,-0.28571144,0.92406189,0
-1.9487492,0.61631393,0.45997635,-0.74817264,0.54746199,0.37486342,0
-1.3878691,0.99156874,1.21329,-0.74817264,0.54746199,0.37486342,0
-1.725563,-0.20740151,-2.7283723,-0.61299157,-0.78654552,-0.07474649,0
0.32343149,-1.734233,-2.2753119,0.74817264,-0.54746199,-0.37486342,0
-1.2591615,2.7170904,-1.0075599,-0.74817264,0.54746199,0.37486342,0
-1.7361234,-0.61334348,2.8499382,-0.74817264,0.54746199,0.37486342,0
-0.27026689,-1.6262,-1.6910245,-0.61299157,-0.78654552,-0.07474649,0
1.7813349,-1.3199919,-0.040311158,0.74817264,-0.54746199,-0.37486342,0
1.6312411,-2.197247,2.0287108,0.25392637,-0.28571144,0.92406189,0
-1.1820713,-0.69991863,-2.1154332,-0.61299157,-0.78654552,-0.07474649,0
-0.26436126,-1.6271552,0.53296345,-0.61299157,-0.78654552,-0.07474649,0
-0.51167417,2.5289137,-1.530089,0.61299157,0.78654552,0.07474649,0
1.2457496,-1.0964861,2.5907979,0.25392637,-0.28571144,0.92406189,0
-1.4746993,0.73389268,-2.7062061,-0.25392637,0.28571144,-0.92406189,0
-1.7397311,-0.61263132,0.2076613,-0.61299157,-0.78654552,-0.07474649,0
0.15755224,-0.81896681,-3.6381993,0.74817264,-0.54746199,-0.37486342,0
1.1483221,0.77691972,1.9529573,0.61299157,0.78654552,0.07474649,0
-0.25816751,0.31318527,3.4909692,0.25392637,-0.28571144,0.92406189,0
-0.4441101,0.62665004,-2.9278698,-0.25392637,0.28571144,-0.92406189,0
1.8807261,0.57459402,-1.7231874,0.61299157,0.78654552,0.07474649,0
1.0948918,-2.2053287,0.25980192,0.74817264,-0.54746199,-0.37486342,0
-0.70022368,0.37991476,3.4867001,-0.74817264,0.54746199,0.37486342,0
2.2547686,-0.62234223,-0.14910695,0.74817264,-0.54746199,-0.37486342,0
-0.94737589,0.7663371,2.2841706,-0.74817264,0.54746199,0.37486342,0
-1.7465892,-0.48171878,0.57398546,-0.61299157,-0.78654552,-0.07474649,0
-1.0754454,2.8610704,-2.0253968,-0.25392637,0.28571144,-0.92406189,0
-2.1548374,1.4365633,-1.1968669,-0.74817264,0.54746199,0.37486342,0
2.7170439,-0.16024613,0.53958046,0.61299157,0.78654552,0.07474649,0
-0.34944558,1.85369,2.0371213,-0.74817264,0.54746199,0.37486342,0
1.4015936,0.71547043,0.76356143,0.61299157,0.78654552,0.07474649,0
1.0434561,-1.7406862,-0.50309396,0.74817264,-0.54746199,-0.37486342,0
-1.5359566,-0.32979417,2.8762009,-0.74817264,0.54746199,0.37486342,0
2.5809121,-1.1770096,2.1353989,0.25392637,-0.28571144,0.92406189,0
-1.1080413,-0.88893676,-0.79847413,-0.61299157,-0.78654552,-0.07474649,0
-0.83225107,-0.97631168,-1.8309612,-0.61299157,-0.78654552,-0.07474649,0
-0.81828094,-0.052046418,3.3820803,0.25392637,-0.28571144,0.92406189,0
1.8527305,0.22685862,2.7256663,0.25392637,-0.28571144,0.92406189,0
0.23246205,1.4374317,-2.8177986,-0.25392637,0.28571144,-0.92406189,0
0.89364433,-0.68950295,-2.3399141,0.74817264,-0.54746199,-0.37486342,0
1.2446212,-2.1900456,2.3003089,0.25392637,-0.28571144,0.92406189,0
-0.99117625,0.58404803,2.4087143,-0.74817264,0.54746199,0.37486342,0
-2.9661896,0.52560139,-1.8653146,-0.61299157,-0.78654552,-0.07474649,0
-1.6609554,0.90461946,-2.4025362,-0.25392637,0.28571144,-0.92406189,0
-1.2844357,1.2781363,1.0183902,-0.74817264,0.54746199,0.37486342,0
1.8071332,0.61470938,-2.3699431,0.61299157,0.78654552,0.07474649,0
0.71354288,0.18050265,3.0594068,0.25392637,-0.28571144,0.92406189,0
1.308322,-0.40477335,2.8607256,0.25392637,-0.28571144,0.92406189,0
1.6175849,-1.6257415,0.051430523,0.74817264,-0.54746199,-0.37486342,0
-1.3934048,-1.1267216,2.9749269,-0.61299157,-0.78654552,-0.07474649,0
-0.13271236,2.0756531,-0.91263765,0.61299157,0.78654552,0.07474649,0
-0.61487603,0.88202119,2.9371729,-0.74817264,0.54746199,0.37486342,0
0.47683597,-1.9192479,-1.7200899,0.74817264,-0.54746199,-0.37486342,0
-2.1217337,0.17860508,-2.6483655,-0.25392637,0.28571144,-0.92406189,0
-2.5614095,0.77835631,-0.99153775,-0.74817264,0.54746199,0.37486342,0
1.8983439,0.60157394,-0.50137442,0.61299157,0.78654552,0.07474649,0
-1.2393682,-0.80098891,-0.7935366,-0.61299157,-0.78654552,-0.07474649,0
2.1924353,-0.61985183,2.420296,0.25392637,-0.28571144,0.92406189,0
-0.38334167,2.3931196,-2.3454008,-0.25392637,0.28571144,-0.92406189,0
-2.1787071,0.027021646,1.1850126,-0.74817264,0.54746199,0.37486342,0
-2.4607563,0.030083179,-0.92852312,-0.61299157,-0.78654552,-0.07474649,0
-1.5960877,-0.91986537,1.9236461,-0.61299157,-0.78654552,-0.07474649,0
1.0208628,-1.0864602,-1.9750613,0.74817264,-0.54746199,-0.37486342,0
0.010398507,0.4090327,-3.0186751,-0.25392637,0.28571144,-0.92406189,0
-1.4530026,-0.11043441,-2.9501226,-0.25392637,0.28571144,-0.92406189,0
2.7139752,-0.67927146,2.3653717,0.25392637,-0.28571144,0.92406189,0
-0.9975484,-1.1895696,1.1331042,-0.61299157,-0.78654552,-0.07474649,0
1.0746971,1.1174477,-3.1177735,-0.25392637,0.28571144,-0.92406189,0
0.24488115,1.7855489,-1.769038,0.61299157,0.78654552,0.07474649,0
2.1060872,0.31303263,-1.5597346,0.74817264,-0.54746199,-0.37486342,0
-1.097767,0.32947356,2.8292582,-0.74817264,0.54746199,0.37486342,0
0.11638165,1.6348343,2.9342463,0.61299157,0.78654552,0.07474649,0
0.049204111,0.71172601,-3.0332692,-0.25392637,0.28571144,-0.92406189,0
0.18530202,1.1743084,3.6547964,0.25392637,-0.28571144,0.92406189,0
-0.34229064,0.76345176,3.3239644,-0.74817264,0.54746199,0.37486342,0
-0.46934789,1.6005119,-2.5386431,-0.25392637,0.28571144,-0.92406189,0
2.8959174,-0.46802402,1.5877964,0.61299157,0.78654552,0.07474649,0
-1.249809,2.277487,-0.52946985,-0.74817264,0.54746199,0.37486342,0
-2.7118607,0.53135395,-2.3222861,-0.25392637,0.28571144,-0.92406189,0
-1.2073801,0.34347516,2.6386201,-0.74817264,0.54746199,0.37486342,0
-1.4337173,-0.5690459,-1.6343639,-0.61299157,-0.78654552,-0.07474649,0
1.5069269,-1.6981682,2.4108362,0.25392637,-0.28571144,0.92406189,0
0.92504203,0.82253265,-3.2927017,-0.25392637,0.28571144,-0.92406189,0
1.016989,-0.47212154,-2.443547,0.74817264,-0.54746199,-0.37486342,0
-0.60683542,0.58031988,-2.9574654,-0.25392637,0.28571144,-0.92406189,0
-0.92603493,-0.64691234,3.4090288,0.25392637,-0.28571144,0.92406189,0
1.3893973,-0.12177837,2.7761693,0.25392637,-0.28571144,0.92406189,0
-1.0796382,1.5220165,-2.3911228,-0.25392637,0.28571144,-0.92406189,0
1.1828165,-0.68584788,2.7889042,0.25392637,-0.28571144,0.92406189,0
0.15919161,1.7649434,-0.79075384,0.61299157,0.78654552,0.07474649,0
0.22580886,1.5758052,0.73110062,0.61299157,0.78654552,0.07474649,0
-1.0707946,0.47869265,2.5650773,-0.74817264,0.54746199,0.37486342,0
2.4482398,0.0134058,-0.095702678,0.61299157,0.78654552,0.07474649,0
1.5726755,-1.6602252,2.3729155,0.25392637,-0.28571144,0.92406189,0
-2.3639226,-0.075698376,0.41883367,-0.61299157,-0.78654552,-0.07474649,0
-1.3330963,2.8935277,-1.3356375,-0.74817264,0.54746199,0.37486342,0
-1.7408596,1.8229604,-2.2644906,-0.25392637,0.28571144,-0.92406189,0
1.3175966,-0.49530804,-1.9577556,0.74817264,-0.54746199,-0.37486342,0
0.61157417,1.1721464,2.995892,0.61299157,0.78654552,0.07474649,0
-1.1500175,-1.3175672,3.1100731,-0.61299157,-0.78654552,-0.07474649,0
-1.7633679,1.7579081,-2.1317308,-0.25392637,0.28571144,-0.92406189,0
2.8762383,-0.3902688,0.9068197,0.74817264,-0.54746199,-0.37486342,0
0.79605484,-2.561445,0.22568065,-0.61299157,-0.78654552,-0.07474649,0
0.53339732,1.021312,-3.0571353,-0.25392637,0.28571144,-0.92406189,0
0.51224983,-0.30446982,3.1110108,0.25392637,-0.28571144,0.92406189,0
2.5155873,-0.1248033,1.6021929,0.61299157,0.78654552,0.07474649,0
1.6508441,-2.1569138,2.1761909,0.25392637,-0.28571144,0.92406189,0
0.038084269,-0.70734662,-3.5223188,-0.25392637,0.28571144,-0.92406189,0
-1.0147438,1.0135633,-2.7475746,-0.25392637,0.28571144,-0.92406189,0
1.4463391,-1.9699838,0.5106619,0.74817264,-0.54746199,-0.37486342,0
2.0471473,-0.44939971,2.5029619,0.25392637,-0.28571144,0.92406189,0
-0.68768406,2.4431033,0.55207205,-0.74817264,0.54746199,0.37486342,0
0.78161526,-0.31956834,-3.4354911,0.74817264,-0.54746199,-0.37486342,0
-0.57744169,2.0626845,0.94731557,-0.74817264,0.54746199,0.37486342,0
-1.8400488,2.1312795,-2.0435646,-0.25392637,0.28571144,-0.92406189,0
0.73878646,-2.6213462,2.2699809,0.25392637,-0.28571144,0.92406189,0
-1.9606012,1.0317357,-2.3254535,-0.25392637,0.28571144,-0.92406189,0
1.9375798,0.20295978,-1.7098094,0.74817264,-0.54746199,-0.37486342,0
0.35197008,1.2133049,3.093996,0.61299157,0.78654552,0.07474649,0
2.3183942,-0.27619791,-0.52837896,0.74817264,-0.54746199,-0.37486342,0
0.038370013,0.27377453,3.4237492,0.25392637,-0.28571144,0.92406189,0
2.6997528,-0.32961965,0.79098493,0.61299157,0.78654552,0.07474649,0
-0.48044813,-1.5740159,-0.70776588,-0.61299157,-0.78654552,-0.07474649,0
-0.62101543,-1.5441099,1.111694,-0.61299157,-0.78654552,-0.07474649,0
2.5242105,-1.2081959,1.2787725,0.74817264,-0.54746199,-0.37486342,0
2.4534187,-0.58404112,0.45976865,0.74817264,-0.54746199,-0.37486342,0
-0.054877877,-1.7864597,-0.34616873,-0.61299157,-0.78654552,-0.07474649,0
2.2671981,-0.55495739,-0.21983793,0.74817264,-0.54746199,-0.37486342,0
2.3963273,-1.7516574,2.058677,0.74817264,-0.54746199,-0.37486342,0
2.9607875,-0.42778778,1.1890479,0.61299157,0.78654552,0.07474649,0
0.84906793,1.4677979,-1.0505297,0.61299157,0.78654552,0.07474649,0
-1.3801287,-0.8871609,-0.47951451,-0.61299157,-0.78654552,-0.07474649,0
-1.7312725,-0.028158069,-2.8252854,-0.25392637,0.28571144,-0.92406189,0
1.8577294,-1.4814843,0.33086967,0.74817264,-0.54746199,-0.37486342,0
-1.277386,-0.71935165,-2.2444711,-0.61299157,-0.78654552,-0.07474649,0
1.7802651,-1.7736177,0.55646938,0.74817264,-0.54746199,-0.37486342,0
