-2.223757,-1.5603673,-2.8679283,-0.97285277,0.024263501,0.23014921,0
-0.48158038,1.6862633,-1.1135321,-0.14442194,0.71342057,-0.68569177,0
1.4035857,1.357765,-0.55392718,0.97285277,-0.024263501,-0.23014921,0
-0.32867205,-2.9257424,-1.9227049,-0.18083054,-0.70031577,-0.69054902,0
-1.3757533,0.34434712,0.29793847,-0.97285277,0.024263501,0.23014921,0
-0.90471685,0.68773419,2.9982338,-0.97285277,0.024263501,0.23014921,0
-0.0061533451,-0.12876393,2.7578084,0.14442194,-0.71342057,0.68569177,0
-0.41039848,-2.477268,-2.5605555,-0.18083054,-0.70031577,-0.69054902,0
-0.71823001,0.13387233,3.2122648,0.14442194,-0.71342057,0.68569177,0
-1.4909976,-1.8026512,0.58410525,-0.97285277,0.024263501,0.23014921,0
-0.24253464,0.25174329,-2.6518874,-0.14442194,0.71342057,-0.68569177,0
-0.38634205,1.1003965,3.9097874,0.18083054,0.70031577,0.69054902,0
-1.6852547,1.1286604,-0.82498121,-0.97285277,0.024263501,0.23014921,0
0.74953389,-2.2111778,-2.7179143,0.97285277,-0.024263501,-0.23014921,0
0.030941486,-1.7548988,-3.1629674,-0.18083054,-0.70031577,-0.69054902,0
-0.37829244,-2.1111255,0.8668254,0.14442194,-0.71342057,0.68569177,0
-1.5595143,-0.18202186,0.17846727,-0.97285277,0.024263501,0.23014921,0
-1.0329111,2.8022642,1.5082004,-0.97285277,0.024263501,0.23014921,0
1.7283266,-0.27083671,2.2571156,0.14442194,-0.71342057,0.68569177,0
-0.79374313,2.2754869,2.8653188,0.18083054,0.70031577,0.69054902,0
-0.48844129,3.7019935,1.5170379,0.18083054,0.70031577,0.69054902,0
-0.78673369,-2.6964967,0.23918068,0.14442194,-0.71342057,0.68569177,0
-1.8768246,-1.1555009,-0.97547984,-0.97285277,0.024263501,0.23014921,0
0.65042359,3.0801654,1.7167771,0.18083054,0.70031577,0.69054902,0
-0.44322133,2.1543577,2.9992762,0.18083054,0.70031577,0.69054902,0
1.7882593,-0.50438416,0.86208075,0.97285277,-0.024263501,-0.23014921,0
0.85975718,-3.2067931,-0.52740026,0.14442194,-0.71342057,0.68569177,0
1.1774889,-1.8950765,-1.0497983,0.97285277,-0.024263501,-0.23014921,0
-1.7161555,0.21100569,-0.86761785,-0.97285277,0.024263501,0.23014921,0
-1.2230512,1.9707534,0.72586751,-0.97285277,0.024263501,0.23014921,0
1.6085277,1.1103277,3.5136058,0.18083054,0.70031577,0.69054902,0
0.0040042922,3.1590726,1.7625096,0.18083054,0.70031577,0.69054902,0
2.0402734,1.0977998,2.2227108,0.97285277,-0.024263501,-0.23014921,0
-1.2078671,3.3399453,1.4149573,-0.97285277,0.024263501,0.23014921,0
-1.196617,-1.3126899,1.945356,0.14442194,-0.71342057,0.68569177,0
0.56279135,-1.3104594,1.4875852,0.14442194,-0.71342057,0.68569177,0
1.7080591,-1.2526929,0.83527827,0.97285277,-0.024263501,-0.23014921,0
-1.0413425,-2.7798793,0.33381665,0.14442194,-0.71342057,0.68569177,0
0.31121445,-0.46729571,-3.4782896,-0.14442194,0.71342057,-0.68569177,0
-0.87085962,-0.75141549,-3.5684428,-0.14442194,0.71342057,-0.68569177,0
1.1066601,1.2847433,3.5883701,0.18083054,0.70031577,0.69054902,0
-0.94749027,0.78075778,2.4723382,-0.97285277,0.024263501,0.23014921,0
1.7025681,2.4319632,2.1812384,0.18083054,0.70031577,0.69054902,0
-0.2719512,-0.13891222,2.6964869,0.14442194,-0.71342057,0.68569177,0
-1.6965516,1.3419285,-0.89819372,-0.97285277,0.024263501,0.23014921,0
-1.1130444,2.7558744,1.65821,-0.97285277,0.024263501,0.23014921,0
1.0963581,-0.50206947,-1.8266543,0.97285277,-0.024263501,-0.23014921,0
1.1292067,0.012442946,-2.1188986,0.97285277,-0.024263501,-0.23014921,0
-1.6900719,1.0099403,-1.3646685,-0.14442194,0.71342057,-0.68569177,0
1.7877131,-0.24294841,2.2791152,0.14442194,-0.71342057,0.68569177,0
-1.7822251,-0.11281371,-0.67080069,-0.97285277,0.024263501,0.23014921,0
0.88206607,3.0891805,1.8145833,0.18083054,0.70031577,0.69054902,0
-2.3505986,-0.98401904,-3.0985434,-0.97285277,0.024263501,0.23014921,0
-2.1689816,-0.57857609,-3.0119586,-0.97285277,0.024263501,0.23014921,0
-1.4902533,-2.7168431,0.47760427,-0.97285277,0.024263501,0.23014921,0
-1.0676956,3.0613232,0.44338679,-0.14442194,0.71342057,-0.68569177,0
1.9131229,3.3481727,1.1849778,0.18083054,0.70031577,0.69054902,0
0.86591983,-0.92694259,1.8215449,0.14442194,-0.71342057,0.68569177,0
-1.6360319,-0.91522485,0.090586603,-0.97285277,0.024263501,0.23014921,0
1.5545565,-1.9019898,0.51148391,0.97285277,-0.024263501,-0.23014921,0
0.02376461,-0.1133661,2.8063605,0.14442194,-0.71342057,0.68569177,0
1.4660741,2.6436181,2.0192864,0.18083054,0.70031577,0.69054902,0
-1.5995677,-3.3190479,-1.2659354,-0.18083054,-0.70031577,-0.69054902,0
0.50385904,-3.1102219,-0.52721643,0.14442194,-0.71342057,0.68569177,0
0.82622278,-1.1239793,-2.9394374,0.97285277,-0.024263501,-0.23014921,0
1.4198291,1.5542932,-0.47849935,0.97285277,-0.024263501,-0.23014921,0
-1.5784085,-3.13904,-0.060857534,-0.97285277,0.024263501,0.23014921,0
0.76214433,-0.31243372,-3.3198519,0.97285277,-0.024263501,-0.23014921,0
-2.1063318,-1.566896,-3.0343437,-0.18083054,-0.70031577,-0.69054902,0
1.2790518,1.3746587,3.425987,0.18083054,0.70031577,0.69054902,0
-0.64155573,2.1129141,3.157052,0.18083054,0.70031577,0.69054902,0
0.24084401,1.5696154,3.535414,0.18083054,0.70031577,0.69054902,0
-1.1286075,3.435483,1.2861779,-0.97285277,0.024263501,0.23014921,0
1.1995645,-0.99216557,1.6977921,0.14442194,-0.71342057,0.68569177,0
-1.1072177,2.0679703,1.7482204,-0.97285277,0.024263501,0.23014921,0
-0.81539786,-2.4188733,0.71229589,0.14442194,-0.71342057,0.68569177,0
1.278879,-2.3277631,0.19471824,0.14442194,-0.71342057,0.68569177,0
0.98433876,-2.4498014,-1.8443201,0.97285277,-0.024263501,-0.23014921,0
0.0048681498,2.2329392,2.6593189,0.18083054,0.70031577,0.69054902,0
0.60193944,0.97356409,-2.1717708,-0.14442194,0.71342057,-0.68569177,0
1.2051394,0.35770696,2.8902073,0.14442194,-0.71342057,0.68569177,0
-0.89480615,-1.1938218,-3.7097518,-0.18083054,-0.70031577,-0.69054902,0
1.9871265,1.0616819,2.2024639,0.97285277,-0.024263501,-0.23014921,0
-0.5261699,-2.6678407,0.15646291,0.14442194,-0.71342057,0.68569177,0
-1.4177092,2.2087736,-0.099706769,-0.97285277,0.024263501,0.23014921,0
-0.19379951,-3.1297765,-1.7824712,-0.18083054,-0.70031577,-0.69054902,0
-0.14035314,3.1212177,1.8415911,0.18083054,0.70031577,0.69054902,0
-1.1725756,3.4674847,0.94063616,-0.14442194,0.71342057,-0.68569177,0
0.43926099,2.8925121,1.9896319,0.18083054,0.70031577,0.69054902,0
-0.26618469,-3.0398741,-1.9222696,-0.18083054,-0.70031577,-0.69054902,0
1.7077663,1.3190737,3.4202261,0.18083054,0.70031577,0.69054902,0
0.018098474,-2.1350863,-2.9577394,-0.18083054,-0.70031577,-0.69054902,0
1.1439631,2.5255105,2.117269,0.18083054,0.70031577,0.69054902,0
1.3955407,-1.4200197,1.2868843,0.14442194,-0.71342057,0.68569177,0
-0.038639128,2.4275908,2.4820483,0.18083054,0.70031577,0.69054902,0
2.1441784,1.5014536,2.6601944,0.97285277,-0.024263501,-0.23014921,0
1.9532796,1.1259229,1.2479776,0.97285277,-0.024263501,-0.23014921,0
-1.5180867,-0.82532376,-3.5081,-0.14442194,0.71342057,-0.68569177,0
-0.92183256,-3.0894632,-0.23703051,0.14442194,-0.71342057,0.68569177,0
0.71201885,-0.69812876,-3.0735142,0.97285277,-0.024263501,-0.23014921,0
0.5307579,-3.8112943,-1.0584536,0.14442194,-0.71342057,0.68569177,0
0.64018208,3.3814602,1.4647038,0.18083054,0.70031577,0.69054902,0
-1.9060953,-0.0044529438,-2.4663534,-0.14442194,0.71342057,-0.68569177,0
-1.4562469,0.17077434,-2.3364415,-0.14442194,0.71342057,-0.68569177,0
0.8380453,-3.606215,-1.4908319,-0.18083054,-0.70031577,-0.69054902,0
-1.7517385,-1.8947107,-0.70271635,-0.97285277,0.024263501,0.23014921,0
-1.55775,-0.44548881,-3.1493061,-0.14442194,0.71342057,-0.68569177,0
2.0471327,2.2548444,1.554276,0.97285277,-0.024263501,-0.23014921,0
-0.60454893,1.6755786,3.6126068,0.18083054,0.70031577,0.69054902,0
0.99799222,2.3793464,-0.61904597,-0.14442194,0.71342057,-0.68569177,0
1.0410693,-2.6393046,-1.7272136,0.97285277,-0.024263501,-0.23014921,0
0.3560617,-2.4413528,0.37897384,0.14442194,-0.71342057,0.68569177,0
0.70517647,1.4781792,-1.4687421,-0.14442194,0.71342057,-0.68569177,0
1.1955216,-0.2680099,-1.0199971,0.97285277,-0.024263501,-0.23014921,0
0.43024874,-2.457772,-2.5565088,-0.18083054,-0.70031577,-0.69054902,0
-0.74988449,2.1077118,-0.44029832,-0.14442194,0.71342057,-0.68569177,0
-0.1430302,3.2986207,1.6822801,0.18083054,0.70031577,0.69054902,0
-0.3812269,-1.7481182,1.1583993,0.14442194,-0.71342057,0.68569177,0
1.900232,2.4076219,0.99698758,0.97285277,-0.024263501,-0.23014921,0
-0.0077058077,-3.554538,-1.4585676,-0.18083054,-0.70031577,-0.69054902,0
1.2251357,-2.685813,-0.19701552,0.14442194,-0.71342057,0.68569177,0
0.76483989,0.7213701,3.4317679,0.14442194,-0.71342057,0.68569177,0
0.28615847,3.1432707,1.9431229,0.18083054,0.70031577,0.69054902,0
0.18292747,-3.146183,-1.9308753,-0.18083054,-0.70031577,-0.69054902,0
-1.486302,-1.3062752,0.29375505,-0.97285277,0.024263501,0.23014921,0
1.3403176,2.4979684,-0.67433298,-0.14442194,0.71342057,-0.68569177,0
0.35650396,-3.6720798,-1.403419,-0.18083054,-0.70031577,-0.69054902,0
-0.18187821,3.3383906,0.54807258,-0.14442194,0.71342057,-0.68569177,0
-1.3746032,-2.021816,0.64188468,-0.97285277,0.024263501,0.23014921,0
1.1260431,3.0409687,1.7424505,0.18083054,0.70031577,0.69054902,0
-0.91516554,0.1734466,2.2420015,-0.97285277,0.024263501,0.23014921,0
1.5574138,3.6023283,0.5826478,-0.14442194,0.71342057,-0.68569177,0
0.041840792,-0.20298582,2.6302912,0.14442194,-0.71342057,0.68569177,0
0.17709327,-2.9098425,-0.24367261,0.14442194,-0.71342057,0.68569177,0
-0.11638844,3.6743712,1.3642654,0.18083054,0.70031577,0.69054902,0
1.3315668,2.3114281,2.326719,0.18083054,0.70031577,0.69054902,0
-1.3665104,0.79752231,-1.8196523,-0.14442194,0.71342057,-0.68569177,0
-1.639945,-3.7167869,-0.66412234,0.14442194,-0.71342057,0.68569177,0
0.91009521,1.1348341,-1.8498168,-0.14442194,0.71342057,-0.68569177,0
-0.34991974,-3.7885711,-1.0005538,-0.18083054,-0.70031577,-0.69054902,0
-0.4588263,-2.8078756,-2.0122175,-0.18083054,-0.70031577,-0.69054902,0
-0.23779857,1.9593023,-0.89693487,-0.14442194,0.71342057,-0.68569177,0
0.30467033,-2.4368262,-2.707082,-0.18083054,-0.70031577,-0.69054902,0
1.4246193,0.40297985,-0.87337875,0.97285277,-0.024263501,-0.23014921,0
-1.3394502,-1.6462182,-2.9946094,-0.18083054,-0.70031577,-0.69054902,0
-0.28185451,-2.0607285,-2.9464405,-0.18083054,-0.70031577,-0.69054902,0
-1.3759429,-3.3296287,-1.2510598,-0.18083054,-0.70031577,-0.69054902,0
-1.0220571,0.19249487,-2.5650215,-0.14442194,0.71342057,-0.68569177,0
-1.2880386,-1.8627071,0.93903619,-0.97285277,0.024263501,0.23014921,0
1.8460238,0.5992862,1.4468856,0.97285277,-0.024263501,-0.23014921,0
-1.5030379,-0.30074883,-2.8747213,-0.14442194,0.71342057,-0.68569177,0
-0.88926607,1.5564656,2.6518204,-0.97285277,0.024263501,0.23014921,0
-1.2832413,0.0068731308,1.5033991,-0.97285277,0.024263501,0.23014921,0
-1.5687296,-2.7571218,-1.7303457,-0.18083054,-0.70031577,-0.69054902,0
-1.1112258,0.16293848,1.6657823,-0.97285277,0.024263501,0.23014921,0
-0.50727803,-2.931443,-0.035968542,0.14442194,-0.71342057,0.68569177,0
-0.025363445,-0.4257164,-3.3770707,-0.14442194,0.71342057,-0.68569177,0
-0.54396224,-2.107342,0.97899604,0.14442194,-0.71342057,0.68569177,0
0.3233726,3.890729,1.1165662,-0.14442194,0.71342057,-0.68569177,0
1.6058311,0.10970509,-0.15753973,0.97285277,-0.024263501,-0.23014921,0
1.3512919,0.54350823,-0.60610557,0.97285277,-0.024263501,-0.23014921,0
-2.1515975,-1.615247,-2.1827009,-0.97285277,0.024263501,0.23014921,0
1.9610593,0.57413089,3.119262,0.14442194,-0.71342057,0.68569177,0
2.3297217,1.0701315,3.4520638,0.18083054,0.70031577,0.69054902,0
-1.872797,-0.34181917,-1.2988414,-0.97285277,0.024263501,0.23014921,0
1.57805,1.2761562,-0.26851207,0.97285277,-0.024263501,-0.23014921,0
-0.99179357,1.233345,1.8088031,-0.97285277,0.024263501,0.23014921,0
1.4762337,1.5438755,-0.17581332,0.97285277,-0.024263501,-0.23014921,0
1.8567071,0.59232712,1.3776352,0.97285277,-0.024263501,-0.23014921,0
-1.2740257,-1.9910986,-2.7877526,-0.18083054,-0.70031577,-0.69054902,0
-0.56461996,-2.9662671,-1.8552914,-0.18083054,-0.70031577,-0.69054902,0
0.28750002,-3.2892604,-1.8641453,-0.18083054,-0.70031577,-0.69054902,0
0.18027312,3.8361607,1.0879178,0.18083054,0.70031577,0.69054902,0
0.97866988,-2.808392,-1.7374995,0.97285277,-0.024263501,-0.23014921,0
-1.1215302,-3.6031578,-0.68881059,0.14442194,-0.71342057,0.68569177,0
-0.073202133,-2.254652,0.72033316,0.14442194,-0.71342057,0.68569177,0
0.16978478,1.220806,-1.5636801,-0.14442194,0.71342057,-0.68569177,0
0.34385014,-0.14991221,2.7643447,0.14442194,-0.71342057,0.68569177,0
0.36145803,-2.6830616,-2.5720277,-0.18083054,-0.70031577,-0.69054902,0
-1.8290639,-1.5217352,-2.9340703,-0.18083054,-0.70031577,-0.69054902,0
1.4946265,-1.3069196,0.15945339,0.97285277,-0.024263501,-0.23014921,0
-0.058222532,1.2904065,-1.699772,-0.14442194,0.71342057,-0.68569177,0
-1.4070436,-2.4580193,-2.0640879,-0.18083054,-0.70031577,-0.69054902,0
1.4435112,0.5564447,-0.40190864,0.97285277,-0.024263501,-0.23014921,0
1.3549786,-0.19660664,-0.88395804,0.97285277,-0.024263501,-0.23014921,0
-0.87816489,-1.01147,2.0041177,0.14442194,-0.71342057,0.68569177,0
1.0422244,-0.36749709,2.4496884,0.14442194,-0.71342057,0.68569177,0
-1.111872,-1.5213798,-3.1231365,-0.18083054,-0.70031577,-0.69054902,0
-1.6624768,-1.4976165,-0.090978503,-0.97285277,0.024263501,0.23014921,0
1.408715,-2.1135261,0.080354929,0.97285277,-0.024263501,-0.23014921,0
-1.0497971,-0.58629489,1.9157429,-0.97285277,0.024263501,0.23014921,0
-1.0531917,0.55155969,2.1768785,-0.97285277,0.024263501,0.23014921,0
1.3350496,-1.9345957,-0.44709492,0.97285277,-0.024263501,-0.23014921,0
0.13697672,-0.22712122,2.6242893,0.14442194,-0.71342057,0.68569177,0
-0.31349224,-3.5541081,-1.3871102,-0.18083054,-0.70031577,-0.69054902,0
-1.1325593,-2.0384097,1.1528981,0.14442194,-0.71342057,0.68569177,0
0.64178538,-2.1776166,0.38684249,0.14442194,-0.71342057,0.68569177,0
1.8932334,1.8162733,1.4987447,0.97285277,-0.024263501,-0.23014921,0
1.4618894,-1.9584135,-0.33935857,0.97285277,-0.024263501,-0.23014921,0
0.044860244,-2.1626682,0.6061058,0.14442194,-0.71342057,0.68569177,0
0.24569798,-2.278018,0.40278733,0.14442194,-0.71342057,0.68569177,0
0.92326546,-2.64396,-2.1529155,0.97285277,-0.024263501,-0.23014921,0
-1.3647966,-1.6142387,0.83712524,-0.97285277,0.024263501,0.23014921,0
-0.55346274,1.1569047,3.8321967,-0.97285277,0.024263501,0.23014921,0
1.6176836,2.6081195,-0.046875,0.97285277,-0.024263501,-0.23014921,0
1.1544989,0.21775275,-1.7602701,0.97285277,-0.024263501,-0.23014921,0
-0.43515849,-1.5956011,-3.4566107,-0.18083054,-0.70031577,-0.69054902,0
2.0752213,2.2334695,2.1099653,0.97285277,-0.024263501,-0.23014921,0
0.70665777,-2.1967392,0.54337871,0.14442194,-0.71342057,0.68569177,0
-0.99134779,2.139715,-0.41094196,-0.14442194,0.71342057,-0.68569177,0
-1.5575348,-2.0056288,-0.0011003017,-0.97285277,0.024263501,0.23014921,0
-1.090543,1.3722081,2.1052585,-0.97285277,0.024263501,0.23014921,0
-1.4984951,-1.2459126,-3.4697316,-0.18083054,-0.70031577,-0.69054902,0
0.36121011,2.7356536,2.323354,0.18083054,0.70031577,0.69054902,0
1.1883218,2.5280771,-0.62225342,-0.14442194,0.71342057,-0.68569177,0
1.5577335,2.4815581,2.1466639,0.18083054,0.70031577,0.69054902,0
-0.122931,-0.52643168,-3.2978551,-0.14442194,0.71342057,-0.68569177,0
1.8757026,1.9902999,2.635355,0.18083054,0.70031577,0.69054902,0
1.0290198,-1.6399524,-2.06724,0.97285277,-0.024263501,-0.23014921,0
-1.7912748,0.64667583,-1.8929007,-0.14442194,0.71342057,-0.68569177,0
-1.4189579,0.77114749,0.82658827,-0.97285277,0.024263501,0.23014921,0
0.66439092,3.6213636,1.3285999,0.18083054,0.70031577,0.69054902,0
1.1726532,-1.4087038,1.2451442,0.14442194,-0.71342057,0.68569177,0
1.4219372,0.15759432,2.8016663,0.14442194,-0.71342057,0.68569177,0
1.263232,-1.8682479,-1.3521111,0.97285277,-0.024263501,-0.23014921,0
-0.32443881,0.11882877,3.2456841,0.14442194,-0.71342057,0.68569177,0
1.7294579,2.5836675,0.76936865,0.97285277,-0.024263501,-0.23014921,0
-2.0407817,-1.1552713,-1.5687678,-0.97285277,0.024263501,0.23014921,0
-0.74992263,-2.0833592,-2.7700882,-0.18083054,-0.70031577,-0.69054902,0
1.0569184,-2.7927918,-1.3312232,0.97285277,-0.024263501,-0.23014921,0
0.83018756,-1.8257892,-2.9936061,0.97285277,-0.024263501,-0.23014921,0
0.57033092,-2.2040858,-2.8871298,-0.18083054,-0.70031577,-0.69054902,0
0.301036,-2.3291202,-2.8860917,-0.18083054,-0.70031577,-0.69054902,0
-0.34141254,-1.2009709,1.6926676,0.14442194,-0.71342057,0.68569177,0
1.0266308,2.9635515,1.7316833,0.18083054,0.70031577,0.69054902,0
1.8013771,-0.6191144,1.3909805,0.97285277,-0.024263501,-0.23014921,0
-0.17896676,0.60968459,-2.3856182,-0.14442194,0.71342057,-0.68569177,0
1.5202088,1.9302614,-0.0077772141,0.97285277,-0.024263501,-0.23014921,0
0.26120043,0.19275667,3.1224635,0.14442194,-0.71342057,0.68569177,0
-0.68434221,3.8666115,1.2495446,-0.14442194,0.71342057,-0.68569177,0
-0.33718061,0.22869873,3.1941879,0.14442194,-0.71342057,0.68569177,0
-2.1153417,-1.0341442,-3.3879104,-0.18083054,-0.70031577,-0.69054902,0
-2.1016533,-0.96322501,-3.4232266,-0.14442194,0.71342057,-0.68569177,0
0.94710422,1.485245,-1.5322928,-0.14442194,0.71342057,-0.68569177,0
1.2428114,1.0599436,3.5640254,0.18083054,0.70031577,0.69054902,0
-2.256603,-1.5745571,-2.7275302,-0.97285277,0.024263501,0.23014921,0
-1.7388161,-3.2754273,-0.42795753,-0.97285277,0.024263501,0.23014921,0
0.924757,-2.3410444,-2.6314328,0.97285277,-0.024263501,-0.23014921,0
-0.51543856,1.087395,4.1768637,0.18083054,0.70031577,0.69054902,0
2.0643694,-0.22254562,2.0293369,0.97285277,-0.024263501,-0.23014921,0
-0.2578814,1.1725934,-1.5568104,-0.14442194,0.71342057,-0.68569177,0
0.79055583,-3.6603742,-0.92288756,0.14442194,-0.71342057,0.68569177,0
0.59174156,-0.36376041,-3.5320008,-0.14442194,0.71342057,-0.68569177,0
1.2462559,2.3969936,2.4400406,0.18083054,0.70031577,0.69054902,0
-0.89042991,1.9487785,2.2227166,-0.97285277,0.024263501,0.23014921,0
1.8062619,-0.47181153,1.3284571,0.97285277,-0.024263501,-0.23014921,0
-1.7002181,-1.1253296,-0.53586841,-0.97285277,0.024263501,0.23014921,0
0.7745772,-2.7743936,-2.485198,-0.18083054,-0.70031577,-0.69054902,0
-1.8932416,-3.2514911,-1.3563366,-0.18083054,-0.70031577,-0.69054902,0
-0.12879145,2.5371301,-0.21097708,-0.14442194,0.71342057,-0.68569177,0
-0.88039958,0.23455632,2.3736298,-0.97285277,0.024263501,0.23014921,0
0.67417133,3.6977353,0.8951292,-0.14442194,0.71342057,-0.68569177,0
-1.5784309,-0.48126626,-2.9787536,-0.14442194,0.71342057,-0.68569177,0
0.31242508,2.8616505,2.0524993,0.18083054,0.70031577,0.69054902,0
-0.86104703,3.7070801,1.0262845,-0.14442194,0.71342057,-0.68569177,0
-0.65615869,3.0174067,2.3073478,0.18083054,0.70031577,0.69054902,0
0.50322235,-2.4199965,0.19198477,0.14442194,-0.71342057,0.68569177,0
1.3059142,2.8598292,-0.14209318,-0.14442194,0.71342057,-0.68569177,0
1.7259052,3.2960808,1.1918435,0.18083054,0.70031577,0.69054902,0
-1.6482208,-2.9854136,-0.5221045,-0.97285277,0.024263501,0.23014921,0
1.4639935,3.6056123,0.52741718,-0.14442194,0.71342057,-0.68569177,0
0.65597844,-0.84497905,-3.8624163,-0.14442194,0.71342057,-0.68569177,0
-0.83659047,-2.2616196,0.76704037,0.14442194,-0.71342057,0.68569177,0
-0.65786624,-1.3949552,-3.3710744,-0.18083054,-0.70031577,-0.69054902,0
-1.1277571,-3.6489902,-0.98078871,-0.18083054,-0.70031577,-0.69054902,0
1.9704683,0.52098417,2.9687502,0.14442194,-0.71342057,0.68569177,0
-0.34792477,3.9239936,1.2917738,0.18083054,0.70031577,0.69054902,0
1.8055305,0.65349674,0.75480425,0.97285277,-0.024263501,-0.23014921,0
1.2642479,-0.28763795,-0.87458068,0.97285277,-0.024263501,-0.23014921,0
-1.1758132,-2.2091532,-2.6150122,-0.18083054,-0.70031577,-0.69054902,0
-1.8500316,-0.69728065,-1.1468267,-0.97285277,0.024263501,0.23014921,0
0.62970948,0.53419423,3.2298393,0.14442194,-0.71342057,0.68569177,0
0.34465611,-3.4656911,-1.6727962,-0.18083054,-0.70031577,-0.69054902,0
0.64138776,3.202323,0.24137974,-0.14442194,0.71342057,-0.68569177,0
-2.0046935,-0.87849534,-3.3153441,-0.14442194,0.71342057,-0.68569177,0
1.4848806,-0.67397666,-0.33685935,0.97285277,-0.024263501,-0.23014921,0
-0.25922275,-1.0891371,1.9796331,0.14442194,-0.71342057,0.68569177,0
-0.55980051,1.4615114,3.7113194,0.18083054,0.70031577,0.69054902,0
-1.2276436,1.3236895,1.5042346,-0.97285277,0.024263501,0.23014921,0
1.3912535,-2.6493063,-0.088164568,0.97285277,-0.024263501,-0.23014921,0
-1.0934575,-3.3453832,-1.5201705,-0.18083054,-0.70031577,-0.69054902,0
-0.24768192,3.5325286,1.5744214,0.18083054,0.70031577,0.69054902,0
-1.2576945,1.1588196,-1.5478238,-0.14442194,0.71342057,-0.68569177,0
1.7271005,-1.574761,0.59590077,0.97285277,-0.024263501,-0.23014921,0
1.3655787,-2.1145644,-0.30679393,0.97285277,-0.024263501,-0.23014921,0
0.34923244,0.63797438,3.6126835,0.14442194,-0.71342057,0.68569177,0
-0.89874482,-0.47514951,-3.1738222,-0.14442194,0.71342057,-0.68569177,0
-1.0748779,-3.6091037,-0.56409431,0.14442194,-0.71342057,0.68569177,0
-0.06793499,2.37568,-0.55590641,-0.14442194,0.71342057,-0.68569177,0
0.36392856,-0.65157986,2.2174683,0.14442194,-0.71342057,0.68569177,0
-1.3040113,-0.5478456,-3.1480589,-0.14442194,0.71342057,-0.68569177,0
-1.2961324,-2.3561833,-2.3925269,-0.18083054,-0.70031577,-0.69054902,0
-0.325881,-0.59247249,-3.5746226,-0.14442194,0.71342057,-0.68569177,0
1.4222221,-0.7453289,-0.24227506,0.97285277,-0.024263501,-0.23014921,0
1.5528628,2.4775329,0.035020828,0.97285277,-0.024263501,-0.23014921,0
-0.54257601,-3.7468178,-0.87580013,0.14442194,-0.71342057,0.68569177,0
2.2816889,0.95112455,3.3962951,0.18083054,0.70031577,0.69054902,0
1.7584931,-1.2822356,0.62191594,0.97285277,-0.024263501,-0.23014921,0
-1.149316,-3.062531,-0.11079788,0.14442194,-0.71342057,0.68569177,0
2.1012912,1.8350811,2.2537553,0.97285277,-0.024263501,-0.23014921,0
1.4107962,1.1370356,3.587121,0.18083054,0.70031577,0.69054902,0
-1.5244392,1.9003197,-0.10839939,-0.97285277,0.024263501,0.23014921,0
-0.2042706,-1.8360968,-3.1987066,-0.18083054,-0.70031577,-0.69054902,0
1.3460084,-2.4774292,-0.96421528,0.97285277,-0.024263501,-0.23014921,0
1.4612789,2.4801269,2.2563031,0.18083054,0.70031577,0.69054902,0
-1.3594991,-2.123044,-2.6521661,-0.18083054,-0.70031577,-0.69054902,0
1.0477879,-0.25807083,-2.1358392,0.97285277,-0.024263501,-0.23014921,0
-1.9041049,-2.8339794,-1.2008486,-0.97285277,0.024263501,0.23014921,0
2.2919593,1.1951073,2.8549595,0.97285277,-0.024263501,-0.23014921,0
-0.018008709,-1.4848142,1.4292949,0.14442194,-0.71342057,0.68569177,0
-1.0083542,-0.080506802,1.9620981,-0.97285277,0.024263501,0.23014921,0
1.2587359,3.2310104,0.23625183,-0.14442194,0.71342057,-0.68569177,0
0.95724261,-3.3142581,-1.9372854,-0.18083054,-0.70031577,-0.69054902,0
-0.18008888,-3.6596878,-1.2546151,-0.18083054,-0.70031577,-0.69054902,0
-1.774958,-0.61586654,-1.3377271,-0.97285277,0.024263501,0.23014921,0
0.76557684,0.7086097,3.3568857,0.14442194,-0.71342057,0.68569177,0
-0.032027245,-1.4048835,-3.5086408,-0.18083054,-0.70031577,-0.69054902,0
-0.17739907,2.9421654,2.2513328,0.18083054,0.70031577,0.69054902,0
2.0070577,1.4149206,1.5441339,0.97285277,-0.024263501,-0.23014921,0
-1.2545031,-3.825104,-0.69138026,0.14442194,-0.71342057,0.68569177,0
1.0199788,-1.29267,1.4759513,0.14442194,-0.71342057,0.68569177,0
-0.72536564,-1.091123,-3.8411701,-0.18083054,-0.70031577,-0.69054902,0
0.38445055,2.3838177,2.545645,0.18083054,0.70031577,0.69054902,0
-1.8539045,-3.4532883,-0.66397619,-0.97285277,0.024263501,0.23014921,0
0.74858743,-2.2073774,-2.8999183,-0.18083054,-0.70031577,-0.69054902,0
0.091593504,-0.026938945,-2.8345933,-0.14442194,0.71342057,-0.68569177,0
-1.5514021,1.1977532,-0.27253771,-0.97285277,0.024263501,0.23014921,0
-1.1543949,-2.5417256,-2.2993066,-0.18083054,-0.70031577,-0.69054902,0
0.44288445,-1.4126508,-3.6413774,-0.18083054,-0.70031577,-0.69054902,0
1.00188,0.21382481,-2.3473971,0.97285277,-0.024263501,-0.23014921,0
-0.84407532,0.88734227,3.1082602,-0.97285277,0.024263501,0.23014921,0
-0.19145894,-1.0750701,-3.8926868,-0.18083054,-0.70031577,-0.69054902,0
-0.87682533,-0.32313883,-3.0922132,-0.14442194,0.71342057,-0.68569177,0
1.3024772,2.3137822,-0.75995415,-0.14442194,0.71342057,-0.68569177,0
0.26640254,2.7178369,2.1082978,0.18083054,0.70031577,0.69054902,0
-1.4887924,-3.5379348,-1.0403128,-0.18083054,-0.70031577,-0.69054902,0
0.85865998,-0.54438269,2.1942527,0.14442194,-0.71342057,0.68569177,0
0.46429729,0.61448842,3.4134212,0.14442194,-0.71342057,0.68569177,0
-0.49683243,-3.6057768,-0.71249008,0.14442194,-0.71342057,0.68569177,0
-0.65654111,-2.9146209,-2.0236349,-0.18083054,-0.70031577,-0.69054902,0
-1.5737298,-0.40551615,-2.9935312,-0.14442194,0.71342057,-0.68569177,0
1.0802984,0.24535549,3.0637817,0.14442194,-0.71342057,0.68569177,0
1.1510665,0.36310631,-1.6402273,0.97285277,-0.024263501,-0.23014921,0
0.47725463,-2.2730978,-2.9613466,-0.18083054,-0.70031577,-0.69054902,0
1.6571271,3.1293015,0.29246759,0.97285277,-0.024263501,-0.23014921,0
-2.1408458,-1.3524877,-2.0713315,-0.97285277,0.024263501,0.23014921,0
-0.022202075,3.6391847,1.4174457,0.18083054,0.70031577,0.69054902,0
-1.1687591,2.282949,1.2853556,-0.97285277,0.024263501,0.23014921,0
-1.0569971,1.2759163,2.2445517,-0.97285277,0.024263501,0.23014921,0
-1.1119978,2.2323067,1.3700252,-0.97285277,0.024263501,0.23014921,0
0.28004229,2.884469,0.13984609,-0.14442194,0.71342057,-0.68569177,0
0.67304277,-0.15979695,2.6663322,0.14442194,-0.71342057,0.68569177,0
2.106648,2.3639185,2.1049383,0.18083054,0.70031577,0.69054902,0
0.58443892,-2.6670756,-2.3844309,-0.18083054,-0.70031577,-0.69054902,0
-0.70439887,0.16115445,-2.4627864,-0.14442194,0.71342057,-0.68569177,0
2.1342254,1.4393088,2.4828205,0.97285277,-0.024263501,-0.23014921,0
-0.80105096,-3.0699561,-0.052839756,0.14442194,-0.71342057,0.68569177,0
-0.32475114,1.7344698,3.300889,0.18083054,0.70031577,0.69054902,0
-1.1905625,1.5687232,1.5451591,-0.97285277,0.024263501,0.23014921,0
-1.3451626,-2.814528,0.18170357,0.14442194,-0.71342057,0.68569177,0
-0.78012735,2.9516277,2.3076353,0.18083054,0.70031577,0.69054902,0
-1.5896049,-0.83206379,-0.35527968,-0.97285277,0.024263501,0.23014921,0
-0.10571969,-1.386153,1.5369197,0.14442194,-0.71342057,0.68569177,0
-0.47738975,3.8357861,1.3267016,0.18083054,0.70031577,0.69054902,0
-1.5232557,1.3529235,-1.1884995,-0.14442194,0.71342057,-0.68569177,0
0.26580667,1.4681658,3.4488423,0.18083054,0.70031577,0.69054902,0
-0.66497266,2.9432356,0.30511141,-0.14442194,0.71342057,-0.68569177,0
-0.25348401,3.7554049,1.4213815,0.18083054,0.70031577,0.69054902,0
0.23714244,3.2513905,0.29058385,-0.14442194,0.71342057,-0.68569177,0
1.6862736,1.8550602,0.74042845,0.97285277,-0.024263501,-0.23014921,0
-0.026746154,2.293582,2.6700547,0.18083054,0.70031577,0.69054902,0
2.1216385,2.5976307,1.8094337,0.18083054,0.70031577,0.69054902,0
1.1885673,-0.36575556,-1.7331532,0.97285277,-0.024263501,-0.23014921,0
0.49914598,-1.486212,1.3303663,0.14442194,-0.71342057,0.68569177,0
1.9438026,0.84220576,3.3442388,0.14442194,-0.71342057,0.68569177,0
-1.3139615,1.0038773,-1.7305862,-0.14442194,0.71342057,-0.68569177,0
-0.73815632,-0.93015862,-3.7967105,-0.14442194,0.71342057,-0.68569177,0
-1.8028839,0.58637321,-1.5141008,-0.97285277,0.024263501,0.23014921,0
-0.53687859,0.93064308,3.9473069,0.14442194,-0.71342057,0.68569177,0
0.16254041,3.1224377,1.9737792,0.18083054,0.70031577,0.69054902,0
-1.3979428,2.352499,-0.29629135,-0.14442194,0.71342057,-0.68569177,0
0.54612589,-1.6746892,-3.4363008,-0.18083054,-0.70031577,-0.69054902,0
2.0363839,0.21962774,2.5974076,0.14442194,-0.71342057,0.68569177,0
-0.29271662,1.9367015,3.2051342,0.18083054,0.70031577,0.69054902,0
-0.20359325,1.2526414,3.8476062,0.18083054,0.70031577,0.69054902,0
1.3005388,-0.393556,-0.93248409,0.97285277,-0.024263501,-0.23014921,0
-1.1151631,-1.7895406,-3.0864272,-0.18083054,-0.70031577,-0.69054902,0
-0.74368,-3.3821218,-0.44596505,0.14442194,-0.71342057,0.68569177,0
0.68343449,-0.74835521,1.9372145,0.14442194,-0.71342057,0.68569177,0
-1.6790737,1.5434604,-0.52822667,-0.97285277,0.024263501,0.23014921,0
0.59539002,2.9126368,0.027279615,-0.14442194,0.71342057,-0.68569177,0
0.60775852,-0.97115129,1.801006,0.14442194,-0.71342057,0.68569177,0
1.2859018,3.7799792,1.0270834,0.18083054,0.70031577,0.69054902,0
-1.3746755,-2.066668,0.71208286,-0.97285277,0.024263501,0.23014921,0
0.67287689,3.4089723,1.328614,0.18083054,0.70031577,0.69054902,0
0.73393619,1.1152272,-1.862136,-0.14442194,0.71342057,-0.68569177,0
0.88848269,1.7872133,3.1202834,0.18083054,0.70031577,0.69054902,0
-0.64743447,0.43867195,3.4648504,0.14442194,-0.71342057,0.68569177,0
0.94831765,2.8038135,2.0093727,0.18083054,0.70031577,0.69054902,0
0.3242135,-0.11863267,2.6767602,0.14442194,-0.71342057,0.68569177,0
-1.4142293,2.6397858,0.25222135,-0.14442194,0.71342057,-0.68569177,0
-1.1383722,0.18125165,-2.5059564,-0.14442194,0.71342057,-0.68569177,0
-0.80366158,-2.3688493,-2.5355995,-0.18083054,-0.70031577,-0.69054902,0
-1.6028749,1.5179313,-0.20984113,-0.97285277,0.024263501,0.23014921,0
-0.34437585,1.9059647,3.0897131,0.18083054,0.70031577,0.69054902,0
0.79137862,-2.4572515,-2.7327225,-0.18083054,-0.70031577,-0.69054902,0
-0.16264653,0.80264914,-2.0732322,-0.14442194,0.71342057,-0.68569177,0
1.1158152,-3.0436077,-0.48607707,0.14442194,-0.71342057,0.68569177,0
-1.1049073,-3.2882228,-0.32531428,0.14442194,-0.71342057,0.68569177,0
1.3377705,0.8895731,-0.94955409,0.97285277,-0.024263501,-0.23014921,0
0.91385299,-2.0973773,-2.7789052,0.97285277,-0.024263501,-0.23014921,0
-1.7740493,-1.7702715,-2.7635555,-0.18083054,-0.70031577,-0.69054902,0
-0.34663045,2.7362263,-0.018740892,-0.14442194,0.71342057,-0.68569177,0
-1.1808462,-3.4982839,-1.2154944,-0.18083054,-0.70031577,-0.69054902,0
1.9371324,0.12569094,1.4504919,0.97285277,-0.024263501,-0.23014921,0
-0.86065602,2.2237821,-0.4299264,-0.14442194,0.71342057,-0.68569177,0
0.85286337,-2.5567183,-2.6372595,-0.18083054,-0.70031577,-0.69054902,0
-1.7699207,-0.15601695,-0.69946992,-0.97285277,0.024263501,0.23014921,0
0.74274182,3.2594147,1.5922835,0.18083054,0.70031577,0.69054902,0
-1.9830061,0.67526555,-1.5539455,-0.97285277,0.024263501,0.23014921,0
1.1822549,-0.067747951,-1.2149523,0.97285277,-0.024263501,-0.23014921,0
-1.4309838,0.059425354,-2.4677615,-0.14442194,0.71342057,-0.68569177,0
0.42948651,1.0912505,3.8418589,0.18083054,0.70031577,0.69054902,0
-1.3078909,1.4098196,0.60821056,-0.97285277,0.024263501,0.23014921,0
1.4172482,-0.84746051,-0.17475975,0.97285277,-0.024263501,-0.23014921,0
1.0754585,2.5958519,-0.36886311,-0.14442194,0.71342057,-0.68569177,0
1.5181113,-1.9454466,0.3132689,0.97285277,-0.024263501,-0.23014921,0
-1.0479579,2.5788863,1.4880207,-0.97285277,0.024263501,0.23014921,0
1.3167988,2.3293889,2.3667266,0.18083054,0.70031577,0.69054902,0
0.44745684,-2.9590387,-2.0451858,-0.18083054,-0.70031577,-0.69054902,0
-0.95497793,-3.2036595,-0.12870026,0.14442194,-0.71342057,0.68569177,0
-1.5120418,-2.5710957,0.55149114,-0.97285277,0.024263501,0.23014921,0
-1.6358259,-1.7299118,-0.29578328,-0.97285277,0.024263501,0.23014921,0
0.54304576,0.46575868,3.3743935,0.14442194,-0.71342057,0.68569177,0
-0.8306542,1.4545665,2.7207274,-0.97285277,0.024263501,0.23014921,0
-0.44044471,-0.6047712,-3.4162037,-0.14442194,0.71342057,-0.68569177,0
1.6471828,0.22006416,0.27762496,0.97285277,-0.024263501,-0.23014921,0
-0.58289194,0.94769526,3.9604928,-0.97285277,0.024263501,0.23014921,0
-2.3413162,-1.101683,-3.3625789,-0.18083054,-0.70031577,-0.69054902,0
0.22874403,-0.66086847,-3.5387638,-0.14442194,0.71342057,-0.68569177,0
1.5938945,2.669241,0.15113568,0.97285277,-0.024263501,-0.23014921,0
-1.2701397,0.081992984,1.5073529,-0.97285277,0.024263501,0.23014921,0
-2.121839,-1.4928682,-3.0155838,-0.18083054,-0.70031577,-0.69054902,0
1.4499567,-0.28557146,-0.52078623,0.97285277,-0.024263501,-0.23014921,0
1.2983063,0.070922971,-1.3016136,0.97285277,-0.024263501,-0.23014921,0
0.9862687,-1.316787,-2.0404415,0.97285277,-0.024263501,-0.23014921,0
1.7520999,0.27703309,0.51640773,0.97285277,-0.024263501,-0.23014921,0
-1.01126,-0.062951684,2.3710771,-0.97285277,0.024263501,0.23014921,0
-0.68089795,3.3713059,0.6808877,-0.14442194,0.71342057,-0.68569177,0
0.67978263,-1.2722894,1.3117555,0.14442194,-0.71342057,0.68569177,0
0.63233507,-0.64116669,-3.3769691,0.97285277,-0.024263501,-0.23014921,0
-0.91467929,-1.9046795,1.2201827,0.14442194,-0.71342057,0.68569177,0
-1.546159,0.94441676,-1.734524,-0.14442194,0.71342057,-0.68569177,0
1.1237597,2.9804735,-0.10360742,-0.14442194,0.71342057,-0.68569177,0
-2.1686587,-0.72294402,-2.9217577,-0.97285277,0.024263501,0.23014921,0
0.88021135,-0.81689692,-2.7474682,0.97285277,-0.024263501,-0.23014921,0
-0.76966864,-3.7118526,-0.90644622,0.14442194,-0.71342057,0.68569177,0
1.2821553,1.4419471,3.3060515,0.18083054,0.70031577,0.69054902,0
0.53165054,2.6902528,-0.13260579,-0.14442194,0.71342057,-0.68569177,0
1.0287002,-2.361397,0.27814519,0.14442194,-0.71342057,0.68569177,0
-1.6525981,1.8706224,-0.50269854,-0.14442194,0.71342057,-0.68569177,0
1.705341,0.9707402,0.67837143,0.97285277,-0.024263501,-0.23014921,0
0.75817001,-1.509351,-3.4350457,0.97285277,-0.024263501,-0.23014921,0
0.37099099,0.2533457,-2.8103337,-0.14442194,0.71342057,-0.68569177,0
-1.8856912,-2.2196202,-1.5015175,-0.97285277,0.024263501,0.23014921,0
-1.5322126,-2.1533742,0.54241318,-0.97285277,0.024263501,0.23014921,0
1.8208013,-0.19857252,1.5818309,0.97285277,-0.024263501,-0.23014921,0
-0.5580492,-2.3187964,-2.5244515,-0.18083054,-0.70031577,-0.69054902,0
-0.55729544,3.1831601,0.65039539,-0.14442194,0.71342057,-0.68569177,0
-0.091520071,1.0924405,-1.6270338,-0.14442194,0.71342057,-0.68569177,0
-1.4191229,0.27657449,0.28769261,-0.97285277,0.024263501,0.23014921,0
0.85742342,-2.9275014,-0.32766604,0.14442194,-0.71342057,0.68569177,0
0.28401804,-0.88273317,1.8552092,0.14442194,-0.71342057,0.68569177,0
1.123399,1.8172131,-1.1952239,-0.14442194,0.71342057,-0.68569177,0
-1.8785655,-3.6294761,-0.98054171,-0.18083054,-0.70031577,-0.69054902,0
-1.5013149,1.8218452,0.20229197,-0.97285277,0.024263501,0.23014921,0
-0.91138077,-0.64375114,-3.321331,-0.14442194,0.71342057,-0.68569177,0
-0.43116415,-1.9244313,1.0021532,0.14442194,-0.71342057,0.68569177,0
-0.6028291,3.0928113,0.55825853,-0.14442194,0.71342057,-0.68569177,0
1.3289295,3.0582628,-0.02306366,-0.14442194,0.71342057,-0.68569177,0
-0.66875601,0.99702978,3.2029231,-0.97285277,0.024263501,0.23014921,0
1.0933369,-2.0473139,-1.8060935,0.97285277,-0.024263501,-0.23014921,0
-1.6216013,-1.707211,-2.8644242,-0.18083054,-0.70031577,-0.69054902,0
-1.6879992,0.95161474,-1.1155159,-0.97285277,0.024263501,0.23014921,0
-0.88146329,-0.92992336,-3.5922844,-0.14442194,0.71342057,-0.68569177,0
-0.7176525,-3.5779843,-0.65984774,0.14442194,-0.71342057,0.68569177,0
0.65508533,2.5223713,-0.49163425,-0.14442194,0.71342057,-0.68569177,0
-1.1991465,0.64883101,-2.0862083,-0.14442194,0.71342057,-0.68569177,0
0.29877517,-2.742537,-2.4462152,-0.18083054,-0.70031577,-0.69054902,0
-0.16867113,-0.074349754,2.7946329,0.14442194,-0.71342057,0.68569177,0
0.57730156,3.2607188,1.6000638,0.18083054,0.70031577,0.69054902,0
-1.0463585,-3.3822062,-1.4174449,-0.18083054,-0.70031577,-0.69054902,0
1.8787042,2.329989,2.1729205,0.18083054,0.70031577,0.69054902,0
1.9782646,2.2420807,1.8450348,0.97285277,-0.024263501,-0.23014921,0
-1.0950711,-1.6852003,1.2578671,0.14442194,-0.71342057,0.68569177,0
1.3301789,-1.373432,-1.0723472,0.97285277,-0.024263501,-0.23014921,0
-1.2778125,-3.118988,-1.4486535,-0.18083054,-0.70031577,-0.69054902,0
1.4414092,-0.72856855,-0.44739509,0.97285277,-0.024263501,-0.23014921,0
-1.42544,1.3296336,0.19473958,-0.97285277,0.024263501,0.23014921,0
1.2936575,-1.0044295,-0.83125472,0.97285277,-0.024263501,-0.23014921,0
0.2907325,-2.3057179,-2.8686008,-0.18083054,-0.70031577,-0.69054902,0
0.53529477,-2.1662765,-3.1035259,-0.18083054,-0.70031577,-0.69054902,0
-0.1043433,2.1813071,2.7844291,0.18083054,0.70031577,0.69054902,0
1.3682754,-0.58882165,-0.49453831,0.97285277,-0.024263501,-0.23014921,0
-1.7024444,-0.7007041,-0.37410045,-0.97285277,0.024263501,0.23014921,0
0.7566067,0.74223495,-2.1933937,-0.14442194,0.71342057,-0.68569177,0
0.61701149,3.1970077,1.5949287,0.18083054,0.70031577,0.69054902,0
-0.15086603,1.3472863,3.6621418,0.18083054,0.70031577,0.69054902,0
0.16329312,2.8505213,0.086549282,-0.14442194,0.71342057,-0.68569177,0
-1.0817677,-3.783504,-0.6979208,0.14442194,-0.71342057,0.68569177,0
-0.2828536,3.2690041,0.4497447,-0.14442194,0.71342057,-0.68569177,0
-0.5797888,2.7567964,0.12565327,-0.14442194,0.71342057,-0.68569177,0
-0.087681055,-1.8834302,-3.0184555,-0.18083054,-0.70031577,-0.69054902,0
-0.044483393,-3.3819108,-1.6986775,-0.18083054,-0.70031577,-0.69054902,0
1.6494154,3.8856323,0.72385836,-0.14442194,0.71342057,-0.68569177,0
-0.66583753,1.6554513,-0.92064172,-0.14442194,0.71342057,-0.68569177,0
1.3433499,2.8843288,-0.26557755,-0.14442194,0.71342057,-0.68569177,0
-0.70319605,1.9406822,3.2754796,0.18083054,0.70031577,0.69054902,0
0.071074724,-2.1965499,-2.7705204,-0.18083054,-0.70031577,-0.69054902,0
-1.6589754,-2.4596248,-2.0855646,-0.18083054,-0.70031577,-0.69054902,0
0.05275017,-3.8040562,-1.3290057,-0.18083054,-0.70031577,-0.69054902,0
1.462435,2.7764955,1.9916544,0.18083054,0.70031577,0.69054902,0
0.41118002,1.780115,-1.1470377,-0.14442194,0.71342057,-0.68569177,0
-1.7021965,1.0746977,-0.97380006,-0.97285277,0.024263501,0.23014921,0
1.660923,1.6265278,2.8540292,0.18083054,0.70031577,0.69054902,0
0.81649303,0.93602747,3.8358333,0.14442194,-0.71342057,0.68569177,0
1.1885364,-1.1282996,-1.5379179,0.97285277,-0.024263501,-0.23014921,0
0.41535771,-3.4456277,-1.6922746,-0.18083054,-0.70031577,-0.69054902,0
1.4248155,0.84332085,-0.51959682,0.97285277,-0.024263501,-0.23014921,0
-1.2764753,0.19549334,1.118432,-0.97285277,0.024263501,0.23014921,0
0.88784266,0.26305741,-2.3586588,0.97285277,-0.024263501,-0.23014921,0
-1.9748063,0.26249456,-2.0570717,-0.97285277,0.024263501,0.23014921,0
0.47124624,-1.8321421,0.88865465,0.14442194,-0.71342057,0.68569177,0
-2.0192499,-0.59036231,-3.1203439,-0.14442194,0.71342057,-0.68569177,0
1.1136454,3.6034636,1.2090268,0.18083054,0.70031577,0.69054902,0
0.49042225,3.3530581,0.6047461,-0.14442194,0.71342057,-0.68569177,0
-0.9447425,1.8540834,2.6907055,-0.97285277,0.024263501,0.23014921,0
-1.5277236,1.8598633,-0.098559022,-0.97285277,0.024263501,0.23014921,0
-1.3813541,-2.2353415,-2.3268681,-0.18083054,-0.70031577,-0.69054902,0
-0.85697472,3.3096571,1.8485131,0.18083054,0.70031577,0.69054902,0
-0.87490833,1.9252552,-0.74181122,-0.14442194,0.71342057,-0.68569177,0
0.28814864,2.983603,0.064905882,-0.14442194,0.71342057,-0.68569177,0
-0.55987096,3.8064644,1.3220701,0.18083054,0.70031577,0.69054902,0
-0.14128613,1.6106439,3.5309865,0.18083054,0.70031577,0.69054902,0
1.8282871,0.50397313,3.0575776,0.14442194,-0.71342057,0.68569177,0
-1.3435812,1.1277825,1.0670296,-0.97285277,0.024263501,0.23014921,0
-1.7364408,-1.7259026,-2.9290402,-0.18083054,-0.70031577,-0.69054902,0
-1.883677,0.41019607,-1.7869616,-0.97285277,0.024263501,0.23014921,0
1.287787,3.7583315,1.0107038,0.18083054,0.70031577,0.69054902,0
-2.0820775,-1.6594476,-2.7486408,-0.18083054,-0.70031577,-0.69054902,0
1.2379533,2.5611563,2.0482681,0.18083054,0.70031577,0.69054902,0
0.33952546,1.0423372,-1.9003971,-0.14442194,0.71342057,-0.68569177,0
-0.76187217,2.2935934,2.8387539,0.18083054,0.70031577,0.69054902,0
-0.65105182,-2.7728148,0.21309495,0.14442194,-0.71342057,0.68569177,0
1.130235,-1.7031273,-1.820766,0.97285277,-0.024263501,-0.23014921,0
1.528802,-1.6760448,-0.20191801,0.97285277,-0.024263501,-0.23014921,0
1.5115957,-1.4656045,-0.12171483,0.97285277,-0.024263501,-0.23014921,0
1.3034506,0.98605192,-1.3558007,0.97285277,-0.024263501,-0.23014921,0
-0.81882769,-2.9946661,-1.8546219,-0.18083054,-0.70031577,-0.69054902,0
-0.64081359,3.3992856,0.73769116,-0.14442194,0.71342057,-0.68569177,0
-2.0139146,-2.3043661,-2.3325689,-0.18083054,-0.70031577,-0.69054902,0
-0.47283685,2.369319,2.7035384,0.18083054,0.70031577,0.69054902,0
1.2688713,-1.1900331,-0.96167338,0.97285277,-0.024263501,-0.23014921,0
-1.1629288,0.18423533,-2.5852556,-0.14442194,0.71342057,-0.68569177,0
0.011496544,0.89215332,-2.0151131,-0.14442194,0.71342057,-0.68569177,0
1.7460229,3.5509868,1.1344974,0.18083054,0.70031577,0.69054902,0
0.73511517,1.8881729,2.8321111,0.18083054,0.70031577,0.69054902,0
1.3346169,1.9684811,-0.98173606,0.97285277,-0.024263501,-0.23014921,0
