-1.4816507,1.2365851,-0.83966106,-0.81227559,-0.18911839,-0.5517633,0
-0.73632097,1.625988,2.0875471,-0.57083446,0.45207816,0.68540019,0
1.4388616,2.2979045,-0.25752735,0.81227559,0.18911839,0.5517633,0
1.7438582,2.2417498,-0.47522759,0.81227559,0.18911839,0.5517633,0
-1.338276,3.1531873,0.45124292,-0.57083446,0.45207816,0.68540019,0
-0.33664238,-1.3878156,-1.9021652,-0.81227559,-0.18911839,-0.5517633,0
-1.3005359,2.4021084,0.93749452,-0.57083446,0.45207816,0.68540019,0
-0.13219118,2.3845057,1.9957616,-0.57083446,0.45207816,0.68540019,0
1.3461419,2.4048514,-0.20264459,0.81227559,0.18911839,0.5517633,0
-2.1500072,-1.213401,2.6242671,-0.11981839,-0.87169933,0.47516739,0
0.8392415,-1.7677299,2.0391214,-0.11981839,-0.87169933,0.47516739,0
0.63875991,0.46199119,1.4463778,0.81227559,0.18911839,0.5517633,0
1.3636843,-2.8171561,-0.64619875,0.57083446,-0.45207816,-0.68540019,0
-0.90582269,-0.084778666,-1.2803736,-0.81227559,-0.18911839,-0.5517633,0
1.0729256,-2.9525046,-0.059201717,-0.11981839,-0.87169933,0.47516739,0
2.3072753,-1.3340651,-0.95319545,0.57083446,-0.45207816,-0.68540019,0
2.7467675,1.5133325,-1.8183143,0.81227559,0.18911839,0.5517633,0
2.098249,-1.5769404,-0.8543824,0.57083446,-0.45207816,-0.68540019,0
-0.17094803,1.885902,-1.6452428,0.11981839,0.87169933,-0.47516739,0
-0.93352902,3.0464039,1.0011539,-0.57083446,0.45207816,0.68540019,0
-0.10005939,-0.90287352,-2.3587132,-0.81227559,-0.18911839,-0.5517633,0
-1.5188975,1.9814322,0.93679613,-0.57083446,0.45207816,0.68540019,0
-0.078739934,2.9319944,-0.11043811,0.11981839,0.87169933,-0.47516739,0
1.7997999,-0.75479829,-1.5669093,0.57083446,-0.45207816,-0.68540019,0
-0.66165543,0.81625605,2.6582758,-0.57083446,0.45207816,0.68540019,0
2.2267931,-1.6614347,-0.58319223,0.57083446,-0.45207816,-0.68540019,0
-0.29247338,2.1996031,-1.3318009,0.11981839,0.87169933,-0.47516739,0
0.94259816,2.0538573,0.56669331,0.81227559,0.18911839,0.5517633,0
-1.951049,2.2424843,-0.56320572,-0.81227559,-0.18911839,-0.5517633,0
1.4707353,0.6254521,0.24741542,0.81227559,0.18911839,0.5517633,0
-1.7728221,-2.0268934,1.1577253,-0.11981839,-0.87169933,0.47516739,0
-1.5858951,-2.0370605,1.2431257,-0.11981839,-0.87169933,0.47516739,0
-2.0760231,1.1996026,0.98313332,-0.57083446,0.45207816,0.68540019,0
-2.5649419,0.24166435,0.88418418,-0.81227559,-0.18911839,-0.5517633,0
-1.2844454,0.42049551,2.2984896,-0.57083446,0.45207816,0.68540019,0
2.2376246,-0.96129131,-0.31796673,0.81227559,0.18911839,0.5517633,0
-1.1155894,-2.0678668,-0.25669718,-0.81227559,-0.18911839,-0.5517633,0
-1.6763058,-2.0038736,1.025382,-0.11981839,-0.87169933,0.47516739,0
0.56124663,1.0448802,-3.2624059,0.11981839,0.87169933,-0.47516739,0
-1.0969265,-0.76083791,3.1325681,-0.57083446,0.45207816,0.68540019,0
2.4561536,-1.4703504,-0.58835435,0.57083446,-0.45207816,-0.68540019,0
0.76374125,1.5062352,-2.4609036,0.11981839,0.87169933,-0.47516739,0
-2.1562512,-0.13402402,1.983722,-0.57083446,0.45207816,0.68540019,0
-0.88433278,1.3512188,2.145792,-0.57083446,0.45207816,0.68540019,0
1.2267864,-2.8234119,-0.83750796,0.57083446,-0.45207816,-0.68540019,0
-1.2730396,2.3005936,-1.219026,0.11981839,0.87169933,-0.47516739,0
-0.43100813,-3.2349272,-0.61223125,-0.11981839,-0.87169933,0.47516739,0
-0.80580914,0.79808962,-1.971957,-0.81227559,-0.18911839,-0.5517633,0
-1.9766442,2.236419,-0.46734715,-0.81227559,-0.18911839,-0.5517633,0
-2.5258145,0.39607772,1.2835369,-0.57083446,0.45207816,0.68540019,0
2.507844,1.5961788,-1.7885959,0.11981839,0.87169933,-0.47516739,0
0.32435894,1.2260677,1.8070363,0.81227559,0.18911839,0.5517633,0
0.68871701,-2.1255312,-1.6093926,0.57083446,-0.45207816,-0.68540019,0
-0.13828911,2.7416291,-0.31016707,0.11981839,0.87169933,-0.47516739,0
-1.2703406,-1.5438852,2.2431018,-0.11981839,-0.87169933,0.47516739,0
2.3151674,-2.7338972,-0.014486551,0.57083446,-0.45207816,-0.68540019,0
0.41067278,1.4550472,-2.4045937,0.11981839,0.87169933,-0.47516739,0
1.6246566,2.109314,-0.89043307,0.11981839,0.87169933,-0.47516739,0
0.60556507,-1.1693842,-2.4488361,0.57083446,-0.45207816,-0.68540019,0
0.81612486,0.8908391,1.2576678,0.81227559,0.18911839,0.5517633,0
-0.9607091,-1.274444,2.6152678,-0.11981839,-0.87169933,0.47516739,0
-1.6069909,0.75465286,1.8163954,-0.57083446,0.45207816,0.68540019,0
1.468408,-2.4934165,-0.88105035,0.57083446,-0.45207816,-0.68540019,0
2.5824835,1.4649001,-1.6373601,0.81227559,0.18911839,0.5517633,0
2.8300724,1.0374614,-2.0045438,0.57083446,-0.45207816,-0.68540019,0
0.10346305,-1.3581679,-2.2591832,-0.81227559,-0.18911839,-0.5517633,0
1.7732612,-2.5696473,0.92837429,-0.11981839,-0.87169933,0.47516739,0
-2.7821779,-1.1409328,1.6125438,-0.81227559,-0.18911839,-0.5517633,0
-0.98812854,3.1507301,0.43056178,0.11981839,0.87169933,-0.47516739,0
-2.2861228,-0.74082041,2.1769671,-0.57083446,0.45207816,0.68540019,0
-1.663082,2.3071058,-1.0390338,-0.81227559,-0.18911839,-0.5517633,0
-1.8120714,-2.0289888,1.2121694,-0.11981839,-0.87169933,0.47516739,0
1.5772226,-2.124536,-0.9993335,0.57083446,-0.45207816,-0.68540019,0
0.53093755,-2.1810517,1.1841905,-0.11981839,-0.87169933,0.47516739,0
1.71639,0.079296947,-2.1368878,0.57083446,-0.45207816,-0.68540019,0
-2.3612945,0.14144009,0.66001379,-0.81227559,-0.18911839,-0.5517633,0
0.87589329,-2.7649534,-0.95101309,0.57083446,-0.45207816,-0.68540019,0
1.6997048,-2.8466947,-0.34678197,0.57083446,-0.45207816,-0.68540019,0
0.53257668,-1.0253849,2.4311345,0.81227559,0.18911839,0.5517633,0
-0.3031919,0.2646215,3.1588545,-0.57083446,0.45207816,0.68540019,0
-1.4251456,-1.361092,2.5476732,-0.11981839,-0.87169933,0.47516739,0
-0.97790515,2.5346978,-0.80165887,0.11981839,0.87169933,-0.47516739,0
-0.63424361,-2.2655723,0.90433955,-0.11981839,-0.87169933,0.47516739,0
-0.86131352,-2.6495731,-0.026653051,-0.11981839,-0.87169933,0.47516739,0
1.5928483,2.3321066,-0.4003365,0.11981839,0.87169933,-0.47516739,0
-0.10912323,-0.16047001,2.9912386,0.81227559,0.18911839,0.5517633,0
1.0671358,1.1186234,0.71726871,0.81227559,0.18911839,0.5517633,0
-1.5246122,0.73896354,1.9142852,-0.57083446,0.45207816,0.68540019,0
0.093036652,-3.4889183,-1.3897355,0.57083446,-0.45207816,-0.68540019,0
-0.33794039,-2.8082759,-1.2478685,-0.81227559,-0.18911839,-0.5517633,0
-1.4878198,-0.32593882,-0.58290285,-0.81227559,-0.18911839,-0.5517633,0
0.99225438,-2.3212979,-1.1959321,0.57083446,-0.45207816,-0.68540019,0
1.1114287,-2.8535454,0.16251945,-0.11981839,-0.87169933,0.47516739,0
2.1929173,0.19848394,-2.0744123,0.57083446,-0.45207816,-0.68540019,0
2.2441516,-2.3132153,-0.29663837,0.57083446,-0.45207816,-0.68540019,0
-0.58101606,-0.98821306,3.4894211,-0.11981839,-0.87169933,0.47516739,0
-0.39283216,-0.089517355,-2.2739792,-0.81227559,-0.18911839,-0.5517633,0
-1.8020896,-1.1884599,2.4648819,-0.11981839,-0.87169933,0.47516739,0
0.99606711,2.4257565,-0.51297331,0.11981839,0.87169933,-0.47516739,0
0.88370788,-3.1428504,-0.30691123,-0.11981839,-0.87169933,0.47516739,0
1.5861268,0.6512388,0.32819355,0.81227559,0.18911839,0.5517633,0
-0.64616203,2.6063557,-0.67239761,0.11981839,0.87169933,-0.47516739,0
2.4699244,-0.41772106,-1.3496925,0.57083446,-0.45207816,-0.68540019,0
2.0047674,-0.36111951,-1.7929078,0.57083446,-0.45207816,-0.68540019,0
2.4177611,1.1210005,-2.3970671,0.57083446,-0.45207816,-0.68540019,0
1.0426583,-1.3953586,1.8359733,0.81227559,0.18911839,0.5517633,0
-1.0361626,-0.78978395,-1.0610592,-0.81227559,-0.18911839,-0.5517633,0
0.31776333,-2.2800436,-1.8506052,0.57083446,-0.45207816,-0.68540019,0
-0.37628388,0.96982598,2.7596002,-0.57083446,0.45207816,0.68540019,0
1.0966673,-2.6669087,0.73423386,-0.11981839,-0.87169933,0.47516739,0
1.4755039,1.4956827,0.12608576,0.81227559,0.18911839,0.5517633,0
2.1953108,-0.92647618,-0.029200889,0.81227559,0.18911839,0.5517633,0
-2.3837538,-0.356327,2.0104246,-0.57083446,0.45207816,0.68540019,0
0.16355637,-3.0384884,-0.23787856,-0.11981839,-0.87169933,0.47516739,0
-1.5769567,-1.5188112,0.028911829,-0.81227559,-0.18911839,-0.5517633,0
1.1922684,-2.2807848,1.4666456,-0.11981839,-0.87169933,0.47516739,0
0.54289895,-2.9300611,-1.1365948,0.57083446,-0.45207816,-0.68540019,0
-2.4094429,-1.7295406,1.6068676,-0.11981839,-0.87169933,0.47516739,0
-1.4983034,-2.3561108,0.46648431,-0.81227559,-0.18911839,-0.5517633,0
-1.5939757,1.3286089,1.4253632,-0.57083446,0.45207816,0.68540019,0
-1.4069966,-2.3988295,0.47849894,-0.11981839,-0.87169933,0.47516739,0
-1.0947642,-1.0060426,3.067173,-0.11981839,-0.87169933,0.47516739,0
1.2458049,1.7064017,0.11937809,0.81227559,0.18911839,0.5517633,0
2.2279437,-0.71123493,-1.4501356,0.57083446,-0.45207816,-0.68540019,0
1.2482972,-1.1964571,1.4315886,0.81227559,0.18911839,0.5517633,0
1.9247966,-2.7957461,-0.31816578,0.57083446,-0.45207816,-0.68540019,0
-0.24953032,-0.95629489,-1.9814436,-0.81227559,-0.18911839,-0.5517633,0
2.0309041,-2.7892187,-0.056304455,0.57083446,-0.45207816,-0.68540019,0
0.86381096,-2.6607549,0.60166287,-0.11981839,-0.87169933,0.47516739,0
2.1301558,1.8328576,-1.2155735,0.11981839,0.87169933,-0.47516739,0
0.10834228,2.7397172,-0.31318545,0.11981839,0.87169933,-0.47516739,0
1.7845118,0.25590408,0.013420224,0.81227559,0.18911839,0.5517633,0
0.11242402,-3.1504416,-1.3572571,0.57083446,-0.45207816,-0.68540019,0
-0.27470315,-2.5786481,0.54333138,-0.11981839,-0.87169933,0.47516739,0
-2.6380334,-1.4624643,1.5308928,-0.81227559,-0.18911839,-0.5517633,0
-1.0953952,2.8212166,-0.5414145,0.11981839,0.87169933,-0.47516739,0
1.5182837,-0.75959051,-1.9881827,0.57083446,-0.45207816,-0.68540019,0
1.9040291,-2.8491855,0.62029409,-0.11981839,-0.87169933,0.47516739,0
0.39358789,2.7289193,1.1565788,0.81227559,0.18911839,0.5517633,0
-0.24190761,-2.5155175,0.59404588,-0.11981839,-0.87169933,0.47516739,0
2.2341957,0.29305571,-0.61443758,0.81227559,0.18911839,0.5517633,0
0.077283502,1.74944,-2.0817375,0.11981839,0.87169933,-0.47516739,0
1.9083512,-1.0600139,-1.3595837,0.57083446,-0.45207816,-0.68540019,0
0.3500576,-1.0054395,-2.7300081,0.57083446,-0.45207816,-0.68540019,0
-2.1981015,2.0796218,-0.32218099,-0.81227559,-0.18911839,-0.5517633,0
-0.37124658,0.37018704,2.991503,-0.57083446,0.45207816,0.68540019,0
1.6401193,-1.1308115,0.85187715,0.81227559,0.18911839,0.5517633,0
1.5775008,2.2617428,-0.62076306,0.11981839,0.87169933,-0.47516739,0
-0.56006718,-1.9436822,-1.1995265,-0.81227559,-0.18911839,-0.5517633,0
-1.0265772,0.78040504,-1.3715085,-0.81227559,-0.18911839,-0.5517633,0
-1.3833867,0.31823003,-0.69920564,-0.81227559,-0.18911839,-0.5517633,0
-1.7571944,-1.7386484,0.55553484,-0.81227559,-0.18911839,-0.5517633,0
0.44209146,1.5432063,-2.4272664,0.11981839,0.87169933,-0.47516739,0
0.32296634,1.3822734,1.8706729,0.81227559,0.18911839,0.5517633,0
0.31263942,2.2145386,-1.2058496,0.11981839,0.87169933,-0.47516739,0
0.55299664,3.0203817,0.48406911,0.11981839,0.87169933,-0.47516739,0
1.4996777,1.2388265,0.17013955,0.81227559,0.18911839,0.5517633,0
0.94140732,-0.33529651,-2.5262678,0.57083446,-0.45207816,-0.68540019,0
-0.98597825,3.0445342,-0.062020302,0.11981839,0.87169933,-0.47516739,0
2.4266725,-1.3976824,-0.33814436,0.81227559,0.18911839,0.5517633,0
1.4305942,-2.5756118,-0.80924344,0.57083446,-0.45207816,-0.68540019,0
0.5531677,2.1751008,1.1918637,0.81227559,0.18911839,0.5517633,0
0.30742013,1.2572592,-2.7110901,0.11981839,0.87169933,-0.47516739,0
1.8418565,-1.4759328,0.63220769,0.81227559,0.18911839,0.5517633,0
-1.6120666,0.58427602,1.8881885,-0.57083446,0.45207816,0.68540019,0
-1.0274472,-0.97751927,3.286289,-0.11981839,-0.87169933,0.47516739,0
0.96211636,-1.159517,-2.1630142,0.57083446,-0.45207816,-0.68540019,0
-1.1838975,2.8274722,-0.42064881,0.11981839,0.87169933,-0.47516739,0
0.37940538,2.3804164,-0.81709695,0.11981839,0.87169933,-0.47516739,0
-0.32610869,-1.1975727,2.9684439,-0.11981839,-0.87169933,0.47516739,0
-0.86541009,1.3660346,1.9399157,-0.57083446,0.45207816,0.68540019,0
-2.3099124,2.6679361,-0.34758162,-0.81227559,-0.18911839,-0.5517633,0
0.0055772066,-2.6153781,0.61813426,-0.11981839,-0.87169933,0.47516739,0
-1.0089545,3.1340954,0.26351094,0.11981839,0.87169933,-0.47516739,0
0.14867771,2.0991826,-1.3059614,0.11981839,0.87169933,-0.47516739,0
0.67508364,-0.63815451,-2.798492,0.57083446,-0.45207816,-0.68540019,0
-0.18182355,-2.8761702,-0.091421127,-0.11981839,-0.87169933,0.47516739,0
2.2798328,-1.7753336,0.087615848,0.81227559,0.18911839,0.5517633,0
-0.16772103,1.9568681,2.1310945,-0.57083446,0.45207816,0.68540019,0
-0.20087558,3.2892568,0.73381186,0.11981839,0.87169933,-0.47516739,0
-1.623928,-0.64008778,-0.045459747,-0.81227559,-0.18911839,-0.5517633,0
-0.32993567,1.9421947,-1.6311136,0.11981839,0.87169933,-0.47516739,0
0.081460238,-0.92347813,2.9866533,0.81227559,0.18911839,0.5517633,0
0.93193364,2.2453604,-0.93808818,0.11981839,0.87169933,-0.47516739,0
-0.48668998,-2.3415604,0.80480838,-0.11981839,-0.87169933,0.47516739,0
-1.1099254,3.0432909,0.58555651,-0.57083446,0.45207816,0.68540019,0
0.037125587,0.2364409,-2.7197709,-0.81227559,-0.18911839,-0.5517633,0
0.38190198,-0.61258578,-2.9152164,-0.81227559,-0.18911839,-0.5517633,0
-2.0128498,1.0795031,1.2773629,-0.57083446,0.45207816,0.68540019,0
1.8727005,1.3025897,-2.5119491,0.11981839,0.87169933,-0.47516739,0
-0.87232947,-1.622962,-0.92611647,-0.81227559,-0.18911839,-0.5517633,0
1.4011104,-0.047914982,0.75873727,0.81227559,0.18911839,0.5517633,0
-2.4205284,0.90768385,0.3525669,-0.81227559,-0.18911839,-0.5517633,0
-0.89709997,-1.3616209,2.6133213,-0.11981839,-0.87169933,0.47516739,0
0.56754225,-2.24141,1.3651586,-0.11981839,-0.87169933,0.47516739,0
-1.7558289,-0.93453217,2.8996387,-0.57083446,0.45207816,0.68540019,0
-2.3589253,-0.75442249,1.0297118,-0.81227559,-0.18911839,-0.5517633,0
-0.67862332,1.6446023,2.039511,-0.57083446,0.45207816,0.68540019,0
1.0316284,0.95240819,-3.1722016,0.11981839,0.87169933,-0.47516739,0
-1.3316745,2.7393148,0.61389899,-0.57083446,0.45207816,0.68540019,0
-1.0258564,0.1525352,-1.3430276,-0.81227559,-0.18911839,-0.5517633,0
-0.3703922,-2.0544302,1.211241,-0.11981839,-0.87169933,0.47516739,0
0.48662102,-1.9253457,1.7475413,-0.11981839,-0.87169933,0.47516739,0
-2.0957453,1.9257386,0.6463992,-0.57083446,0.45207816,0.68540019,0
-2.46263,-0.62952232,1.9658047,-0.57083446,0.45207816,0.68540019,0
-2.6005716,0.26907372,1.3210058,-0.57083446,0.45207816,0.68540019,0
-2.2908332,1.0385733,0.40512076,-0.81227559,-0.18911839,-0.5517633,0
-0.30105948,0.43914557,-2.5862298,-0.81227559,-0.18911839,-0.5517633,0
0.85084438,1.8010788,-1.8253269,0.11981839,0.87169933,-0.47516739,0
-0.13337803,-1.0708588,-2.1679854,-0.81227559,-0.18911839,-0.5517633,0
0.49814945,2.6549301,-0.2358911,0.11981839,0.87169933,-0.47516739,0
-0.28501129,-2.2695436,0.92775965,-0.11981839,-0.87169933,0.47516739,0
2.6462731,-0.77158457,-0.9396345,0.57083446,-0.45207816,-0.68540019,0
-1.4993889,-0.4963249,2.6669869,-0.57083446,0.45207816,0.68540019,0
-1.9535756,-0.55838746,2.2648137,-0.57083446,0.45207816,0.68540019,0
0.99147373,-1.8760422,1.9462758,-0.11981839,-0.87169933,0.47516739,0
-0.21711349,0.60227847,2.8538001,0.81227559,0.18911839,0.5517633,0
-2.4365723,-0.95895541,1.1372936,-0.81227559,-0.18911839,-0.5517633,0
0.8195529,0.7915554,-3.4035866,0.57083446,-0.45207816,-0.68540019,0
2.7139394,1.0863687,-1.7857931,0.81227559,0.18911839,0.5517633,0
-0.27826571,2.1069274,2.0893779,-0.57083446,0.45207816,0.68540019,0
2.113508,0.73620576,-2.3491604,0.57083446,-0.45207816,-0.68540019,0
0.5075317,-2.8532534,0.29787993,-0.11981839,-0.87169933,0.47516739,0
0.76705629,-1.7389193,2.1208706,0.81227559,0.18911839,0.5517633,0
-0.79374892,2.9412055,-0.021038294,0.11981839,0.87169933,-0.47516739,0
-0.28399467,1.3045731,2.626812,-0.57083446,0.45207816,0.68540019,0
0.54873443,2.6996505,-0.33453059,0.11981839,0.87169933,-0.47516739,0
-0.34996718,2.2812984,-0.97060728,0.11981839,0.87169933,-0.47516739,0
0.77218413,0.57031727,1.3407584,0.81227559,0.18911839,0.5517633,0
2.103476,-1.7201971,-0.64886051,0.57083446,-0.45207816,-0.68540019,0
1.9667648,-2.740967,-0.33684683,0.57083446,-0.45207816,-0.68540019,0
-0.31547165,1.9339337,-1.8343476,0.11981839,0.87169933,-0.47516739,0
0.37851667,0.80907011,-3.503938,0.11981839,0.87169933,-0.47516739,0
0.48550725,-1.5993663,-2.0991528,0.57083446,-0.45207816,-0.68540019,0
-1.4872463,-0.0081800222,2.3544745,-0.57083446,0.45207816,0.68540019,0
-2.5443158,-1.3548133,1.6533296,-0.81227559,-0.18911839,-0.5517633,0
2.6828051,1.5232809,-1.8422697,0.11981839,0.87169933,-0.47516739,0
-0.28104603,1.6420363,2.2817545,-0.57083446,0.45207816,0.68540019,0
1.4767299,-2.394567,-0.74884796,0.57083446,-0.45207816,-0.68540019,0
0.87163693,-3.2990756,-0.40997291,-0.11981839,-0.87169933,0.47516739,0
-1.545279,-1.4596868,0.11664963,-0.81227559,-0.18911839,-0.5517633,0
1.4301934,1.9502127,-1.2140231,0.11981839,0.87169933,-0.47516739,0
-1.5147856,-0.94768798,-0.017840981,-0.81227559,-0.18911839,-0.5517633,0
-2.238471,0.38933635,1.470847,-0.57083446,0.45207816,0.68540019,0
0.82361758,2.4389045,0.56179452,0.81227559,0.18911839,0.5517633,0
-1.9617643,2.6520617,-0.74462247,-0.81227559,-0.18911839,-0.5517633,0
1.9740801,1.0376775,-2.5655816,0.57083446,-0.45207816,-0.68540019,0
-0.52586049,-2.7506368,-1.1659651,-0.81227559,-0.18911839,-0.5517633,0
0.88246465,-1.5476818,2.0847843,0.81227559,0.18911839,0.5517633,0
2.3509707,-1.0562088,-0.26779565,0.81227559,0.18911839,0.5517633,0
-1.7497355,0.47006434,1.9383942,-0.57083446,0.45207816,0.68540019,0
-2.4182224,-0.52748823,1.1332629,-0.81227559,-0.18911839,-0.5517633,0
0.06745255,-2.1575468,1.3870254,-0.11981839,-0.87169933,0.47516739,0
-0.4062517,-2.7343326,-0.028548717,-0.11981839,-0.87169933,0.47516739,0
1.4144645,1.6987195,0.14169931,0.81227559,0.18911839,0.5517633,0
1.4411819,0.55380487,0.27437818,0.81227559,0.18911839,0.5517633,0
-0.6727823,1.8630118,-1.8564004,0.11981839,0.87169933,-0.47516739,0
-1.490471,0.62510061,-0.84642106,-0.81227559,-0.18911839,-0.5517633,0
0.33711416,2.229835,-0.91246247,0.11981839,0.87169933,-0.47516739,0
1.5326298,1.0980964,-3.0059621,0.11981839,0.87169933,-0.47516739,0
-1.8769968,0.64853013,1.7407578,-0.57083446,0.45207816,0.68540019,0
0.13758421,2.4489236,1.5155514,0.81227559,0.18911839,0.5517633,0
1.6673226,-2.2983639,-0.81198013,0.57083446,-0.45207816,-0.68540019,0
-0.65508187,-1.7728299,1.7855198,-0.11981839,-0.87169933,0.47516739,0
-2.3385253,1.2163734,0.22778693,-0.81227559,-0.18911839,-0.5517633,0
-1.6424608,0.055523634,-0.33751392,-0.81227559,-0.18911839,-0.5517633,0
1.7953061,2.2488251,-0.71249819,0.81227559,0.18911839,0.5517633,0
1.1690956,2.0175495,-1.2515757,0.11981839,0.87169933,-0.47516739,0
-0.028882742,0.030603409,-2.8078744,-0.81227559,-0.18911839,-0.5517633,0
1.7366798,-2.7967296,0.42282605,-0.11981839,-0.87169933,0.47516739,0
-2.9226644,-0.46603662,1.6306304,-0.57083446,0.45207816,0.68540019,0
-0.64443392,3.3754256,0.61560965,0.11981839,0.87169933,-0.47516739,0
1.0612139,1.5840285,-2.2487006,0.11981839,0.87169933,-0.47516739,0
2.5206571,0.53376442,-1.1539825,0.81227559,0.18911839,0.5517633,0
-0.83480507,-0.60077953,-1.2576325,-0.81227559,-0.18911839,-0.5517633,0
2.8586919,1.2889876,-2.1773999,0.57083446,-0.45207816,-0.68540019,0
2.418777,0.94636571,-2.3321054,0.57083446,-0.45207816,-0.68540019,0
0.4984085,1.9358418,1.3338429,0.81227559,0.18911839,0.5517633,0
-2.1422391,0.24224108,0.28219956,-0.81227559,-0.18911839,-0.5517633,0
2.0443401,-0.89035106,-1.4553736,0.57083446,-0.45207816,-0.68540019,0
-1.4958229,-1.0471698,3.0017934,-0.57083446,0.45207816,0.68540019,0
1.4770534,-0.2063185,0.67007434,0.81227559,0.18911839,0.5517633,0
0.38999033,0.41616869,-3.2871997,-0.81227559,-0.18911839,-0.5517633,0
2.3437476,-0.72344244,-1.1467631,0.57083446,-0.45207816,-0.68540019,0
-0.96407259,-1.559382,2.1980553,-0.11981839,-0.87169933,0.47516739,0
-0.054991782,-3.17325,-0.78257799,-0.11981839,-0.87169933,0.47516739,0
1.6815659,-0.60069489,-1.7738037,0.57083446,-0.45207816,-0.68540019,0
-0.61624622,1.9508227,-2.0454144,0.11981839,0.87169933,-0.47516739,0
-1.2462285,-2.2078664,-0.24924302,-0.81227559,-0.18911839,-0.5517633,0
-2.8270772,-0.59703517,1.6976936,-0.57083446,0.45207816,0.68540019,0
0.46618414,3.000211,0.22833538,0.11981839,0.87169933,-0.47516739,0
-2.0984097,-0.36637807,2.2014251,-0.57083446,0.45207816,0.68540019,0
-2.1491113,1.8306323,0.75792682,-0.57083446,0.45207816,0.68540019,0
-0.58862531,-2.8692844,-0.89090705,-0.81227559,-0.18911839,-0.5517633,0
-0.4322446,1.9130241,-1.8665136,0.11981839,0.87169933,-0.47516739,0
0.6946969,-0.22740602,-2.977545,0.57083446,-0.45207816,-0.68540019,0
-1.0491952,0.15795815,2.610069,-0.57083446,0.45207816,0.68540019,0
2.3377275,1.6747957,-1.4575012,0.81227559,0.18911839,0.5517633,0
-2.5086961,0.42188165,0.90934229,-0.81227559,-0.18911839,-0.5517633,0
-1.2806987,1.3323948,1.5946927,-0.57083446,0.45207816,0.68540019,0
-1.5777545,-0.22472823,-0.16600084,-0.81227559,-0.18911839,-0.5517633,0
1.0613225,-1.9901981,-1.3086848,0.57083446,-0.45207816,-0.68540019,0
0.32557011,1.8594531,1.5106124,0.81227559,0.18911839,0.5517633,0
0.60246456,1.4818767,-2.5904016,0.11981839,0.87169933,-0.47516739,0
0.39013374,-1.7734312,-2.2352033,0.57083446,-0.45207816,-0.68540019,0
-0.44535577,1.7683986,2.03685,-0.57083446,0.45207816,0.68540019,0
-1.0499985,-0.91661382,3.288142,-0.11981839,-0.87169933,0.47516739,0
2.283186,0.067012787,-1.8173797,0.57083446,-0.45207816,-0.68540019,0
-2.2620661,-0.50033009,0.82536876,-0.81227559,-0.18911839,-0.5517633,0
-1.1220963,-2.2248297,-0.26768565,-0.81227559,-0.18911839,-0.5517633,0
-2.3294587,-1.128126,2.5603561,-0.57083446,0.45207816,0.68540019,0
-2.0950413,-0.40376353,0.58635581,-0.81227559,-0.18911839,-0.5517633,0
-0.64702141,1.7947845,1.9617723,-0.57083446,0.45207816,0.68540019,0
-0.1090802,-3.0166817,-1.6485257,0.57083446,-0.45207816,-0.68540019,0
0.54519165,-2.8936338,-1.2702234,0.57083446,-0.45207816,-0.68540019,0
0.61465073,-2.2999654,1.09465,-0.11981839,-0.87169933,0.47516739,0
-0.72487807,1.5614045,-2.2353637,-0.81227559,-0.18911839,-0.5517633,0
1.9687998,-1.3846123,-1.2161583,0.57083446,-0.45207816,-0.68540019,0
0.94648707,2.3020024,-0.63670039,0.11981839,0.87169933,-0.47516739,0
0.096445203,3.0541034,1.5416427,0.81227559,0.18911839,0.5517633,0
0.79522192,1.4655125,-2.3343718,0.11981839,0.87169933,-0.47516739,0
-1.7689035,3.109695,0.22185493,-0.57083446,0.45207816,0.68540019,0
-2.0555654,3.0353937,-0.21920896,0.11981839,0.87169933,-0.47516739,0
-2.5453858,-1.0711358,2.3044353,-0.57083446,0.45207816,0.68540019,0
-1.1791215,-1.9796281,1.4695513,-0.11981839,-0.87169933,0.47516739,0
0.61714619,2.8506153,0.78631043,0.81227559,0.18911839,0.5517633,0
-2.1141357,2.2131,0.47819865,-0.57083446,0.45207816,0.68540019,0
1.7671428,-1.1863868,-1.4838924,0.57083446,-0.45207816,-0.68540019,0
-2.0339146,-1.1091561,0.63947296,-0.81227559,-0.18911839,-0.5517633,0
-2.4317088,0.39924768,1.285515,-0.57083446,0.45207816,0.68540019,0
-1.1496568,0.035033107,-1.0125737,-0.81227559,-0.18911839,-0.5517633,0
-2.3129582,-1.1775082,2.4301856,-0.57083446,0.45207816,0.68540019,0
-2.635294,0.27442092,0.94052064,-0.81227559,-0.18911839,-0.5517633,0
-1.9199926,2.2325931,-0.66960979,-0.81227559,-0.18911839,-0.5517633,0
-1.6400968,0.51901817,1.8692278,-0.57083446,0.45207816,0.68540019,0
0.76779097,2.9733624,0.39274549,0.11981839,0.87169933,-0.47516739,0
2.3175614,-1.9860619,-0.54392964,0.57083446,-0.45207816,-0.68540019,0
-1.5181285,-1.066168,3.0247231,-0.11981839,-0.87169933,0.47516739,0
-2.0479059,0.74848682,1.3335516,-0.57083446,0.45207816,0.68540019,0
-0.50129318,-2.0148232,1.2790737,-0.11981839,-0.87169933,0.47516739,0
1.6989108,-2.6261163,-0.45427918,0.57083446,-0.45207816,-0.68540019,0
1.9228609,1.1305097,-2.5583119,0.11981839,0.87169933,-0.47516739,0
2.395803,1.447087,-2.1585426,0.11981839,0.87169933,-0.47516739,0
-1.2779894,-1.6982704,1.7165937,-0.11981839,-0.87169933,0.47516739,0
1.0636635,2.3571382,-0.61660743,0.11981839,0.87169933,-0.47516739,0
-1.1640837,0.60430181,-1.3403145,-0.81227559,-0.18911839,-0.5517633,0
-0.57997918,0.28072929,-2.0611613,-0.81227559,-0.18911839,-0.5517633,0
-0.71680748,1.8343832,1.972311,-0.57083446,0.45207816,0.68540019,0
0.24029374,-0.69717431,2.4903998,0.81227559,0.18911839,0.5517633,0
-0.9234224,2.2560539,-1.1676509,0.11981839,0.87169933,-0.47516739,0
-1.4553061,0.20813966,-0.64738268,-0.81227559,-0.18911839,-0.5517633,0
-0.45328981,-2.7534432,-1.140399,-0.81227559,-0.18911839,-0.5517633,0
-1.5649405,-1.8991691,0.23022175,-0.81227559,-0.18911839,-0.5517633,0
-1.3528626,-0.22821212,-0.47295099,-0.81227559,-0.18911839,-0.5517633,0
-1.1500674,-2.0076919,1.4656546,-0.11981839,-0.87169933,0.47516739,0
-0.43979192,-0.89366424,-1.7213824,-0.81227559,-0.18911839,-0.5517633,0
1.0736728,0.22991514,-2.953315,0.57083446,-0.45207816,-0.68540019,0
-0.67503774,1.8586394,-1.989887,0.11981839,0.87169933,-0.47516739,0
0.24780381,2.8707793,1.3833025,0.81227559,0.18911839,0.5517633,0
2.0322993,-2.2023287,-0.44909966,0.57083446,-0.45207816,-0.68540019,0
-0.55961686,2.8554091,1.1888618,-0.57083446,0.45207816,0.68540019,0
-2.2671862,2.9818726,-0.26614761,-0.57083446,0.45207816,0.68540019,0
-0.811185,-1.3589758,2.7138276,-0.11981839,-0.87169933,0.47516739,0
0.72413826,-2.3931136,-1.4170088,0.57083446,-0.45207816,-0.68540019,0
2.3273327,1.1622326,-0.96588182,0.81227559,0.18911839,0.5517633,0
-1.015596,0.91976595,-1.4965684,-0.81227559,-0.18911839,-0.5517633,0
-2.2231085,-1.1516498,0.79059601,-0.81227559,-0.18911839,-0.5517633,0
-0.026302338,3.4566281,1.2875543,-0.57083446,0.45207816,0.68540019,0
-1.02467,-0.23941374,-1.2839559,-0.81227559,-0.18911839,-0.5517633,0
2.2933953,-1.0709755,-1.0627279,0.57083446,-0.45207816,-0.68540019,0
0.20313776,3.2745538,0.80853105,0.11981839,0.87169933,-0.47516739,0
-1.187271,2.8075399,-0.47145557,0.11981839,0.87169933,-0.47516739,0
-1.0660689,2.6963649,-0.7302649,0.11981839,0.87169933,-0.47516739,0
1.953271,-0.64239341,-0.068798512,0.81227559,0.18911839,0.5517633,0
-0.81915182,-0.56883931,-1.2206807,-0.81227559,-0.18911839,-0.5517633,0
-1.7716252,-1.3162514,0.41233563,-0.81227559,-0.18911839,-0.5517633,0
1.1896358,2.1305497,0.16153336,0.81227559,0.18911839,0.5517633,0
-0.64539367,-3.0426002,-0.65923119,-0.11981839,-0.87169933,0.47516739,0
1.8557554,0.8949967,-0.16410542,0.81227559,0.18911839,0.5517633,0
-0.58476329,-1.2485659,2.8513088,-0.11981839,-0.87169933,0.47516739,0
-0.35127291,-3.0587811,-0.27363539,-0.11981839,-0.87169933,0.47516739,0
1.1433876,-1.1294315,-2.0289214,0.57083446,-0.45207816,-0.68540019,0
-0.73936749,-0.65582132,3.4791374,-0.57083446,0.45207816,0.68540019,0
0.024992943,2.3729553,-0.93840837,0.11981839,0.87169933,-0.47516739,0
0.89167213,1.0719484,-3.0265203,0.11981839,0.87169933,-0.47516739,0
0.36821735,-2.7237842,-1.4270314,0.57083446,-0.45207816,-0.68540019,0
0.78715372,0.98957968,-3.4098353,0.11981839,0.87169933,-0.47516739,0
2.335928,1.1528801,-2.318042,0.57083446,-0.45207816,-0.68540019,0
-0.34169942,3.464124,0.9179368,0.11981839,0.87169933,-0.47516739,0
-0.39016342,-0.39658761,-2.0534008,-0.81227559,-0.18911839,-0.5517633,0
-0.08404994,-1.968178,-1.7445407,-0.81227559,-0.18911839,-0.5517633,0
0.22091615,0.18051147,2.1642413,0.81227559,0.18911839,0.5517633,0
-0.18768287,-2.1210704,-1.8776809,-0.81227559,-0.18911839,-0.5517633,0
0.0040755272,1.2058973,-2.8716645,0.11981839,0.87169933,-0.47516739,0
2.5004714,0.57926756,-1.9410175,0.57083446,-0.45207816,-0.68540019,0
0.46210897,-1.8154362,-1.9968936,0.57083446,-0.45207816,-0.68540019,0
-1.6368246,1.6815064,1.3199805,-0.57083446,0.45207816,0.68540019,0
0.28954911,-1.259311,-2.5365975,0.57083446,-0.45207816,-0.68540019,0
-0.47310233,3.3919554,0.86542511,0.11981839,0.87169933,-0.47516739,0
-0.096761942,1.6235684,2.2980292,0.81227559,0.18911839,0.5517633,0
0.86389339,-0.69447994,1.6033881,0.81227559,0.18911839,0.5517633,0
-0.87731141,3.3124847,0.84858966,-0.57083446,0.45207816,0.68540019,0
1.2164485,1.7433307,0.21076679,0.81227559,0.18911839,0.5517633,0
-2.3347583,-1.7242196,1.6711206,-0.11981839,-0.87169933,0.47516739,0
2.1156983,1.7192352,-1.6464648,0.11981839,0.87169933,-0.47516739,0
1.7147231,2.0047407,-1.3010058,0.11981839,0.87169933,-0.47516739,0
-0.32885611,-1.4469143,2.4733095,-0.11981839,-0.87169933,0.47516739,0
-0.33310556,-0.37391996,3.4316823,0.81227559,0.18911839,0.5517633,0
2.1102831,-2.6428721,0.37177634,0.81227559,0.18911839,0.5517633,0
-1.8277489,-0.90139258,0.35392237,-0.81227559,-0.18911839,-0.5517633,0
1.975726,2.03022,-0.79762363,0.81227559,0.18911839,0.5517633,0
-1.5949404,2.2675412,-1.0438008,-0.81227559,-0.18911839,-0.5517633,0
-2.7239964,0.11978079,1.3643789,-0.57083446,0.45207816,0.68540019,0
-2.6484287,0.81985897,0.93058389,-0.81227559,-0.18911839,-0.5517633,0
2.5084009,0.18828422,-1.080591,0.81227559,0.18911839,0.5517633,0
0.61629128,-3.2293432,-0.6855154,-0.11981839,-0.87169933,0.47516739,0
0.60622633,-2.7597041,-1.4518207,0.57083446,-0.45207816,-0.68540019,0
0.74712211,2.1827257,-1.2380161,0.11981839,0.87169933,-0.47516739,0
-2.6001081,-1.3738152,2.1602783,-0.11981839,-0.87169933,0.47516739,0
-0.24488544,0.42573595,3.0932484,-0.57083446,0.45207816,0.68540019,0
-1.7511203,-1.9292934,1.3690405,-0.11981839,-0.87169933,0.47516739,0
1.1292765,-3.0027099,-0.73147273,0.57083446,-0.45207816,-0.68540019,0
2.1251397,2.0382867,-1.0273514,0.81227559,0.18911839,0.5517633,0
-0.80425656,2.1827326,-1.3019489,0.11981839,0.87169933,-0.47516739,0
-0.10409963,3.30811,0.93468904,0.11981839,0.87169933,-0.47516739,0
-1.2129123,-0.63526034,-0.88321346,-0.81227559,-0.18911839,-0.5517633,0
0.63997382,0.71238458,1.4155308,0.81227559,0.18911839,0.5517633,0
0.85833478,-0.47835577,-2.5214324,0.57083446,-0.45207816,-0.68540019,0
0.26889777,0.28447604,2.313518,0.81227559,0.18911839,0.5517633,0
0.31384978,-2.5073919,0.85874677,-0.11981839,-0.87169933,0.47516739,0
2.4795783,0.64825344,-1.0609465,0.81227559,0.18911839,0.5517633,0
2.0558023,-2.5972974,0.52503395,0.81227559,0.18911839,0.5517633,0
0.75695705,-0.95033514,-2.456018,0.57083446,-0.45207816,-0.68540019,0
2.6533029,0.21308416,-1.432918,0.57083446,-0.45207816,-0.68540019,0
0.70858359,-0.51652908,-2.8045824,0.57083446,-0.45207816,-0.68540019,0
-2.1681051,-1.733115,1.7013924,-0.11981839,-0.87169933,0.47516739,0
1.2487597,-3.1804585,-0.52275085,0.57083446,-0.45207816,-0.68540019,0
0.12606002,-2.5264425,0.64704776,-0.11981839,-0.87169933,0.47516739,0
-2.5106008,0.96587539,0.81930953,-0.81227559,-0.18911839,-0.5517633,0
-1.6961229,-1.2849953,0.32807398,-0.81227559,-0.18911839,-0.5517633,0
0.071362332,2.843385,0.12552595,0.11981839,0.87169933,-0.47516739,0
0.24256516,2.0036638,-1.381372,0.11981839,0.87169933,-0.47516739,0
1.6658204,0.14930677,-2.2656505,0.57083446,-0.45207816,-0.68540019,0
-0.32990825,3.4570465,1.1241605,0.11981839,0.87169933,-0.47516739,0
-0.68458968,-0.21147418,-1.6986284,-0.81227559,-0.18911839,-0.5517633,0
1.3774462,-2.2899933,1.4618318,0.81227559,0.18911839,0.5517633,0
0.1935755,2.1958218,-1.2243891,0.11981839,0.87169933,-0.47516739,0
-0.089617729,-1.2106175,3.0189357,-0.11981839,-0.87169933,0.47516739,0
2.533565,-0.78261507,-0.97025126,0.57083446,-0.45207816,-0.68540019,0
0.27193248,-1.4570286,-2.3493183,0.57083446,-0.45207816,-0.68540019,0
-1.8042064,2.3515925,0.46839559,-0.57083446,0.45207816,0.68540019,0
-0.90135217,1.2435664,-1.8457603,-0.81227559,-0.18911839,-0.5517633,0
0.31129143,-2.734992,0.15913272,-0.11981839,-0.87169933,0.47516739,0
0.23540211,0.69967771,-3.2120798,-0.81227559,-0.18911839,-0.5517633,0
1.2055945,-2.5309422,0.73040509,-0.11981839,-0.87169933,0.47516739,0
-2.0646322,2.0453453,0.59736145,-0.57083446,0.45207816,0.68540019,0
1.2297716,1.9169065,-1.6213772,0.11981839,0.87169933,-0.47516739,0
-0.94045073,2.6320355,-0.66526794,0.11981839,0.87169933,-0.47516739,0
-0.22445059,1.0539551,2.7871614,-0.57083446,0.45207816,0.68540019,0
-0.48303449,0.93848026,2.527081,-0.57083446,0.45207816,0.68540019,0
0.28268415,3.209024,0.55072808,0.11981839,0.87169933,-0.47516739,0
1.775892,-0.91780698,-1.629581,0.57083446,-0.45207816,-0.68540019,0
-2.45574,-1.6356443,1.7208338,-0.11981839,-0.87169933,0.47516739,0
-0.88360262,0.50291693,2.6419544,-0.57083446,0.45207816,0.68540019,0
-0.88298857,1.460933,1.9898986,-0.57083446,0.45207816,0.68540019,0
2.133697,1.3514947,-2.4052997,0.11981839,0.87169933,-0.47516739,0
1.1176294,-2.8072739,0.44763255,-0.11981839,-0.87169933,0.47516739,0
2.0873327,-1.0267881,-1.3155794,0.57083446,-0.45207816,-0.68540019,0
-1.5342324,0.83124667,1.8460674,-0.57083446,0.45207816,0.68540019,0
-1.9921528,0.55618095,1.6413053,-0.57083446,0.45207816,0.68540019,0
0.83495998,-1.331561,-2.1699457,0.57083446,-0.45207816,-0.68540019,0
-0.46410382,2.5787692,1.7057725,-0.57083446,0.45207816,0.68540019,0
-0.87182146,2.7797909,-0.25603867,0.11981839,0.87169933,-0.47516739,0
2.6477373,0.014172018,-1.4703097,0.57083446,-0.45207816,-0.68540019,0
-1.3082135,0.028454542,2.6726301,-0.57083446,0.45207816,0.68540019,0
0.85027361,2.8955605,0.22121191,0.11981839,0.87169933,-0.47516739,0
-0.054586649,-0.063035488,-2.7490816,-0.81227559,-0.18911839,-0.5517633,0
-0.85414433,0.14793301,2.7778137,-0.57083446,0.45207816,0.68540019,0
0.073333696,2.9448509,0.06106329,0.11981839,0.87169933,-0.47516739,0
1.3025404,-2.8678033,-0.62437439,0.57083446,-0.45207816,-0.68540019,0
-0.48040652,-0.080688238,3.2350829,-0.57083446,0.45207816,0.68540019,0
-0.14313865,3.1475701,0.66355395,0.11981839,0.87169933,-0.47516739,0
-0.55588359,3.313834,0.71663713,0.11981839,0.87169933,-0.47516739,0
1.2013837,-0.66466916,-2.3264203,0.57083446,-0.45207816,-0.68540019,0
-1.3304669,1.5456407,-1.3722024,-0.81227559,-0.18911839,-0.5517633,0
-1.5061207,-0.34108198,-0.24199539,-0.81227559,-0.18911839,-0.5517633,0
1.6549551,-0.3159073,-1.9897908,0.57083446,-0.45207816,-0.68540019,0
1.9539344,0.32913864,-0.14002347,0.81227559,0.18911839,0.5517633,0
1.6225631,-2.599977,0.9820683,-0.11981839,-0.87169933,0.47516739,0
0.95141333,1.4983946,0.97247827,0.81227559,0.18911839,0.5517633,0
-0.68195081,0.87070727,-1.9556324,-0.81227559,-0.18911839,-0.5517633,0
-1.539835,-0.71953034,-0.26447713,-0.81227559,-0.18911839,-0.5517633,0
1.4041815,1.1193159,-2.9487178,0.11981839,0.87169933,-0.47516739,0
1.5391918,0.036164641,0.53169596,0.81227559,0.18911839,0.5517633,0
-0.77152646,-1.7863115,1.7701111,-0.11981839,-0.87169933,0.47516739,0
0.89165419,-2.2196431,1.4183451,-0.11981839,-0.87169933,0.47516739,0
-0.98212445,-2.6322126,0.15904784,-0.11981839,-0.87169933,0.47516739,0
-0.86102074,2.9671519,0.12425232,0.11981839,0.87169933,-0.47516739,0
-1.9871968,1.970551,0.62073547,-0.57083446,0.45207816,0.68540019,0
1.8752964,-1.8750634,-0.83314413,0.57083446,-0.45207816,-0.68540019,0
0.45281935,-2.6944566,-1.3884602,0.57083446,-0.45207816,-0.68540019,0
-1.1133847,-0.3225925,2.9246237,-0.57083446,0.45207816,0.68540019,0
2.123455,0.31981754,-2.1273241,0.57083446,-0.45207816,-0.68540019,0
-0.1022433,3.1302681,1.5071008,-0.57083446,0.45207816,0.68540019,0
1.928072,-0.13783681,0.049684703,0.81227559,0.18911839,0.5517633,0
0.048224449,-0.5039947,2.8940806,0.81227559,0.18911839,0.5517633,0
-0.32918757,-3.3611398,-1.0661414,-0.81227559,-0.18911839,-0.5517633,0
-0.43046749,-2.3752298,0.82525659,-0.11981839,-0.87169933,0.47516739,0
-0.00035917759,-1.4564328,-2.1795936,-0.81227559,-0.18911839,-0.5517633,0
-0.51622486,-3.2410402,-0.65627289,-0.11981839,-0.87169933,0.47516739,0
-2.353297,-0.054465696,1.5988015,-0.57083446,0.45207816,0.68540019,0
1.9066143,-0.94510257,-1.4826972,0.57083446,-0.45207816,-0.68540019,0
-1.0384806,-1.6437602,1.9077549,-0.11981839,-0.87169933,0.47516739,0
0.55670977,1.8386834,-1.9569447,0.11981839,0.87169933,-0.47516739,0
-1.1698086,2.4759424,-0.96178937,0.11981839,0.87169933,-0.47516739,0
-1.6830775,-0.0033829212,2.3482723,-0.57083446,0.45207816,0.68540019,0
2.5561228,0.77096915,-1.9499427,0.57083446,-0.45207816,-0.68540019,0
0.83365953,-0.9244808,-2.4022844,0.57083446,-0.45207816,-0.68540019,0
-1.5464522,-0.37670016,2.4656708,-0.57083446,0.45207816,0.68540019,0
0.12525833,-3.1652665,-0.50560975,-0.11981839,-0.87169933,0.47516739,0
0.85518277,-1.8400356,2.0379639,0.81227559,0.18911839,0.5517633,0
-0.18594256,2.3546622,-0.91381335,0.11981839,0.87169933,-0.47516739,0
1.8874624,-2.1679473,0.67985404,0.81227559,0.18911839,0.5517633,0
1.8299532,-2.8865218,0.58796167,-0.11981839,-0.87169933,0.47516739,0
2.537478,1.5280919,-1.6026034,0.81227559,0.18911839,0.5517633,0
0.31728125,-3.1068687,-1.238518,0.57083446,-0.45207816,-0.68540019,0
-1.0340765,-0.41449308,3.1480341,-0.57083446,0.45207816,0.68540019,0
-0.18253733,2.4995763,-0.52099872,0.11981839,0.87169933,-0.47516739,0
-1.7145458,-2.0918283,0.86793447,-0.11981839,-0.87169933,0.47516739,0
0.057739571,-2.8802149,0.064457417,-0.11981839,-0.87169933,0.47516739,0
1.4121847,2.0364995,-1.1481915,0.11981839,0.87169933,-0.47516739,0
-1.0986023,2.0821316,1.2774596,-0.57083446,0.45207816,0.68540019,0
1.9866318,-2.4793308,-0.21213067,0.57083446,-0.45207816,-0.68540019,0
2.5990567,-0.10318124,-0.93669856,0.81227559,0.18911839,0.5517633,0
0.87612349,-0.74182653,1.5898029,0.81227559,0.18911839,0.5517633,0
0.96442914,-2.1986587,-1.5104239,0.57083446,-0.45207816,-0.68540019,0
1.9354219,-0.97242272,-1.263166,0.57083446,-0.45207816,-0.68540019,0
0.3653416,-2.2378712,1.4446251,-0.11981839,-0.87169933,0.47516739,0
-1.1051954,-2.751451,0.113585,-0.11981839,-0.87169933,0.47516739,0
-0.47055349,2.6492858,-0.43001842,0.11981839,0.87169933,-0.47516739,0
-1.0853472,2.2392378,-1.4470783,0.11981839,0.87169933,-0.47516739,0
-0.73339486,1.0547686,-2.0608692,-0.81227559,-0.18911839,-0.5517633,0
1.3031976,-1.2948723,-1.7354167,0.57083446,-0.45207816,-0.68540019,0
-0.20817184,-0.483464,-2.334265,-0.81227559,-0.18911839,-0.5517633,0
-0.60964882,1.0196369,2.5600824,-0.57083446,0.45207816,0.68540019,0
-1.0100095,3.3533332,0.5419662,0.11981839,0.87169933,-0.47516739,0
0.51769245,-0.031833887,1.9787195,0.81227559,0.18911839,0.5517633,0
-2.1291831,1.142463,1.2062078,-0.57083446,0.45207816,0.68540019,0
0.12963319,3.352109,1.3471391,0.81227559,0.18911839,0.5517633,0
-1.7606339,1.6597834,-0.66705358,-0.81227559,-0.18911839,-0.5517633,0
-2.3770425,1.0755626,1.0863452,-0.57083446,0.45207816,0.68540019,0
-0.80655253,1.0527523,2.3914618,-0.57083446,0.45207816,0.68540019,0
-0.070656985,-2.9722934,-0.025878906,-0.11981839,-0.87169933,0.47516739,0
0.043854237,-1.2978163,2.8231246,-0.11981839,-0.87169933,0.47516739,0
-0.56240594,3.0277264,1.255846,-0.57083446,0.45207816,0.68540019,0
0.53453141,2.7267857,-0.12670279,0.11981839,0.87169933,-0.47516739,0
0.54944885,2.1039371,1.2583451,0.81227559,0.18911839,0.5517633,0
0.065124571,2.3198414,-0.99269557,0.11981839,0.87169933,-0.47516739,0
0.87929678,1.1816783,-3.0262144,0.11981839,0.87169933,-0.47516739,0
-2.6546412,-1.0787749,1.619633,-0.81227559,-0.18911839,-0.5517633,0
-0.53235292,-1.1091735,3.0692544,-0.11981839,-0.87169933,0.47516739,0
2.4764929,0.31084475,-1.1334609,0.81227559,0.18911839,0.5517633,0
-1.4966495,1.081768,1.7513878,-0.57083446,0.45207816,0.68540019,0
-0.18677962,-2.2716649,1.1948972,-0.11981839,-0.87169933,0.47516739,0
-1.760639,-1.1293881,0.25128627,-0.81227559,-0.18911839,-0.5517633,0
-0.13218987,2.1076512,2.1180162,0.81227559,0.18911839,0.5517633,0
0.12770212,-3.5190835,-1.2888374,0.57083446,-0.45207816,-0.68540019,0
-1.1669936,-1.2687505,-0.69901538,-0.81227559,-0.18911839,-0.5517633,0
-0.045398116,1.7321792,-2.2875752,0.11981839,0.87169933,-0.47516739,0
1.4285682,-0.58407533,0.98092449,0.81227559,0.18911839,0.5517633,0
-0.79042727,2.7362933,1.0416946,-0.57083446,0.45207816,0.68540019,0
-2.1610079,0.79865587,1.437964,-0.57083446,0.45207816,0.68540019,0
0.81463832,2.5558052,0.62385392,0.81227559,0.18911839,0.5517633,0
-0.40816236,-1.9205673,1.5923452,-0.11981839,-0.87169933,0.47516739,0
1.8489034,-2.4760287,-0.51905608,0.57083446,-0.45207816,-0.68540019,0
-0.28089219,2.5111578,-0.65071106,0.11981839,0.87169933,-0.47516739,0
1.0564727,2.6128473,-0.24295425,0.11981839,0.87169933,-0.47516739,0
1.9028122,0.59247404,-2.4768193,0.57083446,-0.45207816,-0.68540019,0
-1.6110997,2.8341384,-0.52235651,0.11981839,0.87169933,-0.47516739,0
-0.043568373,0.86142635,-2.9392402,-0.81227559,-0.18911839,-0.5517633,0
-2.7127092,-0.091831744,1.5058054,-0.57083446,0.45207816,0.68540019,0
-2.2094758,-1.8351431,1.116823,-0.81227559,-0.18911839,-0.5517633,0
