-0.61746681,2.8714571,0.025555849,0.25362587,0.79025757,-0.55782348,0
-2.4326601,2.1373281,0.18464398,-0.79660392,-0.15649378,-0.5838939,0
3.0645332,-3.6621108,-1.9002328,0.54872245,-0.59245491,-0.58983147,0
-2.9481359,0.19669282,2.6783369,-0.25362587,-0.79025757,0.55782348,0
-2.6299229,4.1857662,1.290977,0.25362587,0.79025757,-0.55782348,0
-1.466138,4.3467641,2.6695552,-0.54872245,0.59245491,0.58983147,0
1.2176495,-4.6889148,-2.3815188,-0.25362587,-0.79025757,0.55782348,0
-1.7876611,4.0052309,2.7227287,-0.54872245,0.59245491,0.58983147,0
-1.1940649,-1.5790884,0.93223739,-0.25362587,-0.79025757,0.55782348,0
1.0773721,0.26565993,1.0519753,0.79660392,0.15649378,0.5838939,0
1.5328336,0.40368447,-2.4287629,0.25362587,0.79025757,-0.55782348,0
-0.098909006,-1.5247607,-1.9749434,-0.79660392,-0.15649378,-0.5838939,0
-1.3761189,-0.49507076,2.2980776,-0.25362587,-0.79025757,0.55782348,0
3.0865996,-2.6791196,-2.7480946,0.54872245,-0.59245491,-0.58983147,0
-0.60333705,-2.0342209,0.60297251,-0.25362587,-0.79025757,0.55782348,0
-1.6872771,-1.6911954,0.33870646,-0.25362587,-0.79025757,0.55782348,0
1.3321629,-1.3981435,-4.1812553,-0.79660392,-0.15649378,-0.5838939,0
-0.091720819,-0.86353493,-2.3735838,-0.79660392,-0.15649378,-0.5838939,0
-3.3740029,3.5675955,1.8681231,-0.54872245,0.59245491,0.58983147,0
1.9019125,-0.20587681,-2.9067726,0.25362587,0.79025757,-0.55782348,0
2.6117301,-1.8931279,-4.2903385,0.54872245,-0.59245491,-0.58983147,0
-3.8186657,2.7462873,1.9845858,-0.79660392,-0.15649378,-0.5838939,0
0.62458956,2.4984348,0.24036849,0.25362587,0.79025757,-0.55782348,0
2.1559997,0.18574047,-0.42037141,0.79660392,0.15649378,0.5838939,0
3.083286,-3.7088604,-1.9889655,0.54872245,-0.59245491,-0.58983147,0
2.3176038,-4.0066895,-1.1185946,-0.25362587,-0.79025757,0.55782348,0
1.724408,-3.1158011,-0.14526987,-0.25362587,-0.79025757,0.55782348,0
-1.1325191,3.1271451,0.36933422,0.25362587,0.79025757,-0.55782348,0
1.1588142,-0.92777014,-4.0262337,-0.79660392,-0.15649378,-0.5838939,0
-3.7518101,1.0001959,2.2404234,-0.79660392,-0.15649378,-0.5838939,0
4.0371127,-1.2597183,-2.5730481,0.79660392,0.15649378,0.5838939,0
-0.12393975,-1.9353534,-1.9963522,-0.79660392,-0.15649378,-0.5838939,0
-1.7961721,1.0411838,4.312602,-0.25362587,-0.79025757,0.55782348,0
-0.38324708,1.484772,2.7893922,0.79660392,0.15649378,0.5838939,0
-3.739398,2.7508197,2.2112999,-0.54872245,0.59245491,0.58983147,0
2.3033023,-2.588964,-3.6093674,0.54872245,-0.59245491,-0.58983147,0
0.40660512,-0.96493554,-2.9201293,-0.79660392,-0.15649378,-0.5838939,0
1.2108169,-2.2530649,0.77445722,-0.25362587,-0.79025757,0.55782348,0
-3.4851913,4.0051041,1.3145685,-0.54872245,0.59245491,0.58983147,0
-0.08676374,-2.8834577,-0.53845108,-0.25362587,-0.79025757,0.55782348,0
3.5036869,-3.3323779,-1.958035,0.54872245,-0.59245491,-0.58983147,0
-1.5696077,2.8298206,3.7821178,0.79660392,0.15649378,0.5838939,0
1.4976778,-4.5626054,-2.5417595,0.54872245,-0.59245491,-0.58983147,0
2.7596345,-0.043021917,-1.228219,0.79660392,0.15649378,0.5838939,0
0.70569324,-0.8761555,-3.3587675,-0.79660392,-0.15649378,-0.5838939,0
-3.8213911,1.9101672,2.93922,-0.54872245,0.59245491,0.58983147,0
3.4044492,-2.7130036,-2.4979682,0.54872245,-0.59245491,-0.58983147,0
-2.8569615,2.138346,0.82332063,-0.79660392,-0.15649378,-0.5838939,0
-0.67164397,2.6123865,-0.1666466,0.25362587,0.79025757,-0.55782348,0
4.0213757,-1.8748291,-2.9533648,0.54872245,-0.59245491,-0.58983147,0
1.5818357,1.5180851,-0.75092375,0.25362587,0.79025757,-0.55782348,0
-0.97751391,-2.0245304,0.21488237,-0.25362587,-0.79025757,0.55782348,0
-3.9094028,0.746445,2.9577799,-0.25362587,-0.79025757,0.55782348,0
1.2635226,-4.6676846,-2.6848993,0.54872245,-0.59245491,-0.58983147,0
2.1058977,-1.8956941,-4.5293207,0.54872245,-0.59245491,-0.58983147,0
3.3880012,-1.52894,-3.803143,0.54872245,-0.59245491,-0.58983147,0
-2.4585674,2.8721273,3.167768,-0.54872245,0.59245491,0.58983147,0
1.4689255,-3.652765,-0.74571824,-0.25362587,-0.79025757,0.55782348,0
-3.4727378,3.9902029,1.2265258,-0.54872245,0.59245491,0.58983147,0
2.0088012,-0.57384241,-0.088665605,0.79660392,0.15649378,0.5838939,0
-3.0720928,0.70246762,1.4825375,-0.79660392,-0.15649378,-0.5838939,0
-1.1101975,0.49174225,3.7769973,-0.25362587,-0.79025757,0.55782348,0
1.8068354,0.92564559,-0.041262686,0.79660392,0.15649378,0.5838939,0
3.1231313,-2.1279249,-1.2419894,0.79660392,0.15649378,0.5838939,0
1.9848282,-4.1266289,-2.434823,0.54872245,-0.59245491,-0.58983147,0
-2.7443783,3.6466911,0.43539619,0.25362587,0.79025757,-0.55782348,0
0.21907926,1.3579184,-1.5141594,0.25362587,0.79025757,-0.55782348,0
-4.0381985,2.4361064,2.1694813,-0.79660392,-0.15649378,-0.5838939,0
2.9703367,0.075562716,-1.9870405,0.25362587,0.79025757,-0.55782348,0
-0.99575216,1.0471805,-1.5158433,-0.79660392,-0.15649378,-0.5838939,0
-0.32516289,3.497818,1.1096203,0.25362587,0.79025757,-0.55782348,0
0.56514692,2.0481811,-0.54589009,0.25362587,0.79025757,-0.55782348,0
-1.7454265,3.1237676,0.21942854,0.25362587,0.79025757,-0.55782348,0
-1.2372422,0.58055782,3.9689517,0.79660392,0.15649378,0.5838939,0
1.8722187,-4.4233236,-2.1974211,0.54872245,-0.59245491,-0.58983147,0
0.15450895,0.084518194,2.1772411,0.79660392,0.15649378,0.5838939,0
-3.3801808,2.4331732,2.8140788,-0.54872245,0.59245491,0.58983147,0
-1.4631832,-1.3823808,0.98332042,-0.25362587,-0.79025757,0.55782348,0
-2.0882509,-1.3258591,0.85902452,-0.25362587,-0.79025757,0.55782348,0
-2.4043891,1.0110326,0.42030144,-0.79660392,-0.15649378,-0.5838939,0
-3.6873908,1.6095864,3.3588176,-0.54872245,0.59245491,0.58983147,0
-2.3830576,0.2408216,0.6484071,-0.79660392,-0.15649378,-0.5838939,0
1.9052179,-0.72098011,-3.6561286,0.25362587,0.79025757,-0.55782348,0
-3.2969401,1.5631595,3.8654432,-0.54872245,0.59245491,0.58983147,0
2.1880674,-1.5826423,-4.8421836,0.54872245,-0.59245491,-0.58983147,0
-0.43707347,-0.63486421,2.6208668,-0.25362587,-0.79025757,0.55782348,0
0.24287426,1.7394577,-0.86483246,0.25362587,0.79025757,-0.55782348,0
-0.34902444,-0.72952807,-1.7724727,-0.79660392,-0.15649378,-0.5838939,0
1.9905107,-2.5877361,-4.0563822,0.54872245,-0.59245491,-0.58983147,0
-0.57330489,-2.3186407,-0.01864922,-0.25362587,-0.79025757,0.55782348,0
2.6811614,0.62628293,-1.3942871,0.79660392,0.15649378,0.5838939,0
1.0207751,-2.5094569,-3.2514856,-0.79660392,-0.15649378,-0.5838939,0
-0.71492457,-1.0982251,1.83498,-0.25362587,-0.79025757,0.55782348,0
-3.8526387,1.942075,2.8686037,-0.54872245,0.59245491,0.58983147,0
1.308362,1.4164013,0.40045503,0.79660392,0.15649378,0.5838939,0
3.1675694,-2.2622535,-3.190217,0.54872245,-0.59245491,-0.58983147,0
-3.4054301,3.1656694,2.2395406,-0.54872245,0.59245491,0.58983147,0
-0.32602239,0.66918814,-2.4390249,-0.79660392,-0.15649378,-0.5838939,0
-0.3447572,-2.267838,0.12024337,-0.25362587,-0.79025757,0.55782348,0
-3.0056221,2.6100075,3.212326,-0.54872245,0.59245491,0.58983147,0
-1.1108618,2.1821914,-1.1113449,0.25362587,0.79025757,-0.55782348,0
3.1594913,-2.934926,-2.4356189,0.54872245,-0.59245491,-0.58983147,0
-2.3969197,1.0138645,3.7614756,-0.25362587,-0.79025757,0.55782348,0
1.1054699,0.58733082,-2.2525291,0.25362587,0.79025757,-0.55782348,0
0.74903274,0.56146562,-2.4872317,0.25362587,0.79025757,-0.55782348,0
3.252049,-4.2826891,-1.0269704,0.54872245,-0.59245491,-0.58983147,0
0.085656285,-2.8684208,-0.28891349,-0.25362587,-0.79025757,0.55782348,0
-1.3379341,3.6353455,3.4555383,0.79660392,0.15649378,0.5838939,0
2.1852298,-2.4663098,-4.0132999,0.54872245,-0.59245491,-0.58983147,0
-1.7101469,-0.11811781,-0.041943848,-0.79660392,-0.15649378,-0.5838939,0
1.7670527,-0.2327038,0.29567379,0.79660392,0.15649378,0.5838939,0
2.4359627,-4.300868,-1.8353605,0.54872245,-0.59245491,-0.58983147,0
-0.46758115,-2.3998966,-1.4141636,-0.79660392,-0.15649378,-0.5838939,0
-2.0903609,-0.97523987,1.1194719,-0.25362587,-0.79025757,0.55782348,0
-3.1932774,3.5180497,1.8650947,-0.54872245,0.59245491,0.58983147,0
-2.0941758,1.9946613,-0.3531028,-0.79660392,-0.15649378,-0.5838939,0
1.2431619,0.0013908148,1.0417428,0.79660392,0.15649378,0.5838939,0
-2.4392648,2.900893,0.088806391,-0.79660392,-0.15649378,-0.5838939,0
2.9758832,-1.0257114,-3.8391509,0.25362587,0.79025757,-0.55782348,0
2.9609618,-1.126094,-1.1927152,0.79660392,0.15649378,0.5838939,0
1.7053275,0.76619017,-1.8594332,0.25362587,0.79025757,-0.55782348,0
-2.9168406,4.280252,1.0446758,0.25362587,0.79025757,-0.55782348,0
-2.078191,0.6894775,3.7136347,-0.25362587,-0.79025757,0.55782348,0
2.8620708,-1.8201691,-0.88610864,0.79660392,0.15649378,0.5838939,0
2.6623285,-2.791451,-0.43899369,0.79660392,0.15649378,0.5838939,0
1.4350555,-0.035453498,-3.082222,0.25362587,0.79025757,-0.55782348,0
-2.0823002,0.57256347,0.04515624,-0.79660392,-0.15649378,-0.5838939,0
4.2279763,-2.1436083,-2.5129251,0.54872245,-0.59245491,-0.58983147,0
-2.0377409,-1.0514362,1.0013194,-0.25362587,-0.79025757,0.55782348,0
1.4093611,-0.72441447,-4.0362902,0.25362587,0.79025757,-0.55782348,0
0.49425989,0.30247462,1.687409,0.79660392,0.15649378,0.5838939,0
1.7801456,0.098833755,-2.6994569,0.25362587,0.79025757,-0.55782348,0
-2.9096332,4.2655215,1.382298,-0.54872245,0.59245491,0.58983147,0
-2.8268442,3.9776335,1.8962054,-0.54872245,0.59245491,0.58983147,0
-1.8422418,-0.71181017,1.6310875,-0.25362587,-0.79025757,0.55782348,0
-3.6697326,1.5979974,2.1090932,-0.79660392,-0.15649378,-0.5838939,0
1.55554,1.212746,0.11819182,0.79660392,0.15649378,0.5838939,0
2.2415097,-0.54645133,-3.3278382,0.25362587,0.79025757,-0.55782348,0
2.811239,-1.106756,-4.0421753,0.25362587,0.79025757,-0.55782348,0
3.0038106,-0.38398758,-2.6741362,0.25362587,0.79025757,-0.55782348,0
1.6339257,0.3791362,0.17407164,0.79660392,0.15649378,0.5838939,0
1.4868169,-2.1365657,-4.0494947,-0.79660392,-0.15649378,-0.5838939,0
-3.6640511,3.0016155,1.4914207,-0.79660392,-0.15649378,-0.5838939,0
-0.24696541,3.3514991,0.90163064,0.25362587,0.79025757,-0.55782348,0
-2.5825849,2.5102026,3.4392629,-0.54872245,0.59245491,0.58983147,0
-2.1176996,2.760128,3.6052356,-0.54872245,0.59245491,0.58983147,0
-1.3840637,4.6547203,2.4437375,-0.54872245,0.59245491,0.58983147,0
4.1446972,-1.8483219,-2.9187517,0.54872245,-0.59245491,-0.58983147,0
-2.5842254,0.20923305,2.735152,-0.25362587,-0.79025757,0.55782348,0
-3.6086063,0.53357619,2.562264,-0.25362587,-0.79025757,0.55782348,0
-2.5626917,3.5594842,0.16442966,0.25362587,0.79025757,-0.55782348,0
1.3296001,-3.6744528,-3.5169296,-0.79660392,-0.15649378,-0.5838939,0
0.99659705,-2.5521417,-3.1248064,-0.79660392,-0.15649378,-0.5838939,0
-1.2574894,3.1152511,3.5980701,0.79660392,0.15649378,0.5838939,0
-0.1189158,-2.995997,-0.66304994,-0.25362587,-0.79025757,0.55782348,0
0.76298118,0.16451967,-3.0752549,0.25362587,0.79025757,-0.55782348,0
1.158061,-0.63176513,-3.8710692,-0.79660392,-0.15649378,-0.5838939,0
-0.3505348,3.6411963,1.9065127,0.79660392,0.15649378,0.5838939,0
-3.8379354,1.6424742,3.1344309,-0.54872245,0.59245491,0.58983147,0
0.4787426,-2.4863853,0.3680042,-0.25362587,-0.79025757,0.55782348,0
-0.47135127,-0.8828454,2.0190403,-0.25362587,-0.79025757,0.55782348,0
-1.8461231,-0.89021683,0.31832373,-0.79660392,-0.15649378,-0.5838939,0
0.084238648,0.12034702,-2.8734078,-0.79660392,-0.15649378,-0.5838939,0
0.22117531,-1.4548569,1.4926101,-0.25362587,-0.79025757,0.55782348,0
1.5476623,-3.97089,-1.2852707,-0.25362587,-0.79025757,0.55782348,0
-1.3276427,2.7211695,-0.29562128,0.25362587,0.79025757,-0.55782348,0
0.9068954,-2.7878723,0.028324604,-0.25362587,-0.79025757,0.55782348,0
1.9099102,-4.138124,-1.328948,-0.25362587,-0.79025757,0.55782348,0
3.2681799,-3.9238863,-1.5379534,0.54872245,-0.59245491,-0.58983147,0
3.0275114,-4.2208514,-1.416986,0.54872245,-0.59245491,-0.58983147,0
-2.6629379,0.097806811,1.0703487,-0.79660392,-0.15649378,-0.5838939,0
-0.078050762,-1.0807198,-2.2975078,-0.79660392,-0.15649378,-0.5838939,0
0.8630439,-0.18917942,-3.3457496,0.25362587,0.79025757,-0.55782348,0
4.0850887,-1.2370217,-3.2844772,0.54872245,-0.59245491,-0.58983147,0
4.2004471,-1.8737298,-2.7268515,0.54872245,-0.59245491,-0.58983147,0
2.8459167,-3.524091,-2.3982172,0.54872245,-0.59245491,-0.58983147,0
3.2387509,-2.9895163,-2.3267283,0.54872245,-0.59245491,-0.58983147,0
-1.4046232,2.9095602,3.7530003,0.79660392,0.15649378,0.5838939,0
0.18326747,-0.00072431564,-2.9451542,-0.79660392,-0.15649378,-0.5838939,0
1.4491363,-3.2529488,-0.22735834,-0.25362587,-0.79025757,0.55782348,0
1.5857658,-1.2875552,-4.3599882,-0.79660392,-0.15649378,-0.5838939,0
2.4218969,0.561445,-1.5192389,0.25362587,0.79025757,-0.55782348,0
2.1723206,-3.5608425,-0.61412692,-0.25362587,-0.79025757,0.55782348,0
0.20338818,1.8657241,1.8970377,0.79660392,0.15649378,0.5838939,0
3.1768665,-1.5955532,-3.8797226,0.54872245,-0.59245491,-0.58983147,0
-1.5913444,0.38961065,-0.45091978,-0.79660392,-0.15649378,-0.5838939,0
4.1477175,-1.1553918,-2.6281223,0.79660392,0.15649378,0.5838939,0
0.27954519,-0.10596943,-2.8311987,-0.79660392,-0.15649378,-0.5838939,0
2.0856318,-2.8794289,0.46861935,-0.25362587,-0.79025757,0.55782348,0
3.3518598,-1.3534561,-4.0972719,0.25362587,0.79025757,-0.55782348,0
0.1394335,2.3047025,-0.090726376,0.25362587,0.79025757,-0.55782348,0
-3.3838217,2.8292964,2.3644962,-0.54872245,0.59245491,0.58983147,0
1.6031749,-2.9729896,-3.9076557,0.54872245,-0.59245491,-0.58983147,0
-2.2771592,-0.045723736,2.3140392,-0.25362587,-0.79025757,0.55782348,0
-2.3873653,1.7224016,4.5258813,-0.54872245,0.59245491,0.58983147,0
2.1619551,-0.61362374,-3.5551345,0.25362587,0.79025757,-0.55782348,0
-3.0282941,3.0921211,2.3904657,-0.54872245,0.59245491,0.58983147,0
-1.5287541,0.71823728,-0.59860587,-0.79660392,-0.15649378,-0.5838939,0
-0.53966832,-1.6268343,0.89819801,-0.25362587,-0.79025757,0.55782348,0
-3.070313,2.8378546,2.6913209,-0.54872245,0.59245491,0.58983147,0
-1.7318869,0.81129164,-0.47714627,-0.79660392,-0.15649378,-0.5838939,0
0.41936228,0.5054791,1.8818423,0.79660392,0.15649378,0.5838939,0
2.134454,-1.8682388,-4.5011482,0.54872245,-0.59245491,-0.58983147,0
2.1980917,-1.3423979,-0.15410042,0.79660392,0.15649378,0.5838939,0
2.0784895,-0.30125946,-3.1017411,0.25362587,0.79025757,-0.55782348,0
2.6086485,0.60073829,-1.544116,0.25362587,0.79025757,-0.55782348,0
4.367332,-1.4010737,-2.9876142,0.54872245,-0.59245491,-0.58983147,0
2.4937656,-3.4313667,-2.6382675,0.54872245,-0.59245491,-0.58983147,0
0.82876861,-4.1964369,-2.1012139,-0.25362587,-0.79025757,0.55782348,0
-1.320333,3.1547875,0.20228744,0.25362587,0.79025757,-0.55782348,0
3.1934829,-0.44906393,-2.8459435,0.25362587,0.79025757,-0.55782348,0
3.365133,-2.0675724,-3.3604541,0.54872245,-0.59245491,-0.58983147,0
0.11495781,1.9332409,-0.74707323,0.25362587,0.79025757,-0.55782348,0
1.0173074,-2.4946461,0.63347447,-0.25362587,-0.79025757,0.55782348,0
2.985961,-4.0098362,-1.6147876,0.54872245,-0.59245491,-0.58983147,0
-0.72875965,-1.9049073,0.51362866,-0.25362587,-0.79025757,0.55782348,0
-2.8236344,2.5268335,3.2829809,-0.54872245,0.59245491,0.58983147,0
3.9749451,-2.4385076,-2.4542069,0.54872245,-0.59245491,-0.58983147,0
-2.3205054,1.6779199,4.6253872,-0.54872245,0.59245491,0.58983147,0
-1.6570982,1.100172,-0.77166367,-0.79660392,-0.15649378,-0.5838939,0
-0.24246676,1.7025639,2.3111198,0.79660392,0.15649378,0.5838939,0
1.578826,-3.4126039,-3.4885583,0.54872245,-0.59245491,-0.58983147,0
-0.093038797,-2.4637599,0.19716585,-0.25362587,-0.79025757,0.55782348,0
-1.1823497,-2.4729235,-0.31944704,-0.25362587,-0.79025757,0.55782348,0
1.3419107,-2.4016676,0.89723158,-0.25362587,-0.79025757,0.55782348,0
3.4827607,-3.0554066,-2.0124249,0.54872245,-0.59245491,-0.58983147,0
1.6975811,-1.6101828,0.83847785,0.79660392,0.15649378,0.5838939,0
1.2983917,-4.4147191,-2.9491763,0.54872245,-0.59245491,-0.58983147,0
0.54957938,-2.3771765,-2.656004,-0.79660392,-0.15649378,-0.5838939,0
1.6536765,-1.7650886,0.74576479,0.79660392,0.15649378,0.5838939,0
1.3207427,-4.6379395,-2.7583818,0.54872245,-0.59245491,-0.58983147,0
1.6672153,-3.3727541,-0.46647644,-0.25362587,-0.79025757,0.55782348,0
2.6912813,0.33403528,-1.8148901,0.25362587,0.79025757,-0.55782348,0
-2.2435601,1.6051114,4.7839746,-0.54872245,0.59245491,0.58983147,0
3.6838207,-1.7746351,-3.4115601,0.54872245,-0.59245491,-0.58983147,0
3.0371919,-2.356714,-0.89465809,0.79660392,0.15649378,0.5838939,0
1.6177573,-2.7832308,0.43571651,-0.25362587,-0.79025757,0.55782348,0
-3.4894755,3.4096422,1.7496529,-0.54872245,0.59245491,0.58983147,0
0.19410098,-2.650281,0.035205722,-0.25362587,-0.79025757,0.55782348,0
1.9809785,-4.2331967,-2.4614654,0.54872245,-0.59245491,-0.58983147,0
-2.229207,3.3955054,2.916729,-0.54872245,0.59245491,0.58983147,0
3.4967344,-0.52786994,-2.1440687,0.79660392,0.15649378,0.5838939,0
-2.9447215,3.6150427,2.0371704,-0.54872245,0.59245491,0.58983147,0
-0.31998587,3.1575825,0.77789736,0.25362587,0.79025757,-0.55782348,0
-3.5920167,2.7060189,1.765101,-0.79660392,-0.15649378,-0.5838939,0
2.2658672,-0.73091996,-3.44188,0.25362587,0.79025757,-0.55782348,0
-0.6277023,1.211589,3.1902211,0.79660392,0.15649378,0.5838939,0
-1.2721393,3.2173009,0.42163324,0.25362587,0.79025757,-0.55782348,0
-1.9123729,2.3756692,4.4307809,-0.54872245,0.59245491,0.58983147,0
-0.097692728,-2.0585489,0.71503574,-0.25362587,-0.79025757,0.55782348,0
3.0583673,-3.8987961,-1.5997019,0.54872245,-0.59245491,-0.58983147,0
1.7520729,-2.8761249,-3.8368092,0.54872245,-0.59245491,-0.58983147,0
-0.056471825,-2.9664898,-0.61132216,-0.25362587,-0.79025757,0.55782348,0
-2.3203495,0.41535926,0.59099567,-0.79660392,-0.15649378,-0.5838939,0
-3.3506975,0.42664993,1.8341532,-0.79660392,-0.15649378,-0.5838939,0
-2.2656064,-0.78796983,0.89343286,-0.79660392,-0.15649378,-0.5838939,0
-2.7777429,3.567781,2.3078699,-0.54872245,0.59245491,0.58983147,0
-1.8890485,2.1824996,-0.63625121,-0.79660392,-0.15649378,-0.5838939,0
-1.5981658,2.3370247,-0.95415527,0.25362587,0.79025757,-0.55782348,0
-1.8747195,-1.2745366,0.92390323,-0.25362587,-0.79025757,0.55782348,0
-4.0734091,2.4451411,2.3937359,-0.54872245,0.59245491,0.58983147,0
0.02447024,1.5526097,2.1404324,0.79660392,0.15649378,0.5838939,0
-1.7266791,3.0306578,3.7381244,-0.54872245,0.59245491,0.58983147,0
2.477294,-1.6660224,-0.27627969,0.79660392,0.15649378,0.5838939,0
3.0454087,-1.3025541,-3.9096808,0.25362587,0.79025757,-0.55782348,0
1.7371609,1.5902487,-0.3801263,0.25362587,0.79025757,-0.55782348,0
-0.38559711,1.3359183,-1.9513429,0.25362587,0.79025757,-0.55782348,0
-0.17953169,1.7457011,-1.2456559,0.25362587,0.79025757,-0.55782348,0
0.74309194,1.8974997,1.1650469,0.79660392,0.15649378,0.5838939,0
-2.0752192,2.7497444,3.8886471,-0.54872245,0.59245491,0.58983147,0
3.4774354,-2.6755903,-2.6004758,0.54872245,-0.59245491,-0.58983147,0
1.1908137,1.0991678,-1.3549645,0.25362587,0.79025757,-0.55782348,0
-2.4378462,-0.57183337,0.98813581,-0.79660392,-0.15649378,-0.5838939,0
-0.99381971,3.6154323,1.0383875,0.25362587,0.79025757,-0.55782348,0
3.89675,-1.4787385,-2.2494302,0.79660392,0.15649378,0.5838939,0
1.3069724,-1.0336047,-4.0474758,-0.79660392,-0.15649378,-0.5838939,0
2.0137849,-3.9501994,-2.5713902,0.54872245,-0.59245491,-0.58983147,0
-0.31179461,1.9311419,2.3984399,0.79660392,0.15649378,0.5838939,0
0.69716686,-3.3044882,-2.5018003,-0.79660392,-0.15649378,-0.5838939,0
1.1603693,2.1815052,0.50139773,0.79660392,0.15649378,0.5838939,0
2.0804145,-0.7154448,0.070497513,0.79660392,0.15649378,0.5838939,0
-3.2650771,3.625308,1.7945056,-0.54872245,0.59245491,0.58983147,0
3.9390087,-2.3331008,-2.0551867,0.79660392,0.15649378,0.5838939,0
-0.5869844,1.7943013,-1.3859309,0.25362587,0.79025757,-0.55782348,0
1.9871147,-4.2831469,-2.4437346,0.54872245,-0.59245491,-0.58983147,0
-0.32932627,2.3933012,-0.48396003,0.25362587,0.79025757,-0.55782348,0
-3.2170789,2.4665923,2.941875,-0.54872245,0.59245491,0.58983147,0
-2.2052298,3.9136293,0.96894646,0.25362587,0.79025757,-0.55782348,0
-1.7071018,1.2968689,4.6266131,0.79660392,0.15649378,0.5838939,0
-0.54889822,-2.2953146,0.2173174,-0.25362587,-0.79025757,0.55782348,0
4.2211514,-1.107445,-3.2845945,0.54872245,-0.59245491,-0.58983147,0
2.5157385,-2.4499786,-3.7472415,0.54872245,-0.59245491,-0.58983147,0
-1.0547965,1.8470008,-1.2699785,0.25362587,0.79025757,-0.55782348,0
2.6250248,-1.2561557,-4.2498231,0.25362587,0.79025757,-0.55782348,0
-3.982233,2.3629098,2.3874512,-0.54872245,0.59245491,0.58983147,0
-0.5705173,0.44287837,-1.8379689,-0.79660392,-0.15649378,-0.5838939,0
-4.1499748,1.8357209,2.8204823,-0.54872245,0.59245491,0.58983147,0
2.7842226,-4.2128482,-1.7431808,0.54872245,-0.59245491,-0.58983147,0
1.4066899,1.5617,0.25211507,0.79660392,0.15649378,0.5838939,0
1.1420327,0.63608193,0.99385077,0.79660392,0.15649378,0.5838939,0
-0.78818357,3.8280973,1.4421144,0.25362587,0.79025757,-0.55782348,0
2.9328172,-3.8137429,-1.844768,0.54872245,-0.59245491,-0.58983147,0
-2.241446,2.8096223,3.6904001,-0.54872245,0.59245491,0.58983147,0
-2.479306,-0.67647099,1.6533221,-0.25362587,-0.79025757,0.55782348,0
-1.8102355,3.8742208,2.9887514,-0.54872245,0.59245491,0.58983147,0
-1.2876296,0.078775287,-0.94934237,-0.79660392,-0.15649378,-0.5838939,0
1.2038975,-0.40235841,-3.7829809,0.25362587,0.79025757,-0.55782348,0
-2.2835288,1.5403781,0.27594733,-0.79660392,-0.15649378,-0.5838939,0
2.9341137,-1.9480561,-0.90444088,0.79660392,0.15649378,0.5838939,0
4.0948486,-2.0341299,-2.6698318,0.54872245,-0.59245491,-0.58983147,0
-1.9220501,2.5977931,3.9386988,-0.54872245,0.59245491,0.58983147,0
-3.7459164,2.0667348,2.8193927,-0.54872245,0.59245491,0.58983147,0
3.991447,-1.2805763,-3.3921494,0.54872245,-0.59245491,-0.58983147,0
0.79093373,-0.96720564,-3.2726507,-0.79660392,-0.15649378,-0.5838939,0
0.86302584,-1.0747728,1.594726,0.79660392,0.15649378,0.5838939,0
-0.52503085,-2.7415152,-0.4905324,-0.25362587,-0.79025757,0.55782348,0
-0.2608813,-0.47070998,2.7524772,-0.25362587,-0.79025757,0.55782348,0
-2.5455027,0.57422239,3.1759744,-0.25362587,-0.79025757,0.55782348,0
3.5505095,-0.4468019,-2.6528401,0.25362587,0.79025757,-0.55782348,0
2.7565372,-3.7600751,-0.60752344,-0.25362587,-0.79025757,0.55782348,0
-0.55337882,-1.8069092,0.89372927,-0.25362587,-0.79025757,0.55782348,0
-1.9520504,2.2900925,4.3513885,-0.54872245,0.59245491,0.58983147,0
-2.5002098,1.3066479,4.1416097,-0.25362587,-0.79025757,0.55782348,0
1.9195061,-2.1120477,-4.4689035,0.54872245,-0.59245491,-0.58983147,0
-0.72352052,-0.3251074,2.82581,-0.25362587,-0.79025757,0.55782348,0
1.1527555,-2.8434138,-3.32657,-0.79660392,-0.15649378,-0.5838939,0
1.9416959,-1.0206584,-4.0180626,0.25362587,0.79025757,-0.55782348,0
-2.1792178,0.56831491,0.21133769,-0.79660392,-0.15649378,-0.5838939,0
3.808604,-2.3195214,-2.6452446,0.54872245,-0.59245491,-0.58983147,0
0.68040931,-3.3763137,-0.79322433,-0.25362587,-0.79025757,0.55782348,0
2.0878904,-0.53484178,-0.054026604,0.79660392,0.15649378,0.5838939,0
2.1437612,-3.0632427,0.08188343,-0.25362587,-0.79025757,0.55782348,0
2.6312292,-4.4084511,-1.4700642,-0.25362587,-0.79025757,0.55782348,0
-3.2738128,4.255362,1.0016241,-0.54872245,0.59245491,0.58983147,0
-3.2234752,2.1516223,3.1898236,-0.54872245,0.59245491,0.58983147,0
2.9689238,-3.2089202,-2.5336671,0.54872245,-0.59245491,-0.58983147,0
1.7334348,-1.846402,0.54598165,0.79660392,0.15649378,0.5838939,0
3.5419874,-0.58371198,-2.6644278,0.25362587,0.79025757,-0.55782348,0
0.019975424,0.6125437,-2.7227006,0.25362587,0.79025757,-0.55782348,0
-0.92953146,-0.9184972,-1.0642333,-0.79660392,-0.15649378,-0.5838939,0
2.3920772,-3.1723373,-2.9838548,0.54872245,-0.59245491,-0.58983147,0
-1.4975982,1.371045,4.2857137,0.79660392,0.15649378,0.5838939,0
-1.5560546,3.9028194,3.0321383,-0.54872245,0.59245491,0.58983147,0
2.296597,-1.4576775,-0.03956008,0.79660392,0.15649378,0.5838939,0
0.54091406,-2.2870226,-2.7183859,-0.79660392,-0.15649378,-0.5838939,0
1.0809454,-2.6818905,-3.4181566,-0.79660392,-0.15649378,-0.5838939,0
-3.1272275,0.70395464,3.2480383,-0.25362587,-0.79025757,0.55782348,0
2.2677631,-2.9151845,-3.5767407,0.54872245,-0.59245491,-0.58983147,0
1.9340823,1.1609131,-0.33913416,0.79660392,0.15649378,0.5838939,0
-2.8411763,1.5235814,0.98813772,-0.79660392,-0.15649378,-0.5838939,0
3.7970028,-1.2431608,-3.5345402,0.54872245,-0.59245491,-0.58983147,0
2.7473021,0.3470757,-1.3701479,0.79660392,0.15649378,0.5838939,0
-1.9365393,0.33902502,-0.015761375,-0.79660392,-0.15649378,-0.5838939,0
1.4860544,-1.6618969,-4.1576281,-0.79660392,-0.15649378,-0.5838939,0
0.95623958,-0.88644671,-3.6431389,-0.79660392,-0.15649378,-0.5838939,0
3.8985777,-2.1181426,-2.7097955,0.54872245,-0.59245491,-0.58983147,0
-1.4165488,-1.7270528,0.40425837,-0.25362587,-0.79025757,0.55782348,0
3.3730435,-1.2028136,-1.7030916,0.79660392,0.15649378,0.5838939,0
1.1135969,0.073640227,1.1205168,0.79660392,0.15649378,0.5838939,0
3.6710768,-2.9545531,-2.1438165,0.54872245,-0.59245491,-0.58983147,0
1.3684152,-2.3850198,-3.9183326,-0.79660392,-0.15649378,-0.5838939,0
2.3433278,-0.14499401,-2.7022588,0.25362587,0.79025757,-0.55782348,0
-4.0991526,1.632973,3.0602593,-0.54872245,0.59245491,0.58983147,0
1.0862489,-4.0004058,-2.8564425,-0.79660392,-0.15649378,-0.5838939,0
1.3506132,-0.15549707,-3.1146894,0.25362587,0.79025757,-0.55782348,0
-3.363946,1.0734968,1.7817893,-0.79660392,-0.15649378,-0.5838939,0
2.9360361,-2.5444067,-3.0414643,0.54872245,-0.59245491,-0.58983147,0
0.71625686,-3.7519526,-2.5579677,-0.79660392,-0.15649378,-0.5838939,0
-2.6478546,0.33846667,3.014194,-0.25362587,-0.79025757,0.55782348,0
-3.8354506,1.3539908,2.3036919,-0.79660392,-0.15649378,-0.5838939,0
-3.8864753,1.1608589,2.5411506,-0.79660392,-0.15649378,-0.5838939,0
3.2557919,-1.4241691,-1.4584446,0.79660392,0.15649378,0.5838939,0
0.086885691,0.28882205,-2.8068812,-0.79660392,-0.15649378,-0.5838939,0
0.46438283,-2.4230185,-2.5552771,-0.79660392,-0.15649378,-0.5838939,0
0.76540542,-3.3170977,-0.88782001,-0.25362587,-0.79025757,0.55782348,0
-1.5966079,3.9435363,3.1010141,-0.54872245,0.59245491,0.58983147,0
2.593365,0.78599703,-1.1821954,0.25362587,0.79025757,-0.55782348,0
-2.9552159,0.48649681,2.855809,-0.25362587,-0.79025757,0.55782348,0
3.1342487,-3.1118264,-2.5519214,0.54872245,-0.59245491,-0.58983147,0
2.8045077,-2.6236534,-3.0692997,0.54872245,-0.59245491,-0.58983147,0
-2.0361547,2.5110738,-0.49811399,-0.79660392,-0.15649378,-0.5838939,0
2.9333704,-3.154402,-2.6552343,0.54872245,-0.59245491,-0.58983147,0
0.11061013,-0.74914467,2.6636605,-0.25362587,-0.79025757,0.55782348,0
1.4666017,-4.1068316,-2.9072433,0.54872245,-0.59245491,-0.58983147,0
1.6083388,0.52013886,-2.235281,0.25362587,0.79025757,-0.55782348,0
0.76954758,2.6684792,0.53055644,0.25362587,0.79025757,-0.55782348,0
-2.6084495,3.0400269,2.8672738,-0.54872245,0.59245491,0.58983147,0
3.1817079,-2.394243,-1.0870936,0.79660392,0.15649378,0.5838939,0
2.131969,-1.4146882,-4.5661969,0.25362587,0.79025757,-0.55782348,0
1.6517899,0.07387805,0.26710147,0.79660392,0.15649378,0.5838939,0
-2.8133178,0.46426946,1.2364991,-0.79660392,-0.15649378,-0.5838939,0
3.5634115,-1.5927572,-3.5080791,0.54872245,-0.59245491,-0.58983147,0
3.8500323,-2.034812,-2.219964,0.79660392,0.15649378,0.5838939,0
-0.20233941,1.9077507,2.462465,0.79660392,0.15649378,0.5838939,0
-1.903464,4.4640017,2.0721779,-0.54872245,0.59245491,0.58983147,0
-3.3008254,2.6478834,2.5948324,-0.54872245,0.59245491,0.58983147,0
3.3372989,-4.22645,-1.0919514,0.54872245,-0.59245491,-0.58983147,0
1.5347365,-2.8648019,0.12281799,-0.25362587,-0.79025757,0.55782348,0
3.3733869,-1.0535858,-3.4445238,0.25362587,0.79025757,-0.55782348,0
-1.9972255,2.723489,3.7930555,-0.54872245,0.59245491,0.58983147,0
-2.2024801,1.1945118,0.23501849,-0.79660392,-0.15649378,-0.5838939,0
-1.6596859,2.2521629,4.1812305,0.79660392,0.15649378,0.5838939,0
0.48919451,-3.717998,-2.1053753,-0.79660392,-0.15649378,-0.5838939,0
2.9171572,-2.2699771,-0.78248787,0.79660392,0.15649378,0.5838939,0
-2.127984,4.0921469,2.4455681,-0.54872245,0.59245491,0.58983147,0
0.52598006,-1.0715343,-2.8353205,-0.79660392,-0.15649378,-0.5838939,0
1.6983271,-1.2356507,0.60403907,0.79660392,0.15649378,0.5838939,0
-2.0143023,2.9908974,3.6750917,-0.54872245,0.59245491,0.58983147,0
3.3524265,-3.2736893,-0.99267387,0.79660392,0.15649378,0.5838939,0
1.5426179,-0.11965561,0.65892678,0.79660392,0.15649378,0.5838939,0
-1.491452,4.1629257,1.7481737,0.25362587,0.79025757,-0.55782348,0
1.0491531,-3.3800766,-0.77745628,-0.25362587,-0.79025757,0.55782348,0
0.84249246,-3.5005465,-0.88271117,-0.25362587,-0.79025757,0.55782348,0
-3.2321539,1.2535067,3.7178717,-0.25362587,-0.79025757,0.55782348,0
2.013154,-0.82900083,0.12313783,0.79660392,0.15649378,0.5838939,0
-3.6597769,3.1622806,1.7645593,-0.54872245,0.59245491,0.58983147,0
0.60727561,-0.7304619,2.0273006,0.79660392,0.15649378,0.5838939,0
-1.457047,2.4863234,-0.62446165,0.25362587,0.79025757,-0.55782348,0
-0.10307634,-2.4178605,-1.8696132,-0.79660392,-0.15649378,-0.5838939,0
1.3635625,1.5205141,0.43840945,0.79660392,0.15649378,0.5838939,0
3.3872569,-3.8054891,-1.4079399,0.54872245,-0.59245491,-0.58983147,0
3.6326518,-3.0290833,-1.9973106,0.54872245,-0.59245491,-0.58983147,0
-0.50152171,3.3934042,1.1305614,0.25362587,0.79025757,-0.55782348,0
-0.12184799,0.43154109,-2.394486,-0.79660392,-0.15649378,-0.5838939,0
2.9122763,-2.4344857,-3.3657928,0.54872245,-0.59245491,-0.58983147,0
-1.2538056,-1.5144882,1.0256286,-0.25362587,-0.79025757,0.55782348,0
-0.20019221,-1.8890662,-1.7912292,-0.79660392,-0.15649378,-0.5838939,0
3.6514895,-1.5220857,-3.4854541,0.54872245,-0.59245491,-0.58983147,0
0.031320095,-0.55158764,2.5885375,0.79660392,0.15649378,0.5838939,0
0.8173815,-2.106719,-3.1500742,-0.79660392,-0.15649378,-0.5838939,0
2.0605311,-2.8808451,-3.5099101,0.54872245,-0.59245491,-0.58983147,0
-3.3005493,2.812798,2.685606,-0.54872245,0.59245491,0.58983147,0
0.042019904,2.1092143,2.0648959,0.79660392,0.15649378,0.5838939,0
-2.7618132,0.14518511,2.3598475,-0.25362587,-0.79025757,0.55782348,0
-0.5486753,2.1357613,-0.84701675,0.25362587,0.79025757,-0.55782348,0
-1.6799999,-0.22384131,-0.34250772,-0.79660392,-0.15649378,-0.5838939,0
0.76924586,1.725459,1.1201912,0.79660392,0.15649378,0.5838939,0
1.0958979,1.2831461,-1.2942774,0.25362587,0.79025757,-0.55782348,0
-0.057065248,-1.595266,1.4190733,-0.25362587,-0.79025757,0.55782348,0
-3.0259519,0.27288866,1.5657601,-0.79660392,-0.15649378,-0.5838939,0
0.8901875,0.36663434,-2.6372261,0.25362587,0.79025757,-0.55782348,0
2.6435645,-0.023471951,-2.3169415,0.25362587,0.79025757,-0.55782348,0
-0.46054697,-1.4388258,1.3423452,-0.25362587,-0.79025757,0.55782348,0
-0.28855896,-1.7840062,1.0092021,-0.25362587,-0.79025757,0.55782348,0
0.5153898,-0.30849588,-3.1049132,-0.79660392,-0.15649378,-0.5838939,0
2.553488,-0.78775823,-0.85859656,0.79660392,0.15649378,0.5838939,0
3.510591,-1.1530125,-3.5838113,0.25362587,0.79025757,-0.55782348,0
2.3550134,0.79047835,-0.88959467,0.79660392,0.15649378,0.5838939,0
-4.2323322,1.6854452,2.920249,-0.54872245,0.59245491,0.58983147,0
0.21378875,-0.12330687,2.3583899,0.79660392,0.15649378,0.5838939,0
3.5551376,-4.157299,-1.1527395,0.54872245,-0.59245491,-0.58983147,0
-1.7669281,2.2437751,-0.80830729,-0.79660392,-0.15649378,-0.5838939,0
-0.93614548,0.018208385,-1.3167531,-0.79660392,-0.15649378,-0.5838939,0
1.8701823,-1.2876062,-4.6487126,0.25362587,0.79025757,-0.55782348,0
-1.6656651,-0.80033731,1.8414599,-0.25362587,-0.79025757,0.55782348,0
-0.60674667,-1.8139598,-1.4120771,-0.79660392,-0.15649378,-0.5838939,0
0.58381534,-4.2228565,-2.0079904,-0.25362587,-0.79025757,0.55782348,0
3.6836333,-0.62762535,-2.6832581,0.25362587,0.79025757,-0.55782348,0
3.293046,-1.836062,-3.4926972,0.54872245,-0.59245491,-0.58983147,0
0.6682831,-4.285253,-2.0895195,-0.25362587,-0.79025757,0.55782348,0
-3.3348966,3.2187526,2.0579286,-0.54872245,0.59245491,0.58983147,0
2.3730156,-2.9965591,-3.2790751,0.54872245,-0.59245491,-0.58983147,0
2.3931451,-3.3030894,-2.9229836,0.54872245,-0.59245491,-0.58983147,0
2.5781279,-2.5327632,-3.3697233,0.54872245,-0.59245491,-0.58983147,0
2.4965174,-1.1597025,-4.1370478,0.25362587,0.79025757,-0.55782348,0
3.1553526,-4.0403681,-1.3497071,0.54872245,-0.59245491,-0.58983147,0
3.0423293,-1.5282533,-4.2411833,0.54872245,-0.59245491,-0.58983147,0
2.9896762,-2.4386673,-3.385695,0.54872245,-0.59245491,-0.58983147,0
-2.2385519,1.2421838,0.12685895,-0.79660392,-0.15649378,-0.5838939,0
3.7419081,-1.4667909,-3.6085706,0.54872245,-0.59245491,-0.58983147,0
1.8420064,-2.0619025,0.73460937,0.79660392,0.15649378,0.5838939,0
2.5286469,0.44365096,-1.7986867,0.25362587,0.79025757,-0.55782348,0
-3.3351202,4.113122,1.2351117,-0.54872245,0.59245491,0.58983147,0
1.4444261,-1.730023,-3.9576168,-0.79660392,-0.15649378,-0.5838939,0
-2.4444149,4.0618601,1.9785323,-0.54872245,0.59245491,0.58983147,0
1.7875471,-0.32807457,-3.272275,0.25362587,0.79025757,-0.55782348,0
-1.8565139,4.0366669,1.4065137,0.25362587,0.79025757,-0.55782348,0
3.7518992,-2.0425308,-1.9319396,0.79660392,0.15649378,0.5838939,0
-0.98074508,4.4242077,2.3335423,0.25362587,0.79025757,-0.55782348,0
-1.5093303,2.4880919,-0.64673841,0.25362587,0.79025757,-0.55782348,0
1.9205977,-4.5261426,-1.9509792,-0.25362587,-0.79025757,0.55782348,0
1.8839535,-1.8892363,-4.774909,-0.79660392,-0.15649378,-0.5838939,0
0.75599283,1.3774935,1.1081905,0.79660392,0.15649378,0.5838939,0
0.41544411,-2.0047371,-2.5306664,-0.79660392,-0.15649378,-0.5838939,0
2.2967215,-0.5584172,-3.2495172,0.25362587,0.79025757,-0.55782348,0
0.36946738,3.145473,1.2035253,0.79660392,0.15649378,0.5838939,0
-1.6244187,2.36761,-0.95950937,0.25362587,0.79025757,-0.55782348,0
-0.95959663,-2.3273292,-0.0025622249,-0.25362587,-0.79025757,0.55782348,0
2.1024125,-2.6604881,-3.7128544,0.54872245,-0.59245491,-0.58983147,0
2.4981375,0.92157912,-1.1692945,0.79660392,0.15649378,0.5838939,0
-1.5875497,2.0411294,4.0804596,0.79660392,0.15649378,0.5838939,0
1.7582941,0.11720657,0.0073596835,0.79660392,0.15649378,0.5838939,0
4.0159788,-2.3533649,-2.2121677,0.79660392,0.15649378,0.5838939,0
-3.3823299,1.6903775,3.7373023,-0.54872245,0.59245491,0.58983147,0
-2.4028797,0.081957847,2.5701375,-0.25362587,-0.79025757,0.55782348,0
-0.18098426,-2.2058191,-1.8495874,-0.79660392,-0.15649378,-0.5838939,0
3.5792918,-1.38613,-2.1063223,0.79660392,0.15649378,0.5838939,0
-3.4368355,0.18874133,2.0609004,-0.79660392,-0.15649378,-0.5838939,0
-0.9031353,-0.83403325,2.0129948,-0.25362587,-0.79025757,0.55782348,0
-2.7501082,0.48936385,1.1846788,-0.79660392,-0.15649378,-0.5838939,0
2.5303335,-1.3532428,-0.67472601,0.79660392,0.15649378,0.5838939,0
1.4403487,-4.6706743,-2.5564523,0.54872245,-0.59245491,-0.58983147,0
2.2474711,-2.6198821,-3.6893768,0.54872245,-0.59245491,-0.58983147,0
1.3811646,-2.4534965,0.87509793,-0.25362587,-0.79025757,0.55782348,0
0.12195396,2.3251953,-0.13244402,0.25362587,0.79025757,-0.55782348,0
4.1805215,-1.9196205,-2.7398643,0.79660392,0.15649378,0.5838939,0
1.8255479,-1.2550392,-4.5787416,-0.79660392,-0.15649378,-0.5838939,0
-4.4134736,1.4166436,3.0864439,-0.54872245,0.59245491,0.58983147,0
-0.48949367,2.2700872,2.6854005,0.79660392,0.15649378,0.5838939,0
-0.88067877,0.86185169,3.4876258,0.79660392,0.15649378,0.5838939,0
2.6699679,-1.2268704,-0.61268997,0.79660392,0.15649378,0.5838939,0
2.0831604,0.12775826,-0.26963413,0.79660392,0.15649378,0.5838939,0
0.60116124,-2.2189879,0.75271177,-0.25362587,-0.79025757,0.55782348,0
-4.3552914,1.2435238,3.0127616,-0.79660392,-0.15649378,-0.5838939,0
-0.77765441,0.64806414,3.4351768,0.79660392,0.15649378,0.5838939,0
0.1717599,0.350945,2.1051302,0.79660392,0.15649378,0.5838939,0
-2.9323688,4.4474568,1.3847136,-0.54872245,0.59245491,0.58983147,0
-2.8728011,2.3328607,3.4856362,-0.54872245,0.59245491,0.58983147,0
-1.4547448,2.1484046,-1.2856538,0.25362587,0.79025757,-0.55782348,0
0.48857099,-2.3337708,-2.5859959,-0.79660392,-0.15649378,-0.5838939,0
-2.2634978,2.2053633,4.3231397,-0.54872245,0.59245491,0.58983147,0
-1.7053152,2.4145355,4.375803,0.79660392,0.15649378,0.5838939,0
2.9023724,-0.32295096,-1.4404228,0.79660392,0.15649378,0.5838939,0
4.1570606,-1.7691534,-2.9835544,0.54872245,-0.59245491,-0.58983147,0
0.5653162,-1.4255437,1.8424777,-0.25362587,-0.79025757,0.55782348,0
1.8501132,0.046583019,-2.8402169,0.25362587,0.79025757,-0.55782348,0
0.41482472,-1.3574858,1.6963869,-0.25362587,-0.79025757,0.55782348,0
1.2152035,-0.70281684,-3.8705459,-0.79660392,-0.15649378,-0.5838939,0
1.9210225,-2.8727489,-3.7398763,0.54872245,-0.59245491,-0.58983147,0
2.5790901,-4.3689237,-1.5935464,0.54872245,-0.59245491,-0.58983147,0
1.0489814,-3.101485,-0.44033551,-0.25362587,-0.79025757,0.55782348,0
-1.2060556,-0.54387724,-0.82591051,-0.79660392,-0.15649378,-0.5838939,0
2.4373395,-1.4968157,-4.4511819,0.25362587,0.79025757,-0.55782348,0
0.60202932,0.014453292,1.6571698,0.79660392,0.15649378,0.5838939,0
1.772058,-1.3877085,0.60249746,0.79660392,0.15649378,0.5838939,0
-0.6629805,-1.6885815,-1.3490361,-0.79660392,-0.15649378,-0.5838939,0
1.0193691,0.10392708,-3.1361301,0.25362587,0.79025757,-0.55782348,0
-2.872925,2.0578036,0.87398648,-0.79660392,-0.15649378,-0.5838939,0
-1.3555382,-1.8174498,-0.21291289,-0.79660392,-0.15649378,-0.5838939,0
-0.99347568,3.5085289,2.9976449,0.79660392,0.15649378,0.5838939,0
-1.595295,1.7863182,4.4263835,0.79660392,0.15649378,0.5838939,0
0.80572259,-3.2563238,-0.67102218,-0.25362587,-0.79025757,0.55782348,0
-0.082336903,1.8289248,-1.206493,0.25362587,0.79025757,-0.55782348,0
-0.45238853,-1.4988693,-1.3955133,-0.79660392,-0.15649378,-0.5838939,0
3.3772409,-1.8520998,-3.587821,0.54872245,-0.59245491,-0.58983147,0
-0.35931933,-2.2956336,-1.4175506,-0.79660392,-0.15649378,-0.5838939,0
3.624855,-1.7280806,-3.5163918,0.54872245,-0.59245491,-0.58983147,0
-2.8894105,3.2005639,2.6636667,-0.54872245,0.59245491,0.58983147,0
2.9778943,-0.62962902,-3.0137227,0.25362587,0.79025757,-0.55782348,0
-3.4957361,2.5076628,1.6129384,-0.79660392,-0.15649378,-0.5838939,0
0.96875608,-2.86656,0.074108839,-0.25362587,-0.79025757,0.55782348,0
-2.9939647,1.0688419,1.2242646,-0.79660392,-0.15649378,-0.5838939,0
3.4501934,-2.7557495,-2.5453792,0.54872245,-0.59245491,-0.58983147,0
1.6949911,-1.4867873,-4.6034389,-0.79660392,-0.15649378,-0.5838939,0
-0.93044007,1.5525365,3.5829034,0.79660392,0.15649378,0.5838939,0
1.7931197,-2.9730897,0.045351505,-0.25362587,-0.79025757,0.55782348,0
-3.752039,2.8488874,2.139205,-0.54872245,0.59245491,0.58983147,0
-3.3230729,4.022789,1.2330008,-0.54872245,0.59245491,0.58983147,0
3.6348059,-0.53338504,-2.5308108,0.25362587,0.79025757,-0.55782348,0
0.69618922,-0.98927546,1.9357209,0.79660392,0.15649378,0.5838939,0
2.0862515,-3.8327525,-2.7199306,0.54872245,-0.59245491,-0.58983147,0
-1.225112,4.7520075,2.5987797,-0.54872245,0.59245491,0.58983147,0
0.29987049,1.5118214,-1.2729368,0.25362587,0.79025757,-0.55782348,0
-4.2469711,1.1892754,3.267992,-0.25362587,-0.79025757,0.55782348,0
-1.4661969,0.23276401,-0.54299879,-0.79660392,-0.15649378,-0.5838939,0
1.3031946,0.46730053,0.71249723,0.79660392,0.15649378,0.5838939,0
-0.65522289,2.4261837,-0.49796534,0.25362587,0.79025757,-0.55782348,0
-0.45091903,2.7989228,0.083821774,0.25362587,0.79025757,-0.55782348,0
-0.8092472,2.3718204,2.931829,0.79660392,0.15649378,0.5838939,0
-1.5280507,-1.4016414,0.78145045,-0.25362587,-0.79025757,0.55782348,0
-2.2842267,0.82945788,3.7013788,-0.25362587,-0.79025757,0.55782348,0
-0.82274795,3.1868594,2.7742355,0.79660392,0.15649378,0.5838939,0
0.71989298,1.0460113,1.2435558,0.79660392,0.15649378,0.5838939,0
-4.2062235,1.5044357,2.9510293,-0.54872245,0.59245491,0.58983147,0
2.0669217,-4.125226,-2.5750885,0.54872245,-0.59245491,-0.58983147,0
-2.3721538,-0.66757441,0.90181804,-0.79660392,-0.15649378,-0.5838939,0
1.775615,-2.7609024,0.41911983,-0.25362587,-0.79025757,0.55782348,0
3.4936581,-0.37736559,-2.4777339,0.25362587,0.79025757,-0.55782348,0
0.66855568,0.24127877,1.695583,0.79660392,0.15649378,0.5838939,0
-2.5485253,0.28517163,0.77306318,-0.79660392,-0.15649378,-0.5838939,0
-1.6956215,3.6300755,3.2557993,-0.54872245,0.59245491,0.58983147,0
-2.7664456,3.5188637,2.2578406,-0.54872245,0.59245491,0.58983147,0
1.318543,-4.3261971,-2.7970214,0.54872245,-0.59245491,-0.58983147,0
0.44285777,-2.7659736,-2.5353982,-0.79660392,-0.15649378,-0.5838939,0
1.9456909,-3.7319913,-2.8930731,0.54872245,-0.59245491,-0.58983147,0
1.0465887,-0.1104095,-3.2588537,0.25362587,0.79025757,-0.55782348,0
