0.85312808,1.6591548,-0.76732242,0.93902987,0.33190364,-0.089792669,0
0.27688944,-2.0892608,0.74838436,0.31366599,-0.71993691,0.61911583,0
-1.6632359,0.60972798,2.4413996,-0.93902987,-0.33190364,0.089792669,0
-1.6765437,0.075967968,-0.6920296,-0.93902987,-0.33190364,0.089792669,0
0.50014114,-3.9425921,-1.9505537,0.14084172,-0.60953319,-0.78014922,0
-1.0763592,2.3032219,0.061331272,-0.31366599,0.71993691,-0.61911583,0
-1.347214,-0.69554114,-3.4737222,-0.31366599,0.71993691,-0.61911583,0
-0.41726327,-2.9260063,0.020538926,0.31366599,-0.71993691,0.61911583,0
-1.09929,-1.0462295,2.1992888,-0.93902987,-0.33190364,0.089792669,0
-0.99777973,1.0267265,4.2571621,-0.14084172,0.60953319,0.78014922,0
-1.4982064,3.6324656,2.1129646,-0.14084172,0.60953319,0.78014922,0
0.90437895,2.7598681,2.6940324,0.93902987,0.33190364,-0.089792669,0
-1.7183638,2.8436213,1.0048162,-0.31366599,0.71993691,-0.61911583,0
-0.38399264,-1.9019673,-3.7327299,0.14084172,-0.60953319,-0.78014922,0
-0.24967289,0.56359512,-2.574286,-0.31366599,0.71993691,-0.61911583,0
-0.94494265,-0.061207473,-2.854635,-0.31366599,0.71993691,-0.61911583,0
-1.062701,-1.4363196,0.32363027,-0.93902987,-0.33190364,0.089792669,0
-0.63166678,1.1796684,4.2145576,-0.14084172,0.60953319,0.78014922,0
1.2940629,-2.7802305,-0.65786338,0.31366599,-0.71993691,0.61911583,0
-1.0144057,-2.4038203,-3.5067942,0.14084172,-0.60953319,-0.78014922,0
0.66714138,-2.3491199,-3.1348939,0.14084172,-0.60953319,-0.78014922,0
-1.7709761,0.021128178,-1.4555283,-0.93902987,-0.33190364,0.089792669,0
0.96901667,1.9168736,1.0349793,0.93902987,0.33190364,-0.089792669,0
0.66143727,2.9286358,2.900856,-0.14084172,0.60953319,0.78014922,0
0.25412238,2.2869222,-0.83872533,-0.31366599,0.71993691,-0.61911583,0
-0.55590314,2.3677111,3.1523371,-0.14084172,0.60953319,0.78014922,0
1.6773275,0.17285848,0.87992054,0.93902987,0.33190364,-0.089792669,0
2.0369616,-1.4337454,-0.25742483,0.93902987,0.33190364,-0.089792669,0
-1.5650091,1.3441306,3.6745355,-0.14084172,0.60953319,0.78014922,0
0.40883231,3.2408886,2.5455873,-0.14084172,0.60953319,0.78014922,0
-1.2271487,-0.86036325,0.71720034,-0.93902987,-0.33190364,0.089792669,0
2.118716,-1.3307747,-0.018917203,0.93902987,0.33190364,-0.089792669,0
1.9225752,-1.6226165,-3.3779211,0.93902987,0.33190364,-0.089792669,0
-0.75902933,-3.187294,-2.821481,0.14084172,-0.60953319,-0.78014922,0
0.73627746,2.4086959,-0.23969258,0.93902987,0.33190364,-0.089792669,0
-2.1458402,2.2735009,0.47271264,-0.31366599,0.71993691,-0.61911583,0
-1.3561227,1.9359782,3.479249,-0.14084172,0.60953319,0.78014922,0
0.96461856,-2.1198039,0.30381399,0.31366599,-0.71993691,0.61911583,0
-0.41804826,2.9012148,0.48996508,-0.31366599,0.71993691,-0.61911583,0
-0.78300983,-3.0935485,-2.7475958,-0.93902987,-0.33190364,0.089792669,0
-0.024989843,-0.82396352,2.3575077,0.31366599,-0.71993691,0.61911583,0
0.5144645,-3.3027425,-2.3307526,0.14084172,-0.60953319,-0.78014922,0
1.7266829,-0.26421702,0.66039515,0.93902987,0.33190364,-0.089792669,0
-0.6325649,0.74717563,4.3923326,0.31366599,-0.71993691,0.61911583,0
-1.1422068,-2.0254467,-2.3126915,-0.93902987,-0.33190364,0.089792669,0
0.61088848,2.9502401,1.7015607,0.93902987,0.33190364,-0.089792669,0
2.0667655,-1.4230134,0.46727717,0.93902987,0.33190364,-0.089792669,0
-0.046917796,-1.6322,-3.7887194,0.14084172,-0.60953319,-0.78014922,0
-1.0945294,-2.1455927,-3.1644359,-0.93902987,-0.33190364,0.089792669,0
0.6502291,2.6226196,-0.076592714,0.93902987,0.33190364,-0.089792669,0
-1.1848853,-1.3454621,-1.6996515,-0.93902987,-0.33190364,0.089792669,0
0.4750843,-2.9489679,-0.35457689,0.31366599,-0.71993691,0.61911583,0
1.5853609,-0.74525774,1.6543317,0.31366599,-0.71993691,0.61911583,0
0.035336614,1.8605232,-1.0448971,-0.31366599,0.71993691,-0.61911583,0
0.21799791,-2.6317711,-2.9593852,0.14084172,-0.60953319,-0.78014922,0
2.1133735,-1.9363581,-1.7385466,0.93902987,0.33190364,-0.089792669,0
1.8811681,-0.56827646,0.60516024,0.93902987,0.33190364,-0.089792669,0
-2.0016987,1.0142949,-1.1253884,-0.93902987,-0.33190364,0.089792669,0
1.3792119,0.63101959,-1.0267444,0.93902987,0.33190364,-0.089792669,0
0.43370295,-3.7206612,-2.2321379,0.14084172,-0.60953319,-0.78014922,0
1.5381569,1.1559267,3.2319851,0.93902987,0.33190364,-0.089792669,0
-0.054380417,-3.3088706,-2.4642472,0.14084172,-0.60953319,-0.78014922,0
1.7549423,-2.4339423,-2.874958,0.14084172,-0.60953319,-0.78014922,0
0.58917904,3.4531407,2.5759339,0.93902987,0.33190364,-0.089792669,0
0.45809934,2.3929186,3.2679777,-0.14084172,0.60953319,0.78014922,0
1.3488297,-3.095438,-1.0729585,0.31366599,-0.71993691,0.61911583,0
-1.1218679,-1.2908489,1.2686284,-0.93902987,-0.33190364,0.089792669,0
1.7381572,-2.7925787,-0.82877469,0.31366599,-0.71993691,0.61911583,0
0.81321317,1.4014645,-2.0654685,-0.31366599,0.71993691,-0.61911583,0
1.5482906,-0.010032058,-1.3205504,0.93902987,0.33190364,-0.089792669,0
-1.4442185,2.4380932,2.9345798,-0.14084172,0.60953319,0.78014922,0
1.3688719,-2.5366888,-0.30072021,0.31366599,-0.71993691,0.61911583,0
-0.041705728,-0.68795323,-3.9838157,-0.31366599,0.71993691,-0.61911583,0
-0.78352523,-2.6125212,-2.1265407,-0.93902987,-0.33190364,0.089792669,0
-1.794431,3.0868464,1.1343135,-0.31366599,0.71993691,-0.61911583,0
2.1133003,-2.0927498,-1.757327,0.93902987,0.33190364,-0.089792669,0
0.89798617,-2.4902234,-3.0759068,0.14084172,-0.60953319,-0.78014922,0
1.4016131,1.1667961,2.5787151,0.93902987,0.33190364,-0.089792669,0
-1.1239345,-0.95476043,2.5121241,-0.93902987,-0.33190364,0.089792669,0
-0.27567482,3.5652943,1.026567,-0.31366599,0.71993691,-0.61911583,0
-0.91044331,-2.8018057,-2.8768742,-0.93902987,-0.33190364,0.089792669,0
1.1863058,1.5207947,2.1027813,0.93902987,0.33190364,-0.089792669,0
1.4355791,1.5581849,4.1270051,-0.14084172,0.60953319,0.78014922,0
0.54787827,0.89764988,-2.401335,-0.31366599,0.71993691,-0.61911583,0
1.8530533,-1.2431397,-2.7461119,0.93902987,0.33190364,-0.089792669,0
0.94991064,-3.9230616,-1.8133147,0.14084172,-0.60953319,-0.78014922,0
1.3951749,0.26150501,-0.64306223,0.93902987,0.33190364,-0.089792669,0
0.20150554,-1.4940655,1.4738672,0.31366599,-0.71993691,0.61911583,0
0.52415204,-3.2896733,-0.88587433,0.31366599,-0.71993691,0.61911583,0
-1.6633186,0.18714774,-0.03813237,-0.93902987,-0.33190364,0.089792669,0
-0.20497715,0.97066867,4.3730545,-0.14084172,0.60953319,0.78014922,0
0.52062416,-3.4916558,-1.1079775,0.31366599,-0.71993691,0.61911583,0
-1.516848,0.27410769,2.0670555,-0.93902987,-0.33190364,0.089792669,0
0.85580361,-2.1402061,0.17225158,0.31366599,-0.71993691,0.61911583,0
0.09651053,1.9935644,3.5003726,-0.14084172,0.60953319,0.78014922,0
1.5748498,-0.62515998,-2.6520813,0.93902987,0.33190364,-0.089792669,0
-1.0479069,3.7736449,1.6269616,-0.31366599,0.71993691,-0.61911583,0
-1.9149325,0.68978226,-1.0595002,-0.93902987,-0.33190364,0.089792669,0
0.32289672,-2.7577038,-2.9666281,0.14084172,-0.60953319,-0.78014922,0
1.1573038,2.0392799,3.7457802,-0.14084172,0.60953319,0.78014922,0
-0.78518248,3.1959159,0.7714709,-0.31366599,0.71993691,-0.61911583,0
-0.34275126,0.63501221,4.232996,0.31366599,-0.71993691,0.61911583,0
-0.54825068,-0.83072978,-4.0547295,-0.31366599,0.71993691,-0.61911583,0
0.32601464,-2.9457178,-0.41387129,0.31366599,-0.71993691,0.61911583,0
0.012584805,-1.0273852,2.0636098,0.31366599,-0.71993691,0.61911583,0
-0.58151811,-0.66544831,2.8975382,0.31366599,-0.71993691,0.61911583,0
0.027108908,-3.1679239,-0.53466147,0.31366599,-0.71993691,0.61911583,0
-0.17369872,-0.039375067,-3.2461996,-0.31366599,0.71993691,-0.61911583,0
0.094163299,-2.7872877,-2.9460311,0.14084172,-0.60953319,-0.78014922,0
0.30974549,0.04573375,3.1895187,0.31366599,-0.71993691,0.61911583,0
-1.3682117,-1.54984,-2.679929,-0.93902987,-0.33190364,0.089792669,0
1.004944,-2.4398923,-3.0295482,0.14084172,-0.60953319,-0.78014922,0
-1.4265778,-1.4666926,-3.4755106,-0.93902987,-0.33190364,0.089792669,0
-1.3098252,2.3145602,2.9921541,-0.14084172,0.60953319,0.78014922,0
0.14557621,2.1129169,3.5835879,-0.14084172,0.60953319,0.78014922,0
1.5797644,-0.75902426,-3.5892534,0.93902987,0.33190364,-0.089792669,0
-2.1141472,2.0182393,1.3646114,-0.93902987,-0.33190364,0.089792669,0
-1.8913298,1.3863226,1.1843389,-0.93902987,-0.33190364,0.089792669,0
0.87441677,-2.3721519,-3.1781421,0.14084172,-0.60953319,-0.78014922,0
1.2027158,2.1775084,3.2196953,0.93902987,0.33190364,-0.089792669,0
1.2513249,-3.6052942,-2.1234322,0.14084172,-0.60953319,-0.78014922,0
1.7900176,-0.4472785,1.0339466,0.93902987,0.33190364,-0.089792669,0
-0.72633076,3.9038115,1.94655,-0.14084172,0.60953319,0.78014922,0
-0.84071732,3.8512118,1.8009343,-0.31366599,0.71993691,-0.61911583,0
1.8028616,-1.5960872,-3.0146697,0.93902987,0.33190364,-0.089792669,0
-1.587168,0.43704927,2.2865829,-0.93902987,-0.33190364,0.089792669,0
-2.1658797,2.0452743,1.0171139,-0.93902987,-0.33190364,0.089792669,0
-1.1919725,-1.8325849,-4.0227618,0.14084172,-0.60953319,-0.78014922,0
-0.15115178,2.6919279,2.9058478,-0.14084172,0.60953319,0.78014922,0
-0.17073172,2.5584493,3.1734483,-0.14084172,0.60953319,0.78014922,0
-1.2414243,3.6017537,2.1444645,-0.14084172,0.60953319,0.78014922,0
-1.7315538,0.95935166,2.1748857,-0.93902987,-0.33190364,0.089792669,0
-0.042162299,2.6648886,-0.19776621,-0.31366599,0.71993691,-0.61911583,0
-1.5859022,3.4045677,2.2238085,-0.14084172,0.60953319,0.78014922,0
-1.9271046,2.8800097,2.6025002,-0.14084172,0.60953319,0.78014922,0
-0.70423818,3.4170666,0.93937314,-0.31366599,0.71993691,-0.61911583,0
0.69437218,-2.2319982,-3.3731203,0.14084172,-0.60953319,-0.78014922,0
1.9124377,-2.8566661,-2.5486832,0.14084172,-0.60953319,-0.78014922,0
0.525226,-1.8395126,-3.706547,0.14084172,-0.60953319,-0.78014922,0
-0.27670661,-2.3152347,-3.4202504,0.14084172,-0.60953319,-0.78014922,0
-1.7344846,1.327203,3.194716,-0.93902987,-0.33190364,0.089792669,0
-0.97400379,1.1534809,-1.5418272,-0.31366599,0.71993691,-0.61911583,0
1.0059836,1.3279614,4.3474121,-0.14084172,0.60953319,0.78014922,0
-0.39104837,-0.67697191,-3.9747598,-0.31366599,0.71993691,-0.61911583,0
-2.1488709,1.7491188,-0.015508294,-0.93902987,-0.33190364,0.089792669,0
0.56946695,-2.0869987,0.55517781,0.31366599,-0.71993691,0.61911583,0
-1.4517745,-0.82970804,-1.3167329,-0.93902987,-0.33190364,0.089792669,0
-1.0830832,-1.9219998,-1.5504744,-0.93902987,-0.33190364,0.089792669,0
0.86289084,-3.5198271,-2.1416135,0.14084172,-0.60953319,-0.78014922,0
1.5226119,0.59073681,3.2555087,0.31366599,-0.71993691,0.61911583,0
2.5700924,-3.094439,-1.5369017,0.93902987,0.33190364,-0.089792669,0
-1.470313,-0.90456986,-1.7974669,-0.93902987,-0.33190364,0.089792669,0
1.9096503,-1.3606111,-1.9362785,0.93902987,0.33190364,-0.089792669,0
-0.95316565,2.7736902,2.7407129,-0.14084172,0.60953319,0.78014922,0
-1.2998061,-1.3915806,-1.4670782,-0.93902987,-0.33190364,0.089792669,0
1.5311047,-0.64560038,1.7016948,0.31366599,-0.71993691,0.61911583,0
-1.1608655,-1.2666562,0.85993052,-0.93902987,-0.33190364,0.089792669,0
-0.52901655,2.1181736,3.264313,-0.14084172,0.60953319,0.78014922,0
-0.68633574,-2.2679629,0.96703291,0.31366599,-0.71993691,0.61911583,0
-1.343214,-1.4481636,-3.5843947,-0.93902987,-0.33190364,0.089792669,0
-0.58571178,-2.2102675,-3.3902624,0.14084172,-0.60953319,-0.78014922,0
0.89186329,-1.3742907,-3.8223894,0.14084172,-0.60953319,-0.78014922,0
-0.018829197,-2.0050292,-3.5225325,0.14084172,-0.60953319,-0.78014922,0
1.8454732,-0.037795752,2.398535,0.31366599,-0.71993691,0.61911583,0
0.87010515,2.9099355,2.83464,0.93902987,0.33190364,-0.089792669,0
0.74323106,-2.948611,-0.68753523,0.31366599,-0.71993691,0.61911583,0
-0.77232277,0.1417383,-2.5725229,-0.31366599,0.71993691,-0.61911583,0
-1.4570252,-0.11130631,0.20917702,-0.93902987,-0.33190364,0.089792669,0
0.10132951,-2.1925764,-3.2743537,0.14084172,-0.60953319,-0.78014922,0
-0.7323367,-2.1118546,0.87913746,-0.93902987,-0.33190364,0.089792669,0
-0.12325299,1.6292667,-1.3691424,-0.31366599,0.71993691,-0.61911583,0
1.4989338,-3.5515938,-2.1940351,0.14084172,-0.60953319,-0.78014922,0
0.22108638,-1.9428654,-3.6056294,0.14084172,-0.60953319,-0.78014922,0
0.56176984,1.6391212,3.8520687,-0.14084172,0.60953319,0.78014922,0
-0.73398685,-0.65476102,-3.6198788,-0.31366599,0.71993691,-0.61911583,0
0.52159786,-1.8261392,0.70966214,0.31366599,-0.71993691,0.61911583,0
0.062086821,-3.8808613,-1.9843659,0.14084172,-0.60953319,-0.78014922,0
-0.095440269,-3.2435291,-0.48450816,0.31366599,-0.71993691,0.61911583,0
-1.6349316,0.19583005,-2.126193,-0.31366599,0.71993691,-0.61911583,0
1.1582478,-1.4133984,-3.8800831,0.14084172,-0.60953319,-0.78014922,0
0.94350934,1.9017532,0.40480909,0.93902987,0.33190364,-0.089792669,0
-0.67292362,-2.7929578,-1.2125438,-0.93902987,-0.33190364,0.089792669,0
1.5387782,0.54814017,1.8046016,0.93902987,0.33190364,-0.089792669,0
-1.6855925,3.0148511,2.437326,-0.14084172,0.60953319,0.78014922,0
1.0534567,-2.7579753,-2.8247006,0.14084172,-0.60953319,-0.78014922,0
0.77389514,2.1368461,-0.10479732,0.93902987,0.33190364,-0.089792669,0
-0.99797416,3.0660605,0.70353591,-0.31366599,0.71993691,-0.61911583,0
0.46126628,-2.1539285,0.44193277,0.31366599,-0.71993691,0.61911583,0
0.20314717,3.845114,1.1921639,-0.31366599,0.71993691,-0.61911583,0
-0.01308918,-2.2184458,0.70866293,0.31366599,-0.71993691,0.61911583,0
-1.445564,1.0888996,3.9600682,-0.14084172,0.60953319,0.78014922,0
-2.0792072,1.7284386,1.665047,-0.93902987,-0.33190364,0.089792669,0
-0.94296372,-1.3610951,-4.3306274,0.14084172,-0.60953319,-0.78014922,0
-0.2452389,-3.6773903,-2.3180254,0.14084172,-0.60953319,-0.78014922,0
1.21776,1.07025,0.6894421,0.93902987,0.33190364,-0.089792669,0
-0.36370885,-1.6097679,-3.8867049,0.14084172,-0.60953319,-0.78014922,0
1.8171959,-2.0368431,-3.251229,0.14084172,-0.60953319,-0.78014922,0
-1.7073879,-0.14872831,-1.850433,-0.93902987,-0.33190364,0.089792669,0
0.82485294,-2.9725144,-2.5370483,0.14084172,-0.60953319,-0.78014922,0
-0.49946642,2.3321362,3.2592683,-0.14084172,0.60953319,0.78014922,0
2.0233335,-2.9348106,-2.4251566,0.14084172,-0.60953319,-0.78014922,0
1.6304605,-0.6664331,-2.4431295,0.93902987,0.33190364,-0.089792669,0
-0.81988537,1.6157812,3.8214836,-0.14084172,0.60953319,0.78014922,0
1.2534566,1.3050712,0.36168987,0.93902987,0.33190364,-0.089792669,0
1.2762935,1.6588465,3.141731,0.93902987,0.33190364,-0.089792669,0
0.39673889,-1.8129066,1.0238192,0.31366599,-0.71993691,0.61911583,0
-0.18953919,3.2260129,0.67431998,-0.31366599,0.71993691,-0.61911583,0
1.3059027,0.14271092,-3.1350496,0.93902987,0.33190364,-0.089792669,0
-1.8760532,1.0274251,-0.16569269,-0.93902987,-0.33190364,0.089792669,0
0.28440392,0.70582962,-2.7036324,-0.31366599,0.71993691,-0.61911583,0
-2.4487069,3.4971538,1.9573636,-0.31366599,0.71993691,-0.61911583,0
0.21696138,-2.0533488,-3.5489759,0.14084172,-0.60953319,-0.78014922,0
-0.53900433,1.0745316,4.0944519,-0.14084172,0.60953319,0.78014922,0
-0.92828971,-0.047026992,-2.7152386,-0.31366599,0.71993691,-0.61911583,0
0.33568025,-4.2354846,-1.8408102,0.31366599,-0.71993691,0.61911583,0
-0.56416261,-3.5233488,-1.2118073,-0.93902987,-0.33190364,0.089792669,0
-0.9851771,-1.6792927,-0.84582436,-0.93902987,-0.33190364,0.089792669,0
-0.66771734,-2.6075332,-0.62044823,-0.93902987,-0.33190364,0.089792669,0
0.6021266,3.0651159,0.17061383,0.93902987,0.33190364,-0.089792669,0
-1.2035905,-1.8769515,-3.9384229,0.14084172,-0.60953319,-0.78014922,0
2.0449872,-2.6945882,-0.85040998,0.31366599,-0.71993691,0.61911583,0
0.31276298,3.6290536,0.68665826,-0.31366599,0.71993691,-0.61911583,0
-2.0349946,1.4073851,-0.51767409,-0.31366599,0.71993691,-0.61911583,0
0.97451353,1.3185406,-1.5268309,0.93902987,0.33190364,-0.089792669,0
-1.7874291,0.46500316,-1.7450079,-0.31366599,0.71993691,-0.61911583,0
0.48897648,-4.0787053,-1.8997803,0.31366599,-0.71993691,0.61911583,0
0.75278181,-0.26051271,-4.034524,-0.31366599,0.71993691,-0.61911583,0
0.032239795,-1.9331319,0.97320741,0.31366599,-0.71993691,0.61911583,0
0.064502716,1.2822611,4.2571292,-0.14084172,0.60953319,0.78014922,0
-0.99229467,-2.334096,-3.4495485,0.14084172,-0.60953319,-0.78014922,0
1.4033726,1.6943358,3.3314648,0.93902987,0.33190364,-0.089792669,0
0.94415277,-1.2732878,-3.9261172,0.14084172,-0.60953319,-0.78014922,0
0.70632547,3.138447,1.6542449,0.93902987,0.33190364,-0.089792669,0
-0.34568429,2.6513195,-0.07539022,-0.31366599,0.71993691,-0.61911583,0
1.6283834,-2.7661114,-2.6172194,0.14084172,-0.60953319,-0.78014922,0
1.874451,-0.63927102,1.3505752,0.93902987,0.33190364,-0.089792669,0
-1.6958176,0.66968262,0.93779981,-0.93902987,-0.33190364,0.089792669,0
-1.0297543,-1.8402081,-1.3998283,-0.93902987,-0.33190364,0.089792669,0
-1.8116224,1.0593174,1.493598,-0.93902987,-0.33190364,0.089792669,0
1.6976626,0.19044465,0.89744741,0.93902987,0.33190364,-0.089792669,0
1.2891619,-2.1712999,0.18442559,0.31366599,-0.71993691,0.61911583,0
-2.4115388,2.6331902,1.1987264,-0.93902987,-0.33190364,0.089792669,0
-0.81854284,-2.7112894,-2.0901871,-0.93902987,-0.33190364,0.089792669,0
-0.35853526,-2.1257491,-3.4495959,0.14084172,-0.60953319,-0.78014922,0
-0.22772419,1.833112,-0.99350345,-0.31366599,0.71993691,-0.61911583,0
2.0754392,-1.9114823,-2.2521205,0.93902987,0.33190364,-0.089792669,0
2.0594788,-0.76061952,0.96649718,0.93902987,0.33190364,-0.089792669,0
1.8042097,-0.3045916,1.856499,0.31366599,-0.71993691,0.61911583,0
-0.26542264,2.3411369,3.2152069,-0.14084172,0.60953319,0.78014922,0
2.0542634,-1.8109207,-2.9986477,0.93902987,0.33190364,-0.089792669,0
-0.28937888,-3.7437758,-2.2256236,0.14084172,-0.60953319,-0.78014922,0
0.79789126,-2.7103059,-2.8568373,0.14084172,-0.60953319,-0.78014922,0
0.23817042,-1.5500076,-3.7994132,0.14084172,-0.60953319,-0.78014922,0
1.4306852,0.20550251,-1.2553009,0.93902987,0.33190364,-0.089792669,0
-0.11266875,1.5268373,-1.2443798,-0.31366599,0.71993691,-0.61911583,0
-0.87095237,0.33847827,-2.4413638,-0.31366599,0.71993691,-0.61911583,0
0.09069252,3.9669788,1.9281514,-0.14084172,0.60953319,0.78014922,0
-1.5403054,2.5851357,2.8581128,-0.14084172,0.60953319,0.78014922,0
-2.1739554,3.4495671,1.9582466,-0.31366599,0.71993691,-0.61911583,0
1.8173957,-0.84522623,-1.0829616,0.93902987,0.33190364,-0.089792669,0
1.3326007,1.1507478,3.7331758,0.31366599,-0.71993691,0.61911583,0
-1.6589136,0.24606323,-0.41550136,-0.93902987,-0.33190364,0.089792669,0
2.1688631,-3.2388086,-1.6265142,0.31366599,-0.71993691,0.61911583,0
2.0457125,-1.3676369,-0.5383215,0.93902987,0.33190364,-0.089792669,0
0.74232125,-1.6354221,-3.7717245,0.14084172,-0.60953319,-0.78014922,0
0.039346218,-3.0967882,-0.37275493,0.31366599,-0.71993691,0.61911583,0
0.35351586,0.09074837,3.1469967,0.31366599,-0.71993691,0.61911583,0
-0.70525289,-1.9019449,1.2940432,0.31366599,-0.71993691,0.61911583,0
0.91537958,0.11740032,2.9857333,0.31366599,-0.71993691,0.61911583,0
1.3214966,1.0798376,0.91264755,0.93902987,0.33190364,-0.089792669,0
-0.11170761,-1.7845268,-3.7361727,0.14084172,-0.60953319,-0.78014922,0
1.6867869,-3.2217309,-1.4403385,0.31366599,-0.71993691,0.61911583,0
0.89355981,2.5361075,1.7196527,0.93902987,0.33190364,-0.089792669,0
-2.238704,3.3982882,2.1716199,-0.14084172,0.60953319,0.78014922,0
-1.3285593,-1.0309696,0.01537092,-0.93902987,-0.33190364,0.089792669,0
2.0818777,-1.5255173,-1.0533804,0.93902987,0.33190364,-0.089792669,0
0.70608836,2.7163525,0.76589274,0.93902987,0.33190364,-0.089792669,0
0.038616598,-2.2189114,-3.2636645,0.14084172,-0.60953319,-0.78014922,0
1.3109663,-0.44899142,-3.9521999,0.93902987,0.33190364,-0.089792669,0
0.76404643,-2.9457948,-2.6829596,0.14084172,-0.60953319,-0.78014922,0
-0.27346241,-2.8905301,-0.1162703,0.31366599,-0.71993691,0.61911583,0
2.2957559,-2.3456497,-0.81556582,0.93902987,0.33190364,-0.089792669,0
-0.54509902,-0.81553686,-3.9974675,-0.31366599,0.71993691,-0.61911583,0
-1.6510643,0.72130764,2.8783233,-0.93902987,-0.33190364,0.089792669,0
1.1464491,1.5153461,1.2738264,0.93902987,0.33190364,-0.089792669,0
0.87085682,1.8336685,-0.37834749,0.93902987,0.33190364,-0.089792669,0
1.55185,-0.40396154,-1.6093285,0.93902987,0.33190364,-0.089792669,0
-1.9612296,3.1089151,1.316787,-0.31366599,0.71993691,-0.61911583,0
2.0195198,-2.3545902,-3.0272083,0.14084172,-0.60953319,-0.78014922,0
1.836221,-0.21696216,1.6752924,0.93902987,0.33190364,-0.089792669,0
1.4828873,-3.2409501,-1.1710123,0.31366599,-0.71993691,0.61911583,0
-1.2791262,3.0594673,0.96857119,-0.31366599,0.71993691,-0.61911583,0
-1.1914282,3.1137812,2.5553346,-0.14084172,0.60953319,0.78014922,0
-0.7016381,1.9496993,3.4026327,-0.14084172,0.60953319,0.78014922,0
1.5276034,-3.0617337,-1.0066329,0.31366599,-0.71993691,0.61911583,0
0.18666041,-3.3757062,-2.520889,0.14084172,-0.60953319,-0.78014922,0
-0.060885191,2.3769088,-0.55854142,-0.31366599,0.71993691,-0.61911583,0
-2.0815926,1.5893207,1.493991,-0.93902987,-0.33190364,0.089792669,0
0.70402199,3.1953847,2.557425,0.93902987,0.33190364,-0.089792669,0
-0.99198365,-1.9697608,-0.85661221,-0.93902987,-0.33190364,0.089792669,0
-0.11366954,-1.646565,-3.9857414,0.14084172,-0.60953319,-0.78014922,0
-2.0273833,1.5215752,1.3172756,-0.93902987,-0.33190364,0.089792669,0
-0.80243707,1.6057841,3.7309008,-0.14084172,0.60953319,0.78014922,0
1.1133118,1.4970789,4.1146398,-0.14084172,0.60953319,0.78014922,0
-0.0057697296,4.1982942,1.6884826,-0.31366599,0.71993691,-0.61911583,0
0.65671659,2.3860085,-0.34118691,0.93902987,0.33190364,-0.089792669,0
-1.7994967,1.4978597,3.2102499,-0.93902987,-0.33190364,0.089792669,0
-0.99923348,-0.829916,-3.5509942,-0.31366599,0.71993691,-0.61911583,0
0.25150818,-2.0280013,-3.5425732,0.14084172,-0.60953319,-0.78014922,0
-1.4624236,2.4399393,2.9387364,-0.14084172,0.60953319,0.78014922,0
-0.89710474,2.8983555,2.7474008,-0.14084172,0.60953319,0.78014922,0
0.30178428,-3.6151004,-2.1558313,0.14084172,-0.60953319,-0.78014922,0
-1.1921763,-1.494265,-4.1346731,0.14084172,-0.60953319,-0.78014922,0
-0.91845667,-2.6871462,-3.2708693,-0.93902987,-0.33190364,0.089792669,0
-1.495441,-0.15027583,-0.50965279,-0.93902987,-0.33190364,0.089792669,0
0.51026368,3.3560467,0.5311749,0.93902987,0.33190364,-0.089792669,0
-0.47740412,3.803786,1.9738328,-0.14084172,0.60953319,0.78014922,0
-1.9441255,3.1785014,2.1892827,-0.14084172,0.60953319,0.78014922,0
0.048699617,-1.8323803,1.1934602,0.31366599,-0.71993691,0.61911583,0
0.4203949,-1.8748641,-3.5933344,0.14084172,-0.60953319,-0.78014922,0
1.0279444,-1.3644879,1.1744387,0.31366599,-0.71993691,0.61911583,0
-0.54170871,0.94216263,4.3556194,-0.14084172,0.60953319,0.78014922,0
-1.2666037,3.2140651,1.1557281,-0.31366599,0.71993691,-0.61911583,0
-0.27672523,-0.43646449,-3.7265239,-0.31366599,0.71993691,-0.61911583,0
0.59000754,-1.8069247,-3.6528335,0.14084172,-0.60953319,-0.78014922,0
1.8239548,-2.2041492,-2.9774289,0.14084172,-0.60953319,-0.78014922,0
-1.4033104,0.53765464,2.9084423,-0.93902987,-0.33190364,0.089792669,0
-0.92554843,1.4314708,-0.95768142,-0.31366599,0.71993691,-0.61911583,0
1.0550628,-2.4235001,-3.1707201,0.14084172,-0.60953319,-0.78014922,0
0.74865317,0.87089956,-2.5316682,-0.31366599,0.71993691,-0.61911583,0
0.67644918,2.148818,-0.92398953,-0.31366599,0.71993691,-0.61911583,0
1.1588305,-1.1132135,1.4160336,0.31366599,-0.71993691,0.61911583,0
-2.462935,2.625299,1.691358,-0.93902987,-0.33190364,0.089792669,0
-0.84390837,-2.1507092,-0.3762058,-0.93902987,-0.33190364,0.089792669,0
-1.4410254,0.26541555,2.7036653,-0.93902987,-0.33190364,0.089792669,0
-0.70986831,2.4519029,3.0048437,-0.14084172,0.60953319,0.78014922,0
0.26640832,3.461863,2.5897021,-0.14084172,0.60953319,0.78014922,0
2.3068566,-2.7173676,-2.0001063,0.93902987,0.33190364,-0.089792669,0
0.93034816,2.0594137,3.6904392,-0.14084172,0.60953319,0.78014922,0
1.21552,0.49489367,-2.4108088,0.93902987,0.33190364,-0.089792669,0
-0.31857371,-3.1938474,-0.30490965,0.31366599,-0.71993691,0.61911583,0
2.4468064,-3.24158,-2.2792678,0.14084172,-0.60953319,-0.78014922,0
0.63028431,3.2631934,1.0829458,0.93902987,0.33190364,-0.089792669,0
-1.8709821,1.2402338,2.1305151,-0.93902987,-0.33190364,0.089792669,0
0.086910963,4.0064001,2.0147963,-0.14084172,0.60953319,0.78014922,0
0.02299428,2.1830497,-0.72409964,-0.31366599,0.71993691,-0.61911583,0
-0.66574359,-1.1895581,2.0595765,0.31366599,-0.71993691,0.61911583,0
1.7221973,-1.6687461,-3.4169135,0.14084172,-0.60953319,-0.78014922,0
-0.54637659,1.1239122,4.1865783,-0.14084172,0.60953319,0.78014922,0
1.5213599,-2.9841194,-2.5390513,0.14084172,-0.60953319,-0.78014922,0
-0.38704234,-0.015502274,-3.0068483,-0.31366599,0.71993691,-0.61911583,0
1.8507792,-0.4240995,1.9437571,0.93902987,0.33190364,-0.089792669,0
-2.0819073,1.5183395,1.1963837,-0.93902987,-0.33190364,0.089792669,0
0.81283808,2.1907921,0.71489453,0.93902987,0.33190364,-0.089792669,0
-1.5117092,1.177866,3.8793581,-0.14084172,0.60953319,0.78014922,0
-0.20915723,3.0931666,2.7001424,-0.14084172,0.60953319,0.78014922,0
-1.7803919,0.51338804,0.42585331,-0.93902987,-0.33190364,0.089792669,0
-0.879426,0.40153098,4.0885615,0.31366599,-0.71993691,0.61911583,0
-1.153336,-1.2265158,-0.097744748,-0.93902987,-0.33190364,0.089792669,0
1.2733564,0.46681285,-1.9116666,0.93902987,0.33190364,-0.089792669,0
1.8479536,-1.6893169,-3.4914582,0.93902987,0.33190364,-0.089792669,0
-1.9323138,0.31479311,-1.892993,-0.31366599,0.71993691,-0.61911583,0
-0.2898767,3.1718478,0.49156284,-0.31366599,0.71993691,-0.61911583,0
-1.5227315,-0.81791985,-1.533981,-0.93902987,-0.33190364,0.089792669,0
1.6922337,-0.92287439,-2.6965423,0.93902987,0.33190364,-0.089792669,0
-0.84773701,-1.7480659,-3.8880086,0.14084172,-0.60953319,-0.78014922,0
1.073999,1.6688113,0.09707614,0.93902987,0.33190364,-0.089792669,0
1.275085,-3.6390638,-2.0061274,0.14084172,-0.60953319,-0.78014922,0
0.70965767,2.9731669,2.4837961,0.93902987,0.33190364,-0.089792669,0
-1.6321118,-0.18892372,0.0043184757,-0.93902987,-0.33190364,0.089792669,0
1.2916889,0.34125626,-1.9548165,0.93902987,0.33190364,-0.089792669,0
2.2570021,-2.5723217,-2.4208026,0.93902987,0.33190364,-0.089792669,0
-1.3547125,0.14110756,2.343646,-0.93902987,-0.33190364,0.089792669,0
0.1749419,-2.9797611,-2.7821374,0.14084172,-0.60953319,-0.78014922,0
1.4047478,1.5673352,2.899024,0.93902987,0.33190364,-0.089792669,0
0.60735011,0.058157206,-3.4932101,-0.31366599,0.71993691,-0.61911583,0
0.36613923,-2.3320742,-3.149333,0.14084172,-0.60953319,-0.78014922,0
1.4228404,-0.82198375,1.6257334,0.31366599,-0.71993691,0.61911583,0
1.9528928,-3.5102232,-1.717088,0.31366599,-0.71993691,0.61911583,0
-0.5016284,1.6243509,-1.1863021,-0.31366599,0.71993691,-0.61911583,0
-0.95172477,-2.4833746,-1.499139,-0.93902987,-0.33190364,0.089792669,0
-0.91407943,3.1656098,2.4208,-0.14084172,0.60953319,0.78014922,0
1.7294619,-1.4780389,-3.221437,0.93902987,0.33190364,-0.089792669,0
1.4212297,-2.1453893,-0.091822684,0.31366599,-0.71993691,0.61911583,0
1.1914736,1.6910872,4.0202508,-0.14084172,0.60953319,0.78014922,0
0.11477852,-3.426477,-0.95437682,0.31366599,-0.71993691,0.61911583,0
-0.84693432,3.0000815,2.7322464,-0.14084172,0.60953319,0.78014922,0
-0.74101996,-2.4905348,-0.38634077,-0.93902987,-0.33190364,0.089792669,0
2.1836543,-1.9872916,-2.0432286,0.93902987,0.33190364,-0.089792669,0
0.041518107,1.7419338,3.8288007,-0.14084172,0.60953319,0.78014922,0
-2.3791451,2.4913342,1.7363627,-0.93902987,-0.33190364,0.089792669,0
-0.13192451,-0.97770709,2.1264961,0.31366599,-0.71993691,0.61911583,0
2.0615721,-1.9260633,-2.2773066,0.93902987,0.33190364,-0.089792669,0
-0.80461198,-2.2146497,0.046759814,-0.93902987,-0.33190364,0.089792669,0
-1.7276211,1.6906893,3.4411063,-0.14084172,0.60953319,0.78014922,0
-0.17012846,-2.0665097,0.75509018,0.31366599,-0.71993691,0.61911583,0
1.3067508,1.4165418,2.9272242,0.93902987,0.33190364,-0.089792669,0
0.58288753,-2.1321707,0.4065091,0.31366599,-0.71993691,0.61911583,0
-1.0319223,-0.83971846,2.7304616,0.31366599,-0.71993691,0.61911583,0
1.3224193,0.63564968,3.3382316,0.31366599,-0.71993691,0.61911583,0
-1.1412548,2.1293643,-0.2315191,-0.31366599,0.71993691,-0.61911583,0
-0.81586647,-2.2256804,-0.53708124,-0.93902987,-0.33190364,0.089792669,0
1.4525551,1.1225375,3.9156747,0.31366599,-0.71993691,0.61911583,0
-1.0191782,-2.4448037,-3.4985545,0.14084172,-0.60953319,-0.78014922,0
0.5839231,-4.0302801,-1.7351674,0.31366599,-0.71993691,0.61911583,0
1.5082096,0.51197082,1.7993141,0.93902987,0.33190364,-0.089792669,0
-0.10847092,4.0916681,1.9248873,-0.14084172,0.60953319,0.78014922,0
0.41330272,-2.007024,-3.3948522,0.14084172,-0.60953319,-0.78014922,0
0.1650362,-4.0204825,-1.866797,0.14084172,-0.60953319,-0.78014922,0
-1.397997,-0.73373497,-3.5300808,-0.31366599,0.71993691,-0.61911583,0
-1.5873311,0.53447437,2.3718483,-0.93902987,-0.33190364,0.089792669,0
-1.8820348,1.4704136,3.3624582,-0.93902987,-0.33190364,0.089792669,0
-0.87063551,-1.4526734,-4.183507,0.14084172,-0.60953319,-0.78014922,0
1.8619213,-1.9872215,-0.16382551,0.31366599,-0.71993691,0.61911583,0
-0.21732986,2.9702652,0.18092948,-0.31366599,0.71993691,-0.61911583,0
-1.2711693,-1.7732973,-3.9915676,0.14084172,-0.60953319,-0.78014922,0
-2.32126,2.611717,2.565042,-0.14084172,0.60953319,0.78014922,0
1.6756237,-2.8935547,-0.93068528,0.31366599,-0.71993691,0.61911583,0
0.5354917,1.1870704,4.2830839,0.31366599,-0.71993691,0.61911583,0
-1.1436217,-1.1175325,0.24797921,-0.93902987,-0.33190364,0.089792669,0
-0.97933447,-1.9207439,-0.63328356,-0.93902987,-0.33190364,0.089792669,0
-1.8590796,1.1231271,0.49468964,-0.93902987,-0.33190364,0.089792669,0
-0.52263665,2.6488538,2.9199111,-0.14084172,0.60953319,0.78014922,0
1.3933681,-0.73327982,-4.2492075,0.14084172,-0.60953319,-0.78014922,0
-0.71239817,0.58393389,-2.2861938,-0.31366599,0.71993691,-0.61911583,0
-1.3639529,2.1427989,0.029806435,-0.31366599,0.71993691,-0.61911583,0
-0.11137621,-1.3983769,-4.0976334,0.14084172,-0.60953319,-0.78014922,0
0.021645367,-0.25920838,2.8357015,0.31366599,-0.71993691,0.61911583,0
-1.7091224,3.3217666,1.5183805,-0.31366599,0.71993691,-0.61911583,0
0.44973731,3.2875137,0.70549977,0.93902987,0.33190364,-0.089792669,0
1.8367878,-0.9919523,-0.98246676,0.93902987,0.33190364,-0.089792669,0
-0.81267881,3.2777615,1.1358314,-0.31366599,0.71993691,-0.61911583,0
0.20187616,4.167408,1.8472195,-0.14084172,0.60953319,0.78014922,0
1.2408819,-3.5143969,-2.0616937,0.14084172,-0.60953319,-0.78014922,0
-1.5838282,0.77232373,3.3349941,-0.93902987,-0.33190364,0.089792669,0
0.97248363,1.4126348,4.1398268,-0.14084172,0.60953319,0.78014922,0
0.91179311,1.7810391,3.8362699,-0.14084172,0.60953319,0.78014922,0
-0.55063367,-2.7441938,0.29509032,0.31366599,-0.71993691,0.61911583,0
-0.89584744,-1.5042195,1.3254603,-0.93902987,-0.33190364,0.089792669,0
1.6337938,0.64152813,2.0676334,0.93902987,0.33190364,-0.089792669,0
1.8622191,-3.2868063,-1.6738477,0.31366599,-0.71993691,0.61911583,0
0.28761506,-3.9541922,-1.8692775,0.14084172,-0.60953319,-0.78014922,0
0.6362375,3.4865582,2.4069047,-0.14084172,0.60953319,0.78014922,0
0.79304856,3.1094091,2.7285876,0.93902987,0.33190364,-0.089792669,0
-0.0036414564,1.6267716,3.8169284,-0.14084172,0.60953319,0.78014922,0
-1.4424772,-1.1350431,-3.7142587,-0.31366599,0.71993691,-0.61911583,0
-0.88154083,-2.7362356,-2.9790742,-0.93902987,-0.33190364,0.089792669,0
-0.03676486,-3.5845573,-0.97551972,0.31366599,-0.71993691,0.61911583,0
1.3516682,-0.089088202,-2.2923803,0.93902987,0.33190364,-0.089792669,0
0.75761861,-1.3333056,-3.9433403,0.14084172,-0.60953319,-0.78014922,0
0.92407739,-2.67502,-2.8167791,0.14084172,-0.60953319,-0.78014922,0
1.8389488,-1.4451945,-1.7569072,0.93902987,0.33190364,-0.089792669,0
-0.2803849,0.63150233,3.9662428,0.31366599,-0.71993691,0.61911583,0
-1.4886508,-1.3420252,-3.7041576,-0.93902987,-0.33190364,0.089792669,0
1.3899015,0.29342842,-0.2293506,0.93902987,0.33190364,-0.089792669,0
-2.4431403,3.336468,1.9882858,-0.31366599,0.71993691,-0.61911583,0
-1.3560249,-1.6280458,-3.053647,-0.93902987,-0.33190364,0.089792669,0
-0.11017001,-1.8063431,1.1753649,0.31366599,-0.71993691,0.61911583,0
-1.7247373,3.053833,2.4762654,-0.14084172,0.60953319,0.78014922,0
-0.74055845,-0.18984979,-3.2036037,-0.31366599,0.71993691,-0.61911583,0
0.17510951,-2.2392061,0.52119046,0.31366599,-0.71993691,0.61911583,0
0.76187557,-0.21808892,2.4352024,0.31366599,-0.71993691,0.61911583,0
-0.82820976,1.0421624,4.1759996,-0.14084172,0.60953319,0.78014922,0
-0.51920354,2.8504963,0.19888377,-0.31366599,0.71993691,-0.61911583,0
0.62340283,-2.721328,-2.8753524,0.14084172,-0.60953319,-0.78014922,0
-0.80941248,0.040007234,3.7181776,0.31366599,-0.71993691,0.61911583,0
-0.15382898,2.6355016,3.1683478,-0.14084172,0.60953319,0.78014922,0
-1.6998155,0.94244987,2.8501019,-0.93902987,-0.33190364,0.089792669,0
0.99652243,-0.91831613,-4.1515903,0.14084172,-0.60953319,-0.78014922,0
0.64669764,1.124444,-2.1241846,-0.31366599,0.71993691,-0.61911583,0
-0.93312526,-1.2477905,-4.2507439,0.14084172,-0.60953319,-0.78014922,0
0.14548576,-3.2467227,-2.4947591,0.14084172,-0.60953319,-0.78014922,0
-1.676603,-0.13603657,-0.81880641,-0.93902987,-0.33190364,0.089792669,0
1.1440754,0.56291437,3.4471097,0.31366599,-0.71993691,0.61911583,0
0.55145633,2.6235969,3.2159009,-0.14084172,0.60953319,0.78014922,0
1.5868305,-0.29422861,2.0419755,0.31366599,-0.71993691,0.61911583,0
0.22983503,0.75122023,3.9568827,0.31366599,-0.71993691,0.61911583,0
-0.22667515,2.7765729,3.0271602,-0.14084172,0.60953319,0.78014922,0
-0.12061107,-0.17487407,2.9890349,0.31366599,-0.71993691,0.61911583,0
-0.74285567,-1.8003093,1.3704129,0.31366599,-0.71993691,0.61911583,0
0.78739178,2.9782102,2.0504279,0.93902987,0.33190364,-0.089792669,0
-1.2006321,-0.67549741,2.1735902,-0.93902987,-0.33190364,0.089792669,0
1.1057742,1.283989,0.60254359,0.93902987,0.33190364,-0.089792669,0
0.59540737,-2.5785973,-0.12463289,0.31366599,-0.71993691,0.61911583,0
1.3434169,-0.49173248,2.0705347,0.31366599,-0.71993691,0.61911583,0
-0.8776297,-2.2807584,-1.8242209,-0.93902987,-0.33190364,0.089792669,0
0.39566272,-0.36168689,2.6258318,0.31366599,-0.71993691,0.61911583,0
-1.7641524,0.7567569,-1.5021734,-0.31366599,0.71993691,-0.61911583,0
-0.48611182,0.229761,3.7600925,0.31366599,-0.71993691,0.61911583,0
-0.65327334,-2.7210846,-0.48790586,-0.93902987,-0.33190364,0.089792669,0
-1.7356157,0.4278332,0.95491254,-0.93902987,-0.33190364,0.089792669,0
2.474822,-2.9073288,-1.4579241,0.31366599,-0.71993691,0.61911583,0
0.30309069,-2.8247855,-0.11874974,0.31366599,-0.71993691,0.61911583,0
-0.60350311,-3.0234432,-0.6871736,-0.93902987,-0.33190364,0.089792669,0
1.0808849,-2.6584139,-2.9122515,0.14084172,-0.60953319,-0.78014922,0
1.6473393,-0.0081691146,2.4429402,0.31366599,-0.71993691,0.61911583,0
1.1886985,-1.4012676,-3.8509164,0.14084172,-0.60953319,-0.78014922,0
1.7192206,-0.35212263,2.0447004,0.31366599,-0.71993691,0.61911583,0
-0.8874402,0.70246756,4.456223,-0.14084172,0.60953319,0.78014922,0
1.7455401,-2.382555,-0.46254623,0.31366599,-0.71993691,0.61911583,0
1.1905968,-1.0983745,1.3045522,0.31366599,-0.71993691,0.61911583,0
0.65485084,-2.8447027,-2.9053805,0.14084172,-0.60953319,-0.78014922,0
-1.1638322,3.7778687,1.60268,-0.31366599,0.71993691,-0.61911583,0
0.27981955,-1.0292428,-4.2040343,0.14084172,-0.60953319,-0.78014922,0
1.1990234,-0.98692292,1.4429661,0.31366599,-0.71993691,0.61911583,0
1.1830868,1.9048758,3.4917233,0.93902987,0.33190364,-0.089792669,0
-0.57571769,-1.0572416,-4.2771492,-0.31366599,0.71993691,-0.61911583,0
0.093284965,1.7932305,-1.3025301,-0.31366599,0.71993691,-0.61911583,0
1.1118197,-0.87394106,-4.1478314,0.14084172,-0.60953319,-0.78014922,0
1.2009336,-3.1415174,-2.3915079,0.14084172,-0.60953319,-0.78014922,0
0.33257306,-1.4957542,-3.8502183,0.14084172,-0.60953319,-0.78014922,0
-0.96585631,-2.557482,-3.0370493,-0.93902987,-0.33190364,0.089792669,0
2.2671785,-2.0650043,-1.6134384,0.93902987,0.33190364,-0.089792669,0
1.8467257,-3.5021722,-1.773512,0.31366599,-0.71993691,0.61911583,0
-0.96851718,2.6024232,2.9426885,-0.14084172,0.60953319,0.78014922,0
0.90707189,-1.3784055,-3.8938313,0.14084172,-0.60953319,-0.78014922,0
-0.83694887,3.5180287,1.1286038,-0.31366599,0.71993691,-0.61911583,0
-0.49078655,-2.0264494,-3.7086563,0.14084172,-0.60953319,-0.78014922,0
0.99537051,2.189245,3.5147538,-0.14084172,0.60953319,0.78014922,0
1.0735726,-2.6494107,-2.7804651,0.14084172,-0.60953319,-0.78014922,0
-1.8915685,2.2142186,2.9954808,-0.14084172,0.60953319,0.78014922,0
1.2848454,1.6536802,2.3928072,0.93902987,0.33190364,-0.089792669,0
0.35414135,4.0954313,1.8840808,-0.14084172,0.60953319,0.78014922,0
-0.82494903,-0.32083166,3.1690953,0.31366599,-0.71993691,0.61911583,0
0.2000051,1.9014353,3.6310637,-0.14084172,0.60953319,0.78014922,0
-1.8138695,0.8108862,1.2190046,-0.93902987,-0.33190364,0.089792669,0
-0.28413212,-3.2766764,-2.5416644,0.14084172,-0.60953319,-0.78014922,0
0.65166229,0.69001389,3.7620723,0.31366599,-0.71993691,0.61911583,0
0.14657331,2.5052915,-0.36693355,-0.31366599,0.71993691,-0.61911583,0
0.56088173,3.1986403,2.6552956,-0.14084172,0.60953319,0.78014922,0
0.46446431,-1.2392442,-3.9786596,0.14084172,-0.60953319,-0.78014922,0
0.81576145,1.6925509,-0.89702052,0.93902987,0.33190364,-0.089792669,0
2.1233418,-2.0848434,-2.0097086,0.93902987,0.33190364,-0.089792669,0
0.92183894,2.0378785,-0.0956719,0.93902987,0.33190364,-0.089792669,0
-0.38862312,-0.93638575,-3.9689181,-0.31366599,0.71993691,-0.61911583,0
-1.6617323,0.30401272,0.09937346,-0.93902987,-0.33190364,0.089792669,0
-1.7692446,0.5857259,0.90032965,-0.93902987,-0.33190364,0.089792669,0
2.0031371,-1.028657,0.51534212,0.93902987,0.33190364,-0.089792669,0
-0.83008599,-2.9930878,-2.6923687,-0.93902987,-0.33190364,0.089792669,0
-1.7415208,2.4770513,2.9648709,-0.14084172,0.60953319,0.78014922,0
1.7942202,-1.2530811,-2.1319442,0.93902987,0.33190364,-0.089792669,0
-0.62117612,-3.1105757,-0.49596879,-0.93902987,-0.33190364,0.089792669,0
1.8358443,-0.69503736,-0.085590601,0.93902987,0.33190364,-0.089792669,0
2.0434492,-1.30187,0.84259641,0.31366599,-0.71993691,0.61911583,0
0.12235093,-3.9711223,-2.0077815,0.14084172,-0.60953319,-0.78014922,0
1.3160479,-0.60296845,-4.4630089,-0.31366599,0.71993691,-0.61911583,0
-1.7556119,3.2025218,2.2838297,-0.14084172,0.60953319,0.78014922,0
0.81250668,0.22204506,-3.2727628,-0.31366599,0.71993691,-0.61911583,0
1.8032966,0.020146728,2.2264037,0.31366599,-0.71993691,0.61911583,0
-1.3130964,-0.21836281,1.8120331,-0.93902987,-0.33190364,0.089792669,0
1.4400455,0.025210857,-1.1949024,0.93902987,0.33190364,-0.089792669,0
-0.79312181,-1.4529099,-4.1667423,0.14084172,-0.60953319,-0.78014922,0
0.8720299,-2.8944376,-0.5114252,0.31366599,-0.71993691,0.61911583,0
-1.6608332,-0.60391361,-3.2312562,-0.31366599,0.71993691,-0.61911583,0
-0.95761597,0.019466639,3.7527514,0.31366599,-0.71993691,0.61911583,0
0.74548161,1.0463718,4.0120506,0.31366599,-0.71993691,0.61911583,0
-1.4807825,0.43763769,-1.9068688,-0.31366599,0.71993691,-0.61911583,0
1.3445984,1.5206439,2.9669077,0.93902987,0.33190364,-0.089792669,0
0.86409962,0.57522464,-2.9401023,-0.31366599,0.71993691,-0.61911583,0
1.4652643,-0.97112513,1.4271946,0.31366599,-0.71993691,0.61911583,0
-1.1049749,1.1593993,-1.4139068,-0.31366599,0.71993691,-0.61911583,0
1.3167337,-0.91611862,-4.2519002,0.14084172,-0.60953319,-0.78014922,0
1.2266706,1.8847451,3.8372803,0.93902987,0.33190364,-0.089792669,0
-0.039267898,1.0355585,-1.9583174,-0.31366599,0.71993691,-0.61911583,0
1.4637469,-0.19106948,-2.9817848,0.93902987,0.33190364,-0.089792669,0
-2.0157881,2.7255175,1.0537865,-0.31366599,0.71993691,-0.61911583,0
1.8605928,-0.23871085,1.2497035,0.93902987,0.33190364,-0.089792669,0
-0.27494562,-3.2219384,-0.32471651,0.31366599,-0.71993691,0.61911583,0
-1.5893941,1.4595753,3.6792047,-0.14084172,0.60953319,0.78014922,0
-0.52287149,2.8567033,2.7997832,-0.14084172,0.60953319,0.78014922,0
0.69615477,-1.8868005,-3.6533751,0.14084172,-0.60953319,-0.78014922,0
1.813413,-2.5479805,-2.7652969,0.14084172,-0.60953319,-0.78014922,0
1.6454293,-3.0754678,-2.548377,0.14084172,-0.60953319,-0.78014922,0
0.14373916,2.1779153,3.3323767,-0.14084172,0.60953319,0.78014922,0
-0.18888454,-1.3694829,-4.1068478,0.14084172,-0.60953319,-0.78014922,0
1.6141421,-2.9469786,-2.4329534,0.14084172,-0.60953319,-0.78014922,0
-1.641251,1.4252055,-0.70144111,-0.31366599,0.71993691,-0.61911583,0
0.69554114,-1.2004855,1.3361192,0.31366599,-0.71993691,0.61911583,0
