3.0901394,3.9057665,1.7856302,0.77472579,0.59820461,0.20482004,0
0.11037827,-3.2728934,-1.2070224,0.58436185,-0.80110788,0.12941206,0
5.4756794,0.81195581,0.23206902,0.58436185,-0.80110788,0.12941206,0
-1.8468623,-3.7756236,1.075973,-0.24149778,-0.019430161,0.97020686,0
3.0621357,0.34736013,2.2432718,-0.24149778,-0.019430161,0.97020686,0
-1.0006217,1.6356406,1.2533134,-0.24149778,-0.019430161,0.97020686,0
-0.69649726,-3.9226756,-1.2492919,0.58436185,-0.80110788,0.12941206,0
-4.63941,-1.6914933,-1.8870883,-0.77472579,-0.59820461,-0.20482004,0
-0.74457729,2.6200368,0.36995864,-0.58436185,0.80110788,-0.12941206,0
4.433372,2.7902174,-0.23824453,0.77472579,0.59820461,0.20482004,0
-0.63162494,2.7099695,-0.32735753,-0.58436185,0.80110788,-0.12941206,0
-1.1070621,-1.9850051,1.2485003,-0.24149778,-0.019430161,0.97020686,0
4.8957386,1.3387158,1.734632,0.77472579,0.59820461,0.20482004,0
-0.96741712,2.4954898,1.3707654,-0.24149778,-0.019430161,0.97020686,0
4.6456118,1.704479,1.6099865,0.77472579,0.59820461,0.20482004,0
3.2864792,0.14848518,2.4700046,-0.24149778,-0.019430161,0.97020686,0
4.7273669,2.0239258,1.0636806,0.77472579,0.59820461,0.20482004,0
-4.3401489,-1.1473815,-2.7177548,0.24149778,0.019430161,-0.97020686,0
3.1778364,-0.5438875,1.3577672,0.58436185,-0.80110788,0.12941206,0
-3.4780231,-3.8624158,-0.39015055,-0.77472579,-0.59820461,-0.20482004,0
-3.5067263,-1.3874968,0.57659578,-0.24149778,-0.019430161,0.97020686,0
-1.3031037,-0.73331535,1.2129658,-0.24149778,-0.019430161,0.97020686,0
2.117429,4.3420472,-0.99014759,0.24149778,0.019430161,-0.97020686,0
2.5576904,4.3081069,2.1136904,0.77472579,0.59820461,0.20482004,0
0.072155237,3.4893856,1.4972808,-0.58436185,0.80110788,-0.12941206,0
-1.9166929,1.7135925,0.6610083,-0.58436185,0.80110788,-0.12941206,0
2.1900449,1.3082745,2.1839123,-0.24149778,-0.019430161,0.97020686,0
-5.3512449,-1.3962097,-0.56828022,-0.77472579,-0.59820461,-0.20482004,0
3.2485504,0.93160892,2.3749914,-0.24149778,-0.019430161,0.97020686,0
1.3167248,-2.346369,-1.1284726,0.58436185,-0.80110788,0.12941206,0
-0.53925753,2.7232516,-0.44891143,-0.58436185,0.80110788,-0.12941206,0
2.533443,4.4000773,1.8104444,0.77472579,0.59820461,0.20482004,0
-0.93081868,-3.343179,1.2363923,-0.24149778,-0.019430161,0.97020686,0
-4.9475241,-1.8685635,-0.10139084,-0.77472579,-0.59820461,-0.20482004,0
-0.57201457,2.4197907,-1.0610675,-0.58436185,0.80110788,-0.12941206,0
1.9985828,4.5205741,0.26295948,-0.58436185,0.80110788,-0.12941206,0
-1.9826982,1.4983999,-0.32675427,-0.58436185,0.80110788,-0.12941206,0
1.6762784,4.4388232,0.46789217,-0.58436185,0.80110788,-0.12941206,0
4.3659463,1.9979274,1.8967617,0.77472579,0.59820461,0.20482004,0
-3.0603852,-4.502738,0.28157187,-0.77472579,-0.59820461,-0.20482004,0
-4.565465,-0.57136011,-1.6785648,-0.58436185,0.80110788,-0.12941206,0
2.6791444,2.8988812,2.2474518,-0.24149778,-0.019430161,0.97020686,0
0.33399469,3.4192135,1.6918244,-0.24149778,-0.019430161,0.97020686,0
4.6346645,0.47827768,-0.42515635,0.24149778,0.019430161,-0.97020686,0
-2.3559566,-4.992806,-0.76070929,-0.77472579,-0.59820461,-0.20482004,0
-2.9553077,-4.6045523,-0.20636845,-0.77472579,-0.59820461,-0.20482004,0
2.6696787,4.7287602,0.29821777,0.77472579,0.59820461,0.20482004,0
-0.74271667,-3.6190417,0.92702127,0.58436185,-0.80110788,0.12941206,0
-3.1775196,-3.5831513,-1.9133034,-0.77472579,-0.59820461,-0.20482004,0
2.7589328,4.5561275,0.59663773,0.77472579,0.59820461,0.20482004,0
-0.22220573,0.39648819,1.5622516,-0.24149778,-0.019430161,0.97020686,0
4.7144542,2.1801825,0.52865171,0.77472579,0.59820461,0.20482004,0
-3.9567556,-2.3008261,-2.3412166,-0.77472579,-0.59820461,-0.20482004,0
-3.6034224,0.35300815,-0.54276109,-0.58436185,0.80110788,-0.12941206,0
-5.5970678,-1.2121484,-0.11713362,-0.77472579,-0.59820461,-0.20482004,0
-0.35338032,2.7601967,-0.31592798,-0.58436185,0.80110788,-0.12941206,0
3.5333865,3.0478022,2.0945005,0.77472579,0.59820461,0.20482004,0
-3.1454287,-4.2851467,0.3073473,-0.77472579,-0.59820461,-0.20482004,0
-3.6634908,0.40278959,-0.54190981,-0.58436185,0.80110788,-0.12941206,0
-2.5696013,-1.7953595,0.80689144,-0.24149778,-0.019430161,0.97020686,0
-4.3380108,-2.7458901,-0.278193,-0.77472579,-0.59820461,-0.20482004,0
-0.030769467,2.9412012,1.5486757,-0.24149778,-0.019430161,0.97020686,0
-0.9285866,2.3714509,0.15306222,-0.58436185,0.80110788,-0.12941206,0
4.6190052,2.28458,0.26713896,0.77472579,0.59820461,0.20482004,0
2.2997086,4.2927103,2.1422749,-0.24149778,-0.019430161,0.97020686,0
-1.7649684,0.36249208,-1.9695327,0.24149778,0.019430161,-0.97020686,0
-3.842896,-0.081727982,-2.2408957,-0.58436185,0.80110788,-0.12941206,0
-0.54581428,-3.6026864,-0.25165582,0.58436185,-0.80110788,0.12941206,0
0.056636155,0.10378277,-1.5725296,0.24149778,0.019430161,-0.97020686,0
0.26959962,-2.6209047,-1.5750418,0.24149778,0.019430161,-0.97020686,0
2.8818023,4.7980428,-0.58350801,0.77472579,0.59820461,0.20482004,0
-3.0540826,1.0236605,0.68222278,-0.58436185,0.80110788,-0.12941206,0
4.810832,1.6685443,1.7756865,0.77472579,0.59820461,0.20482004,0
1.2083446,-2.1359549,0.90069956,0.58436185,-0.80110788,0.12941206,0
-0.47603059,-3.3269961,1.4136813,0.58436185,-0.80110788,0.12941206,0
1.8906567,4.6612272,2.1705928,-0.24149778,-0.019430161,0.97020686,0
3.3733826,3.6826394,1.2091408,0.77472579,0.59820461,0.20482004,0
5.2776308,0.76336002,0.76601243,0.58436185,-0.80110788,0.12941206,0
4.7782626,2.0171089,0.54790401,0.77472579,0.59820461,0.20482004,0
4.3641605,2.5119162,0.77946091,0.77472579,0.59820461,0.20482004,0
3.3134713,-0.83265454,-0.12316835,0.58436185,-0.80110788,0.12941206,0
0.028657198,1.3760501,-1.5609334,0.24149778,0.019430161,-0.97020686,0
3.7278013,3.2849894,1.0670199,0.77472579,0.59820461,0.20482004,0
-4.323431,-0.26626587,-1.9341989,-0.58436185,0.80110788,-0.12941206,0
-3.0595725,-4.5383797,0.52574825,-0.77472579,-0.59820461,-0.20482004,0
-2.0526221,1.6357085,0.15866345,-0.58436185,0.80110788,-0.12941206,0
-5.0515676,-1.7790525,-0.59349489,-0.77472579,-0.59820461,-0.20482004,0
1.7971491,-1.7420962,0.98572981,0.58436185,-0.80110788,0.12941206,0
4.7563438,1.2991326,2.5342295,0.77472579,0.59820461,0.20482004,0
-3.3873091,-3.539607,-1.0144081,-0.77472579,-0.59820461,-0.20482004,0
4.5917192,1.5187101,2.531873,0.77472579,0.59820461,0.20482004,0
-5.2462535,-1.2437702,-0.55147791,-0.77472579,-0.59820461,-0.20482004,0
-0.56130314,-3.623075,-0.19628787,0.58436185,-0.80110788,0.12941206,0
-1.9258854,-0.53048778,1.0129855,-0.24149778,-0.019430161,0.97020686,0
0.54787517,0.62085581,1.7266629,-0.24149778,-0.019430161,0.97020686,0
2.7317953,4.2147079,1.9410048,0.77472579,0.59820461,0.20482004,0
-1.0166175,2.6245584,0.8069793,-0.58436185,0.80110788,-0.12941206,0
2.6916277,2.4523251,2.2049367,-0.24149778,-0.019430161,0.97020686,0
-1.4848824,-4.1466331,0.073931217,0.58436185,-0.80110788,0.12941206,0
0.4017303,-2.9649937,-0.92924571,0.58436185,-0.80110788,0.12941206,0
-4.1690521,-2.6638536,-1.1427035,-0.77472579,-0.59820461,-0.20482004,0
-4.442956,-2.4443393,-0.75348854,-0.77472579,-0.59820461,-0.20482004,0
2.4541869,1.2338011,-0.91886783,0.24149778,0.019430161,-0.97020686,0
1.175929,3.6132166,1.899045,-0.24149778,-0.019430161,0.97020686,0
-1.1397713,2.1493556,-0.16251624,-0.58436185,0.80110788,-0.12941206,0
-0.33836716,-0.033548236,-1.5736575,0.24149778,0.019430161,-0.97020686,0
-3.6582592,-2.7752888,-2.408252,-0.77472579,-0.59820461,-0.20482004,0
-5.0805655,-0.88007975,-2.1957197,-0.58436185,0.80110788,-0.12941206,0
-0.74661791,0.48760498,-1.7424812,0.24149778,0.019430161,-0.97020686,0
4.4315486,2.2192261,1.2112679,0.77472579,0.59820461,0.20482004,0
-1.7555658,-4.2295651,0.8249054,0.58436185,-0.80110788,0.12941206,0
4.5305305,0.37571251,0.46967125,0.58436185,-0.80110788,0.12941206,0
3.4973848,2.9181371,2.2459698,0.77472579,0.59820461,0.20482004,0
3.7992542,-0.20766139,0.86471784,0.58436185,-0.80110788,0.12941206,0
4.0430698,2.8609159,0.34263992,0.77472579,0.59820461,0.20482004,0
-1.6333971,-4.119133,0.95268965,0.58436185,-0.80110788,0.12941206,0
-4.6354356,-2.249938,-0.15385103,-0.77472579,-0.59820461,-0.20482004,0
-1.4352086,-4.1205587,0.57567644,0.58436185,-0.80110788,0.12941206,0
4.879426,0.42983711,0.41978574,0.58436185,-0.80110788,0.12941206,0
-4.9272642,-1.8901064,0.22890568,-0.24149778,-0.019430161,0.97020686,0
4.7741361,2.1450944,0.10068369,0.77472579,0.59820461,0.20482004,0
-3.4909711,0.10249972,-2.3244019,-0.58436185,0.80110788,-0.12941206,0
1.866305,4.8989,1.9196615,-0.58436185,0.80110788,-0.12941206,0
-1.5444926,0.70656109,1.0789304,-0.24149778,-0.019430161,0.97020686,0
-4.1142435,-2.7197342,-1.1467686,-0.77472579,-0.59820461,-0.20482004,0
1.4026482,-0.7899375,-1.2680206,0.24149778,0.019430161,-0.97020686,0
-1.8655285,1.4708858,-1.2155762,-0.58436185,0.80110788,-0.12941206,0
0.26535583,-2.8806713,-0.35764575,0.58436185,-0.80110788,0.12941206,0
-0.69536185,1.3998768,-1.6088243,0.24149778,0.019430161,-0.97020686,0
-4.2873254,-1.2434602,-2.6722152,0.24149778,0.019430161,-0.97020686,0
-1.5682464,-3.0643783,-2.0387216,0.24149778,0.019430161,-0.97020686,0
0.27944723,1.4778279,1.5885875,-0.24149778,-0.019430161,0.97020686,0
-3.3313823,-1.4502192,-2.4323642,0.24149778,0.019430161,-0.97020686,0
-3.0698321,-4.0611906,-0.82891893,-0.77472579,-0.59820461,-0.20482004,0
2.4029596,4.8688207,0.7696867,0.77472579,0.59820461,0.20482004,0
-1.654627,0.35535413,1.0869777,-0.24149778,-0.019430161,0.97020686,0
-3.0623822,-3.829083,-1.6040149,-0.77472579,-0.59820461,-0.20482004,0
-3.2984691,0.60408866,-0.5965997,-0.58436185,0.80110788,-0.12941206,0
-1.7330674,-3.4925385,-2.1398606,0.24149778,0.019430161,-0.97020686,0
-3.035327,-4.278583,-0.35542297,-0.77472579,-0.59820461,-0.20482004,0
-2.0671122,-0.94135231,0.93585205,-0.24149778,-0.019430161,0.97020686,0
-0.26787591,-2.658289,1.3359437,-0.24149778,-0.019430161,0.97020686,0
1.8943131,4.8174081,1.2075677,-0.58436185,0.80110788,-0.12941206,0
-1.6723861,-4.4513879,-1.446815,0.58436185,-0.80110788,0.12941206,0
-3.6872251,0.2770834,-1.2611097,-0.58436185,0.80110788,-0.12941206,0
-1.1601061,-3.8515248,0.57300711,0.58436185,-0.80110788,0.12941206,0
-5.3087139,-1.549597,-0.20228481,-0.77472579,-0.59820461,-0.20482004,0
0.63392818,-2.7943647,-0.86481786,0.58436185,-0.80110788,0.12941206,0
3.7051105,3.5959568,-0.28563166,0.77472579,0.59820461,0.20482004,0
2.6947157,5.0065875,-0.62754869,0.77472579,0.59820461,0.20482004,0
-1.9291991,1.7387083,1.0871973,-0.24149778,-0.019430161,0.97020686,0
1.0849174,4.1809254,1.2362843,-0.58436185,0.80110788,-0.12941206,0
3.4076734,-0.7117514,-0.078566909,0.58436185,-0.80110788,0.12941206,0
-3.7071714,-1.255518,0.65725899,-0.24149778,-0.019430161,0.97020686,0
3.8196588,-0.29795992,0.23159385,0.58436185,-0.80110788,0.12941206,0
-1.6703548,1.6269855,-1.2937524,-0.58436185,0.80110788,-0.12941206,0
-0.08316493,-3.5556321,-1.605453,0.58436185,-0.80110788,0.12941206,0
-2.9112363,0.85657597,-1.1559998,-0.58436185,0.80110788,-0.12941206,0
-3.0854018,-4.2171888,-0.36601734,-0.77472579,-0.59820461,-0.20482004,0
5.1768727,1.0697258,1.9498858,0.77472579,0.59820461,0.20482004,0
4.6296306,2.1462178,1.0286541,0.77472579,0.59820461,0.20482004,0
4.6119657,0.22663331,0.52975607,0.58436185,-0.80110788,0.12941206,0
-0.45004141,-3.4743013,-0.74710536,0.58436185,-0.80110788,0.12941206,0
-2.8345833,0.98894531,-0.93665528,-0.58436185,0.80110788,-0.12941206,0
3.777143,-0.42432368,-0.67727911,0.58436185,-0.80110788,0.12941206,0
1.3915236,-2.0486424,1.1158314,0.58436185,-0.80110788,0.12941206,0
3.2692356,-0.73385537,-0.43783498,0.58436185,-0.80110788,0.12941206,0
-2.9150863,-1.8074961,-2.3049474,0.24149778,0.019430161,-0.97020686,0
-1.5338575,-4.6717591,-2.0565295,0.58436185,-0.80110788,0.12941206,0
3.7321815,1.5649569,2.4136422,-0.24149778,-0.019430161,0.97020686,0
-3.3551021,-2.9774592,0.67016649,-0.24149778,-0.019430161,0.97020686,0
-1.7637167,-4.4888163,0.10409498,0.58436185,-0.80110788,0.12941206,0
1.2456404,1.4703115,1.9466001,-0.24149778,-0.019430161,0.97020686,0
-4.1320963,0.054762781,0.60364437,-0.24149778,-0.019430161,0.97020686,0
-3.2728112,0.39818135,0.72677088,-0.24149778,-0.019430161,0.97020686,0
2.407964,-1.1339812,0.72152257,0.58436185,-0.80110788,0.12941206,0
4.6077714,1.833107,1.614325,0.77472579,0.59820461,0.20482004,0
2.468739,4.3195105,2.1868858,0.77472579,0.59820461,0.20482004,0
-3.0980866,-1.1274943,0.67767406,-0.24149778,-0.019430161,0.97020686,0
-3.1078637,0.58513641,-2.1911111,-0.58436185,0.80110788,-0.12941206,0
-2.9890957,0.124125,-2.3652709,0.24149778,0.019430161,-0.97020686,0
-2.5396411,-5.0322824,-0.00024414062,-0.77472579,-0.59820461,-0.20482004,0
-0.051603198,0.33810103,-1.5900033,0.24149778,0.019430161,-0.97020686,0
0.1749692,2.8357489,-1.4450679,0.24149778,0.019430161,-0.97020686,0
-2.5363216,-4.7701721,-0.83137941,-0.77472579,-0.59820461,-0.20482004,0
-1.3241854,1.9061501,-1.7956091,-0.58436185,0.80110788,-0.12941206,0
0.42827296,-2.9156384,0.10332751,0.58436185,-0.80110788,0.12941206,0
-0.98320246,-3.8840232,0.35190058,0.58436185,-0.80110788,0.12941206,0
1.5215123,4.2110896,-0.47653008,-0.58436185,0.80110788,-0.12941206,0
-2.3982778,1.4575584,0.14216413,-0.58436185,0.80110788,-0.12941206,0
-3.3944573,-3.6983244,-0.31133366,-0.77472579,-0.59820461,-0.20482004,0
-0.67822737,0.40476036,-1.7464378,0.24149778,0.019430161,-0.97020686,0
-3.4586577,-3.8457186,-0.36361313,-0.77472579,-0.59820461,-0.20482004,0
3.7009938,2.8114936,2.5634041,0.77472579,0.59820461,0.20482004,0
-4.4446926,-0.19104958,-0.88421321,-0.58436185,0.80110788,-0.12941206,0
-0.2054944,-3.3216989,-0.10770297,0.58436185,-0.80110788,0.12941206,0
3.2657688,2.4473288,2.3172901,-0.24149778,-0.019430161,0.97020686,0
5.1498003,0.74571234,-0.21301508,0.24149778,0.019430161,-0.97020686,0
-3.6771526,-3.1008661,-1.927423,-0.77472579,-0.59820461,-0.20482004,0
-1.8306524,1.2904785,1.0769229,-0.24149778,-0.019430161,0.97020686,0
-3.8921468,0.036606073,-1.7713475,-0.58436185,0.80110788,-0.12941206,0
3.5234294,2.4662976,-0.57090569,0.24149778,0.019430161,-0.97020686,0
4.0588307,0.19170713,2.2653766,0.58436185,-0.80110788,0.12941206,0
3.4271476,3.6730263,0.42931271,0.77472579,0.59820461,0.20482004,0
-3.6139877,-3.656369,0.21945477,-0.77472579,-0.59820461,-0.20482004,0
1.3278424,-1.0503299,1.79778,-0.24149778,-0.019430161,0.97020686,0
-4.6427841,-2.2538612,-0.29924774,-0.77472579,-0.59820461,-0.20482004,0
5.2058177,1.3653456,1.080749,0.77472579,0.59820461,0.20482004,0
-1.3938806,2.2353277,0.28289866,-0.58436185,0.80110788,-0.12941206,0
-3.3670597,-3.1430478,-2.3079629,-0.77472579,-0.59820461,-0.20482004,0
-2.8185129,-4.1136999,-1.6499057,-0.77472579,-0.59820461,-0.20482004,0
-0.94408363,-1.5686193,-1.8415718,0.24149778,0.019430161,-0.97020686,0
4.8417168,0.48836112,0.51676559,0.58436185,-0.80110788,0.12941206,0
0.3741926,3.3438785,-0.86527205,-0.58436185,0.80110788,-0.12941206,0
-3.7379019,-1.8628192,-2.5862646,0.24149778,0.019430161,-0.97020686,0
1.608737,2.8817859,-1.0443428,0.24149778,0.019430161,-0.97020686,0
3.7059035,3.1300693,1.6421423,0.77472579,0.59820461,0.20482004,0
-0.5268929,2.0003548,1.4929028,-0.24149778,-0.019430161,0.97020686,0
-4.4274077,-0.3118875,-1.5649793,-0.58436185,0.80110788,-0.12941206,0
2.4586744,4.8373952,0.81275368,0.77472579,0.59820461,0.20482004,0
-4.2133646,-2.9754879,0.11560869,-0.77472579,-0.59820461,-0.20482004,0
2.0809445,4.5749836,-0.78974485,-0.58436185,0.80110788,-0.12941206,0
1.4673917,0.58487678,1.8302355,-0.24149778,-0.019430161,0.97020686,0
-0.47739381,2.6692157,1.4519804,-0.24149778,-0.019430161,0.97020686,0
-4.4256506,-0.43336439,0.4883759,-0.24149778,-0.019430161,0.97020686,0
-5.2584352,-0.79560018,-0.22498608,-0.58436185,0.80110788,-0.12941206,0
-3.3752499,-3.9259474,-0.53009558,-0.77472579,-0.59820461,-0.20482004,0
1.837221,-1.8996,-0.24748331,0.58436185,-0.80110788,0.12941206,0
-0.44132799,-0.46705151,-1.5939902,0.24149778,0.019430161,-0.97020686,0
4.0068655,3.2091577,-0.39244366,0.77472579,0.59820461,0.20482004,0
-2.1386545,-0.27886489,0.90604401,-0.24149778,-0.019430161,0.97020686,0
-1.8511614,0.20543414,1.1207368,-0.24149778,-0.019430161,0.97020686,0
-5.2013502,-1.7610506,-0.020880222,-0.77472579,-0.59820461,-0.20482004,0
1.7709308,-0.74631298,-1.031103,0.24149778,0.019430161,-0.97020686,0
-0.7188642,-2.9480572,1.359525,-0.24149778,-0.019430161,0.97020686,0
-1.5832024,1.3792214,-1.9503253,0.24149778,0.019430161,-0.97020686,0
2.4951591,4.4880738,1.846839,0.77472579,0.59820461,0.20482004,0
-0.39821061,-2.038816,-1.6916429,0.24149778,0.019430161,-0.97020686,0
1.6940544,-1.7273073,1.0883671,0.58436185,-0.80110788,0.12941206,0
1.57833,1.9337066,-1.1863923,0.24149778,0.019430161,-0.97020686,0
-2.8967764,-3.9143252,-1.9395638,-0.77472579,-0.59820461,-0.20482004,0
-1.2910774,1.8696239,-1.388478,-0.58436185,0.80110788,-0.12941206,0
-3.4683242,-0.22576547,0.65118957,-0.24149778,-0.019430161,0.97020686,0
-3.9981794,-2.8196833,0.40808535,-0.24149778,-0.019430161,0.97020686,0
-4.5257654,-0.2326231,0.20583868,-0.58436185,0.80110788,-0.12941206,0
-0.43373036,-3.6784327,-0.74450374,0.58436185,-0.80110788,0.12941206,0
-1.5418155,-4.3436775,0.050222397,0.58436185,-0.80110788,0.12941206,0
-3.0398633,-4.4982929,0.45610189,-0.77472579,-0.59820461,-0.20482004,0
-0.74583459,-3.7468929,0.17464733,0.58436185,-0.80110788,0.12941206,0
-4.5463619,-2.2724791,-0.36227751,-0.77472579,-0.59820461,-0.20482004,0
-1.7782929,1.6147088,-1.871762,-0.58436185,0.80110788,-0.12941206,0
-4.8378325,-0.70103955,-1.4207902,-0.58436185,0.80110788,-0.12941206,0
-4.2184625,-2.2129722,-1.733923,-0.77472579,-0.59820461,-0.20482004,0
2.1583936,4.8873968,1.8355761,0.77472579,0.59820461,0.20482004,0
-5.0705771,-0.6954999,-1.4268103,-0.58436185,0.80110788,-0.12941206,0
1.2274653,3.7848654,-0.79703426,-0.58436185,0.80110788,-0.12941206,0
-5.0532064,-1.4496112,-0.63038254,-0.77472579,-0.59820461,-0.20482004,0
-4.102458,-2.5409148,-1.3999038,-0.77472579,-0.59820461,-0.20482004,0
1.9080508,-1.5801785,0.15872702,0.58436185,-0.80110788,0.12941206,0
-3.5502496,-0.27565312,-2.5163615,0.24149778,0.019430161,-0.97020686,0
-4.1123028,-2.7518921,-0.34059477,-0.77472579,-0.59820461,-0.20482004,0
4.2632108,0.08517766,1.1976352,0.58436185,-0.80110788,0.12941206,0
-4.4712,-1.9517878,-1.4744911,-0.77472579,-0.59820461,-0.20482004,0
-1.7697197,1.7467926,-0.98772669,-0.58436185,0.80110788,-0.12941206,0
1.6983368,-1.4155363,1.9605236,-0.24149778,-0.019430161,0.97020686,0
-3.4793336,-2.1335714,-2.4920347,0.24149778,0.019430161,-0.97020686,0
-3.9599988,-0.034143448,-0.93132401,-0.58436185,0.80110788,-0.12941206,0
3.1935277,3.4999278,1.691793,0.77472579,0.59820461,0.20482004,0
-3.9573202,-2.6508598,-1.7808485,-0.77472579,-0.59820461,-0.20482004,0
-0.81491721,0.74726033,-1.6996527,0.24149778,0.019430161,-0.97020686,0
0.097158313,-1.0372353,1.5551708,-0.24149778,-0.019430161,0.97020686,0
3.4826546,3.5982018,0.46329546,0.77472579,0.59820461,0.20482004,0
2.6350908,2.9017429,-0.7833252,0.24149778,0.019430161,-0.97020686,0
1.1094588,2.0740314,1.8586489,-0.24149778,-0.019430161,0.97020686,0
-2.2961271,-4.8384314,-1.8481464,-0.77472579,-0.59820461,-0.20482004,0
0.080914378,0.87403578,-1.465957,0.24149778,0.019430161,-0.97020686,0
3.658448,3.3627658,0.59892607,0.77472579,0.59820461,0.20482004,0
-5.3850603,-0.91075778,-0.091962337,-0.58436185,0.80110788,-0.12941206,0
2.8609881,3.307128,2.2804797,-0.24149778,-0.019430161,0.97020686,0
0.70224261,-1.2183588,1.7768428,-0.24149778,-0.019430161,0.97020686,0
-2.7493513,0.93147874,-1.733628,-0.58436185,0.80110788,-0.12941206,0
-0.77206671,-3.7357044,-0.36095428,0.58436185,-0.80110788,0.12941206,0
1.1092556,-2.3679359,-0.96632487,0.58436185,-0.80110788,0.12941206,0
-2.2760811,1.3761437,0.003840059,-0.58436185,0.80110788,-0.12941206,0
0.19285667,-3.1419735,-0.48730183,0.58436185,-0.80110788,0.12941206,0
-0.82035649,-2.7925525,1.3860071,-0.24149778,-0.019430161,0.97020686,0
2.9995,4.6524854,-0.50604582,0.77472579,0.59820461,0.20482004,0
-3.3964486,-3.8480403,-0.45451164,-0.77472579,-0.59820461,-0.20482004,0
4.2747698,2.5246274,0.49310017,0.77472579,0.59820461,0.20482004,0
-2.7654297,-4.2530518,-1.5183363,-0.77472579,-0.59820461,-0.20482004,0
2.4275208,-0.43569151,-0.89863503,0.24149778,0.019430161,-0.97020686,0
-0.47244394,2.1263008,-1.6944958,0.24149778,0.019430161,-0.97020686,0
-0.32767522,-3.1758792,-1.7392724,0.24149778,0.019430161,-0.97020686,0
3.6657104,-0.18529463,1.9210824,0.58436185,-0.80110788,0.12941206,0
-0.72957599,2.2886004,-1.3460197,-0.58436185,0.80110788,-0.12941206,0
-5.2890601,-1.5625352,-0.037858486,-0.77472579,-0.59820461,-0.20482004,0
-1.7548106,-2.4685595,1.0323362,-0.24149778,-0.019430161,0.97020686,0
-0.91732919,-3.7880857,-0.3571825,0.58436185,-0.80110788,0.12941206,0
-5.0952921,-0.60807765,-0.83044291,-0.58436185,0.80110788,-0.12941206,0
1.5016416,4.6127687,1.855763,-0.58436185,0.80110788,-0.12941206,0
2.2427869,4.7024126,2.251801,-0.24149778,-0.019430161,0.97020686,0
-3.2386775,-4.1226239,0.15294743,-0.77472579,-0.59820461,-0.20482004,0
-3.4209983,0.65280497,-0.10019457,-0.58436185,0.80110788,-0.12941206,0
-0.47532988,-2.3062613,1.4575827,-0.24149778,-0.019430161,0.97020686,0
3.5957751,2.8624852,2.2741799,0.77472579,0.59820461,0.20482004,0
-0.82015729,-3.5488605,0.69551826,0.58436185,-0.80110788,0.12941206,0
2.7007732,-0.80289721,1.7766153,0.58436185,-0.80110788,0.12941206,0
-0.49442059,3.0639913,1.4100676,-0.58436185,0.80110788,-0.12941206,0
2.5759714,0.77986002,2.1126211,-0.24149778,-0.019430161,0.97020686,0
-2.197197,1.3294723,-0.83511424,-0.58436185,0.80110788,-0.12941206,0
1.4036165,4.3935027,1.9407349,-0.24149778,-0.019430161,0.97020686,0
4.1533575,2.1049192,2.6098614,0.77472579,0.59820461,0.20482004,0
-0.035897344,0.57516205,1.5743408,-0.24149778,-0.019430161,0.97020686,0
4.7592759,1.7999355,1.1284251,0.77472579,0.59820461,0.20482004,0
-3.8319583,-2.0391352,0.47304106,-0.24149778,-0.019430161,0.97020686,0
-1.8848444,-1.291088,1.0863678,-0.24149778,-0.019430161,0.97020686,0
-2.2141929,-0.52475756,0.94829452,-0.24149778,-0.019430161,0.97020686,0
4.0227456,1.119982,2.6164567,-0.24149778,-0.019430161,0.97020686,0
5.2878609,1.2060184,1.2817183,0.77472579,0.59820461,0.20482004,0
0.82660651,-1.7071239,1.629933,-0.24149778,-0.019430161,0.97020686,0
1.2938927,4.1474729,0.40573359,-0.58436185,0.80110788,-0.12941206,0
1.1389294,4.1260014,0.45488024,-0.58436185,0.80110788,-0.12941206,0
0.56354439,2.517976,-1.3452122,0.24149778,0.019430161,-0.97020686,0
-2.7886827,-3.9375834,-2.2828784,-0.77472579,-0.59820461,-0.20482004,0
-0.28532004,2.9135487,0.11298704,-0.58436185,0.80110788,-0.12941206,0
-4.4659324,-0.34355688,-1.5440361,-0.58436185,0.80110788,-0.12941206,0
-0.52833021,2.611465,-1.0864524,-0.58436185,0.80110788,-0.12941206,0
-2.1743703,1.3144536,-1.9566905,-0.58436185,0.80110788,-0.12941206,0
2.9685409,3.8879287,2.0425386,0.77472579,0.59820461,0.20482004,0
-4.5626845,-2.3773403,-0.13120699,-0.77472579,-0.59820461,-0.20482004,0
2.4457331,4.6652169,1.4986792,0.77472579,0.59820461,0.20482004,0
3.9236603,2.8230844,1.80371,0.77472579,0.59820461,0.20482004,0
3.6359079,2.2768905,2.5448902,-0.24149778,-0.019430161,0.97020686,0
4.6081028,0.60537422,-0.46480775,0.24149778,0.019430161,-0.97020686,0
4.4602423,1.9261944,1.8200431,0.77472579,0.59820461,0.20482004,0
-2.1973469,0.63535261,-2.1037962,0.24149778,0.019430161,-0.97020686,0
-3.9202309,-3.050781,-0.66676521,-0.77472579,-0.59820461,-0.20482004,0
4.6614461,0.32222533,0.061636925,0.58436185,-0.80110788,0.12941206,0
-3.5578825,-3.8280187,-0.14992332,-0.77472579,-0.59820461,-0.20482004,0
0.42164075,-2.7453423,0.26207662,0.58436185,-0.80110788,0.12941206,0
-3.0962653,-4.135047,-0.94802999,-0.77472579,-0.59820461,-0.20482004,0
0.62444127,1.0737122,1.7818716,-0.24149778,-0.019430161,0.97020686,0
-5.0081148,-1.4232303,-1.1683002,-0.77472579,-0.59820461,-0.20482004,0
4.4330659,1.8728039,-0.50460911,0.24149778,0.019430161,-0.97020686,0
3.1605852,1.4339962,2.2812338,-0.24149778,-0.019430161,0.97020686,0
-4.8299847,-1.4401524,-1.6346877,-0.77472579,-0.59820461,-0.20482004,0
-3.8509808,-3.180439,-0.48509502,-0.77472579,-0.59820461,-0.20482004,0
-2.2076952,1.7507387,0.83229887,-0.58436185,0.80110788,-0.12941206,0
-3.7272062,0.41221809,0.03645134,-0.58436185,0.80110788,-0.12941206,0
-1.7474039,2.0939493,0.99836451,-0.58436185,0.80110788,-0.12941206,0
-3.7107766,-3.4306595,-0.34609985,-0.77472579,-0.59820461,-0.20482004,0
3.4936676,3.3357012,-0.61602831,0.24149778,0.019430161,-0.97020686,0
-1.627878,-4.7479868,-2.1011829,0.58436185,-0.80110788,0.12941206,0
3.8290927,2.93015,1.7162285,0.77472579,0.59820461,0.20482004,0
2.0333374,4.1438093,-1.0227056,0.24149778,0.019430161,-0.97020686,0
-2.920547,-4.6332912,0.22775793,-0.77472579,-0.59820461,-0.20482004,0
-4.6366143,-2.1337962,-0.39606524,-0.77472579,-0.59820461,-0.20482004,0
1.6857629,1.2326057,1.9781151,-0.24149778,-0.019430161,0.97020686,0
-1.2855208,-4.1573925,-0.78669548,0.58436185,-0.80110788,0.12941206,0
4.0105495,2.5410697,2.247751,0.77472579,0.59820461,0.20482004,0
-5.2100897,-1.8172972,0.13587666,-0.77472579,-0.59820461,-0.20482004,0
1.5671781,2.4913905,-1.1969585,0.24149778,0.019430161,-0.97020686,0
-5.5451727,-0.93020904,-0.039446354,-0.58436185,0.80110788,-0.12941206,0
-4.3864851,-2.8056121,-0.064511299,-0.77472579,-0.59820461,-0.20482004,0
-4.2939448,-2.3324986,-1.0235939,-0.77472579,-0.59820461,-0.20482004,0
5.1188569,1.3503214,0.82089138,0.77472579,0.59820461,0.20482004,0
4.9256792,0.82930803,2.5308475,0.58436185,-0.80110788,0.12941206,0
5.4573469,0.98740637,0.23817968,0.58436185,-0.80110788,0.12941206,0
1.0510347,3.9375892,0.15938568,-0.58436185,0.80110788,-0.12941206,0
-3.0300527,-3.8922706,-1.4212623,-0.77472579,-0.59820461,-0.20482004,0
-3.3136029,-3.5962033,-1.7824597,-0.77472579,-0.59820461,-0.20482004,0
-1.8647168,-2.0877371,-2.0971549,0.24149778,0.019430161,-0.97020686,0
-3.869267,0.16117036,-1.1348169,-0.58436185,0.80110788,-0.12941206,0
-4.2785215,-0.27580023,-2.1264102,-0.58436185,0.80110788,-0.12941206,0
4.7857409,1.2810907,2.1483002,0.77472579,0.59820461,0.20482004,0
0.5168196,-2.4454994,1.2569727,0.58436185,-0.80110788,0.12941206,0
-3.6979122,-3.0233762,-1.6448865,-0.77472579,-0.59820461,-0.20482004,0
-5.638885,-1.0987068,0.055775642,-0.77472579,-0.59820461,-0.20482004,0
-4.2894392,-2.5963392,-0.39259291,-0.77472579,-0.59820461,-0.20482004,0
3.8241951,0.57810211,-0.60675716,0.24149778,0.019430161,-0.97020686,0
-4.448658,-0.31116104,-1.8713002,-0.58436185,0.80110788,-0.12941206,0
-3.003257,0.88672519,-1.0319196,-0.58436185,0.80110788,-0.12941206,0
1.6508683,-1.7296755,1.229211,0.58436185,-0.80110788,0.12941206,0
3.6023788,-0.21259332,2.2703836,0.58436185,-0.80110788,0.12941206,0
0.47429609,-2.7682939,-0.23715711,0.58436185,-0.80110788,0.12941206,0
3.5878582,3.5549097,0.29158354,0.77472579,0.59820461,0.20482004,0
1.9862597,4.5596728,-0.60123634,-0.58436185,0.80110788,-0.12941206,0
2.9222283,1.3507628,2.2489347,-0.24149778,-0.019430161,0.97020686,0
3.6946938,3.4111753,0.11943102,0.77472579,0.59820461,0.20482004,0
1.2460916,2.2079031,1.9345914,-0.24149778,-0.019430161,0.97020686,0
1.6959658,-2.1404164,-1.2200787,0.24149778,0.019430161,-0.97020686,0
-2.969625,-3.6909914,-2.1094832,-0.77472579,-0.59820461,-0.20482004,0
-1.6214168,-4.3061261,-0.78067446,0.58436185,-0.80110788,0.12941206,0
3.0366428,4.0528636,0.85407305,0.77472579,0.59820461,0.20482004,0
-2.1513646,-4.9936023,-1.9345193,-0.77472579,-0.59820461,-0.20482004,0
-0.85840642,-3.5514884,0.90837836,0.58436185,-0.80110788,0.12941206,0
-5.389235,-1.1141261,-0.79417133,-0.77472579,-0.59820461,-0.20482004,0
-4.478878,-2.5621603,0.15057325,-0.77472579,-0.59820461,-0.20482004,0
0.57155979,-2.4865804,0.68323553,0.58436185,-0.80110788,0.12941206,0
-0.7518127,-3.7373281,0.19195795,0.58436185,-0.80110788,0.12941206,0
4.9377604,0.50262725,-0.023360252,0.58436185,-0.80110788,0.12941206,0
4.0329514,2.5609503,1.8895512,0.77472579,0.59820461,0.20482004,0
-1.274214,-0.5663147,-1.8158422,0.24149778,0.019430161,-0.97020686,0
-0.56697786,-3.6484077,-0.7534399,0.58436185,-0.80110788,0.12941206,0
-1.9632907,0.10883784,-2.1120961,0.24149778,0.019430161,-0.97020686,0
3.4763305,1.3213027,2.3680079,-0.24149778,-0.019430161,0.97020686,0
1.4388452,4.2012391,0.62877512,-0.58436185,0.80110788,-0.12941206,0
3.1563735,4.1172099,0.72048283,0.77472579,0.59820461,0.20482004,0
-2.0028453,1.6082885,-0.14863637,-0.58436185,0.80110788,-0.12941206,0
4.1100183,0.0075316429,0.57040095,0.58436185,-0.80110788,0.12941206,0
1.9255985,4.7228231,1.1539879,-0.58436185,0.80110788,-0.12941206,0
2.2623355,4.9379468,1.5418553,0.77472579,0.59820461,0.20482004,0
0.66885924,-2.1124752,-1.3968773,0.24149778,0.019430161,-0.97020686,0
-3.450417,-2.5426335,-2.5477536,0.24149778,0.019430161,-0.97020686,0
1.7513298,-1.6863135,0.9371289,0.58436185,-0.80110788,0.12941206,0
0.11158437,0.37541437,-1.4368616,0.24149778,0.019430161,-0.97020686,0
1.1361831,-2.1521151,1.3163286,0.58436185,-0.80110788,0.12941206,0
0.5818671,3.4283884,1.7857473,-0.24149778,-0.019430161,0.97020686,0
1.1416686,1.7287245,1.9202679,-0.24149778,-0.019430161,0.97020686,0
-4.7015553,-1.2252481,-2.6395128,-0.77472579,-0.59820461,-0.20482004,0
-1.0986462,2.0590959,-0.87337047,-0.58436185,0.80110788,-0.12941206,0
-4.5177479,-1.6441679,-2.1091969,-0.77472579,-0.59820461,-0.20482004,0
1.6027793,4.1941228,-0.56465149,-0.58436185,0.80110788,-0.12941206,0
1.3011234,3.8723333,-1.0395551,-0.58436185,0.80110788,-0.12941206,0
5.3294449,0.78294551,0.83217812,0.58436185,-0.80110788,0.12941206,0
-2.6329863,-2.1787357,-2.2536151,0.24149778,0.019430161,-0.97020686,0
4.0225286,0.33227864,-0.45453954,0.24149778,0.019430161,-0.97020686,0
1.3109941,2.6055365,-1.1191685,0.24149778,0.019430161,-0.97020686,0
2.7982798,4.7444134,0.049499035,0.77472579,0.59820461,0.20482004,0
-1.5352902,-2.2447338,-1.9489675,0.24149778,0.019430161,-0.97020686,0
0.17422402,3.31109,0.57933879,-0.58436185,0.80110788,-0.12941206,0
-2.3077269,1.0467398,-1.9083068,-0.58436185,0.80110788,-0.12941206,0
2.8975308,4.0351276,1.6558042,0.77472579,0.59820461,0.20482004,0
-0.29648513,-0.53624153,-1.5912604,0.24149778,0.019430161,-0.97020686,0
4.5290289,1.5848897,2.6015451,0.77472579,0.59820461,0.20482004,0
3.5213904,-0.42029881,1.5052921,0.58436185,-0.80110788,0.12941206,0
-2.5333021,-4.9172812,-0.6094923,-0.77472579,-0.59820461,-0.20482004,0
-1.7060411,-4.3653669,0.25677347,0.58436185,-0.80110788,0.12941206,0
-2.7515569,-2.1495368,-2.3505528,0.24149778,0.019430161,-0.97020686,0
-0.44428408,2.513133,-0.9899689,-0.58436185,0.80110788,-0.12941206,0
3.5244451,1.1351752,2.4935257,-0.24149778,-0.019430161,0.97020686,0
0.68799305,0.81568831,-1.3093959,0.24149778,0.019430161,-0.97020686,0
2.1932433,4.9437284,1.0008402,-0.58436185,0.80110788,-0.12941206,0
-3.949163,-2.9047861,-1.1106477,-0.77472579,-0.59820461,-0.20482004,0
-4.0804348,-0.12761545,-1.6629744,-0.58436185,0.80110788,-0.12941206,0
-1.2825801,-2.7814217,1.1948941,-0.24149778,-0.019430161,0.97020686,0
-1.6789807,-4.3657832,0.47817087,0.58436185,-0.80110788,0.12941206,0
3.1119027,-0.45448351,1.9218633,0.58436185,-0.80110788,0.12941206,0
2.1498988,4.8812089,1.4908681,-0.58436185,0.80110788,-0.12941206,0
-2.0226831,1.6286613,-0.61832756,-0.58436185,0.80110788,-0.12941206,0
4.7705398,1.5730529,1.9429767,0.77472579,0.59820461,0.20482004,0
-4.1965904,-2.2093179,-2.257165,-0.77472579,-0.59820461,-0.20482004,0
-1.9944906,1.6160202,-0.95668221,-0.58436185,0.80110788,-0.12941206,0
0.80411339,-0.90188074,-1.3863381,0.24149778,0.019430161,-0.97020686,0
0.32236969,3.5065415,0.87467217,-0.58436185,0.80110788,-0.12941206,0
-2.2046826,-4.9394894,-2.0230255,-0.77472579,-0.59820461,-0.20482004,0
1.0975528,2.9455471,1.8621006,-0.24149778,-0.019430161,0.97020686,0
-0.22865212,-3.4984493,-0.91458368,0.58436185,-0.80110788,0.12941206,0
-2.2419336,-4.7516832,0.7850318,0.58436185,-0.80110788,0.12941206,0
4.8469901,0.73070741,1.2970726,0.58436185,-0.80110788,0.12941206,0
-1.7049267,-4.510612,-1.2226143,0.58436185,-0.80110788,0.12941206,0
-3.6799219,-3.7229095,0.46540022,-0.77472579,-0.59820461,-0.20482004,0
-2.5786977,1.0499009,-1.1067817,-0.58436185,0.80110788,-0.12941206,0
3.8384883,2.5238469,2.4615927,0.77472579,0.59820461,0.20482004,0
2.0803401,4.7867131,0.3315587,-0.58436185,0.80110788,-0.12941206,0
4.8057728,1.9225881,0.50642776,0.77472579,0.59820461,0.20482004,0
3.2493789,-0.81690365,-0.038891196,0.58436185,-0.80110788,0.12941206,0
-4.4781332,-2.7236099,0.017154694,-0.77472579,-0.59820461,-0.20482004,0
4.5989676,2.0327325,1.4085317,0.77472579,0.59820461,0.20482004,0
-0.012353629,-0.52880454,-1.5253291,0.24149778,0.019430161,-0.97020686,0
-4.0120296,0.087970734,-0.31965661,-0.58436185,0.80110788,-0.12941206,0
3.9511931,3.2986968,-0.34319496,0.77472579,0.59820461,0.20482004,0
3.2202177,3.2670283,-0.75361156,0.24149778,0.019430161,-0.97020686,0
-2.6631112,-4.8552547,0.10108185,-0.77472579,-0.59820461,-0.20482004,0
-3.6801791,-0.14604287,0.63348579,-0.24149778,-0.019430161,0.97020686,0
4.2481904,0.28502858,-0.44727635,0.24149778,0.019430161,-0.97020686,0
2.5700588,5.0676007,-0.017811298,0.77472579,0.59820461,0.20482004,0
-0.62656683,-2.4030302,-1.7032605,0.24149778,0.019430161,-0.97020686,0
-1.1875129,-3.9914999,0.10158539,0.58436185,-0.80110788,0.12941206,0
-3.2900391,0.74325097,0.29456592,-0.58436185,0.80110788,-0.12941206,0
1.7580609,1.9991149,2.0377893,-0.24149778,-0.019430161,0.97020686,0
-4.4187675,-0.20525002,-0.97974992,-0.58436185,0.80110788,-0.12941206,0
0.75969911,2.143868,1.6939327,-0.24149778,-0.019430161,0.97020686,0
-2.8895321,-4.6406913,-0.28568983,-0.77472579,-0.59820461,-0.20482004,0
-2.8891449,-0.79725188,0.89719605,-0.24149778,-0.019430161,0.97020686,0
2.302701,-0.99239397,2.0320816,-0.24149778,-0.019430161,0.97020686,0
2.2629921,-1.5480533,-0.38127211,0.58436185,-0.80110788,0.12941206,0
-4.7112813,-1.6044104,-1.8019984,-0.77472579,-0.59820461,-0.20482004,0
1.957783,-0.168782,2.1162317,-0.24149778,-0.019430161,0.97020686,0
-3.258276,-3.3237095,-1.934885,-0.77472579,-0.59820461,-0.20482004,0
4.5653105,2.4793265,-0.37306404,0.24149778,0.019430161,-0.97020686,0
0.013743639,2.1748183,-1.458967,0.24149778,0.019430161,-0.97020686,0
-2.7425518,-4.0677476,-2.264102,-0.77472579,-0.59820461,-0.20482004,0
3.7958703,3.2106671,0.81593609,0.77472579,0.59820461,0.20482004,0
2.9849997,3.5524879,2.3170943,0.77472579,0.59820461,0.20482004,0
3.6885979,3.0402734,1.1029363,0.77472579,0.59820461,0.20482004,0
4.7393918,0.23594171,-0.23077965,0.58436185,-0.80110788,0.12941206,0
-1.3051958,-0.24520767,1.2981691,-0.24149778,-0.019430161,0.97020686,0
0.89138424,3.9182334,1.2457018,-0.58436185,0.80110788,-0.12941206,0
-3.01126,-4.8269072,0.60903454,-0.77472579,-0.59820461,-0.20482004,0
-4.6425929,-1.9880005,-1.324861,-0.77472579,-0.59820461,-0.20482004,0
-2.1547682,-3.1920297,0.9524827,-0.24149778,-0.019430161,0.97020686,0
2.8306818,4.4420414,0.83853817,0.77472579,0.59820461,0.20482004,0
1.1661762,3.5397892,1.9732592,-0.24149778,-0.019430161,0.97020686,0
4.4462237,0.50435352,2.4206798,0.58436185,-0.80110788,0.12941206,0
5.0885453,1.3319623,0.96439457,0.77472579,0.59820461,0.20482004,0
0.16138554,-2.2300558,1.5489187,-0.24149778,-0.019430161,0.97020686,0
-0.16961473,3.3315921,1.5833964,-0.58436185,0.80110788,-0.12941206,0
4.8067303,2.1493034,0.40069962,0.77472579,0.59820461,0.20482004,0
-5.2212839,-1.7324913,0.04989481,-0.77472579,-0.59820461,-0.20482004,0
-4.8464427,-1.7740959,-0.55526304,-0.77472579,-0.59820461,-0.20482004,0
-2.2152534,-4.8379345,-1.9961743,-0.77472579,-0.59820461,-0.20482004,0
-0.90805233,0.64200902,-1.7724839,0.24149778,0.019430161,-0.97020686,0
0.56690919,3.2868359,-1.2573295,-0.58436185,0.80110788,-0.12941206,0
3.5111797,2.2079661,2.4771991,-0.24149778,-0.019430161,0.97020686,0
-2.438292,-3.146827,-2.2825451,0.24149778,0.019430161,-0.97020686,0
4.1768098,3.0015168,-0.27205992,0.77472579,0.59820461,0.20482004,0
-3.3029866,-2.1517205,0.74518871,-0.24149778,-0.019430161,0.97020686,0
1.1306322,2.0975752,-1.1307609,0.24149778,0.019430161,-0.97020686,0
-2.9563322,0.95156741,-0.24572229,-0.58436185,0.80110788,-0.12941206,0
-1.8620759,-3.6471765,-2.1687922,0.24149778,0.019430161,-0.97020686,0
3.778945,3.1512489,1.3861022,0.77472579,0.59820461,0.20482004,0
-0.96132386,2.0691574,-1.717659,0.24149778,0.019430161,-0.97020686,0
0.71603996,-1.6154851,-1.4471309,0.24149778,0.019430161,-0.97020686,0
4.4420176,2.5820286,0.069687843,0.77472579,0.59820461,0.20482004,0
-0.091546595,2.5153179,1.5090586,-0.24149778,-0.019430161,0.97020686,0
-4.4023104,-0.451478,-1.5457904,-0.58436185,0.80110788,-0.12941206,0
-2.4754214,-1.7084076,-2.2687318,0.24149778,0.019430161,-0.97020686,0
3.3710556,-0.64337713,-0.1574986,0.58436185,-0.80110788,0.12941206,0
3.6690965,0.030599594,2.2001081,0.58436185,-0.80110788,0.12941206,0
3.7101109,3.3849616,0.48071337,0.77472579,0.59820461,0.20482004,0
-3.9705904,-0.082875013,-2.4423099,-0.58436185,0.80110788,-0.12941206,0
-2.82918,-4.6431036,0.31938934,-0.77472579,-0.59820461,-0.20482004,0
2.9420958,4.5121307,-0.11850643,0.77472579,0.59820461,0.20482004,0
-2.4084687,-0.19135222,0.90186667,-0.24149778,-0.019430161,0.97020686,0
1.3123832,4.2313333,1.4427943,-0.58436185,0.80110788,-0.12941206,0
-2.8601389,-4.6928067,-0.088631153,-0.77472579,-0.59820461,-0.20482004,0
-2.608006,0.96263981,0.9978354,-0.24149778,-0.019430161,0.97020686,0
2.6562011,3.667053,-0.75541496,0.24149778,0.019430161,-0.97020686,0
-0.83228332,-3.3231683,-1.8804522,0.24149778,0.019430161,-0.97020686,0
-3.5660877,-3.9043076,0.37873411,-0.77472579,-0.59820461,-0.20482004,0
4.8776836,1.5773574,1.2485514,0.77472579,0.59820461,0.20482004,0
-3.4282384,-3.788362,-0.45008945,-0.77472579,-0.59820461,-0.20482004,0
4.3578625,2.0387552,1.9367654,0.77472579,0.59820461,0.20482004,0
-2.6904535,-4.5643482,-1.0456972,-0.77472579,-0.59820461,-0.20482004,0
2.2816195,-1.1022651,1.8075485,0.58436185,-0.80110788,0.12941206,0
-1.8545229,-1.602088,0.95989704,-0.24149778,-0.019430161,0.97020686,0
-0.65390015,1.3172364,1.3153775,-0.24149778,-0.019430161,0.97020686,0
1.6172456,-0.37729383,1.9797976,-0.24149778,-0.019430161,0.97020686,0
0.26107776,-3.2659345,-1.3276966,0.58436185,-0.80110788,0.12941206,0
-0.17091537,-1.1701359,-1.5378472,0.24149778,0.019430161,-0.97020686,0
4.7044611,2.0098789,-0.41705418,0.24149778,0.019430161,-0.97020686,0
-0.13553196,2.6185286,1.6198413,-0.24149778,-0.019430161,0.97020686,0
1.3181034,3.8267994,-1.2104034,-0.58436185,0.80110788,-0.12941206,0
3.7357171,2.7771022,2.4147544,0.77472579,0.59820461,0.20482004,0
-4.0812159,-0.93279213,0.44057512,-0.24149778,-0.019430161,0.97020686,0
2.2687063,-1.4924567,-1.0010303,0.24149778,0.019430161,-0.97020686,0
4.848639,1.542562,1.6663704,0.77472579,0.59820461,0.20482004,0
-5.2981448,-0.93374515,-1.572149,-0.77472579,-0.59820461,-0.20482004,0
2.9221439,3.7645371,2.3237805,0.77472579,0.59820461,0.20482004,0
-3.1475632,0.55744457,-0.91988313,-0.58436185,0.80110788,-0.12941206,0
-1.1581541,-4.1410794,-1.6631913,0.58436185,-0.80110788,0.12941206,0
1.4402193,1.9479223,-1.0829825,0.24149778,0.019430161,-0.97020686,0
-3.7711964,-3.634325,0.30926609,-0.77472579,-0.59820461,-0.20482004,0
-4.9828391,-0.66727281,-0.92677116,-0.58436185,0.80110788,-0.12941206,0
-2.7102892,-2.9804924,-2.2666998,0.24149778,0.019430161,-0.97020686,0
-4.249671,-1.9863253,-2.3287003,-0.77472579,-0.59820461,-0.20482004,0
-2.6561348,1.0851372,0.87387264,-0.24149778,-0.019430161,0.97020686,0
1.2234459,4.2310195,1.8587453,-0.24149778,-0.019430161,0.97020686,0
1.4413717,-0.14110446,-1.2589297,0.24149778,0.019430161,-0.97020686,0
3.0702605,4.2289562,0.89013672,0.77472579,0.59820461,0.20482004,0
2.2568157,0.59989166,-1.038018,0.24149778,0.019430161,-0.97020686,0
-3.0518847,0.68603325,-1.9122653,-0.58436185,0.80110788,-0.12941206,0
4.2353525,2.9807191,-0.063416004,0.77472579,0.59820461,0.20482004,0
3.0432003,3.8281195,2.148531,0.77472579,0.59820461,0.20482004,0
2.8027761,4.7848611,0.048787117,0.77472579,0.59820461,0.20482004,0
-3.7495966,-1.4192674,-2.5271826,0.24149778,0.019430161,-0.97020686,0
3.3306844,0.078186437,-0.61705303,0.24149778,0.019430161,-0.97020686,0
1.3829632,4.2642584,0.41387081,-0.58436185,0.80110788,-0.12941206,0
