3.2228053,-0.98942685,2.8572934,0.21757269,0.32340884,0.9209066,0
0.29132056,1.0376589,-2.4179606,0.86298597,0.3770389,-0.33629888,0
2.3311896,-4.9703426,-1.9395125,0.45597965,-0.86789888,0.19706392,0
3.7603197,-3.4082456,2.1557808,0.45597965,-0.86789888,0.19706392,0
-1.2135916,-0.68182218,-2.6351223,-0.21757269,-0.32340884,-0.9209066,0
-1.6125584,4.9079666,1.9521022,0.21757269,0.32340884,0.9209066,0
-0.56643844,3.5469637,-2.1836567,0.86298597,0.3770389,-0.33629888,0
1.2192128,2.4999197,2.0456777,0.21757269,0.32340884,0.9209066,0
-0.023489475,-0.73113382,3.5128183,-0.86298597,-0.3770389,0.33629888,0
-1.0727723,5.2238312,-0.34015656,-0.45597965,0.86789888,-0.19706392,0
-2.074276,-1.0180473,-1.8490934,-0.86298597,-0.3770389,0.33629888,0
-0.7086482,5.2129836,-0.37826753,-0.45597965,0.86789888,-0.19706392,0
-0.12134838,-3.7282314,0.02733171,-0.86298597,-0.3770389,0.33629888,0
-2.6637392,4.1382446,-1.4690542,-0.45597965,0.86789888,-0.19706392,0
0.22181046,1.579145,-1.9626946,0.86298597,0.3770389,-0.33629888,0
0.60529613,-1.638773,-2.8895359,-0.21757269,-0.32340884,-0.9209066,0
-2.8859997,4.2416334,0.42879534,-0.45597965,0.86789888,-0.19706392,0
-2.3968225,3.9417167,-2.9453099,-0.45597965,0.86789888,-0.19706392,0
-1.2621486,-2.2699111,-1.4848582,-0.86298597,-0.3770389,0.33629888,0
-0.63076067,5.5629225,0.30430961,-0.45597965,0.86789888,-0.19706392,0
-2.0944378,3.5506716,-3.9547181,-0.21757269,-0.32340884,-0.9209066,0
2.2120059,-1.8529241,-1.0194957,0.86298597,0.3770389,-0.33629888,0
-1.4665413,4.3381548,-2.7919047,-0.45597965,0.86789888,-0.19706392,0
-2.6842647,3.92559,-2.1318517,-0.45597965,0.86789888,-0.19706392,0
0.40144515,0.51558363,-3.0700119,0.86298597,0.3770389,-0.33629888,0
2.6163206,-4.161767,0.69806767,0.45597965,-0.86789888,0.19706392,0
2.8185105,-4.595747,-1.2242966,0.45597965,-0.86789888,0.19706392,0
-0.35266137,1.519995,2.8749123,0.21757269,0.32340884,0.9209066,0
2.5326624,0.17347407,2.6545599,0.21757269,0.32340884,0.9209066,0
0.92551565,-3.1618316,3.0684383,-0.86298597,-0.3770389,0.33629888,0
-0.89784002,1.5362872,-3.5587356,-0.21757269,-0.32340884,-0.9209066,0
0.055434704,-4.4325113,-1.7116343,-0.21757269,-0.32340884,-0.9209066,0
-1.6767424,1.3962502,-3.3630221,-0.21757269,-0.32340884,-0.9209066,0
-1.4175267,0.70528746,-3.0889194,-0.21757269,-0.32340884,-0.9209066,0
0.72574776,-3.4648025,2.6586142,-0.86298597,-0.3770389,0.33629888,0
1.8622967,0.76815307,2.454077,0.21757269,0.32340884,0.9209066,0
0.27480721,-0.75985354,-3.1156039,-0.21757269,-0.32340884,-0.9209066,0
1.8156186,-4.4574308,1.1415472,0.45597965,-0.86789888,0.19706392,0
1.2378514,-0.0063304901,2.9413888,0.21757269,0.32340884,0.9209066,0
2.3354239,-4.6494875,-0.2689395,0.45597965,-0.86789888,0.19706392,0
0.75843334,-0.23302442,3.148721,0.21757269,0.32340884,0.9209066,0
0.065199137,-1.6752646,2.458468,-0.86298597,-0.3770389,0.33629888,0
-2.4659514,3.9531431,-2.1978159,-0.45597965,0.86789888,-0.19706392,0
-1.3010337,3.2566881,-4.0531449,-0.21757269,-0.32340884,-0.9209066,0
-3.1300616,3.4467995,-3.3608921,-0.45597965,0.86789888,-0.19706392,0
-1.9299877,4.8986073,0.89859724,-0.45597965,0.86789888,-0.19706392,0
-1.3193752,4.520483,-1.9737766,-0.45597965,0.86789888,-0.19706392,0
0.68003917,-0.49783081,3.2148054,0.21757269,0.32340884,0.9209066,0
-1.4038125,0.80640733,-3.1861954,-0.21757269,-0.32340884,-0.9209066,0
-1.4013439,4.7880154,-1.5215981,-0.45597965,0.86789888,-0.19706392,0
-1.1358596,2.0391924,-3.6141753,-0.21757269,-0.32340884,-0.9209066,0
1.9127281,1.2222415,2.3224807,0.21757269,0.32340884,0.9209066,0
1.7632327,-1.8116324,3.5162339,0.21757269,0.32340884,0.9209066,0
-2.7679167,2.3744926,-0.20888424,-0.86298597,-0.3770389,0.33629888,0
-2.8300691,3.4466534,-3.791868,-0.45597965,0.86789888,-0.19706392,0
0.27605534,3.816397,0.67729115,0.86298597,0.3770389,-0.33629888,0
-0.045876503,-0.82294869,3.2395482,-0.86298597,-0.3770389,0.33629888,0
-0.71874905,3.5710692,2.1326599,0.21757269,0.32340884,0.9209066,0
3.0264611,-2.5063705,0.57592487,0.86298597,0.3770389,-0.33629888,0
-1.196847,5.3034706,0.52261615,-0.45597965,0.86789888,-0.19706392,0
-0.74400759,-0.40422654,-2.9632447,-0.21757269,-0.32340884,-0.9209066,0
-0.15285015,-3.3454831,-2.1327267,-0.21757269,-0.32340884,-0.9209066,0
-3.5248647,3.7333708,-0.43912411,-0.45597965,0.86789888,-0.19706392,0
-1.6081486,1.0882213,-3.1787581,-0.21757269,-0.32340884,-0.9209066,0
-1.4377908,4.6361532,-1.4333215,-0.45597965,0.86789888,-0.19706392,0
-3.4998622,3.0875545,-3.4474428,-0.45597965,0.86789888,-0.19706392,0
3.1159527,-4.5146141,-1.6279688,0.45597965,-0.86789888,0.19706392,0
1.1839697,-4.698473,1.6766233,0.45597965,-0.86789888,0.19706392,0
2.8103552,-4.3136563,0.11214209,0.45597965,-0.86789888,0.19706392,0
1.4634044,-4.9426966,0.55800295,0.45597965,-0.86789888,0.19706392,0
1.1208129,-2.3532867,3.7485895,0.21757269,0.32340884,0.9209066,0
-2.8026609,4.2789574,-0.47511387,-0.45597965,0.86789888,-0.19706392,0
-1.0257895,-0.84347457,0.70131248,-0.86298597,-0.3770389,0.33629888,0
-1.9174633,-1.3952242,-1.9475302,-0.86298597,-0.3770389,0.33629888,0
0.71417761,-4.093143,-1.9189857,-0.21757269,-0.32340884,-0.9209066,0
1.0545769,-5.4090056,-0.75788498,0.45597965,-0.86789888,0.19706392,0
-0.28618979,4.8485932,0.075138569,0.86298597,0.3770389,-0.33629888,0
2.8148172,-0.73714924,2.9191718,0.21757269,0.32340884,0.9209066,0
0.94484115,0.93544078,2.6900411,0.21757269,0.32340884,0.9209066,0
1.5858994,-4.9151611,0.14867568,0.45597965,-0.86789888,0.19706392,0
-2.9091778,3.6155543,-3.0896091,-0.45597965,0.86789888,-0.19706392,0
1.2938187,2.7247946,1.9606842,0.21757269,0.32340884,0.9209066,0
-2.9851472,3.7962432,1.1057487,-0.86298597,-0.3770389,0.33629888,0
0.40205193,-3.2533507,-2.2604451,-0.21757269,-0.32340884,-0.9209066,0
-0.65857911,2.5688596,-3.30179,0.86298597,0.3770389,-0.33629888,0
0.80511796,-3.89326,2.2988646,-0.86298597,-0.3770389,0.33629888,0
-1.2323992,-2.2418299,-1.2235045,-0.86298597,-0.3770389,0.33629888,0
0.081671715,1.4850252,2.6819482,0.21757269,0.32340884,0.9209066,0
1.9621687,-4.228137,2.0986686,0.45597965,-0.86789888,0.19706392,0
-3.054523,3.7046835,-1.6629663,-0.45597965,0.86789888,-0.19706392,0
1.8000219,-3.9425108,3.7454016,0.45597965,-0.86789888,0.19706392,0
-1.8574619,2.2469864,2.176007,-0.86298597,-0.3770389,0.33629888,0
-2.8146243,1.270942,-2.9596212,-0.21757269,-0.32340884,-0.9209066,0
2.4247563,-4.5401669,-0.022718906,0.45597965,-0.86789888,0.19706392,0
2.1786296,-4.3423529,1.6752636,0.45597965,-0.86789888,0.19706392,0
1.6027859,-3.9326591,3.9078906,0.45597965,-0.86789888,0.19706392,0
-2.7926073,1.432623,-3.1165595,-0.21757269,-0.32340884,-0.9209066,0
3.2439084,-2.8764021,0.59192371,0.86298597,0.3770389,-0.33629888,0
0.37176275,1.9564781,2.48101,0.21757269,0.32340884,0.9209066,0
-2.6146436,2.9817598,-3.7080257,-0.21757269,-0.32340884,-0.9209066,0
1.2076474,-1.6087775,3.5157814,0.21757269,0.32340884,0.9209066,0
-1.7354503,0.84786355,-3.2217736,-0.21757269,-0.32340884,-0.9209066,0
-2.2047343,4.589654,-0.51525021,-0.45597965,0.86789888,-0.19706392,0
-1.2989005,-2.077198,-1.1018555,-0.86298597,-0.3770389,0.33629888,0
3.4286928,-3.8919647,0.2820735,0.45597965,-0.86789888,0.19706392,0
1.0313282,-3.0789828,-2.4915671,-0.21757269,-0.32340884,-0.9209066,0
1.6536953,2.0929432,2.1959419,0.21757269,0.32340884,0.9209066,0
0.8133226,-4.0776348,1.7264376,-0.86298597,-0.3770389,0.33629888,0
-0.63544607,-3.0200393,-2.0141377,-0.21757269,-0.32340884,-0.9209066,0
-1.4644959,-2.2713346,-2.1767316,-0.21757269,-0.32340884,-0.9209066,0
2.1912498,-4.3074861,1.5658879,0.45597965,-0.86789888,0.19706392,0
2.6322095,-0.5548737,1.7465987,0.86298597,0.3770389,-0.33629888,0
0.57582879,-4.7171965,0.76552844,-0.86298597,-0.3770389,0.33629888,0
-2.9570522,4.6014433,2.0128543,-0.45597965,0.86789888,-0.19706392,0
0.62844181,-2.6383519,2.8232012,-0.86298597,-0.3770389,0.33629888,0
-0.71183705,-2.3266473,-2.2040496,-0.21757269,-0.32340884,-0.9209066,0
-3.0397072,3.8594058,0.88703132,-0.86298597,-0.3770389,0.33629888,0
-3.5765688,3.4489827,-0.79673243,-0.86298597,-0.3770389,0.33629888,0
-2.0714636,4.873745,1.1749086,-0.45597965,0.86789888,-0.19706392,0
0.26505566,-5.8349075,-1.1045451,-0.86298597,-0.3770389,0.33629888,0
1.3611448,-5.0936422,-0.17507386,0.45597965,-0.86789888,0.19706392,0
2.9356554,-1.1810236,3.0262678,0.21757269,0.32340884,0.9209066,0
0.96581435,-5.0785875,0.72385383,0.45597965,-0.86789888,0.19706392,0
0.059185505,-1.3229365,-2.794076,-0.21757269,-0.32340884,-0.9209066,0
-3.009913,3.5832665,0.51757526,-0.86298597,-0.3770389,0.33629888,0
2.623075,-1.7269642,3.2591465,0.21757269,0.32340884,0.9209066,0
2.1824501,0.015399694,1.1474243,0.86298597,0.3770389,-0.33629888,0
0.1816293,-1.9169209,2.512002,-0.86298597,-0.3770389,0.33629888,0
-2.6787062,4.8118715,2.2240088,-0.45597965,0.86789888,-0.19706392,0
-3.4624705,2.9720984,-1.3197775,-0.86298597,-0.3770389,0.33629888,0
-0.33253932,-0.48300174,3.0626743,-0.86298597,-0.3770389,0.33629888,0
1.9639022,-1.8443165,3.3839664,0.21757269,0.32340884,0.9209066,0
-0.46003032,-1.4785569,-2.6504169,-0.21757269,-0.32340884,-0.9209066,0
0.67804265,0.85727751,2.8797488,0.21757269,0.32340884,0.9209066,0
2.2827067,0.20720387,1.5583452,0.86298597,0.3770389,-0.33629888,0
0.058852434,0.045859635,3.2492585,0.21757269,0.32340884,0.9209066,0
-1.285442,-1.3577467,-0.31423602,-0.86298597,-0.3770389,0.33629888,0
-0.94391537,2.8761129,2.4280629,0.21757269,0.32340884,0.9209066,0
0.05050087,-0.014692396,-3.3081684,-0.21757269,-0.32340884,-0.9209066,0
1.0066602,2.5421705,2.1778753,0.21757269,0.32340884,0.9209066,0
-0.82450104,4.187521,2.0174961,0.21757269,0.32340884,0.9209066,0
1.2955928,-5.4159441,-1.2365472,0.45597965,-0.86789888,0.19706392,0
0.61371803,-5.6785331,-0.63343668,0.45597965,-0.86789888,0.19706392,0
2.8631766,-1.678473,3.1895428,0.21757269,0.32340884,0.9209066,0
3.294488,-3.3669064,2.8521986,0.45597965,-0.86789888,0.19706392,0
4.007762,-3.1568522,2.602335,0.45597965,-0.86789888,0.19706392,0
2.3313272,-2.9155371,-1.9523556,0.86298597,0.3770389,-0.33629888,0
0.80537885,1.0902359,-1.215728,0.86298597,0.3770389,-0.33629888,0
2.8585463,-4.0829973,0.45799446,0.45597965,-0.86789888,0.19706392,0
1.6919798,-4.7176628,0.85207939,0.45597965,-0.86789888,0.19706392,0
0.75724411,-3.6021399,-2.183315,-0.21757269,-0.32340884,-0.9209066,0
-2.9770072,4.3660007,0.2535429,-0.45597965,0.86789888,-0.19706392,0
0.26777291,-0.22568429,3.3328485,0.21757269,0.32340884,0.9209066,0
2.4570696,-4.7103233,-0.87656546,0.45597965,-0.86789888,0.19706392,0
-3.2118022,3.4502945,-2.4391575,-0.45597965,0.86789888,-0.19706392,0
-1.4544518,0.65599358,-3.2277541,-0.21757269,-0.32340884,-0.9209066,0
0.10690129,2.7153502,-1.3414047,0.86298597,0.3770389,-0.33629888,0
1.4264245,-3.9049013,-2.3227313,-0.21757269,-0.32340884,-0.9209066,0
-1.4266396,5.3715549,1.1166384,-0.45597965,0.86789888,-0.19706392,0
0.80527264,-2.8891311,3.2757015,-0.86298597,-0.3770389,0.33629888,0
0.24647999,2.2543666,2.3217435,0.21757269,0.32340884,0.9209066,0
-2.2827873,3.2833099,-3.7702773,-0.21757269,-0.32340884,-0.9209066,0
-1.0386844,-0.42122495,1.4443203,-0.86298597,-0.3770389,0.33629888,0
1.2743309,0.88158941,-0.077055097,0.86298597,0.3770389,-0.33629888,0
-1.3114145,-2.0039341,-1.2208508,-0.86298597,-0.3770389,0.33629888,0
-0.021545053,-1.8004018,2.6225986,-0.86298597,-0.3770389,0.33629888,0
2.4171469,-3.1773579,-2.0768502,0.86298597,0.3770389,-0.33629888,0
-1.960171,2.1157758,-3.4349389,-0.21757269,-0.32340884,-0.9209066,0
0.37533319,-3.9986038,0.85313463,-0.86298597,-0.3770389,0.33629888,0
-1.2891831,4.2974458,-3.0975752,0.86298597,0.3770389,-0.33629888,0
-1.4139608,4.56951,-1.5381963,-0.45597965,0.86789888,-0.19706392,0
0.38278198,-4.1000204,-1.9847484,-0.21757269,-0.32340884,-0.9209066,0
-1.4131815,0.044169903,-3.0120502,-0.21757269,-0.32340884,-0.9209066,0
-1.0961938,3.5374272,-3.4884551,0.86298597,0.3770389,-0.33629888,0
1.5765412,1.262023,1.1856842,0.86298597,0.3770389,-0.33629888,0
0.1116215,-2.5413115,2.1247735,-0.86298597,-0.3770389,0.33629888,0
0.85490489,-1.4608538,3.5534689,0.21757269,0.32340884,0.9209066,0
-2.0570006,2.6327205,-3.7404106,-0.21757269,-0.32340884,-0.9209066,0
1.8837805,-4.8432302,-0.55136633,0.45597965,-0.86789888,0.19706392,0
-1.1661057,0.067644954,1.4375445,-0.86298597,-0.3770389,0.33629888,0
1.7730751,-4.6287861,-2.0511198,-0.21757269,-0.32340884,-0.9209066,0
-1.4483037,3.3078272,2.3997321,0.21757269,0.32340884,0.9209066,0
-0.84316063,5.5351095,0.79076266,-0.45597965,0.86789888,-0.19706392,0
1.8432617,-3.7993171,3.9528005,0.45597965,-0.86789888,0.19706392,0
2.2904518,-3.9864407,2.0907457,0.45597965,-0.86789888,0.19706392,0
2.216826,-1.6235225,-0.32219529,0.86298597,0.3770389,-0.33629888,0
-2.2672527,-0.7579968,-2.3075109,-0.86298597,-0.3770389,0.33629888,0
-2.7834082,0.14658427,-2.5676117,-0.21757269,-0.32340884,-0.9209066,0
1.5311246,-4.6175117,1.4763446,0.45597965,-0.86789888,0.19706392,0
-1.6379093,4.3602028,-2.2600169,-0.45597965,0.86789888,-0.19706392,0
-3.1998477,1.87321,-1.6979728,-0.86298597,-0.3770389,0.33629888,0
-2.96491,4.0091252,-0.48026514,-0.45597965,0.86789888,-0.19706392,0
3.2868164,-1.8583709,3.2341084,0.21757269,0.32340884,0.9209066,0
-1.259021,4.9004459,-0.63795948,-0.45597965,0.86789888,-0.19706392,0
-0.70646954,-0.12234843,-3.0745313,-0.21757269,-0.32340884,-0.9209066,0
0.83889985,-5.430182,-0.32050371,0.45597965,-0.86789888,0.19706392,0
-0.82268173,3.1857393,-2.8848546,0.86298597,0.3770389,-0.33629888,0
2.8029635,-3.4518151,3.6138299,0.45597965,-0.86789888,0.19706392,0
0.13212919,-4.0584612,-1.9047852,-0.21757269,-0.32340884,-0.9209066,0
1.9896586,-4.2410798,1.6449716,0.45597965,-0.86789888,0.19706392,0
1.7816421,-2.5509074,3.7875247,0.21757269,0.32340884,0.9209066,0
-2.3777227,4.5878477,0.50703001,-0.45597965,0.86789888,-0.19706392,0
1.8389182,-1.7275218,-1.5855006,0.86298597,0.3770389,-0.33629888,0
1.0313401,-5.5767817,-1.532311,-0.21757269,-0.32340884,-0.9209066,0
-0.89849496,5.0358262,-0.62745523,-0.45597965,0.86789888,-0.19706392,0
0.32396245,3.0458834,-0.28106213,0.86298597,0.3770389,-0.33629888,0
-3.1593046,3.9772623,-0.78093052,-0.45597965,0.86789888,-0.19706392,0
-3.3560867,2.6798775,-3.4820983,-0.21757269,-0.32340884,-0.9209066,0
-1.4157987,5.2391214,1.0378616,-0.45597965,0.86789888,-0.19706392,0
2.9438608,-4.3369136,-0.93174791,0.45597965,-0.86789888,0.19706392,0
1.7548033,1.6761634,1.8539112,0.86298597,0.3770389,-0.33629888,0
-2.3725917,4.0502391,-2.3831244,-0.45597965,0.86789888,-0.19706392,0
1.1202923,1.3094327,0.046707734,0.86298597,0.3770389,-0.33629888,0
0.54486036,-5.5864873,-0.42777371,0.45597965,-0.86789888,0.19706392,0
0.38024163,2.4662724,2.3553505,0.21757269,0.32340884,0.9209066,0
2.4630437,-4.8291078,-1.6775627,0.45597965,-0.86789888,0.19706392,0
-2.0300183,2.1460006,-3.5425644,-0.21757269,-0.32340884,-0.9209066,0
2.7075737,-4.5108871,-0.28172731,0.45597965,-0.86789888,0.19706392,0
2.5385561,-2.2515142,-0.40254831,0.86298597,0.3770389,-0.33629888,0
3.1174285,-2.2283463,3.2035673,0.21757269,0.32340884,0.9209066,0
-0.66247272,-1.2091612,1.5883462,-0.86298597,-0.3770389,0.33629888,0
-1.0735314,0.79115742,2.4861007,-0.86298597,-0.3770389,0.33629888,0
-1.3052669,4.1264229,2.183075,0.21757269,0.32340884,0.9209066,0
-1.8386346,1.8175073,-3.5644295,-0.21757269,-0.32340884,-0.9209066,0
-1.950945,1.693948,1.5198281,-0.86298597,-0.3770389,0.33629888,0
-2.4906111,3.6108534,-3.3885465,-0.45597965,0.86789888,-0.19706392,0
0.94769144,-5.0283985,-1.7641122,-0.21757269,-0.32340884,-0.9209066,0
0.48853254,-5.6289506,-0.48826337,0.45597965,-0.86789888,0.19706392,0
-1.652844,3.6663291,2.4609146,0.21757269,0.32340884,0.9209066,0
-2.8987873,2.8794546,-3.6729023,-0.21757269,-0.32340884,-0.9209066,0
-2.5024238,2.3665442,0.52570844,-0.86298597,-0.3770389,0.33629888,0
1.647825,-3.4213893,4.0558138,0.21757269,0.32340884,0.9209066,0
-0.51008391,1.9809024,-3.3761892,0.86298597,0.3770389,-0.33629888,0
-0.62808514,-0.11726788,2.9550309,-0.86298597,-0.3770389,0.33629888,0
1.1908262,-5.1661606,0.10473084,0.45597965,-0.86789888,0.19706392,0
0.93514848,-5.4165993,-0.25253344,0.45597965,-0.86789888,0.19706392,0
0.82089901,-5.2838392,-1.6561723,-0.21757269,-0.32340884,-0.9209066,0
-2.4348528,3.5216532,-3.8211379,-0.45597965,0.86789888,-0.19706392,0
2.921577,-4.5760231,-1.9843659,0.45597965,-0.86789888,0.19706392,0
0.75075769,-3.242682,-2.2192454,-0.21757269,-0.32340884,-0.9209066,0
-2.4411535,2.2511878,0.68580127,-0.86298597,-0.3770389,0.33629888,0
1.2386732,-4.7211838,2.0745072,0.45597965,-0.86789888,0.19706392,0
1.726727,-2.124095,3.6433845,0.21757269,0.32340884,0.9209066,0
1.1409532,-4.6519728,2.0930192,-0.86298597,-0.3770389,0.33629888,0
0.85824728,0.95818007,-1.3330677,0.86298597,0.3770389,-0.33629888,0
-0.82757282,4.6341209,1.8090053,0.21757269,0.32340884,0.9209066,0
-1.5343556,5.099812,1.8408973,0.21757269,0.32340884,0.9209066,0
1.6420784,-5.1272621,-1.3168952,0.45597965,-0.86789888,0.19706392,0
-0.72106361,-1.1186411,1.3332784,-0.86298597,-0.3770389,0.33629888,0
2.5521884,-2.818938,-1.2075953,0.86298597,0.3770389,-0.33629888,0
0.60459971,3.7291992,1.163594,0.86298597,0.3770389,-0.33629888,0
-1.4327824,1.5161078,2.4706786,-0.86298597,-0.3770389,0.33629888,0
0.83698535,-1.6813164,-2.8983388,-0.21757269,-0.32340884,-0.9209066,0
-2.1010008,2.4517467,1.9233872,-0.86298597,-0.3770389,0.33629888,0
-0.97693634,-1.1450968,-2.6270523,-0.21757269,-0.32340884,-0.9209066,0
-2.734514,-0.090045452,-2.5403328,-0.21757269,-0.32340884,-0.9209066,0
1.551784,-4.3203287,2.8780241,0.45597965,-0.86789888,0.19706392,0
-1.3576739,-0.68561673,-2.7655218,-0.21757269,-0.32340884,-0.9209066,0
0.5827527,-1.217906,-3.0490637,-0.21757269,-0.32340884,-0.9209066,0
-3.1636508,0.87811875,-2.6737466,-0.86298597,-0.3770389,0.33629888,0
-3.4813275,3.2983556,-1.0222597,-0.86298597,-0.3770389,0.33629888,0
2.1692581,0.75596285,1.9023391,0.86298597,0.3770389,-0.33629888,0
-0.76420677,3.2004037,-2.8959169,0.86298597,0.3770389,-0.33629888,0
-3.28686,4.2497659,0.78641558,-0.45597965,0.86789888,-0.19706392,0
-0.61619735,0.82305884,-3.2964337,-0.21757269,-0.32340884,-0.9209066,0
-1.5927826,-0.5515039,-2.599443,-0.21757269,-0.32340884,-0.9209066,0
0.52779377,0.80286223,-2.2779388,0.86298597,0.3770389,-0.33629888,0
0.45523226,-2.353317,3.2812891,-0.86298597,-0.3770389,0.33629888,0
-1.6768603,4.7790723,-0.15593433,-0.45597965,0.86789888,-0.19706392,0
2.951261,-3.390197,3.57832,0.45597965,-0.86789888,0.19706392,0
0.4260031,-2.0874772,3.4002049,-0.86298597,-0.3770389,0.33629888,0
1.1582146,0.67560768,2.6888101,0.21757269,0.32340884,0.9209066,0
1.7964709,-4.316916,1.9787793,0.45597965,-0.86789888,0.19706392,0
-0.49801373,-1.3256516,1.7578653,-0.86298597,-0.3770389,0.33629888,0
1.9009748,-3.9584312,-2.4148226,-0.21757269,-0.32340884,-0.9209066,0
-3.1721859,4.4967384,1.5714285,-0.86298597,-0.3770389,0.33629888,0
3.0066209,-3.993459,0.7239213,0.45597965,-0.86789888,0.19706392,0
-1.047049,5.5978403,1.21682,-0.45597965,0.86789888,-0.19706392,0
-2.1719368,0.65411866,-0.18654394,-0.86298597,-0.3770389,0.33629888,0
-0.27669358,-1.2371852,-2.7771649,-0.21757269,-0.32340884,-0.9209066,0
0.98911428,-5.4918094,-1.2031004,0.45597965,-0.86789888,0.19706392,0
-0.72956324,5.6553288,0.87470198,-0.45597965,0.86789888,-0.19706392,0
1.7254242,-4.3706021,2.4256506,0.45597965,-0.86789888,0.19706392,0
-1.9715103,0.76207149,0.34304321,-0.86298597,-0.3770389,0.33629888,0
1.8562529,-3.9490724,3.8132322,0.45597965,-0.86789888,0.19706392,0
-1.1793401,-2.0068285,-2.3060832,-0.21757269,-0.32340884,-0.9209066,0
1.5819671,-1.6475084,3.3661194,0.21757269,0.32340884,0.9209066,0
0.78421926,-2.3898358,-2.5585775,-0.21757269,-0.32340884,-0.9209066,0
1.5557435,1.9678501,2.0173359,0.86298597,0.3770389,-0.33629888,0
2.8923483,-1.8182032,3.3089054,0.21757269,0.32340884,0.9209066,0
2.0667276,-0.75202763,0.2485466,0.86298597,0.3770389,-0.33629888,0
-0.097804666,-1.4126637,2.8790643,-0.86298597,-0.3770389,0.33629888,0
1.999253,-4.0511236,3.0032387,0.45597965,-0.86789888,0.19706392,0
-0.66760671,-1.7360035,0.51409209,-0.86298597,-0.3770389,0.33629888,0
-2.9908729,3.4188259,-3.4314408,-0.45597965,0.86789888,-0.19706392,0
3.0867584,-2.3115196,3.4484103,0.21757269,0.32340884,0.9209066,0
-0.099676609,4.8738723,1.6776017,0.21757269,0.32340884,0.9209066,0
0.67747951,2.3918695,2.2044928,0.21757269,0.32340884,0.9209066,0
-2.3720024,4.5847964,0.16503477,-0.45597965,0.86789888,-0.19706392,0
-2.7684195,4.263988,-0.3936367,-0.45597965,0.86789888,-0.19706392,0
3.4455323,-4.0545502,-0.035294056,0.45597965,-0.86789888,0.19706392,0
3.2194471,-1.1265018,2.8916049,0.21757269,0.32340884,0.9209066,0
-0.15352368,3.4973817,-0.74987316,0.86298597,0.3770389,-0.33629888,0
-3.5559402,3.7478774,-0.64013004,-0.45597965,0.86789888,-0.19706392,0
1.1157091,-3.7021918,3.3652277,-0.86298597,-0.3770389,0.33629888,0
2.4205732,-2.5245743,-0.84068942,0.86298597,0.3770389,-0.33629888,0
-1.3115346,0.37530339,-3.1679111,-0.21757269,-0.32340884,-0.9209066,0
2.7124836,-4.4969573,-0.28040981,0.45597965,-0.86789888,0.19706392,0
-1.5298917,-0.44044602,-0.17936361,-0.86298597,-0.3770389,0.33629888,0
1.1840885,-4.7535772,1.4567158,0.45597965,-0.86789888,0.19706392,0
3.3092599,-3.9483275,-0.13075399,0.45597965,-0.86789888,0.19706392,0
1.0219018,-0.54929072,-2.6347408,0.86298597,0.3770389,-0.33629888,0
-1.4756193,2.8734426,2.598223,0.21757269,0.32340884,0.9209066,0
1.9199624,-4.9991922,-1.140059,0.45597965,-0.86789888,0.19706392,0
0.19051123,-4.9801044,-0.65457702,-0.86298597,-0.3770389,0.33629888,0
0.74505949,-4.2396612,1.8293135,-0.86298597,-0.3770389,0.33629888,0
0.67563033,-0.34875393,3.172024,0.21757269,0.32340884,0.9209066,0
0.90106535,0.4448061,2.8914273,0.21757269,0.32340884,0.9209066,0
-1.5338922,4.7362709,2.0593295,0.21757269,0.32340884,0.9209066,0
-3.1197665,4.457571,1.5334146,-0.45597965,0.86789888,-0.19706392,0
0.83446407,-5.4527798,-1.5763948,-0.21757269,-0.32340884,-0.9209066,0
0.34071946,1.8699063,2.6245964,0.21757269,0.32340884,0.9209066,0
1.5920817,-0.70474589,3.234302,0.21757269,0.32340884,0.9209066,0
-2.8635654,2.5647731,-0.014006376,-0.86298597,-0.3770389,0.33629888,0
2.3296471,0.63259649,2.4899564,0.21757269,0.32340884,0.9209066,0
-0.70904064,5.617908,0.77480912,-0.45597965,0.86789888,-0.19706392,0
0.49476194,-2.7006545,2.8779678,-0.86298597,-0.3770389,0.33629888,0
2.4808619,-4.4942617,0.0035586357,0.45597965,-0.86789888,0.19706392,0
-1.3355522,2.5812178,-3.8024764,-0.21757269,-0.32340884,-0.9209066,0
-2.2507358,4.2864447,-1.7904859,-0.45597965,0.86789888,-0.19706392,0
-2.8240049,4.4885359,1.347682,-0.45597965,0.86789888,-0.19706392,0
-1.6488299,4.3049173,2.0304258,0.21757269,0.32340884,0.9209066,0
2.9402165,-2.9076009,3.5365386,0.21757269,0.32340884,0.9209066,0
-1.4109097,-1.4613758,-2.4151983,-0.21757269,-0.32340884,-0.9209066,0
-2.2424476,0.31082606,-2.8971443,-0.21757269,-0.32340884,-0.9209066,0
-1.0793359,-1.295054,0.2697818,-0.86298597,-0.3770389,0.33629888,0
-1.1342945,5.0105915,1.6769083,0.21757269,0.32340884,0.9209066,0
-1.3754519,-1.1770344,-0.32559738,-0.86298597,-0.3770389,0.33629888,0
-0.53006244,-3.2911572,-0.46718633,-0.86298597,-0.3770389,0.33629888,0
-1.0254226,-0.62692893,-2.7512131,-0.21757269,-0.32340884,-0.9209066,0
-1.464704,5.483552,1.6613278,-0.45597965,0.86789888,-0.19706392,0
1.7664565,0.35619724,2.813556,0.21757269,0.32340884,0.9209066,0
3.1735215,-1.9142956,3.1810455,0.21757269,0.32340884,0.9209066,0
0.61874175,-5.4546151,-0.24385428,0.45597965,-0.86789888,0.19706392,0
3.1181536,-1.0876329,2.3961337,0.86298597,0.3770389,-0.33629888,0
-2.9230886,4.5372424,1.8263409,-0.45597965,0.86789888,-0.19706392,0
2.1968915,-0.71517849,0.4127028,0.86298597,0.3770389,-0.33629888,0
-2.6842914,2.6390872,0.2944634,-0.86298597,-0.3770389,0.33629888,0
2.9179149,-4.5895796,-2.0325265,0.45597965,-0.86789888,0.19706392,0
-0.067658424,4.4629493,1.7712874,0.21757269,0.32340884,0.9209066,0
-2.3160105,3.7457418,-3.0132813,-0.45597965,0.86789888,-0.19706392,0
-3.1432354,3.2424862,-3.4909725,-0.45597965,0.86789888,-0.19706392,0
-3.0629997,4.085393,-0.67564631,-0.45597965,0.86789888,-0.19706392,0
-3.0306206,4.2470198,0.73673582,-0.45597965,0.86789888,-0.19706392,0
-0.48993754,-3.0210273,-0.44761455,-0.86298597,-0.3770389,0.33629888,0
1.1715208,-3.8669965,3.176666,-0.86298597,-0.3770389,0.33629888,0
2.4161172,-1.583063,3.3035789,0.21757269,0.32340884,0.9209066,0
0.37717152,-4.7431192,0.38365102,-0.86298597,-0.3770389,0.33629888,0
-0.72650862,-0.62401384,-2.8627412,-0.21757269,-0.32340884,-0.9209066,0
-0.20413589,-1.1388478,-2.7240634,-0.21757269,-0.32340884,-0.9209066,0
0.080308437,-2.1081533,-2.4587917,-0.21757269,-0.32340884,-0.9209066,0
-0.080272317,-1.6820519,2.4079001,-0.86298597,-0.3770389,0.33629888,0
3.410553,-3.8917294,0.77676153,0.45597965,-0.86789888,0.19706392,0
-0.84462357,0.18609436,2.43205,-0.86298597,-0.3770389,0.33629888,0
-3.839859,3.012876,-3.2355356,-0.45597965,0.86789888,-0.19706392,0
-3.197684,3.9903903,0.76841068,-0.86298597,-0.3770389,0.33629888,0
0.9367466,-0.053385496,3.1493981,0.21757269,0.32340884,0.9209066,0
-0.527282,-1.1630864,-2.6490569,-0.21757269,-0.32340884,-0.9209066,0
1.4770477,2.2947421,1.6595252,0.86298597,0.3770389,-0.33629888,0
-0.98189247,4.815053,-1.7120304,0.86298597,0.3770389,-0.33629888,0
-2.3458056,4.4029455,-0.22356939,-0.45597965,0.86789888,-0.19706392,0
-1.9086037,2.4251502,2.5148399,-0.86298597,-0.3770389,0.33629888,0
2.5077817,-3.3167179,3.8520122,0.21757269,0.32340884,0.9209066,0
-1.8681461,4.3674216,-1.6826205,-0.45597965,0.86789888,-0.19706392,0
1.7707289,-4.3551693,2.4960814,0.45597965,-0.86789888,0.19706392,0
1.8427446,-4.4314041,2.0385931,0.45597965,-0.86789888,0.19706392,0
3.5866051,-3.2887702,1.2553115,0.86298597,0.3770389,-0.33629888,0
2.8337216,-3.5472553,3.6842391,0.45597965,-0.86789888,0.19706392,0
-1.5669374,5.1326661,1.1287441,-0.45597965,0.86789888,-0.19706392,0
-1.8354177,4.4829912,2.1513591,0.21757269,0.32340884,0.9209066,0
-1.2853265,5.4475832,1.6470807,0.21757269,0.32340884,0.9209066,0
-1.5359503,-1.0411451,-0.58801955,-0.86298597,-0.3770389,0.33629888,0
-0.47795379,-2.45012,0.34574288,-0.86298597,-0.3770389,0.33629888,0
1.4702638,-4.7500114,0.98228383,0.45597965,-0.86789888,0.19706392,0
-1.3632543,5.1620064,0.16457748,-0.45597965,0.86789888,-0.19706392,0
1.5155957,-3.1065187,-2.4256988,-0.21757269,-0.32340884,-0.9209066,0
-2.0431542,4.1226101,-2.8278375,-0.45597965,0.86789888,-0.19706392,0
-0.41314864,-3.086921,-0.18000042,-0.86298597,-0.3770389,0.33629888,0
-3.7161939,3.2156038,-1.2996511,-0.86298597,-0.3770389,0.33629888,0
-1.0715733,0.15019572,-3.0849762,-0.21757269,-0.32340884,-0.9209066,0
-0.5194397,-3.8370907,-1.4671348,-0.86298597,-0.3770389,0.33629888,0
-0.8045218,5.4926176,0.28050399,-0.45597965,0.86789888,-0.19706392,0
-1.1477582,5.142189,-0.038869381,-0.45597965,0.86789888,-0.19706392,0
-1.9559157,1.7459123,-3.4822011,-0.21757269,-0.32340884,-0.9209066,0
2.5057654,-4.2854824,-2.306638,-0.21757269,-0.32340884,-0.9209066,0
2.9558845,-1.6778418,0.99010134,0.86298597,0.3770389,-0.33629888,0
3.5232701,-3.7325602,0.110394,0.86298597,0.3770389,-0.33629888,0
-0.68770266,4.08461,2.087369,0.21757269,0.32340884,0.9209066,0
-0.77959871,4.7766619,1.7090235,0.21757269,0.32340884,0.9209066,0
-3.1525502,3.2496476,-0.16648674,-0.86298597,-0.3770389,0.33629888,0
1.391938,-4.0250711,3.7218888,-0.86298597,-0.3770389,0.33629888,0
-1.2325003,-0.057202816,1.2639439,-0.86298597,-0.3770389,0.33629888,0
-3.6536818,3.3274753,-1.293355,-0.86298597,-0.3770389,0.33629888,0
0.38673329,0.18389755,3.1805837,0.21757269,0.32340884,0.9209066,0
-0.56681192,-0.51722449,2.5731952,-0.86298597,-0.3770389,0.33629888,0
-0.99658442,0.33693498,2.0276432,-0.86298597,-0.3770389,0.33629888,0
1.4553895,-5.1087074,-1.769748,-0.21757269,-0.32340884,-0.9209066,0
-3.0743437,4.1677198,0.35819054,-0.45597965,0.86789888,-0.19706392,0
-1.6117811,4.1734953,-3.6422188,0.86298597,0.3770389,-0.33629888,0
1.6530432,-4.3483706,2.3084636,0.45597965,-0.86789888,0.19706392,0
2.4066813,-4.4563799,0.20808029,0.45597965,-0.86789888,0.19706392,0
1.0758574,-4.5698042,1.9559047,-0.86298597,-0.3770389,0.33629888,0
-1.8605007,1.3216017,-3.3601656,-0.21757269,-0.32340884,-0.9209066,0
2.8088336,-4.6761246,-2.3049953,-0.21757269,-0.32340884,-0.9209066,0
1.7753847,-4.8117847,0.56422186,0.45597965,-0.86789888,0.19706392,0
0.5763092,-1.4055744,-2.9653068,-0.21757269,-0.32340884,-0.9209066,0
-1.6211846,-2.0143557,-1.8486575,-0.86298597,-0.3770389,0.33629888,0
0.76675284,-2.5248179,3.3249135,-0.86298597,-0.3770389,0.33629888,0
1.171751,-4.9044247,0.94500136,0.45597965,-0.86789888,0.19706392,0
2.3693738,-4.8391066,-2.2136066,-0.21757269,-0.32340884,-0.9209066,0
0.64218569,2.7917013,2.1209359,0.21757269,0.32340884,0.9209066,0
2.5802491,-4.7040653,-1.6502607,0.45597965,-0.86789888,0.19706392,0
1.7949831,-4.4245777,1.4553936,0.45597965,-0.86789888,0.19706392,0
-1.5227832,4.5735645,-1.2033715,-0.45597965,0.86789888,-0.19706392,0
2.5424457,-2.3686852,-0.64555693,0.86298597,0.3770389,-0.33629888,0
-2.0539889,1.5489287,-3.3922296,-0.21757269,-0.32340884,-0.9209066,0
-1.8937123,4.1166887,-2.4133158,-0.45597965,0.86789888,-0.19706392,0
0.27464175,1.99279,2.5930386,0.21757269,0.32340884,0.9209066,0
3.1618056,-3.8895152,1.2886491,0.45597965,-0.86789888,0.19706392,0
-1.7562211,-1.4612361,-2.4107153,-0.21757269,-0.32340884,-0.9209066,0
-2.1792324,4.1350241,-1.9675512,-0.45597965,0.86789888,-0.19706392,0
-1.8905905,-0.031574488,-2.9049425,-0.21757269,-0.32340884,-0.9209066,0
-1.5174317,4.4617672,-1.980129,-0.45597965,0.86789888,-0.19706392,0
0.84655714,-5.4885406,-1.0577383,0.45597965,-0.86789888,0.19706392,0
2.4223516,-3.6757393,3.5197291,0.45597965,-0.86789888,0.19706392,0
-0.11223102,4.5821781,0.2729435,0.86298597,0.3770389,-0.33629888,0
3.6102834,-1.6565623,2.9806008,0.21757269,0.32340884,0.9209066,0
1.2756696,-5.1933126,-0.95349145,0.45597965,-0.86789888,0.19706392,0
2.1740613,-4.4687462,-2.213166,-0.21757269,-0.32340884,-0.9209066,0
0.89719486,-5.0135636,1.2193618,-0.86298597,-0.3770389,0.33629888,0
-2.5637333,2.9599199,1.0293219,-0.86298597,-0.3770389,0.33629888,0
2.1159225,-2.9410472,-2.3148379,0.86298597,0.3770389,-0.33629888,0
2.7885172,-3.9323747,1.9231584,0.45597965,-0.86789888,0.19706392,0
2.8894186,-4.0393758,1.3149147,0.45597965,-0.86789888,0.19706392,0
-0.047077894,-0.51118273,-2.9592648,-0.21757269,-0.32340884,-0.9209066,0
-0.072812796,4.2332845,-0.15240717,0.86298597,0.3770389,-0.33629888,0
0.72525638,-2.9660931,3.1604559,-0.86298597,-0.3770389,0.33629888,0
0.042431593,-1.0711825,3.5686049,-0.86298597,-0.3770389,0.33629888,0
-3.0330462,2.3525572,-3.3763456,-0.21757269,-0.32340884,-0.9209066,0
1.7878025,-1.8859925,3.4040353,0.21757269,0.32340884,0.9209066,0
2.1581829,-2.9937789,3.7132602,0.21757269,0.32340884,0.9209066,0
3.679858,-3.4093342,1.5505533,0.45597965,-0.86789888,0.19706392,0
1.6278441,-4.5650797,1.3968968,0.45597965,-0.86789888,0.19706392,0
-0.22968194,-2.1438582,1.1774523,-0.86298597,-0.3770389,0.33629888,0
-0.78860188,-1.0909011,-2.647522,-0.21757269,-0.32340884,-0.9209066,0
-2.8310621,0.81685209,-2.951509,-0.21757269,-0.32340884,-0.9209066,0
0.33917522,-5.2300358,-0.53412867,-0.86298597,-0.3770389,0.33629888,0
-0.99697852,-0.44822919,-2.7848198,-0.21757269,-0.32340884,-0.9209066,0
1.0508436,1.353171,-0.4834148,0.86298597,0.3770389,-0.33629888,0
1.9957352,-2.1508131,3.469408,0.21757269,0.32340884,0.9209066,0
0.40154982,2.2088687,2.2838817,0.21757269,0.32340884,0.9209066,0
-2.3939705,4.663455,0.97494507,-0.45597965,0.86789888,-0.19706392,0
-2.7040343,1.0328667,-1.5574915,-0.86298597,-0.3770389,0.33629888,0
2.2385182,-2.3943675,3.6005809,0.21757269,0.32340884,0.9209066,0
-0.75498736,2.375664,-3.9308271,0.86298597,0.3770389,-0.33629888,0
2.2335069,-4.3341007,0.62166309,0.45597965,-0.86789888,0.19706392,0
1.9197619,-3.9554958,3.0681293,0.45597965,-0.86789888,0.19706392,0
3.0760207,-1.9210238,1.4500132,0.86298597,0.3770389,-0.33629888,0
-2.3523405,3.0520823,1.8424103,-0.86298597,-0.3770389,0.33629888,0
3.5053384,-3.5100572,1.9572048,0.45597965,-0.86789888,0.19706392,0
0.080598354,3.6623683,1.9391556,0.21757269,0.32340884,0.9209066,0
0.50633097,-4.4235287,0.80912828,-0.86298597,-0.3770389,0.33629888,0
3.4699488,-2.218605,2.211911,0.86298597,0.3770389,-0.33629888,0
-2.1999712,1.648603,0.6055162,-0.86298597,-0.3770389,0.33629888,0
-3.4676604,3.6437495,-0.85975122,-0.45597965,0.86789888,-0.19706392,0
-2.1730394,4.0291142,-2.4745028,-0.45597965,0.86789888,-0.19706392,0
-3.5058565,3.2155216,-2.9007325,-0.45597965,0.86789888,-0.19706392,0
2.8568854,-2.4937899,0.2767334,0.86298597,0.3770389,-0.33629888,0
-0.10406733,2.5629146,2.3440008,0.21757269,0.32340884,0.9209066,0
-2.3078022,4.4145145,-0.89561701,-0.45597965,0.86789888,-0.19706392,0
3.3439381,-3.368783,0.28534126,0.86298597,0.3770389,-0.33629888,0
-0.19282377,3.5257659,-0.80940306,0.86298597,0.3770389,-0.33629888,0
-1.2332323,0.72006071,-3.2115288,-0.21757269,-0.32340884,-0.9209066,0
1.3984598,-4.3574529,2.5831389,0.45597965,-0.86789888,0.19706392,0
2.8030899,-3.9158671,1.4447122,0.45597965,-0.86789888,0.19706392,0
3.3898547,-3.568434,1.7474298,0.45597965,-0.86789888,0.19706392,0
3.5884662,-3.1540222,2.7098093,0.45597965,-0.86789888,0.19706392,0
-2.2915711,4.0986819,-2.0411377,-0.45597965,0.86789888,-0.19706392,0
-1.6448952,4.5659237,-1.2375705,-0.45597965,0.86789888,-0.19706392,0
-3.3858876,2.3088751,-1.8629651,-0.86298597,-0.3770389,0.33629888,0
0.92587113,2.7988818,1.1226299,0.86298597,0.3770389,-0.33629888,0
-1.8677018,3.9053988,-3.4628396,-0.45597965,0.86789888,-0.19706392,0
-1.470715,5.294384,1.5279932,-0.45597965,0.86789888,-0.19706392,0
1.9263697,-3.9723992,3.3050554,0.45597965,-0.86789888,0.19706392,0
-1.1001143,2.3055749,-3.753891,-0.21757269,-0.32340884,-0.9209066,0
1.6761363,-4.5113783,1.7225945,0.45597965,-0.86789888,0.19706392,0
0.15050578,1.0430238,2.9350271,0.21757269,0.32340884,0.9209066,0
-3.2118685,3.937186,-0.16019344,-0.45597965,0.86789888,-0.19706392,0
-2.8953903,3.5990057,0.95521808,-0.86298597,-0.3770389,0.33629888,0
1.2535219,1.6689565,2.4837921,0.21757269,0.32340884,0.9209066,0
3.3943267,-2.4975438,1.2051232,0.86298597,0.3770389,-0.33629888,0
-0.94993782,5.2791758,0.30108523,-0.45597965,0.86789888,-0.19706392,0
-1.2100163,3.8526971,2.1967494,0.21757269,0.32340884,0.9209066,0
-2.3415246,4.7085438,2.1618319,0.21757269,0.32340884,0.9209066,0
0.55933809,0.60381579,2.9186344,0.21757269,0.32340884,0.9209066,0
3.4998114,-3.8650649,0.605268,0.45597965,-0.86789888,0.19706392,0
-0.98008394,5.0202255,1.7779624,0.21757269,0.32340884,0.9209066,0
1.5751303,-1.4450563,3.4728918,0.21757269,0.32340884,0.9209066,0
-0.99468946,5.252059,0.015964985,-0.45597965,0.86789888,-0.19706392,0
1.5847859,-3.8995867,-2.1862121,-0.21757269,-0.32340884,-0.9209066,0
0.26340926,-2.2588909,2.894392,-0.86298597,-0.3770389,0.33629888,0
-0.26818037,4.0102363,-0.75208735,0.86298597,0.3770389,-0.33629888,0
0.94918239,0.63120854,-1.4853505,0.86298597,0.3770389,-0.33629888,0
-0.064354658,-0.98712313,-2.8524458,-0.21757269,-0.32340884,-0.9209066,0
0.69689369,-5.4190702,-1.5472121,-0.21757269,-0.32340884,-0.9209066,0
1.1422842,2.7078547,1.3350809,0.86298597,0.3770389,-0.33629888,0
2.7983294,-1.324532,0.98833799,0.86298597,0.3770389,-0.33629888,0
0.70922899,-5.6806841,-0.91649866,0.45597965,-0.86789888,0.19706392,0
-1.7291989,5.1925731,1.1118138,-0.45597965,0.86789888,-0.19706392,0
-0.98337412,2.0895915,2.6590011,0.21757269,0.32340884,0.9209066,0
2.266458,-2.2465076,-1.0973835,0.86298597,0.3770389,-0.33629888,0
3.0470443,-2.9974611,-0.24856615,0.86298597,0.3770389,-0.33629888,0
2.988646,-3.7758691,1.6996841,0.45597965,-0.86789888,0.19706392,0
-2.272995,4.3515086,-0.55880404,-0.45597965,0.86789888,-0.19706392,0
-2.9369857,3.9818945,1.6424999,-0.86298597,-0.3770389,0.33629888,0
-0.62572646,-0.44022492,2.252912,-0.86298597,-0.3770389,0.33629888,0
1.2800453,0.30812263,-0.6019839,0.86298597,0.3770389,-0.33629888,0
-0.35649109,-3.7559524,-1.8269837,-0.21757269,-0.32340884,-0.9209066,0
1.5191655,1.4499725,0.91536909,0.86298597,0.3770389,-0.33629888,0
1.4554429,-1.2784181,3.4374013,0.21757269,0.32340884,0.9209066,0
-4.1560807,2.8315105,-3.0861573,-0.45597965,0.86789888,-0.19706392,0
-2.4434595,1.3149308,-3.2496881,-0.21757269,-0.32340884,-0.9209066,0
0.17819214,-0.39403659,-3.0993385,-0.21757269,-0.32340884,-0.9209066,0
2.8222628,-4.826993,-2.1938212,0.45597965,-0.86789888,0.19706392,0
1.491949,-4.4106035,2.4374261,0.45597965,-0.86789888,0.19706392,0
-2.5446913,4.1798396,-0.78174734,-0.45597965,0.86789888,-0.19706392,0
1.3239802,-4.7190719,1.3636701,0.45597965,-0.86789888,0.19706392,0
0.90827417,-5.4986887,-0.99966931,0.45597965,-0.86789888,0.19706392,0
-1.3410871,-0.60240912,-2.6857965,-0.21757269,-0.32340884,-0.9209066,0
1.0217898,-4.4216909,2.1640401,-0.86298597,-0.3770389,0.33629888,0
0.74353266,-5.0545931,-1.7621806,-0.21757269,-0.32340884,-0.9209066,0
1.7984016,-4.9989014,-0.38613796,0.45597965,-0.86789888,0.19706392,0
-1.6392689,4.3102245,-2.1356103,-0.45597965,0.86789888,-0.19706392,0
-2.7821543,4.0398741,-1.2538862,-0.45597965,0.86789888,-0.19706392,0
1.8839245,-2.5886183,-2.2443194,0.86298597,0.3770389,-0.33629888,0
0.93541169,1.0158339,2.7143126,0.21757269,0.32340884,0.9209066,0
1.1795452,1.3774948,0.26585448,0.86298597,0.3770389,-0.33629888,0
-0.5936448,-1.6473919,0.83038801,-0.86298597,-0.3770389,0.33629888,0
1.2457473,1.7096264,2.3131948,0.21757269,0.32340884,0.9209066,0
-2.1408968,2.3600588,1.8429507,-0.86298597,-0.3770389,0.33629888,0
0.31736135,-3.6113336,1.0078398,-0.86298597,-0.3770389,0.33629888,0
0.99187374,-1.6763346,3.5657811,0.21757269,0.32340884,0.9209066,0
-1.318929,-0.26995468,0.5096994,-0.86298597,-0.3770389,0.33629888,0
-2.823365,4.319478,0.10077047,-0.45597965,0.86789888,-0.19706392,0
-1.7397499,4.9626498,0.69697118,-0.45597965,0.86789888,-0.19706392,0
-2.6047132,4.7230372,1.025712,-0.45597965,0.86789888,-0.19706392,0
2.1425581,-3.7280993,3.5813231,0.45597965,-0.86789888,0.19706392,0
2.5642898,-4.1976199,0.97767067,0.45597965,-0.86789888,0.19706392,0
2.4601457,-3.6496429,-2.2956624,0.86298597,0.3770389,-0.33629888,0
-2.033206,2.1987162,-3.5732541,-0.21757269,-0.32340884,-0.9209066,0
-1.5891731,-0.56523097,-2.6846638,-0.21757269,-0.32340884,-0.9209066,0
-2.0093246,0.7107743,-3.0994897,-0.21757269,-0.32340884,-0.9209066,0
-0.88685423,-0.6149658,1.6282544,-0.86298597,-0.3770389,0.33629888,0
-3.0695989,3.6949079,-1.6178665,-0.45597965,0.86789888,-0.19706392,0
-2.1372135,4.7046142,0.023798466,-0.45597965,0.86789888,-0.19706392,0
-0.9127332,0.062129021,2.061368,-0.86298597,-0.3770389,0.33629888,0
1.1777208,1.5889568,0.58012611,0.86298597,0.3770389,-0.33629888,0
-1.5662613,-2.301754,-2.1444542,-0.21757269,-0.32340884,-0.9209066,0
-0.65636086,-1.0545378,-2.710701,-0.21757269,-0.32340884,-0.9209066,0
-3.3703794,2.2769132,-3.3088806,-0.21757269,-0.32340884,-0.9209066,0
1.5603257,-4.6315565,1.7782161,0.45597965,-0.86789888,0.19706392,0
0.36697435,4.0485926,1.6439084,0.21757269,0.32340884,0.9209066,0
-1.9021235,0.48696661,-3.0502095,-0.21757269,-0.32340884,-0.9209066,0
-1.9750439,1.742149,1.2258462,-0.86298597,-0.3770389,0.33629888,0
2.2356868,-3.4406161,-2.4750311,-0.21757269,-0.32340884,-0.9209066,0
1.9714842,-4.6799541,0.25497103,0.45597965,-0.86789888,0.19706392,0
-1.4154717,-0.96355748,-0.3390038,-0.86298597,-0.3770389,0.33629888,0
0.49664164,-5.6112833,-0.80359006,0.45597965,-0.86789888,0.19706392,0
1.3455402,0.86468601,-0.089273512,0.86298597,0.3770389,-0.33629888,0
-2.0240338,1.9095619,-3.4525261,-0.21757269,-0.32340884,-0.9209066,0
-1.2596071,-0.81458926,0.13978571,-0.86298597,-0.3770389,0.33629888,0
1.190412,-5.4551477,-0.97148919,0.45597965,-0.86789888,0.19706392,0
3.0933461,-1.4295135,2.9733357,0.21757269,0.32340884,0.9209066,0
1.3935614,-4.8246036,-1.8788841,-0.21757269,-0.32340884,-0.9209066,0
-3.4778459,2.3302734,-3.3184652,-0.21757269,-0.32340884,-0.9209066,0
-2.7159777,4.6358104,0.83818245,-0.45597965,0.86789888,-0.19706392,0
2.9785342,-4.4512105,-1.4648499,0.45597965,-0.86789888,0.19706392,0
-0.95046949,5.298912,1.5498526,0.21757269,0.32340884,0.9209066,0
-2.5637329,4.2629137,-0.34527779,-0.45597965,0.86789888,-0.19706392,0
