1.5095571,-3.2848544,2.1808298,0.095402837,-0.93522429,0.34095997,0
-2.8922656,-0.87725306,-0.86951339,-0.7613951,0.15208387,0.63019669,0
3.0046487,-2.1960988,1.8619246,0.7613951,-0.15208387,-0.63019669,0
2.5322723,1.6764219,0.38860044,0.7613951,-0.15208387,-0.63019669,0
-2.7880073,0.88236022,-2.2783654,-0.64122975,-0.31972778,-0.69756603,0
-1.5035528,3.194726,-2.5051947,-0.095402837,0.93522429,-0.34095997,0
1.5417657,4.5629711,0.60219002,-0.095402837,0.93522429,-0.34095997,0
-0.034152508,4.7596512,1.1912403,-0.095402837,0.93522429,-0.34095997,0
2.2297804,2.0824716,1.4278978,0.64122975,0.31972778,0.69756603,0
-1.0213399,-2.4736412,-2.1343169,-0.64122975,-0.31972778,-0.69756603,0
0.68072438,-3.4238625,2.1047859,0.095402837,-0.93522429,0.34095997,0
0.85062075,1.5844512,2.9258299,0.64122975,0.31972778,0.69756603,0
-3.1072545,2.1331851,-1.9343777,-0.7613951,0.15208387,0.63019669,0
-0.061441004,-3.2338634,2.8612761,0.095402837,-0.93522429,0.34095997,0
0.62771726,-3.1513181,2.6412513,0.095402837,-0.93522429,0.34095997,0
2.7231658,1.5113646,1.0310075,0.64122975,0.31972778,0.69756603,0
2.1561217,-3.5341649,1.176295,0.095402837,-0.93522429,0.34095997,0
2.1703899,-3.5512013,1.1664047,0.7613951,-0.15208387,-0.63019669,0
-1.5429673,-4.4679618,-0.7624979,-0.64122975,-0.31972778,-0.69756603,0
1.2598538,0.052973509,2.9787598,0.64122975,0.31972778,0.69756603,0
0.065192878,-2.9633656,3.3250966,-0.7613951,0.15208387,0.63019669,0
2.0517678,3.2756326,-0.80172014,0.7613951,-0.15208387,-0.63019669,0
1.2597308,-2.1970816,-0.27181816,0.7613951,-0.15208387,-0.63019669,0
-1.1659954,-0.48249567,1.0034162,-0.7613951,0.15208387,0.63019669,0
1.2881054,-3.8862786,0.86149216,0.095402837,-0.93522429,0.34095997,0
0.89522076,3.4438162,-2.2600954,0.7613951,-0.15208387,-0.63019669,0
-0.094404459,4.3473787,-0.016269922,-0.095402837,0.93522429,-0.34095997,0
3.1493783,-0.2154305,1.5089693,0.7613951,-0.15208387,-0.63019669,0
0.52573311,-3.5356164,1.7237518,0.095402837,-0.93522429,0.34095997,0
-1.979733,-1.7935222,0.33418015,-0.7613951,0.15208387,0.63019669,0
-1.3218641,2.9207032,-3.2982955,-0.095402837,0.93522429,-0.34095997,0
3.0432715,-1.8409476,2.3575854,0.64122975,0.31972778,0.69756603,0
0.42472386,4.1211119,-0.33133125,-0.095402837,0.93522429,-0.34095997,0
-0.089390635,0.7794925,-2.7210832,0.7613951,-0.15208387,-0.63019669,0
2.3550119,0.61693215,0.29533604,0.7613951,-0.15208387,-0.63019669,0
-1.9561375,3.5871468,-1.5811777,-0.095402837,0.93522429,-0.34095997,0
2.2209876,4.2680545,-0.48090029,-0.095402837,0.93522429,-0.34095997,0
0.62927294,4.3656173,1.6547875,0.64122975,0.31972778,0.69756603,0
-0.83550888,1.4015887,0.88280582,-0.7613951,0.15208387,0.63019669,0
-1.3648393,-4.1135073,0.97082472,0.095402837,-0.93522429,0.34095997,0
2.8956299,1.2027957,1.104498,0.64122975,0.31972778,0.69756603,0
-0.38120961,1.3797519,1.7226146,-0.7613951,0.15208387,0.63019669,0
-0.069379628,-3.1614265,2.9788418,0.095402837,-0.93522429,0.34095997,0
-1.3282123,-2.7603979,-1.7435278,-0.64122975,-0.31972778,-0.69756603,0
1.0436029,1.3477278,2.746979,0.64122975,0.31972778,0.69756603,0
1.2793068,-1.6072714,-0.59116721,0.7613951,-0.15208387,-0.63019669,0
-0.016522646,-3.5995412,1.7724819,0.095402837,-0.93522429,0.34095997,0
2.3106303,-1.1245232,0.65924418,0.7613951,-0.15208387,-0.63019669,0
1.2328702,0.38113761,-1.0549383,0.7613951,-0.15208387,-0.63019669,0
-3.2864246,2.3214443,-2.1161349,-0.7613951,0.15208387,0.63019669,0
2.1752324,-1.5318571,2.8743148,0.64122975,0.31972778,0.69756603,0
-3.0658078,1.0286465,-1.8766365,-0.64122975,-0.31972778,-0.69756603,0
-1.6098084,0.11231041,0.26694351,-0.7613951,0.15208387,0.63019669,0
0.2545675,-3.8677776,0.91492295,0.095402837,-0.93522429,0.34095997,0
2.8514128,2.6553576,0.46610099,0.64122975,0.31972778,0.69756603,0
2.3191326,3.241842,0.65015531,0.64122975,0.31972778,0.69756603,0
-1.8553191,0.52198792,-0.11718345,-0.7613951,0.15208387,0.63019669,0
1.8881407,1.4758338,1.9181895,0.64122975,0.31972778,0.69756603,0
-1.7256329,-3.6805804,1.2896227,-0.7613951,0.15208387,0.63019669,0
0.22032034,3.5081253,-2.2342062,-0.095402837,0.93522429,-0.34095997,0
-1.632134,-4.2802033,0.67510962,0.095402837,-0.93522429,0.34095997,0
-0.6997807,-4.3797016,-0.10040021,0.095402837,-0.93522429,0.34095997,0
2.1259789,-2.4730146,3.5417609,0.64122975,0.31972778,0.69756603,0
0.38247108,4.2045832,-0.23791528,-0.095402837,0.93522429,-0.34095997,0
1.6686072,3.5327787,1.1804845,0.64122975,0.31972778,0.69756603,0
-3.0814219,2.6744323,-2.8205566,-0.64122975,-0.31972778,-0.69756603,0
0.51084757,4.4604588,0.5386312,-0.095402837,0.93522429,-0.34095997,0
0.57800102,4.8040266,0.99228787,-0.095402837,0.93522429,-0.34095997,0
0.56612396,2.9281743,2.2997484,0.64122975,0.31972778,0.69756603,0
0.69403648,4.5652885,1.4947615,0.64122975,0.31972778,0.69756603,0
1.1656876,2.7830033,1.8115921,0.64122975,0.31972778,0.69756603,0
3.0834723,-2.3502274,1.9259801,0.7613951,-0.15208387,-0.63019669,0
-0.82052207,3.0526342,0.7610507,-0.7613951,0.15208387,0.63019669,0
-1.0131429,3.4645133,-2.1608214,-0.095402837,0.93522429,-0.34095997,0
-2.7104812,0.87907934,-2.2478888,-0.64122975,-0.31972778,-0.69756603,0
-1.103919,2.0295315,-4.350533,-0.64122975,-0.31972778,-0.69756603,0
1.6883233,1.9239962,1.8304585,0.64122975,0.31972778,0.69756603,0
-0.42724276,1.7731911,-3.3619912,0.7613951,-0.15208387,-0.63019669,0
-1.8017797,-4.6858883,-0.61638451,-0.64122975,-0.31972778,-0.69756603,0
1.2749054,-2.1988802,4.190392,0.64122975,0.31972778,0.69756603,0
1.192551,3.6997516,-1.6450224,-0.095402837,0.93522429,-0.34095997,0
0.44714189,1.5362716,2.4871132,-0.7613951,0.15208387,0.63019669,0
-0.95802861,0.41220868,1.1752499,-0.7613951,0.15208387,0.63019669,0
-1.1655624,3.1860683,-2.3743722,-0.095402837,0.93522429,-0.34095997,0
-1.5766888,-3.9762628,1.3893478,0.095402837,-0.93522429,0.34095997,0
0.10828924,4.6794643,1.0352345,-0.095402837,0.93522429,-0.34095997,0
-1.3244855,-1.0206264,-2.4841197,-0.64122975,-0.31972778,-0.69756603,0
-2.5149589,-1.8997822,-1.0359699,-0.64122975,-0.31972778,-0.69756603,0
1.5186803,4.397831,-0.16502237,-0.095402837,0.93522429,-0.34095997,0
-3.1885304,3.0509651,-2.6969805,-0.095402837,0.93522429,-0.34095997,0
-0.93117535,2.5215573,0.80014229,-0.7613951,0.15208387,0.63019669,0
-1.8359627,1.8987347,-0.35125875,-0.7613951,0.15208387,0.63019669,0
1.2049609,3.8029304,-1.8741583,0.7613951,-0.15208387,-0.63019669,0
-0.73107529,1.8350394,-3.8003745,0.7613951,-0.15208387,-0.63019669,0
-0.66121936,-4.057261,1.0771093,0.095402837,-0.93522429,0.34095997,0
1.0574818,2.1490345,2.20643,0.64122975,0.31972778,0.69756603,0
0.38938189,4.8623466,1.6018374,-0.095402837,0.93522429,-0.34095997,0
-2.2086873,2.2412193,-3.3000393,-0.64122975,-0.31972778,-0.69756603,0
0.92562246,-3.6194463,1.4845116,0.095402837,-0.93522429,0.34095997,0
0.80832291,4.4472427,1.5842929,0.64122975,0.31972778,0.69756603,0
-0.99656045,-1.9685863,1.6533477,-0.7613951,0.15208387,0.63019669,0
-2.7472246,-1.8275818,-0.55654043,-0.7613951,0.15208387,0.63019669,0
1.4466674,-1.1838465,3.4411333,0.64122975,0.31972778,0.69756603,0
0.85866088,-3.0798361,3.1976857,0.095402837,-0.93522429,0.34095997,0
-0.95357227,-4.0518436,-1.5591023,-0.64122975,-0.31972778,-0.69756603,0
1.3766694,3.4102318,1.3657248,0.64122975,0.31972778,0.69756603,0
-1.0478354,-4.6897125,-0.94303322,0.095402837,-0.93522429,0.34095997,0
-0.24447536,-4.0096512,0.63329411,0.095402837,-0.93522429,0.34095997,0
-0.15434957,-0.31392187,-2.607121,0.7613951,-0.15208387,-0.63019669,0
0.28141418,-3.1195002,2.915247,0.095402837,-0.93522429,0.34095997,0
-1.5849228,3.0342047,-2.9473481,-0.095402837,0.93522429,-0.34095997,0
2.1985638,0.20443511,0.24886328,0.7613951,-0.15208387,-0.63019669,0
-1.2834969,1.2548708,-3.7976604,-0.64122975,-0.31972778,-0.69756603,0
-2.4839559,-0.40310168,-1.8315337,-0.64122975,-0.31972778,-0.69756603,0
0.51541221,-3.7843542,1.1200883,0.095402837,-0.93522429,0.34095997,0
-2.7429731,2.9539602,-2.6218209,-0.095402837,0.93522429,-0.34095997,0
0.5076189,3.7777715,2.0559518,0.64122975,0.31972778,0.69756603,0
1.6786799,0.92706215,2.3794789,0.64122975,0.31972778,0.69756603,0
-2.6573906,2.8517447,-3.130518,-0.64122975,-0.31972778,-0.69756603,0
-1.0657197,-3.6632965,1.9256167,0.095402837,-0.93522429,0.34095997,0
-0.98521686,3.6325979,-1.2020521,-0.095402837,0.93522429,-0.34095997,0
1.5339422,3.6986184,-1.5689081,0.7613951,-0.15208387,-0.63019669,0
0.91976619,4.3800726,0.16022396,-0.095402837,0.93522429,-0.34095997,0
1.1826211,3.2458887,-1.8254101,0.7613951,-0.15208387,-0.63019669,0
1.9165173,1.2420875,2.0478282,0.64122975,0.31972778,0.69756603,0
-0.87076169,0.63906205,1.2604285,-0.7613951,0.15208387,0.63019669,0
-0.32621765,-4.4804316,-1.8062875,0.7613951,-0.15208387,-0.63019669,0
-0.86549115,4.0228562,0.42594123,-0.7613951,0.15208387,0.63019669,0
1.1733723,-1.9456842,4.1603065,0.64122975,0.31972778,0.69756603,0
-2.0718629,-4.4956498,0.23588395,0.095402837,-0.93522429,0.34095997,0
-2.2761006,0.93824339,-0.67870295,-0.7613951,0.15208387,0.63019669,0
-1.9762485,-0.40337467,0.018920004,-0.7613951,0.15208387,0.63019669,0
-1.1054387,3.1539555,-3.0560308,-0.095402837,0.93522429,-0.34095997,0
-1.9158709,2.4523859,-3.7967463,-0.64122975,-0.31972778,-0.69756603,0
-2.4858084,-2.1455548,-1.129559,-0.64122975,-0.31972778,-0.69756603,0
-0.729949,-0.38648361,1.600986,-0.7613951,0.15208387,0.63019669,0
0.16246939,4.5696216,0.94402003,-0.095402837,0.93522429,-0.34095997,0
-2.3272707,-1.8482468,-1.25412,-0.64122975,-0.31972778,-0.69756603,0
-0.96650457,-2.1918213,-2.3581834,-0.64122975,-0.31972778,-0.69756603,0
1.4527179,-2.6428604,0.073369503,0.7613951,-0.15208387,-0.63019669,0
-3.1819282,2.2647855,-2.3157003,-0.64122975,-0.31972778,-0.69756603,0
-0.17458653,-2.4529026,-1.8586837,0.7613951,-0.15208387,-0.63019669,0
0.42143893,-4.0753984,0.42670274,0.095402837,-0.93522429,0.34095997,0
2.0167737,1.639153,-0.35820267,0.7613951,-0.15208387,-0.63019669,0
2.3153656,0.096264362,2.2289896,0.64122975,0.31972778,0.69756603,0
-0.93028128,2.7864032,-4.0117345,-0.095402837,0.93522429,-0.34095997,0
-1.8348354,3.5378277,-0.59790039,-0.7613951,0.15208387,0.63019669,0
-1.3421755,-2.8747988,-1.7017367,-0.64122975,-0.31972778,-0.69756603,0
-0.42544806,3.0883198,-3.1630878,-0.095402837,0.93522429,-0.34095997,0
-2.3627908,3.3776581,-1.840384,-0.095402837,0.93522429,-0.34095997,0
-0.91845846,-4.1395359,0.57899952,0.095402837,-0.93522429,0.34095997,0
1.5141606,-2.4771788,4.1817918,0.64122975,0.31972778,0.69756603,0
-0.65356445,-3.8253787,-2.0524862,-0.64122975,-0.31972778,-0.69756603,0
1.3903006,-2.9833088,3.3194833,0.095402837,-0.93522429,0.34095997,0
-1.3758838,-0.23975837,0.79808289,-0.7613951,0.15208387,0.63019669,0
-0.065138102,4.3406563,0.40929246,-0.095402837,0.93522429,-0.34095997,0
-1.1009512,2.5118411,-4.3479657,-0.64122975,-0.31972778,-0.69756603,0
0.77367353,4.5323577,0.55628729,-0.095402837,0.93522429,-0.34095997,0
0.94956052,-3.8128433,0.72749186,0.095402837,-0.93522429,0.34095997,0
-2.493474,-0.96217465,-0.51907688,-0.7613951,0.15208387,0.63019669,0
-2.5881455,1.3006639,-2.4068062,-0.64122975,-0.31972778,-0.69756603,0
0.47640777,-3.1457639,2.7886703,0.095402837,-0.93522429,0.34095997,0
-1.3887875,0.33856237,-3.224045,-0.64122975,-0.31972778,-0.69756603,0
0.14436221,-3.4384778,-1.5270574,0.7613951,-0.15208387,-0.63019669,0
-0.16139078,-2.3211274,-1.9507917,0.7613951,-0.15208387,-0.63019669,0
1.5517409,4.0448689,-0.80140543,-0.095402837,0.93522429,-0.34095997,0
-0.55727601,2.5825675,1.1502817,-0.7613951,0.15208387,0.63019669,0
-1.6731989,-1.252054,-2.2671819,-0.64122975,-0.31972778,-0.69756603,0
0.81762028,-0.04381454,-1.4120733,0.7613951,-0.15208387,-0.63019669,0
-1.4352646,3.5467978,-1.5465875,-0.095402837,0.93522429,-0.34095997,0
-0.50169373,-4.5990963,-0.97350597,0.095402837,-0.93522429,0.34095997,0
-1.0826032,-4.3107948,0.3235302,0.095402837,-0.93522429,0.34095997,0
-1.9193873,0.34608102,-2.6197238,-0.64122975,-0.31972778,-0.69756603,0
1.2607572,2.3645117,-1.3676102,0.7613951,-0.15208387,-0.63019669,0
0.81901693,1.7988048,2.8615656,0.64122975,0.31972778,0.69756603,0
1.6720854,-0.61426556,-0.11484134,0.7613951,-0.15208387,-0.63019669,0
-2.9683499,2.9795439,-2.8692508,-0.095402837,0.93522429,-0.34095997,0
-1.6942409,-2.5158389,0.79896021,-0.7613951,0.15208387,0.63019669,0
-2.2603469,-0.76881123,-0.0281533,-0.7613951,0.15208387,0.63019669,0
2.8721609,-2.0493333,2.4858711,0.64122975,0.31972778,0.69756603,0
1.967674,-0.3442899,2.7420762,0.64122975,0.31972778,0.69756603,0
1.7567828,-1.6093732,3.3705699,0.64122975,0.31972778,0.69756603,0
-1.6367511,3.0060544,-3.030993,-0.095402837,0.93522429,-0.34095997,0
0.46529037,-3.258677,2.5706317,0.095402837,-0.93522429,0.34095997,0
0.82322186,2.4250863,-1.9441164,0.7613951,-0.15208387,-0.63019669,0
0.66701031,2.3256943,2.7128429,0.64122975,0.31972778,0.69756603,0
-1.9584959,-0.3751961,0.14129645,-0.7613951,0.15208387,0.63019669,0
-2.2537875,-1.80378,-1.3399888,-0.64122975,-0.31972778,-0.69756603,0
-0.91953468,-4.8293514,-1.0924304,0.095402837,-0.93522429,0.34095997,0
2.4931076,2.268271,0.96138322,0.64122975,0.31972778,0.69756603,0
2.0897844,-0.77958441,2.6431029,0.64122975,0.31972778,0.69756603,0
-1.0219353,3.1552939,-2.5074294,-0.095402837,0.93522429,-0.34095997,0
-0.2969873,4.0881796,-0.49310327,-0.095402837,0.93522429,-0.34095997,0
-2.1321855,-0.20168126,-2.1310952,-0.64122975,-0.31972778,-0.69756603,0
2.895375,-0.25484705,1.8496349,0.64122975,0.31972778,0.69756603,0
-0.50685394,1.7404718,-3.4725797,0.7613951,-0.15208387,-0.63019669,0
-1.4250541,-1.3307642,-2.2678945,-0.64122975,-0.31972778,-0.69756603,0
1.0409563,-0.44791591,-1.0026603,0.7613951,-0.15208387,-0.63019669,0
-0.51871824,-4.2881937,-0.14331436,0.095402837,-0.93522429,0.34095997,0
0.4490056,-3.9406104,-1.0290051,0.7613951,-0.15208387,-0.63019669,0
2.4548912,3.1194572,0.62458169,0.64122975,0.31972778,0.69756603,0
-0.64827251,-1.6918495,-2.615124,0.7613951,-0.15208387,-0.63019669,0
-2.8443172,0.37950993,-1.8703959,-0.64122975,-0.31972778,-0.69756603,0
1.8284916,-0.74269235,-0.008493185,0.7613951,-0.15208387,-0.63019669,0
-1.7358518,1.694746,-0.064851284,-0.7613951,0.15208387,0.63019669,0
-1.9851948,3.665508,-1.1126184,-0.095402837,0.93522429,-0.34095997,0
-2.2227788,-0.64737153,-1.8824025,-0.64122975,-0.31972778,-0.69756603,0
0.11466384,-0.49850851,2.5572393,-0.7613951,0.15208387,0.63019669,0
-1.9480419,-1.4767348,-1.9102376,-0.64122975,-0.31972778,-0.69756603,0
2.7699633,-1.2018435,1.2886001,0.7613951,-0.15208387,-0.63019669,0
0.91680336,-0.27633357,3.4635429,-0.7613951,0.15208387,0.63019669,0
-0.17932719,-3.4851387,2.153708,0.095402837,-0.93522429,0.34095997,0
-1.4019983,-1.7648158,-2.0753739,-0.64122975,-0.31972778,-0.69756603,0
1.5722065,-1.4133999,3.4007919,0.64122975,0.31972778,0.69756603,0
-0.094126225,-0.8016873,2.3533938,-0.7613951,0.15208387,0.63019669,0
-1.9444745,2.869499,-0.6620326,-0.7613951,0.15208387,0.63019669,0
-2.714535,0.8300035,-1.1752466,-0.7613951,0.15208387,0.63019669,0
2.7367811,-1.0337915,1.2798767,0.7613951,-0.15208387,-0.63019669,0
-0.61740279,-3.4156151,2.5189598,-0.7613951,0.15208387,0.63019669,0
1.1413336,2.979357,1.7781411,0.64122975,0.31972778,0.69756603,0
-1.0638833,-2.6583519,-1.9841006,-0.64122975,-0.31972778,-0.69756603,0
-1.3392189,3.1049201,-0.11637831,-0.7613951,0.15208387,0.63019669,0
0.72085118,-3.9602709,-0.4256835,0.7613951,-0.15208387,-0.63019669,0
-0.19788146,-1.651541,-2.2025948,0.7613951,-0.15208387,-0.63019669,0
1.8850384,3.2217104,0.95055985,0.64122975,0.31972778,0.69756603,0
-2.3985608,2.7050881,-3.4211876,-0.64122975,-0.31972778,-0.69756603,0
1.0128015,-3.9235101,0.78940535,0.095402837,-0.93522429,0.34095997,0
0.87762165,2.0459828,2.4312947,0.64122975,0.31972778,0.69756603,0
-1.584059,-4.5203552,-0.064527988,0.095402837,-0.93522429,0.34095997,0
1.3601377,0.69650233,-0.87370467,0.7613951,-0.15208387,-0.63019669,0
0.030082822,-3.7308235,1.7243128,0.095402837,-0.93522429,0.34095997,0
-0.37758279,1.2864804,1.6373274,-0.7613951,0.15208387,0.63019669,0
1.6285913,1.9398659,2.0378084,0.64122975,0.31972778,0.69756603,0
-0.94548535,0.98640645,1.139255,-0.7613951,0.15208387,0.63019669,0
-1.5241058,-0.14327073,0.61735761,-0.7613951,0.15208387,0.63019669,0
0.053265333,4.1120062,-0.36648345,-0.095402837,0.93522429,-0.34095997,0
-0.99741113,-3.3812735,1.9677286,-0.7613951,0.15208387,0.63019669,0
1.9490263,-3.3360696,1.8165822,0.095402837,-0.93522429,0.34095997,0
-1.6921173,2.9947391,-2.9905188,-0.095402837,0.93522429,-0.34095997,0
-1.0114732,2.6058061,0.55227017,-0.7613951,0.15208387,0.63019669,0
2.1215565,-2.7759147,0.8209815,0.7613951,-0.15208387,-0.63019669,0
-1.1897936,-2.9474974,-1.922086,-0.64122975,-0.31972778,-0.69756603,0
-2.6626229,-1.6216577,-1.2297903,-0.64122975,-0.31972778,-0.69756603,0
2.8449435,-1.8257999,1.5714815,0.7613951,-0.15208387,-0.63019669,0
0.53929466,3.5079439,-2.326097,-0.095402837,0.93522429,-0.34095997,0
0.84889054,-0.49248832,3.6514137,0.64122975,0.31972778,0.69756603,0
-1.9256639,-4.2327003,0.62158084,0.095402837,-0.93522429,0.34095997,0
-1.3699617,-1.9573665,-2.2020051,-0.64122975,-0.31972778,-0.69756603,0
0.1469332,2.5128047,-2.7279983,0.7613951,-0.15208387,-0.63019669,0
1.7629691,-2.9764984,0.37873316,0.7613951,-0.15208387,-0.63019669,0
-1.5945179,1.2425451,-3.2862558,-0.64122975,-0.31972778,-0.69756603,0
-0.75640905,-3.7617154,1.7542137,0.095402837,-0.93522429,0.34095997,0
0.28283101,-3.5479016,1.656971,0.095402837,-0.93522429,0.34095997,0
2.7311869,-0.90717721,2.1690233,0.64122975,0.31972778,0.69756603,0
1.1798773,2.0572658,2.163166,0.64122975,0.31972778,0.69756603,0
-1.151979,-2.7318223,1.5909603,-0.7613951,0.15208387,0.63019669,0
2.3062563,4.2851753,-0.65992713,0.7613951,-0.15208387,-0.63019669,0
-1.683588,-3.5054412,-1.2495916,-0.64122975,-0.31972778,-0.69756603,0
-1.4914756,-3.1044211,-1.5439391,-0.64122975,-0.31972778,-0.69756603,0
1.0562654,2.5750959,2.0152268,0.64122975,0.31972778,0.69756603,0
1.9199598,3.1026335,-0.8065033,0.7613951,-0.15208387,-0.63019669,0
2.235889,4.3926497,-0.31288433,-0.095402837,0.93522429,-0.34095997,0
-3.0184531,2.7417688,-2.8141446,-0.64122975,-0.31972778,-0.69756603,0
-0.49969769,-3.0389943,-2.286911,0.7613951,-0.15208387,-0.63019669,0
0.036998987,4.4483218,0.37162447,-0.095402837,0.93522429,-0.34095997,0
-2.3591323,-1.1949505,-1.5476153,-0.64122975,-0.31972778,-0.69756603,0
2.1504741,3.7106791,0.74902427,0.64122975,0.31972778,0.69756603,0
-2.9608483,3.1368656,-2.4848609,-0.095402837,0.93522429,-0.34095997,0
1.0055506,-2.9594898,3.4983151,0.095402837,-0.93522429,0.34095997,0
-2.5570176,-4.2910857,0.265589,-0.7613951,0.15208387,0.63019669,0
-1.4369335,-4.628643,-0.40572596,0.095402837,-0.93522429,0.34095997,0
0.39486504,-3.7519491,1.4121604,0.095402837,-0.93522429,0.34095997,0
1.3215833,4.5241737,0.085580111,-0.095402837,0.93522429,-0.34095997,0
1.6100459,2.7183154,1.6939979,0.64122975,0.31972778,0.69756603,0
1.127918,4.0275402,-1.0235162,-0.095402837,0.93522429,-0.34095997,0
-0.97347403,-0.49251193,-3.1777098,-0.64122975,-0.31972778,-0.69756603,0
0.88187027,3.2398517,1.9335299,0.64122975,0.31972778,0.69756603,0
2.0563247,-1.7139931,3.0625682,0.64122975,0.31972778,0.69756603,0
1.397753,-2.1471574,4.0423098,0.64122975,0.31972778,0.69756603,0
2.4169281,3.8581131,-0.53114903,0.7613951,-0.15208387,-0.63019669,0
-0.49229145,-4.8305192,-1.4191809,0.095402837,-0.93522429,0.34095997,0
-1.9592327,-0.65793622,0.18286723,-0.7613951,0.15208387,0.63019669,0
-0.73765755,-4.0976362,-1.6946814,-0.64122975,-0.31972778,-0.69756603,0
-2.9675088,1.2516341,-1.4306636,-0.7613951,0.15208387,0.63019669,0
-0.80491042,-0.049976826,1.4715958,-0.7613951,0.15208387,0.63019669,0
0.27838385,-0.47082895,-1.9326156,0.7613951,-0.15208387,-0.63019669,0
0.8479526,0.18397522,3.2857599,-0.7613951,0.15208387,0.63019669,0
-2.2760019,-4.3348303,-0.31904554,-0.64122975,-0.31972778,-0.69756603,0
1.6655438,-1.4882036,0.086141586,0.7613951,-0.15208387,-0.63019669,0
-2.2806158,0.74142027,-0.51844299,-0.7613951,0.15208387,0.63019669,0
-2.3746071,2.7997456,-3.1395769,-0.095402837,0.93522429,-0.34095997,0
0.90084207,3.5961986,-2.0168676,-0.095402837,0.93522429,-0.34095997,0
3.0679922,-2.0846734,2.3367352,0.64122975,0.31972778,0.69756603,0
-0.28804019,3.3354979,-2.785429,-0.095402837,0.93522429,-0.34095997,0
0.99991322,-2.5492988,-0.67105508,0.7613951,-0.15208387,-0.63019669,0
-1.8958006,1.5103182,-3.3155813,-0.64122975,-0.31972778,-0.69756603,0
2.7289135,3.9247775,-0.032906175,0.64122975,0.31972778,0.69756603,0
2.6330357,-2.1751788,2.9781151,0.64122975,0.31972778,0.69756603,0
-2.9245167,0.68684912,-1.8926046,-0.64122975,-0.31972778,-0.69756603,0
-1.6301756,-2.5455198,1.0850182,-0.7613951,0.15208387,0.63019669,0
0.48022985,1.135224,-2.0267222,0.7613951,-0.15208387,-0.63019669,0
2.8189623,3.53562,0.14279032,0.7613951,-0.15208387,-0.63019669,0
-0.25774574,-1.0634778,-2.2787476,0.7613951,-0.15208387,-0.63019669,0
-0.55251372,-3.7304571,1.710351,0.095402837,-0.93522429,0.34095997,0
-0.66412115,2.0900824,1.062994,-0.7613951,0.15208387,0.63019669,0
-1.1959345,0.93329751,-3.5261185,-0.64122975,-0.31972778,-0.69756603,0
2.2226279,0.40013564,2.1052063,0.64122975,0.31972778,0.69756603,0
0.59348488,4.7234831,1.5011857,0.64122975,0.31972778,0.69756603,0
1.1567054,0.34290087,3.2222669,0.64122975,0.31972778,0.69756603,0
1.0918186,-3.4730866,-0.30424762,0.7613951,-0.15208387,-0.63019669,0
0.64116156,0.73624122,-1.8600762,0.7613951,-0.15208387,-0.63019669,0
1.0202909,4.7880869,0.91623998,-0.095402837,0.93522429,-0.34095997,0
-0.79664922,-3.9711709,1.1011915,0.095402837,-0.93522429,0.34095997,0
1.8606794,-1.3782161,0.25036156,0.7613951,-0.15208387,-0.63019669,0
-0.46303749,-1.1700892,-2.763561,0.7613951,-0.15208387,-0.63019669,0
1.778658,-3.6199098,1.3744075,0.095402837,-0.93522429,0.34095997,0
1.8766567,-0.80747116,0.17476201,0.7613951,-0.15208387,-0.63019669,0
-2.352474,-2.4850652,-0.9908945,-0.64122975,-0.31972778,-0.69756603,0
-2.1115015,-1.4442475,-1.7612094,-0.64122975,-0.31972778,-0.69756603,0
-1.7570505,-3.5230188,-0.97582197,-0.64122975,-0.31972778,-0.69756603,0
1.7172267,4.0514927,-1.1908171,0.7613951,-0.15208387,-0.63019669,0
2.8685069,1.5573117,0.92850876,0.64122975,0.31972778,0.69756603,0
0.42753065,-1.6595824,3.2525344,-0.7613951,0.15208387,0.63019669,0
-0.8103466,3.3336618,-2.2157381,-0.095402837,0.93522429,-0.34095997,0
2.5412738,2.9787717,0.060386658,0.7613951,-0.15208387,-0.63019669,0
-1.8405427,2.4403467,-3.7440896,-0.64122975,-0.31972778,-0.69756603,0
-2.0703893,-4.3677983,0.11807632,0.095402837,-0.93522429,0.34095997,0
0.19138861,2.3200154,2.0628254,-0.7613951,0.15208387,0.63019669,0
1.6893015,4.6990018,0.40794301,-0.095402837,0.93522429,-0.34095997,0
2.0133498,3.6077685,-0.6771729,0.7613951,-0.15208387,-0.63019669,0
2.4162946,-2.6414185,3.1566391,0.64122975,0.31972778,0.69756603,0
-0.95886517,-3.8205037,-1.6352751,-0.64122975,-0.31972778,-0.69756603,0
1.634691,1.0109854,2.2396402,0.64122975,0.31972778,0.69756603,0
1.0324184,3.7351034,-1.9875768,-0.095402837,0.93522429,-0.34095997,0
-1.581846,1.410592,0.059318185,-0.7613951,0.15208387,0.63019669,0
-1.2489805,-4.5965643,-1.1239703,-0.64122975,-0.31972778,-0.69756603,0
-2.1197693,-3.5996792,0.77979267,-0.7613951,0.15208387,0.63019669,0
-2.3435853,2.9171932,-1.1758993,-0.7613951,0.15208387,0.63019669,0
-0.62607825,1.8566697,1.0955877,-0.7613951,0.15208387,0.63019669,0
1.6318262,-3.1366374,2.5236015,0.095402837,-0.93522429,0.34095997,0
1.2303365,-3.9221766,0.63107467,0.095402837,-0.93522429,0.34095997,0
0.67482662,2.4680367,2.5706449,-0.7613951,0.15208387,0.63019669,0
-0.17812634,-3.7744403,1.626173,0.095402837,-0.93522429,0.34095997,0
1.4791799,3.3234282,1.4946237,0.64122975,0.31972778,0.69756603,0
1.7052284,2.9983392,-0.91303933,0.7613951,-0.15208387,-0.63019669,0
-0.010523319,4.1577721,-0.24969149,-0.095402837,0.93522429,-0.34095997,0
2.6859853,-0.1290164,1.8402135,0.64122975,0.31972778,0.69756603,0
2.655457,-3.0469565,2.7822716,0.095402837,-0.93522429,0.34095997,0
-3.3544374,1.9364655,-2.1063552,-0.64122975,-0.31972778,-0.69756603,0
1.3863068,3.7537808,1.2877295,0.64122975,0.31972778,0.69756603,0
1.345592,4.6130095,0.25995278,-0.095402837,0.93522429,-0.34095997,0
0.035109162,-2.0132179,2.7683074,-0.7613951,0.15208387,0.63019669,0
2.7775452,-3.2623665,1.760092,0.095402837,-0.93522429,0.34095997,0
-1.2253909,1.89659,-4.1512418,-0.64122975,-0.31972778,-0.69756603,0
-0.30304623,-2.9765291,-2.0202878,0.7613951,-0.15208387,-0.63019669,0
0.080934048,-4.3131208,-1.2707331,0.7613951,-0.15208387,-0.63019669,0
-2.1384454,-4.3599291,0.1167109,0.095402837,-0.93522429,0.34095997,0
1.0663468,-2.9897189,3.4471593,0.095402837,-0.93522429,0.34095997,0
-2.2979002,-2.9494863,0.23722482,-0.7613951,0.15208387,0.63019669,0
1.6842654,3.0255136,1.3119967,0.64122975,0.31972778,0.69756603,0
-0.41207111,3.7380412,-1.569062,-0.095402837,0.93522429,-0.34095997,0
-0.51254606,2.231329,-3.4901969,0.7613951,-0.15208387,-0.63019669,0
-1.5605202,-4.1277542,0.73334098,0.095402837,-0.93522429,0.34095997,0
2.2179778,3.1750987,0.81505966,0.64122975,0.31972778,0.69756603,0
1.0684716,-3.405201,2.2882094,0.095402837,-0.93522429,0.34095997,0
-2.0020337,0.090757728,-2.4281285,-0.64122975,-0.31972778,-0.69756603,0
0.61133564,-3.52109,2.0377226,0.095402837,-0.93522429,0.34095997,0
-2.1604948,-1.1434817,-1.8466306,-0.64122975,-0.31972778,-0.69756603,0
2.6822374,0.84577215,1.53838,0.64122975,0.31972778,0.69756603,0
0.31632948,4.8184752,1.1582663,-0.095402837,0.93522429,-0.34095997,0
-1.9684703,-1.2296935,0.14185445,-0.7613951,0.15208387,0.63019669,0
-0.95736611,4.0746927,-0.049731016,-0.095402837,0.93522429,-0.34095997,0
1.4259515,2.3169959,1.8105863,0.64122975,0.31972778,0.69756603,0
1.6080039,-2.8798757,3.4644148,0.095402837,-0.93522429,0.34095997,0
-1.9091551,-2.5408614,-1.2684604,-0.64122975,-0.31972778,-0.69756603,0
1.8301183,-0.081792712,-0.001429677,0.7613951,-0.15208387,-0.63019669,0
2.2672071,-3.0011055,0.93597388,0.7613951,-0.15208387,-0.63019669,0
-2.5849643,1.5721205,-2.7131124,-0.64122975,-0.31972778,-0.69756603,0
-1.6358111,-4.4918613,-0.057202339,0.095402837,-0.93522429,0.34095997,0
-3.4225483,2.8185658,-2.5740676,-0.64122975,-0.31972778,-0.69756603,0
0.28427354,-3.2800353,2.5171537,0.095402837,-0.93522429,0.34095997,0
-0.89298314,3.3973243,-2.1413023,-0.095402837,0.93522429,-0.34095997,0
-1.4964576,-3.8330684,-1.211307,-0.64122975,-0.31972778,-0.69756603,0
1.7207208,4.2796931,0.82419276,0.64122975,0.31972778,0.69756603,0
-0.77496493,4.098772,-0.36484241,-0.095402837,0.93522429,-0.34095997,0
1.7960575,4.448247,0.19302201,-0.095402837,0.93522429,-0.34095997,0
2.7166817,0.15297532,0.77348644,0.7613951,-0.15208387,-0.63019669,0
0.89891398,-3.2132623,2.729969,0.095402837,-0.93522429,0.34095997,0
-1.683553,-4.1815968,0.63846755,0.095402837,-0.93522429,0.34095997,0
-0.62708902,-2.874907,-2.5079677,-0.64122975,-0.31972778,-0.69756603,0
-0.011388183,2.0517709,-2.9815521,0.7613951,-0.15208387,-0.63019669,0
0.29800415,0.63205707,2.7382104,-0.7613951,0.15208387,0.63019669,0
1.9943094,0.20546091,2.4236686,0.64122975,0.31972778,0.69756603,0
2.000663,1.4079001,-0.40141818,0.7613951,-0.15208387,-0.63019669,0
-0.46986091,3.8701706,-1.0929883,-0.095402837,0.93522429,-0.34095997,0
-1.6034181,3.5538559,-0.39215875,-0.7613951,0.15208387,0.63019669,0
1.7912068,4.0024748,-0.97309828,-0.095402837,0.93522429,-0.34095997,0
2.123096,1.3750271,1.7671361,0.64122975,0.31972778,0.69756603,0
-1.5128052,3.1447971,-2.7859812,-0.095402837,0.93522429,-0.34095997,0
1.8674423,-2.2015104,0.38523126,0.7613951,-0.15208387,-0.63019669,0
-0.007193327,-2.0432937,-1.8035283,0.7613951,-0.15208387,-0.63019669,0
2.7729986,1.9923935,0.50893259,0.7613951,-0.15208387,-0.63019669,0
0.70288563,4.4421172,0.14914799,-0.095402837,0.93522429,-0.34095997,0
0.17874756,-3.1996064,2.6615748,0.095402837,-0.93522429,0.34095997,0
1.5474603,-2.9956708,2.8129449,0.095402837,-0.93522429,0.34095997,0
-1.2754245,-2.5643148,1.6164064,-0.7613951,0.15208387,0.63019669,0
-0.29394817,4.3826289,0.4069798,-0.095402837,0.93522429,-0.34095997,0
-1.3856804,-1.5932689,1.1749457,-0.7613951,0.15208387,0.63019669,0
-2.7974427,-1.2302289,-1.1556773,-0.64122975,-0.31972778,-0.69756603,0
0.45818949,4.4991112,0.47934651,-0.095402837,0.93522429,-0.34095997,0
-0.80539608,3.6974561,0.47158289,-0.7613951,0.15208387,0.63019669,0
0.54385519,2.3018208,2.3916178,-0.7613951,0.15208387,0.63019669,0
-2.3271205,-0.039958715,-2.1176515,-0.64122975,-0.31972778,-0.69756603,0
2.4973288,-0.64593422,2.3851395,0.64122975,0.31972778,0.69756603,0
2.3007817,1.9964044,1.2444484,0.64122975,0.31972778,0.69756603,0
-0.99935246,-4.3168106,0.45819783,0.095402837,-0.93522429,0.34095997,0
-2.2459049,3.436878,-1.4835858,-0.095402837,0.93522429,-0.34095997,0
1.8054042,3.197135,1.1028508,0.64122975,0.31972778,0.69756603,0
2.0141697,2.8299193,1.2706227,0.64122975,0.31972778,0.69756603,0
-3.1060128,2.0553944,-2.4255927,-0.64122975,-0.31972778,-0.69756603,0
2.8043513,-0.13282871,1.9210846,0.64122975,0.31972778,0.69756603,0
1.1009436,4.133234,1.5217164,0.64122975,0.31972778,0.69756603,0
1.5940225,-3.1184714,2.6819196,0.095402837,-0.93522429,0.34095997,0
2.1406763,-3.67993,1.1226265,0.7613951,-0.15208387,-0.63019669,0
-1.2199025,-3.9568183,-1.3379083,-0.64122975,-0.31972778,-0.69756603,0
-2.6694927,2.8961284,-3.140599,-0.095402837,0.93522429,-0.34095997,0
0.81678104,0.79047924,3.2393117,0.64122975,0.31972778,0.69756603,0
2.9254315,0.11504936,1.4948473,0.64122975,0.31972778,0.69756603,0
-0.15541908,3.3181756,-2.7211504,-0.095402837,0.93522429,-0.34095997,0
-2.2163062,-3.8127091,0.7015326,-0.7613951,0.15208387,0.63019669,0
-2.1805868,0.90704095,-2.7866867,-0.64122975,-0.31972778,-0.69756603,0
0.59937704,1.2564032,-2.094764,0.7613951,-0.15208387,-0.63019669,0
0.43109536,4.4567375,0.27244925,-0.095402837,0.93522429,-0.34095997,0
1.0158782,-2.5891266,4.3353114,-0.7613951,0.15208387,0.63019669,0
1.8145912,-2.9435871,3.2399483,0.095402837,-0.93522429,0.34095997,0
-2.7617452,1.7595196,-2.6453421,-0.64122975,-0.31972778,-0.69756603,0
2.2797079,3.3217115,-0.52126491,0.7613951,-0.15208387,-0.63019669,0
-2.3285909,3.2682014,-2.3272195,-0.095402837,0.93522429,-0.34095997,0
-1.7456563,2.4522333,-0.35903168,-0.7613951,0.15208387,0.63019669,0
-1.3184557,-4.4450817,-0.17745447,0.095402837,-0.93522429,0.34095997,0
-0.60929227,3.3560133,-2.2353573,-0.095402837,0.93522429,-0.34095997,0
0.60433125,3.6144695,-1.9000719,-0.095402837,0.93522429,-0.34095997,0
1.4038928,0.0092002153,-0.64040887,0.7613951,-0.15208387,-0.63019669,0
0.027288437,-3.944443,0.70128989,0.095402837,-0.93522429,0.34095997,0
-1.5992151,2.285485,-3.7634366,-0.64122975,-0.31972778,-0.69756603,0
3.1232817,-1.9277623,2.426847,0.64122975,0.31972778,0.69756603,0
1.4850271,-2.0542245,0.029202223,0.7613951,-0.15208387,-0.63019669,0
-0.017576218,-4.6136947,-1.046021,0.095402837,-0.93522429,0.34095997,0
3.2504163,-2.3856924,2.4791665,0.64122975,0.31972778,0.69756603,0
-0.87434959,-4.5214858,-0.40812993,0.095402837,-0.93522429,0.34095997,0
0.35688096,-3.5293701,1.8178945,0.095402837,-0.93522429,0.34095997,0
-0.48139644,-1.1485499,2.2309756,-0.7613951,0.15208387,0.63019669,0
-2.1862614,-2.3262329,-1.0943898,-0.64122975,-0.31972778,-0.69756603,0
-1.698447,3.133024,-2.5409284,-0.095402837,0.93522429,-0.34095997,0
0.017389774,3.7355018,-1.4469378,-0.095402837,0.93522429,-0.34095997,0
-1.9104865,3.7873673,-0.77805042,-0.095402837,0.93522429,-0.34095997,0
-0.3523531,-4.2228804,-1.8095009,0.7613951,-0.15208387,-0.63019669,0
-0.87192798,-3.9318604,1.09548,0.095402837,-0.93522429,0.34095997,0
-3.1642654,1.899266,-2.1394227,-0.64122975,-0.31972778,-0.69756603,0
1.8672903,-1.3814753,0.050599933,0.7613951,-0.15208387,-0.63019669,0
0.97778141,-2.9482229,3.2706676,0.095402837,-0.93522429,0.34095997,0
-1.4023427,1.6418014,0.4339155,-0.7613951,0.15208387,0.63019669,0
0.83681643,-3.5706632,1.5842426,0.095402837,-0.93522429,0.34095997,0
0.86663389,2.2078843,2.6218796,0.64122975,0.31972778,0.69756603,0
-0.96083534,2.4642489,-4.071991,0.7613951,-0.15208387,-0.63019669,0
1.0311885,3.2744112,1.7791816,0.64122975,0.31972778,0.69756603,0
-1.4128728,3.4203658,-1.9805362,-0.095402837,0.93522429,-0.34095997,0
0.75428438,3.6935201,-1.8978144,-0.095402837,0.93522429,-0.34095997,0
-2.5749807,-0.025804281,-0.85934842,-0.7613951,0.15208387,0.63019669,0
0.83010769,4.2980886,0.0094380379,-0.095402837,0.93522429,-0.34095997,0
-2.162426,3.6150894,-1.3558717,-0.095402837,0.93522429,-0.34095997,0
2.3789611,-2.4087696,3.15587,0.64122975,0.31972778,0.69756603,0
2.5336561,0.42243266,0.42369568,0.7613951,-0.15208387,-0.63019669,0
-2.9705176,0.26443124,-1.7855667,-0.64122975,-0.31972778,-0.69756603,0
0.30583179,-0.54806632,-2.0030873,0.7613951,-0.15208387,-0.63019669,0
1.448295,-2.9792523,3.3150587,0.095402837,-0.93522429,0.34095997,0
-1.2458694,-4.1982083,0.40454245,0.095402837,-0.93522429,0.34095997,0
-1.4088209,3.3837373,-2.1213672,-0.095402837,0.93522429,-0.34095997,0
2.5488968,0.57481527,0.4079144,0.7613951,-0.15208387,-0.63019669,0
0.68430245,3.8061271,-1.3803906,-0.095402837,0.93522429,-0.34095997,0
2.8005395,-2.9876764,2.637955,0.095402837,-0.93522429,0.34095997,0
-2.9130712,2.1745567,-1.7973104,-0.7613951,0.15208387,0.63019669,0
-0.92629218,-0.29700637,-3.4099679,-0.64122975,-0.31972778,-0.69756603,0
-1.9056938,0.55166829,-2.8642743,-0.64122975,-0.31972778,-0.69756603,0
-1.8976722,-1.6478026,0.34718972,-0.7613951,0.15208387,0.63019669,0
-1.430155,-4.0677991,1.2234154,0.095402837,-0.93522429,0.34095997,0
-0.95114183,-3.6820459,-1.7274902,-0.64122975,-0.31972778,-0.69756603,0
1.1963149,-3.6731439,1.2128422,0.095402837,-0.93522429,0.34095997,0
2.1406369,-2.4013543,3.3013134,0.64122975,0.31972778,0.69756603,0
-0.63001108,-2.9081488,-2.4593883,0.7613951,-0.15208387,-0.63019669,0
-1.7962813,3.2017584,-2.57939,-0.095402837,0.93522429,-0.34095997,0
-0.21072721,4.3111672,1.0457189,-0.7613951,0.15208387,0.63019669,0
0.12483239,-0.46863121,-2.0461798,0.7613951,-0.15208387,-0.63019669,0
-1.9084227,-4.4625902,-0.017424583,0.095402837,-0.93522429,0.34095997,0
-2.8150244,-0.2712245,-1.4999906,-0.64122975,-0.31972778,-0.69756603,0
-0.6335535,-4.7798986,-1.1299574,0.095402837,-0.93522429,0.34095997,0
0.11206889,-2.9810364,-1.5432339,0.7613951,-0.15208387,-0.63019669,0
1.3883922,-2.6779761,3.9670827,0.095402837,-0.93522429,0.34095997,0
-2.5207257,0.44719005,-0.72140014,-0.7613951,0.15208387,0.63019669,0
-1.6563703,3.1468806,-2.6385176,-0.095402837,0.93522429,-0.34095997,0
2.5940506,1.1356409,1.3539729,0.64122975,0.31972778,0.69756603,0
0.4830001,1.6799757,-2.1044877,0.7613951,-0.15208387,-0.63019669,0
-0.95533609,-3.4114456,-1.8972313,-0.64122975,-0.31972778,-0.69756603,0
2.7107038,-2.4621661,2.9449425,0.64122975,0.31972778,0.69756603,0
0.76794672,4.2861152,1.7126534,0.64122975,0.31972778,0.69756603,0
0.062652588,-4.0502658,-1.3335559,0.7613951,-0.15208387,-0.63019669,0
-1.1438571,3.0327961,-2.8968379,-0.095402837,0.93522429,-0.34095997,0
1.5224777,-3.442199,1.8735249,0.095402837,-0.93522429,0.34095997,0
0.62213993,3.3740993,2.2075458,0.64122975,0.31972778,0.69756603,0
-2.8465161,2.5878441,-2.9535956,-0.64122975,-0.31972778,-0.69756603,0
-2.3556523,-4.1476173,-0.3219893,-0.64122975,-0.31972778,-0.69756603,0
2.7046022,2.6916511,0.5890891,0.64122975,0.31972778,0.69756603,0
1.1681445,1.8079143,2.2711878,0.64122975,0.31972778,0.69756603,0
-3.0988259,0.1610539,-1.5707963,-0.64122975,-0.31972778,-0.69756603,0
-2.9470515,1.9027398,-2.4934213,-0.64122975,-0.31972778,-0.69756603,0
2.8786397,-1.4036965,2.2645869,0.64122975,0.31972778,0.69756603,0
-2.2640195,2.1942008,-3.1774182,-0.64122975,-0.31972778,-0.69756603,0
1.5814313,-2.5371935,3.9146442,0.64122975,0.31972778,0.69756603,0
0.049601078,-3.9502091,0.61731505,0.095402837,-0.93522429,0.34095997,0
-1.3902998,1.2123249,-3.5908151,-0.64122975,-0.31972778,-0.69756603,0
2.8672495,-3.2703989,2.0060084,0.095402837,-0.93522429,0.34095997,0
-1.9048438,-4.1898379,1.040875,0.095402837,-0.93522429,0.34095997,0
-1.4683032,3.7345538,-1.1592698,-0.095402837,0.93522429,-0.34095997,0
1.1740464,-3.9979873,0.11975265,0.7613951,-0.15208387,-0.63019669,0
-1.4454944,3.8403935,-0.75162077,-0.095402837,0.93522429,-0.34095997,0
-2.4015305,-2.2382483,-1.0475892,-0.64122975,-0.31972778,-0.69756603,0
1.3888865,3.0205288,1.7697605,0.64122975,0.31972778,0.69756603,0
1.6136796,-3.6480987,0.47774124,0.7613951,-0.15208387,-0.63019669,0
-0.051493645,-4.6753578,-1.3133028,0.095402837,-0.93522429,0.34095997,0
1.1431584,-0.0055692792,3.1240621,0.64122975,0.31972778,0.69756603,0
3.3193939,-2.6915212,2.566505,0.64122975,0.31972778,0.69756603,0
0.73806691,-3.466929,1.7367663,0.095402837,-0.93522429,0.34095997,0
1.8513141,0.91139954,2.2568138,0.64122975,0.31972778,0.69756603,0
2.3593557,-3.3502779,2.0674367,0.095402837,-0.93522429,0.34095997,0
-0.96898901,-3.2267249,1.9889051,-0.7613951,0.15208387,0.63019669,0
2.9301691,1.6440758,0.85048354,0.7613951,-0.15208387,-0.63019669,0
-1.8039727,-4.3029375,0.48104143,0.095402837,-0.93522429,0.34095997,0
1.2008765,-2.571274,4.432765,0.095402837,-0.93522429,0.34095997,0
2.9214256,-1.7605703,2.2902341,0.64122975,0.31972778,0.69756603,0
-3.1294956,2.074451,-2.4402936,-0.64122975,-0.31972778,-0.69756603,0
-1.8415172,-1.9762762,-1.7095741,-0.64122975,-0.31972778,-0.69756603,0
0.4818368,-2.2037544,-1.238924,0.7613951,-0.15208387,-0.63019669,0
1.1075211,1.498569,2.7322218,0.64122975,0.31972778,0.69756603,0
-1.1392275,-0.19179487,1.0601587,-0.7613951,0.15208387,0.63019669,0
-0.21126246,4.4141903,0.45602846,-0.095402837,0.93522429,-0.34095997,0
-3.1043119,2.7468741,-2.6857696,-0.64122975,-0.31972778,-0.69756603,0
-3.073334,1.1930087,-1.5743231,-0.7613951,0.15208387,0.63019669,0
1.753907,-1.2291769,3.1398165,0.64122975,0.31972778,0.69756603,0
1.7913756,4.5947318,0.16517067,-0.095402837,0.93522429,-0.34095997,0
-1.704596,0.76127064,0.029441953,-0.7613951,0.15208387,0.63019669,0
-1.7920567,0.055114985,0.3382799,-0.7613951,0.15208387,0.63019669,0
-2.614769,2.2653959,-2.9493394,-0.64122975,-0.31972778,-0.69756603,0
-0.9685092,-3.1662819,-1.8219934,-0.64122975,-0.31972778,-0.69756603,0
-0.47032785,2.6706843,1.2068468,-0.7613951,0.15208387,0.63019669,0
-1.9913371,-0.50152898,-2.2184396,-0.64122975,-0.31972778,-0.69756603,0
2.0005155,-2.2460065,3.5520215,0.64122975,0.31972778,0.69756603,0
-0.99052995,1.4181701,0.68287599,-0.7613951,0.15208387,0.63019669,0
-0.1368947,1.0040731,2.0563421,-0.7613951,0.15208387,0.63019669,0
-0.92527467,1.0191998,1.0767584,-0.7613951,0.15208387,0.63019669,0
0.51788908,-3.4009538,2.5093184,0.095402837,-0.93522429,0.34095997,0
-0.94640625,3.7031066,-1.3205712,-0.095402837,0.93522429,-0.34095997,0
1.7449061,-2.2844205,3.6207025,0.64122975,0.31972778,0.69756603,0
-1.5907092,1.6381564,-3.4740205,-0.64122975,-0.31972778,-0.69756603,0
1.8879464,-1.2645004,3.0988486,0.64122975,0.31972778,0.69756603,0
-0.98393881,0.64268827,0.93067354,-0.7613951,0.15208387,0.63019669,0
0.1498307,3.5863736,-1.8668981,-0.095402837,0.93522429,-0.34095997,0
2.6360416,-2.1156702,2.8841386,0.64122975,0.31972778,0.69756603,0
1.3210573,-3.2321541,2.7419348,0.095402837,-0.93522429,0.34095997,0
1.8701248,2.2946291,1.490205,0.64122975,0.31972778,0.69756603,0
-1.9415629,1.5703354,-0.30404067,-0.7613951,0.15208387,0.63019669,0
0.96421862,0.26775473,3.333508,-0.7613951,0.15208387,0.63019669,0
1.4309133,0.87203753,-0.94893914,0.7613951,-0.15208387,-0.63019669,0
1.2172788,-2.7978332,3.7066455,0.095402837,-0.93522429,0.34095997,0
1.5013975,3.510499,-1.5678911,0.7613951,-0.15208387,-0.63019669,0
2.9259453,-2.39679,2.7922981,0.64122975,0.31972778,0.69756603,0
1.3150573,1.3366446,-1.1535805,0.7613951,-0.15208387,-0.63019669,0
1.4463457,-1.4684255,-0.18124115,0.7613951,-0.15208387,-0.63019669,0
-0.72803509,3.6056859,-1.898874,-0.095402837,0.93522429,-0.34095997,0
1.248029,1.8071601,2.2763073,0.64122975,0.31972778,0.69756603,0
1.0545969,3.8351879,1.4646226,0.64122975,0.31972778,0.69756603,0
-0.021022797,-0.84188241,-2.2862797,0.7613951,-0.15208387,-0.63019669,0
0.16386545,3.8108859,-1.1546123,-0.095402837,0.93522429,-0.34095997,0
1.4796878,0.58319938,-0.745906,0.7613951,-0.15208387,-0.63019669,0
