1.250313,1.3756659,4.035224,0.36619073,0.3326568,0.86904752,0
2.9081712,2.4568243,1.0239208,-0.18928561,0.94102079,-0.2804476,0
-0.49061418,-0.77341938,3.3248312,0.18928561,-0.94102079,0.2804476,0
0.82508802,-1.1863813,0.46312159,0.18928561,-0.94102079,0.2804476,0
2.915277,2.9443746,2.732635,0.36619073,0.3326568,0.86904752,0
0.0094702505,1.4782778,-0.061530739,-0.18928561,0.94102079,-0.2804476,0
4.0515804,0.92342758,3.0894599,0.36619073,0.3326568,0.86904752,0
-0.8993516,-1.7373779,-4.1527781,-0.36619073,-0.3326568,-0.86904752,0
4.4634275,1.003449,2.7682042,0.91108453,0.061800875,-0.40756023,0
-1.667372,2.2126904,3.0323009,-0.18928561,0.94102079,-0.2804476,0
1.3927765,-2.3175793,-4.5126424,0.91108453,0.061800875,-0.40756023,0
0.54565024,0.19566834,4.8765116,0.36619073,0.3326568,0.86904752,0
-3.0636156,-0.42726493,-3.6303568,-0.36619073,-0.3326568,-0.86904752,0
1.0795264,-1.684612,-4.877233,-0.36619073,-0.3326568,-0.86904752,0
-3.8476479,-0.40444601,-3.4473939,-0.36619073,-0.3326568,-0.86904752,0
-0.7375108,0.3413021,-3.3916547,-0.18928561,0.94102079,-0.2804476,0
-0.45565844,1.74823,4.7420163,0.36619073,0.3326568,0.86904752,0
1.144495,0.27133787,4.6993961,0.36619073,0.3326568,0.86904752,0
4.3289499,1.273083,2.345705,0.91108453,0.061800875,-0.40756023,0
-1.0251877,-1.20539,1.865512,0.18928561,-0.94102079,0.2804476,0
0.58220005,-0.036596417,-5.2979965,-0.36619073,-0.3326568,-0.86904752,0
0.57177258,2.4400458,3.9249144,0.36619073,0.3326568,0.86904752,0
-3.6611881,-1.6698227,-2.9314237,-0.36619073,-0.3326568,-0.86904752,0
-3.2083614,-0.94013202,0.089217901,-0.91108453,-0.061800875,0.40756023,0
-1.3371718,-1.657137,0.41169137,0.18928561,-0.94102079,0.2804476,0
-2.1736643,1.0196618,2.4518533,-0.91108453,-0.061800875,0.40756023,0
-2.205651,1.6478672,1.9809762,-0.18928561,0.94102079,-0.2804476,0
-1.5343311,-2.3404105,-3.7113848,-0.36619073,-0.3326568,-0.86904752,0
1.5503377,0.61498064,4.2236881,0.36619073,0.3326568,0.86904752,0
1.2901913,-1.3600618,-0.3349297,0.18928561,-0.94102079,0.2804476,0
-1.1058898,-0.64288026,4.2518511,0.18928561,-0.94102079,0.2804476,0
-2.4818482,-1.2312504,1.4403023,-0.91108453,-0.061800875,0.40756023,0
3.8360832,2.7963605,1.7520285,0.91108453,0.061800875,-0.40756023,0
-3.5802,-1.1126395,-3.3119264,-0.36619073,-0.3326568,-0.86904752,0
3.8658018,2.6537755,1.4878407,0.91108453,0.061800875,-0.40756023,0
2.5435936,2.7002854,2.9629631,0.36619073,0.3326568,0.86904752,0
0.34198356,-2.4315159,-4.3425703,-0.36619073,-0.3326568,-0.86904752,0
-1.0556428,1.9869053,2.0225716,-0.18928561,0.94102079,-0.2804476,0
-2.0601022,-0.97736955,2.4390121,-0.91108453,-0.061800875,0.40756023,0
2.2067761,1.050498,3.7725415,0.36619073,0.3326568,0.86904752,0
4.2441044,0.57578182,3.1717682,0.36619073,0.3326568,0.86904752,0
-3.4072568,0.77731866,-0.61244917,-0.18928561,0.94102079,-0.2804476,0
2.2263474,-1.7160625,-2.6073227,0.91108453,0.061800875,-0.40756023,0
-2.356617,1.6708615,2.3600526,-0.91108453,-0.061800875,0.40756023,0
2.7421019,-1.3048117,-1.5517864,0.91108453,0.061800875,-0.40756023,0
3.4979272,-0.40581071,1.9682274,0.18928561,-0.94102079,0.2804476,0
-4.0443659,-0.47136068,-3.3237004,-0.36619073,-0.3326568,-0.86904752,0
0.53587174,0.99416101,-2.5822988,-0.18928561,0.94102079,-0.2804476,0
-0.91386604,-0.51075876,4.2791848,0.18928561,-0.94102079,0.2804476,0
-0.8616606,-1.7962497,-4.1275983,-0.36619073,-0.3326568,-0.86904752,0
0.47708893,1.8173628,4.2494931,0.36619073,0.3326568,0.86904752,0
-1.7884789,-1.3299741,-3.9043002,-0.36619073,-0.3326568,-0.86904752,0
-3.0922229,-1.8641669,0.28365874,-0.91108453,-0.061800875,0.40756023,0
0.93232954,1.8468539,-0.068782568,-0.18928561,0.94102079,-0.2804476,0
1.0246377,0.74220794,4.3808866,0.36619073,0.3326568,0.86904752,0
0.71487427,-1.6026224,-0.15522476,0.18928561,-0.94102079,0.2804476,0
-1.2076991,-2.6489379,-3.0328135,0.18928561,-0.94102079,0.2804476,0
-3.5556617,-2.7285032,-1.5601673,0.18928561,-0.94102079,0.2804476,0
3.1022146,1.0576919,-0.031511784,0.91108453,0.061800875,-0.40756023,0
-3.6505013,-2.6150351,-1.4122143,-0.91108453,-0.061800875,0.40756023,0
-0.60050869,0.57574213,5.2780619,0.36619073,0.3326568,0.86904752,0
-0.41453028,-0.81769967,-4.7274175,-0.36619073,-0.3326568,-0.86904752,0
-3.2887757,0.049471974,-0.00054121017,-0.91108453,-0.061800875,0.40756023,0
-1.4299147,-0.019022346,-4.3671832,-0.18928561,0.94102079,-0.2804476,0
1.1353161,-1.9156684,-1.6875236,0.18928561,-0.94102079,0.2804476,0
1.7691771,1.9627322,-0.065308571,-0.18928561,0.94102079,-0.2804476,0
-1.7815553,-1.8812762,-3.73669,-0.36619073,-0.3326568,-0.86904752,0
-1.2971697,-1.0484537,2.7962174,0.18928561,-0.94102079,0.2804476,0
-2.361393,1.0860137,-0.20744026,-0.18928561,0.94102079,-0.2804476,0
-0.28274798,2.3439231,2.6290781,-0.18928561,0.94102079,-0.2804476,0
2.3594196,1.9275396,3.4934273,0.36619073,0.3326568,0.86904752,0
1.7969756,-0.86647385,-3.6305521,0.91108453,0.061800875,-0.40756023,0
-0.34396982,-0.29270244,4.8957214,0.18928561,-0.94102079,0.2804476,0
0.35174179,-0.83803463,2.5643115,0.18928561,-0.94102079,0.2804476,0
1.0451471,-1.6294303,-0.58541453,0.18928561,-0.94102079,0.2804476,0
1.9467151,1.5484827,3.6845713,0.36619073,0.3326568,0.86904752,0
-1.2866497,-1.090078,2.8489947,0.18928561,-0.94102079,0.2804476,0
2.3146217,1.0397501,-2.0826406,0.91108453,0.061800875,-0.40756023,0
-1.7758245,0.0237239,3.1876984,-0.91108453,-0.061800875,0.40756023,0
1.6855824,0.88475597,-3.1648092,-0.18928561,0.94102079,-0.2804476,0
1.2500973,-0.8219226,1.7304639,0.18928561,-0.94102079,0.2804476,0
-1.3132293,-1.1356715,2.7175765,0.18928561,-0.94102079,0.2804476,0
2.1120777,1.119773,3.8873224,0.36619073,0.3326568,0.86904752,0
-2.5637827,-0.91410416,-3.8452883,-0.36619073,-0.3326568,-0.86904752,0
0.3204751,2.5932274,3.9475727,0.36619073,0.3326568,0.86904752,0
-2.7356813,1.4456199,1.6435807,-0.91108453,-0.061800875,0.40756023,0
1.858475,2.4455414,3.3670177,0.36619073,0.3326568,0.86904752,0
-1.7766728,-1.0104544,3.0329115,0.18928561,-0.94102079,0.2804476,0
1.5023322,0.79110074,-3.7837074,-0.18928561,0.94102079,-0.2804476,0
-1.9625769,-2.4859304,-3.3801503,-0.36619073,-0.3326568,-0.86904752,0
-3.5007658,-1.8724017,-3.0277486,-0.36619073,-0.3326568,-0.86904752,0
-1.709024,2.4022512,3.8604138,-0.91108453,-0.061800875,0.40756023,0
1.1094608,-0.80691093,-4.9375024,0.91108453,0.061800875,-0.40756023,0
-2.4677811,0.85344654,-0.67881477,-0.18928561,0.94102079,-0.2804476,0
-1.9114366,-2.5777647,-1.6974523,0.18928561,-0.94102079,0.2804476,0
-0.96893501,-0.041691542,-4.5087848,-0.18928561,0.94102079,-0.2804476,0
-1.6440886,0.77917087,-1.3053155,-0.18928561,0.94102079,-0.2804476,0
-1.1727972,-0.042541862,-4.5541725,-0.36619073,-0.3326568,-0.86904752,0
1.6319551,-0.030314386,-3.9585638,0.91108453,0.061800875,-0.40756023,0
-3.7293642,-1.6132469,-1.4171171,-0.91108453,-0.061800875,0.40756023,0
-1.6809702,-0.34888121,3.4056535,-0.91108453,-0.061800875,0.40756023,0
-1.0522947,2.5974519,4.5132475,0.36619073,0.3326568,0.86904752,0
0.59613609,-1.0299258,1.6623828,0.18928561,-0.94102079,0.2804476,0
1.1451057,0.40824372,4.552949,0.36619073,0.3326568,0.86904752,0
-2.8541121,-2.3479333,-0.95241117,0.18928561,-0.94102079,0.2804476,0
0.96186936,1.2892491,-1.6203252,-0.18928561,0.94102079,-0.2804476,0
-3.4777017,-1.3432498,-0.3772912,-0.91108453,-0.061800875,0.40756023,0
-4.4378338,-1.1089779,-2.8061652,-0.91108453,-0.061800875,0.40756023,0
-0.42388511,0.41400021,-3.9600375,-0.18928561,0.94102079,-0.2804476,0
-2.4214857,0.477415,1.8001415,-0.91108453,-0.061800875,0.40756023,0
-1.9901872,0.98310661,-0.68871391,-0.18928561,0.94102079,-0.2804476,0
0.65769953,-0.97453982,1.6279985,0.18928561,-0.94102079,0.2804476,0
-1.9373093,-0.26288354,-4.2377095,-0.36619073,-0.3326568,-0.86904752,0
-3.2668617,-0.67911923,-0.23485637,-0.91108453,-0.061800875,0.40756023,0
0.1702944,2.2127385,1.8580716,-0.18928561,0.94102079,-0.2804476,0
0.99426413,-2.2678452,-4.7696924,-0.36619073,-0.3326568,-0.86904752,0
3.5467677,1.9359658,0.84618068,0.91108453,0.061800875,-0.40756023,0
2.9836392,0.71407968,3.754715,0.36619073,0.3326568,0.86904752,0
-2.9929023,-0.39334002,0.69810259,-0.91108453,-0.061800875,0.40756023,0
-2.5216038,-0.91502893,1.5809847,-0.91108453,-0.061800875,0.40756023,0
3.6670797,1.7850683,0.94375849,0.91108453,0.061800875,-0.40756023,0
-0.89221716,2.5688522,3.9708014,-0.18928561,0.94102079,-0.2804476,0
2.3137579,-1.5944124,-2.20996,0.91108453,0.061800875,-0.40756023,0
2.9262159,0.83170831,-0.67204535,0.91108453,0.061800875,-0.40756023,0
-0.0739007,1.9775262,1.6369399,-0.18928561,0.94102079,-0.2804476,0
-1.6402454,-0.81690258,3.4574037,-0.91108453,-0.061800875,0.40756023,0
1.2565489,-2.658674,-4.1315432,0.18928561,-0.94102079,0.2804476,0
-3.4453661,-1.9231083,-2.8785763,-0.36619073,-0.3326568,-0.86904752,0
-3.3661554,-1.2045707,-3.4123244,-0.36619073,-0.3326568,-0.86904752,0
-1.3944012,-1.7244123,0.36401492,0.18928561,-0.94102079,0.2804476,0
1.9683087,0.21597786,-3.1216974,0.91108453,0.061800875,-0.40756023,0
-2.0710006,-0.23249257,-4.1157055,-0.36619073,-0.3326568,-0.86904752,0
3.6558475,2.8197398,2.5126395,0.36619073,0.3326568,0.86904752,0
1.7284374,-1.3115208,-0.025283515,0.18928561,-0.94102079,0.2804476,0
3.1438406,1.7743186,3.2316031,0.36619073,0.3326568,0.86904752,0
4.4602523,1.2382158,2.7536745,0.91108453,0.061800875,-0.40756023,0
-3.1289535,-0.12681711,0.24493921,-0.91108453,-0.061800875,0.40756023,0
0.084222078,-0.42175478,-5.0526962,-0.36619073,-0.3326568,-0.86904752,0
-2.4922342,0.47810298,-1.8617914,-0.18928561,0.94102079,-0.2804476,0
0.12862968,-0.61922556,3.0212226,0.18928561,-0.94102079,0.2804476,0
2.0488396,-0.10124385,3.3799345,0.18928561,-0.94102079,0.2804476,0
-1.5230732,-0.16642809,4.0310092,-0.91108453,-0.061800875,0.40756023,0
-0.45266533,2.5758247,3.9021776,-0.18928561,0.94102079,-0.2804476,0
4.0172544,2.343621,2.479846,0.36619073,0.3326568,0.86904752,0
-3.37499,-0.10103536,-0.10355139,-0.91108453,-0.061800875,0.40756023,0
1.6687379,-0.75185502,-3.7306905,0.91108453,0.061800875,-0.40756023,0
1.6212144,-0.38525543,-3.918442,0.91108453,0.061800875,-0.40756023,0
0.087138891,-0.41244185,4.2436619,0.18928561,-0.94102079,0.2804476,0
-0.90313101,2.088727,2.4416618,-0.18928561,0.94102079,-0.2804476,0
0.40504265,1.0318933,4.5312815,0.36619073,0.3326568,0.86904752,0
-3.6270313,-2.0871916,-2.9448619,-0.36619073,-0.3326568,-0.86904752,0
0.24956369,-1.5679715,-0.23673075,0.18928561,-0.94102079,0.2804476,0
-3.6589332,0.13590693,-0.70963168,-0.91108453,-0.061800875,0.40756023,0
2.9227793,-0.47848412,-1.1035134,0.91108453,0.061800875,-0.40756023,0
2.0824389,-1.2393284,-0.4060556,0.18928561,-0.94102079,0.2804476,0
-2.4520195,0.50972319,-1.998415,-0.18928561,0.94102079,-0.2804476,0
-1.0313611,1.680557,5.001627,0.36619073,0.3326568,0.86904752,0
0.091516018,0.62457776,4.9456758,0.36619073,0.3326568,0.86904752,0
-1.0009105,-1.2294885,-4.3631425,-0.36619073,-0.3326568,-0.86904752,0
3.3687861,0.1892848,3.620656,0.36619073,0.3326568,0.86904752,0
2.7384923,-0.16585097,-1.196905,0.91108453,0.061800875,-0.40756023,0
4.0790477,3.1436939,2.2113881,-0.18928561,0.94102079,-0.2804476,0
1.361275,-0.24873614,3.9280224,0.18928561,-0.94102079,0.2804476,0
1.3822589,-1.8125442,-4.3342152,0.91108453,0.061800875,-0.40756023,0
0.66997099,-1.7203521,-0.72954583,0.18928561,-0.94102079,0.2804476,0
0.4510448,-1.7407987,-4.6023932,-0.36619073,-0.3326568,-0.86904752,0
-1.8789647,-2.8591237,-3.3835511,-0.36619073,-0.3326568,-0.86904752,0
-2.8685913,0.97187358,1.0808061,-0.91108453,-0.061800875,0.40756023,0
-3.4321675,-1.6925743,-0.33675933,-0.91108453,-0.061800875,0.40756023,0
0.76577473,-0.022580385,-5.4332008,0.91108453,0.061800875,-0.40756023,0
3.1066608,-0.23670369,-0.57549512,0.91108453,0.061800875,-0.40756023,0
1.3817008,2.4249415,3.581079,0.36619073,0.3326568,0.86904752,0
-3.3082142,-2.1656137,-0.23583889,-0.91108453,-0.061800875,0.40756023,0
-4.0472689,-1.096063,-1.6074739,-0.91108453,-0.061800875,0.40756023,0
0.88682175,-0.12246525,-5.3278646,0.91108453,0.061800875,-0.40756023,0
-3.2276199,-0.094493508,-3.7527313,-0.36619073,-0.3326568,-0.86904752,0
0.081257582,-2.4598675,-3.0951741,0.18928561,-0.94102079,0.2804476,0
-4.1766672,-1.3454465,-2.8131704,-0.36619073,-0.3326568,-0.86904752,0
-3.5792699,0.83233261,-0.48922944,-0.91108453,-0.061800875,0.40756023,0
1.0780898,0.19542515,4.5545111,0.36619073,0.3326568,0.86904752,0
0.79856086,1.0766128,-2.3425114,-0.18928561,0.94102079,-0.2804476,0
-4.04814,-2.3322511,-2.0313773,-0.91108453,-0.061800875,0.40756023,0
2.1296525,1.0751137,-2.3634157,0.91108453,0.061800875,-0.40756023,0
-0.72383142,1.7966714,1.3561921,-0.18928561,0.94102079,-0.2804476,0
-3.0992186,-2.9653459,-2.4373908,0.18928561,-0.94102079,0.2804476,0
-2.5044358,-1.5174348,-3.442883,-0.36619073,-0.3326568,-0.86904752,0
-2.1069992,0.57858723,2.9127078,-0.91108453,-0.061800875,0.40756023,0
0.074392319,-0.27823192,-5.1900616,-0.36619073,-0.3326568,-0.86904752,0
1.183794,1.7250994,3.9495559,0.36619073,0.3326568,0.86904752,0
-3.1107764,-0.23718065,0.16360331,-0.91108453,-0.061800875,0.40756023,0
-3.6979227,0.42316163,-0.68879294,-0.91108453,-0.061800875,0.40756023,0
2.7762179,2.5540218,1.000427,-0.18928561,0.94102079,-0.2804476,0
1.7506,1.3744482,3.9724412,0.36619073,0.3326568,0.86904752,0
-4.5641003,-0.77744675,-3.0261579,-0.36619073,-0.3326568,-0.86904752,0
2.7052429,1.5312158,-0.92489105,0.91108453,0.061800875,-0.40756023,0
0.25301003,0.80558932,-2.5249238,-0.18928561,0.94102079,-0.2804476,0
-1.4372339,2.4670434,4.4620571,-0.91108453,-0.061800875,0.40756023,0
0.11385918,-1.3955541,-4.594614,-0.36619073,-0.3326568,-0.86904752,0
-1.3867483,2.4600654,3.9478555,-0.18928561,0.94102079,-0.2804476,0
2.0381143,-0.36104625,-2.9146414,0.91108453,0.061800875,-0.40756023,0
2.9752297,2.9027188,2.9227848,0.36619073,0.3326568,0.86904752,0
-4.6309395,-0.47675049,-2.9215913,-0.91108453,-0.061800875,0.40756023,0
-2.2489905,1.6975435,2.1572011,-0.18928561,0.94102079,-0.2804476,0
-1.3705335,-1.6793493,-4.0219407,-0.36619073,-0.3326568,-0.86904752,0
1.2877676,1.0354888,4.1982198,0.36619073,0.3326568,0.86904752,0
3.4851892,2.795176,2.6084709,0.36619073,0.3326568,0.86904752,0
-3.1010983,0.11605537,0.5158323,-0.91108453,-0.061800875,0.40756023,0
-3.7217388,-1.7919647,-1.4333963,-0.91108453,-0.061800875,0.40756023,0
2.550179,1.9436641,-0.56512451,-0.18928561,0.94102079,-0.2804476,0
-3.2333202,0.55548334,0.0086853504,-0.91108453,-0.061800875,0.40756023,0
1.9889076,-0.28278247,-2.8907506,0.91108453,0.061800875,-0.40756023,0
3.003665,1.6248686,-0.23536396,0.91108453,0.061800875,-0.40756023,0
-1.3164449,0.24150512,4.4800882,-0.91108453,-0.061800875,0.40756023,0
-0.69498682,2.2063489,4.6726789,0.36619073,0.3326568,0.86904752,0
0.80011106,-0.34208757,3.5206871,0.18928561,-0.94102079,0.2804476,0
0.12441123,-1.8371141,-0.60401505,0.18928561,-0.94102079,0.2804476,0
0.54303765,-1.8597519,-1.0386724,0.18928561,-0.94102079,0.2804476,0
-2.6500323,1.2364992,1.7192494,-0.91108453,-0.061800875,0.40756023,0
-3.0211358,0.96540135,-0.29641247,-0.18928561,0.94102079,-0.2804476,0
0.6883204,0.22031879,4.7349672,0.36619073,0.3326568,0.86904752,0
2.2641826,-0.64511853,1.9427743,0.18928561,-0.94102079,0.2804476,0
1.2400551,1.9554353,3.819066,0.36619073,0.3326568,0.86904752,0
-3.3770542,0.46166945,-1.5914261,-0.18928561,0.94102079,-0.2804476,0
1.0590734,-2.3436391,-4.8389368,-0.36619073,-0.3326568,-0.86904752,0
-2.2022808,0.69528127,-1.4516993,-0.18928561,0.94102079,-0.2804476,0
3.0205984,2.4390802,0.8759315,-0.18928561,0.94102079,-0.2804476,0
-1.3934751,0.35588276,-3.0567739,-0.18928561,0.94102079,-0.2804476,0
3.2765524,-0.035323858,3.0210752,0.18928561,-0.94102079,0.2804476,0
-0.53597021,-2.1150432,-1.1569692,0.18928561,-0.94102079,0.2804476,0
-3.0834639,-1.2047693,0.060895681,-0.91108453,-0.061800875,0.40756023,0
-1.7943038,-2.4490914,-3.4931121,-0.36619073,-0.3326568,-0.86904752,0
-1.1494191,-2.7061992,-3.6172953,-0.36619073,-0.3326568,-0.86904752,0
-3.0305798,1.1469817,0.78155351,-0.91108453,-0.061800875,0.40756023,0
2.190233,-1.4173802,-0.86542916,0.18928561,-0.94102079,0.2804476,0
-3.150465,-2.883821,-2.7625751,-0.36619073,-0.3326568,-0.86904752,0
-0.32857275,-0.39976609,3.8968718,0.18928561,-0.94102079,0.2804476,0
-2.4984233,-0.19853242,1.6586416,-0.91108453,-0.061800875,0.40756023,0
4.0698328,0.40662158,1.633213,0.91108453,0.061800875,-0.40756023,0
-1.3013237,-0.61234134,3.9013722,0.18928561,-0.94102079,0.2804476,0
-0.92511868,-1.4918238,1.1367704,0.18928561,-0.94102079,0.2804476,0
-0.019601345,0.45077777,5.1000719,0.36619073,0.3326568,0.86904752,0
-2.4966006,1.0787563,0.17134321,-0.18928561,0.94102079,-0.2804476,0
-1.9820364,1.2686999,0.5974974,-0.18928561,0.94102079,-0.2804476,0
3.9910512,0.32688129,1.5099964,0.91108453,0.061800875,-0.40756023,0
-0.90371597,-0.49383378,-4.5082974,-0.36619073,-0.3326568,-0.86904752,0
-3.8030336,-0.53151941,-3.376327,-0.36619073,-0.3326568,-0.86904752,0
2.3317523,-0.92582703,0.45120072,0.18928561,-0.94102079,0.2804476,0
2.8754289,0.82719493,-0.85947162,0.91108453,0.061800875,-0.40756023,0
2.1244335,0.45517346,-2.3901079,0.91108453,0.061800875,-0.40756023,0
4.026207,2.6862206,2.4145126,0.36619073,0.3326568,0.86904752,0
0.9590503,1.4218611,-1.0258949,-0.18928561,0.94102079,-0.2804476,0
0.66300678,-1.8654691,-1.6679511,0.18928561,-0.94102079,0.2804476,0
-3.3779638,-2.6710339,-2.8051362,-0.36619073,-0.3326568,-0.86904752,0
-0.42592716,1.605026,4.71208,0.36619073,0.3326568,0.86904752,0
-0.96835554,0.91166514,-1.4484258,-0.18928561,0.94102079,-0.2804476,0
-1.9649928,-1.2237531,2.4569051,0.18928561,-0.94102079,0.2804476,0
-3.537092,0.023008347,-2.8325109,-0.18928561,0.94102079,-0.2804476,0
-0.85231221,-2.0942261,-0.89858007,0.18928561,-0.94102079,0.2804476,0
0.56912971,-2.1125922,-2.4452546,0.18928561,-0.94102079,0.2804476,0
3.1341166,2.941514,2.5959744,-0.18928561,0.94102079,-0.2804476,0
-2.1399677,1.8575777,2.7737255,-0.91108453,-0.061800875,0.40756023,0
1.6102366,0.87271994,-3.4610071,0.91108453,0.061800875,-0.40756023,0
-0.37503165,-2.2270422,-1.934201,0.18928561,-0.94102079,0.2804476,0
-1.8373897,0.60906839,3.1475987,-0.91108453,-0.061800875,0.40756023,0
1.5891783,1.8234614,0.012459397,-0.18928561,0.94102079,-0.2804476,0
2.2644374,1.3229203,-2.3058438,0.91108453,0.061800875,-0.40756023,0
1.8763669,-1.452121,-3.2790504,0.91108453,0.061800875,-0.40756023,0
-2.5900855,0.58354646,-1.4008105,-0.18928561,0.94102079,-0.2804476,0
-1.3667178,0.34514189,-3.31194,-0.18928561,0.94102079,-0.2804476,0
4.0740709,0.18484926,1.7623796,0.91108453,0.061800875,-0.40756023,0
-1.8689117,0.77317703,3.3730392,-0.91108453,-0.061800875,0.40756023,0
-3.7693448,-0.90826154,-1.3263066,-0.91108453,-0.061800875,0.40756023,0
0.72845912,0.99009991,-2.7770038,-0.18928561,0.94102079,-0.2804476,0
-1.6293464,-2.0475593,-3.7957373,-0.36619073,-0.3326568,-0.86904752,0
-1.1146445,1.2738581,5.0606184,-0.91108453,-0.061800875,0.40756023,0
3.6987584,-0.22751176,1.088376,0.91108453,0.061800875,-0.40756023,0
2.2423408,-1.1671886,-0.028097153,0.18928561,-0.94102079,0.2804476,0
-3.7363939,-3.0287654,-2.0695601,0.18928561,-0.94102079,0.2804476,0
0.49147534,0.85991132,4.5836515,0.36619073,0.3326568,0.86904752,0
3.3734341,0.88774836,0.53877783,0.91108453,0.061800875,-0.40756023,0
-2.7033768,-1.9008775,-3.2176123,-0.36619073,-0.3326568,-0.86904752,0
-1.7177937,-0.58701181,3.2926695,-0.91108453,-0.061800875,0.40756023,0
-3.3600218,-0.31202179,0.013748169,-0.91108453,-0.061800875,0.40756023,0
1.4692731,-1.571007,-0.78774363,0.18928561,-0.94102079,0.2804476,0
3.1577449,0.71693337,3.6461029,0.36619073,0.3326568,0.86904752,0
-3.7499018,0.1785661,-2.433497,-0.18928561,0.94102079,-0.2804476,0
-2.0164409,-1.040875,-3.8271437,-0.36619073,-0.3326568,-0.86904752,0
-3.1387632,-1.0675647,-3.3711286,-0.36619073,-0.3326568,-0.86904752,0
-1.3679478,-1.7047646,-4.0058823,-0.36619073,-0.3326568,-0.86904752,0
2.5860996,0.085903168,3.9045095,0.18928561,-0.94102079,0.2804476,0
-1.334959,2.332881,3.2648048,-0.18928561,0.94102079,-0.2804476,0
1.5865594,1.5751442,3.9528308,0.36619073,0.3326568,0.86904752,0
-1.3523855,1.1831387,4.6286793,-0.91108453,-0.061800875,0.40756023,0
3.1699119,0.62890381,3.5521035,0.36619073,0.3326568,0.86904752,0
0.59106207,-0.22315776,4.2006803,0.18928561,-0.94102079,0.2804476,0
1.8712157,1.3524327,3.9618058,0.36619073,0.3326568,0.86904752,0
0.44295764,1.8584437,4.3260555,0.36619073,0.3326568,0.86904752,0
-2.6702359,0.42038941,-2.1290953,-0.18928561,0.94102079,-0.2804476,0
4.4610791,1.3914623,2.6939816,0.91108453,0.061800875,-0.40756023,0
-2.331553,-2.4847527,-1.6795566,0.18928561,-0.94102079,0.2804476,0
0.33564949,0.6141848,-3.6515124,-0.18928561,0.94102079,-0.2804476,0
0.20237398,-0.48393917,-5.0877419,-0.36619073,-0.3326568,-0.86904752,0
2.7624474,1.0151834,3.5574117,0.36619073,0.3326568,0.86904752,0
-1.8470445,1.2118652,3.4876781,-0.91108453,-0.061800875,0.40756023,0
-2.1805003,-2.0043201,-0.16609788,0.18928561,-0.94102079,0.2804476,0
-0.94488156,0.65160567,-2.5185924,-0.18928561,0.94102079,-0.2804476,0
-0.76331609,-1.7003505,0.21466416,0.18928561,-0.94102079,0.2804476,0
-1.1792444,-2.7238474,-2.9101114,0.18928561,-0.94102079,0.2804476,0
-1.3719754,-0.52041513,4.2795119,-0.91108453,-0.061800875,0.40756023,0
-1.5283523,-0.46645629,-4.4145432,-0.36619073,-0.3326568,-0.86904752,0
2.9392562,2.4918971,0.74767399,-0.18928561,0.94102079,-0.2804476,0
-3.5469618,-2.0652442,-2.9533319,-0.36619073,-0.3326568,-0.86904752,0
3.2307427,2.3173938,0.1331737,-0.18928561,0.94102079,-0.2804476,0
2.3803017,-1.3534422,-2.1018894,0.91108453,0.061800875,-0.40756023,0
0.61963892,-2.1539388,-2.2766247,0.18928561,-0.94102079,0.2804476,0
1.3978634,-1.8586912,-4.4174194,0.91108453,0.061800875,-0.40756023,0
-2.8857462,-1.0959452,-3.5071359,-0.36619073,-0.3326568,-0.86904752,0
2.2535932,1.14937,3.9005542,0.36619073,0.3326568,0.86904752,0
-1.2254992,-0.074175596,4.406939,-0.91108453,-0.061800875,0.40756023,0
3.8881269,2.0264921,1.4772224,0.91108453,0.061800875,-0.40756023,0
-4.5620418,-0.74848211,-2.9826708,-0.36619073,-0.3326568,-0.86904752,0
3.9889073,1.038216,3.1002026,0.36619073,0.3326568,0.86904752,0
1.5785894,-1.475961,-4.2201557,0.91108453,0.061800875,-0.40756023,0
-2.7635839,-0.0089921057,1.0822313,-0.91108453,-0.061800875,0.40756023,0
-1.3510098,-0.5202567,4.1520481,-0.91108453,-0.061800875,0.40756023,0
2.3970912,-0.99434644,-2.0601888,0.91108453,0.061800875,-0.40756023,0
-2.7438912,1.4200562,1.4466007,-0.91108453,-0.061800875,0.40756023,0
-0.51293874,-1.0905067,-4.6044064,-0.36619073,-0.3326568,-0.86904752,0
0.18749774,-0.87350118,2.003233,0.18928561,-0.94102079,0.2804476,0
-0.85599899,-0.0093412399,5.3964195,-0.91108453,-0.061800875,0.40756023,0
1.2920579,1.6000371,-1.1321026,-0.18928561,0.94102079,-0.2804476,0
1.1017902,1.0444069,-2.6941562,-0.18928561,0.94102079,-0.2804476,0
-2.444067,-1.8471315,-3.516469,-0.36619073,-0.3326568,-0.86904752,0
-2.0480578,1.5206583,1.0086683,-0.18928561,0.94102079,-0.2804476,0
-2.6122713,1.2320086,1.667522,-0.91108453,-0.061800875,0.40756023,0
1.4401784,-1.5866103,-4.5514593,0.91108453,0.061800875,-0.40756023,0
-4.0559521,-2.7191882,-2.0998626,-0.91108453,-0.061800875,0.40756023,0
-0.23230863,-2.0528841,-4.371449,-0.36619073,-0.3326568,-0.86904752,0
-1.5952047,-2.1530015,-0.55803442,0.18928561,-0.94102079,0.2804476,0
0.7098248,-0.71036416,2.1456563,0.18928561,-0.94102079,0.2804476,0
-2.0119574,-2.7602098,-2.7642927,0.18928561,-0.94102079,0.2804476,0
-1.5794053,1.2833414,4.0334091,-0.91108453,-0.061800875,0.40756023,0
1.0514798,-0.065109968,-5.0674829,0.91108453,0.061800875,-0.40756023,0
-3.4174798,-2.2445507,-2.8706679,-0.36619073,-0.3326568,-0.86904752,0
-0.55857038,2.8190227,4.1999121,-0.18928561,0.94102079,-0.2804476,0
-2.7374489,-1.1811152,-3.5571012,-0.36619073,-0.3326568,-0.86904752,0
3.9006519,2.8048358,1.6935539,0.91108453,0.061800875,-0.40756023,0
-1.5861516,1.2390285,4.2171149,-0.91108453,-0.061800875,0.40756023,0
2.68452,2.6424263,3.1385231,0.36619073,0.3326568,0.86904752,0
-4.0029535,-1.3611065,-1.8935547,-0.91108453,-0.061800875,0.40756023,0
0.52737182,1.4688238,-0.77716947,-0.18928561,0.94102079,-0.2804476,0
1.3746552,-0.51988292,-4.3909779,0.91108453,0.061800875,-0.40756023,0
4.0245976,3.1682782,2.2809262,0.91108453,0.061800875,-0.40756023,0
-2.1039972,0.17400554,2.8183434,-0.91108453,-0.061800875,0.40756023,0
-1.261858,1.3295773,4.8474579,-0.91108453,-0.061800875,0.40756023,0
3.6926293,1.6185266,3.1142302,0.36619073,0.3326568,0.86904752,0
-0.087774932,-1.9550285,-1.4212643,0.18928561,-0.94102079,0.2804476,0
-0.87498081,-2.1080422,-1.0818632,0.18928561,-0.94102079,0.2804476,0
4.2117529,0.82569802,2.1992321,0.91108453,0.061800875,-0.40756023,0
-0.77126694,2.3792605,4.5508814,0.36619073,0.3326568,0.86904752,0
-3.5733185,-2.1905713,-0.81955194,-0.91108453,-0.061800875,0.40756023,0
-1.7427175,-0.70860982,3.3615074,-0.91108453,-0.061800875,0.40756023,0
3.9865251,2.3365202,2.6786065,0.36619073,0.3326568,0.86904752,0
-1.4763861,-1.6117979,-3.9573145,-0.36619073,-0.3326568,-0.86904752,0
2.971735,-1.0836213,-0.69697636,0.91108453,0.061800875,-0.40756023,0
3.5941176,0.64095974,0.69956279,0.91108453,0.061800875,-0.40756023,0
2.5547385,1.7525383,-1.2068572,-0.18928561,0.94102079,-0.2804476,0
0.40409589,0.9920103,4.6108294,0.36619073,0.3326568,0.86904752,0
4.4710703,1.038826,2.5757804,0.91108453,0.061800875,-0.40756023,0
3.831367,2.7619183,1.4434981,0.91108453,0.061800875,-0.40756023,0
0.14782333,-1.9297928,-1.4087945,0.18928561,-0.94102079,0.2804476,0
-4.3445048,-0.129915,-2.430048,-0.91108453,-0.061800875,0.40756023,0
4.0661163,-0.021673441,1.4928861,0.91108453,0.061800875,-0.40756023,0
3.881144,-0.21876705,2.2643509,0.18928561,-0.94102079,0.2804476,0
-2.9284437,-2.7980061,-2.965529,-0.36619073,-0.3326568,-0.86904752,0
-1.908531,-0.50218982,3.142813,-0.91108453,-0.061800875,0.40756023,0
-1.2502451,1.6460079,4.8531542,-0.91108453,-0.061800875,0.40756023,0
2.4795394,0.52661186,-1.8865678,0.91108453,0.061800875,-0.40756023,0
2.1045718,2.7103596,2.0109079,-0.18928561,0.94102079,-0.2804476,0
1.1864915,-0.031936646,4.4924817,0.18928561,-0.94102079,0.2804476,0
4.1582222,1.3938849,2.1749845,0.91108453,0.061800875,-0.40756023,0
-2.0122447,1.7024627,1.7377609,-0.18928561,0.94102079,-0.2804476,0
1.8683587,0.063369751,4.1647978,0.18928561,-0.94102079,0.2804476,0
-2.8832402,-2.9183335,-2.9502211,-0.36619073,-0.3326568,-0.86904752,0
0.8669461,1.3121704,-1.6110479,-0.18928561,0.94102079,-0.2804476,0
-2.8808384,0.83536947,0.85249543,-0.91108453,-0.061800875,0.40756023,0
-2.8698511,-1.832612,0.52172303,-0.91108453,-0.061800875,0.40756023,0
-2.2783952,0.97220826,-0.53593266,-0.18928561,0.94102079,-0.2804476,0
2.7364571,2.7957127,2.4674168,-0.18928561,0.94102079,-0.2804476,0
1.8691722,2.1265202,0.62645197,-0.18928561,0.94102079,-0.2804476,0
0.053748369,-2.1215694,-1.805921,0.18928561,-0.94102079,0.2804476,0
-0.73203516,-2.2214646,-4.1148119,-0.36619073,-0.3326568,-0.86904752,0
2.2882688,-1.5412784,-2.5059252,0.91108453,0.061800875,-0.40756023,0
-2.433012,1.4164748,1.250174,-0.18928561,0.94102079,-0.2804476,0
-0.18437928,-2.1717014,-1.6509452,0.18928561,-0.94102079,0.2804476,0
-2.5480628,-1.3261093,1.5850139,-0.91108453,-0.061800875,0.40756023,0
1.7739445,1.0169406,3.9475346,0.36619073,0.3326568,0.86904752,0
4.3553634,0.24823678,3.2110205,0.36619073,0.3326568,0.86904752,0
-0.25838923,-1.2519827,-4.6598935,-0.36619073,-0.3326568,-0.86904752,0
-3.584151,-2.2402301,-2.8164768,-0.36619073,-0.3326568,-0.86904752,0
-2.5958219,-1.8950757,0.5940485,0.18928561,-0.94102079,0.2804476,0
-0.73614341,-1.5986825,0.26482379,0.18928561,-0.94102079,0.2804476,0
-3.9943633,-0.0022066832,-1.5200939,-0.91108453,-0.061800875,0.40756023,0
-0.77856737,-1.6885918,0.51468325,0.18928561,-0.94102079,0.2804476,0
3.0770242,-1.026521,-0.43784082,0.91108453,0.061800875,-0.40756023,0
3.1919219,0.67031908,-0.33838058,0.91108453,0.061800875,-0.40756023,0
3.2726331,2.3433607,2.8934302,0.36619073,0.3326568,0.86904752,0
3.1154406,0.23930037,-0.47732961,0.91108453,0.061800875,-0.40756023,0
2.5986803,2.1964774,3.1682715,0.36619073,0.3326568,0.86904752,0
1.5120239,0.11365372,-4.134644,0.91108453,0.061800875,-0.40756023,0
3.5255833,-0.045720577,3.0172172,0.18928561,-0.94102079,0.2804476,0
2.7131374,0.21010983,3.8568645,0.36619073,0.3326568,0.86904752,0
1.8671017,1.2067789,3.9457674,0.36619073,0.3326568,0.86904752,0
-3.4476175,-1.5437427,-0.53348279,-0.91108453,-0.061800875,0.40756023,0
-3.1392007,-2.0109043,-0.084510326,-0.91108453,-0.061800875,0.40756023,0
-3.5540285,-1.343387,-3.236145,-0.36619073,-0.3326568,-0.86904752,0
-3.3797367,-2.5921237,-2.6829896,-0.36619073,-0.3326568,-0.86904752,0
2.137723,1.2137572,-2.5884874,0.91108453,0.061800875,-0.40756023,0
-3.1345019,-0.43221778,0.18069196,-0.91108453,-0.061800875,0.40756023,0
-1.9470379,-2.5158772,-3.3646889,-0.36619073,-0.3326568,-0.86904752,0
-2.2332525,-2.4537728,-3.4081621,-0.36619073,-0.3326568,-0.86904752,0
0.73833609,-2.3753138,-2.7796261,0.18928561,-0.94102079,0.2804476,0
-2.6992292,0.80925137,1.5155165,-0.91108453,-0.061800875,0.40756023,0
-3.5073767,-1.1269387,-0.59308076,-0.91108453,-0.061800875,0.40756023,0
-0.41627121,1.3499879,4.8815417,0.36619073,0.3326568,0.86904752,0
-3.8797326,-2.5179205,-1.7727203,-0.91108453,-0.061800875,0.40756023,0
-1.1570823,-1.7904084,0.074839473,0.18928561,-0.94102079,0.2804476,0
-1.9036387,-1.8861208,-3.5972614,-0.36619073,-0.3326568,-0.86904752,0
1.3311734,-1.7267549,-1.5659544,0.18928561,-0.94102079,0.2804476,0
-1.2826475,-2.3332305,-3.85743,-0.36619073,-0.3326568,-0.86904752,0
-1.2669411,0.8297832,4.6811833,-0.91108453,-0.061800875,0.40756023,0
2.0592637,-2.0041292,-3.0372648,0.91108453,0.061800875,-0.40756023,0
1.1377373,-0.15368956,-4.8118391,0.91108453,0.061800875,-0.40756023,0
3.5478234,-0.58138853,0.47055626,0.91108453,0.061800875,-0.40756023,0
-2.1158457,-1.9663935,0.38744462,0.18928561,-0.94102079,0.2804476,0
-0.0096004009,0.59404379,4.8470378,0.36619073,0.3326568,0.86904752,0
2.1253924,3.0135019,3.0529356,-0.18928561,0.94102079,-0.2804476,0
1.0355229,-2.7129152,-4.6616259,-0.36619073,-0.3326568,-0.86904752,0
-0.94285375,-2.701782,-3.3729944,0.18928561,-0.94102079,0.2804476,0
-2.8091891,0.30022275,-2.6598532,-0.18928561,0.94102079,-0.2804476,0
-4.3209987,-0.33153033,-2.2902565,-0.91108453,-0.061800875,0.40756023,0
3.2930522,1.9512695,3.0370126,0.36619073,0.3326568,0.86904752,0
2.3788605,0.03469599,-1.8815719,0.91108453,0.061800875,-0.40756023,0
3.0838892,2.0930276,3.0650773,0.36619073,0.3326568,0.86904752,0
-1.6825886,1.8901742,2.1937747,-0.18928561,0.94102079,-0.2804476,0
-4.3977432,-0.75806296,-2.5899162,-0.91108453,-0.061800875,0.40756023,0
-1.702549,2.414145,3.8901169,-0.91108453,-0.061800875,0.40756023,0
1.7937245,-1.0466036,-3.4824467,0.91108453,0.061800875,-0.40756023,0
-4.0774212,-0.79221654,-3.22119,-0.36619073,-0.3326568,-0.86904752,0
0.95817542,1.0998898,-2.4370782,-0.18928561,0.94102079,-0.2804476,0
-0.51072311,-0.31926239,-4.7877736,-0.36619073,-0.3326568,-0.86904752,0
3.4661069,1.0921516,0.47437286,0.91108453,0.061800875,-0.40756023,0
-3.9584546,-2.3289852,-2.6149898,-0.36619073,-0.3326568,-0.86904752,0
2.8547692,1.2875378,3.3785524,0.36619073,0.3326568,0.86904752,0
0.11913002,2.5033662,2.6815529,-0.18928561,0.94102079,-0.2804476,0
-1.2013307,0.38102326,4.5878897,-0.91108453,-0.061800875,0.40756023,0
-2.5386894,0.9363178,1.9449881,-0.91108453,-0.061800875,0.40756023,0
3.1079063,1.3726429,-0.027055025,0.91108453,0.061800875,-0.40756023,0
3.4956572,0.35683906,3.504508,0.36619073,0.3326568,0.86904752,0
2.8537943,0.82440305,-0.69421899,0.91108453,0.061800875,-0.40756023,0
1.4667521,-1.578385,-0.8871966,0.18928561,-0.94102079,0.2804476,0
-0.87512827,2.6780057,4.6160612,0.36619073,0.3326568,0.86904752,0
2.8825974,2.5314524,3.102839,0.36619073,0.3326568,0.86904752,0
2.0844135,0.69589466,4.0929856,0.36619073,0.3326568,0.86904752,0
-0.75664282,2.3877056,4.5269976,0.36619073,0.3326568,0.86904752,0
1.2503366,-1.6482933,-4.7236118,0.91108453,0.061800875,-0.40756023,0
3.1918292,1.2861755,0.11649418,0.91108453,0.061800875,-0.40756023,0
-0.74479342,0.47031707,5.3599062,0.36619073,0.3326568,0.86904752,0
0.40752697,-0.66105056,-5.1977243,-0.36619073,-0.3326568,-0.86904752,0
-4.0244102,0.23885536,-1.7996163,-0.91108453,-0.061800875,0.40756023,0
-4.3292751,-0.4390806,-2.2347798,-0.91108453,-0.061800875,0.40756023,0
-1.0640936,-0.91152591,-4.3458428,-0.36619073,-0.3326568,-0.86904752,0
3.2105737,-0.66158938,0.7450223,0.18928561,-0.94102079,0.2804476,0
-1.7831295,-2.9219759,-3.2974076,0.18928561,-0.94102079,0.2804476,0
-3.3247037,-1.1975007,-3.2870331,-0.36619073,-0.3326568,-0.86904752,0
-0.61888289,2.1981599,2.4262376,-0.18928561,0.94102079,-0.2804476,0
3.8899736,1.9559391,1.6984229,0.91108453,0.061800875,-0.40756023,0
-0.68986714,1.7812519,1.2295986,-0.18928561,0.94102079,-0.2804476,0
1.04441,-1.8973089,-2.0092301,0.18928561,-0.94102079,0.2804476,0
1.7917355,0.37612593,4.1701527,0.36619073,0.3326568,0.86904752,0
1.9391668,0.87968302,-3.1230197,0.91108453,0.061800875,-0.40756023,0
-3.1781366,-0.032638192,-3.2324886,-0.18928561,0.94102079,-0.2804476,0
-1.1311476,-0.38927746,-4.4756069,-0.36619073,-0.3326568,-0.86904752,0
-2.0135751,1.5064582,1.3513017,-0.18928561,0.94102079,-0.2804476,0
1.3915691,0.48081678,-4.0454884,0.91108453,0.061800875,-0.40756023,0
2.3182514,-1.1315067,-2.3804438,0.91108453,0.061800875,-0.40756023,0
3.0457289,2.3936226,0.33699942,-0.18928561,0.94102079,-0.2804476,0
4.2170382,0.21594989,3.1700416,0.18928561,-0.94102079,0.2804476,0
1.4919007,-1.490721,-0.76021439,0.18928561,-0.94102079,0.2804476,0
0.97174633,-1.7187386,-0.78278911,0.18928561,-0.94102079,0.2804476,0
-3.3704767,-2.3514786,-2.8635626,-0.36619073,-0.3326568,-0.86904752,0
-0.74536705,1.5087948,4.9228039,0.36619073,0.3326568,0.86904752,0
1.1672586,-1.3258736,-0.22952133,0.18928561,-0.94102079,0.2804476,0
-0.84372807,-1.2222203,2.1705184,0.18928561,-0.94102079,0.2804476,0
0.16039073,2.0069034,1.0313134,-0.18928561,0.94102079,-0.2804476,0
-3.9102688,-2.3447175,-2.6367712,-0.36619073,-0.3326568,-0.86904752,0
-1.8866556,-1.4566838,1.7722113,0.18928561,-0.94102079,0.2804476,0
3.3530695,1.0507448,0.06504488,0.91108453,0.061800875,-0.40756023,0
1.1374298,-0.10743105,3.8691435,0.18928561,-0.94102079,0.2804476,0
2.5356705,-1.3713841,-1.7411271,0.91108453,0.061800875,-0.40756023,0
2.1467695,1.2057509,3.912096,0.36619073,0.3326568,0.86904752,0
-0.051096678,0.023872137,5.1796646,0.18928561,-0.94102079,0.2804476,0
1.7073381,2.7788496,2.8719959,-0.18928561,0.94102079,-0.2804476,0
-0.25084525,1.6494861,0.65417147,-0.18928561,0.94102079,-0.2804476,0
-2.6179984,0.23652621,1.7261496,-0.91108453,-0.061800875,0.40756023,0
-2.5631819,-1.3781359,-3.6810026,-0.36619073,-0.3326568,-0.86904752,0
3.4083693,2.5928946,2.6944342,0.36619073,0.3326568,0.86904752,0
-1.2383413,-0.41169268,4.4205093,-0.91108453,-0.061800875,0.40756023,0
3.7134168,2.3264837,1.2748713,0.91108453,0.061800875,-0.40756023,0
-0.40409565,-0.57681912,-4.7225304,-0.36619073,-0.3326568,-0.86904752,0
-1.1922765,0.24317408,-3.4946175,-0.18928561,0.94102079,-0.2804476,0
-4.0105743,-2.6985865,-2.5017638,-0.36619073,-0.3326568,-0.86904752,0
-4.3819752,-1.1021645,-2.9094915,-0.36619073,-0.3326568,-0.86904752,0
1.2208481,2.0158532,0.38867867,-0.18928561,0.94102079,-0.2804476,0
-0.76424479,-1.681712,-0.071563005,0.18928561,-0.94102079,0.2804476,0
2.5741773,0.62498462,3.8890152,0.36619073,0.3326568,0.86904752,0
2.0552163,0.95459872,4.0522523,0.36619073,0.3326568,0.86904752,0
-1.2909479,2.5442531,4.6787477,-0.91108453,-0.061800875,0.40756023,0
-2.768683,-1.8420694,1.0653372,0.18928561,-0.94102079,0.2804476,0
0.46280861,-2.7631257,-4.342907,0.18928561,-0.94102079,0.2804476,0
-1.9839416,0.2168365,3.1068189,-0.91108453,-0.061800875,0.40756023,0
-1.643764,-2.5997152,-3.478622,-0.36619073,-0.3326568,-0.86904752,0
-0.16186213,-1.0256695,1.8116326,0.18928561,-0.94102079,0.2804476,0
-0.89767182,-2.7446585,-3.7523432,-0.36619073,-0.3326568,-0.86904752,0
2.0565593,0.27797839,-2.6204071,0.91108453,0.061800875,-0.40756023,0
2.211637,-1.2429405,-2.4193144,0.91108453,0.061800875,-0.40756023,0
3.9101088,0.24601436,1.5120351,0.91108453,0.061800875,-0.40756023,0
3.874347,0.4878794,3.2711673,0.36619073,0.3326568,0.86904752,0
3.4163942,0.55035371,0.42547059,0.91108453,0.061800875,-0.40756023,0
3.0871856,0.34560844,-0.25476074,0.91108453,0.061800875,-0.40756023,0
-3.0321131,-2.3871119,-2.9258409,-0.36619073,-0.3326568,-0.86904752,0
3.2298784,1.4693887,3.3583603,0.36619073,0.3326568,0.86904752,0
1.0130758,-2.2443383,-4.8177328,-0.36619073,-0.3326568,-0.86904752,0
3.8580375,0.093380451,1.2041256,0.91108453,0.061800875,-0.40756023,0
-1.8322067,-1.293107,2.0708904,0.18928561,-0.94102079,0.2804476,0
-1.8430836,1.75299,1.6476823,-0.18928561,0.94102079,-0.2804476,0
0.54094744,-2.0324507,-4.5463939,-0.36619073,-0.3326568,-0.86904752,0
-1.940686,1.6361898,3.2545137,-0.91108453,-0.061800875,0.40756023,0
1.5474124,-2.2742391,-4.250258,0.91108453,0.061800875,-0.40756023,0
-1.6445739,-0.98932439,-4.0824771,-0.36619073,-0.3326568,-0.86904752,0
-1.932251,-0.13633624,3.178458,-0.91108453,-0.061800875,0.40756023,0
-2.3196549,-2.6675706,-3.2646732,-0.36619073,-0.3326568,-0.86904752,0
0.5684917,0.84163922,-3.0288777,-0.18928561,0.94102079,-0.2804476,0
-4.2164536,-0.64408135,-3.1085372,-0.36619073,-0.3326568,-0.86904752,0
-3.8604674,0.16333175,-1.2539892,-0.91108453,-0.061800875,0.40756023,0
1.6222124,-1.8891581,-4.1961417,0.91108453,0.061800875,-0.40756023,0
-2.0938406,1.5989349,1.1018795,-0.18928561,0.94102079,-0.2804476,0
2.7581928,-0.80417287,-1.1790233,0.91108453,0.061800875,-0.40756023,0
0.29336977,0.48949695,4.8448648,0.36619073,0.3326568,0.86904752,0
-2.7992766,0.44810188,1.1591642,-0.91108453,-0.061800875,0.40756023,0
4.0207043,1.563766,2.8772764,0.36619073,0.3326568,0.86904752,0
1.0249287,1.7237601,-0.25520921,-0.18928561,0.94102079,-0.2804476,0
-2.8454494,-0.23359445,0.75440103,-0.91108453,-0.061800875,0.40756023,0
1.0785861,-0.11443573,-4.9993105,0.91108453,0.061800875,-0.40756023,0
-3.2017028,1.0190853,0.25477505,-0.18928561,0.94102079,-0.2804476,0
-2.2615936,-0.47535074,-3.9471474,-0.36619073,-0.3326568,-0.86904752,0
3.138232,0.15001884,-0.45866811,0.91108453,0.061800875,-0.40756023,0
3.8171864,1.4181805,2.9632649,0.36619073,0.3326568,0.86904752,0
-1.5665891,-1.0018455,-4.2355695,-0.36619073,-0.3326568,-0.86904752,0
-4.0966039,-0.044816494,-2.7024164,-0.18928561,0.94102079,-0.2804476,0
-0.41302872,0.047021627,-4.9136801,-0.18928561,0.94102079,-0.2804476,0
-4.2740149,-2.1958747,-2.3994365,-0.91108453,-0.061800875,0.40756023,0
1.165875,0.92709029,-2.8784015,-0.18928561,0.94102079,-0.2804476,0
0.17640746,-0.90882194,1.9201831,0.18928561,-0.94102079,0.2804476,0
-3.9292407,-2.5466378,-2.5796785,-0.36619073,-0.3326568,-0.86904752,0
4.0335698,2.700717,2.4728231,0.36619073,0.3326568,0.86904752,0
-3.3672898,-0.30462927,-0.27249241,-0.91108453,-0.061800875,0.40756023,0
3.4893675,-0.62582588,0.41116548,0.91108453,0.061800875,-0.40756023,0
4.1743331,0.98085725,3.133554,0.36619073,0.3326568,0.86904752,0
4.4538918,0.27436316,2.5358386,0.91108453,0.061800875,-0.40756023,0
0.80730247,-1.9762158,-1.5263698,0.18928561,-0.94102079,0.2804476,0
-0.5582341,1.1632726,-1.3176684,-0.18928561,0.94102079,-0.2804476,0
0.040159941,-0.29559052,4.3774991,0.18928561,-0.94102079,0.2804476,0
-2.4060261,1.6387652,2.1283746,-0.91108453,-0.061800875,0.40756023,0
-3.5713954,-3.0715437,-2.3402138,0.18928561,-0.94102079,0.2804476,0
0.76346421,0.86578989,-3.2800958,-0.18928561,0.94102079,-0.2804476,0
3.818068,0.98601472,3.273572,0.36619073,0.3326568,0.86904752,0
1.1461389,-2.571739,-4.047368,0.18928561,-0.94102079,0.2804476,0
3.3909597,0.91478533,0.15649271,0.91108453,0.061800875,-0.40756023,0
3.3117712,0.35682774,3.7026553,0.36619073,0.3326568,0.86904752,0
-3.2215137,-1.8705202,-3.0693817,-0.36619073,-0.3326568,-0.86904752,0
2.3707592,1.5478219,3.5897851,0.36619073,0.3326568,0.86904752,0
1.9383252,-1.4166828,-0.83272076,0.18928561,-0.94102079,0.2804476,0
2.5494337,-0.25781158,-1.8956783,0.91108453,0.061800875,-0.40756023,0
-3.1815462,-0.52934903,0.057975769,-0.91108453,-0.061800875,0.40756023,0
