3.851161,-1.3368011,-1.6151662,0.74290359,0.0089741945,-0.66933835,0
3.2085621,2.7600965,-2.0907218,0.61928421,0.37038922,0.69231415,0
2.4961958,-1.9989071,-3.248183,0.74290359,0.0089741945,-0.66933835,0
-1.284709,2.8993683,-1.8255258,-0.25412869,0.92883331,-0.2696059,0
-1.3993826,1.6608787,2.5150447,0.61928421,0.37038922,0.69231415,0
-2.8190928,2.1650646,3.0110714,-0.74290359,-0.0089741945,0.66933835,0
2.1137185,3.6938124,-2.0547132,-0.25412869,0.92883331,-0.2696059,0
-2.4372141,2.8880758,-0.7844547,-0.25412869,0.92883331,-0.2696059,0
-1.2560757,-1.9748472,-0.085026264,-0.61928421,-0.37038922,-0.69231415,0
4.5252943,-1.7985159,-0.88186717,0.61928421,0.37038922,0.69231415,0
-1.5588516,-2.0731738,0.37313139,-0.61928421,-0.37038922,-0.69231415,0
-0.10946679,-3.4457474,1.2570088,0.25412869,-0.92883331,0.2696059,0
2.7901034,-0.40249646,-2.7547984,0.74290359,0.0089741945,-0.66933835,0
3.8173585,-2.1690509,-1.6752361,0.74290359,0.0089741945,-0.66933835,0
-2.1100323,-1.7963113,3.5536857,-0.74290359,-0.0089741945,0.66933835,0
4.0878034,-3.0150506,-0.89539176,0.25412869,-0.92883331,0.2696059,0
2.2674425,3.5335598,-3.0720725,-0.25412869,0.92883331,-0.2696059,0
-1.7716571,-2.2593281,0.74168658,-0.61928421,-0.37038922,-0.69231415,0
-2.9341116,0.40400302,2.8172045,-0.74290359,-0.0089741945,0.66933835,0
-1.5900986,3.0979519,-0.47020367,-0.25412869,0.92883331,-0.2696059,0
-1.1600897,3.4361734,-0.18799627,-0.25412869,0.92883331,-0.2696059,0
-1.6247394,3.152209,-0.94583535,-0.25412869,0.92883331,-0.2696059,0
-2.0133755,2.7740805,-1.2229742,-0.25412869,0.92883331,-0.2696059,0
4.3754511,-1.8165643,-1.1329471,0.74290359,0.0089741945,-0.66933835,0
-1.823768,-0.18307403,3.8931513,-0.74290359,-0.0089741945,0.66933835,0
-1.1657875,-3.0318601,4.0044651,0.25412869,-0.92883331,0.2696059,0
-3.9645538,2.8046155,0.34799874,-0.25412869,0.92883331,-0.2696059,0
-2.5650172,2.9775348,-0.070688926,-0.25412869,0.92883331,-0.2696059,0
-1.1540878,3.675673,0.5656963,-0.25412869,0.92883331,-0.2696059,0
-0.17393732,-3.722723,0.51194859,0.25412869,-0.92883331,0.2696059,0
-2.4966273,2.8996639,2.745019,0.61928421,0.37038922,0.69231415,0
3.3057523,-2.6020615,0.57122451,0.61928421,0.37038922,0.69231415,0
-0.31706929,-0.35530216,2.6250608,0.61928421,0.37038922,0.69231415,0
-1.8954134,-1.1245886,3.9903781,-0.74290359,-0.0089741945,0.66933835,0
2.1080043,-2.0730085,-2.9459572,-0.61928421,-0.37038922,-0.69231415,0
-3.2055576,3.2380261,1.4185116,-0.25412869,0.92883331,-0.2696059,0
1.1258205,1.7736772,-4.0840859,-0.61928421,-0.37038922,-0.69231415,0
1.8877681,3.4853339,-2.9033592,-0.25412869,0.92883331,-0.2696059,0
3.2588899,-2.9245346,-2.4765546,0.74290359,0.0089741945,-0.66933835,0
-2.5851212,2.5007734,3.1286113,-0.74290359,-0.0089741945,0.66933835,0
2.345233,-2.119374,-3.1197925,-0.61928421,-0.37038922,-0.69231415,0
-0.61046761,0.76211524,2.3384538,0.61928421,0.37038922,0.69231415,0
3.0672107,2.689378,-2.0229671,0.61928421,0.37038922,0.69231415,0
0.36884958,-2.1622374,-1.2233577,-0.61928421,-0.37038922,-0.69231415,0
-1.8686079,-3.0927329,3.8769054,-0.74290359,-0.0089741945,0.66933835,0
-0.44656205,2.7144043,-2.8603237,-0.25412869,0.92883331,-0.2696059,0
3.086895,-2.180428,-2.4602625,0.74290359,0.0089741945,-0.66933835,0
1.0674726,1.4814757,-3.86374,-0.61928421,-0.37038922,-0.69231415,0
3.0540688,-1.3681254,-2.6905727,0.74290359,0.0089741945,-0.66933835,0
0.93105388,3.2615876,-2.5009179,-0.25412869,0.92883331,-0.2696059,0
-2.3319283,-2.8831329,3.2883883,-0.74290359,-0.0089741945,0.66933835,0
2.1604841,-0.15407044,-3.4655945,0.74290359,0.0089741945,-0.66933835,0
2.0954139,-0.42927951,-3.5831966,0.74290359,0.0089741945,-0.66933835,0
-0.66362238,-0.22003567,-1.5964457,-0.61928421,-0.37038922,-0.69231415,0
-2.2138791,3.565423,2.293998,0.61928421,0.37038922,0.69231415,0
-1.7510408,-2.3967991,4.0537667,-0.74290359,-0.0089741945,0.66933835,0
3.4170356,-0.9996165,-0.39101899,0.61928421,0.37038922,0.69231415,0
0.26721334,-3.1963973,-0.69955409,-0.61928421,-0.37038922,-0.69231415,0
-3.4863904,-1.2735286,1.9753569,-0.74290359,-0.0089741945,0.66933835,0
1.5924052,-2.1029642,-2.4328663,-0.61928421,-0.37038922,-0.69231415,0
0.10266757,-1.4846605,2.8478436,0.61928421,0.37038922,0.69231415,0
-1.8519548,-3.5560057,2.7593691,0.25412869,-0.92883331,0.2696059,0
1.8162327,1.4875251,-3.8900757,0.74290359,0.0089741945,-0.66933835,0
2.8213778,-2.1144247,0.6382829,0.61928421,0.37038922,0.69231415,0
1.4370779,-0.86650914,-2.8487878,-0.61928421,-0.37038922,-0.69231415,0
-1.7906992,0.91151142,-1.1031814,-0.61928421,-0.37038922,-0.69231415,0
1.2423916,-3.7601845,-0.85433859,0.25412869,-0.92883331,0.2696059,0
-2.5949712,-2.1561365,1.4447054,-0.61928421,-0.37038922,-0.69231415,0
-2.9822562,3.6709604,2.3457816,-0.25412869,0.92883331,-0.2696059,0
1.4031394,-2.8322701,2.1429884,0.25412869,-0.92883331,0.2696059,0
-1.284809,-3.4669361,1.969834,0.25412869,-0.92883331,0.2696059,0
-4.1786075,2.3554471,1.2603555,-0.74290359,-0.0089741945,0.66933835,0
-2.0054886,2.6935592,2.5234642,0.61928421,0.37038922,0.69231415,0
-2.0251918,3.2210593,0.37173182,-0.25412869,0.92883331,-0.2696059,0
3.0720081,-0.39572561,-2.5062139,0.74290359,0.0089741945,-0.66933835,0
4.6906343,-2.802669,-0.84338665,0.25412869,-0.92883331,0.2696059,0
0.35255289,3.0029514,-3.229254,-0.25412869,0.92883331,-0.2696059,0
0.35218355,-1.6984109,-1.5334529,-0.61928421,-0.37038922,-0.69231415,0
-2.8534927,-1.1640674,2.7193036,-0.74290359,-0.0089741945,0.66933835,0
-2.2416542,-0.24339724,3.3987403,-0.74290359,-0.0089741945,0.66933835,0
-4.16573,2.0838022,1.3049128,-0.74290359,-0.0089741945,0.66933835,0
0.22188878,-3.3919938,-0.67445517,-0.61928421,-0.37038922,-0.69231415,0
3.1734495,1.286366,-2.4727678,0.74290359,0.0089741945,-0.66933835,0
1.9194038,-0.86172211,-3.4840703,-0.61928421,-0.37038922,-0.69231415,0
2.7872765,-0.029236913,-0.33951342,0.61928421,0.37038922,0.69231415,0
2.1711695,-2.6807249,1.3674616,0.25412869,-0.92883331,0.2696059,0
-0.3162818,1.8588572,-2.7376373,-0.61928421,-0.37038922,-0.69231415,0
-3.378592,3.3101895,2.1946254,-0.74290359,-0.0089741945,0.66933835,0
3.7457643,-0.40626788,-1.9495206,0.74290359,0.0089741945,-0.66933835,0
2.5978968,3.0773199,-3.1803472,0.74290359,0.0089741945,-0.66933835,0
4.0748577,-3.0831068,-1.4675398,0.25412869,-0.92883331,0.2696059,0
-0.74680114,-3.49717,0.42992723,-0.61928421,-0.37038922,-0.69231415,0
-1.5895543,3.2345705,-0.4914242,-0.25412869,0.92883331,-0.2696059,0
-0.80005538,-3.3218589,0.43365359,-0.61928421,-0.37038922,-0.69231415,0
3.5040684,0.78786671,-2.0491738,0.74290359,0.0089741945,-0.66933835,0
2.4204764,1.6023402,-0.74764645,0.61928421,0.37038922,0.69231415,0
-1.8404365,-1.3549688,3.9229331,-0.74290359,-0.0089741945,0.66933835,0
3.9883413,0.35864878,-1.4954891,0.61928421,0.37038922,0.69231415,0
-3.9592929,3.1801391,1.3776923,-0.25412869,0.92883331,-0.2696059,0
-0.42309618,1.8068823,-2.8383002,-0.61928421,-0.37038922,-0.69231415,0
-1.8560102,-3.4377558,2.9046092,0.25412869,-0.92883331,0.2696059,0
2.4157526,2.4479847,-3.2535388,0.74290359,0.0089741945,-0.66933835,0
2.8907509,-3.5737221,-1.8652152,0.25412869,-0.92883331,0.2696059,0
1.3411114,-3.7418897,-0.97762531,0.25412869,-0.92883331,0.2696059,0
-4.4123812,2.520246,1.0645511,-0.74290359,-0.0089741945,0.66933835,0
-2.8124137,2.1545622,-0.77223402,-0.61928421,-0.37038922,-0.69231415,0
2.5694792,-2.7210383,1.2401849,0.61928421,0.37038922,0.69231415,0
-2.7873681,3.7673719,2.4872229,-0.25412869,0.92883331,-0.2696059,0
-0.53852916,0.52547663,2.2988408,0.61928421,0.37038922,0.69231415,0
4.4496531,-1.8919481,-1.0029199,0.74290359,0.0089741945,-0.66933835,0
-1.2619963,-3.5885744,1.9380646,0.25412869,-0.92883331,0.2696059,0
0.23169708,3.602077,-0.97356427,-0.25412869,0.92883331,-0.2696059,0
1.0230784,-3.1156352,1.623796,0.25412869,-0.92883331,0.2696059,0
3.1280365,1.8876487,-2.6227925,0.74290359,0.0089741945,-0.66933835,0
-3.5988607,3.0746412,0.7403785,-0.25412869,0.92883331,-0.2696059,0
-1.5247054,-2.1329098,4.2581086,-0.74290359,-0.0089741945,0.66933835,0
2.1451116,0.89991236,-0.1736927,0.61928421,0.37038922,0.69231415,0
-2.5943041,-1.3814886,3.0907855,-0.74290359,-0.0089741945,0.66933835,0
3.0893936,2.0373313,-2.4946911,0.74290359,0.0089741945,-0.66933835,0
-1.8152313,-1.3216231,4.0266967,-0.74290359,-0.0089741945,0.66933835,0
0.40341926,-1.0524399,2.3368564,0.61928421,0.37038922,0.69231415,0
-0.27940869,-3.3955333,1.7989324,0.25412869,-0.92883331,0.2696059,0
3.8806329,-1.6291215,-0.45645207,0.61928421,0.37038922,0.69231415,0
1.6051502,3.0337448,-4.0782642,-0.25412869,0.92883331,-0.2696059,0
1.9450698,1.0400772,-0.012037396,0.61928421,0.37038922,0.69231415,0
-4.6733632,2.724304,0.69371933,-0.25412869,0.92883331,-0.2696059,0
-2.1484568,-0.76216692,3.6202347,-0.74290359,-0.0089741945,0.66933835,0
-1.5892637,1.8945324,-1.8414279,-0.61928421,-0.37038922,-0.69231415,0
1.7977406,3.655272,-2.075917,-0.25412869,0.92883331,-0.2696059,0
-3.4625127,0.844145,2.0828333,-0.74290359,-0.0089741945,0.66933835,0
0.76277411,3.6947131,-0.88327742,-0.25412869,0.92883331,-0.2696059,0
1.8908342,3.5741134,-2.2296665,-0.25412869,0.92883331,-0.2696059,0
-2.0373681,-2.2614598,0.86326838,-0.61928421,-0.37038922,-0.69231415,0
-1.8779984,-3.8929939,1.5980747,-0.61928421,-0.37038922,-0.69231415,0
-0.59039712,3.4075005,-0.82894886,-0.25412869,0.92883331,-0.2696059,0
0.15068173,-0.1910665,2.0522001,0.61928421,0.37038922,0.69231415,0
-3.0778692,2.8733263,-0.14832345,-0.25412869,0.92883331,-0.2696059,0
-1.5786273,3.0899186,-0.52479613,-0.25412869,0.92883331,-0.2696059,0
1.576293,1.6994915,-4.1723695,0.74290359,0.0089741945,-0.66933835,0
2.0278356,3.5968637,-1.6160045,0.61928421,0.37038922,0.69231415,0
4.218914,-2.6103127,-1.1898538,0.74290359,0.0089741945,-0.66933835,0
2.1363971,0.92568725,-3.6830106,0.74290359,0.0089741945,-0.66933835,0
-0.71414852,3.4698558,1.0883765,0.61928421,0.37038922,0.69231415,0
1.7991307,-2.9381077,-2.1728082,-0.61928421,-0.37038922,-0.69231415,0
0.11827219,-0.3411079,-2.0052176,-0.61928421,-0.37038922,-0.69231415,0
-0.89529371,3.5878973,0.39501169,-0.25412869,0.92883331,-0.2696059,0
2.9837441,2.5169311,-2.573494,0.74290359,0.0089741945,-0.66933835,0
-1.7740928,3.5190437,0.97360134,-0.25412869,0.92883331,-0.2696059,0
-1.3150228,-1.1698606,-0.32613045,-0.61928421,-0.37038922,-0.69231415,0
-2.3677034,2.9787302,-0.51272786,-0.25412869,0.92883331,-0.2696059,0
-0.5164957,2.8050323,-2.651577,-0.25412869,0.92883331,-0.2696059,0
1.9110076,-0.66787553,-3.5446055,-0.61928421,-0.37038922,-0.69231415,0
-0.15002728,3.2187233,-1.7413344,-0.25412869,0.92883331,-0.2696059,0
3.9285581,-2.5944045,-1.7391622,0.74290359,0.0089741945,-0.66933835,0
1.7395811,-2.2875874,1.8045174,0.61928421,0.37038922,0.69231415,0
-0.3372913,0.34731025,2.2158668,0.61928421,0.37038922,0.69231415,0
1.5863633,-0.65974545,-3.2007127,-0.61928421,-0.37038922,-0.69231415,0
-2.0893769,-3.344712,3.2875957,0.25412869,-0.92883331,0.2696059,0
0.87320316,1.8190798,-3.785152,-0.61928421,-0.37038922,-0.69231415,0
-3.1916742,3.4417915,2.3894861,-0.74290359,-0.0089741945,0.66933835,0
-1.8514212,-2.6574974,4.0331392,-0.74290359,-0.0089741945,0.66933835,0
1.3630435,-1.4098094,1.6113175,0.61928421,0.37038922,0.69231415,0
-1.6205964,2.7594624,-1.5769498,-0.25412869,0.92883331,-0.2696059,0
-2.4251351,-1.5648341,3.2702646,-0.74290359,-0.0089741945,0.66933835,0
1.0237432,-3.1438017,1.5156446,0.25412869,-0.92883331,0.2696059,0
0.65360093,3.0983891,-2.6512284,-0.25412869,0.92883331,-0.2696059,0
1.6255593,-2.9756374,1.1093183,0.25412869,-0.92883331,0.2696059,0
-2.8615518,1.7627187,2.7429662,-0.74290359,-0.0089741945,0.66933835,0
-3.8243377,-0.41368532,1.5427077,-0.61928421,-0.37038922,-0.69231415,0
3.2619801,-2.5302334,-2.3774099,0.74290359,0.0089741945,-0.66933835,0
-0.90295696,-2.7562268,4.3775773,0.25412869,-0.92883331,0.2696059,0
4.1888967,-3.0615969,-1.4102478,0.25412869,-0.92883331,0.2696059,0
-1.0737083,3.4288855,-0.49511963,-0.25412869,0.92883331,-0.2696059,0
-0.45675969,2.7838802,-3.141381,-0.25412869,0.92883331,-0.2696059,0
3.8094494,0.057285309,-1.6828468,0.74290359,0.0089741945,-0.66933835,0
-1.773098,-3.0029669,3.9694717,-0.74290359,-0.0089741945,0.66933835,0
3.1763184,-3.0534029,-0.2253103,0.25412869,-0.92883331,0.2696059,0
-0.82807404,-0.4366653,3.1954422,0.61928421,0.37038922,0.69231415,0
1.6747494,-2.8216047,1.9343598,0.25412869,-0.92883331,0.2696059,0
2.1945691,-3.7643065,-1.8652527,0.25412869,-0.92883331,0.2696059,0
0.14434695,-2.0825546,3.1695528,0.61928421,0.37038922,0.69231415,0
1.8629758,3.1805112,-3.5215597,-0.25412869,0.92883331,-0.2696059,0
3.6713529,0.078726292,-1.2212114,0.61928421,0.37038922,0.69231415,0
-1.4806323,3.545562,0.94206107,-0.25412869,0.92883331,-0.2696059,0
3.9832304,0.3059063,-1.634183,0.74290359,0.0089741945,-0.66933835,0
3.5738285,-1.0481112,-0.35005224,0.61928421,0.37038922,0.69231415,0
2.9611309,-3.1560812,-0.69405103,0.25412869,-0.92883331,0.2696059,0
2.3506362,-0.67420793,-3.4049921,0.74290359,0.0089741945,-0.66933835,0
3.1634469,-2.0215933,0.51338822,0.61928421,0.37038922,0.69231415,0
0.86414981,1.8465266,0.53111017,0.61928421,0.37038922,0.69231415,0
-1.2726481,3.0332139,-1.2166146,-0.25412869,0.92883331,-0.2696059,0
-3.0800178,-3.4743772,2.4259803,-0.61928421,-0.37038922,-0.69231415,0
-2.1155581,-3.4469199,2.8731756,0.25412869,-0.92883331,0.2696059,0
0.91913927,3.6748729,-0.93750858,-0.25412869,0.92883331,-0.2696059,0
-0.49769616,3.4758098,-0.75208652,-0.25412869,0.92883331,-0.2696059,0
-0.69270444,-3.3540759,2.0617223,0.25412869,-0.92883331,0.2696059,0
2.3561826,-0.064640939,-3.3305991,0.74290359,0.0089741945,-0.66933835,0
-2.9807854,3.366704,2.6170261,-0.74290359,-0.0089741945,0.66933835,0
3.8001127,-2.7418594,-0.39679623,0.25412869,-0.92883331,0.2696059,0
3.3118894,-3.3144398,-1.4266859,0.25412869,-0.92883331,0.2696059,0
-0.33611012,3.2816947,-1.1066163,-0.25412869,0.92883331,-0.2696059,0
-1.1480069,-2.5800869,4.6857996,0.61928421,0.37038922,0.69231415,0
1.5841706,1.4113618,-4.2689457,0.74290359,0.0089741945,-0.66933835,0
-4.450562,1.9372761,1.1482304,-0.74290359,-0.0089741945,0.66933835,0
2.2208879,1.4270388,-0.71657157,0.61928421,0.37038922,0.69231415,0
-1.4282172,1.9629203,-1.8026602,-0.61928421,-0.37038922,-0.69231415,0
2.2498372,3.0021696,-3.4573176,0.74290359,0.0089741945,-0.66933835,0
-2.2043369,2.8966656,-0.91227734,-0.25412869,0.92883331,-0.2696059,0
3.3816276,-2.075599,0.39087707,0.61928421,0.37038922,0.69231415,0
-2.5848799,0.1482814,3.1954861,-0.74290359,-0.0089741945,0.66933835,0
-1.9695747,-0.49874711,3.9011812,-0.74290359,-0.0089741945,0.66933835,0
-2.1857791,2.5274181,2.8359187,0.61928421,0.37038922,0.69231415,0
2.3667653,1.7442672,-3.3698094,0.74290359,0.0089741945,-0.66933835,0
0.61523873,-0.75401461,-2.338074,-0.61928421,-0.37038922,-0.69231415,0
-2.9967334,2.7464123,-0.41149384,-0.25412869,0.92883331,-0.2696059,0
1.6009113,-1.2066929,1.2391047,0.61928421,0.37038922,0.69231415,0
2.5847082,-1.5358528,0.58466798,0.61928421,0.37038922,0.69231415,0
3.4546947,-3.2699203,-2.3286374,0.74290359,0.0089741945,-0.66933835,0
-0.46629453,-3.413497,0.12845039,-0.61928421,-0.37038922,-0.69231415,0
2.4389606,3.6140788,-2.7078638,-0.25412869,0.92883331,-0.2696059,0
-1.1723714,-3.470515,2.4597657,0.25412869,-0.92883331,0.2696059,0
-0.071350336,-3.2707884,1.6984695,0.25412869,-0.92883331,0.2696059,0
3.7203074,-0.034444094,-1.9298594,0.74290359,0.0089741945,-0.66933835,0
2.1286829,-3.6211503,-1.6593719,0.25412869,-0.92883331,0.2696059,0
-2.3058767,-1.260324,3.3534148,-0.74290359,-0.0089741945,0.66933835,0
-1.4788039,3.7223296,0.98278093,-0.25412869,0.92883331,-0.2696059,0
2.8281662,-2.8463192,-2.7260838,0.74290359,0.0089741945,-0.66933835,0
-2.4847445,-1.2387074,3.1139164,-0.74290359,-0.0089741945,0.66933835,0
-0.25598526,2.8548493,-2.7988086,-0.25412869,0.92883331,-0.2696059,0
-2.2984996,-1.7035178,0.94242954,-0.61928421,-0.37038922,-0.69231415,0
-4.1713362,0.56649935,1.4585037,-0.74290359,-0.0089741945,0.66933835,0
-2.694953,0.2350896,3.1323252,-0.74290359,-0.0089741945,0.66933835,0
-1.8230666,-0.90951216,0.041908622,-0.61928421,-0.37038922,-0.69231415,0
0.14270127,0.87964332,-2.6367688,-0.61928421,-0.37038922,-0.69231415,0
2.6845255,0.32744646,-3.027185,0.74290359,0.0089741945,-0.66933835,0
-3.4009233,3.2863421,2.1611986,-0.74290359,-0.0089741945,0.66933835,0
-1.1446266,-3.8073792,1.1122785,0.25412869,-0.92883331,0.2696059,0
-0.83508825,2.7699735,-2.7306676,-0.25412869,0.92883331,-0.2696059,0
-3.3549643,1.0966537,2.241235,-0.74290359,-0.0089741945,0.66933835,0
-1.1136134,0.63763797,2.7918341,0.61928421,0.37038922,0.69231415,0
-3.0712233,-0.22572303,2.6092765,-0.74290359,-0.0089741945,0.66933835,0
-2.0412135,-1.7271616,0.55233359,-0.61928421,-0.37038922,-0.69231415,0
-1.7771831,-3.6268544,1.8077784,0.25412869,-0.92883331,0.2696059,0
-1.6098003,-3.0223494,4.0158005,-0.74290359,-0.0089741945,0.66933835,0
0.1502924,2.3421292,0.65181345,0.61928421,0.37038922,0.69231415,0
0.96201277,-3.5386157,0.062480748,0.25412869,-0.92883331,0.2696059,0
-0.73056555,1.1078817,2.1667266,0.61928421,0.37038922,0.69231415,0
-2.5824146,-3.2979887,3.1399155,-0.74290359,-0.0089741945,0.66933835,0
-3.0449908,2.321475,2.6246035,-0.74290359,-0.0089741945,0.66933835,0
-1.873494,-2.4518371,3.9406652,-0.74290359,-0.0089741945,0.66933835,0
1.5815868,1.8720026,-4.2558937,0.74290359,0.0089741945,-0.66933835,0
-0.71632791,2.012002,1.6994708,0.61928421,0.37038922,0.69231415,0
3.335731,1.9038112,-2.1144965,0.74290359,0.0089741945,-0.66933835,0
2.5729945,2.8288975,-1.5067005,0.61928421,0.37038922,0.69231415,0
-2.4202437,3.5901828,1.8127416,-0.25412869,0.92883331,-0.2696059,0
-2.6700094,3.3583465,1.106733,-0.25412869,0.92883331,-0.2696059,0
-2.3525305,-3.5381122,3.0243764,0.25412869,-0.92883331,0.2696059,0
0.13414598,-0.28959021,2.24385,0.61928421,0.37038922,0.69231415,0
3.4929886,1.0347258,-1.9793124,0.74290359,0.0089741945,-0.66933835,0
-1.7259147,-2.4464519,3.8841162,-0.74290359,-0.0089741945,0.66933835,0
-0.61828518,3.321666,0.96128321,0.61928421,0.37038922,0.69231415,0
2.0417886,1.4577338,-0.32857573,0.61928421,0.37038922,0.69231415,0
-2.529388,0.85507506,3.1597474,-0.74290359,-0.0089741945,0.66933835,0
-1.433713,-3.3590336,2.5446725,0.25412869,-0.92883331,0.2696059,0
3.2602429,0.65578854,-2.412662,0.74290359,0.0089741945,-0.66933835,0
2.5116713,-1.9787463,1.0674151,0.61928421,0.37038922,0.69231415,0
0.27129894,-0.16378102,-2.4579065,-0.61928421,-0.37038922,-0.69231415,0
-1.9155383,-3.2230344,3.8013215,-0.74290359,-0.0089741945,0.66933835,0
-2.0596099,3.8318453,1.7927481,-0.25412869,0.92883331,-0.2696059,0
1.7937366,1.2489259,-3.8224573,0.74290359,0.0089741945,-0.66933835,0
4.2560744,-1.8197203,-1.2191936,0.74290359,0.0089741945,-0.66933835,0
1.9439552,-2.5450602,-2.5133212,-0.61928421,-0.37038922,-0.69231415,0
3.017499,0.33562851,-0.77618873,0.61928421,0.37038922,0.69231415,0
-0.85463059,0.96339154,2.399168,0.61928421,0.37038922,0.69231415,0
-3.9854207,1.6045322,1.5023485,-0.74290359,-0.0089741945,0.66933835,0
1.116605,3.2112563,-3.2654238,-0.25412869,0.92883331,-0.2696059,0
0.42065763,3.1384089,-2.2573397,-0.25412869,0.92883331,-0.2696059,0
2.0723267,2.3518026,-3.5867958,0.74290359,0.0089741945,-0.66933835,0
3.3580289,-3.1081629,-0.69427276,0.25412869,-0.92883331,0.2696059,0
0.12589288,-2.7729359,3.4576809,0.61928421,0.37038922,0.69231415,0
-2.7974739,3.2024381,0.55209625,-0.25412869,0.92883331,-0.2696059,0
-2.9234848,1.2916996,2.7202606,-0.74290359,-0.0089741945,0.66933835,0
0.29994202,-3.4105828,0.79915166,0.25412869,-0.92883331,0.2696059,0
2.1701066,-3.1425343,-0.17031594,0.25412869,-0.92883331,0.2696059,0
1.7138748,-3.7220423,-1.472038,0.25412869,-0.92883331,0.2696059,0
-1.9769452,2.7209027,2.4715955,0.61928421,0.37038922,0.69231415,0
-2.8901103,1.9659443,2.6550674,-0.74290359,-0.0089741945,0.66933835,0
-3.9548948,2.1675451,1.7325307,-0.74290359,-0.0089741945,0.66933835,0
2.6680126,0.45687068,-2.9413443,0.74290359,0.0089741945,-0.66933835,0
-2.8820748,3.0437074,-0.11666966,-0.25412869,0.92883331,-0.2696059,0
-2.8216882,3.3797266,1.233039,-0.25412869,0.92883331,-0.2696059,0
0.10423699,1.6132945,1.0680745,0.61928421,0.37038922,0.69231415,0
-4.2650805,1.9891994,0.64658368,-0.61928421,-0.37038922,-0.69231415,0
2.6905196,3.5820136,-2.9885335,0.74290359,0.0089741945,-0.66933835,0
-1.4781003,3.1118252,-0.66684282,-0.25412869,0.92883331,-0.2696059,0
-2.58249,3.7531304,2.2680891,-0.25412869,0.92883331,-0.2696059,0
-3.3742976,2.3574858,2.2970359,-0.74290359,-0.0089741945,0.66933835,0
-0.61008596,-3.3271732,1.7413512,0.25412869,-0.92883331,0.2696059,0
0.87243414,2.4032793,0.10678947,0.61928421,0.37038922,0.69231415,0
-3.058995,-0.30090356,2.7085843,-0.74290359,-0.0089741945,0.66933835,0
-0.96717191,-1.3940115,3.6739101,0.61928421,0.37038922,0.69231415,0
2.014689,-2.8672228,1.0209581,0.25412869,-0.92883331,0.2696059,0
0.0039451122,2.7701499,0.58782625,0.61928421,0.37038922,0.69231415,0
3.3384826,-3.0992603,-0.88987243,0.25412869,-0.92883331,0.2696059,0
-3.8344088,0.58383238,1.7268147,-0.74290359,-0.0089741945,0.66933835,0
1.025704,-3.2329209,-1.4216355,-0.61928421,-0.37038922,-0.69231415,0
3.0817084,-2.1212218,0.44782215,0.61928421,0.37038922,0.69231415,0
-3.8515415,3.0711637,1.7925124,-0.74290359,-0.0089741945,0.66933835,0
-3.2522933,-0.9762013,2.2150228,-0.74290359,-0.0089741945,0.66933835,0
2.7434525,-0.32611859,-2.8326735,0.74290359,0.0089741945,-0.66933835,0
-2.5870342,2.9974158,-0.023401616,-0.25412869,0.92883331,-0.2696059,0
3.2870021,2.5524178,-2.4158385,0.74290359,0.0089741945,-0.66933835,0
0.841434,3.0391619,-3.4686961,-0.25412869,0.92883331,-0.2696059,0
-3.360332,0.21098626,2.2130785,-0.74290359,-0.0089741945,0.66933835,0
-1.6757475,-3.4296851,2.8261898,0.25412869,-0.92883331,0.2696059,0
-2.0242152,-1.9082136,3.8133922,-0.74290359,-0.0089741945,0.66933835,0
-3.3626046,-2.3608093,2.2711527,-0.74290359,-0.0089741945,0.66933835,0
-4.4654446,2.4945195,0.43736261,-0.61928421,-0.37038922,-0.69231415,0
-2.8476992,1.9118588,2.8109393,-0.74290359,-0.0089741945,0.66933835,0
-2.0681221,-0.95955682,3.5651937,-0.74290359,-0.0089741945,0.66933835,0
4.3776331,-1.0299619,-1.1048455,0.74290359,0.0089741945,-0.66933835,0
2.1040282,2.0641551,-3.5783272,0.74290359,0.0089741945,-0.66933835,0
0.10120302,0.39422017,1.9766856,0.61928421,0.37038922,0.69231415,0
1.7041982,3.7835135,-1.5433609,-0.25412869,0.92883331,-0.2696059,0
-0.46446347,2.9091477,-2.3701375,-0.25412869,0.92883331,-0.2696059,0
0.76821661,3.7171359,-0.63814247,-0.25412869,0.92883331,-0.2696059,0
-1.0707681,0.062936544,-1.3582759,-0.61928421,-0.37038922,-0.69231415,0
2.0945601,-3.1267943,-0.077642828,0.25412869,-0.92883331,0.2696059,0
2.9405711,-3.1248169,-0.75287902,0.25412869,-0.92883331,0.2696059,0
-3.2925873,2.7452273,-0.62357414,-0.25412869,0.92883331,-0.2696059,0
-2.6824169,-0.32580495,2.9436898,-0.74290359,-0.0089741945,0.66933835,0
0.19323564,-2.766608,2.9208353,0.25412869,-0.92883331,0.2696059,0
1.2669311,3.1400428,-0.73613191,0.61928421,0.37038922,0.69231415,0
-1.2448591,-3.5825672,1.7995657,0.25412869,-0.92883331,0.2696059,0
-1.4815344,-3.5011406,2.5285592,0.25412869,-0.92883331,0.2696059,0
2.9697609,-3.2058752,-1.2232847,0.25412869,-0.92883331,0.2696059,0
-0.87022257,1.3998485,-2.2118473,-0.61928421,-0.37038922,-0.69231415,0
0.054944515,2.8040507,-3.5880237,-0.25412869,0.92883331,-0.2696059,0
3.2487936,0.33024466,-2.4983168,0.74290359,0.0089741945,-0.66933835,0
1.8925356,3.0705905,-3.6954994,0.74290359,0.0089741945,-0.66933835,0
-3.6449585,1.6540785,1.8170936,-0.74290359,-0.0089741945,0.66933835,0
-3.2771673,-0.77147615,2.3276391,-0.74290359,-0.0089741945,0.66933835,0
0.6893,0.36610681,1.421828,0.61928421,0.37038922,0.69231415,0
0.19430542,2.799598,-3.3302746,-0.25412869,0.92883331,-0.2696059,0
2.2484121,-3.4247062,-1.1515647,0.25412869,-0.92883331,0.2696059,0
2.7909904,-3.184514,-0.57304722,0.25412869,-0.92883331,0.2696059,0
1.5453081,2.9044685,-4.1608315,-0.25412869,0.92883331,-0.2696059,0
1.8386849,1.0549763,-3.802403,0.74290359,0.0089741945,-0.66933835,0
1.4180861,1.4729021,-4.0947762,-0.61928421,-0.37038922,-0.69231415,0
-1.104609,3.6162581,0.29967147,-0.25412869,0.92883331,-0.2696059,0
-0.66190195,1.8309321,-2.495338,-0.61928421,-0.37038922,-0.69231415,0
-2.9852483,1.290836,2.6409092,-0.74290359,-0.0089741945,0.66933835,0
0.16027176,0.24566185,1.8787384,0.61928421,0.37038922,0.69231415,0
-3.0218322,3.0714848,2.7550058,-0.74290359,-0.0089741945,0.66933835,0
-0.48292446,3.7223377,0.28195792,-0.25412869,0.92883331,-0.2696059,0
-2.1412439,3.0594721,-0.34467363,-0.25412869,0.92883331,-0.2696059,0
-2.6135225,-0.14798415,3.1823869,-0.74290359,-0.0089741945,0.66933835,0
1.9678614,-2.9527326,1.1445673,0.25412869,-0.92883331,0.2696059,0
-2.8033066,3.7493846,2.4240987,-0.25412869,0.92883331,-0.2696059,0
-3.1549559,0.38169158,0.54677749,-0.61928421,-0.37038922,-0.69231415,0
2.0106928,2.4829443,-3.8462057,0.74290359,0.0089741945,-0.66933835,0
0.8376987,-1.2613467,2.0967553,0.61928421,0.37038922,0.69231415,0
-0.35216117,-3.0703144,2.5096264,0.25412869,-0.92883331,0.2696059,0
-3.1825488,-2.4765587,2.4451296,-0.74290359,-0.0089741945,0.66933835,0
-2.4038482,-3.6135464,2.9547474,0.25412869,-0.92883331,0.2696059,0
-3.006217,3.3020668,2.7056768,-0.74290359,-0.0089741945,0.66933835,0
1.9907966,1.9477059,-3.6339617,0.74290359,0.0089741945,-0.66933835,0
-2.4316666,-2.5156198,3.3574355,-0.74290359,-0.0089741945,0.66933835,0
-1.0880564,-3.7325559,1.263595,0.25412869,-0.92883331,0.2696059,0
0.95781612,2.8169296,-4.3740854,-0.25412869,0.92883331,-0.2696059,0
-2.1587422,-3.4554276,3.4227242,0.25412869,-0.92883331,0.2696059,0
3.4132543,0.53732538,-1.2775242,0.61928421,0.37038922,0.69231415,0
2.5456903,-1.9448243,-3.2875941,0.74290359,0.0089741945,-0.66933835,0
-3.2301288,-1.0629761,2.3454304,-0.74290359,-0.0089741945,0.66933835,0
1.5413043,-3.2079983,0.56048197,0.25412869,-0.92883331,0.2696059,0
-0.6925019,-2.5434012,-0.1211431,-0.61928421,-0.37038922,-0.69231415,0
0.36642605,2.3543916,0.44935527,0.61928421,0.37038922,0.69231415,0
3.2289815,-1.6678395,-2.4293027,0.74290359,0.0089741945,-0.66933835,0
3.0357275,-3.471895,-2.7072406,0.74290359,0.0089741945,-0.66933835,0
-1.426327,1.6414193,2.6897886,0.61928421,0.37038922,0.69231415,0
2.8821163,0.25241196,-2.8759794,0.74290359,0.0089741945,-0.66933835,0
-0.37626076,0.36026263,-1.9145228,-0.61928421,-0.37038922,-0.69231415,0
3.0280492,0.29956639,-0.76557207,0.61928421,0.37038922,0.69231415,0
0.99313974,2.8329344,-4.0343704,-0.25412869,0.92883331,-0.2696059,0
1.968652,3.5327868,-2.4153557,-0.25412869,0.92883331,-0.2696059,0
-0.49273556,-2.4481754,-0.43762374,-0.61928421,-0.37038922,-0.69231415,0
-3.8046422,2.7469881,0.015368581,-0.25412869,0.92883331,-0.2696059,0
-4.3407645,2.9586291,1.2134442,-0.74290359,-0.0089741945,0.66933835,0
-2.2093508,-1.5785744,3.6371894,-0.74290359,-0.0089741945,0.66933835,0
-0.54835093,1.0424917,2.0331414,0.61928421,0.37038922,0.69231415,0
1.2611383,-2.0713081,-2.1495705,-0.61928421,-0.37038922,-0.69231415,0
-0.071466208,-3.1816339,2.4372191,0.25412869,-0.92883331,0.2696059,0
4.7533913,-2.5521855,-0.85203004,0.74290359,0.0089741945,-0.66933835,0
-3.0097628,3.1094069,2.6267891,-0.74290359,-0.0089741945,0.66933835,0
3.0113132,2.1178544,-2.7446592,0.74290359,0.0089741945,-0.66933835,0
3.3216331,0.71015859,-2.3110523,0.74290359,0.0089741945,-0.66933835,0
1.1244113,2.8801546,-3.8703694,-0.25412869,0.92883331,-0.2696059,0
-2.8412552,-2.8900037,2.6752412,-0.74290359,-0.0089741945,0.66933835,0
0.47281265,0.37317351,-2.7712073,-0.61928421,-0.37038922,-0.69231415,0
0.17050791,-0.93096042,2.5405517,0.61928421,0.37038922,0.69231415,0
3.5247662,-2.6797938,-2.096827,0.74290359,0.0089741945,-0.66933835,0
-0.48199868,-3.154784,2.2404623,0.25412869,-0.92883331,0.2696059,0
-3.2817624,1.8449709,-0.12170714,-0.61928421,-0.37038922,-0.69231415,0
-1.7495408,-3.1910079,3.8287959,0.25412869,-0.92883331,0.2696059,0
0.14631772,3.0004196,-2.4731951,-0.25412869,0.92883331,-0.2696059,0
-1.5670882,3.7806244,1.3855951,-0.25412869,0.92883331,-0.2696059,0
3.4849665,0.068639278,-2.2330494,0.74290359,0.0089741945,-0.66933835,0
3.2511349,-1.5705166,0.020935595,0.61928421,0.37038922,0.69231415,0
3.8812156,-1.5412035,-1.8330833,0.74290359,0.0089741945,-0.66933835,0
0.31565058,-2.2187984,-1.2124147,-0.61928421,-0.37038922,-0.69231415,0
3.1549835,-0.3933481,-2.6234782,0.74290359,0.0089741945,-0.66933835,0
1.0184751,-2.9705467,1.5593755,0.25412869,-0.92883331,0.2696059,0
-1.3649008,-2.9795196,3.9912996,0.25412869,-0.92883331,0.2696059,0
4.5297213,-1.8353815,-0.97648239,0.74290359,0.0089741945,-0.66933835,0
-0.0053758621,1.6391723,-2.9374633,-0.61928421,-0.37038922,-0.69231415,0
-0.93483448,3.1413219,-1.2128971,-0.25412869,0.92883331,-0.2696059,0
0.96230865,3.0044253,-3.794173,-0.25412869,0.92883331,-0.2696059,0
1.7692565,3.479538,-2.8373079,-0.25412869,0.92883331,-0.2696059,0
-3.4340758,-1.7008295,1.9288964,-0.61928421,-0.37038922,-0.69231415,0
-2.1510096,-3.6130824,2.3124275,0.25412869,-0.92883331,0.2696059,0
1.8284724,3.6492858,-2.0865436,-0.25412869,0.92883331,-0.2696059,0
2.6845889,3.6065726,-2.2507486,0.61928421,0.37038922,0.69231415,0
3.2247202,-3.2119071,-1.1225092,0.25412869,-0.92883331,0.2696059,0
-2.2083101,2.3230844,2.9440594,0.61928421,0.37038922,0.69231415,0
-3.5089269,3.3776703,1.7336017,-0.25412869,0.92883331,-0.2696059,0
1.0971396,-2.8315599,1.8784127,0.25412869,-0.92883331,0.2696059,0
1.8232783,0.59259158,-4.0246639,0.74290359,0.0089741945,-0.66933835,0
-2.1433482,-1.4129224,3.5725689,-0.74290359,-0.0089741945,0.66933835,0
0.35560608,-1.7600023,2.7673318,0.61928421,0.37038922,0.69231415,0
4.204392,-0.90204298,-1.2688711,0.74290359,0.0089741945,-0.66933835,0
1.5890303,-1.7289786,1.7927016,0.61928421,0.37038922,0.69231415,0
1.6468142,3.6378884,-1.7627459,-0.25412869,0.92883331,-0.2696059,0
-3.6655886,1.0044911,1.9315935,-0.74290359,-0.0089741945,0.66933835,0
-2.882875,-1.4904701,2.8464828,-0.74290359,-0.0089741945,0.66933835,0
2.2393553,2.9944208,-3.4692919,0.74290359,0.0089741945,-0.66933835,0
1.0906932,-2.9797986,-1.4947268,-0.61928421,-0.37038922,-0.69231415,0
-3.9078798,-0.37174344,1.7592083,-0.74290359,-0.0089741945,0.66933835,0
0.50065827,3.107826,-2.8712206,-0.25412869,0.92883331,-0.2696059,0
3.2829063,1.1221741,-2.398191,0.74290359,0.0089741945,-0.66933835,0
-3.0705581,-1.3578515,2.6714072,-0.74290359,-0.0089741945,0.66933835,0
4.1162057,-1.9785792,-1.4426097,0.74290359,0.0089741945,-0.66933835,0
-1.5896156,-3.216701,3.4499068,0.25412869,-0.92883331,0.2696059,0
2.4796901,2.4291177,-3.1258771,0.74290359,0.0089741945,-0.66933835,0
1.1916447,3.0975287,-3.3844862,-0.25412869,0.92883331,-0.2696059,0
-3.4168327,-1.3086187,2.0312395,-0.74290359,-0.0089741945,0.66933835,0
-3.8023384,1.1645179,0.61672652,-0.61928421,-0.37038922,-0.69231415,0
-1.8507283,-3.7422361,1.6059005,0.25412869,-0.92883331,0.2696059,0
1.0764635,2.9263291,-4.265255,-0.25412869,0.92883331,-0.2696059,0
-2.8601077,3.2269325,1.091261,-0.25412869,0.92883331,-0.2696059,0
2.3763344,3.7549815,-2.3425179,-0.25412869,0.92883331,-0.2696059,0
0.044224501,3.7445214,0.2079668,0.61928421,0.37038922,0.69231415,0
-4.6742725,2.4793522,0.86584198,-0.74290359,-0.0089741945,0.66933835,0
3.7051132,-0.74354088,-1.8680593,0.74290359,0.0089741945,-0.66933835,0
2.1473043,-0.070535958,-3.6679223,0.74290359,0.0089741945,-0.66933835,0
1.0062718,-1.1217684,-2.6064644,-0.61928421,-0.37038922,-0.69231415,0
0.72498488,3.3696632,-2.3991051,-0.25412869,0.92883331,-0.2696059,0
1.6395919,3.3249035,-3.3431344,-0.25412869,0.92883331,-0.2696059,0
-4.3982983,1.8481128,0.76377797,-0.61928421,-0.37038922,-0.69231415,0
1.1380217,3.1430583,-3.4975803,-0.25412869,0.92883331,-0.2696059,0
-2.7049859,3.004055,2.8648901,-0.74290359,-0.0089741945,0.66933835,0
-0.12645555,3.7519717,-0.27327919,-0.25412869,0.92883331,-0.2696059,0
-0.19718671,-2.4383292,3.5313447,0.61928421,0.37038922,0.69231415,0
-0.014729023,-1.9402902,3.1877215,0.61928421,0.37038922,0.69231415,0
-3.090173,0.50802618,2.5483379,-0.74290359,-0.0089741945,0.66933835,0
-0.75583327,-3.4832797,0.38182878,-0.61928421,-0.37038922,-0.69231415,0
-1.1087382,-3.3755474,2.0565438,0.25412869,-0.92883331,0.2696059,0
-2.8469484,0.41983712,2.8879318,-0.74290359,-0.0089741945,0.66933835,0
-0.62463284,-3.7833428,0.64094663,0.25412869,-0.92883331,0.2696059,0
-0.47470966,-0.77516878,-1.2652704,-0.61928421,-0.37038922,-0.69231415,0
-2.5059865,1.9079392,3.2105162,-0.74290359,-0.0089741945,0.66933835,0
3.3495791,1.1891246,-2.3358474,0.74290359,0.0089741945,-0.66933835,0
0.58519363,-2.9269335,2.3016672,0.25412869,-0.92883331,0.2696059,0
3.2982469,-2.7985198,-2.2703302,0.74290359,0.0089741945,-0.66933835,0
0.075646758,0.17156693,-2.2462182,-0.61928421,-0.37038922,-0.69231415,0
2.2392905,-3.0459893,0.092406467,0.25412869,-0.92883331,0.2696059,0
-3.0328217,0.22578633,2.7478209,-0.74290359,-0.0089741945,0.66933835,0
-2.5832107,0.73667765,3.2101283,-0.74290359,-0.0089741945,0.66933835,0
-0.99690199,3.5006905,1.2734022,0.61928421,0.37038922,0.69231415,0
3.4166026,-0.29636216,-2.2125726,0.74290359,0.0089741945,-0.66933835,0
4.3438396,-2.715055,-0.67217696,0.25412869,-0.92883331,0.2696059,0
-1.2910533,3.2857797,-0.15257347,-0.25412869,0.92883331,-0.2696059,0
0.075436831,-3.1522875,2.1388333,0.25412869,-0.92883331,0.2696059,0
-1.8995085,0.78497314,-1.0072818,-0.61928421,-0.37038922,-0.69231415,0
-3.4863153,-1.4569135,1.7391626,-0.61928421,-0.37038922,-0.69231415,0
-0.18335414,-3.3158393,1.7130687,0.25412869,-0.92883331,0.2696059,0
1.0549713,3.7277474,-0.64988804,0.61928421,0.37038922,0.69231415,0
-3.256959,3.5717959,2.1227255,-0.25412869,0.92883331,-0.2696059,0
2.2207847,3.697552,-2.4979553,-0.25412869,0.92883331,-0.2696059,0
-3.1912839,0.67785406,0.26934278,-0.61928421,-0.37038922,-0.69231415,0
-0.43886328,-2.9505668,2.8796911,0.25412869,-0.92883331,0.2696059,0
1.6019711,-1.4899259,1.4003279,0.61928421,0.37038922,0.69231415,0
1.1187146,-0.56722277,-2.8221703,-0.61928421,-0.37038922,-0.69231415,0
2.4389012,1.0045017,-3.3185043,0.74290359,0.0089741945,-0.66933835,0
-3.1816678,1.459753,2.5826278,-0.74290359,-0.0089741945,0.66933835,0
-2.0847561,0.66893345,-0.70665276,-0.61928421,-0.37038922,-0.69231415,0
2.4198551,2.9659479,-3.1905596,0.74290359,0.0089741945,-0.66933835,0
0.96085358,3.2901754,-2.2514043,-0.25412869,0.92883331,-0.2696059,0
0.48848891,2.9466999,-3.0647986,-0.25412869,0.92883331,-0.2696059,0
0.68122482,2.4627736,-4.1421752,-0.61928421,-0.37038922,-0.69231415,0
0.8334769,3.8423431,-0.74860406,-0.25412869,0.92883331,-0.2696059,0
3.0596156,1.6460501,-2.4312472,0.74290359,0.0089741945,-0.66933835,0
2.8240643,0.74332082,-2.8077753,0.74290359,0.0089741945,-0.66933835,0
-1.8788577,-1.3067782,3.8402557,-0.74290359,-0.0089741945,0.66933835,0
-0.21487331,3.3993747,-1.0371461,-0.25412869,0.92883331,-0.2696059,0
0.28752637,-2.9192305,2.9751153,0.25412869,-0.92883331,0.2696059,0
2.3417587,2.2783635,-3.4694753,0.74290359,0.0089741945,-0.66933835,0
-3.473063,1.6660787,2.2271886,-0.74290359,-0.0089741945,0.66933835,0
-3.2086108,1.5064061,2.3101478,-0.74290359,-0.0089741945,0.66933835,0
-2.6972227,1.2262625,2.8675194,-0.74290359,-0.0089741945,0.66933835,0
-1.8853608,-3.3179448,3.3769057,0.25412869,-0.92883331,0.2696059,0
1.6900315,3.6194701,-1.3027945,0.61928421,0.37038922,0.69231415,0
0.75944686,3.4929721,-1.4980357,-0.25412869,0.92883331,-0.2696059,0
1.9291692,3.1530755,-3.8419619,0.74290359,0.0089741945,-0.66933835,0
-1.3831666,-3.493113,0.79808199,-0.61928421,-0.37038922,-0.69231415,0
2.2134013,3.583992,-2.4419143,-0.25412869,0.92883331,-0.2696059,0
-0.13103342,3.0538087,0.58527303,0.61928421,0.37038922,0.69231415,0
-2.1340642,-0.72668111,0.056565404,-0.61928421,-0.37038922,-0.69231415,0
-2.8804088,-1.7535895,2.7834744,-0.74290359,-0.0089741945,0.66933835,0
3.7273412,-2.4044945,-1.8598294,0.74290359,0.0089741945,-0.66933835,0
1.8384814,-3.1535184,0.65454119,0.25412869,-0.92883331,0.2696059,0
3.7873805,0.55563354,-1.8591506,0.74290359,0.0089741945,-0.66933835,0
-1.2766017,3.7450635,1.1949522,-0.25412869,0.92883331,-0.2696059,0
-0.58517021,1.9204837,1.6459051,0.61928421,0.37038922,0.69231415,0
0.65635133,-3.2935092,-1.1070223,-0.61928421,-0.37038922,-0.69231415,0
4.1379509,-2.0984519,-1.4854609,0.74290359,0.0089741945,-0.66933835,0
-1.2384619,-3.8160958,1.329659,0.25412869,-0.92883331,0.2696059,0
2.2753971,-2.8444433,1.2819018,0.25412869,-0.92883331,0.2696059,0
0.40505004,3.1734099,-2.4565859,-0.25412869,0.92883331,-0.2696059,0
0.020218372,-3.3110657,1.4027491,0.25412869,-0.92883331,0.2696059,0
0.5862639,0.037375391,1.7197336,0.61928421,0.37038922,0.69231415,0
3.5549839,-2.3313179,-2.0693026,0.74290359,0.0089741945,-0.66933835,0
2.3679609,-2.3380311,1.3763562,0.61928421,0.37038922,0.69231415,0
2.5310159,-0.4216997,-3.0514936,0.74290359,0.0089741945,-0.66933835,0
3.4309614,-3.0422459,-2.3467875,0.74290359,0.0089741945,-0.66933835,0
-1.3935983,3.3546343,0.059633911,-0.25412869,0.92883331,-0.2696059,0
-0.60249209,2.8274646,-2.6625767,-0.25412869,0.92883331,-0.2696059,0
3.8203068,-1.1136336,-0.60201776,0.61928421,0.37038922,0.69231415,0
2.9084055,-0.41871202,-2.7829809,0.74290359,0.0089741945,-0.66933835,0
1.840662,-3.2885137,0.13022679,0.25412869,-0.92883331,0.2696059,0
-4.391829,2.6741662,1.2714736,-0.74290359,-0.0089741945,0.66933835,0
4.0205169,-2.8184371,-0.69277215,0.25412869,-0.92883331,0.2696059,0
1.8871806,0.66156572,-3.7934833,0.74290359,0.0089741945,-0.66933835,0
0.97077513,-3.7364252,-1.0193917,-0.61928421,-0.37038922,-0.69231415,0
-3.8059959,2.9684348,1.7504922,-0.74290359,-0.0089741945,0.66933835,0
-0.023857832,3.4360569,-1.293295,-0.25412869,0.92883331,-0.2696059,0
-2.9521477,-3.786797,2.565604,0.25412869,-0.92883331,0.2696059,0
0.20680928,-3.0905099,2.2811046,0.25412869,-0.92883331,0.2696059,0
-3.1674285,-0.65430176,2.5804677,-0.74290359,-0.0089741945,0.66933835,0
3.7771819,0.86165762,-1.6859057,0.74290359,0.0089741945,-0.66933835,0
-1.3904228,2.6275485,-2.2612147,-0.25412869,0.92883331,-0.2696059,0
-2.8508515,0.030241728,2.9203069,-0.74290359,-0.0089741945,0.66933835,0
0.26888832,1.1172367,1.2153031,0.61928421,0.37038922,0.69231415,0
0.1126318,-1.0511053,-1.7524843,-0.61928421,-0.37038922,-0.69231415,0
1.5986214,2.1820681,-4.2981224,0.74290359,0.0089741945,-0.66933835,0
2.144968,-3.0071743,-2.3664553,-0.61928421,-0.37038922,-0.69231415,0
-4.3632746,2.7350101,0.29912132,-0.25412869,0.92883331,-0.2696059,0
1.576804,3.4610629,-2.4795473,-0.25412869,0.92883331,-0.2696059,0
-1.2060647,-3.4614203,2.3452067,0.25412869,-0.92883331,0.2696059,0
0.0055978298,1.6943237,-2.9373772,-0.61928421,-0.37038922,-0.69231415,0
-0.43740177,3.3453455,-0.92105532,-0.25412869,0.92883331,-0.2696059,0
1.2259158,2.1691477,-0.12074327,0.61928421,0.37038922,0.69231415,0
2.2945828,0.16069973,-3.568337,0.74290359,0.0089741945,-0.66933835,0
2.4943638,0.69058007,-3.1354611,0.74290359,0.0089741945,-0.66933835,0
-2.4169774,0.90273207,3.4131908,-0.74290359,-0.0089741945,0.66933835,0
-0.75200218,-0.32408547,-1.4273965,-0.61928421,-0.37038922,-0.69231415,0
-0.63037944,2.9824758,-2.4073458,-0.25412869,0.92883331,-0.2696059,0
1.965045,-3.3108401,-2.0682783,-0.61928421,-0.37038922,-0.69231415,0
1.5587575,-2.7146852,1.9991537,0.25412869,-0.92883331,0.2696059,0
2.7070451,-3.7220809,-2.643991,-0.61928421,-0.37038922,-0.69231415,0
-0.71271396,1.090625,-2.0709541,-0.61928421,-0.37038922,-0.69231415,0
-0.68497956,1.3269769,2.062819,0.61928421,0.37038922,0.69231415,0
-3.578567,2.8353939,0.19239086,-0.25412869,0.92883331,-0.2696059,0
-0.69942248,-2.8252318,-0.13490522,-0.61928421,-0.37038922,-0.69231415,0
0.7658937,-3.6843348,-0.1815021,0.25412869,-0.92883331,0.2696059,0
4.2419715,-2.8759825,-1.1788235,0.25412869,-0.92883331,0.2696059,0
3.2633879,2.5489922,-2.0150883,0.61928421,0.37038922,0.69231415,0
-2.1456409,1.2246008,-0.82110935,-0.61928421,-0.37038922,-0.69231415,0
2.861773,0.12985134,-2.7716074,0.74290359,0.0089741945,-0.66933835,0
3.3603172,0.14217746,-2.1813378,0.74290359,0.0089741945,-0.66933835,0
-1.1502416,2.7476759,-2.0915017,-0.25412869,0.92883331,-0.2696059,0
-0.28764224,3.7349396,0.25670594,-0.25412869,0.92883331,-0.2696059,0
0.52796459,-3.0642352,2.1233819,0.25412869,-0.92883331,0.2696059,0
