-1.4918172,0.020870209,-2.7751818,0.38578746,-0.5144794,-0.76581919,0
-1.55743,-4.278966,0.92144418,-0.83591092,-0.54618573,-0.054167747,0
4.3833303,-0.43841666,1.1915276,0.83591092,0.54618573,0.054167747,0
-3.5736628,-0.753645,-1.5860333,-0.83591092,-0.54618573,-0.054167747,0
-0.70928764,-3.5039325,-0.023437977,0.38578746,-0.5144794,-0.76581919,0
-4.1205583,0.2166452,-1.6879745,-0.83591092,-0.54618573,-0.054167747,0
1.0188136,3.656019,-1.5529778,-0.39041138,0.66105378,-0.64077055,0
0.89776182,-0.60273755,2.8094532,-0.38578746,0.5144794,0.76581919,0
-2.8188043,-0.41111517,-3.0407367,0.38578746,-0.5144794,-0.76581919,0
-1.0437727,-1.5678959,2.6004138,-0.38578746,0.5144794,0.76581919,0
-2.6130483,-2.477253,0.72238517,-0.83591092,-0.54618573,-0.054167747,0
-1.2796021,-4.3899479,0.68161345,-0.83591092,-0.54618573,-0.054167747,0
-2.3638029,-3.0767429,1.9379333,-0.83591092,-0.54618573,-0.054167747,0
-2.7147939,1.3088995,-1.7046863,-0.39041138,0.66105378,-0.64077055,0
1.3896787,3.1411424,0.56874871,-0.38578746,0.5144794,0.76581919,0
1.4206662,-2.0714431,1.5921491,0.39041138,-0.66105378,0.64077055,0
-3.6633542,-0.48692071,-2.5628569,-0.83591092,-0.54618573,-0.054167747,0
-1.4140129,2.88342,-0.72143912,-0.38578746,0.5144794,0.76581919,0
2.7644839,-0.5062834,-0.33097661,0.38578746,-0.5144794,-0.76581919,0
4.3000965,-0.17112176,1.3491461,0.83591092,0.54618573,0.054167747,0
-2.1668968,-2.9122467,-0.11519527,-0.83591092,-0.54618573,-0.054167747,0
2.5609169,2.0687051,1.8455107,-0.38578746,0.5144794,0.76581919,0
-1.8852836,-0.36234927,-2.6507983,0.38578746,-0.5144794,-0.76581919,0
-3.2713046,-1.274525,-1.6928546,-0.83591092,-0.54618573,-0.054167747,0
-1.862963,0.75488573,-2.8758311,-0.39041138,0.66105378,-0.64077055,0
-1.6681827,-3.6643128,-0.35109663,-0.83591092,-0.54618573,-0.054167747,0
-0.28770989,0.80948138,1.2181853,-0.38578746,0.5144794,0.76581919,0
3.9418428,0.41122383,0.27541828,0.83591092,0.54618573,0.054167747,0
2.5245867,0.93704104,2.6612995,-0.38578746,0.5144794,0.76581919,0
-0.38892293,-2.7026801,2.0465429,0.39041138,-0.66105378,0.64077055,0
-1.298075,-3.5880671,-0.32732129,0.38578746,-0.5144794,-0.76581919,0
-3.6585584,-0.55316079,-1.0152771,-0.83591092,-0.54618573,-0.054167747,0
1.0916071,0.093276501,2.4351134,-0.38578746,0.5144794,0.76581919,0
3.8035405,0.72623074,0.32123017,0.83591092,0.54618573,0.054167747,0
1.9029062,-2.3171861,1.0232843,0.39041138,-0.66105378,0.64077055,0
4.3816833,-0.53704733,0.93351865,0.83591092,0.54618573,0.054167747,0
0.68096399,-3.2403021,0.8444671,0.39041138,-0.66105378,0.64077055,0
-0.47122097,1.8617383,-2.3718014,-0.39041138,0.66105378,-0.64077055,0
2.7943463,-1.2709826,1.6543486,0.39041138,-0.66105378,0.64077055,0
-4.0560441,0.86522436,-0.74495673,-0.38578746,0.5144794,0.76581919,0
0.38075519,-2.1615429,2.1790724,0.39041138,-0.66105378,0.64077055,0
-2.5825214,-2.3910241,2.149085,-0.38578746,0.5144794,0.76581919,0
1.507956,-2.3895116,1.1835723,0.39041138,-0.66105378,0.64077055,0
-3.2553449,-1.2944727,-1.3274672,-0.83591092,-0.54618573,-0.054167747,0
-3.6835451,-0.54214209,-1.4114356,-0.83591092,-0.54618573,-0.054167747,0
2.886555,2.0472271,-0.24016619,0.83591092,0.54618573,0.054167747,0
2.5326531,2.6150534,-0.96610951,0.83591092,0.54618573,0.054167747,0
2.1891031,-1.0087252,2.2852845,0.39041138,-0.66105378,0.64077055,0
-1.3505341,-4.2896805,0.42507029,-0.83591092,-0.54618573,-0.054167747,0
2.2117651,1.5001025,2.0999355,-0.38578746,0.5144794,0.76581919,0
-4.0668101,-0.066029072,-2.0268679,-0.83591092,-0.54618573,-0.054167747,0
2.8785415,2.0235996,0.16436934,0.83591092,0.54618573,0.054167747,0
-3.0690134,1.244535,-0.40707493,-0.38578746,0.5144794,0.76581919,0
3.6227214,0.6505847,2.9409399,0.83591092,0.54618573,0.054167747,0
1.0169611,-2.9664264,0.61107647,0.38578746,-0.5144794,-0.76581919,0
-2.5131795,-1.5384605,-2.2671208,0.38578746,-0.5144794,-0.76581919,0
-0.084643364,-2.5105581,-0.27406216,0.38578746,-0.5144794,-0.76581919,0
0.20594072,1.3867606,-2.8828747,0.38578746,-0.5144794,-0.76581919,0
-1.5105714,-2.3456223,2.8577425,-0.38578746,0.5144794,0.76581919,0
2.2758374,0.7335428,-1.184927,0.38578746,-0.5144794,-0.76581919,0
-3.3119915,-1.5782442,0.76137424,-0.83591092,-0.54618573,-0.054167747,0
3.535183,0.73052132,2.4683096,0.83591092,0.54618573,0.054167747,0
-1.2823328,1.8036051,0.20585552,-0.38578746,0.5144794,0.76581919,0
2.9229865,1.8568946,0.42994642,0.83591092,0.54618573,0.054167747,0
-3.7532532,-0.54634422,-0.077397585,-0.83591092,-0.54618573,-0.054167747,0
-1.2174211,-0.28925622,1.5013826,-0.38578746,0.5144794,0.76581919,0
0.15238619,3.8930492,-0.84768426,-0.39041138,0.66105378,-0.64077055,0
0.2913568,3.5066338,-0.36409485,-0.38578746,0.5144794,0.76581919,0
2.4898877,2.6787186,-1.5662543,0.83591092,0.54618573,0.054167747,0
1.5328438,-1.4141715,2.314677,0.39041138,-0.66105378,0.64077055,0
-3.4980416,0.7829625,-0.32382083,-0.38578746,0.5144794,0.76581919,0
4.0584555,-0.086407274,1.655292,0.83591092,0.54618573,0.054167747,0
-0.51875424,-2.3400898,2.6819384,0.39041138,-0.66105378,0.64077055,0
3.3482313,1.0089774,1.0876062,0.83591092,0.54618573,0.054167747,0
3.3843312,0.98155379,1.7494063,0.83591092,0.54618573,0.054167747,0
-2.189446,-2.951529,0.65253568,-0.83591092,-0.54618573,-0.054167747,0
3.9846933,-1.0074964,1.1243,0.39041138,-0.66105378,0.64077055,0
3.5554407,-0.35338622,2.2028337,0.39041138,-0.66105378,0.64077055,0
-2.1001024,-3.2948008,1.4910891,-0.83591092,-0.54618573,-0.054167747,0
-0.53443766,-0.24396193,1.8104124,-0.38578746,0.5144794,0.76581919,0
2.7265387,2.0321271,0.31609559,0.83591092,0.54618573,0.054167747,0
-1.0880847,-3.225904,2.1476696,0.39041138,-0.66105378,0.64077055,0
-2.4428728,0.46644926,-2.5851383,-0.39041138,0.66105378,-0.64077055,0
-2.0631819,-3.5115685,1.2021446,-0.83591092,-0.54618573,-0.054167747,0
1.2574627,2.1289327,-2.7959099,0.38578746,-0.5144794,-0.76581919,0
3.7601607,0.40796614,2.3048642,0.83591092,0.54618573,0.054167747,0
4.6062522,-0.61131328,1.139915,0.83591092,0.54618573,0.054167747,0
-1.4516757,-4.0630326,0.51320457,-0.83591092,-0.54618573,-0.054167747,0
0.82515287,3.4553108,-1.5047337,-0.39041138,0.66105378,-0.64077055,0
-0.02446413,-1.9424902,2.782227,0.39041138,-0.66105378,0.64077055,0
0.2759912,1.3501832,1.1228727,-0.38578746,0.5144794,0.76581919,0
-0.062962532,1.5622772,-2.9251111,0.38578746,-0.5144794,-0.76581919,0
-1.2729522,0.24039853,1.1112283,-0.38578746,0.5144794,0.76581919,0
2.5103288,-0.6550656,2.6081545,0.39041138,-0.66105378,0.64077055,0
3.0910666,1.7477558,0.65163398,0.83591092,0.54618573,0.054167747,0
-0.7388069,-0.49681044,-1.9033732,0.38578746,-0.5144794,-0.76581919,0
3.6298759,0.67957067,1.9699962,0.83591092,0.54618573,0.054167747,0
4.4648476,-0.54283112,0.86438131,0.83591092,0.54618573,0.054167747,0
-3.5215161,0.87601733,-0.52819633,-0.38578746,0.5144794,0.76581919,0
-2.0430949,0.95011878,-2.539284,-0.39041138,0.66105378,-0.64077055,0
1.6459692,4.023735,-0.19565654,0.83591092,0.54618573,0.054167747,0
-0.15838695,2.9906719,-1.4447439,-0.39041138,0.66105378,-0.64077055,0
-0.30165458,2.4231617,-2.0538635,-0.39041138,0.66105378,-0.64077055,0
1.4968867,1.1713107,1.9624295,-0.38578746,0.5144794,0.76581919,0
-2.4026861,-1.6793746,-2.0319815,0.38578746,-0.5144794,-0.76581919,0
-4.0207577,0.37275147,-1.8377488,-0.39041138,0.66105378,-0.64077055,0
0.79327798,2.6075516,-2.6172473,-0.39041138,0.66105378,-0.64077055,0
-3.3702636,-0.9656477,-3.0178614,-0.83591092,-0.54618573,-0.054167747,0
-2.9037957,0.011758447,-2.8063259,-0.39041138,0.66105378,-0.64077055,0
-1.7172401,-2.8473234,-0.90893984,0.38578746,-0.5144794,-0.76581919,0
-3.1317873,1.3949668,-0.52629161,-0.38578746,0.5144794,0.76581919,0
1.6033897,-2.7112718,0.54122251,0.38578746,-0.5144794,-0.76581919,0
0.32300997,-2.013608,2.2786927,0.39041138,-0.66105378,0.64077055,0
4.0757027,-0.9785046,1.24245,0.39041138,-0.66105378,0.64077055,0
-1.1971233,1.9199141,-1.9721937,-0.39041138,0.66105378,-0.64077055,0
-1.4090161,-3.1652191,2.2222376,0.39041138,-0.66105378,0.64077055,0
0.53335428,1.7156155,-2.8253593,0.38578746,-0.5144794,-0.76581919,0
-1.9272702,1.7979052,-1.5382715,-0.39041138,0.66105378,-0.64077055,0
-3.5573683,-0.89542955,-0.79385185,-0.83591092,-0.54618573,-0.054167747,0
-3.7931213,-0.79467142,0.58014178,-0.83591092,-0.54618573,-0.054167747,0
3.573777,0.54469657,2.7603106,0.83591092,0.54618573,0.054167747,0
-0.90295839,-2.2881093,2.8586812,0.39041138,-0.66105378,0.64077055,0
3.1983049,1.347981,0.46844888,0.83591092,0.54618573,0.054167747,0
-3.7772827,-0.49281925,-1.696136,-0.83591092,-0.54618573,-0.054167747,0
1.7785647,3.8127999,-0.61242294,0.83591092,0.54618573,0.054167747,0
0.64709735,1.5264064,-2.7428756,0.38578746,-0.5144794,-0.76581919,0
3.4183402,0.72851777,2.983423,0.83591092,0.54618573,0.054167747,0
2.8241909,1.8844185,0.80683351,0.83591092,0.54618573,0.054167747,0
-1.8663995,0.67245352,-2.921958,-0.39041138,0.66105378,-0.64077055,0
3.8233836,0.43904972,0.21521139,0.83591092,0.54618573,0.054167747,0
-1.7949965,-3.7647197,1.0848551,-0.83591092,-0.54618573,-0.054167747,0
1.581162,-2.7041442,1.0044107,0.39041138,-0.66105378,0.64077055,0
0.70170856,-1.8684238,2.3330944,0.39041138,-0.66105378,0.64077055,0
0.085297346,1.9066206,-2.6163278,-0.39041138,0.66105378,-0.64077055,0
-1.034306,-4.2422533,0.80451345,0.39041138,-0.66105378,0.64077055,0
3.2762413,1.2769226,1.5649943,0.83591092,0.54618573,0.054167747,0
-3.5312438,-1.0770872,-0.40464139,-0.83591092,-0.54618573,-0.054167747,0
2.9501617,0.023404002,3.0611157,0.39041138,-0.66105378,0.64077055,0
-1.4039822,0.95474458,-2.9416995,-0.39041138,0.66105378,-0.64077055,0
1.9567845,2.4826779,-2.7346528,0.38578746,-0.5144794,-0.76581919,0
-1.1125494,-1.6204246,-1.5321962,0.38578746,-0.5144794,-0.76581919,0
-3.4700565,0.22268987,0.16822839,-0.38578746,0.5144794,0.76581919,0
-3.4021618,0.40646279,-2.2210071,-0.39041138,0.66105378,-0.64077055,0
-1.90139,-3.5999393,1.9874772,-0.83591092,-0.54618573,-0.054167747,0
3.0128648,1.8202473,1.4687147,0.83591092,0.54618573,0.054167747,0
-1.6693556,1.7239962,-1.91343,-0.39041138,0.66105378,-0.64077055,0
-4.0192633,-0.10230765,-0.76650524,-0.83591092,-0.54618573,-0.054167747,0
2.2081347,3.3073268,-2.4685388,0.83591092,0.54618573,0.054167747,0
-1.2190959,2.7898183,-0.65209377,-0.38578746,0.5144794,0.76581919,0
-0.66577482,-1.0694112,2.3507943,-0.38578746,0.5144794,0.76581919,0
-1.600143,-3.3762562,2.2544124,0.39041138,-0.66105378,0.64077055,0
0.56347948,2.5809646,0.54027379,-0.38578746,0.5144794,0.76581919,0
2.3206527,3.0966973,-1.6774991,0.83591092,0.54618573,0.054167747,0
2.1411049,-0.43832994,2.8063531,0.39041138,-0.66105378,0.64077055,0
-0.36572003,1.9155085,-2.5821075,-0.39041138,0.66105378,-0.64077055,0
2.8581531,0.07919693,3.1105034,0.39041138,-0.66105378,0.64077055,0
4.3282862,-0.20329461,1.4989331,0.83591092,0.54618573,0.054167747,0
-2.259768,-2.3776932,2.5066242,-0.38578746,0.5144794,0.76581919,0
2.4772482,2.5312462,0.05471468,0.83591092,0.54618573,0.054167747,0
0.10151607,-0.24252272,-1.7371055,0.38578746,-0.5144794,-0.76581919,0
-2.8118839,-1.6991382,-2.3551381,0.38578746,-0.5144794,-0.76581919,0
-3.2434874,-1.3534567,-0.037703514,-0.83591092,-0.54618573,-0.054167747,0
-4.1488891,0.08686325,-1.6392176,-0.83591092,-0.54618573,-0.054167747,0
0.75667083,3.2942705,0.09466958,-0.38578746,0.5144794,0.76581919,0
2.1352279,3.0502794,-0.031612635,0.83591092,0.54618573,0.054167747,0
0.61496258,-0.83808064,-1.2058982,0.38578746,-0.5144794,-0.76581919,0
3.7792945,-0.14892584,2.213913,0.39041138,-0.66105378,0.64077055,0
-0.30203843,1.6866282,-2.6604321,-0.39041138,0.66105378,-0.64077055,0
-0.99458051,2.5193064,-1.5964979,-0.39041138,0.66105378,-0.64077055,0
2.8683877,1.9591048,-0.89306045,0.83591092,0.54618573,0.054167747,0
2.8188832,2.1032162,0.47557425,0.83591092,0.54618573,0.054167747,0
-1.3854222,-1.331045,-1.6729161,0.38578746,-0.5144794,-0.76581919,0
0.10981894,3.7791033,-0.43219054,-0.38578746,0.5144794,0.76581919,0
2.0865867,3.2885861,-1.4546438,0.83591092,0.54618573,0.054167747,0
0.98338783,0.60686779,2.1579096,-0.38578746,0.5144794,0.76581919,0
-0.63227296,2.0532281,-2.225656,-0.39041138,0.66105378,-0.64077055,0
1.0529299,-1.3466196,2.5628514,0.39041138,-0.66105378,0.64077055,0
-3.5420108,-0.93126106,-1.3629277,-0.83591092,-0.54618573,-0.054167747,0
3.5658321,0.93227112,0.69942307,0.83591092,0.54618573,0.054167747,0
0.33103943,-2.5484142,1.9711125,0.39041138,-0.66105378,0.64077055,0
-0.57907271,3.2848539,-0.92423874,-0.39041138,0.66105378,-0.64077055,0
0.7317059,2.7372351,-2.3791227,-0.39041138,0.66105378,-0.64077055,0
-2.5574784,0.62474203,0.36704361,-0.38578746,0.5144794,0.76581919,0
2.7691727,-1.2812809,1.7541947,0.39041138,-0.66105378,0.64077055,0
-1.4808276,1.6220566,-2.0245349,-0.39041138,0.66105378,-0.64077055,0
-3.3437095,-1.1105168,-0.72011495,-0.83591092,-0.54618573,-0.054167747,0
-1.7757502,-2.7345881,-0.92592001,0.38578746,-0.5144794,-0.76581919,0
-3.3052802,-1.3008516,0.67635107,-0.83591092,-0.54618573,-0.054167747,0
4.2457061,-0.21522945,1.1689351,0.83591092,0.54618573,0.054167747,0
0.96283889,4.0533667,-0.18937159,-0.38578746,0.5144794,0.76581919,0
3.6829395,0.57359231,1.9035592,0.83591092,0.54618573,0.054167747,0
3.0837913,1.9771564,-1.4072049,0.83591092,0.54618573,0.054167747,0
-1.4099786,0.96575308,0.51126236,-0.38578746,0.5144794,0.76581919,0
1.3093817,4.5127234,-0.84494138,0.83591092,0.54618573,0.054167747,0
2.5717402,-2.1096334,1.0167582,0.39041138,-0.66105378,0.64077055,0
-3.0214422,-1.8983328,-0.68449092,-0.83591092,-0.54618573,-0.054167747,0
-3.2407906,-1.4352776,-1.4458022,-0.83591092,-0.54618573,-0.054167747,0
1.0190463,-1.6525867,2.3492749,0.39041138,-0.66105378,0.64077055,0
2.5682034,-1.9372411,1.0639703,0.39041138,-0.66105378,0.64077055,0
-3.2304461,-1.4046595,-1.6438701,-0.83591092,-0.54618573,-0.054167747,0
2.4956965,-2.1075389,0.96474338,0.39041138,-0.66105378,0.64077055,0
0.85382748,-2.2107902,0.080057822,0.38578746,-0.5144794,-0.76581919,0
-1.7911539,0.15956855,-2.9600363,0.38578746,-0.5144794,-0.76581919,0
-2.3910298,2.1958103,-0.88458467,-0.39041138,0.66105378,-0.64077055,0
-3.8039255,0.44589746,-0.19620562,-0.38578746,0.5144794,0.76581919,0
-1.0803837,-2.8105302,2.3298724,0.39041138,-0.66105378,0.64077055,0
0.6318481,0.78889382,1.7164848,-0.38578746,0.5144794,0.76581919,0
2.1530871,3.0267873,-0.22600985,0.83591092,0.54618573,0.054167747,0
-1.9875709,-3.3755922,-0.0071659088,-0.83591092,-0.54618573,-0.054167747,0
0.26089191,1.5299017,1.1295033,-0.38578746,0.5144794,0.76581919,0
-3.1311021,0.47479975,0.035166264,-0.38578746,0.5144794,0.76581919,0
2.7445972,1.9475759,1.9957573,-0.38578746,0.5144794,0.76581919,0
-2.7212367,-2.38094,0.80221653,-0.83591092,-0.54618573,-0.054167747,0
-3.7553575,0.58783996,-0.35859179,-0.38578746,0.5144794,0.76581919,0
-1.2415569,-3.7272365,1.6599457,0.39041138,-0.66105378,0.64077055,0
-1.6410661,-3.9144633,0.063348055,-0.83591092,-0.54618573,-0.054167747,0
3.4010632,1.2580261,-0.59495044,0.83591092,0.54618573,0.054167747,0
-1.2456784,-2.6129375,2.8029957,0.39041138,-0.66105378,0.64077055,0
-0.52940297,2.5435531,-1.8541582,-0.39041138,0.66105378,-0.64077055,0
-3.6682043,-0.82684571,-1.4682043,-0.83591092,-0.54618573,-0.054167747,0
3.7575631,-1.4810505,0.91490936,0.39041138,-0.66105378,0.64077055,0
1.2649336,-0.87380588,2.9351697,0.39041138,-0.66105378,0.64077055,0
1.5854625,3.9025011,-1.4904556,-0.39041138,0.66105378,-0.64077055,0
2.6534021,-1.5483568,1.6191266,0.39041138,-0.66105378,0.64077055,0
-3.1986289,-1.0957179,-2.6488788,-0.83591092,-0.54618573,-0.054167747,0
3.0429418,0.88626397,-1.1123738,0.38578746,-0.5144794,-0.76581919,0
-1.9044,-1.2704314,-2.0536945,0.38578746,-0.5144794,-0.76581919,0
0.39137006,-2.9273663,1.2749376,0.39041138,-0.66105378,0.64077055,0
-3.2015955,-1.6801765,1.1839654,-0.83591092,-0.54618573,-0.054167747,0
-2.8261585,-2.1315169,0.063646555,-0.83591092,-0.54618573,-0.054167747,0
1.2158568,2.6705379,0.8127737,-0.38578746,0.5144794,0.76581919,0
0.65139222,-3.4589367,0.85556853,0.39041138,-0.66105378,0.64077055,0
-3.558778,-0.73507583,-2.8313928,-0.83591092,-0.54618573,-0.054167747,0
1.7758383,3.2042556,-2.4498882,-0.39041138,0.66105378,-0.64077055,0
4.0154347,0.058125019,0.29762697,0.83591092,0.54618573,0.054167747,0
-0.95119655,0.13397038,-2.4675901,0.38578746,-0.5144794,-0.76581919,0
-3.2753677,-1.2146213,1.1169605,-0.38578746,0.5144794,0.76581919,0
-3.9647655,0.39443666,-0.39815426,-0.38578746,0.5144794,0.76581919,0
-2.3861058,1.764465,-1.4930015,-0.39041138,0.66105378,-0.64077055,0
-2.3113298,0.37188101,-2.7919853,-0.39041138,0.66105378,-0.64077055,0
1.8663814,3.5798986,0.17363119,0.83591092,0.54618573,0.054167747,0
-1.4281291,-2.143074,-1.247591,0.38578746,-0.5144794,-0.76581919,0
1.6244854,1.2095828,-2.0335062,0.38578746,-0.5144794,-0.76581919,0
-3.0667453,-1.5758523,0.12576723,-0.83591092,-0.54618573,-0.054167747,0
-3.6509538,0.203834,-2.2434189,-0.39041138,0.66105378,-0.64077055,0
0.39499235,3.6590524,-0.34627271,-0.38578746,0.5144794,0.76581919,0
-2.0260987,-0.63171303,1.4592507,-0.38578746,0.5144794,0.76581919,0
1.6621315,3.187098,-2.4700267,-0.39041138,0.66105378,-0.64077055,0
-4.030282,-0.17310694,-1.3813994,-0.83591092,-0.54618573,-0.054167747,0
1.3898246,1.1737856,-1.981577,0.38578746,-0.5144794,-0.76581919,0
-2.8507893,-0.26450753,-3.309551,-0.39041138,0.66105378,-0.64077055,0
-4.4465241,0.90471381,-1.158242,-0.39041138,0.66105378,-0.64077055,0
-1.0503993,-3.7736454,1.5028237,0.39041138,-0.66105378,0.64077055,0
2.3742011,-0.34951484,2.8663733,0.39041138,-0.66105378,0.64077055,0
2.0561361,2.7585034,1.0775197,-0.38578746,0.5144794,0.76581919,0
2.3114944,-0.90054083,2.3975797,0.39041138,-0.66105378,0.64077055,0
0.060087442,3.4811058,-1.242839,-0.39041138,0.66105378,-0.64077055,0
-3.0677254,-1.8135357,1.4223964,-0.83591092,-0.54618573,-0.054167747,0
-1.3972484,1.529142,0.29104227,-0.38578746,0.5144794,0.76581919,0
0.13999148,1.0857043,1.185542,-0.38578746,0.5144794,0.76581919,0
-2.6407716,-2.4494295,0.23477221,-0.83591092,-0.54618573,-0.054167747,0
-1.083482,-3.6493154,1.5119436,0.39041138,-0.66105378,0.64077055,0
-3.0167823,-1.9988488,0.31924582,-0.83591092,-0.54618573,-0.054167747,0
-2.0525656,0.17143893,0.93654794,-0.38578746,0.5144794,0.76581919,0
1.8113258,-2.1407773,1.4223633,0.39041138,-0.66105378,0.64077055,0
3.1221695,1.7085896,-0.70458937,0.83591092,0.54618573,0.054167747,0
3.3476257,0.30408317,-0.36202192,0.38578746,-0.5144794,-0.76581919,0
3.6757734,0.50745225,2.8121984,0.39041138,-0.66105378,0.64077055,0
-3.9921091,0.67316782,-0.63091016,-0.38578746,0.5144794,0.76581919,0
-3.6367812,-0.51355791,-2.0770233,-0.83591092,-0.54618573,-0.054167747,0
-2.3021224,0.78591752,0.21789217,-0.38578746,0.5144794,0.76581919,0
-1.6463029,-3.4828212,2.0005102,0.39041138,-0.66105378,0.64077055,0
2.4331105,0.49854326,-1.0700123,0.38578746,-0.5144794,-0.76581919,0
1.6254733,-1.57075,2.035172,0.39041138,-0.66105378,0.64077055,0
0.96370924,1.1097583,-2.3265855,0.38578746,-0.5144794,-0.76581919,0
0.91162872,1.0399419,1.6857913,-0.38578746,0.5144794,0.76581919,0
-2.7437663,-2.197454,0.83902669,-0.83591092,-0.54618573,-0.054167747,0
-2.5372195,-2.3611894,-0.78605843,-0.83591092,-0.54618573,-0.054167747,0
-1.0374842,-1.5952172,-1.3155205,0.38578746,-0.5144794,-0.76581919,0
-2.2905779,0.75499165,-2.4886627,-0.39041138,0.66105378,-0.64077055,0
-2.9618917,-2.1118455,1.7970601,-0.83591092,-0.54618573,-0.054167747,0
4.6366606,-0.67348492,0.79079676,0.38578746,-0.5144794,-0.76581919,0
3.5902195,0.84481454,0.89601398,0.83591092,0.54618573,0.054167747,0
-2.9758792,-1.4723756,1.5564066,-0.38578746,0.5144794,0.76581919,0
-1.6264125,-1.5575017,2.1456845,-0.38578746,0.5144794,0.76581919,0
3.1321194,1.8355093,-1.5972319,0.83591092,0.54618573,0.054167747,0
3.5477443,1.001869,1.5599132,0.83591092,0.54618573,0.054167747,0
2.3092606,2.9236169,0.14665747,0.83591092,0.54618573,0.054167747,0
3.9492593,0.15554906,1.0918372,0.83591092,0.54618573,0.054167747,0
-1.7852073,-3.502862,-0.51466298,0.38578746,-0.5144794,-0.76581919,0
0.0099465847,2.8833034,-1.6593288,-0.39041138,0.66105378,-0.64077055,0
1.854375,3.7986498,-1.410316,0.83591092,0.54618573,0.054167747,0
-1.3118773,-3.1925278,-0.51332021,0.38578746,-0.5144794,-0.76581919,0
2.908838,2.025516,0.8908205,0.83591092,0.54618573,0.054167747,0
3.7061584,0.38262415,2.1341302,0.83591092,0.54618573,0.054167747,0
3.6223054,0.58057427,2.131284,0.83591092,0.54618573,0.054167747,0
0.57018971,-2.8842535,0.36516047,0.38578746,-0.5144794,-0.76581919,0
-2.0748005,-3.2146719,1.0567129,-0.83591092,-0.54618573,-0.054167747,0
-1.9055227,-3.7217107,1.1338007,-0.83591092,-0.54618573,-0.054167747,0
-1.8706679,-2.2890806,-1.3858287,0.38578746,-0.5144794,-0.76581919,0
-0.61747694,-2.5071769,-0.53769565,0.38578746,-0.5144794,-0.76581919,0
2.2689114,-1.3988092,1.9003965,0.39041138,-0.66105378,0.64077055,0
-2.0310688,-3.2259607,0.8588028,-0.83591092,-0.54618573,-0.054167747,0
3.4107635,-0.97842675,0.42192578,0.38578746,-0.5144794,-0.76581919,0
1.9931524,2.4356046,-2.6441326,0.38578746,-0.5144794,-0.76581919,0
-1.7117006,-3.6486444,2.1020157,0.39041138,-0.66105378,0.64077055,0
4.3928809,-0.27244282,1.0073092,0.83591092,0.54618573,0.054167747,0
-0.63869762,3.5361261,-0.6899997,-0.39041138,0.66105378,-0.64077055,0
-2.7753477,-2.3620608,0.31044388,-0.83591092,-0.54618573,-0.054167747,0
-0.58056593,-4.1386375,0.75286627,0.39041138,-0.66105378,0.64077055,0
-3.4598827,-0.32849419,-2.8173518,-0.39041138,0.66105378,-0.64077055,0
0.76556492,-0.46613896,2.5991187,-0.38578746,0.5144794,0.76581919,0
-0.73686552,-3.7808766,1.1460907,0.39041138,-0.66105378,0.64077055,0
2.367429,-1.7242661,0.26204121,0.38578746,-0.5144794,-0.76581919,0
1.0275757,-2.049264,1.9483076,0.39041138,-0.66105378,0.64077055,0
-0.99317169,-3.4588165,-0.11067891,0.38578746,-0.5144794,-0.76581919,0
-3.4897177,-0.8465513,-2.5443161,-0.83591092,-0.54618573,-0.054167747,0
2.2281158,2.9268932,-0.26298165,0.83591092,0.54618573,0.054167747,0
2.9905667,1.8045707,-1.1645403,0.83591092,0.54618573,0.054167747,0
-0.47032523,2.8275349,-0.13076812,-0.38578746,0.5144794,0.76581919,0
0.45417213,-1.390852,-0.77413708,0.38578746,-0.5144794,-0.76581919,0
-2.0706055,-0.9129889,-2.4091971,0.38578746,-0.5144794,-0.76581919,0
-1.6066545,-1.5103039,2.1088817,-0.38578746,0.5144794,0.76581919,0
-1.5892475,-3.8558216,0.11992025,-0.83591092,-0.54618573,-0.054167747,0
-3.1347947,-1.4329281,1.3818004,-0.38578746,0.5144794,0.76581919,0
-2.3276029,-2.6979764,-0.034684658,-0.83591092,-0.54618573,-0.054167747,0
-3.8232956,0.81966656,-0.49439549,-0.38578746,0.5144794,0.76581919,0
-1.6751837,0.048923612,0.96731561,-0.38578746,0.5144794,0.76581919,0
-2.058284,2.1796327,-1.0458806,-0.39041138,0.66105378,-0.64077055,0
-1.6708926,-3.7676625,-0.20725393,-0.83591092,-0.54618573,-0.054167747,0
-2.0851362,-3.4381189,0.5097611,-0.83591092,-0.54618573,-0.054167747,0
-2.8977158,-0.35419977,0.7121942,-0.38578746,0.5144794,0.76581919,0
-3.0840039,-1.6099906,-1.6023016,-0.83591092,-0.54618573,-0.054167747,0
-0.53776121,-3.8362591,1.1024861,0.39041138,-0.66105378,0.64077055,0
2.4452345,-1.8105371,0.55124009,0.38578746,-0.5144794,-0.76581919,0
3.8185625,-0.838368,1.3591874,0.39041138,-0.66105378,0.64077055,0
2.3099484,1.2330084,2.3162098,-0.38578746,0.5144794,0.76581919,0
-2.0004282,-3.3272481,1.6444051,-0.83591092,-0.54618573,-0.054167747,0
-3.2196338,1.3453611,-1.3051155,-0.39041138,0.66105378,-0.64077055,0
-2.6568801,-2.4696934,-0.46413517,-0.83591092,-0.54618573,-0.054167747,0
-0.18516803,-2.9350972,1.6609467,0.39041138,-0.66105378,0.64077055,0
-2.6187122,-1.2593172,1.5835686,-0.38578746,0.5144794,0.76581919,0
-2.2924528,-3.1415813,1.2338309,-0.83591092,-0.54618573,-0.054167747,0
3.3666329,1.1858816,-1.1783776,0.38578746,-0.5144794,-0.76581919,0
-3.9828918,0.26229689,-2.0475001,-0.39041138,0.66105378,-0.64077055,0
-1.4052815,-2.7625628,2.7162194,0.39041138,-0.66105378,0.64077055,0
-2.7293243,1.5473074,-1.5749941,-0.39041138,0.66105378,-0.64077055,0
4.4433565,-0.7120018,1.176717,0.39041138,-0.66105378,0.64077055,0
4.0851669,-0.036913157,1.9616122,0.83591092,0.54618573,0.054167747,0
-4.0650287,0.40645063,-1.6476624,-0.39041138,0.66105378,-0.64077055,0
2.1975915,-1.8490531,1.5183434,0.39041138,-0.66105378,0.64077055,0
-0.25128126,-0.49576557,2.238837,-0.38578746,0.5144794,0.76581919,0
2.4898388,2.4554701,0.90203142,0.83591092,0.54618573,0.054167747,0
-3.2894006,-1.0492384,-1.5376596,-0.83591092,-0.54618573,-0.054167747,0
-0.61725163,2.558084,-1.5495173,-0.39041138,0.66105378,-0.64077055,0
0.53083205,3.3062241,0.12504041,-0.38578746,0.5144794,0.76581919,0
-1.2212704,0.96786153,0.58763695,-0.38578746,0.5144794,0.76581919,0
2.8598959,-1.9177942,0.86365795,0.38578746,-0.5144794,-0.76581919,0
-2.5888007,-2.5935185,1.1682277,-0.83591092,-0.54618573,-0.054167747,0
-1.4115604,-4.2526164,0.39279675,-0.83591092,-0.54618573,-0.054167747,0
0.85001934,2.3864946,0.8026675,-0.38578746,0.5144794,0.76581919,0
-1.0433354,-3.447201,1.8028978,0.39041138,-0.66105378,0.64077055,0
-1.4996822,-1.9542549,2.5852597,-0.38578746,0.5144794,0.76581919,0
-2.0348687,-3.396358,2.4400144,-0.83591092,-0.54618573,-0.054167747,0
-4.213871,0.19295615,-1.0998123,-0.83591092,-0.54618573,-0.054167747,0
-2.4282188,-2.9324875,2.6753106,-0.83591092,-0.54618573,-0.054167747,0
-2.7726517,-1.559528,1.5555543,-0.38578746,0.5144794,0.76581919,0
1.3725507,1.63175,-2.3092167,0.38578746,-0.5144794,-0.76581919,0
1.0326343,-1.5743952,2.4985929,0.39041138,-0.66105378,0.64077055,0
-3.18543,1.0443344,-1.6896687,-0.39041138,0.66105378,-0.64077055,0
-1.9210784,1.7738224,-1.8287295,-0.39041138,0.66105378,-0.64077055,0
-2.9346089,-1.793952,-0.11210322,-0.83591092,-0.54618573,-0.054167747,0
3.4955583,0.61242259,-0.61721635,0.38578746,-0.5144794,-0.76581919,0
-1.5543547,1.4601339,-2.2706118,-0.39041138,0.66105378,-0.64077055,0
1.0092535,-1.6507654,2.4098597,0.39041138,-0.66105378,0.64077055,0
4.1091866,-0.84740567,1.2940462,0.39041138,-0.66105378,0.64077055,0
-2.3136091,-2.9752026,1.2496665,-0.83591092,-0.54618573,-0.054167747,0
-1.5201805,-2.4658637,2.7877443,-0.38578746,0.5144794,0.76581919,0
2.5031071,2.6872802,-2.4751625,0.83591092,0.54618573,0.054167747,0
0.47184682,4.1139021,-0.86517036,-0.39041138,0.66105378,-0.64077055,0
-0.90532255,-3.0232549,2.0634556,0.39041138,-0.66105378,0.64077055,0
-2.5930438,-0.16650873,0.7048825,-0.38578746,0.5144794,0.76581919,0
2.1460607,-2.0521111,0.50232673,0.38578746,-0.5144794,-0.76581919,0
1.1450114,4.1105943,-1.1768936,-0.39041138,0.66105378,-0.64077055,0
-0.243083,-1.9073722,2.8199511,0.39041138,-0.66105378,0.64077055,0
0.6450755,-0.14644885,-1.4737449,0.38578746,-0.5144794,-0.76581919,0
2.6270466,2.5403278,-1.9852763,0.83591092,0.54618573,0.054167747,0
-1.793144,-3.6296105,0.7468996,-0.83591092,-0.54618573,-0.054167747,0
1.0016944,-0.91154104,3.0110147,0.39041138,-0.66105378,0.64077055,0
3.4010432,0.23815024,2.9679315,0.39041138,-0.66105378,0.64077055,0
0.070542097,-2.4768357,2.0241432,0.39041138,-0.66105378,0.64077055,0
-2.0074637,0.45937943,-3.114603,-0.39041138,0.66105378,-0.64077055,0
3.9032528,0.11975819,1.4123487,0.83591092,0.54618573,0.054167747,0
-1.5465804,-4.017818,1.356841,0.39041138,-0.66105378,0.64077055,0
-3.8849423,-0.19654763,-2.6553469,-0.83591092,-0.54618573,-0.054167747,0
3.5702248,0.87470281,-0.19151402,0.83591092,0.54618573,0.054167747,0
-2.7065713,1.9657792,-0.95562565,-0.39041138,0.66105378,-0.64077055,0
0.49337459,-2.58652,1.7401121,0.39041138,-0.66105378,0.64077055,0
2.4566846,1.3547928,2.3824446,-0.38578746,0.5144794,0.76581919,0
-1.8327169,-3.827167,1.3606163,-0.83591092,-0.54618573,-0.054167747,0
-2.2282529,-3.1216216,2.3927226,-0.83591092,-0.54618573,-0.054167747,0
2.342155,-0.93476099,2.283577,0.39041138,-0.66105378,0.64077055,0
-1.4128613,-2.0014422,-1.4387193,0.38578746,-0.5144794,-0.76581919,0
-3.5319893,0.76354361,-1.6437185,-0.39041138,0.66105378,-0.64077055,0
1.7771463,3.3130054,0.65246725,-0.38578746,0.5144794,0.76581919,0
1.3331002,2.6271081,0.80560231,-0.38578746,0.5144794,0.76581919,0
2.6852343,-1.0598149,1.8800104,0.39041138,-0.66105378,0.64077055,0
0.5200392,-0.51103354,2.4855456,-0.38578746,0.5144794,0.76581919,0
-3.6302309,-0.60532546,-2.1580541,-0.83591092,-0.54618573,-0.054167747,0
1.6415355,2.9543405,-2.5919898,-0.39041138,0.66105378,-0.64077055,0
-3.211885,-1.7170227,0.95672202,-0.83591092,-0.54618573,-0.054167747,0
1.8840926,-1.9967031,0.23806256,0.38578746,-0.5144794,-0.76581919,0
0.75215149,-3.2487803,1.0115502,0.39041138,-0.66105378,0.64077055,0
-0.66776609,2.9127469,-1.1644824,-0.39041138,0.66105378,-0.64077055,0
-0.53204203,2.9233513,-0.20480573,-0.38578746,0.5144794,0.76581919,0
1.7446973,3.5201283,-2.0483332,-0.39041138,0.66105378,-0.64077055,0
-0.67805862,-3.4222276,1.5412645,0.39041138,-0.66105378,0.64077055,0
-1.1156888,1.1704726,-2.8743911,-0.39041138,0.66105378,-0.64077055,0
-0.25566334,0.23058712,1.6689708,-0.38578746,0.5144794,0.76581919,0
-0.90446043,-4.0315161,0.22598219,0.38578746,-0.5144794,-0.76581919,0
-3.4481673,-0.71584797,-2.4805775,-0.83591092,-0.54618573,-0.054167747,0
0.037080526,-2.474277,2.0958033,0.39041138,-0.66105378,0.64077055,0
-1.2434704,-2.194746,2.7300715,-0.38578746,0.5144794,0.76581919,0
3.5647409,0.61637092,3.0498128,0.83591092,0.54618573,0.054167747,0
-2.9325473,-1.7885342,-1.1313965,-0.83591092,-0.54618573,-0.054167747,0
1.7435932,3.836781,-1.3249398,0.83591092,0.54618573,0.054167747,0
-1.4085357,-4.0083556,1.468587,0.39041138,-0.66105378,0.64077055,0
-2.2384238,-2.9920754,-0.74493313,-0.83591092,-0.54618573,-0.054167747,0
-1.4547825,-0.88998502,1.715739,-0.38578746,0.5144794,0.76581919,0
-1.3043649,-3.8150136,1.6738516,0.39041138,-0.66105378,0.64077055,0
-3.637532,-0.67644644,-2.761755,-0.83591092,-0.54618573,-0.054167747,0
1.0635333,-1.3150742,2.6935351,0.39041138,-0.66105378,0.64077055,0
2.8242149,1.714341,-1.7445822,0.38578746,-0.5144794,-0.76581919,0
0.72815156,-2.0605729,2.0364058,0.39041138,-0.66105378,0.64077055,0
3.9555004,-0.39627013,1.7100503,0.39041138,-0.66105378,0.64077055,0
0.32324338,3.7026753,-1.1349604,-0.39041138,0.66105378,-0.64077055,0
-3.3949382,0.44274962,-2.3104937,-0.39041138,0.66105378,-0.64077055,0
3.3203287,0.47235459,-0.65020537,0.38578746,-0.5144794,-0.76581919,0
1.7424843,1.0302167,-1.7550448,0.38578746,-0.5144794,-0.76581919,0
3.5335093,-0.50743878,2.1553009,0.39041138,-0.66105378,0.64077055,0
3.7465496,0.65916282,-0.41470671,0.38578746,-0.5144794,-0.76581919,0
-2.3871977,0.708691,-2.351074,-0.39041138,0.66105378,-0.64077055,0
3.0505142,1.439374,1.6486681,0.83591092,0.54618573,0.054167747,0
-1.9612646,2.084841,-0.40271372,-0.38578746,0.5144794,0.76581919,0
1.054215,-1.8121419,2.3169081,0.39041138,-0.66105378,0.64077055,0
2.3761115,2.7794659,0.062302113,0.83591092,0.54618573,0.054167747,0
3.4000564,-0.48666656,0.14974141,0.38578746,-0.5144794,-0.76581919,0
2.8511586,1.562228,-1.4674641,0.38578746,-0.5144794,-0.76581919,0
-1.4380482,-3.4477971,2.1163867,0.39041138,-0.66105378,0.64077055,0
0.44963598,-3.0600083,1.217716,0.39041138,-0.66105378,0.64077055,0
-0.9433533,-1.1044291,-1.6768937,0.38578746,-0.5144794,-0.76581919,0
-1.6385654,-3.5594726,2.0080013,0.39041138,-0.66105378,0.64077055,0
-2.9009223,-1.9896359,-1.4107471,-0.83591092,-0.54618573,-0.054167747,0
1.8026581,3.8670018,-0.72394609,0.83591092,0.54618573,0.054167747,0
4.1763053,-0.10506257,0.72098255,0.83591092,0.54618573,0.054167747,0
1.3227761,1.0225937,2.0054226,-0.38578746,0.5144794,0.76581919,0
1.3231528,3.4545281,-2.0227196,-0.39041138,0.66105378,-0.64077055,0
3.6104131,1.0327467,-0.28287029,0.83591092,0.54618573,0.054167747,0
4.1781492,-0.65221542,0.60974932,0.38578746,-0.5144794,-0.76581919,0
3.2221043,-1.7150725,0.85965776,0.38578746,-0.5144794,-0.76581919,0
2.5295048,-1.5628829,1.3978136,0.39041138,-0.66105378,0.64077055,0
2.1780179,1.145043,-1.6220741,0.38578746,-0.5144794,-0.76581919,0
-0.49550688,-1.4794253,-1.1739933,0.38578746,-0.5144794,-0.76581919,0
3.6597021,0.50410569,1.46632,0.83591092,0.54618573,0.054167747,0
-3.8852634,0.37435201,-1.8649206,-0.39041138,0.66105378,-0.64077055,0
3.1241589,1.2368236,2.7920156,0.83591092,0.54618573,0.054167747,0
2.4552054,2.5200133,-0.25875664,0.83591092,0.54618573,0.054167747,0
3.3093467,1.1113555,1.3874247,0.83591092,0.54618573,0.054167747,0
-2.885232,-0.29298711,-3.1419079,-0.39041138,0.66105378,-0.64077055,0
0.42296886,-1.3743066,3.1263967,0.39041138,-0.66105378,0.64077055,0
2.3493426,2.8498383,0.79006982,0.83591092,0.54618573,0.054167747,0
-2.0228961,-3.1743822,-0.23072052,-0.83591092,-0.54618573,-0.054167747,0
-1.2039101,2.571403,-1.1456668,-0.39041138,0.66105378,-0.64077055,0
3.597683,0.79422331,1.5737898,0.83591092,0.54618573,0.054167747,0
-0.35327029,2.3034358,-2.0459418,-0.39041138,0.66105378,-0.64077055,0
-2.2369254,-3.1484606,1.9484133,-0.83591092,-0.54618573,-0.054167747,0
-3.1768563,-1.3287143,-1.5464199,-0.83591092,-0.54618573,-0.054167747,0
0.54524255,-1.2651547,3.1526885,0.39041138,-0.66105378,0.64077055,0
0.58375967,3.160284,0.13219631,-0.38578746,0.5144794,0.76581919,0
2.8684926,-0.38657737,2.4404418,0.39041138,-0.66105378,0.64077055,0
-0.84562802,-4.3025045,0.50219393,0.38578746,-0.5144794,-0.76581919,0
-2.6184378,-2.5935018,1.6888696,-0.83591092,-0.54618573,-0.054167747,0
-2.6438396,-2.3982794,-0.059784889,-0.83591092,-0.54618573,-0.054167747,0
3.4422426,0.83606839,1.5245967,0.83591092,0.54618573,0.054167747,0
-3.7612755,-0.76259601,-0.27631354,-0.83591092,-0.54618573,-0.054167747,0
-2.8077321,-0.45477748,-3.1202865,0.38578746,-0.5144794,-0.76581919,0
-3.5527611,-0.72576559,-1.7651455,-0.83591092,-0.54618573,-0.054167747,0
0.47817802,-3.5023842,0.87610245,0.39041138,-0.66105378,0.64077055,0
1.1824188,-1.703521,2.2896366,0.39041138,-0.66105378,0.64077055,0
-0.37643671,1.8654435,-2.4845498,-0.39041138,0.66105378,-0.64077055,0
-2.8144352,-0.096725583,-2.9532762,-0.39041138,0.66105378,-0.64077055,0
0.60778821,-0.032541275,2.3522937,-0.38578746,0.5144794,0.76581919,0
1.0142545,3.7469349,0.074369669,-0.38578746,0.5144794,0.76581919,0
1.4776566,3.0944562,-2.5203559,-0.39041138,0.66105378,-0.64077055,0
2.1749005,0.83071065,2.4803212,-0.38578746,0.5144794,0.76581919,0
-3.6805708,-0.75834906,-1.4414005,-0.83591092,-0.54618573,-0.054167747,0
1.3914222,3.7310588,-1.7731664,-0.39041138,0.66105378,-0.64077055,0
-2.2929242,-3.0106177,2.2582428,-0.83591092,-0.54618573,-0.054167747,0
1.9185376,3.58674,0.37908888,0.83591092,0.54618573,0.054167747,0
-0.22773719,3.1217642,-1.2912356,-0.39041138,0.66105378,-0.64077055,0
0.23234487,-2.2094553,-0.24701226,0.38578746,-0.5144794,-0.76581919,0
2.4875584,2.3877859,1.4269893,0.83591092,0.54618573,0.054167747,0
-0.37179279,-2.947773,-0.09385848,0.38578746,-0.5144794,-0.76581919,0
0.21024156,-3.8532019,0.71298611,0.39041138,-0.66105378,0.64077055,0
4.1842189,0.049871594,1.3502026,0.83591092,0.54618573,0.054167747,0
2.4534812,-1.0604706,1.9600769,0.39041138,-0.66105378,0.64077055,0
-1.7397747,-1.330634,1.9407023,-0.38578746,0.5144794,0.76581919,0
-2.7853508,-2.2523918,1.1475511,-0.83591092,-0.54618573,-0.054167747,0
1.429114,-1.6575607,-0.070006013,0.38578746,-0.5144794,-0.76581919,0
2.8747764,1.8134056,0.51795173,0.83591092,0.54618573,0.054167747,0
-0.72473478,3.0772109,-0.99154031,-0.39041138,0.66105378,-0.64077055,0
0.97404408,-2.2828295,1.7557906,0.39041138,-0.66105378,0.64077055,0
0.92273641,-1.9223056,2.0604253,0.39041138,-0.66105378,0.64077055,0
-3.1580501,-0.41683829,0.65759706,-0.38578746,0.5144794,0.76581919,0
-1.698113,1.0092502,-2.5753126,-0.39041138,0.66105378,-0.64077055,0
-0.992504,-0.69581068,-2.1142459,0.38578746,-0.5144794,-0.76581919,0
-0.0012008548,1.7188464,0.92928404,-0.38578746,0.5144794,0.76581919,0
3.44209,1.2464182,-0.76908302,0.83591092,0.54618573,0.054167747,0
1.6730564,4.0129342,-1.6638377,-0.39041138,0.66105378,-0.64077055,0
3.2990673,0.9900924,2.0976269,0.83591092,0.54618573,0.054167747,0
-2.3359234,1.6689895,-0.34280574,-0.38578746,0.5144794,0.76581919,0
-3.0638499,-1.6784129,0.59975219,-0.83591092,-0.54618573,-0.054167747,0
-0.020241499,-3.2460866,1.3571061,0.39041138,-0.66105378,0.64077055,0
-1.0929987,2.2311664,-0.12911773,-0.38578746,0.5144794,0.76581919,0
-1.4824569,-1.1119159,-1.9194899,0.38578746,-0.5144794,-0.76581919,0
0.56881785,2.9613948,-1.8630896,-0.39041138,0.66105378,-0.64077055,0
3.3950851,-1.1587303,0.64252758,0.38578746,-0.5144794,-0.76581919,0
-2.9341617,-0.1262778,0.6823988,-0.38578746,0.5144794,0.76581919,0
-1.90904,2.2069774,-0.56761259,-0.38578746,0.5144794,0.76581919,0
-0.8762393,-3.5822935,-0.050525904,0.38578746,-0.5144794,-0.76581919,0
-0.79312873,-2.6274524,2.5086091,0.39041138,-0.66105378,0.64077055,0
-0.28774357,3.4236875,-0.89291251,-0.39041138,0.66105378,-0.64077055,0
-4.0377626,0.5497514,-1.5776138,-0.39041138,0.66105378,-0.64077055,0
-1.1203234,-3.7809813,0.011858225,0.38578746,-0.5144794,-0.76581919,0
3.3199177,1.3577857,-0.72622824,0.83591092,0.54618573,0.054167747,0
-2.2368779,-2.8145804,-0.5862391,-0.83591092,-0.54618573,-0.054167747,0
2.0946896,3.2596056,-0.31784296,0.83591092,0.54618573,0.054167747,0
3.3414559,1.1238674,-0.039308071,0.83591092,0.54618573,0.054167747,0
2.3226569,1.3137902,-1.6034271,0.38578746,-0.5144794,-0.76581919,0
3.7801347,-1.3963554,0.82980633,0.38578746,-0.5144794,-0.76581919,0
-0.55686378,-3.386379,1.5368854,0.39041138,-0.66105378,0.64077055,0
1.1336542,0.66210961,2.0956664,-0.38578746,0.5144794,0.76581919,0
4.3800807,-0.41434687,1.629956,0.83591092,0.54618573,0.054167747,0
-4.4951053,0.63692349,-0.90019298,-0.83591092,-0.54618573,-0.054167747,0
1.7605634,-0.10468566,-1.0075465,0.38578746,-0.5144794,-0.76581919,0
-2.513381,1.8241343,-1.2075385,-0.39041138,0.66105378,-0.64077055,0
2.3780603,-0.76309991,2.557436,0.39041138,-0.66105378,0.64077055,0
-2.2192483,0.71345532,0.26740527,-0.38578746,0.5144794,0.76581919,0
-4.4843702,0.57012707,-1.3013806,-0.83591092,-0.54618573,-0.054167747,0
4.1020207,-0.37408864,0.43353462,0.38578746,-0.5144794,-0.76581919,0
-1.2302194,-0.69943905,-1.9794081,0.38578746,-0.5144794,-0.76581919,0
-1.1297425,-0.13164604,-2.5666294,0.38578746,-0.5144794,-0.76581919,0
3.2438927,1.4341772,0.075016499,0.83591092,0.54618573,0.054167747,0
3.6681285,0.56412035,1.419786,0.83591092,0.54618573,0.054167747,0
3.114439,1.9199169,-1.3800161,0.83591092,0.54618573,0.054167747,0
4.0879135,-0.06467858,0.99876356,0.83591092,0.54618573,0.054167747,0
0.56397676,-3.1433814,1.0022024,0.39041138,-0.66105378,0.64077055,0
0.93763983,3.7539062,-0.070544481,-0.38578746,0.5144794,0.76581919,0
-0.79284286,-3.3466606,-0.012783766,0.38578746,-0.5144794,-0.76581919,0
0.58996797,2.0955009,0.94735622,-0.38578746,0.5144794,0.76581919,0
3.4039564,1.1077735,1.8242893,0.83591092,0.54618573,0.054167747,0
2.4853282,0.65304041,2.6605842,-0.38578746,0.5144794,0.76581919,0
1.8035227,3.2439551,0.8061018,-0.38578746,0.5144794,0.76581919,0
-1.5459042,0.80710131,-2.9797132,-0.39041138,0.66105378,-0.64077055,0
0.28327546,1.0613431,1.3958465,-0.38578746,0.5144794,0.76581919,0
-0.73781395,-1.1238106,-1.5923932,0.38578746,-0.5144794,-0.76581919,0
-2.2181258,-3.066083,-0.28086233,-0.83591092,-0.54618573,-0.054167747,0
2.2498617,-2.0549345,1.1636361,0.39041138,-0.66105378,0.64077055,0
0.29745913,1.4536831,-2.8295989,0.38578746,-0.5144794,-0.76581919,0
3.6057718,0.56994081,2.8418019,0.83591092,0.54618573,0.054167747,0
2.7776141,1.9306543,1.2519236,0.83591092,0.54618573,0.054167747,0
2.3748298,1.2467123,-1.4800439,0.38578746,-0.5144794,-0.76581919,0
2.9195752,1.8972298,-0.79547119,0.83591092,0.54618573,0.054167747,0
3.929131,0.3599602,0.57932997,0.83591092,0.54618573,0.054167747,0
0.142627,0.35994434,1.8793339,-0.38578746,0.5144794,0.76581919,0
1.2405941,-1.7442558,1.9742537,0.39041138,-0.66105378,0.64077055,0
0.37800646,-0.73379076,2.6294048,-0.38578746,0.5144794,0.76581919,0
2.0026319,3.3848104,0.22829914,0.83591092,0.54618573,0.054167747,0
0.89877748,-1.9984789,-0.19078588,0.38578746,-0.5144794,-0.76581919,0
2.913517,1.8879367,-1.030911,0.83591092,0.54618573,0.054167747,0
1.7715352,-1.7865201,1.7300274,0.39041138,-0.66105378,0.64077055,0
-2.0882945,-3.1491313,-0.63663244,-0.83591092,-0.54618573,-0.054167747,0
-2.1160545,-3.3926201,2.3029356,-0.83591092,-0.54618573,-0.054167747,0
