-0.9044497,-2.849895,2.1875868,-0.95466876,-0.0019610524,0.2976642,0
-0.5583117,3.3813601,0.67336524,0.024880886,0.99595332,0.086360365,0
0.68833542,-3.3656149,-1.4001638,-0.024880886,-0.99595332,-0.086360365,0
0.388623,-3.4957612,-0.11517876,-0.024880886,-0.99595332,-0.086360365,0
0.073634624,-2.4827087,3.501579,0.29662898,-0.089851715,0.95075667,0
1.2227342,3.4051838,1.7165506,0.024880886,0.99595332,0.086360365,0
-1.8352227,3.7716165,-2.0051582,0.024880886,0.99595332,0.086360365,0
-1.0142187,2.2089987,-3.0950444,-0.29662898,0.089851715,-0.95075667,0
-1.0976322,-3.2627506,-2.3932781,-0.024880886,-0.99595332,-0.086360365,0
-1.7103968,3.5528731,-0.98172164,0.024880886,0.99595332,0.086360365,0
-1.6838634,2.635565,-0.48836839,-0.95466876,-0.0019610524,0.2976642,0
-1.991977,3.3169158,-1.4089837,-0.95466876,-0.0019610524,0.2976642,0
-0.28954601,-3.0010595,-3.8369489,-0.29662898,0.089851715,-0.95075667,0
-1.944554,-1.9969929,-1.4011801,-0.95466876,-0.0019610524,0.2976642,0
-2.0134118,1.1794454,-1.5442827,-0.95466876,-0.0019610524,0.2976642,0
0.60301912,2.8486447,-2.9685597,0.95466876,0.0019610524,-0.2976642,0
-0.88195276,-0.25682503,-3.3631458,-0.29662898,0.089851715,-0.95075667,0
0.089641571,-3.568563,3.3590198,0.29662898,-0.089851715,0.95075667,0
1.0663873,-0.45436174,3.3516829,0.29662898,-0.089851715,0.95075667,0
0.19007993,-0.9405067,-3.8555112,-0.29662898,0.089851715,-0.95075667,0
-1.1686313,-2.2611179,-3.6004198,-0.29662898,0.089851715,-0.95075667,0
-1.7271394,2.6107168,-2.928504,-0.29662898,0.089851715,-0.95075667,0
0.74406004,-3.3444276,-2.0445724,-0.024880886,-0.99595332,-0.086360365,0
-1.0898538,-3.6171875,1.150236,-0.024880886,-0.99595332,-0.086360365,0
-0.92508662,1.1119072,1.9485983,-0.95466876,-0.0019610524,0.2976642,0
2.1870458,1.6412261,1.8295379,0.95466876,0.0019610524,-0.2976642,0
-2.059103,-0.80110908,-3.1216643,-0.29662898,0.089851715,-0.95075667,0
-1.3801234,2.2218661,0.7041198,-0.95466876,-0.0019610524,0.2976642,0
2.0279031,-2.1886783,2.8762879,0.29662898,-0.089851715,0.95075667,0
-2.4427137,-1.6591387,-3.1197698,-0.29662898,0.089851715,-0.95075667,0
1.4802551,3.5261257,0.17940834,0.024880886,0.99595332,0.086360365,0
1.1769215,-2.7877891,3.1508937,0.29662898,-0.089851715,0.95075667,0
2.0343769,-1.4117684,2.9678068,0.29662898,-0.089851715,0.95075667,0
-1.3232731,-0.38197494,0.6363014,-0.95466876,-0.0019610524,0.2976642,0
-0.84476733,3.2887051,2.3077927,-0.95466876,-0.0019610524,0.2976642,0
0.25728893,-1.7703886,-3.9044135,0.95466876,0.0019610524,-0.2976642,0
-1.6669154,-3.3628314,-1.8903246,-0.024880886,-0.99595332,-0.086360365,0
0.38823199,3.1233277,3.4877708,0.024880886,0.99595332,0.086360365,0
-2.3114147,1.7678636,-2.4821196,-0.95466876,-0.0019610524,0.2976642,0
0.9098537,-3.438674,-1.9083853,-0.024880886,-0.99595332,-0.086360365,0
0.9331888,-1.4528142,3.2588265,0.29662898,-0.089851715,0.95075667,0
-0.58144248,0.62627971,-3.3521516,-0.29662898,0.089851715,-0.95075667,0
-1.060714,3.3704667,1.6386906,0.024880886,0.99595332,0.086360365,0
1.4057598,-0.37587956,3.2458262,0.29662898,-0.089851715,0.95075667,0
-1.6839502,-1.8699198,-3.3575258,-0.29662898,0.089851715,-0.95075667,0
2.4153285,0.27674872,2.8891106,0.29662898,-0.089851715,0.95075667,0
0.67789292,3.4847589,1.298473,0.024880886,0.99595332,0.086360365,0
2.2506864,-0.041572213,1.91853,0.95466876,0.0019610524,-0.2976642,0
0.33300066,3.548105,-1.6376443,0.024880886,0.99595332,0.086360365,0
-0.77085805,-3.6066604,1.5767159,-0.024880886,-0.99595332,-0.086360365,0
-0.76840115,1.5334138,2.4831641,-0.95466876,-0.0019610524,0.2976642,0
1.0913496,-3.6823492,2.9288788,0.29662898,-0.089851715,0.95075667,0
-1.1302344,-2.9053545,1.3775262,-0.95466876,-0.0019610524,0.2976642,0
0.1016407,-3.1404462,-3.9049237,-0.024880886,-0.99595332,-0.086360365,0
1.554847,-2.3938468,2.8661416,0.29662898,-0.089851715,0.95075667,0
-2.0524268,-2.6958632,-1.4186448,-0.95466876,-0.0019610524,0.2976642,0
0.80807751,-1.7075387,3.2809246,0.29662898,-0.089851715,0.95075667,0
1.1559141,-2.7108111,3.1571069,0.29662898,-0.089851715,0.95075667,0
-2.3686764,1.8399348,-2.4803286,-0.95466876,-0.0019610524,0.2976642,0
2.2044263,-2.7023706,2.2186275,0.95466876,0.0019610524,-0.2976642,0
0.15866375,3.8383842,-3.1635556,0.024880886,0.99595332,0.086360365,0
1.3529987,0.055754989,3.3197591,0.29662898,-0.089851715,0.95075667,0
-1.1909258,-2.1232412,1.0277351,-0.95466876,-0.0019610524,0.2976642,0
-0.81912661,-3.2231762,-2.9628692,-0.024880886,-0.99595332,-0.086360365,0
-1.0789647,1.3374914,-3.2524567,-0.29662898,0.089851715,-0.95075667,0
0.61815691,3.461663,0.078707755,0.024880886,0.99595332,0.086360365,0
-0.19433856,3.6041093,-1.7089086,0.024880886,0.99595332,0.086360365,0
-1.7421858,-3.1310697,-3.1871111,-0.024880886,-0.99595332,-0.086360365,0
0.23722482,-3.5498643,1.2748725,-0.024880886,-0.99595332,-0.086360365,0
0.23826385,-3.6184201,1.5396583,-0.024880886,-0.99595332,-0.086360365,0
-0.80265141,3.6035655,0.019583702,0.024880886,0.99595332,0.086360365,0
0.96166444,-1.8654358,-1.8932822,0.95466876,0.0019610524,-0.2976642,0
-0.62443137,1.9692515,2.9639244,-0.95466876,-0.0019610524,0.2976642,0
0.64361268,0.59205055,3.5719209,0.29662898,-0.089851715,0.95075667,0
1.7080226,1.3219143,3.2530777,0.29662898,-0.089851715,0.95075667,0
-2.0579972,2.0330856,-1.6185358,-0.95466876,-0.0019610524,0.2976642,0
1.23712,1.3956872,-1.0944787,0.95466876,0.0019610524,-0.2976642,0
0.73704171,-2.1072869,-2.8508601,0.95466876,0.0019610524,-0.2976642,0
-0.34928608,3.3058803,3.4438143,0.024880886,0.99595332,0.086360365,0
-1.4924338,2.2132442,-3.0630441,-0.29662898,0.089851715,-0.95075667,0
-1.519412,-0.7577877,0.3290301,-0.95466876,-0.0019610524,0.2976642,0
-2.0857096,-2.1985946,-1.831347,-0.95466876,-0.0019610524,0.2976642,0
-0.93213451,-1.5799004,-3.490396,-0.29662898,0.089851715,-0.95075667,0
0.41371435,-0.83149171,3.3854098,0.29662898,-0.089851715,0.95075667,0
-0.12617922,3.6656933,-0.9881103,0.024880886,0.99595332,0.086360365,0
-0.48172688,3.2140875,2.6770854,0.024880886,0.99595332,0.086360365,0
-0.70891643,-1.1687139,-3.5403931,-0.29662898,0.089851715,-0.95075667,0
1.1996386,-1.8491433,-1.2105345,0.95466876,0.0019610524,-0.2976642,0
-2.2871127,-1.4313588,-2.0383892,-0.95466876,-0.0019610524,0.2976642,0
0.92192459,0.48489451,-1.9926846,0.95466876,0.0019610524,-0.2976642,0
-1.1538043,2.9813533,1.6584728,-0.95466876,-0.0019610524,0.2976642,0
2.0956631,-1.8167391,1.7902129,0.95466876,0.0019610524,-0.2976642,0
1.4071033,-3.8148174,2.1501369,-0.024880886,-0.99595332,-0.086360365,0
0.23161006,3.712594,-2.539464,0.024880886,0.99595332,0.086360365,0
1.2138256,1.4389193,3.3539433,0.29662898,-0.089851715,0.95075667,0
-2.0783899,2.0725274,-1.8493221,-0.95466876,-0.0019610524,0.2976642,0
-0.7888329,-0.79380524,2.4632063,-0.95466876,-0.0019610524,0.2976642,0
-1.9618136,-2.5528486,-3.3902884,-0.29662898,0.089851715,-0.95075667,0
-1.8833587,1.7668854,-0.76000261,-0.95466876,-0.0019610524,0.2976642,0
-0.055267096,-3.2078269,-2.6039848,-0.024880886,-0.99595332,-0.086360365,0
-1.1542841,1.5907435,1.2110075,-0.95466876,-0.0019610524,0.2976642,0
-1.7676833,0.19548357,-0.59164262,-0.95466876,-0.0019610524,0.2976642,0
-0.23738194,3.3574531,1.8486557,0.024880886,0.99595332,0.086360365,0
-1.8669801,1.6430304,-2.9187248,-0.29662898,0.089851715,-0.95075667,0
-2.0697017,0.10477403,-2.9754038,-0.29662898,0.089851715,-0.95075667,0
-1.9002147,3.7032855,-2.7358909,0.024880886,0.99595332,0.086360365,0
0.039651394,-3.57973,1.792624,-0.024880886,-0.99595332,-0.086360365,0
-1.0762482,3.7345233,-2.2730246,0.024880886,0.99595332,0.086360365,0
-1.5755513,-3.3550975,-2.0981145,-0.024880886,-0.99595332,-0.086360365,0
-1.5081749,-0.021900505,-3.2553782,-0.29662898,0.089851715,-0.95075667,0
1.8636312,-3.6386657,2.7240601,0.29662898,-0.089851715,0.95075667,0
-2.4906104,-0.87605196,-2.9062514,-0.29662898,0.089851715,-0.95075667,0
1.5615605,-0.36145949,-0.32465425,0.95466876,0.0019610524,-0.2976642,0
-1.5576787,2.7896614,0.33679211,-0.95466876,-0.0019610524,0.2976642,0
0.77328014,-3.5959187,0.88938141,-0.024880886,-0.99595332,-0.086360365,0
-0.9440639,-3.4305673,-1.5558791,-0.024880886,-0.99595332,-0.086360365,0
2.359298,-3.6500394,2.244915,0.95466876,0.0019610524,-0.2976642,0
1.8717934,-0.95655107,2.9624538,0.29662898,-0.089851715,0.95075667,0
1.36555,-1.1674676,3.1023345,0.29662898,-0.089851715,0.95075667,0
1.6100767,3.3889976,0.75458419,0.024880886,0.99595332,0.086360365,0
0.057194471,1.7494057,3.8398123,0.29662898,-0.089851715,0.95075667,0
0.56766367,-3.4990418,-0.15009832,-0.024880886,-0.99595332,-0.086360365,0
-1.9259064,-0.57939827,-1.3245592,-0.95466876,-0.0019610524,0.2976642,0
-1.1062298,-3.2751667,-3.5777609,-0.024880886,-0.99595332,-0.086360365,0
0.7727704,3.4847329,-0.86448288,0.024880886,0.99595332,0.086360365,0
2.183636,-1.2844795,2.8039215,0.29662898,-0.089851715,0.95075667,0
1.1912555,0.93102741,3.4958236,0.29662898,-0.089851715,0.95075667,0
0.84180951,-2.6128252,3.2359061,0.29662898,-0.089851715,0.95075667,0
0.97068787,-1.6931962,-1.7680194,0.95466876,0.0019610524,-0.2976642,0
-1.6981959,3.580945,-2.8184209,-0.29662898,0.089851715,-0.95075667,0
2.2553091,2.2682519,3.2940726,0.29662898,-0.089851715,0.95075667,0
-0.68450308,-1.9681979,-3.745549,-0.29662898,0.089851715,-0.95075667,0
-2.3470972,-1.7614541,-3.2078857,-0.29662898,0.089851715,-0.95075667,0
-0.79761529,0.90440428,2.70856,-0.95466876,-0.0019610524,0.2976642,0
-1.2605135,-0.88746482,1.1631781,-0.95466876,-0.0019610524,0.2976642,0
1.8158067,-1.8247356,0.97499108,0.95466876,0.0019610524,-0.2976642,0
-1.8600607,-3.1753321,-3.3509853,-0.29662898,0.089851715,-0.95075667,0
-1.2925364,1.6298928,0.87425864,-0.95466876,-0.0019610524,0.2976642,0
-1.8439915,0.6644274,-3.0225611,-0.29662898,0.089851715,-0.95075667,0
-0.17203784,-0.87316418,-3.6117578,-0.29662898,0.089851715,-0.95075667,0
-1.6619126,1.0118248,-3.0633399,-0.29662898,0.089851715,-0.95075667,0
-0.97477293,-3.5002806,0.028805852,-0.024880886,-0.99595332,-0.086360365,0
-1.4664359,-3.513164,-0.33686608,-0.024880886,-0.99595332,-0.086360365,0
-1.8562423,-3.1968174,-1.0273546,-0.95466876,-0.0019610524,0.2976642,0
1.9341186,1.1007053,1.4200486,0.95466876,0.0019610524,-0.2976642,0
-0.91743112,3.7346838,-3.1328297,-0.29662898,0.089851715,-0.95075667,0
-0.59923369,-1.3595788,2.9054604,-0.95466876,-0.0019610524,0.2976642,0
-0.62337923,-3.2162454,-2.4052539,-0.024880886,-0.99595332,-0.086360365,0
-1.3327515,0.036035389,-3.1633549,-0.29662898,0.089851715,-0.95075667,0
1.6158541,2.0629306,3.298377,0.29662898,-0.089851715,0.95075667,0
1.9752049,-2.3054285,2.7484331,0.29662898,-0.089851715,0.95075667,0
-1.5927531,1.5808955,-2.9535053,-0.29662898,0.089851715,-0.95075667,0
-1.7530624,-0.25841475,-0.45635903,-0.95466876,-0.0019610524,0.2976642,0
-0.12278092,-1.0886176,-3.6912007,-0.29662898,0.089851715,-0.95075667,0
-0.56494397,-0.34008229,3.380846,-0.95466876,-0.0019610524,0.2976642,0
1.901827,3.1147442,1.2603798,0.95466876,0.0019610524,-0.2976642,0
-1.8510742,-0.45794725,-1.0430051,-0.95466876,-0.0019610524,0.2976642,0
1.1040812,-3.6906753,0.81562185,-0.024880886,-0.99595332,-0.086360365,0
0.65297258,2.7690492,-2.9304564,0.95466876,0.0019610524,-0.2976642,0
-1.55235,-1.9431462,-3.402961,-0.29662898,0.089851715,-0.95075667,0
0.84191608,3.6345587,-0.60261059,0.024880886,0.99595332,0.086360365,0
1.8150344,3.3628232,1.6015246,0.024880886,0.99595332,0.086360365,0
-1.7327107,2.0566249,-0.75912523,-0.95466876,-0.0019610524,0.2976642,0
0.22790098,3.25945,2.4179659,0.024880886,0.99595332,0.086360365,0
-0.0052719116,-2.7269392,-3.9251232,-0.29662898,0.089851715,-0.95075667,0
0.23801583,-1.9238914,3.5027902,0.29662898,-0.089851715,0.95075667,0
-0.51526833,-2.5454273,3.1470087,-0.95466876,-0.0019610524,0.2976642,0
0.37953949,3.2194967,3.0204279,0.024880886,0.99595332,0.086360365,0
-1.0376787,0.40826643,1.4689946,-0.95466876,-0.0019610524,0.2976642,0
2.3171225,-3.7143784,2.5858445,0.29662898,-0.089851715,0.95075667,0
0.66319752,0.7842977,-2.7489679,0.95466876,0.0019610524,-0.2976642,0
0.37380624,1.4427732,3.7900758,0.29662898,-0.089851715,0.95075667,0
-1.3122305,-1.9752949,-3.4745336,-0.29662898,0.089851715,-0.95075667,0
0.11672068,3.1899607,3.0446038,0.024880886,0.99595332,0.086360365,0
2.4486706,1.6202701,2.9722168,0.95466876,0.0019610524,-0.2976642,0
-2.2457905,-1.6547809,-3.108429,-0.29662898,0.089851715,-0.95075667,0
1.2203701,-3.6418393,2.0429666,-0.024880886,-0.99595332,-0.086360365,0
0.52235532,3.6319537,-1.7445943,0.024880886,0.99595332,0.086360365,0
0.18990803,3.457552,-0.30285287,0.024880886,0.99595332,0.086360365,0
-1.5306978,2.8530571,0.46825385,-0.95466876,-0.0019610524,0.2976642,0
-2.3861783,1.9896199,-2.7326751,-0.29662898,0.089851715,-0.95075667,0
-1.9208124,3.4928033,-2.6937122,-0.29662898,0.089851715,-0.95075667,0
2.3567302,2.1032269,2.7102728,0.95466876,0.0019610524,-0.2976642,0
-1.1248844,-2.1465766,1.5376786,-0.95466876,-0.0019610524,0.2976642,0
-2.3647175,-0.11597681,-2.8602016,-0.29662898,0.089851715,-0.95075667,0
-1.2803457,3.6730428,-1.2748818,0.024880886,0.99595332,0.086360365,0
2.1831415,-3.6367269,2.1087883,0.95466876,0.0019610524,-0.2976642,0
-1.7985945,-3.3483746,-1.5938934,-0.024880886,-0.99595332,-0.086360365,0
-0.90797621,0.29754913,2.4352632,-0.95466876,-0.0019610524,0.2976642,0
0.33137488,-1.3457701,-3.6539931,0.95466876,0.0019610524,-0.2976642,0
-0.48839644,0.74477106,-3.4885337,-0.29662898,0.089851715,-0.95075667,0
0.95421767,-2.3133292,-1.8507438,0.95466876,0.0019610524,-0.2976642,0
0.29343411,1.3180749,-3.6806448,-0.29662898,0.089851715,-0.95075667,0
2.0122828,-2.0866499,1.2594881,0.95466876,0.0019610524,-0.2976642,0
-0.45190668,3.4075141,0.24192035,0.024880886,0.99595332,0.086360365,0
0.97445512,-3.7917883,2.3502929,-0.024880886,-0.99595332,-0.086360365,0
-1.3922871,1.1836364,-3.1721067,-0.29662898,0.089851715,-0.95075667,0
-1.5596795,2.3187795,-2.9518263,-0.29662898,0.089851715,-0.95075667,0
1.436448,-0.98092788,3.1776838,0.29662898,-0.089851715,0.95075667,0
1.3390554,3.3785806,-1.0579147,0.95466876,0.0019610524,-0.2976642,0
-1.9293928,0.63032365,-2.9619331,-0.29662898,0.089851715,-0.95075667,0
2.0435159,0.97802496,3.2223125,0.29662898,-0.089851715,0.95075667,0
-2.2628536,1.8757216,-2.0090463,-0.95466876,-0.0019610524,0.2976642,0
-0.11597252,3.3928592,1.2270048,0.024880886,0.99595332,0.086360365,0
-0.082851648,3.3275957,1.8578191,0.024880886,0.99595332,0.086360365,0
0.73212409,-2.5074763,-2.9764881,0.95466876,0.0019610524,-0.2976642,0
1.6307728,3.3062344,1.1262517,0.024880886,0.99595332,0.086360365,0
-0.99103367,-0.77442133,1.6349933,-0.95466876,-0.0019610524,0.2976642,0
-0.53633022,-3.2681322,-2.7112436,-0.024880886,-0.99595332,-0.086360365,0
1.9536474,1.5000062,3.2632453,0.29662898,-0.089851715,0.95075667,0
0.57216883,-3.4773545,3.219418,0.29662898,-0.089851715,0.95075667,0
2.0478201,-0.65449381,1.4607043,0.95466876,0.0019610524,-0.2976642,0
0.18393373,3.6929073,-3.1062469,0.024880886,0.99595332,0.086360365,0
-1.3628039,-2.7503335,-3.5048594,-0.29662898,0.089851715,-0.95075667,0
-1.865949,-0.63962692,-3.1287148,-0.29662898,0.089851715,-0.95075667,0
-1.3172804,2.8399391,-3.0109329,-0.29662898,0.089851715,-0.95075667,0
0.20450735,-3.0925512,-3.935813,-0.024880886,-0.99595332,-0.086360365,0
1.7808264,2.9072514,0.35664761,0.95466876,0.0019610524,-0.2976642,0
-1.4137185,0.59086657,0.82986838,-0.95466876,-0.0019610524,0.2976642,0
0.71698523,3.0373139,3.6800416,0.29662898,-0.089851715,0.95075667,0
1.0688621,2.2875042,-1.4352074,0.95466876,0.0019610524,-0.2976642,0
-0.17881417,3.6883066,-3.3646727,-0.29662898,0.089851715,-0.95075667,0
-1.1431143,-3.2529941,-2.554862,-0.024880886,-0.99595332,-0.086360365,0
1.6836509,3.2886138,0.32328779,0.95466876,0.0019610524,-0.2976642,0
1.6834028,0.98374128,0.088702023,0.95466876,0.0019610524,-0.2976642,0
-2.3352144,0.51522148,-2.8612876,-0.29662898,0.089851715,-0.95075667,0
-1.6765063,-2.1039803,-3.2906804,-0.29662898,0.089851715,-0.95075667,0
0.95985532,3.5143743,-0.32413411,0.024880886,0.99595332,0.086360365,0
0.5075255,-1.4039241,3.3047652,0.29662898,-0.089851715,0.95075667,0
1.1581275,-3.2439308,3.0216985,0.29662898,-0.089851715,0.95075667,0
-1.6762607,-3.0947802,-3.4584134,-0.024880886,-0.99595332,-0.086360365,0
-0.47429669,0.06480968,-3.5117106,-0.29662898,0.089851715,-0.95075667,0
1.9095148,2.0394838,1.2321247,0.95466876,0.0019610524,-0.2976642,0
1.4212668,3.2532811,3.4217589,0.024880886,0.99595332,0.086360365,0
1.8401504,0.17726716,3.1060681,0.29662898,-0.089851715,0.95075667,0
-2.0538816,-3.1897814,-2.5287762,-0.024880886,-0.99595332,-0.086360365,0
-1.827028,-3.3601842,-2.2747736,-0.024880886,-0.99595332,-0.086360365,0
-0.037080526,-1.4299402,-3.7338693,-0.29662898,0.089851715,-0.95075667,0
1.005214,3.49962,-2.0161226,0.95466876,0.0019610524,-0.2976642,0
-1.8517663,0.90373182,-1.1647103,-0.95466876,-0.0019610524,0.2976642,0
-0.43452466,0.88968992,3.6914186,-0.95466876,-0.0019610524,0.2976642,0
1.5918705,-3.6936464,2.0375221,-0.024880886,-0.99595332,-0.086360365,0
0.40809703,-0.95113194,-3.4530849,0.95466876,0.0019610524,-0.2976642,0
-1.0415908,-0.019788742,1.3948939,-0.95466876,-0.0019610524,0.2976642,0
-1.8874383,-3.3157237,-1.906286,-0.024880886,-0.99595332,-0.086360365,0
-1.2375916,0.72285426,1.3735954,-0.95466876,-0.0019610524,0.2976642,0
-0.70649123,2.9787502,-3.1632648,-0.29662898,0.089851715,-0.95075667,0
-1.1369014,-3.4053762,-1.8356309,-0.024880886,-0.99595332,-0.086360365,0
1.753345,0.86365533,0.81536162,0.95466876,0.0019610524,-0.2976642,0
-1.196162,2.5067196,1.3605766,-0.95466876,-0.0019610524,0.2976642,0
-2.2387795,1.5742508,-2.7596881,-0.29662898,0.089851715,-0.95075667,0
-0.39982033,-0.83355474,3.4865899,-0.95466876,-0.0019610524,0.2976642,0
0.46506691,-2.8259139,-3.3427582,0.95466876,0.0019610524,-0.2976642,0
0.5811522,-3.5234787,0.21640217,-0.024880886,-0.99595332,-0.086360365,0
0.41247034,3.4020181,0.71795928,0.024880886,0.99595332,0.086360365,0
-1.2233634,3.5102561,-2.957149,-0.29662898,0.089851715,-0.95075667,0
0.10486862,0.66173542,-3.7086906,-0.29662898,0.089851715,-0.95075667,0
-0.66560578,-3.2619166,-2.6455235,-0.024880886,-0.99595332,-0.086360365,0
-0.79361033,-3.3527403,-1.1700802,-0.024880886,-0.99595332,-0.086360365,0
0.38024902,-3.3002384,-2.1466036,-0.024880886,-0.99595332,-0.086360365,0
2.3650255,2.8345587,2.3631744,0.95466876,0.0019610524,-0.2976642,0
1.2108557,1.7893229,3.4990754,0.29662898,-0.089851715,0.95075667,0
0.14071727,0.35151076,-3.7965059,-0.29662898,0.089851715,-0.95075667,0
1.6817541,-1.3196243,0.66139531,0.95466876,0.0019610524,-0.2976642,0
-0.60485476,-1.71769,2.7657561,-0.95466876,-0.0019610524,0.2976642,0
-0.91661704,-1.0260903,2.3214014,-0.95466876,-0.0019610524,0.2976642,0
-0.94126153,3.6035378,-1.887238,0.024880886,0.99595332,0.086360365,0
-2.0058579,-0.56734276,-3.0502107,-0.29662898,0.089851715,-0.95075667,0
1.3134412,2.1714053,-0.59141576,0.95466876,0.0019610524,-0.2976642,0
-0.047151804,1.7393701,-3.5766196,-0.29662898,0.089851715,-0.95075667,0
-1.7157142,-0.062760532,-3.1291168,-0.29662898,0.089851715,-0.95075667,0
-0.53026032,3.649889,-1.5179632,0.024880886,0.99595332,0.086360365,0
0.61363029,-3.4109588,-1.7405019,-0.024880886,-0.99595332,-0.086360365,0
1.2671912,0.38812077,-0.78873181,0.95466876,0.0019610524,-0.2976642,0
0.7600956,-2.5974982,3.211134,0.29662898,-0.089851715,0.95075667,0
-2.2856553,1.1038566,-2.0907979,-0.95466876,-0.0019610524,0.2976642,0
1.2693832,3.4678836,0.91728091,0.024880886,0.99595332,0.086360365,0
1.7317233,-0.72942531,2.9749732,0.29662898,-0.089851715,0.95075667,0
-0.47630239,3.4170196,0.25209326,0.024880886,0.99595332,0.086360365,0
0.15528417,-2.3298516,-3.880353,-0.29662898,0.089851715,-0.95075667,0
-2.0184622,-2.5322635,-1.6263409,-0.95466876,-0.0019610524,0.2976642,0
-2.0166836,2.3614578,-1.4975049,-0.95466876,-0.0019610524,0.2976642,0
0.65781903,3.4866691,-0.17228973,0.024880886,0.99595332,0.086360365,0
1.314301,-3.695945,3.0092592,0.29662898,-0.089851715,0.95075667,0
-0.87815857,2.3386383,2.5157957,-0.95466876,-0.0019610524,0.2976642,0
1.588969,-3.7863424,2.6367588,-0.024880886,-0.99595332,-0.086360365,0
1.3290881,1.2466286,3.446105,0.29662898,-0.089851715,0.95075667,0
0.15730476,-2.0830841,-3.9121411,-0.29662898,0.089851715,-0.95075667,0
1.0760024,-3.4387465,-0.17686725,-0.024880886,-0.99595332,-0.086360365,0
-0.3097353,-3.6256866,0.75440443,-0.024880886,-0.99595332,-0.086360365,0
-0.91783512,-0.12301135,2.4305911,-0.95466876,-0.0019610524,0.2976642,0
0.43535948,-3.639384,1.3576787,-0.024880886,-0.99595332,-0.086360365,0
0.5097611,-1.6728612,-3.2077832,0.95466876,0.0019610524,-0.2976642,0
0.49645472,3.3424997,1.8892097,0.024880886,0.99595332,0.086360365,0
0.3761749,-0.8314594,3.573725,0.29662898,-0.089851715,0.95075667,0
-1.5053009,2.0736694,-0.082997799,-0.95466876,-0.0019610524,0.2976642,0
-0.53057933,2.5518763,3.413764,-0.95466876,-0.0019610524,0.2976642,0
2.2798676,-2.8054278,2.0557346,0.95466876,0.0019610524,-0.2976642,0
0.46330166,-3.3996477,-2.3410399,-0.024880886,-0.99595332,-0.086360365,0
-1.5883394,-0.43555331,-0.27774137,-0.95466876,-0.0019610524,0.2976642,0
-2.1714725,1.4112375,-2.7712166,-0.29662898,0.089851715,-0.95075667,0
0.070961714,-1.1041217,-3.772943,-0.29662898,0.089851715,-0.95075667,0
1.4644835,1.1403303,-0.078982383,0.95466876,0.0019610524,-0.2976642,0
-0.69774938,3.1923816,3.0902095,-0.95466876,-0.0019610524,0.2976642,0
-1.8943429,3.7936478,-2.7204657,0.024880886,0.99595332,0.086360365,0
1.6155794,2.8065076,-0.10510442,0.95466876,0.0019610524,-0.2976642,0
-1.5142342,0.027253032,0.40024814,-0.95466876,-0.0019610524,0.2976642,0
-0.92892909,1.4836706,2.1490283,-0.95466876,-0.0019610524,0.2976642,0
-1.2886781,-1.2601169,1.2228196,-0.95466876,-0.0019610524,0.2976642,0
1.5180235,2.4157155,3.5123067,0.29662898,-0.089851715,0.95075667,0
-0.46488428,-2.8566029,3.2328873,-0.95466876,-0.0019610524,0.2976642,0
1.0804191,3.4537413,0.53458738,0.024880886,0.99595332,0.086360365,0
0.84497142,3.3730967,1.24806,0.024880886,0.99595332,0.086360365,0
-0.37265348,-3.8506362,3.2998469,-0.024880886,-0.99595332,-0.086360365,0
0.48402303,1.0422332,-3.2445846,0.95466876,0.0019610524,-0.2976642,0
1.5474472,-0.035985351,0.029431939,0.95466876,0.0019610524,-0.2976642,0
-1.9412413,-0.31709769,-3.1526229,-0.29662898,0.089851715,-0.95075667,0
1.608938,-2.5555415,0.052895188,0.95466876,0.0019610524,-0.2976642,0
-0.45432454,-0.32812643,-3.628999,-0.29662898,0.089851715,-0.95075667,0
0.71304083,-1.7950599,3.2802236,0.29662898,-0.089851715,0.95075667,0
-0.32696342,-3.370446,3.4887717,0.29662898,-0.089851715,0.95075667,0
0.91599274,3.7301254,-2.0853708,0.024880886,0.99595332,0.086360365,0
-0.065253496,-1.2591649,-3.7714593,-0.29662898,0.089851715,-0.95075667,0
-0.8684957,-3.3085465,-2.7327192,-0.024880886,-0.99595332,-0.086360365,0
-0.21945357,3.6311266,-1.5003724,0.024880886,0.99595332,0.086360365,0
1.2287591,-3.430171,-0.18142748,-0.024880886,-0.99595332,-0.086360365,0
-2.3842978,2.3496945,-2.6535683,-0.95466876,-0.0019610524,0.2976642,0
2.1928675,-2.9818902,2.3074002,0.95466876,0.0019610524,-0.2976642,0
-1.6484135,0.22805178,-0.42632115,-0.95466876,-0.0019610524,0.2976642,0
1.8958135,1.799931,1.2616024,0.95466876,0.0019610524,-0.2976642,0
-1.7026595,-2.2686877,-3.3629775,-0.29662898,0.089851715,-0.95075667,0
1.8670803,-0.10941744,0.83051062,0.95466876,0.0019610524,-0.2976642,0
2.4044871,0.21684027,2.8475878,0.29662898,-0.089851715,0.95075667,0
0.32302952,-3.4194622,-0.57607543,-0.024880886,-0.99595332,-0.086360365,0
2.3429532,-1.1979054,2.3179903,0.95466876,0.0019610524,-0.2976642,0
-1.2936995,-0.0054755807,-3.2860351,-0.29662898,0.089851715,-0.95075667,0
1.8298199,-3.8245459,2.3463588,-0.024880886,-0.99595332,-0.086360365,0
1.8370117,3.2883406,1.0866086,0.024880886,0.99595332,0.086360365,0
-1.4782742,-2.331656,-3.3558688,-0.29662898,0.089851715,-0.95075667,0
0.8165198,-1.5320656,3.3489053,0.29662898,-0.089851715,0.95075667,0
1.0962098,-2.6042185,-1.552189,0.95466876,0.0019610524,-0.2976642,0
2.32166,-0.89823318,2.3252852,0.95466876,0.0019610524,-0.2976642,0
1.5042958,-3.8306117,2.6549673,-0.024880886,-0.99595332,-0.086360365,0
1.6327178,-3.7605896,1.8819361,-0.024880886,-0.99595332,-0.086360365,0
-0.24002743,-3.542069,1.190668,-0.024880886,-0.99595332,-0.086360365,0
1.474328,0.11366642,-0.077239573,0.95466876,0.0019610524,-0.2976642,0
-0.15627909,3.3170469,1.2121613,0.024880886,0.99595332,0.086360365,0
-0.23560071,3.5173483,-0.89449847,0.024880886,0.99595332,0.086360365,0
1.0511501,-3.6767366,0.89205885,-0.024880886,-0.99595332,-0.086360365,0
-0.51101112,-1.095493,3.5733564,-0.95466876,-0.0019610524,0.2976642,0
-2.1019182,-1.5206933,-1.9954915,-0.95466876,-0.0019610524,0.2976642,0
-0.92189765,2.3935649,1.8434199,-0.95466876,-0.0019610524,0.2976642,0
1.4795322,-3.626235,0.30573153,-0.024880886,-0.99595332,-0.086360365,0
-0.20172501,-1.9453145,-3.8708963,-0.29662898,0.089851715,-0.95075667,0
-0.89951587,0.3424989,2.4394979,-0.95466876,-0.0019610524,0.2976642,0
0.78915882,3.6896844,-1.4148824,0.024880886,0.99595332,0.086360365,0
0.8834666,-0.99155784,3.3411832,0.29662898,-0.089851715,0.95075667,0
1.8770921,0.4965263,0.75008285,0.95466876,0.0019610524,-0.2976642,0
-1.5574942,0.37111735,0.020868719,-0.95466876,-0.0019610524,0.2976642,0
1.0529476,-2.1994936,3.1298521,0.29662898,-0.089851715,0.95075667,0
-0.93499494,3.7393758,-3.0726752,-0.29662898,0.089851715,-0.95075667,0
2.4137154,1.103862,2.4784527,0.95466876,0.0019610524,-0.2976642,0
0.66086841,3.5658839,-1.2544399,0.024880886,0.99595332,0.086360365,0
1.4628661,3.1802449,2.8479111,0.024880886,0.99595332,0.086360365,0
-1.7754064,-3.2227809,-2.4682744,-0.024880886,-0.99595332,-0.086360365,0
1.9448396,-1.4372755,2.9052086,0.29662898,-0.089851715,0.95075667,0
1.850895,3.1222444,0.86987597,0.95466876,0.0019610524,-0.2976642,0
-2.2402117,0.54583645,-2.8841147,-0.29662898,0.089851715,-0.95075667,0
-2.3696861,0.59608972,-2.7449927,-0.95466876,-0.0019610524,0.2976642,0
2.1356406,2.9465852,1.7512836,0.95466876,0.0019610524,-0.2976642,0
1.986138,3.1230297,2.7847481,0.024880886,0.99595332,0.086360365,0
2.1527758,2.8751323,3.2952363,0.29662898,-0.089851715,0.95075667,0
-2.2917373,3.7393575,-2.492836,0.024880886,0.99595332,0.086360365,0
-0.78460574,-3.5859833,1.1283441,-0.024880886,-0.99595332,-0.086360365,0
-0.48673141,-0.13418424,3.2160478,-0.95466876,-0.0019610524,0.2976642,0
-1.2591512,3.5177526,0.46710062,0.024880886,0.99595332,0.086360365,0
1.680737,3.1973681,2.7685223,0.024880886,0.99595332,0.086360365,0
-1.5913744,3.3526559,0.14157748,-0.95466876,-0.0019610524,0.2976642,0
2.4051907,1.6145885,2.9829078,0.29662898,-0.089851715,0.95075667,0
0.98039365,-3.5733018,-0.53990197,-0.024880886,-0.99595332,-0.086360365,0
0.88998961,-3.039067,3.1067946,0.29662898,-0.089851715,0.95075667,0
1.8245497,-2.6363177,0.81738877,0.95466876,0.0019610524,-0.2976642,0
2.4963512,-2.1719398,2.641757,0.95466876,0.0019610524,-0.2976642,0
2.4562347,-0.22355473,2.900754,0.95466876,0.0019610524,-0.2976642,0
-0.74689698,-0.84888697,2.626308,-0.95466876,-0.0019610524,0.2976642,0
-1.2502422,3.798579,-2.1175907,0.024880886,0.99595332,0.086360365,0
1.5995157,-3.1136174,2.9572086,0.29662898,-0.089851715,0.95075667,0
0.96344757,3.4697962,0.8044486,0.024880886,0.99595332,0.086360365,0
0.65946078,3.8170295,-2.5435147,0.024880886,0.99595332,0.086360365,0
0.85761929,-3.2255349,-1.9925842,0.95466876,0.0019610524,-0.2976642,0
-0.24127483,3.4166255,0.29166949,0.024880886,0.99595332,0.086360365,0
-1.7635959,1.3451397,-3.0877357,-0.29662898,0.089851715,-0.95075667,0
1.4331577,-3.271759,3.0211253,0.29662898,-0.089851715,0.95075667,0
2.0136511,3.1145473,3.2916298,0.024880886,0.99595332,0.086360365,0
-1.5709008,-2.9695551,-0.038584776,-0.95466876,-0.0019610524,0.2976642,0
2.5218368,1.5225198,3.0949612,0.29662898,-0.089851715,0.95075667,0
-0.68069243,-3.2858136,-2.8468854,-0.024880886,-0.99595332,-0.086360365,0
0.4067747,-0.50921011,3.5927734,0.29662898,-0.089851715,0.95075667,0
0.73764288,1.8582965,-2.930547,0.95466876,0.0019610524,-0.2976642,0
1.7643261,-1.2017175,3.0624208,0.29662898,-0.089851715,0.95075667,0
2.4958277,2.5013506,2.7784996,0.95466876,0.0019610524,-0.2976642,0
-1.2071316,2.9019878,-2.9988518,-0.29662898,0.089851715,-0.95075667,0
1.8904562,-0.99800807,3.055269,0.29662898,-0.089851715,0.95075667,0
-1.8885427,3.6809292,-2.3969817,0.024880886,0.99595332,0.086360365,0
0.64605403,3.301682,2.2416439,0.024880886,0.99595332,0.086360365,0
0.92344236,-3.3440504,-1.5042523,-0.024880886,-0.99595332,-0.086360365,0
-0.48476696,3.2851968,1.9663744,0.024880886,0.99595332,0.086360365,0
0.16348517,0.53489089,-3.6127813,-0.29662898,0.089851715,-0.95075667,0
-1.3713309,2.3848886,-3.0097549,-0.29662898,0.089851715,-0.95075667,0
-0.55349493,3.741715,-2.4035873,0.024880886,0.99595332,0.086360365,0
1.9601066,2.4412863,1.1487337,0.95466876,0.0019610524,-0.2976642,0
-1.1467407,-3.2455304,-2.5409112,-0.024880886,-0.99595332,-0.086360365,0
2.1021221,-3.4158449,1.7870488,0.95466876,0.0019610524,-0.2976642,0
-0.8832891,2.9350913,-3.1066368,-0.29662898,0.089851715,-0.95075667,0
2.4411533,0.97263712,3.1015871,0.29662898,-0.089851715,0.95075667,0
-2.3717222,-0.067844927,-2.4525614,-0.95466876,-0.0019610524,0.2976642,0
-0.59733772,3.6922808,-3.02669,0.024880886,0.99595332,0.086360365,0
-0.59235692,3.5598059,0.1148355,0.024880886,0.99595332,0.086360365,0
-1.8659363,0.013717532,-1.2590828,-0.95466876,-0.0019610524,0.2976642,0
0.40798903,-3.3171999,-2.6929746,-0.024880886,-0.99595332,-0.086360365,0
0.98517776,-3.5375957,-0.31293374,-0.024880886,-0.99595332,-0.086360365,0
-1.3267956,0.091059238,-3.2872415,-0.29662898,0.089851715,-0.95075667,0
0.47586393,-2.9827297,-3.6996379,0.95466876,0.0019610524,-0.2976642,0
-0.52952003,-1.7948475,-3.7254424,-0.29662898,0.089851715,-0.95075667,0
0.016604662,-3.4317,-0.80054778,-0.024880886,-0.99595332,-0.086360365,0
0.52523971,3.1498988,2.9130914,0.024880886,0.99595332,0.086360365,0
2.1968584,1.0661297,3.1305995,0.29662898,-0.089851715,0.95075667,0
-1.300177,-2.5982831,1.090803,-0.95466876,-0.0019610524,0.2976642,0
1.7565868,-3.2377071,0.43628073,0.95466876,0.0019610524,-0.2976642,0
-0.62636793,-0.51635706,3.3315899,-0.95466876,-0.0019610524,0.2976642,0
0.59856033,-3.6105971,0.72766721,-0.024880886,-0.99595332,-0.086360365,0
0.84744036,-0.46050978,-2.3872561,0.95466876,0.0019610524,-0.2976642,0
-0.90266806,-0.24681705,-3.4696341,-0.29662898,0.089851715,-0.95075667,0
-0.22747636,-1.4693935,-3.7426889,-0.29662898,0.089851715,-0.95075667,0
2.2711732,-0.78333604,2.7945268,0.29662898,-0.089851715,0.95075667,0
-0.7531774,1.9779489,-3.2005146,-0.29662898,0.089851715,-0.95075667,0
1.5232348,3.0029974,3.5496144,0.29662898,-0.089851715,0.95075667,0
1.3872416,1.3464658,3.3051264,0.29662898,-0.089851715,0.95075667,0
-0.44725728,1.2656505,3.5303206,-0.95466876,-0.0019610524,0.2976642,0
-1.4920043,-3.4773781,0.12345108,-0.024880886,-0.99595332,-0.086360365,0
-0.48193908,2.8913465,-3.3227317,-0.29662898,0.089851715,-0.95075667,0
-2.0923104,0.13977408,-1.4047334,-0.95466876,-0.0019610524,0.2976642,0
-0.15046811,3.3609414,2.6083844,0.024880886,0.99595332,0.086360365,0
-0.69764537,-2.3736141,2.9056301,-0.95466876,-0.0019610524,0.2976642,0
0.8287499,3.5895438,-1.5840119,0.024880886,0.99595332,0.086360365,0
-0.46419001,3.2966633,3.5691638,0.024880886,0.99595332,0.086360365,0
2.0936408,0.091443062,1.6539829,0.95466876,0.0019610524,-0.2976642,0
0.86002445,3.3978412,0.29910812,0.024880886,0.99595332,0.086360365,0
-0.83289242,-3.4696352,0.0044478178,-0.024880886,-0.99595332,-0.086360365,0
0.46435475,3.5415821,-1.4298797,0.024880886,0.99595332,0.086360365,0
0.18423599,-1.4424918,3.5088954,0.29662898,-0.089851715,0.95075667,0
0.28684998,-3.2579508,-3.6257305,-0.024880886,-0.99595332,-0.086360365,0
2.0024021,-0.95396268,1.3374188,0.95466876,0.0019610524,-0.2976642,0
-0.31472278,-3.7130952,3.0591235,-0.024880886,-0.99595332,-0.086360365,0
2.040087,-3.5456395,2.8138084,0.29662898,-0.089851715,0.95075667,0
-0.053118944,-3.5294094,0.77996218,-0.024880886,-0.99595332,-0.086360365,0
-1.5963472,1.9116495,0.24962759,-0.95466876,-0.0019610524,0.2976642,0
0.33857679,-3.4912326,0.27867413,-0.024880886,-0.99595332,-0.086360365,0
-0.36109066,2.5130858,3.7698357,-0.95466876,-0.0019610524,0.2976642,0
-0.29752874,-1.1523998,-3.7797103,-0.29662898,0.089851715,-0.95075667,0
-1.6263856,-2.136797,-3.2723038,-0.29662898,0.089851715,-0.95075667,0
-2.0835712,-3.381897,-1.8643253,-0.024880886,-0.99595332,-0.086360365,0
0.85963249,3.419992,0.77739841,0.024880886,0.99595332,0.086360365,0
2.0689116,-3.4465981,2.6961141,0.29662898,-0.089851715,0.95075667,0
-2.2693522,-0.38545263,-1.909508,-0.95466876,-0.0019610524,0.2976642,0
1.2634208,0.79839969,-1.0321852,0.95466876,0.0019610524,-0.2976642,0
1.2378619,-2.502862,-0.89746493,0.95466876,0.0019610524,-0.2976642,0
-1.1632036,-1.5263562,1.1127713,-0.95466876,-0.0019610524,0.2976642,0
0.57999444,-1.7530787,-3.2908525,0.95466876,0.0019610524,-0.2976642,0
-0.12853003,-3.1894503,-3.9468746,-0.024880886,-0.99595332,-0.086360365,0
-1.5683813,0.9371506,-0.15350676,-0.95466876,-0.0019610524,0.2976642,0
1.9529896,2.5505962,1.0366293,0.95466876,0.0019610524,-0.2976642,0
-2.087127,0.50273669,-1.7639906,-0.95466876,-0.0019610524,0.2976642,0
2.0115566,1.5250882,3.2071962,0.29662898,-0.089851715,0.95075667,0
-1.6251737,-1.0583571,-3.1833692,-0.29662898,0.089851715,-0.95075667,0
-1.9202725,0.44997692,-0.78345418,-0.95466876,-0.0019610524,0.2976642,0
1.5577462,-3.5131202,0.51319003,-0.024880886,-0.99595332,-0.086360365,0
-0.15668607,3.5503066,-0.87920284,0.024880886,0.99595332,0.086360365,0
-0.62541157,-0.62276495,2.8979268,-0.95466876,-0.0019610524,0.2976642,0
0.021810055,-0.060607076,3.5948827,0.29662898,-0.089851715,0.95075667,0
1.6101189,-2.3020258,0.031285882,0.95466876,0.0019610524,-0.2976642,0
1.6099766,-1.8797132,0.34713984,0.95466876,0.0019610524,-0.2976642,0
0.59960413,-3.5281289,0.64658439,-0.024880886,-0.99595332,-0.086360365,0
0.087908745,3.6659455,-2.3705795,0.024880886,0.99595332,0.086360365,0
2.2036176,0.48919025,2.3349533,0.95466876,0.0019610524,-0.2976642,0
-0.53716326,0.67409277,-3.4009275,-0.29662898,0.089851715,-0.95075667,0
-0.24092627,3.4404457,0.40052158,0.024880886,0.99595332,0.086360365,0
0.52859569,3.2974341,2.1051736,0.024880886,0.99595332,0.086360365,0
-1.0070539,3.7659144,-2.1884685,0.024880886,0.99595332,0.086360365,0
-0.43765903,-3.2309444,-3.5134771,-0.024880886,-0.99595332,-0.086360365,0
1.2630687,-2.5914836,-1.1004841,0.95466876,0.0019610524,-0.2976642,0
-0.25496459,-3.4160378,-1.7187136,-0.024880886,-0.99595332,-0.086360365,0
-0.86372066,2.9724386,-3.1983209,-0.29662898,0.089851715,-0.95075667,0
0.17435217,-3.1293771,3.2587919,0.29662898,-0.089851715,0.95075667,0
-1.6330168,-3.4450018,-0.45402449,-0.024880886,-0.99595332,-0.086360365,0
-0.45233917,-2.0602081,-3.7044413,-0.29662898,0.089851715,-0.95075667,0
-2.337158,-0.90433109,-2.5026326,-0.95466876,-0.0019610524,0.2976642,0
1.4386516,-0.81976843,3.0627077,0.29662898,-0.089851715,0.95075667,0
1.8183239,3.2533052,3.0204096,0.024880886,0.99595332,0.086360365,0
-1.0157232,3.6427617,-1.9792087,0.024880886,0.99595332,0.086360365,0
-0.41749191,3.4120855,1.2133274,0.024880886,0.99595332,0.086360365,0
1.7185175,0.95969558,0.34436226,0.95466876,0.0019610524,-0.2976642,0
1.7642074,2.230691,0.60613811,0.95466876,0.0019610524,-0.2976642,0
-0.65396571,-2.8160288,-3.7476878,-0.29662898,0.089851715,-0.95075667,0
0.62449682,-0.61515522,-3.0582275,0.95466876,0.0019610524,-0.2976642,0
-1.5802433,-3.219023,-2.9925003,-0.024880886,-0.99595332,-0.086360365,0
2.0737252,0.17332448,3.0354552,0.29662898,-0.089851715,0.95075667,0
-1.1441715,1.951106,1.0829085,-0.95466876,-0.0019610524,0.2976642,0
2.2763302,-3.494561,2.4610591,0.95466876,0.0019610524,-0.2976642,0
-1.9550333,-2.2909586,-3.3303087,-0.29662898,0.089851715,-0.95075667,0
0.35279202,-2.8349824,-3.942353,0.95466876,0.0019610524,-0.2976642,0
1.899199,-3.2726912,0.73654628,0.95466876,0.0019610524,-0.2976642,0
0.8099767,1.6575837,3.6244152,0.29662898,-0.089851715,0.95075667,0
-1.1406541,-3.1394765,1.1711731,-0.95466876,-0.0019610524,0.2976642,0
-1.9063283,-3.1372714,-0.86081827,-0.95466876,-0.0019610524,0.2976642,0
-0.42591643,3.4432261,-3.1580093,-0.29662898,0.089851715,-0.95075667,0
0.31771421,0.79525268,3.7270091,0.29662898,-0.089851715,0.95075667,0
0.22527981,-3.2181449,-3.7207494,-0.024880886,-0.99595332,-0.086360365,0
2.3396802,-0.14383358,2.8850234,0.29662898,-0.089851715,0.95075667,0
0.94717038,3.2258201,-2.1327374,0.95466876,0.0019610524,-0.2976642,0
0.62225747,-1.7592428,-3.1728578,0.95466876,0.0019610524,-0.2976642,0
2.0038328,2.4054275,1.53009,0.95466876,0.0019610524,-0.2976642,0
1.5133355,-1.5239941,3.0838778,0.29662898,-0.089851715,0.95075667,0
0.51010334,-0.018959761,-3.4050717,0.95466876,0.0019610524,-0.2976642,0
1.8622513,-3.1124008,1.0428956,0.95466876,0.0019610524,-0.2976642,0
2.0803664,-2.6134324,1.4936557,0.95466876,0.0019610524,-0.2976642,0
-1.8622878,-0.71135539,-0.82920015,-0.95466876,-0.0019610524,0.2976642,0
0.11374331,-3.5949795,0.83854485,-0.024880886,-0.99595332,-0.086360365,0
-0.20251918,-3.4115813,-0.35725296,-0.024880886,-0.99595332,-0.086360365,0
2.1964045,-3.0547166,1.9385102,0.95466876,0.0019610524,-0.2976642,0
1.2341464,3.5225263,-0.54357296,0.024880886,0.99595332,0.086360365,0
-1.903349,-2.660212,-0.85972857,-0.95466876,-0.0019610524,0.2976642,0
1.3917856,-3.5437949,-0.4017207,-0.024880886,-0.99595332,-0.086360365,0
-1.3676791,-1.0573056,0.86497974,-0.95466876,-0.0019610524,0.2976642,0
-1.3935506,3.6761837,-2.39834,0.024880886,0.99595332,0.086360365,0
1.3321459,3.3886833,0.10213583,0.024880886,0.99595332,0.086360365,0
1.9396217,1.0829911,3.0799699,0.29662898,-0.089851715,0.95075667,0
0.20505565,1.6080625,-3.5741303,-0.29662898,0.089851715,-0.95075667,0
-0.71649575,-3.2657654,-2.0235169,-0.024880886,-0.99595332,-0.086360365,0
-0.86488998,-0.67941749,2.2444475,-0.95466876,-0.0019610524,0.2976642,0
-2.1176038,-3.0799265,-1.5173706,-0.95466876,-0.0019610524,0.2976642,0
-0.91037989,-3.3714962,-2.5062332,-0.024880886,-0.99595332,-0.086360365,0
-0.75147122,-0.62101412,2.3965023,-0.95466876,-0.0019610524,0.2976642,0
-1.3050165,-3.4353347,-1.4711375,-0.024880886,-0.99595332,-0.086360365,0
-0.83655119,0.7848478,-3.2637377,-0.29662898,0.089851715,-0.95075667,0
-2.073827,-2.0611196,-3.1793845,-0.29662898,0.089851715,-0.95075667,0
0.77719641,3.6885028,-1.474721,0.024880886,0.99595332,0.086360365,0
0.82533693,-3.4117422,-1.3011461,-0.024880886,-0.99595332,-0.086360365,0
-1.4331143,-3.3964484,-0.90385878,-0.024880886,-0.99595332,-0.086360365,0
2.0569706,-1.892704,1.5470631,0.95466876,0.0019610524,-0.2976642,0
0.90756834,0.19361287,3.5000429,0.29662898,-0.089851715,0.95075667,0
0.22847843,-0.31378722,-3.857625,-0.29662898,0.089851715,-0.95075667,0
-1.9636083,0.66639173,-1.0075185,-0.95466876,-0.0019610524,0.2976642,0
0.90828824,3.5794613,-1.3638308,0.024880886,0.99595332,0.086360365,0
1.9781952,-2.8893285,1.3655083,0.95466876,0.0019610524,-0.2976642,0
1.0720952,-3.5557961,1.0633709,-0.024880886,-0.99595332,-0.086360365,0
-0.35995722,3.3100996,3.5249786,0.024880886,0.99595332,0.086360365,0
-2.2945647,-1.789013,-2.3180642,-0.95466876,-0.0019610524,0.2976642,0
0.42574739,-1.8020022,-3.7131138,0.95466876,0.0019610524,-0.2976642,0
-0.16539097,-3.3810217,-0.62636387,-0.024880886,-0.99595332,-0.086360365,0
1.0742428,-2.7648845,-1.9233251,0.95466876,0.0019610524,-0.2976642,0
0.49479485,3.795845,-3.2116077,0.024880886,0.99595332,0.086360365,0
1.0222595,1.7988579,-1.5998013,0.95466876,0.0019610524,-0.2976642,0
-0.3381834,-3.4962618,0.58770716,-0.024880886,-0.99595332,-0.086360365,0
-1.1641185,2.4540429,-2.9927497,-0.29662898,0.089851715,-0.95075667,0
2.0830564,-2.1405652,1.9305449,0.95466876,0.0019610524,-0.2976642,0
2.2768598,-0.034331739,2.51876,0.95466876,0.0019610524,-0.2976642,0
0.98347998,-3.2495718,-2.1193628,0.95466876,0.0019610524,-0.2976642,0
0.56519103,0.84552681,3.5967171,0.29662898,-0.089851715,0.95075667,0
-0.91305244,0.98474038,2.1711743,-0.95466876,-0.0019610524,0.2976642,0
-2.1105812,-2.5456045,-3.1998074,-0.29662898,0.089851715,-0.95075667,0
