-0.52399385,-2.9248073,1.7087677,-0.7979728,-0.027696967,0.60205662,0
0.33058095,-2.7026811,1.8935935,0.1343683,-0.98197651,0.13291836,0
0.44046354,-0.48289964,2.8996944,-0.7979728,-0.027696967,0.60205662,0
2.5964653,3.0129266,1.2309234,0.58752394,0.18696257,0.78731215,0
1.2561803,2.4385962,-0.79049182,0.7979728,0.027696967,-0.60205662,0
2.039094,-2.4660311,1.5834208,0.1343683,-0.98197651,0.13291836,0
0.38976744,-3.1865788,-0.82672668,0.1343683,-0.98197651,0.13291836,0
-2.5297759,-2.2792082,-1.4260887,-0.58752394,-0.18696257,-0.78731215,0
2.9651353,-0.8953402,1.3180761,0.7979728,0.027696967,-0.60205662,0
-0.99404538,-3.4015706,-1.823262,0.1343683,-0.98197651,0.13291836,0
-0.93123281,3.106802,0.77410436,-0.1343683,0.98197651,-0.13291836,0
-0.34294379,-3.0759926,-0.50773501,0.1343683,-0.98197651,0.13291836,0
-2.2761178,1.5598118,-2.4965074,-0.58752394,-0.18696257,-0.78731215,0
-1.2853603,0.18138506,-2.7905321,-0.58752394,-0.18696257,-0.78731215,0
2.5266752,2.3802404,1.0477386,0.7979728,0.027696967,-0.60205662,0
1.2798285,3.2369823,-0.61457181,-0.1343683,0.98197651,-0.13291836,0
0.11732876,3.2974608,1.0268786,-0.1343683,0.98197651,-0.13291836,0
-0.60623813,-3.1875725,-0.83884144,0.1343683,-0.98197651,0.13291836,0
0.40277123,-1.9558064,2.8494439,-0.7979728,-0.027696967,0.60205662,0
-0.55758977,-0.72580731,1.8400197,-0.7979728,-0.027696967,0.60205662,0
2.8641448,0.52668262,1.4820944,0.58752394,0.18696257,0.78731215,0
2.436861,3.5479474,1.1738446,-0.1343683,0.98197651,-0.13291836,0
-2.3773148,-1.8764594,-1.6700029,-0.58752394,-0.18696257,-0.78731215,0
-1.7014587,-3.5464113,-1.1629076,0.1343683,-0.98197651,0.13291836,0
-1.6121482,-1.127039,0.38459563,-0.7979728,-0.027696967,0.60205662,0
1.5225773,-1.2798946,-0.61627716,0.7979728,0.027696967,-0.60205662,0
-2.6971624,-1.2432418,-1.2076824,-0.7979728,-0.027696967,0.60205662,0
-0.24127096,-2.9996412,0.26822972,0.1343683,-0.98197651,0.13291836,0
0.91016984,3.3988304,2.3323569,-0.1343683,0.98197651,-0.13291836,0
0.91527295,1.5315866,2.7901678,0.58752394,0.18696257,0.78731215,0
0.65526867,2.837657,2.5492778,0.58752394,0.18696257,0.78731215,0
0.062134504,2.8029609,-1.7727432,-0.1343683,0.98197651,-0.13291836,0
-2.9673254,2.2906835,-1.3126245,-0.7979728,-0.027696967,0.60205662,0
-2.3819323,-1.2299492,-0.59321547,-0.7979728,-0.027696967,0.60205662,0
-3.0134447,2.0801733,-1.4642601,-0.7979728,-0.027696967,0.60205662,0
-3.1954145,2.4669833,-1.5668918,-0.1343683,0.98197651,-0.13291836,0
-0.80061531,-0.82950568,-3.0929203,-0.58752394,-0.18696257,-0.78731215,0
2.1808932,2.5358758,0.43543196,0.7979728,0.027696967,-0.60205662,0
2.8099205,-0.79732299,1.7969383,0.58752394,0.18696257,0.78731215,0
2.3836303,-2.6075499,1.0095739,0.1343683,-0.98197651,0.13291836,0
2.2603137,-2.5043123,2.2476444,0.1343683,-0.98197651,0.13291836,0
2.4172862,-0.63525224,2.1760771,0.58752394,0.18696257,0.78731215,0
2.1107879,-1.8034605,0.22492754,0.7979728,0.027696967,-0.60205662,0
-0.80984902,-0.46226335,-3.209832,-0.58752394,-0.18696257,-0.78731215,0
1.750366,3.5773818,1.6498904,-0.1343683,0.98197651,-0.13291836,0
2.0067103,2.5307946,0.25099039,0.7979728,0.027696967,-0.60205662,0
-0.010153294,-2.7623889,1.513303,0.1343683,-0.98197651,0.13291836,0
2.6658943,-0.73879981,1.9662488,0.58752394,0.18696257,0.78731215,0
-1.0148206,1.3922033,-3.3982916,-0.58752394,-0.18696257,-0.78731215,0
2.3925653,2.3642573,1.5679699,0.58752394,0.18696257,0.78731215,0
3.3842537,-2.3332627,1.7767545,0.58752394,0.18696257,0.78731215,0
-0.035818815,3.2928948,1.6273149,-0.1343683,0.98197651,-0.13291836,0
-0.16265178,2.1331749,2.4584837,-0.7979728,-0.027696967,0.60205662,0
1.186625,-0.39074346,2.9324334,0.58752394,0.18696257,0.78731215,0
2.7224684,0.99780703,1.0488698,0.7979728,0.027696967,-0.60205662,0
0.93085146,-2.3651476,3.4624321,0.1343683,-0.98197651,0.13291836,0
-0.25701761,-2.4311819,-3.0173631,-0.58752394,-0.18696257,-0.78731215,0
-1.0449772,2.283298,-3.6548717,-0.58752394,-0.18696257,-0.78731215,0
1.9360303,0.40533304,-0.026416123,0.7979728,0.027696967,-0.60205662,0
-2.353524,2.0945792,-0.64557791,-0.7979728,-0.027696967,0.60205662,0
2.417562,-1.5865169,2.4421163,0.58752394,0.18696257,0.78731215,0
0.53577256,-2.5200918,2.6975739,0.1343683,-0.98197651,0.13291836,0
-1.0932329,-3.0565028,0.87542319,-0.7979728,-0.027696967,0.60205662,0
1.6517549,1.2032647,2.3087234,0.58752394,0.18696257,0.78731215,0
-1.8494289,-0.26986039,-0.10807526,-0.7979728,-0.027696967,0.60205662,0
2.3577809,-2.3088994,2.6212049,0.58752394,0.18696257,0.78731215,0
0.66164422,1.9702942,2.9168355,0.58752394,0.18696257,0.78731215,0
-1.6254013,2.4302206,0.52275312,-0.7979728,-0.027696967,0.60205662,0
-1.6084242,2.8181729,-0.47638392,-0.1343683,0.98197651,-0.13291836,0
2.119617,0.27397907,2.2016425,0.58752394,0.18696257,0.78731215,0
0.58251905,3.2054195,2.7388744,0.58752394,0.18696257,0.78731215,0
1.4383621,0.78299296,2.5937417,0.58752394,0.18696257,0.78731215,0
3.0092552,-0.37885499,1.6319038,0.58752394,0.18696257,0.78731215,0
0.81930637,1.8560181,2.6891181,0.58752394,0.18696257,0.78731215,0
-2.0856402,-2.5185909,-1.7712108,-0.58752394,-0.18696257,-0.78731215,0
2.6711652,1.4378695,1.4911911,0.58752394,0.18696257,0.78731215,0
-1.0932765,2.6978099,-1.337311,-0.1343683,0.98197651,-0.13291836,0
-1.7997414,-0.7260524,-0.0003670454,-0.7979728,-0.027696967,0.60205662,0
2.3909807,0.30241144,1.9417647,0.58752394,0.18696257,0.78731215,0
1.5446218,-2.3669467,-0.56950343,0.7979728,0.027696967,-0.60205662,0
-0.70663714,-3.4568257,-2.123662,0.1343683,-0.98197651,0.13291836,0
0.8364681,2.9794168,-0.85786963,-0.1343683,0.98197651,-0.13291836,0
1.2231132,1.9660751,-0.87648177,0.7979728,0.027696967,-0.60205662,0
1.644995,3.4455209,1.4988968,-0.1343683,0.98197651,-0.13291836,0
-3.0726686,1.1906945,-1.854248,-0.58752394,-0.18696257,-0.78731215,0
-1.6783653,-1.9809164,0.20796728,-0.7979728,-0.027696967,0.60205662,0
0.99589443,2.9940259,-0.80034924,-0.1343683,0.98197651,-0.13291836,0
0.50587451,-2.8583705,0.61236858,0.1343683,-0.98197651,0.13291836,0
0.23003364,-2.8469422,1.5243487,0.1343683,-0.98197651,0.13291836,0
0.92057443,3.2960768,0.48868608,-0.1343683,0.98197651,-0.13291836,0
-0.74998426,-3.4596074,-1.5462291,0.1343683,-0.98197651,0.13291836,0
-1.8963156,-0.62637925,-0.065438449,-0.7979728,-0.027696967,0.60205662,0
1.7109541,1.0423522,-0.33189106,0.7979728,0.027696967,-0.60205662,0
0.8144393,1.0894763,2.9689026,0.58752394,0.18696257,0.78731215,0
-0.88158756,0.014274955,1.3836926,-0.7979728,-0.027696967,0.60205662,0
0.99901867,3.2828305,0.78740764,-0.1343683,0.98197651,-0.13291836,0
2.3073359,-1.7772851,0.51879942,0.7979728,0.027696967,-0.60205662,0
-1.0334454,2.0857167,-3.5544004,-0.58752394,-0.18696257,-0.78731215,0
-0.63969058,-3.0008421,0.64626837,0.1343683,-0.98197651,0.13291836,0
0.32411715,-3.096457,-1.185102,0.1343683,-0.98197651,0.13291836,0
-1.6662805,-3.2029212,-1.9155756,-0.58752394,-0.18696257,-0.78731215,0
0.39462018,-0.91335064,3.0784743,-0.7979728,-0.027696967,0.60205662,0
-2.105351,2.7157764,-0.84637403,-0.1343683,0.98197651,-0.13291836,0
1.1425831,3.3334224,1.1093094,-0.1343683,0.98197651,-0.13291836,0
2.8408718,-1.73843,2.0451169,0.58752394,0.18696257,0.78731215,0
-1.007615,-3.4701381,-1.6667135,0.1343683,-0.98197651,0.13291836,0
-0.090191841,-0.78056592,2.4023421,-0.7979728,-0.027696967,0.60205662,0
-1.6571419,-3.3714981,-0.25173259,0.1343683,-0.98197651,0.13291836,0
-2.4266429,-1.3689698,-1.7693126,-0.58752394,-0.18696257,-0.78731215,0
2.988385,-1.9320538,2.0825655,0.58752394,0.18696257,0.78731215,0
-0.79215884,-1.1231266,1.2602618,-0.7979728,-0.027696967,0.60205662,0
-0.28313601,-3.3305073,-1.1015248,0.1343683,-0.98197651,0.13291836,0
-1.2830536,2.9367757,0.14993429,-0.1343683,0.98197651,-0.13291836,0
0.51714933,-0.38862026,-1.8041406,0.7979728,0.027696967,-0.60205662,0
-0.62206411,2.5380664,-2.466635,-0.1343683,0.98197651,-0.13291836,0
2.125267,0.35636365,2.1295826,0.58752394,0.18696257,0.78731215,0
-1.2202642,2.4833639,-2.3553474,-0.1343683,0.98197651,-0.13291836,0
-1.1508666,0.66068709,1.077529,-0.7979728,-0.027696967,0.60205662,0
1.4413455,-2.7370064,1.5784287,0.1343683,-0.98197651,0.13291836,0
0.59658217,2.6211734,2.7683644,0.58752394,0.18696257,0.78731215,0
-2.6041472,-1.8928192,-1.513992,-0.58752394,-0.18696257,-0.78731215,0
-0.62852502,-2.7885661,-2.7571149,-0.58752394,-0.18696257,-0.78731215,0
0.39555466,-2.8417811,1.2820861,0.1343683,-0.98197651,0.13291836,0
2.6072626,1.6872535,1.3959575,0.58752394,0.18696257,0.78731215,0
-1.9245851,0.25902838,-2.4742115,-0.58752394,-0.18696257,-0.78731215,0
2.0912192,-1.2357287,0.11846638,0.7979728,0.027696967,-0.60205662,0
1.203675,2.5337405,2.3625414,0.58752394,0.18696257,0.78731215,0
2.182276,0.45572317,2.150171,0.58752394,0.18696257,0.78731215,0
-0.071238875,3.311224,2.4054863,-0.1343683,0.98197651,-0.13291836,0
1.1834748,1.6980728,2.4637754,0.58752394,0.18696257,0.78731215,0
0.37449312,2.715553,2.9340265,0.58752394,0.18696257,0.78731215,0
2.7644813,1.7212908,1.2491456,0.58752394,0.18696257,0.78731215,0
-2.4142158,-0.793414,-1.79571,-0.58752394,-0.18696257,-0.78731215,0
-1.6525657,-0.97580838,0.40711391,-0.7979728,-0.027696967,0.60205662,0
-1.0018663,1.8868115,-3.4119177,-0.58752394,-0.18696257,-0.78731215,0
-0.82952762,2.4836016,-2.6741736,-0.1343683,0.98197651,-0.13291836,0
3.0284195,-2.1370494,2.0960855,0.58752394,0.18696257,0.78731215,0
-0.16825676,-2.4940596,-2.8761411,0.7979728,0.027696967,-0.60205662,0
-2.4009204,1.4728074,-2.40045,-0.58752394,-0.18696257,-0.78731215,0
-0.59133291,2.247102,1.7637682,-0.7979728,-0.027696967,0.60205662,0
2.8202348,0.42459583,1.3076984,0.7979728,0.027696967,-0.60205662,0
-1.4617612,1.3159502,-2.9753647,-0.58752394,-0.18696257,-0.78731215,0
2.3651776,2.0341849,0.59845877,0.7979728,0.027696967,-0.60205662,0
-1.6819654,0.98047423,-2.8701167,-0.58752394,-0.18696257,-0.78731215,0
-1.5445813,-3.3953102,-0.49197578,0.1343683,-0.98197651,0.13291836,0
-0.30604362,2.8929229,-1.4426162,-0.1343683,0.98197651,-0.13291836,0
0.56951809,-1.6479073,3.1195588,-0.7979728,-0.027696967,0.60205662,0
-3.0362508,2.4710035,-1.9391401,-0.1343683,0.98197651,-0.13291836,0
0.010330021,-3.259366,-1.1441503,0.1343683,-0.98197651,0.13291836,0
2.4438484,-2.5431201,1.0442536,0.1343683,-0.98197651,0.13291836,0
0.65748161,-1.4120156,-1.7637969,0.7979728,0.027696967,-0.60205662,0
2.1529377,-1.1279814,2.5085411,0.58752394,0.18696257,0.78731215,0
1.9825654,0.43796885,0.2655769,0.7979728,0.027696967,-0.60205662,0
-1.4254293,-3.2040372,-1.9217762,-0.58752394,-0.18696257,-0.78731215,0
2.3872812,2.291028,0.61899614,0.7979728,0.027696967,-0.60205662,0
2.9275062,-1.3798826,1.93963,0.58752394,0.18696257,0.78731215,0
-2.4835589,1.5911289,-2.4375665,-0.58752394,-0.18696257,-0.78731215,0
-0.030710936,0.59171295,2.3624628,-0.7979728,-0.027696967,0.60205662,0
-1.1398196,2.1151099,-3.4188409,-0.58752394,-0.18696257,-0.78731215,0
-2.2774963,-3.147258,-1.4293208,-0.58752394,-0.18696257,-0.78731215,0
0.85605967,-1.7159034,-1.5259672,0.7979728,0.027696967,-0.60205662,0
0.77004695,-0.16581279,3.2279272,0.58752394,0.18696257,0.78731215,0
0.16364202,3.2241566,0.72388077,-0.1343683,0.98197651,-0.13291836,0
1.2461164,2.5229979,2.1916556,0.58752394,0.18696257,0.78731215,0
1.2490072,-2.1124308,3.2774529,0.58752394,0.18696257,0.78731215,0
-1.9203374,-2.4440727,-0.27006173,-0.7979728,-0.027696967,0.60205662,0
-0.87775612,-3.5538456,-2.2421079,0.1343683,-0.98197651,0.13291836,0
0.033702657,-3.0921588,-0.59940219,0.1343683,-0.98197651,0.13291836,0
-0.82574582,-2.0768082,-2.8076928,-0.58752394,-0.18696257,-0.78731215,0
-2.6742625,2.5749586,-0.96033096,-0.1343683,0.98197651,-0.13291836,0
0.37368882,-0.88423622,-1.8837787,0.7979728,0.027696967,-0.60205662,0
0.81863523,0.89722174,2.9882312,0.58752394,0.18696257,0.78731215,0
-0.67117119,2.0142064,-3.3571601,0.7979728,0.027696967,-0.60205662,0
1.3503501,-2.8372846,0.56073737,0.1343683,-0.98197651,0.13291836,0
-0.53030682,-2.1691813,1.7163286,-0.7979728,-0.027696967,0.60205662,0
-0.19600523,0.6163125,2.1088798,-0.7979728,-0.027696967,0.60205662,0
0.74005234,3.2852004,0.7668798,-0.1343683,0.98197651,-0.13291836,0
1.6750757,0.76884735,-0.27155745,0.7979728,0.027696967,-0.60205662,0
1.5472893,3.3791041,0.78877497,-0.1343683,0.98197651,-0.13291836,0
2.0731323,3.1562586,1.5788307,0.58752394,0.18696257,0.78731215,0
-0.83619618,1.0352855,-3.4658556,-0.58752394,-0.18696257,-0.78731215,0
0.49888772,-3.1565461,-1.6466764,0.1343683,-0.98197651,0.13291836,0
1.590386,-2.2028027,-0.36730921,0.7979728,0.027696967,-0.60205662,0
1.8653493,1.3864491,1.9918258,0.58752394,0.18696257,0.78731215,0
-0.39519787,-2.8886449,1.8540113,0.1343683,-0.98197651,0.13291836,0
0.55707532,-0.82311761,-1.8436944,0.7979728,0.027696967,-0.60205662,0
1.490772,-1.3297164,-0.72469282,0.7979728,0.027696967,-0.60205662,0
2.0439076,1.5711515,0.12626338,0.7979728,0.027696967,-0.60205662,0
-2.0952172,2.4922948,-0.15992332,-0.7979728,-0.027696967,0.60205662,0
-0.38238096,0.16871303,-3.060683,0.7979728,0.027696967,-0.60205662,0
1.9678037,3.0633862,0.34694648,0.7979728,0.027696967,-0.60205662,0
-0.049932718,3.3318455,1.5770028,-0.1343683,0.98197651,-0.13291836,0
0.20343852,-3.3896749,-2.0641608,0.1343683,-0.98197651,0.13291836,0
-0.72359395,0.8727634,-3.4068577,-0.58752394,-0.18696257,-0.78731215,0
-1.9633479,-2.2167511,-1.7059255,-0.58752394,-0.18696257,-0.78731215,0
-1.0510349,0.96144724,1.1044858,-0.7979728,-0.027696967,0.60205662,0
-1.8763103,2.5071883,-1.7775619,-0.1343683,0.98197651,-0.13291836,0
-1.5197942,-2.944829,-1.9199535,-0.58752394,-0.18696257,-0.78731215,0
1.3461941,-1.2066768,-0.6863296,0.7979728,0.027696967,-0.60205662,0
1.7870598,-2.6139598,1.7542567,0.1343683,-0.98197651,0.13291836,0
-1.5624862,1.2244591,0.57304025,-0.7979728,-0.027696967,0.60205662,0
-1.0972993,2.8629661,1.2327245,-0.7979728,-0.027696967,0.60205662,0
1.2627616,-1.8237969,3.3861318,0.58752394,0.18696257,0.78731215,0
-1.4255902,2.8958335,0.11864543,-0.1343683,0.98197651,-0.13291836,0
2.6134272,2.2739158,1.222545,0.58752394,0.18696257,0.78731215,0
0.29882443,-0.10469913,-2.0984831,0.7979728,0.027696967,-0.60205662,0
1.2045302,1.5027771,2.6806893,0.58752394,0.18696257,0.78731215,0
-1.3159984,-1.6873472,0.75055695,-0.7979728,-0.027696967,0.60205662,0
0.38250804,-2.6329207,2.6397896,0.1343683,-0.98197651,0.13291836,0
-0.73733401,0.53906947,1.4583123,-0.7979728,-0.027696967,0.60205662,0
1.5402193,3.1505527,1.8451078,0.58752394,0.18696257,0.78731215,0
-0.57870841,-1.9676226,1.6018581,-0.7979728,-0.027696967,0.60205662,0
-1.3761649,2.565424,-2.9576819,-0.1343683,0.98197651,-0.13291836,0
1.7798638,-1.4694616,2.7879124,0.58752394,0.18696257,0.78731215,0
-1.8469639,2.4823582,-2.6784148,-0.1343683,0.98197651,-0.13291836,0
0.70241338,3.0480468,-0.776613,-0.1343683,0.98197651,-0.13291836,0
-0.65882063,2.5859923,1.5791663,-0.7979728,-0.027696967,0.60205662,0
2.6903322,-0.88204074,1.0260818,0.7979728,0.027696967,-0.60205662,0
-1.1518328,-0.70931983,-2.8140855,-0.58752394,-0.18696257,-0.78731215,0
-0.19252658,2.5228715,2.4977789,-0.7979728,-0.027696967,0.60205662,0
-1.9945474,2.4830999,-2.4701941,-0.1343683,0.98197651,-0.13291836,0
1.3662772,2.9652724,-0.41457582,0.7979728,0.027696967,-0.60205662,0
0.52625608,-1.9147942,3.1276689,-0.7979728,-0.027696967,0.60205662,0
0.51028228,3.488349,2.3930717,-0.1343683,0.98197651,-0.13291836,0
1.8714988,2.5106344,1.9117742,0.58752394,0.18696257,0.78731215,0
0.29993224,-2.8104692,1.3008487,0.1343683,-0.98197651,0.13291836,0
-3.0161715,2.3067346,-1.4486496,-0.7979728,-0.027696967,0.60205662,0
-0.040765405,3.3724499,2.3104339,-0.1343683,0.98197651,-0.13291836,0
-2.250396,2.3523088,-2.5276871,-0.1343683,0.98197651,-0.13291836,0
-0.795156,2.8209848,-0.35373139,-0.1343683,0.98197651,-0.13291836,0
-0.9293797,-3.2855113,-1.3616283,0.1343683,-0.98197651,0.13291836,0
-2.8652446,1.2253437,-1.9214063,-0.58752394,-0.18696257,-0.78731215,0
1.5465078,-1.2589591,-0.39270198,0.7979728,0.027696967,-0.60205662,0
-0.98792505,2.6875877,-1.9277627,-0.1343683,0.98197651,-0.13291836,0
-0.13979626,-2.2598882,-2.8679123,0.7979728,0.027696967,-0.60205662,0
1.7661312,1.5655739,0.085343719,0.7979728,0.027696967,-0.60205662,0
1.7035313,-2.7970285,0.43988466,0.1343683,-0.98197651,0.13291836,0
-2.7761252,1.1825551,-1.2832549,-0.7979728,-0.027696967,0.60205662,0
-0.17261904,-3.1517122,-1.1428542,0.1343683,-0.98197651,0.13291836,0
-1.8362973,1.9817451,0.22442579,-0.7979728,-0.027696967,0.60205662,0
-0.39416409,-1.284934,-2.9913034,0.7979728,0.027696967,-0.60205662,0
-0.65986681,3.0195956,0.5179522,-0.1343683,0.98197651,-0.13291836,0
0.75269479,-2.990931,-0.082428932,0.1343683,-0.98197651,0.13291836,0
1.4932389,-1.7390274,3.0955892,0.58752394,0.18696257,0.78731215,0
0.40446436,1.41888,-2.0034256,0.7979728,0.027696967,-0.60205662,0
-1.7633855,-0.73515624,-2.3981543,-0.58752394,-0.18696257,-0.78731215,0
-2.757638,0.1693933,-1.8936434,-0.58752394,-0.18696257,-0.78731215,0
-0.53340983,-3.2566257,-2.6736507,-0.58752394,-0.18696257,-0.78731215,0
0.14145958,-1.9090255,-2.4156253,0.7979728,0.027696967,-0.60205662,0
0.096613169,-1.4706594,-2.5274391,0.7979728,0.027696967,-0.60205662,0
-1.1716789,-3.1316097,0.60224819,0.1343683,-0.98197651,0.13291836,0
-2.0222616,-1.2864639,-2.0988405,-0.58752394,-0.18696257,-0.78731215,0
0.68043542,2.4501216,2.7322865,0.58752394,0.18696257,0.78731215,0
-0.082283199,3.0496271,-0.44641256,-0.1343683,0.98197651,-0.13291836,0
-0.4563458,0.89918244,-2.8956163,0.7979728,0.027696967,-0.60205662,0
0.97579396,0.28247035,-1.15446,0.7979728,0.027696967,-0.60205662,0
0.73668909,1.345468,2.9561238,0.58752394,0.18696257,0.78731215,0
1.7686851,3.3173006,0.14762139,-0.1343683,0.98197651,-0.13291836,0
0.41858912,2.7975807,-1.7216156,0.7979728,0.027696967,-0.60205662,0
1.5899727,0.55198061,2.5132413,0.58752394,0.18696257,0.78731215,0
-0.11915088,-2.5824356,2.3241258,-0.7979728,-0.027696967,0.60205662,0
-0.92993701,-3.4385853,-1.526015,0.1343683,-0.98197651,0.13291836,0
0.59276962,-3.0101485,0.3528676,0.1343683,-0.98197651,0.13291836,0
0.55324316,1.5357261,3.0960908,0.58752394,0.18696257,0.78731215,0
0.60590899,2.9648623,-1.4001606,0.7979728,0.027696967,-0.60205662,0
-0.83675551,2.9021614,1.4153962,-0.7979728,-0.027696967,0.60205662,0
-0.081182241,1.3188994,2.5099759,-0.7979728,-0.027696967,0.60205662,0
-1.6092699,-0.49685097,-2.5287058,-0.58752394,-0.18696257,-0.78731215,0
-1.4609215,2.2807992,0.73636353,-0.7979728,-0.027696967,0.60205662,0
-1.8251655,-2.1412129,-2.0252762,-0.58752394,-0.18696257,-0.78731215,0
1.1927316,0.55987811,2.7955246,0.58752394,0.18696257,0.78731215,0
2.4313357,2.4053364,1.0035062,0.7979728,0.027696967,-0.60205662,0
0.36570501,-2.6997085,2.7538934,0.1343683,-0.98197651,0.13291836,0
1.4326308,1.4049501,2.466897,0.58752394,0.18696257,0.78731215,0
-2.6702657,2.3266463,-0.89052546,-0.7979728,-0.027696967,0.60205662,0
2.423841,1.0634634,1.6426954,0.58752394,0.18696257,0.78731215,0
-0.30149066,-3.4113827,-1.8777605,0.1343683,-0.98197651,0.13291836,0
-1.0370951,2.5994673,-1.9039831,-0.1343683,0.98197651,-0.13291836,0
-1.808708,1.645776,0.28554082,-0.7979728,-0.027696967,0.60205662,0
-1.6133063,2.5443125,-1.7462358,-0.1343683,0.98197651,-0.13291836,0
-0.96661413,-0.66550159,1.1413693,-0.7979728,-0.027696967,0.60205662,0
-2.400115,-3.506948,-1.2654724,0.1343683,-0.98197651,0.13291836,0
-0.69726157,0.095621943,1.4955511,-0.7979728,-0.027696967,0.60205662,0
-1.1137359,-1.9761692,-2.50881,-0.58752394,-0.18696257,-0.78731215,0
2.0641918,3.1147442,0.28604484,0.7979728,0.027696967,-0.60205662,0
2.6344254,0.26460147,1.0438495,0.7979728,0.027696967,-0.60205662,0
-0.30216426,3.1383259,1.2829635,-0.1343683,0.98197651,-0.13291836,0
-0.43208158,1.0867308,2.0386915,-0.7979728,-0.027696967,0.60205662,0
2.1093972,-1.0087396,2.4415994,0.58752394,0.18696257,0.78731215,0
0.049672127,0.052045345,2.4013138,-0.7979728,-0.027696967,0.60205662,0
-0.99390197,0.8689844,-3.1806645,-0.58752394,-0.18696257,-0.78731215,0
2.5132554,1.2195824,1.5703428,0.58752394,0.18696257,0.78731215,0
-1.7063426,-3.250792,-0.014969349,0.1343683,-0.98197651,0.13291836,0
-0.55376482,2.5283477,-2.5983496,-0.1343683,0.98197651,-0.13291836,0
0.076049805,-1.6171919,2.6464901,-0.7979728,-0.027696967,0.60205662,0
1.0163981,-1.0324501,-1.1274688,0.7979728,0.027696967,-0.60205662,0
-1.429051,-2.8491993,0.45029593,-0.7979728,-0.027696967,0.60205662,0
-0.1483469,3.0107496,-0.68282747,-0.1343683,0.98197651,-0.13291836,0
-1.6988354,2.5483236,-1.397342,-0.1343683,0.98197651,-0.13291836,0
1.4509432,-0.85086155,2.8982887,0.58752394,0.18696257,0.78731215,0
1.0539497,1.3795606,-1.0453036,0.7979728,0.027696967,-0.60205662,0
-1.7054136,-2.7839622,0.14841008,-0.7979728,-0.027696967,0.60205662,0
-0.8686285,-3.3176796,-2.2854705,-0.58752394,-0.18696257,-0.78731215,0
-0.65486896,3.2223604,1.8205175,-0.7979728,-0.027696967,0.60205662,0
2.714699,-0.59812081,1.1487786,0.7979728,0.027696967,-0.60205662,0
0.32332957,2.9292061,-1.3480866,-0.1343683,0.98197651,-0.13291836,0
-2.0339506,-1.3823807,-0.13898873,-0.7979728,-0.027696967,0.60205662,0
0.8300451,-1.8578149,-1.3794701,0.7979728,0.027696967,-0.60205662,0
0.382671,-1.0937442,-2.0657339,0.7979728,0.027696967,-0.60205662,0
2.0764842,3.4865098,0.660429,-0.1343683,0.98197651,-0.13291836,0
1.7508488,-2.7510757,1.2007608,0.1343683,-0.98197651,0.13291836,0
-0.86480451,3.0393856,0.50095415,-0.1343683,0.98197651,-0.13291836,0
-2.1387646,-1.7628335,-1.8747163,-0.58752394,-0.18696257,-0.78731215,0
-1.6498325,-3.3586035,-0.26165223,0.1343683,-0.98197651,0.13291836,0
-1.0381157,2.6966391,-1.6103334,-0.1343683,0.98197651,-0.13291836,0
-1.8895152,1.0224131,-2.6298718,-0.58752394,-0.18696257,-0.78731215,0
1.0983747,-1.3315011,-1.1821606,0.7979728,0.027696967,-0.60205662,0
-2.2661843,2.5433543,-1.3874245,-0.1343683,0.98197651,-0.13291836,0
-1.2728066,-1.705573,0.84237289,-0.7979728,-0.027696967,0.60205662,0
2.150677,3.1520672,0.48759484,0.7979728,0.027696967,-0.60205662,0
0.085014105,2.9004233,-1.2228065,-0.1343683,0.98197651,-0.13291836,0
0.60363525,2.9677668,-1.0100574,-0.1343683,0.98197651,-0.13291836,0
-1.9062266,-2.4447083,-1.7431983,-0.58752394,-0.18696257,-0.78731215,0
2.2065535,-0.3600167,0.40160447,0.7979728,0.027696967,-0.60205662,0
-1.7469072,2.5002694,-2.7917588,-0.1343683,0.98197651,-0.13291836,0
-0.46120811,-0.58275914,1.8608298,-0.7979728,-0.027696967,0.60205662,0
0.47797346,2.2078176,-1.6055796,0.7979728,0.027696967,-0.60205662,0
2.1855807,-0.84023935,2.4620671,0.58752394,0.18696257,0.78731215,0
2.2884872,-0.020867944,2.1382687,0.58752394,0.18696257,0.78731215,0
1.2725239,2.0446649,-0.71993852,0.7979728,0.027696967,-0.60205662,0
-0.10717797,-2.4665871,2.197897,-0.7979728,-0.027696967,0.60205662,0
-0.39489698,-3.5044489,-2.3395114,0.1343683,-0.98197651,0.13291836,0
-1.6728481,-0.099054217,0.36848274,-0.7979728,-0.027696967,0.60205662,0
-0.64296365,-3.2255917,-1.0227959,0.1343683,-0.98197651,0.13291836,0
-2.2248969,-2.5354779,-1.5544177,-0.58752394,-0.18696257,-0.78731215,0
-2.2272425,2.046267,-2.5802479,-0.58752394,-0.18696257,-0.78731215,0
2.2444592,-0.82336533,0.50936329,0.7979728,0.027696967,-0.60205662,0
-2.0381184,-0.13835621,-0.35914469,-0.7979728,-0.027696967,0.60205662,0
-1.0374796,-2.379498,0.98054266,-0.7979728,-0.027696967,0.60205662,0
0.44164133,-2.0897624,3.0325077,-0.7979728,-0.027696967,0.60205662,0
0.93512416,-0.31157205,3.0907435,0.58752394,0.18696257,0.78731215,0
3.0845156,-0.49845648,1.6269369,0.58752394,0.18696257,0.78731215,0
-0.42962348,1.9311979,2.1247106,-0.7979728,-0.027696967,0.60205662,0
-0.68840051,2.8222399,-1.4903255,-0.1343683,0.98197651,-0.13291836,0
-0.37783206,2.9462829,2.1104054,-0.7979728,-0.027696967,0.60205662,0
0.010110021,3.0971649,0.037444592,-0.1343683,0.98197651,-0.13291836,0
-0.87849176,3.0178328,0.2029953,-0.1343683,0.98197651,-0.13291836,0
1.2991724,2.9607515,-0.68932271,0.7979728,0.027696967,-0.60205662,0
0.13573521,-3.0626478,-0.21340752,0.1343683,-0.98197651,0.13291836,0
0.40459943,0.77522302,-1.9334259,0.7979728,0.027696967,-0.60205662,0
0.50331807,0.57958132,3.0213587,-0.7979728,-0.027696967,0.60205662,0
3.0333464,-1.0544524,1.4494092,0.7979728,0.027696967,-0.60205662,0
-1.713484,2.696414,-1.551265,-0.1343683,0.98197651,-0.13291836,0
-1.2078644,-3.4323013,-1.6435049,0.1343683,-0.98197651,0.13291836,0
1.8820574,-0.86102867,2.530643,0.58752394,0.18696257,0.78731215,0
1.8676479,2.1430516,1.9211786,0.58752394,0.18696257,0.78731215,0
-0.16995811,-2.9980121,1.0254939,0.1343683,-0.98197651,0.13291836,0
2.2040293,-2.25476,2.7649162,0.58752394,0.18696257,0.78731215,0
-2.9737551,2.3344545,-1.8727494,-0.1343683,0.98197651,-0.13291836,0
-1.7068858,2.6443548,-1.078434,-0.1343683,0.98197651,-0.13291836,0
-0.14779878,-3.0014913,0.85637069,0.1343683,-0.98197651,0.13291836,0
-0.18205416,2.0206752,2.3741562,-0.7979728,-0.027696967,0.60205662,0
2.4735518,-0.52730632,2.0214524,0.58752394,0.18696257,0.78731215,0
-0.034654856,2.819015,-1.9785399,-0.1343683,0.98197651,-0.13291836,0
-1.5514402,-0.66250634,0.28676963,-0.7979728,-0.027696967,0.60205662,0
0.2614342,3.0690594,0.062244415,-0.1343683,0.98197651,-0.13291836,0
1.8249736,-2.576158,2.3149686,0.1343683,-0.98197651,0.13291836,0
-0.73757643,-0.82839584,1.3683282,-0.7979728,-0.027696967,0.60205662,0
0.84314418,0.69309723,3.128963,0.58752394,0.18696257,0.78731215,0
0.16580939,3.192894,0.59704828,-0.1343683,0.98197651,-0.13291836,0
0.80335647,-3.1662059,-1.4598691,0.1343683,-0.98197651,0.13291836,0
2.3718305,0.21534801,0.76489878,0.7979728,0.027696967,-0.60205662,0
0.21413238,3.1880217,0.45596218,-0.1343683,0.98197651,-0.13291836,0
0.8664943,3.3239582,1.7003925,-0.1343683,0.98197651,-0.13291836,0
-2.5756071,-1.0754882,-1.6454597,-0.58752394,-0.18696257,-0.78731215,0
0.59291935,-2.6020317,3.0939522,0.1343683,-0.98197651,0.13291836,0
0.548908,-2.9796343,0.38656998,0.1343683,-0.98197651,0.13291836,0
0.19176713,3.1932185,0.53778481,-0.1343683,0.98197651,-0.13291836,0
-1.0528456,-3.102519,0.034907579,0.1343683,-0.98197651,0.13291836,0
-2.5513325,2.572859,-1.5619867,-0.1343683,0.98197651,-0.13291836,0
-1.8046569,-3.4467535,-1.7354732,-0.58752394,-0.18696257,-0.78731215,0
1.1211267,-3.05058,-0.35790586,0.1343683,-0.98197651,0.13291836,0
0.98970532,-0.61350191,3.2531385,0.58752394,0.18696257,0.78731215,0
0.43516421,-1.8806871,2.8829091,-0.7979728,-0.027696967,0.60205662,0
-0.85989165,2.9869728,0.75752497,-0.1343683,0.98197651,-0.13291836,0
-2.8694515,1.8122303,-1.152066,-0.7979728,-0.027696967,0.60205662,0
1.0965939,-0.55795592,3.1671362,0.58752394,0.18696257,0.78731215,0
1.888031,2.2968173,0.14312601,0.7979728,0.027696967,-0.60205662,0
-1.7133069,0.53279316,0.23733473,-0.7979728,-0.027696967,0.60205662,0
-0.25905967,-1.6344374,2.2107549,-0.7979728,-0.027696967,0.60205662,0
2.2171578,-1.8871861,2.7228041,0.58752394,0.18696257,0.78731215,0
2.5019302,1.4361342,1.7038423,0.58752394,0.18696257,0.78731215,0
-1.1347768,2.6459339,-2.4323878,-0.1343683,0.98197651,-0.13291836,0
1.6035602,0.64583814,2.3407865,0.58752394,0.18696257,0.78731215,0
-2.2776902,-2.1355901,-1.7262536,-0.58752394,-0.18696257,-0.78731215,0
-2.6889985,0.071743965,-1.7575006,-0.58752394,-0.18696257,-0.78731215,0
-2.4351947,0.84269351,-2.2459223,-0.58752394,-0.18696257,-0.78731215,0
0.43083143,-2.7503762,-1.982056,0.7979728,0.027696967,-0.60205662,0
0.77164984,-1.8964113,3.2699769,-0.7979728,-0.027696967,0.60205662,0
-0.82346672,-3.3616114,-0.99910498,0.1343683,-0.98197651,0.13291836,0
-0.1469512,-3.3534248,-2.6862955,0.1343683,-0.98197651,0.13291836,0
0.87211585,-2.7419236,1.6396816,0.1343683,-0.98197651,0.13291836,0
0.52081978,-2.0503907,-1.7864096,0.7979728,0.027696967,-0.60205662,0
0.77962971,3.1638052,2.409677,0.58752394,0.18696257,0.78731215,0
0.61999011,1.5210975,-1.6678412,0.7979728,0.027696967,-0.60205662,0
2.6199424,0.86626303,1.69514,0.58752394,0.18696257,0.78731215,0
0.33140326,2.7612071,-1.7821681,-0.1343683,0.98197651,-0.13291836,0
1.2851425,1.8098147,-0.69709301,0.7979728,0.027696967,-0.60205662,0
-0.071548462,-0.41939986,2.531774,-0.7979728,-0.027696967,0.60205662,0
1.9566169,-1.1840363,2.5279603,0.58752394,0.18696257,0.78731215,0
-0.93570125,-3.3589308,-0.85591221,0.1343683,-0.98197651,0.13291836,0
-1.0260742,1.8428216,1.1218492,-0.7979728,-0.027696967,0.60205662,0
-0.38556615,2.9627743,0.2611506,-0.1343683,0.98197651,-0.13291836,0
1.713433,3.4495187,1.4892497,-0.1343683,0.98197651,-0.13291836,0
-0.48435855,3.0736089,0.86193037,-0.1343683,0.98197651,-0.13291836,0
-0.42321372,2.6869912,-2.012187,-0.1343683,0.98197651,-0.13291836,0
1.6226635,1.8219484,2.1615465,0.58752394,0.18696257,0.78731215,0
2.6456025,-0.65296626,1.0618161,0.7979728,0.027696967,-0.60205662,0
0.96866322,-1.7018713,3.4183764,0.58752394,0.18696257,0.78731215,0
0.38509881,0.94240206,-2.0818276,0.7979728,0.027696967,-0.60205662,0
-2.2864776,2.4207528,-2.1927025,-0.1343683,0.98197651,-0.13291836,0
-0.29913807,2.5076427,2.2693539,-0.7979728,-0.027696967,0.60205662,0
0.3885074,2.9837871,-0.22726369,-0.1343683,0.98197651,-0.13291836,0
-0.53883046,3.2531767,1.9936244,-0.1343683,0.98197651,-0.13291836,0
2.9705064,-1.211395,1.7834153,0.58752394,0.18696257,0.78731215,0
1.5444483,3.4016311,0.76585913,-0.1343683,0.98197651,-0.13291836,0
1.8445432,2.1676486,0.097285509,0.7979728,0.027696967,-0.60205662,0
-0.68344426,1.8257457,-3.2829471,0.7979728,0.027696967,-0.60205662,0
-1.5231595,1.1642593,-2.8821285,-0.58752394,-0.18696257,-0.78731215,0
-1.1711538,1.8291502,0.95785421,-0.7979728,-0.027696967,0.60205662,0
0.072762012,3.3278773,2.0982294,-0.1343683,0.98197651,-0.13291836,0
1.865675,1.2614058,2.0194321,0.58752394,0.18696257,0.78731215,0
2.770016,-2.3376584,2.0439065,0.1343683,-0.98197651,0.13291836,0
0.41185969,2.9390528,-1.0437107,-0.1343683,0.98197651,-0.13291836,0
-0.88177288,2.8807683,0.25473261,-0.1343683,0.98197651,-0.13291836,0
-0.083413601,2.8668792,-1.701803,-0.1343683,0.98197651,-0.13291836,0
2.487709,-2.5540254,1.4497914,0.1343683,-0.98197651,0.13291836,0
0.24388933,3.0928574,-0.14360929,-0.1343683,0.98197651,-0.13291836,0
0.46227551,3.0187745,-1.2609184,-0.1343683,0.98197651,-0.13291836,0
1.04707,-1.0346122,-1.0632898,0.7979728,0.027696967,-0.60205662,0
0.67492837,-0.91511941,-1.6540824,0.7979728,0.027696967,-0.60205662,0
-2.118264,-0.16192293,-2.1979208,-0.58752394,-0.18696257,-0.78731215,0
-2.1624284,2.4211638,-2.7000325,-0.58752394,-0.18696257,-0.78731215,0
-2.1544983,-2.2103081,-0.6116972,-0.7979728,-0.027696967,0.60205662,0
-2.0398998,2.5909829,0.057014227,-0.7979728,-0.027696967,0.60205662,0
2.1609757,0.077268004,2.2456264,0.58752394,0.18696257,0.78731215,0
0.42386067,3.2979147,0.73976874,-0.1343683,0.98197651,-0.13291836,0
-0.78501022,2.7128692,-1.2480056,-0.1343683,0.98197651,-0.13291836,0
-1.5460865,-3.1720624,0.34631634,-0.7979728,-0.027696967,0.60205662,0
-1.7777812,0.70818365,-2.5370486,-0.58752394,-0.18696257,-0.78731215,0
1.7897379,-2.7440314,-0.15951943,0.1343683,-0.98197651,0.13291836,0
2.3305144,-1.1098862,2.3300686,0.58752394,0.18696257,0.78731215,0
1.3727498,0.92833328,-0.71319973,0.7979728,0.027696967,-0.60205662,0
-1.7617223,-2.0082929,0.045823812,-0.7979728,-0.027696967,0.60205662,0
-1.2102621,-1.1902866,0.85901618,-0.7979728,-0.027696967,0.60205662,0
2.2698431,-0.5905965,2.2580652,0.58752394,0.18696257,0.78731215,0
-1.256978,-0.89448476,0.64513373,-0.7979728,-0.027696967,0.60205662,0
-1.6398208,-1.3527918,-2.2027035,-0.58752394,-0.18696257,-0.78731215,0
1.1290079,-2.7577381,0.60781455,0.1343683,-0.98197651,0.13291836,0
-1.1730106,-1.0058124,0.85044909,-0.7979728,-0.027696967,0.60205662,0
-2.2697053,-1.7951514,-0.64437437,-0.7979728,-0.027696967,0.60205662,0
-2.3415899,-1.4708194,-1.7518862,-0.58752394,-0.18696257,-0.78731215,0
2.510643,3.1968071,1.0628428,0.58752394,0.18696257,0.78731215,0
0.66060162,3.3563535,2.1400065,-0.1343683,0.98197651,-0.13291836,0
-2.5744393,0.28984582,-1.8410264,-0.58752394,-0.18696257,-0.78731215,0
-1.7700765,-3.4205065,-0.57176423,0.1343683,-0.98197651,0.13291836,0
-0.62015045,-2.5515757,1.4220974,-0.7979728,-0.027696967,0.60205662,0
-1.9718008,-0.15687072,-0.078475147,-0.7979728,-0.027696967,0.60205662,0
0.6487062,-2.5958459,2.2597353,0.1343683,-0.98197651,0.13291836,0
-2.7100296,0.019148588,-1.7953684,-0.58752394,-0.18696257,-0.78731215,0
-1.1148336,2.6037586,-2.232583,-0.1343683,0.98197651,-0.13291836,0
2.4588664,3.2757969,0.87982798,0.7979728,0.027696967,-0.60205662,0
2.2235553,2.2384205,1.5452684,0.58752394,0.18696257,0.78731215,0
-0.54921556,0.47376701,-3.134676,0.7979728,0.027696967,-0.60205662,0
1.0028127,0.63883078,-1.2825282,0.7979728,0.027696967,-0.60205662,0
-1.797121,-1.7380459,-2.1032972,-0.58752394,-0.18696257,-0.78731215,0
-1.1347601,2.6825023,-1.9895272,-0.1343683,0.98197651,-0.13291836,0
-2.8759956,2.1210961,-1.1643775,-0.7979728,-0.027696967,0.60205662,0
1.8197529,2.0045483,0.071898222,0.7979728,0.027696967,-0.60205662,0
-0.72223091,2.4371414,-3.1798003,-0.1343683,0.98197651,-0.13291836,0
0.13661695,1.4601232,2.8261833,-0.7979728,-0.027696967,0.60205662,0
-2.7204223,-0.44741416,-1.2553602,-0.7979728,-0.027696967,0.60205662,0
1.9120777,-2.760354,-0.039740801,0.1343683,-0.98197651,0.13291836,0
0.47365212,3.2171984,2.7378192,0.58752394,0.18696257,0.78731215,0
-1.3528439,-3.5212054,-1.7588599,0.1343683,-0.98197651,0.13291836,0
-1.6600349,-1.427809,-2.2439225,-0.58752394,-0.18696257,-0.78731215,0
-1.3261843,-3.055203,-2.1717169,-0.58752394,-0.18696257,-0.78731215,0
0.89403462,-2.7765796,1.811101,0.1343683,-0.98197651,0.13291836,0
-1.5908403,2.7440186,0.6123817,-0.7979728,-0.027696967,0.60205662,0
-1.6436785,-3.5037656,-1.8160102,-0.58752394,-0.18696257,-0.78731215,0
1.8026681,3.3979015,1.6818101,0.58752394,0.18696257,0.78731215,0
-0.71075082,-2.1912906,-2.7902811,-0.58752394,-0.18696257,-0.78731215,0
-2.7251301,2.5890427,-1.2581758,-0.1343683,0.98197651,-0.13291836,0
0.25876817,2.9772453,-0.35010481,-0.1343683,0.98197651,-0.13291836,0
-0.52413428,1.8988154,2.0418773,-0.7979728,-0.027696967,0.60205662,0
2.9802523,0.68009472,1.5480068,0.58752394,0.18696257,0.78731215,0
-1.2403135,-3.495384,-1.8580644,0.1343683,-0.98197651,0.13291836,0
-0.79236662,-1.4706485,1.5026665,-0.7979728,-0.027696967,0.60205662,0
1.3930984,0.0075734854,-0.50094485,0.7979728,0.027696967,-0.60205662,0
1.6449594,1.848922,2.064059,0.58752394,0.18696257,0.78731215,0
2.6300695,1.7322555,1.4261792,0.58752394,0.18696257,0.78731215,0
-2.4248948,-2.9907598,-1.2620292,-0.58752394,-0.18696257,-0.78731215,0
2.0325577,-1.7587001,2.8250661,0.58752394,0.18696257,0.78731215,0
0.73210382,-0.79260892,-1.5560328,0.7979728,0.027696967,-0.60205662,0
-1.5839128,1.8488754,0.42597747,-0.7979728,-0.027696967,0.60205662,0
-1.0764363,2.9778485,1.156413,-0.1343683,0.98197651,-0.13291836,0
-2.5862653,2.6291976,-1.0688031,-0.1343683,0.98197651,-0.13291836,0
-1.8520279,2.4298306,-2.8844378,-0.1343683,0.98197651,-0.13291836,0
2.5734217,-1.0217671,0.95261973,0.7979728,0.027696967,-0.60205662,0
-2.3965776,-1.8527347,-1.6256042,-0.58752394,-0.18696257,-0.78731215,0
0.65774703,-2.4516048,3.1749649,0.1343683,-0.98197651,0.13291836,0
-2.1186204,0.84587604,-2.442106,-0.58752394,-0.18696257,-0.78731215,0
0.89142156,-2.4189446,3.0896723,0.1343683,-0.98197651,0.13291836,0
1.8895134,-1.9514853,0.053257108,0.7979728,0.027696967,-0.60205662,0
1.0164497,1.5974981,2.623137,0.58752394,0.18696257,0.78731215,0
-2.7494638,-1.1682823,-1.4360178,-0.58752394,-0.18696257,-0.78731215,0
-0.53350663,-1.895381,-3.0787249,-0.58752394,-0.18696257,-0.78731215,0
-2.8785112,-1.4577587,-1.2875702,-0.7979728,-0.027696967,0.60205662,0
1.6819186,3.0144563,0.0057098866,0.7979728,0.027696967,-0.60205662,0
-1.4150229,-0.15581876,-2.7071514,-0.58752394,-0.18696257,-0.78731215,0
1.8478842,3.26846,1.7425699,0.58752394,0.18696257,0.78731215,0
-2.6133766,-0.95118952,-1.5358514,-0.58752394,-0.18696257,-0.78731215,0
-1.6234369,-3.0542345,0.20865965,-0.7979728,-0.027696967,0.60205662,0
2.2861323,-2.2461808,0.34053195,0.7979728,0.027696967,-0.60205662,0
-0.32404017,-2.0385976,-3.0325863,0.7979728,0.027696967,-0.60205662,0
2.426187,0.89928782,1.7490802,0.58752394,0.18696257,0.78731215,0
2.8431852,-1.8186748,2.1166844,0.58752394,0.18696257,0.78731215,0
-2.3415604,0.11234176,-2.1078241,-0.58752394,-0.18696257,-0.78731215,0
-2.3113217,-0.74136925,-1.8997995,-0.58752394,-0.18696257,-0.78731215,0
2.414387,1.4978247,1.6127412,0.58752394,0.18696257,0.78731215,0
-1.0799799,-1.0824939,0.90034223,-0.7979728,-0.027696967,0.60205662,0
-0.62170762,2.4377122,1.8618764,-0.7979728,-0.027696967,0.60205662,0
-0.83316171,2.4838839,1.6241112,-0.7979728,-0.027696967,0.60205662,0
2.5447693,-1.7927833,2.2320907,0.58752394,0.18696257,0.78731215,0
-0.75460243,-1.7905729,-2.7619207,-0.58752394,-0.18696257,-0.78731215,0
-2.3575723,0.38201964,-2.1922452,-0.58752394,-0.18696257,-0.78731215,0
-2.0522199,-2.9861307,-0.33398581,-0.7979728,-0.027696967,0.60205662,0
-0.020987749,-2.0261207,2.3859992,-0.7979728,-0.027696967,0.60205662,0
0.67483616,-0.92254782,3.4488463,0.58752394,0.18696257,0.78731215,0
1.471712,-2.1212244,-0.55022776,0.7979728,0.027696967,-0.60205662,0
2.5084453,1.4007871,1.7236123,0.58752394,0.18696257,0.78731215,0
2.0148673,1.132796,0.22722435,0.7979728,0.027696967,-0.60205662,0
-2.8166485,-0.71456218,-1.6191406,-0.58752394,-0.18696257,-0.78731215,0
-0.2107861,-3.3503489,-2.6389327,0.1343683,-0.98197651,0.13291836,0
-0.36634338,-3.262207,-0.72895098,0.1343683,-0.98197651,0.13291836,0
1.1645212,-2.8666115,0.66952229,0.1343683,-0.98197651,0.13291836,0
0.65351576,3.299062,0.52530837,-0.1343683,0.98197651,-0.13291836,0
0.43713188,2.5318925,2.7954433,0.58752394,0.18696257,0.78731215,0
1.9682438,-1.5117903,2.592262,0.58752394,0.18696257,0.78731215,0
1.5227704,1.6172762,2.3356667,0.58752394,0.18696257,0.78731215,0
1.6226671,-2.1052647,3.0003037,0.58752394,0.18696257,0.78731215,0
-2.8301046,0.9652245,-1.9302604,-0.58752394,-0.18696257,-0.78731215,0
0.42510247,-2.7062593,2.0428102,0.1343683,-0.98197651,0.13291836,0
3.041719,-2.3497214,1.9656326,0.1343683,-0.98197651,0.13291836,0
-1.9344798,-2.3724089,-0.30300188,-0.7979728,-0.027696967,0.60205662,0
-1.0843539,2.8145871,-1.242202,-0.1343683,0.98197651,-0.13291836,0
-1.7809618,1.0199745,0.064043105,-0.7979728,-0.027696967,0.60205662,0
-0.95961845,-3.1734285,0.78086495,0.1343683,-0.98197651,0.13291836,0
2.2028437,-2.7586653,0.7120173,0.1343683,-0.98197651,0.13291836,0
-1.5843587,1.4145155,-2.9148898,-0.58752394,-0.18696257,-0.78731215,0
0.79709268,-2.8183904,1.4259849,0.1343683,-0.98197651,0.13291836,0
0.70542103,1.996887,-1.4076977,0.7979728,0.027696967,-0.60205662,0
-2.0655079,0.0420928,-0.20621899,-0.7979728,-0.027696967,0.60205662,0
-0.96740532,0.56956446,-3.3147995,-0.58752394,-0.18696257,-0.78731215,0
-2.653302,1.4302557,-2.2150302,-0.58752394,-0.18696257,-0.78731215,0
2.1025848,1.3531092,0.46563315,0.7979728,0.027696967,-0.60205662,0
0.44143054,3.0781615,0.33859754,-0.1343683,0.98197651,-0.13291836,0
-1.6518698,1.2616162,-2.9527946,-0.58752394,-0.18696257,-0.78731215,0
-2.8346579,-0.65782118,-1.6396477,-0.58752394,-0.18696257,-0.78731215,0
-2.3566465,1.8966492,-2.4434056,-0.58752394,-0.18696257,-0.78731215,0
-2.4605575,-2.5512533,-1.3060271,-0.58752394,-0.18696257,-0.78731215,0
-1.5282708,-1.0850433,0.53717053,-0.7979728,-0.027696967,0.60205662,0
2.7778654,-1.201758,1.2673969,0.7979728,0.027696967,-0.60205662,0
0.49931502,-1.184119,2.9340625,-0.7979728,-0.027696967,0.60205662,0
1.7924907,1.5386099,2.13485,0.58752394,0.18696257,0.78731215,0
0.17600775,-2.8341417,2.0864933,0.1343683,-0.98197651,0.13291836,0
-1.9190642,0.90496659,-0.11242998,-0.7979728,-0.027696967,0.60205662,0
0.85924268,1.4593892,2.7017779,0.58752394,0.18696257,0.78731215,0
2.5502646,1.5886123,1.5160544,0.58752394,0.18696257,0.78731215,0
1.0153899,-1.8122599,3.5537615,0.58752394,0.18696257,0.78731215,0
1.6126313,-1.8856044,3.1629391,0.58752394,0.18696257,0.78731215,0
-1.2632895,2.5395706,-2.5083704,-0.1343683,0.98197651,-0.13291836,0
-1.053072,-1.2055267,1.0385731,-0.7979728,-0.027696967,0.60205662,0
-1.8143744,2.53019,-1.5081246,-0.1343683,0.98197651,-0.13291836,0
-0.88957787,2.5077448,-3.1057451,-0.1343683,0.98197651,-0.13291836,0
1.9851129,-1.4855049,0.040502906,0.7979728,0.027696967,-0.60205662,0
