0.039121211,0.70308876,1.3378516,-0.27961046,0.31778264,0.90599799,0
4.6660013,0.4003377,0.67129874,0.90826303,0.39345673,0.14230293,0
3.1161783,0.98334146,-1.1382151,0.27961046,-0.31778264,-0.90599799,0
-0.034112692,-2.8030415,2.6698241,0.31124955,-0.86267382,0.39864475,0
4.8667498,-0.95587844,2.902668,0.31124955,-0.86267382,0.39864475,0
-3.0590682,-1.3068966,-2.1870921,0.27961046,-0.31778264,-0.90599799,0
2.5819917,-2.0791049,-0.071505301,0.27961046,-0.31778264,-0.90599799,0
4.7090516,-0.3187868,3.1322916,0.90826303,0.39345673,0.14230293,0
-3.955642,-1.6103091,-2.3489439,-0.90826303,-0.39345673,-0.14230293,0
-3.950428,-2.6199405,0.23742628,-0.90826303,-0.39345673,-0.14230293,0
-4.8021708,0.012579799,-1.4569869,-0.90826303,-0.39345673,-0.14230293,0
2.9634533,4.1383004,0.98023081,0.90826303,0.39345673,0.14230293,0
-2.1251516,-1.9170866,1.7586483,-0.27961046,0.31778264,0.90599799,0
3.1500335,4.4455595,-1.7832551,-0.31124955,0.86267382,-0.39864475,0
3.4662828,3.3920302,0.1968236,0.90826303,0.39345673,0.14230293,0
2.0658257,1.3451192,-1.4436171,0.27961046,-0.31778264,-0.90599799,0
2.5397425,-2.0190856,2.4359572,0.31124955,-0.86267382,0.39864475,0
0.76851964,3.3895442,-2.2748699,-0.31124955,0.86267382,-0.39864475,0
0.14666867,2.1354868,0.95902526,-0.27961046,0.31778264,0.90599799,0
1.9396226,3.8337865,-1.8768187,-0.31124955,0.86267382,-0.39864475,0
0.89550078,2.0164642,1.191628,-0.27961046,0.31778264,0.90599799,0
-5.1433206,0.97969747,-0.87931418,-0.90826303,-0.39345673,-0.14230293,0
4.372201,1.7683663,-0.48951769,0.90826303,0.39345673,0.14230293,0
-2.1963437,1.205092,-2.8004069,0.27961046,-0.31778264,-0.90599799,0
3.1169546,4.4008479,-0.92712498,0.90826303,0.39345673,0.14230293,0
-5.0595918,0.73519373,-1.8183368,-0.90826303,-0.39345673,-0.14230293,0
-1.6918257,-1.4111184,1.532927,-0.27961046,0.31778264,0.90599799,0
-4.9380956,0.60954881,-1.3343978,-0.90826303,-0.39345673,-0.14230293,0
4.7751112,-1.771526,1.456792,0.31124955,-0.86267382,0.39864475,0
4.9288025,-0.36932659,1.1015944,0.90826303,0.39345673,0.14230293,0
-0.015434705,-0.2051475,1.7549534,-0.27961046,0.31778264,0.90599799,0
-5.2025003,0.93900371,-1.3853705,-0.90826303,-0.39345673,-0.14230293,0
-1.9966056,2.1763639,-2.4110212,-0.31124955,0.86267382,-0.39864475,0
-4.9115329,0.56457543,0.010168552,-0.27961046,0.31778264,0.90599799,0
1.6932209,3.6548862,-2.0741382,-0.31124955,0.86267382,-0.39864475,0
4.6242094,-0.035852432,-0.25552893,0.27961046,-0.31778264,-0.90599799,0
-1.6867504,2.301527,-2.421325,-0.31124955,0.86267382,-0.39864475,0
-1.9007435,-2.4324548,-1.3550189,0.27961046,-0.31778264,-0.90599799,0
2.4888847,4.0805569,-1.8473024,-0.31124955,0.86267382,-0.39864475,0
-5.2222447,1.4318337,-1.6742722,-0.31124955,0.86267382,-0.39864475,0
4.0815763,2.4867966,-1.149055,0.90826303,0.39345673,0.14230293,0
0.62402892,-2.9931774,1.7619953,0.31124955,-0.86267382,0.39864475,0
-3.4977832,-3.458158,0.59858274,-0.90826303,-0.39345673,-0.14230293,0
-3.7623537,-2.3049259,-0.63708735,-0.90826303,-0.39345673,-0.14230293,0
-3.7656448,-2.980001,0.5758729,-0.90826303,-0.39345673,-0.14230293,0
-3.1548355,-3.8693175,-0.44251633,-0.90826303,-0.39345673,-0.14230293,0
-3.9237244,-1.0131669,0.71751142,-0.27961046,0.31778264,0.90599799,0
3.0919356,-0.16460609,-0.65899396,0.27961046,-0.31778264,-0.90599799,0
-4.8308458,0.16715932,-1.1887717,-0.90826303,-0.39345673,-0.14230293,0
3.5923464,2.7068536,1.0141149,0.90826303,0.39345673,0.14230293,0
4.8029594,-0.56856191,2.7417347,0.90826303,0.39345673,0.14230293,0
-2.164923,-4.0148568,1.8438461,0.31124955,-0.86267382,0.39864475,0
4.638495,0.27234626,0.84399319,0.90826303,0.39345673,0.14230293,0
4.0136852,1.6674118,0.89189124,0.90826303,0.39345673,0.14230293,0
3.47439,3.5631325,-0.32350731,0.90826303,0.39345673,0.14230293,0
1.3116834,-3.5345478,0.3167814,0.31124955,-0.86267382,0.39864475,0
-1.3755445,1.6079547,0.58057809,-0.27961046,0.31778264,0.90599799,0
-1.0292487,-3.9519024,0.93923879,0.31124955,-0.86267382,0.39864475,0
-1.1866536,3.3754406,-0.33845794,-0.31124955,0.86267382,-0.39864475,0
0.15397573,3.143714,-2.0547109,-0.31124955,0.86267382,-0.39864475,0
4.9174228,-0.99960411,2.3462913,0.90826303,0.39345673,0.14230293,0
-4.4423742,-1.2670436,-0.19430518,-0.90826303,-0.39345673,-0.14230293,0
3.0226045,-2.4955721,0.81436837,0.31124955,-0.86267382,0.39864475,0
3.2263515,-2.3320167,1.2735431,0.31124955,-0.86267382,0.39864475,0
-2.0529616,-1.2061191,1.5063232,-0.27961046,0.31778264,0.90599799,0
-1.1118712,1.0920126,0.82017881,-0.27961046,0.31778264,0.90599799,0
-2.952394,-4.2866802,-0.31570196,-0.90826303,-0.39345673,-0.14230293,0
0.73212743,4.2575054,0.47184849,-0.27961046,0.31778264,0.90599799,0
-4.7357731,-0.077122927,-1.6970623,-0.90826303,-0.39345673,-0.14230293,0
3.5703084,-1.7748686,0.060895324,0.27961046,-0.31778264,-0.90599799,0
-0.45988321,-1.8333305,-1.0604093,0.27961046,-0.31778264,-0.90599799,0
-2.5722337,-0.79623914,1.1823205,-0.27961046,0.31778264,0.90599799,0
0.48130918,-3.0340283,1.844274,0.31124955,-0.86267382,0.39864475,0
2.1990075,1.9816999,-1.6254752,0.27961046,-0.31778264,-0.90599799,0
4.6117506,0.024730563,1.4497509,0.90826303,0.39345673,0.14230293,0
4.7973232,0.15861702,0.89808464,0.90826303,0.39345673,0.14230293,0
-2.2925093,-0.083456278,1.0266634,-0.27961046,0.31778264,0.90599799,0
-4.7277446,0.70618647,-2.9462342,-0.90826303,-0.39345673,-0.14230293,0
-2.9759665,-3.7349603,1.9542527,-0.27961046,0.31778264,0.90599799,0
-5.4063401,1.510075,-1.0716717,-0.90826303,-0.39345673,-0.14230293,0
0.67953134,-3.654757,0.49221897,0.31124955,-0.86267382,0.39864475,0
-2.6175094,2.1926227,-1.831005,-0.31124955,0.86267382,-0.39864475,0
-0.19506168,3.3104331,-1.5724179,-0.31124955,0.86267382,-0.39864475,0
-2.879451,-2.0016375,-1.8502724,0.27961046,-0.31778264,-0.90599799,0
-4.7666731,0.92144346,-0.090186357,-0.27961046,0.31778264,0.90599799,0
1.1999216,1.7155254,1.4854256,-0.27961046,0.31778264,0.90599799,0
4.5530176,0.3208189,1.9457715,0.90826303,0.39345673,0.14230293,0
4.9845586,-0.93546331,2.5369701,0.90826303,0.39345673,0.14230293,0
-2.0634329,-4.1997681,1.2108493,0.31124955,-0.86267382,0.39864475,0
3.3408191,-1.5119483,2.8441534,0.31124955,-0.86267382,0.39864475,0
-1.0745976,3.1219466,0.15753055,-0.27961046,0.31778264,0.90599799,0
-4.4076819,-1.1247377,-0.95251083,-0.90826303,-0.39345673,-0.14230293,0
-3.9557433,-2.753556,1.0471501,-0.90826303,-0.39345673,-0.14230293,0
0.4927752,4.3015881,0.29034519,-0.31124955,0.86267382,-0.39864475,0
0.32581711,-3.4951086,0.84966874,0.31124955,-0.86267382,0.39864475,0
-1.0587914,-3.8935447,1.3846812,0.31124955,-0.86267382,0.39864475,0
-1.2031403,2.2195125,0.55530208,-0.27961046,0.31778264,0.90599799,0
-1.5674739,3.3292973,0.093282819,-0.27961046,0.31778264,0.90599799,0
-0.24264932,-3.9393206,0.42195582,0.31124955,-0.86267382,0.39864475,0
-3.0934525,2.8515286,-0.25128919,-0.27961046,0.31778264,0.90599799,0
-3.541625,-3.0628757,-0.93871641,-0.90826303,-0.39345673,-0.14230293,0
3.4453623,3.5770438,0.041270256,0.90826303,0.39345673,0.14230293,0
3.2792552,-2.286757,1.2151589,0.31124955,-0.86267382,0.39864475,0
4.5604019,0.36823714,1.0154202,0.90826303,0.39345673,0.14230293,0
-2.2662396,-3.2895436,2.2028358,-0.27961046,0.31778264,0.90599799,0
-2.1390622,-4.2552338,1.0336556,0.31124955,-0.86267382,0.39864475,0
4.5274935,-1.7974474,1.4784193,0.31124955,-0.86267382,0.39864475,0
3.642261,1.0754044,2.4976029,-0.27961046,0.31778264,0.90599799,0
-3.347661,-3.4368606,-0.33891535,-0.90826303,-0.39345673,-0.14230293,0
0.60634065,3.8530703,-0.68278193,-0.31124955,0.86267382,-0.39864475,0
-4.1257439,-2.2406971,0.46522188,-0.90826303,-0.39345673,-0.14230293,0
3.3176463,4.453372,-1.6997495,0.90826303,0.39345673,0.14230293,0
3.2645698,3.6893909,0.399189,0.90826303,0.39345673,0.14230293,0
-2.7161655,-1.5976055,-1.8455081,0.27961046,-0.31778264,-0.90599799,0
-2.965169,1.6611329,-2.9048762,-0.31124955,0.86267382,-0.39864475,0
-1.8753805,-4.014493,1.5169313,0.31124955,-0.86267382,0.39864475,0
2.3366427,3.9009199,-2.1919804,-0.31124955,0.86267382,-0.39864475,0
2.3788004,1.6620423,1.7292948,-0.27961046,0.31778264,0.90599799,0
0.48482132,4.1507072,-0.0034718513,-0.31124955,0.86267382,-0.39864475,0
1.009387,3.5035927,-1.770283,-0.31124955,0.86267382,-0.39864475,0
1.8620875,4.3369308,-0.79122257,-0.31124955,0.86267382,-0.39864475,0
0.75059509,1.2713251,1.3531585,-0.27961046,0.31778264,0.90599799,0
-0.62507343,-4.4123068,-0.12417078,0.31124955,-0.86267382,0.39864475,0
-5.3022456,1.1550024,-1.2591605,-0.90826303,-0.39345673,-0.14230293,0
-4.543262,1.4345713,-2.2041316,-0.31124955,0.86267382,-0.39864475,0
3.2315958,-2.6896358,0.26399064,0.27961046,-0.31778264,-0.90599799,0
-5.3279891,1.8436887,-0.83073914,-0.31124955,0.86267382,-0.39864475,0
3.9793558,-1.4886096,2.2498727,0.31124955,-0.86267382,0.39864475,0
-1.3609519,-3.710701,1.7813978,0.31124955,-0.86267382,0.39864475,0
1.6470582,0.094104648,2.2350342,-0.27961046,0.31778264,0.90599799,0
-1.6672983,-3.3985925,2.2747893,-0.27961046,0.31778264,0.90599799,0
3.8460898,-1.4136522,2.6600752,0.31124955,-0.86267382,0.39864475,0
0.083341599,3.12151,0.63885355,-0.27961046,0.31778264,0.90599799,0
-4.5487242,-1.2277188,0.30442119,-0.90826303,-0.39345673,-0.14230293,0
3.9124961,-1.96218,1.4540709,0.31124955,-0.86267382,0.39864475,0
1.5748942,4.0589213,-1.0283232,-0.31124955,0.86267382,-0.39864475,0
-3.4760423,-3.3139486,-0.81235361,-0.90826303,-0.39345673,-0.14230293,0
-1.5841179,-0.62424564,-1.9432026,0.27961046,-0.31778264,-0.90599799,0
-2.4828305,-5.1616116,-0.49323654,0.31124955,-0.86267382,0.39864475,0
0.48280498,0.84437525,-1.8613822,0.27961046,-0.31778264,-0.90599799,0
4.0270061,2.1795917,0.41440964,0.90826303,0.39345673,0.14230293,0
-0.81872702,3.7417786,-0.074085712,-0.31124955,0.86267382,-0.39864475,0
-2.4393461,-4.6155624,0.86492348,0.31124955,-0.86267382,0.39864475,0
-0.48066187,3.5519783,-0.77453923,-0.31124955,0.86267382,-0.39864475,0
0.82273674,-2.9226861,1.9835985,0.31124955,-0.86267382,0.39864475,0
0.84867454,3.3200688,-2.3265944,-0.31124955,0.86267382,-0.39864475,0
-2.1820574,-4.5819912,0.7231307,0.31124955,-0.86267382,0.39864475,0
3.9381201,1.5185707,1.7843711,0.90826303,0.39345673,0.14230293,0
-0.3089776,-1.6351956,2.2017663,-0.27961046,0.31778264,0.90599799,0
-0.25240928,-0.65740085,-1.4650847,0.27961046,-0.31778264,-0.90599799,0
-4.3343086,-0.14587739,-2.9242692,-0.90826303,-0.39345673,-0.14230293,0
-3.4699736,-3.3706076,-0.04774189,-0.90826303,-0.39345673,-0.14230293,0
-2.0142002,-3.7526584,2.1914544,0.31124955,-0.86267382,0.39864475,0
0.4406023,-3.5501645,0.50286651,0.31124955,-0.86267382,0.39864475,0
-3.866868,-1.1102979,0.75073814,-0.27961046,0.31778264,0.90599799,0
-3.7567141,-2.8752563,-0.27320766,-0.90826303,-0.39345673,-0.14230293,0
3.8888459,-1.754313,1.78,0.31124955,-0.86267382,0.39864475,0
-0.36294192,0.26233768,-1.9150357,0.27961046,-0.31778264,-0.90599799,0
1.1773243,4.186203,-0.4420042,-0.31124955,0.86267382,-0.39864475,0
2.3977475,1.9353672,1.8143981,-0.27961046,0.31778264,0.90599799,0
-3.5825815,-3.1839674,0.12127829,-0.90826303,-0.39345673,-0.14230293,0
-2.7170532,-4.0248184,2.1715624,0.31124955,-0.86267382,0.39864475,0
-0.70605445,2.5988719,-2.6909122,-0.31124955,0.86267382,-0.39864475,0
-0.61731553,3.5025387,-0.8877424,-0.31124955,0.86267382,-0.39864475,0
0.03344059,-3.7357278,0.596174,0.31124955,-0.86267382,0.39864475,0
3.2851577,3.5731058,0.86301422,0.90826303,0.39345673,0.14230293,0
-4.1789517,-1.1712089,-1.2855322,-0.90826303,-0.39345673,-0.14230293,0
4.8111553,0.13024259,0.70656323,0.90826303,0.39345673,0.14230293,0
4.7831211,-1.3722665,2.216363,0.31124955,-0.86267382,0.39864475,0
3.4751477,3.9224463,-1.7717457,0.90826303,0.39345673,0.14230293,0
0.48729897,-1.1199223,-1.0527818,0.27961046,-0.31778264,-0.90599799,0
-4.1136017,-1.4581386,-1.3218708,-0.90826303,-0.39345673,-0.14230293,0
-5.1634769,0.68844891,-0.86826634,-0.90826303,-0.39345673,-0.14230293,0
0.79702508,2.2907372,1.1884019,-0.27961046,0.31778264,0.90599799,0
-0.91432071,-1.4343445,1.8176146,-0.27961046,0.31778264,0.90599799,0
-1.8358386,1.9546063,0.34568784,-0.27961046,0.31778264,0.90599799,0
4.6308937,-0.20651281,2.9719434,0.90826303,0.39345673,0.14230293,0
1.8224618,4.7419376,0.017002106,-0.31124955,0.86267382,-0.39864475,0
-1.6729763,-0.28279144,-2.0083773,0.27961046,-0.31778264,-0.90599799,0
-3.8497615,0.61253691,0.29574192,-0.27961046,0.31778264,0.90599799,0
-2.1597919,-4.4487872,0.7212739,0.31124955,-0.86267382,0.39864475,0
3.9530332,2.4576378,-0.57526112,0.90826303,0.39345673,0.14230293,0
-4.6469545,0.13779509,-1.6465633,-0.90826303,-0.39345673,-0.14230293,0
-4.6083965,-0.48843026,-0.78372931,-0.90826303,-0.39345673,-0.14230293,0
3.6762838,-1.7336547,2.0818965,0.31124955,-0.86267382,0.39864475,0
0.34859538,3.9015272,-0.68875241,-0.31124955,0.86267382,-0.39864475,0
-4.2525229,-1.6198581,-0.21922398,-0.90826303,-0.39345673,-0.14230293,0
3.2351894,3.9647756,-0.51820087,0.90826303,0.39345673,0.14230293,0
-2.0490615,3.0637426,-0.69834477,-0.31124955,0.86267382,-0.39864475,0
-0.90040112,3.3699818,-0.73710823,-0.31124955,0.86267382,-0.39864475,0
-2.2476354,2.0647006,-2.5868816,-0.31124955,0.86267382,-0.39864475,0
-4.3173289,-1.117844,-0.53023481,-0.90826303,-0.39345673,-0.14230293,0
4.8008676,-1.672146,1.5011358,0.31124955,-0.86267382,0.39864475,0
-3.9805059,-1.3630837,-1.8903186,-0.90826303,-0.39345673,-0.14230293,0
-3.8057578,1.9192472,-1.4589698,-0.31124955,0.86267382,-0.39864475,0
4.6481385,0.62711954,0.75261045,0.90826303,0.39345673,0.14230293,0
-1.1494496,-1.6994452,-1.3887846,0.27961046,-0.31778264,-0.90599799,0
-2.6418457,2.3800261,-1.7003462,-0.31124955,0.86267382,-0.39864475,0
-3.6692114,2.479368,-0.28748807,-0.27961046,0.31778264,0.90599799,0
3.9561434,1.4651011,1.7886696,0.90826303,0.39345673,0.14230293,0
2.6531694,1.4940829,-1.3742352,0.27961046,-0.31778264,-0.90599799,0
0.82757759,-1.3462144,-0.84893608,0.27961046,-0.31778264,-0.90599799,0
-1.7567637,2.8285358,-1.3831229,-0.31124955,0.86267382,-0.39864475,0
0.83215398,0.91139591,1.6573863,-0.27961046,0.31778264,0.90599799,0
-0.0035464764,-1.3351053,2.1139805,-0.27961046,0.31778264,0.90599799,0
-2.839581,2.3915727,-0.013908267,-0.27961046,0.31778264,0.90599799,0
-0.90175581,3.1937757,-1.0563439,-0.31124955,0.86267382,-0.39864475,0
-2.190315,-3.2684681,-1.0892951,0.27961046,-0.31778264,-0.90599799,0
-2.5993624,1.5945679,0.27652895,-0.27961046,0.31778264,0.90599799,0
-3.605583,-3.2006197,0.72796869,-0.90826303,-0.39345673,-0.14230293,0
4.219336,0.17513084,-0.50662112,0.27961046,-0.31778264,-0.90599799,0
1.6123977,-2.2914772,2.4569914,0.31124955,-0.86267382,0.39864475,0
-2.9492102,-1.4680479,-2.0441487,0.27961046,-0.31778264,-0.90599799,0
-2.258239,3.0784149,-0.51900643,-0.31124955,0.86267382,-0.39864475,0
1.8297604,0.7097612,2.0304501,-0.27961046,0.31778264,0.90599799,0
4.7913027,-0.20403123,1.4923167,0.90826303,0.39345673,0.14230293,0
-0.096236467,0.78153825,1.2942617,-0.27961046,0.31778264,0.90599799,0
3.977999,-2.00036,1.1322889,0.31124955,-0.86267382,0.39864475,0
0.7468977,-3.4296377,0.84637976,0.31124955,-0.86267382,0.39864475,0
-4.0623512,-1.8017558,-0.45739889,-0.90826303,-0.39345673,-0.14230293,0
-4.4445896,-0.98914146,-0.935179,-0.90826303,-0.39345673,-0.14230293,0
2.2317405,-2.1176999,2.5537438,0.31124955,-0.86267382,0.39864475,0
-2.6383462,-2.0903342,1.5105278,-0.27961046,0.31778264,0.90599799,0
-4.9819927,0.83305317,-2.2209094,-0.90826303,-0.39345673,-0.14230293,0
-4.115243,-1.0736409,-2.4277246,-0.90826303,-0.39345673,-0.14230293,0
2.0447462,3.9450889,-2.0182855,-0.31124955,0.86267382,-0.39864475,0
-3.9229629,1.5533504,-2.5954156,-0.31124955,0.86267382,-0.39864475,0
-3.9369149,-2.1400559,-0.74894571,-0.90826303,-0.39345673,-0.14230293,0
-1.6524516,2.5936189,-2.0431411,-0.31124955,0.86267382,-0.39864475,0
-1.5844071,2.2715995,-2.5987918,-0.31124955,0.86267382,-0.39864475,0
4.4503465,1.3883026,-0.56835985,0.90826303,0.39345673,0.14230293,0
-0.096404076,-4.292964,-0.20164943,0.31124955,-0.86267382,0.39864475,0
-0.64049959,-3.6524456,1.3393555,0.31124955,-0.86267382,0.39864475,0
-3.788857,-2.4468935,-0.23154163,-0.90826303,-0.39345673,-0.14230293,0
0.95203412,1.6874393,1.2571421,-0.27961046,0.31778264,0.90599799,0
-2.4639215,-5.1745291,-0.67768097,0.27961046,-0.31778264,-0.90599799,0
4.6259537,0.506675,0.84617281,0.90826303,0.39345673,0.14230293,0
-4.7420053,1.3873823,-2.0227056,-0.31124955,0.86267382,-0.39864475,0
3.382875,-2.4276505,1.0450885,0.31124955,-0.86267382,0.39864475,0
2.4196258,4.8866,-0.18289137,-0.31124955,0.86267382,-0.39864475,0
2.4053204,4.0018792,-1.816016,-0.31124955,0.86267382,-0.39864475,0
0.42214584,-2.8220868,-0.51630771,0.27961046,-0.31778264,-0.90599799,0
-3.5302994,-3.2404683,-0.1443572,-0.90826303,-0.39345673,-0.14230293,0
-3.9532104,-2.72054,0.66963243,-0.90826303,-0.39345673,-0.14230293,0
3.2652586,4.001904,-0.27455854,0.90826303,0.39345673,0.14230293,0
-1.1143268,0.055054188,-1.9487404,0.27961046,-0.31778264,-0.90599799,0
3.0000424,-0.57404304,-0.59329009,0.27961046,-0.31778264,-0.90599799,0
4.4442554,-1.6083869,1.9417958,0.31124955,-0.86267382,0.39864475,0
2.4923518,3.8939605,0.98404264,-0.27961046,0.31778264,0.90599799,0
-0.80531454,3.8658013,-0.0019779205,-0.31124955,0.86267382,-0.39864475,0
-1.0771811,0.73558509,-2.1697783,0.27961046,-0.31778264,-0.90599799,0
4.5106311,0.029093027,2.1149759,0.90826303,0.39345673,0.14230293,0
-0.83101511,3.3774362,0.15415692,-0.27961046,0.31778264,0.90599799,0
-4.3795385,0.87639666,-3.2568898,-0.31124955,0.86267382,-0.39864475,0
3.3244696,4.1779041,-1.7176962,0.90826303,0.39345673,0.14230293,0
-0.69723415,-2.0989954,-1.1540707,0.27961046,-0.31778264,-0.90599799,0
-4.4957151,-1.1533446,-0.18612194,-0.90826303,-0.39345673,-0.14230293,0
4.626112,-0.37029821,2.4236736,0.90826303,0.39345673,0.14230293,0
4.6234722,0.72358441,-0.48141408,0.27961046,-0.31778264,-0.90599799,0
-3.3393764,-3.891176,0.48348856,-0.90826303,-0.39345673,-0.14230293,0
4.6438708,-0.060936272,2.5397286,0.90826303,0.39345673,0.14230293,0
3.268388,3.5208392,0.71892691,0.90826303,0.39345673,0.14230293,0
-1.4312596,-4.3958316,0.18725538,0.31124955,-0.86267382,0.39864475,0
-4.6344647,-0.299124,-0.72891021,-0.90826303,-0.39345673,-0.14230293,0
2.8818665,-2.4718342,1.4059997,0.31124955,-0.86267382,0.39864475,0
-0.046425104,-2.5113542,-0.83015013,0.27961046,-0.31778264,-0.90599799,0
2.6178684,3.2762887,-2.0596294,0.27961046,-0.31778264,-0.90599799,0
-1.762176,-4.4074879,0.41428518,0.31124955,-0.86267382,0.39864475,0
4.4568968,-0.089310035,2.8172088,0.90826303,0.39345673,0.14230293,0
1.2726963,1.1803896,1.64618,-0.27961046,0.31778264,0.90599799,0
0.04959321,2.9214637,-2.4169784,-0.31124955,0.86267382,-0.39864475,0
-0.39886785,-2.9790483,2.4775147,0.31124955,-0.86267382,0.39864475,0
1.6545887,4.0186472,-1.2947776,-0.31124955,0.86267382,-0.39864475,0
-1.3237355,2.8202775,-1.671402,-0.31124955,0.86267382,-0.39864475,0
-3.0066285,-4.2116723,-0.94221973,-0.90826303,-0.39345673,-0.14230293,0
-0.052079678,-4.0683861,0.093600988,0.31124955,-0.86267382,0.39864475,0
-3.0230322,-4.1560163,-0.72238636,-0.90826303,-0.39345673,-0.14230293,0
-2.0090325,-1.7320417,-1.6016951,0.27961046,-0.31778264,-0.90599799,0
0.70003724,-3.2500348,1.1235027,0.31124955,-0.86267382,0.39864475,0
-2.9013193,-2.3818655,-1.7746782,0.27961046,-0.31778264,-0.90599799,0
0.78946853,-1.2357005,2.3379364,-0.27961046,0.31778264,0.90599799,0
3.2841527,2.7029843,1.6701131,-0.27961046,0.31778264,0.90599799,0
-0.94089389,2.3950827,0.52445579,-0.27961046,0.31778264,0.90599799,0
-1.3802654,-0.45129323,-1.9748856,0.27961046,-0.31778264,-0.90599799,0
4.5224543,1.2157621,-0.34882069,0.90826303,0.39345673,0.14230293,0
1.1592166,-2.9534965,1.6819603,0.31124955,-0.86267382,0.39864475,0
-0.096615791,-3.1662092,2.2468212,0.31124955,-0.86267382,0.39864475,0
3.3590138,3.7307296,0.34171629,0.90826303,0.39345673,0.14230293,0
-3.4540079,1.8938358,-0.064816535,-0.27961046,0.31778264,0.90599799,0
-1.4975586,3.2012579,0.030560136,-0.27961046,0.31778264,0.90599799,0
-4.3185687,2.14434,-0.53958577,-0.31124955,0.86267382,-0.39864475,0
-3.8118308,1.282252,-3.1139865,-0.31124955,0.86267382,-0.39864475,0
3.1337907,-1.9069028,0.015706569,0.27961046,-0.31778264,-0.90599799,0
-2.5863545,-4.6730494,0.86233425,0.31124955,-0.86267382,0.39864475,0
-3.2867308,-4.0892134,0.26546764,-0.90826303,-0.39345673,-0.14230293,0
-3.6575933,1.9798326,-0.068948328,-0.27961046,0.31778264,0.90599799,0
-2.1440058,-4.9288206,-0.5482707,0.27961046,-0.31778264,-0.90599799,0
4.8993788,-0.22675848,0.50591946,0.90826303,0.39345673,0.14230293,0
2.3868527,-2.0101337,2.5614119,0.31124955,-0.86267382,0.39864475,0
1.0228748,-1.3154899,2.5120637,-0.27961046,0.31778264,0.90599799,0
-4.9200001,0.23890948,-1.0340552,-0.90826303,-0.39345673,-0.14230293,0
0.12671971,-3.3923817,1.164234,0.31124955,-0.86267382,0.39864475,0
4.084641,1.4261397,0.95633769,0.90826303,0.39345673,0.14230293,0
-2.6534653,-0.54513502,0.92107666,-0.27961046,0.31778264,0.90599799,0
-3.8585422,1.2716541,-3.2227647,-0.31124955,0.86267382,-0.39864475,0
0.45000362,-2.9876611,2.0451143,0.31124955,-0.86267382,0.39864475,0
-2.9528351,2.4460611,-1.2145178,-0.31124955,0.86267382,-0.39864475,0
-0.03168416,3.3360269,-1.4856011,-0.31124955,0.86267382,-0.39864475,0
-1.6375475,-4.4162717,0.68392467,0.31124955,-0.86267382,0.39864475,0
-3.8078334,1.3305719,-3.0501862,-0.31124955,0.86267382,-0.39864475,0
-4.1973863,-1.1056328,-2.3049603,-0.90826303,-0.39345673,-0.14230293,0
-5.111907,1.2629128,-1.8678955,-0.90826303,-0.39345673,-0.14230293,0
0.78058517,-0.93919826,-1.0159564,0.27961046,-0.31778264,-0.90599799,0
-3.309545,-3.9302371,-0.24145269,-0.90826303,-0.39345673,-0.14230293,0
3.0155981,4.347537,-1.5600181,-0.31124955,0.86267382,-0.39864475,0
-1.5248487,-1.9320793,-1.4591844,0.27961046,-0.31778264,-0.90599799,0
-2.104212,-0.265764,-2.1801305,0.27961046,-0.31778264,-0.90599799,0
-1.4588628,-1.0906711,-1.6602556,0.27961046,-0.31778264,-0.90599799,0
-3.9641359,-2.157608,0.30856371,-0.90826303,-0.39345673,-0.14230293,0
5.2399673,-0.78909302,0.87652373,0.90826303,0.39345673,0.14230293,0
-1.5399374,2.2251797,0.39147681,-0.27961046,0.31778264,0.90599799,0
-2.1180067,1.7119566,-3.008913,0.27961046,-0.31778264,-0.90599799,0
-3.7527955,1.4105458,-2.6651912,-0.31124955,0.86267382,-0.39864475,0
3.8413217,0.9713515,2.4305406,-0.27961046,0.31778264,0.90599799,0
-2.999814,-4.0736055,2.196609,0.31124955,-0.86267382,0.39864475,0
3.9524953,2.7693052,-1.2737021,0.90826303,0.39345673,0.14230293,0
-1.286865,3.2711496,-0.48320758,-0.31124955,0.86267382,-0.39864475,0
-2.9588294,2.2908535,-1.3943784,-0.31124955,0.86267382,-0.39864475,0
-2.3223629,-1.0257213,-2.1077776,0.27961046,-0.31778264,-0.90599799,0
-3.6914628,-1.6682959,-2.253968,0.27961046,-0.31778264,-0.90599799,0
-3.4231019,-3.9477713,0.5045886,-0.90826303,-0.39345673,-0.14230293,0
-3.8349559,1.8502856,-0.28629702,-0.27961046,0.31778264,0.90599799,0
-0.46976471,3.1440091,-1.4939654,-0.31124955,0.86267382,-0.39864475,0
-1.8154109,-4.1505332,1.1838734,0.31124955,-0.86267382,0.39864475,0
-3.6435421,-3.1032462,-0.18886805,-0.90826303,-0.39345673,-0.14230293,0
-4.2247648,0.91569829,-3.1761496,0.27961046,-0.31778264,-0.90599799,0
4.2032709,1.6236537,0.42629504,0.90826303,0.39345673,0.14230293,0
4.7975817,-0.63463831,2.7467647,0.90826303,0.39345673,0.14230293,0
5.3663025,-1.2921374,0.79039621,0.90826303,0.39345673,0.14230293,0
-1.9883008,-4.7705483,0.048825264,0.31124955,-0.86267382,0.39864475,0
-3.4616723,-4.2782764,1.7976403,-0.90826303,-0.39345673,-0.14230293,0
-0.041998625,3.6997867,-0.50621271,-0.31124955,0.86267382,-0.39864475,0
-3.4164429,0.5473727,-2.8301299,0.27961046,-0.31778264,-0.90599799,0
2.585233,-1.5620861,2.9008625,-0.27961046,0.31778264,0.90599799,0
3.3718948,4.1980591,-1.8865724,0.90826303,0.39345673,0.14230293,0
-4.6033077,-0.91006112,-0.036418915,-0.90826303,-0.39345673,-0.14230293,0
1.3769047,-3.0984397,1.0583572,0.31124955,-0.86267382,0.39864475,0
-3.1594996,1.6150672,0.03112787,-0.27961046,0.31778264,0.90599799,0
-2.068253,2.626936,0.15783376,-0.27961046,0.31778264,0.90599799,0
-0.73307931,-1.2951627,1.9162841,-0.27961046,0.31778264,0.90599799,0
3.097353,4.4751697,-0.32219601,0.90826303,0.39345673,0.14230293,0
-1.4835087,-2.3591127,2.0361733,-0.27961046,0.31778264,0.90599799,0
3.1353078,3.9467721,1.2536321,0.90826303,0.39345673,0.14230293,0
4.361393,-0.15247783,3.0881062,-0.27961046,0.31778264,0.90599799,0
4.1439328,-0.66646409,3.176568,-0.27961046,0.31778264,0.90599799,0
-2.3513639,1.7416159,0.39404789,-0.27961046,0.31778264,0.90599799,0
-4.8460822,1.6678531,-1.6210589,-0.31124955,0.86267382,-0.39864475,0
-4.8229733,0.79927713,-2.5030873,-0.90826303,-0.39345673,-0.14230293,0
3.4202621,-2.4293268,1.0050002,0.31124955,-0.86267382,0.39864475,0
-2.8391457,-4.3137169,1.8906217,0.31124955,-0.86267382,0.39864475,0
1.7237463,0.83556926,1.850981,-0.27961046,0.31778264,0.90599799,0
-2.9403839,2.1947112,-1.5406736,-0.31124955,0.86267382,-0.39864475,0
-1.087302,1.0150452,1.0048609,-0.27961046,0.31778264,0.90599799,0
-2.1943548,2.1893883,0.11436144,-0.27961046,0.31778264,0.90599799,0
-1.7028708,-3.3361607,2.2108812,-0.27961046,0.31778264,0.90599799,0
-4.7437768,0.18012691,-2.0648131,-0.90826303,-0.39345673,-0.14230293,0
3.5829029,-2.0308385,1.5248728,0.31124955,-0.86267382,0.39864475,0
1.7930688,-1.0653999,2.6908875,-0.27961046,0.31778264,0.90599799,0
2.6955843,4.9045348,0.25176048,0.90826303,0.39345673,0.14230293,0
4.2812796,0.83405554,2.5844774,0.90826303,0.39345673,0.14230293,0
-2.5797844,-4.1224527,1.7821631,0.31124955,-0.86267382,0.39864475,0
-1.5798557,2.8211362,-1.4599001,-0.31124955,0.86267382,-0.39864475,0
4.690897,0.68465877,0.19719791,0.90826303,0.39345673,0.14230293,0
3.6776719,-0.80688477,-0.34604239,0.27961046,-0.31778264,-0.90599799,0
3.6679912,2.5730283,0.50208807,0.90826303,0.39345673,0.14230293,0
-2.1360042,-1.3853295,1.3788978,-0.27961046,0.31778264,0.90599799,0
-4.0658097,-2.1787527,0.96306753,-0.90826303,-0.39345673,-0.14230293,0
0.91670144,-1.3927014,2.4725015,-0.27961046,0.31778264,0.90599799,0
-1.6896496,-3.0129395,-1.0812895,0.27961046,-0.31778264,-0.90599799,0
1.8852041,-3.2694263,0.12729049,0.31124955,-0.86267382,0.39864475,0
-4.9786286,0.080688238,-0.5724287,-0.90826303,-0.39345673,-0.14230293,0
1.1087029,4.1317616,-0.7974422,-0.31124955,0.86267382,-0.39864475,0
3.5895069,3.1885071,-0.79514027,0.90826303,0.39345673,0.14230293,0
0.67789245,4.0987463,-0.46154976,-0.31124955,0.86267382,-0.39864475,0
-4.2672582,-0.59122872,0.49959016,-0.27961046,0.31778264,0.90599799,0
3.0445213,3.5228403,-1.99282,0.27961046,-0.31778264,-0.90599799,0
4.7906194,-0.4988696,2.568413,0.90826303,0.39345673,0.14230293,0
-3.8677058,-1.8744884,-1.5308368,-0.90826303,-0.39345673,-0.14230293,0
3.1420343,1.6870983,2.1395853,-0.27961046,0.31778264,0.90599799,0
4.2061191,-1.8524795,1.3620834,0.31124955,-0.86267382,0.39864475,0
4.3008881,1.2832395,0.39471197,0.90826303,0.39345673,0.14230293,0
-3.1730235,2.1207883,-1.4966046,-0.31124955,0.86267382,-0.39864475,0
5.0482235,-1.7838439,0.90117121,0.31124955,-0.86267382,0.39864475,0
2.5741181,0.5703584,2.1866069,-0.27961046,0.31778264,0.90599799,0
1.3128974,-3.4439814,0.014443517,0.27961046,-0.31778264,-0.90599799,0
1.8416393,3.7175155,1.0202665,-0.27961046,0.31778264,0.90599799,0
1.1702514,3.7637651,-1.7750971,-0.31124955,0.86267382,-0.39864475,0
1.7808118,4.6591959,-0.099765301,-0.31124955,0.86267382,-0.39864475,0
3.7774975,-1.9288629,1.6740298,0.31124955,-0.86267382,0.39864475,0
2.2624176,-3.0171607,0.66128743,0.31124955,-0.86267382,0.39864475,0
4.4611478,-0.18015757,3.0435297,0.90826303,0.39345673,0.14230293,0
2.1504986,2.6981201,-1.8757746,0.27961046,-0.31778264,-0.90599799,0
0.48011017,3.3147392,-1.7501202,-0.31124955,0.86267382,-0.39864475,0
3.6495886,-2.5768194,0.57806647,0.31124955,-0.86267382,0.39864475,0
-4.0419946,1.3411093,-2.8952427,-0.31124955,0.86267382,-0.39864475,0
-1.9360631,-4.0397882,-0.92858505,0.27961046,-0.31778264,-0.90599799,0
1.2116951,1.4788574,-1.7660773,0.27961046,-0.31778264,-0.90599799,0
0.30944479,1.4787142,1.2595193,-0.27961046,0.31778264,0.90599799,0
2.5172138,0.50828958,-1.0459714,0.27961046,-0.31778264,-0.90599799,0
-4.8844185,2.0785899,-0.52081752,-0.31124955,0.86267382,-0.39864475,0
-4.7050357,0.16124451,-1.9392228,-0.90826303,-0.39345673,-0.14230293,0
2.5496318,2.0464418,-1.511879,0.27961046,-0.31778264,-0.90599799,0
0.46978581,0.67563593,1.5477883,-0.27961046,0.31778264,0.90599799,0
4.9074798,-0.263592,1.6213121,0.90826303,0.39345673,0.14230293,0
3.5797653,3.5231302,-1.5503268,0.90826303,0.39345673,0.14230293,0
-3.3204544,1.6643019,-0.031463742,-0.27961046,0.31778264,0.90599799,0
0.054242134,4.152144,-0.051724195,-0.31124955,0.86267382,-0.39864475,0
0.26191473,-3.6411879,0.86485481,0.31124955,-0.86267382,0.39864475,0
0.92044067,3.9754617,0.6533885,-0.27961046,0.31778264,0.90599799,0
3.5340819,3.5715699,-1.065114,0.90826303,0.39345673,0.14230293,0
-4.3413072,-1.2681509,-0.66845655,-0.90826303,-0.39345673,-0.14230293,0
-1.8900481,0.96165287,0.75469989,-0.27961046,0.31778264,0.90599799,0
4.8332024,0.43288136,0.047937393,0.90826303,0.39345673,0.14230293,0
-4.0804138,-0.93734944,-2.3693643,-0.90826303,-0.39345673,-0.14230293,0
-1.8448896,-4.765667,0.099249363,0.31124955,-0.86267382,0.39864475,0
-4.6366129,0.093386441,-2.935946,-0.90826303,-0.39345673,-0.14230293,0
-4.2924838,-1.1590481,-0.61525702,-0.90826303,-0.39345673,-0.14230293,0
-1.1476191,1.2894951,0.93842739,-0.27961046,0.31778264,0.90599799,0
-3.6422138,-3.1977129,0.91158104,-0.90826303,-0.39345673,-0.14230293,0
-4.3324881,-0.98877811,-1.2439625,-0.90826303,-0.39345673,-0.14230293,0
0.25812805,1.1204451,1.4292421,-0.27961046,0.31778264,0.90599799,0
0.18943238,2.4297781,-2.4320192,0.27961046,-0.31778264,-0.90599799,0
1.8055208,4.8998613,0.37327051,-0.31124955,0.86267382,-0.39864475,0
5.0407987,-0.79333663,0.99288058,0.90826303,0.39345673,0.14230293,0
-4.490304,-0.68760073,-0.8540206,-0.90826303,-0.39345673,-0.14230293,0
-3.000674,-1.8065908,-1.8953011,0.27961046,-0.31778264,-0.90599799,0
3.007472,4.5568628,0.11120558,0.90826303,0.39345673,0.14230293,0
-4.5314064,-0.33489352,-2.0934622,-0.90826303,-0.39345673,-0.14230293,0
-4.4359879,2.3004918,-0.55671322,-0.31124955,0.86267382,-0.39864475,0
-5.0765753,1.0114219,-2.2889345,-0.90826303,-0.39345673,-0.14230293,0
-3.8516798,-2.2557349,-1.4198844,-0.90826303,-0.39345673,-0.14230293,0
-3.7684467,1.2413795,-3.0372176,-0.31124955,0.86267382,-0.39864475,0
0.54421055,1.8579082,-2.1354382,0.27961046,-0.31778264,-0.90599799,0
4.5578833,0.37307942,2.0062597,0.90826303,0.39345673,0.14230293,0
-2.75137,-4.7206106,-0.43576384,-0.90826303,-0.39345673,-0.14230293,0
0.082491279,-1.2878737,-1.2519469,0.27961046,-0.31778264,-0.90599799,0
-4.9449706,0.036591291,0.22540498,-0.90826303,-0.39345673,-0.14230293,0
4.3444662,1.6617401,-0.78355169,0.90826303,0.39345673,0.14230293,0
-3.8897481,2.2341189,-0.35557538,-0.27961046,0.31778264,0.90599799,0
4.9121771,-1.2336822,2.051424,0.31124955,-0.86267382,0.39864475,0
-2.851059,-4.3057866,-1.0197406,0.27961046,-0.31778264,-0.90599799,0
2.9825721,4.1232233,0.65068579,0.90826303,0.39345673,0.14230293,0
3.3697703,3.6757624,-0.53510475,0.90826303,0.39345673,0.14230293,0
-3.0474801,1.1921172,-2.9816837,0.27961046,-0.31778264,-0.90599799,0
-0.40682268,-3.7895303,1.0936503,0.31124955,-0.86267382,0.39864475,0
-4.2106066,-1.7280533,0.25342274,-0.90826303,-0.39345673,-0.14230293,0
4.285985,1.8723981,-0.49100161,0.90826303,0.39345673,0.14230293,0
4.7968121,-1.0851848,2.8999078,0.31124955,-0.86267382,0.39864475,0
3.4802089,3.7907567,-2.0113473,0.27961046,-0.31778264,-0.90599799,0
-2.9724269,-4.3590007,-0.66711044,-0.90826303,-0.39345673,-0.14230293,0
2.8013453,4.8174195,0.85832262,-0.27961046,0.31778264,0.90599799,0
-4.1792612,-1.7554991,-0.35597038,-0.90826303,-0.39345673,-0.14230293,0
3.3327069,4.0746417,-0.32319212,0.90826303,0.39345673,0.14230293,0
2.9432306,4.5125279,0.99877739,0.90826303,0.39345673,0.14230293,0
4.3779073,1.4958241,-0.33396959,0.90826303,0.39345673,0.14230293,0
1.0535049,0.16762173,1.9120886,-0.27961046,0.31778264,0.90599799,0
-1.1284142,3.5796044,-0.35332382,-0.31124955,0.86267382,-0.39864475,0
-1.3197021,2.5209131,-2.0838294,-0.31124955,0.86267382,-0.39864475,0
0.47762394,2.9976087,-2.473424,0.27961046,-0.31778264,-0.90599799,0
-0.53507543,3.1257074,-1.5382963,-0.31124955,0.86267382,-0.39864475,0
-3.4870467,-1.9308717,1.2763021,-0.27961046,0.31778264,0.90599799,0
0.55203032,4.2631474,-0.020776272,-0.31124955,0.86267382,-0.39864475,0
2.9916623,4.6653042,-1.1803508,-0.31124955,0.86267382,-0.39864475,0
4.2259026,2.1332455,-0.58510971,0.90826303,0.39345673,0.14230293,0
-1.1747894,3.3166952,0.096566796,-0.27961046,0.31778264,0.90599799,0
-2.4659085,-4.2267232,-0.981637,0.27961046,-0.31778264,-0.90599799,0
1.9441758,-2.8168178,1.3500005,0.31124955,-0.86267382,0.39864475,0
-3.6347759,-3.3416352,0.12070274,-0.90826303,-0.39345673,-0.14230293,0
-1.708002,2.4655604,-1.9430816,-0.31124955,0.86267382,-0.39864475,0
1.4747894,0.9261775,-1.4878982,0.27961046,-0.31778264,-0.90599799,0
-3.7555029,-2.9315066,1.001781,-0.90826303,-0.39345673,-0.14230293,0
0.92878342,-2.9436889,1.8570173,0.31124955,-0.86267382,0.39864475,0
-0.78815293,-3.5589137,1.495131,0.31124955,-0.86267382,0.39864475,0
2.5794103,2.2320266,1.7192955,-0.27961046,0.31778264,0.90599799,0
-1.5262449,-3.6513534,2.2301311,0.31124955,-0.86267382,0.39864475,0
-2.8385732,1.8387053,0.035722315,-0.27961046,0.31778264,0.90599799,0
-4.4900784,-0.39270073,-2.4280767,-0.90826303,-0.39345673,-0.14230293,0
1.0571387,-3.3336344,0.75033844,0.31124955,-0.86267382,0.39864475,0
0.26423049,-3.4891138,-0.33482575,0.27961046,-0.31778264,-0.90599799,0
-3.7942715,-2.5156772,-0.97474051,-0.90826303,-0.39345673,-0.14230293,0
-4.2121196,-1.8500974,-0.0037722588,-0.90826303,-0.39345673,-0.14230293,0
3.1134911,4.3922334,-0.41798544,0.90826303,0.39345673,0.14230293,0
-3.1464667,1.4802336,-3.0982921,-0.31124955,0.86267382,-0.39864475,0
2.4802213,3.253149,1.1901596,-0.27961046,0.31778264,0.90599799,0
4.1428785,2.060142,-0.7630434,0.90826303,0.39345673,0.14230293,0
4.0125618,-1.6310338,2.1652603,0.31124955,-0.86267382,0.39864475,0
0.77998257,4.4733953,0.22273302,-0.27961046,0.31778264,0.90599799,0
3.0783639,4.3300414,-0.66223001,0.90826303,0.39345673,0.14230293,0
-2.2121141,1.2983217,-2.883148,0.27961046,-0.31778264,-0.90599799,0
0.13050008,1.6288979,1.1096182,-0.27961046,0.31778264,0.90599799,0
-2.0526586,-4.8413959,-0.19680643,0.31124955,-0.86267382,0.39864475,0
5.0267491,-1.1172844,2.5827308,0.31124955,-0.86267382,0.39864475,0
-3.9404216,-1.0333726,-2.4499176,0.27961046,-0.31778264,-0.90599799,0
0.32362008,3.2251534,0.51499677,-0.27961046,0.31778264,0.90599799,0
2.4608448,4.904706,0.14814091,-0.31124955,0.86267382,-0.39864475,0
0.26144052,-2.0936882,-0.73396003,0.27961046,-0.31778264,-0.90599799,0
-3.0166242,1.2450007,-3.0940042,0.27961046,-0.31778264,-0.90599799,0
2.9497926,4.2420368,0.77202845,0.90826303,0.39345673,0.14230293,0
0.95457315,-3.6223569,0.43866682,0.31124955,-0.86267382,0.39864475,0
1.2832232,0.51141214,-1.4128804,0.27961046,-0.31778264,-0.90599799,0
-0.36343384,3.9003229,-0.065427065,-0.31124955,0.86267382,-0.39864475,0
-3.9135523,-2.0358689,-1.019357,-0.90826303,-0.39345673,-0.14230293,0
2.6296432,-2.8739688,0.44937614,0.31124955,-0.86267382,0.39864475,0
-3.1910105,-4.1758342,0.36144161,-0.90826303,-0.39345673,-0.14230293,0
-3.8102612,-1.9477746,-2.1355608,-0.90826303,-0.39345673,-0.14230293,0
-2.3314588,3.0160358,-0.32176107,-0.31124955,0.86267382,-0.39864475,0
3.1789756,-2.5630999,0.52249759,0.31124955,-0.86267382,0.39864475,0
3.0194983,-0.072669804,2.6815476,-0.27961046,0.31778264,0.90599799,0
-0.89107609,-2.2830482,2.074147,-0.27961046,0.31778264,0.90599799,0
1.3535614,0.81642097,1.7359076,-0.27961046,0.31778264,0.90599799,0
2.2583766,-0.64076114,2.5676415,-0.27961046,0.31778264,0.90599799,0
-1.9594431,-3.1028962,2.0385973,-0.27961046,0.31778264,0.90599799,0
4.0908303,1.8476746,0.64159322,0.90826303,0.39345673,0.14230293,0
1.3661427,-2.8509526,1.3258281,0.31124955,-0.86267382,0.39864475,0
-2.5312052,-3.4302702,-1.2496922,0.27961046,-0.31778264,-0.90599799,0
-3.4779685,-3.4979374,-0.22108555,-0.90826303,-0.39345673,-0.14230293,0
2.8952367,4.2365904,0.77530098,0.90826303,0.39345673,0.14230293,0
3.0561025,4.4893713,-0.69815302,0.90826303,0.39345673,0.14230293,0
2.4812055,-1.7362953,2.9685535,0.31124955,-0.86267382,0.39864475,0
3.8017774,2.4670191,1.0391083,0.90826303,0.39345673,0.14230293,0
-4.7808065,0.60409641,-2.1033082,-0.90826303,-0.39345673,-0.14230293,0
-3.213007,-0.25632727,-2.4816334,0.27961046,-0.31778264,-0.90599799,0
3.6960673,-2.1539776,1.0264994,0.31124955,-0.86267382,0.39864475,0
-4.3217802,-1.6617546,0.25548887,-0.90826303,-0.39345673,-0.14230293,0
0.57664108,3.5457819,-1.3721623,-0.31124955,0.86267382,-0.39864475,0
-1.5607421,-3.608988,2.1128459,0.31124955,-0.86267382,0.39864475,0
5.3016748,-1.6045519,1.1429563,0.31124955,-0.86267382,0.39864475,0
5.338181,-1.0015163,0.59718418,0.90826303,0.39345673,0.14230293,0
-4.8454576,-0.30877924,-0.47999907,-0.90826303,-0.39345673,-0.14230293,0
-3.1531677,-4.3760819,0.030738354,-0.90826303,-0.39345673,-0.14230293,0
-1.9906385,-1.5801041,-1.7930349,0.27961046,-0.31778264,-0.90599799,0
-4.8107738,0.28148592,-1.3237698,-0.90826303,-0.39345673,-0.14230293,0
2.5966351,-1.8309536,-0.28469291,0.27961046,-0.31778264,-0.90599799,0
5.2252455,-1.5597997,0.55517244,0.27961046,-0.31778264,-0.90599799,0
-3.1773555,1.7647858,-2.7230258,-0.31124955,0.86267382,-0.39864475,0
0.31848991,-0.89250112,-1.1741598,0.27961046,-0.31778264,-0.90599799,0
1.1428802,-3.0529718,1.1832294,0.31124955,-0.86267382,0.39864475,0
4.9076548,-1.3115144,2.2322598,0.31124955,-0.86267382,0.39864475,0
5.0304928,-0.79423714,1.0441833,0.90826303,0.39345673,0.14230293,0
2.09799,4.2024536,-1.1294613,-0.31124955,0.86267382,-0.39864475,0
2.1500952,-2.7615347,1.0462663,0.31124955,-0.86267382,0.39864475,0
-3.4155936,-4.0391717,0.97304344,-0.90826303,-0.39345673,-0.14230293,0
3.6850917,2.9910789,-0.26309395,0.90826303,0.39345673,0.14230293,0
3.8603611,2.1942942,0.95563793,0.90826303,0.39345673,0.14230293,0
-4.3233528,-1.5319536,0.50656486,-0.90826303,-0.39345673,-0.14230293,0
3.5096667,3.2395473,0.18011904,0.90826303,0.39345673,0.14230293,0
-2.4828682,2.6977816,-0.99080336,-0.31124955,0.86267382,-0.39864475,0
5.0392613,-0.20090032,0.55294251,0.90826303,0.39345673,0.14230293,0
-5.0493279,0.51021576,-1.2789912,-0.90826303,-0.39345673,-0.14230293,0
1.7775781,-1.0927398,2.5647926,-0.27961046,0.31778264,0.90599799,0
-0.041315317,-3.4850128,1.481652,0.31124955,-0.86267382,0.39864475,0
5.0002947,-0.96957529,2.6953998,0.90826303,0.39345673,0.14230293,0
-4.5803332,-0.34510493,-1.3353045,-0.90826303,-0.39345673,-0.14230293,0
1.4149588,1.2942961,1.6063277,-0.27961046,0.31778264,0.90599799,0
-0.85623527,3.4565215,-0.78839004,-0.31124955,0.86267382,-0.39864475,0
0.28567004,0.029678226,1.7279012,-0.27961046,0.31778264,0.90599799,0
0.11972141,-3.3788257,-0.45492578,0.27961046,-0.31778264,-0.90599799,0
-1.5673199,-4.5343781,-0.023267746,0.31124955,-0.86267382,0.39864475,0
-5.2350192,1.394644,-1.4317447,-0.90826303,-0.39345673,-0.14230293,0
-2.706022,1.8509331,-2.5956926,-0.31124955,0.86267382,-0.39864475,0
3.9636152,2.2651718,-1.3274446,0.27961046,-0.31778264,-0.90599799,0
-1.8985749,2.6919396,-1.6910608,-0.31124955,0.86267382,-0.39864475,0
-2.7275703,-4.8745012,-0.22423077,-0.90826303,-0.39345673,-0.14230293,0
-3.4331121,-3.2502007,-1.0866423,-0.90826303,-0.39345673,-0.14230293,0
-3.6494241,0.34132165,-2.9593277,0.27961046,-0.31778264,-0.90599799,0
-3.9516726,-2.1633008,-0.50256824,-0.90826303,-0.39345673,-0.14230293,0
-3.4000425,-3.0345316,-1.6671524,-0.90826303,-0.39345673,-0.14230293,0
4.2331686,1.1828668,1.2416224,0.90826303,0.39345673,0.14230293,0
3.8156917,1.8543404,1.7037838,0.90826303,0.39345673,0.14230293,0
4.6076226,-0.18860865,2.1451774,0.90826303,0.39345673,0.14230293,0
0.47216463,2.9670963,-2.6086979,0.27961046,-0.31778264,-0.90599799,0
-1.9438643,-3.739536,2.286129,0.31124955,-0.86267382,0.39864475,0
