0.26532546,1.5497607,5.0597162,-0.12774272,0.51247936,0.84914482,0
-2.2892373,-4.2646756,-3.3189201,-0.821105,-0.53486031,0.19927661,0
1.537585,2.8851428,4.4632454,-0.12774272,0.51247936,0.84914482,0
-1.2821925,1.9395726,4.4758573,-0.12774272,0.51247936,0.84914482,0
3.1234751,2.5889227,2.3483069,0.821105,0.53486031,-0.19927661,0
-1.8745842,1.9646165,1.7666583,-0.55629891,0.67178077,-0.48912385,0
-2.5084445,-3.6641421,-2.2438984,-0.821105,-0.53486031,0.19927661,0
2.5405669,3.8768783,2.8637829,0.821105,0.53486031,-0.19927661,0
-1.9135401,-1.172104,-2.6841662,-0.55629891,0.67178077,-0.48912385,0
0.3712008,3.1004438,3.9996386,-0.12774272,0.51247936,0.84914482,0
-0.98775256,2.0060802,4.4302664,-0.12774272,0.51247936,0.84914482,0
1.0533524,2.9635229,-0.39731139,-0.55629891,0.67178077,-0.48912385,0
2.5907016,0.9618578,-4.1772814,0.821105,0.53486031,-0.19927661,0
1.4377167,1.5351484,-2.7037978,-0.55629891,0.67178077,-0.48912385,0
2.0004852,0.16690731,-5.1762915,-0.55629891,0.67178077,-0.48912385,0
-3.4384086,-0.49578547,0.17736201,-0.55629891,0.67178077,-0.48912385,0
0.77164578,0.021335363,-4.0936632,-0.55629891,0.67178077,-0.48912385,0
3.3469224,0.59535205,-2.6293635,0.821105,0.53486031,-0.19927661,0
-3.2134595,1.8134608,4.2915497,-0.12774272,0.51247936,0.84914482,0
0.65436077,4.0195656,3.5969076,-0.12774272,0.51247936,0.84914482,0
-1.7322987,1.5561135,1.1863935,-0.55629891,0.67178077,-0.48912385,0
-1.8576101,3.0194681,3.2201095,-0.55629891,0.67178077,-0.48912385,0
-0.18849355,-3.2398915,-3.9709916,0.12774272,-0.51247936,-0.84914482,0
-3.2228563,-1.0045698,1.2618492,-0.821105,-0.53486031,0.19927661,0
0.92099154,-3.849329,-3.4319081,0.12774272,-0.51247936,-0.84914482,0
-3.9166672,0.82123882,3.2134187,-0.821105,-0.53486031,0.19927661,0
-1.2596747,-2.5530238,-4.491478,0.12774272,-0.51247936,-0.84914482,0
-1.8038533,-2.3771732,-4.2672977,-0.55629891,0.67178077,-0.48912385,0
-1.1953709,-1.4666414,2.6125007,0.55629891,-0.67178077,0.48912385,0
-3.5357273,-0.0023332834,2.5124316,-0.821105,-0.53486031,0.19927661,0
2.5920956,0.5242852,-5.1271157,-0.55629891,0.67178077,-0.48912385,0
-1.2412252,-5.04984,-3.1228456,0.12774272,-0.51247936,-0.84914482,0
0.090666175,-2.4439564,-0.58560383,0.55629891,-0.67178077,0.48912385,0
-2.6462247,-3.8015044,-3.9450459,-0.821105,-0.53486031,0.19927661,0
-1.6876264,-4.1212788,-0.94265127,-0.821105,-0.53486031,0.19927661,0
-2.4186466,-3.9460847,-3.4869609,-0.821105,-0.53486031,0.19927661,0
2.6550493,-2.9041386,-3.7971587,0.55629891,-0.67178077,0.48912385,0
3.2713037,1.5862966,-0.25996405,0.821105,0.53486031,-0.19927661,0
-2.5529554,-1.3221784,3.2008593,-0.821105,-0.53486031,0.19927661,0
1.6954875,3.2218652,-0.38263744,-0.55629891,0.67178077,-0.48912385,0
2.2161093,3.1994328,4.2995887,-0.12774272,0.51247936,0.84914482,0
-0.65594357,-0.40506113,-3.0758703,-0.55629891,0.67178077,-0.48912385,0
2.7639854,3.1077266,1.9369147,0.821105,0.53486031,-0.19927661,0
0.1457603,-3.0306633,-1.4114053,0.55629891,-0.67178077,0.48912385,0
3.0763912,3.0713854,3.55756,0.821105,0.53486031,-0.19927661,0
-1.6045077,-4.749733,-3.227746,0.12774272,-0.51247936,-0.84914482,0
-0.75825429,-4.1438899,-1.8952909,0.55629891,-0.67178077,0.48912385,0
-0.87880564,1.5819185,4.7649379,-0.12774272,0.51247936,0.84914482,0
0.36612058,-3.255302,-3.7935114,0.12774272,-0.51247936,-0.84914482,0
-1.8367696,-1.2084084,3.4490626,0.55629891,-0.67178077,0.48912385,0
-2.8707075,1.1652563,1.9549842,-0.55629891,0.67178077,-0.48912385,0
-3.7340932,1.9564742,4.0762239,-0.12774272,0.51247936,0.84914482,0
-1.6315708,-2.030426,2.1082196,0.55629891,-0.67178077,0.48912385,0
-2.1005058,-3.0125895,-4.3874798,0.12774272,-0.51247936,-0.84914482,0
2.2429676,4.1937351,3.8041921,-0.12774272,0.51247936,0.84914482,0
-0.8660475,-1.1414515,-3.5086162,-0.55629891,0.67178077,-0.48912385,0
1.9241459,0.81614965,-4.2817659,-0.55629891,0.67178077,-0.48912385,0
-3.1489351,-0.30562243,3.3251894,-0.821105,-0.53486031,0.19927661,0
-0.84379005,-2.6306248,0.36206222,0.55629891,-0.67178077,0.48912385,0
-1.4317006,0.4518162,-0.96289289,-0.55629891,0.67178077,-0.48912385,0
-0.18330228,2.1993229,0.30934906,-0.55629891,0.67178077,-0.48912385,0
1.9097002,2.3198419,-2.2081804,-0.55629891,0.67178077,-0.48912385,0
-0.43872917,-1.308555,-4.4014854,-0.55629891,0.67178077,-0.48912385,0
-3.892477,1.4230982,3.4396391,-0.55629891,0.67178077,-0.48912385,0
1.8836675,3.6632733,0.24732852,0.821105,0.53486031,-0.19927661,0
3.1473808,1.2356761,-0.92536974,0.821105,0.53486031,-0.19927661,0
0.75967419,-1.868129,-4.6697583,0.12774272,-0.51247936,-0.84914482,0
-0.79331172,3.2666173,2.221386,-0.55629891,0.67178077,-0.48912385,0
-3.2489114,-2.076689,-1.1970633,-0.821105,-0.53486031,0.19927661,0
2.9322207,0.59180367,-3.6644006,0.821105,0.53486031,-0.19927661,0
-2.6232173,0.66298282,5.0470963,-0.12774272,0.51247936,0.84914482,0
2.1912565,3.1079998,4.3731966,-0.12774272,0.51247936,0.84914482,0
1.173304,-2.3806853,-1.6798482,0.55629891,-0.67178077,0.48912385,0
0.81328535,-0.28368306,1.8886844,0.55629891,-0.67178077,0.48912385,0
0.50906438,-1.6762798,0.2672559,0.55629891,-0.67178077,0.48912385,0
3.764627,-0.65619326,-3.4354625,0.821105,0.53486031,-0.19927661,0
-1.5836577,-3.2547383,-4.2383814,0.12774272,-0.51247936,-0.84914482,0
2.9266055,-1.5510108,-4.4331317,0.12774272,-0.51247936,-0.84914482,0
-1.9224536,-3.5784092,0.2462219,-0.821105,-0.53486031,0.19927661,0
-1.070471,-4.1027579,-3.6132436,0.12774272,-0.51247936,-0.84914482,0
1.1167657,4.9543018,3.058033,-0.12774272,0.51247936,0.84914482,0
0.60666001,-0.23067832,2.1862652,0.55629891,-0.67178077,0.48912385,0
1.5038762,2.7603874,4.3561873,-0.12774272,0.51247936,0.84914482,0
-0.78167325,3.6988716,3.4302487,-0.12774272,0.51247936,0.84914482,0
2.9019036,0.77410203,-3.5780654,0.821105,0.53486031,-0.19927661,0
-3.0400445,0.65028238,5.087409,-0.12774272,0.51247936,0.84914482,0
1.0538328,-2.6688902,-1.944277,0.55629891,-0.67178077,0.48912385,0
-2.3585911,-1.3876635,3.669313,-0.821105,-0.53486031,0.19927661,0
0.89611125,4.1596117,3.4350667,-0.12774272,0.51247936,0.84914482,0
2.7799284,1.8582864,-0.97476882,0.821105,0.53486031,-0.19927661,0
2.9492373,1.5358107,1.9875207,0.55629891,-0.67178077,0.48912385,0
-1.2441335,-0.60307968,-2.4793444,-0.55629891,0.67178077,-0.48912385,0
1.583118,-1.1460879,-0.28372592,0.55629891,-0.67178077,0.48912385,0
1.676338,-2.6221788,-4.1087441,0.12774272,-0.51247936,-0.84914482,0
3.115346,2.3067245,1.9403086,0.821105,0.53486031,-0.19927661,0
-2.1850138,1.1872466,0.8555696,-0.55629891,0.67178077,-0.48912385,0
-0.26004022,1.5251639,4.9151015,-0.12774272,0.51247936,0.84914482,0
-2.0895333,-4.4948425,-2.8536758,-0.821105,-0.53486031,0.19927661,0
-3.0493834,-2.5010519,-2.0483298,-0.821105,-0.53486031,0.19927661,0
-3.9900732,0.82846028,3.0084181,-0.821105,-0.53486031,0.19927661,0
2.4917359,-0.34735894,-0.38539404,0.55629891,-0.67178077,0.48912385,0
2.1248832,4.2991414,2.4674544,0.821105,0.53486031,-0.19927661,0
-0.39097768,2.0794792,0.37848985,-0.55629891,0.67178077,-0.48912385,0
-2.5801048,-1.046819,4.5290794,-0.821105,-0.53486031,0.19927661,0
1.7775979,4.1134281,3.6995001,-0.12774272,0.51247936,0.84914482,0
-1.6303862,-0.14632225,-1.3746432,-0.55629891,0.67178077,-0.48912385,0
0.77789313,-3.5300999,-3.6120915,0.12774272,-0.51247936,-0.84914482,0
0.51472414,-2.8974557,-1.440865,0.55629891,-0.67178077,0.48912385,0
-2.2210953,-4.0801201,-2.988493,-0.821105,-0.53486031,0.19927661,0
-0.19335389,3.0247178,1.3380446,-0.55629891,0.67178077,-0.48912385,0
-3.1581793,-0.16438873,3.7526076,-0.821105,-0.53486031,0.19927661,0
3.1008573,2.7953601,2.9437878,0.821105,0.53486031,-0.19927661,0
0.082178175,-2.8071611,-4.2840848,0.12774272,-0.51247936,-0.84914482,0
1.2825396,2.715055,-0.66117102,-0.55629891,0.67178077,-0.48912385,0
-1.8823705,0.79537171,5.1041341,-0.12774272,0.51247936,0.84914482,0
-2.3005965,-4.4400964,-3.601367,-0.821105,-0.53486031,0.19927661,0
2.800653,-2.4459612,-3.9560986,0.12774272,-0.51247936,-0.84914482,0
1.9875863,0.45285261,-4.8910542,-0.55629891,0.67178077,-0.48912385,0
-2.540163,1.4511967,1.8252237,-0.55629891,0.67178077,-0.48912385,0
-2.930028,-0.74142522,3.3041112,-0.821105,-0.53486031,0.19927661,0
2.9549248,-0.35052067,-5.1988254,0.12774272,-0.51247936,-0.84914482,0
3.5748987,0.12611377,-0.80897641,0.55629891,-0.67178077,0.48912385,0
-3.209518,-1.9527925,-1.229091,-0.821105,-0.53486031,0.19927661,0
-2.1197152,1.0695144,0.60874486,-0.55629891,0.67178077,-0.48912385,0
3.1265237,2.8100672,2.5332825,0.821105,0.53486031,-0.19927661,0
0.16236115,3.46877,3.8451042,-0.12774272,0.51247936,0.84914482,0
3.2126386,1.0295676,0.63376284,0.55629891,-0.67178077,0.48912385,0
0.63498712,4.0632529,3.5273952,-0.12774272,0.51247936,0.84914482,0
-1.1921078,1.2537227,5.0228662,-0.12774272,0.51247936,0.84914482,0
3.2677286,2.0178294,1.0848037,0.821105,0.53486031,-0.19927661,0
-2.6232176,2.169771,2.7770376,-0.55629891,0.67178077,-0.48912385,0
2.3741984,0.4125489,1.0307419,0.55629891,-0.67178077,0.48912385,0
-2.9130807,-1.0609959,-1.0712876,-0.55629891,0.67178077,-0.48912385,0
3.6699657,-0.49244463,-1.7052727,0.55629891,-0.67178077,0.48912385,0
2.5843606,3.6777565,2.6642687,0.821105,0.53486031,-0.19927661,0
-3.2351158,-0.24722639,3.1850245,-0.821105,-0.53486031,0.19927661,0
-2.4076939,-1.4113865,3.9353561,0.55629891,-0.67178077,0.48912385,0
2.5171602,2.7220228,0.51781178,0.821105,0.53486031,-0.19927661,0
-2.2213211,-4.2498579,-3.7446089,0.12774272,-0.51247936,-0.84914482,0
-3.2330406,-0.69569445,2.5586627,-0.821105,-0.53486031,0.19927661,0
-3.2557507,-1.330498,0.42216218,-0.821105,-0.53486031,0.19927661,0
-2.4203103,-2.6664796,0.47161371,-0.821105,-0.53486031,0.19927661,0
-0.67009991,1.3457479,-0.40336609,-0.55629891,0.67178077,-0.48912385,0
1.114162,-0.84098172,-5.2304854,0.12774272,-0.51247936,-0.84914482,0
0.22904998,1.7348852,4.8035073,-0.12774272,0.51247936,0.84914482,0
-2.6357861,-2.3741429,0.81970364,-0.821105,-0.53486031,0.19927661,0
-1.7099113,-3.5846062,0.077879548,0.55629891,-0.67178077,0.48912385,0
0.75672126,-3.042882,-3.9784365,0.12774272,-0.51247936,-0.84914482,0
-2.7664254,2.4875546,3.8837113,-0.12774272,0.51247936,0.84914482,0
-3.0449524,-1.2625633,2.1243784,-0.821105,-0.53486031,0.19927661,0
1.1139369,-2.7084541,-1.9257236,0.55629891,-0.67178077,0.48912385,0
1.9852006,4.0326314,3.6381011,-0.12774272,0.51247936,0.84914482,0
2.4287422,-1.2953534,-4.7193289,0.12774272,-0.51247936,-0.84914482,0
2.6862192,3.6577544,4.1247196,-0.12774272,0.51247936,0.84914482,0
0.2049818,3.9495065,3.458611,-0.12774272,0.51247936,0.84914482,0
-2.348985,-2.043225,2.5249774,-0.821105,-0.53486031,0.19927661,0
-1.6101563,-4.9452319,-2.2815366,-0.821105,-0.53486031,0.19927661,0
-1.2469801,1.809502,1.0383141,-0.55629891,0.67178077,-0.48912385,0
1.8481987,-0.018449664,-5.0810828,-0.55629891,0.67178077,-0.48912385,0
0.98379803,3.9034996,3.5909543,-0.12774272,0.51247936,0.84914482,0
-0.31381768,4.2837815,3.2913518,-0.12774272,0.51247936,0.84914482,0
3.5415175,1.2592009,0.65401441,0.821105,0.53486031,-0.19927661,0
1.2236378,3.1206915,-0.048668504,-0.55629891,0.67178077,-0.48912385,0
-3.0576656,-1.5452954,0.35238141,-0.821105,-0.53486031,0.19927661,0
-0.076966763,4.1191912,3.415626,-0.12774272,0.51247936,0.84914482,0
2.8325269,1.1602042,-2.4708469,0.821105,0.53486031,-0.19927661,0
1.1285774,-1.9336321,-4.4781055,0.12774272,-0.51247936,-0.84914482,0
-1.859369,-4.8395715,-3.2501421,0.12774272,-0.51247936,-0.84914482,0
-2.7952774,-0.88920879,3.7837341,-0.821105,-0.53486031,0.19927661,0
-1.7657969,2.6729646,3.9340172,-0.12774272,0.51247936,0.84914482,0
-2.8066475,-1.7013897,1.274157,-0.821105,-0.53486031,0.19927661,0
-0.48513246,1.8418499,-0.18292004,-0.55629891,0.67178077,-0.48912385,0
3.2520778,1.4217987,-0.7920019,0.821105,0.53486031,-0.19927661,0
1.0843785,0.038655996,-4.3947363,-0.55629891,0.67178077,-0.48912385,0
2.89203,-1.2600981,-1.9444523,0.55629891,-0.67178077,0.48912385,0
1.6767232,0.82988441,-3.8252435,-0.55629891,0.67178077,-0.48912385,0
2.8818095,1.8735749,-0.40785643,0.821105,0.53486031,-0.19927661,0
-2.502872,2.3732846,3.9738288,-0.12774272,0.51247936,0.84914482,0
0.84072709,2.5222726,4.5991578,-0.12774272,0.51247936,0.84914482,0
1.8942603,-2.5328636,-4.1313777,0.12774272,-0.51247936,-0.84914482,0
1.0609102,0.025126576,-4.2641706,-0.55629891,0.67178077,-0.48912385,0
-3.1217096,-2.436413,-2.3095198,-0.821105,-0.53486031,0.19927661,0
-3.4578598,-0.41011906,0.18993869,-0.55629891,0.67178077,-0.48912385,0
0.49485958,3.5678062,3.7665172,-0.12774272,0.51247936,0.84914482,0
3.0022063,-2.4328108,-3.953588,0.12774272,-0.51247936,-0.84914482,0
2.7928221,-0.79423642,-1.2773238,0.55629891,-0.67178077,0.48912385,0
1.9006689,1.6794655,3.3043814,0.55629891,-0.67178077,0.48912385,0
-2.9842522,-2.7081518,-1.7716475,-0.821105,-0.53486031,0.19927661,0
0.94129002,-1.3549101,-4.9233766,0.12774272,-0.51247936,-0.84914482,0
1.5127226,-1.458728,-4.7131424,0.12774272,-0.51247936,-0.84914482,0
-0.96195537,2.2289882,4.4918885,-0.12774272,0.51247936,0.84914482,0
-3.405215,-0.7768752,1.7524574,-0.821105,-0.53486031,0.19927661,0
1.0770305,-2.7017765,-4.0874982,0.12774272,-0.51247936,-0.84914482,0
3.7860122,-0.4308151,-2.9306743,0.821105,0.53486031,-0.19927661,0
-3.0864198,-3.2943091,-3.639708,-0.821105,-0.53486031,0.19927661,0
-1.529649,-3.0092645,0.74231207,0.55629891,-0.67178077,0.48912385,0
-1.7746894,-4.9438896,-3.1530252,0.12774272,-0.51247936,-0.84914482,0
-2.3104224,-4.0496178,-2.3915207,-0.821105,-0.53486031,0.19927661,0
-0.18872446,-0.28417361,2.9626811,0.55629891,-0.67178077,0.48912385,0
-0.28350157,-1.0799878,-4.1639657,-0.55629891,0.67178077,-0.48912385,0
2.4403837,4.0160446,3.1048245,0.821105,0.53486031,-0.19927661,0
-2.9340096,-1.2132106,1.7931448,-0.821105,-0.53486031,0.19927661,0
-2.1870048,-4.1070476,-3.694725,0.12774272,-0.51247936,-0.84914482,0
-2.0072052,-4.5837121,-2.7836637,-0.821105,-0.53486031,0.19927661,0
3.4774067,0.19154859,-2.6167815,0.821105,0.53486031,-0.19927661,0
-1.5977602,-3.9975181,-3.6975479,0.12774272,-0.51247936,-0.84914482,0
-1.6197448,-4.854722,-2.065465,-0.821105,-0.53486031,0.19927661,0
0.20654863,-3.5451269,-3.6455741,0.12774272,-0.51247936,-0.84914482,0
-0.89661509,1.0142533,-0.54578024,-0.55629891,0.67178077,-0.48912385,0
1.9569101,3.4625502,-0.099533081,0.821105,0.53486031,-0.19927661,0
3.1649826,2.1282108,0.92769086,0.821105,0.53486031,-0.19927661,0
0.44848144,3.7346001,3.6339455,-0.12774272,0.51247936,0.84914482,0
-3.08023,-1.2980057,1.0719993,-0.821105,-0.53486031,0.19927661,0
-1.4678801,3.4652498,3.6423702,-0.12774272,0.51247936,0.84914482,0
-1.0785587,-4.7990313,-3.1956086,0.12774272,-0.51247936,-0.84914482,0
1.3324976,-0.16754842,-4.8006287,-0.55629891,0.67178077,-0.48912385,0
1.8611951,3.5781088,4.0999889,-0.12774272,0.51247936,0.84914482,0
-1.512912,2.6398418,4.0494742,-0.12774272,0.51247936,0.84914482,0
3.2919285,-2.2020214,-3.9803538,0.12774272,-0.51247936,-0.84914482,0
-2.1592295,0.10673082,5.4823337,-0.12774272,0.51247936,0.84914482,0
-2.5733492,-1.8210348,-2.8076267,-0.55629891,0.67178077,-0.48912385,0
0.62304354,-2.7550681,-4.0389571,0.12774272,-0.51247936,-0.84914482,0
-1.5558958,-3.4124939,-4.0567026,0.12774272,-0.51247936,-0.84914482,0
0.56288087,1.0674719,-2.1300519,-0.55629891,0.67178077,-0.48912385,0
-0.19251519,3.0714109,3.9569039,-0.12774272,0.51247936,0.84914482,0
2.6779549,1.9897162,-1.4473603,0.821105,0.53486031,-0.19927661,0
1.1526246,-3.7261136,-3.4635754,0.55629891,-0.67178077,0.48912385,0
-1.9758928,-3.5157952,0.2131772,-0.821105,-0.53486031,0.19927661,0
-0.5680145,-0.41495681,3.2044265,0.55629891,-0.67178077,0.48912385,0
-1.7227907,-4.4258814,-1.8610632,-0.821105,-0.53486031,0.19927661,0
1.2659223,-2.9695621,-3.9854698,0.12774272,-0.51247936,-0.84914482,0
3.1527672,1.9159137,0.84553909,0.821105,0.53486031,-0.19927661,0
0.60321069,3.8503096,1.3678896,-0.55629891,0.67178077,-0.48912385,0
1.9650259,0.16636312,-5.2536249,-0.55629891,0.67178077,-0.48912385,0
-0.24080877,2.7515841,4.1890659,-0.12774272,0.51247936,0.84914482,0
2.8947341,-2.5349426,-3.7337575,0.55629891,-0.67178077,0.48912385,0
-2.0839288,-4.3785658,-2.5437574,-0.821105,-0.53486031,0.19927661,0
-2.1662183,1.695056,1.5734048,-0.55629891,0.67178077,-0.48912385,0
3.435185,2.0657549,1.9431939,0.821105,0.53486031,-0.19927661,0
-2.2790587,-2.9840717,-0.23494625,-0.821105,-0.53486031,0.19927661,0
0.36941397,2.4845288,-0.18607032,-0.55629891,0.67178077,-0.48912385,0
3.1378443,-1.4861643,-4.4995446,0.12774272,-0.51247936,-0.84914482,0
-1.2215809,0.93605864,5.0290818,-0.12774272,0.51247936,0.84914482,0
-1.6812987,-5.1884189,-2.7994399,-0.821105,-0.53486031,0.19927661,0
-1.9419682,-3.6436257,0.1433537,-0.821105,-0.53486031,0.19927661,0
-0.12658107,-3.9878433,-2.2063136,0.55629891,-0.67178077,0.48912385,0
-1.3223207,-0.95588255,-3.0173099,-0.55629891,0.67178077,-0.48912385,0
3.3375096,1.9662216,1.1040385,0.821105,0.53486031,-0.19927661,0
1.2620234,0.7927413,2.773031,0.55629891,-0.67178077,0.48912385,0
-1.3542833,2.6669719,3.9928379,-0.12774272,0.51247936,0.84914482,0
-0.37278774,0.67055774,-1.851168,-0.55629891,0.67178077,-0.48912385,0
1.3621829,1.9017413,-2.1151395,-0.55629891,0.67178077,-0.48912385,0
-2.5550294,1.6766841,4.5511227,-0.12774272,0.51247936,0.84914482,0
2.9766266,-0.64554292,-4.9334817,0.12774272,-0.51247936,-0.84914482,0
0.076779425,-1.8723392,0.30123979,0.55629891,-0.67178077,0.48912385,0
-2.8848147,-1.6119564,1.1119347,-0.821105,-0.53486031,0.19927661,0
2.7727721,2.2076278,0.11293602,0.821105,0.53486031,-0.19927661,0
-0.20224822,4.292953,3.117115,-0.55629891,0.67178077,-0.48912385,0
-3.5966938,0.68315828,4.8069987,-0.821105,-0.53486031,0.19927661,0
1.0290267,4.6767282,3.2049317,-0.12774272,0.51247936,0.84914482,0
-3.6283591,0.46770704,4.1569924,-0.821105,-0.53486031,0.19927661,0
-1.939723,-3.6841373,-0.33854198,-0.821105,-0.53486031,0.19927661,0
2.8414028,0.046030045,0.098575339,0.55629891,-0.67178077,0.48912385,0
-2.3523686,-2.3482213,1.7151771,-0.821105,-0.53486031,0.19927661,0
-1.1850549,0.38657904,-1.3429875,-0.55629891,0.67178077,-0.48912385,0
-2.9353104,-0.25276712,4.5617476,-0.821105,-0.53486031,0.19927661,0
4.0449448,-1.8319963,-4.0649571,0.55629891,-0.67178077,0.48912385,0
2.9752796,-2.3555045,-3.9115582,0.12774272,-0.51247936,-0.84914482,0
-0.019770756,1.7554374,4.7106953,-0.12774272,0.51247936,0.84914482,0
-3.4368796,0.94310755,4.8171825,-0.12774272,0.51247936,0.84914482,0
-3.1815093,-2.162405,-0.93304849,-0.821105,-0.53486031,0.19927661,0
-2.8229582,-2.7383361,-1.0992253,-0.821105,-0.53486031,0.19927661,0
2.291954,0.22399449,0.88872415,0.55629891,-0.67178077,0.48912385,0
2.1291859,0.86352241,-4.2388887,-0.55629891,0.67178077,-0.48912385,0
2.1918957,-0.14195454,-5.4864764,0.12774272,-0.51247936,-0.84914482,0
0.98673999,3.0859394,4.1967821,-0.12774272,0.51247936,0.84914482,0
4.1935911,-1.5627873,-4.083456,0.821105,0.53486031,-0.19927661,0
1.3310037,-3.6091449,-3.3004012,0.55629891,-0.67178077,0.48912385,0
1.5515399,4.1664495,0.71455121,-0.55629891,0.67178077,-0.48912385,0
-2.5614464,-1.2283505,-1.7599266,-0.55629891,0.67178077,-0.48912385,0
2.4992027,-1.6630621,-4.5243554,0.12774272,-0.51247936,-0.84914482,0
-1.7037306,-3.0753798,0.6441884,0.55629891,-0.67178077,0.48912385,0
-3.1395245,-3.169035,-3.6651621,-0.821105,-0.53486031,0.19927661,0
-0.85083824,2.7659268,1.8274333,-0.55629891,0.67178077,-0.48912385,0
-0.94384074,-4.9186077,-2.6557727,0.55629891,-0.67178077,0.48912385,0
-3.5474834,-1.0817765,0.47280347,-0.821105,-0.53486031,0.19927661,0
1.7225163,-2.979799,-3.9479799,0.12774272,-0.51247936,-0.84914482,0
2.0330079,-0.14547849,-5.4972286,0.12774272,-0.51247936,-0.84914482,0
-1.7005194,-2.1846066,-4.2899237,-0.55629891,0.67178077,-0.48912385,0
-3.6489267,0.49095485,4.2690597,-0.821105,-0.53486031,0.19927661,0
0.31309161,-1.4237177,0.74832857,0.55629891,-0.67178077,0.48912385,0
3.7981234,-1.048056,-4.744638,0.12774272,-0.51247936,-0.84914482,0
0.96343398,-3.2747569,-2.3299544,0.55629891,-0.67178077,0.48912385,0
-1.3378015,1.9319745,4.5626945,-0.12774272,0.51247936,0.84914482,0
1.9110481,-3.0439053,-3.2188549,0.55629891,-0.67178077,0.48912385,0
0.31799197,-2.544347,-4.2094064,0.12774272,-0.51247936,-0.84914482,0
2.7708366,2.5592909,3.5739565,0.55629891,-0.67178077,0.48912385,0
-2.0322826,-4.0098319,-1.2721219,-0.821105,-0.53486031,0.19927661,0
-0.75301015,-1.7821121,1.5778202,0.55629891,-0.67178077,0.48912385,0
-3.291075,0.54093456,1.3795483,-0.55629891,0.67178077,-0.48912385,0
-4.0090828,0.99530417,2.7229438,-0.55629891,0.67178077,-0.48912385,0
-1.4985024,1.9190464,4.4798927,-0.12774272,0.51247936,0.84914482,0
-1.9006193,-1.4691101,-2.9383464,-0.55629891,0.67178077,-0.48912385,0
3.8237677,-0.64352751,-2.3645163,0.55629891,-0.67178077,0.48912385,0
3.862359,-0.84968954,-4.0225673,0.821105,0.53486031,-0.19927661,0
-0.23594445,-3.1403401,-3.9884453,0.12774272,-0.51247936,-0.84914482,0
-0.24159873,4.2110529,3.243165,-0.12774272,0.51247936,0.84914482,0
0.79103899,-2.3514993,-4.2469816,0.12774272,-0.51247936,-0.84914482,0
2.9359431,3.310565,3.2015791,0.821105,0.53486031,-0.19927661,0
2.7131968,2.6860197,0.58280897,0.821105,0.53486031,-0.19927661,0
-1.6242385,-2.5258939,1.5863471,0.55629891,-0.67178077,0.48912385,0
-2.6131926,1.5880934,1.9720168,-0.55629891,0.67178077,-0.48912385,0
-2.253269,-4.4405861,-3.2409978,-0.821105,-0.53486031,0.19927661,0
1.7332933,-0.94385839,-0.26503378,0.55629891,-0.67178077,0.48912385,0
-3.2825212,0.62710011,5.056747,-0.12774272,0.51247936,0.84914482,0
3.718369,-1.3238301,-4.5101047,0.12774272,-0.51247936,-0.84914482,0
-2.1181061,-0.92242563,4.2028284,0.55629891,-0.67178077,0.48912385,0
2.0324955,3.4432185,-0.075569391,0.821105,0.53486031,-0.19927661,0
2.6004446,1.841892,-2.04882,0.821105,0.53486031,-0.19927661,0
-1.6367352,-4.812655,-3.2287431,0.12774272,-0.51247936,-0.84914482,0
-3.2344918,-1.5011328,0.058238894,-0.821105,-0.53486031,0.19927661,0
0.69178808,4.1886582,3.5163517,-0.12774272,0.51247936,0.84914482,0
1.3855419,-3.092381,-3.919837,0.12774272,-0.51247936,-0.84914482,0
-0.3322947,-2.4919763,-4.4348826,0.12774272,-0.51247936,-0.84914482,0
0.35144246,1.8603323,-0.72971666,-0.55629891,0.67178077,-0.48912385,0
1.3911612,1.4783357,-2.6175091,-0.55629891,0.67178077,-0.48912385,0
2.2762461,-1.9436574,-4.3607092,0.12774272,-0.51247936,-0.84914482,0
2.563436,-0.089383245,-5.5102067,0.12774272,-0.51247936,-0.84914482,0
-0.61811066,-1.1363885,2.0851939,0.55629891,-0.67178077,0.48912385,0
1.3359561,1.6133718,-2.4781022,-0.55629891,0.67178077,-0.48912385,0
-0.90105605,-4.1597033,-1.6189892,0.55629891,-0.67178077,0.48912385,0
-3.3928812,0.99439859,4.7088699,-0.12774272,0.51247936,0.84914482,0
2.9323294,0.53140515,-3.748878,0.821105,0.53486031,-0.19927661,0
2.4073377,1.1357844,-4.1519427,0.821105,0.53486031,-0.19927661,0
0.88203931,4.40447,3.3522811,-0.12774272,0.51247936,0.84914482,0
2.5496612,2.5615613,-0.21246135,0.821105,0.53486031,-0.19927661,0
-2.4748001,-3.5951891,-2.3684933,-0.821105,-0.53486031,0.19927661,0
2.5684876,1.5311861,-3.3282521,0.821105,0.53486031,-0.19927661,0
1.3046566,2.5723729,4.5483751,-0.12774272,0.51247936,0.84914482,0
2.9856381,1.5473337,-1.2373961,0.821105,0.53486031,-0.19927661,0
3.5663888,-0.0072448254,-1.0111208,0.55629891,-0.67178077,0.48912385,0
0.41988075,0.53073287,-2.9190688,-0.55629891,0.67178077,-0.48912385,0
2.2536592,2.0588419,-2.3610649,0.821105,0.53486031,-0.19927661,0
1.3419693,4.0295038,3.5868154,-0.12774272,0.51247936,0.84914482,0
-3.3506019,-0.48988485,2.061914,-0.821105,-0.53486031,0.19927661,0
-1.6438682,-4.374054,-0.9968605,0.55629891,-0.67178077,0.48912385,0
-1.2336422,2.7076201,4.0892148,-0.12774272,0.51247936,0.84914482,0
-0.91888487,-3.9181304,-3.6332059,0.12774272,-0.51247936,-0.84914482,0
-1.8308102,1.912541,4.4257593,-0.12774272,0.51247936,0.84914482,0
1.6029001,0.42987061,1.8479797,0.55629891,-0.67178077,0.48912385,0
0.21316281,-0.93055964,1.6059406,0.55629891,-0.67178077,0.48912385,0
2.3162823,-2.1254909,-4.3567867,0.12774272,-0.51247936,-0.84914482,0
1.6929392,-1.2517968,-4.8526506,0.12774272,-0.51247936,-0.84914482,0
-3.4870756,0.45259246,4.1230006,-0.821105,-0.53486031,0.19927661,0
0.56685901,3.5169082,1.229754,-0.55629891,0.67178077,-0.48912385,0
-2.144676,-1.6202358,3.2696931,0.55629891,-0.67178077,0.48912385,0
-0.63626993,3.8411386,3.4048972,-0.12774272,0.51247936,0.84914482,0
-3.4073448,1.9091065,3.5696945,-0.55629891,0.67178077,-0.48912385,0
-2.2258549,-2.3105066,-3.5292461,-0.55629891,0.67178077,-0.48912385,0
-3.3535833,-1.5587699,-0.71336496,-0.821105,-0.53486031,0.19927661,0
2.9009094,0.86558288,-3.6021173,0.821105,0.53486031,-0.19927661,0
3.1151738,0.71757144,-2.5899773,0.821105,0.53486031,-0.19927661,0
2.9081349,1.8512778,-0.54667819,0.821105,0.53486031,-0.19927661,0
3.3168933,1.2737907,-0.20400356,0.821105,0.53486031,-0.19927661,0
-0.083981454,1.6824334,-0.69341934,-0.55629891,0.67178077,-0.48912385,0
2.6333361,2.9219818,0.99766803,0.821105,0.53486031,-0.19927661,0
0.60903448,-2.4025273,-4.2513862,0.12774272,-0.51247936,-0.84914482,0
2.6536474,1.8122926,-1.7265322,0.821105,0.53486031,-0.19927661,0
3.3065901,-1.9716418,-3.5771503,0.55629891,-0.67178077,0.48912385,0
1.4206831,4.4784198,3.4619393,-0.12774272,0.51247936,0.84914482,0
-0.47010106,3.4367392,3.7662992,-0.12774272,0.51247936,0.84914482,0
1.5476767,-2.7772031,-2.6634696,0.55629891,-0.67178077,0.48912385,0
-1.3306298,-4.2265339,-1.2132628,0.55629891,-0.67178077,0.48912385,0
-2.0633779,1.7487365,1.7499325,-0.55629891,0.67178077,-0.48912385,0
0.15236735,0.012054682,3.0047364,0.55629891,-0.67178077,0.48912385,0
2.7990012,2.0475593,-0.54549378,0.821105,0.53486031,-0.19927661,0
-2.6754956,1.7773184,4.3915658,-0.12774272,0.51247936,0.84914482,0
-2.5219305,-2.4827368,0.70907402,-0.821105,-0.53486031,0.19927661,0
-0.7973597,-3.0554037,-0.18793178,0.55629891,-0.67178077,0.48912385,0
3.2662499,1.2034845,-0.9220618,0.821105,0.53486031,-0.19927661,0
0.47337189,-3.1556156,-3.9164319,0.12774272,-0.51247936,-0.84914482,0
1.7375894,3.7872207,0.24195194,0.821105,0.53486031,-0.19927661,0
2.892962,1.4667091,-2.1124649,0.821105,0.53486031,-0.19927661,0
3.1579161,-0.56478167,-1.161883,0.55629891,-0.67178077,0.48912385,0
1.4870188,0.21169543,1.538429,0.55629891,-0.67178077,0.48912385,0
2.0968919,-2.0113602,-2.0279126,0.55629891,-0.67178077,0.48912385,0
-1.1778064,-1.2344306,-3.4710057,-0.55629891,0.67178077,-0.48912385,0
-2.6143699,-1.204783,3.3127432,-0.821105,-0.53486031,0.19927661,0
0.16533363,0.19790852,-2.8284085,-0.55629891,0.67178077,-0.48912385,0
-1.4506848,-0.99720329,3.4958484,0.55629891,-0.67178077,0.48912385,0
2.3162205,-1.744584,-4.552609,0.12774272,-0.51247936,-0.84914482,0
-3.3560867,-1.1041124,1.2347968,-0.821105,-0.53486031,0.19927661,0
-3.5360136,-0.18433338,2.8053393,-0.821105,-0.53486031,0.19927661,0
-3.1019888,-2.6682243,-3.3086574,-0.55629891,0.67178077,-0.48912385,0
-1.0568177,-1.2830428,-3.7777793,-0.55629891,0.67178077,-0.48912385,0
2.8028047,2.7968676,1.7090638,0.821105,0.53486031,-0.19927661,0
2.6755121,1.4023378,-2.3606892,0.821105,0.53486031,-0.19927661,0
0.65161252,3.104404,0.6523478,-0.55629891,0.67178077,-0.48912385,0
-3.1596162,-0.40445322,3.5335031,-0.821105,-0.53486031,0.19927661,0
-1.0544599,0.63222027,-1.1202866,-0.55629891,0.67178077,-0.48912385,0
1.1567669,4.5740099,3.3453832,-0.12774272,0.51247936,0.84914482,0
1.3081872,2.2269633,4.703032,-0.12774272,0.51247936,0.84914482,0
-1.793752,-4.4787536,-2.0834377,-0.821105,-0.53486031,0.19927661,0
-2.3727903,-1.8663359,2.9028392,-0.821105,-0.53486031,0.19927661,0
1.3040447,3.5694971,4.0028591,-0.12774272,0.51247936,0.84914482,0
2.910033,1.6614798,1.9253688,0.55629891,-0.67178077,0.48912385,0
-0.46748191,1.6687163,-0.32996532,-0.55629891,0.67178077,-0.48912385,0
-2.7307398,-3.1330409,-2.471612,-0.821105,-0.53486031,0.19927661,0
2.7991168,2.928103,1.6626358,0.821105,0.53486031,-0.19927661,0
-1.8757219,3.0100842,3.1263781,-0.55629891,0.67178077,-0.48912385,0
3.8119712,-0.18051505,-2.7757428,0.821105,0.53486031,-0.19927661,0
2.3408852,0.05930233,-5.6184845,0.12774272,-0.51247936,-0.84914482,0
-3.1771755,0.1444068,0.93882751,-0.55629891,0.67178077,-0.48912385,0
2.8803089,-0.48064774,-5.221374,0.12774272,-0.51247936,-0.84914482,0
-0.65920413,1.8474188,4.5567279,-0.12774272,0.51247936,0.84914482,0
-1.3902516,-4.7191596,-3.2917686,0.12774272,-0.51247936,-0.84914482,0
-2.0518701,-3.7108941,-0.84381366,-0.821105,-0.53486031,0.19927661,0
3.340965,2.0677814,1.833828,0.821105,0.53486031,-0.19927661,0
2.7222526,2.5040646,0.49295509,0.821105,0.53486031,-0.19927661,0
-0.97387338,2.1453738,0.81206,-0.55629891,0.67178077,-0.48912385,0
-2.3642466,-2.1374905,2.4648166,-0.821105,-0.53486031,0.19927661,0
2.8781629,1.8531554,-0.93422061,0.821105,0.53486031,-0.19927661,0
2.9766691,2.0458057,0.66152143,0.821105,0.53486031,-0.19927661,0
1.875355,4.6113157,2.6791306,0.821105,0.53486031,-0.19927661,0
-2.0695243,-0.392542,-1.2142292,-0.55629891,0.67178077,-0.48912385,0
-2.0788481,-3.2563996,0.27655661,-0.821105,-0.53486031,0.19927661,0
-1.3257484,2.4675231,1.7012467,-0.55629891,0.67178077,-0.48912385,0
-2.7228703,-2.1392028,0.18780214,-0.821105,-0.53486031,0.19927661,0
2.0283675,3.9966688,1.739193,0.821105,0.53486031,-0.19927661,0
-0.47931945,-4.0058093,-3.586895,0.12774272,-0.51247936,-0.84914482,0
-1.0203943,-0.81541872,-2.8694661,-0.55629891,0.67178077,-0.48912385,0
1.735044,4.2059231,0.82493353,0.821105,0.53486031,-0.19927661,0
-2.0840344,-2.9379027,0.88767254,-0.821105,-0.53486031,0.19927661,0
-2.5318115,-1.6294056,-2.4487216,-0.55629891,0.67178077,-0.48912385,0
3.4821701,-0.38375953,-4.0318308,0.821105,0.53486031,-0.19927661,0
2.9983771,0.20799595,-4.9838057,0.821105,0.53486031,-0.19927661,0
-0.3293162,0.71879613,4.6019406,0.55629891,-0.67178077,0.48912385,0
-1.2616415,-3.7046103,-3.9030166,0.12774272,-0.51247936,-0.84914482,0
-0.93775606,-2.6660182,0.38610011,0.55629891,-0.67178077,0.48912385,0
2.5367904,-1.0569012,-4.8460212,0.12774272,-0.51247936,-0.84914482,0
1.1865251,2.8350871,4.3311381,-0.12774272,0.51247936,0.84914482,0
-2.8467057,-0.79047918,3.2814052,-0.821105,-0.53486031,0.19927661,0
-0.5067693,0.41170537,4.2415209,0.55629891,-0.67178077,0.48912385,0
0.29410267,4.4385586,2.5927954,-0.55629891,0.67178077,-0.48912385,0
0.39194202,-1.5985245,-4.9252181,0.12774272,-0.51247936,-0.84914482,0
2.8550096,3.4258194,4.2652297,-0.12774272,0.51247936,0.84914482,0
2.4850969,1.4114764,-3.4116039,0.821105,0.53486031,-0.19927661,0
-0.57747298,-0.99844599,-3.8415132,-0.55629891,0.67178077,-0.48912385,0
2.8294523,2.0158944,-0.67013258,0.821105,0.53486031,-0.19927661,0
-1.4869624,2.6212912,4.0260272,-0.12774272,0.51247936,0.84914482,0
1.2334192,-1.4828167,-4.8545899,0.12774272,-0.51247936,-0.84914482,0
0.33438104,-2.4139173,-4.4181037,0.12774272,-0.51247936,-0.84914482,0
3.3622897,2.4563437,2.4185007,0.821105,0.53486031,-0.19927661,0
2.8133054,2.3700168,0.71589386,0.821105,0.53486031,-0.19927661,0
-2.0590401,-2.0960071,-3.7163777,-0.55629891,0.67178077,-0.48912385,0
3.4864364,-0.42572603,-4.5854287,0.821105,0.53486031,-0.19927661,0
0.65813994,-2.33267,-4.431725,0.12774272,-0.51247936,-0.84914482,0
-1.5695312,2.7800817,3.8855395,-0.12774272,0.51247936,0.84914482,0
1.7633779,4.0040464,0.61803365,0.821105,0.53486031,-0.19927661,0
-3.2070947,-2.4748402,-1.9110997,-0.821105,-0.53486031,0.19927661,0
2.4117019,3.1269455,4.4057722,-0.12774272,0.51247936,0.84914482,0
0.61176646,0.31559122,-3.4974086,-0.55629891,0.67178077,-0.48912385,0
3.098779,-1.2760323,-2.2611654,0.55629891,-0.67178077,0.48912385,0
1.9160683,3.4412169,-0.16650724,0.821105,0.53486031,-0.19927661,0
3.3583415,-0.46664476,-5.0066533,0.821105,0.53486031,-0.19927661,0
-3.3548548,-1.7684524,-1.6720417,-0.55629891,0.67178077,-0.48912385,0
3.5575609,-1.0926932,-4.6429858,0.12774272,-0.51247936,-0.84914482,0
3.5841198,1.3216724,0.42013967,0.821105,0.53486031,-0.19927661,0
2.64028,3.7577837,3.8607535,0.821105,0.53486031,-0.19927661,0
-0.47020149,-0.19704413,3.4730003,0.55629891,-0.67178077,0.48912385,0
3.7264931,0.28654587,-1.5543389,0.821105,0.53486031,-0.19927661,0
0.79255944,-3.3487313,-3.7213573,0.12774272,-0.51247936,-0.84914482,0
3.5145109,1.3331324,0.54958999,0.821105,0.53486031,-0.19927661,0
-2.2944179,0.98898864,5.0006304,-0.12774272,0.51247936,0.84914482,0
-3.7004452,2.1110463,4.1512337,-0.12774272,0.51247936,0.84914482,0
0.065528274,-3.7964709,-3.5721273,0.12774272,-0.51247936,-0.84914482,0
-0.14658633,-1.4874796,-4.8691907,-0.55629891,0.67178077,-0.48912385,0
-2.5544207,-3.3079808,-1.3556654,-0.821105,-0.53486031,0.19927661,0
-0.48105717,-2.3126392,-4.5948358,0.12774272,-0.51247936,-0.84914482,0
-0.74088001,2.6498177,4.176702,-0.12774272,0.51247936,0.84914482,0
3.3593624,-1.6804042,-4.3059149,0.12774272,-0.51247936,-0.84914482,0
-1.8244808,-3.4815154,-3.9567237,0.12774272,-0.51247936,-0.84914482,0
0.18420216,-2.9120605,-4.091958,0.12774272,-0.51247936,-0.84914482,0
-3.6976788,0.66107196,4.3016381,-0.821105,-0.53486031,0.19927661,0
-2.9622638,-2.9706042,-2.2688997,-0.821105,-0.53486031,0.19927661,0
0.92093158,4.5830698,3.1978736,-0.12774272,0.51247936,0.84914482,0
-2.8109093,-2.4498436,-0.60088968,-0.821105,-0.53486031,0.19927661,0
1.5111036,4.1292362,0.72340798,-0.55629891,0.67178077,-0.48912385,0
-2.3767185,0.23947847,-0.017520756,-0.55629891,0.67178077,-0.48912385,0
2.1058061,3.4759834,0.58303833,0.821105,0.53486031,-0.19927661,0
-3.1216881,-2.4584877,-2.8941531,-0.55629891,0.67178077,-0.48912385,0
-2.5550792,-2.238739,1.1928535,-0.821105,-0.53486031,0.19927661,0
0.55062604,3.2268479,4.0546498,-0.12774272,0.51247936,0.84914482,0
-0.52783561,-4.5216904,-3.2588372,0.12774272,-0.51247936,-0.84914482,0
2.6550708,-1.6473072,-4.6121941,0.12774272,-0.51247936,-0.84914482,0
0.23150957,4.608799,3.1461582,-0.12774272,0.51247936,0.84914482,0
-1.0717502,2.963089,3.9397316,-0.12774272,0.51247936,0.84914482,0
3.282907,0.33854055,-3.13239,0.821105,0.53486031,-0.19927661,0
-1.1160426,3.5683031,3.6206536,-0.12774272,0.51247936,0.84914482,0
2.5251071,2.3523839,-0.39754063,0.821105,0.53486031,-0.19927661,0
-0.25563222,-3.1729026,-4.1221766,0.12774272,-0.51247936,-0.84914482,0
-1.7202327,-4.1827383,-3.6583929,0.12774272,-0.51247936,-0.84914482,0
0.18037009,0.54330087,3.7947659,0.55629891,-0.67178077,0.48912385,0
-3.3115585,1.4157197,4.4278975,-0.12774272,0.51247936,0.84914482,0
0.69513762,-2.2949257,-4.4903283,0.12774272,-0.51247936,-0.84914482,0
-2.6655302,-2.3722298,0.68763149,-0.821105,-0.53486031,0.19927661,0
-0.56604779,-0.54011202,2.8315971,0.55629891,-0.67178077,0.48912385,0
2.7103555,2.7207057,0.63336074,0.821105,0.53486031,-0.19927661,0
2.6430898,3.0232475,1.0859246,0.821105,0.53486031,-0.19927661,0
-1.1035243,-3.0432529,-4.1197782,0.12774272,-0.51247936,-0.84914482,0
2.9884427,2.0129049,-0.2293061,0.821105,0.53486031,-0.19927661,0
0.24733925,3.0004387,4.1704264,-0.12774272,0.51247936,0.84914482,0
-3.0152321,1.6484675,4.4036837,-0.12774272,0.51247936,0.84914482,0
2.3086174,3.8845718,2.4348469,0.821105,0.53486031,-0.19927661,0
-0.32241046,-3.8474808,-1.8425682,0.55629891,-0.67178077,0.48912385,0
1.2867906,3.8636901,0.90468025,-0.55629891,0.67178077,-0.48912385,0
-3.677964,0.97165316,4.6292377,-0.821105,-0.53486031,0.19927661,0
-3.2677424,1.2602613,4.5916195,-0.12774272,0.51247936,0.84914482,0
3.1559441,2.3772314,2.2232411,0.821105,0.53486031,-0.19927661,0
-0.38029987,3.3976529,3.8601789,-0.12774272,0.51247936,0.84914482,0
-0.059295416,3.0878518,1.3451507,-0.55629891,0.67178077,-0.48912385,0
-3.834718,1.5464255,3.6038003,-0.55629891,0.67178077,-0.48912385,0
1.178427,-2.5158091,-4.1211295,0.12774272,-0.51247936,-0.84914482,0
2.885643,2.5391819,1.4911275,0.821105,0.53486031,-0.19927661,0
3.1312926,2.3569312,1.5948863,0.821105,0.53486031,-0.19927661,0
-3.4304872,-0.91170818,1.3031528,-0.821105,-0.53486031,0.19927661,0
1.3585992,2.0448649,-1.876435,-0.55629891,0.67178077,-0.48912385,0
-2.7190516,-0.13719356,5.5429435,-0.12774272,0.51247936,0.84914482,0
-0.70695186,-1.2079759,-3.8847136,-0.55629891,0.67178077,-0.48912385,0
3.1472425,2.1080718,1.3787011,0.821105,0.53486031,-0.19927661,0
2.2495267,2.1976233,3.7306461,0.55629891,-0.67178077,0.48912385,0
3.7335837,-0.35433316,-3.1287394,0.821105,0.53486031,-0.19927661,0
1.8484427,-1.7562865,-4.5366135,0.12774272,-0.51247936,-0.84914482,0
-1.4883776,0.45931125,5.4076829,-0.12774272,0.51247936,0.84914482,0
2.2866845,2.4897804,-1.9106963,0.821105,0.53486031,-0.19927661,0
-1.2908535,1.7496939,4.675808,-0.12774272,0.51247936,0.84914482,0
-3.331229,-1.4274946,-0.4418391,-0.821105,-0.53486031,0.19927661,0
2.8254545,2.3531523,-0.036185563,0.821105,0.53486031,-0.19927661,0
1.0192857,-1.9032614,-4.4808736,0.12774272,-0.51247936,-0.84914482,0
-1.749184,-2.4175696,-4.5247774,-0.55629891,0.67178077,-0.48912385,0
2.2070088,-1.8509548,-4.396987,0.12774272,-0.51247936,-0.84914482,0
1.6505828,4.295393,1.1817822,0.821105,0.53486031,-0.19927661,0
-2.0150254,2.7657449,2.9493427,-0.55629891,0.67178077,-0.48912385,0
1.6237465,2.980937,4.4131899,-0.12774272,0.51247936,0.84914482,0
0.53336692,-3.8237123,-2.6446662,0.55629891,-0.67178077,0.48912385,0
-0.23686182,-4.5127816,-2.983696,0.55629891,-0.67178077,0.48912385,0
1.0944176,4.3110428,3.383297,-0.12774272,0.51247936,0.84914482,0
1.9904654,4.0137544,3.8641701,-0.12774272,0.51247936,0.84914482,0
2.1132603,3.677249,0.63298845,0.821105,0.53486031,-0.19927661,0
-0.40479898,-2.5570047,-0.076971412,0.55629891,-0.67178077,0.48912385,0
0.874264,-2.182461,-4.4078918,0.12774272,-0.51247936,-0.84914482,0
-3.1191597,-0.49439037,-0.19706494,-0.55629891,0.67178077,-0.48912385,0
-0.63827646,-2.8674855,-4.1696963,0.12774272,-0.51247936,-0.84914482,0
-3.7891746,1.7998257,4.1828322,-0.12774272,0.51247936,0.84914482,0
1.8178326,-0.074188232,0.88877952,0.55629891,-0.67178077,0.48912385,0
-2.7256868,-2.5383697,-0.084931374,-0.821105,-0.53486031,0.19927661,0
4.0756884,-1.8439271,-4.1650343,0.12774272,-0.51247936,-0.84914482,0
-0.91820788,1.3898818,5.0032067,-0.12774272,0.51247936,0.84914482,0
1.6386862,5.2446361,2.8009176,0.821105,0.53486031,-0.19927661,0
2.341989,3.0308852,-0.075623512,0.821105,0.53486031,-0.19927661,0
-0.079494596,-3.5026798,-3.8398795,0.12774272,-0.51247936,-0.84914482,0
-1.5210721,-3.0999429,-4.17661,0.12774272,-0.51247936,-0.84914482,0
-1.0167484,-4.0956044,-1.5322657,0.55629891,-0.67178077,0.48912385,0
2.6609848,0.3630107,-5.1685309,0.821105,0.53486031,-0.19927661,0
-1.8431261,0.066828966,-1.0376844,-0.55629891,0.67178077,-0.48912385,0
0.48741186,1.6699296,-1.2350647,-0.55629891,0.67178077,-0.48912385,0
-2.1263435,-4.0485497,-2.4416027,-0.821105,-0.53486031,0.19927661,0
-2.502012,-1.6054516,2.608283,-0.821105,-0.53486031,0.19927661,0
1.6644645,4.9892926,2.3549657,0.821105,0.53486031,-0.19927661,0
-3.2299583,-2.091629,-1.350338,-0.821105,-0.53486031,0.19927661,0
-0.61413234,-0.9247185,-3.5005176,-0.55629891,0.67178077,-0.48912385,0
0.61448961,-1.082984,0.82038307,0.55629891,-0.67178077,0.48912385,0
-1.5289495,-5.0537333,-2.9814315,0.12774272,-0.51247936,-0.84914482,0
2.4496174,3.9109519,3.4238114,0.821105,0.53486031,-0.19927661,0
3.1431234,0.64695275,-2.8068142,0.821105,0.53486031,-0.19927661,0
1.1843591,-2.1520622,-4.458704,0.12774272,-0.51247936,-0.84914482,0
2.8592703,2.8197992,1.8899357,0.821105,0.53486031,-0.19927661,0
-1.5395744,2.9382951,3.768877,-0.12774272,0.51247936,0.84914482,0
2.9352314,1.3243712,1.352767,0.55629891,-0.67178077,0.48912385,0
-1.2476587,-4.2065897,-3.5043602,0.12774272,-0.51247936,-0.84914482,0
-1.4173716,2.8808002,4.041595,-0.12774272,0.51247936,0.84914482,0
0.083250642,-3.3984149,-3.8416939,0.12774272,-0.51247936,-0.84914482,0
-4.0392313,0.79560226,3.3309774,-0.821105,-0.53486031,0.19927661,0
-2.9848144,-1.4280696,1.0379996,-0.821105,-0.53486031,0.19927661,0
-0.19033355,2.7408905,0.74062371,-0.55629891,0.67178077,-0.48912385,0
0.87455446,-3.0522556,-3.9968743,0.12774272,-0.51247936,-0.84914482,0
0.87582183,-1.0181084,0.65586346,0.55629891,-0.67178077,0.48912385,0
1.1967626,-1.5907233,-0.37398553,0.55629891,-0.67178077,0.48912385,0
2.9677076,-0.022853732,-5.3943949,0.12774272,-0.51247936,-0.84914482,0
1.8064995,1.5388265,-2.9865165,-0.55629891,0.67178077,-0.48912385,0
