-0.73686075,5.2322817,2.9865379,-0.0071047544,0.33185852,0.94330245,0
1.999089,-4.4314814,-0.53699207,0.49985021,-0.81584066,0.29078162,0
3.019146,-3.0702207,1.9841981,0.49985021,-0.81584066,0.29078162,0
-3.3327947,2.6150117,-2.5540171,-0.49985021,0.81584066,-0.29078162,0
-3.4289036,1.7624135,-3.3827827,-0.86608279,-0.47357577,0.16008317,0
-2.6750171,4.4491806,1.7152362,-0.49985021,0.81584066,-0.29078162,0
-0.43109465,-0.56967485,-4.5249319,0.0071047544,-0.33185852,-0.94330245,0
-3.2402949,2.1642346,-3.8758588,-0.49985021,0.81584066,-0.29078162,0
-3.0192504,2.4464204,-0.085214138,-0.86608279,-0.47357577,0.16008317,0
-0.80331278,-0.27765608,4.5330687,-0.86608279,-0.47357577,0.16008317,0
1.5854335,-4.3552198,0.24647999,0.49985021,-0.81584066,0.29078162,0
0.83784199,-1.3597109,-4.2493186,0.0071047544,-0.33185852,-0.94330245,0
-1.5899003,5.2000542,2.1184077,-0.49985021,0.81584066,-0.29078162,0
0.48993063,1.8839072,-1.4913239,0.86608279,0.47357577,-0.16008317,0
1.2120109,-1.2669649,-4.3551545,0.0071047544,-0.33185852,-0.94330245,0
1.5226216,-2.0536566,5.6070762,-0.0071047544,0.33185852,0.94330245,0
2.6504655,-2.7154701,-3.3419588,0.86608279,0.47357577,-0.16008317,0
2.444344,-2.2289476,4.8462663,0.49985021,-0.81584066,0.29078162,0
1.414138,-5.17625,-1.7776403,0.49985021,-0.81584066,0.29078162,0
-0.53221774,4.1107779,3.3112118,-0.0071047544,0.33185852,0.94330245,0
-1.1006055,2.600065,-5.7578869,0.0071047544,-0.33185852,-0.94330245,0
0.75614548,-3.4423184,3.7514901,-0.86608279,-0.47357577,0.16008317,0
-1.8491983,2.1411037,3.9328909,-0.0071047544,0.33185852,0.94330245,0
0.89525318,-3.9465919,2.5719857,0.49985021,-0.81584066,0.29078162,0
-2.495044,0.32508737,-3.313226,-0.86608279,-0.47357577,0.16008317,0
-0.61638713,4.1151452,3.3112597,-0.0071047544,0.33185852,0.94330245,0
1.6685412,0.41730917,0.92441511,0.86608279,0.47357577,-0.16008317,0
2.5197411,-4.9420509,-2.6598234,0.49985021,-0.81584066,0.29078162,0
-3.4357901,1.8201501,-4.2561388,-0.49985021,0.81584066,-0.29078162,0
-0.21541023,-2.9031775,-3.7571709,0.0071047544,-0.33185852,-0.94330245,0
-1.017832,3.3397312,3.5215836,-0.0071047544,0.33185852,0.94330245,0
-2.6924095,3.2265134,-1.9922428,-0.49985021,0.81584066,-0.29078162,0
0.027507305,1.7071381,-4.7087259,0.86608279,0.47357577,-0.16008317,0
2.9598832,-1.4442497,2.4098029,0.86608279,0.47357577,-0.16008317,0
2.3931415,-4.5743093,-1.5122461,0.49985021,-0.81584066,0.29078162,0
-3.3361382,1.5439417,-5.1011791,-0.49985021,0.81584066,-0.29078162,0
-1.0436091,0.59034634,4.4803243,-0.0071047544,0.33185852,0.94330245,0
-0.56288886,-2.6654928,-3.7836668,0.0071047544,-0.33185852,-0.94330245,0
0.99646914,-4.8306794,0.20678759,0.49985021,-0.81584066,0.29078162,0
-1.7290182,3.1662581,-3.4953208,-0.49985021,0.81584066,-0.29078162,0
-0.66607952,-3.1557918,-3.1778188,-0.86608279,-0.47357577,0.16008317,0
2.5320065,-4.8349633,-2.7589407,0.49985021,-0.81584066,0.29078162,0
0.89297771,-2.108495,5.5559616,-0.0071047544,0.33185852,0.94330245,0
-1.0930245,4.5563622,-0.55312252,-0.49985021,0.81584066,-0.29078162,0
1.939328,-3.238436,3.3794374,0.49985021,-0.81584066,0.29078162,0
3.1277347,-1.423243,3.69595,0.86608279,0.47357577,-0.16008317,0
2.247041,-0.36800593,1.6025481,0.86608279,0.47357577,-0.16008317,0
-2.0914466,4.7313538,1.4484215,-0.49985021,0.81584066,-0.29078162,0
-3.4323006,3.1405277,-0.80413294,-0.49985021,0.81584066,-0.29078162,0
2.1831565,-1.8271766,-2.8120747,0.86608279,0.47357577,-0.16008317,0
2.5661526,-2.1330099,4.8466382,0.49985021,-0.81584066,0.29078162,0
2.2914343,-4.2732038,-0.16151381,0.49985021,-0.81584066,0.29078162,0
-0.52130282,3.7847929,-1.1933777,0.86608279,0.47357577,-0.16008317,0
-2.3090978,1.6596282,-5.4065328,0.0071047544,-0.33185852,-0.94330245,0
0.22787428,0.27057242,-4.929389,0.0071047544,-0.33185852,-0.94330245,0
-2.8431439,4.8510156,3.0665946,-0.0071047544,0.33185852,0.94330245,0
0.39441645,-4.3666649,-1.9964464,-0.86608279,-0.47357577,0.16008317,0
1.0936713,-4.9050417,-0.33324909,0.49985021,-0.81584066,0.29078162,0
1.5076969,-4.1511946,-3.337512,0.0071047544,-0.33185852,-0.94330245,0
0.36544061,-2.799943,2.6132202,-0.86608279,-0.47357577,0.16008317,0
2.260766,-2.6915586,4.3389282,0.49985021,-0.81584066,0.29078162,0
-3.0045764,4.4504342,2.4182072,-0.49985021,0.81584066,-0.29078162,0
1.4831102,-1.4777546,-4.2989879,0.0071047544,-0.33185852,-0.94330245,0
0.91536576,-5.1819935,-1.0385904,-0.86608279,-0.47357577,0.16008317,0
0.025834084,-2.0090146,-4.0613132,0.0071047544,-0.33185852,-0.94330245,0
-3.2041764,3.1879482,-1.1128392,-0.49985021,0.81584066,-0.29078162,0
-0.29164934,1.8115079,4.1253748,-0.0071047544,0.33185852,0.94330245,0
-0.45805252,-2.9863663,-1.8496892,-0.86608279,-0.47357577,0.16008317,0
0.20530319,0.47548747,4.6293197,-0.0071047544,0.33185852,0.94330245,0
-0.31308126,-1.2930753,4.0070467,-0.86608279,-0.47357577,0.16008317,0
-2.0190027,2.4379907,3.8609614,-0.0071047544,0.33185852,0.94330245,0
2.1008253,-0.37481055,1.3830749,0.86608279,0.47357577,-0.16008317,0
1.0013151,1.9265549,1.4139326,0.86608279,0.47357577,-0.16008317,0
0.15251541,0.69095182,4.589529,-0.0071047544,0.33185852,0.94330245,0
-2.4889469,0.84461695,-1.2715404,-0.86608279,-0.47357577,0.16008317,0
-0.1183469,-2.8096468,0.13115478,-0.86608279,-0.47357577,0.16008317,0
2.5464752,-0.87179381,2.2103825,0.86608279,0.47357577,-0.16008317,0
1.0022759,-2.3634775,5.6993818,-0.0071047544,0.33185852,0.94330245,0
2.2515402,-3.4911442,-3.5611973,0.0071047544,-0.33185852,-0.94330245,0
-2.1525869,3.0904679,-3.3116095,-0.49985021,0.81584066,-0.29078162,0
1.3978293,-4.4234295,0.36399317,0.49985021,-0.81584066,0.29078162,0
0.46597219,2.9928622,3.6518989,-0.0071047544,0.33185852,0.94330245,0
-3.2836905,1.4924768,-3.4981639,-0.86608279,-0.47357577,0.16008317,0
0.66961765,-5.1379824,-2.9548497,0.0071047544,-0.33185852,-0.94330245,0
-1.5774404,4.6534004,3.068104,-0.0071047544,0.33185852,0.94330245,0
0.47997475,-1.0546517,-4.4482002,0.0071047544,-0.33185852,-0.94330245,0
-1.8027134,1.9035484,4.1522307,-0.0071047544,0.33185852,0.94330245,0
-0.2291503,0.19419122,-4.8286734,0.0071047544,-0.33185852,-0.94330245,0
-2.8839459,2.0450516,0.30031109,-0.86608279,-0.47357577,0.16008317,0
3.014595,-2.3598778,3.7192776,0.49985021,-0.81584066,0.29078162,0
1.4064326,-5.4178581,-1.9921384,0.49985021,-0.81584066,0.29078162,0
-2.663465,3.5828981,-0.91680145,-0.49985021,0.81584066,-0.29078162,0
1.8732018,1.0336237,4.4722362,-0.0071047544,0.33185852,0.94330245,0
1.0251188,-3.8626716,-3.4297106,0.0071047544,-0.33185852,-0.94330245,0
1.2639809,-2.955905,5.2372332,0.49985021,-0.81584066,0.29078162,0
0.035346508,-0.7685225,4.9408622,-0.0071047544,0.33185852,0.94330245,0
0.94920015,-1.3615422,5.2913995,-0.0071047544,0.33185852,0.94330245,0
-1.1699398,0.25866055,3.6413867,-0.86608279,-0.47357577,0.16008317,0
-0.21542692,-2.9595468,-3.746177,0.0071047544,-0.33185852,-0.94330245,0
-1.4302807,-1.0693959,-4.3265862,0.0071047544,-0.33185852,-0.94330245,0
1.0252116,-3.5232489,-3.5646157,0.0071047544,-0.33185852,-0.94330245,0
-1.4772513,4.9049568,0.72859526,-0.49985021,0.81584066,-0.29078162,0
1.1503345,1.4314896,1.3222605,0.86608279,0.47357577,-0.16008317,0
1.8472024,-3.7184944,1.609261,0.49985021,-0.81584066,0.29078162,0
2.7438812,-4.6877947,-3.0597253,0.0071047544,-0.33185852,-0.94330245,0
1.0824516,-3.9851584,2.4443262,0.49985021,-0.81584066,0.29078162,0
2.096843,-2.7573938,-3.8052139,0.0071047544,-0.33185852,-0.94330245,0
-2.5632403,3.5176842,-1.3359489,-0.49985021,0.81584066,-0.29078162,0
-2.8495631,3.3412752,-0.99063778,-0.49985021,0.81584066,-0.29078162,0
-0.54193449,2.1592095,-5.4364238,0.0071047544,-0.33185852,-0.94330245,0
3.1425829,-2.4443567,0.42451429,0.86608279,0.47357577,-0.16008317,0
-2.8445072,3.6293261,3.432976,-0.0071047544,0.33185852,0.94330245,0
1.5740438,-3.9314265,1.5331681,0.49985021,-0.81584066,0.29078162,0
1.884922,-2.9490592,4.1445646,0.49985021,-0.81584066,0.29078162,0
-3.0405619,4.3257804,1.644155,-0.49985021,0.81584066,-0.29078162,0
-2.7026093,3.066577,-2.4223223,-0.49985021,0.81584066,-0.29078162,0
-0.3111515,1.7957025,-5.3232379,0.0071047544,-0.33185852,-0.94330245,0
3.1493742,-3.643734,-0.46239662,0.49985021,-0.81584066,0.29078162,0
-0.61128378,3.7910464,3.3437462,-0.0071047544,0.33185852,0.94330245,0
2.3423557,-3.3946564,2.0661483,0.49985021,-0.81584066,0.29078162,0
-1.9180205,1.560797,3.1432095,-0.86608279,-0.47357577,0.16008317,0
0.69969869,2.5863199,3.8264971,-0.0071047544,0.33185852,0.94330245,0
1.2998226,-3.9183612,-3.3844247,0.0071047544,-0.33185852,-0.94330245,0
-1.9482341,-0.78674942,-3.161551,-0.86608279,-0.47357577,0.16008317,0
0.90006495,0.065598011,4.7225575,-0.0071047544,0.33185852,0.94330245,0
0.082415521,-3.3309581,0.45828557,-0.86608279,-0.47357577,0.16008317,0
-0.68828249,4.2677512,-0.93776035,0.86608279,0.47357577,-0.16008317,0
1.2894735,-4.1273828,1.6359346,0.49985021,-0.81584066,0.29078162,0
-1.1044202,0.074555278,-4.7059736,0.0071047544,-0.33185852,-0.94330245,0
0.025037289,1.4582269,4.3622665,-0.0071047544,0.33185852,0.94330245,0
3.5860424,-3.0970225,0.90890312,0.49985021,-0.81584066,0.29078162,0
-1.9620404,4.2308636,-0.24580002,-0.49985021,0.81584066,-0.29078162,0
-3.3374524,2.5316186,-2.3238859,-0.49985021,0.81584066,-0.29078162,0
-2.2996922,2.5362475,-4.138855,-0.49985021,0.81584066,-0.29078162,0
-1.9661213,4.7218375,1.2026539,-0.49985021,0.81584066,-0.29078162,0
-0.50060558,2.5393705,-4.6748648,0.86608279,0.47357577,-0.16008317,0
-0.0053412914,-3.4587932,-3.586298,0.0071047544,-0.33185852,-0.94330245,0
-1.7520294,5.0492063,1.6721539,-0.49985021,0.81584066,-0.29078162,0
-1.6572814,-0.36681581,-4.6680341,0.0071047544,-0.33185852,-0.94330245,0
-0.70867872,-0.57920563,-4.6488848,0.0071047544,-0.33185852,-0.94330245,0
1.2103727,0.038641214,-3.079607,0.86608279,0.47357577,-0.16008317,0
1.6610684,-3.9090509,1.3780265,0.49985021,-0.81584066,0.29078162,0
-1.6345567,4.7580862,0.34445143,-0.49985021,0.81584066,-0.29078162,0
0.082348585,-2.9413123,1.7379938,-0.86608279,-0.47357577,0.16008317,0
0.31310081,-1.644354,-4.2436752,0.0071047544,-0.33185852,-0.94330245,0
1.4704328,-4.7719517,-0.7821312,0.49985021,-0.81584066,0.29078162,0
2.1996365,-2.6379628,4.4011736,0.49985021,-0.81584066,0.29078162,0
0.99643898,-2.2839334,5.5349836,-0.0071047544,0.33185852,0.94330245,0
1.8351133,-3.1275823,-3.6654036,0.0071047544,-0.33185852,-0.94330245,0
0.021640301,1.6694257,-4.1419916,0.86608279,0.47357577,-0.16008317,0
2.8042259,-4.764617,-2.6650662,0.49985021,-0.81584066,0.29078162,0
2.1855953,-0.39616543,1.5669616,0.86608279,0.47357577,-0.16008317,0
-0.23654842,0.45736814,-5.0222111,0.0071047544,-0.33185852,-0.94330245,0
0.53028083,-3.9654717,0.11796856,-0.86608279,-0.47357577,0.16008317,0
0.27038193,1.699621,-2.5942631,0.86608279,0.47357577,-0.16008317,0
1.0178573,-4.4846888,-3.2495353,0.0071047544,-0.33185852,-0.94330245,0
0.61611819,-3.4820037,2.6281545,-0.86608279,-0.47357577,0.16008317,0
2.9398465,-2.4613886,-0.65214491,0.86608279,0.47357577,-0.16008317,0
0.92975855,0.26631308,-3.1347301,0.86608279,0.47357577,-0.16008317,0
-2.2072046,0.40878877,-1.2495704,-0.86608279,-0.47357577,0.16008317,0
-0.17182302,-1.5897005,4.2527785,-0.86608279,-0.47357577,0.16008317,0
1.4377539,-2.5075803,-3.8158503,0.0071047544,-0.33185852,-0.94330245,0
-0.99772501,3.2460575,-4.5853648,-0.49985021,0.81584066,-0.29078162,0
2.4301353,-2.0768313,5.303875,0.49985021,-0.81584066,0.29078162,0
2.8775506,-3.407568,-3.3660586,0.86608279,0.47357577,-0.16008317,0
2.1157961,-4.5352588,-0.90558147,0.49985021,-0.81584066,0.29078162,0
0.38366222,-0.73278403,4.9936543,-0.0071047544,0.33185852,0.94330245,0
3.4893191,-3.774071,-1.5988116,0.86608279,0.47357577,-0.16008317,0
1.6091022,1.1913111,4.4508066,-0.0071047544,0.33185852,0.94330245,0
0.50500286,-3.6583552,1.1243794,-0.86608279,-0.47357577,0.16008317,0
1.444455,1.0037795,1.9534094,0.86608279,0.47357577,-0.16008317,0
1.5861804,-5.3519645,-2.1169796,0.49985021,-0.81584066,0.29078162,0
2.0838397,-4.10641,0.085936069,0.49985021,-0.81584066,0.29078162,0
-2.9733243,2.3772168,0.27100563,-0.86608279,-0.47357577,0.16008317,0
1.9332643,-4.6767521,-1.3001838,0.49985021,-0.81584066,0.29078162,0
-1.7732484,3.4461443,-2.9538219,-0.49985021,0.81584066,-0.29078162,0
3.30231,-3.389648,0.45122814,0.49985021,-0.81584066,0.29078162,0
-0.79301953,2.3171268,3.8448508,-0.0071047544,0.33185852,0.94330245,0
0.43856621,2.0217624,4.1233187,-0.0071047544,0.33185852,0.94330245,0
2.4351397,-1.8767303,-1.9440696,0.86608279,0.47357577,-0.16008317,0
2.4163666,-4.1997151,-0.59192562,0.49985021,-0.81584066,0.29078162,0
1.4046421,-1.5923165,5.3131118,-0.0071047544,0.33185852,0.94330245,0
-1.3329353,-1.7461107,-2.6028566,-0.86608279,-0.47357577,0.16008317,0
-3.3621452,1.9718481,-4.493372,-0.49985021,0.81584066,-0.29078162,0
1.4825701,-3.8763058,1.7951946,0.49985021,-0.81584066,0.29078162,0
1.7362657,-0.96365249,5.1985235,-0.0071047544,0.33185852,0.94330245,0
-0.75706673,1.444551,-5.2497687,0.0071047544,-0.33185852,-0.94330245,0
0.045590162,2.9369509,3.686954,-0.0071047544,0.33185852,0.94330245,0
-1.1127672,3.5341337,-3.8541055,-0.49985021,0.81584066,-0.29078162,0
-2.6423788,4.1503487,0.41242933,-0.49985021,0.81584066,-0.29078162,0
-2.1383247,2.3277457,-5.4924188,-0.49985021,0.81584066,-0.29078162,0
-1.9949992,3.586709,-2.1992736,-0.49985021,0.81584066,-0.29078162,0
-2.037739,4.8155856,1.4112449,-0.49985021,0.81584066,-0.29078162,0
-3.2010999,2.9284871,0.86013126,-0.86608279,-0.47357577,0.16008317,0
-1.16415,-2.0338719,-4.1265507,0.0071047544,-0.33185852,-0.94330245,0
1.5966544,-3.21314,-3.5947196,0.0071047544,-0.33185852,-0.94330245,0
0.9274168,-0.85215044,-4.5446258,0.0071047544,-0.33185852,-0.94330245,0
1.9547806,-2.9334545,3.8763676,0.49985021,-0.81584066,0.29078162,0
-2.998224,2.496541,-3.3906839,-0.49985021,0.81584066,-0.29078162,0
-1.5731401,-0.95831102,-4.4456191,0.0071047544,-0.33185852,-0.94330245,0
-3.1385837,3.2169964,-1.2071781,-0.49985021,0.81584066,-0.29078162,0
-1.844466,0.63297701,0.96195769,-0.86608279,-0.47357577,0.16008317,0
0.21076155,1.9899033,4.0966635,-0.0071047544,0.33185852,0.94330245,0
-1.8236791,4.2963648,3.2138722,-0.0071047544,0.33185852,0.94330245,0
0.9703505,-2.6030338,-3.8257737,0.0071047544,-0.33185852,-0.94330245,0
2.8859348,-0.79458386,3.4899383,0.86608279,0.47357577,-0.16008317,0
3.3103395,-1.7935024,4.639503,0.49985021,-0.81584066,0.29078162,0
1.2166343,0.64842618,4.6479969,-0.0071047544,0.33185852,0.94330245,0
3.3978736,-2.7071328,0.61252165,0.86608279,0.47357577,-0.16008317,0
-0.26293015,-1.6940533,3.0926065,-0.86608279,-0.47357577,0.16008317,0
-2.9200983,3.2946606,-0.88372087,-0.49985021,0.81584066,-0.29078162,0
-0.870417,5.2698727,2.8193042,-0.0071047544,0.33185852,0.94330245,0
0.36297774,-4.5429773,-3.2591624,0.0071047544,-0.33185852,-0.94330245,0
-1.9497299,2.0845511,-5.4782586,0.0071047544,-0.33185852,-0.94330245,0
-2.1195395,4.6472735,0.91152287,-0.49985021,0.81584066,-0.29078162,0
0.1509161,-1.9549243,-4.1493382,0.0071047544,-0.33185852,-0.94330245,0
1.0315442,-0.44424593,4.8579645,-0.0071047544,0.33185852,0.94330245,0
-1.3240123,3.596482,-3.3556774,-0.49985021,0.81584066,-0.29078162,0
-0.98795033,-2.6012514,-3.9173317,0.0071047544,-0.33185852,-0.94330245,0
2.3291197,-2.2180667,-3.533643,0.86608279,0.47357577,-0.16008317,0
2.3669963,-3.0668085,2.555737,0.49985021,-0.81584066,0.29078162,0
-2.7700148,2.0343592,-5.2555318,-0.49985021,0.81584066,-0.29078162,0
2.2764969,-0.8070941,5.0148902,-0.0071047544,0.33185852,0.94330245,0
2.16258,-2.8681831,3.9292495,0.49985021,-0.81584066,0.29078162,0
2.5430193,-2.5098462,-3.2237434,0.86608279,0.47357577,-0.16008317,0
-1.0525136,-1.7749987,-4.0540948,0.0071047544,-0.33185852,-0.94330245,0
-2.485429,3.2080755,-2.2338343,-0.49985021,0.81584066,-0.29078162,0
0.19723129,-0.23151493,4.7801933,-0.0071047544,0.33185852,0.94330245,0
-0.5053792,2.6085839,3.772301,-0.0071047544,0.33185852,0.94330245,0
-1.9705768,2.9210086,3.7381248,-0.0071047544,0.33185852,0.94330245,0
-1.5540032,1.2771401,4.1821241,-0.86608279,-0.47357577,0.16008317,0
3.2188053,-1.4505002,3.2159703,0.86608279,0.47357577,-0.16008317,0
-0.28620863,-1.2246745,4.6974101,-0.86608279,-0.47357577,0.16008317,0
1.8770111,-3.1680205,3.3871553,0.49985021,-0.81584066,0.29078162,0
2.7345138,-4.3604856,-1.2511296,0.49985021,-0.81584066,0.29078162,0
0.67621398,-4.4260802,-3.2212985,0.0071047544,-0.33185852,-0.94330245,0
3.196593,-3.1534696,0.90776348,0.49985021,-0.81584066,0.29078162,0
-1.3761582,3.5170238,3.5068607,-0.0071047544,0.33185852,0.94330245,0
-1.9413521,3.4964147,-2.3335207,-0.49985021,0.81584066,-0.29078162,0
-1.6496415,2.8838911,-4.5266123,-0.49985021,0.81584066,-0.29078162,0
2.7038598,-3.391252,1.0935197,0.49985021,-0.81584066,0.29078162,0
-2.7790442,1.940949,-5.245513,-0.49985021,0.81584066,-0.29078162,0
3.3808436,-3.2343462,0.29934359,0.49985021,-0.81584066,0.29078162,0
-2.738234,1.9225833,-5.5278635,-0.49985021,0.81584066,-0.29078162,0
3.1043465,-3.2990079,0.91440058,0.49985021,-0.81584066,0.29078162,0
-1.120527,5.5977159,1.9178443,-0.49985021,0.81584066,-0.29078162,0
3.2263258,-4.7006536,-2.9915385,0.49985021,-0.81584066,0.29078162,0
-2.2172363,4.7520494,1.7717967,-0.49985021,0.81584066,-0.29078162,0
-0.77747393,-0.47099781,4.3344264,-0.86608279,-0.47357577,0.16008317,0
-0.48273444,-1.3770002,2.0769181,-0.86608279,-0.47357577,0.16008317,0
1.4635932,-2.3620586,-3.995697,0.0071047544,-0.33185852,-0.94330245,0
1.0716138,-0.40600419,5.0084105,-0.0071047544,0.33185852,0.94330245,0
-3.2964866,2.0418355,-4.1324635,-0.49985021,0.81584066,-0.29078162,0
2.2829807,-5.0220928,-2.5863242,0.49985021,-0.81584066,0.29078162,0
0.44322968,-3.9900358,-3.3762751,0.0071047544,-0.33185852,-0.94330245,0
-2.8715472,4.7273402,3.0240583,-0.0071047544,0.33185852,0.94330245,0
2.8124995,-3.3664107,0.97821283,0.49985021,-0.81584066,0.29078162,0
3.5691948,-3.3567142,0.20069075,0.49985021,-0.81584066,0.29078162,0
-3.2627254,4.0827165,1.6493125,-0.49985021,0.81584066,-0.29078162,0
0.77895927,0.70671725,-3.2122414,0.86608279,0.47357577,-0.16008317,0
-1.1853591,4.1565742,-1.6603928,-0.49985021,0.81584066,-0.29078162,0
-2.2348557,3.1759467,3.5611093,-0.0071047544,0.33185852,0.94330245,0
-1.9738777,4.7521334,1.2272449,-0.49985021,0.81584066,-0.29078162,0
-0.66386592,-1.6424134,0.68406177,-0.86608279,-0.47357577,0.16008317,0
-0.75942969,2.2041073,3.9240811,-0.0071047544,0.33185852,0.94330245,0
-2.2694221,1.2017512,0.32895446,-0.86608279,-0.47357577,0.16008317,0
-1.5987167,-1.240203,-2.709595,-0.86608279,-0.47357577,0.16008317,0
0.054513901,-3.6889925,-0.86389542,-0.86608279,-0.47357577,0.16008317,0
-1.1871228,1.6861458,4.1736116,-0.0071047544,0.33185852,0.94330245,0
-1.7712414,5.1799374,2.3795028,-0.49985021,0.81584066,-0.29078162,0
2.7058349,-2.0619583,5.0886512,0.49985021,-0.81584066,0.29078162,0
0.13191795,-0.44994426,-4.6023259,0.0071047544,-0.33185852,-0.94330245,0
0.13812137,-2.9274917,1.8144457,-0.86608279,-0.47357577,0.16008317,0
-0.60736227,-1.0078417,-4.3559494,0.0071047544,-0.33185852,-0.94330245,0
-0.7030158,1.7668984,-5.3367805,0.0071047544,-0.33185852,-0.94330245,0
-0.75004816,3.5490375,-3.3448536,0.86608279,0.47357577,-0.16008317,0
1.7551403,-2.9166977,4.0006642,0.49985021,-0.81584066,0.29078162,0
-0.47854853,-1.825696,-4.1004691,0.0071047544,-0.33185852,-0.94330245,0
1.0798888,-3.7260523,2.8411961,0.49985021,-0.81584066,0.29078162,0
-1.4322677,3.95752,3.3482945,-0.0071047544,0.33185852,0.94330245,0
1.0734422,0.34524274,-2.8770933,0.86608279,0.47357577,-0.16008317,0
-3.0582938,3.9968336,0.95489311,-0.49985021,0.81584066,-0.29078162,0
-1.3339651,5.0659394,1.1702523,-0.49985021,0.81584066,-0.29078162,0
-1.1344025,4.1565828,-1.8064916,-0.49985021,0.81584066,-0.29078162,0
-1.7388716,2.0019844,-5.5216551,0.0071047544,-0.33185852,-0.94330245,0
-0.20491886,1.3632779,4.2246122,-0.0071047544,0.33185852,0.94330245,0
-3.54217,3.9494286,1.7949958,-0.49985021,0.81584066,-0.29078162,0
1.3053383,-4.2798891,1.1474414,0.49985021,-0.81584066,0.29078162,0
0.59078503,-3.3672323,2.9541464,-0.86608279,-0.47357577,0.16008317,0
2.660387,-2.6983056,3.2037821,0.49985021,-0.81584066,0.29078162,0
-3.2828455,3.7922707,0.53265142,-0.49985021,0.81584066,-0.29078162,0
-2.4108202,1.0073491,-0.42744827,-0.86608279,-0.47357577,0.16008317,0
0.93832302,-1.9897913,-4.0735779,0.0071047544,-0.33185852,-0.94330245,0
-0.36606157,-2.463747,-0.33866799,-0.86608279,-0.47357577,0.16008317,0
-2.8704753,4.0465946,0.9349885,-0.49985021,0.81584066,-0.29078162,0
3.3956039,-2.0919192,2.9755576,0.86608279,0.47357577,-0.16008317,0
1.7380929,-0.74013221,-1.8118492,0.86608279,0.47357577,-0.16008317,0
-0.41581064,-1.9102011,0.88244224,-0.86608279,-0.47357577,0.16008317,0
-1.5801842,-1.6240168,-4.1840706,0.0071047544,-0.33185852,-0.94330245,0
-3.1501586,3.0219812,-1.7578526,-0.49985021,0.81584066,-0.29078162,0
-1.178205,-2.1090755,-3.5988007,-0.86608279,-0.47357577,0.16008317,0
1.375507,-4.4276438,0.78438473,0.49985021,-0.81584066,0.29078162,0
-0.36054277,2.3594656,-4.7168794,0.86608279,0.47357577,-0.16008317,0
-1.1473455,3.052628,-4.6300759,-0.49985021,0.81584066,-0.29078162,0
2.1099133,-2.4521978,4.7097692,0.49985021,-0.81584066,0.29078162,0
3.3912809,-4.3708153,-2.7554474,0.49985021,-0.81584066,0.29078162,0
1.4504189,-1.2286655,5.2452874,-0.0071047544,0.33185852,0.94330245,0
-3.519026,2.2120528,-3.4498167,-0.49985021,0.81584066,-0.29078162,0
-1.1165355,4.3820701,-1.4012868,-0.49985021,0.81584066,-0.29078162,0
2.3944287,-3.2488742,1.9558766,0.49985021,-0.81584066,0.29078162,0
-0.72910213,3.293385,-4.0123553,0.86608279,0.47357577,-0.16008317,0
1.3747718,-4.4957108,0.3677659,0.49985021,-0.81584066,0.29078162,0
-1.0634933,2.8273971,-5.4880075,-0.49985021,0.81584066,-0.29078162,0
0.47173357,2.4067082,0.59192288,0.86608279,0.47357577,-0.16008317,0
0.68395305,2.8418448,3.2494571,0.86608279,0.47357577,-0.16008317,0
-2.5394073,3.2782917,3.6446254,-0.0071047544,0.33185852,0.94330245,0
0.82249808,-3.5582519,3.3099651,-0.86608279,-0.47357577,0.16008317,0
1.1114736,-1.9646661,5.4210958,-0.0071047544,0.33185852,0.94330245,0
-2.0364032,0.30458432,-0.16162086,-0.86608279,-0.47357577,0.16008317,0
-2.93559,1.1436243,-2.6299162,-0.86608279,-0.47357577,0.16008317,0
3.032567,-4.3574939,-3.2787318,0.0071047544,-0.33185852,-0.94330245,0
3.1842003,-4.5292487,-2.5775518,0.49985021,-0.81584066,0.29078162,0
-1.3191075,-1.9426581,-3.3377676,-0.86608279,-0.47357577,0.16008317,0
-0.68337417,4.9772038,1.1291647,0.86608279,0.47357577,-0.16008317,0
-2.8317852,2.0003242,-4.8840671,-0.49985021,0.81584066,-0.29078162,0
0.52298117,-1.1369343,5.1488895,-0.0071047544,0.33185852,0.94330245,0
-1.4543605,3.4040842,-3.4588287,-0.49985021,0.81584066,-0.29078162,0
-1.9726758,2.7632129,-4.675065,-0.49985021,0.81584066,-0.29078162,0
-2.2253211,3.2658343,3.6094644,-0.0071047544,0.33185852,0.94330245,0
-1.461477,3.7308574,-2.5707378,-0.49985021,0.81584066,-0.29078162,0
-0.056782246,1.7131009,-4.5707598,0.86608279,0.47357577,-0.16008317,0
-2.3793097,5.0607481,2.7090421,-0.49985021,0.81584066,-0.29078162,0
2.8148513,-2.0248005,4.6669712,0.49985021,-0.81584066,0.29078162,0
0.4842217,-3.3084595,2.6191235,-0.86608279,-0.47357577,0.16008317,0
-0.17025304,-2.1318145,2.2717507,-0.86608279,-0.47357577,0.16008317,0
1.7660787,-4.3965411,-3.1512289,0.0071047544,-0.33185852,-0.94330245,0
1.1072025,1.8685215,1.9735372,0.86608279,0.47357577,-0.16008317,0
-1.6824789,2.7248387,-5.1514988,-0.49985021,0.81584066,-0.29078162,0
2.0546272,-4.7564049,-1.4843359,0.49985021,-0.81584066,0.29078162,0
1.7401816,-3.700026,1.9792635,0.49985021,-0.81584066,0.29078162,0
2.6585603,-3.4438255,-3.6109607,0.0071047544,-0.33185852,-0.94330245,0
2.6118522,-2.9990413,2.7098947,0.49985021,-0.81584066,0.29078162,0
1.9282486,-1.0590928,-1.6667204,0.86608279,0.47357577,-0.16008317,0
0.78809357,3.0843272,3.6070995,-0.0071047544,0.33185852,0.94330245,0
0.090552092,-2.3962228,2.4892735,-0.86608279,-0.47357577,0.16008317,0
1.1075692,-3.3699861,3.9578464,0.49985021,-0.81584066,0.29078162,0
-0.82149029,-0.82533491,1.9285235,-0.86608279,-0.47357577,0.16008317,0
-0.06581974,1.7174957,-5.1154256,0.86608279,0.47357577,-0.16008317,0
0.89751339,-4.2016778,1.6367464,-0.86608279,-0.47357577,0.16008317,0
-1.6812738,-0.54219157,-1.1523275,-0.86608279,-0.47357577,0.16008317,0
-3.1633754,1.6699117,-5.0333056,-0.49985021,0.81584066,-0.29078162,0
-1.6399498,4.322504,-0.63598728,-0.49985021,0.81584066,-0.29078162,0
-2.1543713,1.2109324,1.0675297,-0.86608279,-0.47357577,0.16008317,0
0.48507655,-4.647212,-1.4703841,-0.86608279,-0.47357577,0.16008317,0
0.67940903,-2.3435273,5.5285153,-0.0071047544,0.33185852,0.94330245,0
-2.3304095,2.127666,-5.4007893,-0.49985021,0.81584066,-0.29078162,0
-0.86510873,5.5526915,2.6850607,0.86608279,0.47357577,-0.16008317,0
-1.4740427,1.5238464,4.257947,-0.0071047544,0.33185852,0.94330245,0
-0.072006226,-2.0900412,-4.0722952,0.0071047544,-0.33185852,-0.94330245,0
-0.52339792,0.33726835,-4.9731874,0.0071047544,-0.33185852,-0.94330245,0
2.7249286,-4.0316062,-0.72783756,0.49985021,-0.81584066,0.29078162,0
-1.3771381,3.5218349,3.4869697,-0.0071047544,0.33185852,0.94330245,0
2.9484041,-1.3064539,2.8382294,0.86608279,0.47357577,-0.16008317,0
-2.8302259,3.7274451,-0.022825241,-0.49985021,0.81584066,-0.29078162,0
-1.1161737,2.8431702,-5.7641244,-0.49985021,0.81584066,-0.29078162,0
0.70456958,-3.3702869,2.9420722,-0.86608279,-0.47357577,0.16008317,0
1.9287411,-5.1095581,-1.9181719,0.49985021,-0.81584066,0.29078162,0
-2.9164245,2.5356202,1.0056734,-0.86608279,-0.47357577,0.16008317,0
-1.2913897,4.8572502,0.12054396,-0.49985021,0.81584066,-0.29078162,0
-1.5242682,4.2781887,3.2411637,-0.0071047544,0.33185852,0.94330245,0
-1.6523275,2.5411801,3.8129828,-0.0071047544,0.33185852,0.94330245,0
-1.414319,-0.016816258,1.5665624,-0.86608279,-0.47357577,0.16008317,0
-0.61165953,2.7421749,3.8028979,-0.0071047544,0.33185852,0.94330245,0
-1.7808418,4.7533808,3.1225321,-0.0071047544,0.33185852,0.94330245,0
-2.4317183,0.34026307,-2.9613967,-0.86608279,-0.47357577,0.16008317,0
2.318707,-2.6797142,4.2566471,0.49985021,-0.81584066,0.29078162,0
-1.5187631,3.323158,-3.4248896,-0.49985021,0.81584066,-0.29078162,0
-2.9101193,1.9151292,-1.2639127,-0.86608279,-0.47357577,0.16008317,0
2.54811,-4.3719678,-3.1367092,0.0071047544,-0.33185852,-0.94330245,0
-1.1149292,5.7309437,2.8165865,-0.0071047544,0.33185852,0.94330245,0
0.93602753,-1.0934079,-4.3351884,0.0071047544,-0.33185852,-0.94330245,0
-2.9870036,2.0392621,-0.83108664,-0.86608279,-0.47357577,0.16008317,0
0.48880672,-3.4576697,2.0687878,-0.86608279,-0.47357577,0.16008317,0
-2.5223169,0.23954317,-3.0173206,-0.86608279,-0.47357577,0.16008317,0
-3.1658762,2.0098503,-4.3738136,-0.49985021,0.81584066,-0.29078162,0
0.10604715,-0.77126551,4.9781456,-0.0071047544,0.33185852,0.94330245,0
0.37539414,2.4383759,0.30220139,0.86608279,0.47357577,-0.16008317,0
-2.7042856,0.32435185,-4.6454434,-0.86608279,-0.47357577,0.16008317,0
1.7720286,-5.4115629,-2.6644959,0.49985021,-0.81584066,0.29078162,0
-2.24612,3.4262323,-1.9733031,-0.49985021,0.81584066,-0.29078162,0
-2.0291395,2.8672624,-3.8790619,-0.49985021,0.81584066,-0.29078162,0
0.95379597,-5.1423168,-1.1406789,-0.86608279,-0.47357577,0.16008317,0
0.47279358,-0.97512126,5.0657635,-0.0071047544,0.33185852,0.94330245,0
1.253256,-5.6330214,-2.7410564,0.0071047544,-0.33185852,-0.94330245,0
2.9107139,-2.4640689,3.7226284,0.49985021,-0.81584066,0.29078162,0
1.4325033,-0.017700076,-1.7646655,0.86608279,0.47357577,-0.16008317,0
0.63388968,-2.3231082,5.4907598,-0.0071047544,0.33185852,0.94330245,0
2.0346336,-3.9023123,-3.4007065,0.0071047544,-0.33185852,-0.94330245,0
-0.41089368,2.9533679,-3.399961,0.86608279,0.47357577,-0.16008317,0
3.172019,-0.93129426,4.9927611,0.86608279,0.47357577,-0.16008317,0
0.30843347,2.2935431,-0.45441663,0.86608279,0.47357577,-0.16008317,0
2.0372655,-1.7280514,-3.0172117,0.86608279,0.47357577,-0.16008317,0
1.2493105,-4.2595224,-3.3139906,0.0071047544,-0.33185852,-0.94330245,0
-2.7050338,2.3686707,-3.9988656,-0.49985021,0.81584066,-0.29078162,0
2.5917993,-1.7779505,-1.0421407,0.86608279,0.47357577,-0.16008317,0
-2.70506,3.7926898,-0.13632488,-0.49985021,0.81584066,-0.29078162,0
-2.211339,5.2093573,2.8034267,-0.49985021,0.81584066,-0.29078162,0
-3.4304152,2.518167,-2.7263103,-0.49985021,0.81584066,-0.29078162,0
-1.0314516,4.6131945,-0.78818321,-0.49985021,0.81584066,-0.29078162,0
-1.4026185,4.9809399,0.76110315,-0.49985021,0.81584066,-0.29078162,0
-2.6915998,4.2033501,1.1331182,-0.49985021,0.81584066,-0.29078162,0
-0.0018610954,-1.5497952,4.2587571,-0.86608279,-0.47357577,0.16008317,0
-1.0902987,2.9457836,3.6881475,-0.0071047544,0.33185852,0.94330245,0
-3.0803261,3.334075,3.1496248,-0.86608279,-0.47357577,0.16008317,0
2.8564143,-2.1467478,-0.73130178,0.86608279,0.47357577,-0.16008317,0
1.3795874,-5.5258036,-2.7998519,0.0071047544,-0.33185852,-0.94330245,0
3.1222584,-1.5985724,2.997905,0.86608279,0.47357577,-0.16008317,0
0.44993114,-1.4170591,-4.3431087,0.0071047544,-0.33185852,-0.94330245,0
2.5729437,-4.791904,-2.5139866,0.49985021,-0.81584066,0.29078162,0
2.8566551,-1.5292599,5.4117732,-0.0071047544,0.33185852,0.94330245,0
3.2276688,-2.460149,1.2822995,0.86608279,0.47357577,-0.16008317,0
-2.08357,5.1376595,2.248992,-0.49985021,0.81584066,-0.29078162,0
-2.218713,3.3691916,-2.1642523,-0.49985021,0.81584066,-0.29078162,0
2.1561871,-2.3078146,5.1832824,0.49985021,-0.81584066,0.29078162,0
-2.3312461,5.1368165,2.7468567,-0.49985021,0.81584066,-0.29078162,0
1.7317166,-2.4677844,5.6016412,0.49985021,-0.81584066,0.29078162,0
0.54872656,0.67218935,4.4873209,-0.0071047544,0.33185852,0.94330245,0
2.8572793,-3.6404409,0.50815105,0.49985021,-0.81584066,0.29078162,0
2.4332776,0.16963106,4.6048284,0.86608279,0.47357577,-0.16008317,0
-0.67353725,0.72120571,4.5586448,-0.0071047544,0.33185852,0.94330245,0
-0.30252218,-0.60658455,5.0545378,-0.0071047544,0.33185852,0.94330245,0
-1.6185937,4.9505343,3.057822,-0.0071047544,0.33185852,0.94330245,0
-0.27929163,-0.60764885,5.0393457,-0.0071047544,0.33185852,0.94330245,0
2.533113,-2.5515556,3.6927674,0.49985021,-0.81584066,0.29078162,0
2.1826053,-1.3825908,5.2143574,-0.0071047544,0.33185852,0.94330245,0
2.0255723,0.34730065,4.7347922,-0.0071047544,0.33185852,0.94330245,0
-0.10292912,1.6826556,-5.2188544,0.86608279,0.47357577,-0.16008317,0
-0.42152214,0.68124771,-5.0389981,0.0071047544,-0.33185852,-0.94330245,0
-0.11644852,-2.3224339,1.4519621,-0.86608279,-0.47357577,0.16008317,0
1.7058356,-3.635334,2.2461836,0.49985021,-0.81584066,0.29078162,0
-1.3798714,-1.1347872,-1.0658321,-0.86608279,-0.47357577,0.16008317,0
1.5909626,-4.0613265,1.0238032,0.49985021,-0.81584066,0.29078162,0
0.24787855,3.0211413,1.3704021,0.86608279,0.47357577,-0.16008317,0
-1.3852658,3.1465716,-4.3634109,-0.49985021,0.81584066,-0.29078162,0
0.91246176,-3.6901264,-3.5151937,0.0071047544,-0.33185852,-0.94330245,0
1.5538704,-1.5127027,-4.2433438,0.0071047544,-0.33185852,-0.94330245,0
1.1320233,-4.1494184,1.7282841,0.49985021,-0.81584066,0.29078162,0
-2.3505208,4.0267382,-0.21518564,-0.49985021,0.81584066,-0.29078162,0
-1.4936488,3.7837021,-2.3685145,-0.49985021,0.81584066,-0.29078162,0
2.9650416,-4.792212,-3.0567818,0.0071047544,-0.33185852,-0.94330245,0
0.82814503,-3.0602894,5.0189424,-0.86608279,-0.47357577,0.16008317,0
0.53014255,3.4857535,3.3371384,0.86608279,0.47357577,-0.16008317,0
0.81507635,-3.4722371,3.7016535,-0.86608279,-0.47357577,0.16008317,0
-1.6743381,2.4906235,3.8318865,-0.0071047544,0.33185852,0.94330245,0
0.27694631,-4.3096337,-2.0584202,-0.86608279,-0.47357577,0.16008317,0
1.1744795,-2.1111217,5.6215649,-0.0071047544,0.33185852,0.94330245,0
-2.6088543,4.3887362,1.5015225,-0.49985021,0.81584066,-0.29078162,0
-3.4706914,3.9692662,2.0310831,-0.86608279,-0.47357577,0.16008317,0
-0.79695177,1.2097679,4.2837934,-0.0071047544,0.33185852,0.94330245,0
-0.13857174,-1.996006,-3.9958448,0.0071047544,-0.33185852,-0.94330245,0
-2.7290163,2.5073302,-3.7838833,-0.49985021,0.81584066,-0.29078162,0
0.0475595,-2.7212117,-3.744606,0.0071047544,-0.33185852,-0.94330245,0
-1.6825562,3.4400213,-2.8977065,-0.49985021,0.81584066,-0.29078162,0
-1.8496029,2.2523904,4.0502677,-0.0071047544,0.33185852,0.94330245,0
-1.392483,-1.6496415,-4.1542068,0.0071047544,-0.33185852,-0.94330245,0
0.93507576,-3.0810094,4.7358441,-0.86608279,-0.47357577,0.16008317,0
1.2087742,0.51375937,-0.99207926,0.86608279,0.47357577,-0.16008317,0
-3.4083829,2.1279104,-2.5975947,-0.86608279,-0.47357577,0.16008317,0
2.7027652,-2.7723484,3.3903015,0.49985021,-0.81584066,0.29078162,0
0.71996498,-2.7897227,4.8565807,-0.86608279,-0.47357577,0.16008317,0
-2.7032027,1.4676659,-1.0471785,-0.86608279,-0.47357577,0.16008317,0
2.657814,-2.1156473,-1.1062922,0.86608279,0.47357577,-0.16008317,0
-1.5723288,3.0149179,3.7252812,-0.0071047544,0.33185852,0.94330245,0
3.1738133,-1.6890011,5.278173,0.49985021,-0.81584066,0.29078162,0
0.78730774,0.98189783,4.5083041,-0.0071047544,0.33185852,0.94330245,0
-2.1962256,3.4800382,-1.6561165,-0.49985021,0.81584066,-0.29078162,0
1.9621525,-4.3553457,-0.31807137,0.49985021,-0.81584066,0.29078162,0
-3.2803791,4.5245414,3.2009902,-0.49985021,0.81584066,-0.29078162,0
-0.89273947,5.1889129,1.0126648,0.86608279,0.47357577,-0.16008317,0
-0.79365951,-1.7925389,0.024636209,-0.86608279,-0.47357577,0.16008317,0
-0.85763168,3.0806098,-5.1239052,0.86608279,0.47357577,-0.16008317,0
0.77805042,-2.304347,5.6194882,-0.0071047544,0.33185852,0.94330245,0
2.0177343,-3.4962094,2.5202675,0.49985021,-0.81584066,0.29078162,0
-1.9597678,0.58515203,-4.987545,0.0071047544,-0.33185852,-0.94330245,0
-2.3671002,3.7672787,3.45104,-0.0071047544,0.33185852,0.94330245,0
2.3963234,-1.0225083,0.36845064,0.86608279,0.47357577,-0.16008317,0
-1.0100157,5.6345348,1.9944396,-0.49985021,0.81584066,-0.29078162,0
-0.11341715,-4.0380073,-3.237896,-0.86608279,-0.47357577,0.16008317,0
-2.9435647,3.8719585,3.4132004,-0.0071047544,0.33185852,0.94330245,0
2.6352453,-1.0346278,5.2457428,-0.0071047544,0.33185852,0.94330245,0
0.57769489,1.0098455,4.3881035,-0.0071047544,0.33185852,0.94330245,0
3.5358424,-2.6534927,1.914413,0.49985021,-0.81584066,0.29078162,0
-1.5260231,0.97930098,3.7481041,-0.86608279,-0.47357577,0.16008317,0
0.079601049,-3.0465477,1.2361755,-0.86608279,-0.47357577,0.16008317,0
-2.0233302,2.8027167,-3.8034432,-0.49985021,0.81584066,-0.29078162,0
-1.9451199,3.0226059,-3.5183163,-0.49985021,0.81584066,-0.29078162,0
-0.63483119,4.7755523,1.7658458,0.86608279,0.47357577,-0.16008317,0
-0.93070602,-2.8251948,-3.5887413,-0.86608279,-0.47357577,0.16008317,0
-1.9183354,5.1548085,2.0885329,-0.49985021,0.81584066,-0.29078162,0
-3.4001827,1.6617537,-4.3745041,-0.86608279,-0.47357577,0.16008317,0
1.8017588,-4.5980167,-0.82754946,0.49985021,-0.81584066,0.29078162,0
-2.7856774,0.9276998,-2.6982086,-0.86608279,-0.47357577,0.16008317,0
3.4531817,-1.9083647,4.4318042,0.49985021,-0.81584066,0.29078162,0
1.131785,-4.8456492,-0.1485219,0.49985021,-0.81584066,0.29078162,0
-2.2717271,2.1987019,3.3074582,-0.86608279,-0.47357577,0.16008317,0
2.7420709,-3.245589,1.3941031,0.49985021,-0.81584066,0.29078162,0
1.2475803,-3.8600864,2.5525107,0.49985021,-0.81584066,0.29078162,0
-2.6413829,2.9416471,-2.5894489,-0.49985021,0.81584066,-0.29078162,0
-0.7297945,2.8096836,3.7669241,-0.0071047544,0.33185852,0.94330245,0
-2.5258117,4.6030993,2.0711355,-0.49985021,0.81584066,-0.29078162,0
-1.3281317,-1.2092065,-4.2692652,0.0071047544,-0.33185852,-0.94330245,0
1.3752346,-5.0984392,-1.1232157,0.49985021,-0.81584066,0.29078162,0
-2.5021851,1.8431169,1.8810234,-0.86608279,-0.47357577,0.16008317,0
1.5160713,-1.3057132,5.2833672,-0.0071047544,0.33185852,0.94330245,0
-0.13489532,1.44679,-5.2861085,0.0071047544,-0.33185852,-0.94330245,0
-0.50255871,5.0936522,2.9012241,-0.0071047544,0.33185852,0.94330245,0
-0.76309085,3.6946549,3.5349131,-0.0071047544,0.33185852,0.94330245,0
3.3369269,-4.4076185,-3.0947661,0.0071047544,-0.33185852,-0.94330245,0
-1.2021635,-0.61847901,1.2783372,-0.86608279,-0.47357577,0.16008317,0
0.81470323,-3.0627894,-3.7037981,0.0071047544,-0.33185852,-0.94330245,0
1.023008,-4.4361148,0.98234034,0.49985021,-0.81584066,0.29078162,0
-1.7149549,-0.82110512,-1.848901,-0.86608279,-0.47357577,0.16008317,0
1.1694376,-4.6981721,0.15657616,0.49985021,-0.81584066,0.29078162,0
1.9091196,0.52545673,4.5422878,-0.0071047544,0.33185852,0.94330245,0
1.3731719,-5.3282938,-2.8037186,0.0071047544,-0.33185852,-0.94330245,0
1.3369384,1.0683045,4.5063438,-0.0071047544,0.33185852,0.94330245,0
1.2819004,-3.3199229,-3.5957427,0.0071047544,-0.33185852,-0.94330245,0
0.43690723,2.3854084,0.27806878,0.86608279,0.47357577,-0.16008317,0
-3.0556359,0.86551547,-4.3520608,-0.86608279,-0.47357577,0.16008317,0
0.58929753,3.0568147,2.5280154,0.86608279,0.47357577,-0.16008317,0
2.4797041,-4.2182775,-3.2373519,0.0071047544,-0.33185852,-0.94330245,0
0.39776421,1.1526966,4.444046,-0.0071047544,0.33185852,0.94330245,0
-1.573823,5.3588991,2.9601192,-0.0071047544,0.33185852,0.94330245,0
1.693728,1.2469645,4.4085464,-0.0071047544,0.33185852,0.94330245,0
-1.4806592,-1.8030844,-4.0540638,0.0071047544,-0.33185852,-0.94330245,0
0.74588656,-3.7120311,2.6841991,-0.86608279,-0.47357577,0.16008317,0
1.7815499,-2.721545,4.8581843,0.49985021,-0.81584066,0.29078162,0
2.991827,-0.6210916,4.9110785,-0.0071047544,0.33185852,0.94330245,0
2.4028285,-2.7285795,3.8783703,0.49985021,-0.81584066,0.29078162,0
2.2228096,-2.8080227,-3.6755514,0.0071047544,-0.33185852,-0.94330245,0
-0.17758036,-0.96226144,5.0603347,-0.0071047544,0.33185852,0.94330245,0
-1.1103566,-0.93110716,0.93100786,-0.86608279,-0.47357577,0.16008317,0
0.10093434,-3.663527,-0.68722796,-0.86608279,-0.47357577,0.16008317,0
-3.0468695,2.5095263,0.51328802,-0.86608279,-0.47357577,0.16008317,0
1.218039,0.68485439,4.5232201,-0.0071047544,0.33185852,0.94330245,0
2.5308254,-0.34222198,3.7365992,0.86608279,0.47357577,-0.16008317,0
0.82495308,-1.8863692,5.3975062,-0.0071047544,0.33185852,0.94330245,0
-1.8732526,-0.60824448,-3.1263821,-0.86608279,-0.47357577,0.16008317,0
-2.0779881,3.4587862,-2.4935412,-0.49985021,0.81584066,-0.29078162,0
-1.8181586,0.34977746,0.015186429,-0.86608279,-0.47357577,0.16008317,0
0.20524406,-1.8449793,5.3049107,-0.86608279,-0.47357577,0.16008317,0
-1.1858432,-2.0237994,-2.9283528,-0.86608279,-0.47357577,0.16008317,0
-3.312228,4.2899108,2.5815363,-0.49985021,0.81584066,-0.29078162,0
-0.88252997,-1.7790929,-0.16381794,-0.86608279,-0.47357577,0.16008317,0
1.6435523,-4.8254843,-0.66417933,0.49985021,-0.81584066,0.29078162,0
-3.1703696,2.9142551,-1.7991366,-0.49985021,0.81584066,-0.29078162,0
-1.6051486,0.41964352,2.2042136,-0.86608279,-0.47357577,0.16008317,0
-0.41612387,2.6591902,-4.0078535,0.86608279,0.47357577,-0.16008317,0
-3.3398776,1.6126347,-3.631001,-0.86608279,-0.47357577,0.16008317,0
-2.6298397,2.63607,-3.2553372,-0.49985021,0.81584066,-0.29078162,0
0.93887281,-1.0303535,-4.3937016,0.0071047544,-0.33185852,-0.94330245,0
1.0188968,0.33834434,-2.3693938,0.86608279,0.47357577,-0.16008317,0
3.5252211,-1.780459,4.2861366,0.49985021,-0.81584066,0.29078162,0
-1.3818648,4.4452395,3.2709501,-0.0071047544,0.33185852,0.94330245,0
1.2688448,-1.7758909,-4.1972661,0.0071047544,-0.33185852,-0.94330245,0
3.0954885,-2.238225,0.17852831,0.86608279,0.47357577,-0.16008317,0
1.6435418,-2.7746606,4.9430242,0.49985021,-0.81584066,0.29078162,0
1.6369286,-2.8794999,4.9245801,0.49985021,-0.81584066,0.29078162,0
-1.4274435,-1.2497957,-4.3418851,0.0071047544,-0.33185852,-0.94330245,0
-2.8157399,4.5568252,2.247025,-0.49985021,0.81584066,-0.29078162,0
2.9160273,-3.5615621,0.29942703,0.49985021,-0.81584066,0.29078162,0
-1.9892108,1.1965003,1.7374001,-0.86608279,-0.47357577,0.16008317,0
0.98358583,-3.6307185,3.7275457,-0.86608279,-0.47357577,0.16008317,0
-0.85683125,-1.940743,-1.3734642,-0.86608279,-0.47357577,0.16008317,0
0.57966375,-2.7358644,-3.7323682,0.0071047544,-0.33185852,-0.94330245,0
3.1988659,-2.1677215,4.2218666,0.49985021,-0.81584066,0.29078162,0
-1.6165841,5.0866208,1.523674,-0.49985021,0.81584066,-0.29078162,0
1.7980804,-3.0927989,4.0440884,0.49985021,-0.81584066,0.29078162,0
1.5073602,-2.7033231,-3.8750324,0.0071047544,-0.33185852,-0.94330245,0
