3.8310962,-0.90495205,1.767884,0.50180852,-0.67406046,-0.54206133,0
3.1759176,1.7645155,2.9974771,0.81077808,0.14819971,0.56628239,0
1.206475,3.2937942,-0.13929033,-0.50180852,0.67406046,0.54206133,0
-0.44697261,2.9586935,-1.3621728,-0.50180852,0.67406046,0.54206133,0
4.2831945,3.4724419,-0.2496233,0.30137527,0.72365677,-0.62088138,0
-3.0671256,-1.074852,1.2713418,-0.50180852,0.67406046,0.54206133,0
0.38093114,2.1406598,0.54359221,-0.50180852,0.67406046,0.54206133,0
1.2394056,0.33520937,-1.9059198,0.50180852,-0.67406046,-0.54206133,0
5.0216265,2.7039247,-0.87077928,0.30137527,0.72365677,-0.62088138,0
-2.3803821,-1.0018772,-3.5817378,0.50180852,-0.67406046,-0.54206133,0
0.92857695,-1.1469592,4.9623175,-0.50180852,0.67406046,0.54206133,0
-4.1928825,-3.1296935,-0.95806408,-0.81077808,-0.14819971,-0.56628239,0
2.1765738,-1.3854308,5.1542044,0.81077808,0.14819971,0.56628239,0
-0.6903863,-1.3638793,-1.8740879,0.50180852,-0.67406046,-0.54206133,0
4.4398952,3.6790082,-0.04910326,0.30137527,0.72365677,-0.62088138,0
-3.9639792,-4.2533417,-0.50302172,-0.30137527,-0.72365677,0.62088138,0
-4.2885766,-2.9928243,-0.9396534,-0.81077808,-0.14819971,-0.56628239,0
0.23610449,-2.7939429,3.3269057,-0.30137527,-0.72365677,0.62088138,0
2.3076386,3.4369035,-1.3911469,0.30137527,0.72365677,-0.62088138,0
-2.5019398,-1.3344152,-3.52705,0.50180852,-0.67406046,-0.54206133,0
2.1863647,3.7064052,-0.92909884,0.30137527,0.72365677,-0.62088138,0
5.0927439,1.8866851,0.30449343,0.81077808,0.14819971,0.56628239,0
-0.47237206,-3.227958,0.82840395,0.50180852,-0.67406046,-0.54206133,0
-3.5347042,-0.11652398,-2.8287914,-0.81077808,-0.14819971,-0.56628239,0
2.9047799,1.6162004,3.4663701,0.81077808,0.14819971,0.56628239,0
4.2472901,4.1818876,0.58741999,0.30137527,0.72365677,-0.62088138,0
2.6851559,2.5245874,-2.1414342,0.30137527,0.72365677,-0.62088138,0
-3.2657251,2.0148852,-2.9456124,-0.50180852,0.67406046,0.54206133,0
1.2740624,-1.0448998,5.2175016,-0.50180852,0.67406046,0.54206133,0
-5.0043507,-1.6743515,-0.36181736,-0.81077808,-0.14819971,-0.56628239,0
-2.5852489,0.84164393,-4.3804235,-0.81077808,-0.14819971,-0.56628239,0
3.1116278,-0.84860569,3.7748055,0.81077808,0.14819971,0.56628239,0
5.4553361,2.7921767,-0.45505905,0.81077808,0.14819971,0.56628239,0
0.78111506,-1.7638056,4.8281927,-0.30137527,-0.72365677,0.62088138,0
-3.2224615,-0.88363504,0.74792457,-0.50180852,0.67406046,0.54206133,0
1.6583817,2.3587978,-2.8802218,0.30137527,0.72365677,-0.62088138,0
-1.5399425,3.5071537,-2.8498473,-0.50180852,0.67406046,0.54206133,0
1.2302332,2.7018321,0.53815007,-0.50180852,0.67406046,0.54206133,0
3.7692971,3.8176742,-0.28824759,0.30137527,0.72365677,-0.62088138,0
-3.4817171,0.84097993,-3.2965851,-0.81077808,-0.14819971,-0.56628239,0
4.5093703,3.2700856,-0.40184879,0.30137527,0.72365677,-0.62088138,0
1.6870918,3.2653801,-1.8714886,0.30137527,0.72365677,-0.62088138,0
3.0217426,-1.5004107,2.0632434,0.50180852,-0.67406046,-0.54206133,0
4.4278889,1.4083819,1.3019147,0.81077808,0.14819971,0.56628239,0
3.3289354,-2.9259276,4.0175953,0.81077808,0.14819971,0.56628239,0
0.4272716,1.9603556,-4.0224094,0.30137527,0.72365677,-0.62088138,0
1.5620039,-2.6297021,4.1144366,-0.30137527,-0.72365677,0.62088138,0
3.6786277,2.3109193,-1.8220258,0.30137527,0.72365677,-0.62088138,0
-2.3512452,3.4007449,-3.7699735,0.30137527,0.72365677,-0.62088138,0
-1.7981732,-2.3286786,2.9156871,-0.30137527,-0.72365677,0.62088138,0
-4.7362967,-1.1736164,-0.83230448,-0.81077808,-0.14819971,-0.56628239,0
-0.86945868,1.8323221,-4.8791809,0.30137527,0.72365677,-0.62088138,0
3.1713314,2.6089113,2.5429637,-0.50180852,0.67406046,0.54206133,0
1.4845483,-1.5357081,0.46246243,0.50180852,-0.67406046,-0.54206133,0
-1.3300822,-0.62032437,-3.0606675,0.50180852,-0.67406046,-0.54206133,0
-0.8768751,-0.86978054,-2.3668611,0.50180852,-0.67406046,-0.54206133,0
-1.8212295,-0.50466967,-3.7692163,0.50180852,-0.67406046,-0.54206133,0
2.3651729,-0.47626948,0.086924553,0.50180852,-0.67406046,-0.54206133,0
-4.6072712,-3.42715,-0.54785776,-0.81077808,-0.14819971,-0.56628239,0
2.6775072,-2.3424313,4.7764096,0.81077808,0.14819971,0.56628239,0
-3.849822,-3.9778452,-0.20597649,-0.30137527,-0.72365677,0.62088138,0
3.7133453,0.51344979,2.632565,0.81077808,0.14819971,0.56628239,0
-1.2853304,2.4330144,-1.3015665,-0.50180852,0.67406046,0.54206133,0
3.6335964,0.1099323,2.6444132,0.81077808,0.14819971,0.56628239,0
-1.4052281,-2.7641509,-0.8059814,0.50180852,-0.67406046,-0.54206133,0
3.9316161,2.722096,-1.3371189,0.30137527,0.72365677,-0.62088138,0
-2.127785,2.7571476,-2.6427693,-0.50180852,0.67406046,0.54206133,0
2.8470931,3.6017516,-0.83995295,0.30137527,0.72365677,-0.62088138,0
4.1245022,2.4610529,1.2533946,0.81077808,0.14819971,0.56628239,0
3.6063697,3.3802466,-0.7863636,0.30137527,0.72365677,-0.62088138,0
2.9096811,-1.4036521,4.1078067,0.81077808,0.14819971,0.56628239,0
-1.5545628,-2.2718534,2.9130414,-0.30137527,-0.72365677,0.62088138,0
-1.9396582,-3.6678963,1.189791,-0.30137527,-0.72365677,0.62088138,0
-0.68543124,-1.6913491,-1.2558999,0.50180852,-0.67406046,-0.54206133,0
-3.8960905,0.41364336,-1.4958876,-0.50180852,0.67406046,0.54206133,0
-0.84348822,2.8460546,-3.3880723,0.30137527,0.72365677,-0.62088138,0
3.5941994,-0.54636359,1.2010088,0.50180852,-0.67406046,-0.54206133,0
-3.3938491,-2.6771045,1.5953133,-0.30137527,-0.72365677,0.62088138,0
-2.9131184,-4.092195,0.32368875,-0.30137527,-0.72365677,0.62088138,0
-2.1351795,2.6799095,-4.4092498,0.30137527,0.72365677,-0.62088138,0
-0.74507594,2.9897528,-3.1590114,0.30137527,0.72365677,-0.62088138,0
-1.9736751,0.31687546,0.5661518,-0.50180852,0.67406046,0.54206133,0
-2.5455925,1.4988532,-1.4914221,-0.50180852,0.67406046,0.54206133,0
3.3102174,2.2192667,-2.3894455,0.30137527,0.72365677,-0.62088138,0
-0.24803162,-3.735723,2.032994,-0.30137527,-0.72365677,0.62088138,0
3.6457021,2.0895276,-1.8136144,0.50180852,-0.67406046,-0.54206133,0
-4.0781965,-1.8409991,-1.7959604,-0.81077808,-0.14819971,-0.56628239,0
4.106986,2.3273144,1.6240842,0.81077808,0.14819971,0.56628239,0
4.3252029,3.6489823,0.0051589012,0.30137527,0.72365677,-0.62088138,0
4.783926,2.7636657,0.4964366,0.81077808,0.14819971,0.56628239,0
-2.9586108,-1.1889533,-3.2618122,-0.81077808,-0.14819971,-0.56628239,0
2.1805115,1.0863872,-2.026088,0.50180852,-0.67406046,-0.54206133,0
-4.2859302,-3.2640162,0.62339067,-0.30137527,-0.72365677,0.62088138,0
-3.3521526,-3.3016851,-1.7935562,0.50180852,-0.67406046,-0.54206133,0
2.0779996,2.8120518,-2.0544801,0.30137527,0.72365677,-0.62088138,0
4.9277029,1.5428653,0.40264273,0.81077808,0.14819971,0.56628239,0
-4.244627,-1.5883793,-1.3732727,-0.81077808,-0.14819971,-0.56628239,0
-3.2170234,1.3103988,-1.6800367,-0.50180852,0.67406046,0.54206133,0
2.0760012,2.5086231,-2.4834657,0.30137527,0.72365677,-0.62088138,0
2.477335,-1.3074949,1.1787488,0.50180852,-0.67406046,-0.54206133,0
-3.2599397,2.3048987,-4.0167131,-0.81077808,-0.14819971,-0.56628239,0
0.51162648,-1.4870653,5.0108995,-0.30137527,-0.72365677,0.62088138,0
-4.9901261,-2.3296866,-0.26910973,-0.81077808,-0.14819971,-0.56628239,0
-2.4777992,2.4225645,-4.6962481,0.30137527,0.72365677,-0.62088138,0
-5.5698991,-2.6883688,0.70618677,-0.30137527,-0.72365677,0.62088138,0
2.8362839,-1.371819,4.117928,0.81077808,0.14819971,0.56628239,0
4.228611,3.8497748,0.78986645,0.81077808,0.14819971,0.56628239,0
-2.192723,3.1089287,-3.7424011,0.30137527,0.72365677,-0.62088138,0
-1.9136229,-3.7859979,0.053256035,0.50180852,-0.67406046,-0.54206133,0
-1.8557374,-3.4637225,-0.24211216,0.50180852,-0.67406046,-0.54206133,0
-3.0485139,-0.88479376,-3.3138323,-0.81077808,-0.14819971,-0.56628239,0
0.52424145,1.8280377,1.0705836,-0.50180852,0.67406046,0.54206133,0
1.6223879,1.855673,-3.5744262,0.30137527,0.72365677,-0.62088138,0
-2.9435573,3.0151448,-4.378262,0.30137527,0.72365677,-0.62088138,0
5.0752792,3.0953798,-0.18261528,0.81077808,0.14819971,0.56628239,0
3.5019619,2.8774438,-1.3332088,0.30137527,0.72365677,-0.62088138,0
-4.732626,-3.6709919,-0.11111927,-0.81077808,-0.14819971,-0.56628239,0
2.3310261,4.1806374,-0.36002684,0.30137527,0.72365677,-0.62088138,0
4.2106624,0.35002422,1.7081594,0.81077808,0.14819971,0.56628239,0
3.151207,1.250741,3.2155757,0.81077808,0.14819971,0.56628239,0
1.0117545,3.2482798,-2.1802986,0.30137527,0.72365677,-0.62088138,0
3.3059015,0.89137387,-0.69502735,0.50180852,-0.67406046,-0.54206133,0
0.78317368,1.5529423,1.6721716,-0.50180852,0.67406046,0.54206133,0
-2.6183739,2.3239579,-4.8876371,-0.81077808,-0.14819971,-0.56628239,0
4.1245708,0.16154599,1.8990786,0.81077808,0.14819971,0.56628239,0
-1.0997696,-2.8825235,2.629452,-0.30137527,-0.72365677,0.62088138,0
1.1025102,1.3195322,2.1001267,-0.50180852,0.67406046,0.54206133,0
-2.1135631,-3.0905893,1.8596128,-0.30137527,-0.72365677,0.62088138,0
1.4705166,-0.79064918,-0.45955926,0.50180852,-0.67406046,-0.54206133,0
4.8106728,2.7844856,-1.0016828,0.30137527,0.72365677,-0.62088138,0
-3.4413385,0.16871476,-0.55948567,-0.50180852,0.67406046,0.54206133,0
0.53216171,-2.7365124,1.2661567,0.50180852,-0.67406046,-0.54206133,0
3.6426053,1.7745359,-1.681623,0.50180852,-0.67406046,-0.54206133,0
0.20969009,3.1456838,-2.6751356,0.30137527,0.72365677,-0.62088138,0
-3.3738334,-2.1366193,-2.6627474,-0.81077808,-0.14819971,-0.56628239,0
1.3477476,-3.5412328,3.0383294,-0.30137527,-0.72365677,0.62088138,0
4.743082,2.1831584,-0.94121671,0.50180852,-0.67406046,-0.54206133,0
4.2037945,4.085382,0.9762063,0.81077808,0.14819971,0.56628239,0
3.6545885,2.5179329,2.0501235,0.81077808,0.14819971,0.56628239,0
-1.4088199,1.8998992,-4.8877258,0.30137527,0.72365677,-0.62088138,0
2.2242332,3.9313917,-0.76808691,0.30137527,0.72365677,-0.62088138,0
-3.9187393,-1.3334374,-1.9437444,-0.81077808,-0.14819971,-0.56628239,0
0.23223399,0.55095923,2.1328046,-0.50180852,0.67406046,0.54206133,0
-2.7903326,-2.5974784,2.1174307,-0.30137527,-0.72365677,0.62088138,0
3.9608185,-0.39477944,2.3468163,0.81077808,0.14819971,0.56628239,0
-1.7117815,-1.4640338,3.0163033,-0.50180852,0.67406046,0.54206133,0
5.412168,2.1469228,-0.20389843,0.81077808,0.14819971,0.56628239,0
0.49094725,2.9494953,-0.58204472,-0.50180852,0.67406046,0.54206133,0
0.1353538,-2.3198953,3.7842522,-0.30137527,-0.72365677,0.62088138,0
-2.5312495,2.1548362,-2.2486846,-0.50180852,0.67406046,0.54206133,0
-0.64381385,2.6257296,-3.7440681,0.30137527,0.72365677,-0.62088138,0
3.1664422,3.4278066,-0.86691022,0.30137527,0.72365677,-0.62088138,0
-3.5864389,-0.98084223,-2.5727694,-0.81077808,-0.14819971,-0.56628239,0
1.3748559,0.64427853,3.3884404,-0.50180852,0.67406046,0.54206133,0
-3.8380713,-0.32808661,-0.22603059,-0.50180852,0.67406046,0.54206133,0
-1.0681841,1.5256543,-5.1228695,0.30137527,0.72365677,-0.62088138,0
0.29433846,-1.1658335,4.4588556,-0.50180852,0.67406046,0.54206133,0
-0.1394372,2.9543185,-0.9676618,-0.50180852,0.67406046,0.54206133,0
-4.4161015,-3.7197046,-0.5436821,-0.81077808,-0.14819971,-0.56628239,0
4.1565933,2.0876553,1.4689746,0.81077808,0.14819971,0.56628239,0
-4.4233313,-2.4876111,-0.87676167,-0.81077808,-0.14819971,-0.56628239,0
2.8759167,-2.0307257,4.2804742,0.81077808,0.14819971,0.56628239,0
1.1363897,2.378485,-3.0322142,0.30137527,0.72365677,-0.62088138,0
0.32485795,-2.5911145,3.5887413,-0.30137527,-0.72365677,0.62088138,0
-3.3446484,0.96844286,-3.3409824,-0.81077808,-0.14819971,-0.56628239,0
-0.044157267,-3.0861337,1.1853428,0.50180852,-0.67406046,-0.54206133,0
4.7355056,3.199898,-0.49057293,0.30137527,0.72365677,-0.62088138,0
-2.7448967,0.33131909,-4.0747142,-0.81077808,-0.14819971,-0.56628239,0
-3.9898548,-4.1419601,-0.33302689,-0.30137527,-0.72365677,0.62088138,0
-3.1404526,-0.47222924,0.45268416,-0.50180852,0.67406046,0.54206133,0
1.1212926,-0.42178273,4.2676353,-0.50180852,0.67406046,0.54206133,0
-1.1139414,-2.2221222,3.1663589,-0.30137527,-0.72365677,0.62088138,0
2.2948961,4.0539789,0.026810646,-0.50180852,0.67406046,0.54206133,0
-0.49813938,-0.31162763,2.7932398,-0.50180852,0.67406046,0.54206133,0
1.3144344,-2.1941996,1.1596441,0.50180852,-0.67406046,-0.54206133,0
1.6761918,-1.3037034,5.731401,-0.30137527,-0.72365677,0.62088138,0
1.1556032,-1.7934014,5.0666089,-0.30137527,-0.72365677,0.62088138,0
0.51541424,3.1933842,-2.5446403,0.30137527,0.72365677,-0.62088138,0
-3.1001489,-3.4416544,0.98000193,-0.30137527,-0.72365677,0.62088138,0
-1.4392176,-1.2340603,-2.4265919,0.50180852,-0.67406046,-0.54206133,0
-3.7602105,-2.7106531,-1.707442,-0.81077808,-0.14819971,-0.56628239,0
-4.6460242,-0.86815715,-1.1177669,-0.81077808,-0.14819971,-0.56628239,0
2.1927123,3.8933134,-0.73430824,0.30137527,0.72365677,-0.62088138,0
0.84542233,-0.68158078,-0.9963634,0.50180852,-0.67406046,-0.54206133,0
-3.2348909,-3.0210137,-1.8446829,0.50180852,-0.67406046,-0.54206133,0
3.8328104,-0.64130998,1.4097792,0.50180852,-0.67406046,-0.54206133,0
5.1513853,2.6309328,-0.13297462,0.81077808,0.14819971,0.56628239,0
1.7769966,3.1534598,-1.8068601,0.30137527,0.72365677,-0.62088138,0
-3.8782396,-0.73947692,-2.1795895,-0.81077808,-0.14819971,-0.56628239,0
0.46631527,1.3806009,-3.9452348,0.50180852,-0.67406046,-0.54206133,0
-2.0569153,0.63659048,-5.0414333,-0.81077808,-0.14819971,-0.56628239,0
2.3567221,1.7829998,2.8427868,-0.50180852,0.67406046,0.54206133,0
0.0017457008,3.1448255,-2.6278985,0.30137527,0.72365677,-0.62088138,0
-0.55676913,1.8332605,-4.6119447,0.30137527,0.72365677,-0.62088138,0
-4.5375032,-1.7517569,-0.98535466,-0.81077808,-0.14819971,-0.56628239,0
-0.1287384,-2.8509812,3.0737703,-0.30137527,-0.72365677,0.62088138,0
2.1343458,1.149644,3.3156152,-0.50180852,0.67406046,0.54206133,0
-1.1918883,-3.8067122,1.477595,-0.30137527,-0.72365677,0.62088138,0
-2.1964068,-3.6576962,1.1117539,-0.30137527,-0.72365677,0.62088138,0
-1.4248824,0.74558151,-4.9682961,0.50180852,-0.67406046,-0.54206133,0
-1.6965127,3.3887625,-3.0467286,-0.50180852,0.67406046,0.54206133,0
-2.0905204,-4.1410646,0.51644564,0.50180852,-0.67406046,-0.54206133,0
1.4939079,-1.2469883,0.26158965,0.50180852,-0.67406046,-0.54206133,0
3.114074,1.0876635,3.1677361,0.81077808,0.14819971,0.56628239,0
-0.57187796,-3.5036364,2.0428057,-0.30137527,-0.72365677,0.62088138,0
4.2016449,3.5654573,-0.33430958,0.30137527,0.72365677,-0.62088138,0
-1.3997521,-2.6400831,2.5869532,-0.30137527,-0.72365677,0.62088138,0
0.74060607,2.232316,-3.4526262,0.30137527,0.72365677,-0.62088138,0
-4.3526363,-0.40956593,-1.7112141,-0.81077808,-0.14819971,-0.56628239,0
-4.1811023,-4.2562323,-0.64693546,-0.30137527,-0.72365677,0.62088138,0
-3.3667593,0.83505392,-3.1709824,-0.81077808,-0.14819971,-0.56628239,0
-2.4119606,-3.0750391,1.8421243,-0.30137527,-0.72365677,0.62088138,0
-4.2161098,-0.037742853,-0.97219133,-0.50180852,0.67406046,0.54206133,0
-0.13192582,2.4993291,-0.46787864,-0.50180852,0.67406046,0.54206133,0
5.0658445,1.5269587,0.20374751,0.81077808,0.14819971,0.56628239,0
3.7154891,0.78753102,2.2654808,0.81077808,0.14819971,0.56628239,0
-1.8419399,-1.732518,3.0549304,-0.50180852,0.67406046,0.54206133,0
0.99596214,-2.9889028,3.3059273,-0.30137527,-0.72365677,0.62088138,0
-1.0343583,2.087841,-4.5042329,0.30137527,0.72365677,-0.62088138,0
3.5195644,-1.7656895,3.2813463,0.81077808,0.14819971,0.56628239,0
2.7595046,-2.5249019,4.5447326,0.81077808,0.14819971,0.56628239,0
-2.4103456,-2.6163592,-1.7024338,0.50180852,-0.67406046,-0.54206133,0
0.82703447,-2.3623724,4.1913557,-0.30137527,-0.72365677,0.62088138,0
-1.9484953,0.80484104,0.13862073,-0.50180852,0.67406046,0.54206133,0
3.6936803,-0.5042752,2.8536243,0.81077808,0.14819971,0.56628239,0
1.6078477,3.9396467,-0.60752583,-0.50180852,0.67406046,0.54206133,0
2.9663541,2.3959389,-2.1406555,0.30137527,0.72365677,-0.62088138,0
1.6331499,2.1764498,-3.0837834,0.30137527,0.72365677,-0.62088138,0
0.77348614,3.111042,-2.4089181,0.30137527,0.72365677,-0.62088138,0
-1.0949388,1.7854615,-4.9608016,0.30137527,0.72365677,-0.62088138,0
2.461483,-1.4947224,4.9109216,0.81077808,0.14819971,0.56628239,0
2.5353732,2.2673507,-2.6308665,0.30137527,0.72365677,-0.62088138,0
-3.5256834,-3.1967654,1.1188221,-0.30137527,-0.72365677,0.62088138,0
-0.64868218,0.055444479,-3.5649033,0.50180852,-0.67406046,-0.54206133,0
-1.8379312,1.2529373,-0.56288809,-0.50180852,0.67406046,0.54206133,0
-4.0333428,-1.5509546,-1.6607015,-0.81077808,-0.14819971,-0.56628239,0
0.97784042,-3.2230296,2.2473044,0.50180852,-0.67406046,-0.54206133,0
-3.6077805,-1.5903443,-2.3087573,-0.81077808,-0.14819971,-0.56628239,0
4.8498173,1.142091,0.7938056,0.81077808,0.14819971,0.56628239,0
-3.7571998,0.97625947,-2.6997697,-0.81077808,-0.14819971,-0.56628239,0
3.6957731,0.77440983,2.557945,0.81077808,0.14819971,0.56628239,0
0.88660401,1.3068669,1.9697313,-0.50180852,0.67406046,0.54206133,0
-0.36665916,-3.5421362,2.2639461,-0.30137527,-0.72365677,0.62088138,0
-3.0504603,-0.77716804,0.96082187,-0.50180852,0.67406046,0.54206133,0
-3.9894772,0.23850155,-2.3232169,-0.81077808,-0.14819971,-0.56628239,0
-3.9435368,-3.4715314,-1.5620084,-0.81077808,-0.14819971,-0.56628239,0
-0.74255574,0.72147477,1.1813059,-0.50180852,0.67406046,0.54206133,0
3.8570857,2.8096218,-1.222805,0.30137527,0.72365677,-0.62088138,0
-2.2238066,0.15639985,-4.8657231,-0.81077808,-0.14819971,-0.56628239,0
3.1597531,-2.0087726,3.9960775,0.81077808,0.14819971,0.56628239,0
0.66693807,-0.72621965,-1.1315179,0.50180852,-0.67406046,-0.54206133,0
0.37781167,2.1261854,-3.6662409,0.30137527,0.72365677,-0.62088138,0
-2.7307918,1.1651983,-4.4529734,-0.81077808,-0.14819971,-0.56628239,0
3.1316886,0.33689156,3.2007465,0.81077808,0.14819971,0.56628239,0
1.2113194,-2.2344911,4.5655713,-0.30137527,-0.72365677,0.62088138,0
-0.30113411,-3.2730556,2.3330543,-0.30137527,-0.72365677,0.62088138,0
-3.6268764,-0.32505298,-2.6944327,-0.81077808,-0.14819971,-0.56628239,0
0.61703157,2.9816694,-0.49370575,-0.50180852,0.67406046,0.54206133,0
-4.2023273,-3.8718352,-0.24352789,-0.30137527,-0.72365677,0.62088138,0
-2.1535153,1.7402974,-5.3105817,0.30137527,0.72365677,-0.62088138,0
-2.5249624,2.3091908,-2.3459735,-0.50180852,0.67406046,0.54206133,0
-2.3047233,1.4093701,-5.1661115,-0.81077808,-0.14819971,-0.56628239,0
-3.2992387,1.7036748,-3.817482,-0.81077808,-0.14819971,-0.56628239,0
3.1668346,3.4528351,-0.93615913,0.30137527,0.72365677,-0.62088138,0
-4.5984545,-0.37139916,-1.2086477,-0.81077808,-0.14819971,-0.56628239,0
2.9944415,-1.2531483,1.6537309,0.50180852,-0.67406046,-0.54206133,0
-3.5803967,-3.6218886,0.49315381,-0.30137527,-0.72365677,0.62088138,0
1.5537429,2.3671963,-2.817538,0.30137527,0.72365677,-0.62088138,0
0.74350214,-2.9263394,1.6744865,0.50180852,-0.67406046,-0.54206133,0
1.8515866,3.5700245,0.19684553,-0.50180852,0.67406046,0.54206133,0
4.1397529,0.03888154,0.86957383,0.50180852,-0.67406046,-0.54206133,0
3.7074254,2.9404941,-1.1036522,0.30137527,0.72365677,-0.62088138,0
2.1812906,-0.22391725,4.9136348,0.81077808,0.14819971,0.56628239,0
3.3653331,0.29002488,3.1019199,0.81077808,0.14819971,0.56628239,0
4.4975429,1.0687079,1.3524814,0.81077808,0.14819971,0.56628239,0
-1.1301448,3.2332907,-3.1696024,0.30137527,0.72365677,-0.62088138,0
3.2733397,-0.16347909,0.54847646,0.50180852,-0.67406046,-0.54206133,0
3.7303705,3.4181297,-0.49552512,0.30137527,0.72365677,-0.62088138,0
-1.0512849,0.98325968,-5.0054259,0.50180852,-0.67406046,-0.54206133,0
0.27202392,-2.1780274,4.0123725,-0.30137527,-0.72365677,0.62088138,0
-3.938179,0.072849512,-2.4912214,-0.81077808,-0.14819971,-0.56628239,0
-0.57377291,-3.7703309,1.3393432,0.50180852,-0.67406046,-0.54206133,0
-3.1026671,0.078318357,-0.22692001,-0.50180852,0.67406046,0.54206133,0
-2.9072158,1.6812218,-4.377584,-0.81077808,-0.14819971,-0.56628239,0
0.55296278,2.1784539,-3.7221026,0.30137527,0.72365677,-0.62088138,0
3.6492875,0.6413185,2.6026759,0.81077808,0.14819971,0.56628239,0
-0.12950659,-3.175935,2.5781775,-0.30137527,-0.72365677,0.62088138,0
0.81390464,-0.54192281,4.2679634,-0.50180852,0.67406046,0.54206133,0
1.5190027,0.34506559,-1.7305199,0.50180852,-0.67406046,-0.54206133,0
2.8169551,-1.0302694,4.2487197,0.81077808,0.14819971,0.56628239,0
-3.6280596,-3.071182,0.94157672,-0.30137527,-0.72365677,0.62088138,0
1.7612361,-0.31279254,4.9551682,-0.50180852,0.67406046,0.54206133,0
-4.8173771,-2.1955075,1.1782746,-0.50180852,0.67406046,0.54206133,0
3.5208826,-0.47779727,2.8579106,0.81077808,0.14819971,0.56628239,0
-3.4779327,-2.0848806,-2.2873526,-0.81077808,-0.14819971,-0.56628239,0
-2.1200764,0.69606662,-0.068381429,-0.50180852,0.67406046,0.54206133,0
-1.4419065,2.7188284,-1.9136647,-0.50180852,0.67406046,0.54206133,0
-3.0896156,-1.5101178,1.8906996,-0.50180852,0.67406046,0.54206133,0
-1.2662187,1.4356413,-5.2559714,0.30137527,0.72365677,-0.62088138,0
0.40141749,0.96586502,-3.5970559,0.50180852,-0.67406046,-0.54206133,0
4.1419611,3.1472361,-0.62349677,0.30137527,0.72365677,-0.62088138,0
-3.0418167,0.12219825,-3.4559603,-0.81077808,-0.14819971,-0.56628239,0
1.3961649,-2.3820167,4.2912836,-0.30137527,-0.72365677,0.62088138,0
2.7321033,1.3272288,3.5829577,0.81077808,0.14819971,0.56628239,0
3.7194533,1.9126639,2.2327499,0.81077808,0.14819971,0.56628239,0
-4.3161516,-1.6249316,-1.4364595,-0.81077808,-0.14819971,-0.56628239,0
-2.384377,1.992589,-5.1048288,-0.81077808,-0.14819971,-0.56628239,0
1.2314447,0.19754529,3.8244419,-0.50180852,0.67406046,0.54206133,0
0.96900368,-3.2235003,3.0039723,-0.30137527,-0.72365677,0.62088138,0
-1.4867806,-2.2231915,3.145422,-0.30137527,-0.72365677,0.62088138,0
3.9103827,2.1612544,1.9465182,0.81077808,0.14819971,0.56628239,0
3.013412,-3.085017,4.3267455,-0.30137527,-0.72365677,0.62088138,0
0.9882071,1.1546664,-3.1199908,0.50180852,-0.67406046,-0.54206133,0
-1.1019044,3.3509645,-2.2673357,-0.50180852,0.67406046,0.54206133,0
-3.6697741,0.95828676,-3.0263519,-0.81077808,-0.14819971,-0.56628239,0
4.5254316,2.0387988,1.1053851,0.81077808,0.14819971,0.56628239,0
1.3227847,-1.1866987,5.4527168,-0.50180852,0.67406046,0.54206133,0
-4.2383947,0.51038146,-2.1437891,-0.81077808,-0.14819971,-0.56628239,0
-2.2626727,2.4458044,-2.5035107,-0.50180852,0.67406046,0.54206133,0
3.2057369,-0.74390423,3.5369449,0.81077808,0.14819971,0.56628239,0
-2.3712878,1.2618124,-4.8147807,-0.81077808,-0.14819971,-0.56628239,0
0.031672716,-0.033753633,2.656198,-0.50180852,0.67406046,0.54206133,0
0.92189479,-3.3681481,2.3340089,0.50180852,-0.67406046,-0.54206133,0
-3.1074045,2.2797947,-2.8855019,-0.50180852,0.67406046,0.54206133,0
2.3970449,3.1514378,-1.6695093,0.30137527,0.72365677,-0.62088138,0
3.7752128,3.608227,-0.41873741,0.30137527,0.72365677,-0.62088138,0
-4.4282346,-4.0147939,-0.28301573,-0.30137527,-0.72365677,0.62088138,0
3.5055041,-2.3118567,3.1866136,0.50180852,-0.67406046,-0.54206133,0
0.8967104,3.4657192,-1.9172524,0.30137527,0.72365677,-0.62088138,0
3.6896639,1.8296047,2.0528846,0.81077808,0.14819971,0.56628239,0
1.0161878,-0.67139769,-1.1320007,0.50180852,-0.67406046,-0.54206133,0
2.3739619,4.1030197,-0.26513314,-0.50180852,0.67406046,0.54206133,0
2.4977717,-1.2335246,4.6240268,0.81077808,0.14819971,0.56628239,0
4.4528627,2.5278342,0.78990436,0.81077808,0.14819971,0.56628239,0
-1.1799912,-2.6988554,2.6389258,-0.30137527,-0.72365677,0.62088138,0
-0.39410889,0.05843997,2.304297,-0.50180852,0.67406046,0.54206133,0
-4.2546034,-2.3541157,-1.2871706,-0.81077808,-0.14819971,-0.56628239,0
3.9298863,2.6617329,1.7405627,0.81077808,0.14819971,0.56628239,0
-3.1848543,3.1711891,-3.9726882,-0.50180852,0.67406046,0.54206133,0
-2.1256866,-4.1171703,0.483567,-0.30137527,-0.72365677,0.62088138,0
1.2201061,-1.4931997,0.22756292,0.50180852,-0.67406046,-0.54206133,0
4.1773062,0.0070414543,1.2237551,0.50180852,-0.67406046,-0.54206133,0
-1.2234631,-0.85443211,-3.0183618,0.50180852,-0.67406046,-0.54206133,0
1.1722956,-3.0088727,2.1279211,0.50180852,-0.67406046,-0.54206133,0
0.25516391,-0.98210025,4.0418992,-0.50180852,0.67406046,0.54206133,0
0.4028399,2.3680389,0.31333899,-0.50180852,0.67406046,0.54206133,0
-3.7587597,-1.0221257,-2.2449059,-0.81077808,-0.14819971,-0.56628239,0
2.2777121,0.2423265,4.455369,0.81077808,0.14819971,0.56628239,0
2.0579305,-2.6276042,4.4025445,-0.30137527,-0.72365677,0.62088138,0
3.8922496,3.406188,1.3514092,0.81077808,0.14819971,0.56628239,0
-0.14725018,3.6740403,-2.1205699,-0.50180852,0.67406046,0.54206133,0
-0.89324403,0.54673409,-4.1910768,0.50180852,-0.67406046,-0.54206133,0
-3.3471212,0.64899087,-3.2738299,-0.81077808,-0.14819971,-0.56628239,0
3.2762761,1.4608819,2.7725463,0.81077808,0.14819971,0.56628239,0
-1.2643255,1.6494473,-0.44909757,-0.50180852,0.67406046,0.54206133,0
2.609751,-2.4785635,4.9405484,-0.30137527,-0.72365677,0.62088138,0
3.9422121,3.3645,1.3964379,0.81077808,0.14819971,0.56628239,0
-3.1659844,-0.85174394,-3.2570279,-0.81077808,-0.14819971,-0.56628239,0
-3.1692638,-1.0625665,-3.0311847,-0.81077808,-0.14819971,-0.56628239,0
-3.4624586,-3.6425138,0.39645338,-0.30137527,-0.72365677,0.62088138,0
-3.1382482,-3.004868,1.2924018,-0.30137527,-0.72365677,0.62088138,0
1.8197814,-2.2017908,1.6940346,0.50180852,-0.67406046,-0.54206133,0
0.064878941,-2.9909778,2.9680161,-0.30137527,-0.72365677,0.62088138,0
-3.8764451,-1.3365765,-2.2179391,-0.81077808,-0.14819971,-0.56628239,0
0.45729208,-3.3997669,2.6836658,-0.30137527,-0.72365677,0.62088138,0
-1.6909595,0.5564431,-4.9317608,0.50180852,-0.67406046,-0.54206133,0
-1.7802727,2.652375,-4.1651115,0.30137527,0.72365677,-0.62088138,0
-1.0940591,-0.27550387,-3.5225284,0.50180852,-0.67406046,-0.54206133,0
-4.3067961,-3.4532092,0.22884274,-0.30137527,-0.72365677,0.62088138,0
-3.2334788,1.6195083,-2.3246329,-0.50180852,0.67406046,0.54206133,0
-3.3722363,-1.0663383,1.106077,-0.50180852,0.67406046,0.54206133,0
0.7028842,-1.4765489,4.9031048,-0.30137527,-0.72365677,0.62088138,0
3.0728874,3.1044714,-1.2692368,0.30137527,0.72365677,-0.62088138,0
5.0121584,3.0767169,-0.50281239,0.30137527,0.72365677,-0.62088138,0
-3.5697556,-2.5253053,1.786206,-0.30137527,-0.72365677,0.62088138,0
4.2557306,0.23332214,1.9377279,0.81077808,0.14819971,0.56628239,0
-3.774935,-3.7732677,-1.4954791,-0.81077808,-0.14819971,-0.56628239,0
-2.475781,1.3036693,-0.99646389,-0.50180852,0.67406046,0.54206133,0
-2.4176598,2.6943901,-4.3425331,0.30137527,0.72365677,-0.62088138,0
-5.5321074,-2.5920641,0.49065876,-0.81077808,-0.14819971,-0.56628239,0
-1.6711314,-2.3465433,3.0089355,-0.30137527,-0.72365677,0.62088138,0
0.29138184,2.4835417,-3.3346448,0.30137527,0.72365677,-0.62088138,0
3.688247,0.064499617,2.7319345,0.81077808,0.14819971,0.56628239,0
-1.5723288,1.265713,-5.8900509,0.30137527,0.72365677,-0.62088138,0
-1.2162982,-0.50558877,2.1319969,-0.50180852,0.67406046,0.54206133,0
2.2971439,-1.5762799,5.0545712,0.81077808,0.14819971,0.56628239,0
-2.1198938,2.1994016,-4.9357429,0.30137527,0.72365677,-0.62088138,0
-1.4758649,-3.2751844,1.8425226,-0.30137527,-0.72365677,0.62088138,0
-3.1511424,0.90767384,-3.7218018,-0.81077808,-0.14819971,-0.56628239,0
3.6888943,3.131449,1.669981,0.81077808,0.14819971,0.56628239,0
4.8935504,0.89695454,0.79248571,0.81077808,0.14819971,0.56628239,0
2.3375716,-1.3401148,4.9802852,0.81077808,0.14819971,0.56628239,0
0.12832189,1.669919,-4.5115128,0.30137527,0.72365677,-0.62088138,0
3.1123276,3.7691503,-0.64071178,0.30137527,0.72365677,-0.62088138,0
-3.3063393,-1.5917218,1.8677652,-0.50180852,0.67406046,0.54206133,0
2.4257975,3.2506375,0.91055298,-0.50180852,0.67406046,0.54206133,0
-3.6895366,-1.4492358,-2.1390269,-0.81077808,-0.14819971,-0.56628239,0
1.4323001,-2.189492,4.590589,-0.30137527,-0.72365677,0.62088138,0
0.79522961,-0.40452409,-1.5501709,0.50180852,-0.67406046,-0.54206133,0
4.9942074,2.5485473,0.20467949,0.81077808,0.14819971,0.56628239,0
-2.9759746,-1.1473426,-3.3645983,-0.81077808,-0.14819971,-0.56628239,0
-3.7949271,-3.2472157,0.93629789,-0.30137527,-0.72365677,0.62088138,0
-1.7099271,2.5339274,-4.2622156,0.30137527,0.72365677,-0.62088138,0
-5.2419672,-2.6747577,0.32978201,-0.81077808,-0.14819971,-0.56628239,0
-3.9702268,-3.0183716,-1.4435554,-0.81077808,-0.14819971,-0.56628239,0
-4.1845946,-4.1645608,-0.47057199,-0.30137527,-0.72365677,0.62088138,0
-0.74497443,-0.076635361,2.1415288,-0.50180852,0.67406046,0.54206133,0
-4.4798841,-3.1924543,0.69720602,-0.30137527,-0.72365677,0.62088138,0
3.3905191,-2.4777744,3.8461664,0.81077808,0.14819971,0.56628239,0
-0.80444384,-2.2344208,3.4085035,-0.30137527,-0.72365677,0.62088138,0
3.3601961,0.13923603,3.2418866,0.81077808,0.14819971,0.56628239,0
-4.744626,-3.6927099,-0.29314661,-0.81077808,-0.14819971,-0.56628239,0
-1.2951767,-1.6569108,3.4678361,-0.50180852,0.67406046,0.54206133,0
-3.9983296,-1.6219308,-1.730643,-0.81077808,-0.14819971,-0.56628239,0
5.2000694,1.9158952,-0.15850258,0.81077808,0.14819971,0.56628239,0
1.9765077,-0.56284332,-0.21649933,0.50180852,-0.67406046,-0.54206133,0
-0.013204575,-2.7304184,3.2251868,-0.30137527,-0.72365677,0.62088138,0
0.80545849,1.0376393,2.4057305,-0.50180852,0.67406046,0.54206133,0
-3.588156,0.14257693,-2.713069,-0.81077808,-0.14819971,-0.56628239,0
3.3108964,-2.9742827,3.977494,0.81077808,0.14819971,0.56628239,0
5.1309347,2.0322368,0.023512363,0.81077808,0.14819971,0.56628239,0
-3.8805397,-3.3572538,-1.6409819,-0.81077808,-0.14819971,-0.56628239,0
0.77872944,-3.2217474,3.0621829,-0.30137527,-0.72365677,0.62088138,0
2.3439896,-0.35787052,4.8271122,0.81077808,0.14819971,0.56628239,0
-2.2485397,0.87948477,-4.939353,-0.81077808,-0.14819971,-0.56628239,0
-2.4073448,1.1754551,-4.742178,-0.81077808,-0.14819971,-0.56628239,0
4.5950756,3.0395727,0.64878654,0.81077808,0.14819971,0.56628239,0
-1.2614831,-0.98986411,2.8889897,-0.50180852,0.67406046,0.54206133,0
-3.8937559,-0.42525506,-2.2561045,-0.81077808,-0.14819971,-0.56628239,0
-3.1049685,-0.3132692,-3.33828,-0.81077808,-0.14819971,-0.56628239,0
1.4518766,0.83513868,3.1149371,-0.50180852,0.67406046,0.54206133,0
2.3763359,-0.98850536,0.62100792,0.50180852,-0.67406046,-0.54206133,0
3.1157985,-1.533329,3.7171383,0.81077808,0.14819971,0.56628239,0
-3.2681723,0.25389403,-3.3232837,-0.81077808,-0.14819971,-0.56628239,0
3.2046869,-1.8245778,2.5621371,0.50180852,-0.67406046,-0.54206133,0
-3.527679,0.99728334,-3.0988843,-0.81077808,-0.14819971,-0.56628239,0
-1.1709208,-0.85071254,-2.7257922,0.50180852,-0.67406046,-0.54206133,0
2.7261698,-2.0861478,4.5404291,0.81077808,0.14819971,0.56628239,0
-4.0205851,-3.0450208,-1.2831771,-0.81077808,-0.14819971,-0.56628239,0
-0.56661129,-3.0438819,2.6761899,-0.30137527,-0.72365677,0.62088138,0
-5.1355882,-1.9119873,-0.22981787,-0.81077808,-0.14819971,-0.56628239,0
-2.6713917,1.4514122,-4.3787518,-0.81077808,-0.14819971,-0.56628239,0
0.56088638,-2.1347511,4.366909,-0.30137527,-0.72365677,0.62088138,0
1.9274426,-1.9215655,1.2443696,0.50180852,-0.67406046,-0.54206133,0
-4.5735989,-1.2936244,-1.2008243,-0.81077808,-0.14819971,-0.56628239,0
3.8021412,-1.4660159,2.9307256,0.81077808,0.14819971,0.56628239,0
-3.730711,-2.0056837,-2.2339375,-0.81077808,-0.14819971,-0.56628239,0
-1.4891741,1.2395313,-0.10474497,-0.50180852,0.67406046,0.54206133,0
-3.9379311,-3.7599308,0.039705753,-0.30137527,-0.72365677,0.62088138,0
0.50807405,-2.5831497,3.5434923,-0.30137527,-0.72365677,0.62088138,0
0.52340198,-1.5212743,4.8035588,-0.30137527,-0.72365677,0.62088138,0
2.5274105,-2.1184459,2.134855,0.50180852,-0.67406046,-0.54206133,0
-0.090505183,-1.0279349,-1.4026167,0.50180852,-0.67406046,-0.54206133,0
3.5163944,0.90211689,2.5330782,0.81077808,0.14819971,0.56628239,0
-3.4279265,-0.68849659,-2.8663945,-0.81077808,-0.14819971,-0.56628239,0
3.2676034,-0.8043341,3.6227019,0.81077808,0.14819971,0.56628239,0
0.17703819,-2.814817,3.1334071,-0.30137527,-0.72365677,0.62088138,0
2.8339293,-1.7290398,1.9485992,0.50180852,-0.67406046,-0.54206133,0
-1.5343184,-4.0999293,0.93473363,0.50180852,-0.67406046,-0.54206133,0
2.5413299,-1.6045599,4.5667758,0.81077808,0.14819971,0.56628239,0
0.80258727,-2.3679805,4.0266995,-0.30137527,-0.72365677,0.62088138,0
0.068433046,1.7539672,-4.2242432,0.30137527,0.72365677,-0.62088138,0
-2.7340662,2.5615635,-2.9938703,-0.50180852,0.67406046,0.54206133,0
1.7429855,-2.6607623,2.1595235,0.50180852,-0.67406046,-0.54206133,0
-4.6084709,-2.9472198,0.89357352,-0.30137527,-0.72365677,0.62088138,0
2.1125357,-0.13215446,-0.73188585,0.50180852,-0.67406046,-0.54206133,0
-3.0823383,-4.4514885,-0.24502301,0.50180852,-0.67406046,-0.54206133,0
0.33800888,0.39918768,-2.9054666,0.50180852,-0.67406046,-0.54206133,0
-2.9525006,-0.78108269,-3.586113,-0.81077808,-0.14819971,-0.56628239,0
-2.9841301,1.104874,-4.1102095,-0.81077808,-0.14819971,-0.56628239,0
-0.81561899,-3.9939189,1.3703668,0.50180852,-0.67406046,-0.54206133,0
-0.54610777,1.117679,-4.7334437,0.50180852,-0.67406046,-0.54206133,0
-2.3415132,-0.55932689,1.163234,-0.50180852,0.67406046,0.54206133,0
2.5405157,0.0091719627,4.4521365,0.81077808,0.14819971,0.56628239,0
-2.2301307,2.9488258,-4.1495194,0.30137527,0.72365677,-0.62088138,0
-3.7577002,1.0593119,-2.7200723,-0.81077808,-0.14819971,-0.56628239,0
-2.1872334,0.55664665,-4.9245315,-0.81077808,-0.14819971,-0.56628239,0
-4.451705,-1.4661089,-1.3008921,-0.81077808,-0.14819971,-0.56628239,0
3.7126012,4.300065,0.37864542,0.30137527,0.72365677,-0.62088138,0
4.1555142,1.3652214,1.724196,0.81077808,0.14819971,0.56628239,0
-2.8799486,2.8966749,-3.6490948,-0.50180852,0.67406046,0.54206133,0
-4.9298754,-2.8220825,-0.08706522,-0.81077808,-0.14819971,-0.56628239,0
-3.7503872,-0.1548574,-2.4381557,-0.81077808,-0.14819971,-0.56628239,0
4.0443802,-0.21937346,2.1881018,0.81077808,0.14819971,0.56628239,0
4.0370808,0.21521401,2.0901854,0.81077808,0.14819971,0.56628239,0
3.1502857,-0.49977624,3.5315869,0.81077808,0.14819971,0.56628239,0
-1.319248,2.2612815,-1.3859293,-0.50180852,0.67406046,0.54206133,0
3.5090861,4.2683473,0.6895833,-0.50180852,0.67406046,0.54206133,0
4.4581299,1.781538,1.1559243,0.81077808,0.14819971,0.56628239,0
-5.1443343,-2.1655464,-0.12983322,-0.81077808,-0.14819971,-0.56628239,0
-3.6066566,-2.4900296,-2.1596777,-0.81077808,-0.14819971,-0.56628239,0
-0.041080952,-2.819118,3.1222198,-0.30137527,-0.72365677,0.62088138,0
1.8545117,1.6894219,-3.3151145,0.50180852,-0.67406046,-0.54206133,0
-4.3956366,-1.1535836,-1.4551215,-0.81077808,-0.14819971,-0.56628239,0
3.6280656,3.1837716,1.9148839,0.81077808,0.14819971,0.56628239,0
-1.5525353,2.9435232,-3.7891221,0.30137527,0.72365677,-0.62088138,0
2.5257635,4.0978079,-0.44293165,0.30137527,0.72365677,-0.62088138,0
-2.6726356,0.88862276,-0.74962628,-0.50180852,0.67406046,0.54206133,0
0.83373022,-2.0971041,4.5032635,-0.30137527,-0.72365677,0.62088138,0
4.4014125,3.7721004,0.58568764,0.81077808,0.14819971,0.56628239,0
-0.30834961,-3.8342633,1.9079132,-0.30137527,-0.72365677,0.62088138,0
1.7929816,0.48556495,-1.7978404,0.50180852,-0.67406046,-0.54206133,0
0.77970183,-1.9767907,0.53854936,0.50180852,-0.67406046,-0.54206133,0
-3.4720814,-0.32928634,-0.029121637,-0.50180852,0.67406046,0.54206133,0
-4.0489798,0.41684461,-1.532639,-0.50180852,0.67406046,0.54206133,0
-2.013062,-2.3453181,2.6947312,-0.30137527,-0.72365677,0.62088138,0
2.1168375,-0.82928538,5.2450566,0.81077808,0.14819971,0.56628239,0
0.69070244,-1.6083927,-0.24193348,0.50180852,-0.67406046,-0.54206133,0
-2.7746701,-2.39959,2.1897562,-0.30137527,-0.72365677,0.62088138,0
0.14781284,2.3963578,-3.6725364,0.30137527,0.72365677,-0.62088138,0
-2.5681074,3.2191658,-4.0601602,0.30137527,0.72365677,-0.62088138,0
-2.5675302,-0.54367119,-4.1062617,-0.81077808,-0.14819971,-0.56628239,0
-3.8010836,-2.9033446,1.1732135,-0.30137527,-0.72365677,0.62088138,0
-3.7481282,-3.1288061,0.94157863,-0.30137527,-0.72365677,0.62088138,0
-1.6934712,-2.7156382,-1.1158321,0.50180852,-0.67406046,-0.54206133,0
-0.78898478,-3.0900679,2.458801,-0.30137527,-0.72365677,0.62088138,0
2.9579616,-0.094225794,3.603704,0.81077808,0.14819971,0.56628239,0
-1.437335,-3.1396825,1.9779347,-0.30137527,-0.72365677,0.62088138,0
-1.3411267,3.6109772,-2.9435365,0.30137527,0.72365677,-0.62088138,0
-0.83463287,-2.960701,2.4628892,-0.30137527,-0.72365677,0.62088138,0
-1.8771439,2.3253665,-4.765583,0.30137527,0.72365677,-0.62088138,0
3.3177581,0.38578099,2.9828851,0.81077808,0.14819971,0.56628239,0
1.4716878,-3.4259112,2.9794774,0.50180852,-0.67406046,-0.54206133,0
2.4609189,3.5841017,-1.1883833,0.30137527,0.72365677,-0.62088138,0
0.45316029,-2.6368852,3.5812314,-0.30137527,-0.72365677,0.62088138,0
-3.1477151,1.194155,-3.7683654,-0.81077808,-0.14819971,-0.56628239,0
-4.2766724,0.49660993,-2.1193151,-0.81077808,-0.14819971,-0.56628239,0
-2.8331032,-1.8920151,-3.0704784,0.50180852,-0.67406046,-0.54206133,0
-3.645092,-0.58737975,-2.7035341,-0.81077808,-0.14819971,-0.56628239,0
0.096344918,0.94788015,1.8505286,-0.50180852,0.67406046,0.54206133,0
-0.43257809,-3.8206954,1.4116641,0.50180852,-0.67406046,-0.54206133,0
-1.5424826,-2.7862709,-0.91217232,0.50180852,-0.67406046,-0.54206133,0
2.9246521,3.4170885,-1.1316137,0.30137527,0.72365677,-0.62088138,0
3.0120482,-0.59775043,0.90761828,0.50180852,-0.67406046,-0.54206133,0
2.7441654,-2.9275923,4.4231353,-0.30137527,-0.72365677,0.62088138,0
4.2354288,-0.58512425,1.9824485,0.50180852,-0.67406046,-0.54206133,0
2.5872526,0.08102417,-0.47880054,0.50180852,-0.67406046,-0.54206133,0
-3.6520748,-3.8727965,0.14647007,-0.30137527,-0.72365677,0.62088138,0
-1.1843648,2.876462,-3.6218309,0.30137527,0.72365677,-0.62088138,0
3.7303855,2.6193202,1.8955917,0.81077808,0.14819971,0.56628239,0
-4.0050359,-4.0726452,-1.2506099,-0.81077808,-0.14819971,-0.56628239,0
1.738059,2.7277243,-2.3513854,0.30137527,0.72365677,-0.62088138,0
3.8330276,2.572659,-1.5782504,0.30137527,0.72365677,-0.62088138,0
-5.1636028,-2.8345084,0.61569881,-0.30137527,-0.72365677,0.62088138,0
-0.30616665,-3.6351333,2.1982627,-0.30137527,-0.72365677,0.62088138,0
2.4647946,-1.8542026,5.0194759,0.81077808,0.14819971,0.56628239,0
0.26164103,3.7932105,-2.017808,0.30137527,0.72365677,-0.62088138,0
-2.001123,-2.3384433,2.9000683,-0.30137527,-0.72365677,0.62088138,0
2.9330506,-2.7740736,3.4524808,0.50180852,-0.67406046,-0.54206133,0
1.9579122,1.2586765,-2.360085,0.50180852,-0.67406046,-0.54206133,0
0.2928189,-0.79891419,-1.6077729,0.50180852,-0.67406046,-0.54206133,0
0.93300152,-0.14811444,-1.7028565,0.50180852,-0.67406046,-0.54206133,0
3.0336406,-0.060740411,3.4628854,0.81077808,0.14819971,0.56628239,0
-2.5901036,-0.47965485,-4.1789622,-0.81077808,-0.14819971,-0.56628239,0
-2.3802862,-2.0510859,3.0022635,-0.30137527,-0.72365677,0.62088138,0
4.0406237,-0.83147836,2.4596825,0.81077808,0.14819971,0.56628239,0
-2.0419281,2.4180152,-4.5803766,0.30137527,0.72365677,-0.62088138,0
-0.8824358,2.2031264,-4.3910499,0.30137527,0.72365677,-0.62088138,0
-3.3788714,2.1719832,-3.8007653,-0.81077808,-0.14819971,-0.56628239,0
-5.2973194,-2.9485137,0.48721313,-0.81077808,-0.14819971,-0.56628239,0
-0.63025475,3.4562898,-2.7363255,0.30137527,0.72365677,-0.62088138,0
2.3433576,-3.1535351,3.8221912,-0.30137527,-0.72365677,0.62088138,0
4.417181,0.77868986,1.3535752,0.81077808,0.14819971,0.56628239,0
-2.0572951,-1.1864769,2.4806664,-0.50180852,0.67406046,0.54206133,0
-0.8803401,2.1367345,-4.4816513,0.30137527,0.72365677,-0.62088138,0
-1.4636059,0.3401227,-4.5908332,0.50180852,-0.67406046,-0.54206133,0
3.5177102,2.6819882,-1.5810976,0.30137527,0.72365677,-0.62088138,0
1.0004115,-2.6929712,1.413497,0.50180852,-0.67406046,-0.54206133,0
-2.2718496,-1.5263276,-2.9228563,0.50180852,-0.67406046,-0.54206133,0
3.797612,0.148031,0.5408566,0.50180852,-0.67406046,-0.54206133,0
0.92713511,1.4393752,1.7628399,-0.50180852,0.67406046,0.54206133,0
-1.5184786,-0.81904125,-3.3254383,0.50180852,-0.67406046,-0.54206133,0
2.4269462,0.49695653,4.4346318,0.81077808,0.14819971,0.56628239,0
-3.1614573,1.7884574,-3.8423402,-0.81077808,-0.14819971,-0.56628239,0
-3.1720059,3.1401129,-4.2004805,-0.81077808,-0.14819971,-0.56628239,0
-2.4297705,2.6169915,-4.4262567,0.30137527,0.72365677,-0.62088138,0
-2.5559106,-2.3806,-1.9942489,0.50180852,-0.67406046,-0.54206133,0
3.6748874,-0.9201386,2.7732334,0.81077808,0.14819971,0.56628239,0
-3.3196146,-3.1066186,1.2660096,-0.30137527,-0.72365677,0.62088138,0
-4.1537142,-3.1221302,-1.2168708,-0.81077808,-0.14819971,-0.56628239,0
0.95975399,-3.1909385,3.3273242,-0.30137527,-0.72365677,0.62088138,0
1.6316659,1.7369269,-3.3999364,0.50180852,-0.67406046,-0.54206133,0
4.0244055,3.6966281,1.0660491,0.81077808,0.14819971,0.56628239,0
4.5368905,2.5644691,0.8009367,0.81077808,0.14819971,0.56628239,0
