-1.2408695,4.3468957,0.87095761,-0.61944807,0.76978844,-0.15397954,0
0.44948173,-2.9571636,-3.4966998,-0.054545444,-0.23787288,-0.9697634,0
2.2037554,-2.4542575,-3.7011108,-0.054545444,-0.23787288,-0.9697634,0
0.14529443,-2.4201369,1.2992465,-0.78314036,-0.59231925,0.18933837,0
1.6902306,-3.8941689,-0.39487302,0.61944807,-0.76978844,0.15397954,0
0.066819429,1.9904091,-0.99686873,0.78314036,0.59231925,-0.18933837,0
-2.9497676,3.4983888,3.372787,-0.61944807,0.76978844,-0.15397954,0
-1.5861523,3.5918956,-1.5854278,-0.61944807,0.76978844,-0.15397954,0
-1.7153695,0.68810105,-4.171236,-0.054545444,-0.23787288,-0.9697634,0
3.0572779,-2.0577102,3.0604808,0.61944807,-0.76978844,0.15397954,0
-2.5922537,3.4202442,1.383074,-0.61944807,0.76978844,-0.15397954,0
-1.3719926,-1.652419,-3.7209935,-0.054545444,-0.23787288,-0.9697634,0
0.047090173,0.9457972,-4.3028083,-0.054545444,-0.23787288,-0.9697634,0
-1.8281657,1.1786411,-4.4088364,-0.054545444,-0.23787288,-0.9697634,0
1.1294291,1.4306921,1.4527247,0.78314036,0.59231925,-0.18933837,0
1.1337957,0.72541273,-0.55001634,0.78314036,0.59231925,-0.18933837,0
1.101488,0.51321208,-2.1631598,0.78314036,0.59231925,-0.18933837,0
0.8477596,-0.05305481,-4.2391882,-0.054545444,-0.23787288,-0.9697634,0
-0.36148167,3.8919766,2.6652613,0.78314036,0.59231925,-0.18933837,0
-3.3453851,1.9694479,0.62008113,-0.78314036,-0.59231925,0.18933837,0
2.1352284,-3.5222938,-0.3668915,0.61944807,-0.76978844,0.15397954,0
2.6611857,0.028981358,4.0402927,0.054545444,0.23787288,0.9697634,0
1.4934522,-1.2961996,4.4511747,0.054545444,0.23787288,0.9697634,0
-1.59745,4.579977,3.0686846,0.054545444,0.23787288,0.9697634,0
-1.7547069,0.30631086,-4.1046133,-0.054545444,-0.23787288,-0.9697634,0
3.6831656,-1.2819477,3.1606855,0.78314036,0.59231925,-0.18933837,0
-2.6614227,2.0080252,-4.4457221,-0.054545444,-0.23787288,-0.9697634,0
-2.3146038,3.6559172,1.5579245,-0.61944807,0.76978844,-0.15397954,0
-0.54071474,-0.61553383,3.9081757,-0.78314036,-0.59231925,0.18933837,0
-0.52610075,-2.4875269,-3.3986368,-0.054545444,-0.23787288,-0.9697634,0
-1.009559,-0.052274227,3.7136168,-0.78314036,-0.59231925,0.18933837,0
-1.954855,3.4649396,-0.28976083,-0.61944807,0.76978844,-0.15397954,0
1.9109969,-3.2123122,2.2430642,0.61944807,-0.76978844,0.15397954,0
2.5092893,-0.67842627,0.30298907,0.78314036,0.59231925,-0.18933837,0
1.0032059,-1.2360721,4.3223305,0.054545444,0.23787288,0.9697634,0
-0.85357344,0.94760668,-4.3828306,-0.054545444,-0.23787288,-0.9697634,0
-0.60763228,1.3903971,-4.3481121,-0.054545444,-0.23787288,-0.9697634,0
-2.5103106,2.4921892,-3.6024458,-0.61944807,0.76978844,-0.15397954,0
2.481658,-3.7627711,-2.5267694,0.61944807,-0.76978844,0.15397954,0
-0.24204159,0.62245488,-4.3518953,-0.054545444,-0.23787288,-0.9697634,0
2.8374224,-0.73428649,4.2338591,0.054545444,0.23787288,0.9697634,0
-1.2586882,4.2884884,0.57836843,-0.61944807,0.76978844,-0.15397954,0
2.7093053,-3.4688668,-2.2317979,0.61944807,-0.76978844,0.15397954,0
2.9733832,-1.2471628,4.3071747,0.054545444,0.23787288,0.9697634,0
-0.51277977,-1.011519,-3.7829649,-0.054545444,-0.23787288,-0.9697634,0
0.5987367,2.437835,3.5352659,0.054545444,0.23787288,0.9697634,0
-2.0797415,3.6188388,0.61764622,-0.61944807,0.76978844,-0.15397954,0
-0.99430871,-1.823294,-3.6429605,-0.054545444,-0.23787288,-0.9697634,0
0.82094854,-2.3199253,-3.5379438,-0.054545444,-0.23787288,-0.9697634,0
-2.5609937,0.41962385,-1.5365734,-0.78314036,-0.59231925,0.18933837,0
-1.7562317,0.70529318,2.9565704,-0.78314036,-0.59231925,0.18933837,0
-3.3103299,2.5397506,0.25797552,-0.61944807,0.76978844,-0.15397954,0
-0.85070091,-1.6755447,-3.7411089,-0.054545444,-0.23787288,-0.9697634,0
-1.0076168,3.2488108,-1.4208932,0.78314036,0.59231925,-0.18933837,0
-0.58763945,3.8006282,3.2445621,0.054545444,0.23787288,0.9697634,0
1.2535726,-4.2051725,-3.1346812,-0.054545444,-0.23787288,-0.9697634,0
-1.7762542,0.63729727,2.0499034,-0.78314036,-0.59231925,0.18933837,0
-2.1539326,0.9273625,1.8725973,-0.78314036,-0.59231925,0.18933837,0
-2.5852787,0.17145026,-2.1550179,-0.78314036,-0.59231925,0.18933837,0
-3.4026608,0.93289113,-3.4546325,-0.78314036,-0.59231925,0.18933837,0
-2.5757079,0.10232753,-2.573421,-0.78314036,-0.59231925,0.18933837,0
-2.2764194,3.697681,2.1469665,-0.61944807,0.76978844,-0.15397954,0
-1.1461387,3.8248272,-0.433267,0.78314036,0.59231925,-0.18933837,0
-0.21515644,0.68658686,-4.3269548,-0.054545444,-0.23787288,-0.9697634,0
1.1648182,0.1250627,-2.5978034,0.78314036,0.59231925,-0.18933837,0
-1.7704653,1.7047307,-4.4839034,-0.054545444,-0.23787288,-0.9697634,0
3.6999471,-1.7370948,2.5456576,0.61944807,-0.76978844,0.15397954,0
0.40035474,1.4052346,3.835506,0.054545444,0.23787288,0.9697634,0
-3.2853947,2.5739405,-0.21874115,-0.61944807,0.76978844,-0.15397954,0
-1.1123554,2.8360755,3.5764904,0.054545444,0.23787288,0.9697634,0
-3.50122,2.8421955,1.9776208,-0.61944807,0.76978844,-0.15397954,0
-1.5477495,3.7250872,-1.5728872,-0.61944807,0.76978844,-0.15397954,0
-1.682658,-1.3879893,-3.235904,-0.78314036,-0.59231925,0.18933837,0
2.1712692,0.093422987,4.022244,0.054545444,0.23787288,0.9697634,0
3.4571209,-2.0240271,0.30191469,0.78314036,0.59231925,-0.18933837,0
1.6804836,-0.13232899,-0.99403244,0.78314036,0.59231925,-0.18933837,0
1.7560072,-3.2683401,2.3857012,0.61944807,-0.76978844,0.15397954,0
-1.2198663,-0.46058929,1.2690246,-0.78314036,-0.59231925,0.18933837,0
-1.7012676,-0.40850627,-3.9784327,-0.054545444,-0.23787288,-0.9697634,0
-2.5487161,0.4569459,-1.5969187,-0.78314036,-0.59231925,0.18933837,0
-1.360085,4.6392574,2.3650832,-0.61944807,0.76978844,-0.15397954,0
-1.4892256,3.3589265,-2.8521128,-0.61944807,0.76978844,-0.15397954,0
-1.6929004,4.2728424,1.6645522,-0.61944807,0.76978844,-0.15397954,0
-2.6755161,2.9070563,3.5293512,0.054545444,0.23787288,0.9697634,0
0.082701921,-3.1892772,-3.4480772,-0.054545444,-0.23787288,-0.9697634,0
-1.9659609,4.0337615,2.5096142,-0.61944807,0.76978844,-0.15397954,0
-3.1963019,1.6568704,0.2666997,-0.78314036,-0.59231925,0.18933837,0
-0.6585353,-0.51588154,3.759526,-0.78314036,-0.59231925,0.18933837,0
2.697315,-0.21382046,2.7098188,0.78314036,0.59231925,-0.18933837,0
3.1973202,-2.0030851,2.8799562,0.61944807,-0.76978844,0.15397954,0
-2.0945935,0.89143068,1.6279893,-0.78314036,-0.59231925,0.18933837,0
1.385556,-4.6337481,-3.1209784,0.61944807,-0.76978844,0.15397954,0
0.92613399,0.56717741,4.016449,0.054545444,0.23787288,0.9697634,0
1.0652409,-4.3697968,-3.1145663,-0.054545444,-0.23787288,-0.9697634,0
3.140173,-3.0827379,-1.4275639,0.61944807,-0.76978844,0.15397954,0
1.7544737,-1.2491918,4.2955737,0.054545444,0.23787288,0.9697634,0
-2.5688169,1.8116663,-4.5111961,-0.054545444,-0.23787288,-0.9697634,0
-2.1149292,3.3465676,-0.90197086,-0.61944807,0.76978844,-0.15397954,0
1.2950294,-0.15458125,4.1467743,0.054545444,0.23787288,0.9697634,0
1.5190778,-3.722332,1.3891032,0.61944807,-0.76978844,0.15397954,0
2.4447746,-1.5332714,-2.0966682,0.78314036,0.59231925,-0.18933837,0
-1.3445222,2.4287744,-4.6194935,-0.054545444,-0.23787288,-0.9697634,0
-2.3326404,3.148715,3.5482931,0.054545444,0.23787288,0.9697634,0
-3.695334,1.6206686,-3.4632037,-0.61944807,0.76978844,-0.15397954,0
-0.78710365,2.3279996,-3.6426263,0.78314036,0.59231925,-0.18933837,0
0.35484469,-1.8242499,-3.7061653,-0.054545444,-0.23787288,-0.9697634,0
-1.7933831,0.32799369,-4.1586852,-0.054545444,-0.23787288,-0.9697634,0
-0.83203304,-1.9127079,-3.5728331,-0.054545444,-0.23787288,-0.9697634,0
0.55406249,2.2294261,1.3393924,0.78314036,0.59231925,-0.18933837,0
-3.4299812,2.0166144,-1.8418194,-0.61944807,0.76978844,-0.15397954,0
0.67252278,2.3432975,3.582921,0.054545444,0.23787288,0.9697634,0
-0.958444,-0.82037473,1.1030154,-0.78314036,-0.59231925,0.18933837,0
-2.2460558,-0.35678267,-2.9278402,-0.78314036,-0.59231925,0.18933837,0
-3.0350635,2.9894989,3.5833569,0.054545444,0.23787288,0.9697634,0
0.084452271,-1.8868306,2.290401,-0.78314036,-0.59231925,0.18933837,0
3.0458798,-1.1583364,1.4808474,0.78314036,0.59231925,-0.18933837,0
-0.67742163,0.55308545,4.1210155,0.054545444,0.23787288,0.9697634,0
1.0758741,0.67195606,3.9156127,0.054545444,0.23787288,0.9697634,0
1.1281726,0.90342045,-0.01452297,0.78314036,0.59231925,-0.18933837,0
1.8133869,-2.8362947,3.8649554,0.61944807,-0.76978844,0.15397954,0
-2.5275712,3.2384977,0.09575367,-0.61944807,0.76978844,-0.15397954,0
0.67022085,-3.9069898,-1.4486101,-0.78314036,-0.59231925,0.18933837,0
1.8009232,1.2629894,3.7343659,0.054545444,0.23787288,0.9697634,0
-3.5715327,1.5658841,-3.572649,-0.61944807,0.76978844,-0.15397954,0
-1.323822,3.85396,-1.8561821,-0.61944807,0.76978844,-0.15397954,0
1.7486224,-3.806962,-3.2358246,-0.054545444,-0.23787288,-0.9697634,0
2.5255225,-0.15520874,3.9755831,0.054545444,0.23787288,0.9697634,0
-0.53545582,-1.175823,1.8956109,-0.78314036,-0.59231925,0.18933837,0
-2.6156213,2.5548792,-2.1076121,-0.61944807,0.76978844,-0.15397954,0
-2.0284185,1.6586,3.7383354,0.054545444,0.23787288,0.9697634,0
-1.1696894,2.9489996,-3.9146953,0.78314036,0.59231925,-0.18933837,0
-0.632788,-0.053647041,4.2546248,0.054545444,0.23787288,0.9697634,0
2.6667557,-3.2457523,-1.0101194,0.61944807,-0.76978844,0.15397954,0
-1.4557061,3.4967365,-2.0772943,-0.61944807,0.76978844,-0.15397954,0
0.12712455,-1.4740674,3.3905761,-0.78314036,-0.59231925,0.18933837,0
-2.6015325,2.7933362,-1.3120291,-0.61944807,0.76978844,-0.15397954,0
1.036041,-3.0571463,2.5065928,-0.78314036,-0.59231925,0.18933837,0
0.88432384,1.0228786,3.8589296,0.054545444,0.23787288,0.9697634,0
-1.8386104,3.8431263,0.36606407,-0.61944807,0.76978844,-0.15397954,0
-0.8793323,4.3895102,3.1769872,0.054545444,0.23787288,0.9697634,0
0.74521673,-0.35835087,4.2204428,0.054545444,0.23787288,0.9697634,0
-0.72257459,3.512291,3.2944436,0.054545444,0.23787288,0.9697634,0
2.1345105,-1.8639407,-3.7062438,-0.054545444,-0.23787288,-0.9697634,0
3.6174304,-1.7619629,1.2863524,0.78314036,0.59231925,-0.18933837,0
-2.3979521,2.8374364,-1.753804,-0.61944807,0.76978844,-0.15397954,0
1.5504811,0.95734388,1.9913735,0.78314036,0.59231925,-0.18933837,0
-2.304601,2.9117715,3.5066824,0.054545444,0.23787288,0.9697634,0
2.5315042,-1.6641808,4.337244,0.054545444,0.23787288,0.9697634,0
0.5363667,-2.8655887,-3.3500242,-0.054545444,-0.23787288,-0.9697634,0
-3.6040745,2.3703978,0.14216751,-0.61944807,0.76978844,-0.15397954,0
1.9521453,-0.6189779,-2.0484376,0.78314036,0.59231925,-0.18933837,0
3.3752823,-2.9186733,-2.3180337,0.61944807,-0.76978844,0.15397954,0
-0.43339539,-1.3150085,1.7657974,-0.78314036,-0.59231925,0.18933837,0
-1.2770286,3.3866572,-3.0142932,0.78314036,0.59231925,-0.18933837,0
1.6449635,-4.3700585,-2.5681992,0.61944807,-0.76978844,0.15397954,0
1.3358045,-3.5692506,1.8256668,-0.78314036,-0.59231925,0.18933837,0
1.9704368,-3.8972745,-0.85779595,0.61944807,-0.76978844,0.15397954,0
-1.7326918,3.7501085,-0.080251575,-0.61944807,0.76978844,-0.15397954,0
-3.6744256,1.9138424,-1.7589346,-0.61944807,0.76978844,-0.15397954,0
1.6599329,-3.6660509,-3.3616529,-0.054545444,-0.23787288,-0.9697634,0
3.4739351,-2.409225,-1.2497118,0.78314036,0.59231925,-0.18933837,0
-1.4076278,-0.5390451,0.29457217,-0.78314036,-0.59231925,0.18933837,0
-0.20467901,-2.8044486,-1.8591847,-0.78314036,-0.59231925,0.18933837,0
2.30265,-3.7609277,-3.3048444,-0.054545444,-0.23787288,-0.9697634,0
1.5582585,-2.0422378,-3.7426286,-0.054545444,-0.23787288,-0.9697634,0
-3.6086822,1.8301482,-1.4328052,-0.78314036,-0.59231925,0.18933837,0
-0.58618987,2.1274509,3.5714107,0.054545444,0.23787288,0.9697634,0
-0.053627443,1.2265601,3.7508104,0.054545444,0.23787288,0.9697634,0
1.6458406,-4.2759013,-1.9005985,0.61944807,-0.76978844,0.15397954,0
-3.788662,1.2363516,-4.113368,-0.054545444,-0.23787288,-0.9697634,0
1.7549281,-2.8632224,4.6508865,0.61944807,-0.76978844,0.15397954,0
-2.7803247,2.43102,-2.0639043,-0.61944807,0.76978844,-0.15397954,0
2.1419675,0.64117551,2.7476625,0.78314036,0.59231925,-0.18933837,0
-1.1049497,-0.24409914,2.1218333,-0.78314036,-0.59231925,0.18933837,0
3.6874211,-1.7983027,1.7813791,0.61944807,-0.76978844,0.15397954,0
-2.0834265,2.4609604,3.6121402,0.054545444,0.23787288,0.9697634,0
-0.00078713894,3.1617894,1.6222527,0.78314036,0.59231925,-0.18933837,0
0.87165475,-3.8089073,-0.69729471,-0.78314036,-0.59231925,0.18933837,0
2.8915367,-2.8228614,0.64333123,0.61944807,-0.76978844,0.15397954,0
-2.7708645,2.7675967,-1.1159236,-0.61944807,0.76978844,-0.15397954,0
-0.99982023,4.8393273,2.8240104,0.78314036,0.59231925,-0.18933837,0
1.0155573,-2.0753183,4.6516314,0.054545444,0.23787288,0.9697634,0
-2.7453101,2.2155242,3.2330058,-0.78314036,-0.59231925,0.18933837,0
0.91689491,-3.0237854,-3.5332727,-0.054545444,-0.23787288,-0.9697634,0
0.76272732,-2.3510923,-3.5631337,-0.054545444,-0.23787288,-0.9697634,0
-1.5210474,-0.19194627,1.0332638,-0.78314036,-0.59231925,0.18933837,0
-1.6809642,3.5954635,-0.82624567,-0.61944807,0.76978844,-0.15397954,0
-2.6054959,3.0782802,3.6125531,0.054545444,0.23787288,0.9697634,0
0.73301709,0.58906841,-2.9396396,0.78314036,0.59231925,-0.18933837,0
0.046751618,2.6713734,3.5071597,0.054545444,0.23787288,0.9697634,0
0.15869522,-2.6081893,-3.4396281,-0.054545444,-0.23787288,-0.9697634,0
2.0409744,-3.2818677,1.1816293,0.61944807,-0.76978844,0.15397954,0
2.5415113,-3.3279951,-0.49726617,0.61944807,-0.76978844,0.15397954,0
0.063147545,-3.2838941,-1.875267,-0.78314036,-0.59231925,0.18933837,0
2.1712635,-3.6366215,-1.2043664,0.61944807,-0.76978844,0.15397954,0
3.3234828,-0.64413935,4.0193529,0.054545444,0.23787288,0.9697634,0
-3.6658645,2.2249587,-0.74395567,-0.61944807,0.76978844,-0.15397954,0
-2.1345448,3.3794842,-0.86547899,-0.61944807,0.76978844,-0.15397954,0
1.1715472,-4.5177402,-1.4058383,0.61944807,-0.76978844,0.15397954,0
2.7815971,0.016269028,3.176544,0.78314036,0.59231925,-0.18933837,0
2.2571628,-2.6831126,4.1067939,0.61944807,-0.76978844,0.15397954,0
2.4303617,-2.5816257,3.1775861,0.61944807,-0.76978844,0.15397954,0
-2.4341707,2.5487702,3.7327318,0.054545444,0.23787288,0.9697634,0
1.4350293,-2.9406598,4.561842,-0.78314036,-0.59231925,0.18933837,0
-1.2900169,0.51615524,-4.1814117,-0.054545444,-0.23787288,-0.9697634,0
2.5347733,-0.49499935,4.1697264,0.054545444,0.23787288,0.9697634,0
2.0295558,-3.6905804,-1.2335215,0.61944807,-0.76978844,0.15397954,0
2.3760517,-3.1224678,0.72610438,0.61944807,-0.76978844,0.15397954,0
-2.771821,2.3678553,-3.0022123,-0.61944807,0.76978844,-0.15397954,0
1.3683956,-0.35691559,4.1604257,0.054545444,0.23787288,0.9697634,0
2.1112638,0.013438195,3.9000158,0.054545444,0.23787288,0.9697634,0
-2.0384002,3.2372971,-1.9437578,-0.61944807,0.76978844,-0.15397954,0
0.80093741,-2.687839,2.6357684,-0.78314036,-0.59231925,0.18933837,0
2.0139501,-0.61286855,4.1071286,0.054545444,0.23787288,0.9697634,0
-1.3939813,-0.44055235,0.3040691,-0.78314036,-0.59231925,0.18933837,0
-1.711575,3.9769711,0.15065205,-0.61944807,0.76978844,-0.15397954,0
1.6701868,-3.0402534,4.2586913,0.61944807,-0.76978844,0.15397954,0
1.9298588,-0.19744061,4.0458331,0.054545444,0.23787288,0.9697634,0
2.1878612,-3.1837263,1.6162699,0.61944807,-0.76978844,0.15397954,0
-2.0636711,1.1403733,3.2029665,-0.78314036,-0.59231925,0.18933837,0
0.78371102,1.0383129,3.7644205,0.054545444,0.23787288,0.9697634,0
-0.90955257,-1.771793,-1.6868415,-0.78314036,-0.59231925,0.18933837,0
-0.2206561,-1.6927621,-3.6894817,-0.054545444,-0.23787288,-0.9697634,0
1.1120443,-0.8296411,-3.9844313,-0.054545444,-0.23787288,-0.9697634,0
2.9434018,-2.1968937,-2.1706936,0.78314036,0.59231925,-0.18933837,0
1.7337373,1.1637616,2.9845376,0.78314036,0.59231925,-0.18933837,0
2.8804317,-2.2450047,2.8838444,0.61944807,-0.76978844,0.15397954,0
1.1323491,-0.080915928,-3.9836159,0.78314036,0.59231925,-0.18933837,0
-0.68733573,2.545804,-2.64522,0.78314036,0.59231925,-0.18933837,0
2.0752256,-2.7322176,4.3645115,0.61944807,-0.76978844,0.15397954,0
-2.3649828,3.1540034,-0.77992892,-0.61944807,0.76978844,-0.15397954,0
1.9868592,-3.4150162,0.62095368,0.61944807,-0.76978844,0.15397954,0
3.2967155,-2.1330802,2.2766166,0.61944807,-0.76978844,0.15397954,0
0.21619165,1.0364041,3.940228,0.054545444,0.23787288,0.9697634,0
1.1545246,-4.7985868,-2.3290806,0.61944807,-0.76978844,0.15397954,0
3.3311191,-2.2611847,0.92318237,0.61944807,-0.76978844,0.15397954,0
-2.768209,3.0064378,0.64857566,-0.61944807,0.76978844,-0.15397954,0
1.7385991,0.015126109,-0.91675162,0.78314036,0.59231925,-0.18933837,0
-1.4798284,4.2636371,1.4786472,-0.61944807,0.76978844,-0.15397954,0
-2.1597061,3.7743621,1.7787206,-0.61944807,0.76978844,-0.15397954,0
2.7631161,-2.6277108,-3.6677332,-0.054545444,-0.23787288,-0.9697634,0
0.59527922,1.4989181,3.7821054,0.054545444,0.23787288,0.9697634,0
3.3019385,-2.6246855,-2.1164641,0.78314036,0.59231925,-0.18933837,0
-3.3670514,2.4280829,1.7751553,-0.78314036,-0.59231925,0.18933837,0
-1.4815589,-0.13607061,0.91900754,-0.78314036,-0.59231925,0.18933837,0
0.64565611,-2.1579425,-3.6624994,-0.054545444,-0.23787288,-0.9697634,0
2.8310647,-2.1865847,3.3868108,0.61944807,-0.76978844,0.15397954,0
0.42028904,-2.7876315,1.272097,-0.78314036,-0.59231925,0.18933837,0
-2.4158239,3.3815413,0.84925795,-0.61944807,0.76978844,-0.15397954,0
2.2868266,-2.9369922,1.4529514,0.61944807,-0.76978844,0.15397954,0
-1.4036574,4.5019832,1.6815906,-0.61944807,0.76978844,-0.15397954,0
0.28593117,1.6782169,3.6458712,0.054545444,0.23787288,0.9697634,0
-1.3147198,2.4837582,3.6117506,0.054545444,0.23787288,0.9697634,0
1.0039835,-4.6388474,-2.2901776,-0.78314036,-0.59231925,0.18933837,0
-2.362349,-0.11634326,-4.0135331,-0.054545444,-0.23787288,-0.9697634,0
0.69544697,-3.7817121,-3.1864748,-0.054545444,-0.23787288,-0.9697634,0
2.3104887,-1.0027689,-1.3427366,0.78314036,0.59231925,-0.18933837,0
-3.5412767,1.6884913,-1.0795032,-0.78314036,-0.59231925,0.18933837,0
2.7229125,-2.9084466,-3.6234913,-0.054545444,-0.23787288,-0.9697634,0
-2.6671243,3.6870713,3.1608806,-0.61944807,0.76978844,-0.15397954,0
-2.6658792,3.6270983,2.3048718,-0.61944807,0.76978844,-0.15397954,0
-2.2503657,2.5519834,-3.5227501,-0.61944807,0.76978844,-0.15397954,0
-2.3173485,0.51101685,-0.38114268,-0.78314036,-0.59231925,0.18933837,0
0.2125248,-0.73119593,-3.9849274,-0.054545444,-0.23787288,-0.9697634,0
-0.31105322,2.4094348,3.5027118,0.054545444,0.23787288,0.9697634,0
-1.2473855,4.1714439,-0.038407922,-0.61944807,0.76978844,-0.15397954,0
-1.766423,-0.78728592,-1.9568365,-0.78314036,-0.59231925,0.18933837,0
2.3448596,-1.7960289,-3.5415611,0.78314036,0.59231925,-0.18933837,0
-3.6019173,1.9786845,-1.8315761,-0.61944807,0.76978844,-0.15397954,0
-2.290695,2.8812973,-2.671669,-0.61944807,0.76978844,-0.15397954,0
-3.4658277,2.225044,-1.0615122,-0.61944807,0.76978844,-0.15397954,0
-2.8668101,2.2257979,3.1962581,-0.78314036,-0.59231925,0.18933837,0
1.4392328,-1.7338876,-3.6836267,-0.054545444,-0.23787288,-0.9697634,0
-2.3363984,-0.60271251,-3.7924905,-0.054545444,-0.23787288,-0.9697634,0
-2.7920985,2.7408347,-1.2916317,-0.61944807,0.76978844,-0.15397954,0
0.30723131,-3.8532305,-3.1576872,-0.78314036,-0.59231925,0.18933837,0
-1.4822106,3.8081117,-1.3944902,-0.61944807,0.76978844,-0.15397954,0
-3.5358582,1.4915011,-3.7932005,-0.61944807,0.76978844,-0.15397954,0
-2.7436562,2.6716456,-1.0650507,-0.61944807,0.76978844,-0.15397954,0
2.8668172,-3.308332,-1.7744927,0.61944807,-0.76978844,0.15397954,0
-2.3885007,3.1067314,-0.39813459,-0.61944807,0.76978844,-0.15397954,0
-1.2337606,3.4352384,-2.6027608,0.78314036,0.59231925,-0.18933837,0
1.7046282,-3.1728773,2.657382,0.61944807,-0.76978844,0.15397954,0
2.0326345,0.82968605,3.7511587,0.054545444,0.23787288,0.9697634,0
2.2174602,0.56226081,3.8308077,0.054545444,0.23787288,0.9697634,0
-0.31481111,1.1539774,-4.2896256,-0.054545444,-0.23787288,-0.9697634,0
0.8914125,2.4886961,3.2924347,0.78314036,0.59231925,-0.18933837,0
-1.8503876,4.1184812,2.7042871,-0.61944807,0.76978844,-0.15397954,0
0.87859958,-1.9750595,-3.7839808,-0.054545444,-0.23787288,-0.9697634,0
0.58411825,-0.1365968,4.2144842,0.054545444,0.23787288,0.9697634,0
-1.4202573,4.2446594,0.38554192,-0.61944807,0.76978844,-0.15397954,0
1.9852161,-3.8753009,-1.9005737,0.61944807,-0.76978844,0.15397954,0
1.2331684,-2.6100876,-3.6223493,-0.054545444,-0.23787288,-0.9697634,0
-2.62622,0.83915246,-0.12058622,-0.78314036,-0.59231925,0.18933837,0
1.8102683,-1.9784176,4.5613418,0.054545444,0.23787288,0.9697634,0
-0.27309155,3.3563912,1.1703563,0.78314036,0.59231925,-0.18933837,0
-2.1623652,2.5475996,-4.06988,-0.61944807,0.76978844,-0.15397954,0
1.870708,-3.899925,-1.1647162,0.61944807,-0.76978844,0.15397954,0
-0.10402727,1.8023885,-2.3555694,0.78314036,0.59231925,-0.18933837,0
-0.50155127,0.11031377,-4.1382413,-0.054545444,-0.23787288,-0.9697634,0
1.686821,-3.9796779,-1.262054,0.61944807,-0.76978844,0.15397954,0
0.075789869,2.1600955,3.5479155,0.054545444,0.23787288,0.9697634,0
-2.6062744,0.99839258,0.37729672,-0.78314036,-0.59231925,0.18933837,0
2.6961737,-1.8256824,-2.3720508,0.78314036,0.59231925,-0.18933837,0
2.9574547,-2.0967548,4.2261667,0.61944807,-0.76978844,0.15397954,0
0.33494568,-2.5096905,1.8562875,-0.78314036,-0.59231925,0.18933837,0
-2.3938189,1.7107217,3.337585,-0.78314036,-0.59231925,0.18933837,0
2.053097,-3.4416678,0.81191915,0.61944807,-0.76978844,0.15397954,0
-2.6913457,2.4905212,3.6538053,0.054545444,0.23787288,0.9697634,0
1.0063114,-4.9321308,-2.8436852,-0.78314036,-0.59231925,0.18933837,0
-0.82662231,-1.7615533,-3.6847696,-0.054545444,-0.23787288,-0.9697634,0
-3.0756631,0.667678,-4.0879087,-0.054545444,-0.23787288,-0.9697634,0
1.4496315,-3.099339,4.3398905,0.61944807,-0.76978844,0.15397954,0
-3.7206755,1.6085753,-2.8469412,-0.78314036,-0.59231925,0.18933837,0
2.4167762,-2.7196608,-3.5208578,-0.054545444,-0.23787288,-0.9697634,0
3.5188408,-2.6150997,-1.0196851,0.61944807,-0.76978844,0.15397954,0
-2.4882612,1.2498267,-4.2567325,-0.054545444,-0.23787288,-0.9697634,0
-0.19853288,2.2916775,3.6669574,0.054545444,0.23787288,0.9697634,0
3.0918036,-2.8833666,-3.522254,-0.054545444,-0.23787288,-0.9697634,0
-0.36675286,3.9937541,3.124742,0.054545444,0.23787288,0.9697634,0
1.5935675,-1.795536,4.4887614,0.054545444,0.23787288,0.9697634,0
0.99448276,-3.5799608,0.51571524,-0.78314036,-0.59231925,0.18933837,0
2.7913916,-0.96503222,0.61714798,0.78314036,0.59231925,-0.18933837,0
0.61312079,-4.162806,-3.0899491,-0.054545444,-0.23787288,-0.9697634,0
0.49663979,1.1570735,3.82795,0.054545444,0.23787288,0.9697634,0
0.41360831,-2.3259165,2.0155957,-0.78314036,-0.59231925,0.18933837,0
-1.0082927,2.8451078,-3.0752263,0.78314036,0.59231925,-0.18933837,0
-2.5930128,2.486059,-3.1760473,-0.61944807,0.76978844,-0.15397954,0
1.6999726,-3.2461576,2.8904223,0.61944807,-0.76978844,0.15397954,0
0.15239537,-0.50259554,4.153964,0.054545444,0.23787288,0.9697634,0
2.8669586,-3.212182,-1.0906572,0.61944807,-0.76978844,0.15397954,0
1.4307504,-0.5403204,-3.7146177,0.78314036,0.59231925,-0.18933837,0
0.72902662,-0.12209201,-4.1778145,-0.054545444,-0.23787288,-0.9697634,0
-1.6659734,-0.68214011,-0.65760994,-0.78314036,-0.59231925,0.18933837,0
2.0059166,-3.2769947,1.1323016,0.61944807,-0.76978844,0.15397954,0
-1.0630891,0.64319432,4.0960302,0.054545444,0.23787288,0.9697634,0
-1.6841576,3.2566772,-2.7374477,-0.61944807,0.76978844,-0.15397954,0
-1.4146218,1.85096,3.7154949,0.054545444,0.23787288,0.9697634,0
0.6425513,-0.13364327,-4.0303206,-0.054545444,-0.23787288,-0.9697634,0
-3.2625213,2.0989261,-1.9754115,-0.61944807,0.76978844,-0.15397954,0
-0.84268093,2.1352122,-4.2386546,0.78314036,0.59231925,-0.18933837,0
0.75626266,-1.6136442,-3.6890905,-0.054545444,-0.23787288,-0.9697634,0
-2.500793,3.3287191,0.30581546,-0.61944807,0.76978844,-0.15397954,0
2.0734842,-3.620358,0.12296152,0.61944807,-0.76978844,0.15397954,0
-0.22615194,-0.48232198,4.1600113,0.054545444,0.23787288,0.9697634,0
-2.944706,3.4265678,2.5724823,-0.61944807,0.76978844,-0.15397954,0
-1.0147744,-1.7051173,-1.323616,-0.78314036,-0.59231925,0.18933837,0
-1.8382783,3.5763481,-0.88894361,-0.61944807,0.76978844,-0.15397954,0
-2.5596883,-0.10833323,-3.8958015,-0.054545444,-0.23787288,-0.9697634,0
-1.9666948,3.0810509,-3.2403746,-0.61944807,0.76978844,-0.15397954,0
-0.78149223,4.6315131,3.1174645,0.054545444,0.23787288,0.9697634,0
-0.21092045,-2.4412768,-0.52106774,-0.78314036,-0.59231925,0.18933837,0
-1.1479478,-1.341761,-0.6160872,-0.78314036,-0.59231925,0.18933837,0
2.9722042,-2.4194155,2.2073386,0.61944807,-0.76978844,0.15397954,0
0.010404408,0.42436105,4.0171375,0.054545444,0.23787288,0.9697634,0
0.14142653,-1.8546864,-3.7419481,-0.054545444,-0.23787288,-0.9697634,0
1.9977752,-3.8467054,-3.2051396,-0.054545444,-0.23787288,-0.9697634,0
3.0282311,-1.6148217,-0.59706789,0.78314036,0.59231925,-0.18933837,0
-1.8158665,3.1712918,-3.3715529,-0.61944807,0.76978844,-0.15397954,0
-0.01505208,-2.9713264,-1.4138613,-0.78314036,-0.59231925,0.18933837,0
0.94334769,0.057862043,-3.8610995,0.78314036,0.59231925,-0.18933837,0
-0.94277406,-1.4824888,-0.86923647,-0.78314036,-0.59231925,0.18933837,0
-0.62679654,-0.021058679,-4.1441698,-0.054545444,-0.23787288,-0.9697634,0
0.67317486,-4.3406839,-2.3491228,-0.78314036,-0.59231925,0.18933837,0
0.029065188,-1.3067051,-3.7065454,-0.054545444,-0.23787288,-0.9697634,0
1.1982639,0.68922997,-0.47469401,0.78314036,0.59231925,-0.18933837,0
-3.5721281,2.2238917,-0.78386742,-0.61944807,0.76978844,-0.15397954,0
0.14407885,2.9310508,1.9214256,0.78314036,0.59231925,-0.18933837,0
-2.0553322,3.7095342,1.42872,-0.61944807,0.76978844,-0.15397954,0
-3.4276538,1.9850692,-2.6691937,-0.61944807,0.76978844,-0.15397954,0
-1.3230381,0.38138974,3.4787929,-0.78314036,-0.59231925,0.18933837,0
-3.6935599,1.7139695,-2.8551965,-0.61944807,0.76978844,-0.15397954,0
3.4191957,-2.5553205,-0.87275684,0.61944807,-0.76978844,0.15397954,0
-2.1866636,3.0608337,-1.4808804,-0.61944807,0.76978844,-0.15397954,0
-1.0397758,3.8961368,-0.33199126,0.78314036,0.59231925,-0.18933837,0
0.93938464,1.7729445,1.1384218,0.78314036,0.59231925,-0.18933837,0
1.8020053,-1.4248364,4.3020797,0.054545444,0.23787288,0.9697634,0
-1.9846003,2.8856058,-3.9363825,-0.61944807,0.76978844,-0.15397954,0
-2.5416954,3.658036,3.2743297,0.054545444,0.23787288,0.9697634,0
1.3090761,-4.6237202,-2.9713535,0.61944807,-0.76978844,0.15397954,0
-3.3524191,1.448818,-1.3772628,-0.78314036,-0.59231925,0.18933837,0
1.3063487,-3.448555,-3.4119234,-0.054545444,-0.23787288,-0.9697634,0
-2.9497845,2.013624,-4.3754597,-0.61944807,0.76978844,-0.15397954,0
-0.077014685,2.5818911,-0.3700276,0.78314036,0.59231925,-0.18933837,0
-3.3640325,3.0098109,2.0499716,-0.61944807,0.76978844,-0.15397954,0
1.0487444,-4.5536199,-3.0636687,-0.054545444,-0.23787288,-0.9697634,0
3.5215762,-2.021533,1.5386817,0.61944807,-0.76978844,0.15397954,0
2.9516125,-2.3354003,-3.3987198,0.78314036,0.59231925,-0.18933837,0
-3.0838702,1.9533893,-4.3574333,-0.61944807,0.76978844,-0.15397954,0
1.908164,-2.5135889,-3.565207,-0.054545444,-0.23787288,-0.9697634,0
3.3986444,-1.8863057,2.7192726,0.61944807,-0.76978844,0.15397954,0
0.47906303,-2.7427773,1.006524,-0.78314036,-0.59231925,0.18933837,0
0.31129491,0.93757868,-3.6855383,0.78314036,0.59231925,-0.18933837,0
-3.1350501,1.1656605,-1.7232898,-0.78314036,-0.59231925,0.18933837,0
0.81518435,-0.96047956,-3.8631682,-0.054545444,-0.23787288,-0.9697634,0
-0.91593856,-0.9389888,1.6573635,-0.78314036,-0.59231925,0.18933837,0
1.8449378,-2.2975774,-3.6593633,-0.054545444,-0.23787288,-0.9697634,0
2.0667262,-3.8183646,-1.9101684,0.61944807,-0.76978844,0.15397954,0
1.0301632,1.0568663,-0.078117132,0.78314036,0.59231925,-0.18933837,0
2.9862821,-2.289494,2.633883,0.61944807,-0.76978844,0.15397954,0
-2.2550726,-0.43229008,-3.9646754,-0.054545444,-0.23787288,-0.9697634,0
-1.4990849,-0.090559274,-4.0542121,-0.054545444,-0.23787288,-0.9697634,0
2.0395038,0.23341691,1.5633951,0.78314036,0.59231925,-0.18933837,0
1.2438138,-4.8976111,-3.0319157,-0.054545444,-0.23787288,-0.9697634,0
-0.5292933,1.486752,-4.4075465,-0.054545444,-0.23787288,-0.9697634,0
-2.692471,2.955796,-0.90452975,-0.61944807,0.76978844,-0.15397954,0
-2.9529948,1.2467189,0.078266069,-0.78314036,-0.59231925,0.18933837,0
-0.26314211,2.4597912,-1.5115449,0.78314036,0.59231925,-0.18933837,0
-3.0394948,2.685019,0.25012076,-0.61944807,0.76978844,-0.15397954,0
-1.8477523,3.4697943,-0.96810478,-0.61944807,0.76978844,-0.15397954,0
-0.23489189,1.7203786,-3.6876233,0.78314036,0.59231925,-0.18933837,0
-2.4792383,0.17767262,-1.3853225,-0.78314036,-0.59231925,0.18933837,0
-0.76115489,2.436502,-3.2350464,0.78314036,0.59231925,-0.18933837,0
-3.2084694,1.8760327,-3.7232678,-0.61944807,0.76978844,-0.15397954,0
-2.4457805,-0.37733752,-2.8747687,-0.78314036,-0.59231925,0.18933837,0
-3.2470651,2.9766958,2.0359745,-0.61944807,0.76978844,-0.15397954,0
-3.6824684,1.6349373,-2.6572011,-0.61944807,0.76978844,-0.15397954,0
3.1642268,-2.9692974,-1.9716907,0.61944807,-0.76978844,0.15397954,0
2.4489698,-0.50665385,4.0300288,0.054545444,0.23787288,0.9697634,0
-3.0726974,2.2820971,2.2391894,-0.78314036,-0.59231925,0.18933837,0
-1.3868685,2.5388288,-4.6550369,-0.054545444,-0.23787288,-0.9697634,0
0.82430089,-1.8917899,-3.7106113,-0.054545444,-0.23787288,-0.9697634,0
0.42460394,-3.0532064,-0.37290168,-0.78314036,-0.59231925,0.18933837,0
2.829278,-2.3440304,2.731421,0.61944807,-0.76978844,0.15397954,0
-2.5754657,2.8430033,-1.4401895,-0.61944807,0.76978844,-0.15397954,0
1.2594149,-2.8931713,4.4220066,-0.78314036,-0.59231925,0.18933837,0
3.2564421,-2.2356915,1.7693859,0.61944807,-0.76978844,0.15397954,0
-1.734745,0.44166809,-4.1569343,-0.054545444,-0.23787288,-0.9697634,0
-3.6174858,0.98218417,-4.1931124,-0.054545444,-0.23787288,-0.9697634,0
0.08742094,-1.5876764,2.9902239,-0.78314036,-0.59231925,0.18933837,0
0.46889234,-2.7177734,1.3810812,-0.78314036,-0.59231925,0.18933837,0
-0.39841592,-1.6577408,0.77008122,-0.78314036,-0.59231925,0.18933837,0
3.1562498,-1.9887221,3.67939,0.61944807,-0.76978844,0.15397954,0
-1.2805939,4.7787185,2.8785753,-0.61944807,0.76978844,-0.15397954,0
-2.3861654,1.3666656,2.5113168,-0.78314036,-0.59231925,0.18933837,0
-0.75932956,4.0183697,1.5663309,0.78314036,0.59231925,-0.18933837,0
-0.24119353,-1.5690557,1.5725515,-0.78314036,-0.59231925,0.18933837,0
2.9798665,-3.2659914,-2.1028264,0.61944807,-0.76978844,0.15397954,0
-1.6420346,-1.0263107,-3.7352843,-0.054545444,-0.23787288,-0.9697634,0
-3.1878633,2.5723042,-0.55313635,-0.61944807,0.76978844,-0.15397954,0
1.2426569,0.59467345,3.837965,0.054545444,0.23787288,0.9697634,0
2.6221666,-2.1180182,4.4801803,0.054545444,0.23787288,0.9697634,0
-2.2139587,2.7686949,-3.4865623,-0.61944807,0.76978844,-0.15397954,0
-2.698781,3.1734574,1.3685203,-0.61944807,0.76978844,-0.15397954,0
-2.5391505,2.5109046,-2.8455124,-0.61944807,0.76978844,-0.15397954,0
0.28515023,1.7289718,3.785553,0.054545444,0.23787288,0.9697634,0
0.3444922,-4.0835052,-3.1322904,-0.78314036,-0.59231925,0.18933837,0
-2.2561607,1.4938607,3.326309,-0.78314036,-0.59231925,0.18933837,0
0.30836594,-0.47977734,4.3033009,0.054545444,0.23787288,0.9697634,0
0.81032634,-3.624239,0.12878013,-0.78314036,-0.59231925,0.18933837,0
-0.64440227,-2.3724632,-1.7221098,-0.78314036,-0.59231925,0.18933837,0
3.3199995,-3.034317,-3.1244652,0.61944807,-0.76978844,0.15397954,0
0.19940138,-3.877203,-3.0069947,-0.78314036,-0.59231925,0.18933837,0
0.22124791,-2.0430744,2.9129758,-0.78314036,-0.59231925,0.18933837,0
-1.6900852,3.309628,-2.6877942,-0.61944807,0.76978844,-0.15397954,0
2.8448825,-0.49285704,3.9826891,0.054545444,0.23787288,0.9697634,0
3.2572458,-2.8984699,-3.629745,-0.054545444,-0.23787288,-0.9697634,0
1.2934846,-2.7822938,-3.4811006,-0.054545444,-0.23787288,-0.9697634,0
1.8421967,0.8777805,3.9003811,0.054545444,0.23787288,0.9697634,0
-2.2487426,1.1620165,2.4841201,-0.78314036,-0.59231925,0.18933837,0
1.5065658,1.4668843,2.521966,0.78314036,0.59231925,-0.18933837,0
3.0336583,-0.18114984,4.0978889,0.054545444,0.23787288,0.9697634,0
1.5861607,-4.21593,-1.7206726,0.61944807,-0.76978844,0.15397954,0
-1.1402824,4.5924797,1.893266,-0.61944807,0.76978844,-0.15397954,0
-3.2814903,1.4430766,-4.2952671,-0.054545444,-0.23787288,-0.9697634,0
1.952745,-1.5817387,-3.781044,-0.054545444,-0.23787288,-0.9697634,0
-0.92503095,4.7102337,3.0219679,0.054545444,0.23787288,0.9697634,0
-3.361032,2.2909245,1.0377222,-0.78314036,-0.59231925,0.18933837,0
3.6335893,-2.3761218,0.087325275,0.61944807,-0.76978844,0.15397954,0
-2.6876802,2.7450895,-1.7163241,-0.61944807,0.76978844,-0.15397954,0
-2.932023,3.3563185,3.0288522,-0.61944807,0.76978844,-0.15397954,0
-0.23717058,-3.0688045,-2.9554625,-0.78314036,-0.59231925,0.18933837,0
-2.7673182,3.2204964,1.7264056,-0.61944807,0.76978844,-0.15397954,0
3.0201585,-1.6977007,-0.37468612,0.78314036,0.59231925,-0.18933837,0
2.610816,-3.5045071,-2.4663966,0.61944807,-0.76978844,0.15397954,0
0.11832696,0.0064047575,-4.1270342,-0.054545444,-0.23787288,-0.9697634,0
-0.17648363,2.9005365,3.4391918,0.054545444,0.23787288,0.9697634,0
-3.1283283,3.0803213,2.3894782,-0.61944807,0.76978844,-0.15397954,0
-3.1653943,2.4384181,2.9388487,-0.78314036,-0.59231925,0.18933837,0
-2.4072385,3.5520744,1.0356674,-0.61944807,0.76978844,-0.15397954,0
3.3940101,-2.2105088,1.6698397,0.61944807,-0.76978844,0.15397954,0
-0.8401494,2.4837399,-3.5835962,0.78314036,0.59231925,-0.18933837,0
-2.9584615,2.3282788,3.4110882,-0.78314036,-0.59231925,0.18933837,0
-1.9900547,-0.11354846,-4.0386567,-0.054545444,-0.23787288,-0.9697634,0
1.3081372,1.2718006,1.6568379,0.78314036,0.59231925,-0.18933837,0
-2.0540996,1.439575,3.4732952,-0.78314036,-0.59231925,0.18933837,0
2.6114306,-3.4566097,-2.1231861,0.61944807,-0.76978844,0.15397954,0
0.83994019,-2.3976154,-3.5691319,-0.054545444,-0.23787288,-0.9697634,0
-3.0905666,1.6387831,-4.4434948,-0.054545444,-0.23787288,-0.9697634,0
-2.7555971,3.0814929,-0.10624272,-0.61944807,0.76978844,-0.15397954,0
2.3360302,-3.1294761,1.5426594,0.61944807,-0.76978844,0.15397954,0
2.5102324,-1.3785572,-2.3389874,0.78314036,0.59231925,-0.18933837,0
-2.4523444,3.3554718,0.56947279,-0.61944807,0.76978844,-0.15397954,0
3.4480407,-1.8351231,3.0208473,0.61944807,-0.76978844,0.15397954,0
1.305599,-3.269593,3.6189387,-0.78314036,-0.59231925,0.18933837,0
1.2261293,-2.4373233,4.6889381,0.054545444,0.23787288,0.9697634,0
1.161625,-0.68889689,-3.9486837,-0.054545444,-0.23787288,-0.9697634,0
-1.3793664,3.6424489,-1.9238032,-0.61944807,0.76978844,-0.15397954,0
-2.2626338,2.9263415,-2.8611808,-0.61944807,0.76978844,-0.15397954,0
-2.3464537,2.4320903,-4.1093979,-0.61944807,0.76978844,-0.15397954,0
-2.4675801,2.4163291,-3.3760543,-0.61944807,0.76978844,-0.15397954,0
2.32688,-0.80133557,4.2076931,0.054545444,0.23787288,0.9697634,0
3.3666091,-1.7657726,0.6672616,0.78314036,0.59231925,-0.18933837,0
-2.4420485,3.5919452,1.8450162,-0.61944807,0.76978844,-0.15397954,0
-1.627473,3.330251,3.338129,0.054545444,0.23787288,0.9697634,0
2.538682,-0.71102583,4.2329612,0.054545444,0.23787288,0.9697634,0
-1.0522773,2.5069852,-4.4376898,0.78314036,0.59231925,-0.18933837,0
-3.4576116,2.0509326,-0.26161683,-0.78314036,-0.59231925,0.18933837,0
3.4429996,-2.463398,-1.3700713,0.78314036,0.59231925,-0.18933837,0
3.720773,-2.0357223,1.1101971,0.61944807,-0.76978844,0.15397954,0
2.6615043,-0.12514973,3.1911099,0.78314036,0.59231925,-0.18933837,0
3.0507774,-2.5517735,-3.6595283,0.78314036,0.59231925,-0.18933837,0
-3.2321625,2.3506422,-0.72170889,-0.61944807,0.76978844,-0.15397954,0
1.7241277,-1.8806221,4.5400715,0.054545444,0.23787288,0.9697634,0
3.0293341,-2.2846434,2.3466849,0.61944807,-0.76978844,0.15397954,0
-0.77026308,-1.2198653,0.70784599,-0.78314036,-0.59231925,0.18933837,0
-1.5434551,1.3375856,-4.3613501,-0.054545444,-0.23787288,-0.9697634,0
-0.24001825,0.18017673,-4.0915813,-0.054545444,-0.23787288,-0.9697634,0
-0.045165777,0.92117453,-4.2791004,-0.054545444,-0.23787288,-0.9697634,0
-2.682148,0.91679531,-0.11451571,-0.78314036,-0.59231925,0.18933837,0
-1.9748147,3.9691193,2.2916386,-0.61944807,0.76978844,-0.15397954,0
-3.4775207,2.1600661,-1.0213605,-0.61944807,0.76978844,-0.15397954,0
-3.4319763,1.6772125,-3.9277236,-0.61944807,0.76978844,-0.15397954,0
-1.1241198,3.6796012,-1.3269991,0.78314036,0.59231925,-0.18933837,0
-0.26304126,-2.9169309,-2.3449326,-0.78314036,-0.59231925,0.18933837,0
1.338506,-4.508646,-2.5824132,0.61944807,-0.76978844,0.15397954,0
-1.272342,4.7997465,2.5012813,-0.61944807,0.76978844,-0.15397954,0
-3.0352776,2.6852653,-0.28429091,-0.61944807,0.76978844,-0.15397954,0
2.4271975,0.30289379,3.9530206,0.054545444,0.23787288,0.9697634,0
-1.6218404,4.3760347,2.9027891,-0.61944807,0.76978844,-0.15397954,0
0.40772438,1.4979625,3.8222337,0.054545444,0.23787288,0.9697634,0
3.2950165,-0.92831683,3.2418828,0.78314036,0.59231925,-0.18933837,0
0.25851652,0.87529105,3.8560693,0.054545444,0.23787288,0.9697634,0
0.51445723,-2.7244959,1.1440151,-0.78314036,-0.59231925,0.18933837,0
-1.3977752,4.6422949,2.4238157,-0.61944807,0.76978844,-0.15397954,0
0.97160083,1.9957595,2.6436174,0.78314036,0.59231925,-0.18933837,0
-0.84050381,2.193655,3.652915,0.054545444,0.23787288,0.9697634,0
-2.6864078,2.486326,3.5708907,0.054545444,0.23787288,0.9697634,0
-2.8722806,2.3074379,-2.7724626,-0.61944807,0.76978844,-0.15397954,0
-2.5301006,3.7677217,3.0348473,-0.61944807,0.76978844,-0.15397954,0
2.6966558,-2.8021088,0.80471796,0.61944807,-0.76978844,0.15397954,0
-0.18293804,1.1170565,3.8735495,0.054545444,0.23787288,0.9697634,0
2.4094603,-3.2627542,0.17469215,0.61944807,-0.76978844,0.15397954,0
3.3694623,-1.6539733,4.0146289,0.61944807,-0.76978844,0.15397954,0
-0.80006123,1.6531041,-4.5556903,-0.054545444,-0.23787288,-0.9697634,0
2.1599612,-2.6094697,-3.6358204,-0.054545444,-0.23787288,-0.9697634,0
2.9549797,-2.9640176,-3.6103659,-0.054545444,-0.23787288,-0.9697634,0
-1.1181979,4.2251034,0.85350084,0.78314036,0.59231925,-0.18933837,0
2.9082785,-2.645201,0.61514699,0.61944807,-0.76978844,0.15397954,0
2.3702135,-3.889713,-3.2315297,-0.054545444,-0.23787288,-0.9697634,0
0.34718418,-1.5160167,4.5629377,0.054545444,0.23787288,0.9697634,0
0.40688491,-1.6685245,4.3633571,-0.78314036,-0.59231925,0.18933837,0
0.85485756,-1.396839,-3.9311123,-0.054545444,-0.23787288,-0.9697634,0
0.020071447,-0.27420688,-4.1538315,-0.054545444,-0.23787288,-0.9697634,0
-0.14608431,1.5937259,-4.0658059,0.78314036,0.59231925,-0.18933837,0
1.7497311,1.2939916,3.2646496,0.78314036,0.59231925,-0.18933837,0
1.5936823,-3.6562762,1.0767736,0.61944807,-0.76978844,0.15397954,0
1.9550967,-3.6933794,0.23457855,0.61944807,-0.76978844,0.15397954,0
-2.5784612,1.1964401,1.096904,-0.78314036,-0.59231925,0.18933837,0
-2.4025452,1.3975921,2.17223,-0.78314036,-0.59231925,0.18933837,0
-1.0134785,-1.9033178,-1.9072497,-0.78314036,-0.59231925,0.18933837,0
-2.8821764,2.2581408,3.0151253,-0.78314036,-0.59231925,0.18933837,0
-3.0971372,2.17612,1.4334253,-0.78314036,-0.59231925,0.18933837,0
1.8794441,-2.5106401,4.6533513,0.054545444,0.23787288,0.9697634,0
-2.2713623,2.994072,-1.8633561,-0.61944807,0.76978844,-0.15397954,0
3.3927629,-1.9183528,0.032341927,0.78314036,0.59231925,-0.18933837,0
-2.5825219,2.9846854,-0.24486017,-0.61944807,0.76978844,-0.15397954,0
1.6147444,-4.5171819,-2.9198418,0.61944807,-0.76978844,0.15397954,0
2.7742472,-2.2576168,-3.6672771,-0.054545444,-0.23787288,-0.9697634,0
-0.4182618,-0.96291107,-3.7846143,-0.054545444,-0.23787288,-0.9697634,0
2.5662825,0.3171432,3.4322853,0.78314036,0.59231925,-0.18933837,0
-1.1782296,4.7674384,2.4623246,-0.61944807,0.76978844,-0.15397954,0
-0.35011244,3.6829047,3.1554041,0.054545444,0.23787288,0.9697634,0
-2.5617206,3.1401119,3.3961415,0.054545444,0.23787288,0.9697634,0
1.6265559,0.27317882,-0.1059559,0.78314036,0.59231925,-0.18933837,0
-3.0805237,3.1009345,1.6536715,-0.61944807,0.76978844,-0.15397954,0
-0.86006588,-0.1769464,-3.9947515,-0.054545444,-0.23787288,-0.9697634,0
-1.0224936,3.679311,-0.80371863,0.78314036,0.59231925,-0.18933837,0
-2.840853,2.8780971,0.33239198,-0.61944807,0.76978844,-0.15397954,0
1.4026103,1.4343261,2.5263288,0.78314036,0.59231925,-0.18933837,0
1.3556064,-3.5163646,-3.2502518,-0.054545444,-0.23787288,-0.9697634,0
2.5885787,-1.7814651,4.4782419,0.054545444,0.23787288,0.9697634,0
3.6541591,-1.4931303,2.1350694,0.78314036,0.59231925,-0.18933837,0
3.2996316,-2.1063673,2.3107662,0.61944807,-0.76978844,0.15397954,0
