1.3278599,1.6632917,-2.2748613,-0.42691293,0.54451764,-0.72197366,0
-3.9536757,-0.31976128,-0.777915,-0.42691293,0.54451764,-0.72197366,0
-2.415688,-2.5625939,2.0093782,-0.90384436,-0.28207803,0.32171035,0
-3.9820659,-0.58313411,-0.59602237,-0.90384436,-0.28207803,0.32171035,0
-2.1092513,-2.8661952,0.38191104,0.028476,-0.7898941,-0.61258185,0
-1.3653687,-2.0062933,1.9359759,0.42691293,-0.54451764,0.72197366,0
-3.0913358,1.2039213,1.7011011,-0.028476,0.7898941,0.61258185,0
3.2147701,0.43666738,-1.6362014,0.90384436,0.28207803,-0.32171035,0
-3.0454097,-1.4223423,-1.6274667,0.028476,-0.7898941,-0.61258185,0
-0.2651782,1.5961819,1.2143015,-0.028476,0.7898941,0.61258185,0
-1.8187157,1.683001,0.97490525,-0.028476,0.7898941,0.61258185,0
3.3849568,-0.50915074,-1.8506448,0.90384436,0.28207803,-0.32171035,0
1.8905441,0.19357848,-3.2869711,0.028476,-0.7898941,-0.61258185,0
-3.3423605,0.72368383,2.2813129,-0.028476,0.7898941,0.61258185,0
0.44202167,0.56172371,-2.5228462,-0.42691293,0.54451764,-0.72197366,0
-3.8410239,-1.5698484,-1.1746635,-0.90384436,-0.28207803,0.32171035,0
-0.28222418,-1.9877937,-0.82603109,0.028476,-0.7898941,-0.61258185,0
-0.60065103,0.29188061,-2.2966728,-0.42691293,0.54451764,-0.72197366,0
-3.7469506,0.88937986,0.88080335,-0.90384436,-0.28207803,0.32171035,0
-2.7150145,1.572503,1.0785346,-0.028476,0.7898941,0.61258185,0
-2.2304468,-3.2372615,1.6031563,0.42691293,-0.54451764,0.72197366,0
-3.9882236,1.2309113,0.55503273,-0.90384436,-0.28207803,0.32171035,0
-4.0756655,0.77059275,0.31769609,-0.90384436,-0.28207803,0.32171035,0
2.240025,3.3320897,-1.6100574,-0.42691293,0.54451764,-0.72197366,0
-2.5900948,-2.9509776,1.2816811,-0.90384436,-0.28207803,0.32171035,0
-1.0902882,-0.80797029,2.684684,0.42691293,-0.54451764,0.72197366,0
-3.3068023,-0.22409517,1.4185512,-0.90384436,-0.28207803,0.32171035,0
-0.94955063,-2.4226329,1.448504,0.42691293,-0.54451764,0.72197366,0
3.2263718,-0.47003376,-2.4424577,0.90384436,0.28207803,-0.32171035,0
2.0270522,2.431102,-2.1279318,-0.42691293,0.54451764,-0.72197366,0
-2.0187058,-1.9508172,-0.9645443,0.028476,-0.7898941,-0.61258185,0
3.2003429,2.2468586,0.38277388,-0.028476,0.7898941,0.61258185,0
2.3213916,0.87238789,-3.4739921,0.90384436,0.28207803,-0.32171035,0
-0.3569797,-0.83204174,2.2186453,0.42691293,-0.54451764,0.72197366,0
-2.5641916,-3.2561004,0.91770053,-0.90384436,-0.28207803,0.32171035,0
2.147388,-1.8164139,-0.89893532,0.028476,-0.7898941,-0.61258185,0
-3.0315309,-0.87228048,1.5910642,-0.90384436,-0.28207803,0.32171035,0
0.063304067,0.41443872,-2.3590536,-0.42691293,0.54451764,-0.72197366,0
0.32961094,-0.89113867,-1.9647255,0.028476,-0.7898941,-0.61258185,0
3.3174319,1.5390356,-0.20001388,0.90384436,0.28207803,-0.32171035,0
-1.7274975,1.3164153,1.3245938,-0.028476,0.7898941,0.61258185,0
-2.6176553,-2.6514065,1.216619,-0.90384436,-0.28207803,0.32171035,0
2.0498917,1.0362861,2.088253,-0.028476,0.7898941,0.61258185,0
-2.2824824,-1.0754652,3.3782449,0.42691293,-0.54451764,0.72197366,0
1.2679608,2.8585975,-1.2838787,-0.42691293,0.54451764,-0.72197366,0
3.1677253,-0.48477495,-2.1965826,0.90384436,0.28207803,-0.32171035,0
-1.879252,2.1536555,0.30175018,-0.028476,0.7898941,0.61258185,0
-2.8727036,0.16299212,2.880743,-0.028476,0.7898941,0.61258185,0
-1.6310403,-3.4271557,1.0782015,0.42691293,-0.54451764,0.72197366,0
2.1994343,-2.1206689,-0.12610507,0.42691293,-0.54451764,0.72197366,0
1.2318304,-1.134768,1.2274803,0.42691293,-0.54451764,0.72197366,0
0.21791351,0.00040626526,-2.9668798,-0.42691293,0.54451764,-0.72197366,0
3.8297944,-1.5590932,-1.1390157,0.028476,-0.7898941,-0.61258185,0
-0.76081073,-1.4619777,-1.3637908,0.028476,-0.7898941,-0.61258185,0
1.5443697,1.5353001,1.2605023,-0.028476,0.7898941,0.61258185,0
1.8465264,0.57894313,2.1682501,0.42691293,-0.54451764,0.72197366,0
-0.51032746,-2.0825465,-0.590828,0.028476,-0.7898941,-0.61258185,0
3.3523622,-0.13527286,-1.7999194,0.90384436,0.28207803,-0.32171035,0
2.8025103,0.10533071,-3.032161,0.90384436,0.28207803,-0.32171035,0
2.8794627,0.36211503,-2.218003,0.90384436,0.28207803,-0.32171035,0
-2.0024099,-3.2095993,1.4900978,0.42691293,-0.54451764,0.72197366,0
2.8783762,0.39650905,-2.2544215,0.90384436,0.28207803,-0.32171035,0
-3.3785968,-0.35446835,0.87874365,-0.90384436,-0.28207803,0.32171035,0
2.4032505,-1.0061612,-1.7581484,0.028476,-0.7898941,-0.61258185,0
3.4780228,0.32542127,-0.5863266,0.90384436,0.28207803,-0.32171035,0
2.662854,1.9017124,-1.7646232,0.90384436,0.28207803,-0.32171035,0
-2.7466147,-1.3756328,1.9477148,-0.90384436,-0.28207803,0.32171035,0
-3.3699384,-0.48878717,-1.0119615,-0.42691293,0.54451764,-0.72197366,0
-2.5721147,-2.5691566,-0.15079784,0.028476,-0.7898941,-0.61258185,0
0.31660998,2.531359,-0.99353361,-0.42691293,0.54451764,-0.72197366,0
3.3272333,1.1318641,-0.26211047,0.90384436,0.28207803,-0.32171035,0
0.47444737,2.1581089,0.39776263,-0.028476,0.7898941,0.61258185,0
3.343554,2.4049795,0.41076875,-0.028476,0.7898941,0.61258185,0
1.1696604,-0.69416451,1.6585796,0.42691293,-0.54451764,0.72197366,0
-2.8202496,-0.96162021,2.1551464,-0.90384436,-0.28207803,0.32171035,0
-3.5345738,1.2235174,0.29490519,-0.42691293,0.54451764,-0.72197366,0
-3.9535704,-1.1847385,-1.2120283,-0.90384436,-0.28207803,0.32171035,0
-2.1591251,-3.5591061,1.2071609,0.028476,-0.7898941,-0.61258185,0
1.4840975,0.2958591,-3.4257743,0.028476,-0.7898941,-0.61258185,0
0.20189309,-2.7507787,0.32042983,0.028476,-0.7898941,-0.61258185,0
-0.16615701,-2.2246106,-0.53660446,0.028476,-0.7898941,-0.61258185,0
-1.0148107,-0.59158134,2.937454,0.42691293,-0.54451764,0.72197366,0
-3.2659128,-2.4887991,-0.28102374,-0.90384436,-0.28207803,0.32171035,0
-1.3383272,0.087584496,3.0431397,-0.028476,0.7898941,0.61258185,0
0.4660306,-1.9570527,-0.72503495,0.028476,-0.7898941,-0.61258185,0
-0.58242977,-1.2371895,-1.6972347,0.028476,-0.7898941,-0.61258185,0
-3.6088645,-1.7671032,-1.0488694,0.028476,-0.7898941,-0.61258185,0
-0.54669291,0.41945362,-2.1268392,-0.42691293,0.54451764,-0.72197366,0
3.9071026,-1.4118726,-1.2808552,0.90384436,0.28207803,-0.32171035,0
3.1122394,0.93902397,-1.4407356,0.90384436,0.28207803,-0.32171035,0
-3.9022453,-1.4229817,-1.5318785,-0.42691293,0.54451764,-0.72197366,0
-2.8897076,-2.4139333,0.57274747,-0.90384436,-0.28207803,0.32171035,0
1.8399742,2.810678,-0.20076442,-0.028476,0.7898941,0.61258185,0
-3.3854985,0.67920399,1.7973859,-0.90384436,-0.28207803,0.32171035,0
2.6430068,2.2176681,-1.3036888,0.90384436,0.28207803,-0.32171035,0
-1.4780236,0.28985155,2.8164732,-0.028476,0.7898941,0.61258185,0
1.2191267,2.8168812,-1.3820052,-0.42691293,0.54451764,-0.72197366,0
-2.2507906,-1.6088667,2.841614,0.42691293,-0.54451764,0.72197366,0
1.9926641,0.59994245,-3.4462948,-0.42691293,0.54451764,-0.72197366,0
2.2532434,-2.1850891,-0.13158321,0.42691293,-0.54451764,0.72197366,0
3.0752127,0.33670104,-2.0322397,0.90384436,0.28207803,-0.32171035,0
0.17783666,-1.8196281,-0.87191367,0.028476,-0.7898941,-0.61258185,0
-3.0373492,-1.8674951,0.48129582,-0.90384436,-0.28207803,0.32171035,0
-2.4325984,-1.7464681,2.4457467,-0.90384436,-0.28207803,0.32171035,0
3.3404212,1.5938605,-0.043198109,0.90384436,0.28207803,-0.32171035,0
1.009196,-1.2024611,-1.8010532,0.028476,-0.7898941,-0.61258185,0
-3.2289894,-2.2401752,-0.62111211,0.028476,-0.7898941,-0.61258185,0
-1.0359967,1.7103227,1.0647181,-0.028476,0.7898941,0.61258185,0
2.5768902,0.81226206,-2.8857219,0.90384436,0.28207803,-0.32171035,0
-2.4458923,-0.9101764,-2.1181557,-0.42691293,0.54451764,-0.72197366,0
-1.1204137,-2.7627943,0.33654475,0.028476,-0.7898941,-0.61258185,0
-1.8581092,-1.6401756,2.7234595,0.42691293,-0.54451764,0.72197366,0
2.8152218,2.7530069,-0.31853104,0.90384436,0.28207803,-0.32171035,0
-3.3453159,-1.6783471,-0.25360274,-0.90384436,-0.28207803,0.32171035,0
1.7286683,2.4349835,-1.9892821,-0.42691293,0.54451764,-0.72197366,0
2.9950521,-0.47598064,0.57634807,0.42691293,-0.54451764,0.72197366,0
-3.4717581,-0.76144171,0.66009116,-0.90384436,-0.28207803,0.32171035,0
-3.6577263,-1.7158428,-1.0648568,-0.90384436,-0.28207803,0.32171035,0
3.5512671,-1.4338939,-0.38566589,0.42691293,-0.54451764,0.72197366,0
-1.7316298,-2.1328876,-0.54430485,0.028476,-0.7898941,-0.61258185,0
-2.5900404,0.58504325,2.398946,-0.028476,0.7898941,0.61258185,0
1.0589322,2.0348172,-1.836828,-0.42691293,0.54451764,-0.72197366,0
0.83497036,-0.78321862,1.8149199,0.42691293,-0.54451764,0.72197366,0
0.27450651,-1.3725474,1.5063096,0.42691293,-0.54451764,0.72197366,0
3.0362482,2.4960709,0.067073345,0.90384436,0.28207803,-0.32171035,0
3.5419216,-0.083803326,-0.94566536,0.90384436,0.28207803,-0.32171035,0
-2.1130137,-3.3253436,1.5698445,0.42691293,-0.54451764,0.72197366,0
-3.7325935,-0.4742291,0.18138909,-0.90384436,-0.28207803,0.32171035,0
0.16190088,-0.30816817,-2.7597742,0.028476,-0.7898941,-0.61258185,0
3.7438412,0.99861133,0.50184226,0.90384436,0.28207803,-0.32171035,0
1.4925394,0.19753218,-3.5744109,0.028476,-0.7898941,-0.61258185,0
-2.5576372,-2.113019,1.8101449,-0.90384436,-0.28207803,0.32171035,0
-2.1217792,-3.0691316,1.654556,0.42691293,-0.54451764,0.72197366,0
0.14568734,-2.1777506,-0.56271648,0.028476,-0.7898941,-0.61258185,0
2.1455133,-0.3666333,-2.5571265,0.028476,-0.7898941,-0.61258185,0
4.0732126,-1.5225223,-1.0715427,0.90384436,0.28207803,-0.32171035,0
-0.0064512193,-0.7332716,2.1413231,0.42691293,-0.54451764,0.72197366,0
2.4360392,1.4672318,-2.6663334,0.90384436,0.28207803,-0.32171035,0
-3.0240912,-1.9003775,-1.014744,0.028476,-0.7898941,-0.61258185,0
3.8524811,-0.068285346,-0.11782265,0.90384436,0.28207803,-0.32171035,0
0.94137102,-0.092409372,2.0312819,0.42691293,-0.54451764,0.72197366,0
-1.8932226,-0.5330652,-1.9232874,-0.42691293,0.54451764,-0.72197366,0
3.9125309,-0.30926198,-0.23790312,0.90384436,0.28207803,-0.32171035,0
-2.5222702,-1.3186786,2.7628796,-0.90384436,-0.28207803,0.32171035,0
-2.7805676,-1.8928875,1.647414,-0.90384436,-0.28207803,0.32171035,0
1.6017876,3.3069685,-1.3188717,-0.42691293,0.54451764,-0.72197366,0
-3.8365092,-0.69452584,-0.25118566,-0.90384436,-0.28207803,0.32171035,0
-1.1033108,0.60176694,-1.5551629,-0.42691293,0.54451764,-0.72197366,0
1.8999705,2.8091733,-1.7049487,-0.42691293,0.54451764,-0.72197366,0
-1.413933,-1.5806463,-1.3043481,0.028476,-0.7898941,-0.61258185,0
3.0135243,1.8830967,0.97437263,-0.028476,0.7898941,0.61258185,0
0.48929733,-1.5755897,1.3927034,0.42691293,-0.54451764,0.72197366,0
2.2487612,0.42132664,1.83269,0.42691293,-0.54451764,0.72197366,0
0.17925096,-1.986903,1.2262623,0.42691293,-0.54451764,0.72197366,0
-0.40900469,1.6054932,1.1950896,-0.028476,0.7898941,0.61258185,0
-4.0161047,-0.043826699,-0.29893756,-0.42691293,0.54451764,-0.72197366,0
-2.955605,-1.4209543,1.3296053,-0.90384436,-0.28207803,0.32171035,0
2.8742681,2.0780833,-0.75415802,0.90384436,0.28207803,-0.32171035,0
3.0251768,0.69065678,-1.5590808,0.90384436,0.28207803,-0.32171035,0
-0.24558544,-0.2432425,-2.7873249,-0.42691293,0.54451764,-0.72197366,0
2.4101915,0.22130156,-3.2906356,0.028476,-0.7898941,-0.61258185,0
-1.2949343,2.1531346,0.53813016,-0.028476,0.7898941,0.61258185,0
-1.3990463,1.0311778,1.9358561,-0.028476,0.7898941,0.61258185,0
0.4970082,2.1913273,0.38702115,-0.028476,0.7898941,0.61258185,0
0.35212767,-0.79518723,1.9246165,0.42691293,-0.54451764,0.72197366,0
-2.7877624,1.2517686,1.5058467,-0.028476,0.7898941,0.61258185,0
2.3687673,2.5018578,0.23875499,-0.028476,0.7898941,0.61258185,0
1.7439344,-0.34209192,1.4364324,0.42691293,-0.54451764,0.72197366,0
0.022982359,2.4833863,0.0367136,-0.028476,0.7898941,0.61258185,0
1.7476218,1.0563233,1.8935022,-0.028476,0.7898941,0.61258185,0
-1.585094,0.37134469,-1.4635545,-0.42691293,0.54451764,-0.72197366,0
-1.5822253,-2.7929568,1.7314553,0.42691293,-0.54451764,0.72197366,0
-3.3791099,1.2545111,1.5580142,-0.028476,0.7898941,0.61258185,0
0.35828316,1.5165398,1.3614559,-0.028476,0.7898941,0.61258185,0
3.7620602,1.1215752,0.52234149,0.90384436,0.28207803,-0.32171035,0
-1.4851527,-2.6906211,1.6302414,0.42691293,-0.54451764,0.72197366,0
-3.2283201,0.63430834,-0.36932755,-0.42691293,0.54451764,-0.72197366,0
2.808476,1.7196783,-1.2475324,0.90384436,0.28207803,-0.32171035,0
3.5499377,0.017082766,-0.98373365,0.90384436,0.28207803,-0.32171035,0
-3.2648182,-0.65846294,1.1681213,-0.90384436,-0.28207803,0.32171035,0
0.45912516,2.3953671,0.24281749,-0.028476,0.7898941,0.61258185,0
0.96029973,1.5146825,-2.0623589,-0.42691293,0.54451764,-0.72197366,0
3.5097797,-1.7005334,-1.0154545,0.028476,-0.7898941,-0.61258185,0
-0.49309206,0.45482087,-2.2352185,-0.42691293,0.54451764,-0.72197366,0
-1.9518199,-3.5011139,1.3775775,0.42691293,-0.54451764,0.72197366,0
-2.0601416,-1.863266,-1.0725274,0.028476,-0.7898941,-0.61258185,0
-2.743048,-1.2838588,1.9111104,-0.90384436,-0.28207803,0.32171035,0
1.6568304,-2.0665922,0.17238259,0.42691293,-0.54451764,0.72197366,0
1.5697713,1.8065948,0.91327107,-0.028476,0.7898941,0.61258185,0
2.1947088,0.0087983608,-3.1044104,0.028476,-0.7898941,-0.61258185,0
-2.0712242,0.30562484,2.8901706,-0.028476,0.7898941,0.61258185,0
-2.7101402,-2.1777587,1.0502896,-0.90384436,-0.28207803,0.32171035,0
-1.7376468,-0.8831358,3.0539851,0.42691293,-0.54451764,0.72197366,0
3.530381,1.7398512,1.1607597,-0.028476,0.7898941,0.61258185,0
2.2799368,0.1485554,1.5272542,0.42691293,-0.54451764,0.72197366,0
0.5149852,0.15642118,-2.826736,-0.42691293,0.54451764,-0.72197366,0
1.2021596,0.44179344,-3.020761,-0.42691293,0.54451764,-0.72197366,0
-2.3352232,-2.0648603,2.66185,0.42691293,-0.54451764,0.72197366,0
-3.8826785,-0.34355795,-0.1254282,-0.90384436,-0.28207803,0.32171035,0
2.1797433,0.045283556,-3.182725,0.028476,-0.7898941,-0.61258185,0
3.2140377,0.37424016,-1.5162973,0.90384436,0.28207803,-0.32171035,0
0.7275995,1.4949903,1.4333141,-0.028476,0.7898941,0.61258185,0
-3.4086902,0.2168175,-0.59985542,-0.42691293,0.54451764,-0.72197366,0
-0.79192793,-2.8578086,0.28021884,0.028476,-0.7898941,-0.61258185,0
2.9342494,0.22090089,-2.5506713,0.90384436,0.28207803,-0.32171035,0
-3.3456385,-2.2796862,-0.57322192,0.028476,-0.7898941,-0.61258185,0
2.3914874,1.9529362,-2.5102301,0.90384436,0.28207803,-0.32171035,0
-3.467284,-1.4677758,-1.3935899,0.028476,-0.7898941,-0.61258185,0
3.0363703,-0.32229006,-2.7136483,0.90384436,0.28207803,-0.32171035,0
2.625145,-0.38811934,1.0215763,0.42691293,-0.54451764,0.72197366,0
2.5696819,-0.99699992,-1.9640665,0.028476,-0.7898941,-0.61258185,0
-3.1918602,-2.5193555,-0.11425757,0.028476,-0.7898941,-0.61258185,0
2.6566205,1.8304701,-1.6065593,0.90384436,0.28207803,-0.32171035,0
-3.6933618,-0.99815571,-0.31029868,-0.90384436,-0.28207803,0.32171035,0
-2.3639841,-1.8151746,2.4539173,-0.90384436,-0.28207803,0.32171035,0
-1.8355045,-0.21700752,-1.8802934,-0.42691293,0.54451764,-0.72197366,0
1.3779924,-2.498466,0.041306734,0.028476,-0.7898941,-0.61258185,0
3.6260312,1.1602336,1.4199425,0.42691293,-0.54451764,0.72197366,0
0.87942147,0.17627311,-3.2207499,-0.42691293,0.54451764,-0.72197366,0
0.38484609,-0.48016155,-2.5565152,0.028476,-0.7898941,-0.61258185,0
-2.5748494,-0.41711092,3.4281518,-0.90384436,-0.28207803,0.32171035,0
-1.5070196,1.0267276,1.8939655,-0.028476,0.7898941,0.61258185,0
2.5093639,1.3829365,1.7174358,-0.028476,0.7898941,0.61258185,0
-2.0698471,-3.5601718,1.2765048,0.42691293,-0.54451764,0.72197366,0
0.48117876,-2.3427801,0.81796557,0.42691293,-0.54451764,0.72197366,0
-3.1499248,0.029566646,-0.95025313,-0.42691293,0.54451764,-0.72197366,0
2.271791,-1.3983729,0.46276009,0.42691293,-0.54451764,0.72197366,0
2.1148643,0.08198297,1.611029,0.42691293,-0.54451764,0.72197366,0
1.4136689,0.62326825,2.2893906,0.42691293,-0.54451764,0.72197366,0
2.5807173,1.336242,-2.7492321,0.90384436,0.28207803,-0.32171035,0
-0.094569743,-0.42375803,2.4263701,0.42691293,-0.54451764,0.72197366,0
3.092381,1.4297055,1.5989789,-0.028476,0.7898941,0.61258185,0
0.39794624,-0.67049789,1.9757752,0.42691293,-0.54451764,0.72197366,0
-4.1157017,1.3518682,0.75392771,-0.90384436,-0.28207803,0.32171035,0
-0.42157745,1.3000573,1.5260532,-0.028476,0.7898941,0.61258185,0
-0.41072071,-1.7516378,-0.96190906,0.028476,-0.7898941,-0.61258185,0
3.2633998,-0.18217629,-1.7990663,0.90384436,0.28207803,-0.32171035,0
2.4285376,1.0141268,-3.0912623,0.90384436,0.28207803,-0.32171035,0
-2.0392089,2.1954684,0.30844736,-0.028476,0.7898941,0.61258185,0
-0.37571013,-1.9544203,-0.62378162,0.028476,-0.7898941,-0.61258185,0
3.1733046,-1.0015482,0.27462697,0.42691293,-0.54451764,0.72197366,0
-3.4984846,-1.3052418,0.14530277,-0.90384436,-0.28207803,0.32171035,0
-1.1253594,-1.6885493,-1.1074607,0.028476,-0.7898941,-0.61258185,0
0.82530558,-0.4018172,-2.7810347,0.028476,-0.7898941,-0.61258185,0
0.31544995,-0.31942058,-2.8195007,0.028476,-0.7898941,-0.61258185,0
3.9339952,0.26070899,0.15142274,0.90384436,0.28207803,-0.32171035,0
-0.91887128,-2.8504443,1.0996397,0.42691293,-0.54451764,0.72197366,0
-3.3148198,1.3151096,0.15316463,-0.42691293,0.54451764,-0.72197366,0
3.97821,-0.60123515,0.0062832832,0.42691293,-0.54451764,0.72197366,0
-3.0706964,-0.13118696,2.1083477,-0.90384436,-0.28207803,0.32171035,0
-1.7979538,-2.6642959,1.6888664,0.42691293,-0.54451764,0.72197366,0
-2.7746868,-0.078039527,2.7111399,-0.90384436,-0.28207803,0.32171035,0
3.5702989,0.39230382,-0.30794072,0.90384436,0.28207803,-0.32171035,0
0.5103755,-1.7228073,-1.1464462,0.028476,-0.7898941,-0.61258185,0
-3.9897203,1.1269782,0.48260927,-0.42691293,0.54451764,-0.72197366,0
0.0038787127,0.11049819,-2.7077734,-0.42691293,0.54451764,-0.72197366,0
-0.4856075,1.770422,-1.2490931,-0.42691293,0.54451764,-0.72197366,0
-1.9524978,-1.6046177,-1.1423856,0.028476,-0.7898941,-0.61258185,0
-2.7351842,0.19580066,2.9448915,-0.028476,0.7898941,0.61258185,0
3.1703706,0.80918294,-1.0665433,0.90384436,0.28207803,-0.32171035,0
-3.5253794,-0.57312864,0.34368229,-0.90384436,-0.28207803,0.32171035,0
-0.33605492,0.7296589,2.1773653,-0.028476,0.7898941,0.61258185,0
3.7858763,-1.2375798,-1.2620416,0.90384436,0.28207803,-0.32171035,0
-3.0718915,-1.5774119,-1.369759,0.028476,-0.7898941,-0.61258185,0
-0.60400617,-2.3016562,-0.25094065,0.028476,-0.7898941,-0.61258185,0
0.7242431,-0.012063742,2.4099064,0.42691293,-0.54451764,0.72197366,0
-0.35664749,1.9577724,0.65132952,-0.028476,0.7898941,0.61258185,0
3.1106234,0.26589406,-1.8851564,0.90384436,0.28207803,-0.32171035,0
1.3521836,-0.04015398,1.8857934,0.42691293,-0.54451764,0.72197366,0
2.484313,1.8981822,-2.3574643,0.90384436,0.28207803,-0.32171035,0
-0.13199604,-0.58663535,-2.396421,0.028476,-0.7898941,-0.61258185,0
0.4617908,2.4426641,0.017559409,-0.028476,0.7898941,0.61258185,0
-0.19815481,-2.2051194,1.3385941,0.42691293,-0.54451764,0.72197366,0
-1.5032296,2.2353821,-0.32657194,-0.42691293,0.54451764,-0.72197366,0
2.703733,0.1462605,-3.1187656,0.90384436,0.28207803,-0.32171035,0
1.4356469,0.0004658699,1.9591647,0.42691293,-0.54451764,0.72197366,0
2.5732155,1.1217623,-2.746604,0.90384436,0.28207803,-0.32171035,0
3.4889874,1.3811311,1.5650704,-0.028476,0.7898941,0.61258185,0
0.86033332,1.3588896,-2.2562685,-0.42691293,0.54451764,-0.72197366,0
1.0487158,3.076313,-1.0682882,-0.42691293,0.54451764,-0.72197366,0
3.4304242,1.9125898,0.86526656,-0.028476,0.7898941,0.61258185,0
3.1851645,0.41446888,1.2285177,0.42691293,-0.54451764,0.72197366,0
-1.7863786,0.95277244,2.0549765,-0.028476,0.7898941,0.61258185,0
-0.2472688,1.6965442,-1.2269778,-0.42691293,0.54451764,-0.72197366,0
-4.002955,1.240042,0.68625736,-0.90384436,-0.28207803,0.32171035,0
-0.24646491,-0.82245779,2.4176044,0.42691293,-0.54451764,0.72197366,0
0.23696327,-0.2963264,-2.8111496,0.028476,-0.7898941,-0.61258185,0
1.0291114,0.77010298,-2.929976,-0.42691293,0.54451764,-0.72197366,0
-1.5244424,0.78650528,2.3323581,-0.028476,0.7898941,0.61258185,0
-3.6643741,-0.52469575,-1.0559015,-0.42691293,0.54451764,-0.72197366,0
2.4543231,2.3759711,0.47166324,-0.028476,0.7898941,0.61258185,0
3.236527,-0.24852264,0.58635378,0.42691293,-0.54451764,0.72197366,0
0.3989619,-2.2649498,0.78515172,0.42691293,-0.54451764,0.72197366,0
-2.1254358,0.31119847,2.7342784,-0.028476,0.7898941,0.61258185,0
-0.90670311,1.8302988,-0.75463134,-0.42691293,0.54451764,-0.72197366,0
-1.4257773,1.1151468,1.816363,-0.028476,0.7898941,0.61258185,0
-3.0468125,-1.4617052,0.90207553,-0.90384436,-0.28207803,0.32171035,0
2.7564244,-1.3131624,-1.5997479,0.028476,-0.7898941,-0.61258185,0
3.9946051,-0.17259252,0.10884547,0.90384436,0.28207803,-0.32171035,0
2.882535,1.0074519,-1.7340617,0.90384436,0.28207803,-0.32171035,0
2.2548406,-1.8546908,-0.81820941,0.028476,-0.7898941,-0.61258185,0
-0.010341883,3.0012767,-0.48670033,-0.028476,0.7898941,0.61258185,0
-0.78433371,-3.0972385,0.68144429,0.028476,-0.7898941,-0.61258185,0
2.1563601,2.0385735,-2.6273742,-0.42691293,0.54451764,-0.72197366,0
-0.82257581,-0.37818885,2.8717036,0.42691293,-0.54451764,0.72197366,0
-2.6261711,-1.5736837,-1.3035312,0.028476,-0.7898941,-0.61258185,0
1.7823932,-2.1279421,-0.41519427,0.028476,-0.7898941,-0.61258185,0
-3.9643612,-0.59987926,-0.50983095,-0.90384436,-0.28207803,0.32171035,0
0.28203297,-1.4292097,-1.2935061,0.028476,-0.7898941,-0.61258185,0
0.62905121,-1.1942871,1.3920701,0.42691293,-0.54451764,0.72197366,0
1.1054075,0.13942075,-3.2657852,-0.42691293,0.54451764,-0.72197366,0
-0.74803561,-1.123852,2.279248,0.42691293,-0.54451764,0.72197366,0
-3.477469,-1.2158227,0.26750898,-0.90384436,-0.28207803,0.32171035,0
1.0067925,1.7859437,0.99189186,-0.028476,0.7898941,0.61258185,0
-2.2279665,-1.0940737,-1.9518484,0.028476,-0.7898941,-0.61258185,0
-1.4855344,0.16594386,-1.724538,-0.42691293,0.54451764,-0.72197366,0
1.7514584,1.5733641,1.3218622,-0.028476,0.7898941,0.61258185,0
-2.589617,-0.12776887,-1.4433806,-0.42691293,0.54451764,-0.72197366,0
-1.1786671,-0.51267934,-2.467937,-0.42691293,0.54451764,-0.72197366,0
2.7636971,-0.7022028,-2.1650999,0.028476,-0.7898941,-0.61258185,0
-1.0416882,-2.6980283,1.2382237,0.42691293,-0.54451764,0.72197366,0
-0.54147577,0.67531276,-1.8355955,-0.42691293,0.54451764,-0.72197366,0
-2.3909082,0.2767458,-1.2220831,-0.42691293,0.54451764,-0.72197366,0
3.1103144,0.3342725,-2.0751486,0.90384436,0.28207803,-0.32171035,0
0.2008661,-2.0488963,1.2408217,0.42691293,-0.54451764,0.72197366,0
-0.17323458,-0.06648612,-2.7021203,-0.42691293,0.54451764,-0.72197366,0
-1.8656319,-3.1535676,1.4792831,0.42691293,-0.54451764,0.72197366,0
-2.0401669,1.2305539,-0.75228584,-0.42691293,0.54451764,-0.72197366,0
-2.7079887,-1.9440373,1.4989154,-0.90384436,-0.28207803,0.32171035,0
2.817723,1.9459064,0.82082891,-0.028476,0.7898941,0.61258185,0
2.9439826,2.2336984,0.46305442,-0.028476,0.7898941,0.61258185,0
-2.9875126,-0.88204634,1.9669003,-0.90384436,-0.28207803,0.32171035,0
3.6584127,1.003786,0.077955008,0.90384436,0.28207803,-0.32171035,0
-2.7103877,0.89292133,-0.44834805,-0.42691293,0.54451764,-0.72197366,0
-2.0922618,-1.8795202,2.693167,0.42691293,-0.54451764,0.72197366,0
3.6740065,0.57840341,0.22861433,0.90384436,0.28207803,-0.32171035,0
2.2358606,0.58170021,2.0216162,0.42691293,-0.54451764,0.72197366,0
-1.8677067,-0.31685114,3.5760658,0.42691293,-0.54451764,0.72197366,0
-2.8118815,-2.4775832,0.89960933,-0.90384436,-0.28207803,0.32171035,0
1.9250079,0.37934256,-3.7117617,0.028476,-0.7898941,-0.61258185,0
-1.5166354,-0.23761952,-2.1655579,-0.42691293,0.54451764,-0.72197366,0
-1.4736886,-2.2744222,-0.50234109,0.028476,-0.7898941,-0.61258185,0
2.6540799,2.7539954,-1.0058682,0.90384436,0.28207803,-0.32171035,0
1.7272462,-0.60072327,1.3100609,0.42691293,-0.54451764,0.72197366,0
2.9549112,2.4087062,-0.49167991,0.90384436,0.28207803,-0.32171035,0
3.4561946,1.6732275,0.12962198,0.90384436,0.28207803,-0.32171035,0
2.9621868,1.9417739,-1.1569629,0.90384436,0.28207803,-0.32171035,0
1.3486879,1.7759407,-2.3261495,-0.42691293,0.54451764,-0.72197366,0
-0.88133854,-0.41508079,2.9310391,0.42691293,-0.54451764,0.72197366,0
1.9214636,-1.9684323,0.23982525,0.42691293,-0.54451764,0.72197366,0
0.83281171,2.2713289,0.24642068,-0.028476,0.7898941,0.61258185,0
3.3398638,0.63480628,-0.91278744,0.90384436,0.28207803,-0.32171035,0
3.4290876,0.17056918,0.89768457,0.42691293,-0.54451764,0.72197366,0
3.9321756,-1.4425998,-0.96739435,0.90384436,0.28207803,-0.32171035,0
-0.48997712,-1.9178675,-0.86604518,0.028476,-0.7898941,-0.61258185,0
1.2281868,-2.2191772,-0.21885359,0.028476,-0.7898941,-0.61258185,0
-0.72848392,-2.7453709,0.1985212,0.028476,-0.7898941,-0.61258185,0
3.8904998,-0.67061794,-0.5461278,0.90384436,0.28207803,-0.32171035,0
-3.1088271,0.43582535,2.4560723,-0.90384436,-0.28207803,0.32171035,0
2.646898,1.9245017,-1.8247936,0.90384436,0.28207803,-0.32171035,0
-0.72347271,-0.81723619,-2.3169131,0.028476,-0.7898941,-0.61258185,0
-0.64327502,-2.6303444,0.060643494,0.028476,-0.7898941,-0.61258185,0
0.020758033,-0.29214859,-2.8686485,0.028476,-0.7898941,-0.61258185,0
-2.5212855,-1.5003209,2.3249807,-0.90384436,-0.28207803,0.32171035,0
2.8778827,1.0172229,-1.751833,0.90384436,0.28207803,-0.32171035,0
0.21478637,-1.0179729,1.9808483,0.42691293,-0.54451764,0.72197366,0
-2.55426,2.058157,0.25505757,-0.42691293,0.54451764,-0.72197366,0
-1.2256148,-0.66658771,-2.5316823,-0.42691293,0.54451764,-0.72197366,0
1.7850666,1.9124799,1.0400482,-0.028476,0.7898941,0.61258185,0
-0.5924167,0.90857553,-1.6396644,-0.42691293,0.54451764,-0.72197366,0
2.3839712,3.16734,-1.661093,0.90384436,0.28207803,-0.32171035,0
-2.5149674,-2.6129873,1.6754553,-0.90384436,-0.28207803,0.32171035,0
-3.4901419,-1.618505,-0.54201913,-0.90384436,-0.28207803,0.32171035,0
-0.37887704,1.4755198,1.2569757,-0.028476,0.7898941,0.61258185,0
-2.6754911,-1.5434122,-1.2721738,0.028476,-0.7898941,-0.61258185,0
2.806968,-0.16155446,0.93949342,0.42691293,-0.54451764,0.72197366,0
-1.3034706,0.75976348,-1.3244222,-0.42691293,0.54451764,-0.72197366,0
-3.6339459,0.79643857,0.10500336,-0.42691293,0.54451764,-0.72197366,0
1.7504076,1.6775663,-2.4995201,-0.42691293,0.54451764,-0.72197366,0
-2.9695826,0.40628803,2.6666346,-0.90384436,-0.28207803,0.32171035,0
3.1897576,0.15506828,-1.9594316,0.90384436,0.28207803,-0.32171035,0
2.6917884,2.390815,-0.98907042,0.90384436,0.28207803,-0.32171035,0
-2.5928445,-2.0553257,1.623198,-0.90384436,-0.28207803,0.32171035,0
-1.9356492,0.91933835,1.9671886,-0.028476,0.7898941,0.61258185,0
1.3573865,3.1447949,-0.75807738,-0.028476,0.7898941,0.61258185,0
3.8394654,0.27454555,0.1615274,0.90384436,0.28207803,-0.32171035,0
-0.83913553,0.54373038,2.6150832,-0.028476,0.7898941,0.61258185,0
1.7739561,-2.1164923,-0.38042414,0.028476,-0.7898941,-0.61258185,0
-1.5198581,-2.2366498,-0.39174652,0.028476,-0.7898941,-0.61258185,0
3.5326028,1.3979934,0.23607874,0.90384436,0.28207803,-0.32171035,0
2.3933282,1.8574779,-2.3322735,0.90384436,0.28207803,-0.32171035,0
2.1977983,2.7769401,-1.9772134,-0.42691293,0.54451764,-0.72197366,0
2.8265011,-0.71751511,0.45269656,0.42691293,-0.54451764,0.72197366,0
-3.4232111,-0.3258149,1.0630295,-0.90384436,-0.28207803,0.32171035,0
-1.7525991,0.16725123,2.8193476,-0.028476,0.7898941,0.61258185,0
1.4082279,2.8497291,-0.2793752,-0.028476,0.7898941,0.61258185,0
0.58583009,2.1676042,-1.4982418,-0.42691293,0.54451764,-0.72197366,0
3.406384,0.69210637,-0.85877466,0.90384436,0.28207803,-0.32171035,0
0.016498327,-1.0521958,1.8805614,0.42691293,-0.54451764,0.72197366,0
-0.14427912,1.5391706,1.1985344,-0.028476,0.7898941,0.61258185,0
3.7961063,-1.040009,-0.86819887,0.90384436,0.28207803,-0.32171035,0
-2.787241,-0.92712557,2.4209311,-0.90384436,-0.28207803,0.32171035,0
2.1160412,-1.3897541,0.57053816,0.42691293,-0.54451764,0.72197366,0
3.121994,0.22486973,-1.9789736,0.90384436,0.28207803,-0.32171035,0
2.5382824,0.60934925,-3.297204,0.90384436,0.28207803,-0.32171035,0
2.6409302,-2.0610936,-0.36001539,0.42691293,-0.54451764,0.72197366,0
-3.4607852,0.80974317,1.6093683,-0.90384436,-0.28207803,0.32171035,0
2.6365089,1.7817161,-1.6565511,0.90384436,0.28207803,-0.32171035,0
-1.2159225,1.3227584,1.6238472,-0.028476,0.7898941,0.61258185,0
-0.3001256,-1.8164699,-0.91061974,0.028476,-0.7898941,-0.61258185,0
2.6658506,0.71143746,1.7966955,0.42691293,-0.54451764,0.72197366,0
-1.8839381,0.57103539,2.5786884,-0.028476,0.7898941,0.61258185,0
2.0357871,2.5937209,-0.12618685,-0.028476,0.7898941,0.61258185,0
4.0334959,-0.47734451,-0.068645,0.90384436,0.28207803,-0.32171035,0
-1.5766592,-2.6988733,0.052048802,0.028476,-0.7898941,-0.61258185,0
2.9467981,-0.65848315,-2.1745982,0.028476,-0.7898941,-0.61258185,0
-1.5110788,2.2627282,0.18973792,-0.028476,0.7898941,0.61258185,0
2.3984981,2.8549008,-1.340308,0.90384436,0.28207803,-0.32171035,0
3.0482049,-0.050696254,-2.4389374,0.90384436,0.28207803,-0.32171035,0
-1.11905,-1.5448261,-1.2322453,0.028476,-0.7898941,-0.61258185,0
-1.9131455,-2.4351647,-0.1130631,0.028476,-0.7898941,-0.61258185,0
-2.6865897,-1.4799263,1.8763783,-0.90384436,-0.28207803,0.32171035,0
-2.9514596,-1.9397935,0.87822556,-0.90384436,-0.28207803,0.32171035,0
3.2407274,1.0024464,-0.6764648,0.90384436,0.28207803,-0.32171035,0
0.93509531,-2.465312,0.46283042,0.42691293,-0.54451764,0.72197366,0
3.4326425,1.3278959,0.15253425,0.90384436,0.28207803,-0.32171035,0
-2.8673975,-2.8034515,0.44976878,-0.90384436,-0.28207803,0.32171035,0
-0.13532293,1.6176398,-1.5135247,-0.42691293,0.54451764,-0.72197366,0
1.5124054,0.71781659,-3.1771367,-0.42691293,0.54451764,-0.72197366,0
-0.80494362,-0.75871897,-2.3389313,0.028476,-0.7898941,-0.61258185,0
2.592099,0.35828233,-3.3709328,0.90384436,0.28207803,-0.32171035,0
2.0753057,-0.53379261,1.2618763,0.42691293,-0.54451764,0.72197366,0
2.7030797,0.10633922,-3.2084892,0.90384436,0.28207803,-0.32171035,0
0.19143796,2.730659,-0.75958699,-0.42691293,0.54451764,-0.72197366,0
-3.662257,0.74901175,-0.14253497,-0.42691293,0.54451764,-0.72197366,0
2.939003,1.7881496,-0.97226524,0.90384436,0.28207803,-0.32171035,0
3.8676252,-0.54808712,0.040922403,0.42691293,-0.54451764,0.72197366,0
3.388844,-1.3831271,-1.2866879,0.028476,-0.7898941,-0.61258185,0
1.4957026,-1.9522527,0.36732924,0.42691293,-0.54451764,0.72197366,0
-2.3259501,-0.79760623,3.6693349,0.42691293,-0.54451764,0.72197366,0
2.9832547,-0.92795956,0.40452504,0.42691293,-0.54451764,0.72197366,0
-1.5595765,-0.21775079,3.5894551,-0.028476,0.7898941,0.61258185,0
-1.5322191,-1.4197394,-1.4418178,0.028476,-0.7898941,-0.61258185,0
-2.0376453,-0.82667911,-2.1048584,-0.42691293,0.54451764,-0.72197366,0
3.2057247,1.0861363,-0.91280913,0.90384436,0.28207803,-0.32171035,0
1.3168269,1.9191847,-2.2217598,-0.42691293,0.54451764,-0.72197366,0
2.0573425,0.65224111,2.1325495,0.42691293,-0.54451764,0.72197366,0
1.8677084,-1.2593794,-1.7170084,0.028476,-0.7898941,-0.61258185,0
1.0209427,1.5509175,1.2958825,-0.028476,0.7898941,0.61258185,0
-2.3939447,-0.80835366,3.490844,0.42691293,-0.54451764,0.72197366,0
3.1393027,-0.9707998,-1.721525,0.028476,-0.7898941,-0.61258185,0
3.9045439,1.4139882,1.1634426,0.90384436,0.28207803,-0.32171035,0
-3.424233,0.23125221,1.3945384,-0.90384436,-0.28207803,0.32171035,0
-0.82330859,-0.15639544,3.1059582,0.42691293,-0.54451764,0.72197366,0
-2.760654,-1.5319102,1.5292897,-0.90384436,-0.28207803,0.32171035,0
1.0991743,-1.97019,0.52983916,0.42691293,-0.54451764,0.72197366,0
-0.28688395,-2.3429573,-0.22514841,0.028476,-0.7898941,-0.61258185,0
-0.8274684,-0.1283102,3.1836782,0.42691293,-0.54451764,0.72197366,0
-2.4162221,-0.99935341,3.3106468,-0.90384436,-0.28207803,0.32171035,0
3.7978826,-1.1795183,-1.4799762,0.90384436,0.28207803,-0.32171035,0
2.4170787,0.57203197,-3.388294,0.90384436,0.28207803,-0.32171035,0
1.9540973,1.4495218,-2.7040431,-0.42691293,0.54451764,-0.72197366,0
-4.0006876,-0.4710322,-0.82745218,-0.90384436,-0.28207803,0.32171035,0
-0.90537333,1.5962989,1.0281352,-0.028476,0.7898941,0.61258185,0
-3.0216002,-0.32324731,-1.2650139,-0.42691293,0.54451764,-0.72197366,0
-0.26973557,0.69945145,-1.9769228,-0.42691293,0.54451764,-0.72197366,0
1.6737776,1.1650808,1.7750995,-0.028476,0.7898941,0.61258185,0
2.004349,3.5144951,-1.2180438,-0.028476,0.7898941,0.61258185,0
-1.776756,-0.04162097,-1.8013761,-0.42691293,0.54451764,-0.72197366,0
0.71504164,1.1099162,1.9116511,-0.028476,0.7898941,0.61258185,0
-3.6220341,-1.6909373,-0.55471444,-0.90384436,-0.28207803,0.32171035,0
3.2507925,2.2688153,0.56557226,-0.028476,0.7898941,0.61258185,0
-2.0233827,-1.6564794,-1.2747339,0.028476,-0.7898941,-0.61258185,0
-2.9118035,-0.89576614,1.660589,-0.90384436,-0.28207803,0.32171035,0
0.10686833,1.2313719,-2.0240185,-0.42691293,0.54451764,-0.72197366,0
2.4549994,-1.5194261,0.30030394,0.42691293,-0.54451764,0.72197366,0
3.4385161,-0.77526319,-1.9192703,0.90384436,0.28207803,-0.32171035,0
1.3218242,-0.17825031,-3.0620508,0.028476,-0.7898941,-0.61258185,0
-3.9101596,0.97203386,0.44748306,-0.90384436,-0.28207803,0.32171035,0
3.0530326,1.0950416,-1.3302882,0.90384436,0.28207803,-0.32171035,0
2.1377738,-1.040805,0.59729111,0.42691293,-0.54451764,0.72197366,0
1.9302626,0.3881259,1.9624393,0.42691293,-0.54451764,0.72197366,0
3.3314056,1.2724918,-0.70989728,0.90384436,0.28207803,-0.32171035,0
1.0050544,1.5038824,-2.1960869,-0.42691293,0.54451764,-0.72197366,0
-2.6536949,-0.89529133,2.4694455,-0.90384436,-0.28207803,0.32171035,0
-1.7029362,0.15717959,2.8483396,-0.028476,0.7898941,0.61258185,0
-1.8648264,-0.47963214,3.5570498,0.42691293,-0.54451764,0.72197366,0
-0.27524209,0.35572827,2.7555122,-0.028476,0.7898941,0.61258185,0
3.4902852,0.21338224,-0.76637888,0.90384436,0.28207803,-0.32171035,0
2.3058455,1.7836096,-2.7978315,0.90384436,0.28207803,-0.32171035,0
-2.6386254,1.1100909,-0.29079127,-0.42691293,0.54451764,-0.72197366,0
-3.8057461,0.039989829,0.07097435,-0.90384436,-0.28207803,0.32171035,0
3.3558979,1.7454518,0.031804323,0.90384436,0.28207803,-0.32171035,0
2.3534405,2.3154681,-2.3448465,-0.42691293,0.54451764,-0.72197366,0
-1.3824768,-1.2670482,-1.5978009,0.028476,-0.7898941,-0.61258185,0
-0.83646953,1.1686461,1.7073016,-0.028476,0.7898941,0.61258185,0
2.2795956,-1.6825131,0.19942427,0.42691293,-0.54451764,0.72197366,0
-3.1558313,0.13002574,1.9938874,-0.90384436,-0.28207803,0.32171035,0
-0.46762526,-2.3233037,1.3586624,0.42691293,-0.54451764,0.72197366,0
-3.4931791,-0.35702431,0.57004023,-0.90384436,-0.28207803,0.32171035,0
-1.9879251,1.0473748,-0.9373138,-0.42691293,0.54451764,-0.72197366,0
-1.3107499,1.0063988,1.9961706,-0.028476,0.7898941,0.61258185,0
2.2347116,-1.2377737,-1.4116993,0.028476,-0.7898941,-0.61258185,0
-0.40016294,2.0583947,0.74876893,-0.028476,0.7898941,0.61258185,0
1.4777291,-0.93168509,-2.0539703,0.028476,-0.7898941,-0.61258185,0
1.7467574,0.16625631,1.9221803,0.42691293,-0.54451764,0.72197366,0
-1.1170257,0.53753734,2.6216831,-0.028476,0.7898941,0.61258185,0
-2.925194,-1.1639907,-1.7842145,-0.42691293,0.54451764,-0.72197366,0
-2.1353314,-2.7681634,0.14578676,0.028476,-0.7898941,-0.61258185,0
0.55373216,-0.70784283,2.0468142,0.42691293,-0.54451764,0.72197366,0
-0.33291113,-0.72622192,-2.4958444,0.028476,-0.7898941,-0.61258185,0
-3.6559033,-1.0265894,-1.2666688,-0.42691293,0.54451764,-0.72197366,0
-3.0007102,-0.65588319,1.8148344,-0.90384436,-0.28207803,0.32171035,0
-0.53339612,-2.9818246,0.79567206,0.42691293,-0.54451764,0.72197366,0
1.3687117,0.32895839,2.131269,0.42691293,-0.54451764,0.72197366,0
1.3571386,1.6562833,1.1249613,-0.028476,0.7898941,0.61258185,0
2.8949883,0.8158977,-1.8965018,0.90384436,0.28207803,-0.32171035,0
1.884344,2.8244276,-1.7931314,-0.42691293,0.54451764,-0.72197366,0
-3.7063072,0.6264025,0.98093414,-0.90384436,-0.28207803,0.32171035,0
-1.0706104,2.2353082,-0.33280206,-0.42691293,0.54451764,-0.72197366,0
-0.81596065,-2.3904676,-0.23734313,0.028476,-0.7898941,-0.61258185,0
-2.1915512,0.73053753,-1.0275513,-0.42691293,0.54451764,-0.72197366,0
-1.8213077,0.2293371,-1.6240587,-0.42691293,0.54451764,-0.72197366,0
0.10118508,-1.5660429,-1.1820343,0.028476,-0.7898941,-0.61258185,0
2.4991291,0.2407943,1.5923917,0.42691293,-0.54451764,0.72197366,0
-1.8650711,1.421783,-0.69851691,-0.42691293,0.54451764,-0.72197366,0
1.3991364,2.8688719,-1.3211896,-0.42691293,0.54451764,-0.72197366,0
-3.5129309,-1.2267849,-0.011065006,-0.90384436,-0.28207803,0.32171035,0
3.6312799,-1.7759225,-0.65375566,0.42691293,-0.54451764,0.72197366,0
3.2796512,1.36736,1.6982257,-0.028476,0.7898941,0.61258185,0
-0.70804471,-0.57337701,-2.5028841,0.028476,-0.7898941,-0.61258185,0
-1.1556027,0.56439686,-1.7300811,-0.42691293,0.54451764,-0.72197366,0
-0.12162924,2.0469875,-1.1273285,-0.42691293,0.54451764,-0.72197366,0
-2.1129181,-1.2618937,-1.7564013,0.028476,-0.7898941,-0.61258185,0
1.9651687,0.55267215,-3.4593034,-0.42691293,0.54451764,-0.72197366,0
0.027655363,-0.15521526,-2.8512278,-0.42691293,0.54451764,-0.72197366,0
2.092751,-0.075828671,1.479008,0.42691293,-0.54451764,0.72197366,0
0.32761005,0.93012381,-2.2898221,-0.42691293,0.54451764,-0.72197366,0
-3.3130717,0.41232324,1.8579597,-0.90384436,-0.28207803,0.32171035,0
0.25944507,2.6921105,-0.9322142,-0.42691293,0.54451764,-0.72197366,0
2.913188,1.5826577,-1.0573857,0.90384436,0.28207803,-0.32171035,0
2.1889915,1.4329394,1.5016615,-0.028476,0.7898941,0.61258185,0
-0.31028485,2.3448458,-0.75912476,-0.42691293,0.54451764,-0.72197366,0
2.963841,-1.2501826,-1.4175162,0.028476,-0.7898941,-0.61258185,0
-2.5421288,-1.8866687,-1.0785547,0.028476,-0.7898941,-0.61258185,0
-3.0926676,-0.34249842,-1.1528573,-0.42691293,0.54451764,-0.72197366,0
-1.8744279,0.54020917,-1.1499667,-0.42691293,0.54451764,-0.72197366,0
2.0006485,-0.27801538,-2.7559288,0.028476,-0.7898941,-0.61258185,0
-0.64107561,-2.3351281,-0.25579819,0.028476,-0.7898941,-0.61258185,0
-3.0310481,0.082868338,2.656028,-0.90384436,-0.28207803,0.32171035,0
-3.4138124,-0.69562411,0.94356632,-0.90384436,-0.28207803,0.32171035,0
-0.075372934,-1.4128268,-1.4441174,0.028476,-0.7898941,-0.61258185,0
1.9039127,-1.5064446,0.63802588,0.42691293,-0.54451764,0.72197366,0
1.2800887,1.5974381,1.20031,-0.028476,0.7898941,0.61258185,0
-3.8904996,-1.5076457,-1.1457515,-0.90384436,-0.28207803,0.32171035,0
0.98419726,-1.2097217,-1.5292095,0.028476,-0.7898941,-0.61258185,0
1.1404607,-1.7183497,0.88195801,0.42691293,-0.54451764,0.72197366,0
-3.993814,-0.65567702,-0.61265349,-0.90384436,-0.28207803,0.32171035,0
1.9667292,-0.37738025,1.4482206,0.42691293,-0.54451764,0.72197366,0
3.1941743,2.1612668,0.61100411,-0.028476,0.7898941,0.61258185,0
3.1890345,0.87905568,-1.2315977,0.90384436,0.28207803,-0.32171035,0
-2.3609753,-2.3601329,2.0411465,-0.90384436,-0.28207803,0.32171035,0
2.3386912,2.649596,-2.115519,0.90384436,0.28207803,-0.32171035,0
-0.70092285,0.90831071,2.007756,-0.028476,0.7898941,0.61258185,0
2.3752739,0.014230251,-3.2742293,0.028476,-0.7898941,-0.61258185,0
-1.4010108,-0.019079685,-1.9721408,-0.42691293,0.54451764,-0.72197366,0
-3.7521806,0.70146751,0.67992568,-0.90384436,-0.28207803,0.32171035,0
0.47194493,-0.81864965,-2.0296767,0.028476,-0.7898941,-0.61258185,0
0.41051263,-0.99763751,1.8997238,0.42691293,-0.54451764,0.72197366,0
-3.4021468,-1.811775,0.040216684,-0.90384436,-0.28207803,0.32171035,0
-1.0488892,-1.4555626,2.2205284,0.42691293,-0.54451764,0.72197366,0
-1.3902726,1.0747502,-1.0543306,-0.42691293,0.54451764,-0.72197366,0
-3.4632962,0.053941607,1.3281674,-0.90384436,-0.28207803,0.32171035,0
1.7587215,1.6642942,-2.559,-0.42691293,0.54451764,-0.72197366,0
-2.4581685,0.00097608566,3.2924378,-0.028476,0.7898941,0.61258185,0
2.6850772,-0.46406174,-2.6582143,0.028476,-0.7898941,-0.61258185,0
1.6389569,-1.035942,-1.9477642,0.028476,-0.7898941,-0.61258185,0
-1.2785995,-1.8136536,-0.94093865,0.028476,-0.7898941,-0.61258185,0
0.9319368,-1.3970702,1.2171259,0.42691293,-0.54451764,0.72197366,0
3.8137112,-0.4913007,-0.89801264,0.90384436,0.28207803,-0.32171035,0
-1.4044595,-1.0102949,-2.1654639,0.028476,-0.7898941,-0.61258185,0
-2.472398,-3.2414885,0.89099932,-0.90384436,-0.28207803,0.32171035,0
-1.376579,-2.0068572,-0.60752726,0.028476,-0.7898941,-0.61258185,0
-2.7342458,1.7777812,0.83354831,-0.028476,0.7898941,0.61258185,0
-2.4593849,-2.6513565,-0.034885645,0.028476,-0.7898941,-0.61258185,0
-1.040676,1.4757353,1.3588179,-0.028476,0.7898941,0.61258185,0
1.5837721,-1.8575823,-0.66559458,0.028476,-0.7898941,-0.61258185,0
-3.2752812,-1.0122423,0.72844291,-0.90384436,-0.28207803,0.32171035,0
2.1478932,-1.3231056,0.57229722,0.42691293,-0.54451764,0.72197366,0
-3.6088161,-1.2684987,-0.3921535,-0.90384436,-0.28207803,0.32171035,0
