0.58544207,-3.7032762,-2.977819,0.37763453,-0.84190667,-0.38546759,0
0.54031265,-1.0512013,-2.1974735,-0.055631578,0.39491117,-0.91703343,0
4.4656787,2.2646179,0.58172894,0.92428201,0.36774766,0.10229552,0
-0.37748337,-5.0609775,-1.1410419,0.37763453,-0.84190667,-0.38546759,0
2.8027697,2.2493598,2.4762182,0.055631578,-0.39491117,0.91703343,0
4.1012478,-2.4063056,-2.6061602,0.37763453,-0.84190667,-0.38546759,0
-3.0316899,-3.1337705,-2.8314636,-0.055631578,0.39491117,-0.91703343,0
1.2356968,3.4172735,3.0712376,0.055631578,-0.39491117,0.91703343,0
-4.7740512,-1.3357625,-1.2820029,-0.92428201,-0.36774766,-0.10229552,0
-4.2380242,-2.180552,-2.336096,-0.92428201,-0.36774766,-0.10229552,0
4.5154538,-3.2168012,-0.3959322,0.37763453,-0.84190667,-0.38546759,0
5.3503919,-0.12459588,0.036463737,0.92428201,0.36774766,0.10229552,0
2.431164,4.4069281,3.3413343,0.055631578,-0.39491117,0.91703343,0
-2.3953815,-4.0043387,0.039154053,0.055631578,-0.39491117,0.91703343,0
-4.2942524,3.085947,0.94147825,-0.37763453,0.84190667,0.38546759,0
-2.6791527,-0.35654423,-1.5868967,-0.055631578,0.39491117,-0.91703343,0
1.4022698,-4.0935674,-1.3482451,0.37763453,-0.84190667,-0.38546759,0
2.0006437,-4.2816744,-0.38495493,0.37763453,-0.84190667,-0.38546759,0
4.9571843,1.4204388,-1.0998654,0.92428201,0.36774766,0.10229552,0
1.6383305,3.0837014,2.9216967,0.055631578,-0.39491117,0.91703343,0
-2.7333436,3.5673232,1.3974483,-0.37763453,0.84190667,0.38546759,0
1.546383,1.5684111,2.1508346,0.055631578,-0.39491117,0.91703343,0
-5.4754505,0.12711406,-0.15697718,-0.92428201,-0.36774766,-0.10229552,0
2.9901707,-0.48050404,-2.0410838,-0.055631578,0.39491117,-0.91703343,0
2.0036063,-3.60025,-1.748686,0.37763453,-0.84190667,-0.38546759,0
2.0569797,0.411762,-1.639342,-0.055631578,0.39491117,-0.91703343,0
-2.524719,-2.1154208,-2.3224206,-0.055631578,0.39491117,-0.91703343,0
-5.0681305,0.97292066,2.3618703,0.055631578,-0.39491117,0.91703343,0
2.1034131,-4.0975657,-0.5959698,0.37763453,-0.84190667,-0.38546759,0
5.3472271,0.093823433,-0.47536278,0.92428201,0.36774766,0.10229552,0
4.5535827,2.1032543,0.67174006,0.92428201,0.36774766,0.10229552,0
-2.31444,-5.4613338,-2.0073326,0.37763453,-0.84190667,-0.38546759,0
4.2802334,-2.7025635,-1.3341041,0.37763453,-0.84190667,-0.38546759,0
-4.6390772,3.2765756,0.084964752,-0.055631578,0.39491117,-0.91703343,0
3.2205997,4.8214545,2.9283786,0.92428201,0.36774766,0.10229552,0
-3.6809399,2.4469552,2.8791564,-0.37763453,0.84190667,0.38546759,0
-3.4630964,-4.2071609,-2.0461299,-0.92428201,-0.36774766,-0.10229552,0
-3.8518372,2.8275483,1.6116571,-0.37763453,0.84190667,0.38546759,0
-2.0019445,1.0693995,2.2303441,0.055631578,-0.39491117,0.91703343,0
5.4764481,-0.3033005,0.98209667,0.92428201,0.36774766,0.10229552,0
3.9245591,3.2298107,1.8850887,0.92428201,0.36774766,0.10229552,0
6.0756278,-1.6384103,-0.37256622,0.92428201,0.36774766,0.10229552,0
2.1631851,5.6659675,1.2815752,-0.37763453,0.84190667,0.38546759,0
-1.1307485,-3.8874722,-3.1765773,-0.055631578,0.39491117,-0.91703343,0
-5.8172798,2.7589998,0.16431665,-0.37763453,0.84190667,0.38546759,0
-3.0870395,-4.8981781,-2.8730922,-0.92428201,-0.36774766,-0.10229552,0
1.3556232,5.5729218,0.8987717,-0.37763453,0.84190667,0.38546759,0
3.6097877,-2.7004814,-2.0167427,0.37763453,-0.84190667,-0.38546759,0
-4.380847,3.2142105,0.40605927,-0.37763453,0.84190667,0.38546759,0
-5.2905703,2.9028761,0.11076403,-0.37763453,0.84190667,0.38546759,0
4.0523634,3.256515,0.65032172,0.92428201,0.36774766,0.10229552,0
-0.52491379,4.8404045,0.5074054,-0.055631578,0.39491117,-0.91703343,0
-2.6254261,0.63596678,-1.1896869,-0.055631578,0.39491117,-0.91703343,0
-6.079824,0.83706069,2.1969299,-0.92428201,-0.36774766,-0.10229552,0
-4.9225445,2.0724297,2.3609214,-0.37763453,0.84190667,0.38546759,0
4.1128931,-1.5140733,0.70791388,0.055631578,-0.39491117,0.91703343,0
5.1341677,-2.1401308,-2.0006585,0.37763453,-0.84190667,-0.38546759,0
-4.1072006,-2.5834484,-2.114749,-0.92428201,-0.36774766,-0.10229552,0
4.4515152,1.9184046,1.0370882,0.92428201,0.36774766,0.10229552,0
-2.965899,-5.5443511,-2.4025283,0.37763453,-0.84190667,-0.38546759,0
-1.4209476,3.487951,2.7202659,-0.37763453,0.84190667,0.38546759,0
-6.2510824,1.9253048,0.17680264,-0.92428201,-0.36774766,-0.10229552,0
-5.5673265,0.41341567,0.76220131,-0.92428201,-0.36774766,-0.10229552,0
-1.8857718,3.6138449,-0.0011643171,-0.055631578,0.39491117,-0.91703343,0
1.9743149,4.1931553,0.03785181,-0.055631578,0.39491117,-0.91703343,0
3.3861847,-2.8558712,-2.253094,0.37763453,-0.84190667,-0.38546759,0
5.1997018,0.15642202,0.67486715,0.92428201,0.36774766,0.10229552,0
2.543421,5.3218846,2.3606815,-0.37763453,0.84190667,0.38546759,0
-0.6989547,-1.9654219,-2.4312892,-0.055631578,0.39491117,-0.91703343,0
-1.7334197,3.2563367,3.0113356,-0.37763453,0.84190667,0.38546759,0
-4.8678722,2.9677916,0.3046093,-0.37763453,0.84190667,0.38546759,0
-1.8855964,-0.067610562,-1.478102,-0.055631578,0.39491117,-0.91703343,0
2.3173304,-3.3320041,-1.879464,0.37763453,-0.84190667,-0.38546759,0
4.2337608,3.0226431,0.57482815,0.92428201,0.36774766,0.10229552,0
5.9476528,-1.5583323,0.3117075,0.92428201,0.36774766,0.10229552,0
0.80817986,-4.0587678,-1.7827045,0.37763453,-0.84190667,-0.38546759,0
-0.45306349,-5.1427398,-1.0106342,0.37763453,-0.84190667,-0.38546759,0
-0.76019669,1.1070976,2.2017307,0.055631578,-0.39491117,0.91703343,0
3.2278318,-3.080538,0.18112516,0.055631578,-0.39491117,0.91703343,0
-3.4592123,-4.6041803,-0.40578532,-0.92428201,-0.36774766,-0.10229552,0
-6.0398507,1.2448174,0.40969515,-0.92428201,-0.36774766,-0.10229552,0
5.7277498,-2.4117613,-0.59359789,0.37763453,-0.84190667,-0.38546759,0
0.25528193,-4.0955849,-2.4846168,0.37763453,-0.84190667,-0.38546759,0
-2.1175857,-3.365001,-2.9507203,-0.055631578,0.39491117,-0.91703343,0
-1.4277248,-5.5664034,-1.1711688,0.37763453,-0.84190667,-0.38546759,0
-3.1767454,-2.4315982,0.73797393,0.055631578,-0.39491117,0.91703343,0
3.2932889,4.7262816,2.6267972,0.92428201,0.36774766,0.10229552,0
-5.1905527,1.1831058,-0.85766315,-0.055631578,0.39491117,-0.91703343,0
-2.1169667,1.5077494,2.3166411,0.055631578,-0.39491117,0.91703343,0
0.27623701,5.0828705,0.8365972,-0.37763453,0.84190667,0.38546759,0
-4.9417315,2.9547009,-0.14112377,-0.055631578,0.39491117,-0.91703343,0
-2.9176173,3.4176741,1.355195,-0.37763453,0.84190667,0.38546759,0
2.7595301,5.6162901,2.0185034,-0.37763453,0.84190667,0.38546759,0
3.2969847,4.9626904,0.58754063,0.92428201,0.36774766,0.10229552,0
-0.35907078,-4.6252961,-1.9044875,0.37763453,-0.84190667,-0.38546759,0
-1.968959,0.89744222,2.1635499,0.055631578,-0.39491117,0.91703343,0
4.2179503,1.2082264,-1.2851696,-0.055631578,0.39491117,-0.91703343,0
5.3187437,-1.5983654,0.61991739,0.055631578,-0.39491117,0.91703343,0
0.55722189,-3.6255159,-3.0647612,0.37763453,-0.84190667,-0.38546759,0
-4.8760657,2.1602173,2.0341268,-0.37763453,0.84190667,0.38546759,0
-4.7081709,-2.0118966,1.0042706,-0.92428201,-0.36774766,-0.10229552,0
-5.4524908,-0.1552372,1.6061687,-0.92428201,-0.36774766,-0.10229552,0
-4.3005862,-2.986382,0.66057968,-0.92428201,-0.36774766,-0.10229552,0
-0.15931487,0.57955182,-1.4261719,-0.055631578,0.39491117,-0.91703343,0
-3.7075474,-3.6280513,-2.3523359,-0.92428201,-0.36774766,-0.10229552,0
-2.8325031,-4.3663425,-3.4414163,-0.055631578,0.39491117,-0.91703343,0
4.4984379,2.0610309,1.3370805,0.92428201,0.36774766,0.10229552,0
-4.4326429,1.5291348,2.6373937,0.055631578,-0.39491117,0.91703343,0
0.73315954,-1.1769176,-2.2767234,-0.055631578,0.39491117,-0.91703343,0
-4.6062431,-2.2822943,0.78216124,-0.92428201,-0.36774766,-0.10229552,0
-5.8107681,0.84308589,0.64933157,-0.92428201,-0.36774766,-0.10229552,0
3.2005751,5.161375,0.61712146,0.92428201,0.36774766,0.10229552,0
-2.8670392,-4.7598796,-0.30308342,0.055631578,-0.39491117,0.91703343,0
-3.890501,-0.079250097,1.8949103,0.055631578,-0.39491117,0.91703343,0
3.5458913,-1.8376219,0.70969224,0.055631578,-0.39491117,0.91703343,0
3.5632291,-3.4551618,-0.13697362,0.055631578,-0.39491117,0.91703343,0
-4.1587963,-2.6982753,-2.097084,-0.92428201,-0.36774766,-0.10229552,0
-2.3193128,3.211446,-0.06098032,-0.055631578,0.39491117,-0.91703343,0
-1.6443315,-0.52482557,1.6021903,0.055631578,-0.39491117,0.91703343,0
-0.12267852,-3.4671097,-3.2021022,-0.055631578,0.39491117,-0.91703343,0
-4.3281732,2.532584,1.83441,-0.37763453,0.84190667,0.38546759,0
0.42213631,5.1324019,1.0403531,-0.37763453,0.84190667,0.38546759,0
3.4876208,0.30169281,1.4887168,0.055631578,-0.39491117,0.91703343,0
-4.8268204,2.0867085,2.3491321,-0.37763453,0.84190667,0.38546759,0
-5.4550271,0.20427138,-0.80403519,-0.92428201,-0.36774766,-0.10229552,0
5.7755799,-1.049381,0.49645567,0.92428201,0.36774766,0.10229552,0
5.6053801,-0.50366151,-0.1703558,0.92428201,0.36774766,0.10229552,0
1.2917976,5.4400563,0.91566384,-0.37763453,0.84190667,0.38546759,0
3.1826854,1.8242311,2.1286249,0.055631578,-0.39491117,0.91703343,0
-0.64682055,-4.887341,-1.7979641,0.37763453,-0.84190667,-0.38546759,0
3.9046865,2.461709,-0.74028516,-0.055631578,0.39491117,-0.91703343,0
1.9979746,0.33582401,1.7559557,0.055631578,-0.39491117,0.91703343,0
3.4374053,0.45073938,-1.6395645,-0.055631578,0.39491117,-0.91703343,0
-4.1496634,-3.5035934,0.28543568,-0.92428201,-0.36774766,-0.10229552,0
1.4344518,-1.1221789,1.0797336,0.055631578,-0.39491117,0.91703343,0
6.3461618,-2.1152346,-0.9746747,0.92428201,0.36774766,0.10229552,0
6.0175114,-1.7182322,-2.1164403,0.37763453,-0.84190667,-0.38546759,0
-0.76635742,-4.7545385,-1.8424848,0.37763453,-0.84190667,-0.38546759,0
-1.7460239,-4.6691713,-3.3267317,0.37763453,-0.84190667,-0.38546759,0
-5.891572,0.68152833,1.7235737,-0.92428201,-0.36774766,-0.10229552,0
0.90351534,-4.0591116,-1.898693,0.37763453,-0.84190667,-0.38546759,0
5.7017279,-0.86687243,0.66698885,0.92428201,0.36774766,0.10229552,0
4.2955484,2.8181798,-0.16709805,0.92428201,0.36774766,0.10229552,0
-0.82274723,2.0710044,-0.59714782,-0.055631578,0.39491117,-0.91703343,0
-2.839191,-4.4344091,-0.19594049,0.055631578,-0.39491117,0.91703343,0
6.3690238,-2.3715987,-0.30988836,0.92428201,0.36774766,0.10229552,0
0.89605486,0.15994155,1.6486636,0.055631578,-0.39491117,0.91703343,0
2.4155335,0.2708714,-1.6788054,-0.055631578,0.39491117,-0.91703343,0
2.05567,5.5390763,1.5839684,-0.37763453,0.84190667,0.38546759,0
-5.9366903,1.85861,1.9346085,-0.37763453,0.84190667,0.38546759,0
-4.5176077,1.3397332,-0.69901276,-0.055631578,0.39491117,-0.91703343,0
-0.87649965,-5.0376229,-1.276723,0.37763453,-0.84190667,-0.38546759,0
3.1007125,5.588408,0.7716043,0.92428201,0.36774766,0.10229552,0
4.7538886,1.0828979,1.2738767,0.92428201,0.36774766,0.10229552,0
4.3262053,2.4118648,1.9871676,0.92428201,0.36774766,0.10229552,0
1.9511588,1.4315643,-1.1433761,-0.055631578,0.39491117,-0.91703343,0
-2.463315,2.8241935,-0.19653058,-0.055631578,0.39491117,-0.91703343,0
1.4294155,4.0912256,3.3783884,0.055631578,-0.39491117,0.91703343,0
3.5501604,4.1058531,2.3561087,0.92428201,0.36774766,0.10229552,0
-2.2670484,0.2827189,-1.3969896,-0.055631578,0.39491117,-0.91703343,0
-1.2724946,-4.7444029,-2.4597297,0.37763453,-0.84190667,-0.38546759,0
1.1843033,-3.0551953,0.16719759,0.055631578,-0.39491117,0.91703343,0
3.5092893,4.2890282,0.99117017,0.92428201,0.36774766,0.10229552,0
3.4851317,3.0372243,2.796885,0.055631578,-0.39491117,0.91703343,0
-3.2704017,2.5360436,2.8504529,-0.37763453,0.84190667,0.38546759,0
-2.124722,-5.9372382,-0.94829285,0.37763453,-0.84190667,-0.38546759,0
-6.0073209,1.2532494,1.4736834,-0.92428201,-0.36774766,-0.10229552,0
1.9539773,-2.6504378,0.39091992,0.055631578,-0.39491117,0.91703343,0
-3.6142111,-4.316329,-0.3524797,-0.92428201,-0.36774766,-0.10229552,0
0.5955255,1.3909249,2.1000023,0.055631578,-0.39491117,0.91703343,0
1.8681598,-3.7128937,-0.13091624,0.055631578,-0.39491117,0.91703343,0
-1.8951776,-4.7907887,-3.285893,0.37763453,-0.84190667,-0.38546759,0
5.9455566,-1.429374,0.21829462,0.92428201,0.36774766,0.10229552,0
-3.6386478,-4.257175,-0.9993484,-0.92428201,-0.36774766,-0.10229552,0
-3.3252954,-4.5402899,-3.2983303,-0.92428201,-0.36774766,-0.10229552,0
-1.4994483,-5.4721699,-0.53592503,0.055631578,-0.39491117,0.91703343,0
1.7966566,-3.603488,-2.1951447,0.37763453,-0.84190667,-0.38546759,0
-3.4353545,-2.5346377,-2.4613347,-0.055631578,0.39491117,-0.91703343,0
-4.1529932,-2.7370934,-1.1928356,-0.92428201,-0.36774766,-0.10229552,0
0.61300898,4.0463328,3.3701179,-0.37763453,0.84190667,0.38546759,0
5.1422911,-0.35371947,-2.1923232,-0.055631578,0.39491117,-0.91703343,0
-1.6792283,-2.9394662,-2.8255289,-0.055631578,0.39491117,-0.91703343,0
-3.8597598,-3.7683301,-0.096971512,-0.92428201,-0.36774766,-0.10229552,0
-5.8695126,2.2022586,0.92127705,-0.37763453,0.84190667,0.38546759,0
1.720103,4.9522395,2.5558834,-0.37763453,0.84190667,0.38546759,0
2.7609992,0.74101061,1.7119217,0.055631578,-0.39491117,0.91703343,0
-2.5846615,-5.1306753,-3.0314567,0.37763453,-0.84190667,-0.38546759,0
0.39390469,5.0754118,1.2268296,-0.37763453,0.84190667,0.38546759,0
4.6569886,2.0181825,-0.24680519,0.92428201,0.36774766,0.10229552,0
-3.6095538,3.1079583,1.3230686,-0.37763453,0.84190667,0.38546759,0
4.0249963,-0.18654996,1.3624291,0.055631578,-0.39491117,0.91703343,0
-4.1272888,3.2413654,-0.0092220306,-0.055631578,0.39491117,-0.91703343,0
-3.058723,-1.9745305,0.96241593,0.055631578,-0.39491117,0.91703343,0
0.10407782,-2.7532909,-2.7533712,-0.055631578,0.39491117,-0.91703343,0
-4.4514203,-2.2344112,-1.0111897,-0.92428201,-0.36774766,-0.10229552,0
-6.1473169,1.3617311,1.5765328,-0.92428201,-0.36774766,-0.10229552,0
4.3563643,2.6773963,0.43858004,0.92428201,0.36774766,0.10229552,0
-3.9123545,2.7955687,1.7593772,-0.37763453,0.84190667,0.38546759,0
-3.9762366,-3.4600306,-0.14651632,-0.92428201,-0.36774766,-0.10229552,0
-6.2475166,2.3144293,0.19952154,-0.92428201,-0.36774766,-0.10229552,0
5.8474541,-1.8502378,-2.0947995,0.37763453,-0.84190667,-0.38546759,0
-1.496017,-0.034041882,1.6181414,0.055631578,-0.39491117,0.91703343,0
-1.3767923,-0.062398434,-1.6845767,-0.055631578,0.39491117,-0.91703343,0
-4.3334799,2.8169541,1.2768002,-0.37763453,0.84190667,0.38546759,0
2.2524099,-3.7545111,-0.17983103,0.055631578,-0.39491117,0.91703343,0
0.26192808,4.2610703,2.4845064,-0.37763453,0.84190667,0.38546759,0
2.8009381,-0.85885453,1.0422115,0.055631578,-0.39491117,0.91703343,0
-3.7086313,3.0262101,-0.025264263,-0.055631578,0.39491117,-0.91703343,0
-4.7922297,-1.8696249,0.18035889,-0.92428201,-0.36774766,-0.10229552,0
5.4350629,0.27252483,-1.6513867,0.92428201,0.36774766,0.10229552,0
2.5835092,5.2322659,3.0029373,-0.37763453,0.84190667,0.38546759,0
-5.3206649,2.9655004,0.12928486,-0.37763453,0.84190667,0.38546759,0
-5.0143261,-0.93758607,-0.80719328,-0.92428201,-0.36774766,-0.10229552,0
2.2094998,1.0207562,-1.4357517,-0.055631578,0.39491117,-0.91703343,0
5.5743227,-1.273008,0.83614731,0.055631578,-0.39491117,0.91703343,0
-0.41570139,-4.2195239,-0.2534636,0.055631578,-0.39491117,0.91703343,0
-2.5896797,3.817879,0.578269,-0.37763453,0.84190667,0.38546759,0
0.94970894,-3.9704533,-1.9351723,0.37763453,-0.84190667,-0.38546759,0
4.1677365,0.69961405,1.6499805,0.055631578,-0.39491117,0.91703343,0
5.3623691,0.2823956,-1.554565,0.92428201,0.36774766,0.10229552,0
-4.4334416,-2.1142583,-1.8476751,-0.92428201,-0.36774766,-0.10229552,0
-4.9345365,-1.1339293,-0.8822751,-0.92428201,-0.36774766,-0.10229552,0
2.5633802,-2.1945674,-2.6615651,-0.055631578,0.39491117,-0.91703343,0
3.6316571,4.2487617,1.2514348,0.92428201,0.36774766,0.10229552,0
6.0579109,-2.5065982,-0.17545605,0.37763453,-0.84190667,-0.38546759,0
-1.1158004,4.4428749,1.0341613,-0.37763453,0.84190667,0.38546759,0
2.9980783,5.1785474,2.8936386,0.92428201,0.36774766,0.10229552,0
3.7657273,3.6651103,1.245651,0.92428201,0.36774766,0.10229552,0
-2.1814387,-5.5706139,-1.7129749,0.37763453,-0.84190667,-0.38546759,0
-2.0426056,3.0949476,2.6934669,-0.37763453,0.84190667,0.38546759,0
-3.6537046,-4.4021902,-0.2344377,-0.92428201,-0.36774766,-0.10229552,0
-3.0173457,-5.3914504,-2.5548544,-0.92428201,-0.36774766,-0.10229552,0
-2.1966412,-5.5905852,-1.608498,0.37763453,-0.84190667,-0.38546759,0
3.8530154,3.1626685,1.8119171,0.92428201,0.36774766,0.10229552,0
2.123908,5.8089185,1.255131,-0.37763453,0.84190667,0.38546759,0
0.12946463,4.5635085,1.8801584,-0.37763453,0.84190667,0.38546759,0
2.9933894,-1.2402964,0.81436729,0.055631578,-0.39491117,0.91703343,0
-0.08306551,4.9912658,0.84547782,-0.37763453,0.84190667,0.38546759,0
-1.9131546,-5.0628896,-2.4434769,0.37763453,-0.84190667,-0.38546759,0
0.49481583,-4.4865441,-1.3578734,0.37763453,-0.84190667,-0.38546759,0
-2.4453034,-4.598978,-0.14176011,0.055631578,-0.39491117,0.91703343,0
-5.3436947,-0.26755834,0.79982471,-0.92428201,-0.36774766,-0.10229552,0
1.6539428,4.3104205,0.14841413,-0.055631578,0.39491117,-0.91703343,0
4.6618342,1.3112556,1.2374482,0.92428201,0.36774766,0.10229552,0
1.788128,2.0863125,2.3764586,0.055631578,-0.39491117,0.91703343,0
0.43752956,-2.1039791,0.60145521,0.055631578,-0.39491117,0.91703343,0
-4.5806437,-2.5187535,0.75293303,-0.92428201,-0.36774766,-0.10229552,0
5.6327682,-2.6963029,-0.35893154,0.37763453,-0.84190667,-0.38546759,0
2.8471286,5.9909325,0.83697486,0.92428201,0.36774766,0.10229552,0
1.3695395,3.9321826,3.3340862,0.055631578,-0.39491117,0.91703343,0
-4.5285029,-1.9753937,-0.99936485,-0.92428201,-0.36774766,-0.10229552,0
5.6597958,-0.74875242,0.57092476,0.92428201,0.36774766,0.10229552,0
-0.87427425,-0.9024452,1.3733168,0.055631578,-0.39491117,0.91703343,0
-5.5993466,2.2627077,1.4948144,-0.37763453,0.84190667,0.38546759,0
-1.8457589,1.3780127,2.2794945,0.055631578,-0.39491117,0.91703343,0
1.2143276,3.9076772,3.1714716,0.055631578,-0.39491117,0.91703343,0
-5.1075826,-0.60691637,-1.2443156,-0.92428201,-0.36774766,-0.10229552,0
3.1329203,-3.1972578,-1.5204642,0.37763453,-0.84190667,-0.38546759,0
-5.1181574,0.43680143,2.2040911,0.055631578,-0.39491117,0.91703343,0
-5.875246,0.63296819,2.3287654,0.055631578,-0.39491117,0.91703343,0
-3.8657455,0.3888638,1.9616308,0.055631578,-0.39491117,0.91703343,0
2.5278578,4.9633298,3.513077,-0.37763453,0.84190667,0.38546759,0
3.0056818,5.4019275,1.9573594,0.92428201,0.36774766,0.10229552,0
-4.6886568,2.6195996,1.231914,-0.37763453,0.84190667,0.38546759,0
3.0899172,2.1679971,2.363975,0.055631578,-0.39491117,0.91703343,0
-2.1335974,3.7435045,1.6077076,-0.37763453,0.84190667,0.38546759,0
2.1795361,-3.1486366,-2.8317733,0.37763453,-0.84190667,-0.38546759,0
-6.2586856,2.2200446,0.36794758,-0.92428201,-0.36774766,-0.10229552,0
3.4233589,4.7600813,1.1097527,0.92428201,0.36774766,0.10229552,0
-3.3809819,3.1341367,1.7302337,-0.37763453,0.84190667,0.38546759,0
-0.93838406,-5.2744803,-1.3087745,0.37763453,-0.84190667,-0.38546759,0
-5.8861475,0.95771503,0.90486383,-0.92428201,-0.36774766,-0.10229552,0
-1.7615223,4.1843085,0.88225651,-0.37763453,0.84190667,0.38546759,0
-4.7266655,-0.35522997,-1.4723377,-0.055631578,0.39491117,-0.91703343,0
1.7783072,1.5684929,2.2193329,0.055631578,-0.39491117,0.91703343,0
1.7694373,-2.8515019,0.23744476,0.055631578,-0.39491117,0.91703343,0
-5.4179554,1.9422841,2.2629209,-0.37763453,0.84190667,0.38546759,0
-0.010342598,-4.4150162,-1.8880278,0.37763453,-0.84190667,-0.38546759,0
3.0451136,-3.5353835,-1.2183201,0.37763453,-0.84190667,-0.38546759,0
2.7015207,5.0897179,0.41770053,-0.055631578,0.39491117,-0.91703343,0
6.1173425,-1.4675636,-0.35467672,0.92428201,0.36774766,0.10229552,0
3.0999355,5.172184,2.9254284,0.92428201,0.36774766,0.10229552,0
6.2234306,-1.62359,-1.4670787,0.92428201,0.36774766,0.10229552,0
-5.7129502,0.89678365,-0.24738932,-0.92428201,-0.36774766,-0.10229552,0
1.5950017,-4.3698187,-0.25191605,0.055631578,-0.39491117,0.91703343,0
4.2427588,3.1361866,0.21626282,0.92428201,0.36774766,0.10229552,0
4.4857106,1.7409661,-1.2640772,-0.055631578,0.39491117,-0.91703343,0
4.0095224,-3.3310704,-0.71742535,0.37763453,-0.84190667,-0.38546759,0
-2.9459953,3.7862904,0.22938752,-0.055631578,0.39491117,-0.91703343,0
3.430388,4.5339489,0.84392738,0.92428201,0.36774766,0.10229552,0
2.9583602,0.039934874,-1.7984688,-0.055631578,0.39491117,-0.91703343,0
-5.6229424,2.0605061,1.4576468,-0.37763453,0.84190667,0.38546759,0
5.017766,-1.8936381,-2.5987582,0.37763453,-0.84190667,-0.38546759,0
-5.1025863,-0.9425993,0.52523136,-0.92428201,-0.36774766,-0.10229552,0
-2.982955,0.27574158,1.9499002,0.055631578,-0.39491117,0.91703343,0
-1.0695368,-0.86976159,1.3630638,0.055631578,-0.39491117,0.91703343,0
-2.0448508,3.2342725,2.6149571,-0.37763453,0.84190667,0.38546759,0
2.253967,5.1071687,2.7131953,-0.37763453,0.84190667,0.38546759,0
3.2439196,-2.9705012,-1.8079093,0.37763453,-0.84190667,-0.38546759,0
2.3151646,2.0595214,-0.90004897,-0.055631578,0.39491117,-0.91703343,0
1.7145696,5.1184759,1.9381281,-0.37763453,0.84190667,0.38546759,0
-2.1595516,1.3294673,-0.99960721,-0.055631578,0.39491117,-0.91703343,0
3.1917713,4.5234289,0.068885803,-0.055631578,0.39491117,-0.91703343,0
0.96214747,0.73557496,-1.4109452,-0.055631578,0.39491117,-0.91703343,0
-5.3579192,0.19026133,-1.2080097,-0.92428201,-0.36774766,-0.10229552,0
5.733232,-2.630336,-0.089593887,0.37763453,-0.84190667,-0.38546759,0
-6.1021357,0.96571565,1.8924422,-0.92428201,-0.36774766,-0.10229552,0
1.4386919,4.9120169,2.1109264,-0.37763453,0.84190667,0.38546759,0
-0.41285706,2.51579,2.7957997,0.055631578,-0.39491117,0.91703343,0
2.7946901,-3.582469,-1.1918681,0.37763453,-0.84190667,-0.38546759,0
4.9146461,1.0772984,1.2974362,0.92428201,0.36774766,0.10229552,0
3.4152241,4.0831766,2.491776,0.92428201,0.36774766,0.10229552,0
0.047276616,1.2816486,2.2369366,0.055631578,-0.39491117,0.91703343,0
-5.0790968,1.7653847,2.7698231,-0.37763453,0.84190667,0.38546759,0
1.2363942,-1.6571852,-2.418607,-0.055631578,0.39491117,-0.91703343,0
-3.1250024,3.478899,1.0854638,-0.37763453,0.84190667,0.38546759,0
2.0242229,-2.8372481,-2.9117246,-0.055631578,0.39491117,-0.91703343,0
3.4483001,2.1160526,2.2970037,0.055631578,-0.39491117,0.91703343,0
3.0589621,-2.7844124,-2.7069991,0.37763453,-0.84190667,-0.38546759,0
-5.4652596,-0.25613546,0.86761379,-0.92428201,-0.36774766,-0.10229552,0
2.2161207,-3.3499751,-1.975121,0.37763453,-0.84190667,-0.38546759,0
-4.698853,-1.8338628,0.17207813,-0.92428201,-0.36774766,-0.10229552,0
5.7555285,-0.39742255,-1.7826314,0.92428201,0.36774766,0.10229552,0
2.0617924,-3.2910781,-2.4048507,0.37763453,-0.84190667,-0.38546759,0
1.8224405,1.6063025,2.1776149,0.055631578,-0.39491117,0.91703343,0
-5.8110638,0.72638702,1.6658726,-0.92428201,-0.36774766,-0.10229552,0
4.7992735,1.3871017,-0.089464188,0.92428201,0.36774766,0.10229552,0
-6.3519692,2.1165984,0.70872498,-0.92428201,-0.36774766,-0.10229552,0
-0.56286478,4.5154405,1.3051802,-0.37763453,0.84190667,0.38546759,0
1.0788379,5.4465952,0.75809896,-0.37763453,0.84190667,0.38546759,0
-6.0572329,1.6122272,2.2271814,-0.37763453,0.84190667,0.38546759,0
-3.1293573,-0.098848581,1.810535,0.055631578,-0.39491117,0.91703343,0
4.4692202,-2.1974015,-2.6319509,0.37763453,-0.84190667,-0.38546759,0
-1.5783772,0.20075369,1.7637864,0.055631578,-0.39491117,0.91703343,0
3.3357506,4.7085924,1.0522187,0.92428201,0.36774766,0.10229552,0
3.2222257,4.5391335,3.290843,0.92428201,0.36774766,0.10229552,0
-5.6466494,0.87588066,-0.5343585,-0.92428201,-0.36774766,-0.10229552,0
1.0881286,4.8896089,1.8271039,-0.37763453,0.84190667,0.38546759,0
-3.1330609,-2.3962121,-2.4616251,-0.055631578,0.39491117,-0.91703343,0
-4.5164175,3.2358413,-0.023527622,-0.37763453,0.84190667,0.38546759,0
4.2584772,2.9450145,0.37677574,0.92428201,0.36774766,0.10229552,0
5.5292339,-0.45383203,-0.22219563,0.92428201,0.36774766,0.10229552,0
-1.4059529,3.3677206,2.8195825,-0.37763453,0.84190667,0.38546759,0
1.3389759,-3.7917955,-0.050057292,0.055631578,-0.39491117,0.91703343,0
4.6937141,1.9344113,-0.86046696,0.92428201,0.36774766,0.10229552,0
3.8923893,3.3057103,2.6881106,0.92428201,0.36774766,0.10229552,0
-4.8476067,2.4668334,1.5237103,-0.37763453,0.84190667,0.38546759,0
0.60150933,1.8417716,2.2875085,0.055631578,-0.39491117,0.91703343,0
3.8355765,3.3640223,1.6798899,0.92428201,0.36774766,0.10229552,0
3.9976215,2.9663289,1.6543531,0.92428201,0.36774766,0.10229552,0
-5.7369652,0.75528276,-0.73047924,-0.92428201,-0.36774766,-0.10229552,0
-0.14932537,1.7524621,2.3449559,0.055631578,-0.39491117,0.91703343,0
2.7849674,-3.7688339,-0.62071157,0.37763453,-0.84190667,-0.38546759,0
5.527288,0.14651322,-0.87133789,0.92428201,0.36774766,0.10229552,0
-0.88015628,2.5128767,2.838521,0.055631578,-0.39491117,0.91703343,0
0.23371172,-3.8321149,-3.2349141,0.37763453,-0.84190667,-0.38546759,0
-6.2614446,2.2698588,0.71838665,-0.37763453,0.84190667,0.38546759,0
-4.1922798,-0.27706701,-1.5509186,-0.055631578,0.39491117,-0.91703343,0
-2.1081047,-1.423316,1.1268871,0.055631578,-0.39491117,0.91703343,0
-2.9224563,-1.3800714,1.2001038,0.055631578,-0.39491117,0.91703343,0
-4.9609246,-0.84495676,-1.5448394,-0.92428201,-0.36774766,-0.10229552,0
-1.4360547,3.3701904,3.0555191,-0.37763453,0.84190667,0.38546759,0
0.0021338463,4.6034918,1.4401467,-0.37763453,0.84190667,0.38546759,0
-2.0585561,3.7307012,1.4836903,-0.37763453,0.84190667,0.38546759,0
-1.5883063,0.58750415,1.9430746,0.055631578,-0.39491117,0.91703343,0
-1.3824921,0.068973303,-1.6279522,-0.055631578,0.39491117,-0.91703343,0
-5.588027,1.9196056,2.1156979,-0.37763453,0.84190667,0.38546759,0
-1.8252001,-5.379262,-1.7286015,0.37763453,-0.84190667,-0.38546759,0
-5.428432,1.8101866,2.5947194,-0.37763453,0.84190667,0.38546759,0
0.25821471,-2.3656604,-2.7601228,-0.055631578,0.39491117,-0.91703343,0
-4.6171002,3.1626778,0.12627125,-0.37763453,0.84190667,0.38546759,0
5.773345,-0.38093305,-2.0750799,-0.055631578,0.39491117,-0.91703343,0
-4.3794551,2.5534801,1.7337451,-0.37763453,0.84190667,0.38546759,0
4.6090899,1.4436185,1.7424083,0.92428201,0.36774766,0.10229552,0
5.9734268,-1.1192747,-0.89098644,0.92428201,0.36774766,0.10229552,0
-3.3012011,-4.8305278,-1.5802109,-0.92428201,-0.36774766,-0.10229552,0
3.4964013,-3.4551232,-0.78109407,0.37763453,-0.84190667,-0.38546759,0
-3.0091338,-1.8469949,1.103328,0.055631578,-0.39491117,0.91703343,0
-5.9540968,0.76566863,1.578949,-0.92428201,-0.36774766,-0.10229552,0
-3.0233042,2.608984,-0.42126203,-0.055631578,0.39491117,-0.91703343,0
3.0136549,-2.7216735,-3.0022814,0.37763453,-0.84190667,-0.38546759,0
-4.6496048,-2.2697964,0.5440383,-0.92428201,-0.36774766,-0.10229552,0
2.9531317,-3.7666187,-0.80958652,0.37763453,-0.84190667,-0.38546759,0
0.81688547,-4.7844596,-0.63655239,0.37763453,-0.84190667,-0.38546759,0
-4.2967329,-2.4330182,-1.6357052,-0.92428201,-0.36774766,-0.10229552,0
-2.2327914,1.7769179,-0.6715647,-0.055631578,0.39491117,-0.91703343,0
-4.3408337,-1.9025202,-2.0745275,-0.92428201,-0.36774766,-0.10229552,0
-4.77284,-1.6080792,0.12423038,-0.92428201,-0.36774766,-0.10229552,0
-1.3144569,3.4326177,2.8028457,-0.37763453,0.84190667,0.38546759,0
4.7099705,-0.028787613,-1.8613992,-0.055631578,0.39491117,-0.91703343,0
2.1278398,4.7485228,3.4846401,-0.37763453,0.84190667,0.38546759,0
-1.8569944,-5.3619571,-1.9277306,0.37763453,-0.84190667,-0.38546759,0
-3.2650788,-4.5522127,-2.1438322,-0.92428201,-0.36774766,-0.10229552,0
2.6776769,1.6968279,-0.9954803,-0.055631578,0.39491117,-0.91703343,0
6.1040058,-2.1769929,-1.0424151,0.37763453,-0.84190667,-0.38546759,0
0.80811071,4.2362461,3.1525168,-0.37763453,0.84190667,0.38546759,0
-4.5545931,0.21779346,1.9010243,0.055631578,-0.39491117,0.91703343,0
1.4810176,-3.4918153,0.12403762,0.055631578,-0.39491117,0.91703343,0
-3.5213592,-4.3712912,-1.5386865,-0.92428201,-0.36774766,-0.10229552,0
4.8272324,0.44524708,1.5784011,0.055631578,-0.39491117,0.91703343,0
1.3030286,-3.5737119,-2.6495523,0.37763453,-0.84190667,-0.38546759,0
4.3203936,2.3802335,2.0503569,0.92428201,0.36774766,0.10229552,0
-5.7787552,1.3422744,-0.73488712,-0.92428201,-0.36774766,-0.10229552,0
-5.7705626,2.1212134,1.4297152,-0.37763453,0.84190667,0.38546759,0
-0.21258688,-0.39939809,1.4440088,0.055631578,-0.39491117,0.91703343,0
3.0180821,5.7371535,1.8265624,0.92428201,0.36774766,0.10229552,0
-3.8790369,-3.5916281,-1.1264296,-0.92428201,-0.36774766,-0.10229552,0
-0.89160156,-5.0073471,-1.438082,0.37763453,-0.84190667,-0.38546759,0
3.9768677,2.2578073,2.3051155,0.055631578,-0.39491117,0.91703343,0
5.5931039,-0.027067184,-1.5440507,0.92428201,0.36774766,0.10229552,0
-0.60837364,0.77190864,2.0404787,0.055631578,-0.39491117,0.91703343,0
-5.4470882,0.25318193,-0.76455259,-0.92428201,-0.36774766,-0.10229552,0
-4.5281181,-1.5992275,-1.7783282,-0.92428201,-0.36774766,-0.10229552,0
0.25425386,-3.5331829,-3.1041183,-0.055631578,0.39491117,-0.91703343,0
0.99219036,4.6072073,2.4422979,-0.37763453,0.84190667,0.38546759,0
0.77445382,0.49982893,1.807067,0.055631578,-0.39491117,0.91703343,0
5.0316882,1.3091838,-1.3159986,-0.055631578,0.39491117,-0.91703343,0
4.218565,3.0027218,-0.16722345,0.92428201,0.36774766,0.10229552,0
1.1863942,-3.4240816,-2.8890641,0.37763453,-0.84190667,-0.38546759,0
2.5228548,5.2523971,2.4833982,-0.37763453,0.84190667,0.38546759,0
2.633945,-3.4755936,-1.4077051,0.37763453,-0.84190667,-0.38546759,0
-1.5144904,3.3207598,-0.21147513,-0.055631578,0.39491117,-0.91703343,0
4.1478143,2.6037016,2.0054021,0.92428201,0.36774766,0.10229552,0
3.6588399,3.728061,1.6214154,0.92428201,0.36774766,0.10229552,0
3.4571595,-3.4747376,-0.51520824,0.37763453,-0.84190667,-0.38546759,0
-5.7205172,2.6621859,0.24081087,-0.37763453,0.84190667,0.38546759,0
-5.3220925,-0.32713675,0.8772397,-0.92428201,-0.36774766,-0.10229552,0
-0.076345921,-2.4717004,0.47265175,0.055631578,-0.39491117,0.91703343,0
5.6301918,-0.65288043,-0.52903557,0.92428201,0.36774766,0.10229552,0
3.6493449,2.4622982,2.4847775,0.055631578,-0.39491117,0.91703343,0
-4.3242431,-2.0020638,-1.9215875,-0.92428201,-0.36774766,-0.10229552,0
4.7041249,1.473165,0.66028786,0.92428201,0.36774766,0.10229552,0
-5.9387798,1.1047778,1.0276628,-0.92428201,-0.36774766,-0.10229552,0
1.859894,2.7322493,2.5996058,0.055631578,-0.39491117,0.91703343,0
-1.5523216,-0.96105373,-1.972061,-0.055631578,0.39491117,-0.91703343,0
2.9250424,5.6410184,1.4493294,0.92428201,0.36774766,0.10229552,0
2.5865991,-2.9016013,-3.0431066,0.37763453,-0.84190667,-0.38546759,0
-2.486021,-4.8289824,-3.3509943,0.37763453,-0.84190667,-0.38546759,0
4.6555119,0.49935445,1.6742377,0.055631578,-0.39491117,0.91703343,0
-2.648603,3.2675831,1.7924311,-0.37763453,0.84190667,0.38546759,0
-5.1552777,-0.93409801,0.76111221,-0.92428201,-0.36774766,-0.10229552,0
0.56454897,-4.6072383,-1.296711,0.37763453,-0.84190667,-0.38546759,0
-0.60656166,4.6840301,0.72987151,-0.37763453,0.84190667,0.38546759,0
-0.64871943,-1.0119569,1.3062518,0.055631578,-0.39491117,0.91703343,0
-5.3812852,-0.74659681,1.7228718,-0.92428201,-0.36774766,-0.10229552,0
-6.2925935,1.4390798,1.9534369,-0.92428201,-0.36774766,-0.10229552,0
1.6959276,3.150547,-0.32526112,-0.055631578,0.39491117,-0.91703343,0
-6.1607385,1.5695226,1.2335663,-0.92428201,-0.36774766,-0.10229552,0
-4.9028964,0.27069914,-1.3165536,-0.055631578,0.39491117,-0.91703343,0
0.71593875,0.45454311,-1.5410724,-0.055631578,0.39491117,-0.91703343,0
-1.3041551,3.1371326,-0.27284634,-0.055631578,0.39491117,-0.91703343,0
-1.4330893,2.4438581,2.881249,0.055631578,-0.39491117,0.91703343,0
-5.0762181,-0.63694072,-0.82238436,-0.92428201,-0.36774766,-0.10229552,0
-2.0270655,-5.2711086,-0.46382725,0.055631578,-0.39491117,0.91703343,0
-0.29914904,4.0657268,2.7086432,-0.37763453,0.84190667,0.38546759,0
0.32493258,3.9689534,3.431097,0.055631578,-0.39491117,0.91703343,0
4.5026159,-3.0422575,0.13164091,0.055631578,-0.39491117,0.91703343,0
-0.075850725,-2.0570731,-2.6033216,-0.055631578,0.39491117,-0.91703343,0
-0.083295345,-4.5932107,-1.8851643,0.37763453,-0.84190667,-0.38546759,0
3.2963643,-0.4669922,1.1865854,0.055631578,-0.39491117,0.91703343,0
-5.2092433,-0.57327485,0.42772484,-0.92428201,-0.36774766,-0.10229552,0
2.2200289,-2.1844411,0.53477108,0.055631578,-0.39491117,0.91703343,0
-5.5095339,0.13467693,0.99402666,-0.92428201,-0.36774766,-0.10229552,0
0.33934259,-4.4050303,-1.9649668,0.37763453,-0.84190667,-0.38546759,0
4.1062298,-3.0146158,-0.0089888573,0.055631578,-0.39491117,0.91703343,0
0.59611177,4.7670836,0.39063275,-0.055631578,0.39491117,-0.91703343,0
-2.9463122,-5.3901949,-2.0577536,-0.92428201,-0.36774766,-0.10229552,0
3.5328798,-2.9779661,-1.7210736,0.37763453,-0.84190667,-0.38546759,0
2.4757838,-3.5859094,-1.3533463,0.37763453,-0.84190667,-0.38546759,0
3.9065318,3.5252643,0.59926558,0.92428201,0.36774766,0.10229552,0
-0.31064939,-3.8302307,-3.3578362,-0.055631578,0.39491117,-0.91703343,0
5.0971408,-2.7136912,-0.78604174,0.37763453,-0.84190667,-0.38546759,0
-5.6683555,0.41455507,0.81523037,-0.92428201,-0.36774766,-0.10229552,0
-4.1888466,-0.35340357,-1.6013651,-0.055631578,0.39491117,-0.91703343,0
-3.5650735,-3.8674128,-1.9191265,-0.92428201,-0.36774766,-0.10229552,0
2.6366696,4.9933901,0.34468436,-0.055631578,0.39491117,-0.91703343,0
2.8934567,0.4776094,-1.5419941,-0.055631578,0.39491117,-0.91703343,0
5.9124346,-0.91854548,-0.42569542,0.92428201,0.36774766,0.10229552,0
1.6114583,-3.7584825,-2.1439905,0.37763453,-0.84190667,-0.38546759,0
5.8895893,-1.1101468,0.4213872,0.92428201,0.36774766,0.10229552,0
3.5904584,-2.3620088,0.30675864,0.055631578,-0.39491117,0.91703343,0
-5.8153896,0.70253229,0.85476065,-0.92428201,-0.36774766,-0.10229552,0
1.7622705,-3.6245997,-2.2018113,0.37763453,-0.84190667,-0.38546759,0
-4.2077708,-0.65325093,1.6506913,0.055631578,-0.39491117,0.91703343,0
0.015877724,-1.6192499,0.93595201,0.055631578,-0.39491117,0.91703343,0
-4.1803861,-2.0366135,1.0103207,0.055631578,-0.39491117,0.91703343,0
4.7472763,1.1682391,1.683007,0.92428201,0.36774766,0.10229552,0
0.83737326,4.3838334,2.8715646,-0.37763453,0.84190667,0.38546759,0
-3.0271721,-4.9710531,-2.8728218,-0.92428201,-0.36774766,-0.10229552,0
-5.888504,1.3192759,0.15059757,-0.92428201,-0.36774766,-0.10229552,0
-0.19315219,-3.6087203,-3.1107795,-0.055631578,0.39491117,-0.91703343,0
-0.21220398,-5.0041509,-1.2032418,0.37763453,-0.84190667,-0.38546759,0
-3.835305,-3.5567608,-1.9062626,-0.92428201,-0.36774766,-0.10229552,0
-3.4131422,2.8858638,2.2720814,-0.37763453,0.84190667,0.38546759,0
4.6960583,1.5801123,1.3378098,0.92428201,0.36774766,0.10229552,0
1.2670856,5.1621981,1.5211688,-0.37763453,0.84190667,0.38546759,0
-3.8948073,-3.2553363,-1.4492745,-0.92428201,-0.36774766,-0.10229552,0
-5.1991525,-0.20818663,1.7552376,0.055631578,-0.39491117,0.91703343,0
-1.3107564,2.5658681,-0.39793134,-0.055631578,0.39491117,-0.91703343,0
-4.926991,-1.5774248,1.3174815,0.055631578,-0.39491117,0.91703343,0
0.91015291,4.4777632,2.5628922,-0.37763453,0.84190667,0.38546759,0
-3.1847458,-4.8306108,-2.4417953,-0.92428201,-0.36774766,-0.10229552,0
-2.4023304,3.8240986,1.1882205,-0.37763453,0.84190667,0.38546759,0
3.2257304,5.3947263,1.2411456,0.92428201,0.36774766,0.10229552,0
-4.1016498,-3.1437855,-0.78328276,-0.92428201,-0.36774766,-0.10229552,0
-2.108623,-4.6500502,-3.4236174,0.37763453,-0.84190667,-0.38546759,0
-5.704185,0.86197102,-0.14981985,-0.92428201,-0.36774766,-0.10229552,0
2.6468878,5.0191278,3.1801989,-0.37763453,0.84190667,0.38546759,0
-2.8687739,3.5657418,1.2945459,-0.37763453,0.84190667,0.38546759,0
-3.0546572,-5.4022293,-2.4283829,-0.92428201,-0.36774766,-0.10229552,0
-0.56059217,-4.7317705,-1.66449,0.37763453,-0.84190667,-0.38546759,0
-3.9041038,-3.3638957,-2.1994317,-0.92428201,-0.36774766,-0.10229552,0
5.263175,0.69417071,-1.6506133,-0.055631578,0.39491117,-0.91703343,0
-1.7450116,-4.7496915,-2.9005165,0.37763453,-0.84190667,-0.38546759,0
2.5819585,-2.9187176,-2.9355209,0.37763453,-0.84190667,-0.38546759,0
5.2106733,0.15685964,0.6846838,0.92428201,0.36774766,0.10229552,0
0.48668706,-0.9744873,-2.0712233,-0.055631578,0.39491117,-0.91703343,0
-4.5954418,2.6660714,1.2810993,-0.37763453,0.84190667,0.38546759,0
3.3643486,3.3183038,-0.43995047,-0.055631578,0.39491117,-0.91703343,0
-2.3218129,-3.5025129,-3.0421836,-0.055631578,0.39491117,-0.91703343,0
3.9289298,2.8834405,2.4182639,0.92428201,0.36774766,0.10229552,0
0.26294655,-0.35792017,-1.779864,-0.055631578,0.39491117,-0.91703343,0
-1.2460294,3.3065844,3.099488,-0.37763453,0.84190667,0.38546759,0
0.16931623,0.6820966,-1.2975888,-0.055631578,0.39491117,-0.91703343,0
4.2114501,3.0878522,-0.5724206,0.92428201,0.36774766,0.10229552,0
-4.8710213,0.49668872,-1.2041411,-0.055631578,0.39491117,-0.91703343,0
1.1459882,4.4671125,2.9676657,-0.37763453,0.84190667,0.38546759,0
-2.9868329,-5.2654762,-2.4025578,-0.92428201,-0.36774766,-0.10229552,0
5.4625883,-0.064029932,-1.1694155,0.92428201,0.36774766,0.10229552,0
2.699379,-3.2747161,-0.0066604614,0.055631578,-0.39491117,0.91703343,0
3.2076588,5.0985165,1.5942101,0.92428201,0.36774766,0.10229552,0
-1.3652307,-1.7567681,1.0249952,0.055631578,-0.39491117,0.91703343,0
-3.6887558,-3.7058465,-2.0980272,-0.92428201,-0.36774766,-0.10229552,0
0.92966127,5.4265323,0.6071775,-0.055631578,0.39491117,-0.91703343,0
-4.7753596,-2.0632732,1.0294456,-0.92428201,-0.36774766,-0.10229552,0
-3.70241,-1.6659942,-2.2240899,-0.055631578,0.39491117,-0.91703343,0
-2.5792601,-4.9137068,-0.43104434,0.055631578,-0.39491117,0.91703343,0
5.1328673,0.9467001,-1.4099522,0.92428201,0.36774766,0.10229552,0
-4.7027483,-1.3987277,-1.2475009,-0.92428201,-0.36774766,-0.10229552,0
-2.0763855,-5.0571775,-0.407794,0.055631578,-0.39491117,0.91703343,0
4.0771966,3.1614316,0.44134235,0.92428201,0.36774766,0.10229552,0
5.9520631,-1.1253514,-0.80907965,0.92428201,0.36774766,0.10229552,0
1.2848783,5.617775,0.91816491,-0.37763453,0.84190667,0.38546759,0
0.46736193,-4.1713653,-2.1254854,0.37763453,-0.84190667,-0.38546759,0
0.81540275,4.3242822,2.8351393,-0.37763453,0.84190667,0.38546759,0
2.3627124,5.7704482,1.3137261,-0.37763453,0.84190667,0.38546759,0
-2.9161503,-0.34243232,-1.5867203,-0.055631578,0.39491117,-0.91703343,0
4.6288123,1.733799,1.0313258,0.92428201,0.36774766,0.10229552,0
-5.2819133,-0.54972267,1.652966,0.055631578,-0.39491117,0.91703343,0
5.571846,-0.29835963,-0.70633221,0.92428201,0.36774766,0.10229552,0
4.9404702,0.88073528,0.20950031,0.92428201,0.36774766,0.10229552,0
-4.6464286,-2.0238435,-0.25363445,-0.92428201,-0.36774766,-0.10229552,0
-0.010456085,4.3745503,1.8995398,-0.37763453,0.84190667,0.38546759,0
3.56464,1.6861551,2.1271577,0.055631578,-0.39491117,0.91703343,0
-2.8380816,1.8922533,2.5461814,0.055631578,-0.39491117,0.91703343,0
-4.6833048,-0.60450912,1.5969372,0.055631578,-0.39491117,0.91703343,0
-0.26905298,-4.9934497,-1.1325452,0.37763453,-0.84190667,-0.38546759,0
-1.1266456,4.5971227,0.35675251,-0.37763453,0.84190667,0.38546759,0
-5.6443877,0.70897937,-0.010466576,-0.92428201,-0.36774766,-0.10229552,0
-0.12692237,2.708487,2.8474779,0.055631578,-0.39491117,0.91703343,0
3.5994983,4.2334547,1.4851952,0.92428201,0.36774766,0.10229552,0
5.5919318,-0.51860249,-0.63258362,0.92428201,0.36774766,0.10229552,0
-6.3428702,2.2085338,-0.13319159,-0.92428201,-0.36774766,-0.10229552,0
-4.4934349,-2.5331736,0.83540821,-0.92428201,-0.36774766,-0.10229552,0
0.043588638,-3.6756048,0.13343506,0.055631578,-0.39491117,0.91703343,0
5.4078064,-0.3021028,0.77350187,0.92428201,0.36774766,0.10229552,0
-1.5449672,3.3313425,3.0646806,-0.37763453,0.84190667,0.38546759,0
-3.2189968,-5.5270295,-0.64383388,-0.92428201,-0.36774766,-0.10229552,0
-0.59547186,4.7376008,0.56419325,-0.37763453,0.84190667,0.38546759,0
6.1904383,-1.7363281,-0.93143749,0.92428201,0.36774766,0.10229552,0
1.038671,3.2409873,-0.31926429,-0.055631578,0.39491117,-0.91703343,0
3.6612883,4.2491603,1.3228452,0.92428201,0.36774766,0.10229552,0
6.1570072,-2.0244391,-1.0605469,0.37763453,-0.84190667,-0.38546759,0
-2.9733634,1.2882866,-0.82128,-0.055631578,0.39491117,-0.91703343,0
-1.6962295,3.7620978,1.8069388,-0.37763453,0.84190667,0.38546759,0
0.63241577,4.5567489,2.4318945,-0.37763453,0.84190667,0.38546759,0
6.1906834,-2.4936543,-0.15628433,0.37763453,-0.84190667,-0.38546759,0
-2.9289014,-1.7458427,1.0209489,0.055631578,-0.39491117,0.91703343,0
-2.5344024,3.813612,1.0611379,-0.37763453,0.84190667,0.38546759,0
1.7241955,3.9456635,-0.083167553,-0.055631578,0.39491117,-0.91703343,0
-6.2132559,2.2713511,0.69562435,-0.37763453,0.84190667,0.38546759,0
1.3267531,-2.7880976,-2.902626,-0.055631578,0.39491117,-0.91703343,0
