-0.86606741,2.8564613,4.2134905,-0.26728129,-0.082091063,0.96011555,0
1.877501,4.9670472,-1.244494,0.41480398,0.88952458,0.19153041,0
-1.7721968,-2.4036279,3.3674622,-0.26728129,-0.082091063,0.96011555,0
3.4885559,4.3166294,-1.415617,0.41480398,0.88952458,0.19153041,0
-2.2269421,-4.3833818,-1.0325437,-0.41480398,-0.88952458,-0.19153041,0
-1.0260717,-1.2883415,-4.6282902,0.26728129,0.082091063,-0.96011555,0
2.5106096,3.3651481,4.0452127,0.86976922,-0.44945216,0.20370165,0
2.6581748,4.529407,-0.56967211,0.41480398,0.88952458,0.19153041,0
1.0918312,-0.2974925,-3.8762941,0.26728129,0.082091063,-0.96011555,0
0.1066618,1.3818896,-4.0350003,0.26728129,0.082091063,-0.96011555,0
-0.97215319,-5.1727395,-0.2242403,-0.41480398,-0.88952458,-0.19153041,0
1.6384718,4.1990895,3.4872606,0.41480398,0.88952458,0.19153041,0
0.19029665,2.0003111,-3.5002069,-0.86976922,0.44945216,-0.20370165,0
1.3466119,4.6949406,1.0815129,0.41480398,0.88952458,0.19153041,0
-3.5561335,-2.7266228,2.9404154,-0.26728129,-0.082091063,0.96011555,0
-2.9333067,-4.3817663,2.9434743,-0.26728129,-0.082091063,0.96011555,0
0.53048253,-0.94245231,2.9475291,0.86976922,-0.44945216,0.20370165,0
-0.82748103,-0.33487272,-4.4959168,0.26728129,0.082091063,-0.96011555,0
-1.2616146,-5.1824365,1.1476619,-0.41480398,-0.88952458,-0.19153041,0
-0.70259243,3.5657959,3.3793783,-0.86976922,0.44945216,-0.20370165,0
0.59358847,4.7839656,2.6588778,0.41480398,0.88952458,0.19153041,0
2.2287085,4.8662934,-1.5443375,0.41480398,0.88952458,0.19153041,0
2.3437135,3.9037776,2.4514003,0.41480398,0.88952458,0.19153041,0
-1.9904163,-4.8376627,0.66054916,-0.41480398,-0.88952458,-0.19153041,0
2.1400924,0.86164117,-3.5716,0.26728129,0.082091063,-0.96011555,0
-0.73171544,-0.89097071,3.9788196,-0.26728129,-0.082091063,0.96011555,0
-2.8332117,-2.4356258,-0.26183772,-0.86976922,0.44945216,-0.20370165,0
-1.4782811,1.4390602,1.9484982,-0.86976922,0.44945216,-0.20370165,0
3.5502141,3.9999866,-0.41353989,0.41480398,0.88952458,0.19153041,0
0.36050725,0.90311587,-3.9600754,0.26728129,0.082091063,-0.96011555,0
1.2753752,-1.9398645,-2.7771511,0.86976922,-0.44945216,0.20370165,0
0.8598485,5.0427742,0.37547207,0.41480398,0.88952458,0.19153041,0
0.44591832,-2.462661,0.18188334,0.86976922,-0.44945216,0.20370165,0
2.3822315,1.695622,-3.3168788,0.26728129,0.082091063,-0.96011555,0
0.53801632,-1.9493709,-4.0934124,0.26728129,0.082091063,-0.96011555,0
0.90262365,4.6934013,2.5631828,0.41480398,0.88952458,0.19153041,0
-0.69014633,-1.7673064,-4.5911283,0.26728129,0.082091063,-0.96011555,0
-2.8694074,-4.4762077,1.3175273,-0.41480398,-0.88952458,-0.19153041,0
-1.1503845,-1.9096403,-4.7362347,0.26728129,0.082091063,-0.96011555,0
3.7289069,4.0970488,-0.74469757,0.41480398,0.88952458,0.19153041,0
0.039609641,-4.8921738,-3.6259625,-0.41480398,-0.88952458,-0.19153041,0
-3.4743254,-3.0378113,1.1484191,-0.86976922,0.44945216,-0.20370165,0
0.73604631,0.48286271,4.3231025,-0.26728129,-0.082091063,0.96011555,0
0.22756577,-3.1919036,-0.62890077,0.86976922,-0.44945216,0.20370165,0
-3.381171,-2.7701511,2.9207392,-0.26728129,-0.082091063,0.96011555,0
1.564599,2.34266,4.7849379,-0.26728129,-0.082091063,0.96011555,0
0.60013413,-0.80520058,-3.9725001,0.26728129,0.082091063,-0.96011555,0
-1.7806216,1.0305949,2.9733059,-0.86976922,0.44945216,-0.20370165,0
-1.222036,-4.1445298,-3.7503927,-0.41480398,-0.88952458,-0.19153041,0
-0.18545592,2.5484166,4.3817272,-0.26728129,-0.082091063,0.96011555,0
-0.26745701,-1.7869756,4.0187764,-0.26728129,-0.082091063,0.96011555,0
-2.1539035,-2.3184652,3.3368919,-0.26728129,-0.082091063,0.96011555,0
-1.5433474,-4.3897614,3.3178873,-0.26728129,-0.082091063,0.96011555,0
-2.8495073,-3.4933484,-2.8206875,-0.86976922,0.44945216,-0.20370165,0
1.4723308,-0.28698117,0.16750139,0.86976922,-0.44945216,0.20370165,0
2.3839335,3.4844351,4.8992462,0.41480398,0.88952458,0.19153041,0
-1.3085172,-4.9256687,-0.11871815,-0.41480398,-0.88952458,-0.19153041,0
3.176034,2.9892232,-3.0821018,0.26728129,0.082091063,-0.96011555,0
-0.015196323,3.3450534,-0.012149453,-0.86976922,0.44945216,-0.20370165,0
-0.36818147,1.9005922,4.2592282,-0.26728129,-0.082091063,0.96011555,0
-0.90924531,1.0951312,-0.67945898,-0.86976922,0.44945216,-0.20370165,0
3.064364,3.7904434,1.520328,0.41480398,0.88952458,0.19153041,0
-1.2152354,-4.4729376,-2.914113,-0.41480398,-0.88952458,-0.19153041,0
-3.01423,-4.0819654,-0.7080965,-0.41480398,-0.88952458,-0.19153041,0
-0.063186049,-4.3633895,-4.5813904,0.26728129,0.082091063,-0.96011555,0
4.1196022,3.9308743,-1.4682424,0.41480398,0.88952458,0.19153041,0
0.13102293,0.066681862,4.2154274,-0.26728129,-0.082091063,0.96011555,0
1.4815049,-0.35853332,-3.6832476,0.26728129,0.082091063,-0.96011555,0
-0.92053229,-4.2273273,-4.1932859,-0.41480398,-0.88952458,-0.19153041,0
-3.2013309,-3.8924766,-1.1319518,-0.41480398,-0.88952458,-0.19153041,0
-0.12036395,-2.46786,2.0229852,0.86976922,-0.44945216,0.20370165,0
0.32736111,1.2331457,4.3131785,-0.26728129,-0.082091063,0.96011555,0
-2.0523467,-0.55256683,0.28146267,-0.86976922,0.44945216,-0.20370165,0
-2.1134446,-0.95716667,3.5448966,-0.26728129,-0.082091063,0.96011555,0
1.2431903,0.024006605,-3.9194436,0.26728129,0.082091063,-0.96011555,0
3.5741925,2.582166,-2.6807542,0.86976922,-0.44945216,0.20370165,0
2.5395751,3.6521363,3.9215956,0.41480398,0.88952458,0.19153041,0
-1.9721713,-3.7348254,3.308712,-0.26728129,-0.082091063,0.96011555,0
-0.71567345,-3.2780795,3.3751395,0.86976922,-0.44945216,0.20370165,0
-2.2792771,-4.619945,0.19613409,-0.41480398,-0.88952458,-0.19153041,0
-2.3735988,-1.0927601,3.4847517,-0.26728129,-0.082091063,0.96011555,0
2.7345693,4.6853104,-1.7024462,0.41480398,0.88952458,0.19153041,0
-1.6192936,-3.8670971,-4.2448812,-0.41480398,-0.88952458,-0.19153041,0
3.4425361,3.6827147,-2.9180024,0.26728129,0.082091063,-0.96011555,0
-1.5315502,0.81119311,3.8771448,-0.26728129,-0.082091063,0.96011555,0
0.38200188,2.5546384,-2.8919034,-0.86976922,0.44945216,-0.20370165,0
4.0625477,4.2547941,-2.0275819,0.41480398,0.88952458,0.19153041,0
2.6342051,2.0620239,0.84084558,0.86976922,-0.44945216,0.20370165,0
2.7692404,4.5316291,-0.46812534,0.41480398,0.88952458,0.19153041,0
-3.7191613,-4.4922066,2.59848,-0.41480398,-0.88952458,-0.19153041,0
3.4419045,4.1453838,-0.91979861,0.41480398,0.88952458,0.19153041,0
-1.5826087,-4.2829971,3.377583,-0.26728129,-0.082091063,0.96011555,0
-2.8461149,-4.7239099,2.2619152,-0.41480398,-0.88952458,-0.19153041,0
2.8170662,4.585917,-1.0283945,0.41480398,0.88952458,0.19153041,0
0.37411106,2.0295761,4.4591646,-0.26728129,-0.082091063,0.96011555,0
1.8473489,1.3123896,2.5100806,0.86976922,-0.44945216,0.20370165,0
0.77878737,0.91438997,-3.8077729,0.26728129,0.082091063,-0.96011555,0
-2.296478,-4.4524217,-0.44070148,-0.41480398,-0.88952458,-0.19153041,0
-2.9718657,-1.8100569,3.1306772,-0.26728129,-0.082091063,0.96011555,0
-1.4931667,-5.0533781,1.0696681,-0.41480398,-0.88952458,-0.19153041,0
-1.9821081,-2.9518158,3.2602513,-0.26728129,-0.082091063,0.96011555,0
0.32431507,-1.8637372,-4.1333041,0.26728129,0.082091063,-0.96011555,0
-0.32533646,2.684273,4.2081771,-0.26728129,-0.082091063,0.96011555,0
-0.17850327,-1.760118,-4.4181991,0.26728129,0.082091063,-0.96011555,0
-2.0177698,-2.4570823,-3.8235211,-0.86976922,0.44945216,-0.20370165,0
2.5549526,4.0354452,1.8909636,0.41480398,0.88952458,0.19153041,0
-2.5752957,-3.5544868,-3.9619722,-0.41480398,-0.88952458,-0.19153041,0
-2.576436,-1.4113312,0.75090456,-0.86976922,0.44945216,-0.20370165,0
3.4738779,4.155705,-0.70005846,0.41480398,0.88952458,0.19153041,0
3.364449,4.5988264,-2.5082028,0.41480398,0.88952458,0.19153041,0
-4.2393894,-4.1930304,2.347476,-0.41480398,-0.88952458,-0.19153041,0
-1.0837626,-4.0702858,2.8723404,0.86976922,-0.44945216,0.20370165,0
-1.3630037,-4.6184034,-1.61008,-0.41480398,-0.88952458,-0.19153041,0
-2.0428567,-0.6987747,-0.54609454,-0.86976922,0.44945216,-0.20370165,0
1.2104069,1.708324,4.6730556,-0.26728129,-0.082091063,0.96011555,0
0.12821436,-0.848382,-4.2736545,0.26728129,0.082091063,-0.96011555,0
-3.6145232,-2.412734,2.9946384,-0.26728129,-0.082091063,0.96011555,0
-2.0798848,-4.6333151,0.20600891,-0.41480398,-0.88952458,-0.19153041,0
2.4416416,4.0639682,1.5639687,0.41480398,0.88952458,0.19153041,0
-1.4946029,-1.4527882,-3.9990795,-0.86976922,0.44945216,-0.20370165,0
0.84745026,-2.3074536,-4.2050962,0.26728129,0.082091063,-0.96011555,0
2.1567373,3.7852046,3.4237571,0.41480398,0.88952458,0.19153041,0
1.7807813,-0.96748233,-2.353718,0.86976922,-0.44945216,0.20370165,0
-2.8176899,-3.5981739,-2.867789,-0.41480398,-0.88952458,-0.19153041,0
1.8674068,3.4830146,-3.4181988,0.26728129,0.082091063,-0.96011555,0
2.2723188,4.1643076,1.7634938,0.41480398,0.88952458,0.19153041,0
-1.2994602,1.6111388,1.7956198,-0.86976922,0.44945216,-0.20370165,0
-3.4837608,-3.8103678,-0.91124678,-0.41480398,-0.88952458,-0.19153041,0
2.0076218,3.7145197,4.4579964,0.41480398,0.88952458,0.19153041,0
-2.0343325,-5.210712,2.0041666,-0.41480398,-0.88952458,-0.19153041,0
1.0185608,-1.3379393,0.3264266,0.86976922,-0.44945216,0.20370165,0
0.051380664,4.6002512,2.6238849,-0.86976922,0.44945216,-0.20370165,0
3.3177133,2.6759429,-0.87567425,0.86976922,-0.44945216,0.20370165,0
1.9120877,4.9626689,-1.2421391,0.41480398,0.88952458,0.19153041,0
1.8265707,-0.066328645,-3.7470789,0.26728129,0.082091063,-0.96011555,0
0.29518867,4.7140431,1.3762217,-0.86976922,0.44945216,-0.20370165,0
-2.2425728,-0.4601081,3.6037045,-0.26728129,-0.082091063,0.96011555,0
0.87046307,4.2910972,3.8586226,0.41480398,0.88952458,0.19153041,0
1.1961341,4.1683302,-3.0238659,-0.86976922,0.44945216,-0.20370165,0
-1.3439164,-4.2413125,3.3427613,0.86976922,-0.44945216,0.20370165,0
-2.0288382,-3.8573017,-3.6048059,-0.41480398,-0.88952458,-0.19153041,0
-2.6125562,-4.524447,1.0196128,-0.41480398,-0.88952458,-0.19153041,0
-2.8632233,-3.1122086,-2.4453325,-0.86976922,0.44945216,-0.20370165,0
-1.1553195,2.7755258,4.1564207,-0.26728129,-0.082091063,0.96011555,0
4.1660919,4.1787415,-1.8562803,0.41480398,0.88952458,0.19153041,0
1.7450023,5.0715194,-0.73541999,0.41480398,0.88952458,0.19153041,0
-2.2298093,-5.0796709,2.2755404,-0.41480398,-0.88952458,-0.19153041,0
-1.3557458,-5.0574145,-0.11585045,-0.41480398,-0.88952458,-0.19153041,0
0.32827964,-4.5373793,-3.6050279,0.86976922,-0.44945216,0.20370165,0
-1.3169866,2.1726904,3.2812414,-0.86976922,0.44945216,-0.20370165,0
0.16392815,4.361289,4.4864883,-0.26728129,-0.082091063,0.96011555,0
1.3125882,2.6387417,4.8296824,-0.26728129,-0.082091063,0.96011555,0
-0.94764042,-4.2219958,1.8763152,0.86976922,-0.44945216,0.20370165,0
1.1056544,0.32386279,3.5860109,0.86976922,-0.44945216,0.20370165,0
0.090304852,2.0358634,4.3929954,-0.26728129,-0.082091063,0.96011555,0
1.8540568,5.1561584,-2.3511202,0.41480398,0.88952458,0.19153041,0
-1.0417753,-1.8230757,-4.5643396,0.26728129,0.082091063,-0.96011555,0
-0.85678756,-4.8912487,-1.1886621,-0.41480398,-0.88952458,-0.19153041,0
1.6697121,2.9450166,4.8908014,-0.26728129,-0.082091063,0.96011555,0
2.132072,4.7361946,-0.6428616,0.41480398,0.88952458,0.19153041,0
-1.8436406,-1.3639867,-2.3129528,-0.86976922,0.44945216,-0.20370165,0
2.2923107,4.611784,-3.0437779,0.26728129,0.082091063,-0.96011555,0
-2.2535536,0.036539495,3.6271658,-0.26728129,-0.082091063,0.96011555,0
1.7369304,5.3655787,-2.0758755,0.41480398,0.88952458,0.19153041,0
1.8967347,1.778116,-3.5308816,0.26728129,0.082091063,-0.96011555,0
1.1232257,-0.62909257,-3.8762932,0.26728129,0.082091063,-0.96011555,0
1.9018826,-0.99280959,-3.7051899,0.26728129,0.082091063,-0.96011555,0
-2.3962822,-4.9554,1.9622288,-0.41480398,-0.88952458,-0.19153041,0
-0.69827318,-3.3253524,2.5267451,0.86976922,-0.44945216,0.20370165,0
-4.4258938,-4.0644031,2.3156598,-0.86976922,0.44945216,-0.20370165,0
3.1720552,1.8651681,-1.7632217,0.86976922,-0.44945216,0.20370165,0
3.7011364,3.842128,-0.089288712,0.41480398,0.88952458,0.19153041,0
-2.2551198,-1.1396638,0.035267591,-0.86976922,0.44945216,-0.20370165,0
-1.7954298,-4.0160437,-3.4078701,-0.41480398,-0.88952458,-0.19153041,0
2.9469213,1.2152048,-2.100919,0.86976922,-0.44945216,0.20370165,0
-0.9794066,-0.96243501,-4.5148168,0.26728129,0.082091063,-0.96011555,0
-3.1966319,-2.5338268,0.42229533,-0.86976922,0.44945216,-0.20370165,0
-2.2307885,-4.0316534,-2.1556566,-0.41480398,-0.88952458,-0.19153041,0
1.361634,4.4922166,1.7954624,0.41480398,0.88952458,0.19153041,0
-3.1296139,-3.8188744,-1.126287,-0.41480398,-0.88952458,-0.19153041,0
0.49379218,4.2064137,0.29910994,-0.86976922,0.44945216,-0.20370165,0
-2.2985699,-4.4864292,-0.52029371,-0.41480398,-0.88952458,-0.19153041,0
3.1378002,3.0641088,0.73485041,0.86976922,-0.44945216,0.20370165,0
-1.6706831,-2.4931426,-4.8067665,0.26728129,0.082091063,-0.96011555,0
-1.9781511,-3.8157244,-3.9970667,-0.41480398,-0.88952458,-0.19153041,0
-1.633311,-5.1667109,1.0416574,-0.41480398,-0.88952458,-0.19153041,0
-1.6470912,0.9622637,2.2625093,-0.86976922,0.44945216,-0.20370165,0
2.515841,3.5590374,4.1012754,0.86976922,-0.44945216,0.20370165,0
-1.3460128,-0.65228224,3.6682701,-0.26728129,-0.082091063,0.96011555,0
-2.5201223,-4.6951456,1.4608052,-0.41480398,-0.88952458,-0.19153041,0
-0.98943377,-3.3624167,-4.7552319,0.26728129,0.082091063,-0.96011555,0
2.4061527,5.1171074,-2.6076591,0.41480398,0.88952458,0.19153041,0
3.4244773,2.8610256,-1.1872752,0.86976922,-0.44945216,0.20370165,0
0.25808263,-2.8444135,0.20921242,0.86976922,-0.44945216,0.20370165,0
-1.7070448,-4.7816896,0.01551652,-0.41480398,-0.88952458,-0.19153041,0
-2.5639131,-1.6402708,3.2984958,-0.26728129,-0.082091063,0.96011555,0
1.6382315,3.0809591,4.8124475,-0.26728129,-0.082091063,0.96011555,0
-2.3764429,-4.7960763,0.98283553,-0.41480398,-0.88952458,-0.19153041,0
0.12021875,0.58133698,4.2512932,-0.26728129,-0.082091063,0.96011555,0
-2.0292602,-4.8039412,0.67693138,-0.41480398,-0.88952458,-0.19153041,0
0.58536744,-0.96562624,-4.169209,0.26728129,0.082091063,-0.96011555,0
-0.1494979,4.1479597,2.8831809,-0.86976922,0.44945216,-0.20370165,0
-0.27011847,2.1281614,-1.1328689,-0.86976922,0.44945216,-0.20370165,0
3.4853625,4.4729095,-2.8581276,0.26728129,0.082091063,-0.96011555,0
0.29335368,-2.6655719,0.41151214,0.86976922,-0.44945216,0.20370165,0
2.2081285,5.199461,-2.4608104,0.41480398,0.88952458,0.19153041,0
3.6771441,3.8692808,-0.28020573,0.41480398,0.88952458,0.19153041,0
3.1406868,1.5617996,-2.9728115,0.86976922,-0.44945216,0.20370165,0
3.9741259,4.3744884,-2.3249683,0.41480398,0.88952458,0.19153041,0
-2.1683905,-4.7134333,0.7002728,-0.41480398,-0.88952458,-0.19153041,0
-2.0137639,-4.1701188,-2.4410918,-0.41480398,-0.88952458,-0.19153041,0
-3.6746452,-2.8008642,2.0310082,-0.86976922,0.44945216,-0.20370165,0
1.8805494,4.5847187,0.73790288,0.41480398,0.88952458,0.19153041,0
-1.8697022,0.16207051,0.91868222,-0.86976922,0.44945216,-0.20370165,0
-1.2569723,-4.3472748,-3.0511889,-0.41480398,-0.88952458,-0.19153041,0
-0.33872008,-2.5014367,3.1397219,0.86976922,-0.44945216,0.20370165,0
-4.1158581,-4.1221457,2.0095592,-0.41480398,-0.88952458,-0.19153041,0
-1.3410153,-4.7487969,2.8139107,0.86976922,-0.44945216,0.20370165,0
0.97700894,-0.75753164,1.4817929,0.86976922,-0.44945216,0.20370165,0
-2.5382597,-3.9315066,-2.7342744,-0.41480398,-0.88952458,-0.19153041,0
-2.3802695,-2.8120315,3.3215396,-0.26728129,-0.082091063,0.96011555,0
-2.5562649,-3.6862547,-3.471374,-0.41480398,-0.88952458,-0.19153041,0
1.7821629,4.4413567,1.9695523,0.41480398,0.88952458,0.19153041,0
-2.9157152,-2.3095341,0.46090817,-0.86976922,0.44945216,-0.20370165,0
3.0871351,4.576509,-1.6267505,0.41480398,0.88952458,0.19153041,0
-0.80724096,-3.217535,3.6530454,-0.26728129,-0.082091063,0.96011555,0
0.79377127,-1.0386842,1.9003308,0.86976922,-0.44945216,0.20370165,0
0.26648182,-4.1719284,-2.9239187,0.86976922,-0.44945216,0.20370165,0
0.80931854,-0.68749797,2.3431423,0.86976922,-0.44945216,0.20370165,0
-0.8097353,-4.3462887,-4.1581116,-0.41480398,-0.88952458,-0.19153041,0
2.1106348,4.5012593,0.91104984,0.41480398,0.88952458,0.19153041,0
-2.9493604,-4.2313881,2.9511275,-0.26728129,-0.082091063,0.96011555,0
-0.8098402,-2.4418321,-4.5939913,0.26728129,0.082091063,-0.96011555,0
2.277596,2.2624106,2.4163299,0.86976922,-0.44945216,0.20370165,0
3.262249,4.4026656,-1.4376435,0.41480398,0.88952458,0.19153041,0
1.1056752,5.0546608,-0.23474836,0.41480398,0.88952458,0.19153041,0
-2.6856804,-4.4850564,0.44589376,-0.41480398,-0.88952458,-0.19153041,0
-3.3296537,-2.8678708,0.2291193,-0.86976922,0.44945216,-0.20370165,0
-1.2925901,0.88073581,-0.032271117,-0.86976922,0.44945216,-0.20370165,0
-1.3081079,-5.1195803,0.46859765,-0.41480398,-0.88952458,-0.19153041,0
0.55019963,-3.9924874,-4.2657824,0.26728129,0.082091063,-0.96011555,0
0.55677199,-0.91295981,3.3989422,0.86976922,-0.44945216,0.20370165,0
-0.42475829,3.2483158,1.2840292,-0.86976922,0.44945216,-0.20370165,0
-2.2922916,-2.943197,-4.386477,-0.86976922,0.44945216,-0.20370165,0
0.041742921,-4.3100381,-4.4749241,0.26728129,0.082091063,-0.96011555,0
-1.4397473,-4.0930042,-3.7483094,-0.41480398,-0.88952458,-0.19153041,0
-3.8669806,-4.2262354,2.2965937,-0.41480398,-0.88952458,-0.19153041,0
-0.89578891,-4.6028347,-3.2121744,-0.41480398,-0.88952458,-0.19153041,0
-0.92743111,-5.1367607,0.099464893,-0.41480398,-0.88952458,-0.19153041,0
3.1971581,3.4446068,1.0213499,0.86976922,-0.44945216,0.20370165,0
1.9885544,4.5302033,0.74601221,0.41480398,0.88952458,0.19153041,0
1.4218297,0.52302086,-3.7707899,0.26728129,0.082091063,-0.96011555,0
0.36306107,-4.3477612,-4.0138483,0.86976922,-0.44945216,0.20370165,0
-2.728008,-4.6688142,1.8058641,-0.41480398,-0.88952458,-0.19153041,0
1.0022128,-2.0312624,-1.7823796,0.86976922,-0.44945216,0.20370165,0
-0.60809088,1.0967772,4.1944375,-0.26728129,-0.082091063,0.96011555,0
0.38704729,-0.33068323,-3.9882131,0.26728129,0.082091063,-0.96011555,0
1.2667714,-2.3187127,-3.4462242,0.86976922,-0.44945216,0.20370165,0
-0.95221686,-2.2955716,-4.7041683,0.26728129,0.082091063,-0.96011555,0
2.1111288,4.3179021,1.3301208,0.41480398,0.88952458,0.19153041,0
0.64558959,4.3434181,-0.67577171,-0.86976922,0.44945216,-0.20370165,0
-1.1399155,-3.1771593,3.6323888,-0.26728129,-0.082091063,0.96011555,0
1.2115917,0.34702575,-3.8771186,0.26728129,0.082091063,-0.96011555,0
-3.791039,-3.6227899,1.2579613,-0.86976922,0.44945216,-0.20370165,0
0.49775091,-3.2042193,-2.0737064,0.86976922,-0.44945216,0.20370165,0
-4.0150604,-3.8812785,2.7110176,-0.26728129,-0.082091063,0.96011555,0
2.595005,2.1811676,0.85633063,0.86976922,-0.44945216,0.20370165,0
-2.1835642,-4.7601514,0.42058039,-0.41480398,-0.88952458,-0.19153041,0
-2.5834529,-4.8748779,2.0911067,-0.41480398,-0.88952458,-0.19153041,0
1.176983,-2.9589646,-3.943547,0.86976922,-0.44945216,0.20370165,0
-2.1373849,-3.759886,-3.9921498,-0.41480398,-0.88952458,-0.19153041,0
-0.58154213,-4.7270136,-1.0072622,0.86976922,-0.44945216,0.20370165,0
-2.1323104,-2.6530876,-3.9745173,-0.86976922,0.44945216,-0.20370165,0
-0.5333674,-1.5663524,3.8550422,-0.26728129,-0.082091063,0.96011555,0
-1.0537775,1.182256,0.021471433,-0.86976922,0.44945216,-0.20370165,0
2.1450384,1.6667271,-3.3397512,0.26728129,0.082091063,-0.96011555,0
2.0484703,1.328568,-3.5105309,0.26728129,0.082091063,-0.96011555,0
-1.6688197,-0.4249016,3.6624293,-0.26728129,-0.082091063,0.96011555,0
-0.35193229,4.2832675,4.490613,-0.26728129,-0.082091063,0.96011555,0
-1.4304264,-4.4643307,-2.1897178,-0.41480398,-0.88952458,-0.19153041,0
-0.047615528,4.3305211,2.5835764,-0.86976922,0.44945216,-0.20370165,0
0.98393703,3.9770443,-2.836875,-0.86976922,0.44945216,-0.20370165,0
-0.037255287,1.1145983,-4.1010208,0.26728129,0.082091063,-0.96011555,0
0.18452024,-2.9945912,-4.3407402,0.26728129,0.082091063,-0.96011555,0
1.9395384,4.1959548,2.2845137,0.41480398,0.88952458,0.19153041,0
-1.5671055,-3.9918666,-3.7503781,-0.41480398,-0.88952458,-0.19153041,0
-2.5373769,-3.9699759,-2.3143592,-0.41480398,-0.88952458,-0.19153041,0
-2.3718667,-0.89757442,0.33249342,-0.86976922,0.44945216,-0.20370165,0
-1.3176804,-5.0585647,0.35299802,-0.41480398,-0.88952458,-0.19153041,0
-0.47712529,4.2180204,4.4366622,-0.26728129,-0.082091063,0.96011555,0
1.741209,-0.52520394,-1.5887287,0.86976922,-0.44945216,0.20370165,0
2.6558173,2.5717559,1.3569105,0.86976922,-0.44945216,0.20370165,0
1.2900822,4.1759186,3.8361917,0.41480398,0.88952458,0.19153041,0
-0.92643809,2.8296747,4.1398363,-0.26728129,-0.082091063,0.96011555,0
-2.4591331,0.086733699,3.5228868,-0.86976922,0.44945216,-0.20370165,0
0.98030949,3.6353831,-3.2658963,-0.86976922,0.44945216,-0.20370165,0
-1.2051511,-4.9797425,0.10354018,-0.41480398,-0.88952458,-0.19153041,0
3.765135,4.1102028,-0.62347126,0.41480398,0.88952458,0.19153041,0
1.8460231,4.5542669,-3.1789224,0.26728129,0.082091063,-0.96011555,0
-1.075664,-3.6361785,-4.6925354,0.26728129,0.082091063,-0.96011555,0
-2.2862024,-1.0108601,0.043911457,-0.86976922,0.44945216,-0.20370165,0
-0.33996916,4.3488665,3.7876136,-0.86976922,0.44945216,-0.20370165,0
-1.5689722,-3.0870235,-4.9161134,0.26728129,0.082091063,-0.96011555,0
-0.33153486,-2.4223394,3.8297987,0.86976922,-0.44945216,0.20370165,0
-1.2633191,-4.5924749,-2.5626297,-0.41480398,-0.88952458,-0.19153041,0
1.7358143,-1.3421193,-3.4006071,0.86976922,-0.44945216,0.20370165,0
-2.8955002,-2.9323864,-1.1938322,-0.86976922,0.44945216,-0.20370165,0
1.3150058,-2.0768974,-2.9493713,0.86976922,-0.44945216,0.20370165,0
3.0804024,3.545392,2.5190482,0.86976922,-0.44945216,0.20370165,0
1.8233802,3.3633564,-3.3084285,0.26728129,0.082091063,-0.96011555,0
1.8869106,4.6054811,0.59996796,0.41480398,0.88952458,0.19153041,0
-0.17648053,4.428318,4.4506297,-0.26728129,-0.082091063,0.96011555,0
-1.5442224,-4.701602,3.3322656,-0.26728129,-0.082091063,0.96011555,0
-1.4332061,-5.1141205,2.4816298,0.86976922,-0.44945216,0.20370165,0
0.53003508,4.4359121,4.0402555,0.41480398,0.88952458,0.19153041,0
2.3244007,1.3851963,0.91082191,0.86976922,-0.44945216,0.20370165,0
2.2998152,4.6268344,-0.50917816,0.41480398,0.88952458,0.19153041,0
2.6916924,4.3790069,0.1670785,0.41480398,0.88952458,0.19153041,0
-2.6163554,-4.0474105,-2.1295962,-0.41480398,-0.88952458,-0.19153041,0
-1.1199517,-2.8160269,-4.794734,0.26728129,0.082091063,-0.96011555,0
-3.6953423,-4.0308962,1.0883815,-0.41480398,-0.88952458,-0.19153041,0
-1.7835724,-4.0480142,-3.9025853,-0.41480398,-0.88952458,-0.19153041,0
0.53527975,0.89445579,4.3319206,-0.26728129,-0.082091063,0.96011555,0
-1.4762411,0.22977674,-0.65331918,-0.86976922,0.44945216,-0.20370165,0
-1.5175745,-0.58880258,-2.2619805,-0.86976922,0.44945216,-0.20370165,0
-0.13194191,2.5755935,-1.0578475,-0.86976922,0.44945216,-0.20370165,0
-1.0105242,-0.080991268,-3.6660724,-0.86976922,0.44945216,-0.20370165,0
-2.4099076,-4.674633,0.31614256,-0.41480398,-0.88952458,-0.19153041,0
1.6826627,-0.16883481,-0.64756656,0.86976922,-0.44945216,0.20370165,0
0.84899759,2.703763,4.6840873,-0.26728129,-0.082091063,0.96011555,0
-2.6473463,-2.8742044,-2.3017645,-0.86976922,0.44945216,-0.20370165,0
1.8871357,-0.80384767,-3.6798081,0.26728129,0.082091063,-0.96011555,0
-1.0054981,2.2357328,4.1448307,-0.26728129,-0.082091063,0.96011555,0
-1.400424,-4.3108773,-3.0939922,-0.41480398,-0.88952458,-0.19153041,0
1.4131807,1.5149895,4.6356087,-0.26728129,-0.082091063,0.96011555,0
-2.3636761,-5.0889244,2.785327,-0.41480398,-0.88952458,-0.19153041,0
-2.7888756,-4.2028561,-0.91979933,-0.41480398,-0.88952458,-0.19153041,0
0.88679051,5.1551924,0.61234093,0.41480398,0.88952458,0.19153041,0
-1.5132449,1.3781536,3.81422,-0.26728129,-0.082091063,0.96011555,0
-2.6734223,-4.2086182,-1.2687411,-0.41480398,-0.88952458,-0.19153041,0
-0.60618782,-4.5541458,-0.3535583,0.86976922,-0.44945216,0.20370165,0
3.3843935,3.9884896,0.65523624,0.41480398,0.88952458,0.19153041,0
-1.8560674,-0.28110182,-0.42003691,-0.86976922,0.44945216,-0.20370165,0
-4.1747036,-4.0321541,1.7486479,-0.41480398,-0.88952458,-0.19153041,0
0.65799284,-4.0237222,-4.2627926,0.26728129,0.082091063,-0.96011555,0
1.3588805,4.9127607,0.43579125,0.41480398,0.88952458,0.19153041,0
-3.1500719,-2.9811392,2.9525425,-0.26728129,-0.082091063,0.96011555,0
0.57384658,-0.8711009,3.1101773,0.86976922,-0.44945216,0.20370165,0
-1.432145,0.41000581,-0.033279896,-0.86976922,0.44945216,-0.20370165,0
2.7044458,4.3327541,-0.032986164,0.41480398,0.88952458,0.19153041,0
3.9204056,3.1592956,-2.7174385,0.26728129,0.082091063,-0.96011555,0
0.23631658,4.8759251,3.3035405,0.41480398,0.88952458,0.19153041,0
-2.5778427,-3.6517062,-3.7048056,-0.41480398,-0.88952458,-0.19153041,0
-3.4948843,-4.2465997,0.6792717,-0.41480398,-0.88952458,-0.19153041,0
-2.7962935,-4.4083967,0.38670206,-0.41480398,-0.88952458,-0.19153041,0
-2.1458721,-4.4209747,-0.60529566,-0.41480398,-0.88952458,-0.19153041,0
3.7527487,3.9018862,-2.7504835,0.26728129,0.082091063,-0.96011555,0
2.1264038,5.1905155,-2.2597182,0.41480398,0.88952458,0.19153041,0
-2.0340424,-5.3279948,3.1392484,-0.41480398,-0.88952458,-0.19153041,0
-2.5862875,-3.7937832,-3.2987361,-0.41480398,-0.88952458,-0.19153041,0
2.2830911,0.16101143,-2.5147433,0.86976922,-0.44945216,0.20370165,0
-2.3720837,-0.95859534,0.4849776,-0.86976922,0.44945216,-0.20370165,0
-1.5771139,-0.98685849,-3.2726545,-0.86976922,0.44945216,-0.20370165,0
1.4608667,-0.1252507,0.53029662,0.86976922,-0.44945216,0.20370165,0
0.82277858,-0.65055454,2.7284853,0.86976922,-0.44945216,0.20370165,0
-1.254276,-3.6178467,-4.8562212,0.26728129,0.082091063,-0.96011555,0
-2.0466127,-0.5653137,0.51854539,-0.86976922,0.44945216,-0.20370165,0
1.8289962,4.2168603,-3.349823,0.26728129,0.082091063,-0.96011555,0
-0.99176729,-4.5454397,-3.198868,-0.41480398,-0.88952458,-0.19153041,0
-1.9345453,-4.7564135,0.20107031,-0.41480398,-0.88952458,-0.19153041,0
2.8809981,3.968184,1.7242241,0.41480398,0.88952458,0.19153041,0
-0.4905144,-4.6896768,-3.5229223,-0.41480398,-0.88952458,-0.19153041,0
-0.36296248,-3.4868362,-4.6153178,0.26728129,0.082091063,-0.96011555,0
-1.8666842,-2.2953606,3.3603256,-0.26728129,-0.082091063,0.96011555,0
-2.1618309,-3.6122673,-4.866993,-0.41480398,-0.88952458,-0.19153041,0
-2.7272885,-4.0689058,-0.98158455,-0.41480398,-0.88952458,-0.19153041,0
0.13659954,0.78643715,4.3631725,-0.26728129,-0.082091063,0.96011555,0
-2.3453479,-3.3194466,-4.886168,-0.86976922,0.44945216,-0.20370165,0
0.13410807,0.84796953,4.3458071,-0.26728129,-0.082091063,0.96011555,0
3.4577484,4.4294043,-2.860961,0.26728129,0.082091063,-0.96011555,0
-1.9562054,-4.0714245,-2.9448826,-0.41480398,-0.88952458,-0.19153041,0
3.2114959,2.4819889,-1.2128925,0.86976922,-0.44945216,0.20370165,0
-0.30041599,4.1725883,3.071878,-0.86976922,0.44945216,-0.20370165,0
-3.395505,-3.9374409,-0.79543018,-0.41480398,-0.88952458,-0.19153041,0
-0.48184156,-0.44285882,3.9645364,-0.26728129,-0.082091063,0.96011555,0
-4.2135849,-3.7065225,2.6945412,-0.26728129,-0.082091063,0.96011555,0
2.8768616,1.6524837,-3.275805,0.26728129,0.082091063,-0.96011555,0
-1.4820433,2.2040942,3.5137508,-0.86976922,0.44945216,-0.20370165,0
1.1338542,2.4384315,-3.5743332,0.26728129,0.082091063,-0.96011555,0
0.9696058,0.33839846,3.7565031,0.86976922,-0.44945216,0.20370165,0
-0.66169238,0.7491461,4.105329,-0.26728129,-0.082091063,0.96011555,0
-0.85522079,0.32134485,-3.08706,-0.86976922,0.44945216,-0.20370165,0
2.7298436,2.5243237,-3.1048362,0.26728129,0.082091063,-0.96011555,0
0.0088610649,-1.9687221,3.1952033,0.86976922,-0.44945216,0.20370165,0
-2.7298512,-3.8162637,-2.368329,-0.41480398,-0.88952458,-0.19153041,0
-3.3898966,-3.7208524,2.9536242,-0.26728129,-0.082091063,0.96011555,0
-0.90901124,3.4447565,3.748414,-0.86976922,0.44945216,-0.20370165,0
-3.0796123,-4.3365984,0.78251028,-0.41480398,-0.88952458,-0.19153041,0
2.4804015,1.1846213,-0.85804427,0.86976922,-0.44945216,0.20370165,0
2.5726268,0.63423604,-3.3198957,0.26728129,0.082091063,-0.96011555,0
0.49636865,3.813046,-1.5588534,-0.86976922,0.44945216,-0.20370165,0
0.0084102154,2.25927,4.3253016,-0.26728129,-0.082091063,0.96011555,0
0.33940014,4.8028154,2.8198841,0.41480398,0.88952458,0.19153041,0
1.4697762,5.2530594,-1.2510791,0.41480398,0.88952458,0.19153041,0
0.32956171,2.5282547,4.446619,-0.26728129,-0.082091063,0.96011555,0
2.149406,1.390362,-3.4665995,0.26728129,0.082091063,-0.96011555,0
1.0158693,-3.1174414,-4.0673261,0.26728129,0.082091063,-0.96011555,0
3.6147325,3.2018092,-1.0863097,0.86976922,-0.44945216,0.20370165,0
-0.56483603,-0.25353885,-4.4301329,0.26728129,0.082091063,-0.96011555,0
-1.5226951,-4.8547392,2.9821095,0.86976922,-0.44945216,0.20370165,0
-0.70469445,-4.2011538,-4.823679,0.26728129,0.082091063,-0.96011555,0
-0.28820491,-3.5249202,0.87040877,0.86976922,-0.44945216,0.20370165,0
-1.4415838,1.718694,2.2060294,-0.86976922,0.44945216,-0.20370165,0
-1.9959232,-1.9782127,-3.4385598,-0.86976922,0.44945216,-0.20370165,0
-1.8103156,-2.7160728,3.5261564,-0.26728129,-0.082091063,0.96011555,0
-2.6178503,-0.9310174,2.1197131,-0.86976922,0.44945216,-0.20370165,0
2.6907635,1.3339386,-1.2608894,0.86976922,-0.44945216,0.20370165,0
-0.14608502,-2.1844559,3.151598,0.86976922,-0.44945216,0.20370165,0
-0.90371728,-4.8845034,-1.1346555,-0.41480398,-0.88952458,-0.19153041,0
3.7758238,4.4051638,-2.0402007,0.41480398,0.88952458,0.19153041,0
3.4428401,3.9802933,-0.10122585,0.41480398,0.88952458,0.19153041,0
-1.2239728,-5.2417865,0.98574829,-0.41480398,-0.88952458,-0.19153041,0
2.2334132,1.686729,-3.3601575,0.26728129,0.082091063,-0.96011555,0
1.5492969,2.8229861,-3.521729,0.26728129,0.082091063,-0.96011555,0
2.5752761,0.46408534,-2.4213424,0.86976922,-0.44945216,0.20370165,0
0.5245958,-3.0541699,-1.4761225,0.86976922,-0.44945216,0.20370165,0
0.17752218,3.9498525,0.87378263,-0.86976922,0.44945216,-0.20370165,0
0.76911402,-0.46647549,3.0849314,0.86976922,-0.44945216,0.20370165,0
0.81884396,-3.4206839,-4.1652226,0.26728129,0.082091063,-0.96011555,0
0.6035735,4.4099178,3.8168457,0.41480398,0.88952458,0.19153041,0
0.15877843,0.89822376,4.3401608,-0.26728129,-0.082091063,0.96011555,0
2.1539156,-0.56987941,-3.5311339,0.86976922,-0.44945216,0.20370165,0
0.26493394,2.6810844,4.4647942,-0.26728129,-0.082091063,0.96011555,0
1.2047708,-1.570105,-3.8831983,0.26728129,0.082091063,-0.96011555,0
-1.5641339,-5.0878701,1.2498853,-0.41480398,-0.88952458,-0.19153041,0
3.3771765,4.113832,-0.64803839,0.41480398,0.88952458,0.19153041,0
-2.0157857,-2.1503608,-3.5555429,-0.86976922,0.44945216,-0.20370165,0
-2.2682838,-4.3374748,-1.1895375,-0.41480398,-0.88952458,-0.19153041,0
-3.1824036,-4.6650271,2.897193,-0.41480398,-0.88952458,-0.19153041,0
0.81746376,-3.1455765,-4.1206112,0.26728129,0.082091063,-0.96011555,0
-1.1395471,1.6486681,0.91280735,-0.86976922,0.44945216,-0.20370165,0
1.7062769,-0.72156352,-3.7322254,0.26728129,0.082091063,-0.96011555,0
1.9995391,4.5019546,0.92179108,0.41480398,0.88952458,0.19153041,0
1.1336138,1.0137125,-3.6703186,0.26728129,0.082091063,-0.96011555,0
-0.29562235,1.8777974,4.3185449,-0.26728129,-0.082091063,0.96011555,0
2.7708797,2.2975256,0.49481726,0.86976922,-0.44945216,0.20370165,0
0.23564458,2.4877002,-2.6317558,-0.86976922,0.44945216,-0.20370165,0
-2.2675619,-2.1977153,-2.917475,-0.86976922,0.44945216,-0.20370165,0
-2.6426406,-4.4222422,-0.16530514,-0.41480398,-0.88952458,-0.19153041,0
0.19542122,1.8348228,4.3393888,-0.26728129,-0.082091063,0.96011555,0
3.4597526,3.4362729,0.44451046,0.86976922,-0.44945216,0.20370165,0
2.280555,4.2881899,1.4146032,0.41480398,0.88952458,0.19153041,0
1.4036028,-1.2430123,-1.7706957,0.86976922,-0.44945216,0.20370165,0
-0.58555651,1.5980062,4.1024723,-0.26728129,-0.082091063,0.96011555,0
2.2238235,0.05134698,-2.0144911,0.86976922,-0.44945216,0.20370165,0
-0.094494104,2.7650588,-0.9413653,-0.86976922,0.44945216,-0.20370165,0
0.082728863,-1.8629364,3.1028647,0.86976922,-0.44945216,0.20370165,0
-2.2456357,-5.0855947,2.0427268,-0.41480398,-0.88952458,-0.19153041,0
1.7898024,1.7331951,3.1647081,0.86976922,-0.44945216,0.20370165,0
1.8015273,-0.70651436,-1.7768173,0.86976922,-0.44945216,0.20370165,0
-2.4900374,-4.4436688,-0.4152317,-0.41480398,-0.88952458,-0.19153041,0
-1.1086854,-1.0078967,-4.6536021,0.26728129,0.082091063,-0.96011555,0
-0.29382873,1.6391113,4.1758795,-0.26728129,-0.082091063,0.96011555,0
4.0931053,4.2682395,-2.1100154,0.41480398,0.88952458,0.19153041,0
1.4056367,0.97216594,3.0699689,0.86976922,-0.44945216,0.20370165,0
-1.8435812,0.35122347,3.7083092,-0.26728129,-0.082091063,0.96011555,0
1.3234096,4.4866385,-3.4821382,0.26728129,0.082091063,-0.96011555,0
2.342325,4.2085552,1.9301014,0.41480398,0.88952458,0.19153041,0
-4.0058308,-4.19526,2.4036064,-0.41480398,-0.88952458,-0.19153041,0
-1.6888781,-5.2408333,2.3726521,-0.41480398,-0.88952458,-0.19153041,0
-2.3628399,-3.991046,-2.7170506,-0.41480398,-0.88952458,-0.19153041,0
-0.41257834,-1.8376302,-4.3555164,0.26728129,0.082091063,-0.96011555,0
2.5580349,4.8724871,-1.8386343,0.41480398,0.88952458,0.19153041,0
-1.9654944,-3.7865272,-4.2543669,-0.41480398,-0.88952458,-0.19153041,0
-1.477782,-4.0127263,-4.2350359,-0.41480398,-0.88952458,-0.19153041,0
0.30025363,-2.1367824,-4.2939773,0.26728129,0.082091063,-0.96011555,0
4.0075302,3.8402848,-1.7629404,0.86976922,-0.44945216,0.20370165,0
-0.72696257,-0.91733634,-4.5285916,0.26728129,0.082091063,-0.96011555,0
0.19773805,-2.7699544,-4.320816,0.26728129,0.082091063,-0.96011555,0
-0.070501328,-4.2238631,-4.5441809,0.26728129,0.082091063,-0.96011555,0
-0.17333853,4.7088537,4.569993,-0.26728129,-0.082091063,0.96011555,0
1.4177897,0.8504256,-3.7135036,0.26728129,0.082091063,-0.96011555,0
-2.3115957,-0.070658803,3.5539639,-0.26728129,-0.082091063,0.96011555,0
0.63717163,4.9804854,1.3943677,0.41480398,0.88952458,0.19153041,0
2.4032888,4.5826988,-0.24463606,0.41480398,0.88952458,0.19153041,0
0.12914157,-0.22194529,4.1726737,-0.26728129,-0.082091063,0.96011555,0
2.7935271,0.63203216,-3.392844,0.26728129,0.082091063,-0.96011555,0
-0.85596895,-2.9768357,-4.7222085,0.26728129,0.082091063,-0.96011555,0
0.44035274,-2.6367078,-0.11940277,0.86976922,-0.44945216,0.20370165,0
2.8282087,1.7333347,-3.1702096,0.26728129,0.082091063,-0.96011555,0
1.1143248,5.0839896,-0.62632799,-0.86976922,0.44945216,-0.20370165,0
-1.1899619,-1.1381178,3.8045926,-0.26728129,-0.082091063,0.96011555,0
-0.79685217,1.4817152,-0.55357796,-0.86976922,0.44945216,-0.20370165,0
-3.7867668,-4.3822823,2.7029989,-0.26728129,-0.082091063,0.96011555,0
2.9398522,4.5983644,-1.5304976,0.41480398,0.88952458,0.19153041,0
1.1063955,-2.6735334,-3.0608559,0.86976922,-0.44945216,0.20370165,0
-2.3221083,-3.7832322,-3.9052725,-0.41480398,-0.88952458,-0.19153041,0
1.7551922,0.76997596,1.1710471,0.86976922,-0.44945216,0.20370165,0
-3.4203804,-4.0536027,0.61380386,-0.41480398,-0.88952458,-0.19153041,0
-2.3690281,-3.9090767,-2.4682736,-0.41480398,-0.88952458,-0.19153041,0
-2.9990087,-4.3170748,-0.064343929,-0.41480398,-0.88952458,-0.19153041,0
-0.1866326,3.9595504,2.3361385,-0.86976922,0.44945216,-0.20370165,0
-1.8210177,-4.8085642,-0.091287613,-0.41480398,-0.88952458,-0.19153041,0
0.79615283,-0.64248347,2.6926978,0.86976922,-0.44945216,0.20370165,0
-3.420352,-3.1675537,2.9385967,-0.26728129,-0.082091063,0.96011555,0
-1.6472683,1.264003,1.9809654,-0.86976922,0.44945216,-0.20370165,0
0.59739196,-1.1732934,2.3864458,0.86976922,-0.44945216,0.20370165,0
0.11165673,-3.5148089,-0.86164916,0.86976922,-0.44945216,0.20370165,0
2.2315536,4.299283,1.5780725,0.41480398,0.88952458,0.19153041,0
-1.9245253,0.77559805,3.6695628,-0.26728129,-0.082091063,0.96011555,0
-1.5335497,-4.1836281,-3.3480062,-0.41480398,-0.88952458,-0.19153041,0
0.56314802,2.8527007,-3.6836171,0.26728129,0.082091063,-0.96011555,0
-1.4623861,1.1829938,3.9479496,-0.26728129,-0.082091063,0.96011555,0
-1.0481737,0.41668344,3.8666453,-0.26728129,-0.082091063,0.96011555,0
1.1729956,0.73593855,3.7439022,0.86976922,-0.44945216,0.20370165,0
-2.9129143,-3.7459939,-2.0449076,-0.41480398,-0.88952458,-0.19153041,0
-2.5472431,-3.8116865,-2.5902395,-0.41480398,-0.88952458,-0.19153041,0
2.1176155,4.8464079,-0.73162365,0.41480398,0.88952458,0.19153041,0
-2.8742027,-0.89850885,2.6438818,-0.86976922,0.44945216,-0.20370165,0
-3.5337462,-3.285006,0.68320513,-0.86976922,0.44945216,-0.20370165,0
0.43121266,-0.33712351,-4.1742601,0.26728129,0.082091063,-0.96011555,0
-2.1045842,-2.061502,-3.2806511,-0.86976922,0.44945216,-0.20370165,0
2.593894,4.9824286,-2.7093124,0.41480398,0.88952458,0.19153041,0
2.0509748,4.5361991,0.39985991,0.41480398,0.88952458,0.19153041,0
-2.8326159,-4.5400376,1.4885936,-0.41480398,-0.88952458,-0.19153041,0
-2.1951394,0.17018002,2.8058593,-0.86976922,0.44945216,-0.20370165,0
0.4126308,2.8954735,-2.7629287,-0.86976922,0.44945216,-0.20370165,0
2.9636021,4.734581,-2.542572,0.41480398,0.88952458,0.19153041,0
-2.3239858,-3.6611438,-3.7091048,-0.41480398,-0.88952458,-0.19153041,0
-1.7150221,-5.4346294,2.4334395,-0.41480398,-0.88952458,-0.19153041,0
-3.094996,-2.2011817,0.83360124,-0.86976922,0.44945216,-0.20370165,0
-0.41351962,-2.6797631,-4.5021563,0.26728129,0.082091063,-0.96011555,0
-2.308136,-4.2667589,-1.1388202,-0.41480398,-0.88952458,-0.19153041,0
-0.55888343,-0.89611745,3.8899951,-0.26728129,-0.082091063,0.96011555,0
0.63285136,1.173303,-3.9080715,0.26728129,0.082091063,-0.96011555,0
-0.71182191,-4.8769789,-1.6464555,-0.41480398,-0.88952458,-0.19153041,0
0.99196243,-2.0252469,-4.0233979,0.26728129,0.082091063,-0.96011555,0
1.0090649,-2.1142347,-1.3859484,0.86976922,-0.44945216,0.20370165,0
1.4102015,1.1120104,3.4531107,0.86976922,-0.44945216,0.20370165,0
-1.9399621,-4.6493664,-0.19528008,-0.41480398,-0.88952458,-0.19153041,0
-0.95405662,-4.6607313,-2.2285204,-0.41480398,-0.88952458,-0.19153041,0
0.63915229,3.7233839,-1.4200586,-0.86976922,0.44945216,-0.20370165,0
-1.2193871,-4.1839356,3.1966076,0.86976922,-0.44945216,0.20370165,0
0.14827633,1.318836,-3.9161184,0.26728129,0.082091063,-0.96011555,0
2.0441003,5.1504312,-1.9306862,0.41480398,0.88952458,0.19153041,0
0.40593529,-1.1148561,2.8656986,0.86976922,-0.44945216,0.20370165,0
-3.4420311,-4.1637726,1.0121908,-0.41480398,-0.88952458,-0.19153041,0
2.7131658,3.1996636,-3.2181845,0.26728129,0.082091063,-0.96011555,0
-1.6261411,-0.30651689,-1.212967,-0.86976922,0.44945216,-0.20370165,0
-0.27086514,3.8496468,2.5924134,-0.86976922,0.44945216,-0.20370165,0
-1.2866917,1.0357879,3.9309819,-0.26728129,-0.082091063,0.96011555,0
3.020256,1.0022904,-3.1697483,0.26728129,0.082091063,-0.96011555,0
-0.29837441,4.8159351,4.1357718,0.41480398,0.88952458,0.19153041,0
2.2081885,2.1318421,3.0557139,0.86976922,-0.44945216,0.20370165,0
-0.83267999,2.3036263,1.3906665,-0.86976922,0.44945216,-0.20370165,0
-1.3356864,1.6635745,1.9418705,-0.86976922,0.44945216,-0.20370165,0
1.080433,-3.1490524,-3.8251457,0.86976922,-0.44945216,0.20370165,0
-0.041727781,-0.72200727,4.1272244,-0.26728129,-0.082091063,0.96011555,0
2.4726484,1.4445772,-3.3411098,0.26728129,0.082091063,-0.96011555,0
-0.65491688,-4.9982066,-1.5306695,-0.41480398,-0.88952458,-0.19153041,0
1.0174128,4.5402274,2.5546651,0.41480398,0.88952458,0.19153041,0
-1.2716994,-3.5073314,3.5166264,-0.26728129,-0.082091063,0.96011555,0
-2.3232343,-0.24800172,1.9930198,-0.86976922,0.44945216,-0.20370165,0
2.2028575,0.082492828,-3.5610209,0.26728129,0.082091063,-0.96011555,0
-0.73040795,-5.0258188,-0.14486265,0.86976922,-0.44945216,0.20370165,0
-0.97203994,-0.12675679,3.8845716,-0.26728129,-0.082091063,0.96011555,0
-0.14389062,1.5625087,-3.1627858,-0.86976922,0.44945216,-0.20370165,0
-2.8004708,-4.4709039,0.32384109,-0.41480398,-0.88952458,-0.19153041,0
3.2732611,4.2436156,-0.40168333,0.41480398,0.88952458,0.19153041,0
-1.2999525,-4.7782869,-1.356997,-0.41480398,-0.88952458,-0.19153041,0
2.9549441,1.6451693,-1.4056647,0.86976922,-0.44945216,0.20370165,0
1.7453301,3.818954,4.66783,0.41480398,0.88952458,0.19153041,0
-3.6392016,-3.9904137,0.49744654,-0.41480398,-0.88952458,-0.19153041,0
1.3280089,3.9958713,4.8303185,0.41480398,0.88952458,0.19153041,0
2.8596125,4.0835295,0.62559128,0.41480398,0.88952458,0.19153041,0
-0.043621421,4.2551937,4.5792246,-0.26728129,-0.082091063,0.96011555,0
-0.87205148,-1.1774185,-4.5636802,0.26728129,0.082091063,-0.96011555,0
2.9320502,4.8256369,-2.6501632,0.41480398,0.88952458,0.19153041,0
-1.4189653,-4.3358355,-3.3113256,-0.41480398,-0.88952458,-0.19153041,0
-3.5718985,-4.6182256,2.8206465,-0.41480398,-0.88952458,-0.19153041,0
