-0.79068112,-2.6007917,1.0600677,0.52794933,-0.68954295,0.4957822,0
-0.4388288,-1.4513603,-2.8923967,-0.24441837,-0.68243653,-0.68886864,0
-0.43849611,2.9833102,1.6245825,0.24441837,0.68243653,0.68886864,0
1.4806831,-1.8769913,-0.15058409,0.52794933,-0.68954295,0.4957822,0
0.43949604,0.01457727,-3.2039642,0.81334442,0.24250948,-0.52882892,0
1.2617612,3.4865952,0.33601832,0.24441837,0.68243653,0.68886864,0
2.5470085,0.079591036,1.3598614,0.52794933,-0.68954295,0.4957822,0
1.5276358,2.0727854,-0.39766526,0.81334442,0.24250948,-0.52882892,0
-0.60725415,-2.6290953,-1.5106812,-0.24441837,-0.68243653,-0.68886864,0
2.4102643,-1.0591674,-0.47910744,0.81334442,0.24250948,-0.52882892,0
1.5277995,0.85390389,-0.95488161,0.81334442,0.24250948,-0.52882892,0
0.39037848,2.1076906,-1.4146911,-0.52794933,0.68954295,-0.4957822,0
2.0512786,2.5422368,1.1932951,0.24441837,0.68243653,0.68886864,0
-0.94232512,-3.3183417,0.34675169,0.52794933,-0.68954295,0.4957822,0
-2.2829511,-2.6071508,-0.90176058,-0.24441837,-0.68243653,-0.68886864,0
0.037210941,0.8949309,-2.9828258,-0.52794933,0.68954295,-0.4957822,0
-0.88734484,-3.3170643,0.1907407,0.52794933,-0.68954295,0.4957822,0
1.6557951,-1.7351805,-0.085473239,0.52794933,-0.68954295,0.4957822,0
1.5931625,-1.5735556,-1.8826566,0.81334442,0.24250948,-0.52882892,0
-0.27711439,0.77276635,3.7450204,0.24441837,0.68243653,0.68886864,0
0.56755155,1.023572,3.0470619,0.24441837,0.68243653,0.68886864,0
1.1686835,-1.3094597,-2.6262848,0.81334442,0.24250948,-0.52882892,0
0.28586686,2.548352,1.7842712,0.24441837,0.68243653,0.68886864,0
2.719902,0.89380336,2.2236385,0.52794933,-0.68954295,0.4957822,0
-2.0911748,-0.36574697,-2.2769222,-0.52794933,0.68954295,-0.4957822,0
-2.0874202,0.30911708,-1.520436,-0.52794933,0.68954295,-0.4957822,0
3.2509246,0.52925301,1.3737366,0.81334442,0.24250948,-0.52882892,0
-0.18236685,3.3455358,0.63217437,-0.52794933,0.68954295,-0.4957822,0
1.5932498,2.7268469,1.1195712,0.24441837,0.68243653,0.68886864,0
-2.9153981,-0.41780376,-0.95834208,-0.81334442,-0.24250948,0.52882892,0
-1.1445729,0.35097885,2.097254,-0.81334442,-0.24250948,0.52882892,0
-1.0162381,-0.65997434,1.8906046,-0.81334442,-0.24250948,0.52882892,0
0.76781583,3.1284268,0.88237202,0.24441837,0.68243653,0.68886864,0
0.089785993,1.5668054,2.7054665,0.24441837,0.68243653,0.68886864,0
-2.0228033,-1.672557,-0.23209488,-0.81334442,-0.24250948,0.52882892,0
-1.3891405,2.8597779,1.5711286,-0.52794933,0.68954295,-0.4957822,0
2.5127628,-0.79984999,0.32689291,0.52794933,-0.68954295,0.4957822,0
-1.342048,2.3863196,0.74860036,-0.52794933,0.68954295,-0.4957822,0
0.31296372,-3.4951026,-1.0938292,0.52794933,-0.68954295,0.4957822,0
-0.037469864,-3.0991993,-1.220137,-0.24441837,-0.68243653,-0.68886864,0
-1.5112258,-1.1159749,-2.7921157,-0.24441837,-0.68243653,-0.68886864,0
0.25424194,-2.3393583,0.6864019,0.52794933,-0.68954295,0.4957822,0
2.0853214,-0.98525453,-0.99757791,0.81334442,0.24250948,-0.52882892,0
-1.4607308,-3.432085,-0.30458903,-0.24441837,-0.68243653,-0.68886864,0
1.4504037,-2.7085185,-2.1793542,-0.24441837,-0.68243653,-0.68886864,0
0.21920645,-2.7357469,-1.7565613,-0.24441837,-0.68243653,-0.68886864,0
1.9062636,-2.6499791,-1.7536494,0.52794933,-0.68954295,0.4957822,0
1.9311233,-1.4413007,-1.2925558,0.81334442,0.24250948,-0.52882892,0
-0.00157547,3.3573587,0.79721832,-0.52794933,0.68954295,-0.4957822,0
-0.93428576,-1.0785052,1.7422613,-0.81334442,-0.24250948,0.52882892,0
-2.18505,1.1053414,1.1155187,-0.81334442,-0.24250948,0.52882892,0
1.2560868,-2.1873989,-0.34670109,0.52794933,-0.68954295,0.4957822,0
0.86640346,1.5557327,2.5104814,0.24441837,0.68243653,0.68886864,0
-0.18118811,0.15356779,3.4663022,-0.81334442,-0.24250948,0.52882892,0
-0.51256633,0.69233733,3.2707415,-0.81334442,-0.24250948,0.52882892,0
1.8823905,-2.89136,-2.0988677,0.52794933,-0.68954295,0.4957822,0
1.1308345,2.0464284,1.8992176,0.24441837,0.68243653,0.68886864,0
1.1967146,-0.52223861,2.1689987,0.52794933,-0.68954295,0.4957822,0
-1.0285866,-3.4949393,-0.66239917,-0.24441837,-0.68243653,-0.68886864,0
-0.88218629,-0.82890487,-3.1617451,-0.24441837,-0.68243653,-0.68886864,0
1.0556735,-0.47896513,2.2800658,0.52794933,-0.68954295,0.4957822,0
1.1488438,-2.1005006,-0.23219061,0.52794933,-0.68954295,0.4957822,0
0.14022827,0.97645122,3.2739999,0.24441837,0.68243653,0.68886864,0
0.5051682,-3.2034082,-1.4594182,-0.24441837,-0.68243653,-0.68886864,0
0.07706809,-0.15733296,-3.8662252,0.81334442,0.24250948,-0.52882892,0
1.6062374,2.4162006,1.4140792,0.24441837,0.68243653,0.68886864,0
-0.66301531,0.96844465,3.0854626,-0.81334442,-0.24250948,0.52882892,0
0.15588188,1.4467742,2.7619262,0.24441837,0.68243653,0.68886864,0
0.25893044,0.57722139,-3.1422818,0.81334442,0.24250948,-0.52882892,0
1.0930016,2.8427167,-0.70174682,0.81334442,0.24250948,-0.52882892,0
1.798629,-1.3473514,0.40349519,0.52794933,-0.68954295,0.4957822,0
-0.95944047,2.5832553,0.53171408,-0.52794933,0.68954295,-0.4957822,0
1.3416018,0.22324038,-1.7908832,0.81334442,0.24250948,-0.52882892,0
-1.9599086,-1.5103964,-2.2778344,-0.24441837,-0.68243653,-0.68886864,0
1.2411644,-2.2200892,-2.509316,-0.24441837,-0.68243653,-0.68886864,0
-1.7025738,-0.42695439,-2.7212296,-0.52794933,0.68954295,-0.4957822,0
1.1544938,-2.5792923,-0.77791756,0.52794933,-0.68954295,0.4957822,0
-0.56342292,-0.87994134,2.6932933,-0.81334442,-0.24250948,0.52882892,0
1.7636267,0.69664383,3.0244169,0.24441837,0.68243653,0.68886864,0
0.40190923,1.4827962,2.6815193,0.24441837,0.68243653,0.68886864,0
0.89961028,2.9756806,-0.73810434,-0.52794933,0.68954295,-0.4957822,0
-0.32441401,-0.93013942,2.8537374,-0.81334442,-0.24250948,0.52882892,0
-2.4117324,-0.91715407,-2.5398445,-0.24441837,-0.68243653,-0.68886864,0
-0.12833214,2.3713508,-0.39902616,-0.52794933,0.68954295,-0.4957822,0
-2.4329762,-0.16967106,-0.1594764,-0.81334442,-0.24250948,0.52882892,0
-0.21376324,2.2167881,-0.6138804,-0.52794933,0.68954295,-0.4957822,0
-1.9172417,-2.9570153,-0.75372696,-0.24441837,-0.68243653,-0.68886864,0
-0.33362514,-2.1913028,-2.1442411,-0.24441837,-0.68243653,-0.68886864,0
-1.6068813,1.2973893,-0.33143646,-0.52794933,0.68954295,-0.4957822,0
2.9946899,1.1517951,1.2763963,0.81334442,0.24250948,-0.52882892,0
-2.010699,0.8723079,-0.73774302,-0.52794933,0.68954295,-0.4957822,0
1.0908332,2.5235164,1.5053291,0.24441837,0.68243653,0.68886864,0
-3.045392,-0.87998533,-2.0144534,-0.52794933,0.68954295,-0.4957822,0
-1.6000869,2.6736746,2.3163476,0.24441837,0.68243653,0.68886864,0
-2.1109643,1.897101,1.3402902,-0.81334442,-0.24250948,0.52882892,0
2.4130683,1.3935149,0.74206376,0.81334442,0.24250948,-0.52882892,0
1.0026858,2.2912793,1.6816124,0.24441837,0.68243653,0.68886864,0
-1.5067445,-2.2128911,0.53963459,-0.81334442,-0.24250948,0.52882892,0
1.3737431,-0.47655785,1.7329181,0.52794933,-0.68954295,0.4957822,0
-0.66618824,-1.1595211,2.1901143,-0.81334442,-0.24250948,0.52882892,0
-0.43045789,-1.0763534,-3.2284205,-0.24441837,-0.68243653,-0.68886864,0
2.4201124,1.1184256,0.40587389,0.81334442,0.24250948,-0.52882892,0
2.0337026,-2.3202944,-1.1867203,0.52794933,-0.68954295,0.4957822,0
-2.2013006,0.538625,-0.96933258,-0.52794933,0.68954295,-0.4957822,0
1.6469358,-1.0701094,-1.6754482,0.81334442,0.24250948,-0.52882892,0
-1.0304756,-1.739549,1.3809956,-0.81334442,-0.24250948,0.52882892,0
-1.4346054,0.73413187,-1.6253188,-0.52794933,0.68954295,-0.4957822,0
0.057341814,-0.63490188,2.909812,0.52794933,-0.68954295,0.4957822,0
-2.3810871,0.25218487,-1.0371981,-0.52794933,0.68954295,-0.4957822,0
-2.1154704,-0.93221974,0.057192922,-0.81334442,-0.24250948,0.52882892,0
2.7023609,1.2210927,2.2145758,0.24441837,0.68243653,0.68886864,0
1.9230907,-2.5108871,-1.3157253,0.52794933,-0.68954295,0.4957822,0
0.58350176,-0.71965122,-3.1625082,0.81334442,0.24250948,-0.52882892,0
-0.48313117,2.9384561,0.61687207,-0.52794933,0.68954295,-0.4957822,0
-0.18316102,-0.017753899,3.5553322,-0.81334442,-0.24250948,0.52882892,0
-2.7864995,0.12897992,-0.40349793,-0.81334442,-0.24250948,0.52882892,0
-0.0076847076,-2.4886637,-1.9396588,-0.24441837,-0.68243653,-0.68886864,0
1.7676851,-2.6377985,-2.2479041,0.81334442,0.24250948,-0.52882892,0
0.099600226,-1.2998977,-2.9997077,-0.24441837,-0.68243653,-0.68886864,0
-0.34408516,1.3581299,3.1575875,0.24441837,0.68243653,0.68886864,0
-0.24417162,3.1184816,1.2414691,0.24441837,0.68243653,0.68886864,0
-0.092226744,-2.5472999,-1.7239974,-0.24441837,-0.68243653,-0.68886864,0
-1.5502894,2.4636433,0.91707933,-0.52794933,0.68954295,-0.4957822,0
0.41769964,-0.90444493,-3.4621866,-0.24441837,-0.68243653,-0.68886864,0
-2.1776466,0.69401193,-0.69876921,-0.52794933,0.68954295,-0.4957822,0
1.8399204,-1.2980831,0.28033385,0.52794933,-0.68954295,0.4957822,0
0.38651156,1.9146434,-1.5870515,-0.52794933,0.68954295,-0.4957822,0
-0.96364653,0.59396857,-2.2214375,-0.52794933,0.68954295,-0.4957822,0
1.5543127,1.7297758,-0.69237769,0.81334442,0.24250948,-0.52882892,0
-0.11767769,-3.2308655,-0.29574263,0.52794933,-0.68954295,0.4957822,0
1.1221125,-3.1015878,-1.756814,-0.24441837,-0.68243653,-0.68886864,0
2.2074003,-1.6547388,-0.51799917,0.52794933,-0.68954295,0.4957822,0
-0.91626978,-0.70116651,-3.3403907,-0.24441837,-0.68243653,-0.68886864,0
0.57563472,-2.8405232,-0.59116673,0.52794933,-0.68954295,0.4957822,0
-1.5958526,-0.40704703,-2.7072179,-0.52794933,0.68954295,-0.4957822,0
0.53814089,0.21916449,-2.9366226,0.81334442,0.24250948,-0.52882892,0
-2.7403312,-0.91694045,-2.3486352,-0.24441837,-0.68243653,-0.68886864,0
0.98174238,3.1074352,-0.67420661,0.81334442,0.24250948,-0.52882892,0
-2.0382924,2.1272283,1.0601674,-0.52794933,0.68954295,-0.4957822,0
-1.2685416,0.48199141,2.0657675,-0.81334442,-0.24250948,0.52882892,0
0.8119216,2.148066,2.0085142,0.24441837,0.68243653,0.68886864,0
2.5463161,0.58613586,0.57146585,0.81334442,0.24250948,-0.52882892,0
1.9586819,2.6279082,0.47098446,0.81334442,0.24250948,-0.52882892,0
2.9181957,0.30740952,1.2278724,0.52794933,-0.68954295,0.4957822,0
-2.2854218,-2.113306,-1.4718513,-0.24441837,-0.68243653,-0.68886864,0
-1.6902053,2.9005084,1.644225,-0.52794933,0.68954295,-0.4957822,0
-0.40575027,2.8299592,0.39585745,-0.52794933,0.68954295,-0.4957822,0
-0.50995851,1.1117816,-1.8320658,-0.52794933,0.68954295,-0.4957822,0
1.5786903,-2.7737815,-2.115109,-0.24441837,-0.68243653,-0.68886864,0
-2.8067563,0.062958956,-0.8206023,-0.52794933,0.68954295,-0.4957822,0
2.6330237,0.31586599,1.6569762,0.52794933,-0.68954295,0.4957822,0
-1.3997724,1.6400063,-0.077856645,-0.52794933,0.68954295,-0.4957822,0
1.4680928,1.6862576,2.1374445,0.24441837,0.68243653,0.68886864,0
-2.0186925,-0.227319,0.59584057,-0.81334442,-0.24250948,0.52882892,0
-0.79317427,-1.0407677,-3.1764011,-0.24441837,-0.68243653,-0.68886864,0
0.09785188,-1.63472,-2.8292894,-0.24441837,-0.68243653,-0.68886864,0
-0.5376417,1.0091159,3.3620939,-0.81334442,-0.24250948,0.52882892,0
-0.1340065,1.2484068,-2.0727375,-0.52794933,0.68954295,-0.4957822,0
-1.4928558,1.5666944,-0.13297954,-0.52794933,0.68954295,-0.4957822,0
-1.0494983,-3.7095423,-0.12312651,0.52794933,-0.68954295,0.4957822,0
0.75780249,1.6748797,2.4801941,0.24441837,0.68243653,0.68886864,0
-2.7130442,-2.0801499,-1.3760934,-0.24441837,-0.68243653,-0.68886864,0
-0.76975024,-2.1216071,-1.8493346,-0.24441837,-0.68243653,-0.68886864,0
-1.0184643,-2.3077867,-1.6838804,-0.24441837,-0.68243653,-0.68886864,0
-0.073766708,-3.0698166,-1.2256687,-0.24441837,-0.68243653,-0.68886864,0
-2.4082072,-0.48708725,-1.9750897,-0.52794933,0.68954295,-0.4957822,0
-0.25518632,0.78877318,-2.7667625,-0.52794933,0.68954295,-0.4957822,0
0.47599185,0.48218232,-2.7827718,0.81334442,0.24250948,-0.52882892,0
-0.20316815,-2.5575781,-1.8750343,-0.24441837,-0.68243653,-0.68886864,0
-0.40533519,0.39000496,-2.9769034,-0.52794933,0.68954295,-0.4957822,0
0.67041636,3.1683462,-0.18999469,-0.52794933,0.68954295,-0.4957822,0
-2.8221719,-0.95763373,-2.4708776,-0.24441837,-0.68243653,-0.68886864,0
-0.62699366,-3.116169,0.17562222,0.52794933,-0.68954295,0.4957822,0
-1.2069805,-3.3990254,0.26853192,-0.81334442,-0.24250948,0.52882892,0
0.46177483,0.36258054,3.8502436,0.24441837,0.68243653,0.68886864,0
-0.11920381,2.5539825,-0.4140709,-0.52794933,0.68954295,-0.4957822,0
0.153368,0.61325568,3.7482815,0.24441837,0.68243653,0.68886864,0
-2.1076102,1.2415522,-0.062113732,-0.52794933,0.68954295,-0.4957822,0
-0.42556286,-3.5405726,-0.37183094,0.52794933,-0.68954295,0.4957822,0
1.069555,2.7219081,1.3110179,0.24441837,0.68243653,0.68886864,0
-1.292732,-3.6389084,-0.32904005,-0.24441837,-0.68243653,-0.68886864,0
-0.54493999,-1.7133288,2.0203714,-0.81334442,-0.24250948,0.52882892,0
1.6039922,0.19273734,-1.4156514,0.81334442,0.24250948,-0.52882892,0
-1.8479263,-3.2422214,-0.51307702,-0.81334442,-0.24250948,0.52882892,0
1.7364923,2.1523943,-0.063741922,0.81334442,0.24250948,-0.52882892,0
0.79207468,-2.5096908,-2.0139356,-0.24441837,-0.68243653,-0.68886864,0
-0.42115569,-3.6633325,-0.59108949,0.52794933,-0.68954295,0.4957822,0
-0.21736419,2.6372881,1.8624172,0.24441837,0.68243653,0.68886864,0
2.0035658,2.2636137,0.52352071,0.81334442,0.24250948,-0.52882892,0
-0.19742441,-2.9082155,0.10634327,0.52794933,-0.68954295,0.4957822,0
1.1590086,-1.8336955,-2.6708925,0.81334442,0.24250948,-0.52882892,0
0.46599913,0.30424714,-2.9899378,0.81334442,0.24250948,-0.52882892,0
1.8557901,0.1893487,2.1765161,0.52794933,-0.68954295,0.4957822,0
-1.2056794,1.5596699,-0.54307991,-0.52794933,0.68954295,-0.4957822,0
1.8155408,-1.3367761,-1.42869,0.81334442,0.24250948,-0.52882892,0
0.68747365,0.98499799,-2.1186242,0.81334442,0.24250948,-0.52882892,0
-2.9309123,-0.2505827,-1.0194933,-0.81334442,-0.24250948,0.52882892,0
2.8986454,1.6580994,1.2840239,0.81334442,0.24250948,-0.52882892,0
0.97436023,2.4447112,1.6498258,0.24441837,0.68243653,0.68886864,0
-1.5732856,2.7014158,2.3543375,0.24441837,0.68243653,0.68886864,0
-2.0520458,1.3840603,1.3572907,-0.81334442,-0.24250948,0.52882892,0
1.0974417,1.0107002,3.0000587,0.24441837,0.68243653,0.68886864,0
1.3657218,0.096704602,2.6978724,0.52794933,-0.68954295,0.4957822,0
-0.14365458,3.0064917,1.4480252,0.24441837,0.68243653,0.68886864,0
-2.346791,0.21041226,0.39453667,-0.81334442,-0.24250948,0.52882892,0
-2.5602498,-0.00024104118,-1.1199986,-0.52794933,0.68954295,-0.4957822,0
-1.2051725,-2.7272105,0.5514096,-0.81334442,-0.24250948,0.52882892,0
1.2943677,1.8571525,-1.0140073,0.81334442,0.24250948,-0.52882892,0
-1.6218017,-1.8080791,-1.9196421,-0.24441837,-0.68243653,-0.68886864,0
-2.2731192,0.62672758,0.48329583,-0.81334442,-0.24250948,0.52882892,0
-1.6148945,0.23379636,-1.8010089,-0.52794933,0.68954295,-0.4957822,0
2.4595895,0.7601459,0.36266553,0.81334442,0.24250948,-0.52882892,0
2.031317,0.99942064,-0.32508552,0.81334442,0.24250948,-0.52882892,0
1.0673223,2.00615,-1.3571227,0.81334442,0.24250948,-0.52882892,0
-2.0966115,2.365402,1.3729658,-0.52794933,0.68954295,-0.4957822,0
1.1690257,0.57212394,3.3129592,0.24441837,0.68243653,0.68886864,0
0.16644335,1.9626677,-1.5648892,-0.52794933,0.68954295,-0.4957822,0
1.0741036,1.294673,-1.442168,0.81334442,0.24250948,-0.52882892,0
-1.1452267,1.6417844,-0.64358276,-0.52794933,0.68954295,-0.4957822,0
1.940273,-0.40400207,1.3537492,0.52794933,-0.68954295,0.4957822,0
-0.4549284,0.84931779,3.539432,-0.81334442,-0.24250948,0.52882892,0
-2.3552184,-1.1896069,-0.43261743,-0.81334442,-0.24250948,0.52882892,0
-0.0041422844,3.4303837,0.86250973,0.24441837,0.68243653,0.68886864,0
-1.1452175,-2.6079507,-1.2719942,-0.24441837,-0.68243653,-0.68886864,0
0.17753792,0.20300895,-3.3929548,0.81334442,0.24250948,-0.52882892,0
2.0356212,0.037370682,-0.54373735,0.81334442,0.24250948,-0.52882892,0
-1.0675757,0.97469437,2.6820192,-0.81334442,-0.24250948,0.52882892,0
0.96194196,-2.7205324,-2.0239108,-0.24441837,-0.68243653,-0.68886864,0
-0.57685006,2.2174649,2.4946065,0.24441837,0.68243653,0.68886864,0
1.1942806,0.099156678,2.8121753,0.52794933,-0.68954295,0.4957822,0
1.0015906,-0.47579494,2.2994108,0.52794933,-0.68954295,0.4957822,0
1.1271,0.34213418,3.2643776,0.52794933,-0.68954295,0.4957822,0
1.3796277,2.88748,-0.25802231,0.81334442,0.24250948,-0.52882892,0
0.405972,-1.543623,1.5288626,0.52794933,-0.68954295,0.4957822,0
-0.002238512,-0.034500897,3.8578238,-0.81334442,-0.24250948,0.52882892,0
1.5962752,2.2490952,-0.39058006,0.81334442,0.24250948,-0.52882892,0
-0.59574413,3.2607844,1.1993213,0.24441837,0.68243653,0.68886864,0
-0.33671689,3.0309756,0.60477841,-0.52794933,0.68954295,-0.4957822,0
2.2587011,-1.3500328,-0.96755636,0.81334442,0.24250948,-0.52882892,0
1.7474844,2.1532404,0.013429403,0.81334442,0.24250948,-0.52882892,0
-1.1647488,0.68670398,-1.9960285,-0.52794933,0.68954295,-0.4957822,0
1.4455705,0.82509053,-1.2171179,0.81334442,0.24250948,-0.52882892,0
-2.1971526,1.2407207,0.11706206,-0.52794933,0.68954295,-0.4957822,0
-1.2822337,0.22271335,-2.2412064,-0.52794933,0.68954295,-0.4957822,0
1.4343475,-2.1109617,-0.552679,0.52794933,-0.68954295,0.4957822,0
0.9039672,1.8062047,2.1790745,0.24441837,0.68243653,0.68886864,0
-0.2219696,-0.050139368,3.3980041,-0.81334442,-0.24250948,0.52882892,0
0.51331663,0.1294471,-3.0745175,0.81334442,0.24250948,-0.52882892,0
3.2148468,0.74716401,1.4010924,0.81334442,0.24250948,-0.52882892,0
-1.1357912,-1.7040632,1.0724419,-0.81334442,-0.24250948,0.52882892,0
-1.2393484,-0.27929467,-3.0029511,-0.52794933,0.68954295,-0.4957822,0
1.8065414,-1.2384876,0.42465836,0.52794933,-0.68954295,0.4957822,0
0.14545488,-0.60887885,2.8794827,0.52794933,-0.68954295,0.4957822,0
0.28352427,-0.25506455,3.5009596,0.52794933,-0.68954295,0.4957822,0
2.1854827,-1.3181943,-0.9297722,0.81334442,0.24250948,-0.52882892,0
-0.10249466,1.823405,2.6772223,0.24441837,0.68243653,0.68886864,0
2.4620006,1.7297692,1.6629902,0.24441837,0.68243653,0.68886864,0
0.74789834,-3.112967,-1.2670411,0.52794933,-0.68954295,0.4957822,0
0.48824549,-2.2524276,0.29597759,0.52794933,-0.68954295,0.4957822,0
-1.3021588,-3.4848051,0.26784456,-0.81334442,-0.24250948,0.52882892,0
2.2080693,-1.7717582,-0.69287056,0.52794933,-0.68954295,0.4957822,0
1.6741779,1.4729552,2.1688867,0.24441837,0.68243653,0.68886864,0
-0.95646387,-1.3605758,-2.6144586,-0.24441837,-0.68243653,-0.68886864,0
0.85795069,-2.5033374,-0.17165297,0.52794933,-0.68954295,0.4957822,0
2.0929589,-2.720207,-1.8087361,0.52794933,-0.68954295,0.4957822,0
1.6337378,2.450794,0.042090416,0.81334442,0.24250948,-0.52882892,0
1.2085435,0.79782701,3.0370824,0.24441837,0.68243653,0.68886864,0
-1.2396808,1.4386439,2.3520904,-0.81334442,-0.24250948,0.52882892,0
1.7583888,3.1357975,0.5347085,0.24441837,0.68243653,0.68886864,0
-0.4478597,-1.0096464,-3.2268927,-0.24441837,-0.68243653,-0.68886864,0
0.47735441,-0.31992793,-3.3783953,0.81334442,0.24250948,-0.52882892,0
-1.7807574,-2.2247379,0.20166898,-0.81334442,-0.24250948,0.52882892,0
0.0033868551,-1.2439592,-3.2254887,-0.24441837,-0.68243653,-0.68886864,0
-0.82280004,1.9184506,2.8070045,0.24441837,0.68243653,0.68886864,0
-1.3034589,-1.4769886,-2.459018,-0.24441837,-0.68243653,-0.68886864,0
-0.18182874,-1.1827338,-3.2061815,-0.24441837,-0.68243653,-0.68886864,0
1.488454,0.80167294,-1.1984944,0.81334442,0.24250948,-0.52882892,0
2.5036178,1.4894283,2.1230037,0.24441837,0.68243653,0.68886864,0
2.2798142,-0.10312057,-0.308294,0.81334442,0.24250948,-0.52882892,0
1.0660295,3.5725169,-0.1675185,-0.52794933,0.68954295,-0.4957822,0
-1.216709,-1.1089419,-2.6868045,-0.24441837,-0.68243653,-0.68886864,0
-0.4861412,1.8681345,-1.0046675,-0.52794933,0.68954295,-0.4957822,0
1.4374077,3.4397392,0.58006096,0.24441837,0.68243653,0.68886864,0
-0.6693809,0.58842981,-2.6524208,-0.52794933,0.68954295,-0.4957822,0
-1.3830482,-2.816695,-1.0647936,-0.24441837,-0.68243653,-0.68886864,0
-2.0117633,-0.87758327,0.31901288,-0.81334442,-0.24250948,0.52882892,0
-1.6938084,2.0625086,0.52676529,-0.52794933,0.68954295,-0.4957822,0
-2.1608014,-0.28909612,0.16209555,-0.81334442,-0.24250948,0.52882892,0
0.55216157,1.6121032,2.4381273,0.24441837,0.68243653,0.68886864,0
1.8851117,-0.30802178,-1.0856353,0.81334442,0.24250948,-0.52882892,0
-0.7660234,-3.482415,-0.66928089,-0.24441837,-0.68243653,-0.68886864,0
-1.6312858,-0.00094401836,-2.2908323,-0.52794933,0.68954295,-0.4957822,0
-0.65515947,-2.3680696,1.4593886,0.52794933,-0.68954295,0.4957822,0
2.0313814,0.028208494,1.9325229,0.52794933,-0.68954295,0.4957822,0
-2.6839356,0.66417432,-0.43166071,-0.52794933,0.68954295,-0.4957822,0
-1.816186,-2.5327301,-1.2995552,-0.24441837,-0.68243653,-0.68886864,0
1.174309,-0.67486626,1.8562503,0.52794933,-0.68954295,0.4957822,0
3.1746421,1.3434434,1.7335435,0.81334442,0.24250948,-0.52882892,0
2.5413172,2.1065643,1.2092974,0.81334442,0.24250948,-0.52882892,0
1.6404102,-1.1787226,-1.8861306,0.81334442,0.24250948,-0.52882892,0
0.80279011,-1.7712696,-2.769551,-0.24441837,-0.68243653,-0.68886864,0
-0.91158044,-1.5449352,-2.4953489,-0.24441837,-0.68243653,-0.68886864,0
-0.20342016,2.0510087,-1.0429356,-0.52794933,0.68954295,-0.4957822,0
1.1816467,1.1808041,-1.4199563,0.81334442,0.24250948,-0.52882892,0
0.48366833,1.5963163,2.7269223,0.24441837,0.68243653,0.68886864,0
0.99202824,2.564327,1.5182151,0.24441837,0.68243653,0.68886864,0
0.95981979,-1.9137645,0.19415881,0.52794933,-0.68954295,0.4957822,0
-2.2667711,-1.2879454,-2.2707591,-0.24441837,-0.68243653,-0.68886864,0
-0.73388791,-0.60080528,-3.4254723,-0.24441837,-0.68243653,-0.68886864,0
1.3107486,3.3309851,0.65708899,0.24441837,0.68243653,0.68886864,0
-0.91029572,-2.2570095,1.369056,-0.81334442,-0.24250948,0.52882892,0
0.28108907,0.79955536,-2.8450863,0.81334442,0.24250948,-0.52882892,0
0.40084422,-2.483659,-1.9201264,-0.24441837,-0.68243653,-0.68886864,0
-1.7141148,-2.3899155,-1.5133812,-0.24441837,-0.68243653,-0.68886864,0
-0.65403652,0.21022296,3.0353436,-0.81334442,-0.24250948,0.52882892,0
-0.89829111,-1.8655428,-2.3200366,-0.24441837,-0.68243653,-0.68886864,0
1.4148071,-3.0490971,-1.5207821,0.52794933,-0.68954295,0.4957822,0
-0.16440362,-1.1305747,-3.190304,-0.24441837,-0.68243653,-0.68886864,0
1.1289936,0.1717698,3.069911,0.52794933,-0.68954295,0.4957822,0
1.7200735,-0.53054714,-1.4863393,0.81334442,0.24250948,-0.52882892,0
-1.0228097,2.4819765,2.2245026,0.24441837,0.68243653,0.68886864,0
-1.4061701,-0.16243935,1.5426637,-0.81334442,-0.24250948,0.52882892,0
-0.44570994,-1.7613188,2.0834713,0.52794933,-0.68954295,0.4957822,0
1.0740888,-1.2174468,-2.5194452,0.81334442,0.24250948,-0.52882892,0
-1.6184273,-0.24515998,-2.5655973,-0.52794933,0.68954295,-0.4957822,0
-2.1759384,-0.27614713,-2.0624228,-0.52794933,0.68954295,-0.4957822,0
1.5631876,-0.46790576,-1.4806406,0.81334442,0.24250948,-0.52882892,0
2.9166315,0.51302576,0.94480431,0.81334442,0.24250948,-0.52882892,0
0.039924383,3.4763591,0.85119283,-0.52794933,0.68954295,-0.4957822,0
-1.0229735,-1.82788,1.3542248,-0.81334442,-0.24250948,0.52882892,0
3.3433759,1.1495638,1.8593346,0.81334442,0.24250948,-0.52882892,0
1.8382778,-1.3780081,0.044149041,0.52794933,-0.68954295,0.4957822,0
-0.11046958,-2.4251909,0.82078838,0.52794933,-0.68954295,0.4957822,0
-0.28004369,-1.3258517,-2.9550579,-0.24441837,-0.68243653,-0.68886864,0
-1.9966578,-1.0263503,-2.7507706,-0.24441837,-0.68243653,-0.68886864,0
1.9890211,2.5704439,1.1116616,0.24441837,0.68243653,0.68886864,0
-1.7684159,-1.9612442,-1.8341708,-0.24441837,-0.68243653,-0.68886864,0
0.9820621,3.8185089,0.25253415,0.24441837,0.68243653,0.68886864,0
-0.82229447,0.51990843,-2.4638944,-0.52794933,0.68954295,-0.4957822,0
-0.23497295,0.21327966,-3.5486178,-0.52794933,0.68954295,-0.4957822,0
-2.0589252,1.5718237,1.2980032,-0.81334442,-0.24250948,0.52882892,0
-0.51208425,-1.9791794,1.9829919,0.52794933,-0.68954295,0.4957822,0
0.20857298,0.7956717,3.4178851,0.24441837,0.68243653,0.68886864,0
2.599973,-0.65935969,0.38776505,0.52794933,-0.68954295,0.4957822,0
1.8486695,2.4402642,0.10695434,0.81334442,0.24250948,-0.52882892,0
1.8357965,-2.716408,-1.7470781,0.52794933,-0.68954295,0.4957822,0
-1.2398019,-1.4042971,1.1799657,-0.81334442,-0.24250948,0.52882892,0
-1.6196308,-1.2719033,-2.5833187,-0.24441837,-0.68243653,-0.68886864,0
-0.25953746,-1.8388162,-2.3058777,-0.24441837,-0.68243653,-0.68886864,0
1.9401712,0.96304131,-0.47587824,0.81334442,0.24250948,-0.52882892,0
1.0168104,3.7334793,0.10881042,-0.52794933,0.68954295,-0.4957822,0
1.7874451,-2.0386739,-2.1023946,0.81334442,0.24250948,-0.52882892,0
-2.9231319,-0.17086339,-0.74431908,-0.81334442,-0.24250948,0.52882892,0
1.0268759,-0.90917361,-2.8048429,0.81334442,0.24250948,-0.52882892,0
2.139571,0.022633314,-0.50536597,0.81334442,0.24250948,-0.52882892,0
-1.7617801,1.4473804,1.6245189,-0.81334442,-0.24250948,0.52882892,0
1.1495168,0.78501058,3.2559307,0.24441837,0.68243653,0.68886864,0
2.7867634,-0.0083272457,1.2322687,0.52794933,-0.68954295,0.4957822,0
-3.0801103,-1.1745615,-1.9736246,-0.24441837,-0.68243653,-0.68886864,0
-0.1341176,-1.2276063,-3.047543,-0.24441837,-0.68243653,-0.68886864,0
-0.80025989,-1.7228826,-2.3228269,-0.24441837,-0.68243653,-0.68886864,0
2.5843081,0.55281758,0.44521189,0.81334442,0.24250948,-0.52882892,0
-1.5361933,-2.126672,0.38575375,-0.81334442,-0.24250948,0.52882892,0
-0.67694974,-1.5714536,2.1536908,-0.81334442,-0.24250948,0.52882892,0
1.8153477,2.96786,0.69347572,0.24441837,0.68243653,0.68886864,0
-0.37500477,-0.07647872,3.0022421,-0.81334442,-0.24250948,0.52882892,0
-0.067933083,3.261477,0.58852196,-0.52794933,0.68954295,-0.4957822,0
2.5069177,0.51220393,0.40083969,0.81334442,0.24250948,-0.52882892,0
1.6143042,3.0627687,0.87969446,0.24441837,0.68243653,0.68886864,0
-0.97147942,-0.25638819,2.1057796,-0.81334442,-0.24250948,0.52882892,0
1.3519342,3.7147408,-0.16023946,0.81334442,0.24250948,-0.52882892,0
0.91268826,0.92141664,-2.0416329,0.81334442,0.24250948,-0.52882892,0
-1.6319518,2.5980763,2.426595,0.24441837,0.68243653,0.68886864,0
0.024507284,1.4266839,-2.0754333,-0.52794933,0.68954295,-0.4957822,0
-2.0005848,-1.4389374,0.2105056,-0.81334442,-0.24250948,0.52882892,0
-1.1861348,-1.7722989,-2.1312528,-0.24441837,-0.68243653,-0.68886864,0
1.2741703,1.5499469,2.4378419,0.24441837,0.68243653,0.68886864,0
0.36991286,2.2807951,-1.4544762,-0.52794933,0.68954295,-0.4957822,0
0.96382225,1.2426245,-1.7952125,0.81334442,0.24250948,-0.52882892,0
-2.8391979,-1.3549118,-1.0562739,-0.81334442,-0.24250948,0.52882892,0
-1.9722254,0.952438,1.2188144,-0.81334442,-0.24250948,0.52882892,0
2.3796861,2.2488654,1.2919195,0.24441837,0.68243653,0.68886864,0
-1.2680159,1.6565324,-0.19317582,-0.52794933,0.68954295,-0.4957822,0
-0.23029509,1.2377928,3.1272726,0.24441837,0.68243653,0.68886864,0
-1.0327145,1.7532716,3.0974295,0.24441837,0.68243653,0.68886864,0
1.108094,2.0951796,-1.1482701,0.81334442,0.24250948,-0.52882892,0
0.031267762,2.1708598,2.1267879,0.24441837,0.68243653,0.68886864,0
1.7018254,2.7047534,0.17819047,0.81334442,0.24250948,-0.52882892,0
0.31829119,0.58207953,3.6149883,0.24441837,0.68243653,0.68886864,0
2.3550451,1.7413602,0.81254876,0.81334442,0.24250948,-0.52882892,0
-0.070789993,2.116581,2.158381,0.24441837,0.68243653,0.68886864,0
-2.293505,1.3594778,1.0498718,-0.81334442,-0.24250948,0.52882892,0
1.7776337,1.6665363,-0.17965853,0.81334442,0.24250948,-0.52882892,0
0.64571667,2.3809218,-1.3558574,-0.52794933,0.68954295,-0.4957822,0
-1.2161018,1.8654902,2.9521103,-0.81334442,-0.24250948,0.52882892,0
-0.96346271,-1.0961931,1.6766697,-0.81334442,-0.24250948,0.52882892,0
1.2365669,-2.0639377,-0.26435733,0.52794933,-0.68954295,0.4957822,0
0.26656443,1.1727595,3.1199312,0.24441837,0.68243653,0.68886864,0
0.38314962,-1.0226946,2.1335208,0.52794933,-0.68954295,0.4957822,0
-2.3454411,0.31261182,0.28398407,-0.81334442,-0.24250948,0.52882892,0
-1.6452976,2.0891578,0.53063035,-0.52794933,0.68954295,-0.4957822,0
-2.7402635,-0.55701017,-0.64115369,-0.81334442,-0.24250948,0.52882892,0
-0.482409,2.3880563,-0.18851942,-0.52794933,0.68954295,-0.4957822,0
-1.1554542,3.1449752,1.7713928,0.24441837,0.68243653,0.68886864,0
-0.88196194,2.8176293,1.7811089,0.24441837,0.68243653,0.68886864,0
-1.7388674,-2.8583755,-0.84611964,-0.24441837,-0.68243653,-0.68886864,0
2.0217404,-0.95063543,0.61998308,0.52794933,-0.68954295,0.4957822,0
-1.1749767,-0.62687588,1.8000889,-0.81334442,-0.24250948,0.52882892,0
-0.089821339,-1.8673899,1.6305175,0.52794933,-0.68954295,0.4957822,0
-0.32971835,-0.089982897,-3.9849598,-0.52794933,0.68954295,-0.4957822,0
1.5787151,0.77230418,-0.90300918,0.81334442,0.24250948,-0.52882892,0
-1.0856116,2.6611714,2.1041255,0.24441837,0.68243653,0.68886864,0
-2.7572141,-1.0706363,-2.280282,-0.24441837,-0.68243653,-0.68886864,0
-0.39339137,-1.9362698,1.9305936,0.52794933,-0.68954295,0.4957822,0
-1.3397119,-0.40003222,-3.0547798,-0.52794933,0.68954295,-0.4957822,0
-1.332417,-2.3257561,-1.5904783,-0.24441837,-0.68243653,-0.68886864,0
1.8880714,1.5260459,2.1755614,0.24441837,0.68243653,0.68886864,0
2.6319523,-0.68756223,-0.19293696,0.81334442,0.24250948,-0.52882892,0
-1.2462499,2.2004559,2.5190914,0.24441837,0.68243653,0.68886864,0
0.7027154,2.2224977,-1.7875555,0.81334442,0.24250948,-0.52882892,0
-0.56718099,-1.4438206,-2.6230941,-0.24441837,-0.68243653,-0.68886864,0
1.6615608,-2.0164084,-2.099263,0.81334442,0.24250948,-0.52882892,0
-1.4998605,-1.9501491,-1.8000985,-0.24441837,-0.68243653,-0.68886864,0
-2.136023,0.27041125,0.6633786,-0.81334442,-0.24250948,0.52882892,0
-1.7926048,-1.3914467,0.34514809,-0.81334442,-0.24250948,0.52882892,0
1.3076644,-0.97740197,-2.3267426,0.81334442,0.24250948,-0.52882892,0
-0.67465162,1.3981247,3.2366095,0.24441837,0.68243653,0.68886864,0
2.1751823,-2.1872923,-1.4032745,0.52794933,-0.68954295,0.4957822,0
0.21817064,0.93024427,-2.7846246,-0.52794933,0.68954295,-0.4957822,0
0.64531803,-3.0254424,-1.5126388,-0.24441837,-0.68243653,-0.68886864,0
0.61339402,-2.348315,-2.268959,-0.24441837,-0.68243653,-0.68886864,0
-2.0338922,2.304522,1.6491632,-0.81334442,-0.24250948,0.52882892,0
2.4744928,1.4341333,0.5060662,0.81334442,0.24250948,-0.52882892,0
-0.48414147,-1.7518616,-2.3423581,-0.24441837,-0.68243653,-0.68886864,0
-1.9680976,2.4908466,1.9300809,-0.81334442,-0.24250948,0.52882892,0
0.13708138,-1.7157857,1.3473787,0.52794933,-0.68954295,0.4957822,0
-0.62549567,0.27385014,-2.8507481,-0.52794933,0.68954295,-0.4957822,0
-0.071348906,-0.31249046,3.5493965,0.52794933,-0.68954295,0.4957822,0
-0.30072141,1.3224975,-1.8994309,-0.52794933,0.68954295,-0.4957822,0
-0.51487195,1.408523,3.1510892,0.24441837,0.68243653,0.68886864,0
2.3264456,-1.730997,-0.84397733,0.81334442,0.24250948,-0.52882892,0
0.84372187,1.1391098,3.0690668,0.24441837,0.68243653,0.68886864,0
2.6646357,2.1314692,1.1691358,0.81334442,0.24250948,-0.52882892,0
-1.9999473,-2.9174294,-0.47932386,-0.81334442,-0.24250948,0.52882892,0
1.7154024,1.6997899,2.1104798,0.24441837,0.68243653,0.68886864,0
-0.75123215,-2.9222043,-1.1657338,-0.24441837,-0.68243653,-0.68886864,0
1.6070756,-0.053941369,2.0568557,0.52794933,-0.68954295,0.4957822,0
0.1381768,2.6826415,1.7085943,0.24441837,0.68243653,0.68886864,0
1.8380703,-2.3302822,-2.1412327,0.81334442,0.24250948,-0.52882892,0
-0.67514563,0.82618129,-2.356087,-0.52794933,0.68954295,-0.4957822,0
-2.9401565,-0.7180016,-0.96875942,-0.81334442,-0.24250948,0.52882892,0
3.1155272,0.80985951,1.2073193,0.81334442,0.24250948,-0.52882892,0
2.4456298,-1.3839145,-0.47234482,0.52794933,-0.68954295,0.4957822,0
-1.3343159,1.7658875,2.5191846,-0.81334442,-0.24250948,0.52882892,0
2.4457114,-0.89671493,-0.59395498,0.81334442,0.24250948,-0.52882892,0
1.4521937,1.644459,-0.97070926,0.81334442,0.24250948,-0.52882892,0
-1.6687989,-0.72055137,-3.0456855,-0.24441837,-0.68243653,-0.68886864,0
0.52902317,2.3544817,1.8210629,0.24441837,0.68243653,0.68886864,0
1.5493032,-2.5201559,-1.1989251,0.52794933,-0.68954295,0.4957822,0
1.1624637,-0.6935671,1.9317533,0.52794933,-0.68954295,0.4957822,0
1.043689,1.7276279,2.2713606,0.24441837,0.68243653,0.68886864,0
-1.6434379,-0.75508213,-3.130511,-0.24441837,-0.68243653,-0.68886864,0
-0.24894619,2.4709039,-0.34634006,-0.52794933,0.68954295,-0.4957822,0
-1.1539917,-3.8912215,-0.14100194,-0.24441837,-0.68243653,-0.68886864,0
-0.67663717,2.8453727,0.68923599,-0.52794933,0.68954295,-0.4957822,0
-0.40305758,-0.99138439,-3.3257713,-0.24441837,-0.68243653,-0.68886864,0
1.1267188,-1.0291733,-2.3426924,0.81334442,0.24250948,-0.52882892,0
0.37553525,1.2199855,-2.6346769,0.81334442,0.24250948,-0.52882892,0
-0.88861036,1.8452889,-0.35843343,-0.52794933,0.68954295,-0.4957822,0
2.5227728,1.6374106,0.93654346,0.81334442,0.24250948,-0.52882892,0
0.84417486,1.4314227,-1.8377059,0.81334442,0.24250948,-0.52882892,0
1.3199643,0.10555542,-1.8509939,0.81334442,0.24250948,-0.52882892,0
0.7821883,0.67512488,-2.3887303,0.81334442,0.24250948,-0.52882892,0
1.3950907,-1.8811901,0.042249374,0.52794933,-0.68954295,0.4957822,0
-2.5679491,-0.17164731,-0.38055372,-0.81334442,-0.24250948,0.52882892,0
-1.7338755,-3.126545,-0.66516495,-0.24441837,-0.68243653,-0.68886864,0
-1.553215,-3.6642942,-0.29056096,-0.24441837,-0.68243653,-0.68886864,0
-0.19975004,1.2238685,3.0879257,0.24441837,0.68243653,0.68886864,0
-2.4820468,0.69712782,-0.5203951,-0.52794933,0.68954295,-0.4957822,0
-0.26004195,2.4499447,2.1205337,0.24441837,0.68243653,0.68886864,0
1.0171499,-2.8491356,-0.85900289,0.52794933,-0.68954295,0.4957822,0
-1.6135098,-2.3972995,-1.399711,-0.24441837,-0.68243653,-0.68886864,0
2.1111832,2.1838684,0.31149209,0.81334442,0.24250948,-0.52882892,0
0.56511515,-1.7054567,-2.9377296,-0.24441837,-0.68243653,-0.68886864,0
1.3817017,3.6553104,-0.14754248,0.81334442,0.24250948,-0.52882892,0
-0.066709995,-2.7722406,-1.6055429,-0.24441837,-0.68243653,-0.68886864,0
-1.456043,2.7848382,2.0403471,0.24441837,0.68243653,0.68886864,0
-0.77935004,-3.5384505,-0.45713329,-0.24441837,-0.68243653,-0.68886864,0
0.47459126,-2.8354716,-1.6890924,-0.24441837,-0.68243653,-0.68886864,0
-2.5706353,1.0812335,0.32201958,-0.81334442,-0.24250948,0.52882892,0
-2.6222177,-1.3830869,-2.1436515,-0.24441837,-0.68243653,-0.68886864,0
0.86524516,-1.0077893,-2.8977525,0.81334442,0.24250948,-0.52882892,0
2.5378695,-0.6569829,0.23775434,0.52794933,-0.68954295,0.4957822,0
2.3678946,0.96166682,2.5380001,0.24441837,0.68243653,0.68886864,0
-2.2843494,-0.30883455,0.18933308,-0.81334442,-0.24250948,0.52882892,0
-1.5107459,2.1468754,0.43749753,-0.52794933,0.68954295,-0.4957822,0
2.3877313,0.45605063,-0.023913264,0.81334442,0.24250948,-0.52882892,0
-0.71357131,0.55490381,-2.368001,-0.52794933,0.68954295,-0.4957822,0
0.64472938,2.8621466,-0.77395558,-0.52794933,0.68954295,-0.4957822,0
2.3515651,1.2769018,2.3790493,0.24441837,0.68243653,0.68886864,0
-1.0417725,-2.3701787,-1.5004327,-0.24441837,-0.68243653,-0.68886864,0
1.8122755,-1.1773643,-1.5995312,0.81334442,0.24250948,-0.52882892,0
-0.8374517,3.0384929,1.7869687,0.24441837,0.68243653,0.68886864,0
-2.0931458,-2.4120073,-0.36176038,-0.81334442,-0.24250948,0.52882892,0
-0.4142828,3.2744651,1.1173569,0.24441837,0.68243653,0.68886864,0
0.62669253,-1.7195835,1.147542,0.52794933,-0.68954295,0.4957822,0
0.95101655,0.14787549,3.3067284,0.52794933,-0.68954295,0.4957822,0
0.29113498,-1.8977848,-2.6386509,-0.24441837,-0.68243653,-0.68886864,0
1.0140562,-0.67159355,1.9886749,0.52794933,-0.68954295,0.4957822,0
1.1229055,-0.86408484,1.6212976,0.52794933,-0.68954295,0.4957822,0
-0.46440005,1.9415864,-0.64063609,-0.52794933,0.68954295,-0.4957822,0
-0.98501551,1.584085,3.1114731,-0.81334442,-0.24250948,0.52882892,0
-0.40850258,3.2068095,1.0144086,-0.52794933,0.68954295,-0.4957822,0
-1.3121912,0.318748,-2.0317411,-0.52794933,0.68954295,-0.4957822,0
3.0345984,1.2258809,1.9331095,0.24441837,0.68243653,0.68886864,0
2.1784859,-1.2743697,0.11626953,0.52794933,-0.68954295,0.4957822,0
-2.4169786,0.61687541,-0.53263152,-0.52794933,0.68954295,-0.4957822,0
1.5837525,-0.11899972,2.0672393,0.52794933,-0.68954295,0.4957822,0
-1.0722519,-0.48623988,-3.5277302,-0.24441837,-0.68243653,-0.68886864,0
-2.3979533,0.22591615,0.11050379,-0.81334442,-0.24250948,0.52882892,0
-0.065520048,-2.6516891,0.30705214,0.52794933,-0.68954295,0.4957822,0
2.3340001,1.1364557,2.4947371,0.24441837,0.68243653,0.68886864,0
-0.43678713,0.72707689,-2.3997741,-0.52794933,0.68954295,-0.4957822,0
1.7927855,0.081884742,2.3548822,0.52794933,-0.68954295,0.4957822,0
-0.9003576,0.10792398,2.4947543,-0.81334442,-0.24250948,0.52882892,0
-0.073591709,-0.83071458,3.0178349,0.52794933,-0.68954295,0.4957822,0
0.58897287,1.5392414,2.4881282,0.24441837,0.68243653,0.68886864,0
0.66661358,3.0675304,1.0295744,0.24441837,0.68243653,0.68886864,0
0.39618874,-0.41368869,2.9001405,0.52794933,-0.68954295,0.4957822,0
-2.3039336,-0.94299936,-0.1178546,-0.81334442,-0.24250948,0.52882892,0
-2.4725173,-1.5124462,-1.9575726,-0.24441837,-0.68243653,-0.68886864,0
1.3584812,3.5742831,0.12437987,0.81334442,0.24250948,-0.52882892,0
-2.5688257,0.24710655,-1.0771366,-0.52794933,0.68954295,-0.4957822,0
-0.10937476,0.17948127,-3.7441156,0.81334442,0.24250948,-0.52882892,0
1.9983803,1.9843519,0.06165719,0.81334442,0.24250948,-0.52882892,0
-1.9756559,0.54955995,-1.3125958,-0.52794933,0.68954295,-0.4957822,0
-2.4684601,0.6382432,-0.48374003,-0.52794933,0.68954295,-0.4957822,0
-0.68316054,-0.8140142,-3.3876328,-0.24441837,-0.68243653,-0.68886864,0
0.94420099,3.1412888,0.77300799,0.24441837,0.68243653,0.68886864,0
-1.3253891,-1.9254435,-1.903155,-0.24441837,-0.68243653,-0.68886864,0
0.40217316,2.6118045,1.6321777,0.24441837,0.68243653,0.68886864,0
0.5066309,1.5923409,-2.2714491,-0.52794933,0.68954295,-0.4957822,0
-1.0048242,-0.185969,2.1566608,-0.81334442,-0.24250948,0.52882892,0
-2.9714141,-0.27886295,-1.1899046,-0.52794933,0.68954295,-0.4957822,0
1.1905099,1.2672549,2.5906134,0.24441837,0.68243653,0.68886864,0
-2.5285707,-1.7198112,-1.7630907,-0.24441837,-0.68243653,-0.68886864,0
-0.51802588,-1.9541354,1.998614,0.52794933,-0.68954295,0.4957822,0
0.16660333,0.57450324,-3.1258273,0.81334442,0.24250948,-0.52882892,0
0.91381693,2.5056877,-1.2966881,0.81334442,0.24250948,-0.52882892,0
-2.2148051,-0.38177681,0.26707649,-0.81334442,-0.24250948,0.52882892,0
-1.9947448,-2.6876521,-1.1153805,-0.24441837,-0.68243653,-0.68886864,0
0.71411061,-3.1122067,-1.1505346,0.52794933,-0.68954295,0.4957822,0
1.3261528,2.3893149,1.4150983,0.24441837,0.68243653,0.68886864,0
2.4542046,1.7062984,1.7790909,0.24441837,0.68243653,0.68886864,0
0.69884074,-0.4128046,-2.944056,0.81334442,0.24250948,-0.52882892,0
0.67867005,-2.3066866,-2.2014642,-0.24441837,-0.68243653,-0.68886864,0
1.9053112,1.9276043,1.8645868,0.24441837,0.68243653,0.68886864,0
-2.2305362,-0.45075035,0.15504384,-0.81334442,-0.24250948,0.52882892,0
-0.25328994,-0.15498412,3.2544363,-0.81334442,-0.24250948,0.52882892,0
-2.8576357,-1.675384,-1.3444191,-0.81334442,-0.24250948,0.52882892,0
1.0615106,-0.68177223,1.9472141,0.52794933,-0.68954295,0.4957822,0
0.6142695,-3.1132684,-1.0148139,0.52794933,-0.68954295,0.4957822,0
-1.4587643,2.4729726,0.81309593,-0.52794933,0.68954295,-0.4957822,0
2.2365735,-1.2812079,-0.048695385,0.52794933,-0.68954295,0.4957822,0
1.7958879,0.15549469,-0.81280613,0.81334442,0.24250948,-0.52882892,0
2.4136977,-0.26096821,0.98184919,0.52794933,-0.68954295,0.4957822,0
2.6390488,-0.33341408,0.20861948,0.81334442,0.24250948,-0.52882892,0
-0.53001451,-0.064488173,2.775878,-0.81334442,-0.24250948,0.52882892,0
1.2410269,2.2282116,1.6642637,0.24441837,0.68243653,0.68886864,0
-1.1932667,0.4496932,2.0305824,-0.81334442,-0.24250948,0.52882892,0
2.4926071,0.87380528,0.29545271,0.81334442,0.24250948,-0.52882892,0
1.3859496,0.61724615,-1.4711695,0.81334442,0.24250948,-0.52882892,0
-2.6375639,0.47206092,-0.3761735,-0.52794933,0.68954295,-0.4957822,0
2.0559533,0.78862202,2.9351249,0.52794933,-0.68954295,0.4957822,0
0.64233124,0.58475554,-2.5545366,0.81334442,0.24250948,-0.52882892,0
2.621047,0.17940688,1.3189805,0.52794933,-0.68954295,0.4957822,0
2.3338747,-1.0191712,0.009052217,0.52794933,-0.68954295,0.4957822,0
-1.4138545,0.102988,1.6643612,-0.81334442,-0.24250948,0.52882892,0
1.2570455,1.457736,-1.2781107,0.81334442,0.24250948,-0.52882892,0
-1.4032347,-2.9475667,0.35116947,-0.81334442,-0.24250948,0.52882892,0
0.0026967525,-1.042636,2.685611,0.52794933,-0.68954295,0.4957822,0
1.9303905,1.2970029,2.4159179,0.24441837,0.68243653,0.68886864,0
-1.0407784,-3.3459764,0.3187058,0.52794933,-0.68954295,0.4957822,0
0.32754683,-2.5801084,-1.8859282,-0.24441837,-0.68243653,-0.68886864,0
