-1.7669946,-0.89113325,-0.61082315,-0.90246481,-0.10498276,-0.41777498,0
-0.12069368,-0.58175445,2.2799177,-0.43038726,0.17921808,0.88467377,0
0.96548498,1.1429036,-1.9160933,0.43038726,-0.17921808,-0.88467377,0
-0.92208296,1.5076467,1.4239401,-0.43038726,0.17921808,0.88467377,0
1.6299386,-1.1799105,-1.1322775,0.43038726,-0.17921808,-0.88467377,0
0.64086682,-0.58368582,2.7181451,-0.43038726,0.17921808,0.88467377,0
-1.0826969,1.8097644,-0.63004917,-0.018002667,0.97819197,-0.20692125,0
-0.035198629,2.1777554,0.86273146,-0.018002667,0.97819197,-0.20692125,0
1.4509541,-1.8371507,0.98245507,0.018002667,-0.97819197,0.20692125,0
-1.379117,-0.031082666,-1.621565,-0.90246481,-0.10498276,-0.41777498,0
-0.66620094,0.61458743,-2.6230907,0.43038726,-0.17921808,-0.88467377,0
2.355279,-0.84201187,-0.90538609,0.43038726,-0.17921808,-0.88467377,0
-0.76135111,1.7543563,-1.4478891,-0.018002667,0.97819197,-0.20692125,0
0.92351788,-1.1296365,2.882406,-0.43038726,0.17921808,0.88467377,0
-2.3915424,-1.4605803,1.3670529,-0.43038726,0.17921808,0.88467377,0
-0.16157925,2.2241786,1.100906,-0.018002667,0.97819197,-0.20692125,0
-2.1018977,-0.32487959,1.2048254,-0.43038726,0.17921808,0.88467377,0
2.2744231,1.9627277,-0.55111879,0.90246481,0.10498276,0.41777498,0
0.62741411,-1.8872917,1.0049052,0.018002667,-0.97819197,0.20692125,0
0.23923475,-1.5882295,1.8129137,0.018002667,-0.97819197,0.20692125,0
0.60245717,2.2734587,0.63711196,-0.018002667,0.97819197,-0.20692125,0
-1.1035339,-1.0533664,-2.3608699,-0.90246481,-0.10498276,-0.41777498,0
1.792704,-1.9668305,-0.2483395,0.018002667,-0.97819197,0.20692125,0
2.0352767,1.3588233,0.28598285,0.90246481,0.10498276,0.41777498,0
-1.5627275,-1.9325068,0.90644401,0.018002667,-0.97819197,0.20692125,0
-1.2064478,2.1898625,0.72837621,-0.018002667,0.97819197,-0.20692125,0
-1.3024691,-1.5385064,-1.7662187,-0.90246481,-0.10498276,-0.41777498,0
0.89976305,2.5286975,1.9172447,-0.018002667,0.97819197,-0.20692125,0
-0.67354298,-0.76874888,2.1569197,-0.43038726,0.17921808,0.88467377,0
-2.6803775,-1.631238,1.3082172,-0.43038726,0.17921808,0.88467377,0
-1.6734993,-0.85000861,-0.75970542,-0.90246481,-0.10498276,-0.41777498,0
-2.7123928,1.0417521,0.5790357,-0.90246481,-0.10498276,-0.41777498,0
-0.68204355,-1.3596838,-2.2975867,0.43038726,-0.17921808,-0.88467377,0
-1.3126023,1.7161452,-1.7823937,-0.018002667,0.97819197,-0.20692125,0
-0.91345072,-1.6690288,1.8975003,0.018002667,-0.97819197,0.20692125,0
-1.0763515,-0.7793026,-2.173224,-0.90246481,-0.10498276,-0.41777498,0
2.4930208,0.81596804,-0.61696899,0.90246481,0.10498276,0.41777498,0
-1.5687667,-1.6021363,-1.0106031,-0.90246481,-0.10498276,-0.41777498,0
-1.3546078,-2.0919771,0.10606092,0.018002667,-0.97819197,0.20692125,0
-1.0002632,-2.3480053,-2.0426908,-0.90246481,-0.10498276,-0.41777498,0
-1.3313007,0.40585136,1.6315349,-0.43038726,0.17921808,0.88467377,0
0.79694557,2.3713465,2.1714315,-0.43038726,0.17921808,0.88467377,0
2.0770721,1.1158174,-1.4905555,0.43038726,-0.17921808,-0.88467377,0
0.077471972,0.30044207,-2.2067542,0.43038726,-0.17921808,-0.88467377,0
2.4171364,-0.017737508,-0.6185112,0.90246481,0.10498276,0.41777498,0
-0.050591707,2.1379888,0.5973928,-0.018002667,0.97819197,-0.20692125,0
-2.5754929,-0.57538152,0.77860689,-0.90246481,-0.10498276,-0.41777498,0
-0.95841253,-2.3611832,-1.9548311,-0.90246481,-0.10498276,-0.41777498,0
1.8049675,0.34908122,0.62898779,0.90246481,0.10498276,0.41777498,0
-2.4561327,1.4400749,0.78844196,-0.43038726,0.17921808,0.88467377,0
0.84741729,1.3170278,2.4841352,-0.43038726,0.17921808,0.88467377,0
0.51705587,1.2059438,-2.3356459,0.43038726,-0.17921808,-0.88467377,0
0.75287867,0.46744353,2.6241512,-0.43038726,0.17921808,0.88467377,0
-1.3712778,-2.3227293,-1.1341165,-0.90246481,-0.10498276,-0.41777498,0
-0.60960323,2.2907038,1.4598325,-0.43038726,0.17921808,0.88467377,0
2.5313911,-1.1168556,-0.63813263,0.90246481,0.10498276,0.41777498,0
2.3106329,0.46532902,-1.1499141,0.43038726,-0.17921808,-0.88467377,0
1.8655903,0.26008406,0.53041208,0.90246481,0.10498276,0.41777498,0
2.2785897,0.24110678,-1.2228495,0.43038726,-0.17921808,-0.88467377,0
2.1852326,1.6738321,-0.42400879,0.90246481,0.10498276,0.41777498,0
-1.2708348,-1.1879084,-1.7684135,-0.90246481,-0.10498276,-0.41777498,0
-0.6695987,-2.4922867,-1.6000388,0.018002667,-0.97819197,0.20692125,0
-2.2919612,-1.073294,0.6304093,-0.90246481,-0.10498276,-0.41777498,0
0.81650811,-2.1931522,-0.72925204,0.018002667,-0.97819197,0.20692125,0
2.3098822,-0.36965445,0.034789443,0.90246481,0.10498276,0.41777498,0
1.2643652,0.91317779,1.954917,0.90246481,0.10498276,0.41777498,0
1.4229379,0.24775353,-1.5924909,0.43038726,-0.17921808,-0.88467377,0
0.47929853,-1.5322485,2.5495424,0.018002667,-0.97819197,0.20692125,0
2.1975174,1.8555009,-0.45234251,0.90246481,0.10498276,0.41777498,0
-2.1121452,-1.1505289,0.24919641,-0.90246481,-0.10498276,-0.41777498,0
-1.0194218,-2.2657812,-1.8116181,-0.90246481,-0.10498276,-0.41777498,0
1.232294,-2.2538543,-1.2186508,0.43038726,-0.17921808,-0.88467377,0
2.4995341,-0.45203024,-0.86110872,0.43038726,-0.17921808,-0.88467377,0
-1.3283423,-2.2301793,-1.5616275,-0.90246481,-0.10498276,-0.41777498,0
0.13607818,-2.279387,-1.231274,0.018002667,-0.97819197,0.20692125,0
-0.29671347,-0.96987963,2.2451601,-0.43038726,0.17921808,0.88467377,0
1.3462852,0.079243518,1.9989903,0.90246481,0.10498276,0.41777498,0
-0.12276632,-2.4501762,-1.750109,0.43038726,-0.17921808,-0.88467377,0
-2.1640453,0.63177633,-0.41526186,-0.90246481,-0.10498276,-0.41777498,0
-2.2071793,-1.776849,0.51453531,-0.90246481,-0.10498276,-0.41777498,0
1.7233927,1.8743608,-1.1046875,-0.018002667,0.97819197,-0.20692125,0
-0.88892329,2.0204239,-0.20932326,-0.018002667,0.97819197,-0.20692125,0
-0.57484257,0.89161956,-2.6259983,0.43038726,-0.17921808,-0.88467377,0
-1.8293926,-0.066372186,-1.0037204,-0.90246481,-0.10498276,-0.41777498,0
-0.39117071,-2.1248777,-0.37496078,0.018002667,-0.97819197,0.20692125,0
-1.3590043,2.0939441,0.36909309,-0.018002667,0.97819197,-0.20692125,0
-1.2016551,2.0583694,0.41415006,-0.018002667,0.97819197,-0.20692125,0
0.65370482,2.3416331,1.6375778,-0.018002667,0.97819197,-0.20692125,0
-1.0450958,-1.0171257,1.8521615,-0.43038726,0.17921808,0.88467377,0
-0.64746559,-0.11437607,-2.5309877,0.43038726,-0.17921808,-0.88467377,0
0.99374056,1.6679525,2.1140258,0.90246481,0.10498276,0.41777498,0
-1.0242425,-1.244651,2.0589414,-0.43038726,0.17921808,0.88467377,0
0.17114592,-1.4738506,2.7231011,-0.43038726,0.17921808,0.88467377,0
-1.0645092,1.772581,-1.2427361,-0.018002667,0.97819197,-0.20692125,0
0.20783198,1.7924062,-0.76488143,-0.018002667,0.97819197,-0.20692125,0
-0.75600815,1.6360087,-2.2857213,-0.018002667,0.97819197,-0.20692125,0
1.4563578,1.6947677,-1.5290389,-0.018002667,0.97819197,-0.20692125,0
0.80651379,2.0580716,-0.16872394,-0.018002667,0.97819197,-0.20692125,0
0.1436069,1.7016507,-1.3536139,-0.018002667,0.97819197,-0.20692125,0
1.2297139,0.97460532,1.9745724,0.90246481,0.10498276,0.41777498,0
-0.7523284,1.6667506,1.5674739,-0.43038726,0.17921808,0.88467377,0
2.7145998,-0.57305968,-0.86110187,0.90246481,0.10498276,0.41777498,0
-0.25699228,-2.4000547,-1.8012879,0.018002667,-0.97819197,0.20692125,0
-0.56223881,-0.42308021,2.0692692,-0.43038726,0.17921808,0.88467377,0
2.098238,1.8079045,-0.97525841,-0.018002667,0.97819197,-0.20692125,0
2.5188184,-0.11479291,-0.98887509,0.43038726,-0.17921808,-0.88467377,0
-0.056150198,-2.2268231,-1.7873335,0.43038726,-0.17921808,-0.88467377,0
-2.2545133,-0.49304992,-0.013698936,-0.90246481,-0.10498276,-0.41777498,0
-1.7342101,-0.91056192,-0.82272351,-0.90246481,-0.10498276,-0.41777498,0
-1.4117678,0.66673648,1.50164,-0.43038726,0.17921808,0.88467377,0
-2.5798037,0.50371706,0.9420808,-0.43038726,0.17921808,0.88467377,0
0.93880582,1.9717664,2.2431631,-0.43038726,0.17921808,0.88467377,0
1.1543705,-1.0872188,2.6094165,0.90246481,0.10498276,0.41777498,0
-2.2912312,-1.1689391,1.4939036,-0.43038726,0.17921808,0.88467377,0
1.6665993,1.6727681,-1.5711768,-0.018002667,0.97819197,-0.20692125,0
1.7738606,-1.2281086,1.0852075,0.90246481,0.10498276,0.41777498,0
-2.7177708,-0.18579349,1.0215145,-0.43038726,0.17921808,0.88467377,0
1.7645438,-0.80697316,1.1537844,0.90246481,0.10498276,0.41777498,0
0.79652727,-2.0754955,-0.47810096,0.018002667,-0.97819197,0.20692125,0
1.4149537,-0.99099529,1.8983822,0.90246481,0.10498276,0.41777498,0
-1.8673421,1.2273364,-0.97333884,-0.90246481,-0.10498276,-0.41777498,0
-0.53073585,-1.9352434,-2.1537671,0.43038726,-0.17921808,-0.88467377,0
2.1744709,0.0606758,-1.110871,0.43038726,-0.17921808,-0.88467377,0
0.84184265,2.0139613,-0.21673322,-0.018002667,0.97819197,-0.20692125,0
1.1841015,-1.9246107,0.49791449,0.018002667,-0.97819197,0.20692125,0
-0.1200555,-2.3230913,-1.1330075,0.018002667,-0.97819197,0.20692125,0
-0.040282249,1.5699385,-2.2919383,-0.018002667,0.97819197,-0.20692125,0
-0.012091398,-1.1303246,-2.0777283,0.43038726,-0.17921808,-0.88467377,0
0.96691769,-2.0887198,-0.71741229,0.018002667,-0.97819197,0.20692125,0
0.32202643,-1.6543726,1.5840726,0.018002667,-0.97819197,0.20692125,0
-0.92020202,-0.40616882,-2.6854057,0.43038726,-0.17921808,-0.88467377,0
0.03992188,-0.28907391,-2.1108294,0.43038726,-0.17921808,-0.88467377,0
-1.212523,-1.7864438,-1.7038743,-0.90246481,-0.10498276,-0.41777498,0
0.50595236,-1.7662355,-1.7306162,0.43038726,-0.17921808,-0.88467377,0
1.5342439,0.73721558,1.2058271,0.90246481,0.10498276,0.41777498,0
1.1588861,2.1002605,0.48140329,-0.018002667,0.97819197,-0.20692125,0
1.5212888,-2.0116162,-1.0962826,0.43038726,-0.17921808,-0.88467377,0
1.1253778,0.52444649,2.0077183,0.90246481,0.10498276,0.41777498,0
-0.91742706,-2.1345341,-0.23303831,0.018002667,-0.97819197,0.20692125,0
-2.0097713,1.9964328,-0.49874014,-0.018002667,0.97819197,-0.20692125,0
0.62197244,0.74138868,-2.1004376,0.43038726,-0.17921808,-0.88467377,0
-1.2936587,0.24051578,-1.8484712,-0.90246481,-0.10498276,-0.41777498,0
-1.5776085,-2.0212562,-0.082363486,0.018002667,-0.97819197,0.20692125,0
2.1673603,1.8749001,-0.6038233,-0.018002667,0.97819197,-0.20692125,0
2.2675204,0.64578843,-0.2042473,0.90246481,0.10498276,0.41777498,0
-1.689631,-0.67744076,-1.1886841,-0.90246481,-0.10498276,-0.41777498,0
1.251457,-1.8452909,0.48547143,0.018002667,-0.97819197,0.20692125,0
2.2326286,-0.24082696,-0.075680256,0.90246481,0.10498276,0.41777498,0
-1.2755129,1.5840834,-1.9912854,-0.018002667,0.97819197,-0.20692125,0
0.73997605,1.8039941,2.2117572,-0.43038726,0.17921808,0.88467377,0
0.71059144,-2.1328073,-0.73463029,0.018002667,-0.97819197,0.20692125,0
-0.27179527,-1.2215865,-2.1700635,0.43038726,-0.17921808,-0.88467377,0
0.24610817,1.3273454,2.2100863,-0.43038726,0.17921808,0.88467377,0
1.8775079,1.2535081,0.28230405,0.90246481,0.10498276,0.41777498,0
-2.0508368,-1.8769799,0.55154645,0.018002667,-0.97819197,0.20692125,0
-1.3663399,-2.0216134,0.67931867,0.018002667,-0.97819197,0.20692125,0
0.062300324,0.82788599,-2.4525633,0.43038726,-0.17921808,-0.88467377,0
-0.76870883,-1.7242148,1.9481277,0.018002667,-0.97819197,0.20692125,0
1.748758,-1.649865,1.2967393,0.90246481,0.10498276,0.41777498,0
-0.9425807,0.3124629,1.6742285,-0.43038726,0.17921808,0.88467377,0
-0.18345785,0.067099467,2.1943641,-0.43038726,0.17921808,0.88467377,0
0.9903686,-2.1942656,-0.93939739,0.018002667,-0.97819197,0.20692125,0
-1.8823882,-2.0715661,-0.36256993,-0.90246481,-0.10498276,-0.41777498,0
0.98241198,1.7630979,-1.2511843,-0.018002667,0.97819197,-0.20692125,0
1.0910269,-1.0818783,2.9043834,-0.43038726,0.17921808,0.88467377,0
-1.2470738,-1.6572145,2.089716,-0.43038726,0.17921808,0.88467377,0
-0.33522809,0.87263423,1.9631658,-0.43038726,0.17921808,0.88467377,0
0.14726579,0.61735761,2.2439566,-0.43038726,0.17921808,0.88467377,0
1.9192516,0.89005125,0.18243921,0.90246481,0.10498276,0.41777498,0
-0.58919126,-0.9471395,-2.3916073,0.43038726,-0.17921808,-0.88467377,0
1.8977659,-1.8864254,0.28494722,0.018002667,-0.97819197,0.20692125,0
-1.7849509,1.3248155,-1.4690447,-0.90246481,-0.10498276,-0.41777498,0
-0.006505847,-1.6696891,1.7486011,0.018002667,-0.97819197,0.20692125,0
-2.6633906,0.63743562,0.8289336,-0.90246481,-0.10498276,-0.41777498,0
-1.3483574,1.3233166,-2.2930322,-0.90246481,-0.10498276,-0.41777498,0
-2.2727613,-1.4237654,1.338001,-0.43038726,0.17921808,0.88467377,0
-1.1081827,1.8236227,1.4393476,-0.43038726,0.17921808,0.88467377,0
0.96989882,0.65396595,2.3163319,0.90246481,0.10498276,0.41777498,0
-0.87839305,1.5694075,-2.6174984,-0.018002667,0.97819197,-0.20692125,0
1.0526872,-1.2373753,2.8455524,0.90246481,0.10498276,0.41777498,0
0.030277431,2.1893222,1.0140302,-0.018002667,0.97819197,-0.20692125,0
1.6895498,0.94419217,1.1280686,0.90246481,0.10498276,0.41777498,0
-0.85517263,0.15465218,-2.71736,0.43038726,-0.17921808,-0.88467377,0
-0.86987996,-0.47379088,1.8923966,-0.43038726,0.17921808,0.88467377,0
0.8066119,0.44441235,-2.0684283,0.43038726,-0.17921808,-0.88467377,0
1.8785858,-2.1464527,-0.37935555,0.018002667,-0.97819197,0.20692125,0
-0.57604945,-2.0502868,0.41657934,0.018002667,-0.97819197,0.20692125,0
1.037481,0.59548736,2.1593282,0.90246481,0.10498276,0.41777498,0
0.024654865,-1.396768,-2.0102608,0.43038726,-0.17921808,-0.88467377,0
2.368835,0.82880223,-0.61082387,0.90246481,0.10498276,0.41777498,0
-0.091592193,-0.96656531,-2.0061808,0.43038726,-0.17921808,-0.88467377,0
-1.722257,1.2972944,-1.1558383,-0.90246481,-0.10498276,-0.41777498,0
2.3424716,-1.5808225,0.23822188,0.90246481,0.10498276,0.41777498,0
2.0477095,-1.8743883,0.82590508,0.018002667,-0.97819197,0.20692125,0
-1.8838795,0.71244514,-0.85738361,-0.90246481,-0.10498276,-0.41777498,0
1.2287238,2.261081,1.0624158,-0.018002667,0.97819197,-0.20692125,0
-2.068388,-1.955549,0.015295506,-0.90246481,-0.10498276,-0.41777498,0
2.2498257,-2.0462706,-0.29416722,0.018002667,-0.97819197,0.20692125,0
-2.2215071,1.5287281,-0.50964129,-0.90246481,-0.10498276,-0.41777498,0
-0.26359606,-0.43250215,2.3034995,-0.43038726,0.17921808,0.88467377,0
-0.80358452,-2.3139768,-2.2192714,0.43038726,-0.17921808,-0.88467377,0
0.13075203,2.3896496,1.3283114,-0.018002667,0.97819197,-0.20692125,0
-1.7876512,-0.92930508,-0.49424851,-0.90246481,-0.10498276,-0.41777498,0
-0.63749242,1.6141558,-1.7037661,-0.018002667,0.97819197,-0.20692125,0
1.4196826,-1.835359,0.64483875,0.018002667,-0.97819197,0.20692125,0
0.47373796,0.22322813,2.5229082,-0.43038726,0.17921808,0.88467377,0
-1.3655818,-0.62560654,1.7739532,-0.43038726,0.17921808,0.88467377,0
1.4023186,0.81987822,-1.6380877,0.43038726,-0.17921808,-0.88467377,0
-1.4466145,0.066241831,-1.5209638,-0.90246481,-0.10498276,-0.41777498,0
0.50390613,1.4045113,-2.3016315,0.43038726,-0.17921808,-0.88467377,0
-1.8072727,0.21930394,-0.84246683,-0.90246481,-0.10498276,-0.41777498,0
0.85150635,-0.65475631,2.7286177,-0.43038726,0.17921808,0.88467377,0
-0.18449372,-1.7974325,-2.0260646,0.43038726,-0.17921808,-0.88467377,0
1.1261396,-1.5316464,2.5072863,0.018002667,-0.97819197,0.20692125,0
-0.32449663,1.4569262,-2.697695,0.43038726,-0.17921808,-0.88467377,0
2.4332573,-1.8840885,0.10037565,0.90246481,0.10498276,0.41777498,0
1.5387187,-1.8539691,0.87666029,0.018002667,-0.97819197,0.20692125,0
1.6998247,0.38810489,1.1414285,0.90246481,0.10498276,0.41777498,0
1.9987737,1.7558575,-0.10415578,0.90246481,0.10498276,0.41777498,0
-0.41147292,-2.3350275,-1.0947804,0.018002667,-0.97819197,0.20692125,0
2.4210925,0.12082957,-0.4113571,0.90246481,0.10498276,0.41777498,0
2.5108232,-1.3268008,-0.27770787,0.90246481,0.10498276,0.41777498,0
0.76924103,-1.4102659,2.9601412,0.018002667,-0.97819197,0.20692125,0
0.2833361,2.3141298,0.78019613,-0.018002667,0.97819197,-0.20692125,0
2.6011953,-0.79808533,-0.58683336,0.90246481,0.10498276,0.41777498,0
0.28347626,-2.1986995,-0.7889533,0.018002667,-0.97819197,0.20692125,0
2.5622263,-0.79318309,-0.74528301,0.90246481,0.10498276,0.41777498,0
-2.2053802,-1.8448321,1.3506806,0.018002667,-0.97819197,0.20692125,0
2.0150924,-1.1093208,-1.1086017,0.43038726,-0.17921808,-0.88467377,0
-1.9937717,0.85095865,-0.53490865,-0.90246481,-0.10498276,-0.41777498,0
-0.46957481,1.640043,1.6728044,-0.43038726,0.17921808,0.88467377,0
-0.45665509,0.44185501,-2.5510857,0.43038726,-0.17921808,-0.88467377,0
-2.2470815,-0.12491806,0.22364533,-0.90246481,-0.10498276,-0.41777498,0
-0.73611081,-1.613688,-2.3923965,0.43038726,-0.17921808,-0.88467377,0
-0.044865072,-1.6311466,1.6655241,0.018002667,-0.97819197,0.20692125,0
-0.2916162,1.4590688,-2.7932072,0.43038726,-0.17921808,-0.88467377,0
-0.076527148,1.7172096,-1.1413225,-0.018002667,0.97819197,-0.20692125,0
0.17169327,0.74460793,2.2669244,-0.43038726,0.17921808,0.88467377,0
-0.18730879,-1.2730089,-2.2047653,0.43038726,-0.17921808,-0.88467377,0
2.6234584,-0.72715509,-0.85959911,0.90246481,0.10498276,0.41777498,0
-0.82391024,1.6824195,-1.7921488,-0.018002667,0.97819197,-0.20692125,0
-1.3807782,-0.46424621,-1.6678655,-0.90246481,-0.10498276,-0.41777498,0
-1.0499859,-2.1845982,-0.89773417,0.018002667,-0.97819197,0.20692125,0
0.8480708,1.8767745,-1.1237286,-0.018002667,0.97819197,-0.20692125,0
0.45300007,-1.3959206,2.6314273,0.018002667,-0.97819197,0.20692125,0
-0.73206598,-1.9200621,-2.3268905,0.43038726,-0.17921808,-0.88467377,0
1.9842756,-0.21786246,0.51002848,0.90246481,0.10498276,0.41777498,0
-2.2455094,-1.7483373,0.6975919,-0.90246481,-0.10498276,-0.41777498,0
1.4902165,-2.3012507,-0.91985941,0.018002667,-0.97819197,0.20692125,0
0.74115038,-0.97052658,-1.6904593,0.43038726,-0.17921808,-0.88467377,0
-1.4699688,-0.23491435,-1.7457318,-0.90246481,-0.10498276,-0.41777498,0
0.047839999,-0.034183353,2.2026997,-0.43038726,0.17921808,0.88467377,0
0.8021282,-0.49298111,2.7816982,-0.43038726,0.17921808,0.88467377,0
-2.3883507,2.00528,-0.34283042,-0.90246481,-0.10498276,-0.41777498,0
0.4396565,-0.2375291,-2.0827584,0.43038726,-0.17921808,-0.88467377,0
-1.1612668,-2.3009336,-1.0850968,0.018002667,-0.97819197,0.20692125,0
-0.61218286,1.2216859,-2.8297424,0.43038726,-0.17921808,-0.88467377,0
0.85210931,-1.5095123,2.4743273,0.018002667,-0.97819197,0.20692125,0
-0.39330274,0.52162451,-2.5443687,0.43038726,-0.17921808,-0.88467377,0
-0.10520792,-1.5340695,1.9625741,0.018002667,-0.97819197,0.20692125,0
-1.099128,-1.9241358,1.1369396,0.018002667,-0.97819197,0.20692125,0
-1.1750652,0.35160521,-2.3212392,-0.90246481,-0.10498276,-0.41777498,0
2.4558287,0.45275527,-0.80822909,0.90246481,0.10498276,0.41777498,0
1.8331254,1.8628079,-0.73317158,-0.018002667,0.97819197,-0.20692125,0
-1.4369259,0.40500924,-1.705948,-0.90246481,-0.10498276,-0.41777498,0
2.3254619,0.91590238,-1.2931007,0.43038726,-0.17921808,-0.88467377,0
1.0086763,1.6047711,2.106957,0.90246481,0.10498276,0.41777498,0
-0.45512348,-2.3143096,-1.168505,0.018002667,-0.97819197,0.20692125,0
0.052756906,1.5757782,-2.4594347,-0.018002667,0.97819197,-0.20692125,0
-1.5585759,-1.5047981,-0.90121853,-0.90246481,-0.10498276,-0.41777498,0
-2.2665067,0.39346731,0.088915944,-0.90246481,-0.10498276,-0.41777498,0
-0.029762149,1.5981754,1.8937886,-0.43038726,0.17921808,0.88467377,0
-0.18140543,2.2552397,1.3158767,-0.018002667,0.97819197,-0.20692125,0
1.7554821,-1.2697958,1.4829385,0.90246481,0.10498276,0.41777498,0
0.7594533,-1.6986312,-1.5856581,0.43038726,-0.17921808,-0.88467377,0
1.8230486,1.1807199,0.4841969,0.90246481,0.10498276,0.41777498,0
-1.6036373,2.0355203,-0.32704091,-0.018002667,0.97819197,-0.20692125,0
-1.2476861,1.2737073,-2.5979004,-0.90246481,-0.10498276,-0.41777498,0
0.93271708,0.32787019,-1.7990446,0.43038726,-0.17921808,-0.88467377,0
-2.4531593,-1.2151476,0.90415514,-0.90246481,-0.10498276,-0.41777498,0
-1.3803494,1.9954093,0.091668218,-0.018002667,0.97819197,-0.20692125,0
-0.72235948,-2.439713,-2.0717435,0.43038726,-0.17921808,-0.88467377,0
2.0594876,0.79415393,-1.3162744,0.43038726,-0.17921808,-0.88467377,0
-1.3997644,-0.37109008,-1.8540361,-0.90246481,-0.10498276,-0.41777498,0
-0.11136538,-2.4229441,-1.7254568,0.018002667,-0.97819197,0.20692125,0
-1.9380833,0.1221763,1.241544,-0.43038726,0.17921808,0.88467377,0
-0.060550913,2.0580349,-0.1558108,-0.018002667,0.97819197,-0.20692125,0
-1.2568626,0.41601548,-2.2221498,-0.90246481,-0.10498276,-0.41777498,0
0.98406976,-0.71417987,2.6554327,0.90246481,0.10498276,0.41777498,0
-0.62094951,-1.1652423,-2.423027,0.43038726,-0.17921808,-0.88467377,0
-1.0097407,0.030626163,-2.6658318,0.43038726,-0.17921808,-0.88467377,0
-0.1196183,1.7357315,1.9463189,-0.43038726,0.17921808,0.88467377,0
0.10386264,0.51559317,-2.3690381,0.43038726,-0.17921808,-0.88467377,0
-1.4763914,2.1540196,0.38397983,-0.018002667,0.97819197,-0.20692125,0
-1.5584124,0.21760611,1.4569595,-0.43038726,0.17921808,0.88467377,0
-2.2187071,-0.54140741,1.3968508,-0.43038726,0.17921808,0.88467377,0
2.6318691,-0.79590249,-0.61951685,0.90246481,0.10498276,0.41777498,0
-2.4751,-0.1217213,0.58541077,-0.90246481,-0.10498276,-0.41777498,0
1.3668995,1.5586965,-1.8530166,0.43038726,-0.17921808,-0.88467377,0
2.3281713,0.66848242,-1.2627332,0.43038726,-0.17921808,-0.88467377,0
0.037016213,-1.7621572,1.5284847,0.018002667,-0.97819197,0.20692125,0
-1.5874159,1.679552,-1.7414466,-0.018002667,0.97819197,-0.20692125,0
-1.9202002,2.1609287,0.26908675,-0.018002667,0.97819197,-0.20692125,0
2.4768171,1.7788619,-1.1864966,-0.018002667,0.97819197,-0.20692125,0
-1.9064143,-2.011344,-0.054501057,0.018002667,-0.97819197,0.20692125,0
0.74176049,1.8040637,-1.6495399,-0.018002667,0.97819197,-0.20692125,0
0.57112944,-0.077792332,-1.9921772,0.43038726,-0.17921808,-0.88467377,0
-2.3724954,-0.99587387,0.45416838,-0.90246481,-0.10498276,-0.41777498,0
-1.2817421,-1.5686315,-1.6774112,-0.90246481,-0.10498276,-0.41777498,0
0.15655798,0.97419387,2.2103317,-0.43038726,0.17921808,0.88467377,0
-2.4655137,0.22877868,0.48066199,-0.90246481,-0.10498276,-0.41777498,0
-2.3650804,-0.8376509,1.339427,-0.43038726,0.17921808,0.88467377,0
-1.8634425,0.87997776,-1.2109135,-0.90246481,-0.10498276,-0.41777498,0
0.85627675,-1.7440683,1.6912159,0.018002667,-0.97819197,0.20692125,0
-1.0536911,-0.40878594,1.905943,-0.43038726,0.17921808,0.88467377,0
1.545007,1.8224888,-1.586647,-0.018002667,0.97819197,-0.20692125,0
-1.4201922,0.063663974,-1.7727442,-0.90246481,-0.10498276,-0.41777498,0
2.4416938,-0.9401136,-0.8523941,0.43038726,-0.17921808,-0.88467377,0
0.69808125,1.9193854,-0.83021098,-0.018002667,0.97819197,-0.20692125,0
-2.3676333,2.0313771,0.39776921,-0.018002667,0.97819197,-0.20692125,0
-0.84333777,-1.3149611,2.042542,-0.43038726,0.17921808,0.88467377,0
-0.53939652,-1.2342998,-2.3388653,0.43038726,-0.17921808,-0.88467377,0
-1.2475119,-1.0738776,-1.9502801,-0.90246481,-0.10498276,-0.41777498,0
1.6752815,2.1257133,-0.072384477,-0.018002667,0.97819197,-0.20692125,0
-1.1454089,0.18496409,-2.1629519,-0.90246481,-0.10498276,-0.41777498,0
1.530799,2.180378,0.80355966,-0.018002667,0.97819197,-0.20692125,0
1.7918594,-0.72389805,-1.2402074,0.43038726,-0.17921808,-0.88467377,0
2.3817647,-0.58681554,-1.0782968,0.43038726,-0.17921808,-0.88467377,0
1.8749626,-2.0432224,-0.83860093,0.43038726,-0.17921808,-0.88467377,0
-2.6176257,-0.065035611,0.97879648,-0.90246481,-0.10498276,-0.41777498,0
-1.8569275,1.826259,-0.72492868,-0.018002667,0.97819197,-0.20692125,0
1.4652126,0.506055,-1.6449914,0.43038726,-0.17921808,-0.88467377,0
-1.2697352,-1.378704,-1.5560462,-0.90246481,-0.10498276,-0.41777498,0
1.9959475,1.2179182,-1.5137718,0.43038726,-0.17921808,-0.88467377,0
-0.81658816,-0.064357489,-2.6271996,0.43038726,-0.17921808,-0.88467377,0
-1.0402882,-1.8144853,1.2057797,0.018002667,-0.97819197,0.20692125,0
1.2286023,0.10285041,2.1591597,0.90246481,0.10498276,0.41777498,0
-2.4419169,-0.42603192,0.38934016,-0.90246481,-0.10498276,-0.41777498,0
-2.1324768,1.6122824,-0.42395759,-0.90246481,-0.10498276,-0.41777498,0
-1.0795914,0.91608489,1.4709492,-0.43038726,0.17921808,0.88467377,0
-2.4106216,0.41904813,0.115574,-0.90246481,-0.10498276,-0.41777498,0
-0.21035752,-2.2018259,-1.1573285,0.018002667,-0.97819197,0.20692125,0
-1.0868982,-2.1767657,-1.777982,-0.90246481,-0.10498276,-0.41777498,0
-2.5608001,2.1653833,0.4324283,-0.018002667,0.97819197,-0.20692125,0
-0.11411433,-2.1501038,-0.54212582,0.018002667,-0.97819197,0.20692125,0
-2.1588492,0.56247389,-0.46937668,-0.90246481,-0.10498276,-0.41777498,0
1.2753425,-1.6304344,1.849489,0.018002667,-0.97819197,0.20692125,0
0.16033423,-0.25126702,2.3231254,-0.43038726,0.17921808,0.88467377,0
2.2350693,1.0091115,-1.3886181,0.43038726,-0.17921808,-0.88467377,0
-1.146034,2.2591548,1.2225996,-0.43038726,0.17921808,0.88467377,0
1.5819252,-0.16869953,1.5708143,0.90246481,0.10498276,0.41777498,0
1.6044632,-1.2516472,1.6904424,0.90246481,0.10498276,0.41777498,0
2.1876426,-1.9990144,-0.12380046,0.018002667,-0.97819197,0.20692125,0
-1.9016906,-0.92241573,1.6247526,-0.43038726,0.17921808,0.88467377,0
-0.96194077,-1.6992365,-2.2058275,-0.90246481,-0.10498276,-0.41777498,0
2.0520685,-1.8759621,0.74830723,0.018002667,-0.97819197,0.20692125,0
-0.55770433,-1.7375259,-2.1934242,0.43038726,-0.17921808,-0.88467377,0
-1.3294996,-2.0206287,-0.096580207,0.018002667,-0.97819197,0.20692125,0
0.93175554,-1.5030524,2.9060278,0.018002667,-0.97819197,0.20692125,0
2.3284168,0.55967736,-0.50429142,0.90246481,0.10498276,0.41777498,0
1.0710866,2.2940025,0.63363546,-0.018002667,0.97819197,-0.20692125,0
-0.43293428,-1.8459178,0.52299315,0.018002667,-0.97819197,0.20692125,0
0.5047642,-1.6048927,2.2795184,0.018002667,-0.97819197,0.20692125,0
2.3710546,0.59366286,-0.38393128,0.90246481,0.10498276,0.41777498,0
-0.64108062,0.6931926,1.8761463,-0.43038726,0.17921808,0.88467377,0
-0.81201565,-0.20973681,-2.5743985,0.43038726,-0.17921808,-0.88467377,0
0.54022694,-2.3337023,-1.6364539,0.43038726,-0.17921808,-0.88467377,0
0.36539254,-2.0030575,-0.080504179,0.018002667,-0.97819197,0.20692125,0
0.96634316,0.10983239,-1.7901402,0.43038726,-0.17921808,-0.88467377,0
-0.99729264,0.13816988,-2.6960945,-0.90246481,-0.10498276,-0.41777498,0
-1.5860009,-2.0420103,-0.875687,-0.90246481,-0.10498276,-0.41777498,0
-1.8023555,-0.46006802,-0.94768357,-0.90246481,-0.10498276,-0.41777498,0
1.6687911,1.937883,-1.0682586,-0.018002667,0.97819197,-0.20692125,0
-0.80300444,1.5990337,-1.6321874,-0.018002667,0.97819197,-0.20692125,0
-0.12284622,2.2901769,0.82423401,-0.018002667,0.97819197,-0.20692125,0
-0.97646677,2.1516693,0.55207014,-0.018002667,0.97819197,-0.20692125,0
2.1367319,1.304034,-1.3942249,0.43038726,-0.17921808,-0.88467377,0
-0.73269159,-2.2510369,-0.73107612,0.018002667,-0.97819197,0.20692125,0
0.42615658,1.1963681,2.1566889,-0.43038726,0.17921808,0.88467377,0
2.1094172,-1.4352223,0.812989,0.90246481,0.10498276,0.41777498,0
1.9327903,-1.1161175,0.98573387,0.90246481,0.10498276,0.41777498,0
-0.66257036,0.063262761,1.9373804,-0.43038726,0.17921808,0.88467377,0
1.772835,-1.9086051,0.18659407,0.018002667,-0.97819197,0.20692125,0
0.44019133,0.2202194,2.5343406,-0.43038726,0.17921808,0.88467377,0
-2.3787847,0.92791027,1.0155758,-0.43038726,0.17921808,0.88467377,0
-2.5617003,0.35612798,1.0158857,-0.43038726,0.17921808,0.88467377,0
1.5591381,-0.75831181,1.7148691,0.90246481,0.10498276,0.41777498,0
0.72945905,0.10711564,-1.9281981,0.43038726,-0.17921808,-0.88467377,0
-1.0801618,0.47914454,-2.3532484,-0.90246481,-0.10498276,-0.41777498,0
2.3754232,0.57026172,-0.55893534,0.90246481,0.10498276,0.41777498,0
-1.0213507,0.89451325,-2.7398839,-0.90246481,-0.10498276,-0.41777498,0
2.6103868,-2.1280093,-0.55731976,0.018002667,-0.97819197,0.20692125,0
0.29300785,-2.1845393,-1.7454658,0.43038726,-0.17921808,-0.88467377,0
1.4383066,2.0147574,1.3271992,0.90246481,0.10498276,0.41777498,0
-1.1870763,0.38567504,-2.2615833,-0.90246481,-0.10498276,-0.41777498,0
0.48969296,-2.045748,0.23780786,0.018002667,-0.97819197,0.20692125,0
0.75547904,1.9031141,-0.46864203,-0.018002667,0.97819197,-0.20692125,0
-1.6545781,-1.5348059,-0.71692896,-0.90246481,-0.10498276,-0.41777498,0
2.6535084,-0.32190946,-0.85118413,0.43038726,-0.17921808,-0.88467377,0
-2.5094585,0.76240098,0.51798797,-0.90246481,-0.10498276,-0.41777498,0
-0.020630598,-1.3610553,-2.1012161,0.43038726,-0.17921808,-0.88467377,0
-2.1247165,-1.9345971,0.75012743,0.018002667,-0.97819197,0.20692125,0
-1.9676621,1.2095165,-0.9808017,-0.90246481,-0.10498276,-0.41777498,0
-0.14441264,-0.9575249,2.4132328,-0.43038726,0.17921808,0.88467377,0
-1.7323408,1.7033544,-1.2398667,-0.018002667,0.97819197,-0.20692125,0
-1.4822992,0.73047739,-1.6853895,-0.90246481,-0.10498276,-0.41777498,0
1.3874733,1.8487642,1.2425623,0.90246481,0.10498276,0.41777498,0
1.1649075,1.5872434,1.8976663,0.90246481,0.10498276,0.41777498,0
1.5140548,-1.5033419,-1.1671997,0.43038726,-0.17921808,-0.88467377,0
2.2573855,0.47753456,-0.030470848,0.90246481,0.10498276,0.41777498,0
-0.54098034,-1.59679,1.8053621,0.018002667,-0.97819197,0.20692125,0
0.72326863,-2.0477414,-1.3972825,0.43038726,-0.17921808,-0.88467377,0
-1.7822405,1.7465857,1.1147346,-0.43038726,0.17921808,0.88467377,0
-1.0910542,-1.4755704,-1.9081349,-0.90246481,-0.10498276,-0.41777498,0
-0.07972914,-1.8088487,1.0092583,0.018002667,-0.97819197,0.20692125,0
-2.0665669,-0.96104902,-0.25467288,-0.90246481,-0.10498276,-0.41777498,0
-2.491605,-1.0904038,0.89546442,-0.90246481,-0.10498276,-0.41777498,0
0.00096976943,-1.9825526,0.064154074,0.018002667,-0.97819197,0.20692125,0
1.293667,-0.41440764,-1.6534206,0.43038726,-0.17921808,-0.88467377,0
-1.5788028,1.8732502,-0.71920753,-0.018002667,0.97819197,-0.20692125,0
-1.2070094,-2.2422011,-0.44754797,0.018002667,-0.97819197,0.20692125,0
-2.426475,1.4055424,0.88187426,-0.43038726,0.17921808,0.88467377,0
-2.0374494,1.0855066,-0.62627852,-0.90246481,-0.10498276,-0.41777498,0
-2.5163732,1.1051638,0.8273086,-0.43038726,0.17921808,0.88467377,0
1.8355248,-0.39598686,1.0988452,0.90246481,0.10498276,0.41777498,0
-2.1316447,-0.43706149,-0.057652473,-0.90246481,-0.10498276,-0.41777498,0
-0.99254769,-1.1634631,-2.396893,-0.90246481,-0.10498276,-0.41777498,0
1.6183158,-1.942969,-0.046304166,0.018002667,-0.97819197,0.20692125,0
0.51637053,1.7208591,-1.2593681,-0.018002667,0.97819197,-0.20692125,0
1.6555688,-0.82110125,-1.2007694,0.43038726,-0.17921808,-0.88467377,0
1.6111454,2.0767746,-0.21342236,-0.018002667,0.97819197,-0.20692125,0
0.64973933,1.744531,2.2683573,-0.43038726,0.17921808,0.88467377,0
-1.8315603,1.2041725,-1.017675,-0.90246481,-0.10498276,-0.41777498,0
0.21155956,-2.0557113,-0.061491534,0.018002667,-0.97819197,0.20692125,0
-2.1703296,1.8747962,-0.50579941,-0.018002667,0.97819197,-0.20692125,0
-1.0599236,2.023798,-0.27117771,-0.018002667,0.97819197,-0.20692125,0
-1.4290357,0.83202541,-1.7440856,-0.90246481,-0.10498276,-0.41777498,0
0.079955935,0.37044737,-2.196846,0.43038726,-0.17921808,-0.88467377,0
0.69034517,-1.9195023,0.64237577,0.018002667,-0.97819197,0.20692125,0
-0.91441667,0.22208615,1.6731889,-0.43038726,0.17921808,0.88467377,0
-0.65872419,1.7920848,-1.5387475,-0.018002667,0.97819197,-0.20692125,0
0.081319213,2.2680366,1.2669234,-0.018002667,0.97819197,-0.20692125,0
-0.17876783,-1.9767996,0.29012635,0.018002667,-0.97819197,0.20692125,0
-2.0286598,-1.3423882,-0.038204312,-0.90246481,-0.10498276,-0.41777498,0
-0.84485567,-0.31986421,-2.5407519,0.43038726,-0.17921808,-0.88467377,0
-2.4871225,-1.6797272,1.2157907,-0.90246481,-0.10498276,-0.41777498,0
2.1698861,-1.7189764,0.45048249,0.90246481,0.10498276,0.41777498,0
1.6725593,-2.0123627,-0.10864615,0.018002667,-0.97819197,0.20692125,0
-0.079491854,0.35614526,2.0549092,-0.43038726,0.17921808,0.88467377,0
2.0117457,-2.1168935,-0.063938141,0.018002667,-0.97819197,0.20692125,0
-0.90660632,-1.7317566,1.703042,0.018002667,-0.97819197,0.20692125,0
-1.6621289,1.6578681,-1.6964548,-0.90246481,-0.10498276,-0.41777498,0
-1.7325524,-1.9209663,0.9110449,0.018002667,-0.97819197,0.20692125,0
-1.7503098,-1.3515952,1.7708876,-0.43038726,0.17921808,0.88467377,0
-1.9135314,-1.4160696,-0.44515765,-0.90246481,-0.10498276,-0.41777498,0
-0.15899664,-2.2449839,-1.17467,0.018002667,-0.97819197,0.20692125,0
-1.7946115,0.53433454,1.2838831,-0.43038726,0.17921808,0.88467377,0
-1.4547691,-2.2633815,-1.0961125,0.018002667,-0.97819197,0.20692125,0
-2.4811082,-0.44004059,0.6198042,-0.90246481,-0.10498276,-0.41777498,0
0.38251847,1.0129883,2.2487879,-0.43038726,0.17921808,0.88467377,0
1.1195235,-1.9882698,-0.22830436,0.018002667,-0.97819197,0.20692125,0
-1.9933211,1.8864559,-0.935076,-0.018002667,0.97819197,-0.20692125,0
-0.44559079,0.21717894,-2.5403264,0.43038726,-0.17921808,-0.88467377,0
1.4055462,1.8971336,1.0897162,0.90246481,0.10498276,0.41777498,0
1.1800227,1.9120879,-0.32463184,-0.018002667,0.97819197,-0.20692125,0
0.5166676,-2.1101508,-0.52780604,0.018002667,-0.97819197,0.20692125,0
0.32118154,-0.60564011,2.55584,-0.43038726,0.17921808,0.88467377,0
-1.5578196,-0.83842713,-0.97426558,-0.90246481,-0.10498276,-0.41777498,0
-1.3966314,-1.2994292,1.7900119,-0.43038726,0.17921808,0.88467377,0
-1.7180607,2.170697,0.69530785,-0.018002667,0.97819197,-0.20692125,0
-0.62373883,0.95892447,-2.8502569,0.43038726,-0.17921808,-0.88467377,0
2.5446701,-0.94461888,-0.75028968,0.43038726,-0.17921808,-0.88467377,0
0.66883957,1.9813095,-0.46641091,-0.018002667,0.97819197,-0.20692125,0
1.6476041,1.8747289,0.67443109,0.90246481,0.10498276,0.41777498,0
1.0910228,0.13569057,2.6057472,0.90246481,0.10498276,0.41777498,0
0.35955548,2.4827981,1.5896215,-0.018002667,0.97819197,-0.20692125,0
1.3441222,-1.6304559,1.9040091,0.018002667,-0.97819197,0.20692125,0
-1.6406211,-0.65534425,1.6565381,-0.43038726,0.17921808,0.88467377,0
-1.4859737,-1.094431,-1.2991523,-0.90246481,-0.10498276,-0.41777498,0
-2.1287689,0.12329403,-0.35861754,-0.90246481,-0.10498276,-0.41777498,0
-0.86856079,-2.0856676,0.07171303,0.018002667,-0.97819197,0.20692125,0
0.75825816,1.7148516,-1.5630293,-0.018002667,0.97819197,-0.20692125,0
-2.5210276,-0.99830908,0.99926865,-0.90246481,-0.10498276,-0.41777498,0
-0.95315707,1.9939536,0.028077334,-0.018002667,0.97819197,-0.20692125,0
1.9969261,1.4606001,0.15124559,0.90246481,0.10498276,0.41777498,0
-2.4113929,2.015769,0.62747103,-0.43038726,0.17921808,0.88467377,0
-1.6968908,-1.1668794,-0.73667252,-0.90246481,-0.10498276,-0.41777498,0
0.62674862,-1.7698414,1.4205554,0.018002667,-0.97819197,0.20692125,0
0.1751436,-1.6791482,-1.8837074,0.43038726,-0.17921808,-0.88467377,0
-1.8259597,-1.368891,1.7453846,-0.43038726,0.17921808,0.88467377,0
0.79911017,-2.1480258,-0.5858205,0.018002667,-0.97819197,0.20692125,0
-0.96757567,0.42129925,1.7296678,-0.43038726,0.17921808,0.88467377,0
0.61788189,-0.67828232,-1.8906771,0.43038726,-0.17921808,-0.88467377,0
1.5034997,-1.8282772,1.1599915,0.018002667,-0.97819197,0.20692125,0
-0.39958048,1.9462175,-0.45678255,-0.018002667,0.97819197,-0.20692125,0
0.90763557,-1.4281588,-1.4187529,0.43038726,-0.17921808,-0.88467377,0
1.0866855,0.75067306,2.2755039,0.90246481,0.10498276,0.41777498,0
1.8333681,2.0686216,0.13107908,0.90246481,0.10498276,0.41777498,0
-0.08710438,2.2256796,1.1529515,-0.018002667,0.97819197,-0.20692125,0
2.5081594,-0.71770906,-0.28692591,0.90246481,0.10498276,0.41777498,0
-1.9637882,-2.0103369,0.56852913,0.018002667,-0.97819197,0.20692125,0
-2.0791316,2.019181,-0.12221807,-0.018002667,0.97819197,-0.20692125,0
1.4069675,-1.2679543,2.0405374,0.90246481,0.10498276,0.41777498,0
2.5500572,0.22388899,-0.64529121,0.90246481,0.10498276,0.41777498,0
-0.30749571,0.26766783,2.0021238,-0.43038726,0.17921808,0.88467377,0
1.2895238,1.7773149,-1.3366053,-0.018002667,0.97819197,-0.20692125,0
1.2874615,-0.89127761,2.3964658,0.90246481,0.10498276,0.41777498,0
-2.3894689,-1.4880445,0.65152156,-0.90246481,-0.10498276,-0.41777498,0
-0.21826565,1.0432447,-2.5406146,0.43038726,-0.17921808,-0.88467377,0
-0.24540949,1.0260129,-2.646769,0.43038726,-0.17921808,-0.88467377,0
0.22783679,-0.60834801,2.4122014,-0.43038726,0.17921808,0.88467377,0
0.58956301,-0.71180522,-1.9327936,0.43038726,-0.17921808,-0.88467377,0
1.5151107,-1.6267456,1.6948105,0.018002667,-0.97819197,0.20692125,0
0.21590525,0.19075748,2.3513515,-0.43038726,0.17921808,0.88467377,0
-0.591865,-2.3228352,-1.3752851,0.018002667,-0.97819197,0.20692125,0
2.5952148,1.0908103,-1.1148934,0.43038726,-0.17921808,-0.88467377,0
-1.848302,-1.1657209,-0.56024468,-0.90246481,-0.10498276,-0.41777498,0
-0.077733517,-0.69234991,2.3786182,-0.43038726,0.17921808,0.88467377,0
0.15614223,-0.2069464,2.454596,-0.43038726,0.17921808,0.88467377,0
-1.3273616,-0.97889006,-1.9131392,-0.90246481,-0.10498276,-0.41777498,0
-2.1066558,1.0741483,-0.51877022,-0.90246481,-0.10498276,-0.41777498,0
2.4097466,0.52837026,-1.1734414,0.43038726,-0.17921808,-0.88467377,0
-1.1564656,-0.14261594,-2.1515398,-0.90246481,-0.10498276,-0.41777498,0
2.1378038,-1.6954927,0.70458841,0.90246481,0.10498276,0.41777498,0
-0.28247112,2.2283299,0.59051526,-0.018002667,0.97819197,-0.20692125,0
-2.3778052,-1.9015037,0.77574754,-0.90246481,-0.10498276,-0.41777498,0
2.1016617,-1.6446067,0.64105821,0.90246481,0.10498276,0.41777498,0
-0.093025982,1.6047056,-1.9031804,-0.018002667,0.97819197,-0.20692125,0
-0.10705656,-1.5836484,-1.9890378,0.43038726,-0.17921808,-0.88467377,0
0.98293537,-0.27699143,2.5438299,0.90246481,0.10498276,0.41777498,0
-1.3006405,-1.8088735,1.1654966,0.018002667,-0.97819197,0.20692125,0
-1.9167624,-0.58283353,-0.52239966,-0.90246481,-0.10498276,-0.41777498,0
-0.95063227,-2.0321429,0.51128471,0.018002667,-0.97819197,0.20692125,0
0.26583135,0.71872258,2.2378392,-0.43038726,0.17921808,0.88467377,0
-2.1928961,0.63138157,-0.29660916,-0.90246481,-0.10498276,-0.41777498,0
-0.10739028,-1.8543758,0.52715737,0.018002667,-0.97819197,0.20692125,0
-0.90889382,1.2193617,1.5900774,-0.43038726,0.17921808,0.88467377,0
-0.90906739,1.4686255,-2.781909,-0.018002667,0.97819197,-0.20692125,0
-1.030357,0.48720869,-2.5286746,-0.90246481,-0.10498276,-0.41777498,0
-2.2795577,2.1813722,0.44717538,-0.018002667,0.97819197,-0.20692125,0
1.1694888,-2.2647865,-0.79077065,0.018002667,-0.97819197,0.20692125,0
-2.3505893,-0.98554683,0.70188046,-0.90246481,-0.10498276,-0.41777498,0
1.9414798,-0.44623053,-1.1236323,0.43038726,-0.17921808,-0.88467377,0
-1.1916709,-0.22521986,1.6177456,-0.43038726,0.17921808,0.88467377,0
-2.3778992,1.3950059,0.13227397,-0.90246481,-0.10498276,-0.41777498,0
1.5567273,-1.1649754,-1.3097277,0.43038726,-0.17921808,-0.88467377,0
2.2768965,-2.0884352,-0.071563363,0.018002667,-0.97819197,0.20692125,0
2.4857662,-1.6083266,-0.63210118,0.43038726,-0.17921808,-0.88467377,0
-1.8874563,1.3265359,-0.90278709,-0.90246481,-0.10498276,-0.41777498,0
1.0879751,2.2784338,1.3814741,-0.018002667,0.97819197,-0.20692125,0
-1.3715849,-1.736604,1.2175741,0.018002667,-0.97819197,0.20692125,0
-2.5190864,-1.1584055,0.86769116,-0.90246481,-0.10498276,-0.41777498,0
-0.93793583,1.5341029,1.5425062,-0.43038726,0.17921808,0.88467377,0
-2.3217356,-0.21448484,1.1278392,-0.43038726,0.17921808,0.88467377,0
-0.094454527,-1.176625,2.4698029,-0.43038726,0.17921808,0.88467377,0
-2.4708095,1.9352046,0.23605078,-0.90246481,-0.10498276,-0.41777498,0
0.72808504,-1.3530183,2.882127,0.018002667,-0.97819197,0.20692125,0
-0.24177265,-1.7748523,-1.9093677,0.43038726,-0.17921808,-0.88467377,0
-0.2861625,-1.7053481,1.1631112,0.018002667,-0.97819197,0.20692125,0
1.7998071,1.8456006,0.47833157,0.90246481,0.10498276,0.41777498,0
0.43501872,-1.8505695,1.3563005,0.018002667,-0.97819197,0.20692125,0
2.1614819,-2.1424007,-0.78516603,0.43038726,-0.17921808,-0.88467377,0
2.1528633,1.433046,-0.32106483,0.90246481,0.10498276,0.41777498,0
0.25316146,-1.9575868,0.64462489,0.018002667,-0.97819197,0.20692125,0
-1.5630189,-2.1518233,-0.32774043,0.018002667,-0.97819197,0.20692125,0
-1.3363824,-1.7772105,0.92716396,0.018002667,-0.97819197,0.20692125,0
-0.66647309,1.7387795,-1.0246615,-0.018002667,0.97819197,-0.20692125,0
-0.023731112,-2.0584021,-1.9583995,0.43038726,-0.17921808,-0.88467377,0
-1.5608476,-0.36256519,-1.2178297,-0.90246481,-0.10498276,-0.41777498,0
-0.081981242,-2.4215593,-1.7803798,0.018002667,-0.97819197,0.20692125,0
2.0288699,1.6632282,0.16102517,0.90246481,0.10498276,0.41777498,0
2.6029162,-0.34921086,-0.71472645,0.90246481,0.10498276,0.41777498,0
0.7593435,2.0065475,-0.22214931,-0.018002667,0.97819197,-0.20692125,0
2.2718866,0.41515684,0.0036351681,0.90246481,0.10498276,0.41777498,0
2.5328748,1.474314,-1.303458,0.43038726,-0.17921808,-0.88467377,0
