1.5972519,2.7292917,1.7352352,-0.0817293,0.95286584,-0.29217634,0
1.5394932,0.51226556,-1.9684937,0.20772302,-0.27043352,-0.94006222,0
-2.4968543,-0.4023065,-0.3719213,-0.97476751,-0.1375224,-0.17582977,0
1.2551804,-1.9515558,0.40250421,0.0817293,-0.95286584,0.29217634,0
1.3755033,1.2289423,2.0973492,-0.20772302,0.27043352,0.94006222,0
1.0642757,1.2431537,1.9636476,-0.20772302,0.27043352,0.94006222,0
1.2804927,2.6501215,1.2709,-0.0817293,0.95286584,-0.29217634,0
-1.430138,-1.5489953,-1.9226564,0.20772302,-0.27043352,-0.94006222,0
-0.84932369,1.694772,-0.98219633,-0.0817293,0.95286584,-0.29217634,0
-2.5678496,0.66144204,1.3077102,-0.20772302,0.27043352,0.94006222,0
-1.2731223,-2.4414411,-0.74080217,0.0817293,-0.95286584,0.29217634,0
2.4015377,-0.57426494,1.8244979,0.97476751,0.1375224,0.17582977,0
-1.7563094,0.13918695,1.7753241,-0.20772302,0.27043352,0.94006222,0
-1.002774,1.1640837,-2.4388912,-0.0817293,0.95286584,-0.29217634,0
-0.76501834,-2.5432518,-1.3993231,0.0817293,-0.95286584,0.29217634,0
2.4621277,-1.1119533,1.4757221,0.97476751,0.1375224,0.17582977,0
1.0652698,2.2713892,0.042239308,-0.0817293,0.95286584,-0.29217634,0
-2.251544,0.93435532,-2.4094188,-0.97476751,-0.1375224,-0.17582977,0
0.22759914,1.3846756,-2.1624219,-0.0817293,0.95286584,-0.29217634,0
0.10831797,0.83470833,-2.3700235,0.20772302,-0.27043352,-0.94006222,0
0.53867936,1.4266334,-2.3106551,-0.0817293,0.95286584,-0.29217634,0
0.9312278,-0.99776256,2.6681776,-0.20772302,0.27043352,0.94006222,0
2.4175682,0.11123288,0.66853642,0.97476751,0.1375224,0.17582977,0
2.7994652,-0.57366985,-0.82709885,0.97476751,0.1375224,0.17582977,0
-0.069020748,-2.4299672,-1.5140209,0.20772302,-0.27043352,-0.94006222,0
2.1242871,2.1568775,-0.42658496,-0.0817293,0.95286584,-0.29217634,0
-0.83986461,2.3169117,1.075179,-0.0817293,0.95286584,-0.29217634,0
0.48925436,-0.73484719,2.3984017,-0.20772302,0.27043352,0.94006222,0
2.0996642,1.9615312,1.0569382,0.97476751,0.1375224,0.17582977,0
0.21695274,-1.8453858,0.93816328,0.0817293,-0.95286584,0.29217634,0
1.6272247,-1.0919802,-1.4360387,0.20772302,-0.27043352,-0.94006222,0
-0.42069709,-2.410028,-0.96609539,0.0817293,-0.95286584,0.29217634,0
1.4874012,1.1675195,-2.0689087,0.20772302,-0.27043352,-0.94006222,0
2.1788034,0.84694308,-1.7976261,0.20772302,-0.27043352,-0.94006222,0
-1.0072106,2.006391,-0.24813485,-0.0817293,0.95286584,-0.29217634,0
1.5779381,2.472404,0.63685179,-0.0817293,0.95286584,-0.29217634,0
0.64008117,2.0296257,-0.62010169,-0.0817293,0.95286584,-0.29217634,0
-1.1408794,-1.4004452,-1.8713678,0.20772302,-0.27043352,-0.94006222,0
2.6650343,0.48197019,-0.46425676,0.97476751,0.1375224,0.17582977,0
2.3265064,-0.29041934,1.1325302,0.97476751,0.1375224,0.17582977,0
-2.2686913,-0.87441593,-1.3816032,-0.97476751,-0.1375224,-0.17582977,0
-2.7808857,0.69351262,0.62858164,-0.97476751,-0.1375224,-0.17582977,0
0.88784778,2.5303111,1.4647204,-0.0817293,0.95286584,-0.29217634,0
-1.8858681,-2.4898906,-0.55083418,0.0817293,-0.95286584,0.29217634,0
-1.588167,1.4943076,-1.488331,-0.0817293,0.95286584,-0.29217634,0
2.6813154,-0.36266801,-0.64555681,0.97476751,0.1375224,0.17582977,0
-0.69087005,-1.5129476,1.8437917,0.0817293,-0.95286584,0.29217634,0
-1.1778255,1.2300465,-2.1851449,-0.0817293,0.95286584,-0.29217634,0
2.88305,-2.1045821,-0.82206196,0.0817293,-0.95286584,0.29217634,0
1.9687529,1.3537507,-2.1234145,0.20772302,-0.27043352,-0.94006222,0
-1.4823086,-0.62951952,-2.331378,0.20772302,-0.27043352,-0.94006222,0
-0.17170501,-1.6294718,-1.680162,0.20772302,-0.27043352,-0.94006222,0
-1.696805,1.1572694,-2.4212472,-0.0817293,0.95286584,-0.29217634,0
-2.3088577,1.9441456,1.1385292,-0.20772302,0.27043352,0.94006222,0
0.10845757,-1.4088595,1.9833732,0.0817293,-0.95286584,0.29217634,0
2.1072679,1.761204,1.2592418,0.97476751,0.1375224,0.17582977,0
2.1196856,-2.2060668,-0.87591773,0.0817293,-0.95286584,0.29217634,0
-2.8110452,2.181005,0.80813724,-0.0817293,0.95286584,-0.29217634,0
-1.8846031,2.141361,1.01613,-0.20772302,0.27043352,0.94006222,0
2.8882592,-0.3870472,-1.2860484,0.20772302,-0.27043352,-0.94006222,0
-2.5012283,-1.2863239,2.0391707,-0.20772302,0.27043352,0.94006222,0
2.2528448,2.1679907,-0.11193085,0.97476751,0.1375224,0.17582977,0
-1.0778518,2.251991,0.66712928,-0.0817293,0.95286584,-0.29217634,0
-0.87445784,-1.0210135,-1.9629611,0.20772302,-0.27043352,-0.94006222,0
-2.3234687,0.52865684,-1.8601694,-0.97476751,-0.1375224,-0.17582977,0
-0.20159698,-1.6356889,1.756083,0.0817293,-0.95286584,0.29217634,0
2.6772876,0.54437768,-1.2135305,0.97476751,0.1375224,0.17582977,0
0.095373511,1.3789964,-2.5021136,-0.0817293,0.95286584,-0.29217634,0
0.54529154,1.895185,-1.07066,-0.0817293,0.95286584,-0.29217634,0
0.45999444,2.3556004,1.6053596,-0.20772302,0.27043352,0.94006222,0
1.5868537,0.93174666,-1.9686177,0.20772302,-0.27043352,-0.94006222,0
1.1642556,1.1877925,1.9397017,-0.20772302,0.27043352,0.94006222,0
-1.1104363,-2.394052,-0.53838158,0.0817293,-0.95286584,0.29217634,0
-0.1220721,-0.62518525,2.2581229,-0.20772302,0.27043352,0.94006222,0
-0.52574521,-2.3901482,-0.46334201,0.0817293,-0.95286584,0.29217634,0
-2.1159897,-1.9963601,-0.56240129,-0.97476751,-0.1375224,-0.17582977,0
2.2162359,0.47185361,2.0390577,0.97476751,0.1375224,0.17582977,0
2.4473567,0.87255454,0.49985075,0.97476751,0.1375224,0.17582977,0
-1.6888465,-1.790197,1.2277385,0.0817293,-0.95286584,0.29217634,0
-1.3209174,-1.9712093,0.72303224,0.0817293,-0.95286584,0.29217634,0
-2.638124,1.3417637,-0.43724406,-0.97476751,-0.1375224,-0.17582977,0
1.9263541,-0.48483235,-1.5626488,0.20772302,-0.27043352,-0.94006222,0
-2.505492,-0.88360846,0.46612799,-0.97476751,-0.1375224,-0.17582977,0
2.4865341,1.59108,-0.55951405,0.97476751,0.1375224,0.17582977,0
2.5104835,-1.1075029,1.381883,0.97476751,0.1375224,0.17582977,0
-2.5185575,-0.19214356,1.5218121,-0.20772302,0.27043352,0.94006222,0
-0.28160608,1.5999162,-1.340028,-0.0817293,0.95286584,-0.29217634,0
2.5388196,0.59944373,-0.1396879,0.97476751,0.1375224,0.17582977,0
2.5569913,-0.41920063,-0.03788662,0.97476751,0.1375224,0.17582977,0
-0.34644604,0.61831552,1.7788874,-0.20772302,0.27043352,0.94006222,0
-1.8995043,1.6320748,-0.99490571,-0.0817293,0.95286584,-0.29217634,0
0.31096554,-1.7553338,-1.4832716,0.20772302,-0.27043352,-0.94006222,0
-1.6624895,2.3254879,1.195143,-0.20772302,0.27043352,0.94006222,0
1.1104391,-2.3573086,-0.85749042,0.0817293,-0.95286584,0.29217634,0
2.9230063,-1.8522,-0.6134367,0.97476751,0.1375224,0.17582977,0
2.2774816,2.0029454,-0.027480602,0.97476751,0.1375224,0.17582977,0
1.1123046,-2.3622546,-0.88359332,0.0817293,-0.95286584,0.29217634,0
-1.4848239,0.38463128,1.6572046,-0.20772302,0.27043352,0.94006222,0
2.4372787,-1.5078419,-1.0919617,0.20772302,-0.27043352,-0.94006222,0
2.2297578,1.9728286,0.55914807,0.97476751,0.1375224,0.17582977,0
-1.7484208,1.926663,-0.34652781,-0.0817293,0.95286584,-0.29217634,0
2.1919332,0.075222544,1.889622,0.97476751,0.1375224,0.17582977,0
2.1237586,2.1435633,0.6634829,0.97476751,0.1375224,0.17582977,0
2.4828341,0.7228235,0.21476698,0.97476751,0.1375224,0.17582977,0
-2.4485772,-1.7596023,0.29533112,-0.97476751,-0.1375224,-0.17582977,0
-0.039505064,-1.7135636,1.320967,0.0817293,-0.95286584,0.29217634,0
0.65087211,1.2619953,-2.4473989,0.20772302,-0.27043352,-0.94006222,0
1.8180689,0.15467188,-1.7204242,0.20772302,-0.27043352,-0.94006222,0
2.1939454,0.0055790693,2.6131322,0.97476751,0.1375224,0.17582977,0
-0.92175794,2.3620174,1.2101316,-0.0817293,0.95286584,-0.29217634,0
1.9994546,-1.530125,1.1767247,0.0817293,-0.95286584,0.29217634,0
-1.2624241,1.8980803,-0.16889197,-0.0817293,0.95286584,-0.29217634,0
2.6771898,-1.2380728,0.3005538,0.97476751,0.1375224,0.17582977,0
0.0032110251,-1.9642451,0.17665254,0.0817293,-0.95286584,0.29217634,0
-1.9791418,0.73598528,-2.7683206,0.20772302,-0.27043352,-0.94006222,0
1.3438144,2.1373808,-0.05064559,-0.0817293,0.95286584,-0.29217634,0
2.1806035,1.6192029,0.44373727,0.97476751,0.1375224,0.17582977,0
1.969629,-0.63209748,-1.4335535,0.20772302,-0.27043352,-0.94006222,0
-0.23980641,-1.6576862,-1.6125253,0.20772302,-0.27043352,-0.94006222,0
-1.9307425,1.9507581,-0.13422751,-0.0817293,0.95286584,-0.29217634,0
0.59501976,1.9816053,1.7204095,-0.20772302,0.27043352,0.94006222,0
-1.1196202,-1.5032413,2.2043679,0.0817293,-0.95286584,0.29217634,0
2.1532719,-1.7128671,0.48837352,0.0817293,-0.95286584,0.29217634,0
1.0073599,-1.0819278,-1.6397841,0.20772302,-0.27043352,-0.94006222,0
2.617223,-0.77407843,0.85153198,0.97476751,0.1375224,0.17582977,0
1.119127,-0.49652731,2.5913095,-0.20772302,0.27043352,0.94006222,0
0.32766941,-1.8047192,1.1849806,0.0817293,-0.95286584,0.29217634,0
1.6890187,-2.1232402,-0.51587665,0.0817293,-0.95286584,0.29217634,0
1.1260309,1.9182541,1.777869,-0.20772302,0.27043352,0.94006222,0
1.1162571,2.1162982,-0.33830518,-0.0817293,0.95286584,-0.29217634,0
-0.24997866,2.3621957,1.1241152,-0.0817293,0.95286584,-0.29217634,0
-0.5367673,2.1297181,0.12407193,-0.0817293,0.95286584,-0.29217634,0
-1.1820496,0.62334824,1.6710858,-0.20772302,0.27043352,0.94006222,0
-0.041096091,0.32950789,1.9347391,-0.20772302,0.27043352,0.94006222,0
0.70103645,0.5168066,-2.2164676,0.20772302,-0.27043352,-0.94006222,0
-1.122847,-1.8199894,0.97147149,0.0817293,-0.95286584,0.29217634,0
0.73466271,2.566956,1.556908,-0.20772302,0.27043352,0.94006222,0
-2.3311791,-2.246547,0.28428364,-0.97476751,-0.1375224,-0.17582977,0
2.1321399,1.8033582,1.5236607,0.97476751,0.1375224,0.17582977,0
1.0557125,-1.4995753,1.8872428,0.0817293,-0.95286584,0.29217634,0
0.12478292,0.6552006,1.8961523,-0.20772302,0.27043352,0.94006222,0
0.10250008,-0.64436036,-1.8305199,0.20772302,-0.27043352,-0.94006222,0
2.7752879,0.15767929,-1.1451368,0.97476751,0.1375224,0.17582977,0
1.2644448,-1.4202323,1.5454801,0.0817293,-0.95286584,0.29217634,0
-2.109704,-0.067046031,-2.5537,0.20772302,-0.27043352,-0.94006222,0
-2.4475617,0.2263011,-1.2405353,-0.97476751,-0.1375224,-0.17582977,0
0.75550032,0.75899351,-2.1234665,0.20772302,-0.27043352,-0.94006222,0
-2.4436893,-0.47925711,-0.15182447,-0.97476751,-0.1375224,-0.17582977,0
1.554939,2.2525904,1.8651527,-0.20772302,0.27043352,0.94006222,0
0.15609854,2.3325047,0.6330871,-0.0817293,0.95286584,-0.29217634,0
-0.90244913,2.0119028,-0.11942557,-0.0817293,0.95286584,-0.29217634,0
0.84794974,-1.6889459,0.99471909,0.0817293,-0.95286584,0.29217634,0
-2.0891762,0.93716121,-2.8840327,-0.97476751,-0.1375224,-0.17582977,0
-2.5999768,0.86294806,-0.64975715,-0.97476751,-0.1375224,-0.17582977,0
-0.24615705,2.0711415,1.439904,-0.20772302,0.27043352,0.94006222,0
-0.30415559,-0.46795759,2.1440103,-0.20772302,0.27043352,0.94006222,0
-0.12727165,-0.12014905,2.1886678,-0.20772302,0.27043352,0.94006222,0
-1.5004592,-1.7944992,1.1274527,0.0817293,-0.95286584,0.29217634,0
-2.7499623,0.38391185,0.59787679,-0.97476751,-0.1375224,-0.17582977,0
-1.115568,-2.0933495,0.58472836,0.0817293,-0.95286584,0.29217634,0
-0.48591614,0.53140187,1.9549072,-0.20772302,0.27043352,0.94006222,0
2.8034291,-1.8658094,-0.33703136,0.97476751,0.1375224,0.17582977,0
-2.1496434,-1.2724552,-1.5703707,-0.97476751,-0.1375224,-0.17582977,0
-0.44317687,-0.40952182,2.0483923,-0.20772302,0.27043352,0.94006222,0
-0.58582211,-0.58645141,-2.111335,0.20772302,-0.27043352,-0.94006222,0
1.8370395,2.263324,-0.0057862997,-0.0817293,0.95286584,-0.29217634,0
-2.3967905,1.3001267,-1.9822381,-0.0817293,0.95286584,-0.29217634,0
2.1054277,2.1899197,-0.4965378,-0.0817293,0.95286584,-0.29217634,0
1.3058795,-1.3871979,2.2162926,0.0817293,-0.95286584,0.29217634,0
2.6522055,-1.5703219,1.1848819,0.97476751,0.1375224,0.17582977,0
-1.9497883,-1.4530946,-1.8378079,-0.97476751,-0.1375224,-0.17582977,0
0.36991072,2.2111509,0.38104016,-0.0817293,0.95286584,-0.29217634,0
2.3519552,1.5962747,0.048229933,0.97476751,0.1375224,0.17582977,0
2.6208632,1.1633058,-0.7925545,0.97476751,0.1375224,0.17582977,0
-0.93924785,-1.5667303,2.0414803,0.0817293,-0.95286584,0.29217634,0
-0.81619763,-1.6125145,1.4899886,0.0817293,-0.95286584,0.29217634,0
2.5819159,1.2623665,-1.4628527,0.97476751,0.1375224,0.17582977,0
-2.1770122,-0.102295,-1.9244757,-0.97476751,-0.1375224,-0.17582977,0
-0.95196199,-0.18279529,1.868198,-0.20772302,0.27043352,0.94006222,0
-0.69712806,0.29967529,1.9505452,-0.20772302,0.27043352,0.94006222,0
-1.4325258,-2.822751,-1.6331383,0.0817293,-0.95286584,0.29217634,0
-2.1639829,0.96132767,-2.652329,-0.97476751,-0.1375224,-0.17582977,0
0.60394228,-1.5554407,1.2842784,0.0817293,-0.95286584,0.29217634,0
-2.8087728,0.97248828,0.49431646,-0.97476751,-0.1375224,-0.17582977,0
2.2821655,-2.1613371,-0.89634287,0.20772302,-0.27043352,-0.94006222,0
-2.4575679,1.6444224,1.0110216,-0.20772302,0.27043352,0.94006222,0
-1.9299809,-1.9804727,0.73338282,0.0817293,-0.95286584,0.29217634,0
2.4366167,-1.3828355,1.6193768,0.0817293,-0.95286584,0.29217634,0
2.4253843,-0.93843114,1.270872,0.97476751,0.1375224,0.17582977,0
-1.2038157,-0.89583248,2.0323765,-0.20772302,0.27043352,0.94006222,0
-1.1665837,2.2279432,1.071816,-0.0817293,0.95286584,-0.29217634,0
2.0301197,1.0988188,1.9665191,0.97476751,0.1375224,0.17582977,0
1.2193848,1.5722691,-1.9239728,-0.0817293,0.95286584,-0.29217634,0
0.24918491,2.4531596,0.89002222,-0.0817293,0.95286584,-0.29217634,0
0.14198434,-2.2641909,-0.73863065,0.0817293,-0.95286584,0.29217634,0
0.36944211,1.8186609,1.6676726,-0.20772302,0.27043352,0.94006222,0
1.3470776,-1.4036139,1.7940732,0.0817293,-0.95286584,0.29217634,0
1.4018339,-1.8935744,0.17014194,0.0817293,-0.95286584,0.29217634,0
-0.94849056,-0.32877374,-2.2267609,0.20772302,-0.27043352,-0.94006222,0
-2.945683,1.4468052,1.0404291,-0.97476751,-0.1375224,-0.17582977,0
-0.56857324,0.85918212,-2.4808633,0.20772302,-0.27043352,-0.94006222,0
-2.6789544,0.0046125352,0.25407648,-0.97476751,-0.1375224,-0.17582977,0
-2.5965366,1.0561371,-0.6635474,-0.97476751,-0.1375224,-0.17582977,0
-1.6245047,-2.4998751,-0.60759759,0.0817293,-0.95286584,0.29217634,0
0.78519076,2.0390136,1.702785,-0.20772302,0.27043352,0.94006222,0
-1.0631703,1.051002,1.602605,-0.20772302,0.27043352,0.94006222,0
-2.0602603,-0.95011818,1.9987165,-0.20772302,0.27043352,0.94006222,0
-0.82542837,-2.4425893,-0.75080514,0.0817293,-0.95286584,0.29217634,0
2.4081368,-1.9910709,-0.37189138,0.0817293,-0.95286584,0.29217634,0
1.5986018,2.4633329,0.49232996,-0.0817293,0.95286584,-0.29217634,0
-2.0412571,-0.85135001,-2.1405823,-0.97476751,-0.1375224,-0.17582977,0
1.099767,-0.65450335,2.633858,-0.20772302,0.27043352,0.94006222,0
0.93991184,1.6269912,-1.4982543,-0.0817293,0.95286584,-0.29217634,0
1.6714716,0.8060441,-1.9548767,0.20772302,-0.27043352,-0.94006222,0
-2.7566609,0.65016592,0.59030557,-0.97476751,-0.1375224,-0.17582977,0
-0.2123044,2.0975456,0.056603864,-0.0817293,0.95286584,-0.29217634,0
-2.341939,1.5845225,-1.1332836,-0.0817293,0.95286584,-0.29217634,0
-1.765185,0.863271,1.4966798,-0.20772302,0.27043352,0.94006222,0
2.3839276,-0.89896709,1.9421164,0.97476751,0.1375224,0.17582977,0
2.1231499,1.6299376,-1.9533653,-0.0817293,0.95286584,-0.29217634,0
1.5956372,-0.83425808,-1.4840081,0.20772302,-0.27043352,-0.94006222,0
-2.8387294,0.9639523,0.67413819,-0.97476751,-0.1375224,-0.17582977,0
-1.8537796,-2.5927491,-1.4998839,-0.97476751,-0.1375224,-0.17582977,0
-1.5795512,0.4224157,-2.5530841,0.20772302,-0.27043352,-0.94006222,0
-2.3476679,0.23471424,-0.92226803,-0.97476751,-0.1375224,-0.17582977,0
2.4750462,-0.53637016,0.59718084,0.97476751,0.1375224,0.17582977,0
-2.0109513,-1.425001,-1.994076,-0.97476751,-0.1375224,-0.17582977,0
-0.082178473,-2.330622,-0.91655487,0.0817293,-0.95286584,0.29217634,0
2.8205271,-0.021766722,-1.3488996,0.97476751,0.1375224,0.17582977,0
2.4550877,-0.96602505,1.8106222,0.97476751,0.1375224,0.17582977,0
2.3851523,0.13744518,0.60061789,0.97476751,0.1375224,0.17582977,0
2.7594733,-0.94702846,-0.40942132,0.97476751,0.1375224,0.17582977,0
2.2679076,-0.15387338,1.2822881,0.97476751,0.1375224,0.17582977,0
-2.3433199,-1.8954989,1.1826007,0.0817293,-0.95286584,0.29217634,0
0.5504216,0.92987567,-2.2459798,0.20772302,-0.27043352,-0.94006222,0
2.5251732,-0.97818547,1.1421398,0.97476751,0.1375224,0.17582977,0
-0.40717265,1.682391,-1.0392184,-0.0817293,0.95286584,-0.29217634,0
0.56538314,-1.5331491,1.57809,0.0817293,-0.95286584,0.29217634,0
2.6089888,0.72160751,-0.94176936,0.97476751,0.1375224,0.17582977,0
-1.0179056,1.3225076,-2.0335433,-0.0817293,0.95286584,-0.29217634,0
-1.0393075,0.18886644,1.7993711,-0.20772302,0.27043352,0.94006222,0
-0.97838038,2.2029991,0.75675696,-0.0817293,0.95286584,-0.29217634,0
2.1317391,-2.0670979,-0.72273922,0.0817293,-0.95286584,0.29217634,0
-0.66082245,1.4827191,-2.0845854,-0.0817293,0.95286584,-0.29217634,0
0.61125445,2.2782042,0.68721139,-0.0817293,0.95286584,-0.29217634,0
-2.2278183,-1.2143656,-0.93291712,-0.97476751,-0.1375224,-0.17582977,0
0.89766657,0.37291163,-2.130228,0.20772302,-0.27043352,-0.94006222,0
1.0174041,1.0560212,2.0767889,-0.20772302,0.27043352,0.94006222,0
-0.056622744,-1.9096309,0.75630975,0.0817293,-0.95286584,0.29217634,0
0.25521165,1.790856,-0.76735842,-0.0817293,0.95286584,-0.29217634,0
-0.58497912,-2.0552983,0.47368795,0.0817293,-0.95286584,0.29217634,0
-0.73109567,1.739822,1.5634402,-0.20772302,0.27043352,0.94006222,0
2.3103511,0.77003837,1.1892681,0.97476751,0.1375224,0.17582977,0
-0.52947569,-0.63927436,-2.1287591,0.20772302,-0.27043352,-0.94006222,0
-2.0997777,1.2382402,1.2574693,-0.20772302,0.27043352,0.94006222,0
0.80383074,-0.83868033,2.4958701,-0.20772302,0.27043352,0.94006222,0
2.3885174,1.3028384,-0.03667593,0.97476751,0.1375224,0.17582977,0
1.1890199,2.0602973,-0.25903106,-0.0817293,0.95286584,-0.29217634,0
2.3427727,-1.6945357,0.74565291,0.0817293,-0.95286584,0.29217634,0
-1.0175334,0.61336803,1.7633467,-0.20772302,0.27043352,0.94006222,0
2.2524586,2.0259862,-0.81384814,-0.0817293,0.95286584,-0.29217634,0
0.85485846,-2.2341259,-0.86586207,0.0817293,-0.95286584,0.29217634,0
2.5571861,0.6826964,-0.093978882,0.97476751,0.1375224,0.17582977,0
-0.71225512,-0.46700734,2.0785241,-0.20772302,0.27043352,0.94006222,0
-2.0108848,-1.454908,-1.7936122,-0.97476751,-0.1375224,-0.17582977,0
-0.49455094,-2.4305751,-0.6332739,0.0817293,-0.95286584,0.29217634,0
0.096838623,2.2004747,0.48279285,-0.0817293,0.95286584,-0.29217634,0
-2.503089,1.3559217,-1.9649171,-0.97476751,-0.1375224,-0.17582977,0
2.5586727,-0.85611653,0.14326513,0.97476751,0.1375224,0.17582977,0
1.5383816,0.90710527,2.251545,-0.20772302,0.27043352,0.94006222,0
2.4782805,1.8557796,-0.41436589,0.97476751,0.1375224,0.17582977,0
2.584753,-0.65504217,0.39207482,0.97476751,0.1375224,0.17582977,0
-1.2427757,1.2592134,-2.6287413,-0.0817293,0.95286584,-0.29217634,0
-2.5604229,1.0187025,-1.2005484,-0.97476751,-0.1375224,-0.17582977,0
1.0444825,1.9487705,-1.1206565,-0.0817293,0.95286584,-0.29217634,0
-0.72208416,2.006628,1.4585207,-0.20772302,0.27043352,0.94006222,0
-1.2575505,-2.4379499,-1.6880516,0.20772302,-0.27043352,-0.94006222,0
1.4222497,-1.7462574,0.79832971,0.0817293,-0.95286584,0.29217634,0
-1.7611864,-0.21586043,1.8654807,-0.20772302,0.27043352,0.94006222,0
2.5361331,0.85035461,-0.32833242,0.97476751,0.1375224,0.17582977,0
0.91293049,-2.4491167,-1.1761342,0.0817293,-0.95286584,0.29217634,0
1.6096935,-0.8758297,-1.4190986,0.20772302,-0.27043352,-0.94006222,0
-2.4408216,0.93091786,-1.6335537,-0.97476751,-0.1375224,-0.17582977,0
0.39243197,-0.74564159,2.4533927,-0.20772302,0.27043352,0.94006222,0
1.9795769,0.52362043,-1.7346047,0.20772302,-0.27043352,-0.94006222,0
2.6013141,0.42916742,-0.23667467,0.97476751,0.1375224,0.17582977,0
-1.5445107,1.058072,-2.8047676,0.20772302,-0.27043352,-0.94006222,0
0.68253314,0.69966483,-2.2578893,0.20772302,-0.27043352,-0.94006222,0
0.51144665,-1.8970014,0.18851697,0.0817293,-0.95286584,0.29217634,0
-2.6282489,0.081119388,0.10291183,-0.97476751,-0.1375224,-0.17582977,0
-1.9175324,-2.7999496,-1.5417142,0.0817293,-0.95286584,0.29217634,0
-2.6554632,-1.2995312,1.829838,-0.20772302,0.27043352,0.94006222,0
1.9481208,0.66291142,-1.8585123,0.20772302,-0.27043352,-0.94006222,0
2.1455858,-1.9535495,-0.22592461,0.0817293,-0.95286584,0.29217634,0
2.6798306,-1.2115782,0.26001668,0.97476751,0.1375224,0.17582977,0
-0.87816715,2.1849804,1.3904992,-0.20772302,0.27043352,0.94006222,0
2.5247462,1.0116786,-0.59880376,0.97476751,0.1375224,0.17582977,0
-1.5541995,1.9039932,-0.38251311,-0.0817293,0.95286584,-0.29217634,0
0.86537004,-1.7521051,0.66926962,0.0817293,-0.95286584,0.29217634,0
2.385921,1.7420462,-1.9983376,-0.0817293,0.95286584,-0.29217634,0
-1.3053678,1.7384264,1.2326078,-0.20772302,0.27043352,0.94006222,0
1.9462073,2.6609929,1.4359245,-0.0817293,0.95286584,-0.29217634,0
-2.7275758,0.24892813,1.5484382,-0.20772302,0.27043352,0.94006222,0
-1.537607,1.6871381,1.291791,-0.20772302,0.27043352,0.94006222,0
-1.5052087,1.0378382,-2.7637835,-0.0817293,0.95286584,-0.29217634,0
0.51347011,1.3342764,1.8423901,-0.20772302,0.27043352,0.94006222,0
1.6385697,-1.1587067,-1.5060565,0.20772302,-0.27043352,-0.94006222,0
0.051107854,-1.8894188,0.64738595,0.0817293,-0.95286584,0.29217634,0
2.2209625,-1.4425814,1.1912313,0.0817293,-0.95286584,0.29217634,0
2.0657279,1.8318802,-1.5313827,-0.0817293,0.95286584,-0.29217634,0
1.2956122,-2.1689181,-0.53170103,0.0817293,-0.95286584,0.29217634,0
0.2862789,2.1647935,0.4013561,-0.0817293,0.95286584,-0.29217634,0
1.6445817,-0.15273818,-1.6612866,0.20772302,-0.27043352,-0.94006222,0
0.77082741,0.10648695,2.3319426,-0.20772302,0.27043352,0.94006222,0
-0.010006905,1.8287672,-0.81940556,-0.0817293,0.95286584,-0.29217634,0
2.9681494,-1.7241229,-1.0273173,0.20772302,-0.27043352,-0.94006222,0
1.0890704,-1.8431231,0.71678448,0.0817293,-0.95286584,0.29217634,0
-1.2476159,2.0843904,1.192914,-0.20772302,0.27043352,0.94006222,0
0.776079,0.53488785,2.080606,-0.20772302,0.27043352,0.94006222,0
-0.98717642,-2.3091614,-0.63006377,0.0817293,-0.95286584,0.29217634,0
-2.2623248,0.16821036,-2.1199701,-0.97476751,-0.1375224,-0.17582977,0
1.202607,1.8421514,-1.1332896,-0.0817293,0.95286584,-0.29217634,0
2.1852131,1.8785913,0.15595198,0.97476751,0.1375224,0.17582977,0
-2.6593266,-0.10384908,0.24100482,-0.97476751,-0.1375224,-0.17582977,0
2.6421249,0.2772733,-1.6063439,0.20772302,-0.27043352,-0.94006222,0
-2.2119145,-0.22264965,-2.0213261,-0.97476751,-0.1375224,-0.17582977,0
-2.8927064,0.8981185,1.1793702,-0.20772302,0.27043352,0.94006222,0
-3.0355239,1.6720057,0.88224149,-0.97476751,-0.1375224,-0.17582977,0
-2.6005199,-0.26076823,0.46022284,-0.97476751,-0.1375224,-0.17582977,0
-2.6284413,-1.1124289,1.6055909,-0.97476751,-0.1375224,-0.17582977,0
1.2201185,-1.8542392,0.57718009,0.0817293,-0.95286584,0.29217634,0
0.033233166,-1.2895455,-1.6586947,0.20772302,-0.27043352,-0.94006222,0
2.757452,-0.4003619,-0.38112581,0.97476751,0.1375224,0.17582977,0
-1.9646817,-1.7283075,1.9343494,0.0817293,-0.95286584,0.29217634,0
-1.7921057,-0.27620891,-2.4889221,0.20772302,-0.27043352,-0.94006222,0
-2.3551097,-1.2300662,2.0154543,-0.20772302,0.27043352,0.94006222,0
0.67742562,2.3051763,1.6320367,-0.20772302,0.27043352,0.94006222,0
0.010937691,0.84234047,1.9589756,-0.20772302,0.27043352,0.94006222,0
2.6475894,-0.19652104,-1.4033375,0.20772302,-0.27043352,-0.94006222,0
-2.8978853,1.5525577,0.99124926,-0.97476751,-0.1375224,-0.17582977,0
1.6957108,2.4130425,0.5289613,-0.0817293,0.95286584,-0.29217634,0
-2.4286649,0.51350951,-0.8942616,-0.97476751,-0.1375224,-0.17582977,0
2.6317444,-0.71998894,-0.12953603,0.97476751,0.1375224,0.17582977,0
1.2851869,1.1734154,-2.1214366,0.20772302,-0.27043352,-0.94006222,0
2.2711143,-0.23272377,2.3546116,0.97476751,0.1375224,0.17582977,0
-1.6227535,2.0545001,1.0716348,-0.20772302,0.27043352,0.94006222,0
-0.74390912,1.4186074,-2.221777,-0.0817293,0.95286584,-0.29217634,0
2.879122,0.035827994,-1.4982381,0.20772302,-0.27043352,-0.94006222,0
2.0665233,1.7750475,1.6723895,0.97476751,0.1375224,0.17582977,0
-2.3983891,0.61178803,-1.8608899,-0.97476751,-0.1375224,-0.17582977,0
-2.5559855,-1.7791772,1.6131699,-0.97476751,-0.1375224,-0.17582977,0
0.87397051,1.0672061,-2.1855927,0.20772302,-0.27043352,-0.94006222,0
-2.4304221,1.2811791,-1.3746457,-0.97476751,-0.1375224,-0.17582977,0
2.4215536,-1.9756858,-0.082126617,0.0817293,-0.95286584,0.29217634,0
2.4806566,1.8701423,-1.5330498,0.97476751,0.1375224,0.17582977,0
-1.3123091,-0.50352138,-2.3564188,0.20772302,-0.27043352,-0.94006222,0
-1.9847122,0.77684522,1.5172542,-0.20772302,0.27043352,0.94006222,0
-1.1059253,-1.3079771,-2.0309763,0.20772302,-0.27043352,-0.94006222,0
-2.4345369,-0.81171143,1.8404595,-0.20772302,0.27043352,0.94006222,0
-1.1741012,-1.6469033,-1.9465835,0.20772302,-0.27043352,-0.94006222,0
2.7502108,-0.34541619,-1.1927613,0.97476751,0.1375224,0.17582977,0
2.3270593,1.2682405,0.38426924,0.97476751,0.1375224,0.17582977,0
1.7095586,2.2303054,0.24608982,-0.0817293,0.95286584,-0.29217634,0
2.4381654,-1.5610749,0.74403071,0.0817293,-0.95286584,0.29217634,0
0.69783926,1.7980014,-1.0379565,-0.0817293,0.95286584,-0.29217634,0
2.7663841,0.41527849,-1.4903519,0.97476751,0.1375224,0.17582977,0
2.7239084,1.3608596,-1.8064492,0.97476751,0.1375224,0.17582977,0
-2.8509359,1.9018881,0.34973836,-0.0817293,0.95286584,-0.29217634,0
1.1464008,-0.064799666,-1.7789119,0.20772302,-0.27043352,-0.94006222,0
-1.5923858,1.2387927,1.4989243,-0.20772302,0.27043352,0.94006222,0
2.2321119,0.75223148,1.1171234,0.97476751,0.1375224,0.17582977,0
-2.1541975,-1.2316155,-1.2139556,-0.97476751,-0.1375224,-0.17582977,0
-2.614872,0.83173651,0.13513422,-0.97476751,-0.1375224,-0.17582977,0
-0.48349142,1.9613129,1.5133989,-0.20772302,0.27043352,0.94006222,0
2.5813632,-0.68315381,0.78129816,0.97476751,0.1375224,0.17582977,0
2.5390961,-1.0426043,1.0320084,0.97476751,0.1375224,0.17582977,0
-2.1459241,-1.4778491,-1.6913772,-0.97476751,-0.1375224,-0.17582977,0
-0.47847545,-1.9372759,-1.6306865,0.20772302,-0.27043352,-0.94006222,0
2.0802126,-1.3278726,1.9624039,0.0817293,-0.95286584,0.29217634,0
-0.56181198,2.0569348,0.046853084,-0.0817293,0.95286584,-0.29217634,0
-0.065608561,2.3090491,0.74833685,-0.0817293,0.95286584,-0.29217634,0
-0.1319114,-2.3232682,-1.4339527,0.20772302,-0.27043352,-0.94006222,0
2.6806092,-0.69182819,0.33347964,0.97476751,0.1375224,0.17582977,0
2.2610378,-0.67874098,2.2863765,0.97476751,0.1375224,0.17582977,0
1.7155801,-1.2431561,2.2459593,0.0817293,-0.95286584,0.29217634,0
2.8337877,-0.030958384,-0.95331872,0.97476751,0.1375224,0.17582977,0
-2.6876578,-1.0355,1.8242339,-0.20772302,0.27043352,0.94006222,0
1.2318933,-2.0604489,-0.084261954,0.0817293,-0.95286584,0.29217634,0
0.4033159,2.2919207,1.485777,-0.20772302,0.27043352,0.94006222,0
1.3931293,-2.2044446,-1.0325754,0.0817293,-0.95286584,0.29217634,0
-2.0206628,-1.5687473,2.1944182,0.0817293,-0.95286584,0.29217634,0
0.70675445,0.66106403,-2.0826805,0.20772302,-0.27043352,-0.94006222,0
2.8541317,0.64101589,-1.5424445,0.97476751,0.1375224,0.17582977,0
2.2871842,1.9291729,-0.080308914,0.97476751,0.1375224,0.17582977,0
-2.2137671,-1.1761553,-1.2366028,-0.97476751,-0.1375224,-0.17582977,0
-0.433864,0.066655368,-2.3084512,0.20772302,-0.27043352,-0.94006222,0
1.4317778,1.5183547,-1.9899414,-0.0817293,0.95286584,-0.29217634,0
-1.6159691,-1.8167821,-1.9483819,0.20772302,-0.27043352,-0.94006222,0
-2.2823343,-0.86858678,-0.61927891,-0.97476751,-0.1375224,-0.17582977,0
2.374135,0.47651988,0.73068142,0.97476751,0.1375224,0.17582977,0
-1.2933365,-2.1529565,0.32350171,0.0817293,-0.95286584,0.29217634,0
2.6229351,-0.30602115,-1.4600761,0.20772302,-0.27043352,-0.94006222,0
-1.9628172,-1.7143137,-2.0760832,-0.97476751,-0.1375224,-0.17582977,0
-2.7907081,1.524316,0.99172443,-0.20772302,0.27043352,0.94006222,0
-2.0426462,-2.0920401,-1.8059664,-0.97476751,-0.1375224,-0.17582977,0
2.5710404,0.25233898,0.11519051,0.97476751,0.1375224,0.17582977,0
-2.6994629,-0.65849489,1.3170081,-0.97476751,-0.1375224,-0.17582977,0
-0.14780658,2.3733292,0.70399934,-0.0817293,0.95286584,-0.29217634,0
2.0189795,-0.97462595,-1.4325806,0.20772302,-0.27043352,-0.94006222,0
-2.2325802,1.2892363,-2.3218203,-0.0817293,0.95286584,-0.29217634,0
2.3447547,1.0845116,-0.1259315,0.97476751,0.1375224,0.17582977,0
-1.2712605,-1.2803935,-1.9824238,0.20772302,-0.27043352,-0.94006222,0
1.5367558,2.5260694,1.0544899,-0.0817293,0.95286584,-0.29217634,0
-1.9465947,-2.4318531,-1.746515,-0.97476751,-0.1375224,-0.17582977,0
-2.1035657,-1.40253,2.1274085,-0.20772302,0.27043352,0.94006222,0
-2.7773292,0.61203384,0.30323756,-0.97476751,-0.1375224,-0.17582977,0
-2.549408,-0.0097270012,0.25223553,-0.97476751,-0.1375224,-0.17582977,0
1.8631582,0.19518287,2.39852,-0.20772302,0.27043352,0.94006222,0
-1.9083841,-1.5895442,-1.8724055,-0.97476751,-0.1375224,-0.17582977,0
-2.768158,1.8572464,0.016287565,-0.0817293,0.95286584,-0.29217634,0
-2.3346572,0.94405091,-2.2358136,-0.97476751,-0.1375224,-0.17582977,0
0.2824825,-1.1376013,2.4922762,-0.20772302,0.27043352,0.94006222,0
-2.6436136,-0.22283268,0.20751154,-0.97476751,-0.1375224,-0.17582977,0
-1.6580878,-2.5572345,-1.0861627,0.0817293,-0.95286584,0.29217634,0
-0.069220304,-0.20082472,-2.1866717,0.20772302,-0.27043352,-0.94006222,0
-2.8875856,0.89572906,1.1658076,-0.97476751,-0.1375224,-0.17582977,0
1.21929,-2.1761296,-1.2266728,0.20772302,-0.27043352,-0.94006222,0
2.133374,0.012647822,2.4045792,0.97476751,0.1375224,0.17582977,0
-0.75155962,-1.0264971,2.2835693,-0.20772302,0.27043352,0.94006222,0
2.0781789,0.92231405,1.7825103,0.97476751,0.1375224,0.17582977,0
-0.4579463,0.11706674,-2.2456934,0.20772302,-0.27043352,-0.94006222,0
-0.88218045,-1.5744246,1.9002504,0.0817293,-0.95286584,0.29217634,0
-2.2400727,-1.9666624,1.1414423,0.0817293,-0.95286584,0.29217634,0
0.088430166,1.1631908,1.7589073,-0.20772302,0.27043352,0.94006222,0
1.3056161,1.0383109,2.1626091,-0.20772302,0.27043352,0.94006222,0
0.38631722,2.3071926,0.46641892,-0.0817293,0.95286584,-0.29217634,0
-2.0099065,-0.39026952,-2.4776447,0.20772302,-0.27043352,-0.94006222,0
1.8257592,0.85262573,-1.9956931,0.20772302,-0.27043352,-0.94006222,0
1.641711,-1.0747993,2.6994247,0.0817293,-0.95286584,0.29217634,0
-0.21691483,1.9825321,-0.50462925,-0.0817293,0.95286584,-0.29217634,0
-2.3435206,-1.4715927,0.30632925,-0.97476751,-0.1375224,-0.17582977,0
-0.50075102,0.84942365,1.7187668,-0.20772302,0.27043352,0.94006222,0
2.5703001,0.15637147,-0.52067935,0.97476751,0.1375224,0.17582977,0
-1.8387847,0.25421703,1.7050619,-0.20772302,0.27043352,0.94006222,0
-0.81339133,1.0762026,1.6124282,-0.20772302,0.27043352,0.94006222,0
-2.6899824,0.52699304,0.79156315,-0.97476751,-0.1375224,-0.17582977,0
-2.2416847,-0.36501089,-1.2336607,-0.97476751,-0.1375224,-0.17582977,0
0.48984969,-2.1343288,-0.58038718,0.0817293,-0.95286584,0.29217634,0
-2.5072391,-0.64123684,0.26169288,-0.97476751,-0.1375224,-0.17582977,0
-1.1893461,0.071966678,-2.322072,0.20772302,-0.27043352,-0.94006222,0
2.8213522,-1.0646,-0.90786934,0.97476751,0.1375224,0.17582977,0
1.7919528,-0.11196351,2.5791955,-0.20772302,0.27043352,0.94006222,0
-1.6662358,-1.136404,2.058748,-0.20772302,0.27043352,0.94006222,0
-0.37565804,2.2183709,1.3230138,-0.20772302,0.27043352,0.94006222,0
1.5853438,-1.4611958,1.7422556,0.0817293,-0.95286584,0.29217634,0
2.7149093,-1.3098562,0.49005783,0.97476751,0.1375224,0.17582977,0
-2.3362467,-2.0324702,0.69370294,0.0817293,-0.95286584,0.29217634,0
0.052834988,1.4560832,-2.1219332,-0.0817293,0.95286584,-0.29217634,0
1.3679824,-1.0979633,2.592062,0.0817293,-0.95286584,0.29217634,0
1.0336434,-1.7345313,1.208199,0.0817293,-0.95286584,0.29217634,0
-2.2692027,0.089822911,-2.0199301,-0.97476751,-0.1375224,-0.17582977,0
-2.8054249,0.38300484,0.86716986,-0.97476751,-0.1375224,-0.17582977,0
-1.9621007,-1.7320229,-1.6967428,-0.97476751,-0.1375224,-0.17582977,0
1.8287451,-2.0234704,-0.18577045,0.0817293,-0.95286584,0.29217634,0
2.1555347,-0.74123472,2.4409819,0.97476751,0.1375224,0.17582977,0
2.4495821,-1.4833443,1.5070225,0.0817293,-0.95286584,0.29217634,0
2.5312741,1.7083571,-1.4091368,0.97476751,0.1375224,0.17582977,0
-1.6692039,1.8712237,-0.4984169,-0.0817293,0.95286584,-0.29217634,0
-2.9022434,0.91791368,0.72049177,-0.97476751,-0.1375224,-0.17582977,0
-0.8033216,-2.5815282,-1.1406571,0.0817293,-0.95286584,0.29217634,0
-1.2277732,1.6764691,-1.1247168,-0.0817293,0.95286584,-0.29217634,0
-1.9690025,-1.4156457,-1.8884139,-0.97476751,-0.1375224,-0.17582977,0
-1.1336352,-2.4599826,-1.6079599,0.20772302,-0.27043352,-0.94006222,0
-2.2489381,1.3382235,1.1635771,-0.20772302,0.27043352,0.94006222,0
-0.49752069,-0.63265824,-1.9964056,0.20772302,-0.27043352,-0.94006222,0
-2.3595819,1.7944077,-0.15474033,-0.0817293,0.95286584,-0.29217634,0
1.1908473,-2.2068517,-1.1624902,0.20772302,-0.27043352,-0.94006222,0
0.27478692,-2.1104009,-0.44802591,0.0817293,-0.95286584,0.29217634,0
1.3192677,-1.3860471,2.2825694,0.0817293,-0.95286584,0.29217634,0
-2.7263412,-1.4018822,1.9128256,-0.97476751,-0.1375224,-0.17582977,0
-2.5483809,0.74488926,-0.139889,-0.97476751,-0.1375224,-0.17582977,0
2.6733544,-1.6096712,0.67553663,0.0817293,-0.95286584,0.29217634,0
-0.2922976,1.3959396,1.5789347,-0.20772302,0.27043352,0.94006222,0
2.8201392,0.39635354,-1.5173051,0.97476751,0.1375224,0.17582977,0
-2.0631251,0.092074528,-2.3277135,-0.97476751,-0.1375224,-0.17582977,0
-0.60773331,-0.83196378,-2.0328898,0.20772302,-0.27043352,-0.94006222,0
2.2951245,0.7264334,0.73539829,0.97476751,0.1375224,0.17582977,0
-2.1390953,1.3569669,-1.9010373,-0.0817293,0.95286584,-0.29217634,0
2.0026085,-0.2619614,-1.7125745,0.20772302,-0.27043352,-0.94006222,0
-2.0774713,-2.1832662,0.0095751286,0.0817293,-0.95286584,0.29217634,0
0.13544154,0.34760398,-2.2288125,0.20772302,-0.27043352,-0.94006222,0
2.3997285,0.95390236,-1.8165473,0.20772302,-0.27043352,-0.94006222,0
-2.1273646,-2.3660481,-0.20121479,0.0817293,-0.95286584,0.29217634,0
-1.3502908,-2.3269558,-0.50110877,0.0817293,-0.95286584,0.29217634,0
1.8935401,0.39667714,2.4489913,-0.20772302,0.27043352,0.94006222,0
0.58001769,-1.3240349,2.207274,0.0817293,-0.95286584,0.29217634,0
1.2399253,-1.5872132,1.2319067,0.0817293,-0.95286584,0.29217634,0
0.45871794,-0.42126283,2.3253536,-0.20772302,0.27043352,0.94006222,0
1.3592308,-1.468869,1.5872418,0.0817293,-0.95286584,0.29217634,0
1.475852,-1.1827941,2.6093249,0.0817293,-0.95286584,0.29217634,0
-2.2405131,-0.018712915,-1.8957314,-0.97476751,-0.1375224,-0.17582977,0
1.9792522,-1.9903741,-1.2185922,0.20772302,-0.27043352,-0.94006222,0
0.052954435,2.5278749,1.2936568,-0.0817293,0.95286584,-0.29217634,0
-2.2248912,0.13737375,-2.1356227,-0.97476751,-0.1375224,-0.17582977,0
2.199007,0.48380017,2.0510337,0.97476751,0.1375224,0.17582977,0
2.3144257,1.1742156,0.33737397,0.97476751,0.1375224,0.17582977,0
-0.69058025,2.423074,1.308176,-0.20772302,0.27043352,0.94006222,0
1.637377,-1.0556591,2.7760019,0.0817293,-0.95286584,0.29217634,0
-0.08604002,-0.49099249,-2.0259917,0.20772302,-0.27043352,-0.94006222,0
1.1179991,-1.4814361,1.9677274,0.0817293,-0.95286584,0.29217634,0
-1.6984097,-0.40437365,-2.4763851,0.20772302,-0.27043352,-0.94006222,0
1.159351,2.3086922,0.22634017,-0.0817293,0.95286584,-0.29217634,0
1.3290179,-1.6395532,0.86385649,0.0817293,-0.95286584,0.29217634,0
-1.9578205,0.0033890754,-2.5481412,0.20772302,-0.27043352,-0.94006222,0
2.3221066,0.11740441,1.2432621,0.97476751,0.1375224,0.17582977,0
-1.6152693,0.79878807,-2.7109122,0.20772302,-0.27043352,-0.94006222,0
-1.5205173,-1.6020417,1.7692182,0.0817293,-0.95286584,0.29217634,0
-1.0711446,0.53570724,1.722254,-0.20772302,0.27043352,0.94006222,0
1.8819964,2.6850719,1.3445725,-0.0817293,0.95286584,-0.29217634,0
2.4982476,0.65404552,-0.36142373,0.97476751,0.1375224,0.17582977,0
-0.9726451,-2.5882118,-1.2685521,0.0817293,-0.95286584,0.29217634,0
-2.2434022,-1.7640404,-0.8807447,-0.97476751,-0.1375224,-0.17582977,0
1.0240571,-0.021856993,-1.9160128,0.20772302,-0.27043352,-0.94006222,0
-2.7506318,1.078828,0.04614985,-0.97476751,-0.1375224,-0.17582977,0
-2.6822972,0.68449742,1.2715569,-0.20772302,0.27043352,0.94006222,0
-0.41349697,0.38246989,1.9616822,-0.20772302,0.27043352,0.94006222,0
0.066243291,1.7366173,1.6323657,-0.20772302,0.27043352,0.94006222,0
-1.7690814,-1.2993549,-2.0915558,0.20772302,-0.27043352,-0.94006222,0
-0.39804113,1.7721466,1.4735154,-0.20772302,0.27043352,0.94006222,0
0.34130812,0.84514499,-2.2270086,0.20772302,-0.27043352,-0.94006222,0
-1.6881763,1.3871315,1.4171946,-0.20772302,0.27043352,0.94006222,0
-2.4371297,0.52362663,-0.68305278,-0.97476751,-0.1375224,-0.17582977,0
-1.0575539,-2.1752157,-0.23506141,0.0817293,-0.95286584,0.29217634,0
-1.884364,-2.630317,-1.2906532,0.0817293,-0.95286584,0.29217634,0
0.10146189,1.7211735,-1.5641437,-0.0817293,0.95286584,-0.29217634,0
2.4846199,-1.7022254,0.33829319,0.0817293,-0.95286584,0.29217634,0
2.822298,0.13496119,-1.417925,0.97476751,0.1375224,0.17582977,0
-0.93450218,0.69853067,-2.46697,0.20772302,-0.27043352,-0.94006222,0
-1.8490955,-0.5762763,-2.3452005,0.20772302,-0.27043352,-0.94006222,0
2.3421266,0.20815894,0.91983247,0.97476751,0.1375224,0.17582977,0
-2.0189323,1.1438427,-2.3726444,-0.0817293,0.95286584,-0.29217634,0
-2.5064101,1.1955696,-1.1029729,-0.97476751,-0.1375224,-0.17582977,0
2.4871664,0.42860913,0.23508024,0.97476751,0.1375224,0.17582977,0
-1.9375207,2.1220284,0.62142742,-0.0817293,0.95286584,-0.29217634,0
-2.1767755,0.41846654,1.5181223,-0.20772302,0.27043352,0.94006222,0
-2.0688152,0.067594111,-2.2800052,-0.97476751,-0.1375224,-0.17582977,0
2.3243191,0.48628777,0.52965069,0.97476751,0.1375224,0.17582977,0
1.2300912,0.67015851,-2.1400096,0.20772302,-0.27043352,-0.94006222,0
0.50989425,-0.53717542,-1.9127581,0.20772302,-0.27043352,-0.94006222,0
-0.093886733,2.4653101,1.1611191,-0.0817293,0.95286584,-0.29217634,0
0.34169453,1.9925529,-0.39775363,-0.0817293,0.95286584,-0.29217634,0
1.0022933,-1.6347716,1.530128,0.0817293,-0.95286584,0.29217634,0
-1.1742921,0.31844616,1.7826145,-0.20772302,0.27043352,0.94006222,0
2.1954417,1.5210605,-2.0653281,0.20772302,-0.27043352,-0.94006222,0
-2.8474567,1.4820112,0.35997009,-0.97476751,-0.1375224,-0.17582977,0
2.0705538,2.3031077,0.80668473,0.97476751,0.1375224,0.17582977,0
0.8365314,1.8937728,-0.73387337,-0.0817293,0.95286584,-0.29217634,0
-1.8978931,2.234242,0.96625572,-0.0817293,0.95286584,-0.29217634,0
-0.025787711,0.2887159,2.0385571,-0.20772302,0.27043352,0.94006222,0
-0.49375436,2.0910769,0.222601,-0.0817293,0.95286584,-0.29217634,0
-0.35434914,2.3501184,0.9363246,-0.0817293,0.95286584,-0.29217634,0
1.0970981,-1.9995284,-1.3443,0.20772302,-0.27043352,-0.94006222,0
1.5266113,0.038087457,2.4266112,-0.20772302,0.27043352,0.94006222,0
-2.8057599,1.2135406,0.54101562,-0.97476751,-0.1375224,-0.17582977,0
2.6352305,1.4209185,-1.7632562,0.97476751,0.1375224,0.17582977,0
-0.2551204,0.46109453,-2.3017128,0.20772302,-0.27043352,-0.94006222,0
2.1867335,-1.52549,1.579652,0.0817293,-0.95286584,0.29217634,0
0.94500858,-1.8214346,0.93717134,0.0817293,-0.95286584,0.29217634,0
-0.29319131,-1.4292581,-1.8800657,0.20772302,-0.27043352,-0.94006222,0
-2.8445108,1.4723151,-0.12417495,-0.97476751,-0.1375224,-0.17582977,0
1.5922064,1.797574,-1.2190226,-0.0817293,0.95286584,-0.29217634,0
-2.3208122,-0.15163562,-1.1028886,-0.97476751,-0.1375224,-0.17582977,0
2.5210187,-1.4178561,0.91926014,0.97476751,0.1375224,0.17582977,0
-0.46061069,1.8884051,-0.51134139,-0.0817293,0.95286584,-0.29217634,0
1.9694662,2.3125257,1.786078,0.97476751,0.1375224,0.17582977,0
-0.22692811,0.074260026,2.1108625,-0.20772302,0.27043352,0.94006222,0
-0.47860152,-2.0267155,0.36487257,0.0817293,-0.95286584,0.29217634,0
-0.29325938,1.9389944,1.4603004,-0.20772302,0.27043352,0.94006222,0
-1.1169775,-1.53501,2.0876253,0.0817293,-0.95286584,0.29217634,0
1.8442889,-2.0280473,-1.1884543,0.20772302,-0.27043352,-0.94006222,0
1.0387336,1.5984454,-1.6483839,-0.0817293,0.95286584,-0.29217634,0
1.2143306,2.0760236,-0.48134297,-0.0817293,0.95286584,-0.29217634,0
-2.0196657,-0.5519824,1.8142619,-0.20772302,0.27043352,0.94006222,0
-2.0104322,1.193181,-2.0930817,-0.0817293,0.95286584,-0.29217634,0
0.45458972,2.3735614,1.5947808,-0.20772302,0.27043352,0.94006222,0
-1.8791451,-2.1522758,-1.880733,0.20772302,-0.27043352,-0.94006222,0
0.26687694,2.28827,1.5665717,-0.20772302,0.27043352,0.94006222,0
-2.7546744,0.21426789,0.87941051,-0.97476751,-0.1375224,-0.17582977,0
