0.74416304,1.9664438,6.0655999,0.095600963,0.84349006,0.52856886,0
2.9027719,4.0197792,-2.7828012,0.26763523,0.48966739,-0.82981765,0
-0.80496025,-0.43951392,-4.8532095,-0.9587658,0.22079492,-0.17893502,0
1.5372903,-2.7205367,-3.3144548,0.9587658,-0.22079492,0.17893502,0
-2.5842566,-2.1470959,3.8267756,-0.26763523,-0.48966739,0.82981765,0
-0.33383512,0.42419696,-5.7888918,0.26763523,0.48966739,-0.82981765,0
1.2809834,0.19995379,1.6967821,0.9587658,-0.22079492,0.17893502,0
1.5858073,4.5996938,1.9539744,0.095600963,0.84349006,0.52856886,0
-2.0845833,-0.52042145,2.4553859,-0.9587658,0.22079492,-0.17893502,0
1.4466262,-0.80691481,-6.0771556,0.26763523,0.48966739,-0.82981765,0
-1.4194016,2.0666161,1.4926771,-0.9587658,0.22079492,-0.17893502,0
1.7483531,4.4091473,-2.976553,0.26763523,0.48966739,-0.82981765,0
-1.8648474,1.9724337,4.2587399,-0.9587658,0.22079492,-0.17893502,0
2.2111094,5.9760671,-1.8008518,0.26763523,0.48966739,-0.82981765,0
0.2875309,-4.6915617,-1.8582857,-0.095600963,-0.84349006,-0.52856886,0
-1.4240186,-0.37385714,5.3840942,-0.26763523,-0.48966739,0.82981765,0
1.2205867,3.7462492,-3.3985205,0.26763523,0.48966739,-0.82981765,0
-1.0947895,0.55998349,5.9204769,-0.26763523,-0.48966739,0.82981765,0
1.2583308,-2.3331249,-5.7990055,-0.095600963,-0.84349006,-0.52856886,0
-1.8903403,-6.4159341,1.6729474,-0.26763523,-0.48966739,0.82981765,0
-1.9587495,-4.7843213,2.6089578,-0.26763523,-0.48966739,0.82981765,0
-1.6782598,0.23737311,5.7370572,-0.26763523,-0.48966739,0.82981765,0
-0.24792051,2.5599971,5.282917,0.095600963,0.84349006,0.52856886,0
0.68898058,1.3955765,6.8898401,0.9587658,-0.22079492,0.17893502,0
-2.4063597,-2.6839833,0.90603733,-0.9587658,0.22079492,-0.17893502,0
0.60446358,0.32144356,5.9504013,0.9587658,-0.22079492,0.17893502,0
-2.2234271,-0.84981692,2.6234374,-0.9587658,0.22079492,-0.17893502,0
-0.11965704,4.2971001,2.5409789,0.095600963,0.84349006,0.52856886,0
0.92650366,-2.9200695,-4.9555655,-0.095600963,-0.84349006,-0.52856886,0
-1.8755808,-5.6636729,2.1214299,-0.26763523,-0.48966739,0.82981765,0
-1.1651242,-1.0647492,4.9953089,-0.26763523,-0.48966739,0.82981765,0
-2.0041928,-6.2831168,0.93908119,-0.095600963,-0.84349006,-0.52856886,0
-2.5906482,-3.2100453,1.62814,-0.9587658,0.22079492,-0.17893502,0
-0.52820969,-0.534688,-6.0302887,-0.9587658,0.22079492,-0.17893502,0
-1.4062858,1.25335,6.3982816,-0.26763523,-0.48966739,0.82981765,0
1.6094904,1.650408,1.7681239,0.9587658,-0.22079492,0.17893502,0
2.36638,-0.77380723,-5.0095034,0.9587658,-0.22079492,0.17893502,0
1.9271796,-1.1516719,-3.6685874,0.9587658,-0.22079492,0.17893502,0
2.5478759,1.8034639,-4.1222715,0.26763523,0.48966739,-0.82981765,0
-1.29562,-2.4145846,4.1814036,-0.26763523,-0.48966739,0.82981765,0
-1.0407107,-0.74094963,-3.7571542,-0.9587658,0.22079492,-0.17893502,0
-0.029793978,-5.7413034,1.6317143,0.9587658,-0.22079492,0.17893502,0
0.0016851425,-0.34184551,5.722156,-0.26763523,-0.48966739,0.82981765,0
-1.6429989,-6.0114441,1.9356432,-0.26763523,-0.48966739,0.82981765,0
0.43532848,1.0811098,6.7973442,-0.26763523,-0.48966739,0.82981765,0
-0.081608295,3.2460065,4.3171959,0.095600963,0.84349006,0.52856886,0
-0.73262125,2.2568202,-1.598289,-0.9587658,0.22079492,-0.17893502,0
-0.82049567,-3.2038591,3.8657303,-0.26763523,-0.48966739,0.82981765,0
-0.36329317,4.0130553,3.0428281,0.095600963,0.84349006,0.52856886,0
-2.1381464,-6.1685824,0.84172106,-0.095600963,-0.84349006,-0.52856886,0
-2.3619838,-2.4140601,3.9313183,-0.26763523,-0.48966739,0.82981765,0
1.1524112,0.93857676,-5.2073936,0.26763523,0.48966739,-0.82981765,0
1.2477937,-1.455229,-0.62897468,0.9587658,-0.22079492,0.17893502,0
0.82950509,5.0980577,-2.800715,0.26763523,0.48966739,-0.82981765,0
1.3788414,1.7101612,3.1059947,0.9587658,-0.22079492,0.17893502,0
-1.8328732,-0.87178606,4.8720813,-0.26763523,-0.48966739,0.82981765,0
-0.83571255,-1.9564131,4.5141478,-0.26763523,-0.48966739,0.82981765,0
1.032721,-3.4212501,-1.8639362,0.9587658,-0.22079492,0.17893502,0
-0.88845676,1.2843585,-2.0816596,-0.9587658,0.22079492,-0.17893502,0
1.0536523,5.8912435,-0.019396782,0.095600963,0.84349006,0.52856886,0
1.2630832,5.8134251,-2.0986934,0.26763523,0.48966739,-0.82981765,0
-1.6689167,-3.8538988,3.1710315,-0.26763523,-0.48966739,0.82981765,0
1.0799351,4.3645134,2.2627959,0.095600963,0.84349006,0.52856886,0
-0.35125995,-6.978569,1.6287775,-0.095600963,-0.84349006,-0.52856886,0
0.092022419,-6.0869846,0.7363863,0.9587658,-0.22079492,0.17893502,0
1.3940105,6.5468578,-1.139442,0.095600963,0.84349006,0.52856886,0
2.5765281,1.3381521,-4.0953245,0.9587658,-0.22079492,0.17893502,0
-0.87869596,-1.0939133,-4.9884963,-0.9587658,0.22079492,-0.17893502,0
1.2771976,1.9878197,-4.4793358,0.26763523,0.48966739,-0.82981765,0
0.15710258,5.1229286,1.3131245,0.095600963,0.84349006,0.52856886,0
-1.861756,-0.97297895,0.011732817,-0.9587658,0.22079492,-0.17893502,0
1.0038548,-3.3870819,-4.2040296,-0.095600963,-0.84349006,-0.52856886,0
-0.5786643,3.7421911,3.4944487,0.095600963,0.84349006,0.52856886,0
1.1924188,-1.1193676,0.96222663,0.9587658,-0.22079492,0.17893502,0
0.78655434,4.342485,2.5520005,0.095600963,0.84349006,0.52856886,0
0.21897268,-5.6267071,0.73135853,0.9587658,-0.22079492,0.17893502,0
-0.47093916,2.8549702,5.1237459,0.095600963,0.84349006,0.52856886,0
-2.687649,-5.9966664,0.78002405,-0.095600963,-0.84349006,-0.52856886,0
-1.8936336,-2.8940649,-1.95884,-0.9587658,0.22079492,-0.17893502,0
3.1295338,5.8684397,-1.6259346,0.26763523,0.48966739,-0.82981765,0
-0.2687943,5.6985826,0.30678058,-0.9587658,0.22079492,-0.17893502,0
-0.6929841,3.648531,3.7907696,0.095600963,0.84349006,0.52856886,0
-0.36476481,-2.9094079,4.1245251,-0.26763523,-0.48966739,0.82981765,0
1.9019388,1.336462,-0.31091547,0.9587658,-0.22079492,0.17893502,0
1.734828,1.2200848,-4.7384338,0.26763523,0.48966739,-0.82981765,0
1.7146144,2.2163689,2.0314102,0.9587658,-0.22079492,0.17893502,0
1.4550269,-1.3640845,-0.59933007,0.9587658,-0.22079492,0.17893502,0
-0.21901941,0.14926362,-6.0003152,0.26763523,0.48966739,-0.82981765,0
-0.40174401,2.969553,-2.7043443,-0.9587658,0.22079492,-0.17893502,0
-1.5136626,-6.0541277,0.61060572,-0.095600963,-0.84349006,-0.52856886,0
0.27226734,-4.6314626,-1.9634011,-0.095600963,-0.84349006,-0.52856886,0
-1.7244453,-6.3011441,1.7434745,-0.26763523,-0.48966739,0.82981765,0
-1.9064428,-0.84199297,0.62839913,-0.9587658,0.22079492,-0.17893502,0
-0.79157114,-4.8019528,-1.4882061,-0.095600963,-0.84349006,-0.52856886,0
1.0614946,-3.1106577,-1.6799386,0.9587658,-0.22079492,0.17893502,0
-0.36950868,-3.4114897,3.8249812,-0.26763523,-0.48966739,0.82981765,0
1.9241306,0.30952191,-2.0609927,0.9587658,-0.22079492,0.17893502,0
0.78153348,6.353888,-0.84368896,0.095600963,0.84349006,0.52856886,0
-2.3155518,-6.2935677,0.84466839,-0.095600963,-0.84349006,-0.52856886,0
0.34593531,4.2039704,-3.535048,0.26763523,0.48966739,-0.82981765,0
1.0916657,-3.9192371,-2.0663726,0.9587658,-0.22079492,0.17893502,0
2.2205822,1.0738151,-1.828316,0.9587658,-0.22079492,0.17893502,0
-0.24394035,-4.2390141,-2.5650976,-0.095600963,-0.84349006,-0.52856886,0
0.10368729,-3.3123436,-4.3398933,-0.095600963,-0.84349006,-0.52856886,0
-2.0820429,-0.79312354,4.8111768,-0.26763523,-0.48966739,0.82981765,0
2.3952944,4.0178795,0.37198043,0.9587658,-0.22079492,0.17893502,0
1.0462451,-3.5473554,-2.0752597,0.9587658,-0.22079492,0.17893502,0
-2.3871319,-0.028689723,4.2929182,-0.9587658,0.22079492,-0.17893502,0
1.4408282,3.4424071,-3.6329298,0.26763523,0.48966739,-0.82981765,0
-0.47107792,-5.6360927,-0.38534498,-0.095600963,-0.84349006,-0.52856886,0
-2.0107563,2.1609378,5.1127949,-0.9587658,0.22079492,-0.17893502,0
-1.2722683,1.642892,6.5675988,-0.26763523,-0.48966739,0.82981765,0
-0.45717645,2.9136128,-2.8453083,-0.9587658,0.22079492,-0.17893502,0
1.3237553,5.7308025,-0.099159718,0.095600963,0.84349006,0.52856886,0
1.1376373,-0.23119819,1.49894,0.9587658,-0.22079492,0.17893502,0
1.635561,4.9605522,1.3355794,0.095600963,0.84349006,0.52856886,0
-0.19931483,-2.110322,4.7122431,-0.26763523,-0.48966739,0.82981765,0
1.0623636,-2.1115098,-6.1284981,-0.095600963,-0.84349006,-0.52856886,0
-1.4430137,2.2768421,2.550143,-0.9587658,0.22079492,-0.17893502,0
1.9432364,3.9921966,2.5964208,0.095600963,0.84349006,0.52856886,0
-0.62062216,3.0677404,-1.377532,-0.9587658,0.22079492,-0.17893502,0
1.229251,1.579545,-4.7117667,0.26763523,0.48966739,-0.82981765,0
1.6125336,6.1966305,-0.87049818,0.095600963,0.84349006,0.52856886,0
2.7520003,4.6916938,-0.55000544,0.9587658,-0.22079492,0.17893502,0
-0.55852222,-6.6749253,1.9716539,-0.26763523,-0.48966739,0.82981765,0
1.3525172,4.1267223,-3.0698524,0.26763523,0.48966739,-0.82981765,0
1.8872064,-1.4473022,-3.2086439,0.9587658,-0.22079492,0.17893502,0
1.8026881,2.261641,1.9710239,0.9587658,-0.22079492,0.17893502,0
-2.4938912,-4.2655292,0.26165199,-0.9587658,0.22079492,-0.17893502,0
0.68416929,-3.7668536,-3.6424806,-0.095600963,-0.84349006,-0.52856886,0
0.77189869,4.4450235,-3.0939641,0.26763523,0.48966739,-0.82981765,0
0.34268808,-1.8247433,4.828763,0.9587658,-0.22079492,0.17893502,0
1.2006578,3.6877499,3.2067409,0.095600963,0.84349006,0.52856886,0
-0.70340633,1.0687129,6.4492426,-0.26763523,-0.48966739,0.82981765,0
1.4620032,4.9488921,1.2986917,0.095600963,0.84349006,0.52856886,0
2.2822661,-1.8713238,-6.0698261,0.9587658,-0.22079492,0.17893502,0
-1.35671,1.5869483,6.4781113,-0.26763523,-0.48966739,0.82981765,0
0.57201171,6.3352532,-0.83576727,0.095600963,0.84349006,0.52856886,0
-0.75345993,3.2813184,4.2993422,0.095600963,0.84349006,0.52856886,0
0.85984838,-3.1503274,0.17859507,0.9587658,-0.22079492,0.17893502,0
-0.67936468,-0.0060489178,5.7380705,-0.26763523,-0.48966739,0.82981765,0
-1.018868,-2.3629081,-5.4512739,-0.095600963,-0.84349006,-0.52856886,0
0.10385799,-0.55607247,5.6645451,-0.26763523,-0.48966739,0.82981765,0
1.5732434,2.0161138,2.030417,0.9587658,-0.22079492,0.17893502,0
-2.9801004,-5.4199243,0.68647718,-0.9587658,0.22079492,-0.17893502,0
-0.96982694,3.6747644,1.2933259,-0.9587658,0.22079492,-0.17893502,0
0.09873724,-4.6200814,-1.96784,-0.095600963,-0.84349006,-0.52856886,0
-1.2042446,-0.19176531,-2.2799985,-0.9587658,0.22079492,-0.17893502,0
0.25822496,0.39703345,-5.7501678,0.26763523,0.48966739,-0.82981765,0
1.5760999,-1.2575065,-1.6161051,0.9587658,-0.22079492,0.17893502,0
-1.2810264,-4.1715555,3.0335813,-0.26763523,-0.48966739,0.82981765,0
-0.67160785,-3.4481018,3.696136,-0.26763523,-0.48966739,0.82981765,0
1.5104547,3.8667374,3.1961608,0.095600963,0.84349006,0.52856886,0
-0.78508401,-0.18305612,-4.3334432,-0.9587658,0.22079492,-0.17893502,0
-0.81198734,1.6199143,-2.1736398,-0.9587658,0.22079492,-0.17893502,0
-2.2300825,1.0985326,6.0202188,-0.26763523,-0.48966739,0.82981765,0
0.81234217,5.8758097,-0.13221455,0.095600963,0.84349006,0.52856886,0
1.4046724,6.4842763,-1.6742859,0.26763523,0.48966739,-0.82981765,0
-2.741796,-3.6317892,3.0235882,-0.26763523,-0.48966739,0.82981765,0
2.6411109,3.9977467,-1.3147898,0.9587658,-0.22079492,0.17893502,0
-1.4849687,-3.4074912,-3.902853,-0.095600963,-0.84349006,-0.52856886,0
1.135736,-0.96802747,-6.1261482,0.26763523,0.48966739,-0.82981765,0
3.013263,5.8062372,-1.537744,0.26763523,0.48966739,-0.82981765,0
-0.33780718,5.2534542,-0.63465023,-0.9587658,0.22079492,-0.17893502,0
-0.12052107,-6.0565195,1.4125228,0.9587658,-0.22079492,0.17893502,0
1.5819452,6.5803442,-1.3999138,0.095600963,0.84349006,0.52856886,0
0.82853889,-2.0388074,1.400584,0.9587658,-0.22079492,0.17893502,0
-2.0269403,2.0309138,6.4541798,-0.26763523,-0.48966739,0.82981765,0
0.19585454,-2.6692157,3.6724734,0.9587658,-0.22079492,0.17893502,0
-2.7294912,-2.4520736,3.6531959,-0.9587658,0.22079492,-0.17893502,0
2.4439273,4.8323364,-2.4228115,0.26763523,0.48966739,-0.82981765,0
0.96777606,-0.1696856,3.323328,0.9587658,-0.22079492,0.17893502,0
2.3402162,5.3754659,0.47868443,0.095600963,0.84349006,0.52856886,0
1.5436951,0.94565523,1.5320044,0.9587658,-0.22079492,0.17893502,0
-0.08820796,5.2098718,-0.96957064,-0.9587658,0.22079492,-0.17893502,0
-0.15178108,-6.3582206,0.87197256,0.9587658,-0.22079492,0.17893502,0
-0.36709356,-5.1487174,-1.0953896,-0.095600963,-0.84349006,-0.52856886,0
-1.8226175,-1.7744278,4.308948,-0.26763523,-0.48966739,0.82981765,0
-0.87704468,-5.9451342,0.28775263,-0.095600963,-0.84349006,-0.52856886,0
-1.2765003,1.6258557,-0.041998923,-0.9587658,0.22079492,-0.17893502,0
0.73737574,-4.0232973,-3.1368876,-0.095600963,-0.84349006,-0.52856886,0
-0.82792139,0.93258893,-3.2203367,-0.9587658,0.22079492,-0.17893502,0
-2.7431507,-5.8014946,0.13034868,-0.095600963,-0.84349006,-0.52856886,0
-1.0682187,-5.164156,-1.190124,-0.095600963,-0.84349006,-0.52856886,0
-1.2150753,2.2483039,0.76433653,-0.9587658,0.22079492,-0.17893502,0
-1.3041315,-3.3379583,-3.7419431,-0.095600963,-0.84349006,-0.52856886,0
1.9413091,-0.8868916,-3.0649073,0.9587658,-0.22079492,0.17893502,0
-1.5103877,-1.1839479,-1.9247878,-0.9587658,0.22079492,-0.17893502,0
2.4164751,1.873809,-2.1004882,0.9587658,-0.22079492,0.17893502,0
-2.596113,-4.1504049,2.7454295,-0.26763523,-0.48966739,0.82981765,0
1.1925955,3.4449506,3.8156769,0.095600963,0.84349006,0.52856886,0
0.94280672,-3.6666055,-0.90385598,0.9587658,-0.22079492,0.17893502,0
0.206563,-3.8906553,-3.2680757,-0.095600963,-0.84349006,-0.52856886,0
-1.297631,-1.6810839,-3.4088612,-0.9587658,0.22079492,-0.17893502,0
1.3480492,-3.0520797,-4.6499705,-0.095600963,-0.84349006,-0.52856886,0
-1.1392474,1.2847756,6.3339729,-0.26763523,-0.48966739,0.82981765,0
0.52727795,-0.50847125,-6.2602959,0.26763523,0.48966739,-0.82981765,0
-2.4430122,-4.9686074,-1.0651152,-0.095600963,-0.84349006,-0.52856886,0
-0.73169541,3.8222988,-0.058889866,-0.9587658,0.22079492,-0.17893502,0
0.20062184,-5.3542194,0.18329382,0.9587658,-0.22079492,0.17893502,0
1.8956313,0.78910911,-0.60336685,0.9587658,-0.22079492,0.17893502,0
-0.824543,-1.017791,-5.6264706,-0.9587658,0.22079492,-0.17893502,0
-0.32641959,0.76897025,-5.2902908,-0.9587658,0.22079492,-0.17893502,0
0.81409788,-0.30485106,-5.9115667,0.26763523,0.48966739,-0.82981765,0
-2.0794518,-1.3706329,0.77615976,-0.9587658,0.22079492,-0.17893502,0
-0.70287305,2.6909664,-1.3518698,-0.9587658,0.22079492,-0.17893502,0
0.52856636,-2.040555,-6.4616427,-0.095600963,-0.84349006,-0.52856886,0
-0.88126183,4.5724473,2.1757689,0.095600963,0.84349006,0.52856886,0
0.037135601,4.2437077,2.5377803,0.095600963,0.84349006,0.52856886,0
1.786988,0.64542663,-4.95613,0.26763523,0.48966739,-0.82981765,0
0.78652811,-3.6710911,-0.76371896,0.9587658,-0.22079492,0.17893502,0
-0.66909838,4.6407175,2.1438556,0.095600963,0.84349006,0.52856886,0
0.50346112,5.761457,0.020804405,0.095600963,0.84349006,0.52856886,0
1.2896352,-1.1581987,-6.2908268,0.26763523,0.48966739,-0.82981765,0
2.6796975,6.1111932,-1.5914278,0.26763523,0.48966739,-0.82981765,0
-1.2006394,-2.1780465,4.3886023,-0.26763523,-0.48966739,0.82981765,0
-0.6796422,3.0271907,4.5913515,0.095600963,0.84349006,0.52856886,0
0.18573451,1.3800915,-5.1474915,0.26763523,0.48966739,-0.82981765,0
0.39810801,-4.9530277,-1.6590366,-0.095600963,-0.84349006,-0.52856886,0
0.33420253,-5.0767636,-0.18917847,0.9587658,-0.22079492,0.17893502,0
1.4599352,3.1735334,4.1696067,0.095600963,0.84349006,0.52856886,0
-0.10637379,-5.4622812,1.882225,0.9587658,-0.22079492,0.17893502,0
-0.053828001,2.2872236,-4.7057314,0.26763523,0.48966739,-0.82981765,0
2.0338511,2.1062772,-0.36128259,0.9587658,-0.22079492,0.17893502,0
-0.98733568,-2.0922835,-5.3708129,-0.9587658,0.22079492,-0.17893502,0
1.339375,-3.0521717,-4.8549347,-0.095600963,-0.84349006,-0.52856886,0
-2.1238337,0.50479585,3.8535645,-0.9587658,0.22079492,-0.17893502,0
-0.17400694,-4.3530345,-2.4317398,-0.095600963,-0.84349006,-0.52856886,0
-0.66553164,-0.012105942,-4.9538221,-0.9587658,0.22079492,-0.17893502,0
0.62658548,5.7012596,0.32991552,0.095600963,0.84349006,0.52856886,0
-0.018796921,-0.24478769,5.8375726,-0.26763523,-0.48966739,0.82981765,0
0.94109201,6.5389957,-1.0541582,0.095600963,0.84349006,0.52856886,0
-1.3154287,0.72146237,5.9167309,-0.26763523,-0.48966739,0.82981765,0
2.1990399,1.4240496,-1.112993,0.9587658,-0.22079492,0.17893502,0
-1.8424897,-6.6350584,1.394218,-0.095600963,-0.84349006,-0.52856886,0
1.8636775,-0.61357892,-5.8988509,0.26763523,0.48966739,-0.82981765,0
0.18304729,5.3621831,0.91429901,0.095600963,0.84349006,0.52856886,0
0.34270382,-3.9170778,-3.1687934,-0.095600963,-0.84349006,-0.52856886,0
-1.0591259,0.14160943,5.7568889,-0.26763523,-0.48966739,0.82981765,0
-1.0155132,-6.5382891,1.2541194,-0.095600963,-0.84349006,-0.52856886,0
1.8136476,-0.25978571,-1.514763,0.9587658,-0.22079492,0.17893502,0
-1.2762675,2.8224046,5.3390965,0.095600963,0.84349006,0.52856886,0
1.2258778,-2.9201956,-1.2748648,0.9587658,-0.22079492,0.17893502,0
-1.3368974,-0.089441895,5.4352198,-0.26763523,-0.48966739,0.82981765,0
0.65093923,-0.93473887,3.594296,0.9587658,-0.22079492,0.17893502,0
-2.2230268,-5.558074,2.1344891,-0.26763523,-0.48966739,0.82981765,0
-0.030981064,0.91055012,-5.3961263,0.26763523,0.48966739,-0.82981765,0
2.6396048,2.8747907,-2.2079039,0.9587658,-0.22079492,0.17893502,0
-2.5778189,-3.2231638,1.4820652,-0.9587658,0.22079492,-0.17893502,0
0.27150488,5.2825212,1.0736911,0.095600963,0.84349006,0.52856886,0
0.91260719,0.23215795,4.250596,0.9587658,-0.22079492,0.17893502,0
0.32826567,2.4780722,5.263659,0.095600963,0.84349006,0.52856886,0
0.14630318,-5.1217499,-1.4806416,-0.095600963,-0.84349006,-0.52856886,0
-0.14544535,4.8885136,1.8646708,0.095600963,0.84349006,0.52856886,0
-2.6665285,-6.2718105,1.3618283,-0.26763523,-0.48966739,0.82981765,0
-0.53761816,-3.3612735,3.9262791,-0.26763523,-0.48966739,0.82981765,0
-1.134635,-3.9590144,-2.8190939,-0.095600963,-0.84349006,-0.52856886,0
-0.85724354,3.4134727,4.1409645,0.095600963,0.84349006,0.52856886,0
-1.1970057,-4.9644108,-1.1403635,-0.095600963,-0.84349006,-0.52856886,0
-2.5934031,-5.4774265,-0.40606546,-0.095600963,-0.84349006,-0.52856886,0
0.31186152,-0.42505646,5.8442984,-0.26763523,-0.48966739,0.82981765,0
-1.2304788,-4.4383554,3.1155124,-0.26763523,-0.48966739,0.82981765,0
2.4529173,5.6047106,0.17874241,0.095600963,0.84349006,0.52856886,0
-2.0159419,1.7932304,5.042182,-0.9587658,0.22079492,-0.17893502,0
1.7237811,4.6814938,1.6687559,0.095600963,0.84349006,0.52856886,0
-0.20278239,5.9011335,-0.091491699,0.095600963,0.84349006,0.52856886,0
-0.30728936,-0.85557163,5.508152,-0.26763523,-0.48966739,0.82981765,0
-2.5157964,-5.0921283,-0.86244202,-0.9587658,0.22079492,-0.17893502,0
-0.3921454,-6.8896179,1.9143114,-0.26763523,-0.48966739,0.82981765,0
-0.61313629,-4.8828821,-1.674353,-0.095600963,-0.84349006,-0.52856886,0
-1.8888013,-2.8286133,-2.1175368,-0.9587658,0.22079492,-0.17893502,0
-1.9421908,-1.5266669,4.4185414,-0.26763523,-0.48966739,0.82981765,0
1.8732789,5.6603942,0.16323566,0.095600963,0.84349006,0.52856886,0
2.6198134,2.1523359,-3.8143477,0.26763523,0.48966739,-0.82981765,0
1.7145424,2.7357121,2.0701387,0.9587658,-0.22079492,0.17893502,0
-0.65011477,-1.1195066,5.2417426,-0.26763523,-0.48966739,0.82981765,0
2.0025632,2.8939614,1.7045887,0.9587658,-0.22079492,0.17893502,0
-0.15882778,0.48465371,6.2926149,-0.26763523,-0.48966739,0.82981765,0
-0.66614294,0.88095593,-4.1768122,-0.9587658,0.22079492,-0.17893502,0
2.3292375,6.4220285,-1.1556358,0.095600963,0.84349006,0.52856886,0
-0.96642613,-5.4988265,-0.36187172,-0.095600963,-0.84349006,-0.52856886,0
-0.49319363,1.8310359,-3.5630033,-0.9587658,0.22079492,-0.17893502,0
0.04850769,-2.3578265,4.6539898,-0.26763523,-0.48966739,0.82981765,0
0.059267044,-5.2083673,1.5138035,0.9587658,-0.22079492,0.17893502,0
1.0210629,-0.74873888,1.6362282,0.9587658,-0.22079492,0.17893502,0
1.2417958,6.4104137,-0.8295393,0.095600963,0.84349006,0.52856886,0
-0.39429116,5.4880743,0.72215962,0.095600963,0.84349006,0.52856886,0
2.1272132,1.2113948,-1.3446739,0.9587658,-0.22079492,0.17893502,0
-0.22547722,-3.0051746,-4.523797,-0.095600963,-0.84349006,-0.52856886,0
-0.24324274,-2.6514921,-5.2319431,-0.095600963,-0.84349006,-0.52856886,0
-1.0197568,-5.5056195,-0.31082249,-0.095600963,-0.84349006,-0.52856886,0
0.30390614,4.6006689,-3.2544756,0.26763523,0.48966739,-0.82981765,0
-2.36443,-1.4065174,2.9978027,-0.9587658,0.22079492,-0.17893502,0
0.19068098,1.9376292,6.3394136,0.095600963,0.84349006,0.52856886,0
-1.6691353,-1.6109035,-1.2501372,-0.9587658,0.22079492,-0.17893502,0
-0.25546408,-4.1227503,-2.8138034,-0.095600963,-0.84349006,-0.52856886,0
-2.1414511,-2.0668805,0.45575452,-0.9587658,0.22079492,-0.17893502,0
1.7022141,-1.4293511,-2.6713772,0.9587658,-0.22079492,0.17893502,0
-2.7658808,-1.3618761,4.3433809,-0.26763523,-0.48966739,0.82981765,0
-2.5285654,-3.2055879,1.4024391,-0.9587658,0.22079492,-0.17893502,0
-2.779428,-2.5968022,3.6148572,-0.26763523,-0.48966739,0.82981765,0
2.5683126,3.1120238,-3.4030027,0.26763523,0.48966739,-0.82981765,0
-1.3474809,-3.8103623,3.4433174,-0.26763523,-0.48966739,0.82981765,0
1.5345109,1.4377786,1.4856169,0.9587658,-0.22079492,0.17893502,0
-2.2961519,-0.10482035,4.0952387,-0.9587658,0.22079492,-0.17893502,0
2.9447544,4.3197451,-2.3623681,0.9587658,-0.22079492,0.17893502,0
-0.75044775,-1.1736767,5.2014737,-0.26763523,-0.48966739,0.82981765,0
-1.6275101,-0.77448022,5.0624967,-0.26763523,-0.48966739,0.82981765,0
1.850484,-0.97467387,-2.4759398,0.9587658,-0.22079492,0.17893502,0
1.2581677,-2.2639284,-6.0019093,-0.095600963,-0.84349006,-0.52856886,0
1.3830462,1.957799,3.0685883,0.9587658,-0.22079492,0.17893502,0
-0.60672045,4.5089922,2.5451436,0.095600963,0.84349006,0.52856886,0
-1.6676378,2.0167105,6.4386883,0.095600963,0.84349006,0.52856886,0
-2.1795075,-1.7142489,4.4092631,-0.26763523,-0.48966739,0.82981765,0
-1.0047112,-2.2037094,4.3152103,-0.26763523,-0.48966739,0.82981765,0
-1.751488,-6.6688657,1.3189192,-0.095600963,-0.84349006,-0.52856886,0
-2.2017102,-5.7422876,1.894732,-0.26763523,-0.48966739,0.82981765,0
0.68419743,-4.6847472,-2.0518899,-0.095600963,-0.84349006,-0.52856886,0
-2.3024368,2.0178871,6.540597,-0.26763523,-0.48966739,0.82981765,0
1.1422043,5.06181,1.0666473,0.095600963,0.84349006,0.52856886,0
1.8979676,6.4599419,-1.2508969,0.095600963,0.84349006,0.52856886,0
-2.5197964,-2.0820231,2.91717,-0.9587658,0.22079492,-0.17893502,0
-0.1838007,-2.5923183,4.3402629,-0.26763523,-0.48966739,0.82981765,0
2.0191891,6.1191521,-0.74258566,0.095600963,0.84349006,0.52856886,0
0.016822338,-5.82446,-0.20669365,-0.095600963,-0.84349006,-0.52856886,0
1.6764803,0.11952221,-0.049837947,0.9587658,-0.22079492,0.17893502,0
1.1589301,1.750855,-4.6656656,0.26763523,0.48966739,-0.82981765,0
-2.2064083,-0.38837856,2.8665559,-0.9587658,0.22079492,-0.17893502,0
1.1941183,0.73779011,2.339263,0.9587658,-0.22079492,0.17893502,0
2.1498632,-1.2056096,-6.1477337,0.26763523,0.48966739,-0.82981765,0
-0.96483374,-4.6336412,-2.073885,-0.095600963,-0.84349006,-0.52856886,0
-1.4583602,2.7683613,5.3130736,0.095600963,0.84349006,0.52856886,0
-2.1483557,-1.7840509,1.4047251,-0.9587658,0.22079492,-0.17893502,0
-1.3970084,-6.1768866,0.53811646,-0.095600963,-0.84349006,-0.52856886,0
-0.076081991,-5.4762125,2.4031734,0.9587658,-0.22079492,0.17893502,0
-0.35892677,-3.5405197,3.759295,-0.26763523,-0.48966739,0.82981765,0
-1.0474249,0.4775852,-1.6533091,-0.9587658,0.22079492,-0.17893502,0
-0.8783989,0.093143463,5.7947536,-0.26763523,-0.48966739,0.82981765,0
-0.48643589,-1.3967683,-7.0499458,0.26763523,0.48966739,-0.82981765,0
-1.516318,-0.50314403,-0.9169389,-0.9587658,0.22079492,-0.17893502,0
-1.9239359,0.21760523,2.0160921,-0.9587658,0.22079492,-0.17893502,0
-1.6214693,0.097577929,0.46092045,-0.9587658,0.22079492,-0.17893502,0
-1.5495276,-0.48865122,5.3029699,-0.26763523,-0.48966739,0.82981765,0
-1.8093204,1.6397654,3.7221878,-0.9587658,0.22079492,-0.17893502,0
-1.4017909,-0.2723459,5.4989786,-0.26763523,-0.48966739,0.82981765,0
1.7630043,4.1241131,2.7253697,0.095600963,0.84349006,0.52856886,0
-1.7824726,-1.4733136,4.6663394,-0.26763523,-0.48966739,0.82981765,0
-0.82061148,-4.5296149,-2.0709133,-0.095600963,-0.84349006,-0.52856886,0
-0.89004946,-1.9552572,-6.333262,-0.095600963,-0.84349006,-0.52856886,0
0.95596349,-1.1603948,1.7190989,0.9587658,-0.22079492,0.17893502,0
0.73500794,3.7345576,-3.6108055,0.26763523,0.48966739,-0.82981765,0
2.8466589,3.2750936,-3.1934166,0.26763523,0.48966739,-0.82981765,0
-1.4548488,-5.9148002,0.19721508,-0.095600963,-0.84349006,-0.52856886,0
-1.9809358,-5.6134028,-0.05815649,-0.095600963,-0.84349006,-0.52856886,0
1.1276836,2.1826615,-4.2979212,0.26763523,0.48966739,-0.82981765,0
-1.5012317,-0.88860691,-1.8579175,-0.9587658,0.22079492,-0.17893502,0
-1.5302492,1.7251769,2.1694562,-0.9587658,0.22079492,-0.17893502,0
0.9957881,4.9893584,1.3236673,0.095600963,0.84349006,0.52856886,0
1.5930128,2.4857645,-3.9281664,0.26763523,0.48966739,-0.82981765,0
1.5516286,5.9204693,-2.0521374,0.26763523,0.48966739,-0.82981765,0
2.3546019,5.4244328,-1.9829001,0.26763523,0.48966739,-0.82981765,0
-2.1924796,-4.3307648,-2.2099581,-0.095600963,-0.84349006,-0.52856886,0
-0.08621645,1.0276749,6.647718,-0.26763523,-0.48966739,0.82981765,0
-0.30597878,4.0800896,-1.2476273,-0.9587658,0.22079492,-0.17893502,0
1.3697257,6.4957571,-1.7256594,0.26763523,0.48966739,-0.82981765,0
1.6858971,1.419564,1.0030571,0.9587658,-0.22079492,0.17893502,0
-0.78896427,-2.5833001,-5.187593,-0.095600963,-0.84349006,-0.52856886,0
0.32427311,-3.933394,-3.200912,-0.095600963,-0.84349006,-0.52856886,0
-2.0544,-2.8735838,-0.67973518,-0.9587658,0.22079492,-0.17893502,0
-0.4685297,4.2906413,2.6257334,0.095600963,0.84349006,0.52856886,0
-0.68923187,-4.8569531,-1.6262501,-0.095600963,-0.84349006,-0.52856886,0
0.43895531,-2.5852594,-5.2916794,-0.095600963,-0.84349006,-0.52856886,0
-1.3788385,0.80022907,6.0920486,-0.26763523,-0.48966739,0.82981765,0
2.5856767,4.4093995,-2.5701842,0.26763523,0.48966739,-0.82981765,0
-1.1692901,2.8877332,4.9765263,0.095600963,0.84349006,0.52856886,0
-1.3345566,-2.913837,3.781487,-0.26763523,-0.48966739,0.82981765,0
1.6425596,1.6465975,-4.4719954,0.26763523,0.48966739,-0.82981765,0
-1.6623236,0.26580715,0.57680297,-0.9587658,0.22079492,-0.17893502,0
0.79089928,0.85366082,4.6782517,0.9587658,-0.22079492,0.17893502,0
0.80682278,-3.3811495,-4.0331712,-0.095600963,-0.84349006,-0.52856886,0
-2.3067164,-4.1617188,2.7246737,-0.26763523,-0.48966739,0.82981765,0
0.79248333,-4.6385636,-2.3210421,-0.095600963,-0.84349006,-0.52856886,0
-1.6222222,-0.32277048,5.3253274,-0.26763523,-0.48966739,0.82981765,0
1.7183189,0.53664875,-0.57977581,0.9587658,-0.22079492,0.17893502,0
0.28701496,1.0266826,-5.3805308,0.26763523,0.48966739,-0.82981765,0
-1.4671645,-5.0349245,2.6194873,-0.26763523,-0.48966739,0.82981765,0
-1.9529266,-4.7112899,-1.6061316,-0.095600963,-0.84349006,-0.52856886,0
-1.0297227,-3.635622,-3.4671407,-0.095600963,-0.84349006,-0.52856886,0
0.51011086,-3.7228947,1.2143099,0.9587658,-0.22079492,0.17893502,0
-2.5286307,-5.5220075,1.9401221,-0.26763523,-0.48966739,0.82981765,0
1.7614318,2.5207033,-4.0285606,0.26763523,0.48966739,-0.82981765,0
0.26112223,4.7705655,1.6894553,0.095600963,0.84349006,0.52856886,0
-2.1571922,2.1810567,5.8536067,-0.9587658,0.22079492,-0.17893502,0
2.423562,2.6455264,-3.6741204,0.26763523,0.48966739,-0.82981765,0
1.4533296,1.9803391,3.5381162,0.9587658,-0.22079492,0.17893502,0
-2.8250895,-3.832561,2.8381367,-0.26763523,-0.48966739,0.82981765,0
1.0955911,0.59575248,3.7812185,0.9587658,-0.22079492,0.17893502,0
-1.0678692,0.69583881,6.2089128,-0.26763523,-0.48966739,0.82981765,0
1.5896162,4.3722606,-2.9211674,0.26763523,0.48966739,-0.82981765,0
-1.7970009,-4.6197753,2.6870832,-0.26763523,-0.48966739,0.82981765,0
-0.043802738,3.3264568,4.0204372,0.095600963,0.84349006,0.52856886,0
-0.73263884,-1.1560887,5.1344876,-0.26763523,-0.48966739,0.82981765,0
-0.028138161,-4.2855844,-2.6726699,-0.095600963,-0.84349006,-0.52856886,0
1.9724815,3.1938663,1.3834256,0.9587658,-0.22079492,0.17893502,0
1.4212523,-1.6724607,-6.6023836,0.26763523,0.48966739,-0.82981765,0
-1.9865713,-0.12296748,2.3571801,-0.9587658,0.22079492,-0.17893502,0
0.31629705,5.0743551,1.2589424,0.095600963,0.84349006,0.52856886,0
-2.2155042,-1.4030504,2.1163392,-0.9587658,0.22079492,-0.17893502,0
-0.45925808,-1.9604032,-6.2257271,-0.095600963,-0.84349006,-0.52856886,0
-2.0562108,-2.6180675,3.890348,-0.26763523,-0.48966739,0.82981765,0
0.8154211,4.8266187,1.6997693,0.095600963,0.84349006,0.52856886,0
1.366353,-2.9051504,-2.5130987,0.9587658,-0.22079492,0.17893502,0
0.58638287,4.2436991,2.6731417,0.095600963,0.84349006,0.52856886,0
-0.49597692,4.4743319,2.2507362,0.095600963,0.84349006,0.52856886,0
0.34253812,-0.94727397,5.2516508,0.9587658,-0.22079492,0.17893502,0
-1.6895347,-5.4869471,-0.27696657,-0.095600963,-0.84349006,-0.52856886,0
-1.8972533,-2.0943174,4.2555647,-0.26763523,-0.48966739,0.82981765,0
0.70210481,0.46146882,-5.5732031,0.26763523,0.48966739,-0.82981765,0
1.9303279,4.2813511,2.3437078,0.095600963,0.84349006,0.52856886,0
-0.56433105,-3.5327864,3.6907468,-0.26763523,-0.48966739,0.82981765,0
-0.9157939,-4.6851683,-1.9131435,-0.095600963,-0.84349006,-0.52856886,0
-1.003489,-0.83512425,-3.9893103,-0.9587658,0.22079492,-0.17893502,0
-0.028481007,-5.8781638,0.075230598,-0.095600963,-0.84349006,-0.52856886,0
-0.16320133,1.3490026,6.8411064,-0.26763523,-0.48966739,0.82981765,0
2.676892,3.9800625,-0.49064684,0.9587658,-0.22079492,0.17893502,0
-0.86916333,-3.0607722,4.047061,-0.26763523,-0.48966739,0.82981765,0
0.39303041,6.1048503,-0.40912199,0.095600963,0.84349006,0.52856886,0
-0.94762897,-4.6393523,-1.8133049,-0.095600963,-0.84349006,-0.52856886,0
0.8594743,2.7738945,-3.991343,0.26763523,0.48966739,-0.82981765,0
0.97348404,1.788914,5.4412622,0.9587658,-0.22079492,0.17893502,0
-0.93587542,0.30489767,-2.6573949,-0.9587658,0.22079492,-0.17893502,0
-2.1564593,1.2481894,6.1810741,-0.26763523,-0.48966739,0.82981765,0
-1.4760718,-2.0855584,-2.6467152,-0.9587658,0.22079492,-0.17893502,0
1.8346077,-0.83982873,-2.4459772,0.9587658,-0.22079492,0.17893502,0
-1.1722393,0.95867366,-0.63512313,-0.9587658,0.22079492,-0.17893502,0
0.62530565,-0.12406087,-5.977531,0.26763523,0.48966739,-0.82981765,0
1.1773064,6.3313746,-0.94626474,0.095600963,0.84349006,0.52856886,0
-1.2064265,-2.7602162,3.9790864,-0.26763523,-0.48966739,0.82981765,0
-1.6962497,2.463666,3.307219,-0.9587658,0.22079492,-0.17893502,0
-0.6826545,-3.8804388,3.5242443,-0.26763523,-0.48966739,0.82981765,0
0.7181015,-2.7304442,1.1836529,0.9587658,-0.22079492,0.17893502,0
2.0221369,1.7048142,0.14478421,0.9587658,-0.22079492,0.17893502,0
-0.074934483,4.9042215,1.4817346,0.095600963,0.84349006,0.52856886,0
2.0303459,-1.1620779,-3.43138,0.9587658,-0.22079492,0.17893502,0
-2.2339561,-3.8326778,-0.91520047,-0.9587658,0.22079492,-0.17893502,0
1.3167483,-1.9548047,-1.4057273,0.9587658,-0.22079492,0.17893502,0
0.92349684,-2.4612741,0.4004494,0.9587658,-0.22079492,0.17893502,0
-1.1442478,-6.5272913,1.8257799,-0.26763523,-0.48966739,0.82981765,0
-1.1980302,-5.8916836,0.23626757,-0.095600963,-0.84349006,-0.52856886,0
-0.64437819,-6.1381197,2.2190156,-0.26763523,-0.48966739,0.82981765,0
-0.13420796,-6.3457112,0.59716988,-0.095600963,-0.84349006,-0.52856886,0
2.0436606,3.0437908,1.3593749,0.9587658,-0.22079492,0.17893502,0
-1.0152044,2.0907464,6.173666,0.095600963,0.84349006,0.52856886,0
1.6762404,3.4047821,3.7496419,0.095600963,0.84349006,0.52856886,0
-1.4454105,-0.4766494,5.31498,-0.26763523,-0.48966739,0.82981765,0
1.487407,0.43263364,-5.4069786,0.26763523,0.48966739,-0.82981765,0
-2.1893597,0.32980844,3.8036726,-0.9587658,0.22079492,-0.17893502,0
-0.35903311,-6.5171914,0.83538342,-0.095600963,-0.84349006,-0.52856886,0
-1.2852781,0.44285941,5.7776132,-0.26763523,-0.48966739,0.82981765,0
-0.56925583,-6.0607276,0.27898645,-0.095600963,-0.84349006,-0.52856886,0
1.362546,3.8498914,3.1368177,0.095600963,0.84349006,0.52856886,0
-0.68366718,-3.8649955,3.4793067,-0.26763523,-0.48966739,0.82981765,0
-0.5794341,2.920378,-1.445081,-0.9587658,0.22079492,-0.17893502,0
-1.9819067,0.40444225,5.6415553,-0.26763523,-0.48966739,0.82981765,0
0.93181336,2.8102324,-4.1123171,0.26763523,0.48966739,-0.82981765,0
2.8459117,5.6114178,0.012179375,0.095600963,0.84349006,0.52856886,0
-0.027957916,1.5110779,-5.1191282,0.26763523,0.48966739,-0.82981765,0
1.1498277,6.6252699,-1.6345344,0.26763523,0.48966739,-0.82981765,0
-0.83926153,3.0722101,4.6982627,0.095600963,0.84349006,0.52856886,0
0.028383255,1.4075785,6.9211135,-0.26763523,-0.48966739,0.82981765,0
2.1608534,4.3389759,-2.7963476,0.26763523,0.48966739,-0.82981765,0
-1.7447369,2.572382,3.905364,-0.9587658,0.22079492,-0.17893502,0
1.6440048,3.1248093,3.9244685,0.9587658,-0.22079492,0.17893502,0
-2.2196763,-6.0123706,0.39854765,-0.095600963,-0.84349006,-0.52856886,0
2.8224907,4.2605033,-2.5576749,0.26763523,0.48966739,-0.82981765,0
0.58729601,-3.9728284,-3.161797,-0.095600963,-0.84349006,-0.52856886,0
-1.8675747,-4.4907842,-1.8440984,-0.095600963,-0.84349006,-0.52856886,0
0.31032228,2.0091152,6.03617,0.095600963,0.84349006,0.52856886,0
0.24418718,3.6089642,-3.7477112,0.26763523,0.48966739,-0.82981765,0
-0.65503597,4.2071743,2.8459253,0.095600963,0.84349006,0.52856886,0
1.1369066,1.070797,-5.136517,0.26763523,0.48966739,-0.82981765,0
0.15724993,6.2058887,-0.33750963,0.095600963,0.84349006,0.52856886,0
-1.5438528,-4.8592534,-1.3718069,-0.095600963,-0.84349006,-0.52856886,0
0.96943617,-4.5028353,-2.3442569,0.9587658,-0.22079492,0.17893502,0
-1.6735168,-3.3022187,-3.5320385,-0.9587658,0.22079492,-0.17893502,0
-0.35476184,3.1532216,-2.9951034,-0.9587658,0.22079492,-0.17893502,0
2.2021594,0.36388397,-3.2558198,0.9587658,-0.22079492,0.17893502,0
-1.4202542,1.8876412,6.7208543,-0.26763523,-0.48966739,0.82981765,0
-2.221215,-3.8064015,-1.0004251,-0.9587658,0.22079492,-0.17893502,0
-1.6603374,1.9086317,6.6557631,-0.26763523,-0.48966739,0.82981765,0
-0.10984468,-2.9388041,-4.7008691,-0.095600963,-0.84349006,-0.52856886,0
-0.46041012,2.9937696,4.9185648,0.095600963,0.84349006,0.52856886,0
-2.6516705,-1.1898085,4.5074687,-0.26763523,-0.48966739,0.82981765,0
0.85470676,2.6200769,5.1405988,0.095600963,0.84349006,0.52856886,0
-0.88231564,-3.6297941,-3.3426757,-0.095600963,-0.84349006,-0.52856886,0
1.8871107,2.4164085,-4.0879722,0.26763523,0.48966739,-0.82981765,0
-1.0630229,3.3226571,1.7205489,-0.9587658,0.22079492,-0.17893502,0
-1.8038573,0.70357347,2.5961089,-0.9587658,0.22079492,-0.17893502,0
0.17955542,2.123826,6.0483985,0.095600963,0.84349006,0.52856886,0
-0.5030694,-1.8206804,-6.5040832,-0.095600963,-0.84349006,-0.52856886,0
-1.1212449,-1.7735115,4.6611104,-0.26763523,-0.48966739,0.82981765,0
1.7284452,4.0476346,-3.1210766,0.26763523,0.48966739,-0.82981765,0
1.7639856,-2.0418279,-6.3808384,-0.095600963,-0.84349006,-0.52856886,0
1.986725,3.6683776,-3.3390818,0.26763523,0.48966739,-0.82981765,0
-0.24453163,-0.2420373,-6.3563123,0.26763523,0.48966739,-0.82981765,0
-2.0277476,-2.6995311,-0.72022104,-0.9587658,0.22079492,-0.17893502,0
0.22762346,-5.0112648,0.55229163,0.9587658,-0.22079492,0.17893502,0
0.143332,5.3024282,1.1078522,0.095600963,0.84349006,0.52856886,0
0.04823494,-6.255868,0.73611021,0.9587658,-0.22079492,0.17893502,0
0.92872071,5.8189659,0.014945507,0.095600963,0.84349006,0.52856886,0
2.7904005,4.6578312,-2.3646421,0.26763523,0.48966739,-0.82981765,0
-1.2605057,3.6354196,3.7245176,0.095600963,0.84349006,0.52856886,0
-0.26930141,2.0062044,-4.7244425,-0.9587658,0.22079492,-0.17893502,0
1.896461,-2.6296151,-5.023138,0.9587658,-0.22079492,0.17893502,0
2.2288556,4.6313586,1.5801809,0.095600963,0.84349006,0.52856886,0
-2.591857,-5.8506684,1.6891999,-0.26763523,-0.48966739,0.82981765,0
1.8935359,0.78619266,-0.64701724,0.9587658,-0.22079492,0.17893502,0
0.50537395,0.37132788,-5.6219454,0.26763523,0.48966739,-0.82981765,0
-1.145308,-4.0011535,3.2055674,-0.26763523,-0.48966739,0.82981765,0
-2.510051,-2.6075389,3.697969,-0.26763523,-0.48966739,0.82981765,0
1.2448509,0.65621877,2.6814101,0.9587658,-0.22079492,0.17893502,0
-1.7928886,-5.540266,2.0828953,-0.26763523,-0.48966739,0.82981765,0
-1.399385,-1.7140527,-3.4392037,-0.9587658,0.22079492,-0.17893502,0
1.9701686,-0.43790323,-5.723031,0.26763523,0.48966739,-0.82981765,0
1.7654214,3.1536765,-3.6272488,0.26763523,0.48966739,-0.82981765,0
-3.024282,-5.8746295,1.6375508,-0.26763523,-0.48966739,0.82981765,0
-0.86772585,-6.0459681,0.19980049,-0.095600963,-0.84349006,-0.52856886,0
0.23723173,5.5689158,0.5510807,0.095600963,0.84349006,0.52856886,0
0.40921783,-4.7396994,-1.8251414,-0.095600963,-0.84349006,-0.52856886,0
1.4764456,2.8453512,-3.8266377,0.26763523,0.48966739,-0.82981765,0
-1.2579374,3.1936281,4.4631743,0.095600963,0.84349006,0.52856886,0
1.0816267,-1.1974294,1.2025623,0.9587658,-0.22079492,0.17893502,0
1.1359049,5.0404778,-2.6599836,0.26763523,0.48966739,-0.82981765,0
-1.5641296,-0.44224203,-0.77266777,-0.9587658,0.22079492,-0.17893502,0
-0.10795021,-2.6066551,-5.2516208,-0.095600963,-0.84349006,-0.52856886,0
-0.061542511,5.3372946,1.1407137,0.095600963,0.84349006,0.52856886,0
-1.9765604,-2.7074394,-0.63108492,-0.9587658,0.22079492,-0.17893502,0
3.0479674,4.2787652,-2.2433715,0.9587658,-0.22079492,0.17893502,0
2.0621395,1.0303999,-4.8487487,0.26763523,0.48966739,-0.82981765,0
-1.3738304,-0.44566846,-1.0350136,-0.9587658,0.22079492,-0.17893502,0
-1.8621254,-5.072082,-0.99582291,-0.095600963,-0.84349006,-0.52856886,0
-1.0655594,-1.2241044,-3.8795609,-0.9587658,0.22079492,-0.17893502,0
1.7722456,6.6506176,-1.4201312,0.095600963,0.84349006,0.52856886,0
-0.63905954,-2.7008572,-4.9095654,-0.095600963,-0.84349006,-0.52856886,0
-0.19659519,-1.6965182,-6.7544928,-0.095600963,-0.84349006,-0.52856886,0
-0.92886043,1.0480857,-2.6459632,-0.9587658,0.22079492,-0.17893502,0
2.0253308,4.6357627,-2.6506853,0.26763523,0.48966739,-0.82981765,0
0.54929018,-0.0054619312,5.3616533,0.9587658,-0.22079492,0.17893502,0
1.8301644,2.0438011,-4.335506,0.26763523,0.48966739,-0.82981765,0
-0.56343603,-2.8302155,-5.0215411,-0.095600963,-0.84349006,-0.52856886,0
-0.2837801,-2.0924358,4.7926874,-0.26763523,-0.48966739,0.82981765,0
-1.5273504,3.6782184,3.7868054,-0.9587658,0.22079492,-0.17893502,0
-0.62955093,3.8163333,3.6056626,0.095600963,0.84349006,0.52856886,0
-1.3877213,0.85174668,0.58699799,-0.9587658,0.22079492,-0.17893502,0
-2.1599598,1.3044196,6.1397562,-0.26763523,-0.48966739,0.82981765,0
2.4940367,5.1484475,0.82421875,0.095600963,0.84349006,0.52856886,0
-1.7478251,-6.2406125,1.7820373,-0.26763523,-0.48966739,0.82981765,0
-2.2286148,-1.6485274,1.216825,-0.9587658,0.22079492,-0.17893502,0
-0.48144495,-2.4764881,4.463172,-0.26763523,-0.48966739,0.82981765,0
1.1789126,-0.52266276,1.824499,0.9587658,-0.22079492,0.17893502,0
0.43464375,3.7380381,3.2393794,0.095600963,0.84349006,0.52856886,0
-0.0017955303,-1.6558204,5.0264816,-0.26763523,-0.48966739,0.82981765,0
0.38259697,2.5303047,5.2801232,0.095600963,0.84349006,0.52856886,0
1.1050148,-1.1515729,-6.4482813,0.26763523,0.48966739,-0.82981765,0
-1.9821038,-1.4868309,0.38704395,-0.9587658,0.22079492,-0.17893502,0
2.2765226,-0.20989421,-4.2927799,0.9587658,-0.22079492,0.17893502,0
2.8788681,5.1001272,-2.0461631,0.26763523,0.48966739,-0.82981765,0
-0.36601591,-3.8378053,-3.1518154,-0.095600963,-0.84349006,-0.52856886,0
-2.0801938,-5.9630165,0.39988995,-0.095600963,-0.84349006,-0.52856886,0
0.70397997,3.7762194,3.1765428,0.095600963,0.84349006,0.52856886,0
-0.88474965,2.090873,-1.1292779,-0.9587658,0.22079492,-0.17893502,0
-1.710754,-5.54706,2.1702719,-0.26763523,-0.48966739,0.82981765,0
-0.19409752,-1.0498409,5.3681574,-0.26763523,-0.48966739,0.82981765,0
-2.5692627,-2.7517076,2.2942114,-0.9587658,0.22079492,-0.17893502,0
0.75730109,6.0949926,-0.40578365,0.095600963,0.84349006,0.52856886,0
-0.15626335,-0.54221797,-6.3901262,0.26763523,0.48966739,-0.82981765,0
1.5314155,2.5517347,3.7148204,0.9587658,-0.22079492,0.17893502,0
0.55825758,-2.0603309,-6.389658,-0.095600963,-0.84349006,-0.52856886,0
-2.8394871,-3.2004175,2.385046,-0.9587658,0.22079492,-0.17893502,0
3.1594477,6.1752982,-1.3851824,0.26763523,0.48966739,-0.82981765,0
-1.7879562,-3.9075429,-2.7491398,-0.095600963,-0.84349006,-0.52856886,0
-1.0370691,0.40995538,-2.4489517,-0.9587658,0.22079492,-0.17893502,0
-1.3960871,1.8449633,1.856473,-0.9587658,0.22079492,-0.17893502,0
