-1.2728391,3.3110385,-0.33526397,-0.83801359,0.3507452,0.41798472,0
-2.5141439,-3.5092139,1.6479383,0.23194653,-0.46439368,0.854716,0
-2.2219069,-1.3663723,1.5357424,-0.83801359,0.3507452,0.41798472,0
-1.8991627,-4.5626793,-1.3318405,-0.4938969,-0.81321371,-0.30781394,0
-1.531703,-4.7399664,-1.5565128,-0.4938969,-0.81321371,-0.30781394,0
0.31476927,-4.6564922,-0.01110363,0.83801359,-0.3507452,-0.41798472,0
0.89894056,-2.883436,-0.78746176,0.83801359,-0.3507452,-0.41798472,0
1.2593927,3.2915998,4.3623524,-0.83801359,0.3507452,0.41798472,0
0.15557003,5.4460626,0.5573678,-0.83801359,0.3507452,0.41798472,0
-2.848206,-3.0929966,-3.4557657,-0.4938969,-0.81321371,-0.30781394,0
-0.98800397,1.5253674,-1.8910034,-0.23194653,0.46439368,-0.854716,0
-0.045746326,-3.847105,0.89997554,0.23194653,-0.46439368,0.854716,0
-3.5932326,-1.340039,-1.508517,-0.83801359,0.3507452,0.41798472,0
1.2360477,4.8484769,1.5251684,0.4938969,0.81321371,0.30781394,0
2.8880212,0.38346338,0.57356846,0.83801359,-0.3507452,-0.41798472,0
3.0128632,3.2187474,2.8503215,0.4938969,0.81321371,0.30781394,0
-3.5037651,-2.1352196,-0.30900526,-0.83801359,0.3507452,0.41798472,0
-4.0720835,-1.9371073,-2.7901912,-0.23194653,0.46439368,-0.854716,0
-3.1091709,-3.2550435,-2.4453616,-0.4938969,-0.81321371,-0.30781394,0
-0.34941411,1.1549886,-2.2252405,-0.23194653,0.46439368,-0.854716,0
-4.0945678,-3.3609123,-1.0474782,-0.4938969,-0.81321371,-0.30781394,0
-1.1308513,1.5366228,1.0106834,-0.83801359,0.3507452,0.41798472,0
4.1325331,3.2094216,1.4314167,0.4938969,0.81321371,0.30781394,0
-3.5515378,-3.3598254,-1.5621512,-0.4938969,-0.81321371,-0.30781394,0
-2.8988335,-0.56814277,-2.45906,-0.23194653,0.46439368,-0.854716,0
3.5274229,4.0135174,-0.26883864,0.4938969,0.81321371,0.30781394,0
-2.6296799,-3.2000165,-3.5452924,-0.4938969,-0.81321371,-0.30781394,0
-3.6635385,-3.4675612,-1.1073143,-0.4938969,-0.81321371,-0.30781394,0
-3.6115,-4.3108721,0.96174741,-0.4938969,-0.81321371,-0.30781394,0
-0.074117571,1.5118217,3.4165611,-0.83801359,0.3507452,0.41798472,0
2.2113643,4.8167129,-0.35088968,0.4938969,0.81321371,0.30781394,0
-0.19838047,-4.5160856,-1.2319198,0.83801359,-0.3507452,-0.41798472,0
-0.2382493,-1.9530194,1.8246164,0.23194653,-0.46439368,0.854716,0
1.3061984,-1.7988657,1.651772,0.23194653,-0.46439368,0.854716,0
-0.82417917,-1.1512411,2.4089184,0.23194653,-0.46439368,0.854716,0
1.6833692,2.6872046,4.021348,0.23194653,-0.46439368,0.854716,0
1.7402411,-1.2414788,-0.46788275,0.83801359,-0.3507452,-0.41798472,0
-0.056292534,-5.067924,-0.83216619,0.83801359,-0.3507452,-0.41798472,0
1.5361799,-1.2556864,-0.57825488,0.83801359,-0.3507452,-0.41798472,0
-1.397604,-4.791739,-1.5191135,-0.4938969,-0.81321371,-0.30781394,0
0.63550234,-0.38097405,-3.1923134,-0.23194653,0.46439368,-0.854716,0
3.7159243,1.4150482,1.3511487,0.83801359,-0.3507452,-0.41798472,0
3.1296976,3.4776409,2.0390103,0.4938969,0.81321371,0.30781394,0
-0.56552005,-4.6973348,0.41575432,0.23194653,-0.46439368,0.854716,0
-3.4804695,-4.2811828,0.79826903,-0.4938969,-0.81321371,-0.30781394,0
0.40093833,1.0786736,3.2948539,0.23194653,-0.46439368,0.854716,0
-0.058572054,-0.42789745,-3.2319889,-0.23194653,0.46439368,-0.854716,0
-0.91893435,-5.466856,-0.18393612,-0.4938969,-0.81321371,-0.30781394,0
-1.8594542,0.89420438,0.33916312,-0.83801359,0.3507452,0.41798472,0
-3.1479788,-2.9738884,-3.3019276,-0.4938969,-0.81321371,-0.30781394,0
2.2310252,2.0988579,-1.901405,0.83801359,-0.3507452,-0.41798472,0
2.7889323,1.5346367,-0.49715328,0.83801359,-0.3507452,-0.41798472,0
3.0138249,1.5729349,-0.27259278,0.83801359,-0.3507452,-0.41798472,0
-0.44776201,-5.8207769,-0.19125175,0.23194653,-0.46439368,0.854716,0
-0.11099839,0.99102616,-2.4268856,-0.23194653,0.46439368,-0.854716,0
-3.7161791,-3.9537849,-0.031238556,-0.4938969,-0.81321371,-0.30781394,0
0.96266282,-0.15111113,2.4795454,0.23194653,-0.46439368,0.854716,0
-1.0328374,0.9091866,1.8783169,-0.83801359,0.3507452,0.41798472,0
-0.065759897,-1.0932689,2.2925663,0.23194653,-0.46439368,0.854716,0
-3.3916621,-1.0910721,-1.085068,-0.83801359,0.3507452,0.41798472,0
-1.7243502,-3.0349751,1.6731342,0.23194653,-0.46439368,0.854716,0
-3.2702537,-2.7041326,-3.5618043,-0.4938969,-0.81321371,-0.30781394,0
3.46141,2.7233915,3.3528306,0.4938969,0.81321371,0.30781394,0
1.2674752,1.5530415,-2.3679965,-0.23194653,0.46439368,-0.854716,0
2.5440745,3.4782786,3.2222476,0.4938969,0.81321371,0.30781394,0
-2.4865069,-3.8231807,1.4615283,0.23194653,-0.46439368,0.854716,0
1.8824077,3.2761285,-1.6148564,-0.23194653,0.46439368,-0.854716,0
4.1649985,2.5566049,2.7942536,0.4938969,0.81321371,0.30781394,0
-1.7406558,-1.3506761,2.3321991,-0.83801359,0.3507452,0.41798472,0
-2.8703249,0.80101383,-1.648237,-0.83801359,0.3507452,0.41798472,0
0.014520884,1.7101274,-1.9518263,-0.23194653,0.46439368,-0.854716,0
2.5895,4.9221926,-0.93118095,0.4938969,0.81321371,0.30781394,0
1.9248829,4.6010628,0.74565983,0.4938969,0.81321371,0.30781394,0
-4.0848784,-1.7670509,-2.6879282,-0.23194653,0.46439368,-0.854716,0
-0.33612645,2.7378998,1.9270208,-0.83801359,0.3507452,0.41798472,0
0.38622171,2.4987116,3.4305215,-0.83801359,0.3507452,0.41798472,0
-1.4971488,2.7375708,-1.0565733,-0.23194653,0.46439368,-0.854716,0
-2.0717707,-4.3522243,-1.6324208,-0.4938969,-0.81321371,-0.30781394,0
-3.1198945,-0.14070988,-2.163626,-0.23194653,0.46439368,-0.854716,0
-3.2927976,-2.2187991,-3.1200681,-0.23194653,0.46439368,-0.854716,0
-1.6345146,-3.3238287,1.4708097,0.23194653,-0.46439368,0.854716,0
3.4653351,1.266668,1.2637312,0.83801359,-0.3507452,-0.41798472,0
-1.152539,3.6134992,-0.70550132,-0.23194653,0.46439368,-0.854716,0
0.42428851,-2.767298,1.3531444,0.23194653,-0.46439368,0.854716,0
0.89195597,0.12862706,2.70151,0.23194653,-0.46439368,0.854716,0
-3.5107229,-3.2305026,0.31939244,-0.83801359,0.3507452,0.41798472,0
0.40756464,4.0200868,2.0659735,-0.83801359,0.3507452,0.41798472,0
-3.6434016,-2.5091829,-0.52929688,-0.83801359,0.3507452,0.41798472,0
-3.8751326,-1.7335148,-1.7085499,-0.83801359,0.3507452,0.41798472,0
2.571084,4.6683269,-0.48521519,0.4938969,0.81321371,0.30781394,0
0.24272618,1.7111814,3.7033868,-0.83801359,0.3507452,0.41798472,0
-4.0735641,-3.0171957,-1.4793124,-0.4938969,-0.81321371,-0.30781394,0
-0.85370207,-1.9118454,2.2128453,0.23194653,-0.46439368,0.854716,0
-1.8001029,-2.3500516,2.1220388,0.23194653,-0.46439368,0.854716,0
-3.1920435,-0.48893571,-1.4282041,-0.83801359,0.3507452,0.41798472,0
-1.1748252,1.4937744,1.3207521,-0.83801359,0.3507452,0.41798472,0
-2.2836182,-3.2816741,-3.9656751,-0.4938969,-0.81321371,-0.30781394,0
3.0276294,3.7266507,1.34517,0.4938969,0.81321371,0.30781394,0
-2.5135336,-1.6960125,1.3118101,-0.83801359,0.3507452,0.41798472,0
2.67377,3.138665,3.5870507,0.4938969,0.81321371,0.30781394,0
3.6986754,1.8407991,2.8530357,0.23194653,-0.46439368,0.854716,0
0.40262842,-4.5894709,-0.25884485,0.83801359,-0.3507452,-0.41798472,0
-2.6845682,-3.9705334,-1.21982,-0.4938969,-0.81321371,-0.30781394,0
2.6614153,-0.85599047,1.8239611,0.23194653,-0.46439368,0.854716,0
-0.45269394,3.4593551,-0.91115808,-0.23194653,0.46439368,-0.854716,0
0.75413418,3.2500391,3.332206,-0.83801359,0.3507452,0.41798472,0
-0.89869499,-4.8149958,-1.9539528,-0.4938969,-0.81321371,-0.30781394,0
-3.1146452,-3.8968556,-0.67961168,-0.4938969,-0.81321371,-0.30781394,0
3.5364547,1.9925271,0.65887332,0.83801359,-0.3507452,-0.41798472,0
-1.2970527,1.1458563,1.4020178,-0.83801359,0.3507452,0.41798472,0
2.1702719,5.0155077,-0.46417379,0.4938969,0.81321371,0.30781394,0
-3.1886311,-3.3242552,1.4078169,-0.83801359,0.3507452,0.41798472,0
1.6861129,1.4616289,-2.5825195,0.83801359,-0.3507452,-0.41798472,0
-1.6681255,-1.4839265,-3.388576,-0.23194653,0.46439368,-0.854716,0
-3.4897444,-0.87424898,-1.4997149,-0.83801359,0.3507452,0.41798472,0
-3.4034805,-2.8188565,-3.4519758,-0.4938969,-0.81321371,-0.30781394,0
-3.0719066,-4.4801202,0.36309242,-0.4938969,-0.81321371,-0.30781394,0
-3.2198696,-0.36622548,-1.3199474,-0.83801359,0.3507452,0.41798472,0
-0.094778061,-2.8320117,1.3765208,0.23194653,-0.46439368,0.854716,0
4.4321046,1.6470921,2.5062051,0.83801359,-0.3507452,-0.41798472,0
1.976059,-1.0535535,-0.12930119,0.83801359,-0.3507452,-0.41798472,0
1.2515984,2.8727536,-1.7067933,-0.23194653,0.46439368,-0.854716,0
0.82826352,4.7378902,2.3601682,0.4938969,0.81321371,0.30781394,0
-3.8114319,-2.3741553,-3.0686526,-0.23194653,0.46439368,-0.854716,0
0.29187942,2.0563219,-1.8414055,-0.23194653,0.46439368,-0.854716,0
-2.7276196,-0.90686959,-2.6377668,-0.23194653,0.46439368,-0.854716,0
3.5257072,3.6310062,0.92546415,0.4938969,0.81321371,0.30781394,0
3.4543803,2.0010595,3.0116286,0.23194653,-0.46439368,0.854716,0
0.16074145,-2.8057189,-2.0543616,0.83801359,-0.3507452,-0.41798472,0
-2.7997429,0.1309936,-1.1036717,-0.83801359,0.3507452,0.41798472,0
-1.4699272,-1.2884591,2.6786504,0.23194653,-0.46439368,0.854716,0
-3.9978721,-3.0977974,-1.9003811,-0.4938969,-0.81321371,-0.30781394,0
3.8538744,2.93297,2.3509347,0.4938969,0.81321371,0.30781394,0
2.3386207,4.730288,-1.0699298,-0.23194653,0.46439368,-0.854716,0
1.3357627,-1.4008553,1.7518296,0.23194653,-0.46439368,0.854716,0
0.69977474,-1.1319637,-2.6286201,0.83801359,-0.3507452,-0.41798472,0
0.63198733,-2.8616257,1.2127928,0.23194653,-0.46439368,0.854716,0
1.4762418,0.65175837,2.8774512,0.23194653,-0.46439368,0.854716,0
-0.25352573,-1.5046133,2.0655155,0.23194653,-0.46439368,0.854716,0
2.5224204,4.0226879,1.3614595,0.4938969,0.81321371,0.30781394,0
-1.2662456,-1.8987944,2.2645836,0.23194653,-0.46439368,0.854716,0
-3.292767,-2.479821,-3.4953294,-0.23194653,0.46439368,-0.854716,0
1.6260803,4.2264528,-1.0390334,-0.23194653,0.46439368,-0.854716,0
0.20209575,0.69405508,3.3136938,0.23194653,-0.46439368,0.854716,0
1.5107244,0.020286739,2.4358044,0.23194653,-0.46439368,0.854716,0
1.4581122,-1.0874214,1.9742067,0.23194653,-0.46439368,0.854716,0
-0.57247925,-5.7458086,0.04097271,-0.4938969,-0.81321371,-0.30781394,0
1.593486,-2.595046,0.56287456,0.83801359,-0.3507452,-0.41798472,0
3.4418228,2.9802227,3.0486555,0.4938969,0.81321371,0.30781394,0
1.795943,4.8270502,0.82209539,0.4938969,0.81321371,0.30781394,0
-2.1429305,-4.4677091,-0.77281809,-0.4938969,-0.81321371,-0.30781394,0
3.1210508,2.741672,-0.69671273,0.83801359,-0.3507452,-0.41798472,0
1.1771648,3.0987816,-1.5428836,-0.23194653,0.46439368,-0.854716,0
0.445135,-2.8608637,-1.6232898,0.83801359,-0.3507452,-0.41798472,0
1.2325592,5.0573368,0.98550272,0.4938969,0.81321371,0.30781394,0
-2.5333133,-4.6848803,0.31416845,-0.4938969,-0.81321371,-0.30781394,0
4.0426898,3.313982,0.79300284,0.4938969,0.81321371,0.30781394,0
-0.64202046,4.0585027,0.010830879,-0.83801359,0.3507452,0.41798472,0
-1.2978132,-1.4866374,-3.4764471,-0.23194653,0.46439368,-0.854716,0
-0.57089281,-1.7193274,-3.7657979,-0.23194653,0.46439368,-0.854716,0
1.4480302,-0.99156964,-1.1467798,0.83801359,-0.3507452,-0.41798472,0
-0.70662642,-5.2839675,-0.95081615,-0.4938969,-0.81321371,-0.30781394,0
3.5776346,2.6014433,0.43090224,0.83801359,-0.3507452,-0.41798472,0
-2.5955951,-4.694777,0.46044493,-0.4938969,-0.81321371,-0.30781394,0
1.6351869,1.4127691,-2.5134602,-0.23194653,0.46439368,-0.854716,0
3.0477386,3.290695,-1.329463,0.83801359,-0.3507452,-0.41798472,0
-2.7545972,0.33038771,-1.2347525,-0.83801359,0.3507452,0.41798472,0
-0.78707874,0.081543446,3.0206435,-0.83801359,0.3507452,0.41798472,0
-2.0353916,1.0399052,-0.36980742,-0.83801359,0.3507452,0.41798472,0
2.3717678,4.0227938,1.9250021,0.4938969,0.81321371,0.30781394,0
-1.0958419,-5.4694357,-0.33013773,-0.4938969,-0.81321371,-0.30781394,0
-0.36640874,-2.3962607,-3.4333174,0.83801359,-0.3507452,-0.41798472,0
-0.41927075,-3.5923202,-2.5106957,0.83801359,-0.3507452,-0.41798472,0
-0.11121964,-4.7923622,-1.0218115,0.83801359,-0.3507452,-0.41798472,0
-0.50943422,0.033453941,3.1803112,0.23194653,-0.46439368,0.854716,0
0.72055614,3.906368,3.1392782,-0.83801359,0.3507452,0.41798472,0
-0.31058645,4.7326179,0.23085403,-0.83801359,0.3507452,0.41798472,0
3.2531495,3.1945105,2.8319657,0.4938969,0.81321371,0.30781394,0
-0.31828547,2.6651347,-1.3235385,-0.23194653,0.46439368,-0.854716,0
1.1967123,-3.0407174,0.035883188,0.83801359,-0.3507452,-0.41798472,0
-1.225683,-3.3031211,1.430001,0.23194653,-0.46439368,0.854716,0
-3.0818605,-3.1466115,-2.7752347,-0.4938969,-0.81321371,-0.30781394,0
0.16814256,2.3211653,-1.6359222,-0.23194653,0.46439368,-0.854716,0
-2.0045874,-3.5246089,-3.939889,-0.4938969,-0.81321371,-0.30781394,0
-0.64375401,-5.0290847,-1.6247573,0.83801359,-0.3507452,-0.41798472,0
1.301743,4.7473912,1.8641481,0.4938969,0.81321371,0.30781394,0
1.4993541,3.7926137,4.0132036,0.4938969,0.81321371,0.30781394,0
-2.937274,-0.021863222,-1.298263,-0.83801359,0.3507452,0.41798472,0
-0.42563182,2.4161668,2.1430492,-0.83801359,0.3507452,0.41798472,0
-3.2749388,-3.9440432,-0.72946954,-0.4938969,-0.81321371,-0.30781394,0
-0.26336572,1.2313626,3.1899633,-0.83801359,0.3507452,0.41798472,0
0.15874767,-2.1542802,1.6117113,0.23194653,-0.46439368,0.854716,0
-1.0970254,-1.2424765,2.4736404,0.23194653,-0.46439368,0.854716,0
0.41607404,5.3284249,1.1790595,0.4938969,0.81321371,0.30781394,0
2.2163987,0.099492311,-0.53381646,0.83801359,-0.3507452,-0.41798472,0
-3.6286664,-3.9607797,0.12440872,-0.4938969,-0.81321371,-0.30781394,0
-0.88487071,-2.2555838,-3.9741116,-0.23194653,0.46439368,-0.854716,0
-1.1650248,-2.1548281,-3.6755712,-0.23194653,0.46439368,-0.854716,0
2.3402081,3.433723,3.4895003,0.4938969,0.81321371,0.30781394,0
1.3806092,4.2310205,3.0744531,0.4938969,0.81321371,0.30781394,0
0.62979507,1.3963737,-2.4274032,-0.23194653,0.46439368,-0.854716,0
1.4334886,-3.1224101,0.84668374,0.83801359,-0.3507452,-0.41798472,0
-1.41056,-1.8224638,-3.6201477,-0.23194653,0.46439368,-0.854716,0
0.278862,-5.0204091,0.077877045,0.83801359,-0.3507452,-0.41798472,0
-3.0728016,-4.0750647,-0.6260252,-0.4938969,-0.81321371,-0.30781394,0
-3.1714399,-2.4414713,0.35694528,-0.83801359,0.3507452,0.41798472,0
-2.7516532,-0.97392988,0.13961869,-0.83801359,0.3507452,0.41798472,0
-2.3314316,-0.75410438,-2.5880694,-0.23194653,0.46439368,-0.854716,0
2.0152221,4.1529846,-1.2609038,-0.23194653,0.46439368,-0.854716,0
3.3318534,2.3522179,-0.17451715,0.83801359,-0.3507452,-0.41798472,0
-0.46248436,-5.1795015,0.28666258,0.23194653,-0.46439368,0.854716,0
1.9145296,4.0500607,2.5885165,0.4938969,0.81321371,0.30781394,0
1.4775381,3.6717033,4.1746912,0.4938969,0.81321371,0.30781394,0
-3.5375304,-0.90867209,-1.5215938,-0.83801359,0.3507452,0.41798472,0
1.9926538,2.1022656,3.6270463,0.23194653,-0.46439368,0.854716,0
-2.3467693,1.0341893,-1.7461829,-0.23194653,0.46439368,-0.854716,0
0.90734673,1.523121,-2.3404841,-0.23194653,0.46439368,-0.854716,0
3.2552245,-0.077030897,1.5744057,0.83801359,-0.3507452,-0.41798472,0
4.0088072,2.5223703,2.9804487,0.4938969,0.81321371,0.30781394,0
2.3504274,-0.98685133,1.6971903,0.23194653,-0.46439368,0.854716,0
1.0720565,5.1719208,0.5417676,0.4938969,0.81321371,0.30781394,0
3.6911263,1.3341322,1.5820152,0.83801359,-0.3507452,-0.41798472,0
0.36310518,3.969934,2.0690174,-0.83801359,0.3507452,0.41798472,0
-0.11400092,3.4516697,1.7119248,-0.83801359,0.3507452,0.41798472,0
1.5264189,-1.4001389,1.7486078,0.23194653,-0.46439368,0.854716,0
-2.0637438,-5.082736,0.2311058,-0.4938969,-0.81321371,-0.30781394,0
1.9439116,2.2702835,3.6707885,0.23194653,-0.46439368,0.854716,0
3.0413806,0.83585167,0.44131064,0.83801359,-0.3507452,-0.41798472,0
-0.83140016,-5.1713972,-1.3646088,-0.4938969,-0.81321371,-0.30781394,0
-4.0625,-3.0450811,-1.9050593,-0.4938969,-0.81321371,-0.30781394,0
-4.174787,-3.1819992,-1.3233421,-0.4938969,-0.81321371,-0.30781394,0
-2.7438955,-3.0783496,-3.5916388,-0.4938969,-0.81321371,-0.30781394,0
-1.9520296,-0.17043549,-2.5656037,-0.23194653,0.46439368,-0.854716,0
3.3482456,2.9344022,-0.54352069,0.83801359,-0.3507452,-0.41798472,0
0.43688309,-0.76664686,2.5031762,0.23194653,-0.46439368,0.854716,0
-0.67219114,2.3970702,1.3257002,-0.83801359,0.3507452,0.41798472,0
0.074991226,5.6015215,0.35844469,-0.83801359,0.3507452,0.41798472,0
-3.6586735,-3.8398442,0.049710989,-0.4938969,-0.81321371,-0.30781394,0
0.17318749,-2.8518503,-1.8258295,0.83801359,-0.3507452,-0.41798472,0
0.24583149,-4.8561497,0.29888296,0.23194653,-0.46439368,0.854716,0
-3.4947467,-2.9182868,-3.1992769,-0.4938969,-0.81321371,-0.30781394,0
-3.5962739,-3.9256432,-0.2013905,-0.4938969,-0.81321371,-0.30781394,0
-2.5381751,-4.6334128,1.086318,0.23194653,-0.46439368,0.854716,0
1.7993014,4.5370879,1.2989855,0.4938969,0.81321371,0.30781394,0
2.0754502,3.7936912,2.7129958,0.4938969,0.81321371,0.30781394,0
-1.0268852,-0.96251434,-3.1196434,-0.23194653,0.46439368,-0.854716,0
-2.9531024,-1.1483953,-2.6545043,-0.23194653,0.46439368,-0.854716,0
-3.9758987,-3.2934399,-1.2851183,-0.4938969,-0.81321371,-0.30781394,0
2.8494415,4.2783647,0.11111832,0.4938969,0.81321371,0.30781394,0
1.0934186,1.8135674,3.541431,0.23194653,-0.46439368,0.854716,0
-3.2577195,-4.0739231,1.575923,-0.83801359,0.3507452,0.41798472,0
2.4093881,1.958769,3.308207,0.23194653,-0.46439368,0.854716,0
0.79253519,-2.8251922,-1.0182934,0.83801359,-0.3507452,-0.41798472,0
-1.4458611,-1.2825873,2.5638361,0.23194653,-0.46439368,0.854716,0
-2.0447252,0.53906572,0.18904239,-0.83801359,0.3507452,0.41798472,0
-4.1856656,-1.4418105,-2.4938307,-0.83801359,0.3507452,0.41798472,0
2.1976006,3.4903507,3.6115701,0.4938969,0.81321371,0.30781394,0
-3.1258149,-3.7888463,-1.4029474,-0.4938969,-0.81321371,-0.30781394,0
0.2874653,-2.1969092,-2.3916941,0.83801359,-0.3507452,-0.41798472,0
0.54684544,-4.1855588,0.018614292,0.83801359,-0.3507452,-0.41798472,0
1.2129548,3.2857533,-1.4243209,-0.23194653,0.46439368,-0.854716,0
-0.23625994,-1.8309755,2.0578232,0.23194653,-0.46439368,0.854716,0
-3.3609602,-1.6209694,-0.63455701,-0.83801359,0.3507452,0.41798472,0
-2.5643275,-2.6985137,1.8017139,-0.83801359,0.3507452,0.41798472,0
-1.6041272,-4.8251996,-0.74643326,-0.4938969,-0.81321371,-0.30781394,0
0.11747992,-0.15454268,-2.9813454,-0.23194653,0.46439368,-0.854716,0
-3.3520937,-4.457005,1.4454455,0.23194653,-0.46439368,0.854716,0
2.9831979,2.7052436,-0.83716846,0.83801359,-0.3507452,-0.41798472,0
1.5595183,-2.857425,0.87531471,0.83801359,-0.3507452,-0.41798472,0
0.22726035,4.4495096,-0.67268729,-0.23194653,0.46439368,-0.854716,0
0.40103245,4.7168097,1.7970273,-0.83801359,0.3507452,0.41798472,0
1.5684948,-0.32305288,-1.144848,0.83801359,-0.3507452,-0.41798472,0
-2.3772638,-3.8214228,-2.2924325,-0.4938969,-0.81321371,-0.30781394,0
0.22002435,-0.5273931,2.6913133,0.23194653,-0.46439368,0.854716,0
3.8664222,3.8183913,-0.099137068,0.4938969,0.81321371,0.30781394,0
3.1721749,4.5018015,-0.43245697,0.4938969,0.81321371,0.30781394,0
-2.1938386,0.47568896,-2.1812153,-0.23194653,0.46439368,-0.854716,0
-0.40118837,2.9569135,1.4464324,-0.83801359,0.3507452,0.41798472,0
1.6882663,2.8453188,3.8981423,0.23194653,-0.46439368,0.854716,0
-0.45540226,-3.2138267,-2.8670685,0.83801359,-0.3507452,-0.41798472,0
2.6081614,4.3673835,0.2289381,0.4938969,0.81321371,0.30781394,0
-2.2936382,-1.65975,1.4227611,-0.83801359,0.3507452,0.41798472,0
2.9159284,2.8814721,-1.1519942,0.83801359,-0.3507452,-0.41798472,0
-0.78786135,2.0646529,1.4502488,-0.83801359,0.3507452,0.41798472,0
-0.43402934,-3.1880898,-2.7809789,0.83801359,-0.3507452,-0.41798472,0
0.44662488,0.33850527,2.9084387,0.23194653,-0.46439368,0.854716,0
-0.31006789,3.2506971,-1.0722423,-0.23194653,0.46439368,-0.854716,0
-1.8413458,-4.0008984,-2.5340917,-0.4938969,-0.81321371,-0.30781394,0
0.15122199,-0.91728878,-3.375366,-0.23194653,0.46439368,-0.854716,0
0.66929007,-4.4565477,0.41013145,0.23194653,-0.46439368,0.854716,0
-0.25455117,1.5057974,-1.9525107,-0.23194653,0.46439368,-0.854716,0
-0.21674538,-5.0947723,0.21500397,0.23194653,-0.46439368,0.854716,0
-4.3155375,-2.8881457,-1.4497108,-0.4938969,-0.81321371,-0.30781394,0
1.6109791,2.0885749,3.7063904,0.23194653,-0.46439368,0.854716,0
4.0976858,1.4063032,2.115799,0.83801359,-0.3507452,-0.41798472,0
1.5460663,5.2358122,-0.35885954,0.4938969,0.81321371,0.30781394,0
3.2207408,2.1676507,3.2589657,0.23194653,-0.46439368,0.854716,0
2.688412,4.5851517,-0.045000553,0.4938969,0.81321371,0.30781394,0
2.9096327,2.8978419,3.605619,0.23194653,-0.46439368,0.854716,0
-4.18502,-1.8429931,-2.2918577,-0.83801359,0.3507452,0.41798472,0
0.1873703,4.6134152,-0.56352687,-0.23194653,0.46439368,-0.854716,0
2.008121,4.3839283,1.4792597,0.4938969,0.81321371,0.30781394,0
3.2524047,4.0081496,0.57152271,0.4938969,0.81321371,0.30781394,0
0.75968289,-4.2171535,0.04796195,0.83801359,-0.3507452,-0.41798472,0
-0.57486862,0.61925173,2.9764819,-0.83801359,0.3507452,0.41798472,0
3.0576525,1.5121517,0.031066775,0.83801359,-0.3507452,-0.41798472,0
-3.1701453,-2.9795265,0.76791334,-0.83801359,0.3507452,0.41798472,0
2.4968519,4.4828954,0.28571177,0.4938969,0.81321371,0.30781394,0
1.2223251,5.2829905,0.15369463,0.4938969,0.81321371,0.30781394,0
-0.97708648,-1.8171785,-3.709352,-0.23194653,0.46439368,-0.854716,0
-2.4363556,-4.5138583,-0.69626904,-0.4938969,-0.81321371,-0.30781394,0
2.1560788,3.1603026,-1.8142016,-0.23194653,0.46439368,-0.854716,0
-0.18267512,4.8310661,0.4557085,-0.83801359,0.3507452,0.41798472,0
-2.4311686,0.23154998,-2.063587,-0.23194653,0.46439368,-0.854716,0
-1.4751122,-2.9252546,-4.1747503,-0.23194653,0.46439368,-0.854716,0
1.3848445,1.1026385,-2.6621463,-0.23194653,0.46439368,-0.854716,0
2.1295276,3.2748876,-1.7160406,-0.23194653,0.46439368,-0.854716,0
-0.47080159,1.2656651,2.9621778,-0.83801359,0.3507452,0.41798472,0
1.5732706,4.0826006,2.8994429,0.4938969,0.81321371,0.30781394,0
1.0817597,-2.1444654,-0.96387374,0.83801359,-0.3507452,-0.41798472,0
0.86112154,-0.027464151,-3.1226161,0.83801359,-0.3507452,-0.41798472,0
-1.2933481,-4.4416451,-2.6710687,-0.4938969,-0.81321371,-0.30781394,0
0.31659698,5.6102576,0.67730999,0.4938969,0.81321371,0.30781394,0
0.92593646,3.753504,-1.1381984,-0.23194653,0.46439368,-0.854716,0
3.3300958,4.6297665,-1.1997571,0.4938969,0.81321371,0.30781394,0
-0.37752384,1.8567019,2.6364236,-0.83801359,0.3507452,0.41798472,0
3.2248287,1.8674207,0.036819339,0.83801359,-0.3507452,-0.41798472,0
3.5001631,3.8288441,0.22366047,0.4938969,0.81321371,0.30781394,0
-1.9195224,2.3062613,-1.0123231,-0.83801359,0.3507452,0.41798472,0
-0.48416352,2.7063725,1.4179757,-0.83801359,0.3507452,0.41798472,0
1.6232648,-1.1101015,-0.72788799,0.83801359,-0.3507452,-0.41798472,0
-4.1800284,-1.2256025,-2.4032395,-0.83801359,0.3507452,0.41798472,0
-3.5221903,-2.1231232,-0.5955646,-0.83801359,0.3507452,0.41798472,0
1.1348243,2.3795075,3.8655696,0.23194653,-0.46439368,0.854716,0
4.2251425,2.5301309,2.8646336,0.4938969,0.81321371,0.30781394,0
-1.9362459,-1.5853643,-3.1640644,-0.23194653,0.46439368,-0.854716,0
0.89949894,3.863337,3.198684,-0.83801359,0.3507452,0.41798472,0
2.0196619,-0.68972027,-0.080012977,0.83801359,-0.3507452,-0.41798472,0
-1.3431901,-1.4329562,2.4536858,0.23194653,-0.46439368,0.854716,0
0.058582067,2.8568103,-1.3832295,-0.23194653,0.46439368,-0.854716,0
3.1453633,3.4864955,1.7363734,0.4938969,0.81321371,0.30781394,0
-0.30113888,4.5628891,-0.4280777,-0.23194653,0.46439368,-0.854716,0
0.28358546,-1.5858811,-2.9739542,0.83801359,-0.3507452,-0.41798472,0
2.6532423,4.7003002,-0.67413712,0.4938969,0.81321371,0.30781394,0
2.4745407,-1.4469659,1.5838997,0.23194653,-0.46439368,0.854716,0
2.2870512,3.9150319,2.4854515,0.4938969,0.81321371,0.30781394,0
0.33167148,5.0747738,1.2068706,-0.83801359,0.3507452,0.41798472,0
-1.0036986,-5.2724781,-0.7038579,-0.4938969,-0.81321371,-0.30781394,0
2.1338224,-0.98560005,1.6981629,0.23194653,-0.46439368,0.854716,0
-0.9557426,-5.1006641,-1.3142633,-0.4938969,-0.81321371,-0.30781394,0
-0.30530739,-5.2912078,-0.98977089,0.83801359,-0.3507452,-0.41798472,0
-3.3680143,-3.5737438,-1.2536118,-0.4938969,-0.81321371,-0.30781394,0
-0.27591109,1.4018362,-2.1768029,-0.23194653,0.46439368,-0.854716,0
-3.7529919,-3.5506978,-0.83532405,-0.4938969,-0.81321371,-0.30781394,0
-1.3448114,-1.4697975,-3.2506614,-0.23194653,0.46439368,-0.854716,0
-0.35115236,1.565179,2.7274706,-0.83801359,0.3507452,0.41798472,0
2.5988266,1.724123,-1.2020208,0.83801359,-0.3507452,-0.41798472,0
-2.9375486,-3.2811518,-2.7347693,-0.4938969,-0.81321371,-0.30781394,0
-2.9564939,-4.5787497,0.76980472,-0.4938969,-0.81321371,-0.30781394,0
-0.60332227,-1.0513768,2.6286218,0.23194653,-0.46439368,0.854716,0
1.4188272,0.023734987,2.5704029,0.23194653,-0.46439368,0.854716,0
-1.9426938,1.1008289,-0.22823346,-0.83801359,0.3507452,0.41798472,0
-2.5626318,-3.5621622,-2.487555,-0.4938969,-0.81321371,-0.30781394,0
3.2983055,4.1065493,0.3682766,0.4938969,0.81321371,0.30781394,0
-0.45933878,-3.4499907,-2.7269952,0.83801359,-0.3507452,-0.41798472,0
-1.764149,-3.7838695,-3.3034909,-0.4938969,-0.81321371,-0.30781394,0
4.0540485,3.268568,1.3283806,0.4938969,0.81321371,0.30781394,0
1.3456389,4.2224002,2.7898595,0.4938969,0.81321371,0.30781394,0
-1.0286994,2.3346343,-1.2883514,-0.23194653,0.46439368,-0.854716,0
2.9426501,3.5175433,2.4633787,0.4938969,0.81321371,0.30781394,0
-0.2014575,-4.7600799,-1.1032314,0.83801359,-0.3507452,-0.41798472,0
-2.0046668,1.3497488,-1.6242647,-0.23194653,0.46439368,-0.854716,0
-3.5499763,-2.8546565,-2.7464635,-0.4938969,-0.81321371,-0.30781394,0
-3.5956879,-2.1942115,-0.5029974,-0.83801359,0.3507452,0.41798472,0
3.4368663,4.426342,-0.81122708,0.4938969,0.81321371,0.30781394,0
-2.9624324,-3.2644696,-2.6899712,-0.4938969,-0.81321371,-0.30781394,0
4.2283034,2.6312969,2.4116728,0.4938969,0.81321371,0.30781394,0
0.73485494,0.49897695,-2.8914347,-0.23194653,0.46439368,-0.854716,0
0.50881535,-1.9377842,-2.2692456,0.83801359,-0.3507452,-0.41798472,0
3.250917,3.9570403,0.75539947,0.4938969,0.81321371,0.30781394,0
-3.9766233,-3.7069783,-0.18075109,-0.83801359,0.3507452,0.41798472,0
-2.2248387,-2.4286561,-3.6620355,-0.23194653,0.46439368,-0.854716,0
1.0137268,0.047409773,-2.7535167,0.83801359,-0.3507452,-0.41798472,0
1.6993454,4.0162625,2.6001704,0.4938969,0.81321371,0.30781394,0
2.314857,3.7932041,2.199203,0.4938969,0.81321371,0.30781394,0
-0.17466784,2.4310572,-1.546923,-0.23194653,0.46439368,-0.854716,0
-0.63562036,-5.1223736,-1.5578609,0.83801359,-0.3507452,-0.41798472,0
1.6086134,3.7943096,3.677381,0.4938969,0.81321371,0.30781394,0
-0.15954304,-2.2403846,-3.2460442,0.83801359,-0.3507452,-0.41798472,0
0.088374496,3.4494464,2.1576135,-0.83801359,0.3507452,0.41798472,0
1.7943579,-1.8983967,0.45697963,0.83801359,-0.3507452,-0.41798472,0
0.22132772,-1.7665857,-3.0866818,0.83801359,-0.3507452,-0.41798472,0
-0.09533906,-2.9373317,-2.3644173,0.83801359,-0.3507452,-0.41798472,0
0.78413832,0.00030517578,-3.1339021,-0.23194653,0.46439368,-0.854716,0
-2.8376942,-3.0331564,-3.4552016,-0.4938969,-0.81321371,-0.30781394,0
-1.3210232,3.2426252,-0.46137166,-0.83801359,0.3507452,0.41798472,0
-1.0459672,-1.4884508,-3.3411989,-0.23194653,0.46439368,-0.854716,0
-0.8472991,0.27899861,2.7801054,-0.83801359,0.3507452,0.41798472,0
3.7368596,2.773936,3.060818,0.4938969,0.81321371,0.30781394,0
-0.11389709,3.6961522,-0.83631992,-0.23194653,0.46439368,-0.854716,0
0.013924599,-1.8865278,1.836625,0.23194653,-0.46439368,0.854716,0
-1.8930857,0.86772758,-1.9254508,-0.23194653,0.46439368,-0.854716,0
-2.103725,-4.2920947,-1.6691463,-0.4938969,-0.81321371,-0.30781394,0
1.876183,3.7863431,3.3607938,0.4938969,0.81321371,0.30781394,0
0.53495407,5.0843811,-0.3553853,-0.23194653,0.46439368,-0.854716,0
-2.0146236,-0.82853556,-2.9401858,-0.23194653,0.46439368,-0.854716,0
-4.559248,-1.9921445,-2.7252281,-0.83801359,0.3507452,0.41798472,0
3.2408698,4.0761213,0.46326113,0.4938969,0.81321371,0.30781394,0
2.4602046,-0.63950527,0.64992672,0.83801359,-0.3507452,-0.41798472,0
0.5738076,1.6580868,3.6888919,0.23194653,-0.46439368,0.854716,0
-4.1528435,-1.196574,-2.429373,-0.23194653,0.46439368,-0.854716,0
3.5960088,1.5333309,1.0046368,0.83801359,-0.3507452,-0.41798472,0
3.3932354,3.5271945,1.4523356,0.4938969,0.81321371,0.30781394,0
-1.0727587,-1.4188846,-3.3372719,-0.23194653,0.46439368,-0.854716,0
0.87694335,4.5043116,-0.79714608,-0.23194653,0.46439368,-0.854716,0
-2.9020197,-0.55740237,-0.73507714,-0.83801359,0.3507452,0.41798472,0
-2.624439,-4.5935726,1.1604288,0.23194653,-0.46439368,0.854716,0
-0.69124174,-1.8216177,2.1873858,0.23194653,-0.46439368,0.854716,0
0.18315411,-4.5554724,0.3897419,0.23194653,-0.46439368,0.854716,0
-2.5553555,-3.0786872,1.8613673,0.23194653,-0.46439368,0.854716,0
-2.6335371,0.86311436,-1.6916862,-0.23194653,0.46439368,-0.854716,0
1.051897,-1.6889563,1.6200571,0.23194653,-0.46439368,0.854716,0
-1.9925951,0.45511413,-2.1937215,-0.23194653,0.46439368,-0.854716,0
-1.101414,-4.2707338,-3.1075583,-0.4938969,-0.81321371,-0.30781394,0
-2.4178433,-3.1284301,-3.8435431,-0.4938969,-0.81321371,-0.30781394,0
1.7129743,4.5693598,-0.94348741,-0.23194653,0.46439368,-0.854716,0
0.42360055,-0.048185229,2.6818538,0.23194653,-0.46439368,0.854716,0
-3.0229464,-1.1704119,-2.7295842,-0.23194653,0.46439368,-0.854716,0
2.3169415,4.6844025,0.024132252,0.4938969,0.81321371,0.30781394,0
-1.0756716,-0.56527978,-2.8491766,-0.23194653,0.46439368,-0.854716,0
-4.0729175,-2.9776201,-1.0031722,-0.83801359,0.3507452,0.41798472,0
2.0498099,0.65826273,-1.1839496,0.83801359,-0.3507452,-0.41798472,0
-1.5311606,-0.75481319,-2.9814177,-0.23194653,0.46439368,-0.854716,0
2.4276998,4.6216059,-1.1827374,-0.23194653,0.46439368,-0.854716,0
2.6041815,3.8840723,1.4862897,0.4938969,0.81321371,0.30781394,0
-2.0381861,0.90937591,-1.9617414,-0.23194653,0.46439368,-0.854716,0
-1.5884365,1.0171949,0.67935848,-0.83801359,0.3507452,0.41798472,0
0.17428493,0.89427602,-2.5200348,-0.23194653,0.46439368,-0.854716,0
1.8936734,4.524334,1.3606427,0.4938969,0.81321371,0.30781394,0
-3.2329464,-4.255311,0.23263693,-0.4938969,-0.81321371,-0.30781394,0
-0.36465836,2.6984079,1.701246,-0.83801359,0.3507452,0.41798472,0
-4.2600293,-2.6115742,-2.3543921,-0.4938969,-0.81321371,-0.30781394,0
-2.2172117,0.64946055,-0.28197592,-0.83801359,0.3507452,0.41798472,0
1.8501103,3.0702119,-1.852451,-0.23194653,0.46439368,-0.854716,0
-0.47892094,-5.6747704,0.075014591,0.23194653,-0.46439368,0.854716,0
3.5210502,4.5215716,-1.2361958,0.4938969,0.81321371,0.30781394,0
2.9314852,2.3528264,-1.0747242,0.83801359,-0.3507452,-0.41798472,0
-2.4394951,-0.61947227,0.35002318,-0.83801359,0.3507452,0.41798472,0
1.5561557,1.3649414,3.2045372,0.23194653,-0.46439368,0.854716,0
-2.6959984,-3.5990801,-2.7262368,-0.4938969,-0.81321371,-0.30781394,0
-3.7234676,-3.9478159,-0.1022954,-0.4938969,-0.81321371,-0.30781394,0
0.86711431,-3.2849488,0.90897632,0.23194653,-0.46439368,0.854716,0
0.87708902,2.8404374,-1.5321606,-0.23194653,0.46439368,-0.854716,0
-0.75394666,3.0342672,0.66881895,-0.83801359,0.3507452,0.41798472,0
2.0107436,4.8312511,0.33823633,0.4938969,0.81321371,0.30781394,0
-2.1270616,-1.5265226,1.6413372,-0.83801359,0.3507452,0.41798472,0
1.2854776,4.6022663,2.3432329,0.4938969,0.81321371,0.30781394,0
1.2636905,-0.68810213,2.1548963,0.23194653,-0.46439368,0.854716,0
-2.2083106,-3.9236898,-2.5029063,-0.4938969,-0.81321371,-0.30781394,0
-0.57222164,-1.4346527,2.1905196,0.23194653,-0.46439368,0.854716,0
-3.3130493,-4.5208297,1.4811609,0.23194653,-0.46439368,0.854716,0
-1.759357,-1.3452289,2.4815474,-0.83801359,0.3507452,0.41798472,0
-1.7415735,-3.0794623,-4.0122552,-0.23194653,0.46439368,-0.854716,0
3.7073274,1.636444,1.455121,0.83801359,-0.3507452,-0.41798472,0
-3.2193434,-2.7968366,0.5662353,-0.83801359,0.3507452,0.41798472,0
-2.7514987,-0.61906672,-0.1529091,-0.83801359,0.3507452,0.41798472,0
-2.9060485,-1.7140212,0.60705698,-0.83801359,0.3507452,0.41798472,0
-0.1279254,-2.0925066,1.8246772,0.23194653,-0.46439368,0.854716,0
-2.9740038,-4.3926177,0.048914433,-0.4938969,-0.81321371,-0.30781394,0
-3.4377887,-4.2907748,0.80697942,-0.4938969,-0.81321371,-0.30781394,0
-0.16383874,-2.5610046,-2.7573597,0.83801359,-0.3507452,-0.41798472,0
-2.7649956,-2.1679504,0.94285572,-0.83801359,0.3507452,0.41798472,0
3.0001903,4.2802467,-0.071947575,0.4938969,0.81321371,0.30781394,0
0.94861859,3.9203956,3.3380311,-0.83801359,0.3507452,0.41798472,0
-1.7804881,1.380891,0.20244825,-0.83801359,0.3507452,0.41798472,0
-3.1245222,-1.0207157,-0.76308101,-0.83801359,0.3507452,0.41798472,0
-3.9616265,-3.1652226,-0.48634839,-0.83801359,0.3507452,0.41798472,0
4.6177711,2.130352,2.919651,0.23194653,-0.46439368,0.854716,0
-0.6657877,-1.1445484,2.3792429,0.23194653,-0.46439368,0.854716,0
2.6031783,3.5110416,2.8657355,0.4938969,0.81321371,0.30781394,0
4.2301102,2.4956017,1.4686885,0.83801359,-0.3507452,-0.41798472,0
-3.3845141,-3.4992135,-1.4217474,-0.4938969,-0.81321371,-0.30781394,0
-0.90434289,2.4371743,1.0265753,-0.83801359,0.3507452,0.41798472,0
-0.77026677,2.6899898,1.0155544,-0.83801359,0.3507452,0.41798472,0
0.2959311,-1.3772321,-2.9767401,0.83801359,-0.3507452,-0.41798472,0
2.7559905,1.899156,3.275908,0.23194653,-0.46439368,0.854716,0
-3.4939508,-4.2714825,0.54872108,-0.4938969,-0.81321371,-0.30781394,0
-2.0136049,-3.7375693,-3.4345064,-0.4938969,-0.81321371,-0.30781394,0
1.9422294,-2.4269536,1.0421875,0.83801359,-0.3507452,-0.41798472,0
-4.1115956,-3.4122565,-0.70687509,-0.83801359,0.3507452,0.41798472,0
-0.90364194,-4.9316144,-2.079021,-0.4938969,-0.81321371,-0.30781394,0
4.0375886,2.7222586,2.5373557,0.4938969,0.81321371,0.30781394,0
-2.4635203,-3.5038571,-3.1273844,-0.4938969,-0.81321371,-0.30781394,0
-3.4528697,-3.0257933,-2.9895403,-0.4938969,-0.81321371,-0.30781394,0
-2.1904306,-4.1812057,-1.8013294,-0.4938969,-0.81321371,-0.30781394,0
0.24726629,4.6637959,-0.3783412,-0.23194653,0.46439368,-0.854716,0
-3.4825544,-2.3233995,-0.28100157,-0.83801359,0.3507452,0.41798472,0
3.4161811,4.428895,-1.3851142,-0.23194653,0.46439368,-0.854716,0
-2.0345807,0.7990886,0.26569134,-0.83801359,0.3507452,0.41798472,0
0.46277142,-1.2216322,2.0467937,0.23194653,-0.46439368,0.854716,0
1.5383759,-2.2897406,1.2219235,0.23194653,-0.46439368,0.854716,0
0.50129485,-1.8106638,1.8487114,0.23194653,-0.46439368,0.854716,0
1.4054766,5.1886873,-0.49326372,-0.23194653,0.46439368,-0.854716,0
-1.1620722,1.6579727,-1.7474592,-0.23194653,0.46439368,-0.854716,0
-0.80927789,-3.9118617,-3.0798955,0.83801359,-0.3507452,-0.41798472,0
3.9214759,2.0767751,2.9879618,0.23194653,-0.46439368,0.854716,0
-1.0049206,-1.1499491,-3.1962137,-0.23194653,0.46439368,-0.854716,0
-0.58239937,-5.6952457,-0.5198679,-0.4938969,-0.81321371,-0.30781394,0
-0.92798352,-1.7692876,2.2132535,0.23194653,-0.46439368,0.854716,0
-1.5404127,-0.81974602,2.2658341,-0.83801359,0.3507452,0.41798472,0
-0.47367817,1.4403737,2.7132308,-0.83801359,0.3507452,0.41798472,0
0.58868575,1.474396,-2.3914716,-0.23194653,0.46439368,-0.854716,0
0.051176071,3.9495039,1.6939688,-0.83801359,0.3507452,0.41798472,0
-1.6132607,1.2731179,-1.6790184,-0.23194653,0.46439368,-0.854716,0
2.5204122,4.4986162,-1.1523499,-0.23194653,0.46439368,-0.854716,0
3.0441179,3.0476475,3.5293527,0.4938969,0.81321371,0.30781394,0
-1.7409022,-5.1078954,-0.17266464,-0.4938969,-0.81321371,-0.30781394,0
-1.1510638,1.5385665,0.95549095,-0.83801359,0.3507452,0.41798472,0
-3.8349547,-3.5803528,-0.46220541,-0.4938969,-0.81321371,-0.30781394,0
2.6457536,3.5795863,2.4266055,0.4938969,0.81321371,0.30781394,0
0.89401698,-2.6776693,-0.84371424,0.83801359,-0.3507452,-0.41798472,0
-0.42964101,-3.3356752,1.2729058,0.23194653,-0.46439368,0.854716,0
2.9483387,3.9329417,1.1971238,0.4938969,0.81321371,0.30781394,0
-3.5997422,-3.2655973,-1.645601,-0.4938969,-0.81321371,-0.30781394,0
0.75100482,-0.94411033,2.2304688,0.23194653,-0.46439368,0.854716,0
-0.38508415,-1.271319,2.2734487,0.23194653,-0.46439368,0.854716,0
2.3842871,0.68579555,2.7352755,0.23194653,-0.46439368,0.854716,0
-2.7036219,-0.3428781,-2.3415453,-0.23194653,0.46439368,-0.854716,0
0.49694812,0.05922246,-3.0329204,-0.23194653,0.46439368,-0.854716,0
-0.51622748,-2.2174354,1.9304447,0.23194653,-0.46439368,0.854716,0
-0.94469631,-1.8231596,-3.763654,-0.23194653,0.46439368,-0.854716,0
0.83495021,-2.2632117,1.5774559,0.23194653,-0.46439368,0.854716,0
1.8823483,4.7727909,-0.95095968,-0.23194653,0.46439368,-0.854716,0
1.9116666,-0.53406429,-0.7376436,0.83801359,-0.3507452,-0.41798472,0
-4.0206347,-3.0823762,-1.9051952,-0.4938969,-0.81321371,-0.30781394,0
3.5158305,2.4093332,3.3498273,0.23194653,-0.46439368,0.854716,0
3.4929507,0.44180381,2.3198671,0.23194653,-0.46439368,0.854716,0
2.1193364,4.4262819,-1.0628631,-0.23194653,0.46439368,-0.854716,0
2.9676337,0.17741656,1.0964354,0.83801359,-0.3507452,-0.41798472,0
4.0601287,2.3424664,1.4245201,0.83801359,-0.3507452,-0.41798472,0
-1.2874804,3.1170955,-0.57481694,-0.83801359,0.3507452,0.41798472,0
-1.9128655,-0.15362263,-2.4568834,-0.23194653,0.46439368,-0.854716,0
-0.34168386,4.8678665,-0.053729534,-0.83801359,0.3507452,0.41798472,0
-2.4183493,-4.7601471,0.34272099,-0.4938969,-0.81321371,-0.30781394,0
-3.0682445,-3.1437221,-2.7980793,-0.4938969,-0.81321371,-0.30781394,0
-1.0295403,-4.8945346,-1.5207391,-0.4938969,-0.81321371,-0.30781394,0
0.95195556,5.0334249,1.3610497,0.4938969,0.81321371,0.30781394,0
1.7953963,-2.4903858,0.73656607,0.83801359,-0.3507452,-0.41798472,0
4.5352454,2.3478842,2.8091564,0.4938969,0.81321371,0.30781394,0
-1.8994112,-3.8292246,-3.00805,-0.4938969,-0.81321371,-0.30781394,0
-1.9393464,-2.3955657,2.1898286,0.23194653,-0.46439368,0.854716,0
-0.47203374,-5.0717773,-1.4841413,0.83801359,-0.3507452,-0.41798472,0
0.22178948,3.6158164,2.2068229,-0.83801359,0.3507452,0.41798472,0
3.128813,-0.3456974,1.6260432,0.83801359,-0.3507452,-0.41798472,0
2.3273575,0.94303131,-0.83144975,0.83801359,-0.3507452,-0.41798472,0
-2.4500563,0.878106,-1.0093873,-0.83801359,0.3507452,0.41798472,0
1.523957,5.1163697,0.49497461,0.4938969,0.81321371,0.30781394,0
-0.83602977,0.23334455,-2.6782835,-0.23194653,0.46439368,-0.854716,0
-0.33234048,3.9689083,0.76022649,-0.83801359,0.3507452,0.41798472,0
-3.253592,-2.6689019,-3.4817777,-0.23194653,0.46439368,-0.854716,0
-1.9631242,1.0217456,-0.15330714,-0.83801359,0.3507452,0.41798472,0
1.7605836,5.1894884,-0.51722527,0.4938969,0.81321371,0.30781394,0
0.25101542,3.0605688,-1.3467256,-0.23194653,0.46439368,-0.854716,0
-0.29463625,4.1173368,0.6571269,-0.83801359,0.3507452,0.41798472,0
0.035174966,3.4179893,2.1833048,-0.83801359,0.3507452,0.41798472,0
-0.6135571,-2.0220633,-3.8285117,-0.23194653,0.46439368,-0.854716,0
-4.5219097,-2.6054029,-2.2507861,-0.4938969,-0.81321371,-0.30781394,0
2.5760469,1.1040909,-0.70687962,0.83801359,-0.3507452,-0.41798472,0
1.6363935,4.9962096,0.14162731,0.4938969,0.81321371,0.30781394,0
-1.5571673,2.7808862,-0.8122375,-0.83801359,0.3507452,0.41798472,0
-1.3633678,-5.2034082,-0.035498142,-0.4938969,-0.81321371,-0.30781394,0
1.0320096,4.749465,1.999336,0.4938969,0.81321371,0.30781394,0
1.9687338,1.8256075,3.2743883,0.23194653,-0.46439368,0.854716,0
2.0735254,1.2349167,3.0592284,0.23194653,-0.46439368,0.854716,0
-4.0372262,-2.302886,-1.2607881,-0.83801359,0.3507452,0.41798472,0
0.62169898,1.7933449,3.7743759,0.23194653,-0.46439368,0.854716,0
-0.13851738,4.2262774,-0.54871821,-0.23194653,0.46439368,-0.854716,0
1.1898786,4.4932737,2.6198268,0.4938969,0.81321371,0.30781394,0
-0.72708273,-1.2158232,-3.4010956,-0.23194653,0.46439368,-0.854716,0
2.9644377,4.4803267,-0.63773513,0.4938969,0.81321371,0.30781394,0
-2.6238034,-1.5426455,-3.1153462,-0.23194653,0.46439368,-0.854716,0
1.7297922,-1.5162084,0.00021898746,0.83801359,-0.3507452,-0.41798472,0
1.701103,4.4420414,2.0138519,0.4938969,0.81321371,0.30781394,0
2.0635777,1.5580287,-1.9886656,0.83801359,-0.3507452,-0.41798472,0
-2.2651935,-2.8996758,1.9462634,0.23194653,-0.46439368,0.854716,0
-4.4396496,-1.9610646,-2.3705535,-0.83801359,0.3507452,0.41798472,0
4.161953,2.6530526,2.4291635,0.4938969,0.81321371,0.30781394,0
3.0663974,2.366843,-0.60797119,0.83801359,-0.3507452,-0.41798472,0
-1.4043638,0.77184415,-2.0395145,-0.23194653,0.46439368,-0.854716,0
0.63518405,5.5999737,0.57033348,0.4938969,0.81321371,0.30781394,0
2.5155983,2.584486,-1.9849522,0.83801359,-0.3507452,-0.41798472,0
4.0026121,2.5751109,0.86109495,0.83801359,-0.3507452,-0.41798472,0
-2.937851,-2.862987,-3.6461141,-0.4938969,-0.81321371,-0.30781394,0
-1.1944305,-0.12910485,-2.5983415,-0.23194653,0.46439368,-0.854716,0
-1.063054,-4.4334564,-2.8234236,-0.4938969,-0.81321371,-0.30781394,0
