-2.5734224,3.389092,-0.022718906,0.074656785,0.67542017,0.73364413,0
-0.026152611,-2.079072,-0.90306097,-0.074656785,-0.67542017,-0.73364413,0
4.1725435,-1.9974597,0.82119131,0.98710537,-0.15451619,0.041804075,0
-0.45969903,-0.53043342,-2.1013634,-0.074656785,-0.67542017,-0.73364413,0
-4.1909041,2.4277942,-0.99217916,-0.98710537,0.15451619,-0.041804075,0
-1.7864691,-1.0233672,2.1611314,-0.14159501,-0.7210632,0.67824662,0
-3.412549,0.12460542,3.0833371,0.074656785,0.67542017,0.73364413,0
4.6687088,0.16566205,-2.011528,0.98710537,-0.15451619,0.041804075,0
2.9295068,-0.24407125,-2.7965467,-0.074656785,-0.67542017,-0.73364413,0
-3.1859539,1.4214296,-2.9405365,0.14159501,0.7210632,-0.67824662,0
4.7323866,0.47797537,-0.82609224,0.98710537,-0.15451619,0.041804075,0
2.2464786,-3.1000247,0.79551744,-0.14159501,-0.7210632,0.67824662,0
3.1596515,-3.0152082,-0.27887464,-0.074656785,-0.67542017,-0.73364413,0
-0.94907463,1.3568094,1.4387457,0.074656785,0.67542017,0.73364413,0
2.4676743,0.65502191,-2.5029697,0.14159501,0.7210632,-0.67824662,0
4.6632328,1.7207334,-1.0145984,0.14159501,0.7210632,-0.67824662,0
-2.2888732,-0.73169386,2.4788094,-0.14159501,-0.7210632,0.67824662,0
-4.746037,-1.0738215,-0.31231546,-0.98710537,0.15451619,-0.041804075,0
3.8289967,1.935051,-0.95537567,0.14159501,0.7210632,-0.67824662,0
-4.7298727,-1.0248473,0.6746974,-0.98710537,0.15451619,-0.041804075,0
4.1658669,-3.1112196,0.04813242,0.98710537,-0.15451619,0.041804075,0
4.3970108,-0.73820043,1.9624104,0.98710537,-0.15451619,0.041804075,0
-0.44169605,0.70101082,-2.8983588,0.14159501,0.7210632,-0.67824662,0
0.15645695,3.2118037,-0.33589065,0.14159501,0.7210632,-0.67824662,0
4.1492147,2.4100728,-0.20200205,0.14159501,0.7210632,-0.67824662,0
-3.9940486,3.0882394,0.095188141,-0.98710537,0.15451619,-0.041804075,0
1.3727269,-1.7485428,-1.3096745,-0.074656785,-0.67542017,-0.73364413,0
-4.5730643,0.68475509,2.265089,-0.98710537,0.15451619,-0.041804075,0
-0.64386022,0.32916212,-2.8988986,-0.074656785,-0.67542017,-0.73364413,0
0.4872734,-0.72356892,-2.2431672,-0.074656785,-0.67542017,-0.73364413,0
-4.337872,1.6603335,-0.9095118,-0.98710537,0.15451619,-0.041804075,0
4.2522693,-1.7282262,0.15888691,0.98710537,-0.15451619,0.041804075,0
-2.108408,3.546313,-0.47875929,0.14159501,0.7210632,-0.67824662,0
-3.6648748,0.40177423,-2.6707897,-0.074656785,-0.67542017,-0.73364413,0
1.6677098,1.5122759,-1.5984654,0.14159501,0.7210632,-0.67824662,0
-4.8843889,-1.8802633,0.098010063,-0.98710537,0.15451619,-0.041804075,0
-4.4897814,-0.63988668,-1.6562145,-0.98710537,0.15451619,-0.041804075,0
4.6204829,0.76302642,1.4444768,0.98710537,-0.15451619,0.041804075,0
1.5448713,-0.75957024,3.0804017,-0.14159501,-0.7210632,0.67824662,0
0.20832705,2.3030984,0.66234314,0.074656785,0.67542017,0.73364413,0
4.5847988,0.85624957,1.4433684,0.98710537,-0.15451619,0.041804075,0
1.8178171,-3.3504524,0.19866955,-0.074656785,-0.67542017,-0.73364413,0
1.7784308,2.0548329,0.72150111,0.074656785,0.67542017,0.73364413,0
-2.0322518,2.6534278,0.53091788,0.074656785,0.67542017,0.73364413,0
-1.3748925,-2.5071442,0.78816879,-0.14159501,-0.7210632,0.67824662,0
4.447072,0.22029305,1.8996859,0.98710537,-0.15451619,0.041804075,0
-3.3596911,0.26462889,-2.5421686,-0.074656785,-0.67542017,-0.73364413,0
1.9010363,-1.2111908,2.8585165,-0.14159501,-0.7210632,0.67824662,0
-4.4626274,0.73180938,0.97498989,-0.98710537,0.15451619,-0.041804075,0
4.7340164,1.1381752,-1.0437336,0.98710537,-0.15451619,0.041804075,0
4.2342272,-1.7116797,-0.7475152,0.98710537,-0.15451619,0.041804075,0
4.547873,0.1909871,0.71520567,0.98710537,-0.15451619,0.041804075,0
0.99546647,-0.90242982,-1.8727682,-0.074656785,-0.67542017,-0.73364413,0
-1.1328843,-2.9172263,0.16439128,-0.074656785,-0.67542017,-0.73364413,0
-1.5801678,-0.96739018,-1.5883794,-0.074656785,-0.67542017,-0.73364413,0
1.4584513,1.6234964,-1.7075968,0.14159501,0.7210632,-0.67824662,0
-1.1915939,-1.3090079,2.0898271,-0.14159501,-0.7210632,0.67824662,0
4.7125793,1.7354333,0.67608833,0.98710537,-0.15451619,0.041804075,0
-4.3056622,0.031342268,2.9398198,-0.14159501,-0.7210632,0.67824662,0
2.3251705,2.7464817,0.031342745,0.074656785,0.67542017,0.73364413,0
-1.1306257,0.8711493,2.1661913,0.074656785,0.67542017,0.73364413,0
4.4956923,-0.6757071,-0.32765961,0.98710537,-0.15451619,0.041804075,0
2.8730249,-1.4225211,2.7134371,-0.14159501,-0.7210632,0.67824662,0
4.649437,1.2078966,1.1351633,0.98710537,-0.15451619,0.041804075,0
-4.3436422,1.3769097,0.17210865,-0.98710537,0.15451619,-0.041804075,0
-2.258172,1.2050037,1.7474082,0.074656785,0.67542017,0.73364413,0
4.7429128,0.30871534,-1.9045706,0.98710537,-0.15451619,0.041804075,0
3.815712,-0.9142704,3.2491012,0.074656785,0.67542017,0.73364413,0
-2.8497243,1.4564011,1.8104546,0.074656785,0.67542017,0.73364413,0
3.8009768,0.86561203,-1.9938719,0.14159501,0.7210632,-0.67824662,0
-0.21456838,-0.85660708,2.6435707,-0.14159501,-0.7210632,0.67824662,0
-0.30478716,1.7695887,-1.9614005,0.14159501,0.7210632,-0.67824662,0
-3.5734735,3.5670037,-0.31244421,0.074656785,0.67542017,0.73364413,0
3.1357572,-3.2671576,0.98264849,-0.14159501,-0.7210632,0.67824662,0
-4.6700125,-0.45471966,0.82044506,-0.98710537,0.15451619,-0.041804075,0
1.1470752,-0.47054505,-2.3859749,-0.074656785,-0.67542017,-0.73364413,0
4.1222191,-3.1558912,0.40317345,0.98710537,-0.15451619,0.041804075,0
4.0693707,2.423691,-0.24460363,0.14159501,0.7210632,-0.67824662,0
0.88563615,-2.1332307,-0.86512703,-0.074656785,-0.67542017,-0.73364413,0
-3.6579852,-2.1883912,0.49778938,-0.14159501,-0.7210632,0.67824662,0
0.51114273,-1.0051569,2.6555076,-0.14159501,-0.7210632,0.67824662,0
3.4116237,-2.6705167,-0.51051831,-0.074656785,-0.67542017,-0.73364413,0
4.6012135,0.21554774,2.0074427,0.98710537,-0.15451619,0.041804075,0
4.6717367,0.66720581,-1.8035374,0.98710537,-0.15451619,0.041804075,0
4.5814538,0.97106719,1.1681449,0.98710537,-0.15451619,0.041804075,0
-2.1059866,0.083295465,-2.5821316,-0.074656785,-0.67542017,-0.73364413,0
4.7304015,0.11457586,-1.9239764,0.98710537,-0.15451619,0.041804075,0
-0.38976109,-0.430902,3.0389047,-0.14159501,-0.7210632,0.67824662,0
1.611357,1.3178339,1.4286759,0.074656785,0.67542017,0.73364413,0
-4.4196663,0.54568201,-1.8023059,-0.98710537,0.15451619,-0.041804075,0
1.2145524,2.6810076,0.1841979,0.074656785,0.67542017,0.73364413,0
-2.6624141,1.7224808,1.3698456,0.074656785,0.67542017,0.73364413,0
3.2545419,0.59506083,-2.4103055,0.14159501,0.7210632,-0.67824662,0
1.3087208,0.23985314,-3.1031933,0.14159501,0.7210632,-0.67824662,0
-3.3634765,1.5021849,1.6844394,0.074656785,0.67542017,0.73364413,0
2.2647052,1.3367064,-1.6705062,0.14159501,0.7210632,-0.67824662,0
4.6529412,0.59186959,-1.3384786,0.98710537,-0.15451619,0.041804075,0
4.1869998,-1.3442281,3.2249904,-0.14159501,-0.7210632,0.67824662,0
3.0417421,-2.189939,2.023716,-0.14159501,-0.7210632,0.67824662,0
-2.4943266,2.730237,0.55444074,0.074656785,0.67542017,0.73364413,0
-2.8727164,-0.93794823,-1.5441387,-0.074656785,-0.67542017,-0.73364413,0
-3.6688471,-0.99127007,1.8673894,-0.14159501,-0.7210632,0.67824662,0
-0.95388198,1.9106183,-1.7888708,0.14159501,0.7210632,-0.67824662,0
-2.0320556,2.2411144,0.74929893,0.074656785,0.67542017,0.73364413,0
1.2466506,-1.1110625,-1.9424006,-0.074656785,-0.67542017,-0.73364413,0
-1.1722264,3.2214963,-0.61301905,0.14159501,0.7210632,-0.67824662,0
-3.9032345,-2.125227,-0.34066296,-0.074656785,-0.67542017,-0.73364413,0
-2.648701,0.36172688,-2.8811834,-0.074656785,-0.67542017,-0.73364413,0
3.5681915,0.90953803,1.4097133,0.074656785,0.67542017,0.73364413,0
-3.3615026,-2.7342579,0.21645355,-0.14159501,-0.7210632,0.67824662,0
4.7071753,1.4527802,0.044395447,0.98710537,-0.15451619,0.041804075,0
4.7586865,1.1128321,-1.3876433,0.14159501,0.7210632,-0.67824662,0
-0.34867311,-1.278136,2.3311205,-0.14159501,-0.7210632,0.67824662,0
2.3425703,-0.55490363,2.8996859,0.074656785,0.67542017,0.73364413,0
2.2275705,2.2529762,0.5161407,0.074656785,0.67542017,0.73364413,0
-3.1173129,1.1644945,-3.1143672,0.14159501,0.7210632,-0.67824662,0
3.5271099,-0.57048094,2.8174343,0.074656785,0.67542017,0.73364413,0
4.2757444,1.3383071,1.1661704,0.074656785,0.67542017,0.73364413,0
4.7168899,0.69176561,1.0399475,0.98710537,-0.15451619,0.041804075,0
-4.44104,1.2706611,1.0780277,-0.98710537,0.15451619,-0.041804075,0
4.8219767,1.6751035,-0.82631063,0.98710537,-0.15451619,0.041804075,0
-2.840399,-0.15101695,2.8948677,-0.14159501,-0.7210632,0.67824662,0
-1.5522852,1.4076445,1.7239506,0.074656785,0.67542017,0.73364413,0
2.8487153,-0.063069224,2.5384028,0.074656785,0.67542017,0.73364413,0
4.6161785,0.8853159,-1.8155389,0.14159501,0.7210632,-0.67824662,0
4.3344707,-1.2657416,-0.66482353,0.98710537,-0.15451619,0.041804075,0
4.2744803,-1.665794,2.3813853,0.98710537,-0.15451619,0.041804075,0
-0.31152737,2.0108614,0.95629394,0.074656785,0.67542017,0.73364413,0
4.5611992,0.1652308,0.83801031,0.98710537,-0.15451619,0.041804075,0
-4.6238112,-0.024815321,2.4195461,-0.98710537,0.15451619,-0.041804075,0
-3.2743182,-0.12542367,2.9915941,-0.14159501,-0.7210632,0.67824662,0
0.95060432,1.6902908,0.97017467,0.074656785,0.67542017,0.73364413,0
-2.215795,2.2483034,0.97455275,0.074656785,0.67542017,0.73364413,0
-3.9899452,2.4703946,0.87758851,0.074656785,0.67542017,0.73364413,0
1.5013952,-2.9463575,-0.11578739,-0.074656785,-0.67542017,-0.73364413,0
4.4949398,0.35744196,1.265681,0.98710537,-0.15451619,0.041804075,0
0.66068435,1.6390699,-1.9020333,0.14159501,0.7210632,-0.67824662,0
2.9818041,2.1491351,-0.8435173,0.14159501,0.7210632,-0.67824662,0
4.7607288,0.88868058,-0.32016659,0.98710537,-0.15451619,0.041804075,0
1.0254643,-1.6776006,-1.327949,-0.074656785,-0.67542017,-0.73364413,0
-0.34383726,1.9939338,-1.6312332,0.14159501,0.7210632,-0.67824662,0
-4.1002402,2.8501167,-1.257833,-0.98710537,0.15451619,-0.041804075,0
0.25393128,-1.2782924,2.3579988,-0.14159501,-0.7210632,0.67824662,0
2.3387632,1.4837724,1.2002294,0.074656785,0.67542017,0.73364413,0
3.1563137,-0.15401208,2.6473093,0.074656785,0.67542017,0.73364413,0
-4.60886,-0.62970519,-1.4797349,-0.98710537,0.15451619,-0.041804075,0
0.090512753,1.1028438,-2.4820542,0.14159501,0.7210632,-0.67824662,0
3.7874689,-2.720145,1.5554063,-0.14159501,-0.7210632,0.67824662,0
3.392024,-1.5539832,-1.5288208,-0.074656785,-0.67542017,-0.73364413,0
3.3076422,-2.4686673,1.8649489,-0.14159501,-0.7210632,0.67824662,0
0.54790968,-1.6577663,-1.3758472,-0.074656785,-0.67542017,-0.73364413,0
-1.4272914,-0.6486361,2.6362953,-0.14159501,-0.7210632,0.67824662,0
4.2187781,0.48840821,1.7307239,0.074656785,0.67542017,0.73364413,0
-4.6903,-0.52731776,1.2834105,-0.98710537,0.15451619,-0.041804075,0
-4.0238152,1.6029422,1.6613069,0.074656785,0.67542017,0.73364413,0
-3.7869329,-2.2457695,0.37436581,-0.14159501,-0.7210632,0.67824662,0
4.910387,1.6103195,-0.41503286,0.98710537,-0.15451619,0.041804075,0
-0.38459897,1.9921861,0.98207343,0.074656785,0.67542017,0.73364413,0
-1.9235324,1.3625039,-2.5431175,0.14159501,0.7210632,-0.67824662,0
-0.77137852,-2.0860176,1.2743847,-0.14159501,-0.7210632,0.67824662,0
4.2496219,-1.6714535,-0.73948622,0.98710537,-0.15451619,0.041804075,0
4.7246356,1.0238522,0.25803709,0.98710537,-0.15451619,0.041804075,0
4.1245413,-2.5579214,-0.36346126,0.98710537,-0.15451619,0.041804075,0
-4.1933608,-0.46305943,-1.8106978,-0.074656785,-0.67542017,-0.73364413,0
3.3984487,0.43264234,2.1151328,0.074656785,0.67542017,0.73364413,0
-0.85346484,-3.0054927,0.2343384,-0.074656785,-0.67542017,-0.73364413,0
4.6530547,0.4776518,0.069452763,0.98710537,-0.15451619,0.041804075,0
4.8135691,1.5568171,-0.92636395,0.98710537,-0.15451619,0.041804075,0
2.889493,0.41133332,-2.6305988,0.14159501,0.7210632,-0.67824662,0
2.0455713,1.4357671,1.3208919,0.074656785,0.67542017,0.73364413,0
2.2285812,1.3209411,-1.9552307,0.14159501,0.7210632,-0.67824662,0
-4.2901578,1.601763,1.1270847,-0.98710537,0.15451619,-0.041804075,0
2.7351749,-2.5029912,1.5385076,-0.14159501,-0.7210632,0.67824662,0
0.21720397,1.943048,0.81285489,0.074656785,0.67542017,0.73364413,0
-3.1023839,2.0373905,-2.240633,0.14159501,0.7210632,-0.67824662,0
2.4744639,-0.28967702,2.6448224,0.074656785,0.67542017,0.73364413,0
-1.7041116,-2.7112803,-0.0087938309,-0.074656785,-0.67542017,-0.73364413,0
-2.3493941,2.7201025,-1.352116,0.14159501,0.7210632,-0.67824662,0
-1.0124959,2.5549021,-1.2173624,0.14159501,0.7210632,-0.67824662,0
3.0861261,-1.1623971,-1.990262,-0.074656785,-0.67542017,-0.73364413,0
-4.5299201,-0.5690034,-1.3611114,-0.98710537,0.15451619,-0.041804075,0
1.9891468,0.39051843,2.2199824,0.074656785,0.67542017,0.73364413,0
-1.4437282,-1.9770216,-0.89267266,-0.074656785,-0.67542017,-0.73364413,0
-4.7323766,-0.11117959,1.6835237,-0.98710537,0.15451619,-0.041804075,0
-0.37259173,2.3207242,-1.2685224,0.14159501,0.7210632,-0.67824662,0
0.035544753,-0.20643282,3.0242472,0.074656785,0.67542017,0.73364413,0
-0.17452407,3.1102991,-0.087006539,0.074656785,0.67542017,0.73364413,0
-0.61230886,-0.66546893,-2.0459075,-0.074656785,-0.67542017,-0.73364413,0
-4.4869661,0.65568686,1.0109854,-0.98710537,0.15451619,-0.041804075,0
3.1479075,-3.3638363,0.0503335,-0.074656785,-0.67542017,-0.73364413,0
-4.230401,1.8934306,-0.83395004,-0.98710537,0.15451619,-0.041804075,0
4.6408448,-0.1684171,-0.54555464,0.98710537,-0.15451619,0.041804075,0
-2.4925125,-1.9418094,-0.65770125,-0.074656785,-0.67542017,-0.73364413,0
-1.2577199,-0.54102302,2.9848304,-0.14159501,-0.7210632,0.67824662,0
0.19714904,3.110774,-0.14828038,0.074656785,0.67542017,0.73364413,0
-3.449147,-2.3676019,0.38416624,-0.14159501,-0.7210632,0.67824662,0
-1.0407887,-1.0566394,-1.6592251,-0.074656785,-0.67542017,-0.73364413,0
-4.4658237,0.78053081,-1.292295,-0.98710537,0.15451619,-0.041804075,0
-3.6484194,-0.52006602,2.3992043,-0.14159501,-0.7210632,0.67824662,0
4.4178405,-0.5074501,2.012002,0.98710537,-0.15451619,0.041804075,0
-4.1510134,2.3975201,-1.7075779,-0.98710537,0.15451619,-0.041804075,0
4.636117,0.17955661,-2.0654511,0.98710537,-0.15451619,0.041804075,0
1.0582826,-1.9188931,-0.95385289,-0.074656785,-0.67542017,-0.73364413,0
-0.69154978,-1.3103688,2.2917387,-0.14159501,-0.7210632,0.67824662,0
4.8178711,1.3608686,-1.046237,0.98710537,-0.15451619,0.041804075,0
-4.1749229,1.6194462,-1.3996828,-0.98710537,0.15451619,-0.041804075,0
-4.7690306,-1.297334,-0.75377226,-0.98710537,0.15451619,-0.041804075,0
3.5786347,-1.0012991,3.2143817,0.074656785,0.67542017,0.73364413,0
-1.5785275,1.8458006,-2.1760015,0.14159501,0.7210632,-0.67824662,0
-2.7464714,-1.7174038,-0.9931097,-0.074656785,-0.67542017,-0.73364413,0
-4.2437253,-1.9049404,-0.46404839,-0.074656785,-0.67542017,-0.73364413,0
4.1098814,-2.7385859,0.99248743,0.98710537,-0.15451619,0.041804075,0
1.2576311,2.8215547,-0.52894473,0.14159501,0.7210632,-0.67824662,0
4.1878705,-0.61765409,-2.5064118,-0.074656785,-0.67542017,-0.73364413,0
-2.3418779,0.087046623,3.0081091,0.074656785,0.67542017,0.73364413,0
-4.4742584,1.2264922,1.5581737,-0.98710537,0.15451619,-0.041804075,0
-3.1766109,-2.186909,0.68000126,-0.14159501,-0.7210632,0.67824662,0
-4.8661537,-1.2131997,1.0182843,-0.98710537,0.15451619,-0.041804075,0
-2.0527325,-0.1359992,-2.4364126,-0.074656785,-0.67542017,-0.73364413,0
4.6145506,0.31099153,-0.27556324,0.98710537,-0.15451619,0.041804075,0
4.4429917,-0.69520122,2.2025278,0.98710537,-0.15451619,0.041804075,0
1.9514588,-0.8107245,-2.2318759,-0.074656785,-0.67542017,-0.73364413,0
-0.79418504,1.2977929,-2.4099774,0.14159501,0.7210632,-0.67824662,0
4.4656005,-0.65394855,-0.88066626,0.98710537,-0.15451619,0.041804075,0
0.92724597,-2.5647249,-0.47415051,-0.074656785,-0.67542017,-0.73364413,0
4.3116412,-0.95568192,0.21997738,0.98710537,-0.15451619,0.041804075,0
-2.1656501,-2.7478175,0.24647117,-0.14159501,-0.7210632,0.67824662,0
-4.6385465,-0.23272665,-0.68524981,-0.98710537,0.15451619,-0.041804075,0
-4.1190219,2.0245233,-1.4147162,-0.98710537,0.15451619,-0.041804075,0
-4.7839522,-0.84792602,0.5726552,-0.98710537,0.15451619,-0.041804075,0
2.0188608,1.5993065,1.1840231,0.074656785,0.67542017,0.73364413,0
-2.4266489,-1.7490313,1.4447746,-0.14159501,-0.7210632,0.67824662,0
-0.87790871,1.8222106,-1.872155,0.14159501,0.7210632,-0.67824662,0
-4.3995461,1.0203977,-2.122894,-0.98710537,0.15451619,-0.041804075,0
-4.210454,1.134913,-2.7453523,-0.98710537,0.15451619,-0.041804075,0
-3.3095808,-0.30072069,-2.2129745,-0.074656785,-0.67542017,-0.73364413,0
4.4196725,-1.0767145,-0.52473211,0.98710537,-0.15451619,0.041804075,0
-4.1460314,2.4999778,0.53145194,-0.98710537,0.15451619,-0.041804075,0
3.1616342,-3.4175854,0.80188251,-0.14159501,-0.7210632,0.67824662,0
-0.58261496,-0.90551388,-1.7439437,-0.074656785,-0.67542017,-0.73364413,0
-3.3563499,0.54767776,-2.9564123,-0.074656785,-0.67542017,-0.73364413,0
-0.48303136,0.6747365,2.0441494,0.074656785,0.67542017,0.73364413,0
-4.6584983,0.30793571,2.0817204,-0.98710537,0.15451619,-0.041804075,0
4.7228613,1.428098,0.57234573,0.98710537,-0.15451619,0.041804075,0
4.1757059,-2.7406294,0.82492661,0.98710537,-0.15451619,0.041804075,0
-3.941005,3.1991601,0.092025042,0.074656785,0.67542017,0.73364413,0
-0.87997413,-2.0914309,1.3746196,-0.14159501,-0.7210632,0.67824662,0
-1.8988292,3.0020599,-0.79550064,0.14159501,0.7210632,-0.67824662,0
2.2144475,2.4839377,-0.69571543,0.14159501,0.7210632,-0.67824662,0
1.4267759,3.0037501,-0.29202998,0.14159501,0.7210632,-0.67824662,0
-0.90126431,0.14315081,2.7369082,0.074656785,0.67542017,0.73364413,0
3.5999265,0.77171373,-2.1784418,0.14159501,0.7210632,-0.67824662,0
-2.2194974,2.9157386,0.40248752,0.074656785,0.67542017,0.73364413,0
1.6509997,0.21863222,-3.0003033,-0.074656785,-0.67542017,-0.73364413,0
0.69760197,0.89740598,1.756744,0.074656785,0.67542017,0.73364413,0
-4.1840801,0.80184436,2.3017149,0.074656785,0.67542017,0.73364413,0
-4.238163,-1.4978236,-0.78628206,-0.074656785,-0.67542017,-0.73364413,0
4.3070002,-1.9736073,-0.064603806,0.98710537,-0.15451619,0.041804075,0
-4.7086315,-1.5124664,0.11694288,-0.98710537,0.15451619,-0.041804075,0
4.2919998,-1.2926117,0.62694979,0.98710537,-0.15451619,0.041804075,0
-2.9157615,1.9333754,-2.1235759,0.14159501,0.7210632,-0.67824662,0
4.1373096,-2.9137764,0.73925018,0.98710537,-0.15451619,0.041804075,0
4.5239401,0.23761559,-0.62756634,0.98710537,-0.15451619,0.041804075,0
3.5484524,0.77715719,1.7580125,0.074656785,0.67542017,0.73364413,0
-0.47094679,2.3673239,0.477157,0.074656785,0.67542017,0.73364413,0
-4.4608927,0.98550606,2.0995717,-0.98710537,0.15451619,-0.041804075,0
4.1669841,-2.3079929,1.3845122,0.98710537,-0.15451619,0.041804075,0
3.5570812,-0.48292875,-2.7126851,-0.074656785,-0.67542017,-0.73364413,0
4.7502918,1.758002,0.34466743,0.98710537,-0.15451619,0.041804075,0
-1.4059966,-1.7539463,1.5042157,-0.14159501,-0.7210632,0.67824662,0
4.7410784,1.0177698,0.76706171,0.98710537,-0.15451619,0.041804075,0
1.5134414,-2.420331,-0.72333825,-0.074656785,-0.67542017,-0.73364413,0
-3.8539836,2.0358021,-2.2931433,0.14159501,0.7210632,-0.67824662,0
4.3637586,1.6728311,-1.0882683,0.14159501,0.7210632,-0.67824662,0
3.033931,-2.6523216,1.5688623,-0.14159501,-0.7210632,0.67824662,0
-4.5709281,-0.43011785,0.92766476,-0.98710537,0.15451619,-0.041804075,0
1.746338,-0.53353548,-2.3557072,-0.074656785,-0.67542017,-0.73364413,0
-4.0508966,0.073179245,2.9371734,-0.14159501,-0.7210632,0.67824662,0
-4.5039768,0.022931576,0.95603895,-0.98710537,0.15451619,-0.041804075,0
0.70313764,2.361196,-1.0228169,0.14159501,0.7210632,-0.67824662,0
4.7001896,1.2676568,-0.81645727,0.98710537,-0.15451619,0.041804075,0
-1.830606,2.8190703,0.2392205,0.074656785,0.67542017,0.73364413,0
-4.3987808,1.1419377,-1.0381303,-0.98710537,0.15451619,-0.041804075,0
4.4307289,1.6240349,0.77296066,0.074656785,0.67542017,0.73364413,0
-2.9382644,-0.43735027,2.5406952,-0.14159501,-0.7210632,0.67824662,0
4.6115136,0.31009901,0.19867516,0.98710537,-0.15451619,0.041804075,0
1.6150028,-2.5692077,1.2807757,-0.14159501,-0.7210632,0.67824662,0
3.3166664,0.62754989,-2.3071682,0.14159501,0.7210632,-0.67824662,0
4.2065387,0.5684163,1.821903,0.074656785,0.67542017,0.73364413,0
0.9798007,-0.8518827,3.0777745,-0.14159501,-0.7210632,0.67824662,0
4.5894547,0.15030265,-1.536119,0.98710537,-0.15451619,0.041804075,0
3.0082657,-2.4768925,1.7292484,-0.14159501,-0.7210632,0.67824662,0
-2.9144392,1.0362461,-3.3360093,0.14159501,0.7210632,-0.67824662,0
2.7627592,-1.0623853,-1.8977511,-0.074656785,-0.67542017,-0.73364413,0
-4.4462805,0.95128512,1.1386514,-0.98710537,0.15451619,-0.041804075,0
1.8463019,0.99676871,1.5190389,0.074656785,0.67542017,0.73364413,0
0.2141788,0.1295073,2.5920417,0.074656785,0.67542017,0.73364413,0
-0.00067401677,0.79602838,1.9481827,0.074656785,0.67542017,0.73364413,0
-0.97171986,1.919414,1.1648145,0.074656785,0.67542017,0.73364413,0
-4.0168705,2.7517409,0.70401335,0.074656785,0.67542017,0.73364413,0
4.5501366,-1.0048494,-1.9265184,0.98710537,-0.15451619,0.041804075,0
0.93375397,-0.95689797,2.9297545,-0.14159501,-0.7210632,0.67824662,0
2.3038392,-1.254323,-1.8878151,-0.074656785,-0.67542017,-0.73364413,0
4.4197955,-1.6476643,-0.66970921,0.98710537,-0.15451619,0.041804075,0
-2.0499654,1.3419805,-2.6648686,0.14159501,0.7210632,-0.67824662,0
4.6584554,0.022766352,-1.1898832,0.98710537,-0.15451619,0.041804075,0
3.5751204,1.1848843,-1.6894138,0.14159501,0.7210632,-0.67824662,0
-2.1201372,1.688854,1.451035,0.074656785,0.67542017,0.73364413,0
1.2949076,2.786068,0.09933269,0.074656785,0.67542017,0.73364413,0
-0.78691554,-2.5972669,0.85236371,-0.14159501,-0.7210632,0.67824662,0
-1.5307057,-1.4224532,1.9463758,-0.14159501,-0.7210632,0.67824662,0
-4.179656,2.2237418,-0.46511483,-0.98710537,0.15451619,-0.041804075,0
4.682395,1.1875705,0.707726,0.98710537,-0.15451619,0.041804075,0
-1.0789635,-1.3707309,1.9151014,-0.14159501,-0.7210632,0.67824662,0
0.010182381,1.5758321,-2.0530193,0.14159501,0.7210632,-0.67824662,0
-2.1042054,1.2708964,1.7929024,0.074656785,0.67542017,0.73364413,0
3.4197991,-0.88913924,3.2380223,0.074656785,0.67542017,0.73364413,0
-4.6535716,-0.87777412,-0.81549215,-0.98710537,0.15451619,-0.041804075,0
3.6605134,-2.9992185,-0.20404458,-0.074656785,-0.67542017,-0.73364413,0
0.53106689,-2.9609358,0.61396658,-0.14159501,-0.7210632,0.67824662,0
-4.7620754,-0.67566931,0.23810101,-0.98710537,0.15451619,-0.041804075,0
-4.2212548,0.28486723,-2.4635394,-0.074656785,-0.67542017,-0.73364413,0
-4.2422476,1.7348545,1.6661348,0.074656785,0.67542017,0.73364413,0
-4.7447901,-2.311316,0.10500145,-0.14159501,-0.7210632,0.67824662,0
-4.4055285,0.71002638,-2.5693293,-0.98710537,0.15451619,-0.041804075,0
4.1788411,0.53009558,-2.2861099,0.14159501,0.7210632,-0.67824662,0
3.2752509,1.3712431,1.1566105,0.074656785,0.67542017,0.73364413,0
1.3574381,2.7682688,0.013447881,0.074656785,0.67542017,0.73364413,0
4.3511891,-1.8265364,0.18279648,0.98710537,-0.15451619,0.041804075,0
4.4019632,-0.55894756,2.3039522,0.98710537,-0.15451619,0.041804075,0
4.7255793,0.71392411,-0.63569927,0.98710537,-0.15451619,0.041804075,0
-4.6148376,0.18573761,2.9585319,-0.14159501,-0.7210632,0.67824662,0
-0.4553448,-0.56541538,-2.0731912,-0.074656785,-0.67542017,-0.73364413,0
2.1042173,-0.82859159,-2.143127,-0.074656785,-0.67542017,-0.73364413,0
-4.3482761,1.2402971,0.63490677,-0.98710537,0.15451619,-0.041804075,0
3.4695594,-0.46912253,2.9280162,0.074656785,0.67542017,0.73364413,0
-4.5709949,-0.4212935,0.95790577,-0.98710537,0.15451619,-0.041804075,0
-4.0834017,2.8077066,-0.97251415,-0.98710537,0.15451619,-0.041804075,0
2.0394347,-0.9293294,-2.1824026,-0.074656785,-0.67542017,-0.73364413,0
4.4010601,-0.77480137,-0.3648262,0.98710537,-0.15451619,0.041804075,0
-4.2706356,2.4252617,0.4940815,-0.98710537,0.15451619,-0.041804075,0
-4.4864635,-0.041157901,-2.1638875,-0.98710537,0.15451619,-0.041804075,0
-4.3226256,0.90337706,-0.57119918,-0.98710537,0.15451619,-0.041804075,0
-3.8521101,-2.3398924,0.46473265,-0.14159501,-0.7210632,0.67824662,0
-0.4092834,2.2269111,0.85122585,0.074656785,0.67542017,0.73364413,0
2.6955183,-2.1622422,2.049022,-0.14159501,-0.7210632,0.67824662,0
-2.1711693,1.9872844,-1.8889687,0.14159501,0.7210632,-0.67824662,0
-1.2205982,3.2218006,-0.38875243,0.14159501,0.7210632,-0.67824662,0
2.0856183,-2.4224069,1.6602714,-0.14159501,-0.7210632,0.67824662,0
4.4042749,2.095705,-0.59747314,0.14159501,0.7210632,-0.67824662,0
-1.5423648,-1.287261,2.0317521,-0.14159501,-0.7210632,0.67824662,0
1.085719,-1.2181333,2.6751971,-0.14159501,-0.7210632,0.67824662,0
-0.22745454,-1.6946248,-1.1456578,-0.074656785,-0.67542017,-0.73364413,0
4.6405859,-0.33785534,-0.92747498,0.98710537,-0.15451619,0.041804075,0
4.9356084,1.9542375,-0.28099203,0.98710537,-0.15451619,0.041804075,0
-3.1245005,-0.41897631,2.5721505,-0.14159501,-0.7210632,0.67824662,0
1.0869038,-0.64182448,-2.3677647,-0.074656785,-0.67542017,-0.73364413,0
4.5456381,-0.40331405,0.64056635,0.98710537,-0.15451619,0.041804075,0
-4.1795206,2.5663776,-0.20863914,-0.98710537,0.15451619,-0.041804075,0
-1.2930524,-2.7808638,0.075522184,-0.074656785,-0.67542017,-0.73364413,0
4.047801,2.1855726,-0.66427183,0.14159501,0.7210632,-0.67824662,0
3.5483851,-1.4462093,2.7466908,-0.14159501,-0.7210632,0.67824662,0
-1.0880463,-0.4330349,2.9031768,-0.14159501,-0.7210632,0.67824662,0
-4.6676636,-1.1526723,1.4055481,-0.14159501,-0.7210632,0.67824662,0
1.9295892,-1.7905514,2.3246977,-0.14159501,-0.7210632,0.67824662,0
-4.0586958,3.1033821,0.28736997,-0.98710537,0.15451619,-0.041804075,0
2.7764826,0.56807792,1.8869419,0.074656785,0.67542017,0.73364413,0
-2.2949104,-1.3174411,1.7987039,-0.14159501,-0.7210632,0.67824662,0
-4.4250588,1.2586844,1.5638819,-0.98710537,0.15451619,-0.041804075,0
3.5079403,1.3709691,-1.4040449,0.14159501,0.7210632,-0.67824662,0
-0.062414646,2.7220466,-0.75541049,0.14159501,0.7210632,-0.67824662,0
-2.3670466,-0.27200747,2.787426,-0.14159501,-0.7210632,0.67824662,0
-1.2864928,2.3210828,-1.4594673,0.14159501,0.7210632,-0.67824662,0
1.0721395,2.6155276,0.22988868,0.074656785,0.67542017,0.73364413,0
3.6481533,-1.8922701,-1.3014286,-0.074656785,-0.67542017,-0.73364413,0
0.46938181,0.54822993,-3.0796778,0.14159501,0.7210632,-0.67824662,0
-1.1532776,-2.6555824,-0.036979079,-0.074656785,-0.67542017,-0.73364413,0
-3.7877281,-0.88370895,1.9014924,-0.14159501,-0.7210632,0.67824662,0
-4.0193801,3.3297949,-0.36100864,-0.98710537,0.15451619,-0.041804075,0
-4.9278145,-2.3536413,0.065356731,-0.14159501,-0.7210632,0.67824662,0
4.7043862,0.50932419,0.31065702,0.98710537,-0.15451619,0.041804075,0
4.4132557,-1.5833533,-0.74446344,0.98710537,-0.15451619,0.041804075,0
4.3496876,-0.46385714,1.5036964,0.98710537,-0.15451619,0.041804075,0
-4.1493082,2.5163846,-0.46343374,-0.98710537,0.15451619,-0.041804075,0
-4.1449089,1.7466242,-0.9275527,-0.98710537,0.15451619,-0.041804075,0
4.9204364,1.4740785,-0.93791819,0.98710537,-0.15451619,0.041804075,0
-0.27668309,1.8603055,-1.7692165,0.14159501,0.7210632,-0.67824662,0
1.4188331,-3.2092586,0.58121502,-0.14159501,-0.7210632,0.67824662,0
4.6294079,-0.52506733,-2.0000496,0.98710537,-0.15451619,0.041804075,0
-3.5024834,0.7935549,-3.0381668,-0.074656785,-0.67542017,-0.73364413,0
0.072561741,-2.4323337,-0.51484728,-0.074656785,-0.67542017,-0.73364413,0
-4.1665092,2.4461784,-0.095000982,-0.98710537,0.15451619,-0.041804075,0
-0.052672625,2.9610631,-0.025713831,0.074656785,0.67542017,0.73364413,0
-4.0960131,2.3814063,0.24851036,-0.98710537,0.15451619,-0.041804075,0
4.4964261,0.29212338,1.7286978,0.98710537,-0.15451619,0.041804075,0
-3.2892194,0.19819343,-2.5416503,-0.074656785,-0.67542017,-0.73364413,0
3.6354046,-2.4191186,1.9268324,-0.14159501,-0.7210632,0.67824662,0
2.300055,0.28186238,2.3548555,0.074656785,0.67542017,0.73364413,0
1.9985628,2.5888643,0.02353406,0.074656785,0.67542017,0.73364413,0
-1.0470605,-1.7046659,-1.0254809,-0.074656785,-0.67542017,-0.73364413,0
4.6026173,0.52665067,-2.2324328,0.14159501,0.7210632,-0.67824662,0
4.6809015,-0.4121244,-2.2399879,0.98710537,-0.15451619,0.041804075,0
-4.7982688,-1.5373416,0.98847389,-0.98710537,0.15451619,-0.041804075,0
-4.3095293,0.86592084,-1.7306364,-0.98710537,0.15451619,-0.041804075,0
-1.6026361,0.44048095,2.4476407,0.074656785,0.67542017,0.73364413,0
4.1730714,-1.5343347,1.3152201,0.98710537,-0.15451619,0.041804075,0
-2.7272124,0.73595512,-3.2451398,-0.074656785,-0.67542017,-0.73364413,0
4.301981,-2.0527163,-1.1039603,0.98710537,-0.15451619,0.041804075,0
3.539825,0.98945713,-1.8142335,0.14159501,0.7210632,-0.67824662,0
4.4948616,-0.51539946,-1.1943045,0.98710537,-0.15451619,0.041804075,0
-4.312952,2.1246982,0.48955631,-0.98710537,0.15451619,-0.041804075,0
-2.949451,-1.1390054,-1.3105245,-0.074656785,-0.67542017,-0.73364413,0
4.1496525,-2.4224925,0.98476338,0.98710537,-0.15451619,0.041804075,0
-4.1777773,2.6964197,-0.44147491,-0.98710537,0.15451619,-0.041804075,0
0.010795116,1.7801332,1.1648053,0.074656785,0.67542017,0.73364413,0
2.6583734,0.73545957,-2.3201642,0.14159501,0.7210632,-0.67824662,0
-3.7171984,-2.1785808,0.73254013,-0.14159501,-0.7210632,0.67824662,0
-1.6517421,2.9200056,0.27048981,0.074656785,0.67542017,0.73364413,0
4.0915165,-2.6570597,1.4433668,0.98710537,-0.15451619,0.041804075,0
4.2825179,0.014716864,-2.8660989,0.14159501,0.7210632,-0.67824662,0
3.5110776,-2.1986945,-0.97441316,-0.074656785,-0.67542017,-0.73364413,0
-1.1733289,-2.9354198,0.18946636,-0.14159501,-0.7210632,0.67824662,0
1.1235764,2.8809204,-0.32433641,0.14159501,0.7210632,-0.67824662,0
2.2889791,-1.2867806,2.8736985,-0.14159501,-0.7210632,0.67824662,0
-4.2990589,1.8157638,0.0040373802,-0.98710537,0.15451619,-0.041804075,0
4.5044475,1.9308263,0.48155499,0.074656785,0.67542017,0.73364413,0
-3.570389,-0.62978077,-1.7853427,-0.074656785,-0.67542017,-0.73364413,0
4.3207788,-1.2501476,2.9044507,0.98710537,-0.15451619,0.041804075,0
-4.506578,-2.005136,0.47592831,-0.14159501,-0.7210632,0.67824662,0
-4.3610249,-2.2671638,0.39776134,-0.14159501,-0.7210632,0.67824662,0
2.2695098,-2.3624847,-0.91813993,-0.074656785,-0.67542017,-0.73364413,0
-4.2121973,1.7724242,-2.6772351,-0.98710537,0.15451619,-0.041804075,0
-2.2610791,-0.27709377,-2.2986083,-0.074656785,-0.67542017,-0.73364413,0
4.0136342,-3.0197539,0.92481256,0.98710537,-0.15451619,0.041804075,0
-2.0231576,2.3308928,0.66640639,0.074656785,0.67542017,0.73364413,0
-4.1637173,0.38008094,2.6935883,0.074656785,0.67542017,0.73364413,0
4.9219608,2.2556696,-0.16056299,0.98710537,-0.15451619,0.041804075,0
4.3261061,-1.7060189,-0.69349861,0.98710537,-0.15451619,0.041804075,0
-0.46590114,-1.0278287,2.5687032,-0.14159501,-0.7210632,0.67824662,0
2.8029404,0.80350614,1.6717664,0.074656785,0.67542017,0.73364413,0
1.7476358,1.7529598,0.8568728,0.074656785,0.67542017,0.73364413,0
4.4153099,-1.2159889,0.4081049,0.98710537,-0.15451619,0.041804075,0
-4.0922923,2.8780179,-1.3782446,-0.98710537,0.15451619,-0.041804075,0
0.029038191,0.0011646748,-2.8312027,-0.074656785,-0.67542017,-0.73364413,0
0.3705219,-0.34171104,3.0634971,0.074656785,0.67542017,0.73364413,0
0.21649432,2.9800229,-0.13179958,0.074656785,0.67542017,0.73364413,0
3.3160076,0.81674564,-2.2572711,0.14159501,0.7210632,-0.67824662,0
-3.727854,3.5109088,-0.089840889,0.074656785,0.67542017,0.73364413,0
-1.9076598,0.28485382,-2.7741263,-0.074656785,-0.67542017,-0.73364413,0
-4.1156178,2.934443,-0.18004441,-0.98710537,0.15451619,-0.041804075,0
-1.3294296,-2.9561496,0.19882059,-0.14159501,-0.7210632,0.67824662,0
3.765264,-2.1173854,2.1870878,-0.14159501,-0.7210632,0.67824662,0
1.3879626,-1.5532129,2.3061805,-0.14159501,-0.7210632,0.67824662,0
-2.0113397,3.30479,0.00049209595,0.074656785,0.67542017,0.73364413,0
-4.2720361,1.1711903,-2.4037185,-0.98710537,0.15451619,-0.041804075,0
-0.15069644,1.0768585,1.6599717,0.074656785,0.67542017,0.73364413,0
4.4067659,-0.89973116,-1.1361747,0.98710537,-0.15451619,0.041804075,0
0.537467,2.7322822,-0.68863976,0.14159501,0.7210632,-0.67824662,0
-3.6293621,-0.39031672,2.5771813,-0.14159501,-0.7210632,0.67824662,0
-1.5706612,-0.38422179,2.8528709,-0.14159501,-0.7210632,0.67824662,0
4.2354302,-1.9671034,0.3872335,0.98710537,-0.15451619,0.041804075,0
2.9290783,-3.0946724,-0.30137587,-0.074656785,-0.67542017,-0.73364413,0
2.4118934,0.38522279,2.2267132,0.074656785,0.67542017,0.73364413,0
-4.5147724,0.17822826,0.10395956,-0.98710537,0.15451619,-0.041804075,0
-4.5780125,-0.65720063,-0.048452377,-0.98710537,0.15451619,-0.041804075,0
1.4687209,1.4269555,-1.8402792,0.14159501,0.7210632,-0.67824662,0
4.6399012,1.1940749,0.49673176,0.98710537,-0.15451619,0.041804075,0
3.0586567,2.7038713,-0.21943665,0.14159501,0.7210632,-0.67824662,0
0.80920482,2.5808535,0.30369216,0.074656785,0.67542017,0.73364413,0
4.197927,-2.0124373,0.923177,0.98710537,-0.15451619,0.041804075,0
-3.9878502,2.2023656,1.2260253,0.074656785,0.67542017,0.73364413,0
4.5693946,-0.62352252,-2.4208326,0.98710537,-0.15451619,0.041804075,0
4.3368502,-1.5027033,0.39194179,0.98710537,-0.15451619,0.041804075,0
2.6291735,0.1254729,2.2224374,0.074656785,0.67542017,0.73364413,0
4.1145058,-0.28042877,2.6144109,0.074656785,0.67542017,0.73364413,0
-4.7485747,-1.8992288,0.74736881,-0.14159501,-0.7210632,0.67824662,0
-2.155817,3.0593231,-0.8931284,0.14159501,0.7210632,-0.67824662,0
4.5983253,-0.89083815,-2.1031103,0.98710537,-0.15451619,0.041804075,0
1.23007,0.16679001,2.4279203,0.074656785,0.67542017,0.73364413,0
-0.65253878,2.7405567,-1.0082027,0.14159501,0.7210632,-0.67824662,0
-0.065839767,2.5820329,-0.88606656,0.14159501,0.7210632,-0.67824662,0
-0.82058954,-1.5260093,1.7514985,-0.14159501,-0.7210632,0.67824662,0
-1.6753362,0.20757437,2.7145028,0.074656785,0.67542017,0.73364413,0
-4.6869283,-0.45689237,0.012853146,-0.98710537,0.15451619,-0.041804075,0
-0.42284918,-0.049557209,2.9327977,0.074656785,0.67542017,0.73364413,0
-3.6347828,-2.1131043,0.81311727,-0.14159501,-0.7210632,0.67824662,0
0.66790795,2.2471783,-1.1057212,0.14159501,0.7210632,-0.67824662,0
-1.1796323,1.609426,-2.3391695,0.14159501,0.7210632,-0.67824662,0
0.20503759,2.754643,-0.68100131,0.14159501,0.7210632,-0.67824662,0
-3.4625115,2.2961836,1.0401049,0.074656785,0.67542017,0.73364413,0
3.5502195,-2.7643979,-0.58921504,-0.074656785,-0.67542017,-0.73364413,0
4.0187626,-2.7529657,0.67786574,0.98710537,-0.15451619,0.041804075,0
2.7497547,1.7979293,-1.1187294,0.14159501,0.7210632,-0.67824662,0
2.5605011,-1.8931488,2.0748172,-0.14159501,-0.7210632,0.67824662,0
-4.6185164,0.21829724,1.9173927,-0.98710537,0.15451619,-0.041804075,0
-2.5752959,2.5009947,-1.5865138,0.14159501,0.7210632,-0.67824662,0
4.4870787,-0.50937676,-1.166266,0.98710537,-0.15451619,0.041804075,0
-4.7464938,-0.61943436,0.23458672,-0.98710537,0.15451619,-0.041804075,0
0.27428234,0.032717705,-2.6891897,-0.074656785,-0.67542017,-0.73364413,0
-0.53650713,1.9134107,0.9593147,0.074656785,0.67542017,0.73364413,0
4.553071,-0.97589946,-2.1912665,0.98710537,-0.15451619,0.041804075,0
-4.1588416,-0.64480364,-1.6103418,-0.074656785,-0.67542017,-0.73364413,0
-3.5328617,0.62210679,2.5489311,0.074656785,0.67542017,0.73364413,0
2.0763216,-1.9188271,-1.1832064,-0.074656785,-0.67542017,-0.73364413,0
4.518084,0.46403801,0.31516743,0.98710537,-0.15451619,0.041804075,0
-4.4893579,0.42814779,1.6328826,-0.98710537,0.15451619,-0.041804075,0
4.260273,-1.4208075,1.7778695,0.98710537,-0.15451619,0.041804075,0
-0.7668699,2.0513527,-1.6611767,0.14159501,0.7210632,-0.67824662,0
-1.9211395,0.54279995,2.4180148,0.074656785,0.67542017,0.73364413,0
-2.9704561,0.84412122,2.2600532,0.074656785,0.67542017,0.73364413,0
4.3810711,-1.0479746,1.3881574,0.98710537,-0.15451619,0.041804075,0
0.10587215,-3.1854529,0.32856572,-0.14159501,-0.7210632,0.67824662,0
-3.8201218,2.2945855,0.88895178,0.074656785,0.67542017,0.73364413,0
-0.24945545,3.018291,-0.55665088,0.14159501,0.7210632,-0.67824662,0
1.7376758,0.031578898,2.4202187,0.074656785,0.67542017,0.73364413,0
4.0759559,-3.3820565,0.58439207,0.98710537,-0.15451619,0.041804075,0
-4.437108,0.022462703,-1.3458054,-0.98710537,0.15451619,-0.041804075,0
-3.1814289,-2.5984178,0.025322199,-0.074656785,-0.67542017,-0.73364413,0
-3.1362636,-1.3550142,1.4963291,-0.14159501,-0.7210632,0.67824662,0
4.618506,-0.65552998,-2.3240099,0.98710537,-0.15451619,0.041804075,0
-4.6049867,-0.0093512386,-1.092361,-0.98710537,0.15451619,-0.041804075,0
-0.077984035,0.75464535,2.1178217,0.074656785,0.67542017,0.73364413,0
-0.54833412,-0.61969757,-2.0915251,-0.074656785,-0.67542017,-0.73364413,0
-1.8405535,-0.16601968,-2.3644171,-0.074656785,-0.67542017,-0.73364413,0
-1.5902594,-1.2634556,-1.3562944,-0.074656785,-0.67542017,-0.73364413,0
-1.50748,-0.4533205,-2.0764313,-0.074656785,-0.67542017,-0.73364413,0
1.7093244,-3.2534359,0.097563982,-0.074656785,-0.67542017,-0.73364413,0
-4.5749645,0.05914712,1.7237816,-0.98710537,0.15451619,-0.041804075,0
4.3786368,-0.38807583,-2.9269133,-0.074656785,-0.67542017,-0.73364413,0
3.8992565,-0.052326441,-2.8894205,0.14159501,0.7210632,-0.67824662,0
1.0458784,1.061878,-2.2364967,0.14159501,0.7210632,-0.67824662,0
2.3068864,0.38843846,-2.7514813,0.14159501,0.7210632,-0.67824662,0
4.4804616,0.06126529,1.8290415,0.98710537,-0.15451619,0.041804075,0
-0.10434994,-1.000165,-1.7951223,-0.074656785,-0.67542017,-0.73364413,0
-1.6856298,-2.2642655,-0.45028305,-0.074656785,-0.67542017,-0.73364413,0
-4.9126863,-2.2783904,-0.20447111,-0.074656785,-0.67542017,-0.73364413,0
-2.520133,1.164799,1.960592,0.074656785,0.67542017,0.73364413,0
2.6204505,-3.3965473,0.63259935,-0.14159501,-0.7210632,0.67824662,0
3.4749646,1.7482345,-1.1067965,0.14159501,0.7210632,-0.67824662,0
-3.1858773,0.64052081,2.4040172,0.074656785,0.67542017,0.73364413,0
4.1565242,-1.9401839,1.3054788,0.98710537,-0.15451619,0.041804075,0
4.6038523,2.4779472,-0.22158623,0.14159501,0.7210632,-0.67824662,0
-4.4313397,0.70624399,1.613771,-0.98710537,0.15451619,-0.041804075,0
-4.2837505,2.175735,-0.24535894,-0.98710537,0.15451619,-0.041804075,0
4.2091045,-2.6201794,-0.63012743,0.98710537,-0.15451619,0.041804075,0
-0.15160286,-1.1310914,-1.8001955,-0.074656785,-0.67542017,-0.73364413,0
-3.9616332,-1.9523253,-0.62710643,-0.074656785,-0.67542017,-0.73364413,0
-4.1253901,2.8101776,-0.16620898,-0.98710537,0.15451619,-0.041804075,0
1.357857,-3.3264055,0.55560064,-0.14159501,-0.7210632,0.67824662,0
-3.0791237,2.9529128,0.41596818,0.074656785,0.67542017,0.73364413,0
-4.565546,0.13398838,0.42917299,-0.98710537,0.15451619,-0.041804075,0
-1.6360481,3.372252,-0.16717362,0.074656785,0.67542017,0.73364413,0
-2.0076571,-2.6493342,-0.12588358,-0.074656785,-0.67542017,-0.73364413,0
1.3483441,2.0785027,-1.0502939,0.14159501,0.7210632,-0.67824662,0
-4.2278886,2.3341656,0.04312706,-0.98710537,0.15451619,-0.041804075,0
-3.9791608,1.3513997,-3.2018003,0.14159501,0.7210632,-0.67824662,0
2.3994718,-1.2460504,-1.868717,-0.074656785,-0.67542017,-0.73364413,0
-4.1640549,2.4919553,0.78027296,-0.98710537,0.15451619,-0.041804075,0
-4.0004082,2.4772537,-1.8798003,0.14159501,0.7210632,-0.67824662,0
4.1686091,-2.486834,1.6064613,0.98710537,-0.15451619,0.041804075,0
2.3667357,-1.1570987,2.8209019,-0.14159501,-0.7210632,0.67824662,0
-1.8467231,1.3706481,-2.5887866,0.14159501,0.7210632,-0.67824662,0
-1.7204497,1.4365699,1.4946971,0.074656785,0.67542017,0.73364413,0
-4.4587369,1.1882358,2.0644274,-0.98710537,0.15451619,-0.041804075,0
-0.70931602,-2.4743545,0.8311336,-0.14159501,-0.7210632,0.67824662,0
-4.3883786,1.5234413,0.99438143,-0.98710537,0.15451619,-0.041804075,0
-3.1683073,-0.46285009,-2.1075139,-0.074656785,-0.67542017,-0.73364413,0
-2.5834928,-1.905127,1.04125,-0.14159501,-0.7210632,0.67824662,0
2.5682554,-0.28973734,2.7933309,0.074656785,0.67542017,0.73364413,0
2.6127923,-3.5195253,0.3271091,-0.074656785,-0.67542017,-0.73364413,0
3.6046677,1.8859595,-0.82453489,0.14159501,0.7210632,-0.67824662,0
4.1152272,-3.1089697,0.48688149,0.98710537,-0.15451619,0.041804075,0
0.31876659,0.91229141,-2.6901555,0.14159501,0.7210632,-0.67824662,0
-4.8357763,-1.1218526,0.12502956,-0.98710537,0.15451619,-0.041804075,0
3.8866811,-3.391119,0.79425812,-0.14159501,-0.7210632,0.67824662,0
0.23420155,2.1923738,0.78176427,0.074656785,0.67542017,0.73364413,0
4.510396,-0.34714162,-0.37695503,0.98710537,-0.15451619,0.041804075,0
-1.8512468,0.39758682,2.6313818,0.074656785,0.67542017,0.73364413,0
-4.3986449,0.92257071,1.0568857,-0.98710537,0.15451619,-0.041804075,0
1.3399956,-0.42868948,-2.4286506,-0.074656785,-0.67542017,-0.73364413,0
