2.7705901,0.71827173,-1.2493806,0.24726783,0.71448219,-0.65450269,0
-0.26761377,-2.5470462,-0.4611854,-0.23385799,-0.61150336,-0.75589281,0
3.5050218,0.073282719,-1.6620238,0.24726783,0.71448219,-0.65450269,0
0.0016283989,1.3376855,1.524627,0.23385799,0.61150336,0.75589281,0
2.9596262,-0.79686224,-2.6747365,0.24726783,0.71448219,-0.65450269,0
-1.4335936,-2.1903105,0.20035911,-0.24726783,-0.71448219,0.65450269,0
3.747596,-1.3265758,2.3358693,0.94030255,-0.33996874,-0.015882254,0
2.4130325,0.31576788,-1.7412589,0.24726783,0.71448219,-0.65450269,0
1.7153196,-2.0139904,-1.5342529,-0.23385799,-0.61150336,-0.75589281,0
-3.6013498,1.7328403,0.38126922,-0.94030255,0.33996874,0.015882254,0
0.028983831,0.4254092,-2.4877417,0.24726783,0.71448219,-0.65450269,0
2.4626746,0.17694938,-2.0352201,0.24726783,0.71448219,-0.65450269,0
1.9635046,-2.2889764,-1.3186589,-0.23385799,-0.61150336,-0.75589281,0
0.42379248,-2.8704877,0.1277685,-0.24726783,-0.71448219,0.65450269,0
3.7547693,-1.5324892,1.5248861,0.94030255,-0.33996874,-0.015882254,0
3.7087824,-1.6202648,-0.8251071,0.94030255,-0.33996874,-0.015882254,0
-1.0634842,-2.468426,0.075093031,-0.24726783,-0.71448219,0.65450269,0
1.3483627,-1.6819594,-1.5720477,-0.23385799,-0.61150336,-0.75589281,0
-0.0044221878,-0.85646397,2.1182547,-0.24726783,-0.71448219,0.65450269,0
-2.3967392,2.8993196,-0.86044002,0.24726783,0.71448219,-0.65450269,0
3.9066329,-0.95569289,-1.2074823,0.94030255,-0.33996874,-0.015882254,0
3.9677043,-0.88799155,0.66826725,0.94030255,-0.33996874,-0.015882254,0
-2.0728879,2.5769882,-1.0055333,0.24726783,0.71448219,-0.65450269,0
-3.7973604,-0.49577332,1.1072536,-0.24726783,-0.71448219,0.65450269,0
2.2711856,-3.5770397,-0.43933392,-0.23385799,-0.61150336,-0.75589281,0
-0.90861142,2.3651941,-0.7779752,0.24726783,0.71448219,-0.65450269,0
-3.1534224,2.7460279,0.61314154,-0.94030255,0.33996874,0.015882254,0
-1.7613368,-2.3236501,-0.12984228,-0.23385799,-0.61150336,-0.75589281,0
0.11883807,2.3214464,-0.54489446,0.24726783,0.71448219,-0.65450269,0
2.7711384,-1.3892148,2.5862494,-0.24726783,-0.71448219,0.65450269,0
-2.9881256,0.97073102,2.7863874,0.23385799,0.61150336,0.75589281,0
4.0113077,-0.41516685,0.22226763,0.94030255,-0.33996874,-0.015882254,0
-2.7192159,3.0165162,0.92885756,0.23385799,0.61150336,0.75589281,0
3.5671237,-1.7463527,-1.5432322,0.94030255,-0.33996874,-0.015882254,0
-0.9220736,-0.83157563,-1.7843144,-0.23385799,-0.61150336,-0.75589281,0
3.770442,-0.35227102,1.7054734,0.23385799,0.61150336,0.75589281,0
1.4871007,1.6658955,0.75203431,0.23385799,0.61150336,0.75589281,0
3.8700705,-1.0104786,-2.8142827,0.24726783,0.71448219,-0.65450269,0
2.2722344,1.03819,0.98622465,0.23385799,0.61150336,0.75589281,0
-4.2958441,-0.066255569,-0.32753372,-0.94030255,0.33996874,0.015882254,0
4.2682557,-0.0570333,-0.22409344,0.94030255,-0.33996874,-0.015882254,0
-1.0519407,-2.0030644,-0.70944989,-0.23385799,-0.61150336,-0.75589281,0
2.1703398,-0.32053053,-2.6896937,0.24726783,0.71448219,-0.65450269,0
-1.7261198,-0.041376591,2.4854653,-0.24726783,-0.71448219,0.65450269,0
4.3077359,0.11937094,-0.78868198,0.94030255,-0.33996874,-0.015882254,0
3.4031444,-0.36462116,-2.1242201,0.24726783,0.71448219,-0.65450269,0
-2.4754562,1.615613,2.0475445,0.23385799,0.61150336,0.75589281,0
-4.2070022,-0.1612308,0.68775368,-0.94030255,0.33996874,0.015882254,0
-3.3513713,0.62037826,2.4546719,-0.24726783,-0.71448219,0.65450269,0
0.88064927,1.1123958,-1.6368895,0.24726783,0.71448219,-0.65450269,0
-0.85797608,-0.57600534,-2.0091193,-0.23385799,-0.61150336,-0.75589281,0
-3.7773738,-0.41492128,1.2546279,-0.24726783,-0.71448219,0.65450269,0
0.89289331,1.9763684,0.84604979,0.23385799,0.61150336,0.75589281,0
-2.6631212,0.53812456,2.6811502,-0.24726783,-0.71448219,0.65450269,0
-2.4115977,-1.5780283,0.54670143,-0.24726783,-0.71448219,0.65450269,0
2.8743458,-1.2414647,2.6646595,-0.24726783,-0.71448219,0.65450269,0
0.78247237,-2.4392946,0.65364325,-0.24726783,-0.71448219,0.65450269,0
1.4684007,-1.0847152,-2.1700525,-0.23385799,-0.61150336,-0.75589281,0
2.8507187,-1.5481014,2.4916618,-0.24726783,-0.71448219,0.65450269,0
2.9882944,-3.2894661,0.4471736,0.94030255,-0.33996874,-0.015882254,0
-2.4480309,1.7263753,1.9941124,0.23385799,0.61150336,0.75589281,0
-3.3088262,2.6873069,0.40593886,-0.94030255,0.33996874,0.015882254,0
2.9092472,-3.4385571,0.055332899,0.94030255,-0.33996874,-0.015882254,0
-2.4149318,2.2247667,1.5261042,0.23385799,0.61150336,0.75589281,0
3.9543648,-1.1660618,2.0065343,0.94030255,-0.33996874,-0.015882254,0
-2.6020908,-1.3809575,-0.66463327,-0.23385799,-0.61150336,-0.75589281,0
2.2960696,-2.1609869,1.462974,-0.24726783,-0.71448219,0.65450269,0
1.6312133,-3.1685388,-0.57856023,-0.23385799,-0.61150336,-0.75589281,0
-3.3665876,2.44174,1.5415177,-0.94030255,0.33996874,0.015882254,0
-0.31230569,-0.257402,-2.2803955,-0.23385799,-0.61150336,-0.75589281,0
3.1360776,-3.3287888,-0.62842965,0.94030255,-0.33996874,-0.015882254,0
-3.9747617,0.92759752,0.12456131,-0.94030255,0.33996874,0.015882254,0
-1.9204627,-2.3121948,-0.1810472,-0.24726783,-0.71448219,0.65450269,0
1.4555775,2.3519435,0.39107287,0.23385799,0.61150336,0.75589281,0
-3.1304977,-0.66356826,1.0311835,-0.24726783,-0.71448219,0.65450269,0
4.5132375,0.92236972,0.19795561,0.94030255,-0.33996874,-0.015882254,0
0.75121659,-2.1110423,1.0358683,-0.24726783,-0.71448219,0.65450269,0
-2.3045707,-1.0289118,-1.0226841,-0.23385799,-0.61150336,-0.75589281,0
-3.8189192,1.4169056,-1.0447197,-0.94030255,0.33996874,0.015882254,0
1.93139,-2.5740538,-1.2478499,-0.23385799,-0.61150336,-0.75589281,0
-3.4525495,2.3634882,-0.54136181,-0.94030255,0.33996874,0.015882254,0
3.6350603,1.3858681,0.39492154,0.23385799,0.61150336,0.75589281,0
1.2037539,-2.2432759,-1.0890052,-0.23385799,-0.61150336,-0.75589281,0
-0.75302184,-1.7113025,-1.0193081,-0.23385799,-0.61150336,-0.75589281,0
0.77001166,-2.3215601,-1.010886,-0.23385799,-0.61150336,-0.75589281,0
1.0394316,2.5062151,0.42274296,0.23385799,0.61150336,0.75589281,0
-2.3316178,2.2833776,1.602531,0.23385799,0.61150336,0.75589281,0
4.0026565,-0.61467862,-2.2425485,0.94030255,-0.33996874,-0.015882254,0
2.2897568,-1.7874978,-1.9231955,-0.23385799,-0.61150336,-0.75589281,0
3.8422828,-1.3174239,-1.7670426,0.94030255,-0.33996874,-0.015882254,0
2.3293085,-2.564642,1.1100769,-0.24726783,-0.71448219,0.65450269,0
3.914552,-0.9991982,-2.5425127,0.24726783,0.71448219,-0.65450269,0
3.9716296,-0.80860484,-1.2630935,0.94030255,-0.33996874,-0.015882254,0
4.0191855,-0.6956917,1.9429865,0.94030255,-0.33996874,-0.015882254,0
-2.4986432,-0.67742109,1.5138468,-0.24726783,-0.71448219,0.65450269,0
-2.1532621,2.9097066,0.91527915,0.23385799,0.61150336,0.75589281,0
-3.4328349,2.1429501,0.29330897,-0.94030255,0.33996874,0.015882254,0
-1.3426318,0.023634315,2.6623614,-0.24726783,-0.71448219,0.65450269,0
-0.74480355,2.9383209,0.39223257,0.23385799,0.61150336,0.75589281,0
3.4956021,-2.0145936,0.49395251,0.94030255,-0.33996874,-0.015882254,0
-4.2159166,-0.9837333,-0.47469139,-0.23385799,-0.61150336,-0.75589281,0
-2.6194854,-2.0303278,-0.041974783,-0.24726783,-0.71448219,0.65450269,0
3.6180654,-1.7720643,1.2828863,0.94030255,-0.33996874,-0.015882254,0
-4.1783495,0.056893587,-0.60281706,-0.94030255,0.33996874,0.015882254,0
3.9994295,-0.87423944,1.6447825,0.94030255,-0.33996874,-0.015882254,0
2.8753095,1.1478777,0.80027962,0.23385799,0.61150336,0.75589281,0
0.43371892,0.17187381,-2.6975167,0.24726783,0.71448219,-0.65450269,0
3.0334799,-3.2720459,0.67682004,0.94030255,-0.33996874,-0.015882254,0
-3.509342,-1.4102809,-0.54362535,-0.23385799,-0.61150336,-0.75589281,0
3.5867393,-2.0461917,2.1092365,0.94030255,-0.33996874,-0.015882254,0
4.1393428,-0.35925877,1.4316387,0.94030255,-0.33996874,-0.015882254,0
-3.5401483,1.6933062,1.2667408,-0.94030255,0.33996874,0.015882254,0
-0.2003541,-2.7893338,-0.28691491,-0.23385799,-0.61150336,-0.75589281,0
-4.6623335,-0.99335098,0.094412804,-0.94030255,0.33996874,0.015882254,0
3.7053721,-1.7634062,-0.51028728,0.94030255,-0.33996874,-0.015882254,0
3.2592189,-2.7541363,-1.5063074,-0.23385799,-0.61150336,-0.75589281,0
4.5326424,0.53669667,0.10571289,0.94030255,-0.33996874,-0.015882254,0
3.1116185,-1.6350856,2.4555719,-0.24726783,-0.71448219,0.65450269,0
-3.0948873,0.64705741,2.4881554,-0.24726783,-0.71448219,0.65450269,0
0.20931149,-1.5221977,-1.5426731,-0.23385799,-0.61150336,-0.75589281,0
4.071497,-0.64787734,-1.0024731,0.94030255,-0.33996874,-0.015882254,0
-3.3700666,2.3741117,-1.3479316,-0.94030255,0.33996874,0.015882254,0
1.8647019,-2.9861813,0.37043893,-0.24726783,-0.71448219,0.65450269,0
-1.6025724,-2.0973904,0.035360336,-0.24726783,-0.71448219,0.65450269,0
4.4185653,0.1847856,0.16637135,0.94030255,-0.33996874,-0.015882254,0
-0.65798771,-1.756573,0.9504298,-0.24726783,-0.71448219,0.65450269,0
-0.77340961,-0.63620031,-1.9619793,-0.23385799,-0.61150336,-0.75589281,0
0.13954043,0.51538342,-2.5690088,0.24726783,0.71448219,-0.65450269,0
-1.0964289,0.661017,2.5645509,0.23385799,0.61150336,0.75589281,0
-0.31777394,1.2326243,-1.8481793,0.24726783,0.71448219,-0.65450269,0
-3.6097889,2.0278592,-1.8205261,-0.94030255,0.33996874,0.015882254,0
4.0906229,-0.51213384,-1.214534,0.94030255,-0.33996874,-0.015882254,0
3.539814,-1.9295819,-1.3081737,0.94030255,-0.33996874,-0.015882254,0
3.5573757,-1.6197861,-1.5194931,0.94030255,-0.33996874,-0.015882254,0
2.0056183,-1.5244302,2.2173357,-0.24726783,-0.71448219,0.65450269,0
-2.2342429,2.9967508,-0.72360444,0.24726783,0.71448219,-0.65450269,0
-0.60941243,0.52709609,2.3383503,0.23385799,0.61150336,0.75589281,0
3.9255209,-1.0252371,0.23545837,0.94030255,-0.33996874,-0.015882254,0
3.4785838,-2.0311708,-0.87863398,0.94030255,-0.33996874,-0.015882254,0
1.1939154,1.1971608,1.3998051,0.23385799,0.61150336,0.75589281,0
-2.7813766,0.21769965,-1.9917791,-0.23385799,-0.61150336,-0.75589281,0
-3.6876931,-0.95050144,-0.82904673,-0.23385799,-0.61150336,-0.75589281,0
-0.75087631,-1.096046,-1.4194655,-0.23385799,-0.61150336,-0.75589281,0
4.1484146,-0.12207103,0.73123741,0.94030255,-0.33996874,-0.015882254,0
1.7364142,0.36799026,-2.1234593,0.24726783,0.71448219,-0.65450269,0
-1.5582554,-0.86472011,1.6647363,-0.24726783,-0.71448219,0.65450269,0
3.1743956,-2.7336328,1.3186893,-0.24726783,-0.71448219,0.65450269,0
-0.11751676,0.3824299,-2.531292,0.24726783,0.71448219,-0.65450269,0
-1.5739198,2.8148916,0.91458702,0.23385799,0.61150336,0.75589281,0
-1.3941239,-0.15077853,-1.9918939,-0.23385799,-0.61150336,-0.75589281,0
-3.9935875,0.67488247,-1.8187416,-0.94030255,0.33996874,0.015882254,0
-1.7485907,1.7980037,1.653825,0.23385799,0.61150336,0.75589281,0
4.1096983,-0.43579805,1.1395316,0.94030255,-0.33996874,-0.015882254,0
3.398839,-2.2565942,0.22887588,0.94030255,-0.33996874,-0.015882254,0
3.1001594,-3.1307034,-1.0624018,-0.23385799,-0.61150336,-0.75589281,0
4.3651991,0.53426099,-0.140625,0.94030255,-0.33996874,-0.015882254,0
-3.364532,2.525768,1.015058,-0.94030255,0.33996874,0.015882254,0
3.4445753,-2.1434636,-0.4551723,0.94030255,-0.33996874,-0.015882254,0
-3.0229962,3.2249835,-0.63861513,-0.94030255,0.33996874,0.015882254,0
-3.4093981,-1.6248322,0.020746231,-0.24726783,-0.71448219,0.65450269,0
-3.195394,3.1462367,0.44452548,-0.94030255,0.33996874,0.015882254,0
3.2085295,-2.6877866,0.13511801,0.94030255,-0.33996874,-0.015882254,0
3.7736952,-1.4348092,-2.2898281,0.94030255,-0.33996874,-0.015882254,0
3.668263,-1.4269378,1.8197274,0.94030255,-0.33996874,-0.015882254,0
4.1573944,0.28479433,1.0039496,0.23385799,0.61150336,0.75589281,0
-0.55301106,-1.8826349,-0.91422492,-0.23385799,-0.61150336,-0.75589281,0
3.8120205,-1.3124232,-1.5921025,0.94030255,-0.33996874,-0.015882254,0
2.212117,1.5320084,0.67547369,0.23385799,0.61150336,0.75589281,0
-3.3455377,-0.62651455,-1.1640189,-0.23385799,-0.61150336,-0.75589281,0
3.8358102,-1.2481796,2.4076269,0.23385799,0.61150336,0.75589281,0
-2.4149961,-1.335946,0.8255477,-0.24726783,-0.71448219,0.65450269,0
-3.8401215,1.3546119,0.14224911,-0.94030255,0.33996874,0.015882254,0
2.2969723,-3.8075154,-0.27988529,-0.24726783,-0.71448219,0.65450269,0
4.2228765,0.16317844,0.29072285,0.94030255,-0.33996874,-0.015882254,0
-1.7087309,2.5600054,1.1138659,0.23385799,0.61150336,0.75589281,0
4.1041746,-0.070812941,-1.4112308,0.94030255,-0.33996874,-0.015882254,0
-0.71137011,-2.5443223,0.046446681,-0.24726783,-0.71448219,0.65450269,0
-3.7385135,1.5682585,-0.7113471,-0.94030255,0.33996874,0.015882254,0
-0.3314786,-0.96062398,-1.6520091,-0.23385799,-0.61150336,-0.75589281,0
-2.1642816,3.4108639,-0.18357325,0.24726783,0.71448219,-0.65450269,0
-3.6338468,0.97137892,2.6618526,-0.24726783,-0.71448219,0.65450269,0
-2.7666571,1.4364235,2.430439,0.23385799,0.61150336,0.75589281,0
-3.8323021,0.94034779,1.9485719,-0.94030255,0.33996874,0.015882254,0
3.6060789,-2.0836132,0.27768707,0.94030255,-0.33996874,-0.015882254,0
-3.0470908,0.40994701,-2.1271822,-0.23385799,-0.61150336,-0.75589281,0
2.830112,0.96435988,1.0194402,0.23385799,0.61150336,0.75589281,0
2.0915096,-0.45983028,-2.6436796,0.24726783,0.71448219,-0.65450269,0
-2.9555194,1.0888962,-2.5654557,-0.23385799,-0.61150336,-0.75589281,0
3.2237327,-0.54562938,2.1294889,0.23385799,0.61150336,0.75589281,0
-3.8473566,1.1534841,1.225965,-0.94030255,0.33996874,0.015882254,0
-2.9899838,2.6222184,-1.4492471,0.24726783,0.71448219,-0.65450269,0
-1.1961396,1.8492923,1.5771767,0.23385799,0.61150336,0.75589281,0
-0.97550726,1.5418496,1.7525595,0.23385799,0.61150336,0.75589281,0
2.952698,-3.5471351,0.40870023,-0.24726783,-0.71448219,0.65450269,0
-3.4030964,2.6559575,-0.87258363,-0.94030255,0.33996874,0.015882254,0
0.62649179,-0.24944526,2.5892684,0.23385799,0.61150336,0.75589281,0
-4.1339512,0.44869769,-1.695107,-0.23385799,-0.61150336,-0.75589281,0
1.9697168,2.1759152,0.10744953,0.24726783,0.71448219,-0.65450269,0
-3.4736109,-1.7601537,-0.18574691,-0.24726783,-0.71448219,0.65450269,0
1.5859514,-2.3206468,0.98884487,-0.24726783,-0.71448219,0.65450269,0
2.7731199,0.74972689,1.0803802,0.23385799,0.61150336,0.75589281,0
-3.8178458,1.3115766,0.32969618,-0.94030255,0.33996874,0.015882254,0
-0.53411388,1.8949894,1.3449658,0.23385799,0.61150336,0.75589281,0
1.9697651,0.99820745,-1.1385753,0.24726783,0.71448219,-0.65450269,0
4.0306911,-0.70367074,-1.2511992,0.94030255,-0.33996874,-0.015882254,0
4.0119348,-0.88832241,1.422864,0.94030255,-0.33996874,-0.015882254,0
-1.5477399,2.4828551,-1.0143945,0.24726783,0.71448219,-0.65450269,0
1.6264268,1.4013084,-0.95089912,0.24726783,0.71448219,-0.65450269,0
1.3215554,-1.5054338,2.0471606,-0.24726783,-0.71448219,0.65450269,0
-3.4901037,2.1483681,1.0354297,-0.94030255,0.33996874,0.015882254,0
-0.39353156,-0.92250574,-1.8692236,-0.23385799,-0.61150336,-0.75589281,0
-3.0490272,3.2333879,-0.2537055,-0.94030255,0.33996874,0.015882254,0
-2.4707348,3.1215754,0.87709153,0.23385799,0.61150336,0.75589281,0
2.434113,-3.6853049,-0.41926289,-0.23385799,-0.61150336,-0.75589281,0
-1.8678412,2.4344187,1.1330029,0.23385799,0.61150336,0.75589281,0
-3.6200094,1.6176409,-1.9910252,-0.94030255,0.33996874,0.015882254,0
-2.193707,2.9998608,-0.48908639,0.24726783,0.71448219,-0.65450269,0
0.92366719,-3.2483468,-0.14911294,-0.24726783,-0.71448219,0.65450269,0
2.0327449,-2.6502891,-1.1719804,-0.23385799,-0.61150336,-0.75589281,0
-1.3664924,2.6455271,-0.60163045,0.24726783,0.71448219,-0.65450269,0
-1.3144388,-1.3493828,1.1295097,-0.24726783,-0.71448219,0.65450269,0
-0.76841253,1.3685747,-1.9832625,0.24726783,0.71448219,-0.65450269,0
-0.063066721,0.66293001,-2.4663913,0.24726783,0.71448219,-0.65450269,0
3.4432831,-2.0472114,0.3129034,0.94030255,-0.33996874,-0.015882254,0
0.26943171,2.6248963,0.53777421,0.23385799,0.61150336,0.75589281,0
-4.3288503,-0.23196769,-0.096014977,-0.94030255,0.33996874,0.015882254,0
-1.4120712,2.4285488,1.1017379,0.23385799,0.61150336,0.75589281,0
-3.0512278,2.5335913,-1.3538837,0.24726783,0.71448219,-0.65450269,0
-0.62947631,-0.56672573,-2.0650091,-0.23385799,-0.61150336,-0.75589281,0
3.3935103,-2.1950436,-1.2928271,0.94030255,-0.33996874,-0.015882254,0
-2.5131545,1.980159,-1.9515915,0.24726783,0.71448219,-0.65450269,0
0.38946581,-0.56446666,2.5498319,-0.24726783,-0.71448219,0.65450269,0
2.2934368,0.36604571,-1.6749978,0.24726783,0.71448219,-0.65450269,0
3.8218987,-1.2339716,-0.64630508,0.94030255,-0.33996874,-0.015882254,0
-3.5464523,1.9114851,0.66739845,-0.94030255,0.33996874,0.015882254,0
-2.4747066,-0.86624086,1.0959041,-0.24726783,-0.71448219,0.65450269,0
-4.0261559,0.41507435,0.99364638,-0.94030255,0.33996874,0.015882254,0
3.6557853,-1.6824179,-0.09463048,0.94030255,-0.33996874,-0.015882254,0
-1.9677966,2.9084702,1.0012434,0.23385799,0.61150336,0.75589281,0
1.5249367,-2.3228979,-1.1720942,-0.23385799,-0.61150336,-0.75589281,0
4.6689701,1.0051718,-0.0048904419,0.94030255,-0.33996874,-0.015882254,0
-2.7644322,-1.1680387,-0.79268742,-0.23385799,-0.61150336,-0.75589281,0
-2.6704357,-1.0445923,1.009047,-0.24726783,-0.71448219,0.65450269,0
0.77109045,-2.2470191,0.80728406,-0.24726783,-0.71448219,0.65450269,0
-1.9458969,-0.56149125,-1.5901686,-0.23385799,-0.61150336,-0.75589281,0
0.46713781,1.2640523,-1.5222683,0.24726783,0.71448219,-0.65450269,0
3.637506,-0.41549587,-1.9848599,0.24726783,0.71448219,-0.65450269,0
4.044898,-0.67891032,1.3850145,0.94030255,-0.33996874,-0.015882254,0
3.249459,-2.4915574,0.0892663,0.94030255,-0.33996874,-0.015882254,0
3.626178,-1.6012213,-0.45348597,0.94030255,-0.33996874,-0.015882254,0
3.6242156,1.7204455,0.070970535,0.24726783,0.71448219,-0.65450269,0
-4.1891422,0.3386147,1.0409658,-0.94030255,0.33996874,0.015882254,0
3.2451086,-2.975698,-0.46575141,0.94030255,-0.33996874,-0.015882254,0
-3.4667797,2.1777194,0.83573508,-0.94030255,0.33996874,0.015882254,0
-2.7084622,3.2645836,0.82368898,0.23385799,0.61150336,0.75589281,0
-2.7285631,0.054063797,2.0259533,-0.24726783,-0.71448219,0.65450269,0
1.0180842,0.41150451,-2.3488467,0.24726783,0.71448219,-0.65450269,0
2.1822877,-1.4101751,-2.2299919,-0.23385799,-0.61150336,-0.75589281,0
0.26170731,-2.5259063,0.28295019,-0.24726783,-0.71448219,0.65450269,0
3.8219011,-0.96409726,-2.6136694,0.94030255,-0.33996874,-0.015882254,0
0.087336302,-1.3878428,1.6961795,-0.24726783,-0.71448219,0.65450269,0
-3.4267375,0.29267693,2.0615318,-0.24726783,-0.71448219,0.65450269,0
1.2274555,-3.361742,-0.27000147,-0.23385799,-0.61150336,-0.75589281,0
4.1457734,-0.32758379,0.39044571,0.94030255,-0.33996874,-0.015882254,0
-0.59227586,-0.18030757,-2.3468308,-0.23385799,-0.61150336,-0.75589281,0
-2.5170147,-1.8307652,-0.38624644,-0.23385799,-0.61150336,-0.75589281,0
4.3049555,0.26567793,0.99359179,0.94030255,-0.33996874,-0.015882254,0
-2.8803811,-1.5749243,-0.51863766,-0.23385799,-0.61150336,-0.75589281,0
-1.859334,3.0246525,-0.51203763,0.24726783,0.71448219,-0.65450269,0
-1.2385571,1.3388348,2.0674653,0.23385799,0.61150336,0.75589281,0
3.7660527,-1.4360059,-1.7657111,0.94030255,-0.33996874,-0.015882254,0
4.4237213,0.52749252,0.33599138,0.94030255,-0.33996874,-0.015882254,0
-0.05676055,-0.35372433,-2.3966222,-0.23385799,-0.61150336,-0.75589281,0
-4.3510962,-0.50026596,-0.53767204,-0.94030255,0.33996874,0.015882254,0
-1.430846,2.3114371,1.2095051,0.23385799,0.61150336,0.75589281,0
-3.3921969,2.4935031,-1.727042,0.24726783,0.71448219,-0.65450269,0
3.7182572,-1.4356645,0.015708685,0.94030255,-0.33996874,-0.015882254,0
-2.5359476,-1.1589638,-0.90469408,-0.23385799,-0.61150336,-0.75589281,0
-3.6967988,1.481567,-0.57337332,-0.94030255,0.33996874,0.015882254,0
3.4701345,-2.4271936,0.20499921,0.94030255,-0.33996874,-0.015882254,0
-0.023743153,-1.1387982,1.8572291,-0.24726783,-0.71448219,0.65450269,0
2.2071304,-3.5380461,-0.54964876,-0.23385799,-0.61150336,-0.75589281,0
3.8538024,0.10991573,-1.6311011,0.24726783,0.71448219,-0.65450269,0
0.58810383,1.5218039,-1.0460002,0.24726783,0.71448219,-0.65450269,0
-0.84390408,-1.875358,0.67601442,-0.24726783,-0.71448219,0.65450269,0
3.108691,-2.304467,-1.6685543,-0.23385799,-0.61150336,-0.75589281,0
-0.075249672,2.7894552,0.40369517,0.23385799,0.61150336,0.75589281,0
0.76995993,0.073987484,-2.6680465,0.24726783,0.71448219,-0.65450269,0
3.3535306,-2.1401689,-1.9680946,-0.23385799,-0.61150336,-0.75589281,0
-3.9610624,1.0138083,-2.1787617,-0.94030255,0.33996874,0.015882254,0
4.2309127,0.0079603195,-0.7317028,0.94030255,-0.33996874,-0.015882254,0
-1.8917173,-1.4744885,-0.78186631,-0.23385799,-0.61150336,-0.75589281,0
-4.6914287,-1.1975951,-0.20434093,-0.94030255,0.33996874,0.015882254,0
-2.8568971,0.31993723,2.2460408,-0.24726783,-0.71448219,0.65450269,0
-0.10019505,-2.397933,-0.60677552,-0.23385799,-0.61150336,-0.75589281,0
0.87566322,-2.2862589,1.01147,-0.24726783,-0.71448219,0.65450269,0
-0.57709157,-2.5354116,0.20077765,-0.24726783,-0.71448219,0.65450269,0
-1.8627777,-0.34786832,2.1067057,-0.24726783,-0.71448219,0.65450269,0
0.46425104,-1.650393,-1.3229024,-0.23385799,-0.61150336,-0.75589281,0
0.33801556,-1.0481671,2.0356855,-0.24726783,-0.71448219,0.65450269,0
3.9188266,-0.94063181,1.8366022,0.94030255,-0.33996874,-0.015882254,0
-1.1223631,2.3456998,-0.9631052,0.24726783,0.71448219,-0.65450269,0
0.88253427,-0.28390098,-2.7427084,-0.23385799,-0.61150336,-0.75589281,0
-2.7113926,1.2779276,2.3815274,0.23385799,0.61150336,0.75589281,0
-2.1296194,1.3808051,-2.2146459,0.24726783,0.71448219,-0.65450269,0
1.5215167,-2.3701527,0.94248617,-0.24726783,-0.71448219,0.65450269,0
-3.4533834,2.3009026,-0.12087536,-0.94030255,0.33996874,0.015882254,0
3.267117,-2.78248,-0.75253034,0.94030255,-0.33996874,-0.015882254,0
3.148236,1.0249716,0.95721626,0.23385799,0.61150336,0.75589281,0
3.2923472,0.66560256,1.1739128,0.23385799,0.61150336,0.75589281,0
0.53203392,1.9933076,0.82563663,0.23385799,0.61150336,0.75589281,0
0.93318486,-1.8245138,1.3313645,-0.24726783,-0.71448219,0.65450269,0
-3.7960567,-0.15796697,-1.3109217,-0.23385799,-0.61150336,-0.75589281,0
-0.26832843,2.0391033,0.98334974,0.23385799,0.61150336,0.75589281,0
0.29654932,0.89339036,-2.0932333,0.24726783,0.71448219,-0.65450269,0
1.0257467,0.47952938,-2.1299672,0.24726783,0.71448219,-0.65450269,0
3.7912383,-1.1631292,0.27454185,0.94030255,-0.33996874,-0.015882254,0
2.4635656,1.6737621,-0.31099296,0.24726783,0.71448219,-0.65450269,0
-3.3895934,-0.56674981,1.1773608,-0.24726783,-0.71448219,0.65450269,0
1.2775948,1.5449979,-0.75069577,0.24726783,0.71448219,-0.65450269,0
-4.0749102,0.35327971,0.081167221,-0.94030255,0.33996874,0.015882254,0
-1.8703537,3.0184505,-0.41485405,0.24726783,0.71448219,-0.65450269,0
3.6975281,-1.8064911,-0.34237003,0.94030255,-0.33996874,-0.015882254,0
3.481323,-2.3505859,-1.5063303,0.94030255,-0.33996874,-0.015882254,0
3.4836483,-2.0634744,0.34394121,0.94030255,-0.33996874,-0.015882254,0
-3.1989391,1.8009441,-2.1465299,0.24726783,0.71448219,-0.65450269,0
-4.0960779,-0.70166779,-0.78256464,-0.23385799,-0.61150336,-0.75589281,0
3.9019003,-0.98853314,-2.716116,0.24726783,0.71448219,-0.65450269,0
2.8369856,-1.3844912,-2.4397707,-0.23385799,-0.61150336,-0.75589281,0
2.5539427,1.3689121,-0.74398375,0.24726783,0.71448219,-0.65450269,0
1.7257024,-2.9286144,-0.7641983,-0.23385799,-0.61150336,-0.75589281,0
-3.376797,1.6367736,-2.4911659,0.24726783,0.71448219,-0.65450269,0
-3.7638035,1.3939428,-2.578557,-0.94030255,0.33996874,0.015882254,0
4.0858941,-0.57261455,0.90909338,0.94030255,-0.33996874,-0.015882254,0
-3.2702115,2.5444627,-0.68761325,-0.94030255,0.33996874,0.015882254,0
-3.6083488,0.47266465,-1.8453062,-0.23385799,-0.61150336,-0.75589281,0
1.3962444,-0.28395486,2.5433137,0.23385799,0.61150336,0.75589281,0
2.7833233,-3.7747054,-0.022762775,-0.24726783,-0.71448219,0.65450269,0
-1.8833501,0.30099535,2.6657865,-0.24726783,-0.71448219,0.65450269,0
0.036706328,-0.76991141,2.193831,-0.24726783,-0.71448219,0.65450269,0
0.079702616,-0.41221046,2.6995971,-0.24726783,-0.71448219,0.65450269,0
4.1083159,-0.67708802,0.12061739,0.94030255,-0.33996874,-0.015882254,0
2.640774,-1.8889487,-1.8132956,-0.23385799,-0.61150336,-0.75589281,0
0.50337988,1.6804168,-1.0710814,0.24726783,0.71448219,-0.65450269,0
-1.5280106,2.3061218,-1.0067952,0.24726783,0.71448219,-0.65450269,0
2.4723084,-1.6932927,-2.0190139,-0.23385799,-0.61150336,-0.75589281,0
-3.9480023,1.1523226,-0.47233105,-0.94030255,0.33996874,0.015882254,0
3.6692324,-1.4646022,-1.0862613,0.94030255,-0.33996874,-0.015882254,0
1.7623639,-0.76554358,-2.5186827,-0.23385799,-0.61150336,-0.75589281,0
1.818223,-3.0243812,0.34894693,-0.24726783,-0.71448219,0.65450269,0
-3.7038379,1.2940023,-0.87653923,-0.94030255,0.33996874,0.015882254,0
1.6321496,2.3034585,0.064450026,0.24726783,0.71448219,-0.65450269,0
3.7524617,-1.6328359,2.7273486,-0.24726783,-0.71448219,0.65450269,0
0.45666862,-2.61812,-0.71274328,-0.23385799,-0.61150336,-0.75589281,0
-3.8223617,1.2394584,-1.5143607,-0.94030255,0.33996874,0.015882254,0
-2.2213912,0.16961503,-2.098856,-0.23385799,-0.61150336,-0.75589281,0
-0.26292875,2.0867183,-0.82103395,0.24726783,0.71448219,-0.65450269,0
2.4440017,-2.9126673,-1.0041833,-0.23385799,-0.61150336,-0.75589281,0
-3.9785185,0.53020263,-0.7696209,-0.94030255,0.33996874,0.015882254,0
1.3723681,-1.9294527,-1.4969227,-0.23385799,-0.61150336,-0.75589281,0
2.5985126,-0.40324318,2.2384915,0.23385799,0.61150336,0.75589281,0
-3.488446,-1.2294838,-0.69365692,-0.23385799,-0.61150336,-0.75589281,0
2.3854411,0.88964051,1.1125958,0.23385799,0.61150336,0.75589281,0
-0.73918986,0.24925387,2.6565742,0.23385799,0.61150336,0.75589281,0
3.6453955,-1.8113306,0.29788351,0.94030255,-0.33996874,-0.015882254,0
3.750608,-1.3531913,-2.4461448,0.94030255,-0.33996874,-0.015882254,0
1.5823178,-2.8857174,0.42767346,-0.24726783,-0.71448219,0.65450269,0
0.76399279,-2.1926751,0.9810487,-0.24726783,-0.71448219,0.65450269,0
-3.5941331,1.848877,-0.25142527,-0.94030255,0.33996874,0.015882254,0
3.4495811,-2.3738739,-1.7814682,-0.23385799,-0.61150336,-0.75589281,0
2.4614635,-3.1781731,-0.71915901,-0.23385799,-0.61150336,-0.75589281,0
2.5869234,-2.8407116,-1.1490774,-0.23385799,-0.61150336,-0.75589281,0
-3.469564,1.9570186,2.1962013,-0.94030255,0.33996874,0.015882254,0
3.6625981,-1.549907,1.6979976,0.94030255,-0.33996874,-0.015882254,0
1.8042116,-1.6682299,-1.7300785,-0.23385799,-0.61150336,-0.75589281,0
2.58004,-0.51281416,2.1477218,0.23385799,0.61150336,0.75589281,0
1.2741671,2.368783,0.20531273,0.23385799,0.61150336,0.75589281,0
-3.901515,0.96683216,2.6737604,-0.94030255,0.33996874,0.015882254,0
-3.3813436,2.0821693,0.91824651,-0.94030255,0.33996874,0.015882254,0
1.5877908,1.7062891,0.69230449,0.23385799,0.61150336,0.75589281,0
3.2673035,-0.34578133,-2.2712884,0.24726783,0.71448219,-0.65450269,0
-1.6881304,3.0980992,0.78443265,0.23385799,0.61150336,0.75589281,0
1.8900585,1.0859826,-1.1279093,0.24726783,0.71448219,-0.65450269,0
-1.3169076,3.3667984,0.015378356,0.24726783,0.71448219,-0.65450269,0
-3.8920839,1.0697026,-1.633719,-0.94030255,0.33996874,0.015882254,0
-3.6523533,1.8430305,1.7960126,-0.94030255,0.33996874,0.015882254,0
-3.6796114,1.5885572,-1.9662488,-0.94030255,0.33996874,0.015882254,0
-2.922194,1.0749805,-2.6713941,-0.23385799,-0.61150336,-0.75589281,0
1.1077101,1.6167775,-0.76745784,0.24726783,0.71448219,-0.65450269,0
-1.4628714,0.74854773,-2.7713594,0.24726783,0.71448219,-0.65450269,0
-4.2201314,0.070086241,0.95258045,-0.94030255,0.33996874,0.015882254,0
3.2052448,-2.6994798,-0.51150274,0.94030255,-0.33996874,-0.015882254,0
-3.5613661,-0.72012138,-0.84854817,-0.23385799,-0.61150336,-0.75589281,0
-0.93805969,-0.27833861,-2.0408678,-0.23385799,-0.61150336,-0.75589281,0
0.90692782,0.91089559,1.5317099,0.23385799,0.61150336,0.75589281,0
-0.55502915,-2.4528942,-0.60400194,-0.23385799,-0.61150336,-0.75589281,0
3.7311027,-1.148917,-2.7042398,0.94030255,-0.33996874,-0.015882254,0
-0.4124558,-0.63939178,2.2660651,-0.24726783,-0.71448219,0.65450269,0
-2.4075236,0.64384836,-2.4292226,-0.23385799,-0.61150336,-0.75589281,0
-2.0348015,-1.2363517,0.94087064,-0.24726783,-0.71448219,0.65450269,0
-3.6985972,1.7938628,0.6818378,-0.94030255,0.33996874,0.015882254,0
4.0761733,0.42733085,1.0904918,0.23385799,0.61150336,0.75589281,0
3.9272523,-1.0741234,0.72384882,0.94030255,-0.33996874,-0.015882254,0
-3.5298789,1.9101589,-0.11303401,-0.94030255,0.33996874,0.015882254,0
4.0268893,-0.87539828,1.7963014,0.94030255,-0.33996874,-0.015882254,0
-3.6380517,-0.69319975,-0.99701452,-0.23385799,-0.61150336,-0.75589281,0
-3.4244041,1.8831415,-2.1788831,0.24726783,0.71448219,-0.65450269,0
3.8971529,-1.2204103,-0.89810491,0.94030255,-0.33996874,-0.015882254,0
-0.73902154,0.34973782,2.5563264,0.23385799,0.61150336,0.75589281,0
-1.5924821,-1.7201443,-0.78513372,-0.23385799,-0.61150336,-0.75589281,0
-1.5061913,-1.9867585,-0.56571639,-0.23385799,-0.61150336,-0.75589281,0
1.989687,0.29543123,1.6943831,0.23385799,0.61150336,0.75589281,0
3.2710848,-2.4310226,-1.1486399,0.94030255,-0.33996874,-0.015882254,0
-3.6583223,1.3135003,1.8551595,-0.94030255,0.33996874,0.015882254,0
-3.8132911,1.3464355,2.2982571,-0.94030255,0.33996874,0.015882254,0
3.8133879,-1.0182837,1.9593563,0.94030255,-0.33996874,-0.015882254,0
-0.94038284,-0.91395873,1.7811589,-0.24726783,-0.71448219,0.65450269,0
-0.71980017,1.8656905,-1.2664896,0.24726783,0.71448219,-0.65450269,0
0.95870459,-1.4348907,1.8231792,-0.24726783,-0.71448219,0.65450269,0
1.3060842,1.8111788,-0.51396286,0.24726783,0.71448219,-0.65450269,0
-0.7419796,1.4190958,1.8359753,0.23385799,0.61150336,0.75589281,0
-1.585638,1.3590937,2.0318234,0.23385799,0.61150336,0.75589281,0
3.3438175,-2.4301016,1.5701377,-0.24726783,-0.71448219,0.65450269,0
1.2727274,-1.7004501,1.8142364,-0.24726783,-0.71448219,0.65450269,0
0.13677359,-0.81066453,-2.0452232,-0.23385799,-0.61150336,-0.75589281,0
-2.0288928,1.5662771,2.0948718,0.23385799,0.61150336,0.75589281,0
-1.0296546,-1.2829853,1.4131591,-0.24726783,-0.71448219,0.65450269,0
-2.9837561,-1.9870809,-0.19024682,-0.23385799,-0.61150336,-0.75589281,0
3.9830439,-0.78465098,1.2028866,0.94030255,-0.33996874,-0.015882254,0
-2.9042218,-0.14210093,-1.7075016,-0.23385799,-0.61150336,-0.75589281,0
-3.8251009,1.3937738,-2.4966736,-0.94030255,0.33996874,0.015882254,0
4.4821296,0.41472244,0.047980785,0.94030255,-0.33996874,-0.015882254,0
2.3995948,-1.8575222,2.0755911,-0.24726783,-0.71448219,0.65450269,0
-1.0633299,0.82130909,2.2070625,0.23385799,0.61150336,0.75589281,0
0.71222806,0.74347723,1.818711,0.23385799,0.61150336,0.75589281,0
1.4584788,0.38042402,-2.1123171,0.24726783,0.71448219,-0.65450269,0
3.9186192,-0.010800481,1.5023527,0.23385799,0.61150336,0.75589281,0
1.466059,-0.22627771,-2.7234204,0.24726783,0.71448219,-0.65450269,0
-3.7455211,1.7443575,-2.3954184,-0.94030255,0.33996874,0.015882254,0
0.96978331,2.326798,-0.2014637,0.24726783,0.71448219,-0.65450269,0
-1.0998814,-1.9985819,0.33731449,-0.24726783,-0.71448219,0.65450269,0
-0.18524134,-0.97949195,1.8867364,-0.24726783,-0.71448219,0.65450269,0
-2.0413899,-1.442433,0.63776934,-0.24726783,-0.71448219,0.65450269,0
0.093399405,-2.8833656,-0.036800802,-0.24726783,-0.71448219,0.65450269,0
0.50660467,-0.228495,-2.6183944,-0.23385799,-0.61150336,-0.75589281,0
-3.5410938,0.25199056,-1.7961752,-0.23385799,-0.61150336,-0.75589281,0
-0.64530301,3.0164006,0.096468121,0.24726783,0.71448219,-0.65450269,0
-3.8375821,1.2790231,-0.89049697,-0.94030255,0.33996874,0.015882254,0
-1.7858586,0.27307236,-2.2420025,-0.23385799,-0.61150336,-0.75589281,0
1.179346,0.70663536,-1.7369814,0.24726783,0.71448219,-0.65450269,0
-2.6748869,1.8207049,1.9861749,0.23385799,0.61150336,0.75589281,0
-2.5242248,1.9429252,-2.0222561,0.24726783,0.71448219,-0.65450269,0
3.1295204,-2.5718873,-1.4815528,-0.23385799,-0.61150336,-0.75589281,0
0.12153637,-2.9813211,-0.04993223,-0.24726783,-0.71448219,0.65450269,0
-3.6599684,1.9459373,-2.0737085,-0.94030255,0.33996874,0.015882254,0
-0.39022732,-1.2175372,-1.6441249,-0.23385799,-0.61150336,-0.75589281,0
-1.5870636,1.9001362,-1.5564607,0.24726783,0.71448219,-0.65450269,0
-3.3168831,2.8393998,0.85988212,-0.94030255,0.33996874,0.015882254,0
2.3536093,-3.7632689,-0.41922665,-0.23385799,-0.61150336,-0.75589281,0
3.9855227,0.55199933,1.0615954,0.23385799,0.61150336,0.75589281,0
-3.8854818,0.96874231,-0.65670443,-0.94030255,0.33996874,0.015882254,0
-2.242703,-0.47116929,-1.588763,-0.23385799,-0.61150336,-0.75589281,0
2.0534389,-0.59197974,-2.7798834,-0.23385799,-0.61150336,-0.75589281,0
-2.3321247,-0.48405236,-1.4992626,-0.23385799,-0.61150336,-0.75589281,0
4.2208276,-0.22365332,-1.1940677,0.94030255,-0.33996874,-0.015882254,0
0.047970057,0.3257097,-2.7566664,0.24726783,0.71448219,-0.65450269,0
-0.049712658,-2.7877235,-0.46324301,-0.23385799,-0.61150336,-0.75589281,0
-1.494699,2.5461888,-0.93272758,0.24726783,0.71448219,-0.65450269,0
-2.5254223,3.2658234,-0.47529054,0.24726783,0.71448219,-0.65450269,0
2.467104,-3.6786466,-0.53833795,-0.23385799,-0.61150336,-0.75589281,0
0.28308892,-0.11151809,-2.5702758,-0.23385799,-0.61150336,-0.75589281,0
3.7607107,-1.6801609,0.51608348,0.94030255,-0.33996874,-0.015882254,0
-1.7065616,-1.7641982,0.62440217,-0.24726783,-0.71448219,0.65450269,0
3.5238018,-1.7336873,0.075860739,0.94030255,-0.33996874,-0.015882254,0
-3.3168769,0.27561951,2.2143433,-0.24726783,-0.71448219,0.65450269,0
0.69545662,2.2088778,0.63919622,0.23385799,0.61150336,0.75589281,0
2.3352187,0.2154789,1.8363702,0.23385799,0.61150336,0.75589281,0
1.5267088,-1.9242859,-1.5740112,-0.23385799,-0.61150336,-0.75589281,0
3.3492527,-2.5220802,-0.48423433,0.94030255,-0.33996874,-0.015882254,0
2.2196712,-1.5706894,2.1541972,-0.24726783,-0.71448219,0.65450269,0
1.926621,-1.9636934,-1.6050613,-0.23385799,-0.61150336,-0.75589281,0
3.1824243,-2.9955382,-0.54254532,0.94030255,-0.33996874,-0.015882254,0
-2.8057439,1.583153,2.324631,0.23385799,0.61150336,0.75589281,0
-3.4717958,2.159271,-0.57096386,-0.94030255,0.33996874,0.015882254,0
3.7109272,-1.3422432,-1.5556889,0.94030255,-0.33996874,-0.015882254,0
-3.600893,1.6187758,-1.9606745,-0.94030255,0.33996874,0.015882254,0
2.5533729,-1.3942215,-2.3260975,-0.23385799,-0.61150336,-0.75589281,0
3.3873153,-2.6515837,0.63380027,0.94030255,-0.33996874,-0.015882254,0
-1.7268543,-1.5545487,0.55775154,-0.24726783,-0.71448219,0.65450269,0
1.3439299,-2.997797,0.29224992,-0.24726783,-0.71448219,0.65450269,0
4.306705,-0.056672335,0.78530836,0.94030255,-0.33996874,-0.015882254,0
3.605691,-1.9062505,-1.2107756,0.94030255,-0.33996874,-0.015882254,0
-0.36811018,1.7493085,1.3715528,0.23385799,0.61150336,0.75589281,0
2.7201409,-1.0971836,2.6509092,0.23385799,0.61150336,0.75589281,0
-3.638694,1.9163848,-0.43561339,-0.94030255,0.33996874,0.015882254,0
-2.1524754,-0.78430504,-1.4384024,-0.23385799,-0.61150336,-0.75589281,0
1.4374607,0.99313712,1.4719211,0.23385799,0.61150336,0.75589281,0
-3.4189219,2.3528371,0.97865033,-0.94030255,0.33996874,0.015882254,0
-0.87773955,0.99483705,-2.2995763,0.24726783,0.71448219,-0.65450269,0
4.4474211,0.44872093,-0.0075750351,0.94030255,-0.33996874,-0.015882254,0
-3.3423057,0.87059015,-2.2765908,-0.23385799,-0.61150336,-0.75589281,0
-0.10984921,-2.0358303,-1.0331528,-0.23385799,-0.61150336,-0.75589281,0
1.3556428,1.0801557,1.4057281,0.23385799,0.61150336,0.75589281,0
-4.1617188,0.18011308,1.4712224,-0.94030255,0.33996874,0.015882254,0
1.1116662,-0.73707491,2.5211086,-0.24726783,-0.71448219,0.65450269,0
-3.7670147,1.0969846,2.459239,-0.94030255,0.33996874,0.015882254,0
-3.9679432,0.20252776,-1.6057913,-0.23385799,-0.61150336,-0.75589281,0
3.8130698,-1.618468,2.3402772,0.94030255,-0.33996874,-0.015882254,0
4.0882812,-0.41652048,1.5095701,0.94030255,-0.33996874,-0.015882254,0
3.7654955,-1.311986,0.60140157,0.94030255,-0.33996874,-0.015882254,0
3.8251274,-1.4131751,0.2289505,0.94030255,-0.33996874,-0.015882254,0
-3.7065485,1.3367076,0.63603783,-0.94030255,0.33996874,0.015882254,0
2.4087639,-0.92495477,2.5903261,0.23385799,0.61150336,0.75589281,0
-1.6188014,2.2013707,1.4534991,0.23385799,0.61150336,0.75589281,0
0.8376441,-0.76090676,-2.3881488,-0.23385799,-0.61150336,-0.75589281,0
-3.2880373,2.8759069,0.69784665,-0.94030255,0.33996874,0.015882254,0
-3.7581313,1.3666091,-0.028384209,-0.94030255,0.33996874,0.015882254,0
0.070115447,-1.1628571,1.9592955,-0.24726783,-0.71448219,0.65450269,0
2.7866325,0.081112862,-2.0376732,0.24726783,0.71448219,-0.65450269,0
-2.7840464,2.8503637,-0.92086434,0.24726783,0.71448219,-0.65450269,0
3.1067786,-2.5645118,-1.6213093,-0.23385799,-0.61150336,-0.75589281,0
4.4221029,0.82242918,0.62771034,0.23385799,0.61150336,0.75589281,0
2.7202075,-2.8452563,1.0827465,-0.24726783,-0.71448219,0.65450269,0
-3.9582057,0.8522675,-1.8154728,-0.94030255,0.33996874,0.015882254,0
2.6517916,-3.4571328,-0.78048372,-0.23385799,-0.61150336,-0.75589281,0
2.0144887,-0.31632337,2.2079146,0.23385799,0.61150336,0.75589281,0
2.009779,-0.47079134,-2.7920814,0.24726783,0.71448219,-0.65450269,0
-4.044724,0.64029658,1.23738,-0.94030255,0.33996874,0.015882254,0
-2.7304242,-1.1664132,0.80810094,-0.24726783,-0.71448219,0.65450269,0
-1.800042,-1.8672109,-0.69112062,-0.23385799,-0.61150336,-0.75589281,0
1.5875075,-0.093836904,-2.6080046,0.24726783,0.71448219,-0.65450269,0
-3.941833,1.1224706,-1.6662781,-0.94030255,0.33996874,0.015882254,0
-0.19443655,-2.5252876,0.19104913,-0.24726783,-0.71448219,0.65450269,0
-2.7218633,-0.095630884,1.8692225,-0.24726783,-0.71448219,0.65450269,0
1.0924351,-1.3281696,-1.8802685,-0.23385799,-0.61150336,-0.75589281,0
1.657167,0.4384228,-1.9784368,0.24726783,0.71448219,-0.65450269,0
-4.0220594,0.72235739,1.1555316,-0.94030255,0.33996874,0.015882254,0
3.7212377,-1.7040479,1.734482,0.94030255,-0.33996874,-0.015882254,0
-3.3996899,0.75443852,2.4529862,-0.24726783,-0.71448219,0.65450269,0
0.025955319,2.8968797,0.250323,0.23385799,0.61150336,0.75589281,0
0.27296615,-2.2817502,-0.78887898,-0.23385799,-0.61150336,-0.75589281,0
1.2114607,-0.5536226,2.6660626,0.23385799,0.61150336,0.75589281,0
3.5097094,0.77639425,-0.77983427,0.24726783,0.71448219,-0.65450269,0
0.55748165,1.1286235,1.4482617,0.23385799,0.61150336,0.75589281,0
0.73678541,2.6647103,0.38758892,0.23385799,0.61150336,0.75589281,0
-4.129487,-1.3300251,-0.31697607,-0.23385799,-0.61150336,-0.75589281,0
2.331522,-3.0131218,0.67878222,-0.24726783,-0.71448219,0.65450269,0
-0.87165284,1.3415169,1.9508245,0.23385799,0.61150336,0.75589281,0
-3.0937328,2.9829688,-0.75808597,-0.94030255,0.33996874,0.015882254,0
3.7609935,-1.2549841,-2.5110979,0.94030255,-0.33996874,-0.015882254,0
0.8204174,0.13225543,-2.6019287,0.24726783,0.71448219,-0.65450269,0
-3.5082567,1.8036582,0.56496549,-0.94030255,0.33996874,0.015882254,0
-0.85951316,3.0490053,0.35311168,0.23385799,0.61150336,0.75589281,0
-2.7174797,2.1966748,1.7554044,0.23385799,0.61150336,0.75589281,0
-4.3083467,0.021250248,-0.34849119,-0.94030255,0.33996874,0.015882254,0
-2.1231503,2.4634123,-1.0974365,0.24726783,0.71448219,-0.65450269,0
-3.6267638,1.6887009,-2.3584235,-0.94030255,0.33996874,0.015882254,0
1.8276389,-0.22459805,-2.6939623,0.24726783,0.71448219,-0.65450269,0
-3.7280908,1.3189259,2.0676503,-0.94030255,0.33996874,0.015882254,0
-0.12370086,2.2504563,0.94392264,0.23385799,0.61150336,0.75589281,0
-3.654248,1.4680518,-0.45180631,-0.94030255,0.33996874,0.015882254,0
1.8187454,-0.6787324,-2.5774539,-0.23385799,-0.61150336,-0.75589281,0
-3.8915184,-1.4461082,-0.046862125,-0.24726783,-0.71448219,0.65450269,0
2.8700905,-3.5475676,-0.68398094,-0.23385799,-0.61150336,-0.75589281,0
3.2462847,-2.5417492,0.4291501,0.94030255,-0.33996874,-0.015882254,0
-3.3835702,2.4057057,0.51825213,-0.94030255,0.33996874,0.015882254,0
-3.4201372,2.0133302,1.7489974,-0.94030255,0.33996874,0.015882254,0
4.3887129,0.37872505,0.080283642,0.94030255,-0.33996874,-0.015882254,0
-3.4603035,2.2808678,0.28725338,-0.94030255,0.33996874,0.015882254,0
4.363667,1.3884637,0.14608335,0.23385799,0.61150336,0.75589281,0
3.6223021,-2.0398912,2.1904154,0.94030255,-0.33996874,-0.015882254,0
3.122839,0.31366038,-1.5186932,0.24726783,0.71448219,-0.65450269,0
3.4842558,-1.9471741,0.44484997,0.94030255,-0.33996874,-0.015882254,0
3.5050707,-1.9237671,-0.39318395,0.94030255,-0.33996874,-0.015882254,0
-3.5135655,1.7778318,1.9463763,-0.94030255,0.33996874,0.015882254,0
-4.1192927,0.31258845,1.7975163,-0.94030255,0.33996874,0.015882254,0
3.4480031,-2.2984476,1.6535146,0.94030255,-0.33996874,-0.015882254,0
4.2474146,0.36098909,-0.95757127,0.24726783,0.71448219,-0.65450269,0
