2.8909674,-4.5209413,0.26486921,-0.24720398,-0.53319502,0.80906928,0
-1.4733515,1.9957583,-1.5577096,0.24720398,0.53319502,-0.80906928,0
-4.0965204,3.1852367,0.4433527,-0.65570146,0.70681345,0.26546234,0
-2.2593472,3.786437,2.9874032,-0.65570146,0.70681345,0.26546234,0
2.8963971,-3.8495018,-1.1712215,0.65570146,-0.70681345,-0.26546234,0
2.031189,-1.1760941,2.0909176,0.71340418,0.46488461,0.52434391,0
-4.0941978,3.6424243,-0.7185545,-0.65570146,0.70681345,0.26546234,0
4.3833876,-3.1360092,0.0095505714,0.65570146,-0.70681345,-0.26546234,0
1.0599084,-2.888361,-2.7451391,-0.71340418,-0.46488461,-0.52434391,0
4.8386946,-1.9869462,-0.99699593,0.71340418,0.46488461,0.52434391,0
-2.5831261,0.14282165,-0.48710012,-0.71340418,-0.46488461,-0.52434391,0
-1.4864072,1.1194489,-2.1864896,0.24720398,0.53319502,-0.80906928,0
3.8273568,-3.5791788,0.2651329,0.65570146,-0.70681345,-0.26546234,0
-1.1023465,4.5532155,1.1319559,0.71340418,0.46488461,0.52434391,0
2.7712071,-3.8272376,-1.7558374,0.65570146,-0.70681345,-0.26546234,0
3.9587262,-1.7208222,-0.11563754,0.71340418,0.46488461,0.52434391,0
1.3695941,-2.8137789,-2.9975028,-0.71340418,-0.46488461,-0.52434391,0
-0.57071459,3.4001815,1.5680286,0.71340418,0.46488461,0.52434391,0
1.0333328,-0.99492049,-2.7639279,0.24720398,0.53319502,-0.80906928,0
-2.2831953,3.8639736,3.2479858,-0.65570146,0.70681345,0.26546234,0
-2.8287625,3.9782412,1.3083355,-0.65570146,0.70681345,0.26546234,0
3.1608205,-4.0759215,-0.44346189,0.65570146,-0.70681345,-0.26546234,0
1.3225963,2.0777593,0.25425923,0.71340418,0.46488461,0.52434391,0
1.2761494,-0.25174308,2.2233045,0.71340418,0.46488461,0.52434391,0
4.1532412,-2.4466329,-2.0429099,0.65570146,-0.70681345,-0.26546234,0
-3.21454,1.7905443,2.5483158,-0.24720398,-0.53319502,0.80906928,0
2.7782211,-3.6311221,-2.0285473,0.65570146,-0.70681345,-0.26546234,0
1.0995519,-5.0437765,-0.65452838,-0.71340418,-0.46488461,-0.52434391,0
-0.84064126,1.739953,-1.6114467,0.24720398,0.53319502,-0.80906928,0
3.799509,-3.9505546,0.73206425,0.65570146,-0.70681345,-0.26546234,0
0.52237123,1.801686,-1.1716365,0.24720398,0.53319502,-0.80906928,0
-0.0091462135,-3.255136,0.24266839,-0.24720398,-0.53319502,0.80906928,0
-0.4240669,2.587997,2.2290907,0.71340418,0.46488461,0.52434391,0
-1.3883803,0.82702744,2.5791101,-0.24720398,-0.53319502,0.80906928,0
0.30798346,-2.9474275,0.55020678,-0.24720398,-0.53319502,0.80906928,0
-0.56828809,-0.86118102,-2.3529534,-0.71340418,-0.46488461,-0.52434391,0
-1.2635738,0.9357717,-2.3260863,0.24720398,0.53319502,-0.80906928,0
2.0964165,0.6272217,-1.4392731,0.24720398,0.53319502,-0.80906928,0
-2.7087598,4.1908903,1.1944969,-0.65570146,0.70681345,0.26546234,0
1.807096,2.1522012,-0.60025585,0.24720398,0.53319502,-0.80906928,0
-1.5775449,4.4580331,0.091516972,0.24720398,0.53319502,-0.80906928,0
-0.88549614,4.441649,1.2417278,0.71340418,0.46488461,0.52434391,0
4.6880264,-2.2862701,-0.9825263,0.65570146,-0.70681345,-0.26546234,0
1.5168889,-3.5823574,-2.7263036,-0.71340418,-0.46488461,-0.52434391,0
-1.6148001,4.6024513,0.071313858,0.24720398,0.53319502,-0.80906928,0
-0.10653043,-3.3835428,0.24824834,-0.24720398,-0.53319502,0.80906928,0
2.3879726,1.0737824,-0.34437054,0.71340418,0.46488461,0.52434391,0
4.7707834,-2.1616855,-1.359745,0.65570146,-0.70681345,-0.26546234,0
-2.2758596,0.86884189,2.2427614,-0.24720398,-0.53319502,0.80906928,0
1.5920194,-2.8278716,1.036531,-0.24720398,-0.53319502,0.80906928,0
0.34802556,0.9783085,2.360899,0.71340418,0.46488461,0.52434391,0
-4.0289545,3.218538,0.43049765,-0.65570146,0.70681345,0.26546234,0
-0.25349522,2.2253466,2.0666282,0.71340418,0.46488461,0.52434391,0
-1.9676392,-1.9837496,0.43532652,-0.71340418,-0.46488461,-0.52434391,0
-2.4327335,3.0351076,3.7479262,-0.24720398,-0.53319502,0.80906928,0
4.8486667,-1.9353737,-1.785337,0.65570146,-0.70681345,-0.26546234,0
-4.0374594,3.4898562,-0.53014183,-0.65570146,0.70681345,0.26546234,0
2.5822394,-3.2842603,-3.7580414,0.65570146,-0.70681345,-0.26546234,0
-1.3072765,-2.4695168,0.30442858,-0.71340418,-0.46488461,-0.52434391,0
-4.0926528,3.6809218,-0.94932222,-0.65570146,0.70681345,0.26546234,0
-2.3438792,3.7843935,3.0787044,-0.65570146,0.70681345,0.26546234,0
-0.58613741,-0.57627916,1.9507325,-0.24720398,-0.53319502,0.80906928,0
-0.46254051,2.7678633,1.8268099,0.71340418,0.46488461,0.52434391,0
-0.93815136,-2.0243769,0.94278109,-0.24720398,-0.53319502,0.80906928,0
1.6376358,-0.42069972,-2.323946,0.24720398,0.53319502,-0.80906928,0
4.5816588,-2.708827,-0.63024759,0.65570146,-0.70681345,-0.26546234,0
-3.0381722,3.597846,1.4758632,-0.65570146,0.70681345,0.26546234,0
-3.0174077,-0.46648121,0.85638487,-0.71340418,-0.46488461,-0.52434391,0
-0.27737528,0.22625518,2.6534412,-0.24720398,-0.53319502,0.80906928,0
3.0866814,-3.014528,-3.3986034,0.65570146,-0.70681345,-0.26546234,0
-1.9383097,4.674613,1.5045283,-0.65570146,0.70681345,0.26546234,0
3.5663373,-3.7526093,0.18383789,0.65570146,-0.70681345,-0.26546234,0
-2.3343542,3.8887186,2.7355666,-0.65570146,0.70681345,0.26546234,0
-2.8090401,0.0010426044,1.6949815,-0.24720398,-0.53319502,0.80906928,0
-0.76518178,-1.0401267,-2.0155518,-0.71340418,-0.46488461,-0.52434391,0
1.4518983,-2.9014511,-3.1998677,-0.71340418,-0.46488461,-0.52434391,0
3.1018965,-4.0682788,-0.31577158,0.65570146,-0.70681345,-0.26546234,0
-2.62203,-1.0259265,0.80933154,-0.71340418,-0.46488461,-0.52434391,0
-2.1677759,-0.89326292,-0.022610724,-0.71340418,-0.46488461,-0.52434391,0
-2.090553,1.100989,-1.9460768,-0.71340418,-0.46488461,-0.52434391,0
3.8528161,-3.5803821,0.24682331,0.65570146,-0.70681345,-0.26546234,0
-2.7373743,4.6583433,-0.33681726,0.24720398,0.53319502,-0.80906928,0
0.038637877,1.5360372,-1.4137242,0.24720398,0.53319502,-0.80906928,0
2.6731553,-0.20715821,-1.7548739,0.24720398,0.53319502,-0.80906928,0
-1.6083993,-0.88584721,1.3265973,-0.24720398,-0.53319502,0.80906928,0
-4.2934446,2.4127233,1.7707825,-0.65570146,0.70681345,0.26546234,0
-3.1515527,1.9143088,2.741323,-0.24720398,-0.53319502,0.80906928,0
-1.7094507,-1.4050888,1.1132468,-0.24720398,-0.53319502,0.80906928,0
2.7945392,-3.861275,-1.9401062,0.65570146,-0.70681345,-0.26546234,0
1.6799216,-5.1710453,-1.256772,0.65570146,-0.70681345,-0.26546234,0
-1.6461608,2.7831995,-1.1358652,0.24720398,0.53319502,-0.80906928,0
1.8759439,-4.7443757,-1.9394255,0.65570146,-0.70681345,-0.26546234,0
-0.77882695,3.1746793,1.9293807,0.71340418,0.46488461,0.52434391,0
1.6183312,0.58231878,-1.5281087,0.24720398,0.53319502,-0.80906928,0
-0.93923593,-1.255828,1.2614331,-0.24720398,-0.53319502,0.80906928,0
0.1133796,-0.076760054,2.352201,-0.24720398,-0.53319502,0.80906928,0
3.9915037,-2.4285185,-2.5071084,0.65570146,-0.70681345,-0.26546234,0
1.1186626,-5.3517237,-0.73626447,-0.71340418,-0.46488461,-0.52434391,0
2.1873126,-4.3696318,-1.9248977,0.65570146,-0.70681345,-0.26546234,0
-3.9748502,3.5382044,-1.379529,0.24720398,0.53319502,-0.80906928,0
-0.17996442,-3.2987871,0.16156638,-0.24720398,-0.53319502,0.80906928,0
-1.6736282,2.8943524,-1.0413423,0.24720398,0.53319502,-0.80906928,0
-1.2471521,-1.6845162,-0.50108111,-0.71340418,-0.46488461,-0.52434391,0
1.3722248,-2.8497033,-3.3322015,-0.71340418,-0.46488461,-0.52434391,0
-0.21704638,-1.7559526,1.2664655,-0.24720398,-0.53319502,0.80906928,0
-0.02296257,2.4781513,1.5879313,0.71340418,0.46488461,0.52434391,0
1.5249383,0.47831005,1.1967056,0.71340418,0.46488461,0.52434391,0
-3.3605394,1.4683824,-0.63540506,-0.71340418,-0.46488461,-0.52434391,0
-1.9614594,-1.721853,0.84250295,-0.24720398,-0.53319502,0.80906928,0
3.1980968,-0.34449685,-1.7222271,0.24720398,0.53319502,-0.80906928,0
-4.1285667,3.229547,-0.095933914,-0.65570146,0.70681345,0.26546234,0
-1.3780057,3.7036281,2.2536454,0.71340418,0.46488461,0.52434391,0
-1.8024483,-1.0703307,-0.53534698,-0.71340418,-0.46488461,-0.52434391,0
1.503751,-3.8475997,-2.5379083,-0.71340418,-0.46488461,-0.52434391,0
2.521611,-2.4871416,1.517251,-0.24720398,-0.53319502,0.80906928,0
-2.3042703,-1.5760518,0.65502918,-0.71340418,-0.46488461,-0.52434391,0
-2.7726882,-0.99553525,1.0551816,-0.24720398,-0.53319502,0.80906928,0
-4.4374113,2.4181445,1.1020873,-0.65570146,0.70681345,0.26546234,0
1.3201324,-0.27727103,2.1702909,0.71340418,0.46488461,0.52434391,0
-4.3280368,3.3380058,-0.90200853,-0.65570146,0.70681345,0.26546234,0
-0.34587955,-3.3635101,-0.23781765,-0.71340418,-0.46488461,-0.52434391,0
-1.4233986,2.6879418,-1.141382,0.24720398,0.53319502,-0.80906928,0
-3.2985506,3.5241618,1.0356219,-0.65570146,0.70681345,0.26546234,0
4.2016239,-3.0326977,0.93213129,0.71340418,0.46488461,0.52434391,0
0.83459592,2.3258493,0.70970654,0.71340418,0.46488461,0.52434391,0
-3.9078693,3.713726,-0.56178045,-0.65570146,0.70681345,0.26546234,0
3.2253869,-0.18838769,-0.35673237,0.71340418,0.46488461,0.52434391,0
2.0665877,-1.9857244,1.8499277,-0.24720398,-0.53319502,0.80906928,0
3.1894827,-0.61202806,-0.023009777,0.71340418,0.46488461,0.52434391,0
2.6531782,-1.9944607,-2.8835211,0.24720398,0.53319502,-0.80906928,0
2.1512055,-3.3954356,0.82626057,-0.24720398,-0.53319502,0.80906928,0
-4.1512103,3.1353221,0.31223536,-0.65570146,0.70681345,0.26546234,0
3.9878452,-3.431016,0.11345863,0.65570146,-0.70681345,-0.26546234,0
-2.7706447,3.3113613,3.0458858,-0.65570146,0.70681345,0.26546234,0
-1.2713168,5.0110788,0.55420375,0.24720398,0.53319502,-0.80906928,0
4.9145246,-2.062489,-1.2251263,0.65570146,-0.70681345,-0.26546234,0
2.7078514,0.55753708,-1.3369616,0.24720398,0.53319502,-0.80906928,0
-0.9290874,1.3120749,3.0023074,-0.24720398,-0.53319502,0.80906928,0
-0.8515799,0.72452903,-2.2122457,0.24720398,0.53319502,-0.80906928,0
-2.590394,4.1181707,1.3705583,-0.65570146,0.70681345,0.26546234,0
2.4202685,1.1404563,-0.57216585,0.71340418,0.46488461,0.52434391,0
-3.9056065,2.6487761,1.7639921,-0.65570146,0.70681345,0.26546234,0
2.7069345,-3.4235826,-3.0768828,0.65570146,-0.70681345,-0.26546234,0
2.6308136,-0.35160068,0.4685812,0.71340418,0.46488461,0.52434391,0
0.86276519,-2.7807038,0.83427429,-0.24720398,-0.53319502,0.80906928,0
0.60995859,0.027923346,-2.2877326,0.24720398,0.53319502,-0.80906928,0
1.1050776,-0.082006216,-2.2824087,0.24720398,0.53319502,-0.80906928,0
-2.5133874,3.8663948,2.3279278,-0.65570146,0.70681345,0.26546234,0
3.8241448,-3.8131874,0.99186993,0.65570146,-0.70681345,-0.26546234,0
2.2532146,-3.9704571,-2.6328716,0.65570146,-0.70681345,-0.26546234,0
1.7559061,-1.9610603,1.6991034,-0.24720398,-0.53319502,0.80906928,0
1.2962713,-2.1042469,1.5864458,-0.24720398,-0.53319502,0.80906928,0
-3.5995529,3.1943159,1.5037823,-0.65570146,0.70681345,0.26546234,0
-2.851902,0.56863886,-0.38063431,-0.71340418,-0.46488461,-0.52434391,0
-3.4459438,3.5918686,0.9867115,-0.65570146,0.70681345,0.26546234,0
-1.7266613,4.5603142,2.1622937,0.71340418,0.46488461,0.52434391,0
0.22076797,3.5210652,-0.061110735,0.24720398,0.53319502,-0.80906928,0
2.9247375,-2.0143096,1.6426842,0.71340418,0.46488461,0.52434391,0
3.1193521,-3.5336404,1.1076522,-0.24720398,-0.53319502,0.80906928,0
-4.0184965,2.6501667,1.5184269,-0.65570146,0.70681345,0.26546234,0
3.8309278,-3.1796265,-1.0092459,0.65570146,-0.70681345,-0.26546234,0
1.6523801,-0.27616179,1.7391031,0.71340418,0.46488461,0.52434391,0
-0.94396412,4.9510384,0.6891129,0.71340418,0.46488461,0.52434391,0
-4.1693058,2.1133113,0.1100297,-0.71340418,-0.46488461,-0.52434391,0
1.6160517,-3.4457002,0.64268851,-0.24720398,-0.53319502,0.80906928,0
-3.0587366,-0.21105063,0.50930154,-0.71340418,-0.46488461,-0.52434391,0
2.974191,-0.59898162,-2.0797703,0.24720398,0.53319502,-0.80906928,0
-1.0204272,-0.90649945,-1.5473664,-0.71340418,-0.46488461,-0.52434391,0
-1.6282604,-2.3462996,0.30610773,-0.71340418,-0.46488461,-0.52434391,0
3.548207,-2.9811041,-2.1031685,0.65570146,-0.70681345,-0.26546234,0
0.006718874,-2.168695,0.96590924,-0.24720398,-0.53319502,0.80906928,0
3.6792588,-3.5888412,1.2230692,-0.24720398,-0.53319502,0.80906928,0
-1.0537186,-2.3016276,-0.2144767,-0.71340418,-0.46488461,-0.52434391,0
-2.1600752,4.5793662,1.2788711,-0.65570146,0.70681345,0.26546234,0
-4.4130383,2.1052892,0.32238102,-0.71340418,-0.46488461,-0.52434391,0
3.230463,-3.4375319,1.2792549,-0.24720398,-0.53319502,0.80906928,0
-1.0309355,-2.6475759,0.056160331,-0.71340418,-0.46488461,-0.52434391,0
-4.8305211,2.3455389,0.91358614,-0.65570146,0.70681345,0.26546234,0
4.4427824,-1.8831532,-2.2841365,0.24720398,0.53319502,-0.80906928,0
-0.81731516,1.5059111,3.2252107,-0.24720398,-0.53319502,0.80906928,0
-3.137886,4.320302,-0.10317421,-0.65570146,0.70681345,0.26546234,0
3.9798281,-3.6886501,0.51812267,0.65570146,-0.70681345,-0.26546234,0
-2.9369941,4.3568745,-0.24681568,-0.65570146,0.70681345,0.26546234,0
0.99802816,-0.8598423,2.1850367,-0.24720398,-0.53319502,0.80906928,0
0.48782229,-1.7046974,-2.831768,-0.71340418,-0.46488461,-0.52434391,0
0.13303137,-0.36543989,-2.7678297,0.24720398,0.53319502,-0.80906928,0
2.8966124,-3.7358389,-1.4767182,0.65570146,-0.70681345,-0.26546234,0
-2.0997655,4.476265,1.801286,-0.65570146,0.70681345,0.26546234,0
-0.41680157,1.9935513,2.5316868,0.71340418,0.46488461,0.52434391,0
2.5070152,-0.55380297,-2.0590291,0.24720398,0.53319502,-0.80906928,0
-4.2396097,1.7442503,0.44152808,-0.71340418,-0.46488461,-0.52434391,0
-2.0701232,-0.77715552,1.376143,-0.24720398,-0.53319502,0.80906928,0
3.0756512,-1.5841049,1.011018,0.71340418,0.46488461,0.52434391,0
-2.0950868,4.3077488,2.1697869,-0.65570146,0.70681345,0.26546234,0
-3.5751128,1.1218922,2.2262254,-0.24720398,-0.53319502,0.80906928,0
1.3148923,-5.1523829,-0.55608678,-0.24720398,-0.53319502,0.80906928,0
1.0722753,2.0167279,-0.81882799,0.24720398,0.53319502,-0.80906928,0
-2.9490283,4.164649,-0.69995642,0.24720398,0.53319502,-0.80906928,0
-0.54572237,3.5519121,1.451232,0.71340418,0.46488461,0.52434391,0
2.1464097,0.1933887,-1.6661962,0.24720398,0.53319502,-0.80906928,0
0.078530073,-3.7055387,-0.51556134,-0.71340418,-0.46488461,-0.52434391,0
-0.016108751,2.8137915,1.3385524,0.71340418,0.46488461,0.52434391,0
-2.2733319,1.9565058,3.0519536,-0.24720398,-0.53319502,0.80906928,0
-2.8038068,3.9453032,1.5677454,-0.65570146,0.70681345,0.26546234,0
2.4427695,-4.5848875,0.15296459,-0.24720398,-0.53319502,0.80906928,0
0.4205488,1.1723976,-1.5306114,0.24720398,0.53319502,-0.80906928,0
1.4767528,-4.2557216,-1.8779969,-0.71340418,-0.46488461,-0.52434391,0
2.1631505,-4.5524902,-1.6989956,0.65570146,-0.70681345,-0.26546234,0
2.4493332,1.1173182,-0.58182961,0.71340418,0.46488461,0.52434391,0
3.6872938,-3.7168374,-0.16668701,0.65570146,-0.70681345,-0.26546234,0
1.6755564,2.0329719,-0.28527084,0.71340418,0.46488461,0.52434391,0
4.1417627,-3.3079429,0.52900457,0.65570146,-0.70681345,-0.26546234,0
-2.2712436,1.3411717,2.677443,-0.24720398,-0.53319502,0.80906928,0
0.96807194,0.41023034,2.0550513,0.71340418,0.46488461,0.52434391,0
1.2707329,-1.7391108,-3.2728851,0.24720398,0.53319502,-0.80906928,0
-3.1568615,3.1566482,2.6934404,-0.65570146,0.70681345,0.26546234,0
0.72472882,3.0714784,0.23058355,0.71340418,0.46488461,0.52434391,0
2.7411156,-2.0024197,1.6999335,0.71340418,0.46488461,0.52434391,0
3.2634447,-3.740099,-1.1356385,0.65570146,-0.70681345,-0.26546234,0
-2.3398471,3.0784385,3.8143582,-0.24720398,-0.53319502,0.80906928,0
3.8300157,-3.3939512,-0.28741455,0.65570146,-0.70681345,-0.26546234,0
-4.2246003,2.5258451,1.3110278,-0.65570146,0.70681345,0.26546234,0
-2.4819984,3.2360151,3.8338003,-0.65570146,0.70681345,0.26546234,0
3.6860256,-3.3851647,-0.46473455,0.65570146,-0.70681345,-0.26546234,0
1.7095091,-5.1415868,-0.9324162,0.65570146,-0.70681345,-0.26546234,0
-0.10100031,2.4153943,1.940138,0.71340418,0.46488461,0.52434391,0
-1.1097736,4.6219654,1.266813,0.71340418,0.46488461,0.52434391,0
-3.728472,2.7179604,2.6841996,-0.65570146,0.70681345,0.26546234,0
-3.9332786,3.479908,-0.23753357,-0.65570146,0.70681345,0.26546234,0
2.9610429,0.13219702,-0.48406422,0.71340418,0.46488461,0.52434391,0
-2.5610819,2.5526159,-1.6813366,0.24720398,0.53319502,-0.80906928,0
3.995115,-2.6261058,0.82196188,0.71340418,0.46488461,0.52434391,0
-0.083259791,1.0454885,-1.6909111,0.24720398,0.53319502,-0.80906928,0
3.0906563,-3.8703203,-0.7893219,0.65570146,-0.70681345,-0.26546234,0
-1.1097809,2.7932944,2.741713,0.71340418,0.46488461,0.52434391,0
3.1632733,-2.7015119,1.5722611,-0.24720398,-0.53319502,0.80906928,0
-4.5878572,2.6333852,-0.003692627,-0.71340418,-0.46488461,-0.52434391,0
-2.7882648,0.46368945,1.9718359,-0.24720398,-0.53319502,0.80906928,0
2.8138781,-0.88684988,0.66817665,0.71340418,0.46488461,0.52434391,0
4.1424704,-3.3602459,0.24105835,0.65570146,-0.70681345,-0.26546234,0
1.7053136,-0.67289913,2.0292335,0.71340418,0.46488461,0.52434391,0
-2.1555772,4.7425046,-0.10827923,0.24720398,0.53319502,-0.80906928,0
2.3646479,-3.6847398,-2.8237519,0.65570146,-0.70681345,-0.26546234,0
-1.5182438,-0.15238953,-1.7271776,-0.71340418,-0.46488461,-0.52434391,0
3.5309036,-3.209852,-1.7531435,0.65570146,-0.70681345,-0.26546234,0
1.160243,-2.9145007,-2.7141976,-0.71340418,-0.46488461,-0.52434391,0
2.8458652,-3.3392229,-3.1319945,0.65570146,-0.70681345,-0.26546234,0
1.8153193,-4.4561377,0.083471298,-0.24720398,-0.53319502,0.80906928,0
-1.1149191,0.32772684,-2.4666891,-0.71340418,-0.46488461,-0.52434391,0
-3.1349707,4.3787608,-0.34331512,-0.65570146,0.70681345,0.26546234,0
-4.0644274,3.8258009,-1.049367,-0.65570146,0.70681345,0.26546234,0
-3.352505,-0.34065092,1.2177076,-0.71340418,-0.46488461,-0.52434391,0
4.7831535,-1.4830076,-1.3187063,0.71340418,0.46488461,0.52434391,0
1.3841136,1.3409714,0.88942909,0.71340418,0.46488461,0.52434391,0
-4.6652985,0.90419203,1.6307766,-0.71340418,-0.46488461,-0.52434391,0
-4.4891329,1.6092312,0.82637262,-0.71340418,-0.46488461,-0.52434391,0
0.81591034,-4.2169986,-1.1052978,-0.71340418,-0.46488461,-0.52434391,0
-4.2985134,3.4072652,-1.0654945,-0.71340418,-0.46488461,-0.52434391,0
-1.6633852,5.1546106,1.2058101,-0.65570146,0.70681345,0.26546234,0
-2.1047177,2.2764103,-1.5883772,0.24720398,0.53319502,-0.80906928,0
0.8944627,-2.5280697,-2.9648395,-0.71340418,-0.46488461,-0.52434391,0
-3.0865092,3.2234359,2.7318118,-0.65570146,0.70681345,0.26546234,0
3.7473507,-3.6890979,0.00054931641,0.65570146,-0.70681345,-0.26546234,0
-2.2479849,4.5755711,0.98275638,-0.65570146,0.70681345,0.26546234,0
3.8771391,-0.27544034,-1.226027,0.71340418,0.46488461,0.52434391,0
-2.3882649,3.0391607,3.6387329,-0.24720398,-0.53319502,0.80906928,0
3.3583033,-3.374105,1.2373834,-0.24720398,-0.53319502,0.80906928,0
-2.4238296,4.6645961,-0.14677429,0.24720398,0.53319502,-0.80906928,0
0.89718521,-2.7880826,-2.6759491,-0.71340418,-0.46488461,-0.52434391,0
3.6435513,-0.078344941,-1.3918158,0.24720398,0.53319502,-0.80906928,0
3.1727459,-3.510576,-1.6568229,0.65570146,-0.70681345,-0.26546234,0
-2.1307847,4.2099895,2.7364454,-0.65570146,0.70681345,0.26546234,0
1.7463565,-0.11711085,1.5181555,0.71340418,0.46488461,0.52434391,0
0.52785158,-3.8567286,-1.1921494,-0.71340418,-0.46488461,-0.52434391,0
-3.6339836,3.248913,0.8847332,-0.65570146,0.70681345,0.26546234,0
-2.3866043,3.8966804,2.5109472,-0.65570146,0.70681345,0.26546234,0
1.1241472,-0.71720481,2.4499459,-0.24720398,-0.53319502,0.80906928,0
3.5459473,-2.9511435,-2.3138704,0.65570146,-0.70681345,-0.26546234,0
3.862421,-1.9965329,0.36714458,0.71340418,0.46488461,0.52434391,0
-2.1271598,4.5270653,1.3966098,-0.65570146,0.70681345,0.26546234,0
2.9233806,-3.6571481,-1.7494326,0.65570146,-0.70681345,-0.26546234,0
-0.30701065,1.7531011,2.5133903,0.71340418,0.46488461,0.52434391,0
1.2124757,-3.8098121,0.22097969,-0.24720398,-0.53319502,0.80906928,0
-2.9493077,3.1299233,2.9713204,-0.65570146,0.70681345,0.26546234,0
2.3780744,-0.17971921,0.88755429,0.71340418,0.46488461,0.52434391,0
4.0272751,-2.6353889,-1.6896586,0.65570146,-0.70681345,-0.26546234,0
0.99628246,0.31518197,2.2685547,0.71340418,0.46488461,0.52434391,0
-2.7513211,3.0692856,3.4916525,-0.65570146,0.70681345,0.26546234,0
-0.20162868,-3.0815701,0.25969005,-0.24720398,-0.53319502,0.80906928,0
-0.54336905,0.58561897,-2.1509483,0.24720398,0.53319502,-0.80906928,0
-0.24827904,2.6607084,-0.86037731,0.24720398,0.53319502,-0.80906928,0
-3.8901629,1.1434162,1.9274609,-0.24720398,-0.53319502,0.80906928,0
-4.1483006,0.70233268,1.3780198,-0.71340418,-0.46488461,-0.52434391,0
1.0535815,1.8470681,0.80187207,0.71340418,0.46488461,0.52434391,0
0.092573404,-0.414428,-2.7002356,0.24720398,0.53319502,-0.80906928,0
1.9367563,-4.5414138,-1.6710491,0.65570146,-0.70681345,-0.26546234,0
-1.5333571,1.7594223,-1.7507132,0.24720398,0.53319502,-0.80906928,0
2.4172239,-4.3551064,-1.0951703,0.65570146,-0.70681345,-0.26546234,0
3.8333707,-2.708842,0.93723345,0.71340418,0.46488461,0.52434391,0
3.334599,-3.5469286,-1.5035868,0.65570146,-0.70681345,-0.26546234,0
2.5444584,-4.6638947,-0.22602129,0.65570146,-0.70681345,-0.26546234,0
1.660341,-3.5002646,0.6507175,-0.24720398,-0.53319502,0.80906928,0
-4.5069017,2.6932657,0.36519957,-0.65570146,0.70681345,0.26546234,0
1.2968527,-3.4645104,-2.4718595,-0.71340418,-0.46488461,-0.52434391,0
-3.1464934,1.3932788,-0.76051116,-0.71340418,-0.46488461,-0.52434391,0
-0.71478415,1.7947679,3.2216837,0.71340418,0.46488461,0.52434391,0
-0.52940917,4.3617845,0.49104524,0.71340418,0.46488461,0.52434391,0
3.7068601,-0.33724165,-0.83201289,0.71340418,0.46488461,0.52434391,0
4.1527824,-3.7184162,0.9470911,0.65570146,-0.70681345,-0.26546234,0
3.4802458,-3.2265024,-1.7832477,0.65570146,-0.70681345,-0.26546234,0
0.0034081936,-2.4766824,-1.6690333,-0.71340418,-0.46488461,-0.52434391,0
2.2733235,-4.8862224,-0.48183632,0.65570146,-0.70681345,-0.26546234,0
3.0755436,-0.5414083,0.19274783,0.71340418,0.46488461,0.52434391,0
-1.9873648,5.0023746,0.63529968,-0.65570146,0.70681345,0.26546234,0
2.0491285,-4.7941189,-0.078651428,-0.24720398,-0.53319502,0.80906928,0
0.45431733,-1.1481791,1.9549873,-0.24720398,-0.53319502,0.80906928,0
1.3855908,-4.8095536,-0.23792815,-0.24720398,-0.53319502,0.80906928,0
0.62533641,-3.8447165,-1.3821713,-0.71340418,-0.46488461,-0.52434391,0
-2.1168485,3.6379118,3.3136959,0.71340418,0.46488461,0.52434391,0
0.95326078,1.5801455,-1.1695658,0.24720398,0.53319502,-0.80906928,0
1.4981303,-1.4536717,-2.9859505,0.24720398,0.53319502,-0.80906928,0
-2.1660502,3.4201217,3.8122854,0.71340418,0.46488461,0.52434391,0
2.0540853,-1.0655017,2.0948505,0.71340418,0.46488461,0.52434391,0
3.2517276,-3.0009885,-2.6465788,0.65570146,-0.70681345,-0.26546234,0
2.534348,-3.3236389,-3.8009372,0.65570146,-0.70681345,-0.26546234,0
0.66411293,-3.9917705,0.097054482,-0.24720398,-0.53319502,0.80906928,0
1.9102091,-4.4146466,-2.0266201,0.65570146,-0.70681345,-0.26546234,0
-2.892046,3.2697115,3.0818892,-0.65570146,0.70681345,0.26546234,0
3.4547482,-0.61370814,-0.15430832,0.71340418,0.46488461,0.52434391,0
-2.0046639,4.0361314,2.8164673,-0.65570146,0.70681345,0.26546234,0
3.1212661,-4.2447333,0.27155352,0.65570146,-0.70681345,-0.26546234,0
-0.51540482,-0.32325411,2.1897869,-0.24720398,-0.53319502,0.80906928,0
5.2142134,-1.5716116,-1.8433418,0.65570146,-0.70681345,-0.26546234,0
-1.5796864,0.99235374,2.6058345,-0.24720398,-0.53319502,0.80906928,0
3.709981,-3.5822232,1.3258109,-0.24720398,-0.53319502,0.80906928,0
-0.30119312,1.2761632,3.0681777,0.71340418,0.46488461,0.52434391,0
-2.9746432,3.2495995,2.9846473,-0.65570146,0.70681345,0.26546234,0
-2.4499316,1.0039957,-1.390512,-0.71340418,-0.46488461,-0.52434391,0
1.0559485,1.1356735,1.2916639,0.71340418,0.46488461,0.52434391,0
-4.6538486,2.1163375,0.53185558,-0.71340418,-0.46488461,-0.52434391,0
-4.5401487,2.2196813,1.3898444,-0.65570146,0.70681345,0.26546234,0
-0.25927877,-2.4230394,-1.1607649,-0.71340418,-0.46488461,-0.52434391,0
-0.71804619,-2.9682121,-0.20542192,-0.71340418,-0.46488461,-0.52434391,0
2.1006894,0.62902379,0.49996901,0.71340418,0.46488461,0.52434391,0
-3.5894656,0.3373422,0.92939138,-0.71340418,-0.46488461,-0.52434391,0
2.3521671,-4.6907029,-0.71922827,0.65570146,-0.70681345,-0.26546234,0
-1.1278433,3.0023308,2.8620152,0.71340418,0.46488461,0.52434391,0
3.2824094,-2.9386344,-2.839184,0.65570146,-0.70681345,-0.26546234,0
-4.6136951,1.767092,2.1180661,-0.24720398,-0.53319502,0.80906928,0
-1.3241172,4.908464,1.1887438,0.71340418,0.46488461,0.52434391,0
2.9104531,0.44466639,-0.5444901,0.71340418,0.46488461,0.52434391,0
3.25665,-3.620358,-1.2595797,0.65570146,-0.70681345,-0.26546234,0
-3.0483482,4.2226706,-0.71266937,0.24720398,0.53319502,-0.80906928,0
-3.2652345,2.0555239,2.7679496,-0.24720398,-0.53319502,0.80906928,0
4.4842038,-2.3160839,-1.6333194,0.65570146,-0.70681345,-0.26546234,0
0.86828899,1.4238688,1.3421476,0.71340418,0.46488461,0.52434391,0
-4.1603317,0.86690426,0.92807627,-0.71340418,-0.46488461,-0.52434391,0
1.6330428,-3.6110086,-2.733727,-0.71340418,-0.46488461,-0.52434391,0
-0.16754913,1.3441133,2.9287133,0.71340418,0.46488461,0.52434391,0
4.4927535,-2.0705106,-1.8647542,0.65570146,-0.70681345,-0.26546234,0
4.4130163,-2.8278201,-0.33758783,0.65570146,-0.70681345,-0.26546234,0
-0.54580832,-0.49054348,-2.7248852,-0.71340418,-0.46488461,-0.52434391,0
3.2944489,-0.22026694,-1.6346039,0.24720398,0.53319502,-0.80906928,0
-3.9716487,3.2491844,0.73978186,-0.65570146,0.70681345,0.26546234,0
4.1432214,-2.6177125,-2.0065284,0.65570146,-0.70681345,-0.26546234,0
0.99040294,-4.3381481,-1.3593178,-0.71340418,-0.46488461,-0.52434391,0
3.9956784,-3.4581826,0.38753748,0.65570146,-0.70681345,-0.26546234,0
1.5243658,-5.2445369,-1.2844427,0.65570146,-0.70681345,-0.26546234,0
1.6462936,-4.649261,-2.0401537,-0.71340418,-0.46488461,-0.52434391,0
-3.7421916,3.2778871,0.67131281,-0.65570146,0.70681345,0.26546234,0
-3.733758,3.9071302,-1.0412364,0.24720398,0.53319502,-0.80906928,0
2.8731718,-3.6796167,-2.1252332,0.65570146,-0.70681345,-0.26546234,0
-0.051749229,-3.3840384,-0.59248185,-0.71340418,-0.46488461,-0.52434391,0
4.0441132,-3.0627048,1.0713801,0.71340418,0.46488461,0.52434391,0
0.44367474,-1.7498937,1.4195573,-0.24720398,-0.53319502,0.80906928,0
4.3522863,-2.1416054,-2.356261,0.65570146,-0.70681345,-0.26546234,0
2.3734989,-2.3044922,1.7172174,-0.24720398,-0.53319502,0.80906928,0
2.259907,-3.8732967,-2.6062858,0.65570146,-0.70681345,-0.26546234,0
-2.2065606,1.3117442,2.7254653,-0.24720398,-0.53319502,0.80906928,0
-1.1682458,4.2758913,-0.11557913,0.24720398,0.53319502,-0.80906928,0
1.1289347,2.0477324,-0.8268525,0.24720398,0.53319502,-0.80906928,0
-4.7920179,2.074142,0.73364544,-0.71340418,-0.46488461,-0.52434391,0
3.3246939,-3.5632601,-1.1061759,0.65570146,-0.70681345,-0.26546234,0
3.0502682,-4.2323713,0.093020916,0.65570146,-0.70681345,-0.26546234,0
-1.298455,3.2554376,2.5566096,0.71340418,0.46488461,0.52434391,0
-3.1257489,4.1437306,0.037098408,-0.65570146,0.70681345,0.26546234,0
1.3506169,-3.1378689,-2.8669944,-0.71340418,-0.46488461,-0.52434391,0
-3.8539462,2.4796181,2.8742936,-0.24720398,-0.53319502,0.80906928,0
1.4316806,-2.2660551,-3.525604,0.24720398,0.53319502,-0.80906928,0
3.7256408,-2.3823011,-2.9401674,0.24720398,0.53319502,-0.80906928,0
3.759604,-2.5347397,-2.6125045,0.65570146,-0.70681345,-0.26546234,0
4.5423832,-2.6762927,0.084739685,0.71340418,0.46488461,0.52434391,0
3.7591314,-3.3872628,-0.19987631,0.65570146,-0.70681345,-0.26546234,0
-0.99501824,4.8308554,0.80152702,0.71340418,0.46488461,0.52434391,0
-4.6315689,1.0704427,1.7007136,-0.71340418,-0.46488461,-0.52434391,0
-1.371455,1.0731716,2.8774753,-0.24720398,-0.53319502,0.80906928,0
-2.2498803,4.2993765,1.8693743,-0.65570146,0.70681345,0.26546234,0
-0.76166952,3.5367031,-0.4630971,0.24720398,0.53319502,-0.80906928,0
2.4220457,-4.3835254,-0.82148075,0.65570146,-0.70681345,-0.26546234,0
2.8454316,-4.4826102,0.19592524,0.65570146,-0.70681345,-0.26546234,0
-3.2713103,2.052001,-1.1949847,-0.71340418,-0.46488461,-0.52434391,0
-4.279757,2.5773387,-0.39543724,-0.71340418,-0.46488461,-0.52434391,0
-0.62622881,2.7166586,-0.82334661,0.24720398,0.53319502,-0.80906928,0
0.65365934,0.46606505,2.4743147,0.71340418,0.46488461,0.52434391,0
1.6436245,0.24747568,1.3457962,0.71340418,0.46488461,0.52434391,0
3.0299149,-2.3989081,1.6490567,0.71340418,0.46488461,0.52434391,0
1.8385066,-0.75371099,1.9065715,0.71340418,0.46488461,0.52434391,0
-1.6687152,0.77891564,-2.3518109,-0.71340418,-0.46488461,-0.52434391,0
2.7559333,-2.1080275,1.9521732,-0.24720398,-0.53319502,0.80906928,0
3.7532091,-3.9946127,0.78336287,0.65570146,-0.70681345,-0.26546234,0
1.1857431,-4.6947894,-0.18857384,-0.24720398,-0.53319502,0.80906928,0
3.3466024,-3.4742281,-1.6037841,0.65570146,-0.70681345,-0.26546234,0
1.0714555,-2.9029722,-2.5274107,-0.71340418,-0.46488461,-0.52434391,0
2.5010619,-3.7618051,-2.2864296,0.65570146,-0.70681345,-0.26546234,0
4.5069442,-2.1578772,-1.6733072,0.65570146,-0.70681345,-0.26546234,0
0.15732598,2.7528834,1.3395219,0.71340418,0.46488461,0.52434391,0
4.955183,-1.4884353,-1.4384532,0.71340418,0.46488461,0.52434391,0
-1.0122741,1.1145985,-1.9558742,0.24720398,0.53319502,-0.80906928,0
4.0994663,-3.0393543,-0.62050581,0.65570146,-0.70681345,-0.26546234,0
-0.94091713,1.7547731,-1.5989451,0.24720398,0.53319502,-0.80906928,0
-2.4838839,1.2065945,2.505487,-0.24720398,-0.53319502,0.80906928,0
3.9043584,-0.52901578,-1.7130167,0.24720398,0.53319502,-0.80906928,0
-2.5681984,4.1492529,1.2275758,-0.65570146,0.70681345,0.26546234,0
0.37283173,-1.2405884,1.7434546,-0.24720398,-0.53319502,0.80906928,0
-3.143012,2.1815596,2.9713268,-0.24720398,-0.53319502,0.80906928,0
-2.6620669,3.7287192,-0.85056448,0.24720398,0.53319502,-0.80906928,0
-0.1874544,0.68175459,-1.9564027,0.24720398,0.53319502,-0.80906928,0
-3.0281398,4.3671532,-0.46031046,0.24720398,0.53319502,-0.80906928,0
2.3578687,-4.68925,-0.015612602,-0.24720398,-0.53319502,0.80906928,0
-1.1683365,2.3483651,3.2421963,0.71340418,0.46488461,0.52434391,0
1.6388388,-3.7919087,-2.522954,-0.71340418,-0.46488461,-0.52434391,0
1.3235555,-2.394959,-3.6802711,-0.71340418,-0.46488461,-0.52434391,0
2.958081,-4.0816202,-0.68683577,0.65570146,-0.70681345,-0.26546234,0
1.3300462,-3.8575656,-2.1360779,-0.71340418,-0.46488461,-0.52434391,0
1.3743553,-4.800972,-1.4533694,-0.71340418,-0.46488461,-0.52434391,0
-3.3796685,1.4470222,2.4471707,-0.24720398,-0.53319502,0.80906928,0
3.9789948,-1.2433565,-2.1491218,0.24720398,0.53319502,-0.80906928,0
2.1749918,-4.5671401,-1.6520059,0.65570146,-0.70681345,-0.26546234,0
2.4550724,-4.0589318,-1.9599717,0.65570146,-0.70681345,-0.26546234,0
2.4590132,-3.6632335,-2.8277075,0.65570146,-0.70681345,-0.26546234,0
-2.9041486,3.8739407,1.0416031,-0.65570146,0.70681345,0.26546234,0
2.1897607,-1.5344274,2.0731049,0.71340418,0.46488461,0.52434391,0
2.3280663,0.13293236,0.50177193,0.71340418,0.46488461,0.52434391,0
0.77315831,3.3202472,-0.035840273,0.71340418,0.46488461,0.52434391,0
3.5441425,-3.7227895,-0.45632172,0.65570146,-0.70681345,-0.26546234,0
-2.7168596,3.6914449,1.9279137,-0.65570146,0.70681345,0.26546234,0
-1.9902296,4.0594039,2.9602714,0.71340418,0.46488461,0.52434391,0
3.9709442,-2.543925,-2.5441525,0.65570146,-0.70681345,-0.26546234,0
2.54598,-1.8062621,-2.8277669,0.24720398,0.53319502,-0.80906928,0
-0.64518434,-0.087482691,2.1538134,-0.24720398,-0.53319502,0.80906928,0
2.1137626,-4.3518438,-2.0424461,0.65570146,-0.70681345,-0.26546234,0
0.2483089,-4.3605671,-0.46542335,-0.71340418,-0.46488461,-0.52434391,0
2.7945359,-3.6284132,0.94917965,-0.24720398,-0.53319502,0.80906928,0
-1.4867457,2.1197808,-1.5268962,0.24720398,0.53319502,-0.80906928,0
-0.34221017,3.7089827,-0.14770007,0.24720398,0.53319502,-0.80906928,0
-1.6543531,3.041307,3.357929,0.71340418,0.46488461,0.52434391,0
2.2377539,-4.7047529,-1.0498972,0.65570146,-0.70681345,-0.26546234,0
-0.96378517,-1.0911,-1.6966848,-0.71340418,-0.46488461,-0.52434391,0
1.8747261,-4.8234353,-1.5910711,0.65570146,-0.70681345,-0.26546234,0
4.4462523,-2.4897983,-1.0228205,0.65570146,-0.70681345,-0.26546234,0
-1.6344402,1.0994079,-2.2547855,0.24720398,0.53319502,-0.80906928,0
-2.9006624,4.0298467,0.58270597,-0.65570146,0.70681345,0.26546234,0
3.5249183,-3.2266321,-1.5351157,0.65570146,-0.70681345,-0.26546234,0
3.6133194,-3.2219048,-1.4727547,0.65570146,-0.70681345,-0.26546234,0
3.9839003,-2.972049,-1.1952429,0.65570146,-0.70681345,-0.26546234,0
4.1726675,-2.5518513,-1.5408902,0.65570146,-0.70681345,-0.26546234,0
-3.9503393,3.597939,-0.21994877,-0.65570146,0.70681345,0.26546234,0
-4.2219992,3.1748202,0.13438988,-0.65570146,0.70681345,0.26546234,0
3.3210821,-2.3804159,1.3394811,0.71340418,0.46488461,0.52434391,0
-0.097597182,1.8852615,-1.2148411,0.24720398,0.53319502,-0.80906928,0
1.0796142,-4.0086498,-1.5555089,-0.71340418,-0.46488461,-0.52434391,0
4.4348569,-1.6950699,-0.53855896,0.71340418,0.46488461,0.52434391,0
2.9904299,-2.2939169,1.8733368,0.71340418,0.46488461,0.52434391,0
-5.0630698,1.6935053,1.8381486,-0.65570146,0.70681345,0.26546234,0
-4.0316329,2.214004,2.5887029,-0.24720398,-0.53319502,0.80906928,0
2.6013489,-3.7257719,-2.4103291,0.65570146,-0.70681345,-0.26546234,0
-2.8366256,3.8983169,-0.72308111,0.24720398,0.53319502,-0.80906928,0
-0.33840173,1.3400044,-1.6059191,0.24720398,0.53319502,-0.80906928,0
-0.56457996,-3.1379967,-0.42159021,-0.71340418,-0.46488461,-0.52434391,0
-0.95449579,-0.21795988,2.0306597,-0.24720398,-0.53319502,0.80906928,0
1.8478091,0.90131986,0.53144246,0.71340418,0.46488461,0.52434391,0
-4.2548151,2.2711828,2.3975599,-0.65570146,0.70681345,0.26546234,0
-3.4827998,3.6711521,0.15877342,-0.65570146,0.70681345,0.26546234,0
-4.4887886,2.1757817,0.27199268,-0.71340418,-0.46488461,-0.52434391,0
-0.97698164,-2.5976615,-0.10259235,-0.71340418,-0.46488461,-0.52434391,0
-2.7626257,4.281455,0.69904852,-0.65570146,0.70681345,0.26546234,0
2.5490761,-1.5110998,1.6141412,0.71340418,0.46488461,0.52434391,0
-1.5346382,4.491025,1.8823156,0.71340418,0.46488461,0.52434391,0
0.74642694,-4.8011928,-0.63030076,-0.71340418,-0.46488461,-0.52434391,0
1.0449786,0.86616528,-1.536531,0.24720398,0.53319502,-0.80906928,0
2.4310684,-1.4534228,-2.8033056,0.24720398,0.53319502,-0.80906928,0
2.1397402,-4.7619076,-0.73752022,0.65570146,-0.70681345,-0.26546234,0
-3.5952659,4.0156059,-0.68915033,-0.65570146,0.70681345,0.26546234,0
4.4237032,-2.8995311,-0.40068197,0.65570146,-0.70681345,-0.26546234,0
0.27781087,2.1346054,-1.0344312,0.24720398,0.53319502,-0.80906928,0
-0.98591781,4.8569674,0.75741816,0.71340418,0.46488461,0.52434391,0
-1.513104,1.886354,-1.6464816,0.24720398,0.53319502,-0.80906928,0
-1.581495,3.0892601,3.2916768,0.71340418,0.46488461,0.52434391,0
-0.35735714,-2.4202576,0.78054678,-0.24720398,-0.53319502,0.80906928,0
-0.27116346,-0.091833115,-2.5632234,0.24720398,0.53319502,-0.80906928,0
-0.90562856,3.7551384,-0.39255023,0.24720398,0.53319502,-0.80906928,0
2.4263673,-4.3825922,-1.2755532,0.65570146,-0.70681345,-0.26546234,0
0.87330413,-3.2254953,0.72977924,-0.24720398,-0.53319502,0.80906928,0
1.3018494,-5.0868516,-1.1976449,-0.71340418,-0.46488461,-0.52434391,0
-1.6386974,-1.9387183,0.18180394,-0.71340418,-0.46488461,-0.52434391,0
-1.4642019,-1.5405298,-0.60926545,-0.71340418,-0.46488461,-0.52434391,0
2.9617572,-0.89878404,0.5793426,0.71340418,0.46488461,0.52434391,0
-0.11369801,-3.3736606,-0.51896465,-0.71340418,-0.46488461,-0.52434391,0
2.2933989,-3.8108592,0.60669684,-0.24720398,-0.53319502,0.80906928,0
4.3026056,-2.5776601,-1.382535,0.65570146,-0.70681345,-0.26546234,0
2.4060168,-1.8308115,-2.9219885,0.24720398,0.53319502,-0.80906928,0
-0.72032773,3.3773453,1.6590263,0.71340418,0.46488461,0.52434391,0
2.0807667,-0.80818975,1.604672,0.71340418,0.46488461,0.52434391,0
3.6962795,-3.8555443,0.26651049,0.65570146,-0.70681345,-0.26546234,0
2.3454726,-0.5662747,1.0282873,0.71340418,0.46488461,0.52434391,0
-2.3123713,-0.85933632,0.15368962,-0.71340418,-0.46488461,-0.52434391,0
-1.1366041,-0.37386894,1.8475726,-0.24720398,-0.53319502,0.80906928,0
2.5062594,-3.8126371,-2.7282422,0.65570146,-0.70681345,-0.26546234,0
-3.4750574,3.3671529,1.0167572,-0.65570146,0.70681345,0.26546234,0
-0.31525564,3.8022294,0.71151042,0.71340418,0.46488461,0.52434391,0
-0.55504102,1.0268852,2.9635735,-0.24720398,-0.53319502,0.80906928,0
4.510705,-1.0443358,-1.7768822,0.24720398,0.53319502,-0.80906928,0
0.78809965,-2.142277,1.3598388,-0.24720398,-0.53319502,0.80906928,0
0.56695014,1.4058418,-1.2782593,0.24720398,0.53319502,-0.80906928,0
0.59452295,-2.1370964,1.2198769,-0.24720398,-0.53319502,0.80906928,0
-2.3597403,4.4299335,1.4147713,-0.65570146,0.70681345,0.26546234,0
-1.154188,3.741168,-0.35398817,0.24720398,0.53319502,-0.80906928,0
-2.9043131,3.3458886,2.7874322,-0.65570146,0.70681345,0.26546234,0
2.8579488,-4.3671489,0.093512535,0.65570146,-0.70681345,-0.26546234,0
0.33202088,-1.3204572,-3.1725917,-0.71340418,-0.46488461,-0.52434391,0
3.8190877,-3.7890134,0.76263714,0.65570146,-0.70681345,-0.26546234,0
3.7141941,-3.8313713,0.47978687,0.65570146,-0.70681345,-0.26546234,0
-2.485146,0.58735538,-0.77841628,-0.71340418,-0.46488461,-0.52434391,0
0.066239059,0.37705588,-2.1131382,0.24720398,0.53319502,-0.80906928,0
3.912569,-3.4313107,-0.19671154,0.65570146,-0.70681345,-0.26546234,0
1.363735,-0.04916513,2.09149,0.71340418,0.46488461,0.52434391,0
-1.8978045,5.0501614,0.43191433,-0.65570146,0.70681345,0.26546234,0
-0.4930951,-0.10009146,2.2136962,-0.24720398,-0.53319502,0.80906928,0
-0.043542504,-0.35334396,-2.7319102,0.24720398,0.53319502,-0.80906928,0
2.4551387,-4.0758266,-1.9817445,0.65570146,-0.70681345,-0.26546234,0
0.22956121,-3.0786347,0.39944315,-0.24720398,-0.53319502,0.80906928,0
0.38568044,0.78891873,2.6923552,0.71340418,0.46488461,0.52434391,0
-4.5113783,1.347703,2.0357289,-0.24720398,-0.53319502,0.80906928,0
3.3929176,-1.2540274,0.4796865,0.71340418,0.46488461,0.52434391,0
-1.3326685,-1.892092,-0.44679281,-0.71340418,-0.46488461,-0.52434391,0
-2.1024463,0.72228837,-1.6013365,-0.71340418,-0.46488461,-0.52434391,0
0.63488376,1.0243967,2.0289958,0.71340418,0.46488461,0.52434391,0
-2.3692899,4.784884,0.49820948,-0.65570146,0.70681345,0.26546234,0
0.10089743,-0.68239319,-2.773814,0.24720398,0.53319502,-0.80906928,0
-1.8850554,4.6164141,-0.098163128,0.24720398,0.53319502,-0.80906928,0
1.6622157,1.1181239,0.67130983,0.71340418,0.46488461,0.52434391,0
-3.3555868,0.15425301,0.62065792,-0.71340418,-0.46488461,-0.52434391,0
3.5593874,-2.5916173,-3.0454965,0.24720398,0.53319502,-0.80906928,0
1.0150384,-2.2587116,-3.0338109,-0.71340418,-0.46488461,-0.52434391,0
1.1048825,-0.28993368,2.6678734,-0.24720398,-0.53319502,0.80906928,0
-1.378685,4.8146486,1.6043143,0.71340418,0.46488461,0.52434391,0
0.44092846,2.2618818,1.0963334,0.71340418,0.46488461,0.52434391,0
0.89015031,1.1800641,1.5606554,0.71340418,0.46488461,0.52434391,0
1.2496816,-1.431565,1.8511966,-0.24720398,-0.53319502,0.80906928,0
1.0222389,-3.7817252,-1.8980559,-0.71340418,-0.46488461,-0.52434391,0
1.5848718,-3.4321086,-2.8086576,-0.71340418,-0.46488461,-0.52434391,0
-1.3415654,4.3234921,1.7272327,0.71340418,0.46488461,0.52434391,0
0.73514616,0.16672039,-2.2261226,0.24720398,0.53319502,-0.80906928,0
1.249801,-5.1525574,-0.44696951,-0.24720398,-0.53319502,0.80906928,0
-0.42594445,4.4495926,0.36687827,0.24720398,0.53319502,-0.80906928,0
-4.2306051,1.3199257,1.9398654,-0.24720398,-0.53319502,0.80906928,0
-1.8756442,0.79099429,-1.9766648,-0.71340418,-0.46488461,-0.52434391,0
1.728655,0.38528588,1.0354719,0.71340418,0.46488461,0.52434391,0
-1.2837718,-0.7743243,-1.4337599,-0.71340418,-0.46488461,-0.52434391,0
2.1755979,0.41359633,0.37535799,0.71340418,0.46488461,0.52434391,0
-2.3366117,4.1282082,-0.45392752,0.24720398,0.53319502,-0.80906928,0
4.5348015,-1.2493284,-1.1399772,0.71340418,0.46488461,0.52434391,0
2.4944837,1.3191168,-0.78342807,0.24720398,0.53319502,-0.80906928,0
-0.084226787,2.4852703,-0.74591208,0.24720398,0.53319502,-0.80906928,0
0.12754881,-0.52272999,-2.7281542,0.24720398,0.53319502,-0.80906928,0
-2.1423745,4.504323,1.8997219,-0.65570146,0.70681345,0.26546234,0
-1.6564472,5.2530379,0.97646213,-0.65570146,0.70681345,0.26546234,0
3.5557671,-3.8084431,0.1101985,0.65570146,-0.70681345,-0.26546234,0
2.1557755,-4.7025957,-0.75318289,0.65570146,-0.70681345,-0.26546234,0
-2.5867915,1.2585262,-1.5620754,-0.71340418,-0.46488461,-0.52434391,0
0.96051598,0.48201698,2.1835845,0.71340418,0.46488461,0.52434391,0
4.0842905,-2.4220119,-2.4074349,0.65570146,-0.70681345,-0.26546234,0
-1.7163898,1.2041667,-2.1869726,0.24720398,0.53319502,-0.80906928,0
3.0686445,-1.463284,-2.3801787,0.24720398,0.53319502,-0.80906928,0
