0.54793608,3.0519714,2.3451011,0.10318267,0.91780251,-0.38339508,0
-2.2453144,-1.0548322,0.82576877,-0.85057408,0.28123569,0.44433102,0
-1.802761,2.2269247,-0.47898299,0.10318267,0.91780251,-0.38339508,0
-2.0840993,-0.84055138,1.0183707,-0.85057408,0.28123569,0.44433102,0
1.7171047,2.2309732,3.5939403,0.51563251,0.28025874,0.80967778,0
4.107892,2.4038458,1.7391921,0.85057408,-0.28123569,-0.44433102,0
-0.82184756,-2.1914227,-0.072846614,-0.10318267,-0.91780251,0.38339508,0
1.893378,-1.5237474,2.0927842,-0.10318267,-0.91780251,0.38339508,0
1.8662101,1.4063815,-1.0923083,0.10318267,0.91780251,-0.38339508,0
2.5029829,1.7803447,-0.095391154,0.10318267,0.91780251,-0.38339508,0
0.69164729,2.5290458,1.1703787,0.10318267,0.91780251,-0.38339508,0
-1.6275762,-0.68739265,1.7201895,-0.85057408,0.28123569,0.44433102,0
3.0197492,2.843457,2.4673445,0.10318267,0.91780251,-0.38339508,0
0.81194919,1.2007561,4.7214794,0.51563251,0.28025874,0.80967778,0
0.50396162,2.9285023,3.8100247,-0.85057408,0.28123569,0.44433102,0
-2.2111559,-2.4672101,-3.2198727,-0.51563251,-0.28025874,-0.80967778,0
0.95432884,3.0663974,3.8148685,0.51563251,0.28025874,0.80967778,0
2.1453891,0.83813167,3.8541346,0.51563251,0.28025874,0.80967778,0
0.35674429,-1.3908808,1.930784,-0.10318267,-0.91780251,0.38339508,0
-0.27367496,0.093281597,3.7608786,-0.85057408,0.28123569,0.44433102,0
3.9411259,2.0375123,1.6996223,0.85057408,-0.28123569,-0.44433102,0
-2.7878098,1.2898412,-1.4741378,-0.85057408,0.28123569,0.44433102,0
-2.4039021,0.77173877,-0.6051054,-0.85057408,0.28123569,0.44433102,0
1.7524664,-0.075653076,4.456357,0.51563251,0.28025874,0.80967778,0
-1.3022403,-0.11640155,2.1534007,-0.85057408,0.28123569,0.44433102,0
-0.86304128,2.3653643,1.3739178,-0.85057408,0.28123569,0.44433102,0
3.7654333,2.2910762,1.4245156,0.10318267,0.91780251,-0.38339508,0
2.2472873,-0.49148154,4.4103327,0.51563251,0.28025874,0.80967778,0
-0.86889756,-1.514812,-4.4053683,-0.51563251,-0.28025874,-0.80967778,0
-0.57751685,-0.84341425,-4.8553519,-0.51563251,-0.28025874,-0.80967778,0
1.9542685,-0.82956684,-0.44672984,0.85057408,-0.28123569,-0.44433102,0
-0.18050706,-3.2566118,-2.9007521,0.85057408,-0.28123569,-0.44433102,0
1.9386082,-0.46775985,-0.27379447,0.85057408,-0.28123569,-0.44433102,0
-1.5006133,-0.96021593,-4.1646047,-0.51563251,-0.28025874,-0.80967778,0
-0.85276473,1.2370703,2.2328076,-0.85057408,0.28123569,0.44433102,0
3.1898093,1.4977148,0.69968688,0.85057408,-0.28123569,-0.44433102,0
2.3136888,2.4095526,1.2923481,0.10318267,0.91780251,-0.38339508,0
-2.4005446,-1.375949,-3.5496843,-0.51563251,-0.28025874,-0.80967778,0
3.5961671,0.26667261,3.2925088,0.51563251,0.28025874,0.80967778,0
-1.9023925,-0.61209202,1.4552724,-0.85057408,0.28123569,0.44433102,0
3.2958302,0.72002101,3.2861321,0.51563251,0.28025874,0.80967778,0
3.4524183,1.4617008,2.7693706,0.51563251,0.28025874,0.80967778,0
2.4132898,0.57367194,-0.41291806,0.85057408,-0.28123569,-0.44433102,0
2.5442815,0.057130218,3.9782984,0.51563251,0.28025874,0.80967778,0
-3.5230598,0.60906291,-3.4372449,-0.51563251,-0.28025874,-0.80967778,0
-1.7332053,-2.5047479,-3.51211,-0.51563251,-0.28025874,-0.80967778,0
-2.1597269,-1.8756889,-3.566751,-0.51563251,-0.28025874,-0.80967778,0
-0.63604093,-3.2697117,-2.956763,-0.10318267,-0.91780251,0.38339508,0
2.416235,0.81292105,3.6222892,0.51563251,0.28025874,0.80967778,0
2.2643688,2.923388,2.1674259,0.10318267,0.91780251,-0.38339508,0
4.0537887,2.0735106,2.2361221,0.51563251,0.28025874,0.80967778,0
-3.1757164,0.39463353,-3.5539865,-0.51563251,-0.28025874,-0.80967778,0
-0.59346104,0.35736409,-4.6808329,0.10318267,0.91780251,-0.38339508,0
0.82364905,-0.33808184,4.6382289,-0.10318267,-0.91780251,0.38339508,0
3.5658925,-0.78418493,2.637569,0.85057408,-0.28123569,-0.44433102,0
0.33353972,3.0406456,2.3064029,0.10318267,0.91780251,-0.38339508,0
2.0487266,2.7120829,3.3247061,0.51563251,0.28025874,0.80967778,0
-0.91909349,-0.99028957,2.6326416,-0.10318267,-0.91780251,0.38339508,0
1.5420204,0.24367714,-1.8246166,0.85057408,-0.28123569,-0.44433102,0
1.7570682,2.3669505,3.6964931,0.51563251,0.28025874,0.80967778,0
1.6214232,0.90326607,4.2506394,0.51563251,0.28025874,0.80967778,0
1.6498111,-1.6770893,-0.24239498,0.85057408,-0.28123569,-0.44433102,0
-2.5526979,0.59964895,-4.1791859,-0.51563251,-0.28025874,-0.80967778,0
-0.24020541,-2.0363178,-3.7560921,0.85057408,-0.28123569,-0.44433102,0
3.7746198,1.4701741,2.5800874,0.51563251,0.28025874,0.80967778,0
1.6090425,-2.0609827,0.75732827,-0.10318267,-0.91780251,0.38339508,0
3.0446908,2.6265225,2.8197362,0.51563251,0.28025874,0.80967778,0
3.4488673,-0.16731286,2.3950078,0.85057408,-0.28123569,-0.44433102,0
-3.2276142,-2.4320276,-2.782567,-0.51563251,-0.28025874,-0.80967778,0
-0.67605186,2.8819401,1.3706117,0.10318267,0.91780251,-0.38339508,0
-0.53570127,1.6041268,2.259454,-0.85057408,0.28123569,0.44433102,0
2.5805266,-1.3977997,1.4219238,0.85057408,-0.28123569,-0.44433102,0
1.1341255,1.0855277,-2.5630991,0.10318267,0.91780251,-0.38339508,0
0.29776955,-2.248796,-0.33989912,-0.10318267,-0.91780251,0.38339508,0
-1.2776366,-2.4424078,-4.0027399,-0.51563251,-0.28025874,-0.80967778,0
-0.8970871,-0.56672394,3.1905127,-0.85057408,0.28123569,0.44433102,0
0.088631332,1.0954666,3.9740226,-0.85057408,0.28123569,0.44433102,0
0.23294902,-1.4972047,1.9554964,-0.10318267,-0.91780251,0.38339508,0
3.3502378,1.5677142,1.0634215,0.85057408,-0.28123569,-0.44433102,0
2.8674059,1.0664948,0.30091166,0.85057408,-0.28123569,-0.44433102,0
-3.1738503,-0.018990517,-3.5611372,-0.51563251,-0.28025874,-0.80967778,0
1.2942531,2.4497783,0.97296286,0.10318267,0.91780251,-0.38339508,0
-0.28481662,2.1336865,2.6996908,-0.85057408,0.28123569,0.44433102,0
-0.029842138,-3.2364626,-2.4024386,-0.10318267,-0.91780251,0.38339508,0
-3.3493061,-0.46314526,-3.3205528,-0.51563251,-0.28025874,-0.80967778,0
-0.50214863,-0.25145915,-5.0960445,-0.51563251,-0.28025874,-0.80967778,0
0.39673829,-1.5148757,-2.5681489,0.85057408,-0.28123569,-0.44433102,0
-1.1671702,-3.4556072,-3.1412516,-0.10318267,-0.91780251,0.38339508,0
-0.6336937,0.58848113,2.9473701,-0.85057408,0.28123569,0.44433102,0
-0.80087221,0.5268662,-4.0968695,0.10318267,0.91780251,-0.38339508,0
0.21921563,2.7371533,1.3217379,0.10318267,0.91780251,-0.38339508,0
0.62482452,3.4244199,3.308362,-0.85057408,0.28123569,0.44433102,0
-0.4279131,-2.4438162,-3.8478143,0.85057408,-0.28123569,-0.44433102,0
-2.4233959,0.94111764,-0.82230258,-0.85057408,0.28123569,0.44433102,0
3.8141468,2.0782921,2.4743638,0.51563251,0.28025874,0.80967778,0
2.0352087,0.83931285,-1.1403728,0.85057408,-0.28123569,-0.44433102,0
-2.724036,-2.0719028,-0.73548323,-0.10318267,-0.91780251,0.38339508,0
1.7282519,-0.81917548,-0.72782677,0.85057408,-0.28123569,-0.44433102,0
1.941867,-0.13551962,4.4599152,0.51563251,0.28025874,0.80967778,0
1.280987,2.4179175,1.0555838,0.10318267,0.91780251,-0.38339508,0
-0.43106902,0.96154845,3.2746067,-0.85057408,0.28123569,0.44433102,0
-3.4417696,-2.1743941,-0.92601442,-0.85057408,0.28123569,0.44433102,0
-0.57250154,-0.17834421,-5.1564493,-0.51563251,-0.28025874,-0.80967778,0
-2.1810398,-0.28445709,-4.1739273,-0.51563251,-0.28025874,-0.80967778,0
1.8650595,1.6786671,-0.82109553,0.10318267,0.91780251,-0.38339508,0
0.73174238,1.7832136,-0.74945104,0.10318267,0.91780251,-0.38339508,0
-0.79638588,-1.4852176,1.2160745,-0.10318267,-0.91780251,0.38339508,0
1.6777818,0.91032362,-1.7979472,0.85057408,-0.28123569,-0.44433102,0
-0.1086446,-2.5543087,-3.160243,0.85057408,-0.28123569,-0.44433102,0
-0.14302087,1.0949583,-2.4513278,0.10318267,0.91780251,-0.38339508,0
-3.2430401,-2.6068103,-2.0620389,-0.10318267,-0.91780251,0.38339508,0
2.2298703,-1.7437263,0.65536499,0.85057408,-0.28123569,-0.44433102,0
3.3135862,1.3231663,3.0881686,0.51563251,0.28025874,0.80967778,0
3.451915,-0.58979797,3.5546417,0.51563251,0.28025874,0.80967778,0
2.9401703,2.3154745,0.97469264,0.10318267,0.91780251,-0.38339508,0
0.89447236,2.4684851,0.9421767,0.10318267,0.91780251,-0.38339508,0
-3.6850584,0.16457605,-2.638473,-0.85057408,0.28123569,0.44433102,0
-0.42064667,2.7597656,1.2025101,0.10318267,0.91780251,-0.38339508,0
0.49231791,-0.26546782,4.6321468,-0.10318267,-0.91780251,0.38339508,0
2.7277741,0.70593309,0.25577533,0.85057408,-0.28123569,-0.44433102,0
-1.0516618,2.3067741,0.97792804,-0.85057408,0.28123569,0.44433102,0
2.7440732,1.1761642,0.17987108,0.85057408,-0.28123569,-0.44433102,0
-0.63385594,0.75280309,-3.5107596,0.10318267,0.91780251,-0.38339508,0
-0.30339178,1.0622994,3.0755301,-0.85057408,0.28123569,0.44433102,0
1.6456928,-1.6897174,1.7022364,-0.10318267,-0.91780251,0.38339508,0
3.5852952,-0.87830281,3.567903,0.51563251,0.28025874,0.80967778,0
0.36460996,0.86435091,-3.116931,0.10318267,0.91780251,-0.38339508,0
2.4386086,0.84910429,3.6748624,0.51563251,0.28025874,0.80967778,0
1.5609111,3.3374357,3.5151925,0.51563251,0.28025874,0.80967778,0
-1.9674493,1.1893176,-2.8826675,0.10318267,0.91780251,-0.38339508,0
2.7883382,0.66903496,3.6628637,0.51563251,0.28025874,0.80967778,0
-0.72738457,0.4570258,-4.2823114,0.10318267,0.91780251,-0.38339508,0
-2.9149323,0.5883913,-1.3339038,-0.85057408,0.28123569,0.44433102,0
-3.9275265,-0.038231611,-3.1551001,-0.51563251,-0.28025874,-0.80967778,0
-0.65053737,0.17577326,3.2314026,-0.85057408,0.28123569,0.44433102,0
-1.1501288,-2.4174814,-4.0048046,-0.51563251,-0.28025874,-0.80967778,0
2.1347592,-1.4942117,0.58082402,0.85057408,-0.28123569,-0.44433102,0
-0.6567117,-3.0829396,-2.1321378,-0.10318267,-0.91780251,0.38339508,0
-2.8325846,-0.80999839,-3.5744963,-0.51563251,-0.28025874,-0.80967778,0
1.0241954,0.55486935,-3.0193062,0.85057408,-0.28123569,-0.44433102,0
-2.2611208,-1.7825896,0.15541506,-0.10318267,-0.91780251,0.38339508,0
-2.3938007,0.064559698,-4.1433439,-0.51563251,-0.28025874,-0.80967778,0
-1.7449861,-0.54912359,-4.2393441,-0.51563251,-0.28025874,-0.80967778,0
-3.1889753,-2.213716,-0.73057628,-0.10318267,-0.91780251,0.38339508,0
0.89834726,0.68733996,4.6509705,0.51563251,0.28025874,0.80967778,0
0.59628832,3.1037741,3.7700329,-0.85057408,0.28123569,0.44433102,0
-0.83376718,2.8367834,1.2950351,-0.85057408,0.28123569,0.44433102,0
0.41665009,-2.0046537,-2.290103,0.85057408,-0.28123569,-0.44433102,0
-1.516752,-3.1269612,-2.919394,-0.10318267,-0.91780251,0.38339508,0
2.8686712,1.4040532,3.2494695,0.51563251,0.28025874,0.80967778,0
1.0971229,-0.54969299,-2.0865352,0.85057408,-0.28123569,-0.44433102,0
3.9212554,1.2241232,2.7547874,0.51563251,0.28025874,0.80967778,0
0.4428148,-2.2217238,-2.2661576,0.85057408,-0.28123569,-0.44433102,0
0.09882021,-2.4842732,-0.61744785,-0.10318267,-0.91780251,0.38339508,0
-1.9264756,-2.6785493,-3.4314692,-0.51563251,-0.28025874,-0.80967778,0
0.95193899,3.5307188,3.3730574,0.10318267,0.91780251,-0.38339508,0
-0.75049454,-1.6301891,-4.5459628,-0.51563251,-0.28025874,-0.80967778,0
1.9330205,2.4686594,3.3660505,0.51563251,0.28025874,0.80967778,0
-0.23993146,-2.5411196,-0.95928138,-0.10318267,-0.91780251,0.38339508,0
1.4714854,-0.075400829,4.6848688,0.51563251,0.28025874,0.80967778,0
1.9325198,0.58128548,4.0915022,0.51563251,0.28025874,0.80967778,0
-3.5082612,0.25707555,-3.3413413,-0.51563251,-0.28025874,-0.80967778,0
0.66416609,2.0826793,0.0098521374,0.10318267,0.91780251,-0.38339508,0
0.86889029,3.0863748,2.2641795,0.10318267,0.91780251,-0.38339508,0
2.3826826,1.8871391,3.3671637,0.51563251,0.28025874,0.80967778,0
1.6480658,0.57568699,4.3536587,0.51563251,0.28025874,0.80967778,0
-0.27789593,1.8517997,-0.83083832,0.10318267,0.91780251,-0.38339508,0
-0.5043236,-1.1484053,2.1556816,-0.10318267,-0.91780251,0.38339508,0
-2.7712107,-2.9421332,-2.4565279,-0.10318267,-0.91780251,0.38339508,0
3.9611652,1.3810214,2.5052447,0.51563251,0.28025874,0.80967778,0
-1.4613411,0.052852631,1.6804981,-0.85057408,0.28123569,0.44433102,0
-2.1973014,-1.1334119,1.0267968,-0.85057408,0.28123569,0.44433102,0
-2.8832431,0.81847429,-1.4888802,-0.85057408,0.28123569,0.44433102,0
3.8236825,-1.0190427,3.4493601,0.51563251,0.28025874,0.80967778,0
-3.7362423,-2.1078262,-1.4204783,-0.85057408,0.28123569,0.44433102,0
-0.68444061,-0.1198394,-5.0531836,-0.51563251,-0.28025874,-0.80967778,0
1.7491829,2.0040522,0.2948865,0.10318267,0.91780251,-0.38339508,0
2.775908,3.0439827,2.70871,0.10318267,0.91780251,-0.38339508,0
-2.9017992,-2.2928488,-2.8067157,-0.51563251,-0.28025874,-0.80967778,0
1.9110502,3.202549,2.9172649,0.10318267,0.91780251,-0.38339508,0
-3.1215374,0.84712958,-1.9675312,-0.85057408,0.28123569,0.44433102,0
2.6720717,-1.0765731,1.1741225,0.85057408,-0.28123569,-0.44433102,0
0.99560153,2.5998027,4.0501986,0.51563251,0.28025874,0.80967778,0
-0.35315859,1.3326867,3.0397267,-0.85057408,0.28123569,0.44433102,0
-3.4601068,-1.6909359,-0.95188892,-0.85057408,0.28123569,0.44433102,0
-1.7267985,-0.89070642,1.7697278,-0.85057408,0.28123569,0.44433102,0
-1.2032171,-2.1379733,-0.333478,-0.10318267,-0.91780251,0.38339508,0
3.0583348,0.21707392,3.5826449,0.51563251,0.28025874,0.80967778,0
-2.608927,-2.1662245,-0.69363129,-0.10318267,-0.91780251,0.38339508,0
3.8259978,-0.51040602,3.0681443,0.85057408,-0.28123569,-0.44433102,0
1.4831553,2.2811,3.7742882,0.51563251,0.28025874,0.80967778,0
2.3774638,-1.0975304,2.9861569,-0.10318267,-0.91780251,0.38339508,0
1.4951307,1.5208687,-1.3316907,0.10318267,0.91780251,-0.38339508,0
2.1239016,-1.8632442,0.78204083,0.85057408,-0.28123569,-0.44433102,0
0.052290991,2.0806913,3.4495461,-0.85057408,0.28123569,0.44433102,0
1.0038391,3.1165178,2.7742312,0.10318267,0.91780251,-0.38339508,0
-2.1495688,1.8825748,-0.61743867,-0.85057408,0.28123569,0.44433102,0
2.4782605,1.1037712,3.6624839,0.51563251,0.28025874,0.80967778,0
0.77501583,2.8374205,1.8879355,0.10318267,0.91780251,-0.38339508,0
-0.60935545,-3.4457014,-3.4711235,0.85057408,-0.28123569,-0.44433102,0
-0.62387609,2.1647205,2.0540295,-0.85057408,0.28123569,0.44433102,0
3.9168029,-0.90004468,3.4498301,0.85057408,-0.28123569,-0.44433102,0
-2.2871342,0.64141679,-0.27711511,-0.85057408,0.28123569,0.44433102,0
-1.9254009,-2.4889138,-3.3924363,-0.51563251,-0.28025874,-0.80967778,0
-3.4201937,-1.0546396,-3.0499582,-0.51563251,-0.28025874,-0.80967778,0
-1.6586503,-2.7942328,-2.1519022,-0.10318267,-0.91780251,0.38339508,0
-3.741303,-0.48471928,-3.086473,-0.51563251,-0.28025874,-0.80967778,0
-3.1523318,0.66204929,-3.8246918,-0.51563251,-0.28025874,-0.80967778,0
0.3796314,-2.029233,0.59856462,-0.10318267,-0.91780251,0.38339508,0
2.4494061,1.4148066,3.5822804,0.51563251,0.28025874,0.80967778,0
0.084540009,-3.0787706,-2.0505009,-0.10318267,-0.91780251,0.38339508,0
-0.011688709,-3.1973331,-2.2786319,0.85057408,-0.28123569,-0.44433102,0
0.73360372,0.16569197,-3.3536201,0.85057408,-0.28123569,-0.44433102,0
-0.15803099,-0.13621147,4.1843419,-0.85057408,0.28123569,0.44433102,0
1.5067525,1.968925,-0.050896525,0.10318267,0.91780251,-0.38339508,0
2.0859227,1.0649675,3.8748121,0.51563251,0.28025874,0.80967778,0
-1.1664765,2.4805021,0.54500425,-0.85057408,0.28123569,0.44433102,0
-0.46750748,-1.9004984,0.38038614,-0.10318267,-0.91780251,0.38339508,0
2.3464999,1.7120466,-0.32786116,0.10318267,0.91780251,-0.38339508,0
0.70841765,0.74979705,-3.4691811,0.10318267,0.91780251,-0.38339508,0
3.6376343,0.99653375,1.6392142,0.85057408,-0.28123569,-0.44433102,0
2.2036867,1.7692416,-0.18230718,0.10318267,0.91780251,-0.38339508,0
3.1245215,2.750989,2.7302804,0.51563251,0.28025874,0.80967778,0
-1.0279982,-3.2621863,-3.8629851,-0.51563251,-0.28025874,-0.80967778,0
-2.1657851,-2.5532007,-1.4974346,-0.10318267,-0.91780251,0.38339508,0
0.32347882,-3.0095751,-2.2019153,0.85057408,-0.28123569,-0.44433102,0
1.4644682,-0.55795479,-1.2757361,0.85057408,-0.28123569,-0.44433102,0
2.3710718,2.3980868,1.2528901,0.10318267,0.91780251,-0.38339508,0
2.0800471,-1.7551816,1.6475352,-0.10318267,-0.91780251,0.38339508,0
-1.0741222,1.7975725,1.2157382,-0.85057408,0.28123569,0.44433102,0
-1.3251255,-2.4349275,-3.9477675,-0.51563251,-0.28025874,-0.80967778,0
-0.60415423,1.830704,2.3580253,-0.85057408,0.28123569,0.44433102,0
-0.60482818,2.5308492,1.6139591,-0.85057408,0.28123569,0.44433102,0
0.38321733,-1.2522043,-2.809756,0.85057408,-0.28123569,-0.44433102,0
2.5066223,0.77550888,3.7570755,0.51563251,0.28025874,0.80967778,0
-3.9822011,-1.4661349,-2.0783067,-0.85057408,0.28123569,0.44433102,0
1.8842726,2.8430591,2.3018148,0.10318267,0.91780251,-0.38339508,0
-0.20170915,2.6374493,1.2022855,0.10318267,0.91780251,-0.38339508,0
-2.3136139,-0.63577425,0.45264784,-0.85057408,0.28123569,0.44433102,0
0.30694187,2.3707547,0.44109654,0.10318267,0.91780251,-0.38339508,0
-3.806006,-0.92438054,-2.7678151,-0.51563251,-0.28025874,-0.80967778,0
3.1596098,-0.83871508,3.959007,0.51563251,0.28025874,0.80967778,0
-3.5095489,-0.53585625,-3.1131744,-0.51563251,-0.28025874,-0.80967778,0
3.120059,2.230504,1.0511774,0.10318267,0.91780251,-0.38339508,0
0.6340729,-0.34680206,4.7036514,-0.10318267,-0.91780251,0.38339508,0
3.6161051,2.267205,1.0259955,0.10318267,0.91780251,-0.38339508,0
2.1304691,0.25018752,4.1442289,0.51563251,0.28025874,0.80967778,0
-1.5277543,-2.7570443,-3.7466083,-0.51563251,-0.28025874,-0.80967778,0
-3.5203788,-1.6467421,-1.1951706,-0.85057408,0.28123569,0.44433102,0
-2.9208126,-2.6910636,-2.8457303,-0.51563251,-0.28025874,-0.80967778,0
-0.66728759,-2.9467406,-2.0395968,-0.10318267,-0.91780251,0.38339508,0
1.0626255,1.6171284,4.3688388,0.51563251,0.28025874,0.80967778,0
3.5794516,1.858582,1.1638744,0.85057408,-0.28123569,-0.44433102,0
0.744847,-0.5716995,-2.6470754,0.85057408,-0.28123569,-0.44433102,0
0.2450633,3.2254894,2.799648,-0.85057408,0.28123569,0.44433102,0
-1.726589,1.8923111,-1.0577004,0.10318267,0.91780251,-0.38339508,0
-3.4199452,-0.95194471,-3.1671691,-0.51563251,-0.28025874,-0.80967778,0
-3.9616141,-1.8241004,-2.4244452,-0.51563251,-0.28025874,-0.80967778,0
-0.97726977,-3.3071554,-3.7410748,-0.51563251,-0.28025874,-0.80967778,0
-0.82064247,2.6981387,1.4125428,-0.85057408,0.28123569,0.44433102,0
2.6834292,-1.636874,1.6182692,0.85057408,-0.28123569,-0.44433102,0
2.4578133,-0.62103999,0.49736941,0.85057408,-0.28123569,-0.44433102,0
3.7831109,1.7495279,1.5551796,0.85057408,-0.28123569,-0.44433102,0
2.1183028,2.8518198,3.1512008,0.51563251,0.28025874,0.80967778,0
-1.0145726,0.8048327,-3.3213453,0.10318267,0.91780251,-0.38339508,0
-1.6674703,1.1100519,-3.0921664,0.10318267,0.91780251,-0.38339508,0
0.68745446,0.08396405,5.0182886,0.51563251,0.28025874,0.80967778,0
-2.107971,0.77538168,-3.7269311,0.10318267,0.91780251,-0.38339508,0
0.72818267,-1.4975257,-2.3424509,0.85057408,-0.28123569,-0.44433102,0
-2.1057999,-1.422612,-3.7689171,-0.51563251,-0.28025874,-0.80967778,0
1.0044084,1.4578968,4.4240689,0.51563251,0.28025874,0.80967778,0
2.3828819,1.2357844,-0.75230569,0.85057408,-0.28123569,-0.44433102,0
-0.44310498,1.9497448,-0.73576659,0.10318267,0.91780251,-0.38339508,0
2.4664097,-0.50980306,0.60204756,0.85057408,-0.28123569,-0.44433102,0
0.3235175,-2.6792223,-2.0938182,0.85057408,-0.28123569,-0.44433102,0
3.4116137,0.51704931,3.1438973,0.51563251,0.28025874,0.80967778,0
3.606812,1.6933591,2.7005498,0.51563251,0.28025874,0.80967778,0
3.3506112,1.5482783,3.0100346,0.51563251,0.28025874,0.80967778,0
0.29010308,1.3189178,-1.962514,0.10318267,0.91780251,-0.38339508,0
-3.3283076,1.4149933,-2.7105227,0.10318267,0.91780251,-0.38339508,0
0.57884121,0.24313918,-3.3613143,0.85057408,-0.28123569,-0.44433102,0
2.9909258,0.97302616,3.2876234,0.51563251,0.28025874,0.80967778,0
-2.5286272,0.87103975,-3.8957858,0.10318267,0.91780251,-0.38339508,0
2.0341811,-2.1844387,0.77138066,-0.10318267,-0.91780251,0.38339508,0
0.58710247,-0.59557819,-3.1492701,0.85057408,-0.28123569,-0.44433102,0
2.1117609,-0.89805436,3.7827337,-0.10318267,-0.91780251,0.38339508,0
0.8596071,-1.3766351,-2.0995443,0.85057408,-0.28123569,-0.44433102,0
-2.5767093,-0.53022397,-3.6531911,-0.51563251,-0.28025874,-0.80967778,0
0.14706719,3.1418068,2.3859379,0.10318267,0.91780251,-0.38339508,0
3.4513004,-1.0182981,3.4925036,-0.10318267,-0.91780251,0.38339508,0
1.3023593,1.7332457,-0.90777594,0.10318267,0.91780251,-0.38339508,0
-3.3669338,-2.0758202,-2.8156943,-0.51563251,-0.28025874,-0.80967778,0
1.9240795,2.3414779,3.6451108,0.51563251,0.28025874,0.80967778,0
-4.1905851,-2.6065283,-2.1099238,-0.51563251,-0.28025874,-0.80967778,0
-0.655424,-3.3415041,-2.9525278,-0.10318267,-0.91780251,0.38339508,0
2.035078,2.9854989,3.1223633,0.51563251,0.28025874,0.80967778,0
3.0031896,1.0962387,3.2886872,0.51563251,0.28025874,0.80967778,0
-2.417717,0.12312508,-0.41211051,-0.85057408,0.28123569,0.44433102,0
0.33510411,-1.6714144,1.0642556,-0.10318267,-0.91780251,0.38339508,0
3.5144057,-0.65794158,3.447809,0.51563251,0.28025874,0.80967778,0
-0.44789135,-2.6336901,-3.710355,0.85057408,-0.28123569,-0.44433102,0
1.4874841,0.9675231,-2.3596065,0.85057408,-0.28123569,-0.44433102,0
-1.0024303,-1.973845,0.31387156,-0.10318267,-0.91780251,0.38339508,0
1.2536458,-0.82008177,3.6341372,-0.10318267,-0.91780251,0.38339508,0
0.3727051,-1.5013812,1.7315863,-0.10318267,-0.91780251,0.38339508,0
-1.2322574,2.451566,0.25268507,0.10318267,0.91780251,-0.38339508,0
0.29059923,0.39905751,4.8143187,-0.85057408,0.28123569,0.44433102,0
-0.071038306,1.5111542,3.5617268,-0.85057408,0.28123569,0.44433102,0
-0.57600433,-1.0411161,-4.8123798,-0.51563251,-0.28025874,-0.80967778,0
-0.14546618,-1.5332719,-4.0323548,0.85057408,-0.28123569,-0.44433102,0
-1.0046127,1.1825796,1.7008297,-0.85057408,0.28123569,0.44433102,0
-3.1719136,-0.20070171,-3.5214491,-0.51563251,-0.28025874,-0.80967778,0
-0.34225577,1.0916232,3.2286885,-0.85057408,0.28123569,0.44433102,0
-0.068381548,1.2103761,-2.0908642,0.10318267,0.91780251,-0.38339508,0
0.5071137,-0.0092595071,5.2375126,-0.10318267,-0.91780251,0.38339508,0
0.28562748,2.2338092,-0.027160823,0.10318267,0.91780251,-0.38339508,0
2.1971381,1.3530406,3.5944948,0.51563251,0.28025874,0.80967778,0
-2.3905249,-0.83278179,-3.8196526,-0.51563251,-0.28025874,-0.80967778,0
1.853972,-1.755294,0.012333333,0.85057408,-0.28123569,-0.44433102,0
-1.9705979,-0.29100418,-4.3045921,-0.51563251,-0.28025874,-0.80967778,0
-0.6732564,2.0985591,1.985862,-0.85057408,0.28123569,0.44433102,0
0.7068907,-1.6433778,-2.0256319,0.85057408,-0.28123569,-0.44433102,0
2.4197612,2.5514965,1.5879228,0.10318267,0.91780251,-0.38339508,0
0.34124207,-0.13825327,-3.8516226,0.85057408,-0.28123569,-0.44433102,0
-0.8719418,-3.2271662,-2.5106266,-0.10318267,-0.91780251,0.38339508,0
-2.2170782,1.9734805,-1.0198411,-0.85057408,0.28123569,0.44433102,0
-1.3433604,-1.818042,0.27691555,-0.10318267,-0.91780251,0.38339508,0
-2.1720917,-2.1096876,-3.5220981,-0.51563251,-0.28025874,-0.80967778,0
3.7736812,0.15828276,3.06143,0.51563251,0.28025874,0.80967778,0
1.2389809,-2.0761909,0.46206605,-0.10318267,-0.91780251,0.38339508,0
-2.7573473,-1.7052405,-3.3223593,-0.51563251,-0.28025874,-0.80967778,0
0.20869315,2.7209146,1.5446399,0.10318267,0.91780251,-0.38339508,0
-1.5800065,2.1986041,0.30473971,-0.85057408,0.28123569,0.44433102,0
1.9684017,-1.8514196,0.36245596,0.85057408,-0.28123569,-0.44433102,0
-2.3238485,1.818579,-1.6182897,0.10318267,0.91780251,-0.38339508,0
-3.3327727,0.88506079,-3.8596749,-0.51563251,-0.28025874,-0.80967778,0
3.1810584,-0.23218226,1.7269571,0.85057408,-0.28123569,-0.44433102,0
-1.6069425,1.2680416,0.5433861,-0.85057408,0.28123569,0.44433102,0
-1.629143,-0.60764664,1.9900029,-0.85057408,0.28123569,0.44433102,0
-0.40020919,0.33950841,3.7217581,-0.85057408,0.28123569,0.44433102,0
0.49254823,1.3943689,-1.51608,0.10318267,0.91780251,-0.38339508,0
0.29549694,1.5541669,-1.6306059,0.10318267,0.91780251,-0.38339508,0
1.810824,1.7947073,-0.68093163,0.10318267,0.91780251,-0.38339508,0
-1.6097176,0.47654676,-4.2577925,0.10318267,0.91780251,-0.38339508,0
-0.001352787,0.88163102,-3.2263424,0.10318267,0.91780251,-0.38339508,0
-2.4632106,-2.5201712,-3.0286095,-0.51563251,-0.28025874,-0.80967778,0
3.1553502,0.073797226,3.5011666,0.51563251,0.28025874,0.80967778,0
2.0468585,0.25381422,-0.67781407,0.85057408,-0.28123569,-0.44433102,0
-1.2825831,-0.61002815,2.263181,-0.85057408,0.28123569,0.44433102,0
1.867203,1.4475576,-1.4375039,0.10318267,0.91780251,-0.38339508,0
-1.4307863,-1.055971,2.2624583,-0.10318267,-0.91780251,0.38339508,0
-1.3327889,0.58483201,-4.2662039,0.10318267,0.91780251,-0.38339508,0
2.254705,2.9215972,2.3021803,0.10318267,0.91780251,-0.38339508,0
2.6638019,0.37894845,0.22647655,0.85057408,-0.28123569,-0.44433102,0
0.21693301,-0.63499117,3.8278127,-0.10318267,-0.91780251,0.38339508,0
-1.2724223,1.5781631,0.98525786,-0.85057408,0.28123569,0.44433102,0
-1.3793821,1.5606484,0.84122026,-0.85057408,0.28123569,0.44433102,0
2.2691374,1.3380597,3.6861534,0.51563251,0.28025874,0.80967778,0
-2.9010201,-1.590749,-0.023124337,-0.85057408,0.28123569,0.44433102,0
-0.77404523,-2.4829071,-0.8303833,-0.10318267,-0.91780251,0.38339508,0
1.049541,2.493741,1.0530493,0.10318267,0.91780251,-0.38339508,0
-3.5677631,-2.4528301,-2.4991755,-0.51563251,-0.28025874,-0.80967778,0
-2.9897542,0.25072169,-3.6324706,-0.51563251,-0.28025874,-0.80967778,0
-4.1685939,-1.7182056,-2.2980995,-0.51563251,-0.28025874,-0.80967778,0
2.3457603,-0.92557812,3.614099,-0.10318267,-0.91780251,0.38339508,0
0.28802294,-1.2107159,-2.9623566,0.85057408,-0.28123569,-0.44433102,0
0.54421264,-0.63482457,-2.8829377,0.85057408,-0.28123569,-0.44433102,0
-2.169642,-2.6953254,-3.2142706,-0.51563251,-0.28025874,-0.80967778,0
-0.16628963,0.91958904,3.4333341,-0.85057408,0.28123569,0.44433102,0
3.8343947,0.20753121,3.081573,0.51563251,0.28025874,0.80967778,0
-1.3221214,-1.9388361,-4.1267428,-0.51563251,-0.28025874,-0.80967778,0
2.9792347,-1.4633396,2.3271883,-0.10318267,-0.91780251,0.38339508,0
1.5703298,2.9688017,2.1400468,0.10318267,0.91780251,-0.38339508,0
-2.4831376,1.5133934,-2.1430602,0.10318267,0.91780251,-0.38339508,0
-2.853534,-0.5690552,-3.5253162,-0.51563251,-0.28025874,-0.80967778,0
0.57178712,1.587377,4.6910229,0.51563251,0.28025874,0.80967778,0
-3.0233047,-0.99880314,-3.1825056,-0.51563251,-0.28025874,-0.80967778,0
-1.5307155,1.6268981,0.59240699,-0.85057408,0.28123569,0.44433102,0
0.11181283,0.44528764,-4.0842805,0.10318267,0.91780251,-0.38339508,0
1.4962538,0.79403824,4.4328532,0.51563251,0.28025874,0.80967778,0
2.992744,2.5266287,2.7036662,0.51563251,0.28025874,0.80967778,0
2.5905125,0.66648841,0.049190521,0.85057408,-0.28123569,-0.44433102,0
2.7371485,-1.4872224,2.1888456,-0.10318267,-0.91780251,0.38339508,0
2.5392604,1.8384509,3.3831773,0.51563251,0.28025874,0.80967778,0
-3.2518897,-2.4464848,-1.3654305,-0.10318267,-0.91780251,0.38339508,0
-0.66020393,-2.4572859,-0.82211339,-0.10318267,-0.91780251,0.38339508,0
2.2756007,-1.5893108,2.1053309,-0.10318267,-0.91780251,0.38339508,0
1.2189062,0.7328521,-2.476732,0.85057408,-0.28123569,-0.44433102,0
1.3908654,-2.4751863,-0.11994082,-0.10318267,-0.91780251,0.38339508,0
-1.403623,-1.6356258,1.1711046,-0.10318267,-0.91780251,0.38339508,0
-0.56132853,-2.9233286,-2.0613899,-0.10318267,-0.91780251,0.38339508,0
2.6703897,-0.69891596,1.1171468,0.85057408,-0.28123569,-0.44433102,0
-1.7359438,-3.3879132,-3.3745346,-0.51563251,-0.28025874,-0.80967778,0
3.6065652,1.9838853,2.57512,0.51563251,0.28025874,0.80967778,0
-1.7160497,-0.32394886,-4.3803372,-0.51563251,-0.28025874,-0.80967778,0
1.7926646,-1.2963545,-0.027176082,0.85057408,-0.28123569,-0.44433102,0
-0.80523825,2.2265158,-0.33661067,0.10318267,0.91780251,-0.38339508,0
-0.98783815,-2.9742227,-2.1885877,-0.10318267,-0.91780251,0.38339508,0
0.13134938,-1.1908045,-3.666667,0.85057408,-0.28123569,-0.44433102,0
1.0417105,0.83281207,4.6442928,0.51563251,0.28025874,0.80967778,0
0.8476153,1.0363715,4.7563891,0.51563251,0.28025874,0.80967778,0
1.9894404,-1.8697375,1.3835114,-0.10318267,-0.91780251,0.38339508,0
-0.49145973,-2.4132299,-0.7418887,-0.10318267,-0.91780251,0.38339508,0
2.7196507,1.1435606,3.4333067,0.51563251,0.28025874,0.80967778,0
0.78345239,-0.9249689,2.9681463,-0.10318267,-0.91780251,0.38339508,0
0.30310911,0.91296422,4.6649957,-0.85057408,0.28123569,0.44433102,0
-4.0454021,-0.22734046,-3.0126278,-0.51563251,-0.28025874,-0.80967778,0
-0.014989257,1.4373056,-1.7775879,0.10318267,0.91780251,-0.38339508,0
1.5739799,3.1255412,3.3745751,0.51563251,0.28025874,0.80967778,0
-3.0767584,-2.3719122,-2.6647837,-0.51563251,-0.28025874,-0.80967778,0
-1.2825998,-0.66529381,-4.6135736,-0.51563251,-0.28025874,-0.80967778,0
-3.0741444,-0.26465583,-3.4636991,-0.51563251,-0.28025874,-0.80967778,0
3.965874,2.5608606,2.032423,0.51563251,0.28025874,0.80967778,0
1.4320488,3.4484162,3.181246,0.10318267,0.91780251,-0.38339508,0
0.077368498,-0.55993694,-3.8906679,0.85057408,-0.28123569,-0.44433102,0
-3.9060898,-0.95484948,-2.584445,-0.85057408,0.28123569,0.44433102,0
2.359961,3.1765246,2.879858,0.10318267,0.91780251,-0.38339508,0
-0.49348855,1.3002167,2.7092512,-0.85057408,0.28123569,0.44433102,0
-2.4548903,0.78649127,-4.0076108,0.10318267,0.91780251,-0.38339508,0
3.1633477,1.5658811,2.8778052,0.51563251,0.28025874,0.80967778,0
2.569972,-0.02754581,3.9141288,0.51563251,0.28025874,0.80967778,0
-4.0259628,-2.0169861,-2.1863019,-0.51563251,-0.28025874,-0.80967778,0
0.42488086,1.7222497,-1.1202093,0.10318267,0.91780251,-0.38339508,0
-0.02714777,-1.8496479,1.0295321,-0.10318267,-0.91780251,0.38339508,0
3.0925782,0.20192742,1.1356471,0.85057408,-0.28123569,-0.44433102,0
0.78858936,-2.676909,-0.83255744,-0.10318267,-0.91780251,0.38339508,0
1.4154196,-1.6876111,1.5046093,-0.10318267,-0.91780251,0.38339508,0
2.1650028,-0.73547709,4.2928877,-0.10318267,-0.91780251,0.38339508,0
0.38315594,1.1463408,-2.3526204,0.10318267,0.91780251,-0.38339508,0
0.71081126,3.0805464,2.4043531,0.10318267,0.91780251,-0.38339508,0
3.6735258,0.49677873,2.9446058,0.51563251,0.28025874,0.80967778,0
0.82399571,-1.6488364,-1.6898767,0.85057408,-0.28123569,-0.44433102,0
-1.0869683,-2.3726721,-0.88288391,-0.10318267,-0.91780251,0.38339508,0
-0.53898585,1.0090824,2.9992433,-0.85057408,0.28123569,0.44433102,0
3.3837492,0.26926827,1.9729922,0.85057408,-0.28123569,-0.44433102,0
3.8822849,0.53949189,2.5867751,0.85057408,-0.28123569,-0.44433102,0
0.32628107,-0.064381458,5.0209355,-0.85057408,0.28123569,0.44433102,0
1.1943779,0.75250447,-2.6079125,0.85057408,-0.28123569,-0.44433102,0
-0.80623078,-2.8283112,-1.5387594,-0.10318267,-0.91780251,0.38339508,0
-1.2908423,1.2761437,1.3419943,-0.85057408,0.28123569,0.44433102,0
0.60649788,3.2130244,3.4707997,-0.85057408,0.28123569,0.44433102,0
2.5528736,0.98390269,3.6221573,0.51563251,0.28025874,0.80967778,0
0.24460626,2.0296617,-0.1903746,0.10318267,0.91780251,-0.38339508,0
-1.3631583,1.077384,1.2775934,-0.85057408,0.28123569,0.44433102,0
-0.94824111,1.9410771,-0.60008121,0.10318267,0.91780251,-0.38339508,0
-0.65607262,0.65948606,-3.801764,0.10318267,0.91780251,-0.38339508,0
-0.38391632,2.4861867,2.3780599,-0.85057408,0.28123569,0.44433102,0
-1.941296,0.048317671,-4.2690344,-0.51563251,-0.28025874,-0.80967778,0
2.5807512,0.37489557,3.6675889,0.51563251,0.28025874,0.80967778,0
2.3309796,-1.4777138,2.2127638,-0.10318267,-0.91780251,0.38339508,0
-3.1467934,-0.097759485,-3.5171022,-0.51563251,-0.28025874,-0.80967778,0
0.66677809,0.98135829,-2.4818094,0.10318267,0.91780251,-0.38339508,0
-1.8978927,-2.8053937,-1.9804208,-0.10318267,-0.91780251,0.38339508,0
-2.5181208,0.21889508,-4.0820627,-0.51563251,-0.28025874,-0.80967778,0
-0.23906863,-2.0339255,0.3291406,-0.10318267,-0.91780251,0.38339508,0
-2.1901608,-2.9768152,-3.0918207,-0.51563251,-0.28025874,-0.80967778,0
-0.28379878,1.1429198,3.2540398,-0.85057408,0.28123569,0.44433102,0
1.2516022,-0.80502254,3.3733461,-0.10318267,-0.91780251,0.38339508,0
2.7706413,-0.92021823,1.5175636,0.85057408,-0.28123569,-0.44433102,0
-2.3285174,-1.5245239,-3.516932,-0.51563251,-0.28025874,-0.80967778,0
-0.33972824,-1.0402609,2.506582,-0.10318267,-0.91780251,0.38339508,0
-1.9806752,1.3139985,-2.4615412,0.10318267,0.91780251,-0.38339508,0
2.9947333,-0.16586423,3.6448097,0.51563251,0.28025874,0.80967778,0
2.5009959,0.97345048,3.5622396,0.51563251,0.28025874,0.80967778,0
0.7969259,2.2790325,0.41036481,0.10318267,0.91780251,-0.38339508,0
-0.8125838,1.3085128,-2.4975507,0.10318267,0.91780251,-0.38339508,0
-0.26305985,2.1623414,-0.28623676,0.10318267,0.91780251,-0.38339508,0
-3.8757133,-0.70185995,-2.3187442,-0.85057408,0.28123569,0.44433102,0
2.4876676,-1.3705649,1.0092212,0.85057408,-0.28123569,-0.44433102,0
0.8500737,-1.6955178,1.4266998,-0.10318267,-0.91780251,0.38339508,0
0.5552091,-2.4567437,-1.6586187,0.85057408,-0.28123569,-0.44433102,0
0.36329335,-0.83627188,-3.289573,0.85057408,-0.28123569,-0.44433102,0
-2.7094817,-2.8779707,-2.8657839,-0.51563251,-0.28025874,-0.80967778,0
2.4385669,3.1122694,2.993273,0.51563251,0.28025874,0.80967778,0
-1.0451152,0.69187313,-4.0971632,0.10318267,0.91780251,-0.38339508,0
-3.3656664,0.10498309,-1.8690119,-0.85057408,0.28123569,0.44433102,0
1.4887424,2.5423951,3.6690946,0.51563251,0.28025874,0.80967778,0
-2.68924,0.20077729,-0.59039462,-0.85057408,0.28123569,0.44433102,0
-1.6396753,-2.541894,-1.2557405,-0.10318267,-0.91780251,0.38339508,0
-0.77110958,0.3066794,-4.5680194,0.10318267,0.91780251,-0.38339508,0
-2.2022033,-1.5692992,0.89818114,-0.10318267,-0.91780251,0.38339508,0
3.9418659,1.437516,2.1744676,0.85057408,-0.28123569,-0.44433102,0
1.6876613,1.7110043,3.9225307,0.51563251,0.28025874,0.80967778,0
0.28645051,-0.045812547,-4.020072,0.85057408,-0.28123569,-0.44433102,0
-1.6780272,-2.8171899,-1.7932189,-0.10318267,-0.91780251,0.38339508,0
-1.9200841,-3.3174,-3.211504,-0.51563251,-0.28025874,-0.80967778,0
-0.17361605,-3.18995,-2.8549955,0.85057408,-0.28123569,-0.44433102,0
0.27182341,-2.8707304,-1.9509289,0.85057408,-0.28123569,-0.44433102,0
-3.3994942,-1.7401136,-0.91968656,-0.85057408,0.28123569,0.44433102,0
0.94461733,1.9335024,4.316421,0.51563251,0.28025874,0.80967778,0
-1.1815293,1.4313917,1.5391369,-0.85057408,0.28123569,0.44433102,0
3.7428732,0.83180499,2.8904066,0.51563251,0.28025874,0.80967778,0
-2.3499489,-0.3088752,-3.947305,-0.51563251,-0.28025874,-0.80967778,0
1.7301081,1.9663428,-0.27391803,0.10318267,0.91780251,-0.38339508,0
2.468209,0.28913975,0.24079627,0.85057408,-0.28123569,-0.44433102,0
-0.50755441,-1.3449304,-4.5740547,0.85057408,-0.28123569,-0.44433102,0
2.6172757,3.0945373,2.8219733,0.51563251,0.28025874,0.80967778,0
-2.1547678,-2.1315298,-0.62003738,-0.10318267,-0.91780251,0.38339508,0
1.4052231,-0.22199309,4.6474404,0.51563251,0.28025874,0.80967778,0
-0.63372165,0.70771635,2.9099858,-0.85057408,0.28123569,0.44433102,0
-1.5176425,-1.2701375,-4.0509105,-0.51563251,-0.28025874,-0.80967778,0
1.2745588,3.1282921,2.5728838,0.10318267,0.91780251,-0.38339508,0
0.24782991,-0.69190884,-3.5911059,0.85057408,-0.28123569,-0.44433102,0
1.4580882,0.43935907,-1.8590422,0.85057408,-0.28123569,-0.44433102,0
-0.44958627,2.4946756,2.1160033,-0.85057408,0.28123569,0.44433102,0
0.49743581,2.6716685,3.9424329,-0.85057408,0.28123569,0.44433102,0
2.9979713,-1.6053758,2.2938325,0.85057408,-0.28123569,-0.44433102,0
-3.8365297,-0.039189816,-3.1041937,-0.51563251,-0.28025874,-0.80967778,0
0.92372155,0.047050953,-2.8676369,0.85057408,-0.28123569,-0.44433102,0
-3.6681633,0.57936358,-3.4026337,-0.51563251,-0.28025874,-0.80967778,0
0.416412,0.99929529,-2.4938867,0.10318267,0.91780251,-0.38339508,0
-2.8260455,0.79697251,-1.2394978,-0.85057408,0.28123569,0.44433102,0
-1.6183629,0.30604744,1.0566787,-0.85057408,0.28123569,0.44433102,0
-2.5823941,-0.62276924,0.11900866,-0.85057408,0.28123569,0.44433102,0
2.5883713,2.3843963,3.1203182,0.51563251,0.28025874,0.80967778,0
-0.076734647,1.9021238,3.2522261,-0.85057408,0.28123569,0.44433102,0
-3.3809416,1.1085033,-2.4862742,-0.85057408,0.28123569,0.44433102,0
0.96216571,1.4696257,-1.6366141,0.10318267,0.91780251,-0.38339508,0
3.580173,-0.23063707,2.444026,0.85057408,-0.28123569,-0.44433102,0
1.8885645,1.65713,3.6961937,0.51563251,0.28025874,0.80967778,0
1.4851328,-1.2103053,2.8125436,-0.10318267,-0.91780251,0.38339508,0
-1.3792112,-1.6844578,0.64440322,-0.10318267,-0.91780251,0.38339508,0
-1.4114571,1.2324932,1.0351704,-0.85057408,0.28123569,0.44433102,0
-2.3683465,-1.5927805,0.60382509,-0.10318267,-0.91780251,0.38339508,0
0.33509791,-2.8299751,-1.3165157,-0.10318267,-0.91780251,0.38339508,0
2.5667853,0.60922647,3.8055415,0.51563251,0.28025874,0.80967778,0
1.3476981,1.9699459,0.059860647,0.10318267,0.91780251,-0.38339508,0
1.8761969,-2.182981,0.39187831,0.85057408,-0.28123569,-0.44433102,0
-3.7169061,-1.5694335,-1.8309559,-0.85057408,0.28123569,0.44433102,0
0.87762642,-0.81797022,3.4925029,-0.10318267,-0.91780251,0.38339508,0
-0.95600677,-2.7474158,-3.9341514,-0.51563251,-0.28025874,-0.80967778,0
-0.36920321,-3.3040922,-2.7530968,-0.10318267,-0.91780251,0.38339508,0
-0.91306663,1.7477591,-1.5044031,0.10318267,0.91780251,-0.38339508,0
0.37564319,2.4873557,3.5204809,-0.85057408,0.28123569,0.44433102,0
1.9868478,1.1154073,3.8823261,0.51563251,0.28025874,0.80967778,0
-1.1717447,0.58858407,1.8145183,-0.85057408,0.28123569,0.44433102,0
-0.78262353,0.19840169,-4.9082613,0.10318267,0.91780251,-0.38339508,0
3.4060392,1.7500412,1.0644854,0.85057408,-0.28123569,-0.44433102,0
-2.0943842,1.7141525,-1.7798597,0.10318267,0.91780251,-0.38339508,0
1.0700396,3.179183,3.8615105,0.51563251,0.28025874,0.80967778,0
-1.7462931,-3.1292038,-3.3332841,-0.51563251,-0.28025874,-0.80967778,0
3.030262,1.3883157,0.32892132,0.85057408,-0.28123569,-0.44433102,0
-3.2061672,-1.934798,-0.57032597,-0.85057408,0.28123569,0.44433102,0
0.99361467,3.3266339,3.887095,0.51563251,0.28025874,0.80967778,0
2.2436357,-1.1890867,2.9988985,-0.10318267,-0.91780251,0.38339508,0
1.9038858,1.493192,-1.168662,0.10318267,0.91780251,-0.38339508,0
-0.78697568,-1.8190594,-4.4689398,-0.51563251,-0.28025874,-0.80967778,0
1.0552385,1.0241091,-2.4633288,0.10318267,0.91780251,-0.38339508,0
-2.0444334,-1.0579903,1.0949786,-0.85057408,0.28123569,0.44433102,0
-1.7055686,-0.81478143,-4.104568,-0.51563251,-0.28025874,-0.80967778,0
3.524102,0.21041608,2.3360929,0.85057408,-0.28123569,-0.44433102,0
-3.0230534,-2.2116439,-2.9024403,-0.51563251,-0.28025874,-0.80967778,0
1.3334891,-1.1466224,-1.0637304,0.85057408,-0.28123569,-0.44433102,0
0.87485367,1.1601815,4.4793983,0.51563251,0.28025874,0.80967778,0
-0.89505363,0.25072628,2.6568594,-0.85057408,0.28123569,0.44433102,0
-0.52438104,0.97355986,-2.9914796,0.10318267,0.91780251,-0.38339508,0
-2.2081511,-0.87266284,0.91113043,-0.85057408,0.28123569,0.44433102,0
2.1266284,2.9797785,2.684556,0.10318267,0.91780251,-0.38339508,0
-1.8149186,-2.6043952,-1.6504785,-0.10318267,-0.91780251,0.38339508,0
0.53829885,-2.8850918,-1.5698761,0.85057408,-0.28123569,-0.44433102,0
-1.3888042,-2.7761843,-3.6217709,-0.51563251,-0.28025874,-0.80967778,0
-3.9785943,-1.5747623,-2.0820179,-0.85057408,0.28123569,0.44433102,0
-0.54776132,-2.6954892,-1.4903724,-0.10318267,-0.91780251,0.38339508,0
2.1606207,0.53415906,3.9340813,0.51563251,0.28025874,0.80967778,0
-2.1015341,1.7124228,-1.9419001,0.10318267,0.91780251,-0.38339508,0
-0.089187562,-1.2042457,-4.0608134,0.85057408,-0.28123569,-0.44433102,0
0.60910821,3.3211725,3.3954651,-0.85057408,0.28123569,0.44433102,0
0.2285279,3.0586052,1.9474593,0.10318267,0.91780251,-0.38339508,0
-2.4454489,-2.7768185,-3.0287495,-0.51563251,-0.28025874,-0.80967778,0
-2.1248026,0.34299505,0.20615971,-0.85057408,0.28123569,0.44433102,0
-1.9314101,-1.9523728,-3.6422215,-0.51563251,-0.28025874,-0.80967778,0
2.3918047,0.43030047,3.9086218,0.51563251,0.28025874,0.80967778,0
1.6384448,0.83274651,-1.7564292,0.85057408,-0.28123569,-0.44433102,0
0.25112128,-0.51623511,-3.8133631,0.85057408,-0.28123569,-0.44433102,0
2.8117979,2.9091561,2.8535726,0.51563251,0.28025874,0.80967778,0
3.4188235,2.2252393,2.6289527,0.51563251,0.28025874,0.80967778,0
1.8927327,2.7122169,1.7016882,0.10318267,0.91780251,-0.38339508,0
-3.8882585,-1.6041138,-2.4629269,-0.51563251,-0.28025874,-0.80967778,0
1.6135806,-1.1540549,-0.5047518,0.85057408,-0.28123569,-0.44433102,0
-3.2125788,-2.8069301,-2.5034399,-0.51563251,-0.28025874,-0.80967778,0
-1.4238098,-1.5289356,1.2605264,-0.10318267,-0.91780251,0.38339508,0
3.2741365,0.92876959,1.1062056,0.85057408,-0.28123569,-0.44433102,0
-3.1353993,0.12741637,-1.6632199,-0.85057408,0.28123569,0.44433102,0
2.0266318,-1.9609619,1.2981964,-0.10318267,-0.91780251,0.38339508,0
