-1.3836353,3.026485,-0.69285846,-0.84442097,0.17470229,-0.50639176,0
2.5694218,-0.20835757,-0.37652811,0.84442097,-0.17470229,0.50639176,0
0.50859165,-2.6050115,-1.7038375,0.32902706,-0.57683438,-0.74766535,0
-0.20117521,-0.35577416,4.2251835,0.84442097,-0.17470229,0.50639176,0
2.447469,0.8325386,0.27625987,0.84442097,-0.17470229,0.50639176,0
-2.1918998,2.8815923,0.76630712,-0.84442097,0.17470229,-0.50639176,0
0.054045081,-0.45114803,-3.644377,0.32902706,-0.57683438,-0.74766535,0
2.7388034,-1.1891712,-1.7737331,0.32902706,-0.57683438,-0.74766535,0
-1.0268614,1.9666774,-1.434348,-0.84442097,0.17470229,-0.50639176,0
-2.0873454,2.4911783,0.53923213,-0.84442097,0.17470229,-0.50639176,0
-3.0584102,-1.007502,2.2651374,-0.42272288,-0.79796088,0.42960912,0
-1.057071,-0.48155463,3.8091025,-0.32902706,0.57683438,0.74766535,0
1.7041017,-1.5541772,0.66603124,0.84442097,-0.17470229,0.50639176,0
-1.8318291,3.514842,0.49185181,-0.32902706,0.57683438,0.74766535,0
-0.014687777,2.3366556,-2.4345012,0.42272288,0.79796088,-0.42960912,0
0.87673706,1.2517921,-3.6906772,0.42272288,0.79796088,-0.42960912,0
1.1851406,-1.9401966,-2.0843,0.32902706,-0.57683438,-0.74766535,0
-1.8212209,2.0321002,1.7329164,-0.32902706,0.57683438,0.74766535,0
-0.8033818,0.88055956,-2.4262395,-0.84442097,0.17470229,-0.50639176,0
2.9364853,1.6898537,-0.4459753,0.84442097,-0.17470229,0.50639176,0
0.89152557,0.34959555,-3.8618824,0.32902706,-0.57683438,-0.74766535,0
-2.3672566,1.2961054,1.9347011,-0.32902706,0.57683438,0.74766535,0
2.2170653,-0.17962074,0.29028606,0.84442097,-0.17470229,0.50639176,0
-1.0740334,-3.0180523,0.38225913,-0.42272288,-0.79796088,0.42960912,0
-3.2853317,-0.50782686,2.8011768,-0.42272288,-0.79796088,0.42960912,0
-2.0618324,-0.70899153,-0.58627951,-0.84442097,0.17470229,-0.50639176,0
1.656948,2.8725669,2.2504163,0.84442097,-0.17470229,0.50639176,0
-1.0151989,-1.356102,3.4935586,-0.42272288,-0.79796088,0.42960912,0
-1.080102,3.149142,1.0455097,-0.32902706,0.57683438,0.74766535,0
3.0043473,1.2704664,-0.59184968,0.84442097,-0.17470229,0.50639176,0
-2.2518475,-2.5264416,-1.2310281,-0.84442097,0.17470229,-0.50639176,0
0.70471823,-2.1030395,2.0524144,0.84442097,-0.17470229,0.50639176,0
2.2297506,1.5791576,-1.7256365,0.42272288,0.79796088,-0.42960912,0
2.1492488,0.42835075,-3.4494615,0.32902706,-0.57683438,-0.74766535,0
-1.6338626,-2.7585201,0.44981885,-0.42272288,-0.79796088,0.42960912,0
1.3707879,3.2411692,0.51307487,0.42272288,0.79796088,-0.42960912,0
0.66394198,2.0465786,-2.4096143,0.42272288,0.79796088,-0.42960912,0
1.1162628,2.22822,-1.6790044,0.42272288,0.79796088,-0.42960912,0
0.96143448,1.1887015,-3.876554,0.42272288,0.79796088,-0.42960912,0
-3.1660814,-1.6162143,0.71333528,-0.42272288,-0.79796088,0.42960912,0
0.80752981,2.6705208,-1.3093085,0.42272288,0.79796088,-0.42960912,0
0.24228144,-2.696651,2.1872587,-0.42272288,-0.79796088,0.42960912,0
3.3350043,1.3073108,-1.062346,0.84442097,-0.17470229,0.50639176,0
1.5738693,-1.3303043,-2.3169005,0.32902706,-0.57683438,-0.74766535,0
-0.056679845,-0.86627173,-3.5005717,0.32902706,-0.57683438,-0.74766535,0
-1.8758838,-3.7228792,-1.7290002,-0.42272288,-0.79796088,0.42960912,0
3.4297776,-0.13350368,-2.4885302,0.32902706,-0.57683438,-0.74766535,0
3.297471,-0.06569016,-2.454967,0.32902706,-0.57683438,-0.74766535,0
-2.342433,2.0043552,0.72224498,-0.84442097,0.17470229,-0.50639176,0
-0.076345444,2.0871959,-3.0369823,-0.84442097,0.17470229,-0.50639176,0
-2.1376953,-3.2037318,-1.0146196,-0.42272288,-0.79796088,0.42960912,0
-2.2742357,1.0814896,0.051485062,-0.84442097,0.17470229,-0.50639176,0
-0.581357,-3.7140517,-1.3629001,0.32902706,-0.57683438,-0.74766535,0
0.22558284,-2.6424956,-1.9079416,0.32902706,-0.57683438,-0.74766535,0
3.1416454,0.98500454,-1.0631784,0.84442097,-0.17470229,0.50639176,0
1.1452844,-0.07554698,1.9977478,0.84442097,-0.17470229,0.50639176,0
0.76850414,-0.03331542,-3.7524533,0.32902706,-0.57683438,-0.74766535,0
-1.8462319,1.2061548,2.1687825,-0.32902706,0.57683438,0.74766535,0
-0.27594995,0.58695531,3.5235415,-0.32902706,0.57683438,0.74766535,0
-3.7716968,-0.29103386,2.2794228,-0.84442097,0.17470229,-0.50639176,0
-1.7093859,1.7370127,1.8071979,-0.32902706,0.57683438,0.74766535,0
2.1746042,1.8265235,0.85113597,0.84442097,-0.17470229,0.50639176,0
0.82146931,3.4540591,0.11665416,0.42272288,0.79796088,-0.42960912,0
-0.53048444,2.0799172,-2.2608199,-0.84442097,0.17470229,-0.50639176,0
-1.9149143,1.3855948,2.1850381,-0.32902706,0.57683438,0.74766535,0
-1.7564003,-1.687956,2.1122046,-0.42272288,-0.79796088,0.42960912,0
-3.353272,0.55513597,2.2382152,-0.32902706,0.57683438,0.74766535,0
1.3995343,-0.54641408,-3.058053,0.32902706,-0.57683438,-0.74766535,0
2.7082028,1.7359011,-1.0577105,0.42272288,0.79796088,-0.42960912,0
3.0860462,1.1597322,-1.6553264,0.42272288,0.79796088,-0.42960912,0
-1.0343627,3.0240712,-1.296804,-0.84442097,0.17470229,-0.50639176,0
-2.6877935,-0.70781237,3.0166032,-0.42272288,-0.79796088,0.42960912,0
-2.7159085,-0.14352772,2.8739529,-0.32902706,0.57683438,0.74766535,0
-1.2467427,-3.6331162,-1.8602791,0.32902706,-0.57683438,-0.74766535,0
-2.0355237,3.1381402,0.47728992,-0.84442097,0.17470229,-0.50639176,0
2.4431753,-2.1198137,-0.66889739,0.84442097,-0.17470229,0.50639176,0
2.3704016,2.0616999,-0.64680398,0.42272288,0.79796088,-0.42960912,0
1.0298322,-0.038519382,-3.4703751,0.32902706,-0.57683438,-0.74766535,0
-0.5191648,-1.3973897,-3.1705868,0.32902706,-0.57683438,-0.74766535,0
-0.3699128,-2.1126623,2.5557609,-0.42272288,-0.79796088,0.42960912,0
0.96130085,3.3969545,1.928303,-0.32902706,0.57683438,0.74766535,0
1.4854466,-0.97860944,1.0974901,0.84442097,-0.17470229,0.50639176,0
-0.8830477,0.1882236,3.4220364,-0.32902706,0.57683438,0.74766535,0
-0.040480614,-3.0892284,1.3078103,-0.42272288,-0.79796088,0.42960912,0
-3.3127413,-1.0367928,1.9330244,-0.42272288,-0.79796088,0.42960912,0
0.59793568,4.006372,1.1130855,0.42272288,0.79796088,-0.42960912,0
0.99152899,1.1815746,-3.7747328,0.42272288,0.79796088,-0.42960912,0
1.3326058,1.836669,2.4802003,0.84442097,-0.17470229,0.50639176,0
0.24907671,1.7061707,-3.7201452,0.42272288,0.79796088,-0.42960912,0
1.1485405,1.862429,-2.2296977,0.42272288,0.79796088,-0.42960912,0
1.7084917,3.399853,1.2213089,0.42272288,0.79796088,-0.42960912,0
-3.1031733,0.26312476,2.5662413,-0.32902706,0.57683438,0.74766535,0
2.6192338,-2.2111387,-1.2156111,0.84442097,-0.17470229,0.50639176,0
-0.59321648,1.6030767,-2.3597074,-0.84442097,0.17470229,-0.50639176,0
1.289711,-0.072125554,-3.497838,0.32902706,-0.57683438,-0.74766535,0
-0.12099338,1.444309,-3.4455869,-0.84442097,0.17470229,-0.50639176,0
1.5098121,-3.4890618,-0.63941979,0.32902706,-0.57683438,-0.74766535,0
-0.76624197,1.8515258,-2.0314741,-0.84442097,0.17470229,-0.50639176,0
0.85482919,1.3016117,-3.5826318,0.42272288,0.79796088,-0.42960912,0
3.1325524,0.417539,-1.0635517,0.84442097,-0.17470229,0.50639176,0
1.7068957,0.29629546,-3.504431,0.32902706,-0.57683438,-0.74766535,0
0.42490399,-3.1147203,1.7963333,-0.42272288,-0.79796088,0.42960912,0
-0.72695971,-0.81092143,-3.0840044,-0.84442097,0.17470229,-0.50639176,0
-1.0793276,-0.97511494,3.8790457,-0.42272288,-0.79796088,0.42960912,0
-2.1166723,0.60202259,2.7300153,-0.32902706,0.57683438,0.74766535,0
-0.22124314,-2.3506968,2.5891738,-0.42272288,-0.79796088,0.42960912,0
-2.4772162,1.4197512,0.54889899,-0.84442097,0.17470229,-0.50639176,0
-1.3129082,1.6924807,2.0234983,-0.32902706,0.57683438,0.74766535,0
-1.3270156,-0.37415683,3.6890731,-0.32902706,0.57683438,0.74766535,0
-1.7381029,-2.9103889,-0.31615114,-0.42272288,-0.79796088,0.42960912,0
-1.813491,-1.3795686,2.6097293,-0.42272288,-0.79796088,0.42960912,0
0.10928416,-2.0887752,-2.2467091,0.32902706,-0.57683438,-0.74766535,0
1.2305644,-0.13874817,-3.2779257,0.32902706,-0.57683438,-0.74766535,0
0.92194486,3.7208536,0.8027885,0.42272288,0.79796088,-0.42960912,0
-0.27339649,3.2140579,-1.0671442,0.42272288,0.79796088,-0.42960912,0
-0.28708315,3.2968338,1.3245231,-0.32902706,0.57683438,0.74766535,0
-0.3103807,1.1279792,-2.9098704,-0.84442097,0.17470229,-0.50639176,0
-0.74990559,1.9919212,2.1235366,-0.32902706,0.57683438,0.74766535,0
-1.9747422,-1.6008573,-1.1659318,-0.84442097,0.17470229,-0.50639176,0
-0.69917154,-2.1153107,2.3276675,-0.42272288,-0.79796088,0.42960912,0
2.5564427,2.4736767,-0.082145095,0.42272288,0.79796088,-0.42960912,0
-0.059078455,-0.033822298,3.9043977,-0.32902706,0.57683438,0.74766535,0
0.97868896,0.9114666,-4.1748223,0.42272288,0.79796088,-0.42960912,0
-1.9634072,-0.97662872,3.0689225,-0.42272288,-0.79796088,0.42960912,0
-0.6866703,-3.4753809,0.0088953972,-0.42272288,-0.79796088,0.42960912,0
-1.5924678,2.5924816,-0.55923057,-0.84442097,0.17470229,-0.50639176,0
2.874351,-0.46365425,-2.3154857,0.32902706,-0.57683438,-0.74766535,0
0.983181,-3.1440098,-1.2818844,0.32902706,-0.57683438,-0.74766535,0
-2.1692975,1.7139287,0.093144774,-0.84442097,0.17470229,-0.50639176,0
-1.487177,-2.0169559,1.5469042,-0.42272288,-0.79796088,0.42960912,0
-0.17949486,0.017914057,-3.7025542,-0.84442097,0.17470229,-0.50639176,0
0.60132551,1.5836217,-3.2657256,0.42272288,0.79796088,-0.42960912,0
-1.1675131,-1.445359,-2.3702588,-0.84442097,0.17470229,-0.50639176,0
0.94917548,-2.9495625,1.5351195,0.84442097,-0.17470229,0.50639176,0
-1.7301234,-2.2319779,1.3107505,-0.42272288,-0.79796088,0.42960912,0
-0.66189128,-1.6296852,3.162375,-0.42272288,-0.79796088,0.42960912,0
-0.022008181,-4.194015,-0.82670259,0.32902706,-0.57683438,-0.74766535,0
-2.9541926,0.28450185,2.5881348,-0.32902706,0.57683438,0.74766535,0
-0.53847885,2.6159837,1.68467,-0.32902706,0.57683438,0.74766535,0
-1.9964372,-1.1498778,-1.0131023,-0.84442097,0.17470229,-0.50639176,0
1.7667395,0.44461155,1.1690509,0.84442097,-0.17470229,0.50639176,0
-3.1048589,-0.43414819,2.9940746,-0.42272288,-0.79796088,0.42960912,0
0.46217608,3.3840199,-0.18746018,0.42272288,0.79796088,-0.42960912,0
-3.0202792,-1.1512306,1.8053815,-0.42272288,-0.79796088,0.42960912,0
-1.3032331,-0.86888647,3.9932063,-0.32902706,0.57683438,0.74766535,0
-1.7096195,-3.1805079,-2.0537419,-0.84442097,0.17470229,-0.50639176,0
2.6595359,-1.5249913,-1.2030724,0.84442097,-0.17470229,0.50639176,0
-2.0108032,2.6963894,0.52858388,-0.84442097,0.17470229,-0.50639176,0
-2.4757943,-1.8445873,-0.45681429,-0.84442097,0.17470229,-0.50639176,0
2.0064106,1.6534772,-1.9285696,0.42272288,0.79796088,-0.42960912,0
-0.89368737,-3.1419148,0.19715619,-0.42272288,-0.79796088,0.42960912,0
2.0319824,1.0872643,1.0476071,0.84442097,-0.17470229,0.50639176,0
-1.551412,1.1755674,-0.96740979,-0.84442097,0.17470229,-0.50639176,0
-0.11173861,-1.4000564,3.8319106,0.84442097,-0.17470229,0.50639176,0
-1.6837246,3.1893992,-0.13877416,-0.84442097,0.17470229,-0.50639176,0
2.1885886,0.89123183,-3.0584471,0.42272288,0.79796088,-0.42960912,0
-0.25084782,3.4849877,1.2164227,-0.32902706,0.57683438,0.74766535,0
0.3306042,2.937644,-1.0644312,0.42272288,0.79796088,-0.42960912,0
-1.4392617,-0.63569915,3.8601942,-0.32902706,0.57683438,0.74766535,0
-0.27788377,4.2646933,0.68549418,-0.32902706,0.57683438,0.74766535,0
0.020005941,3.2666588,1.4930458,-0.32902706,0.57683438,0.74766535,0
-0.46785289,2.1229749,-2.6004314,-0.84442097,0.17470229,-0.50639176,0
1.2240337,1.2191014,-3.5129857,0.42272288,0.79796088,-0.42960912,0
-1.9526681,-2.6213379,0.12414372,-0.42272288,-0.79796088,0.42960912,0
0.44225201,-0.26154876,3.0644014,0.84442097,-0.17470229,0.50639176,0
-1.8473696,0.96963739,-0.38595456,-0.84442097,0.17470229,-0.50639176,0
-2.0820043,-1.1681569,2.7867415,-0.42272288,-0.79796088,0.42960912,0
-0.75283718,-3.6567602,-0.55056858,-0.42272288,-0.79796088,0.42960912,0
3.472693,-0.061415792,-1.9324501,0.84442097,-0.17470229,0.50639176,0
1.4356148,-1.735172,-2.0090537,0.32902706,-0.57683438,-0.74766535,0
2.4122329,1.430234,0.29088372,0.84442097,-0.17470229,0.50639176,0
2.477808,1.005337,0.32463938,0.84442097,-0.17470229,0.50639176,0
-1.3297846,-1.3606479,2.9870427,-0.42272288,-0.79796088,0.42960912,0
1.2038825,3.4033959,1.8691119,-0.32902706,0.57683438,0.74766535,0
1.2776146,3.7072875,1.7272681,-0.32902706,0.57683438,0.74766535,0
-1.4157965,0.96397305,-1.3570046,-0.84442097,0.17470229,-0.50639176,0
-2.0192769,-3.4185209,-1.1377515,-0.42272288,-0.79796088,0.42960912,0
1.9218204,-0.1791327,-2.9281363,0.32902706,-0.57683438,-0.74766535,0
-1.0175347,-2.9847972,-2.1251793,0.32902706,-0.57683438,-0.74766535,0
1.1716199,-3.3902586,-0.96890879,0.32902706,-0.57683438,-0.74766535,0
-1.0878642,-2.5024858,1.3932955,-0.42272288,-0.79796088,0.42960912,0
1.6371591,2.3277352,-1.0248616,0.42272288,0.79796088,-0.42960912,0
-2.2330232,-2.8195467,-0.36961353,-0.42272288,-0.79796088,0.42960912,0
-1.1909447,-2.9373646,-2.2960265,0.32902706,-0.57683438,-0.74766535,0
1.3961703,0.93436813,1.7841232,0.84442097,-0.17470229,0.50639176,0
3.1616728,-0.34739292,-2.4730966,0.32902706,-0.57683438,-0.74766535,0
1.8901582,1.804817,-1.6205152,0.42272288,0.79796088,-0.42960912,0
-2.4727044,1.83095,0.965244,-0.84442097,0.17470229,-0.50639176,0
-1.1115941,0.080911875,-2.1486804,-0.84442097,0.17470229,-0.50639176,0
-1.7933662,-3.3529181,-1.1336894,-0.42272288,-0.79796088,0.42960912,0
3.1292553,1.1837852,-0.81480867,0.84442097,-0.17470229,0.50639176,0
-2.4321449,0.13543403,0.22966209,-0.84442097,0.17470229,-0.50639176,0
-0.42532462,2.0137699,-2.508142,-0.84442097,0.17470229,-0.50639176,0
-2.3259244,0.87972486,2.4197116,-0.32902706,0.57683438,0.74766535,0
1.3963833,-3.1320331,0.47100234,0.84442097,-0.17470229,0.50639176,0
0.16386509,-3.0255589,-1.58139,0.32902706,-0.57683438,-0.74766535,0
-2.774437,0.8948561,2.1973436,-0.32902706,0.57683438,0.74766535,0
-1.3508379,4.045157,-0.31748152,-0.84442097,0.17470229,-0.50639176,0
-0.6681999,-1.5183942,3.5663595,-0.42272288,-0.79796088,0.42960912,0
-2.2277637,1.4882984,0.19750893,-0.84442097,0.17470229,-0.50639176,0
-0.89552522,1.0686426,-2.2729602,-0.84442097,0.17470229,-0.50639176,0
2.5995018,1.3331604,0.12461621,0.84442097,-0.17470229,0.50639176,0
2.0613568,-1.7479837,-1.7157624,0.32902706,-0.57683438,-0.74766535,0
-0.76072097,2.8321588,-1.7489195,-0.84442097,0.17470229,-0.50639176,0
0.97673583,2.724613,-0.82632518,0.42272288,0.79796088,-0.42960912,0
0.51678634,3.3945267,-0.19594693,0.42272288,0.79796088,-0.42960912,0
-0.52538282,-1.3405333,4.0021238,-0.42272288,-0.79796088,0.42960912,0
0.52517354,3.0684624,-0.78038812,0.42272288,0.79796088,-0.42960912,0
-1.4047308,-0.10883844,3.3685222,-0.32902706,0.57683438,0.74766535,0
0.39664268,0.67645383,3.6107073,-0.32902706,0.57683438,0.74766535,0
-0.14502275,1.7447209,-3.0366032,-0.84442097,0.17470229,-0.50639176,0
-0.46217158,1.5708824,-2.5301061,-0.84442097,0.17470229,-0.50639176,0
0.65798783,3.3432729,-0.29654622,0.42272288,0.79796088,-0.42960912,0
-3.1460249,0.62231362,1.6950836,-0.84442097,0.17470229,-0.50639176,0
-0.12585711,3.7416134,-0.29744697,0.42272288,0.79796088,-0.42960912,0
-0.26651156,-2.2015758,2.6609778,-0.42272288,-0.79796088,0.42960912,0
2.1811647,-0.52367342,-2.6625462,0.32902706,-0.57683438,-0.74766535,0
-0.50134504,0.79068947,-2.6654186,-0.84442097,0.17470229,-0.50639176,0
-1.1163441,-2.7406588,0.77784038,-0.42272288,-0.79796088,0.42960912,0
0.060225964,-4.041255,-0.45690656,-0.42272288,-0.79796088,0.42960912,0
0.45106769,-3.6248982,-1.0660913,0.32902706,-0.57683438,-0.74766535,0
-0.024698496,-3.0790908,-1.6356785,0.32902706,-0.57683438,-0.74766535,0
1.7707938,-1.5273447,-2.1018069,0.32902706,-0.57683438,-0.74766535,0
2.2271676,3.3333027,1.2382741,0.42272288,0.79796088,-0.42960912,0
-0.0021024942,2.4487414,-2.4552536,0.42272288,0.79796088,-0.42960912,0
1.578546,3.4118984,2.1756084,-0.32902706,0.57683438,0.74766535,0
-0.5521872,-3.6524754,-0.36450458,-0.42272288,-0.79796088,0.42960912,0
-2.1049528,-3.0923805,-0.62315786,-0.42272288,-0.79796088,0.42960912,0
-2.5509267,-2.3013225,0.11140358,-0.42272288,-0.79796088,0.42960912,0
-2.5750697,0.11252953,2.7066989,-0.32902706,0.57683438,0.74766535,0
2.339263,2.984894,0.91983283,0.42272288,0.79796088,-0.42960912,0
1.4882002,-1.9600543,-1.9779058,0.32902706,-0.57683438,-0.74766535,0
1.6578575,2.4565811,-0.99705648,0.42272288,0.79796088,-0.42960912,0
-2.4527621,0.58703089,0.46772435,-0.84442097,0.17470229,-0.50639176,0
-0.06980288,2.6034751,-2.4185817,0.42272288,0.79796088,-0.42960912,0
1.9032271,-0.89229089,-2.5713935,0.32902706,-0.57683438,-0.74766535,0
-1.966814,-2.4269238,0.77258825,-0.42272288,-0.79796088,0.42960912,0
2.1278393,0.87840301,-3.420563,0.42272288,0.79796088,-0.42960912,0
-2.3078635,2.5081367,0.82402229,-0.84442097,0.17470229,-0.50639176,0
-0.24124622,-2.7993317,1.3640106,-0.42272288,-0.79796088,0.42960912,0
-3.0331094,0.20873702,0.98854941,-0.84442097,0.17470229,-0.50639176,0
-1.296728,1.5190785,-1.3038509,-0.84442097,0.17470229,-0.50639176,0
-2.9372637,0.23639131,1.0561384,-0.84442097,0.17470229,-0.50639176,0
-0.40274477,4.1817269,0.61266136,0.42272288,0.79796088,-0.42960912,0
-0.97079372,-1.4465635,-2.6856544,-0.84442097,0.17470229,-0.50639176,0
3.321615,0.33208668,-1.608965,0.84442097,-0.17470229,0.50639176,0
0.59467238,0.5686028,3.0900435,0.84442097,-0.17470229,0.50639176,0
0.22163498,2.335789,-2.320231,0.42272288,0.79796088,-0.42960912,0
-1.2411225,-1.3299189,3.4327855,-0.42272288,-0.79796088,0.42960912,0
1.5745964,-3.1420741,-0.98774779,0.32902706,-0.57683438,-0.74766535,0
1.6302712,0.05876565,1.2482506,0.84442097,-0.17470229,0.50639176,0
-0.08840251,-2.6530242,-2.0330648,0.32902706,-0.57683438,-0.74766535,0
1.4575515,2.5403755,-0.63692093,0.42272288,0.79796088,-0.42960912,0
-1.4374037,4.0112681,-0.21625352,-0.84442097,0.17470229,-0.50639176,0
2.5235748,-0.065437436,-0.27497718,0.84442097,-0.17470229,0.50639176,0
-2.9384966,-0.40436864,0.67995411,-0.84442097,0.17470229,-0.50639176,0
-1.3221904,-1.327386,3.042064,-0.42272288,-0.79796088,0.42960912,0
1.3332672,-0.15281105,1.5305512,0.84442097,-0.17470229,0.50639176,0
1.5335103,-1.6999691,0.93880296,0.84442097,-0.17470229,0.50639176,0
-0.36896789,0.30855656,3.5852575,-0.32902706,0.57683438,0.74766535,0
2.3896899,0.68256974,-3.2633538,0.42272288,0.79796088,-0.42960912,0
-3.2995918,-0.64267075,1.2821655,-0.84442097,0.17470229,-0.50639176,0
-0.40212387,2.0344305,-2.5873888,-0.84442097,0.17470229,-0.50639176,0
0.28100342,-1.1734041,2.915283,0.84442097,-0.17470229,0.50639176,0
1.2554427,2.8219838,-0.67234278,0.42272288,0.79796088,-0.42960912,0
1.6462369,3.2291784,2.2725768,-0.32902706,0.57683438,0.74766535,0
1.4737196,3.4444358,2.1324615,-0.32902706,0.57683438,0.74766535,0
-0.49071091,2.0301409,-2.6183484,-0.84442097,0.17470229,-0.50639176,0
1.5262845,3.5046458,1.2138231,0.42272288,0.79796088,-0.42960912,0
0.13188839,2.7714045,2.048842,-0.32902706,0.57683438,0.74766535,0
-1.746058,3.0447376,0.018288612,-0.84442097,0.17470229,-0.50639176,0
-1.6966472,-0.52762854,3.7307065,-0.32902706,0.57683438,0.74766535,0
-2.4279566,-1.7287846,1.2742957,-0.42272288,-0.79796088,0.42960912,0
0.051630497,3.7172203,-0.17151737,0.42272288,0.79796088,-0.42960912,0
-2.4534078,-1.5750453,-0.35050541,-0.84442097,0.17470229,-0.50639176,0
1.0283161,1.3312318,-3.3758321,0.42272288,0.79796088,-0.42960912,0
1.7284836,0.73840141,1.3716378,0.84442097,-0.17470229,0.50639176,0
0.77579272,-1.2156383,-2.7921245,0.32902706,-0.57683438,-0.74766535,0
-2.1298394,-1.1350203,-0.68448341,-0.84442097,0.17470229,-0.50639176,0
-0.69737303,-0.14747119,-2.9536915,-0.84442097,0.17470229,-0.50639176,0
-0.68168259,-0.082875252,3.7014046,-0.32902706,0.57683438,0.74766535,0
-1.1127499,1.0215466,-1.7885085,-0.84442097,0.17470229,-0.50639176,0
2.7052922,-1.0354608,-1.9921296,0.32902706,-0.57683438,-0.74766535,0
2.2965815,0.077221602,-3.1128774,0.32902706,-0.57683438,-0.74766535,0
-2.3043101,-0.51855731,-0.15543577,-0.84442097,0.17470229,-0.50639176,0
-2.5964808,-0.26570582,0.14724672,-0.84442097,0.17470229,-0.50639176,0
-1.440264,-0.57243299,3.7269201,-0.32902706,0.57683438,0.74766535,0
-0.66945112,1.4568514,-2.1378822,-0.84442097,0.17470229,-0.50639176,0
-0.36057007,-0.37774634,-3.4272478,-0.84442097,0.17470229,-0.50639176,0
1.1203532,3.6742787,0.94665265,0.42272288,0.79796088,-0.42960912,0
1.1626706,-2.7279456,0.98304081,0.84442097,-0.17470229,0.50639176,0
0.074737072,-3.6202097,0.24898672,-0.42272288,-0.79796088,0.42960912,0
-2.8680377,-1.6210415,0.28689849,-0.84442097,0.17470229,-0.50639176,0
-3.2433946,-0.070382237,1.5550982,-0.84442097,0.17470229,-0.50639176,0
-1.2699224,-1.9524058,2.1012146,-0.42272288,-0.79796088,0.42960912,0
3.0147305,0.35251164,-0.89809364,0.84442097,-0.17470229,0.50639176,0
2.9416409,-1.1309741,-1.9455581,0.32902706,-0.57683438,-0.74766535,0
-1.0853451,-3.2604673,0.07060957,-0.42272288,-0.79796088,0.42960912,0
-1.329613,3.9427271,0.28332806,-0.32902706,0.57683438,0.74766535,0
-1.7344775,3.2268438,0.64187002,-0.32902706,0.57683438,0.74766535,0
0.84034562,3.5838151,0.37172318,0.42272288,0.79796088,-0.42960912,0
-0.1596241,3.3890314,1.3670678,-0.32902706,0.57683438,0.74766535,0
-0.51630759,1.9542443,-2.3404453,-0.84442097,0.17470229,-0.50639176,0
-0.7028209,0.61560273,3.1555998,-0.32902706,0.57683438,0.74766535,0
0.35530901,-4.1877632,-0.42957425,-0.42272288,-0.79796088,0.42960912,0
-0.87190324,-1.8495373,2.4598789,-0.42272288,-0.79796088,0.42960912,0
0.64677417,1.2878425,3.2570391,0.84442097,-0.17470229,0.50639176,0
-0.27174997,1.9869621,2.4616542,-0.32902706,0.57683438,0.74766535,0
-0.79855901,-1.2763778,3.803715,-0.42272288,-0.79796088,0.42960912,0
-1.3896716,0.654809,-1.440346,-0.84442097,0.17470229,-0.50639176,0
-1.5165728,-1.2390326,3.2284858,-0.42272288,-0.79796088,0.42960912,0
2.2471182,-2.2199187,-0.534904,0.84442097,-0.17470229,0.50639176,0
-1.6961168,-0.43749022,-1.1903025,-0.84442097,0.17470229,-0.50639176,0
-2.4876904,-1.9455998,0.69169617,-0.42272288,-0.79796088,0.42960912,0
-0.87925828,-1.510865,-2.9239511,-0.84442097,0.17470229,-0.50639176,0
1.8315945,3.4247551,2.1475036,-0.32902706,0.57683438,0.74766535,0
2.8216772,-1.3289206,-1.2507032,0.84442097,-0.17470229,0.50639176,0
1.8074007,-2.0129304,-1.6160837,0.32902706,-0.57683438,-0.74766535,0
1.856675,2.2957964,-0.85090053,0.42272288,0.79796088,-0.42960912,0
1.3387032,2.48699,-1.1633828,0.42272288,0.79796088,-0.42960912,0
1.5980303,2.4050658,2.1957803,0.84442097,-0.17470229,0.50639176,0
3.4915714,0.046092033,-1.7886233,0.84442097,-0.17470229,0.50639176,0
0.32186127,2.8938756,-1.12924,0.42272288,0.79796088,-0.42960912,0
-0.14851213,-0.62275553,-3.542444,0.32902706,-0.57683438,-0.74766535,0
0.23360604,0.64218831,-4.3131042,-0.84442097,0.17470229,-0.50639176,0
1.0049522,2.2358036,2.6196921,-0.32902706,0.57683438,0.74766535,0
0.55787039,-2.4719741,2.1238756,0.84442097,-0.17470229,0.50639176,0
-1.2588196,-3.8864596,-1.4436275,0.32902706,-0.57683438,-0.74766535,0
1.4587176,3.4172988,0.68926692,0.42272288,0.79796088,-0.42960912,0
2.1165371,1.3197339,0.98597634,0.84442097,-0.17470229,0.50639176,0
1.5249828,-0.35749817,-3.0632277,0.32902706,-0.57683438,-0.74766535,0
-1.6635501,0.61116415,2.8170094,-0.32902706,0.57683438,0.74766535,0
-1.5272764,1.2243932,-0.99167287,-0.84442097,0.17470229,-0.50639176,0
1.4913669,0.21984398,-3.5322425,0.32902706,-0.57683438,-0.74766535,0
-2.5146356,-0.23925096,3.2131896,-0.32902706,0.57683438,0.74766535,0
1.8114641,-0.14793515,-3.1090674,0.32902706,-0.57683438,-0.74766535,0
-0.34888744,2.7071712,-2.2072885,0.42272288,0.79796088,-0.42960912,0
-0.98012543,4.2788801,0.047854424,0.42272288,0.79796088,-0.42960912,0
1.0149882,-4.040287,0.49156976,-0.42272288,-0.79796088,0.42960912,0
2.1170282,3.1456714,0.82259381,0.42272288,0.79796088,-0.42960912,0
-1.450368,0.66342539,2.8747268,-0.32902706,0.57683438,0.74766535,0
3.2416396,0.029387593,-1.5007118,0.84442097,-0.17470229,0.50639176,0
-1.8735709,3.5478044,0.21519256,-0.84442097,0.17470229,-0.50639176,0
1.32482,2.8345037,2.4404693,-0.32902706,0.57683438,0.74766535,0
-2.1319604,-1.8590503,-1.1286169,-0.84442097,0.17470229,-0.50639176,0
-0.81031692,-2.7098961,1.2499547,-0.42272288,-0.79796088,0.42960912,0
2.574398,-2.4395545,-1.0356737,0.32902706,-0.57683438,-0.74766535,0
3.0836947,1.3376555,-1.2453492,0.42272288,0.79796088,-0.42960912,0
-0.70161808,-0.66861224,4.2287807,-0.32902706,0.57683438,0.74766535,0
-2.5263343,0.8714003,2.1165807,-0.32902706,0.57683438,0.74766535,0
-0.19729424,-1.5745471,-2.9190154,0.32902706,-0.57683438,-0.74766535,0
0.56685853,-1.7504697,-2.5177999,0.32902706,-0.57683438,-0.74766535,0
0.95873952,2.9563444,2.0881293,-0.32902706,0.57683438,0.74766535,0
-2.8774581,1.2871261,1.2992462,-0.84442097,0.17470229,-0.50639176,0
2.28143,-0.00052753091,-2.9753346,0.32902706,-0.57683438,-0.74766535,0
-1.2303883,1.1059752,-1.6546854,-0.84442097,0.17470229,-0.50639176,0
1.2503811,-1.141382,1.4239376,0.84442097,-0.17470229,0.50639176,0
1.1090317,0.60368276,2.480593,0.84442097,-0.17470229,0.50639176,0
-1.0791019,0.39281106,-2.0844862,-0.84442097,0.17470229,-0.50639176,0
-2.5737231,2.1984978,1.0714717,-0.32902706,0.57683438,0.74766535,0
1.6634023,-2.0268152,-1.7011746,0.32902706,-0.57683438,-0.74766535,0
1.0539485,1.0788726,-3.9217041,0.42272288,0.79796088,-0.42960912,0
-0.98665339,-1.6359665,3.0532403,-0.42272288,-0.79796088,0.42960912,0
-0.19232011,4.0856743,0.48380423,0.42272288,0.79796088,-0.42960912,0
-0.64254797,0.94983971,2.9646635,-0.32902706,0.57683438,0.74766535,0
1.4405093,-2.231209,0.64593458,0.84442097,-0.17470229,0.50639176,0
1.2344136,1.3018484,-3.5355558,0.42272288,0.79796088,-0.42960912,0
0.32895017,3.3285713,-0.65757298,0.42272288,0.79796088,-0.42960912,0
0.74854422,3.299077,1.8613923,-0.32902706,0.57683438,0.74766535,0
-0.71505499,-2.7333751,-2.2315826,0.32902706,-0.57683438,-0.74766535,0
-0.80720985,2.6321232,-1.6693249,-0.84442097,0.17470229,-0.50639176,0
-0.94585073,2.4888422,-1.5627412,-0.84442097,0.17470229,-0.50639176,0
-0.046803117,0.7911706,3.4241974,-0.32902706,0.57683438,0.74766535,0
-2.7532661,-0.86586702,2.5834689,-0.42272288,-0.79796088,0.42960912,0
1.309617,0.51262999,2.0676162,0.84442097,-0.17470229,0.50639176,0
-0.71071631,-2.1824703,2.1225677,-0.42272288,-0.79796088,0.42960912,0
-1.8644732,1.1717508,2.3444576,-0.32902706,0.57683438,0.74766535,0
0.21461964,-1.6733804,3.0687208,0.84442097,-0.17470229,0.50639176,0
-1.7816846,3.1481743,0.18598533,-0.84442097,0.17470229,-0.50639176,0
-0.27523762,-2.2824545,2.5499942,-0.42272288,-0.79796088,0.42960912,0
-0.35049802,1.9937923,-2.6742449,-0.84442097,0.17470229,-0.50639176,0
-0.33588472,1.4572601,-2.7063627,-0.84442097,0.17470229,-0.50639176,0
1.4384375,-1.7521327,1.0990778,0.84442097,-0.17470229,0.50639176,0
-0.14514756,1.9599987,2.5346098,-0.32902706,0.57683438,0.74766535,0
-0.10035753,-1.5562191,-2.8731759,0.32902706,-0.57683438,-0.74766535,0
-0.78671527,-3.6091261,-1.5177228,0.32902706,-0.57683438,-0.74766535,0
1.5794902,0.35829741,-3.5144868,0.32902706,-0.57683438,-0.74766535,0
-1.4996864,-1.0616723,3.5575347,-0.42272288,-0.79796088,0.42960912,0
1.069361,1.633574,-3.1189837,0.42272288,0.79796088,-0.42960912,0
0.62006807,2.0673981,-2.6077154,0.42272288,0.79796088,-0.42960912,0
-0.88258719,-2.3231049,1.971365,-0.42272288,-0.79796088,0.42960912,0
-0.557661,0.49976754,-3.0440679,-0.84442097,0.17470229,-0.50639176,0
-0.64240658,1.3981783,2.7048402,-0.32902706,0.57683438,0.74766535,0
2.6785853,0.44869661,-0.25113204,0.84442097,-0.17470229,0.50639176,0
-3.3189878,0.38583839,1.853904,-0.84442097,0.17470229,-0.50639176,0
0.66019261,1.5102994,3.1849556,-0.32902706,0.57683438,0.74766535,0
-0.58942616,2.866977,-2.1590598,-0.84442097,0.17470229,-0.50639176,0
1.2906215,-2.5841494,-1.4444346,0.32902706,-0.57683438,-0.74766535,0
1.1629243,1.54344,-3.1882353,0.42272288,0.79796088,-0.42960912,0
-3.6920896,-0.45441961,2.7086017,-0.42272288,-0.79796088,0.42960912,0
-1.6724694,-3.3242345,-2.2393334,0.32902706,-0.57683438,-0.74766535,0
-1.6253328,-2.4449918,0.7863909,-0.42272288,-0.79796088,0.42960912,0
3.6305323,0.43792248,-2.0014043,0.84442097,-0.17470229,0.50639176,0
-2.6177874,0.1117743,2.7794194,-0.32902706,0.57683438,0.74766535,0
-1.6927865,-2.01283,-1.6342475,-0.84442097,0.17470229,-0.50639176,0
0.90789193,0.18245959,-3.7347684,0.32902706,-0.57683438,-0.74766535,0
1.363379,3.7014751,1.7180387,-0.32902706,0.57683438,0.74766535,0
0.56744814,-3.4788656,0.97733641,-0.42272288,-0.79796088,0.42960912,0
-0.8005408,-2.7795463,0.81618547,-0.42272288,-0.79796088,0.42960912,0
-2.4116423,-1.6555908,-0.61386895,-0.84442097,0.17470229,-0.50639176,0
-2.5275748,-3.0030918,-0.89638829,-0.42272288,-0.79796088,0.42960912,0
-0.60048902,-2.4724448,1.8046482,-0.42272288,-0.79796088,0.42960912,0
-1.6388826,3.1021509,0.9768734,-0.32902706,0.57683438,0.74766535,0
1.9878827,1.4155257,1.0572793,0.84442097,-0.17470229,0.50639176,0
-0.18622002,-1.0044715,3.9556973,0.84442097,-0.17470229,0.50639176,0
-0.3975977,-1.8010519,3.0528851,-0.42272288,-0.79796088,0.42960912,0
-1.3265864,-1.945749,2.1574984,-0.42272288,-0.79796088,0.42960912,0
3.3299849,0.67914814,-2.6338151,0.42272288,0.79796088,-0.42960912,0
-1.1647965,-2.8678219,0.64237785,-0.42272288,-0.79796088,0.42960912,0
1.1260664,-3.6639669,-0.64376354,0.32902706,-0.57683438,-0.74766535,0
-1.7324376,0.6087485,2.8122902,-0.32902706,0.57683438,0.74766535,0
-0.1851368,0.81629848,-3.4670436,-0.84442097,0.17470229,-0.50639176,0
-3.193006,0.41400909,1.4194977,-0.84442097,0.17470229,-0.50639176,0
-2.8309081,1.6990757,1.1955298,-0.84442097,0.17470229,-0.50639176,0
2.7511115,1.656379,0.052755237,0.84442097,-0.17470229,0.50639176,0
0.19451618,3.2355707,-0.77609777,0.42272288,0.79796088,-0.42960912,0
-1.9618909,2.5543618,1.0634271,-0.32902706,0.57683438,0.74766535,0
-1.4601309,-2.0716488,-2.2328877,-0.84442097,0.17470229,-0.50639176,0
-3.3017631,-0.41770744,2.7549956,-0.32902706,0.57683438,0.74766535,0
-2.4490662,0.99717367,0.29049855,-0.84442097,0.17470229,-0.50639176,0
0.85095835,-0.24382758,2.3540046,0.84442097,-0.17470229,0.50639176,0
-2.280488,2.3488035,1.2447456,-0.32902706,0.57683438,0.74766535,0
1.5740321,1.593245,-2.2495313,0.42272288,0.79796088,-0.42960912,0
-0.60969114,1.59199,-2.352809,-0.84442097,0.17470229,-0.50639176,0
2.5595129,1.1140811,-2.281522,0.42272288,0.79796088,-0.42960912,0
1.5531454,0.74818164,-3.8381531,0.32902706,-0.57683438,-0.74766535,0
0.0056283474,2.3632386,2.0611138,-0.32902706,0.57683438,0.74766535,0
1.6436715,3.7871556,1.9272574,-0.32902706,0.57683438,0.74766535,0
-0.87959689,-1.2772957,3.7017388,-0.42272288,-0.79796088,0.42960912,0
-0.74905109,3.1255338,1.2914993,-0.32902706,0.57683438,0.74766535,0
1.2635452,3.3775034,0.49613571,0.42272288,0.79796088,-0.42960912,0
0.42522115,0.55373216,-4.2777348,-0.84442097,0.17470229,-0.50639176,0
-2.7309949,-2.266458,0.12170124,-0.42272288,-0.79796088,0.42960912,0
-0.13657236,-3.196243,0.86420274,-0.42272288,-0.79796088,0.42960912,0
2.3701503,1.7559233,-1.4563154,0.42272288,0.79796088,-0.42960912,0
-0.093007088,-1.8999419,-2.7034891,0.32902706,-0.57683438,-0.74766535,0
-0.85864609,-0.92505443,4.3600965,-0.32902706,0.57683438,0.74766535,0
2.2917466,-1.6577301,-0.63053709,0.84442097,-0.17470229,0.50639176,0
-2.7559767,-1.2226347,0.27954936,-0.84442097,0.17470229,-0.50639176,0
-1.6713619,2.3312936,1.6044569,-0.32902706,0.57683438,0.74766535,0
-1.8959278,0.85651571,2.4011445,-0.32902706,0.57683438,0.74766535,0
0.71307182,3.8329978,1.2613875,-0.32902706,0.57683438,0.74766535,0
-0.69394231,1.1065766,2.8831811,-0.32902706,0.57683438,0.74766535,0
-2.9440947,-1.9095362,0.62801337,-0.42272288,-0.79796088,0.42960912,0
3.0404625,1.832757,-0.78031158,0.42272288,0.79796088,-0.42960912,0
2.8392892,-1.9769835,-1.2968836,0.84442097,-0.17470229,0.50639176,0
-0.74957305,-0.61871696,-2.8119698,-0.84442097,0.17470229,-0.50639176,0
2.5098872,0.56119323,-0.23650612,0.84442097,-0.17470229,0.50639176,0
0.52019489,-2.9629805,1.8842914,-0.42272288,-0.79796088,0.42960912,0
-3.1131449,-0.31475544,1.2651858,-0.84442097,0.17470229,-0.50639176,0
-0.66738296,-0.98109674,-3.0681591,-0.84442097,0.17470229,-0.50639176,0
-0.55797076,0.91473687,-2.6332281,-0.84442097,0.17470229,-0.50639176,0
-1.0836735,-2.0732131,2.1260438,-0.42272288,-0.79796088,0.42960912,0
2.8090763,0.67405701,-0.44903293,0.84442097,-0.17470229,0.50639176,0
-1.6021924,1.5935966,-0.54635525,-0.84442097,0.17470229,-0.50639176,0
0.51505136,1.8859382,-2.7744589,0.42272288,0.79796088,-0.42960912,0
2.354697,1.2058982,-2.510838,0.42272288,0.79796088,-0.42960912,0
-2.8653462,0.51193953,0.93923688,-0.84442097,0.17470229,-0.50639176,0
-1.4510574,4.1973567,0.065576792,-0.32902706,0.57683438,0.74766535,0
-2.9422183,-2.2242534,0.11029768,-0.84442097,0.17470229,-0.50639176,0
1.7463431,2.2160311,-1.1408721,0.42272288,0.79796088,-0.42960912,0
-1.7608372,1.8737903,-0.33042943,-0.84442097,0.17470229,-0.50639176,0
1.9940763,-2.8076034,-0.20432544,0.84442097,-0.17470229,0.50639176,0
-0.82310593,2.584656,-1.8089992,-0.84442097,0.17470229,-0.50639176,0
-2.8283062,-0.91942632,2.5229919,-0.42272288,-0.79796088,0.42960912,0
0.3104198,0.77290201,-4.1551552,-0.84442097,0.17470229,-0.50639176,0
-0.088943005,-1.7899289,-2.762228,0.32902706,-0.57683438,-0.74766535,0
0.32975203,0.6888783,-4.3041177,0.32902706,-0.57683438,-0.74766535,0
1.5897033,1.0329618,-3.4867072,0.42272288,0.79796088,-0.42960912,0
-1.7046314,-0.73356271,3.7490442,-0.42272288,-0.79796088,0.42960912,0
3.392487,1.0379465,-1.2678237,0.84442097,-0.17470229,0.50639176,0
-0.96783829,-3.2018418,-2.040309,0.32902706,-0.57683438,-0.74766535,0
0.58346164,2.6086102,-1.5275862,0.42272288,0.79796088,-0.42960912,0
-0.68040991,-3.3813765,-0.13380861,-0.42272288,-0.79796088,0.42960912,0
0.5125798,0.17688394,-3.9030471,0.32902706,-0.57683438,-0.74766535,0
-1.4527564,2.8792553,1.1426347,-0.32902706,0.57683438,0.74766535,0
-0.10428309,3.1768146,-1.3088758,0.42272288,0.79796088,-0.42960912,0
-1.5520126,-0.96220303,3.5713472,-0.42272288,-0.79796088,0.42960912,0
0.17384416,0.75063872,-4.1051946,-0.84442097,0.17470229,-0.50639176,0
0.94686341,2.3092628,2.7728527,-0.32902706,0.57683438,0.74766535,0
1.3946331,-3.7460558,0.30036974,0.84442097,-0.17470229,0.50639176,0
1.3053515,2.1169524,-1.7218853,0.42272288,0.79796088,-0.42960912,0
0.19966245,-4.1962137,-0.52411008,-0.42272288,-0.79796088,0.42960912,0
-1.3981814,-1.4926944,-2.107511,-0.84442097,0.17470229,-0.50639176,0
-2.4624815,-0.74198556,-0.11165258,-0.84442097,0.17470229,-0.50639176,0
2.0482535,3.3677783,1.864228,0.84442097,-0.17470229,0.50639176,0
0.010249764,1.4559474,-3.3285866,-0.84442097,0.17470229,-0.50639176,0
1.0026388,3.6302123,0.63594842,0.42272288,0.79796088,-0.42960912,0
-0.86511838,2.6453695,-1.4949183,-0.84442097,0.17470229,-0.50639176,0
2.3047619,2.1890492,0.75338358,0.84442097,-0.17470229,0.50639176,0
-0.21657598,0.91962719,3.2184691,-0.32902706,0.57683438,0.74766535,0
-0.31375504,-0.56962276,-3.7885659,-0.84442097,0.17470229,-0.50639176,0
2.6103086,-0.31948411,-0.67151105,0.84442097,-0.17470229,0.50639176,0
-0.96938396,-2.9598217,-2.205409,0.32902706,-0.57683438,-0.74766535,0
-3.0545111,-0.66885948,0.93063134,-0.84442097,0.17470229,-0.50639176,0
1.4452343,-4.1332474,-0.22357869,0.32902706,-0.57683438,-0.74766535,0
1.8778859,1.1840115,1.158747,0.84442097,-0.17470229,0.50639176,0
1.576947,3.1972148,2.3551941,0.84442097,-0.17470229,0.50639176,0
-0.84852386,-3.6718864,-0.82649779,-0.42272288,-0.79796088,0.42960912,0
2.5916409,-1.9069525,-1.4480135,0.32902706,-0.57683438,-0.74766535,0
-3.0740738,-1.5159912,0.47388017,-0.84442097,0.17470229,-0.50639176,0
1.5459539,3.2656152,0.39395595,0.42272288,0.79796088,-0.42960912,0
1.9752926,0.43468767,-3.5708437,0.32902706,-0.57683438,-0.74766535,0
1.2744657,1.1093004,-3.481216,0.42272288,0.79796088,-0.42960912,0
3.3275344,0.74040759,-2.4487576,0.42272288,0.79796088,-0.42960912,0
-1.038414,-2.1070111,2.1447482,-0.42272288,-0.79796088,0.42960912,0
-0.5344193,-1.4666132,3.8184063,-0.42272288,-0.79796088,0.42960912,0
1.8837726,2.5630567,1.5042987,0.84442097,-0.17470229,0.50639176,0
-2.0431266,-1.1043291,2.9814265,-0.42272288,-0.79796088,0.42960912,0
-1.6775805,-1.3247654,2.7165244,-0.42272288,-0.79796088,0.42960912,0
-2.1939402,0.58444679,-0.14237875,-0.84442097,0.17470229,-0.50639176,0
1.4550279,-2.8076193,0.71102524,0.84442097,-0.17470229,0.50639176,0
-2.4535391,2.1782386,1.3762505,-0.32902706,0.57683438,0.74766535,0
-1.1262381,-1.5117853,-2.4711688,-0.84442097,0.17470229,-0.50639176,0
1.0011258,2.0913525,-2.048631,0.42272288,0.79796088,-0.42960912,0
-3.2127659,-0.27355409,2.9340682,-0.32902706,0.57683438,0.74766535,0
0.47132742,0.50735617,-4.2081156,0.32902706,-0.57683438,-0.74766535,0
-1.3018527,3.4981527,-0.68261814,-0.84442097,0.17470229,-0.50639176,0
0.84825897,2.5779405,2.4110334,-0.32902706,0.57683438,0.74766535,0
-0.226897,-3.407948,0.65563202,-0.42272288,-0.79796088,0.42960912,0
1.7799475,-0.26749104,-3.053987,0.32902706,-0.57683438,-0.74766535,0
2.4972353,2.9777009,0.92815685,0.84442097,-0.17470229,0.50639176,0
-0.3816874,1.8046955,2.5412912,-0.32902706,0.57683438,0.74766535,0
-0.072516441,1.346059,2.8538287,-0.32902706,0.57683438,0.74766535,0
3.2426808,-0.26952899,-1.40324,0.84442097,-0.17470229,0.50639176,0
-0.4604156,-2.5870261,1.6194545,-0.42272288,-0.79796088,0.42960912,0
0.50809574,3.8140957,0.51521707,0.42272288,0.79796088,-0.42960912,0
-0.28019169,-1.9049708,3.3651609,-0.42272288,-0.79796088,0.42960912,0
2.0100837,-3.2190781,-0.69635344,0.32902706,-0.57683438,-0.74766535,0
-1.1823015,-0.075959206,3.5752161,-0.32902706,0.57683438,0.74766535,0
-0.045364618,0.09335041,-3.7429125,-0.84442097,0.17470229,-0.50639176,0
1.0081491,-1.4302799,-2.3809884,0.32902706,-0.57683438,-0.74766535,0
-0.50621831,-1.7310936,3.1643562,-0.42272288,-0.79796088,0.42960912,0
3.007216,-0.62146908,-2.1016722,0.32902706,-0.57683438,-0.74766535,0
-0.64947331,0.4056567,3.3049464,-0.32902706,0.57683438,0.74766535,0
3.2310932,0.13545406,-2.7886469,0.32902706,-0.57683438,-0.74766535,0
2.7836142,-0.96313345,-2.0848036,0.32902706,-0.57683438,-0.74766535,0
-2.29811,-1.0569713,-0.6692403,-0.84442097,0.17470229,-0.50639176,0
0.94143403,-1.1483755,-2.7463613,0.32902706,-0.57683438,-0.74766535,0
2.1520839,1.9560018,-1.0333782,0.42272288,0.79796088,-0.42960912,0
0.24557668,-0.29635978,3.6118214,0.84442097,-0.17470229,0.50639176,0
-3.3230824,-0.32587504,1.5968862,-0.84442097,0.17470229,-0.50639176,0
-2.1075709,-0.91493416,3.2314525,-0.42272288,-0.79796088,0.42960912,0
0.045482397,-3.9272687,-1.0234964,0.32902706,-0.57683438,-0.74766535,0
3.3741479,0.403409,-2.8195896,0.32902706,-0.57683438,-0.74766535,0
1.8881711,1.593029,-2.1626143,0.42272288,0.79796088,-0.42960912,0
-1.9276952,-0.72362018,-1.1063933,-0.84442097,0.17470229,-0.50639176,0
-1.6899259,-1.7467833,2.1616325,-0.42272288,-0.79796088,0.42960912,0
-0.25606322,2.8644249,1.5696521,-0.32902706,0.57683438,0.74766535,0
3.0588799,-0.914689,-1.5158602,0.84442097,-0.17470229,0.50639176,0
-0.61415529,0.60436344,-2.5781875,-0.84442097,0.17470229,-0.50639176,0
1.006335,1.0631669,-4.1038404,0.42272288,0.79796088,-0.42960912,0
-1.2953732,-1.6143236,-2.41049,-0.84442097,0.17470229,-0.50639176,0
-1.6254014,1.6968842,-0.73711514,-0.84442097,0.17470229,-0.50639176,0
1.6448832,1.7076483,-1.9990622,0.42272288,0.79796088,-0.42960912,0
2.6394224,0.7366361,-3.0183997,0.42272288,0.79796088,-0.42960912,0
1.6257465,0.28864622,1.524441,0.84442097,-0.17470229,0.50639176,0
-0.041239858,-0.43513227,-3.7404957,0.32902706,-0.57683438,-0.74766535,0
-0.95350063,-0.73867631,4.0812659,-0.32902706,0.57683438,0.74766535,0
0.28199971,-1.7678912,2.892024,0.84442097,-0.17470229,0.50639176,0
0.14592195,-2.1458545,2.9331553,0.84442097,-0.17470229,0.50639176,0
-3.2731838,0.69857973,1.8504128,-0.84442097,0.17470229,-0.50639176,0
-0.65658307,0.30853915,3.5780234,-0.32902706,0.57683438,0.74766535,0
1.2560709,1.0005456,-3.850951,0.42272288,0.79796088,-0.42960912,0
-0.68082809,-1.4712423,3.5567362,-0.42272288,-0.79796088,0.42960912,0
3.1806855,0.66779453,-2.7457347,0.42272288,0.79796088,-0.42960912,0
0.26377559,2.7433476,-1.3979099,0.42272288,0.79796088,-0.42960912,0
1.5513903,-2.667068,0.60680342,0.84442097,-0.17470229,0.50639176,0
-1.9157985,-2.9120855,-0.095594645,-0.42272288,-0.79796088,0.42960912,0
1.8081973,0.21446955,-3.4287238,0.32902706,-0.57683438,-0.74766535,0
-2.8334785,-1.656381,1.1501803,-0.42272288,-0.79796088,0.42960912,0
-0.14056796,2.1413112,-2.8731303,-0.84442097,0.17470229,-0.50639176,0
