2.7026153,1.8958673,-0.83802843,0.26915848,0.96260852,0.030636311,0
-1.3514194,2.0065446,-1.6273305,-0.14205755,0.07114327,-0.98729855,0
0.46748614,-0.25762033,-2.1557145,-0.14205755,0.07114327,-0.98729855,0
2.1283956,-0.57268643,-2.4069262,-0.14205755,0.07114327,-0.98729855,0
1.0405984,-1.9568614,1.7251068,0.14205755,-0.07114327,0.98729855,0
1.2268105,-2.7826967,-2.360678,-0.14205755,0.07114327,-0.98729855,0
1.8572826,2.0714862,-1.9604185,0.26915848,0.96260852,0.030636311,0
-2.5582762,0.784729,-1.4339948,-0.9525615,0.26138765,0.15589462,0
-1.4465582,-0.79660726,-1.9232686,-0.14205755,0.07114327,-0.98729855,0
-0.78406572,-1.5012925,-1.9778153,-0.14205755,0.07114327,-0.98729855,0
-2.0366452,-2.0893576,-0.98316157,-0.26915848,-0.96260852,-0.030636311,0
1.9246545,-1.8308959,-0.76756144,0.9525615,-0.26138765,-0.15589462,0
-0.84814358,2.868165,-0.033279181,0.26915848,0.96260852,0.030636311,0
-0.25281492,-0.88248456,1.9464689,0.14205755,-0.07114327,0.98729855,0
0.17575336,-2.5549498,-0.4603436,-0.26915848,-0.96260852,-0.030636311,0
2.3498418,-0.057548165,-1.5638084,0.9525615,-0.26138765,-0.15589462,0
-2.9858966,-1.4903748,0.68728864,-0.9525615,0.26138765,0.15589462,0
0.11022851,-2.1911337,-2.260643,-0.14205755,0.07114327,-0.98729855,0
-1.0909754,-2.3294866,-0.17184305,-0.26915848,-0.96260852,-0.030636311,0
2.5579395,0.012461543,-0.25124097,0.9525615,-0.26138765,-0.15589462,0
2.5698087,-0.73789287,0.4075101,0.9525615,-0.26138765,-0.15589462,0
0.91652286,-0.37012994,1.934078,0.14205755,-0.07114327,0.98729855,0
-3.1347132,-1.5558547,0.052363753,-0.9525615,0.26138765,0.15589462,0
2.4631069,-1.2356677,0.99324358,0.9525615,-0.26138765,-0.15589462,0
0.89423609,-2.7537072,-0.051105738,-0.26915848,-0.96260852,-0.030636311,0
0.09238106,-1.5010767,-2.1365883,-0.14205755,0.07114327,-0.98729855,0
1.7357649,-3.0724678,-0.0072035789,-0.26915848,-0.96260852,-0.030636311,0
-0.54369378,-1.8743805,1.9711167,0.14205755,-0.07114327,0.98729855,0
1.3735211,1.2955344,1.8589917,0.14205755,-0.07114327,0.98729855,0
-0.58788127,-2.3761802,1.2871938,-0.26915848,-0.96260852,-0.030636311,0
-2.131609,-0.44667232,2.2932713,0.14205755,-0.07114327,0.98729855,0
0.80184311,-2.7894564,-1.3881528,-0.26915848,-0.96260852,-0.030636311,0
-1.5518034,2.9276633,1.8667608,-0.9525615,0.26138765,0.15589462,0
-0.71808189,2.8722723,-1.2268023,0.26915848,0.96260852,0.030636311,0
-2.5126648,-0.88925624,-1.6961752,-0.14205755,0.07114327,-0.98729855,0
-2.0293112,-1.7981637,-1.8331158,-0.14205755,0.07114327,-0.98729855,0
-2.2085652,1.8380179,-1.6753291,-0.14205755,0.07114327,-0.98729855,0
-2.7941153,-0.76509166,0.20374954,-0.9525615,0.26138765,0.15589462,0
0.67225289,2.4273734,1.9395477,0.26915848,0.96260852,0.030636311,0
-0.87119961,2.7829418,-0.68974328,0.26915848,0.96260852,0.030636311,0
0.36628133,-2.7066774,-1.7184809,-0.26915848,-0.96260852,-0.030636311,0
-2.7604957,-1.9438449,1.6271412,-0.26915848,-0.96260852,-0.030636311,0
0.064300597,1.3225071,-2.0340676,-0.14205755,0.07114327,-0.98729855,0
-1.7457634,0.33071029,2.2554317,0.14205755,-0.07114327,0.98729855,0
3.2298837,1.6031518,0.77435803,0.9525615,-0.26138765,-0.15589462,0
-0.72565532,-1.2783718,2.0510709,0.14205755,-0.07114327,0.98729855,0
-2.3301229,-1.7988048,-1.6262012,-0.26915848,-0.96260852,-0.030636311,0
1.5466964,-3.0379527,-0.24349403,-0.26915848,-0.96260852,-0.030636311,0
1.7817479,-3.1912062,0.14142013,-0.26915848,-0.96260852,-0.030636311,0
2.2121241,1.8807235,0.76893187,0.26915848,0.96260852,0.030636311,0
-3.0174813,-1.7840779,-0.82110918,-0.26915848,-0.96260852,-0.030636311,0
-0.075461,2.6344914,2.1702671,0.26915848,0.96260852,0.030636311,0
1.45601,1.948222,-2.1612687,-0.14205755,0.07114327,-0.98729855,0
-2.4981477,-0.17590237,0.96189445,-0.9525615,0.26138765,0.15589462,0
-0.5021525,-1.1985521,1.9589911,0.14205755,-0.07114327,0.98729855,0
-1.9791136,1.9168371,-1.5608581,-0.14205755,0.07114327,-0.98729855,0
-2.2732618,1.6372373,-0.053943992,-0.9525615,0.26138765,0.15589462,0
2.144465,-1.4417925,1.5701368,0.14205755,-0.07114327,0.98729855,0
2.305742,-0.29100478,-1.4882876,0.9525615,-0.26138765,-0.15589462,0
-1.2472626,0.37512493,-1.805609,-0.14205755,0.07114327,-0.98729855,0
0.41620487,-2.7538316,1.1203079,-0.26915848,-0.96260852,-0.030636311,0
-2.8540723,-1.2211928,-1.7702814,-0.14205755,0.07114327,-0.98729855,0
-1.7911572,3.0823467,-0.1883204,-0.9525615,0.26138765,0.15589462,0
-2.3358707,0.66672075,0.18733037,-0.9525615,0.26138765,0.15589462,0
-0.87221086,-2.2972779,0.4080348,-0.26915848,-0.96260852,-0.030636311,0
-1.6685147,-1.4781346,2.2429452,0.14205755,-0.07114327,0.98729855,0
0.55372149,-2.4108953,1.8198116,0.14205755,-0.07114327,0.98729855,0
1.4722756,2.0948448,-0.35201716,0.26915848,0.96260852,0.030636311,0
-2.2050936,1.0307908,1.0803918,-0.9525615,0.26138765,0.15589462,0
0.635068,2.3725288,1.4315035,0.26915848,0.96260852,0.030636311,0
-2.6391847,-0.14435077,-1.7460568,-0.14205755,0.07114327,-0.98729855,0
0.80459225,2.5003281,-0.77706456,0.26915848,0.96260852,0.030636311,0
2.1243544,-1.630636,-0.38306344,0.9525615,-0.26138765,-0.15589462,0
-2.2837873,0.033757925,1.4397099,-0.9525615,0.26138765,0.15589462,0
-2.4751687,0.067758143,1.2606113,-0.9525615,0.26138765,0.15589462,0
-1.5205204,0.029801607,-1.8071936,-0.14205755,0.07114327,-0.98729855,0
-0.644418,-2.314393,-1.2557966,-0.26915848,-0.96260852,-0.030636311,0
0.24079204,-2.7151675,0.45690489,-0.26915848,-0.96260852,-0.030636311,0
2.5544572,-0.58081031,0.62010682,0.9525615,-0.26138765,-0.15589462,0
-2.3913727,1.9712681,-1.4982738,-0.9525615,0.26138765,0.15589462,0
0.71931648,-2.8694484,-0.60037136,-0.26915848,-0.96260852,-0.030636311,0
-2.4490495,0.913064,-1.6615392,-0.14205755,0.07114327,-0.98729855,0
-2.8090849,-0.30882156,0.0024757981,-0.9525615,0.26138765,0.15589462,0
-1.1805117,2.9281106,0.97861075,0.26915848,0.96260852,0.030636311,0
-1.2297912,2.9378767,-0.16035891,0.26915848,0.96260852,0.030636311,0
-2.4187508,1.4835291,-1.3921854,-0.9525615,0.26138765,0.15589462,0
-1.494213,0.19263935,-1.8131943,-0.14205755,0.07114327,-0.98729855,0
1.9845041,0.97956061,1.8675246,0.14205755,-0.07114327,0.98729855,0
2.2460015,-0.9701857,-0.45818558,0.9525615,-0.26138765,-0.15589462,0
-1.4956464,-2.1720846,-0.90777552,-0.26915848,-0.96260852,-0.030636311,0
0.45977288,-0.90447485,1.8309327,0.14205755,-0.07114327,0.98729855,0
2.8989832,0.24625158,0.6633113,0.9525615,-0.26138765,-0.15589462,0
-2.0143507,0.75797296,1.8937103,-0.9525615,0.26138765,0.15589462,0
-0.1047945,2.6199875,1.1186274,0.26915848,0.96260852,0.030636311,0
-0.89837062,-0.95432854,2.0577123,0.14205755,-0.07114327,0.98729855,0
1.5419662,-3.1145158,0.34231853,-0.26915848,-0.96260852,-0.030636311,0
-2.5599692,0.1781953,-0.48449865,-0.9525615,0.26138765,0.15589462,0
-2.4440622,1.7892339,-1.4061408,-0.9525615,0.26138765,0.15589462,0
-0.12032011,1.1410298,2.0989742,0.14205755,-0.07114327,0.98729855,0
0.037461936,1.4496733,-1.8453699,-0.14205755,0.07114327,-0.98729855,0
2.7201462,1.8621036,-0.140172,0.26915848,0.96260852,0.030636311,0
-0.50943649,2.6117616,0.99420619,0.26915848,0.96260852,0.030636311,0
1.1616085,-3.06217,1.6285455,-0.26915848,-0.96260852,-0.030636311,0
-0.33913946,1.0600951,2.1302609,0.14205755,-0.07114327,0.98729855,0
3.0175395,0.94848418,0.88834208,0.9525615,-0.26138765,-0.15589462,0
-1.3930244,-2.2777481,1.9103036,-0.26915848,-0.96260852,-0.030636311,0
1.7647684,-1.9949055,-2.0956571,0.9525615,-0.26138765,-0.15589462,0
0.16426563,2.4467931,1.4395503,0.26915848,0.96260852,0.030636311,0
-0.73384643,-2.3411164,-1.6045805,-0.26915848,-0.96260852,-0.030636311,0
2.374181,0.29304743,-2.1940341,0.9525615,-0.26138765,-0.15589462,0
2.2052555,-1.3727927,-0.48813123,0.9525615,-0.26138765,-0.15589462,0
-1.5059179,2.946609,2.3553829,0.26915848,0.96260852,0.030636311,0
-0.20038188,2.6393321,1.6614909,0.26915848,0.96260852,0.030636311,0
0.17503062,2.4698548,1.4298421,0.26915848,0.96260852,0.030636311,0
1.3892205,2.2535772,0.70993054,0.26915848,0.96260852,0.030636311,0
1.6644298,-1.3725717,-2.3358092,-0.14205755,0.07114327,-0.98729855,0
-2.5116549,-0.58482742,1.8629789,-0.9525615,0.26138765,0.15589462,0
2.4111207,-1.495074,0.9819994,0.9525615,-0.26138765,-0.15589462,0
-0.34045523,2.7400835,1.7387832,0.26915848,0.96260852,0.030636311,0
-1.9092898,-0.28259611,2.3028338,0.14205755,-0.07114327,0.98729855,0
-0.38891211,-1.7637808,2.0492246,0.14205755,-0.07114327,0.98729855,0
2.5174236,0.15880531,-0.92271668,0.9525615,-0.26138765,-0.15589462,0
-1.7909995,2.6915498,0.52108169,-0.9525615,0.26138765,0.15589462,0
1.6580286,-2.7468839,-1.7994764,0.9525615,-0.26138765,-0.15589462,0
-0.96493721,-1.9481537,-1.9967884,-0.14205755,0.07114327,-0.98729855,0
3.2051494,1.4309499,1.5708964,0.14205755,-0.07114327,0.98729855,0
1.872045,2.1954908,-0.80780745,0.26915848,0.96260852,0.030636311,0
-1.9386896,0.17905331,-1.6883668,-0.14205755,0.07114327,-0.98729855,0
0.82031411,-2.7803557,1.7389052,0.14205755,-0.07114327,0.98729855,0
0.94441557,2.4253201,-0.26636291,0.26915848,0.96260852,0.030636311,0
2.9209542,1.3875264,-0.36567521,0.9525615,-0.26138765,-0.15589462,0
-0.49708289,-2.4409771,1.5258641,-0.26915848,-0.96260852,-0.030636311,0
1.0662397,-2.778971,-0.95822346,-0.26915848,-0.96260852,-0.030636311,0
-1.5229073,-1.3503788,-1.926703,-0.14205755,0.07114327,-0.98729855,0
-1.9206816,2.927387,-0.56555367,-0.9525615,0.26138765,0.15589462,0
-0.88195598,-2.331145,0.44909382,-0.26915848,-0.96260852,-0.030636311,0
-0.57164705,2.7284682,1.6361877,0.26915848,0.96260852,0.030636311,0
1.2747811,0.75662732,1.9923258,0.14205755,-0.07114327,0.98729855,0
-1.2437274,2.9287114,1.918599,0.26915848,0.96260852,0.030636311,0
-0.98154134,2.8294988,0.55046558,0.26915848,0.96260852,0.030636311,0
-1.2723293,2.6581688,-1.5849366,-0.14205755,0.07114327,-0.98729855,0
0.77117991,2.041642,-2.0360584,-0.14205755,0.07114327,-0.98729855,0
1.9612955,-1.1015528,-1.9101905,0.9525615,-0.26138765,-0.15589462,0
-2.4660218,-0.17705327,1.0031199,-0.9525615,0.26138765,0.15589462,0
-2.947026,-1.2971236,0.16108215,-0.9525615,0.26138765,0.15589462,0
-1.4135396,2.9535718,1.1580547,0.26915848,0.96260852,0.030636311,0
-0.51986641,2.8065767,-1.224375,0.26915848,0.96260852,0.030636311,0
2.6712828,1.7874846,-0.3003757,0.26915848,0.96260852,0.030636311,0
2.7451417,-0.75519764,1.6165524,0.14205755,-0.07114327,0.98729855,0
0.79314107,-1.8026791,1.7250617,0.14205755,-0.07114327,0.98729855,0
0.37353802,2.283905,2.1518493,0.14205755,-0.07114327,0.98729855,0
0.5067035,-2.038491,1.8625231,0.14205755,-0.07114327,0.98729855,0
2.4997756,1.8061371,0.50970733,0.26915848,0.96260852,0.030636311,0
1.6318672,-2.3865621,1.6840935,0.14205755,-0.07114327,0.98729855,0
0.26043516,1.327302,-2.0376635,-0.14205755,0.07114327,-0.98729855,0
-1.1481361,-1.4737761,2.0039997,0.14205755,-0.07114327,0.98729855,0
0.44142842,2.0222757,2.180582,0.14205755,-0.07114327,0.98729855,0
0.2769084,-1.0739565,-2.044332,-0.14205755,0.07114327,-0.98729855,0
2.5657105,0.94023973,-1.6519542,0.9525615,-0.26138765,-0.15589462,0
0.88768232,-0.35745287,-2.1774299,-0.14205755,0.07114327,-0.98729855,0
-1.7336843,-2.0891411,2.0848453,-0.26915848,-0.96260852,-0.030636311,0
2.303427,-0.53808534,-1.5143423,0.9525615,-0.26138765,-0.15589462,0
-0.9287678,3.0069752,-1.5239108,0.26915848,0.96260852,0.030636311,0
-0.9415924,2.795248,-1.0393364,0.26915848,0.96260852,0.030636311,0
-0.11661232,2.6433349,1.1780003,0.26915848,0.96260852,0.030636311,0
-2.1871693,0.70258999,2.0835276,-0.9525615,0.26138765,0.15589462,0
-1.7719867,-0.47223246,2.3407309,0.14205755,-0.07114327,0.98729855,0
-0.031382978,-2.6423316,-1.4499097,-0.26915848,-0.96260852,-0.030636311,0
1.348434,1.3528917,-2.0944171,-0.14205755,0.07114327,-0.98729855,0
-0.22195035,-2.3151064,1.9707618,0.14205755,-0.07114327,0.98729855,0
2.2486088,0.6073916,-2.4051044,-0.14205755,0.07114327,-0.98729855,0
-1.0027392,2.8055446,1.1963183,0.26915848,0.96260852,0.030636311,0
2.807472,0.15615332,0.36882237,0.9525615,-0.26138765,-0.15589462,0
-0.23552352,-2.5433736,-1.5015517,-0.26915848,-0.96260852,-0.030636311,0
2.6719782,1.9481522,-1.0298333,0.26915848,0.96260852,0.030636311,0
2.2096891,1.3264234,-2.2419739,-0.14205755,0.07114327,-0.98729855,0
2.7355843,0.49159378,-0.18798125,0.9525615,-0.26138765,-0.15589462,0
1.368808,-2.9593043,0.38165855,-0.26915848,-0.96260852,-0.030636311,0
0.20163882,-2.7743998,1.8177047,-0.26915848,-0.96260852,-0.030636311,0
-0.75513232,-1.1001056,2.1551373,0.14205755,-0.07114327,0.98729855,0
1.5468202,-2.9080055,-0.59148741,-0.26915848,-0.96260852,-0.030636311,0
-1.3877592,2.9028382,0.67061281,0.26915848,0.96260852,0.030636311,0
1.3463149,-1.4454772,1.6859171,0.14205755,-0.07114327,0.98729855,0
-1.1676242,2.2733014,-1.744663,-0.14205755,0.07114327,-0.98729855,0
-2.8029621,-1.7065341,-1.1313505,-0.26915848,-0.96260852,-0.030636311,0
-0.6902023,-2.3167682,-1.6837081,-0.26915848,-0.96260852,-0.030636311,0
-2.249856,1.1034255,1.0056627,-0.9525615,0.26138765,0.15589462,0
-0.72552943,-0.87691259,-2.0727291,-0.14205755,0.07114327,-0.98729855,0
-1.7770257,1.8345349,2.5016453,0.14205755,-0.07114327,0.98729855,0
2.2875402,-1.0661304,0.21554297,0.9525615,-0.26138765,-0.15589462,0
-2.3577006,1.5715249,-0.88289917,-0.9525615,0.26138765,0.15589462,0
-0.78127146,2.7328367,2.2567592,0.26915848,0.96260852,0.030636311,0
-1.0666947,2.786226,2.4025013,0.14205755,-0.07114327,0.98729855,0
1.4520774,1.7646062,2.0025544,0.14205755,-0.07114327,0.98729855,0
2.1811416,-1.7113339,0.62698901,0.9525615,-0.26138765,-0.15589462,0
2.7971904,1.8235437,-1.701422,0.9525615,-0.26138765,-0.15589462,0
1.8897653,-2.0010753,-1.2751642,0.9525615,-0.26138765,-0.15589462,0
2.8699868,1.3237455,-0.31554472,0.9525615,-0.26138765,-0.15589462,0
2.4215882,0.31237036,-1.585777,0.9525615,-0.26138765,-0.15589462,0
2.5009143,1.8061259,1.3609443,0.26915848,0.96260852,0.030636311,0
1.2948012,-2.2292864,-2.4359295,-0.14205755,0.07114327,-0.98729855,0
0.88801277,-2.7872772,0.54042339,-0.26915848,-0.96260852,-0.030636311,0
-0.14482772,-0.75465274,-2.0066679,-0.14205755,0.07114327,-0.98729855,0
-3.0774817,-1.6996548,-0.98331177,-0.26915848,-0.96260852,-0.030636311,0
-1.9701748,1.4245205,1.5865127,-0.9525615,0.26138765,0.15589462,0
1.7861497,2.1467872,-1.0984755,0.26915848,0.96260852,0.030636311,0
-0.57999343,2.7530208,-0.76037955,0.26915848,0.96260852,0.030636311,0
-1.5952575,2.964613,-0.67101312,0.26915848,0.96260852,0.030636311,0
-1.626811,2.9562798,1.4922935,-0.9525615,0.26138765,0.15589462,0
2.7599967,0.90604424,1.6863649,0.14205755,-0.07114327,0.98729855,0
0.3295351,-1.6905131,-2.1256933,-0.14205755,0.07114327,-0.98729855,0
-1.2138231,-1.137115,-1.8983814,-0.14205755,0.07114327,-0.98729855,0
-2.7404099,0.65242636,-1.3236783,-0.9525615,0.26138765,0.15589462,0
-3.1445832,-1.0482737,-0.93389606,-0.9525615,0.26138765,0.15589462,0
-1.3998675,3.0063758,-1.1599417,0.26915848,0.96260852,0.030636311,0
0.46964031,0.89053607,1.935734,0.14205755,-0.07114327,0.98729855,0
-2.4792023,-1.8566759,0.37406015,-0.26915848,-0.96260852,-0.030636311,0
-0.49808589,1.13377,2.1567223,0.14205755,-0.07114327,0.98729855,0
-2.4350722,0.15088749,0.37497741,-0.9525615,0.26138765,0.15589462,0
-1.4999897,2.4479983,-1.5609179,-0.14205755,0.07114327,-0.98729855,0
-2.735826,-0.56471884,0.75004107,-0.9525615,0.26138765,0.15589462,0
1.7711997,-2.5264726,-1.3820856,0.9525615,-0.26138765,-0.15589462,0
2.304374,-0.86796045,-0.28061989,0.9525615,-0.26138765,-0.15589462,0
-2.292295,1.1721393,0.21244639,-0.9525615,0.26138765,0.15589462,0
2.831394,0.9834953,-0.43386817,0.9525615,-0.26138765,-0.15589462,0
-0.54713404,-2.531848,0.53617001,-0.26915848,-0.96260852,-0.030636311,0
3.088932,1.0943656,1.314747,0.9525615,-0.26138765,-0.15589462,0
0.37683785,-1.6912994,-2.2873299,-0.14205755,0.07114327,-0.98729855,0
1.0816034,-2.8290734,0.47272682,-0.26915848,-0.96260852,-0.030636311,0
0.32301936,-0.25370073,-2.1560447,-0.14205755,0.07114327,-0.98729855,0
2.1610126,-1.966373,1.5752274,0.14205755,-0.07114327,0.98729855,0
1.6681087,0.77795529,-2.2875915,-0.14205755,0.07114327,-0.98729855,0
0.096107662,-2.7230389,0.89108014,-0.26915848,-0.96260852,-0.030636311,0
0.11478859,-2.7289605,0.4397006,-0.26915848,-0.96260852,-0.030636311,0
2.3583124,-0.94982064,-0.67425489,0.9525615,-0.26138765,-0.15589462,0
0.2643581,-2.6329033,0.68339372,-0.26915848,-0.96260852,-0.030636311,0
-1.0092565,2.5054069,2.3201272,0.14205755,-0.07114327,0.98729855,0
2.1535385,-2.3195624,1.0596929,0.9525615,-0.26138765,-0.15589462,0
2.7490172,0.96034265,1.6504639,0.14205755,-0.07114327,0.98729855,0
1.0124562,-1.2442198,1.8312992,0.14205755,-0.07114327,0.98729855,0
2.856391,-0.32324088,1.4724228,0.9525615,-0.26138765,-0.15589462,0
-1.0836518,0.43852413,-1.9330879,-0.14205755,0.07114327,-0.98729855,0
1.7982545,1.9743199,0.66931748,0.26915848,0.96260852,0.030636311,0
1.9576337,-2.4175129,-0.47231865,0.9525615,-0.26138765,-0.15589462,0
-2.8535457,-0.96826655,-0.064881086,-0.9525615,0.26138765,0.15589462,0
-2.9249618,-1.7771672,0.32647538,-0.26915848,-0.96260852,-0.030636311,0
-2.4801133,-0.91853118,2.1702557,-0.9525615,0.26138765,0.15589462,0
-0.45593709,-0.10900211,-1.9353704,-0.14205755,0.07114327,-0.98729855,0
-0.32071948,2.668716,-0.88244772,0.26915848,0.96260852,0.030636311,0
-2.1575296,-2.0424609,-1.3383695,-0.26915848,-0.96260852,-0.030636311,0
1.6267136,-2.841218,-0.79494238,0.9525615,-0.26138765,-0.15589462,0
-0.81672895,-1.4811022,-2.077554,-0.14205755,0.07114327,-0.98729855,0
0.34683847,-2.604224,-0.32667851,-0.26915848,-0.96260852,-0.030636311,0
-1.9896722,0.77999926,-1.7430108,-0.14205755,0.07114327,-0.98729855,0
-0.69081438,-2.0918505,1.9680099,0.14205755,-0.07114327,0.98729855,0
-2.1710441,1.5964811,-1.6710259,-0.14205755,0.07114327,-0.98729855,0
-1.7903224,2.6829391,1.2003944,-0.9525615,0.26138765,0.15589462,0
-2.3881726,-2.0835412,2.1827042,-0.26915848,-0.96260852,-0.030636311,0
-2.5880096,-1.7697639,-1.5695372,-0.26915848,-0.96260852,-0.030636311,0
-0.68102312,2.833879,0.97808719,0.26915848,0.96260852,0.030636311,0
-2.7846091,-1.7509606,-1.0025328,-0.26915848,-0.96260852,-0.030636311,0
-0.23389393,-2.5076361,-2.1353235,-0.14205755,0.07114327,-0.98729855,0
-1.6478007,2.7287238,1.0977219,-0.9525615,0.26138765,0.15589462,0
1.9500439,1.9353197,1.8044045,0.26915848,0.96260852,0.030636311,0
-0.69557691,-2.3448555,1.8617473,0.14205755,-0.07114327,0.98729855,0
1.0010784,2.3597341,0.86807406,0.26915848,0.96260852,0.030636311,0
1.8977067,2.0313706,1.0961794,0.26915848,0.96260852,0.030636311,0
2.8796451,0.82355714,1.7099978,0.14205755,-0.07114327,0.98729855,0
-1.7767051,2.912905,-0.31709552,-0.9525615,0.26138765,0.15589462,0
2.5640473,1.9837639,-1.4629474,0.26915848,0.96260852,0.030636311,0
-2.0462644,-1.9732473,1.0819006,-0.26915848,-0.96260852,-0.030636311,0
-2.9796624,-0.70920646,-0.42341769,-0.9525615,0.26138765,0.15589462,0
0.48152751,-2.8283536,1.8070495,-0.26915848,-0.96260852,-0.030636311,0
2.1875505,2.0492077,-2.1178827,-0.14205755,0.07114327,-0.98729855,0
0.2292065,-2.4271924,1.7909203,0.14205755,-0.07114327,0.98729855,0
0.44597191,-2.7793629,0.35814667,-0.26915848,-0.96260852,-0.030636311,0
-1.0340319,2.6818247,2.2946777,0.14205755,-0.07114327,0.98729855,0
1.7674799,1.0580289,1.8386114,0.14205755,-0.07114327,0.98729855,0
-0.79937518,-2.2784233,-2.0508046,-0.14205755,0.07114327,-0.98729855,0
-0.77100432,-2.4500935,-0.12868428,-0.26915848,-0.96260852,-0.030636311,0
1.1613922,-0.69221473,-2.1722569,-0.14205755,0.07114327,-0.98729855,0
1.9453688,-0.42614627,-2.255363,-0.14205755,0.07114327,-0.98729855,0
1.6207374,0.43370271,-2.1617901,-0.14205755,0.07114327,-0.98729855,0
-0.23286611,1.0238458,-1.9911634,-0.14205755,0.07114327,-0.98729855,0
1.4249142,0.053026795,-2.2323093,-0.14205755,0.07114327,-0.98729855,0
1.9617844,-1.9175975,-0.2471683,0.9525615,-0.26138765,-0.15589462,0
1.8031644,2.0946286,0.12264609,0.26915848,0.96260852,0.030636311,0
-2.2263918,-1.8889184,-0.4954524,-0.26915848,-0.96260852,-0.030636311,0
0.4326556,-0.82433248,-2.0578008,-0.14205755,0.07114327,-0.98729855,0
-2.5128951,0.25815535,-1.6111517,-0.14205755,0.07114327,-0.98729855,0
1.8604888,-1.2691613,-1.9469621,0.9525615,-0.26138765,-0.15589462,0
0.62916601,-0.94500542,1.8798125,0.14205755,-0.07114327,0.98729855,0
-3.3271284,-1.469808,-1.2266169,-0.9525615,0.26138765,0.15589462,0
3.1860633,1.4717537,0.53885269,0.9525615,-0.26138765,-0.15589462,0
-1.7275908,2.8481896,1.0627066,-0.9525615,0.26138765,0.15589462,0
-1.6914754,-2.2693093,1.349704,-0.26915848,-0.96260852,-0.030636311,0
2.7416186,1.8935912,0.12991047,0.26915848,0.96260852,0.030636311,0
2.805114,0.22853076,1.0291184,0.9525615,-0.26138765,-0.15589462,0
-3.0233095,-1.7558799,-1.4711983,-0.26915848,-0.96260852,-0.030636311,0
-0.089566588,0.78284776,-1.9123851,-0.14205755,0.07114327,-0.98729855,0
-2.7143784,0.37895834,-1.512622,-0.14205755,0.07114327,-0.98729855,0
0.94886512,-1.6390901,-2.3186784,-0.14205755,0.07114327,-0.98729855,0
-2.6853766,-0.50640059,0.80570108,-0.9525615,0.26138765,0.15589462,0
2.1674068,-1.3816842,-0.62620234,0.9525615,-0.26138765,-0.15589462,0
-1.6136603,2.7732804,1.2256396,-0.9525615,0.26138765,0.15589462,0
1.6477772,2.0501447,1.0973579,0.26915848,0.96260852,0.030636311,0
-2.2781904,0.093350053,2.2920237,-0.9525615,0.26138765,0.15589462,0
0.65257072,0.015979886,-2.0342531,-0.14205755,0.07114327,-0.98729855,0
1.8653997,-2.1565173,-0.53878689,0.9525615,-0.26138765,-0.15589462,0
0.00061613321,-0.71819389,1.9140661,0.14205755,-0.07114327,0.98729855,0
2.0646183,-1.1038001,-1.2197416,0.9525615,-0.26138765,-0.15589462,0
-0.10355299,0.52366567,2.1039267,0.14205755,-0.07114327,0.98729855,0
1.2164412,-2.0608644,1.7315412,0.14205755,-0.07114327,0.98729855,0
2.458781,0.87088919,-1.8988981,0.9525615,-0.26138765,-0.15589462,0
-2.5105953,-0.79744571,1.9484012,-0.9525615,0.26138765,0.15589462,0
2.3691015,0.65269578,-2.1697292,0.9525615,-0.26138765,-0.15589462,0
-0.88793129,-0.097383976,2.2067246,0.14205755,-0.07114327,0.98729855,0
1.6728997,-2.830219,-1.6004543,0.9525615,-0.26138765,-0.15589462,0
-0.45337632,-1.1826835,1.9959096,0.14205755,-0.07114327,0.98729855,0
-2.8121727,-1.0852138,0.052847624,-0.9525615,0.26138765,0.15589462,0
0.14379823,-0.20500946,2.0119157,0.14205755,-0.07114327,0.98729855,0
-2.6649914,-1.8654447,-1.7241251,-0.26915848,-0.96260852,-0.030636311,0
-1.0455041,2.6866627,-1.7540209,-0.14205755,0.07114327,-0.98729855,0
2.4216044,-1.171953,0.7488324,0.9525615,-0.26138765,-0.15589462,0
-2.1762776,0.72763336,1.7705045,-0.9525615,0.26138765,0.15589462,0
-2.8459225,-1.4816201,1.424179,-0.9525615,0.26138765,0.15589462,0
-0.67595762,-0.84687662,-1.9900991,-0.14205755,0.07114327,-0.98729855,0
0.10264006,-2.5013003,-1.9326482,-0.26915848,-0.96260852,-0.030636311,0
1.8319881,-3.0337281,-0.13388824,0.9525615,-0.26138765,-0.15589462,0
0.78098691,2.4277279,-0.04497242,0.26915848,0.96260852,0.030636311,0
0.9618113,2.457583,-1.6283405,0.26915848,0.96260852,0.030636311,0
1.504293,-2.9370778,-0.038332939,-0.26915848,-0.96260852,-0.030636311,0
2.2689872,-2.314579,1.3147185,0.9525615,-0.26138765,-0.15589462,0
-2.1832595,1.9131161,-1.1337833,-0.9525615,0.26138765,0.15589462,0
-2.8646481,-1.2591193,1.198754,-0.9525615,0.26138765,0.15589462,0
1.5283618,0.6820538,-2.1920404,-0.14205755,0.07114327,-0.98729855,0
0.26182079,-2.5340767,-1.779268,-0.26915848,-0.96260852,-0.030636311,0
-0.09878093,2.369441,-1.8934443,-0.14205755,0.07114327,-0.98729855,0
-2.2827945,-1.9901636,-1.7525512,-0.26915848,-0.96260852,-0.030636311,0
-2.4523559,-0.23675871,1.7933953,-0.9525615,0.26138765,0.15589462,0
-1.8774595,-1.9935813,0.34701848,-0.26915848,-0.96260852,-0.030636311,0
-1.623163,-1.2778674,2.1357837,0.14205755,-0.07114327,0.98729855,0
0.32792825,-2.3328321,1.851191,0.14205755,-0.07114327,0.98729855,0
-0.982337,-2.3407495,-0.37587976,-0.26915848,-0.96260852,-0.030636311,0
1.6356562,-0.4107641,1.6639597,0.14205755,-0.07114327,0.98729855,0
2.472018,-1.4055092,1.3849143,0.9525615,-0.26138765,-0.15589462,0
1.4206131,2.1382546,-0.18740177,0.26915848,0.96260852,0.030636311,0
2.7611787,-0.44203889,1.1227624,0.9525615,-0.26138765,-0.15589462,0
-1.0492539,-0.11762881,2.2545638,0.14205755,-0.07114327,0.98729855,0
-2.7814088,-0.94419491,0.52869844,-0.9525615,0.26138765,0.15589462,0
1.26204,-1.8935232,1.6700885,0.14205755,-0.07114327,0.98729855,0
2.7086518,1.7372029,0.51243067,0.26915848,0.96260852,0.030636311,0
-2.893178,-0.66937459,-0.70517552,-0.9525615,0.26138765,0.15589462,0
-2.7710791,0.18886209,-1.0507977,-0.9525615,0.26138765,0.15589462,0
-1.799221,2.5864763,1.0740352,-0.9525615,0.26138765,0.15589462,0
-2.7098894,-0.1444304,-0.73503053,-0.9525615,0.26138765,0.15589462,0
0.56034321,-2.7345524,1.2092659,-0.26915848,-0.96260852,-0.030636311,0
-0.39408869,2.6818821,0.24335718,0.26915848,0.96260852,0.030636311,0
0.42704207,-1.1486435,-2.252182,-0.14205755,0.07114327,-0.98729855,0
-0.34380892,-2.4979382,1.8019302,-0.26915848,-0.96260852,-0.030636311,0
1.6179309,-0.031560421,1.813026,0.14205755,-0.07114327,0.98729855,0
-0.45646542,-2.4213333,1.5910869,-0.26915848,-0.96260852,-0.030636311,0
-0.43484396,-2.3959486,-0.80285263,-0.26915848,-0.96260852,-0.030636311,0
-2.9685299,-1.4861177,0.62753832,-0.9525615,0.26138765,0.15589462,0
1.6242948,2.1903031,0.13222814,0.26915848,0.96260852,0.030636311,0
-1.5233228,-2.1363168,-1.8625622,-0.26915848,-0.96260852,-0.030636311,0
-0.89978778,2.3673205,-1.7108037,-0.14205755,0.07114327,-0.98729855,0
-2.525893,-0.76296329,-1.7951453,-0.14205755,0.07114327,-0.98729855,0
-1.8084834,1.9666744,1.1570313,-0.9525615,0.26138765,0.15589462,0
0.58332121,-1.5800955,1.770786,0.14205755,-0.07114327,0.98729855,0
-1.488233,2.9471953,1.4214847,0.26915848,0.96260852,0.030636311,0
1.6074649,2.1195111,1.2982516,0.26915848,0.96260852,0.030636311,0
-0.65003473,-0.0085568428,-2.0029533,-0.14205755,0.07114327,-0.98729855,0
-2.4551983,1.4319057,-1.2276088,-0.9525615,0.26138765,0.15589462,0
-1.5073751,2.8332696,2.4107637,-0.9525615,0.26138765,0.15589462,0
-1.9352679,-2.0197833,-0.94792819,-0.26915848,-0.96260852,-0.030636311,0
-1.0950215,-2.1749887,-1.426029,-0.26915848,-0.96260852,-0.030636311,0
0.12754649,-2.6892512,0.11949825,-0.26915848,-0.96260852,-0.030636311,0
0.00071290135,2.4635091,1.6829042,0.26915848,0.96260852,0.030636311,0
-0.73380315,2.7696276,1.8061604,0.26915848,0.96260852,0.030636311,0
-2.7646947,-0.0065517426,-1.6523805,-0.14205755,0.07114327,-0.98729855,0
2.7754323,1.2448629,-0.9870429,0.9525615,-0.26138765,-0.15589462,0
0.44467407,2.3655951,0.96959186,0.26915848,0.96260852,0.030636311,0
1.5755436,2.1238396,-1.3875003,0.26915848,0.96260852,0.030636311,0
-1.6079197,2.8085978,1.5074751,-0.9525615,0.26138765,0.15589462,0
0.58633184,-0.091166973,1.898479,0.14205755,-0.07114327,0.98729855,0
0.96015841,1.2969849,2.065623,0.14205755,-0.07114327,0.98729855,0
0.52369714,2.4951892,1.3980092,0.26915848,0.96260852,0.030636311,0
-2.8724797,-0.6973784,0.036010325,-0.9525615,0.26138765,0.15589462,0
0.45683184,-2.6043978,-1.7506645,-0.26915848,-0.96260852,-0.030636311,0
-0.84162998,2.8795118,1.3589284,0.26915848,0.96260852,0.030636311,0
2.3635094,-1.3395696,1.2269264,0.9525615,-0.26138765,-0.15589462,0
1.9459417,1.9850924,1.8784425,0.26915848,0.96260852,0.030636311,0
2.8307536,1.8289623,1.5694993,0.26915848,0.96260852,0.030636311,0
-2.3485534,-1.5163386,-1.8383297,-0.14205755,0.07114327,-0.98729855,0
0.99032956,-2.7671003,-0.68849945,-0.26915848,-0.96260852,-0.030636311,0
2.0087738,1.9523888,1.9346918,0.14205755,-0.07114327,0.98729855,0
2.8907104,1.6863451,-1.5032631,0.9525615,-0.26138765,-0.15589462,0
-2.7086177,-0.95768344,1.4130918,-0.9525615,0.26138765,0.15589462,0
-1.8023295,-2.0272803,-1.4121435,-0.26915848,-0.96260852,-0.030636311,0
-1.8354026,1.8388412,1.1447433,-0.9525615,0.26138765,0.15589462,0
-2.7780454,-1.1493073,1.5456318,-0.9525615,0.26138765,0.15589462,0
0.67867297,-1.8562963,-2.249599,-0.14205755,0.07114327,-0.98729855,0
3.0662098,1.437126,0.83775008,0.9525615,-0.26138765,-0.15589462,0
-1.0872743,-2.1777258,-1.1301724,-0.26915848,-0.96260852,-0.030636311,0
1.9439809,-2.0582032,-1.0217955,0.9525615,-0.26138765,-0.15589462,0
1.8312873,-2.4984779,-0.9465332,0.9525615,-0.26138765,-0.15589462,0
0.82391226,-1.2353001,-2.2984402,-0.14205755,0.07114327,-0.98729855,0
0.068696856,2.3682294,-1.8611882,-0.14205755,0.07114327,-0.98729855,0
-2.4587114,0.24947007,0.42831606,-0.9525615,0.26138765,0.15589462,0
-1.930865,-0.71135628,2.321094,0.14205755,-0.07114327,0.98729855,0
2.5441985,-0.53386277,0.42914516,0.9525615,-0.26138765,-0.15589462,0
0.763156,-1.2408946,-2.3251622,-0.14205755,0.07114327,-0.98729855,0
-0.82782978,-2.4085338,-0.87300682,-0.26915848,-0.96260852,-0.030636311,0
-1.0928833,-2.3626637,-0.70940578,-0.26915848,-0.96260852,-0.030636311,0
1.9137964,2.0453453,-1.9912446,0.26915848,0.96260852,0.030636311,0
-2.1363354,0.13170362,2.3390133,0.14205755,-0.07114327,0.98729855,0
1.6222854,-2.2743282,1.728246,0.14205755,-0.07114327,0.98729855,0
2.5623353,0.22326583,-0.85434055,0.9525615,-0.26138765,-0.15589462,0
-1.3376077,-1.2537477,-1.9216303,-0.14205755,0.07114327,-0.98729855,0
-2.6667237,-1.8059828,1.1054635,-0.26915848,-0.96260852,-0.030636311,0
0.94867623,1.7884755,-2.0428584,-0.14205755,0.07114327,-0.98729855,0
-1.4841369,0.48228788,2.2777045,0.14205755,-0.07114327,0.98729855,0
2.038765,-2.3221879,0.62218809,0.9525615,-0.26138765,-0.15589462,0
-2.8924932,-1.7535586,1.3952528,-0.9525615,0.26138765,0.15589462,0
2.0738609,-0.79489326,-1.4390237,0.9525615,-0.26138765,-0.15589462,0
1.4290507,2.0977056,0.086359739,0.26915848,0.96260852,0.030636311,0
2.6898172,1.3291245,-1.6152201,0.9525615,-0.26138765,-0.15589462,0
-1.504311,0.95873451,-1.7457085,-0.14205755,0.07114327,-0.98729855,0
-2.6340849,-1.779727,0.33861041,-0.26915848,-0.96260852,-0.030636311,0
-1.9658077,1.4835048,1.8330883,-0.9525615,0.26138765,0.15589462,0
-1.3141134,2.7745171,2.3718419,0.14205755,-0.07114327,0.98729855,0
-1.1899345,2.9930182,-1.229918,0.26915848,0.96260852,0.030636311,0
-2.5585556,0.31503034,-0.41738752,-0.9525615,0.26138765,0.15589462,0
-1.3525162,2.1569331,-1.695709,-0.14205755,0.07114327,-0.98729855,0
-1.5002251,0.28116536,2.2424455,0.14205755,-0.07114327,0.98729855,0
0.54191995,0.17238545,1.8919678,0.14205755,-0.07114327,0.98729855,0
2.1110997,-2.4076867,0.59991169,0.9525615,-0.26138765,-0.15589462,0
1.6297055,-1.101035,1.7186995,0.14205755,-0.07114327,0.98729855,0
-2.8036981,-1.7563956,0.92345512,-0.26915848,-0.96260852,-0.030636311,0
2.4353399,0.81314605,-2.0602944,0.9525615,-0.26138765,-0.15589462,0
-2.0050585,2.4408529,-0.88834977,-0.9525615,0.26138765,0.15589462,0
-1.8298824,2.6628575,0.37563181,-0.9525615,0.26138765,0.15589462,0
-0.18095601,2.5792735,-0.43458915,0.26915848,0.96260852,0.030636311,0
2.5668809,1.7462637,1.4644617,0.26915848,0.96260852,0.030636311,0
-1.2389033,-2.082366,-1.9857167,-0.14205755,0.07114327,-0.98729855,0
-2.5335565,-1.8880068,0.42078781,-0.26915848,-0.96260852,-0.030636311,0
1.8313212,2.1073532,1.5576662,0.26915848,0.96260852,0.030636311,0
-1.506655,2.9918621,0.43593669,0.26915848,0.96260852,0.030636311,0
2.5808344,-0.15811469,-0.46463224,0.9525615,-0.26138765,-0.15589462,0
2.7593069,1.885047,0.27453542,0.26915848,0.96260852,0.030636311,0
0.50366896,1.0571795,1.9712219,0.14205755,-0.07114327,0.98729855,0
-1.9219167,3.1250019,-0.44740057,-0.9525615,0.26138765,0.15589462,0
-1.8630416,1.5903561,-1.7114242,-0.14205755,0.07114327,-0.98729855,0
-2.2799349,1.6795076,-1.0085377,-0.9525615,0.26138765,0.15589462,0
1.6859918,0.17283082,1.7985154,0.14205755,-0.07114327,0.98729855,0
0.45551389,-2.8340058,0.61353397,-0.26915848,-0.96260852,-0.030636311,0
1.2834421,1.0953588,1.9695113,0.14205755,-0.07114327,0.98729855,0
-2.9026773,-0.34734964,-1.5398043,-0.9525615,0.26138765,0.15589462,0
-0.88154519,2.6689341,2.3971426,0.26915848,0.96260852,0.030636311,0
0.7665422,-2.7761436,0.57327008,-0.26915848,-0.96260852,-0.030636311,0
-3.1753776,-1.3213356,-1.4839925,-0.9525615,0.26138765,0.15589462,0
2.9695423,1.6361532,-1.1437908,0.9525615,-0.26138765,-0.15589462,0
-3.0026484,-0.56858742,-1.0064843,-0.9525615,0.26138765,0.15589462,0
2.1642265,-1.3775597,0.0068861246,0.9525615,-0.26138765,-0.15589462,0
1.4348387,-2.9634471,-1.4096199,-0.26915848,-0.96260852,-0.030636311,0
0.82427716,-2.8401752,-0.039725065,-0.26915848,-0.96260852,-0.030636311,0
1.7270988,-2.2727184,-1.5377127,0.9525615,-0.26138765,-0.15589462,0
1.5073776,2.155338,0.34947753,0.26915848,0.96260852,0.030636311,0
3.0399754,0.90770555,1.4851413,0.9525615,-0.26138765,-0.15589462,0
-2.1265152,-2.009409,0.8703537,-0.26915848,-0.96260852,-0.030636311,0
-3.0972633,-1.7528149,-0.84768224,-0.26915848,-0.96260852,-0.030636311,0
-1.025053,-2.292192,1.9593351,-0.26915848,-0.96260852,-0.030636311,0
2.8242726,1.7535825,0.8377986,0.26915848,0.96260852,0.030636311,0
-2.7009919,0.15144604,-0.2347486,-0.9525615,0.26138765,0.15589462,0
1.6693697,-2.2902241,-1.9506073,0.9525615,-0.26138765,-0.15589462,0
-1.2472574,-2.3548715,1.2817454,-0.26915848,-0.96260852,-0.030636311,0
3.0429242,0.66338146,1.1095459,0.9525615,-0.26138765,-0.15589462,0
-3.0750163,-1.0688677,-1.1283406,-0.9525615,0.26138765,0.15589462,0
-0.67179894,-2.3636072,-1.7735901,-0.26915848,-0.96260852,-0.030636311,0
2.1555989,-1.3772382,-0.44563967,0.9525615,-0.26138765,-0.15589462,0
0.94747514,-2.8731782,1.6184435,-0.26915848,-0.96260852,-0.030636311,0
-0.28974932,-2.4637051,-1.4253058,-0.26915848,-0.96260852,-0.030636311,0
-0.27011746,2.7221594,0.69897437,0.26915848,0.96260852,0.030636311,0
-2.147686,-1.9917114,0.84322119,-0.26915848,-0.96260852,-0.030636311,0
1.3573041,2.1291671,1.1422949,0.26915848,0.96260852,0.030636311,0
2.1537974,-0.78832459,-1.4706278,0.9525615,-0.26138765,-0.15589462,0
-1.2361469,2.8299615,-1.7043488,-0.14205755,0.07114327,-0.98729855,0
-1.9232128,-0.47219253,-1.871851,-0.14205755,0.07114327,-0.98729855,0
-2.6074951,-0.73556387,0.90980643,-0.9525615,0.26138765,0.15589462,0
-0.46307266,-2.4305141,-0.55366945,-0.26915848,-0.96260852,-0.030636311,0
2.4446239,1.8135822,0.32396328,0.26915848,0.96260852,0.030636311,0
-3.0116544,-1.6699278,-1.2762059,-0.26915848,-0.96260852,-0.030636311,0
-2.3726354,0.74761486,-0.18177903,-0.9525615,0.26138765,0.15589462,0
2.7271852,0.81075877,-0.38699722,0.9525615,-0.26138765,-0.15589462,0
-1.7880105,2.8092468,0.49823093,-0.9525615,0.26138765,0.15589462,0
-2.2944667,1.546231,-0.54348683,-0.9525615,0.26138765,0.15589462,0
-1.7780082,-2.1581492,0.89318871,-0.26915848,-0.96260852,-0.030636311,0
-2.7219882,-1.7489884,-1.8274235,-0.26915848,-0.96260852,-0.030636311,0
-0.40939891,-1.7360272,2.0003331,0.14205755,-0.07114327,0.98729855,0
1.1407571,-1.3207586,1.6964633,0.14205755,-0.07114327,0.98729855,0
2.6521223,-0.45730042,1.6030171,0.14205755,-0.07114327,0.98729855,0
1.8313622,0.89932358,-2.2535133,-0.14205755,0.07114327,-0.98729855,0
-2.4475858,1.4226454,-1.0545229,-0.9525615,0.26138765,0.15589462,0
-2.197572,-1.1192608,-1.8510334,-0.14205755,0.07114327,-0.98729855,0
-1.974102,1.6942623,1.2582343,-0.9525615,0.26138765,0.15589462,0
-2.4649284,1.0612087,-0.2382049,-0.9525615,0.26138765,0.15589462,0
0.21704847,-2.5969546,0.71899867,-0.26915848,-0.96260852,-0.030636311,0
2.8938527,0.56319082,0.16619122,0.9525615,-0.26138765,-0.15589462,0
-2.8176148,-0.78825057,0.61166525,-0.9525615,0.26138765,0.15589462,0
2.3425162,-1.824265,0.75384653,0.9525615,-0.26138765,-0.15589462,0
2.2197347,2.0928044,-0.6566081,0.26915848,0.96260852,0.030636311,0
-2.3978851,-0.34741366,2.0782888,-0.9525615,0.26138765,0.15589462,0
1.6411998,-1.2060699,1.7490346,0.14205755,-0.07114327,0.98729855,0
-2.1380959,2.6043243,-1.6007538,-0.14205755,0.07114327,-0.98729855,0
2.1025462,2.1158602,-1.8864119,0.26915848,0.96260852,0.030636311,0
-1.1803353,2.8646359,-1.1592891,0.26915848,0.96260852,0.030636311,0
1.5007306,2.1923375,1.570298,0.26915848,0.96260852,0.030636311,0
-2.9925032,-1.821866,0.51502776,-0.9525615,0.26138765,0.15589462,0
0.22956735,-2.7712417,0.8406384,-0.26915848,-0.96260852,-0.030636311,0
-2.1292448,-0.68668842,2.3812425,0.14205755,-0.07114327,0.98729855,0
1.5687625,-1.3521056,-2.390362,-0.14205755,0.07114327,-0.98729855,0
1.472059,2.24523,-0.85020733,0.26915848,0.96260852,0.030636311,0
1.9855525,-2.6324129,0.93009734,0.9525615,-0.26138765,-0.15589462,0
1.1999671,-3.01333,1.0811071,-0.26915848,-0.96260852,-0.030636311,0
1.3718143,-3.0564797,0.70166159,-0.26915848,-0.96260852,-0.030636311,0
1.3057616,2.3045034,0.89891469,0.26915848,0.96260852,0.030636311,0
2.2680423,-1.5920309,0.59145701,0.9525615,-0.26138765,-0.15589462,0
1.1097825,-2.9354393,-1.3709955,-0.26915848,-0.96260852,-0.030636311,0
1.7421112,-1.4991137,-2.3597441,-0.14205755,0.07114327,-0.98729855,0
-2.0885892,-2.0578713,1.5845072,-0.26915848,-0.96260852,-0.030636311,0
2.8465114,1.4058084,-1.2874246,0.9525615,-0.26138765,-0.15589462,0
1.0334325,-2.8170495,-0.39517736,-0.26915848,-0.96260852,-0.030636311,0
-2.1891568,2.6413741,-1.2891779,-0.9525615,0.26138765,0.15589462,0
1.1907322,1.2282772,1.9128214,0.14205755,-0.07114327,0.98729855,0
1.1469915,-2.9464822,1.4329441,-0.26915848,-0.96260852,-0.030636311,0
-2.0034399,-0.35134625,2.3507607,0.14205755,-0.07114327,0.98729855,0
0.79094577,0.9892571,2.0771804,0.14205755,-0.07114327,0.98729855,0
2.4998567,-1.1054332,0.92858052,0.9525615,-0.26138765,-0.15589462,0
-2.7553248,-1.2861413,1.9918429,-0.9525615,0.26138765,0.15589462,0
2.8500066,1.5340842,-1.541713,0.9525615,-0.26138765,-0.15589462,0
2.8853159,0.66488045,0.023932278,0.9525615,-0.26138765,-0.15589462,0
-1.2240869,-2.2771845,0.38453269,-0.26915848,-0.96260852,-0.030636311,0
-1.7674537,1.2915828,-1.6238533,-0.14205755,0.07114327,-0.98729855,0
-0.3181054,-2.5293717,-1.2544663,-0.26915848,-0.96260852,-0.030636311,0
-3.167856,-1.6316864,-0.1057713,-0.9525615,0.26138765,0.15589462,0
-2.1081176,1.9620154,-0.15232265,-0.9525615,0.26138765,0.15589462,0
2.6915267,0.73718232,-0.3647052,0.9525615,-0.26138765,-0.15589462,0
-2.8256536,-1.866582,2.3222053,0.14205755,-0.07114327,0.98729855,0
0.057702303,0.70869076,-2.0152245,-0.14205755,0.07114327,-0.98729855,0
-0.64048731,0.93232822,-1.8622799,-0.14205755,0.07114327,-0.98729855,0
2.2898638,1.9881854,1.4315543,0.26915848,0.96260852,0.030636311,0
2.3901951,-1.2262734,0.96152806,0.9525615,-0.26138765,-0.15589462,0
0.4988746,-0.38987207,-2.0749137,-0.14205755,0.07114327,-0.98729855,0
-1.0920696,2.9499221,1.3285825,0.26915848,0.96260852,0.030636311,0
-1.4781394,2.9024942,0.247015,0.26915848,0.96260852,0.030636311,0
-0.48245096,-1.3045533,2.0219922,0.14205755,-0.07114327,0.98729855,0
1.8571919,-3.0263152,0.15205193,0.9525615,-0.26138765,-0.15589462,0
-2.2956574,-0.2841996,2.070529,-0.9525615,0.26138765,0.15589462,0
2.4195113,1.9856869,-0.18542719,0.26915848,0.96260852,0.030636311,0
-2.3119733,1.8090553,-0.83381474,-0.9525615,0.26138765,0.15589462,0
1.3837274,2.2265203,-1.7059326,0.26915848,0.96260852,0.030636311,0
1.1119864,0.74848604,-2.1443615,-0.14205755,0.07114327,-0.98729855,0
1.7080216,1.3192978,1.8775214,0.14205755,-0.07114327,0.98729855,0
0.60187608,2.5764699,-1.8264065,0.26915848,0.96260852,0.030636311,0
-1.9896958,1.871047,-1.6327057,-0.14205755,0.07114327,-0.98729855,0
0.76000822,-0.92444658,1.8809118,0.14205755,-0.07114327,0.98729855,0
2.3246801,1.5673208,1.8808701,0.14205755,-0.07114327,0.98729855,0
3.0079346,0.69125199,1.451556,0.9525615,-0.26138765,-0.15589462,0
-1.8276896,1.8570905,1.7418133,-0.9525615,0.26138765,0.15589462,0
0.33167857,2.3939579,0.51211333,0.26915848,0.96260852,0.030636311,0
0.38810849,2.5337484,0.38411212,0.26915848,0.96260852,0.030636311,0
3.3558538,1.4802973,1.6855755,0.9525615,-0.26138765,-0.15589462,0
-2.2634525,-1.1596386,2.2382827,0.14205755,-0.07114327,0.98729855,0
2.7310238,-0.036997795,0.90178531,0.9525615,-0.26138765,-0.15589462,0
2.0046701,0.67244315,-2.2175751,-0.14205755,0.07114327,-0.98729855,0
0.5030995,2.4491887,-0.73066092,0.26915848,0.96260852,0.030636311,0
-2.6221097,0.010575384,0.37643293,-0.9525615,0.26138765,0.15589462,0
0.094997406,-0.83317161,2.0338173,0.14205755,-0.07114327,0.98729855,0
-2.8835459,-0.65621161,-1.6825631,-0.14205755,0.07114327,-0.98729855,0
-0.88752222,2.5111611,-1.6795411,-0.14205755,0.07114327,-0.98729855,0
-2.0295172,1.8864011,-1.6871428,-0.14205755,0.07114327,-0.98729855,0
