-0.26086402,-3.066591,0.60524797,0.10069245,-0.47074819,0.87650275,0
-2.012413,-3.2867069,-0.14633989,0.22414845,-0.84759748,-0.48097399,0
2.43887,2.6941781,-0.87532473,0.96933925,0.24489722,0.020170808,0
-0.33047888,-0.17781305,2.1764383,0.10069245,-0.47074819,0.87650275,0
1.5364195,-2.3789937,-0.12281898,0.22414845,-0.84759748,-0.48097399,0
1.8315473,3.2519178,0.21751189,-0.22414845,0.84759748,0.48097399,0
2.1525669,0.64766788,-2.1308119,-0.10069245,0.47074819,-0.87650275,0
0.19859219,1.6892445,2.2511396,-0.22414845,0.84759748,0.48097399,0
0.023823798,-0.38348722,-2.4787335,-0.10069245,0.47074819,-0.87650275,0
-0.096784115,-2.5024376,1.0444082,0.10069245,-0.47074819,0.87650275,0
2.2507422,3.3352144,0.20979691,0.96933925,0.24489722,0.020170808,0
2.1963148,-1.0426067,-2.19364,0.22414845,-0.84759748,-0.48097399,0
-0.89523423,-1.9886991,-2.198143,0.22414845,-0.84759748,-0.48097399,0
3.5551033,-1.4823722,-0.69749582,0.96933925,0.24489722,0.020170808,0
3.3699012,-1.486058,0.93437052,0.96933925,0.24489722,0.020170808,0
-2.099632,-1.3908033,-2.7597404,-0.10069245,0.47074819,-0.87650275,0
-2.0523417,-0.18733335,-2.080833,-0.10069245,0.47074819,-0.87650275,0
-1.1769121,0.53098953,2.7727923,0.10069245,-0.47074819,0.87650275,0
-0.3985076,1.6886152,1.9488469,-0.22414845,0.84759748,0.48097399,0
-3.1792974,1.6079482,0.7414192,-0.22414845,0.84759748,0.48097399,0
2.1262836,-0.81151903,-2.83164,0.22414845,-0.84759748,-0.48097399,0
0.21492904,0.90557468,-1.8823832,-0.10069245,0.47074819,-0.87650275,0
1.5800096,-1.8869997,0.99696851,0.10069245,-0.47074819,0.87650275,0
-2.6158164,1.6298294,-1.0093361,-0.10069245,0.47074819,-0.87650275,0
0.76938868,-2.092232,1.0989422,0.10069245,-0.47074819,0.87650275,0
-0.93868709,-2.3262796,-1.6684778,0.22414845,-0.84759748,-0.48097399,0
1.2957871,-1.4098979,-1.9319422,0.22414845,-0.84759748,-0.48097399,0
0.31494963,1.3546016,2.9009397,-0.22414845,0.84759748,0.48097399,0
-0.44689584,-3.3641186,0.4716239,0.10069245,-0.47074819,0.87650275,0
3.1338198,0.27608466,-0.70007181,0.96933925,0.24489722,0.020170808,0
0.97955728,-1.5456491,1.3375943,0.10069245,-0.47074819,0.87650275,0
-1.647159,2.5805433,-0.21399993,-0.22414845,0.84759748,0.48097399,0
2.9958887,-1.5070461,-1.2272706,0.22414845,-0.84759748,-0.48097399,0
1.2860317,-0.62888563,-2.7527404,-0.10069245,0.47074819,-0.87650275,0
1.3845271,0.37831926,2.3042827,0.10069245,-0.47074819,0.87650275,0
-2.3128939,-2.3450887,-2.093447,0.22414845,-0.84759748,-0.48097399,0
-3.2527099,0.30008554,1.0620996,-0.96933925,-0.24489722,-0.020170808,0
1.1540066,0.3763051,2.4523554,0.10069245,-0.47074819,0.87650275,0
2.3309259,2.6633549,0.33885217,0.96933925,0.24489722,0.020170808,0
1.3642006,2.6035273,1.4021316,-0.22414845,0.84759748,0.48097399,0
2.9506059,0.34738421,1.3565886,0.96933925,0.24489722,0.020170808,0
-2.7182622,-1.7822134,0.8062408,-0.96933925,-0.24489722,-0.020170808,0
2.9946389,-0.65829062,1.5218498,0.10069245,-0.47074819,0.87650275,0
-3.3622468,1.431613,-0.70467222,-0.96933925,-0.24489722,-0.020170808,0
-1.2063029,1.5068843,-1.3459343,-0.10069245,0.47074819,-0.87650275,0
0.25902271,-2.6465435,0.77995753,0.10069245,-0.47074819,0.87650275,0
-3.0093942,-0.15038502,2.5743339,0.10069245,-0.47074819,0.87650275,0
-2.5159805,-2.5662279,-0.41346693,-0.96933925,-0.24489722,-0.020170808,0
2.2449389,2.003988,-1.4094682,-0.10069245,0.47074819,-0.87650275,0
-1.6227391,-1.5906858,-2.9801798,-0.10069245,0.47074819,-0.87650275,0
1.3271999,2.9464905,0.59447002,-0.22414845,0.84759748,0.48097399,0
-0.62985528,0.53555369,-1.8529375,-0.10069245,0.47074819,-0.87650275,0
3.1351597,-0.0069621205,-2.1162777,0.96933925,0.24489722,0.020170808,0
-2.2967329,-3.3325987,0.37058735,-0.96933925,-0.24489722,-0.020170808,0
-0.77579379,-0.21556902,2.1768174,0.10069245,-0.47074819,0.87650275,0
2.4732401,2.4574327,0.38323545,0.96933925,0.24489722,0.020170808,0
3.2370734,-1.0711687,1.3711039,0.10069245,-0.47074819,0.87650275,0
-0.21755528,-2.70363,-0.65076673,0.22414845,-0.84759748,-0.48097399,0
3.3240089,-0.83143604,-0.9833442,0.96933925,0.24489722,0.020170808,0
-2.7301936,-1.8516319,0.62132859,-0.96933925,-0.24489722,-0.020170808,0
3.1037517,-0.11353165,-2.3026764,0.96933925,0.24489722,0.020170808,0
0.34078634,-1.4962656,-2.3558874,0.22414845,-0.84759748,-0.48097399,0
-1.5579516,-2.3014767,-2.0105219,0.22414845,-0.84759748,-0.48097399,0
-3.1852856,0.37087584,-1.2098,-0.96933925,-0.24489722,-0.020170808,0
-3.0357177,-0.41229129,-1.1670692,-0.96933925,-0.24489722,-0.020170808,0
3.0995178,-0.44629979,0.33782601,0.96933925,0.24489722,0.020170808,0
3.2677197,-0.7175439,-2.3752961,0.96933925,0.24489722,0.020170808,0
2.3246796,1.2095387,-1.9167551,-0.10069245,0.47074819,-0.87650275,0
0.1616838,-2.4379802,0.99085945,0.10069245,-0.47074819,0.87650275,0
-1.3413237,-1.6572654,-2.9970264,0.22414845,-0.84759748,-0.48097399,0
-1.199204,2.5299594,0.27932036,-0.22414845,0.84759748,0.48097399,0
2.2141187,-1.5568905,-1.3825265,0.22414845,-0.84759748,-0.48097399,0
2.4933617,-1.8643538,-0.65759605,0.22414845,-0.84759748,-0.48097399,0
-3.427088,1.5933442,0.90716767,-0.96933925,-0.24489722,-0.020170808,0
2.6351447,2.1168587,-1.129406,0.96933925,0.24489722,0.020170808,0
3.0352345,-0.062295556,-0.33755445,0.96933925,0.24489722,0.020170808,0
1.5916958,-1.3404653,-2.2862802,0.22414845,-0.84759748,-0.48097399,0
-2.7356467,1.0140507,2.0415125,-0.22414845,0.84759748,0.48097399,0
-2.9315405,-0.15087008,-1.3812103,-0.96933925,-0.24489722,-0.020170808,0
1.0475271,-2.2639041,1.0270462,0.10069245,-0.47074819,0.87650275,0
3.1994772,0.013773039,-1.7191896,0.96933925,0.24489722,0.020170808,0
2.3181157,2.6876457,0.35498118,0.96933925,0.24489722,0.020170808,0
3.094275,-0.2627306,0.46866584,0.96933925,0.24489722,0.020170808,0
1.0959864,0.56362069,-2.1288252,-0.10069245,0.47074819,-0.87650275,0
-1.6711965,2.4550052,0.0029059649,-0.22414845,0.84759748,0.48097399,0
2.4845028,2.2571182,0.21569085,0.96933925,0.24489722,0.020170808,0
-2.2619143,1.9292676,0.55687344,-0.22414845,0.84759748,0.48097399,0
2.5832922,1.7472976,0.38753462,0.96933925,0.24489722,0.020170808,0
-3.0922575,-0.31460238,0.081059217,-0.96933925,-0.24489722,-0.020170808,0
2.2745433,1.9554791,2.9361398,-0.22414845,0.84759748,0.48097399,0
-2.4540281,-2.1352193,-1.6211672,-0.96933925,-0.24489722,-0.020170808,0
0.57129812,-3.1159205,0.64341044,0.10069245,-0.47074819,0.87650275,0
-2.1134639,-3.4942927,-0.14703655,0.22414845,-0.84759748,-0.48097399,0
-0.25975442,-2.8824737,-0.05763936,0.22414845,-0.84759748,-0.48097399,0
-3.5915649,1.5630918,0.24014866,-0.96933925,-0.24489722,-0.020170808,0
-2.6401825,0.73866671,2.6850803,-0.22414845,0.84759748,0.48097399,0
0.90567946,2.0999565,2.0643883,-0.22414845,0.84759748,0.48097399,0
2.977772,-0.65299082,1.5601468,0.10069245,-0.47074819,0.87650275,0
1.4499562,-0.76383042,-2.9654837,-0.10069245,0.47074819,-0.87650275,0
-2.1946144,0.76694489,2.8607354,-0.22414845,0.84759748,0.48097399,0
2.172281,3.5916333,-0.60039997,-0.10069245,0.47074819,-0.87650275,0
-1.0806023,-1.844125,-2.5860925,0.22414845,-0.84759748,-0.48097399,0
-1.2731584,2.3787999,-0.97032112,-0.10069245,0.47074819,-0.87650275,0
-2.2022023,-2.1891856,-2.5119827,0.22414845,-0.84759748,-0.48097399,0
-3.2865281,2.2588389,-0.70277107,-0.10069245,0.47074819,-0.87650275,0
-2.3050702,-1.0443397,-2.6686225,-0.10069245,0.47074819,-0.87650275,0
-0.97247493,1.7334077,1.7461364,-0.22414845,0.84759748,0.48097399,0
3.2236176,-0.33805203,1.7506757,0.10069245,-0.47074819,0.87650275,0
1.9993432,1.0006013,2.7025211,0.10069245,-0.47074819,0.87650275,0
1.8215622,2.4244623,1.6563981,-0.22414845,0.84759748,0.48097399,0
1.3429534,-2.2136698,-0.7042585,0.22414845,-0.84759748,-0.48097399,0
3.0729351,0.16068614,-2.0133564,0.96933925,0.24489722,0.020170808,0
2.7038856,-1.6617119,-0.98466116,0.22414845,-0.84759748,-0.48097399,0
-2.0086794,-1.3713198,1.7431837,0.10069245,-0.47074819,0.87650275,0
2.5820334,1.8654537,0.82040453,0.96933925,0.24489722,0.020170808,0
1.6918908,-1.238358,1.3602805,0.10069245,-0.47074819,0.87650275,0
2.5402663,2.235707,0.0014338493,0.96933925,0.24489722,0.020170808,0
-2.4463363,-2.3459408,-2.0088503,0.22414845,-0.84759748,-0.48097399,0
-3.0555322,-0.23956013,2.5245714,-0.96933925,-0.24489722,-0.020170808,0
2.8281283,0.98118889,0.3905859,0.96933925,0.24489722,0.020170808,0
1.9258431,-0.357162,1.786449,0.10069245,-0.47074819,0.87650275,0
2.7574975,1.2424675,1.1508944,0.96933925,0.24489722,0.020170808,0
-0.97740316,-2.4198489,-1.2137048,0.22414845,-0.84759748,-0.48097399,0
-0.7302686,-0.209162,2.3414183,0.10069245,-0.47074819,0.87650275,0
2.7702057,0.8194828,1.3441844,0.96933925,0.24489722,0.020170808,0
-2.4962735,-2.2859812,-1.3557901,-0.96933925,-0.24489722,-0.020170808,0
-3.1808636,0.23543438,2.0636444,-0.96933925,-0.24489722,-0.020170808,0
-2.2008922,-1.1525843,-2.5529146,-0.10069245,0.47074819,-0.87650275,0
2.9935584,0.26596117,0.67460012,0.96933925,0.24489722,0.020170808,0
-3.2867389,2.1401091,-0.74440408,-0.10069245,0.47074819,-0.87650275,0
1.5732871,0.98120153,-1.8566775,-0.10069245,0.47074819,-0.87650275,0
-3.1024938,-0.14041948,-1.4605281,-0.96933925,-0.24489722,-0.020170808,0
-1.0927787,-0.32399321,-2.3696821,-0.10069245,0.47074819,-0.87650275,0
-3.1457047,0.51284814,-1.1566899,-0.96933925,-0.24489722,-0.020170808,0
1.026945,0.79045105,2.4782476,0.10069245,-0.47074819,0.87650275,0
0.61041385,-0.17149687,-2.3354855,-0.10069245,0.47074819,-0.87650275,0
-2.6346567,-1.998348,0.50532889,-0.96933925,-0.24489722,-0.020170808,0
0.48906416,0.5300777,2.4120374,0.10069245,-0.47074819,0.87650275,0
2.8097324,-1.2949233,-1.571089,0.22414845,-0.84759748,-0.48097399,0
-3.4385302,1.387641,0.63811171,-0.96933925,-0.24489722,-0.020170808,0
2.7972538,1.5137067,-0.86885428,0.96933925,0.24489722,0.020170808,0
-2.6397803,-1.5650364,1.1615291,-0.96933925,-0.24489722,-0.020170808,0
1.8811946,-2.0417948,-0.63851762,0.22414845,-0.84759748,-0.48097399,0
-0.73948526,-2.5745258,-0.84833837,0.22414845,-0.84759748,-0.48097399,0
-2.8711107,-0.98677564,-1.633131,-0.96933925,-0.24489722,-0.020170808,0
1.0395857,1.8216915,-1.4080008,-0.10069245,0.47074819,-0.87650275,0
1.3283353,-0.92324972,-2.8951802,0.22414845,-0.84759748,-0.48097399,0
-3.2910094,0.2873081,1.189747,-0.96933925,-0.24489722,-0.020170808,0
-0.40844494,-1.0995721,1.7626178,0.10069245,-0.47074819,0.87650275,0
3.2363377,-0.79321361,-1.5637147,0.96933925,0.24489722,0.020170808,0
0.48400187,1.9052827,2.186954,-0.22414845,0.84759748,0.48097399,0
-1.7050791,-2.921284,-0.75962973,0.22414845,-0.84759748,-0.48097399,0
-3.0941734,-0.23137188,-0.50710726,-0.96933925,-0.24489722,-0.020170808,0
0.9306035,0.29494929,2.245218,0.10069245,-0.47074819,0.87650275,0
-2.3891778,0.23758829,2.6308064,0.10069245,-0.47074819,0.87650275,0
0.57504845,2.355557,-1.0984551,-0.10069245,0.47074819,-0.87650275,0
2.7222664,1.9806991,-1.3096764,0.96933925,0.24489722,0.020170808,0
1.0398493,-2.9193447,0.69096589,0.10069245,-0.47074819,0.87650275,0
3.5189247,-1.3318977,0.65165794,0.96933925,0.24489722,0.020170808,0
-3.066709,0.092497826,-1.2696087,-0.96933925,-0.24489722,-0.020170808,0
-1.0988532,2.2085845,0.64886189,-0.22414845,0.84759748,0.48097399,0
-0.076673031,1.8236187,2.0258989,-0.22414845,0.84759748,0.48097399,0
3.3928123,-0.62178195,-2.459084,0.96933925,0.24489722,0.020170808,0
-1.582778,-3.3196733,0.60163522,0.10069245,-0.47074819,0.87650275,0
2.7172747,1.2298418,1.3446717,0.96933925,0.24489722,0.020170808,0
3.2939754,-2.05832,0.01134634,0.22414845,-0.84759748,-0.48097399,0
-2.1731741,-3.4129391,0.24737787,-0.96933925,-0.24489722,-0.020170808,0
-2.9118071,-0.37795186,-1.4074819,-0.96933925,-0.24489722,-0.020170808,0
2.0622768,0.51800072,-2.3469465,-0.10069245,0.47074819,-0.87650275,0
-0.18350446,-1.9212655,-1.7257061,0.22414845,-0.84759748,-0.48097399,0
-1.3361444,0.43208289,-1.8017273,-0.10069245,0.47074819,-0.87650275,0
2.6470072,1.7337341,-0.26998544,0.96933925,0.24489722,0.020170808,0
1.8498542,0.84705782,2.4929099,0.10069245,-0.47074819,0.87650275,0
2.0566144,-1.954214,-0.86211598,0.22414845,-0.84759748,-0.48097399,0
-1.3841807,2.6604621,-0.77485883,-0.10069245,0.47074819,-0.87650275,0
-2.3482337,-3.2330213,0.36668158,-0.96933925,-0.24489722,-0.020170808,0
1.71487,2.0693722,2.1978996,-0.22414845,0.84759748,0.48097399,0
-0.17347014,-0.43186474,-2.5866241,-0.10069245,0.47074819,-0.87650275,0
-2.7587848,-1.0450556,-0.3621757,-0.96933925,-0.24489722,-0.020170808,0
0.98930669,2.4855824,-0.99171948,-0.10069245,0.47074819,-0.87650275,0
1.1172231,0.35332584,2.3287799,0.10069245,-0.47074819,0.87650275,0
-1.6472895,-1.6436005,-2.8952699,-0.10069245,0.47074819,-0.87650275,0
0.85667813,0.15337396,2.355016,0.10069245,-0.47074819,0.87650275,0
-3.6042578,2.2316759,-0.53369641,-0.96933925,-0.24489722,-0.020170808,0
-3.4121504,1.3108654,1.1306347,-0.96933925,-0.24489722,-0.020170808,0
-2.2561173,-2.8542624,-0.89640737,-0.96933925,-0.24489722,-0.020170808,0
3.5112021,-2.0424209,-0.079858184,0.22414845,-0.84759748,-0.48097399,0
-3.4045165,1.6317055,-0.35510075,-0.96933925,-0.24489722,-0.020170808,0
-2.8769279,-0.61573887,-2.113549,-0.96933925,-0.24489722,-0.020170808,0
-0.047085881,1.5686027,-1.4294282,-0.10069245,0.47074819,-0.87650275,0
-3.2121379,0.57506782,1.7150875,-0.96933925,-0.24489722,-0.020170808,0
2.4897473,2.0258389,2.6285453,-0.22414845,0.84759748,0.48097399,0
1.2678504,-3.0031617,0.56151152,0.10069245,-0.47074819,0.87650275,0
-0.18277812,-0.45448089,-2.4063568,-0.10069245,0.47074819,-0.87650275,0
-3.1793051,0.093215466,-0.44468236,-0.96933925,-0.24489722,-0.020170808,0
-3.0378623,1.330851,1.5318794,-0.22414845,0.84759748,0.48097399,0
2.8422947,0.94496512,1.3083658,0.96933925,0.24489722,0.020170808,0
-2.3440547,-2.5357656,-1.3243234,-0.96933925,-0.24489722,-0.020170808,0
-1.7597072,-2.7192509,1.0783699,0.10069245,-0.47074819,0.87650275,0
-3.4427822,1.382405,-0.20167124,-0.96933925,-0.24489722,-0.020170808,0
2.747587,1.4102393,-1.239387,0.96933925,0.24489722,0.020170808,0
2.8393707,1.1118908,2.2524214,0.96933925,0.24489722,0.020170808,0
2.6359153,1.5353026,-1.1977232,0.96933925,0.24489722,0.020170808,0
-1.3880563,-0.20104837,-2.2802596,-0.10069245,0.47074819,-0.87650275,0
0.10443974,-2.8227332,-0.0072540045,0.22414845,-0.84759748,-0.48097399,0
-3.2792518,0.61514497,-1.559141,-0.96933925,-0.24489722,-0.020170808,0
2.4842451,1.6327339,-1.63234,-0.10069245,0.47074819,-0.87650275,0
1.2549006,1.5711906,-1.5685457,-0.10069245,0.47074819,-0.87650275,0
-0.026422739,-2.8020892,-0.14933717,0.22414845,-0.84759748,-0.48097399,0
-0.53388548,-2.9686043,-0.12506008,0.22414845,-0.84759748,-0.48097399,0
-1.9250778,0.48366284,-1.8633127,-0.10069245,0.47074819,-0.87650275,0
0.71065831,2.3096347,1.3890845,-0.22414845,0.84759748,0.48097399,0
2.615212,2.1884027,0.89118624,0.96933925,0.24489722,0.020170808,0
-1.5899789,-1.820416,-2.5788577,0.22414845,-0.84759748,-0.48097399,0
2.3854122,2.804708,1.1798522,0.96933925,0.24489722,0.020170808,0
-3.0934262,0.12644035,2.2710872,-0.96933925,-0.24489722,-0.020170808,0
3.0496137,0.21599925,0.37478018,0.96933925,0.24489722,0.020170808,0
3.1632199,-0.038672805,-0.10229897,0.96933925,0.24489722,0.020170808,0
-2.6446049,-1.8136293,-1.2776511,-0.96933925,-0.24489722,-0.020170808,0
-1.4729451,0.90460718,2.8479509,-0.22414845,0.84759748,0.48097399,0
2.1789987,2.0422955,2.4335518,-0.22414845,0.84759748,0.48097399,0
-0.88034332,0.86414766,-1.7186785,-0.10069245,0.47074819,-0.87650275,0
-0.63339829,1.9763035,1.3453745,-0.22414845,0.84759748,0.48097399,0
-0.15070295,-2.1299763,1.0906494,0.10069245,-0.47074819,0.87650275,0
-0.42428935,1.4329388,-1.5657945,-0.10069245,0.47074819,-0.87650275,0
2.2329748,1.3867445,2.6646066,0.10069245,-0.47074819,0.87650275,0
0.43884444,3.2202196,-0.169523,-0.22414845,0.84759748,0.48097399,0
1.5411786,-2.3352411,0.86344975,0.10069245,-0.47074819,0.87650275,0
1.2718325,1.5522327,-1.5457927,-0.10069245,0.47074819,-0.87650275,0
-1.731606,-1.9140158,1.389511,0.10069245,-0.47074819,0.87650275,0
-2.6787236,-0.93794012,-2.496644,-0.10069245,0.47074819,-0.87650275,0
2.1903822,3.2892826,-0.28628588,0.96933925,0.24489722,0.020170808,0
2.960592,0.5912292,1.0697422,0.96933925,0.24489722,0.020170808,0
-1.508271,-1.0695751,1.8693635,0.10069245,-0.47074819,0.87650275,0
1.8759856,1.6941175,2.8855071,0.10069245,-0.47074819,0.87650275,0
1.556371,2.7834508,1.0148361,-0.22414845,0.84759748,0.48097399,0
-0.40019965,-1.3728232,-2.9775839,-0.10069245,0.47074819,-0.87650275,0
1.4676777,-2.3268843,-0.33100703,0.22414845,-0.84759748,-0.48097399,0
-2.2021859,0.6876595,-1.5983616,-0.10069245,0.47074819,-0.87650275,0
0.97549874,1.1389899,-1.8575699,-0.10069245,0.47074819,-0.87650275,0
-2.6032176,-2.097549,0.59408116,-0.96933925,-0.24489722,-0.020170808,0
-0.15992665,-2.0890388,1.1518282,0.10069245,-0.47074819,0.87650275,0
-2.3320372,0.77382344,2.5567374,-0.22414845,0.84759748,0.48097399,0
-0.13620067,-2.9055388,-0.015213013,0.22414845,-0.84759748,-0.48097399,0
-2.1793799,-2.1291399,-2.5834134,0.22414845,-0.84759748,-0.48097399,0
-1.50861,-1.3815422,1.605037,0.10069245,-0.47074819,0.87650275,0
-2.00595,2.6271417,-0.27299157,-0.22414845,0.84759748,0.48097399,0
-3.2623134,0.95817804,-1.2632362,-0.96933925,-0.24489722,-0.020170808,0
2.2185354,0.96572912,-1.9410119,-0.10069245,0.47074819,-0.87650275,0
-0.73201752,2.4705894,0.52843559,-0.22414845,0.84759748,0.48097399,0
1.1178448,2.9357305,0.59544563,-0.22414845,0.84759748,0.48097399,0
0.86567974,1.5648375,2.9720752,0.10069245,-0.47074819,0.87650275,0
2.9916577,0.35777652,-0.7326858,0.96933925,0.24489722,0.020170808,0
2.6709967,2.0164704,-0.27703786,0.96933925,0.24489722,0.020170808,0
0.92735112,-2.2956629,0.89271796,0.10069245,-0.47074819,0.87650275,0
-1.9687154,-1.0446935,-2.6783662,-0.10069245,0.47074819,-0.87650275,0
1.9101567,-1.1066449,1.5183111,0.10069245,-0.47074819,0.87650275,0
2.741106,-2.2552269,0.68972802,0.10069245,-0.47074819,0.87650275,0
0.43374181,1.9512597,2.0737705,-0.22414845,0.84759748,0.48097399,0
2.763057,1.0013288,0.52599025,0.96933925,0.24489722,0.020170808,0
-1.3821003,0.51061869,2.7149124,0.10069245,-0.47074819,0.87650275,0
-0.77101564,2.8067849,-0.18172204,-0.22414845,0.84759748,0.48097399,0
1.5109713,1.5594389,2.9108143,0.10069245,-0.47074819,0.87650275,0
2.5895121,-1.253773,-1.8744049,0.22414845,-0.84759748,-0.48097399,0
-2.239959,-1.3601916,-2.7197001,-0.10069245,0.47074819,-0.87650275,0
-1.7171648,-3.6303387,0.46386337,0.10069245,-0.47074819,0.87650275,0
3.1018543,-0.11430442,-0.18518949,0.96933925,0.24489722,0.020170808,0
-2.7217038,-1.1113869,0.50518703,-0.96933925,-0.24489722,-0.020170808,0
2.5214186,1.9997964,-0.010226965,0.96933925,0.24489722,0.020170808,0
-1.0742813,-0.80719161,1.9446262,0.10069245,-0.47074819,0.87650275,0
0.26335096,2.556385,-0.90171421,-0.10069245,0.47074819,-0.87650275,0
0.82436991,3.3894882,-0.20286536,-0.22414845,0.84759748,0.48097399,0
2.6964915,-0.77562344,-2.5020952,0.22414845,-0.84759748,-0.48097399,0
2.0989685,-1.076288,-2.3766661,0.22414845,-0.84759748,-0.48097399,0
-3.0283897,-0.71416622,0.54918528,-0.96933925,-0.24489722,-0.020170808,0
2.5410156,-2.5066705,0.24622476,0.22414845,-0.84759748,-0.48097399,0
-2.9589822,1.602885,0.9221589,-0.22414845,0.84759748,0.48097399,0
-3.3388569,1.7241488,-0.97560906,-0.10069245,0.47074819,-0.87650275,0
-1.075069,1.3718383,2.2743542,-0.22414845,0.84759748,0.48097399,0
3.1140347,-0.17351836,-2.3636789,0.96933925,0.24489722,0.020170808,0
-0.88559222,-2.6694248,-0.91029,0.22414845,-0.84759748,-0.48097399,0
-2.6177161,-1.8031316,-2.2917047,-0.96933925,-0.24489722,-0.020170808,0
3.4112449,-1.0850444,0.24816895,0.96933925,0.24489722,0.020170808,0
2.6659925,1.7720916,-1.1528406,0.96933925,0.24489722,0.020170808,0
1.0561285,-2.3601196,-0.70205688,0.22414845,-0.84759748,-0.48097399,0
1.9920665,2.1950269,-1.2523322,-0.10069245,0.47074819,-0.87650275,0
2.6391654,2.0918715,0.72754025,0.96933925,0.24489722,0.020170808,0
-2.3784981,0.049883127,-1.9476216,-0.10069245,0.47074819,-0.87650275,0
2.5131412,2.2595978,0.89683962,0.96933925,0.24489722,0.020170808,0
2.3105218,3.3940921,-0.0014481544,0.96933925,0.24489722,0.020170808,0
0.49594975,-1.5462536,1.3108265,0.10069245,-0.47074819,0.87650275,0
-0.68545532,1.613549,-1.3057292,-0.10069245,0.47074819,-0.87650275,0
-0.32437298,0.53539467,-1.9997191,-0.10069245,0.47074819,-0.87650275,0
-3.2138386,0.37177932,-0.1068635,-0.96933925,-0.24489722,-0.020170808,0
-1.8054819,2.7408369,-0.70546812,-0.10069245,0.47074819,-0.87650275,0
0.92283797,2.3676116,1.4792041,-0.22414845,0.84759748,0.48097399,0
-0.63767111,-2.1426408,-1.6394162,0.22414845,-0.84759748,-0.48097399,0
3.4959753,-1.4269192,0.72771144,0.96933925,0.24489722,0.020170808,0
-0.51837623,0.38938737,2.5243924,0.10069245,-0.47074819,0.87650275,0
-2.8171751,0.20421338,2.8005958,0.10069245,-0.47074819,0.87650275,0
-2.5588446,-2.3120344,-0.60942364,-0.96933925,-0.24489722,-0.020170808,0
1.5353544,1.4089963,2.8302679,0.10069245,-0.47074819,0.87650275,0
3.0885842,-1.8556005,-0.65454382,0.22414845,-0.84759748,-0.48097399,0
-1.3148521,0.44942713,-1.792523,-0.10069245,0.47074819,-0.87650275,0
2.37378,-0.47344518,-2.7732778,-0.10069245,0.47074819,-0.87650275,0
-2.4661121,0.78351796,2.8092766,-0.22414845,0.84759748,0.48097399,0
-3.1061063,0.085359812,-1.0679765,-0.96933925,-0.24489722,-0.020170808,0
2.0490556,-0.97924823,-2.511817,0.22414845,-0.84759748,-0.48097399,0
1.4060292,1.0033712,2.7264891,0.10069245,-0.47074819,0.87650275,0
1.9111943,1.9087462,-1.3653924,-0.10069245,0.47074819,-0.87650275,0
-2.6777666,-1.4895623,0.58464408,-0.96933925,-0.24489722,-0.020170808,0
-0.63641238,-2.7525032,-0.53916168,0.22414845,-0.84759748,-0.48097399,0
-2.9698997,1.5277433,-1.070519,-0.10069245,0.47074819,-0.87650275,0
2.8235519,0.51392794,-2.3329806,-0.10069245,0.47074819,-0.87650275,0
1.6269035,0.26065707,2.196161,0.10069245,-0.47074819,0.87650275,0
-2.203263,1.9517013,0.64356405,-0.22414845,0.84759748,0.48097399,0
2.3362298,-1.3577082,-1.7835584,0.22414845,-0.84759748,-0.48097399,0
2.0564899,-1.4687757,-1.6032779,0.22414845,-0.84759748,-0.48097399,0
-1.7245336,2.6661789,-0.223093,-0.22414845,0.84759748,0.48097399,0
0.37343395,-1.4999132,-2.3175156,0.22414845,-0.84759748,-0.48097399,0
1.1593604,2.8373756,0.80564165,-0.22414845,0.84759748,0.48097399,0
-2.3856349,2.422277,-0.39006108,-0.22414845,0.84759748,0.48097399,0
-1.8982472,1.9264872,-1.010254,-0.10069245,0.47074819,-0.87650275,0
1.0599372,1.7746801,2.4299374,-0.22414845,0.84759748,0.48097399,0
2.5990996,1.575948,0.61043453,0.96933925,0.24489722,0.020170808,0
-3.3014131,0.89599144,-0.028209448,-0.96933925,-0.24489722,-0.020170808,0
2.8195291,1.3306077,0.20149326,0.96933925,0.24489722,0.020170808,0
2.6280098,1.4713997,-0.034862757,0.96933925,0.24489722,0.020170808,0
-2.4592948,-2.1622634,0.63959241,-0.96933925,-0.24489722,-0.020170808,0
2.7349312,1.1335549,-0.75904799,0.96933925,0.24489722,0.020170808,0
1.4552891,2.9695318,0.71756077,-0.22414845,0.84759748,0.48097399,0
2.8086531,0.29139876,-2.4260263,-0.10069245,0.47074819,-0.87650275,0
-1.0656186,-2.3821707,1.1515523,0.10069245,-0.47074819,0.87650275,0
-2.9413033,-0.49963331,-1.9490209,-0.96933925,-0.24489722,-0.020170808,0
2.8505628,1.4185666,-1.4408941,0.96933925,0.24489722,0.020170808,0
1.1551633,-2.3571563,-0.68032265,0.22414845,-0.84759748,-0.48097399,0
-2.8925228,-0.78965735,-1.910634,-0.96933925,-0.24489722,-0.020170808,0
-0.062669277,2.7267663,0.22767186,-0.22414845,0.84759748,0.48097399,0
3.2062044,-0.51411402,0.079149961,0.96933925,0.24489722,0.020170808,0
2.9328766,-1.9111981,0.96420467,0.10069245,-0.47074819,0.87650275,0
2.860024,1.1288317,-0.44670105,0.96933925,0.24489722,0.020170808,0
-3.6302705,2.2807474,-0.60750103,-0.10069245,0.47074819,-0.87650275,0
2.7773476,-1.2354643,1.3044516,0.10069245,-0.47074819,0.87650275,0
-1.3650064,-3.0038095,-0.53699875,0.22414845,-0.84759748,-0.48097399,0
3.2109067,-0.74333501,1.4940475,0.96933925,0.24489722,0.020170808,0
1.5290399,1.7655213,-1.4463856,-0.10069245,0.47074819,-0.87650275,0
2.8674045,1.0733222,0.56368327,0.96933925,0.24489722,0.020170808,0
3.049778,0.086905003,1.5960989,0.96933925,0.24489722,0.020170808,0
1.9587924,1.3847022,2.817688,0.10069245,-0.47074819,0.87650275,0
-1.3049256,1.5851851,1.7546878,-0.22414845,0.84759748,0.48097399,0
3.1900988,-0.22669625,-0.1413393,0.96933925,0.24489722,0.020170808,0
-2.922543,-1.0133362,0.91055918,-0.96933925,-0.24489722,-0.020170808,0
0.64260793,2.6845417,0.63418937,-0.22414845,0.84759748,0.48097399,0
-0.99638945,1.1716232,-1.4567673,-0.10069245,0.47074819,-0.87650275,0
-2.8724091,-1.1209825,1.2368853,-0.96933925,-0.24489722,-0.020170808,0
0.88278592,-0.19948316,2.1499124,0.10069245,-0.47074819,0.87650275,0
-2.3823087,-2.9557862,-0.23600388,-0.96933925,-0.24489722,-0.020170808,0
2.9299114,-0.088868141,1.845132,0.10069245,-0.47074819,0.87650275,0
2.3006818,-1.7264799,-0.90860415,0.22414845,-0.84759748,-0.48097399,0
-0.83873105,2.4018712,0.72537184,-0.22414845,0.84759748,0.48097399,0
-3.1821432,1.2671351,1.6184092,-0.22414845,0.84759748,0.48097399,0
-1.2881029,0.83879614,-1.7311081,-0.10069245,0.47074819,-0.87650275,0
-0.52284932,-3.3213854,0.24795651,0.22414845,-0.84759748,-0.48097399,0
0.41439605,-1.775053,-2.0533605,0.22414845,-0.84759748,-0.48097399,0
-2.2822926,1.3719034,1.704231,-0.22414845,0.84759748,0.48097399,0
3.1833866,-0.26052618,1.2572813,0.96933925,0.24489722,0.020170808,0
-1.4396113,-0.053068519,2.3965483,0.10069245,-0.47074819,0.87650275,0
-2.7108464,-0.66378242,2.1629856,0.10069245,-0.47074819,0.87650275,0
3.3828032,-2.2899342,0.21377909,0.22414845,-0.84759748,-0.48097399,0
2.7025611,0.34009254,-2.4465172,-0.10069245,0.47074819,-0.87650275,0
2.8850946,1.1186457,-0.14756513,0.96933925,0.24489722,0.020170808,0
0.74637139,-0.27684808,2.1429727,0.10069245,-0.47074819,0.87650275,0
3.0312159,-1.1190839,1.2649124,0.10069245,-0.47074819,0.87650275,0
1.6042587,2.3679175,1.905761,-0.22414845,0.84759748,0.48097399,0
-2.0542343,2.5423846,-0.29510364,-0.22414845,0.84759748,0.48097399,0
0.44537568,-2.4685869,0.83944452,0.10069245,-0.47074819,0.87650275,0
3.2917542,-0.58752376,-0.99872363,0.96933925,0.24489722,0.020170808,0
-2.8901176,-0.48579597,-1.7538741,-0.96933925,-0.24489722,-0.020170808,0
-3.1724272,0.024819195,2.3897121,-0.96933925,-0.24489722,-0.020170808,0
-2.3180885,-2.6789289,-0.27164984,-0.96933925,-0.24489722,-0.020170808,0
-1.3904021,-3.6602495,0.43907189,0.22414845,-0.84759748,-0.48097399,0
-2.3343165,-1.2098703,-2.7168899,-0.10069245,0.47074819,-0.87650275,0
-2.8868763,-1.1543225,1.1304126,-0.96933925,-0.24489722,-0.020170808,0
-2.5307903,-0.031169057,2.6141505,0.10069245,-0.47074819,0.87650275,0
1.887606,2.4379139,-1.1744425,-0.10069245,0.47074819,-0.87650275,0
-0.8947022,1.1975539,2.7477598,-0.22414845,0.84759748,0.48097399,0
1.8540262,-2.305038,-0.21352795,0.22414845,-0.84759748,-0.48097399,0
2.4899867,1.9392025,3.0107946,-0.22414845,0.84759748,0.48097399,0
-2.2976887,-3.232686,-0.019635677,-0.96933925,-0.24489722,-0.020170808,0
3.3258481,-0.93863368,0.78718328,0.96933925,0.24489722,0.020170808,0
1.387635,-2.0580714,-0.9420377,0.22414845,-0.84759748,-0.48097399,0
-3.1848109,1.2115932,-1.2332574,-0.10069245,0.47074819,-0.87650275,0
2.3455551,-1.071955,-2.3509235,0.22414845,-0.84759748,-0.48097399,0
-2.2061002,-2.102237,1.4423909,0.10069245,-0.47074819,0.87650275,0
-1.2231622,-1.1738575,-2.8303161,-0.10069245,0.47074819,-0.87650275,0
-0.16051197,2.7691123,0.17833018,-0.22414845,0.84759748,0.48097399,0
-2.564079,-1.8374155,-0.28370881,-0.96933925,-0.24489722,-0.020170808,0
1.171797,-1.9940108,1.1043332,0.10069245,-0.47074819,0.87650275,0
0.44712174,-1.3449292,-2.4558792,0.22414845,-0.84759748,-0.48097399,0
1.9946247,2.8655844,0.93038797,-0.22414845,0.84759748,0.48097399,0
0.57915771,-2.1054482,-1.0679307,0.22414845,-0.84759748,-0.48097399,0
-3.0044849,0.16259038,2.8005478,0.10069245,-0.47074819,0.87650275,0
-0.5836916,-3.1435828,0.039438248,0.22414845,-0.84759748,-0.48097399,0
2.4958375,1.9391596,0.6332953,0.96933925,0.24489722,0.020170808,0
2.7288961,1.3332709,-0.13285804,0.96933925,0.24489722,0.020170808,0
-2.438715,-2.3137612,-2.4232149,-0.96933925,-0.24489722,-0.020170808,0
-2.838284,-0.8422941,-0.36056852,-0.96933925,-0.24489722,-0.020170808,0
2.404552,-2.1989782,-0.34615475,0.22414845,-0.84759748,-0.48097399,0
0.26795796,-0.24578691,-2.3921578,-0.10069245,0.47074819,-0.87650275,0
1.9115379,0.051407814,-2.582834,-0.10069245,0.47074819,-0.87650275,0
0.37714761,-1.0021133,1.6997161,0.10069245,-0.47074819,0.87650275,0
2.5490677,-2.1613553,-0.29868844,0.22414845,-0.84759748,-0.48097399,0
2.3225265,2.7137265,1.1723225,0.96933925,0.24489722,0.020170808,0
2.5385222,2.2484369,1.3361292,0.96933925,0.24489722,0.020170808,0
2.2040107,-0.10559511,1.9600756,0.10069245,-0.47074819,0.87650275,0
-1.1882176,0.29744554,2.4716313,0.10069245,-0.47074819,0.87650275,0
-2.4573944,-0.80246651,2.0321646,0.10069245,-0.47074819,0.87650275,0
-2.4374213,0.065238714,2.5708241,0.10069245,-0.47074819,0.87650275,0
-2.324791,-3.1573496,0.24082184,-0.96933925,-0.24489722,-0.020170808,0
3.229681,-1.0770562,1.3683448,0.10069245,-0.47074819,0.87650275,0
-0.90849137,0.59964466,2.5988064,0.10069245,-0.47074819,0.87650275,0
-2.0310278,-2.8694029,-1.16484,0.22414845,-0.84759748,-0.48097399,0
-2.8866086,-0.70642018,-1.6824663,-0.96933925,-0.24489722,-0.020170808,0
2.6537364,1.8299006,0.41887283,0.96933925,0.24489722,0.020170808,0
-3.5567281,1.7212284,-0.68051112,-0.96933925,-0.24489722,-0.020170808,0
3.26263,-0.96595287,0.45658231,0.96933925,0.24489722,0.020170808,0
2.4124141,2.5674052,0.57115912,0.96933925,0.24489722,0.020170808,0
2.564132,1.8706263,-0.32119417,0.96933925,0.24489722,0.020170808,0
-2.6750033,-1.533478,-2.4260726,-0.96933925,-0.24489722,-0.020170808,0
-0.96219867,-1.17813,1.6704068,0.10069245,-0.47074819,0.87650275,0
1.570666,-1.2848383,-2.1343918,0.22414845,-0.84759748,-0.48097399,0
-1.1732968,-2.0724378,-2.1050303,0.22414845,-0.84759748,-0.48097399,0
-2.8750632,0.78651029,2.5136271,-0.22414845,0.84759748,0.48097399,0
-0.44119406,1.5176352,-1.3474493,-0.10069245,0.47074819,-0.87650275,0
-1.9622973,-1.9207429,1.4597828,0.10069245,-0.47074819,0.87650275,0
2.2156262,-0.51618409,-2.8582807,-0.10069245,0.47074819,-0.87650275,0
1.4147825,-1.9457753,-1.2488005,0.22414845,-0.84759748,-0.48097399,0
-3.1407661,0.30571964,1.8757464,-0.96933925,-0.24489722,-0.020170808,0
0.38499594,-1.9637588,1.0741338,0.10069245,-0.47074819,0.87650275,0
-2.7808931,0.74555081,2.4761252,-0.22414845,0.84759748,0.48097399,0
0.95721328,0.87791049,-1.8163567,-0.10069245,0.47074819,-0.87650275,0
-3.5402539,2.1300516,-0.27813125,-0.96933925,-0.24489722,-0.020170808,0
2.4712,2.2971046,-0.34025621,0.96933925,0.24489722,0.020170808,0
-2.7991669,-1.147313,-0.42584181,-0.96933925,-0.24489722,-0.020170808,0
0.16926873,1.202518,2.9563828,-0.22414845,0.84759748,0.48097399,0
0.83035845,-0.88848877,1.6995276,0.10069245,-0.47074819,0.87650275,0
-2.9192905,-0.42887115,-0.41247296,-0.96933925,-0.24489722,-0.020170808,0
-0.45953918,2.538269,-0.93378735,-0.10069245,0.47074819,-0.87650275,0
-1.8134407,1.909923,0.8352288,-0.22414845,0.84759748,0.48097399,0
-2.2507179,1.5567572,-1.2492349,-0.10069245,0.47074819,-0.87650275,0
2.7707131,1.3732754,-1.5346313,0.96933925,0.24489722,0.020170808,0
2.6127126,1.7075168,-1.4496741,0.96933925,0.24489722,0.020170808,0
-3.3617408,1.3581514,-0.96868503,-0.96933925,-0.24489722,-0.020170808,0
-1.1115062,0.091675758,2.3632255,0.10069245,-0.47074819,0.87650275,0
1.9336333,2.7854626,1.0359728,-0.22414845,0.84759748,0.48097399,0
-2.4243312,0.86241376,2.5373521,-0.22414845,0.84759748,0.48097399,0
-0.74321675,2.597074,0.4398855,-0.22414845,0.84759748,0.48097399,0
-0.91572523,3.0598624,-0.42215681,-0.22414845,0.84759748,0.48097399,0
-0.15555346,-1.4563659,-2.872647,0.22414845,-0.84759748,-0.48097399,0
2.693258,-1.3756305,-1.6497675,0.22414845,-0.84759748,-0.48097399,0
-2.7130322,-1.1030228,-1.504329,-0.96933925,-0.24489722,-0.020170808,0
0.27781948,0.039035797,2.2457595,0.10069245,-0.47074819,0.87650275,0
-2.9380741,-0.24310875,0.29078197,-0.96933925,-0.24489722,-0.020170808,0
2.9247127,0.93408686,-1.8476474,0.96933925,0.24489722,0.020170808,0
-3.1508741,-0.289404,1.2507308,-0.96933925,-0.24489722,-0.020170808,0
-1.8446617,2.2918546,0.17968027,-0.22414845,0.84759748,0.48097399,0
1.108012,2.9940622,0.48556042,-0.22414845,0.84759748,0.48097399,0
3.3424578,-0.97336626,1.1487434,0.96933925,0.24489722,0.020170808,0
3.3420506,-1.9046926,0.82078218,0.10069245,-0.47074819,0.87650275,0
-1.7164115,-2.3113019,-1.9602246,0.22414845,-0.84759748,-0.48097399,0
0.70872116,3.4207604,-0.40684128,-0.22414845,0.84759748,0.48097399,0
-2.5723059,-2.1312616,0.13331866,-0.96933925,-0.24489722,-0.020170808,0
-3.5135393,1.7271156,0.26870918,-0.96933925,-0.24489722,-0.020170808,0
3.1673286,-0.1989024,-1.5113769,0.96933925,0.24489722,0.020170808,0
-1.5420079,-2.0080576,-2.5138421,0.22414845,-0.84759748,-0.48097399,0
1.0498881,0.2140801,2.2948954,0.10069245,-0.47074819,0.87650275,0
-1.7259591,-2.5517604,1.0278351,0.10069245,-0.47074819,0.87650275,0
-2.4765415,-1.9844046,-2.6987727,0.22414845,-0.84759748,-0.48097399,0
-3.182445,0.37089038,-0.6091032,-0.96933925,-0.24489722,-0.020170808,0
-1.0407226,0.28034997,-2.0252094,-0.10069245,0.47074819,-0.87650275,0
-1.7286654,2.2165327,0.35053822,-0.22414845,0.84759748,0.48097399,0
-2.5506852,-1.6683922,-2.7595665,-0.96933925,-0.24489722,-0.020170808,0
0.99452573,1.2082937,2.7453876,0.10069245,-0.47074819,0.87650275,0
-0.27493525,-2.7145796,-0.51489305,0.22414845,-0.84759748,-0.48097399,0
3.4804053,-1.5041866,0.76233029,0.96933925,0.24489722,0.020170808,0
-0.35925722,-2.4070473,-1.2135708,0.22414845,-0.84759748,-0.48097399,0
-2.1806817,-2.2786112,-2.0055962,0.22414845,-0.84759748,-0.48097399,0
3.2796228,-0.52195549,-1.8076357,0.96933925,0.24489722,0.020170808,0
2.8706822,-2.3199711,0.23281687,0.22414845,-0.84759748,-0.48097399,0
2.6979272,1.5627773,0.4113791,0.96933925,0.24489722,0.020170808,0
-2.4537959,-1.7903054,-2.9210541,-0.10069245,0.47074819,-0.87650275,0
-0.73524159,-0.052937508,-2.1785431,-0.10069245,0.47074819,-0.87650275,0
-1.1701782,1.1655816,2.6915364,-0.22414845,0.84759748,0.48097399,0
1.9459255,-1.3768216,-2.0011139,0.22414845,-0.84759748,-0.48097399,0
3.107965,-0.41558075,1.1674993,0.96933925,0.24489722,0.020170808,0
-1.0935724,-2.6084247,-1.050142,0.22414845,-0.84759748,-0.48097399,0
1.4016349,3.0489762,0.5601685,-0.22414845,0.84759748,0.48097399,0
-2.1747355,2.240906,0.16518283,-0.22414845,0.84759748,0.48097399,0
0.11643356,0.50215864,2.4295962,0.10069245,-0.47074819,0.87650275,0
-1.863387,0.61683702,-1.765444,-0.10069245,0.47074819,-0.87650275,0
3.3231211,-0.61584663,0.18118811,0.96933925,0.24489722,0.020170808,0
0.98028588,-2.6036711,-0.33802813,0.22414845,-0.84759748,-0.48097399,0
-2.6698277,2.3198705,-0.15869927,-0.22414845,0.84759748,0.48097399,0
0.45337343,-2.6249959,-0.24504113,0.22414845,-0.84759748,-0.48097399,0
3.1592155,0.028137565,-2.4675984,0.96933925,0.24489722,0.020170808,0
2.527112,-0.90197933,-2.2663643,0.22414845,-0.84759748,-0.48097399,0
2.2474256,3.1604409,0.60094643,-0.22414845,0.84759748,0.48097399,0
-3.6237481,1.690589,0.030489922,-0.96933925,-0.24489722,-0.020170808,0
-1.6407628,-0.78703427,2.0708876,0.10069245,-0.47074819,0.87650275,0
-1.5038345,0.73122215,2.7931008,0.10069245,-0.47074819,0.87650275,0
3.1603768,0.15690446,-0.23537374,0.96933925,0.24489722,0.020170808,0
3.3723979,-1.0577266,-1.6380806,0.96933925,0.24489722,0.020170808,0
-0.65943325,-1.326844,-3.0048044,-0.10069245,0.47074819,-0.87650275,0
-1.0706022,0.23220944,-2.0061712,-0.10069245,0.47074819,-0.87650275,0
1.4805977,-1.2267592,-2.1482751,0.22414845,-0.84759748,-0.48097399,0
3.0716631,-0.17558879,-1.5764022,0.96933925,0.24489722,0.020170808,0
2.8932397,0.49687791,2.1759171,0.96933925,0.24489722,0.020170808,0
-1.4185101,2.3106713,0.46690255,-0.22414845,0.84759748,0.48097399,0
0.27360201,1.9634335,1.8777332,-0.22414845,0.84759748,0.48097399,0
2.6750968,1.3646058,-1.0647306,0.96933925,0.24489722,0.020170808,0
-0.91664171,-3.3407423,0.10719538,0.22414845,-0.84759748,-0.48097399,0
1.8700075,2.4686878,1.5784023,-0.22414845,0.84759748,0.48097399,0
2.923939,-1.6245859,-0.8109526,0.22414845,-0.84759748,-0.48097399,0
3.3601594,-1.4708326,0.17988145,0.96933925,0.24489722,0.020170808,0
-0.18753386,0.76394582,2.6403372,0.10069245,-0.47074819,0.87650275,0
-2.4201903,-2.85077,0.71218634,-0.96933925,-0.24489722,-0.020170808,0
1.9018449,-0.82296848,1.5966747,0.10069245,-0.47074819,0.87650275,0
-1.2033525,1.0881717,2.5651395,-0.22414845,0.84759748,0.48097399,0
-0.65294981,-0.76633787,-2.7178071,-0.10069245,0.47074819,-0.87650275,0
2.5070853,2.5575202,-0.68104625,0.96933925,0.24489722,0.020170808,0
-2.6456876,-1.8142569,-2.5616648,-0.96933925,-0.24489722,-0.020170808,0
0.37109232,1.6078136,2.6936822,-0.22414845,0.84759748,0.48097399,0
-2.7820318,-1.3498429,0.16787648,-0.96933925,-0.24489722,-0.020170808,0
-0.14927948,1.4117925,-1.5758498,-0.10069245,0.47074819,-0.87650275,0
-0.94556737,-3.280992,0.57073116,0.10069245,-0.47074819,0.87650275,0
0.38251209,2.1713827,1.4898881,-0.22414845,0.84759748,0.48097399,0
-2.6806512,-1.2235008,-1.2062027,-0.96933925,-0.24489722,-0.020170808,0
3.5672586,-1.5460489,-0.321962,0.96933925,0.24489722,0.020170808,0
0.082321882,-1.7322254,-2.0114775,0.22414845,-0.84759748,-0.48097399,0
-2.831768,-1.4740584,0.61005569,-0.96933925,-0.24489722,-0.020170808,0
-0.5350157,1.5350088,-1.2843311,-0.10069245,0.47074819,-0.87650275,0
3.1841142,-1.218629,-1.375808,0.22414845,-0.84759748,-0.48097399,0
-1.1088812,-3.2263579,-0.17134786,0.22414845,-0.84759748,-0.48097399,0
-2.4301577,-2.4535718,0.35628152,-0.96933925,-0.24489722,-0.020170808,0
-1.1321814,-3.1415322,0.016033173,0.22414845,-0.84759748,-0.48097399,0
-3.3594105,1.5078114,0.97172415,-0.22414845,0.84759748,0.48097399,0
0.10058928,2.1607556,1.2814071,-0.22414845,0.84759748,0.48097399,0
0.96145451,-1.7610303,1.2401004,0.10069245,-0.47074819,0.87650275,0
2.3023248,-0.63615179,1.5791392,0.10069245,-0.47074819,0.87650275,0
-3.2230239,0.62942529,-1.3822879,-0.96933925,-0.24489722,-0.020170808,0
2.8739934,0.54161,1.9878318,0.96933925,0.24489722,0.020170808,0
1.0348656,2.0533876,1.9002559,-0.22414845,0.84759748,0.48097399,0
-3.0302935,0.038829803,0.53807759,-0.96933925,-0.24489722,-0.020170808,0
-0.054619551,-3.0989552,0.24815893,0.22414845,-0.84759748,-0.48097399,0
3.3010678,-0.5548774,-2.5478516,0.96933925,0.24489722,0.020170808,0
3.0075636,0.16075754,0.92763782,0.96933925,0.24489722,0.020170808,0
-2.9816046,-0.70847857,-0.82027674,-0.96933925,-0.24489722,-0.020170808,0
1.5379691,1.6673121,3.0171895,-0.22414845,0.84759748,0.48097399,0
2.7117379,1.151437,2.2123022,0.96933925,0.24489722,0.020170808,0
-1.530619,1.1156034,-1.5969425,-0.10069245,0.47074819,-0.87650275,0
-3.2115135,0.71349669,-0.70973408,-0.96933925,-0.24489722,-0.020170808,0
-2.4107301,1.3417723,-1.3097451,-0.10069245,0.47074819,-0.87650275,0
0.75750172,2.2750702,-1.108097,-0.10069245,0.47074819,-0.87650275,0
0.21431565,0.71281624,2.5878465,0.10069245,-0.47074819,0.87650275,0
0.23931015,-1.4344158,-2.5575645,0.22414845,-0.84759748,-0.48097399,0
-2.9417443,-0.69505072,1.9889722,-0.96933925,-0.24489722,-0.020170808,0
-1.3851284,0.30546272,2.5393364,0.10069245,-0.47074819,0.87650275,0
1.2381811,-1.2183819,-2.2865977,0.22414845,-0.84759748,-0.48097399,0
1.5662224,1.3223947,-1.7340292,-0.10069245,0.47074819,-0.87650275,0
-0.7094996,1.3778305,-1.3758391,-0.10069245,0.47074819,-0.87650275,0
-2.6701818,2.4795735,-0.60143214,-0.22414845,0.84759748,0.48097399,0
-2.5039144,-2.3026657,-1.4729447,-0.96933925,-0.24489722,-0.020170808,0
2.6717618,1.8238707,1.9008238,0.96933925,0.24489722,0.020170808,0
-0.96966803,1.0176671,-1.706733,-0.10069245,0.47074819,-0.87650275,0
3.4997277,-1.4891942,-0.87396789,0.96933925,0.24489722,0.020170808,0
0.6153909,-1.7240944,-1.748601,0.22414845,-0.84759748,-0.48097399,0
3.2630715,-0.4062717,0.59136057,0.96933925,0.24489722,0.020170808,0
3.2426529,-0.38008934,-1.7389233,0.96933925,0.24489722,0.020170808,0
2.4507837,1.9385617,2.4795609,0.96933925,0.24489722,0.020170808,0
-3.1410298,0.1023258,2.6894691,-0.96933925,-0.24489722,-0.020170808,0
