-2.0263703,-1.9668829,3.5232949,-0.20395613,-0.97726077,0.057994217,0
1.6052856,-3.0774798,-3.04057,-0.20395613,-0.97726077,0.057994217,0
0.86831474,2.661212,3.6323569,0.20395613,0.97726077,-0.057994217,0
-2.3829033,1.6807871,3.2632971,-0.34979677,0.12807587,0.92802966,0
2.6107714,-0.31997114,-3.2860293,0.34979677,-0.12807587,-0.92802966,0
0.28243196,0.060699701,4.3105783,-0.34979677,0.12807587,0.92802966,0
-1.3707603,2.9331789,1.2698616,0.20395613,0.97726077,-0.057994217,0
-1.7102258,2.1477103,3.420634,-0.34979677,0.12807587,0.92802966,0
-0.22022724,2.4976561,-1.0544777,0.20395613,0.97726077,-0.057994217,0
-2.5744662,-1.395895,3.5674958,-0.34979677,0.12807587,0.92802966,0
2.3715448,-3.1261039,-1.7901874,0.9143545,-0.16899109,0.36796451,0
-0.25186849,-2.7647934,-3.3907719,-0.20395613,-0.97726077,0.057994217,0
1.0564378,-2.7856717,-3.5908632,0.34979677,-0.12807587,-0.92802966,0
0.88474178,-1.7578819,-3.7533896,0.34979677,-0.12807587,-0.92802966,0
1.5122674,0.45575884,-3.7473574,0.34979677,-0.12807587,-0.92802966,0
2.0735867,-2.2553434,-3.2262986,0.34979677,-0.12807587,-0.92802966,0
-2.8627255,-1.6413153,0.79113865,-0.9143545,0.16899109,-0.36796451,0
1.8668761,2.1297493,0.55231231,0.20395613,0.97726077,-0.057994217,0
0.66550356,0.12492204,3.8921261,0.9143545,-0.16899109,0.36796451,0
0.10364878,-0.6558212,-4.1013269,0.34979677,-0.12807587,-0.92802966,0
2.905407,-1.6659279,-2.6821642,0.9143545,-0.16899109,0.36796451,0
-1.2457453,-1.7176087,4.1645136,-0.34979677,0.12807587,0.92802966,0
2.4902022,-0.44301337,-3.2913241,0.34979677,-0.12807587,-0.92802966,0
-0.49593067,-2.2713451,-4.1445494,0.34979677,-0.12807587,-0.92802966,0
-0.49715424,-2.4350874,-4.1305671,0.34979677,-0.12807587,-0.92802966,0
-3.5463684,-0.91533732,2.8694816,-0.9143545,0.16899109,-0.36796451,0
2.8527029,1.9577502,-0.90964746,0.20395613,0.97726077,-0.057994217,0
0.59536678,-1.6199229,3.2230914,0.9143545,-0.16899109,0.36796451,0
-0.64673162,-2.4528222,0.91791165,-0.20395613,-0.97726077,0.057994217,0
-0.97600019,2.5099432,3.5343225,-0.34979677,0.12807587,0.92802966,0
1.2802227,1.6601201,-4.0141883,0.34979677,-0.12807587,-0.92802966,0
-2.4038761,0.41631269,0.58479607,-0.9143545,0.16899109,-0.36796451,0
2.6448538,1.8236785,-1.7592461,0.20395613,0.97726077,-0.057994217,0
2.2307801,-1.6049025,-0.90640342,0.9143545,-0.16899109,0.36796451,0
-2.661598,-1.2381196,0.35262096,-0.9143545,0.16899109,-0.36796451,0
1.85391,2.0171916,-3.5062623,0.20395613,0.97726077,-0.057994217,0
0.27878499,2.6371636,3.5087101,0.20395613,0.97726077,-0.057994217,0
-0.80156851,-2.6397531,-3.8038945,-0.20395613,-0.97726077,0.057994217,0
-1.9142828,2.2248497,0.12913156,-0.9143545,0.16899109,-0.36796451,0
2.5957377,1.9530542,-2.0181761,0.20395613,0.97726077,-0.057994217,0
-2.7151017,0.2093451,1.2239516,-0.9143545,0.16899109,-0.36796451,0
-0.14039779,-2.5212584,0.68530083,-0.20395613,-0.97726077,0.057994217,0
1.6041216,1.7988987,-3.921783,0.34979677,-0.12807587,-0.92802966,0
-1.8407427,0.146366,-0.61213714,-0.9143545,0.16899109,-0.36796451,0
2.5994661,1.8854518,-0.028417945,0.9143545,-0.16899109,0.36796451,0
-2.5534954,1.3795177,1.5868611,-0.9143545,0.16899109,-0.36796451,0
-0.62183332,2.688344,3.6764467,-0.34979677,0.12807587,0.92802966,0
-1.0256314,1.8549442,-2.0877748,-0.9143545,0.16899109,-0.36796451,0
0.91324151,2.0952973,-3.0123641,0.20395613,0.97726077,-0.057994217,0
-0.79792738,2.8188267,3.0567784,0.20395613,0.97726077,-0.057994217,0
0.35654891,-1.4256715,-3.895978,0.34979677,-0.12807587,-0.92802966,0
-0.021735668,2.7898831,2.6291051,0.20395613,0.97726077,-0.057994217,0
-0.432055,-2.7034607,-4.1197081,-0.20395613,-0.97726077,0.057994217,0
1.2837487,0.24840355,2.4256063,0.9143545,-0.16899109,0.36796451,0
-0.24620271,-2.7434621,-3.1212978,-0.20395613,-0.97726077,0.057994217,0
1.1382251,2.3644123,1.6918807,0.20395613,0.97726077,-0.057994217,0
0.50785851,2.4524074,-1.6092142,0.20395613,0.97726077,-0.057994217,0
0.37870091,-0.69491088,-4.1239586,0.34979677,-0.12807587,-0.92802966,0
0.59196615,-1.4859492,3.3121705,0.9143545,-0.16899109,0.36796451,0
-2.1315842,2.5066671,0.80752635,-0.9143545,0.16899109,-0.36796451,0
2.4568846,-3.1356573,-3.0488563,0.34979677,-0.12807587,-0.92802966,0
0.94372594,-1.1469177,-3.7634964,0.34979677,-0.12807587,-0.92802966,0
-2.8601115,0.64853483,3.0520802,-0.34979677,0.12807587,0.92802966,0
-1.1932013,-2.423656,-1.9014428,-0.20395613,-0.97726077,0.057994217,0
-2.6728678,-0.31773889,0.9531188,-0.9143545,0.16899109,-0.36796451,0
1.0387729,0.96543932,3.4293103,0.9143545,-0.16899109,0.36796451,0
-1.8367349,0.46316803,-0.56652761,-0.9143545,0.16899109,-0.36796451,0
1.0900244,1.4442531,-4.0018082,0.34979677,-0.12807587,-0.92802966,0
0.35635626,1.7274997,-4.4070082,0.34979677,-0.12807587,-0.92802966,0
-0.33595079,-0.36589611,4.1578894,-0.34979677,0.12807587,0.92802966,0
0.13003063,1.8480067,4.1197553,-0.34979677,0.12807587,0.92802966,0
-0.31298161,-1.4215226,-4.1723862,0.34979677,-0.12807587,-0.92802966,0
1.5674781,-1.7074904,-3.4000084,0.34979677,-0.12807587,-0.92802966,0
0.69498664,-1.5261338,2.9982653,0.9143545,-0.16899109,0.36796451,0
-0.27391291,-2.3900263,0.73924345,-0.20395613,-0.97726077,0.057994217,0
-2.0847225,-1.1971476,3.7828012,-0.34979677,0.12807587,0.92802966,0
-0.14138746,-2.6640029,-2.2245407,-0.20395613,-0.97726077,0.057994217,0
-2.9097185,1.5310531,2.2434871,-0.9143545,0.16899109,-0.36796451,0
0.60728574,2.3515341,-1.6295775,0.20395613,0.97726077,-0.057994217,0
1.8875308,2.1138673,-0.30837262,0.20395613,0.97726077,-0.057994217,0
-1.4868144,-2.0467467,3.8963461,-0.20395613,-0.97726077,0.057994217,0
-0.073940516,1.2292289,-4.4843512,0.34979677,-0.12807587,-0.92802966,0
0.49334934,-0.26598084,-4.1352534,0.34979677,-0.12807587,-0.92802966,0
-0.92600322,2.7829425,0.57209408,0.20395613,0.97726077,-0.057994217,0
-1.0854539,0.5263164,-2.2678037,-0.9143545,0.16899109,-0.36796451,0
1.6708035,2.2534251,0.64380699,0.20395613,0.97726077,-0.057994217,0
2.3503482,-0.76006877,-3.4264278,0.34979677,-0.12807587,-0.92802966,0
-1.0934632,2.6774189,-0.36025485,0.20395613,0.97726077,-0.057994217,0
0.88342166,2.1132295,-2.6758692,0.20395613,0.97726077,-0.057994217,0
-0.91167557,2.7792487,-0.37890464,0.20395613,0.97726077,-0.057994217,0
-0.45309877,-2.6034465,-1.3372113,-0.20395613,-0.97726077,0.057994217,0
-0.72480512,-2.18994,-4.3848076,0.34979677,-0.12807587,-0.92802966,0
-0.93878984,-2.5665603,-3.1504579,-0.20395613,-0.97726077,0.057994217,0
-0.74299109,0.61580324,3.9457273,-0.34979677,0.12807587,0.92802966,0
-2.6302953,-1.9613808,0.35392749,-0.9143545,0.16899109,-0.36796451,0
-1.4778914,-2.0370409,2.4038858,-0.20395613,-0.97726077,0.057994217,0
-0.088041067,-2.4044714,2.5862687,-0.20395613,-0.97726077,0.057994217,0
-2.3700209,1.0217698,3.2503796,-0.34979677,0.12807587,0.92802966,0
-2.1388052,-1.9173353,3.1056259,-0.20395613,-0.97726077,0.057994217,0
-1.4838995,0.19043794,3.6761174,-0.34979677,0.12807587,0.92802966,0
-2.8921907,-1.7977562,1.1719227,-0.20395613,-0.97726077,0.057994217,0
2.3479977,-1.9907979,-1.2394209,0.9143545,-0.16899109,0.36796451,0
-1.95517,-1.5516105,3.7737498,-0.34979677,0.12807587,0.92802966,0
0.95381647,0.17726541,2.9132733,0.9143545,-0.16899109,0.36796451,0
-0.27071595,-2.0286477,-4.1072569,0.34979677,-0.12807587,-0.92802966,0
2.0030298,1.9206836,1.5293475,0.9143545,-0.16899109,0.36796451,0
-1.0710385,-2.232724,1.5390924,-0.20395613,-0.97726077,0.057994217,0
0.82182676,-1.1214385,-3.9462602,0.34979677,-0.12807587,-0.92802966,0
-2.4273038,-2.1331391,-0.12500811,-0.20395613,-0.97726077,0.057994217,0
-0.37238908,2.8286908,1.6187563,0.20395613,0.97726077,-0.057994217,0
-0.13346839,-2.5884047,0.02074293,-0.20395613,-0.97726077,0.057994217,0
-2.3138411,2.3693206,1.3534639,-0.9143545,0.16899109,-0.36796451,0
-2.7653375,2.4938698,2.8188987,-0.34979677,0.12807587,0.92802966,0
0.29662931,2.2928755,-4.0743828,0.20395613,0.97726077,-0.057994217,0
0.951352,-2.6026349,-3.5052514,0.34979677,-0.12807587,-0.92802966,0
0.16532135,-2.6670964,0.18863226,-0.20395613,-0.97726077,0.057994217,0
0.93809545,0.14209247,3.393322,0.9143545,-0.16899109,0.36796451,0
0.18386145,0.37461174,-4.2078257,0.34979677,-0.12807587,-0.92802966,0
2.1987,-3.109839,-3.0874934,-0.20395613,-0.97726077,0.057994217,0
2.7238483,1.1906528,-0.56383455,0.9143545,-0.16899109,0.36796451,0
3.1215446,-0.61275202,-2.5477128,0.9143545,-0.16899109,0.36796451,0
-2.2140658,-2.0965605,-1.03355,-0.20395613,-0.97726077,0.057994217,0
-3.5577035,-1.4261802,2.9786572,-0.9143545,0.16899109,-0.36796451,0
-1.5672086,1.7445321,-0.60807234,-0.9143545,0.16899109,-0.36796451,0
0.23386312,2.7480288,3.408989,0.20395613,0.97726077,-0.057994217,0
2.4967885,0.68997991,-0.34879088,0.9143545,-0.16899109,0.36796451,0
0.69697714,0.73635554,4.0003786,0.9143545,-0.16899109,0.36796451,0
-2.4177589,0.71863973,3.2186613,-0.34979677,0.12807587,0.92802966,0
0.9617635,1.3558192,3.8690572,0.9143545,-0.16899109,0.36796451,0
-1.3303826,-2.4210205,-0.74417019,-0.20395613,-0.97726077,0.057994217,0
1.7671841,1.7104645,-3.9493418,0.34979677,-0.12807587,-0.92802966,0
-2.7370508,-1.9578286,1.8169498,-0.20395613,-0.97726077,0.057994217,0
2.1040952,-0.97902185,-3.4013109,0.34979677,-0.12807587,-0.92802966,0
-0.62348002,1.1996261,-3.1822793,-0.9143545,0.16899109,-0.36796451,0
-1.7439712,2.5703874,3.2240796,-0.34979677,0.12807587,0.92802966,0
3.298532,0.67382574,-2.1864896,0.9143545,-0.16899109,0.36796451,0
1.8950676,-2.1476769,-0.387972,0.9143545,-0.16899109,0.36796451,0
0.086006641,-2.5680046,-0.79553664,-0.20395613,-0.97726077,0.057994217,0
2.2869079,-0.063326478,-0.48904777,0.9143545,-0.16899109,0.36796451,0
0.1206286,-2.7569284,-3.5997257,-0.20395613,-0.97726077,0.057994217,0
-2.7702241,-0.55758059,0.96469498,-0.9143545,0.16899109,-0.36796451,0
-1.8720126,3.060811,1.8615465,0.20395613,0.97726077,-0.057994217,0
1.9184949,2.1164618,1.76511,0.9143545,-0.16899109,0.36796451,0
-1.9441299,2.746985,3.1661499,-0.34979677,0.12807587,0.92802966,0
-0.66761005,1.5115517,3.8601365,-0.34979677,0.12807587,0.92802966,0
-0.64321387,-0.85326928,4.2666225,-0.34979677,0.12807587,0.92802966,0
-1.1097647,2.9100645,3.3116846,0.20395613,0.97726077,-0.057994217,0
2.4356318,-1.3996046,-3.1836672,0.34979677,-0.12807587,-0.92802966,0
1.8722601,-0.10102832,0.62120795,0.9143545,-0.16899109,0.36796451,0
-2.1709352,-1.2240651,-0.83387864,-0.9143545,0.16899109,-0.36796451,0
-0.36437619,1.9338851,-3.6501141,-0.9143545,0.16899109,-0.36796451,0
2.6938605,0.64456737,-3.3458266,0.34979677,-0.12807587,-0.92802966,0
2.7341118,-2.5813978,-2.7991056,0.9143545,-0.16899109,0.36796451,0
-0.82210445,-2.2272441,1.8250017,-0.20395613,-0.97726077,0.057994217,0
0.49852228,-2.7088122,-2.4432564,-0.20395613,-0.97726077,0.057994217,0
0.99937427,-2.7987161,-2.1943398,-0.20395613,-0.97726077,0.057994217,0
2.4376402,0.74956083,-0.14853346,0.9143545,-0.16899109,0.36796451,0
2.1571217,0.085541129,-0.00022637844,0.9143545,-0.16899109,0.36796451,0
1.0186524,-2.9387295,-3.3711481,-0.20395613,-0.97726077,0.057994217,0
3.2933717,0.80663908,-3.243844,0.34979677,-0.12807587,-0.92802966,0
-0.009873271,0.9612416,4.1945376,-0.34979677,0.12807587,0.92802966,0
-1.025208,2.419939,-2.0146322,-0.9143545,0.16899109,-0.36796451,0
1.2039943,2.500144,1.8548008,0.20395613,0.97726077,-0.057994217,0
1.5429822,-0.12649611,-3.6373835,0.34979677,-0.12807587,-0.92802966,0
1.8202364,1.7413409,1.8149517,0.9143545,-0.16899109,0.36796451,0
-0.4388231,1.0703421,-3.6280839,-0.9143545,0.16899109,-0.36796451,0
-2.0876729,1.752539,0.80863333,-0.9143545,0.16899109,-0.36796451,0
1.7239491,-0.78685969,-3.6098633,0.34979677,-0.12807587,-0.92802966,0
0.37595773,2.7171569,2.399312,0.20395613,0.97726077,-0.057994217,0
-2.7441807,2.4376359,2.5032344,-0.9143545,0.16899109,-0.36796451,0
-1.6553103,-0.53260374,-1.7991915,-0.9143545,0.16899109,-0.36796451,0
-0.72608757,-0.75576925,-4.2320995,-0.9143545,0.16899109,-0.36796451,0
2.238956,1.1060841,0.23793679,0.9143545,-0.16899109,0.36796451,0
0.081007481,-2.4602718,0.55986542,-0.20395613,-0.97726077,0.057994217,0
-1.6379998,0.33307406,3.7406673,-0.34979677,0.12807587,0.92802966,0
2.8079777,1.1375887,-0.82152009,0.9143545,-0.16899109,0.36796451,0
-0.79338717,-2.3239834,2.218931,-0.20395613,-0.97726077,0.057994217,0
-1.3376545,-0.12685591,3.8904381,-0.34979677,0.12807587,0.92802966,0
-1.9748909,-0.55276966,-0.94293201,-0.9143545,0.16899109,-0.36796451,0
-0.92249358,2.8275044,-0.32967466,0.20395613,0.97726077,-0.057994217,0
0.48685431,-2.8001714,-1.3640386,-0.20395613,-0.97726077,0.057994217,0
1.2345287,0.79782224,2.9355435,0.9143545,-0.16899109,0.36796451,0
2.0078871,-2.7694902,-0.74302495,0.9143545,-0.16899109,0.36796451,0
-1.9638925,3.1470442,1.3847065,0.20395613,0.97726077,-0.057994217,0
2.8116562,-0.44497991,-1.7483211,0.9143545,-0.16899109,0.36796451,0
2.5986633,-1.1687641,-3.2025595,0.34979677,-0.12807587,-0.92802966,0
-0.81799626,-1.5733008,-4.0996017,-0.9143545,0.16899109,-0.36796451,0
0.73305821,0.90261197,3.9441993,0.9143545,-0.16899109,0.36796451,0
0.3451916,-2.4540033,1.8883979,-0.20395613,-0.97726077,0.057994217,0
-0.60394931,2.0819554,-2.9631312,-0.9143545,0.16899109,-0.36796451,0
0.26490384,0.19165027,-4.177887,0.34979677,-0.12807587,-0.92802966,0
0.51856196,0.15436459,4.3863797,0.9143545,-0.16899109,0.36796451,0
-0.20116091,-2.6495357,-4.01158,0.34979677,-0.12807587,-0.92802966,0
0.994506,-0.26368481,-3.9646578,0.34979677,-0.12807587,-0.92802966,0
-3.297225,-0.81227863,3.2053509,-0.34979677,0.12807587,0.92802966,0
-1.1645088,-0.42094994,-2.7397828,-0.9143545,0.16899109,-0.36796451,0
-0.21628881,2.3209119,3.9147654,-0.34979677,0.12807587,0.92802966,0
1.8345588,0.84163368,0.99251109,0.9143545,-0.16899109,0.36796451,0
0.49079633,-2.5207601,1.6810361,-0.20395613,-0.97726077,0.057994217,0
0.1546853,0.40912926,-4.3484221,0.34979677,-0.12807587,-0.92802966,0
-0.88890427,-1.1937398,4.0786901,-0.34979677,0.12807587,0.92802966,0
-0.77584994,0.049842596,-3.4570112,-0.9143545,0.16899109,-0.36796451,0
2.3418751,-2.3892329,-1.262567,0.9143545,-0.16899109,0.36796451,0
2.7379189,-2.1317127,-2.1228292,0.9143545,-0.16899109,0.36796451,0
1.7179585,-3.0100892,-2.1937463,-0.20395613,-0.97726077,0.057994217,0
-0.50490546,-2.4813833,-1.2364378,-0.20395613,-0.97726077,0.057994217,0
-2.5132914,-0.48848107,3.5039001,-0.34979677,0.12807587,0.92802966,0
0.10383716,-0.44964659,4.4917207,-0.34979677,0.12807587,0.92802966,0
-0.53795433,-2.7311561,-3.4713147,-0.20395613,-0.97726077,0.057994217,0
-2.1220438,-1.9366487,2.1253264,-0.20395613,-0.97726077,0.057994217,0
-0.19623637,-2.3108711,4.3370738,-0.20395613,-0.97726077,0.057994217,0
1.9869339,0.084392548,0.62679332,0.9143545,-0.16899109,0.36796451,0
-3.2605135,-0.61267936,2.1289816,-0.9143545,0.16899109,-0.36796451,0
-2.8431888,-1.622843,3.5693312,-0.34979677,0.12807587,0.92802966,0
-1.9280087,2.1110048,3.2307556,-0.34979677,0.12807587,0.92802966,0
-0.90435147,-0.2307384,-3.1819384,-0.9143545,0.16899109,-0.36796451,0
0.53449798,-2.7486093,-0.21193919,-0.20395613,-0.97726077,0.057994217,0
2.0469198,-1.8083371,-0.55261695,0.9143545,-0.16899109,0.36796451,0
-1.9093719,0.088151045,3.5880895,-0.34979677,0.12807587,0.92802966,0
-1.297511,0.50507426,-1.9861927,-0.9143545,0.16899109,-0.36796451,0
2.8333843,1.9364907,-0.87231231,0.20395613,0.97726077,-0.057994217,0
-0.8183769,-1.2515179,4.2456446,-0.34979677,0.12807587,0.92802966,0
2.6137486,-3.0503798,-2.3785894,0.9143545,-0.16899109,0.36796451,0
0.81496996,-0.62592518,3.0281091,0.9143545,-0.16899109,0.36796451,0
-2.2757111,-1.8583808,2.5452068,-0.20395613,-0.97726077,0.057994217,0
1.6149093,-3.0048904,-0.26411104,-0.20395613,-0.97726077,0.057994217,0
0.085282087,-2.249722,4.3618393,-0.20395613,-0.97726077,0.057994217,0
-1.7000816,1.9835272,3.2889438,-0.34979677,0.12807587,0.92802966,0
-1.7592125,1.2846022,3.5101123,-0.34979677,0.12807587,0.92802966,0
-2.2312601,3.1158695,2.8517115,0.20395613,0.97726077,-0.057994217,0
1.5289481,2.2982876,-0.11027133,0.20395613,0.97726077,-0.057994217,0
2.006592,-3.1155486,-2.6958687,-0.20395613,-0.97726077,0.057994217,0
-0.67378151,2.6946518,0.74188662,0.20395613,0.97726077,-0.057994217,0
-1.6461381,-1.2922425,-2.1204872,-0.9143545,0.16899109,-0.36796451,0
1.5013492,1.9847702,-3.6774631,0.20395613,0.97726077,-0.057994217,0
-1.99456,3.0037537,1.3055742,0.20395613,0.97726077,-0.057994217,0
-0.3428123,-2.5672889,-0.82876879,-0.20395613,-0.97726077,0.057994217,0
2.6264379,2.0656459,-0.38513947,0.20395613,0.97726077,-0.057994217,0
1.7960749,-0.38812479,-3.5181541,0.34979677,-0.12807587,-0.92802966,0
0.25885272,-2.669265,-2.0296273,-0.20395613,-0.97726077,0.057994217,0
-2.4504328,0.94241351,1.2649496,-0.9143545,0.16899109,-0.36796451,0
0.36405611,2.2734141,-3.8470294,0.20395613,0.97726077,-0.057994217,0
-0.63699442,0.90682566,-3.3854055,-0.9143545,0.16899109,-0.36796451,0
-3.4682193,-1.0018799,2.4539344,-0.9143545,0.16899109,-0.36796451,0
1.3253746,2.228723,0.64561796,0.20395613,0.97726077,-0.057994217,0
-0.12796946,-0.0086911917,4.309752,-0.34979677,0.12807587,0.92802966,0
0.71665215,-1.0286528,3.3961611,0.9143545,-0.16899109,0.36796451,0
-0.49467522,0.085837126,-4.1313481,-0.9143545,0.16899109,-0.36796451,0
1.8599067,-3.0013261,-3.1323416,0.34979677,-0.12807587,-0.92802966,0
1.0036888,-2.6893601,1.1439435,-0.20395613,-0.97726077,0.057994217,0
-1.7669581,1.8363734,-0.28461346,-0.9143545,0.16899109,-0.36796451,0
0.5820154,0.20396733,4.2342072,0.9143545,-0.16899109,0.36796451,0
-2.0633235,-0.85031837,3.7491198,-0.34979677,0.12807587,0.92802966,0
0.14514518,2.6659861,3.6392446,0.20395613,0.97726077,-0.057994217,0
-0.33969903,2.8364043,3.6140916,0.20395613,0.97726077,-0.057994217,0
-2.6173191,-2.0121665,1.1550617,-0.20395613,-0.97726077,0.057994217,0
1.4262061,-1.0795413,1.476197,0.9143545,-0.16899109,0.36796451,0
-0.48643386,2.5672851,0.045017391,0.20395613,0.97726077,-0.057994217,0
1.087527,2.2253428,-3.3908546,0.20395613,0.97726077,-0.057994217,0
-0.60079789,-2.3814757,-0.78492278,-0.20395613,-0.97726077,0.057994217,0
1.9818255,-0.92609954,-3.4330916,0.34979677,-0.12807587,-0.92802966,0
-1.7719748,-2.0794652,2.4533348,-0.20395613,-0.97726077,0.057994217,0
1.4216619,1.6075709,2.8495972,0.9143545,-0.16899109,0.36796451,0
2.9678545,1.8477912,-2.2069857,0.20395613,0.97726077,-0.057994217,0
-0.49656248,-2.130408,4.3071241,-0.20395613,-0.97726077,0.057994217,0
0.70072204,0.85922259,-4.0893364,0.34979677,-0.12807587,-0.92802966,0
-2.6083817,-1.112044,3.476501,-0.34979677,0.12807587,0.92802966,0
-1.2891243,-2.347214,-1.6901461,-0.20395613,-0.97726077,0.057994217,0
-0.55459547,-2.5240731,-4.0761089,0.34979677,-0.12807587,-0.92802966,0
-2.9317422,-1.0813372,1.6227238,-0.9143545,0.16899109,-0.36796451,0
-0.49618053,-2.5383954,-0.71931237,-0.20395613,-0.97726077,0.057994217,0
2.6630538,-2.5875797,-2.9709723,0.34979677,-0.12807587,-0.92802966,0
1.5860049,-0.30530989,1.1953855,0.9143545,-0.16899109,0.36796451,0
-0.14877725,2.8279948,3.8846874,0.20395613,0.97726077,-0.057994217,0
-0.14263868,2.7153535,2.9195228,0.20395613,0.97726077,-0.057994217,0
0.97002923,1.4599327,-4.0751133,0.34979677,-0.12807587,-0.92802966,0
0.36243093,-0.79282582,4.3062897,0.9143545,-0.16899109,0.36796451,0
1.4030133,-2.9263213,-2.9645195,-0.20395613,-0.97726077,0.057994217,0
-1.3318647,3.1147718,3.1093786,0.20395613,0.97726077,-0.057994217,0
-3.1842694,0.071125746,2.5794215,-0.9143545,0.16899109,-0.36796451,0
2.01665,-0.40244266,-3.424284,0.34979677,-0.12807587,-0.92802966,0
0.63087714,1.8176459,-4.2362032,0.34979677,-0.12807587,-0.92802966,0
-2.1105556,-0.12769771,-0.30462229,-0.9143545,0.16899109,-0.36796451,0
-1.828156,-2.0850863,1.9811554,-0.20395613,-0.97726077,0.057994217,0
0.95590544,2.6365602,4.3012085,0.9143545,-0.16899109,0.36796451,0
3.2378318,1.6796728,-1.8535209,0.20395613,0.97726077,-0.057994217,0
-1.4406594,2.9242241,2.7327518,0.20395613,0.97726077,-0.057994217,0
2.7178211,1.4149362,-0.92038369,0.9143545,-0.16899109,0.36796451,0
-0.56697965,-0.40741372,-4.045608,-0.9143545,0.16899109,-0.36796451,0
-1.9568074,0.64020491,3.5765934,-0.34979677,0.12807587,0.92802966,0
0.70195663,0.23279452,3.8475347,0.9143545,-0.16899109,0.36796451,0
-3.0760682,0.50624526,2.4360645,-0.9143545,0.16899109,-0.36796451,0
-2.2281103,0.026766181,0.33622468,-0.9143545,0.16899109,-0.36796451,0
-2.5017905,2.5297799,3.1073213,-0.34979677,0.12807587,0.92802966,0
-1.2695096,2.1950691,-1.4203706,-0.9143545,0.16899109,-0.36796451,0
-0.5900135,-2.6139131,-3.1540451,-0.20395613,-0.97726077,0.057994217,0
-2.7168441,0.32923478,3.2750649,-0.34979677,0.12807587,0.92802966,0
2.8539388,-1.3658106,-2.237807,0.9143545,-0.16899109,0.36796451,0
-0.22590673,0.15280235,4.1757956,-0.34979677,0.12807587,0.92802966,0
1.110817,-2.8518481,-1.3021572,-0.20395613,-0.97726077,0.057994217,0
-2.7796621,-1.5817583,0.80974436,-0.9143545,0.16899109,-0.36796451,0
0.80030358,-2.7919798,0.15317911,-0.20395613,-0.97726077,0.057994217,0
-2.0922127,1.8479788,3.3422751,-0.34979677,0.12807587,0.92802966,0
-1.5513626,-0.68185306,-1.8637888,-0.9143545,0.16899109,-0.36796451,0
0.094409704,-2.5741119,0.70176142,-0.20395613,-0.97726077,0.057994217,0
1.5006688,2.0316176,-3.5122035,0.20395613,0.97726077,-0.057994217,0
2.1373456,0.39351439,0.45282209,0.9143545,-0.16899109,0.36796451,0
-2.8771439,1.0005498,3.0377293,-0.34979677,0.12807587,0.92802966,0
-0.38861418,2.5960085,0.15712023,0.20395613,0.97726077,-0.057994217,0
-2.1324487,3.1094265,1.6713212,0.20395613,0.97726077,-0.057994217,0
-1.8727105,-2.1544685,-0.013711095,-0.20395613,-0.97726077,0.057994217,0
2.2814329,-2.6428804,-3.0534031,0.34979677,-0.12807587,-0.92802966,0
0.67937469,1.0503714,-4.1688156,0.34979677,-0.12807587,-0.92802966,0
3.1078715,0.40634096,-3.1054926,0.34979677,-0.12807587,-0.92802966,0
2.6174326,-3.100069,-2.9359474,0.34979677,-0.12807587,-0.92802966,0
0.89618433,-2.616065,-3.6976118,0.34979677,-0.12807587,-0.92802966,0
-0.57689881,1.8793656,-3.096545,-0.9143545,0.16899109,-0.36796451,0
-0.23221311,0.57041526,-4.3997297,0.34979677,-0.12807587,-0.92802966,0
1.4764143,-1.9974504,-3.4515553,0.34979677,-0.12807587,-0.92802966,0
-0.35144138,2.5847726,0.63392365,0.20395613,0.97726077,-0.057994217,0
1.102375,2.2861338,-1.9842684,0.20395613,0.97726077,-0.057994217,0
-1.6823454,2.9041977,1.0401331,0.20395613,0.97726077,-0.057994217,0
2.958348,-1.8908476,-2.8759894,0.34979677,-0.12807587,-0.92802966,0
-1.8788546,3.2030923,3.0237753,0.20395613,0.97726077,-0.057994217,0
1.6091259,0.0046861172,1.5215057,0.9143545,-0.16899109,0.36796451,0
-2.0814872,-1.8927915,-0.90202355,-0.9143545,0.16899109,-0.36796451,0
2.3891253,1.2384825,-3.571517,0.34979677,-0.12807587,-0.92802966,0
2.5998478,-0.99679536,-3.1358194,0.34979677,-0.12807587,-0.92802966,0
0.12320256,-1.9976394,4.4466391,0.9143545,-0.16899109,0.36796451,0
-2.1846809,-1.981761,3.5970898,-0.20395613,-0.97726077,0.057994217,0
1.6351646,1.5104849,2.0092711,0.9143545,-0.16899109,0.36796451,0
-1.5793642,2.0150437,-0.85352182,-0.9143545,0.16899109,-0.36796451,0
0.91613173,-3.0207882,-3.3279312,-0.20395613,-0.97726077,0.057994217,0
0.33661804,-1.1966884,4.0218062,0.9143545,-0.16899109,0.36796451,0
1.0158751,1.5487915,-4.0758328,0.34979677,-0.12807587,-0.92802966,0
0.77556753,-2.5963612,1.7816923,-0.20395613,-0.97726077,0.057994217,0
-2.9233985,0.74879497,2.0429761,-0.9143545,0.16899109,-0.36796451,0
-1.7257328,0.8732475,3.5087204,-0.34979677,0.12807587,0.92802966,0
-0.99430764,0.89830321,3.7092655,-0.34979677,0.12807587,0.92802966,0
0.8130945,1.4780743,3.8572273,0.9143545,-0.16899109,0.36796451,0
-2.232291,2.9835353,1.5130236,-0.9143545,0.16899109,-0.36796451,0
-0.238078,1.5746653,3.8956106,-0.34979677,0.12807587,0.92802966,0
1.9836111,0.49916834,-3.679585,0.34979677,-0.12807587,-0.92802966,0
-0.41652739,-1.5576009,4.3422103,-0.34979677,0.12807587,0.92802966,0
-3.0509143,-1.2690854,3.2782106,-0.34979677,0.12807587,0.92802966,0
0.099567294,-1.596837,-3.9959564,0.34979677,-0.12807587,-0.92802966,0
0.4687593,2.4341371,0.052767873,0.20395613,0.97726077,-0.057994217,0
-2.3763745,0.44346428,0.53867674,-0.9143545,0.16899109,-0.36796451,0
-1.7867846,-2.143378,2.1199741,-0.20395613,-0.97726077,0.057994217,0
-0.12795794,1.655581,-4.337605,-0.9143545,0.16899109,-0.36796451,0
-1.7031494,-1.6470846,3.8755245,-0.34979677,0.12807587,0.92802966,0
-2.3461792,3.1697416,2.5626223,0.20395613,0.97726077,-0.057994217,0
1.6078198,0.98857921,-3.7935495,0.34979677,-0.12807587,-0.92802966,0
2.0077589,-3.1237361,-2.1916499,-0.20395613,-0.97726077,0.057994217,0
1.4637983,2.0434923,-3.1971011,0.20395613,0.97726077,-0.057994217,0
1.6329212,2.2854679,2.0446582,0.20395613,0.97726077,-0.057994217,0
0.78148651,1.6723874,-4.2122846,0.34979677,-0.12807587,-0.92802966,0
-1.5250814,0.79165745,3.5512457,-0.34979677,0.12807587,0.92802966,0
-3.2316,-0.63824356,3.0877185,-0.34979677,0.12807587,0.92802966,0
1.0879718,-2.772831,1.2084796,-0.20395613,-0.97726077,0.057994217,0
-1.337876,-1.5755273,4.068244,-0.34979677,0.12807587,0.92802966,0
-0.50024295,2.8517218,3.8076816,-0.34979677,0.12807587,0.92802966,0
1.5298409,-2.2026803,0.45683086,0.9143545,-0.16899109,0.36796451,0
-2.0537057,2.9504862,3.1922429,-0.34979677,0.12807587,0.92802966,0
2.8640337,1.6496298,-3.530755,0.34979677,-0.12807587,-0.92802966,0
-1.5949123,-2.4316742,-2.3838041,-0.20395613,-0.97726077,0.057994217,0
-0.46667695,2.6475177,-0.14795555,0.20395613,0.97726077,-0.057994217,0
0.94758105,1.3317347,-4.1464167,0.34979677,-0.12807587,-0.92802966,0
0.69236577,-2.4026983,-3.7672057,0.34979677,-0.12807587,-0.92802966,0
-2.1553051,1.6168814,3.2552884,-0.34979677,0.12807587,0.92802966,0
-2.1225677,-1.2325892,3.7863688,-0.34979677,0.12807587,0.92802966,0
0.26720166,-1.9878416,-3.9346201,0.34979677,-0.12807587,-0.92802966,0
-1.5755277,-2.3364151,-1.7364908,-0.20395613,-0.97726077,0.057994217,0
0.68752122,-2.7918193,-1.024946,-0.20395613,-0.97726077,0.057994217,0
-1.3762728,-0.084771633,-1.7895241,-0.9143545,0.16899109,-0.36796451,0
1.6322113,-3.0443184,-3.1319768,-0.20395613,-0.97726077,0.057994217,0
1.5647416,-1.5956657,0.72215748,0.9143545,-0.16899109,0.36796451,0
0.47322622,-0.024871707,-4.2109509,0.34979677,-0.12807587,-0.92802966,0
-2.1989698,2.8898416,1.2605214,-0.9143545,0.16899109,-0.36796451,0
3.2726421,1.3971856,-3.1903644,0.34979677,-0.12807587,-0.92802966,0
1.2975588,-2.6577158,-3.5089014,0.34979677,-0.12807587,-0.92802966,0
-1.5828201,0.31351641,3.7355108,-0.34979677,0.12807587,0.92802966,0
2.4270525,2.0116773,-0.64968801,0.20395613,0.97726077,-0.057994217,0
0.62678885,-2.746026,-0.61662936,-0.20395613,-0.97726077,0.057994217,0
-2.6098042,-1.9450632,0.37248039,-0.20395613,-0.97726077,0.057994217,0
0.7801826,2.3351638,0.13910323,0.20395613,0.97726077,-0.057994217,0
-0.46992987,-0.13090122,4.0887828,-0.34979677,0.12807587,0.92802966,0
3.0294592,0.18375969,-2.1733217,0.9143545,-0.16899109,0.36796451,0
1.9852983,1.2644962,0.9231773,0.9143545,-0.16899109,0.36796451,0
1.0502598,-2.4835598,1.8366789,0.9143545,-0.16899109,0.36796451,0
-0.063994884,2.4748843,-0.066538639,0.20395613,0.97726077,-0.057994217,0
2.8681836,1.424952,-3.4876065,0.34979677,-0.12807587,-0.92802966,0
0.18163407,0.31567907,4.2515702,-0.34979677,0.12807587,0.92802966,0
1.2084966,2.5830083,3.6274931,0.20395613,0.97726077,-0.057994217,0
-2.9503081,-0.71312529,3.3950891,-0.34979677,0.12807587,0.92802966,0
-1.6461806,2.2187822,3.4628692,-0.34979677,0.12807587,0.92802966,0
-1.4175389,2.9894488,1.8364398,0.20395613,0.97726077,-0.057994217,0
0.34140852,0.72722805,-4.2306032,0.34979677,-0.12807587,-0.92802966,0
-2.5933464,0.18899906,0.93838739,-0.9143545,0.16899109,-0.36796451,0
1.375507,0.27566481,2.2019296,0.9143545,-0.16899109,0.36796451,0
-2.8040657,1.048669,1.7862186,-0.9143545,0.16899109,-0.36796451,0
1.0692303,2.2295966,3.8465688,0.9143545,-0.16899109,0.36796451,0
3.0974379,-1.1373143,-3.0643697,0.34979677,-0.12807587,-0.92802966,0
-2.227571,-2.1285784,-0.11278868,-0.20395613,-0.97726077,0.057994217,0
-1.1266249,1.4602873,-1.7748312,-0.9143545,0.16899109,-0.36796451,0
-1.5754557,2.3233864,-0.57342738,-0.9143545,0.16899109,-0.36796451,0
0.43830919,2.4007628,0.35719046,0.20395613,0.97726077,-0.057994217,0
-1.3921912,-0.45539764,3.9036527,-0.34979677,0.12807587,0.92802966,0
0.82443047,2.4506288,2.6780562,0.20395613,0.97726077,-0.057994217,0
1.6527535,-2.6708152,0.16739577,0.9143545,-0.16899109,0.36796451,0
0.39200187,2.3215642,-3.1151607,0.20395613,0.97726077,-0.057994217,0
-2.8069067,2.1056452,2.684253,-0.9143545,0.16899109,-0.36796451,0
-1.6070849,3.0311937,2.1154587,0.20395613,0.97726077,-0.057994217,0
2.4553957,-3.0675173,-3.0393896,0.34979677,-0.12807587,-0.92802966,0
2.6410568,1.8356626,-1.8147464,0.20395613,0.97726077,-0.057994217,0
-3.490139,-0.89744759,3.1473846,-0.34979677,0.12807587,0.92802966,0
-0.73790467,2.5141294,-1.6662562,0.20395613,0.97726077,-0.057994217,0
-1.399214,2.3893268,3.5534077,-0.34979677,0.12807587,0.92802966,0
1.8357266,-3.1335983,-3.1290417,-0.20395613,-0.97726077,0.057994217,0
-1.219884,-2.0089681,3.9260921,-0.20395613,-0.97726077,0.057994217,0
2.6090517,-1.6927425,-1.6086292,0.9143545,-0.16899109,0.36796451,0
3.6058803,1.6540636,-3.0805798,0.20395613,0.97726077,-0.057994217,0
-0.31154007,0.45855343,4.0623465,-0.34979677,0.12807587,0.92802966,0
3.0704739,-0.74134916,-2.9847236,0.34979677,-0.12807587,-0.92802966,0
0.981884,2.3008432,-0.37341523,0.20395613,0.97726077,-0.057994217,0
-1.4642955,2.8570857,-0.22592953,0.20395613,0.97726077,-0.057994217,0
1.2224085,-2.8032017,0.22572441,-0.20395613,-0.97726077,0.057994217,0
0.10934113,-0.17145562,4.4658985,-0.34979677,0.12807587,0.92802966,0
2.2500935,2.0432162,0.087837815,0.20395613,0.97726077,-0.057994217,0
1.1332538,-2.9800737,-3.1726489,-0.20395613,-0.97726077,0.057994217,0
-1.0373206,-2.3969338,-0.56258738,-0.20395613,-0.97726077,0.057994217,0
1.2132733,2.0292189,-3.9786372,0.20395613,0.97726077,-0.057994217,0
-0.75246358,-1.7771475,-4.299603,0.34979677,-0.12807587,-0.92802966,0
1.4691145,0.31029797,2.1276646,0.9143545,-0.16899109,0.36796451,0
1.6780405,1.5974407,-3.9235635,0.34979677,-0.12807587,-0.92802966,0
-2.5615668,-0.73054898,0.67246354,-0.9143545,0.16899109,-0.36796451,0
2.6321821,-0.64458251,-3.2048664,0.34979677,-0.12807587,-0.92802966,0
-0.40206975,0.36887288,4.0163832,-0.34979677,0.12807587,0.92802966,0
-2.1147308,1.5657792,0.65443981,-0.9143545,0.16899109,-0.36796451,0
-2.1437206,-1.3060423,-0.63947988,-0.9143545,0.16899109,-0.36796451,0
0.33106491,-0.045699596,-4.1094532,0.34979677,-0.12807587,-0.92802966,0
0.75574619,-1.1603194,-3.9366715,0.34979677,-0.12807587,-0.92802966,0
2.5871654,1.3319751,-3.4427905,0.34979677,-0.12807587,-0.92802966,0
0.32961583,-2.5933442,1.0016057,-0.20395613,-0.97726077,0.057994217,0
1.2560742,2.2485132,-0.53326547,0.20395613,0.97726077,-0.057994217,0
-0.85358024,1.3565011,3.7995338,-0.34979677,0.12807587,0.92802966,0
0.1616497,-2.3456221,3.4700301,-0.20395613,-0.97726077,0.057994217,0
1.0864532,-2.6159384,1.5982937,0.9143545,-0.16899109,0.36796451,0
2.0471609,-1.3642416,-0.18382382,0.9143545,-0.16899109,0.36796451,0
0.4011786,-2.6809983,-1.3067102,-0.20395613,-0.97726077,0.057994217,0
-1.6782256,-0.35620344,-1.2038274,-0.9143545,0.16899109,-0.36796451,0
0.25641176,-0.93686688,4.4652405,-0.34979677,0.12807587,0.92802966,0
1.5662057,-2.8885143,-1.6783817,-0.20395613,-0.97726077,0.057994217,0
1.7685351,-2.9802611,-2.303874,-0.20395613,-0.97726077,0.057994217,0
-1.9080501,-1.9735565,-1.4762871,-0.9143545,0.16899109,-0.36796451,0
-0.39444208,2.6662595,2.0785098,0.20395613,0.97726077,-0.057994217,0
-1.4148443,-2.1245837,3.9736295,-0.20395613,-0.97726077,0.057994217,0
2.6548705,0.23780721,-3.4144588,0.34979677,-0.12807587,-0.92802966,0
-3.5294437,-0.60140061,2.8540659,-0.9143545,0.16899109,-0.36796451,0
0.30635595,2.6167502,2.2829161,0.20395613,0.97726077,-0.057994217,0
-0.10823238,-1.8215673,4.5864778,-0.34979677,0.12807587,0.92802966,0
-1.7548239,-2.2712088,-0.7603972,-0.20395613,-0.97726077,0.057994217,0
1.8244886,-1.1609553,0.49743995,0.9143545,-0.16899109,0.36796451,0
1.3596671,-2.9281559,-0.36809647,-0.20395613,-0.97726077,0.057994217,0
-1.0562146,-1.2091174,-3.2649703,-0.9143545,0.16899109,-0.36796451,0
-2.5060475,0.71141446,0.94582295,-0.9143545,0.16899109,-0.36796451,0
0.44334817,0.355901,4.3491168,-0.34979677,0.12807587,0.92802966,0
-0.78846526,2.7233839,-0.79358578,0.20395613,0.97726077,-0.057994217,0
2.7490065,-1.1855537,-1.8864477,0.9143545,-0.16899109,0.36796451,0
0.37766671,2.5800486,0.51821995,0.20395613,0.97726077,-0.057994217,0
0.97549367,0.020876169,3.1646781,0.9143545,-0.16899109,0.36796451,0
-1.6446086,1.8154845,-0.61773527,-0.9143545,0.16899109,-0.36796451,0
0.60202575,2.4797904,0.36113101,0.20395613,0.97726077,-0.057994217,0
2.3973415,-2.3388953,-1.6492608,0.9143545,-0.16899109,0.36796451,0
0.33627033,-2.2606516,-3.8579676,0.34979677,-0.12807587,-0.92802966,0
-0.75417757,-0.54703045,-3.7412236,-0.9143545,0.16899109,-0.36796451,0
2.1539731,0.19463427,-3.4235258,0.34979677,-0.12807587,-0.92802966,0
1.960817,1.1761296,1.0615849,0.9143545,-0.16899109,0.36796451,0
-0.055086136,-2.782351,-3.6501789,-0.20395613,-0.97726077,0.057994217,0
-1.7937701,0.980744,-0.49503773,-0.9143545,0.16899109,-0.36796451,0
3.1840796,0.44953883,-3.1647272,0.34979677,-0.12807587,-0.92802966,0
-0.71309477,1.5807514,-3.0138214,-0.9143545,0.16899109,-0.36796451,0
1.2604215,-1.193303,1.9242785,0.9143545,-0.16899109,0.36796451,0
-1.9329255,-2.05057,-1.5930858,-0.9143545,0.16899109,-0.36796451,0
-1.1334674,0.86069584,-2.4455249,-0.9143545,0.16899109,-0.36796451,0
-1.2299945,2.7905564,0.0029566288,0.20395613,0.97726077,-0.057994217,0
-0.85232663,-2.6075003,-2.4917798,-0.20395613,-0.97726077,0.057994217,0
0.63816172,-0.56591892,3.5895836,0.9143545,-0.16899109,0.36796451,0
1.1395992,-0.23854351,2.5001593,0.9143545,-0.16899109,0.36796451,0
-2.2178524,3.0891852,1.751174,-0.9143545,0.16899109,-0.36796451,0
1.6704248,1.9807757,-3.6124077,0.20395613,0.97726077,-0.057994217,0
-1.3403513,1.3562413,-1.2880317,-0.9143545,0.16899109,-0.36796451,0
-0.70973301,2.0515342,3.6713128,-0.34979677,0.12807587,0.92802966,0
-1.437144,-1.0230466,3.8212485,-0.34979677,0.12807587,0.92802966,0
-2.3629041,3.2457423,2.871376,-0.34979677,0.12807587,0.92802966,0
-1.4831555,1.9329302,-1.0024738,-0.9143545,0.16899109,-0.36796451,0
0.060980916,2.3323407,-4.0195141,0.20395613,0.97726077,-0.057994217,0
0.46653008,2.5591443,1.8743222,0.20395613,0.97726077,-0.057994217,0
0.040053368,2.3964779,-1.2239798,0.20395613,0.97726077,-0.057994217,0
1.1865588,-1.1438708,1.8299527,0.9143545,-0.16899109,0.36796451,0
0.70452309,-2.1880941,-3.7045863,0.34979677,-0.12807587,-0.92802966,0
-1.0921177,2.7953494,1.3671809,0.20395613,0.97726077,-0.057994217,0
0.12339115,-2.4822011,0.65000916,-0.20395613,-0.97726077,0.057994217,0
-1.1773729,-2.0925174,4.0198827,-0.20395613,-0.97726077,0.057994217,0
-1.4377787,2.731499,-0.75274903,-0.9143545,0.16899109,-0.36796451,0
-1.5989679,-1.9789636,3.2468884,-0.20395613,-0.97726077,0.057994217,0
2.5950339,-1.2413182,-1.5598097,0.9143545,-0.16899109,0.36796451,0
-0.34185767,0.86989009,4.1515527,-0.34979677,0.12807587,0.92802966,0
-0.95761871,-2.3723488,0.7480433,-0.20395613,-0.97726077,0.057994217,0
-1.5045646,2.6653509,3.3934395,-0.34979677,0.12807587,0.92802966,0
3.2016897,1.7675093,-2.4092069,0.20395613,0.97726077,-0.057994217,0
0.56019372,-1.8293482,3.0926857,0.9143545,-0.16899109,0.36796451,0
-1.3828168,3.0411508,2.9795794,0.20395613,0.97726077,-0.057994217,0
-0.77868915,-1.8368192,4.302073,-0.34979677,0.12807587,0.92802966,0
1.1728978,2.4077914,0.4755874,0.20395613,0.97726077,-0.057994217,0
1.109421,2.12676,-3.4325795,0.20395613,0.97726077,-0.057994217,0
2.7730205,-0.8026942,-3.2229123,0.34979677,-0.12807587,-0.92802966,0
-2.2482305,-1.9530977,-0.67060101,-0.9143545,0.16899109,-0.36796451,0
0.67344534,-2.243495,-3.7012568,0.34979677,-0.12807587,-0.92802966,0
-1.3360342,1.2696245,-1.5119756,-0.9143545,0.16899109,-0.36796451,0
2.5124795,2.0384965,-0.48755455,0.20395613,0.97726077,-0.057994217,0
0.89440107,-0.58855367,2.7462466,0.9143545,-0.16899109,0.36796451,0
-0.32513642,-2.5926929,-3.4086525,-0.20395613,-0.97726077,0.057994217,0
-2.4846401,1.7419744,1.7771285,-0.9143545,0.16899109,-0.36796451,0
1.2696676,1.6036799,2.878643,0.9143545,-0.16899109,0.36796451,0
-0.93393338,1.6996152,-2.3374901,-0.9143545,0.16899109,-0.36796451,0
-0.46038961,2.0273383,-3.5032334,-0.9143545,0.16899109,-0.36796451,0
-1.0617877,1.6244863,3.7519119,-0.34979677,0.12807587,0.92802966,0
1.3724697,-2.6047924,0.99663407,0.9143545,-0.16899109,0.36796451,0
0.28330863,-1.357548,-4.0126305,0.34979677,-0.12807587,-0.92802966,0
-2.4343503,-1.3993481,3.6587987,-0.34979677,0.12807587,0.92802966,0
0.42691779,-2.4820554,2.8687508,-0.20395613,-0.97726077,0.057994217,0
0.71293616,2.4791451,1.9047482,0.20395613,0.97726077,-0.057994217,0
-1.9446621,-0.14876485,-0.71089315,-0.9143545,0.16899109,-0.36796451,0
1.7538767,-0.33962026,-3.5492845,0.34979677,-0.12807587,-0.92802966,0
-0.4773035,-2.3484132,2.9065866,-0.20395613,-0.97726077,0.057994217,0
0.91015506,-2.8072448,-2.0176759,-0.20395613,-0.97726077,0.057994217,0
-0.85699385,2.0838563,-2.5177259,-0.9143545,0.16899109,-0.36796451,0
2.6927223,-1.8515337,-3.0789509,0.34979677,-0.12807587,-0.92802966,0
0.39281702,2.4840145,4.0847726,-0.34979677,0.12807587,0.92802966,0
-3.1488242,-0.88369071,3.2363892,-0.34979677,0.12807587,0.92802966,0
-0.17755079,-0.90196252,-4.3059464,0.34979677,-0.12807587,-0.92802966,0
-0.39035678,2.1775594,-3.4710155,-0.9143545,0.16899109,-0.36796451,0
0.1122756,2.5896573,0.7819401,0.20395613,0.97726077,-0.057994217,0
2.0531812,0.89096963,0.53988039,0.9143545,-0.16899109,0.36796451,0
2.6275265,-2.0307896,-3.0924773,0.34979677,-0.12807587,-0.92802966,0
1.3841053,-0.7334373,1.782088,0.9143545,-0.16899109,0.36796451,0
2.5057759,-0.26006001,-3.3839331,0.34979677,-0.12807587,-0.92802966,0
2.1495252,-1.1781088,-3.3025198,0.34979677,-0.12807587,-0.92802966,0
1.3573937,1.0031052,-3.9302344,0.34979677,-0.12807587,-0.92802966,0
0.28479528,2.697087,2.1206794,0.20395613,0.97726077,-0.057994217,0
-1.8049308,0.68597078,3.4516535,-0.34979677,0.12807587,0.92802966,0
2.0225031,-1.4817704,-3.3490949,0.34979677,-0.12807587,-0.92802966,0
-3.4194627,-1.3982569,2.2748556,-0.9143545,0.16899109,-0.36796451,0
1.5762718,2.2787886,1.4522634,0.20395613,0.97726077,-0.057994217,0
-0.67459643,-2.0187888,4.3679194,-0.34979677,0.12807587,0.92802966,0
-2.1034558,3.0064633,3.094908,-0.34979677,0.12807587,0.92802966,0
-0.5022583,-0.8404206,4.2022481,-0.34979677,0.12807587,0.92802966,0
-1.8322442,-2.3002009,-1.118512,-0.20395613,-0.97726077,0.057994217,0
-0.54711294,2.7112489,-0.012801319,0.20395613,0.97726077,-0.057994217,0
-0.93344378,0.10661948,3.9529366,-0.34979677,0.12807587,0.92802966,0
2.0373402,0.7421124,0.84974074,0.9143545,-0.16899109,0.36796451,0
1.0268744,-2.6753001,0.65964746,-0.20395613,-0.97726077,0.057994217,0
0.020468473,2.350606,-3.5389042,0.20395613,0.97726077,-0.057994217,0
-0.69449949,2.8237658,1.2096965,0.20395613,0.97726077,-0.057994217,0
-2.0435638,2.5784144,0.89263976,-0.9143545,0.16899109,-0.36796451,0
1.9311608,1.6876266,-3.8656406,0.34979677,-0.12807587,-0.92802966,0
0.23160696,-2.67134,-2.3707073,-0.20395613,-0.97726077,0.057994217,0
1.470361,1.9200063,-4.0006781,0.20395613,0.97726077,-0.057994217,0
-1.1830082,-1.7299877,4.1500797,-0.34979677,0.12807587,0.92802966,0
-2.5840776,-1.0262321,0.37929487,-0.9143545,0.16899109,-0.36796451,0
0.85889196,1.3584692,-4.1269875,0.34979677,-0.12807587,-0.92802966,0
0.79179168,2.3269477,-2.8114488,0.20395613,0.97726077,-0.057994217,0
-0.78193033,-1.4256569,4.2530284,-0.34979677,0.12807587,0.92802966,0
-0.16896641,1.2374238,4.0931578,-0.34979677,0.12807587,0.92802966,0
-0.49461079,2.7171092,1.7541376,0.20395613,0.97726077,-0.057994217,0
0.16029561,1.4321309,4.2474251,-0.34979677,0.12807587,0.92802966,0
2.2722452,-2.462122,-1.5505762,0.9143545,-0.16899109,0.36796451,0
-2.2749271,-1.897282,-0.41260263,-0.9143545,0.16899109,-0.36796451,0
1.8400298,-2.1073196,-0.33693635,0.9143545,-0.16899109,0.36796451,0
0.81103063,2.5142305,1.4523128,0.20395613,0.97726077,-0.057994217,0
-2.982779,0.74530309,3.0554619,-0.34979677,0.12807587,0.92802966,0
