-0.91082454,3.9822474,1.6740551,-0.28805262,0.92160785,-0.26012409,0
-2.1837516,-2.7255163,0.4156332,-0.75244415,-0.049805999,0.65677011,0
1.0451611,-0.090878367,-1.8723956,0.75244415,0.049805999,-0.65677011,0
0.91851151,-2.9481456,-2.2731147,0.75244415,0.049805999,-0.65677011,0
0.51326895,-1.2430887,3.4845014,-0.75244415,-0.049805999,0.65677011,0
-1.8332257,2.4744935,-2.9737267,-0.28805262,0.92160785,-0.26012409,0
-2.06813,1.9751488,0.69739234,-0.75244415,-0.049805999,0.65677011,0
1.0017127,-3.697504,-0.88682365,0.28805262,-0.92160785,0.26012409,0
-0.093250602,-3.6651168,0.25948715,0.28805262,-0.92160785,0.26012409,0
-1.8480637,1.78283,-3.0768788,-0.59232867,-0.38491333,-0.70780522,0
0.35612082,-1.3520802,3.4355872,-0.75244415,-0.049805999,0.65677011,0
-2.9199767,-0.70193768,-0.39694658,-0.75244415,-0.049805999,0.65677011,0
-1.345259,2.8360481,-1.9345775,-0.28805262,0.92160785,-0.26012409,0
2.0170164,-1.2390039,-0.82691014,0.75244415,0.049805999,-0.65677011,0
2.6018167,0.22192073,1.3354741,0.59232867,0.38491333,0.70780522,0
1.3990951,2.3182952,1.0758966,0.59232867,0.38491333,0.70780522,0
1.8282859,-2.7042689,1.6104422,0.28805262,-0.92160785,0.26012409,0
1.5226225,-2.9036908,1.7466407,0.28805262,-0.92160785,0.26012409,0
-0.41945314,-0.095702171,-3.270118,-0.59232867,-0.38491333,-0.70780522,0
-1.451957,-1.7037349,-1.3635912,-0.59232867,-0.38491333,-0.70780522,0
-1.2381886,3.4557617,1.9443265,-0.75244415,-0.049805999,0.65677011,0
-0.062390327,-3.7079949,-1.5160196,-0.59232867,-0.38491333,-0.70780522,0
1.5072854,3.4592679,0.51903772,0.59232867,0.38491333,0.70780522,0
0.053728819,-2.3347383,-2.401412,-0.59232867,-0.38491333,-0.70780522,0
3.0688548,-1.2123441,0.40408456,0.75244415,0.049805999,-0.65677011,0
-0.83841121,-3.5484366,1.6827886,0.28805262,-0.92160785,0.26012409,0
-2.7484107,2.7707849,0.040971279,-0.75244415,-0.049805999,0.65677011,0
0.20868921,2.2596366,2.225132,0.59232867,0.38491333,0.70780522,0
0.94901407,4.1633015,0.28929305,-0.28805262,0.92160785,-0.26012409,0
0.32372475,1.6204029,2.3869317,0.59232867,0.38491333,0.70780522,0
-0.83574623,3.8762431,1.442421,-0.28805262,0.92160785,-0.26012409,0
0.68705148,1.6888456,-2.1961401,0.75244415,0.049805999,-0.65677011,0
-0.23675013,-3.3536627,1.6988347,0.28805262,-0.92160785,0.26012409,0
-0.77815247,1.9384601,2.3801403,-0.75244415,-0.049805999,0.65677011,0
0.0534091,-0.029200315,3.11131,-0.75244415,-0.049805999,0.65677011,0
-0.62605023,-3.9983552,-0.10159302,0.28805262,-0.92160785,0.26012409,0
2.8644607,-1.0126925,1.6328205,0.59232867,0.38491333,0.70780522,0
-1.2138027,-3.9950418,-0.3758738,-0.59232867,-0.38491333,-0.70780522,0
1.6214954,2.9389954,-0.87112904,0.75244415,0.049805999,-0.65677011,0
0.0082457066,1.8197291,2.4181871,0.59232867,0.38491333,0.70780522,0
2.6591787,-2.5624745,-0.30001092,0.75244415,0.049805999,-0.65677011,0
-0.39438462,1.1904624,2.7550251,-0.75244415,-0.049805999,0.65677011,0
-0.9436205,3.2205629,-0.9016943,-0.28805262,0.92160785,-0.26012409,0
-0.80380207,3.4200087,-0.3440845,-0.28805262,0.92160785,-0.26012409,0
-2.2793269,-2.5663025,0.34337378,-0.75244415,-0.049805999,0.65677011,0
-0.37959266,-2.7135189,-1.7556565,-0.59232867,-0.38491333,-0.70780522,0
-0.41022575,-0.091180563,2.4614496,-0.75244415,-0.049805999,0.65677011,0
1.0527929,0.99475241,-1.9154004,0.75244415,0.049805999,-0.65677011,0
3.1154394,-1.1842732,1.5184181,0.59232867,0.38491333,0.70780522,0
-1.9690049,2.4847803,-2.3287442,-0.28805262,0.92160785,-0.26012409,0
0.79357129,0.56121206,-2.1730886,0.75244415,0.049805999,-0.65677011,0
3.1146669,-0.38709927,0.50436676,0.75244415,0.049805999,-0.65677011,0
-1.3571253,-3.893249,1.202107,-0.75244415,-0.049805999,0.65677011,0
1.6344223,-1.0007893,2.618475,0.59232867,0.38491333,0.70780522,0
-0.8003571,-1.0496171,2.0925832,-0.75244415,-0.049805999,0.65677011,0
1.5631179,-2.3748403,-1.5854483,0.75244415,0.049805999,-0.65677011,0
0.95653576,-0.10979438,-1.8766669,0.75244415,0.049805999,-0.65677011,0
2.1860909,3.1656039,-0.17347765,0.75244415,0.049805999,-0.65677011,0
2.228472,-2.3125224,2.820987,0.59232867,0.38491333,0.70780522,0
0.32360208,0.79727781,-2.5839782,0.75244415,0.049805999,-0.65677011,0
1.6716859,-3.6860757,-1.1107998,0.28805262,-0.92160785,0.26012409,0
1.2964933,2.4463074,1.1842825,0.59232867,0.38491333,0.70780522,0
-0.25053549,3.7467353,0.15500617,-0.28805262,0.92160785,-0.26012409,0
-0.60939062,-3.4111161,2.0607014,-0.75244415,-0.049805999,0.65677011,0
1.531173,-1.2265155,2.9052043,0.59232867,0.38491333,0.70780522,0
-0.97857857,3.1840374,-0.74111581,-0.28805262,0.92160785,-0.26012409,0
-0.93117833,3.1317468,-0.98883605,-0.28805262,0.92160785,-0.26012409,0
0.17517138,-0.72259843,3.1141062,-0.75244415,-0.049805999,0.65677011,0
-2.6235185,0.32472897,-1.4082656,-0.59232867,-0.38491333,-0.70780522,0
-1.1227734,1.1958784,-3.2958777,-0.59232867,-0.38491333,-0.70780522,0
0.99207795,0.7294246,-1.8537635,0.75244415,0.049805999,-0.65677011,0
-2.1707404,1.6358898,-2.5943861,-0.59232867,-0.38491333,-0.70780522,0
-1.3837106,3.4832621,0.040150166,-0.28805262,0.92160785,-0.26012409,0
1.1214845,-2.8081944,2.606729,0.28805262,-0.92160785,0.26012409,0
0.98647892,-2.4764445,-2.087316,0.75244415,0.049805999,-0.65677011,0
-2.9868994,-1.2351542,-0.34710038,-0.59232867,-0.38491333,-0.70780522,0
0.21621084,0.46538854,3.0291321,0.59232867,0.38491333,0.70780522,0
-0.76399016,2.4053171,-3.6620073,0.75244415,0.049805999,-0.65677011,0
1.2080383,-1.7608458,-1.8157177,0.75244415,0.049805999,-0.65677011,0
-0.68771815,-1.0999486,-2.2602434,-0.59232867,-0.38491333,-0.70780522,0
-1.2114378,-3.9528296,-0.36934185,-0.59232867,-0.38491333,-0.70780522,0
1.9287539,3.820981,-0.27222776,0.59232867,0.38491333,0.70780522,0
0.62166578,3.8043668,-0.31333494,-0.28805262,0.92160785,-0.26012409,0
-1.7362108,3.1609755,-0.10834646,-0.28805262,0.92160785,-0.26012409,0
-0.3788296,3.530118,-0.42604446,-0.28805262,0.92160785,-0.26012409,0
2.3279226,-3.1635561,-0.1641295,0.28805262,-0.92160785,0.26012409,0
-0.37936443,3.2050319,-1.3637164,-0.28805262,0.92160785,-0.26012409,0
0.56436157,-3.9132993,-1.1041105,0.28805262,-0.92160785,0.26012409,0
0.87398648,-2.0290475,3.9268911,0.59232867,0.38491333,0.70780522,0
-1.3918836,0.52781677,-2.537189,-0.59232867,-0.38491333,-0.70780522,0
-1.3827044,1.6207918,1.5383617,-0.75244415,-0.049805999,0.65677011,0
-0.41588902,-1.7827972,2.3774571,-0.75244415,-0.049805999,0.65677011,0
1.2340674,0.67903864,2.1290858,0.59232867,0.38491333,0.70780522,0
-3.0406966,2.5200427,-1.3096004,-0.28805262,0.92160785,-0.26012409,0
-0.89368057,2.5099082,-3.4657745,-0.28805262,0.92160785,-0.26012409,0
-1.2614577,3.2287252,-0.25757194,-0.28805262,0.92160785,-0.26012409,0
0.68893981,-1.1646888,-2.197186,0.75244415,0.049805999,-0.65677011,0
-0.32975614,-0.60289228,2.6896954,-0.75244415,-0.049805999,0.65677011,0
-2.4035544,-1.2084742,0.34135127,-0.75244415,-0.049805999,0.65677011,0
-1.8592546,-0.19330394,-1.8831139,-0.59232867,-0.38491333,-0.70780522,0
-0.011236072,-3.82042,-1.4685559,-0.59232867,-0.38491333,-0.70780522,0
0.96888977,2.9429486,-1.7037821,0.75244415,0.049805999,-0.65677011,0
3.2552371,-1.4434445,1.7201328,0.59232867,0.38491333,0.70780522,0
-1.0468408,1.298502,1.819545,-0.75244415,-0.049805999,0.65677011,0
-0.98887587,-2.5292759,1.6087058,-0.75244415,-0.049805999,0.65677011,0
0.36954618,-0.65607953,3.4552517,-0.75244415,-0.049805999,0.65677011,0
2.8970973,-1.4053837,0.088108778,0.75244415,0.049805999,-0.65677011,0
-3.6522131,1.5878099,-1.1689849,-0.75244415,-0.049805999,0.65677011,0
1.1283383,-0.0093890429,-1.7113056,0.75244415,0.049805999,-0.65677011,0
-0.45804787,-2.9256063,-1.4709103,-0.59232867,-0.38491333,-0.70780522,0
1.1501181,0.13329205,2.5227528,0.59232867,0.38491333,0.70780522,0
-1.8659376,-2.8633075,-0.37452769,-0.59232867,-0.38491333,-0.70780522,0
-1.3592772,2.8380871,-1.831449,-0.28805262,0.92160785,-0.26012409,0
2.4460306,-2.870168,-0.33290052,0.75244415,0.049805999,-0.65677011,0
1.022525,-4.0021029,-2.0540771,0.28805262,-0.92160785,0.26012409,0
-0.79185987,-1.3399957,-2.0593519,-0.59232867,-0.38491333,-0.70780522,0
-3.5732527,2.4195917,-1.1350119,-0.28805262,0.92160785,-0.26012409,0
1.6955166,-2.9589481,1.3883555,0.28805262,-0.92160785,0.26012409,0
1.196137,1.4991332,1.6528847,0.59232867,0.38491333,0.70780522,0
0.83360845,-3.3696766,0.47658348,0.28805262,-0.92160785,0.26012409,0
-3.8141911,1.9937571,-1.4598477,-0.59232867,-0.38491333,-0.70780522,0
-1.0187528,3.4899955,-0.23776531,-0.28805262,0.92160785,-0.26012409,0
1.5492452,-2.1736825,-1.3055812,0.75244415,0.049805999,-0.65677011,0
2.0459886,-2.99296,-0.97635686,0.75244415,0.049805999,-0.65677011,0
-2.9758766,1.6415642,-1.9822478,-0.59232867,-0.38491333,-0.70780522,0
-0.078533411,-2.9750659,2.8714821,-0.75244415,-0.049805999,0.65677011,0
0.058053851,-3.7515554,0.21032119,0.28805262,-0.92160785,0.26012409,0
0.94154334,-2.2999296,3.7972491,-0.75244415,-0.049805999,0.65677011,0
-0.39207911,-0.47201055,-2.8683684,-0.59232867,-0.38491333,-0.70780522,0
-0.1926496,1.7097716,2.7704716,0.59232867,0.38491333,0.70780522,0
0.94023871,-1.6593168,3.638118,0.59232867,0.38491333,0.70780522,0
1.6172082,3.1559501,0.51938605,0.59232867,0.38491333,0.70780522,0
2.4938512,-0.36876547,-0.10171363,0.75244415,0.049805999,-0.65677011,0
0.070263624,0.46647096,3.0862191,-0.75244415,-0.049805999,0.65677011,0
-0.98247647,2.7520123,-2.8657563,-0.28805262,0.92160785,-0.26012409,0
0.067214489,2.6033001,2.0457487,0.59232867,0.38491333,0.70780522,0
0.35536218,-0.96095192,3.3365765,-0.75244415,-0.049805999,0.65677011,0
3.3965604,-0.31192017,0.95495021,0.59232867,0.38491333,0.70780522,0
-0.20022893,-2.8813598,-1.9302781,-0.59232867,-0.38491333,-0.70780522,0
2.0101039,-3.0237515,0.48579264,0.28805262,-0.92160785,0.26012409,0
-1.1989281,-2.0071917,-1.5756032,-0.59232867,-0.38491333,-0.70780522,0
0.54487395,1.1575164,-2.433372,0.75244415,0.049805999,-0.65677011,0
0.92044389,-3.3212504,-2.3531156,0.75244415,0.049805999,-0.65677011,0
1.87428,-2.0973072,2.9700458,0.59232867,0.38491333,0.70780522,0
-3.199343,1.4247229,-1.6833042,-0.59232867,-0.38491333,-0.70780522,0
1.8071961,0.022037268,-0.99961865,0.75244415,0.049805999,-0.65677011,0
-0.78419232,-2.7475791,-1.5150717,-0.59232867,-0.38491333,-0.70780522,0
-0.056400061,-4.1233826,-1.1014824,0.28805262,-0.92160785,0.26012409,0
2.342144,-2.8905659,0.3952744,0.28805262,-0.92160785,0.26012409,0
-2.5385628,0.18980289,0.14064033,-0.75244415,-0.049805999,0.65677011,0
-1.5600791,-2.6066823,-0.86718917,-0.59232867,-0.38491333,-0.70780522,0
2.2356114,-3.0991454,-0.20655775,0.28805262,-0.92160785,0.26012409,0
-2.1208689,0.7059592,-2.0681648,-0.59232867,-0.38491333,-0.70780522,0
-2.1927738,2.7737644,-0.87081623,-0.28805262,0.92160785,-0.26012409,0
2.1704044,3.2691984,-0.014282942,0.59232867,0.38491333,0.70780522,0
0.26971209,3.1222475,-2.5162838,-0.28805262,0.92160785,-0.26012409,0
0.81741881,2.7139473,1.4704895,0.59232867,0.38491333,0.70780522,0
-0.90073866,-3.9862731,0.32857084,0.28805262,-0.92160785,0.26012409,0
1.0150826,-1.313411,3.3212752,0.59232867,0.38491333,0.70780522,0
-0.071567416,-3.3606541,1.8648531,0.28805262,-0.92160785,0.26012409,0
-3.3984728,0.73297107,-0.82684755,-0.75244415,-0.049805999,0.65677011,0
1.4426005,1.6822265,1.5359203,0.59232867,0.38491333,0.70780522,0
-0.86548412,3.2287169,-1.1021268,-0.28805262,0.92160785,-0.26012409,0
-0.48344922,-1.5325264,-2.366025,-0.59232867,-0.38491333,-0.70780522,0
0.081902742,0.65964842,-2.8892522,0.75244415,0.049805999,-0.65677011,0
0.88160717,-3.2181623,0.77882361,0.28805262,-0.92160785,0.26012409,0
0.49710551,-3.7018301,-0.55584836,0.28805262,-0.92160785,0.26012409,0
2.5512595,0.92985404,1.0078492,0.59232867,0.38491333,0.70780522,0
-1.4152577,-3.9396009,0.72570229,0.28805262,-0.92160785,0.26012409,0
1.7946872,2.5362766,-0.77461433,0.75244415,0.049805999,-0.65677011,0
-1.2789273,2.9172761,1.8049974,-0.75244415,-0.049805999,0.65677011,0
0.45703745,-4.082046,-1.2199659,0.28805262,-0.92160785,0.26012409,0
1.523388,-1.3806477,-1.3439633,0.75244415,0.049805999,-0.65677011,0
-0.922948,-0.02099359,1.9573971,-0.75244415,-0.049805999,0.65677011,0
1.3452204,-1.4808404,-1.5840421,0.75244415,0.049805999,-0.65677011,0
3.8489063,-1.9883878,1.4871337,0.59232867,0.38491333,0.70780522,0
-2.5660825,-0.98202801,-0.09910816,-0.75244415,-0.049805999,0.65677011,0
0.16715598,-2.241456,3.1674557,-0.75244415,-0.049805999,0.65677011,0
3.3066444,-2.4136307,1.2252274,0.28805262,-0.92160785,0.26012409,0
-0.96063423,-2.1489408,1.7751563,-0.75244415,-0.049805999,0.65677011,0
-2.9865909,2.6909285,-0.91188145,-0.28805262,0.92160785,-0.26012409,0
0.90060854,1.8496441,-1.921782,0.75244415,0.049805999,-0.65677011,0
0.99121892,3.8328977,-1.2703514,-0.28805262,0.92160785,-0.26012409,0
2.9290543,-2.1275568,2.3650362,0.59232867,0.38491333,0.70780522,0
1.9010775,3.365212,-0.5217967,0.75244415,0.049805999,-0.65677011,0
2.5233824,-1.42588,2.224194,0.59232867,0.38491333,0.70780522,0
2.3692577,1.4932346,-0.13554263,0.75244415,0.049805999,-0.65677011,0
1.0269992,-2.428678,-2.1988983,0.75244415,0.049805999,-0.65677011,0
-2.0095897,-3.5724564,0.32072711,-0.75244415,-0.049805999,0.65677011,0
-2.3146775,1.2279581,-2.1528773,-0.59232867,-0.38491333,-0.70780522,0
-0.59471512,2.5094397,-3.5269849,-0.28805262,0.92160785,-0.26012409,0
-0.98377204,-2.3843398,1.7716906,-0.75244415,-0.049805999,0.65677011,0
-2.092433,1.7281203,0.76727277,-0.75244415,-0.049805999,0.65677011,0
0.9117949,-2.8226287,2.2499146,0.28805262,-0.92160785,0.26012409,0
-0.81615686,-2.0391188,-1.8373308,-0.59232867,-0.38491333,-0.70780522,0
-0.012343645,1.1196464,2.9373641,0.59232867,0.38491333,0.70780522,0
2.054791,-2.6829295,1.3110111,0.28805262,-0.92160785,0.26012409,0
-1.702513,2.813323,-1.9429486,-0.28805262,0.92160785,-0.26012409,0
2.1475978,-2.9483242,0.70936465,0.28805262,-0.92160785,0.26012409,0
-2.467031,1.3630812,0.31252527,-0.75244415,-0.049805999,0.65677011,0
-1.4746668,2.5140927,-3.1560109,-0.28805262,0.92160785,-0.26012409,0
1.0512173,-1.7563592,3.6593802,0.59232867,0.38491333,0.70780522,0
-0.23537254,0.0099986792,2.7647943,-0.75244415,-0.049805999,0.65677011,0
0.21793509,3.8576057,1.1227951,0.59232867,0.38491333,0.70780522,0
3.3490579,-1.0829071,0.58345115,0.75244415,0.049805999,-0.65677011,0
0.029082656,-3.7520292,0.48992968,0.28805262,-0.92160785,0.26012409,0
-0.31554365,2.4059978,-3.3340898,0.75244415,0.049805999,-0.65677011,0
-1.5187571,0.88191545,1.2801716,-0.75244415,-0.049805999,0.65677011,0
-3.1208191,0.37079191,-0.39001656,-0.75244415,-0.049805999,0.65677011,0
-0.29956663,-0.90444362,2.589021,-0.75244415,-0.049805999,0.65677011,0
-1.3885022,-3.4987144,-0.36909389,-0.59232867,-0.38491333,-0.70780522,0
-0.75684077,-3.7887614,0.54253459,0.28805262,-0.92160785,0.26012409,0
-0.51762277,3.2620885,-1.3643012,-0.28805262,0.92160785,-0.26012409,0
2.3768642,0.77491617,1.2341018,0.59232867,0.38491333,0.70780522,0
2.5618076,1.4633265,0.56882215,0.59232867,0.38491333,0.70780522,0
-1.4499109,3.1288791,-0.40785909,-0.28805262,0.92160785,-0.26012409,0
-0.35616922,3.1054616,2.0519953,0.59232867,0.38491333,0.70780522,0
0.62061286,2.3924334,1.8259771,0.59232867,0.38491333,0.70780522,0
2.9368815,-2.789676,0.37730074,0.28805262,-0.92160785,0.26012409,0
-1.6516659,2.7700462,-1.7752247,-0.28805262,0.92160785,-0.26012409,0
-1.6922781,2.0581908,-3.2531092,-0.59232867,-0.38491333,-0.70780522,0
-0.95687139,-0.11578214,1.8425057,-0.75244415,-0.049805999,0.65677011,0
-1.8161426,-3.7316608,0.053585052,-0.59232867,-0.38491333,-0.70780522,0
-1.6414721,-2.0610111,-0.9568463,-0.59232867,-0.38491333,-0.70780522,0
2.470603,0.89933634,1.0789661,0.59232867,0.38491333,0.70780522,0
1.5078614,4.0270801,-0.75463104,-0.28805262,0.92160785,-0.26012409,0
0.89336574,-2.7848368,2.2846417,0.28805262,-0.92160785,0.26012409,0
1.1366997,2.5242119,-1.4706881,0.75244415,0.049805999,-0.65677011,0
-2.7292364,-1.0128767,-0.68039113,-0.59232867,-0.38491333,-0.70780522,0
-2.4335241,-0.99681032,-0.9999423,-0.59232867,-0.38491333,-0.70780522,0
0.078865111,-3.2909651,1.701745,0.28805262,-0.92160785,0.26012409,0
0.94434428,-2.7258625,2.7323978,0.28805262,-0.92160785,0.26012409,0
-0.56973517,3.6380506,2.0868254,0.59232867,0.38491333,0.70780522,0
-0.26433283,3.9777038,0.72803521,-0.28805262,0.92160785,-0.26012409,0
-2.3137069,-0.70159781,-1.197861,-0.59232867,-0.38491333,-0.70780522,0
-0.51491606,3.8114524,1.754114,0.59232867,0.38491333,0.70780522,0
0.88971108,3.9017694,-0.27460289,-0.28805262,0.92160785,-0.26012409,0
1.5497125,3.5972471,-1.0051076,0.75244415,0.049805999,-0.65677011,0
-0.85282159,-3.8283005,-0.60232735,-0.59232867,-0.38491333,-0.70780522,0
2.600661,-0.21600604,-0.032856643,0.75244415,0.049805999,-0.65677011,0
-0.39117336,-3.8009665,0.089617729,0.28805262,-0.92160785,0.26012409,0
0.050418854,-3.5824616,-1.4916006,-0.59232867,-0.38491333,-0.70780522,0
-1.8502572,3.4149268,0.75223446,-0.28805262,0.92160785,-0.26012409,0
2.3470714,-2.05845,2.546226,0.59232867,0.38491333,0.70780522,0
-0.64127511,3.4823339,-0.17817926,-0.28805262,0.92160785,-0.26012409,0
2.6285825,-2.0710375,2.4985898,0.59232867,0.38491333,0.70780522,0
3.7866659,-1.4698215,1.2009072,0.59232867,0.38491333,0.70780522,0
0.69415534,-3.9150581,-1.8680302,-0.59232867,-0.38491333,-0.70780522,0
1.9005229,-2.5305314,2.6497731,0.28805262,-0.92160785,0.26012409,0
-1.49536,2.786849,-1.6344986,-0.28805262,0.92160785,-0.26012409,0
1.5593646,1.5198271,1.3621386,0.59232867,0.38491333,0.70780522,0
-0.80289412,1.3406473,-3.6037996,-0.59232867,-0.38491333,-0.70780522,0
-0.62376928,-4.168942,-0.67353415,-0.59232867,-0.38491333,-0.70780522,0
3.0665433,-0.59206879,1.4255105,0.59232867,0.38491333,0.70780522,0
2.2045541,-2.0147986,2.7437446,0.59232867,0.38491333,0.70780522,0
-0.11526442,3.1530306,-2.4277189,-0.28805262,0.92160785,-0.26012409,0
-0.81955016,-3.7739108,1.1372132,0.28805262,-0.92160785,0.26012409,0
-2.2488267,2.2520804,0.71026325,-0.75244415,-0.049805999,0.65677011,0
-0.25401998,3.9315372,0.85712004,-0.28805262,0.92160785,-0.26012409,0
1.071542,3.9970026,0.41989064,0.59232867,0.38491333,0.70780522,0
-2.1618326,-0.43292022,-1.4708998,-0.59232867,-0.38491333,-0.70780522,0
2.4588017,1.080487,-0.25306028,0.75244415,0.049805999,-0.65677011,0
3.1194816,-2.3174386,2.1661115,0.28805262,-0.92160785,0.26012409,0
1.0832772,-1.5738583,3.4729593,0.59232867,0.38491333,0.70780522,0
-2.4738538,-0.7272191,-1.1655238,-0.59232867,-0.38491333,-0.70780522,0
1.3982687,-2.5575528,-1.7221632,0.75244415,0.049805999,-0.65677011,0
1.2542245,-3.2476122,0.53594542,0.28805262,-0.92160785,0.26012409,0
-0.78487653,0.65888441,2.2208774,-0.75244415,-0.049805999,0.65677011,0
1.5631733,-3.1427207,0.59471178,0.28805262,-0.92160785,0.26012409,0
0.69827914,-0.51951027,3.1507666,0.59232867,0.38491333,0.70780522,0
-1.6766717,-0.17587495,1.2397654,-0.75244415,-0.049805999,0.65677011,0
0.071640015,-1.039892,3.1707153,-0.75244415,-0.049805999,0.65677011,0
0.20809358,3.4417586,-1.672307,-0.28805262,0.92160785,-0.26012409,0
0.18092418,-1.5265092,3.02458,-0.75244415,-0.049805999,0.65677011,0
2.8188443,-1.8487114,2.1468337,0.59232867,0.38491333,0.70780522,0
2.0331316,-0.232732,1.8669083,0.59232867,0.38491333,0.70780522,0
1.307999,-3.2709775,0.57957268,0.28805262,-0.92160785,0.26012409,0
-0.81103623,2.1868393,2.1926715,-0.75244415,-0.049805999,0.65677011,0
-0.84291077,2.7944102,-2.4995868,-0.28805262,0.92160785,-0.26012409,0
-0.05099225,0.75666678,-3.0431209,0.75244415,0.049805999,-0.65677011,0
1.0014732,-0.70700008,3.1879315,0.59232867,0.38491333,0.70780522,0
-0.85640764,-0.24476448,-2.7520454,-0.59232867,-0.38491333,-0.70780522,0
-0.77152622,2.9442203,-2.1413505,-0.28805262,0.92160785,-0.26012409,0
0.27279067,-1.2539362,3.3793931,-0.75244415,-0.049805999,0.65677011,0
-2.7949498,0.22381735,-0.036597282,-0.75244415,-0.049805999,0.65677011,0
2.1190503,-3.3126855,-0.79537988,0.75244415,0.049805999,-0.65677011,0
-1.1399703,2.9267507,2.0667226,-0.75244415,-0.049805999,0.65677011,0
0.42254746,-0.82112873,-2.5708849,0.75244415,0.049805999,-0.65677011,0
-0.76679778,-3.6773162,-1.0314167,-0.59232867,-0.38491333,-0.70780522,0
-1.1873868,-4.1498961,-0.033168793,0.28805262,-0.92160785,0.26012409,0
3.4144692,-0.41053343,0.87579685,0.59232867,0.38491333,0.70780522,0
-0.81421304,-2.6647925,1.9052651,-0.75244415,-0.049805999,0.65677011,0
-0.23813239,-3.4203305,1.5995159,0.28805262,-0.92160785,0.26012409,0
-0.24592805,2.9150271,-2.9245749,-0.28805262,0.92160785,-0.26012409,0
0.87613654,-3.1452954,1.2423186,0.28805262,-0.92160785,0.26012409,0
-1.5960703,1.0401914,1.1562896,-0.75244415,-0.049805999,0.65677011,0
-0.08694452,3.7735851,-0.30431223,-0.28805262,0.92160785,-0.26012409,0
2.2503388,0.42383456,-0.40981141,0.75244415,0.049805999,-0.65677011,0
-0.9986043,2.6214545,-3.3250129,-0.28805262,0.92160785,-0.26012409,0
-1.4903733,-1.5315382,1.2937843,-0.75244415,-0.049805999,0.65677011,0
-1.8707106,0.16654435,-2.1526456,-0.59232867,-0.38491333,-0.70780522,0
-2.5366461,2.2167253,-2.513649,-0.59232867,-0.38491333,-0.70780522,0
0.69518363,0.26790524,-2.1986623,0.75244415,0.049805999,-0.65677011,0
-1.0907309,2.3742146,-3.7143979,-0.28805262,0.92160785,-0.26012409,0
0.83558089,3.2501888,-1.700279,0.75244415,0.049805999,-0.65677011,0
2.9499564,-2.4317672,1.4212098,0.28805262,-0.92160785,0.26012409,0
1.3334818,-2.0195923,-1.564329,0.75244415,0.049805999,-0.65677011,0
0.15561676,-0.24174547,-2.9051425,0.75244415,0.049805999,-0.65677011,0
-0.33694386,-3.0327733,-1.4613943,-0.59232867,-0.38491333,-0.70780522,0
-1.8661473,2.2103896,-3.1159816,-0.59232867,-0.38491333,-0.70780522,0
-1.863629,-3.668664,0.49221826,-0.75244415,-0.049805999,0.65677011,0
-2.8912711,2.5461929,-1.3355272,-0.28805262,0.92160785,-0.26012409,0
0.42026901,1.2100134,2.5087998,0.59232867,0.38491333,0.70780522,0
1.7556007,-0.9579978,-1.1026142,0.75244415,0.049805999,-0.65677011,0
1.3688617,-3.3925662,-1.8370812,0.75244415,0.049805999,-0.65677011,0
-0.47116184,-0.65439522,-2.7686169,-0.59232867,-0.38491333,-0.70780522,0
2.625948,0.49172974,1.1189623,0.59232867,0.38491333,0.70780522,0
0.48147607,-2.8505125,2.8477733,0.28805262,-0.92160785,0.26012409,0
0.40651059,3.9869568,0.94135118,0.59232867,0.38491333,0.70780522,0
-1.6724968,2.513319,-2.7064719,-0.28805262,0.92160785,-0.26012409,0
-2.0270209,2.9224882,-1.2293968,-0.28805262,0.92160785,-0.26012409,0
-1.443656,-2.5120964,1.3472071,-0.75244415,-0.049805999,0.65677011,0
-0.29707265,2.3531404,2.4416587,0.59232867,0.38491333,0.70780522,0
1.2122258,-3.8349507,-1.469655,0.28805262,-0.92160785,0.26012409,0
2.4990349,-0.13520741,-0.096481383,0.75244415,0.049805999,-0.65677011,0
3.2226384,0.25945854,0.79089284,0.59232867,0.38491333,0.70780522,0
3.5363376,-1.1982177,0.99740136,0.75244415,0.049805999,-0.65677011,0
2.0512176,-3.3000302,-0.50804639,0.28805262,-0.92160785,0.26012409,0
-1.1067178,-0.91496813,1.7445152,-0.75244415,-0.049805999,0.65677011,0
2.8431048,-0.66089904,1.6528383,0.59232867,0.38491333,0.70780522,0
-0.44999051,2.9369466,-2.7872691,-0.28805262,0.92160785,-0.26012409,0
2.1574183,3.2231667,-0.37128901,0.75244415,0.049805999,-0.65677011,0
0.088834524,-2.8859477,-2.1708467,-0.59232867,-0.38491333,-0.70780522,0
-3.2214141,1.9339267,-1.9859478,-0.59232867,-0.38491333,-0.70780522,0
0.89143085,3.0864162,1.2114264,0.59232867,0.38491333,0.70780522,0
-1.1370687,1.2176014,-3.1762924,-0.59232867,-0.38491333,-0.70780522,0
-3.0159624,0.51195753,-1.4046931,-0.59232867,-0.38491333,-0.70780522,0
-0.9381094,-2.3726439,-1.5219338,-0.59232867,-0.38491333,-0.70780522,0
-0.75422812,-4.0134706,0.030478001,0.28805262,-0.92160785,0.26012409,0
1.9232931,-2.000463,2.9836805,0.59232867,0.38491333,0.70780522,0
-3.3362064,0.52210855,-1.0221959,-0.59232867,-0.38491333,-0.70780522,0
-1.5609157,2.2398694,1.3421412,-0.75244415,-0.049805999,0.65677011,0
0.095312119,1.771189,-2.8058336,0.75244415,0.049805999,-0.65677011,0
-1.6116309,-2.5217299,1.1249561,-0.75244415,-0.049805999,0.65677011,0
0.40152687,-3.548193,0.55823159,0.28805262,-0.92160785,0.26012409,0
0.63257575,-1.9243242,-2.4950843,0.75244415,0.049805999,-0.65677011,0
0.45917666,2.031805,-2.3412251,0.75244415,0.049805999,-0.65677011,0
0.39050794,2.9730709,1.4844104,0.59232867,0.38491333,0.70780522,0
1.0519935,3.7893229,-1.5053034,-0.28805262,0.92160785,-0.26012409,0
-2.5803332,-0.37598109,0.028741285,-0.75244415,-0.049805999,0.65677011,0
1.0817986,2.1654108,1.4529768,0.59232867,0.38491333,0.70780522,0
1.1565063,-2.7601213,2.5517507,0.28805262,-0.92160785,0.26012409,0
-3.6276655,2.1731114,-0.87206721,-0.75244415,-0.049805999,0.65677011,0
-1.354888,2.574646,-2.8716753,-0.28805262,0.92160785,-0.26012409,0
1.5287867,-3.0794172,0.64926219,0.28805262,-0.92160785,0.26012409,0
2.0105093,-0.40232116,2.1985133,0.59232867,0.38491333,0.70780522,0
-0.76739848,3.0744233,2.4001915,0.59232867,0.38491333,0.70780522,0
-2.5029712,-0.29104996,0.18073998,-0.75244415,-0.049805999,0.65677011,0
1.5794513,-1.072152,2.838285,0.59232867,0.38491333,0.70780522,0
-0.83383632,-3.8832769,0.88920689,0.28805262,-0.92160785,0.26012409,0
0.72974861,0.52507448,-2.102931,0.75244415,0.049805999,-0.65677011,0
-2.7355795,-0.51815295,-0.060393542,-0.75244415,-0.049805999,0.65677011,0
-2.1018233,-2.5623634,0.59318495,-0.75244415,-0.049805999,0.65677011,0
2.8647208,0.8044014,0.68716401,0.59232867,0.38491333,0.70780522,0
3.00419,-2.1151657,2.0855634,0.59232867,0.38491333,0.70780522,0
-0.88236129,-3.9036555,-0.68717813,-0.59232867,-0.38491333,-0.70780522,0
-2.7373195,-0.29936552,-1.1277454,-0.59232867,-0.38491333,-0.70780522,0
1.1425313,4.040863,-0.18578482,-0.28805262,0.92160785,-0.26012409,0
-0.90224719,-2.308187,-1.5425258,-0.59232867,-0.38491333,-0.70780522,0
-1.8597025,-4.1872473,0.63711882,0.28805262,-0.92160785,0.26012409,0
-0.33404362,2.897012,-2.4531138,-0.28805262,0.92160785,-0.26012409,0
0.43894863,-3.0318704,2.2560434,0.28805262,-0.92160785,0.26012409,0
2.5765383,1.4210449,0.69172096,0.59232867,0.38491333,0.70780522,0
2.2148795,-2.3013325,-0.80560791,0.75244415,0.049805999,-0.65677011,0
1.0719607,-3.2688649,-1.9883394,0.75244415,0.049805999,-0.65677011,0
-2.256619,2.4307582,-2.5193334,-0.28805262,0.92160785,-0.26012409,0
0.14691281,-2.3039184,3.1361022,-0.75244415,-0.049805999,0.65677011,0
-1.9240988,-2.7608876,-0.54832578,-0.59232867,-0.38491333,-0.70780522,0
-0.38440418,-3.1205034,-1.590856,-0.59232867,-0.38491333,-0.70780522,0
-0.66946733,-2.9242043,-1.2447506,-0.59232867,-0.38491333,-0.70780522,0
-0.014279366,2.0147281,-2.8111477,0.75244415,0.049805999,-0.65677011,0
-1.5447011,2.4280105,-2.8325613,-0.28805262,0.92160785,-0.26012409,0
-1.3959675,3.6928558,0.90586591,-0.28805262,0.92160785,-0.26012409,0
-1.9056562,-2.8548255,-0.33239675,-0.59232867,-0.38491333,-0.70780522,0
0.9150421,1.4607306,-1.8710167,0.75244415,0.049805999,-0.65677011,0
2.2376397,-1.0939564,-0.49757177,0.75244415,0.049805999,-0.65677011,0
-1.515797,-3.6707225,1.1602383,-0.75244415,-0.049805999,0.65677011,0
2.9784274,-2.6171784,1.0113616,0.28805262,-0.92160785,0.26012409,0
1.145128,-1.2209405,3.1043591,0.59232867,0.38491333,0.70780522,0
-1.1702154,2.8660135,-2.282125,-0.28805262,0.92160785,-0.26012409,0
2.9046085,-0.54184461,1.3079637,0.59232867,0.38491333,0.70780522,0
0.5911268,-3.039432,1.8973672,0.28805262,-0.92160785,0.26012409,0
-1.7310183,2.568578,1.1729436,-0.75244415,-0.049805999,0.65677011,0
0.28459477,-1.6164401,-2.7055402,0.75244415,0.049805999,-0.65677011,0
0.69457084,3.8944173,-0.59424305,-0.28805262,0.92160785,-0.26012409,0
-2.8750627,1.9982398,-0.095449924,-0.75244415,-0.049805999,0.65677011,0
0.76652271,3.3652954,-1.9478154,0.75244415,0.049805999,-0.65677011,0
-0.5073514,3.7979283,0.30189133,-0.28805262,0.92160785,-0.26012409,0
0.88579339,2.2321162,-1.7346809,0.75244415,0.049805999,-0.65677011,0
0.62939787,-2.7233865,3.3877871,0.28805262,-0.92160785,0.26012409,0
2.0001335,3.1728086,0.22034454,0.59232867,0.38491333,0.70780522,0
1.2340664,2.6277728,0.9876107,0.59232867,0.38491333,0.70780522,0
0.48741317,-3.7883356,-0.52457571,0.28805262,-0.92160785,0.26012409,0
1.5926144,3.9174213,-1.0753698,0.75244415,0.049805999,-0.65677011,0
2.810746,-1.8637991,2.3133714,0.59232867,0.38491333,0.70780522,0
0.73995805,-2.7599494,2.768852,0.28805262,-0.92160785,0.26012409,0
1.3519254,3.8938942,-1.3421421,0.75244415,0.049805999,-0.65677011,0
-0.5454185,0.92437416,2.5876634,-0.75244415,-0.049805999,0.65677011,0
2.0768323,-0.047994137,-0.60583806,0.75244415,0.049805999,-0.65677011,0
-0.83461815,-3.8348513,0.61683011,0.28805262,-0.92160785,0.26012409,0
-1.2461803,2.1831868,-3.7331531,-0.59232867,-0.38491333,-0.70780522,0
1.0116816,2.0684161,1.6127188,0.59232867,0.38491333,0.70780522,0
-3.6567602,1.0490967,-1.018463,-0.75244415,-0.049805999,0.65677011,0
-3.5695853,2.5184264,-0.70172954,-0.75244415,-0.049805999,0.65677011,0
2.2867517,-2.3876324,2.518621,0.28805262,-0.92160785,0.26012409,0
2.8767197,1.3620203,0.41663975,0.75244415,0.049805999,-0.65677011,0
3.4727957,-0.59289742,0.83903897,0.75244415,0.049805999,-0.65677011,0
0.94088411,3.6644926,0.6500051,0.59232867,0.38491333,0.70780522,0
0.44774485,0.2491408,3.0216413,0.59232867,0.38491333,0.70780522,0
-2.401401,2.2748942,-2.8243668,-0.28805262,0.92160785,-0.26012409,0
0.38823962,0.23035252,-2.7160339,0.75244415,0.049805999,-0.65677011,0
1.1539147,-1.3017118,-1.9526138,0.75244415,0.049805999,-0.65677011,0
3.4361355,-1.8431957,0.89463806,0.75244415,0.049805999,-0.65677011,0
-0.56152612,-3.0058856,2.3177607,-0.75244415,-0.049805999,0.65677011,0
2.8037417,-0.25454962,1.3757699,0.59232867,0.38491333,0.70780522,0
1.7356768,-2.4268899,2.7750695,0.28805262,-0.92160785,0.26012409,0
2.0629206,-2.6097896,1.9144948,0.28805262,-0.92160785,0.26012409,0
-1.0837814,3.4440813,-0.12275481,-0.28805262,0.92160785,-0.26012409,0
-1.8268353,-3.9306815,0.22492838,-0.59232867,-0.38491333,-0.70780522,0
0.56346184,3.6724374,-0.78706765,-0.28805262,0.92160785,-0.26012409,0
1.9705801,-3.2369924,0.17790842,0.28805262,-0.92160785,0.26012409,0
0.89857388,-2.6705151,-2.3219244,0.75244415,0.049805999,-0.65677011,0
-0.060693026,0.34852958,2.8739395,-0.75244415,-0.049805999,0.65677011,0
2.6187279,-2.5680044,1.3368607,0.28805262,-0.92160785,0.26012409,0
-0.43459117,3.5204909,2.0021877,0.59232867,0.38491333,0.70780522,0
-1.5978357,3.5731153,1.3342004,-0.28805262,0.92160785,-0.26012409,0
-2.0673389,2.0134845,-2.7576034,-0.59232867,-0.38491333,-0.70780522,0
-1.3790001,-2.4560869,1.1894703,-0.75244415,-0.049805999,0.65677011,0
2.098031,0.45895934,-0.60859609,0.75244415,0.049805999,-0.65677011,0
-2.5280685,0.49158418,-1.7281014,-0.59232867,-0.38491333,-0.70780522,0
0.87144053,0.14130843,-2.0443928,0.75244415,0.049805999,-0.65677011,0
0.011948049,3.6642478,-0.25914598,-0.28805262,0.92160785,-0.26012409,0
-1.6887537,3.405515,0.79214931,-0.28805262,0.92160785,-0.26012409,0
0.78038365,-3.413754,0.18310928,0.28805262,-0.92160785,0.26012409,0
0.67693192,-3.2218957,1.1048365,0.28805262,-0.92160785,0.26012409,0
-0.78169531,-0.074038625,2.1138546,-0.75244415,-0.049805999,0.65677011,0
2.0539401,-2.0716548,-0.80393457,0.75244415,0.049805999,-0.65677011,0
-0.89570802,-3.9670968,0.30957556,0.28805262,-0.92160785,0.26012409,0
0.49507332,-0.76796341,3.4575901,0.59232867,0.38491333,0.70780522,0
-0.69658989,0.52911329,2.1484435,-0.75244415,-0.049805999,0.65677011,0
-1.5587164,3.6827934,1.4258471,-0.28805262,0.92160785,-0.26012409,0
-2.9055514,1.6100079,-1.9892449,-0.59232867,-0.38491333,-0.70780522,0
-0.054205179,3.7729113,-0.20509911,-0.28805262,0.92160785,-0.26012409,0
-0.097787619,0.95112729,-3.0429187,0.75244415,0.049805999,-0.65677011,0
2.7568831,-1.7728021,0.013793111,0.75244415,0.049805999,-0.65677011,0
-1.7112799,-1.649931,-1.2885463,-0.59232867,-0.38491333,-0.70780522,0
0.57319754,3.447329,-2.1628516,-0.28805262,0.92160785,-0.26012409,0
0.67052007,-1.6857463,3.7794952,-0.75244415,-0.049805999,0.65677011,0
2.4494171,0.43523264,-0.10350388,0.75244415,0.049805999,-0.65677011,0
1.2161173,-3.2974496,0.77493811,0.28805262,-0.92160785,0.26012409,0
-1.896379,1.2191744,0.90957385,-0.75244415,-0.049805999,0.65677011,0
1.9480006,-1.1686918,-0.88643098,0.75244415,0.049805999,-0.65677011,0
-0.18384218,-1.7711562,-2.4238272,-0.59232867,-0.38491333,-0.70780522,0
2.8610168,-2.3086977,2.3310699,0.28805262,-0.92160785,0.26012409,0
-0.17743778,0.57680941,-3.1953778,0.75244415,0.049805999,-0.65677011,0
1.1916046,3.4283388,0.55927753,0.59232867,0.38491333,0.70780522,0
-0.51947665,1.9709144,2.6324291,-0.75244415,-0.049805999,0.65677011,0
0.055673122,-1.4148786,-2.8725357,-0.59232867,-0.38491333,-0.70780522,0
-1.9618047,2.7627566,-1.2312739,-0.28805262,0.92160785,-0.26012409,0
3.6640162,-2.1995559,1.5036895,0.28805262,-0.92160785,0.26012409,0
-2.0409112,3.0617723,0.87153435,-0.75244415,-0.049805999,0.65677011,0
-0.085290909,1.0304595,3.0834367,0.59232867,0.38491333,0.70780522,0
2.7089379,-1.0166091,1.9555047,0.59232867,0.38491333,0.70780522,0
-2.7496929,-1.327002,-0.28043032,-0.75244415,-0.049805999,0.65677011,0
-2.89326,0.9399659,-1.636323,-0.59232867,-0.38491333,-0.70780522,0
-1.2716558,-0.95572197,1.6568224,-0.75244415,-0.049805999,0.65677011,0
0.21363193,-3.4558191,0.88350892,0.28805262,-0.92160785,0.26012409,0
-2.6585965,1.9316908,-2.3487673,-0.59232867,-0.38491333,-0.70780522,0
3.2140827,-2.2039552,1.9988356,0.59232867,0.38491333,0.70780522,0
-1.9602158,-4.1382179,0.44522381,-0.59232867,-0.38491333,-0.70780522,0
-2.1134031,-0.90193295,0.66573507,-0.75244415,-0.049805999,0.65677011,0
-0.53495008,-3.1434529,2.232904,-0.75244415,-0.049805999,0.65677011,0
-0.52531528,-4.1014385,-0.27097106,0.28805262,-0.92160785,0.26012409,0
1.2917676,0.7753036,2.0516777,0.59232867,0.38491333,0.70780522,0
-3.014658,2.7667227,-0.094085693,-0.75244415,-0.049805999,0.65677011,0
1.2250326,4.1699185,0.25503564,-0.28805262,0.92160785,-0.26012409,0
0.67921931,0.25257695,-2.2446017,0.75244415,0.049805999,-0.65677011,0
1.032536,-2.9663014,-2.147938,0.75244415,0.049805999,-0.65677011,0
1.6418369,-2.7233324,-1.482511,0.75244415,0.049805999,-0.65677011,0
-1.5579484,-3.7147684,0.98194528,-0.75244415,-0.049805999,0.65677011,0
1.8082619,3.2560766,-0.81014657,0.75244415,0.049805999,-0.65677011,0
1.4765406,-3.5244956,-0.79011965,0.28805262,-0.92160785,0.26012409,0
-2.66785,-0.081225872,0.12308051,-0.75244415,-0.049805999,0.65677011,0
1.2598387,-2.8722296,1.7079787,0.28805262,-0.92160785,0.26012409,0
-3.1357775,-0.86209846,-0.51617122,-0.59232867,-0.38491333,-0.70780522,0
0.79311615,3.8854518,-0.51303267,-0.28805262,0.92160785,-0.26012409,0
2.1523452,-2.2337165,-0.64155519,0.75244415,0.049805999,-0.65677011,0
-0.49068838,-2.0016804,2.2106314,-0.75244415,-0.049805999,0.65677011,0
-1.0363517,-1.0500451,-2.1887677,-0.59232867,-0.38491333,-0.70780522,0
1.4408351,1.1835654,-1.3889848,0.75244415,0.049805999,-0.65677011,0
0.14624143,0.35782576,-2.881258,0.75244415,0.049805999,-0.65677011,0
0.89024568,4.0096135,0.47997689,0.59232867,0.38491333,0.70780522,0
-0.16934633,-2.7448075,-1.903403,-0.59232867,-0.38491333,-0.70780522,0
-2.827533,0.025786877,-1.0803311,-0.59232867,-0.38491333,-0.70780522,0
-1.3436117,2.3691988,1.642527,-0.75244415,-0.049805999,0.65677011,0
-2.4551547,1.6362698,-2.3863146,-0.59232867,-0.38491333,-0.70780522,0
-0.18367067,-3.7619419,0.60095191,0.28805262,-0.92160785,0.26012409,0
-0.048124909,-4.2044358,-1.0037966,0.28805262,-0.92160785,0.26012409,0
1.7276672,2.9188917,-0.89762878,0.75244415,0.049805999,-0.65677011,0
-0.84889746,0.8336888,-3.1867347,-0.59232867,-0.38491333,-0.70780522,0
0.66772163,-3.1871953,1.3731484,0.28805262,-0.92160785,0.26012409,0
0.38459563,-2.2267802,-2.5363176,-0.59232867,-0.38491333,-0.70780522,0
-3.3771529,1.9531584,-0.57383537,-0.75244415,-0.049805999,0.65677011,0
2.2766602,1.8101226,0.63881373,0.59232867,0.38491333,0.70780522,0
-0.7806927,-3.8331439,-0.88284039,-0.59232867,-0.38491333,-0.70780522,0
0.95857263,-1.7002028,3.623956,0.59232867,0.38491333,0.70780522,0
1.9094534,-1.7906942,-0.94170272,0.75244415,0.049805999,-0.65677011,0
1.0185038,-3.3204122,-2.0976906,0.75244415,0.049805999,-0.65677011,0
2.9878435,-2.1292338,0.30365872,0.75244415,0.049805999,-0.65677011,0
-2.8817184,2.5543051,-1.2345665,-0.28805262,0.92160785,-0.26012409,0
1.3780336,-0.12779069,-1.5692413,0.75244415,0.049805999,-0.65677011,0
2.5910234,-2.0013947,-0.13279295,0.75244415,0.049805999,-0.65677011,0
1.1930118,-2.7268629,2.5937471,0.28805262,-0.92160785,0.26012409,0
-0.87742591,-0.19610238,-2.7807782,-0.59232867,-0.38491333,-0.70780522,0
-1.8799162,-2.7271104,-0.58318973,-0.59232867,-0.38491333,-0.70780522,0
-0.18597627,0.41743112,2.7558546,-0.75244415,-0.049805999,0.65677011,0
2.7762427,-2.7139313,0.028982878,0.75244415,0.049805999,-0.65677011,0
2.41011,-3.0385013,-0.56127024,0.75244415,0.049805999,-0.65677011,0
2.3479464,2.2879777,-0.063401461,0.75244415,0.049805999,-0.65677011,0
0.93185091,-3.6734123,-2.1501746,0.75244415,0.049805999,-0.65677011,0
0.47667444,3.7664814,-0.58521771,-0.28805262,0.92160785,-0.26012409,0
-2.2399817,2.960022,-0.58662558,-0.28805262,0.92160785,-0.26012409,0
1.6645701,-3.3518813,-0.27757287,0.28805262,-0.92160785,0.26012409,0
-0.37075657,3.7723923,0.33795738,-0.28805262,0.92160785,-0.26012409,0
0.43328622,-3.7411714,-0.12104011,0.28805262,-0.92160785,0.26012409,0
-0.26792741,-0.53244841,-3.0447552,-0.59232867,-0.38491333,-0.70780522,0
-2.0844989,-1.9900048,0.51414096,-0.75244415,-0.049805999,0.65677011,0
0.50146127,-1.7479012,3.5286467,-0.75244415,-0.049805999,0.65677011,0
1.8017753,-3.5834665,-1.088418,0.28805262,-0.92160785,0.26012409,0
2.2156327,-2.6921866,-0.66815734,0.75244415,0.049805999,-0.65677011,0
-3.1395323,-0.091745615,-0.85522592,-0.59232867,-0.38491333,-0.70780522,0
0.61976254,-3.4423668,0.87859797,0.28805262,-0.92160785,0.26012409,0
0.98511213,-3.7490988,-1.1560953,0.28805262,-0.92160785,0.26012409,0
-1.4338477,2.8555429,-1.3718021,-0.28805262,0.92160785,-0.26012409,0
-1.730212,-0.023736954,0.97968823,-0.75244415,-0.049805999,0.65677011,0
3.1264374,-1.3338304,1.6212056,0.59232867,0.38491333,0.70780522,0
0.82075357,-0.791637,3.1605475,0.59232867,0.38491333,0.70780522,0
1.8568549,1.0051289,1.5213249,0.59232867,0.38491333,0.70780522,0
0.84918714,-3.0763471,1.2689164,0.28805262,-0.92160785,0.26012409,0
0.38234168,-3.569391,0.18815374,0.28805262,-0.92160785,0.26012409,0
1.1164567,-2.3428898,3.8189907,0.28805262,-0.92160785,0.26012409,0
-2.7924962,-0.89985204,-0.644041,-0.59232867,-0.38491333,-0.70780522,0
-1.9583344,-2.4122794,-0.55392122,-0.59232867,-0.38491333,-0.70780522,0
0.47265816,-2.5619507,-2.6638095,-0.59232867,-0.38491333,-0.70780522,0
0.23274446,-1.5563765,-2.8614922,-0.59232867,-0.38491333,-0.70780522,0
-0.87431145,-1.0472871,-2.1267824,-0.59232867,-0.38491333,-0.70780522,0
-3.0761499,2.6841335,-0.42513013,-0.75244415,-0.049805999,0.65677011,0
-0.65081894,-4.0369792,-0.24608731,0.28805262,-0.92160785,0.26012409,0
-2.0687611,2.7580299,-1.1403368,-0.28805262,0.92160785,-0.26012409,0
1.8625771,-2.0133536,-0.91297424,0.75244415,0.049805999,-0.65677011,0
-0.73242486,1.1118486,2.2347546,-0.75244415,-0.049805999,0.65677011,0
0.81721747,-4.1087556,-1.9931504,-0.59232867,-0.38491333,-0.70780522,0
-2.5334358,2.6916366,0.48036051,-0.75244415,-0.049805999,0.65677011,0
0.61767292,-2.6140552,3.4129622,0.28805262,-0.92160785,0.26012409,0
-0.70952916,2.7803824,-2.5761211,-0.28805262,0.92160785,-0.26012409,0
-0.47489643,-1.7195241,-2.2154305,-0.59232867,-0.38491333,-0.70780522,0
1.5782911,2.147141,-0.97880745,0.75244415,0.049805999,-0.65677011,0
1.6602173,-2.6123364,2.317781,0.28805262,-0.92160785,0.26012409,0
0.31436503,0.87398088,-2.7387164,0.75244415,0.049805999,-0.65677011,0
2.1442714,-3.3623042,-0.6663301,0.28805262,-0.92160785,0.26012409,0
-0.72605944,0.53384662,2.3369234,-0.75244415,-0.049805999,0.65677011,0
0.60306388,-3.511544,0.48140907,0.28805262,-0.92160785,0.26012409,0
-0.49219418,3.5412505,-0.47253776,-0.28805262,0.92160785,-0.26012409,0
1.8330346,-2.7945528,1.487293,0.28805262,-0.92160785,0.26012409,0
0.57139897,-1.5944612,3.7086704,-0.75244415,-0.049805999,0.65677011,0
-0.11362576,-0.14497352,-3.2055922,0.75244415,0.049805999,-0.65677011,0
-2.7028346,2.1950939,-2.5484488,-0.59232867,-0.38491333,-0.70780522,0
1.0004737,2.280015,-1.8516786,0.75244415,0.049805999,-0.65677011,0
