-4.0873532,-0.9719398,1.6834121,-0.94322729,-0.14118889,0.30064583,0
0.60170555,-1.2784952,-2.120338,-0.28607073,-0.1146208,-0.9513284,0
-0.85189736,2.327847,2.0103281,0.28607073,0.1146208,0.9513284,0
-2.0494676,0.46378547,2.5982337,0.28607073,0.1146208,0.9513284,0
-4.8793592,0.81678224,-0.20247078,-0.94322729,-0.14118889,0.30064583,0
-1.3351221,-3.3136253,-0.081816196,0.16877723,-0.98332489,0.067723513,0
1.2391624,0.52158833,-2.5634551,-0.28607073,-0.1146208,-0.9513284,0
-4.6687188,2.1611209,-0.54593754,-0.16877723,0.98332489,-0.067723513,0
0.20212221,-2.9601407,-0.31873858,0.16877723,-0.98332489,0.067723513,0
-4.6710682,2.1305594,-0.66572475,-0.16877723,0.98332489,-0.067723513,0
-1.433532,2.7461615,-0.33294678,-0.16877723,0.98332489,-0.067723513,0
-4.9514346,1.0051517,-0.69214153,-0.28607073,-0.1146208,-0.9513284,0
0.03787303,3.1717818,1.0243642,-0.16877723,0.98332489,-0.067723513,0
-3.9495995,2.4604726,2.5049098,-0.16877723,0.98332489,-0.067723513,0
3.4380064,-2.4497209,0.3346715,0.16877723,-0.98332489,0.067723513,0
-3.0708921,-0.89533222,3.0855908,0.28607073,0.1146208,0.9513284,0
2.010633,3.4240158,-0.9872787,-0.16877723,0.98332489,-0.067723513,0
-1.4937352,-3.3509185,0.45059538,0.16877723,-0.98332489,0.067723513,0
-4.9659896,1.6784861,0.005068779,-0.94322729,-0.14118889,0.30064583,0
-4.6569643,-1.6594141,-0.56806493,-0.28607073,-0.1146208,-0.9513284,0
-5.0254025,1.8050147,0.027524233,-0.94322729,-0.14118889,0.30064583,0
-4.6015596,-1.411967,-0.52182102,-0.28607073,-0.1146208,-0.9513284,0
0.46387231,-2.9963722,-1.7342329,0.16877723,-0.98332489,0.067723513,0
2.8118491,-2.6584492,-1.1135519,0.16877723,-0.98332489,0.067723513,0
-3.6394413,0.33297706,-1.1422942,-0.28607073,-0.1146208,-0.9513284,0
2.5508921,1.3442414,-3.0258307,-0.28607073,-0.1146208,-0.9513284,0
2.7153425,-2.4657559,0.43907434,0.16877723,-0.98332489,0.067723513,0
-2.9328797,-0.10025375,2.9967227,0.28607073,0.1146208,0.9513284,0
4.1089401,-1.688736,-2.5976248,0.94322729,0.14118889,-0.30064583,0
-4.8023157,0.76295042,0.11373615,-0.94322729,-0.14118889,0.30064583,0
-4.1751542,-0.10498643,1.5675037,-0.94322729,-0.14118889,0.30064583,0
-4.0224948,2.3948522,-0.85237741,-0.16877723,0.98332489,-0.067723513,0
0.27751184,-3.1108277,-0.58178794,0.16877723,-0.98332489,0.067723513,0
-3.3065982,2.4896054,0.8279115,-0.16877723,0.98332489,-0.067723513,0
-4.1743855,-1.1661245,1.3296382,-0.94322729,-0.14118889,0.30064583,0
-3.1528988,-0.79959691,3.1867988,0.28607073,0.1146208,0.9513284,0
3.7786627,0.55614495,-3.0367227,0.94322729,0.14118889,-0.30064583,0
-4.2947111,-0.26049161,1.2636092,-0.94322729,-0.14118889,0.30064583,0
5.0983014,-1.4280763,0.23475957,0.94322729,0.14118889,-0.30064583,0
4.4960279,1.9147065,0.0024366379,0.94322729,0.14118889,-0.30064583,0
3.4799631,1.2832261,-3.3088942,0.94322729,0.14118889,-0.30064583,0
2.6221106,-2.7339325,-2.4878054,0.16877723,-0.98332489,0.067723513,0
3.6790843,0.61753798,0.98306775,0.28607073,0.1146208,0.9513284,0
1.619954,3.1745424,1.1574727,0.28607073,0.1146208,0.9513284,0
1.5759997,3.2673333,-0.93092656,-0.16877723,0.98332489,-0.067723513,0
-2.9919901,-1.6885293,-0.90468645,-0.28607073,-0.1146208,-0.9513284,0
-3.3718534,1.4033632,2.9493535,0.28607073,0.1146208,0.9513284,0
1.509361,3.0864892,-2.8314052,-0.16877723,0.98332489,-0.067723513,0
3.3201466,3.536706,-1.6208067,-0.16877723,0.98332489,-0.067723513,0
-1.1528705,1.5136292,2.3073506,0.28607073,0.1146208,0.9513284,0
-1.9426163,2.6983404,0.64886326,-0.16877723,0.98332489,-0.067723513,0
-2.521008,1.9617438,2.7161012,0.28607073,0.1146208,0.9513284,0
1.4201131,-2.8473368,-0.43217978,0.16877723,-0.98332489,0.067723513,0
4.3198414,2.959451,0.032624245,0.94322729,0.14118889,-0.30064583,0
-2.9605975,2.6753693,1.864972,-0.16877723,0.98332489,-0.067723513,0
3.6504035,1.1178018,-2.9074097,0.94322729,0.14118889,-0.30064583,0
-3.5246305,-3.177212,2.5476952,-0.94322729,-0.14118889,0.30064583,0
3.0411088,-2.3698666,-2.7313755,-0.28607073,-0.1146208,-0.9513284,0
-4.922935,1.883141,0.63538694,-0.94322729,-0.14118889,0.30064583,0
-4.0165114,-0.17377138,1.9801471,-0.94322729,-0.14118889,0.30064583,0
4.0804386,1.0219648,-1.585927,0.94322729,0.14118889,-0.30064583,0
-1.4856317,0.35213828,-1.7988863,-0.28607073,-0.1146208,-0.9513284,0
4.0014129,-2.2997735,1.1415033,0.28607073,0.1146208,0.9513284,0
4.1624079,2.850358,-0.66332865,0.94322729,0.14118889,-0.30064583,0
-3.6432178,1.5567138,-1.2429647,-0.28607073,-0.1146208,-0.9513284,0
3.8267465,-2.3332887,0.92326599,0.16877723,-0.98332489,0.067723513,0
3.0912638,-2.7429438,-2.4615211,0.16877723,-0.98332489,0.067723513,0
3.0526388,3.3346405,0.68495941,0.28607073,0.1146208,0.9513284,0
-0.87474215,-3.2267752,-0.459203,0.16877723,-0.98332489,0.067723513,0
-4.5678415,1.5492363,1.6234841,-0.94322729,-0.14118889,0.30064583,0
4.3487215,2.3161192,-0.24426317,0.94322729,0.14118889,-0.30064583,0
0.44284177,-2.2985089,2.2835431,0.28607073,0.1146208,0.9513284,0
-2.1954877,-1.0960456,2.9489615,0.28607073,0.1146208,0.9513284,0
-4.7061992,-1.0432177,-0.053136587,-0.94322729,-0.14118889,0.30064583,0
-4.1491361,2.4045708,2.3317282,-0.16877723,0.98332489,-0.067723513,0
1.9496055,-2.6669271,1.1939521,0.16877723,-0.98332489,0.067723513,0
3.3416443,-0.84273905,-3.0834708,-0.28607073,-0.1146208,-0.9513284,0
0.78290081,-1.4058077,-2.1707568,-0.28607073,-0.1146208,-0.9513284,0
-0.62008286,-3.0097537,1.5352631,0.16877723,-0.98332489,0.067723513,0
-3.8876832,-3.1880002,1.5764799,-0.94322729,-0.14118889,0.30064583,0
-2.8569407,-2.2038071,-0.99324489,-0.28607073,-0.1146208,-0.9513284,0
-3.6277924,-0.96739119,2.8142936,-0.94322729,-0.14118889,0.30064583,0
-2.3276868,2.6571083,1.4495533,-0.16877723,0.98332489,-0.067723513,0
-4.7662687,2.2038515,0.33824801,-0.16877723,0.98332489,-0.067723513,0
-3.9359665,-2.1035383,1.5816293,-0.94322729,-0.14118889,0.30064583,0
2.7367303,-2.746737,-1.9276485,0.16877723,-0.98332489,0.067723513,0
2.2388234,3.3382764,-0.64818645,-0.16877723,0.98332489,-0.067723513,0
2.0837507,-2.8589282,-2.3004718,0.16877723,-0.98332489,0.067723513,0
4.0936751,3.0061858,-0.88358307,0.94322729,0.14118889,-0.30064583,0
-4.927556,2.1493158,0.20612836,-0.16877723,0.98332489,-0.067723513,0
-4.2635098,-3.7886267,-0.20910788,0.16877723,-0.98332489,0.067723513,0
0.30800605,3.1315382,-0.28828359,-0.16877723,0.98332489,-0.067723513,0
-3.4413028,-3.757431,-0.21483803,0.16877723,-0.98332489,0.067723513,0
4.4127994,-2.2965024,-1.5194777,0.16877723,-0.98332489,0.067723513,0
3.847054,0.59579825,-2.7361126,0.94322729,0.14118889,-0.30064583,0
0.84752309,-0.55411708,-2.3827708,-0.28607073,-0.1146208,-0.9513284,0
-0.78224623,-3.2019844,-0.93636298,0.16877723,-0.98332489,0.067723513,0
4.3874922,3.0392292,0.30106544,0.94322729,0.14118889,-0.30064583,0
3.7617888,0.38705611,-3.1961286,0.94322729,0.14118889,-0.30064583,0
-3.6754882,-2.0150166,2.1595807,-0.94322729,-0.14118889,0.30064583,0
-0.96623731,-3.340019,-1.3430458,0.16877723,-0.98332489,0.067723513,0
-3.3930826,-3.2130091,2.6145425,-0.94322729,-0.14118889,0.30064583,0
-4.5804138,0.19272137,0.67913198,-0.94322729,-0.14118889,0.30064583,0
-4.7613063,2.1967692,0.3803103,-0.16877723,0.98332489,-0.067723513,0
-4.9379721,1.5299592,-0.028239489,-0.94322729,-0.14118889,0.30064583,0
2.9926643,1.3372121,0.94349933,0.28607073,0.1146208,0.9513284,0
1.5684307,-1.3283113,-2.5172918,-0.28607073,-0.1146208,-0.9513284,0
-4.107173,1.3924778,2.5696759,-0.94322729,-0.14118889,0.30064583,0
-0.54417694,-3.2486711,-0.78941572,0.16877723,-0.98332489,0.067723513,0
-3.8810821,-3.4796274,-0.49090958,-0.28607073,-0.1146208,-0.9513284,0
0.95016718,-3.0028882,-0.8229301,0.16877723,-0.98332489,0.067723513,0
3.9057636,0.59007788,-2.6434038,0.94322729,0.14118889,-0.30064583,0
0.061228991,2.8891544,-1.8105943,-0.16877723,0.98332489,-0.067723513,0
-3.2144783,1.419035,2.9935913,0.28607073,0.1146208,0.9513284,0
4.299901,2.7625299,-0.21284676,0.94322729,0.14118889,-0.30064583,0
-4.2260332,1.3327407,2.1936545,-0.94322729,-0.14118889,0.30064583,0
-4.4797482,2.104892,2.2333934,-0.94322729,-0.14118889,0.30064583,0
2.056035,1.5277452,-3.0049677,-0.28607073,-0.1146208,-0.9513284,0
-2.5796578,2.7081475,2.5651326,0.28607073,0.1146208,0.9513284,0
-2.647094,-3.2670712,3.1373544,0.16877723,-0.98332489,0.067723513,0
-0.91622639,-1.4320958,2.5623736,0.28607073,0.1146208,0.9513284,0
-0.91763568,-3.0980897,2.0126801,0.16877723,-0.98332489,0.067723513,0
1.6718829,-2.3349962,1.9803654,0.28607073,0.1146208,0.9513284,0
-3.9593768,-2.0789776,1.2512279,-0.94322729,-0.14118889,0.30064583,0
-4.2110729,-3.8814662,-0.39118385,-0.28607073,-0.1146208,-0.9513284,0
3.4572134,2.0831082,-3.0633228,0.94322729,0.14118889,-0.30064583,0
-0.065727673,-1.2159377,-1.9751148,-0.28607073,-0.1146208,-0.9513284,0
-3.6001425,-3.130013,2.3116438,-0.94322729,-0.14118889,0.30064583,0
0.85719252,2.3368244,1.5303322,0.28607073,0.1146208,0.9513284,0
-3.7457745,0.34411621,-1.0789456,-0.28607073,-0.1146208,-0.9513284,0
-4.08494,-1.3699665,1.3707716,-0.94322729,-0.14118889,0.30064583,0
4.8311253,0.63377523,0.34168339,0.94322729,0.14118889,-0.30064583,0
1.8159258,-1.0948904,-2.4609935,-0.28607073,-0.1146208,-0.9513284,0
2.416678,1.3893921,-3.0440066,-0.28607073,-0.1146208,-0.9513284,0
-4.2478943,0.7385307,2.310328,-0.94322729,-0.14118889,0.30064583,0
-1.3050705,2.8822501,0.58280027,-0.16877723,0.98332489,-0.067723513,0
-3.5566568,-3.7395518,-0.58734035,0.16877723,-0.98332489,0.067723513,0
-1.4369391,2.9221635,0.83099532,-0.16877723,0.98332489,-0.067723513,0
3.9811497,2.8572607,-0.82825947,0.94322729,0.14118889,-0.30064583,0
2.0973513,-2.623354,-2.3843424,-0.28607073,-0.1146208,-0.9513284,0
2.7704527,-0.25901744,-3.0044663,-0.28607073,-0.1146208,-0.9513284,0
2.9225454,-1.1495453,-2.8580599,-0.28607073,-0.1146208,-0.9513284,0
1.3777938,0.60257483,-2.569067,-0.28607073,-0.1146208,-0.9513284,0
-4.1369867,2.5640821,2.0220535,-0.16877723,0.98332489,-0.067723513,0
3.6572764,3.7182746,-0.042916775,-0.16877723,0.98332489,-0.067723513,0
4.5067744,-2.2255566,-1.9877453,0.94322729,0.14118889,-0.30064583,0
4.3164563,0.09305048,0.69747353,0.28607073,0.1146208,0.9513284,0
-3.9110379,2.31422,0.50007021,-0.16877723,0.98332489,-0.067723513,0
4.3489046,-1.334572,-2.048914,0.94322729,0.14118889,-0.30064583,0
4.3424525,-2.2124507,-2.2965531,0.94322729,0.14118889,-0.30064583,0
-1.7416,2.5507176,-1.6015992,-0.16877723,0.98332489,-0.067723513,0
0.49334002,2.9883547,-2.5946755,-0.16877723,0.98332489,-0.067723513,0
-2.3751054,-3.0636857,-0.9332664,-0.28607073,-0.1146208,-0.9513284,0
-3.4375443,-1.7448636,3.3499098,0.28607073,0.1146208,0.9513284,0
4.5781069,1.4775302,-0.20002556,0.94322729,0.14118889,-0.30064583,0
-4.1157823,-3.5508995,0.11091852,-0.94322729,-0.14118889,0.30064583,0
2.5200167,2.1080167,-3.1050642,-0.28607073,-0.1146208,-0.9513284,0
3.8333697,1.2003192,-2.6382818,0.94322729,0.14118889,-0.30064583,0
-3.5396881,0.31437588,-1.0087543,-0.28607073,-0.1146208,-0.9513284,0
-2.3881371,2.7558672,1.0818527,-0.16877723,0.98332489,-0.067723513,0
3.543962,1.0996596,-3.0110841,0.94322729,0.14118889,-0.30064583,0
-4.5132284,-1.4558485,0.27380347,-0.94322729,-0.14118889,0.30064583,0
3.8848572,0.40708274,-2.7715249,0.94322729,0.14118889,-0.30064583,0
0.081862152,0.06325531,1.988687,0.28607073,0.1146208,0.9513284,0
-4.7267094,-1.2816327,-0.3041513,-0.94322729,-0.14118889,0.30064583,0
3.5204408,1.9552583,-2.8203237,0.94322729,0.14118889,-0.30064583,0
0.28374648,3.0120502,-1.2453671,-0.16877723,0.98332489,-0.067723513,0
-2.7407503,-2.9420226,-1.0190868,-0.28607073,-0.1146208,-0.9513284,0
1.3002557,1.3252965,-2.6755657,-0.28607073,-0.1146208,-0.9513284,0
5.0146585,-1.1711566,0.43993163,0.94322729,0.14118889,-0.30064583,0
2.6654177,1.3933152,-3.038224,-0.28607073,-0.1146208,-0.9513284,0
-4.1173625,-3.6871166,0.024413109,-0.94322729,-0.14118889,0.30064583,0
-4.1426315,-2.1768837,-0.68478966,-0.28607073,-0.1146208,-0.9513284,0
1.2919946,3.2383778,-0.15106702,-0.16877723,0.98332489,-0.067723513,0
4.0664697,1.9461522,-1.2514794,0.94322729,0.14118889,-0.30064583,0
-4.2262788,1.9308963,2.6430202,-0.94322729,-0.14118889,0.30064583,0
4.5290112,-0.37932825,-1.2540023,0.94322729,0.14118889,-0.30064583,0
-4.4303579,1.9488918,2.1970823,-0.94322729,-0.14118889,0.30064583,0
3.8039942,3.2780285,-1.6805892,0.94322729,0.14118889,-0.30064583,0
0.85641599,-2.8164806,0.80854779,0.16877723,-0.98332489,0.067723513,0
0.31691885,0.53744197,-2.3142972,-0.28607073,-0.1146208,-0.9513284,0
4.6939797,-2.0184197,-1.0183725,0.94322729,0.14118889,-0.30064583,0
-2.1304612,-0.69572699,2.8031192,0.28607073,0.1146208,0.9513284,0
-4.3990316,1.1191306,1.5422313,-0.94322729,-0.14118889,0.30064583,0
-4.7179699,1.4240658,-0.86270618,-0.28607073,-0.1146208,-0.9513284,0
-4.3024979,2.3843546,0.41168535,-0.16877723,0.98332489,-0.067723513,0
3.7511177,0.39764619,-2.7744663,0.94322729,0.14118889,-0.30064583,0
-0.35179925,1.3538699,-2.0774794,-0.28607073,-0.1146208,-0.9513284,0
3.3411248,1.2871008,-3.3112977,-0.28607073,-0.1146208,-0.9513284,0
-4.5012188,-0.11725926,1.0681295,-0.94322729,-0.14118889,0.30064583,0
1.6130031,-2.4577622,-2.3498144,-0.28607073,-0.1146208,-0.9513284,0
-3.8485436,0.38707823,2.9625182,-0.94322729,-0.14118889,0.30064583,0
-1.2388086,2.7937059,-0.095406055,-0.16877723,0.98332489,-0.067723513,0
-2.0874724,-0.12298322,2.822185,0.28607073,0.1146208,0.9513284,0
-0.51374346,-0.30041313,-1.9934456,-0.28607073,-0.1146208,-0.9513284,0
0.60112453,-3.0152011,-0.89279264,0.16877723,-0.98332489,0.067723513,0
4.7160177,0.20630574,0.76069641,0.28607073,0.1146208,0.9513284,0
-1.0086445,1.2720211,-1.8647065,-0.28607073,-0.1146208,-0.9513284,0
-1.5427901,-3.2028167,0.6516304,0.16877723,-0.98332489,0.067723513,0
4.1745243,-2.3599312,0.35951769,0.16877723,-0.98332489,0.067723513,0
-0.49772501,2.8834193,-0.56197655,-0.16877723,0.98332489,-0.067723513,0
0.83245969,3.289515,1.1614722,-0.16877723,0.98332489,-0.067723513,0
-1.9491436,1.7754343,-1.8316942,-0.28607073,-0.1146208,-0.9513284,0
4.5660586,1.572819,0.37955832,0.94322729,0.14118889,-0.30064583,0
-3.7331026,-2.2212458,2.488302,-0.94322729,-0.14118889,0.30064583,0
1.4113237,-1.6704862,-2.3248432,-0.28607073,-0.1146208,-0.9513284,0
2.9612222,-2.0773635,-2.7823508,-0.28607073,-0.1146208,-0.9513284,0
2.7481334,-1.5931846,-2.6680837,-0.28607073,-0.1146208,-0.9513284,0
-4.5786877,1.8818905,1.1904639,-0.94322729,-0.14118889,0.30064583,0
-3.6539381,-1.5759146,2.6725214,-0.94322729,-0.14118889,0.30064583,0
3.2265429,-2.4949608,-1.3548288,0.16877723,-0.98332489,0.067723513,0
4.7114,-2.1376772,-0.95527196,0.94322729,0.14118889,-0.30064583,0
-0.64498174,-0.73098022,2.3334982,0.28607073,0.1146208,0.9513284,0
-0.23589444,-3.0351901,0.11559188,0.16877723,-0.98332489,0.067723513,0
0.98395562,3.2691514,-0.30892873,-0.16877723,0.98332489,-0.067723513,0
4.024714,2.9507213,0.46510124,0.28607073,0.1146208,0.9513284,0
-1.6743224,0.31082338,2.6354561,0.28607073,0.1146208,0.9513284,0
-3.9597697,-3.66856,0.53448582,0.16877723,-0.98332489,0.067723513,0
-1.9086404,2.7626333,0.3737931,-0.16877723,0.98332489,-0.067723513,0
-3.6260695,1.7579072,-1.2761407,-0.28607073,-0.1146208,-0.9513284,0
2.0941105,-1.0864466,1.5894096,0.28607073,0.1146208,0.9513284,0
-3.9974232,-2.3303795,-0.59410405,-0.28607073,-0.1146208,-0.9513284,0
-4.8072715,0.19258404,-0.63452649,-0.28607073,-0.1146208,-0.9513284,0
2.5865781,0.15861583,1.20228,0.28607073,0.1146208,0.9513284,0
1.9515748,2.6732693,-3.0078332,-0.28607073,-0.1146208,-0.9513284,0
3.4705291,-2.4837601,-0.03941375,0.16877723,-0.98332489,0.067723513,0
4.2728057,-1.0652292,-1.7430725,0.94322729,0.14118889,-0.30064583,0
4.2555652,-0.11649203,-1.9797351,0.94322729,0.14118889,-0.30064583,0
3.8700867,3.325428,-1.1830196,0.94322729,0.14118889,-0.30064583,0
-1.5655463,-3.2271087,-0.02058053,0.16877723,-0.98332489,0.067723513,0
-2.635891,-1.0656962,2.9723299,0.28607073,0.1146208,0.9513284,0
-4.2543111,-0.016785979,1.2917223,-0.94322729,-0.14118889,0.30064583,0
4.186007,1.9112374,-1.0567412,0.94322729,0.14118889,-0.30064583,0
-4.2690401,-1.4163983,0.85502553,-0.94322729,-0.14118889,0.30064583,0
-4.0825176,0.40167713,2.0621872,-0.94322729,-0.14118889,0.30064583,0
-2.0292392,-2.4415779,-1.2129321,-0.28607073,-0.1146208,-0.9513284,0
0.74583966,-0.88077009,-2.2773821,-0.28607073,-0.1146208,-0.9513284,0
-4.3289347,-2.5900493,-0.052022934,-0.94322729,-0.14118889,0.30064583,0
4.6925783,0.23273325,-0.31341934,0.94322729,0.14118889,-0.30064583,0
3.9908185,1.9547337,-1.2415593,0.94322729,0.14118889,-0.30064583,0
-1.8130285,-3.3601334,-0.13963294,0.16877723,-0.98332489,0.067723513,0
-2.6478269,2.7059364,2.3387122,-0.16877723,0.98332489,-0.067723513,0
-3.5840325,-0.16489577,-1.0539081,-0.28607073,-0.1146208,-0.9513284,0
2.8232017,0.60351753,-2.9227989,-0.28607073,-0.1146208,-0.9513284,0
1.0367103,-2.3308198,2.0946403,0.28607073,0.1146208,0.9513284,0
4.6162882,1.7770665,0.1117053,0.94322729,0.14118889,-0.30064583,0
2.5717058,3.4131577,-2.3615227,-0.16877723,0.98332489,-0.067723513,0
-4.0970893,-0.78067923,2.0490663,-0.94322729,-0.14118889,0.30064583,0
-4.8205943,2.173012,0.78376698,-0.94322729,-0.14118889,0.30064583,0
-4.5377898,-0.57536459,0.74498725,-0.94322729,-0.14118889,0.30064583,0
2.1583018,-2.8499377,-1.4232523,0.16877723,-0.98332489,0.067723513,0
1.4924471,-0.44691503,-2.4572608,-0.28607073,-0.1146208,-0.9513284,0
-2.2854195,2.8716486,1.8042655,-0.16877723,0.98332489,-0.067723513,0
-4.5092158,0.32254457,-0.69755101,-0.28607073,-0.1146208,-0.9513284,0
3.4312029,3.6811528,-0.55200863,-0.16877723,0.98332489,-0.067723513,0
2.5792887,-2.7354455,-2.3883491,0.16877723,-0.98332489,0.067723513,0
4.0730524,-1.4820735,1.1531569,0.28607073,0.1146208,0.9513284,0
-1.9625103,2.6557493,-0.43428591,-0.16877723,0.98332489,-0.067723513,0
-3.0683219,-0.10523224,-1.0970047,-0.28607073,-0.1146208,-0.9513284,0
0.14187312,3.1596103,0.15708089,-0.16877723,0.98332489,-0.067723513,0
4.5342808,-0.92706871,-1.2493651,0.94322729,0.14118889,-0.30064583,0
2.666996,0.54765892,1.1613232,0.28607073,0.1146208,0.9513284,0
-1.5854833,2.3832808,-1.8735268,-0.28607073,-0.1146208,-0.9513284,0
1.3610219,-2.9194074,-1.0329622,0.16877723,-0.98332489,0.067723513,0
-2.9188931,2.637321,2.1331751,-0.16877723,0.98332489,-0.067723513,0
0.35681939,2.8918161,-2.2682447,-0.16877723,0.98332489,-0.067723513,0
-3.2479341,1.6949964,2.7903783,0.28607073,0.1146208,0.9513284,0
2.9631662,-1.7790277,-2.830519,-0.28607073,-0.1146208,-0.9513284,0
3.3157346,2.6263952,-3.1170228,0.94322729,0.14118889,-0.30064583,0
-1.3854958,-3.3563733,-0.64892864,0.16877723,-0.98332489,0.067723513,0
-2.8191838,1.1428156,-1.4909149,-0.28607073,-0.1146208,-0.9513284,0
2.3235726,-2.826087,-1.4176159,0.16877723,-0.98332489,0.067723513,0
3.7918739,1.271033,-2.49981,0.94322729,0.14118889,-0.30064583,0
4.7010384,-1.2897136,-0.91457009,0.94322729,0.14118889,-0.30064583,0
-0.82923341,1.7564454,-2.0052936,-0.28607073,-0.1146208,-0.9513284,0
-1.2389159,-3.2088342,-1.3448982,-0.28607073,-0.1146208,-0.9513284,0
4.6121368,1.1689134,0.11911583,0.94322729,0.14118889,-0.30064583,0
-4.9267969,2.1746931,0.22198343,-0.16877723,0.98332489,-0.067723513,0
-4.7061858,1.0578465,0.91262531,-0.94322729,-0.14118889,0.30064583,0
-3.3804853,-2.5701442,3.3354585,-0.94322729,-0.14118889,0.30064583,0
4.4035587,1.5815458,-0.59035397,0.94322729,0.14118889,-0.30064583,0
-2.4464045,2.5844655,-1.431164,-0.16877723,0.98332489,-0.067723513,0
1.6705531,3.2810788,0.16452527,-0.16877723,0.98332489,-0.067723513,0
-1.9098845,-1.2252314,2.8118286,0.28607073,0.1146208,0.9513284,0
-3.7698095,-1.0112653,2.3693678,-0.94322729,-0.14118889,0.30064583,0
-4.5894051,0.78525662,0.98586917,-0.94322729,-0.14118889,0.30064583,0
4.111866,2.0175776,-0.86780977,0.94322729,0.14118889,-0.30064583,0
-1.7686079,0.34327865,-1.6722441,-0.28607073,-0.1146208,-0.9513284,0
-1.6100485,-3.2803257,1.5465362,0.16877723,-0.98332489,0.067723513,0
-3.245616,2.4686704,-0.38773149,-0.16877723,0.98332489,-0.067723513,0
1.3031251,3.0912018,-1.3233838,-0.16877723,0.98332489,-0.067723513,0
-3.7007647,-3.3659616,1.4725308,-0.94322729,-0.14118889,0.30064583,0
0.7826606,-3.0367732,-1.2116851,0.16877723,-0.98332489,0.067723513,0
2.2589447,-2.690532,-0.18870601,0.16877723,-0.98332489,0.067723513,0
3.7402091,-2.6113772,-2.6770194,0.16877723,-0.98332489,0.067723513,0
0.43234777,2.3027687,-2.6052256,-0.28607073,-0.1146208,-0.9513284,0
-3.8306532,-0.92167604,2.8014278,-0.94322729,-0.14118889,0.30064583,0
-4.45082,-2.4396219,-0.03254509,-0.94322729,-0.14118889,0.30064583,0
3.6656823,2.0120053,-2.4877026,0.94322729,0.14118889,-0.30064583,0
-0.14093697,-0.69746703,2.168036,0.28607073,0.1146208,0.9513284,0
3.0727963,-2.404047,0.7244308,0.16877723,-0.98332489,0.067723513,0
-3.3570969,-2.5036023,-0.81113052,-0.28607073,-0.1146208,-0.9513284,0
-0.15408826,2.7854242,-2.2178631,-0.16877723,0.98332489,-0.067723513,0
4.1078234,-1.6523373,-2.5540943,0.94322729,0.14118889,-0.30064583,0
-1.0753915,-1.4720818,-1.5902284,-0.28607073,-0.1146208,-0.9513284,0
-4.2045145,0.10104394,1.6870656,-0.94322729,-0.14118889,0.30064583,0
-4.6311626,-1.3226185,-0.18781781,-0.94322729,-0.14118889,0.30064583,0
-1.236433,2.7775748,-0.89079791,-0.16877723,0.98332489,-0.067723513,0
-0.43292856,3.0543265,1.0690951,-0.16877723,0.98332489,-0.067723513,0
4.7114983,-2.0844855,0.84282756,0.16877723,-0.98332489,0.067723513,0
3.1089447,3.3731475,-3.3680584,-0.16877723,0.98332489,-0.067723513,0
3.1432152,3.4470613,0.74789095,0.28607073,0.1146208,0.9513284,0
-3.7462385,2.4337122,1.3334893,-0.16877723,0.98332489,-0.067723513,0
-3.0823138,-0.18408935,3.15098,0.28607073,0.1146208,0.9513284,0
0.47693706,-2.9820116,-0.19043398,0.16877723,-0.98332489,0.067723513,0
0.80339658,2.0655527,1.6357604,0.28607073,0.1146208,0.9513284,0
-3.531848,2.3710618,-0.12622106,-0.16877723,0.98332489,-0.067723513,0
-4.8966203,0.0083911419,-0.69756842,-0.28607073,-0.1146208,-0.9513284,0
-0.32358444,-1.0632147,2.3789876,0.28607073,0.1146208,0.9513284,0
4.3276882,-2.4522533,-2.318965,0.16877723,-0.98332489,0.067723513,0
-0.26781964,-1.634297,2.4683819,0.28607073,0.1146208,0.9513284,0
0.13619483,-0.53396499,2.1090696,0.28607073,0.1146208,0.9513284,0
-4.4186778,-2.9015417,-0.46503973,-0.94322729,-0.14118889,0.30064583,0
-2.5903261,-1.1195545,2.9226072,0.28607073,0.1146208,0.9513284,0
-2.54915,2.7555599,2.4600515,-0.16877723,0.98332489,-0.067723513,0
1.1209524,3.0783668,-1.7980132,-0.16877723,0.98332489,-0.067723513,0
-1.8827682,-0.58820814,2.7344484,0.28607073,0.1146208,0.9513284,0
4.3942361,-0.5939827,0.74780393,0.28607073,0.1146208,0.9513284,0
-3.3889818,-3.5119472,0.99335814,0.16877723,-0.98332489,0.067723513,0
-5.0180845,1.8253696,-0.7756952,-0.28607073,-0.1146208,-0.9513284,0
-3.794889,-1.9687343,1.8892407,-0.94322729,-0.14118889,0.30064583,0
-4.034915,0.085549116,2.1344223,-0.94322729,-0.14118889,0.30064583,0
-4.274157,1.9526842,2.7544751,-0.94322729,-0.14118889,0.30064583,0
4.1406798,-0.20493245,-1.9155231,0.94322729,0.14118889,-0.30064583,0
-1.6128235,-3.287977,1.8179696,0.16877723,-0.98332489,0.067723513,0
2.0760288,3.2623286,-0.83783531,-0.16877723,0.98332489,-0.067723513,0
4.493619,-2.3658845,-0.49616838,0.16877723,-0.98332489,0.067723513,0
3.7822218,3.6015449,-0.39283705,-0.16877723,0.98332489,-0.067723513,0
-3.943891,2.5353577,1.1263137,-0.16877723,0.98332489,-0.067723513,0
-0.53698564,2.9113617,-0.37088132,-0.16877723,0.98332489,-0.067723513,0
1.091136,-0.77691877,1.892139,0.28607073,0.1146208,0.9513284,0
2.916553,3.4199183,-0.58422923,-0.16877723,0.98332489,-0.067723513,0
3.5342369,1.1352249,-3.3186159,0.94322729,0.14118889,-0.30064583,0
-4.2716737,-3.6132054,-0.053586006,-0.94322729,-0.14118889,0.30064583,0
-4.3217382,-3.1433773,-0.092703819,-0.94322729,-0.14118889,0.30064583,0
3.5482759,-2.5194163,-0.39141703,0.16877723,-0.98332489,0.067723513,0
-4.1280251,-2.111402,1.2668059,-0.94322729,-0.14118889,0.30064583,0
1.9702593,3.3329358,-0.54939508,-0.16877723,0.98332489,-0.067723513,0
-4.0324221,-2.2796273,1.2402928,-0.94322729,-0.14118889,0.30064583,0
0.64100569,-2.1205754,-2.0983713,-0.28607073,-0.1146208,-0.9513284,0
-4.2556167,-0.70418561,1.1539919,-0.94322729,-0.14118889,0.30064583,0
4.269455,-2.4363391,-1.0189823,0.16877723,-0.98332489,0.067723513,0
1.6882234,0.91815734,1.5878916,0.28607073,0.1146208,0.9513284,0
-1.3833919,2.1622491,2.227813,0.28607073,0.1146208,0.9513284,0
3.8230438,2.3225584,-1.7793882,0.94322729,0.14118889,-0.30064583,0
2.3104873,-0.00026339293,-2.8906031,-0.28607073,-0.1146208,-0.9513284,0
4.479207,1.6978483,0.029400826,0.94322729,0.14118889,-0.30064583,0
4.0165067,-0.38991618,0.94484878,0.28607073,0.1146208,0.9513284,0
2.9805341,-2.5916619,0.56938899,0.16877723,-0.98332489,0.067723513,0
-3.1336536,-1.4967716,-1.0452552,-0.28607073,-0.1146208,-0.9513284,0
4.3458471,-0.25800133,-1.446579,0.94322729,0.14118889,-0.30064583,0
-2.4105442,-1.7430778,2.9380579,0.28607073,0.1146208,0.9513284,0
-2.2540257,2.1890879,-1.7072031,-0.28607073,-0.1146208,-0.9513284,0
-3.0445204,-3.3961034,2.0962851,0.16877723,-0.98332489,0.067723513,0
3.1370282,2.1763232,-3.375505,-0.28607073,-0.1146208,-0.9513284,0
-3.4920595,-2.324333,2.8580129,-0.94322729,-0.14118889,0.30064583,0
-4.1620674,-2.9525435,0.32247114,-0.94322729,-0.14118889,0.30064583,0
3.1007609,-1.406321,1.4065126,0.28607073,0.1146208,0.9513284,0
2.3310895,-2.51108,1.2832441,0.16877723,-0.98332489,0.067723513,0
2.232223,2.0317874,-2.9262042,-0.28607073,-0.1146208,-0.9513284,0
2.532584,-0.56377411,-2.7398486,-0.28607073,-0.1146208,-0.9513284,0
-0.89819002,-3.1422138,0.4124167,0.16877723,-0.98332489,0.067723513,0
4.2142439,1.0180413,-1.3904052,0.94322729,0.14118889,-0.30064583,0
-4.1948872,-2.9719033,0.39744854,-0.94322729,-0.14118889,0.30064583,0
4.6925521,-0.90699887,-0.59956813,0.94322729,0.14118889,-0.30064583,0
1.4139558,1.0630068,-2.7404985,-0.28607073,-0.1146208,-0.9513284,0
-4.5419164,0.71779037,0.96565986,-0.94322729,-0.14118889,0.30064583,0
-2.2336342,2.0543427,2.6076765,0.28607073,0.1146208,0.9513284,0
2.7605417,1.7343342,0.96956778,0.28607073,0.1146208,0.9513284,0
4.2725577,-0.79213691,0.93427873,0.28607073,0.1146208,0.9513284,0
-3.5337625,2.5808094,1.7705253,-0.16877723,0.98332489,-0.067723513,0
-4.9168644,1.15663,0.29792094,-0.94322729,-0.14118889,0.30064583,0
-3.5167525,-3.5123649,0.60578299,0.16877723,-0.98332489,0.067723513,0
3.7103753,1.2278423,0.91213822,0.28607073,0.1146208,0.9513284,0
-2.9676061,-3.2959828,2.3835585,0.16877723,-0.98332489,0.067723513,0
4.1228623,0.27333009,-1.9856582,0.94322729,0.14118889,-0.30064583,0
0.043668747,-3.0754561,-0.081194401,0.16877723,-0.98332489,0.067723513,0
-1.8153369,-3.2833407,0.81467772,0.16877723,-0.98332489,0.067723513,0
2.0376408,-2.5924201,1.1037194,0.16877723,-0.98332489,0.067723513,0
-4.8160892,2.2612433,0.43207502,-0.16877723,0.98332489,-0.067723513,0
-2.468812,-2.5173373,3.107691,0.28607073,0.1146208,0.9513284,0
2.572365,-2.5300272,0.36550027,0.16877723,-0.98332489,0.067723513,0
5.0106978,-0.8362186,0.62775064,0.28607073,0.1146208,0.9513284,0
0.77502429,0.6243248,-2.3637402,-0.28607073,-0.1146208,-0.9513284,0
-4.9445596,0.58124018,-0.32978225,-0.94322729,-0.14118889,0.30064583,0
2.4172754,-2.5511827,0.39596739,0.16877723,-0.98332489,0.067723513,0
2.3844995,-0.81461406,1.5793891,0.28607073,0.1146208,0.9513284,0
1.2287357,-0.62258899,1.7208991,0.28607073,0.1146208,0.9513284,0
-3.736177,-0.40855551,3.1982324,-0.94322729,-0.14118889,0.30064583,0
-4.7535486,2.2313275,0.088775635,-0.16877723,0.98332489,-0.067723513,0
0.52185202,3.1745479,-0.2173574,-0.16877723,0.98332489,-0.067723513,0
4.2618518,-1.6456349,-2.6358099,0.94322729,0.14118889,-0.30064583,0
-2.0394909,-3.3887019,-0.52544761,0.16877723,-0.98332489,0.067723513,0
2.0703707,0.49922419,1.3587565,0.28607073,0.1146208,0.9513284,0
-3.2162309,-1.7543199,-0.98004603,-0.28607073,-0.1146208,-0.9513284,0
-4.3757114,1.2175767,1.7600923,-0.94322729,-0.14118889,0.30064583,0
2.1227865,1.635679,1.265588,0.28607073,0.1146208,0.9513284,0
4.2174854,1.8767238,-0.67992854,0.94322729,0.14118889,-0.30064583,0
1.6141696,3.3198719,-1.1195889,-0.16877723,0.98332489,-0.067723513,0
4.2594004,-1.9075449,-2.5868969,0.94322729,0.14118889,-0.30064583,0
-0.87812233,-1.2145834,-1.7407527,-0.28607073,-0.1146208,-0.9513284,0
1.6103966,-2.7479587,-1.0206368,0.16877723,-0.98332489,0.067723513,0
2.7313805,3.5569794,-0.19713569,-0.16877723,0.98332489,-0.067723513,0
3.3785784,0.14020133,1.1227434,0.28607073,0.1146208,0.9513284,0
0.25905633,2.9879522,-0.53868115,-0.16877723,0.98332489,-0.067723513,0
-0.43989891,-1.7653027,-1.8509605,-0.28607073,-0.1146208,-0.9513284,0
3.4775536,3.7077103,-0.22712231,-0.16877723,0.98332489,-0.067723513,0
1.351331,3.2727904,-1.3229668,-0.16877723,0.98332489,-0.067723513,0
-0.26063907,-0.5922457,2.3335183,0.28607073,0.1146208,0.9513284,0
4.6878405,0.14535832,0.10681248,0.94322729,0.14118889,-0.30064583,0
-1.0388525,-3.0890265,1.3300154,0.16877723,-0.98332489,0.067723513,0
4.0217447,2.3162103,-1.3649852,0.94322729,0.14118889,-0.30064583,0
-1.4966288,-3.3875117,0.061319113,0.16877723,-0.98332489,0.067723513,0
-4.8803444,0.65350175,-0.7649014,-0.28607073,-0.1146208,-0.9513284,0
1.1740391,-2.8303418,1.1428308,0.16877723,-0.98332489,0.067723513,0
-0.067205191,-3.0403419,0.14056671,0.16877723,-0.98332489,0.067723513,0
-4.3262429,-2.1500494,0.43550301,-0.94322729,-0.14118889,0.30064583,0
-2.800036,-3.5128503,1.1208787,0.16877723,-0.98332489,0.067723513,0
-1.1971996,2.883255,-0.65753692,-0.16877723,0.98332489,-0.067723513,0
-0.72937393,3.0255198,1.1461463,-0.16877723,0.98332489,-0.067723513,0
-4.1495571,0.34274006,2.0265286,-0.94322729,-0.14118889,0.30064583,0
3.1913271,-2.4011779,-2.7318347,-0.28607073,-0.1146208,-0.9513284,0
0.54769051,3.1841919,0.5838474,-0.16877723,0.98332489,-0.067723513,0
3.8991375,-0.57292789,-2.6789689,0.94322729,0.14118889,-0.30064583,0
-2.7210884,2.625978,1.3266585,-0.16877723,0.98332489,-0.067723513,0
-2.5939269,0.022746801,-1.3797436,-0.28607073,-0.1146208,-0.9513284,0
-4.6924176,2.0026841,0.96388423,-0.94322729,-0.14118889,0.30064583,0
-4.03374,-2.0499945,-0.70135546,-0.28607073,-0.1146208,-0.9513284,0
-5.1961775,1.9899914,-0.11155987,-0.94322729,-0.14118889,0.30064583,0
4.4053211,0.39433193,-0.7875495,0.94322729,0.14118889,-0.30064583,0
3.1642828,-2.56042,-1.4081361,0.16877723,-0.98332489,0.067723513,0
0.32935274,3.1795928,1.5492938,0.28607073,0.1146208,0.9513284,0
1.0323149,1.5809669,-2.5538368,-0.28607073,-0.1146208,-0.9513284,0
-0.4160943,-3.1289303,-1.5615809,0.16877723,-0.98332489,0.067723513,0
0.93534088,-2.8150046,1.3480102,0.16877723,-0.98332489,0.067723513,0
4.1623602,-2.39764,-0.85478258,0.16877723,-0.98332489,0.067723513,0
3.3537316,3.5791385,-1.0398226,-0.16877723,0.98332489,-0.067723513,0
-0.53319168,1.3086643,-2.0766673,-0.28607073,-0.1146208,-0.9513284,0
3.839483,0.85088271,-2.4385049,0.94322729,0.14118889,-0.30064583,0
0.13667095,0.51480484,-2.1053426,-0.28607073,-0.1146208,-0.9513284,0
-2.8056641,0.78580111,2.9218264,0.28607073,0.1146208,0.9513284,0
3.0028007,-2.5407982,0.37779632,0.16877723,-0.98332489,0.067723513,0
-4.9572287,1.7887393,0.5527997,-0.94322729,-0.14118889,0.30064583,0
0.79108226,-3.0997915,-1.8493695,0.16877723,-0.98332489,0.067723513,0
3.9744,0.54763216,-2.4309878,0.94322729,0.14118889,-0.30064583,0
4.3906832,0.080293655,-1.2384937,0.94322729,0.14118889,-0.30064583,0
-4.3727798,-2.323518,-0.0047268867,-0.94322729,-0.14118889,0.30064583,0
-4.6832747,0.62654829,0.66350722,-0.94322729,-0.14118889,0.30064583,0
-2.4443767,2.5298405,-0.77331758,-0.16877723,0.98332489,-0.067723513,0
-0.36032796,2.8674464,-0.80490255,-0.16877723,0.98332489,-0.067723513,0
1.6899991,3.2276866,-1.4092388,-0.16877723,0.98332489,-0.067723513,0
-5.0533304,1.2312708,-0.29644656,-0.94322729,-0.14118889,0.30064583,0
-3.3234837,2.408411,-0.54646569,-0.16877723,0.98332489,-0.067723513,0
-3.6673708,-3.2238045,2.0051289,-0.94322729,-0.14118889,0.30064583,0
-3.6920862,-3.6415501,0.42906713,0.16877723,-0.98332489,0.067723513,0
-4.6645517,1.659955,1.435735,-0.94322729,-0.14118889,0.30064583,0
2.6876407,3.4193983,-0.52301288,-0.16877723,0.98332489,-0.067723513,0
-0.83360338,2.8628864,-1.8616869,-0.16877723,0.98332489,-0.067723513,0
3.0498369,3.4209239,-3.3267157,-0.16877723,0.98332489,-0.067723513,0
4.3397179,3.7054474,0.064637184,0.94322729,0.14118889,-0.30064583,0
3.7691312,0.52340347,-2.6741247,0.94322729,0.14118889,-0.30064583,0
4.197629,1.0403856,-1.4946282,0.94322729,0.14118889,-0.30064583,0
1.3707976,3.2725072,-0.76399159,-0.16877723,0.98332489,-0.067723513,0
3.7233522,-2.5641239,-2.5067024,0.16877723,-0.98332489,0.067723513,0
4.2036572,-1.8581402,1.089623,0.28607073,0.1146208,0.9513284,0
4.2237039,1.0031056,0.78782129,0.28607073,0.1146208,0.9513284,0
2.3433189,2.0866101,1.2017567,0.28607073,0.1146208,0.9513284,0
-4.4663248,2.487304,1.4735863,-0.16877723,0.98332489,-0.067723513,0
-1.3743962,-3.2119954,-0.088172913,0.16877723,-0.98332489,0.067723513,0
-3.4481397,-2.1970344,-0.74292421,-0.28607073,-0.1146208,-0.9513284,0
-3.4126558,-2.3047261,3.4048858,-0.94322729,-0.14118889,0.30064583,0
-4.334795,-3.5183396,-0.056889057,-0.94322729,-0.14118889,0.30064583,0
-0.22897553,2.8892896,-1.7448207,-0.16877723,0.98332489,-0.067723513,0
-4.4029899,1.149152,1.5442097,-0.94322729,-0.14118889,0.30064583,0
-4.7971678,-0.95054197,-0.32260752,-0.94322729,-0.14118889,0.30064583,0
-1.1990601,3.0189018,1.1467903,-0.16877723,0.98332489,-0.067723513,0
-0.87527472,-0.54098511,-1.7546967,-0.28607073,-0.1146208,-0.9513284,0
2.8405268,-2.6492708,-2.0821195,0.16877723,-0.98332489,0.067723513,0
4.4368639,-0.57073367,-1.088484,0.94322729,0.14118889,-0.30064583,0
0.36937499,1.9358356,-2.3995936,-0.28607073,-0.1146208,-0.9513284,0
-3.2079597,-3.4940627,2.6341059,0.16877723,-0.98332489,0.067723513,0
4.0596118,-0.50606412,-2.2531867,0.94322729,0.14118889,-0.30064583,0
-4.4764671,-0.34119463,-0.68353367,-0.28607073,-0.1146208,-0.9513284,0
0.71719527,3.1248028,-1.9630542,-0.16877723,0.98332489,-0.067723513,0
-3.1734297,-3.3986526,2.1974616,0.16877723,-0.98332489,0.067723513,0
4.1291804,1.1949345,-1.6015887,0.94322729,0.14118889,-0.30064583,0
-3.1551483,-1.6060889,3.2898304,0.28607073,0.1146208,0.9513284,0
3.6689835,3.7112803,-0.51765823,-0.16877723,0.98332489,-0.067723513,0
-3.8290415,-0.05619204,2.716368,-0.94322729,-0.14118889,0.30064583,0
-3.8915668,-0.43717384,-0.83348179,-0.28607073,-0.1146208,-0.9513284,0
-4.6101575,0.98267591,1.1133337,-0.94322729,-0.14118889,0.30064583,0
0.34378648,-2.0691328,-2.0118468,-0.28607073,-0.1146208,-0.9513284,0
-2.7049,-0.085123807,2.9542155,0.28607073,0.1146208,0.9513284,0
1.5542119,3.2518618,-1.3149157,-0.16877723,0.98332489,-0.067723513,0
1.6534243,1.2724649,-2.8341441,-0.28607073,-0.1146208,-0.9513284,0
3.7359853,-2.5309844,-0.39686763,0.16877723,-0.98332489,0.067723513,0
-1.506799,-1.8811593,-1.3285341,-0.28607073,-0.1146208,-0.9513284,0
-4.2966208,-2.037219,0.84106302,-0.94322729,-0.14118889,0.30064583,0
1.2495416,3.0238042,1.3504305,0.28607073,0.1146208,0.9513284,0
-5.1427274,2.2009845,-0.30780959,-0.94322729,-0.14118889,0.30064583,0
-1.7655883,-2.8774908,3.0701749,0.28607073,0.1146208,0.9513284,0
3.8189814,0.0073165894,1.002393,0.28607073,0.1146208,0.9513284,0
-2.6600046,2.6523907,2.5108092,0.28607073,0.1146208,0.9513284,0
3.6780024,3.0327005,-1.7450337,0.94322729,0.14118889,-0.30064583,0
4.4075665,2.599472,-0.017096043,0.94322729,0.14118889,-0.30064583,0
2.0565238,1.0577199,1.3775203,0.28607073,0.1146208,0.9513284,0
4.7185011,0.24150586,0.013609886,0.94322729,0.14118889,-0.30064583,0
-0.15857816,-1.1213578,2.290657,0.28607073,0.1146208,0.9513284,0
-3.9521551,0.63612157,2.6254544,-0.94322729,-0.14118889,0.30064583,0
1.6754167,-2.734736,-0.44887322,0.16877723,-0.98332489,0.067723513,0
4.1863937,-1.4459376,0.91590488,0.28607073,0.1146208,0.9513284,0
2.3539779,0.040828228,1.3354707,0.28607073,0.1146208,0.9513284,0
1.3712094,3.1559973,-2.8000534,-0.16877723,0.98332489,-0.067723513,0
3.8046641,-0.1924513,-3.1097341,0.94322729,0.14118889,-0.30064583,0
-3.8981874,0.60452676,3.0055656,-0.94322729,-0.14118889,0.30064583,0
0.53823304,3.0768476,-2.1161995,-0.16877723,0.98332489,-0.067723513,0
-4.3543358,1.653224,-1.0767374,-0.28607073,-0.1146208,-0.9513284,0
2.5556169,3.4000001,-0.32169795,-0.16877723,0.98332489,-0.067723513,0
0.90687972,-2.0406654,-2.0977426,-0.28607073,-0.1146208,-0.9513284,0
-2.2688339,-1.0171099,-1.2124974,-0.28607073,-0.1146208,-0.9513284,0
2.1962156,-2.6664472,1.2595229,0.16877723,-0.98332489,0.067723513,0
1.3960094,-1.5906975,1.9690778,0.28607073,0.1146208,0.9513284,0
3.0417981,0.15814328,1.1487559,0.28607073,0.1146208,0.9513284,0
5.2119431,-1.9635761,0.51807833,0.94322729,0.14118889,-0.30064583,0
2.5005744,3.4291916,-0.16420031,-0.16877723,0.98332489,-0.067723513,0
-3.7354789,0.40332809,3.1124759,-0.94322729,-0.14118889,0.30064583,0
-3.5726547,-0.55691147,-0.93355322,-0.28607073,-0.1146208,-0.9513284,0
2.0216208,-2.6790571,1.4139996,0.16877723,-0.98332489,0.067723513,0
-1.4908669,-3.3120821,1.0891554,0.16877723,-0.98332489,0.067723513,0
3.9073753,2.881597,0.65037179,0.28607073,0.1146208,0.9513284,0
1.9301404,-1.6458119,-2.5692909,-0.28607073,-0.1146208,-0.9513284,0
-3.4363604,-1.859077,3.3947403,-0.94322729,-0.14118889,0.30064583,0
0.17896444,0.33439791,1.9703461,0.28607073,0.1146208,0.9513284,0
0.52665865,-2.9757526,-0.7953518,0.16877723,-0.98332489,0.067723513,0
-1.5436208,-1.0633171,2.657095,0.28607073,0.1146208,0.9513284,0
3.7222965,3.0025036,-1.8917317,0.94322729,0.14118889,-0.30064583,0
1.9337196,-0.44956779,-2.6890986,-0.28607073,-0.1146208,-0.9513284,0
-0.68342662,-1.0030875,-1.7954741,-0.28607073,-0.1146208,-0.9513284,0
4.3066249,-2.311584,0.88914871,0.16877723,-0.98332489,0.067723513,0
-3.2748215,-2.7938647,3.2280614,-0.94322729,-0.14118889,0.30064583,0
1.4877938,-2.8220549,-1.3432928,0.16877723,-0.98332489,0.067723513,0
-4.0106974,0.66865158,2.3725104,-0.94322729,-0.14118889,0.30064583,0
-3.97334,-0.56937408,1.9307375,-0.94322729,-0.14118889,0.30064583,0
4.557436,2.0843525,0.3954668,0.28607073,0.1146208,0.9513284,0
3.8716152,0.33726948,-2.4605138,0.94322729,0.14118889,-0.30064583,0
-3.7733181,-0.3898133,3.2615633,-0.94322729,-0.14118889,0.30064583,0
3.7179837,1.5318133,-2.3493681,0.94322729,0.14118889,-0.30064583,0
0.34693575,1.9127301,-2.4131298,-0.28607073,-0.1146208,-0.9513284,0
-3.7376711,-3.1174417,1.9109941,-0.94322729,-0.14118889,0.30064583,0
1.2606363,3.1007485,-2.6426315,-0.16877723,0.98332489,-0.067723513,0
0.19511424,-0.8223846,-1.9765432,-0.28607073,-0.1146208,-0.9513284,0
0.77903986,-2.9343536,-0.39011365,0.16877723,-0.98332489,0.067723513,0
-1.7076764,-2.5527647,2.9869874,0.28607073,0.1146208,0.9513284,0
1.0634408,3.2431495,0.38082027,-0.16877723,0.98332489,-0.067723513,0
-1.8365037,2.8737605,2.0144694,-0.16877723,0.98332489,-0.067723513,0
3.4163239,3.4920855,-1.0113263,-0.16877723,0.98332489,-0.067723513,0
1.3456964,-2.8925436,-2.1706433,-0.28607073,-0.1146208,-0.9513284,0
-3.2251239,2.5286286,1.6846819,-0.16877723,0.98332489,-0.067723513,0
1.3041217,-2.8970618,-0.4341442,0.16877723,-0.98332489,0.067723513,0
3.0918784,3.5021198,-2.364723,-0.16877723,0.98332489,-0.067723513,0
-4.0167341,1.4265614,3.0452147,0.28607073,0.1146208,0.9513284,0
-2.258671,2.5175281,2.4724538,0.28607073,0.1146208,0.9513284,0
-3.4218652,-3.5434289,1.7426987,0.16877723,-0.98332489,0.067723513,0
-3.6333628,-2.5377598,2.5316844,-0.94322729,-0.14118889,0.30064583,0
-4.2320213,-3.298902,-0.32783937,-0.28607073,-0.1146208,-0.9513284,0
-4.149538,2.4532127,0.86820066,-0.16877723,0.98332489,-0.067723513,0
3.6167965,0.028934285,-3.2206037,-0.28607073,-0.1146208,-0.9513284,0
3.3655722,2.6343677,-3.1448936,0.94322729,0.14118889,-0.30064583,0
1.0843508,3.1264353,1.4471452,0.28607073,0.1146208,0.9513284,0
-3.9226475,-0.66086662,2.5593729,-0.94322729,-0.14118889,0.30064583,0
2.2069259,-2.6717508,0.074111842,0.16877723,-0.98332489,0.067723513,0
-3.3722477,-2.4468813,3.0980859,-0.94322729,-0.14118889,0.30064583,0
4.4170032,-0.44042075,-1.5166962,0.94322729,0.14118889,-0.30064583,0
-5.0169444,1.4392672,0.21758962,-0.94322729,-0.14118889,0.30064583,0
-4.6682305,1.2004147,1.1065941,-0.94322729,-0.14118889,0.30064583,0
0.44747424,3.0708556,0.12895048,-0.16877723,0.98332489,-0.067723513,0
