-3.361846,1.6643987,1.1946096,-0.13297251,0.28443611,0.94942844,0
3.9223967,1.7812015,1.4699717,0.9857505,-0.061621785,0.15652072,0
3.7211661,-3.695457,0.79182172,0.9857505,-0.061621785,0.15652072,0
2.8211687,3.8537087,0.12228775,0.10302556,0.95671248,-0.27218908,0
-4.3093443,-2.826417,-0.074414253,-0.9857505,0.061621785,-0.15652072,0
-0.14840925,-1.1536883,-1.7399592,0.13297251,-0.28443611,-0.94942844,0
-3.9117949,-1.9251056,-1.8831921,-0.9857505,0.061621785,-0.15652072,0
-1.1733932,3.6725016,-2.49019,0.10302556,0.95671248,-0.27218908,0
-3.1761985,0.79863906,-2.7127848,0.13297251,-0.28443611,-0.94942844,0
2.9590888,-3.6878369,-0.6803143,0.13297251,-0.28443611,-0.94942844,0
-0.0043907166,-4.0446692,0.59871447,-0.10302556,-0.95671248,0.27218908,0
1.0008185,0.85980272,-2.1880574,0.13297251,-0.28443611,-0.94942844,0
0.69006872,-1.7425671,2.6353812,-0.13297251,0.28443611,0.94942844,0
2.6565509,-2.081785,-1.0535308,0.13297251,-0.28443611,-0.94942844,0
3.2300594,3.3157701,-1.7756519,0.10302556,0.95671248,-0.27218908,0
0.035297155,2.4021957,-2.8824208,0.13297251,-0.28443611,-0.94942844,0
4.0867281,2.911448,0.99607468,0.9857505,-0.061621785,0.15652072,0
-1.5504627,3.7613511,0.8666839,-0.13297251,0.28443611,0.94942844,0
3.6264341,3.4663363,-1.3215222,0.10302556,0.95671248,-0.27218908,0
4.5590687,2.3851876,-1.8132677,0.9857505,-0.061621785,0.15652072,0
4.4831305,1.7353714,-1.6985192,0.9857505,-0.061621785,0.15652072,0
3.4327166,2.1457675,-2.285517,0.13297251,-0.28443611,-0.94942844,0
3.5485518,-3.210952,1.8168422,0.9857505,-0.061621785,0.15652072,0
-4.0104022,2.0518191,0.52080727,-0.9857505,0.061621785,-0.15652072,0
0.38498604,-1.5762297,2.5692239,-0.13297251,0.28443611,0.94942844,0
-0.57449722,-0.10393524,1.9905646,-0.13297251,0.28443611,0.94942844,0
2.4809434,-3.9143898,-0.52488077,0.13297251,-0.28443611,-0.94942844,0
-3.7137742,4.1284962,-0.91507471,-0.9857505,0.061621785,-0.15652072,0
3.8867173,-0.37520695,0.44395494,0.9857505,-0.061621785,0.15652072,0
3.3724825,3.9469528,0.80009079,0.10302556,0.95671248,-0.27218908,0
-1.9909935,0.28609061,1.7220025,-0.13297251,0.28443611,0.94942844,0
-3.9560235,1.8208125,1.1067772,-0.13297251,0.28443611,0.94942844,0
-4.4997268,-3.2596035,1.385354,-0.9857505,0.061621785,-0.15652072,0
3.4808064,4.0231953,0.92106342,0.10302556,0.95671248,-0.27218908,0
4.2211657,0.96384931,-0.96872306,0.9857505,-0.061621785,0.15652072,0
2.5443647,-0.84583163,-1.4396447,0.13297251,-0.28443611,-0.94942844,0
2.6528823,3.4352045,-1.3506401,0.10302556,0.95671248,-0.27218908,0
1.803476,0.14628196,2.312865,-0.13297251,0.28443611,0.94942844,0
-1.9240167,3.7343297,-2.1648545,0.10302556,0.95671248,-0.27218908,0
-0.55865765,2.63445,1.1399977,-0.13297251,0.28443611,0.94942844,0
-2.5256424,1.5725601,1.3613474,-0.13297251,0.28443611,0.94942844,0
-3.3294463,-3.8630629,-1.4830389,0.13297251,-0.28443611,-0.94942844,0
0.59989429,3.2819197,-2.6144495,0.10302556,0.95671248,-0.27218908,0
1.763535,4.2786341,0.82421136,0.10302556,0.95671248,-0.27218908,0
-0.58796144,2.6818788,-2.9381962,0.13297251,-0.28443611,-0.94942844,0
1.4290828,-0.80617058,2.4712226,-0.13297251,0.28443611,0.94942844,0
4.1722298,-0.27587914,-0.67299223,0.9857505,-0.061621785,0.15652072,0
0.2349081,-4.4647193,-0.76333463,-0.10302556,-0.95671248,0.27218908,0
3.7668934,-4.1872339,0.30394256,0.9857505,-0.061621785,0.15652072,0
1.625948,-1.4448051,-1.4258893,0.13297251,-0.28443611,-0.94942844,0
-4.2579165,-3.0434356,-0.016599655,-0.9857505,0.061621785,-0.15652072,0
3.7733839,3.290946,-1.6352115,0.10302556,0.95671248,-0.27218908,0
2.2724876,1.8288803,-2.4122262,0.13297251,-0.28443611,-0.94942844,0
0.4588697,-3.9292345,1.0102823,-0.10302556,-0.95671248,0.27218908,0
-1.096766,-3.8762407,0.80410051,-0.10302556,-0.95671248,0.27218908,0
1.2633996,-0.77146733,2.4911535,-0.13297251,0.28443611,0.94942844,0
-3.5290234,1.526067,1.0526361,-0.13297251,0.28443611,0.94942844,0
-3.9193909,2.7685905,-0.31153154,-0.9857505,0.061621785,-0.15652072,0
0.94951487,-3.8995934,1.1351513,-0.10302556,-0.95671248,0.27218908,0
-1.4706006,3.419944,-3.2890453,0.10302556,0.95671248,-0.27218908,0
-1.2823361,2.0975108,1.3007271,-0.13297251,0.28443611,0.94942844,0
-3.7346072,3.3549957,-0.92478287,-0.9857505,0.061621785,-0.15652072,0
0.066166401,-4.3598571,-0.49844718,-0.10302556,-0.95671248,0.27218908,0
3.7524893,0.33885655,2.4867275,-0.13297251,0.28443611,0.94942844,0
3.9998465,-2.4134126,-0.44571543,0.9857505,-0.061621785,0.15652072,0
2.7186816,-3.8401384,2.0814471,-0.10302556,-0.95671248,0.27218908,0
0.2614038,-1.3478674,-1.7616332,0.13297251,-0.28443611,-0.94942844,0
-2.8791718,0.64450657,-2.6007895,0.13297251,-0.28443611,-0.94942844,0
-0.65192032,-4.1477866,0.19912267,-0.10302556,-0.95671248,0.27218908,0
4.3031216,1.507437,-1.5289116,0.9857505,-0.061621785,0.15652072,0
-3.8870173,0.6776042,-0.49137187,-0.9857505,0.061621785,-0.15652072,0
-0.59444451,3.2921789,-3.2000034,0.13297251,-0.28443611,-0.94942844,0
4.0144539,-0.80899501,0.19101548,0.9857505,-0.061621785,0.15652072,0
-1.1990466,-3.1217978,2.7851958,-0.13297251,0.28443611,0.94942844,0
-4.1130748,-2.5905921,-0.971591,-0.9857505,0.061621785,-0.15652072,0
1.9291439,4.2112207,0.81720185,0.10302556,0.95671248,-0.27218908,0
-3.7449725,2.8959599,-1.3353806,-0.9857505,0.061621785,-0.15652072,0
1.0258932,-4.2801905,0.063844204,-0.10302556,-0.95671248,0.27218908,0
-4.0895953,-2.2332025,-0.58728409,-0.9857505,0.061621785,-0.15652072,0
-0.38359571,3.4063098,-2.5117431,0.10302556,0.95671248,-0.27218908,0
-3.3345807,-4.1373005,-0.76164961,-0.10302556,-0.95671248,0.27218908,0
3.8804841,-1.0260026,0.18448997,0.9857505,-0.061621785,0.15652072,0
3.7025912,-4.5678325,0.11872041,0.9857505,-0.061621785,0.15652072,0
3.556572,-1.5393021,2.8959768,0.9857505,-0.061621785,0.15652072,0
1.1969972,3.5564258,-1.3791717,0.10302556,0.95671248,-0.27218908,0
-1.8307734,-4.0654254,-0.55849862,-0.10302556,-0.95671248,0.27218908,0
-2.0734749,4.2861109,-0.54146194,0.10302556,0.95671248,-0.27218908,0
-3.744,2.2704456,-0.6135602,-0.9857505,0.061621785,-0.15652072,0
0.66976619,1.6794229,1.7226837,-0.13297251,0.28443611,0.94942844,0
1.5672629,3.0986819,-2.8485343,0.10302556,0.95671248,-0.27218908,0
-4.0855842,-3.0669661,2.5192046,-0.10302556,-0.95671248,0.27218908,0
-4.4048705,-1.5156581,1.4083986,-0.9857505,0.061621785,-0.15652072,0
0.57025123,-3.8853126,1.0505178,-0.10302556,-0.95671248,0.27218908,0
3.638365,-0.35800052,-1.3993771,0.13297251,-0.28443611,-0.94942844,0
-2.1155999,-3.6527538,0.9353044,-0.10302556,-0.95671248,0.27218908,0
-2.390578,-2.215497,2.4187303,-0.13297251,0.28443611,0.94942844,0
-2.5691068,-3.6557844,-1.3640761,0.13297251,-0.28443611,-0.94942844,0
3.0340426,0.37589478,-1.8096263,0.13297251,-0.28443611,-0.94942844,0
-3.2596061,-3.7475457,0.012760162,-0.10302556,-0.95671248,0.27218908,0
1.4935999,4.1836209,0.73784351,0.10302556,0.95671248,-0.27218908,0
3.3234236,-3.2353227,3.4695425,0.9857505,-0.061621785,0.15652072,0
0.28516912,3.7874444,0.96923542,-0.13297251,0.28443611,0.94942844,0
-1.1626928,-2.0695627,-1.6087991,0.13297251,-0.28443611,-0.94942844,0
1.0162072,3.7184794,-1.0067077,0.10302556,0.95671248,-0.27218908,0
-3.8463087,4.1468916,0.21138787,-0.9857505,0.061621785,-0.15652072,0
-4.144846,-1.7480025,0.46992922,-0.9857505,0.061621785,-0.15652072,0
-3.4495869,-1.9879607,-2.0070021,0.13297251,-0.28443611,-0.94942844,0
-0.84491229,-1.0799866,2.2663629,-0.13297251,0.28443611,0.94942844,0
-1.5365486,4.0295091,-0.93958473,0.10302556,0.95671248,-0.27218908,0
2.9137919,-3.8108251,2.5381107,-0.10302556,-0.95671248,0.27218908,0
-4.1793714,-1.8949794,0.037181854,-0.9857505,0.061621785,-0.15652072,0
-2.8329825,-3.1878147,2.4430714,-0.10302556,-0.95671248,0.27218908,0
-4.3963566,-3.3630824,0.44514036,-0.9857505,0.061621785,-0.15652072,0
1.324995,3.8492861,-0.49967122,0.10302556,0.95671248,-0.27218908,0
-4.5216694,-1.6721263,1.6502652,-0.9857505,0.061621785,-0.15652072,0
-3.899817,-0.95105648,-1.4533052,-0.9857505,0.061621785,-0.15652072,0
-0.27222204,-3.927047,0.75659728,-0.10302556,-0.95671248,0.27218908,0
0.4534283,-0.0057013035,-1.9664602,0.13297251,-0.28443611,-0.94942844,0
-4.2692199,-0.25515652,0.9721837,-0.9857505,0.061621785,-0.15652072,0
-2.3992257,3.5201838,-3.2485521,0.10302556,0.95671248,-0.27218908,0
-2.5641026,-3.8942142,-0.11082077,-0.10302556,-0.95671248,0.27218908,0
3.1055279,-4.1811814,0.98601174,-0.10302556,-0.95671248,0.27218908,0
-0.38923478,-3.6266572,1.6521014,-0.10302556,-0.95671248,0.27218908,0
-2.4306157,-3.1577725,2.4540944,-0.10302556,-0.95671248,0.27218908,0
0.48161316,4.3338785,0.79752088,0.10302556,0.95671248,-0.27218908,0
1.7571666,-4.4793158,-0.43567842,-0.10302556,-0.95671248,0.27218908,0
3.0221548,4.0206347,1.374795,-0.13297251,0.28443611,0.94942844,0
-3.6303108,3.8521411,-1.1778433,-0.9857505,0.061621785,-0.15652072,0
4.0041471,0.56919587,0.14528704,0.9857505,-0.061621785,0.15652072,0
-3.013268,-3.1948891,2.2460654,-0.10302556,-0.95671248,0.27218908,0
0.90028465,-2.5389664,3.0285907,-0.13297251,0.28443611,0.94942844,0
4.4188576,2.3065023,-2.2432528,0.13297251,-0.28443611,-0.94942844,0
3.7923255,-0.8648653,1.5270023,0.9857505,-0.061621785,0.15652072,0
-3.6105921,-3.1515245,-1.5820539,0.13297251,-0.28443611,-0.94942844,0
1.6238565,-3.8786466,-0.67967343,0.13297251,-0.28443611,-0.94942844,0
-0.89600301,3.6274223,-2.3261077,0.10302556,0.95671248,-0.27218908,0
1.3934386,-3.6816764,2.2089703,-0.10302556,-0.95671248,0.27218908,0
-2.2771695,3.5804274,-2.6357775,0.10302556,0.95671248,-0.27218908,0
2.8771496,-4.1814656,1.2024689,-0.10302556,-0.95671248,0.27218908,0
-3.5126162,2.0348811,-2.9305577,-0.9857505,0.061621785,-0.15652072,0
-4.4286594,-3.1333048,2.1766167,-0.10302556,-0.95671248,0.27218908,0
-2.4466755,-4.0728741,-0.82618523,-0.10302556,-0.95671248,0.27218908,0
0.2152276,-4.4675221,-0.69137084,-0.10302556,-0.95671248,0.27218908,0
1.164729,-0.95821381,-1.5920101,0.13297251,-0.28443611,-0.94942844,0
3.7530136,0.20937671,1.9313848,0.9857505,-0.061621785,0.15652072,0
0.57674837,3.4390383,-2.7310987,0.10302556,0.95671248,-0.27218908,0
3.4147642,4.2482576,1.2853451,0.10302556,0.95671248,-0.27218908,0
-4.4266958,-1.7820866,1.1455479,-0.9857505,0.061621785,-0.15652072,0
1.1086059,0.5318017,2.1433606,-0.13297251,0.28443611,0.94942844,0
-1.0819557,3.6020656,0.79634434,-0.13297251,0.28443611,0.94942844,0
3.7499919,-3.5617218,0.41503835,0.9857505,-0.061621785,0.15652072,0
-0.60775089,-3.4624972,-1.0630189,0.13297251,-0.28443611,-0.94942844,0
-1.1454296,-4.1059909,-1.0186923,0.13297251,-0.28443611,-0.94942844,0
-4.1397047,-2.4105763,-0.0185709,-0.9857505,0.061621785,-0.15652072,0
4.1623812,3.2227612,-1.837069,0.10302556,0.95671248,-0.27218908,0
4.0433774,-1.0199172,-0.10445499,0.9857505,-0.061621785,0.15652072,0
-4.0882435,-1.7709825,-0.34473181,-0.9857505,0.061621785,-0.15652072,0
0.53576279,-4.4075108,-0.69605088,0.13297251,-0.28443611,-0.94942844,0
2.7401984,-4.5084333,-0.31521648,0.13297251,-0.28443611,-0.94942844,0
0.86768436,1.9152987,1.5988765,-0.13297251,0.28443611,0.94942844,0
-1.668938,3.0525963,-3.1670251,0.13297251,-0.28443611,-0.94942844,0
1.1817908,3.6781509,-1.0307066,0.10302556,0.95671248,-0.27218908,0
-1.2296631,-3.0766227,-1.39369,0.13297251,-0.28443611,-0.94942844,0
1.7717972,-4.0943003,1.3357807,-0.10302556,-0.95671248,0.27218908,0
-3.7633901,3.8952241,-0.8573432,-0.9857505,0.061621785,-0.15652072,0
-2.9689326,3.6028047,0.54668796,-0.13297251,0.28443611,0.94942844,0
1.1643786,-3.5309889,2.8294044,-0.10302556,-0.95671248,0.27218908,0
3.5250764,-0.068900198,2.5843673,-0.13297251,0.28443611,0.94942844,0
-2.6775374,-2.8124614,-1.7009959,0.13297251,-0.28443611,-0.94942844,0
-3.5716846,-3.6268885,0.35409451,-0.10302556,-0.95671248,0.27218908,0
-1.2833951,-2.2454939,2.6915698,-0.13297251,0.28443611,0.94942844,0
-3.6959653,3.4531813,-1.0441087,-0.9857505,0.061621785,-0.15652072,0
4.0067916,-2.5433476,-0.5128231,0.9857505,-0.061621785,0.15652072,0
-0.032424331,2.1174459,-2.645061,0.13297251,-0.28443611,-0.94942844,0
1.8964109,-4.3449197,0.071538225,-0.10302556,-0.95671248,0.27218908,0
-0.16385484,-3.5558052,1.8474607,-0.10302556,-0.95671248,0.27218908,0
1.0836015,-3.6975312,2.2570934,-0.10302556,-0.95671248,0.27218908,0
-1.83891,3.2531521,-3.331965,0.13297251,-0.28443611,-0.94942844,0
-1.0152028,-3.8006549,0.67798209,-0.10302556,-0.95671248,0.27218908,0
-2.0480452,-3.2392728,2.2556291,-0.10302556,-0.95671248,0.27218908,0
1.5634637,4.1085691,0.20632601,0.10302556,0.95671248,-0.27218908,0
0.88440073,-1.8690988,-1.3937129,0.13297251,-0.28443611,-0.94942844,0
3.8605602,0.38018528,1.6250467,0.9857505,-0.061621785,0.15652072,0
-1.6365823,1.6434979,-2.7953598,0.13297251,-0.28443611,-0.94942844,0
-2.8429835,-0.87000537,1.9015636,-0.13297251,0.28443611,0.94942844,0
4.0522032,-1.5877247,-0.8896997,0.9857505,-0.061621785,0.15652072,0
-4.0495262,-2.9405942,-1.4796081,-0.9857505,0.061621785,-0.15652072,0
-3.8882718,-0.49375767,-1.5416732,-0.9857505,0.061621785,-0.15652072,0
4.1212668,0.83242977,0.36770153,0.9857505,-0.061621785,0.15652072,0
3.7668869,-1.8763806,0.91998982,0.9857505,-0.061621785,0.15652072,0
4.2474928,-0.88808393,-1.0479372,0.9857505,-0.061621785,0.15652072,0
2.1987176,0.57348037,-1.8749964,0.13297251,-0.28443611,-0.94942844,0
2.9065683,3.2905679,-2.2786169,0.10302556,0.95671248,-0.27218908,0
3.6415474,-4.5129075,0.53629911,-0.10302556,-0.95671248,0.27218908,0
3.351681,-2.718106,3.3225276,0.9857505,-0.061621785,0.15652072,0
3.8067937,3.9860458,0.87280464,0.10302556,0.95671248,-0.27218908,0
0.46585131,2.3189001,1.5001354,-0.13297251,0.28443611,0.94942844,0
0.094592571,-4.170763,-0.084140897,-0.10302556,-0.95671248,0.27218908,0
-0.81110311,3.9427934,-0.84083843,0.10302556,0.95671248,-0.27218908,0
-3.3327181,3.6766884,0.54722178,-0.13297251,0.28443611,0.94942844,0
-0.73564959,3.2303474,0.97023809,-0.13297251,0.28443611,0.94942844,0
2.3169053,3.8621585,-0.26698589,0.10302556,0.95671248,-0.27218908,0
3.6227696,3.03372,1.718992,-0.13297251,0.28443611,0.94942844,0
-3.9003274,1.633219,-0.16172981,-0.9857505,0.061621785,-0.15652072,0
2.3811176,-0.72542048,-1.6102625,0.13297251,-0.28443611,-0.94942844,0
-1.2393275,0.80003572,1.763535,-0.13297251,0.28443611,0.94942844,0
0.53581095,4.255157,0.60966468,0.10302556,0.95671248,-0.27218908,0
3.8027208,-1.0179374,1.5582175,0.9857505,-0.061621785,0.15652072,0
-3.1688046,1.3982999,1.1446567,-0.13297251,0.28443611,0.94942844,0
4.0122375,-2.1597936,-0.38704944,0.9857505,-0.061621785,0.15652072,0
-2.8214226,-0.62713873,-2.2087214,0.13297251,-0.28443611,-0.94942844,0
3.5772662,-3.5222192,2.139941,0.9857505,-0.061621785,0.15652072,0
-0.13179231,0.69611871,1.925125,-0.13297251,0.28443611,0.94942844,0
3.3208675,-3.5450468,2.7930706,0.9857505,-0.061621785,0.15652072,0
3.132926,3.5309379,-1.1074286,0.10302556,0.95671248,-0.27218908,0
4.0568643,-2.3342135,-0.41708088,0.9857505,-0.061621785,0.15652072,0
3.2608347,3.0146778,-2.5815709,0.10302556,0.95671248,-0.27218908,0
3.0630813,-1.5958455,3.1006646,-0.13297251,0.28443611,0.94942844,0
4.0003004,2.5258884,0.98705626,0.9857505,-0.061621785,0.15652072,0
3.4964337,2.9758101,-2.5103981,0.13297251,-0.28443611,-0.94942844,0
1.1698638,-1.6810397,-1.5195044,0.13297251,-0.28443611,-0.94942844,0
-0.6595096,0.2365061,-2.2274814,0.13297251,-0.28443611,-0.94942844,0
4.4156032,2.5120299,-1.8899345,0.9857505,-0.061621785,0.15652072,0
-1.991298,4.1699181,-1.136497,0.10302556,0.95671248,-0.27218908,0
-4.3342876,-3.4160528,-0.063663006,-0.9857505,0.061621785,-0.15652072,0
-3.95116,-1.6885065,-1.1345742,-0.9857505,0.061621785,-0.15652072,0
-4.151176,1.1279867,0.86682582,-0.9857505,0.061621785,-0.15652072,0
4.227581,2.0589423,0.1393137,0.9857505,-0.061621785,0.15652072,0
-2.0031068,-1.0947921,-2.0828848,0.13297251,-0.28443611,-0.94942844,0
3.9046893,-3.4234471,0.21853614,0.9857505,-0.061621785,0.15652072,0
0.85652542,-3.0347586,3.1184654,-0.13297251,0.28443611,0.94942844,0
-1.5833209,-1.2359712,-1.8540094,0.13297251,-0.28443611,-0.94942844,0
-3.1530094,-0.85778207,-2.1982574,0.13297251,-0.28443611,-0.94942844,0
-4.1300201,-0.068532944,-0.16904497,-0.9857505,0.061621785,-0.15652072,0
3.3576233,-1.1279831,-1.2971532,0.13297251,-0.28443611,-0.94942844,0
1.8379626,-4.0793324,1.2014689,-0.10302556,-0.95671248,0.27218908,0
-3.9607627,-3.6522613,-1.4411702,-0.9857505,0.061621785,-0.15652072,0
-0.036488056,-3.8734605,1.2277651,-0.10302556,-0.95671248,0.27218908,0
-2.0649219,2.7622051,-3.2228465,0.13297251,-0.28443611,-0.94942844,0
3.4650075,-4.4365821,0.70658457,-0.10302556,-0.95671248,0.27218908,0
-3.6310384,-2.7748413,-1.7878513,0.13297251,-0.28443611,-0.94942844,0
-0.59383154,4.3110147,0.49350035,0.10302556,0.95671248,-0.27218908,0
-1.3306212,0.81470203,1.7391678,-0.13297251,0.28443611,0.94942844,0
-1.3786027,-2.4015179,-1.6298769,0.13297251,-0.28443611,-0.94942844,0
-4.1430717,-1.7193394,-0.32862711,-0.9857505,0.061621785,-0.15652072,0
3.9225211,1.1005998,1.526957,0.9857505,-0.061621785,0.15652072,0
1.8434401,-2.962852,-0.9906882,0.13297251,-0.28443611,-0.94942844,0
-4.2004619,1.015065,0.96766162,-0.9857505,0.061621785,-0.15652072,0
3.4539061,-2.318264,3.183135,-0.13297251,0.28443611,0.94942844,0
-0.59949517,-3.7641001,0.93457031,-0.10302556,-0.95671248,0.27218908,0
0.11601543,3.6560905,1.102087,-0.13297251,0.28443611,0.94942844,0
-1.8121192,3.880178,-2.0909607,0.10302556,0.95671248,-0.27218908,0
3.8821001,0.9239819,1.0423453,0.9857505,-0.061621785,0.15652072,0
-3.1860869,3.4538155,-3.4915018,0.10302556,0.95671248,-0.27218908,0
4.2132649,1.9276845,-0.071950912,0.9857505,-0.061621785,0.15652072,0
3.9129779,-2.429203,0.41291046,0.9857505,-0.061621785,0.15652072,0
0.53564715,3.6703315,-1.7145549,0.10302556,0.95671248,-0.27218908,0
4.01964,1.5812684,0.22491837,0.9857505,-0.061621785,0.15652072,0
4.0081015,-2.8220088,-0.59336376,0.9857505,-0.061621785,0.15652072,0
4.3078647,1.4340968,-1.4026999,0.9857505,-0.061621785,0.15652072,0
3.8652956,3.5863445,-0.63274813,0.10302556,0.95671248,-0.27218908,0
-3.5918937,0.43542624,-2.591033,-0.9857505,0.061621785,-0.15652072,0
-4.0042658,-3.2742729,-1.2488942,-0.9857505,0.061621785,-0.15652072,0
4.2979736,3.2197084,-0.64464712,0.9857505,-0.061621785,0.15652072,0
-0.26491737,3.9824564,-0.5032475,0.10302556,0.95671248,-0.27218908,0
-2.2704458,-3.3845389,1.5986061,-0.10302556,-0.95671248,0.27218908,0
3.6831906,4.0625052,0.82106924,0.10302556,0.95671248,-0.27218908,0
0.53593016,-3.8771334,-0.82982177,0.13297251,-0.28443611,-0.94942844,0
3.6640315,-4.2149396,1.0292652,-0.10302556,-0.95671248,0.27218908,0
-3.6908407,3.9731562,0.29888368,-0.13297251,0.28443611,0.94942844,0
-3.4445593,3.171946,-2.5500245,-0.9857505,0.061621785,-0.15652072,0
1.6507213,-0.16066551,-1.874959,0.13297251,-0.28443611,-0.94942844,0
0.72323656,-1.7382349,-1.4784096,0.13297251,-0.28443611,-0.94942844,0
0.79111814,4.2763467,0.60801458,0.10302556,0.95671248,-0.27218908,0
1.3210857,-4.0096312,0.86443156,-0.10302556,-0.95671248,0.27218908,0
2.7208574,3.1921766,-2.4651322,0.10302556,0.95671248,-0.27218908,0
4.0836492,3.1978834,0.49073362,0.9857505,-0.061621785,0.15652072,0
-3.7464175,1.5777781,-1.7932465,-0.9857505,0.061621785,-0.15652072,0
-2.1488919,2.556808,0.99252349,-0.13297251,0.28443611,0.94942844,0
-3.1468284,-4.08499,-0.7220788,-0.10302556,-0.95671248,0.27218908,0
-0.70285434,-1.1967924,2.4260688,-0.13297251,0.28443611,0.94942844,0
-1.3199818,4.2409782,-0.45468581,0.10302556,0.95671248,-0.27218908,0
3.8908293,0.98215079,-1.7832613,0.13297251,-0.28443611,-0.94942844,0
3.6848218,-4.5113468,0.12671483,-0.10302556,-0.95671248,0.27218908,0
1.2105567,1.2552466,-2.4014344,0.13297251,-0.28443611,-0.94942844,0
-0.55133867,4.2302403,-0.40204799,0.10302556,0.95671248,-0.27218908,0
-3.5939317,0.82039922,-2.2453258,-0.9857505,0.061621785,-0.15652072,0
-4.3309536,-2.5560057,2.1771598,-0.13297251,0.28443611,0.94942844,0
-2.8874433,4.4901605,0.21062839,0.10302556,0.95671248,-0.27218908,0
-3.6603281,2.114275,-1.6145509,-0.9857505,0.061621785,-0.15652072,0
2.2523105,-4.2197242,0.44224921,-0.10302556,-0.95671248,0.27218908,0
1.3518884,3.2289519,-2.7746129,0.10302556,0.95671248,-0.27218908,0
-2.8893898,-3.8124866,0.12396002,-0.10302556,-0.95671248,0.27218908,0
-3.0808401,0.51173377,1.5593233,-0.13297251,0.28443611,0.94942844,0
1.9615693,-4.3992691,0.13056773,-0.10302556,-0.95671248,0.27218908,0
1.9046228,-4.0806704,0.76578557,-0.10302556,-0.95671248,0.27218908,0
0.43368894,-0.77430022,-1.7295256,0.13297251,-0.28443611,-0.94942844,0
1.319525,-0.29554605,-1.907387,0.13297251,-0.28443611,-0.94942844,0
2.4430451,-3.9319069,1.8550457,-0.10302556,-0.95671248,0.27218908,0
-4.2292299,-3.3902893,1.4761839,-0.10302556,-0.95671248,0.27218908,0
1.2711828,1.68957,-2.3875523,0.13297251,-0.28443611,-0.94942844,0
2.700397,-4.1585364,1.2921098,-0.10302556,-0.95671248,0.27218908,0
-0.69710803,-0.28970385,2.0035534,-0.13297251,0.28443611,0.94942844,0
2.4063795,3.8041811,-0.33137631,0.10302556,0.95671248,-0.27218908,0
-3.7238767,-3.218699,2.2163467,-0.10302556,-0.95671248,0.27218908,0
-2.507863,-2.2738249,2.415839,-0.13297251,0.28443611,0.94942844,0
-2.4532182,3.5882573,-2.8941379,0.10302556,0.95671248,-0.27218908,0
3.8427339,1.212237,1.3726535,0.9857505,-0.061621785,0.15652072,0
3.9432769,-0.065969825,0.62832427,0.9857505,-0.061621785,0.15652072,0
-4.2709088,-2.826756,0.18397045,-0.9857505,0.061621785,-0.15652072,0
-3.9312959,0.29008031,-0.10467291,-0.9857505,0.061621785,-0.15652072,0
1.9913278,-4.0583963,0.93195784,-0.10302556,-0.95671248,0.27218908,0
-4.2043982,-3.6856644,-0.5104661,-0.9857505,0.061621785,-0.15652072,0
4.1130037,-1.0285633,-1.2667484,0.13297251,-0.28443611,-0.94942844,0
-4.3846898,-1.4439774,1.8010073,-0.9857505,0.061621785,-0.15652072,0
-2.537179,-3.4025836,1.6766558,-0.10302556,-0.95671248,0.27218908,0
2.7556922,3.3920326,-2.012979,0.10302556,0.95671248,-0.27218908,0
-3.4797363,-1.8890839,-2.060415,0.13297251,-0.28443611,-0.94942844,0
0.82558727,-1.4184136,2.6811659,-0.13297251,0.28443611,0.94942844,0
-2.3320773,4.0293298,-1.1232077,0.10302556,0.95671248,-0.27218908,0
-1.0245042,-4.3385711,-0.65009928,-0.10302556,-0.95671248,0.27218908,0
3.4293783,-4.2762346,1.1999358,-0.10302556,-0.95671248,0.27218908,0
1.3004298,3.9520411,0.02884531,0.10302556,0.95671248,-0.27218908,0
-4.0924616,2.0508723,0.86058998,-0.9857505,0.061621785,-0.15652072,0
-3.3614235,3.6579704,-2.7162268,-0.9857505,0.061621785,-0.15652072,0
-3.8533978,-0.40340638,-0.90702248,-0.9857505,0.061621785,-0.15652072,0
0.71226215,3.920769,-1.0021925,0.10302556,0.95671248,-0.27218908,0
0.43410873,4.1319237,0.049963951,0.10302556,0.95671248,-0.27218908,0
-1.3385127,-3.5984478,1.8358852,-0.10302556,-0.95671248,0.27218908,0
0.28145695,2.7158992,1.3213761,-0.13297251,0.28443611,0.94942844,0
-3.8068998,4.3954787,0.10981488,-0.9857505,0.061621785,-0.15652072,0
3.4801824,-4.39429,-0.40243363,0.13297251,-0.28443611,-0.94942844,0
-0.58357882,-2.6448994,2.8179674,-0.13297251,0.28443611,0.94942844,0
4.2275858,0.33632112,-1.5016105,0.9857505,-0.061621785,0.15652072,0
-4.0126672,0.25519657,0.24828291,-0.9857505,0.061621785,-0.15652072,0
2.4365251,-3.7723091,2.4333913,-0.10302556,-0.95671248,0.27218908,0
1.968925,-3.1611185,-0.90925062,0.13297251,-0.28443611,-0.94942844,0
0.55575085,-0.98198235,2.5229235,-0.13297251,0.28443611,0.94942844,0
-4.2834978,-3.2302995,0.48485947,-0.9857505,0.061621785,-0.15652072,0
-1.8457572,-3.9408317,0.38115883,-0.10302556,-0.95671248,0.27218908,0
-2.525948,4.1637025,-0.99568385,0.10302556,0.95671248,-0.27218908,0
0.51203251,4.4770346,0.90846908,0.10302556,0.95671248,-0.27218908,0
4.1912251,0.5922668,-1.049772,0.9857505,-0.061621785,0.15652072,0
-2.9789672,-1.314561,-2.0486007,0.13297251,-0.28443611,-0.94942844,0
3.9634442,-1.5921919,-0.031328678,0.9857505,-0.061621785,0.15652072,0
-3.3920364,2.7767632,-2.7529116,-0.9857505,0.061621785,-0.15652072,0
3.755738,-4.1084981,0.68671358,0.9857505,-0.061621785,0.15652072,0
-3.0090823,-3.9623783,-0.43644381,-0.10302556,-0.95671248,0.27218908,0
3.8882957,-2.6874852,-0.56113958,0.9857505,-0.061621785,0.15652072,0
-3.9639578,-0.62140876,-1.2565186,-0.9857505,0.061621785,-0.15652072,0
-1.0103414,3.666317,-1.8945663,0.10302556,0.95671248,-0.27218908,0
3.1433878,-0.081414759,2.4815264,-0.13297251,0.28443611,0.94942844,0
2.4798207,3.7222903,-0.72964001,0.10302556,0.95671248,-0.27218908,0
1.398671,0.86964941,2.1215298,-0.13297251,0.28443611,0.94942844,0
-3.9532051,-2.5426297,2.3138745,-0.13297251,0.28443611,0.94942844,0
-1.2837365,-3.9257033,0.69765782,-0.10302556,-0.95671248,0.27218908,0
1.5264459,3.0835705,1.3744452,-0.13297251,0.28443611,0.94942844,0
-3.7522519,-2.066143,2.2429345,-0.13297251,0.28443611,0.94942844,0
4.3108263,3.5688965,-0.14244699,0.9857505,-0.061621785,0.15652072,0
0.21830523,0.10680699,-2.1764967,0.13297251,-0.28443611,-0.94942844,0
0.60047793,-0.00031661987,-1.9814265,0.13297251,-0.28443611,-0.94942844,0
-3.0993626,-3.329495,1.9446452,-0.10302556,-0.95671248,0.27218908,0
0.94362402,-4.0235467,0.8147651,-0.10302556,-0.95671248,0.27218908,0
3.4313271,-0.095013112,2.575902,-0.13297251,0.28443611,0.94942844,0
-2.9784153,1.0078882,-2.7246027,0.13297251,-0.28443611,-0.94942844,0
-1.1276703,4.0041852,-1.2089361,0.10302556,0.95671248,-0.27218908,0
1.5879734,-3.7567973,2.0768547,-0.10302556,-0.95671248,0.27218908,0
-0.92638081,1.2904395,-2.6495924,0.13297251,-0.28443611,-0.94942844,0
4.5588613,2.9793267,-2.2562799,0.10302556,0.95671248,-0.27218908,0
-3.3585014,3.4624934,-3.6575024,-0.9857505,0.061621785,-0.15652072,0
-0.41885471,-3.8844628,1.0598521,-0.10302556,-0.95671248,0.27218908,0
-2.9073508,4.5669532,-0.030359209,0.10302556,0.95671248,-0.27218908,0
-1.342732,-4.0624127,-0.37229395,-0.10302556,-0.95671248,0.27218908,0
3.117574,-4.1532555,1.3139718,-0.10302556,-0.95671248,0.27218908,0
-4.2053366,-2.9860826,-0.34856367,-0.9857505,0.061621785,-0.15652072,0
3.1212766,-4.5313082,0.12208343,-0.10302556,-0.95671248,0.27218908,0
3.6496906,-4.2390795,0.69690716,0.9857505,-0.061621785,0.15652072,0
-2.7838979,-4.0508313,-0.89051199,-0.10302556,-0.95671248,0.27218908,0
-0.36178255,0.2347126,2.0679464,-0.13297251,0.28443611,0.94942844,0
2.8075066,0.5591526,-1.8939536,0.13297251,-0.28443611,-0.94942844,0
-4.3236389,-1.7332349,1.356822,-0.9857505,0.061621785,-0.15652072,0
2.2514591,3.6565361,1.2738478,-0.13297251,0.28443611,0.94942844,0
1.5031602,-3.9805379,1.371762,-0.10302556,-0.95671248,0.27218908,0
3.6863372,-1.2687807,1.7180302,0.9857505,-0.061621785,0.15652072,0
4.1554294,0.56766748,-0.64202261,0.9857505,-0.061621785,0.15652072,0
3.8289249,0.92694032,1.995702,0.9857505,-0.061621785,0.15652072,0
2.1647055,-0.20080519,-1.7567425,0.13297251,-0.28443611,-0.94942844,0
4.5076003,2.7638681,-2.3392248,0.13297251,-0.28443611,-0.94942844,0
-1.8013306,3.0466404,1.0030127,-0.13297251,0.28443611,0.94942844,0
-2.0855687,-3.3184302,2.2178719,-0.10302556,-0.95671248,0.27218908,0
-0.87792563,-3.2034869,-1.3717206,0.13297251,-0.28443611,-0.94942844,0
3.8130107,-3.8398466,-0.017610073,0.9857505,-0.061621785,0.15652072,0
0.16092253,4.1717577,0.19867265,0.10302556,0.95671248,-0.27218908,0
-3.97329,0.5356617,-0.22415519,-0.9857505,0.061621785,-0.15652072,0
1.8313853,-0.93707252,-1.6725073,0.13297251,-0.28443611,-0.94942844,0
-0.37005568,3.6390452,-2.2682002,0.10302556,0.95671248,-0.27218908,0
4.178143,2.5354688,0.74765253,0.9857505,-0.061621785,0.15652072,0
-4.0355854,-3.2672427,1.7017827,-0.10302556,-0.95671248,0.27218908,0
4.5045986,1.3607719,-1.9089928,0.9857505,-0.061621785,0.15652072,0
-1.1996377,4.1542816,-0.66705406,0.10302556,0.95671248,-0.27218908,0
-4.0745072,-2.8050976,2.445128,-0.13297251,0.28443611,0.94942844,0
2.8458266,-3.3955293,-0.6691047,0.13297251,-0.28443611,-0.94942844,0
0.12347841,3.8333116,-0.89465475,0.10302556,0.95671248,-0.27218908,0
3.871794,-1.4237734,0.49597764,0.9857505,-0.061621785,0.15652072,0
1.9194545,1.6442214,1.8449346,-0.13297251,0.28443611,0.94942844,0
3.4983118,3.4765468,-0.89384747,0.10302556,0.95671248,-0.27218908,0
3.5648313,3.6790965,-0.47217178,0.10302556,0.95671248,-0.27218908,0
1.2475603,-3.5388296,2.5018382,-0.10302556,-0.95671248,0.27218908,0
-1.9807818,-3.6822071,0.76045418,-0.10302556,-0.95671248,0.27218908,0
-1.8707626,-3.2158265,2.5584762,-0.10302556,-0.95671248,0.27218908,0
1.1789602,0.74902463,-2.0992024,0.13297251,-0.28443611,-0.94942844,0
2.8980656,-4.204145,0.73927081,-0.10302556,-0.95671248,0.27218908,0
0.18157339,-3.3849506,-0.97608232,0.13297251,-0.28443611,-0.94942844,0
3.5492949,-0.79794729,2.2572732,0.9857505,-0.061621785,0.15652072,0
3.8325498,1.121696,1.9968705,0.9857505,-0.061621785,0.15652072,0
3.273376,-4.2293334,-0.2987299,0.13297251,-0.28443611,-0.94942844,0
3.064558,3.8578784,0.013572693,0.10302556,0.95671248,-0.27218908,0
3.8261957,3.2557206,-1.9372888,0.10302556,0.95671248,-0.27218908,0
-4.180635,-2.5491073,-0.35051632,-0.9857505,0.061621785,-0.15652072,0
-3.4833755,2.7006025,-2.550652,-0.9857505,0.061621785,-0.15652072,0
-3.701262,2.6134706,-1.1210468,-0.9857505,0.061621785,-0.15652072,0
3.0590134,-3.9367101,-0.47688627,0.13297251,-0.28443611,-0.94942844,0
4.0085297,2.4278243,0.9645896,0.9857505,-0.061621785,0.15652072,0
-2.6663003,4.1371803,-1.4202257,0.10302556,0.95671248,-0.27218908,0
-2.1546223,-0.0535748,1.7709235,-0.13297251,0.28443611,0.94942844,0
-2.7522411,4.0983496,-1.4684453,0.10302556,0.95671248,-0.27218908,0
-1.2832437,-4.1990991,-1.0585549,0.13297251,-0.28443611,-0.94942844,0
2.9109766,-3.8468974,2.1840513,-0.10302556,-0.95671248,0.27218908,0
2.8431997,0.58989906,2.3038065,-0.13297251,0.28443611,0.94942844,0
-3.5387049,4.5068412,-0.4625963,0.10302556,0.95671248,-0.27218908,0
-1.736447,0.64749777,-2.5817327,0.13297251,-0.28443611,-0.94942844,0
-0.87987554,-1.1110034,-1.8676178,0.13297251,-0.28443611,-0.94942844,0
3.8216922,-0.14867687,1.1294804,0.9857505,-0.061621785,0.15652072,0
2.0247838,-0.88745213,-1.5102603,0.13297251,-0.28443611,-0.94942844,0
-3.7432501,2.9267349,-1.4253289,-0.9857505,0.061621785,-0.15652072,0
3.9474907,1.1893467,0.62597561,0.9857505,-0.061621785,0.15652072,0
-3.5777731,3.4821827,-2.2779248,-0.9857505,0.061621785,-0.15652072,0
-0.23432922,-4.0085773,0.51641643,-0.10302556,-0.95671248,0.27218908,0
-3.6428723,1.1789418,-2.546258,-0.9857505,0.061621785,-0.15652072,0
-1.0311916,-1.3671697,-1.9432003,0.13297251,-0.28443611,-0.94942844,0
3.682591,3.324882,1.6354046,-0.13297251,0.28443611,0.94942844,0
4.177206,1.9806654,0.019389629,0.9857505,-0.061621785,0.15652072,0
3.7818289,0.30435237,1.7713323,0.9857505,-0.061621785,0.15652072,0
2.428973,3.4676197,-1.6987069,0.10302556,0.95671248,-0.27218908,0
4.3622942,2.7064054,-0.71376181,0.9857505,-0.061621785,0.15652072,0
1.5973458,-3.2282848,-0.94174325,0.13297251,-0.28443611,-0.94942844,0
-0.52681184,3.936708,-1.1213741,0.10302556,0.95671248,-0.27218908,0
3.7003064,-0.14159304,1.7967989,0.9857505,-0.061621785,0.15652072,0
3.5188429,4.0616288,1.409411,-0.13297251,0.28443611,0.94942844,0
-1.9684043,-4.2739868,-0.78862429,-0.10302556,-0.95671248,0.27218908,0
-0.19479108,-3.5805755,1.8201454,-0.10302556,-0.95671248,0.27218908,0
-3.9905934,-1.3977246,-0.7483964,-0.9857505,0.061621785,-0.15652072,0
-2.0322039,4.5144453,0.52689922,0.10302556,0.95671248,-0.27218908,0
2.9648154,3.512398,-1.0115564,0.10302556,0.95671248,-0.27218908,0
-3.7107518,3.8932009,-0.14010417,-0.9857505,0.061621785,-0.15652072,0
-1.8444664,3.997802,-1.3362552,0.10302556,0.95671248,-0.27218908,0
4.4719362,3.0826492,-1.0548182,0.9857505,-0.061621785,0.15652072,0
2.5254481,3.9879715,0.084422588,0.10302556,0.95671248,-0.27218908,0
-4.2757406,-1.9096456,0.29254675,-0.9857505,0.061621785,-0.15652072,0
-1.7016895,0.27256298,1.7226654,-0.13297251,0.28443611,0.94942844,0
-4.038002,-2.0106535,-1.0083785,-0.9857505,0.061621785,-0.15652072,0
-0.47159243,-4.3908672,-0.60533798,-0.10302556,-0.95671248,0.27218908,0
-3.7860186,1.6537352,-1.1259043,-0.9857505,0.061621785,-0.15652072,0
-2.411942,-3.8442917,0.43958449,-0.10302556,-0.95671248,0.27218908,0
-0.67418933,3.8983641,-1.395232,0.10302556,0.95671248,-0.27218908,0
3.9178967,3.3601406,-1.5078287,0.10302556,0.95671248,-0.27218908,0
-2.82723,2.2626035,1.0891455,-0.13297251,0.28443611,0.94942844,0
2.6902568,3.3149767,-2.3653657,0.10302556,0.95671248,-0.27218908,0
3.9663575,-2.2225318,-0.47367406,0.9857505,-0.061621785,0.15652072,0
4.2459984,0.018255234,-1.074429,0.9857505,-0.061621785,0.15652072,0
4.029839,1.5871329,0.67814207,0.9857505,-0.061621785,0.15652072,0
-3.6802108,0.51621771,-1.606385,-0.9857505,0.061621785,-0.15652072,0
-3.5630841,2.0913243,-2.6129436,-0.9857505,0.061621785,-0.15652072,0
3.1634607,-4.3592124,0.79466486,-0.10302556,-0.95671248,0.27218908,0
1.9480517,-4.3114152,-0.62208986,0.13297251,-0.28443611,-0.94942844,0
2.628413,3.0719366,-2.5458834,0.10302556,0.95671248,-0.27218908,0
3.2131662,1.8868167,-2.2291932,0.13297251,-0.28443611,-0.94942844,0
1.423111,-3.8842454,1.8857728,-0.10302556,-0.95671248,0.27218908,0
2.1255479,3.4174771,-2.1690812,0.10302556,0.95671248,-0.27218908,0
3.4120212,-2.1456251,2.5979729,0.9857505,-0.061621785,0.15652072,0
-3.6098011,-0.2285222,-2.3782659,-0.9857505,0.061621785,-0.15652072,0
-4.4373703,-2.1832764,1.6836691,-0.9857505,0.061621785,-0.15652072,0
3.9767661,4.0231209,1.2742033,0.10302556,0.95671248,-0.27218908,0
2.1088853,4.1579695,0.80212927,0.10302556,0.95671248,-0.27218908,0
-2.3761916,-1.8515688,-1.9705698,0.13297251,-0.28443611,-0.94942844,0
-4.1119714,-0.61392379,-0.50183535,-0.9857505,0.061621785,-0.15652072,0
3.1683741,-3.8513699,-0.52527547,0.13297251,-0.28443611,-0.94942844,0
3.9887929,-2.9106612,-0.28692937,0.9857505,-0.061621785,0.15652072,0
2.9440842,-0.64037186,2.7618032,-0.13297251,0.28443611,0.94942844,0
2.6220403,3.9962082,1.1878245,-0.13297251,0.28443611,0.94942844,0
3.556592,-2.5379753,1.9824758,0.9857505,-0.061621785,0.15652072,0
-2.1161268,0.83245015,1.5901146,-0.13297251,0.28443611,0.94942844,0
1.5284741,3.4726124,-2.2734299,0.10302556,0.95671248,-0.27218908,0
4.3447809,3.2964807,-1.2659678,0.10302556,0.95671248,-0.27218908,0
-1.461725,0.85960776,-2.4697359,0.13297251,-0.28443611,-0.94942844,0
-3.6982126,-2.5629611,-1.771167,0.13297251,-0.28443611,-0.94942844,0
-2.4525983,1.2585273,1.3508477,-0.13297251,0.28443611,0.94942844,0
-0.49791574,-2.7394023,-1.4155962,0.13297251,-0.28443611,-0.94942844,0
3.7641749,-1.0535095,1.1231012,0.9857505,-0.061621785,0.15652072,0
0.96405792,4.0049953,-0.11671019,0.10302556,0.95671248,-0.27218908,0
-0.41981339,3.8754292,-0.93604785,0.10302556,0.95671248,-0.27218908,0
2.8538337,-3.9008508,2.3153875,-0.10302556,-0.95671248,0.27218908,0
-0.4825542,3.3785305,-2.753129,0.10302556,0.95671248,-0.27218908,0
1.9202042,-4.280046,0.028273433,-0.10302556,-0.95671248,0.27218908,0
-0.67465115,-3.8196411,1.2809026,-0.10302556,-0.95671248,0.27218908,0
4.4931111,2.7706382,-2.119698,0.9857505,-0.061621785,0.15652072,0
-0.81071794,0.17339444,1.9615605,-0.13297251,0.28443611,0.94942844,0
-4.4073071,-1.5941634,1.8637674,-0.9857505,0.061621785,-0.15652072,0
1.3880987,1.4245775,-2.2893736,0.13297251,-0.28443611,-0.94942844,0
-4.2343841,0.28120708,0.93129659,-0.9857505,0.061621785,-0.15652072,0
-1.8168306,-4.1267309,-0.67940187,-0.10302556,-0.95671248,0.27218908,0
2.8410234,2.0907025,-2.3182356,0.13297251,-0.28443611,-0.94942844,0
-4.3087664,-3.4647877,1.2373757,-0.10302556,-0.95671248,0.27218908,0
3.7069478,-4.2632952,0.12172055,0.9857505,-0.061621785,0.15652072,0
3.9780495,-0.55382347,-0.18804908,0.9857505,-0.061621785,0.15652072,0
-3.6624808,-1.677161,-2.2055283,0.13297251,-0.28443611,-0.94942844,0
3.4888048,0.71487308,-1.7553556,0.13297251,-0.28443611,-0.94942844,0
1.4744067,2.4053452,-2.5309887,0.13297251,-0.28443611,-0.94942844,0
3.4809079,-1.965569,2.6197858,0.9857505,-0.061621785,0.15652072,0
2.6278934,3.7245545,1.428108,-0.13297251,0.28443611,0.94942844,0
3.2379184,3.6100852,-0.74422407,0.10302556,0.95671248,-0.27218908,0
-4.0094995,-3.1461811,1.9088626,-0.10302556,-0.95671248,0.27218908,0
-1.983297,-1.0053885,2.0997539,-0.13297251,0.28443611,0.94942844,0
-2.4438815,4.2888408,-0.55555236,0.10302556,0.95671248,-0.27218908,0
-0.97910476,3.9555321,-1.067283,0.10302556,0.95671248,-0.27218908,0
-3.8211126,1.7431102,0.96077275,-0.13297251,0.28443611,0.94942844,0
-3.8536046,2.3972797,-0.72538018,-0.9857505,0.061621785,-0.15652072,0
-4.0980253,-3.7988095,-1.1534605,-0.9857505,0.061621785,-0.15652072,0
2.8029554,3.6808364,-0.6476059,0.10302556,0.95671248,-0.27218908,0
4.272748,3.3844085,-1.4385314,0.10302556,0.95671248,-0.27218908,0
-3.2923141,-3.3617635,1.7737594,-0.10302556,-0.95671248,0.27218908,0
-0.88703382,1.1840243,-2.6467028,0.13297251,-0.28443611,-0.94942844,0
2.4965286,3.6962905,-0.79651737,0.10302556,0.95671248,-0.27218908,0
-1.3538885,-3.9062607,-1.1270344,0.13297251,-0.28443611,-0.94942844,0
-4.1050558,-3.3730917,1.1596165,-0.10302556,-0.95671248,0.27218908,0
4.3145027,2.4670858,-0.68680716,0.9857505,-0.061621785,0.15652072,0
1.4911486,-1.6252813,2.8885283,-0.13297251,0.28443611,0.94942844,0
-3.8910134,-3.6569753,0.16729164,-0.10302556,-0.95671248,0.27218908,0
4.2183247,2.9402916,-0.4594264,0.9857505,-0.061621785,0.15652072,0
-1.1549041,2.3786588,1.2126863,-0.13297251,0.28443611,0.94942844,0
3.2738199,-1.3583617,3.0760612,-0.13297251,0.28443611,0.94942844,0
4.099659,0.7120589,0.20644426,0.9857505,-0.061621785,0.15652072,0
-2.2193203,0.27122617,1.6566712,-0.13297251,0.28443611,0.94942844,0
3.5268641,-3.105093,1.8699801,0.9857505,-0.061621785,0.15652072,0
-3.6182919,3.3612628,-1.8793149,-0.9857505,0.061621785,-0.15652072,0
-3.3396943,2.7219601,-2.9623249,-0.9857505,0.061621785,-0.15652072,0
-1.9577986,2.708147,1.0637416,-0.13297251,0.28443611,0.94942844,0
3.728528,3.2428613,-2.1155322,0.10302556,0.95671248,-0.27218908,0
3.8147085,-2.4359767,1.0643678,0.9857505,-0.061621785,0.15652072,0
3.2874851,-3.8768902,2.521446,-0.10302556,-0.95671248,0.27218908,0
3.2788026,-3.9802761,2.1815562,-0.10302556,-0.95671248,0.27218908,0
-2.6122541,4.4503798,0.29986787,0.10302556,0.95671248,-0.27218908,0
-0.89584064,4.2593088,-0.28849715,0.10302556,0.95671248,-0.27218908,0
3.6072092,-3.7643423,0.92915738,0.9857505,-0.061621785,0.15652072,0
-0.89708805,-3.2916274,2.6133952,-0.10302556,-0.95671248,0.27218908,0
-2.1283336,-3.9712579,-0.36756516,-0.10302556,-0.95671248,0.27218908,0
0.4316299,-3.5965929,1.9615998,-0.10302556,-0.95671248,0.27218908,0
-4.1781278,-0.12579417,0.82109976,-0.9857505,0.061621785,-0.15652072,0
-0.20904039,-0.46228313,2.3123679,-0.13297251,0.28443611,0.94942844,0
-3.8636155,1.6824747,-0.82530284,-0.9857505,0.061621785,-0.15652072,0
-4.291955,-0.9415853,1.3584542,-0.9857505,0.061621785,-0.15652072,0
-4.3781943,-1.6065953,1.8764174,-0.13297251,0.28443611,0.94942844,0
-3.7629452,-0.69599342,-1.9254551,-0.9857505,0.061621785,-0.15652072,0
-1.2943993,4.0823488,-0.755665,0.10302556,0.95671248,-0.27218908,0
1.6121709,-0.194489,-1.8302855,0.13297251,-0.28443611,-0.94942844,0
3.4850266,-4.1520014,1.6479857,-0.10302556,-0.95671248,0.27218908,0
1.1608913,-0.98052859,-1.7460631,0.13297251,-0.28443611,-0.94942844,0
-2.4490914,4.1839204,-0.77028543,0.10302556,0.95671248,-0.27218908,0
3.9501584,-3.6589203,-0.39292645,0.9857505,-0.061621785,0.15652072,0
-2.2982578,0.90078211,1.4313173,-0.13297251,0.28443611,0.94942844,0
-4.2663603,-0.48018432,0.50399733,-0.9857505,0.061621785,-0.15652072,0
-0.17222738,-2.7634954,2.9189329,-0.13297251,0.28443611,0.94942844,0
1.887054,-3.6665225,2.2005959,-0.10302556,-0.95671248,0.27218908,0
-0.38095665,1.7678225,1.4192469,-0.13297251,0.28443611,0.94942844,0
-4.4415832,-3.4669535,0.79444456,-0.9857505,0.061621785,-0.15652072,0
4.0510554,-1.4998317,-0.74534154,0.9857505,-0.061621785,0.15652072,0
4.0982609,2.0579026,0.86308527,0.9857505,-0.061621785,0.15652072,0
3.7959177,0.39146966,2.4354899,0.9857505,-0.061621785,0.15652072,0
4.0235357,1.7054982,0.66561699,0.9857505,-0.061621785,0.15652072,0
-1.5556794,1.0938876,1.6285136,-0.13297251,0.28443611,0.94942844,0
0.20405579,-4.0019355,0.52277696,-0.10302556,-0.95671248,0.27218908,0
4.1527777,2.0153208,0.69931746,0.9857505,-0.061621785,0.15652072,0
-1.3555279,-3.670068,1.3824103,-0.10302556,-0.95671248,0.27218908,0
-2.6527882,2.1295326,0.99220896,-0.13297251,0.28443611,0.94942844,0
