-3.2450435,-4.4004116,-1.201097,-0.14765866,-0.96573943,-0.21341103,0
2.779412,-2.2393057,-1.9281518,0.98628736,-0.15986168,0.041004676,0
-2.5132422,3.2864394,-1.0475345,-0.98628736,0.15986168,-0.041004676,0
0.63574767,0.9157939,-1.7072607,0.073716082,0.20442986,-0.97610158,0
-3.2592835,-1.3680024,-1.2479539,-0.98628736,0.15986168,-0.041004676,0
-2.5238707,3.8792014,2.6235046,-0.98628736,0.15986168,-0.041004676,0
2.6019895,-2.4684052,1.5709114,0.98628736,-0.15986168,0.041004676,0
2.7331772,-1.6914072,1.6894108,0.98628736,-0.15986168,0.041004676,0
3.2772162,0.42183924,-1.6119182,0.98628736,-0.15986168,0.041004676,0
-0.81047738,4.6449862,2.5262418,0.14765866,0.96573943,0.21341103,0
-0.74487489,-5.0676713,0.82950354,-0.073716082,-0.20442986,0.97610158,0
3.1706367,4.5619144,0.86095047,0.14765866,0.96573943,0.21341103,0
-2.4765303,3.0553007,-1.556886,-0.98628736,0.15986168,-0.041004676,0
-1.6284118,0.054778218,-2.0987005,0.073716082,0.20442986,-0.97610158,0
-1.6575545,1.2416633,2.0933585,-0.073716082,-0.20442986,0.97610158,0
-2.7396917,1.8716185,-0.64497817,-0.98628736,0.15986168,-0.041004676,0
3.1574199,1.2270284,1.9433244,0.98628736,-0.15986168,0.041004676,0
-1.4213986,-4.4274378,-2.3811309,-0.14765866,-0.96573943,-0.21341103,0
-1.7716652,-1.9546585,1.5805123,-0.073716082,-0.20442986,0.97610158,0
-2.3258917,4.5458355,0.9681263,-0.98628736,0.15986168,-0.041004676,0
-2.2456832,-4.3432202,-2.0194168,-0.14765866,-0.96573943,-0.21341103,0
0.18752052,0.98596025,-1.9265866,0.073716082,0.20442986,-0.97610158,0
0.18174267,-5.1510987,0.15605021,-0.14765866,-0.96573943,-0.21341103,0
-1.3138702,2.0671296,-1.6880811,0.073716082,0.20442986,-0.97610158,0
-0.19288611,-4.6977167,1.1110196,-0.073716082,-0.20442986,0.97610158,0
0.22523665,-5.3411608,0.94524527,-0.073716082,-0.20442986,0.97610158,0
-2.1994908,4.9360957,0.0054769516,-0.98628736,0.15986168,-0.041004676,0
-0.30439407,-4.6722426,-1.9612553,-0.14765866,-0.96573943,-0.21341103,0
-1.2824572,-0.46926248,-2.2599754,0.073716082,0.20442986,-0.97610158,0
2.9249427,-1.1052854,-1.0492549,0.98628736,-0.15986168,0.041004676,0
-2.3997998,-4.7029557,-0.92210817,-0.14765866,-0.96573943,-0.21341103,0
-0.11078738,-1.5147229,-2.3128924,0.073716082,0.20442986,-0.97610158,0
2.2696376,4.6193666,1.2759798,0.14765866,0.96573943,0.21341103,0
-1.1238436,0.29280305,2.0280709,-0.073716082,-0.20442986,0.97610158,0
-3.4924479,-2.362639,0.61683559,-0.98628736,0.15986168,-0.041004676,0
-2.842124,-3.5800805,-3.0050826,0.073716082,0.20442986,-0.97610158,0
0.035597801,5.0083871,0.39847708,0.14765866,0.96573943,0.21341103,0
-0.52280962,-0.55365121,-2.1372116,0.073716082,0.20442986,-0.97610158,0
-2.9837847,0.97775137,0.84787029,-0.98628736,0.15986168,-0.041004676,0
2.1376185,3.4704785,3.028208,-0.073716082,-0.20442986,0.97610158,0
2.2773292,-4.7491269,0.64650536,0.98628736,-0.15986168,0.041004676,0
-2.5233824,-2.5191503,1.3620999,-0.073716082,-0.20442986,0.97610158,0
-2.9636037,-0.098973572,0.073418617,-0.98628736,0.15986168,-0.041004676,0
2.0208073,4.3146544,2.8977025,0.14765866,0.96573943,0.21341103,0
-2.6064415,-2.6637797,-2.7209687,0.073716082,0.20442986,-0.97610158,0
2.527009,4.5831461,-0.8892498,0.073716082,0.20442986,-0.97610158,0
-0.41257787,5.3984804,-0.44229126,0.14765866,0.96573943,0.21341103,0
-2.2250164,-0.79653323,-2.3090351,0.073716082,0.20442986,-0.97610158,0
-1.2815889,1.623349,-1.8543522,0.073716082,0.20442986,-0.97610158,0
-1.7409718,1.264495,-1.9454993,0.073716082,0.20442986,-0.97610158,0
1.82213,-5.4577889,-0.26694155,-0.14765866,-0.96573943,-0.21341103,0
-2.3560736,4.5974364,-0.046900988,-0.98628736,0.15986168,-0.041004676,0
0.68902051,4.1672082,2.9618213,-0.073716082,-0.20442986,0.97610158,0
2.9943819,0.48202768,1.2394648,0.98628736,-0.15986168,0.041004676,0
1.763072,-5.4985785,-0.1725421,-0.14765866,-0.96573943,-0.21341103,0
-0.73478532,5.500391,-0.50082541,0.14765866,0.96573943,0.21341103,0
-2.0236464,-1.6995502,-2.5345683,0.073716082,0.20442986,-0.97610158,0
2.1173637,1.5856216,-1.6295117,0.073716082,0.20442986,-0.97610158,0
3.3619878,2.556771,0.39967513,0.98628736,-0.15986168,0.041004676,0
-2.6071134,3.121731,1.8763714,-0.98628736,0.15986168,-0.041004676,0
3.6097078,3.9864264,1.0898509,0.98628736,-0.15986168,0.041004676,0
2.5528882,3.3589454,2.9412985,-0.073716082,-0.20442986,0.97610158,0
-2.4861271,2.4729149,2.3562429,-0.073716082,-0.20442986,0.97610158,0
2.597033,-2.4602444,0.34873629,0.98628736,-0.15986168,0.041004676,0
1.2641925,-0.68662584,-2.0429261,0.073716082,0.20442986,-0.97610158,0
1.8538425,4.3545566,2.4693172,0.14765866,0.96573943,0.21341103,0
0.07322973,4.7220335,1.6795228,0.14765866,0.96573943,0.21341103,0
-1.402161,-4.1864223,1.037838,-0.073716082,-0.20442986,0.97610158,0
2.4526615,4.8782363,-0.16554832,0.14765866,0.96573943,0.21341103,0
3.6860266,4.4919586,0.21111727,0.98628736,-0.15986168,0.041004676,0
-2.5122128,-4.2365737,-2.9751189,-0.14765866,-0.96573943,-0.21341103,0
3.1381164,0.48233274,0.89210004,0.98628736,-0.15986168,0.041004676,0
-2.3503447,3.0435114,-1.557731,0.073716082,0.20442986,-0.97610158,0
1.3210762,-2.5647972,1.5271835,-0.073716082,-0.20442986,0.97610158,0
-0.5537557,-0.87897229,1.8057748,-0.073716082,-0.20442986,0.97610158,0
3.2482693,1.6734403,1.1307801,0.98628736,-0.15986168,0.041004676,0
0.99572086,-5.1460075,-0.71593523,-0.14765866,-0.96573943,-0.21341103,0
-1.785,0.82366884,2.0431161,-0.073716082,-0.20442986,0.97610158,0
2.9986575,-0.52631319,-0.95828116,0.98628736,-0.15986168,0.041004676,0
3.0342586,4.783576,-0.29724598,0.14765866,0.96573943,0.21341103,0
2.4170907,-3.7989297,-0.86822796,0.98628736,-0.15986168,0.041004676,0
-3.6745965,-4.4002008,-0.51668215,-0.98628736,0.15986168,-0.041004676,0
-3.2020752,-1.5245478,-1.7655971,-0.98628736,0.15986168,-0.041004676,0
0.48906171,2.3623135,2.6756566,-0.073716082,-0.20442986,0.97610158,0
2.5377874,-2.6410835,0.2327913,0.98628736,-0.15986168,0.041004676,0
-2.18118,-4.7030749,-0.42499781,-0.14765866,-0.96573943,-0.21341103,0
3.2059925,4.4948144,0.62940788,0.14765866,0.96573943,0.21341103,0
2.9971051,4.5459909,1.0244503,0.14765866,0.96573943,0.21341103,0
2.2516692,4.7580833,0.054925919,0.14765866,0.96573943,0.21341103,0
-2.4336658,3.957715,-0.72763419,-0.98628736,0.15986168,-0.041004676,0
0.91318274,-1.5980983,-2.2516515,0.073716082,0.20442986,-0.97610158,0
2.6971166,2.6219423,2.7807174,-0.073716082,-0.20442986,0.97610158,0
2.8889,4.7401595,0.32958078,0.14765866,0.96573943,0.21341103,0
-2.0399375,-4.2731194,-2.6290448,-0.14765866,-0.96573943,-0.21341103,0
-0.345137,2.4694352,-1.5688386,0.073716082,0.20442986,-0.97610158,0
0.71763992,4.2734909,2.9347904,-0.073716082,-0.20442986,0.97610158,0
0.042156219,4.1952848,-1.1791878,0.073716082,0.20442986,-0.97610158,0
2.8691831,-1.1057872,-0.12969962,0.98628736,-0.15986168,0.041004676,0
0.89781749,-2.2132044,1.7117636,-0.073716082,-0.20442986,0.97610158,0
-3.6158812,-3.5266306,-1.1692028,-0.98628736,0.15986168,-0.041004676,0
1.7007308,-4.8572731,-2.9097137,-0.14765866,-0.96573943,-0.21341103,0
-0.40964544,3.6615665,-1.2688308,0.073716082,0.20442986,-0.97610158,0
-2.7372687,2.7503536,2.0198994,-0.98628736,0.15986168,-0.041004676,0
-0.74666429,5.531888,-0.76834583,0.14765866,0.96573943,0.21341103,0
0.40254092,-4.8764195,-1.7886648,-0.14765866,-0.96573943,-0.21341103,0
0.74114913,4.9433346,0.99174261,0.14765866,0.96573943,0.21341103,0
2.5462399,0.7610395,2.3280523,-0.073716082,-0.20442986,0.97610158,0
-0.21060637,-1.5973659,-2.444355,0.073716082,0.20442986,-0.97610158,0
2.8235362,-0.98227,0.64403808,0.98628736,-0.15986168,0.041004676,0
-0.95254034,-4.4906325,-2.7987535,-0.14765866,-0.96573943,-0.21341103,0
3.0952895,0.64036369,0.60347277,0.98628736,-0.15986168,0.041004676,0
1.1021646,0.31023502,2.1196387,-0.073716082,-0.20442986,0.97610158,0
1.5125809,-2.4589405,-2.5482292,0.073716082,0.20442986,-0.97610158,0
-1.2692741,-3.4504137,1.1857235,-0.073716082,-0.20442986,0.97610158,0
-0.8642323,5.509799,-0.54228735,0.14765866,0.96573943,0.21341103,0
-0.88138342,5.1947346,0.810884,0.14765866,0.96573943,0.21341103,0
-3.4025996,-2.8287349,-2.9475207,0.073716082,0.20442986,-0.97610158,0
-1.6535048,5.2530313,0.75361252,0.14765866,0.96573943,0.21341103,0
-3.5479231,-3.6479881,-1.2513378,-0.98628736,0.15986168,-0.041004676,0
0.62013614,-3.2259371,-2.7471681,0.073716082,0.20442986,-0.97610158,0
2.9413319,4.5301695,1.2819204,0.14765866,0.96573943,0.21341103,0
-2.7814121,-4.920002,0.45247459,-0.14765866,-0.96573943,-0.21341103,0
-3.4882054,-4.0118127,0.9657855,-0.073716082,-0.20442986,0.97610158,0
-0.75343466,5.2911639,0.3497963,0.14765866,0.96573943,0.21341103,0
-2.1632564,5.5232029,-0.21589422,0.14765866,0.96573943,0.21341103,0
-2.7369089,-4.5290747,-1.3175471,-0.14765866,-0.96573943,-0.21341103,0
2.4300554,-4.8101425,-1.6262012,0.98628736,-0.15986168,0.041004676,0
2.0647244,-5.384274,-0.8634212,-0.14765866,-0.96573943,-0.21341103,0
1.5383557,3.0488133,2.8535359,-0.073716082,-0.20442986,0.97610158,0
3.6332972,4.0296755,1.2360964,0.98628736,-0.15986168,0.041004676,0
-2.3827093,3.6367877,-1.0341108,-0.98628736,0.15986168,-0.041004676,0
-0.014059782,-4.6749945,-1.9738328,-0.14765866,-0.96573943,-0.21341103,0
0.20829785,3.8131528,-1.1689935,0.073716082,0.20442986,-0.97610158,0
2.2032952,-4.706265,1.1190979,0.98628736,-0.15986168,0.041004676,0
-3.2569587,-0.99372327,0.94149292,-0.98628736,0.15986168,-0.041004676,0
3.6990557,3.8638945,0.25392628,0.98628736,-0.15986168,0.041004676,0
0.7972641,-5.2931447,-0.48379135,-0.14765866,-0.96573943,-0.21341103,0
3.25508,0.70030212,-1.6203235,0.073716082,0.20442986,-0.97610158,0
0.065907657,-1.5676029,1.6425601,-0.073716082,-0.20442986,0.97610158,0
3.2318532,1.205375,1.3053466,0.98628736,-0.15986168,0.041004676,0
-1.6661537,-0.51384342,-2.3670115,0.073716082,0.20442986,-0.97610158,0
1.6449902,4.7860737,0.26870251,0.14765866,0.96573943,0.21341103,0
1.2295938,-4.7522178,-2.499347,-0.14765866,-0.96573943,-0.21341103,0
0.92489648,-2.2665391,-2.4818957,0.073716082,0.20442986,-0.97610158,0
0.80022776,-4.7207217,-2.7792602,-0.14765866,-0.96573943,-0.21341103,0
-1.2074006,-4.0338869,1.1354105,-0.073716082,-0.20442986,0.97610158,0
-3.0136955,0.66836524,1.444382,-0.98628736,0.15986168,-0.041004676,0
-0.76186728,0.82290828,2.0801105,-0.073716082,-0.20442986,0.97610158,0
-2.0096681,5.5090251,0.018173218,0.14765866,0.96573943,0.21341103,0
3.63642,3.4079552,0.1751914,0.98628736,-0.15986168,0.041004676,0
3.3421142,3.8891351,3.0772982,-0.073716082,-0.20442986,0.97610158,0
2.8600173,-1.0250694,0.51756954,0.98628736,-0.15986168,0.041004676,0
-3.4883685,-4.5889864,0.13458729,-0.14765866,-0.96573943,-0.21341103,0
-2.4305809,4.1091881,0.23095465,-0.98628736,0.15986168,-0.041004676,0
0.19131929,-0.49451315,-2.0902767,0.073716082,0.20442986,-0.97610158,0
0.30652273,-4.9568286,-0.86058497,-0.14765866,-0.96573943,-0.21341103,0
2.8156438,-0.6692853,1.8789256,0.98628736,-0.15986168,0.041004676,0
1.815585,4.4634051,1.9572332,0.14765866,0.96573943,0.21341103,0
-2.3297961,4.316493,-0.25363994,-0.98628736,0.15986168,-0.041004676,0
1.0038941,0.68639469,2.2829609,-0.073716082,-0.20442986,0.97610158,0
2.4366875,4.4201365,1.9393067,0.14765866,0.96573943,0.21341103,0
3.3007135,1.277333,-1.1136773,0.98628736,-0.15986168,0.041004676,0
-0.33978117,5.051681,0.48598766,0.14765866,0.96573943,0.21341103,0
-2.9146299,-0.13026559,-2.2984545,0.073716082,0.20442986,-0.97610158,0
2.7417097,0.87659734,2.3497424,-0.073716082,-0.20442986,0.97610158,0
-2.9655633,0.04981488,0.17910433,-0.98628736,0.15986168,-0.041004676,0
-0.031800985,4.9875393,0.59313726,0.14765866,0.96573943,0.21341103,0
1.6067835,3.7522447,-1.1921806,0.073716082,0.20442986,-0.97610158,0
-1.4704372,-2.6905537,1.4666207,-0.073716082,-0.20442986,0.97610158,0
0.93184072,2.5141687,2.6400433,-0.073716082,-0.20442986,0.97610158,0
-2.6234741,-0.51603532,1.6488938,-0.073716082,-0.20442986,0.97610158,0
-2.7679868,2.7936611,1.9134659,-0.98628736,0.15986168,-0.041004676,0
-3.4547861,-2.8424449,1.0523741,-0.98628736,0.15986168,-0.041004676,0
-3.6405363,-3.7702742,0.9823947,-0.073716082,-0.20442986,0.97610158,0
3.0281563,-0.72531104,-0.46038941,0.98628736,-0.15986168,0.041004676,0
-0.39894521,4.7740512,2.4609408,0.14765866,0.96573943,0.21341103,0
-0.89609122,-5.1037374,-0.048050404,-0.14765866,-0.96573943,-0.21341103,0
2.333447,-4.5278382,0.068385839,0.98628736,-0.15986168,0.041004676,0
3.1880617,3.6579106,3.0720878,-0.073716082,-0.20442986,0.97610158,0
-1.4916699,3.7268944,-1.2915859,0.073716082,0.20442986,-0.97610158,0
-2.557435,-1.2868609,1.5428079,-0.073716082,-0.20442986,0.97610158,0
3.2836971,2.4532313,1.9867686,0.98628736,-0.15986168,0.041004676,0
2.3051696,5.0274286,-0.65805387,0.14765866,0.96573943,0.21341103,0
-0.41009533,-5.1689987,0.14582586,-0.14765866,-0.96573943,-0.21341103,0
2.6570773,-2.8663621,-0.9431783,0.98628736,-0.15986168,0.041004676,0
2.8809838,4.8304749,-0.55639219,0.14765866,0.96573943,0.21341103,0
2.4840424,-3.6117797,-0.72864914,0.98628736,-0.15986168,0.041004676,0
3.014297,0.20368743,-0.43078566,0.98628736,-0.15986168,0.041004676,0
0.083542854,0.82021856,2.2330701,-0.073716082,-0.20442986,0.97610158,0
2.5397174,-2.3093512,1.7204387,-0.073716082,-0.20442986,0.97610158,0
0.99464798,-1.5243256,-2.2552681,0.073716082,0.20442986,-0.97610158,0
-3.5086141,-2.7035737,-1.3019023,-0.98628736,0.15986168,-0.041004676,0
-2.6118522,3.3535991,1.4788581,-0.98628736,0.15986168,-0.041004676,0
3.3504128,1.9692582,-0.18369746,0.98628736,-0.15986168,0.041004676,0
2.5247145,-2.5677106,0.21530819,0.98628736,-0.15986168,0.041004676,0
3.3187089,4.0656595,2.8403318,0.14765866,0.96573943,0.21341103,0
2.9790206,4.780364,-0.91296577,0.073716082,0.20442986,-0.97610158,0
1.4084556,0.18775284,2.0950744,-0.073716082,-0.20442986,0.97610158,0
-2.0337555,5.2356553,0.90296698,0.14765866,0.96573943,0.21341103,0
2.5526972,2.8396802,2.7550409,-0.073716082,-0.20442986,0.97610158,0
2.0609493,1.5672321,-1.5387388,0.073716082,0.20442986,-0.97610158,0
-3.3822858,-2.3650017,0.12990475,-0.98628736,0.15986168,-0.041004676,0
-2.382961,-4.5830145,-0.9855032,-0.14765866,-0.96573943,-0.21341103,0
1.7905471,-0.57500112,2.1144986,-0.073716082,-0.20442986,0.97610158,0
0.29899722,5.0919695,0.021494865,0.14765866,0.96573943,0.21341103,0
0.39178851,0.70611668,-1.9475268,0.073716082,0.20442986,-0.97610158,0
-0.24981666,-5.1852679,0.5991807,-0.14765866,-0.96573943,-0.21341103,0
-2.6381335,-4.7737565,-0.43503571,-0.14765866,-0.96573943,-0.21341103,0
-3.2493441,-2.1379998,-0.9441998,-0.98628736,0.15986168,-0.041004676,0
0.89108878,4.6932831,1.3540843,0.14765866,0.96573943,0.21341103,0
2.4958026,1.4259629,2.6192434,-0.073716082,-0.20442986,0.97610158,0
2.5871093,-2.9081445,0.75988448,0.98628736,-0.15986168,0.041004676,0
2.1353011,4.3619199,1.9691725,0.14765866,0.96573943,0.21341103,0
-1.5939682,-4.8394775,-0.43591022,-0.14765866,-0.96573943,-0.21341103,0
-2.3502567,4.8812218,1.759613,-0.98628736,0.15986168,-0.041004676,0
2.2581542,-4.6497703,0.13582659,0.98628736,-0.15986168,0.041004676,0
1.9513326,2.6291409,-1.3484771,0.073716082,0.20442986,-0.97610158,0
-2.4944289,3.614778,1.3606714,-0.98628736,0.15986168,-0.041004676,0
3.2447774,1.1005018,0.31315076,0.98628736,-0.15986168,0.041004676,0
-3.7050304,-3.8840013,-0.49840975,-0.98628736,0.15986168,-0.041004676,0
-2.4237676,4.0453348,-0.57288289,-0.98628736,0.15986168,-0.041004676,0
0.45247889,-5.4207191,0.7851882,-0.14765866,-0.96573943,-0.21341103,0
2.5534439,-3.6046765,0.12497163,0.98628736,-0.15986168,0.041004676,0
-2.0967019,-2.997683,1.1736219,-0.073716082,-0.20442986,0.97610158,0
-2.0481172,0.10196018,-2.1541681,0.073716082,0.20442986,-0.97610158,0
1.5318855,4.4089804,2.606323,0.14765866,0.96573943,0.21341103,0
-2.1654263,4.7282925,2.8741441,-0.073716082,-0.20442986,0.97610158,0
-2.7242546,2.1003332,0.84702563,-0.98628736,0.15986168,-0.041004676,0
-1.6640638,-4.6757116,-1.0345945,-0.14765866,-0.96573943,-0.21341103,0
0.98211777,-0.21530926,-2.0375459,0.073716082,0.20442986,-0.97610158,0
2.9258299,-0.96022457,0.51066458,0.98628736,-0.15986168,0.041004676,0
0.6594792,1.0421336,-1.8475428,0.073716082,0.20442986,-0.97610158,0
-2.6383858,2.567626,0.11450493,-0.98628736,0.15986168,-0.041004676,0
1.740571,-5.5133753,1.0113778,-0.073716082,-0.20442986,0.97610158,0
3.1502388,1.3601671,0.80203974,0.98628736,-0.15986168,0.041004676,0
0.37994844,1.7387085,2.4762554,-0.073716082,-0.20442986,0.97610158,0
-0.13186145,2.6240244,2.5775592,-0.073716082,-0.20442986,0.97610158,0
-3.0514944,-0.40482023,-1.0181254,-0.98628736,0.15986168,-0.041004676,0
1.8087105,-1.6291821,-2.3551161,0.073716082,0.20442986,-0.97610158,0
-0.078054428,-2.1059041,1.5653944,-0.073716082,-0.20442986,0.97610158,0
1.9520134,4.7496562,-0.85633707,0.073716082,0.20442986,-0.97610158,0
-2.5810485,-4.242229,-2.3054097,-0.14765866,-0.96573943,-0.21341103,0
-2.1292696,5.2402539,-0.3500123,-0.98628736,0.15986168,-0.041004676,0
-0.36437345,-5.1943445,0.77990675,-0.14765866,-0.96573943,-0.21341103,0
-0.080118239,-4.8042521,-1.4117107,-0.14765866,-0.96573943,-0.21341103,0
1.046778,-4.2468786,-2.7665029,0.073716082,0.20442986,-0.97610158,0
-2.6395273,1.7130603,-1.6106641,-0.98628736,0.15986168,-0.041004676,0
2.4430373,-3.1140878,0.66397238,0.98628736,-0.15986168,0.041004676,0
0.28288317,5.1075988,0.096168995,0.14765866,0.96573943,0.21341103,0
-2.2109759,4.2049708,-1.2072403,-0.98628736,0.15986168,-0.041004676,0
-3.205862,-0.92602193,-1.0695269,-0.98628736,0.15986168,-0.041004676,0
-3.2048655,-1.2829561,0.50146592,-0.98628736,0.15986168,-0.041004676,0
-2.4410281,-4.2654171,-2.7778146,-0.14765866,-0.96573943,-0.21341103,0
3.3187151,1.7728635,-0.22814584,0.98628736,-0.15986168,0.041004676,0
-0.64933783,-4.6297636,-2.4210229,-0.14765866,-0.96573943,-0.21341103,0
1.5490578,-0.70002413,-2.1740291,0.073716082,0.20442986,-0.97610158,0
0.11991811,3.9605336,-1.1518424,0.073716082,0.20442986,-0.97610158,0
2.8342407,0.066046834,2.2778816,-0.073716082,-0.20442986,0.97610158,0
2.9215291,-0.69256538,1.4644272,0.98628736,-0.15986168,0.041004676,0
-2.4068651,4.1588669,0.72631764,-0.98628736,0.15986168,-0.041004676,0
-2.6738346,1.7300766,0.12826014,-0.98628736,0.15986168,-0.041004676,0
-0.28932685,-1.8767397,-2.453486,0.073716082,0.20442986,-0.97610158,0
-3.6588583,-3.8263581,0.30719852,-0.98628736,0.15986168,-0.041004676,0
-1.3510582,-0.0063724518,-2.0527835,0.073716082,0.20442986,-0.97610158,0
-3.085289,-0.53147399,-0.78108191,-0.98628736,0.15986168,-0.041004676,0
-3.2786894,-1.6137521,-0.39063334,-0.98628736,0.15986168,-0.041004676,0
-2.3020456,-4.79527,-0.39053202,-0.14765866,-0.96573943,-0.21341103,0
-1.0795662,-3.5636373,-2.9744058,0.073716082,0.20442986,-0.97610158,0
-3.6928985,-4.0411601,-0.30646276,-0.98628736,0.15986168,-0.041004676,0
0.44973469,-0.51825845,-2.0483952,0.073716082,0.20442986,-0.97610158,0
-0.6237278,4.7308292,2.4170446,0.14765866,0.96573943,0.21341103,0
2.5469282,-3.1041398,-1.3348503,0.98628736,-0.15986168,0.041004676,0
2.3645644,0.22357297,2.3043184,-0.073716082,-0.20442986,0.97610158,0
-1.9684037,-2.0599885,1.4291086,-0.073716082,-0.20442986,0.97610158,0
2.9321623,0.077443302,1.1326265,0.98628736,-0.15986168,0.041004676,0
1.6441309,-4.2680016,1.1826327,-0.073716082,-0.20442986,0.97610158,0
-2.7870245,1.5034477,-1.5407374,-0.98628736,0.15986168,-0.041004676,0
-1.6861032,-0.77327287,-2.2730846,0.073716082,0.20442986,-0.97610158,0
3.4798105,2.3045826,-0.58905697,0.98628736,-0.15986168,0.041004676,0
2.0116415,-5.5849457,0.26843262,-0.14765866,-0.96573943,-0.21341103,0
2.94385,-0.86974382,-1.6332219,0.98628736,-0.15986168,0.041004676,0
-2.1113467,-4.6668377,-0.98820972,-0.14765866,-0.96573943,-0.21341103,0
0.91573858,-4.6920958,-2.411094,-0.14765866,-0.96573943,-0.21341103,0
-1.3712826,-4.3734798,-2.5041552,-0.14765866,-0.96573943,-0.21341103,0
1.1691871,2.5637512,-1.4410191,0.073716082,0.20442986,-0.97610158,0
-3.1399217,-4.5651879,-0.19490957,-0.14765866,-0.96573943,-0.21341103,0
-0.43959942,-5.1032023,-0.35885668,-0.14765866,-0.96573943,-0.21341103,0
2.6582739,-1.6339171,0.65062565,0.98628736,-0.15986168,0.041004676,0
-1.5465701,5.0780282,1.5702415,0.14765866,0.96573943,0.21341103,0
-0.7681675,4.6697307,2.6855204,0.14765866,0.96573943,0.21341103,0
-3.39784,-1.948048,-0.59826088,-0.98628736,0.15986168,-0.041004676,0
-1.8568692,5.4389124,-0.23697042,0.14765866,0.96573943,0.21341103,0
3.4181976,2.845871,-0.23738551,0.98628736,-0.15986168,0.041004676,0
3.0903974,4.4225006,1.0650005,0.14765866,0.96573943,0.21341103,0
-0.96401381,5.5396786,-0.97947264,0.14765866,0.96573943,0.21341103,0
0.010550976,-5.1331944,0.9071207,-0.073716082,-0.20442986,0.97610158,0
-3.4042177,-4.7568555,0.76144075,-0.073716082,-0.20442986,0.97610158,0
-2.8256514,1.9795622,1.8944101,-0.98628736,0.15986168,-0.041004676,0
-3.0293086,-4.9529934,0.69988918,-0.14765866,-0.96573943,-0.21341103,0
-1.7716293,-5.098073,0.57512712,-0.14765866,-0.96573943,-0.21341103,0
0.7444551,-5.079689,-0.76289845,-0.14765866,-0.96573943,-0.21341103,0
-0.31311071,-4.9003301,-0.60374165,-0.14765866,-0.96573943,-0.21341103,0
-3.2650499,-4.6865149,0.24336386,-0.14765866,-0.96573943,-0.21341103,0
-1.318221,1.2821079,-1.8826061,0.073716082,0.20442986,-0.97610158,0
-0.73911834,-5.0211205,-0.1878643,-0.14765866,-0.96573943,-0.21341103,0
-2.6840501,2.5723822,2.3521526,-0.98628736,0.15986168,-0.041004676,0
2.4881041,-3.7904155,-2.1766713,0.98628736,-0.15986168,0.041004676,0
-1.9488413,-4.2747517,-2.5884225,-0.14765866,-0.96573943,-0.21341103,0
2.8030446,-0.74633574,-1.9740367,0.073716082,0.20442986,-0.97610158,0
2.8691041,-1.2599903,-0.95833421,0.98628736,-0.15986168,0.041004676,0
-0.13897157,4.6070161,2.5814805,0.14765866,0.96573943,0.21341103,0
-2.8139231,0.0063385963,1.8566253,-0.073716082,-0.20442986,0.97610158,0
3.5773611,3.8909438,-0.10598469,0.98628736,-0.15986168,0.041004676,0
-2.0128317,-0.27031553,-2.2345836,0.073716082,0.20442986,-0.97610158,0
-0.094317913,-3.0660405,1.4957249,-0.073716082,-0.20442986,0.97610158,0
2.129082,-5.4586754,-0.075319767,-0.14765866,-0.96573943,-0.21341103,0
1.0335697,0.091363668,2.2433352,-0.073716082,-0.20442986,0.97610158,0
-2.6550932,-4.5122581,-1.6048453,-0.14765866,-0.96573943,-0.21341103,0
0.67883241,4.4977751,2.6100497,0.14765866,0.96573943,0.21341103,0
-2.2470078,4.694572,0.96215487,-0.98628736,0.15986168,-0.041004676,0
3.6113789,3.9349797,-0.45320702,0.98628736,-0.15986168,0.041004676,0
-2.1126189,-3.5529509,-2.8884602,0.073716082,0.20442986,-0.97610158,0
3.3795426,3.7586248,-1.0664797,0.073716082,0.20442986,-0.97610158,0
-0.5605042,5.3467455,-0.15836811,0.14765866,0.96573943,0.21341103,0
-0.35943568,-2.0417445,-2.468353,0.073716082,0.20442986,-0.97610158,0
2.4235835,-3.0311384,1.238544,0.98628736,-0.15986168,0.041004676,0
1.4127243,4.8058043,0.35399055,0.14765866,0.96573943,0.21341103,0
2.3478825,-3.9417627,0.7457459,0.98628736,-0.15986168,0.041004676,0
2.3690577,4.9354053,-0.30537605,0.14765866,0.96573943,0.21341103,0
2.5288491,-2.7750773,1.4633956,0.98628736,-0.15986168,0.041004676,0
-2.2895606,5.0292096,2.4282856,0.14765866,0.96573943,0.21341103,0
-0.30816597,-3.7128534,-2.9219849,0.073716082,0.20442986,-0.97610158,0
-1.3917315,5.3176794,0.76029634,0.14765866,0.96573943,0.21341103,0
-3.5127442,-2.7206988,0.4898119,-0.98628736,0.15986168,-0.041004676,0
-1.230877,-4.0107756,-3.0589185,0.073716082,0.20442986,-0.97610158,0
-2.0989423,-3.6584063,-2.9356923,0.073716082,0.20442986,-0.97610158,0
1.896641,-2.1441841,1.8224,-0.073716082,-0.20442986,0.97610158,0
-0.76814079,5.2323103,0.64433432,0.14765866,0.96573943,0.21341103,0
3.3541815,1.7032919,-0.29738998,0.98628736,-0.15986168,0.041004676,0
-2.5635509,2.6224098,-1.1863564,-0.98628736,0.15986168,-0.041004676,0
1.3314755,0.073575377,2.2024097,-0.073716082,-0.20442986,0.97610158,0
-2.0800633,-1.2146797,1.7321144,-0.073716082,-0.20442986,0.97610158,0
-3.7355947,-3.9895675,-0.04937315,-0.98628736,0.15986168,-0.041004676,0
-3.3363891,-2.6041865,-2.3088417,-0.98628736,0.15986168,-0.041004676,0
-1.7409387,5.6635947,-0.74050903,0.14765866,0.96573943,0.21341103,0
-3.682869,-4.3748927,0.86994171,-0.073716082,-0.20442986,0.97610158,0
2.5101733,-0.80112112,2.1549788,-0.073716082,-0.20442986,0.97610158,0
0.73229277,-4.858861,-2.266825,-0.14765866,-0.96573943,-0.21341103,0
-1.2724345,-2.2617729,1.578213,-0.073716082,-0.20442986,0.97610158,0
0.81993628,1.9268534,2.5141613,-0.073716082,-0.20442986,0.97610158,0
-0.031517506,-3.5801568,1.377223,-0.073716082,-0.20442986,0.97610158,0
3.3771555,2.4919329,1.4205487,0.98628736,-0.15986168,0.041004676,0
0.87073588,-5.6232018,0.94964218,-0.14765866,-0.96573943,-0.21341103,0
2.7715628,0.5445869,2.3785615,-0.073716082,-0.20442986,0.97610158,0
-3.3583431,-3.9870529,-3.0415411,-0.14765866,-0.96573943,-0.21341103,0
3.508462,3.5280807,2.0191979,0.98628736,-0.15986168,0.041004676,0
2.0548131,-1.1735409,1.9941339,-0.073716082,-0.20442986,0.97610158,0
2.7505498,-1.0871546,0.83885074,0.98628736,-0.15986168,0.041004676,0
2.0641937,4.911067,-0.023988724,0.14765866,0.96573943,0.21341103,0
-2.6128459,2.2687678,0.0446558,-0.98628736,0.15986168,-0.041004676,0
1.4990139,-5.6754994,0.77682114,-0.14765866,-0.96573943,-0.21341103,0
2.2119384,-3.2271652,-2.613595,0.073716082,0.20442986,-0.97610158,0
2.0600438,-0.53977668,1.9938834,-0.073716082,-0.20442986,0.97610158,0
3.0768025,1.3747405,2.2415202,0.98628736,-0.15986168,0.041004676,0
2.3880503,-4.2302599,-0.11931443,0.98628736,-0.15986168,0.041004676,0
3.517554,3.1651564,0.97893047,0.98628736,-0.15986168,0.041004676,0
-0.77196771,1.023728,2.217572,-0.073716082,-0.20442986,0.97610158,0
-2.2175882,-5.100111,0.72332954,-0.14765866,-0.96573943,-0.21341103,0
2.8428135,4.2185545,-1.0267878,0.073716082,0.20442986,-0.97610158,0
-2.4639835,-3.8487113,-3.1078444,0.073716082,0.20442986,-0.97610158,0
2.6720257,-1.9420013,0.61307299,0.98628736,-0.15986168,0.041004676,0
2.3463788,-3.8002491,0.21919084,0.98628736,-0.15986168,0.041004676,0
-1.5726285,5.2815127,0.94186234,0.14765866,0.96573943,0.21341103,0
2.236481,-5.1800318,-1.4281662,0.98628736,-0.15986168,0.041004676,0
1.3706586,4.5545101,-1.0116782,0.073716082,0.20442986,-0.97610158,0
1.1498349,-5.5309453,0.36627579,-0.14765866,-0.96573943,-0.21341103,0
2.8667185,1.4153863,2.6398339,-0.073716082,-0.20442986,0.97610158,0
-3.6162109,-4.2266803,-0.86884165,-0.98628736,0.15986168,-0.041004676,0
-2.9725418,-1.0269691,-2.4710927,0.073716082,0.20442986,-0.97610158,0
-0.99339163,-2.5275152,1.4720414,-0.073716082,-0.20442986,0.97610158,0
0.43065265,2.8942587,2.736207,-0.073716082,-0.20442986,0.97610158,0
3.1810408,1.3785217,0.53773165,0.98628736,-0.15986168,0.041004676,0
1.612886,-4.9135799,-2.3837917,-0.14765866,-0.96573943,-0.21341103,0
2.5263276,4.7456141,0.64444065,0.14765866,0.96573943,0.21341103,0
-2.7742126,1.2112637,-0.65183425,-0.98628736,0.15986168,-0.041004676,0
-1.4671474,-4.9053936,-0.26975012,-0.14765866,-0.96573943,-0.21341103,0
-0.56321716,4.0644531,2.8572235,-0.073716082,-0.20442986,0.97610158,0
0.21180755,-0.4755218,1.9382814,-0.073716082,-0.20442986,0.97610158,0
2.1419506,4.1481347,2.854552,0.14765866,0.96573943,0.21341103,0
1.3438346,4.8083014,1.1158085,0.14765866,0.96573943,0.21341103,0
-2.9306662,0.30957246,0.4293271,-0.98628736,0.15986168,-0.041004676,0
-1.981724,3.1207125,2.457293,-0.073716082,-0.20442986,0.97610158,0
-2.2546439,-4.8816938,-0.13348532,-0.14765866,-0.96573943,-0.21341103,0
-1.4681361,5.3593631,0.4266181,0.14765866,0.96573943,0.21341103,0
1.1035085,-4.758801,-2.3281975,-0.14765866,-0.96573943,-0.21341103,0
-1.9126453,-0.079035997,1.9747007,-0.073716082,-0.20442986,0.97610158,0
3.5394382,2.7671931,0.85248685,0.98628736,-0.15986168,0.041004676,0
-1.4147098,5.0382853,1.3451245,0.14765866,0.96573943,0.21341103,0
0.33415979,-3.3946924,-2.747952,0.073716082,0.20442986,-0.97610158,0
3.4587479,3.0201931,1.5206184,0.98628736,-0.15986168,0.041004676,0
-2.1401355,5.5665851,-0.73102188,0.14765866,0.96573943,0.21341103,0
1.498764,4.7056999,1.0746777,0.14765866,0.96573943,0.21341103,0
-2.1139882,-0.72293687,-2.4586792,0.073716082,0.20442986,-0.97610158,0
0.30045652,-5.4389176,0.88328552,-0.14765866,-0.96573943,-0.21341103,0
0.3366524,-4.8639536,1.1312613,-0.073716082,-0.20442986,0.97610158,0
1.449513,-0.49334049,-2.1123171,0.073716082,0.20442986,-0.97610158,0
-2.2671516,4.7808061,-1.1866348,0.073716082,0.20442986,-0.97610158,0
2.6337638,4.7253094,-0.029367924,0.14765866,0.96573943,0.21341103,0
2.9940207,-0.32437396,0.81295049,0.98628736,-0.15986168,0.041004676,0
1.8032994,4.4435081,2.2226923,0.14765866,0.96573943,0.21341103,0
3.5134306,3.4573615,1.4733047,0.98628736,-0.15986168,0.041004676,0
2.4364431,-4.4793968,-0.85924315,0.98628736,-0.15986168,0.041004676,0
-1.0762904,4.7387214,-1.1271796,0.073716082,0.20442986,-0.97610158,0
-2.4427474,4.1557198,2.2435212,-0.98628736,0.15986168,-0.041004676,0
-3.1837788,-4.2872443,-1.6430256,-0.14765866,-0.96573943,-0.21341103,0
2.6444595,-2.4260397,1.3097587,0.98628736,-0.15986168,0.041004676,0
-0.51298547,4.0635538,-1.1784744,0.073716082,0.20442986,-0.97610158,0
-3.4220588,-3.3987446,-2.0463426,-0.98628736,0.15986168,-0.041004676,0
-1.1967466,0.90167141,-2.022002,0.073716082,0.20442986,-0.97610158,0
3.2622607,1.2304285,-1.3958039,0.98628736,-0.15986168,0.041004676,0
3.6364512,4.6602683,0.057244301,0.14765866,0.96573943,0.21341103,0
-3.1529217,-0.086568475,0.08891052,-0.98628736,0.15986168,-0.041004676,0
1.195605,-5.1284809,-1.2159851,-0.14765866,-0.96573943,-0.21341103,0
2.2870138,-4.8244104,-0.42981172,0.98628736,-0.15986168,0.041004676,0
1.8282564,-2.3432074,-2.335186,0.073716082,0.20442986,-0.97610158,0
-2.1879551,5.0367088,-0.25189877,-0.98628736,0.15986168,-0.041004676,0
-2.3330076,4.1440377,-1.224159,-0.98628736,0.15986168,-0.041004676,0
1.2845597,-4.3681192,-2.8657413,0.073716082,0.20442986,-0.97610158,0
-0.50712222,-5.1730371,0.52908421,-0.14765866,-0.96573943,-0.21341103,0
3.2901809,3.4157622,-1.0051048,0.073716082,0.20442986,-0.97610158,0
3.2764437,4.151299,2.648957,0.14765866,0.96573943,0.21341103,0
3.498354,2.4540896,0.77989316,0.98628736,-0.15986168,0.041004676,0
3.4525664,3.7602506,2.592047,0.98628736,-0.15986168,0.041004676,0
-0.69210422,4.7689347,2.6110153,0.14765866,0.96573943,0.21341103,0
1.9016452,3.01056,2.7913904,-0.073716082,-0.20442986,0.97610158,0
-0.097340584,-5.2460465,0.10242605,-0.14765866,-0.96573943,-0.21341103,0
-0.42837888,1.9377089,2.4518647,-0.073716082,-0.20442986,0.97610158,0
-1.1118942,-4.8779798,-0.24423122,-0.14765866,-0.96573943,-0.21341103,0
2.9484243,0.37057793,1.3942126,0.98628736,-0.15986168,0.041004676,0
-0.52002549,5.2898502,-0.085755348,0.14765866,0.96573943,0.21341103,0
-1.0648609,4.7159033,2.6638534,0.14765866,0.96573943,0.21341103,0
3.2736499,4.0709543,-0.86073399,0.073716082,0.20442986,-0.97610158,0
-0.70705295,-3.202642,-2.849355,0.073716082,0.20442986,-0.97610158,0
1.5800922,-2.062115,1.6660428,-0.073716082,-0.20442986,0.97610158,0
-1.6794434,5.2953873,-1.0511541,0.073716082,0.20442986,-0.97610158,0
2.2643993,-4.0282969,1.257391,0.98628736,-0.15986168,0.041004676,0
-3.2073054,-1.5260465,-0.041673183,-0.98628736,0.15986168,-0.041004676,0
-0.67671132,4.8974872,2.1224017,0.14765866,0.96573943,0.21341103,0
-3.7281628,-3.7513068,0.57109594,-0.98628736,0.15986168,-0.041004676,0
1.5501277,-2.8738632,-2.5324652,0.073716082,0.20442986,-0.97610158,0
-2.557487,3.0479822,0.031143665,-0.98628736,0.15986168,-0.041004676,0
0.61024272,0.88459063,-1.8063021,0.073716082,0.20442986,-0.97610158,0
0.87096453,-5.1710854,0.93214703,-0.073716082,-0.20442986,0.97610158,0
0.18187439,-2.0062194,1.578688,-0.073716082,-0.20442986,0.97610158,0
1.9934578,0.73522687,-1.8094107,0.073716082,0.20442986,-0.97610158,0
0.55675513,4.9369841,0.94034052,0.14765866,0.96573943,0.21341103,0
-3.5135782,-2.6382856,0.7180078,-0.98628736,0.15986168,-0.041004676,0
-2.2329869,5.489378,-0.11525917,-0.98628736,0.15986168,-0.041004676,0
0.11920655,-4.8738241,-1.3569391,-0.14765866,-0.96573943,-0.21341103,0
3.2993834,2.3274863,2.0904622,0.98628736,-0.15986168,0.041004676,0
-1.2708874,0.17527294,2.0459797,-0.073716082,-0.20442986,0.97610158,0
-1.8039964,-0.32280397,1.8158412,-0.073716082,-0.20442986,0.97610158,0
0.65980434,-5.0735617,-0.46723747,-0.14765866,-0.96573943,-0.21341103,0
2.7680135,-1.9373351,-0.19847751,0.98628736,-0.15986168,0.041004676,0
3.163322,0.99438477,-0.2971611,0.98628736,-0.15986168,0.041004676,0
-2.6170216,2.6722894,1.2448418,-0.98628736,0.15986168,-0.041004676,0
-2.760571,-1.8507962,1.3669827,-0.073716082,-0.20442986,0.97610158,0
3.4363942,3.9344807,2.8507626,0.14765866,0.96573943,0.21341103,0
-2.2582536,0.91217589,2.0108562,-0.073716082,-0.20442986,0.97610158,0
-3.4309487,-3.2962658,-2.2501762,-0.98628736,0.15986168,-0.041004676,0
-2.5574188,2.6901116,1.1385987,-0.98628736,0.15986168,-0.041004676,0
-1.514447,5.17909,1.1732771,0.14765866,0.96573943,0.21341103,0
1.7559044,-5.3541327,-0.310431,-0.14765866,-0.96573943,-0.21341103,0
-3.480083,-4.3427019,-1.1839929,-0.14765866,-0.96573943,-0.21341103,0
1.3186669,4.4734335,2.5328712,0.14765866,0.96573943,0.21341103,0
-2.3574612,0.2018559,-2.0973315,0.073716082,0.20442986,-0.97610158,0
-0.4201656,-4.6604795,-2.0239861,-0.14765866,-0.96573943,-0.21341103,0
-1.3276756,5.0140262,1.3110082,0.14765866,0.96573943,0.21341103,0
-2.2660155,-4.1835337,-2.5769057,-0.14765866,-0.96573943,-0.21341103,0
-0.87888002,5.3715057,0.067277431,0.14765866,0.96573943,0.21341103,0
-2.4678581,-4.7382679,-0.10636139,-0.14765866,-0.96573943,-0.21341103,0
2.2181468,-4.994338,-2.3716714,-0.14765866,-0.96573943,-0.21341103,0
-1.6803968,-4.5342798,-1.6378813,-0.14765866,-0.96573943,-0.21341103,0
-1.4060822,5.2292857,0.52946854,0.14765866,0.96573943,0.21341103,0
1.6321753,5.14149,-0.67979765,0.14765866,0.96573943,0.21341103,0
3.1353323,0.76554346,-1.3927902,0.98628736,-0.15986168,0.041004676,0
-3.6059263,-3.0099607,0.46678567,-0.98628736,0.15986168,-0.041004676,0
3.5710626,3.1624849,-0.94805193,0.98628736,-0.15986168,0.041004676,0
3.3264797,1.5948441,-1.254245,0.98628736,-0.15986168,0.041004676,0
1.7041702,4.8488321,0.46240234,0.14765866,0.96573943,0.21341103,0
-2.6960344,-4.6330137,-0.13430119,-0.14765866,-0.96573943,-0.21341103,0
1.2870661,3.4121997,-1.3062711,0.073716082,0.20442986,-0.97610158,0
-0.38312557,-4.869709,-1.1528053,-0.14765866,-0.96573943,-0.21341103,0
0.65376031,-5.044445,-0.77774,-0.14765866,-0.96573943,-0.21341103,0
-2.5026836,-3.6913645,1.1404819,-0.073716082,-0.20442986,0.97610158,0
-2.8974681,1.383199,0.24087849,-0.98628736,0.15986168,-0.041004676,0
3.3303123,2.0327713,0.19910789,0.98628736,-0.15986168,0.041004676,0
-3.2296264,-1.5395238,1.5201514,-0.073716082,-0.20442986,0.97610158,0
2.2401934,1.660301,-1.5632243,0.073716082,0.20442986,-0.97610158,0
-0.1399717,-1.8041081,1.7424998,-0.073716082,-0.20442986,0.97610158,0
2.0600247,-5.4228106,-0.28386974,-0.14765866,-0.96573943,-0.21341103,0
-0.24648499,4.7048631,-1.1130419,0.073716082,0.20442986,-0.97610158,0
-0.75917363,-5.1056657,0.84614658,-0.073716082,-0.20442986,0.97610158,0
3.6097646,3.2788136,-0.031852484,0.98628736,-0.15986168,0.041004676,0
-2.5917971,2.3860118,-0.32603526,-0.98628736,0.15986168,-0.041004676,0
1.6549029,0.16839314,2.1419976,-0.073716082,-0.20442986,0.97610158,0
1.0206046,5.1016169,-0.38660145,0.14765866,0.96573943,0.21341103,0
-2.2842913,4.9236741,0.72446156,-0.98628736,0.15986168,-0.041004676,0
2.8025904,-2.0967498,-0.56787187,0.98628736,-0.15986168,0.041004676,0
-1.365599,-4.7939668,-0.848629,-0.14765866,-0.96573943,-0.21341103,0
0.71083784,-5.1348076,-0.36320972,-0.14765866,-0.96573943,-0.21341103,0
-2.6362042,-1.7827761,1.450722,-0.073716082,-0.20442986,0.97610158,0
2.5560904,-3.0501494,1.2528334,0.98628736,-0.15986168,0.041004676,0
-3.1750317,-0.51292765,0.59300566,-0.98628736,0.15986168,-0.041004676,0
2.6125553,4.3306947,2.1611371,0.14765866,0.96573943,0.21341103,0
3.4651558,3.144505,2.0905612,0.98628736,-0.15986168,0.041004676,0
-1.6489143,-4.4343462,0.97535944,-0.073716082,-0.20442986,0.97610158,0
-0.065945387,5.1308761,0.56306648,0.14765866,0.96573943,0.21341103,0
2.9766221,4.3947654,1.3628871,0.14765866,0.96573943,0.21341103,0
-2.8430936,0.87684655,0.47086054,-0.98628736,0.15986168,-0.041004676,0
-1.642369,1.3023781,-1.9394436,0.073716082,0.20442986,-0.97610158,0
-1.5382732,-3.0507228,1.253068,-0.073716082,-0.20442986,0.97610158,0
2.4348292,-3.2639718,0.64621854,0.98628736,-0.15986168,0.041004676,0
0.56790769,-4.695488,-2.1415253,-0.14765866,-0.96573943,-0.21341103,0
-2.0959096,0.48128164,2.0904994,-0.073716082,-0.20442986,0.97610158,0
-0.69053912,5.2194438,0.44319677,0.14765866,0.96573943,0.21341103,0
-3.095382,-1.1388251,-1.2992558,-0.98628736,0.15986168,-0.041004676,0
-0.19812047,5.1619091,0.60779285,0.14765866,0.96573943,0.21341103,0
-3.4433203,-4.0967636,-2.2800772,-0.14765866,-0.96573943,-0.21341103,0
-1.3676212,-4.8032961,-0.66739655,-0.14765866,-0.96573943,-0.21341103,0
1.2229259,4.9313312,0.52082729,0.14765866,0.96573943,0.21341103,0
-1.8829319,-4.3211246,1.063767,-0.073716082,-0.20442986,0.97610158,0
0.64926457,5.1504345,-0.9206872,0.073716082,0.20442986,-0.97610158,0
-0.7178061,-1.6051886,1.721807,-0.073716082,-0.20442986,0.97610158,0
2.5197456,-4.2892699,-2.5889163,0.98628736,-0.15986168,0.041004676,0
1.5949051,-4.4204292,1.305923,-0.073716082,-0.20442986,0.97610158,0
1.2165952,-5.242672,-0.66867304,-0.14765866,-0.96573943,-0.21341103,0
-2.2082477,4.6514654,-0.84051704,-0.98628736,0.15986168,-0.041004676,0
1.8141872,4.715127,-0.98965502,0.073716082,0.20442986,-0.97610158,0
-2.3632488,-4.8169336,0.090850353,-0.14765866,-0.96573943,-0.21341103,0
-0.66301775,2.6804578,-1.4773965,0.073716082,0.20442986,-0.97610158,0
-0.6440872,2.2210333,-1.6086948,0.073716082,0.20442986,-0.97610158,0
-3.0878735,-4.5272617,-0.97445202,-0.14765866,-0.96573943,-0.21341103,0
-2.0056129,1.6177669,2.3184409,-0.073716082,-0.20442986,0.97610158,0
3.2301626,0.60259062,0.1244396,0.98628736,-0.15986168,0.041004676,0
0.84989262,-3.2919557,1.4563332,-0.073716082,-0.20442986,0.97610158,0
3.1012619,0.98905563,2.2831454,0.98628736,-0.15986168,0.041004676,0
-3.5730188,-4.125761,-2.3776612,-0.14765866,-0.96573943,-0.21341103,0
-3.3644269,-1.9759568,-0.25661325,-0.98628736,0.15986168,-0.041004676,0
3.2210014,0.40717447,-0.3996321,0.98628736,-0.15986168,0.041004676,0
3.2624102,2.4195404,2.6642637,0.98628736,-0.15986168,0.041004676,0
2.942111,-0.91492629,-1.2806606,0.98628736,-0.15986168,0.041004676,0
-3.3719878,-2.5996041,0.01168704,-0.98628736,0.15986168,-0.041004676,0
2.31814,3.3241577,2.9703908,-0.073716082,-0.20442986,0.97610158,0
-3.0587151,-0.63357842,-1.8205712,-0.98628736,0.15986168,-0.041004676,0
-1.4009134,1.6984084,2.3085272,-0.073716082,-0.20442986,0.97610158,0
2.4483883,-3.5487144,-0.98617244,0.98628736,-0.15986168,0.041004676,0
-2.8553164,1.0406921,1.0031484,-0.98628736,0.15986168,-0.041004676,0
2.4848313,4.9827886,-0.5743022,0.14765866,0.96573943,0.21341103,0
-1.1393094,4.931848,-1.1498981,0.073716082,0.20442986,-0.97610158,0
1.7194841,2.986444,2.7322066,-0.073716082,-0.20442986,0.97610158,0
0.28867525,2.5019929,2.5533595,-0.073716082,-0.20442986,0.97610158,0
1.866268,4.6518502,0.80915403,0.14765866,0.96573943,0.21341103,0
3.538532,4.4090939,0.91225243,0.14765866,0.96573943,0.21341103,0
-3.1789486,-4.185348,-2.3282168,-0.14765866,-0.96573943,-0.21341103,0
0.60385275,-5.1804881,-0.033381462,-0.14765866,-0.96573943,-0.21341103,0
-1.3072346,-1.1362901,1.6166434,-0.073716082,-0.20442986,0.97610158,0
0.77739072,-4.6113081,-3.0456638,0.073716082,0.20442986,-0.97610158,0
-1.3677697,0.21383035,1.9732323,-0.073716082,-0.20442986,0.97610158,0
-1.6318638,4.9751253,-1.1685066,0.073716082,0.20442986,-0.97610158,0
-1.2648206,4.9614949,-1.150754,0.073716082,0.20442986,-0.97610158,0
1.6339839,-4.9349957,-2.5929995,-0.14765866,-0.96573943,-0.21341103,0
2.1660855,-2.0834074,1.8465432,-0.073716082,-0.20442986,0.97610158,0
2.4238737,-4.0462036,0.51581836,0.98628736,-0.15986168,0.041004676,0
-2.5927343,0.53268993,-2.0454128,0.073716082,0.20442986,-0.97610158,0
-2.7491918,2.0059075,-0.40168703,-0.98628736,0.15986168,-0.041004676,0
2.3156521,-4.983357,-0.63417578,0.98628736,-0.15986168,0.041004676,0
0.84422088,-5.3618717,0.45641327,-0.14765866,-0.96573943,-0.21341103,0
