-2.5549364,3.5079575,2.4868762,-0.95784688,0.28727323,0.0018247366,0
0.78340793,2.9109597,2.0716913,0.2684297,0.89271808,0.36193916,0
-1.7780279,2.0539374,-1.5140805,0.10234642,0.34717214,-0.9321999,0
0.030690908,-2.2237239,-2.9249904,0.10234642,0.34717214,-0.9321999,0
-2.7996974,2.6588552,-0.54647112,-0.95784688,0.28727323,0.0018247366,0
0.80933928,-4.1153007,-0.29884338,-0.2684297,-0.89271808,-0.36193916,0
2.6105437,-3.2713494,-0.37937403,0.95784688,-0.28727323,-0.0018247366,0
1.2268028,-3.9600511,-1.0827725,-0.2684297,-0.89271808,-0.36193916,0
-3.3702745,1.0077789,0.85960889,-0.95784688,0.28727323,0.0018247366,0
-4.0608921,-1.5646293,-2.7426658,-0.95784688,0.28727323,0.0018247366,0
-3.3864102,0.97413909,0.35318303,-0.95784688,0.28727323,0.0018247366,0
0.60913402,0.90730786,-1.6496283,0.10234642,0.34717214,-0.9321999,0
-2.6652305,1.7588124,2.5654705,-0.10234642,-0.34717214,0.9321999,0
-1.8305366,-2.8593476,0.77998531,-0.10234642,-0.34717214,0.9321999,0
-2.2155626,4.5449915,-0.04501009,0.2684297,0.89271808,0.36193916,0
3.3888323,-0.80956185,0.93933797,0.95784688,-0.28727323,-0.0018247366,0
2.6819441,-2.0561659,-2.6002557,0.10234642,0.34717214,-0.9321999,0
-0.068973064,-3.169523,0.97012794,-0.10234642,-0.34717214,0.9321999,0
-1.0281503,-3.2303672,-1.0247016,-0.2684297,-0.89271808,-0.36193916,0
3.0262911,-1.8547399,0.44394326,0.95784688,-0.28727323,-0.0018247366,0
2.2975345,2.3959122,1.9379818,0.2684297,0.89271808,0.36193916,0
-1.3192897,-1.4896579,1.5299761,-0.10234642,-0.34717214,0.9321999,0
-3.7991319,-3.0021071,0.33130527,-0.2684297,-0.89271808,-0.36193916,0
2.6275897,-3.427187,-2.1451275,0.95784688,-0.28727323,-0.0018247366,0
3.1558328,-0.078397572,2.381032,-0.10234642,-0.34717214,0.9321999,0
-2.8984323,2.4594498,-0.3111124,-0.95784688,0.28727323,0.0018247366,0
1.9132817,-4.1743479,-0.73776197,-0.2684297,-0.89271808,-0.36193916,0
2.5535231,1.6341417,-1.1832669,0.10234642,0.34717214,-0.9321999,0
2.0239787,-2.4741495,1.4070919,-0.10234642,-0.34717214,0.9321999,0
-2.5702989,3.8759379,-1.0305381,-0.95784688,0.28727323,0.0018247366,0
1.4156368,-3.5555701,-1.7677388,-0.2684297,-0.89271808,-0.36193916,0
3.7185943,0.052021265,0.24094892,0.95784688,-0.28727323,-0.0018247366,0
0.59915471,2.7829051,-1.0530192,0.10234642,0.34717214,-0.9321999,0
1.783394,2.0100312,-1.2455314,0.10234642,0.34717214,-0.9321999,0
3.0491865,-2.2396245,0.73197103,0.95784688,-0.28727323,-0.0018247366,0
-2.3954794,4.1196475,-0.060242653,-0.95784688,0.28727323,0.0018247366,0
-0.42913699,3.9758711,0.012451649,0.2684297,0.89271808,0.36193916,0
-0.39803481,2.016736,-1.4157021,0.10234642,0.34717214,-0.9321999,0
1.4904428,3.1439719,0.73404515,0.2684297,0.89271808,0.36193916,0
-2.3510115,4.2972813,0.2053175,-0.95784688,0.28727323,0.0018247366,0
-1.3171151,-3.8401525,0.65973437,-0.10234642,-0.34717214,0.9321999,0
-0.55277508,0.24186158,2.2463524,-0.10234642,-0.34717214,0.9321999,0
-0.50424576,-3.5428081,-0.33768249,-0.2684297,-0.89271808,-0.36193916,0
0.99462718,1.4514182,2.7380333,-0.10234642,-0.34717214,0.9321999,0
0.96754402,0.84190965,-1.6861365,0.10234642,0.34717214,-0.9321999,0
-0.81947732,-3.3808985,-0.78209603,-0.2684297,-0.89271808,-0.36193916,0
-3.2057397,1.2153254,-1.6953926,-0.95784688,0.28727323,0.0018247366,0
2.4037511,-4.3973937,-0.5342226,0.95784688,-0.28727323,-0.0018247366,0
1.8457955,0.87348485,-1.5358528,0.10234642,0.34717214,-0.9321999,0
-1.1835036,-3.7279725,0.59554374,-0.10234642,-0.34717214,0.9321999,0
1.2085013,-3.4089351,-2.1258447,-0.2684297,-0.89271808,-0.36193916,0
3.0983136,-1.7167778,-2.4848049,0.10234642,0.34717214,-0.9321999,0
2.8885381,-2.4499593,-0.7141993,0.95784688,-0.28727323,-0.0018247366,0
-3.4920464,0.28587222,1.7951684,-0.95784688,0.28727323,0.0018247366,0
-3.1578999,1.8437076,1.8163264,-0.95784688,0.28727323,0.0018247366,0
-0.94253933,-2.234457,1.2740647,-0.10234642,-0.34717214,0.9321999,0
-1.6364429,-3.4634099,-0.092049956,-0.2684297,-0.89271808,-0.36193916,0
4.0327744,1.52285,2.6971416,0.2684297,0.89271808,0.36193916,0
-2.2147453,-1.4470618,-2.9714887,0.10234642,0.34717214,-0.9321999,0
0.95419908,-3.6585355,-1.560786,-0.2684297,-0.89271808,-0.36193916,0
-1.206043,3.1547382,2.9548752,0.2684297,0.89271808,0.36193916,0
2.4604492,0.25530231,2.6058793,-0.10234642,-0.34717214,0.9321999,0
3.3654251,-0.73228872,0.5479691,0.95784688,-0.28727323,-0.0018247366,0
-3.9804735,-1.1032919,-1.9391438,-0.95784688,0.28727323,0.0018247366,0
3.985075,1.6815619,-0.98944783,0.10234642,0.34717214,-0.9321999,0
-3.9654157,-1.9070902,-2.2355466,-0.2684297,-0.89271808,-0.36193916,0
-1.9026754,-3.3826079,0.64820915,-0.10234642,-0.34717214,0.9321999,0
-3.6258068,0.035905361,1.3470006,-0.95784688,0.28727323,0.0018247366,0
-3.8083446,-0.32538056,0.25445199,-0.95784688,0.28727323,0.0018247366,0
-2.167937,3.8942583,1.5052385,0.2684297,0.89271808,0.36193916,0
3.2162311,-1.315253,-1.3051152,0.95784688,-0.28727323,-0.0018247366,0
-2.9719632,2.1456187,-0.27439022,-0.95784688,0.28727323,0.0018247366,0
3.1025023,-1.9153104,-1.9566886,0.95784688,-0.28727323,-0.0018247366,0
1.8663268,-4.6080556,0.48430634,-0.2684297,-0.89271808,-0.36193916,0
1.7756727,-4.4962835,-0.1352706,-0.2684297,-0.89271808,-0.36193916,0
-3.8659003,-0.59135056,0.73769116,-0.95784688,0.28727323,0.0018247366,0
4.143734,2.0850549,1.6645696,0.2684297,0.89271808,0.36193916,0
-3.4055328,0.89515424,1.4123006,-0.95784688,0.28727323,0.0018247366,0
-3.7157836,-0.53029996,-1.3474364,-0.95784688,0.28727323,0.0018247366,0
1.6009936,-2.5574656,-2.9978261,0.10234642,0.34717214,-0.9321999,0
-2.9510887,-2.0139625,1.0568036,-0.10234642,-0.34717214,0.9321999,0
4.2530432,2.1341617,0.88233078,0.95784688,-0.28727323,-0.0018247366,0
-3.5093656,0.16253853,1.0834415,-0.95784688,0.28727323,0.0018247366,0
-2.5169585,-0.3150332,1.8022935,-0.10234642,-0.34717214,0.9321999,0
-1.8726317,-1.1969488,1.5870447,-0.10234642,-0.34717214,0.9321999,0
1.4434025,2.2466958,2.8396239,0.2684297,0.89271808,0.36193916,0
-2.4507241,3.7285078,-0.75044823,-0.95784688,0.28727323,0.0018247366,0
-1.9709702,-3.0270774,-0.76913732,-0.2684297,-0.89271808,-0.36193916,0
-4.1653681,-1.8425951,0.79589725,-0.95784688,0.28727323,0.0018247366,0
-2.2865164,2.7659221,-1.3028772,0.10234642,0.34717214,-0.9321999,0
3.4001112,1.214788,-1.247798,0.10234642,0.34717214,-0.9321999,0
-2.8883963,2.5951068,0.46802092,-0.95784688,0.28727323,0.0018247366,0
3.802114,0.65132117,-1.2076755,0.95784688,-0.28727323,-0.0018247366,0
-0.54445553,-0.35102201,1.8680165,-0.10234642,-0.34717214,0.9321999,0
-2.6792073,3.3304782,1.3748283,-0.95784688,0.28727323,0.0018247366,0
3.6054099,-0.45827699,-1.4456952,0.95784688,-0.28727323,-0.0018247366,0
2.1939757,2.5040264,-1.0624583,0.10234642,0.34717214,-0.9321999,0
2.8647547,-2.6502671,-0.97308731,0.95784688,-0.28727323,-0.0018247366,0
3.9253941,1.1560493,-1.014051,0.95784688,-0.28727323,-0.0018247366,0
-3.3190844,0.60484004,-2.3847795,0.10234642,0.34717214,-0.9321999,0
-0.99846649,-3.3697424,-0.41333365,-0.2684297,-0.89271808,-0.36193916,0
-3.0770864,2.2270193,-1.6919358,-0.95784688,0.28727323,0.0018247366,0
3.2604127,-0.98938346,-0.78999972,0.95784688,-0.28727323,-0.0018247366,0
1.0959675,-3.0464857,1.0598722,-0.10234642,-0.34717214,0.9321999,0
0.87535834,-4.4062443,0.517277,-0.2684297,-0.89271808,-0.36193916,0
-3.9237797,-1.1679933,-0.73669505,-0.95784688,0.28727323,0.0018247366,0
-2.6868651,3.0329728,0.67357826,-0.95784688,0.28727323,0.0018247366,0
-1.4184252,1.7545458,-1.7011606,0.10234642,0.34717214,-0.9321999,0
-2.4129755,1.1359291,-1.9409829,0.10234642,0.34717214,-0.9321999,0
-1.9190936,-1.2206609,-2.7963815,0.10234642,0.34717214,-0.9321999,0
-4.3042951,-2.4015195,0.086126804,-0.95784688,0.28727323,0.0018247366,0
-4.0661726,-1.7145717,-0.43993914,-0.95784688,0.28727323,0.0018247366,0
0.21508169,-1.322304,1.7730621,-0.10234642,-0.34717214,0.9321999,0
-0.44466233,3.4786513,1.3439133,0.2684297,0.89271808,0.36193916,0
-2.0195546,2.3652515,-1.5471473,0.10234642,0.34717214,-0.9321999,0
2.3170767,2.4995654,1.7438235,0.2684297,0.89271808,0.36193916,0
2.0427151,-0.1712091,-1.9266634,0.10234642,0.34717214,-0.9321999,0
0.57148123,2.7001045,2.5797076,0.2684297,0.89271808,0.36193916,0
2.5388744,-2.0674973,1.7147682,-0.10234642,-0.34717214,0.9321999,0
0.28547716,3.4590726,1.0449079,0.2684297,0.89271808,0.36193916,0
-2.8692117,-3.3603354,0.53114396,-0.2684297,-0.89271808,-0.36193916,0
-1.5077633,0.88712478,2.3303976,-0.10234642,-0.34717214,0.9321999,0
3.5725589,2.2096126,1.3528435,0.2684297,0.89271808,0.36193916,0
1.073282,3.3346808,0.62091446,0.2684297,0.89271808,0.36193916,0
3.1839154,-1.311224,0.82670045,0.95784688,-0.28727323,-0.0018247366,0
-2.1521688,2.1327291,-1.5397592,0.10234642,0.34717214,-0.9321999,0
-0.97501564,3.6956615,1.3030169,0.2684297,0.89271808,0.36193916,0
-0.63248968,2.7391877,-1.1146362,0.10234642,0.34717214,-0.9321999,0
-3.6149025,0.12093043,0.19324589,-0.95784688,0.28727323,0.0018247366,0
-2.2649736,4.6726489,-0.3711524,0.2684297,0.89271808,0.36193916,0
3.9344699,0.88756871,2.126277,0.95784688,-0.28727323,-0.0018247366,0
-2.5186257,2.1700954,-1.6891212,0.10234642,0.34717214,-0.9321999,0
4.0744143,1.7962806,2.0702391,0.2684297,0.89271808,0.36193916,0
-2.7451987,3.3150005,-0.068971634,-0.95784688,0.28727323,0.0018247366,0
-2.3821807,0.3961885,-2.2631664,0.10234642,0.34717214,-0.9321999,0
2.0301189,2.4832287,2.152705,0.2684297,0.89271808,0.36193916,0
0.098014116,-2.7793941,-2.9822237,-0.2684297,-0.89271808,-0.36193916,0
1.182157,3.6522429,-0.21055138,0.2684297,0.89271808,0.36193916,0
1.3409019,2.9917884,-0.98623586,0.10234642,0.34717214,-0.9321999,0
3.0677667,2.2921827,1.9294863,0.2684297,0.89271808,0.36193916,0
-3.7157078,-1.6036942,1.2316116,-0.10234642,-0.34717214,0.9321999,0
-2.3733921,-2.1168835,-2.4238954,-0.2684297,-0.89271808,-0.36193916,0
-0.27763844,-2.6826015,-2.9837029,-0.2684297,-0.89271808,-0.36193916,0
2.93541,2.6400058,-0.83917195,0.10234642,0.34717214,-0.9321999,0
-0.79884982,-2.5973182,-2.4638977,-0.2684297,-0.89271808,-0.36193916,0
-2.353302,2.7290838,-1.4884231,0.10234642,0.34717214,-0.9321999,0
-1.2635927,4.0080256,0.84486103,0.2684297,0.89271808,0.36193916,0
0.43323612,-3.4480956,0.88087416,-0.10234642,-0.34717214,0.9321999,0
-2.7164867,-0.93870878,1.5860689,-0.10234642,-0.34717214,0.9321999,0
3.1515255,1.4321492,3.0962379,-0.10234642,-0.34717214,0.9321999,0
1.7281022,3.6485839,-0.55229616,0.2684297,0.89271808,0.36193916,0
-4.3924618,-2.3937335,-0.37476337,-0.2684297,-0.89271808,-0.36193916,0
-1.0511906,-3.3540087,-0.83081436,-0.2684297,-0.89271808,-0.36193916,0
-2.725235,-1.8293805,-3.1182315,-0.2684297,-0.89271808,-0.36193916,0
-3.7425609,-2.6071262,-0.7074632,-0.2684297,-0.89271808,-0.36193916,0
-2.7634764,3.1513023,2.7571518,-0.95784688,0.28727323,0.0018247366,0
2.4242721,-4.0400949,0.76470137,0.95784688,-0.28727323,-0.0018247366,0
-3.9911723,-1.9590814,-2.1515009,-0.2684297,-0.89271808,-0.36193916,0
-0.27944815,1.0512896,2.4626644,-0.10234642,-0.34717214,0.9321999,0
0.26567262,0.60021329,-1.8809142,0.10234642,0.34717214,-0.9321999,0
3.2039149,-1.4145838,1.1140826,0.95784688,-0.28727323,-0.0018247366,0
-3.9451027,-0.86936796,-0.8174262,-0.95784688,0.28727323,0.0018247366,0
-0.25058389,-3.8808067,0.22076368,-0.2684297,-0.89271808,-0.36193916,0
2.5311742,1.6137869,-1.1997091,0.10234642,0.34717214,-0.9321999,0
-0.21590543,-2.508431,-3.1065965,-0.2684297,-0.89271808,-0.36193916,0
1.9925727,2.8365364,1.2514377,0.2684297,0.89271808,0.36193916,0
-2.6747775,3.4185209,2.6504939,-0.95784688,0.28727323,0.0018247366,0
-1.8271884,3.2175453,3.0670586,0.2684297,0.89271808,0.36193916,0
2.4802494,2.0881267,2.5595186,0.2684297,0.89271808,0.36193916,0
3.9747107,0.80925333,1.0897062,0.95784688,-0.28727323,-0.0018247366,0
-0.73641771,0.83762479,-2.0070462,0.10234642,0.34717214,-0.9321999,0
2.2612717,-3.1254706,-3.0625768,0.10234642,0.34717214,-0.9321999,0
-2.5698743,-1.2205288,1.4677541,-0.10234642,-0.34717214,0.9321999,0
0.80481339,-3.295584,-2.141361,-0.2684297,-0.89271808,-0.36193916,0
-2.7322659,2.9482331,2.8643961,-0.95784688,0.28727323,0.0018247366,0
-2.3697531,4.499341,-0.16384888,-0.95784688,0.28727323,0.0018247366,0
-2.5943594,-2.0521688,-2.5368209,-0.2684297,-0.89271808,-0.36193916,0
2.8251567,-2.9602582,-2.7282104,0.95784688,-0.28727323,-0.0018247366,0
-2.9883807,2.1473751,-1.4599814,-0.95784688,0.28727323,0.0018247366,0
-0.27834773,-1.6337116,-2.7292938,0.10234642,0.34717214,-0.9321999,0
-1.2143769,-0.50394928,-2.553122,0.10234642,0.34717214,-0.9321999,0
-1.0220859,2.9990363,2.8315148,0.2684297,0.89271808,0.36193916,0
2.3474796,-0.28057516,2.3704526,-0.10234642,-0.34717214,0.9321999,0
-1.266745,2.3999627,2.9486187,-0.10234642,-0.34717214,0.9321999,0
-0.31846926,0.86117816,2.4663634,-0.10234642,-0.34717214,0.9321999,0
-3.7563634,-0.35989606,-0.71001315,-0.95784688,0.28727323,0.0018247366,0
0.19303191,2.1020999,2.8524985,-0.10234642,-0.34717214,0.9321999,0
0.92356062,-4.3063202,0.29316425,-0.2684297,-0.89271808,-0.36193916,0
0.37913471,0.56586909,-1.945703,0.10234642,0.34717214,-0.9321999,0
3.4263268,-0.86918348,2.1022816,0.95784688,-0.28727323,-0.0018247366,0
3.605325,1.8128996,2.6880639,0.2684297,0.89271808,0.36193916,0
1.2948406,-3.4585536,-1.9459708,-0.2684297,-0.89271808,-0.36193916,0
-4.3111463,-2.2270157,-0.16455519,-0.95784688,0.28727323,0.0018247366,0
-2.270304,3.7410111,2.3372746,0.2684297,0.89271808,0.36193916,0
1.7641151,-4.6993752,0.4012146,-0.2684297,-0.89271808,-0.36193916,0
3.5100737,-0.77130044,-0.53189206,0.95784688,-0.28727323,-0.0018247366,0
-0.80881476,3.4371529,1.7222183,0.2684297,0.89271808,0.36193916,0
-3.7569022,-0.12073147,-0.13999963,-0.95784688,0.28727323,0.0018247366,0
2.8781183,-2.3906825,1.4053173,0.95784688,-0.28727323,-0.0018247366,0
3.2779641,-1.1228113,-1.4319494,0.95784688,-0.28727323,-0.0018247366,0
1.5036765,-2.7493255,1.3803651,-0.10234642,-0.34717214,0.9321999,0
0.7281332,-3.588089,-1.1734974,-0.2684297,-0.89271808,-0.36193916,0
-0.61465371,-1.6293375,-2.9065204,0.10234642,0.34717214,-0.9321999,0
2.5892303,-0.62443203,2.1383548,-0.10234642,-0.34717214,0.9321999,0
2.5053906,-3.5207009,-0.74954176,0.95784688,-0.28727323,-0.0018247366,0
-1.9669508,-2.3990402,-2.1892695,-0.2684297,-0.89271808,-0.36193916,0
2.8159466,2.6064961,1.1942754,0.2684297,0.89271808,0.36193916,0
0.70340824,-4.0293055,-0.4071939,-0.2684297,-0.89271808,-0.36193916,0
4.1676383,1.5583667,0.88841498,0.95784688,-0.28727323,-0.0018247366,0
-3.6246223,-0.078325748,1.0443041,-0.95784688,0.28727323,0.0018247366,0
4.0314579,1.6831877,-1.0765858,0.10234642,0.34717214,-0.9321999,0
0.10432839,3.6756597,0.67224693,0.2684297,0.89271808,0.36193916,0
-0.65915626,0.23103476,2.2345226,-0.10234642,-0.34717214,0.9321999,0
3.6337869,0.23041177,-1.5788195,0.95784688,-0.28727323,-0.0018247366,0
0.65076578,2.2694416,3.0193994,-0.10234642,-0.34717214,0.9321999,0
-2.8477526,2.5187716,-0.46686959,-0.95784688,0.28727323,0.0018247366,0
-3.2675338,0.98510581,-1.9409864,-0.95784688,0.28727323,0.0018247366,0
-0.4472158,-3.4642355,-1.0318459,-0.2684297,-0.89271808,-0.36193916,0
-3.0335331,1.7110717,2.3918538,-0.10234642,-0.34717214,0.9321999,0
-2.1844113,-0.43570471,1.7375312,-0.10234642,-0.34717214,0.9321999,0
-3.6940145,-0.19015676,-1.6583996,-0.95784688,0.28727323,0.0018247366,0
-3.4209533,1.0194657,2.0959885,-0.95784688,0.28727323,0.0018247366,0
0.46747851,-3.078867,-2.2236323,-0.2684297,-0.89271808,-0.36193916,0
-2.1496358,1.4670696,-1.7807473,0.10234642,0.34717214,-0.9321999,0
2.3899126,-4.0730495,0.20976496,0.95784688,-0.28727323,-0.0018247366,0
1.3671358,3.5008516,0.0144732,0.2684297,0.89271808,0.36193916,0
-2.3757575,4.098918,-0.28899479,-0.95784688,0.28727323,0.0018247366,0
4.1524258,2.2002261,1.3811171,0.2684297,0.89271808,0.36193916,0
2.6997015,1.2406518,-1.4937851,0.10234642,0.34717214,-0.9321999,0
3.412571,-0.83688384,0.64953947,0.95784688,-0.28727323,-0.0018247366,0
-3.2445905,1.4535272,0.93905926,-0.95784688,0.28727323,0.0018247366,0
-0.31688333,3.9409108,0.011218786,0.2684297,0.89271808,0.36193916,0
3.4484324,-0.65169358,-1.7154713,0.95784688,-0.28727323,-0.0018247366,0
-3.4139359,-2.676173,-0.80167806,-0.2684297,-0.89271808,-0.36193916,0
2.342135,3.0677347,-0.72172344,0.10234642,0.34717214,-0.9321999,0
0.91174716,-0.53973544,1.9513447,-0.10234642,-0.34717214,0.9321999,0
1.7685781,-4.0591946,0.78214359,-0.10234642,-0.34717214,0.9321999,0
0.54138666,-1.3080621,-2.6557136,0.10234642,0.34717214,-0.9321999,0
3.0086532,-2.3055203,-0.090610027,0.95784688,-0.28727323,-0.0018247366,0
1.8715924,2.1623225,2.8035436,0.2684297,0.89271808,0.36193916,0
1.3462946,-4.4041567,0.41906071,-0.2684297,-0.89271808,-0.36193916,0
3.0674438,-1.8056028,-2.4203656,0.95784688,-0.28727323,-0.0018247366,0
-0.89841127,-3.4736147,0.82261944,-0.10234642,-0.34717214,0.9321999,0
2.2967198,-4.3851719,0.53773832,0.95784688,-0.28727323,-0.0018247366,0
4.2822766,2.1645052,0.039623976,0.95784688,-0.28727323,-0.0018247366,0
-3.3281417,0.90214193,-0.70848107,-0.95784688,0.28727323,0.0018247366,0
-4.1170306,-1.4716418,-2.9950047,-0.95784688,0.28727323,0.0018247366,0
-0.2839033,-0.64023328,-2.385885,0.10234642,0.34717214,-0.9321999,0
-0.10377574,2.8058972,2.9841571,0.2684297,0.89271808,0.36193916,0
2.5427461,2.6133909,1.2314475,0.2684297,0.89271808,0.36193916,0
-1.3218501,-1.3107188,1.5808458,-0.10234642,-0.34717214,0.9321999,0
2.5794032,3.1785247,0.11510444,0.2684297,0.89271808,0.36193916,0
0.27198631,-0.96617508,-2.4852519,0.10234642,0.34717214,-0.9321999,0
-2.9789195,-1.2800088,1.2503072,-0.10234642,-0.34717214,0.9321999,0
-0.89763522,-2.5191894,-2.5350628,-0.2684297,-0.89271808,-0.36193916,0
2.6478281,-3.3320398,-0.36479044,0.95784688,-0.28727323,-0.0018247366,0
-4.3206053,-2.0213146,-0.48737025,-0.95784688,0.28727323,0.0018247366,0
-0.96171618,-2.6622438,-2.3491507,-0.2684297,-0.89271808,-0.36193916,0
-2.6059582,-1.4272041,-2.9618926,0.10234642,0.34717214,-0.9321999,0
0.29411197,2.2771876,-1.2215673,0.10234642,0.34717214,-0.9321999,0
-3.0600095,0.65440726,2.1223214,-0.10234642,-0.34717214,0.9321999,0
-0.40046668,3.0881882,2.3482232,0.2684297,0.89271808,0.36193916,0
-3.3947701,0.95488936,-0.4808135,-0.95784688,0.28727323,0.0018247366,0
-1.5090148,-3.5385861,0.070558667,-0.2684297,-0.89271808,-0.36193916,0
3.734489,0.34769666,1.2158256,0.95784688,-0.28727323,-0.0018247366,0
4.154242,2.594214,-0.76383078,0.10234642,0.34717214,-0.9321999,0
1.4426339,3.5005722,0.014200687,0.2684297,0.89271808,0.36193916,0
-0.26679456,-1.6620116,1.5061113,-0.10234642,-0.34717214,0.9321999,0
3.5594912,-0.12728941,0.12559676,0.95784688,-0.28727323,-0.0018247366,0
3.1722481,-1.4143544,1.9502876,0.95784688,-0.28727323,-0.0018247366,0
3.4890409,-0.50954866,-1.3443568,0.95784688,-0.28727323,-0.0018247366,0
0.9041037,0.51012897,2.3952584,-0.10234642,-0.34717214,0.9321999,0
1.8801444,3.4842286,-0.10283518,0.2684297,0.89271808,0.36193916,0
0.97706342,-4.3674927,0.59649706,-0.2684297,-0.89271808,-0.36193916,0
-2.3514001,4.0929046,0.39258051,-0.95784688,0.28727323,0.0018247366,0
-1.9863858,-2.9865479,-0.84857339,-0.2684297,-0.89271808,-0.36193916,0
0.18268256,-0.56944752,-2.31144,0.10234642,0.34717214,-0.9321999,0
3.9688902,1.4430288,3.1204202,0.2684297,0.89271808,0.36193916,0
-3.6131744,0.27010834,-1.1316519,-0.95784688,0.28727323,0.0018247366,0
3.2519062,-1.5974379,-1.1818247,0.95784688,-0.28727323,-0.0018247366,0
0.62354159,2.6828756,-1.1268203,0.10234642,0.34717214,-0.9321999,0
-1.5018091,-2.3187587,1.1650535,-0.10234642,-0.34717214,0.9321999,0
3.2600772,-1.569223,1.9184983,0.95784688,-0.28727323,-0.0018247366,0
-3.0422845,-2.5414944,-1.1516432,-0.2684297,-0.89271808,-0.36193916,0
0.79420042,-4.2377882,0.64709139,-0.10234642,-0.34717214,0.9321999,0
-2.2137995,3.1408811,-1.2442088,0.10234642,0.34717214,-0.9321999,0
-2.7972369,3.0159724,1.0427356,-0.95784688,0.28727323,0.0018247366,0
-3.1613319,1.4901102,1.3846698,-0.95784688,0.28727323,0.0018247366,0
-3.0559125,2.2687235,-0.78944182,-0.95784688,0.28727323,0.0018247366,0
-1.5769254,3.216578,2.6974747,0.2684297,0.89271808,0.36193916,0
-0.098770618,2.7255373,3.0012064,0.2684297,0.89271808,0.36193916,0
-0.70227885,-3.9161425,0.42525887,-0.2684297,-0.89271808,-0.36193916,0
-3.1611066,1.6661243,2.4193888,-0.95784688,0.28727323,0.0018247366,0
-3.8406117,-1.9702083,-2.0677576,-0.2684297,-0.89271808,-0.36193916,0
-3.7964678,-2.3298738,-1.0690229,-0.2684297,-0.89271808,-0.36193916,0
-1.8328454,4.6354089,-0.37539768,0.2684297,0.89271808,0.36193916,0
-1.40914,-2.6676724,-1.8420149,-0.2684297,-0.89271808,-0.36193916,0
2.5735755,-3.05616,1.3264799,-0.10234642,-0.34717214,0.9321999,0
1.3286977,-4.1232557,-0.35286236,-0.2684297,-0.89271808,-0.36193916,0
0.48678577,-1.0049042,1.7312509,-0.10234642,-0.34717214,0.9321999,0
2.9920042,-2.4466228,-1.2287533,0.95784688,-0.28727323,-0.0018247366,0
-2.8561995,-2.0660253,-2.6994743,-0.2684297,-0.89271808,-0.36193916,0
-1.2605498,4.200067,0.12998295,0.2684297,0.89271808,0.36193916,0
-4.0918703,-1.5618364,-0.61379337,-0.95784688,0.28727323,0.0018247366,0
-2.7854834,3.1011014,-0.61246204,-0.95784688,0.28727323,0.0018247366,0
0.13016558,1.5569947,2.6334569,-0.10234642,-0.34717214,0.9321999,0
-1.9943049,-3.1226959,-0.73600054,-0.2684297,-0.89271808,-0.36193916,0
-0.47427392,-2.6023884,-3.1428564,-0.2684297,-0.89271808,-0.36193916,0
-3.7481899,-0.58604163,-2.4094045,-0.95784688,0.28727323,0.0018247366,0
3.5674553,-0.24884075,0.94573927,0.95784688,-0.28727323,-0.0018247366,0
-1.196137,1.3105109,2.5569224,-0.10234642,-0.34717214,0.9321999,0
3.820142,2.0693939,1.7586777,0.2684297,0.89271808,0.36193916,0
3.5404079,-0.70053858,0.79838133,0.95784688,-0.28727323,-0.0018247366,0
-2.6692634,0.1788218,2.0227547,-0.10234642,-0.34717214,0.9321999,0
0.23478961,-2.9428649,-2.8526177,-0.2684297,-0.89271808,-0.36193916,0
-2.7924438,3.0731533,0.67859221,-0.95784688,0.28727323,0.0018247366,0
4.0437851,1.2803786,2.3293266,0.95784688,-0.28727323,-0.0018247366,0
-3.5522602,-2.1780481,-1.8028716,-0.2684297,-0.89271808,-0.36193916,0
-0.47627163,4.0889688,-0.16395664,0.2684297,0.89271808,0.36193916,0
-0.01083684,3.4905016,-0.75882196,0.10234642,0.34717214,-0.9321999,0
-0.87527919,-2.9790223,-1.8885474,-0.2684297,-0.89271808,-0.36193916,0
-2.9524577,-2.0027289,-2.7363615,-0.2684297,-0.89271808,-0.36193916,0
4.2239575,1.8576452,2.0932183,0.2684297,0.89271808,0.36193916,0
2.5382965,-3.6609607,0.46260262,0.95784688,-0.28727323,-0.0018247366,0
-0.68255258,2.7218432,-1.160744,0.10234642,0.34717214,-0.9321999,0
-3.5816693,0.12055099,-0.034662724,-0.95784688,0.28727323,0.0018247366,0
-2.8710423,2.3178434,1.9546945,-0.95784688,0.28727323,0.0018247366,0
3.5172272,-0.48999631,0.59633279,0.95784688,-0.28727323,-0.0018247366,0
2.0420604,2.4311635,-0.99137855,0.10234642,0.34717214,-0.9321999,0
1.8552427,-4.0485401,-0.79945374,-0.2684297,-0.89271808,-0.36193916,0
-3.9051666,-0.81169426,-2.8184595,-0.95784688,0.28727323,0.0018247366,0
-2.4211533,-2.7509031,-1.2340105,-0.2684297,-0.89271808,-0.36193916,0
1.78811,-1.9643826,-2.6108007,0.10234642,0.34717214,-0.9321999,0
-3.6293273,-0.00038641691,-2.4325466,-0.95784688,0.28727323,0.0018247366,0
-1.9678653,-1.1102133,-2.8563888,0.10234642,0.34717214,-0.9321999,0
-3.7377281,0.023754776,-0.94370556,-0.95784688,0.28727323,0.0018247366,0
3.230732,-1.1395528,0.34881926,0.95784688,-0.28727323,-0.0018247366,0
-2.6279171,-3.1922431,0.16722031,-0.2684297,-0.89271808,-0.36193916,0
-0.30053568,2.9078908,2.8515534,0.2684297,0.89271808,0.36193916,0
4.1508865,2.9818738,-0.67754638,0.10234642,0.34717214,-0.9321999,0
3.7874825,0.47983503,0.074574709,0.95784688,-0.28727323,-0.0018247366,0
3.9328465,2.0822444,1.3506444,0.2684297,0.89271808,0.36193916,0
1.2016022,2.7380345,1.9736669,0.2684297,0.89271808,0.36193916,0
-1.6833403,4.3211555,-0.68277025,0.10234642,0.34717214,-0.9321999,0
2.3817167,-3.4439168,-2.8804293,-0.2684297,-0.89271808,-0.36193916,0
1.448432,-0.021336913,2.1970403,-0.10234642,-0.34717214,0.9321999,0
1.2433051,0.15700483,-1.9538089,0.10234642,0.34717214,-0.9321999,0
-1.762078,-2.9623427,-0.93805575,-0.2684297,-0.89271808,-0.36193916,0
3.3607864,-0.79059142,0.26457453,0.95784688,-0.28727323,-0.0018247366,0
-2.6165867,-3.1335769,0.72080398,-0.10234642,-0.34717214,0.9321999,0
0.72423112,-2.1192536,1.4148067,-0.10234642,-0.34717214,0.9321999,0
-1.09217,3.9641035,-0.81119609,0.10234642,0.34717214,-0.9321999,0
-0.62628293,3.5149732,1.4079809,0.2684297,0.89271808,0.36193916,0
2.5323348,-3.5260212,0.24918699,0.95784688,-0.28727323,-0.0018247366,0
-2.4889371,-1.625556,-2.930033,0.10234642,0.34717214,-0.9321999,0
-1.7067177,1.9553366,2.6649365,-0.10234642,-0.34717214,0.9321999,0
-0.81294036,-3.2854218,0.8186065,-0.10234642,-0.34717214,0.9321999,0
0.72635388,3.2498488,1.167243,0.2684297,0.89271808,0.36193916,0
3.3663273,2.2225263,-0.96669167,0.10234642,0.34717214,-0.9321999,0
-3.3340547,-0.35293251,-2.6924438,0.10234642,0.34717214,-0.9321999,0
2.0276098,-0.97757554,-2.3746521,0.10234642,0.34717214,-0.9321999,0
-0.89218342,1.3872529,-1.7895815,0.10234642,0.34717214,-0.9321999,0
-2.2229788,0.13010359,1.8678961,-0.10234642,-0.34717214,0.9321999,0
1.555038,-4.6932983,0.61147261,-0.10234642,-0.34717214,0.9321999,0
-0.78143692,-3.363723,-0.90075219,-0.2684297,-0.89271808,-0.36193916,0
-3.54668,-2.6800377,-0.6260497,-0.2684297,-0.89271808,-0.36193916,0
1.0287633,-3.7586353,-1.0602121,-0.2684297,-0.89271808,-0.36193916,0
4.1920571,1.6951376,1.1581678,0.95784688,-0.28727323,-0.0018247366,0
3.9922287,1.2349524,1.378703,0.95784688,-0.28727323,-0.0018247366,0
2.758955,-1.237654,-2.2737234,0.10234642,0.34717214,-0.9321999,0
-0.75186729,2.9463186,2.8901579,0.2684297,0.89271808,0.36193916,0
-3.4754782,0.65225494,0.36008263,-0.95784688,0.28727323,0.0018247366,0
-0.95261419,0.24500895,2.0737307,-0.10234642,-0.34717214,0.9321999,0
2.8542631,2.6766233,-0.83129275,0.10234642,0.34717214,-0.9321999,0
3.4193428,-1.0108976,-1.2033238,0.95784688,-0.28727323,-0.0018247366,0
2.6015899,-3.7866611,0.14612246,0.95784688,-0.28727323,-0.0018247366,0
0.20894194,3.8634465,-0.26733422,0.2684297,0.89271808,0.36193916,0
-1.7824833,3.4667206,2.6096332,0.2684297,0.89271808,0.36193916,0
3.0005527,-2.3650079,-1.593313,0.95784688,-0.28727323,-0.0018247366,0
-1.457808,2.0983253,2.7137721,-0.10234642,-0.34717214,0.9321999,0
-0.65514421,3.8656752,0.43898344,0.2684297,0.89271808,0.36193916,0
1.5489266,-3.0935912,-3.2236185,-0.2684297,-0.89271808,-0.36193916,0
-2.0064697,1.2800611,-1.9313523,0.10234642,0.34717214,-0.9321999,0
-1.4259782,4.6186838,-0.58952045,0.10234642,0.34717214,-0.9321999,0
4.0112748,1.1246934,0.14417267,0.95784688,-0.28727323,-0.0018247366,0
2.6491108,-0.24948537,2.424439,-0.10234642,-0.34717214,0.9321999,0
0.54115963,2.6089416,2.9150512,0.2684297,0.89271808,0.36193916,0
-3.4972124,0.67015105,-2.2683861,-0.95784688,0.28727323,0.0018247366,0
-0.46297288,2.939002,2.559731,0.2684297,0.89271808,0.36193916,0
-0.54550004,-3.8421042,0.69933653,-0.10234642,-0.34717214,0.9321999,0
0.58187705,-0.82035351,1.9197923,-0.10234642,-0.34717214,0.9321999,0
0.62258792,3.4151564,0.70784712,0.2684297,0.89271808,0.36193916,0
-2.2470703,4.630765,-0.05372858,-0.95784688,0.28727323,0.0018247366,0
-3.9176929,-1.2052011,-1.19332,-0.95784688,0.28727323,0.0018247366,0
2.2465363,-4.6216207,0.24802446,-0.2684297,-0.89271808,-0.36193916,0
-3.3802953,0.71672755,-1.2415164,-0.95784688,0.28727323,0.0018247366,0
-2.8561084,2.8792243,-0.74931765,-0.95784688,0.28727323,0.0018247366,0
-2.4267745,4.2280035,0.020887852,-0.95784688,0.28727323,0.0018247366,0
2.4894776,-4.014926,-1.4824533,0.95784688,-0.28727323,-0.0018247366,0
0.85646296,0.75944424,2.5444808,-0.10234642,-0.34717214,0.9321999,0
2.1665606,-1.0387156,-2.2522182,0.10234642,0.34717214,-0.9321999,0
0.16070747,3.2011499,1.4539536,0.2684297,0.89271808,0.36193916,0
0.077035666,2.0952282,2.8649762,-0.10234642,-0.34717214,0.9321999,0
-2.1714582,-1.8708844,-3.121654,0.10234642,0.34717214,-0.9321999,0
3.3996177,-0.60621047,0.41232729,0.95784688,-0.28727323,-0.0018247366,0
0.71782136,2.7886949,2.4328535,0.2684297,0.89271808,0.36193916,0
2.1693902,1.5836012,2.8787823,-0.10234642,-0.34717214,0.9321999,0
3.1879361,-1.6534123,-0.31597733,0.95784688,-0.28727323,-0.0018247366,0
0.17925429,-3.8576078,-0.39346123,-0.2684297,-0.89271808,-0.36193916,0
-2.5834336,3.6451521,1.2877555,-0.95784688,0.28727323,0.0018247366,0
-3.2564592,-2.3852704,-1.4973817,-0.2684297,-0.89271808,-0.36193916,0
-2.4845111,3.109324,-1.2352481,0.10234642,0.34717214,-0.9321999,0
4.1856012,1.8423502,1.1551462,0.95784688,-0.28727323,-0.0018247366,0
3.965683,1.3409519,-0.85273564,0.95784688,-0.28727323,-0.0018247366,0
-4.1834025,-1.8261795,1.0719103,-0.10234642,-0.34717214,0.9321999,0
-3.424201,0.96517825,1.9066327,-0.95784688,0.28727323,0.0018247366,0
-3.8435855,-0.68142343,1.2286088,-0.95784688,0.28727323,0.0018247366,0
-3.875555,-0.57105231,-0.54623342,-0.95784688,0.28727323,0.0018247366,0
3.1420541,-1.4366887,-2.0789638,0.95784688,-0.28727323,-0.0018247366,0
-3.6089842,0.42697054,-1.0931139,-0.95784688,0.28727323,0.0018247366,0
1.7698343,0.96863842,2.6859956,-0.10234642,-0.34717214,0.9321999,0
2.0788369,-2.2868395,-2.6804426,0.10234642,0.34717214,-0.9321999,0
1.6637971,2.1848111,-1.2279521,0.10234642,0.34717214,-0.9321999,0
-1.5670254,-3.452234,0.20728791,-0.2684297,-0.89271808,-0.36193916,0
3.4753094,-0.27176726,0.83447981,0.95784688,-0.28727323,-0.0018247366,0
1.2358673,-4.5566807,0.43738031,-0.2684297,-0.89271808,-0.36193916,0
0.036739826,1.558567,2.6892848,-0.10234642,-0.34717214,0.9321999,0
-1.4972529,4.0814586,0.7676456,0.2684297,0.89271808,0.36193916,0
-2.1344438,1.2996309,2.412591,-0.10234642,-0.34717214,0.9321999,0
-3.3295164,1.3663994,0.29189658,-0.95784688,0.28727323,0.0018247366,0
-1.8927691,4.3929367,0.48035383,0.2684297,0.89271808,0.36193916,0
2.6680393,-3.2881804,-2.1501937,0.95784688,-0.28727323,-0.0018247366,0
3.3882439,2.2470841,1.430675,0.2684297,0.89271808,0.36193916,0
-2.7055669,3.4619017,0.80862808,-0.95784688,0.28727323,0.0018247366,0
-3.4845965,0.55516243,0.41087246,-0.95784688,0.28727323,0.0018247366,0
-3.4235547,0.97630358,1.2532315,-0.95784688,0.28727323,0.0018247366,0
-0.70391226,3.3030543,2.1538911,0.2684297,0.89271808,0.36193916,0
3.2699897,-1.3557365,-0.35637236,0.95784688,-0.28727323,-0.0018247366,0
-0.8392911,-2.5119796,-2.9491234,-0.2684297,-0.89271808,-0.36193916,0
2.3285668,-4.3876257,0.47809839,0.95784688,-0.28727323,-0.0018247366,0
-3.9441514,-0.96633255,-2.9226983,-0.95784688,0.28727323,0.0018247366,0
-2.5524197,-2.8502049,-0.59502202,-0.2684297,-0.89271808,-0.36193916,0
-3.4902778,-2.5929842,-0.90841854,-0.2684297,-0.89271808,-0.36193916,0
2.7756343,2.4625664,1.3706071,0.2684297,0.89271808,0.36193916,0
0.87743211,3.6047399,0.21937406,0.2684297,0.89271808,0.36193916,0
1.4036313,2.5113502,2.2324798,0.2684297,0.89271808,0.36193916,0
3.7084637,-0.050131321,0.1728375,0.95784688,-0.28727323,-0.0018247366,0
2.4990082,-3.563231,-1.4476666,0.95784688,-0.28727323,-0.0018247366,0
1.5623294,2.3651142,2.5323122,0.2684297,0.89271808,0.36193916,0
1.6270918,0.54408765,2.5133295,-0.10234642,-0.34717214,0.9321999,0
2.4688747,2.5134192,1.4709125,0.2684297,0.89271808,0.36193916,0
-3.5593443,0.054923415,-0.54273844,-0.95784688,0.28727323,0.0018247366,0
3.3593102,0.7468574,2.8105724,-0.10234642,-0.34717214,0.9321999,0
4.1495361,2.8537955,-0.50368363,0.2684297,0.89271808,0.36193916,0
3.9742923,1.2363533,2.0889645,0.95784688,-0.28727323,-0.0018247366,0
0.92647338,-3.9833763,-0.69502521,-0.2684297,-0.89271808,-0.36193916,0
3.7234097,0.50606358,1.9189109,0.95784688,-0.28727323,-0.0018247366,0
2.1042175,-4.0182099,-1.4109521,-0.2684297,-0.89271808,-0.36193916,0
1.6123407,3.2672911,-0.78665972,0.10234642,0.34717214,-0.9321999,0
1.0347948,-3.3212771,-2.3965788,-0.2684297,-0.89271808,-0.36193916,0
0.61749172,3.6114073,0.17037487,0.2684297,0.89271808,0.36193916,0
3.4125371,-0.66666746,-1.5463738,0.95784688,-0.28727323,-0.0018247366,0
1.1992962,-3.5750918,-1.6889305,-0.2684297,-0.89271808,-0.36193916,0
3.7340045,2.8630793,-0.045524359,0.2684297,0.89271808,0.36193916,0
0.20718527,2.6303885,2.9357529,0.2684297,0.89271808,0.36193916,0
-2.9515784,2.1349816,0.033707619,-0.95784688,0.28727323,0.0018247366,0
-0.74014974,3.5102282,1.8042517,0.2684297,0.89271808,0.36193916,0
-2.8019845,2.9526997,1.2826934,-0.95784688,0.28727323,0.0018247366,0
-0.32288229,-0.045570612,2.0468321,-0.10234642,-0.34717214,0.9321999,0
3.9463601,1.7390912,2.4988251,0.2684297,0.89271808,0.36193916,0
2.0716202,-1.2652829,-2.3069901,0.10234642,0.34717214,-0.9321999,0
3.839637,0.54854512,0.20979881,0.95784688,-0.28727323,-0.0018247366,0
-1.4296136,-3.7572694,0.40272224,-0.2684297,-0.89271808,-0.36193916,0
0.57009339,2.5158195,3.2288806,0.2684297,0.89271808,0.36193916,0
0.11153984,-2.1867864,-2.9161775,0.10234642,0.34717214,-0.9321999,0
-1.685317,4.1395016,0.89025402,0.2684297,0.89271808,0.36193916,0
1.4590511,-0.070943356,-1.9878563,0.10234642,0.34717214,-0.9321999,0
-0.15975142,4.097168,-0.5869689,0.2684297,0.89271808,0.36193916,0
3.2625318,-1.0997756,-0.9565196,0.95784688,-0.28727323,-0.0018247366,0
-1.8966447,-1.2106031,-2.7072418,0.10234642,0.34717214,-0.9321999,0
-0.12061882,3.8573062,-0.66274619,0.10234642,0.34717214,-0.9321999,0
-3.4781871,0.33711559,-1.3307693,-0.95784688,0.28727323,0.0018247366,0
4.0032845,0.81732345,2.557096,0.95784688,-0.28727323,-0.0018247366,0
0.22448087,2.7060294,-1.1860038,0.10234642,0.34717214,-0.9321999,0
-3.8778512,-0.93999767,0.69706702,-0.95784688,0.28727323,0.0018247366,0
-3.4588354,0.64654589,0.724823,-0.95784688,0.28727323,0.0018247366,0
1.2591844,-4.0230546,-0.74886966,-0.2684297,-0.89271808,-0.36193916,0
-3.0635536,1.6834047,-1.7012181,-0.95784688,0.28727323,0.0018247366,0
1.7586333,0.31799304,2.4116018,-0.10234642,-0.34717214,0.9321999,0
-3.1447411,-1.8544046,-3.0123391,-0.2684297,-0.89271808,-0.36193916,0
0.27394748,-2.8391495,-2.8456769,-0.2684297,-0.89271808,-0.36193916,0
3.3606539,-0.78363252,-0.50619388,0.95784688,-0.28727323,-0.0018247366,0
1.0518836,-2.2336481,-2.9117422,0.10234642,0.34717214,-0.9321999,0
2.9213643,-2.2708476,1.5017726,0.95784688,-0.28727323,-0.0018247366,0
-2.1831384,-2.3016083,0.98786288,-0.10234642,-0.34717214,0.9321999,0
-1.0738347,-3.5653558,0.71785653,-0.10234642,-0.34717214,0.9321999,0
3.6085181,0.042798281,-0.21234393,0.95784688,-0.28727323,-0.0018247366,0
3.5780849,-0.32496428,-0.38353848,0.95784688,-0.28727323,-0.0018247366,0
-4.2642946,-2.3340406,-0.59934199,-0.2684297,-0.89271808,-0.36193916,0
-1.5917108,4.56004,-0.50100899,0.2684297,0.89271808,0.36193916,0
-0.02848053,3.0792778,1.9339669,0.2684297,0.89271808,0.36193916,0
-3.3599093,1.2633152,0.33486724,-0.95784688,0.28727323,0.0018247366,0
0.33495378,-2.7380252,-2.8982112,-0.2684297,-0.89271808,-0.36193916,0
-2.3916626,4.2002563,1.1336627,0.2684297,0.89271808,0.36193916,0
-1.2139724,-2.0054698,1.2806422,-0.10234642,-0.34717214,0.9321999,0
2.7172842,-2.8931549,0.92772007,0.95784688,-0.28727323,-0.0018247366,0
2.4228172,2.6073349,1.6132483,0.2684297,0.89271808,0.36193916,0
3.8913174,2.0481043,1.7680395,0.2684297,0.89271808,0.36193916,0
-1.8487775,4.4653406,0.24465418,0.2684297,0.89271808,0.36193916,0
-0.4145298,-2.9927993,-1.8553987,-0.2684297,-0.89271808,-0.36193916,0
0.60768628,3.2633333,-0.93201637,0.10234642,0.34717214,-0.9321999,0
-3.4893324,0.56407559,-0.24917006,-0.95784688,0.28727323,0.0018247366,0
-3.4759176,-2.2454162,0.96909094,-0.10234642,-0.34717214,0.9321999,0
2.8245776,-1.0878403,2.0453966,-0.10234642,-0.34717214,0.9321999,0
-2.5668852,3.3024673,-1.0569925,-0.95784688,0.28727323,0.0018247366,0
2.3879387,-0.3418231,-2.0613685,0.10234642,0.34717214,-0.9321999,0
0.7402029,3.4509306,0.39731896,0.2684297,0.89271808,0.36193916,0
2.0084164,-0.93053496,1.9330815,-0.10234642,-0.34717214,0.9321999,0
-1.7007222,4.2873373,0.27583218,0.2684297,0.89271808,0.36193916,0
-0.29664516,2.5160651,2.9590571,-0.10234642,-0.34717214,0.9321999,0
-1.9075016,-1.2409492,1.3698218,-0.10234642,-0.34717214,0.9321999,0
3.5219026,-0.62788582,1.5066292,0.95784688,-0.28727323,-0.0018247366,0
-0.27422333,3.8324101,0.64981341,0.2684297,0.89271808,0.36193916,0
-3.5261707,0.70708036,0.56485438,-0.95784688,0.28727323,0.0018247366,0
-2.4721391,4.194396,-0.67928839,-0.95784688,0.28727323,0.0018247366,0
-4.1103773,-1.5025127,-1.2481215,-0.95784688,0.28727323,0.0018247366,0
4.5026932,2.5730822,-0.20347893,0.95784688,-0.28727323,-0.0018247366,0
-3.2550349,1.4946597,-1.0271981,-0.95784688,0.28727323,0.0018247366,0
2.1422963,0.79166961,2.6417239,-0.10234642,-0.34717214,0.9321999,0
-0.91489339,-3.0947075,-1.5331225,-0.2684297,-0.89271808,-0.36193916,0
1.7753048,3.5062957,-0.13176274,0.2684297,0.89271808,0.36193916,0
1.004801,0.84137928,2.6117911,-0.10234642,-0.34717214,0.9321999,0
3.191762,-1.8155828,-0.42469215,0.95784688,-0.28727323,-0.0018247366,0
2.101562,1.6822891,-1.2328598,0.10234642,0.34717214,-0.9321999,0
-2.6587183,3.4317358,0.85498142,-0.95784688,0.28727323,0.0018247366,0
-1.3465122,-2.7639642,-1.731809,-0.2684297,-0.89271808,-0.36193916,0
1.7662847,-3.8217332,-1.3217969,-0.2684297,-0.89271808,-0.36193916,0
2.281743,-3.5571389,-2.649503,-0.2684297,-0.89271808,-0.36193916,0
-3.9315355,-2.1609499,-1.6902411,-0.2684297,-0.89271808,-0.36193916,0
2.3966818,-4.3543363,-0.57272291,0.95784688,-0.28727323,-0.0018247366,0
-1.8974983,2.96382,-1.257313,0.10234642,0.34717214,-0.9321999,0
2.5640805,1.969672,-1.0837773,0.10234642,0.34717214,-0.9321999,0
3.4868832,-0.47207865,1.1861193,0.95784688,-0.28727323,-0.0018247366,0
1.0564786,-2.4605641,1.3063648,-0.10234642,-0.34717214,0.9321999,0
0.51391482,-1.4973633,1.7506211,-0.10234642,-0.34717214,0.9321999,0
-2.3740857,4.2958579,-0.85096359,-0.95784688,0.28727323,0.0018247366,0
3.9927356,0.79607272,-0.36212897,0.95784688,-0.28727323,-0.0018247366,0
-4.2490249,-2.061399,-0.68308139,-0.95784688,0.28727323,0.0018247366,0
1.9819465,-3.4069774,1.090698,-0.10234642,-0.34717214,0.9321999,0
1.947734,2.7345002,1.452009,0.2684297,0.89271808,0.36193916,0
-2.725091,2.8690147,0.98933244,-0.95784688,0.28727323,0.0018247366,0
-3.6283126,-0.011800051,-0.29034424,-0.95784688,0.28727323,0.0018247366,0
0.82330489,-2.1068428,1.4336352,-0.10234642,-0.34717214,0.9321999,0
3.3632064,2.1943352,-1.0602907,0.10234642,0.34717214,-0.9321999,0
3.5948701,1.9804945,-1.059399,0.10234642,0.34717214,-0.9321999,0
-1.96474,4.6920323,-0.57188368,0.10234642,0.34717214,-0.9321999,0
3.9621701,0.77455431,2.0087316,0.95784688,-0.28727323,-0.0018247366,0
-1.8126976,1.2814295,2.4775014,-0.10234642,-0.34717214,0.9321999,0
3.176383,-1.5863318,-0.29150772,0.95784688,-0.28727323,-0.0018247366,0
-2.7993093,2.7699006,-0.066216469,-0.95784688,0.28727323,0.0018247366,0
0.058765411,-2.2244558,1.4183525,-0.10234642,-0.34717214,0.9321999,0
-2.18097,0.84368873,-2.0863764,0.10234642,0.34717214,-0.9321999,0
-2.477072,-1.2618104,-2.9000978,0.10234642,0.34717214,-0.9321999,0
-0.92636591,0.84890413,-1.961639,0.10234642,0.34717214,-0.9321999,0
-2.6482763,2.3156016,-1.5131044,0.10234642,0.34717214,-0.9321999,0
2.7641361,-2.9534643,-0.58140421,0.95784688,-0.28727323,-0.0018247366,0
3.2317014,-1.294206,1.5183306,0.95784688,-0.28727323,-0.0018247366,0
-2.6715202,3.0294633,0.46253109,-0.95784688,0.28727323,0.0018247366,0
4.2929626,2.0098763,0.47271907,0.95784688,-0.28727323,-0.0018247366,0
-0.4618845,4.1334863,-0.088794708,0.2684297,0.89271808,0.36193916,0
-2.643223,-3.0216694,0.82403481,-0.10234642,-0.34717214,0.9321999,0
-3.9813571,-1.2127509,-1.2116095,-0.95784688,0.28727323,0.0018247366,0
2.8914213,-2.2510908,-0.53075314,0.95784688,-0.28727323,-0.0018247366,0
3.2306099,-1.6233187,-2.2139769,0.95784688,-0.28727323,-0.0018247366,0
4.0580149,2.5933876,0.36659241,0.2684297,0.89271808,0.36193916,0
0.87273073,-4.0465736,-0.060520172,-0.2684297,-0.89271808,-0.36193916,0
3.2757573,2.8160663,0.19014323,0.2684297,0.89271808,0.36193916,0
1.8023114,3.2228317,0.38578564,0.2684297,0.89271808,0.36193916,0
-2.5124934,-1.7208929,1.3331563,-0.10234642,-0.34717214,0.9321999,0
-1.8061843,4.1206932,0.78598452,0.2684297,0.89271808,0.36193916,0
0.88134122,-4.1129994,0.03800416,-0.2684297,-0.89271808,-0.36193916,0
-0.57339382,2.3892174,-1.4213641,0.10234642,0.34717214,-0.9321999,0
