0.92999476,-2.1011314,-4.3042116,-0.26638842,0.32591453,-0.90709257,0
-2.8374305,-0.27786314,3.5762744,-0.80121565,0.44827735,0.39635944,0
2.6717286,-3.0651264,-0.18028152,0.80121565,-0.44827735,-0.39635944,0
-2.0137649,0.67590362,4.1235452,-0.80121565,0.44827735,0.39635944,0
-3.1804328,-0.11677897,2.3789113,-0.80121565,0.44827735,0.39635944,0
0.64885426,-2.8679295,0.052521437,-0.53580838,-0.83236235,-0.14171195,0
3.1171165,0.0095314384,2.0384526,0.53580838,0.83236235,0.14171195,0
0.90703988,-1.524961,2.5679367,0.26638842,-0.32591453,0.90709257,0
-3.2194028,-0.092967868,-0.88078237,-0.53580838,-0.83236235,-0.14171195,0
0.92709589,1.5007653,1.8719459,0.53580838,0.83236235,0.14171195,0
-0.7781536,2.2429361,3.4087198,0.53580838,0.83236235,0.14171195,0
-3.0210876,0.10904086,2.6219711,-0.80121565,0.44827735,0.39635944,0
-1.9985086,3.6230211,-0.30286419,0.53580838,0.83236235,0.14171195,0
-2.3821831,0.34131694,3.5011208,-0.80121565,0.44827735,0.39635944,0
4.0109978,0.013685107,-0.7120719,0.80121565,-0.44827735,-0.39635944,0
2.4308875,-1.8003871,-1.8468455,0.80121565,-0.44827735,-0.39635944,0
-3.5789001,1.4902259,0.10086489,-0.80121565,0.44827735,0.39635944,0
2.1431017,-3.5166306,-0.74460864,0.80121565,-0.44827735,-0.39635944,0
-1.9109399,3.3226197,1.1298516,-0.80121565,0.44827735,0.39635944,0
-1.3824039,2.972816,1.2216333,0.53580838,0.83236235,0.14171195,0
1.4989176,1.2523249,-3.3098788,-0.26638842,0.32591453,-0.90709257,0
-2.1838844,2.1079712,1.9468896,-0.80121565,0.44827735,0.39635944,0
4.0045934,-0.096946716,-0.81030917,0.80121565,-0.44827735,-0.39635944,0
-1.8462583,-0.87618756,-2.1258059,-0.53580838,-0.83236235,-0.14171195,0
0.018167734,2.2947679,-2.4780183,-0.26638842,0.32591453,-0.90709257,0
1.6185285,1.5130605,-0.36259997,0.53580838,0.83236235,0.14171195,0
1.4433427,0.97756338,2.5247712,0.53580838,0.83236235,0.14171195,0
-1.3362325,3.1389213,1.0132215,0.53580838,0.83236235,0.14171195,0
-1.0724961,-1.2045633,-3.2430084,-0.53580838,-0.83236235,-0.14171195,0
-0.63028383,2.9404931,-2.1215837,-0.26638842,0.32591453,-0.90709257,0
-0.37729955,-2.4289079,1.4718308,-0.53580838,-0.83236235,-0.14171195,0
2.0752518,-2.3516543,-1.9948549,0.80121565,-0.44827735,-0.39635944,0
-2.578023,3.5637348,-0.35946357,-0.80121565,0.44827735,0.39635944,0
-2.8819766,2.5027924,0.39583015,-0.80121565,0.44827735,0.39635944,0
-2.3907919,3.0539591,-1.419307,-0.26638842,0.32591453,-0.90709257,0
2.6947656,-2.8761184,-0.048214555,0.80121565,-0.44827735,-0.39635944,0
2.7861676,1.246783,-3.4402907,0.53580838,0.83236235,0.14171195,0
2.7643914,-2.6524103,-0.27118158,0.80121565,-0.44827735,-0.39635944,0
-1.9850552,-1.5245141,2.0575161,-0.53580838,-0.83236235,-0.14171195,0
-2.786622,1.4017456,1.594188,-0.80121565,0.44827735,0.39635944,0
2.1069086,-2.122911,1.8288394,0.26638842,-0.32591453,0.90709257,0
0.57400882,-2.6614475,-0.52405298,-0.53580838,-0.83236235,-0.14171195,0
-0.559798,3.0360918,-1.6966776,0.53580838,0.83236235,0.14171195,0
1.8316643,-2.695359,-2.1150904,0.80121565,-0.44827735,-0.39635944,0
-3.2732978,2.6817703,-1.3442492,-0.26638842,0.32591453,-0.90709257,0
3.9567957,-1.0534655,0.41863513,0.80121565,-0.44827735,-0.39635944,0
1.0286553,0.29758835,-3.4440246,-0.26638842,0.32591453,-0.90709257,0
3.3671217,-0.11596429,-2.0022807,0.80121565,-0.44827735,-0.39635944,0
-0.57611549,-0.81608766,3.2571321,0.26638842,-0.32591453,0.90709257,0
1.7388469,1.8647196,-3.1597099,0.53580838,0.83236235,0.14171195,0
1.9822403,-3.7793443,0.15558803,-0.53580838,-0.83236235,-0.14171195,0
-0.61392093,-2.1623874,0.9090848,-0.53580838,-0.83236235,-0.14171195,0
1.6859877,-1.9280955,-3.067028,0.80121565,-0.44827735,-0.39635944,0
0.31120041,-2.2995837,-2.3367388,-0.53580838,-0.83236235,-0.14171195,0
1.4296533,-2.9156251,-2.2397573,-0.53580838,-0.83236235,-0.14171195,0
-1.5667102,-1.0714439,-1.5773301,-0.53580838,-0.83236235,-0.14171195,0
0.061221838,1.7867881,-2.6919436,-0.26638842,0.32591453,-0.90709257,0
1.4010346,-2.1213312,-3.4901671,0.80121565,-0.44827735,-0.39635944,0
-4.01651,1.618248,-1.5302615,-0.26638842,0.32591453,-0.90709257,0
-2.4013748,0.95410454,2.6833739,-0.80121565,0.44827735,0.39635944,0
0.54091012,0.97127503,-3.0481336,-0.26638842,0.32591453,-0.90709257,0
-0.85156786,0.94609112,3.9992881,0.26638842,-0.32591453,0.90709257,0
-3.6485837,0.14166582,1.1269109,-0.80121565,0.44827735,0.39635944,0
1.3897854,1.6761918,-0.2948401,0.53580838,0.83236235,0.14171195,0
0.22661543,0.66837591,-3.1740282,-0.26638842,0.32591453,-0.90709257,0
-1.2024536,1.0147412,-2.5380459,-0.26638842,0.32591453,-0.90709257,0
-3.1934741,-0.49420094,2.8106418,-0.80121565,0.44827735,0.39635944,0
-0.1905362,2.2304511,2.0450454,0.53580838,0.83236235,0.14171195,0
-3.3913763,0.64882618,1.1013939,-0.80121565,0.44827735,0.39635944,0
-3.4903398,0.11266428,-1.7103525,-0.53580838,-0.83236235,-0.14171195,0
-0.28228307,-2.424221,1.2401628,-0.53580838,-0.83236235,-0.14171195,0
0.5984813,2.009326,-0.65159905,0.53580838,0.83236235,0.14171195,0
3.9483657,-0.24570763,-0.47560549,0.80121565,-0.44827735,-0.39635944,0
-3.8857617,0.99563831,-0.1930356,-0.80121565,0.44827735,0.39635944,0
-1.176596,-1.5325342,-0.34991804,-0.53580838,-0.83236235,-0.14171195,0
-1.6184422,-1.7325841,2.2841783,-0.53580838,-0.83236235,-0.14171195,0
-2.4629772,1.6541518,2.021821,-0.80121565,0.44827735,0.39635944,0
-0.30607927,-1.5961823,-3.878592,-0.26638842,0.32591453,-0.90709257,0
-1.4924281,3.5050156,-1.2688384,0.53580838,0.83236235,0.14171195,0
-3.1618626,-0.52557218,1.2681711,-0.53580838,-0.83236235,-0.14171195,0
-0.29561782,-2.5138519,1.725064,-0.53580838,-0.83236235,-0.14171195,0
0.70313847,1.6087546,2.1683433,0.53580838,0.83236235,0.14171195,0
2.4327664,0.73114181,1.1171497,0.53580838,0.83236235,0.14171195,0
2.9838769,-1.8705466,-0.59542704,0.80121565,-0.44827735,-0.39635944,0
1.1526911,-3.3580959,1.7911053,-0.53580838,-0.83236235,-0.14171195,0
-1.7169819,2.3370588,2.6322546,-0.80121565,0.44827735,0.39635944,0
2.2858934,1.2111579,-3.5143135,-0.26638842,0.32591453,-0.90709257,0
-1.3322637,-0.16600254,-3.0220768,-0.26638842,0.32591453,-0.90709257,0
-2.6067033,4.1300216,-1.0687532,-0.80121565,0.44827735,0.39635944,0
0.24797964,-0.90450335,2.8291173,0.26638842,-0.32591453,0.90709257,0
1.391308,-3.2635763,0.0080441236,-0.53580838,-0.83236235,-0.14171195,0
2.4913447,-2.6146982,-0.81232631,0.80121565,-0.44827735,-0.39635944,0
2.9482889,-0.27602839,-2.7846525,0.80121565,-0.44827735,-0.39635944,0
1.0020609,-2.5791564,-2.7970214,-0.53580838,-0.83236235,-0.14171195,0
1.4746151,-0.89722371,-4.154768,-0.26638842,0.32591453,-0.90709257,0
1.9686937,-0.029437661,-3.8571706,-0.26638842,0.32591453,-0.90709257,0
2.5835505,-0.13495995,2.4507751,0.26638842,-0.32591453,0.90709257,0
-2.6065652,1.854048,-1.8615613,-0.26638842,0.32591453,-0.90709257,0
2.4147882,-0.4535225,-3.6666656,0.80121565,-0.44827735,-0.39635944,0
1.2661655,-1.1913773,2.4645126,0.26638842,-0.32591453,0.90709257,0
-3.2519498,2.3782213,-0.62477612,-0.80121565,0.44827735,0.39635944,0
2.0248086,-3.8238297,0.10153246,-0.53580838,-0.83236235,-0.14171195,0
-2.5442612,-1.2667444,2.9072337,-0.53580838,-0.83236235,-0.14171195,0
2.5153363,-3.7307303,1.1230814,0.26638842,-0.32591453,0.90709257,0
-2.0842319,-0.63076109,-2.7681928,-0.53580838,-0.83236235,-0.14171195,0
3.209265,-0.22678503,2.371794,0.26638842,-0.32591453,0.90709257,0
-2.4006195,-1.3092003,3.4435391,0.26638842,-0.32591453,0.90709257,0
2.8132203,0.49698412,-3.7889075,0.80121565,-0.44827735,-0.39635944,0
-0.41628456,-2.106086,0.01071021,-0.53580838,-0.83236235,-0.14171195,0
2.996074,0.29238647,0.59775448,0.53580838,0.83236235,0.14171195,0
0.95203876,-0.85910523,2.6785343,0.26638842,-0.32591453,0.90709257,0
1.0070375,-0.16044813,-3.7143946,-0.26638842,0.32591453,-0.90709257,0
-0.53298187,1.7510734,3.9992185,0.26638842,-0.32591453,0.90709257,0
0.19769847,2.2142911,0.80070674,0.53580838,0.83236235,0.14171195,0
-4.3528414,0.43362164,-0.78590906,-0.53580838,-0.83236235,-0.14171195,0
-2.7592764,-0.33817279,-1.7584782,-0.53580838,-0.83236235,-0.14171195,0
-1.1934197,-2.0487599,1.8598413,-0.53580838,-0.83236235,-0.14171195,0
-3.9833868,0.56405449,0.05237627,-0.80121565,0.44827735,0.39635944,0
-1.6759033,2.1405985,3.0906482,-0.80121565,0.44827735,0.39635944,0
-0.67276764,0.56626236,3.6794109,0.26638842,-0.32591453,0.90709257,0
2.0420208,-3.2890429,-0.98826039,0.80121565,-0.44827735,-0.39635944,0
2.1182609,-1.6512654,-2.7208686,0.80121565,-0.44827735,-0.39635944,0
-2.6221259,2.7696533,0.19913006,-0.80121565,0.44827735,0.39635944,0
-2.4993143,-1.3680003,3.5255187,0.26638842,-0.32591453,0.90709257,0
2.1808963,-2.672924,-1.6382201,0.80121565,-0.44827735,-0.39635944,0
-2.6473446,2.3238151,0.87338066,-0.80121565,0.44827735,0.39635944,0
-1.580308,3.7666447,-1.4713035,-0.26638842,0.32591453,-0.90709257,0
-4.0653553,1.17863,-1.6389351,-0.26638842,0.32591453,-0.90709257,0
-0.34683228,2.7377744,-2.1697891,-0.26638842,0.32591453,-0.90709257,0
2.7276855,0.81172979,-1.3794146,0.53580838,0.83236235,0.14171195,0
3.3892891,-2.7266796,0.86133945,0.80121565,-0.44827735,-0.39635944,0
-3.0182648,-1.0020407,3.6164351,-0.80121565,0.44827735,0.39635944,0
0.87008202,-2.8451207,-0.99085158,-0.53580838,-0.83236235,-0.14171195,0
-1.717283,-0.81578028,-2.31791,-0.53580838,-0.83236235,-0.14171195,0
-0.045904756,-1.1523768,-3.793623,-0.26638842,0.32591453,-0.90709257,0
2.5887752,0.21211982,2.4756825,0.53580838,0.83236235,0.14171195,0
2.147454,0.22284627,-3.8412814,-0.26638842,0.32591453,-0.90709257,0
-3.7839022,0.71223319,0.34820914,-0.80121565,0.44827735,0.39635944,0
-2.1174536,-0.6928975,-2.2718334,-0.53580838,-0.83236235,-0.14171195,0
0.092242479,-1.6659105,2.7624731,0.26638842,-0.32591453,0.90709257,0
1.4377209,-3.1930828,-1.4103884,-0.53580838,-0.83236235,-0.14171195,0
3.8079243,-0.76846731,-0.49793696,0.80121565,-0.44827735,-0.39635944,0
2.9520092,-2.5237191,0.14601219,0.80121565,-0.44827735,-0.39635944,0
-2.7023363,-1.0788732,2.6313679,-0.53580838,-0.83236235,-0.14171195,0
2.3615215,-1.170591,-2.5406754,0.80121565,-0.44827735,-0.39635944,0
1.2164421,-1.5643314,2.4312088,0.26638842,-0.32591453,0.90709257,0
2.3172266,0.84472227,-3.6451304,-0.26638842,0.32591453,-0.90709257,0
0.51713181,-2.0250747,-4.0582728,-0.53580838,-0.83236235,-0.14171195,0
-2.7483368,1.1359553,1.7801206,-0.80121565,0.44827735,0.39635944,0
-3.648344,1.8625622,-0.64296007,-0.80121565,0.44827735,0.39635944,0
-1.753749,3.3140929,0.59901834,0.53580838,0.83236235,0.14171195,0
4.2386012,-0.84747815,0.72508931,0.80121565,-0.44827735,-0.39635944,0
0.19383502,2.3850477,-0.87315786,0.53580838,0.83236235,0.14171195,0
-0.86603808,2.9246929,-0.48079681,0.53580838,0.83236235,0.14171195,0
2.4029956,-3.9700739,1.1167842,0.26638842,-0.32591453,0.90709257,0
4.4760699,-0.91593534,1.7101252,0.26638842,-0.32591453,0.90709257,0
-2.4927611,-1.3323326,3.6030195,0.26638842,-0.32591453,0.90709257,0
2.3658495,0.0084122419,-3.8058555,0.80121565,-0.44827735,-0.39635944,0
1.6162169,-1.651684,-3.8313193,0.80121565,-0.44827735,-0.39635944,0
1.024507,1.0827801,-3.1800442,-0.26638842,0.32591453,-0.90709257,0
-1.8946345,2.5425673,-1.8524327,-0.26638842,0.32591453,-0.90709257,0
-0.18307519,-1.6913246,2.7301242,0.26638842,-0.32591453,0.90709257,0
-2.3930373,3.858099,-0.27631307,-0.80121565,0.44827735,0.39635944,0
-1.4357156,1.5063717,4.2841787,-0.80121565,0.44827735,0.39635944,0
1.7587497,1.2969315,-0.74437773,0.53580838,0.83236235,0.14171195,0
1.8052945,-3.072794,-1.7336532,0.80121565,-0.44827735,-0.39635944,0
0.13427484,2.3523095,0.19792637,0.53580838,0.83236235,0.14171195,0
-2.2834895,1.8756599,2.1754465,-0.80121565,0.44827735,0.39635944,0
-1.7975192,-1.4069312,0.70645857,-0.53580838,-0.83236235,-0.14171195,0
3.046412,-0.017508268,-2.4504948,0.80121565,-0.44827735,-0.39635944,0
-3.0348952,1.0760698,1.3682902,-0.80121565,0.44827735,0.39635944,0
-2.1750929,1.8654566,2.3068957,-0.80121565,0.44827735,0.39635944,0
1.0571117,-2.7981114,-2.2092443,-0.53580838,-0.83236235,-0.14171195,0
-2.6314554,-0.79335445,0.90374386,-0.53580838,-0.83236235,-0.14171195,0
-0.11936831,1.2168696,-2.8642461,-0.26638842,0.32591453,-0.90709257,0
-0.80297875,0.054544359,-3.0203967,-0.26638842,0.32591453,-0.90709257,0
-2.7615759,0.70797586,2.6570828,-0.80121565,0.44827735,0.39635944,0
0.13806371,-2.3428373,-1.1844796,-0.53580838,-0.83236235,-0.14171195,0
4.1993103,-0.40844256,0.24912429,0.80121565,-0.44827735,-0.39635944,0
-0.13237953,0.40499032,-3.074187,-0.26638842,0.32591453,-0.90709257,0
-1.4229536,-0.52263039,-3.1779618,-0.26638842,0.32591453,-0.90709257,0
-3.5576739,-0.47216535,1.7518978,-0.53580838,-0.83236235,-0.14171195,0
-2.712218,1.1975728,-2.1155579,-0.26638842,0.32591453,-0.90709257,0
-0.18089706,2.1332879,2.9376302,0.53580838,0.83236235,0.14171195,0
1.7028254,-2.1879625,-2.680336,0.80121565,-0.44827735,-0.39635944,0
3.8273649,0.030288935,-0.30022597,0.53580838,0.83236235,0.14171195,0
2.5009761,-1.7605519,-1.7087758,0.80121565,-0.44827735,-0.39635944,0
-1.4530714,0.92099357,4.1270223,0.26638842,-0.32591453,0.90709257,0
1.2329117,0.91425192,-3.3057046,-0.26638842,0.32591453,-0.90709257,0
-0.36718237,-2.4278507,1.8547509,-0.53580838,-0.83236235,-0.14171195,0
3.3779893,-1.4418205,1.8026969,0.26638842,-0.32591453,0.90709257,0
-2.7880173,-0.1008575,3.4706962,-0.80121565,0.44827735,0.39635944,0
-2.7085719,1.348202,1.829179,-0.80121565,0.44827735,0.39635944,0
1.8222172,-1.8295243,-2.98717,0.80121565,-0.44827735,-0.39635944,0
-2.9859629,2.3357852,0.052215099,-0.80121565,0.44827735,0.39635944,0
1.214282,-2.6092339,-2.988658,-0.53580838,-0.83236235,-0.14171195,0
1.9324632,-3.5383759,1.4194251,0.26638842,-0.32591453,0.90709257,0
1.6829358,-1.4161513,-3.7380457,0.80121565,-0.44827735,-0.39635944,0
-2.7041776,3.6046262,-0.58057261,-0.80121565,0.44827735,0.39635944,0
1.3252814,-2.6156464,-3.0564737,0.80121565,-0.44827735,-0.39635944,0
0.85785341,-2.3286855,-3.9188032,-0.53580838,-0.83236235,-0.14171195,0
-1.140518,3.0708065,0.61628455,0.53580838,0.83236235,0.14171195,0
0.32952297,0.43655789,3.3195896,0.26638842,-0.32591453,0.90709257,0
-3.5224066,0.60724258,0.88982606,-0.80121565,0.44827735,0.39635944,0
-2.4370391,0.91763902,2.8024511,-0.80121565,0.44827735,0.39635944,0
-1.1053352,-0.20094025,-3.0750875,-0.26638842,0.32591453,-0.90709257,0
2.6224961,1.0646044,-2.0071921,0.53580838,0.83236235,0.14171195,0
2.9273055,-1.2762005,-1.2601776,0.80121565,-0.44827735,-0.39635944,0
2.2764583,-0.62549525,2.4376588,0.26638842,-0.32591453,0.90709257,0
-3.4048524,1.2244775,-1.9082755,-0.26638842,0.32591453,-0.90709257,0
-3.4287515,1.9366888,-0.26086283,-0.80121565,0.44827735,0.39635944,0
4.078259,-1.0348372,0.51514006,0.80121565,-0.44827735,-0.39635944,0
-2.7508678,2.4860849,-1.6278075,-0.26638842,0.32591453,-0.90709257,0
1.3882475,1.7303209,-0.62974828,0.53580838,0.83236235,0.14171195,0
3.0246172,0.14715499,1.2930982,0.53580838,0.83236235,0.14171195,0
2.8427689,-2.7551308,0.2431072,0.80121565,-0.44827735,-0.39635944,0
-1.7316656,1.8275671,3.3365264,-0.80121565,0.44827735,0.39635944,0
1.2287419,0.57513833,-3.3716824,-0.26638842,0.32591453,-0.90709257,0
-2.9954305,1.765378,0.77324486,-0.80121565,0.44827735,0.39635944,0
2.9332318,-2.8778734,0.32256997,0.80121565,-0.44827735,-0.39635944,0
-3.5219748,1.072251,0.34607625,-0.80121565,0.44827735,0.39635944,0
-4.0248342,0.058201194,0.8162241,-0.80121565,0.44827735,0.39635944,0
0.093881845,2.4986827,-1.5512978,0.53580838,0.83236235,0.14171195,0
1.7647345,-3.3723111,-0.77643383,-0.53580838,-0.83236235,-0.14171195,0
-1.3179128,1.1571597,4.143609,0.26638842,-0.32591453,0.90709257,0
-2.4919758,2.6992221,0.68271339,-0.80121565,0.44827735,0.39635944,0
-0.87795472,0.50660807,3.7621214,0.26638842,-0.32591453,0.90709257,0
4.0121226,-1.0262953,1.8698918,0.26638842,-0.32591453,0.90709257,0
-2.3012438,2.5386486,1.2657444,-0.80121565,0.44827735,0.39635944,0
3.3921003,-1.8165767,1.7181413,0.26638842,-0.32591453,0.90709257,0
0.98386359,-1.544525,2.5716963,0.26638842,-0.32591453,0.90709257,0
1.2016759,-1.0263629,-4.092782,-0.26638842,0.32591453,-0.90709257,0
-3.7224364,-0.00024533272,-0.33393502,-0.53580838,-0.83236235,-0.14171195,0
-0.096062303,-2.6290448,1.8647953,-0.53580838,-0.83236235,-0.14171195,0
1.2182136,-1.5936193,2.4183757,0.26638842,-0.32591453,0.90709257,0
1.3098729,-0.5841592,-3.9662342,-0.26638842,0.32591453,-0.90709257,0
2.0400434,0.79114616,-3.5756509,-0.26638842,0.32591453,-0.90709257,0
1.4646857,-2.9408853,1.8396075,0.26638842,-0.32591453,0.90709257,0
0.096814394,1.9285848,-2.7476373,-0.26638842,0.32591453,-0.90709257,0
2.8393755,-1.5790696,-1.1908102,0.80121565,-0.44827735,-0.39635944,0
-4.3775373,1.2830679,-1.4429146,-0.80121565,0.44827735,0.39635944,0
2.6186752,0.41169229,1.9093966,0.53580838,0.83236235,0.14171195,0
0.71788073,2.1988673,-1.0050672,0.53580838,0.83236235,0.14171195,0
-0.41894436,-0.53424346,3.1394379,0.26638842,-0.32591453,0.90709257,0
1.7302594,-2.120908,-2.973613,0.80121565,-0.44827735,-0.39635944,0
1.0209945,1.8914003,-1.3274579,0.53580838,0.83236235,0.14171195,0
1.7705288,0.89960456,2.4922929,0.53580838,0.83236235,0.14171195,0
1.9514818,1.1480899,0.12944067,0.53580838,0.83236235,0.14171195,0
-2.8971405,2.6709366,-0.22701037,-0.80121565,0.44827735,0.39635944,0
1.1200018,-1.8360096,2.3567355,0.26638842,-0.32591453,0.90709257,0
3.7852952,0.32448769,-1.4468307,0.53580838,0.83236235,0.14171195,0
0.46761191,-2.062978,-3.7891548,-0.53580838,-0.83236235,-0.14171195,0
0.74300289,-2.0825305,2.2567699,0.26638842,-0.32591453,0.90709257,0
1.3344238,0.46870267,-3.636703,-0.26638842,0.32591453,-0.90709257,0
4.1156254,-1.4957726,1.342514,0.80121565,-0.44827735,-0.39635944,0
2.7001173,-1.0398052,2.1034312,0.26638842,-0.32591453,0.90709257,0
2.0873225,-2.2016902,-1.9924922,0.80121565,-0.44827735,-0.39635944,0
2.3144169,-3.81565,0.17409146,-0.53580838,-0.83236235,-0.14171195,0
-3.9590721,0.8241626,-0.037811518,-0.80121565,0.44827735,0.39635944,0
-2.6646559,1.8662164,1.2002203,-0.80121565,0.44827735,0.39635944,0
-2.021518,3.4778702,0.66937268,-0.80121565,0.44827735,0.39635944,0
-0.60704124,-1.6180934,2.9607713,0.26638842,-0.32591453,0.90709257,0
-3.2406583,2.120137,-0.13438845,-0.80121565,0.44827735,0.39635944,0
4.0824218,-1.4304053,0.82167816,0.80121565,-0.44827735,-0.39635944,0
-3.0260701,2.0744567,0.39437175,-0.80121565,0.44827735,0.39635944,0
-3.1556685,-0.46345901,0.95349693,-0.53580838,-0.83236235,-0.14171195,0
2.8644133,-0.48015702,-2.5003324,0.80121565,-0.44827735,-0.39635944,0
-2.3565903,2.1326845,1.7931594,-0.80121565,0.44827735,0.39635944,0
2.4593625,-0.22876751,-3.5642867,0.80121565,-0.44827735,-0.39635944,0
-2.722852,3.7613974,-0.97920591,-0.80121565,0.44827735,0.39635944,0
-4.1392317,0.82261252,-1.6987841,-0.26638842,0.32591453,-0.90709257,0
-1.6487586,3.3270824,1.3855799,0.53580838,0.83236235,0.14171195,0
-2.1569431,-0.21596429,-2.7706604,-0.26638842,0.32591453,-0.90709257,0
3.7896981,-1.5601304,0.81199896,0.80121565,-0.44827735,-0.39635944,0
-3.2981348,-0.71134102,2.1495061,-0.53580838,-0.83236235,-0.14171195,0
-3.2615638,1.6523535,0.15321398,-0.80121565,0.44827735,0.39635944,0
1.2390261,1.4456302,1.5270269,0.53580838,0.83236235,0.14171195,0
-0.90616876,-2.0035837,0.41743648,-0.53580838,-0.83236235,-0.14171195,0
0.62233317,-2.4007387,-2.967514,-0.53580838,-0.83236235,-0.14171195,0
-1.5519292,-1.3133129,-0.08639276,-0.53580838,-0.83236235,-0.14171195,0
1.5754557,-0.31547987,-3.7805343,-0.26638842,0.32591453,-0.90709257,0
1.5738454,-3.0845978,-1.4293816,-0.53580838,-0.83236235,-0.14171195,0
-1.7556341,0.26789299,-2.6877911,-0.26638842,0.32591453,-0.90709257,0
-1.808392,2.0163755,3.087534,-0.80121565,0.44827735,0.39635944,0
1.3468246,1.7667664,-1.4849199,0.53580838,0.83236235,0.14171195,0
0.45349681,1.3533493,3.5937757,0.26638842,-0.32591453,0.90709257,0
2.3389463,0.47933286,2.4997838,0.53580838,0.83236235,0.14171195,0
2.8386967,-1.6469517,-1.1253982,0.80121565,-0.44827735,-0.39635944,0
-2.2668004,0.8052175,3.3431029,-0.80121565,0.44827735,0.39635944,0
-2.2445717,2.5239675,1.2700533,-0.80121565,0.44827735,0.39635944,0
3.7568135,-1.126053,1.8319355,0.26638842,-0.32591453,0.90709257,0
-1.6770947,2.9550095,2.106523,-0.80121565,0.44827735,0.39635944,0
3.6879783,0.11999297,-0.31927562,0.53580838,0.83236235,0.14171195,0
1.226573,-2.6945465,-2.5654111,-0.53580838,-0.83236235,-0.14171195,0
-0.14823735,-1.6666005,-3.3207586,-0.53580838,-0.83236235,-0.14171195,0
-0.38757697,2.2067163,2.4503541,0.53580838,0.83236235,0.14171195,0
-2.2350106,0.60066891,3.65729,-0.80121565,0.44827735,0.39635944,0
1.8773975,-3.3009732,1.477271,0.26638842,-0.32591453,0.90709257,0
1.5260484,-2.5008798,-2.7378976,0.80121565,-0.44827735,-0.39635944,0
-1.2102146,2.8652689,2.3452384,0.53580838,0.83236235,0.14171195,0
-3.358438,2.2315361,-0.29195523,-0.80121565,0.44827735,0.39635944,0
-1.1420188,3.2902431,-0.66614354,0.53580838,0.83236235,0.14171195,0
-0.19978377,2.2731712,1.8621576,0.53580838,0.83236235,0.14171195,0
-1.068017,1.8743433,4.3659005,-0.80121565,0.44827735,0.39635944,0
-1.1652591,-0.63904238,3.4717097,0.26638842,-0.32591453,0.90709257,0
-0.24335825,2.1388209,2.9339299,0.53580838,0.83236235,0.14171195,0
-2.0736473,1.6292048,2.7160184,-0.80121565,0.44827735,0.39635944,0
2.4352279,-3.9432201,0.67870706,0.80121565,-0.44827735,-0.39635944,0
0.26916289,1.8439621,2.5916383,0.53580838,0.83236235,0.14171195,0
1.5342321,-1.3585531,2.3807063,0.26638842,-0.32591453,0.90709257,0
-1.6509571,2.6623464,-1.9727125,-0.26638842,0.32591453,-0.90709257,0
0.55454922,0.68690968,-3.2896526,-0.26638842,0.32591453,-0.90709257,0
-2.9922888,0.66340381,1.9107103,-0.80121565,0.44827735,0.39635944,0
1.4531689,-0.57233346,-4.0398769,-0.26638842,0.32591453,-0.90709257,0
2.607954,-0.37553233,2.3920794,0.26638842,-0.32591453,0.90709257,0
2.6331835,-2.3711936,-1.0482794,0.80121565,-0.44827735,-0.39635944,0
-1.0048416,-1.6783488,3.1091859,0.26638842,-0.32591453,0.90709257,0
1.2481759,0.44354796,3.13256,0.26638842,-0.32591453,0.90709257,0
-2.1210639,-1.266975,1.7220969,-0.53580838,-0.83236235,-0.14171195,0
-1.177959,2.6945267,-2.0878372,-0.26638842,0.32591453,-0.90709257,0
-1.590879,2.1713746,-1.960079,-0.26638842,0.32591453,-0.90709257,0
2.6578481,-1.6379104,-1.4546335,0.80121565,-0.44827735,-0.39635944,0
-1.4620221,-1.7935498,1.9215153,-0.53580838,-0.83236235,-0.14171195,0
-2.8385475,1.5903921,-1.9579154,-0.26638842,0.32591453,-0.90709257,0
1.9678097,-1.1430594,-3.4620395,0.80121565,-0.44827735,-0.39635944,0
0.38801265,-2.7664084,1.0586989,-0.53580838,-0.83236235,-0.14171195,0
0.85171437,0.29428315,3.1436415,0.26638842,-0.32591453,0.90709257,0
-2.4091656,-1.0360932,3.7271998,0.26638842,-0.32591453,0.90709257,0
-0.057888865,1.8629408,2.7555616,0.53580838,0.83236235,0.14171195,0
1.7911277,-1.5953729,-3.4293771,0.80121565,-0.44827735,-0.39635944,0
2.8433201,-0.65686357,2.3094268,0.26638842,-0.32591453,0.90709257,0
-0.93985009,2.968925,0.66221797,0.53580838,0.83236235,0.14171195,0
-3.7437892,2.3074927,-1.2363182,-0.80121565,0.44827735,0.39635944,0
1.5743098,1.0082605,2.4828467,0.53580838,0.83236235,0.14171195,0
-3.0829165,3.2533553,-1.0117962,-0.80121565,0.44827735,0.39635944,0
-1.2563369,-1.4606158,-1.2812312,-0.53580838,-0.83236235,-0.14171195,0
1.6268026,1.798581,-2.3442783,0.53580838,0.83236235,0.14171195,0
2.6482012,-2.6140716,1.5998831,0.26638842,-0.32591453,0.90709257,0
-1.212612,2.1556559,3.9866686,-0.80121565,0.44827735,0.39635944,0
-1.2428622,1.9265865,-2.3446674,-0.26638842,0.32591453,-0.90709257,0
-0.64239192,2.6357565,0.92379606,0.53580838,0.83236235,0.14171195,0
1.2454278,-2.8983636,-2.2257128,-0.53580838,-0.83236235,-0.14171195,0
-3.881979,0.47859734,0.18969584,-0.80121565,0.44827735,0.39635944,0
-2.3293238,-0.80297542,3.7238059,0.26638842,-0.32591453,0.90709257,0
1.7257276,-2.5507889,1.9543705,0.26638842,-0.32591453,0.90709257,0
-2.2755597,-0.25136748,-2.8245182,-0.26638842,0.32591453,-0.90709257,0
1.2170959,-1.9759264,2.1379497,0.26638842,-0.32591453,0.90709257,0
-3.4944799,1.2860174,-1.7467639,-0.26638842,0.32591453,-0.90709257,0
-2.9033294,2.2421947,-1.5938841,-0.26638842,0.32591453,-0.90709257,0
1.5813552,-2.7174215,-2.6005678,0.80121565,-0.44827735,-0.39635944,0
1.0383809,1.7682779,-0.20850128,0.53580838,0.83236235,0.14171195,0
3.4223006,-2.4817939,1.4389451,0.26638842,-0.32591453,0.90709257,0
-2.3188312,-0.26102889,3.7965846,0.26638842,-0.32591453,0.90709257,0
2.5925038,0.067026377,2.6093838,0.26638842,-0.32591453,0.90709257,0
-2.872462,3.5134153,-0.7229116,-0.80121565,0.44827735,0.39635944,0
1.6407458,1.467258,-0.36944258,0.53580838,0.83236235,0.14171195,0
-1.1229726,-1.0775284,-3.3346391,-0.53580838,-0.83236235,-0.14171195,0
3.4913149,0.040336192,1.2119684,0.53580838,0.83236235,0.14171195,0
0.58034444,-2.7967539,-0.077925265,-0.53580838,-0.83236235,-0.14171195,0
-3.3925729,-0.72995508,2.9048185,-0.80121565,0.44827735,0.39635944,0
1.7862102,-2.3576458,-2.3558626,0.80121565,-0.44827735,-0.39635944,0
-0.53554666,1.9968598,3.8629959,0.53580838,0.83236235,0.14171195,0
1.1159483,2.2183394,-2.5911198,0.53580838,0.83236235,0.14171195,0
-3.0603161,2.5651445,-1.490036,-0.26638842,0.32591453,-0.90709257,0
0.46950579,-1.4253618,-3.9748869,-0.26638842,0.32591453,-0.90709257,0
-1.6896911,2.2763221,2.9128819,-0.80121565,0.44827735,0.39635944,0
-0.34379745,2.7939622,-2.2950549,-0.26638842,0.32591453,-0.90709257,0
-2.1665258,-1.1306088,0.79940403,-0.53580838,-0.83236235,-0.14171195,0
3.3282554,0.041965783,0.98708308,0.53580838,0.83236235,0.14171195,0
-2.6004417,2.8396347,-1.4965109,-0.26638842,0.32591453,-0.90709257,0
2.8968287,0.89067483,-2.0113001,0.53580838,0.83236235,0.14171195,0
-2.4979839,1.0556709,2.4778326,-0.80121565,0.44827735,0.39635944,0
-2.0848608,2.9744077,1.2233003,-0.80121565,0.44827735,0.39635944,0
2.8210773,0.57365274,0.62464082,0.53580838,0.83236235,0.14171195,0
1.90504,-2.2386477,1.8486569,0.26638842,-0.32591453,0.90709257,0
-2.3319383,0.081652217,-2.5836239,-0.26638842,0.32591453,-0.90709257,0
-0.71857983,2.5067792,2.75594,0.53580838,0.83236235,0.14171195,0
-3.0362525,-0.43959904,3.2141087,-0.80121565,0.44827735,0.39635944,0
2.9036541,0.32040018,0.72269225,0.53580838,0.83236235,0.14171195,0
-1.4724817,-1.2423966,-1.4378432,-0.53580838,-0.83236235,-0.14171195,0
-1.0267916,2.4287438,-2.203939,-0.26638842,0.32591453,-0.90709257,0
2.7030118,-1.2744511,-1.9415617,0.80121565,-0.44827735,-0.39635944,0
-2.8725424,0.61700207,2.4926488,-0.80121565,0.44827735,0.39635944,0
0.89015287,1.7931551,0.83633184,0.53580838,0.83236235,0.14171195,0
-2.7165694,3.5834148,-1.2269818,-0.26638842,0.32591453,-0.90709257,0
-3.4228194,0.25430989,1.6134901,-0.80121565,0.44827735,0.39635944,0
-2.6509249,3.5902822,-0.43286586,-0.80121565,0.44827735,0.39635944,0
0.061912298,-1.5238338,2.7847185,0.26638842,-0.32591453,0.90709257,0
1.7069465,0.90869719,2.7414715,0.53580838,0.83236235,0.14171195,0
2.8571842,-2.7584796,-0.0099076033,0.80121565,-0.44827735,-0.39635944,0
-3.8930929,0.29071116,-0.59644437,-0.53580838,-0.83236235,-0.14171195,0
-2.9351425,0.9252221,-2.0952046,-0.26638842,0.32591453,-0.90709257,0
1.0564773,-1.2256938,2.6512341,0.26638842,-0.32591453,0.90709257,0
-1.7108855,2.544167,-1.9104824,-0.26638842,0.32591453,-0.90709257,0
1.9239018,-1.3707923,2.1815856,0.26638842,-0.32591453,0.90709257,0
-0.76666015,2.848521,0.40884703,0.53580838,0.83236235,0.14171195,0
-1.3174076,3.295125,0.25822937,0.53580838,0.83236235,0.14171195,0
-1.6495832,-1.1548836,-1.5363947,-0.53580838,-0.83236235,-0.14171195,0
-1.2995753,-0.6461091,-3.2540526,-0.26638842,0.32591453,-0.90709257,0
-2.8310661,-0.53263777,-0.21308672,-0.53580838,-0.83236235,-0.14171195,0
0.20943594,-2.4833517,2.3030872,0.26638842,-0.32591453,0.90709257,0
2.8603663,-2.5291128,-0.33655739,0.80121565,-0.44827735,-0.39635944,0
-0.57828414,-2.2221105,0.74766076,-0.53580838,-0.83236235,-0.14171195,0
3.4177439,-0.92011642,-1.0264542,0.80121565,-0.44827735,-0.39635944,0
-1.7603512,0.16462626,-2.7269249,-0.26638842,0.32591453,-0.90709257,0
0.75326395,-2.7137625,-0.46143842,-0.53580838,-0.83236235,-0.14171195,0
-2.2969074,0.83178866,3.0461071,-0.80121565,0.44827735,0.39635944,0
-2.8250694,-0.55362707,0.26098061,-0.53580838,-0.83236235,-0.14171195,0
1.1844106,1.1702895,2.5930698,0.53580838,0.83236235,0.14171195,0
-3.5983844,2.1205745,-0.80780172,-0.80121565,0.44827735,0.39635944,0
2.4185719,1.1438066,-2.0313666,0.53580838,0.83236235,0.14171195,0
-3.1950452,2.0146742,-1.572709,-0.26638842,0.32591453,-0.90709257,0
-1.7332114,3.155684,1.9074818,-0.80121565,0.44827735,0.39635944,0
3.1733634,-0.79006052,-1.7446315,0.80121565,-0.44827735,-0.39635944,0
-3.3455555,0.35018915,1.8223405,-0.80121565,0.44827735,0.39635944,0
1.2889671,-2.6843457,-2.6741171,-0.53580838,-0.83236235,-0.14171195,0
2.8892028,-0.3167485,-2.5697737,0.80121565,-0.44827735,-0.39635944,0
1.6462102,-3.617806,1.4767056,0.26638842,-0.32591453,0.90709257,0
-3.1831226,0.60717654,1.5327654,-0.80121565,0.44827735,0.39635944,0
-2.265723,1.9375447,-1.8379962,-0.26638842,0.32591453,-0.90709257,0
-2.0986588,3.9075251,-0.3183111,0.53580838,0.83236235,0.14171195,0
1.7214278,-3.5294783,0.18916166,-0.53580838,-0.83236235,-0.14171195,0
1.1946312,-3.3998818,0.83685088,-0.53580838,-0.83236235,-0.14171195,0
-1.2151842,0.072619349,-2.8745644,-0.26638842,0.32591453,-0.90709257,0
-1.0495036,1.5029418,4.1886444,0.26638842,-0.32591453,0.90709257,0
-1.4347916,1.6910126,-2.3255563,-0.26638842,0.32591453,-0.90709257,0
-3.1397254,0.95698071,1.5999405,-0.80121565,0.44827735,0.39635944,0
-1.5105314,1.4965055,4.2839856,-0.80121565,0.44827735,0.39635944,0
2.3020682,-3.1851139,1.3773178,0.26638842,-0.32591453,0.90709257,0
-0.85746235,2.4387779,2.9268703,0.53580838,0.83236235,0.14171195,0
2.56498,0.45820105,1.0683819,0.53580838,0.83236235,0.14171195,0
-3.9088931,1.4025313,-0.54631579,-0.80121565,0.44827735,0.39635944,0
0.22465062,0.72884649,3.405545,0.26638842,-0.32591453,0.90709257,0
3.6464384,-2.0427034,0.83691025,0.80121565,-0.44827735,-0.39635944,0
2.2049623,1.2626797,-1.3299412,0.53580838,0.83236235,0.14171195,0
1.3853714,-0.91655576,2.4820604,0.26638842,-0.32591453,0.90709257,0
-0.082542181,2.6723258,-1.1167887,0.53580838,0.83236235,0.14171195,0
-1.7306709,3.4845469,-1.5511835,-0.26638842,0.32591453,-0.90709257,0
2.206135,1.3345276,-3.4864242,-0.26638842,0.32591453,-0.90709257,0
-0.93817353,-0.42308933,-3.2561851,-0.26638842,0.32591453,-0.90709257,0
-3.0722637,0.30252856,-2.3469155,-0.26638842,0.32591453,-0.90709257,0
2.504194,-4.0509481,0.89280987,0.80121565,-0.44827735,-0.39635944,0
1.0657713,1.3265351,1.9542029,0.53580838,0.83236235,0.14171195,0
2.1831582,-0.96287841,-3.3442519,0.80121565,-0.44827735,-0.39635944,0
-1.9623399,-1.1249053,0.1759249,-0.53580838,-0.83236235,-0.14171195,0
3.9572606,0.069079041,-0.82786965,0.53580838,0.83236235,0.14171195,0
3.1179774,0.56174266,-0.41848063,0.53580838,0.83236235,0.14171195,0
-3.9587641,0.1951009,-0.256248,-0.53580838,-0.83236235,-0.14171195,0
2.5651774,0.31461465,2.5758257,0.26638842,-0.32591453,0.90709257,0
0.58701563,-1.8006266,2.4229,0.26638842,-0.32591453,0.90709257,0
3.3450406,-1.1296123,-0.79855084,0.80121565,-0.44827735,-0.39635944,0
3.0578361,-3.0390511,1.318633,0.26638842,-0.32591453,0.90709257,0
2.4581299,-2.8671777,-0.50431597,0.80121565,-0.44827735,-0.39635944,0
-2.3017938,1.2510581,-2.2426805,-0.26638842,0.32591453,-0.90709257,0
2.3633521,-0.29003322,-3.9699538,0.80121565,-0.44827735,-0.39635944,0
0.24611235,2.2819076,-0.21664602,0.53580838,0.83236235,0.14171195,0
3.3341479,-2.2808766,0.58142197,0.80121565,-0.44827735,-0.39635944,0
1.8338062,-1.080357,-4.0913539,0.80121565,-0.44827735,-0.39635944,0
0.85978746,-0.75263274,2.792712,0.26638842,-0.32591453,0.90709257,0
4.5872135,-0.86507344,1.2675171,0.80121565,-0.44827735,-0.39635944,0
2.796195,-1.1037046,-2.1547441,0.80121565,-0.44827735,-0.39635944,0
-2.3046861,3.2283282,-1.4061953,-0.26638842,0.32591453,-0.90709257,0
2.3352208,-1.0550708,2.3177404,0.26638842,-0.32591453,0.90709257,0
-2.6865304,1.3736991,1.7325306,-0.80121565,0.44827735,0.39635944,0
3.3566253,-0.2401492,2.2129107,0.26638842,-0.32591453,0.90709257,0
-2.7007132,-0.58644116,3.7878413,-0.80121565,0.44827735,0.39635944,0
-3.0112214,-0.5451743,0.066648841,-0.53580838,-0.83236235,-0.14171195,0
2.8689671,0.46345383,0.58255923,0.53580838,0.83236235,0.14171195,0
2.9437087,-1.2031826,-1.4294624,0.80121565,-0.44827735,-0.39635944,0
-2.5662315,2.3315635,0.82278562,-0.80121565,0.44827735,0.39635944,0
2.9705298,0.73811746,-1.4242308,0.53580838,0.83236235,0.14171195,0
-1.3717766,2.3777921,-2.0761318,-0.26638842,0.32591453,-0.90709257,0
-3.0906563,2.5115185,-0.45686555,-0.80121565,0.44827735,0.39635944,0
0.013990164,-1.0530784,2.9882607,0.26638842,-0.32591453,0.90709257,0
-2.9989343,-0.96888125,2.8535359,-0.53580838,-0.83236235,-0.14171195,0
2.4453273,-3.606617,0.24801934,0.80121565,-0.44827735,-0.39635944,0
-2.3705339,0.038962364,3.819406,-0.80121565,0.44827735,0.39635944,0
1.5164697,-2.1723812,2.1483123,0.26638842,-0.32591453,0.90709257,0
-2.4525979,1.1331664,2.8404775,-0.80121565,0.44827735,0.39635944,0
-1.6983035,3.6318099,-1.3140216,0.53580838,0.83236235,0.14171195,0
0.70797735,-2.4931207,-1.7432485,-0.53580838,-0.83236235,-0.14171195,0
0.73405945,1.9710667,0.14637907,0.53580838,0.83236235,0.14171195,0
1.2627575,-3.4224203,1.641876,-0.53580838,-0.83236235,-0.14171195,0
1.1879046,-0.31262156,2.9224043,0.26638842,-0.32591453,0.90709257,0
3.1097429,0.69915485,-2.0589075,0.53580838,0.83236235,0.14171195,0
1.2966378,1.0909927,3.2322059,0.53580838,0.83236235,0.14171195,0
-3.3578005,0.024117768,-0.89069784,-0.53580838,-0.83236235,-0.14171195,0
1.0511353,1.1889592,2.5935273,0.53580838,0.83236235,0.14171195,0
-3.6984141,0.35458839,0.87189817,-0.80121565,0.44827735,0.39635944,0
-2.3554106,-0.49019527,-1.865911,-0.53580838,-0.83236235,-0.14171195,0
4.128233,-0.96996105,0.71528637,0.80121565,-0.44827735,-0.39635944,0
-1.5938034,2.4487138,3.0417535,-0.80121565,0.44827735,0.39635944,0
-1.5140723,-1.0701766,3.2756777,0.26638842,-0.32591453,0.90709257,0
0.66652346,1.1874366,-3.0516732,-0.26638842,0.32591453,-0.90709257,0
-0.79131615,3.1801162,-0.89721233,0.53580838,0.83236235,0.14171195,0
0.84209609,2.345582,-2.6132221,0.53580838,0.83236235,0.14171195,0
1.5759847,0.61980939,-3.6555696,-0.26638842,0.32591453,-0.90709257,0
-1.088334,-0.94964647,-3.2869015,-0.26638842,0.32591453,-0.90709257,0
-1.4380488,1.8715342,-2.1253557,-0.26638842,0.32591453,-0.90709257,0
2.1101718,1.4749167,-2.1489055,0.53580838,0.83236235,0.14171195,0
-0.076200843,-1.9130383,-2.4194589,-0.53580838,-0.83236235,-0.14171195,0
0.86185271,1.6054136,1.7221663,0.53580838,0.83236235,0.14171195,0
2.4627345,-1.3951902,2.0494528,0.26638842,-0.32591453,0.90709257,0
2.7827485,0.75675321,-3.7493763,-0.26638842,0.32591453,-0.90709257,0
-1.0395002,0.16051707,-2.9900515,-0.26638842,0.32591453,-0.90709257,0
-2.9944324,1.7507327,0.59547734,-0.80121565,0.44827735,0.39635944,0
-1.547013,-1.012257,3.3457146,0.26638842,-0.32591453,0.90709257,0
1.2466445,-1.8792653,-4.2124677,0.80121565,-0.44827735,-0.39635944,0
-2.8676271,0.70647627,2.0366571,-0.80121565,0.44827735,0.39635944,0
0.17313004,1.3266065,-2.8035579,-0.26638842,0.32591453,-0.90709257,0
2.1716204,1.0063827,-0.39095986,0.53580838,0.83236235,0.14171195,0
2.3547494,0.86406171,-3.6946154,-0.26638842,0.32591453,-0.90709257,0
1.1133469,-3.0237224,-0.84476966,-0.53580838,-0.83236235,-0.14171195,0
0.91325092,-0.48534063,-3.6635537,-0.26638842,0.32591453,-0.90709257,0
3.355726,-2.4665608,0.70121956,0.80121565,-0.44827735,-0.39635944,0
-2.2575326,3.2888184,-1.4392163,-0.26638842,0.32591453,-0.90709257,0
1.0653733,-2.4016383,-3.967895,-0.53580838,-0.83236235,-0.14171195,0
-2.0513263,1.8416235,-1.9757426,-0.26638842,0.32591453,-0.90709257,0
0.80099171,2.0349259,-1.4294875,0.53580838,0.83236235,0.14171195,0
-1.5013344,3.520335,-0.89565432,0.53580838,0.83236235,0.14171195,0
3.1161451,-2.4514425,0.40848243,0.80121565,-0.44827735,-0.39635944,0
-2.2600229,3.576215,-1.4417567,-0.26638842,0.32591453,-0.90709257,0
-4.3295164,1.3665653,-1.6480953,-0.26638842,0.32591453,-0.90709257,0
-3.3610489,1.2289616,-1.8720634,-0.26638842,0.32591453,-0.90709257,0
4.2405419,-0.51130217,1.1830664,0.53580838,0.83236235,0.14171195,0
-2.8906236,0.84832072,2.1701217,-0.80121565,0.44827735,0.39635944,0
0.58186394,1.7654401,2.0824759,0.53580838,0.83236235,0.14171195,0
-0.10470676,-1.0222479,-3.6393099,-0.26638842,0.32591453,-0.90709257,0
1.3435194,1.8015707,-1.1160637,0.53580838,0.83236235,0.14171195,0
-3.9746275,1.801249,-1.3840619,-0.26638842,0.32591453,-0.90709257,0
-3.3568189,0.64993232,1.4940031,-0.80121565,0.44827735,0.39635944,0
-3.3206728,2.8255684,-1.0748918,-0.80121565,0.44827735,0.39635944,0
-1.8315194,-1.4860815,1.083258,-0.53580838,-0.83236235,-0.14171195,0
1.648948,-2.4352722,-2.5210054,0.80121565,-0.44827735,-0.39635944,0
2.1564443,1.2475424,-1.6943529,0.53580838,0.83236235,0.14171195,0
2.2320061,-0.34651941,2.4560738,0.26638842,-0.32591453,0.90709257,0
-3.4277747,1.0984635,0.6089499,-0.80121565,0.44827735,0.39635944,0
1.4855134,-2.4391508,-3.2038221,0.80121565,-0.44827735,-0.39635944,0
3.3921957,-2.0588584,0.55337024,0.80121565,-0.44827735,-0.39635944,0
3.1108086,0.54824662,-0.22962427,0.53580838,0.83236235,0.14171195,0
3.0026953,-0.43724254,2.2031927,0.26638842,-0.32591453,0.90709257,0
-0.43005645,-0.8488971,-3.4369712,-0.26638842,0.32591453,-0.90709257,0
1.7158723,1.7687014,-3.2463374,-0.26638842,0.32591453,-0.90709257,0
3.6277435,-2.6161108,1.4066902,0.26638842,-0.32591453,0.90709257,0
-0.87720537,3.1079752,-1.4029582,0.53580838,0.83236235,0.14171195,0
1.2600185,1.0158592,2.8609886,0.53580838,0.83236235,0.14171195,0
-0.70586038,0.13318712,3.6648803,0.26638842,-0.32591453,0.90709257,0
0.32196236,-1.0481555,2.7802882,0.26638842,-0.32591453,0.90709257,0
-2.7120516,3.7922685,-1.0969574,-0.80121565,0.44827735,0.39635944,0
2.8048351,-0.4062916,2.2930906,0.26638842,-0.32591453,0.90709257,0
1.5714691,-2.1396196,2.0868225,0.26638842,-0.32591453,0.90709257,0
4.2206621,-0.27495784,0.036926031,0.53580838,0.83236235,0.14171195,0
3.6450372,-1.1312523,-0.27389479,0.80121565,-0.44827735,-0.39635944,0
-0.28844717,-1.8842325,-1.5552047,-0.53580838,-0.83236235,-0.14171195,0
-3.6219168,0.68900549,0.50579119,-0.80121565,0.44827735,0.39635944,0
-2.8043005,0.9791137,2.0492685,-0.80121565,0.44827735,0.39635944,0
0.29451901,-2.3490114,-1.5863677,-0.53580838,-0.83236235,-0.14171195,0
1.2788895,0.93616205,3.2616146,0.53580838,0.83236235,0.14171195,0
-1.7924697,2.5270791,2.4394698,-0.80121565,0.44827735,0.39635944,0
1.8820894,-0.11198664,-3.9818659,-0.26638842,0.32591453,-0.90709257,0
-2.8938291,0.64688826,2.2576594,-0.80121565,0.44827735,0.39635944,0
3.132365,0.34058523,-2.9891777,0.80121565,-0.44827735,-0.39635944,0
2.2239537,-2.2204554,-1.8705378,0.80121565,-0.44827735,-0.39635944,0
2.2632425,0.34238994,-3.9058056,-0.26638842,0.32591453,-0.90709257,0
-0.37769234,-1.0180979,3.155426,0.26638842,-0.32591453,0.90709257,0
-2.0551958,2.2333727,2.3991466,-0.80121565,0.44827735,0.39635944,0
0.80715394,-0.50396752,-3.7389195,-0.26638842,0.32591453,-0.90709257,0
0.29160869,1.0928265,3.5046782,0.26638842,-0.32591453,0.90709257,0
-1.9661803,3.8081846,-1.1347426,0.53580838,0.83236235,0.14171195,0
-2.3820853,-0.67719364,-1.6001397,-0.53580838,-0.83236235,-0.14171195,0
0.051940203,1.9663697,2.8800375,0.53580838,0.83236235,0.14171195,0
1.082911,-1.5044852,2.3977106,0.26638842,-0.32591453,0.90709257,0
-1.6990334,3.0651026,2.0138702,-0.80121565,0.44827735,0.39635944,0
0.60236132,1.2997719,3.5776939,0.26638842,-0.32591453,0.90709257,0
3.6289916,-0.34509465,1.9861908,0.53580838,0.83236235,0.14171195,0
1.0437776,0.042740107,-3.6461196,-0.26638842,0.32591453,-0.90709257,0
1.6335781,-0.34886271,2.7629187,0.26638842,-0.32591453,0.90709257,0
-1.8390757,2.6581731,2.0715609,-0.80121565,0.44827735,0.39635944,0
2.4288349,-1.5790447,-1.9552509,0.80121565,-0.44827735,-0.39635944,0
-0.94180405,0.2135703,3.6343679,0.26638842,-0.32591453,0.90709257,0
0.69799852,2.0277073,-0.21200895,0.53580838,0.83236235,0.14171195,0
-2.7968016,3.9066551,-1.0521662,-0.80121565,0.44827735,0.39635944,0
-0.16404986,1.3224556,-2.7676489,-0.26638842,0.32591453,-0.90709257,0
2.5651917,0.2163887,-3.8477716,0.80121565,-0.44827735,-0.39635944,0
