2.0144234,4.6004281,-1.0318217,0.52486885,0.61170542,-0.59188604,0
2.6787791,3.3262334,-1.6326752,0.52486885,0.61170542,-0.59188604,0
-0.99755883,-3.648922,-1.5140371,-0.71040058,-0.068233073,-0.70048213,0
-0.23944819,1.8810508,-2.8627396,-0.71040058,-0.068233073,-0.70048213,0
0.38533497,-5.8217492,1.7067971,0.46887493,-0.78813744,-0.3987425,0
-1.8410559,3.3992457,1.0925467,-0.46887493,0.78813744,0.3987425,0
2.7693033,3.3289933,-1.6578393,0.52486885,0.61170542,-0.59188604,0
-3.0892618,-1.6060836,3.0721002,-0.52486885,-0.61170542,0.59188604,0
-2.7262864,2.8434641,1.3609071,-0.46887493,0.78813744,0.3987425,0
-1.3112086,-4.5890241,1.6922231,-0.52486885,-0.61170542,0.59188604,0
5.0583215,-0.76275337,-2.8239107,0.46887493,-0.78813744,-0.3987425,0
-1.4834633,-5.2780056,0.69403267,-0.52486885,-0.61170542,0.59188604,0
-0.02997756,-1.4839201,-2.7977362,-0.71040058,-0.068233073,-0.70048213,0
-5.0935783,0.42792487,2.9813962,-0.46887493,0.78813744,0.3987425,0
0.10134053,-0.57548785,2.73808,0.71040058,0.068233073,0.70048213,0
-1.5129871,2.9947438,2.4403863,-0.46887493,0.78813744,0.3987425,0
4.4897976,-1.2032632,-2.2962027,0.46887493,-0.78813744,-0.3987425,0
-0.006228447,-5.6807733,1.6372752,-0.52486885,-0.61170542,0.59188604,0
3.5003643,1.6609678,-0.86312866,0.71040058,0.068233073,0.70048213,0
-3.1952238,2.298619,1.6167935,-0.46887493,0.78813744,0.3987425,0
-2.2961891,-4.0646915,1.5283284,-0.52486885,-0.61170542,0.59188604,0
0.58825469,1.5388741,-3.7222564,-0.71040058,-0.068233073,-0.70048213,0
-0.63020515,4.2573929,1.117426,-0.46887493,0.78813744,0.3987425,0
2.5580301,3.0203729,-0.019109249,0.71040058,0.068233073,0.70048213,0
2.4604156,3.0041008,-2.1868625,0.52486885,0.61170542,-0.59188604,0
0.65506399,0.61287963,2.2451489,0.71040058,0.068233073,0.70048213,0
-1.0583601,4.6454463,-2.1623421,-0.71040058,-0.068233073,-0.70048213,0
-2.7432041,3.6598098,-0.2209208,-0.46887493,0.78813744,0.3987425,0
0.50652361,-5.6798348,1.6532784,0.46887493,-0.78813744,-0.3987425,0
-2.7505293,1.1336014,4.382226,-0.46887493,0.78813744,0.3987425,0
0.93273425,5.4562635,-1.1219425,0.52486885,0.61170542,-0.59188604,0
-1.2816939,-2.1857891,-1.2300651,-0.71040058,-0.068233073,-0.70048213,0
-4.5665412,1.2544433,2.2427478,-0.46887493,0.78813744,0.3987425,0
-3.3444538,-3.5256662,0.91777706,-0.71040058,-0.068233073,-0.70048213,0
1.1481249,-3.3534737,1.9737542,0.71040058,0.068233073,0.70048213,0
3.0187862,-2.2182932,-2.2333462,0.46887493,-0.78813744,-0.3987425,0
2.3141637,-2.7173309,-2.1646404,0.46887493,-0.78813744,-0.3987425,0
2.5319874,-2.5290811,-2.1321683,0.46887493,-0.78813744,-0.3987425,0
-2.4441137,-4.8624973,0.34606647,-0.52486885,-0.61170542,0.59188604,0
-2.5580513,-0.54044104,4.8667159,-0.52486885,-0.61170542,0.59188604,0
-0.5321393,-4.176219,2.9277287,-0.52486885,-0.61170542,0.59188604,0
0.4303031,-1.3967379,-3.2334352,-0.71040058,-0.068233073,-0.70048213,0
-0.99459314,4.4821396,0.048957467,-0.46887493,0.78813744,0.3987425,0
-0.57800293,-5.5438433,0.14676762,0.46887493,-0.78813744,-0.3987425,0
1.1983037,-4.8787317,1.2086418,0.46887493,-0.78813744,-0.3987425,0
0.90792847,-5.6592512,2.4493189,0.46887493,-0.78813744,-0.3987425,0
2.3147285,1.229957,0.53009582,0.71040058,0.068233073,0.70048213,0
-0.058949947,5.6831045,-1.6266546,0.52486885,0.61170542,-0.59188604,0
-0.55943489,1.2784343,3.1878822,0.71040058,0.068233073,0.70048213,0
1.0639153,-4.6667275,2.3677797,0.71040058,0.068233073,0.70048213,0
-1.9252847,-5.3797808,0.2547965,-0.52486885,-0.61170542,0.59188604,0
-1.7328801,-5.069953,0.91343594,-0.52486885,-0.61170542,0.59188604,0
1.7003632,-4.5908155,0.92244744,0.46887493,-0.78813744,-0.3987425,0
-2.2907691,3.6819789,0.13724458,-0.46887493,0.78813744,0.3987425,0
0.61659336,5.133636,0.8523109,-0.46887493,0.78813744,0.3987425,0
2.0726748,4.4403553,0.38616228,0.71040058,0.068233073,0.70048213,0
0.82834291,-4.6667047,2.3778467,0.71040058,0.068233073,0.70048213,0
0.066274166,-4.8743143,2.6358418,-0.52486885,-0.61170542,0.59188604,0
-1.577631,1.8049526,-1.4708531,-0.71040058,-0.068233073,-0.70048213,0
0.094909191,-4.3812656,-1.189405,0.46887493,-0.78813744,-0.3987425,0
0.087201357,-2.971802,3.091558,0.71040058,0.068233073,0.70048213,0
0.20560586,3.008255,-3.2502184,-0.71040058,-0.068233073,-0.70048213,0
-2.0625963,-2.3558278,-0.6562084,-0.71040058,-0.068233073,-0.70048213,0
-2.2261899,2.461906,2.4698625,-0.46887493,0.78813744,0.3987425,0
4.0612097,-0.62789524,-4.2133379,0.46887493,-0.78813744,-0.3987425,0
-1.3448573,0.67753386,-1.4414313,-0.71040058,-0.068233073,-0.70048213,0
4.2396574,-0.25023007,-1.4182215,0.71040058,0.068233073,0.70048213,0
-4.9896531,-0.33562851,2.1278658,-0.71040058,-0.068233073,-0.70048213,0
-1.8062525,3.0355675,-1.4114252,-0.71040058,-0.068233073,-0.70048213,0
1.2264194,5.2959309,0.91908669,-0.46887493,0.78813744,0.3987425,0
-1.6098094,3.4485729,1.1240879,-0.46887493,0.78813744,0.3987425,0
0.44533992,-1.5772166,-3.18783,-0.71040058,-0.068233073,-0.70048213,0
0.023124218,-5.8060517,1.6541896,0.46887493,-0.78813744,-0.3987425,0
3.3953738,3.1050818,-1.2575631,0.52486885,0.61170542,-0.59188604,0
1.22939,2.7293921,-3.5947156,0.52486885,0.61170542,-0.59188604,0
-1.406512,-3.526696,2.6902018,-0.52486885,-0.61170542,0.59188604,0
-1.3494813,2.8184929,-1.6499195,-0.71040058,-0.068233073,-0.70048213,0
2.1032948,3.1081538,0.43727303,0.71040058,0.068233073,0.70048213,0
-2.18432,-2.297564,3.1890888,-0.52486885,-0.61170542,0.59188604,0
-2.1722181,-4.2111092,1.4447575,-0.52486885,-0.61170542,0.59188604,0
-0.87180853,-5.0189447,1.477766,-0.52486885,-0.61170542,0.59188604,0
2.9301343,3.0640311,-1.8885312,0.52486885,0.61170542,-0.59188604,0
-4.0337157,-0.5596807,3.3082619,-0.52486885,-0.61170542,0.59188604,0
1.4127356,-0.3261379,1.3834606,0.71040058,0.068233073,0.70048213,0
-2.6382921,-4.9632487,0.23130322,-0.52486885,-0.61170542,0.59188604,0
1.8502235,2.8726907,-3.1370692,0.52486885,0.61170542,-0.59188604,0
2.9393024,-3.2122459,-0.27003145,0.46887493,-0.78813744,-0.3987425,0
2.2414517,2.6054137,-2.7671394,0.52486885,0.61170542,-0.59188604,0
-3.8079588,-0.25998825,3.8773665,-0.52486885,-0.61170542,0.59188604,0
-1.0889771,-2.8436415,3.8092074,-0.52486885,-0.61170542,0.59188604,0
2.378252,3.5011251,-1.7507792,0.52486885,0.61170542,-0.59188604,0
-2.3328509,0.51910734,5.129858,0.71040058,0.068233073,0.70048213,0
2.7766376,0.80704892,0.055259109,0.71040058,0.068233073,0.70048213,0
-0.30248833,-4.8418274,-1.0672307,0.46887493,-0.78813744,-0.3987425,0
-2.0352707,3.1432779,1.5077136,-0.46887493,0.78813744,0.3987425,0
-1.3997185,1.2663256,-1.5116928,-0.71040058,-0.068233073,-0.70048213,0
-0.055082321,5.0171671,0.16063428,-0.46887493,0.78813744,0.3987425,0
0.66695738,-2.1441503,-3.3063254,-0.71040058,-0.068233073,-0.70048213,0
-0.51893735,-5.4506035,1.4958134,-0.52486885,-0.61170542,0.59188604,0
5.0277514,-0.36215001,-3.2803001,0.46887493,-0.78813744,-0.3987425,0
-1.532329,-3.983721,2.2285514,-0.52486885,-0.61170542,0.59188604,0
-1.3478428,-2.7749815,3.4110675,-0.52486885,-0.61170542,0.59188604,0
0.25856805,-4.7414646,2.9255123,-0.52486885,-0.61170542,0.59188604,0
1.2986381,4.9549394,-1.387342,0.52486885,0.61170542,-0.59188604,0
-2.4066958,3.0441999,1.1294731,-0.46887493,0.78813744,0.3987425,0
0.46292138,4.580966,-2.3253751,0.52486885,0.61170542,-0.59188604,0
3.350132,1.6194444,-3.0606971,0.52486885,0.61170542,-0.59188604,0
0.43209314,5.7518306,-0.73260427,-0.46887493,0.78813744,0.3987425,0
-2.6565261,-1.6316495,3.4955621,-0.52486885,-0.61170542,0.59188604,0
-5.4087968,0.17458868,2.5678301,-0.71040058,-0.068233073,-0.70048213,0
3.0413191,3.6057558,-1.0210357,0.52486885,0.61170542,-0.59188604,0
-2.8235047,-2.8106003,2.1386924,-0.52486885,-0.61170542,0.59188604,0
-4.409647,1.5154157,1.9269049,-0.46887493,0.78813744,0.3987425,0
2.2116408,-4.3573089,0.95046341,0.46887493,-0.78813744,-0.3987425,0
-1.5168014,4.4507136,-0.414621,-0.46887493,0.78813744,0.3987425,0
4.3425198,0.41861218,-3.213088,0.52486885,0.61170542,-0.59188604,0
2.4443011,3.3279254,-1.8293014,0.52486885,0.61170542,-0.59188604,0
-2.1267304,-4.4920526,-0.16479731,-0.71040058,-0.068233073,-0.70048213,0
-0.67234218,-4.0784092,2.7644076,-0.52486885,-0.61170542,0.59188604,0
4.7121544,-1.0312706,-1.7363386,0.71040058,0.068233073,0.70048213,0
-0.94714391,-0.5734458,3.8758829,0.71040058,0.068233073,0.70048213,0
-3.0602827,-3.776772,0.96858168,-0.52486885,-0.61170542,0.59188604,0
2.713954,-1.9173765,-3.1838639,0.46887493,-0.78813744,-0.3987425,0
-1.4910355,4.9112473,-1.2421629,-0.46887493,0.78813744,0.3987425,0
-1.1300185,0.15984249,3.9177639,0.71040058,0.068233073,0.70048213,0
1.5360539,4.8560677,-1.1183825,0.52486885,0.61170542,-0.59188604,0
-2.6677525,-1.9992522,3.3046217,-0.52486885,-0.61170542,0.59188604,0
-0.65602803,3.2735815,2.6751387,-0.46887493,0.78813744,0.3987425,0
-0.99902463,-5.563015,-0.1203723,0.46887493,-0.78813744,-0.3987425,0
3.9565322,-0.80535913,-3.537966,0.46887493,-0.78813744,-0.3987425,0
0.3877368,-4.7711296,2.960516,0.71040058,0.068233073,0.70048213,0
3.2129238,-1.7566824,-2.8278582,0.46887493,-0.78813744,-0.3987425,0
2.8193727,-2.9867754,0.24008949,0.71040058,0.068233073,0.70048213,0
-1.093348,4.8611221,-1.0904303,-0.46887493,0.78813744,0.3987425,0
1.6752185,3.7997363,-2.1281142,0.52486885,0.61170542,-0.59188604,0
0.63147855,0.84594452,2.078583,0.71040058,0.068233073,0.70048213,0
-0.7203021,-4.9441381,1.9698858,-0.52486885,-0.61170542,0.59188604,0
-4.3960114,1.4574414,1.8015785,-0.46887493,0.78813744,0.3987425,0
1.3223643,-1.6049829,-4.1538725,-0.71040058,-0.068233073,-0.70048213,0
1.1892385,-2.3407984,1.8410732,0.71040058,0.068233073,0.70048213,0
-0.851614,3.9063725,1.4413092,-0.46887493,0.78813744,0.3987425,0
1.7448359,1.7473474,-4.3014569,0.52486885,0.61170542,-0.59188604,0
3.5072961,-0.16840601,-0.7213645,0.71040058,0.068233073,0.70048213,0
2.6862698,-1.164542,-4.7426996,0.46887493,-0.78813744,-0.3987425,0
-1.3836198,-3.4815807,-1.2068744,-0.71040058,-0.068233073,-0.70048213,0
-3.0891399,1.9049253,2.685791,-0.46887493,0.78813744,0.3987425,0
-2.8016214,3.368412,0.13521317,-0.46887493,0.78813744,0.3987425,0
-3.6143723,2.2515352,1.5809808,-0.46887493,0.78813744,0.3987425,0
3.3847969,2.7108636,-1.8043981,0.52486885,0.61170542,-0.59188604,0
-1.2445049,4.357152,0.17606914,-0.46887493,0.78813744,0.3987425,0
0.89789051,-1.2097383,1.9250444,0.71040058,0.068233073,0.70048213,0
1.8861989,1.2526127,0.72237837,0.71040058,0.068233073,0.70048213,0
-1.5333719,-1.2066712,-1.2054037,-0.71040058,-0.068233073,-0.70048213,0
-0.087001085,-4.2356977,3.1248503,-0.52486885,-0.61170542,0.59188604,0
3.0919843,3.4495339,-0.5995388,0.71040058,0.068233073,0.70048213,0
4.7307625,0.4799487,-3.0179949,0.52486885,0.61170542,-0.59188604,0
-0.03529501,-4.0805645,-2.1309223,0.46887493,-0.78813744,-0.3987425,0
-0.15439224,5.5846305,-0.99988842,-0.46887493,0.78813744,0.3987425,0
-0.96705914,-4.4967637,2.0837431,-0.52486885,-0.61170542,0.59188604,0
1.5121474,-4.8148665,1.4152501,0.46887493,-0.78813744,-0.3987425,0
-0.45371675,5.1954317,-0.53089905,-0.46887493,0.78813744,0.3987425,0
2.3798604,-1.2426269,-4.9506292,0.46887493,-0.78813744,-0.3987425,0
0.96760225,5.6665392,0.024646282,-0.46887493,0.78813744,0.3987425,0
-3.8710659,0.31274691,4.5147748,-0.52486885,-0.61170542,0.59188604,0
-0.56439185,-3.4914131,-1.8266778,-0.71040058,-0.068233073,-0.70048213,0
-0.84029055,-5.2335534,1.2953129,-0.52486885,-0.61170542,0.59188604,0
-0.51648688,4.8701854,-2.9441333,-0.71040058,-0.068233073,-0.70048213,0
-3.3730133,0.75239229,4.3559837,-0.46887493,0.78813744,0.3987425,0
-1.5231876,4.1042423,-0.084915519,-0.46887493,0.78813744,0.3987425,0
-5.3668928,0.07964468,2.7725883,-0.52486885,-0.61170542,0.59188604,0
-2.7282662,-4.6664343,0.49209833,-0.52486885,-0.61170542,0.59188604,0
2.6894884,4.4674921,-0.35487127,0.71040058,0.068233073,0.70048213,0
-1.6502016,-2.9219182,2.9599991,-0.52486885,-0.61170542,0.59188604,0
1.8787308,-4.5650101,1.039001,0.46887493,-0.78813744,-0.3987425,0
-3.9654982,0.49607792,4.2219381,-0.46887493,0.78813744,0.3987425,0
1.8739384,-0.7518127,1.1287867,0.71040058,0.068233073,0.70048213,0
1.4985502,-2.2182863,1.6103277,0.71040058,0.068233073,0.70048213,0
-3.0629034,-2.6476712,0.42810607,-0.71040058,-0.068233073,-0.70048213,0
1.9029813,4.0492954,-1.7689509,0.52486885,0.61170542,-0.59188604,0
-1.1853261,-5.13906,-1.2448187,-0.71040058,-0.068233073,-0.70048213,0
-0.28733587,5.746016,-1.4252329,-0.46887493,0.78813744,0.3987425,0
-3.0390306,1.0835018,4.498445,-0.46887493,0.78813744,0.3987425,0
-1.7553718,-3.3149533,-0.85371351,-0.71040058,-0.068233073,-0.70048213,0
-1.4162822,-5.0081387,-1.0290608,-0.71040058,-0.068233073,-0.70048213,0
1.5732346,1.7433765,-4.3132124,0.52486885,0.61170542,-0.59188604,0
3.0972919,-2.3131275,-0.18468207,0.71040058,0.068233073,0.70048213,0
2.1939559,2.0069094,0.42450535,0.71040058,0.068233073,0.70048213,0
-2.8915937,0.34017622,5.5261273,-0.52486885,-0.61170542,0.59188604,0
-2.5759268,1.2115467,4.7004709,-0.46887493,0.78813744,0.3987425,0
0.56605816,-1.5214479,-3.2079711,-0.71040058,-0.068233073,-0.70048213,0
-3.9327931,1.7194111,0.84809029,-0.71040058,-0.068233073,-0.70048213,0
0.72427988,-5.5130191,2.543839,0.71040058,0.068233073,0.70048213,0
-3.4936223,2.490274,0.31359655,-0.71040058,-0.068233073,-0.70048213,0
4.2300348,-0.67239982,-3.9046626,0.46887493,-0.78813744,-0.3987425,0
1.5304465,5.8018284,-0.27199078,0.52486885,0.61170542,-0.59188604,0
0.46974635,1.8146815,2.1388891,0.71040058,0.068233073,0.70048213,0
3.387445,-2.3302932,-1.6642257,0.46887493,-0.78813744,-0.3987425,0
4.8131814,-0.17910588,-3.6002283,0.52486885,0.61170542,-0.59188604,0
0.10869861,5.4809308,-1.8621078,0.52486885,0.61170542,-0.59188604,0
-1.3735492,0.26792777,-1.4556783,-0.71040058,-0.068233073,-0.70048213,0
-2.7876918,0.76102543,5.2768211,-0.46887493,0.78813744,0.3987425,0
0.46773767,-5.2050977,0.95391631,0.46887493,-0.78813744,-0.3987425,0
2.3628342,0.8747797,-4.4678793,0.52486885,0.61170542,-0.59188604,0
-4.7101994,0.54128498,3.3140345,-0.46887493,0.78813744,0.3987425,0
0.2562449,4.2672024,1.8387014,-0.46887493,0.78813744,0.3987425,0
-3.0466433,-2.9350014,1.7549386,-0.52486885,-0.61170542,0.59188604,0
2.6293876,-2.0686946,0.52434254,0.71040058,0.068233073,0.70048213,0
-2.5560236,-2.7021449,2.4982939,-0.52486885,-0.61170542,0.59188604,0
0.52073455,5.3811808,0.076554298,-0.46887493,0.78813744,0.3987425,0
-4.5683537,-0.058593869,1.7060068,-0.71040058,-0.068233073,-0.70048213,0
-2.3739355,-0.14803362,5.31145,0.71040058,0.068233073,0.70048213,0
-0.5107404,-0.45578814,3.510679,0.71040058,0.068233073,0.70048213,0
4.2099667,0.64201856,-3.1858673,0.52486885,0.61170542,-0.59188604,0
-0.50084209,-5.1227145,-0.49903274,0.46887493,-0.78813744,-0.3987425,0
-1.5250928,-1.5970948,4.4507298,0.71040058,0.068233073,0.70048213,0
-0.073748589,5.242528,-2.3397608,0.52486885,0.61170542,-0.59188604,0
-3.7238095,-0.98801064,3.3621936,-0.52486885,-0.61170542,0.59188604,0
-1.908092,2.5949302,2.642921,-0.46887493,0.78813744,0.3987425,0
1.3488595,-3.1273227,1.8512478,0.71040058,0.068233073,0.70048213,0
3.1204419,0.74523413,-0.48088384,0.71040058,0.068233073,0.70048213,0
3.3309305,2.7343113,-1.8976979,0.52486885,0.61170542,-0.59188604,0
3.5884705,0.83447474,-3.6036072,0.52486885,0.61170542,-0.59188604,0
1.5837572,3.0350995,-3.2030158,0.52486885,0.61170542,-0.59188604,0
-4.658277,0.61420321,1.9506171,-0.71040058,-0.068233073,-0.70048213,0
-0.25412774,-4.787291,-0.79392755,0.46887493,-0.78813744,-0.3987425,0
-1.5728393,4.8338385,-1.6931167,-0.71040058,-0.068233073,-0.70048213,0
-1.5151777,4.920568,-1.4520779,-0.46887493,0.78813744,0.3987425,0
-2.1809208,1.3560796,4.7757201,-0.46887493,0.78813744,0.3987425,0
-2.3612082,1.02193,5.2307954,0.71040058,0.068233073,0.70048213,0
-3.5072033,-1.6531061,2.6773543,-0.52486885,-0.61170542,0.59188604,0
1.8287615,5.086658,-0.70294571,0.52486885,0.61170542,-0.59188604,0
2.44189,-1.8408169,0.63216656,0.71040058,0.068233073,0.70048213,0
-0.96575427,1.9649489,3.6202707,0.71040058,0.068233073,0.70048213,0
-2.6918123,-0.69466352,4.4699712,-0.52486885,-0.61170542,0.59188604,0
1.3073454,-4.3861566,0.30268812,0.46887493,-0.78813744,-0.3987425,0
-1.7185265,-4.269608,1.6321807,-0.52486885,-0.61170542,0.59188604,0
-0.25984716,4.8628349,0.0097417831,-0.46887493,0.78813744,0.3987425,0
1.5979156,4.3121204,-1.8759508,0.52486885,0.61170542,-0.59188604,0
0.044177532,-5.688149,1.8994808,-0.52486885,-0.61170542,0.59188604,0
2.1409016,4.6253939,-0.79735279,0.52486885,0.61170542,-0.59188604,0
-1.2379959,-5.2144222,1.1309795,-0.52486885,-0.61170542,0.59188604,0
4.4236054,1.6311079,-1.7624073,0.71040058,0.068233073,0.70048213,0
-1.4477955,-4.3018312,1.9362202,-0.52486885,-0.61170542,0.59188604,0
2.5266891,-3.7505918,0.68615806,0.71040058,0.068233073,0.70048213,0
2.5361352,-3.1346612,-0.83792979,0.46887493,-0.78813744,-0.3987425,0
-0.51492524,-5.140584,-0.70422101,0.46887493,-0.78813744,-0.3987425,0
0.74940443,5.7347965,-0.43271303,-0.46887493,0.78813744,0.3987425,0
-1.5832059,4.1716018,-1.5556056,-0.71040058,-0.068233073,-0.70048213,0
0.25408053,4.0102539,-3.2821264,0.52486885,0.61170542,-0.59188604,0
-0.91313696,-5.5860944,0.98588848,-0.52486885,-0.61170542,0.59188604,0
2.4287801,-1.571365,-3.8833604,0.46887493,-0.78813744,-0.3987425,0
-1.6951357,-0.44636226,4.5498133,0.71040058,0.068233073,0.70048213,0
-2.6069226,-2.4836645,2.7780857,-0.52486885,-0.61170542,0.59188604,0
1.3111559,2.3581645,-3.9667664,0.52486885,0.61170542,-0.59188604,0
-0.95182896,-5.5070648,1.2293353,-0.52486885,-0.61170542,0.59188604,0
-3.2348235,1.7726635,2.6632049,-0.46887493,0.78813744,0.3987425,0
0.55749941,4.852694,-2.1207519,0.52486885,0.61170542,-0.59188604,0
0.049027205,-2.7633228,2.9924896,0.71040058,0.068233073,0.70048213,0
4.8221607,-0.20339632,-2.1514151,0.71040058,0.068233073,0.70048213,0
0.1841383,5.1489773,-0.10144329,-0.46887493,0.78813744,0.3987425,0
-5.076376,0.3957262,3.2464595,-0.46887493,0.78813744,0.3987425,0
-3.972616,1.1715486,2.938921,-0.46887493,0.78813744,0.3987425,0
-2.0195534,-1.7437186,4.1620474,-0.52486885,-0.61170542,0.59188604,0
-4.6801157,-0.84041142,2.6963005,-0.52486885,-0.61170542,0.59188604,0
1.2614986,3.8212309,1.0678101,0.71040058,0.068233073,0.70048213,0
3.5069592,0.84557456,-3.4744644,0.52486885,0.61170542,-0.59188604,0
0.73830163,0.28853703,2.1906838,0.71040058,0.068233073,0.70048213,0
0.78156948,4.3859816,-2.4885821,0.52486885,0.61170542,-0.59188604,0
3.9737322,0.95771009,-3.1948724,0.52486885,0.61170542,-0.59188604,0
3.3354352,-2.0701535,-1.9952295,0.46887493,-0.78813744,-0.3987425,0
-0.44833922,-3.7932501,3.2712407,-0.52486885,-0.61170542,0.59188604,0
-1.8951962,0.67085934,4.5693583,0.71040058,0.068233073,0.70048213,0
2.5970082,2.3722517,0.13243747,0.71040058,0.068233073,0.70048213,0
-0.136095,0.98650885,-2.9346468,-0.71040058,-0.068233073,-0.70048213,0
-5.1250896,-0.59371018,2.3724794,-0.52486885,-0.61170542,0.59188604,0
0.067996979,-3.7056997,3.2075176,0.71040058,0.068233073,0.70048213,0
4.5550776,0.94219649,-2.7148352,0.52486885,0.61170542,-0.59188604,0
1.658339,3.6545804,-2.3379536,0.52486885,0.61170542,-0.59188604,0
2.2539306,-0.65548956,-5.1229458,-0.71040058,-0.068233073,-0.70048213,0
-1.2285089,-3.0860355,3.4122581,-0.52486885,-0.61170542,0.59188604,0
2.5276494,-2.9918365,-1.2579625,0.46887493,-0.78813744,-0.3987425,0
-0.72489738,-5.8697014,0.87622595,-0.52486885,-0.61170542,0.59188604,0
2.5443416,0.80897605,-4.5503111,0.52486885,0.61170542,-0.59188604,0
1.8499585,1.6714121,0.90852177,0.71040058,0.068233073,0.70048213,0
-1.0586087,-1.2771398,-1.5462053,-0.71040058,-0.068233073,-0.70048213,0
2.1360831,-2.9458385,0.95030445,0.71040058,0.068233073,0.70048213,0
1.7490716,3.7093856,-2.2384467,0.52486885,0.61170542,-0.59188604,0
0.11892605,4.782372,0.88499379,-0.46887493,0.78813744,0.3987425,0
0.046592951,-2.8251319,-2.5112734,-0.71040058,-0.068233073,-0.70048213,0
-2.6745365,-1.4512956,3.7149787,-0.52486885,-0.61170542,0.59188604,0
-0.75345767,-4.6309795,2.286099,-0.52486885,-0.61170542,0.59188604,0
0.70223546,-0.3098278,-3.582617,-0.71040058,-0.068233073,-0.70048213,0
-1.2877824,2.1995411,4.0371542,0.71040058,0.068233073,0.70048213,0
0.063166857,-0.97054839,-2.8569288,-0.71040058,-0.068233073,-0.70048213,0
1.4885252,2.7639785,-3.4453683,0.52486885,0.61170542,-0.59188604,0
3.6978083,1.8721377,-2.3407779,0.52486885,0.61170542,-0.59188604,0
-0.20444584,-5.6926656,1.3870101,-0.52486885,-0.61170542,0.59188604,0
3.1073856,3.7553382,-1.0499902,0.52486885,0.61170542,-0.59188604,0
-2.7663486,-4.5697823,0.46054506,-0.52486885,-0.61170542,0.59188604,0
5.2002616,-0.83766341,-2.5053048,0.46887493,-0.78813744,-0.3987425,0
-4.2425089,-0.29192957,3.5916419,-0.52486885,-0.61170542,0.59188604,0
-0.40711999,1.4889629,3.005404,0.71040058,0.068233073,0.70048213,0
0.36352944,2.8713121,2.3478854,0.71040058,0.068233073,0.70048213,0
1.3817101,-4.0443606,-0.19720376,0.46887493,-0.78813744,-0.3987425,0
-0.085647583,4.654283,0.60699832,-0.46887493,0.78813744,0.3987425,0
-1.0566926,4.9171271,-0.85068703,-0.46887493,0.78813744,0.3987425,0
3.4063623,-0.65192497,-4.8014002,0.46887493,-0.78813744,-0.3987425,0
-2.0326219,-0.76394272,4.8591809,-0.52486885,-0.61170542,0.59188604,0
-0.44785166,3.6055288,2.2551174,-0.46887493,0.78813744,0.3987425,0
0.9803617,-4.3083448,2.244844,0.71040058,0.068233073,0.70048213,0
0.42575455,3.6091201,-3.528183,0.52486885,0.61170542,-0.59188604,0
2.9879324,-1.2662017,-3.9181421,0.46887493,-0.78813744,-0.3987425,0
-5.1424303,0.20448762,3.385479,-0.52486885,-0.61170542,0.59188604,0
-0.31030154,4.323966,-3.0898709,-0.71040058,-0.068233073,-0.70048213,0
2.5156081,-1.1078382,-4.735425,0.46887493,-0.78813744,-0.3987425,0
3.1011446,3.4426317,-1.2028112,0.52486885,0.61170542,-0.59188604,0
3.1396089,-2.9283006,-0.77490318,0.46887493,-0.78813744,-0.3987425,0
2.0824008,1.5236154,-4.0353146,0.52486885,0.61170542,-0.59188604,0
2.7139618,4.2341681,-0.96040249,0.52486885,0.61170542,-0.59188604,0
4.6179371,-0.37316445,-3.9408574,0.46887493,-0.78813744,-0.3987425,0
-3.4452333,2.8200607,0.41903788,-0.46887493,0.78813744,0.3987425,0
-2.6715622,1.7122278,-0.20541626,-0.71040058,-0.068233073,-0.70048213,0
-2.9699152,2.4245818,1.8639642,-0.46887493,0.78813744,0.3987425,0
-3.8691843,-1.3457092,1.1543314,-0.71040058,-0.068233073,-0.70048213,0
-0.24449635,4.2193727,1.4415046,-0.46887493,0.78813744,0.3987425,0
-3.0232615,1.1825607,4.3402176,-0.46887493,0.78813744,0.3987425,0
0.56963038,-2.9151723,-3.198472,-0.71040058,-0.068233073,-0.70048213,0
4.040421,-1.7198594,-1.9221201,0.46887493,-0.78813744,-0.3987425,0
-1.930994,-1.8089334,-0.8502968,-0.71040058,-0.068233073,-0.70048213,0
0.69349432,0.72282732,1.9956864,0.71040058,0.068233073,0.70048213,0
0.19452053,0.30540383,2.639801,0.71040058,0.068233073,0.70048213,0
1.4268646,-2.3451538,-3.8743773,0.46887493,-0.78813744,-0.3987425,0
-1.3761864,4.8931441,-1.3321004,-0.46887493,0.78813744,0.3987425,0
-0.92105293,-3.586,2.9617553,-0.52486885,-0.61170542,0.59188604,0
-0.7096855,-1.4893385,-1.8488847,-0.71040058,-0.068233073,-0.70048213,0
-1.8320293,2.2448738,3.3945246,-0.46887493,0.78813744,0.3987425,0
1.1126673,1.3017557,-4.0982809,-0.71040058,-0.068233073,-0.70048213,0
-2.1255937,-4.6415253,-0.24544406,-0.71040058,-0.068233073,-0.70048213,0
0.59562743,2.5381436,-3.6014862,-0.71040058,-0.068233073,-0.70048213,0
1.1616721,5.0020366,-1.4192967,0.52486885,0.61170542,-0.59188604,0
-1.6350816,-1.9279422,-0.92952132,-0.71040058,-0.068233073,-0.70048213,0
-1.365061,2.8555534,2.9608421,-0.46887493,0.78813744,0.3987425,0
0.54769731,-3.586462,2.7313612,0.71040058,0.068233073,0.70048213,0
-1.2831894,-0.27656388,4.1926908,0.71040058,0.068233073,0.70048213,0
4.6684732,0.60561287,-2.7321506,0.52486885,0.61170542,-0.59188604,0
0.58964682,-2.8617063,-3.2837393,-0.71040058,-0.068233073,-0.70048213,0
-0.90247893,-5.0903463,-0.977916,0.46887493,-0.78813744,-0.3987425,0
-2.0031919,-1.0461593,4.6691933,-0.52486885,-0.61170542,0.59188604,0
-1.0949645,-5.088768,1.5363426,-0.52486885,-0.61170542,0.59188604,0
-2.4726121,-4.2374349,1.055541,-0.52486885,-0.61170542,0.59188604,0
2.9217949,1.6022143,-3.3805923,0.52486885,0.61170542,-0.59188604,0
1.394455,1.9353964,1.1877795,0.71040058,0.068233073,0.70048213,0
-1.8317432,2.1098337,3.5485764,-0.46887493,0.78813744,0.3987425,0
-4.4579558,-0.72649586,1.6492195,-0.71040058,-0.068233073,-0.70048213,0
3.2412238,3.6624002,-0.93875504,0.52486885,0.61170542,-0.59188604,0
3.0983915,-1.4735379,-3.4948542,0.46887493,-0.78813744,-0.3987425,0
2.2590594,5.101985,-0.23396921,0.52486885,0.61170542,-0.59188604,0
-1.1827253,-1.3324518,4.2799158,0.71040058,0.068233073,0.70048213,0
-3.1893158,0.45760965,0.23037219,-0.71040058,-0.068233073,-0.70048213,0
-3.4985223,1.0974239,3.5718739,-0.46887493,0.78813744,0.3987425,0
3.7797108,0.4440369,-3.9439483,0.52486885,0.61170542,-0.59188604,0
-0.16907978,4.8481894,0.34323668,-0.46887493,0.78813744,0.3987425,0
0.14670187,1.9964435,-3.3347988,-0.71040058,-0.068233073,-0.70048213,0
-2.2111378,2.8661394,1.9436965,-0.46887493,0.78813744,0.3987425,0
2.3551505,0.68958151,-4.7116885,0.52486885,0.61170542,-0.59188604,0
-3.7874215,2.0833838,0.7613858,-0.71040058,-0.068233073,-0.70048213,0
1.3038154,-2.7457013,-2.9072003,0.46887493,-0.78813744,-0.3987425,0
-2.9908352,0.83522177,0.16086984,-0.71040058,-0.068233073,-0.70048213,0
-0.34776783,-4.2704768,2.7568197,-0.52486885,-0.61170542,0.59188604,0
-4.1052618,0.74907196,3.8282843,-0.46887493,0.78813744,0.3987425,0
-2.2578354,-0.21098375,-0.49736625,-0.71040058,-0.068233073,-0.70048213,0
2.9689689,4.1655335,-0.76878214,0.52486885,0.61170542,-0.59188604,0
2.3541138,3.0065994,-2.3362703,0.52486885,0.61170542,-0.59188604,0
3.3038242,-2.603847,-0.36721885,0.71040058,0.068233073,0.70048213,0
-3.2704892,1.0066618,4.0739918,-0.46887493,0.78813744,0.3987425,0
2.3702517,-2.1304278,-3.2639039,0.46887493,-0.78813744,-0.3987425,0
-1.9794774,0.10184216,4.9063735,0.71040058,0.068233073,0.70048213,0
-0.16010714,-5.2266326,-0.05059576,0.46887493,-0.78813744,-0.3987425,0
-0.14794493,3.8630254,1.9725473,-0.46887493,0.78813744,0.3987425,0
-2.8465507,2.3039472,2.2608047,-0.46887493,0.78813744,0.3987425,0
-3.1406949,-3.8277078,0.66819143,-0.71040058,-0.068233073,-0.70048213,0
0.95512533,-3.4388714,-2.3451171,0.46887493,-0.78813744,-0.3987425,0
-1.1592026,3.5602469,1.7592483,-0.46887493,0.78813744,0.3987425,0
-0.76068115,5.2427983,-0.99521279,-0.46887493,0.78813744,0.3987425,0
-3.946058,0.039038599,4.2417889,-0.52486885,-0.61170542,0.59188604,0
-1.4892251,0.67113662,-1.5063362,-0.71040058,-0.068233073,-0.70048213,0
-0.93375301,-5.1735473,-0.75605297,0.46887493,-0.78813744,-0.3987425,0
-2.4650331,-0.86266851,4.473403,-0.52486885,-0.61170542,0.59188604,0
1.321934,5.6546755,0.35243225,-0.46887493,0.78813744,0.3987425,0
-2.805656,-2.1263855,0.18405795,-0.71040058,-0.068233073,-0.70048213,0
-3.1716051,2.7834039,0.94628918,-0.46887493,0.78813744,0.3987425,0
-1.742209,4.450531,-0.62911808,-0.46887493,0.78813744,0.3987425,0
0.017035961,4.2734032,1.7953479,-0.46887493,0.78813744,0.3987425,0
-5.0357904,-0.23760676,2.7468948,-0.52486885,-0.61170542,0.59188604,0
1.0307622,4.6959677,-1.9564199,0.52486885,0.61170542,-0.59188604,0
0.76345134,-5.3396201,2.6548247,-0.52486885,-0.61170542,0.59188604,0
4.2519417,-0.60228032,-3.8270655,0.46887493,-0.78813744,-0.3987425,0
3.1472721,-1.7453594,-3.0787251,0.46887493,-0.78813744,-0.3987425,0
-5.0757723,-0.31281841,2.8162637,-0.52486885,-0.61170542,0.59188604,0
2.9529727,0.13600862,-4.6781216,0.52486885,0.61170542,-0.59188604,0
-4.3557429,-1.284861,2.2639513,-0.52486885,-0.61170542,0.59188604,0
1.5882478,4.2132077,-1.9963183,0.52486885,0.61170542,-0.59188604,0
1.6890243,3.8464062,-2.2428193,0.52486885,0.61170542,-0.59188604,0
1.8964262,-1.9964924,-3.9600062,0.46887493,-0.78813744,-0.3987425,0
1.5996761,-4.5087619,0.94325256,0.46887493,-0.78813744,-0.3987425,0
-0.46899366,5.7161198,-1.5913177,-0.46887493,0.78813744,0.3987425,0
3.7637434,1.1054283,-3.2472591,0.52486885,0.61170542,-0.59188604,0
-2.4399331,2.2692235,-0.50186038,-0.71040058,-0.068233073,-0.70048213,0
3.9248788,-0.065533102,-4.3474522,0.52486885,0.61170542,-0.59188604,0
1.9734221,-1.2912881,-4.6214647,-0.71040058,-0.068233073,-0.70048213,0
1.2343765,2.7357349,1.3962215,0.71040058,0.068233073,0.70048213,0
-0.67782879,4.3061662,0.69581044,-0.46887493,0.78813744,0.3987425,0
0.13537633,-2.5209217,2.8798378,0.71040058,0.068233073,0.70048213,0
-2.2220111,-0.081566572,5.0530663,0.71040058,0.068233073,0.70048213,0
2.2720652,-3.6753428,-0.12649101,0.46887493,-0.78813744,-0.3987425,0
0.80304819,3.0974915,-3.7713857,0.52486885,0.61170542,-0.59188604,0
-2.2225833,-3.7569256,1.7999635,-0.52486885,-0.61170542,0.59188604,0
-0.084961414,-5.1820064,2.0249538,-0.52486885,-0.61170542,0.59188604,0
-1.3631725,4.6497536,-0.90898228,-0.46887493,0.78813744,0.3987425,0
3.6464076,1.8230158,-0.92169547,0.71040058,0.068233073,0.70048213,0
-4.4203005,-1.1939459,1.6816521,-0.71040058,-0.068233073,-0.70048213,0
-0.51622725,5.3302507,-1.1732271,-0.46887493,0.78813744,0.3987425,0
4.290432,-0.65891314,-1.4901247,0.71040058,0.068233073,0.70048213,0
-0.95016658,-2.8606663,3.7264357,-0.52486885,-0.61170542,0.59188604,0
-2.1797924,-3.6659176,-0.36303234,-0.71040058,-0.068233073,-0.70048213,0
-1.6547829,-2.6452875,3.2343497,-0.52486885,-0.61170542,0.59188604,0
-0.69422984,1.0278839,3.3718166,0.71040058,0.068233073,0.70048213,0
-3.0821633,2.4731503,-0.0064241588,-0.71040058,-0.068233073,-0.70048213,0
-0.64049196,0.42162633,3.5938575,0.71040058,0.068233073,0.70048213,0
0.89669037,-3.3849351,2.2492144,0.71040058,0.068233073,0.70048213,0
-1.1903315,5.3490791,-1.7334013,-0.46887493,0.78813744,0.3987425,0
4.1387482,-0.2168273,-4.2245679,0.52486885,0.61170542,-0.59188604,0
0.89448428,-2.2016075,-3.4821634,-0.71040058,-0.068233073,-0.70048213,0
2.1674423,-1.8752792,-3.9781044,0.46887493,-0.78813744,-0.3987425,0
-1.3743582,-2.1323175,4.2300677,-0.52486885,-0.61170542,0.59188604,0
0.10361862,-3.7821746,-2.4295092,0.46887493,-0.78813744,-0.3987425,0
0.22513723,4.7690525,-2.4468546,0.52486885,0.61170542,-0.59188604,0
-2.8796477,-1.9830739,3.0955977,-0.52486885,-0.61170542,0.59188604,0
0.60999882,-0.06401825,2.289258,0.71040058,0.068233073,0.70048213,0
0.63592815,1.0690531,2.2127757,0.71040058,0.068233073,0.70048213,0
0.85788965,-4.4276485,-0.42173886,0.46887493,-0.78813744,-0.3987425,0
-1.2192762,-5.8338656,0.11500216,0.46887493,-0.78813744,-0.3987425,0
-1.4489903,4.3093834,-0.18860769,-0.46887493,0.78813744,0.3987425,0
-3.1631904,-3.9719434,0.6283884,-0.71040058,-0.068233073,-0.70048213,0
0.22826454,-0.16748595,2.5051661,0.71040058,0.068233073,0.70048213,0
1.1716467,3.1174986,1.2239175,0.71040058,0.068233073,0.70048213,0
3.4358616,-1.1589789,-3.831557,0.46887493,-0.78813744,-0.3987425,0
-5.3716202,0.44401968,2.6086531,-0.46887493,0.78813744,0.3987425,0
0.54372299,-0.68843234,-3.3899989,-0.71040058,-0.068233073,-0.70048213,0
-2.8670988,2.5807409,1.552477,-0.46887493,0.78813744,0.3987425,0
0.52446461,-4.6028218,-0.36756945,0.46887493,-0.78813744,-0.3987425,0
1.5865113,2.0726986,1.1575099,0.71040058,0.068233073,0.70048213,0
1.7226996,-2.3694766,-3.1945968,0.46887493,-0.78813744,-0.3987425,0
-3.5920839,-1.1863645,3.1154585,-0.52486885,-0.61170542,0.59188604,0
-4.4122572,0.43371809,3.7551184,-0.46887493,0.78813744,0.3987425,0
-3.3347502,-2.4298141,2.0801425,-0.52486885,-0.61170542,0.59188604,0
-0.51200581,-4.0678396,-1.8007507,-0.71040058,-0.068233073,-0.70048213,0
-3.3050041,-1.4610567,3.0962644,-0.52486885,-0.61170542,0.59188604,0
0.86048645,0.23087084,1.9284149,0.71040058,0.068233073,0.70048213,0
-1.8933988,-5.7945218,-0.49578929,-0.71040058,-0.068233073,-0.70048213,0
-2.1479776,2.6857846,2.0555582,-0.46887493,0.78813744,0.3987425,0
2.0623999,-2.0269637,1.0683188,0.71040058,0.068233073,0.70048213,0
2.4047108,0.54242802,-4.9240184,0.52486885,0.61170542,-0.59188604,0
-4.562891,1.004817,2.9182751,-0.46887493,0.78813744,0.3987425,0
-3.0647216,2.8615863,-0.10951435,-0.71040058,-0.068233073,-0.70048213,0
-4.5456152,1.0310924,2.8724968,-0.46887493,0.78813744,0.3987425,0
-0.18396378,-0.63149297,-2.6043344,-0.71040058,-0.068233073,-0.70048213,0
-3.4219337,-0.06126678,4.4205446,-0.52486885,-0.61170542,0.59188604,0
-0.31843042,5.6944723,-1.4041848,-0.46887493,0.78813744,0.3987425,0
-3.5416203,-0.015111685,4.3339396,-0.52486885,-0.61170542,0.59188604,0
-2.1633549,-5.4817152,0.024456501,-0.52486885,-0.61170542,0.59188604,0
2.785248,-1.5689738,-3.6029012,0.46887493,-0.78813744,-0.3987425,0
-2.1243093,-4.383894,1.0212784,-0.52486885,-0.61170542,0.59188604,0
-2.0271068,-4.3927717,1.2380905,-0.52486885,-0.61170542,0.59188604,0
-2.5485404,-2.6264634,2.7784915,-0.52486885,-0.61170542,0.59188604,0
-5.0033326,-0.21487081,3.0543714,-0.52486885,-0.61170542,0.59188604,0
-1.4196745,0.21076369,-1.5441992,-0.71040058,-0.068233073,-0.70048213,0
-0.90086794,5.0605192,-1.0516527,-0.46887493,0.78813744,0.3987425,0
-1.9426098,-2.8546047,2.8552947,-0.52486885,-0.61170542,0.59188604,0
-4.3136644,1.6970987,1.767782,-0.46887493,0.78813744,0.3987425,0
2.9273651,2.0550144,-2.7562995,0.52486885,0.61170542,-0.59188604,0
3.2680361,-1.0935085,-0.46852052,0.71040058,0.068233073,0.70048213,0
-0.21848392,-3.7228713,3.409656,-0.52486885,-0.61170542,0.59188604,0
-1.5026357,-4.5350704,1.6362123,-0.52486885,-0.61170542,0.59188604,0
-1.9984823,-4.0424895,1.7491422,-0.52486885,-0.61170542,0.59188604,0
-0.2623806,-5.740098,1.3815136,-0.52486885,-0.61170542,0.59188604,0
4.4472418,1.2028109,-2.5621686,0.52486885,0.61170542,-0.59188604,0
0.87262356,-2.3590412,2.2096074,0.71040058,0.068233073,0.70048213,0
-1.5126574,-5.4969797,0.66441965,-0.52486885,-0.61170542,0.59188604,0
4.0474138,0.2422031,-3.8337541,0.52486885,0.61170542,-0.59188604,0
4.2518592,-1.6757666,-1.5555079,0.46887493,-0.78813744,-0.3987425,0
-0.12784123,4.7421002,-2.9768534,0.52486885,0.61170542,-0.59188604,0
-4.2559595,-0.44205528,3.2607498,-0.52486885,-0.61170542,0.59188604,0
3.067271,2.9292827,-0.44763613,0.71040058,0.068233073,0.70048213,0
-2.8780613,-3.3332567,1.6365595,-0.52486885,-0.61170542,0.59188604,0
-3.1150613,-2.0893204,2.6117949,-0.52486885,-0.61170542,0.59188604,0
-0.52737188,3.5249209,2.6291583,-0.46887493,0.78813744,0.3987425,0
1.7959248,2.8316209,-2.9555054,0.52486885,0.61170542,-0.59188604,0
2.464757,3.5745645,-1.7314072,0.52486885,0.61170542,-0.59188604,0
-1.1826973,-2.6262851,3.8891263,-0.52486885,-0.61170542,0.59188604,0
4.1607599,-0.63945878,-4.1110802,0.46887493,-0.78813744,-0.3987425,0
-1.8770864,-1.3392906,-0.8756094,-0.71040058,-0.068233073,-0.70048213,0
-2.0616381,-5.108798,0.59074306,-0.52486885,-0.61170542,0.59188604,0
3.7178755,0.52271914,-1.0646791,0.71040058,0.068233073,0.70048213,0
-0.34781837,-4.6450644,2.3494844,-0.52486885,-0.61170542,0.59188604,0
-3.4995637,2.6363163,0.835935,-0.46887493,0.78813744,0.3987425,0
-0.14022183,2.1518703,2.6803098,0.71040058,0.068233073,0.70048213,0
4.917161,-0.79780078,-2.7652926,0.46887493,-0.78813744,-0.3987425,0
2.0652437,-1.1292623,0.8070178,0.71040058,0.068233073,0.70048213,0
2.220583,4.4791231,-0.9217844,0.52486885,0.61170542,-0.59188604,0
-4.6373901,0.33628964,3.8507915,-0.52486885,-0.61170542,0.59188604,0
-4.4717093,-0.16797127,3.4844465,-0.52486885,-0.61170542,0.59188604,0
1.4316902,-3.9625881,-0.30963808,0.46887493,-0.78813744,-0.3987425,0
2.7511406,-2.019798,-2.7456174,0.46887493,-0.78813744,-0.3987425,0
0.068014979,0.77766299,-2.9045072,-0.71040058,-0.068233073,-0.70048213,0
4.9326057,0.76415938,-2.5001307,0.52486885,0.61170542,-0.59188604,0
2.0055492,3.8643916,-1.6829734,0.52486885,0.61170542,-0.59188604,0
1.4509506,5.2719779,-0.90168381,0.52486885,0.61170542,-0.59188604,0
-5.1895132,-0.10481429,2.7660022,-0.52486885,-0.61170542,0.59188604,0
1.9450498,-4.2110176,0.33824813,0.46887493,-0.78813744,-0.3987425,0
-1.3633673,-2.8486202,-1.0754399,-0.71040058,-0.068233073,-0.70048213,0
4.9868641,-0.45116293,-2.1513128,0.71040058,0.068233073,0.70048213,0
-1.5346828,-3.1085305,3.0280766,-0.52486885,-0.61170542,0.59188604,0
3.0761838,1.419292,-3.5748024,0.52486885,0.61170542,-0.59188604,0
0.68479705,5.0123491,1.0615836,-0.46887493,0.78813744,0.3987425,0
2.2669733,4.7867265,0.15974522,0.71040058,0.068233073,0.70048213,0
-0.39199448,5.391417,-1.1742675,-0.46887493,0.78813744,0.3987425,0
4.3002443,-0.98915541,-2.8588035,0.46887493,-0.78813744,-0.3987425,0
4.1189003,-0.18031549,-1.2335241,0.71040058,0.068233073,0.70048213,0
-1.8443415,-4.7365556,1.183867,-0.52486885,-0.61170542,0.59188604,0
-2.2307024,-0.16128492,5.0150309,0.71040058,0.068233073,0.70048213,0
-0.58501154,-1.9630294,3.7363892,0.71040058,0.068233073,0.70048213,0
2.4470925,-3.9891112,0.63226533,0.46887493,-0.78813744,-0.3987425,0
-0.82120514,-5.123827,-0.79598641,0.46887493,-0.78813744,-0.3987425,0
-4.078434,-2.1227775,1.9420562,-0.52486885,-0.61170542,0.59188604,0
3.6930394,2.5790768,-1.4986725,0.52486885,0.61170542,-0.59188604,0
-1.0407379,3.3488617,2.1236866,-0.46887493,0.78813744,0.3987425,0
-3.6819813,2.0487843,1.5376368,-0.46887493,0.78813744,0.3987425,0
0.93120611,-2.7510965,2.3040347,0.71040058,0.068233073,0.70048213,0
1.2107923,5.9237609,-0.55034494,0.52486885,0.61170542,-0.59188604,0
0.82589638,4.5857906,-1.9809265,0.52486885,0.61170542,-0.59188604,0
2.7951419,3.6071038,-1.3990932,0.52486885,0.61170542,-0.59188604,0
0.024181843,4.1238742,1.9670491,-0.46887493,0.78813744,0.3987425,0
-1.676084,-0.88891089,-0.97052062,-0.71040058,-0.068233073,-0.70048213,0
-0.82899785,-3.2889056,-1.6891459,-0.71040058,-0.068233073,-0.70048213,0
-4.1587334,0.092024036,3.9145246,-0.52486885,-0.61170542,0.59188604,0
-2.754961,0.67857504,-0.090769053,-0.71040058,-0.068233073,-0.70048213,0
-4.4043293,-0.26644963,3.4166613,-0.52486885,-0.61170542,0.59188604,0
-0.37646198,5.7082129,-1.6262841,-0.46887493,0.78813744,0.3987425,0
-0.48082733,5.4921074,-1.4805222,-0.46887493,0.78813744,0.3987425,0
-1.4281867,2.800354,2.7792194,-0.46887493,0.78813744,0.3987425,0
4.1032114,-0.38954988,-4.2273707,0.52486885,0.61170542,-0.59188604,0
3.9577906,-0.46217087,-4.5705099,0.46887493,-0.78813744,-0.3987425,0
1.824277,3.1365852,0.66035938,0.71040058,0.068233073,0.70048213,0
0.94244587,-2.0937934,2.1499534,0.71040058,0.068233073,0.70048213,0
-0.99875122,-1.2469344,3.8625162,0.71040058,0.068233073,0.70048213,0
4.5619845,1.2339754,-1.7877364,0.71040058,0.068233073,0.70048213,0
-4.2504587,-0.59125048,3.1202583,-0.52486885,-0.61170542,0.59188604,0
-3.7800486,-0.043448895,4.0727825,-0.52486885,-0.61170542,0.59188604,0
0.12539291,-4.6296124,-0.83948839,0.46887493,-0.78813744,-0.3987425,0
2.7930372,-2.8534384,-1.0011899,0.46887493,-0.78813744,-0.3987425,0
-0.68743354,-3.6213262,3.1782722,-0.52486885,-0.61170542,0.59188604,0
-2.7750497,-1.7627442,3.2576723,-0.52486885,-0.61170542,0.59188604,0
-2.2333374,-2.4112439,3.1914277,-0.52486885,-0.61170542,0.59188604,0
2.3942673,3.2705994,-2.0671983,0.52486885,0.61170542,-0.59188604,0
-3.2798347,-2.8760252,1.7619557,-0.52486885,-0.61170542,0.59188604,0
4.0009575,-1.8701758,-1.7978995,0.46887493,-0.78813744,-0.3987425,0
-0.33541465,-4.3120785,-1.9350926,0.46887493,-0.78813744,-0.3987425,0
-3.0314882,-2.9725223,1.7474875,-0.52486885,-0.61170542,0.59188604,0
1.3302251,3.8473258,-2.3584418,0.52486885,0.61170542,-0.59188604,0
3.8749285,-0.68400013,-0.89530158,0.71040058,0.068233073,0.70048213,0
3.8778102,-0.11229527,-1.1019213,0.71040058,0.068233073,0.70048213,0
1.3561304,-2.6124375,1.7891904,0.71040058,0.068233073,0.70048213,0
0.70301533,2.5530396,1.9081993,0.71040058,0.068233073,0.70048213,0
3.1118293,3.567699,-1.2821441,0.52486885,0.61170542,-0.59188604,0
-0.70695567,-5.708014,0.32385707,0.46887493,-0.78813744,-0.3987425,0
-0.54136205,-5.2535458,-0.51656675,0.46887493,-0.78813744,-0.3987425,0
-0.22674751,4.7280645,0.47466266,-0.46887493,0.78813744,0.3987425,0
-4.039444,1.3486062,1.0016577,-0.71040058,-0.068233073,-0.70048213,0
-0.99699688,-5.2851834,1.1854124,-0.52486885,-0.61170542,0.59188604,0
1.0438437,-5.418993,2.276226,0.71040058,0.068233073,0.70048213,0
-0.054561317,2.1949868,-2.9825978,-0.71040058,-0.068233073,-0.70048213,0
0.86077785,-5.57057,2.1149683,0.46887493,-0.78813744,-0.3987425,0
3.0128739,-1.1605909,-4.1951046,0.46887493,-0.78813744,-0.3987425,0
