1.0957046,0.93869627,-3.2269311,0.5982064,-0.14478673,-0.78815353,0
0.90062785,-1.3865359,-2.8515935,0.5982064,-0.14478673,-0.78815353,0
-1.3606694,1.7236786,-3.0897386,0.097687766,0.98938251,-0.10760847,0
0.9688015,1.5146747,-3.4461784,0.5982064,-0.14478673,-0.78815353,0
0.21250796,2.1611023,2.3001928,0.097687766,0.98938251,-0.10760847,0
-3.7007732,-1.5681813,-0.11932588,-0.097687766,-0.98938251,0.10760847,0
2.5173991,-2.0127714,3.0008347,-0.097687766,-0.98938251,0.10760847,0
-2.4704235,0.11511172,1.8788126,-0.5982064,0.14478673,0.78815353,0
0.050873041,-2.1637573,-1.1046243,-0.097687766,-0.98938251,0.10760847,0
2.7926264,1.1292663,3.0582418,0.79536545,-0.012620866,0.60599887,0
2.4190061,-1.875275,-1.668424,0.5982064,-0.14478673,-0.78815353,0
-3.4860396,1.9106444,0.69237339,-0.5982064,0.14478673,0.78815353,0
1.5150167,2.0144143,2.1415606,0.097687766,0.98938251,-0.10760847,0
-0.62607002,-2.131989,-2.0668268,-0.097687766,-0.98938251,0.10760847,0
-2.6536987,2.4828508,1.223972,-0.5982064,0.14478673,0.78815353,0
0.3091327,-2.2851219,-2.0921059,-0.097687766,-0.98938251,0.10760847,0
3.2901204,1.774838,2.2782292,0.79536545,-0.012620866,0.60599887,0
-3.9469581,-1.7694203,-0.9049263,-0.097687766,-0.98938251,0.10760847,0
3.750001,-0.77908528,1.5327668,0.79536545,-0.012620866,0.60599887,0
-4.6273904,-1.4762167,0.62702799,-0.5982064,0.14478673,0.78815353,0
-3.6890943,2.2005835,0.57297862,-0.5982064,0.14478673,0.78815353,0
-0.29865766,-0.33344206,-3.991431,0.5982064,-0.14478673,-0.78815353,0
3.342072,-0.17622718,2.2969651,0.79536545,-0.012620866,0.60599887,0
-2.7350893,-1.9065443,-2.9598956,-0.79536545,0.012620866,-0.60599887,0
0.16257334,0.24167717,3.8877237,-0.5982064,0.14478673,0.78815353,0
0.11450171,-0.6990267,4.0745745,-0.5982064,0.14478673,0.78815353,0
4.833251,0.54890835,0.28247738,0.79536545,-0.012620866,0.60599887,0
3.7466199,-2.2795491,1.7009511,-0.097687766,-0.98938251,0.10760847,0
-3.6007676,-1.1738162,1.2932179,-0.5982064,0.14478673,0.78815353,0
0.23799634,1.5476966,3.5991664,-0.5982064,0.14478673,0.78815353,0
-4.5330658,-0.76243925,-0.56350327,-0.79536545,0.012620866,-0.60599887,0
1.8083413,1.8072811,4.2226944,0.79536545,-0.012620866,0.60599887,0
0.32731551,-1.8939848,1.75029,-0.097687766,-0.98938251,0.10760847,0
1.563379,2.1658225,3.0836313,0.097687766,0.98938251,-0.10760847,0
-3.7591107,-1.4510522,-1.7313223,-0.79536545,0.012620866,-0.60599887,0
-3.9077654,-0.79659957,-1.3881931,-0.79536545,0.012620866,-0.60599887,0
3.0950446,-0.36806148,-1.3957763,0.5982064,-0.14478673,-0.78815353,0
1.0205777,-1.7680104,2.3381729,-0.097687766,-0.98938251,0.10760847,0
4.4981313,-1.5213732,-0.1893847,0.5982064,-0.14478673,-0.78815353,0
3.3301373,1.3273536,2.2813082,0.79536545,-0.012620866,0.60599887,0
0.33091903,0.10031599,-3.6470742,0.5982064,-0.14478673,-0.78815353,0
0.04987812,-2.3769546,-3.1970396,-0.097687766,-0.98938251,0.10760847,0
-1.2269707,-2.025413,-1.7864394,-0.097687766,-0.98938251,0.10760847,0
-2.0145242,-0.37672439,-4.0689526,-0.79536545,0.012620866,-0.60599887,0
-4.3028498,1.0432401,-0.84956551,-0.79536545,0.012620866,-0.60599887,0
-0.42081326,-2.0659733,-0.929663,-0.097687766,-0.98938251,0.10760847,0
1.7900193,1.9934603,1.7124364,0.097687766,0.98938251,-0.10760847,0
-1.0998155,-0.80632508,3.1253223,-0.5982064,0.14478673,0.78815353,0
-0.87681198,0.82347262,2.9244277,-0.5982064,0.14478673,0.78815353,0
3.6290264,-1.2046325,-0.93024302,0.5982064,-0.14478673,-0.78815353,0
-3.6267066,0.35988274,-1.9529047,-0.79536545,0.012620866,-0.60599887,0
-0.38853192,1.2754054,3.3655956,-0.5982064,0.14478673,0.78815353,0
-3.6622584,1.0851467,0.89675176,-0.5982064,0.14478673,0.78815353,0
2.9455359,1.3249743,-1.7211277,0.5982064,-0.14478673,-0.78815353,0
-3.7301011,-0.49464044,-1.7114711,-0.79536545,0.012620866,-0.60599887,0
2.7102115,-1.3544658,2.9950886,0.79536545,-0.012620866,0.60599887,0
-3.2672849,2.3729913,-0.1439445,0.097687766,0.98938251,-0.10760847,0
-3.3835144,1.9323668,0.88683069,-0.5982064,0.14478673,0.78815353,0
-2.2619526,-1.5936998,1.415802,-0.097687766,-0.98938251,0.10760847,0
-2.2337821,-1.9324574,-0.69005489,-0.097687766,-0.98938251,0.10760847,0
-1.5422273,-0.15999597,-4.6185555,-0.79536545,0.012620866,-0.60599887,0
-3.4587693,-1.5761044,1.4271879,-0.097687766,-0.98938251,0.10760847,0
0.3695488,0.49652442,4.0060711,-0.5982064,0.14478673,0.78815353,0
-3.6697826,-0.34585583,-1.9198689,-0.79536545,0.012620866,-0.60599887,0
-0.24694562,2.3728974,3.0941458,-0.5982064,0.14478673,0.78815353,0
4.7742548,-0.33606321,-0.081743479,0.5982064,-0.14478673,-0.78815353,0
-2.3654451,-0.6082266,-3.4577746,-0.79536545,0.012620866,-0.60599887,0
-1.5010549,-2.0257764,-2.1055806,-0.097687766,-0.98938251,0.10760847,0
2.0700004,1.6645757,3.9779153,0.79536545,-0.012620866,0.60599887,0
4.5308867,0.28362131,0.55543852,0.79536545,-0.012620866,0.60599887,0
-0.54903889,-0.17196411,3.4567316,-0.5982064,0.14478673,0.78815353,0
2.8323989,1.5563264,-1.4428792,0.097687766,0.98938251,-0.10760847,0
-3.1703105,2.1764197,-1.8881273,0.097687766,0.98938251,-0.10760847,0
2.4912171,1.7482256,0.18429303,0.097687766,0.98938251,-0.10760847,0
-2.4665351,-2.1619444,-2.7423072,-0.097687766,-0.98938251,0.10760847,0
0.20060253,-1.8036206,2.3995018,-0.097687766,-0.98938251,0.10760847,0
3.4078221,1.1610321,2.0377645,0.79536545,-0.012620866,0.60599887,0
-1.4322095,0.73513258,-4.7010527,-0.79536545,0.012620866,-0.60599887,0
4.0708852,1.308709,-1.0487373,0.5982064,-0.14478673,-0.78815353,0
1.3609238,-0.26569024,-2.8188918,0.5982064,-0.14478673,-0.78815353,0
-2.7367043,-1.1818304,-2.9913721,-0.79536545,0.012620866,-0.60599887,0
-0.97560668,-1.6024733,-4.2082257,0.5982064,-0.14478673,-0.78815353,0
-1.2198832,-0.73848355,-4.5692701,0.5982064,-0.14478673,-0.78815353,0
-2.408505,-0.70843363,-3.3638337,-0.79536545,0.012620866,-0.60599887,0
-0.80948728,1.997407,-1.1541468,0.097687766,0.98938251,-0.10760847,0
-1.8065388,-2.1698821,-4.3990703,-0.79536545,0.012620866,-0.60599887,0
0.24058843,-1.9686306,-3.1558638,0.5982064,-0.14478673,-0.78815353,0
2.8366442,0.4681493,2.886692,0.79536545,-0.012620866,0.60599887,0
-0.26733303,-0.33432096,3.7192233,-0.5982064,0.14478673,0.78815353,0
-2.5865884,0.55343807,-3.2757702,-0.79536545,0.012620866,-0.60599887,0
-2.8713052,1.664827,1.3347734,-0.5982064,0.14478673,0.78815353,0
-0.37788296,2.3299723,2.0088158,0.097687766,0.98938251,-0.10760847,0
4.7742686,0.23279947,-0.14307928,0.5982064,-0.14478673,-0.78815353,0
1.5796514,0.36032888,4.6242056,0.79536545,-0.012620866,0.60599887,0
4.2189741,-1.8045745,1.1603251,0.79536545,-0.012620866,0.60599887,0
3.0152667,-0.58976173,-1.4177958,0.5982064,-0.14478673,-0.78815353,0
-0.84280401,-1.7499921,1.3763957,-0.097687766,-0.98938251,0.10760847,0
1.6827009,2.3296762,3.9566922,0.097687766,0.98938251,-0.10760847,0
4.7887526,-0.30886942,0.22318459,0.79536545,-0.012620866,0.60599887,0
-2.4028554,-0.06656146,1.9929723,-0.5982064,0.14478673,0.78815353,0
-2.6812572,1.6105413,-2.9051187,-0.79536545,0.012620866,-0.60599887,0
-4.5442114,0.99103761,-0.66768765,-0.79536545,0.012620866,-0.60599887,0
0.17189431,-0.4848108,-3.5729735,0.5982064,-0.14478673,-0.78815353,0
2.6239071,-2.0274179,2.9100411,-0.097687766,-0.98938251,0.10760847,0
-1.6887319,0.65255225,2.3649125,-0.5982064,0.14478673,0.78815353,0
-3.6299779,0.36468762,1.0186772,-0.5982064,0.14478673,0.78815353,0
-2.7369499,-1.9481189,-3.0403585,-0.79536545,0.012620866,-0.60599887,0
-2.4537058,-2.0556524,-3.4401255,-0.79536545,0.012620866,-0.60599887,0
-4.7990084,2.1883645,-0.17537475,-0.5982064,0.14478673,0.78815353,0
3.224144,1.1562157,2.5082121,0.79536545,-0.012620866,0.60599887,0
-2.8205695,0.90901279,1.4688197,-0.5982064,0.14478673,0.78815353,0
-4.4435668,-0.872733,-0.66930628,-0.79536545,0.012620866,-0.60599887,0
-2.7319424,2.092423,-1.6730232,0.097687766,0.98938251,-0.10760847,0
3.5637832,-1.6870888,-0.78213418,0.5982064,-0.14478673,-0.78815353,0
2.0926485,2.1124201,3.374815,0.097687766,0.98938251,-0.10760847,0
0.64816648,1.8646729,-1.2190537,0.097687766,0.98938251,-0.10760847,0
4.2356405,-0.007074073,1.0788636,0.79536545,-0.012620866,0.60599887,0
1.9517601,-0.75831521,4.0720234,0.79536545,-0.012620866,0.60599887,0
2.5871391,1.956876,0.9180162,0.097687766,0.98938251,-0.10760847,0
-3.8556209,0.24067956,-1.4770355,-0.79536545,0.012620866,-0.60599887,0
3.1537602,1.924608,2.4362683,0.097687766,0.98938251,-0.10760847,0
1.6365113,2.2259111,3.1897769,0.097687766,0.98938251,-0.10760847,0
4.1557665,-0.3585723,1.0894711,0.79536545,-0.012620866,0.60599887,0
3.5177498,-0.14317067,-1.0689875,0.5982064,-0.14478673,-0.78815353,0
-4.2248564,-0.086228356,-1.0231423,-0.79536545,0.012620866,-0.60599887,0
-1.0156791,-2.3181887,-3.0927761,-0.097687766,-0.98938251,0.10760847,0
-3.1629546,2.3907762,0.81632733,0.097687766,0.98938251,-0.10760847,0
-1.129607,-1.1537293,-4.5089216,0.5982064,-0.14478673,-0.78815353,0
-1.3910621,-0.27173781,2.7722995,-0.5982064,0.14478673,0.78815353,0
3.4845691,-0.95784295,2.1181421,0.79536545,-0.012620866,0.60599887,0
4.9367886,1.1648358,-0.32961297,0.5982064,-0.14478673,-0.78815353,0
2.0324683,-1.0461173,3.9134302,0.79536545,-0.012620866,0.60599887,0
0.8188709,-1.873579,2.9793036,-0.097687766,-0.98938251,0.10760847,0
0.74053568,2.0020208,1.3431333,0.097687766,0.98938251,-0.10760847,0
-0.95804453,-1.7723817,-4.2739229,0.5982064,-0.14478673,-0.78815353,0
2.2868838,-0.61336911,3.6949482,0.79536545,-0.012620866,0.60599887,0
2.5502427,0.51538157,-1.9948616,0.5982064,-0.14478673,-0.78815353,0
-1.3263226,-2.05705,-1.0815812,-0.097687766,-0.98938251,0.10760847,0
4.5688639,-2.067064,0.089785099,0.5982064,-0.14478673,-0.78815353,0
-1.6921211,2.0027864,-2.0575118,0.097687766,0.98938251,-0.10760847,0
-0.2324568,2.2534285,1.3417746,0.097687766,0.98938251,-0.10760847,0
0.39060044,-2.3808885,-2.79456,-0.097687766,-0.98938251,0.10760847,0
0.57449013,1.7179778,-1.3613245,0.097687766,0.98938251,-0.10760847,0
3.476485,-2.2490578,-0.68933284,0.5982064,-0.14478673,-0.78815353,0
-1.6972539,0.74660671,-4.3752069,-0.79536545,0.012620866,-0.60599887,0
-3.063592,-1.1455557,-2.7612381,-0.79536545,0.012620866,-0.60599887,0
-3.5104146,-1.866159,-1.3188894,-0.097687766,-0.98938251,0.10760847,0
3.5747528,1.0687546,2.0266852,0.79536545,-0.012620866,0.60599887,0
-3.615092,1.4602233,-1.8080413,-0.79536545,0.012620866,-0.60599887,0
2.6048696,-1.7125831,-1.5623468,0.5982064,-0.14478673,-0.78815353,0
-0.53244925,2.2706616,2.3190889,0.097687766,0.98938251,-0.10760847,0
-1.8200765,1.2365934,-4.3037677,-0.79536545,0.012620866,-0.60599887,0
-1.2342099,1.3340564,2.5724769,-0.5982064,0.14478673,0.78815353,0
-4.0754786,2.0474977,0.44093823,-0.5982064,0.14478673,0.78815353,0
2.6230893,1.0048819,3.3071003,0.79536545,-0.012620866,0.60599887,0
0.87898707,2.2571421,2.5012913,0.097687766,0.98938251,-0.10760847,0
-3.7149689,1.4635304,0.60750067,-0.5982064,0.14478673,0.78815353,0
-2.5189378,-0.71052849,-3.2057307,-0.79536545,0.012620866,-0.60599887,0
3.3856852,0.27980351,-1.3234196,0.5982064,-0.14478673,-0.78815353,0
-1.556108,-0.031011283,-4.5211082,-0.79536545,0.012620866,-0.60599887,0
-0.85236734,-1.9972966,-0.42285168,-0.097687766,-0.98938251,0.10760847,0
0.73148179,0.88888574,4.2012839,-0.5982064,0.14478673,0.78815353,0
1.401252,1.9594895,4.5017958,-0.5982064,0.14478673,0.78815353,0
-2.6995289,2.2945147,0.49406159,0.097687766,0.98938251,-0.10760847,0
4.1827269,-1.6974368,-0.32408476,0.5982064,-0.14478673,-0.78815353,0
-2.6245284,0.21896654,-2.9894075,-0.79536545,0.012620866,-0.60599887,0
-1.540992,0.089465141,-4.6464324,-0.79536545,0.012620866,-0.60599887,0
2.4952791,-1.2529794,3.4136815,0.79536545,-0.012620866,0.60599887,0
-0.23915458,0.10756609,3.4784427,-0.5982064,0.14478673,0.78815353,0
-0.32905006,-1.00781,-3.8062949,0.5982064,-0.14478673,-0.78815353,0
-2.3404727,2.0493455,1.6251904,-0.5982064,0.14478673,0.78815353,0
-1.7006018,-1.7211835,-4.3375955,-0.79536545,0.012620866,-0.60599887,0
2.2209153,-0.20322603,3.691875,0.79536545,-0.012620866,0.60599887,0
2.7756028,1.9504024,2.9654293,0.79536545,-0.012620866,0.60599887,0
3.208884,0.83076304,2.4203801,0.79536545,-0.012620866,0.60599887,0
1.336219,1.6478448,-2.217984,0.097687766,0.98938251,-0.10760847,0
0.94244432,-1.6069937,3.9907584,-0.097687766,-0.98938251,0.10760847,0
-0.091956139,-1.8387536,-3.6623204,0.5982064,-0.14478673,-0.78815353,0
0.93072534,2.3641868,3.1941071,0.097687766,0.98938251,-0.10760847,0
-4.6250229,2.4052923,-0.11174297,-0.5982064,0.14478673,0.78815353,0
-3.296371,-0.27709675,-2.1411848,-0.79536545,0.012620866,-0.60599887,0
-0.025336266,-1.5003867,3.9879749,-0.097687766,-0.98938251,0.10760847,0
3.1591654,1.1723357,2.4410906,0.79536545,-0.012620866,0.60599887,0
4.524713,-1.2980772,0.53636622,0.79536545,-0.012620866,0.60599887,0
2.9941108,-1.3008572,2.6285973,0.79536545,-0.012620866,0.60599887,0
-2.3752241,1.9227588,-3.5406899,-0.79536545,0.012620866,-0.60599887,0
-0.14810944,-0.58232862,-3.9242332,0.5982064,-0.14478673,-0.78815353,0
0.17426527,-1.7868142,1.8378241,-0.097687766,-0.98938251,0.10760847,0
-4.9055023,-0.30244058,-0.0248034,-0.79536545,0.012620866,-0.60599887,0
-2.0795844,0.86902201,2.0865483,-0.5982064,0.14478673,0.78815353,0
3.8723328,-2.3535013,0.50363231,-0.097687766,-0.98938251,0.10760847,0
-1.8872901,2.2601585,-0.064803362,0.097687766,0.98938251,-0.10760847,0
3.3024209,1.1316453,2.3158937,0.79536545,-0.012620866,0.60599887,0
-4.723588,0.62477052,-0.3481636,-0.79536545,0.012620866,-0.60599887,0
-3.4124353,0.27223015,1.0751183,-0.5982064,0.14478673,0.78815353,0
2.301837,1.5233711,-1.7293711,0.097687766,0.98938251,-0.10760847,0
-2.3955407,1.2101048,-3.3935814,-0.79536545,0.012620866,-0.60599887,0
-1.4342775,1.8173647,-3.1224647,0.097687766,0.98938251,-0.10760847,0
-0.77515626,1.2300469,-4.5072632,0.5982064,-0.14478673,-0.78815353,0
2.8083782,-1.0420059,-1.4046662,0.5982064,-0.14478673,-0.78815353,0
3.5767338,-1.470171,-0.72448945,0.5982064,-0.14478673,-0.78815353,0
3.4488516,-1.3881614,2.1854753,0.79536545,-0.012620866,0.60599887,0
4.0986681,-1.6141199,1.2409308,0.79536545,-0.012620866,0.60599887,0
-1.5333036,-0.019332469,2.7148581,-0.5982064,0.14478673,0.78815353,0
-1.2999747,2.0877256,2.46945,-0.5982064,0.14478673,0.78815353,0
-3.3754601,-1.4620821,1.3785813,-0.097687766,-0.98938251,0.10760847,0
2.0547738,0.48796931,4.0107031,0.79536545,-0.012620866,0.60599887,0
-1.3108153,1.6294453,-4.904129,0.097687766,0.98938251,-0.10760847,0
-2.4155967,-0.6708293,2.1116908,-0.5982064,0.14478673,0.78815353,0
-0.87308025,-1.5650482,3.205441,-0.097687766,-0.98938251,0.10760847,0
1.0979431,1.3108325,-3.1685648,0.5982064,-0.14478673,-0.78815353,0
-1.9545329,-1.917879,-4.0017376,-0.79536545,0.012620866,-0.60599887,0
3.4238939,-0.41570827,-1.2094605,0.5982064,-0.14478673,-0.78815353,0
-1.3142503,1.7444334,2.5209084,-0.5982064,0.14478673,0.78815353,0
1.253696,-2.2737918,-1.2168062,-0.097687766,-0.98938251,0.10760847,0
-4.2070384,2.1543655,0.2926321,-0.5982064,0.14478673,0.78815353,0
3.4441519,-0.7161293,2.1256599,0.79536545,-0.012620866,0.60599887,0
-0.53616571,-2.4118252,-3.7407041,0.5982064,-0.14478673,-0.78815353,0
2.3130827,-2.1819518,1.4797261,-0.097687766,-0.98938251,0.10760847,0
-0.33398074,-2.0439453,-0.44638497,-0.097687766,-0.98938251,0.10760847,0
4.1997886,1.1145704,-0.73244739,0.5982064,-0.14478673,-0.78815353,0
0.81593275,1.3800718,4.1466627,-0.5982064,0.14478673,0.78815353,0
-3.841764,1.0686369,-1.3996353,-0.79536545,0.012620866,-0.60599887,0
0.62440038,-1.2493933,-3.1972079,0.5982064,-0.14478673,-0.78815353,0
0.79876018,2.2203279,2.7048571,0.097687766,0.98938251,-0.10760847,0
4.2572603,-1.8472816,1.0823367,0.79536545,-0.012620866,0.60599887,0
4.5946169,-0.16281921,0.54321504,0.79536545,-0.012620866,0.60599887,0
2.7982733,-1.2621113,2.9051454,0.79536545,-0.012620866,0.60599887,0
4.6675692,0.71266651,0.50719595,0.79536545,-0.012620866,0.60599887,0
-3.6529689,-0.35451457,-1.7173231,-0.79536545,0.012620866,-0.60599887,0
4.0423388,-2.2664351,0.89726782,-0.097687766,-0.98938251,0.10760847,0
-4.5718131,-1.2364508,-0.60037899,-0.79536545,0.012620866,-0.60599887,0
-0.29488993,-0.49354303,-4.031548,0.5982064,-0.14478673,-0.78815353,0
-2.0310259,-1.7784523,-4.0218034,-0.79536545,0.012620866,-0.60599887,0
2.3481693,2.1312895,3.1353042,0.097687766,0.98938251,-0.10760847,0
0.5468514,2.0213208,0.14255714,0.097687766,0.98938251,-0.10760847,0
-2.3063884,2.1023831,-0.84440637,0.097687766,0.98938251,-0.10760847,0
4.1376405,-0.51463836,1.0911217,0.79536545,-0.012620866,0.60599887,0
-2.4143546,-1.5737355,2.0609059,-0.097687766,-0.98938251,0.10760847,0
0.80197501,0.11960894,4.3522053,-0.5982064,0.14478673,0.78815353,0
1.8165667,1.9790577,4.3006096,0.79536545,-0.012620866,0.60599887,0
4.2830758,-1.1147652,0.96861243,0.79536545,-0.012620866,0.60599887,0
3.1414428,-2.0568671,-1.1003647,0.5982064,-0.14478673,-0.78815353,0
1.329566,-1.2332118,4.8301163,0.79536545,-0.012620866,0.60599887,0
3.503938,1.8244095,1.0297773,0.097687766,0.98938251,-0.10760847,0
-0.90091062,0.12815437,3.0844407,-0.5982064,0.14478673,0.78815353,0
2.5375535,-2.1991634,1.2346952,-0.097687766,-0.98938251,0.10760847,0
-3.1100087,-1.4734468,1.7580885,-0.5982064,0.14478673,0.78815353,0
1.7140546,-0.32726955,4.2789359,0.79536545,-0.012620866,0.60599887,0
4.8610048,0.054389298,0.16522956,0.79536545,-0.012620866,0.60599887,0
2.7627892,0.95503938,2.9811449,0.79536545,-0.012620866,0.60599887,0
3.0574112,-2.3163631,0.0002579689,-0.097687766,-0.98938251,0.10760847,0
-2.6373782,1.9166582,-2.6499338,0.097687766,0.98938251,-0.10760847,0
-3.005439,2.3613949,0.046221495,0.097687766,0.98938251,-0.10760847,0
-0.42814231,1.5375116,-4.3766541,0.097687766,0.98938251,-0.10760847,0
4.5342627,1.3169032,0.83513451,0.79536545,-0.012620866,0.60599887,0
-0.92314291,-2.3926764,-3.6560082,-0.097687766,-0.98938251,0.10760847,0
-4.2740917,0.49896452,0.52745247,-0.5982064,0.14478673,0.78815353,0
-1.6586733,-2.1591647,-2.9595387,-0.097687766,-0.98938251,0.10760847,0
2.8972261,1.7683749,0.13677931,0.097687766,0.98938251,-0.10760847,0
0.018076897,-1.4261181,-3.4926283,0.5982064,-0.14478673,-0.78815353,0
-2.9015048,-2.0185728,-1.9490175,-0.097687766,-0.98938251,0.10760847,0
3.7331412,0.86068177,-1.1193179,0.5982064,-0.14478673,-0.78815353,0
-2.5457511,-1.7576424,-0.61344457,-0.097687766,-0.98938251,0.10760847,0
3.947628,-1.9291278,1.4316177,0.79536545,-0.012620866,0.60599887,0
2.7210631,1.860764,1.6743057,0.097687766,0.98938251,-0.10760847,0
2.3282213,2.1558328,3.471437,0.79536545,-0.012620866,0.60599887,0
1.3413382,2.1708779,4.5346403,-0.5982064,0.14478673,0.78815353,0
-0.57714963,-1.3438873,-4.1018181,0.5982064,-0.14478673,-0.78815353,0
-3.1525192,1.8738033,1.1848226,-0.5982064,0.14478673,0.78815353,0
-1.5927446,2.1017127,2.2132614,-0.5982064,0.14478673,0.78815353,0
-3.2610152,-0.33760118,-2.1887519,-0.79536545,0.012620866,-0.60599887,0
2.1898253,2.0289366,1.9932356,0.097687766,0.98938251,-0.10760847,0
-2.8513987,0.56594789,-2.742034,-0.79536545,0.012620866,-0.60599887,0
1.2560389,-2.1192837,0.50614941,-0.097687766,-0.98938251,0.10760847,0
1.2330253,2.2520068,4.3677812,-0.5982064,0.14478673,0.78815353,0
3.0508087,-1.1956546,2.6228619,0.79536545,-0.012620866,0.60599887,0
-1.9658816,2.2333729,-0.447034,0.097687766,0.98938251,-0.10760847,0
-3.5345194,0.39568383,1.0471995,-0.5982064,0.14478673,0.78815353,0
-0.69319892,-1.808458,-3.8785591,0.5982064,-0.14478673,-0.78815353,0
3.4069557,-0.30086252,2.2701216,0.79536545,-0.012620866,0.60599887,0
-2.1209624,-0.107894,2.2998695,-0.5982064,0.14478673,0.78815353,0
-3.7956572,0.82408434,-1.6017892,-0.79536545,0.012620866,-0.60599887,0
-1.2587466,1.5730104,-4.9829783,-0.79536545,0.012620866,-0.60599887,0
-4.2059603,0.14775905,-1.0010135,-0.79536545,0.012620866,-0.60599887,0
-0.2595191,0.76448512,-4.11763,0.5982064,-0.14478673,-0.78815353,0
1.6527903,1.7712753,-0.23001885,0.097687766,0.98938251,-0.10760847,0
-2.4458442,1.137412,1.7795024,-0.5982064,0.14478673,0.78815353,0
-4.840538,0.67157483,-0.38776731,-0.79536545,0.012620866,-0.60599887,0
4.298768,1.0486465,1.0088363,0.79536545,-0.012620866,0.60599887,0
1.0475844,1.5398293,-3.2212999,0.5982064,-0.14478673,-0.78815353,0
4.4577551,-0.53116715,0.79412079,0.79536545,-0.012620866,0.60599887,0
4.4913282,-0.93027693,0.7745347,0.79536545,-0.012620866,0.60599887,0
1.6815555,1.1412468,4.3994613,0.79536545,-0.012620866,0.60599887,0
-0.78715777,0.44865954,3.1843214,-0.5982064,0.14478673,0.78815353,0
1.4749161,-2.3296204,-2.0640662,-0.097687766,-0.98938251,0.10760847,0
0.26520205,0.98274612,-3.8452241,0.5982064,-0.14478673,-0.78815353,0
-1.6294522,2.1609206,2.1162016,-0.5982064,0.14478673,0.78815353,0
-0.50540161,-2.2608347,-3.4261193,-0.097687766,-0.98938251,0.10760847,0
-4.3181872,1.4608897,-1.0082006,-0.79536545,0.012620866,-0.60599887,0
-3.1410718,2.3454916,0.04603076,0.097687766,0.98938251,-0.10760847,0
4.0228748,-1.111182,-0.61737394,0.5982064,-0.14478673,-0.78815353,0
-2.950458,0.63276625,1.3515251,-0.5982064,0.14478673,0.78815353,0
-0.76575637,1.0384814,-4.5573158,0.5982064,-0.14478673,-0.78815353,0
0.83021212,2.2933204,2.8442588,0.097687766,0.98938251,-0.10760847,0
-0.56955266,-2.3962517,-3.0554225,-0.097687766,-0.98938251,0.10760847,0
-0.6685133,1.5485883,-4.4627256,0.097687766,0.98938251,-0.10760847,0
-2.8903866,2.399024,0.005759716,0.097687766,0.98938251,-0.10760847,0
0.58337164,-0.16461051,4.3257675,-0.5982064,0.14478673,0.78815353,0
-2.6903372,1.5043921,1.4775038,-0.5982064,0.14478673,0.78815353,0
-3.8941941,-0.71825123,0.85946858,-0.5982064,0.14478673,0.78815353,0
-0.24889803,-1.4568068,-3.6372395,0.5982064,-0.14478673,-0.78815353,0
-1.2713746,-1.9420189,-1.327173,-0.097687766,-0.98938251,0.10760847,0
-1.3244817,0.80100054,2.7002687,-0.5982064,0.14478673,0.78815353,0
-3.1130712,2.208986,1.0495076,-0.5982064,0.14478673,0.78815353,0
3.1853881,-2.3135083,0.71719551,-0.097687766,-0.98938251,0.10760847,0
1.1690621,1.5920537,-3.2857144,0.5982064,-0.14478673,-0.78815353,0
3.7144127,1.3408633,1.8772306,0.79536545,-0.012620866,0.60599887,0
-1.734583,2.2787449,2.131269,-0.5982064,0.14478673,0.78815353,0
-0.10264683,-1.7340078,2.7738755,-0.097687766,-0.98938251,0.10760847,0
-3.0088677,-1.4815657,1.6670477,-0.097687766,-0.98938251,0.10760847,0
-4.2981863,0.40800172,-0.98511314,-0.79536545,0.012620866,-0.60599887,0
1.4865726,2.1191268,2.0771816,0.097687766,0.98938251,-0.10760847,0
-3.906199,1.8776497,-1.4191947,-0.79536545,0.012620866,-0.60599887,0
-4.0129371,-0.28305203,-1.2539647,-0.79536545,0.012620866,-0.60599887,0
3.8049288,0.82821447,1.6445832,0.79536545,-0.012620866,0.60599887,0
-0.85792673,1.9593934,-0.57842493,0.097687766,0.98938251,-0.10760847,0
4.4640541,-2.285042,0.74044919,0.79536545,-0.012620866,0.60599887,0
-2.2677169,1.4425966,1.7754662,-0.5982064,0.14478673,0.78815353,0
2.4127188,-2.1629772,-1.6409248,0.5982064,-0.14478673,-0.78815353,0
-2.6788807,-1.7575458,-0.59382463,-0.097687766,-0.98938251,0.10760847,0
-2.5825658,-1.8307396,-1.2002785,-0.097687766,-0.98938251,0.10760847,0
3.1377871,-0.57918215,2.4191499,0.79536545,-0.012620866,0.60599887,0
-2.9285886,-1.5123761,-2.9023871,-0.79536545,0.012620866,-0.60599887,0
-1.8822014,2.1469314,-1.1702845,0.097687766,0.98938251,-0.10760847,0
2.7469394,0.93200934,-1.8453137,0.5982064,-0.14478673,-0.78815353,0
5.2012472,1.2896667,-0.10939074,0.5982064,-0.14478673,-0.78815353,0
-1.6912768,2.2576578,-0.049959779,0.097687766,0.98938251,-0.10760847,0
-3.648752,0.96802402,-1.827112,-0.79536545,0.012620866,-0.60599887,0
1.8173778,2.2893143,3.9961128,0.097687766,0.98938251,-0.10760847,0
2.6625648,1.6313808,-1.6280684,0.097687766,0.98938251,-0.10760847,0
-0.31429815,-2.2538791,-3.5181971,0.5982064,-0.14478673,-0.78815353,0
-1.9293404,-0.019087791,-4.0879455,-0.79536545,0.012620866,-0.60599887,0
-2.6245413,2.0019214,-1.8023698,0.097687766,0.98938251,-0.10760847,0
1.1787564,2.1877437,2.3813729,0.097687766,0.98938251,-0.10760847,0
-3.2302196,-0.17575064,-2.4745445,-0.79536545,0.012620866,-0.60599887,0
-3.1837704,2.4420264,0.29869092,0.097687766,0.98938251,-0.10760847,0
3.926615,0.1214813,-0.78216541,0.5982064,-0.14478673,-0.78815353,0
-1.0259341,-1.0918961,3.1755366,-0.5982064,0.14478673,0.78815353,0
2.4794836,-0.067679226,3.2105508,0.79536545,-0.012620866,0.60599887,0
1.0366874,1.8362885,-0.35207117,0.097687766,0.98938251,-0.10760847,0
-2.0027649,0.20419249,2.1590598,-0.5982064,0.14478673,0.78815353,0
1.5229471,2.384341,4.298974,0.097687766,0.98938251,-0.10760847,0
1.7152104,1.5980524,4.2351093,0.79536545,-0.012620866,0.60599887,0
3.6008532,0.82760549,2.016582,0.79536545,-0.012620866,0.60599887,0
2.1052327,-0.7339313,3.8365047,0.79536545,-0.012620866,0.60599887,0
2.8305357,-1.9889631,2.5663509,-0.097687766,-0.98938251,0.10760847,0
1.2109778,-2.084271,1.1801221,-0.097687766,-0.98938251,0.10760847,0
1.9125934,-0.32920784,4.1135335,0.79536545,-0.012620866,0.60599887,0
3.7648849,-2.0942171,1.5959401,0.79536545,-0.012620866,0.60599887,0
-3.4449739,0.30976322,1.0091465,-0.5982064,0.14478673,0.78815353,0
-1.0704517,-1.9928526,-0.99560523,-0.097687766,-0.98938251,0.10760847,0
-2.2293689,-0.62889576,2.3528819,-0.5982064,0.14478673,0.78815353,0
1.4411831,0.10962752,4.7635446,0.79536545,-0.012620866,0.60599887,0
-1.7713211,1.3632859,-4.1657743,-0.79536545,0.012620866,-0.60599887,0
-2.5424886,2.2853951,-0.39490676,0.097687766,0.98938251,-0.10760847,0
-2.5110121,-0.83677667,-3.1725454,-0.79536545,0.012620866,-0.60599887,0
-1.8854716,-1.6717253,-4.024971,-0.79536545,0.012620866,-0.60599887,0
2.2163835,-2.0269849,2.2934279,-0.097687766,-0.98938251,0.10760847,0
-4.3205733,1.2110741,0.23928046,-0.5982064,0.14478673,0.78815353,0
0.76998019,-1.7333686,4.2461987,-0.097687766,-0.98938251,0.10760847,0
2.0827663,2.1512127,4.0249257,0.79536545,-0.012620866,0.60599887,0
4.4099998,1.5513017,0.69933939,0.79536545,-0.012620866,0.60599887,0
-0.97060084,2.367914,2.5808828,-0.5982064,0.14478673,0.78815353,0
-4.7144341,0.82827961,-0.3225894,-0.79536545,0.012620866,-0.60599887,0
2.8083568,-1.7206,-1.4002467,0.5982064,-0.14478673,-0.78815353,0
0.48826694,-1.9824861,0.21578938,-0.097687766,-0.98938251,0.10760847,0
-0.029859781,-1.0020134,4.0457878,-0.5982064,0.14478673,0.78815353,0
4.863946,-0.19876313,0.11905861,0.79536545,-0.012620866,0.60599887,0
2.8601322,-1.2433501,2.7768948,0.79536545,-0.012620866,0.60599887,0
0.99181557,-2.148519,-0.49947494,-0.097687766,-0.98938251,0.10760847,0
-2.5479836,1.0085208,1.7169697,-0.5982064,0.14478673,0.78815353,0
-1.0889204,-2.0256314,-0.65008771,-0.097687766,-0.98938251,0.10760847,0
4.1226292,-2.3056879,0.91545177,-0.097687766,-0.98938251,0.10760847,0
4.1526918,1.4930942,-0.90709913,0.5982064,-0.14478673,-0.78815353,0
-3.4849188,1.9458853,-1.9537926,-0.79536545,0.012620866,-0.60599887,0
-0.27432418,-2.296711,-3.0985527,-0.097687766,-0.98938251,0.10760847,0
1.7371171,-0.16289824,4.3701787,0.79536545,-0.012620866,0.60599887,0
0.30682063,0.67673093,3.8648393,-0.5982064,0.14478673,0.78815353,0
0.79937971,1.7525103,-2.2257624,0.097687766,0.98938251,-0.10760847,0
-3.6200113,2.1169691,-1.6418011,-0.79536545,0.012620866,-0.60599887,0
-3.6328466,-1.7913457,-1.1399875,-0.097687766,-0.98938251,0.10760847,0
-3.0694478,0.59557503,-2.5405376,-0.79536545,0.012620866,-0.60599887,0
-2.0964236,-1.7608279,-3.7627435,-0.79536545,0.012620866,-0.60599887,0
4.5747528,-2.216619,0.65005565,0.79536545,-0.012620866,0.60599887,0
2.6563983,0.18451694,3.1929879,0.79536545,-0.012620866,0.60599887,0
-0.75989974,-2.0228782,-0.48499399,-0.097687766,-0.98938251,0.10760847,0
-2.8447042,-0.8187089,1.7322651,-0.5982064,0.14478673,0.78815353,0
-2.6916165,-0.71823072,2.0010192,-0.5982064,0.14478673,0.78815353,0
0.89703202,-1.651763,4.3389845,-0.097687766,-0.98938251,0.10760847,0
-1.5890538,1.7577519,-3.2056792,0.097687766,0.98938251,-0.10760847,0
-2.8605857,2.4976985,1.0563788,0.097687766,0.98938251,-0.10760847,0
0.45478845,0.48587397,4.0557384,-0.5982064,0.14478673,0.78815353,0
-2.3883305,0.63275647,1.7657106,-0.5982064,0.14478673,0.78815353,0
-1.4591105,-2.2273068,-2.4589415,-0.097687766,-0.98938251,0.10760847,0
4.3391285,0.50329119,-0.64177871,0.5982064,-0.14478673,-0.78815353,0
-4.0379176,-1.8089863,-0.80474591,-0.097687766,-0.98938251,0.10760847,0
1.0902008,1.6706421,-2.4276767,0.097687766,0.98938251,-0.10760847,0
3.9729609,0.66439331,1.3018911,0.79536545,-0.012620866,0.60599887,0
4.108933,-0.51862907,1.214246,0.79536545,-0.012620866,0.60599887,0
-0.71114331,1.9129002,-2.0273607,0.097687766,0.98938251,-0.10760847,0
1.9579489,1.9099313,4.2108192,0.79536545,-0.012620866,0.60599887,0
-3.1859245,-1.8825092,-1.6978393,-0.097687766,-0.98938251,0.10760847,0
4.6437087,0.58600521,-0.29629278,0.5982064,-0.14478673,-0.78815353,0
1.3123139,1.735278,-1.0798967,0.097687766,0.98938251,-0.10760847,0
1.8083868,2.2021246,4.3323574,0.79536545,-0.012620866,0.60599887,0
-1.3744532,-1.321074,2.9894857,-0.5982064,0.14478673,0.78815353,0
-2.0842271,-0.32057691,-4.0231442,-0.79536545,0.012620866,-0.60599887,0
3.0564036,1.6504228,0.058182716,0.097687766,0.98938251,-0.10760847,0
0.78263521,-2.1871076,-1.2321947,-0.097687766,-0.98938251,0.10760847,0
-0.23365116,1.564994,3.3273816,-0.5982064,0.14478673,0.78815353,0
-1.9616004,2.1032486,-0.34147847,0.097687766,0.98938251,-0.10760847,0
-4.3865771,0.50836378,0.29821539,-0.5982064,0.14478673,0.78815353,0
-1.5693519,2.4763181,1.8478783,0.097687766,0.98938251,-0.10760847,0
2.8113732,1.704465,0.30465841,0.097687766,0.98938251,-0.10760847,0
-2.7868655,0.79909134,1.4762977,-0.5982064,0.14478673,0.78815353,0
-3.8732152,-0.71816754,1.052054,-0.5982064,0.14478673,0.78815353,0
2.0641296,2.0394254,1.6394093,0.097687766,0.98938251,-0.10760847,0
-0.38322139,-1.5501428,3.1712968,-0.097687766,-0.98938251,0.10760847,0
1.0585186,-0.84024847,4.8454967,-0.5982064,0.14478673,0.78815353,0
3.737797,0.80468887,1.8081512,0.79536545,-0.012620866,0.60599887,0
-1.3262293,1.5838425,-4.7091322,-0.79536545,0.012620866,-0.60599887,0
3.448281,-0.57642746,1.9386163,0.79536545,-0.012620866,0.60599887,0
-1.1004913,1.6482103,-4.3859849,0.097687766,0.98938251,-0.10760847,0
2.9607823,-1.4671575,2.5291636,0.79536545,-0.012620866,0.60599887,0
1.1992648,0.19205612,-2.9333632,0.5982064,-0.14478673,-0.78815353,0
3.0094407,-1.6369344,2.7293487,0.79536545,-0.012620866,0.60599887,0
-3.7692046,-0.94681752,-1.7213345,-0.79536545,0.012620866,-0.60599887,0
-2.3444014,0.11223891,2.054723,-0.5982064,0.14478673,0.78815353,0
0.88108611,-2.2419679,-2.6438243,0.5982064,-0.14478673,-0.78815353,0
3.4932442,-0.57332999,2.0731568,0.79536545,-0.012620866,0.60599887,0
-2.2298796,-1.2680863,-3.8164392,-0.79536545,0.012620866,-0.60599887,0
0.047208071,0.58950502,3.7171178,-0.5982064,0.14478673,0.78815353,0
1.0487196,0.49722517,-3.177562,0.5982064,-0.14478673,-0.78815353,0
3.3428125,-1.9582809,-0.91565442,0.5982064,-0.14478673,-0.78815353,0
-4.0131216,1.5777652,-1.2153566,-0.79536545,0.012620866,-0.60599887,0
4.6001234,-1.1572044,-0.10404801,0.5982064,-0.14478673,-0.78815353,0
-4.3966961,2.2094831,-0.92777562,-0.79536545,0.012620866,-0.60599887,0
-1.6813986,0.86090922,-4.4648833,-0.79536545,0.012620866,-0.60599887,0
-0.46679109,1.9604909,-1.6559533,0.097687766,0.98938251,-0.10760847,0
-5.0188093,-1.3189243,0.23734188,-0.5982064,0.14478673,0.78815353,0
-2.1564257,-1.7096982,1.2134255,-0.097687766,-0.98938251,0.10760847,0
1.5863025,2.085403,4.4782319,0.79536545,-0.012620866,0.60599887,0
-4.0968437,-0.37742594,-1.1862779,-0.79536545,0.012620866,-0.60599887,0
-4.1641936,2.2828307,-0.65968585,0.097687766,0.98938251,-0.10760847,0
1.6019688,-1.8529742,3.468447,-0.097687766,-0.98938251,0.10760847,0
-1.1188849,-1.91649,-0.42992175,-0.097687766,-0.98938251,0.10760847,0
-2.5435243,0.64257431,-3.3935847,-0.79536545,0.012620866,-0.60599887,0
1.5776484,-1.8739605,1.8630528,-0.097687766,-0.98938251,0.10760847,0
2.4318688,-1.2145542,3.3091011,0.79536545,-0.012620866,0.60599887,0
-1.0806763,1.3906894,-4.8002262,0.5982064,-0.14478673,-0.78815353,0
1.5044996,2.0449157,1.7877991,0.097687766,0.98938251,-0.10760847,0
3.6922011,-1.503262,-0.84274256,0.5982064,-0.14478673,-0.78815353,0
-3.3085778,2.4108646,0.95780861,-0.5982064,0.14478673,0.78815353,0
0.87137675,-0.26703209,4.4753704,-0.5982064,0.14478673,0.78815353,0
-1.3953289,-0.62851369,2.8991342,-0.5982064,0.14478673,0.78815353,0
3.510778,-0.36348373,2.1002254,0.79536545,-0.012620866,0.60599887,0
2.9615846,-1.7704059,2.5279982,0.79536545,-0.012620866,0.60599887,0
-3.6293178,-1.793977,-1.2953618,-0.097687766,-0.98938251,0.10760847,0
-0.20748305,1.2076926,3.3272657,-0.5982064,0.14478673,0.78815353,0
-2.6781096,1.0956893,1.5204365,-0.5982064,0.14478673,0.78815353,0
-2.0583096,1.2445263,-3.7300096,-0.79536545,0.012620866,-0.60599887,0
1.1553329,-1.9093986,-2.5787973,0.5982064,-0.14478673,-0.78815353,0
-4.4089203,0.67304695,-0.92549181,-0.79536545,0.012620866,-0.60599887,0
4.2009249,1.247582,-0.78805399,0.5982064,-0.14478673,-0.78815353,0
2.2926011,0.42740464,3.7324247,0.79536545,-0.012620866,0.60599887,0
-1.0748467,1.8151505,-3.413131,0.097687766,0.98938251,-0.10760847,0
-2.3485956,-1.1832416,-3.5847807,-0.79536545,0.012620866,-0.60599887,0
-3.6591244,-0.36515719,1.0428553,-0.5982064,0.14478673,0.78815353,0
-4.2042565,2.0727415,-0.87773538,-0.79536545,0.012620866,-0.60599887,0
3.5945733,0.98797327,2.0192165,0.79536545,-0.012620866,0.60599887,0
-2.261003,-1.932529,-3.5590744,-0.79536545,0.012620866,-0.60599887,0
4.8683572,-2.1242809,0.26464772,0.79536545,-0.012620866,0.60599887,0
-0.88082957,-0.2713007,-4.3764791,0.5982064,-0.14478673,-0.78815353,0
2.7232909,-2.261312,0.32488513,-0.097687766,-0.98938251,0.10760847,0
3.8752375,0.031283319,-0.9068768,0.5982064,-0.14478673,-0.78815353,0
-1.4340754,0.16741681,-4.7945075,-0.79536545,0.012620866,-0.60599887,0
2.3754463,-0.74081194,3.323688,0.79536545,-0.012620866,0.60599887,0
-1.3327581,-0.30216151,2.7359221,-0.5982064,0.14478673,0.78815353,0
-0.244304,-1.896522,1.3965664,-0.097687766,-0.98938251,0.10760847,0
0.2420305,2.1730471,2.1890941,0.097687766,0.98938251,-0.10760847,0
-1.8552539,1.9493318,-2.6509964,0.097687766,0.98938251,-0.10760847,0
-0.12269306,2.2986348,1.5888668,0.097687766,0.98938251,-0.10760847,0
3.367245,1.3539444,-1.5719054,0.5982064,-0.14478673,-0.78815353,0
-2.5238833,2.3650022,1.3779902,-0.5982064,0.14478673,0.78815353,0
1.4795774,1.4552044,-2.8358083,0.5982064,-0.14478673,-0.78815353,0
-2.3710473,1.8941972,-3.1741509,0.097687766,0.98938251,-0.10760847,0
1.5503448,0.41203076,-2.6669855,0.5982064,-0.14478673,-0.78815353,0
-2.6783254,2.0875692,1.4595002,-0.5982064,0.14478673,0.78815353,0
-2.4092202,-1.655067,0.38032174,-0.097687766,-0.98938251,0.10760847,0
-2.2193646,-2.2009282,-3.5784326,-0.79536545,0.012620866,-0.60599887,0
0.73816109,-1.7719271,-2.9278164,0.5982064,-0.14478673,-0.78815353,0
-2.58109,-0.026198789,-3.1200922,-0.79536545,0.012620866,-0.60599887,0
4.9251633,0.46990597,0.26385784,0.79536545,-0.012620866,0.60599887,0
-2.4958389,0.19733667,-3.3118367,-0.79536545,0.012620866,-0.60599887,0
-3.0975692,0.88319421,-2.4000566,-0.79536545,0.012620866,-0.60599887,0
1.8189758,-1.7051132,4.1187181,0.79536545,-0.012620866,0.60599887,0
3.4420829,0.46710864,2.1451678,0.79536545,-0.012620866,0.60599887,0
3.0643568,-2.2039349,-1.1655257,0.5982064,-0.14478673,-0.78815353,0
0.36356258,-1.2014235,4.3279433,-0.5982064,0.14478673,0.78815353,0
1.415243,1.6462051,-1.6832802,0.097687766,0.98938251,-0.10760847,0
4.0816746,0.55669165,1.4148917,0.79536545,-0.012620866,0.60599887,0
1.447044,0.91240394,-2.8247478,0.5982064,-0.14478673,-0.78815353,0
-0.92016637,2.2405429,1.984776,0.097687766,0.98938251,-0.10760847,0
4.5230422,-2.0399928,0.51979661,0.79536545,-0.012620866,0.60599887,0
-2.6252661,1.644588,1.6278753,-0.5982064,0.14478673,0.78815353,0
-2.4043226,1.323341,-3.3975117,-0.79536545,0.012620866,-0.60599887,0
1.083058,1.6872976,-2.6040905,0.097687766,0.98938251,-0.10760847,0
3.6005251,-1.9474899,-0.60107493,0.5982064,-0.14478673,-0.78815353,0
4.8102031,0.83778906,-0.43511105,0.5982064,-0.14478673,-0.78815353,0
-2.3927073,1.6257703,1.7050189,-0.5982064,0.14478673,0.78815353,0
0.94291997,-0.23885015,-3.165184,0.5982064,-0.14478673,-0.78815353,0
-0.77639282,-1.8820777,0.54522759,-0.097687766,-0.98938251,0.10760847,0
-2.4399879,-1.5179129,1.7128179,-0.097687766,-0.98938251,0.10760847,0
-1.1644162,2.3025928,0.96486688,0.097687766,0.98938251,-0.10760847,0
-4.9765582,0.73775774,-0.11795855,-0.79536545,0.012620866,-0.60599887,0
-3.7274921,1.7659832,-1.5193522,-0.79536545,0.012620866,-0.60599887,0
1.9323231,-1.1424692,-2.0624402,0.5982064,-0.14478673,-0.78815353,0
1.2896714,-0.73483658,4.8956137,-0.5982064,0.14478673,0.78815353,0
-0.74522996,0.26271003,3.1802173,-0.5982064,0.14478673,0.78815353,0
-2.2853205,-1.3513638,2.393445,-0.5982064,0.14478673,0.78815353,0
2.6345122,-2.2497816,-0.60571373,-0.097687766,-0.98938251,0.10760847,0
-2.333909,0.89207458,-3.6489325,-0.79536545,0.012620866,-0.60599887,0
0.32492423,-2.1725435,-3.1516123,0.5982064,-0.14478673,-0.78815353,0
1.1976752,2.005717,0.16750872,0.097687766,0.98938251,-0.10760847,0
4.5115786,0.13763601,0.56882811,0.79536545,-0.012620866,0.60599887,0
-3.6684382,-1.3012571,1.3244001,-0.5982064,0.14478673,0.78815353,0
-1.6598772,2.1226945,2.2809215,-0.5982064,0.14478673,0.78815353,0
-1.0277579,2.2064605,2.5957754,-0.5982064,0.14478673,0.78815353,0
-0.99946761,2.3994014,1.7074977,0.097687766,0.98938251,-0.10760847,0
0.37432688,-1.9847858,0.65144736,-0.097687766,-0.98938251,0.10760847,0
-3.3453505,0.25617597,-2.188705,-0.79536545,0.012620866,-0.60599887,0
0.11024216,1.9760458,-0.29415959,0.097687766,0.98938251,-0.10760847,0
0.32664514,0.83156741,3.9434752,-0.5982064,0.14478673,0.78815353,0
-3.5705111,-0.9727056,-2.0417833,-0.79536545,0.012620866,-0.60599887,0
-3.3676004,0.90433592,-2.2631011,-0.79536545,0.012620866,-0.60599887,0
-3.142941,0.93700075,-2.6118126,-0.79536545,0.012620866,-0.60599887,0
-1.767294,-0.29524821,2.4905181,-0.5982064,0.14478673,0.78815353,0
2.6188052,1.0697376,-2.1156855,0.5982064,-0.14478673,-0.78815353,0
-4.0360994,-0.40816635,0.85303283,-0.5982064,0.14478673,0.78815353,0
-2.2171588,-0.14734375,-3.7062211,-0.79536545,0.012620866,-0.60599887,0
3.6976573,1.8227482,1.168936,0.097687766,0.98938251,-0.10760847,0
-1.5310071,0.95662367,2.5895085,-0.5982064,0.14478673,0.78815353,0
3.9734075,-1.2778375,1.4569879,0.79536545,-0.012620866,0.60599887,0
-3.5307016,2.2552772,-0.92404246,0.097687766,0.98938251,-0.10760847,0
3.7741785,-1.4303417,-0.61093187,0.5982064,-0.14478673,-0.78815353,0
1.2892377,-2.0046558,0.68229246,-0.097687766,-0.98938251,0.10760847,0
1.2265096,-0.45159781,4.9422865,-0.5982064,0.14478673,0.78815353,0
-3.5395157,-0.40722919,1.2187686,-0.5982064,0.14478673,0.78815353,0
4.9341197,-0.92149627,0.21258926,0.79536545,-0.012620866,0.60599887,0
-0.92344046,-0.033009112,-4.3988304,0.5982064,-0.14478673,-0.78815353,0
-2.3841004,-1.8001139,-0.65600514,-0.097687766,-0.98938251,0.10760847,0
0.021916151,-2.2753391,-1.7559091,-0.097687766,-0.98938251,0.10760847,0
4.4194822,-0.36441734,-0.37880445,0.5982064,-0.14478673,-0.78815353,0
3.4587469,-0.23251805,-1.1324332,0.5982064,-0.14478673,-0.78815353,0
-1.5961955,0.54499626,-4.6395669,-0.79536545,0.012620866,-0.60599887,0
2.6529858,-1.5968336,-1.5130546,0.5982064,-0.14478673,-0.78815353,0
3.2759249,0.63047791,2.4313207,0.79536545,-0.012620866,0.60599887,0
4.6295481,-0.77801907,0.52199793,0.79536545,-0.012620866,0.60599887,0
-0.94677734,0.54110003,-4.508379,0.5982064,-0.14478673,-0.78815353,0
-3.0227432,-1.9259518,-0.99482083,-0.097687766,-0.98938251,0.10760847,0
0.035553932,1.8171995,-2.2118931,0.097687766,0.98938251,-0.10760847,0
-1.9332948,1.7010386,-3.9277391,-0.79536545,0.012620866,-0.60599887,0
1.7829369,-1.9780538,2.8181081,-0.097687766,-0.98938251,0.10760847,0
3.9585974,-1.2995239,1.3844924,0.79536545,-0.012620866,0.60599887,0
-0.69296765,-1.3759987,-4.0434694,0.5982064,-0.14478673,-0.78815353,0
-1.5970809,2.2431631,0.92493618,0.097687766,0.98938251,-0.10760847,0
-2.9974289,-0.57363355,1.6580725,-0.5982064,0.14478673,0.78815353,0
-1.5361375,1.6665473,-3.7715209,0.097687766,0.98938251,-0.10760847,0
1.16178,-0.83852232,-2.8867688,0.5982064,-0.14478673,-0.78815353,0
4.2293339,-1.0820146,-0.34756565,0.5982064,-0.14478673,-0.78815353,0
