0.81152463,-1.0731351,-3.2865603,0.17060792,-0.27837113,-0.94519967,0
-1.6577992,-2.0342979,-2.8925025,-0.97818959,0.06749779,-0.19644138,0
-2.7986069,-1.9783964,3.2099149,-0.97818959,0.06749779,-0.19644138,0
1.6471364,-2.9158914,-2.496968,0.17060792,-0.27837113,-0.94519967,0
-2.6963887,-0.57406974,2.9576321,-0.97818959,0.06749779,-0.19644138,0
2.2016714,-0.071683645,-0.90663844,0.97818959,-0.06749779,0.19644138,0
-2.6689663,-2.539103,3.9103546,-0.17060792,0.27837113,0.94519967,0
2.1863124,-1.8405657,-1.4583915,0.97818959,-0.06749779,0.19644138,0
-1.3444442,1.731632,-3.2997713,-0.97818959,0.06749779,-0.19644138,0
1.2452101,3.6852088,-0.94781446,0.11848241,0.95809889,-0.26078409,0
2.1140051,2.9154243,-3.4469438,0.11848241,0.95809889,-0.26078409,0
-0.048436403,-0.56052947,3.9202447,-0.17060792,0.27837113,0.94519967,0
0.96462768,3.6722879,-1.7546649,0.11848241,0.95809889,-0.26078409,0
0.52221537,-3.6956825,1.7026544,-0.11848241,-0.95809889,0.26078409,0
-2.013092,-0.59038401,0.099630356,-0.97818959,0.06749779,-0.19644138,0
1.8384697,-0.89363003,0.76319933,0.97818959,-0.06749779,0.19644138,0
-1.7672594,-1.5580053,-1.4764786,-0.97818959,0.06749779,-0.19644138,0
-1.0065237,-3.696646,1.4804244,-0.11848241,-0.95809889,0.26078409,0
-2.1029434,2.644928,2.5492682,-0.17060792,0.27837113,0.94519967,0
2.2347314,-1.988606,-2.7686417,0.17060792,-0.27837113,-0.94519967,0
1.171392,4.6600647,2.4305241,0.11848241,0.95809889,-0.26078409,0
-2.6934075,-2.9634793,3.6097584,-0.11848241,-0.95809889,0.26078409,0
-0.047040462,0.30894488,3.5416646,-0.17060792,0.27837113,0.94519967,0
-1.9633195,2.7484374,2.4866166,-0.17060792,0.27837113,0.94519967,0
0.24738336,3.0100145,-3.9452577,0.11848241,0.95809889,-0.26078409,0
0.80502224,-1.3267658,4.2971225,-0.17060792,0.27837113,0.94519967,0
1.5820825,-3.2218437,-2.4987335,0.17060792,-0.27837113,-0.94519967,0
-1.7038858,-1.3959632,-2.0756645,-0.97818959,0.06749779,-0.19644138,0
1.1059251,-4.2417502,0.30978489,-0.11848241,-0.95809889,0.26078409,0
-0.63794756,4.600894,1.6186328,0.11848241,0.95809889,-0.26078409,0
1.4767923,2.6750948,-4.2384582,0.17060792,-0.27837113,-0.94519967,0
1.6230268,-0.96714896,1.292511,0.97818959,-0.06749779,0.19644138,0
-1.6432954,0.38308489,-1.6236063,-0.97818959,0.06749779,-0.19644138,0
1.8254637,3.7502201,-0.53154159,0.11848241,0.95809889,-0.26078409,0
0.17729186,3.412569,-2.7247314,0.11848241,0.95809889,-0.26078409,0
-2.3180139,-3.0996928,2.57898,-0.11848241,-0.95809889,0.26078409,0
-0.77784371,-0.53593791,3.7498982,-0.17060792,0.27837113,0.94519967,0
-1.5767479,-4.511364,-2.7051065,0.17060792,-0.27837113,-0.94519967,0
-1.7870984,-2.8047996,-2.2420702,-0.97818959,0.06749779,-0.19644138,0
0.95789719,-4.0138693,0.8415432,-0.11848241,-0.95809889,0.26078409,0
2.3803239,3.7394266,-0.7089057,0.11848241,0.95809889,-0.26078409,0
2.2286265,-2.8537912,-2.0806282,0.97818959,-0.06749779,0.19644138,0
0.62549329,1.1930639,-3.9397261,0.17060792,-0.27837113,-0.94519967,0
1.7107291,2.3407471,2.7824173,0.97818959,-0.06749779,0.19644138,0
0.97032356,-4.404717,-0.63986349,-0.11848241,-0.95809889,0.26078409,0
-0.71322012,-4.6112938,-1.7428281,-0.11848241,-0.95809889,0.26078409,0
-0.39969382,3.6347606,-2.1956203,0.11848241,0.95809889,-0.26078409,0
2.1835005,4.0460539,0.95473003,0.97818959,-0.06749779,0.19644138,0
-2.1061511,-2.8592644,4.2203493,-0.11848241,-0.95809889,0.26078409,0
-1.9587514,3.7799745,2.2906349,-0.17060792,0.27837113,0.94519967,0
1.9516966,1.6360104,-3.8012321,0.17060792,-0.27837113,-0.94519967,0
0.42504287,-0.58306384,3.881357,-0.17060792,0.27837113,0.94519967,0
0.36894482,3.089467,-3.5261133,0.11848241,0.95809889,-0.26078409,0
2.1354818,-4.0387783,-2.185879,0.17060792,-0.27837113,-0.94519967,0
1.4288113,0.094312429,-3.5074325,0.17060792,-0.27837113,-0.94519967,0
2.8684819,2.3678741,-3.4913504,0.97818959,-0.06749779,0.19644138,0
1.2327251,2.2181251,3.2869663,-0.17060792,0.27837113,0.94519967,0
0.16577911,4.465486,1.4936218,0.11848241,0.95809889,-0.26078409,0
-2.8248103,-2.7805026,4.0286169,-0.11848241,-0.95809889,0.26078409,0
1.213564,-4.082891,0.65385103,-0.11848241,-0.95809889,0.26078409,0
1.0392346,2.7560544,3.0798941,-0.17060792,0.27837113,0.94519967,0
-0.40468025,4.6665902,2.3591144,-0.17060792,0.27837113,0.94519967,0
0.40614367,1.5517452,-4.0281429,0.17060792,-0.27837113,-0.94519967,0
-0.38100481,-2.4207201,-3.0177288,0.17060792,-0.27837113,-0.94519967,0
-0.53983235,0.75800228,-4.0170126,0.17060792,-0.27837113,-0.94519967,0
1.7890453,3.2280996,2.4729061,0.97818959,-0.06749779,0.19644138,0
-1.3084846,-0.14110288,-3.268074,-0.97818959,0.06749779,-0.19644138,0
1.4284052,1.27211,-3.8415444,0.17060792,-0.27837113,-0.94519967,0
-2.5347719,0.18767428,2.4216731,-0.97818959,0.06749779,-0.19644138,0
2.9034324,2.6860046,-3.8677726,0.17060792,-0.27837113,-0.94519967,0
1.6317012,-0.22363257,-3.4126453,0.17060792,-0.27837113,-0.94519967,0
1.6679153,-3.9698973,-2.2443426,0.17060792,-0.27837113,-0.94519967,0
2.3220985,0.98868155,-1.2633723,0.97818959,-0.06749779,0.19644138,0
0.65727997,4.3257017,1.1837442,0.11848241,0.95809889,-0.26078409,0
-0.10741019,-2.552808,4.5192556,-0.17060792,0.27837113,0.94519967,0
1.9801003,-2.6770394,-0.53219509,0.97818959,-0.06749779,0.19644138,0
0.74063218,-3.9682426,0.92850828,-0.11848241,-0.95809889,0.26078409,0
-2.2615485,0.34304547,3.2267632,-0.17060792,0.27837113,0.94519967,0
2.5102386,2.1851101,-2.0472152,0.97818959,-0.06749779,0.19644138,0
-1.9137433,4.7053413,0.88544416,0.11848241,0.95809889,-0.26078409,0
1.9438844,-1.2493351,-2.952888,0.17060792,-0.27837113,-0.94519967,0
-0.35352755,1.7904336,3.1890273,-0.17060792,0.27837113,0.94519967,0
1.9179015,1.1778255,-3.6509709,0.17060792,-0.27837113,-0.94519967,0
-2.6112208,0.3035357,2.9733872,-0.97818959,0.06749779,-0.19644138,0
-2.2560301,1.4706256,1.8571063,-0.97818959,0.06749779,-0.19644138,0
2.4267142,0.44367385,-3.3602476,0.17060792,-0.27837113,-0.94519967,0
0.9424758,-2.1004672,-3.0168545,0.17060792,-0.27837113,-0.94519967,0
-0.18387669,3.6879225,-1.8103108,0.11848241,0.95809889,-0.26078409,0
0.45080018,0.47276723,3.6390457,-0.17060792,0.27837113,0.94519967,0
0.95000172,-3.8044691,-2.4182365,0.17060792,-0.27837113,-0.94519967,0
2.038723,3.4822435,-1.3396876,0.11848241,0.95809889,-0.26078409,0
0.086865664,0.94386148,-3.9036412,0.17060792,-0.27837113,-0.94519967,0
2.1698375,-4.2928457,-2.129005,0.97818959,-0.06749779,0.19644138,0
1.300848,3.5347252,-1.5914779,0.11848241,0.95809889,-0.26078409,0
0.80960834,-3.1307914,4.0487404,-0.11848241,-0.95809889,0.26078409,0
-0.75463772,-4.7574315,-2.2878048,-0.11848241,-0.95809889,0.26078409,0
2.0277882,-0.47375011,-3.2189951,0.17060792,-0.27837113,-0.94519967,0
2.0994687,1.8019731,-3.7831073,0.17060792,-0.27837113,-0.94519967,0
-1.4844775,4.3416476,2.0964353,-0.17060792,0.27837113,0.94519967,0
1.7231617,-3.6813939,-2.2030644,0.17060792,-0.27837113,-0.94519967,0
1.6103827,3.4888928,-1.9887741,0.11848241,0.95809889,-0.26078409,0
-1.2999175,2.0320024,2.8000631,-0.17060792,0.27837113,0.94519967,0
2.4082794,-1.1631224,-2.6018479,0.97818959,-0.06749779,0.19644138,0
-2.2516804,0.34141898,1.6398962,-0.97818959,0.06749779,-0.19644138,0
-0.77023458,4.7250137,1.9314479,0.11848241,0.95809889,-0.26078409,0
1.982692,1.5306585,-3.8151515,0.17060792,-0.27837113,-0.94519967,0
-0.87894297,-2.9830472,4.0670333,-0.11848241,-0.95809889,0.26078409,0
-0.14803243,3.7517614,-1.5879526,0.11848241,0.95809889,-0.26078409,0
-0.26755285,-3.0521741,3.8975668,-0.11848241,-0.95809889,0.26078409,0
2.3370533,0.34889698,-3.4320943,0.17060792,-0.27837113,-0.94519967,0
1.7609646,-1.1856821,-3.0849106,0.17060792,-0.27837113,-0.94519967,0
0.21694756,-0.70669746,3.9504814,-0.17060792,0.27837113,0.94519967,0
0.48497176,0.92661917,-3.8300021,0.17060792,-0.27837113,-0.94519967,0
-2.01194,4.7070212,1.8676857,-0.97818959,0.06749779,-0.19644138,0
-1.2593007,3.2260268,2.4925187,-0.17060792,0.27837113,0.94519967,0
2.5222597,-0.54926991,-2.4322295,0.97818959,-0.06749779,0.19644138,0
-1.7258291,1.3076284,-1.531831,-0.97818959,0.06749779,-0.19644138,0
2.7933581,1.3523474,-3.5464721,0.97818959,-0.06749779,0.19644138,0
0.57165188,3.0571594,-3.7123561,0.11848241,0.95809889,-0.26078409,0
-0.34027004,-0.063658595,-3.8243132,0.17060792,-0.27837113,-0.94519967,0
-2.3180277,0.73970795,1.2443244,-0.97818959,0.06749779,-0.19644138,0
-1.90487,2.6880264,0.45116913,-0.97818959,0.06749779,-0.19644138,0
-0.8906579,3.832196,2.308085,-0.17060792,0.27837113,0.94519967,0
-1.0844226,3.1601496,-4.0243177,0.11848241,0.95809889,-0.26078409,0
-1.1435026,-3.1973133,3.2079582,-0.11848241,-0.95809889,0.26078409,0
0.07556653,-4.1086526,0.11352229,-0.11848241,-0.95809889,0.26078409,0
1.3574376,4.6696205,2.5046058,-0.17060792,0.27837113,0.94519967,0
0.25401044,-2.6486986,4.5108929,-0.17060792,0.27837113,0.94519967,0
1.6037781,1.0360198,2.0748224,0.97818959,-0.06749779,0.19644138,0
-0.29166865,1.498401,-4.1740298,0.17060792,-0.27837113,-0.94519967,0
-2.2858396,0.27102518,0.99182922,-0.97818959,0.06749779,-0.19644138,0
-2.3161154,-3.1706765,2.4350796,-0.11848241,-0.95809889,0.26078409,0
2.3442156,-0.13061571,-1.6732719,0.97818959,-0.06749779,0.19644138,0
-2.359828,1.8183515,2.4458156,-0.97818959,0.06749779,-0.19644138,0
1.823422,3.4447503,-2.0377874,0.11848241,0.95809889,-0.26078409,0
-1.9855223,-4.3338995,-1.2925782,-0.11848241,-0.95809889,0.26078409,0
-2.2753139,1.1449599,3.0275071,-0.17060792,0.27837113,0.94519967,0
-1.7063966,-1.4864929,-2.1401036,-0.97818959,0.06749779,-0.19644138,0
2.0680323,2.8040133,-4.1180296,0.11848241,0.95809889,-0.26078409,0
-0.2440393,-1.3485365,3.9659181,-0.17060792,0.27837113,0.94519967,0
-1.3091121,3.9915268,-1.0095618,0.11848241,0.95809889,-0.26078409,0
-1.8694955,-0.85505772,3.625659,-0.17060792,0.27837113,0.94519967,0
-1.0244431,4.3194685,-0.09535265,0.11848241,0.95809889,-0.26078409,0
0.52756119,-4.2572165,-0.23041749,-0.11848241,-0.95809889,0.26078409,0
-2.3381174,-0.28752542,1.0872451,-0.97818959,0.06749779,-0.19644138,0
2.8006301,2.9008882,-3.1674752,0.11848241,0.95809889,-0.26078409,0
0.68363094,-1.4829966,-3.1275783,0.17060792,-0.27837113,-0.94519967,0
1.1150061,-1.9539853,3.9208324,0.97818959,-0.06749779,0.19644138,0
1.111696,0.31233001,-3.5622609,0.17060792,-0.27837113,-0.94519967,0
-1.3066154,-4.6085114,-2.0949802,-0.11848241,-0.95809889,0.26078409,0
1.7912304,-1.8412898,0.65485466,0.97818959,-0.06749779,0.19644138,0
0.41391289,3.4554777,-2.4285512,0.11848241,0.95809889,-0.26078409,0
0.19917583,-4.540626,-1.630589,-0.11848241,-0.95809889,0.26078409,0
2.0575361,0.47851217,0.43632364,0.97818959,-0.06749779,0.19644138,0
1.6626477,-4.7275057,-1.9412525,0.17060792,-0.27837113,-0.94519967,0
-0.34098101,-3.8682146,-2.6947308,0.17060792,-0.27837113,-0.94519967,0
-2.2166266,-1.0558063,0.061057329,-0.97818959,0.06749779,-0.19644138,0
-2.2079432,-0.86032164,0.046333551,-0.97818959,0.06749779,-0.19644138,0
1.0209384,0.45324874,-3.6987917,0.17060792,-0.27837113,-0.94519967,0
1.5741341,-1.6400865,-3.0042298,0.17060792,-0.27837113,-0.94519967,0
-2.3756886,-2.6015179,0.54975057,-0.97818959,0.06749779,-0.19644138,0
-0.97683191,2.5732579,-4.6416593,0.17060792,-0.27837113,-0.94519967,0
-0.0070211887,-4.3570008,-0.71261716,-0.11848241,-0.95809889,0.26078409,0
-2.5101969,-2.7841148,3.7201116,-0.11848241,-0.95809889,0.26078409,0
-0.2519803,1.4987264,3.2810578,-0.17060792,0.27837113,0.94519967,0
1.6568882,-4.6165442,-0.68161869,-0.11848241,-0.95809889,0.26078409,0
1.7052783,-2.0702288,0.54196006,0.97818959,-0.06749779,0.19644138,0
1.0983177,-1.6823117,4.0490599,0.97818959,-0.06749779,0.19644138,0
-1.7317114,-3.3020849,-2.9601815,-0.97818959,0.06749779,-0.19644138,0
-1.3551526,-0.59739506,-3.6927373,0.17060792,-0.27837113,-0.94519967,0
0.06044662,-3.3421209,3.3816953,-0.11848241,-0.95809889,0.26078409,0
0.92612505,2.2184644,3.3042989,-0.17060792,0.27837113,0.94519967,0
-1.2302742,1.4680405,-4.0304761,-0.97818959,0.06749779,-0.19644138,0
-2.0611165,-2.5527821,-0.90369153,-0.97818959,0.06749779,-0.19644138,0
2.3611732,-1.4040847,-2.4878263,0.97818959,-0.06749779,0.19644138,0
0.3927846,3.3623414,2.8684666,-0.17060792,0.27837113,0.94519967,0
1.847919,4.1871042,2.0844388,0.97818959,-0.06749779,0.19644138,0
-1.0657289,-4.1510491,-0.26693559,-0.11848241,-0.95809889,0.26078409,0
-0.23522782,2.8386493,-4.6494179,0.17060792,-0.27837113,-0.94519967,0
-2.4415309,-0.198241,3.2787621,-0.17060792,0.27837113,0.94519967,0
-1.8411279,-3.5748439,-1.7866788,-0.97818959,0.06749779,-0.19644138,0
-0.20537424,4.5491571,1.1846042,0.11848241,0.95809889,-0.26078409,0
-0.16784623,3.5922241,-2.354713,0.11848241,0.95809889,-0.26078409,0
2.1160672,3.2676499,-2.0028257,0.11848241,0.95809889,-0.26078409,0
1.9044256,-3.8509183,-0.65280247,0.97818959,-0.06749779,0.19644138,0
0.67909056,3.2001448,-3.1792665,0.11848241,0.95809889,-0.26078409,0
-2.1955686,0.91264701,1.0800338,-0.97818959,0.06749779,-0.19644138,0
-1.1143923,4.6482625,1.3748851,0.11848241,0.95809889,-0.26078409,0
-0.88221312,-4.6310658,-2.5522518,0.17060792,-0.27837113,-0.94519967,0
1.1797171,-0.69220155,3.5647163,0.97818959,-0.06749779,0.19644138,0
-0.97258663,1.8016378,2.9174337,-0.17060792,0.27837113,0.94519967,0
0.41875839,3.6930523,2.6289585,-0.17060792,0.27837113,0.94519967,0
0.75850981,3.1743109,-3.3315721,0.11848241,0.95809889,-0.26078409,0
-1.152751,1.0171875,-3.888845,-0.97818959,0.06749779,-0.19644138,0
-2.2410281,-1.6831125,0.22987604,-0.97818959,0.06749779,-0.19644138,0
1.8177834,-0.066692114,-3.2874095,0.17060792,-0.27837113,-0.94519967,0
0.63377881,-2.3442073,4.4779277,-0.17060792,0.27837113,0.94519967,0
-2.0772913,3.8324389,1.6693957,-0.97818959,0.06749779,-0.19644138,0
1.0907173,-4.1591444,0.50914025,-0.11848241,-0.95809889,0.26078409,0
-2.7864141,-2.5122101,4.0005531,-0.17060792,0.27837113,0.94519967,0
-0.091104031,-3.6280723,-2.568105,0.17060792,-0.27837113,-0.94519967,0
0.037941515,-3.6408331,2.0608532,-0.11848241,-0.95809889,0.26078409,0
1.3560393,0.45408511,3.6218877,0.97818959,-0.06749779,0.19644138,0
-1.695105,2.0720475,-1.2331296,-0.97818959,0.06749779,-0.19644138,0
-0.51256418,-1.9914354,-3.2937987,0.17060792,-0.27837113,-0.94519967,0
1.3341564,2.892961,-3.8720026,0.11848241,0.95809889,-0.26078409,0
-1.8023323,0.38661003,-1.3199292,-0.97818959,0.06749779,-0.19644138,0
1.3362246,2.8793249,-3.8662422,0.11848241,0.95809889,-0.26078409,0
2.5943732,0.45919895,-2.8477955,0.97818959,-0.06749779,0.19644138,0
-1.3006215,-2.9523506,-3.0404842,0.17060792,-0.27837113,-0.94519967,0
0.72498488,4.2901096,0.61592221,0.11848241,0.95809889,-0.26078409,0
1.9350269,-2.7375307,-2.6402988,0.17060792,-0.27837113,-0.94519967,0
-2.2875342,1.0184605,3.0760653,-0.17060792,0.27837113,0.94519967,0
1.2250943,-4.4513369,-0.1592145,-0.11848241,-0.95809889,0.26078409,0
-0.072629929,-3.1525719,-2.7006528,0.17060792,-0.27837113,-0.94519967,0
-0.082478523,-1.0046949,-3.4004784,0.17060792,-0.27837113,-0.94519967,0
-1.6968489,-4.4011259,-1.849463,-0.11848241,-0.95809889,0.26078409,0
0.80201805,-3.5597305,2.4759214,-0.11848241,-0.95809889,0.26078409,0
0.30146414,3.6501741,-2.0214036,0.11848241,0.95809889,-0.26078409,0
-0.055668354,-3.2376845,-2.765523,0.17060792,-0.27837113,-0.94519967,0
1.4992526,-1.3114688,2.4338112,0.97818959,-0.06749779,0.19644138,0
1.6349607,0.31068444,-3.4947956,0.17060792,-0.27837113,-0.94519967,0
-1.0366175,1.6722527,-4.3154521,0.17060792,-0.27837113,-0.94519967,0
1.4318058,-4.3853593,-0.074238539,-0.11848241,-0.95809889,0.26078409,0
-1.8996592,3.2418406,0.66689944,-0.97818959,0.06749779,-0.19644138,0
2.1309695,0.57207072,0.044875026,0.97818959,-0.06749779,0.19644138,0
-1.7482929,4.4468288,0.49742341,0.11848241,0.95809889,-0.26078409,0
2.052382,-3.9210973,-2.136003,0.17060792,-0.27837113,-0.94519967,0
-2.6773827,-0.87635636,3.4867158,-0.17060792,0.27837113,0.94519967,0
-0.85073203,-3.7223568,1.5145507,-0.11848241,-0.95809889,0.26078409,0
1.8006721,2.9399214,-3.7082212,0.11848241,0.95809889,-0.26078409,0
0.569767,-4.3726292,-0.36331892,-0.11848241,-0.95809889,0.26078409,0
-0.87779093,-2.0596943,-3.1933441,0.17060792,-0.27837113,-0.94519967,0
-1.18838,-0.4399029,-3.8902617,0.17060792,-0.27837113,-0.94519967,0
-1.3304503,-0.5021472,3.5933774,-0.17060792,0.27837113,0.94519967,0
-0.16097212,2.2023563,-4.3770165,0.17060792,-0.27837113,-0.94519967,0
1.985225,-4.0829515,-0.82301903,0.97818959,-0.06749779,0.19644138,0
-1.2218102,2.6402876,-3.6288083,-0.97818959,0.06749779,-0.19644138,0
0.56953359,0.30839753,3.732408,-0.17060792,0.27837113,0.94519967,0
-1.6251919,-2.4773099,-2.9081669,-0.97818959,0.06749779,-0.19644138,0
1.8518682,0.87287295,1.5496998,0.97818959,-0.06749779,0.19644138,0
0.16036224,-0.97252399,3.9389822,-0.17060792,0.27837113,0.94519967,0
0.7653091,2.2508066,-4.2379026,0.17060792,-0.27837113,-0.94519967,0
2.3249254,1.7199147,-1.235935,0.97818959,-0.06749779,0.19644138,0
0.45522714,3.9895453,-0.12619781,0.11848241,0.95809889,-0.26078409,0
-1.9877384,-1.1468892,-0.17122853,-0.97818959,0.06749779,-0.19644138,0
2.7159033,2.196007,-2.3992667,0.97818959,-0.06749779,0.19644138,0
0.14220977,0.78611827,-3.8398986,0.17060792,-0.27837113,-0.94519967,0
1.9401205,-3.3140826,-0.97684801,0.97818959,-0.06749779,0.19644138,0
-0.080154002,-3.625052,1.9322069,-0.11848241,-0.95809889,0.26078409,0
0.28059578,-2.3495383,4.4656572,-0.17060792,0.27837113,0.94519967,0
0.81740713,-3.5017042,2.7826209,-0.11848241,-0.95809889,0.26078409,0
2.7482681,2.4150531,-2.2192538,0.97818959,-0.06749779,0.19644138,0
-2.2185884,1.5918043,2.9139311,-0.17060792,0.27837113,0.94519967,0
0.31857347,-4.1582375,-2.5229449,0.17060792,-0.27837113,-0.94519967,0
2.0690181,3.4869108,-1.3508105,0.11848241,0.95809889,-0.26078409,0
0.80866647,-1.0822533,-3.2631171,0.17060792,-0.27837113,-0.94519967,0
0.24889088,2.9395537,2.9679213,-0.17060792,0.27837113,0.94519967,0
-2.2474008,3.3353899,1.8378927,-0.97818959,0.06749779,-0.19644138,0
-0.99791455,-3.8101802,0.5945971,-0.11848241,-0.95809889,0.26078409,0
-2.207202,0.87705874,3.1321352,-0.17060792,0.27837113,0.94519967,0
-0.39293194,4.8926845,2.1356661,-0.17060792,0.27837113,0.94519967,0
-0.2585184,-3.3591301,2.6888695,-0.11848241,-0.95809889,0.26078409,0
-1.9714288,2.992219,0.78931838,-0.97818959,0.06749779,-0.19644138,0
1.0579201,3.2837818,-2.4837441,0.11848241,0.95809889,-0.26078409,0
-2.1179233,-1.2835464,3.6942401,-0.17060792,0.27837113,0.94519967,0
-0.45681596,-0.17469525,3.569041,-0.17060792,0.27837113,0.94519967,0
0.71376276,4.5083141,1.8968627,0.11848241,0.95809889,-0.26078409,0
0.3014636,-0.85968244,4.0867248,-0.17060792,0.27837113,0.94519967,0
0.17465186,-4.0459814,0.49191737,-0.11848241,-0.95809889,0.26078409,0
1.8973172,3.0428247,-2.9637299,0.11848241,0.95809889,-0.26078409,0
-1.2057815,2.2022405,2.8895788,-0.17060792,0.27837113,0.94519967,0
-0.74666452,-4.2801676,-2.547797,0.17060792,-0.27837113,-0.94519967,0
-1.2960085,-3.1884971,3.2805021,-0.11848241,-0.95809889,0.26078409,0
-1.8625398,2.3941534,-0.45814538,-0.97818959,0.06749779,-0.19644138,0
1.0276833,-0.28942776,3.9681716,-0.17060792,0.27837113,0.94519967,0
-1.2203201,3.3477931,-3.4072914,-0.97818959,0.06749779,-0.19644138,0
0.86270344,3.3678341,-2.4784739,0.11848241,0.95809889,-0.26078409,0
-0.44812214,-3.7593822,1.0844121,-0.11848241,-0.95809889,0.26078409,0
1.2495389,-3.0258265,-2.5351214,0.17060792,-0.27837113,-0.94519967,0
-1.163167,-4.0704679,0.072006702,-0.11848241,-0.95809889,0.26078409,0
1.2217193,-4.808167,-2.1336875,0.17060792,-0.27837113,-0.94519967,0
1.3051648,4.4227734,1.2000196,0.11848241,0.95809889,-0.26078409,0
-2.2045579,-0.3812716,0.82160234,-0.97818959,0.06749779,-0.19644138,0
-2.2529421,-0.75736928,3.4919779,-0.17060792,0.27837113,0.94519967,0
0.25578547,-3.2080026,3.3247209,-0.11848241,-0.95809889,0.26078409,0
-1.680052,2.6233919,2.6168625,-0.17060792,0.27837113,0.94519967,0
-2.0482008,3.7351978,1.573092,-0.97818959,0.06749779,-0.19644138,0
1.9898956,0.20138645,-3.4497342,0.17060792,-0.27837113,-0.94519967,0
-0.2916007,-4.3052764,-0.88673854,-0.11848241,-0.95809889,0.26078409,0
-0.12113714,-4.4304361,-2.4182668,0.17060792,-0.27837113,-0.94519967,0
-0.61017114,-3.3363209,2.8051498,-0.11848241,-0.95809889,0.26078409,0
-1.8912117,0.92643511,-0.084600359,-0.97818959,0.06749779,-0.19644138,0
1.3548579,-2.0060647,3.1547341,0.97818959,-0.06749779,0.19644138,0
-0.43345785,4.543869,0.95570707,0.11848241,0.95809889,-0.26078409,0
-2.2513041,-2.1120806,0.73639393,-0.97818959,0.06749779,-0.19644138,0
1.4707372,-2.4386232,2.0249872,0.97818959,-0.06749779,0.19644138,0
-2.3891675,-0.53903437,1.0395503,-0.97818959,0.06749779,-0.19644138,0
-1.2723687,-1.6071311,-3.5454233,0.17060792,-0.27837113,-0.94519967,0
0.65173268,3.3332963,-2.5823205,0.11848241,0.95809889,-0.26078409,0
2.2177138,1.0026069,-0.11069965,0.97818959,-0.06749779,0.19644138,0
-1.2485102,3.2046065,-2.4087019,-0.97818959,0.06749779,-0.19644138,0
2.4151607,1.6134319,-1.6894348,0.97818959,-0.06749779,0.19644138,0
1.2655466,-4.5954676,-1.0010555,-0.11848241,-0.95809889,0.26078409,0
-0.86630058,4.4241738,0.55628085,0.11848241,0.95809889,-0.26078409,0
-1.332042,3.5711265,-2.3979316,-0.97818959,0.06749779,-0.19644138,0
0.23374367,4.5615511,1.5415254,0.11848241,0.95809889,-0.26078409,0
-1.2850955,-4.1914735,-0.50796556,-0.11848241,-0.95809889,0.26078409,0
-2.6505225,-1.8909078,1.8936071,-0.97818959,0.06749779,-0.19644138,0
-2.6961465,-2.0201688,2.7815111,-0.97818959,0.06749779,-0.19644138,0
2.2118337,2.3842402,-0.51379514,0.97818959,-0.06749779,0.19644138,0
-1.615474,-2.9636297,3.869972,-0.11848241,-0.95809889,0.26078409,0
-1.4072541,4.0667319,-1.3255662,0.11848241,0.95809889,-0.26078409,0
-2.0347898,-3.2815912,-1.1095085,-0.97818959,0.06749779,-0.19644138,0
-1.6089232,-2.4401834,-2.9173636,-0.97818959,0.06749779,-0.19644138,0
2.2972052,-0.0538764,-1.0088785,0.97818959,-0.06749779,0.19644138,0
1.1553518,3.4254107,-2.36131,0.11848241,0.95809889,-0.26078409,0
-1.0391541,-3.3885317,-2.9316278,0.17060792,-0.27837113,-0.94519967,0
0.3448658,-4.6121502,-1.1954145,-0.11848241,-0.95809889,0.26078409,0
-2.4279447,-2.8653426,3.552366,-0.11848241,-0.95809889,0.26078409,0
0.26466864,3.4060662,-2.4387693,0.11848241,0.95809889,-0.26078409,0
0.78033328,1.7522492,-4.1623702,0.17060792,-0.27837113,-0.94519967,0
-0.63147998,3.9342382,-1.2336569,0.11848241,0.95809889,-0.26078409,0
1.4301851,-1.4766836,-2.9496913,0.17060792,-0.27837113,-0.94519967,0
-2.0161092,-2.5221491,4.0821428,-0.17060792,0.27837113,0.94519967,0
0.70813775,-0.77565408,-3.36622,0.17060792,-0.27837113,-0.94519967,0
-0.65976214,0.082314491,3.5355108,-0.17060792,0.27837113,0.94519967,0
2.7855468,0.45953512,-3.3075299,0.97818959,-0.06749779,0.19644138,0
-0.26305038,-3.6510024,2.1746898,-0.11848241,-0.95809889,0.26078409,0
2.0795307,-2.8126822,-2.5830233,0.17060792,-0.27837113,-0.94519967,0
1.760246,-2.7347701,0.1964277,0.97818959,-0.06749779,0.19644138,0
1.6884747,4.2635565,2.7357221,-0.17060792,0.27837113,0.94519967,0
-2.4520936,-0.65674853,1.4816442,-0.97818959,0.06749779,-0.19644138,0
2.1273754,-1.1920716,-0.7096796,0.97818959,-0.06749779,0.19644138,0
2.2558401,2.8114572,-0.21270871,0.97818959,-0.06749779,0.19644138,0
1.6758618,4.4665465,2.0853245,0.11848241,0.95809889,-0.26078409,0
-0.98927844,3.9559402,-1.4278331,0.11848241,0.95809889,-0.26078409,0
2.8224421,2.8783433,-3.0350983,0.97818959,-0.06749779,0.19644138,0
1.2037864,-4.3328786,-0.010194778,-0.11848241,-0.95809889,0.26078409,0
-1.3304558,3.31845,-2.0551791,-0.97818959,0.06749779,-0.19644138,0
0.53928149,3.3862062,-2.8404808,0.11848241,0.95809889,-0.26078409,0
1.6321139,-1.7721882,1.8090476,0.97818959,-0.06749779,0.19644138,0
-1.2480037,-4.1529679,-0.54058599,-0.11848241,-0.95809889,0.26078409,0
1.3964075,-1.1574795,3.1405559,0.97818959,-0.06749779,0.19644138,0
0.55123591,3.9823055,-0.36808205,0.11848241,0.95809889,-0.26078409,0
1.8745792,-3.2324901,-0.31465805,0.97818959,-0.06749779,0.19644138,0
-2.2442884,-0.70868516,0.67756236,-0.97818959,0.06749779,-0.19644138,0
-0.01324892,2.4033501,-4.4225326,0.17060792,-0.27837113,-0.94519967,0
1.6602359,4.4348221,2.7209256,-0.17060792,0.27837113,0.94519967,0
-2.8329468,-1.5638571,3.1752663,-0.97818959,0.06749779,-0.19644138,0
2.6961184,1.2958841,-2.4638796,0.97818959,-0.06749779,0.19644138,0
0.93258089,3.6013291,-1.3222578,0.11848241,0.95809889,-0.26078409,0
-1.7862735,-2.5999568,-2.2794824,-0.97818959,0.06749779,-0.19644138,0
-0.73117232,-1.3423969,3.9389434,-0.17060792,0.27837113,0.94519967,0
-2.868365,-3.0622449,2.5736444,-0.97818959,0.06749779,-0.19644138,0
1.3532474,-2.1998622,2.7869639,0.97818959,-0.06749779,0.19644138,0
-1.3885067,-0.52432227,-3.298245,-0.97818959,0.06749779,-0.19644138,0
1.2635621,-4.1330376,0.8611865,-0.11848241,-0.95809889,0.26078409,0
-0.56720901,1.7843026,-4.4290791,0.17060792,-0.27837113,-0.94519967,0
0.89564967,-3.1594529,3.7697124,-0.11848241,-0.95809889,0.26078409,0
-1.6660448,-3.4018333,1.83462,-0.11848241,-0.95809889,0.26078409,0
0.55102205,-3.8488991,1.517457,-0.11848241,-0.95809889,0.26078409,0
-0.82647729,2.8552361,-4.7773113,0.17060792,-0.27837113,-0.94519967,0
0.29512358,4.1428404,0.20475531,0.11848241,0.95809889,-0.26078409,0
-2.4830892,-0.31449842,1.7151213,-0.97818959,0.06749779,-0.19644138,0
0.12938499,-1.5724472,-3.3152575,0.17060792,-0.27837113,-0.94519967,0
-0.35246474,-3.2015238,3.5085254,-0.11848241,-0.95809889,0.26078409,0
-2.5176299,0.28742743,2.8851349,-0.97818959,0.06749779,-0.19644138,0
-0.8854866,4.5739918,1.0162759,0.11848241,0.95809889,-0.26078409,0
-0.91347623,1.3348045,-4.2671313,0.17060792,-0.27837113,-0.94519967,0
-0.28540635,3.7671742,-1.301018,0.11848241,0.95809889,-0.26078409,0
-0.41530943,-3.1559005,-2.9356608,0.17060792,-0.27837113,-0.94519967,0
0.46674466,-0.76591861,3.9738708,-0.17060792,0.27837113,0.94519967,0
-1.0437236,-1.9184039,-3.410388,0.17060792,-0.27837113,-0.94519967,0
1.704833,1.3318231,2.3600922,0.97818959,-0.06749779,0.19644138,0
-1.7983891,3.8100152,-0.067593813,-0.97818959,0.06749779,-0.19644138,0
-1.611059,1.6441731,-1.5798523,-0.97818959,0.06749779,-0.19644138,0
2.1873269,-1.7321547,-1.3169758,0.97818959,-0.06749779,0.19644138,0
-0.96705866,4.5887461,1.234817,0.11848241,0.95809889,-0.26078409,0
0.36938536,3.8519368,-0.77629876,0.11848241,0.95809889,-0.26078409,0
-0.076457024,-4.4630284,-1.3621044,-0.11848241,-0.95809889,0.26078409,0
-0.20745707,-4.4210887,-1.3559768,-0.11848241,-0.95809889,0.26078409,0
1.3966267,1.0216646,-3.7550337,0.17060792,-0.27837113,-0.94519967,0
-1.0293933,-3.753149,1.16627,-0.11848241,-0.95809889,0.26078409,0
2.2584758,1.7170455,-3.8434348,0.17060792,-0.27837113,-0.94519967,0
1.804142,-0.37116659,1.36799,0.97818959,-0.06749779,0.19644138,0
-0.0047416687,1.6635056,3.172765,-0.17060792,0.27837113,0.94519967,0
0.39374709,1.5870774,-4.0830798,0.17060792,-0.27837113,-0.94519967,0
1.6764824,-2.3935881,0.95388997,0.97818959,-0.06749779,0.19644138,0
1.089761,-2.0870414,-2.8520808,0.17060792,-0.27837113,-0.94519967,0
-2.1013744,1.6674188,0.99482465,-0.97818959,0.06749779,-0.19644138,0
2.0047174,-4.1912065,-1.1838385,0.97818959,-0.06749779,0.19644138,0
-0.26341814,-3.3137379,3.0437565,-0.11848241,-0.95809889,0.26078409,0
-0.59538555,-4.6137295,-2.4839082,0.17060792,-0.27837113,-0.94519967,0
1.9323416,-3.5855615,-1.0382161,0.97818959,-0.06749779,0.19644138,0
-0.078164697,-2.9907761,4.3977485,-0.11848241,-0.95809889,0.26078409,0
-1.5774188,-3.5402441,1.3702276,-0.11848241,-0.95809889,0.26078409,0
1.9374833,-4.7042818,-2.0496635,0.17060792,-0.27837113,-0.94519967,0
-1.9559643,4.5664229,1.3727548,-0.97818959,0.06749779,-0.19644138,0
-0.25946641,3.0470731,-4.1259832,0.11848241,0.95809889,-0.26078409,0
-1.30884,-0.1077466,3.5484583,-0.17060792,0.27837113,0.94519967,0
1.8520422,-3.7688138,-0.15934408,0.97818959,-0.06749779,0.19644138,0
-1.423141,-4.52879,-2.1374598,-0.11848241,-0.95809889,0.26078409,0
-0.2319293,1.7069196,-4.2269349,0.17060792,-0.27837113,-0.94519967,0
1.9577708,-0.052170157,0.40313417,0.97818959,-0.06749779,0.19644138,0
-0.4246664,-4.830718,-2.3576615,-0.11848241,-0.95809889,0.26078409,0
-1.0311468,2.2937965,-3.9181058,-0.97818959,0.06749779,-0.19644138,0
-0.3612597,0.80109656,3.3690114,-0.17060792,0.27837113,0.94519967,0
1.5450757,-1.0951912,-3.0465961,0.17060792,-0.27837113,-0.94519967,0
1.3997025,2.9067764,-3.7027807,0.11848241,0.95809889,-0.26078409,0
-2.754266,-2.404809,2.9449568,-0.97818959,0.06749779,-0.19644138,0
-2.7672844,-0.91363907,3.1963732,-0.97818959,0.06749779,-0.19644138,0
1.7024629,2.9658711,-4.0511475,0.11848241,0.95809889,-0.26078409,0
-0.053542733,-2.889271,4.3704152,-0.11848241,-0.95809889,0.26078409,0
-0.73815489,1.8848372,-4.3621197,0.17060792,-0.27837113,-0.94519967,0
2.6314449,1.8978028,-2.2334983,0.97818959,-0.06749779,0.19644138,0
-0.19902897,-3.8573461,1.4506092,-0.11848241,-0.95809889,0.26078409,0
0.45112133,4.5504823,2.3657982,-0.17060792,0.27837113,0.94519967,0
1.3238959,-0.13753557,-3.4513187,0.17060792,-0.27837113,-0.94519967,0
1.7082767,4.4848275,2.0215666,0.11848241,0.95809889,-0.26078409,0
-1.3603382,-4.5056705,-1.975925,-0.11848241,-0.95809889,0.26078409,0
-1.7964727,-1.6451614,3.9410391,-0.17060792,0.27837113,0.94519967,0
-2.2355905,-3.3018415,-0.19865894,-0.97818959,0.06749779,-0.19644138,0
-2.2778699,-1.4879713,1.1452687,-0.97818959,0.06749779,-0.19644138,0
1.2450154,3.63959,-1.1102781,0.11848241,0.95809889,-0.26078409,0
-1.9856818,4.7611094,1.2946187,0.11848241,0.95809889,-0.26078409,0
-0.035526752,2.6476042,2.9238112,-0.17060792,0.27837113,0.94519967,0
1.1343565,2.7165015,3.0083883,-0.17060792,0.27837113,0.94519967,0
2.3593311,0.20425582,-1.0017833,0.97818959,-0.06749779,0.19644138,0
-2.3418632,-1.8786895,3.9308763,-0.17060792,0.27837113,0.94519967,0
0.077856302,-1.7031587,4.2860961,-0.17060792,0.27837113,0.94519967,0
0.84818745,-4.3097134,-0.11167121,-0.11848241,-0.95809889,0.26078409,0
-2.512342,-0.0092663765,3.3068461,-0.17060792,0.27837113,0.94519967,0
-2.3188396,-3.7598944,0.093415737,-0.11848241,-0.95809889,0.26078409,0
2.0185156,-3.3283403,-0.69989073,0.97818959,-0.06749779,0.19644138,0
-1.7616787,-3.0113699,-2.8001125,-0.97818959,0.06749779,-0.19644138,0
2.0122099,-2.1137211,-0.94260228,0.97818959,-0.06749779,0.19644138,0
2.2395372,0.059771538,-0.5819397,0.97818959,-0.06749779,0.19644138,0
1.4439962,-2.1654413,2.1515102,0.97818959,-0.06749779,0.19644138,0
-1.5390701,-2.9777761,3.9591751,-0.11848241,-0.95809889,0.26078409,0
-2.0992246,-3.0405855,-0.59329653,-0.97818959,0.06749779,-0.19644138,0
-0.70849061,3.0857246,-4.080256,0.11848241,0.95809889,-0.26078409,0
0.60800391,-3.7680168,1.6450224,-0.11848241,-0.95809889,0.26078409,0
1.5455265,-3.9906209,1.3379487,0.97818959,-0.06749779,0.19644138,0
2.1757705,-1.4409425,-2.921839,0.17060792,-0.27837113,-0.94519967,0
0.68925917,-3.1326342,4.0522881,-0.11848241,-0.95809889,0.26078409,0
2.1919594,-0.35361218,-0.77195501,0.97818959,-0.06749779,0.19644138,0
-0.98505294,1.918541,-4.190546,-0.97818959,0.06749779,-0.19644138,0
-1.8832871,1.4964103,-0.59825552,-0.97818959,0.06749779,-0.19644138,0
-0.27288437,3.860157,-1.3574131,0.11848241,0.95809889,-0.26078409,0
-1.0442119,0.61667073,-3.9749458,0.17060792,-0.27837113,-0.94519967,0
-1.7867098,0.51868296,3.2972507,-0.17060792,0.27837113,0.94519967,0
2.9669511,2.7882686,-3.874299,0.97818959,-0.06749779,0.19644138,0
-1.383046,-3.2012625,2.894037,-0.11848241,-0.95809889,0.26078409,0
-2.1351025,-3.7609906,0.72733402,-0.11848241,-0.95809889,0.26078409,0
0.085202217,-2.6362748,-2.8671563,0.17060792,-0.27837113,-0.94519967,0
1.4466689,0.52806473,2.9431343,0.97818959,-0.06749779,0.19644138,0
2.5338321,2.486007,-3.9799755,0.17060792,-0.27837113,-0.94519967,0
2.3824186,-1.5193715,-2.8885505,0.17060792,-0.27837113,-0.94519967,0
2.2435596,-4.0236926,-1.8838487,0.97818959,-0.06749779,0.19644138,0
1.3620045,1.8404959,-3.8954406,0.17060792,-0.27837113,-0.94519967,0
2.4350824,-1.3271136,-2.4684958,0.97818959,-0.06749779,0.19644138,0
0.58044291,-4.6629028,-1.8977535,-0.11848241,-0.95809889,0.26078409,0
1.80318,-4.750864,-1.0938205,-0.11848241,-0.95809889,0.26078409,0
-1.2318077,4.7469902,1.7823946,0.11848241,0.95809889,-0.26078409,0
-2.0619934,2.8276043,0.79571903,-0.97818959,0.06749779,-0.19644138,0
-1.9139606,0.80795026,-0.61688745,-0.97818959,0.06749779,-0.19644138,0
2.9946506,2.7225122,-3.9325414,0.11848241,0.95809889,-0.26078409,0
-2.0565629,-1.5455465,-0.95398855,-0.97818959,0.06749779,-0.19644138,0
-2.828027,-2.7721984,3.8157146,-0.11848241,-0.95809889,0.26078409,0
0.23880148,3.1347041,2.7342296,-0.17060792,0.27837113,0.94519967,0
0.048946857,-4.4096456,-1.082963,-0.11848241,-0.95809889,0.26078409,0
1.3146672,-4.8347144,-1.8334583,-0.11848241,-0.95809889,0.26078409,0
1.1876868,-2.1552837,3.6497262,0.97818959,-0.06749779,0.19644138,0
1.4493264,-2.2831638,1.9996589,0.97818959,-0.06749779,0.19644138,0
0.85726643,2.5024211,-4.2663984,0.17060792,-0.27837113,-0.94519967,0
1.4652319,-4.7248178,-1.6691446,-0.11848241,-0.95809889,0.26078409,0
0.89927167,-3.6796265,2.2705791,-0.11848241,-0.95809889,0.26078409,0
1.5642903,0.81839776,2.3324702,0.97818959,-0.06749779,0.19644138,0
1.5260191,0.95713997,2.5911574,0.97818959,-0.06749779,0.19644138,0
2.1111162,-1.9887452,-1.3129008,0.97818959,-0.06749779,0.19644138,0
-1.5435659,1.2087939,-1.9036839,-0.97818959,0.06749779,-0.19644138,0
-2.3220425,-2.2975514,0.22418952,-0.97818959,0.06749779,-0.19644138,0
1.9069977,4.0480018,0.7110281,0.11848241,0.95809889,-0.26078409,0
-1.9956204,-2.8969569,3.8460426,-0.11848241,-0.95809889,0.26078409,0
-1.3460639,-4.1053686,-0.30054069,-0.11848241,-0.95809889,0.26078409,0
-1.0628796,3.8580565,-1.8481073,0.11848241,0.95809889,-0.26078409,0
-0.80951524,4.5397143,1.04813,0.11848241,0.95809889,-0.26078409,0
1.646625,3.0101099,-3.3533452,0.11848241,0.95809889,-0.26078409,0
1.6093432,-1.2882245,1.9047813,0.97818959,-0.06749779,0.19644138,0
2.3373871,0.39256239,-3.4136012,0.17060792,-0.27837113,-0.94519967,0
1.162725,-4.38273,-0.039419174,-0.11848241,-0.95809889,0.26078409,0
-2.1985683,-0.59560347,0.4227376,-0.97818959,0.06749779,-0.19644138,0
-2.9238944,-2.4110034,3.6881185,-0.97818959,0.06749779,-0.19644138,0
0.25643706,1.9469924,-4.2929215,0.17060792,-0.27837113,-0.94519967,0
2.0126195,-0.66444981,-0.36957562,0.97818959,-0.06749779,0.19644138,0
1.694809,1.3328965,2.0063138,0.97818959,-0.06749779,0.19644138,0
-0.55495286,0.65929103,-3.954535,0.17060792,-0.27837113,-0.94519967,0
1.3704815,-4.0091085,-2.2791533,0.17060792,-0.27837113,-0.94519967,0
-1.0177891,-2.3393922,4.1127954,-0.17060792,0.27837113,0.94519967,0
-1.9262505,4.3352447,1.0524718,-0.97818959,0.06749779,-0.19644138,0
-0.91821718,0.12395561,3.5037856,-0.17060792,0.27837113,0.94519967,0
1.7018223,3.4802132,2.7323608,0.97818959,-0.06749779,0.19644138,0
1.0301499,4.5633469,2.5102236,-0.17060792,0.27837113,0.94519967,0
1.8127569,0.075076818,1.0308933,0.97818959,-0.06749779,0.19644138,0
-1.0598009,2.6534536,-3.6744094,-0.97818959,0.06749779,-0.19644138,0
-1.224948,3.5703962,-2.5172997,0.11848241,0.95809889,-0.26078409,0
-1.7350979,-3.0533133,-2.6799669,-0.97818959,0.06749779,-0.19644138,0
2.3710735,-2.2553139,-2.2668724,0.97818959,-0.06749779,0.19644138,0
0.99578977,-2.59022,4.3547435,0.97818959,-0.06749779,0.19644138,0
-0.31763744,-2.7187257,-2.899292,0.17060792,-0.27837113,-0.94519967,0
0.05470705,-3.0361865,3.8885393,-0.11848241,-0.95809889,0.26078409,0
-1.7240281,2.8510945,-0.76896852,-0.97818959,0.06749779,-0.19644138,0
-1.2884333,-0.99920464,3.8625529,-0.17060792,0.27837113,0.94519967,0
0.72862506,2.0561023,-4.2328124,0.17060792,-0.27837113,-0.94519967,0
-1.487901,3.1479373,2.5164597,-0.17060792,0.27837113,0.94519967,0
-0.18054104,2.8007975,-4.5185442,0.17060792,-0.27837113,-0.94519967,0
1.6324592,3.6097105,2.9688895,0.97818959,-0.06749779,0.19644138,0
1.4488001,2.9525425,-3.4664726,0.11848241,0.95809889,-0.26078409,0
0.34059519,3.5973897,-1.8540368,0.11848241,0.95809889,-0.26078409,0
-0.22974277,-3.8794508,0.60664749,-0.11848241,-0.95809889,0.26078409,0
-1.512361,-3.9306605,0.41946292,-0.11848241,-0.95809889,0.26078409,0
-2.0666897,-2.9781284,3.5215478,-0.11848241,-0.95809889,0.26078409,0
-0.42448306,3.8787398,-1.0688879,0.11848241,0.95809889,-0.26078409,0
-0.44022369,3.5510607,2.4864011,-0.17060792,0.27837113,0.94519967,0
0.88794756,1.3424834,-4.0113697,0.17060792,-0.27837113,-0.94519967,0
1.6849327,-0.7252022,1.7569449,0.97818959,-0.06749779,0.19644138,0
-1.1728171,-3.7574477,1.0013444,-0.11848241,-0.95809889,0.26078409,0
2.9020047,2.6803086,-3.7987678,0.11848241,0.95809889,-0.26078409,0
2.3774006,-1.4940681,-2.7877836,0.17060792,-0.27837113,-0.94519967,0
-1.8360276,2.4709382,2.6842403,-0.17060792,0.27837113,0.94519967,0
2.9120564,2.9505899,-2.9179955,0.97818959,-0.06749779,0.19644138,0
-2.288974,-1.3696947,3.7743149,-0.17060792,0.27837113,0.94519967,0
-0.52989674,-0.56432676,3.753165,-0.17060792,0.27837113,0.94519967,0
1.7798054,2.0403707,2.0058393,0.97818959,-0.06749779,0.19644138,0
-1.139636,1.1115805,-4.3202486,-0.97818959,0.06749779,-0.19644138,0
-1.8369807,1.0884851,-0.1987735,-0.97818959,0.06749779,-0.19644138,0
2.4102423,0.39672422,-1.3370043,0.97818959,-0.06749779,0.19644138,0
0.63384509,1.5473825,-3.9510934,0.17060792,-0.27837113,-0.94519967,0
1.8446018,3.392308,-1.8665507,0.11848241,0.95809889,-0.26078409,0
2.4055171,-2.8322787,-2.5088902,0.17060792,-0.27837113,-0.94519967,0
-1.4567407,4.0344872,-1.5407929,0.11848241,0.95809889,-0.26078409,0
-1.8774862,1.9362303,0.15305775,-0.97818959,0.06749779,-0.19644138,0
2.5243783,3.4614079,-1.129225,0.11848241,0.95809889,-0.26078409,0
1.342234,3.835886,-0.58678794,0.11848241,0.95809889,-0.26078409,0
-2.2878497,0.50819182,3.1677673,-0.17060792,0.27837113,0.94519967,0
-0.03384161,3.9574358,2.4309444,-0.17060792,0.27837113,0.94519967,0
1.8220928,-1.4218875,0.94168711,0.97818959,-0.06749779,0.19644138,0
0.61232638,0.77085316,-3.7520554,0.17060792,-0.27837113,-0.94519967,0
2.2471216,2.9978004,-3.5195262,0.11848241,0.95809889,-0.26078409,0
2.0892749,1.6476657,-3.8758118,0.17060792,-0.27837113,-0.94519967,0
-2.6897244,-0.7587707,2.5518279,-0.97818959,0.06749779,-0.19644138,0
-2.2875504,1.2386882,2.9549787,-0.17060792,0.27837113,0.94519967,0
0.96278238,-4.60887,-1.2680569,-0.11848241,-0.95809889,0.26078409,0
0.34308124,4.1750994,0.34211111,0.11848241,0.95809889,-0.26078409,0
-1.113633,3.6928253,-2.0822291,0.11848241,0.95809889,-0.26078409,0
-0.32753968,0.036021709,3.7161222,-0.17060792,0.27837113,0.94519967,0
0.01380682,1.1866391,3.3172598,-0.17060792,0.27837113,0.94519967,0
-1.8338783,-3.8832593,0.47321439,-0.11848241,-0.95809889,0.26078409,0
-1.0221307,0.96403134,3.1324508,-0.17060792,0.27837113,0.94519967,0
0.39072084,2.9956284,-4.3698964,0.11848241,0.95809889,-0.26078409,0
0.48257875,3.0781329,-3.4420266,0.11848241,0.95809889,-0.26078409,0
-1.8633428,2.5451808,2.520082,-0.17060792,0.27837113,0.94519967,0
-1.0478625,-4.4619741,-1.1693916,-0.11848241,-0.95809889,0.26078409,0
-0.56463003,4.7138219,1.9602623,0.11848241,0.95809889,-0.26078409,0
-1.8060786,-1.4743133,3.8958585,-0.17060792,0.27837113,0.94519967,0
-2.5515602,-2.2613053,3.9603753,-0.17060792,0.27837113,0.94519967,0
-1.0627931,4.0299029,-1.3250678,0.11848241,0.95809889,-0.26078409,0
1.5923165,3.4431791,-1.8323371,0.11848241,0.95809889,-0.26078409,0
-0.99160457,-3.774941,1.0915289,-0.11848241,-0.95809889,0.26078409,0
1.7837278,1.6631625,1.7071433,0.97818959,-0.06749779,0.19644138,0
-0.60094643,-1.8220594,-3.3795807,0.17060792,-0.27837113,-0.94519967,0
0.79821396,4.1658936,2.7036552,-0.17060792,0.27837113,0.94519967,0
-2.5710704,-3.4103973,1.2856443,-0.11848241,-0.95809889,0.26078409,0
-2.2078068,0.1939218,1.0505614,-0.97818959,0.06749779,-0.19644138,0
-1.8704129,-1.4110475,3.7786775,-0.17060792,0.27837113,0.94519967,0
2.4946933,0.70057678,-3.384608,0.17060792,-0.27837113,-0.94519967,0
1.7095578,-4.7015781,-1.2880864,-0.11848241,-0.95809889,0.26078409,0
-2.7069519,-2.8153942,3.8465736,-0.11848241,-0.95809889,0.26078409,0
0.56770611,-4.4726696,-0.72888112,-0.11848241,-0.95809889,0.26078409,0
1.526309,1.4213482,3.1400511,0.97818959,-0.06749779,0.19644138,0
-0.80235481,-3.533052,2.0903718,-0.11848241,-0.95809889,0.26078409,0
-1.8295305,-3.0106163,3.6128418,-0.11848241,-0.95809889,0.26078409,0
1.7115175,-1.7370579,0.92787027,0.97818959,-0.06749779,0.19644138,0
