-3.8686206,4.0340409,0.084562302,-0.42361331,0.4407416,0.7913903,0
0.39165616,0.40286374,4.430223,-0.42361331,0.4407416,0.7913903,0
-0.59855103,2.7830381,-4.0029931,-0.39335182,0.69748139,-0.59899426,0
-3.3893178,4.5208521,0.015374184,-0.39335182,0.69748139,-0.59899426,0
-0.066258669,0.094990015,4.3267784,-0.42361331,0.4407416,0.7913903,0
-1.5163684,-0.81649995,-2.0993941,-0.81598169,-0.56503677,-0.12209591,0
-2.1069608,2.0904987,-3.7877419,-0.39335182,0.69748139,-0.59899426,0
-1.7951792,1.6346892,2.590342,-0.42361331,0.4407416,0.7913903,0
-0.91283631,4.7400861,1.1939785,0.81598169,0.56503677,0.12209591,0
1.1782848,-2.8519158,-2.1742101,0.42361331,-0.4407416,-0.7913903,0
-0.37568116,-1.5775704,-3.863987,0.42361331,-0.4407416,-0.7913903,0
1.5940187,1.2923188,-0.97801697,0.81598169,0.56503677,0.12209591,0
3.970139,-1.9954352,-0.54250431,0.81598169,0.56503677,0.12209591,0
0.024727106,-4.0226445,2.4415979,-0.81598169,-0.56503677,-0.12209591,0
-3.153091,1.3170187,-1.9407718,-0.81598169,-0.56503677,-0.12209591,0
2.1842616,-0.46871543,4.5633631,0.81598169,0.56503677,0.12209591,0
-0.9371078,-0.49579632,4.1623173,-0.42361331,0.4407416,0.7913903,0
-1.3996205,-1.9152181,4.7314992,-0.42361331,0.4407416,0.7913903,0
1.7143193,-4.998096,0.68954706,0.39335182,-0.69748139,0.59899426,0
-0.76998115,2.6770115,2.4918807,-0.42361331,0.4407416,0.7913903,0
0.76432538,-2.3886189,4.1662645,0.39335182,-0.69748139,0.59899426,0
2.1180778,0.23116279,1.9267614,0.81598169,0.56503677,0.12209591,0
2.584691,-1.0228434,3.2206633,0.81598169,0.56503677,0.12209591,0
-0.90844512,1.1590003,3.3771608,-0.42361331,0.4407416,0.7913903,0
2.2656252,-4.2694378,1.1058388,0.39335182,-0.69748139,0.59899426,0
-3.1203022,4.1024375,-0.82173109,-0.39335182,0.69748139,-0.59899426,0
-1.1669229,-2.0180736,1.5356798,-0.81598169,-0.56503677,-0.12209591,0
2.1750619,-4.597003,0.71533585,0.39335182,-0.69748139,0.59899426,0
-1.3089232,5.5076318,0.07154417,0.81598169,0.56503677,0.12209591,0
0.66914725,2.9152431,-1.413002,0.81598169,0.56503677,0.12209591,0
1.5597498,-3.086648,-1.7455652,0.42361331,-0.4407416,-0.7913903,0
-3.618078,1.2121484,1.5973411,-0.81598169,-0.56503677,-0.12209591,0
0.12301064,-2.3189404,-2.9917951,0.42361331,-0.4407416,-0.7913903,0
2.4638946,-0.11260176,0.08213225,0.81598169,0.56503677,0.12209591,0
0.76075101,-0.050017118,4.8393383,-0.42361331,0.4407416,0.7913903,0
1.5137306,-3.9713299,-1.290489,0.42361331,-0.4407416,-0.7913903,0
1.5435706,-4.4109073,1.3266139,0.39335182,-0.69748139,0.59899426,0
-1.3317411,1.5006479,2.9598372,-0.42361331,0.4407416,0.7913903,0
3.2314813,-3.9075644,-0.60095429,0.42361331,-0.4407416,-0.7913903,0
4.6924877,-3.4663663,0.44778633,0.39335182,-0.69748139,0.59899426,0
2.3197014,-1.4820683,4.1272001,0.39335182,-0.69748139,0.59899426,0
-2.4465387,1.8511963,2.0086844,-0.42361331,0.4407416,0.7913903,0
-0.73944408,4.9147115,-1.3338423,0.81598169,0.56503677,0.12209591,0
0.72015667,2.7542121,-4.7017131,-0.39335182,0.69748139,-0.59899426,0
1.601825,0.37113309,3.5169368,0.81598169,0.56503677,0.12209591,0
4.5943251,-3.2521105,0.75909567,0.39335182,-0.69748139,0.59899426,0
3.9936433,-3.9367092,-0.02217865,0.42361331,-0.4407416,-0.7913903,0
0.22707665,-4.0256863,2.7111945,0.39335182,-0.69748139,0.59899426,0
3.0025558,-3.1865425,1.98528,0.39335182,-0.69748139,0.59899426,0
-1.5518515,4.5172896,-1.3966517,-0.39335182,0.69748139,-0.59899426,0
-0.86313677,4.6014285,0.3486042,0.81598169,0.56503677,0.12209591,0
-1.4537511,-1.7089119,1.0194819,-0.81598169,-0.56503677,-0.12209591,0
-3.1953342,2.5925355,-2.2965174,-0.39335182,0.69748139,-0.59899426,0
0.85305536,-4.0882764,2.0470119,0.39335182,-0.69748139,0.59899426,0
0.4265883,-4.0777645,-1.0214758,-0.81598169,-0.56503677,-0.12209591,0
0.78629231,3.0032842,-2.6427464,0.81598169,0.56503677,0.12209591,0
3.0863888,-1.4703015,2.2846069,0.81598169,0.56503677,0.12209591,0
2.9241076,-2.1579015,3.1529503,0.39335182,-0.69748139,0.59899426,0
-0.204927,3.9234233,-0.85938025,0.81598169,0.56503677,0.12209591,0
0.96683478,1.2292359,-4.6008177,0.42361331,-0.4407416,-0.7913903,0
-1.5596554,0.83932698,3.2027793,-0.42361331,0.4407416,0.7913903,0
3.2180357,-4.0268092,0.86578608,0.39335182,-0.69748139,0.59899426,0
-0.85268426,1.9410795,2.8082178,-0.42361331,0.4407416,0.7913903,0
2.228111,-1.0127368,4.764009,0.39335182,-0.69748139,0.59899426,0
4.2760243,-2.7454159,0.6878252,0.81598169,0.56503677,0.12209591,0
1.8998462,-4.050559,1.4484372,0.39335182,-0.69748139,0.59899426,0
-2.7462583,1.9188178,1.9774716,-0.42361331,0.4407416,0.7913903,0
-3.1055231,1.296662,-1.05199,-0.81598169,-0.56503677,-0.12209591,0
0.63260853,2.4474769,1.3522013,0.81598169,0.56503677,0.12209591,0
-1.807361,5.3085799,0.55258131,-0.42361331,0.4407416,0.7913903,0
2.8894024,-1.6274462,3.5834718,0.39335182,-0.69748139,0.59899426,0
-3.3657148,1.0886637,1.5964034,-0.81598169,-0.56503677,-0.12209591,0
-2.5185673,0.31605303,-0.2043736,-0.81598169,-0.56503677,-0.12209591,0
0.62006998,-1.2306211,5.3965902,-0.42361331,0.4407416,0.7913903,0
0.66454577,-4.0267611,-1.8267504,-0.81598169,-0.56503677,-0.12209591,0
1.8162496,0.94113696,-0.086792529,0.81598169,0.56503677,0.12209591,0
-3.6702921,1.8163582,-0.33235598,-0.81598169,-0.56503677,-0.12209591,0
-0.5596633,0.93561327,3.5752468,-0.42361331,0.4407416,0.7913903,0
1.745559,0.73320508,-3.8767385,0.42361331,-0.4407416,-0.7913903,0
-1.458908,2.8552678,-3.3247299,-0.39335182,0.69748139,-0.59899426,0
-1.5630765,3.746995,-2.2363625,-0.39335182,0.69748139,-0.59899426,0
0.0067081451,3.9907508,-2.8972869,-0.39335182,0.69748139,-0.59899426,0
0.70405722,1.9831426,-5.1587296,0.42361331,-0.4407416,-0.7913903,0
1.960134,-1.4937097,4.323719,0.39335182,-0.69748139,0.59899426,0
1.9852889,-0.4182725,-3.1664023,0.42361331,-0.4407416,-0.7913903,0
1.4407411,-1.934353,4.1847086,0.39335182,-0.69748139,0.59899426,0
2.953094,-0.73252618,-2.4770408,0.42361331,-0.4407416,-0.7913903,0
-3.5697675,1.9283931,-2.1869862,-0.81598169,-0.56503677,-0.12209591,0
-4.3830948,3.8300653,-0.038946152,-0.42361331,0.4407416,0.7913903,0
1.0233407,-4.5711827,1.65908,0.39335182,-0.69748139,0.59899426,0
1.3846325,-3.3657525,-1.744802,0.42361331,-0.4407416,-0.7913903,0
-1.6663961,4.8459249,-0.74437904,-0.39335182,0.69748139,-0.59899426,0
1.6372552,1.477662,-4.315568,0.42361331,-0.4407416,-0.7913903,0
1.4926242,1.727779,-0.79549038,0.81598169,0.56503677,0.12209591,0
0.722363,-3.6015077,2.9855494,0.39335182,-0.69748139,0.59899426,0
-3.2467384,2.8178644,-2.0532064,-0.39335182,0.69748139,-0.59899426,0
-1.1703625,2.3405395,-3.9793739,-0.39335182,0.69748139,-0.59899426,0
-1.225487,2.5650134,-3.8234253,-0.39335182,0.69748139,-0.59899426,0
0.4955318,1.8960416,3.5512033,-0.42361331,0.4407416,0.7913903,0
1.2803332,2.4031298,-3.0210853,0.81598169,0.56503677,0.12209591,0
2.6179266,0.25539291,-3.0003884,0.81598169,0.56503677,0.12209591,0
-4.4796534,3.3688891,0.14416146,-0.42361331,0.4407416,0.7913903,0
-0.46118212,-1.9421461,5.2877693,-0.42361331,0.4407416,0.7913903,0
-0.67437273,4.6949849,-1.4775095,-0.39335182,0.69748139,-0.59899426,0
-0.94416225,4.7077589,0.39314127,0.81598169,0.56503677,0.12209591,0
-0.36473572,3.4527884,-3.1273732,-0.39335182,0.69748139,-0.59899426,0
-1.2393556,4.8999186,-0.89698601,-0.39335182,0.69748139,-0.59899426,0
-0.38455009,0.94492137,-5.072247,0.42361331,-0.4407416,-0.7913903,0
1.091114,-1.9646685,4.490942,0.39335182,-0.69748139,0.59899426,0
1.8290663,1.2790889,-1.8771402,0.81598169,0.56503677,0.12209591,0
3.682827,-2.1014273,1.7345495,0.81598169,0.56503677,0.12209591,0
1.1705709,-2.4236631,4.0135446,0.39335182,-0.69748139,0.59899426,0
0.96060801,1.1456637,-4.667706,0.42361331,-0.4407416,-0.7913903,0
3.5427318,-2.1161876,1.95243,0.81598169,0.56503677,0.12209591,0
-2.7928791,0.25319493,1.3131998,-0.81598169,-0.56503677,-0.12209591,0
1.7638807,-4.7633476,0.92788935,0.39335182,-0.69748139,0.59899426,0
1.3035657,-1.9542217,4.3743529,0.39335182,-0.69748139,0.59899426,0
-0.45954752,-2.438611,5.0525694,0.39335182,-0.69748139,0.59899426,0
-0.93424416,4.8201909,0.21330404,0.81598169,0.56503677,0.12209591,0
-2.770673,2.0364354,-3.2442534,-0.39335182,0.69748139,-0.59899426,0
3.4423194,-3.8232284,-0.38496399,0.42361331,-0.4407416,-0.7913903,0
-3.9369006,1.6985822,1.2950199,-0.81598169,-0.56503677,-0.12209591,0
-3.7022314,1.9137132,-0.031262875,-0.81598169,-0.56503677,-0.12209591,0
-1.7959771,5.3327508,0.54971743,-0.42361331,0.4407416,0.7913903,0
0.8593412,-4.6825638,0.13612986,-0.81598169,-0.56503677,-0.12209591,0
1.2271489,1.8975028,-1.1449008,0.81598169,0.56503677,0.12209591,0
3.4127622,-2.8413002,-1.0041708,0.42361331,-0.4407416,-0.7913903,0
1.5224652,0.8814044,2.2934449,0.81598169,0.56503677,0.12209591,0
-2.9369669,2.135623,1.5825243,-0.42361331,0.4407416,0.7913903,0
-0.066780329,2.9625127,2.4215627,0.81598169,0.56503677,0.12209591,0
1.1496086,1.1414368,3.7241216,0.81598169,0.56503677,0.12209591,0
3.5098672,-1.6057912,-1.7346412,0.42361331,-0.4407416,-0.7913903,0
0.29334092,-1.3542473,-3.4764574,0.42361331,-0.4407416,-0.7913903,0
0.15566492,0.15863788,-4.4553862,0.42361331,-0.4407416,-0.7913903,0
-3.4772873,3.4169526,0.55142045,-0.42361331,0.4407416,0.7913903,0
-1.7173944,0.98324156,-5.1357641,-0.39335182,0.69748139,-0.59899426,0
3.8070073,-1.8484801,-0.99774599,0.81598169,0.56503677,0.12209591,0
-2.4522021,0.86201823,2.6661618,-0.42361331,0.4407416,0.7913903,0
-4.0350409,3.6087523,-0.56658459,-0.39335182,0.69748139,-0.59899426,0
1.2999401,2.083658,-4.9839106,0.42361331,-0.4407416,-0.7913903,0
0.23426545,3.854552,-3.1033816,0.81598169,0.56503677,0.12209591,0
2.9229641,-3.0437601,2.1855345,0.39335182,-0.69748139,0.59899426,0
-2.2731538,0.67538881,-3.6523085,-0.81598169,-0.56503677,-0.12209591,0
2.6160009,-0.73983836,2.0781918,0.81598169,0.56503677,0.12209591,0
0.42392063,3.5979431,-3.1692104,0.81598169,0.56503677,0.12209591,0
-2.72579,0.096596003,0.93330592,-0.81598169,-0.56503677,-0.12209591,0
-2.4192276,0.2913785,-1.5935357,-0.81598169,-0.56503677,-0.12209591,0
-2.3469677,3.8636823,-1.496161,-0.39335182,0.69748139,-0.59899426,0
-1.286299,-2.6290205,4.5404706,-0.81598169,-0.56503677,-0.12209591,0
3.4526613,-1.1087868,-1.4666289,0.81598169,0.56503677,0.12209591,0
1.6150942,-0.80075884,5.3887839,0.39335182,-0.69748139,0.59899426,0
-1.2957821,-1.7417067,-0.052000523,-0.81598169,-0.56503677,-0.12209591,0
4.0105896,-2.1715941,-1.1686834,0.42361331,-0.4407416,-0.7913903,0
-2.9393475,1.0409923,-2.3473527,-0.81598169,-0.56503677,-0.12209591,0
-0.01657486,0.16857839,4.302598,-0.42361331,0.4407416,0.7913903,0
2.3797412,-4.9587221,0.23924398,0.39335182,-0.69748139,0.59899426,0
1.1533067,2.53953,-2.9600198,0.81598169,0.56503677,0.12209591,0
2.3324523,-4.4442725,0.68648291,0.39335182,-0.69748139,0.59899426,0
1.3710833,-2.1200891,4.1891975,0.39335182,-0.69748139,0.59899426,0
2.4924226,-5.0620894,0.02778244,0.39335182,-0.69748139,0.59899426,0
1.0169158,-1.2051105,5.5892124,0.39335182,-0.69748139,0.59899426,0
-4.0464964,2.0017145,0.7039578,-0.81598169,-0.56503677,-0.12209591,0
-0.80076075,-1.6928258,4.831419,-0.42361331,0.4407416,0.7913903,0
-0.40236187,-1.3237653,5.0320535,-0.42361331,0.4407416,0.7913903,0
-0.011343807,3.618525,-0.32834291,0.81598169,0.56503677,0.12209591,0
1.8641546,-2.5097256,3.2223516,0.39335182,-0.69748139,0.59899426,0
-1.3223372,0.69444156,-5.5724897,0.42361331,-0.4407416,-0.7913903,0
-0.24958181,-1.4739268,-3.6120324,0.42361331,-0.4407416,-0.7913903,0
3.3986843,-2.3366895,2.5996938,0.39335182,-0.69748139,0.59899426,0
1.7457175,0.29828453,-3.6689754,0.42361331,-0.4407416,-0.7913903,0
-0.41534662,3.3526645,2.3937378,-0.42361331,0.4407416,0.7913903,0
-0.63773751,2.4405878,-4.4105983,-0.39335182,0.69748139,-0.59899426,0
-2.8745401,1.0316577,-1.9183269,-0.81598169,-0.56503677,-0.12209591,0
2.3990941,-1.7252266,3.8112013,0.39335182,-0.69748139,0.59899426,0
1.6323059,-0.038511753,5.381041,-0.42361331,0.4407416,0.7913903,0
-1.5343112,1.7530093,2.7292681,-0.42361331,0.4407416,0.7913903,0
-1.880857,-0.99852991,4.0767794,-0.42361331,0.4407416,0.7913903,0
3.5320535,-2.4533792,-1.2645059,0.42361331,-0.4407416,-0.7913903,0
4.7070017,-3.1436224,0.053628445,0.81598169,0.56503677,0.12209591,0
2.7934835,-0.6774447,0.11491191,0.81598169,0.56503677,0.12209591,0
-1.2819551,-1.9268309,1.0961318,-0.81598169,-0.56503677,-0.12209591,0
0.85254836,2.2987504,-5.1782713,0.42361331,-0.4407416,-0.7913903,0
2.1127849,-0.019739628,2.8299184,0.81598169,0.56503677,0.12209591,0
0.66134131,-4.6635561,1.0308294,-0.81598169,-0.56503677,-0.12209591,0
1.5163374,-5.0305209,0.54704952,0.39335182,-0.69748139,0.59899426,0
-0.96261656,3.8330655,-2.5032396,-0.39335182,0.69748139,-0.59899426,0
-1.4993718,5.1601844,0.64598656,-0.42361331,0.4407416,0.7913903,0
0.9545269,1.84993,1.411231,0.81598169,0.56503677,0.12209591,0
-1.091212,1.1401017,3.2472684,-0.42361331,0.4407416,0.7913903,0
0.29568529,-1.5253494,-3.3917289,0.42361331,-0.4407416,-0.7913903,0
2.7184176,-0.087377071,-1.6927056,0.81598169,0.56503677,0.12209591,0
1.4261926,1.6781331,-0.89656639,0.81598169,0.56503677,0.12209591,0
2.6104274,-2.3838611,2.9479001,0.39335182,-0.69748139,0.59899426,0
0.64145923,2.4676504,-5.1106076,-0.39335182,0.69748139,-0.59899426,0
-0.60868001,2.5118098,-4.2855277,-0.39335182,0.69748139,-0.59899426,0
-2.4585824,2.853231,-2.52317,-0.39335182,0.69748139,-0.59899426,0
-2.0509291,4.9875402,0.66501474,-0.42361331,0.4407416,0.7913903,0
-2.2943723,0.52527928,-3.6890488,-0.81598169,-0.56503677,-0.12209591,0
0.91006136,-2.1479182,4.3223534,0.39335182,-0.69748139,0.59899426,0
2.7736363,0.17769921,-2.7181482,0.81598169,0.56503677,0.12209591,0
0.045188665,-3.6556523,0.097083092,-0.81598169,-0.56503677,-0.12209591,0
3.7983024,-4.3059978,-0.076917171,0.39335182,-0.69748139,0.59899426,0
3.2653255,-4.6033964,0.13249063,0.39335182,-0.69748139,0.59899426,0
-2.4662654,-0.55263996,3.3438411,-0.81598169,-0.56503677,-0.12209591,0
-1.0735171,2.1497908,-4.4279461,-0.39335182,0.69748139,-0.59899426,0
0.049598694,-1.8197632,-3.3926661,0.42361331,-0.4407416,-0.7913903,0
3.1604776,-3.2211938,-0.82541442,0.42361331,-0.4407416,-0.7913903,0
-0.62214601,-3.0365341,1.6045096,-0.81598169,-0.56503677,-0.12209591,0
-0.41614079,0.84620047,3.6606798,-0.42361331,0.4407416,0.7913903,0
-0.54474139,-0.3479377,4.2358012,-0.42361331,0.4407416,0.7913903,0
-0.45778251,4.4253917,-2.0381947,-0.39335182,0.69748139,-0.59899426,0
-0.15146995,-0.087101936,-4.4955606,0.42361331,-0.4407416,-0.7913903,0
1.768036,0.79326344,0.35262698,0.81598169,0.56503677,0.12209591,0
-0.40714359,1.7902535,3.1511581,-0.42361331,0.4407416,0.7913903,0
-1.2213478,2.4025934,2.4636295,-0.42361331,0.4407416,0.7913903,0
-1.3938303,-1.9172075,4.7366419,-0.42361331,0.4407416,0.7913903,0
-1.8680515,1.8872365,-4.0792294,-0.39335182,0.69748139,-0.59899426,0
2.6286032,-1.1224518,4.328928,0.81598169,0.56503677,0.12209591,0
2.3955247,-4.6008148,-0.64920521,0.42361331,-0.4407416,-0.7913903,0
1.8252225,0.73063123,0.10256332,0.81598169,0.56503677,0.12209591,0
-1.7755065,2.2536104,2.3036015,-0.42361331,0.4407416,0.7913903,0
-0.17988801,-2.248503,-3.3876009,0.42361331,-0.4407416,-0.7913903,0
-0.21988201,-0.37494016,4.5253458,-0.42361331,0.4407416,0.7913903,0
0.98448813,-4.7411633,-1.2241468,0.42361331,-0.4407416,-0.7913903,0
2.5250118,-4.1613483,-0.86981201,0.42361331,-0.4407416,-0.7913903,0
3.1013231,-0.28799558,-2.5313437,0.42361331,-0.4407416,-0.7913903,0
-0.85929775,1.3492979,3.1867063,-0.42361331,0.4407416,0.7913903,0
0.16991878,-1.7179036,-3.4274461,0.42361331,-0.4407416,-0.7913903,0
-0.61603248,-2.9777932,0.79357266,-0.81598169,-0.56503677,-0.12209591,0
1.0471834,2.0427656,0.098771691,0.81598169,0.56503677,0.12209591,0
2.8668694,-0.056919336,-2.8932383,0.42361331,-0.4407416,-0.7913903,0
-0.9320147,-2.97578,2.9833269,-0.81598169,-0.56503677,-0.12209591,0
2.1024246,0.25382447,1.7703147,0.81598169,0.56503677,0.12209591,0
0.38676643,-0.34274936,4.7386141,-0.42361331,0.4407416,0.7913903,0
1.8100886,0.98726213,-0.59662646,0.81598169,0.56503677,0.12209591,0
-1.1305404,0.48926163,-5.3180437,0.42361331,-0.4407416,-0.7913903,0
-1.7239944,1.2242873,2.8430932,-0.42361331,0.4407416,0.7913903,0
1.7802975,1.8314831,-3.5138714,0.81598169,0.56503677,0.12209591,0
-0.07544899,2.9012628,-4.2203774,-0.39335182,0.69748139,-0.59899426,0
1.5146327,-1.3891937,-2.8504291,0.42361331,-0.4407416,-0.7913903,0
1.7327547,-5.3925529,-0.47174597,0.42361331,-0.4407416,-0.7913903,0
3.8909364,-3.0993128,1.4156442,0.39335182,-0.69748139,0.59899426,0
-2.0395637,5.1920366,-0.095791817,-0.39335182,0.69748139,-0.59899426,0
1.0386689,0.58793902,4.6763744,-0.42361331,0.4407416,0.7913903,0
0.79359651,-4.3639498,-1.549439,-0.81598169,-0.56503677,-0.12209591,0
1.6643586,0.0086154938,5.332727,0.81598169,0.56503677,0.12209591,0
0.98591113,-1.3543563,5.2781878,0.39335182,-0.69748139,0.59899426,0
-1.769767,-0.81734586,-1.368751,-0.81598169,-0.56503677,-0.12209591,0
-4.4333878,3.7066679,-0.40672207,-0.39335182,0.69748139,-0.59899426,0
-3.4996979,3.1580753,0.71199369,-0.42361331,0.4407416,0.7913903,0
-1.2056748,3.0869827,-3.2360978,-0.39335182,0.69748139,-0.59899426,0
-3.6081233,1.7245302,-1.0368221,-0.81598169,-0.56503677,-0.12209591,0
2.6686578,0.44500339,-2.9984968,0.81598169,0.56503677,0.12209591,0
0.44372439,-2.0545125,-3.1226773,0.42361331,-0.4407416,-0.7913903,0
0.038140059,-2.5997605,4.5374856,0.39335182,-0.69748139,0.59899426,0
-4.3009634,2.9543312,0.51812744,-0.42361331,0.4407416,0.7913903,0
-2.9390447,3.7121887,0.90085864,-0.42361331,0.4407416,0.7913903,0
2.0196176,1.6476853,-3.9777982,0.81598169,0.56503677,0.12209591,0
-4.0421104,2.2683244,0.9553045,-0.42361331,0.4407416,0.7913903,0
-1.73036,-0.83143365,-0.17074272,-0.81598169,-0.56503677,-0.12209591,0
0.41001463,-3.1193602,-2.4564512,0.42361331,-0.4407416,-0.7913903,0
-3.2566504,2.3861344,-2.5616226,-0.39335182,0.69748139,-0.59899426,0
-0.93094969,0.69685316,3.5289967,-0.42361331,0.4407416,0.7913903,0
2.585072,-2.0759761,-1.8374459,0.42361331,-0.4407416,-0.7913903,0
1.3531578,1.6115164,-0.75393271,0.81598169,0.56503677,0.12209591,0
1.3196198,-3.1644616,2.8469682,0.39335182,-0.69748139,0.59899426,0
3.7262855,-1.7209533,-1.1279304,0.81598169,0.56503677,0.12209591,0
2.7933164,-0.65438008,1.4135301,0.81598169,0.56503677,0.12209591,0
1.2492592,1.9133101,-1.5425305,0.81598169,0.56503677,0.12209591,0
2.0116479,-3.6676986,-1.3386722,0.42361331,-0.4407416,-0.7913903,0
-1.9166534,1.8993504,2.254009,-0.42361331,0.4407416,0.7913903,0
0.77125382,-1.9764367,4.7633247,0.39335182,-0.69748139,0.59899426,0
-3.6761236,2.0519583,-1.1450806,-0.81598169,-0.56503677,-0.12209591,0
2.6456866,-4.6643333,0.33309174,0.39335182,-0.69748139,0.59899426,0
0.42068362,2.7369127,-4.4382973,-0.39335182,0.69748139,-0.59899426,0
0.48104191,-1.8141072,-3.1747327,0.42361331,-0.4407416,-0.7913903,0
2.8826933,-2.011898,-1.7761463,0.42361331,-0.4407416,-0.7913903,0
0.99044174,-5.0186925,-0.30558014,-0.81598169,-0.56503677,-0.12209591,0
0.045010328,1.8619184,3.4488735,-0.42361331,0.4407416,0.7913903,0
3.9630857,-2.43854,0.86010575,0.81598169,0.56503677,0.12209591,0
2.9650438,-3.2432764,1.6551771,0.39335182,-0.69748139,0.59899426,0
2.3202567,-0.58316016,2.8675001,0.81598169,0.56503677,0.12209591,0
3.4085665,-3.6723146,1.1288862,0.39335182,-0.69748139,0.59899426,0
2.0985513,-0.069620132,2.3551216,0.81598169,0.56503677,0.12209591,0
2.8806305,-2.6434684,2.4086986,0.39335182,-0.69748139,0.59899426,0
1.7715123,1.3162631,-1.1821938,0.81598169,0.56503677,0.12209591,0
3.8126864,-2.3065622,-1.0269727,0.42361331,-0.4407416,-0.7913903,0
0.79024959,2.1581089,-5.2994366,0.42361331,-0.4407416,-0.7913903,0
-4.1133041,3.5833843,0.28978992,-0.42361331,0.4407416,0.7913903,0
4.1198211,-2.1297994,-0.89194095,0.81598169,0.56503677,0.12209591,0
-2.7943897,0.14209425,2.0438535,-0.81598169,-0.56503677,-0.12209591,0
-0.18474194,3.9197454,-0.57520914,0.81598169,0.56503677,0.12209591,0
-2.1381886,4.7626867,-0.58601809,-0.39335182,0.69748139,-0.59899426,0
3.5127447,-1.1919072,-1.7789165,0.42361331,-0.4407416,-0.7913903,0
1.4832548,-4.8673391,-1.0304537,0.42361331,-0.4407416,-0.7913903,0
1.7527539,-3.0784678,2.7004042,0.39335182,-0.69748139,0.59899426,0
1.9852793,-0.43244815,5.1122661,0.81598169,0.56503677,0.12209591,0
1.9858804,0.65535825,-3.6711197,0.42361331,-0.4407416,-0.7913903,0
-3.58778,2.1515155,1.3700135,-0.42361331,0.4407416,0.7913903,0
-2.528821,1.5782595,-4.0680542,-0.39335182,0.69748139,-0.59899426,0
2.9340687,-3.5590382,-0.84020853,0.42361331,-0.4407416,-0.7913903,0
0.20605445,3.5073624,-3.5867062,-0.39335182,0.69748139,-0.59899426,0
1.3744757,-3.8174496,2.2098718,0.39335182,-0.69748139,0.59899426,0
-1.2646513,-0.79725742,4.0910134,-0.42361331,0.4407416,0.7913903,0
-2.4758744,4.3425283,0.60166669,-0.42361331,0.4407416,0.7913903,0
-2.4365699,1.241431,-4.5194445,-0.39335182,0.69748139,-0.59899426,0
2.6897159,-1.8330791,-2.0140183,0.42361331,-0.4407416,-0.7913903,0
-0.39938927,2.4941587,2.7066588,-0.42361331,0.4407416,0.7913903,0
0.36165589,-4.2432489,0.67181826,-0.81598169,-0.56503677,-0.12209591,0
-1.3499508,-1.5461111,0.11778414,-0.81598169,-0.56503677,-0.12209591,0
0.61530316,-4.5070009,0.52826834,-0.81598169,-0.56503677,-0.12209591,0
-0.1976521,2.858176,2.8022878,-0.42361331,0.4407416,0.7913903,0
-1.9697375,5.4768114,0.10258579,-0.39335182,0.69748139,-0.59899426,0
-0.44822931,1.3360168,3.5140963,-0.42361331,0.4407416,0.7913903,0
-1.5512155,1.3362782,2.7929959,-0.42361331,0.4407416,0.7913903,0
1.5578077,-0.87923467,-3.0041428,0.42361331,-0.4407416,-0.7913903,0
-3.6802332,2.3272555,-2.4651937,-0.39335182,0.69748139,-0.59899426,0
-1.8519402,1.8064839,-4.2674532,-0.39335182,0.69748139,-0.59899426,0
-0.2215513,4.3000937,-2.4677567,-0.39335182,0.69748139,-0.59899426,0
-2.7075562,-0.33254075,3.1632695,-0.42361331,0.4407416,0.7913903,0
-2.6377888,1.2634501,-4.3228683,-0.39335182,0.69748139,-0.59899426,0
-0.33588862,-3.3306868,3.8447151,0.39335182,-0.69748139,0.59899426,0
-2.1590214,-1.0202585,3.5676422,-0.81598169,-0.56503677,-0.12209591,0
3.1024847,-1.1804171,0.81963074,0.81598169,0.56503677,0.12209591,0
-3.5017488,3.8027415,0.50946045,-0.42361331,0.4407416,0.7913903,0
-1.4606367,3.6558871,-2.2051325,-0.39335182,0.69748139,-0.59899426,0
-3.2076046,4.7121229,0.035047531,-0.39335182,0.69748139,-0.59899426,0
-2.963341,0.70631111,0.093799233,-0.81598169,-0.56503677,-0.12209591,0
2.3192515,-0.022079945,0.97841042,0.81598169,0.56503677,0.12209591,0
0.36140758,2.9866889,0.14914536,0.81598169,0.56503677,0.12209591,0
1.80059,0.5301559,2.7108295,0.81598169,0.56503677,0.12209591,0
2.0788794,-0.84003848,-2.8281336,0.42361331,-0.4407416,-0.7913903,0
0.80698133,-2.6201229,4.055058,0.39335182,-0.69748139,0.59899426,0
2.5465469,0.42605013,-3.3054485,0.81598169,0.56503677,0.12209591,0
-2.2870626,0.73953873,2.7859848,-0.42361331,0.4407416,0.7913903,0
3.8747826,-1.9917305,-0.5678339,0.81598169,0.56503677,0.12209591,0
2.2913885,-3.6043546,1.9772916,0.39335182,-0.69748139,0.59899426,0
1.4593151,0.54291511,3.4286478,0.81598169,0.56503677,0.12209591,0
-2.1680672,3.5773091,-1.9023995,-0.39335182,0.69748139,-0.59899426,0
-1.9918644,-1.1986809,4.1498785,-0.42361331,0.4407416,0.7913903,0
-3.1110983,1.9089432,1.7749814,-0.42361331,0.4407416,0.7913903,0
-3.4367201,4.1518421,0.16869211,-0.42361331,0.4407416,0.7913903,0
2.1327071,-2.0534616,3.8429151,0.39335182,-0.69748139,0.59899426,0
2.2104783,0.64991403,-0.69229752,0.81598169,0.56503677,0.12209591,0
-2.125308,1.7892309,2.203274,-0.42361331,0.4407416,0.7913903,0
-3.0370414,3.6215549,0.84164953,-0.42361331,0.4407416,0.7913903,0
-0.58320475,-3.0345457,4.4444499,0.39335182,-0.69748139,0.59899426,0
2.7785587,0.27324891,-2.8243523,0.81598169,0.56503677,0.12209591,0
1.500549,-4.1105175,-1.3201592,0.42361331,-0.4407416,-0.7913903,0
-2.6603954,0.95435977,-2.9201763,-0.81598169,-0.56503677,-0.12209591,0
1.8102684,-0.63688517,5.4772644,0.39335182,-0.69748139,0.59899426,0
-2.1032085,0.84107208,-4.9922342,-0.39335182,0.69748139,-0.59899426,0
1.236547,2.3880482,-5.140996,0.42361331,-0.4407416,-0.7913903,0
-2.0296559,1.2858186,-4.8052235,-0.39335182,0.69748139,-0.59899426,0
-1.7677792,-0.92880261,0.3793118,-0.81598169,-0.56503677,-0.12209591,0
-2.1587296,1.0559573,-4.7726698,-0.39335182,0.69748139,-0.59899426,0
-0.71458232,4.3985791,-1.9319768,-0.39335182,0.69748139,-0.59899426,0
1.7813783,-0.71274471,-3.1833966,0.42361331,-0.4407416,-0.7913903,0
-1.7613496,4.2128277,-1.4838977,-0.39335182,0.69748139,-0.59899426,0
3.2721353,-1.7975078,3.400687,0.39335182,-0.69748139,0.59899426,0
-1.1141751,5.2464113,-0.093087196,0.81598169,0.56503677,0.12209591,0
-0.12206191,3.8217254,0.020391226,0.81598169,0.56503677,0.12209591,0
0.058625937,1.8221881,3.4276445,-0.42361331,0.4407416,0.7913903,0
-3.6412797,3.7916238,-0.6967063,-0.39335182,0.69748139,-0.59899426,0
-3.9859481,3.3645627,0.31221938,-0.42361331,0.4407416,0.7913903,0
2.6394005,-1.0435808,3.7231228,0.81598169,0.56503677,0.12209591,0
0.36392856,-1.4219847,-3.364079,0.42361331,-0.4407416,-0.7913903,0
-1.8146175,4.9163299,0.66731977,-0.42361331,0.4407416,0.7913903,0
0.198828,-4.1291127,0.5878973,-0.81598169,-0.56503677,-0.12209591,0
0.86877179,2.8921304,-4.599535,-0.39335182,0.69748139,-0.59899426,0
2.6924198,-0.18548858,-1.253572,0.81598169,0.56503677,0.12209591,0
-0.9115324,2.87163,2.4106536,-0.42361331,0.4407416,0.7913903,0
-2.494607,0.90159273,-3.6825569,-0.81598169,-0.56503677,-0.12209591,0
-1.0677112,3.5089016,-2.6596107,-0.39335182,0.69748139,-0.59899426,0
-1.3003967,-1.0221938,4.3481474,-0.42361331,0.4407416,0.7913903,0
1.0427423,0.97179294,-4.5040402,0.42361331,-0.4407416,-0.7913903,0
-1.575763,4.4379892,1.1490574,-0.42361331,0.4407416,0.7913903,0
-0.1780107,-3.6815927,3.3948221,0.39335182,-0.69748139,0.59899426,0
-0.28764462,-3.0362363,4.2332788,0.39335182,-0.69748139,0.59899426,0
-0.23776156,-3.7275083,1.9831066,-0.81598169,-0.56503677,-0.12209591,0
2.584343,-1.2342808,-2.2974048,0.42361331,-0.4407416,-0.7913903,0
3.9754667,-3.5168931,0.79181957,0.39335182,-0.69748139,0.59899426,0
-0.23123291,4.1184359,-0.87948275,0.81598169,0.56503677,0.12209591,0
0.29523468,-3.6779778,-2.0587642,-0.81598169,-0.56503677,-0.12209591,0
-1.3350028,5.0474348,-0.88175631,-0.39335182,0.69748139,-0.59899426,0
1.2026188,-0.058329821,5.1682005,-0.42361331,0.4407416,0.7913903,0
2.5816159,-0.79692507,3.5235639,0.81598169,0.56503677,0.12209591,0
0.27078557,-2.0472825,4.7995133,0.39335182,-0.69748139,0.59899426,0
-0.25335222,4.2316833,-1.7061005,0.81598169,0.56503677,0.12209591,0
1.8841963,-0.25691056,4.6123857,0.81598169,0.56503677,0.12209591,0
0.6373781,-4.0070839,2.5138149,0.39335182,-0.69748139,0.59899426,0
-0.47942281,-2.1449528,-3.0323217,-0.81598169,-0.56503677,-0.12209591,0
0.35857761,3.1185317,0.080345392,0.81598169,0.56503677,0.12209591,0
3.4642129,-2.5628939,-1.041523,0.42361331,-0.4407416,-0.7913903,0
-0.14752823,4.1818647,-1.9250755,0.81598169,0.56503677,0.12209591,0
-1.1651219,4.447999,-1.6979599,-0.39335182,0.69748139,-0.59899426,0
0.456617,3.1334724,-1.7122674,0.81598169,0.56503677,0.12209591,0
1.4362299,-3.0160494,2.9865489,0.39335182,-0.69748139,0.59899426,0
-2.1793044,0.35219169,-4.1159773,-0.81598169,-0.56503677,-0.12209591,0
-1.2590942,-0.1113596,-5.0580773,0.42361331,-0.4407416,-0.7913903,0
-1.4484134,1.7351422,-4.3745022,-0.39335182,0.69748139,-0.59899426,0
1.2386699,-2.8380952,3.4425068,0.39335182,-0.69748139,0.59899426,0
-1.4527669,1.1208904,-5.2288842,-0.39335182,0.69748139,-0.59899426,0
2.1945031,-1.9615817,3.9081888,0.39335182,-0.69748139,0.59899426,0
0.85054004,-4.8890152,0.80344057,-0.81598169,-0.56503677,-0.12209591,0
1.2000872,-4.2586565,1.8366065,0.39335182,-0.69748139,0.59899426,0
1.2423334,-0.28805119,-3.5735428,0.42361331,-0.4407416,-0.7913903,0
3.3416467,-4.4376869,0.27188492,0.39335182,-0.69748139,0.59899426,0
-1.5683321,3.3429785,-2.6138778,-0.39335182,0.69748139,-0.59899426,0
3.5946574,-1.4356879,-1.5383539,0.81598169,0.56503677,0.12209591,0
0.91585302,-1.2626431,5.4852314,0.39335182,-0.69748139,0.59899426,0
-3.2854965,2.5799365,1.3083472,-0.42361331,0.4407416,0.7913903,0
-2.165628,-0.89607227,3.8648071,-0.42361331,0.4407416,0.7913903,0
-2.334657,2.8803344,-2.6821661,-0.39335182,0.69748139,-0.59899426,0
-3.5698378,1.3129048,1.5527775,-0.81598169,-0.56503677,-0.12209591,0
2.6295507,0.23278987,-1.5245229,0.81598169,0.56503677,0.12209591,0
-0.58517146,3.5875275,-2.9099607,-0.39335182,0.69748139,-0.59899426,0
2.3187771,-2.3746507,-1.8084947,0.42361331,-0.4407416,-0.7913903,0
1.3227631,-3.2215514,-1.8158832,0.42361331,-0.4407416,-0.7913903,0
3.9586639,-2.5107744,1.9247301,0.81598169,0.56503677,0.12209591,0
2.407017,-3.3018227,-1.2704444,0.42361331,-0.4407416,-0.7913903,0
-0.91475618,4.5857086,0.87816668,0.81598169,0.56503677,0.12209591,0
-2.5048866,1.2384479,-4.4271994,-0.39335182,0.69748139,-0.59899426,0
2.5479577,-0.49085045,1.4662107,0.81598169,0.56503677,0.12209591,0
-1.5980253,-1.5970719,1.2592454,-0.81598169,-0.56503677,-0.12209591,0
-0.10700226,3.4379249,-3.360775,-0.39335182,0.69748139,-0.59899426,0
-0.066263914,2.3235602,-4.6126375,-0.39335182,0.69748139,-0.59899426,0
-1.8902484,4.1217017,1.2057061,-0.42361331,0.4407416,0.7913903,0
-1.4425604,3.5077415,-2.6427336,-0.39335182,0.69748139,-0.59899426,0
0.29559278,1.2123976,3.7962921,-0.42361331,0.4407416,0.7913903,0
-3.5654423,3.5199671,-1.1786408,-0.39335182,0.69748139,-0.59899426,0
0.55506152,2.6067548,-0.15709448,0.81598169,0.56503677,0.12209591,0
-0.35354614,-2.5385206,4.706315,0.39335182,-0.69748139,0.59899426,0
3.8070693,-3.7942653,0.58117294,0.39335182,-0.69748139,0.59899426,0
-2.6511843,3.1576495,-2.1356549,-0.39335182,0.69748139,-0.59899426,0
-1.6506915,-0.32778215,-3.9750595,-0.81598169,-0.56503677,-0.12209591,0
0.69299257,-4.1384521,2.1295447,0.39335182,-0.69748139,0.59899426,0
-0.49968672,-3.2603929,4.1439338,0.39335182,-0.69748139,0.59899426,0
3.1218565,-3.7466969,-0.64881539,0.42361331,-0.4407416,-0.7913903,0
1.5903776,-1.8610679,4.2703228,0.39335182,-0.69748139,0.59899426,0
-0.53686643,-2.3780079,-1.6567466,-0.81598169,-0.56503677,-0.12209591,0
-3.1019588,1.478398,1.9624102,-0.42361331,0.4407416,0.7913903,0
-1.9044261,-0.24998784,-1.8015525,-0.81598169,-0.56503677,-0.12209591,0
1.1457078,1.4364295,1.7125548,0.81598169,0.56503677,0.12209591,0
2.2700193,0.50277519,-0.86045951,0.81598169,0.56503677,0.12209591,0
2.6933825,-0.57271028,0.71725035,0.81598169,0.56503677,0.12209591,0
2.1378446,-0.66217303,-2.8835802,0.42361331,-0.4407416,-0.7913903,0
4.2360277,-2.4813797,0.2836678,0.81598169,0.56503677,0.12209591,0
1.7223958,-1.6167746,-2.4954913,0.42361331,-0.4407416,-0.7913903,0
-0.34378219,4.0489454,-0.86341047,0.81598169,0.56503677,0.12209591,0
-2.0078993,4.1983914,0.98205471,-0.42361331,0.4407416,0.7913903,0
-0.28758717,-0.42328882,-4.4322987,0.42361331,-0.4407416,-0.7913903,0
0.99864411,1.2247567,3.8279796,0.81598169,0.56503677,0.12209591,0
-3.3756542,1.4825913,-0.43181038,-0.81598169,-0.56503677,-0.12209591,0
0.42109632,3.5527978,-3.4873695,-0.39335182,0.69748139,-0.59899426,0
0.12261367,2.4682772,-4.6392131,-0.39335182,0.69748139,-0.59899426,0
0.67332077,3.1819406,-4.1492281,-0.39335182,0.69748139,-0.59899426,0
1.1396217,-1.0500057,5.4149466,0.39335182,-0.69748139,0.59899426,0
-1.3526325,-2.2911572,3.6178136,-0.81598169,-0.56503677,-0.12209591,0
2.9898233,-2.7454495,2.268445,0.39335182,-0.69748139,0.59899426,0
0.67384315,-2.7950587,3.9406638,0.39335182,-0.69748139,0.59899426,0
-2.6093833,4.5081215,0.44907379,-0.42361331,0.4407416,0.7913903,0
-3.4893689,4.2180848,-0.18429089,-0.39335182,0.69748139,-0.59899426,0
1.1927412,-1.2980889,5.197134,0.39335182,-0.69748139,0.59899426,0
-1.121474,-1.0709041,4.3143711,-0.42361331,0.4407416,0.7913903,0
1.370985,-1.3810688,4.8935184,0.39335182,-0.69748139,0.59899426,0
0.10421062,0.32125974,4.3363361,-0.42361331,0.4407416,0.7913903,0
0.99230838,1.3774471,3.774173,0.81598169,0.56503677,0.12209591,0
-2.9923136,0.94744515,-0.89578331,-0.81598169,-0.56503677,-0.12209591,0
0.81777811,-0.7875886,5.2446632,-0.42361331,0.4407416,0.7913903,0
-1.1717501,-1.8724533,4.7205162,-0.42361331,0.4407416,0.7913903,0
0.33844548,-4.6248732,2.0228386,-0.81598169,-0.56503677,-0.12209591,0
0.65851092,2.7070765,-4.7544594,-0.39335182,0.69748139,-0.59899426,0
0.1283505,-2.6603341,4.393929,0.39335182,-0.69748139,0.59899426,0
-2.6176326,1.7818301,2.0493884,-0.42361331,0.4407416,0.7913903,0
-0.97618175,3.6828952,1.8557794,-0.42361331,0.4407416,0.7913903,0
-0.40712667,-2.6210554,-2.2483711,-0.81598169,-0.56503677,-0.12209591,0
1.4611559,-1.8775419,4.2646942,0.39335182,-0.69748139,0.59899426,0
-4.4498649,3.1885252,-0.76844692,-0.39335182,0.69748139,-0.59899426,0
0.56176579,-4.2633977,2.23489,0.39335182,-0.69748139,0.59899426,0
2.0103731,-1.4377565,-2.6521297,0.42361331,-0.4407416,-0.7913903,0
-0.0054335594,-2.6619956,-2.8815427,0.42361331,-0.4407416,-0.7913903,0
1.3443642,-0.36866254,-3.6225445,0.42361331,-0.4407416,-0.7913903,0
1.0720992,-0.96806824,-3.3846331,0.42361331,-0.4407416,-0.7913903,0
1.2921727,-3.282351,-1.9953451,0.42361331,-0.4407416,-0.7913903,0
-2.5159543,3.0803692,-2.2690811,-0.39335182,0.69748139,-0.59899426,0
0.63564968,2.1303067,2.4805524,0.81598169,0.56503677,0.12209591,0
-1.0656941,-2.7791812,4.9003038,0.39335182,-0.69748139,0.59899426,0
0.38883114,-4.0023956,-0.68327236,-0.81598169,-0.56503677,-0.12209591,0
-0.59432697,1.2495408,-5.3109493,0.42361331,-0.4407416,-0.7913903,0
0.70249653,-1.46287,-3.3474667,0.42361331,-0.4407416,-0.7913903,0
-0.033782482,-1.7877624,5.2955594,-0.42361331,0.4407416,0.7913903,0
-1.4648391,3.2366374,-2.773591,-0.39335182,0.69748139,-0.59899426,0
2.6813877,-0.42653847,0.34676486,0.81598169,0.56503677,0.12209591,0
2.234159,-0.58423543,-2.9385514,0.42361331,-0.4407416,-0.7913903,0
-2.3285623,2.50915,-2.914073,-0.39335182,0.69748139,-0.59899426,0
2.4927924,-4.9393239,0.28671026,0.39335182,-0.69748139,0.59899426,0
-1.3043051,2.0951216,2.6557641,-0.42361331,0.4407416,0.7913903,0
0.55760002,-2.0965586,4.8437362,0.39335182,-0.69748139,0.59899426,0
1.493387,-1.9062181,4.2964611,0.39335182,-0.69748139,0.59899426,0
2.3944418,-4.5034389,-0.54894543,0.42361331,-0.4407416,-0.7913903,0
-0.98569989,1.8721428,2.7541051,-0.42361331,0.4407416,0.7913903,0
-2.9900291,0.90029156,-0.44282305,-0.81598169,-0.56503677,-0.12209591,0
-0.57298803,3.8353336,1.7788322,0.81598169,0.56503677,0.12209591,0
0.62755489,-2.1291263,-2.8370814,0.42361331,-0.4407416,-0.7913903,0
0.39238662,-4.4915419,1.2559137,-0.81598169,-0.56503677,-0.12209591,0
3.0531521,-0.83328235,-2.439641,0.42361331,-0.4407416,-0.7913903,0
0.61903501,-2.6697836,-2.4885399,0.42361331,-0.4407416,-0.7913903,0
-0.12033892,0.58799076,-4.777298,0.42361331,-0.4407416,-0.7913903,0
-2.3986132,3.4714975,-1.9783702,-0.39335182,0.69748139,-0.59899426,0
1.8889045,-2.66975,3.2553425,0.39335182,-0.69748139,0.59899426,0
1.4763267,-3.5402942,-1.5741532,0.42361331,-0.4407416,-0.7913903,0
1.8941591,-0.58679032,5.6452746,0.39335182,-0.69748139,0.59899426,0
-2.4610291,1.6511424,-3.9235299,-0.39335182,0.69748139,-0.59899426,0
-1.9950564,2.0354843,-3.7782202,-0.39335182,0.69748139,-0.59899426,0
-1.6851877,3.4447982,1.5040383,-0.42361331,0.4407416,0.7913903,0
0.71863222,2.7418952,-1.4274063,0.81598169,0.56503677,0.12209591,0
0.041203022,-2.7432511,-2.9082475,0.42361331,-0.4407416,-0.7913903,0
1.8009439,-1.6359006,4.5025864,0.39335182,-0.69748139,0.59899426,0
0.91800261,3.0221748,-3.7633023,0.81598169,0.56503677,0.12209591,0
-1.5757897,-2.4910085,5.0850492,-0.42361331,0.4407416,0.7913903,0
0.22751617,-3.2740791,-2.5601432,-0.81598169,-0.56503677,-0.12209591,0
4.5839543,-3.6483235,0.180655,0.39335182,-0.69748139,0.59899426,0
0.67139655,-4.3148379,2.0446386,0.39335182,-0.69748139,0.59899426,0
1.6493924,-3.2703669,-1.7822059,0.42361331,-0.4407416,-0.7913903,0
-1.6001222,-0.49730039,-4.0834789,-0.81598169,-0.56503677,-0.12209591,0
2.4519885,0.63551581,-3.509099,0.81598169,0.56503677,0.12209591,0
4.1456556,-3.6837373,-0.27564549,0.42361331,-0.4407416,-0.7913903,0
3.0394902,-2.657124,-1.3466791,0.42361331,-0.4407416,-0.7913903,0
1.4519556,-2.5664835,-2.1950486,0.42361331,-0.4407416,-0.7913903,0
-4.129456,3.1964972,0.55428171,-0.42361331,0.4407416,0.7913903,0
1.3749386,2.1723471,-3.0328627,0.81598169,0.56503677,0.12209591,0
-2.7300434,2.3955569,-3.0192337,-0.39335182,0.69748139,-0.59899426,0
2.3274829,-0.84704494,4.1785231,0.81598169,0.56503677,0.12209591,0
-0.40640402,1.7131886,-5.3850455,-0.39335182,0.69748139,-0.59899426,0
-2.3061335,0.2460494,-2.3145645,-0.81598169,-0.56503677,-0.12209591,0
-2.5855188,4.8210449,0.23237896,-0.42361331,0.4407416,0.7913903,0
-1.4765108,5.0562201,-0.69341755,-0.39335182,0.69748139,-0.59899426,0
1.7033154,-4.9038544,0.62240553,0.39335182,-0.69748139,0.59899426,0
-1.6842763,2.7005119,1.9830867,-0.42361331,0.4407416,0.7913903,0
-2.6923037,0.32840276,-0.25667119,-0.81598169,-0.56503677,-0.12209591,0
-0.96089745,-1.6299708,-3.0158956,-0.81598169,-0.56503677,-0.12209591,0
1.514961,1.1313491,0.30632579,0.81598169,0.56503677,0.12209591,0
1.3781075,-0.59749269,5.4705076,-0.42361331,0.4407416,0.7913903,0
-2.2266841,2.6794374,-2.9489202,-0.39335182,0.69748139,-0.59899426,0
0.83689737,3.157584,-3.0158849,0.81598169,0.56503677,0.12209591,0
1.4001818,-1.5823324,-2.8082433,0.42361331,-0.4407416,-0.7913903,0
-1.1211207,5.0699687,1.0002959,0.81598169,0.56503677,0.12209591,0
1.5004042,-5.384315,0.31122351,0.39335182,-0.69748139,0.59899426,0
-3.5566385,3.1128764,0.75715542,-0.42361331,0.4407416,0.7913903,0
-2.780302,2.4712896,1.6660459,-0.42361331,0.4407416,0.7913903,0
3.2147393,-2.9474726,-0.98399687,0.42361331,-0.4407416,-0.7913903,0
3.6202564,-3.1126573,1.5740194,0.39335182,-0.69748139,0.59899426,0
-0.10025191,3.1369066,-3.8547277,-0.39335182,0.69748139,-0.59899426,0
-0.63435006,1.5058295,3.2731583,-0.42361331,0.4407416,0.7913903,0
-1.094511,4.4012961,1.4883878,-0.42361331,0.4407416,0.7913903,0
-0.22297561,-2.7373292,-1.463497,-0.81598169,-0.56503677,-0.12209591,0
-3.4346008,4.3150616,0.22150803,-0.42361331,0.4407416,0.7913903,0
-0.23598348,4.0151029,-0.58878517,0.81598169,0.56503677,0.12209591,0
0.073350668,2.8154969,2.7754765,-0.42361331,0.4407416,0.7913903,0
2.5453157,-4.1163826,0.99475574,0.39335182,-0.69748139,0.59899426,0
-1.2700593,2.5819857,-3.6835318,-0.39335182,0.69748139,-0.59899426,0
4.0616622,-3.4248188,0.96177006,0.39335182,-0.69748139,0.59899426,0
-0.60198176,-2.2892139,-2.0755281,-0.81598169,-0.56503677,-0.12209591,0
-4.0394621,2.6562459,-1.1730626,-0.81598169,-0.56503677,-0.12209591,0
3.5158379,-3.2804844,-0.67443943,0.42361331,-0.4407416,-0.7913903,0
0.15309405,-2.6776848,4.330987,0.39335182,-0.69748139,0.59899426,0
1.7636977,0.1984117,3.0277202,0.81598169,0.56503677,0.12209591,0
1.8349771,-3.3056996,-1.6857868,0.42361331,-0.4407416,-0.7913903,0
3.8074667,-2.7872825,-0.89829922,0.42361331,-0.4407416,-0.7913903,0
-2.6559052,0.29810858,-0.3583833,-0.81598169,-0.56503677,-0.12209591,0
-0.48082638,-1.8922851,5.3438354,-0.42361331,0.4407416,0.7913903,0
-0.44915879,4.3220687,-0.50772142,0.81598169,0.56503677,0.12209591,0
-0.72382283,2.4043775,-4.3089595,-0.39335182,0.69748139,-0.59899426,0
-2.4831171,3.9460516,0.90507793,-0.42361331,0.4407416,0.7913903,0
-1.8179245,3.574791,1.460744,-0.42361331,0.4407416,0.7913903,0
0.52856827,-4.3002858,-0.64569736,-0.81598169,-0.56503677,-0.12209591,0
1.6146803,-0.174187,-3.5468965,0.42361331,-0.4407416,-0.7913903,0
-4.4317327,2.9746408,0.50774693,-0.42361331,0.4407416,0.7913903,0
-3.3074932,4.2574601,0.25096416,-0.42361331,0.4407416,0.7913903,0
0.36532688,-2.6122971,-2.8407767,0.42361331,-0.4407416,-0.7913903,0
-2.5730081,1.1529214,-3.7567713,-0.81598169,-0.56503677,-0.12209591,0
1.2321285,-5.177424,-0.87969303,0.42361331,-0.4407416,-0.7913903,0
-0.31473976,4.392982,-2.1284871,-0.39335182,0.69748139,-0.59899426,0
-0.5678302,4.3812065,-0.71656322,0.81598169,0.56503677,0.12209591,0
-0.98286557,-0.3489635,-4.7847781,0.42361331,-0.4407416,-0.7913903,0
-1.936929,1.0216014,-5.2018795,-0.39335182,0.69748139,-0.59899426,0
-0.9423359,4.9215446,-0.38351679,0.81598169,0.56503677,0.12209591,0
-1.5826473,4.4871583,-1.3188486,-0.39335182,0.69748139,-0.59899426,0
-2.5514214,0.99376035,-4.3190479,-0.81598169,-0.56503677,-0.12209591,0
-1.3133445,-0.86410451,-3.6029503,-0.81598169,-0.56503677,-0.12209591,0
