0.28925455,-1.312258,-1.9735714,-0.21673578,-0.14148599,-0.96592307,0
-5.2339649,0.67006373,1.2364202,-0.87321526,0.47049096,0.12701744,0
2.3215513,-5.3205447,-0.37400961,-0.43648696,-0.87098795,0.22551996,0
-4.0918474,-1.5408788,1.7992041,-0.43648696,-0.87098795,0.22551996,0
-0.77987802,-2.8580475,-1.4809958,-0.21673578,-0.14148599,-0.96592307,0
-3.775209,3.9825952,-1.4086304,-0.87321526,0.47049096,0.12701744,0
3.8012693,1.9274149,-0.71913171,0.43648696,0.87098795,-0.22551996,0
-4.3738351,-1.4853539,-0.84679937,-0.21673578,-0.14148599,-0.96592307,0
-1.1853621,4.595118,0.17055619,0.43648696,0.87098795,-0.22551996,0
2.5473595,2.9659109,0.60621834,0.43648696,0.87098795,-0.22551996,0
3.4020848,-1.3696251,-2.6586556,-0.21673578,-0.14148599,-0.96592307,0
5.2988634,0.8439455,-1.9772177,0.43648696,0.87098795,-0.22551996,0
-0.78871489,3.4301043,-2.4402564,-0.21673578,-0.14148599,-0.96592307,0
-5.8788991,-1.0648832,0.28356218,-0.43648696,-0.87098795,0.22551996,0
-5.6798859,0.322263,-0.25418329,-0.87321526,0.47049096,0.12701744,0
-5.3094139,0.80830526,0.084477425,-0.87321526,0.47049096,0.12701744,0
3.7245066,-4.0346889,1.6303446,0.87321526,-0.47049096,-0.12701744,0
-1.8341165,2.6395614,2.0201557,0.21673578,0.14148599,0.96592307,0
3.1148925,2.0306304,1.1551363,0.21673578,0.14148599,0.96592307,0
4.8655777,-1.0687416,-2.507334,0.87321526,-0.47049096,-0.12701744,0
-4.6395035,1.3377995,2.3935089,-0.87321526,0.47049096,0.12701744,0
3.8953154,2.0679846,-0.2156136,0.43648696,0.87098795,-0.22551996,0
-5.8537073,-1.2602346,-0.36670017,-0.43648696,-0.87098795,0.22551996,0
1.2470436,-3.8847976,-1.6985815,-0.21673578,-0.14148599,-0.96592307,0
5.0523953,-0.86675155,-1.6430268,0.87321526,-0.47049096,-0.12701744,0
5.0777183,0.69402027,-2.7355285,0.43648696,0.87098795,-0.22551996,0
0.45545578,-4.5694122,-1.2579713,-0.43648696,-0.87098795,0.22551996,0
-4.0116019,3.1557927,-0.62173986,-0.87321526,0.47049096,0.12701744,0
-2.9178102,3.7625208,-1.977273,-0.21673578,-0.14148599,-0.96592307,0
5.7136035,0.55837345,0.78501606,0.21673578,0.14148599,0.96592307,0
-3.9085627,0.26978305,2.9339786,0.21673578,0.14148599,0.96592307,0
-3.2328901,-1.8620119,2.4574983,-0.43648696,-0.87098795,0.22551996,0
4.4373856,-2.0515642,-1.0966473,0.87321526,-0.47049096,-0.12701744,0
-4.5014262,1.6246929,1.9409735,-0.87321526,0.47049096,0.12701744,0
3.2634649,2.0729082,-1.4676049,0.43648696,0.87098795,-0.22551996,0
-4.1533613,3.24458,-1.6207342,-0.21673578,-0.14148599,-0.96592307,0
0.72511005,1.7013245,-2.5646086,-0.21673578,-0.14148599,-0.96592307,0
4.8354821,-1.0395551,-1.8464394,0.87321526,-0.47049096,-0.12701744,0
-3.2941718,4.5461345,-0.27854037,-0.87321526,0.47049096,0.12701744,0
-2.8877234,0.76188552,2.6824944,0.21673578,0.14148599,0.96592307,0
-5.6022205,0.24203706,0.34126377,-0.87321526,0.47049096,0.12701744,0
-2.984163,4.4189072,1.7201419,-0.87321526,0.47049096,0.12701744,0
3.3515368,-3.9124823,-1.1065767,0.87321526,-0.47049096,-0.12701744,0
2.3235617,-3.5264869,-2.0122771,-0.21673578,-0.14148599,-0.96592307,0
5.5481477,0.09703517,-2.1420102,0.87321526,-0.47049096,-0.12701744,0
-3.711863,3.1948433,2.2278214,-0.87321526,0.47049096,0.12701744,0
-2.319133,1.7432193,2.3041911,0.21673578,0.14148599,0.96592307,0
-3.0386992,5.016902,-1.9790688,0.43648696,0.87098795,-0.22551996,0
1.5715361,-4.5736413,0.99978673,-0.43648696,-0.87098795,0.22551996,0
5.3899555,0.75535011,-2.1664295,0.43648696,0.87098795,-0.22551996,0
2.7305713,-4.3748941,2.1059358,0.21673578,0.14148599,0.96592307,0
-3.6224561,-1.4096971,-1.1272602,-0.21673578,-0.14148599,-0.96592307,0
-4.3041391,2.7111301,-0.97345018,-0.87321526,0.47049096,0.12701744,0
4.5908175,-2.1280096,0.036623955,0.87321526,-0.47049096,-0.12701744,0
-0.92943716,4.1149712,-1.1155565,0.43648696,0.87098795,-0.22551996,0
-0.10305214,-3.9029849,0.35520005,-0.43648696,-0.87098795,0.22551996,0
-1.1829679,2.424335,1.9610624,0.21673578,0.14148599,0.96592307,0
0.86085588,-2.8085639,-1.951187,-0.21673578,-0.14148599,-0.96592307,0
-4.9516468,1.0718955,1.8014398,-0.87321526,0.47049096,0.12701744,0
4.1412172,-1.0854762,1.2504272,0.21673578,0.14148599,0.96592307,0
0.65266538,-2.1139402,2.2164755,0.21673578,0.14148599,0.96592307,0
-2.1203175,2.4851139,-1.8810459,-0.21673578,-0.14148599,-0.96592307,0
-2.077522,5.1153278,-0.023954391,0.43648696,0.87098795,-0.22551996,0
5.4569955,-0.49258661,-0.40247631,0.87321526,-0.47049096,-0.12701744,0
-5.1597953,0.75638962,1.7640138,-0.87321526,0.47049096,0.12701744,0
-3.1683989,-1.8684654,2.0139446,-0.43648696,-0.87098795,0.22551996,0
0.033797264,-1.3978395,-1.8319622,-0.21673578,-0.14148599,-0.96592307,0
-1.4031386,4.7740602,0.34537125,0.43648696,0.87098795,-0.22551996,0
4.8524647,-1.4421606,-1.1145029,0.87321526,-0.47049096,-0.12701744,0
5.7679887,0.78399801,-1.6004295,0.43648696,0.87098795,-0.22551996,0
4.3736639,-2.1372087,-1.1979213,0.87321526,-0.47049096,-0.12701744,0
2.6061687,-1.2131505,1.5810022,0.21673578,0.14148599,0.96592307,0
-1.3645337,-1.4626322,2.593154,0.21673578,0.14148599,0.96592307,0
-1.9641283,3.6429548,-2.1901293,-0.21673578,-0.14148599,-0.96592307,0
-3.2004411,-0.82470393,2.8241818,0.21673578,0.14148599,0.96592307,0
-0.65827227,3.9273951,-1.7272844,0.43648696,0.87098795,-0.22551996,0
2.2488723,-5.5115671,-1.655259,-0.43648696,-0.87098795,0.22551996,0
-2.5772331,4.9268847,1.9564123,0.21673578,0.14148599,0.96592307,0
-0.17561968,1.4702449,1.9168869,0.21673578,0.14148599,0.96592307,0
-5.1831264,-1.4911957,-0.593853,-0.43648696,-0.87098795,0.22551996,0
4.5563087,1.496788,-1.2461696,0.43648696,0.87098795,-0.22551996,0
0.61813998,-3.7468443,-1.7442461,-0.21673578,-0.14148599,-0.96592307,0
-4.1028986,-1.9524559,0.27351046,-0.43648696,-0.87098795,0.22551996,0
-2.3034368,2.9634161,-2.0442853,-0.21673578,-0.14148599,-0.96592307,0
-4.7397223,1.8318113,0.62943172,-0.87321526,0.47049096,0.12701744,0
2.5850253,1.9029759,1.1627474,0.21673578,0.14148599,0.96592307,0
2.6795273,-3.8467877,2.0401001,0.21673578,0.14148599,0.96592307,0
-3.8734541,3.3821363,0.13085604,-0.87321526,0.47049096,0.12701744,0
-0.036128044,3.6163602,-1.2361467,0.43648696,0.87098795,-0.22551996,0
2.2685158,2.893826,1.1835419,0.21673578,0.14148599,0.96592307,0
1.6446098,-0.31702965,-2.4595373,-0.21673578,-0.14148599,-0.96592307,0
0.77633905,1.3744774,-2.452251,-0.21673578,-0.14148599,-0.96592307,0
4.5235839,-1.8412747,-1.6114287,0.87321526,-0.47049096,-0.12701744,0
-3.4101624,4.1965342,1.0642138,-0.87321526,0.47049096,0.12701744,0
4.6377745,-2.2593553,1.1814437,0.87321526,-0.47049096,-0.12701744,0
5.7630329,0.98776269,0.55895472,0.21673578,0.14148599,0.96592307,0
0.13068384,-0.38302588,-1.9506068,-0.21673578,-0.14148599,-0.96592307,0
3.2980478,2.2598486,-0.50627875,0.43648696,0.87098795,-0.22551996,0
-1.3985604,1.4304031,-1.949152,-0.21673578,-0.14148599,-0.96592307,0
-0.12119055,-3.5980964,1.3211884,-0.43648696,-0.87098795,0.22551996,0
-1.1171694,3.8392005,-2.4686892,-0.21673578,-0.14148599,-0.96592307,0
2.853776,2.4968662,-0.052953005,0.43648696,0.87098795,-0.22551996,0
-5.1578531,0.35833204,2.8988998,-0.87321526,0.47049096,0.12701744,0
2.0348461,-5.3421917,-1.4902076,-0.43648696,-0.87098795,0.22551996,0
-0.43629432,-4.0766206,-1.2250378,-0.43648696,-0.87098795,0.22551996,0
-4.5291023,1.9625266,1.2790651,-0.87321526,0.47049096,0.12701744,0
1.4944289,1.6089454,-2.5427568,-0.21673578,-0.14148599,-0.96592307,0
2.3875844,-3.4683709,-2.0396385,-0.21673578,-0.14148599,-0.96592307,0
5.1392365,-0.94397569,-1.3014331,0.87321526,-0.47049096,-0.12701744,0
2.2393477,-5.2970653,-0.17148185,-0.43648696,-0.87098795,0.22551996,0
3.2984862,-3.8567603,-1.8907838,0.87321526,-0.47049096,-0.12701744,0
-5.9903107,-1.0256717,-0.18663549,-0.43648696,-0.87098795,0.22551996,0
-0.84454435,1.3305786,2.111676,0.21673578,0.14148599,0.96592307,0
-2.8590109,-0.52349019,-1.3049042,-0.21673578,-0.14148599,-0.96592307,0
1.381335,2.9973989,-1.2372921,0.43648696,0.87098795,-0.22551996,0
-5.6446018,-0.99654007,-0.72622395,-0.21673578,-0.14148599,-0.96592307,0
0.85852337,2.8781767,-2.3635781,0.43648696,0.87098795,-0.22551996,0
-6.1832399,-0.67083597,-0.1485672,-0.87321526,0.47049096,0.12701744,0
-1.6143031,-2.9053268,1.3475125,-0.43648696,-0.87098795,0.22551996,0
-2.6073422,-2.3374839,1.2979774,-0.43648696,-0.87098795,0.22551996,0
5.7696648,-0.25730753,0.70790434,0.87321526,-0.47049096,-0.12701744,0
-4.0066395,3.4588318,-0.76029229,-0.87321526,0.47049096,0.12701744,0
5.7905278,0.2347858,-0.85047054,0.87321526,-0.47049096,-0.12701744,0
-3.161202,1.4085146,2.5316672,0.21673578,0.14148599,0.96592307,0
5.5831699,0.059614182,-0.79480791,0.87321526,-0.47049096,-0.12701744,0
6.3155913,0.91544628,0.32879066,0.87321526,-0.47049096,-0.12701744,0
-0.92853653,0.72668338,-1.9007608,-0.21673578,-0.14148599,-0.96592307,0
-5.2490754,0.15911412,2.726368,-0.87321526,0.47049096,0.12701744,0
5.3424654,-0.0096297264,-2.7206035,0.87321526,-0.47049096,-0.12701744,0
-4.1314683,2.9701154,0.74614191,-0.87321526,0.47049096,0.12701744,0
5.6744838,0.59147215,-2.2274547,0.43648696,0.87098795,-0.22551996,0
-3.4464955,3.8487213,1.7654493,-0.87321526,0.47049096,0.12701744,0
-2.5896614,-2.2959101,1.2947731,-0.43648696,-0.87098795,0.22551996,0
-5.5581498,-0.39601088,2.5010929,-0.87321526,0.47049096,0.12701744,0
-2.9294255,2.0666168,-1.7829158,-0.21673578,-0.14148599,-0.96592307,0
-5.1975479,-0.8749938,2.2865977,-0.43648696,-0.87098795,0.22551996,0
-2.6340015,5.0961695,1.6889098,-0.87321526,0.47049096,0.12701744,0
0.49504662,3.8394938,0.24759078,0.43648696,0.87098795,-0.22551996,0
0.44250679,-4.0651712,0.232728,-0.43648696,-0.87098795,0.22551996,0
-3.8653378,3.2372317,1.5464594,-0.87321526,0.47049096,0.12701744,0
-2.5438821,-0.91287625,2.7925558,0.21673578,0.14148599,0.96592307,0
-5.6674681,0.23920155,-0.3337388,-0.87321526,0.47049096,0.12701744,0
0.53782654,-3.7994256,1.5766426,-0.43648696,-0.87098795,0.22551996,0
-2.2415118,-2.7583699,0.73209262,-0.43648696,-0.87098795,0.22551996,0
1.6151328,-4.46597,1.8082231,-0.43648696,-0.87098795,0.22551996,0
4.1342764,1.1600837,-2.8942351,0.43648696,0.87098795,-0.22551996,0
0.30427766,1.1291007,1.9070746,0.21673578,0.14148599,0.96592307,0
0.25784731,-4.2067695,-0.085383981,-0.43648696,-0.87098795,0.22551996,0
3.2338367,-5.1057205,1.9263825,-0.43648696,-0.87098795,0.22551996,0
0.14176416,-3.5311165,1.9845099,-0.43648696,-0.87098795,0.22551996,0
-5.1073928,0.81108236,1.1298842,-0.87321526,0.47049096,0.12701744,0
-1.0243645,4.4905338,1.7124691,0.21673578,0.14148599,0.96592307,0
5.6887217,-0.24948025,0.90472269,0.21673578,0.14148599,0.96592307,0
-0.31024981,-1.3595413,-1.7008836,-0.21673578,-0.14148599,-0.96592307,0
-6.0418024,-0.94180202,-0.10519981,-0.43648696,-0.87098795,0.22551996,0
5.7939525,0.63733125,-1.1997037,0.87321526,-0.47049096,-0.12701744,0
5.5222893,0.67918396,-2.274621,0.43648696,0.87098795,-0.22551996,0
2.3779068,-4.5162716,-1.9057999,-0.21673578,-0.14148599,-0.96592307,0
1.5121343,3.4070439,1.2100799,0.21673578,0.14148599,0.96592307,0
0.088077545,3.6032333,-1.7526863,0.43648696,0.87098795,-0.22551996,0
-3.3678906,4.9967518,-1.6836393,-0.87321526,0.47049096,0.12701744,0
1.6090446,-4.3991451,1.5659395,-0.43648696,-0.87098795,0.22551996,0
1.3575215,0.096808136,-2.4063671,-0.21673578,-0.14148599,-0.96592307,0
1.7029269,-5.3843198,-1.7495792,-0.43648696,-0.87098795,0.22551996,0
-0.31178522,3.6240928,-1.7383471,0.43648696,0.87098795,-0.22551996,0
3.827271,-0.65792322,-2.7869322,-0.21673578,-0.14148599,-0.96592307,0
4.7702274,0.95802927,0.86665058,0.21673578,0.14148599,0.96592307,0
-3.1773396,-1.0140707,-1.2905295,-0.21673578,-0.14148599,-0.96592307,0
4.1794238,-0.30798626,1.0912712,0.21673578,0.14148599,0.96592307,0
4.623332,-1.5888789,-1.3551478,0.87321526,-0.47049096,-0.12701744,0
-3.4314194,3.752197,2.1947839,-0.87321526,0.47049096,0.12701744,0
-4.4185238,-1.6547414,0.97005081,-0.43648696,-0.87098795,0.22551996,0
1.3944829,-4.7618394,-0.56839216,-0.43648696,-0.87098795,0.22551996,0
4.7339649,-1.6439779,-0.4739027,0.87321526,-0.47049096,-0.12701744,0
4.923306,-0.76734853,-2.9234564,0.87321526,-0.47049096,-0.12701744,0
3.4223254,-4.5957751,0.54203033,0.87321526,-0.47049096,-0.12701744,0
-3.217556,4.4768553,0.073829174,-0.87321526,0.47049096,0.12701744,0
4.4389362,-1.9974877,-1.0973396,0.87321526,-0.47049096,-0.12701744,0
-5.2856898,1.0646455,-0.63562489,-0.87321526,0.47049096,0.12701744,0
-1.5633049,4.8066263,-0.29021418,0.43648696,0.87098795,-0.22551996,0
-3.0780616,5.2696352,-1.1810601,-0.87321526,0.47049096,0.12701744,0
-0.32895613,4.401968,1.0824778,0.43648696,0.87098795,-0.22551996,0
0.33289385,-4.0840616,0.21376652,-0.43648696,-0.87098795,0.22551996,0
-5.7179117,-0.29126596,1.0569115,-0.87321526,0.47049096,0.12701744,0
-3.6968062,2.3959634,2.5827003,0.21673578,0.14148599,0.96592307,0
-0.89163828,-3.704953,-0.71669632,-0.43648696,-0.87098795,0.22551996,0
-1.5549233,4.7390795,-0.13675177,0.43648696,0.87098795,-0.22551996,0
0.15676594,-4.2908068,-0.55317628,-0.43648696,-0.87098795,0.22551996,0
3.9759183,-2.8100708,-1.3506598,0.87321526,-0.47049096,-0.12701744,0
2.2262301,-1.8260193,-2.364099,-0.21673578,-0.14148599,-0.96592307,0
-3.9536409,3.6720052,-1.7093077,-0.87321526,0.47049096,0.12701744,0
-3.2832718,2.1367676,-1.547961,-0.21673578,-0.14148599,-0.96592307,0
2.0802512,2.7516007,-1.2685845,0.43648696,0.87098795,-0.22551996,0
4.0197539,-3.176326,-0.46275616,0.87321526,-0.47049096,-0.12701744,0
3.1661406,-4.7877803,0.77114511,0.87321526,-0.47049096,-0.12701744,0
1.9683752,-4.3264456,2.1790354,0.21673578,0.14148599,0.96592307,0
4.5926094,-0.53465092,-3.1033084,-0.21673578,-0.14148599,-0.96592307,0
3.1964607,-4.6071544,-0.19029117,0.87321526,-0.47049096,-0.12701744,0
2.6366816,-0.49173656,-2.4901094,-0.21673578,-0.14148599,-0.96592307,0
-3.740541,3.5684683,1.1364844,-0.87321526,0.47049096,0.12701744,0
5.6771021,-0.45728397,0.62366438,0.87321526,-0.47049096,-0.12701744,0
3.6835849,0.29972839,1.2707405,0.21673578,0.14148599,0.96592307,0
2.7998605,-1.820379,1.7682381,0.21673578,0.14148599,0.96592307,0
-1.1331429,-3.1269915,-1.3508253,-0.21673578,-0.14148599,-0.96592307,0
-3.7066274,3.4055405,1.4193866,-0.87321526,0.47049096,0.12701744,0
-4.5191684,-1.7557896,0.30265141,-0.43648696,-0.87098795,0.22551996,0
-2.7427719,5.3946552,0.57813954,-0.87321526,0.47049096,0.12701744,0
3.6955316,-3.0687664,-1.9278636,0.87321526,-0.47049096,-0.12701744,0
-4.4496331,1.7569404,2.0664444,-0.87321526,0.47049096,0.12701744,0
-4.0167971,2.8319554,1.3491411,-0.87321526,0.47049096,0.12701744,0
-2.6362596,2.1909888,-1.8673192,-0.21673578,-0.14148599,-0.96592307,0
0.40128517,3.6192462,1.3789446,0.21673578,0.14148599,0.96592307,0
1.2804296,3.2362187,-0.51736283,0.43648696,0.87098795,-0.22551996,0
2.9943917,-4.980813,-0.10782504,0.87321526,-0.47049096,-0.12701744,0
-5.3805933,0.83407021,-0.71850491,-0.87321526,0.47049096,0.12701744,0
-0.95280218,4.8568273,1.6037577,0.43648696,0.87098795,-0.22551996,0
-6.0160718,-0.56716967,-0.34922504,-0.87321526,0.47049096,0.12701744,0
-3.1947145,4.5581408,1.270714,-0.87321526,0.47049096,0.12701744,0
5.8403263,-0.097764015,0.40519333,0.87321526,-0.47049096,-0.12701744,0
-2.9899189,4.9512916,0.93493176,-0.87321526,0.47049096,0.12701744,0
-2.7238853,1.6153016,-1.7707393,-0.21673578,-0.14148599,-0.96592307,0
4.3761582,-2.4015999,-0.787714,0.87321526,-0.47049096,-0.12701744,0
4.5893497,-2.001246,-0.99911547,0.87321526,-0.47049096,-0.12701744,0
0.14470959,-4.3060741,-0.58792001,-0.43648696,-0.87098795,0.22551996,0
-4.2936358,-1.6453767,0.89227438,-0.43648696,-0.87098795,0.22551996,0
-2.5369079,-1.347416,2.8917525,0.21673578,0.14148599,0.96592307,0
0.13300657,-3.7655406,0.90914172,-0.43648696,-0.87098795,0.22551996,0
-4.80476,1.6289406,-0.32594156,-0.87321526,0.47049096,0.12701744,0
0.17647481,-4.104528,-0.26791298,-0.43648696,-0.87098795,0.22551996,0
-2.3225763,-1.3480377,2.7763462,0.21673578,0.14148599,0.96592307,0
3.5791392,-4.065465,-0.04019165,0.87321526,-0.47049096,-0.12701744,0
-3.9626439,0.97337174,-1.2807574,-0.21673578,-0.14148599,-0.96592307,0
-2.9831545,4.2394228,-1.9434276,-0.21673578,-0.14148599,-0.96592307,0
-2.3760614,-0.40704173,2.7632766,0.21673578,0.14148599,0.96592307,0
3.4669757,-4.550262,0.76603365,0.87321526,-0.47049096,-0.12701744,0
-4.4571147,1.164063,-1.2853656,-0.21673578,-0.14148599,-0.96592307,0
-0.40968192,-2.6122692,-1.5683918,-0.21673578,-0.14148599,-0.96592307,0
4.0202627,1.3867738,-2.1513238,0.43648696,0.87098795,-0.22551996,0
-1.611563,4.5710878,1.7265571,0.21673578,0.14148599,0.96592307,0
-5.1946149,0.3771081,1.9950662,-0.87321526,0.47049096,0.12701744,0
-1.92941,5.2282572,0.90250099,0.43648696,0.87098795,-0.22551996,0
2.7999268,-5.2263861,0.91883469,-0.43648696,-0.87098795,0.22551996,0
3.2707443,-5.2438889,1.8175395,0.87321526,-0.47049096,-0.12701744,0
1.6576273,-4.6822338,-1.6971545,-0.21673578,-0.14148599,-0.96592307,0
1.5704377,-1.1471069,-2.1788623,-0.21673578,-0.14148599,-0.96592307,0
-4.3599138,2.6576643,-0.83557367,-0.87321526,0.47049096,0.12701744,0
-3.2838993,4.0779247,-1.8612812,-0.21673578,-0.14148599,-0.96592307,0
-5.1653447,1.3546698,-0.56721783,-0.87321526,0.47049096,0.12701744,0
-4.7242832,1.3262975,2.0968158,-0.87321526,0.47049096,0.12701744,0
5.3155203,0.95091605,-1.5802879,0.43648696,0.87098795,-0.22551996,0
1.041605,-2.5125451,2.2256367,0.21673578,0.14148599,0.96592307,0
3.0979745,2.4006622,-0.55917621,0.43648696,0.87098795,-0.22551996,0
5.2237635,-1.0564239,0.35741186,0.87321526,-0.47049096,-0.12701744,0
2.6649389,-2.2894754,-2.3735383,-0.21673578,-0.14148599,-0.96592307,0
3.4014192,-1.3098159,1.5970182,0.21673578,0.14148599,0.96592307,0
-4.104156,0.55553144,2.9521325,0.21673578,0.14148599,0.96592307,0
1.9559994,-4.5387692,1.7653695,-0.43648696,-0.87098795,0.22551996,0
5.0446849,0.99893999,-1.9177113,0.43648696,0.87098795,-0.22551996,0
0.39233828,2.9712553,-2.6739368,-0.21673578,-0.14148599,-0.96592307,0
0.76598382,-2.1000984,2.2025673,0.21673578,0.14148599,0.96592307,0
4.508337,0.90999955,-2.8417327,0.43648696,0.87098795,-0.22551996,0
-3.6083093,-2.2460623,-0.0073988438,-0.43648696,-0.87098795,0.22551996,0
-4.3642349,2.9641495,-1.0994577,-0.87321526,0.47049096,0.12701744,0
-4.502511,-1.073276,2.2931454,-0.43648696,-0.87098795,0.22551996,0
-0.49169302,4.2623863,-0.16821969,0.43648696,0.87098795,-0.22551996,0
0.61706519,-1.7606943,-1.9295051,-0.21673578,-0.14148599,-0.96592307,0
0.20408869,3.4313207,-2.0676112,0.43648696,0.87098795,-0.22551996,0
-0.36177635,3.8390186,-1.7320473,0.43648696,0.87098795,-0.22551996,0
2.2709594,0.33354488,-2.6686678,-0.21673578,-0.14148599,-0.96592307,0
-0.08229351,3.6692741,-1.4797704,0.43648696,0.87098795,-0.22551996,0
-1.5209566,3.3840053,1.8145729,0.21673578,0.14148599,0.96592307,0
-0.96790051,-0.55310416,-1.6967753,-0.21673578,-0.14148599,-0.96592307,0
-1.089251,-2.8199637,2.2020423,-0.43648696,-0.87098795,0.22551996,0
2.8146307,-5.2688999,-0.14072418,0.87321526,-0.47049096,-0.12701744,0
4.5688305,-2.4616404,1.2819061,0.87321526,-0.47049096,-0.12701744,0
-3.475203,-0.33788007,2.9928174,0.21673578,0.14148599,0.96592307,0
1.3425263,0.079882622,1.7756834,0.21673578,0.14148599,0.96592307,0
4.7131481,1.5301669,0.72256851,0.21673578,0.14148599,0.96592307,0
2.3500345,-3.4018049,2.1083879,0.21673578,0.14148599,0.96592307,0
3.1642168,-4.7036848,-0.079537392,0.87321526,-0.47049096,-0.12701744,0
4.2667851,-2.4996557,-0.98275089,0.87321526,-0.47049096,-0.12701744,0
4.8739552,-1.7340164,0.42617607,0.87321526,-0.47049096,-0.12701744,0
1.5994081,2.5528858,-2.1811726,0.43648696,0.87098795,-0.22551996,0
4.8420811,-1.469321,-0.93600464,0.87321526,-0.47049096,-0.12701744,0
1.0092232,-4.6458621,-0.30862784,-0.43648696,-0.87098795,0.22551996,0
0.28602457,-3.9523745,0.95790243,-0.43648696,-0.87098795,0.22551996,0
-2.3755651,5.4693356,1.3240143,0.43648696,0.87098795,-0.22551996,0
2.6785779,0.86956161,-2.8905551,-0.21673578,-0.14148599,-0.96592307,0
2.4683082,0.5496372,-2.713861,-0.21673578,-0.14148599,-0.96592307,0
-5.1576071,1.1592305,-0.7678771,-0.87321526,0.47049096,0.12701744,0
-2.9191566,1.3977989,2.4708402,0.21673578,0.14148599,0.96592307,0
0.35569727,1.8058412,1.6542082,0.21673578,0.14148599,0.96592307,0
5.3635874,0.91841769,-1.7332931,0.43648696,0.87098795,-0.22551996,0
-4.5736799,2.295506,-0.17883158,-0.87321526,0.47049096,0.12701744,0
-0.81159782,-3.4164743,0.63058901,-0.43648696,-0.87098795,0.22551996,0
3.2292171,2.5493698,0.54733825,0.43648696,0.87098795,-0.22551996,0
-2.3011992,3.3777928,2.0386629,0.21673578,0.14148599,0.96592307,0
1.6084337,2.7820177,-1.480939,0.43648696,0.87098795,-0.22551996,0
2.3197899,-4.6131291,1.8570421,-0.43648696,-0.87098795,0.22551996,0
-4.9262261,-0.97013938,2.0518494,-0.43648696,-0.87098795,0.22551996,0
-2.0959673,-0.88919091,-1.5399424,-0.21673578,-0.14148599,-0.96592307,0
3.5225487,0.020970345,1.1763406,0.21673578,0.14148599,0.96592307,0
-0.68738031,4.4198122,0.12919486,0.43648696,0.87098795,-0.22551996,0
2.7271514,1.5702484,1.1882417,0.21673578,0.14148599,0.96592307,0
0.53484321,1.6691123,-2.4409938,-0.21673578,-0.14148599,-0.96592307,0
2.4002042,-0.92204332,1.7496061,0.21673578,0.14148599,0.96592307,0
3.326551,-4.6077805,0.96773648,0.87321526,-0.47049096,-0.12701744,0
0.60544324,-1.261343,2.0352097,0.21673578,0.14148599,0.96592307,0
-3.1871691,4.1689324,-2.0243742,-0.21673578,-0.14148599,-0.96592307,0
-5.2930255,0.77067447,0.76949501,-0.87321526,0.47049096,0.12701744,0
2.1400273,2.6850214,-1.416899,0.43648696,0.87098795,-0.22551996,0
0.9532218,-3.7604959,-1.67693,-0.21673578,-0.14148599,-0.96592307,0
-3.1498251,4.7106571,0.6773181,-0.87321526,0.47049096,0.12701744,0
-4.9470339,0.56822264,2.5977566,-0.87321526,0.47049096,0.12701744,0
-3.8092079,2.8575954,1.9260743,-0.87321526,0.47049096,0.12701744,0
1.7726238,2.88868,-1.2633212,0.43648696,0.87098795,-0.22551996,0
-1.0449643,-2.9435086,2.2704439,-0.43648696,-0.87098795,0.22551996,0
-1.001471,-3.7298408,-0.99545008,-0.43648696,-0.87098795,0.22551996,0
-0.65526158,-0.8931402,-1.7565367,-0.21673578,-0.14148599,-0.96592307,0
5.9851971,0.5683713,-0.63094568,0.87321526,-0.47049096,-0.12701744,0
-3.1902955,-2.108901,1.1258738,-0.43648696,-0.87098795,0.22551996,0
5.2367935,0.63842165,-2.8950291,0.43648696,0.87098795,-0.22551996,0
3.0907621,-0.21198726,1.4486399,0.21673578,0.14148599,0.96592307,0
3.292377,-4.0369172,-1.0886385,0.87321526,-0.47049096,-0.12701744,0
-2.3339229,5.4221449,0.69336748,0.43648696,0.87098795,-0.22551996,0
0.27891445,-3.886065,0.8451345,-0.43648696,-0.87098795,0.22551996,0
5.0819216,0.52058697,-3.2787082,-0.21673578,-0.14148599,-0.96592307,0
2.8229771,-0.77308714,-2.5887678,-0.21673578,-0.14148599,-0.96592307,0
-0.33124208,1.7502446,1.9304461,0.21673578,0.14148599,0.96592307,0
-4.136694,3.3844583,-1.3351912,-0.87321526,0.47049096,0.12701744,0
3.5521495,1.5007818,-2.6229515,0.43648696,0.87098795,-0.22551996,0
3.1627612,-4.2981176,-1.2879453,0.87321526,-0.47049096,-0.12701744,0
2.939518,-4.6877375,-1.6367958,0.87321526,-0.47049096,-0.12701744,0
-5.745131,-0.99272585,0.30189753,-0.43648696,-0.87098795,0.22551996,0
-2.2109621,5.2426867,0.55162191,0.43648696,0.87098795,-0.22551996,0
3.4989176,-4.4439459,0.36541152,0.87321526,-0.47049096,-0.12701744,0
-2.3198855,2.2106159,-1.9733233,-0.21673578,-0.14148599,-0.96592307,0
-4.7695956,-1.3488481,1.3480654,-0.43648696,-0.87098795,0.22551996,0
-2.6654775,-0.21176159,2.8008926,0.21673578,0.14148599,0.96592307,0
4.099577,-2.6516528,-0.8403492,0.87321526,-0.47049096,-0.12701744,0
-3.013056,-2.1920228,0.84626532,-0.43648696,-0.87098795,0.22551996,0
-1.997092,-2.6681468,1.6764382,-0.43648696,-0.87098795,0.22551996,0
4.7064362,1.1170244,-1.8614874,0.43648696,0.87098795,-0.22551996,0
3.9627151,-2.9212613,-1.898659,0.87321526,-0.47049096,-0.12701744,0
0.54691911,4.108767,1.1868026,0.43648696,0.87098795,-0.22551996,0
2.235991,-0.73307443,-2.4771438,-0.21673578,-0.14148599,-0.96592307,0
-4.0948448,2.453083,2.2069271,-0.87321526,0.47049096,0.12701744,0
5.4586082,-0.81304455,0.5088501,0.87321526,-0.47049096,-0.12701744,0
0.10063505,3.610311,-1.1289062,0.43648696,0.87098795,-0.22551996,0
0.25901604,1.3281107,-2.3246262,-0.21673578,-0.14148599,-0.96592307,0
-3.079232,0.53887105,-1.4938748,-0.21673578,-0.14148599,-0.96592307,0
-1.1706128,2.2021675,2.1058929,0.21673578,0.14148599,0.96592307,0
2.0447702,2.4730508,-2.2910483,0.43648696,0.87098795,-0.22551996,0
-1.1496062,4.0962887,1.8099519,0.21673578,0.14148599,0.96592307,0
-1.3746848,-2.9380512,1.9463315,-0.43648696,-0.87098795,0.22551996,0
-5.0395174,1.118372,1.19555,-0.87321526,0.47049096,0.12701744,0
5.3230486,-0.30434823,-2.0935698,0.87321526,-0.47049096,-0.12701744,0
1.7999535,1.2445247,-2.6929827,-0.21673578,-0.14148599,-0.96592307,0
-5.2607436,-1.0502172,1.6923771,-0.43648696,-0.87098795,0.22551996,0
0.83187556,3.887156,1.293448,0.43648696,0.87098795,-0.22551996,0
-3.6853352,3.2687006,1.1801655,-0.87321526,0.47049096,0.12701744,0
1.7554255,-4.3402314,2.0792887,-0.43648696,-0.87098795,0.22551996,0
4.0893631,1.4212906,-1.6816294,0.43648696,0.87098795,-0.22551996,0
4.7497811,0.10131645,0.92318678,0.21673578,0.14148599,0.96592307,0
-0.67995858,0.71288848,-2.103138,-0.21673578,-0.14148599,-0.96592307,0
-1.6884534,5.0095634,0.86182904,0.43648696,0.87098795,-0.22551996,0
-3.6179972,3.948292,-0.094703197,-0.87321526,0.47049096,0.12701744,0
-3.4545794,3.0251551,-1.7846849,-0.21673578,-0.14148599,-0.96592307,0
5.3795524,-0.052073479,-2.3842683,0.87321526,-0.47049096,-0.12701744,0
-1.5433363,2.5071821,2.0557714,0.21673578,0.14148599,0.96592307,0
-0.081042767,4.0983801,0.13253014,0.43648696,0.87098795,-0.22551996,0
2.5136917,-5.316041,-0.2877655,-0.43648696,-0.87098795,0.22551996,0
-4.5801735,1.7118666,-1.2297592,-0.21673578,-0.14148599,-0.96592307,0
1.6210703,-1.2687205,1.8928331,0.21673578,0.14148599,0.96592307,0
2.9679787,-5.3290172,0.049408674,0.87321526,-0.47049096,-0.12701744,0
-2.6355255,-0.16048193,-1.5369191,-0.21673578,-0.14148599,-0.96592307,0
0.30151081,3.2261612,-2.4895566,0.43648696,0.87098795,-0.22551996,0
5.2416153,-0.70413375,-0.9317193,0.87321526,-0.47049096,-0.12701744,0
-4.8116617,0.88866043,2.9498792,-0.87321526,0.47049096,0.12701744,0
1.4763932,2.6468067,-2.5597882,0.43648696,0.87098795,-0.22551996,0
-3.5601451,4.2485161,-1.2464855,-0.87321526,0.47049096,0.12701744,0
4.7070613,-1.3655696,-1.6973591,0.87321526,-0.47049096,-0.12701744,0
-5.4231768,-1.1949306,-0.76174641,-0.21673578,-0.14148599,-0.96592307,0
-4.1775327,2.4889097,1.3197877,-0.87321526,0.47049096,0.12701744,0
1.6949372,2.9796371,1.2371616,0.21673578,0.14148599,0.96592307,0
-4.2804413,-1.1994944,2.5552311,-0.43648696,-0.87098795,0.22551996,0
5.5582676,0.51034331,-2.369031,0.43648696,0.87098795,-0.22551996,0
-0.85445511,3.5810018,1.7770157,0.21673578,0.14148599,0.96592307,0
-4.7326388,1.8266742,0.12129927,-0.87321526,0.47049096,0.12701744,0
1.0913427,3.6699142,0.39622426,0.43648696,0.87098795,-0.22551996,0
-5.3222318,0.1835444,2.5116549,-0.87321526,0.47049096,0.12701744,0
5.190124,0.3663401,-3.3917656,-0.21673578,-0.14148599,-0.96592307,0
-4.8529472,1.3442614,0.35599566,-0.87321526,0.47049096,0.12701744,0
-2.0654023,-0.22088933,-1.5197428,-0.21673578,-0.14148599,-0.96592307,0
-1.9344053,4.8180337,-0.93197668,0.43648696,0.87098795,-0.22551996,0
2.7055826,1.5680766,1.2962201,0.21673578,0.14148599,0.96592307,0
-0.27136064,3.6442614,1.5792773,0.21673578,0.14148599,0.96592307,0
2.8462136,2.3611221,-0.95035911,0.43648696,0.87098795,-0.22551996,0
1.2112463,-4.8873043,-1.3045173,-0.43648696,-0.87098795,0.22551996,0
3.9500232,2.1005635,-0.065377712,0.43648696,0.87098795,-0.22551996,0
-5.1365385,-1.5975935,-0.17380571,-0.43648696,-0.87098795,0.22551996,0
-4.1876235,-1.8580821,-0.79779983,-0.21673578,-0.14148599,-0.96592307,0
-2.2871706,-0.89162773,2.667912,0.21673578,0.14148599,0.96592307,0
1.6476068,-3.5087636,-1.8318721,-0.21673578,-0.14148599,-0.96592307,0
2.0419459,-5.2006831,-0.84064484,-0.43648696,-0.87098795,0.22551996,0
4.9760942,1.6028221,0.81862402,0.21673578,0.14148599,0.96592307,0
3.8499501,-3.2986822,-1.3200033,0.87321526,-0.47049096,-0.12701744,0
-2.62802,5.1862688,1.6298237,-0.87321526,0.47049096,0.12701744,0
-4.7154698,2.3512452,-1.3462553,-0.21673578,-0.14148599,-0.96592307,0
2.1829729,-2.0943775,-2.1934464,-0.21673578,-0.14148599,-0.96592307,0
3.7390587,-3.668124,0.017709732,0.87321526,-0.47049096,-0.12701744,0
1.5875854,-4.2838769,2.1031504,-0.43648696,-0.87098795,0.22551996,0
2.0057497,-1.4097733,1.8738605,0.21673578,0.14148599,0.96592307,0
0.92696381,-4.0128136,2.0775599,-0.43648696,-0.87098795,0.22551996,0
-5.9200277,-0.74579406,0.85948277,-0.87321526,0.47049096,0.12701744,0
-3.5100603,1.2597005,-1.4749823,-0.21673578,-0.14148599,-0.96592307,0
3.4644742,-3.9166157,-1.0426462,0.87321526,-0.47049096,-0.12701744,0
2.6219747,-5.2292366,-1.4458559,0.87321526,-0.47049096,-0.12701744,0
-3.8027005,-1.9761738,0.38118625,-0.43648696,-0.87098795,0.22551996,0
-5.9687014,-0.18525124,-0.57114744,-0.87321526,0.47049096,0.12701744,0
1.9690704,-0.061046541,-2.5284925,-0.21673578,-0.14148599,-0.96592307,0
2.0992064,3.2702279,1.1900381,0.21673578,0.14148599,0.96592307,0
-0.059342146,4.2000642,0.79595143,0.43648696,0.87098795,-0.22551996,0
-2.5460749,-2.7300878,-0.11032939,-0.43648696,-0.87098795,0.22551996,0
3.82918,-3.560298,-0.0072288513,0.87321526,-0.47049096,-0.12701744,0
0.076988935,4.162571,0.64110804,0.43648696,0.87098795,-0.22551996,0
1.5689135,-5.163332,-1.2440159,-0.43648696,-0.87098795,0.22551996,0
-3.7431846,-1.3824472,2.623904,-0.43648696,-0.87098795,0.22551996,0
0.9697907,-4.832211,-0.83133727,-0.43648696,-0.87098795,0.22551996,0
-0.26303697,-2.1253445,2.3873131,0.21673578,0.14148599,0.96592307,0
0.2600348,0.30569971,-2.1100178,-0.21673578,-0.14148599,-0.96592307,0
-5.4694896,-0.45478249,2.8362951,-0.87321526,0.47049096,0.12701744,0
6.0711637,0.54238749,0.52188444,0.87321526,-0.47049096,-0.12701744,0
4.2728376,-2.9682498,0.66375351,0.87321526,-0.47049096,-0.12701744,0
-4.1212487,3.1951776,-0.9797883,-0.87321526,0.47049096,0.12701744,0
-2.2855814,1.9775598,-1.7971456,-0.21673578,-0.14148599,-0.96592307,0
0.83702707,3.2038336,-1.6766683,0.43648696,0.87098795,-0.22551996,0
-4.0823879,3.1645768,-0.4090848,-0.87321526,0.47049096,0.12701744,0
1.9271092,-4.5713301,1.8702003,-0.43648696,-0.87098795,0.22551996,0
2.1223259,-4.9971786,0.097902536,-0.43648696,-0.87098795,0.22551996,0
-4.3622494,3.0482728,-1.4757855,-0.87321526,0.47049096,0.12701744,0
2.6660571,-5.2689977,0.36137033,-0.43648696,-0.87098795,0.22551996,0
-4.0283041,3.5247159,-0.83034229,-0.87321526,0.47049096,0.12701744,0
-3.3944445,-0.72755456,-1.1878533,-0.21673578,-0.14148599,-0.96592307,0
1.145602,3.4449077,0.0021748543,0.43648696,0.87098795,-0.22551996,0
3.9398887,-2.8237219,-2.4516895,-0.21673578,-0.14148599,-0.96592307,0
3.2563534,-4.6917758,0.31960201,0.87321526,-0.47049096,-0.12701744,0
-0.88204002,4.0972176,-1.7778182,0.43648696,0.87098795,-0.22551996,0
3.3148174,-4.0024681,-1.268939,0.87321526,-0.47049096,-0.12701744,0
3.3333502,-4.4241424,-0.25767756,0.87321526,-0.47049096,-0.12701744,0
-4.2285938,1.3329263,-1.2579455,-0.21673578,-0.14148599,-0.96592307,0
-0.28458643,4.3305559,0.76826316,0.43648696,0.87098795,-0.22551996,0
0.011788726,-2.3348494,-1.6682616,-0.21673578,-0.14148599,-0.96592307,0
3.4494319,-3.8634176,-0.9664495,0.87321526,-0.47049096,-0.12701744,0
5.3094845,-0.37512183,-0.81867313,0.87321526,-0.47049096,-0.12701744,0
4.4863014,-2.1756363,-0.8652463,0.87321526,-0.47049096,-0.12701744,0
-4.8146214,2.177362,-1.1780653,-0.87321526,0.47049096,0.12701744,0
0.2116437,3.4721138,-1.9378361,0.43648696,0.87098795,-0.22551996,0
4.0076618,-0.11361241,1.2608521,0.21673578,0.14148599,0.96592307,0
-1.7264121,2.7669148,-2.1906092,-0.21673578,-0.14148599,-0.96592307,0
-3.2102776,4.2584105,1.0210235,-0.87321526,0.47049096,0.12701744,0
-3.3858213,4.2135892,0.92557192,-0.87321526,0.47049096,0.12701744,0
-4.6593537,0.84238559,2.8906171,0.21673578,0.14148599,0.96592307,0
3.3368771,-4.355772,-0.83225083,0.87321526,-0.47049096,-0.12701744,0
3.1157146,2.4891524,0.16980529,0.43648696,0.87098795,-0.22551996,0
-1.286049,-0.7026701,-1.6934909,-0.21673578,-0.14148599,-0.96592307,0
5.2139196,1.0845799,-1.3322687,0.43648696,0.87098795,-0.22551996,0
-4.5310526,1.8580718,1.7430944,-0.87321526,0.47049096,0.12701744,0
-3.7029591,3.5947418,0.62417221,-0.87321526,0.47049096,0.12701744,0
2.4412527,0.55394936,1.5175158,0.21673578,0.14148599,0.96592307,0
3.4958153,-3.6625235,-1.5674162,0.87321526,-0.47049096,-0.12701744,0
2.317872,-4.2697487,2.1435013,0.21673578,0.14148599,0.96592307,0
-0.16366386,-3.7518618,0.71263337,-0.43648696,-0.87098795,0.22551996,0
-5.0037689,0.59454727,2.6369026,-0.87321526,0.47049096,0.12701744,0
-5.2700906,0.30211377,2.1747532,-0.87321526,0.47049096,0.12701744,0
-3.3452387,4.6200275,-0.74648714,-0.87321526,0.47049096,0.12701744,0
2.0964427,2.9735651,-0.23354316,0.43648696,0.87098795,-0.22551996,0
5.1253171,-0.41517389,-1.8246455,0.87321526,-0.47049096,-0.12701744,0
-3.4689031,-1.0696729,3.0629976,0.21673578,0.14148599,0.96592307,0
-2.1160841,4.4080172,1.9664245,0.21673578,0.14148599,0.96592307,0
-2.134047,3.7145495,-2.123359,-0.21673578,-0.14148599,-0.96592307,0
3.7911835,-3.3011529,-0.45186806,0.87321526,-0.47049096,-0.12701744,0
5.415792,1.16469,-0.21608973,0.43648696,0.87098795,-0.22551996,0
0.2424221,4.1999059,1.3048173,0.43648696,0.87098795,-0.22551996,0
-2.6720142,-2.4734259,-1.0322556,-0.21673578,-0.14148599,-0.96592307,0
-3.9594631,2.9705625,0.48160362,-0.87321526,0.47049096,0.12701744,0
-1.7042785,1.2439771,2.2262125,0.21673578,0.14148599,0.96592307,0
-0.34977341,-3.3020282,1.995172,-0.43648696,-0.87098795,0.22551996,0
0.69842243,-0.35413051,1.9044398,0.21673578,0.14148599,0.96592307,0
2.4424109,-4.087945,2.128525,0.21673578,0.14148599,0.96592307,0
-0.42777061,-3.3589873,2.0426269,-0.43648696,-0.87098795,0.22551996,0
5.562273,0.42282403,-2.8064027,0.87321526,-0.47049096,-0.12701744,0
3.7001381,2.07693,-0.17857218,0.43648696,0.87098795,-0.22551996,0
4.9607286,-1.0653493,-0.96842384,0.87321526,-0.47049096,-0.12701744,0
-0.53037554,1.1618855,1.9896078,0.21673578,0.14148599,0.96592307,0
2.7349796,-5.1014175,0.97581983,-0.43648696,-0.87098795,0.22551996,0
4.0081077,-1.6609645,1.3506255,0.21673578,0.14148599,0.96592307,0
0.45540476,-4.2327209,0.31708676,-0.43648696,-0.87098795,0.22551996,0
5.0870824,-1.0243945,-0.083693504,0.87321526,-0.47049096,-0.12701744,0
0.70142269,-4.0143514,1.4878339,-0.43648696,-0.87098795,0.22551996,0
0.62631345,-1.9483895,-1.8257579,-0.21673578,-0.14148599,-0.96592307,0
2.9197481,-5.055212,-0.42382336,0.87321526,-0.47049096,-0.12701744,0
2.410959,-5.1513457,0.55350113,-0.43648696,-0.87098795,0.22551996,0
1.0017595,2.872299,-2.1305561,0.43648696,0.87098795,-0.22551996,0
3.1703601,-0.68900108,1.3663211,0.21673578,0.14148599,0.96592307,0
-0.86907864,-1.7659172,2.562037,0.21673578,0.14148599,0.96592307,0
-4.6984954,1.7386707,0.6377182,-0.87321526,0.47049096,0.12701744,0
5.0899806,-0.47260535,-2.6504169,0.87321526,-0.47049096,-0.12701744,0
-3.1258526,4.505899,0.4740715,-0.87321526,0.47049096,0.12701744,0
2.0905333,3.0991831,0.28530514,0.43648696,0.87098795,-0.22551996,0
2.7351818,2.2376299,-1.4259484,0.43648696,0.87098795,-0.22551996,0
0.22854924,2.9851995,1.5588889,0.21673578,0.14148599,0.96592307,0
2.1228943,2.4596131,-2.1358306,0.43648696,0.87098795,-0.22551996,0
1.3119144,2.8720355,-2.0161691,0.43648696,0.87098795,-0.22551996,0
-5.5440097,0.053647041,0.41412401,-0.87321526,0.47049096,0.12701744,0
0.37151384,1.1331425,-2.2298129,-0.21673578,-0.14148599,-0.96592307,0
5.9801774,0.23708773,0.66009378,0.87321526,-0.47049096,-0.12701744,0
1.2311692,3.7058969,0.81657791,0.43648696,0.87098795,-0.22551996,0
-5.3326411,0.10192692,2.5012898,-0.87321526,0.47049096,0.12701744,0
-0.5099802,-1.456238,-1.7387719,-0.21673578,-0.14148599,-0.96592307,0
-3.5720468,-0.65648413,2.9986086,0.21673578,0.14148599,0.96592307,0
-2.5621343,2.53443,2.3480914,0.21673578,0.14148599,0.96592307,0
-0.086467743,0.30301225,2.074616,0.21673578,0.14148599,0.96592307,0
0.28092289,3.2397757,-2.3649271,0.43648696,0.87098795,-0.22551996,0
-1.3200872,-3.2102342,0.72155845,-0.43648696,-0.87098795,0.22551996,0
-2.160928,4.1386404,1.9653862,0.21673578,0.14148599,0.96592307,0
-2.5051513,5.4959188,1.0044622,0.43648696,0.87098795,-0.22551996,0
4.3149319,-2.5382762,-1.0452061,0.87321526,-0.47049096,-0.12701744,0
3.357285,-1.5195442,-2.7018685,-0.21673578,-0.14148599,-0.96592307,0
-2.9178786,-2.540318,0.020749807,-0.43648696,-0.87098795,0.22551996,0
3.9083149,0.15165487,-3.0339682,-0.21673578,-0.14148599,-0.96592307,0
-0.94782114,-2.9408503,2.6837261,-0.43648696,-0.87098795,0.22551996,0
-5.320219,-0.052770257,3.0853052,-0.87321526,0.47049096,0.12701744,0
-2.756459,5.2375898,-0.837852,0.43648696,0.87098795,-0.22551996,0
1.012321,-4.3492894,0.25266802,-0.43648696,-0.87098795,0.22551996,0
2.9190557,0.18199801,1.4341619,0.21673578,0.14148599,0.96592307,0
2.1986365,2.8864174,-0.33994317,0.43648696,0.87098795,-0.22551996,0
5.2233748,0.79863119,-2.2142081,0.43648696,0.87098795,-0.22551996,0
4.4670463,1.6213311,-0.91693163,0.43648696,0.87098795,-0.22551996,0
4.8192143,0.99652863,-2.4721589,0.43648696,0.87098795,-0.22551996,0
2.0455878,0.84237468,-2.706758,-0.21673578,-0.14148599,-0.96592307,0
0.28731441,4.1183658,1.3524427,0.21673578,0.14148599,0.96592307,0
1.7123635,3.3399303,0.96998644,0.43648696,0.87098795,-0.22551996,0
3.5899017,-3.9904318,-0.21022677,0.87321526,-0.47049096,-0.12701744,0
5.7043114,0.41175342,-1.2840133,0.87321526,-0.47049096,-0.12701744,0
-5.2639565,-0.76817727,-0.74666834,-0.21673578,-0.14148599,-0.96592307,0
-5.7634678,-0.085718632,-0.056911945,-0.87321526,0.47049096,0.12701744,0
2.1302118,0.95704389,1.3712118,0.21673578,0.14148599,0.96592307,0
-3.0183418,-2.0330977,2.0511434,-0.43648696,-0.87098795,0.22551996,0
-2.7479646,5.2011232,0.51530504,-0.87321526,0.47049096,0.12701744,0
5.9567533,0.31251335,0.57992983,0.87321526,-0.47049096,-0.12701744,0
-5.7127342,-0.071790695,1.1324701,-0.87321526,0.47049096,0.12701744,0
-4.0532503,3.1648569,-0.38576794,-0.87321526,0.47049096,0.12701744,0
1.8399634,-4.470892,2.2547846,-0.43648696,-0.87098795,0.22551996,0
-0.51717687,4.494976,0.62438464,0.43648696,0.87098795,-0.22551996,0
-1.0458121,-3.0357192,1.5652274,-0.43648696,-0.87098795,0.22551996,0
4.6774836,-1.4213805,-1.3778567,0.87321526,-0.47049096,-0.12701744,0
1.2903557,-4.161643,2.0384202,-0.43648696,-0.87098795,0.22551996,0
4.4062924,-2.6765037,1.0226932,0.87321526,-0.47049096,-0.12701744,0
2.1297669,1.6512495,1.3421162,0.21673578,0.14148599,0.96592307,0
3.4895639,-4.0745616,-0.43912077,0.87321526,-0.47049096,-0.12701744,0
-3.3442543,-1.6130288,2.6176369,-0.43648696,-0.87098795,0.22551996,0
-2.3729122,-2.5257359,1.0330746,-0.43648696,-0.87098795,0.22551996,0
5.4977403,-0.25421023,-1.2749658,0.87321526,-0.47049096,-0.12701744,0
5.1043005,-0.54514098,-1.8650212,0.87321526,-0.47049096,-0.12701744,0
-0.87353039,-1.7700944,2.4914353,0.21673578,0.14148599,0.96592307,0
-3.6910121,3.8186688,0.16928625,-0.87321526,0.47049096,0.12701744,0
3.6081288,-3.5910046,-1.4001832,0.87321526,-0.47049096,-0.12701744,0
-2.3648465,-2.7730494,-0.05242157,-0.43648696,-0.87098795,0.22551996,0
4.8045754,0.91205376,-2.6479862,0.43648696,0.87098795,-0.22551996,0
5.425817,-0.75070262,0.12647057,0.87321526,-0.47049096,-0.12701744,0
4.3918419,-2.0082374,-1.0739746,0.87321526,-0.47049096,-0.12701744,0
-0.21614504,2.0854661,-2.2298768,-0.21673578,-0.14148599,-0.96592307,0
-3.2029569,0.95450461,2.7194738,0.21673578,0.14148599,0.96592307,0
-1.339431,-3.6087487,-0.77110058,-0.43648696,-0.87098795,0.22551996,0
6.2579107,0.99768162,0.43965244,0.43648696,0.87098795,-0.22551996,0
-3.6753035,4.0494204,-1.6231203,-0.87321526,0.47049096,0.12701744,0
1.7131783,-2.45049,-2.1044559,-0.21673578,-0.14148599,-0.96592307,0
3.9875548,-3.4293153,1.0418451,0.87321526,-0.47049096,-0.12701744,0
-3.1645403,4.364409,1.3669803,-0.87321526,0.47049096,0.12701744,0
2.4314916,2.730649,-0.33091569,0.43648696,0.87098795,-0.22551996,0
3.4820113,-4.0346508,-0.55462861,0.87321526,-0.47049096,-0.12701744,0
2.269109,-4.8806067,0.97578025,-0.43648696,-0.87098795,0.22551996,0
3.5790458,1.7539898,-1.8758373,0.43648696,0.87098795,-0.22551996,0
