4.5362988,0.51669043,-1.7327974,0.056672275,0.090489149,-0.99428368,0
2.3167477,1.5597596,2.3506339,-0.056672275,-0.090489149,0.99428368,0
-0.99261248,1.1253245,1.9605417,-0.056672275,-0.090489149,0.99428368,0
2.1559858,0.21923399,2.2476201,-0.056672275,-0.090489149,0.99428368,0
-3.6437545,-3.9451857,-0.51993996,-0.16532195,-0.98128551,-0.098729342,0
4.4176435,3.5885603,2.5304487,0.16532195,0.98128551,0.098729342,0
4.3347039,-1.1288337,0.45160437,0.98461008,-0.16997218,0.040651917,0
1.5265932,-4.9108768,1.3176351,-0.16532195,-0.98128551,-0.098729342,0
-3.2898884,-3.0367641,-2.5227814,0.056672275,0.090489149,-0.99428368,0
0.47164726,-4.8277779,1.3957744,-0.16532195,-0.98128551,-0.098729342,0
5.0583715,3.000464,0.75809383,0.98461008,-0.16997218,0.040651917,0
4.7531114,0.4488312,-1.4394772,0.98461008,-0.16997218,0.040651917,0
1.8584561,4.2092671,1.4032086,0.16532195,0.98128551,0.098729342,0
-3.2391684,-3.9166336,-0.39784026,-0.16532195,-0.98128551,-0.098729342,0
-0.18601912,1.6941559,-1.7798752,0.056672275,0.090489149,-0.99428368,0
5.1565762,2.932472,-1.1857243,0.98461008,-0.16997218,0.040651917,0
4.4521799,-1.6180382,-1.800148,0.98461008,-0.16997218,0.040651917,0
0.35043025,-4.8601589,1.2582684,-0.16532195,-0.98128551,-0.098729342,0
-4.5354729,-3.1361535,-2.6467531,0.056672275,0.090489149,-0.99428368,0
-4.1213593,2.7126343,-0.99922752,-0.98461008,0.16997218,-0.040651917,0
-4.6328931,-0.63919616,-1.0440576,-0.98461008,0.16997218,-0.040651917,0
-3.8564398,-3.6951058,-1.6169426,-0.16532195,-0.98128551,-0.098729342,0
-3.8244996,4.2356968,0.70223665,-0.98461008,0.16997218,-0.040651917,0
4.7927413,1.3016138,1.1191645,0.98461008,-0.16997218,0.040651917,0
-4.5876818,-0.31113863,-2.3596568,-0.98461008,0.16997218,-0.040651917,0
2.5311136,-5.026175,-0.78784084,-0.16532195,-0.98128551,-0.098729342,0
2.011023,-3.8064537,-2.3404696,0.056672275,0.090489149,-0.99428368,0
2.3948727,4.2036805,-1.2023721,0.16532195,0.98128551,0.098729342,0
-5.1520677,-3.2894468,1.2270763,-0.98461008,0.16997218,-0.040651917,0
4.6429005,0.54052687,-0.32162905,0.98461008,-0.16997218,0.040651917,0
1.9524963,0.30747938,-1.889128,0.056672275,0.090489149,-0.99428368,0
-1.5353932,-3.5379863,1.6044705,-0.056672275,-0.090489149,0.99428368,0
-0.82734549,-3.2497354,1.7357148,-0.056672275,-0.090489149,0.99428368,0
-4.4415989,0.56769705,-1.4619086,-0.98461008,0.16997218,-0.040651917,0
1.353251,-4.5562687,-2.4241316,-0.16532195,-0.98128551,-0.098729342,0
5.1233435,3.7052114,0.24508834,0.16532195,0.98128551,0.098729342,0
-4.0147285,2.6751232,-0.70662451,-0.98461008,0.16997218,-0.040651917,0
0.6202476,-4.7624764,1.1455712,-0.16532195,-0.98128551,-0.098729342,0
5.231576,2.9952645,-1.3006415,0.98461008,-0.16997218,0.040651917,0
3.8006439,-1.5868669,-2.0292308,0.056672275,0.090489149,-0.99428368,0
-1.3513401,-4.3905125,0.76066422,-0.16532195,-0.98128551,-0.098729342,0
-1.3045902,2.5554252,-1.8264763,0.056672275,0.090489149,-0.99428368,0
4.5132871,-0.0063993335,-1.7094679,0.056672275,0.090489149,-0.99428368,0
2.2435737,2.2888463,-1.5916877,0.056672275,0.090489149,-0.99428368,0
3.6658309,3.6462159,2.3842268,0.16532195,0.98128551,0.098729342,0
2.5563319,3.9300408,2.4392996,0.16532195,0.98128551,0.098729342,0
-1.5788212,4.5736461,2.3052843,0.16532195,0.98128551,0.098729342,0
-2.561965,-4.2752166,0.56094885,-0.16532195,-0.98128551,-0.098729342,0
-2.7129664,-3.8926785,-1.6009213,-0.16532195,-0.98128551,-0.098729342,0
-2.7854772,3.0048971,2.0479772,-0.056672275,-0.090489149,0.99428368,0
3.6516047,3.4950314,-1.4928358,0.056672275,0.090489149,-0.99428368,0
-4.6291504,-3.7996271,0.93952465,-0.16532195,-0.98128551,-0.098729342,0
3.0708604,0.28400692,-1.8595616,0.056672275,0.090489149,-0.99428368,0
-1.6020094,-1.2335448,-2.1508486,0.056672275,0.090489149,-0.99428368,0
3.5168605,4.0051131,-0.81022501,0.16532195,0.98128551,0.098729342,0
-4.4209838,1.3511112,1.6976638,-0.98461008,0.16997218,-0.040651917,0
-0.95539284,4.4765096,2.2585588,0.16532195,0.98128551,0.098729342,0
-4.8761382,-2.1794472,-1.1407268,-0.98461008,0.16997218,-0.040651917,0
-1.5800445,2.289279,2.1852989,-0.056672275,-0.090489149,0.99428368,0
-1.7069697,0.71842957,-2.0796099,0.056672275,0.090489149,-0.99428368,0
-3.4195843,4.931179,2.270505,-0.056672275,-0.090489149,0.99428368,0
-1.9994752,5.1151524,-0.95419788,0.16532195,0.98128551,0.098729342,0
3.8855019,-1.9732599,1.9961565,-0.056672275,-0.090489149,0.99428368,0
-2.7343507,-3.3175526,1.6384435,-0.056672275,-0.090489149,0.99428368,0
-4.4233069,0.4379245,0.014980316,-0.98461008,0.16997218,-0.040651917,0
-4.1559644,2.8892853,1.479949,-0.98461008,0.16997218,-0.040651917,0
1.1534345,4.4031458,-0.59731293,0.16532195,0.98128551,0.098729342,0
-3.6344626,3.3104899,-1.9129405,0.056672275,0.090489149,-0.99428368,0
-3.1788969,0.95692551,1.9497075,-0.056672275,-0.090489149,0.99428368,0
0.28956938,-4.4480247,-2.3632088,-0.16532195,-0.98128551,-0.098729342,0
3.1890779,3.848093,2.0619054,0.16532195,0.98128551,0.098729342,0
1.3630595,4.2277045,1.4931697,0.16532195,0.98128551,0.098729342,0
-4.1391754,1.9511659,-1.8777506,-0.98461008,0.16997218,-0.040651917,0
-3.7273283,3.9565792,2.1147294,-0.056672275,-0.090489149,0.99428368,0
1.4953393,-0.49995661,2.0003059,-0.056672275,-0.090489149,0.99428368,0
3.9655476,-3.7210884,-1.3047061,0.98461008,-0.16997218,0.040651917,0
-3.4927895,-3.7376676,-1.8572465,-0.16532195,-0.98128551,-0.098729342,0
4.7089624,0.68205136,-1.5516353,0.98461008,-0.16997218,0.040651917,0
-0.38154522,2.0576706,-1.8370061,0.056672275,0.090489149,-0.99428368,0
3.9607096,-3.7679,-1.3392367,0.98461008,-0.16997218,0.040651917,0
-1.1181889,4.8273115,-0.63184738,0.16532195,0.98128551,0.098729342,0
3.2054639,4.2376413,-1.1927655,0.16532195,0.98128551,0.098729342,0
-3.9639597,3.2311416,0.81328869,-0.98461008,0.16997218,-0.040651917,0
-3.0240235,-2.7152748,-2.4253583,0.056672275,0.090489149,-0.99428368,0
0.31752706,-3.5437362,1.7841964,-0.056672275,-0.090489149,0.99428368,0
0.5685606,-4.4631033,-1.4373729,-0.16532195,-0.98128551,-0.098729342,0
-2.6922989,-1.565743,-2.2286136,0.056672275,0.090489149,-0.99428368,0
0.96699572,-2.2837703,1.8737926,-0.056672275,-0.090489149,0.99428368,0
1.9381775,-2.6219354,1.8403141,-0.056672275,-0.090489149,0.99428368,0
-3.2083437,0.15854603,1.9353282,-0.056672275,-0.090489149,0.99428368,0
3.9343636,-3.3658915,-0.91596937,0.98461008,-0.16997218,0.040651917,0
2.4240451,-1.9186802,-2.109169,0.056672275,0.090489149,-0.99428368,0
-3.6215048,4.9045243,-0.18977165,-0.98461008,0.16997218,-0.040651917,0
2.6415849,4.2662153,-1.4418902,0.056672275,0.090489149,-0.99428368,0
5.0982971,3.2230589,0.528754,0.98461008,-0.16997218,0.040651917,0
-2.7310586,-4.1503882,-0.72147685,-0.16532195,-0.98128551,-0.098729342,0
4.3730698,3.6524358,1.3292574,0.16532195,0.98128551,0.098729342,0
-3.5814018,5.1991324,-1.1224408,-0.98461008,0.16997218,-0.040651917,0
1.2567444,-4.4242468,1.6066439,-0.056672275,-0.090489149,0.99428368,0
0.10456419,4.5764055,0.89082384,0.16532195,0.98128551,0.098729342,0
3.5719755,-5.3369894,1.5533714,0.98461008,-0.16997218,0.040651917,0
-4.0903749,-4.0509562,1.4699764,-0.056672275,-0.090489149,0.99428368,0
-2.6212416,-3.9396007,-1.4271756,-0.16532195,-0.98128551,-0.098729342,0
-3.6865847,4.9718113,1.2111735,-0.98461008,0.16997218,-0.040651917,0
5.1565652,3.1784952,0.49234033,0.98461008,-0.16997218,0.040651917,0
-4.5470796,0.040574789,0.82928443,-0.98461008,0.16997218,-0.040651917,0
2.2678742,0.91616178,2.1766019,-0.056672275,-0.090489149,0.99428368,0
2.316421,-4.7682114,-1.0585642,-0.16532195,-0.98128551,-0.098729342,0
-5.1208229,-3.6335585,-0.96907675,-0.16532195,-0.98128551,-0.098729342,0
1.5758672,3.250582,-1.6073478,0.056672275,0.090489149,-0.99428368,0
-4.4128976,0.52620745,-1.2841539,-0.98461008,0.16997218,-0.040651917,0
-4.9463706,-1.5134683,1.136766,-0.98461008,0.16997218,-0.040651917,0
-0.61107302,-3.4629052,-2.276952,0.056672275,0.090489149,-0.99428368,0
-1.4582956,-4.3408027,0.36125493,-0.16532195,-0.98128551,-0.098729342,0
4.0927563,-2.306303,0.5900445,0.98461008,-0.16997218,0.040651917,0
3.1020463,4.1185799,-0.30759999,0.16532195,0.98128551,0.098729342,0
-5.3144693,-3.5762568,1.139009,-0.98461008,0.16997218,-0.040651917,0
-3.9035881,1.5242267,-2.0437891,0.056672275,0.090489149,-0.99428368,0
2.3817236,4.2222981,-1.197596,0.16532195,0.98128551,0.098729342,0
4.6939402,1.2936244,0.82133341,0.98461008,-0.16997218,0.040651917,0
0.17169237,4.45399,1.9331728,0.16532195,0.98128551,0.098729342,0
-2.7338085,2.9307508,2.0349991,-0.056672275,-0.090489149,0.99428368,0
-0.51088619,-4.246161,-2.086442,-0.16532195,-0.98128551,-0.098729342,0
-0.71680212,3.8683097,2.4156482,-0.056672275,-0.090489149,0.99428368,0
-4.0401826,1.6067231,1.9142509,-0.056672275,-0.090489149,0.99428368,0
1.1073481,-2.2848172,1.9206668,-0.056672275,-0.090489149,0.99428368,0
-3.6620302,5.3091154,-1.2088065,-0.98461008,0.16997218,-0.040651917,0
-4.1756186,1.6439209,-0.8725338,-0.98461008,0.16997218,-0.040651917,0
3.0724339,-4.7165155,1.8240604,-0.056672275,-0.090489149,0.99428368,0
-2.7988575,-4.1008959,0.001828067,-0.16532195,-0.98128551,-0.098729342,0
-0.93045914,-1.2451442,-2.1349912,0.056672275,0.090489149,-0.99428368,0
3.7809656,-4.7497849,-1.4871769,0.98461008,-0.16997218,0.040651917,0
-5.0316772,-2.4853101,0.63253355,-0.98461008,0.16997218,-0.040651917,0
-0.51579452,2.9556491,2.3142328,-0.056672275,-0.090489149,0.99428368,0
4.8557734,1.5919194,2.0202177,0.98461008,-0.16997218,0.040651917,0
-5.0279551,-2.4522333,0.063270092,-0.98461008,0.16997218,-0.040651917,0
-2.5170367,-4.2049932,-0.39515936,-0.16532195,-0.98128551,-0.098729342,0
-4.6610489,-0.47364879,-0.32158446,-0.98461008,0.16997218,-0.040651917,0
0.44517314,0.16533756,2.0914705,-0.056672275,-0.090489149,0.99428368,0
0.13867891,-3.1955934,1.6775658,-0.056672275,-0.090489149,0.99428368,0
4.792644,0.61265016,-1.2117424,0.98461008,-0.16997218,0.040651917,0
-1.9245296,-4.2033596,-0.086806238,-0.16532195,-0.98128551,-0.098729342,0
4.0606551,-3.0822201,-0.0016222,0.98461008,-0.16997218,0.040651917,0
-4.6062665,-3.6282582,-1.5625112,-0.16532195,-0.98128551,-0.098729342,0
0.14281416,-4.453496,-1.2329986,-0.16532195,-0.98128551,-0.098729342,0
-2.6730909,1.9878551,2.1244292,-0.056672275,-0.090489149,0.99428368,0
0.79493892,-3.8391616,1.6340041,-0.056672275,-0.090489149,0.99428368,0
4.7749662,3.514792,-1.4228079,0.056672275,0.090489149,-0.99428368,0
4.7530632,1.0610747,-1.5889099,0.98461008,-0.16997218,0.040651917,0
-4.2699361,1.3515384,-0.16048574,-0.98461008,0.16997218,-0.040651917,0
-4.2145267,2.2095993,-1.7298179,-0.98461008,0.16997218,-0.040651917,0
3.2574773,-1.2767015,2.0634606,-0.056672275,-0.090489149,0.99428368,0
-4.2963352,-3.5691359,-2.1077425,-0.16532195,-0.98128551,-0.098729342,0
4.1584129,3.9053893,-0.88273507,0.16532195,0.98128551,0.098729342,0
-5.1392717,-3.7220538,0.045490026,-0.16532195,-0.98128551,-0.098729342,0
-3.9151471,-3.1236296,1.4295206,-0.056672275,-0.090489149,0.99428368,0
4.4151378,-0.20624542,1.1415091,0.98461008,-0.16997218,0.040651917,0
-4.4611197,0.23911023,-1.1265039,-0.98461008,0.16997218,-0.040651917,0
4.4093304,-0.99250102,1.184792,0.98461008,-0.16997218,0.040651917,0
-0.45132482,1.2054293,2.1642945,-0.056672275,-0.090489149,0.99428368,0
-1.8627841,5.0413804,-1.1429653,0.16532195,0.98128551,0.098729342,0
-5.1780906,-3.0326307,0.430372,-0.98461008,0.16997218,-0.040651917,0
1.3691862,-4.8432322,-0.13079214,-0.16532195,-0.98128551,-0.098729342,0
4.5542068,4.0325933,-1.243359,0.16532195,0.98128551,0.098729342,0
0.34256124,-4.5009551,-1.0065708,-0.16532195,-0.98128551,-0.098729342,0
1.3274059,4.0572052,2.4289956,0.16532195,0.98128551,0.098729342,0
-4.7364578,-2.8867023,-2.603512,0.056672275,0.090489149,-0.99428368,0
3.861505,3.7668822,1.0580115,0.16532195,0.98128551,0.098729342,0
2.6351323,-4.9821558,0.25316906,-0.16532195,-0.98128551,-0.098729342,0
-4.3252616,0.56262612,-1.721175,-0.98461008,0.16997218,-0.040651917,0
-4.4638381,1.2321777,1.3272033,-0.98461008,0.16997218,-0.040651917,0
-2.8637624,1.5735447,1.9421401,-0.056672275,-0.090489149,0.99428368,0
-5.1085835,-3.5448928,-1.4304427,-0.16532195,-0.98128551,-0.098729342,0
3.4265368,-4.982358,-0.90756559,-0.16532195,-0.98128551,-0.098729342,0
3.8146939,-4.1492138,-1.2791705,0.98461008,-0.16997218,0.040651917,0
-0.78133082,-4.4060955,-0.86677492,-0.16532195,-0.98128551,-0.098729342,0
4.2811074,-1.8531237,-1.4829946,0.98461008,-0.16997218,0.040651917,0
1.6623989,1.0607121,2.2332244,-0.056672275,-0.090489149,0.99428368,0
-3.928247,-2.6315415,1.6277907,-0.056672275,-0.090489149,0.99428368,0
0.60091162,4.3184562,1.3765641,0.16532195,0.98128551,0.098729342,0
3.3823166,4.0429187,0.39984846,0.16532195,0.98128551,0.098729342,0
4.456965,2.90593,-1.5503805,0.056672275,0.090489149,-0.99428368,0
-4.216723,-3.7892509,0.13816118,-0.16532195,-0.98128551,-0.098729342,0
1.6467915,4.3600245,-1.4641795,0.056672275,0.090489149,-0.99428368,0
-1.898815,3.2006626,-1.7577412,0.056672275,0.090489149,-0.99428368,0
-1.4361717,-0.20224941,1.9521996,-0.056672275,-0.090489149,0.99428368,0
1.9498053,4.1820498,0.9245134,0.16532195,0.98128551,0.098729342,0
3.8122041,-4.6421928,0.051049232,0.98461008,-0.16997218,0.040651917,0
2.6716435,3.9533832,1.5252608,0.16532195,0.98128551,0.098729342,0
4.8669767,1.9399884,1.2876375,0.98461008,-0.16997218,0.040651917,0
-4.2048206,-3.8924291,-0.0091832876,-0.16532195,-0.98128551,-0.098729342,0
-1.586843,-4.2595768,-1.0564756,-0.16532195,-0.98128551,-0.098729342,0
-5.100563,-3.2612777,1.1693213,-0.98461008,0.16997218,-0.040651917,0
4.6673222,1.0344532,1.0207336,0.98461008,-0.16997218,0.040651917,0
-3.7436247,4.5918779,0.16197681,-0.98461008,0.16997218,-0.040651917,0
-1.6578094,-0.66351604,-2.2255211,0.056672275,0.090489149,-0.99428368,0
0.93493247,4.4291897,-0.4098295,0.16532195,0.98128551,0.098729342,0
-1.7528927,4.7628269,0.85710764,0.16532195,0.98128551,0.098729342,0
4.304348,-1.5037355,1.0448647,0.98461008,-0.16997218,0.040651917,0
2.3548527,1.8467567,2.2162046,-0.056672275,-0.090489149,0.99428368,0
2.812192,0.86593473,-1.7004145,0.056672275,0.090489149,-0.99428368,0
-3.896534,3.9509306,-0.65237188,-0.98461008,0.16997218,-0.040651917,0
4.725378,3.7696857,0.7483896,0.16532195,0.98128551,0.098729342,0
4.073267,-2.9888935,-0.90147161,0.98461008,-0.16997218,0.040651917,0
1.1040685,-0.15595055,2.0532315,-0.056672275,-0.090489149,0.99428368,0
-3.7293644,3.4407527,2.0501866,-0.056672275,-0.090489149,0.99428368,0
-3.3193808,5.2571735,-0.19490337,0.16532195,0.98128551,0.098729342,0
-0.26144648,3.2296522,2.2625091,-0.056672275,-0.090489149,0.99428368,0
-1.6742735,-4.0272188,-2.2692418,-0.16532195,-0.98128551,-0.098729342,0
1.9714489,-4.8898864,0.11997604,-0.16532195,-0.98128551,-0.098729342,0
0.25886655,4.4148178,0.30317187,0.16532195,0.98128551,0.098729342,0
-3.3823767,5.0438657,-1.8317962,0.056672275,0.090489149,-0.99428368,0
-2.5367734,-4.0232258,-0.68894732,-0.16532195,-0.98128551,-0.098729342,0
2.4467912,4.0898457,1.4675397,0.16532195,0.98128551,0.098729342,0
1.9226336,-4.9146953,0.35857964,-0.16532195,-0.98128551,-0.098729342,0
-5.2418623,-3.2026443,0.57807851,-0.98461008,0.16997218,-0.040651917,0
-4.3199387,-1.6960769,-2.3769875,0.056672275,0.090489149,-0.99428368,0
0.57630646,0.36637449,2.0998139,-0.056672275,-0.090489149,0.99428368,0
-4.2831044,1.705744,-1.713026,-0.98461008,0.16997218,-0.040651917,0
2.1850915,-4.7835369,-1.8007417,-0.16532195,-0.98128551,-0.098729342,0
3.0791771,3.2525051,-1.6056949,0.056672275,0.090489149,-0.99428368,0
-5.0646896,-2.5947781,-0.60933709,-0.98461008,0.16997218,-0.040651917,0
4.328733,-0.90881586,0.53123093,0.98461008,-0.16997218,0.040651917,0
0.64414632,-0.82732177,1.8920615,-0.056672275,-0.090489149,0.99428368,0
-2.2830484,-4.3345385,0.8269943,-0.16532195,-0.98128551,-0.098729342,0
-4.2057528,3.0213001,1.7574759,-0.98461008,0.16997218,-0.040651917,0
3.3798583,-5.1108937,-0.41360664,-0.16532195,-0.98128551,-0.098729342,0
-4.1422691,-3.5704319,-2.5788233,-0.16532195,-0.98128551,-0.098729342,0
-1.954592,-3.9643486,-1.9060537,-0.16532195,-0.98128551,-0.098729342,0
-2.2376475,-2.7768228,-2.3686004,0.056672275,0.090489149,-0.99428368,0
4.1427603,2.074579,2.4368,-0.056672275,-0.090489149,0.99428368,0
-3.0524127,-3.9729869,-0.57437718,-0.16532195,-0.98128551,-0.098729342,0
-1.4158306,-4.4574456,0.13156271,-0.16532195,-0.98128551,-0.098729342,0
4.8060675,3.8909822,-0.39601672,0.16532195,0.98128551,0.098729342,0
-4.4765077,0.87737054,0.72462082,-0.98461008,0.16997218,-0.040651917,0
-4.3023915,2.1220791,0.1289897,-0.98461008,0.16997218,-0.040651917,0
-0.32158422,-4.6549191,1.2617434,-0.16532195,-0.98128551,-0.098729342,0
-3.4386337,-3.752914,-2.1638005,-0.16532195,-0.98128551,-0.098729342,0
-2.146951,-2.6991937,-2.4796841,0.056672275,0.090489149,-0.99428368,0
-4.9517384,-3.7661951,-0.28868806,-0.16532195,-0.98128551,-0.098729342,0
-1.5204053,-4.1151094,-2.371284,-0.16532195,-0.98128551,-0.098729342,0
3.4631567,-2.5969226,-2.1045785,0.056672275,0.090489149,-0.99428368,0
-1.5683062,3.3196328,2.2153873,-0.056672275,-0.090489149,0.99428368,0
-2.3828943,-0.26787949,-2.1341257,0.056672275,0.090489149,-0.99428368,0
3.5620906,3.784615,1.1344744,0.16532195,0.98128551,0.098729342,0
4.6281729,-0.18400049,-0.58678055,0.98461008,-0.16997218,0.040651917,0
4.1460443,-2.726409,0.36107397,0.98461008,-0.16997218,0.040651917,0
3.3797851,-2.7830567,1.9881752,-0.056672275,-0.090489149,0.99428368,0
4.0643554,-2.6938274,1.8625164,0.98461008,-0.16997218,0.040651917,0
-4.9655924,-2.796988,-1.15538,-0.98461008,0.16997218,-0.040651917,0
-2.5455723,4.9677052,1.4769082,0.16532195,0.98128551,0.098729342,0
-4.4786978,0.47462973,1.5583532,-0.98461008,0.16997218,-0.040651917,0
4.7789531,1.6846262,0.83384562,0.98461008,-0.16997218,0.040651917,0
3.6014166,-4.9762058,-2.1694803,-0.16532195,-0.98128551,-0.098729342,0
3.755888,-4.6720772,1.3672624,0.98461008,-0.16997218,0.040651917,0
1.0808539,4.1151643,2.3491406,-0.056672275,-0.090489149,0.99428368,0
-4.9567313,-2.0591576,-1.6142502,-0.98461008,0.16997218,-0.040651917,0
-1.5537713,4.7560983,0.046467781,0.16532195,0.98128551,0.098729342,0
-1.6135621,5.061882,-1.3370759,0.16532195,0.98128551,0.098729342,0
-4.7482481,-1.5180738,-0.44742846,-0.98461008,0.16997218,-0.040651917,0
2.270638,-4.9081373,-0.26388836,-0.16532195,-0.98128551,-0.098729342,0
2.4107132,4.2031002,0.21830219,0.16532195,0.98128551,0.098729342,0
-0.94406575,2.7744293,-1.881106,0.056672275,0.090489149,-0.99428368,0
4.5410051,0.29455304,2.1060419,0.98461008,-0.16997218,0.040651917,0
-2.5133247,-4.0832295,0.16038591,-0.16532195,-0.98128551,-0.098729342,0
4.6075139,-0.62865162,-1.4163408,0.98461008,-0.16997218,0.040651917,0
-2.1787972,-3.1952143,1.5272141,-0.056672275,-0.090489149,0.99428368,0
-1.0916708,-4.3342285,-0.54813766,-0.16532195,-0.98128551,-0.098729342,0
4.8491879,3.6567869,1.5783854,0.16532195,0.98128551,0.098729342,0
-2.8367186,2.9382684,2.0669899,-0.056672275,-0.090489149,0.99428368,0
-2.167274,-4.072494,-2.0198448,-0.16532195,-0.98128551,-0.098729342,0
-3.6908541,2.5225232,-1.9858558,0.056672275,0.090489149,-0.99428368,0
4.2100854,-2.1249881,0.58253431,0.98461008,-0.16997218,0.040651917,0
4.525351,0.2078011,-0.16188049,0.98461008,-0.16997218,0.040651917,0
-2.6343067,-4.1650443,-0.61315495,-0.16532195,-0.98128551,-0.098729342,0
0.58344793,-4.4618721,-1.3917017,-0.16532195,-0.98128551,-0.098729342,0
1.8172203,-2.6545782,1.9285026,-0.056672275,-0.090489149,0.99428368,0
4.3747749,3.3711908,2.6170163,-0.056672275,-0.090489149,0.99428368,0
-0.26689053,3.7462084,2.3129246,-0.056672275,-0.090489149,0.99428368,0
1.1371911,3.1005561,-1.7500454,0.056672275,0.090489149,-0.99428368,0
-0.099889278,4.3714824,1.8191991,0.16532195,0.98128551,0.098729342,0
5.0323105,1.9425935,-0.76415515,0.98461008,-0.16997218,0.040651917,0
5.0975857,3.3746364,2.5410295,0.98461008,-0.16997218,0.040651917,0
-3.8220439,5.0393953,1.4759769,-0.98461008,0.16997218,-0.040651917,0
-4.3556314,1.1282463,-0.80348349,-0.98461008,0.16997218,-0.040651917,0
-3.886832,4.1461258,-0.7056284,-0.98461008,0.16997218,-0.040651917,0
-1.517487,-4.0977097,-2.2584925,-0.16532195,-0.98128551,-0.098729342,0
4.420784,3.9179125,-0.64516377,0.16532195,0.98128551,0.098729342,0
-2.8081095,5.1156235,0.43432522,0.16532195,0.98128551,0.098729342,0
2.0938487,-3.3691807,-2.2762163,0.056672275,0.090489149,-0.99428368,0
3.8858654,-0.63655257,-1.8784978,0.056672275,0.090489149,-0.99428368,0
2.0031774,-5.0064173,0.093262672,-0.16532195,-0.98128551,-0.098729342,0
3.3533611,-5.1861477,-0.0030264854,-0.16532195,-0.98128551,-0.098729342,0
-4.128417,3.4760377,1.5469294,-0.98461008,0.16997218,-0.040651917,0
3.6029568,0.50086826,-1.6688404,0.056672275,0.090489149,-0.99428368,0
-5.0495243,-3.3458114,-0.53801394,-0.98461008,0.16997218,-0.040651917,0
-0.73514009,-4.4523792,0.37120175,-0.16532195,-0.98128551,-0.098729342,0
-3.8654454,-3.7166202,-1.1769942,-0.16532195,-0.98128551,-0.098729342,0
4.0747576,-3.0434532,-0.78877592,0.98461008,-0.16997218,0.040651917,0
2.5661137,-5.0549269,1.0800896,-0.16532195,-0.98128551,-0.098729342,0
-4.6691666,0.19832945,0.86136007,-0.98461008,0.16997218,-0.040651917,0
2.6183109,4.0942149,1.402194,0.16532195,0.98128551,0.098729342,0
-3.7077518,5.0141416,0.56595993,-0.98461008,0.16997218,-0.040651917,0
4.5771227,0.55774379,-0.18580699,0.98461008,-0.16997218,0.040651917,0
2.7526269,-3.4418449,-2.0688536,0.056672275,0.090489149,-0.99428368,0
-3.8386934,4.0804563,-1.0123925,-0.98461008,0.16997218,-0.040651917,0
4.609756,0.41837221,-1.2267203,0.98461008,-0.16997218,0.040651917,0
-4.3097658,-3.7160902,-2.1568615,-0.16532195,-0.98128551,-0.098729342,0
3.8270972,-3.8648458,-0.29459524,0.98461008,-0.16997218,0.040651917,0
2.8893495,-5.2214427,1.0589581,-0.16532195,-0.98128551,-0.098729342,0
-3.3017709,4.951149,1.805387,0.16532195,0.98128551,0.098729342,0
-2.9923873,-3.899075,-1.0002133,-0.16532195,-0.98128551,-0.098729342,0
-4.6274843,-0.33950961,0.7277863,-0.98461008,0.16997218,-0.040651917,0
0.66745949,4.1703973,2.2382171,0.16532195,0.98128551,0.098729342,0
-1.1800604,-4.4596276,-0.0032062531,-0.16532195,-0.98128551,-0.098729342,0
1.9988768,-5.0193701,0.34241247,-0.16532195,-0.98128551,-0.098729342,0
4.9372702,1.8330534,-0.27810025,0.98461008,-0.16997218,0.040651917,0
-0.86964893,4.7277884,0.38805199,0.16532195,0.98128551,0.098729342,0
2.4028058,2.3556154,2.2735248,-0.056672275,-0.090489149,0.99428368,0
-2.7102001,4.7665377,2.3634744,-0.056672275,-0.090489149,0.99428368,0
-3.2594414,-0.29041648,-2.2382789,0.056672275,0.090489149,-0.99428368,0
1.4496434,3.6026835,-1.6999234,0.056672275,0.090489149,-0.99428368,0
-2.0455463,-4.2368717,-0.0820297,-0.16532195,-0.98128551,-0.098729342,0
-1.0320425,4.6574321,1.9531608,0.16532195,0.98128551,0.098729342,0
-1.0595149,0.54355383,-2.1194706,0.056672275,0.090489149,-0.99428368,0
3.0397949,-0.30570221,2.198184,-0.056672275,-0.090489149,0.99428368,0
3.8634429,-4.1200967,-0.65773439,0.98461008,-0.16997218,0.040651917,0
4.97715,3.6561577,1.0124918,0.16532195,0.98128551,0.098729342,0
1.728339,-4.8998375,-0.5728755,-0.16532195,-0.98128551,-0.098729342,0
-3.7239966,4.9139037,0.89276934,-0.98461008,0.16997218,-0.040651917,0
-4.0223546,-4.0063138,0.53706115,-0.16532195,-0.98128551,-0.098729342,0
2.6435843,4.0251708,1.395373,0.16532195,0.98128551,0.098729342,0
2.940165,3.7940841,2.4679255,0.16532195,0.98128551,0.098729342,0
-2.0522079,-3.9873576,-2.3257115,-0.16532195,-0.98128551,-0.098729342,0
3.7997861,4.0647273,-0.65088183,0.16532195,0.98128551,0.098729342,0
-1.9621625,-1.3323383,1.7560288,-0.056672275,-0.090489149,0.99428368,0
-4.076704,1.8810298,-1.6822286,-0.98461008,0.16997218,-0.040651917,0
4.0751877,-1.1448839,2.091943,-0.056672275,-0.090489149,0.99428368,0
-5.0231142,-2.645313,-0.82736421,-0.98461008,0.16997218,-0.040651917,0
0.88282156,4.276258,1.8737288,0.16532195,0.98128551,0.098729342,0
-3.5029931,5.4094152,-1.7188382,0.16532195,0.98128551,0.098729342,0
1.9818578,-4.1461549,-2.2679355,0.056672275,0.090489149,-0.99428368,0
-3.3732677,2.7654676,-1.8979189,0.056672275,0.090489149,-0.99428368,0
-1.6408882,4.9625902,-0.98167944,0.16532195,0.98128551,0.098729342,0
-0.91364765,0.97510266,2.0993466,-0.056672275,-0.090489149,0.99428368,0
0.14560103,-1.1174766,-2.0365326,0.056672275,0.090489149,-0.99428368,0
0.33784586,0.71529567,-2.0072112,0.056672275,0.090489149,-0.99428368,0
-2.283112,-4.258204,0.52782214,-0.16532195,-0.98128551,-0.098729342,0
-2.9294453,-3.9474773,-0.58478975,-0.16532195,-0.98128551,-0.098729342,0
3.9257679,-3.4857039,-0.11213541,0.98461008,-0.16997218,0.040651917,0
2.9586594,-4.0479021,1.8308277,-0.056672275,-0.090489149,0.99428368,0
-4.702157,-0.89143753,-1.647413,-0.98461008,0.16997218,-0.040651917,0
-3.6758044,4.8623934,-1.6093163,-0.98461008,0.16997218,-0.040651917,0
3.6561856,-0.27490759,2.1964817,-0.056672275,-0.090489149,0.99428368,0
0.83760929,-4.5277128,-2.0514321,-0.16532195,-0.98128551,-0.098729342,0
4.2267952,-1.5294087,0.95585728,0.98461008,-0.16997218,0.040651917,0
5.0246086,2.1254663,-1.517451,0.98461008,-0.16997218,0.040651917,0
2.2436459,4.0770864,0.42548305,0.16532195,0.98128551,0.098729342,0
2.2373996,4.1289234,1.2345792,0.16532195,0.98128551,0.098729342,0
-1.9432635,-0.45323038,-2.2363148,0.056672275,0.090489149,-0.99428368,0
3.4441869,-4.3603287,-2.1830339,0.056672275,0.090489149,-0.99428368,0
2.4060183,3.0604153,2.4695549,-0.056672275,-0.090489149,0.99428368,0
0.15285672,-1.2631299,1.912335,-0.056672275,-0.090489149,0.99428368,0
-2.8967016,-4.2807245,1.0371003,-0.16532195,-0.98128551,-0.098729342,0
-1.1838613,-4.2400818,-1.1734456,-0.16532195,-0.98128551,-0.098729342,0
-0.6884439,-4.5673609,0.59583843,-0.16532195,-0.98128551,-0.098729342,0
-4.699255,-1.6339355,-1.4097776,-0.98461008,0.16997218,-0.040651917,0
1.246557,4.2338934,1.3341728,0.16532195,0.98128551,0.098729342,0
-5.0007215,-2.7066674,1.5320978,-0.056672275,-0.090489149,0.99428368,0
-4.8985963,-2.2117555,-0.34122586,-0.98461008,0.16997218,-0.040651917,0
0.42816734,4.2418756,2.1574042,0.16532195,0.98128551,0.098729342,0
-1.4890072,-2.5220904,-2.2691767,0.056672275,0.090489149,-0.99428368,0
0.673347,4.2762971,1.4849327,0.16532195,0.98128551,0.098729342,0
4.6810989,-0.076143384,-1.5027366,0.98461008,-0.16997218,0.040651917,0
0.62278414,-4.4925008,-2.2012529,-0.16532195,-0.98128551,-0.098729342,0
2.8823476,3.8050475,2.3613477,0.16532195,0.98128551,0.098729342,0
-4.5055485,-0.53806162,-1.4274104,-0.98461008,0.16997218,-0.040651917,0
1.3602753,-4.8924508,1.6898143,-0.056672275,-0.090489149,0.99428368,0
-0.7922163,-4.3855095,-0.20221639,-0.16532195,-0.98128551,-0.098729342,0
-1.5238909,0.19963789,1.8613553,-0.056672275,-0.090489149,0.99428368,0
4.5144186,-0.053551674,2.1955087,0.98461008,-0.16997218,0.040651917,0
-1.4486701,-0.62485397,1.8347859,-0.056672275,-0.090489149,0.99428368,0
-3.3182366,-4.1475391,0.96479112,-0.16532195,-0.98128551,-0.098729342,0
5.0630178,2.4812031,0.50881052,0.98461008,-0.16997218,0.040651917,0
-4.3964853,0.86068368,-0.62992048,-0.98461008,0.16997218,-0.040651917,0
-4.966145,-1.5442333,1.0912063,-0.98461008,0.16997218,-0.040651917,0
2.1194839,3.9985836,1.32101,0.16532195,0.98128551,0.098729342,0
3.1628041,0.28822136,-1.8955553,0.056672275,0.090489149,-0.99428368,0
3.0461245,-2.532984,-1.9842114,0.056672275,0.090489149,-0.99428368,0
1.7995183,-4.7473955,-0.71986771,-0.16532195,-0.98128551,-0.098729342,0
2.5421398,2.9102111,-1.6930798,0.056672275,0.090489149,-0.99428368,0
4.1233039,-2.0621135,-0.12472534,0.98461008,-0.16997218,0.040651917,0
-4.8781133,-1.9555607,-0.67417955,-0.98461008,0.16997218,-0.040651917,0
-2.5302386,-0.27923411,1.8200403,-0.056672275,-0.090489149,0.99428368,0
4.9925652,2.2315528,0.76234627,0.98461008,-0.16997218,0.040651917,0
3.5329375,-5.0526075,1.7194734,0.98461008,-0.16997218,0.040651917,0
-4.0182199,3.6120427,0.86187458,-0.98461008,0.16997218,-0.040651917,0
-3.4008029,-1.166162,-2.2490773,0.056672275,0.090489149,-0.99428368,0
2.8254027,-5.1606364,0.20939445,-0.16532195,-0.98128551,-0.098729342,0
0.42898059,4.5217886,-0.3287077,0.16532195,0.98128551,0.098729342,0
1.2115047,-4.8697472,0.89594173,-0.16532195,-0.98128551,-0.098729342,0
-0.39043769,0.68890905,-2.05093,0.056672275,0.090489149,-0.99428368,0
0.15005064,-4.7155714,0.74757051,-0.16532195,-0.98128551,-0.098729342,0
-4.1194696,0.10834326,1.7697887,-0.056672275,-0.090489149,0.99428368,0
2.8355684,4.0440001,0.28789392,0.16532195,0.98128551,0.098729342,0
4.4231987,-1.1442254,0.8433013,0.98461008,-0.16997218,0.040651917,0
-0.32013726,4.5336537,0.33096671,0.16532195,0.98128551,0.098729342,0
4.9338527,2.4125288,-0.42660952,0.98461008,-0.16997218,0.040651917,0
0.76069522,-4.8679686,0.85352087,-0.16532195,-0.98128551,-0.098729342,0
1.2362018,4.0617847,2.2067454,0.16532195,0.98128551,0.098729342,0
-1.9627006,5.0858421,-1.5401773,0.16532195,0.98128551,0.098729342,0
0.56750941,-4.7475853,0.1914804,-0.16532195,-0.98128551,-0.098729342,0
0.44056082,4.5729485,-0.54646707,0.16532195,0.98128551,0.098729342,0
4.7701707,0.47089699,-1.4999545,0.98461008,-0.16997218,0.040651917,0
-4.4518304,1.0622675,0.67939806,-0.98461008,0.16997218,-0.040651917,0
-0.86209965,2.709594,2.232749,-0.056672275,-0.090489149,0.99428368,0
-1.7561297,4.6251435,2.2397006,0.16532195,0.98128551,0.098729342,0
3.7638216,-4.1706314,-2.2006555,0.056672275,0.090489149,-0.99428368,0
4.9980884,3.4343762,2.432188,0.98461008,-0.16997218,0.040651917,0
0.61418736,-2.2960505,1.8783596,-0.056672275,-0.090489149,0.99428368,0
4.8042088,0.7508173,-0.83136892,0.98461008,-0.16997218,0.040651917,0
3.3965313,2.8173065,-1.5021889,0.056672275,0.090489149,-0.99428368,0
-1.4477017,-4.3793406,0.49535,-0.16532195,-0.98128551,-0.098729342,0
2.1290369,-3.6955605,-2.2001703,0.056672275,0.090489149,-0.99428368,0
-4.0069451,3.5595293,1.4290829,-0.98461008,0.16997218,-0.040651917,0
2.3645668,-4.8158202,1.7880979,-0.056672275,-0.090489149,0.99428368,0
-2.1984525,4.9257145,-0.13862705,0.16532195,0.98128551,0.098729342,0
1.6767418,-1.3710237,1.8885142,-0.056672275,-0.090489149,0.99428368,0
5.0230536,3.1127651,1.5752581,0.98461008,-0.16997218,0.040651917,0
-3.9126925,3.3104393,0.24882174,-0.98461008,0.16997218,-0.040651917,0
3.3819413,-3.9989893,1.9233613,-0.056672275,-0.090489149,0.99428368,0
-2.8514302,-2.6678677,1.6137191,-0.056672275,-0.090489149,0.99428368,0
3.6312189,-3.2126198,1.9081178,-0.056672275,-0.090489149,0.99428368,0
-4.7128716,-3.7854385,0.74412668,-0.16532195,-0.98128551,-0.098729342,0
4.5033102,-0.30555212,-0.43116379,0.98461008,-0.16997218,0.040651917,0
-2.0564573,4.8315268,0.0030012131,0.16532195,0.98128551,0.098729342,0
-4.6928082,-0.33292753,1.3893678,-0.98461008,0.16997218,-0.040651917,0
5.0958467,2.7512214,-0.5498724,0.98461008,-0.16997218,0.040651917,0
-4.9745173,-2.5643649,-0.44393563,-0.98461008,0.16997218,-0.040651917,0
-4.2761316,0.9859972,-1.8966875,-0.98461008,0.16997218,-0.040651917,0
-3.6997476,-0.46699902,1.7766738,-0.056672275,-0.090489149,0.99428368,0
4.4066286,-0.22491336,1.1834497,0.98461008,-0.16997218,0.040651917,0
-1.6088405,4.685544,2.2703071,0.16532195,0.98128551,0.098729342,0
2.1188133,4.0545788,2.0332475,0.16532195,0.98128551,0.098729342,0
5.2401533,3.4339232,-1.0167589,0.98461008,-0.16997218,0.040651917,0
4.7984438,0.77130365,-0.50841928,0.98461008,-0.16997218,0.040651917,0
4.6273079,-0.15078402,-0.48542547,0.98461008,-0.16997218,0.040651917,0
-5.2128839,-3.2733212,0.5247407,-0.98461008,0.16997218,-0.040651917,0
5.2186317,3.493849,-0.96372914,0.98461008,-0.16997218,0.040651917,0
1.0744116,1.5591214,-1.8385262,0.056672275,0.090489149,-0.99428368,0
-3.8634095,4.2716951,1.9499021,-0.98461008,0.16997218,-0.040651917,0
-3.761714,-4.0477104,1.1764851,-0.16532195,-0.98128551,-0.098729342,0
-2.8836155,4.9460502,0.24959326,0.16532195,0.98128551,0.098729342,0
-2.4061577,-4.0783367,-0.67345071,-0.16532195,-0.98128551,-0.098729342,0
5.0664344,2.6870489,-1.3895483,0.98461008,-0.16997218,0.040651917,0
0.43906045,4.4254088,-0.054027796,0.16532195,0.98128551,0.098729342,0
-2.062839,-4.3357449,0.20856863,-0.16532195,-0.98128551,-0.098729342,0
-4.1824207,2.751317,-0.11395693,-0.98461008,0.16997218,-0.040651917,0
-0.90488911,-4.4328265,-0.39727461,-0.16532195,-0.98128551,-0.098729342,0
-4.6223979,-0.90959227,-0.10466695,-0.98461008,0.16997218,-0.040651917,0
-0.63930726,3.1187847,2.1792572,-0.056672275,-0.090489149,0.99428368,0
1.0594707,-3.0255795,1.8319962,-0.056672275,-0.090489149,0.99428368,0
-4.1940002,-0.82957911,-2.264457,0.056672275,0.090489149,-0.99428368,0
3.518383,2.4712944,-1.5082843,0.056672275,0.090489149,-0.99428368,0
-0.91748857,2.5277388,-1.7971994,0.056672275,0.090489149,-0.99428368,0
1.046236,-0.082547903,2.1081896,-0.056672275,-0.090489149,0.99428368,0
-4.3172336,1.8177249,0.0039339066,-0.98461008,0.16997218,-0.040651917,0
3.7614319,0.25124478,-1.6935916,0.056672275,0.090489149,-0.99428368,0
3.5435257,-0.14053655,2.1918619,-0.056672275,-0.090489149,0.99428368,0
-3.2697392,5.0224857,2.0714793,0.16532195,0.98128551,0.098729342,0
-3.1787038,-3.7231193,-2.4933171,-0.16532195,-0.98128551,-0.098729342,0
-2.1841083,-2.6631298,1.7207277,-0.056672275,-0.090489149,0.99428368,0
-3.5272183,-1.0578511,-2.2919459,0.056672275,0.090489149,-0.99428368,0
-0.96785021,-4.4134336,0.7835573,-0.16532195,-0.98128551,-0.098729342,0
-4.4923315,0.36009872,1.2035391,-0.98461008,0.16997218,-0.040651917,0
4.9489264,2.9124622,1.8357145,0.98461008,-0.16997218,0.040651917,0
-4.2912955,-3.5307684,-2.4345083,-0.16532195,-0.98128551,-0.098729342,0
0.7350316,-4.4979858,-2.3857617,0.056672275,0.090489149,-0.99428368,0
-3.3272059,5.0718665,0.87535524,0.16532195,0.98128551,0.098729342,0
-0.88870621,-0.087489367,-2.079237,0.056672275,0.090489149,-0.99428368,0
5.0793395,2.985564,-1.3328686,0.98461008,-0.16997218,0.040651917,0
-3.0754535,-4.0320535,0.23509441,-0.16532195,-0.98128551,-0.098729342,0
1.2576361,-0.49858987,-1.9906557,0.056672275,0.090489149,-0.99428368,0
2.2217526,0.081266165,2.2195983,-0.056672275,-0.090489149,0.99428368,0
-4.9847841,-3.5443103,-1.7072937,-0.16532195,-0.98128551,-0.098729342,0
-4.4062014,0.98410642,0.036394596,-0.98461008,0.16997218,-0.040651917,0
-4.2554111,0.98380852,-1.4837456,-0.98461008,0.16997218,-0.040651917,0
-4.8506351,-2.2783346,-0.61444974,-0.98461008,0.16997218,-0.040651917,0
-4.8363934,-1.4378307,-0.87421393,-0.98461008,0.16997218,-0.040651917,0
-4.8083539,-2.0164895,-0.66943002,-0.98461008,0.16997218,-0.040651917,0
-0.23583388,4.6111331,0.3352313,0.16532195,0.98128551,0.098729342,0
4.9277549,1.3929929,-0.83949947,0.98461008,-0.16997218,0.040651917,0
1.5676556,-4.7608738,-0.71373272,-0.16532195,-0.98128551,-0.098729342,0
4.2499299,-1.5882528,-1.1717629,0.98461008,-0.16997218,0.040651917,0
2.2066798,-5.0519238,1.1172762,-0.16532195,-0.98128551,-0.098729342,0
-3.8879116,4.2607183,0.1371913,-0.98461008,0.16997218,-0.040651917,0
-0.32647514,-4.472343,-0.87916493,-0.16532195,-0.98128551,-0.098729342,0
4.4729457,0.058357239,2.2176905,0.98461008,-0.16997218,0.040651917,0
-3.3992879,5.175065,-1.0428901,0.16532195,0.98128551,0.098729342,0
-1.1590502,-2.5133243,-2.3615336,0.056672275,0.090489149,-0.99428368,0
2.0874274,-0.90989542,1.9960253,-0.056672275,-0.090489149,0.99428368,0
2.0237563,4.1991038,1.1708711,0.16532195,0.98128551,0.098729342,0
-5.0293269,-2.5670757,-0.65409589,-0.98461008,0.16997218,-0.040651917,0
0.10694456,4.4188304,2.2401726,0.16532195,0.98128551,0.098729342,0
-4.8659477,-1.9990399,-1.9428086,-0.98461008,0.16997218,-0.040651917,0
3.5015073,-0.43267748,-1.7830229,0.056672275,0.090489149,-0.99428368,0
2.6561537,-0.1196382,2.1699262,-0.056672275,-0.090489149,0.99428368,0
4.7640581,1.1191927,-1.5041142,0.98461008,-0.16997218,0.040651917,0
-3.9952013,-3.7206299,-2.3368411,-0.16532195,-0.98128551,-0.098729342,0
-5.0344391,-2.4620719,0.95174551,-0.98461008,0.16997218,-0.040651917,0
-4.4263978,-0.3408432,-2.3691254,0.056672275,0.090489149,-0.99428368,0
3.995754,-4.0189543,-1.0427384,0.98461008,-0.16997218,0.040651917,0
-4.8490095,-1.6024117,-1.6921756,-0.98461008,0.16997218,-0.040651917,0
-1.6903619,4.6909237,-1.6322875,0.056672275,0.090489149,-0.99428368,0
-2.5275359,-2.1842046,1.750237,-0.056672275,-0.090489149,0.99428368,0
2.479888,-4.8672109,-0.65591192,-0.16532195,-0.98128551,-0.098729342,0
3.3128219,1.090399,2.3254013,-0.056672275,-0.090489149,0.99428368,0
4.5665593,3.1583366,-1.4508978,0.056672275,0.090489149,-0.99428368,0
1.2773297,-4.6881742,-1.5197046,-0.16532195,-0.98128551,-0.098729342,0
-3.1208901,-2.7630444,1.5807662,-0.056672275,-0.090489149,0.99428368,0
-0.55368209,-4.5019264,0.19708729,-0.16532195,-0.98128551,-0.098729342,0
1.61659,4.1974211,1.5805719,0.16532195,0.98128551,0.098729342,0
4.9402223,1.6212659,-0.23931956,0.98461008,-0.16997218,0.040651917,0
-2.5283849,5.1028094,-1.4679976,0.16532195,0.98128551,0.098729342,0
-5.182549,-3.7815447,0.74874687,-0.16532195,-0.98128551,-0.098729342,0
-2.3830051,4.8927426,1.6905022,0.16532195,0.98128551,0.098729342,0
1.4046152,-4.7789655,0.47739458,-0.16532195,-0.98128551,-0.098729342,0
-3.7310801,1.2201731,-2.0488029,0.056672275,0.090489149,-0.99428368,0
0.7924211,-3.7829373,1.7433002,-0.056672275,-0.090489149,0.99428368,0
3.8899269,-4.2357626,-1.1346998,0.98461008,-0.16997218,0.040651917,0
-1.8916945,-4.0740833,1.4510951,-0.056672275,-0.090489149,0.99428368,0
4.3981838,-0.95732212,-0.1996212,0.98461008,-0.16997218,0.040651917,0
2.9859421,-3.6214285,-2.1719146,0.056672275,0.090489149,-0.99428368,0
1.2421083,4.0761175,2.4839172,-0.056672275,-0.090489149,0.99428368,0
4.5606484,-0.3607322,-1.3242588,0.98461008,-0.16997218,0.040651917,0
-1.1733763,-4.4445453,-0.20092642,-0.16532195,-0.98128551,-0.098729342,0
-3.516633,1.1374879,-2.0891781,0.056672275,0.090489149,-0.99428368,0
-4.6085505,0.31195772,-0.058961391,-0.98461008,0.16997218,-0.040651917,0
-3.4640656,3.366899,-1.8971395,0.056672275,0.090489149,-0.99428368,0
-2.8041584,2.5256929,2.0270047,-0.056672275,-0.090489149,0.99428368,0
-4.7645192,-1.1659284,-2.2868922,-0.98461008,0.16997218,-0.040651917,0
0.95951939,4.5301509,-0.9834255,0.16532195,0.98128551,0.098729342,0
1.3908961,-0.44696498,2.1021304,-0.056672275,-0.090489149,0.99428368,0
-1.0005565,-4.5060124,0.37591946,-0.16532195,-0.98128551,-0.098729342,0
5.1756926,3.4596899,-0.35780048,0.98461008,-0.16997218,0.040651917,0
-2.1851463,2.4196553,-1.9870715,0.056672275,0.090489149,-0.99428368,0
3.8805537,-1.1885109,2.2243075,-0.056672275,-0.090489149,0.99428368,0
4.9346356,2.5139494,0.88150883,0.98461008,-0.16997218,0.040651917,0
-4.3565664,0.97664762,-1.9886975,-0.98461008,0.16997218,-0.040651917,0
-4.7324328,-0.91048527,-1.005712,-0.98461008,0.16997218,-0.040651917,0
-4.1445446,2.2653501,0.26714516,-0.98461008,0.16997218,-0.040651917,0
4.4110556,-0.84026521,-0.87547827,0.98461008,-0.16997218,0.040651917,0
-1.655117,-3.3776755,-2.4399257,0.056672275,0.090489149,-0.99428368,0
1.0213385,-4.6151052,-2.1935506,-0.16532195,-0.98128551,-0.098729342,0
2.0243416,4.2329388,0.020450652,0.16532195,0.98128551,0.098729342,0
-2.7680936,-4.0948844,-0.039173707,-0.16532195,-0.98128551,-0.098729342,0
-3.6761043,-3.8959131,-0.45819116,-0.16532195,-0.98128551,-0.098729342,0
4.8595681,1.4044831,-0.51397729,0.98461008,-0.16997218,0.040651917,0
-4.5350933,-0.15718687,0.46391916,-0.98461008,0.16997218,-0.040651917,0
4.1424603,-2.1471248,-0.94462013,0.98461008,-0.16997218,0.040651917,0
5.0463548,3.2527263,1.1336982,0.98461008,-0.16997218,0.040651917,0
2.9991212,-0.86432046,-1.8307478,0.056672275,0.090489149,-0.99428368,0
-4.5700173,0.23223734,-0.30365705,-0.98461008,0.16997218,-0.040651917,0
-4.9436536,-1.7069911,0.91664863,-0.98461008,0.16997218,-0.040651917,0
4.0726328,-0.33040762,2.287184,-0.056672275,-0.090489149,0.99428368,0
-3.9317384,3.2810209,-0.96132326,-0.98461008,0.16997218,-0.040651917,0
-1.7254555,5.0022707,-0.9668498,0.16532195,0.98128551,0.098729342,0
-4.4097166,1.3409566,0.80131817,-0.98461008,0.16997218,-0.040651917,0
5.0513725,2.2474775,-1.1711917,0.98461008,-0.16997218,0.040651917,0
-4.9287839,-1.9609554,-1.872611,-0.98461008,0.16997218,-0.040651917,0
-2.8086507,-3.3426354,-2.5471189,0.056672275,0.090489149,-0.99428368,0
-1.9538325,-0.97001719,-2.3070321,0.056672275,0.090489149,-0.99428368,0
