1.0014119,2.2096572,0.68895233,0.42759407,0.88969082,0.16004306,0
-1.5576611,3.3918869,1.4746091,0.42759407,0.88969082,0.16004306,0
-3.7817907,-0.82084584,-0.99410963,-0.42759407,-0.88969082,-0.16004306,0
-1.2547231,-2.1589015,-0.43284577,-0.42759407,-0.88969082,-0.16004306,0
-3.6928344,-1.3794935,2.9772367,-0.82295913,0.30986917,0.47615063,0
1.6631763,-3.6276658,0.12163305,-0.42759407,-0.88969082,-0.16004306,0
2.9850898,0.061268084,-3.2203529,0.82295913,-0.30986917,-0.47615063,0
-1.3595033,-1.69205,2.795079,0.37403446,-0.33530807,0.86467731,0
-2.160079,-1.512058,-1.0832652,-0.42759407,-0.88969082,-0.16004306,0
0.81507111,-2.797884,1.476029,0.37403446,-0.33530807,0.86467731,0
0.067103624,2.5614572,1.1511264,0.42759407,0.88969082,0.16004306,0
2.3210058,1.509533,1.0755498,0.42759407,0.88969082,0.16004306,0
-0.18804765,-1.1113055,2.5787551,0.37403446,-0.33530807,0.86467731,0
3.0591865,-0.9045434,1.2327585,0.37403446,-0.33530807,0.86467731,0
4.2853336,-1.7167566,0.1538322,0.82295913,-0.30986917,-0.47615063,0
-3.9934759,1.8386102,0.15889764,-0.82295913,0.30986917,0.47615063,0
-2.0649414,1.2874913,3.906009,-0.82295913,0.30986917,0.47615063,0
-0.87513626,2.5202589,3.7282271,0.42759407,0.88969082,0.16004306,0
-4.3111396,0.7086792,-0.78690505,-0.37403446,0.33530807,-0.86467731,0
-1.9404439,3.3658893,1.4862583,0.42759407,0.88969082,0.16004306,0
-0.60797095,-2.9215109,2.0152202,-0.42759407,-0.88969082,-0.16004306,0
-1.3861889,2.8553324,3.1193697,0.42759407,0.88969082,0.16004306,0
0.94135338,1.1048069,2.9784837,0.37403446,-0.33530807,0.86467731,0
-3.8884099,2.05653,0.3340795,-0.82295913,0.30986917,0.47615063,0
-3.0757191,2.2369318,-0.72585905,-0.37403446,0.33530807,-0.86467731,0
-0.81755519,-2.3859825,2.3433008,0.37403446,-0.33530807,0.86467731,0
2.6930461,1.7716619,-0.86339545,0.42759407,0.88969082,0.16004306,0
-2.9335392,2.4519942,1.604452,-0.82295913,0.30986917,0.47615063,0
-0.57558107,-1.7337035,2.4033492,0.37403446,-0.33530807,0.86467731,0
-0.97614658,-1.8695632,-2.3193188,-0.42759407,-0.88969082,-0.16004306,0
2.5689836,-3.7443061,-1.6228603,0.82295913,-0.30986917,-0.47615063,0
-0.095836639,2.5758851,1.8494551,0.42759407,0.88969082,0.16004306,0
1.2072583,0.11434567,-3.2841749,-0.37403446,0.33530807,-0.86467731,0
0.82318342,-0.70281827,-3.5022049,-0.37403446,0.33530807,-0.86467731,0
1.4774241,1.677557,2.7257948,0.42759407,0.88969082,0.16004306,0
-2.2509613,2.5669246,2.6843123,-0.82295913,0.30986917,0.47615063,0
-0.2395916,2.4837446,2.3580966,0.42759407,0.88969082,0.16004306,0
-1.8950211,0.019421697,3.7180896,0.37403446,-0.33530807,0.86467731,0
-0.23765945,-2.6395216,-0.041698813,-0.42759407,-0.88969082,-0.16004306,0
4.759017,-1.0082593,0.3663578,0.82295913,-0.30986917,-0.47615063,0
1.7687728,2.0696988,-0.60310936,0.42759407,0.88969082,0.16004306,0
-3.6447928,-0.84675515,2.7497597,-0.82295913,0.30986917,0.47615063,0
-4.7517595,-0.41034389,0.56530094,-0.82295913,0.30986917,0.47615063,0
2.4952354,-2.1732037,-2.5170801,0.82295913,-0.30986917,-0.47615063,0
-4.4194818,0.82052732,0.27502227,-0.82295913,0.30986917,0.47615063,0
2.789427,-4.0131741,-0.82758915,-0.42759407,-0.88969082,-0.16004306,0
-4.5989161,-0.16218519,-1.000411,-0.37403446,0.33530807,-0.86467731,0
-0.49751461,-2.1162841,-2.3594878,-0.42759407,-0.88969082,-0.16004306,0
3.7157545,-1.296577,-1.0479007,0.82295913,-0.30986917,-0.47615063,0
-0.053930283,1.2391688,-2.4314861,-0.37403446,0.33530807,-0.86467731,0
-3.8105183,1.8613973,0.6252749,-0.82295913,0.30986917,0.47615063,0
-3.6460145,0.69119716,1.7994106,-0.82295913,0.30986917,0.47615063,0
4.6972332,-0.30748701,0.73611903,0.37403446,-0.33530807,0.86467731,0
-0.31016612,-2.5959492,-0.30886281,-0.42759407,-0.88969082,-0.16004306,0
2.967767,-1.9946702,0.74964118,0.37403446,-0.33530807,0.86467731,0
-1.7301953,1.2435369,4.1220603,0.37403446,-0.33530807,0.86467731,0
0.57367849,2.2340479,2.0028436,0.42759407,0.88969082,0.16004306,0
-3.0894179,-1.2375686,-0.021268129,-0.42759407,-0.88969082,-0.16004306,0
-2.3814752,-1.948159,3.1447015,0.37403446,-0.33530807,0.86467731,0
-1.8029869,0.80267072,-1.8809863,-0.37403446,0.33530807,-0.86467731,0
3.282896,1.7038097,-3.1100845,0.42759407,0.88969082,0.16004306,0
-4.7420301,-0.5746069,0.42241836,-0.82295913,0.30986917,0.47615063,0
-1.4117761,-2.0112967,-1.246619,-0.42759407,-0.88969082,-0.16004306,0
0.42645407,2.5404906,0.87229347,0.42759407,0.88969082,0.16004306,0
-1.2478762,1.8378146,-1.5737721,-0.37403446,0.33530807,-0.86467731,0
-1.7692339,-0.9389689,3.3163638,0.37403446,-0.33530807,0.86467731,0
2.6024187,-0.49971443,-3.6435301,0.82295913,-0.30986917,-0.47615063,0
-1.3558164,2.4463978,-1.431753,-0.37403446,0.33530807,-0.86467731,0
-0.012589216,2.7983947,0.46946153,0.42759407,0.88969082,0.16004306,0
3.899117,-2.5006666,0.075447321,0.82295913,-0.30986917,-0.47615063,0
-1.2515991,-0.35743761,-2.5477576,-0.37403446,0.33530807,-0.86467731,0
-2.7072403,2.0957062,2.3954396,-0.82295913,0.30986917,0.47615063,0
4.8564434,0.44654942,-0.099217892,0.82295913,-0.30986917,-0.47615063,0
1.7811338,-1.155966,1.7198495,0.37403446,-0.33530807,0.86467731,0
0.39381337,-2.8287916,1.6846781,0.37403446,-0.33530807,0.86467731,0
0.72206473,2.54407,-0.1810655,0.42759407,0.88969082,0.16004306,0
2.7582307,0.21929282,-3.734133,0.82295913,-0.30986917,-0.47615063,0
-0.47954512,3.3092823,-1.267763,0.42759407,0.88969082,0.16004306,0
1.9998319,-3.3947043,-2.2881153,-0.42759407,-0.88969082,-0.16004306,0
-1.0556283,-2.5437844,2.4758713,0.37403446,-0.33530807,0.86467731,0
-1.4608612,-1.460113,2.8618555,0.37403446,-0.33530807,0.86467731,0
-2.6164212,0.79813451,3.511548,-0.82295913,0.30986917,0.47615063,0
-3.441977,-1.0877132,3.1881177,-0.82295913,0.30986917,0.47615063,0
-4.2915726,1.9927816,-0.14079785,-0.82295913,0.30986917,0.47615063,0
-3.0013821,-0.027626947,3.3789299,-0.82295913,0.30986917,0.47615063,0
-1.5973935,2.0852172,-1.3856493,-0.37403446,0.33530807,-0.86467731,0
2.723408,-0.68825805,-3.2144527,0.82295913,-0.30986917,-0.47615063,0
0.3676908,2.9456096,-1.6559017,0.42759407,0.88969082,0.16004306,0
-4.7348361,-0.17430592,0.27278137,-0.82295913,0.30986917,0.47615063,0
4.7548699,-0.35499287,0.63553596,0.37403446,-0.33530807,0.86467731,0
-3.6547239,-1.455754,2.4684765,-0.42759407,-0.88969082,-0.16004306,0
-4.8891773,0.29055119,-0.64250517,-0.37403446,0.33530807,-0.86467731,0
-0.20446301,2.4458408,-1.8348103,-0.37403446,0.33530807,-0.86467731,0
-3.0717895,0.57348812,2.6589272,-0.82295913,0.30986917,0.47615063,0
1.2723062,2.0619278,0.65487009,0.42759407,0.88969082,0.16004306,0
0.30297899,3.030205,-1.6573076,0.42759407,0.88969082,0.16004306,0
-0.8166678,-2.2760522,-0.99688685,-0.42759407,-0.88969082,-0.16004306,0
2.9614739,-1.6186647,1.051607,0.37403446,-0.33530807,0.86467731,0
1.2242732,-2.39803,1.5429672,0.37403446,-0.33530807,0.86467731,0
0.5910635,2.3062403,0.74093246,0.42759407,0.88969082,0.16004306,0
-1.8435411,1.0886083,4.121779,0.37403446,-0.33530807,0.86467731,0
-0.050203532,0.97705436,3.3860407,0.37403446,-0.33530807,0.86467731,0
-2.6238799,4.0166292,-0.16670227,-0.37403446,0.33530807,-0.86467731,0
-0.14943743,-3.0003009,1.6855327,0.37403446,-0.33530807,0.86467731,0
-4.0667076,2.2238231,-0.23053956,-0.82295913,0.30986917,0.47615063,0
-1.6999378,-1.1800609,-2.725924,-0.37403446,0.33530807,-0.86467731,0
-3.9457903,1.0033882,0.7900939,-0.82295913,0.30986917,0.47615063,0
1.5696383,-3.5268774,0.0086290836,-0.42759407,-0.88969082,-0.16004306,0
-2.6467998,2.6649859,-0.66173959,-0.37403446,0.33530807,-0.86467731,0
-0.4295851,-2.0192428,-2.6606836,-0.42759407,-0.88969082,-0.16004306,0
-2.3830268,2.9654341,2.3806827,-0.82295913,0.30986917,0.47615063,0
3.1305387,0.21316698,-2.9344511,0.82295913,-0.30986917,-0.47615063,0
-2.8304303,-1.6832732,1.5543895,-0.42759407,-0.88969082,-0.16004306,0
3.8999939,0.99831474,-2.5167882,0.82295913,-0.30986917,-0.47615063,0
1.4062822,-3.1824412,-1.2167535,-0.42759407,-0.88969082,-0.16004306,0
0.90447927,-2.3241959,1.583082,0.37403446,-0.33530807,0.86467731,0
-1.0767498,3.5268986,-0.60333037,0.42759407,0.88969082,0.16004306,0
4.3212857,0.088074446,-0.91453457,0.82295913,-0.30986917,-0.47615063,0
3.6672034,-1.8104146,-0.96163893,0.82295913,-0.30986917,-0.47615063,0
-1.4500449,1.0046569,3.8965509,0.37403446,-0.33530807,0.86467731,0
-2.9555006,2.9128685,1.5134037,-0.82295913,0.30986917,0.47615063,0
-1.6624866,3.4265282,1.3639396,0.42759407,0.88969082,0.16004306,0
2.3075976,-0.67507005,-3.992137,0.82295913,-0.30986917,-0.47615063,0
4.0176854,1.3303738,-2.2122173,0.42759407,0.88969082,0.16004306,0
-2.897629,-1.7259541,1.7193902,-0.42759407,-0.88969082,-0.16004306,0
1.5519,1.8055078,1.5705512,0.42759407,0.88969082,0.16004306,0
3.3456879,-0.34552073,-2.241858,0.82295913,-0.30986917,-0.47615063,0
-4.1639981,0.099329472,1.2744353,-0.82295913,0.30986917,0.47615063,0
2.7224808,1.9409003,-2.3664498,0.42759407,0.88969082,0.16004306,0
-1.2202578,-1.7499464,-2.9957333,-0.42759407,-0.88969082,-0.16004306,0
0.97935522,-0.19559062,-3.287343,-0.37403446,0.33530807,-0.86467731,0
0.9170444,2.5707903,-1.6865789,0.42759407,0.88969082,0.16004306,0
4.656168,0.090426922,-0.44771528,0.82295913,-0.30986917,-0.47615063,0
-3.0449834,0.99559039,2.2848382,-0.82295913,0.30986917,0.47615063,0
2.9029462,-4.0733418,-0.39567685,-0.42759407,-0.88969082,-0.16004306,0
1.9286931,-1.8842611,-4.0406318,0.82295913,-0.30986917,-0.47615063,0
2.1513212,-3.8360896,0.12998331,-0.42759407,-0.88969082,-0.16004306,0
-3.7963634,0.55926228,1.4786694,-0.82295913,0.30986917,0.47615063,0
1.4057893,-2.2674234,-4.288404,0.82295913,-0.30986917,-0.47615063,0
-3.5429809,-1.434293,3.2571599,-0.82295913,0.30986917,0.47615063,0
-4.3492012,-0.33547211,1.2069716,-0.82295913,0.30986917,0.47615063,0
-3.5077684,-0.0705145,2.4065237,-0.82295913,0.30986917,0.47615063,0
-3.5948875,1.8621206,0.82787251,-0.82295913,0.30986917,0.47615063,0
-3.2606807,3.5511672,0.32819915,-0.82295913,0.30986917,0.47615063,0
3.3085678,-1.3614328,0.95934796,0.37403446,-0.33530807,0.86467731,0
2.47279,1.9728239,-1.4673554,0.42759407,0.88969082,0.16004306,0
-1.9384339,-2.29723,2.2829499,-0.42759407,-0.88969082,-0.16004306,0
-0.29639661,-2.0842738,-3.0376661,-0.42759407,-0.88969082,-0.16004306,0
-3.2404194,-1.4980849,3.6267147,0.37403446,-0.33530807,0.86467731,0
-0.78885961,2.999867,0.50788653,0.42759407,0.88969082,0.16004306,0
4.278923,0.054900408,-0.93384004,0.82295913,-0.30986917,-0.47615063,0
-1.0587361,2.8893981,-1.2754358,-0.37403446,0.33530807,-0.86467731,0
0.0055897236,-1.7716707,2.1065772,0.37403446,-0.33530807,0.86467731,0
0.6698699,-0.077379704,-3.2942019,-0.37403446,0.33530807,-0.86467731,0
2.8945417,-3.386606,-1.3483121,0.82295913,-0.30986917,-0.47615063,0
-0.29187238,-2.12744,-2.7143087,-0.42759407,-0.88969082,-0.16004306,0
-1.5423657,2.3025682,-1.3164533,-0.37403446,0.33530807,-0.86467731,0
2.0019829,-3.5873308,-1.2770178,-0.42759407,-0.88969082,-0.16004306,0
-0.97666955,3.2396727,0.5385294,0.42759407,0.88969082,0.16004306,0
-1.9400601,3.6562557,-0.68248576,-0.37403446,0.33530807,-0.86467731,0
-3.6281199,-0.97618294,2.7548649,-0.82295913,0.30986917,0.47615063,0
-2.1128232,2.2409713,3.2052231,-0.82295913,0.30986917,0.47615063,0
-3.1355522,-1.703889,3.6239347,0.37403446,-0.33530807,0.86467731,0
-0.36000651,-0.24723172,-2.7351389,-0.37403446,0.33530807,-0.86467731,0
4.0648589,-2.210933,-0.053595304,0.82295913,-0.30986917,-0.47615063,0
4.0036068,-0.79106164,0.73809648,0.37403446,-0.33530807,0.86467731,0
0.10499573,1.591116,-2.3825603,-0.37403446,0.33530807,-0.86467731,0
3.0169206,1.3816471,-0.61293101,0.42759407,0.88969082,0.16004306,0
0.94159299,-0.43482256,2.3670554,0.37403446,-0.33530807,0.86467731,0
-4.9086342,0.26182175,-0.57679009,-0.37403446,0.33530807,-0.86467731,0
3.8956542,1.146924,-1.0950782,0.42759407,0.88969082,0.16004306,0
0.32879782,-2.9533195,0.39926058,-0.42759407,-0.88969082,-0.16004306,0
1.8912855,0.71930957,-3.4964957,-0.37403446,0.33530807,-0.86467731,0
0.30324316,2.0572526,-2.2328284,-0.37403446,0.33530807,-0.86467731,0
2.0941463,-1.1348619,-3.8569121,0.82295913,-0.30986917,-0.47615063,0
0.70440388,2.7933877,-1.4815898,0.42759407,0.88969082,0.16004306,0
-3.4369733,2.8850739,0.61222768,-0.82295913,0.30986917,0.47615063,0
-3.9203391,0.82991505,-0.9267695,-0.37403446,0.33530807,-0.86467731,0
0.16097042,-0.59020805,-3.1631196,-0.37403446,0.33530807,-0.86467731,0
-4.4879417,-0.70704055,0.95809007,-0.82295913,0.30986917,0.47615063,0
0.58716649,0.18168044,-3.0125167,-0.37403446,0.33530807,-0.86467731,0
3.2155643,1.6763479,-2.8837264,0.42759407,0.88969082,0.16004306,0
3.3993931,0.87261617,-3.1261129,0.82295913,-0.30986917,-0.47615063,0
2.769691,1.9721646,-3.1259985,0.42759407,0.88969082,0.16004306,0
-3.062475,-0.43309093,-1.634781,-0.37403446,0.33530807,-0.86467731,0
-2.3438919,-0.8497057,-2.2346938,-0.37403446,0.33530807,-0.86467731,0
-0.013780594,2.1689954,-2.12043,-0.37403446,0.33530807,-0.86467731,0
-3.8113039,0.29429579,1.431596,-0.82295913,0.30986917,0.47615063,0
2.0135367,-1.3071433,-3.8853986,0.82295913,-0.30986917,-0.47615063,0
-4.0268893,-0.72902989,-1.1112666,-0.42759407,-0.88969082,-0.16004306,0
0.85894847,1.6764015,3.1387503,0.37403446,-0.33530807,0.86467731,0
-3.7298746,1.6443138,0.85014796,-0.82295913,0.30986917,0.47615063,0
1.7307379,0.47587454,-3.5351264,-0.37403446,0.33530807,-0.86467731,0
-2.0626006,1.0785561,4.1248031,-0.82295913,0.30986917,0.47615063,0
-1.5214293,-0.13153386,-2.2943428,-0.37403446,0.33530807,-0.86467731,0
-1.5873921,-1.7469546,-1.3415265,-0.42759407,-0.88969082,-0.16004306,0
2.032254,-0.61358714,1.7910132,0.37403446,-0.33530807,0.86467731,0
0.45833445,2.9768624,-1.6477231,0.42759407,0.88969082,0.16004306,0
5.1868219,0.12686682,0.5555377,0.82295913,-0.30986917,-0.47615063,0
3.9427299,0.7719878,-1.9431069,0.82295913,-0.30986917,-0.47615063,0
1.6898904,-0.0019869804,-3.5732262,-0.37403446,0.33530807,-0.86467731,0
0.42334878,-2.3292212,-3.9198503,-0.42759407,-0.88969082,-0.16004306,0
-2.742178,1.5297921,-1.0871559,-0.37403446,0.33530807,-0.86467731,0
-3.8556423,-1.4795622,2.8678458,-0.82295913,0.30986917,0.47615063,0
-4.9858432,-0.52631307,0.19331646,-0.42759407,-0.88969082,-0.16004306,0
0.14475179,0.98604608,-2.5210867,-0.37403446,0.33530807,-0.86467731,0
1.6029358,-2.5043924,-3.9348414,0.82295913,-0.30986917,-0.47615063,0
3.2474365,0.66056091,-3.1030099,0.82295913,-0.30986917,-0.47615063,0
-3.3456278,-1.116591,-0.7908473,-0.42759407,-0.88969082,-0.16004306,0
0.43024564,0.80469131,-2.8229899,-0.37403446,0.33530807,-0.86467731,0
3.5082548,0.77342653,1.4020629,0.42759407,0.88969082,0.16004306,0
-2.0484104,1.5326123,3.8237219,-0.82295913,0.30986917,0.47615063,0
-1.4015691,1.6866009,-1.630375,-0.37403446,0.33530807,-0.86467731,0
2.8500066,-0.4465012,-3.341186,0.82295913,-0.30986917,-0.47615063,0
2.5210915,-2.9007833,-2.0372829,0.82295913,-0.30986917,-0.47615063,0
-1.1727703,3.5864782,-0.59482276,0.42759407,0.88969082,0.16004306,0
4.7088008,0.41786528,-0.43499851,0.82295913,-0.30986917,-0.47615063,0
2.4810822,-4.1123228,0.10399878,-0.42759407,-0.88969082,-0.16004306,0
4.4986453,0.87069726,-0.72749925,0.42759407,0.88969082,0.16004306,0
3.0826795,-3.2067921,0.36355782,0.37403446,-0.33530807,0.86467731,0
-3.058188,1.0748954,2.4617579,-0.82295913,0.30986917,0.47615063,0
-3.1397977,0.96476644,2.4704618,-0.82295913,0.30986917,0.47615063,0
-1.1446476,-0.93090212,3.0437806,0.37403446,-0.33530807,0.86467731,0
2.9944727,-1.040327,-2.540364,0.82295913,-0.30986917,-0.47615063,0
1.6867158,-2.6520665,1.1446695,0.37403446,-0.33530807,0.86467731,0
-2.291759,3.0717354,2.251184,-0.82295913,0.30986917,0.47615063,0
-2.3087833,3.0873361,2.5942676,-0.82295913,0.30986917,0.47615063,0
-3.5701714,-0.10451925,2.177613,-0.82295913,0.30986917,0.47615063,0
-1.4446707,-2.5168796,2.5104611,-0.42759407,-0.88969082,-0.16004306,0
2.9801593,2.0018623,-2.9681611,0.42759407,0.88969082,0.16004306,0
-1.5608342,2.8953018,-1.0723947,-0.37403446,0.33530807,-0.86467731,0
3.1633849,-2.3735836,0.56288147,0.37403446,-0.33530807,0.86467731,0
-4.1669927,-0.037611485,1.2212541,-0.82295913,0.30986917,0.47615063,0
2.1059935,1.3269837,2.2895954,0.42759407,0.88969082,0.16004306,0
2.0505431,1.2210968,2.395303,0.37403446,-0.33530807,0.86467731,0
-1.9191004,1.5377915,4.0985298,-0.82295913,0.30986917,0.47615063,0
1.1845844,-3.1954505,-1.2343396,-0.42759407,-0.88969082,-0.16004306,0
-0.72116256,-1.9708982,-3.0442648,-0.42759407,-0.88969082,-0.16004306,0
2.8932252,1.0600464,1.7296743,0.42759407,0.88969082,0.16004306,0
-1.542048,-2.3209224,1.3072263,-0.42759407,-0.88969082,-0.16004306,0
-4.6054668,1.3031797,-0.22435999,-0.82295913,0.30986917,0.47615063,0
-1.4609292,-0.10848284,-2.3228741,-0.37403446,0.33530807,-0.86467731,0
2.3337297,1.4456611,0.88937867,0.42759407,0.88969082,0.16004306,0
2.1715245,-1.6804638,-3.3899632,0.82295913,-0.30986917,-0.47615063,0
-2.0040717,0.99459577,-1.7283082,-0.37403446,0.33530807,-0.86467731,0
-3.7758694,1.7309039,0.70197749,-0.82295913,0.30986917,0.47615063,0
3.0824745,-2.4361069,0.66025186,0.37403446,-0.33530807,0.86467731,0
2.0482757,2.0486341,-1.6165795,0.42759407,0.88969082,0.16004306,0
1.47685,-0.25424981,2.2551949,0.37403446,-0.33530807,0.86467731,0
-2.5917199,2.9922915,1.9930062,-0.82295913,0.30986917,0.47615063,0
2.2743359,-0.54056758,-3.9753301,0.82295913,-0.30986917,-0.47615063,0
1.605225,1.8682823,1.5199351,0.42759407,0.88969082,0.16004306,0
-2.9252584,2.3551228,1.8454942,-0.82295913,0.30986917,0.47615063,0
-1.6878296,2.3298194,4.1246529,-0.82295913,0.30986917,0.47615063,0
-4.2317181,2.1044595,-0.29532647,-0.37403446,0.33530807,-0.86467731,0
-3.6799388,0.86180568,1.527838,-0.82295913,0.30986917,0.47615063,0
4.0650434,1.1236137,-2.2357199,0.82295913,-0.30986917,-0.47615063,0
2.8396914,-1.8941013,-2.2561419,0.82295913,-0.30986917,-0.47615063,0
0.91448176,1.4255776,2.9610023,0.37403446,-0.33530807,0.86467731,0
0.019970655,2.7969539,-1.8287482,-0.37403446,0.33530807,-0.86467731,0
-0.47019792,-2.3542933,-1.540652,-0.42759407,-0.88969082,-0.16004306,0
-1.9392247,-1.5540156,-2.0321307,-0.42759407,-0.88969082,-0.16004306,0
3.5893407,0.89103103,1.2949023,0.42759407,0.88969082,0.16004306,0
-0.92544347,0.21587431,3.4710665,0.37403446,-0.33530807,0.86467731,0
4.6733675,-1.1298041,0.38174367,0.82295913,-0.30986917,-0.47615063,0
-1.6976905,-1.7711046,2.9604566,0.37403446,-0.33530807,0.86467731,0
1.8982575,-3.319973,0.8068791,0.37403446,-0.33530807,0.86467731,0
-3.1615419,1.146328,2.1621914,-0.82295913,0.30986917,0.47615063,0
-2.9856091,0.050762773,3.324275,-0.82295913,0.30986917,0.47615063,0
4.1187401,1.0590441,-1.0667315,0.42759407,0.88969082,0.16004306,0
-1.9122258,-1.6231863,-1.5598902,-0.42759407,-0.88969082,-0.16004306,0
4.5607071,0.47709441,0.29913068,0.42759407,0.88969082,0.16004306,0
3.5098839,1.310299,-0.49945354,0.42759407,0.88969082,0.16004306,0
-2.4439619,-1.3114965,-1.6300548,-0.42759407,-0.88969082,-0.16004306,0
-0.21038985,-1.4611053,-3.4277143,-0.37403446,0.33530807,-0.86467731,0
-2.7944095,4.1714725,-0.05114913,-0.37403446,0.33530807,-0.86467731,0
3.3715742,1.6145318,-2.5063677,0.42759407,0.88969082,0.16004306,0
-1.7171625,0.44496369,-1.9298701,-0.37403446,0.33530807,-0.86467731,0
3.4571633,-0.30939674,1.2902193,0.37403446,-0.33530807,0.86467731,0
0.37201118,2.1798954,1.9558774,0.42759407,0.88969082,0.16004306,0
-4.0864987,0.67206192,-0.9408772,-0.37403446,0.33530807,-0.86467731,0
-2.6587653,0.26715183,-1.6767837,-0.37403446,0.33530807,-0.86467731,0
-3.6541176,0.86511457,1.3631516,-0.82295913,0.30986917,0.47615063,0
0.29720294,0.66868293,-2.7797325,-0.37403446,0.33530807,-0.86467731,0
1.2015218,1.2124281,2.73684,0.37403446,-0.33530807,0.86467731,0
1.158164,-3.187433,-0.39426547,-0.42759407,-0.88969082,-0.16004306,0
3.1703632,1.7540689,-2.1584029,0.42759407,0.88969082,0.16004306,0
2.7687795,1.186867,-3.577966,-0.37403446,0.33530807,-0.86467731,0
0.43905663,2.5583043,-0.15032262,0.42759407,0.88969082,0.16004306,0
1.4776876,-1.3901191,-4.1848574,-0.37403446,0.33530807,-0.86467731,0
-1.8788822,3.6066327,-0.019976377,0.42759407,0.88969082,0.16004306,0
2.9872782,-1.722857,-2.0362313,0.82295913,-0.30986917,-0.47615063,0
-3.7550745,0.97632504,-0.99054623,-0.37403446,0.33530807,-0.86467731,0
4.054019,-2.172605,-0.14373708,0.82295913,-0.30986917,-0.47615063,0
-4.514329,-0.48688364,-1.0382507,-0.42759407,-0.88969082,-0.16004306,0
1.3641223,-2.7001767,-4.3659191,-0.42759407,-0.88969082,-0.16004306,0
-2.5850825,1.1406589,3.202692,-0.82295913,0.30986917,0.47615063,0
1.4592838,-3.6274767,0.22353518,-0.42759407,-0.88969082,-0.16004306,0
-2.2111416,-2.2455597,2.9564681,-0.42759407,-0.88969082,-0.16004306,0
2.654954,1.9126503,-1.8993909,0.42759407,0.88969082,0.16004306,0
0.46832824,-1.2486296,2.1382968,0.37403446,-0.33530807,0.86467731,0
-1.4057593,2.6526492,4.419714,-0.82295913,0.30986917,0.47615063,0
-2.3657107,1.6945212,3.2824755,-0.82295913,0.30986917,0.47615063,0
-0.13285077,-0.54762244,2.8263631,0.37403446,-0.33530807,0.86467731,0
0.65854836,2.547977,-0.12039727,0.42759407,0.88969082,0.16004306,0
-5.000277,0.30309248,-0.54789138,-0.82295913,0.30986917,0.47615063,0
2.855845,-0.81752205,-2.9045727,0.82295913,-0.30986917,-0.47615063,0
-2.2677703,1.7004709,3.5699615,-0.82295913,0.30986917,0.47615063,0
0.70785308,2.4258075,-0.34096855,0.42759407,0.88969082,0.16004306,0
-2.6466284,-1.7097758,0.58765745,-0.42759407,-0.88969082,-0.16004306,0
1.6739898,-2.0604999,1.2662063,0.37403446,-0.33530807,0.86467731,0
-0.73363161,2.3639092,4.1600442,0.42759407,0.88969082,0.16004306,0
-3.3151708,-0.24418953,3.0221691,-0.82295913,0.30986917,0.47615063,0
1.8842858,-2.1457675,1.2773535,0.37403446,-0.33530807,0.86467731,0
1.9957244,-3.8373947,0.076659799,-0.42759407,-0.88969082,-0.16004306,0
-3.8625517,-0.82164717,2.3643758,-0.82295913,0.30986917,0.47615063,0
-0.41578937,2.6355085,1.6480589,0.42759407,0.88969082,0.16004306,0
1.963113,1.8516319,0.49933088,0.42759407,0.88969082,0.16004306,0
2.5240335,-2.6657352,-2.4777431,0.82295913,-0.30986917,-0.47615063,0
-2.2806065,0.72874278,4.0697708,-0.82295913,0.30986917,0.47615063,0
0.5095619,-0.037974834,2.7384396,0.37403446,-0.33530807,0.86467731,0
-0.30527109,-0.8900249,-3.0732632,-0.37403446,0.33530807,-0.86467731,0
1.8995609,2.425101,-2.8214333,0.42759407,0.88969082,0.16004306,0
-0.54037124,0.75866544,3.4690878,0.37403446,-0.33530807,0.86467731,0
-1.8802862,-2.240783,1.6129965,-0.42759407,-0.88969082,-0.16004306,0
1.5747292,1.8479456,-2.9645324,-0.37403446,0.33530807,-0.86467731,0
-1.1841633,3.0336146,2.49489,0.42759407,0.88969082,0.16004306,0
1.6729412,1.2136416,2.6267292,0.37403446,-0.33530807,0.86467731,0
-2.6424689,-0.16381592,3.9106565,0.37403446,-0.33530807,0.86467731,0
2.32393,-3.1895387,-2.3330438,0.82295913,-0.30986917,-0.47615063,0
1.2421122,1.4518042,2.8106952,0.37403446,-0.33530807,0.86467731,0
-0.032135904,-0.97117031,-3.1821647,-0.37403446,0.33530807,-0.86467731,0
1.9132209,-1.0940952,1.6045833,0.37403446,-0.33530807,0.86467731,0
0.24248672,2.0503216,-2.1271849,-0.37403446,0.33530807,-0.86467731,0
-0.16159678,-1.4846088,2.3325825,0.37403446,-0.33530807,0.86467731,0
-4.1769819,0.56793308,0.73636508,-0.82295913,0.30986917,0.47615063,0
1.0693932,-2.786068,-3.0508702,-0.42759407,-0.88969082,-0.16004306,0
3.8904538,0.73494613,-2.0621393,0.82295913,-0.30986917,-0.47615063,0
-1.2807815,1.1724921,3.9464016,0.37403446,-0.33530807,0.86467731,0
-4.1975093,-0.13384342,1.3153961,-0.82295913,0.30986917,0.47615063,0
3.0965345,-0.99594504,-2.2543707,0.82295913,-0.30986917,-0.47615063,0
2.6301341,-0.13661492,-3.5647969,0.82295913,-0.30986917,-0.47615063,0
4.1887465,0.67985511,0.14926982,0.42759407,0.88969082,0.16004306,0
-0.18248034,-2.0964921,-3.5137796,-0.42759407,-0.88969082,-0.16004306,0
3.6913505,-1.8736215,-0.92941189,0.82295913,-0.30986917,-0.47615063,0
-1.5848091,2.7363954,-1.1695673,-0.37403446,0.33530807,-0.86467731,0
3.6198289,0.7974999,1.2449267,0.42759407,0.88969082,0.16004306,0
3.2594447,1.3404666,-3.6681809,-0.37403446,0.33530807,-0.86467731,0
3.6022413,-2.5060925,0.27773595,0.37403446,-0.33530807,0.86467731,0
4.1992974,-1.5134606,0.38877201,0.37403446,-0.33530807,0.86467731,0
1.2324929,2.2238445,-0.040298343,0.42759407,0.88969082,0.16004306,0
-3.5898297,-0.98020548,2.7625263,-0.82295913,0.30986917,0.47615063,0
1.1995368,2.322794,-0.85143888,0.42759407,0.88969082,0.16004306,0
-4.8351355,0.50967836,-0.43156052,-0.82295913,0.30986917,0.47615063,0
-3.5183511,0.58927965,1.9876645,-0.82295913,0.30986917,0.47615063,0
1.0312994,-2.5179551,-3.9028904,-0.42759407,-0.88969082,-0.16004306,0
1.9460099,-3.4158831,0.72152394,0.37403446,-0.33530807,0.86467731,0
3.1851349,1.6836548,-2.2213385,0.42759407,0.88969082,0.16004306,0
1.5815299,-2.0938811,-4.1797299,0.82295913,-0.30986917,-0.47615063,0
0.66467285,2.7682745,-1.6854469,0.42759407,0.88969082,0.16004306,0
-1.2651823,3.5024757,-0.22494805,0.42759407,0.88969082,0.16004306,0
3.3705919,0.37085229,-2.7223089,0.82295913,-0.30986917,-0.47615063,0
-5.1122932,-0.27618551,-0.72943521,-0.42759407,-0.88969082,-0.16004306,0
4.2016134,-1.3844843,-0.19691014,0.82295913,-0.30986917,-0.47615063,0
-0.23693085,2.9146044,0.41909325,0.42759407,0.88969082,0.16004306,0
3.0087433,-0.021003962,1.5802567,0.37403446,-0.33530807,0.86467731,0
-1.369664,3.5627885,-0.17419004,0.42759407,0.88969082,0.16004306,0
-2.5434136,1.0436907,-1.4319307,-0.37403446,0.33530807,-0.86467731,0
-0.080246687,2.8401268,-0.37253225,0.42759407,0.88969082,0.16004306,0
1.856812,-3.7139835,0.55937731,-0.42759407,-0.88969082,-0.16004306,0
2.7381194,0.58673978,1.9915941,0.37403446,-0.33530807,0.86467731,0
-2.9843884,-0.60448074,3.7987211,-0.82295913,0.30986917,0.47615063,0
-1.4235752,-0.98857331,-2.5857015,-0.37403446,0.33530807,-0.86467731,0
3.7341881,-3.2227106,0.050547838,0.37403446,-0.33530807,0.86467731,0
3.7761948,1.3640156,-2.7934453,0.82295913,-0.30986917,-0.47615063,0
0.77554369,2.3949575,0.039482474,0.42759407,0.88969082,0.16004306,0
-3.4501112,-1.7462664,3.7601938,-0.82295913,0.30986917,0.47615063,0
-3.5410366,-1.2338655,0.33253646,-0.42759407,-0.88969082,-0.16004306,0
3.9893923,0.54162681,-2.0582931,0.82295913,-0.30986917,-0.47615063,0
2.722086,1.2803099,-3.6231518,-0.37403446,0.33530807,-0.86467731,0
0.57188344,2.2461526,1.0582857,0.42759407,0.88969082,0.16004306,0
-3.7904856,0.2277621,1.6236577,-0.82295913,0.30986917,0.47615063,0
-3.0700014,0.63570726,2.6082611,-0.82295913,0.30986917,0.47615063,0
0.42822599,-2.5676394,1.6939503,0.37403446,-0.33530807,0.86467731,0
-0.23542774,1.2688428,3.4140587,0.37403446,-0.33530807,0.86467731,0
0.1709671,2.3639934,1.4911911,0.42759407,0.88969082,0.16004306,0
0.5789808,2.0525181,2.1317184,0.42759407,0.88969082,0.16004306,0
-1.1632887,-1.8792527,-2.5987983,-0.42759407,-0.88969082,-0.16004306,0
-1.3226137,-2.389544,0.93791378,-0.42759407,-0.88969082,-0.16004306,0
2.0209353,-2.9165595,0.99228275,0.37403446,-0.33530807,0.86467731,0
2.8111663,0.40569824,-3.7675617,0.82295913,-0.30986917,-0.47615063,0
-3.8523843,0.8272748,1.1229749,-0.82295913,0.30986917,0.47615063,0
-4.1250172,-0.065714598,1.3133469,-0.82295913,0.30986917,0.47615063,0
-0.2018429,-2.1554437,-3.5925531,-0.37403446,0.33530807,-0.86467731,0
-2.0139482,3.6061215,-0.68899888,-0.37403446,0.33530807,-0.86467731,0
4.0539761,-1.6426315,0.45175838,0.37403446,-0.33530807,0.86467731,0
-2.5596662,3.9971395,0.042271972,0.42759407,0.88969082,0.16004306,0
1.8244754,-2.1302023,1.2329957,0.37403446,-0.33530807,0.86467731,0
4.3101463,0.92343187,-0.51340175,0.42759407,0.88969082,0.16004306,0
-1.3973507,-0.74825275,3.2925184,0.37403446,-0.33530807,0.86467731,0
-3.5603883,1.0871975,1.6414037,-0.82295913,0.30986917,0.47615063,0
-0.71301317,2.7516389,1.7793747,0.42759407,0.88969082,0.16004306,0
-2.2846994,3.737184,0.73587525,0.42759407,0.88969082,0.16004306,0
-3.5738132,1.9979749,-0.56020427,-0.37403446,0.33530807,-0.86467731,0
1.0770793,-0.43387604,-3.5342498,-0.37403446,0.33530807,-0.86467731,0
-2.5949411,-1.3235118,-1.7697617,-0.42759407,-0.88969082,-0.16004306,0
-1.0340559,-0.083649158,-2.4655719,-0.37403446,0.33530807,-0.86467731,0
3.167382,-3.7091701,-0.52407837,0.82295913,-0.30986917,-0.47615063,0
-4.3052969,-0.84358716,0.30548716,-0.42759407,-0.88969082,-0.16004306,0
-4.3280988,1.3415732,0.063553572,-0.82295913,0.30986917,0.47615063,0
0.13980746,2.7732549,0.35930726,0.42759407,0.88969082,0.16004306,0
-4.8897901,0.5088253,-0.34022021,-0.82295913,0.30986917,0.47615063,0
2.5552306,-2.9378004,-2.2501221,0.82295913,-0.30986917,-0.47615063,0
1.3712568,2.3933887,-1.2015197,0.42759407,0.88969082,0.16004306,0
0.99869788,-2.7900534,-3.3212218,-0.42759407,-0.88969082,-0.16004306,0
-2.4416718,3.19958,2.2014534,-0.82295913,0.30986917,0.47615063,0
1.1372641,1.1299591,2.839864,0.37403446,-0.33530807,0.86467731,0
-2.2284672,0.77544737,-1.6078093,-0.37403446,0.33530807,-0.86467731,0
3.2813399,0.81536007,1.7690254,0.37403446,-0.33530807,0.86467731,0
1.2252109,2.366972,-0.98354042,0.42759407,0.88969082,0.16004306,0
1.8925474,-3.4707932,-1.0523102,-0.42759407,-0.88969082,-0.16004306,0
0.33893991,1.7616214,-2.3000007,-0.37403446,0.33530807,-0.86467731,0
1.8384517,1.694647,1.8387442,0.42759407,0.88969082,0.16004306,0
2.3622017,1.5096571,-3.3953331,-0.37403446,0.33530807,-0.86467731,0
-2.5157022,-1.8300927,1.7627894,-0.42759407,-0.88969082,-0.16004306,0
-3.0451088,-1.0536225,-1.317054,-0.42759407,-0.88969082,-0.16004306,0
-2.5719922,1.5304756,2.9309111,-0.82295913,0.30986917,0.47615063,0
2.823081,-0.40830803,1.4773034,0.37403446,-0.33530807,0.86467731,0
-1.3899589,0.022809625,3.6063004,0.37403446,-0.33530807,0.86467731,0
3.6232662,-2.5112536,-0.6289227,0.82295913,-0.30986917,-0.47615063,0
1.2013514,-2.9831171,1.1318462,0.37403446,-0.33530807,0.86467731,0
1.9473155,-1.1969502,-4.0782614,0.82295913,-0.30986917,-0.47615063,0
-3.5855005,2.1971977,0.80157304,-0.82295913,0.30986917,0.47615063,0
-3.0912671,3.862287,0.3425045,-0.82295913,0.30986917,0.47615063,0
-3.2499022,0.39663202,2.4902754,-0.82295913,0.30986917,0.47615063,0
-0.14467192,-2.3679712,-1.9884207,-0.42759407,-0.88969082,-0.16004306,0
2.7343335,-3.2295265,0.46643305,0.37403446,-0.33530807,0.86467731,0
1.8920562,-3.4509857,-1.2043514,-0.42759407,-0.88969082,-0.16004306,0
-4.1088901,-0.89620972,-0.16309071,-0.42759407,-0.88969082,-0.16004306,0
-3.7601535,2.7031991,0.15026307,-0.82295913,0.30986917,0.47615063,0
-1.2303064,3.2648542,1.0000734,0.42759407,0.88969082,0.16004306,0
2.4153774,-3.0487282,-2.4409201,0.82295913,-0.30986917,-0.47615063,0
-3.2827682,-1.0167193,-1.40097,-0.42759407,-0.88969082,-0.16004306,0
2.8012731,1.0972316,-3.771317,-0.37403446,0.33530807,-0.86467731,0
-0.72627258,3.2216649,-1.3045938,-0.37403446,0.33530807,-0.86467731,0
2.4982338,-1.1336808,-3.1399055,0.82295913,-0.30986917,-0.47615063,0
-2.0135632,-0.5390662,3.5605786,0.37403446,-0.33530807,0.86467731,0
3.6648343,1.7174698,-3.1625726,0.42759407,0.88969082,0.16004306,0
-1.9990867,-1.6858317,-1.3971431,-0.42759407,-0.88969082,-0.16004306,0
3.9076581,-0.90350986,-1.1580379,0.82295913,-0.30986917,-0.47615063,0
-1.7576433,-0.50258684,3.5287516,0.37403446,-0.33530807,0.86467731,0
-3.8004625,0.63670564,1.6130407,-0.82295913,0.30986917,0.47615063,0
-3.7953792,2.7673357,0.17870665,-0.82295913,0.30986917,0.47615063,0
4.4207373,-0.74057627,0.6046958,0.37403446,-0.33530807,0.86467731,0
-2.0102623,1.3261952,3.9289937,-0.82295913,0.30986917,0.47615063,0
-3.2652073,-0.3108772,3.0037985,-0.82295913,0.30986917,0.47615063,0
2.8120961,-0.89130187,1.238591,0.37403446,-0.33530807,0.86467731,0
1.1398824,2.0201755,1.6799939,0.42759407,0.88969082,0.16004306,0
-3.5896931,2.3335192,0.58628058,-0.82295913,0.30986917,0.47615063,0
-0.17685437,3.0178819,-0.90037423,0.42759407,0.88969082,0.16004306,0
2.3911295,0.45139194,1.9493494,0.37403446,-0.33530807,0.86467731,0
2.954391,1.1281712,1.4435444,0.42759407,0.88969082,0.16004306,0
-3.4046617,2.808646,0.71643543,-0.82295913,0.30986917,0.47615063,0
3.9500153,-2.2837672,0.080387592,0.82295913,-0.30986917,-0.47615063,0
1.7850047,-3.1290834,-2.6631136,-0.42759407,-0.88969082,-0.16004306,0
1.6900861,-3.6334734,0.35112023,-0.42759407,-0.88969082,-0.16004306,0
1.1096334,-3.3649642,0.079141319,-0.42759407,-0.88969082,-0.16004306,0
-0.95445728,3.141264,-1.2908491,-0.37403446,0.33530807,-0.86467731,0
3.5789642,-2.0669158,-0.90579033,0.82295913,-0.30986917,-0.47615063,0
3.5851631,-2.3003805,-0.5442729,0.82295913,-0.30986917,-0.47615063,0
-3.2713161,-0.41074336,2.9683681,-0.82295913,0.30986917,0.47615063,0
2.390548,1.9903917,-1.840386,0.42759407,0.88969082,0.16004306,0
-1.4539535,-2.3137286,1.0837581,-0.42759407,-0.88969082,-0.16004306,0
-1.7172447,0.71446109,-1.9278824,-0.37403446,0.33530807,-0.86467731,0
-4.5580997,0.29936051,0.12295866,-0.82295913,0.30986917,0.47615063,0
-2.084713,2.5496764,3.2498345,-0.82295913,0.30986917,0.47615063,0
-2.6119452,3.7325253,1.2631841,0.42759407,0.88969082,0.16004306,0
-0.43410921,-2.5283368,0.012705088,-0.42759407,-0.88969082,-0.16004306,0
-0.86650598,2.5370681,3.5096135,0.42759407,0.88969082,0.16004306,0
-1.4753124,1.9284101,4.3465114,0.37403446,-0.33530807,0.86467731,0
-1.7210721,-1.7766786,-0.81353283,-0.42759407,-0.88969082,-0.16004306,0
-1.2433387,0.15191078,3.4691286,0.37403446,-0.33530807,0.86467731,0
1.5750239,-3.3410845,0.82454878,0.37403446,-0.33530807,0.86467731,0
1.769803,2.2133045,-1.2769507,0.42759407,0.88969082,0.16004306,0
-2.4051175,2.1870191,-0.93055451,-0.37403446,0.33530807,-0.86467731,0
4.4952283,-1.0113504,0.075455904,0.82295913,-0.30986917,-0.47615063,0
1.8412549,-0.43511796,-3.85463,-0.37403446,0.33530807,-0.86467731,0
0.97100425,2.4698529,-1.0891591,0.42759407,0.88969082,0.16004306,0
-0.43703461,2.4167159,3.2567205,0.42759407,0.88969082,0.16004306,0
0.32705742,-1.427804,-3.6182823,-0.37403446,0.33530807,-0.86467731,0
0.63332188,1.1144236,-2.6491878,-0.37403446,0.33530807,-0.86467731,0
2.0366473,-3.0324998,-2.751128,0.82295913,-0.30986917,-0.47615063,0
1.8438979,0.10615194,-3.7014115,-0.37403446,0.33530807,-0.86467731,0
-3.6401982,1.4241097,1.2378929,-0.82295913,0.30986917,0.47615063,0
3.5539858,-0.26721692,-1.9510739,0.82295913,-0.30986917,-0.47615063,0
4.0528898,0.70239806,0.47060204,0.42759407,0.88969082,0.16004306,0
-3.9168415,2.550657,-0.19416761,-0.37403446,0.33530807,-0.86467731,0
0.71319652,1.9316107,-2.505825,-0.37403446,0.33530807,-0.86467731,0
2.5250711,-3.4450221,0.41706228,0.37403446,-0.33530807,0.86467731,0
0.84358168,2.1404016,0.92423964,0.42759407,0.88969082,0.16004306,0
-3.3377028,0.37504059,2.5950742,-0.82295913,0.30986917,0.47615063,0
-2.8137801,3.05652,1.7408465,-0.82295913,0.30986917,0.47615063,0
2.282511,1.9929518,-3.2055316,-0.37403446,0.33530807,-0.86467731,0
0.39234829,-2.9060688,-1.002947,-0.42759407,-0.88969082,-0.16004306,0
2.2550914,-3.3984194,0.67167318,0.37403446,-0.33530807,0.86467731,0
-3.6641216,1.5598702,-0.70733237,-0.37403446,0.33530807,-0.86467731,0
-1.1711121,-2.0854232,-0.9866907,-0.42759407,-0.88969082,-0.16004306,0
-2.0772367,2.7987328,3.1042573,-0.82295913,0.30986917,0.47615063,0
-0.79687023,-1.6294662,-3.0967457,-0.37403446,0.33530807,-0.86467731,0
-0.87559795,-2.6976485,2.1509063,-0.42759407,-0.88969082,-0.16004306,0
3.6837215,1.6181833,-3.0037303,0.42759407,0.88969082,0.16004306,0
-1.3058987,3.2034292,1.7273848,0.42759407,0.88969082,0.16004306,0
0.62257004,-0.2767185,-3.3177488,-0.37403446,0.33530807,-0.86467731,0
-0.58024573,-2.3260572,-1.2718691,-0.42759407,-0.88969082,-0.16004306,0
-4.3627343,0.56009936,0.65829182,-0.82295913,0.30986917,0.47615063,0
1.6492435,-3.0518579,-2.927022,-0.42759407,-0.88969082,-0.16004306,0
4.2691908,-1.1173022,-0.10585332,0.82295913,-0.30986917,-0.47615063,0
-1.817752,-1.6653845,-1.0406134,-0.42759407,-0.88969082,-0.16004306,0
-2.9928775,3.5865576,1.0969481,-0.82295913,0.30986917,0.47615063,0
4.7742081,0.57200599,-0.47808361,0.82295913,-0.30986917,-0.47615063,0
-1.960346,3.5297394,1.3847154,0.42759407,0.88969082,0.16004306,0
3.7861624,-2.4105737,-0.33893108,0.82295913,-0.30986917,-0.47615063,0
4.1607847,-0.33333492,-1.0132997,0.82295913,-0.30986917,-0.47615063,0
1.9131069,1.5247068,2.4232287,0.42759407,0.88969082,0.16004306,0
1.9235725,1.6310585,-3.0720143,-0.37403446,0.33530807,-0.86467731,0
-1.7835431,-1.0303237,-2.5649207,-0.37403446,0.33530807,-0.86467731,0
4.9196959,0.051780224,-0.057587147,0.82295913,-0.30986917,-0.47615063,0
3.5957341,-0.17527974,-1.9340723,0.82295913,-0.30986917,-0.47615063,0
-3.1548185,-1.3956064,0.097030163,-0.42759407,-0.88969082,-0.16004306,0
-1.5458908,-1.0737437,3.1715741,0.37403446,-0.33530807,0.86467731,0
1.534018,2.3400688,-1.9852409,0.42759407,0.88969082,0.16004306,0
3.5816948,-1.6200038,-1.2148693,0.82295913,-0.30986917,-0.47615063,0
0.50788808,2.2921596,1.3561237,0.42759407,0.88969082,0.16004306,0
2.4010386,1.3897352,1.8147389,0.42759407,0.88969082,0.16004306,0
-1.7663488,-2.3076742,1.6493305,-0.42759407,-0.88969082,-0.16004306,0
3.1309404,-0.97097486,-2.1664066,0.82295913,-0.30986917,-0.47615063,0
-0.74562198,0.6587801,-2.3144464,-0.37403446,0.33530807,-0.86467731,0
-3.8840532,0.55222034,1.5267763,-0.82295913,0.30986917,0.47615063,0
-0.83740461,2.7757883,2.8849185,0.42759407,0.88969082,0.16004306,0
2.2947679,-3.0673277,-2.4266741,0.82295913,-0.30986917,-0.47615063,0
1.7793128,-1.493385,-4.3153386,-0.37403446,0.33530807,-0.86467731,0
4.6534085,-0.73988819,0.07689929,0.82295913,-0.30986917,-0.47615063,0
-5.1008782,-0.20143938,-0.33667755,-0.82295913,0.30986917,0.47615063,0
2.8918912,-0.25285649,-3.3858769,0.82295913,-0.30986917,-0.47615063,0
2.1382132,-1.1152689,-3.8948874,0.82295913,-0.30986917,-0.47615063,0
3.0163186,-1.3994899,-2.223896,0.82295913,-0.30986917,-0.47615063,0
-1.079168,2.8546543,2.081403,0.42759407,0.88969082,0.16004306,0
-0.33163157,0.65223122,3.2946849,0.37403446,-0.33530807,0.86467731,0
-2.0065212,-0.99879873,3.4359393,0.37403446,-0.33530807,0.86467731,0
2.6402981,-0.30008212,-3.627862,0.82295913,-0.30986917,-0.47615063,0
-3.4317849,3.0128732,0.37543988,-0.82295913,0.30986917,0.47615063,0
0.21675503,2.0204892,3.5017982,0.42759407,0.88969082,0.16004306,0
0.80899316,0.59551883,2.8051243,0.37403446,-0.33530807,0.86467731,0
-1.5610464,3.2844298,1.421026,0.42759407,0.88969082,0.16004306,0
2.7680311,-0.052566141,-3.4997849,0.82295913,-0.30986917,-0.47615063,0
-4.3666716,-0.90114212,0.76670527,-0.42759407,-0.88969082,-0.16004306,0
-2.8327408,0.4417845,3.3239369,-0.82295913,0.30986917,0.47615063,0
-3.8443532,-1.481114,2.7545953,-0.42759407,-0.88969082,-0.16004306,0
1.8472196,-1.7904954,-4.0890183,0.82295913,-0.30986917,-0.47615063,0
-3.130466,-1.3212047,0.25242209,-0.42759407,-0.88969082,-0.16004306,0
-2.8215418,-1.1343653,-1.1706958,-0.42759407,-0.88969082,-0.16004306,0
-3.9856124,0.4044714,-1.0160336,-0.37403446,0.33530807,-0.86467731,0
-2.0695581,0.50690925,3.882848,0.37403446,-0.33530807,0.86467731,0
-1.8616214,-1.3772947,3.1473653,0.37403446,-0.33530807,0.86467731,0
-3.4731975,0.20576,2.1012468,-0.82295913,0.30986917,0.47615063,0
-2.9077282,3.306006,1.0718379,-0.82295913,0.30986917,0.47615063,0
-2.6090529,4.0400739,0.061669946,0.42759407,0.88969082,0.16004306,0
-1.02495,1.1881104,3.8476431,0.37403446,-0.33530807,0.86467731,0
0.064693928,2.265728,2.7525406,0.42759407,0.88969082,0.16004306,0
-2.8012979,0.19158331,3.6248078,-0.82295913,0.30986917,0.47615063,0
3.4456058,-2.5445919,0.5273962,0.37403446,-0.33530807,0.86467731,0
2.1322331,-2.2603025,1.029942,0.37403446,-0.33530807,0.86467731,0
1.8554982,-2.8011239,-3.1608813,0.82295913,-0.30986917,-0.47615063,0
-3.5869398,-1.2664952,0.62330389,-0.42759407,-0.88969082,-0.16004306,0
0.52207041,-2.1908381,1.7397001,0.37403446,-0.33530807,0.86467731,0
1.6837304,-1.1790652,-4.0884852,-0.37403446,0.33530807,-0.86467731,0
-0.68612909,3.0532391,0.58744788,0.42759407,0.88969082,0.16004306,0
-2.4451578,0.78967726,3.684505,-0.82295913,0.30986917,0.47615063,0
-2.4212236,-0.15223742,3.8592083,0.37403446,-0.33530807,0.86467731,0
3.7963164,-1.2139566,-0.88465881,0.82295913,-0.30986917,-0.47615063,0
-0.52624846,2.7645671,-1.7005211,-0.37403446,0.33530807,-0.86467731,0
0.57695937,2.0390534,-2.3288333,-0.37403446,0.33530807,-0.86467731,0
3.3415685,1.7123849,-3.4099207,0.42759407,0.88969082,0.16004306,0
3.0516596,1.5287709,-1.0128083,0.42759407,0.88969082,0.16004306,0
