3.2954354,-1.6114528,-1.1230706,0.30592152,-0.32470578,-0.89497387,0
1.4160627,-2.8700817,2.1391735,-0.34516639,-0.91391385,0.21359202,0
-1.6392499,-0.42548782,-3.2699344,0.30592152,-0.32470578,-0.89497387,0
-0.8765043,1.1100028,-3.4301534,0.30592152,-0.32470578,-0.89497387,0
3.8771613,0.069757223,2.9681833,0.88728356,-0.2435725,0.39166343,0
0.010737777,2.5553203,-0.39592612,0.34516639,0.91391385,-0.21359202,0
-1.7110432,-2.4716799,-1.9151665,-0.34516639,-0.91391385,0.21359202,0
0.069892883,-2.1111798,2.8103375,-0.34516639,-0.91391385,0.21359202,0
0.32443047,-2.815115,0.5438844,-0.34516639,-0.91391385,0.21359202,0
-2.8284659,1.5198903,-3.9169168,-0.88728356,0.2435725,-0.39166343,0
4.5925326,0.76005578,1.6312163,0.88728356,-0.2435725,0.39166343,0
2.2581322,2.5447912,2.6130066,0.34516639,0.91391385,-0.21359202,0
0.89580226,-1.9179786,3.7990115,-0.30592152,0.32470578,0.89497387,0
-3.2581744,0.89524889,1.3573089,-0.30592152,0.32470578,0.89497387,0
3.6259861,-3.3382351,1.3963912,0.88728356,-0.2435725,0.39166343,0
0.97166824,-2.6336093,2.3907239,-0.34516639,-0.91391385,0.21359202,0
2.3638818,2.2371049,1.6963346,0.34516639,0.91391385,-0.21359202,0
-0.34775388,-2.5184114,0.64142716,-0.34516639,-0.91391385,0.21359202,0
0.86571026,-0.34442425,-2.3209219,0.30592152,-0.32470578,-0.89497387,0
-4.6330223,0.71180201,1.0409198,-0.30592152,0.32470578,0.89497387,0
-3.182991,-1.6558272,-0.76292962,-0.34516639,-0.91391385,0.21359202,0
-4.1730022,-0.18072546,-1.9309926,-0.88728356,0.2435725,-0.39166343,0
-4.4271231,-0.58908188,-1.8114543,-0.88728356,0.2435725,-0.39166343,0
-3.5198956,-1.5892948,-1.1871125,-0.34516639,-0.91391385,0.21359202,0
-3.7656095,1.3032591,1.0372838,-0.30592152,0.32470578,0.89497387,0
0.7815336,2.3414798,-0.59490567,0.34516639,0.91391385,-0.21359202,0
-3.2534199,2.0804448,-3.0454257,-0.88728356,0.2435725,-0.39166343,0
-3.3863962,-1.1067731,1.0333126,-0.34516639,-0.91391385,0.21359202,0
5.017724,-1.2182345,-0.56658649,0.88728356,-0.2435725,0.39166343,0
4.7010765,-1.8161087,-0.25593996,0.88728356,-0.2435725,0.39166343,0
-2.5740247,2.55599,-4.1523542,-0.88728356,0.2435725,-0.39166343,0
5.2616162,0.2794807,-0.43111944,0.88728356,-0.2435725,0.39166343,0
3.5544224,-3.8386874,0.67326117,-0.34516639,-0.91391385,0.21359202,0
3.1704693,1.8675208,1.4109069,0.34516639,0.91391385,-0.21359202,0
4.5129056,-0.018674135,-1.2329553,0.30592152,-0.32470578,-0.89497387,0
-2.3144619,0.16364717,1.9422486,-0.30592152,0.32470578,0.89497387,0
4.0996923,1.65116,2.1967363,0.34516639,0.91391385,-0.21359202,0
4.507699,1.3282216,2.292212,0.88728356,-0.2435725,0.39166343,0
-0.1025002,-2.7053747,0.02590096,-0.34516639,-0.91391385,0.21359202,0
-3.6224823,3.6457875,-1.1053493,-0.88728356,0.2435725,-0.39166343,0
2.1328979,0.76383853,-2.2947869,0.30592152,-0.32470578,-0.89497387,0
-3.9367223,3.3316791,-0.66459417,-0.88728356,0.2435725,-0.39166343,0
-3.2396772,0.89014828,-3.3574357,-0.88728356,0.2435725,-0.39166343,0
-3.5581303,1.1565199,-2.9077554,-0.88728356,0.2435725,-0.39166343,0
-3.2019248,3.9097309,-0.43038034,0.34516639,0.91391385,-0.21359202,0
-2.0740082,1.0256401,-3.9467821,0.30592152,-0.32470578,-0.89497387,0
0.94590843,1.2291718,2.5865545,-0.30592152,0.32470578,0.89497387,0
0.50633073,2.0303454,-2.6505494,0.34516639,0.91391385,-0.21359202,0
4.8180728,1.002084,0.61116982,0.34516639,0.91391385,-0.21359202,0
3.9565117,1.4431927,0.93939209,0.34516639,0.91391385,-0.21359202,0
4.3912044,-1.8027608,0.35229993,0.88728356,-0.2435725,0.39166343,0
5.4531136,0.36847496,-0.80734766,0.88728356,-0.2435725,0.39166343,0
4.2694387,-1.4203346,0.7239759,0.88728356,-0.2435725,0.39166343,0
-0.94129324,-2.2767515,0.2248854,-0.34516639,-0.91391385,0.21359202,0
-1.5144098,-1.286793,2.7330692,-0.30592152,0.32470578,0.89497387,0
-2.0696404,-2.4797194,-2.0851283,-0.34516639,-0.91391385,0.21359202,0
-4.2893753,0.15889311,-1.8777504,-0.88728356,0.2435725,-0.39166343,0
3.6505051,-1.1000782,2.3317385,0.88728356,-0.2435725,0.39166343,0
-0.30214727,1.1119406,2.2440033,-0.30592152,0.32470578,0.89497387,0
3.6039276,-3.5231895,1.2478976,0.88728356,-0.2435725,0.39166343,0
-3.8405766,3.0964851,-0.8137424,-0.88728356,0.2435725,-0.39166343,0
3.9486647,1.1431243,3.1943469,0.88728356,-0.2435725,0.39166343,0
3.5409787,-1.5906491,-0.97269416,0.30592152,-0.32470578,-0.89497387,0
-0.49078417,1.5910138,-3.5090921,0.30592152,-0.32470578,-0.89497387,0
2.0810442,1.6464608,-0.84871024,0.34516639,0.91391385,-0.21359202,0
-1.7759612,3.0786939,-1.4467022,0.34516639,0.91391385,-0.21359202,0
-1.5597827,2.9454992,-1.1970594,0.34516639,0.91391385,-0.21359202,0
3.5264378,-3.734859,1.3944726,0.88728356,-0.2435725,0.39166343,0
4.117754,1.1049139,2.8281536,0.88728356,-0.2435725,0.39166343,0
-5.0398641,-0.016144991,-0.18023968,-0.88728356,0.2435725,-0.39166343,0
4.2638173,1.4808788,2.8383713,0.88728356,-0.2435725,0.39166343,0
-2.6092989,1.929544,1.2386961,-0.30592152,0.32470578,0.89497387,0
3.9831142,-3.7386146,-0.10502625,0.30592152,-0.32470578,-0.89497387,0
-4.7677417,0.65347481,-0.45754004,-0.88728356,0.2435725,-0.39166343,0
-2.5916119,0.27667642,1.8487551,-0.30592152,0.32470578,0.89497387,0
4.0608544,-1.5752262,1.5158894,0.88728356,-0.2435725,0.39166343,0
-0.42689651,1.2247995,2.1077027,-0.30592152,0.32470578,0.89497387,0
-2.333868,-2.0416679,-0.85478771,-0.34516639,-0.91391385,0.21359202,0
4.8080015,0.96928811,0.51133573,0.34516639,0.91391385,-0.21359202,0
3.3831608,-0.98142236,3.1994631,0.88728356,-0.2435725,0.39166343,0
-4.0933042,3.1857338,-0.37577748,-0.88728356,0.2435725,-0.39166343,0
1.1864917,-2.4886444,3.4341865,-0.34516639,-0.91391385,0.21359202,0
-3.6771369,-0.60891032,1.7830355,-0.30592152,0.32470578,0.89497387,0
-0.40143925,-3.0526237,-1.6361529,-0.34516639,-0.91391385,0.21359202,0
-3.9417255,1.4137776,-1.6797271,-0.88728356,0.2435725,-0.39166343,0
-3.8818483,0.26963651,-2.3615658,-0.88728356,0.2435725,-0.39166343,0
3.5406718,-0.97335559,2.7054267,0.88728356,-0.2435725,0.39166343,0
4.7426844,-0.79841065,0.43543935,0.88728356,-0.2435725,0.39166343,0
2.7186301,-3.5515738,0.8689239,-0.34516639,-0.91391385,0.21359202,0
-3.4264333,3.470367,-1.3565717,-0.88728356,0.2435725,-0.39166343,0
-1.5464364,-1.7603388,-2.5845025,0.30592152,-0.32470578,-0.89497387,0
2.8513536,0.69561267,-2.0265834,0.30592152,-0.32470578,-0.89497387,0
1.5556233,-3.1927307,1.02511,-0.34516639,-0.91391385,0.21359202,0
-3.7048469,0.046893239,-3.048378,-0.88728356,0.2435725,-0.39166343,0
-0.55050415,1.1611426,2.2475119,-0.30592152,0.32470578,0.89497387,0
-2.6922143,0.18589109,-3.7758682,0.30592152,-0.32470578,-0.89497387,0
2.5673101,-3.3074546,1.4771733,-0.34516639,-0.91391385,0.21359202,0
2.7509387,-3.0180788,3.1009557,-0.34516639,-0.91391385,0.21359202,0
0.54932082,-2.5768232,1.3638976,-0.34516639,-0.91391385,0.21359202,0
-3.0866847,-1.9209068,-1.743977,-0.34516639,-0.91391385,0.21359202,0
-1.3226526,0.34635508,2.1458669,-0.30592152,0.32470578,0.89497387,0
-0.075904846,2.27246,-2.1658611,0.34516639,0.91391385,-0.21359202,0
-4.0815473,3.3893428,-0.062357903,-0.88728356,0.2435725,-0.39166343,0
3.6445601,-3.711051,0.93489361,0.88728356,-0.2435725,0.39166343,0
1.9591147,-3.546221,-0.67997265,-0.34516639,-0.91391385,0.21359202,0
3.0173392,-0.89109659,3.9295809,0.88728356,-0.2435725,0.39166343,0
4.4967656,-0.25784993,1.089236,0.88728356,-0.2435725,0.39166343,0
-0.99044025,2.8049879,-1.6164961,0.34516639,0.91391385,-0.21359202,0
2.1810372,-3.6014187,-0.33982396,-0.34516639,-0.91391385,0.21359202,0
-0.99280787,-1.5681108,2.9725375,-0.34516639,-0.91391385,0.21359202,0
3.1396995,-0.33386326,-1.7063825,0.30592152,-0.32470578,-0.89497387,0
1.2155176,1.8606503,-1.412945,0.34516639,0.91391385,-0.21359202,0
4.9186926,-0.33452892,0.31248879,0.88728356,-0.2435725,0.39166343,0
1.7779374,-2.1001177,4.2159748,-0.30592152,0.32470578,0.89497387,0
-2.8113899,2.4857049,-3.8235266,-0.88728356,0.2435725,-0.39166343,0
1.0406337,-0.039241195,3.2648807,-0.30592152,0.32470578,0.89497387,0
-2.944273,1.0939304,-3.9262323,-0.88728356,0.2435725,-0.39166343,0
1.742646,-2.2142017,-1.5010076,0.30592152,-0.32470578,-0.89497387,0
-2.3719668,-1.8016691,0.074396551,-0.34516639,-0.91391385,0.21359202,0
5.1278505,-0.9813571,-0.76697946,0.30592152,-0.32470578,-0.89497387,0
-2.9719775,2.7142446,-3.2006485,-0.88728356,0.2435725,-0.39166343,0
2.857367,1.166172,3.3668494,-0.30592152,0.32470578,0.89497387,0
2.1321344,-1.669136,4.0203896,-0.30592152,0.32470578,0.89497387,0
0.85186839,0.13722944,-2.6001422,0.30592152,-0.32470578,-0.89497387,0
2.2958245,-2.3096175,4.5107088,-0.30592152,0.32470578,0.89497387,0
-3.8047795,3.3354008,0.27411509,-0.30592152,0.32470578,0.89497387,0
-3.1688933,-1.1362531,1.2961433,-0.34516639,-0.91391385,0.21359202,0
-3.1233342,1.0826824,-3.9628251,-0.88728356,0.2435725,-0.39166343,0
2.0128036,2.4727418,2.6013029,-0.30592152,0.32470578,0.89497387,0
-2.1013498,2.7715099,-2.9972186,0.34516639,0.91391385,-0.21359202,0
3.4702768,1.4885871,0.35700989,0.34516639,0.91391385,-0.21359202,0
-3.7475462,-0.29086056,-3.2107718,-0.88728356,0.2435725,-0.39166343,0
-4.7189364,-0.83199239,0.91640365,-0.34516639,-0.91391385,0.21359202,0
-3.6760991,3.4132237,-1.1383474,-0.88728356,0.2435725,-0.39166343,0
1.9418814,1.3909945,-2.156451,0.34516639,0.91391385,-0.21359202,0
3.0982203,0.78105456,3.4807045,-0.30592152,0.32470578,0.89497387,0
-1.0841756,-1.6227996,2.9416215,-0.30592152,0.32470578,0.89497387,0
0.73373485,-0.97588849,3.3519385,-0.30592152,0.32470578,0.89497387,0
-4.1207919,1.3426461,0.85915041,-0.30592152,0.32470578,0.89497387,0
-3.7116439,-0.83517522,-3.6741796,-0.88728356,0.2435725,-0.39166343,0
-4.1550221,-1.6447247,-2.1227865,-0.34516639,-0.91391385,0.21359202,0
-2.3902564,-1.3289536,-3.1301107,0.30592152,-0.32470578,-0.89497387,0
0.24714422,-2.8434579,-0.49199164,-0.34516639,-0.91391385,0.21359202,0
-3.6235189,0.93438083,-2.6357839,-0.88728356,0.2435725,-0.39166343,0
2.2526624,-3.2898176,1.5659022,-0.34516639,-0.91391385,0.21359202,0
-4.3934784,-0.25493968,-1.6655447,-0.88728356,0.2435725,-0.39166343,0
-4.3046818,2.1269004,-0.52677846,-0.88728356,0.2435725,-0.39166343,0
3.4878926,-2.6479073,1.9200199,0.88728356,-0.2435725,0.39166343,0
-4.3731084,-1.5092919,-2.2869771,-0.34516639,-0.91391385,0.21359202,0
-2.9542549,-1.5186119,0.42321354,-0.34516639,-0.91391385,0.21359202,0
-3.5405798,-0.2977666,-3.4719663,-0.88728356,0.2435725,-0.39166343,0
-1.5586655,-1.8612757,1.2608951,-0.34516639,-0.91391385,0.21359202,0
-0.87532187,-1.8830686,2.5020251,-0.34516639,-0.91391385,0.21359202,0
4.6027832,1.1783452,0.61276424,0.34516639,0.91391385,-0.21359202,0
3.910264,-3.891712,0.41950369,0.88728356,-0.2435725,0.39166343,0
-0.52603912,2.3414364,-2.6927075,0.34516639,0.91391385,-0.21359202,0
-3.752027,4.1047354,-0.42210627,-0.88728356,0.2435725,-0.39166343,0
-1.2183882,-2.4767075,-1.2869091,-0.34516639,-0.91391385,0.21359202,0
-0.018388391,-3.0025659,-1.2598863,-0.34516639,-0.91391385,0.21359202,0
-5.1085124,0.60119534,0.45316577,-0.88728356,0.2435725,-0.39166343,0
2.5132372,-0.6750288,-1.7341646,0.30592152,-0.32470578,-0.89497387,0
-4.1300573,3.3664634,0.22718763,-0.30592152,0.32470578,0.89497387,0
3.1543183,-2.3226707,2.6683681,0.88728356,-0.2435725,0.39166343,0
5.1683917,-0.36224604,-0.25879383,0.88728356,-0.2435725,0.39166343,0
-4.0269608,1.3044584,0.94736385,-0.30592152,0.32470578,0.89497387,0
3.5136466,-0.52271432,2.9859023,0.88728356,-0.2435725,0.39166343,0
3.6491554,-2.4199517,-0.60217166,0.30592152,-0.32470578,-0.89497387,0
3.7900229,0.68363386,3.0820234,0.88728356,-0.2435725,0.39166343,0
1.7515123,0.69067907,3.1662781,-0.30592152,0.32470578,0.89497387,0
-4.1437936,1.3325821,-1.4794195,-0.88728356,0.2435725,-0.39166343,0
0.69586998,1.656822,2.5003033,-0.30592152,0.32470578,0.89497387,0
2.4126484,1.9099905,3.0350635,-0.30592152,0.32470578,0.89497387,0
-1.6534448,1.3720206,1.7868485,-0.30592152,0.32470578,0.89497387,0
-2.9630537,-2.2665734,-3.0114977,0.30592152,-0.32470578,-0.89497387,0
4.5283546,-0.96149588,0.71685314,0.88728356,-0.2435725,0.39166343,0
0.18873739,2.3459222,-0.99025214,0.34516639,0.91391385,-0.21359202,0
-4.2557063,-1.5582716,-3.0111818,-0.88728356,0.2435725,-0.39166343,0
-4.74436,-0.0048320293,-0.78454447,-0.88728356,0.2435725,-0.39166343,0
-0.21192336,2.8833578,0.74019659,0.34516639,0.91391385,-0.21359202,0
3.6279387,-2.4573393,1.6798229,0.88728356,-0.2435725,0.39166343,0
2.7134676,-3.4995801,-0.66443205,0.30592152,-0.32470578,-0.89497387,0
-0.33050203,-2.1374321,2.0467443,-0.34516639,-0.91391385,0.21359202,0
3.8944573,-3.4168198,0.34541917,0.88728356,-0.2435725,0.39166343,0
4.1383972,-2.3411653,-0.54814339,0.30592152,-0.32470578,-0.89497387,0
3.1722548,-2.3536794,2.7236702,0.88728356,-0.2435725,0.39166343,0
0.43844557,1.3331403,-3.2330561,0.30592152,-0.32470578,-0.89497387,0
-3.9509513,0.29161966,-2.3744736,-0.88728356,0.2435725,-0.39166343,0
3.6733723,-1.0940359,2.2910464,0.88728356,-0.2435725,0.39166343,0
-0.52390385,-2.4429388,0.16647542,-0.34516639,-0.91391385,0.21359202,0
-2.5100727,-0.16754752,-3.5310917,0.30592152,-0.32470578,-0.89497387,0
4.3455763,-1.6752653,0.47875714,0.88728356,-0.2435725,0.39166343,0
1.0994754,-2.895617,-1.2984457,0.30592152,-0.32470578,-0.89497387,0
2.5291147,-0.65835702,3.8041682,-0.30592152,0.32470578,0.89497387,0
-2.6544874,2.0672002,-4.1578498,-0.88728356,0.2435725,-0.39166343,0
3.7486873,1.0270066,3.7279406,-0.30592152,0.32470578,0.89497387,0
-3.2610002,-1.3790458,0.42436233,-0.34516639,-0.91391385,0.21359202,0
3.5530529,-2.8573289,1.4958129,0.88728356,-0.2435725,0.39166343,0
-4.4184074,0.31623721,-1.2049503,-0.88728356,0.2435725,-0.39166343,0
-4.5925393,-0.13882291,-1.3299975,-0.88728356,0.2435725,-0.39166343,0
2.7307596,-1.7408595,4.2767034,0.88728356,-0.2435725,0.39166343,0
-2.6326191,-1.6899844,0.52641046,-0.34516639,-0.91391385,0.21359202,0
1.0414777,-2.6081657,-1.4575491,0.30592152,-0.32470578,-0.89497387,0
-1.9750684,-1.8066647,0.75171745,-0.34516639,-0.91391385,0.21359202,0
-1.5158036,-2.091769,-2.5041523,0.30592152,-0.32470578,-0.89497387,0
4.2616282,1.1297159,2.2861185,0.88728356,-0.2435725,0.39166343,0
1.4904325,2.6965983,2.2481022,-0.30592152,0.32470578,0.89497387,0
-4.2744265,-1.1666982,-0.58206844,-0.34516639,-0.91391385,0.21359202,0
-2.0575712,0.38707471,2.0340881,-0.30592152,0.32470578,0.89497387,0
-3.9767954,-1.5993078,-3.3499012,-0.88728356,0.2435725,-0.39166343,0
-3.8263493,2.2148466,-1.349056,-0.88728356,0.2435725,-0.39166343,0
1.5879278,-2.7010202,-1.1609666,0.30592152,-0.32470578,-0.89497387,0
-1.1135845,-2.4352641,-0.76231658,-0.34516639,-0.91391385,0.21359202,0
-2.6509705,-1.2031552,-3.2320452,0.30592152,-0.32470578,-0.89497387,0
4.0758982,-3.3345168,0.37510872,0.88728356,-0.2435725,0.39166343,0
1.8684837,1.681897,-1.1903028,0.34516639,0.91391385,-0.21359202,0
-1.7661939,-2.0959361,-0.1538977,-0.34516639,-0.91391385,0.21359202,0
-3.4823,3.1793237,-1.4425733,-0.88728356,0.2435725,-0.39166343,0
4.120934,-3.3911357,0.15385532,0.88728356,-0.2435725,0.39166343,0
4.1810818,-0.23509002,-1.2583977,0.30592152,-0.32470578,-0.89497387,0
-3.5983205,-2.0145421,-2.5391221,-0.34516639,-0.91391385,0.21359202,0
2.7707016,-1.7329621,3.9412823,0.88728356,-0.2435725,0.39166343,0
-2.3852053,2.7957623,-3.9924548,0.34516639,0.91391385,-0.21359202,0
1.817256,-3.0083256,1.4400337,-0.34516639,-0.91391385,0.21359202,0
-3.4986424,3.2487445,-1.6946697,-0.88728356,0.2435725,-0.39166343,0
-3.8306394,0.61707449,-2.3415942,-0.88728356,0.2435725,-0.39166343,0
-4.8879685,0.64099407,0.027282476,-0.88728356,0.2435725,-0.39166343,0
2.1780217,-1.4606574,-1.5503297,0.30592152,-0.32470578,-0.89497387,0
-2.4145479,2.7305808,-3.7385757,0.34516639,0.91391385,-0.21359202,0
-3.445154,1.8862791,1.0375684,-0.30592152,0.32470578,0.89497387,0
-2.5319953,-0.25634503,2.0244067,-0.30592152,0.32470578,0.89497387,0
-2.1100993,0.20478988,2.1043921,-0.30592152,0.32470578,0.89497387,0
2.4939826,-2.9404948,3.5380936,-0.34516639,-0.91391385,0.21359202,0
1.3299816,1.6995547,-2.459645,0.34516639,0.91391385,-0.21359202,0
4.8405252,-1.8858917,-0.39644909,0.88728356,-0.2435725,0.39166343,0
-2.8242886,-2.1381855,-1.8251433,-0.34516639,-0.91391385,0.21359202,0
4.7945991,-2.1082156,-0.439713,0.88728356,-0.2435725,0.39166343,0
2.6457148,1.9783759,1.20797,0.34516639,0.91391385,-0.21359202,0
3.9726481,-1.6427705,1.6506412,0.88728356,-0.2435725,0.39166343,0
-1.0000441,-2.8298469,-2.1361632,-0.34516639,-0.91391385,0.21359202,0
2.7549863,-3.7523119,-0.53078628,0.30592152,-0.32470578,-0.89497387,0
3.4981985,-0.40099645,-1.4484898,0.30592152,-0.32470578,-0.89497387,0
2.2767751,2.2542515,1.8393852,0.34516639,0.91391385,-0.21359202,0
4.560123,-0.27481985,-1.0315863,0.30592152,-0.32470578,-0.89497387,0
4.7471395,-1.5662932,-0.44027376,0.88728356,-0.2435725,0.39166343,0
5.1140575,-0.22280931,-0.26585627,0.88728356,-0.2435725,0.39166343,0
-2.9250655,-2.0329332,-2.1760149,-0.34516639,-0.91391385,0.21359202,0
-0.98832428,-0.68589628,2.6921682,-0.30592152,0.32470578,0.89497387,0
3.2285209,-3.0466528,2.2741916,0.88728356,-0.2435725,0.39166343,0
-5.0245137,0.067849159,1.0432818,-0.30592152,0.32470578,0.89497387,0
4.6259265,-2.0863526,-0.19576788,0.88728356,-0.2435725,0.39166343,0
3.320065,-1.7724819,-1.0266163,0.30592152,-0.32470578,-0.89497387,0
0.54821634,-2.7035027,1.1647681,-0.34516639,-0.91391385,0.21359202,0
-1.3834662,0.37759697,-3.3271914,0.30592152,-0.32470578,-0.89497387,0
0.26077822,-2.7884154,-1.7160163,0.30592152,-0.32470578,-0.89497387,0
4.6637163,0.11073494,1.0979462,0.88728356,-0.2435725,0.39166343,0
-3.80249,-0.35730696,-3.0365071,-0.88728356,0.2435725,-0.39166343,0
-4.2578826,0.33455014,1.2340302,-0.30592152,0.32470578,0.89497387,0
-2.8662093,3.4380121,-1.5882285,0.34516639,0.91391385,-0.21359202,0
3.3489013,-3.76472,1.1368275,-0.34516639,-0.91391385,0.21359202,0
4.9254928,-0.53386497,-0.00065302849,0.88728356,-0.2435725,0.39166343,0
-4.9010715,0.38922954,-0.29725266,-0.88728356,0.2435725,-0.39166343,0
-1.2631549,1.4181091,1.8946668,-0.30592152,0.32470578,0.89497387,0
1.1994706,2.6709356,2.2167649,-0.30592152,0.32470578,0.89497387,0
-4.4092665,0.69657159,1.0625976,-0.30592152,0.32470578,0.89497387,0
-0.88576984,1.9966332,-3.7667508,0.30592152,-0.32470578,-0.89497387,0
1.9966697,1.6635145,-1.4381785,0.34516639,0.91391385,-0.21359202,0
-1.6280162,-2.5907185,-1.744117,-0.34516639,-0.91391385,0.21359202,0
-3.3462548,-0.48534554,-3.8285003,0.30592152,-0.32470578,-0.89497387,0
3.1833191,0.88358593,-1.9822994,0.30592152,-0.32470578,-0.89497387,0
-3.2196426,2.2121725,-3.049062,-0.88728356,0.2435725,-0.39166343,0
-3.4389148,-1.1091806,1.5154395,-0.34516639,-0.91391385,0.21359202,0
-3.938612,-0.35998851,-2.6638927,-0.88728356,0.2435725,-0.39166343,0
-3.0172269,1.4165595,-3.8874469,-0.88728356,0.2435725,-0.39166343,0
-0.81191564,2.4791198,-2.587575,0.34516639,0.91391385,-0.21359202,0
2.3771186,-2.2654107,-1.1021502,0.30592152,-0.32470578,-0.89497387,0
3.6171565,-0.38214707,2.9322772,0.88728356,-0.2435725,0.39166343,0
3.052274,-3.1513577,2.3719308,0.88728356,-0.2435725,0.39166343,0
1.8789592,-3.3208294,-0.92558777,0.30592152,-0.32470578,-0.89497387,0
-3.9532673,1.5208544,-1.5220375,-0.88728356,0.2435725,-0.39166343,0
2.96924,-1.4192909,3.9754019,0.88728356,-0.2435725,0.39166343,0
-2.2373223,-2.3550663,-2.6637301,0.30592152,-0.32470578,-0.89497387,0
-3.0871873,1.2111287,1.2930782,-0.30592152,0.32470578,0.89497387,0
-4.8924809,0.29890537,-0.28269434,-0.88728356,0.2435725,-0.39166343,0
3.1214628,-3.8144145,0.82986093,-0.34516639,-0.91391385,0.21359202,0
0.39346588,2.8625197,1.0559342,0.34516639,0.91391385,-0.21359202,0
-3.7444112,-1.2217493,0.37632865,-0.34516639,-0.91391385,0.21359202,0
3.9072108,-2.5247607,1.2120907,0.88728356,-0.2435725,0.39166343,0
-2.3826749,2.6725631,-4.0719748,0.34516639,0.91391385,-0.21359202,0
-0.15039682,0.89115965,-3.0912344,0.30592152,-0.32470578,-0.89497387,0
-4.2123041,1.6205704,-0.90424013,-0.88728356,0.2435725,-0.39166343,0
-0.83864635,-0.35823274,-3.0514097,0.30592152,-0.32470578,-0.89497387,0
3.5606077,1.9671113,2.0026793,0.34516639,0.91391385,-0.21359202,0
3.6016665,-1.4837598,2.6223183,0.88728356,-0.2435725,0.39166343,0
2.2106714,2.0110314,0.72492731,0.34516639,0.91391385,-0.21359202,0
-2.7810786,-0.21647084,-3.5709734,0.30592152,-0.32470578,-0.89497387,0
2.8011065,1.8896313,0.73772401,0.34516639,0.91391385,-0.21359202,0
0.51296669,-2.7870731,-1.6951083,0.30592152,-0.32470578,-0.89497387,0
-3.5216267,3.0041671,-1.6929672,-0.88728356,0.2435725,-0.39166343,0
-4.8185406,-1.1660033,-0.60951364,-0.34516639,-0.91391385,0.21359202,0
-3.7321701,3.6777134,-0.60912657,-0.88728356,0.2435725,-0.39166343,0
-1.4258137,-2.5112188,-1.4701951,-0.34516639,-0.91391385,0.21359202,0
1.8819109,-1.5631584,3.9735689,-0.30592152,0.32470578,0.89497387,0
2.772712,-3.6768715,0.13804555,-0.34516639,-0.91391385,0.21359202,0
5.1178613,-0.23072863,0.00018572807,0.88728356,-0.2435725,0.39166343,0
3.9182875,-2.286526,-0.51296329,0.30592152,-0.32470578,-0.89497387,0
-3.7937465,3.4030888,-0.69880295,-0.88728356,0.2435725,-0.39166343,0
-3.7899165,3.6664033,-0.78900242,-0.88728356,0.2435725,-0.39166343,0
-1.3957722,-1.9460381,-2.6741261,0.30592152,-0.32470578,-0.89497387,0
-4.5911856,0.22431135,-0.97593498,-0.88728356,0.2435725,-0.39166343,0
3.0976193,-1.7545718,3.5433936,0.88728356,-0.2435725,0.39166343,0
2.9800797,1.225015,-1.5190531,0.34516639,0.91391385,-0.21359202,0
-2.3675365,-1.0691556,-3.1881356,0.30592152,-0.32470578,-0.89497387,0
-2.8740087,2.8290989,-3.328994,-0.88728356,0.2435725,-0.39166343,0
-1.4346321,-1.4783585,2.855763,-0.34516639,-0.91391385,0.21359202,0
-1.5295576,3.4933805,0.31661916,0.34516639,0.91391385,-0.21359202,0
-3.0017469,-1.9793437,-1.6196028,-0.34516639,-0.91391385,0.21359202,0
-3.0697265,-1.4298575,0.26286143,-0.34516639,-0.91391385,0.21359202,0
3.3408253,-0.65325761,3.2717023,0.88728356,-0.2435725,0.39166343,0
-2.4550457,1.9014654,-4.3007164,0.30592152,-0.32470578,-0.89497387,0
1.2059021,-2.5415645,2.8601081,-0.34516639,-0.91391385,0.21359202,0
1.7128165,0.40392321,3.1332066,-0.30592152,0.32470578,0.89497387,0
-3.7552762,3.1195738,0.41505599,-0.30592152,0.32470578,0.89497387,0
-2.9537928,1.050441,-3.992907,-0.88728356,0.2435725,-0.39166343,0
-4.3440418,1.2927744,-0.96046424,-0.88728356,0.2435725,-0.39166343,0
-2.545274,1.0179458,-4.1208735,0.30592152,-0.32470578,-0.89497387,0
-1.9202349,1.5629137,1.5105814,-0.30592152,0.32470578,0.89497387,0
-2.739985,3.1232736,0.77503681,-0.30592152,0.32470578,0.89497387,0
-4.0296826,0.89744985,-1.8448153,-0.88728356,0.2435725,-0.39166343,0
-4.4501033,2.0557079,-0.15574551,-0.88728356,0.2435725,-0.39166343,0
-1.7598975,0.89472431,-3.820699,0.30592152,-0.32470578,-0.89497387,0
2.7628617,2.3020751,2.5057609,0.34516639,0.91391385,-0.21359202,0
3.6570549,0.4274776,3.5499458,0.88728356,-0.2435725,0.39166343,0
-3.8468204,1.8492837,0.75156975,-0.30592152,0.32470578,0.89497387,0
2.9464326,-0.032752037,-1.6763258,0.30592152,-0.32470578,-0.89497387,0
1.7443249,1.9143151,-0.60730332,0.34516639,0.91391385,-0.21359202,0
3.2307186,-2.518775,2.4314094,0.88728356,-0.2435725,0.39166343,0
3.9339247,0.75302422,3.1485982,0.88728356,-0.2435725,0.39166343,0
-3.6587708,-1.0101941,1.7143075,-0.34516639,-0.91391385,0.21359202,0
4.137609,-2.047015,0.68269873,0.88728356,-0.2435725,0.39166343,0
3.810432,-1.0206826,2.2040262,0.88728356,-0.2435725,0.39166343,0
0.31838548,0.74737871,2.5245602,-0.30592152,0.32470578,0.89497387,0
-3.3898611,0.91374934,-3.4344916,-0.88728356,0.2435725,-0.39166343,0
-1.8818737,2.6747503,-3.4936073,0.34516639,0.91391385,-0.21359202,0
4.0669584,1.7309082,2.3260341,0.34516639,0.91391385,-0.21359202,0
4.25278,0.4313361,2.146625,0.88728356,-0.2435725,0.39166343,0
-2.5678949,0.16538706,-3.7825451,0.30592152,-0.32470578,-0.89497387,0
0.14849973,-0.96285033,3.2922406,-0.30592152,0.32470578,0.89497387,0
2.3270626,-3.3780942,1.4105315,-0.34516639,-0.91391385,0.21359202,0
-3.5869482,-0.47847232,-3.458828,-0.88728356,0.2435725,-0.39166343,0
3.4092436,-1.3059063,2.7123044,0.88728356,-0.2435725,0.39166343,0
1.6367397,1.7079902,-1.3462758,0.34516639,0.91391385,-0.21359202,0
5.3433218,0.814924,0.08358264,0.34516639,0.91391385,-0.21359202,0
-2.6634324,-0.69239926,2.0618267,-0.30592152,0.32470578,0.89497387,0
3.4708858,0.080919504,-1.6561269,0.30592152,-0.32470578,-0.89497387,0
4.5499568,0.88279343,-0.47986007,0.34516639,0.91391385,-0.21359202,0
2.8069355,1.9807408,0.86170644,0.34516639,0.91391385,-0.21359202,0
0.56049657,2.2757211,2.205122,-0.30592152,0.32470578,0.89497387,0
1.9613411,-3.396795,0.73271704,-0.34516639,-0.91391385,0.21359202,0
1.4429667,-2.9671423,1.5216012,-0.34516639,-0.91391385,0.21359202,0
-1.0401185,-2.7662382,-2.0287905,-0.34516639,-0.91391385,0.21359202,0
-3.6008096,3.0087476,-1.5661867,-0.88728356,0.2435725,-0.39166343,0
-3.3186049,2.1874146,0.84561563,-0.30592152,0.32470578,0.89497387,0
-2.7369237,-1.66962,-3.1844394,0.30592152,-0.32470578,-0.89497387,0
-1.3009694,2.2135849,1.4498808,-0.30592152,0.32470578,0.89497387,0
4.3100591,1.1458559,2.2495236,0.88728356,-0.2435725,0.39166343,0
2.4465156,-2.7577772,3.9176056,-0.34516639,-0.91391385,0.21359202,0
0.84846401,1.949858,-2.3399115,0.34516639,0.91391385,-0.21359202,0
4.3890634,1.5965186,1.8921405,0.34516639,0.91391385,-0.21359202,0
2.7542396,-3.3436944,2.2302597,-0.34516639,-0.91391385,0.21359202,0
2.6187966,-2.1830964,4.2350016,0.88728356,-0.2435725,0.39166343,0
-0.98016691,1.9404404,1.6757057,-0.30592152,0.32470578,0.89497387,0
1.0513704,1.0964186,-2.7754755,0.30592152,-0.32470578,-0.89497387,0
-1.3305281,2.8723717,-1.6878254,0.34516639,0.91391385,-0.21359202,0
4.2706809,0.84431314,-1.4762946,0.34516639,0.91391385,-0.21359202,0
-0.38555479,-1.866341,2.8275692,-0.34516639,-0.91391385,0.21359202,0
-3.6564221,-0.78813839,1.8536485,-0.30592152,0.32470578,0.89497387,0
3.388478,-3.6745362,1.2842987,0.88728356,-0.2435725,0.39166343,0
0.92385352,2.1794128,-0.67199516,0.34516639,0.91391385,-0.21359202,0
4.2803741,1.5184555,2.9912794,0.88728356,-0.2435725,0.39166343,0
3.9704909,1.5662717,1.3197715,0.34516639,0.91391385,-0.21359202,0
-0.18012464,0.64866573,-3.0839787,0.30592152,-0.32470578,-0.89497387,0
2.9152493,0.16118941,3.6444948,-0.30592152,0.32470578,0.89497387,0
-4.2026668,-0.85832953,-2.5764906,-0.88728356,0.2435725,-0.39166343,0
-1.8130316,-2.6436956,-2.2919078,-0.34516639,-0.91391385,0.21359202,0
3.5530243,-1.2464319,2.4312251,0.88728356,-0.2435725,0.39166343,0
-5.0308599,0.067604303,-0.14594769,-0.88728356,0.2435725,-0.39166343,0
2.9684446,-1.2881143,3.7171948,0.88728356,-0.2435725,0.39166343,0
-3.494756,1.1416295,1.2883912,-0.30592152,0.32470578,0.89497387,0
1.5227661,-1.8595499,-1.5806119,0.30592152,-0.32470578,-0.89497387,0
4.4382238,0.3316232,1.6710842,0.88728356,-0.2435725,0.39166343,0
1.0096123,-2.8443661,0.84477806,-0.34516639,-0.91391385,0.21359202,0
4.6266079,0.7235527,1.6648662,0.88728356,-0.2435725,0.39166343,0
-1.3833555,3.3894091,0.78952849,0.34516639,0.91391385,-0.21359202,0
3.8934252,-0.45169806,2.2325261,0.88728356,-0.2435725,0.39166343,0
-4.3294935,-1.7107424,-2.2761679,-0.34516639,-0.91391385,0.21359202,0
-1.916604,0.23788095,1.97877,-0.30592152,0.32470578,0.89497387,0
-4.3556333,0.24597585,-1.7148261,-0.88728356,0.2435725,-0.39166343,0
-4.7597389,1.708271,0.38146901,-0.88728356,0.2435725,-0.39166343,0
-3.9435649,-1.3764809,-0.41023934,-0.34516639,-0.91391385,0.21359202,0
-2.0700164,2.2721832,1.3407122,-0.30592152,0.32470578,0.89497387,0
3.9202878,-1.2967315,-0.87706757,0.30592152,-0.32470578,-0.89497387,0
4.4691133,-0.49781442,1.2003779,0.88728356,-0.2435725,0.39166343,0
-3.4444585,-0.77952242,1.8923712,-0.30592152,0.32470578,0.89497387,0
-4.5904965,-0.14691567,-1.0911224,-0.88728356,0.2435725,-0.39166343,0
0.61192298,1.9446719,-2.8335853,0.34516639,0.91391385,-0.21359202,0
-4.9965844,-0.10552454,-0.096271753,-0.88728356,0.2435725,-0.39166343,0
0.19101369,-0.37102175,-2.5911407,0.30592152,-0.32470578,-0.89497387,0
4.3459988,-1.3280561,0.96836615,0.88728356,-0.2435725,0.39166343,0
3.9350653,1.787573,3.5101905,-0.30592152,0.32470578,0.89497387,0
-0.33306527,-0.4814558,2.7953062,-0.30592152,0.32470578,0.89497387,0
-2.2632499,-1.5748267,1.2272124,-0.34516639,-0.91391385,0.21359202,0
4.3155622,1.6175913,1.9279406,0.34516639,0.91391385,-0.21359202,0
2.8104219,-1.567049,4.1096344,0.88728356,-0.2435725,0.39166343,0
-0.94397444,-2.6297853,-2.1542649,0.30592152,-0.32470578,-0.89497387,0
-1.5587528,3.1275239,-0.68343902,0.34516639,0.91391385,-0.21359202,0
-0.48561645,2.1670868,-3.626379,0.34516639,0.91391385,-0.21359202,0
5.3908181,0.37465477,-0.39750671,0.88728356,-0.2435725,0.39166343,0
-4.1042547,3.327229,-0.33989763,-0.88728356,0.2435725,-0.39166343,0
-2.2542841,-0.28883648,-3.4307184,0.30592152,-0.32470578,-0.89497387,0
-4.0042481,0.23446476,-2.2296894,-0.88728356,0.2435725,-0.39166343,0
0.29757535,-2.9294231,-0.33334219,-0.34516639,-0.91391385,0.21359202,0
-1.7798058,0.035292208,-3.3310463,0.30592152,-0.32470578,-0.89497387,0
1.577665,1.0956256,2.9262617,-0.30592152,0.32470578,0.89497387,0
0.30426598,0.20599079,-2.82096,0.30592152,-0.32470578,-0.89497387,0
0.32889557,0.845074,-2.972554,0.30592152,-0.32470578,-0.89497387,0
-1.7125857,2.5486584,1.2378528,-0.30592152,0.32470578,0.89497387,0
-3.9859321,-1.8069263,-2.3849807,-0.34516639,-0.91391385,0.21359202,0
4.5021529,1.0422139,1.711575,0.88728356,-0.2435725,0.39166343,0
2.2438304,-2.4056411,-1.2425697,0.30592152,-0.32470578,-0.89497387,0
2.7636769,1.9597193,0.78535724,0.34516639,0.91391385,-0.21359202,0
-4.4032984,-0.86943793,1.0806763,-0.34516639,-0.91391385,0.21359202,0
-4.7026696,-0.14277148,-0.7297008,-0.88728356,0.2435725,-0.39166343,0
4.0181212,0.32382488,-1.4316921,0.30592152,-0.32470578,-0.89497387,0
1.2969441,-3.4686513,-1.0971009,0.30592152,-0.32470578,-0.89497387,0
-2.5603499,-1.1674403,2.2630787,-0.34516639,-0.91391385,0.21359202,0
0.39192343,-2.3117468,2.6409986,-0.34516639,-0.91391385,0.21359202,0
4.1051941,1.042231,2.7793975,0.88728356,-0.2435725,0.39166343,0
-0.75015569,2.541101,-1.6513457,0.34516639,0.91391385,-0.21359202,0
-3.1318264,-0.56076431,1.8638539,-0.30592152,0.32470578,0.89497387,0
1.3047333,-3.1904507,0.36122203,-0.34516639,-0.91391385,0.21359202,0
3.7745986,-2.2121184,1.5576313,0.88728356,-0.2435725,0.39166343,0
-1.8555024,-2.2965307,-0.90485805,-0.34516639,-0.91391385,0.21359202,0
0.94354653,1.3260617,-3.0634322,0.30592152,-0.32470578,-0.89497387,0
-1.034742,-0.41484147,-2.9682894,0.30592152,-0.32470578,-0.89497387,0
3.2679939,-1.1694515,-1.17826,0.30592152,-0.32470578,-0.89497387,0
5.2861705,0.50827742,-0.036350012,0.88728356,-0.2435725,0.39166343,0
-3.1805749,-1.041958,-3.5031395,0.30592152,-0.32470578,-0.89497387,0
2.5845492,1.3276395,-1.62511,0.34516639,0.91391385,-0.21359202,0
-2.5094986,-0.81495273,-3.2880201,0.30592152,-0.32470578,-0.89497387,0
-1.7145586,-2.518141,-2.5710738,0.30592152,-0.32470578,-0.89497387,0
-4.4406471,-1.2661881,-0.52334177,-0.34516639,-0.91391385,0.21359202,0
-5.1099176,-0.33945036,1.2416525,-0.30592152,0.32470578,0.89497387,0
2.3111935,2.0502114,0.99273372,0.34516639,0.91391385,-0.21359202,0
-4.0106816,0.80037975,1.031409,-0.30592152,0.32470578,0.89497387,0
4.0118289,-3.0163114,-0.38174129,0.30592152,-0.32470578,-0.89497387,0
-0.63550973,-0.91253555,2.8589544,-0.30592152,0.32470578,0.89497387,0
-2.8910193,-2.2247298,-2.2038896,-0.34516639,-0.91391385,0.21359202,0
2.3440959,-0.091956139,-2.0633864,0.30592152,-0.32470578,-0.89497387,0
4.8844686,0.40853953,-1.3738551,0.30592152,-0.32470578,-0.89497387,0
-2.519516,3.1173658,0.90906882,-0.30592152,0.32470578,0.89497387,0
0.77825403,-2.9877796,-0.17427731,-0.34516639,-0.91391385,0.21359202,0
4.8345613,-0.99457932,-0.25417376,0.88728356,-0.2435725,0.39166343,0
3.9575963,1.6347116,1.3762054,0.34516639,0.91391385,-0.21359202,0
-4.8011789,1.0671089,0.27922869,-0.88728356,0.2435725,-0.39166343,0
4.0947104,0.84890604,-1.4055789,0.34516639,0.91391385,-0.21359202,0
-3.1311185,3.540091,-1.6671119,0.34516639,0.91391385,-0.21359202,0
4.3737869,-1.3540027,0.53700948,0.88728356,-0.2435725,0.39166343,0
-3.580267,3.3903861,-1.1064928,-0.88728356,0.2435725,-0.39166343,0
-2.3395917,-1.8200202,-2.9499586,0.30592152,-0.32470578,-0.89497387,0
3.3985996,0.41075382,3.7188249,-0.30592152,0.32470578,0.89497387,0
1.9864475,-2.4448433,4.3763123,-0.30592152,0.32470578,0.89497387,0
5.4484358,0.55690265,-0.80915701,0.34516639,0.91391385,-0.21359202,0
-4.5181642,0.58105278,-0.95875692,-0.88728356,0.2435725,-0.39166343,0
0.83742326,-0.84395432,-2.1040316,0.30592152,-0.32470578,-0.89497387,0
3.5945687,-1.7355491,2.3688567,0.88728356,-0.2435725,0.39166343,0
3.6993403,-0.49511862,2.6976464,0.88728356,-0.2435725,0.39166343,0
-4.3467798,-0.82234591,-1.9177414,-0.88728356,0.2435725,-0.39166343,0
4.9089627,0.28584814,0.41129279,0.88728356,-0.2435725,0.39166343,0
1.8725537,2.5403633,2.5418038,-0.30592152,0.32470578,0.89497387,0
2.5548837,-1.6279016,4.3204598,-0.30592152,0.32470578,0.89497387,0
-2.9808743,1.1856449,-3.9420512,-0.88728356,0.2435725,-0.39166343,0
-3.760159,2.9509549,-1.0317888,-0.88728356,0.2435725,-0.39166343,0
1.9154193,1.525027,-1.932291,0.34516639,0.91391385,-0.21359202,0
-2.1790133,1.1585863,-4.0170813,0.30592152,-0.32470578,-0.89497387,0
2.944324,0.71030813,3.5816929,-0.30592152,0.32470578,0.89497387,0
0.1805675,2.3582749,-1.327808,0.34516639,0.91391385,-0.21359202,0
3.0487664,-1.0478363,-1.3383716,0.30592152,-0.32470578,-0.89497387,0
5.1170239,-1.1061714,-0.6554172,0.88728356,-0.2435725,0.39166343,0
4.1700611,-0.62817585,1.7764981,0.88728356,-0.2435725,0.39166343,0
-3.2995882,2.6841636,-2.557718,-0.88728356,0.2435725,-0.39166343,0
-4.477932,-0.16991198,-1.5514548,-0.88728356,0.2435725,-0.39166343,0
-3.9112887,3.4259071,-0.49288082,-0.88728356,0.2435725,-0.39166343,0
4.0856261,-2.4038808,0.60341334,0.88728356,-0.2435725,0.39166343,0
3.9079237,0.36831722,2.9884191,0.88728356,-0.2435725,0.39166343,0
0.62157291,-3.2524154,-1.297446,0.30592152,-0.32470578,-0.89497387,0
1.7229568,2.2074203,0.42741746,0.34516639,0.91391385,-0.21359202,0
-3.3294153,1.141772,-2.987155,-0.88728356,0.2435725,-0.39166343,0
-0.060038328,1.5242144,-3.3575854,0.30592152,-0.32470578,-0.89497387,0
-0.19464695,3.1199269,1.2749865,0.34516639,0.91391385,-0.21359202,0
0.54332143,-0.86210024,-2.2933116,0.30592152,-0.32470578,-0.89497387,0
-4.5847244,-1.0287442,-0.49317956,-0.34516639,-0.91391385,0.21359202,0
-3.078779,-0.30590129,1.9452415,-0.30592152,0.32470578,0.89497387,0
1.3977094,1.8517667,-1.8372263,0.34516639,0.91391385,-0.21359202,0
3.1865363,-3.5822344,1.9496052,-0.34516639,-0.91391385,0.21359202,0
-2.868247,0.27031946,1.6383404,-0.30592152,0.32470578,0.89497387,0
-1.4904728,0.69355237,1.9993808,-0.30592152,0.32470578,0.89497387,0
3.1207056,1.8192092,1.1664897,0.34516639,0.91391385,-0.21359202,0
-4.2203507,2.8387396,-0.11032677,-0.88728356,0.2435725,-0.39166343,0
-3.6532693,-1.3001076,-3.6355236,0.30592152,-0.32470578,-0.89497387,0
-1.6325655,3.2773812,-0.51211596,0.34516639,0.91391385,-0.21359202,0
2.2994106,-3.5237446,-0.036482811,-0.34516639,-0.91391385,0.21359202,0
3.7618518,-0.36233211,-1.4400963,0.30592152,-0.32470578,-0.89497387,0
0.7592417,-0.87255198,3.4443421,-0.30592152,0.32470578,0.89497387,0
-0.93029505,0.67868376,2.1356575,-0.30592152,0.32470578,0.89497387,0
-0.039104462,-0.47845578,-2.6961944,0.30592152,-0.32470578,-0.89497387,0
-2.6545329,2.2780931,1.084255,-0.30592152,0.32470578,0.89497387,0
-4.6487346,-0.3727026,-1.0443561,-0.88728356,0.2435725,-0.39166343,0
-2.8444352,3.5299463,-1.4951103,0.34516639,0.91391385,-0.21359202,0
0.011787891,2.2607703,-2.1195254,0.34516639,0.91391385,-0.21359202,0
4.4333758,1.2847612,0.76705205,0.34516639,0.91391385,-0.21359202,0
-4.6219482,1.5255291,-0.081587315,-0.88728356,0.2435725,-0.39166343,0
0.76287985,1.5471287,2.5538538,-0.30592152,0.32470578,0.89497387,0
2.8859279,2.0911746,2.1550016,0.34516639,0.91391385,-0.21359202,0
2.1399047,2.2759526,1.5202702,0.34516639,0.91391385,-0.21359202,0
-4.0555792,2.8369668,0.35823798,-0.30592152,0.32470578,0.89497387,0
-4.9417686,0.32974052,-0.18194866,-0.88728356,0.2435725,-0.39166343,0
-4.0426822,-1.7732184,-3.2694986,-0.88728356,0.2435725,-0.39166343,0
2.200032,-0.57674885,-1.7482038,0.30592152,-0.32470578,-0.89497387,0
5.4290099,0.47677016,-0.5042274,0.88728356,-0.2435725,0.39166343,0
-2.7752321,-1.8708088,-1.0830538,-0.34516639,-0.91391385,0.21359202,0
1.5289086,-1.1877732,3.6544662,-0.30592152,0.32470578,0.89497387,0
-3.541276,0.1654855,-3.3169274,-0.88728356,0.2435725,-0.39166343,0
-1.5251689,3.1598992,-0.91949129,0.34516639,0.91391385,-0.21359202,0
-3.047142,-1.7453682,-3.2438984,0.30592152,-0.32470578,-0.89497387,0
3.4743037,-3.5283995,-0.23517871,0.30592152,-0.32470578,-0.89497387,0
-1.183233,-2.5706475,-2.1573768,0.30592152,-0.32470578,-0.89497387,0
-5.0481763,0.572649,0.20954943,-0.88728356,0.2435725,-0.39166343,0
2.4412665,-2.9831054,2.8930385,-0.34516639,-0.91391385,0.21359202,0
3.7076964,-0.34909654,2.6280615,0.88728356,-0.2435725,0.39166343,0
-4.1385131,-1.4190139,-0.78313947,-0.34516639,-0.91391385,0.21359202,0
-3.5836434,-1.6831691,-3.4004216,0.30592152,-0.32470578,-0.89497387,0
-0.23361516,1.9789643,-3.1871173,0.34516639,0.91391385,-0.21359202,0
0.19347101,3.0175116,1.7010041,0.34516639,0.91391385,-0.21359202,0
0.03978467,-3.0012352,-1.1703622,-0.34516639,-0.91391385,0.21359202,0
-5.2837381,-0.31330705,0.19863629,-0.88728356,0.2435725,-0.39166343,0
0.072245598,2.7049625,-0.29340601,0.34516639,0.91391385,-0.21359202,0
-3.0661592,3.2903993,-2.2181993,0.34516639,0.91391385,-0.21359202,0
2.0095327,2.4333165,2.0116267,0.34516639,0.91391385,-0.21359202,0
-1.6518335,-2.0282123,-2.5748429,0.30592152,-0.32470578,-0.89497387,0
-3.9719737,0.76980877,1.0599563,-0.30592152,0.32470578,0.89497387,0
-2.4473841,1.7237644,-4.2305279,0.30592152,-0.32470578,-0.89497387,0
2.1308894,-0.18755123,3.6031108,-0.30592152,0.32470578,0.89497387,0
-2.2814384,-1.9234203,0.0012634099,-0.34516639,-0.91391385,0.21359202,0
2.2812018,1.7489942,-0.78660429,0.34516639,0.91391385,-0.21359202,0
0.95416492,0.72138608,2.8962448,-0.30592152,0.32470578,0.89497387,0
3.1287007,-2.6832867,2.5729988,0.88728356,-0.2435725,0.39166343,0
2.2630043,0.22138047,-2.080512,0.30592152,-0.32470578,-0.89497387,0
1.674736,-2.9321837,-1.1781566,0.30592152,-0.32470578,-0.89497387,0
3.894608,1.4654214,3.4521599,0.88728356,-0.2435725,0.39166343,0
-4.4579048,1.6210816,-0.39215994,-0.88728356,0.2435725,-0.39166343,0
-0.56774187,-1.8373525,2.470701,-0.34516639,-0.91391385,0.21359202,0
3.5600748,-3.2369692,1.6378858,0.88728356,-0.2435725,0.39166343,0
-2.9687779,3.7418528,-0.66870356,0.34516639,0.91391385,-0.21359202,0
-2.4973519,-0.40065956,2.1443231,-0.30592152,0.32470578,0.89497387,0
-1.1040831,-1.994909,1.5277395,-0.34516639,-0.91391385,0.21359202,0
4.100955,-0.35100889,-1.2063453,0.30592152,-0.32470578,-0.89497387,0
-0.6343987,1.731864,-3.5855083,0.30592152,-0.32470578,-0.89497387,0
2.7779114,2.0158062,1.5214055,0.34516639,0.91391385,-0.21359202,0
-2.0538387,3.2992818,-0.656075,0.34516639,0.91391385,-0.21359202,0
0.46822116,0.87463391,2.7280841,-0.30592152,0.32470578,0.89497387,0
2.8429103,2.0435569,1.4930813,0.34516639,0.91391385,-0.21359202,0
-4.6144762,-0.51287341,-1.4992366,-0.88728356,0.2435725,-0.39166343,0
3.4438267,1.3791102,3.4064374,-0.30592152,0.32470578,0.89497387,0
-4.5482159,-0.1980238,1.2682831,-0.30592152,0.32470578,0.89497387,0
2.5935595,-0.98279762,-1.5849619,0.30592152,-0.32470578,-0.89497387,0
-1.0107949,-2.2348399,-2.2664406,0.30592152,-0.32470578,-0.89497387,0
3.7585483,-0.42352432,2.5731716,0.88728356,-0.2435725,0.39166343,0
-3.1978333,0.80427003,-3.8582199,-0.88728356,0.2435725,-0.39166343,0
3.5612249,-3.2448978,1.4892612,0.88728356,-0.2435725,0.39166343,0
-0.62480354,1.6595768,-3.6278987,0.30592152,-0.32470578,-0.89497387,0
1.8473471,2.6127126,2.1264322,0.34516639,0.91391385,-0.21359202,0
-4.9212565,0.022456884,1.0988483,-0.30592152,0.32470578,0.89497387,0
-0.40097737,2.0624452,-3.411715,0.34516639,0.91391385,-0.21359202,0
2.6355436,1.6478752,0.063767016,0.34516639,0.91391385,-0.21359202,0
0.074826479,-2.2952554,1.6190629,-0.34516639,-0.91391385,0.21359202,0
-4.072968,-2.0347905,-3.3670955,0.30592152,-0.32470578,-0.89497387,0
