3.6148345,0.110993,1.9555236,0.65453196,0.50478381,0.56283307,0
-1.2173121,1.1064191,-3.3121772,-0.38601679,0.86323482,-0.32529473,0
2.0640147,-1.8756535,0.026547283,0.38601679,-0.86323482,0.32529473,0
-1.9728979,-3.5459533,0.57681859,0.38601679,-0.86323482,0.32529473,0
-3.848012,-1.7684627,-0.068499923,-0.65453196,-0.50478381,-0.56283307,0
1.6626012,-0.79674846,-1.9758631,0.65006065,0.0043471605,-0.75986981,0
-2.9944549,1.6663532,0.68362314,-0.65006065,-0.0043471605,0.75986981,0
0.43176377,2.4452994,3.531179,0.65453196,0.50478381,0.56283307,0
-0.024611533,2.6705165,-0.30230173,-0.38601679,0.86323482,-0.32529473,0
-3.4675853,1.2050887,-0.14741087,-0.38601679,0.86323482,-0.32529473,0
-2.842355,1.4754395,0.99386406,-0.65006065,-0.0043471605,0.75986981,0
0.29798934,3.4759302,1.4897351,-0.38601679,0.86323482,-0.32529473,0
4.1291938,0.2959291,0.25443089,0.65006065,0.0043471605,-0.75986981,0
-1.1005077,-2.5623686,-2.6838059,-0.65453196,-0.50478381,-0.56283307,0
3.8165588,1.5639914,0.40302753,0.65453196,0.50478381,0.56283307,0
-1.57446,2.0023837,-0.42626825,-0.38601679,0.86323482,-0.32529473,0
-1.1006,-1.4362195,-3.6276765,-0.65453196,-0.50478381,-0.56283307,0
-2.3537836,-0.50680625,-2.9158442,-0.65453196,-0.50478381,-0.56283307,0
2.6411176,-1.5003345,-0.99110514,0.65006065,0.0043471605,-0.75986981,0
-1.1212449,-3.2904694,-1.8202392,-0.65453196,-0.50478381,-0.56283307,0
-3.7036536,1.3349659,0.1790337,-0.38601679,0.86323482,-0.32529473,0
0.0094197989,-2.0103984,2.3272603,0.38601679,-0.86323482,0.32529473,0
-1.2001245,-0.39013803,-4.2822175,0.65006065,0.0043471605,-0.75986981,0
-3.5818367,1.2053893,-0.15408301,-0.38601679,0.86323482,-0.32529473,0
0.59623677,2.2000184,3.5228248,0.65453196,0.50478381,0.56283307,0
-0.90127349,-2.2089806,-3.3519216,-0.65453196,-0.50478381,-0.56283307,0
-2.4295149,1.0067818,-2.1372974,-0.38601679,0.86323482,-0.32529473,0
-2.2627468,2.1770301,0.8187356,-0.38601679,0.86323482,-0.32529473,0
1.8071841,-1.7695292,0.94009274,0.38601679,-0.86323482,0.32529473,0
-2.1540141,-3.8512022,-0.35594249,-0.65453196,-0.50478381,-0.56283307,0
2.1519217,0.13039619,3.4955337,0.65453196,0.50478381,0.56283307,0
-0.63885993,2.9451449,0.78058088,-0.38601679,0.86323482,-0.32529473,0
0.96722698,-0.96055597,-2.5970347,0.65006065,0.0043471605,-0.75986981,0
1.4629114,1.0627954,3.6307425,0.65453196,0.50478381,0.56283307,0
0.5159384,1.1819851,3.8301911,-0.65006065,-0.0043471605,0.75986981,0
-1.2865524,-0.65102351,2.1829884,-0.65006065,-0.0043471605,0.75986981,0
-2.008744,1.2317547,-1.9270227,-0.38601679,0.86323482,-0.32529473,0
0.38793337,0.86600214,-3.0798936,0.65006065,0.0043471605,-0.75986981,0
-0.3776027,0.077138841,3.0829501,-0.65006065,-0.0043471605,0.75986981,0
-1.845998,-1.8638226,-2.3529429,-0.65453196,-0.50478381,-0.56283307,0
0.25264585,3.8136153,2.6366637,0.65453196,0.50478381,0.56283307,0
1.4797828,-0.81479782,-2.0610147,0.65006065,0.0043471605,-0.75986981,0
1.8833938,0.073875457,-1.7786646,0.65006065,0.0043471605,-0.75986981,0
0.71635187,-1.5946598,2.7597623,0.38601679,-0.86323482,0.32529473,0
3.3700936,3.0295591,-0.40353155,0.65453196,0.50478381,0.56283307,0
2.3818631,2.4467008,1.1923001,0.65453196,0.50478381,0.56283307,0
1.8631164,2.5266814,1.7861987,0.65453196,0.50478381,0.56283307,0
1.7039115,3.8730495,0.56685042,-0.38601679,0.86323482,-0.32529473,0
-0.9178434,-1.1899881,-3.9481854,-0.65453196,-0.50478381,-0.56283307,0
3.6633644,0.76065803,-0.23584104,0.65006065,0.0043471605,-0.75986981,0
-2.8581238,-1.5010611,0.95816016,-0.65006065,-0.0043471605,0.75986981,0
-1.7201291,-0.61916834,-3.5373139,-0.65453196,-0.50478381,-0.56283307,0
-1.5599009,-1.801248,-2.6168551,-0.65453196,-0.50478381,-0.56283307,0
2.0774202,3.6856349,0.35679531,0.65453196,0.50478381,0.56283307,0
-0.65135193,2.1059718,-1.2847407,-0.38601679,0.86323482,-0.32529473,0
3.0545325,2.9425201,-0.57156503,0.65006065,0.0043471605,-0.75986981,0
-1.2165918,-1.4889789,2.3160682,-0.65006065,-0.0043471605,0.75986981,0
3.1746097,1.8801348,0.68875778,0.65453196,0.50478381,0.56283307,0
1.1710393,3.0696704,2.0558798,0.65453196,0.50478381,0.56283307,0
1.0987265,3.9182448,1.1800057,-0.38601679,0.86323482,-0.32529473,0
3.8199105,0.5832814,1.092643,0.65453196,0.50478381,0.56283307,0
0.56697798,-1.1011705,-2.8518658,0.65006065,0.0043471605,-0.75986981,0
-2.9824643,0.24742524,0.86002862,-0.65006065,-0.0043471605,0.75986981,0
0.2004198,3.0569274,3.3726966,-0.65006065,-0.0043471605,0.75986981,0
-1.101591,-1.90078,-3.2946649,-0.65453196,-0.50478381,-0.56283307,0
-0.051261604,-1.0376036,-3.441401,0.65006065,0.0043471605,-0.75986981,0
-1.1899284,2.534971,0.1516003,-0.38601679,0.86323482,-0.32529473,0
3.8429947,1.6518204,-0.11881435,0.65006065,0.0043471605,-0.75986981,0
-0.74967504,-0.91696864,-3.9705253,0.65006065,0.0043471605,-0.75986981,0
-0.71009457,-3.1802676,-2.6710126,-0.65453196,-0.50478381,-0.56283307,0
2.717289,-1.4030163,0.65312624,0.38601679,-0.86323482,0.32529473,0
3.0643208,0.35928956,2.2129593,0.65453196,0.50478381,0.56283307,0
-0.52035177,2.6659436,0.066385031,-0.38601679,0.86323482,-0.32529473,0
4.1478882,-0.73431158,0.17753565,0.65006065,0.0043471605,-0.75986981,0
0.85911232,-1.9853354,-2.5186014,0.65006065,0.0043471605,-0.75986981,0
-3.9549053,-0.71952188,-0.0045045614,-0.65006065,-0.0043471605,0.75986981,0
-0.2339887,0.86603308,-3.3937829,0.65006065,0.0043471605,-0.75986981,0
3.1195502,1.5636239,1.316035,0.65453196,0.50478381,0.56283307,0
-1.743633,-0.013743699,-4.1579523,-0.65453196,-0.50478381,-0.56283307,0
2.4405603,2.5032415,-1.2330432,0.65006065,0.0043471605,-0.75986981,0
2.6754837,-1.0025311,1.6939656,0.38601679,-0.86323482,0.32529473,0
-2.5386956,0.22068667,-3.5982866,-0.65453196,-0.50478381,-0.56283307,0
0.82001626,3.0944531,2.6647606,0.65453196,0.50478381,0.56283307,0
-3.5992632,0.020754784,-2.0042257,-0.65453196,-0.50478381,-0.56283307,0
-1.2252755,-1.8789306,-3.0634584,-0.65453196,-0.50478381,-0.56283307,0
-0.30047482,-3.0460758,-0.057297289,0.38601679,-0.86323482,0.32529473,0
1.2530813,2.7078435,2.3716671,0.65453196,0.50478381,0.56283307,0
-3.0525863,-0.2880159,-2.2369559,-0.65453196,-0.50478381,-0.56283307,0
-2.1000566,1.6152476,-1.0171001,-0.38601679,0.86323482,-0.32529473,0
1.6389842,0.13449016,-1.9096453,0.65006065,0.0043471605,-0.75986981,0
-2.8376889,1.9614327,0.79560566,-0.38601679,0.86323482,-0.32529473,0
-2.4170129,-2.7478716,-0.90557289,-0.65453196,-0.50478381,-0.56283307,0
-2.3191261,0.47821909,-3.5451574,-0.38601679,0.86323482,-0.32529473,0
-2.7348042,1.2123756,0.85261357,-0.65006065,-0.0043471605,0.75986981,0
1.9707625,2.2565353,2.0201552,0.65453196,0.50478381,0.56283307,0
0.84476399,3.2822325,2.2898922,0.65453196,0.50478381,0.56283307,0
3.8914032,-0.3687579,-0.0131706,0.65006065,0.0043471605,-0.75986981,0
2.6392689,-1.6779801,-1.000298,0.65006065,0.0043471605,-0.75986981,0
-0.078124285,-0.62756717,3.1452184,-0.65006065,-0.0043471605,0.75986981,0
-0.16556132,2.3384748,-1.4651301,-0.38601679,0.86323482,-0.32529473,0
3.7021546,-0.93131757,0.91959131,0.38601679,-0.86323482,0.32529473,0
-1.2739999,1.862268,2.2128437,-0.65006065,-0.0043471605,0.75986981,0
-0.73628891,-0.40290087,-4.0087767,0.65006065,0.0043471605,-0.75986981,0
3.5626194,1.3272123,-0.20398307,0.65006065,0.0043471605,-0.75986981,0
0.21955127,-0.73313653,3.3468659,-0.65006065,-0.0043471605,0.75986981,0
4.0508842,1.2416292,0.47393489,0.65453196,0.50478381,0.56283307,0
1.1660596,1.3031116,-2.3346155,0.65006065,0.0043471605,-0.75986981,0
2.6240873,1.2025162,-1.1092535,0.65006065,0.0043471605,-0.75986981,0
-3.299279,-2.5667753,-0.052653432,-0.65453196,-0.50478381,-0.56283307,0
3.134825,2.7319322,0.066231847,0.65453196,0.50478381,0.56283307,0
-2.0966392,1.5080525,-1.4295775,-0.38601679,0.86323482,-0.32529473,0
-3.6052623,0.59315461,0.2553134,-0.65006065,-0.0043471605,0.75986981,0
-2.3548751,-3.6073821,-0.24332023,-0.65453196,-0.50478381,-0.56283307,0
-1.3777225,0.32475579,2.1966703,-0.65006065,-0.0043471605,0.75986981,0
2.6605492,-0.49085414,3.2001905,0.38601679,-0.86323482,0.32529473,0
1.765063,0.91514683,3.237788,0.65453196,0.50478381,0.56283307,0
-2.0590243,-3.708622,0.28749043,0.38601679,-0.86323482,0.32529473,0
-0.54783976,2.6104789,2.8696959,-0.65006065,-0.0043471605,0.75986981,0
-1.5039929,-2.2539165,-2.5221136,-0.65453196,-0.50478381,-0.56283307,0
0.13963425,2.5975759,-0.7109533,-0.38601679,0.86323482,-0.32529473,0
3.8137903,1.4942396,0.54953611,0.65453196,0.50478381,0.56283307,0
1.6236918,3.7801263,0.93055654,0.65453196,0.50478381,0.56283307,0
0.25251299,-0.33518171,-3.0409079,0.65006065,0.0043471605,-0.75986981,0
2.2541485,2.48142,-1.3781091,0.65006065,0.0043471605,-0.75986981,0
3.777844,0.7534309,1.104466,0.65453196,0.50478381,0.56283307,0
0.35361892,-0.3257032,-2.9105363,0.65006065,0.0043471605,-0.75986981,0
-4.3079438,-0.18741921,-1.1550254,-0.65453196,-0.50478381,-0.56283307,0
2.2962854,-1.0798801,1.8657321,0.38601679,-0.86323482,0.32529473,0
-1.6924378,2.6051705,1.0954131,-0.38601679,0.86323482,-0.32529473,0
-2.3460124,-0.82788408,-2.9144697,-0.65453196,-0.50478381,-0.56283307,0
-1.7895778,2.4328074,1.8650333,-0.65006065,-0.0043471605,0.75986981,0
1.4077992,0.23291761,4.5472102,-0.65006065,-0.0043471605,0.75986981,0
-0.76111162,2.1132834,-1.0413109,-0.38601679,0.86323482,-0.32529473,0
-2.4113808,2.0997195,0.64971614,-0.38601679,0.86323482,-0.32529473,0
-0.82117045,2.8133059,2.6614637,-0.65006065,-0.0043471605,0.75986981,0
-2.1255426,-3.9788878,-0.28706336,0.38601679,-0.86323482,0.32529473,0
1.24779,-2.9138613,-1.3121169,0.38601679,-0.86323482,0.32529473,0
3.5961478,-0.35031253,2.2462611,0.38601679,-0.86323482,0.32529473,0
3.7797894,1.1569651,0.61710262,0.65453196,0.50478381,0.56283307,0
-0.53239775,3.5415211,2.4352109,-0.38601679,0.86323482,-0.32529473,0
-1.7804852,0.86472434,1.8144809,-0.65006065,-0.0043471605,0.75986981,0
2.2519965,-1.1885123,1.9548365,0.38601679,-0.86323482,0.32529473,0
-1.7534084,2.3349152,0.55537277,-0.38601679,0.86323482,-0.32529473,0
-1.7906406,-1.3903246,1.6536897,-0.65006065,-0.0043471605,0.75986981,0
2.9094076,3.4704401,-0.86043048,0.65006065,0.0043471605,-0.75986981,0
-3.0019107,0.3638767,-3.0195804,-0.65453196,-0.50478381,-0.56283307,0
-1.839378,-3.6461735,-0.83650243,-0.65453196,-0.50478381,-0.56283307,0
-0.88830274,0.014769256,2.4565027,-0.65006065,-0.0043471605,0.75986981,0
-0.33933032,-2.1256251,2.1449738,0.38601679,-0.86323482,0.32529473,0
2.750895,3.1647639,-0.89835984,0.65006065,0.0043471605,-0.75986981,0
2.1394248,1.9335263,-1.503799,0.65006065,0.0043471605,-0.75986981,0
-1.8613391,0.35878551,-4.3621211,-0.38601679,0.86323482,-0.32529473,0
1.9566063,2.1341152,1.9319968,0.65453196,0.50478381,0.56283307,0
-2.142262,-2.5025148,-1.5385799,-0.65453196,-0.50478381,-0.56283307,0
2.9418259,0.7111935,2.3067393,0.65453196,0.50478381,0.56283307,0
2.1452174,1.3362281,-1.5423639,0.65006065,0.0043471605,-0.75986981,0
0.28985098,2.4432318,3.5549254,-0.65006065,-0.0043471605,0.75986981,0
3.1509299,-1.437765,0.24571949,0.38601679,-0.86323482,0.32529473,0
0.11241269,1.772853,-2.8194039,-0.38601679,0.86323482,-0.32529473,0
0.13121252,3.7718253,2.828624,0.65453196,0.50478381,0.56283307,0
-1.4305896,2.4101043,0.65598911,-0.38601679,0.86323482,-0.32529473,0
1.8831148,-1.6996862,1.2080302,0.38601679,-0.86323482,0.32529473,0
0.30657238,2.4588668,-1.2382017,-0.38601679,0.86323482,-0.32529473,0
3.1204185,1.4330142,-0.58327967,0.65006065,0.0043471605,-0.75986981,0
-2.7568312,0.062449217,-3.2319329,-0.65453196,-0.50478381,-0.56283307,0
-2.2012672,-2.7622197,-1.2268227,-0.65453196,-0.50478381,-0.56283307,0
-3.025502,0.14278334,-3.0015726,-0.65453196,-0.50478381,-0.56283307,0
1.8449095,3.0366993,-1.5197208,-0.38601679,0.86323482,-0.32529473,0
1.9613881,-2.6926806,-1.7165349,0.38601679,-0.86323482,0.32529473,0
1.7290165,1.1431428,3.1582737,0.65453196,0.50478381,0.56283307,0
2.5552511,2.3687093,-0.98472643,0.65006065,0.0043471605,-0.75986981,0
-3.3150315,-0.41155303,-2.0040765,-0.65453196,-0.50478381,-0.56283307,0
3.7380543,1.5269084,0.49307799,0.65453196,0.50478381,0.56283307,0
-1.7590706,2.0391192,-0.037883937,-0.38601679,0.86323482,-0.32529473,0
-2.79883,-3.2120962,0.88714689,-0.65006065,-0.0043471605,0.75986981,0
1.6213442,3.7144735,0.067856789,-0.38601679,0.86323482,-0.32529473,0
1.7328478,1.4646055,2.9651601,0.65453196,0.50478381,0.56283307,0
0.41080004,-1.6883996,2.8401194,0.38601679,-0.86323482,0.32529473,0
-2.165621,-3.6082284,-0.52383912,-0.65453196,-0.50478381,-0.56283307,0
0.88616502,0.52974623,-2.5676332,0.65006065,0.0043471605,-0.75986981,0
1.4974352,-0.11128604,4.50949,-0.65006065,-0.0043471605,0.75986981,0
-4.3232975,-0.29184112,-0.3293587,-0.65006065,-0.0043471605,0.75986981,0
2.2472315,3.0619674,-1.3610343,0.65006065,0.0043471605,-0.75986981,0
0.33412743,1.571171,-2.9697952,0.65006065,0.0043471605,-0.75986981,0
3.2874022,-0.34793293,-0.38904667,0.65006065,0.0043471605,-0.75986981,0
3.5831475,-0.50652337,2.1691227,0.38601679,-0.86323482,0.32529473,0
0.006021142,-2.0265529,2.400573,0.38601679,-0.86323482,0.32529473,0
-3.4679861,0.90412903,-1.3451507,-0.38601679,0.86323482,-0.32529473,0
0.51139402,2.8458209,3.0332863,0.65453196,0.50478381,0.56283307,0
0.52314478,-1.8680687,2.1640027,0.38601679,-0.86323482,0.32529473,0
-4.32163,-0.027115978,-0.2775588,-0.65006065,-0.0043471605,0.75986981,0
2.0304346,0.42071748,-1.5033724,0.65006065,0.0043471605,-0.75986981,0
-3.5386672,-0.11710427,0.22735453,-0.65006065,-0.0043471605,0.75986981,0
3.0394299,-0.049977899,2.7573004,0.65453196,0.50478381,0.56283307,0
1.5960782,-1.0358062,3.1151843,0.38601679,-0.86323482,0.32529473,0
2.8394239,-0.0038601756,2.8792217,0.65453196,0.50478381,0.56283307,0
-3.98406,-0.078003585,-1.4630289,-0.65453196,-0.50478381,-0.56283307,0
2.0969422,-2.3835785,-1.5933787,0.65006065,0.0043471605,-0.75986981,0
2.0296621,-2.0253599,-1.6523654,0.65006065,0.0043471605,-0.75986981,0
0.92999423,1.8098825,-2.4166331,0.65006065,0.0043471605,-0.75986981,0
-1.0160766,1.5303481,-2.3714573,-0.38601679,0.86323482,-0.32529473,0
-2.8836005,0.11042082,-2.978544,-0.65453196,-0.50478381,-0.56283307,0
3.74438,1.7142695,0.19853866,0.65453196,0.50478381,0.56283307,0
-1.7293272,-2.8719821,-1.6093147,-0.65453196,-0.50478381,-0.56283307,0
3.1980741,1.595976,1.0962825,0.65453196,0.50478381,0.56283307,0
-1.8351649,1.4220902,-1.4738522,-0.38601679,0.86323482,-0.32529473,0
1.5955341,-2.6201422,-2.0490341,0.65006065,0.0043471605,-0.75986981,0
-1.1430663,2.1922243,-0.37670112,-0.38601679,0.86323482,-0.32529473,0
1.0322579,-1.1153779,3.6067085,0.38601679,-0.86323482,0.32529473,0
-0.21109986,3.0684829,3.183764,-0.65006065,-0.0043471605,0.75986981,0
-1.5013956,-1.868322,-2.7850738,-0.65453196,-0.50478381,-0.56283307,0
3.477313,2.1572862,0.22946227,0.65453196,0.50478381,0.56283307,0
3.8095777,-0.014629049,0.02069068,0.65006065,0.0043471605,-0.75986981,0
-3.5197847,1.2166649,-0.16749728,-0.38601679,0.86323482,-0.32529473,0
1.8475189,-2.0190351,-1.7276003,0.65006065,0.0043471605,-0.75986981,0
0.57397103,3.8522942,1.8916882,-0.38601679,0.86323482,-0.32529473,0
3.563868,0.63944364,-0.11851501,0.65006065,0.0043471605,-0.75986981,0
2.2213547,-0.67958653,3.1761484,0.38601679,-0.86323482,0.32529473,0
2.1596098,-0.056963563,3.7205744,0.65453196,0.50478381,0.56283307,0
1.3202703,1.9228247,3.1108036,0.65453196,0.50478381,0.56283307,0
-1.2784566,-3.2684255,0.75144738,0.38601679,-0.86323482,0.32529473,0
1.6402059,3.9047358,0.632743,-0.38601679,0.86323482,-0.32529473,0
0.57806969,3.1851606,2.6692362,0.65453196,0.50478381,0.56283307,0
-1.6723588,2.7077823,1.2561862,-0.38601679,0.86323482,-0.32529473,0
-1.4158564,-1.3631973,2.1042328,-0.65006065,-0.0043471605,0.75986981,0
0.12704086,1.4711459,-3.1737123,0.65006065,0.0043471605,-0.75986981,0
-3.9155116,-0.23912394,0.035880566,-0.65006065,-0.0043471605,0.75986981,0
4.494143,-0.59516108,0.87714648,0.38601679,-0.86323482,0.32529473,0
-1.5230639,1.2272352,1.9758173,-0.65006065,-0.0043471605,0.75986981,0
0.33165246,-1.4765086,3.4333527,0.38601679,-0.86323482,0.32529473,0
1.7135402,1.1688941,-1.8967556,0.65006065,0.0043471605,-0.75986981,0
0.70024234,-1.5437264,-2.6772223,0.65006065,0.0043471605,-0.75986981,0
-1.4232129,2.770668,1.2841635,-0.38601679,0.86323482,-0.32529473,0
2.6446695,0.96101749,-0.95565104,0.65006065,0.0043471605,-0.75986981,0
-0.49760869,3.3282225,2.9040895,-0.65006065,-0.0043471605,0.75986981,0
-0.92378116,-3.7869158,-1.8379436,-0.65453196,-0.50478381,-0.56283307,0
2.2041292,-1.8957886,0.24368823,0.38601679,-0.86323482,0.32529473,0
-2.6292784,1.2105603,-1.3427514,-0.38601679,0.86323482,-0.32529473,0
-2.7169125,1.7039282,0.13821518,-0.38601679,0.86323482,-0.32529473,0
1.1308916,1.4509251,3.650219,0.65453196,0.50478381,0.56283307,0
0.52722347,-0.34065342,-2.9052045,0.65006065,0.0043471605,-0.75986981,0
-2.5334356,-1.755692,-1.6427968,-0.65453196,-0.50478381,-0.56283307,0
4.5870695,-0.32301158,1.1701982,0.65453196,0.50478381,0.56283307,0
2.1307306,2.2353897,1.9096278,0.65453196,0.50478381,0.56283307,0
-2.9949675,0.77209663,-2.2972803,-0.38601679,0.86323482,-0.32529473,0
-2.0602405,1.0857282,-2.2355366,-0.38601679,0.86323482,-0.32529473,0
0.098504066,3.6218915,1.574963,-0.38601679,0.86323482,-0.32529473,0
-2.2459073,-1.4214143,-2.4093266,-0.65453196,-0.50478381,-0.56283307,0
1.4277923,-1.1506124,3.0438404,0.38601679,-0.86323482,0.32529473,0
3.9519427,0.98139799,0.6197623,0.65453196,0.50478381,0.56283307,0
2.3439784,2.6410148,0.94909787,0.65453196,0.50478381,0.56283307,0
1.9477715,0.84996438,3.0767255,0.65453196,0.50478381,0.56283307,0
1.4251981,-1.4139531,2.4558177,0.38601679,-0.86323482,0.32529473,0
2.461339,1.3585114,2.219619,0.65453196,0.50478381,0.56283307,0
-0.53079259,-0.0091517568,2.7898612,-0.65006065,-0.0043471605,0.75986981,0
1.6555715,-2.6997015,-1.8992529,0.65006065,0.0043471605,-0.75986981,0
-2.7194223,-3.0709572,-0.23854709,-0.65453196,-0.50478381,-0.56283307,0
0.47235635,3.8890076,1.9285364,-0.38601679,0.86323482,-0.32529473,0
-1.0887668,0.28198507,2.3969853,-0.65006065,-0.0043471605,0.75986981,0
-2.3155897,-2.1799929,-1.4641501,-0.65453196,-0.50478381,-0.56283307,0
2.3221786,2.9167364,-1.3401699,0.65006065,0.0043471605,-0.75986981,0
2.1686969,3.3683281,-1.4959033,0.65006065,0.0043471605,-0.75986981,0
-2.5268581,1.4260927,1.1434442,-0.65006065,-0.0043471605,0.75986981,0
2.3519506,1.1513913,-1.2028488,0.65006065,0.0043471605,-0.75986981,0
-2.2109821,-3.3899851,1.1351708,0.38601679,-0.86323482,0.32529473,0
-1.689139,-3.3398132,0.58143139,0.38601679,-0.86323482,0.32529473,0
2.170553,2.1367624,1.7551033,0.65453196,0.50478381,0.56283307,0
-0.8650614,1.451805,-2.6631067,-0.38601679,0.86323482,-0.32529473,0
0.87624681,1.5785575,-2.5044081,0.65006065,0.0043471605,-0.75986981,0
-2.530926,-2.0174994,-1.5537347,-0.65453196,-0.50478381,-0.56283307,0
-2.1330197,0.40913951,1.4252715,-0.65006065,-0.0043471605,0.75986981,0
2.0385218,3.4239659,-1.174191,-0.38601679,0.86323482,-0.32529473,0
-2.2674565,0.14328343,-3.8082654,-0.65453196,-0.50478381,-0.56283307,0
-4.4290299,0.58972222,-0.36411071,-0.65006065,-0.0043471605,0.75986981,0
2.3337772,0.62129098,-1.3948244,0.65006065,0.0043471605,-0.75986981,0
-2.1553679,1.8212932,-0.58129829,-0.38601679,0.86323482,-0.32529473,0
-0.99886465,-3.1157815,0.86248016,0.38601679,-0.86323482,0.32529473,0
1.2383785,3.0911405,1.8546656,0.65453196,0.50478381,0.56283307,0
-3.656009,-1.8229597,0.21740234,-0.65006065,-0.0043471605,0.75986981,0
2.1992302,3.7320387,-0.56913984,-0.38601679,0.86323482,-0.32529473,0
0.10004564,-3.7788751,-2.7733374,-0.65453196,-0.50478381,-0.56283307,0
-2.8973818,-1.1439731,0.7067548,-0.65006065,-0.0043471605,0.75986981,0
0.92101949,-1.6743739,2.3494971,0.38601679,-0.86323482,0.32529473,0
-3.5459814,0.60398376,-1.91751,-0.38601679,0.86323482,-0.32529473,0
1.9918357,-2.3572812,-1.5075949,0.65006065,0.0043471605,-0.75986981,0
1.6583622,0.16332871,4.2051268,0.65453196,0.50478381,0.56283307,0
-0.86567235,0.78155476,-3.914834,0.65006065,0.0043471605,-0.75986981,0
0.6450265,2.9084313,-0.67012745,-0.38601679,0.86323482,-0.32529473,0
-2.3375835,-2.4246626,1.2304461,-0.65006065,-0.0043471605,0.75986981,0
0.79556042,3.1568594,2.6370263,0.65453196,0.50478381,0.56283307,0
-1.9315768,-3.8214133,0.08341074,0.38601679,-0.86323482,0.32529473,0
1.7407606,-2.849385,-1.6609634,0.38601679,-0.86323482,0.32529473,0
1.3246323,3.270978,1.6577817,0.65453196,0.50478381,0.56283307,0
0.98081064,1.4329885,3.7546582,0.65453196,0.50478381,0.56283307,0
2.7699742,-1.7712405,-0.29732814,0.38601679,-0.86323482,0.32529473,0
-1.2957151,-3.4296002,0.30975932,0.38601679,-0.86323482,0.32529473,0
-0.89211643,-2.9514332,-2.6153493,-0.65453196,-0.50478381,-0.56283307,0
1.8878726,1.6736817,-1.6260018,0.65006065,0.0043471605,-0.75986981,0
-2.8208303,0.90109074,-1.9034307,-0.38601679,0.86323482,-0.32529473,0
0.97829145,-1.2555673,3.0343637,0.38601679,-0.86323482,0.32529473,0
2.0106511,-0.58315009,-1.4740387,0.65006065,0.0043471605,-0.75986981,0
0.73080349,1.8726883,-2.6837859,0.65006065,0.0043471605,-0.75986981,0
2.7002487,2.9197793,0.43651628,0.65453196,0.50478381,0.56283307,0
-2.240905,-0.1074546,-3.584888,-0.65453196,-0.50478381,-0.56283307,0
1.2608528,1.6435027,3.1888294,0.65453196,0.50478381,0.56283307,0
0.14919025,-1.9529935,2.4609725,0.38601679,-0.86323482,0.32529473,0
1.3595096,-2.3032217,0.096915364,0.38601679,-0.86323482,0.32529473,0
2.4233003,-1.2593491,-1.1467133,0.65006065,0.0043471605,-0.75986981,0
1.4445424,-0.87549889,-2.0638828,0.65006065,0.0043471605,-0.75986981,0
3.6404655,1.1578141,0.96913302,0.65453196,0.50478381,0.56283307,0
-1.4363523,2.3016326,2.1706998,-0.65006065,-0.0043471605,0.75986981,0
1.235014,2.7643306,-1.7064118,-0.38601679,0.86323482,-0.32529473,0
-1.9839504,0.87333423,-3.2919784,-0.38601679,0.86323482,-0.32529473,0
-1.9718763,1.0599985,-2.2933636,-0.38601679,0.86323482,-0.32529473,0
1.0917827,-3.1539285,-1.8264574,0.38601679,-0.86323482,0.32529473,0
1.2330464,-2.6099987,-0.97965699,0.38601679,-0.86323482,0.32529473,0
-1.3100221,1.6563467,-1.8593963,-0.38601679,0.86323482,-0.32529473,0
0.99008214,0.041703641,-2.319561,0.65006065,0.0043471605,-0.75986981,0
4.5099206,-0.40450233,0.67930424,0.65006065,0.0043471605,-0.75986981,0
-3.28862,-3.1399689,0.40815532,-0.65006065,-0.0043471605,0.75986981,0
0.044048265,-3.7768941,-2.1767025,0.38601679,-0.86323482,0.32529473,0
1.9375446,2.2284346,1.9009271,0.65453196,0.50478381,0.56283307,0
0.4356516,3.5119126,1.1658908,-0.38601679,0.86323482,-0.32529473,0
1.99833,-0.86356938,3.1157708,0.38601679,-0.86323482,0.32529473,0
-1.3967888,-1.2970977,-3.3129106,-0.65453196,-0.50478381,-0.56283307,0
-1.1712034,1.2431769,2.409982,-0.65006065,-0.0043471605,0.75986981,0
-3.1924684,1.4163421,-0.040720344,-0.38601679,0.86323482,-0.32529473,0
-1.3881867,-3.4010217,0.24657571,0.38601679,-0.86323482,0.32529473,0
0.91704392,3.2910712,2.0906379,0.65453196,0.50478381,0.56283307,0
-0.68606025,-3.9226165,-1.9006947,-0.65453196,-0.50478381,-0.56283307,0
-0.8848843,-3.3557146,-0.16113877,0.38601679,-0.86323482,0.32529473,0
1.151515,0.018387914,-2.2307134,0.65006065,0.0043471605,-0.75986981,0
-2.116137,-3.8597405,-0.2513206,-0.65453196,-0.50478381,-0.56283307,0
4.2473497,-0.6060397,1.0364074,0.38601679,-0.86323482,0.32529473,0
2.1704047,1.9899313,1.7346834,0.65453196,0.50478381,0.56283307,0
-1.9200249,-1.9989011,-2.0453119,-0.65453196,-0.50478381,-0.56283307,0
-1.9202607,0.42816457,1.7425261,-0.65006065,-0.0043471605,0.75986981,0
-0.45452356,-3.7768629,-2.4136395,-0.65453196,-0.50478381,-0.56283307,0
-1.1780932,-3.634088,-1.5601948,-0.65453196,-0.50478381,-0.56283307,0
-0.45893085,-3.5378234,-2.6130879,-0.65453196,-0.50478381,-0.56283307,0
2.5787573,2.9099758,0.59205401,0.65453196,0.50478381,0.56283307,0
0.19595487,-3.8007514,-2.3336062,0.38601679,-0.86323482,0.32529473,0
-1.2135718,-1.0518608,-3.8460901,-0.65453196,-0.50478381,-0.56283307,0
-1.8500249,-3.3151321,-1.1882213,-0.65453196,-0.50478381,-0.56283307,0
-3.6805687,0.52978528,-1.7530006,-0.38601679,0.86323482,-0.32529473,0
-0.77138019,-2.7361813,1.2829168,0.38601679,-0.86323482,0.32529473,0
-0.37587583,1.6178997,-3.0613046,-0.38601679,0.86323482,-0.32529473,0
1.7658192,0.80520982,3.313632,0.65453196,0.50478381,0.56283307,0
1.335048,-1.9696841,0.95365202,0.38601679,-0.86323482,0.32529473,0
1.1007397,3.0005085,-0.89991689,-0.38601679,0.86323482,-0.32529473,0
-3.2861562,-3.0179944,0.41545165,-0.65453196,-0.50478381,-0.56283307,0
1.7425941,2.5903494,1.8273215,0.65453196,0.50478381,0.56283307,0
-3.0887067,-1.2516659,-1.5400236,-0.65453196,-0.50478381,-0.56283307,0
2.2898343,3.6206293,-0.52852982,-0.38601679,0.86323482,-0.32529473,0
-3.4886615,-1.4300456,0.22845757,-0.65006065,-0.0043471605,0.75986981,0
-0.97224319,-2.5190425,2.2123177,0.38601679,-0.86323482,0.32529473,0
1.834083,1.2241302,3.1046565,0.65453196,0.50478381,0.56283307,0
0.94783866,-3.1647696,-2.485508,0.65006065,0.0043471605,-0.75986981,0
3.7382543,-0.89257622,0.97067285,0.38601679,-0.86323482,0.32529473,0
1.9675827,1.2854786,2.7310719,0.65453196,0.50478381,0.56283307,0
-0.17992061,1.8529757,-2.769805,-0.38601679,0.86323482,-0.32529473,0
-0.66387331,-3.7777295,-1.2934589,0.38601679,-0.86323482,0.32529473,0
2.5884469,-1.9632311,-0.52279925,0.38601679,-0.86323482,0.32529473,0
1.9099865,0.59051502,3.5029683,0.65453196,0.50478381,0.56283307,0
1.1098143,-0.089696884,4.2734394,-0.65006065,-0.0043471605,0.75986981,0
-1.9057515,0.27501029,-4.1425152,-0.65453196,-0.50478381,-0.56283307,0
0.80079949,0.84411114,-2.7254343,0.65006065,0.0043471605,-0.75986981,0
2.1192667,-2.1759393,-1.3762251,0.65006065,0.0043471605,-0.75986981,0
-1.520849,-3.8052113,-1.1919394,-0.65453196,-0.50478381,-0.56283307,0
-0.57917339,-3.1851132,-0.29101026,0.38601679,-0.86323482,0.32529473,0
-1.177532,1.8575697,-1.4853132,-0.38601679,0.86323482,-0.32529473,0
-0.88275117,-1.1965683,-4.0577974,0.65006065,0.0043471605,-0.75986981,0
0.38367215,-3.2986274,-2.964941,0.65006065,0.0043471605,-0.75986981,0
2.7011471,1.8008989,-0.91112238,0.65006065,0.0043471605,-0.75986981,0
3.171525,-1.1531619,1.1560355,0.38601679,-0.86323482,0.32529473,0
-2.5729885,1.2692318,-1.3763072,-0.38601679,0.86323482,-0.32529473,0
0.2287147,2.2934849,-1.7535028,-0.38601679,0.86323482,-0.32529473,0
-0.67978299,-2.9692483,0.4476701,0.38601679,-0.86323482,0.32529473,0
0.82582027,-3.5405724,-2.7313492,0.65006065,0.0043471605,-0.75986981,0
3.1849363,0.55223143,1.9334027,0.65453196,0.50478381,0.56283307,0
-1.2167922,2.6439507,0.66057396,-0.38601679,0.86323482,-0.32529473,0
-3.2749479,-1.7912536,0.48397845,-0.65006065,-0.0043471605,0.75986981,0
-1.3383919,2.8221335,2.0582321,-0.65006065,-0.0043471605,0.75986981,0
0.87243104,2.1096354,-2.5131881,0.65006065,0.0043471605,-0.75986981,0
1.883512,-1.3007947,-1.599116,0.65006065,0.0043471605,-0.75986981,0
0.34402922,3.1934805,2.9662762,0.65453196,0.50478381,0.56283307,0
-0.18926001,3.6988235,2.9937718,0.65453196,0.50478381,0.56283307,0
-2.7068861,-3.1006241,0.91828561,-0.65006065,-0.0043471605,0.75986981,0
-3.3248835,-0.3903423,-1.9198751,-0.65453196,-0.50478381,-0.56283307,0
3.3725104,2.6487763,-0.50661713,0.65006065,0.0043471605,-0.75986981,0
0.075454414,-2.3956449,1.3162469,0.38601679,-0.86323482,0.32529473,0
3.0065928,1.9660078,0.80506253,0.65453196,0.50478381,0.56283307,0
-3.6071372,1.1123042,-0.63013053,-0.38601679,0.86323482,-0.32529473,0
0.84143257,2.444788,-2.2728627,-0.38601679,0.86323482,-0.32529473,0
-4.0683165,0.6108458,-0.96778429,-0.38601679,0.86323482,-0.32529473,0
-1.3960187,-2.8308868,-2.0059788,-0.65453196,-0.50478381,-0.56283307,0
0.16007459,1.8580961,-3.1080742,0.65006065,0.0043471605,-0.75986981,0
-1.162408,2.8492119,2.2759409,-0.65006065,-0.0043471605,0.75986981,0
-2.3649688,2.215493,0.76790136,-0.38601679,0.86323482,-0.32529473,0
-2.5778687,-1.2300103,0.98073012,-0.65006065,-0.0043471605,0.75986981,0
3.7356603,-0.43735528,1.7888626,0.38601679,-0.86323482,0.32529473,0
2.3421714,3.8598208,0.17147887,0.65453196,0.50478381,0.56283307,0
2.0496078,3.2332737,1.0862641,0.65453196,0.50478381,0.56283307,0
-2.5380855,-3.8692427,0.40640843,0.38601679,-0.86323482,0.32529473,0
2.0722315,0.77431047,3.006175,0.65453196,0.50478381,0.56283307,0
-0.50071537,3.6278896,2.7706313,-0.38601679,0.86323482,-0.32529473,0
1.1460111,3.0464137,-1.257054,-0.38601679,0.86323482,-0.32529473,0
1.7970495,-2.2251148,-0.22192968,0.38601679,-0.86323482,0.32529473,0
-3.1763628,-0.47369468,-2.1495655,-0.65453196,-0.50478381,-0.56283307,0
2.7735965,2.6929078,0.71791589,0.65453196,0.50478381,0.56283307,0
4.222846,-0.2757957,0.39747655,0.65006065,0.0043471605,-0.75986981,0
3.2937632,-0.66532934,1.765067,0.38601679,-0.86323482,0.32529473,0
-0.14949524,-1.5980071,3.2301877,-0.65006065,-0.0043471605,0.75986981,0
-0.45943063,1.5181705,-3.3275299,-0.38601679,0.86323482,-0.32529473,0
-0.35756603,-3.5245121,-1.3892252,0.38601679,-0.86323482,0.32529473,0
-0.16515757,3.7443378,3.0004644,0.65453196,0.50478381,0.56283307,0
1.0188469,1.12974,4.1551881,-0.65006065,-0.0043471605,0.75986981,0
4.4079614,-0.59638321,1.0990046,0.38601679,-0.86323482,0.32529473,0
-0.54137993,3.6753566,2.5186327,-0.38601679,0.86323482,-0.32529473,0
-0.78287482,-2.1401293,-3.5139108,-0.65453196,-0.50478381,-0.56283307,0
0.26930547,-1.5600176,-3.0702734,0.65006065,0.0043471605,-0.75986981,0
2.5340152,1.8068153,-1.2065185,0.65006065,0.0043471605,-0.75986981,0
-0.26988298,2.0840113,3.0175767,-0.65006065,-0.0043471605,0.75986981,0
-2.3608665,0.7609694,-3.1206856,-0.38601679,0.86323482,-0.32529473,0
2.4055178,-1.126227,2.056555,0.38601679,-0.86323482,0.32529473,0
-2.6885266,0.13903421,-3.3903112,-0.65453196,-0.50478381,-0.56283307,0
-1.4447265,3.0294604,1.8168242,-0.38601679,0.86323482,-0.32529473,0
0.18423182,2.6391892,-0.82140589,-0.38601679,0.86323482,-0.32529473,0
-4.6039305,0.54223835,-0.86430466,-0.38601679,0.86323482,-0.32529473,0
-2.8206482,1.8629348,0.79684472,-0.65006065,-0.0043471605,0.75986981,0
-3.0052493,-0.20553853,0.75832635,-0.65006065,-0.0043471605,0.75986981,0
-2.0293555,2.1458402,0.47099963,-0.38601679,0.86323482,-0.32529473,0
-2.5481701,0.71042365,-2.8793855,-0.38601679,0.86323482,-0.32529473,0
1.0187255,1.1202657,-2.300884,0.65006065,0.0043471605,-0.75986981,0
4.4821315,0.18462312,0.96367967,0.65453196,0.50478381,0.56283307,0
-0.25738788,-2.2466135,2.0217869,0.38601679,-0.86323482,0.32529473,0
0.33667815,1.2878802,-2.9325194,0.65006065,0.0043471605,-0.75986981,0
4.0442114,1.2979064,0.19498813,0.65453196,0.50478381,0.56283307,0
2.4652934,3.1761003,0.57753563,0.65453196,0.50478381,0.56283307,0
0.83684051,2.642822,-1.5285625,-0.38601679,0.86323482,-0.32529473,0
-3.167577,-1.3739645,-1.4418997,-0.65453196,-0.50478381,-0.56283307,0
0.91183436,3.9095399,1.5213716,-0.38601679,0.86323482,-0.32529473,0
2.2273118,-0.78646427,3.2138333,0.38601679,-0.86323482,0.32529473,0
1.1943115,-1.6676722,-2.3894484,0.65006065,0.0043471605,-0.75986981,0
-0.40202329,3.1337399,3.0215657,-0.65006065,-0.0043471605,0.75986981,0
-0.48897326,2.3110499,-1.2352909,-0.38601679,0.86323482,-0.32529473,0
-1.3957183,-0.34514701,2.1217544,-0.65006065,-0.0043471605,0.75986981,0
-2.5681424,1.8059424,1.1762567,-0.65006065,-0.0043471605,0.75986981,0
4.0190377,-0.38807932,0.24685168,0.65006065,0.0043471605,-0.75986981,0
-0.987593,1.6789979,2.5414367,-0.65006065,-0.0043471605,0.75986981,0
0.085886315,-3.2032957,-1.2156544,0.38601679,-0.86323482,0.32529473,0
-1.2379165,-0.21729118,2.20521,-0.65006065,-0.0043471605,0.75986981,0
0.4181487,-0.69484061,3.7119906,-0.65006065,-0.0043471605,0.75986981,0
-0.13585427,3.6145582,2.2159514,-0.38601679,0.86323482,-0.32529473,0
1.5633779,-1.6115528,1.4545033,0.38601679,-0.86323482,0.32529473,0
-1.8756322,-2.6635869,1.7999005,-0.65006065,-0.0043471605,0.75986981,0
-4.119957,-1.0147116,-0.52815259,-0.65453196,-0.50478381,-0.56283307,0
1.7842983,2.1836491,2.3336635,0.65453196,0.50478381,0.56283307,0
-3.4404519,-1.9436857,0.21238816,-0.65006065,-0.0043471605,0.75986981,0
2.7856128,1.6953157,-0.91669172,0.65006065,0.0043471605,-0.75986981,0
1.3094914,0.97824514,-2.1550076,0.65006065,0.0043471605,-0.75986981,0
2.1077566,-2.0946176,-0.37077889,0.38601679,-0.86323482,0.32529473,0
2.7102005,-2.0642645,-0.85454094,0.38601679,-0.86323482,0.32529473,0
-0.72209382,-0.4949668,2.6861475,-0.65006065,-0.0043471605,0.75986981,0
1.6175146,1.0090191,3.3275084,0.65453196,0.50478381,0.56283307,0
-1.5547037,-0.014492035,-4.3580503,-0.65453196,-0.50478381,-0.56283307,0
2.0887117,-1.6120349,-1.5312582,0.65006065,0.0043471605,-0.75986981,0
0.31036484,1.2479233,3.622318,-0.65006065,-0.0043471605,0.75986981,0
-3.0153658,-1.8247339,-0.98776722,-0.65453196,-0.50478381,-0.56283307,0
3.7583311,1.3978508,0.044602156,0.65006065,0.0043471605,-0.75986981,0
-0.054458976,-1.2364792,3.3192315,-0.65006065,-0.0043471605,0.75986981,0
-1.2472768,-2.7912707,-2.1479831,-0.65453196,-0.50478381,-0.56283307,0
-0.56823689,1.2715862,-3.4802728,-0.38601679,0.86323482,-0.32529473,0
-0.64118445,1.9604546,-1.8749436,-0.38601679,0.86323482,-0.32529473,0
-2.5025578,-1.2262046,-2.1547365,-0.65453196,-0.50478381,-0.56283307,0
2.0006418,2.2581525,-1.6564847,0.65006065,0.0043471605,-0.75986981,0
-0.15568751,-3.9430878,-2.3370581,0.38601679,-0.86323482,0.32529473,0
-2.5773721,-2.9374936,-0.59317493,-0.65453196,-0.50478381,-0.56283307,0
-1.1436466,-3.1449561,-1.9172008,-0.65453196,-0.50478381,-0.56283307,0
3.541188,1.3764782,0.69112563,0.65453196,0.50478381,0.56283307,0
-3.1659563,-0.16758668,-2.2386503,-0.65453196,-0.50478381,-0.56283307,0
-3.5853796,-0.62763369,-1.3647891,-0.65453196,-0.50478381,-0.56283307,0
-2.7488625,0.80090374,-2.4936976,-0.38601679,0.86323482,-0.32529473,0
0.12421542,-2.3941574,-3.2205338,0.65006065,0.0043471605,-0.75986981,0
-0.63482261,-2.8017442,0.70859945,0.38601679,-0.86323482,0.32529473,0
-1.9260193,-3.8644896,-0.57852376,-0.65453196,-0.50478381,-0.56283307,0
-1.4900042,-1.6036259,-3.2185731,-0.65453196,-0.50478381,-0.56283307,0
0.87005353,1.9460644,-2.5175116,0.65006065,0.0043471605,-0.75986981,0
-1.0189881,2.7441728,0.59174979,-0.38601679,0.86323482,-0.32529473,0
0.27482873,-1.9076657,-3.1218948,0.65006065,0.0043471605,-0.75986981,0
-0.032874048,-2.3847642,1.6628265,0.38601679,-0.86323482,0.32529473,0
2.5438752,-1.7016675,0.27899611,0.38601679,-0.86323482,0.32529473,0
-0.54721302,1.4232348,2.7693164,-0.65006065,-0.0043471605,0.75986981,0
4.2092643,-0.7060616,0.55267727,0.38601679,-0.86323482,0.32529473,0
-3.1658435,-2.1990314,0.51159084,-0.65006065,-0.0043471605,0.75986981,0
2.5306206,-0.086174935,-1.0717468,0.65006065,0.0043471605,-0.75986981,0
-1.5353302,2.1937861,-0.032700494,-0.38601679,0.86323482,-0.32529473,0
-2.3722787,0.52281487,1.2954531,-0.65006065,-0.0043471605,0.75986981,0
1.3906891,-0.29995024,-2.2017906,0.65006065,0.0043471605,-0.75986981,0
-1.7333264,-0.81110811,-3.3774352,-0.65453196,-0.50478381,-0.56283307,0
-1.1871856,-3.4205406,-0.068673611,0.38601679,-0.86323482,0.32529473,0
-1.8952098,0.7372961,-3.4945641,-0.38601679,0.86323482,-0.32529473,0
-1.3043441,-2.9568813,1.3797011,0.38601679,-0.86323482,0.32529473,0
-1.7208302,-3.1392002,-1.4383564,-0.65453196,-0.50478381,-0.56283307,0
-4.1031647,1.0415611,-0.12063742,-0.65006065,-0.0043471605,0.75986981,0
4.0990853,-0.28757912,1.7657069,0.65453196,0.50478381,0.56283307,0
0.21060359,2.0165641,-2.8134358,-0.38601679,0.86323482,-0.32529473,0
-3.7075632,-0.99064475,0.037547112,-0.65006065,-0.0043471605,0.75986981,0
2.7035904,0.040248871,3.0352652,0.65453196,0.50478381,0.56283307,0
2.1084523,-2.3067496,-0.64614284,0.38601679,-0.86323482,0.32529473,0
4.5566325,-0.42296976,0.85225666,0.38601679,-0.86323482,0.32529473,0
-1.1367927,-2.1105359,-3.0796824,-0.65453196,-0.50478381,-0.56283307,0
0.12462533,3.4676249,1.6304204,-0.38601679,0.86323482,-0.32529473,0
-0.60307008,-1.4908383,-3.8795288,0.65006065,0.0043471605,-0.75986981,0
-2.3160915,1.6349472,-0.61422431,-0.38601679,0.86323482,-0.32529473,0
-2.1084473,-2.5599003,-1.5349615,-0.65453196,-0.50478381,-0.56283307,0
-0.95931333,1.0836411,-3.9714217,-0.38601679,0.86323482,-0.32529473,0
1.2384601,-3.2402647,-2.0805502,0.38601679,-0.86323482,0.32529473,0
-2.5026686,-0.32238579,-3.1725235,-0.65453196,-0.50478381,-0.56283307,0
0.73431009,0.099874139,-2.6431246,0.65006065,0.0043471605,-0.75986981,0
-2.6763425,-2.5878725,-0.7151401,-0.65453196,-0.50478381,-0.56283307,0
-0.16858906,2.719497,-0.11706088,-0.38601679,0.86323482,-0.32529473,0
-1.0341064,2.5147483,0.37849951,-0.38601679,0.86323482,-0.32529473,0
-0.91725433,1.3622766,-2.9273577,-0.38601679,0.86323482,-0.32529473,0
-2.5040953,-0.64909947,1.1891681,-0.65006065,-0.0043471605,0.75986981,0
3.1514792,2.6040545,-0.58639055,0.65006065,0.0043471605,-0.75986981,0
-0.82246608,-0.35570729,2.4813683,-0.65006065,-0.0043471605,0.75986981,0
-0.7863192,-3.4858129,-0.47558975,0.38601679,-0.86323482,0.32529473,0
-1.1307302,-3.3141866,0.40785471,0.38601679,-0.86323482,0.32529473,0
1.9608052,-0.083069384,3.8358703,0.65453196,0.50478381,0.56283307,0
-1.9500265,-0.79311496,-3.2043784,-0.65453196,-0.50478381,-0.56283307,0
3.6336668,1.4266798,-0.12928164,0.65006065,0.0043471605,-0.75986981,0
-3.1475601,1.1545068,0.65289563,-0.65006065,-0.0043471605,0.75986981,0
3.8667758,-0.73907667,0.88844752,0.38601679,-0.86323482,0.32529473,0
-1.4624337,1.498708,-2.0676796,-0.38601679,0.86323482,-0.32529473,0
-1.1797565,2.2494268,-0.015636981,-0.38601679,0.86323482,-0.32529473,0
-1.0653439,1.3163326,-2.6756454,-0.38601679,0.86323482,-0.32529473,0
-3.2354798,-1.4704384,-1.0880218,-0.65453196,-0.50478381,-0.56283307,0
1.5602078,1.646879,2.8887746,0.65453196,0.50478381,0.56283307,0
-2.7270527,0.40764934,-3.1619868,-0.38601679,0.86323482,-0.32529473,0
-0.52451336,-3.9482801,-1.8696022,0.38601679,-0.86323482,0.32529473,0
-1.0236714,2.8389146,2.4793348,-0.65006065,-0.0043471605,0.75986981,0
-2.9498992,-1.7740889,0.74970281,-0.65006065,-0.0043471605,0.75986981,0
4.7474566,-0.4493258,0.8844105,0.38601679,-0.86323482,0.32529473,0
0.57597482,-1.1897129,3.57921,0.38601679,-0.86323482,0.32529473,0
-1.2470839,1.1058824,2.161149,-0.65006065,-0.0043471605,0.75986981,0
-2.2177873,1.8521692,1.3777044,-0.65006065,-0.0043471605,0.75986981,0
-3.6186123,-1.2220576,-1.0867187,-0.65453196,-0.50478381,-0.56283307,0
-0.12885112,3.3497806,3.2372484,-0.65006065,-0.0043471605,0.75986981,0
1.1465774,-2.1477649,0.54118258,0.38601679,-0.86323482,0.32529473,0
-1.3546995,-3.7312472,-0.37934911,0.38601679,-0.86323482,0.32529473,0
-1.5704479,-0.29691601,-4.2772532,-0.65453196,-0.50478381,-0.56283307,0
1.581107,-2.8758984,-2.0451875,0.65006065,0.0043471605,-0.75986981,0
-0.92073923,3.3556423,2.3987706,-0.38601679,0.86323482,-0.32529473,0
4.2740793,-0.59575474,1.2914938,0.38601679,-0.86323482,0.32529473,0
0.91097003,0.45838743,4.1266394,-0.65006065,-0.0043471605,0.75986981,0
-0.46825442,-2.0875189,-3.5906053,0.65006065,0.0043471605,-0.75986981,0
2.4537487,1.9390895,1.5165145,0.65453196,0.50478381,0.56283307,0
-2.6340961,-1.9887438,1.0939143,-0.65006065,-0.0043471605,0.75986981,0
-1.966404,-0.57431519,1.5837275,-0.65006065,-0.0043471605,0.75986981,0
2.5225966,0.75618649,-1.0316525,0.65006065,0.0043471605,-0.75986981,0
0.78378963,-3.5453148,-2.5713196,0.65006065,0.0043471605,-0.75986981,0
-3.0568712,-2.6044054,0.70497715,-0.65006065,-0.0043471605,0.75986981,0
0.87808746,-0.86732161,3.9789057,-0.65006065,-0.0043471605,0.75986981,0
-0.84788924,-1.9987972,-3.3683717,-0.65453196,-0.50478381,-0.56283307,0
-3.2258949,-0.37245429,0.43358815,-0.65006065,-0.0043471605,0.75986981,0
1.5522797,-0.51219368,4.5709591,-0.65006065,-0.0043471605,0.75986981,0
1.7019582,-2.6977854,-1.7806513,0.65006065,0.0043471605,-0.75986981,0
2.542326,3.8688383,-0.29352367,0.65453196,0.50478381,0.56283307,0
-0.47772986,-3.2428167,-2.7107265,-0.65453196,-0.50478381,-0.56283307,0
0.16778529,0.024730623,-3.2525387,0.65006065,0.0043471605,-0.75986981,0
0.32162726,-3.1922991,-3.1300092,0.65006065,0.0043471605,-0.75986981,0
-3.270431,1.2248893,0.56496584,-0.65006065,-0.0043471605,0.75986981,0
0.92315543,2.0623248,-2.4073126,0.65006065,0.0043471605,-0.75986981,0
-4.4650259,0.35981578,-1.1897647,-0.38601679,0.86323482,-0.32529473,0
0.89396167,-2.9482048,-1.3344835,0.38601679,-0.86323482,0.32529473,0
1.8280559,3.6452487,0.89970338,0.65453196,0.50478381,0.56283307,0
