1.3015907,1.6951303,-2.129859,0.71174371,0.65512097,-0.25345141,0
2.1619997,-1.371611,-1.168368,0.66734403,-0.74325681,-0.047130466,0
2.1741414,-1.0156358,2.2137685,0.21925563,0.13559455,0.9661994,0
0.61117339,3.044497,2.0786006,0.21925563,0.13559455,0.9661994,0
-2.8629346,-1.0503633,-0.60916173,-0.71174371,-0.65512097,0.25345141,0
3.5980237,-0.16502929,0.37031674,0.66734403,-0.74325681,-0.047130466,0
0.94482875,-2.262794,-2.0967975,0.66734403,-0.74325681,-0.047130466,0
-0.61573434,-3.6602674,-1.2015899,-0.71174371,-0.65512097,0.25345141,0
1.3135688,1.5958109,-1.9034017,0.71174371,0.65512097,-0.25345141,0
0.9095614,3.4903758,1.4680041,0.71174371,0.65512097,-0.25345141,0
-3.6538231,-0.37910104,-1.455204,-0.71174371,-0.65512097,0.25345141,0
1.5547228,-1.8219537,-0.89424276,0.66734403,-0.74325681,-0.047130466,0
-1.410737,1.9236314,1.9196225,-0.66734403,0.74325681,0.047130466,0
-0.98673928,1.455741,-2.6326776,-0.21925563,-0.13559455,-0.9661994,0
2.0385695,-1.4035416,-2.5488892,0.66734403,-0.74325681,-0.047130466,0
0.68606257,3.167546,-0.1439606,0.71174371,0.65512097,-0.25345141,0
0.98829997,-0.6763674,-2.6587696,-0.21925563,-0.13559455,-0.9661994,0
2.3820939,0.090794802,-3.0865152,-0.21925563,-0.13559455,-0.9661994,0
3.1789372,-0.42879522,0.66198158,0.66734403,-0.74325681,-0.047130466,0
1.6523733,-1.9550574,1.6507366,0.66734403,-0.74325681,-0.047130466,0
-1.9323609,-1.2815939,1.029808,-0.71174371,-0.65512097,0.25345141,0
-2.0451,0.2798813,-2.1089258,-0.21925563,-0.13559455,-0.9661994,0
0.18648458,2.1867313,-2.8502748,-0.21925563,-0.13559455,-0.9661994,0
0.020611942,3.2560039,-1.0554637,0.71174371,0.65512097,-0.25345141,0
-3.1044917,-0.91808033,-1.3364046,-0.71174371,-0.65512097,0.25345141,0
0.14255133,3.2721543,-1.0603838,0.71174371,0.65512097,-0.25345141,0
2.3118768,0.27258718,1.9535701,0.21925563,0.13559455,0.9661994,0
2.0362525,2.2825177,1.4390357,0.71174371,0.65512097,-0.25345141,0
1.306776,-2.0654604,-2.1842027,0.66734403,-0.74325681,-0.047130466,0
2.7448463,0.24012208,-1.1575274,0.71174371,0.65512097,-0.25345141,0
-1.2282183,2.3051891,-0.025560558,-0.66734403,0.74325681,0.047130466,0
-2.0522935,-1.910759,-0.8247472,-0.71174371,-0.65512097,0.25345141,0
1.1293254,-0.010084748,2.2806561,0.21925563,0.13559455,0.9661994,0
-1.1556213,0.87065202,-2.3768151,-0.21925563,-0.13559455,-0.9661994,0
-1.0632703,2.4214184,-1.8875202,-0.66734403,0.74325681,0.047130466,0
0.14862537,-0.72189242,2.6353738,0.21925563,0.13559455,0.9661994,0
1.2171111,-2.2864602,-1.1074401,0.66734403,-0.74325681,-0.047130466,0
2.9617519,0.91550541,0.99489915,0.71174371,0.65512097,-0.25345141,0
-0.24378955,-0.37537348,-2.4101543,-0.21925563,-0.13559455,-0.9661994,0
-0.01423645,-1.915585,-2.2222981,-0.21925563,-0.13559455,-0.9661994,0
2.7358844,0.094164729,-1.7380359,0.71174371,0.65512097,-0.25345141,0
-0.4179225,-3.4300804,-0.39178449,-0.71174371,-0.65512097,0.25345141,0
2.759573,-0.19906735,-2.8641698,0.71174371,0.65512097,-0.25345141,0
-2.3316779,-1.0778049,0.89836502,-0.71174371,-0.65512097,0.25345141,0
2.4823785,0.079139948,-2.749059,0.71174371,0.65512097,-0.25345141,0
-2.7123594,-1.1855876,-0.91818225,-0.71174371,-0.65512097,0.25345141,0
-2.4689109,-1.1416003,-0.34507179,-0.71174371,-0.65512097,0.25345141,0
1.0344601,2.5002148,1.9382881,0.21925563,0.13559455,0.9661994,0
-1.2137527,-1.9165249,-2.1344185,-0.21925563,-0.13559455,-0.9661994,0
1.9181488,-1.5392081,-2.4665039,0.66734403,-0.74325681,-0.047130466,0
1.2418373,-0.75241387,2.3732398,0.21925563,0.13559455,0.9661994,0
-3.3764753,-0.63655579,-0.92399621,-0.71174371,-0.65512097,0.25345141,0
1.1670837,-1.5668545,2.5598428,0.21925563,0.13559455,0.9661994,0
-2.2563746,-0.57223564,1.8195665,-0.71174371,-0.65512097,0.25345141,0
2.8074651,-1.0421822,1.073678,0.66734403,-0.74325681,-0.047130466,0
-2.7544789,0.94170475,1.1002344,-0.66734403,0.74325681,0.047130466,0
-0.31692624,0.67924821,-2.6004174,-0.21925563,-0.13559455,-0.9661994,0
-0.42924309,-0.67187339,-2.4671962,-0.21925563,-0.13559455,-0.9661994,0
-1.5096451,1.8977333,2.0422416,-0.66734403,0.74325681,0.047130466,0
2.8527818,0.49402994,-0.82026935,0.71174371,0.65512097,-0.25345141,0
-0.85927439,-2.4387765,-2.1200178,-0.21925563,-0.13559455,-0.9661994,0
1.5580109,1.0125732,-2.9395318,0.71174371,0.65512097,-0.25345141,0
0.049989343,2.6001627,-2.684768,0.71174371,0.65512097,-0.25345141,0
-2.3690901,-0.35754791,-1.9045993,-0.21925563,-0.13559455,-0.9661994,0
-2.9044163,0.65437222,0.14406538,-0.66734403,0.74325681,0.047130466,0
-1.3472145,-1.1574188,-2.1163392,-0.21925563,-0.13559455,-0.9661994,0
0.31201768,3.3835971,2.0831318,0.21925563,0.13559455,0.9661994,0
-2.3256674,1.1117622,1.3215809,-0.66734403,0.74325681,0.047130466,0
-1.4562186,-0.57236451,-2.1404295,-0.21925563,-0.13559455,-0.9661994,0
3.7362952,-0.1172086,1.1588017,0.66734403,-0.74325681,-0.047130466,0
-2.9063799,-1.1957521,-1.5167942,-0.71174371,-0.65512097,0.25345141,0
-0.83687389,-2.1395602,2.3376911,-0.71174371,-0.65512097,0.25345141,0
-0.4980408,0.61128092,2.6678596,0.21925563,0.13559455,0.9661994,0
0.73267937,0.68957609,2.296926,0.21925563,0.13559455,0.9661994,0
-3.0041721,0.61492366,-0.77913105,-0.66734403,0.74325681,0.047130466,0
-0.98398662,-2.5585711,0.74576211,-0.71174371,-0.65512097,0.25345141,0
1.4845316,-2.2308507,1.9783673,0.66734403,-0.74325681,-0.047130466,0
-0.090834022,-2.1149659,2.8372793,0.21925563,0.13559455,0.9661994,0
0.1986835,1.5905182,-2.8777537,-0.21925563,-0.13559455,-0.9661994,0
1.6702842,-1.6432414,2.3694837,0.21925563,0.13559455,0.9661994,0
0.74332094,0.089878678,-2.7467325,-0.21925563,-0.13559455,-0.9661994,0
-2.5460401,-0.66403037,1.3810322,-0.71174371,-0.65512097,0.25345141,0
2.9973078,0.95849288,0.81892169,0.71174371,0.65512097,-0.25345141,0
-2.7623148,0.20015621,3.0177574,-0.71174371,-0.65512097,0.25345141,0
0.12247252,3.5317521,0.73016703,-0.66734403,0.74325681,0.047130466,0
-0.10241413,-1.5843031,-2.2614601,-0.21925563,-0.13559455,-0.9661994,0
1.0505402,-2.3803644,-1.0189661,0.66734403,-0.74325681,-0.047130466,0
-1.9645418,1.3776611,1.7929065,-0.66734403,0.74325681,0.047130466,0
1.9131305,2.588084,1.8405237,0.71174371,0.65512097,-0.25345141,0
-1.0550356,-1.7458787,-2.0035541,-0.21925563,-0.13559455,-0.9661994,0
-2.5450478,0.81927812,3.1050818,0.21925563,0.13559455,0.9661994,0
3.5228109,-0.047194004,-0.13785124,0.71174371,0.65512097,-0.25345141,0
-0.45784426,2.8885717,0.73659861,-0.66734403,0.74325681,0.047130466,0
1.4930762,0.60307848,2.1007826,0.21925563,0.13559455,0.9661994,0
0.89778674,2.2301021,-1.9571029,0.71174371,0.65512097,-0.25345141,0
-3.5489459,0.068737864,0.28305411,-0.66734403,0.74325681,0.047130466,0
-1.3394152,-1.4751114,2.4179204,-0.71174371,-0.65512097,0.25345141,0
2.0161533,-1.5637486,-1.1289457,0.66734403,-0.74325681,-0.047130466,0
-0.59302813,-2.5296264,1.6850629,-0.71174371,-0.65512097,0.25345141,0
-3.0303085,0.62518626,-1.116617,-0.66734403,0.74325681,0.047130466,0
-1.297825,1.2739285,-2.4222317,-0.21925563,-0.13559455,-0.9661994,0
-1.2636167,-1.8151848,1.7113202,-0.71174371,-0.65512097,0.25345141,0
0.45726395,-2.9825592,2.3331933,0.66734403,-0.74325681,-0.047130466,0
-0.25878119,-1.6061016,2.7876143,0.21925563,0.13559455,0.9661994,0
-0.26060355,3.0713356,-2.952071,0.71174371,0.65512097,-0.25345141,0
-3.3079934,0.065485358,0.65352583,-0.71174371,-0.65512097,0.25345141,0
-0.20191953,-2.7061319,2.0893712,-0.71174371,-0.65512097,0.25345141,0
-0.36971685,-2.7874186,1.2863591,-0.71174371,-0.65512097,0.25345141,0
-1.0806718,2.4167223,0.71784216,-0.66734403,0.74325681,0.047130466,0
2.0835314,1.1632677,-1.3219779,0.71174371,0.65512097,-0.25345141,0
-2.4862576,-1.568924,-0.95108914,-0.71174371,-0.65512097,0.25345141,0
-2.2331915,-1.4816917,-0.23905551,-0.71174371,-0.65512097,0.25345141,0
-0.80435532,-2.9420123,0.34034121,-0.71174371,-0.65512097,0.25345141,0
-0.23474455,-1.3102345,-2.3391163,-0.21925563,-0.13559455,-0.9661994,0
1.3163202,2.7974632,1.073983,0.71174371,0.65512097,-0.25345141,0
-0.284724,-2.0105231,-2.1451435,-0.21925563,-0.13559455,-0.9661994,0
-0.63258553,-3.4420598,-1.9948642,-0.21925563,-0.13559455,-0.9661994,0
1.9100897,-1.629509,1.1258283,0.66734403,-0.74325681,-0.047130466,0
0.85053849,1.8021545,-2.9712958,0.71174371,0.65512097,-0.25345141,0
1.8492029,1.5093385,1.9762419,0.21925563,0.13559455,0.9661994,0
-1.6156775,-2.5138209,-0.94446576,-0.71174371,-0.65512097,0.25345141,0
0.92103875,-2.7473154,2.080287,0.66734403,-0.74325681,-0.047130466,0
1.9297011,0.72581929,-2.8224387,0.71174371,0.65512097,-0.25345141,0
-0.255992,-2.5048909,2.8716621,-0.71174371,-0.65512097,0.25345141,0
-0.91188538,2.7279577,-1.0142769,-0.66734403,0.74325681,0.047130466,0
3.1644514,-0.19873995,1.9653873,0.21925563,0.13559455,0.9661994,0
2.3151488,0.69870532,1.9529428,0.21925563,0.13559455,0.9661994,0
1.6958227,1.0961577,-2.2957764,0.71174371,0.65512097,-0.25345141,0
-1.6647097,-2.0662796,0.16567612,-0.71174371,-0.65512097,0.25345141,0
-0.93516278,-2.4891708,0.55738139,-0.71174371,-0.65512097,0.25345141,0
2.5776453,0.56845975,-1.4770663,0.71174371,0.65512097,-0.25345141,0
-0.99493444,1.007605,-2.513495,-0.21925563,-0.13559455,-0.9661994,0
-1.3082559,-2.5909541,-0.58775222,-0.71174371,-0.65512097,0.25345141,0
-3.0608914,-0.61956465,-0.66568267,-0.71174371,-0.65512097,0.25345141,0
1.6030328,1.8702668,-0.59803796,0.71174371,0.65512097,-0.25345141,0
1.2504463,-2.245786,2.6678445,0.21925563,0.13559455,0.9661994,0
-2.6619647,-1.2244792,-0.47933257,-0.71174371,-0.65512097,0.25345141,0
-0.61300009,-2.9078977,0.86785591,-0.71174371,-0.65512097,0.25345141,0
0.93365222,1.4954759,-2.9459319,-0.21925563,-0.13559455,-0.9661994,0
-1.5274781,1.7838234,1.5491636,-0.66734403,0.74325681,0.047130466,0
-1.0639102,-0.60181838,2.9338346,0.21925563,0.13559455,0.9661994,0
2.5721936,-0.031813502,-2.4452419,0.71174371,0.65512097,-0.25345141,0
-1.0577308,2.307555,0.99063462,-0.66734403,0.74325681,0.047130466,0
0.0023175478,-1.2428559,2.6613576,0.21925563,0.13559455,0.9661994,0
1.706774,-1.3634938,-2.7621636,-0.21925563,-0.13559455,-0.9661994,0
-1.8210433,-2.342638,-1.8895217,-0.21925563,-0.13559455,-0.9661994,0
-0.2815218,-0.42815447,-2.507756,-0.21925563,-0.13559455,-0.9661994,0
-0.1514436,0.59320998,2.5482821,0.21925563,0.13559455,0.9661994,0
-0.56945026,1.5331105,-2.6569846,-0.21925563,-0.13559455,-0.9661994,0
-1.188097,2.1735744,1.6905328,-0.66734403,0.74325681,0.047130466,0
0.11753941,2.308409,2.2918901,0.21925563,0.13559455,0.9661994,0
0.71939909,-2.6424747,-0.80888689,0.66734403,-0.74325681,-0.047130466,0
-2.9369962,0.050608635,1.918648,-0.71174371,-0.65512097,0.25345141,0
1.2303715,-2.0717649,-2.3764267,0.66734403,-0.74325681,-0.047130466,0
1.2336953,2.437794,2.0528531,0.21925563,0.13559455,0.9661994,0
-0.94077253,2.4437923,1.9578314,-0.66734403,0.74325681,0.047130466,0
0.86322796,3.1211011,0.58991677,0.71174371,0.65512097,-0.25345141,0
2.9933202,0.54575855,-0.084935427,0.71174371,0.65512097,-0.25345141,0
-1.8915843,-1.6605647,-0.021529436,-0.71174371,-0.65512097,0.25345141,0
1.0093186,3.427707,1.4392346,0.71174371,0.65512097,-0.25345141,0
-3.0195026,0.10576987,1.7389214,-0.71174371,-0.65512097,0.25345141,0
-1.3767081,2.1812363,-1.0236943,-0.66734403,0.74325681,0.047130466,0
-0.52521414,-2.2995129,2.6923223,-0.71174371,-0.65512097,0.25345141,0
1.9638696,1.0988598,2.0780058,0.21925563,0.13559455,0.9661994,0
-1.2895629,2.1702785,1.86254,-0.66734403,0.74325681,0.047130466,0
-0.34541953,-3.6606851,-0.2714923,-0.71174371,-0.65512097,0.25345141,0
-0.42786166,-2.7387681,1.6950765,-0.71174371,-0.65512097,0.25345141,0
-2.0533316,0.83348101,-2.1917505,-0.21925563,-0.13559455,-0.9661994,0
1.1686194,-0.41484368,-2.749593,-0.21925563,-0.13559455,-0.9661994,0
1.6163776,0.12288702,-2.9049661,-0.21925563,-0.13559455,-0.9661994,0
2.6015685,0.096490636,1.9113985,0.21925563,0.13559455,0.9661994,0
2.9311779,-0.74023557,-0.27927947,0.66734403,-0.74325681,-0.047130466,0
3.4166696,0.37489882,1.0516639,0.71174371,0.65512097,-0.25345141,0
2.2959442,0.38812506,-2.4770269,0.71174371,0.65512097,-0.25345141,0
0.8128897,-1.5377595,2.694134,0.21925563,0.13559455,0.9661994,0
2.0219555,-0.53812575,-2.8719308,-0.21925563,-0.13559455,-0.9661994,0
-0.92713928,-1.9680454,-2.07847,-0.21925563,-0.13559455,-0.9661994,0
-0.50969696,-3.3017271,0.02331543,-0.71174371,-0.65512097,0.25345141,0
-3.2380319,0.58806968,-1.7421105,-0.66734403,0.74325681,0.047130466,0
0.39897549,-3.0512488,-0.47896627,0.66734403,-0.74325681,-0.047130466,0
0.84612679,3.6563201,1.7357628,0.71174371,0.65512097,-0.25345141,0
-1.9848732,-1.4998635,0.053394437,-0.71174371,-0.65512097,0.25345141,0
2.3456264,-1.2689345,1.4669189,0.66734403,-0.74325681,-0.047130466,0
2.6524024,-0.92746282,0.50305176,0.66734403,-0.74325681,-0.047130466,0
2.6649864,0.40830016,-1.3999739,0.71174371,0.65512097,-0.25345141,0
-1.0162761,-1.9249874,1.9069109,-0.71174371,-0.65512097,0.25345141,0
1.1084179,-2.564204,1.1364731,0.66734403,-0.74325681,-0.047130466,0
1.7067434,1.9404655,-0.15510142,0.71174371,0.65512097,-0.25345141,0
3.1275587,-0.50073838,-0.50442147,0.66734403,-0.74325681,-0.047130466,0
-1.2647737,-2.6663389,-0.30115557,-0.71174371,-0.65512097,0.25345141,0
-2.5618129,1.1213771,-1.432201,-0.66734403,0.74325681,0.047130466,0
2.3541927,1.663257,1.0228374,0.71174371,0.65512097,-0.25345141,0
0.066109896,-3.0242319,2.0711055,-0.71174371,-0.65512097,0.25345141,0
-2.3154402,1.2101568,2.5670843,-0.66734403,0.74325681,0.047130466,0
-0.32687616,-0.027849317,2.703011,0.21925563,0.13559455,0.9661994,0
-0.9546119,1.1414733,2.5754442,0.21925563,0.13559455,0.9661994,0
-2.0810215,-1.217575,-1.975392,-0.21925563,-0.13559455,-0.9661994,0
-1.468454,-1.3469409,2.4813876,-0.71174371,-0.65512097,0.25345141,0
-2.5812635,1.1607409,-0.099839687,-0.66734403,0.74325681,0.047130466,0
2.573585,0.90203106,1.7874861,0.21925563,0.13559455,0.9661994,0
1.9203417,-1.57889,-0.055553079,0.66734403,-0.74325681,-0.047130466,0
1.5704384,-1.8554049,0.49626976,0.66734403,-0.74325681,-0.047130466,0
-2.3044608,1.2283037,1.8576858,-0.66734403,0.74325681,0.047130466,0
-0.37472093,2.4795997,-2.8032312,-0.21925563,-0.13559455,-0.9661994,0
-1.332582,-2.5643559,-0.65989184,-0.71174371,-0.65512097,0.25345141,0
1.0845101,3.1249609,1.3063209,0.71174371,0.65512097,-0.25345141,0
2.6455369,-0.93321466,-1.3281845,0.66734403,-0.74325681,-0.047130466,0
0.099162579,-2.6471777,2.9347906,0.21925563,0.13559455,0.9661994,0
1.556424,1.6684353,-1.2493719,0.71174371,0.65512097,-0.25345141,0
-2.4838645,1.2144696,-0.25044847,-0.66734403,0.74325681,0.047130466,0
-2.7960315,-0.24392259,1.751034,-0.71174371,-0.65512097,0.25345141,0
-1.1844795,-2.5602956,0.061706305,-0.71174371,-0.65512097,0.25345141,0
-2.0876703,1.1579779,2.9130185,0.21925563,0.13559455,0.9661994,0
-0.20485449,0.77874845,2.5826066,0.21925563,0.13559455,0.9661994,0
-0.48062995,3.1095695,-2.2335289,-0.66734403,0.74325681,0.047130466,0
-1.5995247,1.831846,-0.08283627,-0.66734403,0.74325681,0.047130466,0
-0.54352629,-1.5799176,3.028348,0.21925563,0.13559455,0.9661994,0
0.97328925,0.30487001,-2.861619,-0.21925563,-0.13559455,-0.9661994,0
2.3326354,-0.090321638,2.0025322,0.21925563,0.13559455,0.9661994,0
-1.5120751,-2.7034333,-1.0201633,-0.71174371,-0.65512097,0.25345141,0
2.3745091,-1.3032448,1.3240811,0.66734403,-0.74325681,-0.047130466,0
0.037590981,-3.3543575,-0.9575758,0.66734403,-0.74325681,-0.047130466,0
0.033653736,2.3419993,-2.8207941,-0.21925563,-0.13559455,-0.9661994,0
-0.45629227,2.2951064,-2.7163439,-0.21925563,-0.13559455,-0.9661994,0
-0.50352436,-2.2395277,2.4643359,-0.71174371,-0.65512097,0.25345141,0
1.1923723,0.67121345,-2.8945677,-0.21925563,-0.13559455,-0.9661994,0
0.10348034,-3.1054668,-1.0747437,0.66734403,-0.74325681,-0.047130466,0
0.80822766,3.2069368,0.41152704,0.71174371,0.65512097,-0.25345141,0
-0.30837595,-3.4573956,-0.25557011,-0.71174371,-0.65512097,0.25345141,0
-3.64481,0.12975097,0.16818595,-0.71174371,-0.65512097,0.25345141,0
-0.91305745,2.7805488,-1.7065616,-0.66734403,0.74325681,0.047130466,0
-0.17755151,-3.490061,-0.67745149,0.66734403,-0.74325681,-0.047130466,0
1.6855254,1.4261177,-1.70538,0.71174371,0.65512097,-0.25345141,0
-1.3232651,-1.2951708,2.9981537,-0.71174371,-0.65512097,0.25345141,0
3.3183365,-0.24469134,1.8325855,0.21925563,0.13559455,0.9661994,0
0.070211649,3.3436055,1.7050185,-0.66734403,0.74325681,0.047130466,0
2.5273266,1.466488,1.3192735,0.71174371,0.65512097,-0.25345141,0
-0.95034683,-3.0455267,-0.80293417,-0.71174371,-0.65512097,0.25345141,0
2.3215444,1.092114,-0.67278266,0.71174371,0.65512097,-0.25345141,0
1.6986272,-1.7182654,-2.4245315,0.66734403,-0.74325681,-0.047130466,0
-0.91547084,-0.89927864,-2.1834216,-0.21925563,-0.13559455,-0.9661994,0
0.19648731,1.5919116,-2.8801,-0.21925563,-0.13559455,-0.9661994,0
1.5881044,-0.19718544,2.2402699,0.21925563,0.13559455,0.9661994,0
-0.28932953,3.0719674,1.1954968,-0.66734403,0.74325681,0.047130466,0
-0.23503029,-3.4007673,-0.6529395,0.66734403,-0.74325681,-0.047130466,0
-2.5150797,1.0292695,1.2691294,-0.66734403,0.74325681,0.047130466,0
-0.6372382,2.9114742,-0.33736312,-0.66734403,0.74325681,0.047130466,0
3.4028735,0.41888922,1.6695592,0.21925563,0.13559455,0.9661994,0
-1.4373132,-2.4633665,-0.15274131,-0.71174371,-0.65512097,0.25345141,0
3.0249355,1.0065199,1.0297937,0.71174371,0.65512097,-0.25345141,0
-3.560859,-0.36755651,-1.13553,-0.71174371,-0.65512097,0.25345141,0
-1.2721946,-0.7693783,3.0075409,0.21925563,0.13559455,0.9661994,0
0.66486835,3.4092145,0.78619468,0.71174371,0.65512097,-0.25345141,0
0.81608355,-2.6584702,0.82367694,0.66734403,-0.74325681,-0.047130466,0
1.1739028,0.86421853,-2.9751406,-0.21925563,-0.13559455,-0.9661994,0
0.86767948,2.6390815,-0.9991585,0.71174371,0.65512097,-0.25345141,0
1.5717876,-2.0619378,1.2388413,0.66734403,-0.74325681,-0.047130466,0
2.2087207,1.7203619,0.65655446,0.71174371,0.65512097,-0.25345141,0
-0.17928624,3.1059275,-2.2913318,0.71174371,0.65512097,-0.25345141,0
0.26718795,3.499979,0.028304577,-0.66734403,0.74325681,0.047130466,0
-1.2785381,1.1414623,2.7587156,0.21925563,0.13559455,0.9661994,0
0.75010347,-2.7020278,0.84100807,0.66734403,-0.74325681,-0.047130466,0
-3.2187288,0.0081212521,0.55525303,-0.71174371,-0.65512097,0.25345141,0
-0.8828395,2.5771222,-0.72894913,-0.66734403,0.74325681,0.047130466,0
0.21494985,0.71125257,-2.764034,-0.21925563,-0.13559455,-0.9661994,0
0.76206112,1.9770968,2.1033068,0.21925563,0.13559455,0.9661994,0
1.7941102,0.99981856,-2.6029079,0.71174371,0.65512097,-0.25345141,0
1.5748229,1.6472609,-1.0257329,0.71174371,0.65512097,-0.25345141,0
0.19927299,1.9126842,-2.8631134,-0.21925563,-0.13559455,-0.9661994,0
0.62091613,3.5626326,1.2926943,0.71174371,0.65512097,-0.25345141,0
-1.3075942,-1.5770465,2.4225659,-0.71174371,-0.65512097,0.25345141,0
0.1554563,3.5807691,-0.13081276,-0.66734403,0.74325681,0.047130466,0
0.0019702911,-3.2904408,-1.4627337,0.66734403,-0.74325681,-0.047130466,0
-0.52144599,1.792495,2.4773667,0.21925563,0.13559455,0.9661994,0
-2.5850089,0.87671471,2.1437736,-0.66734403,0.74325681,0.047130466,0
-0.50279152,-2.0215521,2.9322853,0.21925563,0.13559455,0.9661994,0
-3.0185304,-0.62830508,-0.18884063,-0.71174371,-0.65512097,0.25345141,0
-1.8705997,-0.59901381,2.74387,-0.71174371,-0.65512097,0.25345141,0
-0.0009252578,3.2567246,-1.4521688,0.71174371,0.65512097,-0.25345141,0
-0.49336648,2.5969481,2.3412251,0.21925563,0.13559455,0.9661994,0
3.5708761,0.11410004,0.4264667,0.71174371,0.65512097,-0.25345141,0
-0.22832489,-2.7351587,-2.118732,-0.21925563,-0.13559455,-0.9661994,0
-0.7717334,-2.0190287,2.1646457,-0.71174371,-0.65512097,0.25345141,0
1.9886782,-1.6580212,-0.72171032,0.66734403,-0.74325681,-0.047130466,0
2.764617,-0.99142581,0.53056359,0.66734403,-0.74325681,-0.047130466,0
-3.0335391,0.48207414,2.4908669,-0.66734403,0.74325681,0.047130466,0
2.6536372,1.1718839,1.8790514,0.21925563,0.13559455,0.9661994,0
-0.59521592,2.8332262,-1.618369,-0.66734403,0.74325681,0.047130466,0
0.92318451,-1.9613948,2.5543611,0.21925563,0.13559455,0.9661994,0
-1.6300349,-1.818699,0.72588336,-0.71174371,-0.65512097,0.25345141,0
-1.3668535,1.9867504,1.6833662,-0.66734403,0.74325681,0.047130466,0
2.0256281,1.102111,-1.395767,0.71174371,0.65512097,-0.25345141,0
-0.4907341,-1.5839536,-2.2911086,-0.21925563,-0.13559455,-0.9661994,0
-0.73667032,-1.3442359,2.9273109,0.21925563,0.13559455,0.9661994,0
-1.5347909,0.7018559,-2.3042088,-0.21925563,-0.13559455,-0.9661994,0
1.1903362,1.7394483,-1.6769484,0.71174371,0.65512097,-0.25345141,0
2.8582883,-0.82118559,1.3931961,0.66734403,-0.74325681,-0.047130466,0
-2.5945702,0.57287979,-2.1050704,-0.21925563,-0.13559455,-0.9661994,0
-3.4489698,-0.19075128,-1.8674144,-0.21925563,-0.13559455,-0.9661994,0
0.52131629,0.85621768,-2.8157401,-0.21925563,-0.13559455,-0.9661994,0
-1.9145799,-1.3227844,-1.8755186,-0.21925563,-0.13559455,-0.9661994,0
-1.135787,-1.9309697,-2.1290278,-0.21925563,-0.13559455,-0.9661994,0
-1.759293,1.8869989,-0.56613243,-0.66734403,0.74325681,0.047130466,0
-1.3929048,1.4459724,2.7345705,0.21925563,0.13559455,0.9661994,0
-2.4022849,-1.9279618,-1.6923369,-0.71174371,-0.65512097,0.25345141,0
-1.1782448,2.026104,-2.5804121,-0.21925563,-0.13559455,-0.9661994,0
-0.0072990013,-3.2029588,1.7024727,-0.71174371,-0.65512097,0.25345141,0
-0.18642586,3.2915077,-0.6544441,-0.66734403,0.74325681,0.047130466,0
0.053888083,-0.64876789,2.7062392,0.21925563,0.13559455,0.9661994,0
-2.7711794,0.9252429,-1.4170321,-0.66734403,0.74325681,0.047130466,0
2.3270321,-1.0583293,-2.3462031,0.66734403,-0.74325681,-0.047130466,0
-3.1003404,-0.60101002,-0.21828747,-0.71174371,-0.65512097,0.25345141,0
0.3782022,0.80089831,-2.765044,-0.21925563,-0.13559455,-0.9661994,0
-0.57414377,2.760474,1.9810894,-0.66734403,0.74325681,0.047130466,0
-0.20146728,-1.3373613,-2.3541789,-0.21925563,-0.13559455,-0.9661994,0
3.1085732,-0.48776186,-1.1230164,0.66734403,-0.74325681,-0.047130466,0
2.3456762,1.2499332,1.9578257,0.21925563,0.13559455,0.9661994,0
-0.53676212,-2.2798686,2.1794581,-0.71174371,-0.65512097,0.25345141,0
3.4195404,-0.24321491,1.0337716,0.66734403,-0.74325681,-0.047130466,0
0.42748392,1.9636056,-2.858547,-0.21925563,-0.13559455,-0.9661994,0
-0.38939643,-3.4303434,-1.9221178,-0.21925563,-0.13559455,-0.9661994,0
0.10244936,2.7946017,-2.6412687,0.71174371,0.65512097,-0.25345141,0
0.13063437,-3.3376892,0.69203615,0.66734403,-0.74325681,-0.047130466,0
3.2277834,-0.44746506,1.813918,0.66734403,-0.74325681,-0.047130466,0
0.59301507,2.9502153,-0.90966523,0.71174371,0.65512097,-0.25345141,0
-0.48971891,-3.3167667,-0.42183417,-0.71174371,-0.65512097,0.25345141,0
3.4139066,-0.028051287,1.8345082,0.21925563,0.13559455,0.9661994,0
-0.86127067,-0.79585022,-2.2433116,-0.21925563,-0.13559455,-0.9661994,0
-3.4358807,-0.29919314,-0.23367906,-0.71174371,-0.65512097,0.25345141,0
2.0176105,0.6678828,-2.2860699,0.71174371,0.65512097,-0.25345141,0
2.5863426,1.3578995,1.7907832,0.21925563,0.13559455,0.9661994,0
-1.3833747,2.2863762,-0.69942212,-0.66734403,0.74325681,0.047130466,0
-0.83651507,0.16806436,2.7051716,0.21925563,0.13559455,0.9661994,0
-1.558323,-2.162292,0.10037673,-0.71174371,-0.65512097,0.25345141,0
-0.16663402,2.8636374,-2.5824697,0.71174371,0.65512097,-0.25345141,0
0.65878367,1.446548,2.1579862,0.21925563,0.13559455,0.9661994,0
1.1628184,1.1586543,2.229059,0.21925563,0.13559455,0.9661994,0
-2.7061257,0.67931461,2.2932487,-0.66734403,0.74325681,0.047130466,0
-2.5834742,-1.1324105,-0.4346298,-0.71174371,-0.65512097,0.25345141,0
1.0978667,0.19370076,2.4125981,0.21925563,0.13559455,0.9661994,0
-1.143054,2.3612208,1.4971225,-0.66734403,0.74325681,0.047130466,0
1.4556875,0.75003332,-3.0255628,-0.21925563,-0.13559455,-0.9661994,0
2.8634598,1.1982107,1.8032531,0.21925563,0.13559455,0.9661994,0
1.5034032,-1.9048722,-2.1293387,0.66734403,-0.74325681,-0.047130466,0
2.7020357,0.40643275,-0.8858211,0.71174371,0.65512097,-0.25345141,0
-1.0656703,-1.5763394,-2.1067901,-0.21925563,-0.13559455,-0.9661994,0
1.0470638,2.8113174,1.8805425,0.21925563,0.13559455,0.9661994,0
-2.7529287,1.0690948,-1.9623663,-0.66734403,0.74325681,0.047130466,0
-2.9161787,0.58988345,1.3340828,-0.66734403,0.74325681,0.047130466,0
-2.9438963,0.80253959,-0.91577148,-0.66734403,0.74325681,0.047130466,0
-1.7090706,0.2117193,-2.2066479,-0.21925563,-0.13559455,-0.9661994,0
-0.11243445,3.334497,-0.89774877,-0.66734403,0.74325681,0.047130466,0
2.7551422,1.4375818,1.2434895,0.71174371,0.65512097,-0.25345141,0
-2.4349151,0.22814304,-2.15768,-0.21925563,-0.13559455,-0.9661994,0
0.69938087,0.89362657,-2.9429073,-0.21925563,-0.13559455,-0.9661994,0
1.5871577,1.3776137,-1.6159474,0.71174371,0.65512097,-0.25345141,0
2.4610386,0.2275604,1.9509133,0.21925563,0.13559455,0.9661994,0
-2.5628705,1.1314898,-0.53886604,-0.66734403,0.74325681,0.047130466,0
0.86980093,-2.5960474,1.6541897,0.66734403,-0.74325681,-0.047130466,0
2.885165,-0.11913359,-2.0442941,0.71174371,0.65512097,-0.25345141,0
-2.705821,-0.15815246,2.0704162,-0.71174371,-0.65512097,0.25345141,0
0.72322869,3.7649274,1.970782,0.71174371,0.65512097,-0.25345141,0
-2.6787281,0.90005219,2.4408197,-0.66734403,0.74325681,0.047130466,0
-0.018859148,2.5394912,2.1644125,0.21925563,0.13559455,0.9661994,0
-1.4857076,-2.4279184,-0.40755439,-0.71174371,-0.65512097,0.25345141,0
1.918381,1.6362393,-0.45075619,0.71174371,0.65512097,-0.25345141,0
2.4426301,0.47012532,-1.7797186,0.71174371,0.65512097,-0.25345141,0
2.5726185,-1.2162783,1.8157794,0.66734403,-0.74325681,-0.047130466,0
3.0569983,0.46496418,0.13717389,0.71174371,0.65512097,-0.25345141,0
0.9113068,1.4260662,-2.9480739,-0.21925563,-0.13559455,-0.9661994,0
-2.0681758,-0.77304798,1.7989436,-0.71174371,-0.65512097,0.25345141,0
2.2531219,-1.354071,1.5580883,0.66734403,-0.74325681,-0.047130466,0
0.64117432,-0.45488018,2.4680619,0.21925563,0.13559455,0.9661994,0
1.7070206,2.1946926,0.5440557,0.71174371,0.65512097,-0.25345141,0
-3.52036,0.041157365,-0.018054962,-0.71174371,-0.65512097,0.25345141,0
1.8968384,1.6537523,1.8857956,0.21925563,0.13559455,0.9661994,0
0.74960816,2.9816928,0.090378881,0.71174371,0.65512097,-0.25345141,0
-0.43190515,2.7493703,-2.9510458,-0.21925563,-0.13559455,-0.9661994,0
1.9555935,2.0825136,1.0305622,0.71174371,0.65512097,-0.25345141,0
-0.033516884,2.6381323,-2.7979703,0.71174371,0.65512097,-0.25345141,0
-1.8206744,1.817989,-1.1972266,-0.66734403,0.74325681,0.047130466,0
1.0782872,-2.1236644,-2.3979092,0.66734403,-0.74325681,-0.047130466,0
-1.7662086,-1.7516019,0.56649268,-0.71174371,-0.65512097,0.25345141,0
-1.6787374,1.7357962,1.0116289,-0.66734403,0.74325681,0.047130466,0
2.221138,0.72868437,2.0534582,0.21925563,0.13559455,0.9661994,0
3.7385244,-0.042206645,0.57135844,0.71174371,0.65512097,-0.25345141,0
-0.6465565,1.0168958,2.6154068,0.21925563,0.13559455,0.9661994,0
-0.57763147,-3.6404128,-1.0324599,-0.71174371,-0.65512097,0.25345141,0
2.2650299,-0.43790558,2.225302,0.21925563,0.13559455,0.9661994,0
-2.4965937,-1.5394838,-1.8561984,-0.21925563,-0.13559455,-0.9661994,0
-0.65380388,2.8762665,-1.8017222,-0.66734403,0.74325681,0.047130466,0
2.9003997,-0.82777369,-0.30028367,0.66734403,-0.74325681,-0.047130466,0
-2.0382767,-1.7455099,-0.18149161,-0.71174371,-0.65512097,0.25345141,0
-3.2345209,0.40804428,-0.32592475,-0.66734403,0.74325681,0.047130466,0
-0.4303872,3.0795705,-1.3830202,-0.66734403,0.74325681,0.047130466,0
-2.4115901,1.1734858,0.85349381,-0.66734403,0.74325681,0.047130466,0
0.39858425,-2.9593849,-1.2486246,0.66734403,-0.74325681,-0.047130466,0
-1.2156842,2.5061626,-2.2374156,-0.66734403,0.74325681,0.047130466,0
-1.9074156,-1.9723086,-0.42610335,-0.71174371,-0.65512097,0.25345141,0
2.4786761,1.7060465,1.7791278,0.21925563,0.13559455,0.9661994,0
2.9714026,0.26697767,-0.63037968,0.71174371,0.65512097,-0.25345141,0
-3.0719132,0.40552831,1.1769986,-0.66734403,0.74325681,0.047130466,0
2.4759715,1.5159334,0.82095563,0.71174371,0.65512097,-0.25345141,0
0.99930882,-2.206501,-2.2864332,0.66734403,-0.74325681,-0.047130466,0
-1.7308033,-2.6443598,-1.8800117,-0.21925563,-0.13559455,-0.9661994,0
-0.7725088,-2.2477281,1.9896551,-0.71174371,-0.65512097,0.25345141,0
2.7076509,0.57261485,-0.96613431,0.71174371,0.65512097,-0.25345141,0
0.19545388,3.5210018,0.62960517,-0.66734403,0.74325681,0.047130466,0
3.1426508,-0.63727665,-0.10587478,0.66734403,-0.74325681,-0.047130466,0
1.9529541,-1.5277109,-1.0263201,0.66734403,-0.74325681,-0.047130466,0
0.016386986,-3.3913033,-0.20374221,0.66734403,-0.74325681,-0.047130466,0
-2.38236,0.95237696,3.0269427,0.21925563,0.13559455,0.9661994,0
0.8938536,-2.4772301,0.71433389,0.66734403,-0.74325681,-0.047130466,0
-1.4296679,-0.49682486,2.9264679,0.21925563,0.13559455,0.9661994,0
-0.36647606,0.12151539,-2.4816306,-0.21925563,-0.13559455,-0.9661994,0
2.6989317,1.145612,0.76200187,0.71174371,0.65512097,-0.25345141,0
-2.6232758,-1.580626,-1.8139606,-0.71174371,-0.65512097,0.25345141,0
-2.6936836,0.89892364,1.002928,-0.66734403,0.74325681,0.047130466,0
0.3114779,1.2545481,2.2637081,0.21925563,0.13559455,0.9661994,0
-2.9952073,0.8420105,-1.0131767,-0.66734403,0.74325681,0.047130466,0
0.72164816,-2.8060248,1.5339278,0.66734403,-0.74325681,-0.047130466,0
-1.15535,2.3535819,1.1748409,-0.66734403,0.74325681,0.047130466,0
0.60400969,2.0553408,-3.0554655,0.71174371,0.65512097,-0.25345141,0
-3.5583172,0.18177366,-1.4720613,-0.66734403,0.74325681,0.047130466,0
-3.6091785,0.061279774,0.16984987,-0.71174371,-0.65512097,0.25345141,0
-1.959082,1.5533681,0.12288225,-0.66734403,0.74325681,0.047130466,0
0.53300297,-2.9021051,1.7079489,0.66734403,-0.74325681,-0.047130466,0
0.31175518,-3.0694313,-1.6485469,0.66734403,-0.74325681,-0.047130466,0
-3.003572,0.72444534,-1.837064,-0.66734403,0.74325681,0.047130466,0
-0.58354175,2.6414595,1.2459959,-0.66734403,0.74325681,0.047130466,0
0.82178509,2.5986638,-1.1538476,0.71174371,0.65512097,-0.25345141,0
0.16101277,-2.1751013,2.7888541,0.21925563,0.13559455,0.9661994,0
-0.22708905,-1.3308096,2.8676028,0.21925563,0.13559455,0.9661994,0
-0.14820546,3.267127,-1.7804608,-0.66734403,0.74325681,0.047130466,0
3.7208481,-0.070659041,1.5022589,0.66734403,-0.74325681,-0.047130466,0
1.3502574,-0.62955064,2.3361733,0.21925563,0.13559455,0.9661994,0
0.47563934,1.8571236,2.1846781,0.21925563,0.13559455,0.9661994,0
-2.6999083,0.15452611,2.3617368,-0.71174371,-0.65512097,0.25345141,0
2.56568,-1.0402533,1.6110582,0.66734403,-0.74325681,-0.047130466,0
-1.2016888,2.0757537,2.2657299,-0.66734403,0.74325681,0.047130466,0
-1.2476046,-1.6712697,2.3374286,-0.71174371,-0.65512097,0.25345141,0
-0.23459029,0.52194327,2.5317733,0.21925563,0.13559455,0.9661994,0
1.6379591,-1.4939514,-2.6947064,-0.21925563,-0.13559455,-0.9661994,0
1.3222167,2.6705329,0.88841265,0.71174371,0.65512097,-0.25345141,0
-1.319015,1.3995453,2.6494234,0.21925563,0.13559455,0.9661994,0
-2.4376569,-0.81076217,1.2305589,-0.71174371,-0.65512097,0.25345141,0
-1.7948204,-1.5314902,0.82898724,-0.71174371,-0.65512097,0.25345141,0
-0.11625266,1.2961519,2.3752313,0.21925563,0.13559455,0.9661994,0
2.5570486,0.39558661,-1.3262398,0.71174371,0.65512097,-0.25345141,0
-3.0421169,0.69070786,-0.31480289,-0.66734403,0.74325681,0.047130466,0
0.93864584,-2.5228009,-1.6462107,0.66734403,-0.74325681,-0.047130466,0
1.4844978,-2.2032974,2.1522067,0.66734403,-0.74325681,-0.047130466,0
-1.2096685,2.3614655,-1.3016518,-0.66734403,0.74325681,0.047130466,0
3.0367537,-0.66202497,-0.20340157,0.66734403,-0.74325681,-0.047130466,0
3.5609772,-0.11068547,0.82752788,0.66734403,-0.74325681,-0.047130466,0
-1.9467897,0.54488051,2.8546562,0.21925563,0.13559455,0.9661994,0
0.0037014484,-3.3517694,-1.4437551,0.66734403,-0.74325681,-0.047130466,0
-1.454692,2.0393908,1.225996,-0.66734403,0.74325681,0.047130466,0
0.93680382,1.7142663,-2.4409289,0.71174371,0.65512097,-0.25345141,0
-3.0014699,0.74776262,-0.9055351,-0.66734403,0.74325681,0.047130466,0
-1.0646697,1.9647632,2.6300664,0.21925563,0.13559455,0.9661994,0
2.4870582,0.27087581,-2.2604938,0.71174371,0.65512097,-0.25345141,0
-0.58164895,-3.2062979,0.2109865,-0.71174371,-0.65512097,0.25345141,0
-3.182121,0.028660536,1.1242256,-0.71174371,-0.65512097,0.25345141,0
-3.0144765,0.70982385,0.72520232,-0.66734403,0.74325681,0.047130466,0
2.2985017,-1.3311074,1.6634992,0.66734403,-0.74325681,-0.047130466,0
-1.2196537,-0.44715834,-2.2845294,-0.21925563,-0.13559455,-0.9661994,0
-0.41692966,3.1450205,-1.861611,-0.66734403,0.74325681,0.047130466,0
0.8078289,-2.1343861,2.7305655,0.21925563,0.13559455,0.9661994,0
1.5578252,-0.79813987,2.2755005,0.21925563,0.13559455,0.9661994,0
1.3762956,1.1362399,2.0222952,0.21925563,0.13559455,0.9661994,0
-2.2076478,-1.0280411,1.3255174,-0.71174371,-0.65512097,0.25345141,0
3.3078899,0.25252891,0.26565313,0.71174371,0.65512097,-0.25345141,0
-3.2038071,0.62965798,-0.81403911,-0.66734403,0.74325681,0.047130466,0
2.2525806,0.44418252,-2.5719426,0.71174371,0.65512097,-0.25345141,0
1.2926388,3.0234358,1.4255664,0.71174371,0.65512097,-0.25345141,0
-0.89539915,-1.4281183,3.0108023,0.21925563,0.13559455,0.9661994,0
1.2616106,1.8818794,-1.7389537,0.71174371,0.65512097,-0.25345141,0
1.7739189,0.85979748,-2.9052119,0.71174371,0.65512097,-0.25345141,0
2.433763,1.0338776,-0.28165674,0.71174371,0.65512097,-0.25345141,0
1.800517,1.5877322,-0.75106525,0.71174371,0.65512097,-0.25345141,0
-3.2320542,-0.26782507,0.021953583,-0.71174371,-0.65512097,0.25345141,0
0.15346396,-0.56225997,2.5899019,0.21925563,0.13559455,0.9661994,0
0.65336204,2.6326156,-1.1342926,0.71174371,0.65512097,-0.25345141,0
-0.37195829,-2.5663207,1.8222394,-0.71174371,-0.65512097,0.25345141,0
-1.1858947,2.0326107,2.5469146,0.21925563,0.13559455,0.9661994,0
-0.857261,2.5496397,-1.0961914,-0.66734403,0.74325681,0.047130466,0
-1.8215023,0.15713003,-2.1388645,-0.21925563,-0.13559455,-0.9661994,0
3.3644013,-0.15883386,-0.76149511,0.71174371,0.65512097,-0.25345141,0
1.9717398,0.94094414,-1.8144418,0.71174371,0.65512097,-0.25345141,0
1.4682535,2.0402918,-0.7959981,0.71174371,0.65512097,-0.25345141,0
-1.2130084,-1.9266028,1.4555973,-0.71174371,-0.65512097,0.25345141,0
1.6814656,1.0560062,2.0837049,0.21925563,0.13559455,0.9661994,0
0.97940999,-2.6931469,1.4377515,0.66734403,-0.74325681,-0.047130466,0
-1.7362744,1.7431251,-2.489356,-0.21925563,-0.13559455,-0.9661994,0
0.58482659,-0.83646858,-2.6151874,-0.21925563,-0.13559455,-0.9661994,0
-1.9220176,-1.6655824,-1.8310541,-0.21925563,-0.13559455,-0.9661994,0
0.52838457,-2.7283554,-0.65496206,0.66734403,-0.74325681,-0.047130466,0
0.61861789,-1.4336816,2.6952746,0.21925563,0.13559455,0.9661994,0
-2.791882,0.90024167,0.11766434,-0.66734403,0.74325681,0.047130466,0
0.63910186,1.1754919,-2.8873456,-0.21925563,-0.13559455,-0.9661994,0
1.5762937,1.784019,-0.53504682,0.71174371,0.65512097,-0.25345141,0
0.68671727,2.5787349,2.1111717,0.21925563,0.13559455,0.9661994,0
1.4999908,0.18683037,2.1990831,0.21925563,0.13559455,0.9661994,0
-1.2147597,1.7664428,-2.4659984,-0.21925563,-0.13559455,-0.9661994,0
-0.021288633,-1.3941325,-2.2938728,-0.21925563,-0.13559455,-0.9661994,0
-0.15369207,-3.2402482,1.0413024,-0.71174371,-0.65512097,0.25345141,0
2.0633459,-1.2926298,-1.4201249,0.66734403,-0.74325681,-0.047130466,0
3.36605,0.20821047,-0.11723566,0.71174371,0.65512097,-0.25345141,0
2.8375931,-0.77608871,-2.0002723,0.66734403,-0.74325681,-0.047130466,0
-1.0799342,2.3472204,2.5909543,0.21925563,0.13559455,0.9661994,0
0.9815383,3.4735093,1.6396896,0.71174371,0.65512097,-0.25345141,0
-1.1429231,2.2129185,2.1555893,-0.66734403,0.74325681,0.047130466,0
1.613801,0.17226374,-3.0525875,-0.21925563,-0.13559455,-0.9661994,0
-1.5209627,-2.1699934,0.021767974,-0.71174371,-0.65512097,0.25345141,0
0.94629371,-2.2415366,-2.195689,0.66734403,-0.74325681,-0.047130466,0
-1.651294,-1.9830549,0.46318209,-0.71174371,-0.65512097,0.25345141,0
-0.25381923,-3.5091543,-2.0711884,0.66734403,-0.74325681,-0.047130466,0
0.93372029,2.4305491,-1.26772,0.71174371,0.65512097,-0.25345141,0
-1.5451577,0.8987211,-2.4412181,-0.21925563,-0.13559455,-0.9661994,0
3.0138392,-0.87291658,1.5756624,0.66734403,-0.74325681,-0.047130466,0
0.90078491,2.5476038,-0.56011164,0.71174371,0.65512097,-0.25345141,0
0.71880013,-2.7110493,-0.36263877,0.66734403,-0.74325681,-0.047130466,0
-1.0119952,2.3323104,2.0889845,-0.66734403,0.74325681,0.047130466,0
0.80325055,2.4813373,-1.5781536,0.71174371,0.65512097,-0.25345141,0
-0.057496488,3.0068581,-2.6407182,0.71174371,0.65512097,-0.25345141,0
-2.234345,1.4141865,-2.2679148,-0.66734403,0.74325681,0.047130466,0
-2.8332019,0.7991938,-0.44727147,-0.66734403,0.74325681,0.047130466,0
-0.26867223,3.1825552,0.98471808,-0.66734403,0.74325681,0.047130466,0
-0.023685582,3.2271833,-1.6721644,0.71174371,0.65512097,-0.25345141,0
-2.0975628,1.557467,-2.1925209,-0.66734403,0.74325681,0.047130466,0
-1.4570409,0.40350413,2.8434982,0.21925563,0.13559455,0.9661994,0
1.6889617,-1.091159,-2.8011291,-0.21925563,-0.13559455,-0.9661994,0
2.3685677,-1.1599951,0.54782891,0.66734403,-0.74325681,-0.047130466,0
-2.3392234,-1.7949798,-1.2824564,-0.71174371,-0.65512097,0.25345141,0
1.7633313,-1.8310795,2.2865052,0.66734403,-0.74325681,-0.047130466,0
1.3608482,-2.3092055,1.173007,0.66734403,-0.74325681,-0.047130466,0
1.2439296,3.028898,1.5604163,0.71174371,0.65512097,-0.25345141,0
2.2940223,-1.2765259,-1.2612419,0.66734403,-0.74325681,-0.047130466,0
-0.32896113,2.7948813,2.1812038,0.21925563,0.13559455,0.9661994,0
-0.64868891,2.6598597,0.66074914,-0.66734403,0.74325681,0.047130466,0
-0.73660147,-0.84681636,2.9274888,0.21925563,0.13559455,0.9661994,0
-0.0056377053,-3.3240976,0.93736577,0.66734403,-0.74325681,-0.047130466,0
-1.530411,0.24674416,2.8384156,0.21925563,0.13559455,0.9661994,0
-0.37941289,3.0623837,-0.39650029,-0.66734403,0.74325681,0.047130466,0
1.7456007,-0.58093828,2.2352948,0.21925563,0.13559455,0.9661994,0
-0.33802515,3.0170584,-0.13725966,-0.66734403,0.74325681,0.047130466,0
2.8402891,1.092947,0.69525623,0.71174371,0.65512097,-0.25345141,0
0.83462024,3.522356,1.9039419,0.71174371,0.65512097,-0.25345141,0
2.1660399,-1.4928143,0.32998568,0.66734403,-0.74325681,-0.047130466,0
2.3391397,0.87416971,1.8668746,0.21925563,0.13559455,0.9661994,0
2.6012962,0.029577136,-2.5272851,0.71174371,0.65512097,-0.25345141,0
0.46547866,2.4230952,2.2386484,0.21925563,0.13559455,0.9661994,0
2.6231153,-0.60204118,1.9946475,0.21925563,0.13559455,0.9661994,0
0.37476754,1.559041,-2.9130723,-0.21925563,-0.13559455,-0.9661994,0
-0.94701266,-1.5310477,-2.1622412,-0.21925563,-0.13559455,-0.9661994,0
-1.8178971,1.7197342,-0.57151473,-0.66734403,0.74325681,0.047130466,0
-2.2594349,-0.29077554,3.1338518,-0.71174371,-0.65512097,0.25345141,0
2.4018435,-0.33079243,-3.0852509,-0.21925563,-0.13559455,-0.9661994,0
1.6128916,-0.5129261,2.2111592,0.21925563,0.13559455,0.9661994,0
-1.9188161,1.4645183,-2.4125288,-0.21925563,-0.13559455,-0.9661994,0
-1.3841186,2.1799858,-0.082856625,-0.66734403,0.74325681,0.047130466,0
-0.7299037,-1.6338749,-2.128726,-0.21925563,-0.13559455,-0.9661994,0
-2.8161235,0.93895423,0.18194389,-0.66734403,0.74325681,0.047130466,0
3.2239957,0.72442102,1.3209438,0.71174371,0.65512097,-0.25345141,0
-0.57262826,-0.35534632,2.801796,0.21925563,0.13559455,0.9661994,0
-2.6138811,-0.92913985,0.052527189,-0.71174371,-0.65512097,0.25345141,0
-0.49720716,-0.49979591,2.774471,0.21925563,0.13559455,0.9661994,0
2.1709895,-0.73641586,2.2897336,0.21925563,0.13559455,0.9661994,0
-0.82415551,2.6618383,-0.091194108,-0.66734403,0.74325681,0.047130466,0
-1.7197235,0.34376669,2.9799833,0.21925563,0.13559455,0.9661994,0
3.1072898,-0.49062443,-2.2923248,0.66734403,-0.74325681,-0.047130466,0
-0.60292912,-3.6689734,-1.4307966,-0.71174371,-0.65512097,0.25345141,0
-1.3513682,-1.5679157,1.9116478,-0.71174371,-0.65512097,0.25345141,0
0.37840191,-3.0222201,1.1703124,0.66734403,-0.74325681,-0.047130466,0
-0.81917381,2.5491416,1.1949861,-0.66734403,0.74325681,0.047130466,0
-3.3455105,0.22621608,0.47199869,-0.66734403,0.74325681,0.047130466,0
-1.4229546,2.0632296,-1.6143075,-0.66734403,0.74325681,0.047130466,0
-1.9562348,1.3579359,2.2023051,-0.66734403,0.74325681,0.047130466,0
-0.066965461,3.2838826,0.35080323,-0.66734403,0.74325681,0.047130466,0
-1.4552817,-0.030348659,-2.3439767,-0.21925563,-0.13559455,-0.9661994,0
-2.1258411,1.6149563,-0.83367717,-0.66734403,0.74325681,0.047130466,0
