-3.5085473,-1.9749951,1.4682682,-0.8395654,0.11741281,-0.53041875,0
3.3311286,4.0460596,-2.0885162,0.13620734,0.99067342,0.0037006438,0
2.296401,0.37061012,0.19976938,0.8395654,-0.11741281,0.53041875,0
-3.0890262,2.9011159,1.6823611,-0.8395654,0.11741281,-0.53041875,0
3.8509295,3.5736189,-1.3597832,0.8395654,-0.11741281,0.53041875,0
2.0925333,0.43513131,0.67434615,0.8395654,-0.11741281,0.53041875,0
-3.67067,-2.430558,1.4855514,-0.8395654,0.11741281,-0.53041875,0
2.7886434,-5.0135775,-1.8339081,-0.13620734,-0.99067342,-0.0037006438,0
-0.078652024,3.0812378,4.73698,0.8395654,-0.11741281,0.53041875,0
-3.3783467,-3.8416662,0.54112029,-0.8395654,0.11741281,-0.53041875,0
0.68851829,2.9006183,-4.0920296,-0.8395654,0.11741281,-0.53041875,0
1.1557889,4.4123669,-3.8810854,0.13620734,0.99067342,0.0037006438,0
2.1000705,1.0485308,-4.6038017,0.52590632,-0.069139943,-0.84772754,0
-0.42181563,3.3018589,5.0678673,0.8395654,-0.11741281,0.53041875,0
3.3924062,4.1371784,-3.9504988,0.13620734,0.99067342,0.0037006438,0
0.87789631,4.5067906,-3.4034739,0.13620734,0.99067342,0.0037006438,0
-1.8481824,0.041013241,4.6382051,-0.52590632,0.069139943,0.84772754,0
-1.8031158,3.7475204,4.525836,-0.52590632,0.069139943,0.84772754,0
-3.7304573,1.0259964,3.5284519,-0.52590632,0.069139943,0.84772754,0
1.4274859,4.285852,-4.6566939,0.13620734,0.99067342,0.0037006438,0
-0.02045393,2.566891,-3.1207194,-0.8395654,0.11741281,-0.53041875,0
1.6455201,-3.2865713,-4.5816808,0.52590632,-0.069139943,-0.84772754,0
-3.0823526,-1.4769737,0.70322895,-0.8395654,0.11741281,-0.53041875,0
1.2612669,-0.43821168,1.7436908,0.8395654,-0.11741281,0.53041875,0
0.042287707,2.8751028,4.5030112,0.8395654,-0.11741281,0.53041875,0
1.8921468,-4.4259334,-0.041515112,0.8395654,-0.11741281,0.53041875,0
-0.9808557,-4.4810705,0.40518737,-0.13620734,-0.99067342,-0.0037006438,0
-2.1298957,4.8941832,0.82881784,0.13620734,0.99067342,0.0037006438,0
-0.093425035,4.4262495,4.8164144,0.8395654,-0.11741281,0.53041875,0
-0.89432955,4.1596251,-1.4140354,-0.8395654,0.11741281,-0.53041875,0
1.6230309,4.3680058,0.57329428,0.13620734,0.99067342,0.0037006438,0
-1.1576496,0.5875659,5.0950713,-0.52590632,0.069139943,0.84772754,0
-0.79527879,-4.3774891,-2.0027478,-0.13620734,-0.99067342,-0.0037006438,0
2.9993751,1.3980455,-4.2213492,0.52590632,-0.069139943,-0.84772754,0
3.9510999,3.6688383,-3.6988721,0.52590632,-0.069139943,-0.84772754,0
-3.479491,-4.0509658,3.0997138,-0.13620734,-0.99067342,-0.0037006438,0
-2.9146082,-3.1890244,0.15602148,-0.8395654,0.11741281,-0.53041875,0
-3.4403744,-4.0572166,0.86905921,-0.8395654,0.11741281,-0.53041875,0
-3.4603307,4.9680328,3.2138338,0.13620734,0.99067342,0.0037006438,0
0.85379028,-4.5794954,-2.3775101,-0.13620734,-0.99067342,-0.0037006438,0
-2.4211214,-4.2689843,1.2774658,-0.13620734,-0.99067342,-0.0037006438,0
-2.1819882,4.3490868,4.3041358,-0.52590632,0.069139943,0.84772754,0
-2.9086335,-4.1088395,4.1088181,-0.13620734,-0.99067342,-0.0037006438,0
3.8961217,0.45630971,-3.4586353,0.52590632,-0.069139943,-0.84772754,0
-2.2017589,-3.8963697,4.7518654,-0.52590632,0.069139943,0.84772754,0
-4.3261166,-3.4860253,3.5996389,-0.52590632,0.069139943,0.84772754,0
-3.6600637,-4.0048814,3.5982962,-0.13620734,-0.99067342,-0.0037006438,0
2.2258391,-3.0694175,-4.2188511,0.52590632,-0.069139943,-0.84772754,0
4.3948307,3.7165785,-2.5403357,0.8395654,-0.11741281,0.53041875,0
2.7272332,-4.9336209,-2.4502153,-0.13620734,-0.99067342,-0.0037006438,0
-0.61031079,-3.2945755,-3.7113051,-0.8395654,0.11741281,-0.53041875,0
-3.3201585,-1.3494394,4.0371494,-0.52590632,0.069139943,0.84772754,0
-2.9097185,3.1099236,3.9000993,-0.52590632,0.069139943,0.84772754,0
-4.0972223,-3.1262829,3.6703138,-0.52590632,0.069139943,0.84772754,0
-4.3327098,-3.173116,3.430675,-0.52590632,0.069139943,0.84772754,0
1.7065651,-4.7700262,-2.0454683,-0.13620734,-0.99067342,-0.0037006438,0
-3.4091864,2.9112825,2.2041268,-0.8395654,0.11741281,-0.53041875,0
4.4863553,2.3646481,-2.6906943,0.8395654,-0.11741281,0.53041875,0
-2.8329544,-3.3213949,4.510952,-0.52590632,0.069139943,0.84772754,0
-4.0621638,-1.2450113,3.4542952,-0.52590632,0.069139943,0.84772754,0
-1.9843507,3.9870329,0.21537995,-0.8395654,0.11741281,-0.53041875,0
1.4324811,4.2159095,2.6124938,0.8395654,-0.11741281,0.53041875,0
-2.1843328,-4.1847382,-0.67876196,-0.13620734,-0.99067342,-0.0037006438,0
-2.8372998,-2.648108,-0.039495349,-0.8395654,0.11741281,-0.53041875,0
-1.5663373,-2.8610976,5.2368588,-0.52590632,0.069139943,0.84772754,0
-0.77000463,-1.073271,4.6036892,0.8395654,-0.11741281,0.53041875,0
0.89243746,4.5117731,0.66458428,0.13620734,0.99067342,0.0037006438,0
-2.9507062,-2.9496832,4.1909547,-0.52590632,0.069139943,0.84772754,0
-3.9707801,-2.1906991,1.8740971,-0.8395654,0.11741281,-0.53041875,0
0.40423155,-4.0932541,2.107079,0.8395654,-0.11741281,0.53041875,0
-0.91513824,-4.4107943,3.4803262,-0.13620734,-0.99067342,-0.0037006438,0
-0.92989969,1.5164235,5.252223,-0.52590632,0.069139943,0.84772754,0
1.9575706,-2.6365087,-4.4267907,0.52590632,-0.069139943,-0.84772754,0
1.3982315,4.3716221,0.29073834,0.13620734,0.99067342,0.0037006438,0
2.6002142,4.1209302,-0.74315792,0.13620734,0.99067342,0.0037006438,0
0.0030572414,1.7663119,-3.46242,-0.8395654,0.11741281,-0.53041875,0
-1.3802748,-4.3699894,0.33936206,-0.13620734,-0.99067342,-0.0037006438,0
-2.8986034,3.5226407,3.7821946,-0.52590632,0.069139943,0.84772754,0
-2.1877835,2.8786707,0.28654361,-0.8395654,0.11741281,-0.53041875,0
-1.3787888,-2.6698608,-2.2318292,-0.8395654,0.11741281,-0.53041875,0
1.5990198,-1.6090571,0.8875823,0.8395654,-0.11741281,0.53041875,0
-0.8048625,-4.5359859,3.8555036,-0.13620734,-0.99067342,-0.0037006438,0
-0.054377556,-3.7269127,-4.6275039,-0.8395654,0.11741281,-0.53041875,0
-4.1479526,1.5125347,3.2258959,-0.52590632,0.069139943,0.84772754,0
-1.7061083,-3.4554503,-1.9133518,-0.8395654,0.11741281,-0.53041875,0
0.34806228,-1.4951692,2.7695806,0.8395654,-0.11741281,0.53041875,0
3.1085014,4.0401011,-1.6202782,0.13620734,0.99067342,0.0037006438,0
2.3956497,3.8861525,-4.7184696,0.52590632,-0.069139943,-0.84772754,0
-3.0889533,-4.1647172,3.545243,-0.13620734,-0.99067342,-0.0037006438,0
-1.3049858,4.4116483,4.6137543,-0.52590632,0.069139943,0.84772754,0
-1.8905284,-4.2759547,1.0865507,-0.13620734,-0.99067342,-0.0037006438,0
-1.8449721,-4.3684654,1.3771677,-0.13620734,-0.99067342,-0.0037006438,0
-3.2383363,2.1516056,1.9341936,-0.8395654,0.11741281,-0.53041875,0
0.47298956,-4.6702652,-4.8672471,-0.13620734,-0.99067342,-0.0037006438,0
2.5293915,-3.4870918,-1.0152063,0.8395654,-0.11741281,0.53041875,0
3.9354188,1.6660244,-2.1692021,0.8395654,-0.11741281,0.53041875,0
2.6829226,4.1960273,-2.1577973,0.13620734,0.99067342,0.0037006438,0
-4.5453572,-3.848644,3.2422652,-0.13620734,-0.99067342,-0.0037006438,0
3.2609823,4.0839739,-2.6780856,0.13620734,0.99067342,0.0037006438,0
2.6117806,-0.25503433,-4.358552,0.52590632,-0.069139943,-0.84772754,0
-0.46877861,-4.5096993,-2.0037088,-0.13620734,-0.99067342,-0.0037006438,0
2.7131486,-2.4664934,-3.9825163,0.52590632,-0.069139943,-0.84772754,0
-2.726316,1.2445751,4.1977186,-0.52590632,0.069139943,0.84772754,0
-1.1074855,4.0117331,4.8611565,-0.52590632,0.069139943,0.84772754,0
-1.4762003,4.6763992,3.342052,0.13620734,0.99067342,0.0037006438,0
0.92833889,3.0045788,2.8321862,0.8395654,-0.11741281,0.53041875,0
2.0815372,4.2300663,0.026214369,0.13620734,0.99067342,0.0037006438,0
-1.3174522,-3.4768085,5.2423897,0.8395654,-0.11741281,0.53041875,0
2.487443,-0.39599979,-4.3834853,0.52590632,-0.069139943,-0.84772754,0
0.78396904,1.9877198,3.1378431,0.8395654,-0.11741281,0.53041875,0
-1.8293552,-4.3716035,-0.9581694,-0.13620734,-0.99067342,-0.0037006438,0
-1.5709312,2.0313387,-1.0003084,-0.8395654,0.11741281,-0.53041875,0
2.5781708,-4.9061966,-2.7315836,-0.13620734,-0.99067342,-0.0037006438,0
-2.9956841,-1.6165386,0.56750512,-0.8395654,0.11741281,-0.53041875,0
3.8796113,-4.4300652,-3.2134919,0.8395654,-0.11741281,0.53041875,0
1.3652626,1.2445738,-5.2600422,0.52590632,-0.069139943,-0.84772754,0
0.089252949,4.5729265,-2.0652208,0.13620734,0.99067342,0.0037006438,0
-2.5627036,0.27438641,4.2886658,-0.52590632,0.069139943,0.84772754,0
1.7246263,-4.7781906,-1.6301312,-0.13620734,-0.99067342,-0.0037006438,0
1.3372945,-2.5695019,-4.7610202,0.52590632,-0.069139943,-0.84772754,0
3.0086894,0.57014382,-1.0019996,0.8395654,-0.11741281,0.53041875,0
1.9676383,-1.8543526,0.05843091,0.8395654,-0.11741281,0.53041875,0
0.11047041,-0.33198094,3.6440763,0.8395654,-0.11741281,0.53041875,0
-0.69587088,4.5804048,5.1992807,-0.52590632,0.069139943,0.84772754,0
0.27189994,-2.7106335,2.9142427,0.8395654,-0.11741281,0.53041875,0
-0.29913712,-4.40488,0.60718346,-0.13620734,-0.99067342,-0.0037006438,0
3.4254682,-4.4376163,-2.6702542,0.8395654,-0.11741281,0.53041875,0
-2.9847798,-0.067495942,4.1178231,-0.52590632,0.069139943,0.84772754,0
1.1011076,-4.7510023,-4.8689389,0.52590632,-0.069139943,-0.84772754,0
3.5734587,4.0281663,-2.7939489,0.13620734,0.99067342,0.0037006438,0
2.204371,-3.4013205,-4.344944,0.52590632,-0.069139943,-0.84772754,0
-0.94339263,1.0220809,5.2616744,-0.52590632,0.069139943,0.84772754,0
2.0970962,4.2664661,-2.6732666,0.13620734,0.99067342,0.0037006438,0
3.2461367,0.09740591,-1.3245466,0.8395654,-0.11741281,0.53041875,0
-3.0498335,1.4313276,3.9542942,-0.52590632,0.069139943,0.84772754,0
1.8434321,-3.4222145,-4.4802837,0.52590632,-0.069139943,-0.84772754,0
-0.83483315,-3.9465516,4.1174726,0.8395654,-0.11741281,0.53041875,0
-2.9786496,-0.90990359,0.8779819,-0.8395654,0.11741281,-0.53041875,0
-2.7212734,1.1917641,0.81359076,-0.8395654,0.11741281,-0.53041875,0
2.0226979,-3.4467335,-4.336328,0.52590632,-0.069139943,-0.84772754,0
2.2074678,-4.5494809,-4.1169686,0.52590632,-0.069139943,-0.84772754,0
-2.1644053,1.5707027,-0.05288744,-0.8395654,0.11741281,-0.53041875,0
2.7819998,4.2088985,-4.078176,0.13620734,0.99067342,0.0037006438,0
1.7963207,4.0097508,1.778604,0.8395654,-0.11741281,0.53041875,0
-1.7028642,4.8524156,3.2668123,0.13620734,0.99067342,0.0037006438,0
-1.9342892,-1.3286591,4.7681556,-0.52590632,0.069139943,0.84772754,0
-3.0451107,2.4054644,3.7768459,-0.52590632,0.069139943,0.84772754,0
-0.313573,1.8064306,4.6183982,0.8395654,-0.11741281,0.53041875,0
1.2531748,2.1755948,2.2409978,0.8395654,-0.11741281,0.53041875,0
0.61413574,3.7005734,3.7523549,0.8395654,-0.11741281,0.53041875,0
-1.7978287,4.869874,1.3689976,0.13620734,0.99067342,0.0037006438,0
0.0044808388,-2.396498,3.3435001,0.8395654,-0.11741281,0.53041875,0
2.2910259,3.9684775,-4.827848,0.52590632,-0.069139943,-0.84772754,0
0.49152517,-4.2521009,2.0122254,0.8395654,-0.11741281,0.53041875,0
1.149667,-4.7337294,-1.5853572,-0.13620734,-0.99067342,-0.0037006438,0
-2.0938268,-2.2149963,4.7067051,-0.52590632,0.069139943,0.84772754,0
-0.97241282,4.6081095,4.380918,0.13620734,0.99067342,0.0037006438,0
2.9110386,-3.5698071,-1.5210919,0.8395654,-0.11741281,0.53041875,0
4.2602711,1.9846852,-2.6619859,0.8395654,-0.11741281,0.53041875,0
-4.508214,-1.3368648,3.3030763,-0.52590632,0.069139943,0.84772754,0
1.1933658,2.9355621,2.4679363,0.8395654,-0.11741281,0.53041875,0
-1.3350005,4.7695994,2.0201521,0.13620734,0.99067342,0.0037006438,0
-3.6524615,-4.0779867,3.8785903,-0.13620734,-0.99067342,-0.0037006438,0
1.4657927,-4.38309,0.31792283,0.8395654,-0.11741281,0.53041875,0
-3.7126274,4.1328135,3.0028915,-0.8395654,0.11741281,-0.53041875,0
-1.8523268,0.98231876,-0.62299395,-0.8395654,0.11741281,-0.53041875,0
-0.58069563,-2.5243175,4.3058896,0.8395654,-0.11741281,0.53041875,0
1.3453238,0.29854536,-5.0829411,0.52590632,-0.069139943,-0.84772754,0
1.4726157,-2.7102265,0.81516182,0.8395654,-0.11741281,0.53041875,0
1.0591297,-4.6554265,1.0166199,-0.13620734,-0.99067342,-0.0037006438,0
-1.3053076,-4.3129554,-0.77209151,-0.13620734,-0.99067342,-0.0037006438,0
0.64913058,2.553885,3.3137929,0.8395654,-0.11741281,0.53041875,0
2.5466456,-4.1850014,-1.1315041,0.8395654,-0.11741281,0.53041875,0
4.4643507,3.8891034,-2.2754686,0.8395654,-0.11741281,0.53041875,0
2.1596274,0.47768331,-4.6919093,0.52590632,-0.069139943,-0.84772754,0
1.5315897,0.39028621,-4.9669838,0.52590632,-0.069139943,-0.84772754,0
-2.7051423,2.9898098,1.1426399,-0.8395654,0.11741281,-0.53041875,0
3.9729984,1.6841316,-3.5648837,0.52590632,-0.069139943,-0.84772754,0
-3.2887564,-3.6158979,4.1776714,-0.52590632,0.069139943,0.84772754,0
3.0688169,4.130589,-4.0084124,0.13620734,0.99067342,0.0037006438,0
-0.29492834,-0.71477795,-3.5009782,-0.8395654,0.11741281,-0.53041875,0
3.5403361,-1.3526618,-2.0703993,0.8395654,-0.11741281,0.53041875,0
-4.3144846,-3.9004698,3.0787494,-0.13620734,-0.99067342,-0.0037006438,0
-3.3463993,-1.8123521,0.95655656,-0.8395654,0.11741281,-0.53041875,0
1.1675247,-2.9410179,-4.8508515,0.52590632,-0.069139943,-0.84772754,0
2.3460772,-4.4315944,-4.1895204,0.52590632,-0.069139943,-0.84772754,0
0.17521,4.4342098,1.4022486,0.13620734,0.99067342,0.0037006438,0
-3.4374104,2.8759604,3.5312114,-0.52590632,0.069139943,0.84772754,0
1.8655076,-4.7119179,-1.4101653,-0.13620734,-0.99067342,-0.0037006438,0
4.6595168,1.4615948,-3.1678715,0.52590632,-0.069139943,-0.84772754,0
-2.2745728,-2.4317453,4.7275896,-0.52590632,0.069139943,0.84772754,0
3.945997,0.32751524,-2.3284965,0.8395654,-0.11741281,0.53041875,0
-2.4136531,-3.3850455,-0.68054938,-0.8395654,0.11741281,-0.53041875,0
-0.18660462,-2.6980653,-4.2202559,-0.8395654,0.11741281,-0.53041875,0
-1.629493,-4.4183602,3.2976904,-0.13620734,-0.99067342,-0.0037006438,0
-2.1499197,-4.2619619,2.3509007,-0.13620734,-0.99067342,-0.0037006438,0
-2.6475062,-4.1503682,2.6686759,-0.13620734,-0.99067342,-0.0037006438,0
1.7192111,4.3936338,-4.6510386,0.13620734,0.99067342,0.0037006438,0
2.4419658,4.2610741,-1.3614066,0.13620734,0.99067342,0.0037006438,0
1.1848869,-4.5359659,0.73544323,0.8395654,-0.11741281,0.53041875,0
-1.1969483,3.1640224,-1.2527087,-0.8395654,0.11741281,-0.53041875,0
3.3918197,-4.2627192,-2.4387474,0.8395654,-0.11741281,0.53041875,0
-2.8153374,-4.2317791,0.74986315,-0.13620734,-0.99067342,-0.0037006438,0
-3.0173814,3.8518176,1.9059448,-0.8395654,0.11741281,-0.53041875,0
-0.28684378,4.6087694,3.7947617,0.13620734,0.99067342,0.0037006438,0
-4.0133452,1.2334142,2.7355962,-0.8395654,0.11741281,-0.53041875,0
2.2289472,-1.567457,-4.3179312,0.52590632,-0.069139943,-0.84772754,0
2.6751699,2.8899324,-4.4431019,0.52590632,-0.069139943,-0.84772754,0
-1.3311088,-4.3003788,2.3779447,-0.13620734,-0.99067342,-0.0037006438,0
2.3936601,-3.5979052,-0.68154454,0.8395654,-0.11741281,0.53041875,0
0.95433187,4.381845,0.48545551,0.13620734,0.99067342,0.0037006438,0
-1.3659499,4.6414719,4.4572029,0.13620734,0.99067342,0.0037006438,0
-1.6642889,-1.9939153,-1.5970194,-0.8395654,0.11741281,-0.53041875,0
-3.6953943,-2.9480252,1.5995185,-0.8395654,0.11741281,-0.53041875,0
-2.0005448,4.0921502,0.49004912,-0.8395654,0.11741281,-0.53041875,0
1.6032658,4.288095,-2.9431095,0.13620734,0.99067342,0.0037006438,0
0.92842293,-1.0762868,2.0739534,0.8395654,-0.11741281,0.53041875,0
4.7460065,2.7321665,-3.1033554,0.8395654,-0.11741281,0.53041875,0
3.1610105,1.1956633,-4.0411873,0.52590632,-0.069139943,-0.84772754,0
0.92372704,-2.8255601,1.5366743,0.8395654,-0.11741281,0.53041875,0
0.083054066,3.7559619,-3.1867254,-0.8395654,0.11741281,-0.53041875,0
0.9219451,4.4362583,-3.4310265,0.13620734,0.99067342,0.0037006438,0
-3.192019,2.4619515,3.6444921,-0.52590632,0.069139943,0.84772754,0
-1.5375432,2.0413828,-0.8208189,-0.8395654,0.11741281,-0.53041875,0
3.5993023,2.3517883,-3.9249787,0.52590632,-0.069139943,-0.84772754,0
3.2391608,4.0889578,-0.80295658,0.13620734,0.99067342,0.0037006438,0
-4.2274981,1.3597109,3.2579355,-0.52590632,0.069139943,0.84772754,0
3.3697014,-1.3668597,-1.7962046,0.8395654,-0.11741281,0.53041875,0
1.4414247,-1.0480247,1.3311095,0.8395654,-0.11741281,0.53041875,0
4.1653876,-0.3996163,-2.8088703,0.8395654,-0.11741281,0.53041875,0
0.22515643,-0.42063713,3.4761662,0.8395654,-0.11741281,0.53041875,0
2.0008826,2.2196572,-4.800539,0.52590632,-0.069139943,-0.84772754,0
-0.37421793,-0.1396699,-3.1219583,-0.8395654,0.11741281,-0.53041875,0
2.0764983,-4.8658133,-2.3089004,-0.13620734,-0.99067342,-0.0037006438,0
-4.1816978,-1.221576,2.7590032,-0.8395654,0.11741281,-0.53041875,0
0.47393775,-0.5261488,2.9443209,0.8395654,-0.11741281,0.53041875,0
-0.77867061,1.6384289,5.2949643,-0.52590632,0.069139943,0.84772754,0
4.7127461,3.3833208,-3.2886996,0.52590632,-0.069139943,-0.84772754,0
-2.5780628,2.5080624,4.0346589,-0.52590632,0.069139943,0.84772754,0
-1.9210579,4.8242264,3.732646,0.13620734,0.99067342,0.0037006438,0
-2.8119392,0.037734866,4.2477598,-0.52590632,0.069139943,0.84772754,0
3.8826737,2.4056616,-3.6862526,0.52590632,-0.069139943,-0.84772754,0
2.4932098,0.4169476,-4.3605027,0.52590632,-0.069139943,-0.84772754,0
-3.6773515,1.6352302,3.5636268,-0.52590632,0.069139943,0.84772754,0
2.7762787,-2.1411128,-3.9800253,0.52590632,-0.069139943,-0.84772754,0
-1.5390601,-0.26928043,5.0397582,-0.52590632,0.069139943,0.84772754,0
-1.4383135,-2.8750155,5.2344017,-0.52590632,0.069139943,0.84772754,0
-1.4656458,4.7375488,3.290894,0.13620734,0.99067342,0.0037006438,0
0.014700651,2.219228,4.1147442,0.8395654,-0.11741281,0.53041875,0
-0.41669798,-1.3495836,4.1564164,0.8395654,-0.11741281,0.53041875,0
2.0406389,4.1800818,0.22443016,0.13620734,0.99067342,0.0037006438,0
-1.4641695,-0.65866876,5.1571708,-0.52590632,0.069139943,0.84772754,0
-2.2036183,-3.3139722,-0.97030687,-0.8395654,0.11741281,-0.53041875,0
-1.6947386,4.7698436,4.1256928,0.13620734,0.99067342,0.0037006438,0
2.3196867,2.7626643,0.77081519,0.8395654,-0.11741281,0.53041875,0
4.6735635,2.8634157,-3.2372432,0.52590632,-0.069139943,-0.84772754,0
3.7462771,-2.4780126,-2.6868777,0.8395654,-0.11741281,0.53041875,0
-1.0075034,-1.1701436,5.0223475,0.8395654,-0.11741281,0.53041875,0
-3.0535874,2.2369552,1.4618478,-0.8395654,0.11741281,-0.53041875,0
2.5169692,0.79071355,-0.17020667,0.8395654,-0.11741281,0.53041875,0
-2.8782425,2.9750848,1.6221929,-0.8395654,0.11741281,-0.53041875,0
0.61221695,-4.5401139,1.308421,-0.13620734,-0.99067342,-0.0037006438,0
1.2067062,1.5068533,2.0267706,0.8395654,-0.11741281,0.53041875,0
0.55606484,4.511013,1.7020772,0.13620734,0.99067342,0.0037006438,0
-3.7764168,-1.3219072,3.6929669,-0.52590632,0.069139943,0.84772754,0
-3.0509367,-4.0903735,2.5591326,-0.13620734,-0.99067342,-0.0037006438,0
-0.20346296,2.8989177,4.8374624,0.8395654,-0.11741281,0.53041875,0
1.2678969,4.4185543,0.20470589,0.13620734,0.99067342,0.0037006438,0
-2.8644249,-4.0995626,1.0113453,-0.13620734,-0.99067342,-0.0037006438,0
-4.3120251,0.14178807,3.1448941,-0.8395654,0.11741281,-0.53041875,0
-2.7608662,4.8324776,3.0765347,0.13620734,0.99067342,0.0037006438,0
3.4841526,1.9689295,-3.8854799,0.52590632,-0.069139943,-0.84772754,0
-3.9474182,0.62232184,3.3553476,-0.52590632,0.069139943,0.84772754,0
3.5637312,1.0654589,-1.6601987,0.8395654,-0.11741281,0.53041875,0
-3.4287505,3.0338788,3.4501176,-0.52590632,0.069139943,0.84772754,0
-1.2178746,-1.5198944,5.1826868,-0.52590632,0.069139943,0.84772754,0
2.6891601,1.3308328,-0.0089229345,0.8395654,-0.11741281,0.53041875,0
0.021186829,-3.5200872,3.0631433,0.8395654,-0.11741281,0.53041875,0
-2.6134243,4.9179592,1.5329323,0.13620734,0.99067342,0.0037006438,0
2.7520125,1.8131759,-4.4069133,0.52590632,-0.069139943,-0.84772754,0
0.24424672,3.6925099,4.3650546,0.8395654,-0.11741281,0.53041875,0
0.65734625,2.7309549,3.2802169,0.8395654,-0.11741281,0.53041875,0
-2.6859679,-0.89571488,0.2691164,-0.8395654,0.11741281,-0.53041875,0
-3.8039596,-1.6975726,2.0125239,-0.8395654,0.11741281,-0.53041875,0
-0.95118284,4.6793261,0.18446469,0.13620734,0.99067342,0.0037006438,0
-0.42933083,-4.5061173,2.8118176,-0.13620734,-0.99067342,-0.0037006438,0
-3.9020996,-4.0721183,3.6437426,-0.13620734,-0.99067342,-0.0037006438,0
-1.8577065,0.77009225,4.7556281,-0.52590632,0.069139943,0.84772754,0
0.61841512,4.3704185,0.68304002,0.13620734,0.99067342,0.0037006438,0
-1.597688,-4.3912582,-0.47496468,-0.13620734,-0.99067342,-0.0037006438,0
-4.2961473,-3.9041009,2.736738,-0.13620734,-0.99067342,-0.0037006438,0
2.9207058,-0.38993722,-4.0827532,0.52590632,-0.069139943,-0.84772754,0
-0.48566961,-2.6085243,3.7851715,0.8395654,-0.11741281,0.53041875,0
1.7796302,4.1453905,-5.0623326,0.52590632,-0.069139943,-0.84772754,0
-2.4746742,3.1024508,4.1867981,-0.52590632,0.069139943,0.84772754,0
1.7391101,-0.47030663,-4.8429718,0.52590632,-0.069139943,-0.84772754,0
0.094399214,-2.2798564,3.026897,0.8395654,-0.11741281,0.53041875,0
-3.3081338,1.7623651,3.75631,-0.52590632,0.069139943,0.84772754,0
-3.5044003,-3.3829355,1.1466248,-0.8395654,0.11741281,-0.53041875,0
0.03294301,3.4731827,4.4652152,0.8395654,-0.11741281,0.53041875,0
1.4910064,-3.5309014,0.78770816,0.8395654,-0.11741281,0.53041875,0
-0.3155477,4.4827929,5.0030308,0.13620734,0.99067342,0.0037006438,0
-0.80160129,2.8337398,5.121963,-0.52590632,0.069139943,0.84772754,0
-0.81312156,-3.4073668,-3.3885868,-0.8395654,0.11741281,-0.53041875,0
2.3737516,-2.1637619,-4.3447971,0.52590632,-0.069139943,-0.84772754,0
-2.1336639,-4.1907001,4.2127752,-0.13620734,-0.99067342,-0.0037006438,0
3.1749275,4.1556511,-3.4795437,0.13620734,0.99067342,0.0037006438,0
0.45727658,4.5562139,2.1253469,0.13620734,0.99067342,0.0037006438,0
-1.9035542,2.2556164,4.4803309,-0.52590632,0.069139943,0.84772754,0
1.3061538,2.092521,-5.3644342,0.52590632,-0.069139943,-0.84772754,0
0.97244334,4.3931909,-1.7403467,0.13620734,0.99067342,0.0037006438,0
-3.7701411,3.8707409,3.0752764,-0.8395654,0.11741281,-0.53041875,0
-0.86851597,-4.5031977,0.61810941,-0.13620734,-0.99067342,-0.0037006438,0
-3.4135215,-3.4411187,0.85691845,-0.8395654,0.11741281,-0.53041875,0
-1.1790016,-0.52917647,-1.8824012,-0.8395654,0.11741281,-0.53041875,0
3.8709741,-3.1287451,-3.1715708,0.52590632,-0.069139943,-0.84772754,0
-3.5149288,4.5958028,3.3107438,-0.52590632,0.069139943,0.84772754,0
-4.327395,-3.4728329,3.4676847,-0.52590632,0.069139943,0.84772754,0
-0.35024309,2.9688246,-2.7216842,-0.8395654,0.11741281,-0.53041875,0
-2.9357953,-3.6977077,4.3866472,-0.52590632,0.069139943,0.84772754,0
-1.3605845,-4.2766905,-2.5089085,-0.8395654,0.11741281,-0.53041875,0
-0.013224363,4.4957199,2.6935339,0.13620734,0.99067342,0.0037006438,0
2.0710166,-0.14009738,0.53671181,0.8395654,-0.11741281,0.53041875,0
0.55267,4.4557667,-0.56904697,0.13620734,0.99067342,0.0037006438,0
2.8870611,-2.9432845,-3.9201808,0.52590632,-0.069139943,-0.84772754,0
-1.5412836,1.999936,4.8050742,-0.52590632,0.069139943,0.84772754,0
0.055355549,4.5895581,4.3230367,0.13620734,0.99067342,0.0037006438,0
0.768332,-2.6035266,1.9147344,0.8395654,-0.11741281,0.53041875,0
-1.9231558,-4.3364773,-1.1544975,-0.13620734,-0.99067342,-0.0037006438,0
-2.615077,4.8870273,2.174386,0.13620734,0.99067342,0.0037006438,0
2.0794225,4.3403606,1.0675801,0.13620734,0.99067342,0.0037006438,0
-0.85794497,-4.4535437,3.543066,-0.13620734,-0.99067342,-0.0037006438,0
-1.3688134,-3.3109748,-2.5182021,-0.8395654,0.11741281,-0.53041875,0
-0.28541428,1.473881,4.6815138,0.8395654,-0.11741281,0.53041875,0
2.8482442,0.98622805,-0.66243911,0.8395654,-0.11741281,0.53041875,0
2.2903624,4.2763915,-4.187974,0.13620734,0.99067342,0.0037006438,0
-3.5870218,1.0476004,3.4898448,-0.52590632,0.069139943,0.84772754,0
0.80125165,-2.0245247,-5.1278548,0.52590632,-0.069139943,-0.84772754,0
3.634191,2.2545695,-3.8411465,0.52590632,-0.069139943,-0.84772754,0
-3.322588,-0.6912998,1.4302831,-0.8395654,0.11741281,-0.53041875,0
3.0160723,3.4200954,-0.21353781,0.8395654,-0.11741281,0.53041875,0
-1.8775465,0.12703049,-0.75108093,-0.8395654,0.11741281,-0.53041875,0
2.494756,-4.0398097,-1.1506972,0.8395654,-0.11741281,0.53041875,0
2.0538139,-0.21293688,0.58410472,0.8395654,-0.11741281,0.53041875,0
-1.1411426,4.6557999,4.0083313,0.13620734,0.99067342,0.0037006438,0
3.7081654,2.0496297,-3.7228322,0.52590632,-0.069139943,-0.84772754,0
2.7447624,-4.5306678,-1.4097958,0.8395654,-0.11741281,0.53041875,0
1.7102804,2.2151546,1.5925293,0.8395654,-0.11741281,0.53041875,0
1.5877979,-0.38925219,-4.770246,0.52590632,-0.069139943,-0.84772754,0
-0.43776464,-4.380291,-2.3496122,-0.13620734,-0.99067342,-0.0037006438,0
0.93179274,4.4242973,-2.176543,0.13620734,0.99067342,0.0037006438,0
-3.7057533,3.5977519,3.1922283,-0.52590632,0.069139943,0.84772754,0
1.2833567,-4.7298918,-1.6425974,-0.13620734,-0.99067342,-0.0037006438,0
-0.22096717,-2.2995858,-3.946769,-0.8395654,0.11741281,-0.53041875,0
-3.8429391,-0.87965643,2.0479915,-0.8395654,0.11741281,-0.53041875,0
0.5569613,-4.5511017,-4.9413624,-0.13620734,-0.99067342,-0.0037006438,0
1.1814234,-0.73664403,1.5719173,0.8395654,-0.11741281,0.53041875,0
1.8366404,-4.4260521,-0.13316274,0.8395654,-0.11741281,0.53041875,0
-2.4514236,1.242713,4.1735802,-0.52590632,0.069139943,0.84772754,0
-0.89552927,4.7029958,1.5289402,0.13620734,0.99067342,0.0037006438,0
0.38667822,-4.6099672,-1.6338742,-0.13620734,-0.99067342,-0.0037006438,0
0.20136881,4.5075121,-2.972846,0.13620734,0.99067342,0.0037006438,0
3.6763773,-0.14590843,-3.5540586,0.52590632,-0.069139943,-0.84772754,0
4.0355654,4.0416636,-2.3836486,0.13620734,0.99067342,0.0037006438,0
-0.03485918,-2.8398499,3.3451099,0.8395654,-0.11741281,0.53041875,0
-1.4500713,4.6830249,1.9990673,0.13620734,0.99067342,0.0037006438,0
2.7062378,1.3742163,-4.2759027,0.52590632,-0.069139943,-0.84772754,0
3.6971405,-0.66717744,-3.6373711,0.52590632,-0.069139943,-0.84772754,0
2.8085241,4.070416,-1.8341012,0.13620734,0.99067342,0.0037006438,0
2.2183552,-3.8962269,-4.1897244,0.52590632,-0.069139943,-0.84772754,0
3.1802487,0.47160411,-1.0247006,0.8395654,-0.11741281,0.53041875,0
-2.7689371,-4.2696648,2.7179151,-0.13620734,-0.99067342,-0.0037006438,0
-1.5970653,2.0801625,4.8038044,-0.52590632,0.069139943,0.84772754,0
4.4988117,1.7796564,-3.2292423,0.52590632,-0.069139943,-0.84772754,0
2.0496411,1.4872705,0.97435951,0.8395654,-0.11741281,0.53041875,0
1.7359535,1.200243,-4.8097854,0.52590632,-0.069139943,-0.84772754,0
-1.9232967,-4.2845402,0.039782733,-0.13620734,-0.99067342,-0.0037006438,0
1.1569638,-4.6984811,-2.5558505,-0.13620734,-0.99067342,-0.0037006438,0
0.055967048,0.86100984,3.8108492,0.8395654,-0.11741281,0.53041875,0
1.1777623,4.3962502,-1.4448351,0.13620734,0.99067342,0.0037006438,0
0.93086278,-2.8853655,-5.1615233,0.52590632,-0.069139943,-0.84772754,0
-4.1134839,-0.70031315,2.707386,-0.8395654,0.11741281,-0.53041875,0
2.576844,4.2357073,-2.9060059,0.13620734,0.99067342,0.0037006438,0
-2.1762502,-4.3077564,4.0126829,-0.13620734,-0.99067342,-0.0037006438,0
-1.4329686,-0.80370951,4.9655495,-0.52590632,0.069139943,0.84772754,0
0.89601111,-4.1242409,-4.9368238,0.52590632,-0.069139943,-0.84772754,0
-1.1181414,1.9802148,-1.5706928,-0.8395654,0.11741281,-0.53041875,0
1.1711292,-4.6844158,-4.2107821,-0.13620734,-0.99067342,-0.0037006438,0
0.16675758,4.4419637,-2.1925819,0.13620734,0.99067342,0.0037006438,0
-0.84447026,-4.4607182,1.0263628,-0.13620734,-0.99067342,-0.0037006438,0
1.4948647,2.5524814,1.8808165,0.8395654,-0.11741281,0.53041875,0
-2.5901277,0.72195333,4.1283445,-0.52590632,0.069139943,0.84772754,0
-0.39404058,4.6036944,1.9062283,0.13620734,0.99067342,0.0037006438,0
-3.3903332,-3.5039535,4.0064173,-0.52590632,0.069139943,0.84772754,0
2.6043615,0.916502,-4.4444089,0.52590632,-0.069139943,-0.84772754,0
-2.207201,-1.6049955,4.5560579,-0.52590632,0.069139943,0.84772754,0
1.5675941,-0.68763494,1.2084351,0.8395654,-0.11741281,0.53041875,0
0.41667485,-1.6284425,-4.6439977,-0.8395654,0.11741281,-0.53041875,0
-1.8562398,4.8001447,3.4740109,0.13620734,0.99067342,0.0037006438,0
4.330101,2.7413256,-3.5171552,0.52590632,-0.069139943,-0.84772754,0
-1.325186,4.681725,2.9318552,0.13620734,0.99067342,0.0037006438,0
2.6521249,3.7466192,-4.4508038,0.52590632,-0.069139943,-0.84772754,0
1.6505516,-4.3059649,-4.4642072,0.52590632,-0.069139943,-0.84772754,0
-0.12270784,4.5027699,-2.4558542,0.13620734,0.99067342,0.0037006438,0
-3.1069803,4.7318053,3.5481935,-0.52590632,0.069139943,0.84772754,0
-3.9121642,-0.018140081,3.370369,-0.52590632,0.069139943,0.84772754,0
-0.17122602,-3.8707719,-4.2289991,-0.8395654,0.11741281,-0.53041875,0
-1.3300204,4.6944361,-0.78739762,-0.8395654,0.11741281,-0.53041875,0
-2.8219235,-2.5644953,0.068858624,-0.8395654,0.11741281,-0.53041875,0
2.3707123,-4.8930435,-3.1807866,-0.13620734,-0.99067342,-0.0037006438,0
-4.2653847,-2.9700933,3.3914123,-0.52590632,0.069139943,0.84772754,0
0.97675121,0.25146985,-5.3936005,0.52590632,-0.069139943,-0.84772754,0
-1.337399,1.1830236,4.8769827,-0.52590632,0.069139943,0.84772754,0
-0.9815681,4.6560612,4.1061378,0.13620734,0.99067342,0.0037006438,0
-0.0059848428,1.7637256,3.9887235,0.8395654,-0.11741281,0.53041875,0
1.0614958,4.3230534,2.8227355,0.13620734,0.99067342,0.0037006438,0
-0.42314529,-3.7057092,3.8057041,0.8395654,-0.11741281,0.53041875,0
3.1350865,-2.1963096,-1.8394165,0.8395654,-0.11741281,0.53041875,0
-2.6756163,4.954412,3.0362329,0.13620734,0.99067342,0.0037006438,0
-3.0798879,-4.1531925,0.69904864,-0.13620734,-0.99067342,-0.0037006438,0
-0.47407818,4.66082,1.4709778,0.13620734,0.99067342,0.0037006438,0
-2.2615197,2.7306309,4.2760305,-0.52590632,0.069139943,0.84772754,0
0.33093929,3.348192,-3.4890866,-0.8395654,0.11741281,-0.53041875,0
0.8919692,-1.3087311,-5.285357,0.52590632,-0.069139943,-0.84772754,0
2.9018393,-1.9605588,-1.188421,0.8395654,-0.11741281,0.53041875,0
2.7662742,-3.1573062,-3.8717537,0.52590632,-0.069139943,-0.84772754,0
-2.0753038,4.8334694,3.6224003,0.13620734,0.99067342,0.0037006438,0
2.4303081,-4.7968764,-1.6826425,-0.13620734,-0.99067342,-0.0037006438,0
-1.2073586,1.9625376,5.1069736,-0.52590632,0.069139943,0.84772754,0
0.88128263,0.49676943,2.5354691,0.8395654,-0.11741281,0.53041875,0
-4.2139201,-3.9019744,3.6763363,-0.52590632,0.069139943,0.84772754,0
-0.69450355,3.0525773,-2.0245898,-0.8395654,0.11741281,-0.53041875,0
2.0889201,-0.33497322,0.33980978,0.8395654,-0.11741281,0.53041875,0
3.3967648,-4.2440786,-2.415381,0.8395654,-0.11741281,0.53041875,0
0.51115012,-1.7915635,2.5798302,0.8395654,-0.11741281,0.53041875,0
4.6208034,3.6334653,-2.9231982,0.8395654,-0.11741281,0.53041875,0
2.5724812,-1.7118278,-4.265697,0.52590632,-0.069139943,-0.84772754,0
1.8037398,-4.6550264,-4.471952,0.52590632,-0.069139943,-0.84772754,0
2.155715,-4.8935609,-2.9419732,-0.13620734,-0.99067342,-0.0037006438,0
-4.06884,1.3724428,3.2427497,-0.52590632,0.069139943,0.84772754,0
-2.9705038,-2.7299075,4.2659659,-0.52590632,0.069139943,0.84772754,0
3.50721,-1.8830619,-2.3317366,0.8395654,-0.11741281,0.53041875,0
0.49288607,-4.565136,-0.9221158,-0.13620734,-0.99067342,-0.0037006438,0
-1.2688737,4.0239592,-1.0224589,-0.8395654,0.11741281,-0.53041875,0
-3.6560473,-4.0137758,1.0270772,-0.8395654,0.11741281,-0.53041875,0
3.5000882,-1.4232998,-3.7159271,0.52590632,-0.069139943,-0.84772754,0
-2.1939108,-4.1959181,1.4167163,-0.13620734,-0.99067342,-0.0037006438,0
-3.5608864,4.5348072,3.2707162,-0.52590632,0.069139943,0.84772754,0
-1.0570347,-4.4422331,-1.8919051,-0.13620734,-0.99067342,-0.0037006438,0
3.2960906,1.3043252,-1.0127511,0.8395654,-0.11741281,0.53041875,0
0.5661757,4.4666276,1.3950918,0.13620734,0.99067342,0.0037006438,0
0.35655165,4.5388384,2.7963648,0.13620734,0.99067342,0.0037006438,0
2.6659825,-4.9492769,-2.0491657,-0.13620734,-0.99067342,-0.0037006438,0
-0.69594705,1.4949453,-2.1902957,-0.8395654,0.11741281,-0.53041875,0
4.2459588,1.9018981,-2.3712759,0.8395654,-0.11741281,0.53041875,0
-0.4111352,-4.5059967,0.8433066,-0.13620734,-0.99067342,-0.0037006438,0
0.38056254,1.6810014,3.5282989,0.8395654,-0.11741281,0.53041875,0
3.5203235,1.1659278,-3.8267341,0.52590632,-0.069139943,-0.84772754,0
-2.658571,4.1103525,1.3519764,-0.8395654,0.11741281,-0.53041875,0
-0.767048,3.1989338,5.0864639,-0.52590632,0.069139943,0.84772754,0
-2.1002173,4.4562101,4.1849389,-0.52590632,0.069139943,0.84772754,0
-2.041811,1.9445677,-0.20509315,-0.8395654,0.11741281,-0.53041875,0
1.4781532,4.4051824,0.070539713,0.13620734,0.99067342,0.0037006438,0
2.7294827,2.7657769,-4.5280385,0.52590632,-0.069139943,-0.84772754,0
2.2701583,-4.8209472,-1.246357,-0.13620734,-0.99067342,-0.0037006438,0
3.5738668,2.9579334,-4.0377245,0.52590632,-0.069139943,-0.84772754,0
3.0150173,2.6649148,-0.50948668,0.8395654,-0.11741281,0.53041875,0
0.92131329,4.4081945,-1.3833585,0.13620734,0.99067342,0.0037006438,0
-0.1787734,-4.5532699,0.12598681,-0.13620734,-0.99067342,-0.0037006438,0
3.624177,4.1152172,-1.0023357,0.8395654,-0.11741281,0.53041875,0
0.86217165,-3.7772286,-5.1250129,0.52590632,-0.069139943,-0.84772754,0
2.7785032,1.5187333,-0.20157635,0.8395654,-0.11741281,0.53041875,0
-0.16744018,4.5566454,2.1162128,0.13620734,0.99067342,0.0037006438,0
0.28421211,4.5209565,4.2202401,0.13620734,0.99067342,0.0037006438,0
-1.0983467,-4.4531002,1.245524,-0.13620734,-0.99067342,-0.0037006438,0
-4.2928843,-1.9491104,3.4724612,-0.52590632,0.069139943,0.84772754,0
3.4848821,3.9836841,-2.5079687,0.13620734,0.99067342,0.0037006438,0
-3.0625477,1.0939105,1.1593637,-0.8395654,0.11741281,-0.53041875,0
-1.2175517,4.7775478,1.150842,0.13620734,0.99067342,0.0037006438,0
-0.084066629,-1.1807373,3.6743174,0.8395654,-0.11741281,0.53041875,0
3.6955676,-4.3632336,-3.2413735,0.52590632,-0.069139943,-0.84772754,0
-2.11307,4.8848443,1.296874,0.13620734,0.99067342,0.0037006438,0
2.2469289,-3.8390524,-4.2170229,0.52590632,-0.069139943,-0.84772754,0
1.0521545,4.3580489,-3.8508816,0.13620734,0.99067342,0.0037006438,0
0.97508371,-3.3308773,-5.0691061,0.52590632,-0.069139943,-0.84772754,0
0.4253571,-4.5399756,-2.5456643,-0.13620734,-0.99067342,-0.0037006438,0
2.3781903,-4.2669911,-4.1269732,0.52590632,-0.069139943,-0.84772754,0
0.2498157,-4.4752889,-3.2733617,-0.13620734,-0.99067342,-0.0037006438,0
-0.017167568,4.5130873,2.9816284,0.13620734,0.99067342,0.0037006438,0
0.81571126,4.372705,2.6475937,0.13620734,0.99067342,0.0037006438,0
1.7901442,1.6818225,1.2950282,0.8395654,-0.11741281,0.53041875,0
2.8312569,1.3112893,-0.55747938,0.8395654,-0.11741281,0.53041875,0
-1.6778609,0.58352053,4.7814469,-0.52590632,0.069139943,0.84772754,0
-3.5347714,-3.6814771,4.0246625,-0.52590632,0.069139943,0.84772754,0
-3.2069464,1.1197293,3.8858314,-0.52590632,0.069139943,0.84772754,0
2.6366363,-4.8613801,-2.8583846,-0.13620734,-0.99067342,-0.0037006438,0
-0.89754963,4.7444935,4.3151751,0.13620734,0.99067342,0.0037006438,0
-1.3077326,4.4172573,4.790453,-0.52590632,0.069139943,0.84772754,0
0.75892949,2.0363562,2.9930739,0.8395654,-0.11741281,0.53041875,0
-3.7061956,-1.82388,3.8328977,-0.52590632,0.069139943,0.84772754,0
4.0971861,0.029799998,-2.807909,0.8395654,-0.11741281,0.53041875,0
-1.848022,-4.2825704,2.1108403,-0.13620734,-0.99067342,-0.0037006438,0
2.2087493,-4.8411398,-0.95332909,-0.13620734,-0.99067342,-0.0037006438,0
-0.59699821,-4.5502033,-2.7407391,-0.13620734,-0.99067342,-0.0037006438,0
-3.3315032,-2.6477141,3.9757357,-0.52590632,0.069139943,0.84772754,0
2.0411191,-1.6044433,-4.5271168,0.52590632,-0.069139943,-0.84772754,0
0.36248851,4.5461421,4.2031331,0.13620734,0.99067342,0.0037006438,0
2.1288743,-1.8889242,0.10920954,0.8395654,-0.11741281,0.53041875,0
-4.1411715,1.112348,3.0586796,-0.8395654,0.11741281,-0.53041875,0
1.9537807,-2.2028518,0.10867548,0.8395654,-0.11741281,0.53041875,0
-3.7765083,-0.14487952,2.1793103,-0.8395654,0.11741281,-0.53041875,0
1.775192,-3.8088307,0.28726053,0.8395654,-0.11741281,0.53041875,0
2.7096086,0.064496875,-4.1822829,0.52590632,-0.069139943,-0.84772754,0
-1.7479043,-2.8405542,5.0511179,-0.52590632,0.069139943,0.84772754,0
2.8342743,-1.0541818,-1.1151099,0.8395654,-0.11741281,0.53041875,0
0.44633865,4.4992766,0.22439373,0.13620734,0.99067342,0.0037006438,0
-2.0630336,-4.2130985,4.1054821,-0.13620734,-0.99067342,-0.0037006438,0
0.85785818,4.4193635,-0.65826207,0.13620734,0.99067342,0.0037006438,0
3.4527888,3.2819536,-4.0918961,0.52590632,-0.069139943,-0.84772754,0
-3.3894219,2.3141429,3.6610823,-0.52590632,0.069139943,0.84772754,0
3.328476,4.0769792,-1.354103,0.13620734,0.99067342,0.0037006438,0
-1.3147112,1.9258757,5.0118246,-0.52590632,0.069139943,0.84772754,0
1.1657393,4.3046031,-1.000314,0.13620734,0.99067342,0.0037006438,0
1.5236347,-4.8251524,-1.8549047,-0.13620734,-0.99067342,-0.0037006438,0
-1.5234215,4.6561346,4.0731087,0.13620734,0.99067342,0.0037006438,0
2.2512321,-0.49797118,-4.5452886,0.52590632,-0.069139943,-0.84772754,0
-0.90181923,-4.5045257,-0.69841444,-0.13620734,-0.99067342,-0.0037006438,0
2.4859493,-1.5939889,-4.2116575,0.52590632,-0.069139943,-0.84772754,0
0.34112,4.4696283,3.8475471,0.13620734,0.99067342,0.0037006438,0
-2.9635906,4.6993885,1.7973113,-0.8395654,0.11741281,-0.53041875,0
-0.24377441,-0.51276326,4.0726213,0.8395654,-0.11741281,0.53041875,0
1.1908879,4.2862949,1.5151854,0.13620734,0.99067342,0.0037006438,0
-0.36323404,4.6247025,-1.5729271,0.13620734,0.99067342,0.0037006438,0
-0.80224371,0.34352756,5.2963486,0.8395654,-0.11741281,0.53041875,0
1.4531155,2.3468423,-5.0988798,0.52590632,-0.069139943,-0.84772754,0
2.4646358,3.348021,0.63355911,0.8395654,-0.11741281,0.53041875,0
-1.6814349,-3.6541636,5.0793285,-0.52590632,0.069139943,0.84772754,0
3.442318,-2.6444452,-2.1123824,0.8395654,-0.11741281,0.53041875,0
0.91063976,4.3362389,2.9615631,0.13620734,0.99067342,0.0037006438,0
-4.7411356,-3.8958602,3.0465307,-0.8395654,0.11741281,-0.53041875,0
-1.5191735,1.1469414,-1.1596849,-0.8395654,0.11741281,-0.53041875,0
-3.3384476,-4.1801,2.3332856,-0.13620734,-0.99067342,-0.0037006438,0
1.4224329,-4.6528416,0.33853102,0.8395654,-0.11741281,0.53041875,0
-2.2523983,-1.9994669,-0.68810189,-0.8395654,0.11741281,-0.53041875,0
-1.8593426,1.3856102,4.6028371,-0.52590632,0.069139943,0.84772754,0
1.4638197,-1.5705484,-4.8826747,0.52590632,-0.069139943,-0.84772754,0
2.1173286,4.2419491,-2.7578137,0.13620734,0.99067342,0.0037006438,0
1.8286726,-1.2415308,-4.6441679,0.52590632,-0.069139943,-0.84772754,0
3.2643244,0.707138,-3.8259926,0.52590632,-0.069139943,-0.84772754,0
1.2963927,4.3773708,-1.8595636,0.13620734,0.99067342,0.0037006438,0
3.6572211,-4.4110432,-3.2263961,0.52590632,-0.069139943,-0.84772754,0
2.0135667,4.3293886,-2.2451551,0.13620734,0.99067342,0.0037006438,0
1.9806321,4.2579551,-1.3375849,0.13620734,0.99067342,0.0037006438,0
-2.4823332,1.7395574,4.1339169,-0.52590632,0.069139943,0.84772754,0
0.64482224,2.1213248,3.1370792,0.8395654,-0.11741281,0.53041875,0
3.0130844,-0.93196833,-1.0910566,0.8395654,-0.11741281,0.53041875,0
2.817445,2.0567336,-4.2810378,0.52590632,-0.069139943,-0.84772754,0
0.74301517,1.1381559,-4.8679552,-0.8395654,0.11741281,-0.53041875,0
1.985387,3.1016078,1.2690685,0.8395654,-0.11741281,0.53041875,0
-1.2968264,-4.4205537,4.2424097,-0.13620734,-0.99067342,-0.0037006438,0
0.92295504,4.473906,-3.6065791,0.13620734,0.99067342,0.0037006438,0
-1.4018307,4.6677022,0.065999031,0.13620734,0.99067342,0.0037006438,0
0.039487839,4.5294724,-0.80648798,0.13620734,0.99067342,0.0037006438,0
1.9773382,3.7986505,1.347023,0.8395654,-0.11741281,0.53041875,0
1.0460505,4.3510704,-3.0203218,0.13620734,0.99067342,0.0037006438,0
-4.2518702,0.24328434,2.8956957,-0.8395654,0.11741281,-0.53041875,0
-3.7162127,4.0623999,2.8453627,-0.8395654,0.11741281,-0.53041875,0
-3.0250409,1.1294646,3.9116254,-0.52590632,0.069139943,0.84772754,0
1.4692638,-2.0234463,0.82363033,0.8395654,-0.11741281,0.53041875,0
-0.30043817,-3.1760323,-4.0535746,-0.8395654,0.11741281,-0.53041875,0
0.5240016,4.0114307,-3.7631967,-0.8395654,0.11741281,-0.53041875,0
2.4458044,4.2145567,-3.5455291,0.13620734,0.99067342,0.0037006438,0
-1.7108243,-4.214087,-1.0137753,-0.13620734,-0.99067342,-0.0037006438,0
0.05272162,-0.35602236,-3.9802496,-0.8395654,0.11741281,-0.53041875,0
-3.2026572,4.9803381,3.3108816,0.13620734,0.99067342,0.0037006438,0
-3.0822067,-3.2131732,0.42877293,-0.8395654,0.11741281,-0.53041875,0
-4.3554816,-3.9342675,2.3845382,-0.13620734,-0.99067342,-0.0037006438,0
-4.7683406,-3.4261432,3.3167443,-0.52590632,0.069139943,0.84772754,0
-0.18460989,-4.5259256,-0.52827239,-0.13620734,-0.99067342,-0.0037006438,0
-4.3023443,-1.6913301,2.7791519,-0.8395654,0.11741281,-0.53041875,0
2.6346164,4.0924773,-1.8247825,0.13620734,0.99067342,0.0037006438,0
1.7788782,-3.8283005,-4.5683718,0.52590632,-0.069139943,-0.84772754,0
