4.9060974,2.573416,1.1420155,0.5523349,0.68490493,0.47521734,0
2.2108748,3.9303358,-0.36939621,0.23326789,0.42030585,-0.87688613,0
4.1442728,2.6184845,2.1180215,0.5523349,0.68490493,0.47521734,0
-1.469249,2.0906193,0.52209961,-0.80032009,0.59518772,0.072383195,0
-4.2335343,-1.3721648,-0.71385884,-0.80032009,0.59518772,0.072383195,0
-1.593393,-3.8974111,-3.0388789,-0.5523349,-0.68490493,-0.47521734,0
-4.9058847,-2.8802381,-0.62652111,-0.5523349,-0.68490493,-0.47521734,0
4.5338168,3.0189586,1.0334549,0.5523349,0.68490493,0.47521734,0
-3.1410151,-0.20088482,0.73344886,-0.80032009,0.59518772,0.072383195,0
2.1363118,1.5942092,-1.6182774,0.23326789,0.42030585,-0.87688613,0
-0.28303149,1.4397523,3.5030625,-0.23326789,-0.42030585,0.87688613,0
-2.3269088,-3.5458579,0.53313398,-0.23326789,-0.42030585,0.87688613,0
-0.58087826,3.3175058,0.62929773,-0.80032009,0.59518772,0.072383195,0
3.0477974,0.26658726,-1.8554564,0.23326789,0.42030585,-0.87688613,0
-2.6176443,0.60076749,0.91196513,-0.80032009,0.59518772,0.072383195,0
-0.077249616,-2.2693267,-3.9695368,0.23326789,0.42030585,-0.87688613,0
4.5531678,1.5536267,2.2309759,0.80032009,-0.59518772,-0.072383195,0
-4.5778179,-1.9286101,-0.14993334,-0.80032009,0.59518772,0.072383195,0
-4.0193939,-2.5100536,-2.135447,-0.5523349,-0.68490493,-0.47521734,0
2.8787217,1.8935862,4.4171734,0.5523349,0.68490493,0.47521734,0
1.7690555,-1.7266991,2.4025478,-0.23326789,-0.42030585,0.87688613,0
-4.4764743,-1.9872065,-2.6239443,-0.5523349,-0.68490493,-0.47521734,0
0.60413408,4.3413534,3.6961107,0.5523349,0.68490493,0.47521734,0
3.2046349,3.432445,1.6533556,0.5523349,0.68490493,0.47521734,0
-2.5599864,0.79014754,-0.7931152,-0.80032009,0.59518772,0.072383195,0
0.20005655,-3.2084534,1.3164008,-0.23326789,-0.42030585,0.87688613,0
0.88849282,-2.7835097,-2.9797783,0.80032009,-0.59518772,-0.072383195,0
-2.4901829,-4.0272789,-1.6751199,-0.5523349,-0.68490493,-0.47521734,0
-1.6180235,-5.0033979,-1.5502625,-0.5523349,-0.68490493,-0.47521734,0
-0.43942046,-4.3125381,-3.8165908,-0.5523349,-0.68490493,-0.47521734,0
-1.0225761,-4.5970392,-2.8000846,-0.5523349,-0.68490493,-0.47521734,0
-3.0988698,-0.48909712,-4.0157785,0.23326789,0.42030585,-0.87688613,0
0.15520072,-3.0522206,1.4133155,-0.23326789,-0.42030585,0.87688613,0
-1.6968578,-0.002767086,2.3557508,-0.23326789,-0.42030585,0.87688613,0
-1.1874857,-0.45692396,-3.4721274,0.23326789,0.42030585,-0.87688613,0
2.5744832,-0.84725362,0.40579262,0.80032009,-0.59518772,-0.072383195,0
0.34265649,4.5519581,1.4462361,-0.80032009,0.59518772,0.072383195,0
-3.8211448,-1.1621146,-4.3368568,0.23326789,0.42030585,-0.87688613,0
-3.1623373,-0.034657836,1.126914,-0.80032009,0.59518772,0.072383195,0
-1.5819466,1.4781911,3.1863041,-0.23326789,-0.42030585,0.87688613,0
-1.1812863,-5.7003708,-0.47327662,0.80032009,-0.59518772,-0.072383195,0
-4.6021695,-2.2167966,0.52332783,-0.23326789,-0.42030585,0.87688613,0
2.9563746,2.1871026,3.8360951,0.5523349,0.68490493,0.47521734,0
-4.0557408,-2.5743172,-1.9366608,-0.5523349,-0.68490493,-0.47521734,0
4.5646462,1.8503621,-0.53775644,0.80032009,-0.59518772,-0.072383195,0
2.956542,2.476882,3.5499794,0.5523349,0.68490493,0.47521734,0
2.5844526,3.6334813,2.172298,0.5523349,0.68490493,0.47521734,0
1.504158,1.4926921,-1.7949083,0.23326789,0.42030585,-0.87688613,0
1.5621518,3.6803768,-0.78450632,0.23326789,0.42030585,-0.87688613,0
-1.7548394,1.5555513,0.99386024,-0.80032009,0.59518772,0.072383195,0
1.4682276,-1.7624383,-3.3333182,0.23326789,0.42030585,-0.87688613,0
-3.1100488,-2.0560167,-3.7811134,-0.5523349,-0.68490493,-0.47521734,0
0.15844232,-0.94313812,-3.3514557,0.23326789,0.42030585,-0.87688613,0
-0.16287211,1.2676442,3.5265563,-0.23326789,-0.42030585,0.87688613,0
-1.3354187,-4.7471371,0.29472828,-0.23326789,-0.42030585,0.87688613,0
0.32262647,-1.2208209,2.3050594,-0.23326789,-0.42030585,0.87688613,0
-2.946444,-2.1651757,-3.8635399,-0.5523349,-0.68490493,-0.47521734,0
-3.3797894,-0.43619585,-3.9059668,0.23326789,0.42030585,-0.87688613,0
2.6972029,4.2278762,1.3943501,0.5523349,0.68490493,0.47521734,0
3.1310966,3.5011096,-0.37735701,0.23326789,0.42030585,-0.87688613,0
1.1988413,4.2292738,2.8719945,0.5523349,0.68490493,0.47521734,0
4.6870136,2.9218884,1.0476775,0.5523349,0.68490493,0.47521734,0
-0.38460296,3.2649453,3.1836026,-0.80032009,0.59518772,0.072383195,0
-3.5747535,-2.2100284,-3.2118597,-0.5523349,-0.68490493,-0.47521734,0
3.9960198,1.1558865,0.87069345,0.80032009,-0.59518772,-0.072383195,0
-3.2784595,-0.48631549,1.6128805,-0.80032009,0.59518772,0.072383195,0
-1.1535854,-3.6437786,-3.9208965,-0.5523349,-0.68490493,-0.47521734,0
2.1492312,-0.86325145,3.0120506,-0.23326789,-0.42030585,0.87688613,0
-1.3186792,1.807229,-2.4495866,0.23326789,0.42030585,-0.87688613,0
-4.2231174,-2.5570164,-1.9327621,-0.5523349,-0.68490493,-0.47521734,0
1.911396,-1.4797583,-0.065851629,0.80032009,-0.59518772,-0.072383195,0
0.7416786,-1.977401,-3.5428572,0.23326789,0.42030585,-0.87688613,0
-2.2151587,-4.3885922,0.20945978,-0.23326789,-0.42030585,0.87688613,0
3.2436805,2.8676524,2.5978627,0.5523349,0.68490493,0.47521734,0
0.77536356,-2.960248,-0.4008522,0.80032009,-0.59518772,-0.072383195,0
0.61008954,4.7110004,2.8662844,0.5523349,0.68490493,0.47521734,0
-2.2033539,-2.8073478,0.80783486,-0.23326789,-0.42030585,0.87688613,0
1.2719861,5.3332586,1.1763277,0.5523349,0.68490493,0.47521734,0
-1.8793527,1.8818429,-2.1505556,-0.80032009,0.59518772,0.072383195,0
4.4543877,3.3486874,0.4528017,0.5523349,0.68490493,0.47521734,0
1.1493778,-2.5059156,-1.3654971,0.80032009,-0.59518772,-0.072383195,0
-0.43637002,3.5316672,1.5091856,-0.80032009,0.59518772,0.072383195,0
3.8435855,0.95739102,-1.1102593,0.80032009,-0.59518772,-0.072383195,0
-3.4947793,-0.55892611,0.6598258,-0.80032009,0.59518772,0.072383195,0
0.09272933,-4.1249256,-0.84623909,0.80032009,-0.59518772,-0.072383195,0
0.23568976,4.3161387,2.2738419,-0.80032009,0.59518772,0.072383195,0
3.0601206,4.0779896,-0.033829689,0.23326789,0.42030585,-0.87688613,0
1.195233,2.1932683,-1.5102037,0.23326789,0.42030585,-0.87688613,0
-0.0043452978,-3.6818178,-3.2264102,0.80032009,-0.59518772,-0.072383195,0
4.2965775,1.1828034,2.0154836,0.80032009,-0.59518772,-0.072383195,0
-0.46180353,2.1069822,3.7128735,-0.23326789,-0.42030585,0.87688613,0
-2.6814466,-2.9784088,0.7490654,-0.23326789,-0.42030585,0.87688613,0
-4.1104336,-1.0647733,-3.5266678,-0.80032009,0.59518772,0.072383195,0
1.8945105,-1.6356077,-1.485446,0.80032009,-0.59518772,-0.072383195,0
0.25427747,-3.6596315,-1.5259738,0.80032009,-0.59518772,-0.072383195,0
-4.4364443,-2.0824947,-2.4994421,-0.5523349,-0.68490493,-0.47521734,0
-4.4336076,-1.4935005,-3.3908379,-0.5523349,-0.68490493,-0.47521734,0
4.8309903,2.5298293,-0.24964476,0.23326789,0.42030585,-0.87688613,0
1.2497815,5.314961,1.3456497,0.5523349,0.68490493,0.47521734,0
3.9324145,0.82140207,0.93318558,0.80032009,-0.59518772,-0.072383195,0
4.4742565,1.4806149,3.1860855,0.5523349,0.68490493,0.47521734,0
-0.9360491,-4.9126878,-2.4990292,-0.5523349,-0.68490493,-0.47521734,0
-3.5413537,-0.43009543,-1.7743716,-0.80032009,0.59518772,0.072383195,0
-3.7438912,-0.91685784,-0.58517885,-0.80032009,0.59518772,0.072383195,0
-1.6486697,-3.3010955,-3.6642294,-0.5523349,-0.68490493,-0.47521734,0
3.4490273,0.89834929,4.2225199,-0.23326789,-0.42030585,0.87688613,0
-0.73947287,3.3795438,-0.59018898,-0.80032009,0.59518772,0.072383195,0
1.8221732,1.0954971,3.8250093,-0.23326789,-0.42030585,0.87688613,0
-0.39987797,2.7813807,3.9660978,-0.23326789,-0.42030585,0.87688613,0
-2.1594112,-3.4877117,-3.1804023,-0.5523349,-0.68490493,-0.47521734,0
-1.1603112,-4.5157833,0.26824284,-0.23326789,-0.42030585,0.87688613,0
0.77847117,-0.17950106,-2.6405249,0.23326789,0.42030585,-0.87688613,0
3.6889358,0.43211794,3.7384953,0.80032009,-0.59518772,-0.072383195,0
-0.91036946,-0.67514205,2.3509536,-0.23326789,-0.42030585,0.87688613,0
3.5763481,0.088951588,3.8245955,-0.23326789,-0.42030585,0.87688613,0
2.3074384,-1.3889484,2.1494031,0.80032009,-0.59518772,-0.072383195,0
0.96956998,2.263061,4.2056093,-0.23326789,-0.42030585,0.87688613,0
-4.3742547,-1.3967998,-1.6129241,-0.80032009,0.59518772,0.072383195,0
0.71618688,2.5118575,4.1368666,-0.23326789,-0.42030585,0.87688613,0
-3.8946123,-0.90210056,-1.8353329,-0.80032009,0.59518772,0.072383195,0
3.0157268,-0.11590242,3.6038833,-0.23326789,-0.42030585,0.87688613,0
-2.544683,-3.9926534,0.19829035,-0.23326789,-0.42030585,0.87688613,0
-2.7285523,-1.9035726,-4.4640017,0.23326789,0.42030585,-0.87688613,0
-0.035044551,-3.9573975,-3.1721659,0.80032009,-0.59518772,-0.072383195,0
-1.6356434,0.91913581,2.9361315,-0.23326789,-0.42030585,0.87688613,0
-1.6556963,1.997545,-1.5012734,-0.80032009,0.59518772,0.072383195,0
-3.2354546,-0.2584703,0.98646104,-0.80032009,0.59518772,0.072383195,0
-0.93835986,1.9894941,3.4530165,-0.23326789,-0.42030585,0.87688613,0
2.4294167,0.68066406,3.8322353,-0.23326789,-0.42030585,0.87688613,0
1.398158,3.9473054,3.2050691,0.5523349,0.68490493,0.47521734,0
1.2727956,-2.5444498,-0.73025441,0.80032009,-0.59518772,-0.072383195,0
3.9190128,1.1361706,-0.9188292,0.80032009,-0.59518772,-0.072383195,0
0.64703178,0.81404948,3.3816428,-0.23326789,-0.42030585,0.87688613,0
-0.017258286,3.5993261,4.0909634,-0.80032009,0.59518772,0.072383195,0
3.7145195,1.8339701,3.555362,0.5523349,0.68490493,0.47521734,0
3.8734694,0.61895037,4.2725105,0.80032009,-0.59518772,-0.072383195,0
-1.1080458,-4.8726521,-2.0526485,-0.5523349,-0.68490493,-0.47521734,0
0.80810618,4.5335078,2.8662162,0.5523349,0.68490493,0.47521734,0
-3.7810564,-0.68752503,-1.9305978,-0.80032009,0.59518772,0.072383195,0
4.4269409,1.7075163,1.7427344,0.80032009,-0.59518772,-0.072383195,0
-1.3354614,-4.9100952,-1.9286613,-0.5523349,-0.68490493,-0.47521734,0
0.82724065,0.9173398,-2.2271895,0.23326789,0.42030585,-0.87688613,0
4.2227545,1.4030224,0.91838598,0.80032009,-0.59518772,-0.072383195,0
-4.030026,-2.0178053,-2.9222624,-0.5523349,-0.68490493,-0.47521734,0
-5.007225,-2.5562077,0.26403141,-0.80032009,0.59518772,0.072383195,0
0.79635751,0.62488914,3.259783,-0.23326789,-0.42030585,0.87688613,0
1.0545729,3.7814338,3.9884195,0.5523349,0.68490493,0.47521734,0
1.1940968,0.6994741,-2.3009593,0.23326789,0.42030585,-0.87688613,0
-0.43680894,3.5678403,0.87373662,-0.80032009,0.59518772,0.072383195,0
-5.256712,-2.932786,-0.13980341,-0.80032009,0.59518772,0.072383195,0
-0.080628932,-0.98576903,2.3260512,-0.23326789,-0.42030585,0.87688613,0
3.5186543,2.3814802,3.0005827,0.5523349,0.68490493,0.47521734,0
2.6800816,3.3071029,-0.52630281,0.23326789,0.42030585,-0.87688613,0
1.4756954,-2.2070751,0.0016707182,0.80032009,-0.59518772,-0.072383195,0
2.5320807,1.0768685,4.0322762,-0.23326789,-0.42030585,0.87688613,0
3.0512352,3.3964312,-0.30985928,0.23326789,0.42030585,-0.87688613,0
-2.1604633,-3.0478339,-3.7581189,-0.5523349,-0.68490493,-0.47521734,0
-1.8603032,-3.7002642,-2.8192396,-0.5523349,-0.68490493,-0.47521734,0
-3.0780416,-0.3864615,1.8467083,-0.23326789,-0.42030585,0.87688613,0
5.0111337,2.4636965,1.0583057,0.5523349,0.68490493,0.47521734,0
4.6110678,2.7211637,1.3553009,0.5523349,0.68490493,0.47521734,0
-3.5640371,-2.343431,0.73078823,-0.23326789,-0.42030585,0.87688613,0
0.58925366,-2.3444853,1.9019352,-0.23326789,-0.42030585,0.87688613,0
2.9970033,3.6161895,1.6715846,0.5523349,0.68490493,0.47521734,0
-0.71705264,-1.7844636,-3.9261327,0.23326789,0.42030585,-0.87688613,0
3.5477996,0.29773426,1.7524406,0.80032009,-0.59518772,-0.072383195,0
-0.90927947,2.5182672,3.1736059,-0.80032009,0.59518772,0.072383195,0
2.6145859,0.94826651,-1.7824075,0.23326789,0.42030585,-0.87688613,0
-1.6192693,1.892343,0.14360213,-0.80032009,0.59518772,0.072383195,0
-1.1063224,-3.5119214,-4.1693959,-0.5523349,-0.68490493,-0.47521734,0
3.5989091,0.37771654,3.3149366,0.80032009,-0.59518772,-0.072383195,0
3.1082206,4.5653601,0.13974047,0.5523349,0.68490493,0.47521734,0
-2.1705303,-4.8861856,-1.141366,-0.5523349,-0.68490493,-0.47521734,0
2.7973397,-0.42805868,-0.34757125,0.80032009,-0.59518772,-0.072383195,0
-1.2184689,-4.5983806,-2.2800803,-0.5523349,-0.68490493,-0.47521734,0
-3.4998102,-3.3480959,0.29238319,-0.23326789,-0.42030585,0.87688613,0
-2.8728282,-3.9525995,0.26183748,-0.23326789,-0.42030585,0.87688613,0
2.8558187,2.1734717,3.9626195,0.5523349,0.68490493,0.47521734,0
3.3780637,0.29757071,3.9063418,-0.23326789,-0.42030585,0.87688613,0
-0.56931484,3.2359138,2.178273,-0.80032009,0.59518772,0.072383195,0
-3.3699362,-4.1887093,-0.10705996,-0.23326789,-0.42030585,0.87688613,0
-4.3925495,-3.3046181,-0.72701502,-0.5523349,-0.68490493,-0.47521734,0
-0.20975327,3.7924442,-1.0405643,0.23326789,0.42030585,-0.87688613,0
0.35228193,4.5260491,1.30547,-0.80032009,0.59518772,0.072383195,0
-3.9605117,-1.8142669,-3.1329048,-0.5523349,-0.68490493,-0.47521734,0
3.6264939,2.4559839,2.6281486,0.5523349,0.68490493,0.47521734,0
2.9321165,1.6339159,4.3754354,-0.23326789,-0.42030585,0.87688613,0
0.58255231,4.376102,-0.56002712,0.23326789,0.42030585,-0.87688613,0
-0.070556641,4.3227186,-0.65499592,-0.80032009,0.59518772,0.072383195,0
-2.8254259,0.76860905,-1.7750659,-0.80032009,0.59518772,0.072383195,0
3.8523281,1.4914949,3.7506969,0.5523349,0.68490493,0.47521734,0
1.7813666,-1.7673898,-0.48591495,0.80032009,-0.59518772,-0.072383195,0
-0.81529772,-5.3731046,-0.5078311,0.80032009,-0.59518772,-0.072383195,0
-2.0574994,-4.2860737,-1.7938924,-0.5523349,-0.68490493,-0.47521734,0
1.4436009,1.588789,-1.6776447,0.23326789,0.42030585,-0.87688613,0
1.5640097,-2.1365631,0.89971614,0.80032009,-0.59518772,-0.072383195,0
2.6406386,-0.43216634,-2.2607105,0.80032009,-0.59518772,-0.072383195,0
-3.8053944,-3.27983,-1.3573112,-0.5523349,-0.68490493,-0.47521734,0
0.36828351,4.6830359,-0.47044897,-0.80032009,0.59518772,0.072383195,0
-0.18735337,-2.097425,1.6902449,-0.23326789,-0.42030585,0.87688613,0
-4.5800276,-1.6555121,-2.0923321,-0.80032009,0.59518772,0.072383195,0
-1.0096897,-4.5005236,-2.664907,-0.5523349,-0.68490493,-0.47521734,0
1.3683984,4.9311676,1.8038568,0.5523349,0.68490493,0.47521734,0
-2.2729006,-4.0169177,-2.150661,-0.5523349,-0.68490493,-0.47521734,0
-0.91142476,0.87487411,3.0094223,-0.23326789,-0.42030585,0.87688613,0
-3.6997752,-0.56985307,-2.5497811,-0.80032009,0.59518772,0.072383195,0
-2.6490829,0.29458857,2.2440939,-0.80032009,0.59518772,0.072383195,0
2.0548437,3.0490725,-0.75275087,0.23326789,0.42030585,-0.87688613,0
1.8411537,-1.7706208,1.2140558,0.80032009,-0.59518772,-0.072383195,0
-0.70461011,-3.5409739,-4.5762897,-0.5523349,-0.68490493,-0.47521734,0
-2.2265112,-2.1021955,1.1810284,-0.23326789,-0.42030585,0.87688613,0
3.1347079,-0.069149911,0.42727959,0.80032009,-0.59518772,-0.072383195,0
0.33957684,-3.2368531,1.4992802,-0.23326789,-0.42030585,0.87688613,0
0.97462034,0.14733171,3.2499757,-0.23326789,-0.42030585,0.87688613,0
-2.8617232,-4.8659906,-0.16647434,-0.23326789,-0.42030585,0.87688613,0
-4.1902113,-1.0699077,-2.0556426,-0.80032009,0.59518772,0.072383195,0
0.8307097,-2.7121055,1.7748533,-0.23326789,-0.42030585,0.87688613,0
-2.253387,1.3508679,-1.7232895,-0.80032009,0.59518772,0.072383195,0
-0.65750599,2.9777474,3.053385,-0.80032009,0.59518772,0.072383195,0
4.2591391,1.839041,2.9301054,0.5523349,0.68490493,0.47521734,0
0.055032492,-3.9582875,-2.6354146,0.80032009,-0.59518772,-0.072383195,0
-2.2717726,1.4187961,-2.5450919,-0.80032009,0.59518772,0.072383195,0
4.1851516,2.7598853,1.6884108,0.5523349,0.68490493,0.47521734,0
3.2812698,0.020368934,0.96844864,0.80032009,-0.59518772,-0.072383195,0
2.2218242,3.7914393,-0.34527874,0.23326789,0.42030585,-0.87688613,0
-2.1971977,0.85239625,2.6019638,-0.80032009,0.59518772,0.072383195,0
-1.5034654,-5.8798943,-0.43793631,-0.5523349,-0.68490493,-0.47521734,0
4.3051519,1.9623981,2.8938103,0.5523349,0.68490493,0.47521734,0
-3.3244495,-2.9768524,-2.3312554,-0.5523349,-0.68490493,-0.47521734,0
-1.1775991,-4.2336621,0.43113708,-0.23326789,-0.42030585,0.87688613,0
1.268083,-2.0063152,-3.4128373,0.80032009,-0.59518772,-0.072383195,0
-2.5175862,-0.96590006,1.6778262,-0.23326789,-0.42030585,0.87688613,0
-1.8806911,-3.0474753,-4.1387601,-0.5523349,-0.68490493,-0.47521734,0
0.03762573,0.40535712,3.1340573,-0.23326789,-0.42030585,0.87688613,0
-2.4359624,-2.7167912,-3.7158525,-0.5523349,-0.68490493,-0.47521734,0
3.3181131,0.25554645,-1.1486884,0.80032009,-0.59518772,-0.072383195,0
-2.0185919,-3.4276114,-3.283443,-0.5523349,-0.68490493,-0.47521734,0
-0.77721286,-4.1085463,-3.7004385,-0.5523349,-0.68490493,-0.47521734,0
1.4296606,3.0696101,4.318676,0.5523349,0.68490493,0.47521734,0
-0.86025661,1.6853938,3.4445798,-0.23326789,-0.42030585,0.87688613,0
-0.45264435,-2.9365554,1.3694441,-0.23326789,-0.42030585,0.87688613,0
-2.6495748,-1.938978,1.2170806,-0.23326789,-0.42030585,0.87688613,0
1.5160655,-2.3425922,1.764119,0.80032009,-0.59518772,-0.072383195,0
-1.8481327,1.0549049,2.949554,-0.23326789,-0.42030585,0.87688613,0
-4.7967386,-3.383121,-0.092781544,-0.5523349,-0.68490493,-0.47521734,0
-0.89970207,3.0577693,0.55218554,-0.80032009,0.59518772,0.072383195,0
2.6956873,-0.9554584,2.0306594,0.80032009,-0.59518772,-0.072383195,0
0.64996421,-3.3556929,-1.0898705,0.80032009,-0.59518772,-0.072383195,0
4.4585958,2.9013686,1.3089943,0.5523349,0.68490493,0.47521734,0
3.4865098,0.54153419,0.046106815,0.80032009,-0.59518772,-0.072383195,0
-1.9937856,-3.2235527,-3.6687737,-0.5523349,-0.68490493,-0.47521734,0
0.55006635,-2.8875189,1.6820153,-0.23326789,-0.42030585,0.87688613,0
-1.4646156,-0.28229761,2.272177,-0.23326789,-0.42030585,0.87688613,0
2.3248899,4.2409105,1.5053773,0.5523349,0.68490493,0.47521734,0
-0.96881026,1.5293236,3.3165386,-0.23326789,-0.42030585,0.87688613,0
-3.093626,-2.1305025,-4.0025721,-0.5523349,-0.68490493,-0.47521734,0
-2.0296226,-4.7172575,-1.3878284,-0.5523349,-0.68490493,-0.47521734,0
-0.57522249,-1.7477698,-3.7817783,0.23326789,0.42030585,-0.87688613,0
1.3250198,4.688736,2.3320293,0.5523349,0.68490493,0.47521734,0
1.3053697,1.7870947,-1.6397836,0.23326789,0.42030585,-0.87688613,0
3.938199,1.000353,0.89265013,0.80032009,-0.59518772,-0.072383195,0
-3.6581144,-2.724648,-2.453249,-0.5523349,-0.68490493,-0.47521734,0
-1.8730372,0.81814694,2.8401873,-0.23326789,-0.42030585,0.87688613,0
-0.5912137,3.5758052,-0.040030241,-0.80032009,0.59518772,0.072383195,0
2.010375,-1.4057543,-1.1020064,0.80032009,-0.59518772,-0.072383195,0
-0.3365677,-1.0436165,2.3729815,-0.23326789,-0.42030585,0.87688613,0
1.3305621,3.4846296,-0.85786819,0.23326789,0.42030585,-0.87688613,0
-1.2143764,-5.9415932,-0.41325474,0.80032009,-0.59518772,-0.072383195,0
-0.42657685,3.0544689,4.0916653,-0.23326789,-0.42030585,0.87688613,0
2.051018,4.6876216,1.4095798,0.5523349,0.68490493,0.47521734,0
-4.4576454,-1.5042922,-2.6159997,-0.80032009,0.59518772,0.072383195,0
1.2448692,3.2824726,-1.0365896,0.23326789,0.42030585,-0.87688613,0
0.71392626,-0.09077239,-2.6749294,0.23326789,0.42030585,-0.87688613,0
4.4936924,3.5647764,0.33819056,0.5523349,0.68490493,0.47521734,0
-1.603837,-3.8066263,-3.0626693,-0.5523349,-0.68490493,-0.47521734,0
4.1286936,2.1005468,2.6603713,0.5523349,0.68490493,0.47521734,0
-0.7298615,-5.1664729,0.1413455,0.80032009,-0.59518772,-0.072383195,0
-3.3820181,-3.3365548,-1.6937122,-0.5523349,-0.68490493,-0.47521734,0
4.3495746,1.3161186,2.0857501,0.80032009,-0.59518772,-0.072383195,0
2.9770579,1.2719598,4.2696052,-0.23326789,-0.42030585,0.87688613,0
-3.4334931,-0.31708866,0.56346202,-0.80032009,0.59518772,0.072383195,0
-0.06922251,2.3597984,3.9761162,-0.23326789,-0.42030585,0.87688613,0
-0.66902733,3.2112267,1.7202973,-0.80032009,0.59518772,0.072383195,0
3.9209967,1.6965628,3.7117038,0.5523349,0.68490493,0.47521734,0
0.39956093,-3.5354559,-2.0403507,0.80032009,-0.59518772,-0.072383195,0
-0.50760335,-4.1991487,-3.7534599,-0.5523349,-0.68490493,-0.47521734,0
-1.2516243,2.3358493,1.0383233,-0.80032009,0.59518772,0.072383195,0
2.0885029,-1.4865711,0.033525348,0.80032009,-0.59518772,-0.072383195,0
2.2669606,-1.0124586,-2.1100819,0.80032009,-0.59518772,-0.072383195,0
2.4872317,3.5095544,2.7193151,0.5523349,0.68490493,0.47521734,0
5.0412569,2.9359927,0.59532022,0.5523349,0.68490493,0.47521734,0
-3.3002934,-0.45344317,0.79684818,-0.80032009,0.59518772,0.072383195,0
3.8839893,1.2323661,-1.0150216,0.80032009,-0.59518772,-0.072383195,0
4.2713184,1.1209345,3.5456371,0.80032009,-0.59518772,-0.072383195,0
2.054873,1.8435426,4.228734,-0.23326789,-0.42030585,0.87688613,0
-0.067631155,0.59810948,3.1596656,-0.23326789,-0.42030585,0.87688613,0
1.4597042,4.480762,2.176796,0.5523349,0.68490493,0.47521734,0
-0.93248606,-3.0578434,-4.6706457,0.23326789,0.42030585,-0.87688613,0
-3.0780032,-0.033931732,1.757163,-0.80032009,0.59518772,0.072383195,0
0.83833027,-2.7429304,-3.6540625,0.80032009,-0.59518772,-0.072383195,0
-2.1873717,-3.624506,-2.6043215,-0.5523349,-0.68490493,-0.47521734,0
-1.2247901,2.2824306,1.9993939,-0.80032009,0.59518772,0.072383195,0
3.1947482,0.1333437,3.687686,-0.23326789,-0.42030585,0.87688613,0
1.8103228,4.0900655,-0.42221594,0.23326789,0.42030585,-0.87688613,0
1.6662498,-1.8551192,-2.1447086,0.80032009,-0.59518772,-0.072383195,0
2.2024193,-1.0902437,-1.2868429,0.80032009,-0.59518772,-0.072383195,0
2.689621,-1.037946,2.3979139,0.80032009,-0.59518772,-0.072383195,0
1.1066551,5.5205288,1.3297563,0.5523349,0.68490493,0.47521734,0
3.8362229,2.1756351,3.0892148,0.5523349,0.68490493,0.47521734,0
2.6227922,-1.0906379,2.0498042,0.80032009,-0.59518772,-0.072383195,0
0.79376662,-3.1732368,0.59593844,0.80032009,-0.59518772,-0.072383195,0
3.6950648,0.98835874,-1.3479559,0.80032009,-0.59518772,-0.072383195,0
-1.375397,-0.27748322,-3.274925,0.23326789,0.42030585,-0.87688613,0
1.8139918,1.8777552,4.186204,-0.23326789,-0.42030585,0.87688613,0
-2.201509,-4.0076265,-2.1208158,-0.5523349,-0.68490493,-0.47521734,0
2.5011055,3.0331581,-0.62742949,0.23326789,0.42030585,-0.87688613,0
-1.0089483,-4.943265,-2.2602587,-0.5523349,-0.68490493,-0.47521734,0
-0.90557206,-5.3936224,-0.3865056,0.80032009,-0.59518772,-0.072383195,0
-0.63879949,-4.3163338,-3.5769134,-0.5523349,-0.68490493,-0.47521734,0
3.3950229,2.1325316,-1.0073354,0.23326789,0.42030585,-0.87688613,0
-1.9298198,1.2709507,2.1012421,-0.80032009,0.59518772,0.072383195,0
-0.57071328,3.4870858,-1.4256148,-0.80032009,0.59518772,0.072383195,0
0.43337584,-2.6962566,1.6599246,-0.23326789,-0.42030585,0.87688613,0
0.96281469,3.352536,-1.0612361,0.23326789,0.42030585,-0.87688613,0
-0.66197348,-4.8762932,-0.76038599,0.80032009,-0.59518772,-0.072383195,0
-0.38502133,-4.4756732,-1.795146,0.80032009,-0.59518772,-0.072383195,0
3.7880151,0.76852822,1.950315,0.80032009,-0.59518772,-0.072383195,0
3.3109691,0.6558671,3.9937015,-0.23326789,-0.42030585,0.87688613,0
-2.7424598,-2.8217688,0.83513117,-0.23326789,-0.42030585,0.87688613,0
-4.0451155,-1.0542731,-0.23880076,-0.80032009,0.59518772,0.072383195,0
1.9140911,-1.6752189,1.7410452,0.80032009,-0.59518772,-0.072383195,0
-1.3748866,1.195096,3.0048718,-0.23326789,-0.42030585,0.87688613,0
-2.6723917,0.88297534,-2.5701852,-0.80032009,0.59518772,0.072383195,0
-3.4490128,-2.4397969,-2.8550949,-0.5523349,-0.68490493,-0.47521734,0
-4.01122,-1.0050793,-2.0988836,-0.80032009,0.59518772,0.072383195,0
0.15494925,0.077529907,-2.7607629,0.23326789,0.42030585,-0.87688613,0
4.1629491,3.9260774,0.031703472,0.23326789,0.42030585,-0.87688613,0
0.3531698,-0.36786699,2.6929362,-0.23326789,-0.42030585,0.87688613,0
-3.0805159,-2.0987916,-3.8883226,-0.5523349,-0.68490493,-0.47521734,0
-3.3552632,-0.091424227,-3.0220339,-0.80032009,0.59518772,0.072383195,0
1.7987115,3.2423444,3.811924,0.5523349,0.68490493,0.47521734,0
0.90769887,5.4555483,-0.096540928,0.23326789,0.42030585,-0.87688613,0
4.1673369,1.7727313,2.9761403,0.5523349,0.68490493,0.47521734,0
3.2756453,-0.058011532,3.77474,-0.23326789,-0.42030585,0.87688613,0
4.345181,2.2771087,2.2689643,0.5523349,0.68490493,0.47521734,0
-2.9483955,-3.9205308,-1.6447678,-0.5523349,-0.68490493,-0.47521734,0
0.35949719,3.9032407,4.6721973,0.5523349,0.68490493,0.47521734,0
-4.6258168,-1.8948798,-1.0647302,-0.80032009,0.59518772,0.072383195,0
2.0149555,4.5497751,1.749896,0.5523349,0.68490493,0.47521734,0
2.919579,4.3790779,0.62860155,0.5523349,0.68490493,0.47521734,0
-1.1779141,2.6977124,-1.9223199,0.23326789,0.42030585,-0.87688613,0
-1.4780449,1.9328279,2.8377826,-0.80032009,0.59518772,0.072383195,0
1.8379711,3.1035857,-0.76994205,0.23326789,0.42030585,-0.87688613,0
2.5741506,5.0875096,0.35187626,0.5523349,0.68490493,0.47521734,0
1.0248538,0.025184631,-2.6633217,0.23326789,0.42030585,-0.87688613,0
3.4699872,0.10442567,2.3226686,0.80032009,-0.59518772,-0.072383195,0
2.4976478,3.8829932,1.8206272,0.5523349,0.68490493,0.47521734,0
-0.76343358,2.9338961,-1.6814109,0.23326789,0.42030585,-0.87688613,0
1.51425,-1.8721552,-3.3386443,0.80032009,-0.59518772,-0.072383195,0
3.7673013,0.85587752,-0.051102877,0.80032009,-0.59518772,-0.072383195,0
4.1305661,0.81943989,3.2744255,0.80032009,-0.59518772,-0.072383195,0
0.48030716,0.23162937,-2.5161738,0.23326789,0.42030585,-0.87688613,0
2.2501388,-1.2697001,1.7682312,0.80032009,-0.59518772,-0.072383195,0
3.3067608,2.217479,3.3647666,0.5523349,0.68490493,0.47521734,0
3.4781346,4.1875677,-0.013194561,0.23326789,0.42030585,-0.87688613,0
2.2191007,-1.380312,1.679736,0.80032009,-0.59518772,-0.072383195,0
-2.3682852,0.20397449,2.3911443,-0.23326789,-0.42030585,0.87688613,0
-0.42500341,3.3168967,1.7265766,-0.80032009,0.59518772,0.072383195,0
-2.4945235,-0.34263992,-3.6945534,0.23326789,0.42030585,-0.87688613,0
-4.2749391,-3.0286181,0.19125223,-0.23326789,-0.42030585,0.87688613,0
0.090537548,-3.7197995,-1.6592622,0.80032009,-0.59518772,-0.072383195,0
-0.31801605,0.53515291,-2.667711,0.23326789,0.42030585,-0.87688613,0
-1.4746034,-5.8216157,-0.4772172,-0.5523349,-0.68490493,-0.47521734,0
-3.2934616,-2.7930477,0.656744,-0.23326789,-0.42030585,0.87688613,0
0.13901174,-1.2970104,2.3171632,-0.23326789,-0.42030585,0.87688613,0
4.0496011,1.2119079,0.90738463,0.80032009,-0.59518772,-0.072383195,0
-1.6370087,2.046298,-0.14230859,-0.80032009,0.59518772,0.072383195,0
-0.99761188,-5.4570656,-1.5280633,0.80032009,-0.59518772,-0.072383195,0
1.0491029,5.1786976,-0.17498159,0.23326789,0.42030585,-0.87688613,0
2.8323739,-0.35859728,1.0111741,0.80032009,-0.59518772,-0.072383195,0
2.6591935,3.627665,2.0639544,0.5523349,0.68490493,0.47521734,0
3.6688306,0.59928155,1.4864209,0.80032009,-0.59518772,-0.072383195,0
0.26512516,-3.77896,-0.18073654,0.80032009,-0.59518772,-0.072383195,0
-2.2535772,1.4694965,-2.7906346,0.23326789,0.42030585,-0.87688613,0
4.3555665,2.5972998,1.7663379,0.5523349,0.68490493,0.47521734,0
-0.80455315,-1.5349479,-3.8117702,0.23326789,0.42030585,-0.87688613,0
0.63392746,4.7704778,1.6168685,-0.80032009,0.59518772,0.072383195,0
0.99456966,-2.4704494,-3.3193984,0.80032009,-0.59518772,-0.072383195,0
-2.1738737,-3.5289035,-2.9789672,-0.5523349,-0.68490493,-0.47521734,0
1.5561632,-0.030825615,-2.5595708,0.23326789,0.42030585,-0.87688613,0
2.5885112,4.9526539,0.37582254,0.5523349,0.68490493,0.47521734,0
-2.6219447,-4.5419378,-0.94793081,-0.5523349,-0.68490493,-0.47521734,0
-1.4371725,1.2162158,-2.6059346,0.23326789,0.42030585,-0.87688613,0
0.5554415,-3.4072216,0.33903337,0.80032009,-0.59518772,-0.072383195,0
-0.93018258,1.4184985,3.1830511,-0.23326789,-0.42030585,0.87688613,0
1.2803404,-2.429038,-1.6181026,0.80032009,-0.59518772,-0.072383195,0
-1.1876854,0.85916138,3.0436194,-0.23326789,-0.42030585,0.87688613,0
-2.0671279,-4.3004875,0.17403078,-0.23326789,-0.42030585,0.87688613,0
2.8862586,-0.028057575,-1.6252508,0.80032009,-0.59518772,-0.072383195,0
2.0809662,5.0532827,0.9474144,0.5523349,0.68490493,0.47521734,0
2.9616361,3.2016616,2.6543565,0.5523349,0.68490493,0.47521734,0
4.8639584,2.7961285,0.98712206,0.5523349,0.68490493,0.47521734,0
-2.9288597,0.18267345,-3.5418687,0.23326789,0.42030585,-0.87688613,0
1.4116247,5.5711756,0.86944437,0.5523349,0.68490493,0.47521734,0
1.606192,-1.7837205,-3.2924075,0.80032009,-0.59518772,-0.072383195,0
-3.3669426,-4.2895098,-0.40686941,-0.5523349,-0.68490493,-0.47521734,0
2.813287,-0.51159054,-0.47986877,0.80032009,-0.59518772,-0.072383195,0
1.3172333,-2.3776155,-1.6035458,0.80032009,-0.59518772,-0.072383195,0
-0.52514815,3.4246376,1.6957486,-0.80032009,0.59518772,0.072383195,0
1.2357332,4.6318932,2.3824463,0.5523349,0.68490493,0.47521734,0
1.9829948,5.3281031,0.50913906,0.5523349,0.68490493,0.47521734,0
-2.87831,-4.4913368,-0.65126944,-0.5523349,-0.68490493,-0.47521734,0
-0.23734157,-1.1528971,-3.4512815,0.23326789,0.42030585,-0.87688613,0
-1.8515458,1.7743301,0.57605559,-0.80032009,0.59518772,0.072383195,0
-4.2128072,-2.8468149,0.34748793,-0.23326789,-0.42030585,0.87688613,0
-0.40077448,2.8072062,4.1119123,-0.23326789,-0.42030585,0.87688613,0
3.1374898,3.0890398,2.5880857,0.5523349,0.68490493,0.47521734,0
-2.5537145,0.67360663,-3.1439893,0.23326789,0.42030585,-0.87688613,0
-1.8389782,-3.9668267,0.52157021,-0.23326789,-0.42030585,0.87688613,0
-0.86353898,0.56111407,-2.8323882,0.23326789,0.42030585,-0.87688613,0
-0.31446445,2.9779854,4.2411261,-0.23326789,-0.42030585,0.87688613,0
2.2781179,-1.0774186,2.8409534,-0.23326789,-0.42030585,0.87688613,0
1.4156274,1.4487143,-1.7067962,0.23326789,0.42030585,-0.87688613,0
-0.56308413,-4.9840498,0.33251762,-0.23326789,-0.42030585,0.87688613,0
-1.3000485,-5.5759106,-0.22079325,-0.23326789,-0.42030585,0.87688613,0
1.0636077,1.6598548,-1.6872548,0.23326789,0.42030585,-0.87688613,0
0.81066346,5.2433605,1.0470853,-0.80032009,0.59518772,0.072383195,0
-1.9273171,0.83666492,-2.8666477,0.23326789,0.42030585,-0.87688613,0
-1.3723005,2.6846704,-1.8293731,0.23326789,0.42030585,-0.87688613,0
4.6993318,1.9150693,1.2705932,0.80032009,-0.59518772,-0.072383195,0
-3.8943412,-0.87391287,-1.1615362,-0.80032009,0.59518772,0.072383195,0
-1.9514263,-4.5891523,0.24331903,-0.23326789,-0.42030585,0.87688613,0
3.5458283,0.39281619,1.6782043,0.80032009,-0.59518772,-0.072383195,0
3.6944623,0.43001819,3.0332718,0.80032009,-0.59518772,-0.072383195,0
3.0248938,3.4466515,1.9025941,0.5523349,0.68490493,0.47521734,0
3.1558847,0.071431875,-0.72871947,0.80032009,-0.59518772,-0.072383195,0
1.0705124,3.4692433,4.1271458,0.5523349,0.68490493,0.47521734,0
-2.487226,-3.4316278,-2.4972911,-0.5523349,-0.68490493,-0.47521734,0
-0.40866923,-4.8157115,-0.3236537,0.80032009,-0.59518772,-0.072383195,0
1.7046406,-0.24350739,3.141984,-0.23326789,-0.42030585,0.87688613,0
-1.7864301,0.86427212,-2.8360791,0.23326789,0.42030585,-0.87688613,0
-3.9388566,-2.6212146,-2.1032329,-0.5523349,-0.68490493,-0.47521734,0
-1.3077222,-4.9183922,0.12704754,-0.23326789,-0.42030585,0.87688613,0
-3.3755536,-1.4222476,1.3656623,-0.23326789,-0.42030585,0.87688613,0
0.3463971,-1.6479976,-3.6416731,0.23326789,0.42030585,-0.87688613,0
-3.498395,-1.9946525,-3.3955648,-0.5523349,-0.68490493,-0.47521734,0
2.2957675,4.346849,1.4689112,0.5523349,0.68490493,0.47521734,0
1.3596637,4.0737262,3.2532721,0.5523349,0.68490493,0.47521734,0
-1.0322623,-3.6281679,-3.9152684,-0.5523349,-0.68490493,-0.47521734,0
-0.71785033,-5.1321821,0.16345024,0.80032009,-0.59518772,-0.072383195,0
3.2886987,-0.19947529,3.0671589,0.80032009,-0.59518772,-0.072383195,0
-0.49949282,-4.1068397,-3.8147392,-0.5523349,-0.68490493,-0.47521734,0
3.5246067,0.26271701,2.5311987,0.80032009,-0.59518772,-0.072383195,0
-3.0662336,-4.5229959,-0.43928385,-0.5523349,-0.68490493,-0.47521734,0
1.4100364,0.71299195,-2.2456481,0.23326789,0.42030585,-0.87688613,0
2.9766922,4.4794865,0.46383905,0.5523349,0.68490493,0.47521734,0
-3.838577,-1.0725298,0.088715792,-0.80032009,0.59518772,0.072383195,0
2.2872221,2.9099731,-0.7525301,0.23326789,0.42030585,-0.87688613,0
2.2316601,-0.9838053,-0.62459815,0.80032009,-0.59518772,-0.072383195,0
3.0936306,-0.14780736,2.0677314,0.80032009,-0.59518772,-0.072383195,0
0.48141682,-3.5755594,0.61062336,0.80032009,-0.59518772,-0.072383195,0
-0.57731581,1.6929426,-2.3025959,0.23326789,0.42030585,-0.87688613,0
-1.8132255,-5.0802531,-1.1804452,-0.5523349,-0.68490493,-0.47521734,0
-0.58603901,-3.7081144,-4.3367863,-0.5523349,-0.68490493,-0.47521734,0
-0.017455101,-4.1670275,-1.4012074,0.80032009,-0.59518772,-0.072383195,0
-0.48900199,-3.8384051,-4.496788,-0.5523349,-0.68490493,-0.47521734,0
-0.28088462,-4.1519666,-2.2988839,0.80032009,-0.59518772,-0.072383195,0
-1.7291954,-4.9353056,-1.4219871,-0.5523349,-0.68490493,-0.47521734,0
-2.3682613,0.49716783,2.3512113,-0.23326789,-0.42030585,0.87688613,0
2.1549795,1.2711072,4.0235877,-0.23326789,-0.42030585,0.87688613,0
-2.8848639,-4.0099273,-1.5904393,-0.5523349,-0.68490493,-0.47521734,0
4.2731118,2.3470964,2.0176387,0.5523349,0.68490493,0.47521734,0
1.6366541,3.7094007,3.4081626,0.5523349,0.68490493,0.47521734,0
0.20783509,1.8663433,3.733217,-0.23326789,-0.42030585,0.87688613,0
0.39466047,-3.1818786,-2.8008006,0.80032009,-0.59518772,-0.072383195,0
0.38208735,-3.3771813,-2.6227276,0.80032009,-0.59518772,-0.072383195,0
1.3706181,2.5117114,4.3276238,-0.23326789,-0.42030585,0.87688613,0
3.1192183,2.0110798,-1.125577,0.23326789,0.42030585,-0.87688613,0
-4.0246782,-2.9183726,0.41511393,-0.23326789,-0.42030585,0.87688613,0
3.3990808,3.2578397,1.8420119,0.5523349,0.68490493,0.47521734,0
-4.1694074,-1.0556988,-1.7061076,-0.80032009,0.59518772,0.072383195,0
0.73169959,-3.0176091,-1.0393558,0.80032009,-0.59518772,-0.072383195,0
-0.72262877,1.0257316,-2.4773464,0.23326789,0.42030585,-0.87688613,0
-3.2565141,-4.4488001,-0.37139511,-0.5523349,-0.68490493,-0.47521734,0
2.2269392,2.7812009,-0.92997789,0.23326789,0.42030585,-0.87688613,0
2.2235382,-1.2058734,1.2990571,0.80032009,-0.59518772,-0.072383195,0
-0.096966743,-3.6518867,-4.4639087,0.80032009,-0.59518772,-0.072383195,0
-0.51296467,-0.85464287,-3.4969864,0.23326789,0.42030585,-0.87688613,0
-3.5216022,-1.6762145,-4.0274086,-0.5523349,-0.68490493,-0.47521734,0
0.3527838,4.5819197,1.9694047,-0.80032009,0.59518772,0.072383195,0
0.3371824,3.9356465,-0.96128249,0.23326789,0.42030585,-0.87688613,0
4.2981629,1.2713909,1.8159781,0.80032009,-0.59518772,-0.072383195,0
-3.1269448,-4.3990512,0.021941185,-0.23326789,-0.42030585,0.87688613,0
-0.30434263,3.7059326,0.2892313,-0.80032009,0.59518772,0.072383195,0
-2.5837383,-1.4022889,-4.2360344,0.23326789,0.42030585,-0.87688613,0
0.83441341,5.232831,1.9103703,-0.80032009,0.59518772,0.072383195,0
-2.9396844,-3.6231408,-1.7745867,-0.5523349,-0.68490493,-0.47521734,0
-3.3314257,-0.17565763,-1.1680114,-0.80032009,0.59518772,0.072383195,0
-1.3818744,-5.9104977,-0.38540602,-0.5523349,-0.68490493,-0.47521734,0
-3.9663804,-1.088763,0.059364796,-0.80032009,0.59518772,0.072383195,0
4.1714678,2.2824512,2.4927988,0.5523349,0.68490493,0.47521734,0
1.0640345,-2.2191255,-3.2535524,0.80032009,-0.59518772,-0.072383195,0
-1.125958,-4.6205316,-2.7192121,-0.5523349,-0.68490493,-0.47521734,0
0.39159274,-3.3574171,-3.2991824,0.80032009,-0.59518772,-0.072383195,0
1.7574514,2.4622931,-1.1188214,0.23326789,0.42030585,-0.87688613,0
-3.8594165,-1.6914406,-3.4568844,-0.5523349,-0.68490493,-0.47521734,0
-0.88130623,2.6088214,2.7386029,-0.80032009,0.59518772,0.072383195,0
-4.2586517,-2.049561,-2.409626,-0.5523349,-0.68490493,-0.47521734,0
-0.76518244,2.6144581,3.3801186,-0.80032009,0.59518772,0.072383195,0
0.22698793,-2.4862351,-3.8905079,0.23326789,0.42030585,-0.87688613,0
0.59760118,-2.9122491,-3.3820744,0.80032009,-0.59518772,-0.072383195,0
4.6441784,3.3943267,0.088573933,0.5523349,0.68490493,0.47521734,0
-4.1312995,-1.0545065,-2.9763775,-0.80032009,0.59518772,0.072383195,0
-0.67111933,-4.9289517,-2.5209146,0.80032009,-0.59518772,-0.072383195,0
-1.4187248,-4.495492,-2.3636484,-0.5523349,-0.68490493,-0.47521734,0
-2.2693534,-3.9313495,-2.1711311,-0.5523349,-0.68490493,-0.47521734,0
3.7545078,0.68646049,0.43411374,0.80032009,-0.59518772,-0.072383195,0
2.2479653,4.9087629,0.20283699,0.23326789,0.42030585,-0.87688613,0
-4.7414122,-2.065079,-1.4429407,-0.80032009,0.59518772,0.072383195,0
4.0141649,3.0531571,1.3103704,0.5523349,0.68490493,0.47521734,0
-0.17273098,-1.0442564,2.2226233,-0.23326789,-0.42030585,0.87688613,0
-1.2980844,-5.3647957,-1.4074092,-0.5523349,-0.68490493,-0.47521734,0
3.0628591,4.6383948,0.47838306,0.5523349,0.68490493,0.47521734,0
-1.8495042,-4.5079117,-1.746964,-0.5523349,-0.68490493,-0.47521734,0
-0.7326448,-2.8790498,-4.3889575,0.23326789,0.42030585,-0.87688613,0
3.6244678,1.1098912,-1.28759,0.23326789,0.42030585,-0.87688613,0
-0.68823147,3.3226595,-1.3365562,-0.80032009,0.59518772,0.072383195,0
-2.1696138,-4.2449341,-1.9471092,-0.5523349,-0.68490493,-0.47521734,0
0.37865913,-0.87813425,2.4894691,-0.23326789,-0.42030585,0.87688613,0
-2.7812586,0.55685496,-0.87546486,-0.80032009,0.59518772,0.072383195,0
-0.17489552,4.0518141,-0.85607481,-0.80032009,0.59518772,0.072383195,0
3.952426,2.9428368,-0.3582902,0.23326789,0.42030585,-0.87688613,0
1.0920827,3.5578601,-0.74366951,0.23326789,0.42030585,-0.87688613,0
-1.3095624,-3.5929148,0.69225264,-0.23326789,-0.42030585,0.87688613,0
3.6011732,2.7830515,2.400332,0.5523349,0.68490493,0.47521734,0
1.5561078,2.3459511,-1.4153168,0.23326789,0.42030585,-0.87688613,0
-3.1061614,0.22087479,-3.5967042,0.23326789,0.42030585,-0.87688613,0
-1.4477071,-5.108695,-1.5723343,-0.5523349,-0.68490493,-0.47521734,0
1.9878249,0.48768139,-1.977602,0.23326789,0.42030585,-0.87688613,0
0.091030836,3.967845,-0.86709356,0.23326789,0.42030585,-0.87688613,0
3.4206512,1.6140656,4.4115257,0.5523349,0.68490493,0.47521734,0
2.9164665,3.9473033,-0.070925236,0.23326789,0.42030585,-0.87688613,0
-0.49142611,3.3229861,-1.4275219,0.23326789,0.42030585,-0.87688613,0
3.4654284,0.069237947,2.4386005,0.80032009,-0.59518772,-0.072383195,0
2.5627129,4.3293524,1.1040268,0.5523349,0.68490493,0.47521734,0
-2.3195529,-2.7874763,1.0110092,-0.23326789,-0.42030585,0.87688613,0
0.32194251,-0.36554551,2.8668287,-0.23326789,-0.42030585,0.87688613,0
-1.4615358,-4.1620889,-2.9248538,-0.5523349,-0.68490493,-0.47521734,0
-2.3805315,0.80913568,1.1946621,-0.80032009,0.59518772,0.072383195,0
-0.25570753,-2.7883768,-4.2607536,0.23326789,0.42030585,-0.87688613,0
-2.5795782,-4.007678,-1.8020639,-0.5523349,-0.68490493,-0.47521734,0
4.3636694,3.2690077,0.88246632,0.5523349,0.68490493,0.47521734,0
-2.3717961,-4.9815068,-0.11121416,-0.23326789,-0.42030585,0.87688613,0
0.17318916,4.5240884,0.50229883,-0.80032009,0.59518772,0.072383195,0
3.2815962,2.9590964,2.6397696,0.5523349,0.68490493,0.47521734,0
3.331749,2.7243533,2.8123837,0.5523349,0.68490493,0.47521734,0
-0.031356156,3.0203857,4.2003946,-0.23326789,-0.42030585,0.87688613,0
-2.5175014,-3.270781,0.56283283,-0.23326789,-0.42030585,0.87688613,0
-0.81548119,-3.8876631,0.85156012,-0.23326789,-0.42030585,0.87688613,0
1.7393202,3.0713508,-0.81498456,0.23326789,0.42030585,-0.87688613,0
1.5490049,-2.2010725,0.12216973,0.80032009,-0.59518772,-0.072383195,0
4.6181831,3.2204502,0.63418579,0.5523349,0.68490493,0.47521734,0
1.5513507,3.6254201,3.2930646,0.5523349,0.68490493,0.47521734,0
0.74780303,-2.8237906,-2.8052526,0.80032009,-0.59518772,-0.072383195,0
4.2550974,1.3515093,2.1550739,0.80032009,-0.59518772,-0.072383195,0
-2.0317497,-4.3888745,-1.8620605,-0.5523349,-0.68490493,-0.47521734,0
2.5570557,-0.83898938,-0.21944785,0.80032009,-0.59518772,-0.072383195,0
0.61223876,-3.4382071,-0.09812212,0.80032009,-0.59518772,-0.072383195,0
0.31362003,1.2428038,-2.0932686,0.23326789,0.42030585,-0.87688613,0
-0.30488908,3.4734168,3.4554732,-0.80032009,0.59518772,0.072383195,0
-0.38568902,2.1951182,-1.8155905,0.23326789,0.42030585,-0.87688613,0
-2.1610451,-3.2788033,-3.4062181,-0.5523349,-0.68490493,-0.47521734,0
-3.0413225,-3.1948524,-2.3033648,-0.5523349,-0.68490493,-0.47521734,0
0.5328685,-1.6082835,-3.5271997,0.23326789,0.42030585,-0.87688613,0
0.54008663,1.7642834,-1.8389959,0.23326789,0.42030585,-0.87688613,0
3.7927861,2.0387866,3.1442575,0.5523349,0.68490493,0.47521734,0
1.5516247,5.2950439,1.0695281,0.5523349,0.68490493,0.47521734,0
-4.4299622,-3.3850389,-0.31421947,-0.5523349,-0.68490493,-0.47521734,0
-1.7738558,-1.3728814,-4.0488887,0.23326789,0.42030585,-0.87688613,0
1.4563671,-2.0605109,-0.50895405,0.80032009,-0.59518772,-0.072383195,0
5.2069969,2.8284812,0.19754314,0.80032009,-0.59518772,-0.072383195,0
-3.7789063,-1.7186724,1.1009107,-0.23326789,-0.42030585,0.87688613,0
-0.17306876,-4.1237078,-2.7128916,0.80032009,-0.59518772,-0.072383195,0
