2.5353343,-1.1630197,0.63273716,0.74136209,-0.14698908,0.65481007,0
-0.93360305,-1.2607138,2.9570098,-0.67107952,-0.15384981,0.72524631,0
3.2803769,0.68414497,0.19201851,0.74136209,-0.14698908,0.65481007,0
-2.666326,1.1294338,-0.64117098,-0.74136209,0.14698908,-0.65481007,0
-2.8917639,2.2535057,1.4095135,0.0058609024,0.97710001,0.2126998,0
-1.3423748,-0.12257668,2.7701011,-0.67107952,-0.15384981,0.72524631,0
0.20864582,-2.1799278,3.1862497,0.74136209,-0.14698908,0.65481007,0
0.1889535,-2.4504151,-0.77762687,-0.0058609024,-0.97710001,-0.2126998,0
0.10511923,2.045315,2.8134999,0.0058609024,0.97710001,0.2126998,0
0.8671627,-0.76232356,2.807745,0.74136209,-0.14698908,0.65481007,0
-0.25942326,0.67888492,4.1288466,0.74136209,-0.14698908,0.65481007,0
1.1762698,-0.59080648,-3.3082054,0.67107952,0.15384981,-0.72524631,0
-1.0743183,2.6403368,-0.33150494,0.0058609024,0.97710001,0.2126998,0
-0.27731967,1.8185112,-2.9716663,-0.74136209,0.14698908,-0.65481007,0
-2.5685942,-1.1290448,-1.2439461,-0.74136209,0.14698908,-0.65481007,0
1.6485462,0.41558355,-2.4882174,0.67107952,0.15384981,-0.72524631,0
2.5096455,-1.6743937,-2.0371895,0.67107952,0.15384981,-0.72524631,0
-0.57637858,3.0323644,-2.3787761,-0.74136209,0.14698908,-0.65481007,0
-0.99735665,-2.8641949,2.6527333,-0.67107952,-0.15384981,0.72524631,0
-3.2596703,0.13453618,1.0581179,-0.67107952,-0.15384981,0.72524631,0
-2.0368979,-2.0636904,-1.8354338,-0.74136209,0.14698908,-0.65481007,0
-2.6368508,2.1531475,-0.35466099,-0.74136209,0.14698908,-0.65481007,0
2.9920318,0.29502165,-1.4006996,0.67107952,0.15384981,-0.72524631,0
2.8750975,-1.8114222,-1.8206294,0.67107952,0.15384981,-0.72524631,0
0.62203979,-0.61262101,2.9391196,0.74136209,-0.14698908,0.65481007,0
-0.55613112,2.9697816,-2.3398318,0.0058609024,0.97710001,0.2126998,0
-1.6471221,-2.1529338,2.0918972,-0.67107952,-0.15384981,0.72524631,0
2.1488388,2.8691843,-1.5103328,0.67107952,0.15384981,-0.72524631,0
-1.1953819,0.38119388,-2.2434103,-0.74136209,0.14698908,-0.65481007,0
2.8276348,-1.5354576,-1.8465779,0.67107952,0.15384981,-0.72524631,0
0.45691794,-2.6547775,0.16644546,-0.0058609024,-0.97710001,-0.2126998,0
3.2105434,-2.4509008,-0.86105609,-0.0058609024,-0.97710001,-0.2126998,0
1.0597594,1.0805292,2.9191082,0.74136209,-0.14698908,0.65481007,0
2.3193073,-2.7689464,0.49965715,-0.0058609024,-0.97710001,-0.2126998,0
0.26565647,-0.92079675,3.4466093,0.74136209,-0.14698908,0.65481007,0
-0.42494231,2.2997918,1.355727,0.0058609024,0.97710001,0.2126998,0
-1.2912164,-1.3888528,-2.63065,-0.74136209,0.14698908,-0.65481007,0
2.6188657,-2.5631125,0.27361488,0.74136209,-0.14698908,0.65481007,0
-0.92404246,-1.7428625,-3.0889115,-0.74136209,0.14698908,-0.65481007,0
-0.25734866,-2.8210092,1.0976503,-0.0058609024,-0.97710001,-0.2126998,0
0.40463638,2.4727788,-3.23557,0.67107952,0.15384981,-0.72524631,0
0.56080031,2.5583909,0.28937304,0.0058609024,0.97710001,0.2126998,0
-2.5396576,-2.0891712,-1.3364196,-0.74136209,0.14698908,-0.65481007,0
1.7978655,-2.5292389,-0.23963022,-0.0058609024,-0.97710001,-0.2126998,0
-0.60595214,-2.4692545,-0.1792503,-0.0058609024,-0.97710001,-0.2126998,0
-0.84903073,-1.9403303,-2.847091,-0.0058609024,-0.97710001,-0.2126998,0
-1.7696707,2.086184,2.0416126,0.0058609024,0.97710001,0.2126998,0
0.60502076,2.8607521,-2.9674015,0.67107952,0.15384981,-0.72524631,0
3.4324751,1.0636388,-0.62890816,0.67107952,0.15384981,-0.72524631,0
-1.2670751,-0.81152809,-2.5320818,-0.74136209,0.14698908,-0.65481007,0
0.95077515,2.0159245,2.8798869,0.0058609024,0.97710001,0.2126998,0
1.23176,-1.2932484,2.1056571,0.74136209,-0.14698908,0.65481007,0
2.0251973,0.36959374,1.6214529,0.74136209,-0.14698908,0.65481007,0
2.8581095,0.090511158,0.56508207,0.74136209,-0.14698908,0.65481007,0
2.7982447,-0.060582936,0.6710937,0.74136209,-0.14698908,0.65481007,0
2.5412643,-2.5295813,0.16308355,-0.0058609024,-0.97710001,-0.2126998,0
2.4813313,2.7941141,-1.2004123,0.67107952,0.15384981,-0.72524631,0
1.9766989,-1.9383591,-2.49228,-0.0058609024,-0.97710001,-0.2126998,0
-3.4999905,1.2945744,1.2286921,-0.67107952,-0.15384981,0.72524631,0
3.1538231,-1.3202592,0.096917391,0.74136209,-0.14698908,0.65481007,0
1.3889263,-2.3087225,-1.2291805,-0.0058609024,-0.97710001,-0.2126998,0
-0.1164093,-1.8421876,3.3839936,0.74136209,-0.14698908,0.65481007,0
-1.2332155,-0.73648643,2.86466,-0.67107952,-0.15384981,0.72524631,0
1.0827985,0.39001554,2.7211456,0.74136209,-0.14698908,0.65481007,0
-2.8243184,2.2882116,1.6016006,0.0058609024,0.97710001,0.2126998,0
-1.7504287,2.1190209,2.4190998,0.0058609024,0.97710001,0.2126998,0
0.52762341,2.3114307,-3.093569,0.67107952,0.15384981,-0.72524631,0
2.9492464,0.55933893,-1.2118869,0.67107952,0.15384981,-0.72524631,0
-0.5173111,1.2551422,3.9529037,-0.67107952,-0.15384981,0.72524631,0
0.19582319,1.8860531,3.1525168,0.0058609024,0.97710001,0.2126998,0
1.7185163,0.72958839,2.102942,0.74136209,-0.14698908,0.65481007,0
0.11760807,-2.9188733,1.8337593,-0.0058609024,-0.97710001,-0.2126998,0
0.42076671,-2.8402779,1.0216154,-0.0058609024,-0.97710001,-0.2126998,0
1.2993673,-1.9647294,-2.9243944,-0.0058609024,-0.97710001,-0.2126998,0
1.9227035,1.1978792,2.0208817,0.74136209,-0.14698908,0.65481007,0
0.93037909,-2.0162327,-2.173542,-0.0058609024,-0.97710001,-0.2126998,0
-1.440681,1.2041557,-1.8057398,-0.74136209,0.14698908,-0.65481007,0
-0.67470098,-0.64201176,3.3114319,-0.67107952,-0.15384981,0.72524631,0
3.0534413,-0.34040534,-1.4366751,0.67107952,0.15384981,-0.72524631,0
-1.6836362,1.7419342,-1.4689924,-0.74136209,0.14698908,-0.65481007,0
3.8588331,-0.022126555,-0.52648258,0.67107952,0.15384981,-0.72524631,0
-0.13216639,-0.87694514,3.8398886,0.74136209,-0.14698908,0.65481007,0
1.6771793,1.4267098,2.3695474,0.74136209,-0.14698908,0.65481007,0
-3.6665895,-1.5303805,0.55076265,-0.67107952,-0.15384981,0.72524631,0
3.295826,1.6002463,-0.7969265,0.67107952,0.15384981,-0.72524631,0
-0.87797856,-2.0322883,-2.7204318,-0.0058609024,-0.97710001,-0.2126998,0
-0.15409946,2.8253508,-1.5934293,0.0058609024,0.97710001,0.2126998,0
-1.5846215,2.4048262,0.97535825,0.0058609024,0.97710001,0.2126998,0
-2.1753061,0.45441049,2.3499,-0.67107952,-0.15384981,0.72524631,0
-2.3565657,-1.7745857,1.5258689,-0.67107952,-0.15384981,0.72524631,0
2.3756249,-1.4055473,0.90738082,0.74136209,-0.14698908,0.65481007,0
-1.416255,-1.6192214,-2.4885006,-0.74136209,0.14698908,-0.65481007,0
-0.88701516,-2.5540226,-0.13218677,-0.0058609024,-0.97710001,-0.2126998,0
1.9165587,-2.6373558,-0.0038566589,-0.0058609024,-0.97710001,-0.2126998,0
3.1654611,2.3926206,-0.81733799,0.67107952,0.15384981,-0.72524631,0
0.44927549,-0.44745123,3.1205938,0.74136209,-0.14698908,0.65481007,0
3.2288606,-0.9836446,-1.3421664,0.67107952,0.15384981,-0.72524631,0
-3.7560194,-2.4859495,0.17220926,-0.67107952,-0.15384981,0.72524631,0
1.8405213,-0.8247143,1.4069235,0.74136209,-0.14698908,0.65481007,0
-0.0041434765,-1.7738962,-3.6783354,-0.0058609024,-0.97710001,-0.2126998,0
-2.4087167,-0.64630806,1.8584726,-0.67107952,-0.15384981,0.72524631,0
-2.4034119,2.329078,-0.67126179,-0.74136209,0.14698908,-0.65481007,0
-0.89128232,2.6103296,-2.1518281,-0.74136209,0.14698908,-0.65481007,0
-0.034883976,0.52566248,-3.5493855,-0.74136209,0.14698908,-0.65481007,0
-0.79744637,2.5859976,-0.53006554,0.0058609024,0.97710001,0.2126998,0
-1.0130475,-0.37486604,2.9996543,-0.67107952,-0.15384981,0.72524631,0
3.1344357,2.0097721,-0.93731117,0.67107952,0.15384981,-0.72524631,0
-1.2398465,1.2980278,3.3927546,-0.67107952,-0.15384981,0.72524631,0
1.8497286,-1.9145817,1.2725129,0.74136209,-0.14698908,0.65481007,0
1.9968235,-2.4778492,-0.11047864,-0.0058609024,-0.97710001,-0.2126998,0
3.8352795,-0.17136833,-0.46471596,0.74136209,-0.14698908,0.65481007,0
0.99771905,2.3338771,-2.8210464,0.67107952,0.15384981,-0.72524631,0
-2.3119211,-2.4801383,0.028418064,-0.0058609024,-0.97710001,-0.2126998,0
-1.9431596,1.4629657,2.7197273,-0.67107952,-0.15384981,0.72524631,0
-2.4444938,-1.088533,-1.4313418,-0.74136209,0.14698908,-0.65481007,0
2.4647372,-0.063478798,0.97133219,0.74136209,-0.14698908,0.65481007,0
3.7418995,1.6444936,0.070269585,0.74136209,-0.14698908,0.65481007,0
-2.488368,-2.604625,0.37657261,-0.0058609024,-0.97710001,-0.2126998,0
2.0247731,0.13838407,-2.2255311,0.67107952,0.15384981,-0.72524631,0
2.1028743,2.2586396,0.92866457,0.0058609024,0.97710001,0.2126998,0
-2.8613315,-2.2852075,0.92231631,-0.67107952,-0.15384981,0.72524631,0
-0.107319,-2.1842544,-1.4766141,-0.0058609024,-0.97710001,-0.2126998,0
-2.1839364,2.4121444,1.0938556,0.0058609024,0.97710001,0.2126998,0
-1.9182211,2.4052148,0.80712748,0.0058609024,0.97710001,0.2126998,0
1.6698415,-0.78241283,-2.7124982,0.67107952,0.15384981,-0.72524631,0
-2.1575944,-2.6541309,0.91298771,-0.0058609024,-0.97710001,-0.2126998,0
-1.7063868,-2.3364787,1.9612319,-0.67107952,-0.15384981,0.72524631,0
-0.11361057,2.6504264,-0.377334,0.0058609024,0.97710001,0.2126998,0
-2.7855017,-0.49966377,-0.65507102,-0.74136209,0.14698908,-0.65481007,0
2.651577,-0.18305746,-1.6922736,0.67107952,0.15384981,-0.72524631,0
-2.5259371,2.2158511,1.8664515,0.0058609024,0.97710001,0.2126998,0
1.4389539,-0.11165713,2.1744807,0.74136209,-0.14698908,0.65481007,0
0.31870294,2.8442202,-3.2334423,0.67107952,0.15384981,-0.72524631,0
0.71634626,2.512583,-2.9294977,0.67107952,0.15384981,-0.72524631,0
-0.82407689,0.71757245,3.5261378,-0.67107952,-0.15384981,0.72524631,0
-1.7540524,-2.0856137,1.9562378,-0.67107952,-0.15384981,0.72524631,0
-0.70973337,2.5351789,-0.18948364,0.0058609024,0.97710001,0.2126998,0
-0.018126205,-2.4461901,-0.58702892,-0.0058609024,-0.97710001,-0.2126998,0
-2.4082925,1.883442,-0.57535589,-0.74136209,0.14698908,-0.65481007,0
-1.8851597,-2.085108,-1.8347789,-0.0058609024,-0.97710001,-0.2126998,0
2.03654,-2.753176,0.66538906,-0.0058609024,-0.97710001,-0.2126998,0
-2.2102988,0.053372562,2.0284388,-0.67107952,-0.15384981,0.72524631,0
0.42004156,2.0610805,2.7421739,0.0058609024,0.97710001,0.2126998,0
-1.4927868,-0.45139956,2.78933,-0.67107952,-0.15384981,0.72524631,0
3.2415872,2.657928,-0.65504265,0.67107952,0.15384981,-0.72524631,0
-2.3707829,1.2993608,2.312577,-0.67107952,-0.15384981,0.72524631,0
1.2608171,1.6686301,-2.7346711,0.67107952,0.15384981,-0.72524631,0
2.4361227,-1.6791626,-2.1181827,0.67107952,0.15384981,-0.72524631,0
1.5013146,-2.3801179,1.5286266,0.74136209,-0.14698908,0.65481007,0
-3.3028657,-0.6529175,-0.28612876,-0.74136209,0.14698908,-0.65481007,0
-2.5196884,2.5286303,-0.34830928,-0.74136209,0.14698908,-0.65481007,0
2.8500609,0.82195228,0.86171794,0.74136209,-0.14698908,0.65481007,0
2.5687687,-0.16171432,-1.7558899,0.67107952,0.15384981,-0.72524631,0
1.6199052,1.9472151,2.3644624,0.74136209,-0.14698908,0.65481007,0
-2.2862682,-0.44539297,-1.4120359,-0.74136209,0.14698908,-0.65481007,0
3.6525674,0.46190318,-0.33051348,0.74136209,-0.14698908,0.65481007,0
-1.6408261,-0.26562521,2.5070958,-0.67107952,-0.15384981,0.72524631,0
-2.6550682,2.3210881,1.6173348,0.0058609024,0.97710001,0.2126998,0
2.859304,2.1139133,-1.045578,0.67107952,0.15384981,-0.72524631,0
1.3195404,-2.0588524,-2.4765363,-0.0058609024,-0.97710001,-0.2126998,0
0.60288787,0.84369075,-3.376061,0.67107952,0.15384981,-0.72524631,0
-2.7035241,1.1815333,1.9038441,-0.67107952,-0.15384981,0.72524631,0
-0.27900028,-2.3656611,3.4638836,-0.67107952,-0.15384981,0.72524631,0
-0.21038333,2.3622234,0.80968761,0.0058609024,0.97710001,0.2126998,0
2.5080986,-2.1317604,-1.9136436,-0.0058609024,-0.97710001,-0.2126998,0
0.44351196,-0.74513465,-4.0131445,0.67107952,0.15384981,-0.72524631,0
-1.1493449,-0.67202485,-2.5727148,-0.74136209,0.14698908,-0.65481007,0
-0.93450427,-3.1017272,2.5911915,-0.0058609024,-0.97710001,-0.2126998,0
2.2544541,1.4284229,1.6011128,0.74136209,-0.14698908,0.65481007,0
-2.2515197,-1.3376375,1.6461816,-0.67107952,-0.15384981,0.72524631,0
-0.41259551,0.77229512,-3.1192169,-0.74136209,0.14698908,-0.65481007,0
0.84219456,1.0646257,2.9733129,0.74136209,-0.14698908,0.65481007,0
-1.2623833,2.4404061,0.56982756,0.0058609024,0.97710001,0.2126998,0
0.98039281,-2.1180475,-1.6272717,-0.0058609024,-0.97710001,-0.2126998,0
-3.185611,-1.4138105,0.93703794,-0.67107952,-0.15384981,0.72524631,0
0.55150294,-2.068222,-2.7264333,-0.0058609024,-0.97710001,-0.2126998,0
-1.2199033,-2.2709639,2.6030898,-0.67107952,-0.15384981,0.72524631,0
2.9023564,2.4455962,0.033685923,0.0058609024,0.97710001,0.2126998,0
-0.45552135,1.149251,3.8681259,-0.67107952,-0.15384981,0.72524631,0
0.83550918,2.4439764,0.39733541,0.0058609024,0.97710001,0.2126998,0
-0.12363243,-0.23749453,-3.6864679,-0.74136209,0.14698908,-0.65481007,0
-2.7844329,2.4066379,0.32648611,0.0058609024,0.97710001,0.2126998,0
2.0471425,-1.3809696,1.0493264,0.74136209,-0.14698908,0.65481007,0
1.6188447,2.5453618,0.084971786,0.0058609024,0.97710001,0.2126998,0
1.9689593,2.4420981,-1.7373745,0.67107952,0.15384981,-0.72524631,0
-1.4837394,-1.013869,-2.4528289,-0.74136209,0.14698908,-0.65481007,0
2.3205805,-1.6632662,0.68816316,0.74136209,-0.14698908,0.65481007,0
-0.2182436,-1.008975,-3.923522,-0.74136209,0.14698908,-0.65481007,0
-1.7936498,-2.454263,1.9104557,-0.67107952,-0.15384981,0.72524631,0
-2.8102272,-1.9366171,1.0285015,-0.67107952,-0.15384981,0.72524631,0
-0.94288206,-3.1258492,2.202075,-0.0058609024,-0.97710001,-0.2126998,0
1.0836463,2.2498598,-2.7650933,0.67107952,0.15384981,-0.72524631,0
-0.031364918,-3.0308151,3.1883941,0.74136209,-0.14698908,0.65481007,0
-1.4125865,0.42675179,-2.0618172,-0.74136209,0.14698908,-0.65481007,0
1.9370323,2.8511419,-1.7068508,0.67107952,0.15384981,-0.72524631,0
1.910905,-2.5326581,0.02534163,-0.0058609024,-0.97710001,-0.2126998,0
-2.1448832,2.6256676,-0.78117967,-0.74136209,0.14698908,-0.65481007,0
-3.3631325,-0.50511509,-0.085890055,-0.74136209,0.14698908,-0.65481007,0
-1.6048121,-1.8842118,-2.3149133,-0.74136209,0.14698908,-0.65481007,0
-1.3253834,1.1111042,3.2669888,-0.67107952,-0.15384981,0.72524631,0
2.3618615,-0.97012436,-2.2748988,0.67107952,0.15384981,-0.72524631,0
3.1990275,2.5010908,0.1858077,0.0058609024,0.97710001,0.2126998,0
0.74835944,-1.1850693,-3.8191006,0.67107952,0.15384981,-0.72524631,0
3.8047466,1.3834082,-0.16058016,0.74136209,-0.14698908,0.65481007,0
-1.4149716,-0.36190125,-2.3332701,-0.74136209,0.14698908,-0.65481007,0
1.8058031,-0.037002504,1.6437392,0.74136209,-0.14698908,0.65481007,0
-0.55990887,1.7505013,3.8942797,0.0058609024,0.97710001,0.2126998,0
1.2986047,-1.2971926,2.0342789,0.74136209,-0.14698908,0.65481007,0
-2.5724649,-2.0654173,-1.3712685,-0.74136209,0.14698908,-0.65481007,0
-1.0562921,-0.35890037,3.1411872,-0.67107952,-0.15384981,0.72524631,0
2.014044,2.1010852,-1.9163833,0.67107952,0.15384981,-0.72524631,0
2.6341212,2.778753,-0.63902903,0.0058609024,0.97710001,0.2126998,0
-0.087226391,0.34431595,-3.748333,-0.74136209,0.14698908,-0.65481007,0
-3.2608886,0.073652491,-0.19028616,-0.74136209,0.14698908,-0.65481007,0
3.3653793,1.7052042,0.37762237,0.74136209,-0.14698908,0.65481007,0
-2.2606945,2.5541205,0.42404461,0.0058609024,0.97710001,0.2126998,0
0.69086623,3.1487019,-2.4665666,0.0058609024,0.97710001,0.2126998,0
0.27533305,-2.8546736,0.98952484,-0.0058609024,-0.97710001,-0.2126998,0
1.9436061,2.2452753,-1.9702897,0.67107952,0.15384981,-0.72524631,0
1.6682426,2.5950599,0.11103439,0.0058609024,0.97710001,0.2126998,0
-0.14472818,1.6040565,-3.3732328,-0.74136209,0.14698908,-0.65481007,0
-0.82634664,-2.1602609,-2.0347781,-0.0058609024,-0.97710001,-0.2126998,0
2.7640066,1.0117582,-1.4363892,0.67107952,0.15384981,-0.72524631,0
-0.58278847,2.277492,1.5189229,0.0058609024,0.97710001,0.2126998,0
1.2114966,2.9250484,-1.7889998,0.0058609024,0.97710001,0.2126998,0
-3.5620756,-0.39886111,0.67849636,-0.67107952,-0.15384981,0.72524631,0
2.279784,-2.0333912,0.6616497,0.74136209,-0.14698908,0.65481007,0
-2.6059072,-2.5028446,-0.21209836,-0.0058609024,-0.97710001,-0.2126998,0
3.4996629,-0.18792471,-0.3347168,0.74136209,-0.14698908,0.65481007,0
-0.37734127,-1.7992513,3.3475156,-0.67107952,-0.15384981,0.72524631,0
-1.3621759,-1.2166983,-2.6161163,-0.74136209,0.14698908,-0.65481007,0
1.8198617,1.763082,2.271884,0.74136209,-0.14698908,0.65481007,0
-0.62647176,-1.4707721,-3.3320723,-0.74136209,0.14698908,-0.65481007,0
0.1629616,-2.0681782,-2.0952275,-0.0058609024,-0.97710001,-0.2126998,0
-0.67466235,1.9802023,2.9487791,0.0058609024,0.97710001,0.2126998,0
3.5559707,1.7896163,-0.45734882,0.67107952,0.15384981,-0.72524631,0
2.7206445,-0.21561393,-1.5866334,0.67107952,0.15384981,-0.72524631,0
2.4238687,-0.57116193,-1.9635944,0.67107952,0.15384981,-0.72524631,0
-0.76045156,-3.0953193,2.7283187,-0.67107952,-0.15384981,0.72524631,0
-0.023068905,2.8466494,-3.1748614,-0.74136209,0.14698908,-0.65481007,0
0.90819693,2.7933712,-1.14709,0.0058609024,0.97710001,0.2126998,0
1.4941459,2.4282563,-2.1832962,0.67107952,0.15384981,-0.72524631,0
0.71723413,1.5495243,-3.0666068,0.67107952,0.15384981,-0.72524631,0
1.3165758,1.5594978,2.5928648,0.74136209,-0.14698908,0.65481007,0
-2.9387817,2.197268,1.6142311,0.0058609024,0.97710001,0.2126998,0
-2.2403884,2.176245,1.997822,0.0058609024,0.97710001,0.2126998,0
-0.46916461,1.8389755,3.0088983,0.0058609024,0.97710001,0.2126998,0
-0.46421266,2.1070616,2.3565164,0.0058609024,0.97710001,0.2126998,0
-2.1458352,-1.0018479,1.8772948,-0.67107952,-0.15384981,0.72524631,0
1.0421255,0.68658733,-3.1314085,0.67107952,0.15384981,-0.72524631,0
0.57398337,-2.6292651,0.084505528,-0.0058609024,-0.97710001,-0.2126998,0
-2.1291335,1.7265897,-0.96828234,-0.74136209,0.14698908,-0.65481007,0
-0.13797998,-1.7111378,-3.9890423,-0.0058609024,-0.97710001,-0.2126998,0
3.7169068,-1.1087565,-0.96088552,0.67107952,0.15384981,-0.72524631,0
0.78816354,-2.8110535,1.0029857,-0.0058609024,-0.97710001,-0.2126998,0
-0.16698384,3.1730187,-2.6749101,0.0058609024,0.97710001,0.2126998,0
-3.2574787,1.9697169,1.6219611,-0.67107952,-0.15384981,0.72524631,0
-3.1255388,2.0276906,0.17371941,-0.74136209,0.14698908,-0.65481007,0
1.5257239,-2.4658597,-0.013980865,-0.0058609024,-0.97710001,-0.2126998,0
3.2160163,-0.13863009,0.1548388,0.74136209,-0.14698908,0.65481007,0
-1.6507981,-2.041729,2.08532,-0.67107952,-0.15384981,0.72524631,0
1.3341111,2.4801407,0.19846547,0.0058609024,0.97710001,0.2126998,0
-0.68442607,2.9983962,-2.0341434,0.0058609024,0.97710001,0.2126998,0
1.3849674,1.8123136,-2.5380249,0.67107952,0.15384981,-0.72524631,0
0.83551669,-1.9145718,2.5544784,0.74136209,-0.14698908,0.65481007,0
-3.3217707,1.2672696,0.22364974,-0.74136209,0.14698908,-0.65481007,0
-3.0236943,-1.2930348,1.0258114,-0.67107952,-0.15384981,0.72524631,0
1.692946,2.2695115,1.3589457,0.0058609024,0.97710001,0.2126998,0
1.6179795,1.6757057,-2.3909764,0.67107952,0.15384981,-0.72524631,0
1.9233389,-1.3526572,-2.7302146,0.67107952,0.15384981,-0.72524631,0
-1.6732011,2.7879937,-1.3765076,-0.74136209,0.14698908,-0.65481007,0
0.73906898,-1.4166342,-3.8656211,0.67107952,0.15384981,-0.72524631,0
0.075518608,0.29575145,3.8980305,0.74136209,-0.14698908,0.65481007,0
-2.1904359,-1.7651119,1.7464347,-0.67107952,-0.15384981,0.72524631,0
-0.0039415359,-0.98901218,-4.1822662,-0.74136209,0.14698908,-0.65481007,0
2.2647374,0.66088754,1.4470067,0.74136209,-0.14698908,0.65481007,0
-0.064344883,-1.164597,-4.0518837,-0.74136209,0.14698908,-0.65481007,0
1.5596628,0.76902097,-2.6339982,0.67107952,0.15384981,-0.72524631,0
1.3285739,-2.9512172,1.3178815,-0.0058609024,-0.97710001,-0.2126998,0
0.44938159,-1.5709425,-3.9351037,0.67107952,0.15384981,-0.72524631,0
0.46718144,-2.1944737,-2.1414135,-0.0058609024,-0.97710001,-0.2126998,0
-1.0824219,-2.5664752,-0.15289104,-0.0058609024,-0.97710001,-0.2126998,0
0.84541965,-1.6372544,-3.7926672,0.67107952,0.15384981,-0.72524631,0
1.0184366,2.8337476,-1.6775773,0.0058609024,0.97710001,0.2126998,0
-0.68245625,3.1561015,-2.3669078,0.0058609024,0.97710001,0.2126998,0
2.3971484,-0.52569449,-1.9832339,0.67107952,0.15384981,-0.72524631,0
1.011459,3.078723,-2.0486813,0.0058609024,0.97710001,0.2126998,0
-3.337178,-2.4820757,0.53288746,-0.67107952,-0.15384981,0.72524631,0
1.2304556,-1.3517513,-3.1997933,0.67107952,0.15384981,-0.72524631,0
0.48800516,-2.5042529,2.6012423,0.74136209,-0.14698908,0.65481007,0
-1.8814639,-0.55989891,2.1477661,-0.67107952,-0.15384981,0.72524631,0
0.35098046,2.7513623,-0.73361933,0.0058609024,0.97710001,0.2126998,0
1.323828,-2.7847395,1.0363724,-0.0058609024,-0.97710001,-0.2126998,0
-1.141355,2.7843354,-0.57299101,0.0058609024,0.97710001,0.2126998,0
0.2545166,1.771858,3.9290438,0.0058609024,0.97710001,0.2126998,0
2.5586092,-0.64932811,-1.8403316,0.67107952,0.15384981,-0.72524631,0
-1.1228971,1.2966858,3.3525443,-0.67107952,-0.15384981,0.72524631,0
1.4280488,1.4635944,-2.4222798,0.67107952,0.15384981,-0.72524631,0
-3.7926853,1.3774602,0.69542742,-0.74136209,0.14698908,-0.65481007,0
-3.0557902,2.0257988,1.6498423,-0.67107952,-0.15384981,0.72524631,0
-1.0554527,1.9928346,2.3838816,0.0058609024,0.97710001,0.2126998,0
3.8729968,0.36726195,-0.58522701,0.67107952,0.15384981,-0.72524631,0
-0.058299273,2.4615419,0.059666105,0.0058609024,0.97710001,0.2126998,0
1.049098,-1.1689858,2.3298843,0.74136209,-0.14698908,0.65481007,0
-0.62374663,2.9055185,-2.4824336,-0.74136209,0.14698908,-0.65481007,0
-2.7377353,0.21117446,-0.68598938,-0.74136209,0.14698908,-0.65481007,0
-0.95481384,-2.1077349,-1.6049066,-0.0058609024,-0.97710001,-0.2126998,0
-0.26555502,2.6655767,-0.83657342,0.0058609024,0.97710001,0.2126998,0
1.0628979,-1.3226333,-3.3739624,0.67107952,0.15384981,-0.72524631,0
-2.815124,2.5240071,0.266572,0.0058609024,0.97710001,0.2126998,0
-1.491354,-2.0963731,-2.1021423,-0.0058609024,-0.97710001,-0.2126998,0
-1.2952766,1.2338877,3.1082501,-0.67107952,-0.15384981,0.72524631,0
0.26003981,1.1046666,-3.7086987,0.67107952,0.15384981,-0.72524631,0
0.8579663,-2.6836438,0.90585572,-0.0058609024,-0.97710001,-0.2126998,0
1.6589196,1.5458192,-2.2071884,0.67107952,0.15384981,-0.72524631,0
-0.92028415,2.0160322,2.1058564,0.0058609024,0.97710001,0.2126998,0
3.1314254,2.6834598,-0.71908188,0.67107952,0.15384981,-0.72524631,0
-2.7109897,0.3895106,1.7160194,-0.67107952,-0.15384981,0.72524631,0
2.4913089,-1.744347,0.54083371,0.74136209,-0.14698908,0.65481007,0
0.4937973,-1.0669472,-3.8224866,0.67107952,0.15384981,-0.72524631,0
-1.3530247,0.12911509,-2.3052497,-0.74136209,0.14698908,-0.65481007,0
3.4705565,2.1493676,-0.55966902,0.67107952,0.15384981,-0.72524631,0
-1.8191209,0.17267889,-1.7646875,-0.74136209,0.14698908,-0.65481007,0
1.347682,-2.3296461,-1.4447168,-0.0058609024,-0.97710001,-0.2126998,0
-3.4637268,0.5661509,0.24183178,-0.74136209,0.14698908,-0.65481007,0
-1.136498,-2.2481387,2.5014982,-0.67107952,-0.15384981,0.72524631,0
-1.1675025,-3.0391126,2.3075981,-0.0058609024,-0.97710001,-0.2126998,0
-0.24261141,0.94003242,-3.245481,-0.74136209,0.14698908,-0.65481007,0
-2.3216937,-0.62159044,-1.3531975,-0.74136209,0.14698908,-0.65481007,0
-1.901372,-2.2651799,1.7786851,-0.67107952,-0.15384981,0.72524631,0
-1.6034523,-2.5709004,0.45666671,-0.0058609024,-0.97710001,-0.2126998,0
-2.1237638,2.0677025,-0.99037039,-0.74136209,0.14698908,-0.65481007,0
2.2410698,0.69613355,-1.9849839,0.67107952,0.15384981,-0.72524631,0
-1.5054075,-2.9674611,1.4787428,-0.0058609024,-0.97710001,-0.2126998,0
2.5553985,1.2775533,1.0900216,0.74136209,-0.14698908,0.65481007,0
-0.17542815,-2.8466964,1.7631681,-0.0058609024,-0.97710001,-0.2126998,0
3.620867,0.38500753,-0.2280612,0.74136209,-0.14698908,0.65481007,0
-3.4035478,-1.2901602,-0.14634013,-0.74136209,0.14698908,-0.65481007,0
0.32515836,-3.0856614,2.2454863,-0.0058609024,-0.97710001,-0.2126998,0
-0.52897716,-3.2559791,2.7524452,-0.0058609024,-0.97710001,-0.2126998,0
-0.23702765,2.4333758,-3.0666628,-0.74136209,0.14698908,-0.65481007,0
-2.1283853,-1.8166928,-1.886536,-0.74136209,0.14698908,-0.65481007,0
2.4700186,2.6108923,-0.3932941,0.0058609024,0.97710001,0.2126998,0
2.7075334,-1.613073,-1.9556069,0.67107952,0.15384981,-0.72524631,0
0.17211136,2.4641793,0.31859994,0.0058609024,0.97710001,0.2126998,0
1.3750169,1.3871663,2.6537957,0.74136209,-0.14698908,0.65481007,0
-2.6065283,-0.44719917,-0.97617126,-0.74136209,0.14698908,-0.65481007,0
-2.8801537,0.054403678,-0.41915274,-0.74136209,0.14698908,-0.65481007,0
2.790513,2.6759052,-0.46150756,0.0058609024,0.97710001,0.2126998,0
2.6772985,1.5794058,-1.2201047,0.67107952,0.15384981,-0.72524631,0
2.6787567,-2.0742807,-2.1238372,0.67107952,0.15384981,-0.72524631,0
1.2650743,2.9324801,-2.0463431,0.0058609024,0.97710001,0.2126998,0
2.4497876,0.86916453,-1.7133689,0.67107952,0.15384981,-0.72524631,0
1.6075001,2.2616334,-2.1694434,0.67107952,0.15384981,-0.72524631,0
1.0470419,2.8707092,-1.1556011,0.0058609024,0.97710001,0.2126998,0
-1.8575102,-2.6163478,0.5861938,-0.0058609024,-0.97710001,-0.2126998,0
3.182471,-0.31032535,-1.2740784,0.67107952,0.15384981,-0.72524631,0
1.330111,-1.9770856,-2.7199864,-0.0058609024,-0.97710001,-0.2126998,0
-0.13696671,1.6394422,4.2295322,0.0058609024,0.97710001,0.2126998,0
0.8416146,2.2425907,1.6061652,0.0058609024,0.97710001,0.2126998,0
2.8766761,2.3741581,-1.0250952,0.67107952,0.15384981,-0.72524631,0
3.4488039,-2.247081,-0.64062166,0.74136209,-0.14698908,0.65481007,0
-0.21301207,-2.5999665,0.02766645,-0.0058609024,-0.97710001,-0.2126998,0
0.58814788,2.9346554,-2.1461883,0.0058609024,0.97710001,0.2126998,0
-0.88763547,2.8371608,-1.2737974,0.0058609024,0.97710001,0.2126998,0
2.31074,1.7001126,1.7080511,0.74136209,-0.14698908,0.65481007,0
-0.97996008,-2.2327108,-1.5313586,-0.0058609024,-0.97710001,-0.2126998,0
1.3686273,-0.87789619,-3.0587261,0.67107952,0.15384981,-0.72524631,0
-2.7588463,-0.48062071,-0.85346556,-0.74136209,0.14698908,-0.65481007,0
0.73798561,-1.5313905,2.5750542,0.74136209,-0.14698908,0.65481007,0
0.75257009,-2.4245019,-0.64743406,-0.0058609024,-0.97710001,-0.2126998,0
2.263916,-2.1788824,-1.3747559,-0.0058609024,-0.97710001,-0.2126998,0
-1.7768639,1.7306926,2.7850344,-0.67107952,-0.15384981,0.72524631,0
-0.052649975,1.8272295,3.6095901,0.0058609024,0.97710001,0.2126998,0
0.70172954,-0.054834247,-3.5134444,0.67107952,0.15384981,-0.72524631,0
3.7014327,0.35774875,-0.20340014,0.74136209,-0.14698908,0.65481007,0
-1.1700171,0.50852621,3.11376,-0.67107952,-0.15384981,0.72524631,0
0.33134627,-2.0652652,2.9969912,0.74136209,-0.14698908,0.65481007,0
1.1141679,0.79753739,-2.8858273,0.67107952,0.15384981,-0.72524631,0
-2.1879528,-2.5733399,0.22326016,-0.0058609024,-0.97710001,-0.2126998,0
0.29951191,1.9878601,2.5235715,0.0058609024,0.97710001,0.2126998,0
0.37498152,-1.9557383,-2.4174511,-0.0058609024,-0.97710001,-0.2126998,0
3.4761946,-0.61411029,-0.14589071,0.74136209,-0.14698908,0.65481007,0
1.251641,1.9125504,2.7934637,0.0058609024,0.97710001,0.2126998,0
0.31833935,0.24172407,3.4746935,0.74136209,-0.14698908,0.65481007,0
-0.2312479,1.4310584,-3.2665482,-0.74136209,0.14698908,-0.65481007,0
-0.05614996,-0.98656666,3.5480027,0.74136209,-0.14698908,0.65481007,0
-3.2027764,-1.2541736,1.0216565,-0.67107952,-0.15384981,0.72524631,0
-1.7692308,-2.743531,1.0803628,-0.0058609024,-0.97710001,-0.2126998,0
0.39523816,-2.2830944,2.7330296,0.74136209,-0.14698908,0.65481007,0
3.5298088,-1.3895553,-1.2993851,0.67107952,0.15384981,-0.72524631,0
-3.208148,-0.53452909,1.130939,-0.67107952,-0.15384981,0.72524631,0
-0.79307294,-2.9483402,2.6453466,-0.67107952,-0.15384981,0.72524631,0
-2.6234233,-0.33223337,1.7167709,-0.67107952,-0.15384981,0.72524631,0
-1.912744,-2.2493541,-1.1241763,-0.0058609024,-0.97710001,-0.2126998,0
2.4893563,-0.69339734,-2.1095555,0.67107952,0.15384981,-0.72524631,0
0.9262538,2.0030029,-2.8350408,0.67107952,0.15384981,-0.72524631,0
-1.3218601,0.18844938,-2.2010865,-0.74136209,0.14698908,-0.65481007,0
3.5876157,0.89621925,-0.11785507,0.74136209,-0.14698908,0.65481007,0
-2.4043417,1.2250655,2.1473801,-0.67107952,-0.15384981,0.72524631,0
0.48871899,-1.717113,-3.9242744,-0.0058609024,-0.97710001,-0.2126998,0
-0.21535826,-0.11615676,3.9629993,-0.67107952,-0.15384981,0.72524631,0
3.0354955,1.5027004,-0.94451809,0.67107952,0.15384981,-0.72524631,0
-2.6713886,1.7492458,1.9433429,-0.67107952,-0.15384981,0.72524631,0
0.24802926,-2.5063505,-0.03052374,-0.0058609024,-0.97710001,-0.2126998,0
2.321573,2.6031001,0.18262792,0.0058609024,0.97710001,0.2126998,0
1.1963524,-0.55460012,-3.0851998,0.67107952,0.15384981,-0.72524631,0
1.8323324,-2.2095096,1.1763916,0.74136209,-0.14698908,0.65481007,0
1.9946773,1.0448662,-1.9492393,0.67107952,0.15384981,-0.72524631,0
1.6936069,1.5915717,2.3460531,0.74136209,-0.14698908,0.65481007,0
-2.3944256,-0.78985977,1.7833631,-0.67107952,-0.15384981,0.72524631,0
-2.2708111,2.1532414,1.7612584,0.0058609024,0.97710001,0.2126998,0
0.3151927,-2.7905145,0.6171481,-0.0058609024,-0.97710001,-0.2126998,0
-0.29222608,-0.49795866,3.6926498,-0.67107952,-0.15384981,0.72524631,0
-1.2319534,1.6191344,-2.0193388,-0.74136209,0.14698908,-0.65481007,0
2.3219008,2.2181919,1.047838,0.0058609024,0.97710001,0.2126998,0
-0.86630368,1.8673148,3.416007,0.0058609024,0.97710001,0.2126998,0
0.75177652,-2.24247,-1.2314639,-0.0058609024,-0.97710001,-0.2126998,0
-0.91604257,2.9390206,-2.1991296,-0.74136209,0.14698908,-0.65481007,0
-1.197152,2.4188211,0.29139781,0.0058609024,0.97710001,0.2126998,0
-2.6440639,-0.87342858,1.5305312,-0.67107952,-0.15384981,0.72524631,0
-1.1541502,2.9005101,-1.6093967,0.0058609024,0.97710001,0.2126998,0
-0.33543921,-0.94536549,-3.6268973,-0.74136209,0.14698908,-0.65481007,0
1.8436323,0.91893542,-2.2106504,0.67107952,0.15384981,-0.72524631,0
-2.6541917,-2.4786477,0.12771368,-0.0058609024,-0.97710001,-0.2126998,0
-0.38673306,-0.68753093,-3.5805187,-0.74136209,0.14698908,-0.65481007,0
-0.27761835,2.5333173,0.52330631,0.0058609024,0.97710001,0.2126998,0
-2.5730553,-2.7940171,0.77884316,-0.0058609024,-0.97710001,-0.2126998,0
2.5888047,-2.3800025,-1.282671,-0.0058609024,-0.97710001,-0.2126998,0
3.7533937,0.71976483,-0.33600283,0.74136209,-0.14698908,0.65481007,0
0.6929853,-1.0559816,-3.673636,0.67107952,0.15384981,-0.72524631,0
3.3598678,0.15428601,-0.030130148,0.74136209,-0.14698908,0.65481007,0
-1.3637844,-0.73960525,2.6954875,-0.67107952,-0.15384981,0.72524631,0
-0.0678339,-1.9741864,-3.1360064,-0.0058609024,-0.97710001,-0.2126998,0
-2.3808424,-0.35036713,1.9721138,-0.67107952,-0.15384981,0.72524631,0
2.9632289,2.2641687,-0.88977361,0.67107952,0.15384981,-0.72524631,0
2.4846029,2.4992371,-1.2241302,0.67107952,0.15384981,-0.72524631,0
-2.9924359,-0.16986895,1.2527268,-0.67107952,-0.15384981,0.72524631,0
-1.9840039,0.17342722,2.2965415,-0.67107952,-0.15384981,0.72524631,0
-2.367712,-1.5766519,1.5930629,-0.67107952,-0.15384981,0.72524631,0
0.62759745,2.9693475,-1.5750332,0.0058609024,0.97710001,0.2126998,0
-2.8601742,-0.62676269,-0.81586456,-0.74136209,0.14698908,-0.65481007,0
0.75194907,-0.92835331,-3.6722002,0.67107952,0.15384981,-0.72524631,0
1.2679077,-1.0908414,-3.2255414,0.67107952,0.15384981,-0.72524631,0
-3.0124545,0.60255182,-0.3768084,-0.74136209,0.14698908,-0.65481007,0
-1.3869545,0.70694548,-2.0071969,-0.74136209,0.14698908,-0.65481007,0
-3.3877089,1.2607487,1.2757936,-0.67107952,-0.15384981,0.72524631,0
-2.611496,1.1465099,-0.74216807,-0.74136209,0.14698908,-0.65481007,0
1.6756346,-0.17943954,1.8130107,0.74136209,-0.14698908,0.65481007,0
3.6042478,1.6924256,-0.53707457,0.67107952,0.15384981,-0.72524631,0
2.6757338,-0.083152264,-1.6593895,0.67107952,0.15384981,-0.72524631,0
-2.5247259,1.0757374,-0.65722072,-0.74136209,0.14698908,-0.65481007,0
-3.2899384,0.84692353,1.1542273,-0.67107952,-0.15384981,0.72524631,0
-1.5930439,-0.73089814,2.3801975,-0.67107952,-0.15384981,0.72524631,0
-1.5892144,1.9083295,2.5661592,0.0058609024,0.97710001,0.2126998,0
2.2174618,-0.49347252,-2.2932248,0.67107952,0.15384981,-0.72524631,0
2.1019855,-2.7635329,0.71549904,-0.0058609024,-0.97710001,-0.2126998,0
1.7133446,2.1063204,1.7422934,0.0058609024,0.97710001,0.2126998,0
2.7661841,2.3879614,0.64861274,0.0058609024,0.97710001,0.2126998,0
-2.3029072,-2.2565422,-1.5047714,-0.0058609024,-0.97710001,-0.2126998,0
-0.57961273,0.5105409,-3.1110339,-0.74136209,0.14698908,-0.65481007,0
1.3452075,-2.4995046,1.8381357,0.74136209,-0.14698908,0.65481007,0
0.26388478,-1.9383686,-2.5989962,-0.0058609024,-0.97710001,-0.2126998,0
-2.6625896,-2.7621646,0.67652392,-0.0058609024,-0.97710001,-0.2126998,0
1.8935449,0.40625507,-2.3727241,0.67107952,0.15384981,-0.72524631,0
-0.58450967,-2.8473599,0.93814301,-0.0058609024,-0.97710001,-0.2126998,0
-0.88904941,-2.3228991,-0.76271176,-0.0058609024,-0.97710001,-0.2126998,0
1.5534787,1.1067343,-2.4281304,0.67107952,0.15384981,-0.72524631,0
0.23729324,0.27716136,3.7127087,0.74136209,-0.14698908,0.65481007,0
-0.67096615,1.3204442,-2.6451852,-0.74136209,0.14698908,-0.65481007,0
-1.9869853,2.1328332,2.0952299,0.0058609024,0.97710001,0.2126998,0
-0.60832787,2.7518897,-2.6309152,-0.74136209,0.14698908,-0.65481007,0
-2.7943196,2.4005868,-0.063869238,-0.74136209,0.14698908,-0.65481007,0
2.8967235,2.608623,-0.82357121,0.67107952,0.15384981,-0.72524631,0
3.2177119,-2.2065237,-0.41363144,0.74136209,-0.14698908,0.65481007,0
-0.31072474,-1.4053783,-3.8199894,-0.74136209,0.14698908,-0.65481007,0
-2.7845209,-0.79937613,1.524965,-0.67107952,-0.15384981,0.72524631,0
0.063607693,-0.076673985,-3.9063706,-0.74136209,0.14698908,-0.65481007,0
-1.4416944,-1.3233576,2.4473059,-0.67107952,-0.15384981,0.72524631,0
3.093657,-1.5659642,-0.13108945,0.74136209,-0.14698908,0.65481007,0
-1.7560819,2.0188811,2.1883073,0.0058609024,0.97710001,0.2126998,0
3.827584,2.188714,-0.14050674,0.74136209,-0.14698908,0.65481007,0
0.5624125,2.9575558,-2.0761213,0.0058609024,0.97710001,0.2126998,0
-0.38889503,-1.6292598,-3.6993194,-0.74136209,0.14698908,-0.65481007,0
-2.126662,-2.5749958,0.14587259,-0.0058609024,-0.97710001,-0.2126998,0
-2.3394406,0.52854717,1.9957108,-0.67107952,-0.15384981,0.72524631,0
-0.89318037,-1.3151042,-3.0700016,-0.74136209,0.14698908,-0.65481007,0
-3.3324087,-2.5530391,0.29959774,-0.0058609024,-0.97710001,-0.2126998,0
-1.7116306,2.3441532,0.65767515,0.0058609024,0.97710001,0.2126998,0
3.0027361,1.4508786,-0.98687315,0.67107952,0.15384981,-0.72524631,0
2.7665768,-2.3731198,-1.1522713,-0.0058609024,-0.97710001,-0.2126998,0
1.3782516,0.96644747,-2.6747918,0.67107952,0.15384981,-0.72524631,0
-0.25362396,-1.0817425,3.760349,-0.67107952,-0.15384981,0.72524631,0
3.4587662,-1.0542204,-0.42319965,0.74136209,-0.14698908,0.65481007,0
0.73650479,-0.51868862,-3.5504613,0.67107952,0.15384981,-0.72524631,0
0.33174324,1.386099,-3.6421676,0.67107952,0.15384981,-0.72524631,0
0.42082614,2.4109123,0.49715799,0.0058609024,0.97710001,0.2126998,0
0.53296465,2.5912685,0.0026213527,0.0058609024,0.97710001,0.2126998,0
3.1775298,1.7222155,-0.78619337,0.67107952,0.15384981,-0.72524631,0
-2.3996401,-2.5509989,-0.061355352,-0.0058609024,-0.97710001,-0.2126998,0
-2.0222385,-0.87460524,-1.6701417,-0.74136209,0.14698908,-0.65481007,0
0.43088675,-1.7331896,2.8635426,0.74136209,-0.14698908,0.65481007,0
-2.3456244,1.8520617,2.3207834,-0.67107952,-0.15384981,0.72524631,0
3.1372094,-0.2209316,0.28418469,0.74136209,-0.14698908,0.65481007,0
2.2797973,0.73891234,-1.9961009,0.67107952,0.15384981,-0.72524631,0
-3.0058186,-0.43234819,-0.57991409,-0.74136209,0.14698908,-0.65481007,0
0.51264977,1.1109529,-3.4864616,0.67107952,0.15384981,-0.72524631,0
-0.12588835,-1.7203875,3.5907736,-0.67107952,-0.15384981,0.72524631,0
-1.0799208,2.2172832,1.8443222,0.0058609024,0.97710001,0.2126998,0
-1.5830064,-2.6422319,2.038255,-0.67107952,-0.15384981,0.72524631,0
-3.315062,-0.26903015,-0.27396774,-0.74136209,0.14698908,-0.65481007,0
2.8190274,0.40819794,0.62139535,0.74136209,-0.14698908,0.65481007,0
0.35069716,2.2286427,1.3821557,0.0058609024,0.97710001,0.2126998,0
-0.22990036,-1.4021578,-3.9552584,-0.74136209,0.14698908,-0.65481007,0
-2.9392729,-2.6338816,0.51308227,-0.0058609024,-0.97710001,-0.2126998,0
1.2649002,-2.4269481,-0.79361308,-0.0058609024,-0.97710001,-0.2126998,0
-0.43944311,-2.4484098,-0.58322746,-0.0058609024,-0.97710001,-0.2126998,0
-3.7231808,-2.51037,0.19450474,-0.67107952,-0.15384981,0.72524631,0
1.6608133,-1.3293635,1.7329352,0.74136209,-0.14698908,0.65481007,0
2.8311658,-0.098251075,0.46309495,0.74136209,-0.14698908,0.65481007,0
2.6898727,1.3347874,-1.237417,0.67107952,0.15384981,-0.72524631,0
-1.1841955,-1.9252592,-2.4409828,-0.0058609024,-0.97710001,-0.2126998,0
2.3258929,2.761431,-1.2372286,0.0058609024,0.97710001,0.2126998,0
1.8524117,-1.5721273,-2.6665978,0.67107952,0.15384981,-0.72524631,0
0.53163165,-2.1957929,-1.6798563,-0.0058609024,-0.97710001,-0.2126998,0
-0.051922321,-0.15477115,3.8844719,0.74136209,-0.14698908,0.65481007,0
3.7005496,0.89547372,-0.55903101,0.67107952,0.15384981,-0.72524631,0
0.47116494,-1.5546062,-3.9651704,0.67107952,0.15384981,-0.72524631,0
-0.13939857,-1.9386693,-2.9360502,-0.0058609024,-0.97710001,-0.2126998,0
-3.5024736,2.1090653,0.55256271,-0.74136209,0.14698908,-0.65481007,0
-2.8950496,2.0407138,-0.070057869,-0.74136209,0.14698908,-0.65481007,0
0.3728919,2.842437,-1.1336273,0.0058609024,0.97710001,0.2126998,0
0.31085539,-1.9074295,-2.7267146,-0.0058609024,-0.97710001,-0.2126998,0
1.2454195,-0.19324493,2.3491244,0.74136209,-0.14698908,0.65481007,0
-0.99666834,0.19046953,-2.5400233,-0.74136209,0.14698908,-0.65481007,0
3.0700631,0.40648186,0.28792882,0.74136209,-0.14698908,0.65481007,0
-1.0600944,0.52934855,3.2816386,-0.67107952,-0.15384981,0.72524631,0
-1.3293027,-2.7460334,0.48949373,-0.0058609024,-0.97710001,-0.2126998,0
-3.2242582,0.088686168,1.0398202,-0.67107952,-0.15384981,0.72524631,0
2.2812471,0.04033953,-2.0407164,0.67107952,0.15384981,-0.72524631,0
-3.0512259,-0.79516292,-0.43039465,-0.74136209,0.14698908,-0.65481007,0
-1.8231039,2.5739539,-1.3251883,-0.74136209,0.14698908,-0.65481007,0
-1.7431774,2.2634072,1.5938427,0.0058609024,0.97710001,0.2126998,0
0.15974379,-1.7947595,3.3251281,0.74136209,-0.14698908,0.65481007,0
-0.076610804,-1.8100352,-3.6240165,-0.0058609024,-0.97710001,-0.2126998,0
0.7770009,-2.0584109,-2.0950618,-0.0058609024,-0.97710001,-0.2126998,0
-3.5852087,2.3247905,0.86244917,-0.74136209,0.14698908,-0.65481007,0
-1.6819216,-3.0373182,1.8794501,-0.67107952,-0.15384981,0.72524631,0
-3.838357,0.84423494,0.78443861,-0.74136209,0.14698908,-0.65481007,0
0.32019973,1.8575156,3.365309,0.0058609024,0.97710001,0.2126998,0
0.68815064,-1.3569896,-3.8757811,0.67107952,0.15384981,-0.72524631,0
-0.58231664,2.4547739,-2.4696229,-0.74136209,0.14698908,-0.65481007,0
-3.3251591,1.7994148,0.36794639,-0.74136209,0.14698908,-0.65481007,0
3.8741457,1.8199542,-0.23156071,0.67107952,0.15384981,-0.72524631,0
3.7385683,1.6175662,-0.32415342,0.67107952,0.15384981,-0.72524631,0
-1.5488164,-2.433157,-0.42810822,-0.0058609024,-0.97710001,-0.2126998,0
1.583883,0.11596072,1.9751146,0.74136209,-0.14698908,0.65481007,0
-0.56683922,-1.4554143,3.3935905,-0.67107952,-0.15384981,0.72524631,0
-1.9441887,-2.5179744,0.18426251,-0.0058609024,-0.97710001,-0.2126998,0
1.9733233,-1.5630188,1.321283,0.74136209,-0.14698908,0.65481007,0
3.4278076,1.7785263,0.18682671,0.74136209,-0.14698908,0.65481007,0
0.19681454,-0.97519809,-4.236095,0.67107952,0.15384981,-0.72524631,0
3.2414649,-1.3365992,-0.25746036,0.74136209,-0.14698908,0.65481007,0
-3.4366961,0.74931645,0.32880831,-0.74136209,0.14698908,-0.65481007,0
1.2035921,-0.93042749,-3.352376,0.67107952,0.15384981,-0.72524631,0
1.0554397,2.8974948,-1.4750093,0.0058609024,0.97710001,0.2126998,0
-0.79017687,0.96213734,3.5875769,-0.67107952,-0.15384981,0.72524631,0
-2.4606118,1.0823833,2.0486124,-0.67107952,-0.15384981,0.72524631,0
-2.5343924,0.16087545,-0.78373325,-0.74136209,0.14698908,-0.65481007,0
1.4289649,-0.88019371,2.1075089,0.74136209,-0.14698908,0.65481007,0
-0.49931455,1.5267465,3.9739575,-0.67107952,-0.15384981,0.72524631,0
2.852536,-1.3931289,0.20710921,0.74136209,-0.14698908,0.65481007,0
2.0183811,1.8697345,2.0744295,0.74136209,-0.14698908,0.65481007,0
1.8428708,0.3237429,-2.2699931,0.67107952,0.15384981,-0.72524631,0
-2.4572468,0.044075787,1.9453881,-0.67107952,-0.15384981,0.72524631,0
-2.2455626,2.6625061,-0.027863503,0.0058609024,0.97710001,0.2126998,0
3.6786714,1.4442716,-0.095299721,0.74136209,-0.14698908,0.65481007,0
0.49959803,0.89142454,3.5662713,0.74136209,-0.14698908,0.65481007,0
1.4577861,-0.6066739,-3.0199795,0.67107952,0.15384981,-0.72524631,0
