-4.2872171,2.5699904,-1.8967705,-0.95271695,0.1385192,-0.27044934,0
3.4477594,4.6009855,1.959621,0.011333585,0.90562826,0.42392078,0
4.8954086,-4.7079892,-2.0781198,-0.011333585,-0.90562826,-0.42392078,0
-2.4984133,2.4401474,-2.1631694,0.3036477,0.40081137,-0.86437738,0
4.2144775,-0.89484751,2.9167953,0.95271695,-0.1385192,0.27044934,0
-0.72121716,-5.2098646,-0.62715816,-0.011333585,-0.90562826,-0.42392078,0
-1.799242,5.2350178,0.88965118,0.011333585,0.90562826,0.42392078,0
2.4703622,1.3229356,-0.79948092,0.3036477,0.40081137,-0.86437738,0
4.3479099,2.4936385,4.16363,0.95271695,-0.1385192,0.27044934,0
1.1287751,2.9064527,-0.46575177,0.3036477,0.40081137,-0.86437738,0
-5.250464,-1.5481584,-1.1324477,-0.95271695,0.1385192,-0.27044934,0
-4.4738674,2.4098618,-1.3530962,-0.95271695,0.1385192,-0.27044934,0
-5.3073816,-3.4617348,-1.5954604,-0.95271695,0.1385192,-0.27044934,0
0.12898254,-5.1012392,-0.9851265,-0.011333585,-0.90562826,-0.42392078,0
0.88752127,-3.7898605,-3.6541531,-0.011333585,-0.90562826,-0.42392078,0
-5.0858994,-2.0170133,-1.6495419,-0.95271695,0.1385192,-0.27044934,0
-4.4470091,4.4624176,-0.79479718,-0.95271695,0.1385192,-0.27044934,0
-3.8600357,2.7092526,-2.3152845,0.3036477,0.40081137,-0.86437738,0
4.9832301,-1.2365363,0.57624364,0.95271695,-0.1385192,0.27044934,0
2.6361663,-5.63447,0.36340219,-0.011333585,-0.90562826,-0.42392078,0
-0.5416522,5.3269129,0.20987642,0.011333585,0.90562826,0.42392078,0
-4.5478616,1.7929287,-1.8751323,-0.95271695,0.1385192,-0.27044934,0
-0.11017776,5.0853324,0.053905249,0.3036477,0.40081137,-0.86437738,0
-4.6833081,-4.7537122,-1.4839764,-0.011333585,-0.90562826,-0.42392078,0
-0.42633867,-3.7894771,-3.5209818,-0.011333585,-0.90562826,-0.42392078,0
2.5977788,-4.6601048,-1.7435092,-0.011333585,-0.90562826,-0.42392078,0
4.0063891,-4.2994347,-2.6955371,-0.011333585,-0.90562826,-0.42392078,0
2.6841011,-4.9523144,-1.4914424,-0.011333585,-0.90562826,-0.42392078,0
-5.3410044,-1.6637552,-0.63314009,-0.95271695,0.1385192,-0.27044934,0
4.3142767,-0.50758171,2.7363856,0.95271695,-0.1385192,0.27044934,0
1.7981853,3.937124,3.1633828,0.011333585,0.90562826,0.42392078,0
-2.6761222,4.5266371,2.3547223,0.011333585,0.90562826,0.42392078,0
3.5043864,1.2477996,4.2080545,-0.3036477,-0.40081137,0.86437738,0
0.55727661,0.11886179,-1.9650319,0.3036477,0.40081137,-0.86437738,0
-5.3598461,-4.0173855,-1.5743318,-0.95271695,0.1385192,-0.27044934,0
-4.1978207,3.2000852,-2.0857494,-0.95271695,0.1385192,-0.27044934,0
2.4897673,0.73094344,-1.1320293,0.3036477,0.40081137,-0.86437738,0
4.8909421,-0.98643947,0.91635418,0.95271695,-0.1385192,0.27044934,0
-2.646297,-4.8889894,-1.2276797,-0.011333585,-0.90562826,-0.42392078,0
4.5672812,2.1765475,3.5210891,0.95271695,-0.1385192,0.27044934,0
2.6744449,3.3600025,4.478343,0.011333585,0.90562826,0.42392078,0
-0.075581074,-4.0462494,-3.293324,-0.011333585,-0.90562826,-0.42392078,0
2.1903286,-1.2634572,-2.1952329,0.3036477,0.40081137,-0.86437738,0
4.7122259,-5.0001473,-1.3731834,-0.011333585,-0.90562826,-0.42392078,0
-3.5460491,5.2720723,-1.0274405,0.3036477,0.40081137,-0.86437738,0
4.8859582,-3.0698369,-0.65793347,0.95271695,-0.1385192,0.27044934,0
2.299861,-1.5933942,2.4172828,-0.3036477,-0.40081137,0.86437738,0
-4.1142836,5.2873411,0.84400296,0.011333585,0.90562826,0.42392078,0
0.53559065,4.9708333,0.97455311,0.011333585,0.90562826,0.42392078,0
1.7659392,4.642045,1.6628323,0.011333585,0.90562826,0.42392078,0
1.3458506,3.8701825,-0.14776945,0.3036477,0.40081137,-0.86437738,0
0.69591236,-4.1367025,-2.7455807,-0.011333585,-0.90562826,-0.42392078,0
-4.7797017,2.466289,-0.19497657,-0.95271695,0.1385192,-0.27044934,0
-4.7145014,3.3218853,-0.40760088,-0.95271695,0.1385192,-0.27044934,0
4.7398558,4.5132017,1.8049321,0.011333585,0.90562826,0.42392078,0
-5.0202551,2.7172518,0.40086603,-0.95271695,0.1385192,-0.27044934,0
3.7961776,-2.7580519,2.3333919,-0.3036477,-0.40081137,0.86437738,0
-3.5568838,-4.8281283,-1.2265315,-0.011333585,-0.90562826,-0.42392078,0
1.393435,-2.6889753,1.5730056,-0.3036477,-0.40081137,0.86437738,0
2.4264412,-4.4428163,-2.4347982,-0.011333585,-0.90562826,-0.42392078,0
5.0120387,0.16895986,0.67852688,0.95271695,-0.1385192,0.27044934,0
3.6833258,4.535821,0.99515915,0.3036477,0.40081137,-0.86437738,0
4.8245325,-1.6728647,0.93941641,0.95271695,-0.1385192,0.27044934,0
1.295083,-1.1155061,-2.3070374,0.3036477,0.40081137,-0.86437738,0
1.9073403,-4.7045021,0.79343921,-0.3036477,-0.40081137,0.86437738,0
-4.162776,2.9952664,-2.138344,-0.95271695,0.1385192,-0.27044934,0
2.7690644,4.5912585,1.9799976,0.011333585,0.90562826,0.42392078,0
-1.9191318,3.3915229,-1.4512004,0.3036477,0.40081137,-0.86437738,0
2.6424611,0.063221455,-1.2704462,0.3036477,0.40081137,-0.86437738,0
5.1135464,-0.53945303,0.083895683,0.95271695,-0.1385192,0.27044934,0
2.2092249,2.4820418,-0.42501163,0.3036477,0.40081137,-0.86437738,0
2.9376392,1.3600997,3.9620376,-0.3036477,-0.40081137,0.86437738,0
-2.3419642,2.3089089,-2.1101856,0.3036477,0.40081137,-0.86437738,0
-0.61322021,-2.6283393,-3.7967849,0.3036477,0.40081137,-0.86437738,0
-3.7394168,1.0899181,-3.0327215,0.3036477,0.40081137,-0.86437738,0
4.2271318,1.240348,4.3658314,0.95271695,-0.1385192,0.27044934,0
4.2269845,-3.8706772,-2.6084371,0.3036477,0.40081137,-0.86437738,0
-4.333498,0.74910796,-2.8187976,-0.95271695,0.1385192,-0.27044934,0
-0.91659451,4.3299179,2.766746,0.011333585,0.90562826,0.42392078,0
2.3131721,1.9696256,-0.5027287,0.3036477,0.40081137,-0.86437738,0
3.9025881,0.60001761,4.0590611,-0.3036477,-0.40081137,0.86437738,0
4.3126755,-5.7771769,0.39805877,0.95271695,-0.1385192,0.27044934,0
4.2245121,-0.77331686,2.8679726,0.95271695,-0.1385192,0.27044934,0
-4.9309468,4.7154512,1.417859,-0.95271695,0.1385192,-0.27044934,0
-5.4731874,-1.9379065,-0.46571922,-0.3036477,-0.40081137,0.86437738,0
-0.80434227,-4.2187448,-2.8825266,-0.011333585,-0.90562826,-0.42392078,0
-0.75054789,3.3037767,3.4688482,-0.3036477,-0.40081137,0.86437738,0
1.1477162,0.1113494,2.7508938,-0.3036477,-0.40081137,0.86437738,0
-5.3742032,1.7005441,1.0504282,-0.95271695,0.1385192,-0.27044934,0
2.4894862,-4.0437174,1.244929,-0.3036477,-0.40081137,0.86437738,0
3.6668866,-0.31062675,-1.1310568,0.3036477,0.40081137,-0.86437738,0
3.3057292,0.55502689,3.7564337,-0.3036477,-0.40081137,0.86437738,0
-2.7948198,-4.7897344,-1.3814244,-0.011333585,-0.90562826,-0.42392078,0
-3.950237,-2.6757588,-0.41627169,-0.3036477,-0.40081137,0.86437738,0
-1.2824833,-3.1343334,0.38515818,-0.3036477,-0.40081137,0.86437738,0
3.4815016,-0.19579434,-1.2840542,0.3036477,0.40081137,-0.86437738,0
-0.20404959,5.1606507,1.0077057,0.011333585,0.90562826,0.42392078,0
-4.2570944,-0.67381591,-3.5994487,-0.95271695,0.1385192,-0.27044934,0
-4.619431,2.8413012,-0.7391119,-0.95271695,0.1385192,-0.27044934,0
4.6403084,2.8835421,3.9195089,0.95271695,-0.1385192,0.27044934,0
0.11014223,-3.966835,-3.2018521,-0.011333585,-0.90562826,-0.42392078,0
-2.9742584,4.3474941,2.4391291,0.011333585,0.90562826,0.42392078,0
4.2214432,2.2326458,4.4593892,0.95271695,-0.1385192,0.27044934,0
4.7310581,1.3288245,2.8634472,0.95271695,-0.1385192,0.27044934,0
-5.2778816,3.1534908,1.6707743,-0.95271695,0.1385192,-0.27044934,0
-1.9733572,5.3442888,0.58343381,0.011333585,0.90562826,0.42392078,0
0.29510164,-4.8251309,-1.6473118,-0.011333585,-0.90562826,-0.42392078,0
2.6390834,-4.5077143,1.1713438,-0.3036477,-0.40081137,0.86437738,0
-0.75678492,-1.5805484,-3.3683159,0.3036477,0.40081137,-0.86437738,0
4.1289682,2.6590667,0.48177052,0.3036477,0.40081137,-0.86437738,0
-4.1902323,-0.37692857,-4.049912,0.3036477,0.40081137,-0.86437738,0
-1.150084,-0.58262253,1.6838973,-0.3036477,-0.40081137,0.86437738,0
-0.29900134,-0.90910572,1.7215955,-0.3036477,-0.40081137,0.86437738,0
-4.4479203,4.1530666,-0.7249167,-0.95271695,0.1385192,-0.27044934,0
2.3716221,-0.84953439,-1.867458,0.3036477,0.40081137,-0.86437738,0
-1.550699,-2.5555506,0.65183258,-0.3036477,-0.40081137,0.86437738,0
5.0724635,3.7700298,2.2459087,0.95271695,-0.1385192,0.27044934,0
0.87100029,-4.5884066,-2.2281761,-0.011333585,-0.90562826,-0.42392078,0
0.56100035,4.7309413,1.6269281,0.011333585,0.90562826,0.42392078,0
-3.0610509,2.8087349,-2.0628896,0.3036477,0.40081137,-0.86437738,0
-1.796948,-3.9661651,-3.4359572,-0.011333585,-0.90562826,-0.42392078,0
1.1747191,2.3844604,-0.69600773,0.3036477,0.40081137,-0.86437738,0
-4.7388268,0.81655049,-1.6308579,-0.95271695,0.1385192,-0.27044934,0
-4.2160897,2.775692,-1.8589752,-0.95271695,0.1385192,-0.27044934,0
-1.1853065,-3.2145078,-4.2712302,0.3036477,0.40081137,-0.86437738,0
-1.5760362,2.4540086,2.7831118,-0.3036477,-0.40081137,0.86437738,0
1.308928,3.5714259,3.9010458,0.011333585,0.90562826,0.42392078,0
-2.9447517,3.4871428,2.8586121,-0.3036477,-0.40081137,0.86437738,0
-5.2900972,-1.3245087,-0.19389725,-0.95271695,0.1385192,-0.27044934,0
4.830327,3.8208601,1.2347355,0.3036477,0.40081137,-0.86437738,0
-4.3513255,-1.6056046,-3.7557781,-0.95271695,0.1385192,-0.27044934,0
-4.1168537,4.2337208,-1.4484317,-0.95271695,0.1385192,-0.27044934,0
-3.4576991,4.6211157,-1.4300324,0.3036477,0.40081137,-0.86437738,0
-0.69359672,1.8786047,-1.7908417,0.3036477,0.40081137,-0.86437738,0
-4.6233358,0.96565151,-1.5292652,-0.95271695,0.1385192,-0.27044934,0
0.86979508,5.1797409,0.91412973,0.011333585,0.90562826,0.42392078,0
-1.0361681,2.5190437,3.2052298,-0.3036477,-0.40081137,0.86437738,0
2.725913,-4.3282404,-2.7942891,-0.011333585,-0.90562826,-0.42392078,0
-4.3155851,0.96471232,-2.5756395,-0.95271695,0.1385192,-0.27044934,0
-5.0659714,-2.9974885,-2.1076584,-0.95271695,0.1385192,-0.27044934,0
-0.028677464,4.9910154,1.220795,0.011333585,0.90562826,0.42392078,0
-4.8821735,-0.6623857,-1.6029706,-0.95271695,0.1385192,-0.27044934,0
-1.3229413,4.2723875,2.7513323,0.011333585,0.90562826,0.42392078,0
5.1479254,-2.2448869,-0.44680309,0.95271695,-0.1385192,0.27044934,0
3.9201908,3.73876,0.8781724,0.3036477,0.40081137,-0.86437738,0
4.2002382,-5.3438892,1.1897275,0.95271695,-0.1385192,0.27044934,0
4.7792125,-3.7137175,0.052360535,0.95271695,-0.1385192,0.27044934,0
-5.1937628,-0.011208534,-0.35955954,-0.95271695,0.1385192,-0.27044934,0
5.3067956,-2.1888309,-1.4482253,0.3036477,0.40081137,-0.86437738,0
3.2678468,-3.1073976,-2.6373453,0.3036477,0.40081137,-0.86437738,0
-4.4590344,-2.9330196,-4.590189,-0.95271695,0.1385192,-0.27044934,0
4.437233,4.4101925,2.0803761,0.011333585,0.90562826,0.42392078,0
-1.2425932,2.3613248,-1.7178892,0.3036477,0.40081137,-0.86437738,0
-4.1623297,2.2271593,-2.7480505,-0.95271695,0.1385192,-0.27044934,0
-4.8832731,2.9082673,0.53032708,-0.95271695,0.1385192,-0.27044934,0
5.2352548,-4.5435276,-2.1599472,0.95271695,-0.1385192,0.27044934,0
-4.7316532,-3.7690897,-3.5059543,-0.95271695,0.1385192,-0.27044934,0
-2.3522367,-0.069423176,-3.1916323,0.3036477,0.40081137,-0.86437738,0
-1.8988223,-3.4496851,0.15891194,-0.3036477,-0.40081137,0.86437738,0
-0.048233032,-2.6280546,-3.5581095,0.3036477,0.40081137,-0.86437738,0
4.2186885,3.8641028,0.95371962,0.3036477,0.40081137,-0.86437738,0
4.7330141,3.5257549,3.492456,0.95271695,-0.1385192,0.27044934,0
3.8530996,-2.7384315,2.4797792,-0.3036477,-0.40081137,0.86437738,0
-0.96835995,-3.7657628,-3.8625076,-0.011333585,-0.90562826,-0.42392078,0
-5.0372314,-1.7899442,-1.4359002,-0.95271695,0.1385192,-0.27044934,0
-4.2596965,0.95594281,-3.0376508,-0.95271695,0.1385192,-0.27044934,0
0.15965414,5.0797381,1.123034,0.011333585,0.90562826,0.42392078,0
1.1274025,0.52832878,-1.7869835,0.3036477,0.40081137,-0.86437738,0
0.0031968355,-0.071222544,2.3503435,-0.3036477,-0.40081137,0.86437738,0
3.317894,-5.60677,-0.12207514,-0.011333585,-0.90562826,-0.42392078,0
0.48948288,-5.1241055,0.19391954,-0.3036477,-0.40081137,0.86437738,0
-2.9525189,-3.0171475,-0.2133317,-0.3036477,-0.40081137,0.86437738,0
-5.1592607,1.5215178,1.1525288,-0.3036477,-0.40081137,0.86437738,0
-4.8712144,-1.1998858,-1.841547,-0.95271695,0.1385192,-0.27044934,0
5.1679769,-1.9964126,-0.7488687,0.95271695,-0.1385192,0.27044934,0
0.034594581,1.5639377,-1.4847333,0.3036477,0.40081137,-0.86437738,0
-4.9311538,3.0200038,0.24736285,-0.95271695,0.1385192,-0.27044934,0
4.8414435,1.4230428,2.0258451,0.95271695,-0.1385192,0.27044934,0
-5.2340455,4.4323297,2.3421531,0.011333585,0.90562826,0.42392078,0
4.9794521,-3.1631958,-0.74332976,0.95271695,-0.1385192,0.27044934,0
-4.274128,0.16951776,-3.0194976,-0.95271695,0.1385192,-0.27044934,0
-3.7418621,2.38551,1.9916669,-0.3036477,-0.40081137,0.86437738,0
-3.0981441,1.5576221,1.9292444,-0.3036477,-0.40081137,0.86437738,0
1.6254423,5.0858707,0.99392486,0.011333585,0.90562826,0.42392078,0
-4.3130431,5.0737152,-0.3599298,-0.95271695,0.1385192,-0.27044934,0
0.071165562,-5.33957,-0.2850461,-0.011333585,-0.90562826,-0.42392078,0
-4.8780603,-3.5796576,-3.161314,-0.95271695,0.1385192,-0.27044934,0
2.2145729,4.0781312,2.9958062,0.011333585,0.90562826,0.42392078,0
-2.3751686,-3.9501798,-3.3935313,-0.011333585,-0.90562826,-0.42392078,0
-4.2159152,4.0877752,-1.702268,-0.95271695,0.1385192,-0.27044934,0
-0.99599671,-0.71285939,-3.1021528,0.3036477,0.40081137,-0.86437738,0
-0.41301608,2.0035863,3.0845211,-0.3036477,-0.40081137,0.86437738,0
-4.034235,5.7214708,-0.51395833,0.011333585,0.90562826,0.42392078,0
-3.7182388,0.94906282,-3.1257932,0.3036477,0.40081137,-0.86437738,0
-2.8408008,-3.3367047,-4.5095072,-0.011333585,-0.90562826,-0.42392078,0
-3.6297927,5.4504385,0.039025068,0.011333585,0.90562826,0.42392078,0
-1.9347906,-3.3609476,-4.3295531,-0.011333585,-0.90562826,-0.42392078,0
0.98967957,-3.9351225,0.78353047,-0.3036477,-0.40081137,0.86437738,0
2.300106,5.0920529,1.0623686,0.011333585,0.90562826,0.42392078,0
3.804029,4.4998121,2.2387218,0.011333585,0.90562826,0.42392078,0
5.2204714,-1.8478956,-1.3736105,0.3036477,0.40081137,-0.86437738,0
-4.6127462,3.9867625,-0.35107279,-0.95271695,0.1385192,-0.27044934,0
4.319272,-3.586338,1.6871407,0.95271695,-0.1385192,0.27044934,0
3.4210696,1.439332,-0.43310022,0.3036477,0.40081137,-0.86437738,0
4.6348314,3.8881912,3.5966353,0.011333585,0.90562826,0.42392078,0
3.6481678,3.2913861,0.41563559,0.3036477,0.40081137,-0.86437738,0
0.61279082,-1.411721,1.8759699,-0.3036477,-0.40081137,0.86437738,0
4.912405,1.653145,2.3233156,0.95271695,-0.1385192,0.27044934,0
-2.4118071,-4.7532463,-1.6238983,-0.011333585,-0.90562826,-0.42392078,0
-2.2323983,0.75577635,-2.7597079,0.3036477,0.40081137,-0.86437738,0
4.1621704,-4.2096176,1.9222784,0.95271695,-0.1385192,0.27044934,0
-4.8765726,-3.4354286,-2.7862525,-0.95271695,0.1385192,-0.27044934,0
-2.9657843,2.8252015,-1.9996465,0.3036477,0.40081137,-0.86437738,0
3.9598198,-5.7653608,0.5050472,-0.011333585,-0.90562826,-0.42392078,0
4.6039281,0.02580905,-0.64690232,0.3036477,0.40081137,-0.86437738,0
-2.8374474,1.9383984,2.1070287,-0.3036477,-0.40081137,0.86437738,0
-3.2224886,-4.5806689,-1.8263917,-0.011333585,-0.90562826,-0.42392078,0
-4.322217,5.3705711,0.53315365,0.011333585,0.90562826,0.42392078,0
-4.9622059,-1.4822993,-2.0312843,-0.95271695,0.1385192,-0.27044934,0
0.92498779,2.6577518,3.9079885,-0.3036477,-0.40081137,0.86437738,0
-2.4834938,4.7983408,1.8074472,0.011333585,0.90562826,0.42392078,0
-1.2823715,-4.5653152,-2.035789,-0.011333585,-0.90562826,-0.42392078,0
4.8655691,4.4591684,2.2404971,0.011333585,0.90562826,0.42392078,0
4.6575661,1.7643745,2.9482837,0.95271695,-0.1385192,0.27044934,0
-4.6828318,-1.0471592,-2.2408686,-0.95271695,0.1385192,-0.27044934,0
-4.9801087,-2.712575,-2.141129,-0.95271695,0.1385192,-0.27044934,0
-5.101336,2.0015712,0.73648739,-0.95271695,0.1385192,-0.27044934,0
-4.4735732,4.6236219,-0.13523769,-0.95271695,0.1385192,-0.27044934,0
-5.3523517,4.4846349,2.50772,-0.95271695,0.1385192,-0.27044934,0
5.2543788,2.3965521,0.84203053,0.95271695,-0.1385192,0.27044934,0
4.0789366,4.7888727,1.5426545,0.011333585,0.90562826,0.42392078,0
-4.5515599,0.40066838,0.97913694,-0.3036477,-0.40081137,0.86437738,0
-3.8859768,3.5540848,-1.9903365,0.3036477,0.40081137,-0.86437738,0
4.6842632,3.1639771,3.5829287,0.95271695,-0.1385192,0.27044934,0
2.543236,4.6532145,1.6575186,0.011333585,0.90562826,0.42392078,0
3.5358386,4.7557287,1.4748845,0.011333585,0.90562826,0.42392078,0
-1.7720165,4.4890308,2.2484641,0.011333585,0.90562826,0.42392078,0
4.969595,-0.8220849,0.24884439,0.95271695,-0.1385192,0.27044934,0
4.2463913,-3.2624974,1.7304051,0.95271695,-0.1385192,0.27044934,0
-4.36129,4.0926609,2.6109262,-0.3036477,-0.40081137,0.86437738,0
4.367908,-4.9877825,-1.0688457,-0.011333585,-0.90562826,-0.42392078,0
0.53606272,4.7157731,1.7860402,0.011333585,0.90562826,0.42392078,0
-4.558629,0.065147996,-2.115989,-0.95271695,0.1385192,-0.27044934,0
-4.646337,-3.1048274,-3.4676113,-0.95271695,0.1385192,-0.27044934,0
4.0162816,4.8446779,1.4673219,0.011333585,0.90562826,0.42392078,0
-2.2434664,5.3918819,0.47254038,0.011333585,0.90562826,0.42392078,0
-3.527957,5.5660896,-0.22260273,0.011333585,0.90562826,0.42392078,0
3.8427911,4.7936196,1.2403126,0.3036477,0.40081137,-0.86437738,0
3.4192801,2.8175273,0.3039577,0.3036477,0.40081137,-0.86437738,0
4.3484373,3.1903005,4.6991401,0.011333585,0.90562826,0.42392078,0
-2.7467866,5.1277466,0.80924249,0.011333585,0.90562826,0.42392078,0
3.1898837,0.93670571,3.934092,-0.3036477,-0.40081137,0.86437738,0
4.3593211,0.8388651,3.6903164,0.95271695,-0.1385192,0.27044934,0
5.3520465,-0.32652974,-0.21225834,0.95271695,-0.1385192,0.27044934,0
-3.4701047,-0.18675411,-3.6266894,0.3036477,0.40081137,-0.86437738,0
4.3639708,2.8570981,4.8588591,0.95271695,-0.1385192,0.27044934,0
-5.3102345,-3.6668954,-1.7725234,-0.95271695,0.1385192,-0.27044934,0
1.7117025,-0.69981432,-2.143152,0.3036477,0.40081137,-0.86437738,0
-5.1878128,3.2081976,1.6383768,-0.95271695,0.1385192,-0.27044934,0
-0.72804189,-5.0489898,-0.94014525,-0.011333585,-0.90562826,-0.42392078,0
-3.9066689,0.14043212,-3.5738564,0.3036477,0.40081137,-0.86437738,0
1.2747769,3.4142144,4.2771177,0.011333585,0.90562826,0.42392078,0
-4.7914462,2.0876129,-0.57846761,-0.95271695,0.1385192,-0.27044934,0
-4.6454535,-0.23093343,-2.0657158,-0.95271695,0.1385192,-0.27044934,0
5.1951003,1.5335882,0.65344667,0.95271695,-0.1385192,0.27044934,0
1.2320834,-1.6359639,1.9998546,-0.3036477,-0.40081137,0.86437738,0
-4.0411067,4.0190053,-1.7826139,0.3036477,0.40081137,-0.86437738,0
4.157444,-5.4057136,-0.39311218,-0.011333585,-0.90562826,-0.42392078,0
2.682126,-1.0535194,-1.7880564,0.3036477,0.40081137,-0.86437738,0
-3.7366238,1.5271268,-2.8630581,0.3036477,0.40081137,-0.86437738,0
-2.2089448,4.1295481,3.2558606,0.011333585,0.90562826,0.42392078,0
5.1785703,1.3442278,0.10050058,0.3036477,0.40081137,-0.86437738,0
4.7440286,-2.6614363,0.57187128,0.95271695,-0.1385192,0.27044934,0
-4.8470688,2.288672,-0.18922949,-0.95271695,0.1385192,-0.27044934,0
-3.5734978,3.4450519,-1.9794493,0.3036477,0.40081137,-0.86437738,0
-1.0980196,-3.6742349,-3.8169732,-0.011333585,-0.90562826,-0.42392078,0
0.92348218,5.2439847,0.78443837,0.011333585,0.90562826,0.42392078,0
2.860863,-2.3099663,2.3074067,-0.3036477,-0.40081137,0.86437738,0
-1.0198002,-5.1624975,-0.42439508,-0.3036477,-0.40081137,0.86437738,0
4.9241676,-1.4043788,0.20450807,0.95271695,-0.1385192,0.27044934,0
-5.2721567,-2.7513602,-0.99963951,-0.95271695,0.1385192,-0.27044934,0
-4.2724347,4.3261242,-1.0134578,-0.95271695,0.1385192,-0.27044934,0
4.6965795,0.5704999,2.3303061,0.95271695,-0.1385192,0.27044934,0
-4.7212152,2.5740221,-0.87012649,-0.95271695,0.1385192,-0.27044934,0
4.9961796,1.1328001,1.4666529,0.95271695,-0.1385192,0.27044934,0
-1.986114,4.5352602,2.0509527,0.011333585,0.90562826,0.42392078,0
-4.6723895,-0.05409646,-1.87517,-0.95271695,0.1385192,-0.27044934,0
4.1718254,1.0194995,3.9813015,0.95271695,-0.1385192,0.27044934,0
-2.0062912,-4.701942,-0.53479409,-0.3036477,-0.40081137,0.86437738,0
-4.4560738,4.3674717,-0.61665463,-0.95271695,0.1385192,-0.27044934,0
2.4074304,3.822135,3.5931025,0.011333585,0.90562826,0.42392078,0
3.0090141,-1.0288981,-1.658496,0.3036477,0.40081137,-0.86437738,0
-5.0290184,0.72764397,-0.52515817,-0.95271695,0.1385192,-0.27044934,0
-1.5449036,1.4751328,-2.1437416,0.3036477,0.40081137,-0.86437738,0
-4.446826,2.4808638,-1.6681406,-0.95271695,0.1385192,-0.27044934,0
0.52768326,-5.3713679,-0.54898846,-0.011333585,-0.90562826,-0.42392078,0
4.4930124,-0.22042322,2.5012803,0.95271695,-0.1385192,0.27044934,0
-4.426053,-2.6103146,-4.5634542,-0.95271695,0.1385192,-0.27044934,0
0.7505576,1.2343317,-1.3791841,0.3036477,0.40081137,-0.86437738,0
-3.1574574,3.202975,2.604399,-0.3036477,-0.40081137,0.86437738,0
4.654377,3.1545455,3.9950933,0.95271695,-0.1385192,0.27044934,0
-2.6728258,2.8690903,2.8146608,-0.3036477,-0.40081137,0.86437738,0
-5.2302642,-4.6444354,-1.7007747,-0.011333585,-0.90562826,-0.42392078,0
1.7719154,-4.0287814,-3.4685926,-0.011333585,-0.90562826,-0.42392078,0
3.6013737,1.378346,-0.44901061,0.3036477,0.40081137,-0.86437738,0
5.1013222,1.5647547,1.4843416,0.95271695,-0.1385192,0.27044934,0
3.3172746,3.6935186,3.6577835,0.011333585,0.90562826,0.42392078,0
3.0651217,-5.5155478,0.86015344,-0.3036477,-0.40081137,0.86437738,0
4.2721682,-4.5393467,0.78373802,0.95271695,-0.1385192,0.27044934,0
-0.15201855,5.0616579,1.0925245,0.011333585,0.90562826,0.42392078,0
-4.7370358,3.459163,0.2816124,-0.95271695,0.1385192,-0.27044934,0
-1.695442,2.2799594,-1.785135,0.3036477,0.40081137,-0.86437738,0
4.8453927,2.9123123,2.5497565,0.95271695,-0.1385192,0.27044934,0
-4.1944046,3.9064021,-1.5320618,-0.95271695,0.1385192,-0.27044934,0
-0.29129267,-4.6513653,-2.0592804,-0.011333585,-0.90562826,-0.42392078,0
-4.8053269,-0.82399464,-2.0963259,-0.95271695,0.1385192,-0.27044934,0
5.1171751,-2.5120273,-0.50602818,0.95271695,-0.1385192,0.27044934,0
-4.8120704,3.0490267,2.1148052,-0.3036477,-0.40081137,0.86437738,0
-1.4902654,-4.4961624,-2.3156025,-0.011333585,-0.90562826,-0.42392078,0
3.3569953,1.8547196,-0.22581673,0.3036477,0.40081137,-0.86437738,0
-3.1805105,4.694519,1.648424,0.011333585,0.90562826,0.42392078,0
4.4765162,1.3316756,3.217418,0.95271695,-0.1385192,0.27044934,0
-1.6994176,1.8809954,2.6657796,-0.3036477,-0.40081137,0.86437738,0
4.1575847,3.3360329,4.5589013,0.011333585,0.90562826,0.42392078,0
-5.1745543,-0.62815857,-0.61209631,-0.95271695,0.1385192,-0.27044934,0
3.6455238,4.1625152,1.0106754,0.3036477,0.40081137,-0.86437738,0
3.2812669,-5.344635,-0.26928377,-0.011333585,-0.90562826,-0.42392078,0
3.7374127,1.1707764,4.2398605,-0.3036477,-0.40081137,0.86437738,0
-2.8008847,1.1287967,1.777837,-0.3036477,-0.40081137,0.86437738,0
2.6852586,-2.7327619,2.0388222,-0.3036477,-0.40081137,0.86437738,0
1.5363818,1.4069045,-1.1746452,0.3036477,0.40081137,-0.86437738,0
4.2102661,-0.12903428,-0.92745185,0.3036477,0.40081137,-0.86437738,0
-0.70156717,-3.6032567,-4.1888289,-0.011333585,-0.90562826,-0.42392078,0
4.4260979,4.7740669,1.6495914,0.011333585,0.90562826,0.42392078,0
-0.42521381,3.1067963,-1.0212455,0.3036477,0.40081137,-0.86437738,0
-4.1215434,4.6070962,2.1323483,0.011333585,0.90562826,0.42392078,0
-0.88496208,-3.8637714,-3.6764886,-0.011333585,-0.90562826,-0.42392078,0
-4.119854,0.45604247,-3.5147681,0.3036477,0.40081137,-0.86437738,0
-4.4523115,3.4828849,-0.73408985,-0.95271695,0.1385192,-0.27044934,0
4.3720484,-3.5249848,1.3902361,0.95271695,-0.1385192,0.27044934,0
3.3412557,-4.6469049,-2.0541921,-0.011333585,-0.90562826,-0.42392078,0
-2.2723262,-5.0318012,-1.177557,-0.011333585,-0.90562826,-0.42392078,0
3.0604634,-4.3721809,-2.7402897,-0.011333585,-0.90562826,-0.42392078,0
-4.9035883,3.1324806,0.53709841,-0.95271695,0.1385192,-0.27044934,0
0.060274005,0.13085032,-2.2374275,0.3036477,0.40081137,-0.86437738,0
-2.3343771,4.5069227,-1.123143,0.3036477,0.40081137,-0.86437738,0
-1.6948972,-4.5663633,-2.070739,-0.011333585,-0.90562826,-0.42392078,0
-3.8236027,-4.5454478,-2.0376067,-0.011333585,-0.90562826,-0.42392078,0
4.8774681,-3.0299141,-0.13553286,0.95271695,-0.1385192,0.27044934,0
4.5241594,0.76320922,3.1328094,0.95271695,-0.1385192,0.27044934,0
3.932878,-4.9011908,-1.6041793,-0.011333585,-0.90562826,-0.42392078,0
-3.1786904,-1.5435655,-4.1418076,0.3036477,0.40081137,-0.86437738,0
-4.5452714,2.4982162,-1.0132785,-0.95271695,0.1385192,-0.27044934,0
0.91612339,-0.97145724,-2.5086813,0.3036477,0.40081137,-0.86437738,0
3.4724207,-2.2046432,2.4348559,-0.3036477,-0.40081137,0.86437738,0
-5.0548916,0.14266586,-0.44700241,-0.95271695,0.1385192,-0.27044934,0
4.6837673,-1.0446373,1.0959499,0.95271695,-0.1385192,0.27044934,0
4.4905748,-3.8255513,0.53371072,0.95271695,-0.1385192,0.27044934,0
4.9913774,4.2761002,1.3099775,0.3036477,0.40081137,-0.86437738,0
-1.7621055,-4.0971985,-2.8267446,-0.011333585,-0.90562826,-0.42392078,0
2.0861878,4.9877434,0.86868858,0.011333585,0.90562826,0.42392078,0
1.0675721,-4.313735,-2.4702344,-0.011333585,-0.90562826,-0.42392078,0
-0.040225029,4.8233199,1.4649878,0.011333585,0.90562826,0.42392078,0
-2.8589211,4.1377516,2.9060631,0.011333585,0.90562826,0.42392078,0
3.4518523,-3.081975,-2.4181998,0.3036477,0.40081137,-0.86437738,0
-2.6860225,5.3434691,0.38933396,0.011333585,0.90562826,0.42392078,0
-1.4720944,2.3716025,-1.7484131,0.3036477,0.40081137,-0.86437738,0
4.6864409,-4.6776652,-1.8774748,-0.011333585,-0.90562826,-0.42392078,0
-5.2581367,2.8223753,1.604748,-0.95271695,0.1385192,-0.27044934,0
4.8125429,-0.18606138,1.4795055,0.95271695,-0.1385192,0.27044934,0
-4.8703804,2.8759179,0.50107622,-0.95271695,0.1385192,-0.27044934,0
-1.3341942,-4.198154,-2.6483686,-0.011333585,-0.90562826,-0.42392078,0
2.6240997,-1.5343369,-2.0151129,0.3036477,0.40081137,-0.86437738,0
-3.0025911,-2.3998976,0.12972689,-0.3036477,-0.40081137,0.86437738,0
0.7737093,-2.5077164,1.4064358,-0.3036477,-0.40081137,0.86437738,0
-2.8563643,-0.2869004,-3.5590737,0.3036477,0.40081137,-0.86437738,0
-4.8423471,-2.838207,-3.0140185,-0.95271695,0.1385192,-0.27044934,0
-5.3557792,-0.38739347,-0.067409515,-0.95271695,0.1385192,-0.27044934,0
3.0555899,0.22588195,3.4443331,-0.3036477,-0.40081137,0.86437738,0
-3.0340161,-1.0078764,-3.8103971,0.3036477,0.40081137,-0.86437738,0
-0.63371915,1.1433005,-2.1030424,0.3036477,0.40081137,-0.86437738,0
-3.2653818,1.0902975,1.7629354,-0.3036477,-0.40081137,0.86437738,0
5.2030125,-2.9049187,-1.0969875,0.95271695,-0.1385192,0.27044934,0
-4.0132256,-2.372704,-0.19293261,-0.3036477,-0.40081137,0.86437738,0
1.6092758,1.2052547,-1.0827427,0.3036477,0.40081137,-0.86437738,0
-1.3817639,-0.94566226,1.4707336,-0.3036477,-0.40081137,0.86437738,0
5.0312004,-2.7310719,-0.42119956,0.95271695,-0.1385192,0.27044934,0
0.3709147,0.58731705,2.6424057,-0.3036477,-0.40081137,0.86437738,0
0.21328068,-4.7132249,-1.8973451,-0.011333585,-0.90562826,-0.42392078,0
4.7646775,3.6939483,3.6027355,0.95271695,-0.1385192,0.27044934,0
-3.8898683,-2.4470437,-4.7208376,0.3036477,0.40081137,-0.86437738,0
4.3818841,-5.0360889,-1.239074,-0.011333585,-0.90562826,-0.42392078,0
-2.6114671,2.3756859,-2.079711,0.3036477,0.40081137,-0.86437738,0
0.092477322,-3.6190004,-4.0297613,-0.011333585,-0.90562826,-0.42392078,0
4.7736363,-1.1872644,1.1396539,0.95271695,-0.1385192,0.27044934,0
4.8802977,3.2215035,3.0339317,0.95271695,-0.1385192,0.27044934,0
-5.1201601,-1.9149098,-1.3853498,-0.95271695,0.1385192,-0.27044934,0
5.2389598,-3.4670084,-1.9417243,0.95271695,-0.1385192,0.27044934,0
-2.3253691,-3.5430596,-3.9364316,-0.011333585,-0.90562826,-0.42392078,0
1.492801,4.6165671,1.6716113,0.011333585,0.90562826,0.42392078,0
-0.140172,3.8666267,3.7283123,0.011333585,0.90562826,0.42392078,0
-5.2586384,2.4018643,1.5032091,-0.3036477,-0.40081137,0.86437738,0
-2.0085387,4.4722619,2.3183773,0.011333585,0.90562826,0.42392078,0
-3.2582338,1.8281538,-2.6012206,0.3036477,0.40081137,-0.86437738,0
4.2400618,-5.4368296,0.90937233,0.95271695,-0.1385192,0.27044934,0
2.3892689,-4.9235406,-1.3947953,-0.011333585,-0.90562826,-0.42392078,0
-0.0036301613,4.0821381,2.887362,0.011333585,0.90562826,0.42392078,0
1.4817758,-4.38025,-2.5405407,-0.011333585,-0.90562826,-0.42392078,0
3.5890329,-4.8113589,1.2793695,-0.3036477,-0.40081137,0.86437738,0
-5.0265656,-1.9456933,-1.9505243,-0.95271695,0.1385192,-0.27044934,0
2.2217236,-5.0409393,-1.256986,-0.011333585,-0.90562826,-0.42392078,0
-4.5654936,-3.2792907,-3.8124695,-0.95271695,0.1385192,-0.27044934,0
0.63426638,-5.2100029,-0.76947415,-0.011333585,-0.90562826,-0.42392078,0
0.89811194,-2.8685081,1.2504048,-0.3036477,-0.40081137,0.86437738,0
-2.1473501,5.1169419,-0.6884405,0.3036477,0.40081137,-0.86437738,0
4.118463,-2.153182,2.5901132,0.95271695,-0.1385192,0.27044934,0
-3.8167479,5.201407,0.60932106,0.011333585,0.90562826,0.42392078,0
-3.8295031,4.8312507,1.6487637,0.011333585,0.90562826,0.42392078,0
0.93492651,3.8687863,3.3636761,0.011333585,0.90562826,0.42392078,0
-0.29417419,5.3568807,0.38635778,0.011333585,0.90562826,0.42392078,0
0.17408943,5.4505072,0.35116494,0.011333585,0.90562826,0.42392078,0
-4.646419,4.2454338,0.2732234,-0.95271695,0.1385192,-0.27044934,0
-5.2902508,-1.8937252,-1.0421829,-0.95271695,0.1385192,-0.27044934,0
-4.7745433,3.1119711,0.1580615,-0.95271695,0.1385192,-0.27044934,0
2.8460407,2.784246,-0.066247702,0.3036477,0.40081137,-0.86437738,0
0.21500206,-4.2354093,-2.9329841,-0.011333585,-0.90562826,-0.42392078,0
4.6774302,-4.8039389,-0.46786165,0.95271695,-0.1385192,0.27044934,0
-2.2519054,2.3577802,-2.0494888,0.3036477,0.40081137,-0.86437738,0
0.35349751,5.0846024,0.76033688,0.011333585,0.90562826,0.42392078,0
-4.5318365,-2.1627798,-3.6855845,-0.95271695,0.1385192,-0.27044934,0
-5.1502733,-3.2086008,-1.6811275,-0.95271695,0.1385192,-0.27044934,0
3.5332847,4.1109176,3.0152426,0.011333585,0.90562826,0.42392078,0
-0.19646358,-4.0751143,-3.3061638,-0.011333585,-0.90562826,-0.42392078,0
5.2289,0.76489496,-0.068503857,0.3036477,0.40081137,-0.86437738,0
0.96003771,5.0560818,0.74981928,0.011333585,0.90562826,0.42392078,0
5.2203946,2.1779988,1.2745185,0.95271695,-0.1385192,0.27044934,0
-5.1626754,0.31659222,0.13132048,-0.95271695,0.1385192,-0.27044934,0
1.7503562,-4.782557,-1.7853147,-0.011333585,-0.90562826,-0.42392078,0
-5.2743492,-2.3074691,-1.1709819,-0.95271695,0.1385192,-0.27044934,0
-1.4029016,5.1880417,0.91466057,0.011333585,0.90562826,0.42392078,0
-4.2456141,5.2323208,-0.81791639,-0.95271695,0.1385192,-0.27044934,0
-5.1516056,-4.6707473,-1.7359948,-0.011333585,-0.90562826,-0.42392078,0
-1.232728,5.1738691,0.93143392,0.011333585,0.90562826,0.42392078,0
0.21702465,-1.2165793,1.8338956,-0.3036477,-0.40081137,0.86437738,0
-4.3918676,4.8869166,-0.54557562,-0.95271695,0.1385192,-0.27044934,0
4.7083793,0.82300019,2.024457,0.95271695,-0.1385192,0.27044934,0
-3.0552866,-1.481748,-4.0569735,0.3036477,0.40081137,-0.86437738,0
-2.502919,-2.5961249,-4.2997026,0.3036477,0.40081137,-0.86437738,0
-1.6132555,5.6366124,-0.12078011,0.011333585,0.90562826,0.42392078,0
2.6442082,3.8334923,3.6796639,0.011333585,0.90562826,0.42392078,0
-1.3827868,-4.5604229,-1.8557472,-0.011333585,-0.90562826,-0.42392078,0
-0.5050149,4.213654,2.8635602,0.011333585,0.90562826,0.42392078,0
5.190392,-1.1801236,-0.1190238,0.95271695,-0.1385192,0.27044934,0
3.8166356,2.8507726,0.33562946,0.3036477,0.40081137,-0.86437738,0
4.0985193,-5.5740404,0.88961422,0.95271695,-0.1385192,0.27044934,0
-0.032769918,-1.8907733,-3.3095279,0.3036477,0.40081137,-0.86437738,0
4.4628119,1.5076116,3.3961339,0.95271695,-0.1385192,0.27044934,0
-4.2601571,1.8925525,-2.5646348,-0.95271695,0.1385192,-0.27044934,0
0.88613915,1.7028711,3.482419,-0.3036477,-0.40081137,0.86437738,0
4.2916851,-5.1846542,0.59041524,0.95271695,-0.1385192,0.27044934,0
-4.0471988,4.2529855,2.6599371,0.011333585,0.90562826,0.42392078,0
-1.4738626,-3.9614038,-3.0790527,-0.011333585,-0.90562826,-0.42392078,0
-4.8969479,-1.2826588,-1.6653843,-0.95271695,0.1385192,-0.27044934,0
-4.0958867,4.9584126,-1.4769269,0.3036477,0.40081137,-0.86437738,0
-5.2121301,-3.0647509,-1.5900488,-0.95271695,0.1385192,-0.27044934,0
2.6576271,-0.14784861,-1.4278178,0.3036477,0.40081137,-0.86437738,0
-1.4938154,4.1809258,2.8299594,0.011333585,0.90562826,0.42392078,0
3.0975335,4.2344465,2.4580863,0.011333585,0.90562826,0.42392078,0
-1.4818814,-1.5187744,0.98285657,-0.3036477,-0.40081137,0.86437738,0
3.1644716,-4.8703613,-1.2991552,-0.011333585,-0.90562826,-0.42392078,0
4.983398,0.33099675,1.4694781,0.95271695,-0.1385192,0.27044934,0
-2.3214173,-3.3781471,-4.5662608,-0.011333585,-0.90562826,-0.42392078,0
-4.3797998,4.6014328,2.0698297,0.011333585,0.90562826,0.42392078,0
0.8568511,-3.9008622,-3.3411939,-0.011333585,-0.90562826,-0.42392078,0
-4.2487249,-3.6071012,-3.757524,-0.011333585,-0.90562826,-0.42392078,0
-4.4468627,0.97478473,-2.4054029,-0.95271695,0.1385192,-0.27044934,0
-1.8459148,1.8614715,2.4522114,-0.3036477,-0.40081137,0.86437738,0
-3.7706223,-0.78419948,0.72451878,-0.3036477,-0.40081137,0.86437738,0
-2.2772019,5.4283381,0.090251759,0.011333585,0.90562826,0.42392078,0
4.6796298,1.3851019,2.4963989,0.95271695,-0.1385192,0.27044934,0
-4.402164,2.4081781,-1.5809357,-0.95271695,0.1385192,-0.27044934,0
5.3433871,-1.0661073,-0.6768384,0.95271695,-0.1385192,0.27044934,0
-2.3539355,-2.8706822,0.24518633,-0.3036477,-0.40081137,0.86437738,0
4.4476066,-0.47956097,2.4560254,0.95271695,-0.1385192,0.27044934,0
4.9262376,-1.8330436,0.4976778,0.95271695,-0.1385192,0.27044934,0
4.3831887,-3.852648,0.89121652,0.95271695,-0.1385192,0.27044934,0
2.9841056,1.0413789,3.8468518,-0.3036477,-0.40081137,0.86437738,0
-3.3872614,-0.79079056,-3.7864509,0.3036477,0.40081137,-0.86437738,0
1.8396173,4.9180584,1.1862097,0.011333585,0.90562826,0.42392078,0
0.73480368,4.5637178,1.9986928,0.011333585,0.90562826,0.42392078,0
-0.92429161,4.1879492,2.7647562,0.011333585,0.90562826,0.42392078,0
4.4309149,3.4885111,4.0543175,0.011333585,0.90562826,0.42392078,0
-2.2717266,-1.369735,-3.8019416,0.3036477,0.40081137,-0.86437738,0
-4.972168,4.0911837,1.4864616,-0.95271695,0.1385192,-0.27044934,0
-4.7549782,-0.5493921,-2.1195455,-0.95271695,0.1385192,-0.27044934,0
1.1873908,-4.4475002,-2.3873436,-0.011333585,-0.90562826,-0.42392078,0
4.6177425,0.23080325,2.3722606,0.95271695,-0.1385192,0.27044934,0
-1.7589788,-4.3008199,-2.3456173,-0.011333585,-0.90562826,-0.42392078,0
-3.5303173,4.5088749,2.2151606,0.011333585,0.90562826,0.42392078,0
-4.6978378,1.8934712,-0.82940817,-0.95271695,0.1385192,-0.27044934,0
-1.6523652,4.3070822,2.8173041,0.011333585,0.90562826,0.42392078,0
-2.960567,4.0678425,-1.4824651,0.3036477,0.40081137,-0.86437738,0
3.3853161,1.2453454,-0.53642631,0.3036477,0.40081137,-0.86437738,0
4.9081974,-3.4353588,-0.88645983,0.95271695,-0.1385192,0.27044934,0
-1.1865954,3.6336517,3.6644044,-0.3036477,-0.40081137,0.86437738,0
1.1124034,4.7382002,1.8647962,0.011333585,0.90562826,0.42392078,0
-4.7529836,-3.0944417,-3.5750971,-0.95271695,0.1385192,-0.27044934,0
0.78251123,4.6478348,2.056097,0.011333585,0.90562826,0.42392078,0
3.48627,3.9967859,3.2643578,0.011333585,0.90562826,0.42392078,0
-2.4892151,-1.7325133,0.60946631,-0.3036477,-0.40081137,0.86437738,0
-5.1810398,1.8655088,0.98013854,-0.95271695,0.1385192,-0.27044934,0
3.3237813,4.0609674,0.62166452,0.3036477,0.40081137,-0.86437738,0
2.7554221,3.6825004,3.8352699,0.011333585,0.90562826,0.42392078,0
4.3994088,-4.4481931,0.63635325,0.95271695,-0.1385192,0.27044934,0
-5.1040726,-0.11846733,0.51493454,-0.3036477,-0.40081137,0.86437738,0
3.4368196,-1.2688885,2.9858396,-0.3036477,-0.40081137,0.86437738,0
-1.5008106,4.7219291,1.882542,0.011333585,0.90562826,0.42392078,0
-4.5127726,3.3902388,-0.5488236,-0.95271695,0.1385192,-0.27044934,0
2.5579143,-5.148633,-0.78506851,-0.011333585,-0.90562826,-0.42392078,0
-4.7828493,0.49159598,-1.2141905,-0.95271695,0.1385192,-0.27044934,0
-5.0496626,4.5011244,1.5969651,-0.95271695,0.1385192,-0.27044934,0
3.6792595,2.6233771,4.8791723,-0.3036477,-0.40081137,0.86437738,0
-1.2400346,-2.7470493,0.48931217,-0.3036477,-0.40081137,0.86437738,0
4.8179479,3.3182158,3.0753078,0.95271695,-0.1385192,0.27044934,0
2.4643021,2.0943425,4.0618396,-0.3036477,-0.40081137,0.86437738,0
-1.3727696,-4.7880406,-1.7217317,-0.011333585,-0.90562826,-0.42392078,0
-4.6316195,4.6531105,2.0499086,0.011333585,0.90562826,0.42392078,0
4.1022086,-0.48742425,3.4389043,0.95271695,-0.1385192,0.27044934,0
-4.4448686,3.9147017,2.5430241,-0.3036477,-0.40081137,0.86437738,0
0.63757229,3.6564345,3.7904577,0.011333585,0.90562826,0.42392078,0
3.223978,-1.9930422,-2.1454916,0.3036477,0.40081137,-0.86437738,0
1.4673574,4.5447583,0.32842374,0.3036477,0.40081137,-0.86437738,0
4.1992478,-5.559144,0.72595429,0.95271695,-0.1385192,0.27044934,0
-1.5337048,-4.7816424,-1.3792882,-0.011333585,-0.90562826,-0.42392078,0
-3.3603439,-3.1206756,-4.9255781,-0.011333585,-0.90562826,-0.42392078,0
5.3733964,3.7320006,1.5506039,0.95271695,-0.1385192,0.27044934,0
-4.636939,2.1026506,-1.3765538,-0.95271695,0.1385192,-0.27044934,0
-5.3460159,3.7939801,1.9535333,-0.95271695,0.1385192,-0.27044934,0
-3.0819666,-4.7302299,-1.8412383,-0.011333585,-0.90562826,-0.42392078,0
-4.0746202,-4.7620468,-1.3107634,-0.011333585,-0.90562826,-0.42392078,0
-5.1658993,4.3404617,2.1550426,-0.95271695,0.1385192,-0.27044934,0
-5.2386875,0.20875812,-0.11397409,-0.95271695,0.1385192,-0.27044934,0
-0.98575592,3.6494308,-0.96713901,0.3036477,0.40081137,-0.86437738,0
4.8755364,2.9017904,2.4383516,0.95271695,-0.1385192,0.27044934,0
-5.3589945,3.6479909,2.1040845,-0.95271695,0.1385192,-0.27044934,0
-1.8190525,-4.3827872,-2.2652848,-0.011333585,-0.90562826,-0.42392078,0
-4.9021559,1.7216073,-0.42729521,-0.95271695,0.1385192,-0.27044934,0
1.3392107,1.5413816,-1.0187752,0.3036477,0.40081137,-0.86437738,0
4.3527908,-3.059082,1.4547732,0.95271695,-0.1385192,0.27044934,0
-0.64132738,-4.1925478,-3.0295367,-0.011333585,-0.90562826,-0.42392078,0
-4.1193447,5.6395593,-1.0341482,-0.95271695,0.1385192,-0.27044934,0
4.1662879,3.5903838,3.8666368,0.011333585,0.90562826,0.42392078,0
-3.7136304,-4.8539534,-1.4557171,-0.011333585,-0.90562826,-0.42392078,0
3.3560801,2.5087237,4.5417328,-0.3036477,-0.40081137,0.86437738,0
-2.519804,-2.53582,-4.4576187,0.3036477,0.40081137,-0.86437738,0
-4.5669398,-4.5635562,-1.8586192,-0.011333585,-0.90562826,-0.42392078,0
1.474905,3.5332875,4.0269489,0.011333585,0.90562826,0.42392078,0
-2.5724742,-4.9498672,-1.3143976,-0.011333585,-0.90562826,-0.42392078,0
-2.604841,-3.8428636,-3.7316356,-0.011333585,-0.90562826,-0.42392078,0
-4.0736122,2.8210468,2.0855579,-0.3036477,-0.40081137,0.86437738,0
4.3091121,0.09913671,3.5139449,0.95271695,-0.1385192,0.27044934,0
5.129559,-1.4777601,-0.21103787,0.95271695,-0.1385192,0.27044934,0
2.0213857,3.6404662,4.0031514,0.011333585,0.90562826,0.42392078,0
-2.3903136,4.0372043,3.1155319,0.011333585,0.90562826,0.42392078,0
-2.4925437,4.9557753,1.4749143,0.011333585,0.90562826,0.42392078,0
-0.43781567,-4.0511656,0.24761832,-0.3036477,-0.40081137,0.86437738,0
3.7414136,4.5114226,2.0019889,0.011333585,0.90562826,0.42392078,0
-0.26857817,-3.2539496,0.78305805,-0.3036477,-0.40081137,0.86437738,0
1.5373387,-4.4378023,-2.5655558,-0.011333585,-0.90562826,-0.42392078,0
-3.1778808,4.9221706,1.4737581,0.011333585,0.90562826,0.42392078,0
-2.6550918,4.9556971,1.0476098,0.011333585,0.90562826,0.42392078,0
0.6840148,-1.0290291,2.1635473,-0.3036477,-0.40081137,0.86437738,0
-5.3352032,0.68169856,0.47141433,-0.95271695,0.1385192,-0.27044934,0
5.1734152,3.8798571,1.4101048,0.3036477,0.40081137,-0.86437738,0
4.3366709,4.111649,1.1551218,0.3036477,0.40081137,-0.86437738,0
3.7549465,-4.0926886,1.6692135,-0.3036477,-0.40081137,0.86437738,0
-4.1060538,-4.7422323,-1.2251492,-0.3036477,-0.40081137,0.86437738,0
2.3158612,0.73943472,-1.1446218,0.3036477,0.40081137,-0.86437738,0
-2.0184724,5.6143613,-0.19649996,0.011333585,0.90562826,0.42392078,0
-0.96137977,5.4501858,-0.037215412,0.011333585,0.90562826,0.42392078,0
-4.8234448,2.5659978,-0.37399173,-0.95271695,0.1385192,-0.27044934,0
-1.9317193,3.8672247,-1.1369964,0.3036477,0.40081137,-0.86437738,0
1.9751465,-1.4836087,2.2210286,-0.3036477,-0.40081137,0.86437738,0
-2.4116766,0.71226418,-2.7531798,0.3036477,0.40081137,-0.86437738,0
4.4571748,1.472882,3.3459599,0.95271695,-0.1385192,0.27044934,0
0.87744951,0.54321599,-1.8330747,0.3036477,0.40081137,-0.86437738,0
-4.6377802,-1.8058848,-2.8558393,-0.95271695,0.1385192,-0.27044934,0
-1.8066435,4.2875834,2.602833,0.011333585,0.90562826,0.42392078,0
5.2813215,0.126894,0.31152105,0.95271695,-0.1385192,0.27044934,0
