-1.6224841,0.30075502,-3.3307981,0.24440059,-0.38043344,-0.89192963,0
4.8083382,0.99639559,1.3380723,0.95890343,0.23153761,0.16399491,0
2.3248794,2.7767422,-2.0898428,-0.14412624,0.89535487,-0.42138708,0
2.9865699,3.6472747,-0.30602407,-0.14412624,0.89535487,-0.42138708,0
5.0780025,0.21060658,0.3856492,0.95890343,0.23153761,0.16399491,0
0.59831834,2.7896287,-1.3484915,-0.14412624,0.89535487,-0.42138708,0
-1.5279701,2.5890031,1.3661206,-0.24440059,0.38043344,0.89192963,0
-5.3164082,-0.2772634,0.45079803,-0.95890343,-0.23153761,-0.16399491,0
-0.84127164,2.8438511,-0.95373797,-0.14412624,0.89535487,-0.42138708,0
4.9494357,1.9535711,-0.67338753,0.95890343,0.23153761,0.16399491,0
4.4475198,3.1533132,-0.061807156,0.95890343,0.23153761,0.16399491,0
1.6366153,-2.6773708,0.63858271,0.14412624,-0.89535487,0.42138708,0
-4.0884795,2.441313,-0.49050117,-0.14412624,0.89535487,-0.42138708,0
-1.9776895,2.5225737,-1.2595911,-0.14412624,0.89535487,-0.42138708,0
-4.4189548,-2.1612072,-1.5324144,-0.95890343,-0.23153761,-0.16399491,0
1.093118,3.4156237,-0.315552,-0.14412624,0.89535487,-0.42138708,0
-4.4472823,-0.64579964,1.8297763,-0.24440059,0.38043344,0.89192963,0
-2.30093,3.25209,0.44536659,-0.14412624,0.89535487,-0.42138708,0
4.5858493,1.155808,-2.0222476,0.24440059,-0.38043344,-0.89192963,0
-4.2114644,-0.71661282,1.9435365,-0.24440059,0.38043344,0.89192963,0
3.0976443,0.10044575,-2.049341,0.24440059,-0.38043344,-0.89192963,0
-1.3410921,0.82061458,2.0079048,-0.24440059,0.38043344,0.89192963,0
-4.8501825,-2.7231936,2.0406084,-0.95890343,-0.23153761,-0.16399491,0
-4.9896274,1.1106629,0.9006567,-0.24440059,0.38043344,0.89192963,0
-3.9972661,-1.182714,2.2346163,-0.24440059,0.38043344,0.89192963,0
-5.1503911,-0.98322058,1.3890047,-0.95890343,-0.23153761,-0.16399491,0
-1.1083755,-3.3774393,-1.6178095,0.24440059,-0.38043344,-0.89192963,0
-4.2604961,0.96099871,-3.5875082,-0.14412624,0.89535487,-0.42138708,0
-1.0764477,2.5409551,1.411702,-0.24440059,0.38043344,0.89192963,0
4.8922782,-1.3616,2.3186359,0.14412624,-0.89535487,0.42138708,0
-5.0063605,-1.8955102,2.1395745,-0.24440059,0.38043344,0.89192963,0
-4.5050201,-3.1814156,0.59902763,-0.95890343,-0.23153761,-0.16399491,0
1.2933612,-1.9585021,-1.5676181,0.24440059,-0.38043344,-0.89192963,0
-4.7441483,-1.9450127,-0.51275682,-0.95890343,-0.23153761,-0.16399491,0
0.32675326,1.8349385,-3.1057315,-0.14412624,0.89535487,-0.42138708,0
5.1985226,0.21715188,0.013862133,0.95890343,0.23153761,0.16399491,0
0.62488627,-1.0214939,3.3509436,-0.24440059,0.38043344,0.89192963,0
5.2235279,-0.43423843,1.0327313,0.95890343,0.23153761,0.16399491,0
-0.75671601,3.2658782,1.1314188,-0.24440059,0.38043344,0.89192963,0
0.45313644,-3.3207171,-0.29971361,0.14412624,-0.89535487,0.42138708,0
3.7335906,4.4184451,1.1053023,-0.14412624,0.89535487,-0.42138708,0
-5.2659588,-0.26569629,0.06972456,-0.95890343,-0.23153761,-0.16399491,0
2.4877648,2.6718149,-2.3097951,-0.14412624,0.89535487,-0.42138708,0
1.7722967,-2.2015972,2.012795,0.14412624,-0.89535487,0.42138708,0
4.3697519,2.0514016,1.5299072,0.95890343,0.23153761,0.16399491,0
-2.006182,-1.2441487,-2.7527437,0.24440059,-0.38043344,-0.89192963,0
4.6038947,1.095315,2.5785036,0.95890343,0.23153761,0.16399491,0
3.1732821,-2.0838056,1.6478499,0.14412624,-0.89535487,0.42138708,0
1.5170548,0.24251437,-2.4219592,0.24440059,-0.38043344,-0.89192963,0
-4.2971153,-2.4840047,-2.0919161,-0.95890343,-0.23153761,-0.16399491,0
-4.1627703,-3.1597004,-1.1385336,-0.95890343,-0.23153761,-0.16399491,0
4.9265728,0.33026838,0.84395385,0.95890343,0.23153761,0.16399491,0
-4.7047224,-0.31879473,-2.3317411,-0.95890343,-0.23153761,-0.16399491,0
3.5527375,4.6903706,1.5789013,-0.14412624,0.89535487,-0.42138708,0
4.8071079,2.5463934,-1.4583683,0.95890343,0.23153761,0.16399491,0
-4.8570085,0.71342754,1.2266932,-0.24440059,0.38043344,0.89192963,0
3.0178075,-2.8313088,-0.032195568,0.14412624,-0.89535487,0.42138708,0
-4.9586568,-0.61112142,-0.87748075,-0.95890343,-0.23153761,-0.16399491,0
-2.1980729,-0.82190561,2.633389,-0.24440059,0.38043344,0.89192963,0
-0.91822147,-4.073688,-1.3574457,0.24440059,-0.38043344,-0.89192963,0
-0.75893974,-2.2552299,-2.0379598,0.24440059,-0.38043344,-0.89192963,0
-5.2509356,0.82862937,-1.4397271,-0.95890343,-0.23153761,-0.16399491,0
1.1944182,-3.1665356,-1.0347433,0.24440059,-0.38043344,-0.89192963,0
4.8254256,-0.64149439,3.0200841,0.95890343,0.23153761,0.16399491,0
-4.8523617,-2.224565,0.45235395,-0.95890343,-0.23153761,-0.16399491,0
5.0921102,0.19673991,0.031977177,0.95890343,0.23153761,0.16399491,0
-1.6917026,-2.084775,3.0432019,0.14412624,-0.89535487,0.42138708,0
2.1622345,-1.74361,2.7477579,0.14412624,-0.89535487,0.42138708,0
1.8561859,0.091233015,3.3822198,-0.24440059,0.38043344,0.89192963,0
-2.2887244,-3.033478,1.267128,0.14412624,-0.89535487,0.42138708,0
-0.59751773,-3.5997853,-0.15955377,0.14412624,-0.89535487,0.42138708,0
4.2348356,2.531554,1.8433776,0.95890343,0.23153761,0.16399491,0
4.7433858,1.082191,1.0233953,0.95890343,0.23153761,0.16399491,0
-3.390687,-0.85845321,-3.4089706,0.24440059,-0.38043344,-0.89192963,0
4.7912731,1.4904107,0.51544619,0.95890343,0.23153761,0.16399491,0
-0.44115949,-2.1272271,-2.0217116,0.24440059,-0.38043344,-0.89192963,0
-0.36119038,0.74609661,2.2980552,-0.24440059,0.38043344,0.89192963,0
-1.8563504,3.4031439,0.63297445,-0.14412624,0.89535487,-0.42138708,0
5.3095722,0.34646749,-0.9492135,0.95890343,0.23153761,0.16399491,0
-4.6937819,1.1247002,-3.196908,-0.14412624,0.89535487,-0.42138708,0
-1.6681857,-2.4612627,-2.2944782,0.24440059,-0.38043344,-0.89192963,0
-1.8518587,-2.5541248,2.0957491,0.14412624,-0.89535487,0.42138708,0
4.4077787,1.4994774,2.0848715,0.95890343,0.23153761,0.16399491,0
0.19193077,3.0607107,-0.54644418,-0.14412624,0.89535487,-0.42138708,0
4.68297,-0.47209451,3.2040753,0.95890343,0.23153761,0.16399491,0
2.3436518,1.0511465,-2.6257091,0.24440059,-0.38043344,-0.89192963,0
3.1054566,2.091465,-2.7526762,0.24440059,-0.38043344,-0.89192963,0
3.9331837,4.6027298,1.4604216,0.95890343,0.23153761,0.16399491,0
-3.0711522,1.9739935,1.2296194,-0.24440059,0.38043344,0.89192963,0
-1.5951133,-0.88989282,-2.9186583,0.24440059,-0.38043344,-0.89192963,0
-4.2965417,-2.8735662,-1.5092387,-0.95890343,-0.23153761,-0.16399491,0
0.060404062,-2.9875979,-1.4267547,0.24440059,-0.38043344,-0.89192963,0
4.9301081,0.73107135,1.0394495,0.95890343,0.23153761,0.16399491,0
-4.9826078,-3.0671568,2.4492388,-0.95890343,-0.23153761,-0.16399491,0
4.3199902,3.3139567,0.18556929,0.95890343,0.23153761,0.16399491,0
3.181025,4.240376,0.97131205,-0.14412624,0.89535487,-0.42138708,0
1.8013289,-1.6786234,2.9862041,0.14412624,-0.89535487,0.42138708,0
-1.0634158,1.4553605,-3.6061616,-0.14412624,0.89535487,-0.42138708,0
0.55493402,3.2334094,-0.43109703,-0.14412624,0.89535487,-0.42138708,0
-4.8685374,-0.29040051,1.6784749,-0.24440059,0.38043344,0.89192963,0
-5.3524942,0.81648803,-0.7126174,-0.95890343,-0.23153761,-0.16399491,0
-5.0798855,0.30669665,-0.98304796,-0.95890343,-0.23153761,-0.16399491,0
1.3720767,-1.2776676,3.7027497,-0.24440059,0.38043344,0.89192963,0
-4.9653902,0.8219201,-3.1776307,-0.95890343,-0.23153761,-0.16399491,0
0.97181404,-1.6744237,3.0056078,0.14412624,-0.89535487,0.42138708,0
3.6580441,3.8749311,-0.124856,-0.14412624,0.89535487,-0.42138708,0
-1.8455063,-1.4447609,-2.6103868,0.24440059,-0.38043344,-0.89192963,0
-3.3784537,-3.7305071,0.33486032,0.14412624,-0.89535487,0.42138708,0
-4.2821608,-3.1704977,-1.2141128,-0.95890343,-0.23153761,-0.16399491,0
5.0130239,-0.2235359,1.653815,0.95890343,0.23153761,0.16399491,0
-4.2233977,0.52609003,-4.1930556,0.24440059,-0.38043344,-0.89192963,0
4.0072355,3.2897167,2.0670934,0.95890343,0.23153761,0.16399491,0
-4.7910824,0.013077766,-2.9256723,-0.95890343,-0.23153761,-0.16399491,0
3.7107058,3.6268232,-0.54573059,-0.14412624,0.89535487,-0.42138708,0
-0.27640471,-0.62187862,3.0904219,-0.24440059,0.38043344,0.89192963,0
-5.311656,1.660331,-1.3235307,-0.95890343,-0.23153761,-0.16399491,0
-2.6263707,-3.7155778,-1.8273025,0.24440059,-0.38043344,-0.89192963,0
1.0028982,2.4746056,1.9890076,-0.24440059,0.38043344,0.89192963,0
4.3431182,-1.246711,-1.0782851,0.24440059,-0.38043344,-0.89192963,0
2.5961585,3.3349302,-1.0662651,-0.14412624,0.89535487,-0.42138708,0
-4.3915677,-0.91234016,-3.0913494,-0.95890343,-0.23153761,-0.16399491,0
1.3298025,3.4858141,-0.001899004,-0.14412624,0.89535487,-0.42138708,0
5.1521077,1.4661841,-1.9398963,0.24440059,-0.38043344,-0.89192963,0
-2.374228,2.4033911,1.211643,-0.24440059,0.38043344,0.89192963,0
-0.93230391,1.93572,-2.9013827,-0.14412624,0.89535487,-0.42138708,0
3.6185031,-1.9949583,1.7943788,0.14412624,-0.89535487,0.42138708,0
4.7132702,3.1204042,-1.0460658,0.95890343,0.23153761,0.16399491,0
-4.2426896,2.3342385,-0.90717661,-0.14412624,0.89535487,-0.42138708,0
-0.40181589,2.255487,-2.396369,-0.14412624,0.89535487,-0.42138708,0
-0.90567458,-2.3222938,2.3998978,0.14412624,-0.89535487,0.42138708,0
-4.5819435,-0.2870073,-3.566201,-0.95890343,-0.23153761,-0.16399491,0
-1.9285159,-0.30200624,2.5052021,-0.24440059,0.38043344,0.89192963,0
-0.24285913,3.0794868,1.4868093,-0.24440059,0.38043344,0.89192963,0
1.159057,2.164737,-2.9478855,-0.14412624,0.89535487,-0.42138708,0
2.7381372,2.6239605,-2.5137718,-0.14412624,0.89535487,-0.42138708,0
-2.4143414,0.89947498,-3.8909509,0.24440059,-0.38043344,-0.89192963,0
3.6893282,3.2635417,-1.5071244,-0.14412624,0.89535487,-0.42138708,0
-4.05054,0.95211101,-3.8445468,-0.14412624,0.89535487,-0.42138708,0
-2.1562221,-3.480015,0.56869817,0.14412624,-0.89535487,0.42138708,0
3.8542202,4.620862,1.2078567,0.95890343,0.23153761,0.16399491,0
-2.3226449,2.8201792,-0.39107573,-0.14412624,0.89535487,-0.42138708,0
1.2218931,4.0526524,1.4319689,-0.24440059,0.38043344,0.89192963,0
-5.4279642,2.3043945,0.3841145,-0.24440059,0.38043344,0.89192963,0
-2.9102542,-1.0262576,-3.0743971,0.24440059,-0.38043344,-0.89192963,0
-4.1051884,2.0240507,-1.4685727,-0.14412624,0.89535487,-0.42138708,0
3.8388658,-0.85627842,-1.2786262,0.24440059,-0.38043344,-0.89192963,0
3.9010403,-2.1538918,1.3647714,0.14412624,-0.89535487,0.42138708,0
-1.3766,-3.3243785,0.75948453,0.14412624,-0.89535487,0.42138708,0
5.2192397,-2.468569,0.21248198,0.14412624,-0.89535487,0.42138708,0
4.5625167,3.0206981,0.11767769,0.95890343,0.23153761,0.16399491,0
1.5216352,0.56014752,-2.585784,0.24440059,-0.38043344,-0.89192963,0
-3.0154934,0.95917392,1.62536,-0.24440059,0.38043344,0.89192963,0
3.385072,3.6180382,2.2575722,-0.24440059,0.38043344,0.89192963,0
5.6263204,-1.1478047,-0.36593986,0.95890343,0.23153761,0.16399491,0
-4.1278701,-3.6831336,0.79277372,0.14412624,-0.89535487,0.42138708,0
2.5112598,4.4858823,1.4424539,-0.14412624,0.89535487,-0.42138708,0
0.6630702,0.50451422,2.7210732,-0.24440059,0.38043344,0.89192963,0
-4.4835987,-2.8736181,2.5502849,0.14412624,-0.89535487,0.42138708,0
-3.6497481,-4.4136591,-1.0247889,0.14412624,-0.89535487,0.42138708,0
-4.2104445,-0.60077167,-3.7926521,0.24440059,-0.38043344,-0.89192963,0
0.63010716,-2.8681951,0.96142542,0.14412624,-0.89535487,0.42138708,0
1.3329477,-3.0408461,0.26531851,0.14412624,-0.89535487,0.42138708,0
-1.04492,-1.1182065,-2.7146811,0.24440059,-0.38043344,-0.89192963,0
-4.2761087,-1.8864713,-2.3899229,-0.95890343,-0.23153761,-0.16399491,0
-4.6049147,2.1526546,-1.014521,-0.14412624,0.89535487,-0.42138708,0
4.9031391,0.64915419,0.76672649,0.95890343,0.23153761,0.16399491,0
-4.262785,1.9102002,-1.4261417,-0.14412624,0.89535487,-0.42138708,0
4.7549105,1.0405136,1.1265638,0.95890343,0.23153761,0.16399491,0
-3.8904331,-3.8196077,-1.8637443,-0.95890343,-0.23153761,-0.16399491,0
4.0640955,4.2777944,1.0721717,0.95890343,0.23153761,0.16399491,0
-1.6829324,1.5599937,1.6283715,-0.24440059,0.38043344,0.89192963,0
-2.5894759,0.96003795,-4.0097442,0.24440059,-0.38043344,-0.89192963,0
2.0013952,4.2191019,1.2952507,-0.14412624,0.89535487,-0.42138708,0
-4.1432028,-4.0680833,-0.65364933,-0.95890343,-0.23153761,-0.16399491,0
-0.022428036,-0.63750815,-2.5723886,0.24440059,-0.38043344,-0.89192963,0
-4.7214065,-2.6609964,1.3988094,-0.95890343,-0.23153761,-0.16399491,0
4.3394585,3.1306956,-1.9817243,-0.14412624,0.89535487,-0.42138708,0
4.2371812,0.2217865,-1.6768398,0.24440059,-0.38043344,-0.89192963,0
4.6176481,1.7643456,1.1796041,0.95890343,0.23153761,0.16399491,0
-3.4565725,-3.9818118,0.049954891,0.14412624,-0.89535487,0.42138708,0
1.0389962,2.3490644,-2.7021906,-0.14412624,0.89535487,-0.42138708,0
-4.2062578,-0.11899948,1.599854,-0.24440059,0.38043344,0.89192963,0
1.8631266,2.9093559,-1.5061903,-0.14412624,0.89535487,-0.42138708,0
-1.5381091,0.50230217,2.131937,-0.24440059,0.38043344,0.89192963,0
-0.17440653,3.0315597,1.5508528,-0.24440059,0.38043344,0.89192963,0
4.920506,-0.73797488,2.8371909,0.95890343,0.23153761,0.16399491,0
-3.1135683,-4.3873835,-1.8640203,0.24440059,-0.38043344,-0.89192963,0
2.3820095,-2.510555,1.1478052,0.14412624,-0.89535487,0.42138708,0
-0.80668139,-0.17624855,-3.0009031,0.24440059,-0.38043344,-0.89192963,0
-2.0071836,-3.3923762,-2.0083737,0.24440059,-0.38043344,-0.89192963,0
-4.9004245,-2.4371696,1.2385058,-0.95890343,-0.23153761,-0.16399491,0
-4.3652997,2.7313836,-0.020466685,-0.14412624,0.89535487,-0.42138708,0
0.11777496,2.986886,1.6647289,-0.24440059,0.38043344,0.89192963,0
-2.3151259,-4.0094128,-0.83915472,0.14412624,-0.89535487,0.42138708,0
2.3514471,0.96445036,-2.4596214,0.24440059,-0.38043344,-0.89192963,0
0.074595928,-2.1265607,2.7104568,0.14412624,-0.89535487,0.42138708,0
-4.0872054,-2.5548797,-2.4612825,-0.95890343,-0.23153761,-0.16399491,0
-4.3057184,-1.7743196,2.3539591,-0.24440059,0.38043344,0.89192963,0
3.7731135,3.3842928,2.4465127,-0.24440059,0.38043344,0.89192963,0
-2.5564046,2.6141989,-0.77191418,-0.14412624,0.89535487,-0.42138708,0
-0.17666423,-2.0147767,2.8917429,0.14412624,-0.89535487,0.42138708,0
2.2715797,2.5073018,-2.6952677,-0.14412624,0.89535487,-0.42138708,0
-1.9618416,0.64809346,-3.6869411,0.24440059,-0.38043344,-0.89192963,0
-3.3646088,-3.2738845,1.2535319,0.14412624,-0.89535487,0.42138708,0
5.1738415,-0.46908832,0.60442972,0.95890343,0.23153761,0.16399491,0
-2.2600954,3.2308917,0.53933388,-0.14412624,0.89535487,-0.42138708,0
-2.5983114,-4.1052151,-0.76850843,0.14412624,-0.89535487,0.42138708,0
-5.4192362,0.78988051,-0.44475222,-0.95890343,-0.23153761,-0.16399491,0
-4.5565529,-2.9525247,0.38218307,-0.95890343,-0.23153761,-0.16399491,0
-4.9596024,-1.621696,0.59875488,-0.95890343,-0.23153761,-0.16399491,0
-1.7193267,0.86292839,2.0737672,-0.24440059,0.38043344,0.89192963,0
3.0774698,-2.3133161,1.0179003,0.14412624,-0.89535487,0.42138708,0
4.6155491,-0.073842168,3.6630704,0.95890343,0.23153761,0.16399491,0
-4.5343442,-3.1430392,0.66193247,-0.95890343,-0.23153761,-0.16399491,0
-4.9445553,-0.78934169,-0.15343094,-0.95890343,-0.23153761,-0.16399491,0
-2.4825573,0.63847792,-3.8382177,0.24440059,-0.38043344,-0.89192963,0
-3.8750358,-4.1759586,-1.397419,-0.95890343,-0.23153761,-0.16399491,0
-4.3604097,-1.7971745,-2.1194491,-0.95890343,-0.23153761,-0.16399491,0
2.7581778,-2.8475652,-0.021245003,0.14412624,-0.89535487,0.42138708,0
-5.009654,-1.2903092,1.0050387,-0.95890343,-0.23153761,-0.16399491,0
4.6281848,-2.5152826,0.034273028,0.14412624,-0.89535487,0.42138708,0
1.8879158,-1.5752697,3.0257287,0.14412624,-0.89535487,0.42138708,0
-0.50335956,-2.1541133,-2.111788,0.24440059,-0.38043344,-0.89192963,0
-1.9174838,-0.35682964,2.348424,-0.24440059,0.38043344,0.89192963,0
4.1482344,0.87349647,3.4745681,-0.24440059,0.38043344,0.89192963,0
0.75521231,-2.8090949,-1.2921121,0.24440059,-0.38043344,-0.89192963,0
-3.0078669,0.77106905,1.6021807,-0.24440059,0.38043344,0.89192963,0
0.3792057,-3.7512522,-0.87648499,0.14412624,-0.89535487,0.42138708,0
-4.9788241,-1.804327,2.2488809,-0.24440059,0.38043344,0.89192963,0
4.9611392,0.73043013,0.45167637,0.95890343,0.23153761,0.16399491,0
-5.3305287,1.1847887,-1.1251762,-0.95890343,-0.23153761,-0.16399491,0
3.2091246,2.514287,-2.9756403,-0.14412624,0.89535487,-0.42138708,0
0.57832146,-3.4448187,-0.40378058,0.14412624,-0.89535487,0.42138708,0
-1.4678013,-3.8859439,-0.47569418,0.14412624,-0.89535487,0.42138708,0
-5.5602903,0.69856167,0.44825292,-0.95890343,-0.23153761,-0.16399491,0
-3.965627,1.5766064,-2.5723057,-0.14412624,0.89535487,-0.42138708,0
-4.862752,-1.4808264,0.39368057,-0.95890343,-0.23153761,-0.16399491,0
2.4215114,-3.2168529,-0.604864,0.14412624,-0.89535487,0.42138708,0
-3.9743664,-0.75717402,-3.4844663,0.24440059,-0.38043344,-0.89192963,0
5.4482188,-1.0894232,0.68218112,0.95890343,0.23153761,0.16399491,0
5.170011,-1.3411857,1.7379904,0.95890343,0.23153761,0.16399491,0
2.3805287,0.86139429,3.1940751,-0.24440059,0.38043344,0.89192963,0
1.8684603,2.2382238,-2.7959447,-0.14412624,0.89535487,-0.42138708,0
-0.61972702,-2.0406229,2.8594148,0.14412624,-0.89535487,0.42138708,0
-4.5869789,-2.9820154,0.5735178,-0.95890343,-0.23153761,-0.16399491,0
0.177122,-0.79323173,-2.3827791,0.24440059,-0.38043344,-0.89192963,0
-2.1978905,-1.9433274,-2.4733205,0.24440059,-0.38043344,-0.89192963,0
-3.0429757,-3.0684743,1.5197656,0.14412624,-0.89535487,0.42138708,0
0.25123942,1.4922773,2.2037961,-0.24440059,0.38043344,0.89192963,0
2.1493578,0.4894917,-2.4660523,0.24440059,-0.38043344,-0.89192963,0
-4.9264917,0.85261422,-3.341948,-0.95890343,-0.23153761,-0.16399491,0
1.5301694,-0.94514978,3.5667253,-0.24440059,0.38043344,0.89192963,0
4.0541439,2.9262314,2.4105248,0.95890343,0.23153761,0.16399491,0
-4.1137066,-4.1799035,-0.69350815,-0.95890343,-0.23153761,-0.16399491,0
1.92377,1.019979,-2.8208218,0.24440059,-0.38043344,-0.89192963,0
-1.9920154,2.7480803,-0.56055927,-0.14412624,0.89535487,-0.42138708,0
-3.4561338,2.1089284,-1.5101438,-0.14412624,0.89535487,-0.42138708,0
-1.4167743,-2.7391908,-2.0635643,0.24440059,-0.38043344,-0.89192963,0
2.9380145,2.0257444,-2.7668498,0.24440059,-0.38043344,-0.89192963,0
2.6982417,2.6971755,-2.4471967,-0.14412624,0.89535487,-0.42138708,0
-3.7957325,-0.15910113,-3.826714,0.24440059,-0.38043344,-0.89192963,0
-4.7219887,-0.98592782,-1.4260871,-0.95890343,-0.23153761,-0.16399491,0
-0.97269607,-3.9495687,-0.89911675,0.14412624,-0.89535487,0.42138708,0
-4.8958273,-0.21525574,1.5059795,-0.24440059,0.38043344,0.89192963,0
-4.3901682,-0.82302463,-3.6488512,0.24440059,-0.38043344,-0.89192963,0
-5.2257571,1.2665894,-2.0558529,-0.95890343,-0.23153761,-0.16399491,0
4.7083521,2.6190145,-0.75516462,0.95890343,0.23153761,0.16399491,0
5.0401711,-0.84935284,2.2132347,0.95890343,0.23153761,0.16399491,0
-4.4885249,0.99843562,-3.6962924,-0.14412624,0.89535487,-0.42138708,0
-3.9147584,-3.8548865,-2.1915097,-0.95890343,-0.23153761,-0.16399491,0
0.92305386,-2.0110278,-1.5981739,0.24440059,-0.38043344,-0.89192963,0
1.2202945,0.56561053,2.835902,-0.24440059,0.38043344,0.89192963,0
4.3287306,2.064729,2.3899949,0.95890343,0.23153761,0.16399491,0
4.6742649,1.8659525,0.59152508,0.95890343,0.23153761,0.16399491,0
4.7422357,1.2711463,1.3051901,0.95890343,0.23153761,0.16399491,0
-0.25995851,-2.0031133,2.7270143,0.14412624,-0.89535487,0.42138708,0
-2.6909208,-3.0687127,1.3807554,0.14412624,-0.89535487,0.42138708,0
-1.1348088,2.2833657,-1.840468,-0.14412624,0.89535487,-0.42138708,0
-1.8802475,-2.5172434,-2.3483825,0.24440059,-0.38043344,-0.89192963,0
-3.2106938,0.9049834,-3.9665098,0.24440059,-0.38043344,-0.89192963,0
-4.2097397,-2.4618354,-2.8388584,-0.95890343,-0.23153761,-0.16399491,0
-0.86702561,3.081542,1.2926023,-0.24440059,0.38043344,0.89192963,0
4.8914623,-0.04625845,2.237148,0.95890343,0.23153761,0.16399491,0
-1.6636862,0.61603308,2.1500452,-0.24440059,0.38043344,0.89192963,0
-2.0267403,0.95944619,1.9374266,-0.24440059,0.38043344,0.89192963,0
5.3243532,0.49702168,-1.2959576,0.95890343,0.23153761,0.16399491,0
2.2339609,-2.7631531,0.35525194,0.14412624,-0.89535487,0.42138708,0
-4.2057791,-3.9566898,-0.82876396,-0.95890343,-0.23153761,-0.16399491,0
1.9252328,-1.8666983,-1.535128,0.24440059,-0.38043344,-0.89192963,0
-3.0118232,2.3935418,-1.1612096,-0.14412624,0.89535487,-0.42138708,0
-4.3100328,-3.158205,-1.3121324,-0.95890343,-0.23153761,-0.16399491,0
4.8267546,2.6631315,-1.8144236,0.95890343,0.23153761,0.16399491,0
-2.773809,-0.56862891,-3.3451331,0.24440059,-0.38043344,-0.89192963,0
2.6420674,3.1706152,-1.4787383,-0.14412624,0.89535487,-0.42138708,0
3.8885539,-0.22368193,4.0556517,-0.24440059,0.38043344,0.89192963,0
5.3430243,-0.40791988,-0.48161817,0.95890343,0.23153761,0.16399491,0
-2.2609596,2.7563424,-0.62764537,-0.14412624,0.89535487,-0.42138708,0
3.6765361,1.0222578,3.4674828,-0.24440059,0.38043344,0.89192963,0
-5.1153774,-0.99583888,0.61561728,-0.95890343,-0.23153761,-0.16399491,0
4.5468001,1.1238756,2.1204801,0.95890343,0.23153761,0.16399491,0
-5.6238461,2.1716943,-0.81709886,-0.14412624,0.89535487,-0.42138708,0
0.5066936,-3.2840843,0.009560585,0.14412624,-0.89535487,0.42138708,0
-2.9531643,-1.419203,-2.9099112,0.24440059,-0.38043344,-0.89192963,0
2.445251,0.11794114,3.4729125,-0.24440059,0.38043344,0.89192963,0
4.1195407,2.9802208,2.520247,0.95890343,0.23153761,0.16399491,0
3.892226,2.3023438,2.8995488,-0.24440059,0.38043344,0.89192963,0
-2.9655569,1.652885,-2.5881038,-0.14412624,0.89535487,-0.42138708,0
5.0582442,0.79790282,0.071630478,0.95890343,0.23153761,0.16399491,0
-0.4759469,2.9929147,-0.76827335,-0.14412624,0.89535487,-0.42138708,0
-3.0853553,-2.1313643,-2.6376421,0.24440059,-0.38043344,-0.89192963,0
4.5531945,-2.518815,0.14987671,0.14412624,-0.89535487,0.42138708,0
-4.9657106,-1.3927608,2.0896888,-0.24440059,0.38043344,0.89192963,0
-4.6003752,-0.45367566,-2.9219115,-0.95890343,-0.23153761,-0.16399491,0
3.5059433,0.85550278,3.3220916,-0.24440059,0.38043344,0.89192963,0
3.0834622,-1.7878968,2.0442336,0.14412624,-0.89535487,0.42138708,0
-4.5731001,-1.3754497,-1.9029186,-0.95890343,-0.23153761,-0.16399491,0
-3.6269784,-0.5952282,2.0290182,-0.24440059,0.38043344,0.89192963,0
-4.3153954,-3.6630192,-0.65660143,-0.95890343,-0.23153761,-0.16399491,0
2.5739324,-1.9576836,1.9890918,0.14412624,-0.89535487,0.42138708,0
4.0956254,2.2175457,2.9009683,0.95890343,0.23153761,0.16399491,0
0.61124909,1.8198035,-3.294163,-0.14412624,0.89535487,-0.42138708,0
-5.7332292,2.2501535,0.073019505,-0.95890343,-0.23153761,-0.16399491,0
1.3499422,-3.1194484,0.056045413,0.14412624,-0.89535487,0.42138708,0
4.6821895,3.0962119,-1.4800711,0.95890343,0.23153761,0.16399491,0
5.463448,-1.6113582,0.58317399,0.95890343,0.23153761,0.16399491,0
-5.1528454,-0.0066752434,-0.18286586,-0.95890343,-0.23153761,-0.16399491,0
1.0334507,1.2774551,2.4429533,-0.24440059,0.38043344,0.89192963,0
-2.7727954,1.4848071,-3.1629539,-0.14412624,0.89535487,-0.42138708,0
-3.9382682,-4.4037066,-1.508635,-0.95890343,-0.23153761,-0.16399491,0
-2.7622886,0.094115496,-3.5065129,0.24440059,-0.38043344,-0.89192963,0
2.8366287,2.0505319,-2.9252324,0.24440059,-0.38043344,-0.89192963,0
-0.90058786,0.70006943,2.2595453,-0.24440059,0.38043344,0.89192963,0
-3.5270143,2.2978885,0.89874476,-0.24440059,0.38043344,0.89192963,0
-4.3554058,-3.1484256,-0.14979696,-0.95890343,-0.23153761,-0.16399491,0
4.3444009,0.70297277,3.6177974,0.95890343,0.23153761,0.16399491,0
-2.9140828,1.1940215,-3.6485333,-0.14412624,0.89535487,-0.42138708,0
-1.0011249,-3.2743642,0.65361905,0.14412624,-0.89535487,0.42138708,0
3.7175503,1.2454008,3.2704866,-0.24440059,0.38043344,0.89192963,0
4.1677771,2.390511,2.4349072,0.95890343,0.23153761,0.16399491,0
-5.5925722,2.159951,-0.61836624,-0.14412624,0.89535487,-0.42138708,0
-2.9985785,-4.5949845,-1.6325574,0.24440059,-0.38043344,-0.89192963,0
1.3871818,-2.9788532,0.51284963,0.14412624,-0.89535487,0.42138708,0
-5.0538392,-1.6718373,1.6502714,-0.95890343,-0.23153761,-0.16399491,0
-4.7403922,1.4589317,0.8008008,-0.24440059,0.38043344,0.89192963,0
-1.2677457,2.8630574,-0.6993469,-0.14412624,0.89535487,-0.42138708,0
5.0291176,0.92166066,-0.63677359,0.95890343,0.23153761,0.16399491,0
5.4780245,-1.1463077,-0.074957132,0.95890343,0.23153761,0.16399491,0
-3.3636837,-3.5326321,0.86499834,0.14412624,-0.89535487,0.42138708,0
-0.61699295,3.2974513,1.3115577,-0.24440059,0.38043344,0.89192963,0
1.5608252,2.0174809,2.3238544,-0.24440059,0.38043344,0.89192963,0
-4.4851494,-0.52518576,-3.8584125,-0.95890343,-0.23153761,-0.16399491,0
-3.9455261,-1.2230999,-3.360821,0.24440059,-0.38043344,-0.89192963,0
-3.6301227,2.4192472,0.70423853,-0.24440059,0.38043344,0.89192963,0
-0.32619429,-2.2090495,2.3630757,0.14412624,-0.89535487,0.42138708,0
5.4023786,0.44329405,-1.4865839,0.95890343,0.23153761,0.16399491,0
-4.1790428,-2.6191025,-2.1731682,-0.95890343,-0.23153761,-0.16399491,0
5.1632628,1.0629015,-1.7646401,0.24440059,-0.38043344,-0.89192963,0
-4.8466377,-0.38543427,-1.7104645,-0.95890343,-0.23153761,-0.16399491,0
1.6469771,0.80284333,-2.6611049,0.24440059,-0.38043344,-0.89192963,0
4.0110002,-2.2561514,-0.66431141,0.24440059,-0.38043344,-0.89192963,0
-2.8974447,-4.5001035,-1.6689892,0.14412624,-0.89535487,0.42138708,0
4.2524352,-2.644856,0.13156378,0.14412624,-0.89535487,0.42138708,0
-1.6639364,-1.0418487,2.709933,-0.24440059,0.38043344,0.89192963,0
-3.6740229,1.306541,1.3087578,-0.24440059,0.38043344,0.89192963,0
0.055526495,-3.1807919,0.57252443,0.14412624,-0.89535487,0.42138708,0
0.035630465,3.3076637,-0.084400892,-0.14412624,0.89535487,-0.42138708,0
4.0430331,4.1684122,0.61725998,0.95890343,0.23153761,0.16399491,0
-3.6778247,-3.9259796,-2.161304,0.24440059,-0.38043344,-0.89192963,0
-3.2242811,1.387746,-3.0937679,-0.14412624,0.89535487,-0.42138708,0
-5.0378036,-1.5628958,2.0345695,-0.24440059,0.38043344,0.89192963,0
-0.44912553,0.46585631,-3.1769323,0.24440059,-0.38043344,-0.89192963,0
2.0992503,2.7174306,-2.1726336,-0.14412624,0.89535487,-0.42138708,0
-2.6353188,-0.10166216,2.0425577,-0.24440059,0.38043344,0.89192963,0
0.66126752,3.7903392,0.7323575,-0.14412624,0.89535487,-0.42138708,0
-4.0313148,-4.0054069,0.19440365,0.14412624,-0.89535487,0.42138708,0
4.5985775,2.6791706,-2.7151968,0.24440059,-0.38043344,-0.89192963,0
-0.87149167,-0.0058469772,2.4749124,-0.24440059,0.38043344,0.89192963,0
1.7574153,3.3867671,-0.46304703,-0.14412624,0.89535487,-0.42138708,0
-4.771246,-0.30759418,-2.4382453,-0.95890343,-0.23153761,-0.16399491,0
2.7501562,0.43641424,3.3317623,-0.24440059,0.38043344,0.89192963,0
-4.2046995,-3.0368934,-1.6591015,-0.95890343,-0.23153761,-0.16399491,0
-4.5683155,0.35808563,1.4245188,-0.24440059,0.38043344,0.89192963,0
-0.12159896,-2.4115336,-1.7786734,0.24440059,-0.38043344,-0.89192963,0
-4.415719,-3.3279436,-0.099555969,-0.95890343,-0.23153761,-0.16399491,0
-3.0200694,-3.5906973,0.57610273,0.14412624,-0.89535487,0.42138708,0
-4.9656067,0.50164223,-1.81952,-0.95890343,-0.23153761,-0.16399491,0
-5.3354797,0.77625918,-0.25661421,-0.95890343,-0.23153761,-0.16399491,0
-1.2254552,1.3221173,-3.6429062,0.24440059,-0.38043344,-0.89192963,0
1.2233455,1.8148069,-3.2560787,0.24440059,-0.38043344,-0.89192963,0
-5.3678532,0.17791462,0.20036364,-0.95890343,-0.23153761,-0.16399491,0
-2.2344422,2.3877342,-1.0468065,-0.14412624,0.89535487,-0.42138708,0
3.3308234,3.8219023,0.099281788,-0.14412624,0.89535487,-0.42138708,0
-1.044699,3.5137277,0.92022383,-0.14412624,0.89535487,-0.42138708,0
3.4368019,-2.0254512,-1.094418,0.24440059,-0.38043344,-0.89192963,0
2.1446056,-2.0449517,1.8572609,0.14412624,-0.89535487,0.42138708,0
-5.2854824,-0.47564459,1.3170073,-0.95890343,-0.23153761,-0.16399491,0
-3.8965764,-0.87166893,-3.4550643,0.24440059,-0.38043344,-0.89192963,0
-4.7024412,-2.8928156,1.142374,-0.95890343,-0.23153761,-0.16399491,0
4.6359611,1.1435661,1.5113807,0.95890343,0.23153761,0.16399491,0
2.23859,2.6912789,-2.1051714,-0.14412624,0.89535487,-0.42138708,0
-5.2119451,1.1560919,-1.1728673,-0.95890343,-0.23153761,-0.16399491,0
-2.8655493,1.2385817,-3.7137589,-0.14412624,0.89535487,-0.42138708,0
-4.7283134,-2.280107,0.10570812,-0.95890343,-0.23153761,-0.16399491,0
3.8654749,-1.2244139,-1.1778195,0.24440059,-0.38043344,-0.89192963,0
-1.6573689,2.9068873,-0.3723402,-0.14412624,0.89535487,-0.42138708,0
-0.60956192,0.61882424,-3.2300196,0.24440059,-0.38043344,-0.89192963,0
-3.7826819,-2.0323,-2.9858432,0.24440059,-0.38043344,-0.89192963,0
5.6316247,-1.5774267,0.07225728,0.95890343,0.23153761,0.16399491,0
-1.2094105,0.36790371,2.4137776,-0.24440059,0.38043344,0.89192963,0
-3.8502796,-3.8728867,-2.0679932,-0.95890343,-0.23153761,-0.16399491,0
-5.0704999,-1.0617151,1.8977311,-0.24440059,0.38043344,0.89192963,0
5.7574697,-2.4155862,0.099550009,0.14412624,-0.89535487,0.42138708,0
5.2055335,-1.3151255,2.3686411,0.95890343,0.23153761,0.16399491,0
0.14195657,-3.0711565,0.72161078,0.14412624,-0.89535487,0.42138708,0
4.9123125,-0.22634655,2.302633,0.95890343,0.23153761,0.16399491,0
-1.8345835,-0.68340945,2.6443734,-0.24440059,0.38043344,0.89192963,0
1.4394956,2.1894507,-2.7380881,-0.14412624,0.89535487,-0.42138708,0
-1.1665857,-2.874702,1.6229104,0.14412624,-0.89535487,0.42138708,0
1.6386586,-0.89127922,-1.9544563,0.24440059,-0.38043344,-0.89192963,0
-4.8374896,0.88124526,-3.5050464,-0.95890343,-0.23153761,-0.16399491,0
-3.9161656,2.7187984,0.56607097,-0.24440059,0.38043344,0.89192963,0
-0.92056203,-2.9856222,1.0965395,0.14412624,-0.89535487,0.42138708,0
4.9603157,-1.0179548,2.8019824,0.95890343,0.23153761,0.16399491,0
5.5134373,-1.0659351,-0.41759157,0.95890343,0.23153761,0.16399491,0
-1.1058929,1.7462944,-2.9614773,-0.14412624,0.89535487,-0.42138708,0
-4.5672531,1.1012747,-3.3141499,-0.14412624,0.89535487,-0.42138708,0
-5.127449,-1.7647429,1.9764113,-0.95890343,-0.23153761,-0.16399491,0
0.026522458,0.76159668,-3.0944974,0.24440059,-0.38043344,-0.89192963,0
-2.886775,-3.7119436,0.30211687,0.14412624,-0.89535487,0.42138708,0
-5.4960251,1.2047524,0.69654679,-0.24440059,0.38043344,0.89192963,0
5.5058489,-1.8360388,1.072772,0.95890343,0.23153761,0.16399491,0
-1.5175035,3.5600748,0.73161322,-0.14412624,0.89535487,-0.42138708,0
-4.5804043,-0.31108296,-3.5010209,-0.95890343,-0.23153761,-0.16399491,0
5.0359316,1.7883511,-1.7121181,0.95890343,0.23153761,0.16399491,0
5.2230763,-1.3240395,1.7415814,0.95890343,0.23153761,0.16399491,0
0.080958605,-2.3399658,-1.7054967,0.24440059,-0.38043344,-0.89192963,0
1.4710851,3.9992695,0.8683331,-0.14412624,0.89535487,-0.42138708,0
-3.5670855,-3.9098377,-0.13010311,0.14412624,-0.89535487,0.42138708,0
3.9507608,-2.8560145,-0.50475311,0.24440059,-0.38043344,-0.89192963,0
1.8673227,0.96842384,-2.7978892,0.24440059,-0.38043344,-0.89192963,0
2.9436867,-0.80467725,-1.7586727,0.24440059,-0.38043344,-0.89192963,0
-5.7911496,2.4573004,0.096780777,-0.14412624,0.89535487,-0.42138708,0
5.350462,-0.67634535,0.04480505,0.95890343,0.23153761,0.16399491,0
-0.40175208,-0.49389839,-2.752862,0.24440059,-0.38043344,-0.89192963,0
-3.1969316,-1.285455,-3.160254,0.24440059,-0.38043344,-0.89192963,0
-4.7986941,-0.36600554,-1.8031011,-0.95890343,-0.23153761,-0.16399491,0
1.2627442,0.93510652,-2.9020102,0.24440059,-0.38043344,-0.89192963,0
-4.6531811,0.17459293,-3.2508111,-0.95890343,-0.23153761,-0.16399491,0
-4.3836288,-0.85709763,1.9652367,-0.24440059,0.38043344,0.89192963,0
-2.4471724,0.73127162,-3.7339137,0.24440059,-0.38043344,-0.89192963,0
4.3244309,2.0712159,2.3173597,0.95890343,0.23153761,0.16399491,0
-4.8466129,0.13191664,-2.4406123,-0.95890343,-0.23153761,-0.16399491,0
1.3420818,-3.4173367,-1.0285013,0.24440059,-0.38043344,-0.89192963,0
3.8421557,-2.2657378,-0.77093327,0.24440059,-0.38043344,-0.89192963,0
-4.5638871,-3.0658212,0.71302223,-0.95890343,-0.23153761,-0.16399491,0
-3.6942935,-2.7739506,2.3476288,0.14412624,-0.89535487,0.42138708,0
2.0543771,-1.6244286,2.9376116,0.14412624,-0.89535487,0.42138708,0
1.815251,-1.6124991,3.0229342,0.14412624,-0.89535487,0.42138708,0
-2.3275101,-0.26956677,2.206054,-0.24440059,0.38043344,0.89192963,0
1.0307295,-0.3564949,3.3407896,-0.24440059,0.38043344,0.89192963,0
4.179122,3.7392213,0.92441368,0.95890343,0.23153761,0.16399491,0
2.8910348,-0.97771394,3.8330719,0.14412624,-0.89535487,0.42138708,0
-4.8480864,-0.50234771,-1.8411455,-0.95890343,-0.23153761,-0.16399491,0
4.9969988,1.8562305,-1.1806602,0.95890343,0.23153761,0.16399491,0
0.10417863,0.10009885,-2.7814722,0.24440059,-0.38043344,-0.89192963,0
-4.9542875,0.99573606,-2.437125,-0.95890343,-0.23153761,-0.16399491,0
3.3328273,4.2877126,0.80528212,-0.14412624,0.89535487,-0.42138708,0
2.1046202,-1.1171052,3.8721597,-0.24440059,0.38043344,0.89192963,0
2.4264514,-1.7094979,2.6320996,0.14412624,-0.89535487,0.42138708,0
-4.6340022,-0.58816522,-1.9605436,-0.95890343,-0.23153761,-0.16399491,0
-4.6547294,1.4395204,-2.3925054,-0.14412624,0.89535487,-0.42138708,0
-5.6103034,1.5366926,-0.03316927,-0.95890343,-0.23153761,-0.16399491,0
-5.0067978,-0.3121345,-0.44145274,-0.95890343,-0.23153761,-0.16399491,0
-4.6831746,1.5480154,-2.0619698,-0.14412624,0.89535487,-0.42138708,0
3.0587349,-1.109668,3.8885725,0.14412624,-0.89535487,0.42138708,0
4.7533116,0.69451463,2.1457181,0.95890343,0.23153761,0.16399491,0
5.611227,-1.873528,-0.4359622,0.24440059,-0.38043344,-0.89192963,0
-4.4105062,-0.74503112,-3.3075309,-0.95890343,-0.23153761,-0.16399491,0
-1.9224895,1.0670469,-3.8690016,0.24440059,-0.38043344,-0.89192963,0
-2.1845512,-2.5005801,2.6764221,0.14412624,-0.89535487,0.42138708,0
5.1510463,-0.58015585,1.5733373,0.95890343,0.23153761,0.16399491,0
1.0918529,1.2467456,2.5840142,-0.24440059,0.38043344,0.89192963,0
-1.115751,-3.4318159,-2.1219254e-05,0.14412624,-0.89535487,0.42138708,0
-1.7278216,-3.5908694,-0.09948945,0.14412624,-0.89535487,0.42138708,0
-5.5288925,1.4886539,-0.6609273,-0.95890343,-0.23153761,-0.16399491,0
5.142355,1.0362444,-1.7484093,0.24440059,-0.38043344,-0.89192963,0
-2.8760891,1.5743064,-2.7959313,-0.14412624,0.89535487,-0.42138708,0
-1.8553241,0.52618957,2.0546927,-0.24440059,0.38043344,0.89192963,0
-0.27227467,-0.62035894,-2.6191905,0.24440059,-0.38043344,-0.89192963,0
2.5568793,-3.0485048,-0.13810228,0.14412624,-0.89535487,0.42138708,0
4.5576921,-2.8655136,-0.35881174,0.14412624,-0.89535487,0.42138708,0
5.2055197,-0.78425264,0.63895702,0.95890343,0.23153761,0.16399491,0
1.5534239,-3.1527081,0.020895958,0.14412624,-0.89535487,0.42138708,0
1.2207444,-3.087894,0.32462335,0.14412624,-0.89535487,0.42138708,0
3.9226019,1.6969784,3.2039089,-0.24440059,0.38043344,0.89192963,0
-5.1849494,0.83636355,-1.4341877,-0.95890343,-0.23153761,-0.16399491,0
-2.1318915,-1.8576821,-2.5542474,0.24440059,-0.38043344,-0.89192963,0
-2.1266029,1.6992996,-2.6151857,-0.14412624,0.89535487,-0.42138708,0
2.1470771,2.2042866,-3.1410422,-0.14412624,0.89535487,-0.42138708,0
-0.68120122,-0.36134171,-2.8290672,0.24440059,-0.38043344,-0.89192963,0
4.9166679,2.5420876,-1.4715567,0.95890343,0.23153761,0.16399491,0
-2.1912003,2.6791968,1.0983455,-0.24440059,0.38043344,0.89192963,0
-0.14019275,-3.111846,0.77064049,0.14412624,-0.89535487,0.42138708,0
-4.3046761,-1.6221631,-2.6846843,-0.95890343,-0.23153761,-0.16399491,0
-3.9021797,1.473593,-2.5229244,-0.14412624,0.89535487,-0.42138708,0
1.5181139,3.4725733,-0.38696432,-0.14412624,0.89535487,-0.42138708,0
1.0743511,-2.9708147,-1.1480188,0.24440059,-0.38043344,-0.89192963,0
0.2528708,-2.4740458,-1.7248764,0.24440059,-0.38043344,-0.89192963,0
-1.0469123,-1.8999944,-2.2138176,0.24440059,-0.38043344,-0.89192963,0
5.422411,-0.29659414,-1.0908298,0.95890343,0.23153761,0.16399491,0
-4.3898888,-3.036401,-0.49288225,-0.95890343,-0.23153761,-0.16399491,0
4.3442163,3.5363462,0.10487986,0.95890343,0.23153761,0.16399491,0
-2.5289848,1.9815371,-1.9432902,-0.14412624,0.89535487,-0.42138708,0
1.4748211,-1.089901,-2.0225785,0.24440059,-0.38043344,-0.89192963,0
-5.2999239,1.6505271,-1.4970322,-0.95890343,-0.23153761,-0.16399491,0
-0.11340261,3.2367611,1.3499541,-0.24440059,0.38043344,0.89192963,0
2.5341673,-2.324157,1.1097852,0.14412624,-0.89535487,0.42138708,0
2.2786069,3.6550531,0.02872324,-0.14412624,0.89535487,-0.42138708,0
-0.0076470375,-3.0975578,0.48647678,0.14412624,-0.89535487,0.42138708,0
4.8940344,-0.15742922,2.2735577,0.95890343,0.23153761,0.16399491,0
3.0361063,-2.1807687,1.6461037,0.14412624,-0.89535487,0.42138708,0
-4.8911438,2.1710939,-0.94744444,-0.14412624,0.89535487,-0.42138708,0
-0.065898776,1.8778692,-3.2193818,-0.14412624,0.89535487,-0.42138708,0
-3.4743989,-0.17123938,1.822263,-0.24440059,0.38043344,0.89192963,0
-0.50043392,3.0929198,1.3045372,-0.24440059,0.38043344,0.89192963,0
-5.6441622,2.1313982,-0.23581934,-0.95890343,-0.23153761,-0.16399491,0
3.9927609,2.1564844,2.9216526,-0.24440059,0.38043344,0.89192963,0
-5.250926,0.82584763,-0.3419857,-0.95890343,-0.23153761,-0.16399491,0
1.2332373,-2.7857931,0.82031536,0.14412624,-0.89535487,0.42138708,0
0.46801162,3.0039964,1.6580085,-0.24440059,0.38043344,0.89192963,0
-1.1268437,-2.8311381,1.5053762,0.14412624,-0.89535487,0.42138708,0
-4.6338677,-0.48981595,-2.662616,-0.95890343,-0.23153761,-0.16399491,0
3.2556119,-2.9543989,-0.13003042,0.14412624,-0.89535487,0.42138708,0
2.4841468,3.6195319,1.8848636,-0.24440059,0.38043344,0.89192963,0
4.2059612,3.8457539,0.74190855,0.95890343,0.23153761,0.16399491,0
-3.0251951,-1.2734478,-3.1866887,0.24440059,-0.38043344,-0.89192963,0
4.4704041,2.8079519,-0.15471506,0.95890343,0.23153761,0.16399491,0
5.4195118,-2.5562074,-0.12808442,0.14412624,-0.89535487,0.42138708,0
3.0090621,1.3765621,2.9431572,-0.24440059,0.38043344,0.89192963,0
2.7105229,-2.1192436,-1.1223415,0.24440059,-0.38043344,-0.89192963,0
-5.4962921,1.212862,0.52773809,-0.95890343,-0.23153761,-0.16399491,0
-2.171068,-4.1083107,-1.5879261,0.24440059,-0.38043344,-0.89192963,0
-5.1140614,0.96534777,-2.1614928,-0.95890343,-0.23153761,-0.16399491,0
3.1663775,2.1753852,2.8272722,-0.24440059,0.38043344,0.89192963,0
5.4197149,-1.1948407,1.0883949,0.95890343,0.23153761,0.16399491,0
-5.0005617,-1.3787265,0.86096096,-0.95890343,-0.23153761,-0.16399491,0
0.5773747,2.5875645,-1.8639371,-0.14412624,0.89535487,-0.42138708,0
4.92837,2.7033913,-2.0825739,0.95890343,0.23153761,0.16399491,0
3.8154674,3.9691129,2.1264911,0.95890343,0.23153761,0.16399491,0
-5.499898,1.059494,0.68708539,-0.95890343,-0.23153761,-0.16399491,0
-0.38652349,3.6656115,1.1828245,-0.24440059,0.38043344,0.89192963,0
2.0543289,1.440232,2.6571271,-0.24440059,0.38043344,0.89192963,0
-3.1628764,-1.9272637,2.7681718,-0.24440059,0.38043344,0.89192963,0
-5.4732718,0.52903557,0.73666215,-0.95890343,-0.23153761,-0.16399491,0
3.1079829,-1.3332469,-1.4771206,0.24440059,-0.38043344,-0.89192963,0
4.6902447,2.837008,-0.48275232,0.95890343,0.23153761,0.16399491,0
-1.316293,2.1408608,-2.1374419,-0.14412624,0.89535487,-0.42138708,0
-1.7711341,-3.1248012,-1.87713,0.24440059,-0.38043344,-0.89192963,0
-4.5387626,0.10654509,-4.2038813,0.24440059,-0.38043344,-0.89192963,0
-4.8235312,0.79830158,-3.1633077,-0.95890343,-0.23153761,-0.16399491,0
2.5289783,4.2559099,0.9008956,-0.14412624,0.89535487,-0.42138708,0
-3.2429378,-1.2555702,-3.2340839,0.24440059,-0.38043344,-0.89192963,0
-5.2438436,-0.3051219,0.42512608,-0.95890343,-0.23153761,-0.16399491,0
-4.525198,-3.3123851,0.55307579,-0.95890343,-0.23153761,-0.16399491,0
0.89245772,-3.5605266,-1.1463985,0.24440059,-0.38043344,-0.89192963,0
5.1281385,0.48260188,-0.23860741,0.95890343,0.23153761,0.16399491,0
3.9812737,-2.401181,0.72916126,0.14412624,-0.89535487,0.42138708,0
-3.5871792,0.95316601,-3.9727268,-0.14412624,0.89535487,-0.42138708,0
-4.9888635,-0.91406655,0.52257204,-0.95890343,-0.23153761,-0.16399491,0
4.2947354,2.6802242,-2.6751654,-0.14412624,0.89535487,-0.42138708,0
4.9037819,-0.16693068,1.6381435,0.95890343,0.23153761,0.16399491,0
-4.4506402,-1.4751458,-2.850841,-0.95890343,-0.23153761,-0.16399491,0
-5.006907,2.3989291,-0.3532033,-0.14412624,0.89535487,-0.42138708,0
-5.0846572,1.1436478,-2.0424819,-0.95890343,-0.23153761,-0.16399491,0
2.0619581,3.0424309,-1.1944218,-0.14412624,0.89535487,-0.42138708,0
-4.4027753,-2.9500177,2.2111821,0.14412624,-0.89535487,0.42138708,0
-2.6915865,2.0460494,1.1197672,-0.24440059,0.38043344,0.89192963,0
0.49120599,1.1647923,-3.1707745,0.24440059,-0.38043344,-0.89192963,0
3.7753978,4.1702099,0.67409468,-0.14412624,0.89535487,-0.42138708,0
0.62273049,3.7305269,0.59215975,-0.14412624,0.89535487,-0.42138708,0
-0.90496755,-3.6694787,-0.22198129,0.14412624,-0.89535487,0.42138708,0
5.0648537,1.3061576,-1.9895878,0.24440059,-0.38043344,-0.89192963,0
5.0340652,-2.5639167,-0.31169152,0.24440059,-0.38043344,-0.89192963,0
