0.23413652,4.474143,2.0716262,-0.59790957,0.80127907,0.021357417,0
2.4137845,-0.70177525,2.1903534,0.11093286,0.056330323,0.9922303,0
-1.8312061,-3.8686876,-2.0784936,-0.79385018,-0.59563315,0.12256867,0
2.8185384,2.1477952,0.096826851,0.79385018,0.59563315,-0.12256867,0
-4.7035074,0.80835807,0.61225009,-0.59790957,0.80127907,0.021357417,0
-2.5796819,-2.0897999,1.2522097,-0.79385018,-0.59563315,0.12256867,0
4.3846593,-1.0257976,-1.287118,0.59790957,-0.80127907,-0.021357417,0
-3.1594396,-1.2749896,2.0784554,-0.79385018,-0.59563315,0.12256867,0
-3.3952789,-1.7527971,-1.8258467,-0.79385018,-0.59563315,0.12256867,0
2.179337,0.22447038,-2.8259702,-0.11093286,-0.056330323,-0.9922303,0
0.99946809,4.0418758,-2.5931911,0.79385018,0.59563315,-0.12256867,0
-4.0058317,0.61679637,-2.159936,-0.11093286,-0.056330323,-0.9922303,0
0.015611917,4.2873106,2.2182789,0.11093286,0.056330323,0.9922303,0
-3.4694283,-1.5065192,-1.2796232,-0.79385018,-0.59563315,0.12256867,0
2.2638726,-2.5874116,1.2425177,0.59790957,-0.80127907,-0.021357417,0
0.64006901,4.4595404,-2.63152,0.79385018,0.59563315,-0.12256867,0
3.8946073,-1.1874533,-2.8900108,-0.11093286,-0.056330323,-0.9922303,0
1.5829163,-3.0723729,-2.1949816,0.59790957,-0.80127907,-0.021357417,0
1.5845747,1.7888169,-2.8173113,-0.11093286,-0.056330323,-0.9922303,0
-2.7760642,-2.094295,0.79564643,-0.79385018,-0.59563315,0.12256867,0
-1.008937,3.7148476,-0.20897412,-0.59790957,0.80127907,0.021357417,0
-1.0939569,3.6211636,-2.5727408,-0.59790957,0.80127907,0.021357417,0
0.50475609,-3.4727306,-2.4421062,-0.11093286,-0.056330323,-0.9922303,0
-2.4700336,-2.7165573,-0.014083982,-0.79385018,-0.59563315,0.12256867,0
3.1282351,1.6364409,-0.52476048,0.79385018,0.59563315,-0.12256867,0
3.3017929,0.74967337,-2.9738984,-0.11093286,-0.056330323,-0.9922303,0
3.0572965,1.7169042,-0.72172546,0.79385018,0.59563315,-0.12256867,0
0.17962348,4.5313063,-1.193923,-0.59790957,0.80127907,0.021357417,0
4.2358956,-0.38003421,-2.8403404,0.79385018,0.59563315,-0.12256867,0
-3.4532063,1.9083409,-0.42502713,-0.59790957,0.80127907,0.021357417,0
-4.3453026,0.52332735,2.6915281,-0.79385018,-0.59563315,0.12256867,0
-0.86919272,-3.1300511,-2.1689773,-0.11093286,-0.056330323,-0.9922303,0
-0.44126439,-4.7187605,-0.70147538,0.59790957,-0.80127907,-0.021357417,0
3.4524984,0.80831861,-2.8178835,0.79385018,0.59563315,-0.12256867,0
0.15087557,3.3859327,-2.6589358,-0.11093286,-0.056330323,-0.9922303,0
-0.82333732,-4.4872441,1.9131279,-0.79385018,-0.59563315,0.12256867,0
-2.0176234,-2.6864736,2.6878397,-0.79385018,-0.59563315,0.12256867,0
-1.3830981,-1.7426702,2.7900612,0.11093286,0.056330323,0.9922303,0
-1.6227155,-3.6574938,0.45396495,-0.79385018,-0.59563315,0.12256867,0
0.89248419,4.105814,-2.5976973,0.79385018,0.59563315,-0.12256867,0
0.78826249,-3.7509441,1.4204965,0.59790957,-0.80127907,-0.021357417,0
-3.7754488,-0.29115653,2.9066095,-0.79385018,-0.59563315,0.12256867,0
-3.4069159,-1.7366488,-1.8420296,-0.79385018,-0.59563315,0.12256867,0
3.1678483,1.9840305,0.82386971,0.79385018,0.59563315,-0.12256867,0
4.5422893,-0.43071008,-0.92906141,0.79385018,0.59563315,-0.12256867,0
-4.3405976,1.074322,-0.48018217,-0.59790957,0.80127907,0.021357417,0
-3.9015961,1.5095522,1.6999538,-0.59790957,0.80127907,0.021357417,0
-2.3691573,1.3036124,-2.2630885,-0.11093286,-0.056330323,-0.9922303,0
-4.9870234,0.64929175,-1.8990922,-0.11093286,-0.056330323,-0.9922303,0
-2.6428502,-2.5498133,-1.0168886,-0.79385018,-0.59563315,0.12256867,0
2.8859611,2.3947139,1.0626829,0.79385018,0.59563315,-0.12256867,0
-0.56611347,-4.7511187,-2.0094633,0.59790957,-0.80127907,-0.021357417,0
0.35407507,-3.6603808,-2.3670063,-0.11093286,-0.056330323,-0.9922303,0
-1.4645987,3.1660404,1.4107065,-0.59790957,0.80127907,0.021357417,0
3.9526372,-1.3141036,-2.903121,-0.11093286,-0.056330323,-0.9922303,0
-3.8544567,-1.0891206,-1.7746011,-0.79385018,-0.59563315,0.12256867,0
-3.9629972,-0.3488574,1.2657769,-0.79385018,-0.59563315,0.12256867,0
-0.55785763,-4.6767101,1.4634495,-0.79385018,-0.59563315,0.12256867,0
-4.9122753,0.73741961,0.28014112,-0.79385018,-0.59563315,0.12256867,0
1.4683499,3.9098012,0.26620054,0.79385018,0.59563315,-0.12256867,0
-2.2491448,2.6497927,0.63396406,-0.59790957,0.80127907,0.021357417,0
-1.6249175,0.91759515,-2.3112564,-0.11093286,-0.056330323,-0.9922303,0
1.4592125,4.1698275,1.7036159,0.79385018,0.59563315,-0.12256867,0
-0.98952395,2.9954035,2.3846004,0.11093286,0.056330323,0.9922303,0
-4.3075447,-0.24019957,0.23288178,-0.79385018,-0.59563315,0.12256867,0
-1.4248717,3.2648401,2.5381737,0.11093286,0.056330323,0.9922303,0
2.1889913,2.0967889,-2.8942215,-0.11093286,-0.056330323,-0.9922303,0
-0.06241107,2.1358194,2.4643478,0.11093286,0.056330323,0.9922303,0
-1.9215355,-3.4020553,-0.17032504,-0.79385018,-0.59563315,0.12256867,0
-0.59995794,4.0706201,-1.2042317,-0.59790957,0.80127907,0.021357417,0
2.1214719,-2.7550247,0.50053382,0.59790957,-0.80127907,-0.021357417,0
2.589628,-2.473125,-1.0356412,0.59790957,-0.80127907,-0.021357417,0
-3.3803804,-1.4416111,-0.61662674,-0.79385018,-0.59563315,0.12256867,0
0.57603931,-3.9469354,0.41395712,0.59790957,-0.80127907,-0.021357417,0
-0.91789311,1.0454891,2.5554581,0.11093286,0.056330323,0.9922303,0
-4.6597037,0.87819839,1.2798101,-0.59790957,0.80127907,0.021357417,0
0.31712809,-4.1378994,-2.2225709,0.59790957,-0.80127907,-0.021357417,0
2.8559997,-2.286443,-2.5761228,0.59790957,-0.80127907,-0.021357417,0
1.3825777,3.6803467,-2.1556916,0.79385018,0.59563315,-0.12256867,0
0.44438863,4.7069674,-1.8072233,-0.59790957,0.80127907,0.021357417,0
-3.422137,1.8299409,1.2590454,-0.59790957,0.80127907,0.021357417,0
-4.3204098,1.0561424,0.59408426,-0.59790957,0.80127907,0.021357417,0
2.8539219,-2.3138876,-0.27088594,0.59790957,-0.80127907,-0.021357417,0
-0.53166056,-4.5918183,2.3253732,-0.79385018,-0.59563315,0.12256867,0
3.391315,1.7789114,1.6411071,0.79385018,0.59563315,-0.12256867,0
0.44684529,-4.1422749,-0.096463203,0.59790957,-0.80127907,-0.021357417,0
-2.2233894,2.3243628,2.5782409,0.11093286,0.056330323,0.9922303,0
-0.43064904,4.0868955,0.42422223,-0.59790957,0.80127907,0.021357417,0
-4.8428812,0.69519997,-1.024133,-0.59790957,0.80127907,0.021357417,0
-0.043688372,-2.2432513,-2.4661169,-0.11093286,-0.056330323,-0.9922303,0
-1.9667569,3.0138104,-0.1029253,-0.59790957,0.80127907,0.021357417,0
-2.3688586,-1.4051836,2.9611883,0.11093286,0.056330323,0.9922303,0
3.2201805,-2.0493646,-0.37744927,0.59790957,-0.80127907,-0.021357417,0
4.7452779,0.028018057,1.67934,0.79385018,0.59563315,-0.12256867,0
1.9446326,-2.7712345,-2.2804179,0.59790957,-0.80127907,-0.021357417,0
3.2815938,0.93320227,-2.3110394,0.79385018,0.59563315,-0.12256867,0
-1.0104189,3.6695948,-0.73012042,-0.59790957,0.80127907,0.021357417,0
-2.6810489,1.6973748,2.7619174,0.11093286,0.056330323,0.9922303,0
4.3297334,-0.072222948,-1.0382879,0.79385018,0.59563315,-0.12256867,0
-0.73960912,-4.7891269,-0.56604743,0.59790957,-0.80127907,-0.021357417,0
-3.5970898,1.8289416,-1.4959295,-0.59790957,0.80127907,0.021357417,0
-1.4031311,-3.5085053,1.7743816,-0.79385018,-0.59563315,0.12256867,0
4.2059026,-1.1666479,-0.054922819,0.59790957,-0.80127907,-0.021357417,0
0.54784745,-1.0878533,2.4283049,0.11093286,0.056330323,0.9922303,0
-0.97190881,-4.7426052,-0.35710454,-0.79385018,-0.59563315,0.12256867,0
3.7045388,0.51533222,-1.9223967,0.79385018,0.59563315,-0.12256867,0
-4.4263706,0.5017674,2.6867399,-0.79385018,-0.59563315,0.12256867,0
-4.6077213,1.0095173,0.14525318,-0.59790957,0.80127907,0.021357417,0
1.3923229,0.041431189,2.4143064,0.11093286,0.056330323,0.9922303,0
3.4546504,-1.8429831,2.3224435,0.11093286,0.056330323,0.9922303,0
0.53502643,-3.9802895,2.2139876,0.59790957,-0.80127907,-0.021357417,0
-3.6242001,-0.24376976,-2.1239951,-0.11093286,-0.056330323,-0.9922303,0
0.61720943,3.7574787,-2.8912046,-0.11093286,-0.056330323,-0.9922303,0
-4.3103466,-0.18266082,0.11640096,-0.79385018,-0.59563315,0.12256867,0
3.146229,1.6307299,-0.93305969,0.79385018,0.59563315,-0.12256867,0
3.7211604,1.0885564,0.81870013,0.79385018,0.59563315,-0.12256867,0
-3.2487025,-1.7177336,-0.11107947,-0.79385018,-0.59563315,0.12256867,0
3.7183511,0.59536755,2.0603287,0.11093286,0.056330323,0.9922303,0
-0.066266835,-4.4281797,-1.1761391,0.59790957,-0.80127907,-0.021357417,0
-4.6761365,0.2288624,-0.43010783,-0.79385018,-0.59563315,0.12256867,0
-0.38944817,4.2378159,-1.9875846,-0.59790957,0.80127907,0.021357417,0
-3.9667406,1.4529209,0.010704041,-0.59790957,0.80127907,0.021357417,0
-3.7728593,-0.78810209,-0.25053424,-0.79385018,-0.59563315,0.12256867,0
-1.4196135,-3.9479575,-0.38259578,-0.79385018,-0.59563315,0.12256867,0
-0.29798663,-4.6825557,0.60874748,0.59790957,-0.80127907,-0.021357417,0
3.2186675,1.2181369,-1.21627,0.79385018,0.59563315,-0.12256867,0
-0.57592678,4.0040522,-1.7969158,-0.59790957,0.80127907,0.021357417,0
-3.6691191,1.61534,1.6447068,-0.59790957,0.80127907,0.021357417,0
-0.99826592,3.4690332,1.131135,-0.59790957,0.80127907,0.021357417,0
-4.8832245,0.33285174,-1.9733598,-0.11093286,-0.056330323,-0.9922303,0
2.7514544,-2.4115076,1.4775162,0.59790957,-0.80127907,-0.021357417,0
2.9522691,1.8371317,2.1095147,0.11093286,0.056330323,0.9922303,0
-1.2735707,-3.9956863,0.93781781,-0.79385018,-0.59563315,0.12256867,0
1.4104255,1.0713809,-2.7197831,-0.11093286,-0.056330323,-0.9922303,0
-4.6788926,0.62710881,1.065089,-0.79385018,-0.59563315,0.12256867,0
1.7680461,3.7264817,0.26960611,0.79385018,0.59563315,-0.12256867,0
-0.95727122,-4.3828249,1.5273883,-0.79385018,-0.59563315,0.12256867,0
-4.1205201,-0.033771515,1.406426,-0.79385018,-0.59563315,0.12256867,0
-4.6657767,0.87148499,1.8596383,-0.59790957,0.80127907,0.021357417,0
4.568027,-0.72442031,-1.8467999,0.79385018,0.59563315,-0.12256867,0
4.5485787,0.37569016,2.022707,0.79385018,0.59563315,-0.12256867,0
-1.5237733,3.3133402,-1.088666,-0.59790957,0.80127907,0.021357417,0
-0.69120312,-4.7151933,1.2135177,-0.79385018,-0.59563315,0.12256867,0
0.66447997,3.266598,-2.683219,-0.11093286,-0.056330323,-0.9922303,0
0.55286908,4.6245489,-2.604804,0.79385018,0.59563315,-0.12256867,0
3.4559636,-0.56468868,-2.8086872,-0.11093286,-0.056330323,-0.9922303,0
3.1734869,-1.9202629,-0.65128016,0.59790957,-0.80127907,-0.021357417,0
4.2622776,-1.1802771,1.7111528,0.59790957,-0.80127907,-0.021357417,0
-4.0067263,-0.30835485,1.8845346,-0.79385018,-0.59563315,0.12256867,0
-0.5004586,1.9098077,2.3900363,0.11093286,0.056330323,0.9922303,0
0.99331844,2.7394764,-2.7849462,-0.11093286,-0.056330323,-0.9922303,0
1.8863659,-1.3157485,-2.746129,-0.11093286,-0.056330323,-0.9922303,0
-3.889389,-0.18898511,1.6817569,-0.79385018,-0.59563315,0.12256867,0
0.65144789,-3.78865,-1.0853176,0.59790957,-0.80127907,-0.021357417,0
3.9257545,0.29713106,-2.2742648,0.79385018,0.59563315,-0.12256867,0
4.1379628,0.44773555,0.33503675,0.79385018,0.59563315,-0.12256867,0
-1.2560444,3.4950848,2.2124343,-0.59790957,0.80127907,0.021357417,0
-1.8611224,-3.533519,0.12533593,-0.79385018,-0.59563315,0.12256867,0
-2.7961316,-1.8069504,1.2088568,-0.79385018,-0.59563315,0.12256867,0
4.5713048,0.051233679,0.78216696,0.79385018,0.59563315,-0.12256867,0
2.4320602,1.6260639,2.1409037,0.11093286,0.056330323,0.9922303,0
-2.4339581,-0.82154465,2.8559048,0.11093286,0.056330323,0.9922303,0
-2.6905241,2.3587375,-1.241492,-0.59790957,0.80127907,0.021357417,0
2.1863146,3.2440681,1.8463796,0.79385018,0.59563315,-0.12256867,0
1.7068298,3.8830907,0.82697582,0.79385018,0.59563315,-0.12256867,0
0.95133841,-3.588666,1.067915,0.59790957,-0.80127907,-0.021357417,0
-1.2403948,3.411449,-1.5541594,-0.59790957,0.80127907,0.021357417,0
-2.0785732,0.91375041,2.7736063,0.11093286,0.056330323,0.9922303,0
3.1041498,1.6961026,0.20371035,0.79385018,0.59563315,-0.12256867,0
-0.54941165,3.6427288,-2.6416316,-0.11093286,-0.056330323,-0.9922303,0
-1.2399929,-4.4182067,-0.71500063,-0.79385018,-0.59563315,0.12256867,0
2.4153166,2.5169852,-0.95589781,0.79385018,0.59563315,-0.12256867,0
3.3097901,-1.7385161,-1.8887407,0.59790957,-0.80127907,-0.021357417,0
4.9605198,-0.67523396,0.32313848,0.59790957,-0.80127907,-0.021357417,0
1.7220228,3.0163035,2.2155662,0.11093286,0.056330323,0.9922303,0
-2.3487997,2.6185374,-1.4218445,-0.59790957,0.80127907,0.021357417,0
-3.294174,1.7057034,-2.153759,-0.11093286,-0.056330323,-0.9922303,0
2.6424134,2.3225298,-0.87707222,0.79385018,0.59563315,-0.12256867,0
-0.82306933,-0.64030957,-2.4387915,-0.11093286,-0.056330323,-0.9922303,0
1.8198128,-3.0211372,0.81078148,0.59790957,-0.80127907,-0.021357417,0
2.1721933,-2.867944,2.0367537,0.59790957,-0.80127907,-0.021357417,0
-1.0029585,3.0957513,2.4485586,0.11093286,0.056330323,0.9922303,0
0.43409336,-4.0549707,-0.084919453,0.59790957,-0.80127907,-0.021357417,0
-0.37961152,-4.015861,-2.1810331,-0.11093286,-0.056330323,-0.9922303,0
-2.42696,-2.9495091,-1.983168,-0.79385018,-0.59563315,0.12256867,0
3.302088,0.0527637,2.1267481,0.11093286,0.056330323,0.9922303,0
0.26339602,-0.042103291,-2.4874587,-0.11093286,-0.056330323,-0.9922303,0
0.25566489,2.5970476,2.2605896,0.11093286,0.056330323,0.9922303,0
4.689589,-0.82620621,-0.35275316,0.59790957,-0.80127907,-0.021357417,0
-0.5656113,0.53511989,-2.5243425,-0.11093286,-0.056330323,-0.9922303,0
-1.5594274,3.2677863,1.1681061,-0.59790957,0.80127907,0.021357417,0
2.3059716,-0.12947643,2.3163013,0.11093286,0.056330323,0.9922303,0
3.528378,-1.6361473,-1.8108751,0.59790957,-0.80127907,-0.021357417,0
-1.8862777,0.5525291,-2.3633096,-0.11093286,-0.056330323,-0.9922303,0
-1.7459345,3.1125522,-1.6410172,-0.59790957,0.80127907,0.021357417,0
-4.4819145,0.44021606,1.0477694,-0.79385018,-0.59563315,0.12256867,0
-2.8289852,2.3073087,0.36521363,-0.59790957,0.80127907,0.021357417,0
-4.0948238,0.9784652,-2.060488,-0.11093286,-0.056330323,-0.9922303,0
3.9122488,1.0055543,0.87566346,0.79385018,0.59563315,-0.12256867,0
3.5192761,0.89038587,-1.9503908,0.79385018,0.59563315,-0.12256867,0
-1.541896,-3.6460643,1.0853047,-0.79385018,-0.59563315,0.12256867,0
-2.0318742,-3.0129418,0.43698931,-0.79385018,-0.59563315,0.12256867,0
-2.5552969,-2.6096056,0.13557577,-0.79385018,-0.59563315,0.12256867,0
-1.5691322,2.0037975,-2.4510257,-0.11093286,-0.056330323,-0.9922303,0
-1.3903786,-2.2359166,-2.1376848,-0.11093286,-0.056330323,-0.9922303,0
0.33803618,-2.1902933,2.6366212,0.11093286,0.056330323,0.9922303,0
2.8179762,-0.45515656,-2.8059669,-0.11093286,-0.056330323,-0.9922303,0
-2.906455,-1.8266563,0.26025659,-0.79385018,-0.59563315,0.12256867,0
-0.10762101,4.2728128,1.6257074,-0.59790957,0.80127907,0.021357417,0
-4.2534904,1.1628296,0.63377833,-0.59790957,0.80127907,0.021357417,0
-1.5291736,-4.1830325,-1.5084822,-0.79385018,-0.59563315,0.12256867,0
-2.3464737,-0.36842537,2.7038,0.11093286,0.056330323,0.9922303,0
-3.4265349,1.7627294,-0.76642799,-0.59790957,0.80127907,0.021357417,0
0.007373333,-0.96160614,2.6252992,0.11093286,0.056330323,0.9922303,0
0.63859135,-0.52172136,-2.6486452,-0.11093286,-0.056330323,-0.9922303,0
-1.6717191,-3.3844135,1.2352939,-0.79385018,-0.59563315,0.12256867,0
3.3507664,-0.82343823,2.1481295,0.11093286,0.056330323,0.9922303,0
0.11941087,3.169862,-2.6441572,-0.11093286,-0.056330323,-0.9922303,0
-0.75800478,-2.3385813,2.7017908,0.11093286,0.056330323,0.9922303,0
0.33978203,4.3159981,2.3367004,0.11093286,0.056330323,0.9922303,0
2.4781163,-0.86049676,2.2309792,0.11093286,0.056330323,0.9922303,0
-0.99940974,-2.1277862,-2.2692139,-0.11093286,-0.056330323,-0.9922303,0
2.4892795,-0.4183805,-2.8181281,-0.11093286,-0.056330323,-0.9922303,0
1.1718497,-1.2599189,-2.5922303,-0.11093286,-0.056330323,-0.9922303,0
4.2177725,-1.3908511,2.0317693,0.59790957,-0.80127907,-0.021357417,0
-2.1181257,2.6807876,0.8454082,-0.59790957,0.80127907,0.021357417,0
1.3147016,4.6504507,1.8865592,0.79385018,0.59563315,-0.12256867,0
-0.90362203,3.6480854,-0.36736321,-0.59790957,0.80127907,0.021357417,0
1.6280018,3.1647992,-2.7844224,-0.11093286,-0.056330323,-0.9922303,0
1.6231412,-3.1322494,0.27406693,0.59790957,-0.80127907,-0.021357417,0
2.3465898,-2.713655,1.7260251,0.59790957,-0.80127907,-0.021357417,0
-2.3746166,-2.9929082,-1.4510286,-0.79385018,-0.59563315,0.12256867,0
-3.549135,-0.58766985,2.4695029,-0.79385018,-0.59563315,0.12256867,0
-0.44465461,3.8808539,2.0220413,-0.59790957,0.80127907,0.021357417,0
2.2840466,3.2026093,1.1438417,0.79385018,0.59563315,-0.12256867,0
-0.063019574,4.2627172,0.9910264,-0.59790957,0.80127907,0.021357417,0
4.2102847,0.6419369,1.882365,0.79385018,0.59563315,-0.12256867,0
2.459758,-0.17487276,2.2305627,0.11093286,0.056330323,0.9922303,0
3.6885133,-1.632139,2.1802397,0.11093286,0.056330323,0.9922303,0
-2.6057725,-2.0857246,1.7886739,-0.79385018,-0.59563315,0.12256867,0
0.20400095,4.5199461,-1.8478842,-0.59790957,0.80127907,0.021357417,0
0.1961956,4.5756025,0.55660462,-0.59790957,0.80127907,0.021357417,0
1.5423404,-3.2277865,2.1890836,0.59790957,-0.80127907,-0.021357417,0
3.5208516,-1.6670988,-2.4271302,0.59790957,-0.80127907,-0.021357417,0
0.21103597,4.4702597,-1.6789131,-0.59790957,0.80127907,0.021357417,0
3.2247331,-0.63671613,-2.9038291,-0.11093286,-0.056330323,-0.9922303,0
-1.6697994,-3.8324866,-1.1974125,-0.79385018,-0.59563315,0.12256867,0
2.94714,1.933831,-0.58431107,0.79385018,0.59563315,-0.12256867,0
1.1939886,-3.6331632,2.4350193,0.59790957,-0.80127907,-0.021357417,0
-1.4523555,-3.4677548,-2.0948386,-0.11093286,-0.056330323,-0.9922303,0
0.56960177,4.8354073,1.8042591,-0.59790957,0.80127907,0.021357417,0
1.78816,3.1591063,-1.3759089,0.79385018,0.59563315,-0.12256867,0
-1.960354,-2.9460104,2.2516723,-0.79385018,-0.59563315,0.12256867,0
2.8019662,0.18498671,2.2941859,0.11093286,0.056330323,0.9922303,0
1.4972484,0.21593094,2.3435378,0.11093286,0.056330323,0.9922303,0
2.1756797,2.8155856,-1.33097,0.79385018,0.59563315,-0.12256867,0
2.1452241,-2.9182236,2.0550497,0.59790957,-0.80127907,-0.021357417,0
-2.9230413,2.1668892,1.4358169,-0.59790957,0.80127907,0.021357417,0
-0.2235823,2.2031443,2.4805794,0.11093286,0.056330323,0.9922303,0
-1.1273754,-3.9662628,2.1328945,-0.79385018,-0.59563315,0.12256867,0
3.5041294,1.0925242,-0.04973498,0.79385018,0.59563315,-0.12256867,0
1.3492035,-3.3984957,-2.1296871,0.59790957,-0.80127907,-0.021357417,0
-3.4012983,-0.014843464,-2.1782472,-0.11093286,-0.056330323,-0.9922303,0
1.7666485,3.6435533,1.3773153,0.79385018,0.59563315,-0.12256867,0
4.6097751,-0.04877907,1.7307283,0.79385018,0.59563315,-0.12256867,0
-2.9576159,0.699682,2.7860727,0.11093286,0.056330323,0.9922303,0
0.75175965,-3.9122915,2.5992975,0.59790957,-0.80127907,-0.021357417,0
1.7913047,-1.2426081,2.4717867,0.11093286,0.056330323,0.9922303,0
4.8502731,-0.39980692,0.51450062,0.79385018,0.59563315,-0.12256867,0
1.2130344,4.68858,1.7861879,0.79385018,0.59563315,-0.12256867,0
2.2437737,-2.8274052,0.47402215,0.59790957,-0.80127907,-0.021357417,0
1.4042584,3.9394081,-1.0693245,0.79385018,0.59563315,-0.12256867,0
2.2704613,0.40193534,-2.7501984,-0.11093286,-0.056330323,-0.9922303,0
0.53095299,-4.0645943,-0.9536109,0.59790957,-0.80127907,-0.021357417,0
-0.76702344,-4.4556904,1.6861989,-0.79385018,-0.59563315,0.12256867,0
-2.78004,-1.8238056,1.3945767,-0.79385018,-0.59563315,0.12256867,0
-1.8144065,-1.4531504,2.7191491,0.11093286,0.056330323,0.9922303,0
0.75013268,0.59222865,-2.7208409,-0.11093286,-0.056330323,-0.9922303,0
0.63777632,0.66983676,2.3228374,0.11093286,0.056330323,0.9922303,0
-1.3978577,3.3216395,-1.4864609,-0.59790957,0.80127907,0.021357417,0
-1.4040508,0.051125526,-2.4543567,-0.11093286,-0.056330323,-0.9922303,0
-2.1540241,-2.7233305,1.534453,-0.79385018,-0.59563315,0.12256867,0
-3.298703,-1.3452201,0.52162713,-0.79385018,-0.59563315,0.12256867,0
-3.2623394,1.6796025,-2.1999037,-0.11093286,-0.056330323,-0.9922303,0
0.34740543,-4.0438452,1.539345,0.59790957,-0.80127907,-0.021357417,0
1.6189119,1.5321972,2.2651825,0.11093286,0.056330323,0.9922303,0
-1.0073617,1.3904626,2.6273675,0.11093286,0.056330323,0.9922303,0
1.9746276,2.8362184,2.1412125,0.11093286,0.056330323,0.9922303,0
3.9781697,0.38430762,-1.2563902,0.79385018,0.59563315,-0.12256867,0
-0.15372147,-1.7450893,-2.4362843,-0.11093286,-0.056330323,-0.9922303,0
0.7429527,4.8538852,2.1471756,-0.59790957,0.80127907,0.021357417,0
1.9672632,-2.9292469,-2.4753737,0.59790957,-0.80127907,-0.021357417,0
2.0336354,-2.8510888,1.5703454,0.59790957,-0.80127907,-0.021357417,0
-0.54310226,-1.7984731,-2.4496851,-0.11093286,-0.056330323,-0.9922303,0
-1.8871782,-2.9001656,2.1632798,-0.79385018,-0.59563315,0.12256867,0
0.1963625,-4.2807827,2.6846373,0.11093286,0.056330323,0.9922303,0
3.9719167,-1.2983834,-0.43554306,0.59790957,-0.80127907,-0.021357417,0
-2.5347939,2.5168943,0.61260343,-0.59790957,0.80127907,0.021357417,0
4.5531979,-1.0077119,0.029972076,0.59790957,-0.80127907,-0.021357417,0
-2.8831995,-2.2428741,-1.7693424,-0.79385018,-0.59563315,0.12256867,0
0.8464576,4.64221,-1.2647572,0.79385018,0.59563315,-0.12256867,0
-3.3201177,1.845329,-1.5940411,-0.59790957,0.80127907,0.021357417,0
-0.94161069,3.6568708,-1.2999868,-0.59790957,0.80127907,0.021357417,0
-2.0719233,-2.4818821,2.9917307,0.11093286,0.056330323,0.9922303,0
0.46569431,-2.8300915,2.5752082,0.11093286,0.056330323,0.9922303,0
-1.7150552,-3.9323149,-1.1010799,-0.79385018,-0.59563315,0.12256867,0
-0.25764227,-4.5831714,-1.4220421,0.59790957,-0.80127907,-0.021357417,0
2.4302912,2.1267571,-2.7448716,0.79385018,0.59563315,-0.12256867,0
-1.0418546,1.9308558,-2.4951546,-0.11093286,-0.056330323,-0.9922303,0
0.68630791,-3.9096141,0.0094261169,0.59790957,-0.80127907,-0.021357417,0
1.5514982,-2.4003291,-2.5240273,-0.11093286,-0.056330323,-0.9922303,0
-4.1636133,-0.52496314,-1.5305947,-0.79385018,-0.59563315,0.12256867,0
3.6229358,0.36684179,-2.6112275,0.79385018,0.59563315,-0.12256867,0
-2.7225902,-2.0190358,-2.003777,-0.11093286,-0.056330323,-0.9922303,0
3.1231959,-2.0711315,-1.0512996,0.59790957,-0.80127907,-0.021357417,0
1.7404521,3.3858075,-1.2991552,0.79385018,0.59563315,-0.12256867,0
-0.40873373,4.0939164,-2.6260262,-0.59790957,0.80127907,0.021357417,0
-1.9928617,-3.3250847,-0.62371409,-0.79385018,-0.59563315,0.12256867,0
-1.4274796,3.3146834,-0.16062999,-0.59790957,0.80127907,0.021357417,0
1.577603,3.9861386,1.0780213,0.79385018,0.59563315,-0.12256867,0
3.1656926,-0.41706908,2.2041745,0.11093286,0.056330323,0.9922303,0
4.1231861,0.20968056,-0.66180885,0.79385018,0.59563315,-0.12256867,0
-2.684819,2.385253,1.9470789,-0.59790957,0.80127907,0.021357417,0
4.2733798,0.075118303,-0.82353264,0.79385018,0.59563315,-0.12256867,0
-1.7887787,-3.3968287,0.72969437,-0.79385018,-0.59563315,0.12256867,0
-1.8084481,-0.63832808,-2.2308447,-0.11093286,-0.056330323,-0.9922303,0
2.3944573,2.1961119,-2.2098644,0.79385018,0.59563315,-0.12256867,0
-1.6606097,3.1938488,-0.62731004,-0.59790957,0.80127907,0.021357417,0
1.0427983,-1.1787972,-2.6206405,-0.11093286,-0.056330323,-0.9922303,0
3.9573998,0.42086995,-0.89517558,0.79385018,0.59563315,-0.12256867,0
-2.0089266,2.8291807,-1.9385364,-0.59790957,0.80127907,0.021357417,0
-1.2478426,3.4975326,-2.6345782,-0.59790957,0.80127907,0.021357417,0
-0.61941826,-4.785296,-1.4840152,0.59790957,-0.80127907,-0.021357417,0
0.97475231,4.8317232,1.1712372,0.79385018,0.59563315,-0.12256867,0
0.0025915504,-1.5170004,-2.3487558,-0.11093286,-0.056330323,-0.9922303,0
-1.0922608,-4.7689095,-1.6595364,-0.79385018,-0.59563315,0.12256867,0
-2.9746485,1.9894097,1.845342,-0.59790957,0.80127907,0.021357417,0
2.3278711,-2.6744909,2.5119255,0.11093286,0.056330323,0.9922303,0
-0.39172131,4.1303287,0.34666586,-0.59790957,0.80127907,0.021357417,0
-4.3286142,1.0859337,1.2285218,-0.59790957,0.80127907,0.021357417,0
4.8059788,-0.75295025,0.31404877,0.59790957,-0.80127907,-0.021357417,0
3.5748007,1.4048245,0.90407139,0.79385018,0.59563315,-0.12256867,0
-4.6559935,0.86280847,0.65249705,-0.59790957,0.80127907,0.021357417,0
2.1489868,-2.7891932,-0.90449452,0.59790957,-0.80127907,-0.021357417,0
-1.5101771,-3.565819,2.1475141,-0.79385018,-0.59563315,0.12256867,0
-3.5745442,-1.3470626,-0.8327325,-0.79385018,-0.59563315,0.12256867,0
0.06413281,-4.3927579,0.7140584,0.59790957,-0.80127907,-0.021357417,0
-0.72596407,3.7273364,1.0766964,-0.59790957,0.80127907,0.021357417,0
-3.7628512,-1.0871353,-2.1020317,-0.11093286,-0.056330323,-0.9922303,0
1.6719627,3.6020441,0.10660958,0.79385018,0.59563315,-0.12256867,0
0.57322705,-2.6176841,2.6283362,0.11093286,0.056330323,0.9922303,0
-4.6973867,0.22790575,-0.57015276,-0.79385018,-0.59563315,0.12256867,0
-1.5056455,-3.1900651,2.7478919,-0.79385018,-0.59563315,0.12256867,0
-2.3278823,1.0085061,-2.3814912,-0.11093286,-0.056330323,-0.9922303,0
3.3774695,-1.6548841,2.3365014,0.11093286,0.056330323,0.9922303,0
4.7952852,-0.28631639,0.40752268,0.79385018,0.59563315,-0.12256867,0
2.3803804,-2.6210849,1.6789205,0.59790957,-0.80127907,-0.021357417,0
4.7492847,-0.74377763,-0.93305922,0.59790957,-0.80127907,-0.021357417,0
-2.2940099,-2.9169922,0.11695969,-0.79385018,-0.59563315,0.12256867,0
1.3063331,0.85024261,2.2673645,0.11093286,0.056330323,0.9922303,0
0.86518222,-3.7761111,-1.533957,0.59790957,-0.80127907,-0.021357417,0
-3.5131459,-1.5016559,-1.4092648,-0.79385018,-0.59563315,0.12256867,0
-2.8583071,0.043636084,2.9143348,0.11093286,0.056330323,0.9922303,0
-2.4976156,-2.2125838,2.1318052,-0.79385018,-0.59563315,0.12256867,0
2.0178618,-2.9476016,0.44327831,0.59790957,-0.80127907,-0.021357417,0
-0.6738503,-4.790494,-1.6932113,0.59790957,-0.80127907,-0.021357417,0
3.2399359,-1.9719272,-0.32241488,0.59790957,-0.80127907,-0.021357417,0
3.6802146,0.55461121,-2.8043077,0.79385018,0.59563315,-0.12256867,0
1.7040393,1.6726366,-2.8908341,-0.11093286,-0.056330323,-0.9922303,0
-1.3899783,-4.527679,-1.7310405,-0.79385018,-0.59563315,0.12256867,0
2.5586448,-1.7463914,2.3889568,0.11093286,0.056330323,0.9922303,0
-1.6393665,-3.1521096,2.0919194,-0.79385018,-0.59563315,0.12256867,0
4.0834122,-0.26629925,-2.9118509,0.79385018,0.59563315,-0.12256867,0
0.80627418,4.221139,-2.5026731,0.79385018,0.59563315,-0.12256867,0
-4.2992907,1.1032774,-0.91391444,-0.59790957,0.80127907,0.021357417,0
-0.60399115,-4.7410793,-0.011853218,0.59790957,-0.80127907,-0.021357417,0
-3.4369118,1.8978224,-2.1067739,-0.59790957,0.80127907,0.021357417,0
-1.6260841,3.1987569,-0.56562638,-0.59790957,0.80127907,0.021357417,0
0.67104912,1.0021851,2.4750528,0.11093286,0.056330323,0.9922303,0
1.6327376,3.8016508,0.38447046,0.79385018,0.59563315,-0.12256867,0
-0.6821335,3.8975711,-0.6405046,-0.59790957,0.80127907,0.021357417,0
3.7252753,0.64689034,-0.52367306,0.79385018,0.59563315,-0.12256867,0
2.6369636,2.3254232,-0.59508371,0.79385018,0.59563315,-0.12256867,0
-2.7492425,2.1808805,2.1145008,-0.59790957,0.80127907,0.021357417,0
-0.37737852,4.0270801,-0.30744553,-0.59790957,0.80127907,0.021357417,0
-0.62351185,3.8655612,-0.00034785271,-0.59790957,0.80127907,0.021357417,0
-1.4684904,2.1296391,-2.4597132,-0.11093286,-0.056330323,-0.9922303,0
0.23940349,4.6106167,-1.9655237,-0.59790957,0.80127907,0.021357417,0
0.012936532,4.4049511,1.1888683,-0.59790957,0.80127907,0.021357417,0
-3.6677303,1.0699244,2.769074,0.11093286,0.056330323,0.9922303,0
0.74181288,-3.8334355,-1.4240854,0.59790957,-0.80127907,-0.021357417,0
-3.0717216,-0.50626898,2.9688909,0.11093286,0.056330323,0.9922303,0
2.1626894,-1.2704138,2.4049144,0.11093286,0.056330323,0.9922303,0
-3.6835766,1.5362306,-0.16241431,-0.59790957,0.80127907,0.021357417,0
2.6031318,-2.2416503,-2.727324,-0.11093286,-0.056330323,-0.9922303,0
-0.38028717,2.0485554,-2.5758281,-0.11093286,-0.056330323,-0.9922303,0
-2.687113,0.15549636,2.8818624,0.11093286,0.056330323,0.9922303,0
0.72286779,-3.8657429,1.3572621,0.59790957,-0.80127907,-0.021357417,0
3.6363857,-1.6095386,0.76081777,0.59790957,-0.80127907,-0.021357417,0
4.4238625,-0.13176888,0.030664563,0.79385018,0.59563315,-0.12256867,0
4.0901852,0.017789364,-1.7753029,0.79385018,0.59563315,-0.12256867,0
-0.72914547,-1.2833738,-2.4575706,-0.11093286,-0.056330323,-0.9922303,0
1.6132848,-0.39652228,2.458617,0.11093286,0.056330323,0.9922303,0
0.86919093,3.1273842,-2.8493493,-0.11093286,-0.056330323,-0.9922303,0
1.3464406,-3.2359643,-0.65603209,0.59790957,-0.80127907,-0.021357417,0
-3.7041361,-0.81625569,1.2584143,-0.79385018,-0.59563315,0.12256867,0
2.7965329,-2.3024416,0.018430948,0.59790957,-0.80127907,-0.021357417,0
-2.0486262,1.3869619,-2.4424472,-0.11093286,-0.056330323,-0.9922303,0
1.0122194,-3.5039735,-2.1463335,0.59790957,-0.80127907,-0.021357417,0
-0.040729403,-1.6060507,-2.4296391,-0.11093286,-0.056330323,-0.9922303,0
3.2634406,-1.4222047,2.2973876,0.11093286,0.056330323,0.9922303,0
-3.0133178,2.2073436,0.73387289,-0.59790957,0.80127907,0.021357417,0
-2.1323266,-1.7474271,2.8170052,0.11093286,0.056330323,0.9922303,0
-1.0936239,-4.9301443,-2.032335,-0.11093286,-0.056330323,-0.9922303,0
-2.1605883,-2.9236059,0.98253059,-0.79385018,-0.59563315,0.12256867,0
-1.2308336,-3.9774671,1.6125209,-0.79385018,-0.59563315,0.12256867,0
-0.52545905,-4.7251778,1.6045442,-0.79385018,-0.59563315,0.12256867,0
-2.6440678,-2.2053614,0.82166839,-0.79385018,-0.59563315,0.12256867,0
2.4304562,-2.6549025,1.5166039,0.59790957,-0.80127907,-0.021357417,0
1.91969,2.9478371,-2.5497251,0.79385018,0.59563315,-0.12256867,0
4.0460482,0.60106307,-0.13313574,0.79385018,0.59563315,-0.12256867,0
-1.8770015,-2.702384,-2.0656154,-0.11093286,-0.056330323,-0.9922303,0
0.17827487,3.6523979,-2.784796,-0.11093286,-0.056330323,-0.9922303,0
1.2368152,-3.4639091,-1.8911636,0.59790957,-0.80127907,-0.021357417,0
-1.2194215,-3.9817142,1.672884,-0.79385018,-0.59563315,0.12256867,0
1.8076941,0.44847178,-2.6997981,-0.11093286,-0.056330323,-0.9922303,0
2.8747857,1.819803,-1.2813643,0.79385018,0.59563315,-0.12256867,0
2.0692701,2.5811944,2.1371129,0.11093286,0.056330323,0.9922303,0
0.45732841,4.0456495,2.1447132,0.11093286,0.056330323,0.9922303,0
4.5906873,-1.0179327,-1.6759799,0.59790957,-0.80127907,-0.021357417,0
-1.8747652,2.9244466,1.4909742,-0.59790957,0.80127907,0.021357417,0
-1.3907752,-4.0233979,0.43063378,-0.79385018,-0.59563315,0.12256867,0
0.82986104,-3.6770623,0.84916115,0.59790957,-0.80127907,-0.021357417,0
1.3445917,-3.0278726,2.4963789,0.11093286,0.056330323,0.9922303,0
4.9740243,-0.30786207,1.9525738,0.79385018,0.59563315,-0.12256867,0
3.4763193,0.79865217,-1.9887238,0.79385018,0.59563315,-0.12256867,0
-1.622023,-3.9387543,-1.4977717,-0.79385018,-0.59563315,0.12256867,0
-3.2274725,-0.11131048,2.8223171,0.11093286,0.056330323,0.9922303,0
0.45394611,4.0919671,-2.7420135,-0.11093286,-0.056330323,-0.9922303,0
-3.5798683,-1.4550134,-1.1608949,-0.79385018,-0.59563315,0.12256867,0
1.0442965,4.1842318,-0.78417158,0.79385018,0.59563315,-0.12256867,0
1.535095,-0.19764352,-2.6874142,-0.11093286,-0.056330323,-0.9922303,0
4.2300234,-1.0983903,-2.4032638,0.59790957,-0.80127907,-0.021357417,0
0.6528002,-3.7423799,-1.0762303,0.59790957,-0.80127907,-0.021357417,0
0.20615795,2.6384957,2.4200282,0.11093286,0.056330323,0.9922303,0
-3.2497306,-1.6008805,-0.92887664,-0.79385018,-0.59563315,0.12256867,0
3.3064151,-1.9263964,1.9727936,0.59790957,-0.80127907,-0.021357417,0
0.39187992,4.7251148,-1.2324233,-0.59790957,0.80127907,0.021357417,0
0.33201039,-1.0998726,2.5550685,0.11093286,0.056330323,0.9922303,0
-1.2560763,-3.9048452,-2.067533,-0.11093286,-0.056330323,-0.9922303,0
3.6376066,-1.6438507,1.9146061,0.59790957,-0.80127907,-0.021357417,0
-4.0639997,1.1916604,2.5640013,-0.59790957,0.80127907,0.021357417,0
0.13501398,-2.1498954,-2.3802593,-0.11093286,-0.056330323,-0.9922303,0
-3.0873365,-1.9629049,-0.89598721,-0.79385018,-0.59563315,0.12256867,0
0.75347281,4.2497387,-2.9162598,0.79385018,0.59563315,-0.12256867,0
-0.4297851,-2.7170453,-2.2506223,-0.11093286,-0.056330323,-0.9922303,0
0.34751427,0.1565721,-2.6060724,-0.11093286,-0.056330323,-0.9922303,0
-1.8250122,1.9571013,2.6774809,0.11093286,0.056330323,0.9922303,0
-1.7498097,3.1184454,-2.5889878,-0.11093286,-0.056330323,-0.9922303,0
-0.52218109,3.0413229,2.3230457,0.11093286,0.056330323,0.9922303,0
0.55414039,-3.9187644,0.16417933,0.59790957,-0.80127907,-0.021357417,0
4.6616726,-0.34558421,0.26490951,0.79385018,0.59563315,-0.12256867,0
3.0228672,0.98901296,-2.8450613,-0.11093286,-0.056330323,-0.9922303,0
0.15120682,3.710465,2.2316041,0.11093286,0.056330323,0.9922303,0
3.0632968,-2.217593,1.2947452,0.59790957,-0.80127907,-0.021357417,0
-4.1058679,0.098261595,1.8170254,-0.79385018,-0.59563315,0.12256867,0
1.2522192,4.4789863,1.8674121,0.79385018,0.59563315,-0.12256867,0
-2.9206867,2.0419519,2.5786586,-0.59790957,0.80127907,0.021357417,0
3.1482353,1.4859173,-1.1710492,0.79385018,0.59563315,-0.12256867,0
2.4581599,2.3557253,-1.3595431,0.79385018,0.59563315,-0.12256867,0
1.762725,1.9592212,2.252578,0.11093286,0.056330323,0.9922303,0
0.26688004,4.4962883,-0.19267511,-0.59790957,0.80127907,0.021357417,0
1.1166521,4.1953125,-0.30692482,0.79385018,0.59563315,-0.12256867,0
-1.2073798,-4.5546207,-1.4322312,-0.79385018,-0.59563315,0.12256867,0
3.0217655,1.891282,-0.21069103,0.79385018,0.59563315,-0.12256867,0
-1.3741964,-3.6919973,1.2140551,-0.79385018,-0.59563315,0.12256867,0
-3.044847,-1.685256,-0.036161959,-0.79385018,-0.59563315,0.12256867,0
-0.47225329,3.6494806,2.4295974,0.11093286,0.056330323,0.9922303,0
-1.6785363,-3.3705301,1.5741773,-0.79385018,-0.59563315,0.12256867,0
0.89489281,4.5471196,0.025279999,0.79385018,0.59563315,-0.12256867,0
3.6050668,-1.6559303,1.7410278,0.59790957,-0.80127907,-0.021357417,0
2.5949802,0.95467591,-2.7966881,-0.11093286,-0.056330323,-0.9922303,0
4.4683757,-0.17691875,-0.23228621,0.79385018,0.59563315,-0.12256867,0
2.8363056,2.3611832,0.96337086,0.79385018,0.59563315,-0.12256867,0
-3.4766936,-1.0309731,1.4079337,-0.79385018,-0.59563315,0.12256867,0
3.8177836,-1.5974709,-0.91560936,0.59790957,-0.80127907,-0.021357417,0
-0.92768145,-3.669215,2.8992436,0.11093286,0.056330323,0.9922303,0
-4.174233,1.2539043,-1.0333247,-0.59790957,0.80127907,0.021357417,0
-0.2973699,0.55050921,2.4548631,0.11093286,0.056330323,0.9922303,0
-2.8907123,2.1253343,-1.21224,-0.59790957,0.80127907,0.021357417,0
3.7951984,0.38179016,-2.2747965,0.79385018,0.59563315,-0.12256867,0
2.5509911,1.9880972,-2.1008117,0.79385018,0.59563315,-0.12256867,0
2.2010741,1.7737702,2.1158152,0.11093286,0.056330323,0.9922303,0
0.82614034,-3.7869844,0.030584812,0.59790957,-0.80127907,-0.021357417,0
-4.7315588,0.85205793,-1.9585829,-0.59790957,0.80127907,0.021357417,0
2.8242087,-0.27002144,-2.8329849,-0.11093286,-0.056330323,-0.9922303,0
3.0503476,2.2286527,1.715174,0.79385018,0.59563315,-0.12256867,0
0.91856903,-3.5984421,1.523361,0.59790957,-0.80127907,-0.021357417,0
1.7716615,3.3934832,-1.3947976,0.79385018,0.59563315,-0.12256867,0
-3.4869075,1.7428514,-1.5806408,-0.59790957,0.80127907,0.021357417,0
2.919883,1.451092,-1.9054737,0.79385018,0.59563315,-0.12256867,0
-0.94708389,-4.7982497,-1.5338621,-0.79385018,-0.59563315,0.12256867,0
3.0260468,2.1164739,1.1903815,0.79385018,0.59563315,-0.12256867,0
0.018898249,4.3302908,-1.140429,-0.59790957,0.80127907,0.021357417,0
-2.3723612,2.6867924,-1.9441929,-0.59790957,0.80127907,0.021357417,0
0.096741796,-0.30976439,2.53055,0.11093286,0.056330323,0.9922303,0
2.8735411,1.5797975,2.1719224,0.11093286,0.056330323,0.9922303,0
-1.6562063,3.16096,-1.5813198,-0.59790957,0.80127907,0.021357417,0
-0.55030543,4.0180554,-0.47055864,-0.59790957,0.80127907,0.021357417,0
2.1790652,-1.2839923,2.385325,0.11093286,0.056330323,0.9922303,0
-1.9481983,2.8174517,-0.33530402,-0.59790957,0.80127907,0.021357417,0
0.98892432,-2.269022,-2.4144182,-0.11093286,-0.056330323,-0.9922303,0
-1.2791494,3.4482541,-1.0951326,-0.59790957,0.80127907,0.021357417,0
-3.8289292,-0.86411792,-1.1819589,-0.79385018,-0.59563315,0.12256867,0
2.5075665,1.9240918,-2.2669451,0.79385018,0.59563315,-0.12256867,0
2.0991945,-2.8798182,1.1033533,0.59790957,-0.80127907,-0.021357417,0
-0.098003253,2.9419832,2.2853382,0.11093286,0.056330323,0.9922303,0
-1.5728024,-3.4135933,2.3585973,-0.79385018,-0.59563315,0.12256867,0
0.33828142,-2.4043407,-2.4574554,-0.11093286,-0.056330323,-0.9922303,0
-1.61901,3.1915014,0.83864594,-0.59790957,0.80127907,0.021357417,0
3.2279301,-2.0166161,0.98470354,0.59790957,-0.80127907,-0.021357417,0
-0.59389383,0.97157931,2.5691061,0.11093286,0.056330323,0.9922303,0
2.1080413,3.1875665,-0.081127167,0.79385018,0.59563315,-0.12256867,0
1.1681856,-3.5905221,0.20263433,0.59790957,-0.80127907,-0.021357417,0
-3.3646936,-1.7813066,-2.0041108,-0.79385018,-0.59563315,0.12256867,0
-1.4085691,-3.568491,1.909565,-0.79385018,-0.59563315,0.12256867,0
1.7063147,2.5470474,-2.9487915,-0.11093286,-0.056330323,-0.9922303,0
-1.4828728,-2.0849931,-2.3140755,-0.11093286,-0.056330323,-0.9922303,0
3.0783291,-2.1755619,0.46740484,0.59790957,-0.80127907,-0.021357417,0
4.5706348,0.08567822,1.7335172,0.79385018,0.59563315,-0.12256867,0
-4.8916054,0.52652526,-0.064745903,-0.79385018,-0.59563315,0.12256867,0
-3.9988089,1.5413845,-1.9064257,-0.59790957,0.80127907,0.021357417,0
0.31111228,2.3164663,-2.7610874,-0.11093286,-0.056330323,-0.9922303,0
2.4869778,-2.3468485,-2.367429,0.59790957,-0.80127907,-0.021357417,0
0.95666289,4.7523055,0.10577631,0.79385018,0.59563315,-0.12256867,0
1.084383,-2.9841719,2.5730724,0.11093286,0.056330323,0.9922303,0
-1.3203509,2.4473226,-2.5972321,-0.11093286,-0.056330323,-0.9922303,0
1.6057991,-0.4635725,2.4162886,0.11093286,0.056330323,0.9922303,0
0.4074989,-3.9629974,-0.17478871,0.59790957,-0.80127907,-0.021357417,0
-2.8091791,2.2153797,1.1118169,-0.59790957,0.80127907,0.021357417,0
-2.722717,2.2803638,2.3959932,-0.59790957,0.80127907,0.021357417,0
-0.52158737,3.3041623,2.4753404,0.11093286,0.056330323,0.9922303,0
-0.15973592,-2.3667297,2.7393436,0.11093286,0.056330323,0.9922303,0
3.8886631,-1.3838309,0.83209348,0.59790957,-0.80127907,-0.021357417,0
4.570116,-0.9823314,-0.8308084,0.59790957,-0.80127907,-0.021357417,0
-0.56344557,4.0171695,-2.5627913,-0.59790957,0.80127907,0.021357417,0
0.73806524,3.6078665,-2.7948639,-0.11093286,-0.056330323,-0.9922303,0
-2.9636264,-0.75414109,2.8394651,0.11093286,0.056330323,0.9922303,0
0.67586601,-3.843436,2.6851022,0.11093286,0.056330323,0.9922303,0
-3.8414977,1.3587809,1.7183281,-0.59790957,0.80127907,0.021357417,0
-1.2227132,-2.5428448,-2.1490276,-0.11093286,-0.056330323,-0.9922303,0
0.84379864,4.292573,-1.959286,0.79385018,0.59563315,-0.12256867,0
3.7494817,0.88493216,1.9842086,0.11093286,0.056330323,0.9922303,0
-0.069098949,4.3104,-2.1086326,-0.59790957,0.80127907,0.021357417,0
4.1270428,-1.2665753,1.6150224,0.59790957,-0.80127907,-0.021357417,0
-3.2516286,-1.6733115,0.019862801,-0.79385018,-0.59563315,0.12256867,0
-3.4774783,1.8762691,0.50416183,-0.59790957,0.80127907,0.021357417,0
-0.33245087,-4.5332031,2.8708901,0.11093286,0.056330323,0.9922303,0
-4.5286646,0.55765104,1.5614421,-0.79385018,-0.59563315,0.12256867,0
1.1325696,-3.6073332,-1.3726213,0.59790957,-0.80127907,-0.021357417,0
-1.5515716,-0.480057,2.6895919,0.11093286,0.056330323,0.9922303,0
2.7673986,-2.3044422,1.2802351,0.59790957,-0.80127907,-0.021357417,0
1.3097584,2.087558,-2.779839,-0.11093286,-0.056330323,-0.9922303,0
0.12465417,-4.3354459,2.2333107,0.59790957,-0.80127907,-0.021357417,0
-1.334597,-4.1197877,-0.47548294,-0.79385018,-0.59563315,0.12256867,0
0.38922596,-3.6005385,-2.3965163,-0.11093286,-0.056330323,-0.9922303,0
2.4622498,-1.5633142,-2.6820278,-0.11093286,-0.056330323,-0.9922303,0
1.2483801,-0.38496268,2.4067345,0.11093286,0.056330323,0.9922303,0
1.9015377,3.3204544,0.34642601,0.79385018,0.59563315,-0.12256867,0
1.0512223,-3.4889591,-0.22151589,0.59790957,-0.80127907,-0.021357417,0
-2.909533,-1.7127005,1.7996244,-0.79385018,-0.59563315,0.12256867,0
2.1010809,-2.6834517,-0.28371811,0.59790957,-0.80127907,-0.021357417,0
1.4592552,0.030943155,-2.6096599,-0.11093286,-0.056330323,-0.9922303,0
-1.6984804,-3.8783803,-1.0535755,-0.79385018,-0.59563315,0.12256867,0
-3.5927103,1.5039029,2.4841032,-0.59790957,0.80127907,0.021357417,0
-1.900511,-3.3702559,-2.1596079,-0.11093286,-0.056330323,-0.9922303,0
3.7282615,-1.4131513,-2.2714398,0.59790957,-0.80127907,-0.021357417,0
3.8430395,0.63949108,-0.4245019,0.79385018,0.59563315,-0.12256867,0
-2.1670012,2.7587068,1.8425112,-0.59790957,0.80127907,0.021357417,0
2.4237847,2.480041,-1.454108,0.79385018,0.59563315,-0.12256867,0
-1.7592809,1.0901208,2.7289252,0.11093286,0.056330323,0.9922303,0
