1.2969272,3.5863776,-0.33221793,0.92182112,0.33022857,-0.20296597,0
-2.8500264,2.0987477,1.4084293,-0.20245445,0.85671651,0.47439373,0
2.7196915,-2.6734068,-0.22453809,0.20245445,-0.85671651,-0.47439373,0
0.25380635,-2.8354504,-1.2924747,0.20245445,-0.85671651,-0.47439373,0
1.8815198,-2.8560352,-0.29039168,0.20245445,-0.85671651,-0.47439373,0
1.6240141,-2.1728363,-1.6965227,0.20245445,-0.85671651,-0.47439373,0
0.35389113,-1.7024841,-2.9497015,0.20245445,-0.85671651,-0.47439373,0
0.20030659,3.1613171,-2.1846948,-0.33054268,0.39621472,-0.85659564,0
0.3016386,-3.5507178,0.30615878,0.20245445,-0.85671651,-0.47439373,0
2.1856828,0.16946363,-1.6245897,0.92182112,0.33022857,-0.20296597,0
1.4233871,2.3805597,2.5590742,-0.20245445,0.85671651,0.47439373,0
-1.8455353,-0.96230125,2.4132552,-0.92182112,-0.33022857,0.20296597,0
2.3105352,-2.6249211,-0.50468969,0.20245445,-0.85671651,-0.47439373,0
-0.89106035,-1.6841387,3.0772712,0.33054268,-0.39621472,0.85659564,0
2.0311348,0.21087646,-2.7596626,0.92182112,0.33022857,-0.20296597,0
-1.6043534,2.6914523,0.9809866,-0.20245445,0.85671651,0.47439373,0
0.35436726,3.1051714,0.98844784,-0.20245445,0.85671651,0.47439373,0
1.7057611,1.3998444,-1.9998137,0.92182112,0.33022857,-0.20296597,0
1.7539015,2.232254,-0.63078862,0.92182112,0.33022857,-0.20296597,0
-1.8429198,0.99095368,3.8267527,-0.20245445,0.85671651,0.47439373,0
1.5208993,-0.0085830688,-4.1222143,-0.33054268,0.39621472,-0.85659564,0
0.61393237,2.6136386,1.9100096,-0.20245445,0.85671651,0.47439373,0
1.9649282,-2.3011751,-1.3640081,0.20245445,-0.85671651,-0.47439373,0
1.5143762,-2.7644801,-0.83300889,0.20245445,-0.85671651,-0.47439373,0
2.2896132,-1.0482752,-3.6089096,0.20245445,-0.85671651,-0.47439373,0
0.57504177,-3.2219777,1.8027329,0.33054268,-0.39621472,0.85659564,0
-2.2730565,-0.40623406,-2.8479424,-0.33054268,0.39621472,-0.85659564,0
-2.0857015,-0.96935797,0.84265172,-0.92182112,-0.33022857,0.20296597,0
2.6360123,0.22443151,-0.07963872,0.92182112,0.33022857,-0.20296597,0
0.75437927,-0.63623041,2.9997704,0.33054268,-0.39621472,0.85659564,0
0.99416685,-3.105828,-0.43344426,0.20245445,-0.85671651,-0.47439373,0
-3.1165578,0.38546991,-0.98422146,-0.92182112,-0.33022857,0.20296597,0
1.9303052,2.6877418,2.4343743,-0.20245445,0.85671651,0.47439373,0
0.1119597,3.2456107,0.70021021,-0.20245445,0.85671651,0.47439373,0
0.11571455,-1.6311817,-3.1647387,0.20245445,-0.85671651,-0.47439373,0
-0.35829532,-4.3888135,1.6530924,0.33054268,-0.39621472,0.85659564,0
1.199778,3.2590351,-1.6162179,0.92182112,0.33022857,-0.20296597,0
-1.9499981,0.55614734,4.0747881,-0.92182112,-0.33022857,0.20296597,0
-0.57444692,-2.1903586,-2.6353202,0.20245445,-0.85671651,-0.47439373,0
-3.2427475,1.6830392,-1.4155316,-0.33054268,0.39621472,-0.85659564,0
1.8943782,-2.8594711,-0.48876834,0.20245445,-0.85671651,-0.47439373,0
-2.5915217,2.7014878,-1.3232565,-0.33054268,0.39621472,-0.85659564,0
-2.2103646,-2.6776297,-2.2504697,-0.92182112,-0.33022857,0.20296597,0
1.0563638,1.9159094,-2.9624124,-0.33054268,0.39621472,-0.85659564,0
-3.450521,0.82355559,-1.641258,-0.92182112,-0.33022857,0.20296597,0
-1.7378662,-0.73026329,-3.1127467,-0.33054268,0.39621472,-0.85659564,0
-3.2000546,2.4520712,-1.1822739,-0.33054268,0.39621472,-0.85659564,0
1.4819795,2.9349375,-0.73378587,0.92182112,0.33022857,-0.20296597,0
-2.629509,-1.8808784,-2.7443106,-0.92182112,-0.33022857,0.20296597,0
2.3310888,0.89212704,-0.32715422,0.92182112,0.33022857,-0.20296597,0
1.5498579,-1.351701,-3.2630863,0.20245445,-0.85671651,-0.47439373,0
-1.284548,-2.2613626,2.6152592,-0.92182112,-0.33022857,0.20296597,0
-1.8252163,-0.4171567,3.2422731,-0.92182112,-0.33022857,0.20296597,0
2.6135423,-1.4027326,-2.5638175,0.92182112,0.33022857,-0.20296597,0
0.75406563,3.7796943,-0.035675406,-0.20245445,0.85671651,0.47439373,0
0.59009981,1.7254174,3.3501632,-0.20245445,0.85671651,0.47439373,0
-0.86615252,3.7677732,-0.85986161,-0.20245445,0.85671651,0.47439373,0
-0.2030828,0.8140974,3.8443384,0.33054268,-0.39621472,0.85659564,0
0.95966673,3.163559,-2.3680189,-0.33054268,0.39621472,-0.85659564,0
-0.50823259,-0.89631498,3.249747,0.33054268,-0.39621472,0.85659564,0
-2.8479912,2.7557507,-1.0545278,-0.33054268,0.39621472,-0.85659564,0
-0.96016264,3.4239664,-0.15456152,-0.20245445,0.85671651,0.47439373,0
2.9197788,-2.8305759,0.14121723,0.20245445,-0.85671651,-0.47439373,0
-2.8390048,-1.3637677,-2.9861877,-0.33054268,0.39621472,-0.85659564,0
-0.25513816,-1.6680627,-3.5178552,0.20245445,-0.85671651,-0.47439373,0
-2.2286563,-0.2449739,2.2053456,-0.92182112,-0.33022857,0.20296597,0
-3.6665165,2.5788772,-0.79373264,-0.33054268,0.39621472,-0.85659564,0
3.4057541,-2.5794358,0.9631238,0.33054268,-0.39621472,0.85659564,0
1.6053673,1.9587736,-1.6563362,0.92182112,0.33022857,-0.20296597,0
-2.1734655,-1.3767275,0.072383463,-0.92182112,-0.33022857,0.20296597,0
-2.756907,-0.029900789,-0.42815614,-0.92182112,-0.33022857,0.20296597,0
2.3565321,-1.316535,-3.1064284,0.20245445,-0.85671651,-0.47439373,0
0.44550753,-2.6071024,-1.6028306,0.20245445,-0.85671651,-0.47439373,0
2.9175668,0.61067581,2.7094352,0.33054268,-0.39621472,0.85659564,0
1.9944693,1.2813482,-1.1800127,0.92182112,0.33022857,-0.20296597,0
1.1959848,3.4926207,-1.2034054,0.92182112,0.33022857,-0.20296597,0
0.93954003,-0.75045145,2.7659845,0.33054268,-0.39621472,0.85659564,0
-1.7771168,0.0004928112,3.803257,-0.92182112,-0.33022857,0.20296597,0
1.7512766,-0.013466604,2.8907459,0.33054268,-0.39621472,0.85659564,0
1.8964046,0.2214621,2.9331307,0.33054268,-0.39621472,0.85659564,0
-1.1619067,-0.64749265,3.6280107,0.33054268,-0.39621472,0.85659564,0
-3.0408292,2.8828521,-1.085052,-0.33054268,0.39621472,-0.85659564,0
1.6978253,0.7521413,3.1471043,0.33054268,-0.39621472,0.85659564,0
1.2017195,-2.8362131,-0.88217664,0.20245445,-0.85671651,-0.47439373,0
-0.80835295,0.91985226,4.1290178,0.33054268,-0.39621472,0.85659564,0
-2.2811441,-1.7985961,-1.2948756,-0.92182112,-0.33022857,0.20296597,0
2.6749167,2.0163281,3.0378268,0.92182112,0.33022857,-0.20296597,0
-1.762135,-0.39930105,4.0362,-0.92182112,-0.33022857,0.20296597,0
-0.50402081,1.1511688,-2.8298254,-0.33054268,0.39621472,-0.85659564,0
1.6803601,2.4889669,-0.83771473,0.92182112,0.33022857,-0.20296597,0
1.5577753,2.9069364,1.6494355,-0.20245445,0.85671651,0.47439373,0
-1.2733935,-3.4066489,1.230139,-0.92182112,-0.33022857,0.20296597,0
-0.59864855,-2.7906263,-1.4540288,0.20245445,-0.85671651,-0.47439373,0
-1.5170313,-2.1057463,2.2453427,-0.92182112,-0.33022857,0.20296597,0
-1.9098977,1.5080837,-1.9609344,-0.33054268,0.39621472,-0.85659564,0
-0.14720404,4.1024504,-1.2367785,-0.20245445,0.85671651,0.47439373,0
-1.7753584,1.0776889,-2.3458219,-0.33054268,0.39621472,-0.85659564,0
0.3680687,2.9245319,-2.3728135,-0.33054268,0.39621472,-0.85659564,0
-0.72283876,-3.6703439,0.098025084,0.20245445,-0.85671651,-0.47439373,0
-2.6325934,0.55237466,-2.2022245,-0.33054268,0.39621472,-0.85659564,0
3.347218,-1.7172806,0.15388608,0.92182112,0.33022857,-0.20296597,0
2.0088301,-1.1286166,-3.5292988,0.20245445,-0.85671651,-0.47439373,0
0.53093147,1.4887111,3.886363,0.33054268,-0.39621472,0.85659564,0
-1.5385542,-1.518122,3.0506921,-0.92182112,-0.33022857,0.20296597,0
1.1600595,2.7396474,-2.4400294,0.92182112,0.33022857,-0.20296597,0
0.91168988,-3.6067967,1.4126635,0.33054268,-0.39621472,0.85659564,0
-2.8785851,0.60905099,-0.19781446,-0.92182112,-0.33022857,0.20296597,0
2.4363353,-2.476666,-0.79010296,0.20245445,-0.85671651,-0.47439373,0
2.8796792,-2.5546079,1.2945337,0.33054268,-0.39621472,0.85659564,0
-2.6870763,-0.5020088,-1.1614542,-0.92182112,-0.33022857,0.20296597,0
1.6523349,2.57166,2.4120729,-0.20245445,0.85671651,0.47439373,0
-0.065857649,1.0008656,-3.0397563,-0.33054268,0.39621472,-0.85659564,0
-1.6204157,1.9506338,-2.0867324,-0.33054268,0.39621472,-0.85659564,0
-1.8197556,-0.75443411,3.1062779,-0.92182112,-0.33022857,0.20296597,0
-2.1138153,-2.1013007,-0.423987,-0.92182112,-0.33022857,0.20296597,0
0.55471778,-2.9795427,-0.86373353,0.20245445,-0.85671651,-0.47439373,0
-0.77125931,-1.9891418,-2.9373155,0.20245445,-0.85671651,-0.47439373,0
-1.1782527,0.12240148,4.0526314,0.33054268,-0.39621472,0.85659564,0
3.0976374,0.37919652,2.4014342,0.92182112,0.33022857,-0.20296597,0
-2.2322252,-1.1931803,0.52125877,-0.92182112,-0.33022857,0.20296597,0
-0.37086856,-4.1901956,1.0835249,0.20245445,-0.85671651,-0.47439373,0
2.4931521,0.046748638,-0.58411902,0.92182112,0.33022857,-0.20296597,0
-0.79935884,3.2140651,0.10474229,-0.20245445,0.85671651,0.47439373,0
3.5118639,-1.9035702,1.27806,0.33054268,-0.39621472,0.85659564,0
-2.7307389,2.9623275,-0.24317622,-0.20245445,0.85671651,0.47439373,0
1.6916761,2.4859531,2.4135478,-0.20245445,0.85671651,0.47439373,0
-1.1055338,-2.1406131,-2.8513834,0.20245445,-0.85671651,-0.47439373,0
-0.76560283,-2.8356605,-1.6090513,0.20245445,-0.85671651,-0.47439373,0
3.3839645,-1.3760023,0.42300558,0.92182112,0.33022857,-0.20296597,0
1.9188501,2.2743356,0.4076871,0.92182112,0.33022857,-0.20296597,0
0.085224152,-3.8278236,0.55512261,0.20245445,-0.85671651,-0.47439373,0
-0.60748172,3.6563087,-0.47444725,-0.20245445,0.85671651,0.47439373,0
2.5602999,1.9035518,2.6854117,0.92182112,0.33022857,-0.20296597,0
0.44290495,4.1009932,-0.95300174,-0.20245445,0.85671651,0.47439373,0
1.9903996,1.7598548,-0.56321007,0.92182112,0.33022857,-0.20296597,0
-3.6457303,1.6836655,-1.2964296,-0.33054268,0.39621472,-0.85659564,0
2.6711404,1.9317045,2.9064243,0.92182112,0.33022857,-0.20296597,0
2.9914231,-1.0423784,-0.36067009,0.92182112,0.33022857,-0.20296597,0
0.55524182,-0.62543648,2.8890955,0.33054268,-0.39621472,0.85659564,0
1.4329598,-0.21116218,2.9049015,0.33054268,-0.39621472,0.85659564,0
-0.83872938,1.0092225,4.1745028,-0.20245445,0.85671651,0.47439373,0
3.7799172,-2.9883606,0.49871397,0.20245445,-0.85671651,-0.47439373,0
0.025763035,3.0181892,-2.0490243,-0.33054268,0.39621472,-0.85659564,0
2.8288436,-1.7640991,1.5212352,0.33054268,-0.39621472,0.85659564,0
-2.6864855,1.3149064,2.0137377,-0.92182112,-0.33022857,0.20296597,0
-1.3621254,2.2459793,1.7426375,-0.20245445,0.85671651,0.47439373,0
-2.4240258,2.7708921,-1.2146516,-0.33054268,0.39621472,-0.85659564,0
1.1880177,1.3209999,-3.3824222,-0.33054268,0.39621472,-0.85659564,0
2.8238802,-0.61810946,2.0975533,0.33054268,-0.39621472,0.85659564,0
1.2898424,3.4297929,0.65694749,-0.20245445,0.85671651,0.47439373,0
2.1372035,-1.6978641,-2.4818029,0.20245445,-0.85671651,-0.47439373,0
-0.30256271,-3.2353728,-0.50418973,0.20245445,-0.85671651,-0.47439373,0
-0.33376718,-2.166492,-2.3827159,0.20245445,-0.85671651,-0.47439373,0
1.2069383,2.8261824,1.7146035,-0.20245445,0.85671651,0.47439373,0
1.7854224,-3.5124192,1.1111479,0.33054268,-0.39621472,0.85659564,0
-1.3920143,-2.6388459,-2.1181607,0.20245445,-0.85671651,-0.47439373,0
1.9292332,2.4773114,0.40359446,0.92182112,0.33022857,-0.20296597,0
-1.3752056,3.6264739,-0.81894732,-0.20245445,0.85671651,0.47439373,0
1.9405686,2.9252756,1.9679855,-0.20245445,0.85671651,0.47439373,0
-1.721915,1.0430018,-2.4324043,-0.33054268,0.39621472,-0.85659564,0
1.8600559,-0.060644627,-4.1491046,0.92182112,0.33022857,-0.20296597,0
1.2984865,2.1379118,2.8770113,-0.20245445,0.85671651,0.47439373,0
-1.0869398,-3.9155393,0.34404528,0.20245445,-0.85671651,-0.47439373,0
1.6090112,3.0526991,-0.14848977,0.92182112,0.33022857,-0.20296597,0
-1.1246113,3.5922863,-1.4582484,-0.33054268,0.39621472,-0.85659564,0
0.17836714,-1.643581,-3.0959334,0.20245445,-0.85671651,-0.47439373,0
2.5864453,1.2379334,1.1018147,0.92182112,0.33022857,-0.20296597,0
0.74311304,-2.4226792,-1.6789441,0.20245445,-0.85671651,-0.47439373,0
1.2941301,0.91926527,-3.5866857,-0.33054268,0.39621472,-0.85659564,0
0.43600893,-2.6979322,-1.3247845,0.20245445,-0.85671651,-0.47439373,0
2.7916656,-0.36284709,2.1602349,0.33054268,-0.39621472,0.85659564,0
0.11214304,3.1493206,0.76521391,-0.20245445,0.85671651,0.47439373,0
-1.4007719,-1.7301996,-3.6824222,0.20245445,-0.85671651,-0.47439373,0
-2.5692344,0.31630373,1.2317108,-0.92182112,-0.33022857,0.20296597,0
-2.207979,2.4992979,0.99827731,-0.20245445,0.85671651,0.47439373,0
-2.902205,0.4208827,-0.2362411,-0.92182112,-0.33022857,0.20296597,0
2.2851529,1.8511102,3.5885429,0.33054268,-0.39621472,0.85659564,0
2.2351146,2.4117122,1.6086934,0.92182112,0.33022857,-0.20296597,0
1.9574602,1.1492087,-1.3203728,0.92182112,0.33022857,-0.20296597,0
-2.0785739,-0.84319568,1.6184396,-0.92182112,-0.33022857,0.20296597,0
1.1956956,-0.99225235,2.6749754,0.33054268,-0.39621472,0.85659564,0
-3.1169403,0.70827281,-2.0258293,-0.33054268,0.39621472,-0.85659564,0
-1.5117713,-2.9407384,-1.4960451,0.20245445,-0.85671651,-0.47439373,0
2.1749332,0.39499402,-2.2869925,0.92182112,0.33022857,-0.20296597,0
1.5999351,3.1543252,0.13793248,0.92182112,0.33022857,-0.20296597,0
-1.8573349,2.0487978,1.7686657,-0.20245445,0.85671651,0.47439373,0
-1.2593653,2.740344,0.84729457,-0.20245445,0.85671651,0.47439373,0
0.18677568,-1.5943764,-3.2110491,0.20245445,-0.85671651,-0.47439373,0
-1.0329158,1.6372478,3.0848138,-0.20245445,0.85671651,0.47439373,0
3.14431,-0.64362764,1.1035306,0.92182112,0.33022857,-0.20296597,0
0.73762774,-0.23966789,-3.8963599,-0.33054268,0.39621472,-0.85659564,0
0.25244856,4.0528584,-1.8086164,-0.33054268,0.39621472,-0.85659564,0
-2.3877363,-0.0090684891,1.3944352,-0.92182112,-0.33022857,0.20296597,0
-0.87736464,-0.77313721,3.3821535,0.33054268,-0.39621472,0.85659564,0
-0.41700578,2.1449244,2.3619442,-0.20245445,0.85671651,0.47439373,0
0.33374953,0.77673125,-3.2065551,-0.33054268,0.39621472,-0.85659564,0
-0.34845731,-2.6967852,2.3685472,0.33054268,-0.39621472,0.85659564,0
-1.694628,-2.1986957,1.0341768,-0.92182112,-0.33022857,0.20296597,0
-0.84026116,1.9863269,-2.1686561,-0.33054268,0.39621472,-0.85659564,0
2.0255525,1.4458578,-0.5585621,0.92182112,0.33022857,-0.20296597,0
0.57289112,2.0778198,-2.6795003,-0.33054268,0.39621472,-0.85659564,0
1.2198023,-2.8441463,1.7356195,0.33054268,-0.39621472,0.85659564,0
0.93297219,3.8382118,-0.16082966,-0.20245445,0.85671651,0.47439373,0
1.964642,0.32670879,-3.3238726,0.92182112,0.33022857,-0.20296597,0
0.12629342,2.7158511,1.5530984,-0.20245445,0.85671651,0.47439373,0
-0.15451193,-3.4966214,-0.2768147,0.20245445,-0.85671651,-0.47439373,0
3.4795623,-1.4871745,0.62024331,0.92182112,0.33022857,-0.20296597,0
-2.2894709,-1.5091226,-0.92519212,-0.92182112,-0.33022857,0.20296597,0
-2.2685797,-1.3583479,-0.074726105,-0.92182112,-0.33022857,0.20296597,0
-1.6721843,-1.6993079,2.2613673,-0.92182112,-0.33022857,0.20296597,0
-1.2093879,-2.6908214,2.5559149,-0.92182112,-0.33022857,0.20296597,0
1.4622644,1.926984,-2.2310462,0.92182112,0.33022857,-0.20296597,0
-1.1600056,1.1817212,3.7747805,-0.20245445,0.85671651,0.47439373,0
-1.3651016,-3.5517938,-0.083234191,-0.92182112,-0.33022857,0.20296597,0
2.1228068,-2.9409471,-0.22972679,0.20245445,-0.85671651,-0.47439373,0
-0.12648326,3.2373025,-1.8796387,-0.33054268,0.39621472,-0.85659564,0
-1.0271192,-2.4057178,-2.4197199,0.20245445,-0.85671651,-0.47439373,0
0.3534987,1.7637756,3.243011,-0.20245445,0.85671651,0.47439373,0
-1.3070786,-2.8242776,1.4914685,-0.92182112,-0.33022857,0.20296597,0
1.5599542,-1.2389326,-3.3519804,0.20245445,-0.85671651,-0.47439373,0
-2.8628547,1.9483254,1.7367311,-0.20245445,0.85671651,0.47439373,0
-3.3081219,1.0149056,-0.7446332,-0.92182112,-0.33022857,0.20296597,0
-1.4933014,3.6849828,-0.83082104,-0.20245445,0.85671651,0.47439373,0
-1.7947836,-2.272954,0.010003299,-0.92182112,-0.33022857,0.20296597,0
-0.71487921,-2.450177,2.7192719,0.33054268,-0.39621472,0.85659564,0
-1.405939,-3.371274,0.93066072,-0.92182112,-0.33022857,0.20296597,0
-2.6090527,-2.0122476,-3.1122139,-0.92182112,-0.33022857,0.20296597,0
1.6165371,-1.0821586,2.3746369,0.33054268,-0.39621472,0.85659564,0
-2.6114388,-1.1789392,-1.4251142,-0.92182112,-0.33022857,0.20296597,0
-0.91656899,-0.61246538,3.6436553,0.33054268,-0.39621472,0.85659564,0
-1.7701566,1.5228571,-2.079865,-0.33054268,0.39621472,-0.85659564,0
1.2832737,2.9537101,1.6716695,-0.20245445,0.85671651,0.47439373,0
1.8446,-1.549578,-2.6931982,0.20245445,-0.85671651,-0.47439373,0
-1.7996217,-2.2159538,0.93155456,-0.92182112,-0.33022857,0.20296597,0
-2.2813771,2.050328,1.7482076,-0.20245445,0.85671651,0.47439373,0
2.822716,0.3523311,2.4867268,0.33054268,-0.39621472,0.85659564,0
0.72132778,-0.61381197,-4.0379801,-0.33054268,0.39621472,-0.85659564,0
-2.1915262,0.45800972,3.1294031,-0.92182112,-0.33022857,0.20296597,0
-2.3951406,-0.38319349,0.83245188,-0.92182112,-0.33022857,0.20296597,0
-1.6536154,-2.6860833,-2.1620317,0.20245445,-0.85671651,-0.47439373,0
1.4355524,2.7557483,-0.86223865,0.92182112,0.33022857,-0.20296597,0
-1.5662796,-1.0407507,3.3227477,-0.92182112,-0.33022857,0.20296597,0
0.8123548,3.9154606,-0.58598232,-0.20245445,0.85671651,0.47439373,0
-3.495743,1.532007,-0.60409737,-0.92182112,-0.33022857,0.20296597,0
-1.6326935,-3.3057694,-0.56795019,-0.92182112,-0.33022857,0.20296597,0
3.1932168,-0.34556782,1.8087664,0.92182112,0.33022857,-0.20296597,0
0.7969296,-0.7421,-4.1429591,-0.33054268,0.39621472,-0.85659564,0
-1.3660288,0.10289825,-2.8618152,-0.33054268,0.39621472,-0.85659564,0
-3.4608674,1.0348341,-1.5784626,-0.33054268,0.39621472,-0.85659564,0
1.0233762,1.8899803,3.3544068,-0.20245445,0.85671651,0.47439373,0
-2.9689178,2.3096437,-1.2798057,-0.33054268,0.39621472,-0.85659564,0
2.3562238,0.26570344,-0.85576141,0.92182112,0.33022857,-0.20296597,0
-2.4401696,0.72941661,2.5158873,-0.92182112,-0.33022857,0.20296597,0
3.0169196,-0.9513948,-0.55578303,0.92182112,0.33022857,-0.20296597,0
1.7542174,3.0462096,1.7371582,-0.20245445,0.85671651,0.47439373,0
1.0600131,0.73572302,-3.5783067,-0.33054268,0.39621472,-0.85659564,0
3.4646325,-2.5173402,1.0985575,0.33054268,-0.39621472,0.85659564,0
-2.5315843,-2.1826887,-3.2607839,0.20245445,-0.85671651,-0.47439373,0
-0.50410986,0.48428178,-3.0783229,-0.33054268,0.39621472,-0.85659564,0
2.8566661,-2.0058959,-1.6491593,0.20245445,-0.85671651,-0.47439373,0
-2.3849521,0.098934591,-2.4954228,-0.33054268,0.39621472,-0.85659564,0
-1.1999924,2.1248589,1.9915466,-0.20245445,0.85671651,0.47439373,0
-2.0667815,-0.47123432,2.0275567,-0.92182112,-0.33022857,0.20296597,0
3.0548368,-0.74754286,0.47951722,0.92182112,0.33022857,-0.20296597,0
0.55202878,-3.6623874,1.6781316,0.33054268,-0.39621472,0.85659564,0
-0.035568714,-2.6035426,-1.6240656,0.20245445,-0.85671651,-0.47439373,0
-0.7819705,-4.0755196,1.9877391,-0.92182112,-0.33022857,0.20296597,0
-0.7045784,-2.4915383,-1.9854989,0.20245445,-0.85671651,-0.47439373,0
1.732852,-1.6405199,-2.4488649,0.20245445,-0.85671651,-0.47439373,0
-1.2413899,-2.502013,2.3038967,-0.92182112,-0.33022857,0.20296597,0
2.457005,-0.59288645,-2.3089268,0.92182112,0.33022857,-0.20296597,0
0.097634077,2.2047133,2.580323,-0.20245445,0.85671651,0.47439373,0
-2.3541553,0.02043283,-2.4766743,-0.33054268,0.39621472,-0.85659564,0
1.8410292,-1.0491574,-3.6153936,0.20245445,-0.85671651,-0.47439373,0
2.7020268,-1.1358163,-2.042058,0.92182112,0.33022857,-0.20296597,0
-1.261374,2.4411654,1.4117615,-0.20245445,0.85671651,0.47439373,0
0.49160194,-1.6678931,-2.8953259,0.20245445,-0.85671651,-0.47439373,0
1.2758834,2.0264711,-2.8962688,0.92182112,0.33022857,-0.20296597,0
-0.453282,-4.0411072,0.97920537,0.20245445,-0.85671651,-0.47439373,0
3.6736028,-1.6996,1.2634745,0.33054268,-0.39621472,0.85659564,0
-1.6188176,-0.52963948,3.8462944,0.33054268,-0.39621472,0.85659564,0
-0.87865841,-3.8169487,0.26532435,0.20245445,-0.85671651,-0.47439373,0
1.9650077,2.8437717,1.6706917,0.92182112,0.33022857,-0.20296597,0
-0.1423068,-0.34202325,-3.5540023,-0.33054268,0.39621472,-0.85659564,0
1.157918,-2.1376081,2.0979412,0.33054268,-0.39621472,0.85659564,0
-1.1881795,1.1966884,3.5077081,-0.20245445,0.85671651,0.47439373,0
0.43139458,3.171299,0.59105754,-0.20245445,0.85671651,0.47439373,0
1.8227235,2.2736769,-0.8030138,0.92182112,0.33022857,-0.20296597,0
1.7509927,1.3539692,-2.6503704,0.92182112,0.33022857,-0.20296597,0
-0.30449295,2.1426888,2.1557345,-0.20245445,0.85671651,0.47439373,0
-1.5631905,-2.93276,-1.6484309,0.20245445,-0.85671651,-0.47439373,0
-1.119722,-3.8487635,0.23672974,0.20245445,-0.85671651,-0.47439373,0
-2.7214789,1.1950657,2.2414956,-0.92182112,-0.33022857,0.20296597,0
0.35130107,3.9410706,-0.58264661,-0.20245445,0.85671651,0.47439373,0
-2.1924939,2.1708486,-1.5939851,-0.33054268,0.39621472,-0.85659564,0
-1.7113688,-2.0499184,0.76677269,-0.92182112,-0.33022857,0.20296597,0
-2.8747921,2.2682648,1.1471564,-0.20245445,0.85671651,0.47439373,0
-2.355782,-2.057919,-1.4346008,-0.92182112,-0.33022857,0.20296597,0
1.1030132,3.7882199,-0.19000566,-0.20245445,0.85671651,0.47439373,0
-2.3694973,-1.6565809,-0.94716179,-0.92182112,-0.33022857,0.20296597,0
-3.3218467,1.4849532,-0.6875639,-0.92182112,-0.33022857,0.20296597,0
-2.9968987,-0.41107154,-1.7327614,-0.92182112,-0.33022857,0.20296597,0
0.32783008,3.805969,-0.40825105,-0.20245445,0.85671651,0.47439373,0
1.5801113,-0.049362183,-4.1503406,-0.33054268,0.39621472,-0.85659564,0
-2.3905828,2.970588,-0.02468586,-0.20245445,0.85671651,0.47439373,0
1.4910393,-0.46191335,-4.3483667,-0.33054268,0.39621472,-0.85659564,0
-0.76022315,1.5043212,3.3594432,-0.20245445,0.85671651,0.47439373,0
-1.7327486,-0.72300446,-3.0578609,-0.33054268,0.39621472,-0.85659564,0
-2.1153414,-1.6692767,-3.4443381,-0.33054268,0.39621472,-0.85659564,0
-1.7986404,-2.8491042,-1.9362283,0.20245445,-0.85671651,-0.47439373,0
2.3719218,-2.7813828,-0.25611305,0.20245445,-0.85671651,-0.47439373,0
2.2987406,0.89763653,-0.14237273,0.92182112,0.33022857,-0.20296597,0
3.1075344,0.080100417,1.7335956,0.92182112,0.33022857,-0.20296597,0
0.45733967,3.5504866,-1.9199281,-0.33054268,0.39621472,-0.85659564,0
2.9451318,0.47265363,2.1597657,0.92182112,0.33022857,-0.20296597,0
1.9883124,2.464797,0.81031728,0.92182112,0.33022857,-0.20296597,0
-3.1173606,0.92704153,-0.056001425,-0.92182112,-0.33022857,0.20296597,0
-1.8806539,-2.7441013,-0.49148944,-0.92182112,-0.33022857,0.20296597,0
-1.2775276,-2.0380821,2.8651102,-0.92182112,-0.33022857,0.20296597,0
1.4121184,-0.36278769,2.7184069,0.33054268,-0.39621472,0.85659564,0
-0.64278591,2.9488339,-1.7853661,-0.33054268,0.39621472,-0.85659564,0
-0.025230944,3.0239503,-1.977906,-0.33054268,0.39621472,-0.85659564,0
-0.89644039,-1.217782,3.2991078,0.33054268,-0.39621472,0.85659564,0
1.6947715,0.62749481,-3.4461999,0.92182112,0.33022857,-0.20296597,0
2.5924256,0.30671048,-0.13981283,0.92182112,0.33022857,-0.20296597,0
0.27275366,-1.7143899,2.7073398,0.33054268,-0.39621472,0.85659564,0
-1.3674507,-2.1967602,-2.8045235,0.20245445,-0.85671651,-0.47439373,0
0.44447923,-1.80904,-2.6711643,0.20245445,-0.85671651,-0.47439373,0
-0.70166785,-4.1017566,1.9114332,0.33054268,-0.39621472,0.85659564,0
-3.3659058,1.8855703,0.15891027,-0.92182112,-0.33022857,0.20296597,0
2.2266684,0.82295907,3.0072062,0.33054268,-0.39621472,0.85659564,0
0.022770524,3.2017088,-1.963937,-0.33054268,0.39621472,-0.85659564,0
0.46685243,1.3492212,-2.9501507,-0.33054268,0.39621472,-0.85659564,0
-2.0215371,-0.016877413,3.441726,-0.92182112,-0.33022857,0.20296597,0
0.51774096,-3.9991944,1.3182888,0.20245445,-0.85671651,-0.47439373,0
2.4424179,1.5446339,1.6732138,0.92182112,0.33022857,-0.20296597,0
1.7022474,1.6048989,-2.1977458,0.92182112,0.33022857,-0.20296597,0
-2.6701014,-2.053591,-2.8045268,-0.92182112,-0.33022857,0.20296597,0
3.540272,-2.5222869,-0.15872645,0.20245445,-0.85671651,-0.47439373,0
1.5630016,3.7001176,0.46948791,-0.20245445,0.85671651,0.47439373,0
-2.3981338,-0.29028618,-2.6540151,-0.33054268,0.39621472,-0.85659564,0
-2.0491822,2.8151586,0.33554554,-0.20245445,0.85671651,0.47439373,0
-2.6162844,-0.12991643,0.54849285,-0.92182112,-0.33022857,0.20296597,0
-0.48896834,2.8615367,-1.9883301,-0.33054268,0.39621472,-0.85659564,0
-2.1548231,-1.5872164,0.19329731,-0.92182112,-0.33022857,0.20296597,0
-0.80110884,3.3950872,-0.044876575,-0.20245445,0.85671651,0.47439373,0
1.668119,-1.9005474,-2.072365,0.20245445,-0.85671651,-0.47439373,0
-0.21691108,-4.3335819,1.5289783,0.20245445,-0.85671651,-0.47439373,0
1.9276414,-0.47227335,-4.1928039,0.92182112,0.33022857,-0.20296597,0
2.2258015,-1.0370669,-3.6375525,0.92182112,0.33022857,-0.20296597,0
0.59146273,3.5834661,0.053467751,-0.20245445,0.85671651,0.47439373,0
1.4770602,-0.51809549,2.6120057,0.33054268,-0.39621472,0.85659564,0
0.035288811,-1.3424439,-3.8033118,0.20245445,-0.85671651,-0.47439373,0
0.11178637,4.0692234,-0.83265615,-0.20245445,0.85671651,0.47439373,0
1.9032488,-2.9404383,-0.34642339,0.20245445,-0.85671651,-0.47439373,0
2.7738705,0.018405914,0.039034486,0.92182112,0.33022857,-0.20296597,0
-0.88333118,0.99545079,-2.7832918,-0.33054268,0.39621472,-0.85659564,0
2.492856,0.033516407,-0.5278008,0.92182112,0.33022857,-0.20296597,0
1.5064201,3.6244473,0.12195599,0.92182112,0.33022857,-0.20296597,0
-1.4748819,-1.1631742,-3.3773379,-0.33054268,0.39621472,-0.85659564,0
-0.47428417,2.538883,1.4390789,-0.20245445,0.85671651,0.47439373,0
-2.4202828,-1.5275327,-1.3409548,-0.92182112,-0.33022857,0.20296597,0
0.76092744,4.2036119,-0.74200344,-0.20245445,0.85671651,0.47439373,0
0.96505094,0.44162393,-3.7109981,-0.33054268,0.39621472,-0.85659564,0
0.58590305,1.0742614,-3.1302614,-0.33054268,0.39621472,-0.85659564,0
1.7118123,2.5026915,-0.029274762,0.92182112,0.33022857,-0.20296597,0
-1.5717131,-0.35265893,-3.171355,-0.33054268,0.39621472,-0.85659564,0
1.1058266,1.7128632,-3.048424,-0.33054268,0.39621472,-0.85659564,0
-0.40997362,-3.2655287,-0.40072107,0.20245445,-0.85671651,-0.47439373,0
-0.84937644,3.8764906,-1.0633938,-0.20245445,0.85671651,0.47439373,0
-2.3838282,-1.0503986,-0.089252591,-0.92182112,-0.33022857,0.20296597,0
1.4852661,2.0700905,-2.2062249,0.92182112,0.33022857,-0.20296597,0
-0.62266278,0.30674243,3.8331132,0.33054268,-0.39621472,0.85659564,0
3.3296204,-2.0855517,1.2383189,0.33054268,-0.39621472,0.85659564,0
-0.66934252,-0.15159488,3.7546406,0.33054268,-0.39621472,0.85659564,0
1.5148069,0.41062725,3.2172542,0.33054268,-0.39621472,0.85659564,0
-1.8753613,-3.2294331,-1.4021587,-0.92182112,-0.33022857,0.20296597,0
0.16151893,4.2297401,-1.3504701,-0.20245445,0.85671651,0.47439373,0
2.2506223,-2.7702067,-0.18731093,0.20245445,-0.85671651,-0.47439373,0
2.2940688,2.6471403,2.605504,-0.20245445,0.85671651,0.47439373,0
-0.50348508,-1.8055637,2.9702249,0.33054268,-0.39621472,0.85659564,0
0.5353508,1.4902124,3.7420628,-0.20245445,0.85671651,0.47439373,0
-2.1929722,-0.059791327,1.8008246,-0.92182112,-0.33022857,0.20296597,0
-2.4784877,1.1035254,2.5127425,-0.92182112,-0.33022857,0.20296597,0
3.1071515,-1.5191473,1.6530156,0.33054268,-0.39621472,0.85659564,0
-3.4044871,2.1515868,0.33177352,-0.92182112,-0.33022857,0.20296597,0
1.4326823,-3.0176005,1.61552,0.33054268,-0.39621472,0.85659564,0
2.8999476,0.56564558,2.5478506,0.33054268,-0.39621472,0.85659564,0
1.8677452,0.85433245,-2.8439562,0.92182112,0.33022857,-0.20296597,0
2.100554,2.0056577,3.5682051,-0.20245445,0.85671651,0.47439373,0
-0.21385741,-1.3818914,-3.9318671,0.20245445,-0.85671651,-0.47439373,0
-2.9485939,2.208482,1.2646871,-0.20245445,0.85671651,0.47439373,0
0.34915495,-0.48454952,-3.8988523,-0.33054268,0.39621472,-0.85659564,0
-2.6821163,-2.1107209,-3.4892378,0.20245445,-0.85671651,-0.47439373,0
0.66467428,-0.47968054,-4.0363321,-0.33054268,0.39621472,-0.85659564,0
-1.4942942,-2.7607939,0.85197937,-0.92182112,-0.33022857,0.20296597,0
1.7480745,-2.937458,1.4867074,0.33054268,-0.39621472,0.85659564,0
1.5002992,-2.4034717,1.8557668,0.33054268,-0.39621472,0.85659564,0
-0.62049341,1.9670446,2.3505926,-0.20245445,0.85671651,0.47439373,0
-3.7793303,2.5474834,-0.74600077,-0.92182112,-0.33022857,0.20296597,0
0.42151904,0.10264695,-3.5954678,-0.33054268,0.39621472,-0.85659564,0
1.6563663,3.581449,0.74440944,-0.20245445,0.85671651,0.47439373,0
1.3964895,2.164932,-2.0222454,0.92182112,0.33022857,-0.20296597,0
2.0884993,-2.4130292,1.4640548,0.33054268,-0.39621472,0.85659564,0
1.0581214,1.1087307,-3.389369,-0.33054268,0.39621472,-0.85659564,0
1.567934,-0.058882423,2.8651512,0.33054268,-0.39621472,0.85659564,0
2.0231552,-2.0067601,-1.8097048,0.20245445,-0.85671651,-0.47439373,0
-2.5274818,-1.9866357,-2.8782434,-0.92182112,-0.33022857,0.20296597,0
-1.2867756,1.3815486,3.4715714,-0.20245445,0.85671651,0.47439373,0
-1.7131941,-2.1890092,-2.944694,0.20245445,-0.85671651,-0.47439373,0
2.0038271,0.89799893,-1.3533858,0.92182112,0.33022857,-0.20296597,0
-1.9320569,-2.2555709,-3.2652807,0.20245445,-0.85671651,-0.47439373,0
-0.23784357,3.4252191,-1.8808463,-0.33054268,0.39621472,-0.85659564,0
-2.853152,-1.4874749,-2.6956067,-0.92182112,-0.33022857,0.20296597,0
3.0847614,-2.7370257,1.071403,0.33054268,-0.39621472,0.85659564,0
-2.8293052,-1.03617,-2.0201364,-0.92182112,-0.33022857,0.20296597,0
-3.302428,2.1965396,-1.2717185,-0.33054268,0.39621472,-0.85659564,0
-0.16907191,0.088965893,-3.3969011,-0.33054268,0.39621472,-0.85659564,0
-3.0362549,0.82975221,0.23262763,-0.92182112,-0.33022857,0.20296597,0
-2.5026078,-2.1550977,-2.8370328,-0.92182112,-0.33022857,0.20296597,0
1.5636196,-3.4099219,0.39524674,0.20245445,-0.85671651,-0.47439373,0
0.058080137,-1.9276233,2.6733274,0.33054268,-0.39621472,0.85659564,0
-0.12218642,1.0325006,3.9382334,0.33054268,-0.39621472,0.85659564,0
-2.3232279,-1.2209804,-0.56468165,-0.92182112,-0.33022857,0.20296597,0
-3.5031161,2.4553492,0.40403104,-0.20245445,0.85671651,0.47439373,0
3.2529223,-0.6248951,1.2910042,0.92182112,0.33022857,-0.20296597,0
-2.7414811,0.84959197,1.6174691,-0.92182112,-0.33022857,0.20296597,0
-0.53570056,-3.5623479,-0.033651829,0.20245445,-0.85671651,-0.47439373,0
-1.6993859,3.3363385,-1.2557034,-0.33054268,0.39621472,-0.85659564,0
-1.741432,-1.7057297,1.2143229,-0.92182112,-0.33022857,0.20296597,0
0.40698004,0.49879551,-3.4018517,-0.33054268,0.39621472,-0.85659564,0
-1.9883461,-0.20494699,2.5430493,-0.92182112,-0.33022857,0.20296597,0
1.4760958,-2.4316773,1.8508108,0.33054268,-0.39621472,0.85659564,0
0.095484018,1.974625,2.6637769,-0.20245445,0.85671651,0.47439373,0
-1.5482373,2.1101742,-1.8955293,-0.33054268,0.39621472,-0.85659564,0
1.6036214,2.6884539,-0.39740252,0.92182112,0.33022857,-0.20296597,0
2.356391,-3.035737,0.15602064,0.20245445,-0.85671651,-0.47439373,0
-1.2543368,-3.8337018,0.0062278509,0.20245445,-0.85671651,-0.47439373,0
-2.7613208,-0.66158056,-1.3564882,-0.92182112,-0.33022857,0.20296597,0
3.4634647,-2.2008519,-0.48873758,0.92182112,0.33022857,-0.20296597,0
0.32740378,1.0796273,3.8291569,0.33054268,-0.39621472,0.85659564,0
3.0660386,-1.7957854,-1.3446437,0.92182112,0.33022857,-0.20296597,0
-2.5847631,-0.068329096,-2.5968385,-0.33054268,0.39621472,-0.85659564,0
3.0904536,-0.46851718,1.0988009,0.92182112,0.33022857,-0.20296597,0
2.2951369,-1.7408146,1.7993441,0.33054268,-0.39621472,0.85659564,0
0.63703132,-2.5996218,-1.4068027,0.20245445,-0.85671651,-0.47439373,0
2.0214829,-2.4639053,-1.0125096,0.20245445,-0.85671651,-0.47439373,0
-0.525985,0.12054133,3.8773236,0.33054268,-0.39621472,0.85659564,0
-2.6943595,1.178266,2.0951877,-0.92182112,-0.33022857,0.20296597,0
-2.7119663,0.0391469,-2.5136499,-0.33054268,0.39621472,-0.85659564,0
-1.8244821,1.1934525,-2.1779094,-0.33054268,0.39621472,-0.85659564,0
1.9610696,-0.43068981,-4.1449776,0.92182112,0.33022857,-0.20296597,0
2.7135613,-0.85051036,-1.7266647,0.92182112,0.33022857,-0.20296597,0
0.22866726,0.61205494,-3.2130234,-0.33054268,0.39621472,-0.85659564,0
-0.64648652,-0.18212312,-3.2587891,-0.33054268,0.39621472,-0.85659564,0
1.8756986,-1.3904364,-3.084058,0.20245445,-0.85671651,-0.47439373,0
2.1978111,-1.7073313,1.9192176,0.33054268,-0.39621472,0.85659564,0
-2.3470225,0.08952117,1.68677,-0.92182112,-0.33022857,0.20296597,0
-0.53190082,1.4106392,-2.6521912,-0.33054268,0.39621472,-0.85659564,0
-0.27307129,3.8709784,-1.5037403,-0.33054268,0.39621472,-0.85659564,0
3.3332739,-2.269311,1.0808654,0.33054268,-0.39621472,0.85659564,0
3.5231869,-2.4882026,-0.36053371,0.92182112,0.33022857,-0.20296597,0
-1.5710082,-1.0365584,3.5988286,-0.92182112,-0.33022857,0.20296597,0
2.981431,-2.7603486,-0.0096380711,0.20245445,-0.85671651,-0.47439373,0
1.6147498,1.0541286,-2.9149547,0.92182112,0.33022857,-0.20296597,0
-1.9513881,-1.3068416,-3.3892705,-0.33054268,0.39621472,-0.85659564,0
-1.2220683,-2.6670294,-1.8190114,0.20245445,-0.85671651,-0.47439373,0
-3.1805871,0.87773418,-0.67521739,-0.92182112,-0.33022857,0.20296597,0
-0.81477547,-1.8386792,3.0388799,0.33054268,-0.39621472,0.85659564,0
-0.3553071,-2.6957293,-1.4262687,0.20245445,-0.85671651,-0.47439373,0
-0.98857903,-2.3442895,-2.6612072,0.20245445,-0.85671651,-0.47439373,0
2.3452389,-1.167995,-3.0829844,0.92182112,0.33022857,-0.20296597,0
-0.79613805,-2.3811455,-2.3811777,0.20245445,-0.85671651,-0.47439373,0
2.0595908,-0.8781426,2.2108917,0.33054268,-0.39621472,0.85659564,0
-0.38085115,-1.5372348,2.9420488,0.33054268,-0.39621472,0.85659564,0
-0.32539916,-1.9422488,-2.7460594,0.20245445,-0.85671651,-0.47439373,0
-3.0150938,-0.39764917,-2.3454473,-0.92182112,-0.33022857,0.20296597,0
-1.7574549,-1.6123099,1.3137509,-0.92182112,-0.33022857,0.20296597,0
0.073318124,-1.0319591,2.917619,0.33054268,-0.39621472,0.85659564,0
0.52066469,-3.058424,-0.73026311,0.20245445,-0.85671651,-0.47439373,0
0.11260164,-3.3720655,1.827965,0.33054268,-0.39621472,0.85659564,0
2.5745435,1.1752983,1.7441893,0.92182112,0.33022857,-0.20296597,0
2.5424404,0.18975186,-0.460509,0.92182112,0.33022857,-0.20296597,0
-0.0014131069,4.2058029,-1.1273394,-0.20245445,0.85671651,0.47439373,0
1.5384243,2.8409462,-1.1217964,0.92182112,0.33022857,-0.20296597,0
2.7419796,-0.44482028,2.3499081,0.33054268,-0.39621472,0.85659564,0
-1.9865828,2.7855561,0.26590347,-0.20245445,0.85671651,0.47439373,0
-0.95094037,-4.0867786,0.65664172,0.20245445,-0.85671651,-0.47439373,0
-1.9933242,-2.4553194,-0.2663272,-0.92182112,-0.33022857,0.20296597,0
-2.9275341,1.6978254,-1.4803734,-0.33054268,0.39621472,-0.85659564,0
-0.70020974,1.9416432,-2.3380008,-0.33054268,0.39621472,-0.85659564,0
0.57554007,-1.6496608,-3.2067268,0.20245445,-0.85671651,-0.47439373,0
0.60403895,2.9149046,1.1954156,-0.20245445,0.85671651,0.47439373,0
0.86732167,-3.2736764,1.679847,0.33054268,-0.39621472,0.85659564,0
3.4613194,-2.1266699,0.42230225,0.92182112,0.33022857,-0.20296597,0
1.2000599,-2.4912863,-1.3231916,0.20245445,-0.85671651,-0.47439373,0
1.6293552,2.1452732,-1.7676846,0.92182112,0.33022857,-0.20296597,0
-2.37725,0.55344224,2.8310921,-0.92182112,-0.33022857,0.20296597,0
-3.2670615,2.0180006,0.90171218,-0.92182112,-0.33022857,0.20296597,0
-2.1980205,-2.3261862,-1.8750153,-0.92182112,-0.33022857,0.20296597,0
1.113899,2.7028434,1.7587705,-0.20245445,0.85671651,0.47439373,0
-1.2817745,-2.9953856,2.0180645,-0.92182112,-0.33022857,0.20296597,0
2.3669162,-1.2189724,1.9377513,0.33054268,-0.39621472,0.85659564,0
-1.7401662,-2.437268,-2.8372221,0.20245445,-0.85671651,-0.47439373,0
-1.428679,-0.91572332,-3.3098705,-0.33054268,0.39621472,-0.85659564,0
-1.4843558,-1.3220971,3.1939814,-0.92182112,-0.33022857,0.20296597,0
-2.0624847,-2.957036,-1.5182203,-0.92182112,-0.33022857,0.20296597,0
-3.0667167,1.9338467,-1.3748255,-0.33054268,0.39621472,-0.85659564,0
-1.4398524,-3.4980116,-0.61145484,0.20245445,-0.85671651,-0.47439373,0
1.8872197,1.9867935,3.3404593,-0.20245445,0.85671651,0.47439373,0
1.4308612,-1.1913027,2.4366562,0.33054268,-0.39621472,0.85659564,0
-1.5832968,-3.4598384,-0.15569353,-0.92182112,-0.33022857,0.20296597,0
3.2044005,-1.435178,-0.54865408,0.92182112,0.33022857,-0.20296597,0
1.1691773,2.6035619,-2.429383,0.92182112,0.33022857,-0.20296597,0
1.0203478,3.9260864,-1.6977499,0.92182112,0.33022857,-0.20296597,0
-2.3641117,-2.0627294,-1.7226295,-0.92182112,-0.33022857,0.20296597,0
2.9376206,-2.8936958,0.92105818,0.33054268,-0.39621472,0.85659564,0
-0.70657229,1.3987199,3.6477137,-0.20245445,0.85671651,0.47439373,0
1.5089095,2.9399674,-0.78520191,0.92182112,0.33022857,-0.20296597,0
-0.96929884,-2.2935534,-2.4660714,0.20245445,-0.85671651,-0.47439373,0
1.3388972,2.6865299,-1.4052069,0.92182112,0.33022857,-0.20296597,0
1.8343022,-2.6488378,-0.81123435,0.20245445,-0.85671651,-0.47439373,0
1.5425043,0.85099626,-3.5789537,0.92182112,0.33022857,-0.20296597,0
-2.8832853,2.8966289,-1.1207547,-0.33054268,0.39621472,-0.85659564,0
-1.5585381,-1.5905904,2.8064384,-0.92182112,-0.33022857,0.20296597,0
-0.56315947,-1.9999094,-3.0205183,0.20245445,-0.85671651,-0.47439373,0
0.34925127,3.0880549,1.0779107,-0.20245445,0.85671651,0.47439373,0
-0.86105442,2.6631911,1.1826087,-0.20245445,0.85671651,0.47439373,0
-0.96325111,2.7499208,0.81268322,-0.20245445,0.85671651,0.47439373,0
2.2314844,1.0360212,3.1941376,0.33054268,-0.39621472,0.85659564,0
-2.0189216,2.4420049,1.2624757,-0.20245445,0.85671651,0.47439373,0
-0.61929059,-0.52291149,-3.533906,-0.33054268,0.39621472,-0.85659564,0
-1.2679713,-0.88360953,3.4678097,0.33054268,-0.39621472,0.85659564,0
-1.9234226,-2.1418421,0.14399093,-0.92182112,-0.33022857,0.20296597,0
-1.2811823,-2.2544906,2.8129461,-0.92182112,-0.33022857,0.20296597,0
-0.56201088,3.9852686,-1.1413372,-0.20245445,0.85671651,0.47439373,0
-0.074267566,1.8506224,-2.6880691,-0.33054268,0.39621472,-0.85659564,0
-2.3772786,-0.35312438,0.66717356,-0.92182112,-0.33022857,0.20296597,0
1.0019567,1.8508404,3.5609689,-0.20245445,0.85671651,0.47439373,0
2.0571702,-0.6659677,-4.2363963,0.92182112,0.33022857,-0.20296597,0
-1.6241248,-1.3662409,2.2609224,-0.92182112,-0.33022857,0.20296597,0
-0.68139529,-3.2465286,-0.56031233,0.20245445,-0.85671651,-0.47439373,0
-1.5202491,-2.0279398,-3.4121211,0.20245445,-0.85671651,-0.47439373,0
1.1182346,-3.7859721,1.3010609,0.33054268,-0.39621472,0.85659564,0
1.004209,1.2145199,3.7287695,0.33054268,-0.39621472,0.85659564,0
-3.2246282,1.1412733,-0.44265532,-0.92182112,-0.33022857,0.20296597,0
-3.4340529,1.403204,-1.1722946,-0.92182112,-0.33022857,0.20296597,0
3.3126826,-0.53937888,1.6601672,0.92182112,0.33022857,-0.20296597,0
1.7058864,0.480165,3.0410552,0.33054268,-0.39621472,0.85659564,0
-2.4043975,-1.044879,0.16465259,-0.92182112,-0.33022857,0.20296597,0
3.2640662,-2.0802712,-0.63246679,0.92182112,0.33022857,-0.20296597,0
2.6771402,-0.21311998,-0.77379876,0.92182112,0.33022857,-0.20296597,0
-0.40167594,2.8793793,1.0222341,-0.20245445,0.85671651,0.47439373,0
2.9661827,1.0128677,2.6922855,0.92182112,0.33022857,-0.20296597,0
-1.2517422,-3.8842568,0.026759744,0.20245445,-0.85671651,-0.47439373,0
-1.2162199,2.1338489,2.1517661,-0.20245445,0.85671651,0.47439373,0
-1.3099544,-1.8891593,-3.6092181,0.20245445,-0.85671651,-0.47439373,0
-2.2480004,-0.034926891,2.1553373,-0.92182112,-0.33022857,0.20296597,0
2.3140016,1.7005632,0.68722206,0.92182112,0.33022857,-0.20296597,0
1.2385314,-3.8253284,1.0403092,0.20245445,-0.85671651,-0.47439373,0
0.78521067,-2.2500439,2.077194,0.33054268,-0.39621472,0.85659564,0
-1.0610647,-4.1588173,1.036165,-0.92182112,-0.33022857,0.20296597,0
1.1734236,2.0074,-2.995868,-0.33054268,0.39621472,-0.85659564,0
3.0502942,0.17922151,1.6265583,0.92182112,0.33022857,-0.20296597,0
-2.3038118,-0.11699843,2.1111357,-0.92182112,-0.33022857,0.20296597,0
2.5856833,1.328799,1.3159785,0.92182112,0.33022857,-0.20296597,0
-0.67869133,1.2154738,-2.7415149,-0.33054268,0.39621472,-0.85659564,0
-2.1420631,1.0478096,-2.2294505,-0.33054268,0.39621472,-0.85659564,0
-0.5324415,-1.1527164,3.0782106,0.33054268,-0.39621472,0.85659564,0
-1.9686521,-2.7618794,-1.4736826,-0.92182112,-0.33022857,0.20296597,0
2.1722078,1.7319571,0.8142364,0.92182112,0.33022857,-0.20296597,0
2.042768,-2.4830604,1.4943855,0.33054268,-0.39621472,0.85659564,0
-2.4733841,1.4524753,2.6581154,-0.20245445,0.85671651,0.47439373,0
0.91346931,-3.4739821,0.2989192,0.20245445,-0.85671651,-0.47439373,0
-2.1740608,-1.7851174,-0.39645815,-0.92182112,-0.33022857,0.20296597,0
-0.46619177,-1.7149662,2.9562166,0.33054268,-0.39621472,0.85659564,0
0.15288949,0.098770261,3.3964109,0.33054268,-0.39621472,0.85659564,0
-0.31284761,-1.4959044,-3.5516937,0.20245445,-0.85671651,-0.47439373,0
1.2162607,0.51406026,-3.6909165,-0.33054268,0.39621472,-0.85659564,0
1.3870757,3.5676079,0.60564458,-0.20245445,0.85671651,0.47439373,0
2.2094343,1.0104549,-0.67042625,0.92182112,0.33022857,-0.20296597,0
-0.73934484,-0.73202455,3.4667819,0.33054268,-0.39621472,0.85659564,0
