-0.76844263,3.610795,-1.7355909,0.26868403,0.94019872,-0.20936882,0
-1.703702,-1.8769889,3.4248602,0.29093915,0.12799478,0.94814122,0
1.4788244,-2.6643252,2.4770708,0.29093915,0.12799478,0.94814122,0
3.2239938,-1.9471943,-1.833921,0.91823924,-0.31566402,-0.2391504,0
2.5980759,-4.0878887,1.4253715,-0.26868403,-0.94019872,0.20936882,0
-2.133498,-1.5791332,-1.8679866,-0.29093915,-0.12799478,-0.94814122,0
1.8225379,-4.2156916,-2.5836196,-0.29093915,-0.12799478,-0.94814122,0
-3.956831,-0.44809508,2.4840221,-0.91823924,0.31566402,0.2391504,0
0.29403389,-0.50089931,-2.6418095,-0.29093915,-0.12799478,-0.94814122,0
0.086772442,2.7472939,2.2551899,0.29093915,0.12799478,0.94814122,0
3.4165876,-3.735646,1.71573,0.91823924,-0.31566402,-0.2391504,0
1.6125832,-4.6388884,-2.506381,-0.29093915,-0.12799478,-0.94814122,0
-3.0413594,1.1072297,3.3356693,-0.91823924,0.31566402,0.2391504,0
-0.50249052,2.3728364,2.3800325,0.29093915,0.12799478,0.94814122,0
3.7526922,0.86554265,-3.3085775,0.91823924,-0.31566402,-0.2391504,0
-2.1641462,-2.3139048,3.4502563,-0.26868403,-0.94019872,0.20936882,0
-2.5449431,2.6005433,3.0739596,0.29093915,0.12799478,0.94814122,0
-4.7829542,-2.4731519,-0.89099836,-0.29093915,-0.12799478,-0.94814122,0
1.8139731,-0.90667009,2.2858834,0.29093915,0.12799478,0.94814122,0
0.46985388,-4.0551558,-1.0790877,-0.26868403,-0.94019872,0.20936882,0
-3.0247505,3.2124717,-2.1436722,-0.29093915,-0.12799478,-0.94814122,0
-0.79591465,-3.9100094,-1.478317,-0.26868403,-0.94019872,0.20936882,0
-4.6605659,-2.0981882,-0.93966246,-0.29093915,-0.12799478,-0.94814122,0
-2.7043684,4.4200168,0.46526957,-0.91823924,0.31566402,0.2391504,0
-0.015907288,3.0405025,2.2418501,0.29093915,0.12799478,0.94814122,0
-2.4483352,-2.2170651,3.2177589,-0.26868403,-0.94019872,0.20936882,0
-4.4698963,-1.1569014,0.70793104,-0.91823924,0.31566402,0.2391504,0
4.2405729,1.6567788,1.0789444,0.29093915,0.12799478,0.94814122,0
-1.1239319,-3.2529969,0.57110345,-0.26868403,-0.94019872,0.20936882,0
-1.1822008,1.3233554,-2.3966546,-0.29093915,-0.12799478,-0.94814122,0
-3.6501751,2.8290167,-1.3087647,-0.91823924,0.31566402,0.2391504,0
0.23101997,-1.847672,-2.4843557,-0.29093915,-0.12799478,-0.94814122,0
0.83115649,-1.0728834,2.463346,0.29093915,0.12799478,0.94814122,0
0.95226288,-2.7601337,-2.483206,-0.29093915,-0.12799478,-0.94814122,0
-2.0911708,3.0461123,-2.3803494,-0.29093915,-0.12799478,-0.94814122,0
-4.2550178,-0.39659762,0.52313995,-0.91823924,0.31566402,0.2391504,0
1.3453091,-0.64621782,2.304359,0.29093915,0.12799478,0.94814122,0
2.5590391,-0.86938739,-3.2408025,-0.29093915,-0.12799478,-0.94814122,0
-3.4854264,1.6488557,1.061919,-0.91823924,0.31566402,0.2391504,0
1.5621957,1.4696412,-3.3094721,-0.29093915,-0.12799478,-0.94814122,0
1.3545985,-4.3101425,-0.60936844,-0.26868403,-0.94019872,0.20936882,0
3.0815451,-2.0434346,-2.0326483,0.91823924,-0.31566402,-0.2391504,0
3.0632956,1.9242871,1.3896482,0.29093915,0.12799478,0.94814122,0
3.8688798,-1.2881501,-0.20327234,0.91823924,-0.31566402,-0.2391504,0
3.2746105,-1.6677285,-1.6615033,0.91823924,-0.31566402,-0.2391504,0
-3.851593,1.8912789,-0.55129933,-0.91823924,0.31566402,0.2391504,0
-4.676322,-2.4068394,-0.84522057,-0.29093915,-0.12799478,-0.94814122,0
-2.2012081,-3.304481,-1.4039705,-0.26868403,-0.94019872,0.20936882,0
-0.10318279,-3.8724473,-0.9905864,-0.26868403,-0.94019872,0.20936882,0
-4.1513166,-1.2296786,2.3616905,-0.91823924,0.31566402,0.2391504,0
3.5558126,0.52575159,-3.4673562,0.91823924,-0.31566402,-0.2391504,0
-1.893589,4.3982382,0.17216909,0.26868403,0.94019872,-0.20936882,0
3.3382139,-3.0061905,-0.32371211,0.91823924,-0.31566402,-0.2391504,0
2.4352007,2.5313449,-2.1691809,0.26868403,0.94019872,-0.20936882,0
-3.9660869,-0.99104357,3.0872021,-0.91823924,0.31566402,0.2391504,0
-1.3564439,-2.5818591,3.0129621,-0.26868403,-0.94019872,0.20936882,0
4.3195114,-0.95089155,1.093766,0.91823924,-0.31566402,-0.2391504,0
-3.1232851,-2.9020064,-0.56347728,-0.26868403,-0.94019872,0.20936882,0
-4.0190454,1.0300789,-0.33107853,-0.91823924,0.31566402,0.2391504,0
3.5696719,-0.39521646,-2.1545026,0.91823924,-0.31566402,-0.2391504,0
-0.98061299,4.2967467,1.7295477,0.26868403,0.94019872,-0.20936882,0
-2.9104009,0.40669608,-1.8742943,-0.29093915,-0.12799478,-0.94814122,0
-0.49382877,-3.6413314,-0.36584401,-0.26868403,-0.94019872,0.20936882,0
2.9607904,2.3020906,1.5048192,0.29093915,0.12799478,0.94814122,0
-1.9642988,2.4627573,2.8575985,0.29093915,0.12799478,0.94814122,0
-2.8414397,2.8131661,2.1542923,-0.91823924,0.31566402,0.2391504,0
2.5802436,-3.3771195,-2.6085212,0.91823924,-0.31566402,-0.2391504,0
0.53749824,0.63965106,2.307929,0.29093915,0.12799478,0.94814122,0
1.3827524,3.3969965,-0.0058581829,0.26868403,0.94019872,-0.20936882,0
2.2133865,-2.3157883,-2.9847398,-0.29093915,-0.12799478,-0.94814122,0
4.7434025,2.3098536,-0.46752834,0.26868403,0.94019872,-0.20936882,0
-5.3464613,-2.2776976,-0.65576792,-0.91823924,0.31566402,0.2391504,0
2.8222857,-0.92653501,1.8276335,0.29093915,0.12799478,0.94814122,0
3.3360653,-0.28265142,-3.6115496,0.91823924,-0.31566402,-0.2391504,0
-2.6897292,-2.5158582,1.8470299,-0.26868403,-0.94019872,0.20936882,0
-4.2694769,1.2547061,-1.0561442,-0.91823924,0.31566402,0.2391504,0
-1.7092414,1.4152324,3.0482581,0.29093915,0.12799478,0.94814122,0
0.047854304,-1.1329257,-2.4986432,-0.29093915,-0.12799478,-0.94814122,0
2.6934733,-3.3772342,-1.6761475,0.91823924,-0.31566402,-0.2391504,0
0.66543925,2.0767097,-3.1143699,-0.29093915,-0.12799478,-0.94814122,0
-3.6556332,1.298962,1.2226744,-0.91823924,0.31566402,0.2391504,0
1.6004473,-1.8224754,2.2967539,0.29093915,0.12799478,0.94814122,0
0.20411277,3.5626619,-0.54075706,0.26868403,0.94019872,-0.20936882,0
0.096259594,-3.0394373,-2.3274617,-0.29093915,-0.12799478,-0.94814122,0
0.57397938,0.93648195,2.3875809,0.29093915,0.12799478,0.94814122,0
-1.6172006,-1.5772518,-1.8390584,-0.29093915,-0.12799478,-0.94814122,0
0.25884914,-3.8820601,-0.21331593,-0.26868403,-0.94019872,0.20936882,0
-3.1240501,-2.203135,3.1742692,-0.26868403,-0.94019872,0.20936882,0
1.5484607,-0.40169048,-2.9541931,-0.29093915,-0.12799478,-0.94814122,0
3.7383974,-2.9667573,1.7180619,0.91823924,-0.31566402,-0.2391504,0
-4.7280121,-2.0493617,1.5489259,-0.26868403,-0.94019872,0.20936882,0
2.7111726,2.947504,-0.25639772,0.26868403,0.94019872,-0.20936882,0
-3.2082727,1.3462093,2.4274051,-0.91823924,0.31566402,0.2391504,0
-2.7118864,2.8814692,-2.2179518,-0.29093915,-0.12799478,-0.94814122,0
3.0302382,-1.1353085,-3.3117268,0.91823924,-0.31566402,-0.2391504,0
-0.068709373,-3.4693515,-2.1487012,-0.29093915,-0.12799478,-0.94814122,0
-2.6588683,4.2966328,0.93879747,-0.91823924,0.31566402,0.2391504,0
4.2008724,1.5810114,1.2086713,0.29093915,0.12799478,0.94814122,0
-0.7072376,2.6304731,-2.8386488,-0.29093915,-0.12799478,-0.94814122,0
-0.35548174,2.1182723,-2.8173242,-0.29093915,-0.12799478,-0.94814122,0
4.8563519,1.0125518,0.5116353,0.91823924,-0.31566402,-0.2391504,0
1.9241085,2.9293675,-1.5339301,0.26868403,0.94019872,-0.20936882,0
-2.3297908,4.3189602,-0.48720872,0.26868403,0.94019872,-0.20936882,0
-2.7829657,-2.0633516,-1.4931325,-0.29093915,-0.12799478,-0.94814122,0
-2.7859535,3.1747785,1.6093521,-0.91823924,0.31566402,0.2391504,0
3.4222329,-3.5563631,2.0617263,0.29093915,0.12799478,0.94814122,0
-0.52937049,1.789571,-2.6579156,-0.29093915,-0.12799478,-0.94814122,0
-2.1000228,0.069792271,3.172863,0.29093915,0.12799478,0.94814122,0
-0.50618994,0.35681987,2.7338552,0.29093915,0.12799478,0.94814122,0
-4.3255548,0.3447687,-1.2632942,-0.29093915,-0.12799478,-0.94814122,0
3.5114536,2.1130004,-2.5805063,0.26868403,0.94019872,-0.20936882,0
-4.4122887,-1.0215003,0.85318136,-0.91823924,0.31566402,0.2391504,0
-1.2344582,-1.6487646,-2.0758946,-0.29093915,-0.12799478,-0.94814122,0
-5.1055346,-1.7826333,-0.81834793,-0.29093915,-0.12799478,-0.94814122,0
4.9498024,1.6723578,0.33464909,0.91823924,-0.31566402,-0.2391504,0
2.7027943,-2.7566116,-2.6260734,0.91823924,-0.31566402,-0.2391504,0
-3.9547548,-0.58606815,2.7179508,-0.91823924,0.31566402,0.2391504,0
1.4222739,1.0747616,-3.2863517,-0.29093915,-0.12799478,-0.94814122,0
-2.8448036,-2.9954677,-1.3448521,-0.29093915,-0.12799478,-0.94814122,0
3.1530461,-1.9479109,1.8339417,0.29093915,0.12799478,0.94814122,0
0.45249146,1.1115267,-2.9067349,-0.29093915,-0.12799478,-0.94814122,0
4.2628264,1.8671393,-2.8163853,0.91823924,-0.31566402,-0.2391504,0
0.8645215,-3.5567527,1.5003929,-0.26868403,-0.94019872,0.20936882,0
-1.4488559,-3.486542,-0.44768918,-0.26868403,-0.94019872,0.20936882,0
0.073773861,-3.4090931,1.5166293,-0.26868403,-0.94019872,0.20936882,0
0.83745098,-3.1111712,-2.4880042,-0.29093915,-0.12799478,-0.94814122,0
-3.2672896,-1.1845191,-1.3958664,-0.29093915,-0.12799478,-0.94814122,0
0.20479918,-3.8064048,0.2226807,-0.26868403,-0.94019872,0.20936882,0
-2.7307529,-2.3952246,2.7845871,-0.26868403,-0.94019872,0.20936882,0
-3.6877804,0.081285,2.7556963,-0.91823924,0.31566402,0.2391504,0
2.1008132,-4.5369215,-0.76270962,-0.26868403,-0.94019872,0.20936882,0
-3.3583364,1.2777026,2.2477727,-0.91823924,0.31566402,0.2391504,0
2.6234441,-0.37494516,-3.3299131,-0.29093915,-0.12799478,-0.94814122,0
1.1189265,-4.1573353,-0.18113542,-0.26868403,-0.94019872,0.20936882,0
0.53434896,1.5240322,-3.0098658,-0.29093915,-0.12799478,-0.94814122,0
-3.4885552,1.920433,1.1570463,-0.91823924,0.31566402,0.2391504,0
0.94087672,2.3173976,-3.1712422,-0.29093915,-0.12799478,-0.94814122,0
-3.800441,-2.5207922,0.14882469,-0.26868403,-0.94019872,0.20936882,0
2.7562807,-2.3792613,-2.8960724,0.91823924,-0.31566402,-0.2391504,0
-3.3592365,2.8182249,0.475631,-0.91823924,0.31566402,0.2391504,0
-0.51858139,0.78392196,-2.5642674,-0.29093915,-0.12799478,-0.94814122,0
-0.42305756,-4.1075258,-1.9215167,-0.26868403,-0.94019872,0.20936882,0
4.5026445,1.909312,-1.9975362,0.91823924,-0.31566402,-0.2391504,0
-3.7136919,-0.4718945,2.961061,-0.91823924,0.31566402,0.2391504,0
2.7894504,-2.2770555,-2.7031121,0.91823924,-0.31566402,-0.2391504,0
-0.44169736,0.97621226,-2.632472,-0.29093915,-0.12799478,-0.94814122,0
1.4093888,-4.4815702,-1.2256557,-0.26868403,-0.94019872,0.20936882,0
3.8840332,-0.011934042,-2.0385571,0.91823924,-0.31566402,-0.2391504,0
1.8199638,1.2448163,1.9127737,0.29093915,0.12799478,0.94814122,0
-2.8339264,4.4649701,0.31344485,-0.91823924,0.31566402,0.2391504,0
-1.0849979,1.8772697,-2.6277471,-0.29093915,-0.12799478,-0.94814122,0
4.2104816,1.4436669,-2.2597895,0.91823924,-0.31566402,-0.2391504,0
0.81790495,-1.0299156,2.6281953,0.29093915,0.12799478,0.94814122,0
3.63674,-3.4800215,1.8296891,0.91823924,-0.31566402,-0.2391504,0
0.95775342,3.2511425,-1.2780288,0.26868403,0.94019872,-0.20936882,0
2.2997563,-3.4791465,2.4709494,0.29093915,0.12799478,0.94814122,0
2.97017,2.9635081,-0.049863338,0.26868403,0.94019872,-0.20936882,0
-0.63999104,3.3282089,-2.2749729,0.26868403,0.94019872,-0.20936882,0
4.3120327,0.023252755,0.074537277,0.91823924,-0.31566402,-0.2391504,0
2.4915547,-1.1994085,1.9886606,0.29093915,0.12799478,0.94814122,0
2.2176492,-4.0797906,-2.5100706,0.91823924,-0.31566402,-0.2391504,0
-2.1489608,-3.2034554,-0.56755626,-0.26868403,-0.94019872,0.20936882,0
-2.9593184,3.809365,0.12364507,-0.91823924,0.31566402,0.2391504,0
-3.9872856,-2.1141238,1.6508279,-0.26868403,-0.94019872,0.20936882,0
3.4477184,2.886873,1.1310065,0.26868403,0.94019872,-0.20936882,0
-0.5317986,3.4649105,-1.4199419,0.26868403,0.94019872,-0.20936882,0
-0.07571134,0.83875418,-2.7607372,-0.29093915,-0.12799478,-0.94814122,0
-1.2245924,-1.5239292,-1.9673951,-0.29093915,-0.12799478,-0.94814122,0
1.4084094,-3.6230204,-2.6593928,-0.29093915,-0.12799478,-0.94814122,0
-3.3786497,3.8925443,-1.3169081,-0.91823924,0.31566402,0.2391504,0
-1.1224618,4.3519082,2.2931075,0.29093915,0.12799478,0.94814122,0
-1.1982603,4.566803,2.1860743,0.26868403,0.94019872,-0.20936882,0
-1.1453098,-0.7502501,-2.1238887,-0.29093915,-0.12799478,-0.94814122,0
0.032695293,3.4977818,-0.8928467,0.26868403,0.94019872,-0.20936882,0
-2.1731772,-0.91061556,-1.9510652,-0.29093915,-0.12799478,-0.94814122,0
-0.35057151,-1.555915,2.8611879,0.29093915,0.12799478,0.94814122,0
0.2019875,3.1302018,-2.1601353,0.26868403,0.94019872,-0.20936882,0
1.8615704,3.3845224,1.3331685,0.26868403,0.94019872,-0.20936882,0
0.41411018,3.8984308,1.7281063,0.26868403,0.94019872,-0.20936882,0
-1.7522774,4.3784523,2.6140318,0.29093915,0.12799478,0.94814122,0
2.2956338,-3.9109046,1.9925293,-0.26868403,-0.94019872,0.20936882,0
1.8355544,2.9794137,-1.2162685,0.26868403,0.94019872,-0.20936882,0
-5.0018387,-1.2337039,-0.66359377,-0.91823924,0.31566402,0.2391504,0
-0.078835011,3.7621884,0.39049631,0.26868403,0.94019872,-0.20936882,0
4.649786,2.1128175,-1.4588518,0.26868403,0.94019872,-0.20936882,0
-2.1836464,-3.3292422,-1.3248037,-0.26868403,-0.94019872,0.20936882,0
2.3868899,-4.0631428,1.6390946,-0.26868403,-0.94019872,0.20936882,0
-2.5904603,4.3976564,-0.36638093,0.26868403,0.94019872,-0.20936882,0
-3.8398981,-0.64339447,2.8651023,-0.91823924,0.31566402,0.2391504,0
1.7689641,-4.1254416,-2.5573401,-0.29093915,-0.12799478,-0.94814122,0
-4.4211798,0.71422601,-1.0054798,-0.91823924,0.31566402,0.2391504,0
-1.5835779,-1.73656,-1.8814849,-0.29093915,-0.12799478,-0.94814122,0
-0.080634952,-1.6545452,2.9386165,0.29093915,0.12799478,0.94814122,0
1.2930753,2.6965065,-3.2025723,0.26868403,0.94019872,-0.20936882,0
3.26018,-3.8923044,1.0201018,0.91823924,-0.31566402,-0.2391504,0
-3.7155592,2.9824061,-1.613281,-0.91823924,0.31566402,0.2391504,0
0.86733007,3.9126363,1.7438624,0.29093915,0.12799478,0.94814122,0
4.3616471,1.1084539,-1.6836791,0.91823924,-0.31566402,-0.2391504,0
3.5752091,-0.68575549,-2.2582445,0.91823924,-0.31566402,-0.2391504,0
2.1004634,3.1041715,-0.10848856,0.26868403,0.94019872,-0.20936882,0
0.70691568,-0.9137435,-2.8354621,-0.29093915,-0.12799478,-0.94814122,0
-4.3997746,-0.68737948,0.65897989,-0.91823924,0.31566402,0.2391504,0
4.1570511,1.7721912,-2.7355385,0.91823924,-0.31566402,-0.2391504,0
-2.074971,-3.3642685,-0.92846262,-0.26868403,-0.94019872,0.20936882,0
4.5696492,1.3553109,-0.77709723,0.91823924,-0.31566402,-0.2391504,0
3.4692967,-1.0004525,-2.3114796,0.91823924,-0.31566402,-0.2391504,0
0.68880415,-1.0186789,2.5561244,0.29093915,0.12799478,0.94814122,0
-3.0599723,3.8710263,0.20343399,-0.91823924,0.31566402,0.2391504,0
3.1284659,-4.1919613,1.6499118,-0.26868403,-0.94019872,0.20936882,0
2.7265244,-4.0538778,2.1223741,-0.26868403,-0.94019872,0.20936882,0
2.4176917,-1.1993384,-3.2420752,-0.29093915,-0.12799478,-0.94814122,0
3.4460876,-0.014981866,1.5154274,0.29093915,0.12799478,0.94814122,0
-1.4011531,-2.3093338,-1.9070817,-0.29093915,-0.12799478,-0.94814122,0
1.7062342,-0.02498436,-3.1748066,-0.29093915,-0.12799478,-0.94814122,0
-0.75545216,-2.9586301,-1.9999315,-0.29093915,-0.12799478,-0.94814122,0
-2.7023063,2.5112312,2.8795633,-0.91823924,0.31566402,0.2391504,0
-2.1132541,1.7153566,3.0700679,0.29093915,0.12799478,0.94814122,0
0.062200546,-3.5363035,-2.2755497,-0.29093915,-0.12799478,-0.94814122,0
0.5598011,-3.3638573,2.4324341,-0.26868403,-0.94019872,0.20936882,0
-1.6826901,4.5494742,1.7641318,0.26868403,0.94019872,-0.20936882,0
2.4742072,-4.1732454,1.0424753,-0.26868403,-0.94019872,0.20936882,0
-0.48569775,3.3943348,-2.4220986,0.26868403,0.94019872,-0.20936882,0
-4.5933342,-1.0544482,0.33660173,-0.91823924,0.31566402,0.2391504,0
2.8590646,-3.2491221,-1.8703609,0.91823924,-0.31566402,-0.2391504,0
4.1260934,-1.1154352,0.94624019,0.91823924,-0.31566402,-0.2391504,0
-3.481497,1.043597,1.6925259,-0.91823924,0.31566402,0.2391504,0
3.6454933,2.8686361,1.2016871,0.29093915,0.12799478,0.94814122,0
1.3938408,-3.7039223,1.628037,-0.26868403,-0.94019872,0.20936882,0
-0.51570559,-2.9907992,2.8091972,-0.26868403,-0.94019872,0.20936882,0
-3.7583067,0.25034094,1.9049911,-0.91823924,0.31566402,0.2391504,0
-1.5208805,3.5757983,2.6002712,0.29093915,0.12799478,0.94814122,0
-4.942667,-2.2385602,-0.85788727,-0.29093915,-0.12799478,-0.94814122,0
4.2732582,0.61320537,-1.0844579,0.91823924,-0.31566402,-0.2391504,0
1.1730793,3.3296785,-0.096290112,0.26868403,0.94019872,-0.20936882,0
1.8890159,-3.1719904,-2.8016939,-0.29093915,-0.12799478,-0.94814122,0
1.0007294,-0.50605273,-2.9084353,-0.29093915,-0.12799478,-0.94814122,0
-2.803802,-2.9283619,0.11048746,-0.26868403,-0.94019872,0.20936882,0
-2.8861091,-2.3499415,2.278147,-0.26868403,-0.94019872,0.20936882,0
-3.2500892,4.2108383,-2.1986518,0.26868403,0.94019872,-0.20936882,0
2.6317382,0.92494869,-3.4695086,-0.29093915,-0.12799478,-0.94814122,0
-4.1137233,1.2828989,-0.78956652,-0.91823924,0.31566402,0.2391504,0
-0.97261977,3.8829708,-0.67223835,0.26868403,0.94019872,-0.20936882,0
-2.2397287,4.0852203,2.4376252,-0.91823924,0.31566402,0.2391504,0
3.9745083,2.6812196,0.13520813,0.26868403,0.94019872,-0.20936882,0
1.6260064,2.575686,-3.369504,0.26868403,0.94019872,-0.20936882,0
-1.5223885,4.1971173,0.1686945,0.26868403,0.94019872,-0.20936882,0
2.9527826,1.1972674,1.5421321,0.29093915,0.12799478,0.94814122,0
3.4298165,-3.8726079,1.5291755,0.91823924,-0.31566402,-0.2391504,0
0.31805849,-3.9332552,-0.23091386,-0.26868403,-0.94019872,0.20936882,0
-2.3750842,4.0884552,2.1482146,-0.91823924,0.31566402,0.2391504,0
-4.9883099,-1.9305094,-0.82570171,-0.29093915,-0.12799478,-0.94814122,0
-0.53117412,0.047390938,-2.5226886,-0.29093915,-0.12799478,-0.94814122,0
-3.5988746,-0.25045204,3.199738,-0.91823924,0.31566402,0.2391504,0
-3.7434371,-0.80054569,3.0155492,-0.91823924,0.31566402,0.2391504,0
-2.1299932,4.8319435,2.2605865,-0.91823924,0.31566402,0.2391504,0
-2.6401031,-2.881067,-0.039293528,-0.26868403,-0.94019872,0.20936882,0
-3.3978128,0.38519311,2.8831496,-0.91823924,0.31566402,0.2391504,0
4.0127153,0.33102047,-1.735857,0.91823924,-0.31566402,-0.2391504,0
3.5688367,-1.9918381,0.024100304,0.91823924,-0.31566402,-0.2391504,0
-2.2742012,4.2891464,2.7385869,-0.91823924,0.31566402,0.2391504,0
-4.1360388,0.84863979,-0.15482521,-0.91823924,0.31566402,0.2391504,0
-3.20719,4.2980757,-1.6484629,0.26868403,0.94019872,-0.20936882,0
0.58666301,-4.0718303,-0.50746465,-0.26868403,-0.94019872,0.20936882,0
-0.14786869,0.79560351,-2.6100564,-0.29093915,-0.12799478,-0.94814122,0
3.2995815,-3.307056,-0.043035746,0.91823924,-0.31566402,-0.2391504,0
-1.8193247,-3.3613191,-0.81944466,-0.26868403,-0.94019872,0.20936882,0
2.0402086,-4.5150905,-0.69550133,-0.26868403,-0.94019872,0.20936882,0
-0.22695756,2.6766684,2.4438834,0.29093915,0.12799478,0.94814122,0
-2.0975399,-2.7003534,1.8080735,-0.26868403,-0.94019872,0.20936882,0
-3.1168673,-2.543622,0.92376208,-0.26868403,-0.94019872,0.20936882,0
-0.021591425,-3.1124163,-2.1556268,-0.29093915,-0.12799478,-0.94814122,0
1.5666008,2.5157127,-3.4378812,0.26868403,0.94019872,-0.20936882,0
-5.0470657,-2.0859997,-0.23951864,-0.91823924,0.31566402,0.2391504,0
-3.2762918,-1.6441414,-1.3474033,-0.29093915,-0.12799478,-0.94814122,0
0.63357878,-3.775975,-2.2231584,-0.29093915,-0.12799478,-0.94814122,0
3.9596512,2.2743027,1.1025305,0.29093915,0.12799478,0.94814122,0
-3.07059,3.3736625,-2.1642723,-0.29093915,-0.12799478,-0.94814122,0
3.0387683,-2.4485393,-2.0060136,0.91823924,-0.31566402,-0.2391504,0
-0.62708187,-3.2362421,1.1526936,-0.26868403,-0.94019872,0.20936882,0
2.4164062,2.0378296,1.6244272,0.29093915,0.12799478,0.94814122,0
-4.2501645,0.45933911,-0.033647537,-0.91823924,0.31566402,0.2391504,0
-1.0871274,0.99746644,-2.5259862,-0.29093915,-0.12799478,-0.94814122,0
4.1459227,0.81376827,-2.0251012,0.91823924,-0.31566402,-0.2391504,0
-1.9693161,2.7319946,2.8575106,0.29093915,0.12799478,0.94814122,0
4.8191719,1.9335322,-1.0789299,0.91823924,-0.31566402,-0.2391504,0
0.86295295,3.2729783,-0.59180284,0.26868403,0.94019872,-0.20936882,0
-3.0630534,-2.7970352,0.26049376,-0.26868403,-0.94019872,0.20936882,0
-4.2272477,-1.4334843,2.2865562,-0.91823924,0.31566402,0.2391504,0
4.3854141,2.2819333,-0.46439981,0.26868403,0.94019872,-0.20936882,0
4.4504776,1.3626248,-1.6705441,0.91823924,-0.31566402,-0.2391504,0
3.8797176,-1.841966,0.35537076,0.91823924,-0.31566402,-0.2391504,0
0.65740824,3.2220786,-0.9329654,0.26868403,0.94019872,-0.20936882,0
-2.3955927,-0.57246113,-1.8765167,-0.29093915,-0.12799478,-0.94814122,0
-1.9012681,-0.21214104,-2.0139203,-0.29093915,-0.12799478,-0.94814122,0
2.6583514,-0.51292324,1.9930725,0.29093915,0.12799478,0.94814122,0
3.8118927,0.43330133,1.4789906,0.29093915,0.12799478,0.94814122,0
2.8968737,-3.3131137,2.1120996,0.29093915,0.12799478,0.94814122,0
2.3637607,3.381669,1.103586,0.26868403,0.94019872,-0.20936882,0
2.6551871,-2.855092,-2.644213,0.91823924,-0.31566402,-0.2391504,0
4.1871533,2.3016708,-0.58839464,0.26868403,0.94019872,-0.20936882,0
-2.8310485,3.1696088,1.7335062,-0.91823924,0.31566402,0.2391504,0
-3.0325153,2.9578409,1.4120865,-0.91823924,0.31566402,0.2391504,0
4.1775961,-0.709674,-0.047432899,0.91823924,-0.31566402,-0.2391504,0
3.3059745,-2.2170053,-0.9547658,0.91823924,-0.31566402,-0.2391504,0
0.53021544,0.62978935,-2.8319659,-0.29093915,-0.12799478,-0.94814122,0
4.0786023,-0.95028061,0.081676006,0.91823924,-0.31566402,-0.2391504,0
1.2855291,-4.4935246,-2.3805285,-0.29093915,-0.12799478,-0.94814122,0
2.7934849,-2.2282522,-3.038017,0.91823924,-0.31566402,-0.2391504,0
-3.6808386,-0.18719482,3.0311222,-0.91823924,0.31566402,0.2391504,0
-3.6848564,1.4289901,0.41114497,-0.91823924,0.31566402,0.2391504,0
4.496417,0.54862249,-0.50072002,0.91823924,-0.31566402,-0.2391504,0
2.4363022,-3.7771132,-2.0974243,0.91823924,-0.31566402,-0.2391504,0
-4.6359458,-0.80621791,0.20280361,-0.91823924,0.31566402,0.2391504,0
-2.5277491,2.5005598,3.0461771,0.29093915,0.12799478,0.94814122,0
-3.0458503,3.2053795,0.95484543,-0.91823924,0.31566402,0.2391504,0
-0.82850504,-3.4762399,-0.28474861,-0.26868403,-0.94019872,0.20936882,0
-3.0816875,2.2454195,1.9523859,-0.91823924,0.31566402,0.2391504,0
-4.1961269,-1.902251,2.7814136,-0.91823924,0.31566402,0.2391504,0
3.9303398,-1.6164877,0.1566391,0.91823924,-0.31566402,-0.2391504,0
-2.7398369,2.7439947,-2.1014872,-0.29093915,-0.12799478,-0.94814122,0
4.8628526,1.9237086,-0.60517406,0.91823924,-0.31566402,-0.2391504,0
2.1784384,-4.1307788,1.3736695,-0.26868403,-0.94019872,0.20936882,0
-2.7230763,3.4296138,1.4744344,-0.91823924,0.31566402,0.2391504,0
-0.58847451,3.0073671,-2.7732563,-0.29093915,-0.12799478,-0.94814122,0
4.7026939,1.5515757,-0.732409,0.91823924,-0.31566402,-0.2391504,0
1.727849,1.917909,1.8462298,0.29093915,0.12799478,0.94814122,0
3.5246925,0.6126771,-3.68735,0.91823924,-0.31566402,-0.2391504,0
-2.1981697,0.047164679,-1.9013276,-0.29093915,-0.12799478,-0.94814122,0
-1.1661829,-0.99876428,3.1062667,0.29093915,0.12799478,0.94814122,0
4.0618339,-0.39689016,-0.99491596,0.91823924,-0.31566402,-0.2391504,0
3.6761711,-2.7701609,0.8828094,0.91823924,-0.31566402,-0.2391504,0
3.3389568,2.1498532,-3.0031977,0.26868403,0.94019872,-0.20936882,0
-0.84112191,-3.3189175,0.92134333,-0.26868403,-0.94019872,0.20936882,0
3.2056265,-2.8026011,-0.34361768,0.91823924,-0.31566402,-0.2391504,0
-1.8976929,-3.232847,-0.5536139,-0.26868403,-0.94019872,0.20936882,0
1.0857816,3.6250873,0.78361613,0.26868403,0.94019872,-0.20936882,0
0.84001637,-4.5035596,-2.0556576,-0.26868403,-0.94019872,0.20936882,0
-0.84965384,0.029274225,2.932215,0.29093915,0.12799478,0.94814122,0
-2.031302,1.5472574,-2.2443545,-0.29093915,-0.12799478,-0.94814122,0
1.5458102,0.2450428,-3.1373293,-0.29093915,-0.12799478,-0.94814122,0
-1.5920401,0.45594597,2.9751105,0.29093915,0.12799478,0.94814122,0
2.209002,-4.4206419,-2.0708065,0.91823924,-0.31566402,-0.2391504,0
2.9370048,-2.6239896,-1.5937538,0.91823924,-0.31566402,-0.2391504,0
-1.2303984,2.3114161,-2.6039023,-0.29093915,-0.12799478,-0.94814122,0
-0.50762129,4.1093922,1.178291,0.26868403,0.94019872,-0.20936882,0
-1.4673983,-1.625556,3.2059772,0.29093915,0.12799478,0.94814122,0
-2.6996226,-2.1977553,3.4520006,-0.26868403,-0.94019872,0.20936882,0
2.9065802,-3.2244992,-1.5400534,0.91823924,-0.31566402,-0.2391504,0
4.1252327,2.1977739,-1.3161716,0.26868403,0.94019872,-0.20936882,0
-3.3732414,3.3123295,-1.0038838,-0.91823924,0.31566402,0.2391504,0
1.8824637,-4.1651073,0.84927154,-0.26868403,-0.94019872,0.20936882,0
3.4441795,2.048723,-3.2607718,0.26868403,0.94019872,-0.20936882,0
-3.1715221,3.8163478,-0.53193259,-0.91823924,0.31566402,0.2391504,0
-5.1221924,-1.7782539,-0.85708618,-0.29093915,-0.12799478,-0.94814122,0
-0.91989756,-3.0173905,1.582703,-0.26868403,-0.94019872,0.20936882,0
0.81671691,2.7768073,-2.8079195,0.26868403,0.94019872,-0.20936882,0
-2.9622245,4.4547749,-0.13522768,-0.91823924,0.31566402,0.2391504,0
-2.1893027,0.27637696,3.2379332,0.29093915,0.12799478,0.94814122,0
-3.6587794,1.6127654,0.81314373,-0.91823924,0.31566402,0.2391504,0
1.2650313,3.2369223,-0.46213758,0.26868403,0.94019872,-0.20936882,0
2.2535527,2.7850809,-1.4371085,0.26868403,0.94019872,-0.20936882,0
1.6816378,3.3078461,0.47566688,0.26868403,0.94019872,-0.20936882,0
1.0391839,0.91495752,2.16821,0.29093915,0.12799478,0.94814122,0
0.19602323,-3.4624636,0.95765245,-0.26868403,-0.94019872,0.20936882,0
-2.9157398,2.5079718,2.0458708,-0.91823924,0.31566402,0.2391504,0
-0.94746542,3.7410848,-1.4138806,0.26868403,0.94019872,-0.20936882,0
3.3299575,0.36346483,-3.7930286,-0.29093915,-0.12799478,-0.94814122,0
3.9104586,-1.9497511,0.58042192,0.91823924,-0.31566402,-0.2391504,0
-4.2138395,-1.6445099,2.7608843,-0.91823924,0.31566402,0.2391504,0
1.5775416,-3.8030407,1.6202986,-0.26868403,-0.94019872,0.20936882,0
-0.9376936,0.3272264,-2.4200115,-0.29093915,-0.12799478,-0.94814122,0
3.557703,-0.50805521,-2.5536838,0.91823924,-0.31566402,-0.2391504,0
3.4664907,-3.0279644,0.33433509,0.91823924,-0.31566402,-0.2391504,0
1.2551346,-3.8238406,0.95720118,-0.26868403,-0.94019872,0.20936882,0
3.921968,1.2676315,-3.6166921,0.91823924,-0.31566402,-0.2391504,0
3.7602382,-2.3950179,0.55624938,0.91823924,-0.31566402,-0.2391504,0
4.4523373,0.053812623,-0.023178101,0.91823924,-0.31566402,-0.2391504,0
3.3491497,-1.3223295,-1.824687,0.91823924,-0.31566402,-0.2391504,0
-1.5179858,-3.3921378,-0.38242579,-0.26868403,-0.94019872,0.20936882,0
3.4105804,-3.0991378,0.13539171,0.91823924,-0.31566402,-0.2391504,0
-0.36398864,-3.4842901,0.44439375,-0.26868403,-0.94019872,0.20936882,0
-2.5250876,1.776108,3.1756303,0.29093915,0.12799478,0.94814122,0
-3.6234264,-1.9126595,3.0164089,-0.26868403,-0.94019872,0.20936882,0
-2.8979285,4.1312709,0.059807777,-0.91823924,0.31566402,0.2391504,0
-4.3385992,-1.7140124,2.1517529,-0.91823924,0.31566402,0.2391504,0
-2.9638565,2.6842957,1.8341184,-0.91823924,0.31566402,0.2391504,0
1.6758482,-3.6498392,-2.6168346,-0.29093915,-0.12799478,-0.94814122,0
1.2436347,-0.83067477,2.3332751,0.29093915,0.12799478,0.94814122,0
3.2757883,2.1299701,-2.9910359,0.26868403,0.94019872,-0.20936882,0
-0.58945453,0.40599322,-2.5500107,-0.29093915,-0.12799478,-0.94814122,0
-5.0207076,-1.4945928,-0.92114973,-0.29093915,-0.12799478,-0.94814122,0
-0.018671036,2.2970593,-2.963608,-0.29093915,-0.12799478,-0.94814122,0
-0.17298064,-0.69564319,2.7201154,0.29093915,0.12799478,0.94814122,0
3.4216034,-2.1151628,1.9428347,0.29093915,0.12799478,0.94814122,0
1.4726145,-3.8165159,1.4803556,-0.26868403,-0.94019872,0.20936882,0
3.368068,-3.4453714,0.37081599,0.91823924,-0.31566402,-0.2391504,0
-3.7159028,-1.9369794,3.111712,-0.26868403,-0.94019872,0.20936882,0
0.10935783,3.9280844,1.1429467,0.26868403,0.94019872,-0.20936882,0
1.5846534,-1.6929731,-2.8068404,-0.29093915,-0.12799478,-0.94814122,0
-0.43284917,3.4777102,2.274174,0.29093915,0.12799478,0.94814122,0
0.54340482,-3.2177942,-2.2777846,-0.29093915,-0.12799478,-0.94814122,0
-2.3470142,-1.762965,3.6394119,0.29093915,0.12799478,0.94814122,0
4.0426679,-0.71079218,-0.074731827,0.91823924,-0.31566402,-0.2391504,0
1.5665324,-2.5616639,-2.7301459,-0.29093915,-0.12799478,-0.94814122,0
-2.0431094,4.5191793,1.225276,0.26868403,0.94019872,-0.20936882,0
-0.2284531,1.1256055,-2.7883215,-0.29093915,-0.12799478,-0.94814122,0
1.2734888,3.2918084,-0.09920156,0.26868403,0.94019872,-0.20936882,0
-2.6456492,3.8938413,1.6310513,-0.91823924,0.31566402,0.2391504,0
3.1596165,-0.77494693,-3.3721967,0.91823924,-0.31566402,-0.2391504,0
-0.26016045,-0.23065591,-2.474242,-0.29093915,-0.12799478,-0.94814122,0
3.0871067,2.0435123,-3.6061742,0.26868403,0.94019872,-0.20936882,0
-3.3140037,-1.4446383,3.8182368,0.29093915,0.12799478,0.94814122,0
-3.8780065,-2.3250773,1.3934293,-0.26868403,-0.94019872,0.20936882,0
-2.6459708,3.7042894,2.0075536,-0.91823924,0.31566402,0.2391504,0
-0.52365017,-1.94609,-2.3187416,-0.29093915,-0.12799478,-0.94814122,0
2.3606412,-4.3801298,-1.6391509,0.91823924,-0.31566402,-0.2391504,0
4.2871385,-0.9787513,0.78484678,0.91823924,-0.31566402,-0.2391504,0
-2.3349526,-2.7640512,1.7105706,-0.26868403,-0.94019872,0.20936882,0
3.493685,-3.4764032,1.1773417,0.91823924,-0.31566402,-0.2391504,0
-3.916153,-0.2554369,2.1709304,-0.91823924,0.31566402,0.2391504,0
-2.6066322,-2.7816639,0.5917356,-0.26868403,-0.94019872,0.20936882,0
-3.312536,1.3448651,2.4500406,-0.91823924,0.31566402,0.2391504,0
0.5689919,-3.485486,1.9347315,-0.26868403,-0.94019872,0.20936882,0
2.9456859,-3.5372982,-0.47089887,0.91823924,-0.31566402,-0.2391504,0
2.5896478,-3.0820625,-2.54056,0.91823924,-0.31566402,-0.2391504,0
1.6424124,-4.4169054,-1.139783,-0.26868403,-0.94019872,0.20936882,0
-2.7988889,2.6949892,2.4220698,-0.91823924,0.31566402,0.2391504,0
-3.3905768,2.9925208,-0.51825166,-0.91823924,0.31566402,0.2391504,0
0.28246832,-3.6795948,0.36781329,-0.26868403,-0.94019872,0.20936882,0
-3.5940888,-0.052735806,3.0449286,-0.91823924,0.31566402,0.2391504,0
3.9397449,-1.4727347,0.70213723,0.91823924,-0.31566402,-0.2391504,0
0.87607622,3.9199233,1.8175299,0.26868403,0.94019872,-0.20936882,0
-4.3128552,-0.80625534,1.3420043,-0.91823924,0.31566402,0.2391504,0
2.5866303,-3.2262743,-2.2845657,0.91823924,-0.31566402,-0.2391504,0
-4.4597015,0.59353745,-1.1202517,-0.91823924,0.31566402,0.2391504,0
2.6022637,-4.5699348,-0.81315279,-0.26868403,-0.94019872,0.20936882,0
-4.1605177,1.7158196,-1.2862,-0.91823924,0.31566402,0.2391504,0
-2.7175651,1.6215174,3.1490979,0.29093915,0.12799478,0.94814122,0
3.3291445,0.71753514,1.5563006,0.29093915,0.12799478,0.94814122,0
-1.6243784,-1.6694371,-1.8623211,-0.29093915,-0.12799478,-0.94814122,0
-2.2487853,4.7560587,1.4561188,0.26868403,0.94019872,-0.20936882,0
1.4159659,-0.40933919,2.3230321,0.29093915,0.12799478,0.94814122,0
3.6846035,2.4426107,1.1866386,0.29093915,0.12799478,0.94814122,0
-3.531858,-1.9939735,2.8766575,-0.26868403,-0.94019872,0.20936882,0
-3.4423988,0.49674988,2.9424224,-0.91823924,0.31566402,0.2391504,0
-0.27596998,-3.7384052,-0.088340431,-0.26868403,-0.94019872,0.20936882,0
2.7818561,-4.1033435,-0.86052918,0.91823924,-0.31566402,-0.2391504,0
3.6201437,0.25337625,-2.9932146,0.91823924,-0.31566402,-0.2391504,0
0.36809564,3.0528786,-2.4032829,0.26868403,0.94019872,-0.20936882,0
3.7054496,1.7173564,-3.9983172,-0.29093915,-0.12799478,-0.94814122,0
-2.3441405,2.8952737,3.0384066,0.29093915,0.12799478,0.94814122,0
3.0475025,2.7912667,0.012214899,0.26868403,0.94019872,-0.20936882,0
3.4129665,1.9705477,-3.5614736,0.26868403,0.94019872,-0.20936882,0
0.0049686432,2.4541678,2.2231834,0.29093915,0.12799478,0.94814122,0
-0.6063621,3.3444109,-2.452328,0.26868403,0.94019872,-0.20936882,0
-4.0162086,-2.5522952,0.5262146,-0.26868403,-0.94019872,0.20936882,0
4.3767481,1.3764187,-1.6870389,0.91823924,-0.31566402,-0.2391504,0
3.8559537,-0.87056464,-0.39849567,0.91823924,-0.31566402,-0.2391504,0
3.6503539,-1.9533794,0.13483334,0.91823924,-0.31566402,-0.2391504,0
-3.7024825,-2.2512295,1.9805093,-0.26868403,-0.94019872,0.20936882,0
1.6604729,-3.581615,-2.7214046,-0.29093915,-0.12799478,-0.94814122,0
3.8283284,2.2921069,-1.6205106,0.26868403,0.94019872,-0.20936882,0
4.4887686,0.71365124,-0.13440609,0.91823924,-0.31566402,-0.2391504,0
-4.860074,-1.7490227,0.29611254,-0.91823924,0.31566402,0.2391504,0
4.9705133,1.5580043,0.84925413,0.29093915,0.12799478,0.94814122,0
3.8721809,0.44530821,-2.4395089,0.91823924,-0.31566402,-0.2391504,0
-4.5036225,-0.22564954,-1.1295612,-0.29093915,-0.12799478,-0.94814122,0
-0.89753151,3.4782922,-2.08076,0.26868403,0.94019872,-0.20936882,0
0.34284842,0.7666285,-2.914963,-0.29093915,-0.12799478,-0.94814122,0
-3.8595095,1.0015644,0.74464464,-0.91823924,0.31566402,0.2391504,0
3.7530353,-0.80385888,-1.0948977,0.91823924,-0.31566402,-0.2391504,0
3.5878565,0.93366408,-3.7851276,0.91823924,-0.31566402,-0.2391504,0
3.7186303,0.4217453,-3.3879199,0.91823924,-0.31566402,-0.2391504,0
-1.2372072,3.7443333,-1.0781657,0.26868403,0.94019872,-0.20936882,0
1.6723111,0.36128163,2.0579438,0.29093915,0.12799478,0.94814122,0
0.046599165,-0.24831724,2.6890767,0.29093915,0.12799478,0.94814122,0
-4.4059038,0.56032693,-1.1048403,-0.91823924,0.31566402,0.2391504,0
2.4769182,-4.2241426,1.3784515,-0.26868403,-0.94019872,0.20936882,0
1.1280506,2.5218925,2.0305052,0.29093915,0.12799478,0.94814122,0
-3.3593235,-2.534795,1.400965,-0.26868403,-0.94019872,0.20936882,0
-2.1291037,-1.1586325,-1.8169901,-0.29093915,-0.12799478,-0.94814122,0
3.909163,-1.1809999,0.17018795,0.91823924,-0.31566402,-0.2391504,0
-3.733309,0.41446161,2.1366034,-0.91823924,0.31566402,0.2391504,0
3.7680163,-1.5773647,-0.14060879,0.91823924,-0.31566402,-0.2391504,0
3.4878221,1.7430596,-4.0262818,-0.29093915,-0.12799478,-0.94814122,0
-2.5656276,4.089839,-1.248861,0.26868403,0.94019872,-0.20936882,0
4.7896276,0.55795604,0.8168745,0.91823924,-0.31566402,-0.2391504,0
-0.040058613,4.110383,1.4791057,0.26868403,0.94019872,-0.20936882,0
0.89089823,3.5605211,0.67171431,0.26868403,0.94019872,-0.20936882,0
-3.8715618,-0.50734425,2.8766966,-0.91823924,0.31566402,0.2391504,0
-3.7223768,3.0705981,-1.2049923,-0.91823924,0.31566402,0.2391504,0
-1.1089644,3.8044958,-1.2981783,0.26868403,0.94019872,-0.20936882,0
1.9931757,-0.54448104,2.025578,0.29093915,0.12799478,0.94814122,0
3.8691397,0.054758549,-2.2627201,0.91823924,-0.31566402,-0.2391504,0
1.0878737,0.63961911,-3.0465145,-0.29093915,-0.12799478,-0.94814122,0
0.25565791,2.704443,-3.1177073,-0.29093915,-0.12799478,-0.94814122,0
3.3600101,-3.4913571,0.44044185,0.91823924,-0.31566402,-0.2391504,0
-4.5649028,-1.8980693,1.8513842,-0.91823924,0.31566402,0.2391504,0
0.23592734,-3.382884,1.9086562,-0.26868403,-0.94019872,0.20936882,0
2.5167944,-0.62628865,-3.2775612,-0.29093915,-0.12799478,-0.94814122,0
0.31853652,2.2419891,2.3231244,0.29093915,0.12799478,0.94814122,0
1.5319023,-4.344101,-2.4254117,-0.29093915,-0.12799478,-0.94814122,0
-3.4793873,0.011678219,3.6214728,-0.91823924,0.31566402,0.2391504,0
-2.6108322,-3.1965208,-1.4205786,-0.29093915,-0.12799478,-0.94814122,0
-0.32809711,-3.0337863,2.9689884,-0.26868403,-0.94019872,0.20936882,0
-4.9379635,-2.1588781,0.74813652,-0.26868403,-0.94019872,0.20936882,0
-4.1435189,-1.9694121,2.6167016,-0.26868403,-0.94019872,0.20936882,0
4.0352607,1.1324377,-3.1117654,0.91823924,-0.31566402,-0.2391504,0
4.8971672,2.0294845,0.8967061,0.29093915,0.12799478,0.94814122,0
-3.1981993,2.9863141,0.26530981,-0.91823924,0.31566402,0.2391504,0
-0.75048923,-3.0441966,2.1179235,-0.26868403,-0.94019872,0.20936882,0
-0.72776818,0.29276586,-2.552403,-0.29093915,-0.12799478,-0.94814122,0
3.0316684,-1.9627261,-2.278368,0.91823924,-0.31566402,-0.2391504,0
0.31464767,3.9124882,2.0719271,0.29093915,0.12799478,0.94814122,0
-4.1124501,1.0240536,-0.74807072,-0.91823924,0.31566402,0.2391504,0
3.7596691,-3.0117528,1.3664525,0.91823924,-0.31566402,-0.2391504,0
3.0681756,-4.1289997,0.70538545,0.91823924,-0.31566402,-0.2391504,0
1.6356845,-3.9584739,0.61308616,-0.26868403,-0.94019872,0.20936882,0
-4.1276855,-2.2275927,1.5221295,-0.26868403,-0.94019872,0.20936882,0
3.6750946,2.9346969,1.0892098,0.29093915,0.12799478,0.94814122,0
2.189487,-3.7372444,2.3819356,-0.26868403,-0.94019872,0.20936882,0
-2.7720761,-1.3873053,3.690758,0.29093915,0.12799478,0.94814122,0
-4.0889254,-2.3763752,0.69040203,-0.26868403,-0.94019872,0.20936882,0
0.17606592,-3.1197255,2.9432232,-0.26868403,-0.94019872,0.20936882,0
2.8147135,-3.7362099,-0.70032167,0.91823924,-0.31566402,-0.2391504,0
5.0415549,2.2740846,0.023555279,0.91823924,-0.31566402,-0.2391504,0
3.1644256,1.0020342,-3.7252429,-0.29093915,-0.12799478,-0.94814122,0
-5.073987,-2.2098274,-0.75050974,-0.29093915,-0.12799478,-0.94814122,0
2.2871943,2.5629585,-2.5338397,0.26868403,0.94019872,-0.20936882,0
-2.0231338,3.0448592,-2.4661016,-0.29093915,-0.12799478,-0.94814122,0
-0.90716052,4.0969753,0.63599569,0.26868403,0.94019872,-0.20936882,0
-3.3753033,1.831121,1.0281153,-0.91823924,0.31566402,0.2391504,0
2.8096507,-2.559551,-2.3113143,0.91823924,-0.31566402,-0.2391504,0
3.5209255,-3.7368746,2.1328678,0.29093915,0.12799478,0.94814122,0
-2.3388574,-2.7050209,-1.4969183,-0.29093915,-0.12799478,-0.94814122,0
-3.9352915,0.073088884,1.7891531,-0.91823924,0.31566402,0.2391504,0
0.96024942,2.7849908,-3.1851459,0.26868403,0.94019872,-0.20936882,0
3.8295653,-1.2597971,-0.49587345,0.91823924,-0.31566402,-0.2391504,0
2.121634,3.2707548,0.41976571,0.26868403,0.94019872,-0.20936882,0
-3.8114071,1.2734323,0.071781158,-0.91823924,0.31566402,0.2391504,0
1.0861621,-1.618214,2.579072,0.29093915,0.12799478,0.94814122,0
4.5100899,2.3957963,0.96574211,0.29093915,0.12799478,0.94814122,0
4.5028496,2.1136289,-1.6427479,0.26868403,0.94019872,-0.20936882,0
-4.4397621,-0.39893708,0.33563185,-0.91823924,0.31566402,0.2391504,0
3.238637,2.4617689,-1.0440562,0.26868403,0.94019872,-0.20936882,0
4.5670218,0.13012993,0.80611992,0.91823924,-0.31566402,-0.2391504,0
-2.9408612,2.9873424,1.3483334,-0.91823924,0.31566402,0.2391504,0
-2.7770734,2.7990062,2.219945,-0.91823924,0.31566402,0.2391504,0
0.19202495,3.4306021,-0.66552639,0.26868403,0.94019872,-0.20936882,0
3.3111243,2.6768303,-0.85490346,0.26868403,0.94019872,-0.20936882,0
-0.73983884,-3.109246,1.7632622,-0.26868403,-0.94019872,0.20936882,0
-2.9156075,3.4635525,0.66307044,-0.91823924,0.31566402,0.2391504,0
-2.6410475,3.040319,2.3807154,-0.91823924,0.31566402,0.2391504,0
-2.2028742,-2.4385443,2.4829631,-0.26868403,-0.94019872,0.20936882,0
1.1613939,-3.8503404,0.61762965,-0.26868403,-0.94019872,0.20936882,0
-1.9755559,-3.4236581,-0.8676424,-0.26868403,-0.94019872,0.20936882,0
0.79921532,3.827513,1.4915127,0.26868403,0.94019872,-0.20936882,0
-2.5805042,3.9692008,-2.210669,0.26868403,0.94019872,-0.20936882,0
-0.092399359,3.6472874,-0.46184152,0.26868403,0.94019872,-0.20936882,0
-5.0418768,-1.6474071,-0.38528061,-0.91823924,0.31566402,0.2391504,0
-0.483248,3.9185505,0.01637727,0.26868403,0.94019872,-0.20936882,0
2.7319014,2.803884,-0.29414225,0.26868403,0.94019872,-0.20936882,0
3.9366832,2.5765753,0.22497225,0.26868403,0.94019872,-0.20936882,0
-3.3974648,-2.0473487,-1.2897348,-0.29093915,-0.12799478,-0.94814122,0
2.2939126,1.6536287,1.6313318,0.29093915,0.12799478,0.94814122,0
-3.5454507,0.32941079,2.7303874,-0.91823924,0.31566402,0.2391504,0
2.8136716,0.46878469,1.7701614,0.29093915,0.12799478,0.94814122,0
-9.393692e-05,-3.6668696,-2.1968274,-0.29093915,-0.12799478,-0.94814122,0
-3.6553013,-0.007247448,2.6151543,-0.91823924,0.31566402,0.2391504,0
1.0403638,-3.6720488,-2.4864564,-0.29093915,-0.12799478,-0.94814122,0
-2.1951263,-1.956983,-1.6452513,-0.29093915,-0.12799478,-0.94814122,0
2.4231613,1.0014935,1.8447821,0.29093915,0.12799478,0.94814122,0
1.1745842,-2.6802156,-2.5810964,-0.29093915,-0.12799478,-0.94814122,0
-2.4377687,-2.8110318,1.2345359,-0.26868403,-0.94019872,0.20936882,0
-2.0634699,3.1025941,-2.5124791,-0.29093915,-0.12799478,-0.94814122,0
0.076616287,-3.5729289,0.58110869,-0.26868403,-0.94019872,0.20936882,0
-1.2130771,4.2299962,0.50678682,0.26868403,0.94019872,-0.20936882,0
-3.5509901,-0.20233679,3.5572257,-0.91823924,0.31566402,0.2391504,0
2.4322362,-0.22724736,1.9700377,0.29093915,0.12799478,0.94814122,0
2.4109011,2.615509,-1.9724834,0.26868403,0.94019872,-0.20936882,0
-3.9135966,-1.3894643,-1.1625514,-0.29093915,-0.12799478,-0.94814122,0
0.33908081,-4.0585361,-0.68306845,-0.26868403,-0.94019872,0.20936882,0
3.5097766,2.0896354,1.3591907,0.29093915,0.12799478,0.94814122,0
-3.3847294,-2.5816824,0.48335075,-0.26868403,-0.94019872,0.20936882,0
-3.4217343,0.035941362,3.1311939,-0.91823924,0.31566402,0.2391504,0
3.1652892,0.59608209,1.6466672,0.29093915,0.12799478,0.94814122,0
