3.9480474,-1.9605505,1.9038674,0.88743514,0.095217109,-0.45099065,0
-0.33578396,2.2936444,-4.3800497,-0.31602252,0.83795041,-0.44493684,0
3.7166739,2.0380094,2.1871302,0.33554217,0.53737581,0.7737174,0
-0.66395831,-3.8580773,-2.149189,-0.33554217,-0.53737581,-0.7737174,0
-0.46601629,0.11982393,-5.0983381,-0.33554217,-0.53737581,-0.7737174,0
-1.8919177,2.5335999,-3.0437129,-0.31602252,0.83795041,-0.44493684,0
0.3503561,-5.0276256,-0.5720098,0.31602252,-0.83795041,0.44493684,0
4.084094,-0.80601859,2.2246213,0.88743514,0.095217109,-0.45099065,0
3.9181089,0.42764688,2.1609819,0.88743514,0.095217109,-0.45099065,0
-0.046170682,2.6070299,3.4950209,0.33554217,0.53737581,0.7737174,0
-0.50441027,3.201551,-2.6265812,-0.31602252,0.83795041,-0.44493684,0
-1.7522318,4.8254194,2.4587541,0.33554217,0.53737581,0.7737174,0
-1.296689,4.8805165,1.2082551,-0.31602252,0.83795041,-0.44493684,0
-1.4594469,4.5534163,2.5635266,0.33554217,0.53737581,0.7737174,0
-1.1583688,-1.8278079,2.9515982,-0.88743514,-0.095217109,0.45099065,0
-1.9013705,4.4554248,0.73083568,-0.31602252,0.83795041,-0.44493684,0
2.1928511,-2.2240489,-1.7966096,0.88743514,0.095217109,-0.45099065,0
4.0202122,-1.3903763,3.6249433,0.31602252,-0.83795041,0.44493684,0
1.2777597,1.0461038,3.9466662,0.33554217,0.53737581,0.7737174,0
-1.6714829,-1.4041196,2.0718076,-0.88743514,-0.095217109,0.45099065,0
1.4606686,-3.8279626,-3.193706,-0.33554217,-0.53737581,-0.7737174,0
-0.8865099,1.4647577,-5.6251965,-0.31602252,0.83795041,-0.44493684,0
-2.6071973,2.8789458,-1.6910315,-0.31602252,0.83795041,-0.44493684,0
2.7413239,-1.6547515,4.0082922,0.31602252,-0.83795041,0.44493684,0
-1.4957862,3.1182613,3.4582176,-0.88743514,-0.095217109,0.45099065,0
1.3068199,2.9569738,-2.5412929,0.88743514,0.095217109,-0.45099065,0
-3.4997258,-0.50811756,-3.2362683,-0.33554217,-0.53737581,-0.7737174,0
0.82636678,3.4912546,2.5150013,0.33554217,0.53737581,0.7737174,0
2.8178148,-0.70658469,4.4817762,0.33554217,0.53737581,0.7737174,0
-4.6460166,0.83582997,-3.6286936,-0.33554217,-0.53737581,-0.7737174,0
-4.4170709,0.09683609,-3.2075007,-0.88743514,-0.095217109,0.45099065,0
0.26970172,-4.2750721,-2.4465461,-0.33554217,-0.53737581,-0.7737174,0
2.2136767,-4.0593109,-0.14327049,0.31602252,-0.83795041,0.44493684,0
1.4341159,-4.7105432,-2.4581561,-0.33554217,-0.53737581,-0.7737174,0
-2.746865,4.2320099,1.032526,-0.31602252,0.83795041,-0.44493684,0
4.228992,-1.64484,2.9606237,0.31602252,-0.83795041,0.44493684,0
-0.31969166,-5.4440632,-1.2318435,0.31602252,-0.83795041,0.44493684,0
-3.0332677,2.2132351,0.19667774,-0.88743514,-0.095217109,0.45099065,0
3.2854445,1.5863949,1.313273,0.88743514,0.095217109,-0.45099065,0
1.1832533,-0.26610446,-3.4411805,0.88743514,0.095217109,-0.45099065,0
0.40687108,0.24682283,4.8958268,0.33554217,0.53737581,0.7737174,0
1.3644824,4.4175239,1.4558516,0.33554217,0.53737581,0.7737174,0
-1.6878272,-0.79603058,-3.9362063,-0.33554217,-0.53737581,-0.7737174,0
0.76318955,4.8726277,-0.27163029,-0.31602252,0.83795041,-0.44493684,0
2.7551758,2.9688618,0.51532888,0.88743514,0.095217109,-0.45099065,0
-0.36640286,4.2670164,-0.56858134,-0.31602252,0.83795041,-0.44493684,0
2.2036016,-4.1113605,-0.1471504,0.31602252,-0.83795041,0.44493684,0
-0.28975296,4.694437,0.11244154,-0.31602252,0.83795041,-0.44493684,0
-3.2350421,0.1360873,-3.8284953,-0.33554217,-0.53737581,-0.7737174,0
1.5109215,-1.3892403,5.1093884,0.31602252,-0.83795041,0.44493684,0
3.8603134,0.72684932,2.1929054,0.88743514,0.095217109,-0.45099065,0
-1.9189978,1.0885279,-5.0936899,-0.33554217,-0.53737581,-0.7737174,0
1.8157444,5.5744104,0.24201798,-0.31602252,0.83795041,-0.44493684,0
-1.9981492,-1.4261138,1.2634909,-0.88743514,-0.095217109,0.45099065,0
2.0152192,-1.2867888,5.0632601,0.31602252,-0.83795041,0.44493684,0
-2.3871953,3.0442965,-1.4447078,-0.31602252,0.83795041,-0.44493684,0
0.32666612,5.4391928,0.91331291,-0.31602252,0.83795041,-0.44493684,0
0.51290369,5.3522015,0.83233571,-0.31602252,0.83795041,-0.44493684,0
0.66259456,-5.0680728,-1.8868446,-0.33554217,-0.53737581,-0.7737174,0
0.10967135,2.6467705,-3.9707708,-0.31602252,0.83795041,-0.44493684,0
0.61311293,4.3953514,-0.93792248,-0.31602252,0.83795041,-0.44493684,0
-0.099375725,-2.9491034,3.6633849,0.31602252,-0.83795041,0.44493684,0
-0.9249258,-5.1650701,-1.1637764,-0.33554217,-0.53737581,-0.7737174,0
-1.5657705,-1.6776454,1.9822617,-0.88743514,-0.095217109,0.45099065,0
3.4568372,-1.0134417,4.4291058,0.33554217,0.53737581,0.7737174,0
-3.9178631,-0.60503793,-2.9327593,-0.33554217,-0.53737581,-0.7737174,0
-4.1174059,0.29380512,-3.7048287,-0.33554217,-0.53737581,-0.7737174,0
3.982564,1.2075703,2.4837191,0.88743514,0.095217109,-0.45099065,0
-2.4535661,2.7766166,-2.1022713,-0.31602252,0.83795041,-0.44493684,0
0.69345856,-3.1705217,2.6744075,0.31602252,-0.83795041,0.44493684,0
-0.69624448,-3.279731,3.3050802,0.31602252,-0.83795041,0.44493684,0
-2.3803301,4.7707124,1.7771552,-0.88743514,-0.095217109,0.45099065,0
2.3048768,-0.27848768,4.4590807,0.33554217,0.53737581,0.7737174,0
3.458199,-2.0063741,0.70556617,0.88743514,0.095217109,-0.45099065,0
1.523376,0.56270427,4.2306209,0.33554217,0.53737581,0.7737174,0
2.3196774,4.6973119,0.056407452,0.88743514,0.095217109,-0.45099065,0
0.57350969,2.5395823,-3.9363189,0.88743514,0.095217109,-0.45099065,0
0.21590567,-3.525043,2.1793118,0.31602252,-0.83795041,0.44493684,0
2.9356155,-3.3608968,0.75325453,0.31602252,-0.83795041,0.44493684,0
-0.83616233,-1.9456841,-3.3352604,-0.33554217,-0.53737581,-0.7737174,0
-1.7874787,-5.3427329,0.09153533,0.31602252,-0.83795041,0.44493684,0
-2.0985112,-3.01021,-2.2759838,-0.33554217,-0.53737581,-0.7737174,0
-0.84217137,0.17080903,3.7466347,-0.88743514,-0.095217109,0.45099065,0
-3.6346014,-1.6837422,-2.0407369,-0.88743514,-0.095217109,0.45099065,0
-0.98282766,1.5111401,-5.6345162,-0.31602252,0.83795041,-0.44493684,0
-2.5332973,-4.8506403,-0.62223721,-0.88743514,-0.095217109,0.45099065,0
-0.91587996,5.3411446,1.7209668,-0.31602252,0.83795041,-0.44493684,0
1.0974267,5.0922651,1.1399307,0.33554217,0.53737581,0.7737174,0
-2.7866015,-2.9222941,-2.0113087,-0.33554217,-0.53737581,-0.7737174,0
1.8746653,-4.0168962,0.29272223,0.31602252,-0.83795041,0.44493684,0
2.6482475,2.0910254,0.11894941,0.88743514,0.095217109,-0.45099065,0
2.3321295,-2.7987609,2.0178204,0.31602252,-0.83795041,0.44493684,0
-1.5015082,2.4296153,-3.386826,-0.31602252,0.83795041,-0.44493684,0
2.4641001,4.2146053,0.21360397,0.88743514,0.095217109,-0.45099065,0
2.8438778,1.7283782,0.37413692,0.88743514,0.095217109,-0.45099065,0
1.7146492,-3.2441049,1.8220199,0.31602252,-0.83795041,0.44493684,0
0.18096781,-4.6007619,-2.1345468,-0.33554217,-0.53737581,-0.7737174,0
2.0939131,-2.9867959,2.0333114,0.31602252,-0.83795041,0.44493684,0
0.90137053,-3.0816445,2.3541536,0.31602252,-0.83795041,0.44493684,0
2.6605926,-2.8549957,1.6597606,0.31602252,-0.83795041,0.44493684,0
2.1109905,-0.54662633,-1.5397458,0.88743514,0.095217109,-0.45099065,0
0.79734683,4.5243263,-1.0484073,-0.31602252,0.83795041,-0.44493684,0
-3.7110927,1.7344699,-1.1898193,-0.88743514,-0.095217109,0.45099065,0
-3.3690093,0.2631743,-4.0017881,-0.33554217,-0.53737581,-0.7737174,0
-1.9351099,-2.9368963,0.95250791,-0.88743514,-0.095217109,0.45099065,0
2.0811584,-1.2493708,-1.6389773,0.88743514,0.095217109,-0.45099065,0
0.14319348,0.11777616,5.0204883,0.33554217,0.53737581,0.7737174,0
1.9780266,-0.45591289,4.6413164,0.33554217,0.53737581,0.7737174,0
0.38497066,-2.638514,3.5476766,0.31602252,-0.83795041,0.44493684,0
-2.3605504,-0.99289,-3.3851132,-0.33554217,-0.53737581,-0.7737174,0
-1.9679446,0.63589263,-4.8695202,-0.33554217,-0.53737581,-0.7737174,0
-1.4530125,1.5160198,2.9087837,-0.88743514,-0.095217109,0.45099065,0
1.6791871,5.5082803,0.10624576,-0.31602252,0.83795041,-0.44493684,0
3.5088768,1.144963,1.6768403,0.88743514,0.095217109,-0.45099065,0
3.4382396,0.38279057,3.391629,0.33554217,0.53737581,0.7737174,0
-1.5816848,-1.6706913,-3.2345519,-0.33554217,-0.53737581,-0.7737174,0
1.1206199,0.8312943,-3.1481299,0.88743514,0.095217109,-0.45099065,0
-0.14941359,3.8186061,2.7105494,0.33554217,0.53737581,0.7737174,0
-2.2419977,0.7517364,1.4935094,-0.88743514,-0.095217109,0.45099065,0
-1.8183522,1.5946302,-4.8282638,-0.31602252,0.83795041,-0.44493684,0
-3.0917165,-0.36279309,-3.5187638,-0.33554217,-0.53737581,-0.7737174,0
-1.230325,-5.5107794,-0.62062883,0.31602252,-0.83795041,0.44493684,0
1.4617782,4.8405881,-0.89367127,-0.31602252,0.83795041,-0.44493684,0
-1.4841931,1.1736195,2.9239104,-0.88743514,-0.095217109,0.45099065,0
-2.9209032,1.6211672,-3.8690917,-0.31602252,0.83795041,-0.44493684,0
2.731375,1.5913367,0.20059752,0.88743514,0.095217109,-0.45099065,0
-0.62292892,1.7142117,4.3366599,0.33554217,0.53737581,0.7737174,0
-0.67931473,0.47917008,4.1715336,-0.88743514,-0.095217109,0.45099065,0
0.56666327,-2.9280305,3.200109,0.31602252,-0.83795041,0.44493684,0
-3.6252716,-0.91745842,-2.904155,-0.33554217,-0.53737581,-0.7737174,0
1.5944281,-1.6063499,-2.9298186,0.88743514,0.095217109,-0.45099065,0
1.1570182,0.46059299,-3.1240218,0.88743514,0.095217109,-0.45099065,0
-1.6277795,1.3572452,2.4234383,-0.88743514,-0.095217109,0.45099065,0
1.2245903,4.2753286,-1.7532465,-0.31602252,0.83795041,-0.44493684,0
0.23321867,4.7884846,-0.014927149,-0.31602252,0.83795041,-0.44493684,0
-0.62644935,0.27651334,-5.1570501,-0.33554217,-0.53737581,-0.7737174,0
1.6576663,2.6177518,-1.836138,0.88743514,0.095217109,-0.45099065,0
1.5692114,2.8788662,-1.6277461,0.88743514,0.095217109,-0.45099065,0
3.8364441,-2.1615312,1.5926949,0.88743514,0.095217109,-0.45099065,0
-2.783695,-2.1492686,-2.3868713,-0.33554217,-0.53737581,-0.7737174,0
-1.1026711,5.2759547,1.6237974,-0.31602252,0.83795041,-0.44493684,0
2.2462249,-2.9395654,-1.7429817,0.88743514,0.095217109,-0.45099065,0
-2.3593388,1.7972584,1.4227873,-0.88743514,-0.095217109,0.45099065,0
-2.4273915,1.7218292,1.1006943,-0.88743514,-0.095217109,0.45099065,0
3.5473413,-2.2271042,2.2677484,0.31602252,-0.83795041,0.44493684,0
3.2211983,-0.40370989,0.92802238,0.88743514,0.095217109,-0.45099065,0
-1.1030685,1.5728879,3.7407413,-0.88743514,-0.095217109,0.45099065,0
-2.2256677,4.0767426,0.35557532,-0.31602252,0.83795041,-0.44493684,0
-2.0603454,3.0922766,2.0831745,-0.88743514,-0.095217109,0.45099065,0
-3.7130291,2.4306674,-1.2496023,-0.88743514,-0.095217109,0.45099065,0
1.2218554,0.033613145,4.6715193,0.33554217,0.53737581,0.7737174,0
-0.35440743,-1.3691881,-3.9897869,-0.33554217,-0.53737581,-0.7737174,0
-0.6397233,-3.0437276,3.7253861,-0.88743514,-0.095217109,0.45099065,0
1.2158875,3.6208169,-2.6053827,0.88743514,0.095217109,-0.45099065,0
3.784647,-1.4532623,3.676975,0.31602252,-0.83795041,0.44493684,0
1.0656719,-5.208209,-2.0654931,-0.33554217,-0.53737581,-0.7737174,0
-2.9966881,-0.43332791,-3.526721,-0.33554217,-0.53737581,-0.7737174,0
-2.5270233,3.7852311,0.073687792,-0.31602252,0.83795041,-0.44493684,0
-0.79125881,-4.0920463,1.9252688,0.31602252,-0.83795041,0.44493684,0
0.76100683,2.813565,2.9368305,0.33554217,0.53737581,0.7737174,0
3.6512139,-1.6116784,1.2365125,0.88743514,0.095217109,-0.45099065,0
1.520438,1.9965833,3.0709374,0.33554217,0.53737581,0.7737174,0
-4.1700892,1.0964789,-2.25001,-0.88743514,-0.095217109,0.45099065,0
1.612154,4.214859,-1.3789523,0.88743514,0.095217109,-0.45099065,0
-3.7753606,-0.49568987,-1.8556559,-0.88743514,-0.095217109,0.45099065,0
3.2868884,0.82840532,3.1761818,0.33554217,0.53737581,0.7737174,0
1.0081239,-5.054925,-1.3723326,0.31602252,-0.83795041,0.44493684,0
-3.9780421,-0.44124675,-2.2754085,-0.88743514,-0.095217109,0.45099065,0
1.0443114,-2.0373027,-3.8070641,0.88743514,0.095217109,-0.45099065,0
0.1532284,-0.75630748,-4.6143885,-0.33554217,-0.53737581,-0.7737174,0
2.1178987,1.3279769,-0.89966321,0.88743514,0.095217109,-0.45099065,0
-2.0180602,-3.6361639,-1.849874,-0.33554217,-0.53737581,-0.7737174,0
-1.2275916,-1.7003406,-3.5402269,-0.33554217,-0.53737581,-0.7737174,0
3.0459397,0.46915603,0.69028449,0.88743514,0.095217109,-0.45099065,0
-2.2096941,-3.9394059,-1.5181236,-0.33554217,-0.53737581,-0.7737174,0
0.76531744,4.5105705,-1.053077,-0.31602252,0.83795041,-0.44493684,0
2.453721,0.45511937,3.7393169,0.33554217,0.53737581,0.7737174,0
1.4686434,-0.90580606,5.2592297,0.33554217,0.53737581,0.7737174,0
0.70957124,3.8907225,2.1111774,0.33554217,0.53737581,0.7737174,0
0.7156288,-0.5584805,-4.3200808,0.88743514,0.095217109,-0.45099065,0
-0.11356568,-0.082479358,-4.9950962,-0.33554217,-0.53737581,-0.7737174,0
-1.1020079,-2.9167757,-2.6968088,-0.33554217,-0.53737581,-0.7737174,0
2.5364151,-3.9230123,-0.12936759,0.31602252,-0.83795041,0.44493684,0
-0.74247789,-1.936731,3.4850769,-0.88743514,-0.095217109,0.45099065,0
0.076488972,-3.6439564,2.0293689,0.31602252,-0.83795041,0.44493684,0
2.3555417,5.3251276,0.50524998,0.33554217,0.53737581,0.7737174,0
2.6496937,-2.8662133,-0.95547593,0.88743514,0.095217109,-0.45099065,0
-2.5677614,-1.3351665,-3.2274206,-0.33554217,-0.53737581,-0.7737174,0
3.642478,1.9910672,2.0790048,0.88743514,0.095217109,-0.45099065,0
0.25868177,-2.1257503,4.5882907,0.31602252,-0.83795041,0.44493684,0
-2.9778404,-2.6002293,-0.65949035,-0.88743514,-0.095217109,0.45099065,0
1.3894794,3.3568051,-2.0038736,0.88743514,0.095217109,-0.45099065,0
2.354646,0.67078578,3.6662211,0.33554217,0.53737581,0.7737174,0
0.049568176,-0.59378898,5.4476347,-0.88743514,-0.095217109,0.45099065,0
-0.26830363,-4.8958826,-1.575707,-0.33554217,-0.53737581,-0.7737174,0
2.6069431,-1.9176054,-0.77241296,0.88743514,0.095217109,-0.45099065,0
1.3104266,2.2704082,-2.6908915,0.88743514,0.095217109,-0.45099065,0
-1.12233,1.5599959,3.7478166,-0.88743514,-0.095217109,0.45099065,0
0.017736912,-1.9971757,5.061626,-0.88743514,-0.095217109,0.45099065,0
-2.8869047,-2.954124,-0.60528135,-0.88743514,-0.095217109,0.45099065,0
-3.8232827,0.24056387,-3.6931427,-0.33554217,-0.53737581,-0.7737174,0
2.8857338,-0.25545216,0.027169943,0.88743514,0.095217109,-0.45099065,0
-0.54112744,0.19231582,-4.981885,-0.33554217,-0.53737581,-0.7737174,0
1.6263123,4.8956213,-0.85589576,-0.31602252,0.83795041,-0.44493684,0
-2.1601591,4.2520709,0.77558255,-0.31602252,0.83795041,-0.44493684,0
3.8777347,-2.2613609,2.1637158,0.31602252,-0.83795041,0.44493684,0
3.5624895,-1.7679931,3.3382578,0.31602252,-0.83795041,0.44493684,0
-2.7965679,2.8220463,-1.5764103,-0.31602252,0.83795041,-0.44493684,0
-3.0274463,-1.5270637,-2.7957497,-0.33554217,-0.53737581,-0.7737174,0
0.19317341,-4.7357149,-1.854774,-0.33554217,-0.53737581,-0.7737174,0
0.33903265,-1.6010274,5.7936487,0.31602252,-0.83795041,0.44493684,0
-1.2336359,1.6277006,-4.9512997,-0.31602252,0.83795041,-0.44493684,0
0.54033804,-2.3436072,4.1326418,0.31602252,-0.83795041,0.44493684,0
-3.290246,-0.013563275,-3.6577909,-0.33554217,-0.53737581,-0.7737174,0
1.1576142,4.3543344,-1.444302,-0.31602252,0.83795041,-0.44493684,0
-0.13329744,3.7421219,-1.7334683,-0.31602252,0.83795041,-0.44493684,0
-0.89392996,-1.0581412,3.5538716,-0.88743514,-0.095217109,0.45099065,0
2.1620698,-2.2247972,3.2383754,0.31602252,-0.83795041,0.44493684,0
-1.1832683,-3.5301762,2.6773183,-0.88743514,-0.095217109,0.45099065,0
-2.1001334,1.8809853,-4.1581736,-0.31602252,0.83795041,-0.44493684,0
-0.93050742,4.5005054,2.4996853,0.33554217,0.53737581,0.7737174,0
-1.0649297,-2.2499681,-3.0280519,-0.33554217,-0.53737581,-0.7737174,0
-0.82878065,-3.9737079,1.9263803,0.31602252,-0.83795041,0.44493684,0
0.41170526,1.0314224,-4.4224997,0.88743514,0.095217109,-0.45099065,0
-0.156394,5.1622434,1.7673607,0.33554217,0.53737581,0.7737174,0
-3.6103024,1.4878845,-3.659395,-0.31602252,0.83795041,-0.44493684,0
-2.0368743,3.2831628,-1.3190204,-0.31602252,0.83795041,-0.44493684,0
0.75769889,2.1462965,3.4742007,0.33554217,0.53737581,0.7737174,0
2.2987895,-4.6578617,-1.5035496,0.31602252,-0.83795041,0.44493684,0
4.531404,-1.2742198,2.930618,0.88743514,0.095217109,-0.45099065,0
-1.5414484,4.5214148,0.42723417,-0.31602252,0.83795041,-0.44493684,0
2.0721419,-3.4171495,1.1041808,0.31602252,-0.83795041,0.44493684,0
0.53717184,-5.2049031,-1.0087097,0.31602252,-0.83795041,0.44493684,0
0.15210095,2.195569,3.6434212,0.33554217,0.53737581,0.7737174,0
-2.1820817,2.5698192,1.6926227,-0.88743514,-0.095217109,0.45099065,0
0.057252884,3.8481417,-1.7636844,-0.31602252,0.83795041,-0.44493684,0
-2.0406213,1.3606369,-4.8554306,-0.31602252,0.83795041,-0.44493684,0
-3.3719063,0.98061419,-1.0534962,-0.88743514,-0.095217109,0.45099065,0
2.6772234,-4.5613441,-1.3408117,0.31602252,-0.83795041,0.44493684,0
-3.8580332,1.8556588,-2.8252525,-0.31602252,0.83795041,-0.44493684,0
-1.901396,1.1975746,2.2597811,-0.88743514,-0.095217109,0.45099065,0
-0.32707834,3.2178724,-2.6781209,-0.31602252,0.83795041,-0.44493684,0
-2.270797,0.74058628,1.3777096,-0.88743514,-0.095217109,0.45099065,0
1.4859378,-0.89906764,5.2121801,0.33554217,0.53737581,0.7737174,0
-2.1984248,-1.6529766,-3.1258562,-0.33554217,-0.53737581,-0.7737174,0
-1.1020653,-5.2436438,-1.009059,-0.33554217,-0.53737581,-0.7737174,0
2.6710248,3.9711084,0.67118549,0.88743514,0.095217109,-0.45099065,0
-0.42300653,2.9505448,-3.1712356,-0.31602252,0.83795041,-0.44493684,0
1.1925094,-0.65435791,-3.5523877,0.88743514,0.095217109,-0.45099065,0
-1.9634557,2.7124999,-2.6223562,-0.31602252,0.83795041,-0.44493684,0
1.0741953,-1.8414767,-3.8294449,0.88743514,0.095217109,-0.45099065,0
-1.0027637,1.9166312,4.17061,-0.88743514,-0.095217109,0.45099065,0
-2.6692545,-4.0880103,-1.058351,-0.33554217,-0.53737581,-0.7737174,0
-3.0517194,0.43727922,-0.53228259,-0.88743514,-0.095217109,0.45099065,0
-2.8128572,-3.7903748,-1.3828888,-0.33554217,-0.53737581,-0.7737174,0
0.027312756,4.5007372,-0.33508897,-0.31602252,0.83795041,-0.44493684,0
-1.7961807,1.5774369,2.1838613,-0.88743514,-0.095217109,0.45099065,0
-1.2842975,-2.9793189,2.1681559,-0.88743514,-0.095217109,0.45099065,0
2.93167,3.1434381,1.0323501,0.88743514,0.095217109,-0.45099065,0
0.68664026,4.611362,-0.5711236,-0.31602252,0.83795041,-0.44493684,0
-1.9830511,-5.3835368,0.043008804,0.31602252,-0.83795041,0.44493684,0
3.7159045,1.8430417,2.0513923,0.88743514,0.095217109,-0.45099065,0
1.3189216,-3.2096896,-3.636332,-0.33554217,-0.53737581,-0.7737174,0
-2.6758375,-0.53845048,0.0072125196,-0.88743514,-0.095217109,0.45099065,0
-1.7553899,-0.17956369,-4.2872066,-0.33554217,-0.53737581,-0.7737174,0
1.3091056,-3.6138935,1.1711929,0.31602252,-0.83795041,0.44493684,0
0.14037466,0.29753566,4.8129292,0.33554217,0.53737581,0.7737174,0
-1.4778032,1.8814583,3.0612929,-0.88743514,-0.095217109,0.45099065,0
-1.1894617,-1.0256867,-3.93151,-0.33554217,-0.53737581,-0.7737174,0
3.8247664,-1.0323308,1.7410344,0.88743514,0.095217109,-0.45099065,0
-0.21805286,-3.5058825,-2.548193,-0.33554217,-0.53737581,-0.7737174,0
1.9749675,-0.82949626,4.8449211,0.33554217,0.53737581,0.7737174,0
3.7776799,-1.2711489,1.8197639,0.88743514,0.095217109,-0.45099065,0
1.3118207,4.2940588,-1.8215039,-0.31602252,0.83795041,-0.44493684,0
0.91314101,3.8664827,-2.2144396,-0.31602252,0.83795041,-0.44493684,0
-1.9984193,-3.4309962,-1.8512383,-0.33554217,-0.53737581,-0.7737174,0
-0.11335945,-2.6734746,4.083869,0.31602252,-0.83795041,0.44493684,0
1.4747672,2.276176,2.9231095,0.33554217,0.53737581,0.7737174,0
2.5222876,0.17747802,4.0510378,0.33554217,0.53737581,0.7737174,0
2.9937873,-1.4499383,4.3541584,0.31602252,-0.83795041,0.44493684,0
4.2844853,-1.8384554,2.3431468,0.88743514,0.095217109,-0.45099065,0
-0.11437559,3.1243911,-3.134243,-0.31602252,0.83795041,-0.44493684,0
-2.9686451,-3.6575046,-1.1155198,-0.88743514,-0.095217109,0.45099065,0
-0.81114912,3.4457722,-2.109659,-0.31602252,0.83795041,-0.44493684,0
2.5502374,2.4050431,2.3765645,0.33554217,0.53737581,0.7737174,0
1.7521412,2.1743348,2.9173117,0.33554217,0.53737581,0.7737174,0
-1.9824948,4.1896725,0.37956405,-0.31602252,0.83795041,-0.44493684,0
0.95588923,-4.6034651,-2.3568478,-0.33554217,-0.53737581,-0.7737174,0
1.6653123,-4.0706558,-2.9397941,0.88743514,0.095217109,-0.45099065,0
3.2840285,-2.121551,0.61084199,0.88743514,0.095217109,-0.45099065,0
-0.20715261,-3.3419654,2.7411001,0.31602252,-0.83795041,0.44493684,0
-0.84641695,-2.4393113,3.3925335,-0.88743514,-0.095217109,0.45099065,0
1.4926496,0.37931657,4.327199,0.33554217,0.53737581,0.7737174,0
1.9479232,-0.50047225,4.6764798,0.33554217,0.53737581,0.7737174,0
-1.4429793,2.895771,-2.4645917,-0.31602252,0.83795041,-0.44493684,0
-0.87984848,-5.2660799,-0.45670223,0.31602252,-0.83795041,0.44493684,0
-1.0173826,-2.099637,3.0640802,-0.88743514,-0.095217109,0.45099065,0
-0.086081982,5.2688112,1.1662192,-0.31602252,0.83795041,-0.44493684,0
-0.87578154,-0.45919669,3.8001823,-0.88743514,-0.095217109,0.45099065,0
1.7228422,0.76163256,3.8725719,0.33554217,0.53737581,0.7737174,0
2.4670434,-4.284605,-1.7678251,0.88743514,0.095217109,-0.45099065,0
-0.21364999,0.99072421,-5.6898003,0.88743514,0.095217109,-0.45099065,0
-2.218781,-5.2930112,-0.46655941,-0.33554217,-0.53737581,-0.7737174,0
1.2729561,2.3530214,2.8946309,0.33554217,0.53737581,0.7737174,0
-1.3888006,1.6174383,3.2049937,-0.88743514,-0.095217109,0.45099065,0
-1.9086242,-5.2429862,0.62125969,0.31602252,-0.83795041,0.44493684,0
-2.5023775,-1.5035354,0.23711693,-0.88743514,-0.095217109,0.45099065,0
-0.77689159,3.2804506,3.279129,0.33554217,0.53737581,0.7737174,0
2.2788162,-4.5999365,-1.2429013,0.31602252,-0.83795041,0.44493684,0
-1.4784327,2.6294765,-2.9282441,-0.31602252,0.83795041,-0.44493684,0
-0.82569414,2.6503081,3.6541128,0.33554217,0.53737581,0.7737174,0
-1.3804338,3.8700135,3.0315933,0.33554217,0.53737581,0.7737174,0
1.2718278,1.1806597,3.8867235,0.33554217,0.53737581,0.7737174,0
-4.0842762,0.07671833,-3.4210103,-0.33554217,-0.53737581,-0.7737174,0
0.7356531,-2.0230148,-4.0162592,-0.33554217,-0.53737581,-0.7737174,0
-1.8847179,-5.0909133,0.62602162,0.31602252,-0.83795041,0.44493684,0
3.151082,-2.8668475,1.3854448,0.31602252,-0.83795041,0.44493684,0
3.0101128,-3.4702899,0.31842446,0.31602252,-0.83795041,0.44493684,0
2.2435091,1.1653467,-0.83256841,0.88743514,0.095217109,-0.45099065,0
-2.5135186,-3.5129766,-1.7622948,-0.33554217,-0.53737581,-0.7737174,0
3.3693552,-1.1465675,4.5879745,0.31602252,-0.83795041,0.44493684,0
-1.1777697,1.4700501,-5.2685022,-0.31602252,0.83795041,-0.44493684,0
-1.2909396,4.0917149,-0.15921867,-0.31602252,0.83795041,-0.44493684,0
-2.2098129,-0.040854692,1.2984509,-0.88743514,-0.095217109,0.45099065,0
1.5499029,-1.9899201,4.0204983,0.31602252,-0.83795041,0.44493684,0
0.77334702,0.62024868,-4.0771065,0.88743514,0.095217109,-0.45099065,0
3.5560656,-1.239439,4.0001688,0.31602252,-0.83795041,0.44493684,0
0.60041547,-3.972589,1.1163327,0.31602252,-0.83795041,0.44493684,0
4.4990597,-0.51439762,3.6470895,0.33554217,0.53737581,0.7737174,0
-0.66489506,3.107718,-2.8038628,-0.31602252,0.83795041,-0.44493684,0
-2.2468333,-3.4666319,0.18933606,-0.88743514,-0.095217109,0.45099065,0
0.14222479,3.6343293,-2.0652623,-0.31602252,0.83795041,-0.44493684,0
2.3610287,3.6266384,1.6734128,0.33554217,0.53737581,0.7737174,0
2.6476426,0.35429263,-0.13134414,0.88743514,0.095217109,-0.45099065,0
1.2455368,5.0681615,-0.23956776,-0.31602252,0.83795041,-0.44493684,0
2.3814929,2.9577851,2.0171611,0.33554217,0.53737581,0.7737174,0
-1.0350565,-2.4354722,-2.9257426,-0.33554217,-0.53737581,-0.7737174,0
1.6469036,5.1637897,0.75706244,0.33554217,0.53737581,0.7737174,0
-1.1027272,3.8297081,-0.90384132,-0.31602252,0.83795041,-0.44493684,0
0.78541529,2.9805322,2.8720956,0.33554217,0.53737581,0.7737174,0
0.072357655,-3.6798258,-2.5379167,-0.33554217,-0.53737581,-0.7737174,0
-2.2776113,3.1434355,-1.4697775,-0.31602252,0.83795041,-0.44493684,0
3.930203,1.2952031,2.2622197,0.88743514,0.095217109,-0.45099065,0
3.1095719,-2.7192073,1.5478837,0.31602252,-0.83795041,0.44493684,0
0.039377451,1.0888171,-5.3527608,0.88743514,0.095217109,-0.45099065,0
-2.3831298,-4.244832,-1.1918979,-0.33554217,-0.53737581,-0.7737174,0
-3.0150599,-1.7430561,-0.54252172,-0.88743514,-0.095217109,0.45099065,0
-0.62619412,-1.0767576,-4.2068958,-0.33554217,-0.53737581,-0.7737174,0
-2.4655361,-0.84612703,0.63680428,-0.88743514,-0.095217109,0.45099065,0
-2.8678741,-0.50630593,-0.1253916,-0.88743514,-0.095217109,0.45099065,0
-3.2380514,2.6397161,-1.8536752,-0.31602252,0.83795041,-0.44493684,0
-1.7573441,-2.6345408,1.6040361,-0.88743514,-0.095217109,0.45099065,0
2.8414276,1.482743,0.2473563,0.88743514,0.095217109,-0.45099065,0
1.7056785,5.3351078,0.84148693,0.33554217,0.53737581,0.7737174,0
1.9068182,1.7396846,3.0252485,0.33554217,0.53737581,0.7737174,0
-2.2259007,4.8872881,2.0643914,-0.88743514,-0.095217109,0.45099065,0
2.0583291,-4.0583353,-2.2268374,0.88743514,0.095217109,-0.45099065,0
1.5112054,-4.3946724,-0.44298267,0.31602252,-0.83795041,0.44493684,0
-0.2488749,-5.1858969,-1.3328476,-0.33554217,-0.53737581,-0.7737174,0
0.99568844,3.6477346,-2.5986893,0.88743514,0.095217109,-0.45099065,0
-0.1445459,-2.206259,-3.5871353,-0.33554217,-0.53737581,-0.7737174,0
-3.3883638,1.0199313,-0.96200562,-0.88743514,-0.095217109,0.45099065,0
0.41024971,-5.2215466,-1.7602921,-0.33554217,-0.53737581,-0.7737174,0
1.531022,4.0084953,1.7710094,0.33554217,0.53737581,0.7737174,0
1.9846544,-2.4233556,2.9759939,0.31602252,-0.83795041,0.44493684,0
-1.9733729,2.0763857,-3.4984169,-0.31602252,0.83795041,-0.44493684,0
-0.68766701,-0.68659902,4.1160836,-0.88743514,-0.095217109,0.45099065,0
-0.30561543,-0.67600012,-4.5841331,-0.33554217,-0.53737581,-0.7737174,0
1.5527711,-2.762593,2.8453031,0.31602252,-0.83795041,0.44493684,0
1.5370821,1.6211764,-2.0919392,0.88743514,0.095217109,-0.45099065,0
2.8678527,2.9929271,0.61740923,0.88743514,0.095217109,-0.45099065,0
1.1170446,1.4257033,3.6359484,0.33554217,0.53737581,0.7737174,0
0.80088234,3.8437736,-2.0965562,-0.31602252,0.83795041,-0.44493684,0
2.5110326,-2.753963,-1.0973961,0.88743514,0.095217109,-0.45099065,0
0.25279284,-0.17506838,-5.0851855,0.88743514,0.095217109,-0.45099065,0
3.2322996,2.7144392,1.8253536,0.33554217,0.53737581,0.7737174,0
2.971607,2.63273,0.63904691,0.88743514,0.095217109,-0.45099065,0
-2.0850298,-3.4289219,0.86281455,-0.88743514,-0.095217109,0.45099065,0
2.0178075,-3.6844318,0.50873876,0.31602252,-0.83795041,0.44493684,0
-2.5594983,-0.93472993,0.12953258,-0.88743514,-0.095217109,0.45099065,0
0.51066828,1.9540123,-3.9206674,0.88743514,0.095217109,-0.45099065,0
2.867316,0.99886453,3.165318,0.33554217,0.53737581,0.7737174,0
-2.8641829,1.5436437,-4.145977,-0.31602252,0.83795041,-0.44493684,0
3.2813928,0.87607843,3.1458604,0.33554217,0.53737581,0.7737174,0
1.9903443,-4.946434,-2.4780931,0.88743514,0.095217109,-0.45099065,0
2.9423072,1.4830923,2.7785537,0.33554217,0.53737581,0.7737174,0
2.7595334,3.0175467,0.37463522,0.88743514,0.095217109,-0.45099065,0
2.4754136,-3.4339883,0.61381507,0.31602252,-0.83795041,0.44493684,0
-1.5446252,2.9768167,3.1541891,-0.88743514,-0.095217109,0.45099065,0
-1.954036,-4.8860168,-0.85223389,-0.33554217,-0.53737581,-0.7737174,0
2.9912405,-3.4540267,0.1831125,0.31602252,-0.83795041,0.44493684,0
0.73023546,-1.1701925,-4.4575758,0.88743514,0.095217109,-0.45099065,0
1.549185,3.2173076,2.351624,0.33554217,0.53737581,0.7737174,0
3.0770831,1.7291214,2.6860101,0.33554217,0.53737581,0.7737174,0
1.0983829,-3.055793,2.3719676,0.31602252,-0.83795041,0.44493684,0
2.2884583,3.9455309,1.556644,0.33554217,0.53737581,0.7737174,0
-0.47716248,-3.0092146,-2.8365011,-0.33554217,-0.53737581,-0.7737174,0
-0.87603521,5.3346448,1.8304677,-0.31602252,0.83795041,-0.44493684,0
-3.3766584,1.5410801,-3.5417101,-0.31602252,0.83795041,-0.44493684,0
2.0222225,0.51230407,4.0346298,0.33554217,0.53737581,0.7737174,0
0.42308116,0.79991424,-4.4507694,0.88743514,0.095217109,-0.45099065,0
2.5123203,-4.2349882,-1.6194732,0.88743514,0.095217109,-0.45099065,0
-1.3460898,-0.72623479,2.7483745,-0.88743514,-0.095217109,0.45099065,0
2.8374748,-2.8519826,1.3798929,0.31602252,-0.83795041,0.44493684,0
0.92624623,1.7794554,3.5825076,0.33554217,0.53737581,0.7737174,0
-1.9313014,4.8292351,1.4597917,-0.31602252,0.83795041,-0.44493684,0
-1.7385669,-0.98325622,1.8624463,-0.88743514,-0.095217109,0.45099065,0
2.4102671,0.47538453,3.9098403,0.33554217,0.53737581,0.7737174,0
-0.91545582,1.2508215,-5.7285223,-0.33554217,-0.53737581,-0.7737174,0
1.5635328,-1.0526569,5.1900501,0.33554217,0.53737581,0.7737174,0
-2.8684521,2.3080931,-2.786602,-0.31602252,0.83795041,-0.44493684,0
0.57897782,1.2769268,-4.2290621,0.88743514,0.095217109,-0.45099065,0
-0.97686946,-0.92708308,-4.1098433,-0.33554217,-0.53737581,-0.7737174,0
-1.3903527,3.3281646,-1.7389295,-0.31602252,0.83795041,-0.44493684,0
1.2671117,2.406369,3.0495987,0.33554217,0.53737581,0.7737174,0
2.8953176,-2.5972757,1.8198038,0.31602252,-0.83795041,0.44493684,0
-2.1134152,-5.7280884,-0.33908606,-0.33554217,-0.53737581,-0.7737174,0
0.17386603,4.2068367,2.2024808,0.33554217,0.53737581,0.7737174,0
-4.1342678,1.5926673,-2.9895446,-0.31602252,0.83795041,-0.44493684,0
-0.97819519,0.75208509,-5.353159,-0.33554217,-0.53737581,-0.7737174,0
-0.17575359,3.0572798,-3.2614377,-0.31602252,0.83795041,-0.44493684,0
0.65942764,-2.7520342,3.5305762,0.31602252,-0.83795041,0.44493684,0
4.1464672,0.00077390671,3.4119496,0.33554217,0.53737581,0.7737174,0
-1.3295395,-3.3889709,-2.3630891,-0.33554217,-0.53737581,-0.7737174,0
0.33771372,-5.0219746,-0.75109625,0.31602252,-0.83795041,0.44493684,0
-1.3995636,4.2785492,0.26497412,-0.31602252,0.83795041,-0.44493684,0
-1.521069,-4.2328234,-1.6472015,-0.33554217,-0.53737581,-0.7737174,0
4.3173904,-0.28521466,3.5144353,0.33554217,0.53737581,0.7737174,0
-4.0688987,1.7266147,-2.0720015,-0.88743514,-0.095217109,0.45099065,0
-3.720746,1.1866392,-4.0473895,-0.31602252,0.83795041,-0.44493684,0
1.0490685,-2.0162699,4.6457434,0.31602252,-0.83795041,0.44493684,0
-0.68340921,3.3094244,-2.239022,-0.31602252,0.83795041,-0.44493684,0
-1.2599854,-5.2192488,0.20188737,0.31602252,-0.83795041,0.44493684,0
-1.213484,4.9838367,2.2027235,0.33554217,0.53737581,0.7737174,0
1.7884655,4.9393883,0.92496347,0.33554217,0.53737581,0.7737174,0
1.4587145,-4.9384632,-2.2878151,-0.33554217,-0.53737581,-0.7737174,0
2.0925779,-2.9381833,-2.1135716,0.88743514,0.095217109,-0.45099065,0
1.7449826,3.5755792,-1.1555262,0.88743514,0.095217109,-0.45099065,0
-1.7211541,2.3665092,2.8733554,-0.88743514,-0.095217109,0.45099065,0
0.26306701,3.6157789,-2.193572,-0.31602252,0.83795041,-0.44493684,0
2.4726775,-3.1293521,-1.509526,0.88743514,0.095217109,-0.45099065,0
4.2801032,-1.3224747,3.3942535,0.31602252,-0.83795041,0.44493684,0
-3.4141018,1.4952981,-0.67296535,-0.88743514,-0.095217109,0.45099065,0
-2.3579707,-1.9135838,-2.7709668,-0.33554217,-0.53737581,-0.7737174,0
-1.1521122,1.1696186,3.4837093,-0.88743514,-0.095217109,0.45099065,0
1.5151229,-2.2402928,-2.8143146,0.88743514,0.095217109,-0.45099065,0
1.2628832,4.4969282,1.5880022,0.33554217,0.53737581,0.7737174,0
-1.0169721,-5.5962138,-0.66776943,0.31602252,-0.83795041,0.44493684,0
-0.82404327,2.8056948,-2.9443226,-0.31602252,0.83795041,-0.44493684,0
3.7184718,-1.521076,1.4252992,0.88743514,0.095217109,-0.45099065,0
0.41017652,4.5308208,-0.57053483,-0.31602252,0.83795041,-0.44493684,0
-0.7048648,0.5035305,4.4184608,-0.88743514,-0.095217109,0.45099065,0
-0.35712957,-0.65794194,-4.4820857,-0.33554217,-0.53737581,-0.7737174,0
-3.5375962,-0.98384511,-1.7337224,-0.88743514,-0.095217109,0.45099065,0
4.0881715,-0.39288354,2.3199751,0.88743514,0.095217109,-0.45099065,0
1.1940782,3.8182666,-2.199801,0.88743514,0.095217109,-0.45099065,0
1.5922967,3.8780365,-1.5605339,0.88743514,0.095217109,-0.45099065,0
0.89558768,-0.80282575,5.2098703,0.33554217,0.53737581,0.7737174,0
2.0495629,2.1479506,2.8200438,0.33554217,0.53737581,0.7737174,0
0.088284016,-5.2692885,-1.4891844,-0.33554217,-0.53737581,-0.7737174,0
-0.73509026,4.5562968,2.3706636,0.33554217,0.53737581,0.7737174,0
0.5402447,0.91440403,4.2564936,0.33554217,0.53737581,0.7737174,0
-3.3560045,-0.044690371,-1.2768016,-0.88743514,-0.095217109,0.45099065,0
-3.302031,-2.8588655,-1.8455062,-0.33554217,-0.53737581,-0.7737174,0
1.2228496,-4.0723677,-2.8443055,-0.33554217,-0.53737581,-0.7737174,0
1.0956793,4.5398717,-1.2722403,-0.31602252,0.83795041,-0.44493684,0
4.5839577,-0.8697083,3.085825,0.88743514,0.095217109,-0.45099065,0
-0.49084961,0.7764852,4.5714707,-0.88743514,-0.095217109,0.45099065,0
1.2519789,1.5663588,3.6078057,0.33554217,0.53737581,0.7737174,0
1.8480017,-0.096452795,4.5315342,0.33554217,0.53737581,0.7737174,0
3.1022778,-1.2370791,4.4291735,0.31602252,-0.83795041,0.44493684,0
-0.26536953,-4.1716928,-2.1680465,-0.33554217,-0.53737581,-0.7737174,0
3.7715731,0.51062882,3.110249,0.33554217,0.53737581,0.7737174,0
-2.666676,4.2192812,1.3487666,-0.88743514,-0.095217109,0.45099065,0
-1.5649378,-5.3590231,-0.11405897,0.31602252,-0.83795041,0.44493684,0
-2.7948394,1.930675,-3.5604196,-0.31602252,0.83795041,-0.44493684,0
1.1989374,0.031034172,4.5836382,0.33554217,0.53737581,0.7737174,0
-3.2072725,1.5065893,-3.8458595,-0.31602252,0.83795041,-0.44493684,0
-0.78311515,-0.84885317,-4.3333597,-0.33554217,-0.53737581,-0.7737174,0
0.18006349,-0.47210646,5.5341182,0.33554217,0.53737581,0.7737174,0
1.7472506,2.7727878,-1.6289594,0.88743514,0.095217109,-0.45099065,0
-2.7705934,3.1485944,-1.1238948,-0.31602252,0.83795041,-0.44493684,0
1.8427657,2.2343073,-1.3029828,0.88743514,0.095217109,-0.45099065,0
-0.64744711,5.0731587,0.97567844,-0.31602252,0.83795041,-0.44493684,0
-2.2132452,4.8332672,2.3907743,-0.88743514,-0.095217109,0.45099065,0
1.6947209,-1.3480325,-2.5360341,0.88743514,0.095217109,-0.45099065,0
1.2071289,4.7259941,1.2646532,0.33554217,0.53737581,0.7737174,0
1.4658115,0.85815954,-2.6221402,0.88743514,0.095217109,-0.45099065,0
-1.9906813,2.4972951,2.2345395,-0.88743514,-0.095217109,0.45099065,0
0.33502221,0.37919521,-4.6962309,0.88743514,0.095217109,-0.45099065,0
1.7358528,2.4639649,-1.7053235,0.88743514,0.095217109,-0.45099065,0
0.0041034222,1.6403646,-5.2909975,0.88743514,0.095217109,-0.45099065,0
3.2745571,2.9088027,1.339927,0.88743514,0.095217109,-0.45099065,0
-1.2709441,-1.7494513,-3.5020385,-0.33554217,-0.53737581,-0.7737174,0
0.37401199,2.9096594,-3.9902384,-0.31602252,0.83795041,-0.44493684,0
0.23121965,-3.682868,-2.6939583,-0.33554217,-0.53737581,-0.7737174,0
2.4140146,0.85112607,-0.43676734,0.88743514,0.095217109,-0.45099065,0
-3.0105267,-0.77334094,-0.61356199,-0.88743514,-0.095217109,0.45099065,0
-2.7672825,-1.9892852,-2.596698,-0.33554217,-0.53737581,-0.7737174,0
-2.6801951,1.0611997,0.42018121,-0.88743514,-0.095217109,0.45099065,0
2.028316,1.6997905,-1.0111816,0.88743514,0.095217109,-0.45099065,0
1.9900763,0.26437259,-1.7608392,0.88743514,0.095217109,-0.45099065,0
-0.22408813,2.8603802,3.1797123,0.33554217,0.53737581,0.7737174,0
-0.20195723,5.4984694,1.5466719,0.33554217,0.53737581,0.7737174,0
-2.1261756,-3.3497238,0.47241926,-0.88743514,-0.095217109,0.45099065,0
2.6031518,-1.5545528,4.235302,0.31602252,-0.83795041,0.44493684,0
-0.57099044,-1.1746202,-4.149117,-0.33554217,-0.53737581,-0.7737174,0
1.4277732,-0.66705501,4.9627132,0.33554217,0.53737581,0.7737174,0
1.8813324,-4.1079865,0.011031032,0.31602252,-0.83795041,0.44493684,0
2.3156872,5.3132381,-0.026090622,0.88743514,0.095217109,-0.45099065,0
-3.211266,2.6099045,-0.16080514,-0.88743514,-0.095217109,0.45099065,0
1.5442564,-5.3150277,-2.1585646,0.31602252,-0.83795041,0.44493684,0
0.82636046,-0.52323556,-4.0702491,0.88743514,0.095217109,-0.45099065,0
-2.1266413,2.4019969,-3.1595814,-0.31602252,0.83795041,-0.44493684,0
-0.75967407,-1.9602588,3.7449737,-0.88743514,-0.095217109,0.45099065,0
2.5386753,4.2280216,0.34406734,0.88743514,0.095217109,-0.45099065,0
-1.8384778,-3.1558561,-2.102149,-0.33554217,-0.53737581,-0.7737174,0
0.94211698,-3.9694605,-2.8031902,-0.33554217,-0.53737581,-0.7737174,0
-4.1869807,1.4436729,-3.0728326,-0.31602252,0.83795041,-0.44493684,0
-3.5478506,0.74072909,-1.3343931,-0.88743514,-0.095217109,0.45099065,0
-2.7321308,-2.1409836,-0.3495028,-0.88743514,-0.095217109,0.45099065,0
2.7090883,0.56784022,3.5733905,0.33554217,0.53737581,0.7737174,0
3.3705182,0.5961796,3.270865,0.33554217,0.53737581,0.7737174,0
1.1635346,1.637361,-3.0339458,0.88743514,0.095217109,-0.45099065,0
-0.10766315,-3.1501446,3.2367249,0.31602252,-0.83795041,0.44493684,0
1.8677735,-3.0330091,2.1599429,0.31602252,-0.83795041,0.44493684,0
0.53521729,4.3693891,-1.3616257,-0.31602252,0.83795041,-0.44493684,0
1.7015886,0.24032147,4.1519766,0.33554217,0.53737581,0.7737174,0
-3.8779747,1.8375316,-1.873854,-0.88743514,-0.095217109,0.45099065,0
2.0537829,1.9025505,2.9874504,0.33554217,0.53737581,0.7737174,0
-0.071890831,1.2598085,-5.6376815,0.88743514,0.095217109,-0.45099065,0
-1.3851171,4.3525782,0.17769933,-0.31602252,0.83795041,-0.44493684,0
-0.67217636,0.71570992,-5.4441338,-0.33554217,-0.53737581,-0.7737174,0
0.10647953,-3.1990161,-3.0214424,-0.33554217,-0.53737581,-0.7737174,0
-1.3323846,5.1800032,1.5300977,-0.31602252,0.83795041,-0.44493684,0
1.0682008,-4.3584857,0.13329494,0.31602252,-0.83795041,0.44493684,0
-1.7482405,4.8652735,2.582582,0.33554217,0.53737581,0.7737174,0
-1.4808531,-4.5718379,-1.3798356,-0.33554217,-0.53737581,-0.7737174,0
-3.0724888,-3.1619442,-0.99780941,-0.88743514,-0.095217109,0.45099065,0
-2.9699953,-3.0931432,-1.8549647,-0.33554217,-0.53737581,-0.7737174,0
1.4681263,2.728159,2.6967554,0.33554217,0.53737581,0.7737174,0
-2.8139575,-1.9980354,-2.6009989,-0.33554217,-0.53737581,-0.7737174,0
3.8134229,-0.47639596,3.9542763,0.33554217,0.53737581,0.7737174,0
-2.7653408,2.2828252,0.44784343,-0.88743514,-0.095217109,0.45099065,0
3.471076,1.5292501,2.674588,0.33554217,0.53737581,0.7737174,0
1.5873744,-1.6174731,-2.7850907,0.88743514,0.095217109,-0.45099065,0
-2.524745,-2.9980159,-2.0343642,-0.33554217,-0.53737581,-0.7737174,0
1.287921,-0.14084029,-2.8857501,0.88743514,0.095217109,-0.45099065,0
-2.479274,-3.641397,-1.6824841,-0.33554217,-0.53737581,-0.7737174,0
-1.7889409,-2.9328737,-2.3193936,-0.33554217,-0.53737581,-0.7737174,0
-3.0016813,-1.4549268,-0.48567915,-0.88743514,-0.095217109,0.45099065,0
0.037359715,2.5525932,-4.1384625,-0.31602252,0.83795041,-0.44493684,0
-3.2704582,0.62983084,-0.64717162,-0.88743514,-0.095217109,0.45099065,0
1.3959956,5.0779123,-0.28379869,-0.31602252,0.83795041,-0.44493684,0
1.2875075,-2.0480273,-3.626622,0.88743514,0.095217109,-0.45099065,0
-0.018811226,-1.2273235,-4.4311628,-0.33554217,-0.53737581,-0.7737174,0
-2.8081334,-3.5287817,-0.78173518,-0.88743514,-0.095217109,0.45099065,0
-1.014923,-1.2928367,-3.9359708,-0.33554217,-0.53737581,-0.7737174,0
1.7417653,-1.420748,-2.4713802,0.88743514,0.095217109,-0.45099065,0
-1.8743417,3.4459875,2.6852868,-0.88743514,-0.095217109,0.45099065,0
0.1595912,-4.7787261,-1.9794483,-0.33554217,-0.53737581,-0.7737174,0
3.3237801,-1.0948449,4.352159,0.31602252,-0.83795041,0.44493684,0
0.17224169,-2.5029778,4.1247826,0.31602252,-0.83795041,0.44493684,0
-3.9129953,-1.0983186,-2.7558553,-0.33554217,-0.53737581,-0.7737174,0
0.58151484,3.7836118,-2.4749117,-0.31602252,0.83795041,-0.44493684,0
0.39382458,1.4405766,-4.6780558,0.88743514,0.095217109,-0.45099065,0
-0.18675804,-2.566107,4.3903804,0.31602252,-0.83795041,0.44493684,0
2.5834224,-4.1713247,-0.55141807,0.31602252,-0.83795041,0.44493684,0
-0.49056768,1.7076433,-5.5820341,-0.31602252,0.83795041,-0.44493684,0
-1.6072729,-4.9770393,0.54240465,0.31602252,-0.83795041,0.44493684,0
3.2947605,-2.8695788,1.2268889,0.31602252,-0.83795041,0.44493684,0
-2.1610007,-0.6922403,-3.7470062,-0.33554217,-0.53737581,-0.7737174,0
3.2095304,-2.7853758,1.3667986,0.31602252,-0.83795041,0.44493684,0
1.9869461,-4.6274185,-1.3099015,0.31602252,-0.83795041,0.44493684,0
-2.493613,-3.963201,-1.2310705,-0.33554217,-0.53737581,-0.7737174,0
-1.9114931,4.8445702,2.6408348,0.33554217,0.53737581,0.7737174,0
0.022638321,4.7389135,-0.10598588,-0.31602252,0.83795041,-0.44493684,0
-1.4415181,4.9195075,2.4588952,0.33554217,0.53737581,0.7737174,0
3.1221395,2.7623787,1.1861339,0.88743514,0.095217109,-0.45099065,0
-3.0750792,-3.4619772,-1.3692396,-0.33554217,-0.53737581,-0.7737174,0
-0.72709358,-0.48200333,3.8156619,-0.88743514,-0.095217109,0.45099065,0
-2.6008384,4.1853437,0.89468503,-0.31602252,0.83795041,-0.44493684,0
0.17165589,4.9283266,0.18561673,-0.31602252,0.83795041,-0.44493684,0
1.171103,-2.9560843,2.4949183,0.31602252,-0.83795041,0.44493684,0
