2.6638496,1.9244748,-2.2556322,0.59072161,-0.18807554,-0.78464997,0
-0.37477905,-3.7472272,3.0189357,0.26536468,-0.87307501,0.40904957,0
1.3381505,0.070875049,-2.7507403,0.59072161,-0.18807554,-0.78464997,0
-3.864223,2.5859432,-1.5010626,-0.76199049,-0.44985282,-0.46583569,0
-3.7912779,0.015755475,0.90729618,-0.59072161,0.18807554,0.78464997,0
-0.51276278,-0.42323852,-4.1624632,-0.76199049,-0.44985282,-0.46583569,0
1.4541831,4.2496147,-2.7385039,-0.26536468,0.87307501,-0.40904957,0
-1.0960579,3.4166007,2.1011214,-0.59072161,0.18807554,0.78464997,0
-0.44232225,3.8917966,2.3741162,0.76199049,0.44985282,0.46583569,0
2.9388566,-2.7637017,-0.88088012,0.59072161,-0.18807554,-0.78464997,0
-4.3565378,2.0142808,0.18167567,-0.59072161,0.18807554,0.78464997,0
-0.089516878,1.8984089,3.2892373,-0.59072161,0.18807554,0.78464997,0
-0.54986095,-3.1454058,-1.4149342,-0.76199049,-0.44985282,-0.46583569,0
3.4104502,-2.2243862,-0.78196084,0.59072161,-0.18807554,-0.78464997,0
0.24693942,-5.3846655,-0.72273695,0.26536468,-0.87307501,0.40904957,0
-0.85079598,3.4292154,-3.2033126,-0.26536468,0.87307501,-0.40904957,0
-1.982362,3.6001632,-1.9567466,-0.26536468,0.87307501,-0.40904957,0
-2.8145208,0.0023491383,-0.61387098,-0.76199049,-0.44985282,-0.46583569,0
-1.1063925,4.3165703,-1.0076957,-0.26536468,0.87307501,-0.40904957,0
2.13482,1.5614138,0.1567449,0.76199049,0.44985282,0.46583569,0
1.1534406,2.1266501,-3.3380847,0.59072161,-0.18807554,-0.78464997,0
-1.6834093,2.0131609,2.0293806,-0.59072161,0.18807554,0.78464997,0
0.071488455,-3.0899599,4.3574848,0.26536468,-0.87307501,0.40904957,0
2.5488844,-3.1697578,2.815552,0.26536468,-0.87307501,0.40904957,0
2.797107,-0.014087439,0.98945701,0.76199049,0.44985282,0.46583569,0
0.33380771,-4.6826844,0.79018402,0.26536468,-0.87307501,0.40904957,0
2.4321091,3.3908453,-2.7246995,0.59072161,-0.18807554,-0.78464997,0
0.41955173,3.4918914,-3.6151116,-0.26536468,0.87307501,-0.40904957,0
0.5793817,-0.4931531,-3.2765775,0.59072161,-0.18807554,-0.78464997,0
-2.3608222,0.80995178,1.9453684,-0.59072161,0.18807554,0.78464997,0
0.31719863,4.9360375,-0.67118621,-0.26536468,0.87307501,-0.40904957,0
0.41590011,-0.52010882,-3.4084456,0.59072161,-0.18807554,-0.78464997,0
4.2158675,-3.483479,0.85341763,0.26536468,-0.87307501,0.40904957,0
3.1051245,-3.5509501,1.3016651,0.26536468,-0.87307501,0.40904957,0
-0.52866328,-2.6921048,-1.7296748,-0.76199049,-0.44985282,-0.46583569,0
3.1778064,-2.5671179,-0.81708157,0.59072161,-0.18807554,-0.78464997,0
-3.5129399,0.18027467,0.29241598,-0.76199049,-0.44985282,-0.46583569,0
-0.41405773,-2.9418492,-1.8756156,-0.76199049,-0.44985282,-0.46583569,0
2.9864893,-4.5257254,-0.47547507,0.26536468,-0.87307501,0.40904957,0
-0.85781133,0.96494746,2.909502,-0.59072161,0.18807554,0.78464997,0
0.97226536,4.3725696,-0.23810041,0.76199049,0.44985282,0.46583569,0
4.4384627,-2.1673453,0.065741301,0.59072161,-0.18807554,-0.78464997,0
1.8650017,-4.7572203,-0.22385526,0.26536468,-0.87307501,0.40904957,0
-1.4911032,4.9832177,0.71563697,-0.26536468,0.87307501,-0.40904957,0
-0.87107551,1.6768557,2.804549,-0.59072161,0.18807554,0.78464997,0
-0.1462363,4.6545072,-0.81773233,-0.26536468,0.87307501,-0.40904957,0
-0.88293076,4.9529004,0.0069699287,-0.26536468,0.87307501,-0.40904957,0
-1.6111104,4.6903358,1.5323769,-0.59072161,0.18807554,0.78464997,0
-2.9915845,-0.045131922,-0.49626887,-0.76199049,-0.44985282,-0.46583569,0
-1.8849797,-3.9832115,3.4731865,-0.59072161,0.18807554,0.78464997,0
-0.70888686,5.0052652,-0.04975915,-0.26536468,0.87307501,-0.40904957,0
-1.4620488,-0.29486465,-2.8401165,-0.76199049,-0.44985282,-0.46583569,0
-2.4729753,-2.858942,2.7368035,-0.59072161,0.18807554,0.78464997,0
-1.0062387,-1.2263246,3.2756181,-0.59072161,0.18807554,0.78464997,0
-3.835568,3.8662159,-0.11737227,-0.26536468,0.87307501,-0.40904957,0
-2.8236206,3.8954163,0.81540942,-0.59072161,0.18807554,0.78464997,0
3.9570212,-2.6328053,1.4888442,0.76199049,0.44985282,0.46583569,0
0.91317391,-4.7763481,0.29482412,0.26536468,-0.87307501,0.40904957,0
-3.1115832,3.458734,-1.5354819,-0.26536468,0.87307501,-0.40904957,0
0.7332058,-2.7237101,-2.5457411,0.59072161,-0.18807554,-0.78464997,0
-1.9158797,2.8740637,1.7966331,-0.59072161,0.18807554,0.78464997,0
-1.0697149,4.6358571,-0.48724127,-0.26536468,0.87307501,-0.40904957,0
-1.6057109,1.9552191,-4.6278009,-0.76199049,-0.44985282,-0.46583569,0
0.26591623,-4.7703848,0.53272247,0.26536468,-0.87307501,0.40904957,0
1.4100149,1.9281949,1.2501032,0.76199049,0.44985282,0.46583569,0
0.54241717,-4.6744461,0.4832027,0.26536468,-0.87307501,0.40904957,0
-3.7579622,-0.10408795,0.79263055,-0.76199049,-0.44985282,-0.46583569,0
-1.541513,-0.71348608,-2.2669859,-0.76199049,-0.44985282,-0.46583569,0
1.9286077,-0.79622447,-2.2737374,0.59072161,-0.18807554,-0.78464997,0
-0.8227309,-3.5576682,3.7008319,0.26536468,-0.87307501,0.40904957,0
-1.4495221,4.4441056,-0.6460247,-0.26536468,0.87307501,-0.40904957,0
-0.73465455,3.3189068,-3.351738,-0.26536468,0.87307501,-0.40904957,0
2.2331264,-4.7959242,-0.64475965,0.26536468,-0.87307501,0.40904957,0
-0.65096927,-4.7701058,1.0099494,0.26536468,-0.87307501,0.40904957,0
-2.9941306,3.7363064,0.64543581,-0.59072161,0.18807554,0.78464997,0
-0.23761773,4.1051474,1.7679912,0.76199049,0.44985282,0.46583569,0
0.6748662,-5.2737346,-1.2700787,-0.76199049,-0.44985282,-0.46583569,0
-0.26369548,4.6676254,1.4876549,0.76199049,0.44985282,0.46583569,0
-1.4175198,2.3935325,2.1387861,-0.59072161,0.18807554,0.78464997,0
-3.8883882,3.5245695,-1.1468036,-0.26536468,0.87307501,-0.40904957,0
-2.9069986,1.0715575,-1.5893097,-0.76199049,-0.44985282,-0.46583569,0
0.83839035,-1.597273,-2.6905074,0.59072161,-0.18807554,-0.78464997,0
3.3265975,0.74723732,-1.4439704,0.59072161,-0.18807554,-0.78464997,0
-0.2546227,-4.8095498,0.66935778,0.26536468,-0.87307501,0.40904957,0
-0.98165965,3.9890938,2.1993906,-0.59072161,0.18807554,0.78464997,0
-2.9597926,1.5228341,1.2137942,-0.59072161,0.18807554,0.78464997,0
-3.5076492,3.5540199,-1.1746421,-0.26536468,0.87307501,-0.40904957,0
0.33312893,-4.1105838,1.9094181,0.26536468,-0.87307501,0.40904957,0
1.1812794,4.3636131,-2.6779563,-0.26536468,0.87307501,-0.40904957,0
2.5515401,-4.2667732,-0.82982731,0.59072161,-0.18807554,-0.78464997,0
1.0579894,-1.7268159,5.0216579,-0.59072161,0.18807554,0.78464997,0
-1.2504592,3.1057534,2.0922351,-0.59072161,0.18807554,0.78464997,0
3.3602481,-3.3209534,1.7742023,0.26536468,-0.87307501,0.40904957,0
-2.7598085,0.59769559,1.5820445,-0.59072161,0.18807554,0.78464997,0
1.0974956,2.137599,-3.5273118,0.59072161,-0.18807554,-0.78464997,0
0.6345681,-2.7612705,4.602375,0.26536468,-0.87307501,0.40904957,0
-4.2651839,2.5523047,-0.73638654,-0.76199049,-0.44985282,-0.46583569,0
-0.27595809,3.1718636,-3.9718931,-0.26536468,0.87307501,-0.40904957,0
-2.2340784,-4.1576972,2.3750515,-0.76199049,-0.44985282,-0.46583569,0
-0.49470258,4.9581103,-0.010754347,-0.26536468,0.87307501,-0.40904957,0
-1.9574049,4.9733238,0.80758929,-0.26536468,0.87307501,-0.40904957,0
-2.3013873,0.82645369,1.8417387,-0.59072161,0.18807554,0.78464997,0
-1.7054431,2.7280843,-4.1016707,-0.26536468,0.87307501,-0.40904957,0
0.23338223,1.5545478,3.6289968,0.76199049,0.44985282,0.46583569,0
1.4911187,1.3308053,1.4866033,0.76199049,0.44985282,0.46583569,0
2.3803718,1.7502322,-0.016495079,0.76199049,0.44985282,0.46583569,0
3.2405021,-3.0617394,2.5107274,0.26536468,-0.87307501,0.40904957,0
1.9398581,-3.8684487,1.3254018,0.26536468,-0.87307501,0.40904957,0
-1.3970091,2.9056988,-4.130393,-0.26536468,0.87307501,-0.40904957,0
-0.64850551,-0.99271369,-3.3643854,-0.76199049,-0.44985282,-0.46583569,0
-1.5301932,3.1586494,-3.4166319,-0.26536468,0.87307501,-0.40904957,0
4.2534685,-1.4666109,-0.14503932,0.59072161,-0.18807554,-0.78464997,0
-0.39062679,-0.39855039,3.653789,-0.59072161,0.18807554,0.78464997,0
-1.4828746,-4.315783,1.1722304,-0.76199049,-0.44985282,-0.46583569,0
1.1269337,4.6829748,-1.0668933,0.76199049,0.44985282,0.46583569,0
-2.8191655,1.3707544,-1.9136553,-0.76199049,-0.44985282,-0.46583569,0
0.6081562,-4.3979244,-1.922796,-0.76199049,-0.44985282,-0.46583569,0
-0.93709433,3.3029003,-3.5136034,-0.26536468,0.87307501,-0.40904957,0
2.6101012,0.97582656,0.12762159,0.76199049,0.44985282,0.46583569,0
-3.058485,-0.60045433,0.15431094,-0.76199049,-0.44985282,-0.46583569,0
-4.108521,1.5305545,-0.31986475,-0.76199049,-0.44985282,-0.46583569,0
-0.53824639,2.2139716,-4.70225,0.59072161,-0.18807554,-0.78464997,0
-2.7274365,-2.3599827,2.4054716,-0.59072161,0.18807554,0.78464997,0
-1.5552695,-1.8756523,-1.1153725,-0.76199049,-0.44985282,-0.46583569,0
-0.36067194,0.81704593,-4.2092371,0.59072161,-0.18807554,-0.78464997,0
-1.0470356,4.4637513,-0.69419146,-0.26536468,0.87307501,-0.40904957,0
-1.5476812,-3.9811702,1.0587347,-0.76199049,-0.44985282,-0.46583569,0
-2.7082708,3.0039995,-2.6570036,-0.26536468,0.87307501,-0.40904957,0
0.34986103,2.3804996,2.6942525,0.76199049,0.44985282,0.46583569,0
3.2612231,-1.1642793,1.3089323,0.76199049,0.44985282,0.46583569,0
2.0078092,3.3595629,-3.0105143,0.59072161,-0.18807554,-0.78464997,0
-2.455308,1.320717,1.6107805,-0.59072161,0.18807554,0.78464997,0
-3.3214147,-0.10358378,1.2705382,-0.59072161,0.18807554,0.78464997,0
0.45730913,3.0395279,1.8227701,0.76199049,0.44985282,0.46583569,0
-1.0188626,-4.6331849,0.68972945,-0.76199049,-0.44985282,-0.46583569,0
3.011904,-1.1964509,-1.227211,0.59072161,-0.18807554,-0.78464997,0
1.2675333,4.1580367,-0.81634903,0.76199049,0.44985282,0.46583569,0
2.2430196,4.5063138,-2.9943166,-0.26536468,0.87307501,-0.40904957,0
-1.7343044,3.8195419,-1.8551762,-0.26536468,0.87307501,-0.40904957,0
1.0208687,-3.2781787,3.5813315,0.26536468,-0.87307501,0.40904957,0
3.4794316,-3.9497905,0.32383919,0.26536468,-0.87307501,0.40904957,0
-2.2888482,3.8873377,1.2614602,-0.59072161,0.18807554,0.78464997,0
-3.2844136,4.1843519,-0.10457587,-0.26536468,0.87307501,-0.40904957,0
2.4547825,0.21348536,1.0509831,0.76199049,0.44985282,0.46583569,0
0.48085737,2.7678838,1.7488945,0.76199049,0.44985282,0.46583569,0
0.26114273,-5.1207404,-0.99101937,-0.76199049,-0.44985282,-0.46583569,0
1.5268431,-3.9683075,-1.7938242,0.59072161,-0.18807554,-0.78464997,0
0.47681653,1.026782,-3.723717,0.59072161,-0.18807554,-0.78464997,0
0.29242641,2.6695507,-4.197679,0.59072161,-0.18807554,-0.78464997,0
2.0046299,-4.0099516,1.2436099,0.26536468,-0.87307501,0.40904957,0
2.12293,0.79002678,1.2002802,0.76199049,0.44985282,0.46583569,0
2.0759792,-4.2615314,-1.3303,0.59072161,-0.18807554,-0.78464997,0
1.204453,-1.8467919,-2.424345,0.59072161,-0.18807554,-0.78464997,0
-1.9653239,3.3710036,-2.7091136,-0.26536468,0.87307501,-0.40904957,0
1.8724462,-1.022355,3.1076574,0.76199049,0.44985282,0.46583569,0
-0.51621079,2.3132682,2.7534239,-0.59072161,0.18807554,0.78464997,0
1.3084731,-4.3724566,0.81237984,0.26536468,-0.87307501,0.40904957,0
2.854804,-1.0092738,1.8342083,0.76199049,0.44985282,0.46583569,0
1.5509043,3.8858144,-0.9299413,0.76199049,0.44985282,0.46583569,0
1.985523,2.4904308,-0.32348028,0.76199049,0.44985282,0.46583569,0
-1.0450432,0.30935693,-3.7962213,-0.76199049,-0.44985282,-0.46583569,0
2.1106062,-0.8553853,-1.9569552,0.59072161,-0.18807554,-0.78464997,0
-2.0688753,4.7411013,0.47578955,-0.26536468,0.87307501,-0.40904957,0
-1.2056894,0.89028955,-4.2531395,-0.76199049,-0.44985282,-0.46583569,0
-3.2663713,0.55384684,-0.46106064,-0.76199049,-0.44985282,-0.46583569,0
0.5686357,-2.2638123,-2.7606173,0.59072161,-0.18807554,-0.78464997,0
-2.1011398,2.174608,-3.8411133,-0.76199049,-0.44985282,-0.46583569,0
1.8702724,0.9002564,-2.5920227,0.59072161,-0.18807554,-0.78464997,0
-1.1992853,5.0937171,0.56912661,-0.26536468,0.87307501,-0.40904957,0
1.4843495,-3.847399,1.7212229,0.26536468,-0.87307501,0.40904957,0
-0.4259274,2.3843911,2.9579229,-0.59072161,0.18807554,0.78464997,0
-4.2695565,3.1663766,-1.2544644,-0.26536468,0.87307501,-0.40904957,0
-1.0223378,4.1855488,-1.3103995,-0.26536468,0.87307501,-0.40904957,0
3.3223021,-1.7663378,1.7333984,0.76199049,0.44985282,0.46583569,0
-1.4769464,-3.2241302,0.15960568,-0.76199049,-0.44985282,-0.46583569,0
-1.9613857,-3.0663941,0.87650508,-0.76199049,-0.44985282,-0.46583569,0
-0.60667086,-4.9997005,0.4480989,-0.76199049,-0.44985282,-0.46583569,0
1.7352622,3.4419923,-0.92069674,0.76199049,0.44985282,0.46583569,0
2.6581125,-1.0309532,-1.5056926,0.59072161,-0.18807554,-0.78464997,0
2.4379973,-3.2833543,2.3011067,0.26536468,-0.87307501,0.40904957,0
0.65176916,-1.6720614,-3.011061,0.59072161,-0.18807554,-0.78464997,0
1.4056125,-0.63624775,3.6083231,0.76199049,0.44985282,0.46583569,0
2.5083237,-2.8348753,3.1496663,0.26536468,-0.87307501,0.40904957,0
2.5369852,-1.2137666,2.4769137,0.76199049,0.44985282,0.46583569,0
-0.95900625,-3.9261661,3.0051568,0.26536468,-0.87307501,0.40904957,0
-3.0088038,2.7191088,1.0225993,-0.59072161,0.18807554,0.78464997,0
-0.59617591,1.96576,3.0208192,-0.59072161,0.18807554,0.78464997,0
-1.1367838,4.0278578,2.069675,-0.59072161,0.18807554,0.78464997,0
3.8365555,-1.6740192,-0.45219851,0.59072161,-0.18807554,-0.78464997,0
1.8542327,-1.5582823,-1.9777119,0.59072161,-0.18807554,-0.78464997,0
-0.60693729,-3.9129395,3.0709662,0.26536468,-0.87307501,0.40904957,0
1.4712186,-0.082108974,-2.5887988,0.59072161,-0.18807554,-0.78464997,0
0.045664251,-1.2370627,4.2801886,-0.59072161,0.18807554,0.78464997,0
-2.8176327,3.3215404,-2.2453775,-0.26536468,0.87307501,-0.40904957,0
1.7087355,-3.6110411,2.0831547,0.26536468,-0.87307501,0.40904957,0
2.5512476,-4.5615387,-0.30997562,0.26536468,-0.87307501,0.40904957,0
-4.3838339,3.6129074,-0.37088442,-0.26536468,0.87307501,-0.40904957,0
2.5673721,-4.4281998,-0.10958147,0.26536468,-0.87307501,0.40904957,0
1.6821604,-4.7161975,-1.4417267,0.59072161,-0.18807554,-0.78464997,0
0.49194932,-5.1908488,-0.25399709,0.26536468,-0.87307501,0.40904957,0
3.4787469,-3.81354,0.40026259,0.26536468,-0.87307501,0.40904957,0
-3.3336306,3.2682729,-2.0216439,-0.26536468,0.87307501,-0.40904957,0
-4.5669813,2.6551621,-0.58122063,-0.76199049,-0.44985282,-0.46583569,0
-2.0213223,2.9922063,1.5915625,-0.59072161,0.18807554,0.78464997,0
-0.98088574,3.7510161,2.2903471,-0.59072161,0.18807554,0.78464997,0
-1.5938649,2.4180632,-4.8806982,-0.76199049,-0.44985282,-0.46583569,0
2.7866807,-3.8289201,0.96477246,0.26536468,-0.87307501,0.40904957,0
-2.5164979,4.0944958,-0.5496254,-0.26536468,0.87307501,-0.40904957,0
-1.1572952,3.1411738,-3.5619667,-0.26536468,0.87307501,-0.40904957,0
-0.10919255,-3.9802961,2.644186,0.26536468,-0.87307501,0.40904957,0
0.37543339,-3.4875073,3.332737,0.26536468,-0.87307501,0.40904957,0
1.4885391,2.5980697,0.34510726,0.76199049,0.44985282,0.46583569,0
0.14478105,1.5468402,-4.1860027,0.59072161,-0.18807554,-0.78464997,0
-3.0324404,1.7210504,-1.9885826,-0.76199049,-0.44985282,-0.46583569,0
1.9421146,-1.8830326,-1.9579785,0.59072161,-0.18807554,-0.78464997,0
0.061649203,-4.5033264,1.1273816,0.26536468,-0.87307501,0.40904957,0
3.0628605,-4.3745437,-0.12753701,0.26536468,-0.87307501,0.40904957,0
-0.13784051,-4.6412363,1.1877236,0.26536468,-0.87307501,0.40904957,0
0.57732892,-4.753581,-1.6072742,-0.76199049,-0.44985282,-0.46583569,0
-4.4739385,3.2868743,-0.30844688,-0.59072161,0.18807554,0.78464997,0
1.3734086,-5.0015373,-1.614675,0.59072161,-0.18807554,-0.78464997,0
-2.5148511,0.65223312,1.8446796,-0.59072161,0.18807554,0.78464997,0
3.6335635,-3.3621571,-0.23067164,0.59072161,-0.18807554,-0.78464997,0
2.1785703,2.9789674,-1.2235718,0.76199049,0.44985282,0.46583569,0
-1.5429273,1.8965203,-4.7513766,-0.76199049,-0.44985282,-0.46583569,0
-0.0033144355,-2.2134931,4.2874255,-0.59072161,0.18807554,0.78464997,0
2.7785439,2.7897806,-2.0162582,0.76199049,0.44985282,0.46583569,0
-3.8412564,2.8972111,-1.8447499,-0.76199049,-0.44985282,-0.46583569,0
-2.2133617,3.6705017,-1.7316844,-0.26536468,0.87307501,-0.40904957,0
-2.3075275,0.98598349,1.8230131,-0.59072161,0.18807554,0.78464997,0
1.7078021,-0.096859157,-2.4679337,0.59072161,-0.18807554,-0.78464997,0
-1.3803087,-2.7169597,-0.60176522,-0.76199049,-0.44985282,-0.46583569,0
0.51209474,1.9724696,-3.9652545,0.59072161,-0.18807554,-0.78464997,0
-1.374439,4.4199715,1.6946681,-0.59072161,0.18807554,0.78464997,0
0.37510204,0.82706547,3.8953362,-0.59072161,0.18807554,0.78464997,0
0.8686319,-2.501811,4.9289436,0.26536468,-0.87307501,0.40904957,0
2.4168293,-0.36739278,1.9434613,0.76199049,0.44985282,0.46583569,0
-2.0709815,0.26851392,-2.3170514,-0.76199049,-0.44985282,-0.46583569,0
2.4602156,-1.2652216,-1.7915817,0.59072161,-0.18807554,-0.78464997,0
-0.86847031,-4.8028617,1.3833842,0.26536468,-0.87307501,0.40904957,0
0.77074015,-3.2737298,3.7506447,0.26536468,-0.87307501,0.40904957,0
-2.2441907,-0.93270659,-0.77207267,-0.76199049,-0.44985282,-0.46583569,0
-2.8987889,2.7824459,-3.2217257,-0.76199049,-0.44985282,-0.46583569,0
3.0835259,-3.6443696,-0.6237483,0.59072161,-0.18807554,-0.78464997,0
2.296061,-4.133419,0.66912603,0.26536468,-0.87307501,0.40904957,0
3.1930974,-0.41930115,0.65804553,0.76199049,0.44985282,0.46583569,0
4.6490526,-3.1762271,0.95966053,0.76199049,0.44985282,0.46583569,0
-2.3268178,2.8922911,-3.1646614,-0.26536468,0.87307501,-0.40904957,0
0.78118598,-4.299993,1.5422828,0.26536468,-0.87307501,0.40904957,0
-0.20460582,4.3806319,-1.6148603,-0.26536468,0.87307501,-0.40904957,0
0.14445823,2.7246957,-4.4512963,0.59072161,-0.18807554,-0.78464997,0
-2.7131619,-2.0517411,2.2963216,-0.59072161,0.18807554,0.78464997,0
-1.3261138,-4.583497,2.2154651,0.26536468,-0.87307501,0.40904957,0
-3.922802,1.1484132,0.65547824,-0.59072161,0.18807554,0.78464997,0
2.0598774,-1.5070262,3.6516998,0.76199049,0.44985282,0.46583569,0
0.06832397,-0.24774361,-3.657748,0.59072161,-0.18807554,-0.78464997,0
1.6601994,-3.2235968,2.8965666,0.26536468,-0.87307501,0.40904957,0
-1.2041644,-0.85537171,-2.4494398,-0.76199049,-0.44985282,-0.46583569,0
-0.51048982,3.8259552,-2.4499583,-0.26536468,0.87307501,-0.40904957,0
-1.1074424,5.0645289,0.68909264,-0.26536468,0.87307501,-0.40904957,0
2.4272239,-2.3582439,3.7275732,0.76199049,0.44985282,0.46583569,0
1.9904242,1.5799615,-2.6718533,0.59072161,-0.18807554,-0.78464997,0
-0.15820599,-3.9083009,-1.4433534,-0.76199049,-0.44985282,-0.46583569,0
1.0985824,1.4737406,-3.4700074,0.59072161,-0.18807554,-0.78464997,0
2.4912159,2.4738977,-1.0933907,0.76199049,0.44985282,0.46583569,0
-2.478466,-1.7725152,2.4480016,-0.59072161,0.18807554,0.78464997,0
0.82112408,-5.4510746,-1.1530211,0.26536468,-0.87307501,0.40904957,0
1.8782051,-4.6658125,-0.13506794,0.26536468,-0.87307501,0.40904957,0
-3.6853399,3.1811457,-2.0556903,-0.26536468,0.87307501,-0.40904957,0
0.18441391,-4.1403456,-1.7459579,-0.76199049,-0.44985282,-0.46583569,0
-0.57351649,3.8764529,-2.2126772,-0.26536468,0.87307501,-0.40904957,0
-3.2171655,-2.1744814,1.9786334,-0.76199049,-0.44985282,-0.46583569,0
4.4589782,-2.1168518,-0.069114685,0.59072161,-0.18807554,-0.78464997,0
-0.35215172,2.7267079,-4.7566147,0.59072161,-0.18807554,-0.78464997,0
1.9247603,3.3942487,-1.1294749,0.76199049,0.44985282,0.46583569,0
0.040231526,2.008805,-4.2208104,0.59072161,-0.18807554,-0.78464997,0
-2.4885559,-4.1249499,2.868247,-0.59072161,0.18807554,0.78464997,0
-0.82360011,3.475492,-2.9339926,-0.26536468,0.87307501,-0.40904957,0
-2.024457,-4.4968715,2.3713994,-0.76199049,-0.44985282,-0.46583569,0
-3.5216446,1.9902917,-1.4513035,-0.76199049,-0.44985282,-0.46583569,0
2.0662284,-3.2246988,2.9205713,0.26536468,-0.87307501,0.40904957,0
3.7389464,-1.820841,1.0401378,0.76199049,0.44985282,0.46583569,0
1.5527823,0.5246166,2.4934037,0.76199049,0.44985282,0.46583569,0
0.4844197,2.5241904,2.1235113,0.76199049,0.44985282,0.46583569,0
-3.335031,4.1876283,-0.13324928,-0.26536468,0.87307501,-0.40904957,0
-0.42736691,-3.5411022,3.556252,0.26536468,-0.87307501,0.40904957,0
3.9659412,-2.8667836,1.4675591,0.76199049,0.44985282,0.46583569,0
0.26565468,-1.6225963,4.3381128,-0.59072161,0.18807554,0.78464997,0
0.19166285,-2.3251426,4.5496058,-0.59072161,0.18807554,0.78464997,0
2.8648589,0.35411832,-1.8323326,0.59072161,-0.18807554,-0.78464997,0
0.037729025,2.3832672,3.0768876,0.76199049,0.44985282,0.46583569,0
0.40560085,-3.1484733,4.1402264,0.26536468,-0.87307501,0.40904957,0
-1.7116952,-1.4343883,-1.2581091,-0.76199049,-0.44985282,-0.46583569,0
-0.54901654,-4.5243325,1.8190553,0.26536468,-0.87307501,0.40904957,0
-2.8148141,-1.309721,0.307064,-0.76199049,-0.44985282,-0.46583569,0
1.0989366,4.1011014,-2.9889746,-0.26536468,0.87307501,-0.40904957,0
-0.6249128,3.7670574,-2.361665,-0.26536468,0.87307501,-0.40904957,0
0.35392198,3.1836252,-4.313971,-0.26536468,0.87307501,-0.40904957,0
-3.2179565,3.3581252,0.59296679,-0.59072161,0.18807554,0.78464997,0
1.7575488,3.3710968,-3.3862917,0.59072161,-0.18807554,-0.78464997,0
1.9207951,4.1642623,-3.3282259,0.59072161,-0.18807554,-0.78464997,0
4.0129542,-1.7667994,0.51770425,0.76199049,0.44985282,0.46583569,0
1.5574927,4.2186975,-2.9492521,-0.26536468,0.87307501,-0.40904957,0
1.8651534,-2.2340074,4.5466585,0.76199049,0.44985282,0.46583569,0
0.71800202,3.6485839,-3.5567307,-0.26536468,0.87307501,-0.40904957,0
-2.3945613,-0.65410072,2.1690786,-0.59072161,0.18807554,0.78464997,0
-2.5289724,0.87442946,1.7049894,-0.59072161,0.18807554,0.78464997,0
3.6317408,-3.5833938,1.0699456,0.26536468,-0.87307501,0.40904957,0
3.5562296,-3.6322708,0.93215132,0.26536468,-0.87307501,0.40904957,0
1.9878212,1.7566314,0.21371807,0.76199049,0.44985282,0.46583569,0
-2.0353932,-0.43656349,-1.7963572,-0.76199049,-0.44985282,-0.46583569,0
-0.74292243,3.1536067,-3.5471468,-0.26536468,0.87307501,-0.40904957,0
0.70817524,4.5593395,-1.8292685,-0.26536468,0.87307501,-0.40904957,0
-1.9688303,3.8911111,1.3580731,-0.59072161,0.18807554,0.78464997,0
-4.5468359,2.9320917,-0.85676503,-0.76199049,-0.44985282,-0.46583569,0
-1.6665518,4.5057788,-0.20489645,-0.26536468,0.87307501,-0.40904957,0
3.1150513,0.71701092,-0.49597329,0.76199049,0.44985282,0.46583569,0
2.6452286,0.19391945,-1.8295295,0.59072161,-0.18807554,-0.78464997,0
-1.7042512,2.4561729,-4.6603851,-0.26536468,0.87307501,-0.40904957,0
2.8190966,0.3683424,0.32167447,0.76199049,0.44985282,0.46583569,0
-4.5466928,2.8460982,-0.38584208,-0.59072161,0.18807554,0.78464997,0
1.236861,-3.1467485,3.2486494,0.26536468,-0.87307501,0.40904957,0
-2.1169248,-2.8809204,0.91032076,-0.76199049,-0.44985282,-0.46583569,0
0.81049681,-1.8228949,-2.8417966,0.59072161,-0.18807554,-0.78464997,0
-2.5642562,-3.5061023,2.1204138,-0.76199049,-0.44985282,-0.46583569,0
1.5144644,3.2029712,-0.21296108,0.76199049,0.44985282,0.46583569,0
-2.9483392,-2.3207929,1.5633932,-0.76199049,-0.44985282,-0.46583569,0
0.70581615,-2.8259373,4.4343996,0.26536468,-0.87307501,0.40904957,0
0.29883856,-3.49647,3.3102174,0.26536468,-0.87307501,0.40904957,0
-2.2961698,4.1682477,-0.47626042,-0.26536468,0.87307501,-0.40904957,0
-1.7533524,-0.20918787,-2.3702154,-0.76199049,-0.44985282,-0.46583569,0
0.58736968,-1.8782465,4.6295967,-0.59072161,0.18807554,0.78464997,0
-2.8813753,3.3859797,-1.8160934,-0.26536468,0.87307501,-0.40904957,0
-1.0287485,5.1712551,0.88145459,-0.26536468,0.87307501,-0.40904957,0
2.167937,4.0785871,-2.2543309,0.76199049,0.44985282,0.46583569,0
-0.63511443,-0.65947044,3.6215425,-0.59072161,0.18807554,0.78464997,0
2.9162834,-3.6781468,-0.81925941,0.59072161,-0.18807554,-0.78464997,0
2.3344195,0.86890578,-2.1709392,0.59072161,-0.18807554,-0.78464997,0
-1.8868607,-3.6711514,1.1539164,-0.76199049,-0.44985282,-0.46583569,0
-2.0777218,3.7049291,1.3433896,-0.59072161,0.18807554,0.78464997,0
-0.50398362,2.6412909,-4.813508,0.59072161,-0.18807554,-0.78464997,0
-2.0416396,-3.877764,3.2471523,-0.59072161,0.18807554,0.78464997,0
-1.6493281,2.564054,-4.267592,-0.26536468,0.87307501,-0.40904957,0
-2.1219301,1.3301064,-3.2455144,-0.76199049,-0.44985282,-0.46583569,0
-1.6003592,1.9949421,-4.6795545,-0.76199049,-0.44985282,-0.46583569,0
-2.3000851,-2.4581454,2.7709336,-0.59072161,0.18807554,0.78464997,0
-4.2314854,2.0595007,0.13413143,-0.59072161,0.18807554,0.78464997,0
4.1339254,-2.5224357,1.0858998,0.76199049,0.44985282,0.46583569,0
-3.2311656,-0.19969329,1.5648454,-0.59072161,0.18807554,0.78464997,0
1.36239,-0.13036656,3.4758596,0.76199049,0.44985282,0.46583569,0
-0.50834292,-3.8742032,3.2990265,0.26536468,-0.87307501,0.40904957,0
0.60988116,-5.3442044,-0.8142091,0.26536468,-0.87307501,0.40904957,0
0.36607111,0.39457071,-3.543262,0.59072161,-0.18807554,-0.78464997,0
-4.6092873,2.9127817,-0.82425022,-0.76199049,-0.44985282,-0.46583569,0
-0.18219876,4.4911466,-1.1784668,-0.26536468,0.87307501,-0.40904957,0
0.69190359,-4.484386,-2.0318644,-0.76199049,-0.44985282,-0.46583569,0
1.5412391,4.8315015,-1.7472433,-0.26536468,0.87307501,-0.40904957,0
0.048212335,-3.1460047,4.4389105,0.26536468,-0.87307501,0.40904957,0
1.0991266,-4.9358935,-1.7650423,0.59072161,-0.18807554,-0.78464997,0
-0.93580329,1.1295115,2.8160431,-0.59072161,0.18807554,0.78464997,0
-0.41180766,3.3617258,-3.6975915,-0.26536468,0.87307501,-0.40904957,0
2.0962198,4.3741436,-2.8942571,-0.26536468,0.87307501,-0.40904957,0
-0.61480099,-1.5618298,3.7573647,-0.59072161,0.18807554,0.78464997,0
2.0879483,-2.4931581,4.3070469,0.26536468,-0.87307501,0.40904957,0
-2.734642,3.1828249,-2.2606981,-0.26536468,0.87307501,-0.40904957,0
-1.7266948,-2.5179181,-0.045449138,-0.76199049,-0.44985282,-0.46583569,0
-1.0262526,1.8342535,-5.0911713,0.59072161,-0.18807554,-0.78464997,0
-3.814513,1.7243367,-0.75443673,-0.76199049,-0.44985282,-0.46583569,0
2.852144,1.1057315,-1.8662915,0.59072161,-0.18807554,-0.78464997,0
0.030544758,-4.1401992,2.0897794,0.26536468,-0.87307501,0.40904957,0
-0.92329168,4.9343572,0.10680914,-0.26536468,0.87307501,-0.40904957,0
2.0532041,-0.40310597,-2.1975093,0.59072161,-0.18807554,-0.78464997,0
-1.7626138,4.4045396,1.4776816,-0.59072161,0.18807554,0.78464997,0
1.0820019,-1.4927503,-2.750473,0.59072161,-0.18807554,-0.78464997,0
-4.2799845,3.821265,-0.22773767,-0.59072161,0.18807554,0.78464997,0
-1.7162455,0.035483122,-2.7667003,-0.76199049,-0.44985282,-0.46583569,0
-1.132669,-2.8459196,-0.90811145,-0.76199049,-0.44985282,-0.46583569,0
-0.66179228,4.7432652,-0.27402616,-0.26536468,0.87307501,-0.40904957,0
-3.8867922,2.7175267,0.24482727,-0.59072161,0.18807554,0.78464997,0
3.844583,-1.4561418,0.29338074,0.76199049,0.44985282,0.46583569,0
-1.5669827,-0.86429667,-1.775485,-0.76199049,-0.44985282,-0.46583569,0
-1.9243475,1.2872131,-3.6582129,-0.76199049,-0.44985282,-0.46583569,0
-2.4252486,-1.1800163,2.3515515,-0.59072161,0.18807554,0.78464997,0
1.2837772,-3.8071327,2.0966518,0.26536468,-0.87307501,0.40904957,0
-3.1290417,-0.33469516,1.5274023,-0.59072161,0.18807554,0.78464997,0
-2.4300995,3.3132968,1.1244615,-0.59072161,0.18807554,0.78464997,0
3.7354345,-3.5631537,1.173708,0.26536468,-0.87307501,0.40904957,0
-1.8407047,2.961266,-3.3988085,-0.26536468,0.87307501,-0.40904957,0
-1.1439875,1.0527054,-4.6518655,-0.76199049,-0.44985282,-0.46583569,0
-0.24036366,2.8903193,-4.6310053,-0.26536468,0.87307501,-0.40904957,0
1.2663386,-5.1321325,-0.89152312,0.26536468,-0.87307501,0.40904957,0
-1.99613,-4.3102837,3.012938,0.26536468,-0.87307501,0.40904957,0
-3.3478901,4.2070856,0.35876656,-0.59072161,0.18807554,0.78464997,0
-0.3421436,-1.7904537,4.1000252,-0.59072161,0.18807554,0.78464997,0
-1.2424688,2.2854309,-5.2682467,-0.26536468,0.87307501,-0.40904957,0
-1.1893644,4.0396271,-1.74455,-0.26536468,0.87307501,-0.40904957,0
-0.67010289,0.0039129257,-4.3546653,0.59072161,-0.18807554,-0.78464997,0
0.30884987,1.2008144,-3.9887815,0.59072161,-0.18807554,-0.78464997,0
-0.24768686,4.5412188,-0.99532652,-0.26536468,0.87307501,-0.40904957,0
-0.20096242,-3.8282387,-1.4264575,-0.76199049,-0.44985282,-0.46583569,0
1.9517725,-3.2390068,2.7972114,0.26536468,-0.87307501,0.40904957,0
-3.0424085,0.21658906,1.5186728,-0.59072161,0.18807554,0.78464997,0
0.086149991,-2.2618666,4.4543219,-0.59072161,0.18807554,0.78464997,0
2.7214379,-2.1055818,2.8024104,0.76199049,0.44985282,0.46583569,0
-1.1237257,0.5093081,-3.9665296,-0.76199049,-0.44985282,-0.46583569,0
1.2135267,-1.9456241,5.0973673,-0.59072161,0.18807554,0.78464997,0
4.0707307,-2.1337376,-0.32907701,0.59072161,-0.18807554,-0.78464997,0
1.3356493,2.5878403,0.83359939,0.76199049,0.44985282,0.46583569,0
-2.4444711,0.66070247,1.7589763,-0.59072161,0.18807554,0.78464997,0
-1.2548044,-1.1191201,-2.1952806,-0.76199049,-0.44985282,-0.46583569,0
1.7941047,3.2317033,-3.3601732,0.59072161,-0.18807554,-0.78464997,0
0.72965699,-2.5759232,4.8215375,0.26536468,-0.87307501,0.40904957,0
1.0974015,-1.0921078,-2.6818745,0.59072161,-0.18807554,-0.78464997,0
-1.0972022,-1.0306141,3.1939178,-0.59072161,0.18807554,0.78464997,0
-2.7017038,4.2778792,0.69267988,-0.59072161,0.18807554,0.78464997,0
3.3005657,1.6119781,-1.8430582,0.59072161,-0.18807554,-0.78464997,0
0.68915784,2.8255544,-4.0291214,0.59072161,-0.18807554,-0.78464997,0
1.1721165,-5.0367827,-0.30791545,0.26536468,-0.87307501,0.40904957,0
-2.5430551,-0.72754979,-0.6909917,-0.76199049,-0.44985282,-0.46583569,0
-2.9492457,0.75562662,-1.4248731,-0.76199049,-0.44985282,-0.46583569,0
-0.36790609,4.0251675,2.2933955,0.76199049,0.44985282,0.46583569,0
0.46035355,3.7125044,-3.4093628,-0.26536468,0.87307501,-0.40904957,0
-2.7549381,3.6019533,-1.5928111,-0.26536468,0.87307501,-0.40904957,0
1.1535478,-3.1503673,3.6731348,0.26536468,-0.87307501,0.40904957,0
-3.2811146,3.3832805,-1.7469125,-0.26536468,0.87307501,-0.40904957,0
-2.5956664,1.6146302,1.406599,-0.59072161,0.18807554,0.78464997,0
-1.2757722,0.84157789,-4.0152316,-0.76199049,-0.44985282,-0.46583569,0
-3.3245633,3.7932265,0.49301243,-0.59072161,0.18807554,0.78464997,0
-2.3005273,-3.7132571,1.9537636,-0.76199049,-0.44985282,-0.46583569,0
2.4528842,-2.9014065,-1.2120271,0.59072161,-0.18807554,-0.78464997,0
0.9079079,3.3682361,0.50124526,0.76199049,0.44985282,0.46583569,0
-1.2166765,-4.1785502,3.0673628,0.26536468,-0.87307501,0.40904957,0
0.51779699,-4.4317169,1.2535734,0.26536468,-0.87307501,0.40904957,0
1.2592915,-3.0662808,3.4794397,0.26536468,-0.87307501,0.40904957,0
-0.90659928,-0.45267355,3.1252902,-0.59072161,0.18807554,0.78464997,0
-0.33389759,5.0203505,-0.26993942,-0.26536468,0.87307501,-0.40904957,0
-2.520999,3.3167071,-2.1337299,-0.26536468,0.87307501,-0.40904957,0
-0.48913646,2.7799296,2.7127113,-0.59072161,0.18807554,0.78464997,0
-0.71401215,-0.27860403,-3.8592343,-0.76199049,-0.44985282,-0.46583569,0
-0.0039089024,3.4689188,-3.7019348,-0.26536468,0.87307501,-0.40904957,0
-0.7839179,-0.21332228,3.3266838,-0.59072161,0.18807554,0.78464997,0
-0.23958778,0.24941373,-4.0956154,0.59072161,-0.18807554,-0.78464997,0
-4.0519543,2.7634878,-1.6157751,-0.76199049,-0.44985282,-0.46583569,0
-3.0156105,3.2380304,0.8598932,-0.59072161,0.18807554,0.78464997,0
3.5630124,-0.44575232,0.1056273,0.76199049,0.44985282,0.46583569,0
0.2905401,3.9915004,1.0795679,0.76199049,0.44985282,0.46583569,0
1.309973,-2.3637736,5.1894603,0.26536468,-0.87307501,0.40904957,0
-1.0825088,5.2208681,1.0408245,-0.26536468,0.87307501,-0.40904957,0
-1.5329349,0.094115734,-2.7782841,-0.76199049,-0.44985282,-0.46583569,0
0.33824301,-0.11493087,4.1154361,-0.59072161,0.18807554,0.78464997,0
-1.2915137,4.9962626,0.44740438,-0.26536468,0.87307501,-0.40904957,0
2.8839967,0.93751109,-1.9929984,0.59072161,-0.18807554,-0.78464997,0
-0.69576013,1.3363652,-4.6707878,0.59072161,-0.18807554,-0.78464997,0
-0.49603927,-1.03231,3.639787,-0.59072161,0.18807554,0.78464997,0
1.9698867,-1.2299858,-1.9918528,0.59072161,-0.18807554,-0.78464997,0
-1.1082573,2.6078787,-4.6046147,-0.26536468,0.87307501,-0.40904957,0
-3.347276,-1.1681683,1.4415424,-0.76199049,-0.44985282,-0.46583569,0
1.1476717,4.5201254,-1.0403748,0.76199049,0.44985282,0.46583569,0
1.7806363,-0.32083565,-2.3779769,0.59072161,-0.18807554,-0.78464997,0
0.52764612,3.8235812,-3.1361971,-0.26536468,0.87307501,-0.40904957,0
3.5056357,0.40491721,-1.34622,0.59072161,-0.18807554,-0.78464997,0
-0.79962468,4.0492043,-1.8244753,-0.26536468,0.87307501,-0.40904957,0
-0.57391948,-4.6538548,1.318449,0.26536468,-0.87307501,0.40904957,0
2.8544741,-3.4671478,1.523211,0.26536468,-0.87307501,0.40904957,0
-1.1220791,5.3207159,0.84104729,-0.26536468,0.87307501,-0.40904957,0
-1.411526,-3.3471072,3.6206577,-0.59072161,0.18807554,0.78464997,0
-2.6823835,2.925442,-3.2591445,-0.26536468,0.87307501,-0.40904957,0
2.2700095,1.4952019,0.30366102,0.76199049,0.44985282,0.46583569,0
-2.0224643,3.1970968,-2.9784925,-0.26536468,0.87307501,-0.40904957,0
-1.9521722,1.4863205,1.8767526,-0.59072161,0.18807554,0.78464997,0
-2.0643587,-0.8176924,-1.1031814,-0.76199049,-0.44985282,-0.46583569,0
-2.4512069,3.5000412,1.1469469,-0.59072161,0.18807554,0.78464997,0
-1.0241785,-0.69784212,-2.884068,-0.76199049,-0.44985282,-0.46583569,0
-2.805768,-2.3083282,2.2438121,-0.59072161,0.18807554,0.78464997,0
-3.4803495,2.1326137,0.75814056,-0.59072161,0.18807554,0.78464997,0
-0.50201809,-3.8954158,2.8049731,0.26536468,-0.87307501,0.40904957,0
-0.69856679,4.0780053,-1.8432941,-0.26536468,0.87307501,-0.40904957,0
-2.3506138,2.269938,1.4567187,-0.59072161,0.18807554,0.78464997,0
2.1154857,2.589931,-2.8717964,0.59072161,-0.18807554,-0.78464997,0
-2.7010262,-1.4503487,0.43612346,-0.76199049,-0.44985282,-0.46583569,0
0.6919961,-2.4297743,4.8618259,-0.59072161,0.18807554,0.78464997,0
0.7426005,0.42266798,3.7858706,0.76199049,0.44985282,0.46583569,0
-1.1661978,2.7068779,-4.4459653,-0.26536468,0.87307501,-0.40904957,0
-2.0948529,3.5479727,-1.9669414,-0.26536468,0.87307501,-0.40904957,0
2.2985489,-2.0031915,3.6782799,0.76199049,0.44985282,0.46583569,0
0.12736237,0.9422878,-3.8739629,0.59072161,-0.18807554,-0.78464997,0
0.53204918,-2.4402783,4.6956825,-0.59072161,0.18807554,0.78464997,0
0.67814565,1.9053538,2.3799615,0.76199049,0.44985282,0.46583569,0
1.9688001,-4.2431612,0.67238593,0.26536468,-0.87307501,0.40904957,0
-1.4868202,5.1113405,0.94176531,-0.26536468,0.87307501,-0.40904957,0
3.5794766,-1.9975119,1.6039917,0.76199049,0.44985282,0.46583569,0
1.1115625,0.17948198,3.2116246,0.76199049,0.44985282,0.46583569,0
-1.9400861,2.7349963,-3.9048502,-0.26536468,0.87307501,-0.40904957,0
-1.6029961,0.65328121,-3.4154849,-0.76199049,-0.44985282,-0.46583569,0
2.8328214,0.45805162,0.085254431,0.76199049,0.44985282,0.46583569,0
3.0323591,-1.9805292,-0.97726738,0.59072161,-0.18807554,-0.78464997,0
1.8502433,-3.2471876,3.0702865,0.26536468,-0.87307501,0.40904957,0
2.018306,0.15762663,1.7959505,0.76199049,0.44985282,0.46583569,0
1.1951185,-1.3824793,4.6901178,0.76199049,0.44985282,0.46583569,0
-0.25436878,5.1763368,0.93094337,0.76199049,0.44985282,0.46583569,0
0.89018464,-3.3673253,-2.2636364,0.59072161,-0.18807554,-0.78464997,0
1.7328026,-0.34785879,3.0520792,0.76199049,0.44985282,0.46583569,0
-2.4267964,2.0197835,1.6074414,-0.59072161,0.18807554,0.78464997,0
-1.762217,4.3462849,-0.36019993,-0.26536468,0.87307501,-0.40904957,0
1.0221673,3.8898842,0.095843792,0.76199049,0.44985282,0.46583569,0
-3.5251288,2.1093466,-1.6435792,-0.76199049,-0.44985282,-0.46583569,0
-1.24827,4.6083694,-0.30132461,-0.26536468,0.87307501,-0.40904957,0
-0.92336857,-4.6392436,1.5518001,0.26536468,-0.87307501,0.40904957,0
2.5995235,1.3696842,-0.060664594,0.76199049,0.44985282,0.46583569,0
-2.5264635,-0.24435741,1.9278924,-0.59072161,0.18807554,0.78464997,0
-2.1759963,-1.6388454,2.4986293,-0.59072161,0.18807554,0.78464997,0
-0.089794368,-3.5716381,3.3569865,0.26536468,-0.87307501,0.40904957,0
2.9022701,-0.53767198,0.99223435,0.76199049,0.44985282,0.46583569,0
1.5037842,-4.3195062,-1.590719,0.59072161,-0.18807554,-0.78464997,0
2.5056546,-2.7363162,3.6423008,0.26536468,-0.87307501,0.40904957,0
0.33539224,-2.612561,4.5808096,-0.59072161,0.18807554,0.78464997,0
-0.3660289,0.016444683,3.5043905,-0.59072161,0.18807554,0.78464997,0
-2.2592034,-3.2477872,1.5768402,-0.76199049,-0.44985282,-0.46583569,0
-2.3062227,3.3789525,1.2165953,-0.59072161,0.18807554,0.78464997,0
-0.95114267,-3.9130902,3.1824691,0.26536468,-0.87307501,0.40904957,0
-0.36501616,2.1733415,-4.5301089,0.59072161,-0.18807554,-0.78464997,0
-2.1578474,3.8536463,-1.5965645,-0.26536468,0.87307501,-0.40904957,0
-1.5250643,-4.0919871,3.489346,0.26536468,-0.87307501,0.40904957,0
-1.6563694,-1.417675,-1.3729272,-0.76199049,-0.44985282,-0.46583569,0
-0.91468608,1.6108586,2.7243454,-0.59072161,0.18807554,0.78464997,0
1.8522347,-1.9490964,-2.0876727,0.59072161,-0.18807554,-0.78464997,0
-0.02697897,0.9925077,-3.9550619,0.59072161,-0.18807554,-0.78464997,0
-0.54573417,3.3149786,2.676908,-0.59072161,0.18807554,0.78464997,0
1.4448639,-3.7679348,2.2052472,0.26536468,-0.87307501,0.40904957,0
-2.7139184,-1.9274704,1.0415891,-0.76199049,-0.44985282,-0.46583569,0
1.0569408,-4.6558309,0.54784942,0.26536468,-0.87307501,0.40904957,0
-3.7168844,2.5105987,-1.8018975,-0.76199049,-0.44985282,-0.46583569,0
-1.5127876,4.2184343,-0.87018824,-0.26536468,0.87307501,-0.40904957,0
-0.95559955,3.3113046,2.2301168,-0.59072161,0.18807554,0.78464997,0
2.0008187,1.9395943,-2.7401793,0.59072161,-0.18807554,-0.78464997,0
-2.2975078,-1.4119434,2.4323685,-0.59072161,0.18807554,0.78464997,0
1.0167806,-3.4009008,3.2910933,0.26536468,-0.87307501,0.40904957,0
-1.1034425,0.1556747,-3.8733854,-0.76199049,-0.44985282,-0.46583569,0
1.5633831,-3.26264,2.9559529,0.26536468,-0.87307501,0.40904957,0
2.2217326,3.423265,-3.0933754,0.59072161,-0.18807554,-0.78464997,0
1.8074789,-1.5741776,-2.1286416,0.59072161,-0.18807554,-0.78464997,0
-1.1207948,4.6781206,-0.20255136,-0.26536468,0.87307501,-0.40904957,0
2.6853726,0.32716858,0.54332602,0.76199049,0.44985282,0.46583569,0
1.112221,4.5171165,-0.93845379,0.76199049,0.44985282,0.46583569,0
-1.0479107,2.6111214,-4.8390141,-0.26536468,0.87307501,-0.40904957,0
0.13506174,-3.4411507,-2.2345419,-0.76199049,-0.44985282,-0.46583569,0
-0.51287156,-2.5102763,4.1466408,-0.59072161,0.18807554,0.78464997,0
2.4951982,2.1104851,-2.4054136,0.59072161,-0.18807554,-0.78464997,0
-0.65954399,-4.6927347,1.3130128,0.26536468,-0.87307501,0.40904957,0
-1.5961816,3.2568035,1.8620054,-0.59072161,0.18807554,0.78464997,0
-1.3289292,2.41675,-4.9259343,-0.26536468,0.87307501,-0.40904957,0
-3.7123456,2.2195632,0.61621881,-0.59072161,0.18807554,0.78464997,0
-1.198395,-3.9751487,3.5321786,0.26536468,-0.87307501,0.40904957,0
-2.0203114,3.9097738,-1.4424078,-0.26536468,0.87307501,-0.40904957,0
-2.1497264,2.2938113,-4.2077293,-0.76199049,-0.44985282,-0.46583569,0
2.9273996,-4.147934,0.22229719,0.26536468,-0.87307501,0.40904957,0
-1.5433452,-2.3436599,-0.57421839,-0.76199049,-0.44985282,-0.46583569,0
1.562062,-2.5049295,4.5485439,0.26536468,-0.87307501,0.40904957,0
-1.9193225,-2.2851577,0.12282041,-0.76199049,-0.44985282,-0.46583569,0
0.49612033,4.7555799,-1.3979967,-0.26536468,0.87307501,-0.40904957,0
0.057456195,-2.4108653,4.3907108,-0.59072161,0.18807554,0.78464997,0
2.775784,-3.397897,1.8482103,0.26536468,-0.87307501,0.40904957,0
-0.63774574,-3.5534372,3.7981629,0.26536468,-0.87307501,0.40904957,0
2.553041,-3.0528777,-1.2136823,0.59072161,-0.18807554,-0.78464997,0
-1.3567054,-4.0936389,3.2881389,0.26536468,-0.87307501,0.40904957,0
-1.5296409,-1.1137224,-1.8604184,-0.76199049,-0.44985282,-0.46583569,0
2.9746974,-2.5309491,2.8566279,0.76199049,0.44985282,0.46583569,0
-3.3029168,-1.4576848,1.5318503,-0.76199049,-0.44985282,-0.46583569,0
3.4673657,-3.200191,-0.49716234,0.59072161,-0.18807554,-0.78464997,0
0.3351897,-3.2817559,3.5770845,0.26536468,-0.87307501,0.40904957,0
2.0747437,-3.4562054,2.0550618,0.26536468,-0.87307501,0.40904957,0
-3.10322,-0.57113034,1.7129827,-0.59072161,0.18807554,0.78464997,0
4.0521231,-2.0778131,0.67427015,0.76199049,0.44985282,0.46583569,0
-0.63375843,-4.1563897,2.6031547,0.26536468,-0.87307501,0.40904957,0
1.5880988,-3.0109227,3.6040108,0.26536468,-0.87307501,0.40904957,0
-3.7191255,2.6555774,0.38448453,-0.59072161,0.18807554,0.78464997,0
-2.2729619,4.1175227,-0.83462024,-0.26536468,0.87307501,-0.40904957,0
-1.2489296,-4.2510972,2.7472415,0.26536468,-0.87307501,0.40904957,0
1.5250423,-0.45802641,3.456224,0.76199049,0.44985282,0.46583569,0
4.7128134,-2.9105997,0.54580522,0.76199049,0.44985282,0.46583569,0
-3.0482235,2.8108597,-2.8848665,-0.76199049,-0.44985282,-0.46583569,0
1.7765124,2.0894012,0.49885106,0.76199049,0.44985282,0.46583569,0
2.885005,-3.8154588,-0.61912656,0.59072161,-0.18807554,-0.78464997,0
