1.0327972,-4.5041318,1.4024301,0.54107618,-0.159913,0.82562965,0
-3.3234296,-3.5493333,0.14315987,-0.71360719,-0.60676748,0.35013986,0
2.0952463,-2.8768921,1.1886879,0.54107618,-0.159913,0.82562965,0
3.8138525,-0.45034695,-3.2642064,0.44497335,-0.77862763,-0.44242248,0
-1.8846946,-4.4058766,1.1935067,-0.71360719,-0.60676748,0.35013986,0
0.039540768,4.4351387,0.23511028,-0.44497335,0.77862763,0.44242248,0
-1.719677,-4.436121,1.4365373,-0.71360719,-0.60676748,0.35013986,0
2.9342716,1.5251615,1.3409867,0.54107618,-0.159913,0.82562965,0
-1.1338842,2.8092899,1.9360473,-0.44497335,0.77862763,0.44242248,0
3.1503067,-1.7991121,-1.7166934,0.44497335,-0.77862763,-0.44242248,0
5.0140057,1.2642252,-0.39466524,0.71360719,0.60676748,-0.35013986,0
0.4228178,-3.7701585,2.0558109,0.54107618,-0.159913,0.82562965,0
-0.096226931,2.2917597,3.5620921,-0.44497335,0.77862763,0.44242248,0
2.0539002,0.64159179,1.7556832,0.54107618,-0.159913,0.82562965,0
4.7465,-1.106802,-1.4096773,0.44497335,-0.77862763,-0.44242248,0
4.3910847,1.8488429,-0.52527857,0.71360719,0.60676748,-0.35013986,0
-3.3348577,-0.64363575,5.012713,-0.71360719,-0.60676748,0.35013986,0
-1.8319725,-0.71142995,-1.9808432,-0.54107618,0.159913,-0.82562965,0
1.8677697,3.3699586,-3.2873662,0.71360719,0.60676748,-0.35013986,0
2.3257852,3.2063878,2.2157004,0.54107618,-0.159913,0.82562965,0
-2.5892584,-3.3560486,1.807879,-0.71360719,-0.60676748,0.35013986,0
-0.58746362,2.2007799,3.2770591,-0.44497335,0.77862763,0.44242248,0
-2.8290715,-2.8631263,1.8487644,-0.71360719,-0.60676748,0.35013986,0
1.5561557,-3.2175589,-0.4801954,0.44497335,-0.77862763,-0.44242248,0
-3.183969,2.2293363,-0.40371025,-0.54107618,0.159913,-0.82562965,0
4.3434567,2.175766,-0.095044613,0.71360719,0.60676748,-0.35013986,0
-1.2306888,1.6640048,3.7193079,-0.44497335,0.77862763,0.44242248,0
-3.3051219,-1.3010845,3.8987446,-0.71360719,-0.60676748,0.35013986,0
4.0768037,-1.428353,-0.036442518,0.54107618,-0.159913,0.82562965,0
3.574332,-0.050383449,0.75436449,0.54107618,-0.159913,0.82562965,0
-2.4362676,-0.27306092,-1.3961433,-0.54107618,0.159913,-0.82562965,0
-0.2651155,3.0752389,2.3632348,-0.44497335,0.77862763,0.44242248,0
0.53589773,3.6730387,2.2064848,-0.44497335,0.77862763,0.44242248,0
-2.1656032,-4.291254,1.0458245,-0.71360719,-0.60676748,0.35013986,0
-3.9330225,-1.8958498,-0.7989006,-0.54107618,0.159913,-0.82562965,0
-2.6013994,-4.5719862,-0.58398628,-0.71360719,-0.60676748,0.35013986,0
-1.7982341,-1.5039632,3.9138899,0.54107618,-0.159913,0.82562965,0
-2.5336456,-2.3060808,3.9544418,-0.71360719,-0.60676748,0.35013986,0
1.6609066,0.57574868,-4.1225691,-0.54107618,0.159913,-0.82562965,0
1.3960261,-3.0231848,1.5497758,0.54107618,-0.159913,0.82562965,0
0.39921331,-0.54125857,-3.4017849,-0.54107618,0.159913,-0.82562965,0
1.584969,-2.6297989,1.4398165,0.54107618,-0.159913,0.82562965,0
-3.8590407,-0.50002193,4.0548806,-0.71360719,-0.60676748,0.35013986,0
-2.2811058,-4.1620498,1.038784,-0.71360719,-0.60676748,0.35013986,0
-3.7027087,0.17442369,-0.65461779,-0.54107618,0.159913,-0.82562965,0
1.7754258,-1.8138638,1.565841,0.54107618,-0.159913,0.82562965,0
3.8646917,-0.1340096,0.52392077,0.54107618,-0.159913,0.82562965,0
2.0107207,-1.4676266,1.5062195,0.54107618,-0.159913,0.82562965,0
1.3190649,-1.9836317,1.8954966,0.54107618,-0.159913,0.82562965,0
-2.3868032,2.1227684,-1.1010653,-0.54107618,0.159913,-0.82562965,0
-0.63509202,-5.6359773,1.879261,-0.71360719,-0.60676748,0.35013986,0
-0.91070998,-5.1065283,2.2319474,-0.71360719,-0.60676748,0.35013986,0
-4.1958928,-2.2404051,-0.60358715,-0.54107618,0.159913,-0.82562965,0
0.21244732,4.4217815,-2.3703701,-0.54107618,0.159913,-0.82562965,0
-0.44746178,-3.7479262,2.4884896,0.54107618,-0.159913,0.82562965,0
-0.54563224,4.561223,-0.52789712,-0.44497335,0.77862763,0.44242248,0
-0.96773076,2.9209552,1.7437896,-0.44497335,0.77862763,0.44242248,0
5.1635771,-0.031074524,-2.3224189,0.71360719,0.60676748,-0.35013986,0
3.4167142,1.9586074,-2.3946743,0.71360719,0.60676748,-0.35013986,0
-5.7914467,0.78053313,0.86890888,-0.44497335,0.77862763,0.44242248,0
2.4923413,-0.77909875,-4.1430416,0.44497335,-0.77862763,-0.44242248,0
-2.9365437,1.8627224,1.47461,-0.44497335,0.77862763,0.44242248,0
-4.830543,-0.92658645,1.2275896,-0.71360719,-0.60676748,0.35013986,0
-3.2924209,-2.5844092,1.8414097,-0.71360719,-0.60676748,0.35013986,0
-0.83195519,-4.2533426,-1.2415347,0.44497335,-0.77862763,-0.44242248,0
3.218585,-0.43699479,-3.7876871,0.44497335,-0.77862763,-0.44242248,0
-1.9703994,3.7036767,-0.58307981,-0.44497335,0.77862763,0.44242248,0
4.6109881,1.7645638,-0.30703354,0.71360719,0.60676748,-0.35013986,0
1.5212311,4.4397917,-2.0110083,0.71360719,0.60676748,-0.35013986,0
5.1803484,1.1832365,-0.45271015,0.71360719,0.60676748,-0.35013986,0
3.1435971,2.1497197,-2.5113423,0.71360719,0.60676748,-0.35013986,0
-3.1265509,-0.019759655,4.9676499,-0.44497335,0.77862763,0.44242248,0
-2.5025299,-4.2820072,0.45967197,-0.71360719,-0.60676748,0.35013986,0
2.3929052,-1.8963735,1.1745383,0.54107618,-0.159913,0.82562965,0
2.352375,-1.3535708,1.235279,0.54107618,-0.159913,0.82562965,0
-3.5972848,1.4064298,-0.44898736,-0.54107618,0.159913,-0.82562965,0
-3.2172198,-1.4778981,3.6116865,-0.71360719,-0.60676748,0.35013986,0
2.0311606,-2.8276124,-1.0624059,0.44497335,-0.77862763,-0.44242248,0
-1.4129725,-4.0611076,-2.258004,0.44497335,-0.77862763,-0.44242248,0
-2.1155057,-4.6530685,-1.6358809,0.44497335,-0.77862763,-0.44242248,0
-4.7005792,-0.88615108,1.795434,-0.71360719,-0.60676748,0.35013986,0
-1.4577489,3.7385545,-0.12550139,-0.44497335,0.77862763,0.44242248,0
0.56941152,-3.4181561,-1.4164391,0.44497335,-0.77862763,-0.44242248,0
2.9334724,2.4696219,-2.8260632,0.71360719,0.60676748,-0.35013986,0
-3.1708961,-3.8986707,-0.27688503,-0.71360719,-0.60676748,0.35013986,0
-0.94721514,0.54314351,-2.3236675,-0.54107618,0.159913,-0.82562965,0
-0.78461254,4.5867105,-0.73268795,-0.44497335,0.77862763,0.44242248,0
-0.77971131,0.62051678,-2.3338358,-0.54107618,0.159913,-0.82562965,0
1.7488681,1.0160887,2.0353923,0.54107618,-0.159913,0.82562965,0
-0.97245115,1.7324613,-1.9670677,-0.54107618,0.159913,-0.82562965,0
4.2880535,-0.5897603,-2.5548525,0.44497335,-0.77862763,-0.44242248,0
-1.3586198,-2.1086378,-2.628355,-0.54107618,0.159913,-0.82562965,0
0.70767725,-3.9311624,1.8679395,0.54107618,-0.159913,0.82562965,0
3.1976643,1.6677227,1.2843974,0.54107618,-0.159913,0.82562965,0
-4.9500432,-0.97845566,0.78342485,-0.71360719,-0.60676748,0.35013986,0
1.8993375,-2.1886187,1.4152855,0.54107618,-0.159913,0.82562965,0
0.54414511,0.26293206,-3.4514523,-0.54107618,0.159913,-0.82562965,0
-0.1126349,0.40814352,3.2769632,0.54107618,-0.159913,0.82562965,0
-2.7415152,-4.5974789,-2.1144371,-0.54107618,0.159913,-0.82562965,0
-1.4220654,3.8978448,-0.44764471,-0.44497335,0.77862763,0.44242248,0
2.8495409,4.2396431,0.27277994,0.71360719,0.60676748,-0.35013986,0
-3.430388,-1.5695612,3.270467,-0.71360719,-0.60676748,0.35013986,0
0.52409744,1.5982058,3.0718911,0.54107618,-0.159913,0.82562965,0
-3.1401753,-3.5033686,0.62303114,-0.71360719,-0.60676748,0.35013986,0
2.8759387,1.7886674,-4.0301533,0.71360719,0.60676748,-0.35013986,0
0.098288059,5.3665228,-1.964045,-0.54107618,0.159913,-0.82562965,0
1.4306412,4.9519377,-1.0875168,0.71360719,0.60676748,-0.35013986,0
-1.6200962,-4.1179695,-2.4208803,0.44497335,-0.77862763,-0.44242248,0
-5.2148056,0.46931422,2.0573611,-0.44497335,0.77862763,0.44242248,0
0.55327618,0.7174232,-3.137013,-0.54107618,0.159913,-0.82562965,0
5.3773913,0.27273285,-1.3018742,0.71360719,0.60676748,-0.35013986,0
0.17591476,-3.2362456,-2.1757565,0.44497335,-0.77862763,-0.44242248,0
-5.555438,0.91331291,0.93025088,-0.44497335,0.77862763,0.44242248,0
-1.7686715,1.4764614,3.5681958,-0.44497335,0.77862763,0.44242248,0
-5.1105986,-1.0322237,0.36471081,-0.71360719,-0.60676748,0.35013986,0
5.2745342,-0.92433941,-0.93587947,0.44497335,-0.77862763,-0.44242248,0
1.3800752,-1.5872555,-3.5422485,0.44497335,-0.77862763,-0.44242248,0
0.2825563,-3.7082248,-1.0140154,0.44497335,-0.77862763,-0.44242248,0
-1.1415644,-5.3113623,1.3699851,-0.71360719,-0.60676748,0.35013986,0
2.0972159,-1.3925979,-3.3537803,0.44497335,-0.77862763,-0.44242248,0
3.3871465,4.3837433,1.4921536,0.71360719,0.60676748,-0.35013986,0
-1.1691365,2.5532894,-1.7245661,-0.54107618,0.159913,-0.82562965,0
3.6980646,1.2097807,0.75207043,0.54107618,-0.159913,0.82562965,0
-3.2628999,1.955344,0.99679571,-0.44497335,0.77862763,0.44242248,0
1.2226315,-0.83479118,2.1732879,0.54107618,-0.159913,0.82562965,0
1.2986417,-0.72814524,1.9294171,0.54107618,-0.159913,0.82562965,0
-3.6108479,0.55983156,-0.47635412,-0.54107618,0.159913,-0.82562965,0
-0.88449979,-2.2277267,3.2730541,0.54107618,-0.159913,0.82562965,0
3.3889422,1.4272504,-3.6307502,0.71360719,0.60676748,-0.35013986,0
1.6772211,-4.0705676,0.93420959,0.44497335,-0.77862763,-0.44242248,0
0.84891707,5.3574157,-2.0506139,0.71360719,0.60676748,-0.35013986,0
-2.1248918,-4.5458012,-2.1166077,0.44497335,-0.77862763,-0.44242248,0
4.1754546,-1.3953857,-1.2036805,0.44497335,-0.77862763,-0.44242248,0
3.8616436,0.93990278,-3.2837408,0.71360719,0.60676748,-0.35013986,0
-1.4414456,2.2064161,2.6878557,-0.44497335,0.77862763,0.44242248,0
-1.2105129,3.4031754,0.67330849,-0.44497335,0.77862763,0.44242248,0
2.9413414,-1.9688876,-1.5114573,0.44497335,-0.77862763,-0.44242248,0
0.5124135,-4.295804,0.10904598,0.44497335,-0.77862763,-0.44242248,0
0.5704093,5.5304222,-1.9120784,0.71360719,0.60676748,-0.35013986,0
-0.19573736,1.0935159,3.3934553,0.54107618,-0.159913,0.82562965,0
5.1746063,-0.99653852,-0.7651763,0.44497335,-0.77862763,-0.44242248,0
2.4015384,5.0231109,0.86545038,0.71360719,0.60676748,-0.35013986,0
1.6877365,0.24620938,2.0754993,0.54107618,-0.159913,0.82562965,0
3.9643724,2.1862745,-0.98366547,0.71360719,0.60676748,-0.35013986,0
2.0725102,4.0480285,-1.3464384,0.71360719,0.60676748,-0.35013986,0
-1.8615505,-4.9007244,-1.1625109,0.44497335,-0.77862763,-0.44242248,0
-3.3432698,-3.3095608,0.42032862,-0.71360719,-0.60676748,0.35013986,0
-3.2961192,-3.3892879,0.091033936,-0.71360719,-0.60676748,0.35013986,0
0.95814717,-3.594846,-0.41096973,0.44497335,-0.77862763,-0.44242248,0
-1.6956301,1.7423739,3.2865667,-0.44497335,0.77862763,0.44242248,0
-0.64908981,-0.10631895,3.3665404,0.54107618,-0.159913,0.82562965,0
1.4689325,4.8729825,-1.6213198,0.71360719,0.60676748,-0.35013986,0
3.8964128,1.6624862,-2.3124371,0.71360719,0.60676748,-0.35013986,0
-1.4517269,-5.29916,0.68053341,-0.71360719,-0.60676748,0.35013986,0
3.0146704,-1.3533969,-2.3876507,0.44497335,-0.77862763,-0.44242248,0
-1.8193802,3.7710826,-0.40694129,-0.44497335,0.77862763,0.44242248,0
-0.23873639,2.7442183,3.0435984,-0.44497335,0.77862763,0.44242248,0
-1.4622436,-4.036355,3.0259609,-0.71360719,-0.60676748,0.35013986,0
-1.2938321,-4.2970729,-1.7816925,0.44497335,-0.77862763,-0.44242248,0
-3.7350624,-2.6226957,0.76694393,-0.71360719,-0.60676748,0.35013986,0
-3.4486656,1.6479524,1.7324225,-0.44497335,0.77862763,0.44242248,0
0.33239889,2.0540981,3.2927036,0.54107618,-0.159913,0.82562965,0
2.4312706,4.7961855,1.9604521,-0.44497335,0.77862763,0.44242248,0
-5.5032349,0.69822788,1.000634,-0.44497335,0.77862763,0.44242248,0
-1.7789798,0.26726007,4.3264437,0.54107618,-0.159913,0.82562965,0
-1.2745899,3.3963623,0.7341665,-0.44497335,0.77862763,0.44242248,0
2.4547453,-2.9524078,-0.15541685,0.44497335,-0.77862763,-0.44242248,0
2.8726468,0.35256338,1.0989704,0.54107618,-0.159913,0.82562965,0
4.5654039,1.8349574,-0.59642792,0.71360719,0.60676748,-0.35013986,0
1.7330979,5.191566,0.40678692,-0.44497335,0.77862763,0.44242248,0
-0.78316224,3.7899063,-1.771836,-0.54107618,0.159913,-0.82562965,0
-1.3186057,2.7545748,-1.6353095,-0.54107618,0.159913,-0.82562965,0
-0.43555927,1.3282185,3.5413702,0.54107618,-0.159913,0.82562965,0
-2.0111032,-2.7410593,3.8671081,0.54107618,-0.159913,0.82562965,0
2.1558871,0.62589169,-4.3380752,-0.54107618,0.159913,-0.82562965,0
-0.32424545,-5.0082741,0.45980406,0.44497335,-0.77862763,-0.44242248,0
0.069165707,2.8734441,-2.529624,-0.54107618,0.159913,-0.82562965,0
-2.1563311,0.38765037,-1.4192469,-0.54107618,0.159913,-0.82562965,0
-2.6328743,2.7920556,0.33921653,-0.44497335,0.77862763,0.44242248,0
1.6353269,-2.2777953,-2.4100704,0.44497335,-0.77862763,-0.44242248,0
-1.7003273,0.018297911,-1.8505579,-0.54107618,0.159913,-0.82562965,0
0.67243743,-0.7382493,2.4856083,0.54107618,-0.159913,0.82562965,0
-4.3380046,-0.24095392,3.6660306,-0.71360719,-0.60676748,0.35013986,0
-3.9699979,1.1499084,1.870506,-0.44497335,0.77862763,0.44242248,0
1.7839237,4.5885611,-1.0383573,0.71360719,0.60676748,-0.35013986,0
1.391474,-1.8901829,-3.1750391,0.44497335,-0.77862763,-0.44242248,0
-1.9043159,1.5152321,3.1313024,-0.44497335,0.77862763,0.44242248,0
0.58914113,3.5589459,2.3497212,-0.44497335,0.77862763,0.44242248,0
-3.801578,-1.7266475,1.9956262,-0.71360719,-0.60676748,0.35013986,0
0.02115947,4.2385616,-2.1102474,-0.54107618,0.159913,-0.82562965,0
1.3870841,5.2401743,-0.88178873,0.71360719,0.60676748,-0.35013986,0
-4.8429995,-0.42123091,2.4402854,-0.71360719,-0.60676748,0.35013986,0
4.986414,0.31795371,-2.1763449,0.71360719,0.60676748,-0.35013986,0
-3.2339864,-4.1181936,-1.0184236,-0.71360719,-0.60676748,0.35013986,0
4.5965643,-0.48193979,-2.4469078,0.44497335,-0.77862763,-0.44242248,0
-3.832438,0.03717041,4.2017584,-0.44497335,0.77862763,0.44242248,0
-4.5309768,-1.0366428,1.7037497,-0.71360719,-0.60676748,0.35013986,0
-0.90238833,1.6808062,-2.2300863,-0.54107618,0.159913,-0.82562965,0
1.7041042,0.56438577,2.0494776,0.54107618,-0.159913,0.82562965,0
0.5012691,2.6094596,3.1926589,0.54107618,-0.159913,0.82562965,0
4.3387179,0.51980901,-3.3274748,0.71360719,0.60676748,-0.35013986,0
-2.4788933,-2.451165,3.4942269,-0.71360719,-0.60676748,0.35013986,0
-3.9955168,-3.0851552,-0.91597509,-0.71360719,-0.60676748,0.35013986,0
-1.6048408,2.1608138,2.4231908,-0.44497335,0.77862763,0.44242248,0
1.5474665,4.2413216,2.0186768,-0.44497335,0.77862763,0.44242248,0
-0.073664069,-1.1604884,2.9450042,0.54107618,-0.159913,0.82562965,0
-0.86713672,1.8567684,-2.0528076,-0.54107618,0.159913,-0.82562965,0
1.6631837,-0.78141975,-4.1978827,-0.54107618,0.159913,-0.82562965,0
2.9829826,3.9154897,-0.078079224,0.71360719,0.60676748,-0.35013986,0
4.0598578,-0.36106169,0.35687995,0.54107618,-0.159913,0.82562965,0
-0.35230297,-5.7417355,1.7429318,0.44497335,-0.77862763,-0.44242248,0
4.0125728,1.4632472,-2.3184779,0.71360719,0.60676748,-0.35013986,0
-4.9992404,-0.38737273,1.7267017,-0.71360719,-0.60676748,0.35013986,0
-1.7370768,0.31073093,4.2324514,0.54107618,-0.159913,0.82562965,0
-3.9645786,-3.2672434,-0.71236992,-0.71360719,-0.60676748,0.35013986,0
1.1028399,-4.3709154,0.78519416,0.44497335,-0.77862763,-0.44242248,0
-2.6354311,2.7254744,0.51670569,-0.44497335,0.77862763,0.44242248,0
-4.861589,-0.51278079,1.8819349,-0.71360719,-0.60676748,0.35013986,0
-2.9619844,-4.753684,-1.3432541,-0.71360719,-0.60676748,0.35013986,0
-2.6675019,-4.875721,-1.8899732,0.44497335,-0.77862763,-0.44242248,0
-0.27588975,4.6887188,-0.69706464,-0.44497335,0.77862763,0.44242248,0
-3.2637842,-2.2499876,2.1094782,-0.71360719,-0.60676748,0.35013986,0
2.9632092,0.31964684,-5.0140843,-0.54107618,0.159913,-0.82562965,0
0.2008431,-2.896843,-2.7506962,0.44497335,-0.77862763,-0.44242248,0
3.8094573,3.4292812,1.0811143,0.71360719,0.60676748,-0.35013986,0
-0.21451569,5.2088952,-1.5793009,-0.44497335,0.77862763,0.44242248,0
4.9610486,-1.3665334,-0.64748907,0.44497335,-0.77862763,-0.44242248,0
-1.4553199,2.0583818,-1.651684,-0.54107618,0.159913,-0.82562965,0
3.0054502,3.5625281,-0.49146414,0.71360719,0.60676748,-0.35013986,0
-0.75020993,2.4656615,-2.0599518,-0.54107618,0.159913,-0.82562965,0
-3.3996005,0.85933518,2.938015,-0.44497335,0.77862763,0.44242248,0
3.4431696,1.0365427,1.0159409,0.54107618,-0.159913,0.82562965,0
-3.0746298,-4.7542887,-1.5611367,-0.71360719,-0.60676748,0.35013986,0
2.4608445,-1.7914159,-2.4835234,0.44497335,-0.77862763,-0.44242248,0
-4.616396,0.80026054,2.0728295,-0.44497335,0.77862763,0.44242248,0
5.9001288,-0.26323235,-1.1089044,0.71360719,0.60676748,-0.35013986,0
-3.6559329,-2.992028,0.47646856,-0.71360719,-0.60676748,0.35013986,0
5.6186638,0.24868867,-0.70410347,0.54107618,-0.159913,0.82562965,0
-1.2609478,-2.3620801,3.4194698,0.54107618,-0.159913,0.82562965,0
-3.6748941,-3.7378776,-0.94731855,-0.71360719,-0.60676748,0.35013986,0
2.5861504,5.1745596,1.2423024,0.71360719,0.60676748,-0.35013986,0
4.0861197,1.9187486,-1.3478651,0.71360719,0.60676748,-0.35013986,0
-4.2279725,-1.5198176,1.5806546,-0.71360719,-0.60676748,0.35013986,0
-3.4595785,-4.2898388,-1.5793881,-0.71360719,-0.60676748,0.35013986,0
-4.6710305,1.0758728,1.1458733,-0.44497335,0.77862763,0.44242248,0
4.3763518,-0.32078838,-2.8424232,0.44497335,-0.77862763,-0.44242248,0
6.0508213,-0.21769997,-0.9944191,0.71360719,0.60676748,-0.35013986,0
2.5655484,5.0835829,1.4305763,-0.44497335,0.77862763,0.44242248,0
-2.7744513,-4.5831633,-0.57213449,-0.71360719,-0.60676748,0.35013986,0
-4.5728669,0.27527523,2.6721487,-0.44497335,0.77862763,0.44242248,0
4.0157423,1.5396372,0.61875439,0.54107618,-0.159913,0.82562965,0
-2.1668868,-4.507432,0.59679699,-0.71360719,-0.60676748,0.35013986,0
-4.2004781,-1.5731735,1.2975717,-0.71360719,-0.60676748,0.35013986,0
0.38480693,3.057343,-2.723918,-0.54107618,0.159913,-0.82562965,0
-4.2252183,-0.1003921,3.775471,-0.44497335,0.77862763,0.44242248,0
-2.7960706,-5.1247845,-1.9088755,0.44497335,-0.77862763,-0.44242248,0
1.969728,-1.7481617,-3.0726676,0.44497335,-0.77862763,-0.44242248,0
-3.9858367,0.98245156,2.2900939,-0.44497335,0.77862763,0.44242248,0
0.71977043,-1.6665063,-3.7910881,-0.54107618,0.159913,-0.82562965,0
4.4178009,0.35565925,-3.3893156,0.71360719,0.60676748,-0.35013986,0
2.6015465,-1.4713011,-2.9194136,0.44497335,-0.77862763,-0.44242248,0
0.19628096,-5.2106729,1.4852653,0.44497335,-0.77862763,-0.44242248,0
-0.94907629,-0.041620016,-2.4976015,-0.54107618,0.159913,-0.82562965,0
-0.60604483,4.645381,-1.6359694,-0.54107618,0.159913,-0.82562965,0
-0.86987662,-4.4131098,-0.84884882,0.44497335,-0.77862763,-0.44242248,0
2.1981893,4.7658687,0.1688261,0.71360719,0.60676748,-0.35013986,0
-2.9342628,-3.7629712,-1.7838264,-0.54107618,0.159913,-0.82562965,0
-3.6111803,-2.9532919,0.31247616,-0.71360719,-0.60676748,0.35013986,0
-1.0445989,3.8513925,0.2133472,-0.44497335,0.77862763,0.44242248,0
0.64887834,-3.3628068,-1.3747249,0.44497335,-0.77862763,-0.44242248,0
2.2429962,-0.25942826,1.5836318,0.54107618,-0.159913,0.82562965,0
-4.1629229,-0.99575651,2.46243,-0.71360719,-0.60676748,0.35013986,0
-3.6170616,-1.6764888,2.6185455,-0.71360719,-0.60676748,0.35013986,0
-3.3219676,-1.2491064,4.1152534,-0.71360719,-0.60676748,0.35013986,0
0.82287359,-0.17485547,-3.5728979,-0.54107618,0.159913,-0.82562965,0
3.6426971,-0.23991299,-3.7207808,0.44497335,-0.77862763,-0.44242248,0
1.1271094,-4.0976162,0.45436788,0.44497335,-0.77862763,-0.44242248,0
2.0976548,4.1557264,2.3925982,0.54107618,-0.159913,0.82562965,0
-0.3474974,4.2329903,-1.8983119,-0.54107618,0.159913,-0.82562965,0
-0.53921545,-5.5515394,2.178782,-0.71360719,-0.60676748,0.35013986,0
-4.6925468,0.98735958,1.5139174,-0.44497335,0.77862763,0.44242248,0
1.6577084,3.7628715,2.6789489,0.54107618,-0.159913,0.82562965,0
-3.3309879,-3.7038441,-0.40292597,-0.71360719,-0.60676748,0.35013986,0
2.6186078,3.0159535,-2.5053763,0.71360719,0.60676748,-0.35013986,0
1.8330653,4.2211051,2.122992,-0.44497335,0.77862763,0.44242248,0
3.0014312,-1.0679803,-3.0134306,0.44497335,-0.77862763,-0.44242248,0
4.0023055,-0.86776292,-2.520792,0.44497335,-0.77862763,-0.44242248,0
-1.8117261,-3.5070376,3.1063371,-0.71360719,-0.60676748,0.35013986,0
1.0346621,5.2003717,-0.32307577,-0.44497335,0.77862763,0.44242248,0
2.1975925,2.6061716,2.1745987,0.54107618,-0.159913,0.82562965,0
-1.2619667,3.0711432,1.3581049,-0.44497335,0.77862763,0.44242248,0
-0.63004345,-5.8197994,1.4972172,0.44497335,-0.77862763,-0.44242248,0
3.3243701,-0.82473922,-3.0388129,0.44497335,-0.77862763,-0.44242248,0
-2.5122883,0.83917236,3.8039665,-0.44497335,0.77862763,0.44242248,0
2.9144204,2.5886676,-2.6450918,0.71360719,0.60676748,-0.35013986,0
-2.9414737,-2.9181995,1.8324361,-0.71360719,-0.60676748,0.35013986,0
0.98368001,-2.0724587,-3.1264203,0.44497335,-0.77862763,-0.44242248,0
-2.5159507,0.54425001,4.5394607,-0.44497335,0.77862763,0.44242248,0
-4.1552067,-0.88392448,2.9403319,-0.71360719,-0.60676748,0.35013986,0
0.69991326,4.0051374,-2.6907434,-0.54107618,0.159913,-0.82562965,0
1.3359753,-0.41140604,2.1647408,0.54107618,-0.159913,0.82562965,0
-1.931322,-1.4982951,4.0129085,0.54107618,-0.159913,0.82562965,0
-3.1326141,-4.4760323,-1.1618981,-0.71360719,-0.60676748,0.35013986,0
-1.6639345,-5.3388801,0.30674791,-0.71360719,-0.60676748,0.35013986,0
-3.4556417,-2.9421756,0.98432159,-0.71360719,-0.60676748,0.35013986,0
-2.7611301,3.1693311,-0.53655249,-0.44497335,0.77862763,0.44242248,0
0.93622482,5.1285844,0.036381245,-0.44497335,0.77862763,0.44242248,0
-3.3326688,-1.6253216,3.3110311,-0.71360719,-0.60676748,0.35013986,0
-1.0240791,1.0498016,4.0178242,0.54107618,-0.159913,0.82562965,0
4.5476246,-0.69555283,-2.0884907,0.44497335,-0.77862763,-0.44242248,0
0.77979469,0.0069766045,-3.5287781,-0.54107618,0.159913,-0.82562965,0
-4.2921538,-1.9644403,0.4277091,-0.71360719,-0.60676748,0.35013986,0
3.5187821,3.4117789,0.087797642,0.71360719,0.60676748,-0.35013986,0
4.4062061,-1.2369281,-1.4809949,0.44497335,-0.77862763,-0.44242248,0
-3.8368888,1.041979,2.3891556,-0.44497335,0.77862763,0.44242248,0
-1.5830652,2.6436551,1.6458098,-0.44497335,0.77862763,0.44242248,0
1.846843,-3.809325,0.5873841,0.44497335,-0.77862763,-0.44242248,0
-0.75888169,-2.4604805,2.999671,0.54107618,-0.159913,0.82562965,0
-0.75325131,2.6444118,2.5387712,-0.44497335,0.77862763,0.44242248,0
3.1638637,2.0729339,1.3538692,0.54107618,-0.159913,0.82562965,0
-0.16802692,-0.45050287,2.9553473,0.54107618,-0.159913,0.82562965,0
1.7436501,1.2852871,-3.8832555,-0.54107618,0.159913,-0.82562965,0
-0.31832933,-5.5827146,2.0820279,0.54107618,-0.159913,0.82562965,0
4.8197565,-0.27707338,-2.6794059,0.44497335,-0.77862763,-0.44242248,0
2.8155813,-3.0778139,0.19456133,0.44497335,-0.77862763,-0.44242248,0
-1.7948576,-0.92776144,-1.970494,-0.54107618,0.159913,-0.82562965,0
3.7133338,0.060641289,-4.3624201,0.44497335,-0.77862763,-0.44242248,0
-0.28627312,-1.4889474,2.9593472,0.54107618,-0.159913,0.82562965,0
-2.8933156,-3.2297988,1.4805746,-0.71360719,-0.60676748,0.35013986,0
-3.3808169,-1.6602342,2.8919148,-0.71360719,-0.60676748,0.35013986,0
-2.4669685,2.719101,0.45418051,-0.44497335,0.77862763,0.44242248,0
-1.617684,2.9298987,1.2793455,-0.44497335,0.77862763,0.44242248,0
0.11775541,3.8101397,1.2113094,-0.44497335,0.77862763,0.44242248,0
2.7360346,3.1050329,-2.161839,0.71360719,0.60676748,-0.35013986,0
-3.0797975,-2.0998361,3.0183074,-0.71360719,-0.60676748,0.35013986,0
-4.0385208,-0.99344969,-0.5290885,-0.54107618,0.159913,-0.82562965,0
1.1320904,-0.62080479,2.124218,0.54107618,-0.159913,0.82562965,0
-2.2621977,-0.57696724,4.3022113,0.54107618,-0.159913,0.82562965,0
-1.5794187,-4.1801577,2.389688,-0.71360719,-0.60676748,0.35013986,0
1.1182538,1.7116492,-3.4372168,-0.54107618,0.159913,-0.82562965,0
3.7544627,3.3898585,0.73424673,0.71360719,0.60676748,-0.35013986,0
4.1143041,-0.47889566,-2.8300748,0.44497335,-0.77862763,-0.44242248,0
3.23282,1.9117923,-3.0202239,0.71360719,0.60676748,-0.35013986,0
-0.047493458,-3.4804411,-2.0350077,0.44497335,-0.77862763,-0.44242248,0
-5.6528277,-0.28499773,0.84097242,-0.71360719,-0.60676748,0.35013986,0
2.8097713,1.9753211,1.6189609,0.54107618,-0.159913,0.82562965,0
-0.44250679,4.3357077,-1.8718531,-0.54107618,0.159913,-0.82562965,0
-1.2988067,2.5185342,2.1100354,-0.44497335,0.77862763,0.44242248,0
-0.37314749,0.088455439,3.3631258,0.54107618,-0.159913,0.82562965,0
1.2848365,-1.6509646,1.7644241,0.54107618,-0.159913,0.82562965,0
-3.6067622,2.2891796,0.38281006,-0.44497335,0.77862763,0.44242248,0
-4.4170971,-1.7951392,0.93965149,-0.71360719,-0.60676748,0.35013986,0
3.6232743,2.1414862,-2.0360584,0.71360719,0.60676748,-0.35013986,0
-0.22587681,-1.9370525,2.8932796,0.54107618,-0.159913,0.82562965,0
-3.0280726,0.16323996,4.6556163,-0.44497335,0.77862763,0.44242248,0
1.1287695,4.7732706,0.5735836,-0.44497335,0.77862763,0.44242248,0
-3.254087,-1.233742,3.8685188,-0.71360719,-0.60676748,0.35013986,0
-0.61067379,-0.94882703,-2.7823734,-0.54107618,0.159913,-0.82562965,0
-2.351227,-1.8853641,-1.8020611,-0.54107618,0.159913,-0.82562965,0
-2.5136266,1.7703606,-1.0471888,-0.54107618,0.159913,-0.82562965,0
0.072470546,5.2235808,-1.1454954,-0.44497335,0.77862763,0.44242248,0
1.1201453,0.059820175,-3.8409953,-0.54107618,0.159913,-0.82562965,0
-3.3327572,-0.8454361,4.6312633,-0.71360719,-0.60676748,0.35013986,0
-3.8216653,-2.0562592,-0.92183971,-0.54107618,0.159913,-0.82562965,0
1.0801289,-1.9172986,-3.4707878,0.44497335,-0.77862763,-0.44242248,0
5.6483502,0.24716285,-0.55646753,0.54107618,-0.159913,0.82562965,0
-0.3605262,-0.79753947,3.0568132,0.54107618,-0.159913,0.82562965,0
-1.2966489,-5.325726,1.2205095,-0.71360719,-0.60676748,0.35013986,0
-2.0278165,3.3573117,-1.1178966,-0.54107618,0.159913,-0.82562965,0
-3.3405697,-4.1997375,-1.6314154,-0.54107618,0.159913,-0.82562965,0
-0.47765672,-1.3543568,3.1152606,0.54107618,-0.159913,0.82562965,0
3.2778409,1.3542252,-3.8612194,0.71360719,0.60676748,-0.35013986,0
-3.026011,-3.1146307,1.5007777,-0.71360719,-0.60676748,0.35013986,0
-4.1986508,0.67664647,-0.095542192,-0.54107618,0.159913,-0.82562965,0
1.8138952,0.71830249,-4.1781077,-0.54107618,0.159913,-0.82562965,0
-4.8273516,-0.85867858,1.780194,-0.71360719,-0.60676748,0.35013986,0
5.0129037,-0.9339537,-1.1192517,0.44497335,-0.77862763,-0.44242248,0
-2.0632639,0.90018153,-1.5864871,-0.54107618,0.159913,-0.82562965,0
2.7953095,1.5528424,1.4772356,0.54107618,-0.159913,0.82562965,0
3.4271753,1.0253098,-4.257525,0.71360719,0.60676748,-0.35013986,0
-3.2965319,-4.4824209,-1.5504656,-0.71360719,-0.60676748,0.35013986,0
2.537354,4.0382142,-0.76257896,0.71360719,0.60676748,-0.35013986,0
-4.2366967,-0.035411835,3.5942268,-0.44497335,0.77862763,0.44242248,0
1.0846095,-4.1607046,0.66310263,0.44497335,-0.77862763,-0.44242248,0
0.058597088,4.02671,1.0663943,-0.44497335,0.77862763,0.44242248,0
3.9982002,0.0018378496,0.4812305,0.54107618,-0.159913,0.82562965,0
2.907223,1.7129898,-3.9180067,0.71360719,0.60676748,-0.35013986,0
2.2907724,3.2489471,-2.5333233,0.71360719,0.60676748,-0.35013986,0
-1.2034767,3.2978511,0.91210568,-0.44497335,0.77862763,0.44242248,0
4.7302046,-1.0269959,-0.15767765,0.54107618,-0.159913,0.82562965,0
4.6580153,0.39257693,-2.765687,0.71360719,0.60676748,-0.35013986,0
4.9125314,0.17875838,-2.5498888,0.71360719,0.60676748,-0.35013986,0
3.2873073,0.61518002,-4.9113531,0.71360719,0.60676748,-0.35013986,0
2.3560236,3.0914187,-2.6878633,0.71360719,0.60676748,-0.35013986,0
0.18044305,0.47919011,3.0503955,0.54107618,-0.159913,0.82562965,0
1.5044621,-3.6951995,-0.094252825,0.44497335,-0.77862763,-0.44242248,0
3.9893465,2.9861078,0.31615353,0.71360719,0.60676748,-0.35013986,0
-0.44092137,2.1050034,-2.4266293,-0.54107618,0.159913,-0.82562965,0
4.4738302,0.70678174,-2.4434457,0.71360719,0.60676748,-0.35013986,0
2.9443841,-1.9941969,-1.3885673,0.44497335,-0.77862763,-0.44242248,0
4.2497554,1.9765902,-0.59521675,0.71360719,0.60676748,-0.35013986,0
0.02022934,2.8824894,2.8678577,-0.44497335,0.77862763,0.44242248,0
3.2932816,2.0504193,-2.6147931,0.71360719,0.60676748,-0.35013986,0
1.8681684,-2.6485043,1.3391019,0.54107618,-0.159913,0.82562965,0
-4.1187677,0.062234402,-0.35155416,-0.54107618,0.159913,-0.82562965,0
4.11553,-0.5485065,-2.8062484,0.44497335,-0.77862763,-0.44242248,0
1.7646251,5.0472507,-0.61476517,0.71360719,0.60676748,-0.35013986,0
-1.6485993,-2.1382577,-2.4110651,-0.54107618,0.159913,-0.82562965,0
-2.4930024,-1.1278085,-1.7121081,-0.54107618,0.159913,-0.82562965,0
1.1859969,1.7039695,-3.5903337,-0.54107618,0.159913,-0.82562965,0
2.1528926,5.2384586,0.90089607,-0.44497335,0.77862763,0.44242248,0
0.38533068,4.3571877,0.67131186,-0.44497335,0.77862763,0.44242248,0
3.5963268,3.4908571,0.31393242,0.71360719,0.60676748,-0.35013986,0
-1.3176649,2.3639779,2.578043,-0.44497335,0.77862763,0.44242248,0
1.8418975,3.3469911,-3.5635028,0.71360719,0.60676748,-0.35013986,0
-4.1706891,0.79122949,-0.15890193,-0.54107618,0.159913,-0.82562965,0
-1.4441369,2.5690608,1.8986515,-0.44497335,0.77862763,0.44242248,0
4.2180138,0.53583646,-3.1066461,0.71360719,0.60676748,-0.35013986,0
-0.10301971,0.77768731,3.2793274,0.54107618,-0.159913,0.82562965,0
1.4987605,-4.0112748,0.51208401,0.44497335,-0.77862763,-0.44242248,0
-1.430683,-4.1368866,-1.8535433,0.44497335,-0.77862763,-0.44242248,0
4.7809067,1.5437219,-0.70695829,0.71360719,0.60676748,-0.35013986,0
1.6954938,4.6428108,1.5063071,-0.44497335,0.77862763,0.44242248,0
-3.4183626,-2.0168879,2.2253804,-0.71360719,-0.60676748,0.35013986,0
0.6353966,5.1257973,-0.28999805,-0.44497335,0.77862763,0.44242248,0
-2.5768993,1.4401984,-1.0041741,-0.54107618,0.159913,-0.82562965,0
-1.2011673,-5.5604353,0.80973005,0.44497335,-0.77862763,-0.44242248,0
1.5905442,-0.9803952,1.679059,0.54107618,-0.159913,0.82562965,0
-0.76367176,-1.9516959,3.1870091,0.54107618,-0.159913,0.82562965,0
0.46420932,3.21997,2.7557516,-0.44497335,0.77862763,0.44242248,0
-2.8017974,0.6935755,-1.0801655,-0.54107618,0.159913,-0.82562965,0
1.8582888,2.1351657,-3.9056849,-0.54107618,0.159913,-0.82562965,0
-3.5150595,2.4379308,0.065831065,-0.44497335,0.77862763,0.44242248,0
1.0881559,4.3009386,1.4013853,-0.44497335,0.77862763,0.44242248,0
-0.042907476,-1.5762427,2.6506715,0.54107618,-0.159913,0.82562965,0
-2.6722639,-4.9146709,-1.0562434,-0.71360719,-0.60676748,0.35013986,0
-3.7858233,-0.044197083,4.2744274,-0.44497335,0.77862763,0.44242248,0
-5.4360662,0.11696339,1.7941606,-0.71360719,-0.60676748,0.35013986,0
5.5976028,-0.10975367,-1.4291229,0.71360719,0.60676748,-0.35013986,0
3.5677607,-2.1256828,-0.40570545,0.44497335,-0.77862763,-0.44242248,0
-2.4770393,-3.875247,0.85906458,-0.71360719,-0.60676748,0.35013986,0
-0.36306274,-4.4364038,2.5045605,0.54107618,-0.159913,0.82562965,0
3.2711461,4.2890654,1.1559825,0.71360719,0.60676748,-0.35013986,0
2.483429,-2.2036586,-1.4932168,0.44497335,-0.77862763,-0.44242248,0
-0.97949195,-3.6545827,-2.3300617,0.44497335,-0.77862763,-0.44242248,0
4.046917,2.0543795,-1.2110949,0.71360719,0.60676748,-0.35013986,0
1.1996658,-1.8603783,-3.3218436,0.44497335,-0.77862763,-0.44242248,0
0.99283946,4.5473909,0.94874096,-0.44497335,0.77862763,0.44242248,0
5.1298585,-0.92159361,-1.2114575,0.44497335,-0.77862763,-0.44242248,0
0.97879565,5.4428453,-1.6250405,0.71360719,0.60676748,-0.35013986,0
-0.5907979,2.2134881,3.619369,-0.44497335,0.77862763,0.44242248,0
-2.6515093,1.8213748,2.0618467,-0.44497335,0.77862763,0.44242248,0
-0.9908011,1.7684419,3.5812333,-0.44497335,0.77862763,0.44242248,0
0.5623982,-3.420887,-1.2469239,0.44497335,-0.77862763,-0.44242248,0
0.097241879,5.2880216,-1.9812932,-0.54107618,0.159913,-0.82562965,0
-1.4981402,-4.841928,1.3595109,-0.71360719,-0.60676748,0.35013986,0
-4.9456944,0.71570212,1.7809052,-0.44497335,0.77862763,0.44242248,0
1.7027603,3.7490673,-2.8203106,0.71360719,0.60676748,-0.35013986,0
-3.4811845,-4.0308962,-1.0345845,-0.71360719,-0.60676748,0.35013986,0
-0.070979118,-4.3162847,-0.22072554,0.44497335,-0.77862763,-0.44242248,0
-3.2344024,-1.2128274,-1.2502105,-0.54107618,0.159913,-0.82562965,0
5.1337695,-0.17344731,-0.28286457,0.54107618,-0.159913,0.82562965,0
3.0953918,3.1105695,-1.3549762,0.71360719,0.60676748,-0.35013986,0
1.1847029,2.5367465,2.7590179,0.54107618,-0.159913,0.82562965,0
-2.9987261,-1.9947919,-1.5108123,-0.54107618,0.159913,-0.82562965,0
0.69895673,-4.5880542,0.95612001,0.44497335,-0.77862763,-0.44242248,0
-3.049098,-4.5981426,-1.8537455,-0.54107618,0.159913,-0.82562965,0
2.8320363,-2.2520857,-1.3231826,0.44497335,-0.77862763,-0.44242248,0
2.1763892,1.031316,-4.1661181,-0.54107618,0.159913,-0.82562965,0
-3.9693527,-3.1191864,-0.76661921,-0.71360719,-0.60676748,0.35013986,0
-4.273241,-2.1754961,0.33923006,-0.71360719,-0.60676748,0.35013986,0
0.42294216,1.2659233,2.9836257,0.54107618,-0.159913,0.82562965,0
-3.0730577,0.0020794868,4.8801789,-0.44497335,0.77862763,0.44242248,0
5.1158214,0.43665016,-1.5903196,0.71360719,0.60676748,-0.35013986,0
-3.9881663,-3.2160106,-0.9470439,-0.54107618,0.159913,-0.82562965,0
4.2306981,-1.1449594,-1.8204958,0.44497335,-0.77862763,-0.44242248,0
4.0428219,-1.5099506,-1.3927696,0.44497335,-0.77862763,-0.44242248,0
0.6484884,-1.3837794,2.2366281,0.54107618,-0.159913,0.82562965,0
-1.24668,1.0061677,4.1364284,0.54107618,-0.159913,0.82562965,0
0.67622423,-3.514051,-1.1737182,0.44497335,-0.77862763,-0.44242248,0
3.7413516,0.60698795,-4.1608782,0.71360719,0.60676748,-0.35013986,0
-4.4612155,-1.3108363,1.480978,-0.71360719,-0.60676748,0.35013986,0
-2.3564563,-4.6756525,-1.8457046,0.44497335,-0.77862763,-0.44242248,0
-3.4275804,-4.1656041,-1.527317,-0.54107618,0.159913,-0.82562965,0
0.43807912,2.9051285,3.0952582,-0.44497335,0.77862763,0.44242248,0
1.8847803,-3.5291488,1.0015509,0.54107618,-0.159913,0.82562965,0
1.1567024,-0.552701,2.0775888,0.54107618,-0.159913,0.82562965,0
2.0577617,-0.053253412,1.653313,0.54107618,-0.159913,0.82562965,0
2.8215771,4.9398594,1.5550504,0.71360719,0.60676748,-0.35013986,0
-0.39720559,0.16791892,3.4285698,0.54107618,-0.159913,0.82562965,0
-2.6728463,-2.3272352,3.6212075,-0.71360719,-0.60676748,0.35013986,0
0.33420539,2.6050181,3.3593702,0.54107618,-0.159913,0.82562965,0
5.4469962,-0.56188875,-1.3811488,0.44497335,-0.77862763,-0.44242248,0
-2.4834533,-4.2248282,0.57345295,-0.71360719,-0.60676748,0.35013986,0
-1.2927109,3.0867453,1.2317379,-0.44497335,0.77862763,0.44242248,0
5.599966,-0.46750742,-1.5275552,0.44497335,-0.77862763,-0.44242248,0
2.190387,4.8069096,-0.21516323,0.71360719,0.60676748,-0.35013986,0
3.6702886,0.59302568,-4.5334592,0.71360719,0.60676748,-0.35013986,0
4.2152848,0.44443631,-3.3217022,0.71360719,0.60676748,-0.35013986,0
2.9081111,-1.2013669,-2.9114196,0.44497335,-0.77862763,-0.44242248,0
4.557879,0.080254555,-3.3195703,0.44497335,-0.77862763,-0.44242248,0
4.2433996,0.5057652,-3.5195746,0.71360719,0.60676748,-0.35013986,0
4.5774908,-1.43971,-0.28217411,0.54107618,-0.159913,0.82562965,0
-2.3846536,-5.0339103,-1.2946548,0.44497335,-0.77862763,-0.44242248,0
-2.585674,-1.0659504,-1.4538715,-0.54107618,0.159913,-0.82562965,0
3.2933056,2.4150834,1.3340273,0.54107618,-0.159913,0.82562965,0
3.19961,4.4728107,1.5351171,0.71360719,0.60676748,-0.35013986,0
-3.9677293,-0.36219716,3.9145031,-0.71360719,-0.60676748,0.35013986,0
-4.3479719,-1.6281939,1.325768,-0.71360719,-0.60676748,0.35013986,0
-0.5832597,4.5476332,-0.81809545,-0.44497335,0.77862763,0.44242248,0
1.1411136,-3.8233781,1.4436257,0.54107618,-0.159913,0.82562965,0
1.2214178,4.8494539,0.75672102,-0.44497335,0.77862763,0.44242248,0
-3.9530382,0.7033124,2.5962625,-0.44497335,0.77862763,0.44242248,0
-1.6186688,-0.24865723,4.1486416,0.54107618,-0.159913,0.82562965,0
1.4650803,-0.90711033,1.9199679,0.54107618,-0.159913,0.82562965,0
0.32853055,-1.3156087,2.55651,0.54107618,-0.159913,0.82562965,0
2.0226347,-1.8752337,-2.4450979,0.44497335,-0.77862763,-0.44242248,0
1.7670705,2.1309495,2.17029,0.54107618,-0.159913,0.82562965,0
-3.2539029,-1.8041642,-1.3405039,-0.54107618,0.159913,-0.82562965,0
0.55013466,4.3184452,0.80369711,-0.44497335,0.77862763,0.44242248,0
4.1145787,-2.0407364,-0.13608563,0.44497335,-0.77862763,-0.44242248,0
1.798321,0.33554149,-4.0319614,-0.54107618,0.159913,-0.82562965,0
-4.6126537,-1.5387454,0.61218023,-0.71360719,-0.60676748,0.35013986,0
1.8729329,-3.7159386,0.57739246,0.44497335,-0.77862763,-0.44242248,0
-0.82078028,4.0633144,-0.020078659,-0.44497335,0.77862763,0.44242248,0
-3.5355322,-2.3166556,1.9102211,-0.71360719,-0.60676748,0.35013986,0
2.1490571,3.3200386,-2.9462693,0.71360719,0.60676748,-0.35013986,0
-1.2601268,-0.2054348,3.8480501,0.54107618,-0.159913,0.82562965,0
-1.0808934,-4.9049664,-0.56426096,0.44497335,-0.77862763,-0.44242248,0
-2.0861683,2.1718874,1.798677,-0.44497335,0.77862763,0.44242248,0
-3.5173817,-1.3063267,-1.041796,-0.54107618,0.159913,-0.82562965,0
0.36776638,0.55510235,2.8715863,0.54107618,-0.159913,0.82562965,0
-1.9301188,-0.31679797,-1.7687603,-0.54107618,0.159913,-0.82562965,0
0.88308328,-3.313467,1.7426317,0.54107618,-0.159913,0.82562965,0
1.1191297,-1.2538145,-4.1025772,-0.54107618,0.159913,-0.82562965,0
-2.305609,-1.8227651,4.2648902,0.54107618,-0.159913,0.82562965,0
-5.508821,0.4588927,0.59883761,-0.54107618,0.159913,-0.82562965,0
-3.4898553,0.95022202,2.9139898,-0.44497335,0.77862763,0.44242248,0
0.78902352,-4.1877198,0.42237544,0.44497335,-0.77862763,-0.44242248,0
-5.575345,0.41495961,1.3620012,-0.44497335,0.77862763,0.44242248,0
0.66706944,-3.8232825,1.7544396,0.54107618,-0.159913,0.82562965,0
2.4498839,-3.0025878,0.85465407,0.54107618,-0.159913,0.82562965,0
-1.2638172,3.3839519,-1.4800272,-0.54107618,0.159913,-0.82562965,0
-3.7572947,-0.69980621,4.0025988,-0.71360719,-0.60676748,0.35013986,0
0.49920309,-1.0337675,2.5080688,0.54107618,-0.159913,0.82562965,0
-4.6688576,1.6490449,0.45999932,-0.44497335,0.77862763,0.44242248,0
-0.37732729,-4.578084,2.451895,0.54107618,-0.159913,0.82562965,0
2.1669712,4.0933728,-1.563736,0.71360719,0.60676748,-0.35013986,0
-5.4109631,-0.76846975,0.68729067,-0.71360719,-0.60676748,0.35013986,0
-4.790134,-0.6852932,2.1131475,-0.71360719,-0.60676748,0.35013986,0
-2.2914026,-0.43064547,4.4977775,0.54107618,-0.159913,0.82562965,0
-0.38562202,-1.7751617,-3.2176991,-0.54107618,0.159913,-0.82562965,0
-3.9627774,-0.14769459,4.3886395,-0.44497335,0.77862763,0.44242248,0
-0.5899877,3.1792583,-2.0193343,-0.54107618,0.159913,-0.82562965,0
-2.9504521,-1.4647973,4.4657116,-0.71360719,-0.60676748,0.35013986,0
1.0206556,-2.7227302,1.8481346,0.54107618,-0.159913,0.82562965,0
0.41238642,0.85000348,3.0091636,0.54107618,-0.159913,0.82562965,0
-1.0022088,3.2643991,1.0353528,-0.44497335,0.77862763,0.44242248,0
-1.5667186,-5.2013474,-0.12513161,0.44497335,-0.77862763,-0.44242248,0
2.6727254,0.6998328,1.4837294,0.54107618,-0.159913,0.82562965,0
-1.4373398,3.8848066,-1.2158023,-0.54107618,0.159913,-0.82562965,0
-1.7486843,-0.76074648,-2.06792,-0.54107618,0.159913,-0.82562965,0
-0.94305289,-5.1353474,0.14468718,0.44497335,-0.77862763,-0.44242248,0
-3.577065,1.0354145,2.5321562,-0.44497335,0.77862763,0.44242248,0
4.2142448,2.4974282,0.17908812,0.71360719,0.60676748,-0.35013986,0
0.85391831,-1.9798493,2.1681545,0.54107618,-0.159913,0.82562965,0
-5.1614537,-1.1710334,0.23066998,-0.71360719,-0.60676748,0.35013986,0
-0.92429143,-5.0564032,2.3484292,-0.71360719,-0.60676748,0.35013986,0
-2.9412706,-4.2230048,-0.34179258,-0.71360719,-0.60676748,0.35013986,0
4.24157,-1.6522766,-0.94105589,0.44497335,-0.77862763,-0.44242248,0
4.3608489,-0.95020145,-1.8996768,0.44497335,-0.77862763,-0.44242248,0
-1.0809991,-3.5146229,-3.0109296,0.44497335,-0.77862763,-0.44242248,0
3.281508,4.4147568,1.5037961,0.71360719,0.60676748,-0.35013986,0
-2.5400534,-1.2262504,-1.6786947,-0.54107618,0.159913,-0.82562965,0
0.054218054,0.14195728,-3.0669274,-0.54107618,0.159913,-0.82562965,0
3.6954188,-1.5381364,0.31253314,0.54107618,-0.159913,0.82562965,0
-3.1001918,1.3482381,2.6044507,-0.44497335,0.77862763,0.44242248,0
5.5492845,0.024746656,-1.6027515,0.71360719,0.60676748,-0.35013986,0
-0.42165077,-1.4124093,3.1362095,0.54107618,-0.159913,0.82562965,0
1.8536019,-0.90652227,-4.3142366,0.44497335,-0.77862763,-0.44242248,0
0.039419889,-1.9508801,2.6664209,0.54107618,-0.159913,0.82562965,0
-2.3933206,0.72765994,4.1006885,-0.44497335,0.77862763,0.44242248,0
-3.4396987,-2.6967974,1.3846121,-0.71360719,-0.60676748,0.35013986,0
-3.1420155,-3.0825212,1.0319295,-0.71360719,-0.60676748,0.35013986,0
-0.016930342,2.9880538,2.521419,-0.44497335,0.77862763,0.44242248,0
4.8025103,-1.1530858,-0.27171946,0.54107618,-0.159913,0.82562965,0
-2.1849945,-2.088259,-1.9994142,-0.54107618,0.159913,-0.82562965,0
1.4458477,4.1585464,-2.8370295,0.71360719,0.60676748,-0.35013986,0
-0.8784461,-3.3035688,-2.8280942,0.44497335,-0.77862763,-0.44242248,0
-4.9817367,0.94419694,1.2836351,-0.44497335,0.77862763,0.44242248,0
