-1.3226949,-3.7705097,-1.1308274,-0.14813372,-0.95113081,-0.27093613,0
-2.5217619,-1.619364,1.6329861,-0.9782486,0.1006968,0.1813553,0
-2.7057481,-2.8844838,0.71721542,-0.9782486,0.1006968,0.1813553,0
1.1007707,-2.6043162,2.2566073,0.14521015,-0.29190782,0.94535899,0
0.014876962,4.1628213,0.029411316,0.14813372,0.95113081,0.27093613,0
2.8728271,2.1959362,0.57983327,0.9782486,-0.1006968,-0.1813553,0
1.7122694,-3.5368562,1.751718,0.14521015,-0.29190782,0.94535899,0
-0.43397999,2.0442567,3.8858745,0.14521015,-0.29190782,0.94535899,0
2.638267,0.84963393,-0.32580715,0.9782486,-0.1006968,-0.1813553,0
2.8766024,2.9873099,2.8653357,0.14813372,0.95113081,0.27093613,0
0.10824537,-3.0456767,-3.8781064,-0.14813372,-0.95113081,-0.27093613,0
-2.9164441,-3.9365926,0.68279743,-0.9782486,0.1006968,0.1813553,0
-3.0103526,-1.8433539,-0.96618342,-0.9782486,0.1006968,0.1813553,0
-2.1120977,2.4174232,0.76693654,-0.9782486,0.1006968,0.1813553,0
-0.41608,2.374907,4.0179539,0.14521015,-0.29190782,0.94535899,0
2.6577387,2.648778,-0.83677721,0.9782486,-0.1006968,-0.1813553,0
1.6208699,-1.8013108,2.3789694,0.14521015,-0.29190782,0.94535899,0
2.5034304,0.14049006,2.7608261,0.14521015,-0.29190782,0.94535899,0
2.8040249,3.9742453,-0.89905357,0.14813372,0.95113081,0.27093613,0
1.9579673,-4.3359261,-0.33611298,-0.14813372,-0.95113081,-0.27093613,0
2.5312853,3.001071,3.0263808,0.14813372,0.95113081,0.27093613,0
-2.2135139,4.5661712,-0.48562622,-0.9782486,0.1006968,0.1813553,0
0.80947661,-4.2654123,-0.4076643,-0.14813372,-0.95113081,-0.27093613,0
1.3966265,-0.93376303,2.6582685,0.14521015,-0.29190782,0.94535899,0
0.8201673,-4.521524,0.83500814,-0.14813372,-0.95113081,-0.27093613,0
-2.7810597,1.9013288,-1.897305,-0.9782486,0.1006968,0.1813553,0
-2.7426372,-0.77184939,-0.88383663,-0.9782486,0.1006968,0.1813553,0
0.21029949,2.1496382,-2.4712186,-0.14521015,0.29190782,-0.94535899,0
-0.99652147,3.1516328,-2.0261006,-0.14521015,0.29190782,-0.94535899,0
2.1895838,3.0313227,2.767441,0.14813372,0.95113081,0.27093613,0
1.8500432,-1.1067433,-2.7216277,0.9782486,-0.1006968,-0.1813553,0
0.63449621,-0.9223187,2.7646165,0.14521015,-0.29190782,0.94535899,0
-2.8216357,-2.6024985,-0.1124537,-0.9782486,0.1006968,0.1813553,0
2.0395284,-3.2485137,-1.437252,0.9782486,-0.1006968,-0.1813553,0
1.1658454,-3.5912709,-2.6786766,-0.14813372,-0.95113081,-0.27093613,0
-1.4667704,1.7961977,3.965771,0.14521015,-0.29190782,0.94535899,0
-2.3459759,-1.4559505,-3.3244128,-0.14521015,0.29190782,-0.94535899,0
2.6876392,0.92761707,0.3856898,0.9782486,-0.1006968,-0.1813553,0
1.7847178,-0.53841925,2.7496746,0.14521015,-0.29190782,0.94535899,0
-1.5104628,4.3349452,0.48399734,0.14813372,0.95113081,0.27093613,0
0.1496737,3.8228972,1.1831241,0.14813372,0.95113081,0.27093613,0
0.94340241,-4.4414029,0.24666119,-0.14813372,-0.95113081,-0.27093613,0
-2.7674379,-4.1652327,1.6936669,-0.9782486,0.1006968,0.1813553,0
-1.376796,4.0862069,1.1756811,0.14813372,0.95113081,0.27093613,0
-0.98044801,1.6768062,3.8017592,0.14521015,-0.29190782,0.94535899,0
-2.5019493,1.2706358,-0.14635885,-0.9782486,0.1006968,0.1813553,0
-2.1309571,-0.81863165,2.4041221,-0.9782486,0.1006968,0.1813553,0
0.1891399,-4.1448064,-0.44356632,-0.14813372,-0.95113081,-0.27093613,0
3.1250629,1.0983255,2.6993442,0.9782486,-0.1006968,-0.1813553,0
-0.45470098,4.5338545,-0.9610734,0.14813372,0.95113081,0.27093613,0
1.1971478,1.1917086,3.2936902,0.14521015,-0.29190782,0.94535899,0
0.35594362,-4.5845761,1.2011461,-0.14813372,-0.95113081,-0.27093613,0
0.98707253,-4.1836243,-0.26201057,-0.14813372,-0.95113081,-0.27093613,0
-1.5423404,3.9490798,1.856751,0.14813372,0.95113081,0.27093613,0
2.6304846,1.8220189,-0.088264704,0.9782486,-0.1006968,-0.1813553,0
-2.3188922,0.7881484,1.1392657,-0.9782486,0.1006968,0.1813553,0
-0.44285071,-4.0382948,-0.28188133,-0.14813372,-0.95113081,-0.27093613,0
-1.6436427,-0.6502254,-3.1076727,-0.14521015,0.29190782,-0.94535899,0
-3.0775001,-1.7781818,-1.9308442,-0.9782486,0.1006968,0.1813553,0
0.033349514,-3.7567031,-1.7081556,-0.14813372,-0.95113081,-0.27093613,0
-3.058625,-2.8739159,-2.861383,-0.14813372,-0.95113081,-0.27093613,0
-2.7370727,-0.82043886,-1.0028399,-0.9782486,0.1006968,0.1813553,0
-1.7595227,4.2349997,1.0284548,0.14813372,0.95113081,0.27093613,0
-1.4453337,3.9550748,1.5551505,0.14813372,0.95113081,0.27093613,0
-0.81975943,4.5869613,-0.67727613,0.14813372,0.95113081,0.27093613,0
2.5239196,2.0306818,3.4943495,0.14521015,-0.29190782,0.94535899,0
1.9394118,-3.7759531,1.7942674,0.14521015,-0.29190782,0.94535899,0
-2.6685767,1.9487174,-1.4531697,-0.9782486,0.1006968,0.1813553,0
2.3997717,-3.8384736,0.98217869,0.9782486,-0.1006968,-0.1813553,0
-2.6425502,-1.3909243,-0.1493845,-0.9782486,0.1006968,0.1813553,0
1.6428981,0.61965096,-3.2220168,-0.14521015,0.29190782,-0.94535899,0
2.4119573,-0.72422528,-0.46165371,0.9782486,-0.1006968,-0.1813553,0
-0.041249394,-4.0700588,-0.74272871,-0.14813372,-0.95113081,-0.27093613,0
-0.0052883625,4.6443686,-1.8130391,-0.14521015,0.29190782,-0.94535899,0
-2.2295876,1.8109409,0.54691887,-0.9782486,0.1006968,0.1813553,0
-1.6404748,2.0040572,3.859344,-0.9782486,0.1006968,0.1813553,0
-2.8232048,-0.42306352,-2.9319322,-0.14521015,0.29190782,-0.94535899,0
0.20415235,-3.4420648,-2.4303713,-0.14813372,-0.95113081,-0.27093613,0
-0.58029842,-0.53244168,3.1980729,0.14521015,-0.29190782,0.94535899,0
0.12274265,-3.2794487,-3.2465212,-0.14813372,-0.95113081,-0.27093613,0
0.42955399,3.5479212,1.7809377,0.14813372,0.95113081,0.27093613,0
-2.8334889,-3.7298434,1.1197109,-0.9782486,0.1006968,0.1813553,0
-2.1274893,-3.6034052,-0.94823742,-0.14813372,-0.95113081,-0.27093613,0
1.9539603,-2.2127709,-2.2516482,0.9782486,-0.1006968,-0.1813553,0
2.1006885,-2.4122529,-1.2763584,0.9782486,-0.1006968,-0.1813553,0
2.8921261,-0.90299606,2.4219732,0.14521015,-0.29190782,0.94535899,0
2.5068226,-1.918067,0.57468534,0.9782486,-0.1006968,-0.1813553,0
-0.80447185,3.7680004,1.7180119,0.14813372,0.95113081,0.27093613,0
-0.31951958,-4.0525436,-0.17622042,-0.14813372,-0.95113081,-0.27093613,0
-0.65234411,-2.8592753,2.4614708,0.14521015,-0.29190782,0.94535899,0
-0.81829524,-4.0813217,-0.30306149,-0.14813372,-0.95113081,-0.27093613,0
2.6841013,2.1702943,0.022519708,0.9782486,-0.1006968,-0.1813553,0
1.9703449,1.9902101,-2.9006538,-0.14521015,0.29190782,-0.94535899,0
2.1060481,-0.3814913,-1.8365854,0.9782486,-0.1006968,-0.1813553,0
0.10492826,3.2756698,-2.0907946,-0.14521015,0.29190782,-0.94535899,0
2.3956242,-2.6467803,1.8996279,0.14521015,-0.29190782,0.94535899,0
-1.0151359,4.5816298,-0.57177305,0.14813372,0.95113081,0.27093613,0
-1.6781013,-4.194303,1.0211143,-0.14813372,-0.95113081,-0.27093613,0
-0.34662712,4.4508657,-1.6455538,-0.14521015,0.29190782,-0.94535899,0
-2.8708453,-0.94858503,-1.5892099,-0.9782486,0.1006968,0.1813553,0
0.014576197,0.34445626,3.3665109,0.14521015,-0.29190782,0.94535899,0
1.526908,-4.6000504,0.49510384,-0.14813372,-0.95113081,-0.27093613,0
-2.4257231,-2.4682953,2.2571132,-0.9782486,0.1006968,0.1813553,0
-1.904381,4.570302,-0.24194956,0.14813372,0.95113081,0.27093613,0
2.5823159,1.7090318,-1.0436921,0.9782486,-0.1006968,-0.1813553,0
-0.063271761,-4.6013951,1.1650195,-0.14813372,-0.95113081,-0.27093613,0
2.7266784,4.3913183,-1.8970785,0.14813372,0.95113081,0.27093613,0
-1.6715206,2.9186754,-2.063693,-0.14521015,0.29190782,-0.94535899,0
-2.2457635,0.99539721,1.4958026,-0.9782486,0.1006968,0.1813553,0
-1.6818373,-3.6415341,2.3742816,0.14521015,-0.29190782,0.94535899,0
1.0923046,4.4869056,-1.8560374,0.14813372,0.95113081,0.27093613,0
-3.2618544,-1.3992214,-2.8661697,-0.9782486,0.1006968,0.1813553,0
1.6826234,-4.3730817,-0.38616943,-0.14813372,-0.95113081,-0.27093613,0
-1.3595724,-2.4098756,-3.6309292,-0.14521015,0.29190782,-0.94535899,0
2.6798594,2.0455379,-0.86696905,0.9782486,-0.1006968,-0.1813553,0
3.1274436,2.5317032,2.0974796,0.9782486,-0.1006968,-0.1813553,0
-2.7125072,1.0594234,-1.5740691,-0.9782486,0.1006968,0.1813553,0
-2.0144291,3.1711783,0.92276955,-0.9782486,0.1006968,0.1813553,0
-0.11647511,-3.8901949,-0.9517827,-0.14813372,-0.95113081,-0.27093613,0
-2.3872585,4.3275771,-1.1098285,-0.9782486,0.1006968,0.1813553,0
2.4585409,3.3934495,-2.377924,0.9782486,-0.1006968,-0.1813553,0
-2.4244702,3.6337774,-0.80251956,-0.9782486,0.1006968,0.1813553,0
3.1792059,0.47137618,2.7495601,0.14521015,-0.29190782,0.94535899,0
-2.2564588,0.2548399,1.1317909,-0.9782486,0.1006968,0.1813553,0
-2.870656,-3.801235,0.39609742,-0.14813372,-0.95113081,-0.27093613,0
2.5509446,3.3407724,-2.3489776,0.9782486,-0.1006968,-0.1813553,0
-2.3262343,0.41096163,1.2175056,-0.9782486,0.1006968,0.1813553,0
-0.17254764,-4.5574942,1.4092689,-0.14813372,-0.95113081,-0.27093613,0
1.228178,-4.8499651,1.5283403,-0.14813372,-0.95113081,-0.27093613,0
-3.0319762,-2.5525658,-1.4545282,-0.9782486,0.1006968,0.1813553,0
-3.1472082,-3.1604366,-2.2718248,-0.14813372,-0.95113081,-0.27093613,0
-0.062412977,3.5612211,2.1979554,0.14813372,0.95113081,0.27093613,0
-2.3270855,-1.8197404,1.9590564,-0.9782486,0.1006968,0.1813553,0
-1.2157242,-0.051200867,-3.0464423,-0.14521015,0.29190782,-0.94535899,0
1.7115582,-3.8444281,-2.3944707,-0.14813372,-0.95113081,-0.27093613,0
1.0768943,3.2886987,2.6565614,0.14813372,0.95113081,0.27093613,0
0.51506591,-3.4052362,-3.2035537,-0.14813372,-0.95113081,-0.27093613,0
1.0637559,-4.0804558,-1.070611,-0.14813372,-0.95113081,-0.27093613,0
1.9229398,-4.4544644,1.585727,0.14521015,-0.29190782,0.94535899,0
2.8311446,2.0642402,3.3995593,0.14521015,-0.29190782,0.94535899,0
-0.70172369,3.4912724,-2.0269902,-0.14521015,0.29190782,-0.94535899,0
1.8955274,-1.1554059,-2.732846,0.9782486,-0.1006968,-0.1813553,0
0.68158698,3.7604961,1.1942852,0.14813372,0.95113081,0.27093613,0
-2.4978993,1.6510892,-1.0452574,-0.9782486,0.1006968,0.1813553,0
2.1815498,-3.6667414,-0.1915822,0.9782486,-0.1006968,-0.1813553,0
-1.3934815,-3.0668831,-2.8741062,-0.14813372,-0.95113081,-0.27093613,0
0.8878057,-3.6248579,-2.2697306,-0.14813372,-0.95113081,-0.27093613,0
0.33691448,-4.4659529,0.39131212,-0.14813372,-0.95113081,-0.27093613,0
1.7403624,3.7949677,0.37952495,0.14813372,0.95113081,0.27093613,0
1.42616,-4.4943552,1.5652928,0.14521015,-0.29190782,0.94535899,0
2.3263206,0.15925646,-0.84927166,0.9782486,-0.1006968,-0.1813553,0
-2.6034062,-1.1336124,0.34176797,-0.9782486,0.1006968,0.1813553,0
0.39476085,4.2316451,-0.01706171,0.14813372,0.95113081,0.27093613,0
0.20408511,-3.7146556,-1.5980272,-0.14813372,-0.95113081,-0.27093613,0
-2.1069117,4.5681138,0.075949192,0.14813372,0.95113081,0.27093613,0
0.65177178,-1.6329312,-3.8811619,-0.14521015,0.29190782,-0.94535899,0
1.4160933,0.37389123,3.0356855,0.14521015,-0.29190782,0.94535899,0
-2.2947664,-0.42665088,1.1965073,-0.9782486,0.1006968,0.1813553,0
0.090111494,-0.91962564,2.9286866,0.14521015,-0.29190782,0.94535899,0
-2.4397233,1.0864091,0.050099969,-0.9782486,0.1006968,0.1813553,0
2.0851912,1.0049038,-3.1767542,-0.14521015,0.29190782,-0.94535899,0
2.3322203,-3.6602936,1.6512511,0.14521015,-0.29190782,0.94535899,0
1.0071418,3.8857949,0.55529332,0.14813372,0.95113081,0.27093613,0
1.8889694,-3.4744034,-2.0637617,0.9782486,-0.1006968,-0.1813553,0
-0.25686646,1.1622136,3.560637,0.14521015,-0.29190782,0.94535899,0
-2.5214963,-1.4949038,0.62510824,-0.9782486,0.1006968,0.1813553,0
2.6205196,-1.7798493,0.9490813,0.9782486,-0.1006968,-0.1813553,0
-2.7840271,-2.826411,0.44388902,-0.9782486,0.1006968,0.1813553,0
-0.29409236,-4.0371881,-0.34293175,-0.14813372,-0.95113081,-0.27093613,0
0.67510211,-4.7161274,1.5047252,-0.14813372,-0.95113081,-0.27093613,0
1.437252,-3.1289186,2.0207751,0.14521015,-0.29190782,0.94535899,0
2.4191854,3.2633014,1.857013,0.14813372,0.95113081,0.27093613,0
2.3965526,4.2415309,-2.2907915,-0.14521015,0.29190782,-0.94535899,0
0.84666765,-3.3916864,2.0571468,0.14521015,-0.29190782,0.94535899,0
-2.577364,-1.2600479,0.79402745,-0.9782486,0.1006968,0.1813553,0
-2.2531376,4.8448906,-0.97854376,0.14813372,0.95113081,0.27093613,0
0.90919107,-4.3292065,-0.25169659,-0.14813372,-0.95113081,-0.27093613,0
0.20552135,-3.2432156,-3.3187952,-0.14813372,-0.95113081,-0.27093613,0
-2.7956712,-3.2431164,0.46480536,-0.9782486,0.1006968,0.1813553,0
-1.5401659,3.4056768,3.7036366,-0.9782486,0.1006968,0.1813553,0
-2.3689694,2.9353788,-1.8851452,-0.14521015,0.29190782,-0.94535899,0
1.991272,-2.811902,-1.3733408,0.9782486,-0.1006968,-0.1813553,0
1.6176929,-0.36229569,-3.4494603,-0.14521015,0.29190782,-0.94535899,0
-0.38107753,0.17297316,-3.0164981,-0.14521015,0.29190782,-0.94535899,0
2.3731093,0.73320961,2.9486494,0.14521015,-0.29190782,0.94535899,0
-0.85770869,-0.60858142,-3.2249024,-0.14521015,0.29190782,-0.94535899,0
1.3747058,4.2031207,-0.4533627,0.14813372,0.95113081,0.27093613,0
1.3223269,4.1047587,-2.0606163,-0.14521015,0.29190782,-0.94535899,0
-1.0127721,3.4681096,3.1575732,0.14813372,0.95113081,0.27093613,0
0.10969973,0.41620648,3.2764416,0.14521015,-0.29190782,0.94535899,0
1.9195219,-2.6726744,-1.4060929,0.9782486,-0.1006968,-0.1813553,0
-2.5785129,1.6947629,-2.3155198,-0.14521015,0.29190782,-0.94535899,0
-0.50897539,-3.7213032,-1.3108308,-0.14813372,-0.95113081,-0.27093613,0
-1.2975333,0.61334467,-2.8168108,-0.14521015,0.29190782,-0.94535899,0
1.6813366,-0.70659685,2.7029166,0.14521015,-0.29190782,0.94535899,0
0.62472868,0.71716672,3.2618182,0.14521015,-0.29190782,0.94535899,0
-2.2815092,1.5355868,0.87579083,-0.9782486,0.1006968,0.1813553,0
0.83922213,-4.5299721,0.65015697,-0.14813372,-0.95113081,-0.27093613,0
-0.15287304,-2.0175853,-3.8729401,-0.14521015,0.29190782,-0.94535899,0
3.0445938,2.6338737,0.71915603,0.9782486,-0.1006968,-0.1813553,0
1.7391919,-2.7620015,-2.8027065,0.9782486,-0.1006968,-0.1813553,0
0.74709702,-1.3198103,-3.6296484,-0.14521015,0.29190782,-0.94535899,0
-0.49416685,3.3210936,3.4882503,0.14813372,0.95113081,0.27093613,0
2.9515843,3.7524011,-0.045066833,0.9782486,-0.1006968,-0.1813553,0
0.61804795,-2.9452519,2.2661891,0.14521015,-0.29190782,0.94535899,0
-1.0670071,1.3622886,-2.5549324,-0.14521015,0.29190782,-0.94535899,0
1.4749973,-2.2933412,2.2574086,0.14521015,-0.29190782,0.94535899,0
0.19600439,3.5649195,2.0737429,0.14813372,0.95113081,0.27093613,0
-1.6980697,-4.2818127,0.97759128,-0.14813372,-0.95113081,-0.27093613,0
-1.1487772,-3.431859,-2.0916669,-0.14813372,-0.95113081,-0.27093613,0
-2.5769873,-2.9909282,1.5152162,-0.9782486,0.1006968,0.1813553,0
0.73655868,3.2630143,2.9864855,0.14813372,0.95113081,0.27093613,0
-2.9242463,-0.57229447,-2.8823986,-0.14521015,0.29190782,-0.94535899,0
2.4014969,0.86406791,-1.625883,0.9782486,-0.1006968,-0.1813553,0
2.2478378,-3.882273,0.77480078,0.9782486,-0.1006968,-0.1813553,0
-3.1815929,-1.2876818,-3.1394539,-0.14521015,0.29190782,-0.94535899,0
-0.47447753,-0.75997853,2.912499,0.14521015,-0.29190782,0.94535899,0
-0.92961073,3.2386675,3.6526799,0.14813372,0.95113081,0.27093613,0
2.3563352,-0.82783484,-0.88779914,0.9782486,-0.1006968,-0.1813553,0
-0.84175658,-3.3873415,-2.6022863,-0.14813372,-0.95113081,-0.27093613,0
2.5505652,-3.0585518,1.2648838,0.9782486,-0.1006968,-0.1813553,0
0.0098910332,3.634758,2.02843,0.14813372,0.95113081,0.27093613,0
-0.31340981,-3.4389782,-2.230396,-0.14813372,-0.95113081,-0.27093613,0
1.7071652,3.0458801,3.2183354,0.14813372,0.95113081,0.27093613,0
-1.3278965,4.4184451,0.11104631,0.14813372,0.95113081,0.27093613,0
-0.24583453,4.680007,-1.3741832,0.14813372,0.95113081,0.27093613,0
2.0466404,-0.97610188,-2.691124,0.9782486,-0.1006968,-0.1813553,0
1.8368092,3.0946715,2.9125981,0.14813372,0.95113081,0.27093613,0
-2.6517122,-0.035089016,-0.35622734,-0.9782486,0.1006968,0.1813553,0
2.8283,2.7172437,0.37839913,0.9782486,-0.1006968,-0.1813553,0
0.40497303,-1.6624275,2.5705435,0.14521015,-0.29190782,0.94535899,0
0.91594207,4.4078732,-1.2706811,0.14813372,0.95113081,0.27093613,0
0.45755124,-3.9003036,-1.09201,-0.14813372,-0.95113081,-0.27093613,0
-3.1237531,-1.5602701,-1.8055913,-0.9782486,0.1006968,0.1813553,0
1.9385285,-0.94210553,-3.111342,0.9782486,-0.1006968,-0.1813553,0
3.0703115,0.2095654,2.8665078,0.14521015,-0.29190782,0.94535899,0
-3.0031314,-2.5861285,-0.54425991,-0.9782486,0.1006968,0.1813553,0
2.0692101,3.8815541,-0.28971744,0.14813372,0.95113081,0.27093613,0
-2.7481053,-0.95484495,-1.0379016,-0.9782486,0.1006968,0.1813553,0
0.11966777,-0.89395678,-3.4979646,-0.14521015,0.29190782,-0.94535899,0
-2.6911526,1.1250265,-1.8264158,-0.9782486,0.1006968,0.1813553,0
1.5192618,-2.0951753,2.265799,0.14521015,-0.29190782,0.94535899,0
-2.2657659,0.57660639,1.6949254,-0.9782486,0.1006968,0.1813553,0
-1.2405987,3.3558714,4.0226703,0.14813372,0.95113081,0.27093613,0
-2.9452038,-0.46587014,-1.7987615,-0.9782486,0.1006968,0.1813553,0
2.6377935,3.8309355,-1.8460534,0.9782486,-0.1006968,-0.1813553,0
-0.49712551,-2.7231212,2.3731153,0.14521015,-0.29190782,0.94535899,0
-0.79749894,4.8015695,-1.5703864,0.14813372,0.95113081,0.27093613,0
2.618742,0.11216569,-0.10676914,0.9782486,-0.1006968,-0.1813553,0
-1.7196405,2.4528673,3.6945407,-0.9782486,0.1006968,0.1813553,0
-2.3654408,0.41241956,0.94170976,-0.9782486,0.1006968,0.1813553,0
2.4264479,-0.48484778,0.048171282,0.9782486,-0.1006968,-0.1813553,0
0.3097167,-0.9948529,2.9041824,0.14521015,-0.29190782,0.94535899,0
0.17473769,-2.903856,2.1597877,0.14521015,-0.29190782,0.94535899,0
1.906853,-0.8823545,-3.4090028,0.9782486,-0.1006968,-0.1813553,0
-2.4573746,3.8308372,-1.0683331,-0.9782486,0.1006968,0.1813553,0
2.4115074,-4.0862045,1.0381761,0.9782486,-0.1006968,-0.1813553,0
1.610872,-0.65307927,2.8174162,0.14521015,-0.29190782,0.94535899,0
-1.254148,2.6428769,-2.0850525,-0.14521015,0.29190782,-0.94535899,0
-2.8714445,-3.3168273,-0.16132259,-0.9782486,0.1006968,0.1813553,0
1.4549009,3.9516559,-0.085953236,0.14813372,0.95113081,0.27093613,0
2.2141333,3.6958849,0.39181542,0.14813372,0.95113081,0.27093613,0
0.72389364,3.1629803,3.4293947,0.14813372,0.95113081,0.27093613,0
-0.26800144,-3.8677797,-1.2450128,-0.14813372,-0.95113081,-0.27093613,0
-1.8592864,-3.9208837,-0.34177136,-0.14813372,-0.95113081,-0.27093613,0
1.8107235,-0.82405937,-3.1677601,0.9782486,-0.1006968,-0.1813553,0
-1.9581981,-3.1418045,-2.9278116,-0.14813372,-0.95113081,-0.27093613,0
-2.6908143,-4.0089655,1.9398426,-0.9782486,0.1006968,0.1813553,0
2.233474,-2.3634818,2.1691189,0.14521015,-0.29190782,0.94535899,0
1.8333049,-1.0433786,-3.707334,-0.14521015,0.29190782,-0.94535899,0
1.8829415,-0.56034517,2.6429338,0.14521015,-0.29190782,0.94535899,0
-0.88609767,-3.6866093,-1.6623719,-0.14813372,-0.95113081,-0.27093613,0
1.480124,2.8861051,3.8026717,0.14521015,-0.29190782,0.94535899,0
1.8423679,-4.1027651,-1.6943402,-0.14813372,-0.95113081,-0.27093613,0
-3.0469775,-2.8874652,-1.4046819,-0.9782486,0.1006968,0.1813553,0
1.307695,4.6178141,-1.8195519,0.14813372,0.95113081,0.27093613,0
0.10815114,-4.0908651,-0.34123945,-0.14813372,-0.95113081,-0.27093613,0
-3.2680068,-2.2960753,-2.6165009,-0.9782486,0.1006968,0.1813553,0
-0.92335796,2.1780076,-2.3744283,-0.14521015,0.29190782,-0.94535899,0
0.72338915,-2.4855449,2.3050749,0.14521015,-0.29190782,0.94535899,0
0.96084356,3.2418344,2.9975414,0.14813372,0.95113081,0.27093613,0
1.2462714,-2.265913,2.2277422,0.14521015,-0.29190782,0.94535899,0
1.9593673,-1.6425492,-1.9299948,0.9782486,-0.1006968,-0.1813553,0
0.5516243,-0.18137275,-3.2474515,-0.14521015,0.29190782,-0.94535899,0
2.6257567,3.6814811,-1.418478,0.9782486,-0.1006968,-0.1813553,0
-0.074550331,4.2431793,0.25079727,0.14813372,0.95113081,0.27093613,0
1.9716766,-3.0802033,1.8252351,0.14521015,-0.29190782,0.94535899,0
0.14673758,-3.5656891,-2.5813875,-0.14813372,-0.95113081,-0.27093613,0
2.3257127,-0.83625078,-1.0595076,0.9782486,-0.1006968,-0.1813553,0
0.095454216,-3.1296563,-4.192606,-0.14813372,-0.95113081,-0.27093613,0
1.3731236,3.5695601,1.561326,0.14813372,0.95113081,0.27093613,0
-0.657956,4.0933619,0.45628166,0.14813372,0.95113081,0.27093613,0
-0.19164658,-1.7750447,2.5507939,0.14521015,-0.29190782,0.94535899,0
-3.2292953,-2.7722058,-1.6907732,-0.9782486,0.1006968,0.1813553,0
-2.141118,-2.1302044,2.9350097,-0.9782486,0.1006968,0.1813553,0
-2.5898812,-4.2633448,1.7081394,-0.14813372,-0.95113081,-0.27093613,0
3.2947576,2.7124414,2.5047927,0.9782486,-0.1006968,-0.1813553,0
1.5680599,4.3768244,-2.1391137,-0.14521015,0.29190782,-0.94535899,0
1.081454,3.8716102,0.38000131,0.14813372,0.95113081,0.27093613,0
0.84890199,-4.2500167,-0.46445942,-0.14813372,-0.95113081,-0.27093613,0
2.0433252,3.4792423,1.5088899,0.14813372,0.95113081,0.27093613,0
2.7085342,-1.2833705,1.6001842,0.9782486,-0.1006968,-0.1813553,0
1.9231489,-2.4456735,-2.0903139,0.9782486,-0.1006968,-0.1813553,0
1.2758981,2.9826665,-2.5122266,-0.14521015,0.29190782,-0.94535899,0
2.0380669,-0.49167526,-2.3714986,0.9782486,-0.1006968,-0.1813553,0
-2.2737544,1.4808941,0.43242335,-0.9782486,0.1006968,0.1813553,0
-1.3224649,0.67368674,-2.827502,-0.14521015,0.29190782,-0.94535899,0
0.40713885,-4.4343443,0.8186903,-0.14813372,-0.95113081,-0.27093613,0
0.067130208,-4.3197737,1.8327491,0.14521015,-0.29190782,0.94535899,0
1.0891247,4.5214224,-1.3707087,0.14813372,0.95113081,0.27093613,0
1.1493368,3.4918847,1.9980035,0.14813372,0.95113081,0.27093613,0
-1.0420716,-0.22613382,-3.0987365,-0.14521015,0.29190782,-0.94535899,0
-2.2508032,-1.9839458,2.4707773,-0.9782486,0.1006968,0.1813553,0
2.7132421,-2.1144545,2.0214546,0.9782486,-0.1006968,-0.1813553,0
2.6873071,3.2325802,2.2107728,0.14813372,0.95113081,0.27093613,0
1.2095265,0.95439422,-3.0661368,-0.14521015,0.29190782,-0.94535899,0
-2.0112617,3.6365824,1.3774357,-0.9782486,0.1006968,0.1813553,0
0.40312576,1.8460469,-2.7207513,-0.14521015,0.29190782,-0.94535899,0
-1.7524452,2.3839111,3.0172935,-0.9782486,0.1006968,0.1813553,0
1.8606952,-2.8159318,-2.2295508,0.9782486,-0.1006968,-0.1813553,0
2.8447633,1.4804749,0.22928512,0.9782486,-0.1006968,-0.1813553,0
2.2087064,1.0691881,3.1399994,0.14521015,-0.29190782,0.94535899,0
-0.86807477,-4.2084084,2.0527604,0.14521015,-0.29190782,0.94535899,0
1.1523883,-3.2021971,-4.1034403,-0.14813372,-0.95113081,-0.27093613,0
1.6932631,3.6222711,-2.2251992,-0.14521015,0.29190782,-0.94535899,0
-2.6152229,-3.3219628,-1.3505154,-0.14813372,-0.95113081,-0.27093613,0
-2.4682939,-3.242137,2.0684211,-0.9782486,0.1006968,0.1813553,0
-0.50487971,-3.6586041,-1.7480161,-0.14813372,-0.95113081,-0.27093613,0
-1.5188646,0.29808474,-2.8831425,-0.14521015,0.29190782,-0.94535899,0
2.802155,2.8817978,3.4553928,0.14813372,0.95113081,0.27093613,0
2.1455157,-1.0531977,-1.4926574,0.9782486,-0.1006968,-0.1813553,0
2.5106273,0.93162465,2.9914131,0.14521015,-0.29190782,0.94535899,0
0.92946482,-0.96887064,2.7129195,0.14521015,-0.29190782,0.94535899,0
2.4988256,-1.9481995,0.2718482,0.9782486,-0.1006968,-0.1813553,0
-2.7257278,0.6813972,-2.5948291,-0.14521015,0.29190782,-0.94535899,0
-1.4109051,-4.378356,1.2593551,-0.14813372,-0.95113081,-0.27093613,0
-2.2294734,-0.48246467,2.5639274,-0.9782486,0.1006968,0.1813553,0
-1.816281,-2.1313446,2.8495145,0.14521015,-0.29190782,0.94535899,0
-0.62165403,-3.1599975,-3.3384738,-0.14813372,-0.95113081,-0.27093613,0
-2.6388156,-0.18237209,-0.15125585,-0.9782486,0.1006968,0.1813553,0
-2.6170564,-3.8629169,1.789701,-0.9782486,0.1006968,0.1813553,0
3.2807691,1.6764834,2.5169797,0.9782486,-0.1006968,-0.1813553,0
1.5339658,0.82465982,3.2355747,0.14521015,-0.29190782,0.94535899,0
-2.7577801,-2.1348457,-0.25686157,-0.9782486,0.1006968,0.1813553,0
-1.4687833,4.2382627,0.73067665,0.14813372,0.95113081,0.27093613,0
2.764658,-1.2507915,1.9696521,0.9782486,-0.1006968,-0.1813553,0
-0.80599427,3.7579513,2.3151054,0.14813372,0.95113081,0.27093613,0
-0.91989398,-0.94656277,-3.3502076,-0.14521015,0.29190782,-0.94535899,0
3.0095425,2.0106831,1.4212916,0.9782486,-0.1006968,-0.1813553,0
-1.958216,-1.45976,3.1268373,0.14521015,-0.29190782,0.94535899,0
2.4206088,-1.7281458,0.51511955,0.9782486,-0.1006968,-0.1813553,0
-1.3831711,2.0225782,-2.2786646,-0.14521015,0.29190782,-0.94535899,0
1.9584541,-0.97915244,-2.6288676,0.9782486,-0.1006968,-0.1813553,0
2.5724711,-2.7392011,1.8624607,0.14521015,-0.29190782,0.94535899,0
-1.8918419,2.19697,2.6334224,-0.9782486,0.1006968,0.1813553,0
1.250952,-2.4340854,2.1956332,0.14521015,-0.29190782,0.94535899,0
-2.198802,-3.2635095,-2.2244365,-0.14813372,-0.95113081,-0.27093613,0
0.69098878,3.4045751,2.1001887,0.14813372,0.95113081,0.27093613,0
2.4016533,-4.4596081,1.2317719,0.9782486,-0.1006968,-0.1813553,0
-0.63337064,-3.5782428,-2.0721469,-0.14813372,-0.95113081,-0.27093613,0
-2.0181723,-0.43750417,2.8845413,-0.9782486,0.1006968,0.1813553,0
1.7095364,-4.2606091,-1.0715494,-0.14813372,-0.95113081,-0.27093613,0
2.5565531,2.0574975,-1.3385321,0.9782486,-0.1006968,-0.1813553,0
2.5806124,-2.2138674,1.7734061,0.9782486,-0.1006968,-0.1813553,0
2.9837654,1.8169652,1.0006404,0.9782486,-0.1006968,-0.1813553,0
-1.5399669,-3.4256792,-1.5806606,-0.14813372,-0.95113081,-0.27093613,0
0.39317524,3.8774993,0.59998703,0.14813372,0.95113081,0.27093613,0
-0.65628886,-0.60410464,-3.1933944,-0.14521015,0.29190782,-0.94535899,0
-0.53783745,-4.5652332,1.5195482,-0.14813372,-0.95113081,-0.27093613,0
1.1287029,-4.1519451,1.7847109,0.14521015,-0.29190782,0.94535899,0
2.5777397,1.5966007,-0.70915473,0.9782486,-0.1006968,-0.1813553,0
-0.23535633,-4.4905758,1.8538108,0.14521015,-0.29190782,0.94535899,0
-2.55146,-1.3469279,0.66245961,-0.9782486,0.1006968,0.1813553,0
-1.4454805,3.8008022,1.9855485,0.14813372,0.95113081,0.27093613,0
1.9929969,-0.14367604,-2.4248276,0.9782486,-0.1006968,-0.1813553,0
2.4706192,-0.064864397,-0.16153598,0.9782486,-0.1006968,-0.1813553,0
-0.85796529,-4.454967,1.0843065,-0.14813372,-0.95113081,-0.27093613,0
-2.3707154,2.5088038,-0.72477269,-0.9782486,0.1006968,0.1813553,0
3.117337,1.1179943,1.8735608,0.9782486,-0.1006968,-0.1813553,0
1.6984284,-4.3697195,-0.69219112,-0.14813372,-0.95113081,-0.27093613,0
2.541955,0.28832769,-0.54025126,0.9782486,-0.1006968,-0.1813553,0
0.97822332,-4.0535669,-0.92613363,-0.14813372,-0.95113081,-0.27093613,0
-2.9091687,-3.0149059,-2.8835087,-0.14813372,-0.95113081,-0.27093613,0
2.5889039,3.757149,-1.8870314,0.9782486,-0.1006968,-0.1813553,0
1.5043463,1.5063506,-3.0016043,-0.14521015,0.29190782,-0.94535899,0
0.88750648,3.8985517,0.71386003,0.14813372,0.95113081,0.27093613,0
0.27794981,-3.227643,-3.8165715,-0.14813372,-0.95113081,-0.27093613,0
1.2459543,4.3281302,-0.80031681,0.14813372,0.95113081,0.27093613,0
1.5323269,-3.2084374,-3.946146,0.9782486,-0.1006968,-0.1813553,0
2.5866489,1.1858468,-0.31006649,0.9782486,-0.1006968,-0.1813553,0
-2.3477671,-1.9305825,2.4378524,-0.9782486,0.1006968,0.1813553,0
-1.0581968,-0.16939534,3.3406904,0.14521015,-0.29190782,0.94535899,0
0.082614899,-3.1561642,-3.4607728,-0.14813372,-0.95113081,-0.27093613,0
3.2771261,2.0708165,3.1782036,0.9782486,-0.1006968,-0.1813553,0
-0.43200183,0.66631883,3.4246778,0.14521015,-0.29190782,0.94535899,0
-0.26362658,-2.5403159,2.447726,0.14521015,-0.29190782,0.94535899,0
-1.5846586,1.9264143,4.0501428,0.14521015,-0.29190782,0.94535899,0
2.7338927,3.1725538,1.8206701,0.14813372,0.95113081,0.27093613,0
2.4674745,4.2279363,-1.0856547,0.14813372,0.95113081,0.27093613,0
2.6269743,0.48854399,2.9923482,0.14521015,-0.29190782,0.94535899,0
-2.2119107,-0.48117852,1.9764168,-0.9782486,0.1006968,0.1813553,0
0.25953209,3.9386213,-2.0460799,-0.14521015,0.29190782,-0.94535899,0
1.7221503,2.8945062,3.5465827,0.14813372,0.95113081,0.27093613,0
0.27199537,4.5950613,-1.2312486,0.14813372,0.95113081,0.27093613,0
1.7325753,4.4630966,-2.1435785,-0.14521015,0.29190782,-0.94535899,0
1.6875544,-2.6836734,2.0722923,0.14521015,-0.29190782,0.94535899,0
2.0226316,-4.0400887,1.5626967,0.14521015,-0.29190782,0.94535899,0
-0.36034596,-2.8827541,2.2905865,0.14521015,-0.29190782,0.94535899,0
-2.8009422,0.068635464,-1.1268644,-0.9782486,0.1006968,0.1813553,0
-0.082244456,4.5371671,-1.0666938,0.14813372,0.95113081,0.27093613,0
-0.93414927,4.3979387,-0.23938608,0.14813372,0.95113081,0.27093613,0
2.0229666,0.56420976,-3.2999547,-0.14521015,0.29190782,-0.94535899,0
2.0496049,-0.29681313,-2.6337624,0.9782486,-0.1006968,-0.1813553,0
2.7490766,-0.67494035,2.6051226,0.14521015,-0.29190782,0.94535899,0
0.88083905,4.2721648,-0.61217594,0.14813372,0.95113081,0.27093613,0
-1.1054357,3.7218046,-1.93312,-0.14521015,0.29190782,-0.94535899,0
-1.6799285,-0.4573698,3.1867664,0.14521015,-0.29190782,0.94535899,0
1.1003178,4.0859499,-2.1298985,-0.14521015,0.29190782,-0.94535899,0
-1.5883777,0.49549818,-2.854053,-0.14521015,0.29190782,-0.94535899,0
3.0226307,1.7102528,1.6055458,0.9782486,-0.1006968,-0.1813553,0
-0.25831223,3.1864631,3.5463941,0.14813372,0.95113081,0.27093613,0
0.9012143,-4.0103445,-1.041203,-0.14813372,-0.95113081,-0.27093613,0
0.4777981,4.4934568,-1.9554965,-0.14521015,0.29190782,-0.94535899,0
1.7203357,-3.3368225,-2.776268,0.9782486,-0.1006968,-0.1813553,0
-1.2975529,-2.2944753,2.6203921,0.14521015,-0.29190782,0.94535899,0
2.8465788,0.65099788,2.851712,0.14521015,-0.29190782,0.94535899,0
1.9615819,-1.0889513,-2.567606,0.9782486,-0.1006968,-0.1813553,0
-0.50266957,-2.2289445,2.505559,0.14521015,-0.29190782,0.94535899,0
1.9919016,-3.0293231,1.9520168,0.14521015,-0.29190782,0.94535899,0
2.230123,-0.75451827,-1.1027176,0.9782486,-0.1006968,-0.1813553,0
2.2272353,4.3600283,-1.777822,0.14813372,0.95113081,0.27093613,0
-0.17213142,3.8429847,1.1443872,0.14813372,0.95113081,0.27093613,0
2.6687546,2.6393876,-0.79803658,0.9782486,-0.1006968,-0.1813553,0
2.205816,1.3732154,-2.4277925,0.9782486,-0.1006968,-0.1813553,0
3.378773,2.9116082,2.5773981,0.9782486,-0.1006968,-0.1813553,0
-0.23660445,2.8502691,-2.2306199,-0.14521015,0.29190782,-0.94535899,0
-0.28030729,-3.3746436,-2.7885613,-0.14813372,-0.95113081,-0.27093613,0
2.5315032,1.0739031,3.1806147,0.14521015,-0.29190782,0.94535899,0
-0.37055564,-3.9992251,-0.78357935,-0.14813372,-0.95113081,-0.27093613,0
-2.2760053,4.7577419,-1.1069531,-0.9782486,0.1006968,0.1813553,0
2.9715402,1.0505686,3.1381888,0.14521015,-0.29190782,0.94535899,0
-2.2286623,-0.23506653,1.9402889,-0.9782486,0.1006968,0.1813553,0
-1.2120788,3.9203348,1.4657979,0.14813372,0.95113081,0.27093613,0
2.882344,1.6928568,0.91233325,0.9782486,-0.1006968,-0.1813553,0
-2.426091,-2.9742186,-3.1278713,-0.14813372,-0.95113081,-0.27093613,0
0.25553519,-4.4946942,0.53543663,-0.14813372,-0.95113081,-0.27093613,0
0.15075874,1.5442038,3.5741031,0.14521015,-0.29190782,0.94535899,0
-1.8654964,2.8029408,1.693114,-0.9782486,0.1006968,0.1813553,0
3.2461019,1.4101055,2.5965402,0.9782486,-0.1006968,-0.1813553,0
-0.39483452,-4.0848904,-0.50514984,-0.14813372,-0.95113081,-0.27093613,0
-1.1564333,3.6829903,2.5955195,0.14813372,0.95113081,0.27093613,0
-2.8262146,-0.58380723,-2.8218012,-0.14521015,0.29190782,-0.94535899,0
-2.3657358,2.6049597,-0.93535852,-0.9782486,0.1006968,0.1813553,0
-0.83160919,4.6729574,-0.89711428,0.14813372,0.95113081,0.27093613,0
0.75127506,3.6308217,1.631197,0.14813372,0.95113081,0.27093613,0
-1.3134562,-2.6331251,2.4723854,0.14521015,-0.29190782,0.94535899,0
-2.8889024,0.25801587,-2.4897976,-0.9782486,0.1006968,0.1813553,0
2.6291466,2.158617,-0.80527139,0.9782486,-0.1006968,-0.1813553,0
-1.5279632,2.9528883,3.3883364,-0.9782486,0.1006968,0.1813553,0
-0.65911013,-3.9852538,-0.36649847,-0.14813372,-0.95113081,-0.27093613,0
1.5879021,3.0614827,2.9490247,0.14813372,0.95113081,0.27093613,0
-2.6141605,-1.8362393,0.94538367,-0.9782486,0.1006968,0.1813553,0
2.8452756,-0.37280345,2.1408231,0.9782486,-0.1006968,-0.1813553,0
0.60544109,2.6280048,3.8972816,0.14521015,-0.29190782,0.94535899,0
0.73719764,1.3496538,-2.7706614,-0.14521015,0.29190782,-0.94535899,0
2.5146034,3.5453908,0.60685992,0.14813372,0.95113081,0.27093613,0
2.3587334,2.114831,-2.1857011,0.9782486,-0.1006968,-0.1813553,0
2.3453784,-1.5110214,-0.4474299,0.9782486,-0.1006968,-0.1813553,0
-0.22396231,3.1813087,3.8883417,0.14813372,0.95113081,0.27093613,0
-2.2876327,-4.3271875,2.25913,0.14521015,-0.29190782,0.94535899,0
-2.3322122,1.326659,0.24789643,-0.9782486,0.1006968,0.1813553,0
0.35410464,3.0971854,-2.1683533,-0.14521015,0.29190782,-0.94535899,0
1.2683182,2.2217882,3.7249906,0.14521015,-0.29190782,0.94535899,0
1.1616561,-4.7694597,1.5119548,-0.14813372,-0.95113081,-0.27093613,0
-1.302761,-3.7353187,-0.90233254,-0.14813372,-0.95113081,-0.27093613,0
-3.017518,-3.4890451,-1.0304399,-0.14813372,-0.95113081,-0.27093613,0
-1.1749467,-4.4758863,1.5599747,-0.14813372,-0.95113081,-0.27093613,0
-1.3544681,4.3012285,0.43879128,0.14813372,0.95113081,0.27093613,0
0.012755871,4.5731206,-1.0771103,0.14813372,0.95113081,0.27093613,0
0.30942917,-0.68799222,-3.3445048,-0.14521015,0.29190782,-0.94535899,0
0.3461951,-3.9745748,1.8813372,0.14521015,-0.29190782,0.94535899,0
2.7817695,0.95016384,0.53427911,0.9782486,-0.1006968,-0.1813553,0
-1.9667448,3.5617161,1.1692548,-0.9782486,0.1006968,0.1813553,0
-2.1239414,-1.593469,-3.2705464,-0.14521015,0.29190782,-0.94535899,0
-1.0590219,-0.70807898,-3.1384242,-0.14521015,0.29190782,-0.94535899,0
-2.7195485,0.99239659,-2.4133234,-0.14521015,0.29190782,-0.94535899,0
2.4159784,2.3848381,-2.037679,0.9782486,-0.1006968,-0.1813553,0
0.23843789,1.3349769,-2.7692192,-0.14521015,0.29190782,-0.94535899,0
1.2505555,1.4715707,3.5148029,0.14521015,-0.29190782,0.94535899,0
-0.22627497,3.2369835,3.3147848,0.14813372,0.95113081,0.27093613,0
2.0649085,-2.4418983,-1.7893476,0.9782486,-0.1006968,-0.1813553,0
2.6800551,1.515182,-0.087798774,0.9782486,-0.1006968,-0.1813553,0
-1.6615729,-3.2521017,-2.2184744,-0.14813372,-0.95113081,-0.27093613,0
0.8638739,-4.1280727,-0.76804018,-0.14813372,-0.95113081,-0.27093613,0
0.0092456341,-0.47476423,-3.4002709,-0.14521015,0.29190782,-0.94535899,0
2.7222373,-0.65855169,1.3350437,0.9782486,-0.1006968,-0.1813553,0
1.7444929,-4.0115256,-1.5540967,-0.14813372,-0.95113081,-0.27093613,0
-2.2702324,4.0532627,-1.5115881,-0.14521015,0.29190782,-0.94535899,0
-1.9822202,0.29514813,-2.7122746,-0.14521015,0.29190782,-0.94535899,0
1.8324931,3.738415,0.85042095,0.14813372,0.95113081,0.27093613,0
-0.66953826,-4.6207218,1.5720234,-0.14813372,-0.95113081,-0.27093613,0
-1.1474252,-3.9080317,-0.19148946,-0.14813372,-0.95113081,-0.27093613,0
-0.62217605,3.0133064,-2.1775012,-0.14521015,0.29190782,-0.94535899,0
-2.4935744,-4.5091085,2.0926113,-0.14813372,-0.95113081,-0.27093613,0
2.0759115,0.70250297,-2.7687182,0.9782486,-0.1006968,-0.1813553,0
-0.65093565,-1.9876333,-3.7826393,-0.14521015,0.29190782,-0.94535899,0
2.200691,-2.3332071,-0.7196002,0.9782486,-0.1006968,-0.1813553,0
-1.6041155,-2.0063181,2.7864656,0.14521015,-0.29190782,0.94535899,0
-2.3812404,2.022917,0.29374719,-0.9782486,0.1006968,0.1813553,0
0.4426949,1.360432,-2.9005094,-0.14521015,0.29190782,-0.94535899,0
-1.6452305,-3.6628027,-1.0658937,-0.14813372,-0.95113081,-0.27093613,0
-1.0419533,4.4849939,-1.6812804,-0.14521015,0.29190782,-0.94535899,0
1.8802236,-1.6384538,-2.5511138,0.9782486,-0.1006968,-0.1813553,0
-1.5508645,4.492187,0.075570583,0.14813372,0.95113081,0.27093613,0
-2.9392531,-2.1154981,-0.88582015,-0.9782486,0.1006968,0.1813553,0
0.093717813,3.2979283,2.9045866,0.14813372,0.95113081,0.27093613,0
1.4735374,3.9304907,-2.2613144,-0.14521015,0.29190782,-0.94535899,0
-0.61558813,4.0187778,0.91185522,0.14813372,0.95113081,0.27093613,0
0.095054865,3.5105133,2.3389359,0.14813372,0.95113081,0.27093613,0
-0.83851862,3.7154198,2.0494108,0.14813372,0.95113081,0.27093613,0
2.0313981,-3.218049,-1.3197789,0.9782486,-0.1006968,-0.1813553,0
-2.4950964,0.63449788,0.057207465,-0.9782486,0.1006968,0.1813553,0
-0.5691309,-3.1885126,-3.5448205,-0.14813372,-0.95113081,-0.27093613,0
2.5321572,2.8415577,-1.9611437,0.9782486,-0.1006968,-0.1813553,0
2.2194972,1.8337654,3.4206371,0.14521015,-0.29190782,0.94535899,0
2.8912714,1.5150909,1.1813395,0.9782486,-0.1006968,-0.1813553,0
-0.18295303,-4.5789318,1.0704951,-0.14813372,-0.95113081,-0.27093613,0
2.4064927,3.6058874,1.146095,0.14813372,0.95113081,0.27093613,0
-1.5360527,-2.0940795,-3.6489997,-0.14521015,0.29190782,-0.94535899,0
-1.4945173,1.8683565,-2.4052525,-0.14521015,0.29190782,-0.94535899,0
-0.39114183,4.2484708,-0.040424347,0.14813372,0.95113081,0.27093613,0
-2.6132245,-2.154798,0.93739748,-0.9782486,0.1006968,0.1813553,0
-2.0941577,-3.4231358,-1.4723163,-0.14813372,-0.95113081,-0.27093613,0
2.5537448,-2.8041208,1.8425188,0.14521015,-0.29190782,0.94535899,0
-1.8354561,3.732343,2.3336787,-0.9782486,0.1006968,0.1813553,0
2.7959459,0.59582043,0.41883951,0.9782486,-0.1006968,-0.1813553,0
2.561573,0.7403717,-0.54565275,0.9782486,-0.1006968,-0.1813553,0
2.3618731,0.60249245,-1.531651,0.9782486,-0.1006968,-0.1813553,0
2.0506873,-2.0300136,-1.5170636,0.9782486,-0.1006968,-0.1813553,0
0.98024511,-3.3790221,-3.7411685,-0.14813372,-0.95113081,-0.27093613,0
-1.5634243,-3.3704963,-1.937454,-0.14813372,-0.95113081,-0.27093613,0
1.7315538,-2.5108633,-2.9765627,0.9782486,-0.1006968,-0.1813553,0
-2.4373827,2.8816826,-0.97904515,-0.9782486,0.1006968,0.1813553,0
-0.50048327,1.2163794,-2.76283,-0.14521015,0.29190782,-0.94535899,0
-0.19321012,-1.3436391,-3.478462,-0.14521015,0.29190782,-0.94535899,0
-1.5436301,3.0931635,-1.9490994,-0.14521015,0.29190782,-0.94535899,0
1.7441955,-4.4836636,0.11520767,-0.14813372,-0.95113081,-0.27093613,0
2.3407526,2.3279705,-1.9427046,0.9782486,-0.1006968,-0.1813553,0
2.3623037,2.5506506,-2.6584718,0.9782486,-0.1006968,-0.1813553,0
2.9280157,2.3237076,3.4958677,0.14521015,-0.29190782,0.94535899,0
0.22878027,3.1947107,3.7693079,0.14813372,0.95113081,0.27093613,0
-1.2907145,1.2210237,3.8278217,0.14521015,-0.29190782,0.94535899,0
2.6873517,1.9308189,-0.8274045,0.9782486,-0.1006968,-0.1813553,0
-1.2982347,-4.5404243,1.5484667,-0.14813372,-0.95113081,-0.27093613,0
-2.5793872,-3.3795125,1.9175,-0.9782486,0.1006968,0.1813553,0
-2.8195095,-2.595669,-3.5887709,-0.14521015,0.29190782,-0.94535899,0
-1.0757377,1.1136618,-2.5596495,-0.14521015,0.29190782,-0.94535899,0
0.20291328,-3.100805,-4.1107206,-0.14813372,-0.95113081,-0.27093613,0
2.0300586,3.2037439,2.5052609,0.14813372,0.95113081,0.27093613,0
2.7787519,-0.77151394,1.7916081,0.9782486,-0.1006968,-0.1813553,0
0.13330793,-2.6585193,-4.1078062,-0.14521015,0.29190782,-0.94535899,0
2.622695,-0.82591558,1.1388947,0.9782486,-0.1006968,-0.1813553,0
-3.1538339,-3.191108,-1.1719503,-0.9782486,0.1006968,0.1813553,0
-2.5265975,-2.2652516,-3.3895721,-0.14521015,0.29190782,-0.94535899,0
0.43643403,4.618084,-1.8966217,-0.14521015,0.29190782,-0.94535899,0
0.2997297,3.9202881,-2.0445006,-0.14521015,0.29190782,-0.94535899,0
1.5688834,4.1652451,-1.0605402,0.14813372,0.95113081,0.27093613,0
-0.39421201,-3.7536287,-1.5994842,-0.14813372,-0.95113081,-0.27093613,0
1.7475792,-3.8752499,-2.0248718,-0.14813372,-0.95113081,-0.27093613,0
2.4039145,-4.3644886,1.130506,0.9782486,-0.1006968,-0.1813553,0
-2.1100945,3.5963273,0.62126732,-0.9782486,0.1006968,0.1813553,0
-2.2467487,1.7587745,-2.2943294,-0.14521015,0.29190782,-0.94535899,0
2.1497729,-1.3296504,-1.9703598,0.9782486,-0.1006968,-0.1813553,0
-2.7596054,1.1102977,-2.068336,-0.9782486,0.1006968,0.1813553,0
-2.3058977,-3.4258921,-1.1783562,-0.14813372,-0.95113081,-0.27093613,0
0.23719954,-2.5533309,2.2829773,0.14521015,-0.29190782,0.94535899,0
-2.1533582,2.9871058,0.97880578,-0.9782486,0.1006968,0.1813553,0
-2.2161136,2.1637657,0.45219707,-0.9782486,0.1006968,0.1813553,0
0.99744058,1.4695873,3.3689442,0.14521015,-0.29190782,0.94535899,0
1.2428482,-1.7067754,2.5006459,0.14521015,-0.29190782,0.94535899,0
-2.4601612,0.79981017,0.19072807,-0.9782486,0.1006968,0.1813553,0
-2.9483619,-1.0655942,-1.6328547,-0.9782486,0.1006968,0.1813553,0
-1.187657,-3.6822395,-0.85619402,-0.14813372,-0.95113081,-0.27093613,0
-2.5962715,-0.27510715,-0.13871178,-0.9782486,0.1006968,0.1813553,0
0.34777474,-0.70610774,-3.3719954,-0.14521015,0.29190782,-0.94535899,0
-1.8903072,2.8030002,2.0634925,-0.9782486,0.1006968,0.1813553,0
-0.39487964,4.0375047,0.50919485,0.14813372,0.95113081,0.27093613,0
2.1216772,-0.24497128,2.7351365,0.14521015,-0.29190782,0.94535899,0
-1.4468303,3.7218387,2.4128714,0.14813372,0.95113081,0.27093613,0
-0.20457554,2.5045393,-2.2693088,-0.14521015,0.29190782,-0.94535899,0
2.0618839,-0.61419046,-2.0986438,0.9782486,-0.1006968,-0.1813553,0
-2.9049139,-0.55307841,-2.90646,-0.14521015,0.29190782,-0.94535899,0
0.060309589,4.4121695,-0.68293524,0.14813372,0.95113081,0.27093613,0
