-0.93741989,-0.21008229,4.794394,0.74239486,-0.0080572963,0.66991401,0
-0.25993156,-5.2435164,-1.2485776,0.55324125,-0.55657941,-0.61979294,0
3.2272863,3.8937027,-1.4393992,0.3778542,0.83075523,-0.40874416,0
-0.20948124,-3.8412352,-2.2708433,0.55324125,-0.55657941,-0.61979294,0
-2.3059468,1.9447029,1.8139913,-0.55324125,0.55657941,0.61979294,0
2.5383554,-0.9043175,-2.6078959,0.55324125,-0.55657941,-0.61979294,0
0.56331444,-1.6246079,-3.8442407,0.55324125,-0.55657941,-0.61979294,0
-2.4206691,-4.8389535,0.011907101,-0.3778542,-0.83075523,0.40874416,0
0.58888865,5.9373808,0.8234725,-0.55324125,0.55657941,0.61979294,0
-1.3435667,-5.040597,0.97347188,-0.3778542,-0.83075523,0.40874416,0
2.7192502,-1.510296,-1.8066803,0.55324125,-0.55657941,-0.61979294,0
-4.0088573,0.22412705,2.0008087,-0.55324125,0.55657941,0.61979294,0
4.8027749,2.2550714,-3.1532762,0.3778542,0.83075523,-0.40874416,0
1.4392633,-4.8490701,2.0395617,0.74239486,-0.0080572963,0.66991401,0
0.22612524,-0.78793871,-4.1283092,-0.74239486,0.0080572963,-0.66991401,0
-0.76508188,2.678369,2.4940577,-0.55324125,0.55657941,0.61979294,0
0.63867021,3.7585845,-3.8757167,0.3778542,0.83075523,-0.40874416,0
-3.5782199,-3.5128667,1.6641905,-0.3778542,-0.83075523,0.40874416,0
3.2976661,3.0588865,-3.1784837,0.3778542,0.83075523,-0.40874416,0
-2.1121593,5.0487256,-1.4256845,-0.74239486,0.0080572963,-0.66991401,0
-1.9973841,-3.4466615,3.2713492,-0.3778542,-0.83075523,0.40874416,0
2.9037714,-3.3375394,0.38135689,0.74239486,-0.0080572963,0.66991401,0
1.5124958,-1.1457542,2.0788441,0.74239486,-0.0080572963,0.66991401,0
-3.905309,-2.5886126,3.2346766,-0.3778542,-0.83075523,0.40874416,0
1.4602742,4.1977654,2.0607066,0.74239486,-0.0080572963,0.66991401,0
-3.9848557,0.55943537,1.5374386,-0.55324125,0.55657941,0.61979294,0
-0.48395872,0.21227586,4.2815146,0.74239486,-0.0080572963,0.66991401,0
-4.7156534,-1.884104,3.2594619,-0.55324125,0.55657941,0.61979294,0
4.1238351,0.90626121,-0.9502449,0.74239486,-0.0080572963,0.66991401,0
1.1223531,1.4228207,2.4494231,0.74239486,-0.0080572963,0.66991401,0
2.4067583,3.3323417,1.2416577,0.74239486,-0.0080572963,0.66991401,0
1.2617004,4.6964884,-1.3052096,0.3778542,0.83075523,-0.40874416,0
2.1935782,-2.5875449,1.3785856,0.74239486,-0.0080572963,0.66991401,0
-2.4643078,0.62018585,2.8613598,-0.55324125,0.55657941,0.61979294,0
-2.0245309,3.4176397,0.74153745,-0.55324125,0.55657941,0.61979294,0
0.96509862,4.2852502,-2.5143323,0.3778542,0.83075523,-0.40874416,0
2.9925759,3.4236248,-2.5787075,0.3778542,0.83075523,-0.40874416,0
-2.3310704,-0.6085732,-1.1170579,-0.74239486,0.0080572963,-0.66991401,0
2.67044,4.3311586,-0.86788082,0.3778542,0.83075523,-0.40874416,0
-3.1617928,2.4138803,-0.14985609,-0.74239486,0.0080572963,-0.66991401,0
5.2223926,2.270828,-2.7068501,0.3778542,0.83075523,-0.40874416,0
0.84568542,3.4923506,-4.2849932,0.3778542,0.83075523,-0.40874416,0
4.7707586,0.96190739,-1.5699775,0.74239486,-0.0080572963,0.66991401,0
3.003267,4.6612353,-0.19938135,0.3778542,0.83075523,-0.40874416,0
-0.076620102,-5.9433913,-0.41539645,0.55324125,-0.55657941,-0.61979294,0
1.596518,4.9727817,-0.76240587,0.3778542,0.83075523,-0.40874416,0
-0.30462694,-2.8316276,-3.3321395,0.55324125,-0.55657941,-0.61979294,0
-2.1685734,-1.3727371,4.9277945,-0.55324125,0.55657941,0.61979294,0
-0.75985324,-3.8769045,3.6115253,-0.3778542,-0.83075523,0.40874416,0
-1.0698905,-6.0029006,-1.3307028,0.55324125,-0.55657941,-0.61979294,0
-1.8437433,-4.2844243,-1.6367953,-0.74239486,0.0080572963,-0.66991401,0
-0.50215912,-4.5920143,-1.9146097,0.55324125,-0.55657941,-0.61979294,0
1.4039314,1.784126,2.2911901,0.74239486,-0.0080572963,0.66991401,0
-0.46495962,-5.4296117,0.69032454,-0.3778542,-0.83075523,0.40874416,0
-0.32256228,2.3538396,-3.3603377,-0.74239486,0.0080572963,-0.66991401,0
-0.33043146,1.4060172,4.0253172,0.74239486,-0.0080572963,0.66991401,0
-3.4500966,1.5404987,1.0440229,-0.55324125,0.55657941,0.61979294,0
-1.0758152,-3.6839719,-2.573915,-0.74239486,0.0080572963,-0.66991401,0
3.9983678,3.5632691,-1.3577547,0.3778542,0.83075523,-0.40874416,0
-4.0058908,-3.0025885,2.3463311,-0.3778542,-0.83075523,0.40874416,0
1.6282239,5.175293,-0.38853574,0.3778542,0.83075523,-0.40874416,0
4.1304984,3.7185731,-0.82938623,0.3778542,0.83075523,-0.40874416,0
0.63558292,-2.8182952,-2.5469589,0.55324125,-0.55657941,-0.61979294,0
0.22025299,2.3357296,3.6538281,0.74239486,-0.0080572963,0.66991401,0
-2.1068161,1.2029779,2.7449996,-0.55324125,0.55657941,0.61979294,0
-3.8064127,1.6607695,0.70973313,-0.55324125,0.55657941,0.61979294,0
2.5396783,5.0844889,0.46023846,0.3778542,0.83075523,-0.40874416,0
3.4556985,1.0883427,-0.17404652,0.74239486,-0.0080572963,0.66991401,0
2.2679138,3.0157018,-3.8998919,0.3778542,0.83075523,-0.40874416,0
-1.0841048,-3.5421691,3.8564706,-0.3778542,-0.83075523,0.40874416,0
0.12107646,2.6269159,-3.8923807,-0.74239486,0.0080572963,-0.66991401,0
-0.16163158,-0.15523291,-3.6042609,-0.74239486,0.0080572963,-0.66991401,0
-1.5103145,4.542202,0.19551396,-0.55324125,0.55657941,0.61979294,0
0.75086284,0.92934877,-4.489747,-0.74239486,0.0080572963,-0.66991401,0
2.3265915,-2.7922845,-1.011656,0.55324125,-0.55657941,-0.61979294,0
0.15424752,-5.3857675,1.6529491,-0.3778542,-0.83075523,0.40874416,0
-1.0666574,3.5994594,-2.4397469,-0.74239486,0.0080572963,-0.66991401,0
-1.8668489,1.8296651,2.4871483,-0.55324125,0.55657941,0.61979294,0
-5.5144544,-2.2224598,2.2733979,-0.74239486,0.0080572963,-0.66991401,0
-1.2673738,-1.2312175,-2.4724264,-0.74239486,0.0080572963,-0.66991401,0
-3.1805999,0.24382186,-0.25049961,-0.74239486,0.0080572963,-0.66991401,0
3.7996721,2.9824679,-2.6171725,0.3778542,0.83075523,-0.40874416,0
-1.5668325,5.8919373,-1.1135532,-0.55324125,0.55657941,0.61979294,0
-4.2922888,-3.0970149,2.0235958,-0.3778542,-0.83075523,0.40874416,0
2.1484435,-5.1125693,1.2277703,0.74239486,-0.0080572963,0.66991401,0
2.4083195,-2.3696887,-1.2204366,0.55324125,-0.55657941,-0.61979294,0
0.20263815,-5.9923134,0.24130464,-0.3778542,-0.83075523,0.40874416,0
-2.3165741,3.0150745,0.88275898,-0.55324125,0.55657941,0.61979294,0
1.174258,-5.4762716,2.3967204,-0.3778542,-0.83075523,0.40874416,0
-0.90470862,5.2438602,-2.33657,0.3778542,0.83075523,-0.40874416,0
-2.0678425,-5.2747755,-1.3823299,-0.74239486,0.0080572963,-0.66991401,0
2.2285333,3.6646214,1.2605722,0.74239486,-0.0080572963,0.66991401,0
-2.3081226,-1.453721,4.9371762,-0.55324125,0.55657941,0.61979294,0
1.0550849,1.7021686,-4.8403587,-0.74239486,0.0080572963,-0.66991401,0
0.00345397,-5.2847233,1.7376115,-0.3778542,-0.83075523,0.40874416,0
-0.62646186,3.3243926,-3.0518956,-0.74239486,0.0080572963,-0.66991401,0
-1.7837758,-5.4615531,-1.9080036,-0.74239486,0.0080572963,-0.66991401,0
-1.177012,-3.891875,-2.5316553,-0.74239486,0.0080572963,-0.66991401,0
1.3299628,4.3140335,-2.0156944,0.3778542,0.83075523,-0.40874416,0
0.36628675,4.6930132,1.7546874,-0.55324125,0.55657941,0.61979294,0
-1.9574864,-4.8140192,0.58009291,-0.3778542,-0.83075523,0.40874416,0
3.3690991,-0.46864867,-0.11323762,0.74239486,-0.0080572963,0.66991401,0
2.1950431,-0.046925783,-3.764497,0.55324125,-0.55657941,-0.61979294,0
3.4666162,-1.8131387,-0.23639286,0.74239486,-0.0080572963,0.66991401,0
4.92519,2.6190214,-2.5770597,0.3778542,0.83075523,-0.40874416,0
0.38095427,-0.56501597,-4.2118597,-0.74239486,0.0080572963,-0.66991401,0
-0.84561467,-4.0367088,3.0386596,-0.3778542,-0.83075523,0.40874416,0
0.43559694,-4.0341015,-1.6637253,0.55324125,-0.55657941,-0.61979294,0
3.3175459,1.7738228,0.059317827,0.74239486,-0.0080572963,0.66991401,0
-1.5969169,-3.4223714,3.9306712,-0.3778542,-0.83075523,0.40874416,0
-2.9233267,-2.8921638,-0.56078815,-0.74239486,0.0080572963,-0.66991401,0
1.4540782,2.8464699,-5.1893339,-0.74239486,0.0080572963,-0.66991401,0
-2.5040708,-4.4371619,-1.059927,-0.74239486,0.0080572963,-0.66991401,0
5.234663,1.6867685,-2.3876505,0.55324125,-0.55657941,-0.61979294,0
1.9486467,2.2105412,1.5788474,0.74239486,-0.0080572963,0.66991401,0
0.83114195,-4.1203961,-1.1462004,0.55324125,-0.55657941,-0.61979294,0
3.0058718,-2.2616742,-1.0355245,0.55324125,-0.55657941,-0.61979294,0
0.80295706,-5.1510506,-0.345433,0.55324125,-0.55657941,-0.61979294,0
2.1038275,3.6971562,-2.7866449,0.3778542,0.83075523,-0.40874416,0
0.926301,4.7850518,2.0333605,-0.55324125,0.55657941,0.61979294,0
4.6858201,2.4341409,-3.174952,0.3778542,0.83075523,-0.40874416,0
1.5010657,0.21146074,-4.6453347,0.55324125,-0.55657941,-0.61979294,0
-1.6907315,1.2299379,-1.971421,-0.74239486,0.0080572963,-0.66991401,0
-4.096344,1.1234355,0.93621838,-0.74239486,0.0080572963,-0.66991401,0
-0.95508385,-5.2956886,-1.8089607,0.55324125,-0.55657941,-0.61979294,0
4.0156598,3.1850877,-1.8532796,0.3778542,0.83075523,-0.40874416,0
-1.0013766,5.7435207,-1.2844307,0.3778542,0.83075523,-0.40874416,0
-2.2547507,-3.5840526,2.8118687,-0.3778542,-0.83075523,0.40874416,0
3.0870719,-0.97878051,-1.9563428,0.55324125,-0.55657941,-0.61979294,0
3.9223366,-0.31959438,-0.5930829,0.74239486,-0.0080572963,0.66991401,0
-1.9367335,1.4508837,2.664741,-0.55324125,0.55657941,0.61979294,0
-5.0536652,-1.3042927,2.2621675,-0.55324125,0.55657941,0.61979294,0
0.1459136,5.8996792,-0.02783823,0.3778542,0.83075523,-0.40874416,0
-5.1734858,-1.7998073,2.6495841,-0.55324125,0.55657941,0.61979294,0
5.4156833,1.9882088,-2.6398015,0.55324125,-0.55657941,-0.61979294,0
-1.1715138,-1.40079,4.9880037,0.74239486,-0.0080572963,0.66991401,0
-0.45626974,2.0296304,3.2701902,-0.55324125,0.55657941,0.61979294,0
-0.47367239,-5.1366768,-1.4989564,0.55324125,-0.55657941,-0.61979294,0
0.96463418,-0.36368895,2.7661147,0.74239486,-0.0080572963,0.66991401,0
4.1122742,0.13565826,-1.9663298,0.55324125,-0.55657941,-0.61979294,0
-0.97453451,-5.4258327,0.15935969,-0.3778542,-0.83075523,0.40874416,0
-1.4171801,3.2104056,1.4056861,-0.55324125,0.55657941,0.61979294,0
1.7616231,-2.7150164,-1.7911344,0.55324125,-0.55657941,-0.61979294,0
-0.29233122,-3.8186789,-2.5305424,0.55324125,-0.55657941,-0.61979294,0
-0.99061888,-3.2724271,4.6818061,-0.3778542,-0.83075523,0.40874416,0
-0.63447738,0.20524925,4.5301452,0.74239486,-0.0080572963,0.66991401,0
-3.8095088,-2.4182217,3.6292353,-0.3778542,-0.83075523,0.40874416,0
-1.3684845,-1.8805119,-2.1779225,-0.74239486,0.0080572963,-0.66991401,0
0.53371191,3.5755515,3.0312288,-0.55324125,0.55657941,0.61979294,0
-4.882021,-1.5390768,1.6056345,-0.74239486,0.0080572963,-0.66991401,0
3.2344072,-1.8577988,-0.94075048,0.55324125,-0.55657941,-0.61979294,0
1.4038978,-2.8525567,-1.7925653,0.55324125,-0.55657941,-0.61979294,0
-0.58662653,4.5557356,-3.0856321,-0.74239486,0.0080572963,-0.66991401,0
1.0843866,2.537272,2.4966388,0.74239486,-0.0080572963,0.66991401,0
1.8130774,3.92133,-2.6883068,0.3778542,0.83075523,-0.40874416,0
2.3288951,0.13589215,1.1802322,0.74239486,-0.0080572963,0.66991401,0
-0.53005749,2.047411,-2.9894791,-0.74239486,0.0080572963,-0.66991401,0
-1.4398341,5.7023311,-0.8403641,-0.55324125,0.55657941,0.61979294,0
-0.65359735,-5.627152,0.093155622,-0.3778542,-0.83075523,0.40874416,0
-3.1372573,-1.7174575,-0.36072779,-0.74239486,0.0080572963,-0.66991401,0
-1.4095578,-4.1776028,2.5652919,-0.3778542,-0.83075523,0.40874416,0
-1.0151005,4.5332685,0.79660356,-0.55324125,0.55657941,0.61979294,0
4.2229347,3.2841527,-1.7243838,0.3778542,0.83075523,-0.40874416,0
3.6424491,-1.6238754,-0.88576961,0.55324125,-0.55657941,-0.61979294,0
-1.7532282,-3.5485091,3.2016635,-0.3778542,-0.83075523,0.40874416,0
1.9668305,-2.5972185,-1.4106078,0.55324125,-0.55657941,-0.61979294,0
2.2615657,2.3310874,-5.207623,0.3778542,0.83075523,-0.40874416,0
0.30238724,4.5298858,1.7808692,-0.55324125,0.55657941,0.61979294,0
0.2976532,4.5916319,-2.4726729,0.3778542,0.83075523,-0.40874416,0
3.0320151,3.1821363,-3.0522482,0.3778542,0.83075523,-0.40874416,0
-2.9033279,-1.4176624,-0.53743792,-0.74239486,0.0080572963,-0.66991401,0
0.57437038,-5.0614996,2.2532549,-0.3778542,-0.83075523,0.40874416,0
-0.43712711,3.7821512,1.7087553,-0.55324125,0.55657941,0.61979294,0
2.9295714,3.2189598,-2.8584418,0.3778542,0.83075523,-0.40874416,0
1.0779583,-5.4002461,2.4770207,-0.3778542,-0.83075523,0.40874416,0
-2.2196486,1.9205576,2.0467713,-0.55324125,0.55657941,0.61979294,0
-0.91866314,-4.2769814,2.6577537,-0.3778542,-0.83075523,0.40874416,0
1.801978,3.2980273,-3.9147785,0.3778542,0.83075523,-0.40874416,0
3.0061462,-3.2525318,-0.0030842423,0.55324125,-0.55657941,-0.61979294,0
-2.5809648,4.1579919,-0.42877433,-0.55324125,0.55657941,0.61979294,0
-1.8724818,4.5074492,-1.6554437,-0.74239486,0.0080572963,-0.66991401,0
-0.23133516,-6.0562487,-0.52144051,0.55324125,-0.55657941,-0.61979294,0
-3.2921891,0.37309837,2.3323293,-0.55324125,0.55657941,0.61979294,0
0.81561422,5.631166,1.2970519,-0.55324125,0.55657941,0.61979294,0
2.7103014,-1.7595577,0.68249965,0.74239486,-0.0080572963,0.66991401,0
1.4487605,4.3726397,2.0958872,0.74239486,-0.0080572963,0.66991401,0
-2.3096988,1.4102366,-1.2573551,-0.74239486,0.0080572963,-0.66991401,0
-2.5789931,-2.3180656,-0.99659753,-0.74239486,0.0080572963,-0.66991401,0
-3.9141691,-3.7378862,0.70393372,-0.74239486,0.0080572963,-0.66991401,0
3.8928595,2.1161695,-4.1397748,0.55324125,-0.55657941,-0.61979294,0
-1.8656874,-4.2179847,1.8314414,-0.3778542,-0.83075523,0.40874416,0
-0.81709146,-5.8623152,-1.2637577,0.55324125,-0.55657941,-0.61979294,0
-2.7593451,4.1762161,-0.46251678,-0.55324125,0.55657941,0.61979294,0
-0.63490152,-3.0299513,-2.9524639,-0.74239486,0.0080572963,-0.66991401,0
-1.8555207,4.7587538,-0.31673956,-0.55324125,0.55657941,0.61979294,0
-0.25172877,5.0490837,-2.1087573,0.3778542,0.83075523,-0.40874416,0
3.581706,-1.2189555,-0.14167237,0.74239486,-0.0080572963,0.66991401,0
4.4177532,3.0904012,-2.0344949,0.3778542,0.83075523,-0.40874416,0
2.6211817,0.5420171,-3.791625,0.55324125,-0.55657941,-0.61979294,0
-1.1047497,4.7195859,0.37252998,-0.55324125,0.55657941,0.61979294,0
-1.9590297,5.7423058,-1.4834785,-0.74239486,0.0080572963,-0.66991401,0
2.2261457,-3.0997598,-0.81358027,0.55324125,-0.55657941,-0.61979294,0
-3.7871244,-3.8469701,0.66962528,-0.3778542,-0.83075523,0.40874416,0
-1.2079177,-5.4471722,0.21495152,-0.3778542,-0.83075523,0.40874416,0
0.63878632,5.6527967,-0.17953277,0.3778542,0.83075523,-0.40874416,0
0.51038027,2.153311,3.2046671,0.74239486,-0.0080572963,0.66991401,0
-1.2479731,-3.4052999,3.9846139,-0.3778542,-0.83075523,0.40874416,0
-1.3515038,-5.2161036,0.14445186,-0.3778542,-0.83075523,0.40874416,0
-0.2589736,4.3839726,1.5497433,-0.55324125,0.55657941,0.61979294,0
-2.2955554,-0.41918099,3.8183713,-0.55324125,0.55657941,0.61979294,0
-2.7348096,-4.0248957,-0.74763918,-0.74239486,0.0080572963,-0.66991401,0
0.87150884,-5.2701416,2.2938614,-0.3778542,-0.83075523,0.40874416,0
-3.1691639,0.68697238,2.2871528,-0.55324125,0.55657941,0.61979294,0
1.7482927,3.9364779,1.8291452,0.74239486,-0.0080572963,0.66991401,0
0.88669801,1.1256453,-4.5890832,-0.74239486,0.0080572963,-0.66991401,0
0.92932034,-3.4373231,-1.717737,0.55324125,-0.55657941,-0.61979294,0
3.2350109,-1.0067611,-1.7065474,0.55324125,-0.55657941,-0.61979294,0
-1.1750784,-1.5890288,-2.3117003,-0.74239486,0.0080572963,-0.66991401,0
-1.8073792,4.8192635,-0.43556035,-0.55324125,0.55657941,0.61979294,0
0.068244815,-1.8999377,3.6852615,0.74239486,-0.0080572963,0.66991401,0
0.050260067,1.5525832,3.695673,0.74239486,-0.0080572963,0.66991401,0
3.2069347,3.8080544,-1.5586162,0.3778542,0.83075523,-0.40874416,0
-3.7199895,-3.204905,2.4041793,-0.3778542,-0.83075523,0.40874416,0
0.89561892,-2.5319514,-2.5097685,0.55324125,-0.55657941,-0.61979294,0
-0.81020951,4.2579432,-2.8587265,-0.74239486,0.0080572963,-0.66991401,0
-0.19903135,0.16604161,-3.4700727,-0.74239486,0.0080572963,-0.66991401,0
2.0206194,4.9403334,-0.26807404,0.3778542,0.83075523,-0.40874416,0
0.29849434,-5.776896,0.60869694,-0.3778542,-0.83075523,0.40874416,0
-4.5402136,-1.7349231,1.267787,-0.74239486,0.0080572963,-0.66991401,0
-2.628906,-2.4034646,4.6868048,-0.3778542,-0.83075523,0.40874416,0
0.01520443,4.0201955,2.0521045,-0.55324125,0.55657941,0.61979294,0
2.8729305,-0.44315481,-2.6541266,0.55324125,-0.55657941,-0.61979294,0
0.57472503,4.5167217,-2.7312245,0.3778542,0.83075523,-0.40874416,0
1.0365551,3.4922748,-4.2030683,0.3778542,0.83075523,-0.40874416,0
2.9536433,0.51551843,0.57531667,0.74239486,-0.0080572963,0.66991401,0
-1.9671965,0.35645002,3.6640239,-0.55324125,0.55657941,0.61979294,0
-2.2695866,-5.4620652,-1.0897386,-0.3778542,-0.83075523,0.40874416,0
-4.7488804,-0.90250206,1.5120537,-0.74239486,0.0080572963,-0.66991401,0
-1.8178854,-2.5426526,-1.8693272,-0.74239486,0.0080572963,-0.66991401,0
-1.4228487,0.05316703,4.1768684,-0.55324125,0.55657941,0.61979294,0
0.49490309,4.8809462,1.6087912,-0.55324125,0.55657941,0.61979294,0
0.19984843,3.1367798,-3.799428,-0.74239486,0.0080572963,-0.66991401,0
-3.0923061,-1.7819099,-0.41342306,-0.74239486,0.0080572963,-0.66991401,0
-0.53593063,-2.0380237,-3.1050897,-0.74239486,0.0080572963,-0.66991401,0
-4.2268729,-2.2472622,3.646914,-0.3778542,-0.83075523,0.40874416,0
1.8879761,0.25542307,1.5830353,0.74239486,-0.0080572963,0.66991401,0
0.85317278,-4.9112654,-0.34757853,0.55324125,-0.55657941,-0.61979294,0
3.446095,-1.8881276,-0.20544708,0.74239486,-0.0080572963,0.66991401,0
0.38066673,5.9085922,0.23436689,0.3778542,0.83075523,-0.40874416,0
2.9779723,2.2731974,-4.7727947,0.3778542,0.83075523,-0.40874416,0
2.2571008,3.3790312,1.239109,0.74239486,-0.0080572963,0.66991401,0
2.9664192,-0.31637645,-2.7336087,0.55324125,-0.55657941,-0.61979294,0
-0.040340424,-5.9052744,0.097324371,-0.3778542,-0.83075523,0.40874416,0
0.11097598,0.91657341,-3.84865,-0.74239486,0.0080572963,-0.66991401,0
4.2126169,3.3187189,-1.807405,0.3778542,0.83075523,-0.40874416,0
-2.2316022,-2.8687325,-1.2792585,-0.74239486,0.0080572963,-0.66991401,0
-1.1917796,-4.3402576,-2.4590266,-0.74239486,0.0080572963,-0.66991401,0
-2.2931142,-2.612391,4.8789611,-0.3778542,-0.83075523,0.40874416,0
2.1248035,-5.0457458,0.80249465,0.55324125,-0.55657941,-0.61979294,0
2.8720968,-3.0551987,0.62342644,0.74239486,-0.0080572963,0.66991401,0
-0.15987635,0.073830307,3.8325205,0.74239486,-0.0080572963,0.66991401,0
2.93081,4.3062439,-0.69949055,0.3778542,0.83075523,-0.40874416,0
3.2625308,-2.2955117,-0.79964644,0.55324125,-0.55657941,-0.61979294,0
-1.3454723,-4.3774118,1.9097598,-0.3778542,-0.83075523,0.40874416,0
2.4002681,3.0534,1.1325781,0.74239486,-0.0080572963,0.66991401,0
3.8919239,3.1314847,-2.0515788,0.3778542,0.83075523,-0.40874416,0
0.5441103,5.6270771,-0.48243976,0.3778542,0.83075523,-0.40874416,0
-1.281177,4.0428491,0.76588255,-0.55324125,0.55657941,0.61979294,0
0.88413328,-2.6413436,2.8406856,0.74239486,-0.0080572963,0.66991401,0
3.5059342,-1.0256846,-0.26317811,0.74239486,-0.0080572963,0.66991401,0
1.9677408,1.2755941,-4.9406509,0.55324125,-0.55657941,-0.61979294,0
-2.6274028,-4.5564175,0.52550602,-0.3778542,-0.83075523,0.40874416,0
5.4554186,2.2138295,-2.5696878,0.3778542,0.83075523,-0.40874416,0
-1.629159,4.4711657,0.26083553,-0.55324125,0.55657941,0.61979294,0
1.202878,5.1049852,-0.86623502,0.3778542,0.83075523,-0.40874416,0
2.8450689,4.5596757,-0.23900986,0.3778542,0.83075523,-0.40874416,0
4.7692957,2.7718744,-2.1996408,0.3778542,0.83075523,-0.40874416,0
1.0911961,0.79450834,2.5912137,0.74239486,-0.0080572963,0.66991401,0
3.3840997,-0.97116923,-1.8529043,0.55324125,-0.55657941,-0.61979294,0
0.555758,-1.8940688,3.0794237,0.74239486,-0.0080572963,0.66991401,0
-0.9215641,3.0673158,2.0036321,-0.55324125,0.55657941,0.61979294,0
-2.3485332,-5.1769996,-0.57289982,-0.3778542,-0.83075523,0.40874416,0
-2.2782707,-5.4837103,-1.1236176,-0.3778542,-0.83075523,0.40874416,0
2.1185031,-0.91193295,1.348004,0.74239486,-0.0080572963,0.66991401,0
4.8833327,1.0698676,-2.1129618,0.55324125,-0.55657941,-0.61979294,0
0.98810244,5.5321965,1.4096506,-0.55324125,0.55657941,0.61979294,0
-2.1929991,-1.1357367,-1.3292983,-0.74239486,0.0080572963,-0.66991401,0
2.4594326,-3.4256487,1.0614485,0.74239486,-0.0080572963,0.66991401,0
-3.5465057,1.7848251,0.96740901,-0.55324125,0.55657941,0.61979294,0
4.2416334,0.60643816,-2.4111366,0.55324125,-0.55657941,-0.61979294,0
-2.6283247,2.933116,0.579189,-0.55324125,0.55657941,0.61979294,0
2.265733,-0.38196814,-3.3670263,0.55324125,-0.55657941,-0.61979294,0
1.1280079,-5.7407446,0.53526306,0.55324125,-0.55657941,-0.61979294,0
3.9694722,1.7519751,-3.7615247,0.55324125,-0.55657941,-0.61979294,0
2.5244887,-0.37657082,-3.0385852,0.55324125,-0.55657941,-0.61979294,0
0.22648764,4.0660028,2.0761631,-0.55324125,0.55657941,0.61979294,0
2.9727359,-3.6012437,0.16484126,0.55324125,-0.55657941,-0.61979294,0
0.44372797,3.7640977,2.5266981,-0.55324125,0.55657941,0.61979294,0
-2.8248241,-3.8520851,-0.67804837,-0.74239486,0.0080572963,-0.66991401,0
-4.2975163,-2.3769593,3.5239458,-0.3778542,-0.83075523,0.40874416,0
-2.3703954,-5.057168,-0.32625914,-0.3778542,-0.83075523,0.40874416,0
-0.71396244,0.54672396,-2.9675813,-0.74239486,0.0080572963,-0.66991401,0
-3.6708269,0.078145504,2.2852077,-0.55324125,0.55657941,0.61979294,0
2.7692409,-3.9745502,0.50305593,0.55324125,-0.55657941,-0.61979294,0
-1.8996899,3.5106409,0.83457142,-0.55324125,0.55657941,0.61979294,0
-0.38467854,-4.1534691,3.4153819,-0.3778542,-0.83075523,0.40874416,0
-2.6113517,-0.5449847,3.9259248,-0.55324125,0.55657941,0.61979294,0
2.4488673,4.8425961,0.093681335,0.3778542,0.83075523,-0.40874416,0
-2.2406216,-1.9727242,5.3761277,-0.55324125,0.55657941,0.61979294,0
-1.2604229,-2.3371916,5.1034446,0.74239486,-0.0080572963,0.66991401,0
-4.4218388,-1.640646,1.0014119,-0.74239486,0.0080572963,-0.66991401,0
3.4044559,4.1170144,-0.65798759,0.3778542,0.83075523,-0.40874416,0
1.0487175,5.6872492,0.29130507,0.3778542,0.83075523,-0.40874416,0
-3.0912633,-3.1945171,2.8882742,-0.3778542,-0.83075523,0.40874416,0
-2.8736966,2.8440804,0.65701216,-0.55324125,0.55657941,0.61979294,0
0.53765488,-3.4894118,-2.1729591,0.55324125,-0.55657941,-0.61979294,0
1.2202539,-6.067945,1.0580359,-0.3778542,-0.83075523,0.40874416,0
0.97643614,-1.491877,-3.3233914,0.55324125,-0.55657941,-0.61979294,0
3.4401314,0.61332178,-0.19870734,0.74239486,-0.0080572963,0.66991401,0
-2.3824015,3.6186802,-1.127833,-0.74239486,0.0080572963,-0.66991401,0
-4.856987,-0.59408188,1.8076608,-0.55324125,0.55657941,0.61979294,0
-3.0807729,-2.7801931,3.7949443,-0.3778542,-0.83075523,0.40874416,0
3.0970197,-1.4032946,-1.7043698,0.55324125,-0.55657941,-0.61979294,0
3.1440628,2.245542,0.30773926,0.74239486,-0.0080572963,0.66991401,0
-1.3653297,-2.928185,5.1506338,-0.3778542,-0.83075523,0.40874416,0
1.3880856,3.566535,-3.5400701,0.3778542,0.83075523,-0.40874416,0
-3.6798642,-2.988869,2.7348049,-0.3778542,-0.83075523,0.40874416,0
-0.22386551,5.3766441,-1.3322275,0.3778542,0.83075523,-0.40874416,0
-2.7539237,-2.6562133,4.3976169,-0.3778542,-0.83075523,0.40874416,0
1.4986296,-2.2285442,-2.1637511,0.55324125,-0.55657941,-0.61979294,0
-1.1028724,-1.191506,-2.3751013,-0.74239486,0.0080572963,-0.66991401,0
4.8737383,1.5455983,-2.8450549,0.55324125,-0.55657941,-0.61979294,0
-1.3425198,-5.6186581,-1.8976133,0.55324125,-0.55657941,-0.61979294,0
-2.2455721,-1.3537344,4.82551,-0.55324125,0.55657941,0.61979294,0
0.23073006,1.8129759,3.38796,0.74239486,-0.0080572963,0.66991401,0
3.0400858,3.4587007,0.53419971,0.74239486,-0.0080572963,0.66991401,0
3.2633724,-0.00695467,-2.6390853,0.55324125,-0.55657941,-0.61979294,0
-1.0671566,5.5109587,-2.0061402,0.3778542,0.83075523,-0.40874416,0
2.6643512,-3.1801362,0.7423985,0.74239486,-0.0080572963,0.66991401,0
1.1925354,4.5741196,-1.8551052,0.3778542,0.83075523,-0.40874416,0
1.178864,5.7669516,1.3735442,-0.55324125,0.55657941,0.61979294,0
-0.89753246,2.0419593,2.9967091,-0.55324125,0.55657941,0.61979294,0
-0.45506382,5.7143445,-0.92887735,0.3778542,0.83075523,-0.40874416,0
-3.234901,-0.68003225,3.4138355,-0.55324125,0.55657941,0.61979294,0
-1.0860972,5.5502033,-2.0929184,0.3778542,0.83075523,-0.40874416,0
1.0368969,2.2426944,2.5006013,0.74239486,-0.0080572963,0.66991401,0
1.0578918,-5.8645129,1.1487176,-0.3778542,-0.83075523,0.40874416,0
1.521317,4.8627563,2.141598,0.74239486,-0.0080572963,0.66991401,0
-0.81866455,2.9259753,2.1488373,-0.55324125,0.55657941,0.61979294,0
-0.7016201,2.4898853,2.7261012,-0.55324125,0.55657941,0.61979294,0
3.1246238,4.2298927,-0.97965908,0.3778542,0.83075523,-0.40874416,0
4.100071,3.5553241,-1.1902471,0.3778542,0.83075523,-0.40874416,0
3.1166754,2.766331,-3.5410299,0.3778542,0.83075523,-0.40874416,0
1.4093304,0.58925694,-4.9003687,0.55324125,-0.55657941,-0.61979294,0
-1.1153265,0.23772979,-2.5516222,-0.74239486,0.0080572963,-0.66991401,0
0.92237163,2.574214,-4.6159344,-0.74239486,0.0080572963,-0.66991401,0
-3.0192792,-2.3733702,4.6838665,-0.3778542,-0.83075523,0.40874416,0
-1.8344176,-3.635705,-1.7571132,-0.74239486,0.0080572963,-0.66991401,0
1.4717987,-1.2137568,-3.298717,0.55324125,-0.55657941,-0.61979294,0
-2.6940131,-2.5227242,-0.63857722,-0.74239486,0.0080572963,-0.66991401,0
-4.4734163,-2.3768206,3.4417081,-0.3778542,-0.83075523,0.40874416,0
-1.8883913,-5.4363222,-0.40640974,-0.3778542,-0.83075523,0.40874416,0
1.605952,2.2836306,-5.4311156,-0.74239486,0.0080572963,-0.66991401,0
2.8713267,-0.38811576,-2.8707891,0.55324125,-0.55657941,-0.61979294,0
0.86408639,-5.0501413,2.5575633,-0.3778542,-0.83075523,0.40874416,0
3.253,1.9394753,-4.4938703,0.55324125,-0.55657941,-0.61979294,0
-1.4390321,3.778327,0.86072731,-0.55324125,0.55657941,0.61979294,0
-3.5614369,-0.72793317,0.078017473,-0.74239486,0.0080572963,-0.66991401,0
-2.2629066,2.2279191,1.751105,-0.55324125,0.55657941,0.61979294,0
-0.62739229,-1.4335697,-3.035892,-0.74239486,0.0080572963,-0.66991401,0
-0.15948486,3.4575181,2.4392943,-0.55324125,0.55657941,0.61979294,0
-2.2277837,5.463892,-1.0884664,-0.55324125,0.55657941,0.61979294,0
4.5189934,2.7927883,-2.5645998,0.3778542,0.83075523,-0.40874416,0
0.13494349,5.1198993,-1.7523348,0.3778542,0.83075523,-0.40874416,0
3.2357461,2.6699305,-4.057847,0.3778542,0.83075523,-0.40874416,0
4.1202779,1.2108822,-0.91202331,0.74239486,-0.0080572963,0.66991401,0
0.47834992,4.3306179,-3.2195623,0.3778542,0.83075523,-0.40874416,0
4.4802575,0.83685899,-2.3009846,0.55324125,-0.55657941,-0.61979294,0
-1.5248628,5.6677079,-0.75738394,-0.55324125,0.55657941,0.61979294,0
-3.8104162,-1.1671405,0.52069187,-0.74239486,0.0080572963,-0.66991401,0
1.160718,4.7483935,-1.5743017,0.3778542,0.83075523,-0.40874416,0
1.0503416,-3.994782,2.5231276,0.74239486,-0.0080572963,0.66991401,0
-0.65552759,-5.5958557,0.028669596,-0.3778542,-0.83075523,0.40874416,0
-0.65892363,-5.0695019,-1.8080521,0.55324125,-0.55657941,-0.61979294,0
2.6513886,4.1925454,-1.1914413,0.3778542,0.83075523,-0.40874416,0
1.8057981,2.7012801,1.7528807,0.74239486,-0.0080572963,0.66991401,0
1.6798444,-4.7417102,0.18667924,0.55324125,-0.55657941,-0.61979294,0
-0.87395,-4.8228545,1.5443437,-0.3778542,-0.83075523,0.40874416,0
4.6002402,1.1798954,-1.2700074,0.74239486,-0.0080572963,0.66991401,0
5.033751,0.8621192,-1.8525267,0.74239486,-0.0080572963,0.66991401,0
-0.056574821,5.9510059,0.21476865,-0.55324125,0.55657941,0.61979294,0
-3.9949405,-0.15673494,2.3006935,-0.55324125,0.55657941,0.61979294,0
-3.7783632,-2.0184822,0.45929122,-0.74239486,0.0080572963,-0.66991401,0
1.3636447,2.8951755,-5.2268686,0.3778542,0.83075523,-0.40874416,0
-2.7542875,4.2580805,-0.52631068,-0.55324125,0.55657941,0.61979294,0
2.6717739,0.14743924,-3.5104864,0.55324125,-0.55657941,-0.61979294,0
-5.020287,-2.0143375,2.9581084,-0.55324125,0.55657941,0.61979294,0
-1.3009,4.6590147,0.39108539,-0.55324125,0.55657941,0.61979294,0
2.8121035,-4.0837469,0.57625127,0.55324125,-0.55657941,-0.61979294,0
1.0237875,-2.3699992,-2.740097,0.55324125,-0.55657941,-0.61979294,0
0.98023629,4.7841377,-1.6011293,0.3778542,0.83075523,-0.40874416,0
2.4291027,-0.76345301,-2.8639836,0.55324125,-0.55657941,-0.61979294,0
-0.13257599,5.7490702,-0.54156017,0.3778542,0.83075523,-0.40874416,0
-2.3486652,-3.0279779,-1.307951,-0.74239486,0.0080572963,-0.66991401,0
0.43110681,1.1123139,3.1432128,0.74239486,-0.0080572963,0.66991401,0
-4.0095263,-0.054140568,2.274106,-0.55324125,0.55657941,0.61979294,0
0.87749815,5.670598,1.4469426,-0.55324125,0.55657941,0.61979294,0
1.3328347,-5.5095553,0.44650459,0.55324125,-0.55657941,-0.61979294,0
-4.490581,-1.7325964,3.3262126,-0.55324125,0.55657941,0.61979294,0
-4.2936344,-2.6838183,2.8917227,-0.3778542,-0.83075523,0.40874416,0
1.2064717,1.3100003,2.3459499,0.74239486,-0.0080572963,0.66991401,0
2.9728253,-2.1416848,-1.0044483,0.55324125,-0.55657941,-0.61979294,0
-2.0608437,-2.908515,4.3805881,-0.3778542,-0.83075523,0.40874416,0
0.14583445,4.7422137,1.4190969,-0.55324125,0.55657941,0.61979294,0
-2.0400195,-2.3890615,5.4361038,-0.3778542,-0.83075523,0.40874416,0
-0.60809451,3.3155231,-3.0497971,-0.74239486,0.0080572963,-0.66991401,0
4.5093355,3.2488909,-1.6634297,0.3778542,0.83075523,-0.40874416,0
-3.9181299,-2.6350403,0.63414621,-0.74239486,0.0080572963,-0.66991401,0
-1.7402862,1.1953993,-1.8651066,-0.74239486,0.0080572963,-0.66991401,0
-3.5611918,1.5879064,1.1711576,-0.55324125,0.55657941,0.61979294,0
-0.047798634,0.92046559,-3.5901296,-0.74239486,0.0080572963,-0.66991401,0
3.2654405,1.2333344,-3.911902,0.55324125,-0.55657941,-0.61979294,0
2.3466849,-3.9221525,-0.10647964,0.55324125,-0.55657941,-0.61979294,0
-2.9361935,-3.479084,2.3859105,-0.3778542,-0.83075523,0.40874416,0
0.52655768,0.58438575,-4.4571891,-0.74239486,0.0080572963,-0.66991401,0
-0.077385068,1.4727132,-3.6847408,-0.74239486,0.0080572963,-0.66991401,0
-1.6789312,6.04039,-1.1481171,-0.55324125,0.55657941,0.61979294,0
-2.4076307,-0.22022295,-1.1640837,-0.74239486,0.0080572963,-0.66991401,0
3.3994064,-1.3301053,-1.4554572,0.55324125,-0.55657941,-0.61979294,0
-2.0230219,-5.1462846,0.049258232,-0.3778542,-0.83075523,0.40874416,0
2.5777359,1.4318516,-4.7291803,0.55324125,-0.55657941,-0.61979294,0
1.472589,-3.6468384,-0.99765569,0.55324125,-0.55657941,-0.61979294,0
-0.94054961,-0.48149765,-2.8417578,-0.74239486,0.0080572963,-0.66991401,0
1.0662453,5.2041368,-0.73455811,0.3778542,0.83075523,-0.40874416,0
-3.8845065,1.005029,1.2146939,-0.55324125,0.55657941,0.61979294,0
-3.068325,1.6574101,-0.18189847,-0.74239486,0.0080572963,-0.66991401,0
-2.9851179,1.5982875,1.5997589,-0.55324125,0.55657941,0.61979294,0
-0.29583991,3.055656,-3.2536054,-0.74239486,0.0080572963,-0.66991401,0
-3.2812505,-4.0059838,0.82176208,-0.3778542,-0.83075523,0.40874416,0
-4.6572199,-2.2475486,1.5148835,-0.74239486,0.0080572963,-0.66991401,0
2.19835,3.1135085,-3.7500322,0.3778542,0.83075523,-0.40874416,0
-1.3577446,-4.662426,1.6995318,-0.3778542,-0.83075523,0.40874416,0
1.7890275,1.2706118,1.7240527,0.74239486,-0.0080572963,0.66991401,0
-1.8449345,5.9778099,-1.332707,-0.55324125,0.55657941,0.61979294,0
-2.0663543,-2.6415908,4.8414917,-0.3778542,-0.83075523,0.40874416,0
-0.3504796,-5.7411165,0.44490886,-0.3778542,-0.83075523,0.40874416,0
3.8695505,2.8842826,-2.867352,0.3778542,0.83075523,-0.40874416,0
-2.915102,-1.8698491,4.7512293,-0.55324125,0.55657941,0.61979294,0
-2.3845944,0.086946964,-1.006424,-0.74239486,0.0080572963,-0.66991401,0
1.889637,0.85483807,-4.6946955,0.55324125,-0.55657941,-0.61979294,0
-4.4942484,-1.4618914,2.9074671,-0.55324125,0.55657941,0.61979294,0
2.6226685,0.60689116,-3.8203864,0.55324125,-0.55657941,-0.61979294,0
4.3635287,2.5986366,-3.0885286,0.3778542,0.83075523,-0.40874416,0
-0.20826125,-1.3516289,3.8317618,0.74239486,-0.0080572963,0.66991401,0
1.180757,-4.7957611,-0.2929951,0.55324125,-0.55657941,-0.61979294,0
-1.2005267,5.9470019,-0.86312318,-0.55324125,0.55657941,0.61979294,0
2.2853754,0.52704763,1.3317497,0.74239486,-0.0080572963,0.66991401,0
4.0698709,-1.0008922,-1.0705483,0.55324125,-0.55657941,-0.61979294,0
1.0214459,3.814348,-3.4376678,0.3778542,0.83075523,-0.40874416,0
2.6595066,1.7995839,-4.9228244,0.55324125,-0.55657941,-0.61979294,0
-3.1928263,-2.3794603,-0.29056263,-0.74239486,0.0080572963,-0.66991401,0
0.42218113,-1.6349806,-3.6729026,0.55324125,-0.55657941,-0.61979294,0
-2.8639867,0.25372267,-0.50637639,-0.74239486,0.0080572963,-0.66991401,0
1.7779307,-5.30791,0.70146763,0.55324125,-0.55657941,-0.61979294,0
0.44362116,4.9153681,1.5399704,-0.55324125,0.55657941,0.61979294,0
-2.6086388,-5.1191196,-0.50546694,-0.3778542,-0.83075523,0.40874416,0
1.9248935,-1.2848707,1.645138,0.74239486,-0.0080572963,0.66991401,0
1.3973566,-1.000688,2.2839775,0.74239486,-0.0080572963,0.66991401,0
2.2944641,5.274425,0.73582172,0.3778542,0.83075523,-0.40874416,0
-3.6719747,-2.1542192,4.2928743,-0.55324125,0.55657941,0.61979294,0
-1.0762568,-5.1549873,-1.8840258,0.55324125,-0.55657941,-0.61979294,0
-2.1268902,4.4147501,-0.36282974,-0.55324125,0.55657941,0.61979294,0
0.50692177,6.152225,0.5991888,-0.55324125,0.55657941,0.61979294,0
-1.4098682,-5.3050685,-2.1073408,0.55324125,-0.55657941,-0.61979294,0
-1.4943626,-5.0880857,0.42713189,-0.3778542,-0.83075523,0.40874416,0
-1.1654931,-3.7321527,3.3785515,-0.3778542,-0.83075523,0.40874416,0
-5.0814738,-2.0170598,3.0403864,-0.55324125,0.55657941,0.61979294,0
-3.7350795,-0.036653042,0.43369412,-0.74239486,0.0080572963,-0.66991401,0
-3.7049754,-2.4511344,3.8079765,-0.3778542,-0.83075523,0.40874416,0
-4.2032766,-0.22215939,0.99309754,-0.74239486,0.0080572963,-0.66991401,0
4.7285094,2.0374892,-3.1646605,0.55324125,-0.55657941,-0.61979294,0
-1.9425941,4.3046079,0.16995794,-0.55324125,0.55657941,0.61979294,0
-5.4176483,-1.6152616,2.37866,-0.55324125,0.55657941,0.61979294,0
-2.415627,-2.8793247,4.3096309,-0.3778542,-0.83075523,0.40874416,0
-3.8639612,-0.0051264763,2.0889149,-0.55324125,0.55657941,0.61979294,0
-1.3784032,4.0675821,0.80034423,-0.55324125,0.55657941,0.61979294,0
0.42579937,-5.0834188,2.4170489,-0.3778542,-0.83075523,0.40874416,0
1.6255145,-3.9019325,-0.76026988,0.55324125,-0.55657941,-0.61979294,0
-4.0875716,-2.7266994,0.72829914,-0.74239486,0.0080572963,-0.66991401,0
1.9543009,-5.6792626,1.1970953,0.55324125,-0.55657941,-0.61979294,0
0.38917184,5.3923597,-1.1571701,0.3778542,0.83075523,-0.40874416,0
-0.79886675,3.7125573,1.5118444,-0.55324125,0.55657941,0.61979294,0
-1.1014018,-4.3851714,-2.5040536,-0.74239486,0.0080572963,-0.66991401,0
-0.60897493,5.9210396,-0.84804368,0.3778542,0.83075523,-0.40874416,0
-1.8355312,1.5516696,-1.565444,-0.74239486,0.0080572963,-0.66991401,0
-1.8271252,1.6012462,-1.6533241,-0.74239486,0.0080572963,-0.66991401,0
3.0889826,0.6803112,-3.4291661,0.55324125,-0.55657941,-0.61979294,0
-4.0087748,-0.84895301,2.9866283,-0.55324125,0.55657941,0.61979294,0
4.4120278,1.4158032,-2.9086847,0.55324125,-0.55657941,-0.61979294,0
-3.378628,-2.9859309,3.1340256,-0.3778542,-0.83075523,0.40874416,0
2.6403542,1.2836316,0.7031424,0.74239486,-0.0080572963,0.66991401,0
3.7226906,3.3972552,-1.6829948,0.3778542,0.83075523,-0.40874416,0
-1.1866934,-1.8627084,-2.3511949,-0.74239486,0.0080572963,-0.66991401,0
0.091820478,-5.2015085,1.5931847,-0.3778542,-0.83075523,0.40874416,0
-1.9621568,-2.2266302,5.905508,0.74239486,-0.0080572963,0.66991401,0
-0.11749649,-4.5837131,3.0460272,-0.3778542,-0.83075523,0.40874416,0
1.2243366,-0.39439756,-4.1477232,0.55324125,-0.55657941,-0.61979294,0
2.1892271,-1.5778934,1.3399096,0.74239486,-0.0080572963,0.66991401,0
-0.072954178,-4.3915958,3.4742203,-0.3778542,-0.83075523,0.40874416,0
-5.1396322,-2.625108,2.0903711,-0.3778542,-0.83075523,0.40874416,0
2.3989489,2.4929268,-4.9199119,0.3778542,0.83075523,-0.40874416,0
-1.100585,2.4081721,2.5602961,-0.55324125,0.55657941,0.61979294,0
-3.8769484,-1.8151882,3.8652244,-0.55324125,0.55657941,0.61979294,0
-0.66429663,-3.9725423,-2.6777716,0.55324125,-0.55657941,-0.61979294,0
0.37127542,-5.9104671,0.78476381,-0.3778542,-0.83075523,0.40874416,0
1.6528563,5.7861714,1.9642544,-0.55324125,0.55657941,0.61979294,0
-1.5881224,-3.1575723,4.1719203,-0.3778542,-0.83075523,0.40874416,0
1.3365853,-1.6990336,2.3418202,0.74239486,-0.0080572963,0.66991401,0
-1.6750196,-3.9272807,2.8475389,-0.3778542,-0.83075523,0.40874416,0
-3.3794253,-3.0084748,-0.16185784,-0.74239486,0.0080572963,-0.66991401,0
0.29117513,0.26984906,3.44029,0.74239486,-0.0080572963,0.66991401,0
0.88921297,4.4877005,-2.4663944,0.3778542,0.83075523,-0.40874416,0
1.5820459,3.9623432,-2.5996029,0.3778542,0.83075523,-0.40874416,0
3.9056377,0.15116453,-0.56066322,0.74239486,-0.0080572963,0.66991401,0
2.0462842,-5.4614859,1.0284549,0.55324125,-0.55657941,-0.61979294,0
-0.5539093,-5.9318695,-0.54517722,-0.3778542,-0.83075523,0.40874416,0
-3.9138393,-2.8277712,3.0403466,-0.3778542,-0.83075523,0.40874416,0
0.28292704,3.5390184,2.8714118,-0.55324125,0.55657941,0.61979294,0
4.4754601,2.9353254,-2.1306596,0.3778542,0.83075523,-0.40874416,0
-1.4338514,-1.2380848,-2.2033899,-0.74239486,0.0080572963,-0.66991401,0
0.99181998,-1.021157,2.7426052,0.74239486,-0.0080572963,0.66991401,0
1.3788488,0.12087846,2.1162357,0.74239486,-0.0080572963,0.66991401,0
3.3324094,-1.1688542,0.14013982,0.74239486,-0.0080572963,0.66991401,0
0.18615198,5.4362249,-1.0257292,0.3778542,0.83075523,-0.40874416,0
1.7204942,3.2323213,-4.0974669,0.3778542,0.83075523,-0.40874416,0
-1.0019572,5.0242624,-2.5960598,-0.74239486,0.0080572963,-0.66991401,0
-2.7217336,-1.4561126,-0.6234839,-0.74239486,0.0080572963,-0.66991401,0
1.1574893,-3.2268009,-1.796361,0.55324125,-0.55657941,-0.61979294,0
-0.44958591,1.2749341,4.0222921,-0.55324125,0.55657941,0.61979294,0
2.6990209,-2.737597,0.8510778,0.74239486,-0.0080572963,0.66991401,0
-0.13191044,4.3268871,-3.508379,0.3778542,0.83075523,-0.40874416,0
3.0752077,0.99418998,-3.6960034,0.55324125,-0.55657941,-0.61979294,0
-0.11876249,4.8703814,-2.6044481,0.3778542,0.83075523,-0.40874416,0
2.8437226,4.417171,-0.86132288,0.3778542,0.83075523,-0.40874416,0
3.086195,4.3360639,-0.72179699,0.3778542,0.83075523,-0.40874416,0
2.9152734,-3.7103915,0.3155781,0.55324125,-0.55657941,-0.61979294,0
1.5609531,-5.6284404,0.75183427,0.55324125,-0.55657941,-0.61979294,0
3.0365398,3.197252,-2.9900639,0.3778542,0.83075523,-0.40874416,0
-1.2835135,5.7520437,-1.6104385,0.3778542,0.83075523,-0.40874416,0
1.2521472,3.3041375,2.4546335,0.74239486,-0.0080572963,0.66991401,0
0.88298893,5.6230798,-0.028552294,0.3778542,0.83075523,-0.40874416,0
-2.7097571,-3.6126592,2.3869076,-0.3778542,-0.83075523,0.40874416,0
-3.3574951,-0.22225618,2.8667083,-0.55324125,0.55657941,0.61979294,0
-4.3842258,-0.89819431,2.6538994,-0.55324125,0.55657941,0.61979294,0
0.18534231,-5.539875,-0.38575768,0.55324125,-0.55657941,-0.61979294,0
-1.3635352,-3.124439,4.6313767,-0.3778542,-0.83075523,0.40874416,0
4.9712229,0.88725328,-1.9811141,0.55324125,-0.55657941,-0.61979294,0
1.1100812,-4.3653364,-0.62776244,0.55324125,-0.55657941,-0.61979294,0
-4.1018767,-2.6545708,2.9668653,-0.3778542,-0.83075523,0.40874416,0
1.3188314,-4.855094,-0.065607905,0.55324125,-0.55657941,-0.61979294,0
-0.26652423,2.4300835,-3.263463,-0.74239486,0.0080572963,-0.66991401,0
2.1758966,2.4359539,-5.4121699,0.3778542,0.83075523,-0.40874416,0
-3.0383902,-0.068955421,-0.37619901,-0.74239486,0.0080572963,-0.66991401,0
2.8283427,-0.049725771,0.45714557,0.74239486,-0.0080572963,0.66991401,0
1.4289403,4.7394485,-1.2021065,0.3778542,0.83075523,-0.40874416,0
4.9356031,1.7189822,-2.6526337,0.55324125,-0.55657941,-0.61979294,0
-0.46645927,5.0103464,0.78831446,-0.55324125,0.55657941,0.61979294,0
0.72451806,1.6619902,2.9845309,0.74239486,-0.0080572963,0.66991401,0
1.3881721,-0.28558487,-4.1628327,0.55324125,-0.55657941,-0.61979294,0
-3.4524295,-1.6749529,3.9327826,-0.55324125,0.55657941,0.61979294,0
2.1684794,-0.88785082,-2.8160405,0.55324125,-0.55657941,-0.61979294,0
1.3529797,3.1909704,-4.7374277,0.3778542,0.83075523,-0.40874416,0
-0.41908169,-4.8028307,-1.8000633,0.55324125,-0.55657941,-0.61979294,0
4.1994419,1.7837744,-3.4992635,0.55324125,-0.55657941,-0.61979294,0
-1.569622,-0.35976768,-1.9935173,-0.74239486,0.0080572963,-0.66991401,0
1.6579621,3.0945714,-4.486402,0.3778542,0.83075523,-0.40874416,0
-3.9174476,-2.4952955,3.5411294,-0.3778542,-0.83075523,0.40874416,0
-2.0587656,3.5477467,0.63505042,-0.55324125,0.55657941,0.61979294,0
1.6129837,-5.601222,0.92680037,0.55324125,-0.55657941,-0.61979294,0
3.6102371,2.4601247,-0.12466455,0.74239486,-0.0080572963,0.66991401,0
2.2102036,2.4104333,-5.0994434,0.3778542,0.83075523,-0.40874416,0
1.9777455,-4.0015311,1.3932501,0.74239486,-0.0080572963,0.66991401,0
