-0.069000721,1.9662541,-3.4757867,-0.39962843,0.11485407,-0.90945351,0
2.3454599,-1.4929128,-2.4330568,0.23879623,-0.94482172,-0.22425154,0
0.1331799,-2.8868241,1.5665032,0.23879623,-0.94482172,-0.22425154,0
-1.0962961,-3.2206957,0.90847754,0.23879623,-0.94482172,-0.22425154,0
1.953022,1.6183552,3.2069049,0.39962843,-0.11485407,0.90945351,0
-2.413089,-1.4596961,-2.8964992,-0.39962843,0.11485407,-0.90945351,0
-1.5275601,1.3032939,4.1990681,-0.23879623,0.94482172,0.22425154,0
2.0394118,0.064205647,-3.0833158,0.88502765,0.30679137,-0.35015079,0
-3.0974438,-2.7181988,-1.895849,-0.88502765,-0.30679137,0.35015079,0
2.4059799,0.74281651,2.8303249,0.39962843,-0.11485407,0.90945351,0
-3.4915721,2.2310774,-1.8702364,-0.23879623,0.94482172,0.22425154,0
-1.319315,-3.2289071,2.4752798,-0.88502765,-0.30679137,0.35015079,0
4.0618086,-1.6584954,0.60673678,0.23879623,-0.94482172,-0.22425154,0
-2.9002221,-0.65306687,0.81408238,-0.88502765,-0.30679137,0.35015079,0
2.8276017,-0.78307343,-2.3170464,0.88502765,0.30679137,-0.35015079,0
-2.3963499,-0.83067709,1.7215226,-0.88502765,-0.30679137,0.35015079,0
3.3233492,2.9256628,2.2459044,-0.23879623,0.94482172,0.22425154,0
-2.4509578,-1.2310624,-2.869071,-0.39962843,0.11485407,-0.90945351,0
-3.032172,1.3034339,-2.3038473,-0.39962843,0.11485407,-0.90945351,0
2.5171812,-0.52809381,2.5681951,0.39962843,-0.11485407,0.90945351,0
2.9207344,-0.56154752,-1.41231,0.88502765,0.30679137,-0.35015079,0
1.2486726,-2.700748,1.4302962,0.23879623,-0.94482172,-0.22425154,0
-2.9924755,-2.5941942,-1.3339536,-0.88502765,-0.30679137,0.35015079,0
0.61243236,1.3543987,3.7769349,0.39962843,-0.11485407,0.90945351,0
-1.1874747,-2.5378585,3.4480977,-0.88502765,-0.30679137,0.35015079,0
0.32471147,0.83623278,3.7885518,0.39962843,-0.11485407,0.90945351,0
-1.4389486,-1.6127889,3.6789727,-0.88502765,-0.30679137,0.35015079,0
0.71271181,1.3754377,-4.0048738,-0.39962843,0.11485407,-0.90945351,0
-1.1650717,-2.0387554,4.0391388,-0.88502765,-0.30679137,0.35015079,0
1.8741965,3.0107162,-1.2492929,0.88502765,0.30679137,-0.35015079,0
0.3454124,-2.1827779,-1.6965407,0.23879623,-0.94482172,-0.22425154,0
0.11228836,-2.5316155,-0.26239845,0.23879623,-0.94482172,-0.22425154,0
-2.3518038,2.6300218,-2.0088108,-0.23879623,0.94482172,0.22425154,0
-0.5151118,0.62605572,4.0787582,0.39962843,-0.11485407,0.90945351,0
1.9274969,-1.438436,-3.0406318,0.23879623,-0.94482172,-0.22425154,0
-3.2315085,0.28002715,0.76192921,-0.88502765,-0.30679137,0.35015079,0
0.75228393,-2.62586,0.42705271,0.23879623,-0.94482172,-0.22425154,0
-1.9714978,-1.8309504,1.7863746,-0.88502765,-0.30679137,0.35015079,0
-2.3534932,0.43236887,-2.8542194,-0.39962843,0.11485407,-0.90945351,0
0.2569173,0.89176762,3.8880787,0.39962843,-0.11485407,0.90945351,0
-1.1712646,-2.3720024,3.6155832,-0.88502765,-0.30679137,0.35015079,0
-2.5135553,0.99417925,3.0029821,-0.88502765,-0.30679137,0.35015079,0
-0.64620483,2.1929083,-3.3654487,-0.39962843,0.11485407,-0.90945351,0
3.5497403,-1.0420957,2.0765965,0.39962843,-0.11485407,0.90945351,0
1.2619579,-0.08728385,-4.4938211,-0.39962843,0.11485407,-0.90945351,0
1.6757444,-2.1326866,2.8002608,0.39962843,-0.11485407,0.90945351,0
-3.716094,0.28366888,-2.1625323,-0.39962843,0.11485407,-0.90945351,0
-0.34665546,1.7435451,3.2645285,-0.23879623,0.94482172,0.22425154,0
-2.7807708,-0.45185316,1.2124715,-0.88502765,-0.30679137,0.35015079,0
-2.0630479,-2.181962,1.4649918,-0.88502765,-0.30679137,0.35015079,0
2.1838088,2.2781909,-1.0245546,0.88502765,0.30679137,-0.35015079,0
-0.16347712,2.4601166,0.72283691,-0.23879623,0.94482172,0.22425154,0
2.8160963,-0.67946672,-1.9372519,0.88502765,0.30679137,-0.35015079,0
1.3635674,-2.2024708,-0.84657633,0.23879623,-0.94482172,-0.22425154,0
-0.95769614,1.6863592,3.2209573,-0.23879623,0.94482172,0.22425154,0
-4.0931077,0.97413874,-1.9351401,-0.39962843,0.11485407,-0.90945351,0
-1.632292,-0.58078772,3.7665439,-0.88502765,-0.30679137,0.35015079,0
0.11514876,-1.8014486,-3.0679061,0.23879623,-0.94482172,-0.22425154,0
0.14364481,3.4534461,-3.3879366,-0.23879623,0.94482172,0.22425154,0
-1.2524303,1.7454212,2.5499835,-0.23879623,0.94482172,0.22425154,0
-1.7582455,1.2099853,4.6161156,-0.23879623,0.94482172,0.22425154,0
0.61081374,-3.0438175,1.9793407,0.23879623,-0.94482172,-0.22425154,0
-0.5532527,-3.3317094,2.4726074,0.23879623,-0.94482172,-0.22425154,0
-3.5100312,-2.2947769,-2.2519605,-0.88502765,-0.30679137,0.35015079,0
3.8633382,0.72623056,2.31389,0.39962843,-0.11485407,0.90945351,0
4.0054865,-1.1124251,0.50473213,0.88502765,0.30679137,-0.35015079,0
2.7140894,0.43589151,-1.2151508,0.88502765,0.30679137,-0.35015079,0
-3.4738562,1.7112727,-0.051992536,-0.23879623,0.94482172,0.22425154,0
1.6688738,0.20094268,3.1037853,0.39962843,-0.11485407,0.90945351,0
-2.1980572,0.72053969,-2.8263292,-0.39962843,0.11485407,-0.90945351,0
-1.1357442,1.7897495,-3.1748035,-0.39962843,0.11485407,-0.90945351,0
-1.6069803,-1.5711091,-3.4501073,-0.39962843,0.11485407,-0.90945351,0
-0.50086808,-1.3770587,-3.7504714,-0.39962843,0.11485407,-0.90945351,0
-0.61316121,2.5741348,-3.3272023,-0.39962843,0.11485407,-0.90945351,0
-0.035473824,-3.2053888,2.023196,0.23879623,-0.94482172,-0.22425154,0
-2.5371182,2.2460771,-0.8921392,-0.23879623,0.94482172,0.22425154,0
-2.1596596,1.6676383,1.5454656,-0.23879623,0.94482172,0.22425154,0
2.8322518,1.2830987,2.7961545,0.39962843,-0.11485407,0.90945351,0
-0.73157358,-3.1825418,3.6751924,0.39962843,-0.11485407,0.90945351,0
-1.1403091,-1.4973907,-3.4918199,-0.39962843,0.11485407,-0.90945351,0
-2.987555,-0.81219232,0.47725952,-0.88502765,-0.30679137,0.35015079,0
-1.4884311,-0.13812438,-3.232332,-0.39962843,0.11485407,-0.90945351,0
0.11349261,-2.6669085,0.1327769,0.23879623,-0.94482172,-0.22425154,0
2.3330059,0.85811031,3.0229626,0.39962843,-0.11485407,0.90945351,0
1.981379,2.694983,-0.99389291,0.88502765,0.30679137,-0.35015079,0
1.4464278,-1.7785956,2.9151576,0.39962843,-0.11485407,0.90945351,0
2.2589188,3.0137787,0.98180181,-0.23879623,0.94482172,0.22425154,0
3.8883462,0.63303518,1.6958338,0.88502765,0.30679137,-0.35015079,0
-1.7312523,1.3760588,3.2675354,-0.23879623,0.94482172,0.22425154,0
-3.6373527,-1.757432,-2.2587721,-0.88502765,-0.30679137,0.35015079,0
-3.1093941,0.71118903,1.2775524,-0.88502765,-0.30679137,0.35015079,0
4.1323433,-0.95236349,0.92010939,0.88502765,0.30679137,-0.35015079,0
-2.0435596,1.5458162,2.7501473,-0.23879623,0.94482172,0.22425154,0
-2.5568342,-2.441766,0.15161127,-0.88502765,-0.30679137,0.35015079,0
4.0670056,-0.25265443,1.6291412,0.88502765,0.30679137,-0.35015079,0
-1.8406662,-0.88057142,-3.0701122,-0.39962843,0.11485407,-0.90945351,0
0.51987612,-2.8772037,1.1595582,0.23879623,-0.94482172,-0.22425154,0
0.10637665,2.219656,2.3420441,-0.23879623,0.94482172,0.22425154,0
-2.5025027,0.91727829,3.1969304,-0.88502765,-0.30679137,0.35015079,0
1.9534233,0.65915793,-2.8235855,0.88502765,0.30679137,-0.35015079,0
4.3666706,-1.746629,1.1554394,0.23879623,-0.94482172,-0.22425154,0
3.5125413,-0.25579035,2.2746751,0.39962843,-0.11485407,0.90945351,0
0.59959126,3.5913358,-3.7634397,-0.39962843,0.11485407,-0.90945351,0
0.2874527,3.3257051,-2.9095778,-0.23879623,0.94482172,0.22425154,0
-0.43025327,-1.3480532,3.953305,0.39962843,-0.11485407,0.90945351,0
-1.8052428,0.16104579,3.9083719,-0.88502765,-0.30679137,0.35015079,0
1.1425965,1.1109612,3.4092448,0.39962843,-0.11485407,0.90945351,0
-2.4225872,-2.7902856,-1.8153867,0.23879623,-0.94482172,-0.22425154,0
-2.7589996,2.0099411,-2.2781279,-0.39962843,0.11485407,-0.90945351,0
-1.8520553,-0.9490152,3.1984205,-0.88502765,-0.30679137,0.35015079,0
1.5712945,-1.8187819,2.8607314,0.39962843,-0.11485407,0.90945351,0
0.68711364,-1.4595687,3.4520724,0.39962843,-0.11485407,0.90945351,0
-0.82966846,-1.0230644,-3.6926055,-0.39962843,0.11485407,-0.90945351,0
-0.18977475,-3.1181309,2.1588659,0.23879623,-0.94482172,-0.22425154,0
1.0602338,2.3384793,-3.5693173,0.88502765,0.30679137,-0.35015079,0
4.1341295,-0.23031461,1.5840199,0.88502765,0.30679137,-0.35015079,0
-2.1219149,-2.8500974,-1.5936942,0.23879623,-0.94482172,-0.22425154,0
-3.8477266,-1.591693,-2.3186798,-0.88502765,-0.30679137,0.35015079,0
-1.1213617,-1.0055268,4.2241378,0.39962843,-0.11485407,0.90945351,0
2.7309909,-2.1787868,1.1647093,0.23879623,-0.94482172,-0.22425154,0
3.0844259,-0.47015238,-0.95784289,0.88502765,0.30679137,-0.35015079,0
3.2716427,0.0011570454,-0.20189762,0.88502765,0.30679137,-0.35015079,0
-4.08428,1.493659,-1.7676808,-0.39962843,0.11485407,-0.90945351,0
-2.9847789,-2.2017632,-2.9203463,-0.39962843,0.11485407,-0.90945351,0
1.7437277,2.313467,-2.0328329,0.88502765,0.30679137,-0.35015079,0
-2.7825012,-1.7840726,-0.25805783,-0.88502765,-0.30679137,0.35015079,0
-4.2208672,1.4284077,-0.82096183,-0.88502765,-0.30679137,0.35015079,0
-0.29129171,-2.9090548,3.6593711,0.39962843,-0.11485407,0.90945351,0
-3.7687194,-0.96815252,-2.3428428,-0.39962843,0.11485407,-0.90945351,0
1.8688478,2.9920514,0.28683645,-0.23879623,0.94482172,0.22425154,0
-3.9797163,0.30550289,-1.477429,-0.88502765,-0.30679137,0.35015079,0
1.0817707,2.45837,1.6262193,-0.23879623,0.94482172,0.22425154,0
-2.4337447,1.8775926,0.37399095,-0.23879623,0.94482172,0.22425154,0
2.8163252,-0.35501075,-1.5757617,0.88502765,0.30679137,-0.35015079,0
-1.0737385,-1.1192173,-3.4992726,-0.39962843,0.11485407,-0.90945351,0
3.697834,1.1294284,1.6107203,0.88502765,0.30679137,-0.35015079,0
-1.5431581,-3.3578043,1.2626337,0.23879623,-0.94482172,-0.22425154,0
1.5612761,-1.6363811,-2.7436187,0.23879623,-0.94482172,-0.22425154,0
4.0859318,-1.1658487,0.69645321,0.88502765,0.30679137,-0.35015079,0
-0.24393582,-3.5323107,3.3061805,0.23879623,-0.94482172,-0.22425154,0
-3.7171011,2.1901414,-1.6505128,-0.23879623,0.94482172,0.22425154,0
-3.9481683,-0.248577,-2.2419033,-0.39962843,0.11485407,-0.90945351,0
0.14104134,0.47568285,3.9398689,0.39962843,-0.11485407,0.90945351,0
2.2374213,2.797971,1.6832652,-0.23879623,0.94482172,0.22425154,0
2.5754991,0.020446777,-2.0325913,0.88502765,0.30679137,-0.35015079,0
0.87697852,-1.0445023,-4.2577057,-0.39962843,0.11485407,-0.90945351,0
3.8932362,1.0262659,1.9644566,0.88502765,0.30679137,-0.35015079,0
2.2057531,0.23457706,-2.8158407,0.88502765,0.30679137,-0.35015079,0
1.0181077,0.99451238,-4.2511668,-0.39962843,0.11485407,-0.90945351,0
3.8728805,-0.12188137,0.8681407,0.88502765,0.30679137,-0.35015079,0
0.73583853,2.5150959,1.2921966,-0.23879623,0.94482172,0.22425154,0
-2.3628402,0.25387001,2.5479703,-0.88502765,-0.30679137,0.35015079,0
-1.9392134,2.5809939,-1.3566475,-0.23879623,0.94482172,0.22425154,0
-1.34181,2.9085755,-2.5896204,-0.23879623,0.94482172,0.22425154,0
-2.0431135,0.062526226,3.6345787,-0.88502765,-0.30679137,0.35015079,0
-1.3144453,0.84350717,-3.0627587,-0.39962843,0.11485407,-0.90945351,0
-2.0708501,2.3675299,-1.1472242,-0.23879623,0.94482172,0.22425154,0
1.1954689,2.6365836,-3.1769392,0.88502765,0.30679137,-0.35015079,0
2.1980383,-0.15259925,2.7717204,0.39962843,-0.11485407,0.90945351,0
-3.5781121,0.76248288,0.30098927,-0.88502765,-0.30679137,0.35015079,0
2.2341952,2.0986061,3.1565852,0.39962843,-0.11485407,0.90945351,0
-1.3440633,2.5984485,-1.1999716,-0.23879623,0.94482172,0.22425154,0
-3.3266716,-2.4792008,-2.2970078,-0.88502765,-0.30679137,0.35015079,0
-3.2146566,0.90869117,1.3302019,-0.88502765,-0.30679137,0.35015079,0
-0.017121226,2.0599935,2.6662712,-0.23879623,0.94482172,0.22425154,0
-4.6527328,1.823652,-1.4431998,-0.88502765,-0.30679137,0.35015079,0
2.7037485,-1.272307,2.4382513,0.39962843,-0.11485407,0.90945351,0
1.6461542,1.1837906,-3.3698878,0.88502765,0.30679137,-0.35015079,0
-1.8111206,-1.0025749,-3.1799493,-0.39962843,0.11485407,-0.90945351,0
1.7246313,-1.1095114,-4.291523,0.23879623,-0.94482172,-0.22425154,0
2.5762546,-0.35613441,-2.4573822,0.88502765,0.30679137,-0.35015079,0
-3.3386912,-1.897754,-2.6338408,-0.39962843,0.11485407,-0.90945351,0
-1.8836093,1.1305232,4.4059258,-0.23879623,0.94482172,0.22425154,0
0.30181623,3.102984,-3.6093476,-0.39962843,0.11485407,-0.90945351,0
-2.259203,-3.0194035,0.30789289,-0.88502765,-0.30679137,0.35015079,0
-3.2190723,0.49019742,-2.2770417,-0.39962843,0.11485407,-0.90945351,0
0.38913107,-2.5834885,3.3305633,0.39962843,-0.11485407,0.90945351,0
-2.669754,-1.6785483,0.086200655,-0.88502765,-0.30679137,0.35015079,0
4.1713233,-0.68132997,1.4343019,0.88502765,0.30679137,-0.35015079,0
-1.5275509,2.8327835,-2.0819061,-0.23879623,0.94482172,0.22425154,0
2.4161401,-1.5799596,-1.8672907,0.23879623,-0.94482172,-0.22425154,0
0.23613858,2.8319592,-0.91289765,-0.23879623,0.94482172,0.22425154,0
3.4371657,2.1594336,2.6222329,0.39962843,-0.11485407,0.90945351,0
-0.34301484,-2.2464843,-1.738256,0.23879623,-0.94482172,-0.22425154,0
1.6579762,2.897192,0.59778297,-0.23879623,0.94482172,0.22425154,0
1.0389916,-2.2997401,3.0590198,0.39962843,-0.11485407,0.90945351,0
-2.6180732,-0.56378496,1.725677,-0.88502765,-0.30679137,0.35015079,0
2.387254,2.2423129,-0.51566291,0.88502765,0.30679137,-0.35015079,0
3.3438237,2.0446441,2.5923991,0.39962843,-0.11485407,0.90945351,0
2.875232,-0.33828163,-1.755548,0.88502765,0.30679137,-0.35015079,0
1.7041544,-2.398263,0.82018995,0.23879623,-0.94482172,-0.22425154,0
1.2543638,3.2769372,-2.3987229,0.88502765,0.30679137,-0.35015079,0
-0.6720956,-1.8695071,-3.6031454,0.23879623,-0.94482172,-0.22425154,0
-3.5656226,0.56270552,0.046230435,-0.88502765,-0.30679137,0.35015079,0
0.39625531,-1.0975142,-4.1168532,-0.39962843,0.11485407,-0.90945351,0
1.2393032,1.5891056,3.5165415,0.39962843,-0.11485407,0.90945351,0
-0.79482245,0.052695602,-3.4575307,-0.39962843,0.11485407,-0.90945351,0
1.466736,1.5846773,3.339046,0.39962843,-0.11485407,0.90945351,0
-2.8797457,-0.94013059,0.43170547,-0.88502765,-0.30679137,0.35015079,0
2.5758524,-0.23966098,-2.2695558,0.88502765,0.30679137,-0.35015079,0
-0.38212371,2.8221109,-1.0708834,-0.23879623,0.94482172,0.22425154,0
-4.3467932,0.6213913,-1.8846127,-0.88502765,-0.30679137,0.35015079,0
-2.8900807,0.66445971,1.7174846,-0.88502765,-0.30679137,0.35015079,0
-3.9617546,0.68079114,-0.62088537,-0.88502765,-0.30679137,0.35015079,0
-1.6422765,-0.047103524,4.2768173,-0.88502765,-0.30679137,0.35015079,0
-3.1960301,1.7387424,0.66031849,-0.23879623,0.94482172,0.22425154,0
1.573897,-1.2266023,-4.36976,0.23879623,-0.94482172,-0.22425154,0
0.29567802,-1.1030082,3.6029208,0.39962843,-0.11485407,0.90945351,0
-0.9116255,-1.0031343,-3.5839732,-0.39962843,0.11485407,-0.90945351,0
0.65636432,2.4324374,1.4377483,-0.23879623,0.94482172,0.22425154,0
-2.6528802,-2.3462765,-0.38753289,-0.88502765,-0.30679137,0.35015079,0
2.3960459,-0.81301618,2.633301,0.39962843,-0.11485407,0.90945351,0
-1.2227402,-1.7983131,-3.4424438,-0.39962843,0.11485407,-0.90945351,0
-2.59764,-1.8605176,0.26386052,-0.88502765,-0.30679137,0.35015079,0
0.10064101,2.6960859,-3.4829414,-0.39962843,0.11485407,-0.90945351,0
-0.029840231,-2.9593756,0.94874573,0.23879623,-0.94482172,-0.22425154,0
-3.3257246,0.80794251,-2.2541111,-0.39962843,0.11485407,-0.90945351,0
1.363399,2.8685174,-2.5542572,0.88502765,0.30679137,-0.35015079,0
-3.4497535,-1.0052823,-0.78177273,-0.88502765,-0.30679137,0.35015079,0
0.42594397,-2.6994302,1.0534568,0.23879623,-0.94482172,-0.22425154,0
-3.9575489,0.36800742,-2.1219923,-0.39962843,0.11485407,-0.90945351,0
-1.3305173,0.9693017,4.634192,0.39962843,-0.11485407,0.90945351,0
-4.5613422,1.8561108,-1.602836,-0.23879623,0.94482172,0.22425154,0
1.8007982,3.0982909,0.41148061,-0.23879623,0.94482172,0.22425154,0
-3.191071,2.1840911,-1.5649738,-0.23879623,0.94482172,0.22425154,0
-0.57839024,3.0384266,-2.3789926,-0.23879623,0.94482172,0.22425154,0
-3.650528,1.8810167,-0.62614274,-0.23879623,0.94482172,0.22425154,0
-2.2652099,0.19507664,-2.9193964,-0.39962843,0.11485407,-0.90945351,0
-2.558604,-2.8170896,-1.598425,0.23879623,-0.94482172,-0.22425154,0
-1.8865743,-2.2982156,-3.0927956,0.23879623,-0.94482172,-0.22425154,0
3.0465958,2.8471036,2.476481,-0.23879623,0.94482172,0.22425154,0
-3.2131064,1.4603915,1.4709896,-0.23879623,0.94482172,0.22425154,0
2.4316585,2.7186322,-0.060721397,0.88502765,0.30679137,-0.35015079,0
0.44714415,0.70548356,-3.9301667,-0.39962843,0.11485407,-0.90945351,0
2.7940738,-1.0955045,-2.7369275,0.88502765,0.30679137,-0.35015079,0
1.0491124,-0.36619806,3.4234991,0.39962843,-0.11485407,0.90945351,0
-1.350684,1.5092285,3.5587094,-0.23879623,0.94482172,0.22425154,0
-2.7241435,0.30127645,1.7606404,-0.88502765,-0.30679137,0.35015079,0
1.9489748,2.19519,-1.7877924,0.88502765,0.30679137,-0.35015079,0
-2.8611374,1.4727271,2.3305836,-0.23879623,0.94482172,0.22425154,0
-1.9359372,-1.564242,-3.2140205,-0.39962843,0.11485407,-0.90945351,0
-1.4317274,2.6032453,-1.047276,-0.23879623,0.94482172,0.22425154,0
-2.5656967,-1.2852563,-2.9004183,-0.39962843,0.11485407,-0.90945351,0
-1.4301357,1.8575919,2.138258,-0.23879623,0.94482172,0.22425154,0
-2.7680502,0.78214145,2.4118285,-0.88502765,-0.30679137,0.35015079,0
-3.5892074,0.85786891,0.48832798,-0.88502765,-0.30679137,0.35015079,0
-0.99715543,2.8866246,-1.8988358,-0.23879623,0.94482172,0.22425154,0
1.6251817,0.30334568,-4.0138822,0.88502765,0.30679137,-0.35015079,0
-0.38824892,-3.1342554,1.8252347,0.23879623,-0.94482172,-0.22425154,0
2.2836411,-2.584105,2.4217658,0.23879623,-0.94482172,-0.22425154,0
-0.095450997,0.50685203,-3.6530385,-0.39962843,0.11485407,-0.90945351,0
-3.2776394,-0.9227187,-0.24870288,-0.88502765,-0.30679137,0.35015079,0
-0.03993082,2.0353806,-3.4745054,-0.39962843,0.11485407,-0.90945351,0
-2.2015812,0.11370718,2.9058132,-0.88502765,-0.30679137,0.35015079,0
-2.3605683,-0.054611832,-2.768646,-0.39962843,0.11485407,-0.90945351,0
1.644151,0.17971897,-4.5292897,0.88502765,0.30679137,-0.35015079,0
3.7658851,-0.45804858,0.38888633,0.88502765,0.30679137,-0.35015079,0
-4.3432627,1.6882887,-1.1580726,-0.88502765,-0.30679137,0.35015079,0
2.6071823,-0.5573597,-2.2853827,0.88502765,0.30679137,-0.35015079,0
-4.4137402,0.90154648,-1.8798112,-0.39962843,0.11485407,-0.90945351,0
2.0960975,-1.9487467,2.7376924,0.39962843,-0.11485407,0.90945351,0
-0.063236237,2.5414913,0.25982976,-0.23879623,0.94482172,0.22425154,0
-0.89048702,2.6877899,-1.1625185,-0.23879623,0.94482172,0.22425154,0
0.84268099,-0.45591494,3.4086797,0.39962843,-0.11485407,0.90945351,0
1.607904,-1.9473889,-1.3838372,0.23879623,-0.94482172,-0.22425154,0
0.37657237,-3.2725592,2.6886983,0.23879623,-0.94482172,-0.22425154,0
-2.1001401,0.13584566,3.3685708,-0.88502765,-0.30679137,0.35015079,0
3.4079254,1.5234597,1.6391827,0.88502765,0.30679137,-0.35015079,0
0.66664714,1.8795328,3.7792776,0.39962843,-0.11485407,0.90945351,0
0.81905878,0.031307578,-4.226727,-0.39962843,0.11485407,-0.90945351,0
-0.39218783,0.5603075,3.9972334,0.39962843,-0.11485407,0.90945351,0
-4.2076998,0.45172346,-1.9143449,-0.39962843,0.11485407,-0.90945351,0
3.3644366,2.189168,2.0995455,0.88502765,0.30679137,-0.35015079,0
-2.1703651,-1.7286391,-3.0220056,-0.39962843,0.11485407,-0.90945351,0
1.156481,1.9531683,-3.9065068,0.88502765,0.30679137,-0.35015079,0
-3.0547218,2.1633935,-0.92798376,-0.23879623,0.94482172,0.22425154,0
-4.2205606,1.1646805,-1.8198187,-0.39962843,0.11485407,-0.90945351,0
0.97616106,-2.7737749,1.5487107,0.23879623,-0.94482172,-0.22425154,0
-0.45587254,-1.7529629,3.8221314,0.39962843,-0.11485407,0.90945351,0
3.7747798,-1.8823116,0.67915511,0.23879623,-0.94482172,-0.22425154,0
1.4729221,-2.9573362,2.6972191,0.23879623,-0.94482172,-0.22425154,0
2.1595752,-0.61425757,-3.8906436,0.88502765,0.30679137,-0.35015079,0
-0.049856305,-2.2331114,-1.8551112,0.23879623,-0.94482172,-0.22425154,0
-2.2131524,1.4863091,2.8510165,-0.23879623,0.94482172,0.22425154,0
-0.60855627,2.9036014,-3.1691294,-0.39962843,0.11485407,-0.90945351,0
2.6712315,-1.2040896,-2.8412635,0.88502765,0.30679137,-0.35015079,0
-1.4681234,-1.9141839,3.3743372,-0.88502765,-0.30679137,0.35015079,0
-0.57525092,-0.91591167,-3.7404525,-0.39962843,0.11485407,-0.90945351,0
2.2944224,0.97464967,2.9499347,0.39962843,-0.11485407,0.90945351,0
-1.6908472,-2.7011094,1.8546014,-0.88502765,-0.30679137,0.35015079,0
-2.0238345,-2.5158119,-2.5560453,0.23879623,-0.94482172,-0.22425154,0
-3.3450122,1.1978338,1.0217469,-0.88502765,-0.30679137,0.35015079,0
1.9148633,-0.37753141,2.9445977,0.39962843,-0.11485407,0.90945351,0
3.7209277,-0.76396489,-0.11628842,0.88502765,0.30679137,-0.35015079,0
0.76225734,2.0434229,3.0426743,-0.23879623,0.94482172,0.22425154,0
-1.6685811,1.2993689,4.0835772,-0.23879623,0.94482172,0.22425154,0
-2.4524548,0.95586073,-2.7159128,-0.39962843,0.11485407,-0.90945351,0
-2.3174617,-0.78916842,1.8767433,-0.88502765,-0.30679137,0.35015079,0
3.1647694,0.86842299,0.13898683,0.88502765,0.30679137,-0.35015079,0
2.6201138,-0.84589839,-2.7547278,0.88502765,0.30679137,-0.35015079,0
-0.79766631,3.0045812,-2.5009491,-0.23879623,0.94482172,0.22425154,0
-3.420073,2.1396756,-1.9803998,-0.39962843,0.11485407,-0.90945351,0
-3.6027269,1.203491,0.6982069,-0.88502765,-0.30679137,0.35015079,0
2.4460027,3.1535745,0.27930814,0.88502765,0.30679137,-0.35015079,0
-3.9435244,2.0772178,-1.5918821,-0.23879623,0.94482172,0.22425154,0
-0.26772273,-0.55499667,3.8059301,0.39962843,-0.11485407,0.90945351,0
4.3002243,-1.4137566,0.85176551,0.88502765,0.30679137,-0.35015079,0
-3.5363545,0.90687752,0.38856912,-0.88502765,-0.30679137,0.35015079,0
0.59168166,-2.7286744,0.60018361,0.23879623,-0.94482172,-0.22425154,0
3.4865394,2.4566691,2.3348708,0.88502765,0.30679137,-0.35015079,0
0.89606881,2.4975901,-3.8655949,0.88502765,0.30679137,-0.35015079,0
-4.2667985,1.4777904,-0.68636358,-0.88502765,-0.30679137,0.35015079,0
1.5043964,2.2968223,-2.7557316,0.88502765,0.30679137,-0.35015079,0
2.3757601,-2.181798,0.56500316,0.23879623,-0.94482172,-0.22425154,0
-0.2749238,-2.2504535,3.6495538,0.39962843,-0.11485407,0.90945351,0
3.2113941,-0.32697654,-0.95143336,0.88502765,0.30679137,-0.35015079,0
3.158355,-0.17909408,-0.73160595,0.88502765,0.30679137,-0.35015079,0
-3.6810987,-1.8954004,-2.2293196,-0.88502765,-0.30679137,0.35015079,0
-4.1695633,-0.18928981,-2.0354123,-0.88502765,-0.30679137,0.35015079,0
1.9387901,2.7220232,-1.5105706,0.88502765,0.30679137,-0.35015079,0
0.92049551,3.198437,-1.1469178,-0.23879623,0.94482172,0.22425154,0
-0.5497874,1.989001,2.4898086,-0.23879623,0.94482172,0.22425154,0
1.9819674,-0.029878497,-3.3554654,0.88502765,0.30679137,-0.35015079,0
-1.6175342,-1.0865244,3.5947335,-0.88502765,-0.30679137,0.35015079,0
-3.1516397,-0.79550791,-0.098094702,-0.88502765,-0.30679137,0.35015079,0
2.1545463,3.1639996,-0.36554995,0.88502765,0.30679137,-0.35015079,0
-1.1003134,2.2749825,0.2386865,-0.23879623,0.94482172,0.22425154,0
2.2097487,0.81206948,-2.0700388,0.88502765,0.30679137,-0.35015079,0
3.5947871,1.0578157,2.4057059,0.39962843,-0.11485407,0.90945351,0
-2.4517138,-2.5247731,-2.9492242,0.23879623,-0.94482172,-0.22425154,0
3.0082157,1.1125269,0.05789125,0.88502765,0.30679137,-0.35015079,0
-3.4270205,-0.37390012,-0.2493273,-0.88502765,-0.30679137,0.35015079,0
1.2320513,-2.0779245,-0.8321172,0.23879623,-0.94482172,-0.22425154,0
4.0365038,0.26679671,2.1266375,0.88502765,0.30679137,-0.35015079,0
2.563412,-1.7514226,-1.3395998,0.23879623,-0.94482172,-0.22425154,0
-3.6194143,1.8431995,-0.46050215,-0.23879623,0.94482172,0.22425154,0
-3.3541594,-0.36008796,-2.4842086,-0.39962843,0.11485407,-0.90945351,0
1.1879606,0.83284688,-4.1998954,-0.39962843,0.11485407,-0.90945351,0
2.063554,1.7681892,-2.0502186,0.88502765,0.30679137,-0.35015079,0
-1.6764138,-2.5887303,-1.8159857,0.23879623,-0.94482172,-0.22425154,0
-0.086740375,-1.4472706,-4.0037441,-0.39962843,0.11485407,-0.90945351,0
-2.0063975,1.1745044,-2.7138817,-0.39962843,0.11485407,-0.90945351,0
-1.5071428,1.1047251,4.7147417,0.39962843,-0.11485407,0.90945351,0
0.27202797,3.3325877,-2.3443105,-0.23879623,0.94482172,0.22425154,0
-4.0610914,0.79900432,-1.9588611,-0.39962843,0.11485407,-0.90945351,0
0.56183338,-0.89592838,-4.099761,-0.39962843,0.11485407,-0.90945351,0
-1.1060672,-3.11975,0.62620199,0.23879623,-0.94482172,-0.22425154,0
-2.6642504,-1.4693882,-2.7861078,-0.39962843,0.11485407,-0.90945351,0
-2.9999237,-2.7153506,-2.9382405,-0.39962843,0.11485407,-0.90945351,0
-1.8774489,2.4934459,-1.4979067,-0.23879623,0.94482172,0.22425154,0
3.2042778,-0.7574029,-0.86638629,0.88502765,0.30679137,-0.35015079,0
0.53062099,2.0009787,3.3692572,-0.23879623,0.94482172,0.22425154,0
0.55212712,2.9202983,-0.25935662,-0.23879623,0.94482172,0.22425154,0
-0.46961331,-3.2703772,1.9753077,0.23879623,-0.94482172,-0.22425154,0
-4.4940171,1.7308576,-1.6139599,-0.39962843,0.11485407,-0.90945351,0
-0.080093145,-2.6231933,-0.2725774,0.23879623,-0.94482172,-0.22425154,0
1.619045,-2.5990348,2.7787724,0.39962843,-0.11485407,0.90945351,0
1.8979524,-0.92604882,2.9599419,0.39962843,-0.11485407,0.90945351,0
0.60954165,-2.5706997,0.28153199,0.23879623,-0.94482172,-0.22425154,0
2.322643,0.0071214437,-2.650176,0.88502765,0.30679137,-0.35015079,0
-2.3955975,1.9005892,0.94181931,-0.23879623,0.94482172,0.22425154,0
-2.2062616,-1.0340291,1.8961217,-0.88502765,-0.30679137,0.35015079,0
-3.2095222,1.5924985,-2.1845205,-0.39962843,0.11485407,-0.90945351,0
-1.4392109,1.3318075,-2.9670784,-0.39962843,0.11485407,-0.90945351,0
3.8226681,-0.17984569,2.1913834,0.39962843,-0.11485407,0.90945351,0
-3.5630713,-0.43532464,-2.3127484,-0.39962843,0.11485407,-0.90945351,0
-2.4794168,-2.6599722,-2.1847,0.23879623,-0.94482172,-0.22425154,0
1.2941585,-1.5006092,3.1722093,0.39962843,-0.11485407,0.90945351,0
-0.78396928,-2.529654,-1.1110991,0.23879623,-0.94482172,-0.22425154,0
2.7329125,2.7274969,2.784265,-0.23879623,0.94482172,0.22425154,0
0.92615223,2.7990553,0.20053117,-0.23879623,0.94482172,0.22425154,0
-4.1942568,1.0458808,-1.1350967,-0.88502765,-0.30679137,0.35015079,0
0.84923482,-0.02208972,-4.2249389,-0.39962843,0.11485407,-0.90945351,0
-3.7865338,1.0643644,-2.0605659,-0.39962843,0.11485407,-0.90945351,0
3.3766031,-0.83423901,-0.96602505,0.88502765,0.30679137,-0.35015079,0
0.16731606,1.4882188,4.008935,0.39962843,-0.11485407,0.90945351,0
0.44873929,-2.5602565,3.2545276,0.39962843,-0.11485407,0.90945351,0
-3.0664005,-1.2973295,-0.29236424,-0.88502765,-0.30679137,0.35015079,0
2.4410596,0.34468377,-2.2456167,0.88502765,0.30679137,-0.35015079,0
-4.0456991,1.2795298,-0.67280602,-0.88502765,-0.30679137,0.35015079,0
0.83066678,2.7554536,-3.8466134,-0.39962843,0.11485407,-0.90945351,0
-2.706588,-2.5537508,-0.38448083,-0.88502765,-0.30679137,0.35015079,0
-0.43139184,2.9340897,-1.9897687,-0.23879623,0.94482172,0.22425154,0
-0.68944144,-0.93080914,4.0130811,0.39962843,-0.11485407,0.90945351,0
-1.1072967,-2.900748,0.2594412,0.23879623,-0.94482172,-0.22425154,0
-2.2233038,0.41981339,3.1504424,-0.88502765,-0.30679137,0.35015079,0
1.0150955,-1.3804221,-4.4683018,-0.39962843,0.11485407,-0.90945351,0
0.25192046,-2.4992023,3.4584498,0.39962843,-0.11485407,0.90945351,0
0.8589384,-0.96172047,3.3942213,0.39962843,-0.11485407,0.90945351,0
-1.978091,-2.9224765,0.76817483,-0.88502765,-0.30679137,0.35015079,0
1.9590147,-2.4280238,1.075187,0.23879623,-0.94482172,-0.22425154,0
-0.70141846,2.6967156,-0.98861277,-0.23879623,0.94482172,0.22425154,0
2.3116071,2.6025834,3.0343058,-0.23879623,0.94482172,0.22425154,0
-1.6688071,1.7773983,1.5119486,-0.23879623,0.94482172,0.22425154,0
-3.6729984,-0.58163035,-1.2115881,-0.88502765,-0.30679137,0.35015079,0
3.6149807,1.0662344,1.7596819,0.88502765,0.30679137,-0.35015079,0
-0.95903146,1.4851785,3.8330421,-0.23879623,0.94482172,0.22425154,0
-1.6371275,1.617192,2.2785146,-0.23879623,0.94482172,0.22425154,0
-0.95945597,2.196882,0.54424739,-0.23879623,0.94482172,0.22425154,0
-2.8402636,-2.0469384,-2.8695145,-0.39962843,0.11485407,-0.90945351,0
0.22676915,1.9888115,3.0296948,-0.23879623,0.94482172,0.22425154,0
1.4001501,-1.4826468,2.9881876,0.39962843,-0.11485407,0.90945351,0
-1.8180176,2.7639966,-2.6172452,-0.39962843,0.11485407,-0.90945351,0
2.4717438,1.0265054,-1.3465343,0.88502765,0.30679137,-0.35015079,0
-3.2282472,2.0720761,-0.77355826,-0.23879623,0.94482172,0.22425154,0
-4.1687584,1.1185071,-1.1448463,-0.88502765,-0.30679137,0.35015079,0
0.05234402,-1.893894,-3.2745876,0.23879623,-0.94482172,-0.22425154,0
1.1254604,-2.2814174,-0.64248127,0.23879623,-0.94482172,-0.22425154,0
-1.7658315,1.0119612,4.7623825,0.39962843,-0.11485407,0.90945351,0
2.3676074,0.297212,-2.0806687,0.88502765,0.30679137,-0.35015079,0
-3.3799646,-1.4706755,-2.492774,-0.39962843,0.11485407,-0.90945351,0
-0.6242305,2.5699573,-3.1783895,-0.39962843,0.11485407,-0.90945351,0
-3.8464611,0.86193109,-0.20996284,-0.88502765,-0.30679137,0.35015079,0
-0.43680775,2.8423393,-3.2533858,-0.39962843,0.11485407,-0.90945351,0
2.1827884,1.535583,-1.8396467,0.88502765,0.30679137,-0.35015079,0
0.14345264,-2.5622196,3.56916,0.39962843,-0.11485407,0.90945351,0
-1.4792327,2.4032314,-0.83775449,-0.23879623,0.94482172,0.22425154,0
2.7230954,-1.8287244,-0.95856082,0.23879623,-0.94482172,-0.22425154,0
-0.91663367,3.0026751,-2.6397305,-0.23879623,0.94482172,0.22425154,0
-0.99232149,-2.2931278,-2.8573139,0.23879623,-0.94482172,-0.22425154,0
2.2017112,0.21574318,-2.7967691,0.88502765,0.30679137,-0.35015079,0
-2.5646675,1.6587203,-2.6182859,-0.39962843,0.11485407,-0.90945351,0
-3.7635298,-0.40036708,-1.1699682,-0.88502765,-0.30679137,0.35015079,0
0.50543505,-0.33684519,3.4994004,0.39962843,-0.11485407,0.90945351,0
-0.0097970963,-1.9591501,3.6175349,0.39962843,-0.11485407,0.90945351,0
2.2798553,1.0997715,2.9944899,0.39962843,-0.11485407,0.90945351,0
-0.79510003,2.9620275,-1.8494821,-0.23879623,0.94482172,0.22425154,0
-2.2209229,-0.039173245,2.6986318,-0.88502765,-0.30679137,0.35015079,0
-1.8944902,1.0489225,-2.8324485,-0.39962843,0.11485407,-0.90945351,0
1.077513,-2.3325913,-0.47430298,0.23879623,-0.94482172,-0.22425154,0
-2.5609164,-1.7689906,0.42661238,-0.88502765,-0.30679137,0.35015079,0
-2.1986415,-1.1155341,1.7505381,-0.88502765,-0.30679137,0.35015079,0
1.2512096,1.9009119,3.4427788,0.39962843,-0.11485407,0.90945351,0
-0.4459579,-2.9351113,0.79612565,0.23879623,-0.94482172,-0.22425154,0
0.021464109,3.1044292,-2.0910549,-0.23879623,0.94482172,0.22425154,0
3.4351556,-0.34059954,0.073068023,0.88502765,0.30679137,-0.35015079,0
-3.598093,-2.373553,-2.4162316,-0.88502765,-0.30679137,0.35015079,0
3.5087276,-2.046757,1.4936647,0.23879623,-0.94482172,-0.22425154,0
-3.3694336,1.7303047,-0.15863395,-0.23879623,0.94482172,0.22425154,0
0.26425433,-3.1455531,2.7043283,0.23879623,-0.94482172,-0.22425154,0
-0.66223323,-2.5702627,-1.1108887,0.23879623,-0.94482172,-0.22425154,0
-1.7517691,-2.780056,-1.433809,0.23879623,-0.94482172,-0.22425154,0
2.5688877,0.88289046,2.8308494,0.39962843,-0.11485407,0.90945351,0
-1.7139095,0.720182,-3.0296612,-0.39962843,0.11485407,-0.90945351,0
-3.9082594,1.2924502,-2.0083239,-0.39962843,0.11485407,-0.90945351,0
-0.48416603,-1.6545393,-3.8312571,-0.39962843,0.11485407,-0.90945351,0
-3.3100185,1.6766109,0.61997741,-0.23879623,0.94482172,0.22425154,0
-3.4406326,-0.36340207,-0.51661921,-0.88502765,-0.30679137,0.35015079,0
-2.6282229,-0.70759809,-2.78863,-0.39962843,0.11485407,-0.90945351,0
-2.5143673,2.0102997,0.40415496,-0.23879623,0.94482172,0.22425154,0
-0.77128959,-3.2676363,3.5378332,-0.88502765,-0.30679137,0.35015079,0
-2.6110849,-2.3877017,-0.37648565,-0.88502765,-0.30679137,0.35015079,0
2.2078166,-0.2598145,-3.3071575,0.88502765,0.30679137,-0.35015079,0
3.5659347,1.2417792,2.4949226,0.39962843,-0.11485407,0.90945351,0
3.2108326,-1.600353,-1.3050203,0.23879623,-0.94482172,-0.22425154,0
1.224448,1.2736938,-4.1807365,-0.39962843,0.11485407,-0.90945351,0
-2.9532776,-0.39521843,-2.6469746,-0.39962843,0.11485407,-0.90945351,0
-1.451586,0.69456482,4.5295839,0.39962843,-0.11485407,0.90945351,0
-2.6278341,-1.9576545,-0.059453607,-0.88502765,-0.30679137,0.35015079,0
2.0179944,-2.252063,0.67708021,0.23879623,-0.94482172,-0.22425154,0
-2.5638056,-0.49836314,-2.732218,-0.39962843,0.11485407,-0.90945351,0
1.1929641,1.1042466,-4.2504311,-0.39962843,0.11485407,-0.90945351,0
3.3326907,0.9422859,2.5405202,0.39962843,-0.11485407,0.90945351,0
-2.1360385,-3.2263694,-0.26149756,0.23879623,-0.94482172,-0.22425154,0
-0.54354668,-2.8335562,0.57590961,0.23879623,-0.94482172,-0.22425154,0
-2.8832264,1.364816,2.393229,-0.23879623,0.94482172,0.22425154,0
-1.7367389,-1.4125288,3.042599,-0.88502765,-0.30679137,0.35015079,0
2.5836632,2.0504518,2.9442561,0.39962843,-0.11485407,0.90945351,0
-0.49947798,-2.3993008,-1.4290507,0.23879623,-0.94482172,-0.22425154,0
-0.61130285,0.95667434,4.1665196,0.39962843,-0.11485407,0.90945351,0
-1.7450504,-2.5283699,-2.037076,0.23879623,-0.94482172,-0.22425154,0
-0.31580567,2.9769416,-2.1329174,-0.23879623,0.94482172,0.22425154,0
3.8880548,0.059941292,2.2187371,0.39962843,-0.11485407,0.90945351,0
-0.47014928,-2.5748844,-0.5595265,0.23879623,-0.94482172,-0.22425154,0
-1.2068319,-1.6091479,4.1844602,0.39962843,-0.11485407,0.90945351,0
2.0731857,0.75209671,-2.3897731,0.88502765,0.30679137,-0.35015079,0
3.6712203,-1.6761944,-0.1398046,0.23879623,-0.94482172,-0.22425154,0
-3.2207336,-1.3145616,-2.6550596,-0.39962843,0.11485407,-0.90945351,0
2.7262452,-2.1118858,2.3075483,0.39962843,-0.11485407,0.90945351,0
0.50362086,3.3058045,-2.4730887,-0.23879623,0.94482172,0.22425154,0
-2.2265358,2.3106503,-2.5842812,-0.39962843,0.11485407,-0.90945351,0
1.3605416,2.9349434,-0.12271002,-0.23879623,0.94482172,0.22425154,0
4.2460089,-1.1964588,1.7778239,0.39962843,-0.11485407,0.90945351,0
2.5072927,1.9568851,-0.31399429,0.88502765,0.30679137,-0.35015079,0
-4.2442446,0.6976254,-2.0007541,-0.39962843,0.11485407,-0.90945351,0
1.4877331,2.9829183,0.35516581,-0.23879623,0.94482172,0.22425154,0
-2.0234089,-2.8342881,-1.0720751,0.23879623,-0.94482172,-0.22425154,0
-3.7848923,0.9122026,-0.19691527,-0.88502765,-0.30679137,0.35015079,0
-1.4451737,-2.6412508,-1.6572233,0.23879623,-0.94482172,-0.22425154,0
-1.3031946,2.09518,0.68630856,-0.23879623,0.94482172,0.22425154,0
2.1924279,-2.1324944,2.5482485,0.39962843,-0.11485407,0.90945351,0
-1.2537711,3.0011554,-2.4599905,-0.23879623,0.94482172,0.22425154,0
2.6419086,-0.093034148,-2.1196487,0.88502765,0.30679137,-0.35015079,0
4.4985695,-1.8148267,1.4187101,0.23879623,-0.94482172,-0.22425154,0
-3.0450232,-2.3002715,-1.1904634,-0.88502765,-0.30679137,0.35015079,0
2.139796,0.26122048,2.9594915,0.39962843,-0.11485407,0.90945351,0
-1.7178292,0.079636812,4.2104206,-0.88502765,-0.30679137,0.35015079,0
2.4447656,2.9615269,1.4542947,-0.23879623,0.94482172,0.22425154,0
0.89444113,1.5939021,3.6377118,0.39962843,-0.11485407,0.90945351,0
-2.3543315,-2.9294686,-1.164325,0.23879623,-0.94482172,-0.22425154,0
-3.4079087,-0.7817843,-0.83518291,-0.88502765,-0.30679137,0.35015079,0
-3.7661266,1.9540431,-0.86657774,-0.23879623,0.94482172,0.22425154,0
-0.70494115,0.076678276,4.1788139,0.39962843,-0.11485407,0.90945351,0
0.68492222,3.6798329,-3.3281696,-0.23879623,0.94482172,0.22425154,0
-1.4976909,1.2061231,4.1707926,-0.23879623,0.94482172,0.22425154,0
3.7398663,-0.38241982,0.55498481,0.88502765,0.30679137,-0.35015079,0
2.6430063,-1.1639137,-2.8644853,0.88502765,0.30679137,-0.35015079,0
0.095522046,-0.19563258,3.7144501,0.39962843,-0.11485407,0.90945351,0
1.4904227,-1.6117351,-3.1950748,0.23879623,-0.94482172,-0.22425154,0
-0.090023994,2.0261817,-3.6394737,-0.39962843,0.11485407,-0.90945351,0
-0.94550395,-3.5359058,2.7566202,0.23879623,-0.94482172,-0.22425154,0
-1.6921997,1.3137393,3.8249187,-0.23879623,0.94482172,0.22425154,0
1.7462169,-1.80217,-1.4956841,0.23879623,-0.94482172,-0.22425154,0
-3.8021441,1.9953134,-1.815853,-0.39962843,0.11485407,-0.90945351,0
1.7416216,-1.4890673,-3.2326603,0.23879623,-0.94482172,-0.22425154,0
0.92143023,-2.7885942,1.7687523,0.23879623,-0.94482172,-0.22425154,0
1.8401771,1.7416898,-2.6399667,0.88502765,0.30679137,-0.35015079,0
1.1871114,-2.9497182,2.8975472,0.39962843,-0.11485407,0.90945351,0
-1.3283998,2.9132698,-2.2010667,-0.23879623,0.94482172,0.22425154,0
-2.4426389,0.48784804,2.6805019,-0.88502765,-0.30679137,0.35015079,0
-2.9789588,-2.7489572,-2.470571,0.23879623,-0.94482172,-0.22425154,0
-2.1848972,-0.56376112,2.5455878,-0.88502765,-0.30679137,0.35015079,0
-4.0619907,0.79720092,-1.1902226,-0.88502765,-0.30679137,0.35015079,0
0.93935692,-2.2363217,-0.72041106,0.23879623,-0.94482172,-0.22425154,0
1.0548967,-2.7589462,1.3249638,0.23879623,-0.94482172,-0.22425154,0
-2.9501152,-2.7089334,-1.3957154,-0.88502765,-0.30679137,0.35015079,0
2.2043343,2.8129406,1.5401034,-0.23879623,0.94482172,0.22425154,0
2.8846316,-0.67100763,-1.6347091,0.88502765,0.30679137,-0.35015079,0
1.9775519,1.5033096,-2.2771971,0.88502765,0.30679137,-0.35015079,0
-2.6557233,-3.0139956,-0.58387882,-0.88502765,-0.30679137,0.35015079,0
1.9901888,-0.72234011,-4.2689304,0.88502765,0.30679137,-0.35015079,0
-2.3521454,-2.5210791,-2.717757,0.23879623,-0.94482172,-0.22425154,0
3.1999264,-1.1826875,-1.6841296,0.88502765,0.30679137,-0.35015079,0
-1.2272477,-2.5998955,3.0968223,-0.88502765,-0.30679137,0.35015079,0
0.92470336,2.5628183,1.6190223,-0.23879623,0.94482172,0.22425154,0
0.0677495,2.7648039,-0.55214328,-0.23879623,0.94482172,0.22425154,0
-0.1436317,2.6122034,-0.34522718,-0.23879623,0.94482172,0.22425154,0
-2.134275,0.14072028,-2.9301946,-0.39962843,0.11485407,-0.90945351,0
-3.64185,2.0173056,-0.98841119,-0.23879623,0.94482172,0.22425154,0
2.0493338,-2.3344104,0.60160953,0.23879623,-0.94482172,-0.22425154,0
1.7472255,1.7457925,-2.6626275,0.88502765,0.30679137,-0.35015079,0
-2.022028,2.4446354,-1.0688124,-0.23879623,0.94482172,0.22425154,0
-2.0102329,-1.1654092,2.4416809,-0.88502765,-0.30679137,0.35015079,0
-2.8255501,-1.1059685,0.69793785,-0.88502765,-0.30679137,0.35015079,0
-1.9477004,2.8053446,-2.4012713,-0.23879623,0.94482172,0.22425154,0
2.9147899,1.5914433,2.7146211,0.39962843,-0.11485407,0.90945351,0
-1.5060353,-1.4070315,-3.4515913,-0.39962843,0.11485407,-0.90945351,0
-1.6072056,-3.2951455,1.3552227,-0.88502765,-0.30679137,0.35015079,0
1.9277993,-1.734956,-1.478314,0.23879623,-0.94482172,-0.22425154,0
-1.1161119,-0.14853239,-3.3245032,-0.39962843,0.11485407,-0.90945351,0
0.74295986,2.1030364,2.9859695,-0.23879623,0.94482172,0.22425154,0
0.21631087,1.268533,3.8265848,0.39962843,-0.11485407,0.90945351,0
2.6856546,2.2026796,2.9546316,0.39962843,-0.11485407,0.90945351,0
-1.5881972,-2.6179361,2.5426311,-0.88502765,-0.30679137,0.35015079,0
2.3883574,0.86146641,-1.6486965,0.88502765,0.30679137,-0.35015079,0
-2.6259534,-2.3080025,-0.173199,-0.88502765,-0.30679137,0.35015079,0
-1.0080234,2.1026855,1.2286226,-0.23879623,0.94482172,0.22425154,0
-2.4181767,-0.76874065,1.5662787,-0.88502765,-0.30679137,0.35015079,0
0.087297916,-2.6674228,0.071421698,0.23879623,-0.94482172,-0.22425154,0
0.63631821,-2.8120954,3.1448469,0.39962843,-0.11485407,0.90945351,0
-4.081193,2.0811632,-1.7580446,-0.23879623,0.94482172,0.22425154,0
0.28802443,2.7152481,-3.5955937,-0.39962843,0.11485407,-0.90945351,0
0.67432046,3.5156956,-2.6667821,-0.23879623,0.94482172,0.22425154,0
-1.486559,1.4539838,3.6396971,-0.23879623,0.94482172,0.22425154,0
-2.0204501,2.3902683,-0.96924579,-0.23879623,0.94482172,0.22425154,0
2.3396485,3.1296461,0.00028026104,0.88502765,0.30679137,-0.35015079,0
3.4322314,2.8721213,2.4005499,0.88502765,0.30679137,-0.35015079,0
0.77890164,1.8325446,3.6787741,0.39962843,-0.11485407,0.90945351,0
0.5700984,-1.5417297,-3.7245448,0.23879623,-0.94482172,-0.22425154,0
3.8117044,1.1054916,2.1611104,0.88502765,0.30679137,-0.35015079,0
2.741576,-0.75820756,-2.0419621,0.88502765,0.30679137,-0.35015079,0
-3.2664459,0.79574442,1.1473081,-0.88502765,-0.30679137,0.35015079,0
2.0822248,3.0091658,-0.51456761,0.88502765,0.30679137,-0.35015079,0
3.640882,-1.7904804,0.61137438,0.23879623,-0.94482172,-0.22425154,0
0.55063301,0.24755079,3.7150767,0.39962843,-0.11485407,0.90945351,0
-1.6416345,-2.2162905,2.2987039,-0.88502765,-0.30679137,0.35015079,0
1.0689652,1.5846196,3.5489995,0.39962843,-0.11485407,0.90945351,0
-3.9167819,0.0059353113,-2.1589971,-0.39962843,0.11485407,-0.90945351,0
-0.73710084,-2.8132474,-0.34566945,0.23879623,-0.94482172,-0.22425154,0
1.2614298,-1.6372378,-3.0384827,0.23879623,-0.94482172,-0.22425154,0
1.9482639,1.3736161,-2.2833452,0.88502765,0.30679137,-0.35015079,0
2.5570908,0.29394305,2.7994666,0.39962843,-0.11485407,0.90945351,0
-0.20054108,2.3816404,1.2616448,-0.23879623,0.94482172,0.22425154,0
