-2.92135,-1.4436429,-2.5744648,-0.89954191,0.30685699,-0.31090671,0
2.0415244,-2.4522874,-3.5179336,-0.042022675,-0.76921254,-0.63760972,0
-1.0752733,2.3175371,3.6463289,0.042022675,0.76921254,0.63760972,0
2.7268603,0.99015093,2.4749968,0.89954191,-0.30685699,0.31090671,0
-0.43206358,1.8059238,4.2646146,0.042022675,0.76921254,0.63760972,0
1.5531058,-2.4147573,2.658987,0.89954191,-0.30685699,0.31090671,0
3.2208509,-1.6095355,-1.5669638,0.89954191,-0.30685699,0.31090671,0
1.4120762,-2.2247665,3.2163067,0.89954191,-0.30685699,0.31090671,0
0.40624714,2.7005382,3.038806,0.042022675,0.76921254,0.63760972,0
3.822804,0.4133296,-0.70303679,0.89954191,-0.30685699,0.31090671,0
-3.3246853,-4.0738277,-1.1441438,-0.042022675,-0.76921254,-0.63760972,0
1.0295639,2.1051936,3.7433312,0.042022675,0.76921254,0.63760972,0
1.4236329,2.9012184,2.8301396,0.042022675,0.76921254,0.63760972,0
-1.7013733,2.4519145,-2.1867981,-0.89954191,0.30685699,-0.31090671,0
1.7531242,4.5844908,0.63182282,0.042022675,0.76921254,0.63760972,0
2.4605947,1.4123664,-1.7166359,0.43480837,0.5604915,-0.70483387,0
-1.0030122,-2.6189985,-3.1268616,-0.042022675,-0.76921254,-0.63760972,0
2.7610915,0.20751333,1.8284688,0.89954191,-0.30685699,0.31090671,0
-1.3712521,3.8505957,1.8421559,0.042022675,0.76921254,0.63760972,0
3.3132379,2.3626325,2.1031325,0.89954191,-0.30685699,0.31090671,0
3.8895445,0.82783031,-0.99954188,0.89954191,-0.30685699,0.31090671,0
-3.5602369,-3.2337887,-2.2586908,-0.042022675,-0.76921254,-0.63760972,0
0.93447644,-2.4629087,-3.5077021,-0.042022675,-0.76921254,-0.63760972,0
1.6704099,-2.1456966,2.5205083,0.89954191,-0.30685699,0.31090671,0
-1.3763609,4.6525283,-1.1443276,-0.89954191,0.30685699,-0.31090671,0
3.012193,3.0062671,2.3173881,0.042022675,0.76921254,0.63760972,0
2.44437,3.6377432,0.093008637,0.43480837,0.5604915,-0.70483387,0
2.0078022,-2.8902321,0.69684029,0.89954191,-0.30685699,0.31090671,0
2.6592813,-2.3487527,-0.64872813,0.89954191,-0.30685699,0.31090671,0
0.033791482,2.870589,2.9294734,0.042022675,0.76921254,0.63760972,0
3.4974325,-1.949656,-2.1433988,0.89954191,-0.30685699,0.31090671,0
3.5073771,0.12430239,-0.37490755,0.89954191,-0.30685699,0.31090671,0
3.7056088,-0.30716467,-2.3415561,0.43480837,0.5604915,-0.70483387,0
-1.0770893,4.428318,-1.3551846,0.43480837,0.5604915,-0.70483387,0
-0.86845517,2.3950148,3.4044056,0.042022675,0.76921254,0.63760972,0
-0.062235355,-3.3364549,-2.262958,-0.042022675,-0.76921254,-0.63760972,0
-0.51693773,2.9510875,-2.1013467,0.43480837,0.5604915,-0.70483387,0
-3.203387,-2.3763349,-2.6043735,-0.89954191,0.30685699,-0.31090671,0
-1.4989675,-0.99731243,-4.916482,-0.042022675,-0.76921254,-0.63760972,0
-3.704103,-0.93916559,0.13470489,-0.89954191,0.30685699,-0.31090671,0
4.0447159,1.8233924,-0.39426574,0.43480837,0.5604915,-0.70483387,0
-1.2578988,-0.84464598,-5.0191741,-0.042022675,-0.76921254,-0.63760972,0
0.29942191,-3.553297,-2.0654025,-0.042022675,-0.76921254,-0.63760972,0
-0.52460849,2.814738,2.8128495,0.042022675,0.76921254,0.63760972,0
0.97054064,-0.957219,-4.3826098,0.43480837,0.5604915,-0.70483387,0
3.0222993,-0.34385133,0.6283446,0.89954191,-0.30685699,0.31090671,0
-0.14405704,0.6927833,-3.8058338,0.43480837,0.5604915,-0.70483387,0
1.1198614,1.0328627,4.8851295,0.042022675,0.76921254,0.63760972,0
1.8858801,0.27144575,4.3865414,0.89954191,-0.30685699,0.31090671,0
1.994771,4.3461018,0.30117035,0.43480837,0.5604915,-0.70483387,0
-3.6820979,-3.7768121,-1.4210455,-0.042022675,-0.76921254,-0.63760972,0
-3.1586175,2.7926569,2.02896,-0.89954191,0.30685699,-0.31090671,0
-1.2935851,-3.1563959,-2.3155947,-0.042022675,-0.76921254,-0.63760972,0
-3.6577163,-0.56082773,1.6757572,-0.43480837,-0.5604915,0.70483387,0
3.2194903,1.3124657,-1.264725,0.43480837,0.5604915,-0.70483387,0
-2.5181003,2.3711834,0.052903652,-0.89954191,0.30685699,-0.31090671,0
1.6464443,-0.57639885,4.3307061,0.89954191,-0.30685699,0.31090671,0
0.6536113,3.2520318,2.2234559,0.042022675,0.76921254,0.63760972,0
3.2815461,-1.3251224,-1.3812805,0.89954191,-0.30685699,0.31090671,0
2.7045522,2.0428076,3.7445796,0.042022675,0.76921254,0.63760972,0
3.7324164,-0.087859154,-1.9676359,0.43480837,0.5604915,-0.70483387,0
1.3202746,1.024869,4.9247751,0.042022675,0.76921254,0.63760972,0
2.6141551,3.2874627,-0.14974296,0.43480837,0.5604915,-0.70483387,0
2.8195331,-2.2820501,-1.0045779,0.89954191,-0.30685699,0.31090671,0
2.1607115,0.73490095,4.4397116,0.89954191,-0.30685699,0.31090671,0
0.74792171,0.92670131,5.2398343,0.042022675,0.76921254,0.63760972,0
1.5547155,-3.4619133,-2.2305436,-0.042022675,-0.76921254,-0.63760972,0
-1.2345057,-4.0058484,0.17784429,-0.43480837,-0.5604915,0.70483387,0
-3.6720991,0.95827293,1.9268186,-0.89954191,0.30685699,-0.31090671,0
-1.9228964,2.5310402,-1.2835385,-0.89954191,0.30685699,-0.31090671,0
1.6623211,2.062669,-1.6655755,0.43480837,0.5604915,-0.70483387,0
1.0179631,-2.9883571,-2.6772151,-0.042022675,-0.76921254,-0.63760972,0
-1.399569,-2.0491283,-3.6110537,-0.042022675,-0.76921254,-0.63760972,0
1.5484455,2.7906337,2.7208924,0.042022675,0.76921254,0.63760972,0
-2.1407008,1.4268725,-1.8058913,-0.89954191,0.30685699,-0.31090671,0
-2.2605691,-1.3009527,-4.3826513,-0.89954191,0.30685699,-0.31090671,0
-2.9808197,2.5901043,1.628283,-0.89954191,0.30685699,-0.31090671,0
-3.8568826,-1.2879312,0.71954364,-0.43480837,-0.5604915,0.70483387,0
-2.3325772,-0.055850506,-2.6955142,-0.89954191,0.30685699,-0.31090671,0
0.091104984,0.72752392,-3.683377,0.43480837,0.5604915,-0.70483387,0
-1.3902425,1.7563622,4.3892655,0.042022675,0.76921254,0.63760972,0
2.0548768,2.2827499,-1.2794856,0.43480837,0.5604915,-0.70483387,0
-0.97809339,-2.9526458,1.3244029,-0.43480837,-0.5604915,0.70483387,0
-1.4690545,3.795958,1.6629257,0.042022675,0.76921254,0.63760972,0
-1.7018621,-3.8884826,-1.4099478,-0.042022675,-0.76921254,-0.63760972,0
3.1421201,1.9561567,-0.76768398,0.43480837,0.5604915,-0.70483387,0
3.1832018,0.50666928,-2.0113661,0.43480837,0.5604915,-0.70483387,0
-0.64392853,3.761595,-1.6158829,0.43480837,0.5604915,-0.70483387,0
-3.5147023,0.82254505,2.7945623,-0.43480837,-0.5604915,0.70483387,0
-2.3816152,-0.65010285,2.1739814,-0.43480837,-0.5604915,0.70483387,0
-2.7732475,-1.1629274,1.6176734,-0.43480837,-0.5604915,0.70483387,0
-3.1720414,1.6510875,3.6690912,-0.43480837,-0.5604915,0.70483387,0
-3.0737967,-2.3514447,-3.1733599,-0.042022675,-0.76921254,-0.63760972,0
0.96025467,1.809746,4.0165153,0.042022675,0.76921254,0.63760972,0
-0.27984285,4.0211639,-1.348753,0.43480837,0.5604915,-0.70483387,0
-1.9762797,-0.055372238,-3.8630428,-0.89954191,0.30685699,-0.31090671,0
-4.0152802,-3.8088055,-1.5016398,-0.042022675,-0.76921254,-0.63760972,0
1.5676829,2.3972623,3.1263845,0.042022675,0.76921254,0.63760972,0
-3.5197401,0.52125788,2.5403605,-0.43480837,-0.5604915,0.70483387,0
-2.2030041,0.72041249,-2.6584988,-0.89954191,0.30685699,-0.31090671,0
-1.6439531,4.5590606,-0.4532311,-0.89954191,0.30685699,-0.31090671,0
0.13105702,-1.8916118,2.9377785,-0.43480837,-0.5604915,0.70483387,0
1.8924749,-2.7788095,-2.9160709,-0.042022675,-0.76921254,-0.63760972,0
-2.0336716,4.428987,0.91523457,-0.89954191,0.30685699,-0.31090671,0
-0.94479942,-0.50003439,-5.3417988,0.43480837,0.5604915,-0.70483387,0
0.31227922,-2.1902893,2.7671533,-0.43480837,-0.5604915,0.70483387,0
-0.48851228,-0.77342111,3.4401743,-0.43480837,-0.5604915,0.70483387,0
1.6716062,-1.3721178,-4.2124901,0.43480837,0.5604915,-0.70483387,0
3.0360537,1.609051,2.1361592,0.89954191,-0.30685699,0.31090671,0
-3.2589154,2.4443598,2.4664099,-0.89954191,0.30685699,-0.31090671,0
-3.2850361,1.1245613,0.93759334,-0.89954191,0.30685699,-0.31090671,0
-0.02604723,-4.5728812,0.46748185,-0.43480837,-0.5604915,0.70483387,0
2.234447,-0.46163225,-3.1500893,0.43480837,0.5604915,-0.70483387,0
0.23790288,-0.71532917,-4.773746,0.43480837,0.5604915,-0.70483387,0
2.4246488,0.96283174,3.3648207,0.89954191,-0.30685699,0.31090671,0
1.1476685,-1.6449306,-4.2093363,-0.042022675,-0.76921254,-0.63760972,0
0.6577729,1.4219449,4.4675298,0.042022675,0.76921254,0.63760972,0
-2.6947823,3.4272759,2.3484373,0.042022675,0.76921254,0.63760972,0
3.1852522,3.7228694,0.68113887,0.43480837,0.5604915,-0.70483387,0
3.8409524,1.8496888,-0.42203781,0.43480837,0.5604915,-0.70483387,0
-0.81310821,0.55953944,4.2873468,-0.43480837,-0.5604915,0.70483387,0
1.6545491,-4.0208139,1.1219182,0.89954191,-0.30685699,0.31090671,0
0.91789007,3.0287237,-1.1559484,0.43480837,0.5604915,-0.70483387,0
-3.0968039,3.3768494,2.4782648,-0.89954191,0.30685699,-0.31090671,0
0.75250936,0.29157633,4.8620911,-0.43480837,-0.5604915,0.70483387,0
-3.0794077,-0.52600312,-1.3141456,-0.89954191,0.30685699,-0.31090671,0
-2.8735983,-2.9057984,0.17480886,-0.43480837,-0.5604915,0.70483387,0
2.2537298,1.5299037,-1.7093343,0.43480837,0.5604915,-0.70483387,0
-1.7907202,1.7224299,-2.6775141,-0.89954191,0.30685699,-0.31090671,0
3.5709209,0.51102924,-0.27603036,0.89954191,-0.30685699,0.31090671,0
0.066597506,-2.4256058,-3.2294321,-0.042022675,-0.76921254,-0.63760972,0
-3.009078,-1.5336802,-2.7609911,-0.89954191,0.30685699,-0.31090671,0
-0.66881227,-1.7009633,2.5198426,-0.43480837,-0.5604915,0.70483387,0
3.0156362,-1.6457951,-0.48147464,0.89954191,-0.30685699,0.31090671,0
-1.6823626,-1.6830707,-4.1437736,-0.042022675,-0.76921254,-0.63760972,0
2.1777132,0.20658326,3.3237662,0.89954191,-0.30685699,0.31090671,0
-0.48018718,1.5715485,4.4376602,0.042022675,0.76921254,0.63760972,0
1.2865448,-4.5735683,1.477381,0.89954191,-0.30685699,0.31090671,0
-1.4816639,-4.4883537,-0.82452106,-0.042022675,-0.76921254,-0.63760972,0
1.0334876,-2.1204648,-3.878006,-0.042022675,-0.76921254,-0.63760972,0
3.2638147,-2.3491299,-3.7920158,-0.042022675,-0.76921254,-0.63760972,0
2.1585522,4.4864244,0.54575205,0.43480837,0.5604915,-0.70483387,0
-0.3721385,4.6338959,-0.67514277,0.43480837,0.5604915,-0.70483387,0
1.7499623,-2.4613013,1.8596308,0.89954191,-0.30685699,0.31090671,0
-1.9748836,0.83362246,-3.1235232,-0.89954191,0.30685699,-0.31090671,0
3.4786978,0.21577215,-0.025213838,0.89954191,-0.30685699,0.31090671,0
-2.0005906,-1.3804657,1.9282849,-0.43480837,-0.5604915,0.70483387,0
3.2904673,0.58933568,0.52983522,0.89954191,-0.30685699,0.31090671,0
3.3664856,-0.99682808,-0.92081249,0.89954191,-0.30685699,0.31090671,0
1.5258355,2.0916488,-1.6001632,0.43480837,0.5604915,-0.70483387,0
2.8312876,-2.0731359,-0.31855273,0.89954191,-0.30685699,0.31090671,0
1.177109,1.5172457,-2.4328165,0.43480837,0.5604915,-0.70483387,0
0.60534024,0.38655138,-3.6641188,0.43480837,0.5604915,-0.70483387,0
1.2036693,3.1408455,-1.138676,0.43480837,0.5604915,-0.70483387,0
-3.5952458,2.2562075,3.7048044,-0.43480837,-0.5604915,0.70483387,0
3.3403401,-0.20709896,-2.3815081,0.43480837,0.5604915,-0.70483387,0
-1.8949633,3.1326008,-1.2008675,-0.89954191,0.30685699,-0.31090671,0
-3.3563991,2.7585723,3.2318954,0.042022675,0.76921254,0.63760972,0
-2.6415391,-3.3551421,-1.9472978,-0.042022675,-0.76921254,-0.63760972,0
-2.278214,0.89737606,3.6496377,-0.43480837,-0.5604915,0.70483387,0
2.7624524,-1.2471366,0.687163,0.89954191,-0.30685699,0.31090671,0
-1.9483891,-3.1791904,0.64269298,-0.43480837,-0.5604915,0.70483387,0
-0.072354704,-2.188966,-3.6347075,-0.042022675,-0.76921254,-0.63760972,0
-0.40834689,-1.3076353,-4.791903,-0.042022675,-0.76921254,-0.63760972,0
0.27652311,4.1348591,1.3518217,0.042022675,0.76921254,0.63760972,0
-2.0564082,-3.4381411,-2.0974078,-0.042022675,-0.76921254,-0.63760972,0
3.7509065,1.3312039,-0.88560611,0.43480837,0.5604915,-0.70483387,0
0.69332814,0.057526827,-3.798079,0.43480837,0.5604915,-0.70483387,0
1.9553301,3.1077423,2.2980213,0.042022675,0.76921254,0.63760972,0
-1.835268,1.8186457,-2.6592896,-0.89954191,0.30685699,-0.31090671,0
-1.1321859,0.98327416,-4.1079335,0.43480837,0.5604915,-0.70483387,0
-0.99012542,0.79106808,4.2613282,-0.43480837,-0.5604915,0.70483387,0
3.6964378,-1.563201,-2.5761027,0.89954191,-0.30685699,0.31090671,0
2.8424115,-0.50395226,1.010035,0.89954191,-0.30685699,0.31090671,0
-0.78392923,1.6545992,4.4371376,0.042022675,0.76921254,0.63760972,0
3.5318513,3.5873201,1.620954,0.042022675,0.76921254,0.63760972,0
-3.2192044,1.8410771,1.2710383,-0.89954191,0.30685699,-0.31090671,0
1.6525207,3.8965993,-0.22991037,0.43480837,0.5604915,-0.70483387,0
0.59705639,3.9305899,-0.64075518,0.43480837,0.5604915,-0.70483387,0
-2.840632,0.08285141,-1.5951746,-0.89954191,0.30685699,-0.31090671,0
-0.15715528,-0.22405605,-4.5043163,0.43480837,0.5604915,-0.70483387,0
-3.95486,0.33212519,1.9522306,-0.89954191,0.30685699,-0.31090671,0
3.338177,-0.76082945,-0.81131709,0.89954191,-0.30685699,0.31090671,0
0.47614527,-0.015029579,4.5203404,-0.43480837,-0.5604915,0.70483387,0
4.0670919,1.9473858,0.040324293,0.89954191,-0.30685699,0.31090671,0
-1.2641521,-4.3384628,-0.0057449341,-0.43480837,-0.5604915,0.70483387,0
1.1054852,-1.3365505,4.0129604,-0.43480837,-0.5604915,0.70483387,0
3.0312018,-0.93692732,-3.2180727,0.43480837,0.5604915,-0.70483387,0
-0.47391844,-2.7485597,1.7985363,-0.43480837,-0.5604915,0.70483387,0
-1.5039914,0.3676343,-4.8976421,0.43480837,0.5604915,-0.70483387,0
-2.7472284,1.1021514,-0.32418489,-0.89954191,0.30685699,-0.31090671,0
3.2647848,0.64325094,0.68341905,0.89954191,-0.30685699,0.31090671,0
3.8516831,3.5101984,1.6469222,0.042022675,0.76921254,0.63760972,0
0.19170451,1.0696225,5.0798216,0.042022675,0.76921254,0.63760972,0
2.6588593,2.9991651,2.3675623,0.042022675,0.76921254,0.63760972,0
1.9617529,-2.0944309,-3.8281045,-0.042022675,-0.76921254,-0.63760972,0
2.7350433,1.5852823,3.1742437,0.89954191,-0.30685699,0.31090671,0
-2.2982867,1.8977387,4.1452761,0.042022675,0.76921254,0.63760972,0
0.64934802,3.7189741,1.6019096,0.042022675,0.76921254,0.63760972,0
-3.8943262,-1.7120643,0.53308374,-0.43480837,-0.5604915,0.70483387,0
-0.35175776,4.4122105,1.0462716,0.042022675,0.76921254,0.63760972,0
3.2259021,-1.4553471,-1.2645437,0.89954191,-0.30685699,0.31090671,0
0.93474293,2.2048328,-1.9213214,0.43480837,0.5604915,-0.70483387,0
2.8386877,2.3574815,-0.61558127,0.43480837,0.5604915,-0.70483387,0
1.5607612,-3.6075969,-1.8781447,-0.042022675,-0.76921254,-0.63760972,0
-3.8939934,-2.3541017,-0.76792699,-0.89954191,0.30685699,-0.31090671,0
-0.94625235,-2.9661388,-2.5861878,-0.042022675,-0.76921254,-0.63760972,0
1.5673091,-4.7631416,0.34131479,0.89954191,-0.30685699,0.31090671,0
-0.10046089,3.3563671,2.1082408,0.042022675,0.76921254,0.63760972,0
-2.8645744,1.276221,-0.067040086,-0.89954191,0.30685699,-0.31090671,0
-3.2012725,1.1506598,0.47493351,-0.89954191,0.30685699,-0.31090671,0
-1.8982289,2.4107118,-1.7169462,-0.89954191,0.30685699,-0.31090671,0
2.2937374,-3.7558389,-0.94449949,0.89954191,-0.30685699,0.31090671,0
-3.5312109,1.6319056,3.4231746,-0.43480837,-0.5604915,0.70483387,0
1.0498717,4.3658748,0.7907989,0.042022675,0.76921254,0.63760972,0
0.99174339,2.4224949,3.3766732,0.042022675,0.76921254,0.63760972,0
-0.92111421,1.2750493,4.6687837,-0.43480837,-0.5604915,0.70483387,0
-3.3144577,-4.136466,-1.1391486,-0.042022675,-0.76921254,-0.63760972,0
1.7165844,-3.2914011,1.4582084,0.89954191,-0.30685699,0.31090671,0
-1.6647487,-1.7616494,-4.0403147,-0.042022675,-0.76921254,-0.63760972,0
-3.1279914,-3.3027411,-2.2089565,-0.042022675,-0.76921254,-0.63760972,0
3.207078,0.4073987,0.90367514,0.89954191,-0.30685699,0.31090671,0
-1.5678732,4.5512486,0.94080973,0.042022675,0.76921254,0.63760972,0
1.0918772,-1.7910712,-4.3158312,-0.042022675,-0.76921254,-0.63760972,0
0.79165411,4.7552767,0.35351849,0.042022675,0.76921254,0.63760972,0
0.70897675,-5.0769639,-0.22646785,-0.042022675,-0.76921254,-0.63760972,0
1.3800702,-1.2452524,4.1739559,-0.43480837,-0.5604915,0.70483387,0
2.8914623,0.73463845,1.7370491,0.89954191,-0.30685699,0.31090671,0
2.9078662,4.3723989,0.92926896,0.042022675,0.76921254,0.63760972,0
2.5472074,2.1931581,3.4219711,0.042022675,0.76921254,0.63760972,0
2.7414064,-0.34130216,-2.8390131,0.43480837,0.5604915,-0.70483387,0
2.8135762,-0.36895156,-2.7816675,0.43480837,0.5604915,-0.70483387,0
3.2275169,0.37214732,0.43168488,0.89954191,-0.30685699,0.31090671,0
-0.46149325,-0.82271594,3.2345467,-0.43480837,-0.5604915,0.70483387,0
0.51982355,-2.70944,2.2896099,-0.43480837,-0.5604915,0.70483387,0
1.2447109,-5.0438085,1.0621161,-0.43480837,-0.5604915,0.70483387,0
1.2875057,3.1709032,2.2460468,0.042022675,0.76921254,0.63760972,0
0.84566545,4.7459564,0.49732518,0.042022675,0.76921254,0.63760972,0
-1.023315,4.6825929,0.80035424,0.042022675,0.76921254,0.63760972,0
0.71556735,-3.6526213,-2.0509472,-0.042022675,-0.76921254,-0.63760972,0
3.8504961,-1.8547726,-3.4755239,0.43480837,0.5604915,-0.70483387,0
2.5876613,1.4010949,3.7727618,0.89954191,-0.30685699,0.31090671,0
3.359108,3.1430521,2.3452902,0.042022675,0.76921254,0.63760972,0
1.4689689,-5.2340965,0.032174826,0.89954191,-0.30685699,0.31090671,0
-1.6542636,1.5945072,4.4378824,-0.43480837,-0.5604915,0.70483387,0
-1.5686162,2.7797029,-2.6053197,-0.89954191,0.30685699,-0.31090671,0
2.8477123,-2.1836867,-3.7657361,-0.042022675,-0.76921254,-0.63760972,0
3.4280703,2.5839655,2.1682408,0.89954191,-0.30685699,0.31090671,0
-3.8994937,-3.2199874,-1.4504497,-0.89954191,0.30685699,-0.31090671,0
1.4602183,-2.3770003,-3.4287167,-0.042022675,-0.76921254,-0.63760972,0
0.49846435,-4.5869632,-0.64234281,-0.042022675,-0.76921254,-0.63760972,0
-0.36070776,5.1645298,-0.45318294,0.43480837,0.5604915,-0.70483387,0
0.86695719,-0.66426718,4.3637376,-0.43480837,-0.5604915,0.70483387,0
-2.7258611,-4.0393028,-0.7513746,-0.43480837,-0.5604915,0.70483387,0
2.0250695,0.42625928,4.4544005,0.89954191,-0.30685699,0.31090671,0
-1.5181977,-2.5249867,-3.1405058,-0.042022675,-0.76921254,-0.63760972,0
-1.3642688,3.454607,-2.3788829,0.43480837,0.5604915,-0.70483387,0
1.2763832,-2.0546465,-3.9553642,-0.042022675,-0.76921254,-0.63760972,0
-1.5486977,2.5142682,-2.9327466,-0.89954191,0.30685699,-0.31090671,0
-1.4662739,3.7200618,1.7441268,0.042022675,0.76921254,0.63760972,0
-2.7489543,-0.96280265,1.6888374,-0.43480837,-0.5604915,0.70483387,0
-3.0568078,-3.1124911,-0.18548143,-0.43480837,-0.5604915,0.70483387,0
2.5791876,-0.90583062,1.1481113,0.89954191,-0.30685699,0.31090671,0
1.1553049,4.3323531,1.0138245,0.042022675,0.76921254,0.63760972,0
-2.7080846,-2.7163882,-2.7944181,-0.042022675,-0.76921254,-0.63760972,0
1.459939,-0.73354661,4.4551301,0.89954191,-0.30685699,0.31090671,0
2.5242944,2.6163979,-0.56547105,0.43480837,0.5604915,-0.70483387,0
-3.4689777,1.915674,2.1517835,-0.89954191,0.30685699,-0.31090671,0
3.765584,-0.87615347,-2.2505288,0.89954191,-0.30685699,0.31090671,0
-3.4514887,2.2013381,2.5757017,-0.89954191,0.30685699,-0.31090671,0
-1.9148188,-4.6888266,-0.59088635,-0.43480837,-0.5604915,0.70483387,0
2.5297699,3.1997731,2.3206978,0.042022675,0.76921254,0.63760972,0
-1.4187315,2.9175,-2.5777431,-0.89954191,0.30685699,-0.31090671,0
-3.1997814,2.5776961,2.0546105,-0.89954191,0.30685699,-0.31090671,0
-2.8673086,-2.5946064,-2.9105427,-0.042022675,-0.76921254,-0.63760972,0
1.5454803,-4.9500976,0.3597579,0.89954191,-0.30685699,0.31090671,0
-3.7401543,-2.9476182,-1.5161867,-0.89954191,0.30685699,-0.31090671,0
-1.9731866,-0.4045248,-4.4807653,-0.89954191,0.30685699,-0.31090671,0
2.4719551,-1.299859,0.93714148,0.89954191,-0.30685699,0.31090671,0
-3.7732992,-1.0771949,0.28588861,-0.89954191,0.30685699,-0.31090671,0
2.8708239,-2.00933,-0.88719511,0.89954191,-0.30685699,0.31090671,0
0.07185936,1.0656083,4.9998384,0.042022675,0.76921254,0.63760972,0
-0.94737768,3.6969149,-1.8451912,0.43480837,0.5604915,-0.70483387,0
-3.7678261,-0.39854813,0.95882535,-0.89954191,0.30685699,-0.31090671,0
-0.46929324,-3.3397956,-2.3377366,-0.042022675,-0.76921254,-0.63760972,0
-3.1144123,-1.2408922,1.3996345,-0.43480837,-0.5604915,0.70483387,0
3.353009,0.18348813,0.35420227,0.89954191,-0.30685699,0.31090671,0
0.95878243,0.67917216,-3.1294918,0.43480837,0.5604915,-0.70483387,0
-1.477299,-2.9431665,-2.481916,-0.042022675,-0.76921254,-0.63760972,0
1.3562686,4.2588868,0.91908956,0.042022675,0.76921254,0.63760972,0
1.9669679,-0.17276335,-3.1485987,0.43480837,0.5604915,-0.70483387,0
-1.6070571,2.0848002,3.7737367,0.042022675,0.76921254,0.63760972,0
0.071048975,1.5422864,4.5099487,0.042022675,0.76921254,0.63760972,0
-1.125293,2.2584825,3.7324667,0.042022675,0.76921254,0.63760972,0
0.6479454,4.8390522,-0.0014305115,0.43480837,0.5604915,-0.70483387,0
1.4548805,3.596209,-0.39306796,0.43480837,0.5604915,-0.70483387,0
-2.4980707,-1.5430982,-4.1954041,-0.89954191,0.30685699,-0.31090671,0
3.8800662,3.4275107,1.7725432,0.89954191,-0.30685699,0.31090671,0
-1.986969,0.21800447,-3.8811812,-0.89954191,0.30685699,-0.31090671,0
-1.850155,1.0648389,-3.114934,-0.89954191,0.30685699,-0.31090671,0
3.0442572,-1.817354,-1.1478567,0.89954191,-0.30685699,0.31090671,0
-1.6851447,3.6003342,-1.2539899,-0.89954191,0.30685699,-0.31090671,0
1.0150127,-5.4778671,0.23817229,-0.042022675,-0.76921254,-0.63760972,0
3.649971,0.75089979,-0.12073541,0.89954191,-0.30685699,0.31090671,0
-3.4953372,2.6009517,2.757215,-0.89954191,0.30685699,-0.31090671,0
-1.1149229,1.1822439,4.4755998,-0.43480837,-0.5604915,0.70483387,0
-0.58757567,1.1756719,-3.6831775,0.43480837,0.5604915,-0.70483387,0
-0.65502262,3.8327866,-1.6699301,0.43480837,0.5604915,-0.70483387,0
-1.2418547,-4.5321083,-0.17701745,-0.43480837,-0.5604915,0.70483387,0
2.0998957,-1.8243244,1.5047019,0.89954191,-0.30685699,0.31090671,0
-1.9734961,-1.2178071,-4.5883989,-0.042022675,-0.76921254,-0.63760972,0
0.85510635,4.6003017,-0.18495488,0.43480837,0.5604915,-0.70483387,0
-2.8065753,-0.41105843,2.2199214,-0.43480837,-0.5604915,0.70483387,0
2.5441425,3.4677157,1.8957858,0.042022675,0.76921254,0.63760972,0
2.4581151,-3.6094186,-1.0033395,0.89954191,-0.30685699,0.31090671,0
0.16909206,-1.6977173,-4.0833831,-0.042022675,-0.76921254,-0.63760972,0
1.7147284,0.568802,-2.6538649,0.43480837,0.5604915,-0.70483387,0
1.3732986,1.3323429,-2.2169356,0.43480837,0.5604915,-0.70483387,0
1.5088754,-0.33850586,-3.7251542,0.43480837,0.5604915,-0.70483387,0
-3.1508634,-2.8703618,0.044117451,-0.43480837,-0.5604915,0.70483387,0
2.0969906,0.59620404,4.4593191,0.89954191,-0.30685699,0.31090671,0
1.7747307,-3.235003,1.4296795,0.89954191,-0.30685699,0.31090671,0
4.1071424,0.87377834,-1.0659177,0.89954191,-0.30685699,0.31090671,0
-2.9844878,-3.0250733,-0.053511143,-0.43480837,-0.5604915,0.70483387,0
2.3885937,0.82248688,-2.2285106,0.43480837,0.5604915,-0.70483387,0
3.9896159,3.835279,1.3414986,0.43480837,0.5604915,-0.70483387,0
-2.7897031,0.51103091,3.0330577,-0.43480837,-0.5604915,0.70483387,0
-0.058270246,-2.5362079,-3.2324224,-0.042022675,-0.76921254,-0.63760972,0
0.736022,2.5103402,3.3199987,0.042022675,0.76921254,0.63760972,0
1.9213748,-1.4262371,2.9933741,0.89954191,-0.30685699,0.31090671,0
0.8084116,-0.23190361,4.7026048,-0.43480837,-0.5604915,0.70483387,0
-3.1477425,-3.1919744,-0.17340755,-0.43480837,-0.5604915,0.70483387,0
-2.7375338,-3.5551836,-1.7400711,-0.042022675,-0.76921254,-0.63760972,0
-1.0030825,1.2607884,-3.8312182,0.43480837,0.5604915,-0.70483387,0
2.197046,-4.2316475,-0.90716481,0.89954191,-0.30685699,0.31090671,0
2.4197025,2.511869,3.1071856,0.042022675,0.76921254,0.63760972,0
-2.0565143,3.2116997,-0.21652126,-0.89954191,0.30685699,-0.31090671,0
-3.3782532,-0.26567125,2.0941701,-0.43480837,-0.5604915,0.70483387,0
1.1842623,-4.4807334,-1.0719838,-0.042022675,-0.76921254,-0.63760972,0
0.07821846,-4.768002,-0.61944509,-0.042022675,-0.76921254,-0.63760972,0
-1.1443748,3.4152009,-2.3400197,0.43480837,0.5604915,-0.70483387,0
-1.3127315,-3.4116721,-2.1180472,-0.042022675,-0.76921254,-0.63760972,0
-2.4931405,0.94502902,-1.5930756,-0.89954191,0.30685699,-0.31090671,0
3.9367247,2.6897423,0.60780209,0.89954191,-0.30685699,0.31090671,0
-2.1314027,-0.99008715,-4.4795661,-0.89954191,0.30685699,-0.31090671,0
-2.5988712,3.1044309,2.8418407,0.042022675,0.76921254,0.63760972,0
-0.013681889,-3.8599379,-1.6996746,-0.042022675,-0.76921254,-0.63760972,0
-1.3357687,-0.81365252,2.775399,-0.43480837,-0.5604915,0.70483387,0
-3.5524375,-4.0048809,-1.1350189,-0.43480837,-0.5604915,0.70483387,0
-2.4345109,-2.7489846,0.61558974,-0.43480837,-0.5604915,0.70483387,0
0.2628493,-2.3300846,-3.5150628,-0.042022675,-0.76921254,-0.63760972,0
-3.0808249,2.8723466,2.9233427,0.042022675,0.76921254,0.63760972,0
-1.3384054,-0.39128113,3.0470786,-0.43480837,-0.5604915,0.70483387,0
-1.2608348,3.4957662,2.2612121,0.042022675,0.76921254,0.63760972,0
-0.88902092,-3.7139864,0.76969278,-0.43480837,-0.5604915,0.70483387,0
-4.0777206,-2.9304824,-0.51443201,-0.43480837,-0.5604915,0.70483387,0
1.8791449,1.3732738,-2.0912368,0.43480837,0.5604915,-0.70483387,0
-0.94663692,-3.1959057,-2.414072,-0.042022675,-0.76921254,-0.63760972,0
-3.5380313,1.3435726,3.1369326,-0.43480837,-0.5604915,0.70483387,0
2.3450341,-1.5774081,1.0865924,0.89954191,-0.30685699,0.31090671,0
1.0213289,3.1086996,-1.1289532,0.43480837,0.5604915,-0.70483387,0
-1.8806587,-2.0008519,-3.8631649,-0.042022675,-0.76921254,-0.63760972,0
3.8975365,2.0577118,-0.35086799,0.43480837,0.5604915,-0.70483387,0
-2.1743405,2.1316001,-1.0434765,-0.89954191,0.30685699,-0.31090671,0
3.5426888,0.22267723,-0.21445853,0.89954191,-0.30685699,0.31090671,0
-2.0179987,-0.48096406,-4.1018248,-0.89954191,0.30685699,-0.31090671,0
4.0117068,1.7645302,-0.053551756,0.89954191,-0.30685699,0.31090671,0
-1.985132,-3.1735091,0.4588896,-0.43480837,-0.5604915,0.70483387,0
0.17360497,-4.2569752,-1.1500978,-0.042022675,-0.76921254,-0.63760972,0
-0.37623215,-5.054019,-0.16570711,-0.042022675,-0.76921254,-0.63760972,0
0.66372836,2.3769803,3.3419921,0.042022675,0.76921254,0.63760972,0
1.0141029,-2.7168303,2.7810264,-0.43480837,-0.5604915,0.70483387,0
1.8130038,4.1187086,1.0382053,0.042022675,0.76921254,0.63760972,0
-2.0054362,3.3896458,-0.33614206,-0.89954191,0.30685699,-0.31090671,0
-3.3189297,0.15728188,2.2976704,-0.43480837,-0.5604915,0.70483387,0
1.2062417,2.3183122,3.3194411,0.042022675,0.76921254,0.63760972,0
-0.0088994503,0.2170517,-4.1215649,0.43480837,0.5604915,-0.70483387,0
3.8490176,2.5874755,0.098641843,0.43480837,0.5604915,-0.70483387,0
2.2629657,1.5512342,-1.756421,0.43480837,0.5604915,-0.70483387,0
-0.60098922,-2.9900537,-2.6475539,-0.042022675,-0.76921254,-0.63760972,0
-3.3545175,-2.8993051,-2.6194291,-0.042022675,-0.76921254,-0.63760972,0
-0.8347888,2.9137561,-2.3792093,0.43480837,0.5604915,-0.70483387,0
1.4552374,4.407855,0.92079139,0.042022675,0.76921254,0.63760972,0
-2.9998698,-0.39825892,-1.2779546,-0.89954191,0.30685699,-0.31090671,0
-1.7357852,-0.27761388,3.0115175,-0.43480837,-0.5604915,0.70483387,0
2.876184,-1.9165244,-0.39626765,0.89954191,-0.30685699,0.31090671,0
-2.2713912,-0.91094542,2.2712996,-0.43480837,-0.5604915,0.70483387,0
-1.8978364,-2.5740652,-3.0398159,-0.042022675,-0.76921254,-0.63760972,0
-1.5573056,-1.2065685,-4.6427712,-0.042022675,-0.76921254,-0.63760972,0
0.66907215,-0.28921229,-4.1975636,0.43480837,0.5604915,-0.70483387,0
-0.55818415,1.7049457,-3.1171989,0.43480837,0.5604915,-0.70483387,0
2.4887555,1.4773257,-1.679319,0.43480837,0.5604915,-0.70483387,0
-2.2352509,-0.38120341,-3.6189764,-0.89954191,0.30685699,-0.31090671,0
-0.36706328,-0.39438576,-4.6822262,0.43480837,0.5604915,-0.70483387,0
-3.2821202,1.0498719,1.0903156,-0.89954191,0.30685699,-0.31090671,0
2.4953129,2.4013808,3.120379,0.042022675,0.76921254,0.63760972,0
1.1522017,-5.0989494,-0.16307473,-0.042022675,-0.76921254,-0.63760972,0
4.0728979,3.1160285,0.81030321,0.89954191,-0.30685699,0.31090671,0
-0.94032717,2.6328335,-2.7046897,0.43480837,0.5604915,-0.70483387,0
2.0774078,2.5353041,-0.94404596,0.43480837,0.5604915,-0.70483387,0
-3.0734944,1.9185345,3.8031368,-0.43480837,-0.5604915,0.70483387,0
-1.8721157,-3.2009916,-2.398026,-0.042022675,-0.76921254,-0.63760972,0
-1.5400124,0.38830793,-4.7141094,-0.89954191,0.30685699,-0.31090671,0
-1.827234,2.2597842,-1.9233673,-0.89954191,0.30685699,-0.31090671,0
-2.4004917,-3.1650076,-2.2684698,-0.042022675,-0.76921254,-0.63760972,0
1.3167799,2.3451924,3.2150731,0.042022675,0.76921254,0.63760972,0
3.6116982,1.3876946,0.57457536,0.89954191,-0.30685699,0.31090671,0
2.6943169,-2.2912853,-0.55029225,0.89954191,-0.30685699,0.31090671,0
2.712523,-3.115694,-1.5613008,0.89954191,-0.30685699,0.31090671,0
-0.52975965,-1.1491067,2.997859,-0.43480837,-0.5604915,0.70483387,0
-0.72936749,-2.3696232,1.9966842,-0.43480837,-0.5604915,0.70483387,0
-0.32865548,3.4551325,2.2483783,0.042022675,0.76921254,0.63760972,0
-0.84199792,-2.3520904,-3.3446567,-0.042022675,-0.76921254,-0.63760972,0
-0.50140738,-0.85119307,-5.1136785,0.43480837,0.5604915,-0.70483387,0
2.2118919,3.9923952,1.3316318,0.042022675,0.76921254,0.63760972,0
-3.0876753,-1.3320053,-2.1255589,-0.89954191,0.30685699,-0.31090671,0
3.431025,-2.792383,-3.0249295,-0.042022675,-0.76921254,-0.63760972,0
-1.2182533,3.8420801,1.6447356,0.042022675,0.76921254,0.63760972,0
0.48029137,3.9289756,1.4499412,0.042022675,0.76921254,0.63760972,0
-1.6790113,1.9097033,-2.8644691,-0.89954191,0.30685699,-0.31090671,0
3.6255624,1.6072991,-0.67352885,0.43480837,0.5604915,-0.70483387,0
2.1833124,-0.91000223,-3.6999543,0.43480837,0.5604915,-0.70483387,0
-1.1320703,-1.9304887,-3.8320413,-0.042022675,-0.76921254,-0.63760972,0
-1.5466676,4.6795626,-0.66134357,-0.89954191,0.30685699,-0.31090671,0
2.2599845,-3.0784218,0.14913487,0.89954191,-0.30685699,0.31090671,0
-0.30765152,3.5127094,-1.6664585,0.43480837,0.5604915,-0.70483387,0
-2.0192823,-0.46142209,-4.2956629,-0.89954191,0.30685699,-0.31090671,0
0.060517371,2.8786757,2.7658324,0.042022675,0.76921254,0.63760972,0
2.9029348,-0.51305938,0.72304767,0.89954191,-0.30685699,0.31090671,0
-0.77137792,1.9301095,3.8705499,0.042022675,0.76921254,0.63760972,0
1.2727981,0.17401111,-3.2167192,0.43480837,0.5604915,-0.70483387,0
-0.085592747,3.8013101,1.7937012,0.042022675,0.76921254,0.63760972,0
3.4449015,-0.81873035,-0.94806111,0.89954191,-0.30685699,0.31090671,0
1.1048453,-1.4343706,3.6605756,-0.43480837,-0.5604915,0.70483387,0
3.4990027,3.2207651,2.1969163,0.042022675,0.76921254,0.63760972,0
0.36915064,-4.6915865,0.81717157,-0.43480837,-0.5604915,0.70483387,0
-1.5580873,2.0399842,-3.1306503,-0.89954191,0.30685699,-0.31090671,0
3.7025347,0.83218384,-0.43131524,0.89954191,-0.30685699,0.31090671,0
-1.7947909,-3.4250114,-2.0852554,-0.042022675,-0.76921254,-0.63760972,0
-2.867209,0.58259177,-0.49174219,-0.89954191,0.30685699,-0.31090671,0
-1.7507652,1.4656906,4.2671342,-0.43480837,-0.5604915,0.70483387,0
3.943552,2.2299263,0.3257935,0.89954191,-0.30685699,0.31090671,0
-1.6730275,-2.4041998,1.3597322,-0.43480837,-0.5604915,0.70483387,0
1.9578372,0.039030313,-3.0734696,0.43480837,0.5604915,-0.70483387,0
-2.5626004,1.5587468,-0.37975287,-0.89954191,0.30685699,-0.31090671,0
-3.3073297,1.7758963,3.5486681,-0.43480837,-0.5604915,0.70483387,0
1.9726975,-1.0665514,-3.833066,0.43480837,0.5604915,-0.70483387,0
-1.1705458,0.56615448,3.9336541,-0.43480837,-0.5604915,0.70483387,0
-0.3878572,1.517463,-3.3812037,0.43480837,0.5604915,-0.70483387,0
3.8039615,2.8137414,1.2356043,0.89954191,-0.30685699,0.31090671,0
2.5331235,-3.8509812,-1.8529251,-0.042022675,-0.76921254,-0.63760972,0
2.0406241,-4.3108664,-1.2446821,-0.042022675,-0.76921254,-0.63760972,0
-1.9420025,4.0477657,0.014372349,-0.89954191,0.30685699,-0.31090671,0
1.0595956,0.22846305,-3.3132746,0.43480837,0.5604915,-0.70483387,0
-3.39029,1.9127305,2.122962,-0.89954191,0.30685699,-0.31090671,0
1.0747077,-2.4508073,3.1058097,-0.43480837,-0.5604915,0.70483387,0
1.8709321,3.4683373,-0.41229284,0.43480837,0.5604915,-0.70483387,0
-1.6051025,1.8763179,4.2584705,0.042022675,0.76921254,0.63760972,0
-2.0084538,1.4543009,-2.684535,-0.89954191,0.30685699,-0.31090671,0
-2.1847482,1.1359212,3.7982883,-0.43480837,-0.5604915,0.70483387,0
1.0347972,1.7039542,-2.3945885,0.43480837,0.5604915,-0.70483387,0
-1.2870576,2.7002916,3.0588825,0.042022675,0.76921254,0.63760972,0
2.2687197,-2.4042993,0.48464704,0.89954191,-0.30685699,0.31090671,0
2.4965637,-0.89861345,-3.303901,0.43480837,0.5604915,-0.70483387,0
3.4720221,0.35776591,0.059816301,0.89954191,-0.30685699,0.31090671,0
-3.1840081,-1.4468501,1.257532,-0.43480837,-0.5604915,0.70483387,0
-1.5634117,-1.1839206,2.4739237,-0.43480837,-0.5604915,0.70483387,0
1.9925644,-3.7172828,0.069312811,0.89954191,-0.30685699,0.31090671,0
-3.3143859,-3.2681446,-2.0629003,-0.042022675,-0.76921254,-0.63760972,0
2.8587852,3.4402647,0.25560176,0.43480837,0.5604915,-0.70483387,0
-1.7488437,3.471364,-1.470124,-0.89954191,0.30685699,-0.31090671,0
-3.1019022,-0.37776399,-0.99470508,-0.89954191,0.30685699,-0.31090671,0
1.7608063,-1.5863897,2.9848018,0.89954191,-0.30685699,0.31090671,0
-0.78832245,3.340802,-2.0920916,0.43480837,0.5604915,-0.70483387,0
-2.6005297,2.6255829,3.3817306,0.042022675,0.76921254,0.63760972,0
1.5465188,0.86952758,5.2698665,0.042022675,0.76921254,0.63760972,0
-0.21230245,-4.0927262,-1.4166594,-0.042022675,-0.76921254,-0.63760972,0
-1.4300749,-0.9282918,-5.0355172,-0.042022675,-0.76921254,-0.63760972,0
-0.66683888,-0.84699297,3.1611469,-0.43480837,-0.5604915,0.70483387,0
3.3473921,-0.64592171,-0.84275949,0.89954191,-0.30685699,0.31090671,0
0.38217688,-4.4089088,-0.94160438,-0.042022675,-0.76921254,-0.63760972,0
0.40196323,4.6372547,0.64837456,0.042022675,0.76921254,0.63760972,0
3.9432595,1.242198,-0.79084623,0.43480837,0.5604915,-0.70483387,0
-1.1384497,2.4622979,3.3739486,0.042022675,0.76921254,0.63760972,0
2.0858052,-1.9353664,-3.9321606,-0.042022675,-0.76921254,-0.63760972,0
1.0691214,-1.0353967,4.0377274,-0.43480837,-0.5604915,0.70483387,0
1.3355355,3.7530801,-0.50991273,0.43480837,0.5604915,-0.70483387,0
-1.8000777,-2.0959582,1.4333726,-0.43480837,-0.5604915,0.70483387,0
-1.7457552,4.4635353,0.93053317,0.042022675,0.76921254,0.63760972,0
-3.164278,-0.68562531,-1.2016803,-0.89954191,0.30685699,-0.31090671,0
-1.2574079,1.3046368,-4.0270023,0.43480837,0.5604915,-0.70483387,0
0.066741705,1.9435822,-2.5488639,0.43480837,0.5604915,-0.70483387,0
0.46561193,3.6287017,-1.0075016,0.43480837,0.5604915,-0.70483387,0
0.035574913,-4.2043796,0.84054089,-0.43480837,-0.5604915,0.70483387,0
-2.761307,-4.1618986,-0.68332148,-0.43480837,-0.5604915,0.70483387,0
-0.085680246,2.7352684,3.0960765,0.042022675,0.76921254,0.63760972,0
3.5049691,-1.7193058,-2.4952326,0.89954191,-0.30685699,0.31090671,0
-2.068419,4.4267116,1.1317859,0.042022675,0.76921254,0.63760972,0
0.34595236,-2.0987356,-3.6899426,-0.042022675,-0.76921254,-0.63760972,0
0.78927755,0.71638066,5.312335,-0.43480837,-0.5604915,0.70483387,0
-3.4205017,0.38497448,0.45214033,-0.89954191,0.30685699,-0.31090671,0
0.47971624,2.1070051,3.7551739,0.042022675,0.76921254,0.63760972,0
-4.1711068,-3.4051485,-1.2300167,-0.89954191,0.30685699,-0.31090671,0
1.3950787,-2.625855,2.7303267,0.89954191,-0.30685699,0.31090671,0
-1.2060354,-0.21713161,3.2432673,-0.43480837,-0.5604915,0.70483387,0
-3.5663147,-4.0644503,-1.1853536,-0.042022675,-0.76921254,-0.63760972,0
0.53339386,-5.1560049,0.58737636,-0.43480837,-0.5604915,0.70483387,0
0.66800308,-3.9239588,-1.5015943,-0.042022675,-0.76921254,-0.63760972,0
0.41461885,1.4797384,4.5476069,0.042022675,0.76921254,0.63760972,0
-0.93346202,3.4258587,2.1403546,0.042022675,0.76921254,0.63760972,0
-1.9034699,-3.4577374,-1.8835218,-0.042022675,-0.76921254,-0.63760972,0
1.8936353,2.471379,-1.0565602,0.43480837,0.5604915,-0.70483387,0
-3.8828063,0.62360859,2.261961,-0.89954191,0.30685699,-0.31090671,0
-1.8086419,-1.5028591,1.9905748,-0.43480837,-0.5604915,0.70483387,0
0.40493631,-3.516273,1.7740833,-0.43480837,-0.5604915,0.70483387,0
-3.8273916,0.52874422,1.8130207,-0.89954191,0.30685699,-0.31090671,0
1.523191,-1.4808283,3.9169354,0.89954191,-0.30685699,0.31090671,0
-0.89711642,4.8628583,0.5431726,0.042022675,0.76921254,0.63760972,0
-1.0668328,4.4924078,1.025224,0.042022675,0.76921254,0.63760972,0
2.9982224,0.410923,1.1170007,0.89954191,-0.30685699,0.31090671,0
-1.7772357,1.0344139,-3.5200305,-0.89954191,0.30685699,-0.31090671,0
-2.8576326,1.1698604,-0.31140125,-0.89954191,0.30685699,-0.31090671,0
3.4160719,-0.27266026,-0.28738415,0.89954191,-0.30685699,0.31090671,0
3.7759194,-2.1241932,-3.2020884,0.89954191,-0.30685699,0.31090671,0
-2.2877591,0.8049264,-2.4926062,-0.89954191,0.30685699,-0.31090671,0
3.2118018,1.4482031,-1.1107819,0.43480837,0.5604915,-0.70483387,0
-3.6071649,0.51163912,0.99237847,-0.89954191,0.30685699,-0.31090671,0
-1.0532827,3.8726659,1.5283823,0.042022675,0.76921254,0.63760972,0
-0.61446738,-0.10855734,-4.7649412,0.43480837,0.5604915,-0.70483387,0
2.8152657,-1.1165254,-3.3455892,0.43480837,0.5604915,-0.70483387,0
1.4549093,-4.7895174,0.68576193,0.89954191,-0.30685699,0.31090671,0
-1.6041265,3.2253737,2.412504,0.042022675,0.76921254,0.63760972,0
-2.0865021,-0.44706178,2.6296723,-0.43480837,-0.5604915,0.70483387,0
-0.89737988,3.7817051,-1.7459897,0.43480837,0.5604915,-0.70483387,0
-2.7656171,2.8920362,3.0521927,0.042022675,0.76921254,0.63760972,0
0.73596674,2.1376669,3.5345905,0.042022675,0.76921254,0.63760972,0
3.5192261,1.4603767,0.97093183,0.89954191,-0.30685699,0.31090671,0
1.0491996,-3.1244218,2.4478707,-0.43480837,-0.5604915,0.70483387,0
0.14915895,4.7550559,0.59977269,0.042022675,0.76921254,0.63760972,0
0.53466368,3.4860618,1.8799974,0.042022675,0.76921254,0.63760972,0
-3.8814976,0.29795408,2.1661549,-0.43480837,-0.5604915,0.70483387,0
-1.1298606,-2.6950262,1.4528413,-0.43480837,-0.5604915,0.70483387,0
3.7246015,2.4786983,1.5060161,0.89954191,-0.30685699,0.31090671,0
-1.3881974,-4.6373348,-0.6545701,-0.042022675,-0.76921254,-0.63760972,0
-1.2850714,3.4867201,-2.1715786,0.43480837,0.5604915,-0.70483387,0
-2.3073387,3.030436,-0.2460525,-0.89954191,0.30685699,-0.31090671,0
1.2684631,-3.1447887,2.4065337,-0.43480837,-0.5604915,0.70483387,0
2.0415168,-3.0204782,-2.7287967,-0.042022675,-0.76921254,-0.63760972,0
-0.47072887,-4.0126796,-1.4312088,-0.042022675,-0.76921254,-0.63760972,0
2.4363148,0.86065626,-2.0249052,0.43480837,0.5604915,-0.70483387,0
-1.6824627,-4.1655226,-0.1993804,-0.43480837,-0.5604915,0.70483387,0
2.5204182,-0.89748263,-3.4543524,0.43480837,0.5604915,-0.70483387,0
1.8961124,-4.5716538,-0.28459144,0.89954191,-0.30685699,0.31090671,0
1.6867719,-3.9970086,0.85928917,0.89954191,-0.30685699,0.31090671,0
2.3845847,-2.5480282,0.052162886,0.89954191,-0.30685699,0.31090671,0
1.7711596,0.2991457,-2.8854644,0.43480837,0.5604915,-0.70483387,0
-0.52834463,-4.5470147,0.44530797,-0.43480837,-0.5604915,0.70483387,0
-1.0545115,3.0576315,-2.402612,0.43480837,0.5604915,-0.70483387,0
-2.5845883,-4.1006799,-0.62552881,-0.43480837,-0.5604915,0.70483387,0
-2.1686161,3.0731523,2.6684093,0.042022675,0.76921254,0.63760972,0
-1.3978615,5.2138929,-0.31499362,-0.89954191,0.30685699,-0.31090671,0
1.4453044,0.81100774,-2.6306317,0.43480837,0.5604915,-0.70483387,0
0.92330194,4.0710459,1.2530351,0.042022675,0.76921254,0.63760972,0
3.6022837,1.0994372,0.36662811,0.89954191,-0.30685699,0.31090671,0
-2.6991231,1.5260928,-0.1662941,-0.89954191,0.30685699,-0.31090671,0
-3.696332,-1.7492714,-0.87281418,-0.89954191,0.30685699,-0.31090671,0
1.0460715,-2.4682982,2.9872737,-0.43480837,-0.5604915,0.70483387,0
-2.5573683,-0.71244502,-2.8282015,-0.89954191,0.30685699,-0.31090671,0
0.20185781,4.5007849,0.96481919,0.042022675,0.76921254,0.63760972,0
0.33474255,-2.4208395,2.433814,-0.43480837,-0.5604915,0.70483387,0
-2.8616898,3.0997674,2.6462805,0.042022675,0.76921254,0.63760972,0
-1.9293091,3.2492905,2.6157656,0.042022675,0.76921254,0.63760972,0
-0.28164959,3.6301003,1.7689714,0.042022675,0.76921254,0.63760972,0
1.5211656,-3.9867833,1.3002372,0.89954191,-0.30685699,0.31090671,0
-3.9163749,0.81925535,2.2456827,-0.89954191,0.30685699,-0.31090671,0
-1.721313,-1.1887913,2.2066932,-0.43480837,-0.5604915,0.70483387,0
-1.9525521,-1.4159136,2.0093958,-0.43480837,-0.5604915,0.70483387,0
0.21291852,0.21902439,-4.0719843,0.43480837,0.5604915,-0.70483387,0
-3.591418,-2.5152867,-1.7660818,-0.89954191,0.30685699,-0.31090671,0
-1.1767852,2.8776979,-2.558399,0.43480837,0.5604915,-0.70483387,0
-2.1369374,-2.1087079,-3.7445672,-0.042022675,-0.76921254,-0.63760972,0
-0.50479585,-2.425545,-3.2372804,-0.042022675,-0.76921254,-0.63760972,0
3.3522267,-1.8335903,-3.5811477,0.43480837,0.5604915,-0.70483387,0
3.7547729,-0.53463888,-1.7962402,0.89954191,-0.30685699,0.31090671,0
1.6087284,2.008584,3.8876557,0.042022675,0.76921254,0.63760972,0
