0.96663713,-4.2703757,-1.7712047,0.43385637,-0.75735044,-0.48804605,0
-3.3665206,-1.2254667,0.23215693,-0.8704716,-0.21257138,-0.44395101,0
-2.0086985,-0.0022457242,3.4904573,-0.2324819,-0.61744118,0.7514776,0
-0.61324406,-0.050294638,3.8569279,-0.2324819,-0.61744118,0.7514776,0
-3.0745993,4.2150822,-1.5634047,0.2324819,0.61744118,-0.7514776,0
2.0447078,-1.3731245,-4.410686,0.2324819,0.61744118,-0.7514776,0
-1.5717695,3.6117015,-1.4282634,0.2324819,0.61744118,-0.7514776,0
2.9244876,-2.5010998,2.4034481,0.8704716,0.21257138,0.44395101,0
2.1379147,4.6217499,0.42735434,0.2324819,0.61744118,-0.7514776,0
-1.0633169,3.062583,3.56179,-0.43385637,0.75735044,0.48804605,0
0.74377716,-0.71875107,-4.2400584,0.2324819,0.61744118,-0.7514776,0
-0.3570137,3.1074576,-1.5406507,0.2324819,0.61744118,-0.7514776,0
1.4381009,0.22266507,-3.3595862,0.2324819,0.61744118,-0.7514776,0
-2.7469873,-3.1156449,0.02712822,-0.8704716,-0.21257138,-0.44395101,0
-4.5603695,0.38633943,2.0330265,-0.8704716,-0.21257138,-0.44395101,0
-1.3488091,-0.34053969,3.3669672,-0.2324819,-0.61744118,0.7514776,0
3.3985727,0.23238146,-2.8635623,0.2324819,0.61744118,-0.7514776,0
-1.2726676,4.84798,0.61224699,-0.43385637,0.75735044,0.48804605,0
1.7826476,1.2064769,2.8414557,0.8704716,0.21257138,0.44395101,0
2.3294721,-0.018023968,2.0630774,0.8704716,0.21257138,0.44395101,0
-0.74401498,4.9817305,0.99471831,-0.43385637,0.75735044,0.48804605,0
3.1358666,-0.57591259,-3.380796,0.2324819,0.61744118,-0.7514776,0
-3.3874376,-0.027937651,-0.24350974,-0.8704716,-0.21257138,-0.44395101,0
0.69482934,0.83786654,-3.1568892,0.2324819,0.61744118,-0.7514776,0
-0.30785155,4.337348,-0.5567503,0.2324819,0.61744118,-0.7514776,0
-2.7526095,-0.62381959,-1.149784,-0.8704716,-0.21257138,-0.44395101,0
1.0307529,3.8934937,2.8068626,0.8704716,0.21257138,0.44395101,0
-2.1305342,3.8148949,1.3652627,-0.43385637,0.75735044,0.48804605,0
-5.0432997,1.7065046,2.1879876,-0.43385637,0.75735044,0.48804605,0
4.1525946,-0.064646482,-2.6575074,0.2324819,0.61744118,-0.7514776,0
-2.5308235,2.3643131,3.2006612,-0.43385637,0.75735044,0.48804605,0
0.84958017,-2.0423326,-5.3068171,0.43385637,-0.75735044,-0.48804605,0
4.0537481,-2.5552473,-1.7617886,0.43385637,-0.75735044,-0.48804605,0
-1.6718057,3.0495181,2.9539566,-0.43385637,0.75735044,0.48804605,0
-1.9291234,2.9941955,2.7303545,-0.43385637,0.75735044,0.48804605,0
1.9199005,-4.2308674,-0.90772104,0.43385637,-0.75735044,-0.48804605,0
-2.4119,3.0206342,2.3799272,-0.43385637,0.75735044,0.48804605,0
3.5449674,-0.74740076,-3.4356666,0.2324819,0.61744118,-0.7514776,0
2.7601342,-1.9710541,-3.6905499,0.43385637,-0.75735044,-0.48804605,0
-2.7470484,0.93020862,3.8434713,-0.2324819,-0.61744118,0.7514776,0
0.32788038,2.9599128,-1.421618,0.2324819,0.61744118,-0.7514776,0
-2.5886376,1.3292184,-2.298243,-0.8704716,-0.21257138,-0.44395101,0
1.8352079,-0.94817507,-4.09764,0.2324819,0.61744118,-0.7514776,0
-3.8674083,2.0937815,2.5966001,-0.43385637,0.75735044,0.48804605,0
-1.7161974,-2.8678436,-1.8488286,-0.8704716,-0.21257138,-0.44395101,0
3.0067327,-4.7749448,0.73952794,0.43385637,-0.75735044,-0.48804605,0
4.2343059,-3.0765753,-0.251683,0.8704716,0.21257138,0.44395101,0
1.0976439,5.6385713,1.5789866,-0.43385637,0.75735044,0.48804605,0
-1.3510513,-4.8388762,-1.9209197,-0.8704716,-0.21257138,-0.44395101,0
2.1155951,-1.8802512,-4.3456631,0.43385637,-0.75735044,-0.48804605,0
0.7204175,-3.8647473,-2.7319679,0.43385637,-0.75735044,-0.48804605,0
3.1816244,2.2776399,-0.74267721,0.8704716,0.21257138,0.44395101,0
3.1494682,-2.6460161,-2.38551,0.43385637,-0.75735044,-0.48804605,0
2.4643321,0.18072414,2.0592723,0.8704716,0.21257138,0.44395101,0
2.7391026,0.25157845,-3.0175264,0.2324819,0.61744118,-0.7514776,0
-3.5998812,1.5309368,3.5704782,-0.43385637,0.75735044,0.48804605,0
2.6637392,-4.4974766,-0.01871109,0.43385637,-0.75735044,-0.48804605,0
2.0825429,4.2320518,0.83783317,0.8704716,0.21257138,0.44395101,0
0.74823427,0.19188976,4.4071693,-0.2324819,-0.61744118,0.7514776,0
4.2937279,-2.9582925,-0.090580463,0.8704716,0.21257138,0.44395101,0
1.0190976,4.2421923,2.5668511,0.8704716,0.21257138,0.44395101,0
0.57744968,-0.91358137,3.4332867,-0.2324819,-0.61744118,0.7514776,0
3.1741199,-1.6494248,1.1546181,0.8704716,0.21257138,0.44395101,0
-0.33769035,1.0072908,-3.2576609,0.2324819,0.61744118,-0.7514776,0
-3.712039,3.394937,-1.2419689,-0.8704716,-0.21257138,-0.44395101,0
-4.0319533,-1.1017575,1.9647543,-0.2324819,-0.61744118,0.7514776,0
-4.394722,-0.55205059,2.1371117,-0.8704716,-0.21257138,-0.44395101,0
3.4431,-3.4246342,1.6613852,0.8704716,0.21257138,0.44395101,0
1.0158027,1.5799372,3.9339023,0.8704716,0.21257138,0.44395101,0
-2.3184705,3.7198262,-1.7693846,0.2324819,0.61744118,-0.7514776,0
1.0174329,-4.818368,-0.86668444,0.43385637,-0.75735044,-0.48804605,0
2.327738,-2.7639351,-2.6891575,0.43385637,-0.75735044,-0.48804605,0
-1.1555502,-5.3800788,-1.9175487,0.43385637,-0.75735044,-0.48804605,0
2.6064043,3.3432446,0.089173317,0.8704716,0.21257138,0.44395101,0
2.3309312,-0.25322604,-3.5105391,0.2324819,0.61744118,-0.7514776,0
2.9456129,-0.50649643,1.4128426,0.8704716,0.21257138,0.44395101,0
3.1858339,-3.4922032,-0.78552914,0.43385637,-0.75735044,-0.48804605,0
3.7086506,-3.6123648,-0.12552476,0.43385637,-0.75735044,-0.48804605,0
-0.023784161,4.7165442,-0.19320846,0.2324819,0.61744118,-0.7514776,0
-2.4733808,4.8349771,-0.64371538,-0.43385637,0.75735044,0.48804605,0
3.1774478,1.853869,-0.45210004,0.8704716,0.21257138,0.44395101,0
0.45358878,-2.1603189,-5.540575,0.43385637,-0.75735044,-0.48804605,0
-3.1198654,-0.35202265,-0.24931374,-0.8704716,-0.21257138,-0.44395101,0
2.5434854,-4.5979476,0.16242361,0.43385637,-0.75735044,-0.48804605,0
2.8965533,-1.7182215,-4.1571956,0.43385637,-0.75735044,-0.48804605,0
0.032934308,-3.073277,-4.3703184,0.43385637,-0.75735044,-0.48804605,0
-3.0772893,1.8583275,3.5281796,-0.43385637,0.75735044,0.48804605,0
0.95972073,-3.7233906,-2.5097299,0.43385637,-0.75735044,-0.48804605,0
-4.1291165,-0.3351047,2.363492,-0.2324819,-0.61744118,0.7514776,0
0.56649566,2.7368021,-1.624156,0.2324819,0.61744118,-0.7514776,0
2.907383,2.3895676,0.11164236,0.8704716,0.21257138,0.44395101,0
-0.63780713,4.8563166,0.98099327,-0.43385637,0.75735044,0.48804605,0
2.2025373,1.8023648,1.7359084,0.8704716,0.21257138,0.44395101,0
1.7575681,3.1166878,1.8436766,0.8704716,0.21257138,0.44395101,0
-3.1567547,3.8672349,0.56732249,-0.43385637,0.75735044,0.48804605,0
-3.9986835,-0.37065983,1.0882084,-0.8704716,-0.21257138,-0.44395101,0
1.8998089,2.9631841,-1.0153494,0.2324819,0.61744118,-0.7514776,0
0.8651998,-3.9732265,-2.1525812,0.43385637,-0.75735044,-0.48804605,0
3.2943621,2.3175712,-0.77061808,0.8704716,0.21257138,0.44395101,0
1.359959,-3.6713052,-2.5043197,0.43385637,-0.75735044,-0.48804605,0
3.7161989,-2.2616143,-2.5702064,0.43385637,-0.75735044,-0.48804605,0
2.3943372,-4.5253043,-0.090560198,0.43385637,-0.75735044,-0.48804605,0
0.44603443,-3.3519404,-3.7524631,0.43385637,-0.75735044,-0.48804605,0
-1.3754426,-3.1774521,-2.5595226,-0.8704716,-0.21257138,-0.44395101,0
1.0655708,5.7307215,1.1768174,-0.43385637,0.75735044,0.48804605,0
-0.87359762,-4.8800836,-2.2976179,0.43385637,-0.75735044,-0.48804605,0
-4.2314887,3.3598759,0.35888743,-0.43385637,0.75735044,0.48804605,0
-2.0503592,2.2303164,3.9638591,-0.43385637,0.75735044,0.48804605,0
5.1770267,-1.0482211,-2.9679191,0.43385637,-0.75735044,-0.48804605,0
-0.96903062,-1.6225178,2.2772512,-0.2324819,-0.61744118,0.7514776,0
-1.5376961,1.483578,4.8542905,-0.2324819,-0.61744118,0.7514776,0
-2.9730382,1.2226,-1.3845432,-0.8704716,-0.21257138,-0.44395101,0
0.3740443,-0.56736112,3.7655427,-0.2324819,-0.61744118,0.7514776,0
0.092448235,-5.4371729,-0.88812494,0.43385637,-0.75735044,-0.48804605,0
-1.7757215,5.1305714,-0.12281871,-0.43385637,0.75735044,0.48804605,0
-1.789171,-3.6934805,0.43551707,-0.2324819,-0.61744118,0.7514776,0
3.2847152,0.94732976,-0.17246389,0.8704716,0.21257138,0.44395101,0
-0.27856028,0.80973768,4.6483307,-0.2324819,-0.61744118,0.7514776,0
-3.8881743,0.54166532,3.1695676,-0.2324819,-0.61744118,0.7514776,0
0.23398066,4.3211603,2.8796172,-0.43385637,0.75735044,0.48804605,0
1.12007,-2.8785486,-3.7063289,0.43385637,-0.75735044,-0.48804605,0
-2.201277,-1.296026,-1.8630682,-0.8704716,-0.21257138,-0.44395101,0
-1.6535022,-4.3381009,-1.3853059,-0.8704716,-0.21257138,-0.44395101,0
-0.35950673,3.3260114,3.7780492,-0.43385637,0.75735044,0.48804605,0
4.4056234,-2.3603439e-05,-1.7741122,0.8704716,0.21257138,0.44395101,0
1.4099786,-0.32842004,-3.9215326,0.2324819,0.61744118,-0.7514776,0
-0.9874115,3.7153165,-1.3437288,0.2324819,0.61744118,-0.7514776,0
2.1463673,-2.2200594,-3.6877208,0.43385637,-0.75735044,-0.48804605,0
-1.4148235,2.2557225,4.4314828,-0.43385637,0.75735044,0.48804605,0
1.1625171,-2.7577293,2.1425588,-0.2324819,-0.61744118,0.7514776,0
1.1190543,-0.3706758,-4.0764976,0.2324819,0.61744118,-0.7514776,0
-1.6252666,-5.6199894,-1.0079737,-0.2324819,-0.61744118,0.7514776,0
-0.34408855,4.5061631,1.8314619,-0.43385637,0.75735044,0.48804605,0
-2.9175949,-3.1235905,0.44994617,-0.8704716,-0.21257138,-0.44395101,0
-1.0995548,3.7526855,-1.378474,0.2324819,0.61744118,-0.7514776,0
-2.0856264,4.8500009,-0.72459912,0.2324819,0.61744118,-0.7514776,0
-2.8379579,-2.5930438,1.0473602,-0.2324819,-0.61744118,0.7514776,0
1.6455245,-4.67033,0.54221749,-0.2324819,-0.61744118,0.7514776,0
-0.64573979,0.10835528,3.8446422,-0.2324819,-0.61744118,0.7514776,0
0.79666519,4.9973888,0.23676157,0.2324819,0.61744118,-0.7514776,0
2.4902925,-2.4851213,-3.3047962,0.43385637,-0.75735044,-0.48804605,0
-0.11397362,-5.2804089,-0.30514574,-0.2324819,-0.61744118,0.7514776,0
3.3160806,0.67242575,-0.14257276,0.8704716,0.21257138,0.44395101,0
-0.38436246,-2.1322951,-5.0025396,-0.8704716,-0.21257138,-0.44395101,0
-1.6761138,3.7048433,-1.4034749,0.2324819,0.61744118,-0.7514776,0
-2.9016538,2.7777572,-2.2668412,-0.8704716,-0.21257138,-0.44395101,0
-1.0710883,-5.6377106,-1.0193329,-0.2324819,-0.61744118,0.7514776,0
-3.2619858,1.7806668,-1.1354376,-0.8704716,-0.21257138,-0.44395101,0
0.43195713,0.50995183,-3.5413952,0.2324819,0.61744118,-0.7514776,0
-2.8109379,1.9453068,3.6003735,-0.43385637,0.75735044,0.48804605,0
-0.56862974,3.5569439,3.1604071,-0.43385637,0.75735044,0.48804605,0
-0.99380207,4.0786037,2.0124745,-0.43385637,0.75735044,0.48804605,0
4.4218149,0.55131841,-1.9704249,0.8704716,0.21257138,0.44395101,0
-1.0935737,-1.082978,-4.2040997,-0.8704716,-0.21257138,-0.44395101,0
2.0861571,-3.9580088,1.4319328,-0.2324819,-0.61744118,0.7514776,0
-0.43452787,-5.6011992,-0.81941414,-0.2324819,-0.61744118,0.7514776,0
0.3799336,-0.44024396,3.7336926,-0.2324819,-0.61744118,0.7514776,0
-3.3135939,4.3327055,-1.4015172,0.2324819,0.61744118,-0.7514776,0
0.35544395,-3.317492,-3.7224069,0.43385637,-0.75735044,-0.48804605,0
1.070657,1.9226193,3.6867425,0.8704716,0.21257138,0.44395101,0
-0.57699776,2.6393905,4.406899,-0.43385637,0.75735044,0.48804605,0
3.6145594,0.13063395,-2.7429225,0.2324819,0.61744118,-0.7514776,0
-1.4270866,2.7035697,-2.1589916,0.2324819,0.61744118,-0.7514776,0
-1.0800333,5.0566049,0.5998385,-0.43385637,0.75735044,0.48804605,0
2.6693933,-4.7234521,0.62800097,0.43385637,-0.75735044,-0.48804605,0
-0.12891142,-2.0357003,-5.5724211,0.2324819,0.61744118,-0.7514776,0
0.22022676,-4.0796485,0.79173136,-0.2324819,-0.61744118,0.7514776,0
0.68385673,-4.2944989,-1.8414097,0.43385637,-0.75735044,-0.48804605,0
2.5514448,3.3735681,0.35921931,0.8704716,0.21257138,0.44395101,0
-2.5496943,-0.66751844,2.5306504,-0.2324819,-0.61744118,0.7514776,0
-4.7892833,0.84396863,2.4135926,-0.8704716,-0.21257138,-0.44395101,0
-1.0765221,2.1505451,4.7961464,-0.43385637,0.75735044,0.48804605,0
-2.3588774,2.231952,3.4988143,-0.43385637,0.75735044,0.48804605,0
0.6007843,5.5735922,0.88424015,0.2324819,0.61744118,-0.7514776,0
-3.0118353,3.6607389,1.0500903,-0.43385637,0.75735044,0.48804605,0
0.37095654,3.6190815,3.7846065,-0.43385637,0.75735044,0.48804605,0
-1.9860528,-3.7513318,-0.94265246,-0.8704716,-0.21257138,-0.44395101,0
-3.8874972,-0.38745451,0.90254861,-0.8704716,-0.21257138,-0.44395101,0
-3.4612832,-0.82510352,0.50679046,-0.8704716,-0.21257138,-0.44395101,0
3.305552,-3.2484472,1.8365731,0.8704716,0.21257138,0.44395101,0
0.30023909,5.1782498,1.4367597,-0.43385637,0.75735044,0.48804605,0
2.045197,3.1914592,-0.63328552,0.2324819,0.61744118,-0.7514776,0
4.7334871,-1.5167465,-1.8725908,0.8704716,0.21257138,0.44395101,0
4.2732563,-2.2818358,-1.9161543,0.43385637,-0.75735044,-0.48804605,0
2.9559495,1.1713696,0.42962897,0.8704716,0.21257138,0.44395101,0
-0.32468939,-5.1553345,-1.3177333,0.43385637,-0.75735044,-0.48804605,0
0.7747013,-1.2149056,-4.658638,0.2324819,0.61744118,-0.7514776,0
-1.7187303,-2.4550467,-2.353071,-0.8704716,-0.21257138,-0.44395101,0
-2.0743346,3.8071601,1.369019,-0.43385637,0.75735044,0.48804605,0
-4.8853979,1.1087749,3.1105921,-0.43385637,0.75735044,0.48804605,0
-3.2689538,-2.1852679,0.88045442,-0.8704716,-0.21257138,-0.44395101,0
-0.039503574,-4.3198791,0.36928105,-0.2324819,-0.61744118,0.7514776,0
2.8348713,1.8554536,0.16550434,0.8704716,0.21257138,0.44395101,0
-3.6796441,1.0242667,3.5815129,-0.2324819,-0.61744118,0.7514776,0
3.898351,-4.2443852,0.70728469,0.43385637,-0.75735044,-0.48804605,0
3.8573787,-1.8107066,-3.052897,0.43385637,-0.75735044,-0.48804605,0
0.76422215,5.4020138,0.65059423,0.2324819,0.61744118,-0.7514776,0
1.9845718,-0.97720551,3.3291163,0.8704716,0.21257138,0.44395101,0
0.80642557,5.3399115,1.7649102,-0.43385637,0.75735044,0.48804605,0
-3.3599322,4.1794639,-1.6193404,0.2324819,0.61744118,-0.7514776,0
-2.5809894,-0.09289746,3.2481401,-0.2324819,-0.61744118,0.7514776,0
-2.2439127,2.0377364,3.988682,-0.43385637,0.75735044,0.48804605,0
1.5384967,1.249675,-2.4929156,0.2324819,0.61744118,-0.7514776,0
0.10094762,-4.9980178,-1.3563807,0.43385637,-0.75735044,-0.48804605,0
2.2126997,2.3872137,-1.3701274,0.2324819,0.61744118,-0.7514776,0
-1.6521897,-2.0778739,-2.5481689,-0.8704716,-0.21257138,-0.44395101,0
4.7759905,-1.3982553,-2.6750801,0.43385637,-0.75735044,-0.48804605,0
2.8642228,-4.1739569,-0.058746815,0.43385637,-0.75735044,-0.48804605,0
-0.52938247,-3.8814857,-3.6114275,0.43385637,-0.75735044,-0.48804605,0
0.065952003,0.87050295,4.7257128,-0.2324819,-0.61744118,0.7514776,0
3.5964377,-2.8397408,1.0461993,0.8704716,0.21257138,0.44395101,0
0.65961611,-0.82206392,3.5498414,-0.2324819,-0.61744118,0.7514776,0
-1.8892698,4.6337476,-0.75282335,0.2324819,0.61744118,-0.7514776,0
-0.72696584,2.5022755,4.7294779,-0.43385637,0.75735044,0.48804605,0
-3.175765,1.0345547,-0.84091675,-0.8704716,-0.21257138,-0.44395101,0
0.99788308,-4.6402569,-1.2747426,0.43385637,-0.75735044,-0.48804605,0
-0.43063545,5.2952437,0.65976572,-0.43385637,0.75735044,0.48804605,0
3.4823871,-0.83944678,0.11787346,0.8704716,0.21257138,0.44395101,0
-0.313622,-4.8428559,-2.0022528,0.43385637,-0.75735044,-0.48804605,0
0.43203735,3.6099052,3.8494525,-0.43385637,0.75735044,0.48804605,0
-1.351933,3.4361677,2.8752916,-0.43385637,0.75735044,0.48804605,0
-4.7189651,1.0962971,3.21243,-0.43385637,0.75735044,0.48804605,0
0.22158504,-4.5115461,-1.925195,0.43385637,-0.75735044,-0.48804605,0
-4.2121792,3.7408671,-0.33095551,-0.43385637,0.75735044,0.48804605,0
0.37848115,-2.7904308,-4.7473001,0.43385637,-0.75735044,-0.48804605,0
2.3207517,-0.62786841,2.3980451,0.8704716,0.21257138,0.44395101,0
-1.5583212,3.1295109,2.8504961,-0.43385637,0.75735044,0.48804605,0
-3.1876845,-2.8211808,0.67744267,-0.8704716,-0.21257138,-0.44395101,0
-0.7922287,4.9559145,-0.29462242,0.2324819,0.61744118,-0.7514776,0
1.1683111,-2.7069557,-4.1658134,0.43385637,-0.75735044,-0.48804605,0
3.9994035,0.19112015,-1.0425622,0.8704716,0.21257138,0.44395101,0
-2.3269343,-0.75201058,-1.9918798,-0.8704716,-0.21257138,-0.44395101,0
-0.16416073,-4.4234037,-2.4103599,0.43385637,-0.75735044,-0.48804605,0
4.0596623,-1.2795413,-0.63233566,0.8704716,0.21257138,0.44395101,0
0.10179216,1.0778308,5.0322461,-0.2324819,-0.61744118,0.7514776,0
3.5433204,1.1645591,-0.85943139,0.8704716,0.21257138,0.44395101,0
0.54034567,5.6159182,0.78453541,-0.43385637,0.75735044,0.48804605,0
3.0541015,-0.37872696,0.82828665,0.8704716,0.21257138,0.44395101,0
1.9565673,0.079596043,2.8272352,0.8704716,0.21257138,0.44395101,0
4.1113143,0.49111557,-1.7516668,0.8704716,0.21257138,0.44395101,0
1.7366334,-0.55355978,3.6516347,0.8704716,0.21257138,0.44395101,0
-1.519453,-0.78014612,-3.462543,-0.8704716,-0.21257138,-0.44395101,0
0.6485889,-2.1786108,2.4270389,-0.2324819,-0.61744118,0.7514776,0
2.3392584,-1.5070179,2.9046876,0.8704716,0.21257138,0.44395101,0
-4.9731188,0.94677091,3.2693896,-0.2324819,-0.61744118,0.7514776,0
4.0759649,-3.8491089,0.35248971,0.43385637,-0.75735044,-0.48804605,0
3.4048162,-1.3899252,0.7718125,0.8704716,0.21257138,0.44395101,0
3.547101,-2.9250464,-1.3286247,0.43385637,-0.75735044,-0.48804605,0
4.0645866,-3.6548784,0.071199894,0.43385637,-0.75735044,-0.48804605,0
-2.0809689,2.8640323,3.0324697,-0.43385637,0.75735044,0.48804605,0
-0.14629912,-3.0769386,-4.5806036,0.43385637,-0.75735044,-0.48804605,0
0.89410138,2.7287383,3.6508882,0.8704716,0.21257138,0.44395101,0
-3.2795992,4.130147,-0.0063245296,-0.43385637,0.75735044,0.48804605,0
2.3321989,-4.9410238,0.77295637,-0.2324819,-0.61744118,0.7514776,0
-1.868628,4.4997363,0.48902345,-0.43385637,0.75735044,0.48804605,0
4.2294121,-2.8343759,-0.25376666,0.8704716,0.21257138,0.44395101,0
-3.842495,0.77529049,0.47235584,-0.8704716,-0.21257138,-0.44395101,0
2.0775506,-3.5202975,1.7924851,-0.2324819,-0.61744118,0.7514776,0
-0.61992192,-4.9950485,-2.0364289,0.43385637,-0.75735044,-0.48804605,0
-1.8259673,-3.6055331,0.35728407,-0.2324819,-0.61744118,0.7514776,0
-3.6828234,2.3570118,-0.64727426,-0.8704716,-0.21257138,-0.44395101,0
-3.4182549,0.47917169,3.3415623,-0.2324819,-0.61744118,0.7514776,0
-1.9337354,2.8736787,3.109895,-0.43385637,0.75735044,0.48804605,0
-1.9642391,4.2426863,-1.1410203,0.2324819,0.61744118,-0.7514776,0
-1.3114264,-5.2388859,-1.4526038,-0.8704716,-0.21257138,-0.44395101,0
1.785529,0.23751044,3.1760399,0.8704716,0.21257138,0.44395101,0
-4.1003828,1.5089626,3.3001921,-0.43385637,0.75735044,0.48804605,0
4.3747978,-3.088237,-0.30212927,0.8704716,0.21257138,0.44395101,0
3.3052356,1.4586997,-1.7188265,0.2324819,0.61744118,-0.7514776,0
-0.22570348,4.6442928,1.7121887,-0.43385637,0.75735044,0.48804605,0
2.7770538,-1.7282305,-3.9176207,0.43385637,-0.75735044,-0.48804605,0
-4.1284547,3.5362854,-0.49367714,-0.8704716,-0.21257138,-0.44395101,0
-4.6291728,1.3998866,2.8556852,-0.43385637,0.75735044,0.48804605,0
-1.7499897,2.5677056,3.513309,-0.43385637,0.75735044,0.48804605,0
-4.679234,0.035684109,2.3738375,-0.8704716,-0.21257138,-0.44395101,0
0.43044573,1.5982418,5.3450484,0.8704716,0.21257138,0.44395101,0
-0.9271605,2.5809791,4.2066088,-0.43385637,0.75735044,0.48804605,0
-0.97970951,-2.1412692,-3.7340615,-0.8704716,-0.21257138,-0.44395101,0
-0.47736287,4.1827817,2.4300997,-0.43385637,0.75735044,0.48804605,0
-4.4927173,0.086497545,2.1828227,-0.8704716,-0.21257138,-0.44395101,0
2.4076297,-3.5258443,-1.6214435,0.43385637,-0.75735044,-0.48804605,0
1.5026612,-2.3975592,-4.0412617,0.43385637,-0.75735044,-0.48804605,0
0.3166132,2.0139394,-2.2350612,0.2324819,0.61744118,-0.7514776,0
-1.9087232,0.56182051,-3.3406541,-0.8704716,-0.21257138,-0.44395101,0
-1.4155028,0.030716658,3.6113014,-0.2324819,-0.61744118,0.7514776,0
-0.56208754,4.5875759,1.6016929,-0.43385637,0.75735044,0.48804605,0
-1.3122227,3.0478544,3.4272926,-0.43385637,0.75735044,0.48804605,0
3.6248322,-1.408356,-3.6643124,0.43385637,-0.75735044,-0.48804605,0
2.194634,3.9538412,0.4955256,0.8704716,0.21257138,0.44395101,0
0.81793767,1.7770975,4.2748055,0.8704716,0.21257138,0.44395101,0
-3.6160681,0.17581415,0.23295859,-0.8704716,-0.21257138,-0.44395101,0
-1.6728311,2.5154393,4.0243807,-0.43385637,0.75735044,0.48804605,0
-1.668936,4.5414701,-0.77038145,0.2324819,0.61744118,-0.7514776,0
-0.08464098,-0.087777376,-3.9822164,0.2324819,0.61744118,-0.7514776,0
-0.050956249,3.6140335,3.6330204,-0.43385637,0.75735044,0.48804605,0
0.092132688,2.7411885,5.0654721,-0.43385637,0.75735044,0.48804605,0
-2.6456373,4.3173919,0.067436695,-0.43385637,0.75735044,0.48804605,0
-0.61317325,4.5397778,-0.38310862,0.2324819,0.61744118,-0.7514776,0
0.066761494,5.6322308,0.55759859,0.2324819,0.61744118,-0.7514776,0
-1.0002711,-4.4782,-0.099724531,-0.2324819,-0.61744118,0.7514776,0
2.6156125,-0.3010495,-3.4449589,0.2324819,0.61744118,-0.7514776,0
0.52034545,3.708611,-0.87186337,0.2324819,0.61744118,-0.7514776,0
2.1762788,-1.6182175,3.2080073,-0.2324819,-0.61744118,0.7514776,0
-2.1193695,4.597363,0.38918614,-0.43385637,0.75735044,0.48804605,0
0.47060049,-3.7057602,-2.88323,0.43385637,-0.75735044,-0.48804605,0
3.9850223,0.9334147,-1.5036666,0.8704716,0.21257138,0.44395101,0
2.0917101,-1.4924161,-4.6753545,0.2324819,0.61744118,-0.7514776,0
-3.5129232,0.96645594,-0.32811561,-0.8704716,-0.21257138,-0.44395101,0
0.38615477,-3.2513049,-3.8098478,0.43385637,-0.75735044,-0.48804605,0
4.5046849,-1.9737186,-2.1682951,0.43385637,-0.75735044,-0.48804605,0
-0.81471443,5.3401632,0.37764978,-0.43385637,0.75735044,0.48804605,0
2.4735992,0.50323892,1.75413,0.8704716,0.21257138,0.44395101,0
2.4766879,1.9307544,-1.5976696,0.2324819,0.61744118,-0.7514776,0
0.97502494,-4.7546721,-1.0014451,0.43385637,-0.75735044,-0.48804605,0
-0.58214259,-4.2373905,0.25923848,-0.2324819,-0.61744118,0.7514776,0
1.6512945,-1.5440879,-4.7871742,0.2324819,0.61744118,-0.7514776,0
-1.5762177,2.7296255,-2.1196718,0.2324819,0.61744118,-0.7514776,0
1.4126172,-3.6600804,1.4372845,-0.2324819,-0.61744118,0.7514776,0
-3.3867021,3.86134,-1.7967011,-0.8704716,-0.21257138,-0.44395101,0
-0.76454449,-5.1438084,-0.50092745,-0.2324819,-0.61744118,0.7514776,0
-0.78968811,1.1235337,-3.3678617,0.2324819,0.61744118,-0.7514776,0
3.3596513,-3.7129321,1.9291508,-0.2324819,-0.61744118,0.7514776,0
3.2808814,-4.435739,0.69634771,0.43385637,-0.75735044,-0.48804605,0
-3.1789842,2.6297247,-1.9517931,-0.8704716,-0.21257138,-0.44395101,0
1.4611541,1.3145528,3.0806408,0.8704716,0.21257138,0.44395101,0
-1.0524708,-2.8900132,-3.2107592,-0.8704716,-0.21257138,-0.44395101,0
-2.9449158,2.4472716,2.8812666,-0.43385637,0.75735044,0.48804605,0
-2.5605702,-0.34244773,2.8938656,-0.2324819,-0.61744118,0.7514776,0
-1.7508109,-4.2852626,-1.3506429,-0.8704716,-0.21257138,-0.44395101,0
1.2294954,0.61075431,-3.172286,0.2324819,0.61744118,-0.7514776,0
-0.022674084,-5.0112104,-1.634198,0.43385637,-0.75735044,-0.48804605,0
-2.2665033,-3.3898246,0.53776097,-0.2324819,-0.61744118,0.7514776,0
-1.2899089,-5.7728057,-1.385839,0.43385637,-0.75735044,-0.48804605,0
-2.4014072,4.9013386,-0.56059623,-0.43385637,0.75735044,0.48804605,0
0.76119184,5.2617006,0.53638124,0.2324819,0.61744118,-0.7514776,0
-1.8992512,2.1364141,-2.8643167,0.2324819,0.61744118,-0.7514776,0
-4.1162028,0.32934093,3.0977869,-0.2324819,-0.61744118,0.7514776,0
1.9460835,-4.1290226,-1.2548213,0.43385637,-0.75735044,-0.48804605,0
-1.2783985,-4.6024313,-2.0374932,-0.8704716,-0.21257138,-0.44395101,0
3.1332383,-2.3241494,-2.9374886,0.43385637,-0.75735044,-0.48804605,0
-1.7314141,-4.0934811,-1.5710785,-0.8704716,-0.21257138,-0.44395101,0
0.20826769,-4.5521197,0.20349622,-0.2324819,-0.61744118,0.7514776,0
0.48301291,-4.9621396,-0.9637773,0.43385637,-0.75735044,-0.48804605,0
-0.74006248,-3.7786322,-3.3515098,-0.8704716,-0.21257138,-0.44395101,0
2.8026469,-3.9448118,-0.54218864,0.43385637,-0.75735044,-0.48804605,0
1.3935304,4.1979818,1.890918,0.8704716,0.21257138,0.44395101,0
-0.38138819,0.4530797,-3.6879876,0.2324819,0.61744118,-0.7514776,0
3.1843853,-2.9839475,1.7413917,0.8704716,0.21257138,0.44395101,0
-0.96743321,-1.4200306,-4.3452535,-0.8704716,-0.21257138,-0.44395101,0
0.57155013,-5.0992165,-0.61946106,0.43385637,-0.75735044,-0.48804605,0
1.8006204,1.3716111,2.6545286,0.8704716,0.21257138,0.44395101,0
0.15037155,-3.4565907,1.1562332,-0.2324819,-0.61744118,0.7514776,0
4.2217584,-2.2393489,-0.60550499,0.8704716,0.21257138,0.44395101,0
-4.6923227,1.1853403,3.3195343,-0.43385637,0.75735044,0.48804605,0
-3.3413091,3.1847217,-1.9211267,-0.8704716,-0.21257138,-0.44395101,0
-0.7877326,3.7835927,-1.1109214,0.2324819,0.61744118,-0.7514776,0
-0.61097109,-0.9341507,3.1307621,-0.2324819,-0.61744118,0.7514776,0
1.2476239,4.6742835,1.9816506,0.8704716,0.21257138,0.44395101,0
-3.9313359,0.63731003,0.80827117,-0.8704716,-0.21257138,-0.44395101,0
-4.5315566,1.8113749,1.4172361,-0.8704716,-0.21257138,-0.44395101,0
2.9053094,-1.7101152,-3.9639831,0.43385637,-0.75735044,-0.48804605,0
-4.6659632,1.4660027,1.7399611,-0.8704716,-0.21257138,-0.44395101,0
-2.0240872,0.17195356,3.6177726,-0.2324819,-0.61744118,0.7514776,0
1.9877543,4.7538242,0.75911832,0.8704716,0.21257138,0.44395101,0
2.5355196,-2.6180804,2.5940778,-0.2324819,-0.61744118,0.7514776,0
-1.1104385,0.4736166,-4.057445,0.2324819,0.61744118,-0.7514776,0
1.4357333,5.6244287,1.1577325,0.8704716,0.21257138,0.44395101,0
0.41704342,-2.6060021,-4.7676115,0.43385637,-0.75735044,-0.48804605,0
2.8049679,2.2116964,0.21071887,0.8704716,0.21257138,0.44395101,0
1.7356989,3.6435618,-0.55809617,0.2324819,0.61744118,-0.7514776,0
2.5288544,1.4190204,-2.0924153,0.2324819,0.61744118,-0.7514776,0
3.6692898,-0.27330208,-0.10341872,0.8704716,0.21257138,0.44395101,0
-4.0204282,1.6779504,0.21841955,-0.8704716,-0.21257138,-0.44395101,0
-2.2973454,3.2264221,1.9907601,-0.43385637,0.75735044,0.48804605,0
1.042973,-0.27178049,-3.7914956,0.2324819,0.61744118,-0.7514776,0
-1.0800753,-1.275898,-4.0280304,-0.8704716,-0.21257138,-0.44395101,0
-0.88528252,-5.6553102,-0.93924046,-0.2324819,-0.61744118,0.7514776,0
-2.954601,1.4902978,4.1957693,-0.43385637,0.75735044,0.48804605,0
-2.0888784,3.4072258,-1.900982,0.2324819,0.61744118,-0.7514776,0
3.3328347,2.4499843,-0.81584096,0.2324819,0.61744118,-0.7514776,0
1.661387,3.4022815,1.7966664,0.8704716,0.21257138,0.44395101,0
4.3388171,0.25280142,-1.8541167,0.8704716,0.21257138,0.44395101,0
3.293314,2.4620833,-0.81538534,0.8704716,0.21257138,0.44395101,0
-4.2861896,2.8487463,1.0026668,-0.43385637,0.75735044,0.48804605,0
1.8993418,-0.78974962,3.6205199,0.8704716,0.21257138,0.44395101,0
-1.7836063,1.7461674,4.7287703,-0.43385637,0.75735044,0.48804605,0
0.14628047,-2.6780825,-4.9732265,0.43385637,-0.75735044,-0.48804605,0
2.0029929,-4.5045152,-0.34487104,0.43385637,-0.75735044,-0.48804605,0
-1.4012717,1.8173459,5.1559348,-0.43385637,0.75735044,0.48804605,0
-2.6904349,-0.32332349,-1.1925774,-0.8704716,-0.21257138,-0.44395101,0
2.7542305,2.6467559,0.15850043,0.8704716,0.21257138,0.44395101,0
2.0847735,3.3171442,-0.52478933,0.2324819,0.61744118,-0.7514776,0
-0.54593682,-3.2796149,1.0120213,-0.2324819,-0.61744118,0.7514776,0
1.043193,-2.7906861,-4.1354227,0.43385637,-0.75735044,-0.48804605,0
1.360258,-3.534955,-2.4019897,0.43385637,-0.75735044,-0.48804605,0
-1.0991827,-0.73540896,3.1383493,-0.2324819,-0.61744118,0.7514776,0
-0.86170965,-1.8861628,-4.3678713,-0.8704716,-0.21257138,-0.44395101,0
-0.81047153,4.4997396,-0.43030429,0.2324819,0.61744118,-0.7514776,0
-1.1608372,2.2766964,4.4987102,-0.43385637,0.75735044,0.48804605,0
-2.9030464,0.054663658,-1.1083338,-0.8704716,-0.21257138,-0.44395101,0
0.56887531,-5.0848761,-0.90829301,0.43385637,-0.75735044,-0.48804605,0
-1.4495175,-4.2729769,-2.0442896,-0.8704716,-0.21257138,-0.44395101,0
1.7932224,-2.894249,-2.9372339,0.43385637,-0.75735044,-0.48804605,0
2.1980755,-0.85298717,-4.0998559,0.2324819,0.61744118,-0.7514776,0
-3.2715189,1.6353152,-1.3217653,-0.8704716,-0.21257138,-0.44395101,0
-1.2767944,0.39050174,-4.0477643,0.2324819,0.61744118,-0.7514776,0
-1.5945405,1.0069456,4.2372932,-0.2324819,-0.61744118,0.7514776,0
0.06870389,-2.2896252,2.1464291,-0.2324819,-0.61744118,0.7514776,0
-3.6371968,1.4168974,3.8933909,-0.43385637,0.75735044,0.48804605,0
-2.0266175,0.15181112,-2.7757704,-0.8704716,-0.21257138,-0.44395101,0
2.0618286,-2.3757839,2.7869506,-0.2324819,-0.61744118,0.7514776,0
2.4646091,1.7078216,-1.8566352,0.2324819,0.61744118,-0.7514776,0
0.82249117,5.6837988,1.1541867,-0.43385637,0.75735044,0.48804605,0
2.8387804,2.3834598,0.10738587,0.8704716,0.21257138,0.44395101,0
-1.9973743,-4.1289511,-0.88635588,-0.8704716,-0.21257138,-0.44395101,0
-2.7319665,2.3828321,2.9337134,-0.43385637,0.75735044,0.48804605,0
2.031219,-2.4753444,2.70104,-0.2324819,-0.61744118,0.7514776,0
2.4581597,-1.6993408,2.5703328,0.8704716,0.21257138,0.44395101,0
-2.5784755,1.6478415,-2.4946408,-0.8704716,-0.21257138,-0.44395101,0
4.7399416,-0.65217519,-2.3447604,0.8704716,0.21257138,0.44395101,0
0.37905598,1.6164694,5.17453,0.8704716,0.21257138,0.44395101,0
-1.3989487,2.7417173,3.5371695,-0.43385637,0.75735044,0.48804605,0
3.4849017,-3.2914953,1.2885067,0.8704716,0.21257138,0.44395101,0
0.89052141,2.9025602,3.687355,0.8704716,0.21257138,0.44395101,0
-0.60380316,4.4827142,1.5581362,-0.43385637,0.75735044,0.48804605,0
3.962306,-2.9896393,-0.9527173,0.43385637,-0.75735044,-0.48804605,0
-1.4114947,-5.49085,-0.97397327,-0.2324819,-0.61744118,0.7514776,0
-0.62836528,1.8814628,-2.7074771,0.2324819,0.61744118,-0.7514776,0
-0.24788904,4.6199341,-0.32384896,0.2324819,0.61744118,-0.7514776,0
-0.29621255,2.0021052,5.566246,-0.2324819,-0.61744118,0.7514776,0
-0.57445765,3.7727599,-1.1024396,0.2324819,0.61744118,-0.7514776,0
-3.351438,0.68963933,3.539108,-0.2324819,-0.61744118,0.7514776,0
-2.9301713,4.4640932,-0.33189321,-0.43385637,0.75735044,0.48804605,0
1.2620809,2.7559566,3.1338568,0.8704716,0.21257138,0.44395101,0
0.87448287,-4.718195,-1.2817299,0.43385637,-0.75735044,-0.48804605,0
1.9154344,3.1343749,-0.72639239,0.2324819,0.61744118,-0.7514776,0
0.86186045,1.6601446,4.2305899,0.8704716,0.21257138,0.44395101,0
4.4299998,-2.8912873,-0.70134676,0.8704716,0.21257138,0.44395101,0
1.0051013,-1.4772216,-4.7980385,0.2324819,0.61744118,-0.7514776,0
2.5202093,-3.0209565,-2.4698691,0.43385637,-0.75735044,-0.48804605,0
-2.1633167,-4.331769,-0.1256659,-0.2324819,-0.61744118,0.7514776,0
3.3250995,-4.1167927,0.2266562,0.43385637,-0.75735044,-0.48804605,0
3.3067536,0.052259445,-2.8363683,0.2324819,0.61744118,-0.7514776,0
1.2662358,2.3450265,3.1428866,0.8704716,0.21257138,0.44395101,0
-4.8508596,1.562897,1.9780183,-0.8704716,-0.21257138,-0.44395101,0
-3.5955682,-1.7586935,1.3195112,-0.8704716,-0.21257138,-0.44395101,0
-0.358922,-4.6579752,-2.4797971,0.43385637,-0.75735044,-0.48804605,0
2.8487985,-3.1166699,-1.8849609,0.43385637,-0.75735044,-0.48804605,0
-0.33535147,3.9474769,-0.91938353,0.2324819,0.61744118,-0.7514776,0
-2.9462323,-0.67426872,-0.85244536,-0.8704716,-0.21257138,-0.44395101,0
4.1655927,-2.0830503,-0.31203878,0.8704716,0.21257138,0.44395101,0
-3.3480082,-2.1497641,0.61177433,-0.8704716,-0.21257138,-0.44395101,0
-1.824937,-0.9137156,-2.7781281,-0.8704716,-0.21257138,-0.44395101,0
0.48231268,2.082727,-2.1436391,0.2324819,0.61744118,-0.7514776,0
3.1642985,-0.99127936,1.0348911,0.8704716,0.21257138,0.44395101,0
0.24673247,-4.975574,-1.4737377,0.43385637,-0.75735044,-0.48804605,0
4.1129241,-3.0967338,-0.92881823,0.43385637,-0.75735044,-0.48804605,0
-1.0527537,0.17217588,3.7881031,-0.2324819,-0.61744118,0.7514776,0
-4.091507,2.539716,1.498957,-0.43385637,0.75735044,0.48804605,0
-1.6345301,4.5297623,0.54498768,-0.43385637,0.75735044,0.48804605,0
4.1401496,-0.32104802,-1.168402,0.8704716,0.21257138,0.44395101,0
-0.38647616,2.9665513,4.2726593,-0.43385637,0.75735044,0.48804605,0
-3.3882105,4.0754867,-0.098376513,-0.43385637,0.75735044,0.48804605,0
-5.1157422,0.80289578,3.0474761,-0.8704716,-0.21257138,-0.44395101,0
1.2768819,4.0675044,-0.19352674,0.2324819,0.61744118,-0.7514776,0
-4.2842965,0.20826435,1.5279948,-0.8704716,-0.21257138,-0.44395101,0
2.6781363,-1.8756058,-4.0988159,0.43385637,-0.75735044,-0.48804605,0
-3.2896657,3.8996346,-1.8486313,0.2324819,0.61744118,-0.7514776,0
-1.4553738,1.8644149,5.0004778,-0.43385637,0.75735044,0.48804605,0
1.9888203,0.65572906,2.5051196,0.8704716,0.21257138,0.44395101,0
-0.43368626,5.1563835,0.97482324,-0.43385637,0.75735044,0.48804605,0
-3.6443896,1.399858,-0.44633925,-0.8704716,-0.21257138,-0.44395101,0
1.1330605,-0.60019505,-4.11694,0.2324819,0.61744118,-0.7514776,0
-2.6064553,-0.42272711,-1.5371406,-0.8704716,-0.21257138,-0.44395101,0
-2.0562689,-2.7834353,0.93614769,-0.2324819,-0.61744118,0.7514776,0
0.12234426,-3.404995,-3.9164705,0.43385637,-0.75735044,-0.48804605,0
-0.13003945,-4.3948212,-2.4307237,0.43385637,-0.75735044,-0.48804605,0
-1.5718451,3.0531478,3.1688356,-0.43385637,0.75735044,0.48804605,0
-1.6221007,-2.3881502,-2.4213343,-0.8704716,-0.21257138,-0.44395101,0
-3.1596079,2.5588081,-1.9535728,-0.8704716,-0.21257138,-0.44395101,0
3.2606528,-4.6706305,0.93172574,0.43385637,-0.75735044,-0.48804605,0
-3.7221928,0.30212533,3.2152231,-0.2324819,-0.61744118,0.7514776,0
-1.4299715,-5.0717077,-1.5583105,-0.8704716,-0.21257138,-0.44395101,0
1.1444788,0.70347112,-2.940156,0.2324819,0.61744118,-0.7514776,0
1.9504894,2.0001965,1.9686229,0.8704716,0.21257138,0.44395101,0
-2.7913501,-0.2232368,-1.138752,-0.8704716,-0.21257138,-0.44395101,0
0.39680052,-3.4091465,-3.5041766,0.43385637,-0.75735044,-0.48804605,0
1.2152393,2.1889672,3.3431005,0.8704716,0.21257138,0.44395101,0
-4.4541883,1.302351,1.4307265,-0.8704716,-0.21257138,-0.44395101,0
2.8310444,-0.78911161,1.7778473,0.8704716,0.21257138,0.44395101,0
2.5966492,-0.65395951,1.9082096,0.8704716,0.21257138,0.44395101,0
0.90855491,1.2023795,-2.6237245,0.2324819,0.61744118,-0.7514776,0
-1.9026659,-0.46794343,-2.665148,-0.8704716,-0.21257138,-0.44395101,0
0.6682303,-4.2787166,0.57915473,-0.2324819,-0.61744118,0.7514776,0
0.5977025,-3.16769,-3.6284392,0.43385637,-0.75735044,-0.48804605,0
0.43697929,-4.1998911,0.68988848,-0.2324819,-0.61744118,0.7514776,0
2.7232666,-1.8682814,2.4350336,0.8704716,0.21257138,0.44395101,0
3.7922001,1.1806816,-1.755812,0.2324819,0.61744118,-0.7514776,0
0.66633034,4.4491692,2.7959805,-0.43385637,0.75735044,0.48804605,0
0.78482473,2.5202093,4.0478592,0.8704716,0.21257138,0.44395101,0
-0.658324,3.478503,3.0434682,-0.43385637,0.75735044,0.48804605,0
3.5687149,-3.0957129,1.0673423,0.8704716,0.21257138,0.44395101,0
-1.1907153,3.9830601,1.791297,-0.43385637,0.75735044,0.48804605,0
-2.9751575,1.6096406,-1.9004509,-0.8704716,-0.21257138,-0.44395101,0
-1.2482629,-1.9157335,2.1201,-0.2324819,-0.61744118,0.7514776,0
2.6902411,-1.2538722,2.016206,0.8704716,0.21257138,0.44395101,0
-1.2442906,4.7903843,0.62136579,-0.43385637,0.75735044,0.48804605,0
-0.44318414,-3.5866888,-3.9319782,0.43385637,-0.75735044,-0.48804605,0
1.0523152,-4.8036823,-0.81238365,0.43385637,-0.75735044,-0.48804605,0
0.92550063,-4.4779696,0.6111896,-0.2324819,-0.61744118,0.7514776,0
2.7893732,-3.0211065,-1.854499,0.43385637,-0.75735044,-0.48804605,0
0.55740058,-2.8718734,-4.3501935,0.43385637,-0.75735044,-0.48804605,0
-0.005150795,-3.3825765,-4.161787,0.43385637,-0.75735044,-0.48804605,0
3.9049861,-2.2292314,-2.3381903,0.43385637,-0.75735044,-0.48804605,0
-0.082850933,-4.1767111,-2.8129992,0.43385637,-0.75735044,-0.48804605,0
-1.2069552,-4.8889809,-2.2750046,-0.8704716,-0.21257138,-0.44395101,0
1.9808626,-1.8413112,3.1792202,-0.2324819,-0.61744118,0.7514776,0
2.638006,-0.57580656,-3.6213236,0.2324819,0.61744118,-0.7514776,0
-1.519027,1.5550754,-3.2186794,0.2324819,0.61744118,-0.7514776,0
-0.75699854,5.1156788,0.50315142,-0.43385637,0.75735044,0.48804605,0
-1.3649883,4.5909119,0.87537313,-0.43385637,0.75735044,0.48804605,0
0.83562493,1.9847977,-2.0924656,0.2324819,0.61744118,-0.7514776,0
2.0729203,-0.94581866,3.1460488,0.8704716,0.21257138,0.44395101,0
1.6207154,-1.9640671,-4.6011715,0.43385637,-0.75735044,-0.48804605,0
-2.0482144,-0.27786583,3.0735998,-0.2324819,-0.61744118,0.7514776,0
-0.80040741,4.7415295,1.1579707,-0.43385637,0.75735044,0.48804605,0
-4.8499637,1.8315396,2.1107802,-0.43385637,0.75735044,0.48804605,0
1.9735812,2.5372021,1.5992982,0.8704716,0.21257138,0.44395101,0
3.8837366,-1.7116344,-0.19961369,0.8704716,0.21257138,0.44395101,0
2.872328,-1.7562041,1.7848116,0.8704716,0.21257138,0.44395101,0
-1.4001858,1.9535391,-2.9318662,0.2324819,0.61744118,-0.7514776,0
0.18374074,2.9902048,4.8272738,-0.43385637,0.75735044,0.48804605,0
-1.4743079,2.5185244,4.2017283,-0.43385637,0.75735044,0.48804605,0
-2.8491421,-2.5259385,1.1429597,-0.2324819,-0.61744118,0.7514776,0
-2.655664,-0.056433439,-1.5630339,-0.8704716,-0.21257138,-0.44395101,0
2.5501287,-4.4796996,0.037219763,0.43385637,-0.75735044,-0.48804605,0
1.3141342,2.6499341,2.7301602,0.8704716,0.21257138,0.44395101,0
-2.0908329,2.2133245,-2.752574,0.2324819,0.61744118,-0.7514776,0
-0.66108084,3.1917491,-1.6337038,0.2324819,0.61744118,-0.7514776,0
-0.03742528,2.9875872,-1.5789179,0.2324819,0.61744118,-0.7514776,0
-0.4400425,-2.6232452,1.7388762,-0.2324819,-0.61744118,0.7514776,0
-0.81499434,-5.1128263,-1.86939,0.43385637,-0.75735044,-0.48804605,0
0.68729711,3.9635525,-0.61724472,0.2324819,0.61744118,-0.7514776,0
0.91971898,5.0823383,2.2387278,-0.43385637,0.75735044,0.48804605,0
3.501497,-2.7453179,-1.6995168,0.43385637,-0.75735044,-0.48804605,0
-1.6386592,2.6341257,3.606813,-0.43385637,0.75735044,0.48804605,0
2.6764743,0.85626721,1.1830173,0.8704716,0.21257138,0.44395101,0
1.7341661,-0.25961858,-3.7441926,0.2324819,0.61744118,-0.7514776,0
-3.2722235,-2.3039949,0.79806173,-0.8704716,-0.21257138,-0.44395101,0
-3.1371744,-1.6389055,1.7640426,-0.2324819,-0.61744118,0.7514776,0
3.2294078,-1.0887206,-3.8611982,0.2324819,0.61744118,-0.7514776,0
3.5918002,-1.9303291,0.62090367,0.8704716,0.21257138,0.44395101,0
0.7942524,-5.0092697,0.17551494,-0.2324819,-0.61744118,0.7514776,0
0.43384767,1.7779996,-2.4109163,0.2324819,0.61744118,-0.7514776,0
-2.9711912,-0.2653091,2.9405699,-0.2324819,-0.61744118,0.7514776,0
-1.3190894,-4.9823318,-0.37973714,-0.2324819,-0.61744118,0.7514776,0
1.4813585,-0.090444088,4.0018702,0.8704716,0.21257138,0.44395101,0
-3.3749795,2.5692716,2.060118,-0.43385637,0.75735044,0.48804605,0
-2.2334149,-1.3223006,2.2548933,-0.2324819,-0.61744118,0.7514776,0
-0.56107104,-2.0590446,-4.4544373,-0.8704716,-0.21257138,-0.44395101,0
-3.2778006,3.7932553,-1.9225645,-0.8704716,-0.21257138,-0.44395101,0
0.99109405,-0.22816181,-3.9634638,0.2324819,0.61744118,-0.7514776,0
-2.6353025,3.8907769,-1.6813455,0.2324819,0.61744118,-0.7514776,0
2.0825884,-3.1032736,2.0960984,-0.2324819,-0.61744118,0.7514776,0
3.5179241,0.63846731,-0.57695091,0.8704716,0.21257138,0.44395101,0
3.2848158,0.039181232,0.29558471,0.8704716,0.21257138,0.44395101,0
4.7294569,-1.9005842,-1.6239135,0.8704716,0.21257138,0.44395101,0
-0.67290998,-2.5096982,1.7051251,-0.2324819,-0.61744118,0.7514776,0
0.99174142,4.6358299,0.16231251,0.2324819,0.61744118,-0.7514776,0
3.9165559,-2.9041159,-1.0657951,0.43385637,-0.75735044,-0.48804605,0
2.5253544,0.29688931,1.7977557,0.8704716,0.21257138,0.44395101,0
1.5260639,3.513701,-0.59399176,0.2324819,0.61744118,-0.7514776,0
0.10786724,0.60621881,4.5779052,-0.2324819,-0.61744118,0.7514776,0
3.3854868,-1.9855462,-2.9457221,0.43385637,-0.75735044,-0.48804605,0
2.0860164,-1.5555778,3.4064457,-0.2324819,-0.61744118,0.7514776,0
3.5015697,-1.8790669,-3.1967478,0.43385637,-0.75735044,-0.48804605,0
0.53498828,-0.16440558,4.0465765,-0.2324819,-0.61744118,0.7514776,0
-0.76012135,3.3239524,3.5526857,-0.43385637,0.75735044,0.48804605,0
-3.1363373,1.3537169,-1.26281,-0.8704716,-0.21257138,-0.44395101,0
-3.2974188,3.7310381,0.32422686,-0.43385637,0.75735044,0.48804605,0
-1.2205853,1.2231117,4.6282229,-0.2324819,-0.61744118,0.7514776,0
-1.6131301,3.8903241,-1.3329333,0.2324819,0.61744118,-0.7514776,0
2.3260372,2.9494491,0.91447687,0.8704716,0.21257138,0.44395101,0
1.0175622,-1.8082416,-5.1812124,0.2324819,0.61744118,-0.7514776,0
-1.6672523,-2.292943,-2.5301592,-0.8704716,-0.21257138,-0.44395101,0
-3.5728526,-1.9893503,1.328263,-0.2324819,-0.61744118,0.7514776,0
-0.80674124,3.4090834,3.1695521,-0.43385637,0.75735044,0.48804605,0
4.1460185,-1.832642,-2.7446997,0.43385637,-0.75735044,-0.48804605,0
0.034273624,4.4489732,2.4892952,-0.43385637,0.75735044,0.48804605,0
3.2673931,0.21703291,0.0859451,0.8704716,0.21257138,0.44395101,0
3.2086167,-4.174489,0.16452289,0.43385637,-0.75735044,-0.48804605,0
4.1566043,-3.5921173,-0.11310434,0.43385637,-0.75735044,-0.48804605,0
0.39798808,2.0767376,4.8001699,0.8704716,0.21257138,0.44395101,0
