-2.0169308,-1.1291174,2.0517468,-0.076491207,-0.52134275,0.84991217,0
2.9094696,3.3410473,2.5570745,-0.055097699,0.85331714,0.51847267,0
-1.5484948,-3.7284927,0.39959788,-0.076491207,-0.52134275,0.84991217,0
0.67619061,-1.3754253,2.1799335,-0.076491207,-0.52134275,0.84991217,0
2.9602985,3.7410491,2.0282807,-0.055097699,0.85331714,0.51847267,0
-3.1107626,3.1913271,-1.2406917,0.076491207,0.52134275,-0.84991217,0
-2.9376512,-4.4785004,-0.52864265,0.055097699,-0.85331714,-0.51847267,0
4.2884974,-3.4752231,1.2439628,-0.076491207,-0.52134275,0.84991217,0
4.5345531,0.097014666,0.62358522,0.9955467,0.0071695447,0.093995929,0
-0.46115541,3.6619606,-0.79429018,0.076491207,0.52134275,-0.84991217,0
3.4508367,-0.1565094,3.0683765,-0.076491207,-0.52134275,0.84991217,0
-1.4037707,0.99802566,3.3863215,-0.076491207,-0.52134275,0.84991217,0
-2.1427338,-3.0411112,-2.7488973,0.055097699,-0.85331714,-0.51847267,0
-4.486577,-2.4479251,0.73205137,-0.9955467,-0.0071695447,-0.093995929,0
2.7431865,-1.4947858,-3.6455407,0.076491207,0.52134275,-0.84991217,0
-2.9954362,3.5245209,-0.96676457,0.076491207,0.52134275,-0.84991217,0
-4.1805482,-1.218765,-3.3723335,-0.9955467,-0.0071695447,-0.093995929,0
-2.9287951,-3.7049913,-1.825839,0.055097699,-0.85331714,-0.51847267,0
-1.1258311,-3.8739388,-1.5169003,0.055097699,-0.85331714,-0.51847267,0
2.6762385,-4.6962676,0.11992759,0.055097699,-0.85331714,-0.51847267,0
-1.9729495,2.1021264,-1.804853,0.076491207,0.52134275,-0.84991217,0
4.6185708,0.31793845,-0.073990345,0.9955467,0.0071695447,0.093995929,0
-1.0654838,-3.4197037,-2.2484071,0.055097699,-0.85331714,-0.51847267,0
-4.1494999,3.6714842,1.3310699,-0.055097699,0.85331714,0.51847267,0
2.9104638,-4.2474909,-0.50427008,0.055097699,-0.85331714,-0.51847267,0
-2.9631233,4.2029114,0.6658861,-0.055097699,0.85331714,0.51847267,0
-3.6485865,-0.255198,-3.5218594,0.076491207,0.52134275,-0.84991217,0
0.77868652,-4.4441767,-0.39277053,0.055097699,-0.85331714,-0.51847267,0
-1.0097127,1.3452952,3.6392922,-0.076491207,-0.52134275,0.84991217,0
0.17485404,2.4708781,3.7380242,-0.055097699,0.85331714,0.51847267,0
-4.3723469,-2.6010413,-2.2924299,-0.9955467,-0.0071695447,-0.093995929,0
-1.4373158,1.021158,-2.4349999,0.076491207,0.52134275,-0.84991217,0
-1.4852685,-1.8382962,1.6282914,-0.076491207,-0.52134275,0.84991217,0
2.1245363,3.1458995,-0.89867997,0.076491207,0.52134275,-0.84991217,0
0.31071043,2.7567277,-1.1963698,0.076491207,0.52134275,-0.84991217,0
-4.5661054,3.6556747,1.1170306,-0.055097699,0.85331714,0.51847267,0
0.90928352,-1.601935,-3.7602701,0.076491207,0.52134275,-0.84991217,0
-0.26054013,-0.20281482,-3.2020328,0.076491207,0.52134275,-0.84991217,0
3.9517744,1.6007774,-1.6078012,0.076491207,0.52134275,-0.84991217,0
0.0021653175,-2.4299064,-3.6477728,0.055097699,-0.85331714,-0.51847267,0
0.054440379,0.88412452,-2.4375961,0.076491207,0.52134275,-0.84991217,0
1.2104793,-4.7313938,0.11557907,-0.076491207,-0.52134275,0.84991217,0
-4.2838335,3.4619853,1.6588184,-0.055097699,0.85331714,0.51847267,0
0.401402,4.1534357,1.0501902,-0.055097699,0.85331714,0.51847267,0
4.0998807,2.5696204,-0.9658103,0.076491207,0.52134275,-0.84991217,0
-3.3046906,4.3935823,-0.55922985,0.076491207,0.52134275,-0.84991217,0
-4.270576,-0.77970719,-2.6944656,-0.9955467,-0.0071695447,-0.093995929,0
-4.4258795,3.5460112,-0.91139102,-0.9955467,-0.0071695447,-0.093995929,0
-0.76775861,-1.0988116,2.2327175,-0.076491207,-0.52134275,0.84991217,0
4.2555723,3.5415268,1.5252919,0.9955467,0.0071695447,0.093995929,0
4.3936586,3.7024558,-0.20410156,0.076491207,0.52134275,-0.84991217,0
4.7544765,-1.8322058,-2.6215162,0.9955467,0.0071695447,0.093995929,0
-4.722084,2.2841892,2.6587858,-0.9955467,-0.0071695447,-0.093995929,0
-1.0325263,-2.8063376,-3.0423021,0.055097699,-0.85331714,-0.51847267,0
1.1085057,4.0236702,1.2267005,-0.055097699,0.85331714,0.51847267,0
4.5304556,-0.83349657,0.26819038,0.9955467,0.0071695447,0.093995929,0
1.8859892,0.97259378,3.7660623,-0.076491207,-0.52134275,0.84991217,0
-4.3507576,-2.9714966,-1.2936282,-0.9955467,-0.0071695447,-0.093995929,0
4.5305395,-0.69788337,1.0048695,0.9955467,0.0071695447,0.093995929,0
4.6633425,-1.0536771,-1.5847068,0.9955467,0.0071695447,0.093995929,0
3.0136957,-3.7437937,-1.3939601,0.055097699,-0.85331714,-0.51847267,0
4.749866,-2.1647143,-3.1018772,0.9955467,0.0071695447,0.093995929,0
-2.496253,-2.9832406,0.82140827,-0.076491207,-0.52134275,0.84991217,0
0.88761902,2.4119036,3.7051024,-0.055097699,0.85331714,0.51847267,0
4.4417343,-2.4695492,0.16609597,0.9955467,0.0071695447,0.093995929,0
-0.31210566,4.3625712,0.35719717,-0.055097699,0.85331714,0.51847267,0
-0.69977498,3.7724433,1.2437452,-0.055097699,0.85331714,0.51847267,0
1.498188,-4.6730895,0.080374032,0.055097699,-0.85331714,-0.51847267,0
0.16294074,2.1495194,4.0793471,-0.055097699,0.85331714,0.51847267,0
4.640801,-0.8142153,-0.52669072,0.9955467,0.0071695447,0.093995929,0
1.570091,3.4087958,2.11584,-0.055097699,0.85331714,0.51847267,0
4.2857194,1.729291,2.351202,0.9955467,0.0071695447,0.093995929,0
0.29470158,4.4292192,0.2676661,-0.055097699,0.85331714,0.51847267,0
3.1664205,-2.6397104,-3.2200086,0.055097699,-0.85331714,-0.51847267,0
4.5339942,-1.8261982,0.12329125,0.9955467,0.0071695447,0.093995929,0
-3.529386,0.68936777,-2.8386557,0.076491207,0.52134275,-0.84991217,0
-4.2889748,-3.2924533,-2.5796938,-0.9955467,-0.0071695447,-0.093995929,0
-1.960358,-0.096158504,-3.1322079,0.076491207,0.52134275,-0.84991217,0
-1.0494521,3.0468855,-1.2329493,0.076491207,0.52134275,-0.84991217,0
1.3096964,2.5373292,3.6501482,-0.055097699,0.85331714,0.51847267,0
3.476418,4.4599504,0.1134367,0.076491207,0.52134275,-0.84991217,0
-1.0549542,-0.52541494,2.615447,-0.076491207,-0.52134275,0.84991217,0
1.5695565,-3.9548688,0.62880802,-0.076491207,-0.52134275,0.84991217,0
4.4048333,3.4615264,0.99927425,0.9955467,0.0071695447,0.093995929,0
1.8396397,-4.2361393,0.51168531,-0.076491207,-0.52134275,0.84991217,0
-4.3791137,0.62027764,-1.9606891,-0.9955467,-0.0071695447,-0.093995929,0
4.63836,-0.14261568,-2.2178843,0.9955467,0.0071695447,0.093995929,0
-2.8613911,-0.72425771,-3.5453591,0.076491207,0.52134275,-0.84991217,0
1.6155297,1.2130955,-1.994103,0.076491207,0.52134275,-0.84991217,0
1.8874511,0.82275987,-2.2237339,0.076491207,0.52134275,-0.84991217,0
1.6234658,-2.8863339,-2.7099025,0.055097699,-0.85331714,-0.51847267,0
-4.5756912,0.47875214,-0.2403059,-0.9955467,-0.0071695447,-0.093995929,0
-1.7505095,2.0977395,3.9319212,-0.055097699,0.85331714,0.51847267,0
3.3159549,2.6050937,3.7953598,-0.055097699,0.85331714,0.51847267,0
-4.2831712,-0.84639144,-1.5324092,-0.9955467,-0.0071695447,-0.093995929,0
0.55537128,2.8196337,3.2118316,-0.055097699,0.85331714,0.51847267,0
-3.4640303,-2.1953421,-4.5024414,0.055097699,-0.85331714,-0.51847267,0
1.9266396,4.4786472,0.70057988,-0.055097699,0.85331714,0.51847267,0
-4.1722908,3.9978383,-0.85211849,0.076491207,0.52134275,-0.84991217,0
4.4311237,0.45714259,1.4024162,0.9955467,0.0071695447,0.093995929,0
4.0918427,-1.0424957,2.7315023,-0.076491207,-0.52134275,0.84991217,0
3.1947246,2.440274,3.8935568,-0.055097699,0.85331714,0.51847267,0
1.8830593,-4.3925533,-0.27803263,0.055097699,-0.85331714,-0.51847267,0
0.75008869,2.9444404,2.9130993,-0.055097699,0.85331714,0.51847267,0
4.2678518,3.8110359,1.7035279,0.9955467,0.0071695447,0.093995929,0
1.6476727,1.8704832,4.2337461,-0.076491207,-0.52134275,0.84991217,0
-4.6323795,-0.57362407,1.5557487,-0.9955467,-0.0071695447,-0.093995929,0
2.4689484,1.3518618,-1.7777009,0.076491207,0.52134275,-0.84991217,0
-3.6391392,0.48632717,-3.0402324,0.076491207,0.52134275,-0.84991217,0
4.6423149,-1.3585925,-0.94926381,0.9955467,0.0071695447,0.093995929,0
-4.6066036,1.19428,-0.048760891,-0.9955467,-0.0071695447,-0.093995929,0
4.45713,1.5423409,0.26282692,0.9955467,0.0071695447,0.093995929,0
3.7416024,-1.1416115,-3.418087,0.076491207,0.52134275,-0.84991217,0
-2.261534,3.4724095,1.6112411,-0.055097699,0.85331714,0.51847267,0
-1.9897304,2.0796604,3.9326944,-0.076491207,-0.52134275,0.84991217,0
-3.9787304,-4.4770207,-0.75420713,0.055097699,-0.85331714,-0.51847267,0
3.7761672,-2.7645457,-2.8433356,0.055097699,-0.85331714,-0.51847267,0
-4.4372482,-3.284297,0.52212667,-0.076491207,-0.52134275,0.84991217,0
-0.0053648949,3.6635454,1.7610055,-0.055097699,0.85331714,0.51847267,0
-2.5055254,3.1850464,2.051064,-0.055097699,0.85331714,0.51847267,0
-2.1165433,4.0357056,0.87036371,-0.055097699,0.85331714,0.51847267,0
-4.4673042,4.0317688,-0.60902405,-0.9955467,-0.0071695447,-0.093995929,0
2.8888874,4.3935833,0.80618238,-0.055097699,0.85331714,0.51847267,0
4.5359983,3.2368786,-0.15375757,0.9955467,0.0071695447,0.093995929,0
-4.004611,-2.8028529,0.88968945,-0.076491207,-0.52134275,0.84991217,0
1.2544422,-2.486289,-3.6647794,0.055097699,-0.85331714,-0.51847267,0
2.4815788,-3.073951,1.182496,-0.076491207,-0.52134275,0.84991217,0
3.0837216,3.3887677,2.5384464,-0.055097699,0.85331714,0.51847267,0
-3.4556735,-3.3241823,-2.4261594,0.055097699,-0.85331714,-0.51847267,0
4.4169922,3.546926,0.32504988,0.9955467,0.0071695447,0.093995929,0
-2.7722168,-0.95402718,-3.7133374,0.076491207,0.52134275,-0.84991217,0
3.2267261,1.3905305,-1.8529544,0.076491207,0.52134275,-0.84991217,0
4.2559671,-0.1645937,2.135757,0.9955467,0.0071695447,0.093995929,0
1.8403978,-3.9634902,-1.1871403,0.055097699,-0.85331714,-0.51847267,0
-3.0490675,-2.3731945,-4.1368079,0.055097699,-0.85331714,-0.51847267,0
4.8412776,-2.3035891,-2.2429948,0.9955467,0.0071695447,0.093995929,0
-0.42570376,-3.8607507,0.44369125,-0.076491207,-0.52134275,0.84991217,0
-4.5297308,1.720129,-0.96644306,-0.9955467,-0.0071695447,-0.093995929,0
-1.3280339,2.5887916,3.1786866,-0.055097699,0.85331714,0.51847267,0
-4.6600275,2.4551258,0.57123923,-0.9955467,-0.0071695447,-0.093995929,0
4.5415587,-3.4647515,-0.2160027,0.9955467,0.0071695447,0.093995929,0
0.24741864,-3.4535716,-2.1150541,0.055097699,-0.85331714,-0.51847267,0
4.0974512,1.5605071,4.0455499,0.9955467,0.0071695447,0.093995929,0
0.99605608,-2.9869037,-2.6414006,0.055097699,-0.85331714,-0.51847267,0
4.7518606,-1.6136028,-1.3733666,0.9955467,0.0071695447,0.093995929,0
-4.2528038,3.1395721,-1.4144406,0.076491207,0.52134275,-0.84991217,0
-0.099177599,-2.575866,1.3443264,-0.076491207,-0.52134275,0.84991217,0
-1.9631929,-2.2913358,-4.1015816,0.055097699,-0.85331714,-0.51847267,0
4.4276476,-1.9396601,1.8863969,0.9955467,0.0071695447,0.093995929,0
4.4235053,-2.1673322,1.7588899,0.9955467,0.0071695447,0.093995929,0
0.48419285,-3.7475777,-1.3162446,0.055097699,-0.85331714,-0.51847267,0
-0.78213787,2.9430308,2.782125,-0.055097699,0.85331714,0.51847267,0
3.6744285,-4.5039001,-0.083090544,0.055097699,-0.85331714,-0.51847267,0
-0.35215187,-2.8905408,-2.9783785,0.055097699,-0.85331714,-0.51847267,0
4.445951,1.6358297,-0.3091073,0.9955467,0.0071695447,0.093995929,0
-0.94394684,-3.2478285,-2.3674078,0.055097699,-0.85331714,-0.51847267,0
-4.4601521,-0.47929585,0.14316034,-0.9955467,-0.0071695447,-0.093995929,0
4.0491166,3.3244858,-0.62020779,0.076491207,0.52134275,-0.84991217,0
-4.4215674,-1.4609889,-0.63378382,-0.9955467,-0.0071695447,-0.093995929,0
4.5646377,-2.0399325,0.48677135,0.9955467,0.0071695447,0.093995929,0
-0.95796609,1.7231872,3.8626707,-0.076491207,-0.52134275,0.84991217,0
4.4012523,0.5468564,1.0286531,0.9955467,0.0071695447,0.093995929,0
-3.0691319,2.560148,3.163588,-0.055097699,0.85331714,0.51847267,0
-1.2557044,3.7043836,1.4873234,-0.055097699,0.85331714,0.51847267,0
4.4813414,-0.55484784,-0.068674564,0.9955467,0.0071695447,0.093995929,0
-2.92205,2.805769,2.8698058,-0.055097699,0.85331714,0.51847267,0
-4.6796484,2.8098593,1.2726681,-0.9955467,-0.0071695447,-0.093995929,0
0.88565993,-3.7441466,0.69990259,-0.076491207,-0.52134275,0.84991217,0
1.0267551,2.8503377,-1.0406587,0.076491207,0.52134275,-0.84991217,0
-1.9511706,-1.9471419,1.4998158,-0.076491207,-0.52134275,0.84991217,0
3.2334979,-4.036891,0.68331921,-0.076491207,-0.52134275,0.84991217,0
-1.30755,3.3718519,2.1421711,-0.055097699,0.85331714,0.51847267,0
4.5707564,-3.9499421,0.22156739,0.9955467,0.0071695447,0.093995929,0
4.496171,0.047196865,0.6713376,0.9955467,0.0071695447,0.093995929,0
-3.5463638,-4.6009874,-0.49984646,0.055097699,-0.85331714,-0.51847267,0
4.8682938,-0.86309171,-2.9861934,0.9955467,0.0071695447,0.093995929,0
-4.6754007,2.0236943,2.1668463,-0.9955467,-0.0071695447,-0.093995929,0
-4.482718,3.6536067,-0.39432573,-0.9955467,-0.0071695447,-0.093995929,0
-3.2770185,3.2265131,1.8972484,-0.055097699,0.85331714,0.51847267,0
3.956589,-1.5131264,-3.542516,0.076491207,0.52134275,-0.84991217,0
4.2344704,0.9443059,3.3134928,0.9955467,0.0071695447,0.093995929,0
4.5391884,-1.4365436,-0.6683929,0.9955467,0.0071695447,0.093995929,0
-3.3858817,4.1045656,-0.80573714,0.076491207,0.52134275,-0.84991217,0
-2.1556065,-3.556438,-2.1693342,0.055097699,-0.85331714,-0.51847267,0
-4.4942317,-2.2182117,0.44564676,-0.9955467,-0.0071695447,-0.093995929,0
0.29180574,4.6969433,-0.09047699,0.076491207,0.52134275,-0.84991217,0
1.0963149,-4.0246301,-1.0870414,0.055097699,-0.85331714,-0.51847267,0
-4.5681973,1.9999046,0.22491932,-0.9955467,-0.0071695447,-0.093995929,0
4.6641068,0.5227071,-1.668344,0.9955467,0.0071695447,0.093995929,0
2.3367605,1.0234382,3.7013221,-0.076491207,-0.52134275,0.84991217,0
4.0457139,0.28200054,3.4257329,-0.076491207,-0.52134275,0.84991217,0
-4.1647315,0.40729856,-3.088181,0.076491207,0.52134275,-0.84991217,0
3.4655931,-4.5053091,0.47057724,-0.076491207,-0.52134275,0.84991217,0
0.2485199,1.6546345,3.9741361,-0.076491207,-0.52134275,0.84991217,0
-3.305053,-4.1644855,-1.0512896,0.055097699,-0.85331714,-0.51847267,0
1.3523135,3.5454516,2.1752677,-0.055097699,0.85331714,0.51847267,0
4.7631245,-2.4434316,-2.6470499,0.9955467,0.0071695447,0.093995929,0
-0.40259409,-2.6726911,-3.2996731,0.055097699,-0.85331714,-0.51847267,0
3.3596725,1.5005271,4.1438055,-0.076491207,-0.52134275,0.84991217,0
0.73683226,0.24924231,3.1290998,-0.076491207,-0.52134275,0.84991217,0
-3.797514,-1.0164256,1.9897404,-0.076491207,-0.52134275,0.84991217,0
-4.1345654,-2.4330235,-3.2742443,-0.9955467,-0.0071695447,-0.093995929,0
0.62439597,-1.7472794,2.0207126,-0.076491207,-0.52134275,0.84991217,0
0.97808266,4.4392629,0.43015456,-0.055097699,0.85331714,0.51847267,0
3.8052313,4.6879478,0.34058714,-0.055097699,0.85331714,0.51847267,0
-3.6946607,3.3265438,1.6586527,-0.055097699,0.85331714,0.51847267,0
0.63329542,0.076444387,3.092721,-0.076491207,-0.52134275,0.84991217,0
4.7345362,-0.86307859,-1.5045176,0.9955467,0.0071695447,0.093995929,0
1.6719401,2.0916421,4.3181791,-0.055097699,0.85331714,0.51847267,0
-4.3962717,-4.5504036,-0.35243607,-0.9955467,-0.0071695447,-0.093995929,0
-2.3465483,2.8789248,2.9069839,-0.055097699,0.85331714,0.51847267,0
3.7921753,-2.1526005,-3.9074168,0.076491207,0.52134275,-0.84991217,0
-0.38874412,2.4727082,-1.4600098,0.076491207,0.52134275,-0.84991217,0
-3.3937035,-4.6407509,-0.35381031,0.055097699,-0.85331714,-0.51847267,0
-0.14092684,-3.1684623,-2.4047561,0.055097699,-0.85331714,-0.51847267,0
-3.822016,4.0180063,0.83252811,-0.055097699,0.85331714,0.51847267,0
4.6261706,-2.3011675,-0.25537992,0.9955467,0.0071695447,0.093995929,0
-0.16965342,4.0751781,1.0099593,-0.055097699,0.85331714,0.51847267,0
4.0939436,1.3385601,3.8550243,0.9955467,0.0071695447,0.093995929,0
-4.2697577,-0.37082171,-2.2900496,-0.9955467,-0.0071695447,-0.093995929,0
-1.4122264,3.9347315,1.1081799,-0.055097699,0.85331714,0.51847267,0
-2.5280242,-0.7703886,2.2409651,-0.076491207,-0.52134275,0.84991217,0
-4.6723638,0.12099034,0.92243862,-0.9955467,-0.0071695447,-0.093995929,0
4.1894803,0.96275711,3.6687241,0.9955467,0.0071695447,0.093995929,0
3.8340144,4.1875372,1.3204451,-0.055097699,0.85331714,0.51847267,0
2.7717917,-2.3771477,-3.408267,0.055097699,-0.85331714,-0.51847267,0
4.6900983,0.068590462,-1.991605,0.9955467,0.0071695447,0.093995929,0
-4.3720045,3.430655,-1.218868,0.076491207,0.52134275,-0.84991217,0
-4.1037092,-1.5535007,-4.1793404,-0.9955467,-0.0071695447,-0.093995929,0
-1.4133446,2.8825269,-1.2915983,0.076491207,0.52134275,-0.84991217,0
0.66435409,1.1257219,3.6657271,-0.076491207,-0.52134275,0.84991217,0
-0.69708371,0.76213741,-2.5277443,0.076491207,0.52134275,-0.84991217,0
3.4049454,-4.2080197,0.55406547,-0.076491207,-0.52134275,0.84991217,0
4.5892715,-3.1609807,-1.0659142,0.9955467,0.0071695447,0.093995929,0
3.7182398,1.622607,4.2436047,-0.076491207,-0.52134275,0.84991217,0
4.5270214,-1.3068271,0.84314966,0.9955467,0.0071695447,0.093995929,0
-1.4138496,-2.7668748,-3.4872446,0.055097699,-0.85331714,-0.51847267,0
-4.3839817,2.4229476,-0.96551371,-0.9955467,-0.0071695447,-0.093995929,0
3.4359062,-3.8403788,-0.92503202,0.055097699,-0.85331714,-0.51847267,0
4.7167654,-3.181011,-1.8013817,0.055097699,-0.85331714,-0.51847267,0
4.63341,2.8580296,-0.72673559,0.076491207,0.52134275,-0.84991217,0
4.3118463,3.7127986,1.3912177,0.9955467,0.0071695447,0.093995929,0
4.5302324,-4.4437928,0.052619219,0.055097699,-0.85331714,-0.51847267,0
4.4724083,-1.0987239,1.3836696,0.9955467,0.0071695447,0.093995929,0
-4.4595413,-2.2571993,-1.1800041,-0.9955467,-0.0071695447,-0.093995929,0
3.1924062,-0.85144043,2.7742865,-0.076491207,-0.52134275,0.84991217,0
-3.5358956,0.36045957,2.824728,-0.076491207,-0.52134275,0.84991217,0
-2.5970347,2.5990381,3.2187531,-0.055097699,0.85331714,0.51847267,0
2.416255,1.1904969,3.7800145,-0.076491207,-0.52134275,0.84991217,0
-2.1898451,-3.8056192,0.44975638,-0.076491207,-0.52134275,0.84991217,0
-4.5545473,-3.880162,0.048616886,-0.9955467,-0.0071695447,-0.093995929,0
3.9612579,3.7561908,1.9489713,-0.055097699,0.85331714,0.51847267,0
1.8248284,4.0214176,1.4359927,-0.055097699,0.85331714,0.51847267,0
4.1044998,2.0983732,3.4842219,0.9955467,0.0071695447,0.093995929,0
-2.0863569,3.1550817,2.247417,-0.055097699,0.85331714,0.51847267,0
2.3842967,3.1650703,-0.87922049,0.076491207,0.52134275,-0.84991217,0
-1.3509474,-0.38387632,-3.3518333,0.076491207,0.52134275,-0.84991217,0
-3.5585804,0.19886112,-3.0763149,0.076491207,0.52134275,-0.84991217,0
-1.5151205,3.3855715,2.0807741,-0.055097699,0.85331714,0.51847267,0
4.3258553,0.91799998,0.9668088,0.9955467,0.0071695447,0.093995929,0
2.4122591,4.2467508,1.0086088,-0.055097699,0.85331714,0.51847267,0
-4.3469329,1.9145272,-1.6800191,-0.9955467,-0.0071695447,-0.093995929,0
4.0084691,2.3584137,4.0702205,-0.055097699,0.85331714,0.51847267,0
4.3084173,3.6385176,1.4027085,0.9955467,0.0071695447,0.093995929,0
4.6597576,1.6968763,-0.81019449,0.9955467,0.0071695447,0.093995929,0
1.7038676,1.9644808,-1.506924,0.076491207,0.52134275,-0.84991217,0
4.6761389,0.69284248,-1.6830668,0.9955467,0.0071695447,0.093995929,0
4.4487567,3.3137434,1.5591393,0.9955467,0.0071695447,0.093995929,0
-4.2348909,0.21971035,-2.7486937,-0.9955467,-0.0071695447,-0.093995929,0
-2.1081471,-1.4628024,-4.0346508,0.076491207,0.52134275,-0.84991217,0
1.2254286,4.4455252,-0.03388834,0.076491207,0.52134275,-0.84991217,0
-2.4549286,-4.0382113,0.14506483,-0.076491207,-0.52134275,0.84991217,0
-3.3546181,-2.1645598,1.2349982,-0.076491207,-0.52134275,0.84991217,0
-0.52636695,3.4226229,1.9531314,-0.055097699,0.85331714,0.51847267,0
4.5450044,0.57167947,-0.79362249,0.9955467,0.0071695447,0.093995929,0
4.4416051,-1.7441666,0.8525939,0.9955467,0.0071695447,0.093995929,0
0.29322767,4.0313587,1.2573625,-0.055097699,0.85331714,0.51847267,0
2.9495203,3.8031955,1.6735282,-0.055097699,0.85331714,0.51847267,0
-3.2847412,3.272305,2.0952477,-0.055097699,0.85331714,0.51847267,0
4.4216881,1.357671,0.94789362,0.9955467,0.0071695447,0.093995929,0
2.555752,2.3933134,4.1281624,-0.055097699,0.85331714,0.51847267,0
-4.2904577,1.4032702,-1.8452318,-0.9955467,-0.0071695447,-0.093995929,0
0.26774359,-3.3702168,-2.3262696,0.055097699,-0.85331714,-0.51847267,0
4.4132118,-4.253026,-0.10851026,0.055097699,-0.85331714,-0.51847267,0
-1.2218885,3.0622566,2.5211709,-0.055097699,0.85331714,0.51847267,0
-1.9402477,2.2308221,3.9437971,-0.055097699,0.85331714,0.51847267,0
4.3659968,3.5313559,0.78953409,0.9955467,0.0071695447,0.093995929,0
2.7335637,-2.7197309,-3.0623999,0.055097699,-0.85331714,-0.51847267,0
1.4648371,-1.4765451,2.2083845,-0.076491207,-0.52134275,0.84991217,0
4.1880794,-3.0320194,1.4188352,-0.076491207,-0.52134275,0.84991217,0
4.410955,0.92035866,0.64155483,0.9955467,0.0071695447,0.093995929,0
-2.6523607,-3.8110662,-1.7291627,0.055097699,-0.85331714,-0.51847267,0
0.71736741,-2.2892289,-3.8767467,0.055097699,-0.85331714,-0.51847267,0
-4.622509,3.5662725,0.0059466362,-0.9955467,-0.0071695447,-0.093995929,0
-4.4446955,-3.1678274,-1.5772061,-0.9955467,-0.0071695447,-0.093995929,0
-4.3306007,-2.7084196,-2.8257837,-0.9955467,-0.0071695447,-0.093995929,0
-0.90497923,-4.1217041,-0.88553596,0.055097699,-0.85331714,-0.51847267,0
0.93552887,0.64995813,-2.5505488,0.076491207,0.52134275,-0.84991217,0
1.0588264,4.5297637,0.29575419,-0.055097699,0.85331714,0.51847267,0
-1.6314164,2.0097442,4.0778008,-0.076491207,-0.52134275,0.84991217,0
-1.4121382,2.4171336,3.5584044,-0.055097699,0.85331714,0.51847267,0
4.4913206,-3.0172284,1.1090841,0.9955467,0.0071695447,0.093995929,0
-2.8911543,2.7488003,-1.6103835,0.076491207,0.52134275,-0.84991217,0
4.7279735,0.72479469,-2.1212406,0.076491207,0.52134275,-0.84991217,0
1.6658099,-1.2211225,-3.6368923,0.076491207,0.52134275,-0.84991217,0
4.2222128,0.24337626,3.2833021,0.9955467,0.0071695447,0.093995929,0
-4.3383942,1.235743,-1.2558744,-0.9955467,-0.0071695447,-0.093995929,0
0.36009943,1.2335248,3.6385472,-0.076491207,-0.52134275,0.84991217,0
3.6570749,2.2779574,-1.1024275,0.076491207,0.52134275,-0.84991217,0
-4.43782,1.8769865,-0.69964695,-0.9955467,-0.0071695447,-0.093995929,0
-4.3326111,-3.5409961,-1.750639,-0.9955467,-0.0071695447,-0.093995929,0
-3.6903768,0.009121418,-3.1506617,0.076491207,0.52134275,-0.84991217,0
-1.7825997,-1.6985188,1.8418741,-0.076491207,-0.52134275,0.84991217,0
3.6172826,-2.8177271,-2.8468337,0.055097699,-0.85331714,-0.51847267,0
0.326828,4.1266375,0.93667042,-0.055097699,0.85331714,0.51847267,0
4.2409172,0.34455347,1.8930864,0.9955467,0.0071695447,0.093995929,0
-1.4816852,-4.1064272,0.31994009,-0.076491207,-0.52134275,0.84991217,0
2.4247775,-1.1481564,2.5157821,-0.076491207,-0.52134275,0.84991217,0
4.4412575,0.02739656,-0.17003345,0.9955467,0.0071695447,0.093995929,0
2.7836566,-4.0347633,-0.8578639,0.055097699,-0.85331714,-0.51847267,0
-4.6996384,1.151431,2.3164346,-0.9955467,-0.0071695447,-0.093995929,0
4.6817179,-1.4700925,-2.2662673,0.9955467,0.0071695447,0.093995929,0
2.0524297,2.0591359,-1.4692781,0.076491207,0.52134275,-0.84991217,0
-4.388598,-0.99333346,-0.35354137,-0.9955467,-0.0071695447,-0.093995929,0
-4.7284827,2.5779753,2.8970318,-0.9955467,-0.0071695447,-0.093995929,0
4.511776,2.8279324,0.84541082,0.9955467,0.0071695447,0.093995929,0
-3.546417,-1.3813419,1.7389975,-0.076491207,-0.52134275,0.84991217,0
3.934823,-0.92549908,-3.1463447,0.076491207,0.52134275,-0.84991217,0
4.5995116,1.2097149,0.027522087,0.9955467,0.0071695447,0.093995929,0
4.0187283,-4.3807173,-0.1855669,0.055097699,-0.85331714,-0.51847267,0
4.2141867,0.94679546,3.6251626,0.9955467,0.0071695447,0.093995929,0
4.6255708,-3.6008229,-0.098459244,0.9955467,0.0071695447,0.093995929,0
-3.9781241,-2.4730756,-4.2080889,0.055097699,-0.85331714,-0.51847267,0
-3.4062374,-0.45354605,-3.482517,0.076491207,0.52134275,-0.84991217,0
-4.4149985,-1.1319107,-1.5209656,-0.9955467,-0.0071695447,-0.093995929,0
-4.2310748,-0.11577952,2.4816642,-0.076491207,-0.52134275,0.84991217,0
4.3496833,-1.8952465,1.0631213,0.9955467,0.0071695447,0.093995929,0
4.509666,-3.4050491,-1.7839861,0.055097699,-0.85331714,-0.51847267,0
2.9991868,-4.4750757,0.034623861,0.055097699,-0.85331714,-0.51847267,0
-4.5056849,-1.4060667,-1.0729642,-0.9955467,-0.0071695447,-0.093995929,0
1.5057378,-0.61824107,2.5957522,-0.076491207,-0.52134275,0.84991217,0
4.3673038,3.4380574,2.1188016,0.9955467,0.0071695447,0.093995929,0
-1.1170998,-3.9450614,-1.3776619,0.055097699,-0.85331714,-0.51847267,0
-4.0217443,2.132515,3.8483708,-0.076491207,-0.52134275,0.84991217,0
1.566715,-2.6883552,-3.1461453,0.055097699,-0.85331714,-0.51847267,0
0.82565713,-3.6918867,-1.6826828,0.055097699,-0.85331714,-0.51847267,0
-0.30821371,3.7531788,1.6857198,-0.055097699,0.85331714,0.51847267,0
-4.2327528,-3.8425205,-1.9578629,0.055097699,-0.85331714,-0.51847267,0
-1.088096,0.32831645,3.0303273,-0.076491207,-0.52134275,0.84991217,0
-4.3768454,1.1467972,-1.9634171,-0.9955467,-0.0071695447,-0.093995929,0
1.9943252,-1.6841066,2.0663416,-0.076491207,-0.52134275,0.84991217,0
2.3981814,4.717299,0.061697006,0.076491207,0.52134275,-0.84991217,0
-3.8883295,3.2225542,-1.4262934,0.076491207,0.52134275,-0.84991217,0
-4.395061,-2.0528691,-1.9815974,-0.9955467,-0.0071695447,-0.093995929,0
4.7228069,-2.1171319,-1.7249207,0.9955467,0.0071695447,0.093995929,0
-3.685663,-3.140244,-2.9860697,0.055097699,-0.85331714,-0.51847267,0
1.4970317,-2.8311219,-2.9642053,0.055097699,-0.85331714,-0.51847267,0
4.616971,-3.7904253,-1.0883808,0.9955467,0.0071695447,0.093995929,0
-0.054920197,-1.8168497,1.7599286,-0.076491207,-0.52134275,0.84991217,0
-3.1172347,-3.4701102,0.53464413,-0.076491207,-0.52134275,0.84991217,0
-2.7671387,-4.3636971,-0.68055248,0.055097699,-0.85331714,-0.51847267,0
4.6877098,-3.5074511,-0.75069928,0.9955467,0.0071695447,0.093995929,0
-4.3200579,0.11865711,-2.4240041,-0.9955467,-0.0071695447,-0.093995929,0
2.4233372,-2.2427804,1.717975,-0.076491207,-0.52134275,0.84991217,0
1.8231061,2.9356079,2.936394,-0.055097699,0.85331714,0.51847267,0
-1.4184014,-2.2295513,1.5072962,-0.076491207,-0.52134275,0.84991217,0
3.2128654,0.64582157,3.5267713,-0.076491207,-0.52134275,0.84991217,0
-4.5564814,1.5702634,-0.51290321,-0.9955467,-0.0071695447,-0.093995929,0
0.073759079,-0.75307465,-3.3158813,0.076491207,0.52134275,-0.84991217,0
-4.3666,-2.2348213,-2.2485037,-0.9955467,-0.0071695447,-0.093995929,0
-0.45318103,1.8684644,3.9694684,-0.076491207,-0.52134275,0.84991217,0
4.5443172,-1.3763099,-0.32023883,0.9955467,0.0071695447,0.093995929,0
-3.3116291,-2.7353234,-3.6684809,0.055097699,-0.85331714,-0.51847267,0
-4.1527758,-3.1518021,0.54152584,-0.076491207,-0.52134275,0.84991217,0
4.6010513,-3.0031154,-0.39343643,0.9955467,0.0071695447,0.093995929,0
0.89336276,-0.22237301,-3.0727069,0.076491207,0.52134275,-0.84991217,0
2.2129593,-0.67269373,-3.1534669,0.076491207,0.52134275,-0.84991217,0
1.1843584,-4.4345112,0.37811127,-0.076491207,-0.52134275,0.84991217,0
-4.766983,0.21559905,1.6647325,-0.9955467,-0.0071695447,-0.093995929,0
-2.7797694,1.9389453,-1.9537781,0.076491207,0.52134275,-0.84991217,0
0.3641386,-4.3932834,-0.38160837,0.055097699,-0.85331714,-0.51847267,0
-4.5225053,-0.029201031,-0.91484308,-0.9955467,-0.0071695447,-0.093995929,0
-3.874615,1.7354219,3.5425999,-0.076491207,-0.52134275,0.84991217,0
-4.8012009,1.374175,2.9753623,-0.9955467,-0.0071695447,-0.093995929,0
4.128459,2.2789915,3.8511171,0.9955467,0.0071695447,0.093995929,0
-4.3855667,0.3845365,-0.4288702,-0.9955467,-0.0071695447,-0.093995929,0
-0.82356644,2.7429378,3.0305705,-0.055097699,0.85331714,0.51847267,0
4.3568311,0.71538091,1.4089088,0.9955467,0.0071695447,0.093995929,0
-2.2816591,-4.6315274,-0.1783061,0.055097699,-0.85331714,-0.51847267,0
-4.5123234,0.30826354,2.7687871,-0.076491207,-0.52134275,0.84991217,0
-3.944782,-1.1481733,-4.0031066,0.076491207,0.52134275,-0.84991217,0
-0.1614933,2.6384833,3.1731513,-0.055097699,0.85331714,0.51847267,0
-4.8502588,1.6956552,2.417551,-0.9955467,-0.0071695447,-0.093995929,0
-4.5207672,-3.4366522,0.10125875,-0.9955467,-0.0071695447,-0.093995929,0
4.3252583,-0.66055799,2.0584178,0.9955467,0.0071695447,0.093995929,0
-4.3589258,-1.9713525,-2.3522906,-0.9955467,-0.0071695447,-0.093995929,0
4.556056,-1.224016,0.51597738,0.9955467,0.0071695447,0.093995929,0
-4.6320229,3.071847,0.0083024502,-0.9955467,-0.0071695447,-0.093995929,0
-2.5252485,4.576561,0.0018797517,-0.055097699,0.85331714,0.51847267,0
4.4975691,4.1020813,0.92682314,0.9955467,0.0071695447,0.093995929,0
-2.9222593,2.0378668,-2.0006723,0.076491207,0.52134275,-0.84991217,0
-4.3122282,-3.7369394,-1.5318971,-0.9955467,-0.0071695447,-0.093995929,0
4.5537858,-1.4270246,-0.77847648,0.9955467,0.0071695447,0.093995929,0
-2.957407,3.4724731,1.7966628,-0.055097699,0.85331714,0.51847267,0
-4.4755173,-0.42189932,-1.2137947,-0.9955467,-0.0071695447,-0.093995929,0
1.9869461,3.3677289,2.2094345,-0.055097699,0.85331714,0.51847267,0
-0.59581327,3.1343777,2.4029186,-0.055097699,0.85331714,0.51847267,0
0.46104622,2.2903399,3.9890337,-0.055097699,0.85331714,0.51847267,0
4.3595762,-4.2393503,-0.10921431,0.055097699,-0.85331714,-0.51847267,0
0.71996069,2.1218994,4.1557479,-0.055097699,0.85331714,0.51847267,0
3.3190963,-2.5486264,-3.3561149,0.055097699,-0.85331714,-0.51847267,0
-3.3915963,4.3747497,0.31654501,-0.055097699,0.85331714,0.51847267,0
-4.3830509,-2.8391612,-2.1546545,-0.9955467,-0.0071695447,-0.093995929,0
-4.5889282,-2.2480555,0.068504333,-0.9955467,-0.0071695447,-0.093995929,0
-3.4348471,3.119324,-1.4314313,0.076491207,0.52134275,-0.84991217,0
3.5616727,-3.6296301,1.1117076,-0.076491207,-0.52134275,0.84991217,0
1.5424727,2.1566358,-1.4918593,0.076491207,0.52134275,-0.84991217,0
3.5641589,-2.6590855,-3.1155071,0.055097699,-0.85331714,-0.51847267,0
-4.5038109,3.6040359,0.52582002,-0.9955467,-0.0071695447,-0.093995929,0
-4.4781671,2.4455178,-0.35362673,-0.9955467,-0.0071695447,-0.093995929,0
4.7321224,0.17632717,-1.2545962,0.9955467,0.0071695447,0.093995929,0
0.55819339,0.48196578,3.192533,-0.076491207,-0.52134275,0.84991217,0
4.2939997,1.3544751,-1.746568,0.076491207,0.52134275,-0.84991217,0
4.4370556,1.9524224,1.3658485,0.9955467,0.0071695447,0.093995929,0
0.34543836,-0.75154996,2.5888178,-0.076491207,-0.52134275,0.84991217,0
3.820039,-2.5207038,-3.0120144,0.055097699,-0.85331714,-0.51847267,0
4.2958632,0.83204198,1.775075,0.9955467,0.0071695447,0.093995929,0
2.4021196,0.63487601,-2.2235351,0.076491207,0.52134275,-0.84991217,0
-4.0136542,2.3304243,3.5400825,-0.055097699,0.85331714,0.51847267,0
4.6597776,1.1650944,-0.55229998,0.9955467,0.0071695447,0.093995929,0
4.6979866,-1.795706,-2.507278,0.9955467,0.0071695447,0.093995929,0
4.4363384,3.2537827,0.56903362,0.9955467,0.0071695447,0.093995929,0
3.4174731,4.2437291,-0.030638695,0.076491207,0.52134275,-0.84991217,0
4.3036561,2.546711,-0.96764469,0.076491207,0.52134275,-0.84991217,0
-1.230763,4.1789455,-0.37356418,0.076491207,0.52134275,-0.84991217,0
-0.14435315,3.6033988,1.8215472,-0.055097699,0.85331714,0.51847267,0
-4.3237743,-3.0923409,-1.4689097,-0.9955467,-0.0071695447,-0.093995929,0
-4.3729014,-1.9844525,-2.2479386,-0.9955467,-0.0071695447,-0.093995929,0
-4.3617806,-0.63948321,-2.3251314,-0.9955467,-0.0071695447,-0.093995929,0
4.3622241,-2.9809093,1.0559986,0.9955467,0.0071695447,0.093995929,0
-4.5528655,3.4003291,0.57007599,-0.9955467,-0.0071695447,-0.093995929,0
3.1844673,0.29374444,-2.5766792,0.076491207,0.52134275,-0.84991217,0
0.32871103,-2.1587784,-4.3192883,0.055097699,-0.85331714,-0.51847267,0
-1.1342053,3.1636767,-1.1159854,0.076491207,0.52134275,-0.84991217,0
2.0008795,-3.8023827,0.88245791,-0.076491207,-0.52134275,0.84991217,0
-4.4264116,0.26409459,-1.4846392,-0.9955467,-0.0071695447,-0.093995929,0
0.88191509,3.8356814,1.4934504,-0.055097699,0.85331714,0.51847267,0
-4.5841351,1.9959074,0.4787457,-0.9955467,-0.0071695447,-0.093995929,0
-1.8885148,-2.3452353,-3.9566617,0.055097699,-0.85331714,-0.51847267,0
3.5492425,1.0868335,3.8157434,-0.076491207,-0.52134275,0.84991217,0
-0.28420043,2.6694272,3.2942696,-0.055097699,0.85331714,0.51847267,0
-4.5692201,2.1014602,1.1081455,-0.9955467,-0.0071695447,-0.093995929,0
1.504034,-1.0452888,-3.4439292,0.076491207,0.52134275,-0.84991217,0
-1.4965074,-2.477412,-3.906913,0.055097699,-0.85331714,-0.51847267,0
4.5301943,3.9449825,0.38853407,0.9955467,0.0071695447,0.093995929,0
-3.3318319,-3.0005746,-3.1308346,0.055097699,-0.85331714,-0.51847267,0
-3.6521759,4.5474796,-0.45132244,0.076491207,0.52134275,-0.84991217,0
0.30969095,2.9514923,2.7954373,-0.055097699,0.85331714,0.51847267,0
3.8240371,4.2313871,1.337873,-0.055097699,0.85331714,0.51847267,0
-4.2994952,-3.2670636,-2.3645205,-0.9955467,-0.0071695447,-0.093995929,0
-4.1226783,4.682621,-0.26976371,-0.055097699,0.85331714,0.51847267,0
-2.6638429,4.0778775,0.63502365,-0.055097699,0.85331714,0.51847267,0
3.8406224,-4.2971115,-0.32142138,0.055097699,-0.85331714,-0.51847267,0
0.28263187,-4.5652781,-0.25820112,0.055097699,-0.85331714,-0.51847267,0
0.4073379,-4.1163416,0.56174725,-0.076491207,-0.52134275,0.84991217,0
0.36353278,-2.4255009,-3.5898416,0.055097699,-0.85331714,-0.51847267,0
1.688019,1.6994567,4.1998467,-0.076491207,-0.52134275,0.84991217,0
4.3404789,2.8241553,2.4821882,0.9955467,0.0071695447,0.093995929,0
4.5450315,1.6084622,-1.4042234,0.9955467,0.0071695447,0.093995929,0
-3.6139255,3.7771924,0.93404222,-0.055097699,0.85331714,0.51847267,0
-4.0309467,-3.0631194,-3.2788067,0.055097699,-0.85331714,-0.51847267,0
2.3183744,-3.5842996,-1.4767082,0.055097699,-0.85331714,-0.51847267,0
4.5857959,0.24415055,-1.5964401,0.9955467,0.0071695447,0.093995929,0
1.2747663,1.4208093,-1.9496301,0.076491207,0.52134275,-0.84991217,0
-4.0889034,1.8653749,3.6013784,-0.076491207,-0.52134275,0.84991217,0
2.0585668,-0.94677329,2.5255222,-0.076491207,-0.52134275,0.84991217,0
-4.5426645,0.74831629,-0.45855188,-0.9955467,-0.0071695447,-0.093995929,0
-4.3449574,-0.67819166,-1.4182734,-0.9955467,-0.0071695447,-0.093995929,0
-2.6825647,-3.5123258,0.54893064,-0.076491207,-0.52134275,0.84991217,0
1.1839457,4.1782784,0.85211086,-0.055097699,0.85331714,0.51847267,0
-2.7863708,3.8224444,-0.84903491,0.076491207,0.52134275,-0.84991217,0
-1.2373223,4.0896931,-0.43552747,0.076491207,0.52134275,-0.84991217,0
4.5368457,-3.7460985,0.89661121,0.9955467,0.0071695447,0.093995929,0
-4.099494,-3.6976678,0.22752428,-0.076491207,-0.52134275,0.84991217,0
-1.7226858,1.7102591,3.9178925,-0.076491207,-0.52134275,0.84991217,0
0.14695519,0.92114997,-2.3613281,0.076491207,0.52134275,-0.84991217,0
4.6281686,2.7282555,-0.38183784,0.9955467,0.0071695447,0.093995929,0
-4.7473068,-0.57653612,1.7568676,-0.9955467,-0.0071695447,-0.093995929,0
-1.4756565,1.2546375,-2.1886325,0.076491207,0.52134275,-0.84991217,0
-3.4074416,-0.94295073,-3.710963,0.076491207,0.52134275,-0.84991217,0
1.7506018,-3.5517793,-1.7177767,0.055097699,-0.85331714,-0.51847267,0
3.3544898,3.394043,2.4230037,-0.055097699,0.85331714,0.51847267,0
-4.4393506,0.063232541,2.6504018,-0.076491207,-0.52134275,0.84991217,0
-4.3585019,1.1855688,-1.253499,-0.9955467,-0.0071695447,-0.093995929,0
4.5591726,3.9056597,0.25539017,0.9955467,0.0071695447,0.093995929,0
-0.648386,-4.5234199,-0.52050877,0.055097699,-0.85331714,-0.51847267,0
4.0624866,1.6781383,4.2613997,0.9955467,0.0071695447,0.093995929,0
4.5609646,1.8738267,-1.4861455,0.076491207,0.52134275,-0.84991217,0
2.2140899,3.4162138,2.365911,-0.055097699,0.85331714,0.51847267,0
1.1673889,3.0917697,2.6742997,-0.055097699,0.85331714,0.51847267,0
-4.4590254,3.5865185,-0.97678137,-0.9955467,-0.0071695447,-0.093995929,0
-4.2924128,-3.233006,-1.7692146,-0.9955467,-0.0071695447,-0.093995929,0
-4.7404232,0.93789667,1.6235576,-0.9955467,-0.0071695447,-0.093995929,0
1.7504206,-4.1932373,-0.64053959,0.055097699,-0.85331714,-0.51847267,0
4.6989398,-2.4958856,-0.76684308,0.9955467,0.0071695447,0.093995929,0
-4.4313607,2.1078005,-0.7582705,-0.9955467,-0.0071695447,-0.093995929,0
-4.3338022,1.1216471,-1.1712475,-0.9955467,-0.0071695447,-0.093995929,0
-4.225091,-1.0323436,-1.9942727,-0.9955467,-0.0071695447,-0.093995929,0
-2.5572672,1.227885,-2.5253282,0.076491207,0.52134275,-0.84991217,0
-3.4041297,-4.3060532,-0.83997774,0.055097699,-0.85331714,-0.51847267,0
-2.0600619,2.8552158,-1.3505528,0.076491207,0.52134275,-0.84991217,0
-2.7320011,3.3559883,1.7135307,-0.055097699,0.85331714,0.51847267,0
4.3964806,-1.7075536,0.53402925,0.9955467,0.0071695447,0.093995929,0
-4.4517746,0.24392247,-0.70788336,-0.9955467,-0.0071695447,-0.093995929,0
1.335315,3.0204754,3.0163469,-0.055097699,0.85331714,0.51847267,0
-4.2460108,-3.2548833,-1.9760714,-0.9955467,-0.0071695447,-0.093995929,0
-4.7357163,2.6294682,1.9473107,-0.9955467,-0.0071695447,-0.093995929,0
2.6742411,-2.353492,-3.4510283,0.055097699,-0.85331714,-0.51847267,0
-4.1230907,2.2286654,3.5748346,-0.055097699,0.85331714,0.51847267,0
-1.5886776,-3.318475,-2.3814652,0.055097699,-0.85331714,-0.51847267,0
4.3293395,2.0981874,1.2920461,0.9955467,0.0071695447,0.093995929,0
4.1786232,0.64491057,2.7699175,0.9955467,0.0071695447,0.093995929,0
-4.1113634,-3.0154905,-3.3464804,0.055097699,-0.85331714,-0.51847267,0
4.5388651,-1.0754849,-0.46245885,0.9955467,0.0071695447,0.093995929,0
-4.463542,2.0899646,-1.280432,-0.9955467,-0.0071695447,-0.093995929,0
-4.0855579,1.6296058,-2.2608683,0.076491207,0.52134275,-0.84991217,0
-3.0307431,3.6191089,-1.0502697,0.076491207,0.52134275,-0.84991217,0
-4.4633822,-4.1194096,-0.23566532,-0.9955467,-0.0071695447,-0.093995929,0
2.746381,0.96143651,3.7649109,-0.076491207,-0.52134275,0.84991217,0
4.4773846,-2.327513,0.61896753,0.9955467,0.0071695447,0.093995929,0
4.1800914,0.59120369,3.2451658,0.9955467,0.0071695447,0.093995929,0
-4.3550091,-3.2130637,-0.58662558,-0.9955467,-0.0071695447,-0.093995929,0
-4.8207068,2.6665893,2.6769938,-0.055097699,0.85331714,0.51847267,0
4.4831181,4.3719621,0.16659307,0.9955467,0.0071695447,0.093995929,0
2.8087835,1.4467808,-1.7682678,0.076491207,0.52134275,-0.84991217,0
2.489011,3.3718534,2.5726879,-0.055097699,0.85331714,0.51847267,0
-4.2244277,-1.7893105,-3.1977944,-0.9955467,-0.0071695447,-0.093995929,0
-4.6304626,3.3297172,0.89735031,-0.9955467,-0.0071695447,-0.093995929,0
-0.5836997,3.0728881,-1.0559742,0.076491207,0.52134275,-0.84991217,0
0.50821733,-3.6998193,-1.4295685,0.055097699,-0.85331714,-0.51847267,0
-1.1644574,1.1922436,-2.280103,0.076491207,0.52134275,-0.84991217,0
-3.7930436,-3.2570922,-2.8999929,0.055097699,-0.85331714,-0.51847267,0
3.4666367,0.19898772,-2.5525966,0.076491207,0.52134275,-0.84991217,0
-4.1721888,-1.5044754,-2.5524364,-0.9955467,-0.0071695447,-0.093995929,0
-1.6703243,4.2034883,0.67304271,-0.055097699,0.85331714,0.51847267,0
-0.20913243,3.6540704,1.8208818,-0.055097699,0.85331714,0.51847267,0
-0.6188488,2.3837793,-1.600233,0.076491207,0.52134275,-0.84991217,0
-4.313581,-0.64749455,-2.25951,-0.9955467,-0.0071695447,-0.093995929,0
1.3320971,-3.7216034,0.83486366,-0.076491207,-0.52134275,0.84991217,0
-2.6085968,0.34941149,-2.8465588,0.076491207,0.52134275,-0.84991217,0
4.4738436,-0.024899721,0.93036079,0.9955467,0.0071695447,0.093995929,0
-1.0493566,-0.86824274,-3.6847606,0.076491207,0.52134275,-0.84991217,0
-0.12766981,-2.9164536,-2.9507246,0.055097699,-0.85331714,-0.51847267,0
4.182467,0.80130339,3.1899967,0.9955467,0.0071695447,0.093995929,0
1.6454563,2.4574256,3.6904182,-0.055097699,0.85331714,0.51847267,0
-2.4016771,2.5422201,3.2157912,-0.055097699,0.85331714,0.51847267,0
3.6251719,-1.615576,-3.5718875,0.076491207,0.52134275,-0.84991217,0
0.54773378,-4.3215814,0.34269261,-0.076491207,-0.52134275,0.84991217,0
-4.3841186,-0.56098652,-1.3022032,-0.9955467,-0.0071695447,-0.093995929,0
-4.5723834,2.7514989,0.041691542,-0.9955467,-0.0071695447,-0.093995929,0
0.15856671,1.1231458,3.7117231,-0.076491207,-0.52134275,0.84991217,0
3.0892186,-3.9707665,-0.82017696,0.055097699,-0.85331714,-0.51847267,0
-2.3871722,-3.2942643,0.78102255,-0.076491207,-0.52134275,0.84991217,0
-3.7129295,-4.1975784,0.13028049,-0.076491207,-0.52134275,0.84991217,0
3.3989868,-3.5625157,-1.4454099,0.055097699,-0.85331714,-0.51847267,0
1.1907933,2.8202844,3.2099442,-0.055097699,0.85331714,0.51847267,0
4.6071525,-4.0051832,0.042844772,0.9955467,0.0071695447,0.093995929,0
-4.0456057,-1.7418556,-4.2676029,0.076491207,0.52134275,-0.84991217,0
-2.056915,4.2567167,0.44290072,-0.055097699,0.85331714,0.51847267,0
4.7094631,-1.5921259,-2.3494029,0.9955467,0.0071695447,0.093995929,0
0.87483978,-2.765686,-2.9972627,0.055097699,-0.85331714,-0.51847267,0
3.6914041,-0.81501436,2.7300308,-0.076491207,-0.52134275,0.84991217,0
1.257097,-4.6757216,0.17309183,-0.076491207,-0.52134275,0.84991217,0
0.65844083,-2.6517389,-3.4719658,0.055097699,-0.85331714,-0.51847267,0
