0.96766829,4.4038048,1.7891579,0.58277857,0.7328546,0.3511318,0
2.2849383,0.40611696,-3.9351554,0.60665244,-0.10485673,-0.78802156,0
4.4847555,3.344373,-1.8223035,0.58277857,0.7328546,0.3511318,0
3.6671038,-0.54379654,0.44858688,0.54068667,-0.67225707,0.5056963,0
0.68901062,1.6842046,6.0943027,-0.60665244,0.10485673,0.78802156,0
-1.5512097,-2.6025198,-4.6478224,-0.58277857,-0.7328546,-0.3511318,0
1.7579144,-1.786062,0.80513519,0.54068667,-0.67225707,0.5056963,0
-0.21333981,-2.2572355,-5.4793158,0.60665244,-0.10485673,-0.78802156,0
5.6550417,0.43792987,-0.41746795,0.54068667,-0.67225707,0.5056963,0
-1.0385042,-4.7504745,-0.1816473,0.54068667,-0.67225707,0.5056963,0
3.2922397,3.2063227,0.91400719,0.58277857,0.7328546,0.3511318,0
-0.6902715,0.6938808,-3.38165,-0.54068667,0.67225707,-0.5056963,0
-4.8244228,-3.3760407,2.0270813,-0.58277857,-0.7328546,-0.3511318,0
-4.7603588,0.11474133,0.27286363,-0.54068667,0.67225707,-0.5056963,0
-3.0338621,-2.0268455,-3.6951401,-0.58277857,-0.7328546,-0.3511318,0
-2.968677,3.0699074,2.2756028,-0.54068667,0.67225707,-0.5056963,0
6.1139164,1.8256118,-0.90998363,0.58277857,0.7328546,0.3511318,0
-5.7170897,-1.576299,0.094126225,-0.58277857,-0.7328546,-0.3511318,0
-2.8318033,-3.047148,-1.959744,-0.58277857,-0.7328546,-0.3511318,0
-2.1103811,-3.3278661,-2.3240008,-0.58277857,-0.7328546,-0.3511318,0
0.10013807,-1.4653227,3.0542693,0.54068667,-0.67225707,0.5056963,0
-0.82896996,-4.7994294,-1.6610379,-0.58277857,-0.7328546,-0.3511318,0
-2.4763644,-1.9093888,-4.527894,-0.58277857,-0.7328546,-0.3511318,0
-3.9192858,-0.56774104,2.7381749,-0.60665244,0.10485673,0.78802156,0
0.12779903,-0.32226992,4.4877691,0.54068667,-0.67225707,0.5056963,0
-3.6875219,-3.7194073,1.0088272,-0.58277857,-0.7328546,-0.3511318,0
2.0032229,3.0620909,-2.9854989,-0.54068667,0.67225707,-0.5056963,0
-1.9474883,-4.6908369,0.42254019,-0.58277857,-0.7328546,-0.3511318,0
2.4972975,-0.72511303,-3.6820865,0.60665244,-0.10485673,-0.78802156,0
-0.66049051,2.3026443,4.8815889,-0.60665244,0.10485673,0.78802156,0
3.3831499,3.6662979,-3.5371675,-0.54068667,0.67225707,-0.5056963,0
-0.4989872,-5.0066061,-1.5625892,-0.58277857,-0.7328546,-0.3511318,0
1.5747125,-4.5293546,-3.9508858,0.60665244,-0.10485673,-0.78802156,0
-3.2456346,-4.0000534,0.70362568,-0.58277857,-0.7328546,-0.3511318,0
4.0467415,-1.823668,-2.3759084,0.60665244,-0.10485673,-0.78802156,0
4.8908629,2.3970742,-2.3029816,0.60665244,-0.10485673,-0.78802156,0
0.4685393,-2.4617262,1.3507186,0.54068667,-0.67225707,0.5056963,0
4.5267901,2.1455841,0.94242001,0.58277857,0.7328546,0.3511318,0
1.4915016,3.3321948,3.5033979,0.58277857,0.7328546,0.3511318,0
3.0060139,2.5914383,-3.7558212,0.60665244,-0.10485673,-0.78802156,0
3.4744301,2.3250184,-3.3965323,0.60665244,-0.10485673,-0.78802156,0
1.3118849,-2.9956148,-4.2404585,0.60665244,-0.10485673,-0.78802156,0
3.3197312,3.1326845,0.53899336,0.58277857,0.7328546,0.3511318,0
-4.7744913,-1.9995403,-0.89793539,-0.58277857,-0.7328546,-0.3511318,0
-0.67213714,-4.337625,-0.26637411,0.54068667,-0.67225707,0.5056963,0
-0.65762877,-4.4997749,-2.4181232,-0.58277857,-0.7328546,-0.3511318,0
-0.33991432,4.4690247,3.9808664,0.58277857,0.7328546,0.3511318,0
-3.1444752,-2.4288795,-2.2921083,-0.58277857,-0.7328546,-0.3511318,0
-1.5847943,-3.1349001,-3.8259656,-0.58277857,-0.7328546,-0.3511318,0
3.3541844,3.653455,-0.34413147,0.58277857,0.7328546,0.3511318,0
-1.8485165,3.7709117,3.6758797,-0.60665244,0.10485673,0.78802156,0
-4.376224,0.48166418,2.1874933,-0.60665244,0.10485673,0.78802156,0
-1.400543,-1.1992846,4.7321968,-0.60665244,0.10485673,0.78802156,0
2.8164661,2.5667796,2.8704638,0.58277857,0.7328546,0.3511318,0
5.8399181,0.9066391,-0.11497045,0.54068667,-0.67225707,0.5056963,0
2.5960946,3.8361526,0.34175348,0.58277857,0.7328546,0.3511318,0
-3.5498648,-4.5292277,2.4471347,-0.58277857,-0.7328546,-0.3511318,0
-3.5254927,-0.074634343,2.9429162,-0.60665244,0.10485673,0.78802156,0
6.1251001,1.9840012,-1.2249162,0.58277857,0.7328546,0.3511318,0
-2.563735,-4.2070761,2.1078441,0.54068667,-0.67225707,0.5056963,0
-2.262326,-4.6928439,0.73864269,-0.58277857,-0.7328546,-0.3511318,0
4.8058438,2.6782064,-0.78219533,0.58277857,0.7328546,0.3511318,0
-2.1966872,-4.7021365,0.83207273,-0.58277857,-0.7328546,-0.3511318,0
3.5786183,4.1400824,-1.6764326,0.58277857,0.7328546,0.3511318,0
1.8158684,0.42663097,-4.3610072,0.60665244,-0.10485673,-0.78802156,0
2.3854311,1.1389213,-4.1054759,0.60665244,-0.10485673,-0.78802156,0
-0.8156687,0.87128854,-2.8114147,-0.54068667,0.67225707,-0.5056963,0
-0.20496702,3.6506681,5.0787725,-0.60665244,0.10485673,0.78802156,0
-4.9344549,-2.6376762,2.189106,-0.60665244,0.10485673,0.78802156,0
-0.92532361,1.4976556,-2.1332545,-0.54068667,0.67225707,-0.5056963,0
2.069397,-4.1172323,-3.4777131,0.60665244,-0.10485673,-0.78802156,0
-1.6307583,4.8778939,3.8206172,-0.60665244,0.10485673,0.78802156,0
-0.81203234,3.1290109,0.22268915,-0.54068667,0.67225707,-0.5056963,0
-2.6131191,0.41167426,-1.6959236,-0.54068667,0.67225707,-0.5056963,0
1.610237,3.9261649,1.9857368,0.58277857,0.7328546,0.3511318,0
-1.0626831,0.47347283,4.8194351,-0.60665244,0.10485673,0.78802156,0
-2.0172029,-2.1948745,-4.6349697,-0.58277857,-0.7328546,-0.3511318,0
1.7048072,3.6175976,2.5468302,0.58277857,0.7328546,0.3511318,0
5.0052085,2.2116194,0.1531167,0.58277857,0.7328546,0.3511318,0
-0.84989971,2.0212882,-1.3114262,-0.54068667,0.67225707,-0.5056963,0
-2.1089435,2.5132246,3.6702645,-0.60665244,0.10485673,0.78802156,0
0.51763296,2.8813858,5.8459816,-0.60665244,0.10485673,0.78802156,0
-3.1612787,-0.13497269,3.2850151,-0.60665244,0.10485673,0.78802156,0
0.093187332,-5.0259752,-2.7177982,-0.58277857,-0.7328546,-0.3511318,0
-1.7803266,2.1324208,-0.23621166,-0.54068667,0.67225707,-0.5056963,0
4.4692993,3.4555395,-1.6298549,0.58277857,0.7328546,0.3511318,0
-0.24957561,-4.6519828,-0.91392469,0.54068667,-0.67225707,0.5056963,0
1.7417363,3.7172794,-1.95401,-0.54068667,0.67225707,-0.5056963,0
1.5979815,0.54627323,-4.6768227,0.60665244,-0.10485673,-0.78802156,0
0.15012449,-2.4231031,1.5662212,0.54068667,-0.67225707,0.5056963,0
-0.7120347,-2.1514144,-6.0392342,0.60665244,-0.10485673,-0.78802156,0
-2.2068548,3.2978148,1.7180526,-0.54068667,0.67225707,-0.5056963,0
-3.2508273,-1.3934619,3.3494539,-0.60665244,0.10485673,0.78802156,0
4.8682041,0.83751488,0.93671036,0.54068667,-0.67225707,0.5056963,0
3.5532985,-0.028228045,1.2983286,0.54068667,-0.67225707,0.5056963,0
-4.855319,-1.5094641,2.0841393,-0.60665244,0.10485673,0.78802156,0
-5.9456134,-1.3791521,0.033273935,-0.58277857,-0.7328546,-0.3511318,0
3.8303812,1.6913557,2.8543098,0.58277857,0.7328546,0.3511318,0
-0.13686945,2.6177726,-1.3063742,-0.54068667,0.67225707,-0.5056963,0
1.6173271,-3.1817036,-0.98636842,0.54068667,-0.67225707,0.5056963,0
4.8452892,2.4966114,-2.2076027,0.60665244,-0.10485673,-0.78802156,0
4.2056999,3.481818,-1.3277891,0.58277857,0.7328546,0.3511318,0
3.088285,2.2036986,2.8230395,0.58277857,0.7328546,0.3511318,0
0.09169203,-1.7612333,2.6170087,0.54068667,-0.67225707,0.5056963,0
-4.1245289,-3.910589,2.2613335,-0.58277857,-0.7328546,-0.3511318,0
-1.2686303,-0.95185804,-4.6881351,-0.54068667,0.67225707,-0.5056963,0
3.3800144,4.4751778,-2.2439382,0.58277857,0.7328546,0.3511318,0
-1.6499462,4.0919409,3.8959701,-0.60665244,0.10485673,0.78802156,0
-2.1271002,2.0334373,3.9257181,-0.60665244,0.10485673,0.78802156,0
0.30948853,0.811584,5.5177031,0.54068667,-0.67225707,0.5056963,0
-2.6265178,-1.1973901,3.9444895,-0.60665244,0.10485673,0.78802156,0
-2.3348565,-3.0841534,-2.3695974,-0.58277857,-0.7328546,-0.3511318,0
-0.26870292,1.9788098,-2.1620491,-0.54068667,0.67225707,-0.5056963,0
2.672863,3.8327358,0.1244998,0.58277857,0.7328546,0.3511318,0
0.98692513,-4.2724018,-4.4578013,0.60665244,-0.10485673,-0.78802156,0
0.22949266,-4.5846872,-3.5500937,-0.58277857,-0.7328546,-0.3511318,0
-4.9111967,-1.1907995,-1.2304103,-0.54068667,0.67225707,-0.5056963,0
1.6725798,-2.3601735,0.12165117,0.54068667,-0.67225707,0.5056963,0
-0.81494594,-0.077528,4.9669189,-0.60665244,0.10485673,0.78802156,0
-4.5132847,-3.6144588,2.3122878,-0.58277857,-0.7328546,-0.3511318,0
1.4265443,4.3414192,1.5418043,0.58277857,0.7328546,0.3511318,0
2.0916204,0.015046835,-3.9914863,0.60665244,-0.10485673,-0.78802156,0
2.2910683,-3.387979,-3.5099776,0.60665244,-0.10485673,-0.78802156,0
-1.7882545,2.0508044,-0.35215652,-0.54068667,0.67225707,-0.5056963,0
2.7021294,2.1152129,3.7880251,0.58277857,0.7328546,0.3511318,0
-1.0399539,4.3124452,2.0731754,-0.54068667,0.67225707,-0.5056963,0
-6.3409004,-1.3134906,0.44888902,-0.58277857,-0.7328546,-0.3511318,0
0.039875031,4.2629976,4.1319151,0.58277857,0.7328546,0.3511318,0
-0.58489943,-3.3914623,-4.9225678,-0.58277857,-0.7328546,-0.3511318,0
-0.076725006,4.9323969,2.7351866,0.58277857,0.7328546,0.3511318,0
-3.0361974,1.740113,0.47748351,-0.54068667,0.67225707,-0.5056963,0
1.6024086,3.3515937,3.0895834,0.58277857,0.7328546,0.3511318,0
4.657033,2.3668966,0.22606564,0.58277857,0.7328546,0.3511318,0
-1.8517904,1.9918209,4.0935893,-0.60665244,0.10485673,0.78802156,0
0.38712692,4.6280165,0.88604784,-0.54068667,0.67225707,-0.5056963,0
5.2908134,1.8399856,0.47644448,0.58277857,0.7328546,0.3511318,0
4.9599423,-0.39007425,-1.9570775,0.60665244,-0.10485673,-0.78802156,0
0.13908195,5.2052288,1.6750851,-0.54068667,0.67225707,-0.5056963,0
2.3257036,-3.8160379,-2.7573714,0.54068667,-0.67225707,0.5056963,0
1.1455157,0.99655771,4.929893,0.54068667,-0.67225707,0.5056963,0
3.8289714,2.5982649,0.96762514,0.58277857,0.7328546,0.3511318,0
-5.0327301,-2.8007531,1.4729819,-0.58277857,-0.7328546,-0.3511318,0
3.6704032,2.5972865,1.1531401,0.58277857,0.7328546,0.3511318,0
-1.6936368,-4.0836987,-1.6740985,-0.58277857,-0.7328546,-0.3511318,0
-4.6604948,-1.1377211,-1.5912845,-0.54068667,0.67225707,-0.5056963,0
1.4856455,-3.1520379,-4.1226344,0.60665244,-0.10485673,-0.78802156,0
-2.1262116,1.8526554,-0.402758,-0.54068667,0.67225707,-0.5056963,0
2.7884007,3.7753625,-2.7969303,-0.54068667,0.67225707,-0.5056963,0
0.55200911,-4.1560912,-4.8463116,-0.58277857,-0.7328546,-0.3511318,0
2.740061,-1.6509151,-0.14875734,0.54068667,-0.67225707,0.5056963,0
1.2730637,-0.5246284,2.9752173,0.54068667,-0.67225707,0.5056963,0
1.4369783,-3.5321789,-1.3753819,0.54068667,-0.67225707,0.5056963,0
-3.9850674,1.0999188,0.84386861,-0.54068667,0.67225707,-0.5056963,0
4.3796864,-1.4156048,-2.0290015,0.60665244,-0.10485673,-0.78802156,0
-0.066810608,2.2495761,5.3319054,-0.60665244,0.10485673,0.78802156,0
-0.34176588,3.8106539,4.9105802,-0.60665244,0.10485673,0.78802156,0
2.5701232,-0.27496111,-3.7544322,0.60665244,-0.10485673,-0.78802156,0
0.23185968,-2.9973116,-5.0365605,0.60665244,-0.10485673,-0.78802156,0
-4.1928573,-3.0678401,0.57718897,-0.58277857,-0.7328546,-0.3511318,0
-4.2166624,-2.1665852,-1.3982196,-0.58277857,-0.7328546,-0.3511318,0
-4.9825172,-1.8647326,-0.58111978,-0.58277857,-0.7328546,-0.3511318,0
5.3488789,1.809114,-0.11472726,0.58277857,0.7328546,0.3511318,0
2.0704677,1.7844796,-4.2515502,0.60665244,-0.10485673,-0.78802156,0
3.4303184,3.511694,-0.25293159,0.58277857,0.7328546,0.3511318,0
-6.3791852,-0.85565019,0.72449565,-0.54068667,0.67225707,-0.5056963,0
-2.8568058,-2.2352304,-3.1386404,-0.58277857,-0.7328546,-0.3511318,0
-0.71650338,-4.6612477,-1.8761702,-0.58277857,-0.7328546,-0.3511318,0
-4.0872507,-3.1424918,0.4047246,-0.58277857,-0.7328546,-0.3511318,0
-3.6205928,2.6741469,2.372859,-0.54068667,0.67225707,-0.5056963,0
3.6285133,4.2246079,-2.0633981,0.58277857,0.7328546,0.3511318,0
-1.1630621,3.974704,1.7332778,-0.54068667,0.67225707,-0.5056963,0
-2.1846018,-1.5854754,4.2966599,-0.60665244,0.10485673,0.78802156,0
-2.9514432,-0.95933127,-2.9450722,-0.54068667,0.67225707,-0.5056963,0
-2.0871415,3.221653,3.6971684,-0.60665244,0.10485673,0.78802156,0
1.2426512,-0.34780741,3.1906211,0.54068667,-0.67225707,0.5056963,0
1.4950131,2.986995,-2.6985168,-0.54068667,0.67225707,-0.5056963,0
4.16752,1.0966654,2.0849683,0.54068667,-0.67225707,0.5056963,0
2.8392451,3.6398861,0.69300842,0.58277857,0.7328546,0.3511318,0
4.361949,-0.68402898,-2.3617151,0.60665244,-0.10485673,-0.78802156,0
4.4416704,2.649147,0.067463398,0.58277857,0.7328546,0.3511318,0
5.3494325,2.3607447,-1.7797203,0.60665244,-0.10485673,-0.78802156,0
-4.4833293,0.048997164,-0.23440874,-0.54068667,0.67225707,-0.5056963,0
3.7155075,0.01870966,0.84789419,0.54068667,-0.67225707,0.5056963,0
-4.0575871,-3.2877955,2.9181144,-0.60665244,0.10485673,0.78802156,0
-6.1548982,-0.80707264,0.98206413,-0.60665244,0.10485673,0.78802156,0
3.2293978,2.076664,2.9525902,0.58277857,0.7328546,0.3511318,0
1.7150636,4.7689061,-0.31897497,-0.54068667,0.67225707,-0.5056963,0
1.1774535,-4.1035013,-1.8968201,0.54068667,-0.67225707,0.5056963,0
-3.3907983,-1.8715963,3.462785,-0.60665244,0.10485673,0.78802156,0
-0.54704762,-3.5134099,-4.3885961,-0.58277857,-0.7328546,-0.3511318,0
3.1770675,-2.4383759,-2.8975561,0.60665244,-0.10485673,-0.78802156,0
2.5659792,2.8583102,2.6168702,0.58277857,0.7328546,0.3511318,0
-3.9522138,-2.3502576,-1.3159575,-0.58277857,-0.7328546,-0.3511318,0
-3.2220623,-2.2980537,-2.8514326,-0.58277857,-0.7328546,-0.3511318,0
2.5847211,-3.040344,-3.362711,0.60665244,-0.10485673,-0.78802156,0
3.1989827,0.42577565,-3.2974043,0.60665244,-0.10485673,-0.78802156,0
1.6150031,-4.3354807,-2.7227607,0.54068667,-0.67225707,0.5056963,0
-2.51671,-4.1957455,0.26396561,-0.58277857,-0.7328546,-0.3511318,0
-2.7821319,-0.26301074,-2.3877411,-0.54068667,0.67225707,-0.5056963,0
0.28650093,3.4966636,-0.70669341,-0.54068667,0.67225707,-0.5056963,0
0.88079071,3.1457052,4.825984,0.58277857,0.7328546,0.3511318,0
2.4332628,2.0056996,-4.0299177,0.60665244,-0.10485673,-0.78802156,0
5.6406565,2.0929766,-0.74497318,0.58277857,0.7328546,0.3511318,0
-4.3276072,0.54832625,0.47806036,-0.54068667,0.67225707,-0.5056963,0
0.63803363,0.56245661,-5.0673127,-0.54068667,0.67225707,-0.5056963,0
-3.4050343,-1.1729138,-2.8778563,-0.54068667,0.67225707,-0.5056963,0
3.059865,-2.0849895,-3.148792,0.60665244,-0.10485673,-0.78802156,0
4.286952,2.1988883,1.0482924,0.58277857,0.7328546,0.3511318,0
2.2427056,-3.3507023,-3.6253824,0.60665244,-0.10485673,-0.78802156,0
0.3370955,-0.91959858,3.3133678,0.54068667,-0.67225707,0.5056963,0
-2.6793208,-1.8139772,-4.3958807,-0.54068667,0.67225707,-0.5056963,0
0.8938117,0.13393402,4.3489733,0.54068667,-0.67225707,0.5056963,0
-3.3332546,-4.3487473,2.0358171,-0.58277857,-0.7328546,-0.3511318,0
-0.3363204,-1.9311612,-5.6820297,0.60665244,-0.10485673,-0.78802156,0
3.8173151,-1.7933197,-2.4676318,0.60665244,-0.10485673,-0.78802156,0
-0.54471815,0.89196014,-3.3697133,-0.54068667,0.67225707,-0.5056963,0
2.6559892,-1.9937739,-0.70120203,0.54068667,-0.67225707,0.5056963,0
-0.27336514,-2.2864909,2.1245098,0.54068667,-0.67225707,0.5056963,0
2.0744677,-4.1579084,-3.5898428,0.60665244,-0.10485673,-0.78802156,0
-5.0831065,0.11063838,1.8213545,-0.60665244,0.10485673,0.78802156,0
-5.9024839,-0.6881361,0.54640555,-0.54068667,0.67225707,-0.5056963,0
-0.303442,0.10767126,-4.5642605,-0.54068667,0.67225707,-0.5056963,0
0.62317801,1.4658747,5.9279714,-0.60665244,0.10485673,0.78802156,0
-2.486002,1.9682224,3.5931838,-0.60665244,0.10485673,0.78802156,0
-3.4210579,-2.3232532,3.2908113,-0.60665244,0.10485673,0.78802156,0
-1.6566463,2.8397982,3.9439883,-0.60665244,0.10485673,0.78802156,0
-4.8328433,-1.0414242,2.1170015,-0.60665244,0.10485673,0.78802156,0
-0.5687294,5.0293093,3.166388,0.58277857,0.7328546,0.3511318,0
-5.801384,-2.1881363,1.6032083,-0.60665244,0.10485673,0.78802156,0
-1.2495861,0.08560276,-3.458884,-0.54068667,0.67225707,-0.5056963,0
0.94040382,3.6276307,-1.0976493,-0.54068667,0.67225707,-0.5056963,0
-2.4462378,-3.8876233,-0.72429609,-0.58277857,-0.7328546,-0.3511318,0
-0.99333787,-3.3740048,1.6258254,0.54068667,-0.67225707,0.5056963,0
-0.47130013,-5.1425939,-1.3481855,-0.58277857,-0.7328546,-0.3511318,0
3.4953628,3.6727877,-0.87098551,0.58277857,0.7328546,0.3511318,0
1.6146488,3.5189826,3.0268512,0.58277857,0.7328546,0.3511318,0
1.926948,3.3853517,2.5490899,0.58277857,0.7328546,0.3511318,0
-5.4392128,-0.40382564,1.5191619,-0.60665244,0.10485673,0.78802156,0
3.5736189,3.9765704,-1.1924825,0.58277857,0.7328546,0.3511318,0
-3.3481569,-3.694366,3.5243127,0.54068667,-0.67225707,0.5056963,0
-3.7672443,-0.090372443,2.7814538,-0.60665244,0.10485673,0.78802156,0
-3.9521894,-2.7781982,-0.5101037,-0.58277857,-0.7328546,-0.3511318,0
0.56053126,-3.2797022,-0.091008186,0.54068667,-0.67225707,0.5056963,0
-1.1007226,-3.9146757,-2.5981736,-0.58277857,-0.7328546,-0.3511318,0
-1.8981657,4.6086612,3.1364074,-0.54068667,0.67225707,-0.5056963,0
1.0740438,-2.1373529,-4.577651,0.60665244,-0.10485673,-0.78802156,0
-0.76934958,-0.39121675,-4.7855067,-0.54068667,0.67225707,-0.5056963,0
1.0642292,-5.187851,-3.0869322,0.54068667,-0.67225707,0.5056963,0
-2.7980921,-1.6190906,-4.2539659,-0.54068667,0.67225707,-0.5056963,0
4.2189331,0.7731266,1.2900658,0.54068667,-0.67225707,0.5056963,0
1.5005162,-4.1103449,-3.9046645,0.60665244,-0.10485673,-0.78802156,0
-2.3500404,-0.93302059,-3.6712017,-0.54068667,0.67225707,-0.5056963,0
1.4724925,-4.6808462,-3.0291114,0.54068667,-0.67225707,0.5056963,0
-5.978941,-1.5837286,0.56323195,-0.58277857,-0.7328546,-0.3511318,0
-3.5457506,-0.92904162,-2.4293427,-0.54068667,0.67225707,-0.5056963,0
-1.6848737,-0.38485575,-3.5379941,-0.54068667,0.67225707,-0.5056963,0
-3.3139119,0.46025085,-0.72695482,-0.54068667,0.67225707,-0.5056963,0
2.5514941,1.0138931,3.3903079,0.54068667,-0.67225707,0.5056963,0
2.7904122,2.7872057,-3.9949467,0.60665244,-0.10485673,-0.78802156,0
-3.5612192,2.4327917,1.9808532,-0.54068667,0.67225707,-0.5056963,0
-0.045393467,1.1838143,-3.4257786,-0.54068667,0.67225707,-0.5056963,0
2.3717449,-2.3017533,-3.5435104,0.60665244,-0.10485673,-0.78802156,0
2.1073685,2.7575774,3.4125264,0.58277857,0.7328546,0.3511318,0
-5.3266072,-0.45647919,1.7664101,-0.60665244,0.10485673,0.78802156,0
1.8852649,-4.1137919,-3.7182233,0.60665244,-0.10485673,-0.78802156,0
-1.2315249,-4.4510999,-1.2469907,-0.58277857,-0.7328546,-0.3511318,0
5.1923037,2.0455074,-0.2278111,0.58277857,0.7328546,0.3511318,0
5.7079067,1.3450394,-1.6113523,0.60665244,-0.10485673,-0.78802156,0
-4.4304409,-0.72522253,2.3894038,-0.60665244,0.10485673,0.78802156,0
-1.1345688,1.638298,-1.7162045,-0.54068667,0.67225707,-0.5056963,0
0.91505885,-2.345026,-4.6013832,0.60665244,-0.10485673,-0.78802156,0
1.3477669,-3.0768673,-4.3899913,0.60665244,-0.10485673,-0.78802156,0
1.9480591,-3.5707889,-3.8256762,0.60665244,-0.10485673,-0.78802156,0
-2.2945728,-3.8022094,-0.86594343,-0.58277857,-0.7328546,-0.3511318,0
-0.59509057,-2.8978224,1.7496754,0.54068667,-0.67225707,0.5056963,0
-0.42275286,0.96497178,5.2732491,-0.60665244,0.10485673,0.78802156,0
0.12208652,4.5316687,3.007822,0.58277857,0.7328546,0.3511318,0
3.7381926,-2.3965101,-2.4249096,0.60665244,-0.10485673,-0.78802156,0
-4.8532419,-0.62912518,2.1594779,-0.60665244,0.10485673,0.78802156,0
2.4871271,0.93994474,3.609184,0.54068667,-0.67225707,0.5056963,0
-2.4105136,1.746194,0.04874897,-0.54068667,0.67225707,-0.5056963,0
0.89197373,-0.6597085,-5.0103121,0.60665244,-0.10485673,-0.78802156,0
-0.076525927,-4.8205886,-2.7240095,-0.58277857,-0.7328546,-0.3511318,0
-4.3199258,-1.1565237,-1.8651474,-0.54068667,0.67225707,-0.5056963,0
-0.6735785,-4.4088621,-2.4694281,-0.58277857,-0.7328546,-0.3511318,0
1.061481,-1.7850195,-4.594615,0.60665244,-0.10485673,-0.78802156,0
0.27147913,-4.2646351,-4.1603708,-0.58277857,-0.7328546,-0.3511318,0
2.4918108,2.0015848,4.2823992,0.58277857,0.7328546,0.3511318,0
-1.6038835,-2.9338903,-4.1851568,-0.58277857,-0.7328546,-0.3511318,0
3.7924547,-2.1317558,-1.7487416,0.54068667,-0.67225707,0.5056963,0
-1.2512689,-3.7502673,-3.1572227,-0.58277857,-0.7328546,-0.3511318,0
0.72126222,-4.2870364,-1.6550212,0.54068667,-0.67225707,0.5056963,0
3.5522072,2.0960908,2.6881166,0.58277857,0.7328546,0.3511318,0
0.88330972,4.8920674,0.507092,-0.54068667,0.67225707,-0.5056963,0
-5.1763415,-2.160171,1.9214849,-0.60665244,0.10485673,0.78802156,0
4.8364954,2.3495901,-0.21107841,0.58277857,0.7328546,0.3511318,0
-0.11392328,2.1470664,-2.165086,-0.54068667,0.67225707,-0.5056963,0
-3.814193,-1.9328814,-2.5682662,-0.58277857,-0.7328546,-0.3511318,0
-5.1276312,-1.902046,-0.27199864,-0.58277857,-0.7328546,-0.3511318,0
-2.2944314,-3.3295827,2.7771854,0.54068667,-0.67225707,0.5056963,0
-1.2655091,5.2713928,3.4760194,-0.54068667,0.67225707,-0.5056963,0
-1.2841609,-2.5943472,2.9010901,0.54068667,-0.67225707,0.5056963,0
0.87442791,3.9248333,-0.68658543,-0.54068667,0.67225707,-0.5056963,0
2.2910666,4.0696945,0.76756811,0.58277857,0.7328546,0.3511318,0
3.7720439,3.923512,-1.4772081,0.58277857,0.7328546,0.3511318,0
-1.0077646,-2.9918754,-5.1377993,-0.58277857,-0.7328546,-0.3511318,0
5.6461887,0.49904466,-0.36795735,0.54068667,-0.67225707,0.5056963,0
4.6165223,3.616194,-2.5070672,0.58277857,0.7328546,0.3511318,0
-3.2240911,-2.5581117,-2.3723581,-0.58277857,-0.7328546,-0.3511318,0
-4.1894641,-1.2817864,2.5621314,-0.60665244,0.10485673,0.78802156,0
3.6563854,2.9090779,0.86172867,0.58277857,0.7328546,0.3511318,0
-5.9407682,-1.5570502,0.15835285,-0.58277857,-0.7328546,-0.3511318,0
1.9096725,-2.4115477,-3.8788991,0.60665244,-0.10485673,-0.78802156,0
1.4165823,3.0367575,4.1557226,0.58277857,0.7328546,0.3511318,0
-5.0234694,-2.0859385,1.9970849,-0.60665244,0.10485673,0.78802156,0
2.0751095,3.3201032,2.2385216,0.58277857,0.7328546,0.3511318,0
-6.3525209,-1.1017549,0.9604888,-0.60665244,0.10485673,0.78802156,0
-0.586411,2.8064914,4.760067,-0.60665244,0.10485673,0.78802156,0
2.4049835,3.2762208,-3.2833142,-0.54068667,0.67225707,-0.5056963,0
-2.7248688,1.2229475,3.5410113,-0.60665244,0.10485673,0.78802156,0
-2.0194945,4.2991018,2.8644085,-0.54068667,0.67225707,-0.5056963,0
-2.4855835,-1.8052201,-4.7652941,-0.54068667,0.67225707,-0.5056963,0
-3.4641461,-1.5454993,-3.2720234,-0.54068667,0.67225707,-0.5056963,0
1.0011468,-3.501009,-0.79269242,0.54068667,-0.67225707,0.5056963,0
3.3478577,-0.84734035,0.37379169,0.54068667,-0.67225707,0.5056963,0
2.159255,-3.4214771,-3.5747855,0.60665244,-0.10485673,-0.78802156,0
-0.54168677,-4.8031206,-1.717392,-0.58277857,-0.7328546,-0.3511318,0
2.2283711,-3.107368,-3.6508036,0.60665244,-0.10485673,-0.78802156,0
-0.712852,-5.081079,-0.96975517,0.54068667,-0.67225707,0.5056963,0
3.3481638,4.2280345,-1.2894015,0.58277857,0.7328546,0.3511318,0
-1.3123176,-4.4375825,-1.1941247,-0.58277857,-0.7328546,-0.3511318,0
-1.285138,-3.9622326,1.1398871,0.54068667,-0.67225707,0.5056963,0
-1.865247,0.93646932,-1.7829206,-0.54068667,0.67225707,-0.5056963,0
1.3872547,-4.7638206,-2.9665012,0.54068667,-0.67225707,0.5056963,0
2.0015082,-1.0216632,1.309273,0.54068667,-0.67225707,0.5056963,0
2.0735283,4.0485196,1.0465193,0.58277857,0.7328546,0.3511318,0
3.0120697,-2.7448101,-3.1378157,0.60665244,-0.10485673,-0.78802156,0
-1.7372751,-4.1513381,1.2468939,0.54068667,-0.67225707,0.5056963,0
3.2717681,4.3362675,-1.598269,0.58277857,0.7328546,0.3511318,0
1.4333923,2.3872612,5.692728,0.58277857,0.7328546,0.3511318,0
-3.6280291,1.6282969,0.92476892,-0.54068667,0.67225707,-0.5056963,0
4.1573644,3.8491352,-3.0352049,0.60665244,-0.10485673,-0.78802156,0
-1.0763021,0.1539669,4.7753072,-0.60665244,0.10485673,0.78802156,0
5.2629557,2.5480652,-1.3999026,0.58277857,0.7328546,0.3511318,0
1.6263249,-3.8632121,-3.9391463,0.60665244,-0.10485673,-0.78802156,0
4.7862072,0.73239255,0.74803138,0.54068667,-0.67225707,0.5056963,0
3.1400824,1.5588192,-3.4670274,0.60665244,-0.10485673,-0.78802156,0
4.0972424,-0.24389291,0.27365488,0.54068667,-0.67225707,0.5056963,0
-0.28549203,1.9275765,-1.9541898,-0.54068667,0.67225707,-0.5056963,0
0.77517676,-2.1314936,-4.8980837,0.60665244,-0.10485673,-0.78802156,0
-0.33031845,4.0926256,4.8273335,-0.60665244,0.10485673,0.78802156,0
2.920733,-2.5323377,-3.0756202,0.60665244,-0.10485673,-0.78802156,0
4.6435723,0.98944622,-2.3783612,0.60665244,-0.10485673,-0.78802156,0
-0.30486393,-3.406884,-5.0504308,-0.58277857,-0.7328546,-0.3511318,0
3.6112475,-2.8377297,-2.608573,0.60665244,-0.10485673,-0.78802156,0
-3.1530609,-0.53045058,-2.3484056,-0.54068667,0.67225707,-0.5056963,0
1.8423456,0.23489141,3.3351946,0.54068667,-0.67225707,0.5056963,0
-0.20117068,4.5949435,1.2828569,-0.54068667,0.67225707,-0.5056963,0
3.5570931,-0.76851428,-2.9620099,0.60665244,-0.10485673,-0.78802156,0
2.5054765,-0.46521056,-3.7711468,0.60665244,-0.10485673,-0.78802156,0
-3.7081807,-3.8148184,1.527132,-0.58277857,-0.7328546,-0.3511318,0
3.0856712,0.26071548,-3.3934565,0.60665244,-0.10485673,-0.78802156,0
4.0309534,-1.1369183,-0.8742758,0.54068667,-0.67225707,0.5056963,0
4.8889346,-0.7442646,-1.7412795,0.60665244,-0.10485673,-0.78802156,0
1.7018929,2.3858438,-3.5489123,-0.54068667,0.67225707,-0.5056963,0
4.4062042,2.4283435,0.27137375,0.58277857,0.7328546,0.3511318,0
0.52380562,0.32923794,4.8968539,0.54068667,-0.67225707,0.5056963,0
-1.1225255,-3.6706376,-3.0397077,-0.58277857,-0.7328546,-0.3511318,0
-3.9690475,-1.666604,-2.8783629,-0.54068667,0.67225707,-0.5056963,0
-3.6996937,-3.6635799,1.0760131,-0.58277857,-0.7328546,-0.3511318,0
-2.2950089,-2.2082851,-4.5705237,-0.58277857,-0.7328546,-0.3511318,0
-4.6151633,-0.724509,-1.1562111,-0.54068667,0.67225707,-0.5056963,0
1.3624899,2.4582784,-2.949985,-0.54068667,0.67225707,-0.5056963,0
2.231334,-2.739862,-3.6969149,0.60665244,-0.10485673,-0.78802156,0
-0.26531672,1.186492,-2.8869982,-0.54068667,0.67225707,-0.5056963,0
2.7390842,-2.3225598,-3.3342576,0.60665244,-0.10485673,-0.78802156,0
-3.7071066,-1.2099748,-2.405416,-0.54068667,0.67225707,-0.5056963,0
-5.1871901,-0.16280699,1.7914584,-0.60665244,0.10485673,0.78802156,0
3.1302264,3.3817368,0.70460367,0.58277857,0.7328546,0.3511318,0
6.2851887,1.2383068,-0.46871018,0.58277857,0.7328546,0.3511318,0
-3.1932552,-2.3999548,3.5500515,-0.60665244,0.10485673,0.78802156,0
-1.35129,-0.84024453,4.8758621,-0.60665244,0.10485673,0.78802156,0
-0.016675115,-1.878706,2.4983013,0.54068667,-0.67225707,0.5056963,0
-1.1080906,5.2920341,3.2071447,-0.54068667,0.67225707,-0.5056963,0
-0.90824246,-3.2716136,-4.5394793,-0.58277857,-0.7328546,-0.3511318,0
1.049268,1.6376891,-3.8931365,-0.54068667,0.67225707,-0.5056963,0
-4.2743368,-2.8787458,2.812228,-0.60665244,0.10485673,0.78802156,0
-1.7287631,-1.1350791,4.5426641,-0.60665244,0.10485673,0.78802156,0
-1.5457957,2.7755861,4.0566053,-0.60665244,0.10485673,0.78802156,0
0.3396613,2.0673165,-2.7486954,-0.54068667,0.67225707,-0.5056963,0
-1.4723052,3.325038,0.96384549,-0.54068667,0.67225707,-0.5056963,0
-3.0973866,1.4480859,3.1246009,-0.60665244,0.10485673,0.78802156,0
3.5038359,0.12093902,1.1948661,0.54068667,-0.67225707,0.5056963,0
-0.75300336,-0.13977957,5.111702,-0.60665244,0.10485673,0.78802156,0
1.5533442,0.72883153,-4.6392298,0.60665244,-0.10485673,-0.78802156,0
2.4186523,-4.1029582,-3.2434781,0.60665244,-0.10485673,-0.78802156,0
1.2180433,3.943326,2.7857037,0.58277857,0.7328546,0.3511318,0
1.7889178,-2.5465026,-4.1212521,0.60665244,-0.10485673,-0.78802156,0
0.90519524,-1.8413895,-4.7268906,0.60665244,-0.10485673,-0.78802156,0
1.4478052,2.9617863,4.2810559,0.58277857,0.7328546,0.3511318,0
0.81133729,2.2513912,-2.9973345,-0.54068667,0.67225707,-0.5056963,0
2.4416294,1.966368,-4.0812902,0.60665244,-0.10485673,-0.78802156,0
2.6516466,2.4726822,3.1450734,0.58277857,0.7328546,0.3511318,0
4.8954525,3.0766544,-2.4570508,0.60665244,-0.10485673,-0.78802156,0
3.5953364,4.0265989,-1.278554,0.58277857,0.7328546,0.3511318,0
4.1765242,2.1079693,1.2901533,0.58277857,0.7328546,0.3511318,0
1.0249944,-3.934073,-4.3706532,0.60665244,-0.10485673,-0.78802156,0
-4.1758294,-2.7745068,2.904417,-0.60665244,0.10485673,0.78802156,0
1.153502,-0.16598248,-4.692369,0.60665244,-0.10485673,-0.78802156,0
-3.0030303,-2.2255383,-3.2373791,-0.58277857,-0.7328546,-0.3511318,0
-4.05511,-2.2909615,-1.5019343,-0.58277857,-0.7328546,-0.3511318,0
-2.8139772,-3.5093651,-0.94942141,-0.58277857,-0.7328546,-0.3511318,0
2.6336155,0.1560533,-3.6528449,0.60665244,-0.10485673,-0.78802156,0
4.5557337,2.3182876,0.24635649,0.58277857,0.7328546,0.3511318,0
4.3105478,-1.4305047,-1.6546389,0.54068667,-0.67225707,0.5056963,0
3.5109699,2.7538178,0.96854162,0.58277857,0.7328546,0.3511318,0
-1.4992399,0.33403587,4.4190445,-0.60665244,0.10485673,0.78802156,0
-4.5662718,1.3443054,2.1303458,-0.60665244,0.10485673,0.78802156,0
2.861351,3.912173,-2.9590793,-0.54068667,0.67225707,-0.5056963,0
-0.9266336,-4.6378231,-1.409061,-0.58277857,-0.7328546,-0.3511318,0
3.4207375,2.2630091,2.3888676,0.58277857,0.7328546,0.3511318,0
0.6835537,4.2413592,2.5917201,0.58277857,0.7328546,0.3511318,0
-2.5127325,-1.5969315,-4.2713475,-0.54068667,0.67225707,-0.5056963,0
-4.22791,-2.195384,-1.1171553,-0.58277857,-0.7328546,-0.3511318,0
-0.28530359,-4.6114321,-1.0498796,0.54068667,-0.67225707,0.5056963,0
-1.1080165,0.011956215,-3.5507848,-0.54068667,0.67225707,-0.5056963,0
2.3476295,2.1264079,4.7292671,0.58277857,0.7328546,0.3511318,0
1.738497,-3.0558066,-3.9397295,0.60665244,-0.10485673,-0.78802156,0
6.3968101,1.4698318,-0.85134864,0.58277857,0.7328546,0.3511318,0
2.0303597,4.2293668,-1.5075655,-0.54068667,0.67225707,-0.5056963,0
-5.3186989,-1.674858,1.9382983,-0.60665244,0.10485673,0.78802156,0
2.3166671,1.0268931,3.9550614,0.54068667,-0.67225707,0.5056963,0
-3.6489556,0.72352624,-0.023175508,-0.54068667,0.67225707,-0.5056963,0
-3.978693,-0.33214951,-1.2169596,-0.54068667,0.67225707,-0.5056963,0
1.8899565,-1.385128,1.1750337,0.54068667,-0.67225707,0.5056963,0
-2.4408135,3.3239398,3.3547475,-0.60665244,0.10485673,0.78802156,0
0.34552908,3.3615935,5.2711344,0.58277857,0.7328546,0.3511318,0
1.7823009,-1.4674284,-4.0792527,0.60665244,-0.10485673,-0.78802156,0
-1.3198211,-2.4967723,2.913151,0.54068667,-0.67225707,0.5056963,0
3.4906034,3.2594671,0.37680626,0.58277857,0.7328546,0.3511318,0
4.736536,-1.2267412,-1.8315216,0.60665244,-0.10485673,-0.78802156,0
-1.279484,-2.1974394,3.493952,0.54068667,-0.67225707,0.5056963,0
-5.065691,-1.3576987,2.057152,-0.60665244,0.10485673,0.78802156,0
5.4415722,1.712086,-1.6776264,0.60665244,-0.10485673,-0.78802156,0
-5.0485029,-0.92950726,-0.85608792,-0.54068667,0.67225707,-0.5056963,0
-0.94272494,3.9760351,1.3515849,-0.54068667,0.67225707,-0.5056963,0
-3.9599466,-4.3439045,2.7071619,-0.58277857,-0.7328546,-0.3511318,0
-2.414547,-1.9753814,-4.7594924,-0.58277857,-0.7328546,-0.3511318,0
2.4865713,3.7551792,0.61038637,0.58277857,0.7328546,0.3511318,0
2.930733,3.4466693,-3.4536135,-0.54068667,0.67225707,-0.5056963,0
1.3736334,-2.078228,-4.3113437,0.60665244,-0.10485673,-0.78802156,0
3.953804,0.62204027,-2.8726773,0.60665244,-0.10485673,-0.78802156,0
4.1561661,3.7034945,-1.6933019,0.58277857,0.7328546,0.3511318,0
-2.4298983,-3.7755125,2.6442723,0.54068667,-0.67225707,0.5056963,0
2.9585133,-1.8780766,-3.2498448,0.60665244,-0.10485673,-0.78802156,0
4.2128496,2.4594669,0.74388742,0.58277857,0.7328546,0.3511318,0
1.5045886,-5.2624903,-3.4821196,0.54068667,-0.67225707,0.5056963,0
-2.7453005,-1.106688,-3.5303273,-0.54068667,0.67225707,-0.5056963,0
2.7713299,-1.9698381,-3.3122635,0.60665244,-0.10485673,-0.78802156,0
-2.2258124,4.3158116,3.2805157,-0.54068667,0.67225707,-0.5056963,0
-0.20723772,4.005322,4.8717337,0.58277857,0.7328546,0.3511318,0
0.97408199,4.0427279,2.8796239,0.58277857,0.7328546,0.3511318,0
1.5145397,-4.5260983,-4.0507326,0.60665244,-0.10485673,-0.78802156,0
5.5867958,1.0827186,0.34415889,0.54068667,-0.67225707,0.5056963,0
2.329545,3.5624433,1.6708055,0.58277857,0.7328546,0.3511318,0
-5.3031869,-2.0516837,0.41685939,-0.58277857,-0.7328546,-0.3511318,0
-1.2123766,-3.5216973,-3.3432293,-0.58277857,-0.7328546,-0.3511318,0
-0.27022648,1.6630411,5.2181048,-0.60665244,0.10485673,0.78802156,0
2.8841264,2.6817822,-3.7432289,0.60665244,-0.10485673,-0.78802156,0
-0.21734476,3.5090494,4.9514236,-0.60665244,0.10485673,0.78802156,0
-2.0752623,1.6168735,3.9099498,-0.60665244,0.10485673,0.78802156,0
3.3080094,2.1104248,2.8686769,0.58277857,0.7328546,0.3511318,0
1.0695968,2.3942599,-2.8879154,-0.54068667,0.67225707,-0.5056963,0
3.7765114,0.61035132,1.790794,0.54068667,-0.67225707,0.5056963,0
-3.4546709,-3.9294257,0.91183805,-0.58277857,-0.7328546,-0.3511318,0
1.8169454,3.8770714,1.6521611,0.58277857,0.7328546,0.3511318,0
1.8997319,4.765903,-0.016674995,0.58277857,0.7328546,0.3511318,0
-1.6465737,-3.6147444,2.066988,0.54068667,-0.67225707,0.5056963,0
6.5281725,1.2903817,-0.79553747,0.58277857,0.7328546,0.3511318,0
-0.059412956,-1.7199893,-5.5514193,0.60665244,-0.10485673,-0.78802156,0
2.0596797,0.19701362,-4.2236304,0.60665244,-0.10485673,-0.78802156,0
-5.5399384,-2.3641965,1.7762744,-0.60665244,0.10485673,0.78802156,0
0.71300292,-5.3349524,-3.1003752,-0.58277857,-0.7328546,-0.3511318,0
-0.1333487,-4.8385863,-2.3281026,-0.58277857,-0.7328546,-0.3511318,0
-2.4855566,2.7083266,1.4246073,-0.54068667,0.67225707,-0.5056963,0
-1.3832598,-2.9854455,2.2655554,0.54068667,-0.67225707,0.5056963,0
-5.1329565,-1.9535401,2.1173224,-0.60665244,0.10485673,0.78802156,0
-0.35524362,-2.4409885,2.1187098,0.54068667,-0.67225707,0.5056963,0
1.2991281,-0.75510335,-4.6503296,0.60665244,-0.10485673,-0.78802156,0
0.8011024,0.59833193,4.789278,0.54068667,-0.67225707,0.5056963,0
1.7521241,4.3376341,1.0010409,0.58277857,0.7328546,0.3511318,0
1.5780501,-0.96274614,-4.4695549,0.60665244,-0.10485673,-0.78802156,0
2.3640833,2.5104764,3.704499,0.58277857,0.7328546,0.3511318,0
0.062826633,-4.2533593,-4.0639124,-0.58277857,-0.7328546,-0.3511318,0
-3.9064779,-0.48202547,2.8726468,-0.60665244,0.10485673,0.78802156,0
1.9141964,3.5993607,2.0528383,0.58277857,0.7328546,0.3511318,0
1.2744279,-4.9656391,-3.9869695,0.60665244,-0.10485673,-0.78802156,0
2.9355969,2.4255905,2.653054,0.58277857,0.7328546,0.3511318,0
5.7219696,1.8804741,-0.52752376,0.58277857,0.7328546,0.3511318,0
0.76006663,-3.7629428,-0.77561522,0.54068667,-0.67225707,0.5056963,0
5.1980934,1.7655258,0.35054135,0.58277857,0.7328546,0.3511318,0
2.2845838,-1.9615221,-3.7463398,0.60665244,-0.10485673,-0.78802156,0
0.69858265,-3.0279713,-4.8740172,0.60665244,-0.10485673,-0.78802156,0
3.6214819,-1.6452067,-2.7321334,0.60665244,-0.10485673,-0.78802156,0
-1.5210419,-4.7695298,-0.44154596,-0.58277857,-0.7328546,-0.3511318,0
1.0076346,1.370527,-4.3750448,-0.54068667,0.67225707,-0.5056963,0
1.8757243,3.4216928,-2.3946986,-0.54068667,0.67225707,-0.5056963,0
-0.20218986,1.6784689,-2.4626498,-0.54068667,0.67225707,-0.5056963,0
-1.8023124,2.3932824,3.8814738,-0.60665244,0.10485673,0.78802156,0
5.8884921,0.2203052,-1.1335688,0.60665244,-0.10485673,-0.78802156,0
4.721909,3.4685385,-2.2000904,0.58277857,0.7328546,0.3511318,0
5.5084739,0.046883583,-1.3941712,0.60665244,-0.10485673,-0.78802156,0
-3.2051187,-2.9027483,-1.701457,-0.58277857,-0.7328546,-0.3511318,0
-1.2863326,-3.131355,-4.069211,-0.58277857,-0.7328546,-0.3511318,0
-3.1352499,3.0274067,2.9814289,-0.60665244,0.10485673,0.78802156,0
-1.2517958,4.456953,4.0550027,-0.60665244,0.10485673,0.78802156,0
3.6804862,0.92755318,2.3252606,0.54068667,-0.67225707,0.5056963,0
0.77947092,2.2176609,6.0016603,-0.60665244,0.10485673,0.78802156,0
4.7750497,1.0603765,-2.2710099,0.60665244,-0.10485673,-0.78802156,0
3.9976888,4.4602466,-3.0246646,0.58277857,0.7328546,0.3511318,0
-1.5384233,-3.3931098,-2.9255786,-0.58277857,-0.7328546,-0.3511318,0
0.21533179,0.81265211,-4.1605692,-0.54068667,0.67225707,-0.5056963,0
-3.4858844,-2.2385674,-2.4916983,-0.58277857,-0.7328546,-0.3511318,0
-2.5966415,-2.8639464,-2.4329438,-0.58277857,-0.7328546,-0.3511318,0
0.65550005,2.7747109,-2.0392432,-0.54068667,0.67225707,-0.5056963,0
0.5330019,1.2105317,5.8361158,-0.60665244,0.10485673,0.78802156,0
-1.0217955,1.0297861,-2.4338608,-0.54068667,0.67225707,-0.5056963,0
0.13763142,-0.79430246,3.8569403,0.54068667,-0.67225707,0.5056963,0
2.5233569,4.3639784,-1.6694107,-0.54068667,0.67225707,-0.5056963,0
3.1613965,2.9906569,-3.764308,0.60665244,-0.10485673,-0.78802156,0
-1.830229,-0.095650911,4.330502,-0.60665244,0.10485673,0.78802156,0
1.1501477,-4.0550117,-1.7175403,0.54068667,-0.67225707,0.5056963,0
-0.39338666,-2.3770673,2.1786327,0.54068667,-0.67225707,0.5056963,0
1.7829903,0.5451498,3.7591648,0.54068667,-0.67225707,0.5056963,0
-2.417037,3.9601936,3.390461,-0.60665244,0.10485673,0.78802156,0
-2.0423932,3.4656589,3.7567754,-0.60665244,0.10485673,0.78802156,0
-3.0140543,-1.6558,3.6855526,-0.60665244,0.10485673,0.78802156,0
1.9910966,1.4586442,-4.3174539,0.60665244,-0.10485673,-0.78802156,0
-0.52182102,2.5701513,4.8608599,-0.60665244,0.10485673,0.78802156,0
-1.3160357,-2.4049783,3.1162496,0.54068667,-0.67225707,0.5056963,0
-4.9178042,0.22360563,1.7937143,-0.60665244,0.10485673,0.78802156,0
-0.22242928,2.2086475,5.2406812,-0.60665244,0.10485673,0.78802156,0
-2.2515504,0.16850424,-2.1803303,-0.54068667,0.67225707,-0.5056963,0
1.9107674,-1.2693186,1.2002237,0.54068667,-0.67225707,0.5056963,0
0.23310882,-3.2645848,0.46217179,0.54068667,-0.67225707,0.5056963,0
-3.3812456,-2.5095203,-2.0150135,-0.58277857,-0.7328546,-0.3511318,0
0.86813307,0.090139866,4.2208891,0.54068667,-0.67225707,0.5056963,0
-0.80761629,-2.9808352,1.7853096,0.54068667,-0.67225707,0.5056963,0
0.019550562,4.9033985,2.5069537,0.58277857,0.7328546,0.3511318,0
3.4247661,4.3198833,-2.0920467,0.58277857,0.7328546,0.3511318,0
-0.50848293,-3.2422571,-5.3273754,-0.58277857,-0.7328546,-0.3511318,0
0.41292477,-3.0833247,-4.9122982,0.60665244,-0.10485673,-0.78802156,0
-3.1787832,-4.4955359,1.953104,-0.58277857,-0.7328546,-0.3511318,0
-2.2155986,-0.57503414,4.007844,-0.60665244,0.10485673,0.78802156,0
3.3110566,2.8237689,1.2852144,0.58277857,0.7328546,0.3511318,0
1.9501359,-2.3177979,-3.9416888,0.60665244,-0.10485673,-0.78802156,0
0.18002415,-4.3385482,-3.9083681,-0.58277857,-0.7328546,-0.3511318,0
2.016953,-1.217037,1.2319055,0.54068667,-0.67225707,0.5056963,0
-4.2088623,-0.24688196,2.4498811,-0.60665244,0.10485673,0.78802156,0
3.0680118,2.7469177,2.1710739,0.58277857,0.7328546,0.3511318,0
2.1740539,2.4488361,3.9523821,0.58277857,0.7328546,0.3511318,0
1.9950192,2.8756914,3.3340442,0.58277857,0.7328546,0.3511318,0
-0.47579086,2.7364368,-0.83986974,-0.54068667,0.67225707,-0.5056963,0
-0.028465003,2.7675118,-1.3196168,-0.54068667,0.67225707,-0.5056963,0
1.0192747,-4.399024,-4.3614979,0.60665244,-0.10485673,-0.78802156,0
4.8287358,1.3044715,-2.1804609,0.60665244,-0.10485673,-0.78802156,0
4.5904984,-1.4751493,-2.099376,0.60665244,-0.10485673,-0.78802156,0
-0.19852626,-1.7043824,2.8639421,0.54068667,-0.67225707,0.5056963,0
2.8572783,-0.67979598,-3.3981514,0.60665244,-0.10485673,-0.78802156,0
2.1757593,-0.069998264,-4.1086607,0.60665244,-0.10485673,-0.78802156,0
0.6722374,-4.1479506,-4.7435055,0.60665244,-0.10485673,-0.78802156,0
0.5859735,3.9515705,-0.32008123,-0.54068667,0.67225707,-0.5056963,0
-2.7510738,-4.4499016,1.1211076,-0.58277857,-0.7328546,-0.3511318,0
3.4432364,1.9475381,3.1449108,0.58277857,0.7328546,0.3511318,0
4.1834393,2.6655421,0.29853535,0.58277857,0.7328546,0.3511318,0
3.7154856,2.4631057,-3.0594823,0.60665244,-0.10485673,-0.78802156,0
-5.2496653,-0.79357409,-0.34030199,-0.54068667,0.67225707,-0.5056963,0
0.70717716,3.2712817,5.0860949,0.58277857,0.7328546,0.3511318,0
3.8123558,-1.7482829,-1.5324547,0.54068667,-0.67225707,0.5056963,0
-0.40499449,3.6920834,5.0026054,-0.60665244,0.10485673,0.78802156,0
2.126889,2.4831445,4.3731041,0.58277857,0.7328546,0.3511318,0
-3.6714139,-2.3805778,-1.9411967,-0.58277857,-0.7328546,-0.3511318,0
-1.7112157,-1.2342477,-4.6604958,-0.54068667,0.67225707,-0.5056963,0
-0.25647354,-0.92266798,-5.8373032,0.60665244,-0.10485673,-0.78802156,0
-1.1992154,-3.9627361,-2.7209744,-0.58277857,-0.7328546,-0.3511318,0
1.2197754,5.0000358,0.48423672,0.58277857,0.7328546,0.3511318,0
1.6233234,-2.1278496,-4.2296901,0.60665244,-0.10485673,-0.78802156,0
2.7734427,1.5027909,-3.754621,0.60665244,-0.10485673,-0.78802156,0
4.3990016,0.76355124,1.2135839,0.54068667,-0.67225707,0.5056963,0
0.86296999,4.8928022,0.95896578,0.58277857,0.7328546,0.3511318,0
-2.9460249,3.0089979,2.2189288,-0.54068667,0.67225707,-0.5056963,0
-6.0595412,-1.8899561,0.98275757,-0.58277857,-0.7328546,-0.3511318,0
-0.40310574,4.6646018,1.7595592,-0.54068667,0.67225707,-0.5056963,0
0.1780386,0.72423124,5.5827546,0.54068667,-0.67225707,0.5056963,0
