1.6722606,1.0527594,-3.3744693,0.91283631,0.17291641,-0.36990541,0
0.56343007,3.0629508,-0.95589179,-0.24915338,0.95358992,-0.16908315,0
-2.1572671,0.062277794,-2.4756074,-0.32350087,-0.24650848,-0.91355407,0
-3.6631415,1.9022524,-1.0316095,-0.24915338,0.95358992,-0.16908315,0
0.41211748,-2.5529284,2.5886407,0.24915338,-0.95358992,0.16908315,0
0.30657125,2.5072751,-4.0822387,-0.24915338,0.95358992,-0.16908315,0
4.2518778,-1.6647182,2.0707405,0.24915338,-0.95358992,0.16908315,0
-1.3438456,-3.7558064,-1.405697,0.24915338,-0.95358992,0.16908315,0
1.8395011,1.6690931,-2.6196194,0.91283631,0.17291641,-0.36990541,0
2.8426769,4.1129913,0.91132808,-0.24915338,0.95358992,-0.16908315,0
-1.7888622,-1.1563151,3.3637507,-0.91283631,-0.17291641,0.36990541,0
-2.1570697,3.1662109,2.7570295,-0.24915338,0.95358992,-0.16908315,0
3.6489251,0.27074194,1.2629273,0.91283631,0.17291641,-0.36990541,0
-0.23375297,-2.9847507,1.4012152,0.24915338,-0.95358992,0.16908315,0
0.081890583,3.4205885,1.7720091,-0.24915338,0.95358992,-0.16908315,0
0.21215963,3.462924,1.5245081,-0.24915338,0.95358992,-0.16908315,0
1.8558691,0.23455501,2.5967505,0.32350087,0.24650848,0.91355407,0
0.52797294,-1.2959946,-3.0287561,-0.32350087,-0.24650848,-0.91355407,0
-3.0210781,0.77064192,0.98326516,-0.91283631,-0.17291641,0.36990541,0
3.0508504,-0.71870458,-0.97928977,0.91283631,0.17291641,-0.36990541,0
-0.012003899,-3.3215952,-1.3168862,0.24915338,-0.95358992,0.16908315,0
-0.60153466,0.17865872,-3.2083209,-0.32350087,-0.24650848,-0.91355407,0
3.8275795,0.18626308,1.2405815,0.91283631,0.17291641,-0.36990541,0
-0.79199141,-0.82981563,3.7945292,0.32350087,0.24650848,0.91355407,0
0.67414331,-2.7889309,-2.7194664,-0.32350087,-0.24650848,-0.91355407,0
2.2538142,0.72704422,-1.9632198,0.91283631,0.17291641,-0.36990541,0
0.24425936,-2.9434667,0.84202969,0.24915338,-0.95358992,0.16908315,0
-0.7267375,-2.9612894,2.3920069,0.24915338,-0.95358992,0.16908315,0
1.5079889,0.83258307,-4.0244122,0.91283631,0.17291641,-0.36990541,0
0.33033013,1.3164008,2.7436142,0.32350087,0.24650848,0.91355407,0
2.9994512,-0.07638979,-0.57524562,0.91283631,0.17291641,-0.36990541,0
1.8951139,-2.684135,-0.3481698,0.24915338,-0.95358992,0.16908315,0
1.5653929,-2.2432504,2.2168465,0.24915338,-0.95358992,0.16908315,0
0.79277831,1.8186654,-3.986644,-0.32350087,-0.24650848,-0.91355407,0
-3.0056272,-0.61826146,0.37858915,-0.91283631,-0.17291641,0.36990541,0
-3.5079191,-0.5734992,-0.91059732,-0.91283631,-0.17291641,0.36990541,0
-3.7578595,-0.098837852,-1.0141726,-0.91283631,-0.17291641,0.36990541,0
1.6395432,-0.42961466,-3.7360752,-0.32350087,-0.24650848,-0.91355407,0
0.93081665,3.5465503,1.2648233,-0.24915338,0.95358992,-0.16908315,0
3.0741248,3.2715585,1.3101888,0.32350087,0.24650848,0.91355407,0
-2.4512892,-3.7120357,0.26004553,-0.91283631,-0.17291641,0.36990541,0
3.3037064,2.2654085,1.0386034,0.91283631,0.17291641,-0.36990541,0
-1.9495025,-3.9114957,-1.1305444,0.24915338,-0.95358992,0.16908315,0
-2.7567296,0.65692329,1.4193845,-0.91283631,-0.17291641,0.36990541,0
-3.0260289,-3.6254213,-1.3292581,-0.32350087,-0.24650848,-0.91355407,0
-0.61889577,-2.2417893,-2.4354739,-0.32350087,-0.24650848,-0.91355407,0
0.3391757,2.7607088,-3.1737974,-0.24915338,0.95358992,-0.16908315,0
-2.5504766,-1.7005312,-1.9518061,-0.32350087,-0.24650848,-0.91355407,0
-1.8706467,-0.81796676,3.3812284,-0.91283631,-0.17291641,0.36990541,0
0.75339675,2.7508037,-3.8820367,-0.24915338,0.95358992,-0.16908315,0
3.4799623,-0.33151913,0.40103722,0.91283631,0.17291641,-0.36990541,0
-1.0586381,2.6856027,-1.1365259,-0.24915338,0.95358992,-0.16908315,0
2.5820048,3.1170397,1.6373085,0.32350087,0.24650848,0.91355407,0
-1.8556094,-0.13936687,3.4480469,-0.91283631,-0.17291641,0.36990541,0
3.2049797,-0.63894558,-0.26840401,0.91283631,0.17291641,-0.36990541,0
2.9800258,1.8529541,0.35976267,0.91283631,0.17291641,-0.36990541,0
-0.26155663,3.4090509,2.0476174,-0.24915338,0.95358992,-0.16908315,0
2.3411312,-2.4776795,-3.2346268,0.91283631,0.17291641,-0.36990541,0
-0.0057225227,-2.9716578,-2.5804067,-0.32350087,-0.24650848,-0.91355407,0
-3.8343608,2.0102124,-1.1961114,-0.24915338,0.95358992,-0.16908315,0
-2.9810736,2.1443262,-0.67023921,-0.24915338,0.95358992,-0.16908315,0
0.52343249,1.893976,2.6857712,0.32350087,0.24650848,0.91355407,0
2.6507864,-1.261019,2.7348113,0.32350087,0.24650848,0.91355407,0
-1.8575718,2.9153805,1.986087,-0.24915338,0.95358992,-0.16908315,0
-1.4105313,2.597784,-1.2514321,-0.24915338,0.95358992,-0.16908315,0
2.0502222,-1.0740643,-3.3830853,0.91283631,0.17291641,-0.36990541,0
-0.81037045,-1.8562353,-2.5725,-0.32350087,-0.24650848,-0.91355407,0
-3.1518204,-0.72101402,0.23813415,-0.91283631,-0.17291641,0.36990541,0
-2.4447615,1.6198926,2.7411418,-0.91283631,-0.17291641,0.36990541,0
-3.7206478,-1.0314932,-1.54404,-0.91283631,-0.17291641,0.36990541,0
-2.8225174,-3.1880655,-0.51535523,-0.91283631,-0.17291641,0.36990541,0
1.6273532,-2.2077479,2.7040544,0.24915338,-0.95358992,0.16908315,0
-1.2986462,2.0969105,3.2832179,0.32350087,0.24650848,0.91355407,0
1.449446,2.756449,-3.1922665,0.91283631,0.17291641,-0.36990541,0
3.9014645,-0.63202906,1.1650343,0.91283631,0.17291641,-0.36990541,0
-3.0001316,0.49039662,0.87531281,-0.91283631,-0.17291641,0.36990541,0
-2.1252122,-2.5306096,1.578197,-0.91283631,-0.17291641,0.36990541,0
4.2763834,-1.5380943,1.511411,0.91283631,0.17291641,-0.36990541,0
-2.3671885,1.7235147,3.2119174,-0.91283631,-0.17291641,0.36990541,0
-0.94172347,-2.8071778,3.793231,0.24915338,-0.95358992,0.16908315,0
-3.0026183,-2.947932,-1.5095329,-0.32350087,-0.24650848,-0.91355407,0
0.8882128,1.1471713,-3.8170948,-0.32350087,-0.24650848,-0.91355407,0
-4.0014892,0.32666492,-1.4168613,-0.91283631,-0.17291641,0.36990541,0
-3.5177135,1.2954751,-0.0065290928,-0.91283631,-0.17291641,0.36990541,0
-0.542238,-2.9335117,-2.2375243,-0.32350087,-0.24650848,-0.91355407,0
2.5160477,-2.7763782,-1.4266613,0.24915338,-0.95358992,0.16908315,0
0.13636172,-1.9900762,3.6770544,0.32350087,0.24650848,0.91355407,0
3.0875773,-1.9919699,-1.2020915,0.91283631,0.17291641,-0.36990541,0
-2.7859149,0.23017263,-2.2779911,-0.32350087,-0.24650848,-0.91355407,0
3.8727803,0.015796185,1.3465872,0.91283631,0.17291641,-0.36990541,0
-2.2380898,2.2025237,3.553936,0.32350087,0.24650848,0.91355407,0
2.2695215,-0.23120698,-2.5116599,0.91283631,0.17291641,-0.36990541,0
0.080794334,-2.3956838,3.6921153,0.24915338,-0.95358992,0.16908315,0
-0.72229058,-1.1486839,3.7580447,0.32350087,0.24650848,0.91355407,0
1.3039649,3.7923446,1.6439228,-0.24915338,0.95358992,-0.16908315,0
-0.5104208,3.3416083,1.4313289,-0.24915338,0.95358992,-0.16908315,0
0.9686296,3.15662,-1.1290658,-0.24915338,0.95358992,-0.16908315,0
-1.2612617,-1.7965857,4.009469,-0.91283631,-0.17291641,0.36990541,0
0.44417095,-3.1417789,-0.98191661,0.24915338,-0.95358992,0.16908315,0
2.6453829,2.1218078,-0.83945537,0.91283631,0.17291641,-0.36990541,0
1.2395437,-2.1280837,-3.0521612,-0.32350087,-0.24650848,-0.91355407,0
0.60994101,-3.0577893,-0.12361681,0.24915338,-0.95358992,0.16908315,0
-1.7119616,1.4131579,-3.0987728,-0.32350087,-0.24650848,-0.91355407,0
0.143116,2.987901,-1.628852,-0.24915338,0.95358992,-0.16908315,0
2.2657557,-0.75813556,2.7364631,0.32350087,0.24650848,0.91355407,0
-2.046586,3.1973343,2.7461028,-0.24915338,0.95358992,-0.16908315,0
-1.1609752,-0.74245739,-2.7322304,-0.32350087,-0.24650848,-0.91355407,0
-1.5473399,-3.0389431,2.6017637,-0.91283631,-0.17291641,0.36990541,0
-1.916404,0.47690701,-2.7751603,-0.32350087,-0.24650848,-0.91355407,0
-1.5117844,-2.9782965,2.9925823,-0.91283631,-0.17291641,0.36990541,0
-1.291846,2.7664051,-0.43683231,-0.24915338,0.95358992,-0.16908315,0
-2.6835005,-0.70279217,1.0369544,-0.91283631,-0.17291641,0.36990541,0
-2.8156967,1.7393847,2.0017455,-0.91283631,-0.17291641,0.36990541,0
2.5164213,-2.1096342,2.128665,0.24915338,-0.95358992,0.16908315,0
-1.2935096,-2.7592022,3.7491455,0.24915338,-0.95358992,0.16908315,0
-1.6857719,-2.7790217,2.7958508,-0.91283631,-0.17291641,0.36990541,0
3.5723798,-0.22275066,0.44585061,0.91283631,0.17291641,-0.36990541,0
2.7506318,4.1426477,1.070003,-0.24915338,0.95358992,-0.16908315,0
-0.77887583,0.99971223,-3.2297387,-0.32350087,-0.24650848,-0.91355407,0
-1.7099364,-3.644516,-0.58058178,0.24915338,-0.95358992,0.16908315,0
0.43290138,2.673238,-3.6194472,-0.24915338,0.95358992,-0.16908315,0
2.4662063,-2.6152568,-0.97782111,0.24915338,-0.95358992,0.16908315,0
0.036536217,-3.2439847,-0.054672539,0.24915338,-0.95358992,0.16908315,0
1.5174668,3.8361471,1.4578828,-0.24915338,0.95358992,-0.16908315,0
1.6537702,1.048794,2.4630604,0.32350087,0.24650848,0.91355407,0
-3.4685678,0.42927027,-2.1806769,-0.32350087,-0.24650848,-0.91355407,0
3.7901864,-1.627547,0.37191463,0.91283631,0.17291641,-0.36990541,0
1.3332075,1.9241967,-3.924999,0.91283631,0.17291641,-0.36990541,0
3.2035048,-1.4118202,-0.9656322,0.91283631,0.17291641,-0.36990541,0
-0.57271671,-2.8788834,2.7322226,0.24915338,-0.95358992,0.16908315,0
-3.9081094,0.4396143,-1.3554745,-0.91283631,-0.17291641,0.36990541,0
0.79590321,0.7798624,2.7024536,0.32350087,0.24650848,0.91355407,0
2.7222271,3.110146,-0.13368785,0.91283631,0.17291641,-0.36990541,0
1.7828047,-2.7517366,-0.060640574,0.24915338,-0.95358992,0.16908315,0
0.98812675,-3.0002348,-0.48521364,0.24915338,-0.95358992,0.16908315,0
-2.55621,1.6581759,-2.9301624,-0.32350087,-0.24650848,-0.91355407,0
1.1780827,-2.9710131,-0.6210829,0.24915338,-0.95358992,0.16908315,0
2.1907439,3.17816,1.7428859,0.32350087,0.24650848,0.91355407,0
2.8785691,2.5058351,0.42034984,0.91283631,0.17291641,-0.36990541,0
-2.9322109,-0.77345014,0.46771026,-0.91283631,-0.17291641,0.36990541,0
0.1889019,3.1672072,-0.21225756,-0.24915338,0.95358992,-0.16908315,0
-3.9508057,-0.25160408,-1.695713,-0.91283631,-0.17291641,0.36990541,0
2.2261572,2.3707266,-1.4692035,0.91283631,0.17291641,-0.36990541,0
1.1026201,3.6498797,1.7314305,-0.24915338,0.95358992,-0.16908315,0
-1.8354506,3.0842819,2.1863837,-0.24915338,0.95358992,-0.16908315,0
4.1117525,-1.2734759,1.6430492,0.91283631,0.17291641,-0.36990541,0
3.2916446,-2.078665,-0.91085792,0.91283631,0.17291641,-0.36990541,0
-1.1090302,2.4080424,-2.9819896,-0.24915338,0.95358992,-0.16908315,0
-1.8008554,-2.5461111,2.648082,-0.91283631,-0.17291641,0.36990541,0
-3.0492556,-2.9303372,-1.4861192,-0.32350087,-0.24650848,-0.91355407,0
-0.18070245,1.8165226,-3.6718783,-0.32350087,-0.24650848,-0.91355407,0
-2.3022621,2.9126067,2.5363064,-0.24915338,0.95358992,-0.16908315,0
-1.6721427,-2.3061862,-1.9940925,-0.32350087,-0.24650848,-0.91355407,0
-1.8881671,-3.4380157,0.87974852,0.24915338,-0.95358992,0.16908315,0
3.1785212,0.96878672,-0.016254663,0.91283631,0.17291641,-0.36990541,0
-1.1866195,-2.1336784,4.099896,-0.91283631,-0.17291641,0.36990541,0
-0.4587853,-1.4461687,-2.7249007,-0.32350087,-0.24650848,-0.91355407,0
-1.0561521,-2.7993641,-2.1093533,-0.32350087,-0.24650848,-0.91355407,0
1.3133554,2.094909,2.271934,0.32350087,0.24650848,0.91355407,0
2.4148312,3.3526073,-0.44518697,0.91283631,0.17291641,-0.36990541,0
-0.28605628,-1.8249409,3.9863014,0.32350087,0.24650848,0.91355407,0
1.4354001,1.262679,-4.0027575,0.91283631,0.17291641,-0.36990541,0
-0.35259986,2.607285,2.5993848,0.32350087,0.24650848,0.91355407,0
-0.74422789,-3.7130218,-1.9062916,0.24915338,-0.95358992,0.16908315,0
-4.2525654,1.6840949,-1.8787377,-0.24915338,0.95358992,-0.16908315,0
-3.1767352,0.76977003,0.65862918,-0.91283631,-0.17291641,0.36990541,0
-1.7508899,-2.7651148,2.6302109,-0.91283631,-0.17291641,0.36990541,0
-2.2032351,2.157588,-2.5559316,-0.24915338,0.95358992,-0.16908315,0
3.2293372,-1.900255,-1.0433753,0.91283631,0.17291641,-0.36990541,0
-2.7317772,-0.19269854,1.3961464,-0.91283631,-0.17291641,0.36990541,0
1.6151587,-2.3358722,2.5026062,0.24915338,-0.95358992,0.16908315,0
-2.6925275,0.54678369,-2.4550979,-0.32350087,-0.24650848,-0.91355407,0
3.5587642,-2.283237,-0.32955503,0.24915338,-0.95358992,0.16908315,0
1.4933057,-3.0115163,-1.5831726,0.24915338,-0.95358992,0.16908315,0
2.6591368,-2.2292495,1.2278833,0.24915338,-0.95358992,0.16908315,0
0.64715147,3.5068924,0.83727789,-0.24915338,0.95358992,-0.16908315,0
-1.8979115,-1.8757207,2.6460955,-0.91283631,-0.17291641,0.36990541,0
-1.4998765,-1.9561747,3.3852448,-0.91283631,-0.17291641,0.36990541,0
3.1681983,2.2619667,1.5961589,0.32350087,0.24650848,0.91355407,0
0.06537199,-1.1977346,-3.0736341,-0.32350087,-0.24650848,-0.91355407,0
2.5158799,3.7924542,0.32249105,-0.24915338,0.95358992,-0.16908315,0
0.2475923,-0.73205781,3.4099264,0.32350087,0.24650848,0.91355407,0
3.0475688,2.0437222,0.51776361,0.91283631,0.17291641,-0.36990541,0
-0.52367449,-1.5767517,-2.5696878,-0.32350087,-0.24650848,-0.91355407,0
3.0113487,-2.289814,0.35579348,0.24915338,-0.95358992,0.16908315,0
2.943886,2.8560033,0.2499882,0.91283631,0.17291641,-0.36990541,0
1.3355007,-2.9490609,-0.89213693,0.24915338,-0.95358992,0.16908315,0
0.17400575,3.3358788,0.59887266,-0.24915338,0.95358992,-0.16908315,0
0.30200046,-1.4942389,3.6290143,0.32350087,0.24650848,0.91355407,0
-1.9231901,0.020321608,3.1790314,-0.91283631,-0.17291641,0.36990541,0
-3.1536081,2.4481239,1.2102399,-0.24915338,0.95358992,-0.16908315,0
-0.25741267,-3.1821055,0.23088843,0.24915338,-0.95358992,0.16908315,0
2.3243413,1.4408847,-1.6329904,0.91283631,0.17291641,-0.36990541,0
-1.2320969,-3.5629106,-0.75722146,0.24915338,-0.95358992,0.16908315,0
0.81416869,-2.7342715,1.0474112,0.24915338,-0.95358992,0.16908315,0
-2.9734983,-3.2876642,-0.66922319,-0.91283631,-0.17291641,0.36990541,0
0.39954615,-1.5710671,-3.062782,-0.32350087,-0.24650848,-0.91355407,0
2.7706959,3.7437925,0.46619391,0.91283631,0.17291641,-0.36990541,0
-2.3563676,0.21320784,2.146739,-0.91283631,-0.17291641,0.36990541,0
0.61414599,-3.1641464,-0.52715099,0.24915338,-0.95358992,0.16908315,0
-3.2703826,1.5420823,-2.5689626,-0.32350087,-0.24650848,-0.91355407,0
3.483427,-0.55319118,0.01687479,0.91283631,0.17291641,-0.36990541,0
-1.4152591,-1.9972818,3.7836132,-0.91283631,-0.17291641,0.36990541,0
3.8072553,-1.4269757,0.6242578,0.91283631,0.17291641,-0.36990541,0
3.1078453,-0.67076778,2.4091539,0.32350087,0.24650848,0.91355407,0
0.56205606,-3.2888432,-2.0648997,0.24915338,-0.95358992,0.16908315,0
2.8783321,1.7111299,-0.01795125,0.91283631,0.17291641,-0.36990541,0
-2.6908951,2.9006288,2.7025795,-0.24915338,0.95358992,-0.16908315,0
-2.820554,1.1040381,1.4035068,-0.91283631,-0.17291641,0.36990541,0
2.5042908,0.99824095,2.0471134,0.32350087,0.24650848,0.91355407,0
-1.3020198,2.3544104,-3.0043066,-0.24915338,0.95358992,-0.16908315,0
-3.1108177,0.20602405,0.64791226,-0.91283631,-0.17291641,0.36990541,0
-0.36988735,-2.788162,3.0996311,0.24915338,-0.95358992,0.16908315,0
1.9135053,0.89507246,-3.0140615,0.91283631,0.17291641,-0.36990541,0
-4.157383,0.75249243,-1.6361649,-0.91283631,-0.17291641,0.36990541,0
-0.18198752,-2.7848644,1.81563,0.24915338,-0.95358992,0.16908315,0
-1.452083,-2.0045264,3.3254881,-0.91283631,-0.17291641,0.36990541,0
3.4691782,0.49334431,0.80583358,0.91283631,0.17291641,-0.36990541,0
0.90277505,-3.1083763,-1.4227551,0.24915338,-0.95358992,0.16908315,0
3.2268691,-0.17701674,2.2419624,0.32350087,0.24650848,0.91355407,0
-2.9252791,1.0241038,1.4429057,-0.91283631,-0.17291641,0.36990541,0
-0.679986,-3.1320288,1.3309354,0.24915338,-0.95358992,0.16908315,0
-1.8235284,1.2929339,-3.0478656,-0.32350087,-0.24650848,-0.91355407,0
-2.7935143,0.32520103,-2.380219,-0.32350087,-0.24650848,-0.91355407,0
0.13087606,1.4812994,2.7784457,0.32350087,0.24650848,0.91355407,0
-1.5452671,2.5242553,-1.2410188,-0.24915338,0.95358992,-0.16908315,0
-3.0552673,-1.1534481,0.031938553,-0.91283631,-0.17291641,0.36990541,0
-1.7020122,-3.0579395,2.2897427,-0.91283631,-0.17291641,0.36990541,0
-3.286366,-0.057373047,-2.0523281,-0.32350087,-0.24650848,-0.91355407,0
4.0943131,-0.68198442,1.8403583,0.91283631,0.17291641,-0.36990541,0
-0.5019021,3.0690117,0.047737002,-0.24915338,0.95358992,-0.16908315,0
-1.5940616,-2.7550728,3.1186092,-0.91283631,-0.17291641,0.36990541,0
-2.2703347,3.0876248,2.974257,-0.24915338,0.95358992,-0.16908315,0
3.3603971,-2.0593834,1.1032481,0.24915338,-0.95358992,0.16908315,0
0.79536128,-2.5006449,1.915957,0.24915338,-0.95358992,0.16908315,0
2.4650052,1.9338303,1.916111,0.32350087,0.24650848,0.91355407,0
3.2192194,-2.2501957,0.6119957,0.24915338,-0.95358992,0.16908315,0
1.4911358,-2.3187528,-3.2319973,-0.32350087,-0.24650848,-0.91355407,0
2.098635,3.5358906,-1.0845621,-0.24915338,0.95358992,-0.16908315,0
-2.0399637,-3.8094997,-0.85542578,0.24915338,-0.95358992,0.16908315,0
3.3764694,1.8785846,1.069111,0.91283631,0.17291641,-0.36990541,0
-3.155107,2.0264876,-2.0668776,-0.24915338,0.95358992,-0.16908315,0
-3.3867371,-2.2922528,-1.224686,-0.91283631,-0.17291641,0.36990541,0
2.2583694,-3.0406053,-3.1472976,0.24915338,-0.95358992,0.16908315,0
-1.5412276,1.327457,3.5190287,0.32350087,0.24650848,0.91355407,0
2.7065365,1.9363341,-0.65646994,0.91283631,0.17291641,-0.36990541,0
1.974534,3.7779093,1.2190855,-0.24915338,0.95358992,-0.16908315,0
-0.30208135,2.424861,2.6535552,0.32350087,0.24650848,0.91355407,0
2.6454084,-2.7448814,-1.6595733,0.24915338,-0.95358992,0.16908315,0
2.2648683,-2.0497565,2.9111156,0.24915338,-0.95358992,0.16908315,0
0.27994156,-3.0330138,-2.6464424,-0.32350087,-0.24650848,-0.91355407,0
-1.685945,-3.2903361,-1.7189465,-0.32350087,-0.24650848,-0.91355407,0
0.64932823,3.4615641,2.0699759,0.32350087,0.24650848,0.91355407,0
3.979063,-0.67765713,2.0134687,0.32350087,0.24650848,0.91355407,0
0.56316793,-0.94699025,3.2992811,0.32350087,0.24650848,0.91355407,0
0.82182044,1.8788211,-4.0746269,-0.32350087,-0.24650848,-0.91355407,0
3.978766,0.15330029,1.6045043,0.91283631,0.17291641,-0.36990541,0
-2.3292966,0.96544427,3.0035076,-0.91283631,-0.17291641,0.36990541,0
-2.2268333,1.3910898,3.3926394,-0.91283631,-0.17291641,0.36990541,0
-2.0504704,1.5369906,3.4902611,0.32350087,0.24650848,0.91355407,0
-3.311496,1.6803768,0.46234035,-0.91283631,-0.17291641,0.36990541,0
2.3796859,-0.97772884,2.6155002,0.32350087,0.24650848,0.91355407,0
-2.0483341,-1.5321516,2.579073,-0.91283631,-0.17291641,0.36990541,0
0.46414328,-2.5127296,2.8170824,0.24915338,-0.95358992,0.16908315,0
0.93832111,-3.1927655,-2.735153,-0.32350087,-0.24650848,-0.91355407,0
3.0535512,2.5294542,0.52517784,0.91283631,0.17291641,-0.36990541,0
-1.1290487,-0.71608162,-2.7730961,-0.32350087,-0.24650848,-0.91355407,0
-1.7085505,2.8275909,0.41392756,-0.24915338,0.95358992,-0.16908315,0
-3.6307211,-0.39110374,-1.1951904,-0.91283631,-0.17291641,0.36990541,0
2.193958,-2.631639,0.00018501282,0.24915338,-0.95358992,0.16908315,0
-0.75677991,0.48470187,-3.0757141,-0.32350087,-0.24650848,-0.91355407,0
2.9457288,2.1869819,1.6499741,0.32350087,0.24650848,0.91355407,0
-1.0022066,2.3140998,-3.3913724,-0.24915338,0.95358992,-0.16908315,0
3.6363239,0.66953945,1.0629489,0.91283631,0.17291641,-0.36990541,0
-1.2532268,-3.4766338,-0.29894888,0.24915338,-0.95358992,0.16908315,0
2.4384367,-2.4074156,0.22366691,0.24915338,-0.95358992,0.16908315,0
3.9168153,-1.1576777,2.1842122,0.32350087,0.24650848,0.91355407,0
-1.0538714,2.7925923,-0.7643261,-0.24915338,0.95358992,-0.16908315,0
-0.59459162,-3.2862504,0.25538123,0.24915338,-0.95358992,0.16908315,0
2.5388522,0.53048038,2.3174758,0.32350087,0.24650848,0.91355407,0
2.3548219,0.44656157,-1.9529376,0.91283631,0.17291641,-0.36990541,0
-3.6950622,0.17685485,-0.94612241,-0.91283631,-0.17291641,0.36990541,0
3.6279752,1.5397265,1.4257888,0.91283631,0.17291641,-0.36990541,0
-2.9549904,2.3874068,-0.16408253,-0.24915338,0.95358992,-0.16908315,0
3.2196453,1.3722992,0.39413953,0.91283631,0.17291641,-0.36990541,0
-1.7158244,2.8305995,3.216239,0.32350087,0.24650848,0.91355407,0
-3.2916517,2.3115478,-0.36953902,-0.24915338,0.95358992,-0.16908315,0
0.10288477,-2.9426217,1.0823003,0.24915338,-0.95358992,0.16908315,0
3.1488664,-1.245013,-0.95329165,0.91283631,0.17291641,-0.36990541,0
2.7395344,3.9492764,0.48636138,-0.24915338,0.95358992,-0.16908315,0
-1.1395075,-2.8984809,2.7906988,0.24915338,-0.95358992,0.16908315,0
-2.3570871,0.10462189,-2.5007401,-0.32350087,-0.24650848,-0.91355407,0
-1.8486694,-3.2201033,2.1017568,-0.91283631,-0.17291641,0.36990541,0
-2.7628579,-3.3437891,-0.15954864,-0.91283631,-0.17291641,0.36990541,0
-3.3720031,1.5118761,-2.4882526,-0.32350087,-0.24650848,-0.91355407,0
0.51336151,-0.48208857,3.3306031,0.32350087,0.24650848,0.91355407,0
-2.8122039,-3.9945588,-0.6894657,-0.91283631,-0.17291641,0.36990541,0
0.25707817,2.7887778,2.4522254,0.32350087,0.24650848,0.91355407,0
0.76792276,2.5249252,-4.1295433,-0.32350087,-0.24650848,-0.91355407,0
-2.9455149,-0.80562103,0.24576139,-0.91283631,-0.17291641,0.36990541,0
1.273489,-2.7562199,0.28719091,0.24915338,-0.95358992,0.16908315,0
2.9286509,0.14968574,-0.88486862,0.91283631,0.17291641,-0.36990541,0
0.15378515,0.85769367,-3.5180779,-0.32350087,-0.24650848,-0.91355407,0
2.5545666,-0.14717379,-1.7916582,0.91283631,0.17291641,-0.36990541,0
2.2099533,3.8436422,1.2402018,-0.24915338,0.95358992,-0.16908315,0
0.30427098,-2.8387659,1.2553962,0.24915338,-0.95358992,0.16908315,0
-1.8678195,1.3296492,3.6170163,0.32350087,0.24650848,0.91355407,0
3.1182177,1.0274537,0.091084003,0.91283631,0.17291641,-0.36990541,0
-4.0673881,1.033185,-2.1434989,-0.32350087,-0.24650848,-0.91355407,0
0.51769733,-3.4908266,-2.3051937,0.24915338,-0.95358992,0.16908315,0
-1.7247009,-2.2439585,2.6438138,-0.91283631,-0.17291641,0.36990541,0
-3.2285135,-0.37970018,-1.9459826,-0.32350087,-0.24650848,-0.91355407,0
-1.1805823,2.6286874,2.8969693,0.32350087,0.24650848,0.91355407,0
1.6534506,0.82285213,-3.6229043,0.91283631,0.17291641,-0.36990541,0
1.5456215,-1.9268129,3.3228228,0.32350087,0.24650848,0.91355407,0
-1.5471909,2.7591417,-0.050405502,-0.24915338,0.95358992,-0.16908315,0
1.4958137,1.7650797,-3.8525372,0.91283631,0.17291641,-0.36990541,0
2.3098209,-1.7790825,-3.0516045,0.91283631,0.17291641,-0.36990541,0
-2.3731611,-1.8569899,1.3999566,-0.91283631,-0.17291641,0.36990541,0
-0.42357016,3.4075711,1.7170839,-0.24915338,0.95358992,-0.16908315,0
-0.17483425,2.3899536,-3.4314833,-0.24915338,0.95358992,-0.16908315,0
-0.18777966,3.0632854,0.085356712,-0.24915338,0.95358992,-0.16908315,0
-0.40162039,-2.6735237,3.6071978,0.24915338,-0.95358992,0.16908315,0
2.35393,1.2817191,-1.6506804,0.91283631,0.17291641,-0.36990541,0
-0.48211026,1.7370334,2.9792752,0.32350087,0.24650848,0.91355407,0
-2.8748872,2.0850101,2.1453316,-0.91283631,-0.17291641,0.36990541,0
1.6201389,3.6592584,0.25327006,-0.24915338,0.95358992,-0.16908315,0
-2.8161278,1.2535241,1.5746248,-0.91283631,-0.17291641,0.36990541,0
-1.6135569,3.1341038,2.7320311,-0.24915338,0.95358992,-0.16908315,0
-1.747021,1.360801,3.5699551,0.32350087,0.24650848,0.91355407,0
-0.46379733,2.7313061,-2.222512,-0.24915338,0.95358992,-0.16908315,0
-1.1291699,2.6757684,-1.5054814,-0.24915338,0.95358992,-0.16908315,0
-1.2248302,-3.5183442,-0.3604188,0.24915338,-0.95358992,0.16908315,0
-0.70924604,1.0227373,3.2058632,0.32350087,0.24650848,0.91355407,0
3.1073909,-2.3580847,-0.43935633,0.24915338,-0.95358992,0.16908315,0
2.183805,-2.7800632,-1.2694561,0.24915338,-0.95358992,0.16908315,0
0.69369602,3.1856363,-0.61580992,-0.24915338,0.95358992,-0.16908315,0
-0.51375222,2.7478211,-0.99207646,-0.24915338,0.95358992,-0.16908315,0
-2.513206,2.2504218,3.128705,-0.91283631,-0.17291641,0.36990541,0
0.6390934,-2.0094469,-2.8599763,-0.32350087,-0.24650848,-0.91355407,0
-2.8827989,-2.640116,-1.6248565,-0.32350087,-0.24650848,-0.91355407,0
1.494822,0.92941558,-3.9641218,-0.32350087,-0.24650848,-0.91355407,0
2.1387985,-0.88269806,-3.4695137,0.91283631,0.17291641,-0.36990541,0
-3.2594669,-2.6088202,-1.209857,-0.91283631,-0.17291641,0.36990541,0
-3.5840163,1.2012355,-0.091150045,-0.91283631,-0.17291641,0.36990541,0
-1.1561794,-3.0913334,2.1916165,0.24915338,-0.95358992,0.16908315,0
-2.2047448,-1.9709986,1.7337234,-0.91283631,-0.17291641,0.36990541,0
-3.803473,0.72175336,-1.053798,-0.91283631,-0.17291641,0.36990541,0
0.82745463,0.13429761,2.9515324,0.32350087,0.24650848,0.91355407,0
2.1682103,-2.5518262,0.35534167,0.24915338,-0.95358992,0.16908315,0
3.2460904,-1.9252515,-0.96735144,0.91283631,0.17291641,-0.36990541,0
-0.41358423,-2.9942188,2.0143697,0.24915338,-0.95358992,0.16908315,0
1.8187578,-2.7870564,-0.47760105,0.24915338,-0.95358992,0.16908315,0
-1.3774252,-1.8133303,3.9013085,-0.91283631,-0.17291641,0.36990541,0
2.25016,-2.1557803,-3.4909058,0.91283631,0.17291641,-0.36990541,0
2.4545901,0.041230526,-2.2318239,0.91283631,0.17291641,-0.36990541,0
-3.4635425,2.1097274,0.68713737,-0.91283631,-0.17291641,0.36990541,0
-2.3697171,-0.29918379,1.9411808,-0.91283631,-0.17291641,0.36990541,0
-0.084715366,-0.74689317,-3.0887723,-0.32350087,-0.24650848,-0.91355407,0
-1.1304349,-0.8663491,3.9895985,0.32350087,0.24650848,0.91355407,0
-2.6884885,-2.6433399,-1.7002172,-0.32350087,-0.24650848,-0.91355407,0
3.4722452,-1.7530069,2.240953,0.24915338,-0.95358992,0.16908315,0
-2.8750358,-1.1395822,0.47258186,-0.91283631,-0.17291641,0.36990541,0
-1.5272619,0.049189091,3.7333508,0.32350087,0.24650848,0.91355407,0
-3.5100336,1.9240706,-1.4237578,-0.24915338,0.95358992,-0.16908315,0
2.163497,0.22636271,2.416245,0.32350087,0.24650848,0.91355407,0
0.97128463,-2.5023656,-2.8537483,-0.32350087,-0.24650848,-0.91355407,0
1.8865167,1.5102488,-2.5600123,0.91283631,0.17291641,-0.36990541,0
-0.48822403,1.7544148,-3.5665312,-0.32350087,-0.24650848,-0.91355407,0
-2.1329796,1.5200539,3.5253751,0.32350087,0.24650848,0.91355407,0
2.3880136,-2.7805395,-1.0174255,0.24915338,-0.95358992,0.16908315,0
-2.2293608,3.123904,3.0659194,-0.24915338,0.95358992,-0.16908315,0
2.884522,-2.1521459,-2.0177217,0.91283631,0.17291641,-0.36990541,0
3.54005,-1.5703784,0.04929471,0.91283631,0.17291641,-0.36990541,0
1.4264123,-1.4218347,3.0877242,0.32350087,0.24650848,0.91355407,0
2.4407754,-2.6499212,-1.1653361,0.24915338,-0.95358992,0.16908315,0
0.79778481,3.612839,1.3478893,-0.24915338,0.95358992,-0.16908315,0
1.3752525,1.0002291,2.6125703,0.32350087,0.24650848,0.91355407,0
2.9287519,0.83094501,-0.40269208,0.91283631,0.17291641,-0.36990541,0
-2.808557,-2.7471476,-0.037177563,-0.91283631,-0.17291641,0.36990541,0
0.12614632,2.6667056,-2.4074898,-0.24915338,0.95358992,-0.16908315,0
3.7967174,-0.65735173,1.1242797,0.91283631,0.17291641,-0.36990541,0
1.9391446,0.23401785,2.4885309,0.32350087,0.24650848,0.91355407,0
-3.629786,-1.329474,-1.6739019,-0.32350087,-0.24650848,-0.91355407,0
-0.84106255,-0.014066458,-2.8890769,-0.32350087,-0.24650848,-0.91355407,0
2.8299775,-1.9117618,2.6883597,0.24915338,-0.95358992,0.16908315,0
1.6121612,3.2902393,-1.8840799,-0.24915338,0.95358992,-0.16908315,0
0.5328998,-0.19543839,-3.3330698,-0.32350087,-0.24650848,-0.91355407,0
0.88102865,3.5005341,2.0926957,0.32350087,0.24650848,0.91355407,0
0.51958942,-2.5561848,3.0135198,0.24915338,-0.95358992,0.16908315,0
-2.0120847,-3.1723881,-1.7594135,-0.32350087,-0.24650848,-0.91355407,0
-0.29127908,3.208199,0.42827648,-0.24915338,0.95358992,-0.16908315,0
2.6764429,1.880736,-0.63981521,0.91283631,0.17291641,-0.36990541,0
1.9811318,-1.8713839,3.0991678,0.32350087,0.24650848,0.91355407,0
-1.3695517,3.258604,2.2007496,-0.24915338,0.95358992,-0.16908315,0
-0.47452831,2.7122755,2.6529953,0.32350087,0.24650848,0.91355407,0
2.1944466,0.68127286,-2.214524,0.91283631,0.17291641,-0.36990541,0
0.29695415,3.6193759,2.1341095,0.32350087,0.24650848,0.91355407,0
0.66681862,-0.069876909,-3.5435286,-0.32350087,-0.24650848,-0.91355407,0
-1.0281289,2.7328939,2.8478498,0.32350087,0.24650848,0.91355407,0
-2.7981544,-1.6065331,-1.9296064,-0.32350087,-0.24650848,-0.91355407,0
2.9965339,-1.1441514,2.4455862,0.32350087,0.24650848,0.91355407,0
-1.412118,-0.70936155,-2.5909395,-0.32350087,-0.24650848,-0.91355407,0
-4.0753741,1.3180776,-2.2738609,-0.32350087,-0.24650848,-0.91355407,0
-0.98324084,-1.3811429,-2.6029844,-0.32350087,-0.24650848,-0.91355407,0
-0.55484033,-3.142343,1.0278847,0.24915338,-0.95358992,0.16908315,0
1.829416,2.365546,-2.4509306,0.91283631,0.17291641,-0.36990541,0
2.822638,2.8136723,1.4940302,0.32350087,0.24650848,0.91355407,0
-1.1441219,2.6788485,-1.2063193,-0.24915338,0.95358992,-0.16908315,0
-2.3757727,2.5631368,-0.24027014,-0.24915338,0.95358992,-0.16908315,0
-2.1658242,-3.4375596,1.0251778,0.24915338,-0.95358992,0.16908315,0
-2.0253768,-3.9053912,-0.91666341,0.24915338,-0.95358992,0.16908315,0
0.53153086,2.6732392,-3.8381317,-0.24915338,0.95358992,-0.16908315,0
-1.8916668,-2.4054599,2.1297309,-0.91283631,-0.17291641,0.36990541,0
-1.3879852,3.0177307,1.8163432,-0.24915338,0.95358992,-0.16908315,0
1.8493993,-0.41925073,2.8037629,0.32350087,0.24650848,0.91355407,0
0.033149973,0.71012497,-3.5734231,-0.32350087,-0.24650848,-0.91355407,0
-2.7054691,0.57180953,1.8039694,-0.91283631,-0.17291641,0.36990541,0
-3.2475672,2.0391691,-1.9123344,-0.24915338,0.95358992,-0.16908315,0
-2.3180845,-3.2867546,-1.5081695,-0.32350087,-0.24650848,-0.91355407,0
2.0112345,-2.7666764,-1.4081194,0.24915338,-0.95358992,0.16908315,0
0.82147735,1.1236213,-3.7959609,-0.32350087,-0.24650848,-0.91355407,0
-3.4431033,0.98300123,-0.12548614,-0.91283631,-0.17291641,0.36990541,0
4.1599183,-0.95814943,1.9612861,0.32350087,0.24650848,0.91355407,0
-0.5287019,-2.4041209,4.0553513,0.32350087,0.24650848,0.91355407,0
-2.5114987,-1.7670572,-1.8898054,-0.32350087,-0.24650848,-0.91355407,0
-1.1843879,1.6478451,3.3046184,0.32350087,0.24650848,0.91355407,0
-0.19950819,-2.7651155,2.270824,0.24915338,-0.95358992,0.16908315,0
1.0307525,1.6054382,2.4924507,0.32350087,0.24650848,0.91355407,0
2.1541719,3.1888189,-1.4270117,0.91283631,0.17291641,-0.36990541,0
-1.567673,2.6434667,-0.44714117,-0.24915338,0.95358992,-0.16908315,0
-2.576534,0.71985626,-2.6239905,-0.32350087,-0.24650848,-0.91355407,0
1.7017691,2.286387,2.0874512,0.32350087,0.24650848,0.91355407,0
1.2544478,-2.3515663,2.2441106,0.24915338,-0.95358992,0.16908315,0
-3.6307187,-0.86605477,-1.392215,-0.91283631,-0.17291641,0.36990541,0
-3.5182269,-0.02146697,-0.4552505,-0.91283631,-0.17291641,0.36990541,0
-1.1081851,2.6584122,-1.0249275,-0.24915338,0.95358992,-0.16908315,0
3.8967252,-0.4617815,2.0877178,0.32350087,0.24650848,0.91355407,0
-3.1161807,-0.15293789,0.38807631,-0.91283631,-0.17291641,0.36990541,0
-2.221194,1.1749268,2.995506,-0.91283631,-0.17291641,0.36990541,0
-0.95732284,-3.2223949,1.4083221,0.24915338,-0.95358992,0.16908315,0
2.2700229,2.5399776,-1.3689871,0.91283631,0.17291641,-0.36990541,0
2.1392815,1.6052533,-1.896981,0.91283631,0.17291641,-0.36990541,0
1.8212146,-2.1015093,2.8252368,0.24915338,-0.95358992,0.16908315,0
0.57939291,-2.7648773,1.2810673,0.24915338,-0.95358992,0.16908315,0
-1.6037815,2.3028731,-2.3762987,-0.24915338,0.95358992,-0.16908315,0
-0.21870899,-3.3836052,-1.458757,0.24915338,-0.95358992,0.16908315,0
1.8476176,3.3845997,-1.7227788,0.91283631,0.17291641,-0.36990541,0
3.0198359,3.8032382,0.98379123,0.91283631,0.17291641,-0.36990541,0
-0.82269788,3.2229986,1.4780865,-0.24915338,0.95358992,-0.16908315,0
1.9822547,-1.0460171,-3.7811744,-0.32350087,-0.24650848,-0.91355407,0
2.4411757,-1.5552111,-2.982255,0.91283631,0.17291641,-0.36990541,0
-2.0459716,-0.61005032,3.0140481,-0.91283631,-0.17291641,0.36990541,0
2.6470108,-2.7623491,-2.7681339,0.91283631,0.17291641,-0.36990541,0
-2.6618445,-2.515398,-1.749917,-0.32350087,-0.24650848,-0.91355407,0
-3.5260775,-0.67030668,-1.9194207,-0.32350087,-0.24650848,-0.91355407,0
-2.0056267,1.3325281,3.5844903,-0.91283631,-0.17291641,0.36990541,0
-0.87874079,-1.7817235,-2.3993711,-0.32350087,-0.24650848,-0.91355407,0
-1.2175171,2.0403094,3.1666708,0.32350087,0.24650848,0.91355407,0
3.2930958,0.58956456,0.12594748,0.91283631,0.17291641,-0.36990541,0
-1.0392697,2.2346816,3.037488,0.32350087,0.24650848,0.91355407,0
3.4375057,-0.10841703,0.2539897,0.91283631,0.17291641,-0.36990541,0
-2.6643434,2.0643277,-2.0437284,-0.24915338,0.95358992,-0.16908315,0
-3.3392973,1.4946862,0.32510638,-0.91283631,-0.17291641,0.36990541,0
-2.5327864,-1.4841489,1.199519,-0.91283631,-0.17291641,0.36990541,0
0.88881731,-3.1838136,-1.338735,0.24915338,-0.95358992,0.16908315,0
0.67512345,-0.96572089,-3.1857789,-0.32350087,-0.24650848,-0.91355407,0
4.1869693,-1.7194772,1.6840031,0.91283631,0.17291641,-0.36990541,0
1.811686,0.59130442,-3.2867568,0.91283631,0.17291641,-0.36990541,0
-3.8290126,1.9721503,-0.58945823,-0.24915338,0.95358992,-0.16908315,0
-1.1932871,2.5272908,-1.2502855,-0.24915338,0.95358992,-0.16908315,0
1.7497413,2.6984801,-2.3593924,0.91283631,0.17291641,-0.36990541,0
-2.8743472,2.2636526,-0.82387829,-0.24915338,0.95358992,-0.16908315,0
-2.0822778,-3.9655795,-1.4768474,0.24915338,-0.95358992,0.16908315,0
0.96279168,-1.7932632,-3.1298747,-0.32350087,-0.24650848,-0.91355407,0
-3.2784767,-3.0870321,-1.1540058,-0.91283631,-0.17291641,0.36990541,0
-0.96324682,-0.98055828,3.8839145,0.32350087,0.24650848,0.91355407,0
-1.4731302,-3.7299623,-1.7720842,-0.32350087,-0.24650848,-0.91355407,0
2.9968572,-1.6934189,-1.6326425,0.91283631,0.17291641,-0.36990541,0
-1.3881958,2.6088176,-1.2209293,-0.24915338,0.95358992,-0.16908315,0
0.77950692,-0.39981937,-3.5345538,-0.32350087,-0.24650848,-0.91355407,0
-2.2263808,-1.0088501,-2.2787898,-0.32350087,-0.24650848,-0.91355407,0
-0.21600747,2.6103804,-2.9340353,-0.24915338,0.95358992,-0.16908315,0
-4.1670742,1.6402018,-1.7698247,-0.24915338,0.95358992,-0.16908315,0
-2.0375135,-0.6422739,2.9965477,-0.91283631,-0.17291641,0.36990541,0
2.0487099,-1.3003139,2.9937294,0.32350087,0.24650848,0.91355407,0
-1.8732495,-3.2461782,-1.6468118,-0.32350087,-0.24650848,-0.91355407,0
2.3987386,-1.9954691,2.7133908,0.24915338,-0.95358992,0.16908315,0
-1.2896646,-2.2356763,4.1269917,-0.91283631,-0.17291641,0.36990541,0
-2.177022,-1.0915475,2.1883068,-0.91283631,-0.17291641,0.36990541,0
-0.46494627,-3.6422451,-2.2016714,0.24915338,-0.95358992,0.16908315,0
-2.142426,2.7058003,0.50313854,-0.24915338,0.95358992,-0.16908315,0
2.708039,-2.645092,-2.6200089,0.91283631,0.17291641,-0.36990541,0
-1.299576,3.0275426,0.97883844,-0.24915338,0.95358992,-0.16908315,0
0.72428489,2.6428208,-3.3354986,-0.24915338,0.95358992,-0.16908315,0
2.4269385,-0.16289377,2.3886261,0.32350087,0.24650848,0.91355407,0
-3.4202869,0.51722765,-0.19733715,-0.91283631,-0.17291641,0.36990541,0
1.902905,1.1594529,2.3850319,0.32350087,0.24650848,0.91355407,0
2.6476803,2.2848644,-0.68482411,0.91283631,0.17291641,-0.36990541,0
2.0825984,-2.1111588,-3.3865385,-0.32350087,-0.24650848,-0.91355407,0
-2.8905029,0.42664194,1.0863335,-0.91283631,-0.17291641,0.36990541,0
3.9285412,-0.17830658,1.4709749,0.91283631,0.17291641,-0.36990541,0
1.2618282,1.9111332,-4.3218069,0.91283631,0.17291641,-0.36990541,0
1.8345537,0.6126157,-3.3620262,0.91283631,0.17291641,-0.36990541,0
-0.55386543,-3.7313943,-1.9468483,0.24915338,-0.95358992,0.16908315,0
1.0019569,-2.9418068,-0.5519309,0.24915338,-0.95358992,0.16908315,0
2.0626543,0.67339039,2.4360108,0.32350087,0.24650848,0.91355407,0
-0.66191983,-2.8428559,2.6471162,0.24915338,-0.95358992,0.16908315,0
3.5834837,-1.7365985,-0.17941451,0.91283631,0.17291641,-0.36990541,0
-0.48350286,2.4331598,-3.2402606,-0.24915338,0.95358992,-0.16908315,0
1.8661256,3.7304885,0.40244699,-0.24915338,0.95358992,-0.16908315,0
1.0637468,2.0621791,-4.3223753,-0.32350087,-0.24650848,-0.91355407,0
2.8552189,0.74116325,-0.93644047,0.91283631,0.17291641,-0.36990541,0
0.76193833,3.0508661,-2.1799474,-0.24915338,0.95358992,-0.16908315,0
-2.6312056,3.0077543,3.0283437,-0.24915338,0.95358992,-0.16908315,0
2.7485437,2.2669976,1.7360697,0.32350087,0.24650848,0.91355407,0
-4.2857113,1.7864876,-1.4450054,-0.91283631,-0.17291641,0.36990541,0
-0.72225869,2.4206638,-2.9620633,-0.24915338,0.95358992,-0.16908315,0
3.6639769,-1.9125948,1.3007009,0.24915338,-0.95358992,0.16908315,0
0.35036588,3.2319388,-0.36748207,-0.24915338,0.95358992,-0.16908315,0
-3.5774906,2.2776532,0.54045963,-0.91283631,-0.17291641,0.36990541,0
-1.9891515,-3.7688255,-0.77261972,0.24915338,-0.95358992,0.16908315,0
-1.9786344,2.6150661,-0.51141882,-0.24915338,0.95358992,-0.16908315,0
0.61371493,1.126616,2.8072495,0.32350087,0.24650848,0.91355407,0
3.996875,-1.0505366,2.0692844,0.32350087,0.24650848,0.91355407,0
-3.7713923,-0.72495556,-1.7243826,-0.91283631,-0.17291641,0.36990541,0
4.0446415,-0.48437119,1.7239037,0.91283631,0.17291641,-0.36990541,0
2.4450877,-2.4041438,0.55968785,0.24915338,-0.95358992,0.16908315,0
-2.7165,2.4199536,0.01987648,-0.24915338,0.95358992,-0.16908315,0
0.70033383,3.0481441,-1.1676972,-0.24915338,0.95358992,-0.16908315,0
-1.3429415,2.9848359,1.4719175,-0.24915338,0.95358992,-0.16908315,0
1.4835556,1.819561,2.2291892,0.32350087,0.24650848,0.91355407,0
0.17435586,0.5152092,3.189961,0.32350087,0.24650848,0.91355407,0
0.85308599,2.95542,2.2321117,0.32350087,0.24650848,0.91355407,0
-0.6469214,-0.33379269,3.60041,0.32350087,0.24650848,0.91355407,0
0.64588642,1.7299449,2.5152318,0.32350087,0.24650848,0.91355407,0
2.901475,-1.893132,-1.8966825,0.91283631,0.17291641,-0.36990541,0
-3.0607636,-1.4413483,-1.852716,-0.32350087,-0.24650848,-0.91355407,0
0.052234113,-1.326386,3.6128144,0.32350087,0.24650848,0.91355407,0
3.4710073,-1.9194305,-0.2117784,0.91283631,0.17291641,-0.36990541,0
-0.13446403,-3.2715001,-0.28464782,0.24915338,-0.95358992,0.16908315,0
1.357458,-2.0416341,3.430819,0.32350087,0.24650848,0.91355407,0
2.7226157,0.53428572,-1.2942921,0.91283631,0.17291641,-0.36990541,0
-0.22508788,3.1309476,-0.32909167,-0.24915338,0.95358992,-0.16908315,0
3.6846416,0.69742823,1.7029347,0.32350087,0.24650848,0.91355407,0
-1.3255899,2.6173294,-1.5901303,-0.24915338,0.95358992,-0.16908315,0
-0.97135949,-2.9184103,2.1390009,0.24915338,-0.95358992,0.16908315,0
-1.462236,1.3416448,-3.0590484,-0.32350087,-0.24650848,-0.91355407,0
-0.5139544,-1.2889397,-2.7300401,-0.32350087,-0.24650848,-0.91355407,0
0.18654323,-2.9652791,1.1329195,0.24915338,-0.95358992,0.16908315,0
3.7261434,-0.45377254,0.71961737,0.91283631,0.17291641,-0.36990541,0
-1.4514918,2.5064211,-1.0810646,-0.24915338,0.95358992,-0.16908315,0
-1.3194425,-3.3963881,0.31903321,0.24915338,-0.95358992,0.16908315,0
0.1202774,-3.3561797,-2.3641593,-0.32350087,-0.24650848,-0.91355407,0
2.461978,-2.5247946,0.45670223,0.24915338,-0.95358992,0.16908315,0
1.5868684,1.3314371,2.4538751,0.32350087,0.24650848,0.91355407,0
0.82850528,3.2648127,-0.59388423,-0.24915338,0.95358992,-0.16908315,0
0.42261267,2.1145432,2.5787265,0.32350087,0.24650848,0.91355407,0
-0.1777668,-2.5743673,3.1445224,0.24915338,-0.95358992,0.16908315,0
1.010926,1.9721291,2.34938,0.32350087,0.24650848,0.91355407,0
-0.78290844,3.0904045,1.0477613,-0.24915338,0.95358992,-0.16908315,0
2.8460615,3.7179518,0.73922575,0.91283631,0.17291641,-0.36990541,0
3.5784996,-2.1392274,-0.092862368,0.91283631,0.17291641,-0.36990541,0
1.5079184,1.0268356,-4.0177412,0.91283631,0.17291641,-0.36990541,0
-1.2258296,-1.9745886,4.150825,0.32350087,0.24650848,0.91355407,0
-2.0746629,2.5946732,3.3759732,0.32350087,0.24650848,0.91355407,0
-2.5929875,-3.0033915,-1.5133567,-0.32350087,-0.24650848,-0.91355407,0
3.1535494,-0.51377475,-0.42502117,0.91283631,0.17291641,-0.36990541,0
3.3710327,-1.3926769,-0.70895839,0.91283631,0.17291641,-0.36990541,0
1.5959668,3.346931,-0.83604115,-0.24915338,0.95358992,-0.16908315,0
-3.9050694,-0.25698471,-1.9164863,-0.32350087,-0.24650848,-0.91355407,0
-0.73182225,2.566236,-2.3404691,-0.24915338,0.95358992,-0.16908315,0
2.0831318,3.498611,-0.98829812,-0.24915338,0.95358992,-0.16908315,0
2.3435779,3.663434,-0.74562258,-0.24915338,0.95358992,-0.16908315,0
-1.8678131,-1.3654482,-2.2739313,-0.32350087,-0.24650848,-0.91355407,0
1.5528135,-2.5825088,0.44031549,0.24915338,-0.95358992,0.16908315,0
2.6577997,4.0509443,1.1918637,-0.24915338,0.95358992,-0.16908315,0
0.6465888,2.9166479,-1.8924105,-0.24915338,0.95358992,-0.16908315,0
-2.9130659,2.6168137,1.8344231,-0.24915338,0.95358992,-0.16908315,0
-3.1472819,0.065005779,0.22573662,-0.91283631,-0.17291641,0.36990541,0
-1.7705046,-2.0829692,-2.0278714,-0.32350087,-0.24650848,-0.91355407,0
-1.4388624,-3.0930557,2.5692182,0.24915338,-0.95358992,0.16908315,0
-0.22390783,2.3996165,-3.7244918,-0.24915338,0.95358992,-0.16908315,0
1.0208811,-0.86432672,3.1990287,0.32350087,0.24650848,0.91355407,0
