4.1569839,0.8736459,2.7516479,0.92202508,0.169891,0.34786034,0
-4.9793482,-2.4243042,0.13246679,-0.92202508,-0.169891,-0.34786034,0
-5.0822449,-1.2313238,-0.32503128,-0.92202508,-0.169891,-0.34786034,0
-3.4477251,-4.2379923,-1.5421579,0.33434829,-0.802405,-0.4943254,0
2.4843075,4.4102006,0.57949638,-0.33434829,0.802405,0.4943254,0
-4.0654221,-4.88445,-0.70157003,-0.19514328,-0.57208693,0.79664028,0
3.2544966,-1.6395931,-1.328179,0.33434829,-0.802405,-0.4943254,0
-2.0044856,2.5807362,-2.3783939,0.19514328,0.57208693,-0.79664028,0
-4.654304,-0.97910088,-1.2958398,-0.92202508,-0.169891,-0.34786034,0
5.0325346,-2.925117,2.4679642,0.92202508,0.169891,0.34786034,0
-4.5526819,-0.62722349,-2.0820293,-0.92202508,-0.169891,-0.34786034,0
0.90692425,0.69333029,4.3685184,-0.19514328,-0.57208693,0.79664028,0
3.2928658,-1.0282607,-2.0479918,0.33434829,-0.802405,-0.4943254,0
1.2786779,-3.4027898,0.517609,0.33434829,-0.802405,-0.4943254,0
5.1149712,1.4004849,0.31774187,0.92202508,0.169891,0.34786034,0
-4.4981685,-3.1253619,-1.0217557,-0.92202508,-0.169891,-0.34786034,0
4.9877067,-0.71363121,1.4702539,0.92202508,0.169891,0.34786034,0
2.7603598,-1.2642059,-2.3317468,0.33434829,-0.802405,-0.4943254,0
-1.1997066,1.8345649,-2.7770119,0.19514328,0.57208693,-0.79664028,0
1.6429155,-2.6018672,-0.67633086,0.33434829,-0.802405,-0.4943254,0
-4.800693,1.4126503,-2.5935578,-0.92202508,-0.169891,-0.34786034,0
0.32754493,2.198828,2.8385444,-0.33434829,0.802405,0.4943254,0
-5.0807352,-1.9224155,0.076374054,-0.92202508,-0.169891,-0.34786034,0
-3.8415716,-2.2988021,-2.9111824,-0.92202508,-0.169891,-0.34786034,0
4.5433207,-0.17588668,2.1464872,0.92202508,0.169891,0.34786034,0
-1.0970991,-1.1249409,-4.8721361,0.19514328,0.57208693,-0.79664028,0
6.0251694,0.55986845,-1.6529741,0.92202508,0.169891,0.34786034,0
2.0429101,-2.1536212,2.83289,-0.19514328,-0.57208693,0.79664028,0
3.4980245,1.443732,4.4958811,0.92202508,0.169891,0.34786034,0
-3.0483494,1.1033089,2.2069769,-0.33434829,0.802405,0.4943254,0
5.604598,1.0558541,-0.93061686,0.92202508,0.169891,0.34786034,0
3.8376384,0.070208073,4.2410946,0.92202508,0.169891,0.34786034,0
-5.5127568,1.5307287,-0.61162424,-0.92202508,-0.169891,-0.34786034,0
-4.3974853,-3.9611146,-0.60490131,-0.92202508,-0.169891,-0.34786034,0
2.1720731,-0.77601719,-3.1675177,0.33434829,-0.802405,-0.4943254,0
-4.2044349,-0.70795357,2.1044579,-0.19514328,-0.57208693,0.79664028,0
1.6197518,1.4082377,-2.4113665,0.19514328,0.57208693,-0.79664028,0
-3.338001,1.1386575,-3.6706152,0.19514328,0.57208693,-0.79664028,0
0.007568121,1.3735907,-2.8120921,0.19514328,0.57208693,-0.79664028,0
-4.0169501,2.9442341,-1.3544211,-0.33434829,0.802405,0.4943254,0
3.9765615,2.779624,2.6213913,0.92202508,0.169891,0.34786034,0
-2.8260927,-4.3376803,-0.10730171,-0.19514328,-0.57208693,0.79664028,0
3.3658371,-1.3534524,-1.7355815,0.33434829,-0.802405,-0.4943254,0
3.77512,-1.6700057,3.5855937,-0.19514328,-0.57208693,0.79664028,0
-5.3674469,-0.50738525,1.9801583,-0.19514328,-0.57208693,0.79664028,0
-3.891923,2.0205221,0.14071107,-0.33434829,0.802405,0.4943254,0
4.5792489,3.0496926,0.49241781,0.92202508,0.169891,0.34786034,0
-2.2038465,3.0204654,-0.46418643,-0.33434829,0.802405,0.4943254,0
3.549773,2.7757168,-0.95410013,0.19514328,0.57208693,-0.79664028,0
-4.4568334,-0.77330697,-2.4161415,-0.92202508,-0.169891,-0.34786034,0
4.252532,0.76566696,2.4540915,0.92202508,0.169891,0.34786034,0
-2.2406456,-2.7155354,-3.2437754,0.33434829,-0.802405,-0.4943254,0
1.3300326,-1.6103075,3.032603,-0.19514328,-0.57208693,0.79664028,0
-4.6607895,-1.628647,-0.9852562,-0.92202508,-0.169891,-0.34786034,0
-2.1940784,3.2446804,-0.70903182,-0.33434829,0.802405,0.4943254,0
-4.4875932,-0.9894172,-2.2451997,-0.92202508,-0.169891,-0.34786034,0
-4.3846159,-0.54778862,-2.3113871,-0.92202508,-0.169891,-0.34786034,0
-1.437196,1.1243181,-3.383229,0.19514328,0.57208693,-0.79664028,0
-1.9690435,2.4518108,-2.4864914,0.19514328,0.57208693,-0.79664028,0
-4.6914415,-1.7936348,-0.84946346,-0.92202508,-0.169891,-0.34786034,0
-2.4455228,2.8867216,-0.43056273,-0.33434829,0.802405,0.4943254,0
-0.21098733,-1.0849361,-4.5944796,0.19514328,0.57208693,-0.79664028,0
-5.1159472,-0.21312074,-0.99050951,-0.92202508,-0.169891,-0.34786034,0
0.92704368,0.20688319,4.1283188,-0.19514328,-0.57208693,0.79664028,0
-2.5681314,1.3647172,2.1115561,-0.33434829,0.802405,0.4943254,0
-0.25233722,3.9813201,-0.76324946,-0.33434829,0.802405,0.4943254,0
4.9117856,3.0065901,-0.021253586,0.92202508,0.169891,0.34786034,0
-3.978961,0.67671084,2.2565317,-0.33434829,0.802405,0.4943254,0
3.5952485,-2.3318624,-0.02964735,0.33434829,-0.802405,-0.4943254,0
4.0555286,-2.6026433,1.0664973,0.33434829,-0.802405,-0.4943254,0
4.3054614,-1.2533432,3.5157871,0.92202508,0.169891,0.34786034,0
4.6362681,0.80625695,1.4077387,0.92202508,0.169891,0.34786034,0
2.1817782,2.2138762,3.8060675,-0.33434829,0.802405,0.4943254,0
4.5169168,2.7370083,-0.60207105,0.19514328,0.57208693,-0.79664028,0
1.8153784,-1.2286448,3.4183969,-0.19514328,-0.57208693,0.79664028,0
1.2167077,-3.3498125,1.6851494,-0.19514328,-0.57208693,0.79664028,0
-0.92114651,-3.3228879,-1.1304152,0.33434829,-0.802405,-0.4943254,0
-5.4947438,0.72502589,1.330219,-0.33434829,0.802405,0.4943254,0
0.85832334,0.9256711,4.6628914,-0.19514328,-0.57208693,0.79664028,0
-5.8892679,0.42268634,1.1174579,-0.92202508,-0.169891,-0.34786034,0
3.2865915,-3.2266219,1.3866735,0.33434829,-0.802405,-0.4943254,0
1.8309263,-2.1897798,-1.0943866,0.33434829,-0.802405,-0.4943254,0
-1.1475739,1.0119337,-3.4000745,0.19514328,0.57208693,-0.79664028,0
-4.2241306,2.2475021,-0.23757458,-0.33434829,0.802405,0.4943254,0
1.5422819,-0.8843419,3.5266616,-0.19514328,-0.57208693,0.79664028,0
-2.0962584,3.5373602,-1.8612828,0.19514328,0.57208693,-0.79664028,0
-0.5798142,-1.1617148,-4.4363341,0.33434829,-0.802405,-0.4943254,0
1.7345002,-3.8163867,1.1573486,0.33434829,-0.802405,-0.4943254,0
3.6664,-2.0007815,-0.27209783,0.33434829,-0.802405,-0.4943254,0
-1.5421859,-2.9963648,1.1912477,-0.19514328,-0.57208693,0.79664028,0
-1.1365495,-1.4360023,-4.6758699,0.33434829,-0.802405,-0.4943254,0
1.2685692,1.2914801,4.827177,-0.33434829,0.802405,0.4943254,0
4.3882957,1.4046105,2.2081304,0.92202508,0.169891,0.34786034,0
5.3249822,0.67425185,0.19841766,0.92202508,0.169891,0.34786034,0
-4.165781,-2.0196807,-2.5854888,-0.92202508,-0.169891,-0.34786034,0
-4.3402591,1.6217403,0.53404665,-0.33434829,0.802405,0.4943254,0
-3.3907678,2.3117819,0.020397186,-0.33434829,0.802405,0.4943254,0
-2.0932305,-3.9519601,-0.95866966,0.33434829,-0.802405,-0.4943254,0
-0.27740216,-0.47381091,-4.1419401,0.19514328,0.57208693,-0.79664028,0
2.3281198,-2.954349,2.2981343,-0.19514328,-0.57208693,0.79664028,0
-5.1479282,0.21666813,2.3191724,-0.33434829,0.802405,0.4943254,0
-2.6238203,-0.38345361,-4.6781135,0.19514328,0.57208693,-0.79664028,0
4.8283567,0.38197967,1.1999545,0.92202508,0.169891,0.34786034,0
-1.1220269,0.76629907,-3.4132164,0.19514328,0.57208693,-0.79664028,0
0.75005126,2.3964429,2.6549067,-0.33434829,0.802405,0.4943254,0
-4.3224535,2.3030996,-0.63146782,-0.33434829,0.802405,0.4943254,0
-4.1361127,1.8921144,-3.4857206,0.19514328,0.57208693,-0.79664028,0
-5.1311207,-2.6254246,0.55234861,-0.19514328,-0.57208693,0.79664028,0
-0.020214796,1.0176345,-2.9954524,0.19514328,0.57208693,-0.79664028,0
5.8641539,-0.87815952,-0.85231352,0.33434829,-0.802405,-0.4943254,0
4.1037931,2.4406836,2.1110849,0.92202508,0.169891,0.34786034,0
-4.8540897,2.5119205,-2.9654794,-0.92202508,-0.169891,-0.34786034,0
-4.2639275,0.79503578,-3.4690309,-0.92202508,-0.169891,-0.34786034,0
-5.6691546,0.32344747,0.26035833,-0.92202508,-0.169891,-0.34786034,0
-0.94332004,1.9665887,-2.5968163,0.19514328,0.57208693,-0.79664028,0
-5.4108958,0.51873755,-0.14852047,-0.92202508,-0.169891,-0.34786034,0
3.6021187,1.2037516,3.9832869,0.92202508,0.169891,0.34786034,0
-2.080822,-2.5530357,-3.1349044,0.33434829,-0.802405,-0.4943254,0
-2.1385868,-3.3643942,-1.9871662,0.33434829,-0.802405,-0.4943254,0
-2.9440606,-4.0738201,0.03000021,-0.19514328,-0.57208693,0.79664028,0
-1.2905817,1.0082761,-3.3783438,0.19514328,0.57208693,-0.79664028,0
2.0835888,0.6410625,4.8454123,-0.19514328,-0.57208693,0.79664028,0
-3.997457,-3.3552456,0.28842592,-0.19514328,-0.57208693,0.79664028,0
2.5598569,1.6247709,-1.898092,0.19514328,0.57208693,-0.79664028,0
4.1031647,-0.72716379,3.5978041,0.92202508,0.169891,0.34786034,0
0.36172962,2.2606564,-2.0581226,0.19514328,0.57208693,-0.79664028,0
0.74079704,0.14583826,-3.4980414,0.19514328,0.57208693,-0.79664028,0
-0.62577891,-1.5130496,-4.1280122,0.33434829,-0.802405,-0.4943254,0
4.4781294,-1.4089906,3.1588607,0.92202508,0.169891,0.34786034,0
-1.0204515,-4.2297502,0.56456441,-0.19514328,-0.57208693,0.79664028,0
5.1994357,-2.2184348,1.4385695,0.92202508,0.169891,0.34786034,0
-3.0719082,-0.77240163,2.4359865,-0.19514328,-0.57208693,0.79664028,0
0.2965405,-2.4764707,2.0968254,-0.19514328,-0.57208693,0.79664028,0
1.8695083,3.6684582,-0.58610046,0.19514328,0.57208693,-0.79664028,0
0.92849571,-1.4829688,-3.2273798,0.33434829,-0.802405,-0.4943254,0
0.62803018,1.366123,4.2028227,-0.33434829,0.802405,0.4943254,0
4.4883547,2.664906,1.4177556,0.92202508,0.169891,0.34786034,0
-2.0520856,-4.1206274,0.29283774,-0.19514328,-0.57208693,0.79664028,0
0.27272785,3.2986734,0.73950273,-0.33434829,0.802405,0.4943254,0
2.1419926,-1.9788671,-1.5933715,0.33434829,-0.802405,-0.4943254,0
1.9970001,-0.99559617,-3.2228742,0.33434829,-0.802405,-0.4943254,0
-3.9976888,2.3067183,-0.23053384,-0.33434829,0.802405,0.4943254,0
4.0952692,3.7393432,-0.11280513,0.19514328,0.57208693,-0.79664028,0
4.7569294,-1.7645967,0.014335632,0.33434829,-0.802405,-0.4943254,0
-2.1537244,0.08988595,3.3735671,-0.19514328,-0.57208693,0.79664028,0
-0.057609081,-1.4380777,2.8336663,-0.19514328,-0.57208693,0.79664028,0
-4.393641,1.5494502,0.68819451,-0.33434829,0.802405,0.4943254,0
3.1956344,-3.2865067,1.3199,0.33434829,-0.802405,-0.4943254,0
1.0469024,1.0996212,-2.7583663,0.19514328,0.57208693,-0.79664028,0
3.8709006,-2.0462344,3.3178473,-0.19514328,-0.57208693,0.79664028,0
-3.0843706,-2.2775803,1.45455,-0.19514328,-0.57208693,0.79664028,0
3.5727882,-2.2160048,3.1093254,-0.19514328,-0.57208693,0.79664028,0
1.8401171,-0.85091758,-3.3022323,0.33434829,-0.802405,-0.4943254,0
-4.0630836,2.6292644,-0.89807796,-0.33434829,0.802405,0.4943254,0
-0.96330094,0.86083651,4.0403147,-0.19514328,-0.57208693,0.79664028,0
5.8598933,0.66842717,-1.4400005,0.92202508,0.169891,0.34786034,0
2.2271099,3.1726346,2.2948716,-0.33434829,0.802405,0.4943254,0
-4.5564113,-3.9168677,-0.65714216,-0.92202508,-0.169891,-0.34786034,0
-3.5961819,-0.35009813,-4.4286652,-0.92202508,-0.169891,-0.34786034,0
3.0871377,3.7894514,1.9577694,-0.33434829,0.802405,0.4943254,0
4.603261,3.1630769,0.68082476,0.92202508,0.169891,0.34786034,0
-3.581758,0.47405553,-4.344202,0.19514328,0.57208693,-0.79664028,0
-3.7452471,-2.472831,1.0992763,-0.19514328,-0.57208693,0.79664028,0
1.5689433,4.3774304,-0.050106764,-0.33434829,0.802405,0.4943254,0
4.8081865,-2.0558295,2.6763401,0.92202508,0.169891,0.34786034,0
2.5557642,-3.0101423,0.62981296,0.33434829,-0.802405,-0.4943254,0
-3.3464279,2.9268403,-0.93334317,-0.33434829,0.802405,0.4943254,0
-3.7916083,0.12421465,2.8460813,-0.19514328,-0.57208693,0.79664028,0
-2.3078742,-0.4554708,-4.6504107,0.19514328,0.57208693,-0.79664028,0
-3.2464159,0.30260062,3.2149932,-0.19514328,-0.57208693,0.79664028,0
-2.0972533,-0.3710258,-4.4497566,0.19514328,0.57208693,-0.79664028,0
-2.8369358,-2.2476072,-4.5359545,0.33434829,-0.802405,-0.4943254,0
1.709493,-0.52211881,-3.609365,0.19514328,0.57208693,-0.79664028,0
-0.36882448,-1.1603656,-4.4024048,0.33434829,-0.802405,-0.4943254,0
-2.5939596,0.49505329,3.552237,-0.33434829,0.802405,0.4943254,0
4.6221762,-0.82424182,2.667171,0.92202508,0.169891,0.34786034,0
-5.2099748,1.7660146,-1.1662378,-0.92202508,-0.169891,-0.34786034,0
3.0334449,1.8448291,5.2753525,0.92202508,0.169891,0.34786034,0
-4.5897694,-3.5047145,-0.291749,-0.92202508,-0.169891,-0.34786034,0
3.6239498,1.7854257,3.86901,0.92202508,0.169891,0.34786034,0
4.7379608,-1.8398517,2.9478498,0.92202508,0.169891,0.34786034,0
4.9438267,-0.60059786,1.5628324,0.92202508,0.169891,0.34786034,0
-1.987602,1.2994189,2.4786034,-0.33434829,0.802405,0.4943254,0
-1.5804907,-3.3802094,-1.6698828,0.33434829,-0.802405,-0.4943254,0
-4.8067651,-1.7088645,1.4747882,-0.19514328,-0.57208693,0.79664028,0
3.0688853,-0.62322712,-3.1258981,0.33434829,-0.802405,-0.4943254,0
-0.83065391,0.86509562,4.2178316,-0.33434829,0.802405,0.4943254,0
-1.8837245,1.3387182,-3.2058792,0.19514328,0.57208693,-0.79664028,0
-2.9184437,-0.25455093,-4.716867,0.19514328,0.57208693,-0.79664028,0
5.12391,-0.99645495,1.2596645,0.92202508,0.169891,0.34786034,0
-5.1078157,-2.2862856,0.3674345,-0.92202508,-0.169891,-0.34786034,0
4.6929626,2.8245401,0.5136404,0.92202508,0.169891,0.34786034,0
5.1838369,1.4227118,-1.5019453,0.19514328,0.57208693,-0.79664028,0
-0.70168424,3.8571734,-0.7342847,-0.33434829,0.802405,0.4943254,0
-1.2701174,0.86188102,3.8869016,-0.33434829,0.802405,0.4943254,0
-3.1927018,-1.8950679,-4.9175363,-0.92202508,-0.169891,-0.34786034,0
-4.9186659,1.0824177,-1.7443924,-0.92202508,-0.169891,-0.34786034,0
-5.0336046,2.7154591,-2.0872483,-0.92202508,-0.169891,-0.34786034,0
5.7705169,-0.96024585,-0.53893518,0.92202508,0.169891,0.34786034,0
-0.73560804,-2.9220409,-1.9869196,0.33434829,-0.802405,-0.4943254,0
-3.4747286,-1.2323687,-4.6368866,-0.92202508,-0.169891,-0.34786034,0
0.48483253,0.098655701,4.0496154,-0.19514328,-0.57208693,0.79664028,0
2.6645737,3.9908006,-0.23322749,0.19514328,0.57208693,-0.79664028,0
0.48451775,2.6310861,2.0863137,-0.33434829,0.802405,0.4943254,0
-4.0613499,-0.55566978,-3.3566389,-0.92202508,-0.169891,-0.34786034,0
4.8554115,2.6167164,0.066132069,0.92202508,0.169891,0.34786034,0
-5.4992843,0.8961432,0.93312454,-0.33434829,0.802405,0.4943254,0
-4.3446331,0.49032333,-3.0211821,-0.92202508,-0.169891,-0.34786034,0
5.5802608,-0.055302978,-0.36493778,0.92202508,0.169891,0.34786034,0
3.4466596,-2.4785225,0.45301247,0.33434829,-0.802405,-0.4943254,0
0.40230727,-3.3542662,1.3654318,-0.19514328,-0.57208693,0.79664028,0
2.5783367,3.9142225,1.5285807,-0.33434829,0.802405,0.4943254,0
1.8824805,-3.082583,0.2758733,0.33434829,-0.802405,-0.4943254,0
-0.21612048,0.51839638,4.0589681,-0.19514328,-0.57208693,0.79664028,0
5.2179451,-1.0083928,0.77590847,0.92202508,0.169891,0.34786034,0
-3.4432356,2.9521701,-1.1268401,-0.33434829,0.802405,0.4943254,0
4.9796982,-2.3407807,0.92815113,0.33434829,-0.802405,-0.4943254,0
-4.0821967,-0.19599342,-3.7143726,-0.92202508,-0.169891,-0.34786034,0
3.8313718,4.7818313,0.86626029,-0.33434829,0.802405,0.4943254,0
-3.90096,-1.4614706,-3.0927,-0.92202508,-0.169891,-0.34786034,0
-4.7370157,2.5763793,-1.1345768,-0.33434829,0.802405,0.4943254,0
-5.4211321,0.69674253,1.2629321,-0.33434829,0.802405,0.4943254,0
-4.4016194,-2.2944849,-1.8387012,-0.92202508,-0.169891,-0.34786034,0
-3.8230882,-3.0321603,-2.7554665,-0.92202508,-0.169891,-0.34786034,0
2.7602999,-0.73157227,3.8660691,-0.19514328,-0.57208693,0.79664028,0
5.3311234,0.22714156,-0.059522152,0.92202508,0.169891,0.34786034,0
3.5269587,4.2229338,1.5682497,-0.33434829,0.802405,0.4943254,0
-4.21174,-3.4708071,0.15211153,-0.19514328,-0.57208693,0.79664028,0
5.1975803,-2.6295886,1.7990875,0.92202508,0.169891,0.34786034,0
4.0491929,-2.9468777,2.6827416,-0.19514328,-0.57208693,0.79664028,0
-2.7398787,-3.3840761,-2.282712,0.33434829,-0.802405,-0.4943254,0
5.2259703,-0.73182321,0.948699,0.92202508,0.169891,0.34786034,0
4.306262,4.2031207,0.86711168,0.92202508,0.169891,0.34786034,0
5.1242146,-0.071863294,0.73753166,0.92202508,0.169891,0.34786034,0
-1.382731,2.278105,1.3043314,-0.33434829,0.802405,0.4943254,0
-4.8913383,-2.062377,-0.50996685,-0.92202508,-0.169891,-0.34786034,0
2.0026202,-0.44406509,3.9003065,-0.19514328,-0.57208693,0.79664028,0
-3.9539595,3.4136474,-2.1886334,0.19514328,0.57208693,-0.79664028,0
2.1215031,-1.9610492,2.8935554,-0.19514328,-0.57208693,0.79664028,0
3.309608,2.9651382,3.6148248,-0.33434829,0.802405,0.4943254,0
-5.9281445,0.35158873,1.2270679,-0.92202508,-0.169891,-0.34786034,0
-3.5950227,-0.73946261,-4.2786245,-0.92202508,-0.169891,-0.34786034,0
3.9340301,2.693646,2.517756,0.92202508,0.169891,0.34786034,0
2.0274787,2.5771558,-1.5279071,0.19514328,0.57208693,-0.79664028,0
4.9376726,2.5407097,-0.03461647,0.92202508,0.169891,0.34786034,0
-2.7726989,1.8986157,-3.0424817,0.19514328,0.57208693,-0.79664028,0
-3.0696645,2.5994747,-0.3905468,-0.33434829,0.802405,0.4943254,0
-4.813169,-0.13740349,2.4179835,-0.19514328,-0.57208693,0.79664028,0
-2.8345225,-0.49187469,-4.8905888,0.19514328,0.57208693,-0.79664028,0
4.6362667,-1.0099639,2.7445927,0.92202508,0.169891,0.34786034,0
-0.014607191,-4.0221086,0.81471252,-0.19514328,-0.57208693,0.79664028,0
-4.3412209,-4.4188805,-0.89597082,-0.92202508,-0.169891,-0.34786034,0
-4.8681946,-0.95642579,1.8828869,-0.19514328,-0.57208693,0.79664028,0
-2.304111,1.479169,-3.142534,0.19514328,0.57208693,-0.79664028,0
-3.6227131,0.61076164,2.6829972,-0.33434829,0.802405,0.4943254,0
-5.2020197,-0.99111283,-0.21446371,-0.92202508,-0.169891,-0.34786034,0
5.319366,-0.095571041,0.43025684,0.92202508,0.169891,0.34786034,0
-4.5080028,-0.39690977,-2.208715,-0.92202508,-0.169891,-0.34786034,0
-4.8310566,-0.88013661,1.8702519,-0.19514328,-0.57208693,0.79664028,0
2.7067912,-3.5066099,2.0145898,-0.19514328,-0.57208693,0.79664028,0
-1.9552283,-1.2515924,-5.2268276,0.33434829,-0.802405,-0.4943254,0
-4.510499,-0.70609015,-2.0567155,-0.92202508,-0.169891,-0.34786034,0
2.1859,1.3198555,5.3434534,-0.19514328,-0.57208693,0.79664028,0
0.29570651,3.8061523,-0.95699489,0.19514328,0.57208693,-0.79664028,0
-0.93951011,2.8206558,-2.0649004,0.19514328,0.57208693,-0.79664028,0
-4.2368574,-4.0904441,-0.17234564,-0.19514328,-0.57208693,0.79664028,0
-4.49336,-2.7284877,-1.1826692,-0.92202508,-0.169891,-0.34786034,0
-1.0992997,3.0275574,-1.8120633,0.19514328,0.57208693,-0.79664028,0
-2.6970325,3.4489932,-1.3079324,-0.33434829,0.802405,0.4943254,0
-4.3501582,-4.3543701,-0.5462985,-0.92202508,-0.169891,-0.34786034,0
3.4748156,2.6465261,3.7527966,0.92202508,0.169891,0.34786034,0
-2.5854197,-1.6462083,-5.2295666,0.33434829,-0.802405,-0.4943254,0
-3.6618214,-0.34163618,-4.2203121,-0.92202508,-0.169891,-0.34786034,0
-4.4260488,2.592746,-1.2308679,-0.33434829,0.802405,0.4943254,0
4.1339922,1.1815025,2.9977059,0.92202508,0.169891,0.34786034,0
-1.5632623,3.1115403,-0.22138453,-0.33434829,0.802405,0.4943254,0
2.0379629,3.2930517,-1.0257258,0.19514328,0.57208693,-0.79664028,0
5.9676371,0.21256578,-1.3470151,0.92202508,0.169891,0.34786034,0
-4.2437906,3.3009231,-2.3406038,0.19514328,0.57208693,-0.79664028,0
5.9180708,-0.37017226,-1.6606762,0.33434829,-0.802405,-0.4943254,0
1.9097116,-2.8981323,-0.1298939,0.33434829,-0.802405,-0.4943254,0
0.0042123795,0.57908297,-3.2749043,0.19514328,0.57208693,-0.79664028,0
-4.1298046,0.7935915,2.0340681,-0.33434829,0.802405,0.4943254,0
-2.8151486,-2.8648264,-3.4127595,0.33434829,-0.802405,-0.4943254,0
-5.1231394,-1.7141294,0.096812725,-0.92202508,-0.169891,-0.34786034,0
-1.7361166,-3.7315996,0.57066995,-0.19514328,-0.57208693,0.79664028,0
3.4533663,2.5353134,3.8586693,0.92202508,0.169891,0.34786034,0
5.7681251,-0.26052606,-0.66283607,0.92202508,0.169891,0.34786034,0
-3.5844808,2.5648627,-2.751924,0.19514328,0.57208693,-0.79664028,0
-4.458396,-2.8537977,-1.2411537,-0.92202508,-0.169891,-0.34786034,0
4.6437025,1.2336943,1.2194371,0.92202508,0.169891,0.34786034,0
3.4001064,-1.4135959,-1.4526392,0.33434829,-0.802405,-0.4943254,0
-1.7532094,0.027445316,3.3852992,-0.19514328,-0.57208693,0.79664028,0
-3.753952,0.15224183,-4.2222815,-0.92202508,-0.169891,-0.34786034,0
2.6334791,-3.3111262,1.1344767,0.33434829,-0.802405,-0.4943254,0
-6.1033916,-0.07020092,1.8449125,-0.92202508,-0.169891,-0.34786034,0
3.2172251,3.6861756,-0.25695682,0.19514328,0.57208693,-0.79664028,0
-2.5682821,-1.8707122,1.7822837,-0.19514328,-0.57208693,0.79664028,0
1.3770924,2.9316676,2.4255595,-0.33434829,0.802405,0.4943254,0
-2.1938539,-0.31690073,2.8989143,-0.19514328,-0.57208693,0.79664028,0
3.850352,3.4272542,2.4938278,0.92202508,0.169891,0.34786034,0
-2.1374497,-2.5576034,1.2877854,-0.19514328,-0.57208693,0.79664028,0
4.9108429,-0.68207574,-1.5819333,0.33434829,-0.802405,-0.4943254,0
0.89437532,2.5623455,-1.7820041,0.19514328,0.57208693,-0.79664028,0
-0.56659031,-2.3989513,-2.5518551,0.33434829,-0.802405,-0.4943254,0
2.3941307,-1.081027,-2.5459585,0.33434829,-0.802405,-0.4943254,0
0.07060194,-0.84427619,-4.2562399,0.19514328,0.57208693,-0.79664028,0
1.4027224,-1.2787732,3.098628,-0.19514328,-0.57208693,0.79664028,0
-5.4583797,-1.6429298,1.3135691,-0.19514328,-0.57208693,0.79664028,0
-1.2529951,2.100225,1.893153,-0.33434829,0.802405,0.4943254,0
-4.1487656,0.84041262,2.067409,-0.33434829,0.802405,0.4943254,0
5.2998724,-1.0105001,0.64928627,0.92202508,0.169891,0.34786034,0
2.9139621,-2.4851227,0.042611361,0.33434829,-0.802405,-0.4943254,0
1.7519233,-3.6888914,1.1909873,0.33434829,-0.802405,-0.4943254,0
-4.3653374,-4.4452744,-0.45471716,-0.92202508,-0.169891,-0.34786034,0
4.4216838,1.8900527,1.7633443,0.92202508,0.169891,0.34786034,0
5.7601399,-0.29861343,-0.77418804,0.92202508,0.169891,0.34786034,0
5.8459573,-0.22937024,-0.80809832,0.92202508,0.169891,0.34786034,0
3.2855291,2.4979939,-1.0704267,0.19514328,0.57208693,-0.79664028,0
1.247026,-1.9159088,-2.2035995,0.33434829,-0.802405,-0.4943254,0
-4.373291,0.1391663,-2.9170356,-0.92202508,-0.169891,-0.34786034,0
1.4930507,2.5733685,-1.5325422,0.19514328,0.57208693,-0.79664028,0
1.8887064,2.8841884,2.7995164,-0.33434829,0.802405,0.4943254,0
2.2670074,-0.76850414,-3.10041,0.33434829,-0.802405,-0.4943254,0
2.7904177,-1.7421764,3.2769659,-0.19514328,-0.57208693,0.79664028,0
5.3120499,1.1418937,-0.12603617,0.92202508,0.169891,0.34786034,0
-2.5324962,1.5004127,1.8236837,-0.33434829,0.802405,0.4943254,0
4.8531418,-1.089242,-1.0535741,0.33434829,-0.802405,-0.4943254,0
4.2175174,2.651103,2.0516672,0.92202508,0.169891,0.34786034,0
-2.8093934,0.80174983,-3.7885773,0.19514328,0.57208693,-0.79664028,0
-1.2595738,-1.7892017,-3.9621472,0.33434829,-0.802405,-0.4943254,0
5.4689918,-1.0417641,0.28676176,0.92202508,0.169891,0.34786034,0
1.4481087,-3.7817996,1.1895814,0.33434829,-0.802405,-0.4943254,0
-2.0594349,1.3486331,2.3956895,-0.33434829,0.802405,0.4943254,0
-3.0400584,-2.4721556,-4.2578225,0.33434829,-0.802405,-0.4943254,0
0.071563959,-3.5067124,1.2204459,-0.19514328,-0.57208693,0.79664028,0
4.3777418,0.97887468,2.2961278,0.92202508,0.169891,0.34786034,0
4.2871647,-0.31063193,3.0581064,0.92202508,0.169891,0.34786034,0
-4.1776772,-4.0985827,-1.3786144,-0.92202508,-0.169891,-0.34786034,0
-4.2509947,1.4546318,-3.6531892,-0.92202508,-0.169891,-0.34786034,0
3.7956953,-2.4721117,2.9392838,-0.19514328,-0.57208693,0.79664028,0
5.312758,1.2763543,-1.5981786,0.19514328,0.57208693,-0.79664028,0
3.6281662,-0.540802,-2.6110294,0.33434829,-0.802405,-0.4943254,0
-4.8925886,-2.1726961,1.0535116,-0.19514328,-0.57208693,0.79664028,0
-3.8315296,-2.680203,-3.0783138,-0.92202508,-0.169891,-0.34786034,0
-1.6101371,2.9661896,0.32354403,-0.33434829,0.802405,0.4943254,0
-4.4217892,1.5051379,0.79598236,-0.33434829,0.802405,0.4943254,0
-4.446847,-2.7126064,-1.5178232,-0.92202508,-0.169891,-0.34786034,0
1.4743659,2.2512467,-1.7452111,0.19514328,0.57208693,-0.79664028,0
-5.0753937,1.1325035,-1.7353907,-0.92202508,-0.169891,-0.34786034,0
-1.8851562,-2.0079134,1.8609338,-0.19514328,-0.57208693,0.79664028,0
4.1426048,-2.3031411,0.41393995,0.33434829,-0.802405,-0.4943254,0
5.2261829,2.184171,-0.58050585,0.92202508,0.169891,0.34786034,0
6.03092,0.088095427,-1.7756405,0.92202508,0.169891,0.34786034,0
4.417779,1.2984178,2.0915723,0.92202508,0.169891,0.34786034,0
-3.1305609,1.0242356,-3.8731604,0.19514328,0.57208693,-0.79664028,0
0.48445654,-1.9694545,2.4207163,-0.19514328,-0.57208693,0.79664028,0
5.1147108,-2.238292,1.0880914,0.33434829,-0.802405,-0.4943254,0
0.44542432,-3.175467,-0.68547082,0.33434829,-0.802405,-0.4943254,0
1.5461802,-2.4525185,2.4743893,-0.19514328,-0.57208693,0.79664028,0
-0.94341862,0.96841311,3.7074883,-0.33434829,0.802405,0.4943254,0
2.872314,2.9838898,3.3217328,-0.33434829,0.802405,0.4943254,0
1.2281125,-3.7162468,0.77041662,0.33434829,-0.802405,-0.4943254,0
4.6511083,1.8224292,-1.2194519,0.19514328,0.57208693,-0.79664028,0
-4.825079,-1.0565498,-0.98782253,-0.92202508,-0.169891,-0.34786034,0
-0.81323338,0.58238769,3.9649506,-0.19514328,-0.57208693,0.79664028,0
5.5911064,1.3170458,-1.2896256,0.92202508,0.169891,0.34786034,0
-3.6480811,-4.2215967,-0.19791627,-0.19514328,-0.57208693,0.79664028,0
-5.5568705,0.91030574,-0.21995497,-0.92202508,-0.169891,-0.34786034,0
-5.4464488,0.87275279,-0.43860054,-0.92202508,-0.169891,-0.34786034,0
-2.2495401,3.2019506,-0.60654259,-0.33434829,0.802405,0.4943254,0
2.0841603,2.7790446,2.9400997,-0.33434829,0.802405,0.4943254,0
5.7689023,-0.22230375,-0.97590256,0.92202508,0.169891,0.34786034,0
3.8012915,0.45917189,-2.5920503,0.19514328,0.57208693,-0.79664028,0
1.5456258,3.267504,1.8896129,-0.33434829,0.802405,0.4943254,0
-4.2195373,-2.3504889,-1.8168616,-0.92202508,-0.169891,-0.34786034,0
0.75027484,-1.9352815,-2.2875745,0.33434829,-0.802405,-0.4943254,0
-4.8005028,1.777308,-0.19764662,-0.33434829,0.802405,0.4943254,0
4.1838036,2.3824587,2.06006,0.92202508,0.169891,0.34786034,0
2.2924581,4.4905372,0.057025671,0.19514328,0.57208693,-0.79664028,0
4.7426276,-2.5089612,2.89535,0.92202508,0.169891,0.34786034,0
3.9932623,0.34175134,3.5918479,0.92202508,0.169891,0.34786034,0
4.2122703,4.2863054,0.86774492,0.92202508,0.169891,0.34786034,0
0.060920238,2.112453,-2.183969,0.19514328,0.57208693,-0.79664028,0
-5.0803375,2.8671689,-1.9118853,-0.33434829,0.802405,0.4943254,0
-0.87185836,-2.7842669,-2.124383,0.33434829,-0.802405,-0.4943254,0
-4.5265427,1.9821575,-0.0826931,-0.33434829,0.802405,0.4943254,0
1.8249972,-3.5941916,1.6893442,-0.19514328,-0.57208693,0.79664028,0
-3.5741913,0.010901928,-4.690371,0.19514328,0.57208693,-0.79664028,0
-0.87386942,-3.7939889,0.7830714,-0.19514328,-0.57208693,0.79664028,0
2.6373205,-1.6883345,-1.396157,0.33434829,-0.802405,-0.4943254,0
4.1760039,1.1176869,2.7443519,0.92202508,0.169891,0.34786034,0
1.0055201,-3.4829097,0.29053354,0.33434829,-0.802405,-0.4943254,0
-2.6503644,-2.7364881,1.0323478,-0.19514328,-0.57208693,0.79664028,0
-4.9374247,-2.9085016,0.079975605,-0.92202508,-0.169891,-0.34786034,0
1.192765,0.78813291,4.6264486,-0.19514328,-0.57208693,0.79664028,0
-1.8665284,-4.0797958,0.34796751,-0.19514328,-0.57208693,0.79664028,0
5.526989,-0.48149705,0.062700748,0.92202508,0.169891,0.34786034,0
6.1755447,0.28522372,-2.0319266,0.92202508,0.169891,0.34786034,0
0.37551129,3.3691545,1.0536869,-0.33434829,0.802405,0.4943254,0
3.3839984,-3.0549073,1.1147368,0.33434829,-0.802405,-0.4943254,0
1.6529275,4.3188968,0.15073895,-0.33434829,0.802405,0.4943254,0
1.486316,0.79061747,-2.7726204,0.19514328,0.57208693,-0.79664028,0
-1.1841629,0.83254409,3.9320772,-0.33434829,0.802405,0.4943254,0
4.0451999,3.1229117,2.3421097,0.92202508,0.169891,0.34786034,0
1.7351327,-2.5555625,2.3429296,-0.19514328,-0.57208693,0.79664028,0
-4.6588211,-1.3198035,1.7609875,-0.19514328,-0.57208693,0.79664028,0
3.8307977,-2.5926561,0.71435022,0.33434829,-0.802405,-0.4943254,0
0.39535928,-3.7963083,0.30060014,0.33434829,-0.802405,-0.4943254,0
-1.9513015,2.247144,1.0052018,-0.33434829,0.802405,0.4943254,0
4.6875868,-1.7617979,3.0570569,0.92202508,0.169891,0.34786034,0
2.6892197,-2.0471041,-1.008761,0.33434829,-0.802405,-0.4943254,0
-4.2702365,-0.20045984,-2.7067986,-0.92202508,-0.169891,-0.34786034,0
3.3548465,0.797894,4.9024243,0.92202508,0.169891,0.34786034,0
2.2030754,-3.1892536,0.76869011,0.33434829,-0.802405,-0.4943254,0
1.740453,0.69414783,4.7948856,-0.19514328,-0.57208693,0.79664028,0
0.95033032,3.3869483,1.0591301,-0.33434829,0.802405,0.4943254,0
-4.2478232,-1.9025292,-2.3861856,-0.92202508,-0.169891,-0.34786034,0
-3.7357752,-2.3627622,-3.1767273,-0.92202508,-0.169891,-0.34786034,0
-0.65006113,0.25400686,3.7508953,-0.19514328,-0.57208693,0.79664028,0
-0.87494636,-3.4624271,0.97023726,-0.19514328,-0.57208693,0.79664028,0
-3.9720716,0.48901439,2.5721588,-0.33434829,0.802405,0.4943254,0
3.9356527,-2.6105912,0.82838058,0.33434829,-0.802405,-0.4943254,0
3.7580287,4.3283277,1.6638455,-0.33434829,0.802405,0.4943254,0
0.62762713,1.0849274,-2.7448359,0.19514328,0.57208693,-0.79664028,0
-3.4350116,-0.71236253,-5.0431013,-0.92202508,-0.169891,-0.34786034,0
5.2268467,-0.3588289,0.8027215,0.92202508,0.169891,0.34786034,0
0.11700916,1.3790584,-2.8437009,0.19514328,0.57208693,-0.79664028,0
-3.3059144,-1.3459299,-4.780407,-0.92202508,-0.169891,-0.34786034,0
-4.3164291,-0.29480314,2.5578771,-0.19514328,-0.57208693,0.79664028,0
5.0765214,-0.36652589,-1.9048769,0.33434829,-0.802405,-0.4943254,0
-0.6521554,-1.6544167,2.4095323,-0.19514328,-0.57208693,0.79664028,0
-0.97100973,2.5083303,-2.1820483,0.19514328,0.57208693,-0.79664028,0
-3.4748549,-2.4373169,1.1915108,-0.19514328,-0.57208693,0.79664028,0
2.7399096,1.3748639,-2.0853212,0.19514328,0.57208693,-0.79664028,0
1.0877357,-3.5244217,0.51872575,0.33434829,-0.802405,-0.4943254,0
4.2514582,4.2851763,0.92157602,0.92202508,0.169891,0.34786034,0
5.4067769,-1.9775513,1.2127905,0.92202508,0.169891,0.34786034,0
-0.83798635,-3.6214368,-0.8083663,0.33434829,-0.802405,-0.4943254,0
3.7822042,-2.7754762,0.94236064,0.33434829,-0.802405,-0.4943254,0
3.53708,-3.0934126,1.2464018,0.33434829,-0.802405,-0.4943254,0
2.0113246,2.9556923,-1.1939337,0.19514328,0.57208693,-0.79664028,0
-5.4596753,1.2805843,-0.71576548,-0.92202508,-0.169891,-0.34786034,0
-4.9813671,2.8530982,-2.6716509,-0.92202508,-0.169891,-0.34786034,0
5.0371814,-2.0958281,2.0264983,0.92202508,0.169891,0.34786034,0
5.2279568,0.70416772,0.22123909,0.92202508,0.169891,0.34786034,0
-4.2866783,-2.7471368,-1.463088,-0.92202508,-0.169891,-0.34786034,0
-1.6460195,2.4001827,-2.4678099,0.19514328,0.57208693,-0.79664028,0
4.9523015,-3.0197616,2.7520132,0.92202508,0.169891,0.34786034,0
-1.9961568,2.9764998,-0.14178574,-0.33434829,0.802405,0.4943254,0
4.6664014,0.48038,1.9207153,0.92202508,0.169891,0.34786034,0
1.310472,-0.96984363,-3.6760335,0.33434829,-0.802405,-0.4943254,0
-4.4227157,-3.3573735,-0.92268896,-0.92202508,-0.169891,-0.34786034,0
1.2750057,3.4848013,-0.87745833,0.19514328,0.57208693,-0.79664028,0
-4.8501296,1.5181103,-2.4233527,-0.92202508,-0.169891,-0.34786034,0
3.4112716,-2.026284,-0.58019876,0.33434829,-0.802405,-0.4943254,0
-0.75062203,-2.9424233,-1.9554578,0.33434829,-0.802405,-0.4943254,0
-1.2277874,2.1841094,1.6113023,-0.33434829,0.802405,0.4943254,0
1.9537256,-0.28455544,-3.4549112,0.19514328,0.57208693,-0.79664028,0
-4.6085224,2.7452531,-1.3395419,-0.33434829,0.802405,0.4943254,0
2.6197751,-3.1981435,0.75949645,0.33434829,-0.802405,-0.4943254,0
-0.94328618,3.1624849,0.45427147,-0.33434829,0.802405,0.4943254,0
-1.6712947,-1.3086662,-5.0825033,0.19514328,0.57208693,-0.79664028,0
0.83033812,1.0355233,-2.7193418,0.19514328,0.57208693,-0.79664028,0
1.6534107,0.16578722,-3.1477494,0.19514328,0.57208693,-0.79664028,0
5.27001,0.17601269,0.27672672,0.92202508,0.169891,0.34786034,0
-4.9684787,0.17361689,-1.2299061,-0.92202508,-0.169891,-0.34786034,0
2.3107805,0.26041591,-2.9026403,0.19514328,0.57208693,-0.79664028,0
-0.34224439,-1.6056263,-3.8834891,0.33434829,-0.802405,-0.4943254,0
-0.15835905,3.2676992,-1.3862715,0.19514328,0.57208693,-0.79664028,0
3.2805059,0.39693809,4.8543143,-0.19514328,-0.57208693,0.79664028,0
2.3944764,-2.4565096,2.6236775,-0.19514328,-0.57208693,0.79664028,0
3.9089363,-2.3290634,3.1389856,-0.19514328,-0.57208693,0.79664028,0
-5.294312,0.65939856,-0.44420671,-0.92202508,-0.169891,-0.34786034,0
3.9454131,1.1332314,3.3076162,0.92202508,0.169891,0.34786034,0
5.072083,-1.5032016,1.7881989,0.92202508,0.169891,0.34786034,0
5.625567,0.81585348,-1.7816358,0.19514328,0.57208693,-0.79664028,0
3.0750496,-0.20116162,-3.2135172,0.19514328,0.57208693,-0.79664028,0
-0.64754891,2.4671974,-2.0683775,0.19514328,0.57208693,-0.79664028,0
-0.3649416,3.3340771,0.26812741,-0.33434829,0.802405,0.4943254,0
-5.2394147,-0.53813452,0.032316685,-0.92202508,-0.169891,-0.34786034,0
-2.2747083,-1.6158233,-4.9244018,0.33434829,-0.802405,-0.4943254,0
3.2283101,4.7160654,0.47948098,0.19514328,0.57208693,-0.79664028,0
-1.178805,3.1281366,0.030480027,-0.33434829,0.802405,0.4943254,0
-1.2785032,-0.26268184,3.2410054,-0.19514328,-0.57208693,0.79664028,0
0.11506987,-0.69982004,-4.3265743,0.19514328,0.57208693,-0.79664028,0
2.2004981,-3.0337749,0.32724643,0.33434829,-0.802405,-0.4943254,0
-0.78975469,-3.0283644,-1.7532641,0.33434829,-0.802405,-0.4943254,0
2.9448161,4.5855079,0.16165781,0.19514328,0.57208693,-0.79664028,0
1.1964171,0.21822619,4.3153138,-0.19514328,-0.57208693,0.79664028,0
5.2246408,-1.8942854,1.2219763,0.92202508,0.169891,0.34786034,0
-5.8390946,-0.5076685,1.2550778,-0.92202508,-0.169891,-0.34786034,0
3.7686553,-2.8224778,2.7307086,-0.19514328,-0.57208693,0.79664028,0
-4.4036655,-3.2855601,-1.301271,-0.92202508,-0.169891,-0.34786034,0
3.455236,3.6027243,2.4584384,-0.33434829,0.802405,0.4943254,0
-5.6779351,-0.090120554,0.82528877,-0.92202508,-0.169891,-0.34786034,0
2.2467387,0.11415052,-3.0300925,0.19514328,0.57208693,-0.79664028,0
-5.5195141,0.039657831,0.49118567,-0.92202508,-0.169891,-0.34786034,0
0.77951884,1.4184654,4.1280289,-0.33434829,0.802405,0.4943254,0
-2.9470787,-2.3751631,-4.3521838,0.33434829,-0.802405,-0.4943254,0
-3.4796817,-4.6326647,-0.34970212,-0.19514328,-0.57208693,0.79664028,0
4.0263004,-3.3224401,2.249732,-0.19514328,-0.57208693,0.79664028,0
4.1215467,4.1163492,1.421927,0.92202508,0.169891,0.34786034,0
4.6986427,-0.49358419,2.1299567,0.92202508,0.169891,0.34786034,0
3.7326882,0.14205551,4.5977554,0.92202508,0.169891,0.34786034,0
3.9442883,2.4614606,2.9013748,0.92202508,0.169891,0.34786034,0
3.7801409,-2.4979193,0.64498568,0.33434829,-0.802405,-0.4943254,0
3.0867293,-1.1243895,3.6285934,-0.19514328,-0.57208693,0.79664028,0
2.6365097,-0.52337742,4.1574416,-0.19514328,-0.57208693,0.79664028,0
-3.7802978,2.7350366,-2.8240471,0.19514328,0.57208693,-0.79664028,0
5.5400085,0.99387068,-0.77214479,0.92202508,0.169891,0.34786034,0
-3.1231709,-1.6082077,1.8314446,-0.19514328,-0.57208693,0.79664028,0
4.2059975,-0.18015301,3.3606572,0.92202508,0.169891,0.34786034,0
-2.0282023,-3.3193965,-2.0073981,0.33434829,-0.802405,-0.4943254,0
-4.8258677,2.6555347,-2.7443728,-0.92202508,-0.169891,-0.34786034,0
3.3621969,-2.9756203,2.4256053,-0.19514328,-0.57208693,0.79664028,0
4.9951596,-1.6163547,0.11967134,0.33434829,-0.802405,-0.4943254,0
0.52973592,-1.4108765,-3.533716,0.33434829,-0.802405,-0.4943254,0
-4.9079418,-2.4826767,0.77640676,-0.19514328,-0.57208693,0.79664028,0
2.2241116,-3.7075639,1.3990417,0.33434829,-0.802405,-0.4943254,0
3.1524434,3.2996938,3.0023856,-0.33434829,0.802405,0.4943254,0
-2.5074704,-0.45880246,2.7761254,-0.19514328,-0.57208693,0.79664028,0
-4.1926408,0.034620047,-3.1726274,-0.92202508,-0.169891,-0.34786034,0
-3.5932319,-1.370585,-3.979723,-0.92202508,-0.169891,-0.34786034,0
2.7706876,-2.2848706,2.6884258,-0.19514328,-0.57208693,0.79664028,0
0.16855526,0.67772436,4.376193,-0.19514328,-0.57208693,0.79664028,0
-1.3206823,-2.5121093,1.5209817,-0.19514328,-0.57208693,0.79664028,0
4.2704129,1.2847602,2.4554133,0.92202508,0.169891,0.34786034,0
1.3782432,2.7029064,2.5085883,-0.33434829,0.802405,0.4943254,0
1.1406443,-0.8534292,3.3940032,-0.19514328,-0.57208693,0.79664028,0
4.858779,0.097235747,1.3527546,0.92202508,0.169891,0.34786034,0
2.163872,-3.7293472,1.5334063,-0.19514328,-0.57208693,0.79664028,0
3.5499148,-1.4420331,3.5232205,-0.19514328,-0.57208693,0.79664028,0
-4.4276972,-2.6833191,-1.3139362,-0.92202508,-0.169891,-0.34786034,0
-3.7380457,3.1350617,-2.3871322,0.19514328,0.57208693,-0.79664028,0
-1.3292677,-3.9258201,-0.78938997,0.33434829,-0.802405,-0.4943254,0
0.069313645,1.7381673,3.4798036,-0.33434829,0.802405,0.4943254,0
-4.6304989,1.6563709,0.33858061,-0.33434829,0.802405,0.4943254,0
-4.5605793,-2.5708416,0.88211584,-0.19514328,-0.57208693,0.79664028,0
-2.2870245,0.79834437,3.2684777,-0.33434829,0.802405,0.4943254,0
-1.1115657,1.6589894,2.4911766,-0.33434829,0.802405,0.4943254,0
4.3605385,-1.641412,3.4938521,0.92202508,0.169891,0.34786034,0
-4.9927053,1.2187028,-1.7141333,-0.92202508,-0.169891,-0.34786034,0
-5.6120195,1.1955605,0.30929613,-0.33434829,0.802405,0.4943254,0
2.6313481,0.25714469,4.696187,-0.19514328,-0.57208693,0.79664028,0
-1.9248369,1.1840612,-3.4843528,0.19514328,0.57208693,-0.79664028,0
-1.0081017,-3.8848076,0.8474288,-0.19514328,-0.57208693,0.79664028,0
-3.7952342,-2.0246513,-3.4808927,-0.92202508,-0.169891,-0.34786034,0
2.9357045,4.4161654,0.1525476,0.19514328,0.57208693,-0.79664028,0
-2.7992055,-2.9153202,-3.2970273,0.33434829,-0.802405,-0.4943254,0
3.6098959,0.71050286,4.6027474,0.92202508,0.169891,0.34786034,0
3.7043171,1.8298345,3.7893896,0.92202508,0.169891,0.34786034,0
-4.1552753,3.0533762,-2.4764676,0.19514328,0.57208693,-0.79664028,0
5.5434704,-1.8826728,0.61832476,0.33434829,-0.802405,-0.4943254,0
-4.6298985,-2.5339115,-0.75014257,-0.92202508,-0.169891,-0.34786034,0
2.4882572,-1.5036814,-1.9283648,0.33434829,-0.802405,-0.4943254,0
-4.0184069,-0.36757505,-3.810411,-0.92202508,-0.169891,-0.34786034,0
3.1653759,1.4073219,5.5516081,0.92202508,0.169891,0.34786034,0
-4.1674314,0.64001215,-3.4972725,-0.92202508,-0.169891,-0.34786034,0
1.4410192,-2.2499628,-1.2698801,0.33434829,-0.802405,-0.4943254,0
-4.1796384,-1.5618708,1.6532104,-0.19514328,-0.57208693,0.79664028,0
-5.4109159,0.88735759,-0.73950195,-0.92202508,-0.169891,-0.34786034,0
-4.9776783,-2.72563,0.63244867,-0.19514328,-0.57208693,0.79664028,0
5.5245829,-0.90343797,0.02387619,0.92202508,0.169891,0.34786034,0
4.3005486,2.5714672,1.8190465,0.92202508,0.169891,0.34786034,0
-2.3050542,-1.2587605,2.2791915,-0.19514328,-0.57208693,0.79664028,0
-5.0473709,-2.1238461,1.121418,-0.19514328,-0.57208693,0.79664028,0
-3.9546609,3.4372854,-2.1413498,0.19514328,0.57208693,-0.79664028,0
3.9544916,3.7916992,1.9675975,0.92202508,0.169891,0.34786034,0
3.2956665,-1.3992686,-1.4471055,0.33434829,-0.802405,-0.4943254,0
-3.9701912,-4.4329681,-0.50745678,-0.19514328,-0.57208693,0.79664028,0
3.0366879,-0.3938446,4.2556362,-0.19514328,-0.57208693,0.79664028,0
5.1744943,-0.8120271,1.270772,0.92202508,0.169891,0.34786034,0
5.2601891,-0.89121354,0.92791128,0.92202508,0.169891,0.34786034,0
3.3346126,1.9870937,4.7123847,0.92202508,0.169891,0.34786034,0
4.1258926,-1.8595598,-0.24070096,0.33434829,-0.802405,-0.4943254,0
4.6093121,-2.6672487,3.0199885,-0.19514328,-0.57208693,0.79664028,0
-1.5120173,-1.2586992,-5.0923543,0.33434829,-0.802405,-0.4943254,0
-3.8085618,-1.3288441,-3.4526644,-0.92202508,-0.169891,-0.34786034,0
4.4685826,1.7030199,1.6666698,0.92202508,0.169891,0.34786034,0
2.9996028,2.3429573,4.1494513,-0.33434829,0.802405,0.4943254,0
-5.3499823,-1.5009351,0.46900511,-0.92202508,-0.169891,-0.34786034,0
0.10193227,-2.2562385,-2.3460555,0.33434829,-0.802405,-0.4943254,0
5.4931922,-0.90851724,0.11346006,0.92202508,0.169891,0.34786034,0
1.2265012,-2.588217,2.2767992,-0.19514328,-0.57208693,0.79664028,0
-4.9238381,0.99162644,-1.5687709,-0.92202508,-0.169891,-0.34786034,0
1.8761348,3.7373443,1.4314249,-0.33434829,0.802405,0.4943254,0
3.515029,0.15826249,-2.8951936,0.19514328,0.57208693,-0.79664028,0
1.7136616,2.0734303,-1.7462885,0.19514328,0.57208693,-0.79664028,0
-1.0859079,3.9237828,-0.91174722,-0.33434829,0.802405,0.4943254,0
3.7404633,-0.22671533,-2.972913,0.19514328,0.57208693,-0.79664028,0
0.066820502,1.2895181,3.9089642,-0.33434829,0.802405,0.4943254,0
-0.1180594,0.49663043,4.0733466,-0.19514328,-0.57208693,0.79664028,0
3.9360061,0.19091916,3.8391333,0.92202508,0.169891,0.34786034,0
-0.36878061,4.1405935,-0.75917035,-0.33434829,0.802405,0.4943254,0
-2.7230303,1.2577837,2.1423991,-0.33434829,0.802405,0.4943254,0
4.2258615,-0.95400721,3.7387161,0.92202508,0.169891,0.34786034,0
-4.2053847,1.3170934,-3.8072996,-0.92202508,-0.169891,-0.34786034,0
5.1150107,2.1677866,-0.36176491,0.92202508,0.169891,0.34786034,0
