-3.0898845,-0.38049436,-2.9234371,0.14179137,0.040372431,-0.98907298,0
0.58919132,-3.1274493,2.5735624,-0.14179137,-0.040372431,0.98907298,0
0.23786831,-4.5539656,0.037781358,-0.020226598,-0.99884129,-0.043670863,0
4.3086987,-0.10205441,3.0738239,-0.14179137,-0.040372431,0.98907298,0
-1.6245556,-4.4434414,0.22680831,-0.020226598,-0.99884129,-0.043670863,0
-2.4463167,4.6006947,-1.5570312,0.020226598,0.99884129,0.043670863,0
4.6500764,-4.2841043,1.7496698,0.98968995,-0.026197731,0.14081043,0
5.1667395,4.3015666,-0.49892426,0.98968995,-0.026197731,0.14081043,0
0.98481345,-2.8941858,2.6171522,-0.14179137,-0.040372431,0.98907298,0
-4.8635712,-3.3522849,-2.6024771,-0.98968995,0.026197731,-0.14081043,0
3.0688627,-4.6314354,-0.59014249,-0.020226598,-0.99884129,-0.043670863,0
4.8281713,-2.1849804,0.66217756,0.98968995,-0.026197731,0.14081043,0
-5.1604004,-1.7307889,0.9848423,-0.98968995,0.026197731,-0.14081043,0
-4.7713518,-0.69028592,-1.5853086,-0.98968995,0.026197731,-0.14081043,0
5.2021093,-2.0385215,-0.75069618,0.98968995,-0.026197731,0.14081043,0
5.1463614,-0.0064821243,-0.036955833,0.98968995,-0.026197731,0.14081043,0
4.9953041,-2.8161941,-0.22623038,0.98968995,-0.026197731,0.14081043,0
-3.3994215,1.7172766,-2.8446398,0.14179137,0.040372431,-0.98907298,0
4.1019039,4.4560599,-0.91556025,0.020226598,0.99884129,0.043670863,0
1.3014042,2.1792393,-2.1688931,0.14179137,0.040372431,-0.98907298,0
-4.8277011,-3.8443196,-2.6074181,-0.98968995,0.026197731,-0.14081043,0
-4.5939131,-2.4812763,1.7818747,-0.14179137,-0.040372431,0.98907298,0
2.7940481,-4.726552,1.6588572,-0.020226598,-0.99884129,-0.043670863,0
2.0335662,4.4677324,-2.063596,0.14179137,0.040372431,-0.98907298,0
-2.3084173,-3.8340721,-2.935389,0.14179137,0.040372431,-0.98907298,0
-2.4682057,2.1403935,2.3521657,-0.14179137,-0.040372431,0.98907298,0
1.0928094,-2.6897373,2.6352365,-0.14179137,-0.040372431,0.98907298,0
-2.0404654,4.4653101,2.1311162,0.020226598,0.99884129,0.043670863,0
-4.9824266,2.4269409,-0.65823674,-0.98968995,0.026197731,-0.14081043,0
-5.1497555,-4.3143616,-0.22094631,-0.020226598,-0.99884129,-0.043670863,0
-1.8000585,-3.5904276,2.0864072,-0.14179137,-0.040372431,0.98907298,0
-2.6724825,4.6741266,-1.5514618,0.020226598,0.99884129,0.043670863,0
-0.48003721,4.4875555,-0.16430211,0.020226598,0.99884129,0.043670863,0
1.5049577,4.3572068,1.8476646,0.020226598,0.99884129,0.043670863,0
-1.629909,4.3639393,2.5494924,-0.14179137,-0.040372431,0.98907298,0
-2.8427308,4.6393423,-0.50504911,0.020226598,0.99884129,0.043670863,0
-4.9365983,-3.4552345,-1.415483,-0.98968995,0.026197731,-0.14081043,0
-4.3178005,4.5749378,-0.44754577,0.020226598,0.99884129,0.043670863,0
-5.1222458,1.3057992,0.58873367,-0.98968995,0.026197731,-0.14081043,0
-0.71286011,4.6428294,-1.3751712,0.020226598,0.99884129,0.043670863,0
-4.3365588,-4.4381475,-0.35707903,-0.020226598,-0.99884129,-0.043670863,0
-2.625005,-4.4168954,0.65995741,-0.020226598,-0.99884129,-0.043670863,0
5.1952424,1.1173902,-1.3300934,0.98968995,-0.026197731,0.14081043,0
-0.47333598,-4.468164,1.3017865,-0.020226598,-0.99884129,-0.043670863,0
-5.0532951,-2.5735047,0.029648781,-0.98968995,0.026197731,-0.14081043,0
-2.2578135,4.5522599,0.11946115,0.020226598,0.99884129,0.043670863,0
-3.0030379,-1.5199916,-3.0969393,0.14179137,0.040372431,-0.98907298,0
5.0751786,-0.88028336,-0.040085793,0.98968995,-0.026197731,0.14081043,0
3.4851077,2.8488805,3.1943443,-0.14179137,-0.040372431,0.98907298,0
1.6036832,4.4247565,-0.73878098,0.020226598,0.99884129,0.043670863,0
-4.044467,-4.1862974,-3.183681,-0.020226598,-0.99884129,-0.043670863,0
5.3390045,1.9530063,-1.2336383,0.98968995,-0.026197731,0.14081043,0
-5.0594988,-3.4489095,-0.24640512,-0.98968995,0.026197731,-0.14081043,0
5.0774517,-4.0954628,-1.4225597,0.98968995,-0.026197731,0.14081043,0
3.4241052,-1.0534852,2.9743905,-0.14179137,-0.040372431,0.98907298,0
-0.55263186,-4.5868568,1.0013282,-0.020226598,-0.99884129,-0.043670863,0
-3.2510433,2.8292584,2.2284381,-0.14179137,-0.040372431,0.98907298,0
-0.37373406,-0.93886232,2.4132788,-0.14179137,-0.040372431,0.98907298,0
-4.6256957,1.76973,-2.2139263,-0.98968995,0.026197731,-0.14081043,0
-0.99654293,1.3454847,2.4597888,-0.14179137,-0.040372431,0.98907298,0
-5.0924034,3.8614466,0.94156575,-0.98968995,0.026197731,-0.14081043,0
5.0687532,-2.6866148,-0.080724239,0.98968995,-0.026197731,0.14081043,0
4.8801274,1.3172071,0.87381315,0.98968995,-0.026197731,0.14081043,0
4.918334,2.700552,1.1819634,0.98968995,-0.026197731,0.14081043,0
-4.9775395,-2.2345285,-1.5753808,-0.98968995,0.026197731,-0.14081043,0
-3.5288715,-4.4320364,-1.9206443,-0.020226598,-0.99884129,-0.043670863,0
1.8135083,-4.5408387,2.2641556,-0.020226598,-0.99884129,-0.043670863,0
1.9391098,4.4179182,1.7471333,0.020226598,0.99884129,0.043670863,0
-2.0503893,-4.4289861,-2.4516878,-0.020226598,-0.99884129,-0.043670863,0
-4.7082133,-2.6642926,-2.9899769,-0.98968995,0.026197731,-0.14081043,0
-3.2393534,-4.3531284,0.26908827,-0.020226598,-0.99884129,-0.043670863,0
1.847182,-4.5570374,-0.49565548,-0.020226598,-0.99884129,-0.043670863,0
3.2355599,4.3565264,0.63755703,0.020226598,0.99884129,0.043670863,0
3.1772141,-4.5605192,1.3721626,-0.020226598,-0.99884129,-0.043670863,0
-3.8814297,4.6089406,0.52810049,0.020226598,0.99884129,0.043670863,0
-4.7964349,4.4415388,1.8613873,0.020226598,0.99884129,0.043670863,0
4.3530498,4.4320087,-1.7617669,0.14179137,0.040372431,-0.98907298,0
5.2310791,-2.3506572,-1.8802731,0.14179137,0.040372431,-0.98907298,0
-4.0229111,0.85448837,1.9731488,-0.14179137,-0.040372431,0.98907298,0
1.6524012,4.4797697,-1.4785628,0.020226598,0.99884129,0.043670863,0
3.7497227,-3.1749532,-2.1702638,0.14179137,0.040372431,-0.98907298,0
4.4977875,1.9141045,-1.8045318,0.14179137,0.040372431,-0.98907298,0
-1.3460498,4.5413504,1.1031661,0.020226598,0.99884129,0.043670863,0
-2.2056158,1.1366053,2.205739,-0.14179137,-0.040372431,0.98907298,0
2.4543381,-4.4987521,0.56189179,-0.020226598,-0.99884129,-0.043670863,0
-4.8116355,-1.7816696,-2.0114074,-0.98968995,0.026197731,-0.14081043,0
-4.7012625,3.9563546,-2.0313692,-0.98968995,0.026197731,-0.14081043,0
0.080630302,-4.6083694,2.2772095,-0.020226598,-0.99884129,-0.043670863,0
2.3794036,1.6673307,2.9421968,-0.14179137,-0.040372431,0.98907298,0
4.0710096,-4.1888599,3.0329294,-0.14179137,-0.040372431,0.98907298,0
5.08109,-4.0116787,-1.4518669,0.98968995,-0.026197731,0.14081043,0
4.7104812,1.768699,2.0598121,0.98968995,-0.026197731,0.14081043,0
-5.3918509,-4.1664982,1.3187881,-0.98968995,0.026197731,-0.14081043,0
0.93045473,-4.3933215,-2.0436053,-0.020226598,-0.99884129,-0.043670863,0
-5.3465548,-4.4853573,0.71308851,-0.020226598,-0.99884129,-0.043670863,0
5.2734571,-2.1599631,-1.7692413,0.98968995,-0.026197731,0.14081043,0
4.6210523,2.6497633,-1.7555313,0.14179137,0.040372431,-0.98907298,0
1.9567976,4.3836389,2.7312329,0.020226598,0.99884129,0.043670863,0
-3.577246,-1.6167872,-3.0057883,0.14179137,0.040372431,-0.98907298,0
3.8168247,-4.4752216,-1.301091,-0.020226598,-0.99884129,-0.043670863,0
4.7129536,-0.84984803,2.6744726,0.98968995,-0.026197731,0.14081043,0
4.6310239,0.26766488,3.0360672,0.98968995,-0.026197731,0.14081043,0
0.42555904,-3.9465809,2.4796014,-0.14179137,-0.040372431,0.98907298,0
-0.073440552,-4.4447074,-1.8597705,-0.020226598,-0.99884129,-0.043670863,0
-2.1520076,1.9480183,2.2920091,-0.14179137,-0.040372431,0.98907298,0
0.32058024,4.5247197,-1.3264428,0.020226598,0.99884129,0.043670863,0
-1.1602206,-4.2412887,-2.9289565,0.14179137,0.040372431,-0.98907298,0
-4.6506343,1.3347921,-2.9905813,-0.98968995,0.026197731,-0.14081043,0
-5.2792892,2.8800926,1.5540524,-0.98968995,0.026197731,-0.14081043,0
-1.3334727,4.4152937,2.0435243,0.020226598,0.99884129,0.043670863,0
2.5404525,-4.3968482,-1.5813421,-0.020226598,-0.99884129,-0.043670863,0
3.3704143,-4.3067799,-2.217576,0.14179137,0.040372431,-0.98907298,0
4.8039851,-4.5932264,0.54074097,-0.020226598,-0.99884129,-0.043670863,0
3.7241659,0.14224291,-1.9544151,0.14179137,0.040372431,-0.98907298,0
4.9808626,-1.4912055,-0.46156025,0.98968995,-0.026197731,0.14081043,0
3.9066074,-3.2551787,-2.1824536,0.14179137,0.040372431,-0.98907298,0
-5.0549812,-3.277045,-0.096024513,-0.98968995,0.026197731,-0.14081043,0
-1.8013828,-0.94702315,2.1449335,-0.14179137,-0.040372431,0.98907298,0
-4.6791267,0.53357065,-2.8300056,-0.98968995,0.026197731,-0.14081043,0
-4.7166839,-2.0965312,-3.0977817,-0.98968995,0.026197731,-0.14081043,0
-5.3733158,-2.6198933,1.0847349,-0.98968995,0.026197731,-0.14081043,0
5.2340016,4.1256819,-1.0606613,0.98968995,-0.026197731,0.14081043,0
1.813257,-4.6076317,0.89842021,-0.020226598,-0.99884129,-0.043670863,0
4.5134401,-3.8468904,2.5793715,0.98968995,-0.026197731,0.14081043,0
3.9275172,-4.5706291,0.6881274,-0.020226598,-0.99884129,-0.043670863,0
-4.9484663,3.8608155,-0.69185328,-0.98968995,0.026197731,-0.14081043,0
-5.3439803,-3.072705,1.393477,-0.98968995,0.026197731,-0.14081043,0
2.8440382,4.4559011,0.39443064,0.020226598,0.99884129,0.043670863,0
5.2818332,2.0220308,-1.6529961,0.14179137,0.040372431,-0.98907298,0
-4.8265867,-1.1437697,-2.4092097,-0.98968995,0.026197731,-0.14081043,0
4.781827,0.093961179,2.5253389,0.98968995,-0.026197731,0.14081043,0
2.7142856,-4.5034218,-1.1507599,-0.020226598,-0.99884129,-0.043670863,0
-4.7363358,4.5717306,-0.96788085,-0.98968995,0.026197731,-0.14081043,0
4.6377029,0.85305661,2.9156556,0.98968995,-0.026197731,0.14081043,0
-4.1320963,4.5665746,-1.5409698,0.020226598,0.99884129,0.043670863,0
-0.20218229,4.6171141,-0.95303059,0.020226598,0.99884129,0.043670863,0
-5.0486369,-0.3094523,0.16561651,-0.98968995,0.026197731,-0.14081043,0
1.955215,-3.644124,-2.4166994,0.14179137,0.040372431,-0.98907298,0
-0.81392574,-4.4789925,0.40328407,-0.020226598,-0.99884129,-0.043670863,0
-4.8503428,2.0662684,-1.0830696,-0.98968995,0.026197731,-0.14081043,0
-2.6024096,2.5193975,-2.7807233,0.14179137,0.040372431,-0.98907298,0
5.273963,-0.1094799,-1.0584297,0.98968995,-0.026197731,0.14081043,0
5.167079,1.6942799,-0.66278172,0.98968995,-0.026197731,0.14081043,0
2.4298754,4.252986,2.4365835,0.020226598,0.99884129,0.043670863,0
-3.2825322,4.5263348,1.1273248,0.020226598,0.99884129,0.043670863,0
1.0201758,-3.0013783,2.6393986,-0.14179137,-0.040372431,0.98907298,0
0.48068118,-3.4203091,2.5547094,-0.14179137,-0.040372431,0.98907298,0
4.6377831,-3.3033297,1.7192137,0.98968995,-0.026197731,0.14081043,0
-2.4042206,4.7266593,-2.1925833,0.020226598,0.99884129,0.043670863,0
4.0312948,-2.3799453,3.0635357,-0.14179137,-0.040372431,0.98907298,0
3.5008302,3.0067656,-1.8663065,0.14179137,0.040372431,-0.98907298,0
5.1035967,-2.7781911,-0.51571202,0.98968995,-0.026197731,0.14081043,0
0.67735505,1.5046456,2.7253969,-0.14179137,-0.040372431,0.98907298,0
5.1888924,-1.5521815,-0.98257494,0.98968995,-0.026197731,0.14081043,0
-5.0007515,-2.4873729,-0.59247255,-0.98968995,0.026197731,-0.14081043,0
3.4253795,4.3558874,0.0707798,0.020226598,0.99884129,0.043670863,0
3.9998124,2.5119536,3.2822325,-0.14179137,-0.040372431,0.98907298,0
-0.75628328,-4.4397359,-2.7110143,-0.020226598,-0.99884129,-0.043670863,0
-5.0832925,1.0522065,-0.083557129,-0.98968995,0.026197731,-0.14081043,0
-4.4663692,4.5286393,-2.6423635,-0.98968995,0.026197731,-0.14081043,0
5.0106087,2.680053,0.66757345,0.98968995,-0.026197731,0.14081043,0
5.0056882,-3.0565856,0.07144928,0.98968995,-0.026197731,0.14081043,0
-4.7420177,-0.54054296,-1.7674017,-0.98968995,0.026197731,-0.14081043,0
-2.8036304,2.7335634,2.1821303,-0.14179137,-0.040372431,0.98907298,0
-5.1790042,4.0245905,1.2705951,-0.98968995,0.026197731,-0.14081043,0
-0.8236618,4.4514475,1.9372246,0.020226598,0.99884129,0.043670863,0
-5.0771456,-1.7806721,0.084674835,-0.98968995,0.026197731,-0.14081043,0
-5.0921726,0.94499421,0.68005562,-0.98968995,0.026197731,-0.14081043,0
3.4101446,-4.457849,-0.38553321,-0.020226598,-0.99884129,-0.043670863,0
1.2517259,0.23269868,2.7368941,-0.14179137,-0.040372431,0.98907298,0
5.1155028,1.7789345,0.46118355,0.98968995,-0.026197731,0.14081043,0
1.49606,-0.44673896,-2.2310586,0.14179137,0.040372431,-0.98907298,0
-5.0443001,2.8838201,2.0100336,-0.14179137,-0.040372431,0.98907298,0
2.8425181,-2.9452519,2.7507734,-0.14179137,-0.040372431,0.98907298,0
2.1857831,-4.0120769,2.7453494,-0.14179137,-0.040372431,0.98907298,0
4.8231621,-1.3590785,0.87309408,0.98968995,-0.026197731,0.14081043,0
2.4058652,-4.2303638,-2.4019344,0.14179137,0.040372431,-0.98907298,0
3.6917186,2.7979209,3.1025152,-0.14179137,-0.040372431,0.98907298,0
5.2143126,2.8506279,-0.4824996,0.98968995,-0.026197731,0.14081043,0
0.04361248,4.3713112,2.0259385,0.020226598,0.99884129,0.043670863,0
-1.3559912,0.55032146,-2.7792501,0.14179137,0.040372431,-0.98907298,0
3.161545,4.4090996,2.0359402,0.020226598,0.99884129,0.043670863,0
5.0632167,-2.6659112,-0.48684597,0.98968995,-0.026197731,0.14081043,0
-4.804112,2.8112202,-1.820281,-0.98968995,0.026197731,-0.14081043,0
-3.2237167,-2.7391934,1.9495821,-0.14179137,-0.040372431,0.98907298,0
-2.6686063,-4.4753146,-0.18122292,-0.020226598,-0.99884129,-0.043670863,0
4.921567,2.0029984,1.392231,0.98968995,-0.026197731,0.14081043,0
-1.4005547,4.4852586,0.49323487,0.020226598,0.99884129,0.043670863,0
4.2898655,4.0601563,3.2945428,-0.14179137,-0.040372431,0.98907298,0
0.97868919,-4.4204769,-1.08522,-0.020226598,-0.99884129,-0.043670863,0
-0.094471455,-1.9976239,2.4577289,-0.14179137,-0.040372431,0.98907298,0
0.64846182,-4.4860716,-2.0554421,-0.020226598,-0.99884129,-0.043670863,0
-0.83397841,-4.589293,1.3420107,-0.020226598,-0.99884129,-0.043670863,0
1.4206345,-4.5412021,2.4612801,-0.14179137,-0.040372431,0.98907298,0
4.8380613,-4.5982714,-1.5623055,-0.020226598,-0.99884129,-0.043670863,0
-5.2109137,3.2267723,1.6255713,-0.98968995,0.026197731,-0.14081043,0
-1.303592,4.637291,-1.5995433,0.020226598,0.99884129,0.043670863,0
2.0232081,-4.3602481,2.6050644,-0.14179137,-0.040372431,0.98907298,0
-0.024529934,-4.5120273,1.6728585,-0.020226598,-0.99884129,-0.043670863,0
-1.1287541,-4.3901095,-1.667263,-0.020226598,-0.99884129,-0.043670863,0
1.8692528,-0.11688685,-2.3625901,0.14179137,0.040372431,-0.98907298,0
4.053514,-2.2717547,-1.9527496,0.14179137,0.040372431,-0.98907298,0
-0.81634665,-4.576055,0.10974073,-0.020226598,-0.99884129,-0.043670863,0
4.7926188,-2.1650422,1.8262768,0.98968995,-0.026197731,0.14081043,0
0.76115334,1.7165871,-2.3920379,0.14179137,0.040372431,-0.98907298,0
1.2247968,-4.6380587,0.21365964,-0.020226598,-0.99884129,-0.043670863,0
4.8285928,-0.40820968,1.4131467,0.98968995,-0.026197731,0.14081043,0
3.3267181,-4.7127824,1.5530343,-0.020226598,-0.99884129,-0.043670863,0
2.7496097,-1.2936031,2.844872,-0.14179137,-0.040372431,0.98907298,0
-5.2467809,-4.4607611,1.2078304,-0.020226598,-0.99884129,-0.043670863,0
-3.4317675,-4.4326096,0.84714746,-0.020226598,-0.99884129,-0.043670863,0
4.3031631,1.9371655,3.283407,-0.14179137,-0.040372431,0.98907298,0
-5.0871735,-1.0440717,0.065624714,-0.98968995,0.026197731,-0.14081043,0
-3.4524693,4.5776281,-0.13338327,0.020226598,0.99884129,0.043670863,0
3.2281003,-4.4898043,-0.53962773,-0.020226598,-0.99884129,-0.043670863,0
4.3345451,4.5402975,-1.0685034,0.020226598,0.99884129,0.043670863,0
4.9472842,3.4102559,1.4876494,0.98968995,-0.026197731,0.14081043,0
-3.035974,4.4042082,1.6061369,0.020226598,0.99884129,0.043670863,0
-3.517525,-4.4373045,-0.42534018,-0.020226598,-0.99884129,-0.043670863,0
0.43289065,3.2480445,-2.3069069,0.14179137,0.040372431,-0.98907298,0
5.10676,1.5711796,0.30914736,0.98968995,-0.026197731,0.14081043,0
3.3192551,-4.6517124,2.7851453,-0.020226598,-0.99884129,-0.043670863,0
-1.2239275,4.5409985,1.6876266,0.020226598,0.99884129,0.043670863,0
0.52096224,-4.5723972,-0.62893152,-0.020226598,-0.99884129,-0.043670863,0
1.6414597,4.5278168,-0.095033646,0.020226598,0.99884129,0.043670863,0
4.8524837,-1.657933,1.4660532,0.98968995,-0.026197731,0.14081043,0
2.592114,4.4566627,1.1754375,0.020226598,0.99884129,0.043670863,0
-4.9203835,-0.20153952,-0.75430775,-0.98968995,0.026197731,-0.14081043,0
-2.7121797,1.0780904,2.2244494,-0.14179137,-0.040372431,0.98907298,0
-3.7153831,4.3106914,-2.8398788,0.14179137,0.040372431,-0.98907298,0
5.1128488,2.307539,0.68101597,0.98968995,-0.026197731,0.14081043,0
4.8055077,3.1028686,1.6100616,0.98968995,-0.026197731,0.14081043,0
0.44655943,-4.4188232,-1.9730356,-0.020226598,-0.99884129,-0.043670863,0
-0.20881522,-2.561399,2.4230247,-0.14179137,-0.040372431,0.98907298,0
3.386416,4.3055205,1.081141,0.020226598,0.99884129,0.043670863,0
4.6940699,-4.0144982,1.2861202,0.98968995,-0.026197731,0.14081043,0
-5.1369395,-3.5258985,0.15591049,-0.98968995,0.026197731,-0.14081043,0
0.41262054,0.36332655,-2.541168,0.14179137,0.040372431,-0.98907298,0
-5.0047178,-4.5305643,1.4739161,-0.020226598,-0.99884129,-0.043670863,0
3.1801512,4.3596601,2.0142035,0.020226598,0.99884129,0.043670863,0
3.8279197,-4.1781349,2.9626849,-0.14179137,-0.040372431,0.98907298,0
5.1711311,0.090713501,-0.98175859,0.98968995,-0.026197731,0.14081043,0
-4.6608653,-1.7985988,-2.6616921,-0.98968995,0.026197731,-0.14081043,0
5.2010417,2.786989,-0.91557693,0.98968995,-0.026197731,0.14081043,0
-0.31877089,-4.3870206,-0.66862154,-0.020226598,-0.99884129,-0.043670863,0
0.95409465,-1.4793169,-2.475543,0.14179137,0.040372431,-0.98907298,0
-2.7934966,-2.236542,2.1070006,-0.14179137,-0.040372431,0.98907298,0
-4.1398697,4.6323175,1.0004451,0.020226598,0.99884129,0.043670863,0
-3.6823575,-4.4128623,-1.2986517,-0.020226598,-0.99884129,-0.043670863,0
1.9181199,-2.4526932,2.6326225,-0.14179137,-0.040372431,0.98907298,0
-0.89021897,-3.8963549,2.155735,-0.14179137,-0.040372431,0.98907298,0
3.4256554,-4.5254035,-1.6469291,-0.020226598,-0.99884129,-0.043670863,0
-2.8047018,-3.2690077,-3.1560886,0.14179137,0.040372431,-0.98907298,0
-5.036305,-2.6838267,-1.22335,-0.98968995,0.026197731,-0.14081043,0
2.9273262,0.45716158,2.8992658,-0.14179137,-0.040372431,0.98907298,0
0.51127279,-3.2000155,2.4859602,-0.14179137,-0.040372431,0.98907298,0
-1.5391045,-2.4738917,2.2285161,-0.14179137,-0.040372431,0.98907298,0
4.5212092,1.0292188,3.2334011,-0.14179137,-0.040372431,0.98907298,0
2.4384711,-4.6423945,0.43036801,-0.020226598,-0.99884129,-0.043670863,0
1.7838687,-3.5963411,2.5590315,-0.14179137,-0.040372431,0.98907298,0
-4.9767108,-1.4717126,-0.34854412,-0.98968995,0.026197731,-0.14081043,0
0.98131657,4.3437529,1.3482544,0.020226598,0.99884129,0.043670863,0
-1.1049761,-0.78582478,-2.7991138,0.14179137,0.040372431,-0.98907298,0
-2.3762856,3.1149437,-2.6426156,0.14179137,0.040372431,-0.98907298,0
5.0235462,-3.9559207,-0.43202615,0.98968995,-0.026197731,0.14081043,0
-2.8372974,-4.5471625,1.6436615,-0.020226598,-0.99884129,-0.043670863,0
-4.863884,-0.65530944,-0.7749505,-0.98968995,0.026197731,-0.14081043,0
0.98055327,0.016317129,-2.3846843,0.14179137,0.040372431,-0.98907298,0
1.1832571,-4.5246434,0.49915993,-0.020226598,-0.99884129,-0.043670863,0
0.44666719,4.3186069,2.3680358,0.020226598,0.99884129,0.043670863,0
-2.3398259,-4.5615668,1.9787092,-0.14179137,-0.040372431,0.98907298,0
5.2300153,3.6463027,-1.5573888,0.14179137,0.040372431,-0.98907298,0
-4.4727435,2.9941268,-3.060132,0.14179137,0.040372431,-0.98907298,0
3.5792642,-2.1171966,3.0371468,-0.14179137,-0.040372431,0.98907298,0
-4.3334761,-4.3912854,0.43135738,-0.020226598,-0.99884129,-0.043670863,0
5.1593862,-0.87467337,-0.9566679,0.98968995,-0.026197731,0.14081043,0
-4.8014679,2.9014733,-0.9225955,-0.98968995,0.026197731,-0.14081043,0
3.6444428,4.2592001,3.0265551,0.020226598,0.99884129,0.043670863,0
-2.8213017,1.1236873,-2.8785105,0.14179137,0.040372431,-0.98907298,0
0.16705084,2.9527218,2.6841214,-0.14179137,-0.040372431,0.98907298,0
-2.0668349,-4.4166813,-2.8141265,-0.020226598,-0.99884129,-0.043670863,0
2.0149794,-4.5961308,2.6936469,-0.14179137,-0.040372431,0.98907298,0
-0.76646805,-3.2233319,-2.7835741,0.14179137,0.040372431,-0.98907298,0
2.8302572,-4.4421272,-1.212036,-0.020226598,-0.99884129,-0.043670863,0
-1.1220365,4.3186307,2.5961659,0.020226598,0.99884129,0.043670863,0
2.6954606,-4.7125216,1.5319433,-0.020226598,-0.99884129,-0.043670863,0
0.94998884,0.27536893,-2.3605416,0.14179137,0.040372431,-0.98907298,0
0.76302147,4.4732714,2.6496241,0.020226598,0.99884129,0.043670863,0
5.3316312,-0.28339863,-1.5532885,0.98968995,-0.026197731,0.14081043,0
2.7916861,-4.7170081,2.13923,-0.020226598,-0.99884129,-0.043670863,0
-2.0452595,-4.3719387,-1.8962836,-0.020226598,-0.99884129,-0.043670863,0
-4.6486468,3.0543108,-2.5471888,-0.98968995,0.026197731,-0.14081043,0
-2.0066416,-4.6387644,2.0358663,-0.020226598,-0.99884129,-0.043670863,0
-1.0001037,-4.4017076,0.14350843,-0.020226598,-0.99884129,-0.043670863,0
-2.2203574,-4.3748503,-2.9049809,-0.020226598,-0.99884129,-0.043670863,0
-3.1238687,0.92349255,-3.0155988,0.14179137,0.040372431,-0.98907298,0
-5.3736258,-3.6405032,1.4931116,-0.98968995,0.026197731,-0.14081043,0
-0.81678283,-2.9974642,2.2399819,-0.14179137,-0.040372431,0.98907298,0
4.0121708,-4.4819794,-1.4213622,-0.020226598,-0.99884129,-0.043670863,0
4.7793918,-2.6542628,0.98705888,0.98968995,-0.026197731,0.14081043,0
1.1081505,4.4716043,1.7824256,0.020226598,0.99884129,0.043670863,0
-0.49134207,4.6421947,-0.75618124,0.020226598,0.99884129,0.043670863,0
5.0742168,-1.7634683,-0.5308466,0.98968995,-0.026197731,0.14081043,0
4.7607441,-0.32798612,1.568326,0.98968995,-0.026197731,0.14081043,0
4.4745607,-4.6090736,1.7934803,-0.020226598,-0.99884129,-0.043670863,0
2.3248258,4.4241328,-1.469017,0.020226598,0.99884129,0.043670863,0
1.1168427,4.288641,2.5186343,0.020226598,0.99884129,0.043670863,0
-1.1255809,-0.60940027,-2.715579,0.14179137,0.040372431,-0.98907298,0
-0.26680923,-3.8484151,2.3887842,-0.14179137,-0.040372431,0.98907298,0
0.91308904,4.569798,-2.0160365,0.020226598,0.99884129,0.043670863,0
-1.6560187,-4.4850216,-0.51234555,-0.020226598,-0.99884129,-0.043670863,0
5.0753684,4.3545713,0.81109142,0.98968995,-0.026197731,0.14081043,0
4.7236934,-2.4817262,2.1394591,0.98968995,-0.026197731,0.14081043,0
0.992612,1.1433138,2.6780062,-0.14179137,-0.040372431,0.98907298,0
3.192297,4.3249836,1.9198031,0.020226598,0.99884129,0.043670863,0
0.085651875,-4.4316173,-1.4183379,-0.020226598,-0.99884129,-0.043670863,0
-5.1363053,4.1317482,1.9731247,-0.98968995,0.026197731,-0.14081043,0
1.4933424,2.5204716,2.8513217,-0.14179137,-0.040372431,0.98907298,0
-1.173559,4.5771565,-1.0980023,0.020226598,0.99884129,0.043670863,0
4.687675,-1.0307099,1.7331352,0.98968995,-0.026197731,0.14081043,0
2.7474501,-4.6261044,0.89502037,-0.020226598,-0.99884129,-0.043670863,0
-5.1034122,-1.1696656,0.24756384,-0.98968995,0.026197731,-0.14081043,0
2.313874,-4.2572727,2.7611587,-0.14179137,-0.040372431,0.98907298,0
4.9247026,-4.5445266,-2.0031414,-0.020226598,-0.99884129,-0.043670863,0
-4.1455178,-4.4123688,-2.4159417,-0.020226598,-0.99884129,-0.043670863,0
5.1424651,2.9651279,-0.12733269,0.98968995,-0.026197731,0.14081043,0
-3.6182899,1.02507,-2.9127893,0.14179137,0.040372431,-0.98907298,0
-4.4607277,-4.3915367,-1.4611197,-0.020226598,-0.99884129,-0.043670863,0
-2.6933005,3.3412962,-2.8329828,0.14179137,0.040372431,-0.98907298,0
0.12785101,-4.5009842,0.012040734,-0.020226598,-0.99884129,-0.043670863,0
1.754241,-4.5442171,0.17797858,-0.020226598,-0.99884129,-0.043670863,0
-4.5629282,1.2895943,-2.5874155,-0.98968995,0.026197731,-0.14081043,0
0.72474194,-1.2261066,-2.4444988,0.14179137,0.040372431,-0.98907298,0
0.85175163,1.7953131,-2.2782815,0.14179137,0.040372431,-0.98907298,0
2.4595003,-1.3654861,2.9075539,-0.14179137,-0.040372431,0.98907298,0
-4.9516902,-3.372808,-1.9723158,-0.98968995,0.026197731,-0.14081043,0
-5.0244794,1.8559214,-0.31171322,-0.98968995,0.026197731,-0.14081043,0
3.5290227,-0.17651153,-2.0735555,0.14179137,0.040372431,-0.98907298,0
-4.8358517,3.5868738,-0.53479195,-0.98968995,0.026197731,-0.14081043,0
4.7558331,-4.0837622,1.2352955,0.98968995,-0.026197731,0.14081043,0
-4.9638138,4.4236035,0.46540236,-0.98968995,0.026197731,-0.14081043,0
4.5322313,0.011138014,3.1112597,-0.14179137,-0.040372431,0.98907298,0
3.3636312,-4.641696,2.1672204,-0.020226598,-0.99884129,-0.043670863,0
5.1437473,2.9452813,-0.26402855,0.98968995,-0.026197731,0.14081043,0
4.8090458,3.7438765,1.7086287,0.98968995,-0.026197731,0.14081043,0
-5.1524024,3.2724462,2.0220671,-0.14179137,-0.040372431,0.98907298,0
-5.0645647,-3.7955604,-0.85680771,-0.98968995,0.026197731,-0.14081043,0
-0.4349308,-4.4699221,-1.9261409,-0.020226598,-0.99884129,-0.043670863,0
0.82119942,4.6187811,-1.0826175,0.020226598,0.99884129,0.043670863,0
0.52222174,-0.78838432,2.5335331,-0.14179137,-0.040372431,0.98907298,0
1.8997951,4.3235569,1.8701198,0.020226598,0.99884129,0.043670863,0
-4.797493,-1.3398817,-1.4064622,-0.98968995,0.026197731,-0.14081043,0
5.1340952,3.2475977,-0.68018293,0.98968995,-0.026197731,0.14081043,0
2.4013057,-4.5128207,1.1364939,-0.020226598,-0.99884129,-0.043670863,0
-3.3723152,-4.2559438,-2.5324011,-0.020226598,-0.99884129,-0.043670863,0
-4.143764,0.86339581,-3.0332062,0.14179137,0.040372431,-0.98907298,0
-4.7268076,4.0090623,-2.1700389,-0.98968995,0.026197731,-0.14081043,0
4.727509,3.6218944,2.4222913,0.98968995,-0.026197731,0.14081043,0
-0.24078822,-1.468317,-2.6682971,0.14179137,0.040372431,-0.98907298,0
2.3190281,1.846993,-2.107379,0.14179137,0.040372431,-0.98907298,0
2.2929838,2.8526049,2.9580123,-0.14179137,-0.040372431,0.98907298,0
-3.8619752,-1.6203713,-3.1397491,0.14179137,0.040372431,-0.98907298,0
0.33333397,-4.493403,1.4823689,-0.020226598,-0.99884129,-0.043670863,0
-1.0512402,2.8135369,2.5037875,-0.14179137,-0.040372431,0.98907298,0
-0.50464058,4.5232725,1.3077831,0.020226598,0.99884129,0.043670863,0
-4.0386815,4.5045924,-2.9967403,0.14179137,0.040372431,-0.98907298,0
4.8102803,-3.4245627,1.4537413,0.98968995,-0.026197731,0.14081043,0
4.4354763,-4.578743,-0.00064504147,-0.020226598,-0.99884129,-0.043670863,0
3.1678834,-3.3596625,-2.2143557,0.14179137,0.040372431,-0.98907298,0
-0.2964313,-4.5046844,2.3677845,-0.14179137,-0.040372431,0.98907298,0
2.8733387,-4.4554291,-0.81207627,-0.020226598,-0.99884129,-0.043670863,0
-4.9494538,2.2961311,-0.70885825,-0.98968995,0.026197731,-0.14081043,0
5.1562366,-0.13184285,-0.81871319,0.98968995,-0.026197731,0.14081043,0
-1.9855125,-4.4762492,1.5828028,-0.020226598,-0.99884129,-0.043670863,0
-4.7872276,0.62403715,-2.4334562,-0.98968995,0.026197731,-0.14081043,0
2.3168657,4.4944072,-0.79396129,0.020226598,0.99884129,0.043670863,0
5.2628593,-1.3006794,-1.5971441,0.98968995,-0.026197731,0.14081043,0
4.5460477,-0.68508399,2.7314062,0.98968995,-0.026197731,0.14081043,0
-3.8418067,-4.3226891,-2.1142602,-0.020226598,-0.99884129,-0.043670863,0
-2.9955523,0.8179214,2.1574879,-0.14179137,-0.040372431,0.98907298,0
1.596278,3.7472069,-2.1612525,0.14179137,0.040372431,-0.98907298,0
-3.2891438,4.6361337,-1.3532805,0.020226598,0.99884129,0.043670863,0
-4.9186931,2.5895863,-0.12549996,-0.98968995,0.026197731,-0.14081043,0
0.13879395,-4.2695136,-2.6679368,0.14179137,0.040372431,-0.98907298,0
-4.7677121,-1.7034976,-2.6849918,-0.98968995,0.026197731,-0.14081043,0
-1.397892,-4.3820982,-2.9774575,0.14179137,0.040372431,-0.98907298,0
-4.7365971,1.2838211,-1.2868118,-0.98968995,0.026197731,-0.14081043,0
-2.5931268,-3.5766742,-2.957808,0.14179137,0.040372431,-0.98907298,0
-4.1094713,4.4772325,0.9699055,0.020226598,0.99884129,0.043670863,0
-2.6862714,-4.3516626,-0.73956442,-0.020226598,-0.99884129,-0.043670863,0
-4.3789802,-3.8384061,1.7074637,-0.14179137,-0.040372431,0.98907298,0
-1.5973334,-3.6691995,-2.8701017,0.14179137,0.040372431,-0.98907298,0
-4.2559652,-4.3661423,-0.98805141,-0.020226598,-0.99884129,-0.043670863,0
-1.4928887,-0.37724733,2.3236344,-0.14179137,-0.040372431,0.98907298,0
-1.1361694,-4.4096336,-1.2825227,-0.020226598,-0.99884129,-0.043670863,0
-4.2028503,-4.4586601,0.40954781,-0.020226598,-0.99884129,-0.043670863,0
4.9877563,-1.0850906,-0.42630887,0.98968995,-0.026197731,0.14081043,0
-4.7659874,3.9862595,-0.91208935,-0.98968995,0.026197731,-0.14081043,0
-4.9907589,3.7694578,0.49226785,-0.98968995,0.026197731,-0.14081043,0
-1.3860478,4.5441313,-2.0549335,0.020226598,0.99884129,0.043670863,0
-0.56144238,4.6535745,-1.5951852,0.020226598,0.99884129,0.043670863,0
5.1875563,-4.428175,-2.0351157,0.14179137,0.040372431,-0.98907298,0
4.4444294,-3.3587227,-2.1272235,0.14179137,0.040372431,-0.98907298,0
-4.9079919,2.3725958,-0.88910508,-0.98968995,0.026197731,-0.14081043,0
-3.073848,4.6046257,0.25762671,0.020226598,0.99884129,0.043670863,0
-4.9691558,1.2044902,0.063681126,-0.98968995,0.026197731,-0.14081043,0
3.1868162,0.34310675,-1.9780288,0.14179137,0.040372431,-0.98907298,0
4.8915153,-2.6919475,0.6333456,0.98968995,-0.026197731,0.14081043,0
-4.6496029,4.5375538,-1.755964,-0.98968995,0.026197731,-0.14081043,0
4.6688795,2.4233327,2.9589567,0.98968995,-0.026197731,0.14081043,0
2.5164537,-4.434926,-1.8450732,-0.020226598,-0.99884129,-0.043670863,0
2.8841386,4.4420581,-1.6257558,0.020226598,0.99884129,0.043670863,0
-4.784482,2.7869291,-1.1598029,-0.98968995,0.026197731,-0.14081043,0
1.1739825,-1.114369,2.6349127,-0.14179137,-0.040372431,0.98907298,0
-3.3129137,-2.5570455,-3.0551424,0.14179137,0.040372431,-0.98907298,0
4.944922,2.7629037,0.8695693,0.98968995,-0.026197731,0.14081043,0
-3.6404889,-0.64827704,1.9879203,-0.14179137,-0.040372431,0.98907298,0
0.88848305,-4.1451831,-2.6686065,0.14179137,0.040372431,-0.98907298,0
-1.2060671,4.4524298,-0.13577515,0.020226598,0.99884129,0.043670863,0
2.1967256,-2.5247922,2.6853261,-0.14179137,-0.040372431,0.98907298,0
-3.4536352,-4.3974462,1.1219954,-0.020226598,-0.99884129,-0.043670863,0
-2.2652526,4.6071358,-1.0925292,0.020226598,0.99884129,0.043670863,0
2.0244462,4.5417118,-1.101717,0.020226598,0.99884129,0.043670863,0
-3.0464554,-4.3612757,-1.6858392,-0.020226598,-0.99884129,-0.043670863,0
1.9461744,0.23691607,2.8287106,-0.14179137,-0.040372431,0.98907298,0
5.2197676,4.3037891,0.23501492,0.98968995,-0.026197731,0.14081043,0
1.4417207,1.3381112,-2.3318696,0.14179137,0.040372431,-0.98907298,0
4.7909636,-1.2930312,1.8501797,0.98968995,-0.026197731,0.14081043,0
4.8497181,3.6905141,1.4116988,0.98968995,-0.026197731,0.14081043,0
-0.63237047,-3.8391228,2.3675971,-0.14179137,-0.040372431,0.98907298,0
5.206069,2.6192508,-1.2993603,0.98968995,-0.026197731,0.14081043,0
-1.4233778,-4.5220041,-0.53484035,-0.020226598,-0.99884129,-0.043670863,0
2.7826595,-1.8569174,2.8933249,-0.14179137,-0.040372431,0.98907298,0
3.942435,-0.48514414,-2.0821154,0.14179137,0.040372431,-0.98907298,0
4.8172421,0.68948174,1.6188655,0.98968995,-0.026197731,0.14081043,0
1.2765266,2.5228634,-2.2465978,0.14179137,0.040372431,-0.98907298,0
1.0169015,-2.439827,2.5524158,-0.14179137,-0.040372431,0.98907298,0
-3.8064623,4.7244406,-2.2325718,0.020226598,0.99884129,0.043670863,0
4.2398643,-4.6815896,0.091394663,-0.020226598,-0.99884129,-0.043670863,0
-1.2998042,4.5584049,-1.2869787,0.020226598,0.99884129,0.043670863,0
-4.1354952,-2.4736474,1.799973,-0.14179137,-0.040372431,0.98907298,0
-1.0668416,-4.4315653,-0.73704553,-0.020226598,-0.99884129,-0.043670863,0
3.5571699,-4.7112317,1.3263471,-0.020226598,-0.99884129,-0.043670863,0
3.5922821,4.4991159,-0.039105415,0.020226598,0.99884129,0.043670863,0
2.6929417,-4.4647665,-1.8414693,-0.020226598,-0.99884129,-0.043670863,0
4.8988438,-0.91268659,1.6067107,0.98968995,-0.026197731,0.14081043,0
0.79898643,-4.4154139,-2.4120543,-0.020226598,-0.99884129,-0.043670863,0
2.2495573,3.055686,-1.9888544,0.14179137,0.040372431,-0.98907298,0
3.9949646,4.341886,1.7753081,0.020226598,0.99884129,0.043670863,0
-0.67569447,-0.43909466,-2.7427185,0.14179137,0.040372431,-0.98907298,0
5.0499496,1.5221064,0.62978554,0.98968995,-0.026197731,0.14081043,0
2.2665062,4.4735918,-1.3038909,0.020226598,0.99884129,0.043670863,0
-2.4433184,-4.412672,-2.3526025,-0.020226598,-0.99884129,-0.043670863,0
0.98328066,-4.5219445,-2.2449958,-0.020226598,-0.99884129,-0.043670863,0
1.5546637,-4.4441757,-2.4412491,0.14179137,0.040372431,-0.98907298,0
4.1167088,-4.6535006,2.3916953,-0.020226598,-0.99884129,-0.043670863,0
-4.7987537,0.70811188,-1.0154452,-0.98968995,0.026197731,-0.14081043,0
5.1236353,2.2450323,-0.67927742,0.98968995,-0.026197731,0.14081043,0
-5.1433954,-4.5346184,1.1009121,-0.020226598,-0.99884129,-0.043670863,0
-0.26995707,-4.5032516,-0.44902873,-0.020226598,-0.99884129,-0.043670863,0
5.1974163,2.9150467,-0.98500347,0.98968995,-0.026197731,0.14081043,0
0.70420742,-4.5138865,-0.10324907,-0.020226598,-0.99884129,-0.043670863,0
5.2596359,3.9383452,-1.4011593,0.98968995,-0.026197731,0.14081043,0
4.6459041,0.22397953,2.5147858,0.98968995,-0.026197731,0.14081043,0
2.3930864,1.045401,2.8153543,-0.14179137,-0.040372431,0.98907298,0
-4.9426923,2.4860868,0.16201687,-0.98968995,0.026197731,-0.14081043,0
-1.554122,4.4726934,0.78562331,0.020226598,0.99884129,0.043670863,0
2.0270834,2.2556322,-2.1480465,0.14179137,0.040372431,-0.98907298,0
-2.3158381,4.6322937,-1.8704109,0.020226598,0.99884129,0.043670863,0
5.4604917,4.0340414,-1.457798,0.98968995,-0.026197731,0.14081043,0
-3.1876113,-4.3412175,-0.19358683,-0.020226598,-0.99884129,-0.043670863,0
-4.5919108,0.98824215,-2.6990409,-0.98968995,0.026197731,-0.14081043,0
-5.2150002,0.60150528,1.7480268,-0.14179137,-0.040372431,0.98907298,0
-4.9513464,3.2863503,0.024364233,-0.98968995,0.026197731,-0.14081043,0
-4.7254581,1.1969789,-1.3787308,-0.98968995,0.026197731,-0.14081043,0
4.9194317,-1.0639788,1.0970705,0.98968995,-0.026197731,0.14081043,0
-3.3290136,-4.4531837,-0.85380125,-0.020226598,-0.99884129,-0.043670863,0
1.8997366,4.4531078,0.2335248,0.020226598,0.99884129,0.043670863,0
5.0240927,1.8546886,0.20314693,0.98968995,-0.026197731,0.14081043,0
1.9052186,4.5020351,-1.4099584,0.020226598,0.99884129,0.043670863,0
-2.9044046,-4.2266068,-2.8642225,-0.020226598,-0.99884129,-0.043670863,0
4.8629179,4.0151081,1.5172663,0.98968995,-0.026197731,0.14081043,0
2.1054893,1.7816305,-2.2171485,0.14179137,0.040372431,-0.98907298,0
5.0321021,-4.6436396,-1.2207483,-0.020226598,-0.99884129,-0.043670863,0
5.0780311,1.8945043,0.20773792,0.98968995,-0.026197731,0.14081043,0
-4.9233513,-0.075829983,-0.66249132,-0.98968995,0.026197731,-0.14081043,0
1.8244402,-4.6446762,0.96933138,-0.020226598,-0.99884129,-0.043670863,0
5.1778727,-0.0063741207,-0.72567463,0.98968995,-0.026197731,0.14081043,0
-0.19990253,-4.3964286,-1.3291844,-0.020226598,-0.99884129,-0.043670863,0
-4.5020294,-3.1617074,-3.3507366,0.14179137,0.040372431,-0.98907298,0
-0.9073236,2.8068428,2.45402,-0.14179137,-0.040372431,0.98907298,0
-5.0285721,2.6194251,0.45834374,-0.98968995,0.026197731,-0.14081043,0
-3.8775775,-4.2608519,-2.9350619,-0.020226598,-0.99884129,-0.043670863,0
-3.0457563,-4.3351941,-1.9891667,-0.020226598,-0.99884129,-0.043670863,0
1.8377995,3.7470725,2.9049792,-0.14179137,-0.040372431,0.98907298,0
0.85497475,-3.1753306,2.52596,-0.14179137,-0.040372431,0.98907298,0
-4.854579,-2.4825611,-1.6004205,-0.98968995,0.026197731,-0.14081043,0
-4.9084578,1.7214205,-1.2257173,-0.98968995,0.026197731,-0.14081043,0
4.1412225,-4.5034699,-0.010582209,-0.020226598,-0.99884129,-0.043670863,0
-4.7640142,3.6801629,2.0498219,-0.14179137,-0.040372431,0.98907298,0
-4.9375234,2.13275,-1.0499837,-0.98968995,0.026197731,-0.14081043,0
3.2519372,4.293529,2.0693035,0.020226598,0.99884129,0.043670863,0
4.6795273,4.4205523,1.7665763,0.020226598,0.99884129,0.043670863,0
-3.2280316,-4.2967591,-1.4330201,-0.020226598,-0.99884129,-0.043670863,0
4.7154827,-1.3423033,2.0517664,0.98968995,-0.026197731,0.14081043,0
5.1225252,1.2994747,-0.28367901,0.98968995,-0.026197731,0.14081043,0
-4.7253289,2.995327,-1.5488982,-0.98968995,0.026197731,-0.14081043,0
-4.5838008,0.86378938,-2.8582678,-0.98968995,0.026197731,-0.14081043,0
-2.0475974,-1.6161516,2.1141062,-0.14179137,-0.040372431,0.98907298,0
2.3816729,-2.8734448,-2.3934121,0.14179137,0.040372431,-0.98907298,0
4.7301373,-2.7422736,1.5716269,0.98968995,-0.026197731,0.14081043,0
0.96043277,-1.5362536,-2.5515058,0.14179137,0.040372431,-0.98907298,0
-4.7126722,-3.6519003,-3.1636591,-0.98968995,0.026197731,-0.14081043,0
4.7445245,0.67288727,2.8073821,0.98968995,-0.026197731,0.14081043,0
2.2591319,-4.5121856,-2.2468367,-0.020226598,-0.99884129,-0.043670863,0
4.925478,-1.0580171,0.90541315,0.98968995,-0.026197731,0.14081043,0
-1.5293827,4.659461,-0.57469893,0.020226598,0.99884129,0.043670863,0
-2.0019939,3.6795514,-2.5856934,0.14179137,0.040372431,-0.98907298,0
0.79248524,4.6428709,-1.3022778,0.020226598,0.99884129,0.043670863,0
5.0400457,-4.0177464,-0.32434583,0.98968995,-0.026197731,0.14081043,0
-1.4531481,4.501503,-0.0045552254,0.020226598,0.99884129,0.043670863,0
3.3135438,4.1275735,3.2671373,-0.14179137,-0.040372431,0.98907298,0
-5.3902659,-0.49153137,1.7528515,-0.98968995,0.026197731,-0.14081043,0
4.5526133,-4.5919199,-2.0004454,-0.020226598,-0.99884129,-0.043670863,0
1.5536654,-3.4146736,2.6206036,-0.14179137,-0.040372431,0.98907298,0
5.2120366,-1.6503594,-1.4404569,0.98968995,-0.026197731,0.14081043,0
0.41378164,-1.3672652,-2.486207,0.14179137,0.040372431,-0.98907298,0
-5.2619991,2.0486004,1.3580909,-0.98968995,0.026197731,-0.14081043,0
-5.3586454,-3.3221028,0.97201824,-0.98968995,0.026197731,-0.14081043,0
-4.604754,1.2936146,-3.0125511,-0.98968995,0.026197731,-0.14081043,0
-3.9131839,-4.3090677,-1.4028702,-0.020226598,-0.99884129,-0.043670863,0
-4.1359615,-0.12992048,1.8395908,-0.14179137,-0.040372431,0.98907298,0
2.4436219,2.0194027,-2.1182857,0.14179137,0.040372431,-0.98907298,0
-4.1208363,3.8172498,2.0965314,-0.14179137,-0.040372431,0.98907298,0
-1.9207885,-1.0804306,-2.84902,0.14179137,0.040372431,-0.98907298,0
0.13057613,-4.4821777,-1.6187035,-0.020226598,-0.99884129,-0.043670863,0
4.4130287,-2.3857679,2.9678845,-0.14179137,-0.040372431,0.98907298,0
-3.368346,-2.0646465,1.943161,-0.14179137,-0.040372431,0.98907298,0
-4.7066355,-0.66491497,-2.7310467,-0.98968995,0.026197731,-0.14081043,0
-5.206214,-4.0284376,1.6900454,-0.14179137,-0.040372431,0.98907298,0
-5.1393337,-2.1840785,0.013239861,-0.98968995,0.026197731,-0.14081043,0
-5.3268228,-1.4479845,1.0627985,-0.98968995,0.026197731,-0.14081043,0
3.2290773,4.3770704,-0.22917652,0.020226598,0.99884129,0.043670863,0
5.1345663,-2.6749239,-1.9134245,0.14179137,0.040372431,-0.98907298,0
-4.7552814,2.5450029,-1.2171683,-0.98968995,0.026197731,-0.14081043,0
-0.18207073,-4.3549008,2.3676336,-0.14179137,-0.040372431,0.98907298,0
5.1951408,3.9365819,-0.073451519,0.98968995,-0.026197731,0.14081043,0
-2.0677314,0.21945119,2.2725248,-0.14179137,-0.040372431,0.98907298,0
-1.9849491,4.5384278,-2.6426263,0.14179137,0.040372431,-0.98907298,0
-4.5638633,4.5425386,-0.54786277,0.020226598,0.99884129,0.043670863,0
-5.2843428,-4.0132279,0.79076195,-0.98968995,0.026197731,-0.14081043,0
0.085426331,-4.481194,-2.4685855,-0.020226598,-0.99884129,-0.043670863,0
5.0483942,-1.2984931,-0.76671576,0.98968995,-0.026197731,0.14081043,0
4.7564549,0.88536447,2.5295312,0.98968995,-0.026197731,0.14081043,0
-2.345963,3.0047882,-2.656575,0.14179137,0.040372431,-0.98907298,0
1.6002684,-4.5319219,-1.3350626,-0.020226598,-0.99884129,-0.043670863,0
-1.2962551,2.6456547,2.5300033,-0.14179137,-0.040372431,0.98907298,0
-2.6180904,-1.4783192,2.08532,-0.14179137,-0.040372431,0.98907298,0
-0.077208996,-3.2821817,-2.6622217,0.14179137,0.040372431,-0.98907298,0
4.9701214,-3.2669404,0.20243549,0.98968995,-0.026197731,0.14081043,0
-0.53301525,-3.262779,-2.7665696,0.14179137,0.040372431,-0.98907298,0
1.0820453,-2.9054811,-2.496556,0.14179137,0.040372431,-0.98907298,0
-1.2277759,0.16092455,-2.6488953,0.14179137,0.040372431,-0.98907298,0
-4.789906,3.5119822,-1.6423187,-0.98968995,0.026197731,-0.14081043,0
-5.3785582,-2.7513797,1.4867272,-0.98968995,0.026197731,-0.14081043,0
-3.486176,1.547076,2.0749984,-0.14179137,-0.040372431,0.98907298,0
5.0378075,1.9636273,0.021503925,0.98968995,-0.026197731,0.14081043,0
1.6376569,-4.6559172,2.1649017,-0.020226598,-0.99884129,-0.043670863,0
-4.4416018,-4.3789692,0.48286438,-0.020226598,-0.99884129,-0.043670863,0
-5.2075415,-2.5019183,1.7110152,-0.14179137,-0.040372431,0.98907298,0
-4.0646782,-0.44404426,-3.0692756,0.14179137,0.040372431,-0.98907298,0
4.3288321,2.4279516,-1.875598,0.14179137,0.040372431,-0.98907298,0
