1.4471635,-2.8950522,1.3701656,0.0070049223,-0.99903548,0.043348111,0
1.6437032,-2.798831,3.1918483,0.0059481859,0.043390036,0.99904048,0
-2.1318636,-2.6550529,3.1721973,0.0059481859,0.043390036,0.99904048,0
-3.1423454,-0.74661803,2.9646471,0.0059481859,0.043390036,0.99904048,0
-3.5983148,-0.40559432,-0.32431936,-0.9999578,-0.0067403577,0.0062464476,0
-1.4919801,-3.1659229,-2.0994956,0.0070049223,-0.99903548,0.043348111,0
0.50418824,-3.1322637,-1.413532,0.0070049223,-0.99903548,0.043348111,0
-2.1282444,-3.1614897,-1.0106032,0.0070049223,-0.99903548,0.043348111,0
-3.4819863,2.214886,0.84744477,-0.9999578,-0.0067403577,0.0062464476,0
-2.1387706,3.0905771,2.2205472,-0.0070049223,0.99903548,-0.043348111,0
-2.7757251,-1.8104004,3.0163264,0.0059481859,0.043390036,0.99904048,0
0.96460772,2.7429173,2.9624276,0.0059481859,0.043390036,0.99904048,0
-3.5886106,1.7437154,-2.6431389,-0.9999578,-0.0067403577,0.0062464476,0
0.43937987,-3.0291555,0.69773722,0.0070049223,-0.99903548,0.043348111,0
3.4890785,-2.7863257,-2.2340522,0.9999578,0.0067403577,-0.0062464476,0
3.4195495,1.846981,2.2450333,0.9999578,0.0067403577,-0.0062464476,0
-2.5846524,-0.064282537,2.9615045,0.0059481859,0.043390036,0.99904048,0
-3.2455404,2.8887,-2.5496659,-0.0070049223,0.99903548,-0.043348111,0
0.32441282,0.732283,3.0208583,0.0059481859,0.043390036,0.99904048,0
-3.4622693,1.7561266,1.188442,-0.9999578,-0.0067403577,0.0062464476,0
2.3882535,0.31915429,2.9369802,0.0059481859,0.043390036,0.99904048,0
-0.77978826,2.850575,-2.5304856,-0.0070049223,0.99903548,-0.043348111,0
-3.5410495,-2.4815824,-2.659925,-0.9999578,-0.0067403577,0.0062464476,0
3.46521,-1.0360004,1.9901333,0.9999578,0.0067403577,-0.0062464476,0
3.5664091,-0.1977523,0.061486006,0.9999578,0.0067403577,-0.0062464476,0
-1.6341467,2.8181863,-3.151464,-0.0070049223,0.99903548,-0.043348111,0
2.8511429,-2.939867,0.42638206,0.0070049223,-0.99903548,0.043348111,0
0.34174201,3.0164049,0.27912837,-0.0070049223,0.99903548,-0.043348111,0
-2.0537024,-1.2420123,2.9743114,0.0059481859,0.043390036,0.99904048,0
-3.4941306,2.2638483,-0.79847336,-0.9999578,-0.0067403577,0.0062464476,0
-3.5507252,-0.97758436,-2.9767942,-0.9999578,-0.0067403577,0.0062464476,0
1.7774823,2.9388785,-0.79344189,-0.0070049223,0.99903548,-0.043348111,0
0.30289268,2.8592765,-2.0314708,-0.0070049223,0.99903548,-0.043348111,0
1.9905138,3.2182488,2.5197594,-0.0070049223,0.99903548,-0.043348111,0
2.8709245,1.5993823,2.8456731,0.0059481859,0.043390036,0.99904048,0
3.5554819,-2.0080392,-0.09700036,0.9999578,0.0067403577,-0.0062464476,0
3.4051623,1.3141237,1.5030688,0.9999578,0.0067403577,-0.0062464476,0
2.3152261,1.0360168,2.8662186,0.0059481859,0.043390036,0.99904048,0
-3.4386835,-1.0093713,1.6856422,-0.9999578,-0.0067403577,0.0062464476,0
-3.3785589,-2.7959621,2.3014214,-0.9999578,-0.0067403577,0.0062464476,0
-0.072043531,2.9908955,0.06789349,-0.0070049223,0.99903548,-0.043348111,0
-2.7594957,-3.0114665,-2.8846262,-0.0059481859,-0.043390036,-0.99904048,0
3.5502946,0.14008242,-0.030819654,0.9999578,0.0067403577,-0.0062464476,0
-3.5051849,-2.7705224,1.0196977,-0.9999578,-0.0067403577,0.0062464476,0
-0.18824649,3.1835315,2.1367898,-0.0070049223,0.99903548,-0.043348111,0
2.9522238,-1.8401387,2.9863617,0.0059481859,0.043390036,0.99904048,0
3.518199,0.091823727,-1.816155,0.9999578,0.0067403577,-0.0062464476,0
-2.470067,2.2483063,-3.0836034,-0.0059481859,-0.043390036,-0.99904048,0
2.7614713,2.9700634,-1.2746465,-0.0070049223,0.99903548,-0.043348111,0
-2.8867049,-3.1333461,-2.713182,0.0070049223,-0.99903548,0.043348111,0
3.3428755,2.8694692,-2.3772268,-0.0070049223,0.99903548,-0.043348111,0
3.5177999,1.6943913,-0.25866628,0.9999578,0.0067403577,-0.0062464476,0
1.7495284,-3.0411675,0.69687939,0.0070049223,-0.99903548,0.043348111,0
-3.2333608,3.091296,1.9710827,-0.0070049223,0.99903548,-0.043348111,0
0.20509005,-2.9000542,-2.9155471,-0.0059481859,-0.043390036,-0.99904048,0
2.5081291,0.07538487,2.9201622,0.0059481859,0.043390036,0.99904048,0
3.4854231,2.0825515,-2.0826838,0.9999578,0.0067403577,-0.0062464476,0
-3.3957345,-2.8063717,1.5301375,-0.9999578,-0.0067403577,0.0062464476,0
3.4724686,2.8781145,1.848267,0.9999578,0.0067403577,-0.0062464476,0
-3.5342679,1.0157069,0.73195291,-0.9999578,-0.0067403577,0.0062464476,0
3.5516706,-2.1519172,-2.2908721,0.9999578,0.0067403577,-0.0062464476,0
0.66188049,-3.1172545,-2.8787909,0.0070049223,-0.99903548,0.043348111,0
-3.1120896,2.9501731,-0.74004507,-0.0070049223,0.99903548,-0.043348111,0
1.2683938,-3.1432221,-1.1787448,0.0070049223,-0.99903548,0.043348111,0
2.5754399,-1.4468367,3.1301191,0.0059481859,0.043390036,0.99904048,0
2.2618959,0.66525334,-3.0013599,-0.0059481859,-0.043390036,-0.99904048,0
0.21385658,-2.8694904,1.5232029,0.0070049223,-0.99903548,0.043348111,0
0.73328352,-0.8894456,-2.9655232,-0.0059481859,-0.043390036,-0.99904048,0
2.4283836,-3.0133238,0.60273314,0.0070049223,-0.99903548,0.043348111,0
0.78877711,-3.0271142,-0.11000419,0.0070049223,-0.99903548,0.043348111,0
-3.0631778,2.7318339,2.8552577,0.0059481859,0.043390036,0.99904048,0
2.1828151,0.66651887,-3.1106956,-0.0059481859,-0.043390036,-0.99904048,0
3.5547123,-0.89353579,0.42186117,0.9999578,0.0067403577,-0.0062464476,0
-2.4526749,2.8603022,-2.53759,-0.0070049223,0.99903548,-0.043348111,0
-3.5987573,0.27232665,-1.3555694,-0.9999578,-0.0067403577,0.0062464476,0
-2.6505158,2.9768214,-0.84343648,-0.0070049223,0.99903548,-0.043348111,0
2.6036317,-3.0155694,-0.84073663,0.0070049223,-0.99903548,0.043348111,0
-1.4575992,2.9813225,0.98277867,-0.0070049223,0.99903548,-0.043348111,0
-2.5879204,0.77007622,-3.0198069,-0.0059481859,-0.043390036,-0.99904048,0
-0.6262455,-3.1868052,-2.7462735,0.0070049223,-0.99903548,0.043348111,0
1.6263227,0.85899061,-2.9544001,-0.0059481859,-0.043390036,-0.99904048,0
1.6527975,3.2176332,2.5411565,-0.0070049223,0.99903548,-0.043348111,0
0.16250515,3.0964351,2.7662327,-0.0070049223,0.99903548,-0.043348111,0
0.90342069,2.8759685,-3.145175,-0.0070049223,0.99903548,-0.043348111,0
-1.1134937,-3.1558461,-2.293133,0.0070049223,-0.99903548,0.043348111,0
-3.5291214,0.058410063,-0.80932736,-0.9999578,-0.0067403577,0.0062464476,0
-3.4949811,0.43123773,2.0877647,-0.9999578,-0.0067403577,0.0062464476,0
-0.12339735,-3.0066381,-1.2155343,0.0070049223,-0.99903548,0.043348111,0
-2.6865795,2.7766209,-3.0699079,-0.0070049223,0.99903548,-0.043348111,0
-0.097340822,0.44860831,3.0570002,0.0059481859,0.043390036,0.99904048,0
2.4353459,-0.29458863,2.9487274,0.0059481859,0.043390036,0.99904048,0
0.92391908,-2.9016368,0.55268395,0.0070049223,-0.99903548,0.043348111,0
-3.5462928,-2.119694,2.597347,-0.9999578,-0.0067403577,0.0062464476,0
3.5869005,2.3397081,0.90111947,0.9999578,0.0067403577,-0.0062464476,0
-0.36905041,-3.0347376,-0.0043160021,0.0070049223,-0.99903548,0.043348111,0
-0.19037437,-2.5024879,3.0211849,0.0059481859,0.043390036,0.99904048,0
-1.158172,-1.8858114,3.1738133,0.0059481859,0.043390036,0.99904048,0
0.33361438,3.1019685,0.061942831,-0.0070049223,0.99903548,-0.043348111,0
-3.5782185,0.31894958,-1.2143726,-0.9999578,-0.0067403577,0.0062464476,0
1.1401328,-2.6259482,-2.94453,-0.0059481859,-0.043390036,-0.99904048,0
-1.6944563,-2.6781363,-2.7927282,-0.0059481859,-0.043390036,-0.99904048,0
-3.5418549,-1.6195037,1.212635,-0.9999578,-0.0067403577,0.0062464476,0
3.5448458,-1.1335906,-0.77989316,0.9999578,0.0067403577,-0.0062464476,0
-0.48257732,-2.7780287,-2.9602141,-0.0059481859,-0.043390036,-0.99904048,0
-3.4628923,-2.010299,-0.45087171,-0.9999578,-0.0067403577,0.0062464476,0
0.25345302,2.9749219,-2.8224523,-0.0070049223,0.99903548,-0.043348111,0
3.4552159,-1.2082372,2.990531,0.9999578,0.0067403577,-0.0062464476,0
1.9586072,3.1034687,1.963841,-0.0070049223,0.99903548,-0.043348111,0
-0.24025106,2.8065379,-2.7980082,-0.0070049223,0.99903548,-0.043348111,0
-3.4919159,0.88640016,-2.6440122,-0.9999578,-0.0067403577,0.0062464476,0
0.78170848,-1.4429202,-3.0346131,-0.0059481859,-0.043390036,-0.99904048,0
1.0779737,3.1353543,1.6164644,-0.0070049223,0.99903548,-0.043348111,0
-2.429786,0.56675935,3.0898428,0.0059481859,0.043390036,0.99904048,0
0.70440304,-3.1875935,-2.4232216,0.0070049223,-0.99903548,0.043348111,0
-0.81605148,-3.1191072,-1.9365546,0.0070049223,-0.99903548,0.043348111,0
3.5778165,-1.4883883,2.8636932,0.9999578,0.0067403577,-0.0062464476,0
3.4640136,-2.7392392,0.99795556,0.9999578,0.0067403577,-0.0062464476,0
0.95103526,2.9184971,-1.2310314,-0.0070049223,0.99903548,-0.043348111,0
2.5495028,-2.8457255,1.8900846,0.0070049223,-0.99903548,0.043348111,0
0.89916968,-3.0120032,-2.6400185,0.0070049223,-0.99903548,0.043348111,0
-1.4300168,-1.3424484,-2.9768639,-0.0059481859,-0.043390036,-0.99904048,0
-3.5616784,-0.72139651,3.0635104,-0.9999578,-0.0067403577,0.0062464476,0
1.6918638,3.1523638,1.2110678,-0.0070049223,0.99903548,-0.043348111,0
1.159874,0.095340014,3.084033,0.0059481859,0.043390036,0.99904048,0
2.2233634,2.5737238,-3.1174941,-0.0059481859,-0.043390036,-0.99904048,0
-3.4971974,-0.34015805,-2.1382666,-0.9999578,-0.0067403577,0.0062464476,0
0.43848777,2.9290566,2.7851124,0.0059481859,0.043390036,0.99904048,0
-0.057137728,2.7166669,2.8337419,0.0059481859,0.043390036,0.99904048,0
-3.4963992,2.5302103,-0.19689941,-0.9999578,-0.0067403577,0.0062464476,0
1.0235971,0.65798366,-3.0422716,-0.0059481859,-0.043390036,-0.99904048,0
-0.41681409,-0.27719185,-3.0637331,-0.0059481859,-0.043390036,-0.99904048,0
3.4762421,2.4441833,-2.1075156,0.9999578,0.0067403577,-0.0062464476,0
0.83385015,-1.6563585,3.0266848,0.0059481859,0.043390036,0.99904048,0
-3.4164629,0.32686564,-1.4349072,-0.9999578,-0.0067403577,0.0062464476,0
-1.226532,1.2671667,2.9331262,0.0059481859,0.043390036,0.99904048,0
1.0507315,1.9833565,-3.1241508,-0.0059481859,-0.043390036,-0.99904048,0
-3.1091199,2.9765716,-0.082535028,-0.0070049223,0.99903548,-0.043348111,0
0.8826952,-1.2370391,2.9740791,0.0059481859,0.043390036,0.99904048,0
2.9851403,3.0447421,-1.4591162,-0.0070049223,0.99903548,-0.043348111,0
2.2413001,2.8602164,2.8565187,0.0059481859,0.043390036,0.99904048,0
2.1478591,2.9277339,-2.1518614,-0.0070049223,0.99903548,-0.043348111,0
-1.1399506,2.9913082,1.8597134,-0.0070049223,0.99903548,-0.043348111,0
0.35427022,1.9908863,3.0010786,0.0059481859,0.043390036,0.99904048,0
1.7177939,-2.4285295,-2.8439651,-0.0059481859,-0.043390036,-0.99904048,0
2.4824915,0.74202299,-3.0532486,-0.0059481859,-0.043390036,-0.99904048,0
3.5577841,0.81712544,-0.58815408,0.9999578,0.0067403577,-0.0062464476,0
-3.389811,-2.9247947,0.38274026,0.0070049223,-0.99903548,0.043348111,0
-2.6573892,0.04039219,3.011961,0.0059481859,0.043390036,0.99904048,0
-3.5785422,2.3036833,-2.0014684,-0.9999578,-0.0067403577,0.0062464476,0
0.6144805,2.997468,-1.4846088,-0.0070049223,0.99903548,-0.043348111,0
3.5798666,2.7575991,0.50848651,0.9999578,0.0067403577,-0.0062464476,0
-0.35148168,2.3496962,2.8750808,0.0059481859,0.043390036,0.99904048,0
-3.4879293,2.7996647,1.5101762,-0.9999578,-0.0067403577,0.0062464476,0
3.4946418,0.45571786,1.3464098,0.9999578,0.0067403577,-0.0062464476,0
-2.4087465,-0.76743382,2.9789889,0.0059481859,0.043390036,0.99904048,0
1.7706592,2.8124585,2.8917336,0.0059481859,0.043390036,0.99904048,0
-1.8425344,3.0606215,-0.10153067,-0.0070049223,0.99903548,-0.043348111,0
3.4988871,-1.3752071,-1.0512383,0.9999578,0.0067403577,-0.0062464476,0
1.8085139,3.1103339,1.2226536,-0.0070049223,0.99903548,-0.043348111,0
3.2885382,-0.16582495,3.0869825,0.0059481859,0.043390036,0.99904048,0
-3.5160146,-0.59602219,-1.4019711,-0.9999578,-0.0067403577,0.0062464476,0
2.94414,-2.9467525,0.032126665,0.0070049223,-0.99903548,0.043348111,0
1.6357603,-0.78490841,2.9788713,0.0059481859,0.043390036,0.99904048,0
-0.70693541,-2.8695538,2.9027514,0.0070049223,-0.99903548,0.043348111,0
-1.8260274,3.0750315,1.1205559,-0.0070049223,0.99903548,-0.043348111,0
-0.63962317,-1.2655125,3.0767059,0.0059481859,0.043390036,0.99904048,0
-3.1045547,3.0320916,1.9136264,-0.0070049223,0.99903548,-0.043348111,0
-3.1355159,-0.90590233,3.0415967,0.0059481859,0.043390036,0.99904048,0
-2.6360629,-0.9801864,-2.864238,-0.0059481859,-0.043390036,-0.99904048,0
2.4766681,-3.0296981,-2.3765962,0.0070049223,-0.99903548,0.043348111,0
2.8955221,-2.8443215,2.9942682,0.0070049223,-0.99903548,0.043348111,0
3.1062152,-2.8584585,1.106132,0.0070049223,-0.99903548,0.043348111,0
3.5101089,1.2679578,-2.8973482,0.9999578,0.0067403577,-0.0062464476,0
-3.4117599,1.144558,1.2699037,-0.9999578,-0.0067403577,0.0062464476,0
2.5106621,3.162411,1.7997501,-0.0070049223,0.99903548,-0.043348111,0
3.4851487,2.1775486,-2.2746048,0.9999578,0.0067403577,-0.0062464476,0
3.4195795,-2.3087163,-0.14639544,0.9999578,0.0067403577,-0.0062464476,0
-3.4116116,-2.9456069,1.4640279,0.0070049223,-0.99903548,0.043348111,0
2.5886762,-0.80243069,3.0326755,0.0059481859,0.043390036,0.99904048,0
-0.46136737,-2.3719354,3.1564395,0.0059481859,0.043390036,0.99904048,0
-0.31835341,-0.75011486,3.0473483,0.0059481859,0.043390036,0.99904048,0
2.8065965,-2.9356756,2.1450651,0.0070049223,-0.99903548,0.043348111,0
-0.61534119,-2.5354929,-2.978471,-0.0059481859,-0.043390036,-0.99904048,0
-0.33019015,2.9147296,0.0048719347,-0.0070049223,0.99903548,-0.043348111,0
-1.0583961,3.0247059,1.0439725,-0.0070049223,0.99903548,-0.043348111,0
-3.5656762,-1.292573,-2.3705873,-0.9999578,-0.0067403577,0.0062464476,0
-1.10789,-2.9362752,0.8157326,0.0070049223,-0.99903548,0.043348111,0
-3.5045991,-2.7926154,1.5790615,-0.9999578,-0.0067403577,0.0062464476,0
2.2876809,-1.1150035,3.0923009,0.0059481859,0.043390036,0.99904048,0
-3.0214674,-1.9718943,-2.8078504,-0.0059481859,-0.043390036,-0.99904048,0
0.522223,-0.65308005,-3.0364091,-0.0059481859,-0.043390036,-0.99904048,0
-1.1876947,-2.977984,1.6312124,0.0070049223,-0.99903548,0.043348111,0
2.5315728,1.7708918,2.9295161,0.0059481859,0.043390036,0.99904048,0
2.1377001,-2.5812409,3.0908024,0.0059481859,0.043390036,0.99904048,0
3.5139375,-1.3979657,-2.1674955,0.9999578,0.0067403577,-0.0062464476,0
-3.4157314,2.0256734,2.8553751,-0.9999578,-0.0067403577,0.0062464476,0
-3.4569073,2.0198929,-1.9405991,-0.9999578,-0.0067403577,0.0062464476,0
-2.9345899,-3.130018,-0.2456522,0.0070049223,-0.99903548,0.043348111,0
-1.7924554,-3.0194547,-1.1184907,0.0070049223,-0.99903548,0.043348111,0
-3.5658917,1.0143907,-0.56895518,-0.9999578,-0.0067403577,0.0062464476,0
-1.991962,2.8554153,-2.8978403,-0.0070049223,0.99903548,-0.043348111,0
2.4667983,3.0533569,2.531353,-0.0070049223,0.99903548,-0.043348111,0
0.44520932,-2.9896469,1.0537933,0.0070049223,-0.99903548,0.043348111,0
-3.4876685,1.5882692,2.5765784,-0.9999578,-0.0067403577,0.0062464476,0
-2.798959,0.70770222,-3.0817106,-0.0059481859,-0.043390036,-0.99904048,0
3.4899139,2.9167328,-0.56977057,0.9999578,0.0067403577,-0.0062464476,0
-3.4996297,-0.68734688,-0.58344913,-0.9999578,-0.0067403577,0.0062464476,0
3.5097523,-2.0363195,-1.2770779,0.9999578,0.0067403577,-0.0062464476,0
3.5895128,-0.38913471,2.3397114,0.9999578,0.0067403577,-0.0062464476,0
-1.908677,-3.0660806,-1.016525,0.0070049223,-0.99903548,0.043348111,0
3.295496,-0.62731236,-2.9434757,-0.0059481859,-0.043390036,-0.99904048,0
-3.3796749,-1.3852276,2.0486133,-0.9999578,-0.0067403577,0.0062464476,0
1.5789241,-2.9195125,0.19753802,0.0070049223,-0.99903548,0.043348111,0
-3.5577352,2.3519142,0.30700469,-0.9999578,-0.0067403577,0.0062464476,0
3.4458444,-2.5104809,2.9984763,0.0059481859,0.043390036,0.99904048,0
3.5784602,2.5144534,0.96336913,0.9999578,0.0067403577,-0.0062464476,0
-2.6350079,-3.0371587,0.9801383,0.0070049223,-0.99903548,0.043348111,0
-3.566977,-2.666965,-1.2095804,-0.9999578,-0.0067403577,0.0062464476,0
0.24165392,-1.6430272,-2.8340499,-0.0059481859,-0.043390036,-0.99904048,0
-0.5746274,0.99656343,3.0081861,0.0059481859,0.043390036,0.99904048,0
2.4272604,-0.93569362,2.9530196,0.0059481859,0.043390036,0.99904048,0
3.5246413,-1.7205544,-0.2256732,0.9999578,0.0067403577,-0.0062464476,0
-1.5174735,2.7796328,-2.9857745,-0.0070049223,0.99903548,-0.043348111,0
-0.062154055,-3.1541231,-1.9323446,0.0070049223,-0.99903548,0.043348111,0
-2.3841858e-05,-2.8813694,2.3231316,0.0070049223,-0.99903548,0.043348111,0
0.060122967,2.1017542,2.9658911,0.0059481859,0.043390036,0.99904048,0
3.5387118,2.3347726,-2.4599435,0.9999578,0.0067403577,-0.0062464476,0
2.3480191,1.4286036,-3.0328681,-0.0059481859,-0.043390036,-0.99904048,0
0.51016331,3.1018019,2.8607569,0.0059481859,0.043390036,0.99904048,0
0.32811761,0.48654515,3.0531912,0.0059481859,0.043390036,0.99904048,0
-3.5859375,2.153548,-1.1874845,-0.9999578,-0.0067403577,0.0062464476,0
-2.8882637,-3.1200831,-0.073256254,0.0070049223,-0.99903548,0.043348111,0
-3.4862134,1.9939041,-2.8649011,-0.9999578,-0.0067403577,0.0062464476,0
-3.4290357,-1.4925505,1.677707,-0.9999578,-0.0067403577,0.0062464476,0
-3.5074897,1.785684,0.53257012,-0.9999578,-0.0067403577,0.0062464476,0
-2.2359133,-0.20312449,-2.8971634,-0.0059481859,-0.043390036,-0.99904048,0
1.1444255,-2.7418013,-2.8577669,-0.0059481859,-0.043390036,-0.99904048,0
0.66060472,-3.083667,-2.8528864,-0.0059481859,-0.043390036,-0.99904048,0
-3.0252376,3.0564072,1.1424553,-0.0070049223,0.99903548,-0.043348111,0
-1.6721771,-2.250664,3.0449924,0.0059481859,0.043390036,0.99904048,0
3.4260502,1.0646123,-2.3981578,0.9999578,0.0067403577,-0.0062464476,0
-3.5554476,1.8755692,1.5841289,-0.9999578,-0.0067403577,0.0062464476,0
-3.4272053,1.6159759,-1.953506,-0.9999578,-0.0067403577,0.0062464476,0
-1.6384308,-2.9099929,1.1014289,0.0070049223,-0.99903548,0.043348111,0
0.048411608,2.874054,-2.184346,-0.0070049223,0.99903548,-0.043348111,0
-1.33759,2.8126674,-3.127614,-0.0059481859,-0.043390036,-0.99904048,0
-3.5693972,-0.075457901,1.8959696,-0.9999578,-0.0067403577,0.0062464476,0
-3.5531807,-2.5263793,0.77784491,-0.9999578,-0.0067403577,0.0062464476,0
-0.19390416,3.0438974,1.4768775,-0.0070049223,0.99903548,-0.043348111,0
-3.5703688,-0.24713451,-1.9637933,-0.9999578,-0.0067403577,0.0062464476,0
-1.9745133,-0.046898142,2.999948,0.0059481859,0.043390036,0.99904048,0
-3.51861,-2.6882789,-2.1617703,-0.9999578,-0.0067403577,0.0062464476,0
1.9811151,3.1088703,2.3068516,-0.0070049223,0.99903548,-0.043348111,0
2.8282247,2.8612354,-3.034236,-0.0070049223,0.99903548,-0.043348111,0
-1.1018081,-2.9842064,-2.8081455,-0.0059481859,-0.043390036,-0.99904048,0
-2.455724,2.4701445,-3.119092,-0.0059481859,-0.043390036,-0.99904048,0
-2.5905483,-0.062811643,3.0657947,0.0059481859,0.043390036,0.99904048,0
-3.4827471,2.293442,0.52472258,-0.9999578,-0.0067403577,0.0062464476,0
-3.5359826,-0.61502451,1.2110691,-0.9999578,-0.0067403577,0.0062464476,0
3.37465,1.5840265,-3.1142497,0.9999578,0.0067403577,-0.0062464476,0
-2.8610535,-0.48102278,3.0068119,0.0059481859,0.043390036,0.99904048,0
-1.9146287,2.89324,-0.54489887,-0.0070049223,0.99903548,-0.043348111,0
-3.5268326,-0.44268653,-0.038813829,-0.9999578,-0.0067403577,0.0062464476,0
1.2854085,2.4377642,-3.1059339,-0.0059481859,-0.043390036,-0.99904048,0
3.2611816,2.9612861,-1.2354848,-0.0070049223,0.99903548,-0.043348111,0
1.861174,2.4611328,-3.0292926,-0.0059481859,-0.043390036,-0.99904048,0
0.64076638,2.920481,-0.97537237,-0.0070049223,0.99903548,-0.043348111,0
3.4981117,-1.7521293,3.015625,0.0059481859,0.043390036,0.99904048,0
-3.3519902,-2.0406969,-2.9423585,-0.0059481859,-0.043390036,-0.99904048,0
2.1885996,-3.1925578,-2.7980473,0.0070049223,-0.99903548,0.043348111,0
-0.5293107,-3.1848738,-2.1655281,0.0070049223,-0.99903548,0.043348111,0
3.5162876,-1.995005,-1.0162714,0.9999578,0.0067403577,-0.0062464476,0
-1.1409824,2.8830636,-2.2783465,-0.0070049223,0.99903548,-0.043348111,0
-3.5340085,2.0244827,-0.88749242,-0.9999578,-0.0067403577,0.0062464476,0
-0.72376513,2.2091441,-3.1266737,-0.0059481859,-0.043390036,-0.99904048,0
3.4051518,1.7842599,-1.2348542,0.9999578,0.0067403577,-0.0062464476,0
2.217675,-2.8254802,2.8822069,0.0070049223,-0.99903548,0.043348111,0
-0.87497568,-2.9388466,2.8589795,0.0070049223,-0.99903548,0.043348111,0
0.43243316,3.0890231,0.20014246,-0.0070049223,0.99903548,-0.043348111,0
-3.2816293,-3.1706142,-2.7178841,0.0070049223,-0.99903548,0.043348111,0
0.21430457,-2.9615884,-0.79912424,0.0070049223,-0.99903548,0.043348111,0
-3.544642,-2.5335307,-1.3371618,-0.9999578,-0.0067403577,0.0062464476,0
-1.6034878,3.0494013,1.5517597,-0.0070049223,0.99903548,-0.043348111,0
-0.037237525,-2.8377903,1.7793323,0.0070049223,-0.99903548,0.043348111,0
0.53946114,0.85293025,-3.0252895,-0.0059481859,-0.043390036,-0.99904048,0
3.4011779,-2.3571315,-2.8487689,0.9999578,0.0067403577,-0.0062464476,0
1.9760666,2.9881377,-0.10154116,-0.0070049223,0.99903548,-0.043348111,0
-2.1542134,1.6359828,3.0306561,0.0059481859,0.043390036,0.99904048,0
-3.5650177,-2.7068,2.1473398,-0.9999578,-0.0067403577,0.0062464476,0
-1.1726085,3.0208664,2.8154707,0.0059481859,0.043390036,0.99904048,0
-1.3948196,2.9561062,-1.2090515,-0.0070049223,0.99903548,-0.043348111,0
-3.4460344,-2.7521358,2.7625406,-0.9999578,-0.0067403577,0.0062464476,0
2.3715663,-2.9492524,0.68303382,0.0070049223,-0.99903548,0.043348111,0
-1.608582,-0.34789941,3.0144963,0.0059481859,0.043390036,0.99904048,0
-3.514658,-2.3741739,0.47985053,-0.9999578,-0.0067403577,0.0062464476,0
-3.487,-2.9028153,1.4558194,-0.9999578,-0.0067403577,0.0062464476,0
-3.5696974,0.1291775,2.2512209,-0.9999578,-0.0067403577,0.0062464476,0
-0.074147224,-0.38995472,-2.9734123,-0.0059481859,-0.043390036,-0.99904048,0
0.2183001,2.6753368,-3.1784604,-0.0059481859,-0.043390036,-0.99904048,0
-2.39361,-2.849478,2.0641835,0.0070049223,-0.99903548,0.043348111,0
1.3570665,-3.0299118,0.98110068,0.0070049223,-0.99903548,0.043348111,0
-3.2596848,2.7765639,-2.7201123,-0.0070049223,0.99903548,-0.043348111,0
-3.4325223,0.30196774,-0.085292816,-0.9999578,-0.0067403577,0.0062464476,0
2.6333265,-0.030533444,-3.0871358,-0.0059481859,-0.043390036,-0.99904048,0
1.0640702,2.8758605,-2.930728,-0.0070049223,0.99903548,-0.043348111,0
-2.7429974,-2.9763625,0.39875913,0.0070049223,-0.99903548,0.043348111,0
2.9645262,-3.0292563,-1.0762615,0.0070049223,-0.99903548,0.043348111,0
-3.5378404,0.80067885,0.67834711,-0.9999578,-0.0067403577,0.0062464476,0
3.4463463,-1.8239083,2.4297462,0.9999578,0.0067403577,-0.0062464476,0
-3.5026395,2.7006388,-0.32060051,-0.9999578,-0.0067403577,0.0062464476,0
3.4622283,2.8892829,0.447927,0.9999578,0.0067403577,-0.0062464476,0
-2.8565798,-2.3351429,3.095206,0.0059481859,0.043390036,0.99904048,0
-3.4179897,-2.8316612,1.6477289,-0.9999578,-0.0067403577,0.0062464476,0
3.5879996,-2.1394455,1.9743557,0.9999578,0.0067403577,-0.0062464476,0
-3.4779463,1.1688462,1.9638548,-0.9999578,-0.0067403577,0.0062464476,0
-3.5498786,-2.9637122,-1.1950107,-0.9999578,-0.0067403577,0.0062464476,0
3.5396588,2.4972281,1.9278413,0.9999578,0.0067403577,-0.0062464476,0
-3.5255027,-2.6424499,1.4809685,-0.9999578,-0.0067403577,0.0062464476,0
3.4736648,0.71735966,1.5372077,0.9999578,0.0067403577,-0.0062464476,0
3.5298679,-0.028472163,1.5195612,0.9999578,0.0067403577,-0.0062464476,0
3.5627353,1.1969886,2.8138933,0.9999578,0.0067403577,-0.0062464476,0
3.0723901,-2.2817905,-2.8997798,-0.0059481859,-0.043390036,-0.99904048,0
3.4069386,-3.096221,-2.022779,0.0070049223,-0.99903548,0.043348111,0
-1.2164249,1.7130427,-3.1128979,-0.0059481859,-0.043390036,-0.99904048,0
1.7536409,2.9652958,-1.92862,-0.0070049223,0.99903548,-0.043348111,0
-2.4473827,0.1024143,-2.9926953,-0.0059481859,-0.043390036,-0.99904048,0
-3.4299262,-1.7177736,-2.0075366,-0.9999578,-0.0067403577,0.0062464476,0
3.4884076,-1.2843661,0.79694104,0.9999578,0.0067403577,-0.0062464476,0
0.32775617,2.9487507,-1.5248482,-0.0070049223,0.99903548,-0.043348111,0
3.0901432,-2.8985369,0.024320364,0.0070049223,-0.99903548,0.043348111,0
1.5956213,1.4294722,2.8536723,0.0059481859,0.043390036,0.99904048,0
-2.3856146,-2.8418567,2.8873439,0.0070049223,-0.99903548,0.043348111,0
1.8219922,-2.813365,2.1883223,0.0070049223,-0.99903548,0.043348111,0
2.9862411,3.1320567,2.2847321,-0.0070049223,0.99903548,-0.043348111,0
3.6203666,-2.3673394,1.1977036,0.9999578,0.0067403577,-0.0062464476,0
-1.7874687,-1.4027964,-2.867794,-0.0059481859,-0.043390036,-0.99904048,0
-3.0342994,2.9172153,0.57044053,-0.0070049223,0.99903548,-0.043348111,0
-0.15627414,3.0270483,0.62385619,-0.0070049223,0.99903548,-0.043348111,0
1.1651881,3.0475476,2.7774973,0.0059481859,0.043390036,0.99904048,0
-3.5116887,0.27777418,1.058784,-0.9999578,-0.0067403577,0.0062464476,0
-2.5356236,-2.5668206,3.1400461,0.0059481859,0.043390036,0.99904048,0
-2.8757203,-0.82612044,-2.9609895,-0.0059481859,-0.043390036,-0.99904048,0
-0.51210856,1.4191232,2.9752064,0.0059481859,0.043390036,0.99904048,0
3.0513587,3.2138386,2.2113495,-0.0070049223,0.99903548,-0.043348111,0
-0.70754981,0.78815079,-2.9691296,-0.0059481859,-0.043390036,-0.99904048,0
-3.5937963,-2.1760526,-1.3519359,-0.9999578,-0.0067403577,0.0062464476,0
3.5742574,-0.69235438,-0.99407363,0.9999578,0.0067403577,-0.0062464476,0
-2.3461826,2.3395014,-2.993314,-0.0059481859,-0.043390036,-0.99904048,0
-0.85944283,2.9392171,0.70750511,-0.0070049223,0.99903548,-0.043348111,0
1.7497092,2.8979797,-1.0986257,-0.0070049223,0.99903548,-0.043348111,0
-3.2591767,0.23272422,-2.9119511,-0.0059481859,-0.043390036,-0.99904048,0
2.6564567,3.0471067,-0.91937971,-0.0070049223,0.99903548,-0.043348111,0
-2.038142,-3.1421661,-1.5501077,0.0070049223,-0.99903548,0.043348111,0
3.5154424,-1.2188075,3.0488808,0.0059481859,0.043390036,0.99904048,0
0.6610043,-0.27144504,2.9899888,0.0059481859,0.043390036,0.99904048,0
2.5915523,2.2098365,-3.2057242,-0.0059481859,-0.043390036,-0.99904048,0
1.3763646,-2.8383188,1.3608018,0.0070049223,-0.99903548,0.043348111,0
-3.5149879,-0.80424213,-0.60705876,-0.9999578,-0.0067403577,0.0062464476,0
-2.4654136,2.9306755,0.39892077,-0.0070049223,0.99903548,-0.043348111,0
-1.3664978,-1.0720043,3.04915,0.0059481859,0.043390036,0.99904048,0
-1.2284483,-2.8716338,1.7354124,0.0070049223,-0.99903548,0.043348111,0
3.5909042,-1.9651107,0.86305499,0.9999578,0.0067403577,-0.0062464476,0
-0.084664583,-0.60182214,3.1098394,0.0059481859,0.043390036,0.99904048,0
-1.5929735,2.5067918,-3.1341925,-0.0059481859,-0.043390036,-0.99904048,0
2.4079187,2.8727827,2.8188972,0.0059481859,0.043390036,0.99904048,0
3.5049753,0.71965754,-0.40065074,0.9999578,0.0067403577,-0.0062464476,0
-3.5033631,-2.6287365,0.90246415,-0.9999578,-0.0067403577,0.0062464476,0
-3.5756495,0.12005946,-3.0766211,-0.0059481859,-0.043390036,-0.99904048,0
-2.7717018,3.0493808,2.5648787,-0.0070049223,0.99903548,-0.043348111,0
-1.6606576,-2.9845903,2.3757124,0.0070049223,-0.99903548,0.043348111,0
-0.62937713,-2.983232,-1.6204417,0.0070049223,-0.99903548,0.043348111,0
3.4143267,1.7361263,-1.8389492,0.9999578,0.0067403577,-0.0062464476,0
0.91683674,-3.1604834,-2.2144241,0.0070049223,-0.99903548,0.043348111,0
3.5812654,1.3961084,-0.98290062,0.9999578,0.0067403577,-0.0062464476,0
-2.4928622,-2.6756263,3.2123523,0.0059481859,0.043390036,0.99904048,0
1.9763763,0.78413713,-3.016623,-0.0059481859,-0.043390036,-0.99904048,0
0.66689396,2.0995312,2.9317195,0.0059481859,0.043390036,0.99904048,0
2.9887362,-1.6040019,3.1136527,0.0059481859,0.043390036,0.99904048,0
-3.5888398,0.48954964,-2.0699153,-0.9999578,-0.0067403577,0.0062464476,0
-2.7620163,0.735937,-3.070395,-0.0059481859,-0.043390036,-0.99904048,0
0.21699911,-3.0189586,0.71139765,0.0070049223,-0.99903548,0.043348111,0
3.5893826,-1.1402504,-2.5689244,0.9999578,0.0067403577,-0.0062464476,0
1.9277463,-2.2219095,-2.994,-0.0059481859,-0.043390036,-0.99904048,0
2.990118,-2.8878469,0.40535522,0.0070049223,-0.99903548,0.043348111,0
1.8699359,-3.0512478,-1.3570217,0.0070049223,-0.99903548,0.043348111,0
0.92221951,3.0117776,1.3887105,-0.0070049223,0.99903548,-0.043348111,0
-1.3702857,-2.8176336,2.4674001,0.0070049223,-0.99903548,0.043348111,0
-0.28211737,3.0331738,2.6199467,-0.0070049223,0.99903548,-0.043348111,0
3.3718624,2.9896588,-0.49773788,-0.0070049223,0.99903548,-0.043348111,0
2.5153511,3.044528,-1.5758839,-0.0070049223,0.99903548,-0.043348111,0
0.96162474,2.9954948,-0.17650729,-0.0070049223,0.99903548,-0.043348111,0
-3.4593525,-0.16948332,2.7074893,-0.9999578,-0.0067403577,0.0062464476,0
0.97095764,3.040714,0.24667186,-0.0070049223,0.99903548,-0.043348111,0
-3.4824865,2.4673932,0.21020532,-0.9999578,-0.0067403577,0.0062464476,0
-0.58285522,-1.8538445,3.1298046,0.0059481859,0.043390036,0.99904048,0
-3.4761784,-2.8430374,0.56694841,-0.9999578,-0.0067403577,0.0062464476,0
0.43449342,-3.1272728,-2.3037965,0.0070049223,-0.99903548,0.043348111,0
3.4962559,1.5246167,-2.8355958,0.9999578,0.0067403577,-0.0062464476,0
-2.9895663,2.6223865,-3.0350394,-0.0059481859,-0.043390036,-0.99904048,0
-0.94832158,-2.9811075,-1.4139616,0.0070049223,-0.99903548,0.043348111,0
2.2146337,3.0490732,-1.485837,-0.0070049223,0.99903548,-0.043348111,0
-3.4496329,1.6511225,-1.6858112,-0.9999578,-0.0067403577,0.0062464476,0
3.5067382,-1.9999561,-2.7534211,0.9999578,0.0067403577,-0.0062464476,0
0.77275968,-0.50804257,3.0284901,0.0059481859,0.043390036,0.99904048,0
1.4835665,2.8996999,-0.84977853,-0.0070049223,0.99903548,-0.043348111,0
-3.5043099,0.1360119,-0.56433058,-0.9999578,-0.0067403577,0.0062464476,0
3.4553127,1.4973764,0.17011595,0.9999578,0.0067403577,-0.0062464476,0
3.538846,1.2606763,-1.6576877,0.9999578,0.0067403577,-0.0062464476,0
-0.90216374,2.9128883,-2.5906296,-0.0070049223,0.99903548,-0.043348111,0
2.0406175,3.0171597,0.83125913,-0.0070049223,0.99903548,-0.043348111,0
-1.6110733,0.52860898,2.9282808,0.0059481859,0.043390036,0.99904048,0
3.4140129,2.7393594,-2.2460239,0.9999578,0.0067403577,-0.0062464476,0
-3.4927707,-3.0735302,-2.1862178,-0.9999578,-0.0067403577,0.0062464476,0
-3.4700966,0.37119627,-2.9627876,-0.9999578,-0.0067403577,0.0062464476,0
3.526885,2.4359083,-1.7716804,0.9999578,0.0067403577,-0.0062464476,0
3.4131317,1.8607955,-1.127944,0.9999578,0.0067403577,-0.0062464476,0
-3.3005471,-1.62293,3.0322556,0.0059481859,0.043390036,0.99904048,0
2.5264041,-2.9003701,1.6529944,0.0070049223,-0.99903548,0.043348111,0
-3.5056067,-0.223507,0.55995011,-0.9999578,-0.0067403577,0.0062464476,0
-3.4872694,1.653536,1.334723,-0.9999578,-0.0067403577,0.0062464476,0
-1.6254115,-0.15968959,2.9743738,0.0059481859,0.043390036,0.99904048,0
0.31044257,3.005538,-0.5988636,-0.0070049223,0.99903548,-0.043348111,0
3.5078175,2.0943813,0.42725921,0.9999578,0.0067403577,-0.0062464476,0
-3.4468601,-3.1734135,-2.5840185,-0.9999578,-0.0067403577,0.0062464476,0
-3.4644542,-2.9951158,-0.11762142,0.0070049223,-0.99903548,0.043348111,0
-3.4533548,2.2684808,-2.1554914,-0.9999578,-0.0067403577,0.0062464476,0
-0.36348605,3.0295908,0.057351947,-0.0070049223,0.99903548,-0.043348111,0
-1.9734949,1.7012302,2.9158807,0.0059481859,0.043390036,0.99904048,0
0.58089519,3.000782,1.893502,-0.0070049223,0.99903548,-0.043348111,0
-3.4940472,-2.9565275,2.1105523,0.0070049223,-0.99903548,0.043348111,0
-2.2444212,-0.72918707,3.0244789,0.0059481859,0.043390036,0.99904048,0
-1.947762,-2.4863145,3.0350032,0.0059481859,0.043390036,0.99904048,0
3.542433,-1.9251184,-2.7830632,0.9999578,0.0067403577,-0.0062464476,0
2.9020374,-1.824012,-2.8775434,-0.0059481859,-0.043390036,-0.99904048,0
3.4844398,2.7827003,-2.9861016,0.9999578,0.0067403577,-0.0062464476,0
3.4195476,1.7158545,0.34161687,0.9999578,0.0067403577,-0.0062464476,0
-2.9189308,-0.19368823,3.1115334,0.0059481859,0.043390036,0.99904048,0
0.11536574,1.5178349,-3.0632079,-0.0059481859,-0.043390036,-0.99904048,0
2.9737296,2.849169,-1.8244028,-0.0070049223,0.99903548,-0.043348111,0
2.8906429,-2.9625571,-0.67024326,0.0070049223,-0.99903548,0.043348111,0
-3.5358005,1.4962788,1.6381509,-0.9999578,-0.0067403577,0.0062464476,0
3.4985499,-2.0884135,1.9317824,0.9999578,0.0067403577,-0.0062464476,0
0.74043047,-3.0938334,-2.5508442,0.0070049223,-0.99903548,0.043348111,0
3.5119822,-0.56679583,-0.70562363,0.9999578,0.0067403577,-0.0062464476,0
3.4653568,1.8757401,-1.3498232,0.9999578,0.0067403577,-0.0062464476,0
1.1145245,-2.8173759,1.8897045,0.0070049223,-0.99903548,0.043348111,0
-2.1992269,-2.7961168,3.1819432,0.0059481859,0.043390036,0.99904048,0
-0.38417459,-0.47749835,3.0788403,0.0059481859,0.043390036,0.99904048,0
-0.13285303,-3.0473692,-2.7070048,0.0070049223,-0.99903548,0.043348111,0
2.9595437,-2.8485818,1.7880409,0.0070049223,-0.99903548,0.043348111,0
2.0977592,-2.7877095,2.8855019,0.0070049223,-0.99903548,0.043348111,0
1.9771291,-0.35156888,-3.0156631,-0.0059481859,-0.043390036,-0.99904048,0
-1.0405853,0.15487978,-3.0005984,-0.0059481859,-0.043390036,-0.99904048,0
-3.1337459,-3.0399384,-1.169084,0.0070049223,-0.99903548,0.043348111,0
-0.54715562,-3.0741787,0.058280647,0.0070049223,-0.99903548,0.043348111,0
1.2753644,-0.8305102,-2.9399328,-0.0059481859,-0.043390036,-0.99904048,0
-1.2600646,0.45895955,2.9079008,0.0059481859,0.043390036,0.99904048,0
0.54824543,-2.9000576,2.6506603,0.0070049223,-0.99903548,0.043348111,0
3.4634209,-2.9506526,-2.3843353,0.9999578,0.0067403577,-0.0062464476,0
3.528358,-1.8497488,-1.9038584,0.9999578,0.0067403577,-0.0062464476,0
-1.65815,0.82504439,-2.9518938,-0.0059481859,-0.043390036,-0.99904048,0
2.0511909,2.8941653,-1.8709345,-0.0070049223,0.99903548,-0.043348111,0
2.9309752,0.5330503,-3.1351798,-0.0059481859,-0.043390036,-0.99904048,0
-0.55264974,-0.43527943,3.0874512,0.0059481859,0.043390036,0.99904048,0
-3.4495122,2.9542847,1.8944676,-0.9999578,-0.0067403577,0.0062464476,0
3.5453684,2.2734284,0.42898321,0.9999578,0.0067403577,-0.0062464476,0
0.58746648,-3.0171657,0.46846372,0.0070049223,-0.99903548,0.043348111,0
1.2548327,2.8054688,2.9645252,0.0059481859,0.043390036,0.99904048,0
3.517976,-1.2127259,1.4478207,0.9999578,0.0067403577,-0.0062464476,0
1.2369899,2.9630761,-2.5705159,-0.0070049223,0.99903548,-0.043348111,0
-2.9812174,2.3468916,-3.0034604,-0.0059481859,-0.043390036,-0.99904048,0
-3.0540452,2.9901233,-1.7697163,-0.0070049223,0.99903548,-0.043348111,0
2.3559906,2.0145016,2.9126103,0.0059481859,0.043390036,0.99904048,0
-2.7971816,2.8518109,-1.8090826,-0.0070049223,0.99903548,-0.043348111,0
-0.23681307,-2.3310711,3.1101832,0.0059481859,0.043390036,0.99904048,0
1.5363948,2.9738655,2.9227836,0.0059481859,0.043390036,0.99904048,0
2.0417292,-3.1059148,-2.9229908,0.0070049223,-0.99903548,0.043348111,0
3.4505153,2.7591641,1.6294336,0.9999578,0.0067403577,-0.0062464476,0
-2.8705158,1.4759169,-3.0338633,-0.0059481859,-0.043390036,-0.99904048,0
1.9927328,1.1397094,2.9580388,0.0059481859,0.043390036,0.99904048,0
-3.595156,-2.4581208,-2.5371609,-0.9999578,-0.0067403577,0.0062464476,0
-3.3578022,-2.7396121,3.1261625,0.0059481859,0.043390036,0.99904048,0
3.4736519,-1.1082685,0.15247726,0.9999578,0.0067403577,-0.0062464476,0
0.26240993,1.2892555,-3.1329584,-0.0059481859,-0.043390036,-0.99904048,0
-0.72996098,-2.9488297,-0.68964744,0.0070049223,-0.99903548,0.043348111,0
-2.5514588,-2.9934897,2.5120466,0.0070049223,-0.99903548,0.043348111,0
-1.8887346,-1.3287098,-2.8894954,-0.0059481859,-0.043390036,-0.99904048,0
-3.5034482,-0.42325681,-1.2459004,-0.9999578,-0.0067403577,0.0062464476,0
-3.516624,-1.8047618,-2.7371817,-0.9999578,-0.0067403577,0.0062464476,0
-3.5934427,2.5719385,-0.45991874,-0.9999578,-0.0067403577,0.0062464476,0
3.4257231,1.5380715,0.71995974,0.9999578,0.0067403577,-0.0062464476,0
3.4301128,-2.1829138,-2.2447367,0.9999578,0.0067403577,-0.0062464476,0
2.4884472,-2.2498963,3.1262064,0.0059481859,0.043390036,0.99904048,0
3.5723565,2.9003427,2.3960063,0.9999578,0.0067403577,-0.0062464476,0
-0.44009328,-3.0692317,-1.302685,0.0070049223,-0.99903548,0.043348111,0
2.4658935,0.018959776,2.9919448,0.0059481859,0.043390036,0.99904048,0
-1.0423114,2.8659456,2.8852088,0.0059481859,0.043390036,0.99904048,0
-0.52285719,0.62298107,2.9776573,0.0059481859,0.043390036,0.99904048,0
2.1823764,-2.9045658,0.0033576488,0.0070049223,-0.99903548,0.043348111,0
-3.4719896,-2.5317578,2.4478168,-0.9999578,-0.0067403577,0.0062464476,0
3.479526,2.9636941,0.37247229,-0.0070049223,0.99903548,-0.043348111,0
-3.5243981,-0.94710243,-0.05029726,-0.9999578,-0.0067403577,0.0062464476,0
-3.5016363,-1.5507394,-0.85297608,-0.9999578,-0.0067403577,0.0062464476,0
3.2953448,-3.01316,-1.4021978,0.0070049223,-0.99903548,0.043348111,0
-2.3492317,-3.1668482,-2.0488014,0.0070049223,-0.99903548,0.043348111,0
-3.4409056,-1.6206603,1.9703789,-0.9999578,-0.0067403577,0.0062464476,0
-2.0571623,2.0909781,2.9286804,0.0059481859,0.043390036,0.99904048,0
3.4246678,-2.6293159,-1.9755599,0.9999578,0.0067403577,-0.0062464476,0
2.3362813,3.0621111,-0.6017735,-0.0070049223,0.99903548,-0.043348111,0
-2.9520636,-2.64205,-2.8241582,-0.0059481859,-0.043390036,-0.99904048,0
-3.1193514,2.8058116,-1.8592916,-0.0070049223,0.99903548,-0.043348111,0
3.5868514,-1.142284,-1.6231794,0.9999578,0.0067403577,-0.0062464476,0
3.5534055,-1.625337,2.5414817,0.9999578,0.0067403577,-0.0062464476,0
-1.9325145,-1.2746695,3.0891275,0.0059481859,0.043390036,0.99904048,0
-1.4144268,2.9675434,-2.3088529,-0.0070049223,0.99903548,-0.043348111,0
1.4106534,3.0063596,-1.6916096,-0.0070049223,0.99903548,-0.043348111,0
-3.4504199,0.29719993,1.4143603,-0.9999578,-0.0067403577,0.0062464476,0
2.093102,3.1005244,2.2196,-0.0070049223,0.99903548,-0.043348111,0
-2.0441198,3.0766249,2.1566536,-0.0070049223,0.99903548,-0.043348111,0
2.2739699,2.249053,2.9797392,0.0059481859,0.043390036,0.99904048,0
1.4399643,0.89413071,2.9221234,0.0059481859,0.043390036,0.99904048,0
-2.6662829,3.0155182,2.4228096,-0.0070049223,0.99903548,-0.043348111,0
3.4762321,-1.6047951,-0.60639548,0.9999578,0.0067403577,-0.0062464476,0
-3.3954086,0.16173479,1.0225492,-0.9999578,-0.0067403577,0.0062464476,0
-2.4741876,-0.0028028712,-3.0367708,-0.0059481859,-0.043390036,-0.99904048,0
-3.553869,1.1614913,-0.0052673817,-0.9999578,-0.0067403577,0.0062464476,0
-1.1696442,-2.9657819,0.12659538,0.0070049223,-0.99903548,0.043348111,0
3.595871,-1.9161438,-1.860975,0.9999578,0.0067403577,-0.0062464476,0
-1.3847811,-2.6265287,-2.9039717,-0.0059481859,-0.043390036,-0.99904048,0
-0.35331452,2.9004774,-2.0475528,-0.0070049223,0.99903548,-0.043348111,0
-3.4556704,0.0085021481,1.6938412,-0.9999578,-0.0067403577,0.0062464476,0
-2.3043299,2.9506052,-2.2286658,-0.0070049223,0.99903548,-0.043348111,0
-1.4760618,-2.8406429,1.776832,0.0070049223,-0.99903548,0.043348111,0
-3.5582395,1.1431912,1.8684738,-0.9999578,-0.0067403577,0.0062464476,0
-3.4524493,-2.9242034,0.76446247,0.0070049223,-0.99903548,0.043348111,0
2.0757685,-2.0739977,3.0033917,0.0059481859,0.043390036,0.99904048,0
-1.7186705,2.0649176,2.8770404,0.0059481859,0.043390036,0.99904048,0
1.2707469,-2.9789519,-0.64506924,0.0070049223,-0.99903548,0.043348111,0
2.6051342,-3.1513689,-2.3107061,0.0070049223,-0.99903548,0.043348111,0
-3.2020006,2.9884379,-1.5539931,-0.0070049223,0.99903548,-0.043348111,0
-3.4309454,2.6093097,-0.17971277,-0.9999578,-0.0067403577,0.0062464476,0
-3.4525275,2.1948264,-2.7432003,-0.9999578,-0.0067403577,0.0062464476,0
0.27484393,-2.1703448,3.086405,0.0059481859,0.043390036,0.99904048,0
1.5743569,3.0659499,1.2067901,-0.0070049223,0.99903548,-0.043348111,0
-1.4464049,2.9174893,-2.613066,-0.0070049223,0.99903548,-0.043348111,0
3.0021989,-2.81968,1.5592077,0.0070049223,-0.99903548,0.043348111,0
-1.561573,1.6881192,-2.9934318,-0.0059481859,-0.043390036,-0.99904048,0
2.2697217,0.082450144,-3.0312433,-0.0059481859,-0.043390036,-0.99904048,0
3.410614,0.063555077,1.4386028,0.9999578,0.0067403577,-0.0062464476,0
2.8373187,3.0138054,1.9138141,-0.0070049223,0.99903548,-0.043348111,0
-0.024617672,-2.9478929,-2.8354187,-0.0059481859,-0.043390036,-0.99904048,0
1.4716339,2.5782545,2.8033342,0.0059481859,0.043390036,0.99904048,0
2.258738,-2.9867449,1.4908093,0.0070049223,-0.99903548,0.043348111,0
3.4915247,2.5035517,1.7608899,0.9999578,0.0067403577,-0.0062464476,0
0.87784672,2.8170066,-2.6740649,-0.0070049223,0.99903548,-0.043348111,0
0.54281282,1.6030592,3.0207884,0.0059481859,0.043390036,0.99904048,0
1.8153657,3.1785736,1.8003654,-0.0070049223,0.99903548,-0.043348111,0
-1.8521652,-3.1361034,-2.3417528,0.0070049223,-0.99903548,0.043348111,0
3.4982276,1.4072624,0.015477896,0.9999578,0.0067403577,-0.0062464476,0
3.4750366,0.24544381,1.1490135,0.9999578,0.0067403577,-0.0062464476,0
0.63872743,2.0911503,2.8805149,0.0059481859,0.043390036,0.99904048,0
