0.0019235611,-3.8413701,-3.9444897,0.054842234,-0.99780566,-0.037095688,0
-2.6780205,2.2955866,0.49548018,-0.97908121,-0.04644835,-0.19809692,0
1.0123358,4.1252966,-3.0792727,-0.054842234,0.99780566,0.037095688,0
1.7980075,4.2496881,-2.7475607,-0.054842234,0.99780566,0.037095688,0
-1.5278399,3.7197132,4.1818752,-0.054842234,0.99780566,0.037095688,0
0.57355738,-2.2738564,-5.1995511,0.19593918,0.047183782,-0.97948021,0
-0.16843605,3.8641796,3.3814094,-0.054842234,0.99780566,0.037095688,0
-0.11989856,4.1772971,-2.3112125,-0.054842234,0.99780566,0.037095688,0
-0.47401476,-2.6277022,4.8424826,-0.19593918,-0.047183782,0.97948021,0
1.6878809,-1.0524609,4.4006181,0.97908121,0.04644835,0.19809692,0
-0.21280885,1.3919932,5.0497823,-0.19593918,-0.047183782,0.97948021,0
-0.97482455,1.8577139,5.0426421,-0.19593918,-0.047183782,0.97948021,0
3.034615,-3.7961304,-1.9398482,0.97908121,0.04644835,0.19809692,0
0.34085584,-3.5932419,4.9343867,-0.19593918,-0.047183782,0.97948021,0
0.97104597,-2.0647318,-5.0767837,0.19593918,0.047183782,-0.97948021,0
-1.596328,-4.2169828,3.3790851,0.054842234,-0.99780566,-0.037095688,0
0.66267776,3.9321005,1.0027785,-0.054842234,0.99780566,0.037095688,0
-0.42368484,3.7933083,3.07375,-0.054842234,0.99780566,0.037095688,0
-2.7807426,-2.9256792,2.2615957,-0.97908121,-0.04644835,-0.19809692,0
2.8548784,-1.9668984,-0.86317998,0.97908121,0.04644835,0.19809692,0
0.91012812,-3.8464055,-4.4212475,0.054842234,-0.99780566,-0.037095688,0
-0.49492836,1.5017135,5.1346259,-0.19593918,-0.047183782,0.97948021,0
2.3313551,1.5750377,-4.4841866,0.19593918,0.047183782,-0.97948021,0
-1.7401152,3.8465023,-4.847353,-0.97908121,-0.04644835,-0.19809692,0
1.994822,-3.2317691,-4.8254042,0.19593918,0.047183782,-0.97948021,0
0.24280059,0.84694779,5.1535521,-0.19593918,-0.047183782,0.97948021,0
3.1816077,3.4142666,-4.232873,0.19593918,0.047183782,-0.97948021,0
-1.4717002,-4.1610246,-0.37803364,0.054842234,-0.99780566,-0.037095688,0
-1.3860903,-4.0762949,-2.8935435,0.054842234,-0.99780566,-0.037095688,0
-2.9382842,-0.60528564,1.8745786,-0.97908121,-0.04644835,-0.19809692,0
0.61056376,3.9487269,1.7109925,-0.054842234,0.99780566,0.037095688,0
1.351782,1.5751848,-4.6806431,0.19593918,0.047183782,-0.97948021,0
1.8640074,1.0344322,2.9470582,0.97908121,0.04644835,0.19809692,0
-1.4567747,3.8806181,1.7374537,-0.054842234,0.99780566,0.037095688,0
-0.31864023,2.3829329,-5.0701127,0.19593918,0.047183782,-0.97948021,0
0.11957037,-0.88792479,-5.1022859,0.19593918,0.047183782,-0.97948021,0
2.2970645,-0.78641355,-4.779325,0.19593918,0.047183782,-0.97948021,0
2.0905228,0.29362917,2.1502433,0.97908121,0.04644835,0.19809692,0
2.9593799,3.4859366,-4.2959719,0.19593918,0.047183782,-0.97948021,0
-1.5173774,3.9554319,0.2169686,-0.054842234,0.99780566,0.037095688,0
3.0440502,2.7275319,-3.0342302,0.97908121,0.04644835,0.19809692,0
0.17795897,-3.8444471,-3.3034868,0.054842234,-0.99780566,-0.037095688,0
-2.4041765,0.96537685,4.6360173,-0.19593918,-0.047183782,0.97948021,0
2.8523657,2.7855392,-2.0822008,0.97908121,0.04644835,0.19809692,0
-0.52773422,-1.1756412,4.8814235,-0.19593918,-0.047183782,0.97948021,0
-3.3826351,-2.7379639,4.2897997,-0.19593918,-0.047183782,0.97948021,0
3.0292215,-0.59966397,-4.5635753,0.19593918,0.047183782,-0.97948021,0
-3.3893754,1.4771271,4.5672646,-0.19593918,-0.047183782,0.97948021,0
2.0045364,2.5967817,1.980778,0.97908121,0.04644835,0.19809692,0
-0.74989152,-2.8770816,4.8311005,-0.19593918,-0.047183782,0.97948021,0
1.4637289,4.0422268,3.2264762,-0.054842234,0.99780566,0.037095688,0
-1.0434964,4.0903969,-4.0360627,-0.054842234,0.99780566,0.037095688,0
1.7849088,-4.0053773,3.9204679,0.054842234,-0.99780566,-0.037095688,0
-2.1815941,-1.9794369,4.5473218,-0.19593918,-0.047183782,0.97948021,0
1.8364511,4.1400037,1.0200559,-0.054842234,0.99780566,0.037095688,0
-1.2898722,3.7441254,3.4703364,-0.054842234,0.99780566,0.037095688,0
-1.8732963,3.7518315,1.617933,-0.054842234,0.99780566,0.037095688,0
2.2044296,3.95438,0.5481804,0.97908121,0.04644835,0.19809692,0
-0.32497132,-1.0500203,-5.1995287,0.19593918,0.047183782,-0.97948021,0
-2.6978424,3.8425877,1.1991217,-0.054842234,0.99780566,0.037095688,0
-3.168118,-2.8710549,3.8478949,-0.97908121,-0.04644835,-0.19809692,0
1.504725,4.2527151,-2.7836401,-0.054842234,0.99780566,0.037095688,0
-2.2319169,-0.095418215,-1.5898675,-0.97908121,-0.04644835,-0.19809692,0
-2.3339036,-0.27559566,-0.72755647,-0.97908121,-0.04644835,-0.19809692,0
2.0540645,-3.7643006,-4.7657828,0.054842234,-0.99780566,-0.037095688,0
-3.2103746,-1.5754279,4.3523326,-0.19593918,-0.047183782,0.97948021,0
2.1227968,1.5880921,1.7683201,0.97908121,0.04644835,0.19809692,0
-0.89895153,-3.92169,-1.0916878,0.054842234,-0.99780566,-0.037095688,0
-0.95775032,-4.0019073,-1.0317563,0.054842234,-0.99780566,-0.037095688,0
-3.3249574,-1.1857588,3.9286118,-0.97908121,-0.04644835,-0.19809692,0
-1.920747,-1.5589062,-3.1702521,-0.97908121,-0.04644835,-0.19809692,0
-1.1407645,2.9760838,4.9188762,-0.19593918,-0.047183782,0.97948021,0
-2.3499014,1.0875688,4.6411262,-0.19593918,-0.047183782,0.97948021,0
-1.6264038,2.1601424,-4.9600616,-0.97908121,-0.04644835,-0.19809692,0
3.1931715,-3.2977114,-2.6224806,0.97908121,0.04644835,0.19809692,0
2.7880533,-2.0722132,-4.7364612,0.19593918,0.047183782,-0.97948021,0
-0.14349675,-4.2528262,4.432312,0.054842234,-0.99780566,-0.037095688,0
-1.9130971,-3.6833744,4.5169215,-0.19593918,-0.047183782,0.97948021,0
-1.7197042,-0.30406725,-4.1159649,-0.97908121,-0.04644835,-0.19809692,0
0.69168186,3.9561181,0.84399968,-0.054842234,0.99780566,0.037095688,0
2.4877961,0.79450393,0.2398278,0.97908121,0.04644835,0.19809692,0
2.7690153,-3.7084949,0.13747379,0.97908121,0.04644835,0.19809692,0
0.13382936,-1.7288489,4.9656363,-0.19593918,-0.047183782,0.97948021,0
0.72678846,-0.47005555,-5.058888,0.19593918,0.047183782,-0.97948021,0
-0.80222636,0.92346263,4.9779654,-0.19593918,-0.047183782,0.97948021,0
-1.6368448,3.2698195,-4.9041185,-0.97908121,-0.04644835,-0.19809692,0
-2.3557293,-0.95586789,-0.87424922,-0.97908121,-0.04644835,-0.19809692,0
-3.1698742,3.6735139,4.0803757,-0.054842234,0.99780566,0.037095688,0
2.3203809,-1.7181699,1.2636824,0.97908121,0.04644835,0.19809692,0
-1.919239,-4.1977925,3.1469319,0.054842234,-0.99780566,-0.037095688,0
0.56625843,-2.2016828,-5.0527186,0.19593918,0.047183782,-0.97948021,0
2.6481771,3.9227817,-4.340641,0.19593918,0.047183782,-0.97948021,0
-2.4918523,-3.9726171,0.65287155,-0.97908121,-0.04644835,-0.19809692,0
1.9734482,-4.0532589,3.6013486,0.054842234,-0.99780566,-0.037095688,0
1.1581118,-3.9193163,-0.77129489,0.054842234,-0.99780566,-0.037095688,0
-1.1743329,-2.6837223,-5.4660583,0.19593918,0.047183782,-0.97948021,0
2.2470367,3.1884756,0.33085364,0.97908121,0.04644835,0.19809692,0
2.6834822,1.1864904,-0.6670326,0.97908121,0.04644835,0.19809692,0
-0.63840151,-3.3845673,-5.2940035,0.19593918,0.047183782,-0.97948021,0
2.057075,4.1318436,-0.8815549,-0.054842234,0.99780566,0.037095688,0
-1.1696672,-4.1403799,-0.13601959,0.054842234,-0.99780566,-0.037095688,0
1.344418,3.9161491,2.4823539,-0.054842234,0.99780566,0.037095688,0
2.9529915,-3.6941874,-2.2232695,0.054842234,-0.99780566,-0.037095688,0
-0.68052578,3.9652288,0.48500276,-0.054842234,0.99780566,0.037095688,0
0.79954433,3.0085757,5.4474559,-0.19593918,-0.047183782,0.97948021,0
2.5673339,-0.35198998,-0.056259245,0.97908121,0.04644835,0.19809692,0
-1.5649037,-2.1881757,-4.2232203,-0.97908121,-0.04644835,-0.19809692,0
-2.22822,-4.3226619,3.519613,0.054842234,-0.99780566,-0.037095688,0
-2.4672196,-1.2160442,-0.57328284,-0.97908121,-0.04644835,-0.19809692,0
0.27178812,4.064095,-1.8023773,-0.054842234,0.99780566,0.037095688,0
1.38133,1.4133294,5.4518685,0.97908121,0.04644835,0.19809692,0
1.4185233,-4.010675,2.9859202,0.054842234,-0.99780566,-0.037095688,0
-3.2909474,-0.95390081,4.4311213,-0.19593918,-0.047183782,0.97948021,0
3.4401503,-1.087796,-4.1812434,0.97908121,0.04644835,0.19809692,0
2.493789,2.6421092,-0.00017212331,0.97908121,0.04644835,0.19809692,0
0.97101796,-1.9935572,-5.1023836,0.19593918,0.047183782,-0.97948021,0
0.63153845,-1.9809116,5.1650262,-0.19593918,-0.047183782,0.97948021,0
0.93504453,4.2240019,-3.9531937,-0.054842234,0.99780566,0.037095688,0
2.3809826,4.2510271,-4.324966,-0.054842234,0.99780566,0.037095688,0
1.7713833,-3.8432465,-1.1170716,0.054842234,-0.99780566,-0.037095688,0
-0.66756487,3.2569075,-5.0771761,0.19593918,0.047183782,-0.97948021,0
-1.5238791,3.7535534,2.9232028,-0.054842234,0.99780566,0.037095688,0
-1.8458735,2.0629146,-3.8053191,-0.97908121,-0.04644835,-0.19809692,0
0.6495893,-3.7972512,-4.1642046,0.054842234,-0.99780566,-0.037095688,0
-1.867734,-3.8867731,-2.6268697,-0.97908121,-0.04644835,-0.19809692,0
1.3136811,-4.036871,4.7091007,0.054842234,-0.99780566,-0.037095688,0
-2.4225538,-3.3615894,0.35001698,-0.97908121,-0.04644835,-0.19809692,0
-0.56370401,-3.3176861,4.8919296,-0.19593918,-0.047183782,0.97948021,0
-0.45544624,3.9621248,-1.4669131,-0.054842234,0.99780566,0.037095688,0
3.0201483,-0.59431219,-2.6039357,0.97908121,0.04644835,0.19809692,0
1.1931868,3.9004612,4.8214459,-0.054842234,0.99780566,0.037095688,0
1.964349,-3.8613544,-3.4858985,0.054842234,-0.99780566,-0.037095688,0
0.76059866,-0.71770442,-4.9704518,0.19593918,0.047183782,-0.97948021,0
2.4391408,-0.051417589,-4.6336522,0.19593918,0.047183782,-0.97948021,0
-1.7640848,-4.1622443,2.7912772,0.054842234,-0.99780566,-0.037095688,0
1.7523303,2.9579816,3.3677065,0.97908121,0.04644835,0.19809692,0
-1.5307028,3.0041153,-5.2779388,0.19593918,0.047183782,-0.97948021,0
1.6431879,1.4374027,3.7356248,0.97908121,0.04644835,0.19809692,0
-2.4298043,-4.2133174,1.6565311,0.054842234,-0.99780566,-0.037095688,0
2.772027,3.5347416,-4.4033718,0.19593918,0.047183782,-0.97948021,0
2.1296971,-3.8623366,-2.2021375,0.054842234,-0.99780566,-0.037095688,0
2.4523644,-1.8777902,0.5156914,0.97908121,0.04644835,0.19809692,0
3.2807925,-3.7608116,-3.6988544,0.054842234,-0.99780566,-0.037095688,0
-2.8857188,-4.3863697,4.0584536,0.054842234,-0.99780566,-0.037095688,0
2.3487389,-1.409835,-4.6314931,0.19593918,0.047183782,-0.97948021,0
1.30548,-3.828383,-4.4945731,0.054842234,-0.99780566,-0.037095688,0
-3.446753,0.43125987,4.5202847,-0.19593918,-0.047183782,0.97948021,0
1.3488793,2.3668227,4.943615,0.97908121,0.04644835,0.19809692,0
0.55313802,-0.6905157,-4.9265113,0.19593918,0.047183782,-0.97948021,0
3.0485163,-3.7840211,-1.8775592,0.054842234,-0.99780566,-0.037095688,0
-2.1064301,-0.11451972,4.6591244,-0.19593918,-0.047183782,0.97948021,0
3.2762933,1.0531359,-4.3018818,0.97908121,0.04644835,0.19809692,0
-0.73990345,-3.867455,-2.5579357,0.054842234,-0.99780566,-0.037095688,0
-2.6964071,0.52213216,0.59030402,-0.97908121,-0.04644835,-0.19809692,0
-0.10806322,-3.8924198,-3.6083961,0.054842234,-0.99780566,-0.037095688,0
0.47616386,4.0960388,-2.022022,-0.054842234,0.99780566,0.037095688,0
0.2558279,3.1210968,-4.8879447,0.19593918,0.047183782,-0.97948021,0
1.4756618,3.6745381,-4.7298188,0.19593918,0.047183782,-0.97948021,0
-1.5335816,-0.79842687,4.680336,-0.19593918,-0.047183782,0.97948021,0
-2.6578126,1.8485746,4.7597136,-0.19593918,-0.047183782,0.97948021,0
-2.0447013,3.9973521,-1.1387312,-0.054842234,0.99780566,0.037095688,0
2.3051004,4.2576823,-3.8941817,-0.054842234,0.99780566,0.037095688,0
1.6183429,-1.1873312,4.4056921,0.97908121,0.04644835,0.19809692,0
2.3593016,3.1991725,-4.4191079,0.19593918,0.047183782,-0.97948021,0
-1.5139334,3.4723077,5.0222125,-0.19593918,-0.047183782,0.97948021,0
-1.6304562,-2.0858157,4.5798182,-0.19593918,-0.047183782,0.97948021,0
-0.8972106,-3.9251831,-3.4782035,0.054842234,-0.99780566,-0.037095688,0
1.4457052,-3.9911947,1.1001022,0.054842234,-0.99780566,-0.037095688,0
1.0612864,3.0671551,-4.6906466,0.19593918,0.047183782,-0.97948021,0
-2.2842026,2.7633562,4.7748337,-0.19593918,-0.047183782,0.97948021,0
-3.0872583,0.81249046,2.0159607,-0.97908121,-0.04644835,-0.19809692,0
-0.18609333,3.890882,2.0521774,-0.054842234,0.99780566,0.037095688,0
3.1372027,-0.45718169,-3.0919287,0.97908121,0.04644835,0.19809692,0
2.2654533,3.7500372,0.73977172,0.97908121,0.04644835,0.19809692,0
-1.7878468,-0.41606891,-3.3128991,-0.97908121,-0.04644835,-0.19809692,0
-0.4420476,-3.986804,0.90015608,0.054842234,-0.99780566,-0.037095688,0
-2.2999992,-4.3033934,3.9491608,0.054842234,-0.99780566,-0.037095688,0
-0.089201212,1.9103088,5.0954704,-0.19593918,-0.047183782,0.97948021,0
3.1656225,1.8715633,-3.852762,0.97908121,0.04644835,0.19809692,0
1.6898065,2.6365259,3.6271722,0.97908121,0.04644835,0.19809692,0
0.84407997,1.6632541,-4.9139981,0.19593918,0.047183782,-0.97948021,0
1.2399124,-1.8927627,5.2107306,-0.19593918,-0.047183782,0.97948021,0
3.1309621,4.2980661,-4.1797504,0.19593918,0.047183782,-0.97948021,0
-1.6289002,0.22851431,4.7947869,-0.19593918,-0.047183782,0.97948021,0
-2.0011866,-2.9411249,-1.8235135,-0.97908121,-0.04644835,-0.19809692,0
-2.4441226,-0.92198992,0.027807191,-0.97908121,-0.04644835,-0.19809692,0
-0.57166207,-0.75777471,4.8720603,-0.19593918,-0.047183782,0.97948021,0
2.9062643,2.4030328,-4.3975272,0.19593918,0.047183782,-0.97948021,0
0.17264462,4.1093984,-3.782876,-0.054842234,0.99780566,0.037095688,0
2.3308864,4.0057158,-0.014491934,0.97908121,0.04644835,0.19809692,0
-1.5970767,-1.6286936,-4.2529898,-0.97908121,-0.04644835,-0.19809692,0
-1.3308182,-4.2149572,1.6789248,0.054842234,-0.99780566,-0.037095688,0
0.71727729,2.1923532,5.3046856,-0.19593918,-0.047183782,0.97948021,0
1.9639913,-3.5427558,3.9173851,0.97908121,0.04644835,0.19809692,0
1.2978795,-4.0683937,4.7637954,0.054842234,-0.99780566,-0.037095688,0
-2.9923372,-2.0646048,4.3711605,-0.19593918,-0.047183782,0.97948021,0
1.0235965,0.71474409,5.2867937,-0.19593918,-0.047183782,0.97948021,0
3.1602461,4.2541327,-4.2719421,0.19593918,0.047183782,-0.97948021,0
0.86832058,-1.9274285,-4.9458499,0.19593918,0.047183782,-0.97948021,0
1.5325657,0.16472435,5.2344708,0.97908121,0.04644835,0.19809692,0
-2.5350127,1.6688447,-0.27342838,-0.97908121,-0.04644835,-0.19809692,0
-1.3522873,-2.8130727,-5.4593773,0.19593918,0.047183782,-0.97948021,0
-3.029902,0.90313482,1.9237373,-0.97908121,-0.04644835,-0.19809692,0
2.0391352,-3.3795397,-4.8436213,0.19593918,0.047183782,-0.97948021,0
1.1427085,4.1379218,-3.4461088,-0.054842234,0.99780566,0.037095688,0
2.9029362,-1.8584197,-4.6317792,0.19593918,0.047183782,-0.97948021,0
-2.0940814,3.8506589,0.28030121,-0.054842234,0.99780566,0.037095688,0
1.0211537,-4.0417213,4.231607,0.054842234,-0.99780566,-0.037095688,0
0.21910548,-2.0175455,-5.0758052,0.19593918,0.047183782,-0.97948021,0
-1.1400595,4.1241989,-2.2411187,-0.054842234,0.99780566,0.037095688,0
-3.299006,-1.3424504,4.1821508,-0.97908121,-0.04644835,-0.19809692,0
-2.0761826,0.96461976,4.7540069,-0.19593918,-0.047183782,0.97948021,0
-2.8487062,-3.5354009,1.8597353,-0.97908121,-0.04644835,-0.19809692,0
2.4735951,3.118639,0.033714522,0.97908121,0.04644835,0.19809692,0
1.6386809,3.7679317,3.1773136,0.97908121,0.04644835,0.19809692,0
1.3965821,4.2967386,-3.8260689,-0.054842234,0.99780566,0.037095688,0
-1.5873405,1.7621206,-4.849227,-0.97908121,-0.04644835,-0.19809692,0
0.6490221,2.9398952,5.2864428,-0.19593918,-0.047183782,0.97948021,0
-3.180469,1.7605004,4.4624338,-0.19593918,-0.047183782,0.97948021,0
3.2966452,0.49436235,-3.9322443,0.97908121,0.04644835,0.19809692,0
0.55312848,-3.816453,-1.9904928,0.054842234,-0.99780566,-0.037095688,0
2.0113544,-3.7186551,3.6343117,0.97908121,0.04644835,0.19809692,0
-3.0790761,-1.2221305,3.2819686,-0.97908121,-0.04644835,-0.19809692,0
0.86213541,-3.7233591,5.1710577,-0.19593918,-0.047183782,0.97948021,0
2.4347739,2.953567,-0.6102621,0.97908121,0.04644835,0.19809692,0
2.1304913,3.0450668,1.0762765,0.97908121,0.04644835,0.19809692,0
1.7427187,-2.914952,4.6605544,0.97908121,0.04644835,0.19809692,0
-0.42431283,4.0436463,-4.9244475,0.19593918,0.047183782,-0.97948021,0
-2.8354807,-2.7385638,4.3738699,-0.19593918,-0.047183782,0.97948021,0
-1.6881738,-0.85700798,-3.6124372,-0.97908121,-0.04644835,-0.19809692,0
1.1098514,1.3465453,5.4619541,-0.19593918,-0.047183782,0.97948021,0
-3.4804683,1.6915276,4.4917722,-0.19593918,-0.047183782,0.97948021,0
2.4222813,1.4137844,0.30135036,0.97908121,0.04644835,0.19809692,0
-0.46344709,-3.8431666,-3.0027142,0.054842234,-0.99780566,-0.037095688,0
1.6241932,-0.30202127,-4.8080077,0.19593918,0.047183782,-0.97948021,0
-1.9408128,2.2142656,-4.0423388,-0.97908121,-0.04644835,-0.19809692,0
-1.0092721,-3.3435335,4.6947756,-0.19593918,-0.047183782,0.97948021,0
-1.2566862,0.83701503,-5.3250785,0.19593918,0.047183782,-0.97948021,0
2.8767848,2.2475455,-2.2664175,0.97908121,0.04644835,0.19809692,0
-2.2267008,-4.2938175,2.5884068,0.054842234,-0.99780566,-0.037095688,0
-1.9791541,3.2094073,4.8941917,-0.19593918,-0.047183782,0.97948021,0
-2.8220363,-3.4554656,2.0381143,-0.97908121,-0.04644835,-0.19809692,0
-2.4429071,0.61656523,-0.26816112,-0.97908121,-0.04644835,-0.19809692,0
0.66579795,-3.695601,-5.0126472,0.054842234,-0.99780566,-0.037095688,0
2.5641589,-2.739795,0.76901358,0.97908121,0.04644835,0.19809692,0
1.699023,3.4096985,3.2699845,0.97908121,0.04644835,0.19809692,0
1.2969664,-2.4751663,-5.0506473,0.19593918,0.047183782,-0.97948021,0
1.9831524,0.71212971,2.2816453,0.97908121,0.04644835,0.19809692,0
2.6432352,1.0680995,-0.74823606,0.97908121,0.04644835,0.19809692,0
-2.3166499,-4.3546305,3.3001397,0.054842234,-0.99780566,-0.037095688,0
3.0491235,-3.695482,-3.1751893,0.054842234,-0.99780566,-0.037095688,0
1.404506,-4.1099067,4.7343049,0.054842234,-0.99780566,-0.037095688,0
-2.3305454,-2.4911005,4.5499263,-0.19593918,-0.047183782,0.97948021,0
0.15112185,0.79758698,5.2367415,-0.19593918,-0.047183782,0.97948021,0
1.7726133,3.5711746,2.5376422,0.97908121,0.04644835,0.19809692,0
1.7778571,2.7086759,3.2160227,0.97908121,0.04644835,0.19809692,0
-2.741492,-0.31755114,0.51962209,-0.97908121,-0.04644835,-0.19809692,0
1.2550092,0.16136253,5.4293251,-0.19593918,-0.047183782,0.97948021,0
-1.0418878,-4.1315756,-0.85288429,0.054842234,-0.99780566,-0.037095688,0
-0.70615315,-1.7434964,-5.2581873,0.19593918,0.047183782,-0.97948021,0
-0.14201379,-3.9802799,1.7127361,0.054842234,-0.99780566,-0.037095688,0
-1.9501536,3.6013527,4.9185381,-0.19593918,-0.047183782,0.97948021,0
3.047096,-0.25121212,-2.4115651,0.97908121,0.04644835,0.19809692,0
-2.8688002,-1.9978037,2.225852,-0.97908121,-0.04644835,-0.19809692,0
2.6075168,-3.6637094,-2.796967,0.054842234,-0.99780566,-0.037095688,0
-2.5800538,-4.2861109,3.8352857,0.054842234,-0.99780566,-0.037095688,0
-2.3084888,-1.2205195,4.6632767,-0.19593918,-0.047183782,0.97948021,0
1.0746939,-3.9371421,-1.8104175,0.054842234,-0.99780566,-0.037095688,0
1.0420338,-3.3384416,5.1391163,-0.19593918,-0.047183782,0.97948021,0
2.4019079,-0.74876642,1.0328817,0.97908121,0.04644835,0.19809692,0
3.3024237,-1.8331156,-3.5420687,0.97908121,0.04644835,0.19809692,0
-0.33060291,-0.44855139,5.0889683,-0.19593918,-0.047183782,0.97948021,0
-2.0714126,3.1048887,-2.7281427,-0.97908121,-0.04644835,-0.19809692,0
0.1896286,-1.1875921,-5.0281949,0.19593918,0.047183782,-0.97948021,0
1.7333343,-1.8753089,-4.7939258,0.19593918,0.047183782,-0.97948021,0
1.2911978,3.2192776,5.5578794,0.97908121,0.04644835,0.19809692,0
-0.8405993,4.1328764,-2.6358953,-0.054842234,0.99780566,0.037095688,0
0.075052261,-3.7133493,-5.3023243,0.054842234,-0.99780566,-0.037095688,0
2.0923388,-3.9405971,-0.12997055,0.054842234,-0.99780566,-0.037095688,0
3.5690143,-3.0927336,-4.5668516,0.19593918,0.047183782,-0.97948021,0
-1.0787382,4.0005493,-2.1775994,-0.054842234,0.99780566,0.037095688,0
-1.6672299,3.9237537,-0.91428053,-0.054842234,0.99780566,0.037095688,0
-3.2231541,-1.2088838,4.5019178,-0.19593918,-0.047183782,0.97948021,0
0.72803092,3.1573529,5.404799,-0.19593918,-0.047183782,0.97948021,0
-2.6572704,-1.0553538,0.29167947,-0.97908121,-0.04644835,-0.19809692,0
-1.7243429,-1.7384971,4.7718663,-0.19593918,-0.047183782,0.97948021,0
-2.4470739,2.0006614,4.7050619,-0.19593918,-0.047183782,0.97948021,0
-0.75331432,1.1896938,-5.2546043,0.19593918,0.047183782,-0.97948021,0
-0.56163597,4.2020373,-3.5386775,-0.054842234,0.99780566,0.037095688,0
-0.66938066,-4.1981063,1.6811692,0.054842234,-0.99780566,-0.037095688,0
-2.0456927,3.7430379,4.6582828,-0.054842234,0.99780566,0.037095688,0
0.34906292,4.0163312,-0.45984876,-0.054842234,0.99780566,0.037095688,0
2.2150016,3.9943013,-4.5113788,0.19593918,0.047183782,-0.97948021,0
1.3954128,0.87495613,5.4197426,0.97908121,0.04644835,0.19809692,0
2.9728048,-3.3323653,-0.90932614,0.97908121,0.04644835,0.19809692,0
1.0302968,-3.224124,-5.0078716,0.19593918,0.047183782,-0.97948021,0
-1.6627505,-2.0529809,-4.008028,-0.97908121,-0.04644835,-0.19809692,0
0.6091069,-0.86725879,5.2862606,-0.19593918,-0.047183782,0.97948021,0
-2.3976316,-4.0565052,0.62333071,-0.97908121,-0.04644835,-0.19809692,0
-2.0306225,-0.453951,-2.4788597,-0.97908121,-0.04644835,-0.19809692,0
1.5161963,-3.9616752,-0.11568278,0.054842234,-0.99780566,-0.037095688,0
1.202662,4.0377231,-0.73343545,-0.054842234,0.99780566,0.037095688,0
0.45586109,4.0936813,-1.0053451,-0.054842234,0.99780566,0.037095688,0
-2.540379,2.048574,-0.65389174,-0.97908121,-0.04644835,-0.19809692,0
-3.0898714,-2.7076521,4.3507624,-0.19593918,-0.047183782,0.97948021,0
-2.6467967,3.8348775,1.7305701,-0.054842234,0.99780566,0.037095688,0
0.66864204,-4.186038,4.1478381,0.054842234,-0.99780566,-0.037095688,0
-1.1339545,-3.9876995,-2.0368443,0.054842234,-0.99780566,-0.037095688,0
1.3930084,-3.6293783,5.2431154,-0.19593918,-0.047183782,0.97948021,0
-3.2812829,2.0118368,3.077739,-0.97908121,-0.04644835,-0.19809692,0
-3.3808541,1.5452569,3.8070502,-0.97908121,-0.04644835,-0.19809692,0
1.5348721,-1.7297535,-4.8129573,0.19593918,0.047183782,-0.97948021,0
-2.7626595,0.80650568,1.1973847,-0.97908121,-0.04644835,-0.19809692,0
0.65517437,-2.9133043,5.0944643,-0.19593918,-0.047183782,0.97948021,0
1.9835689,1.6771811,-4.5622296,0.19593918,0.047183782,-0.97948021,0
0.86959434,-2.7092083,-4.9631257,0.19593918,0.047183782,-0.97948021,0
0.47348285,-3.4761558,5.0678067,-0.19593918,-0.047183782,0.97948021,0
2.0530288,-0.095906734,-4.7111292,0.19593918,0.047183782,-0.97948021,0
-1.4004936,3.8454967,0.85989577,-0.054842234,0.99780566,0.037095688,0
-0.92619061,-3.1354699,-5.4276915,0.19593918,0.047183782,-0.97948021,0
-2.1169422,2.467869,4.8986745,-0.19593918,-0.047183782,0.97948021,0
3.2807264,1.7000632,-3.5607483,0.97908121,0.04644835,0.19809692,0
0.11257088,-1.7342939,5.0933843,-0.19593918,-0.047183782,0.97948021,0
1.2612593,-1.7193899,-4.9290872,0.19593918,0.047183782,-0.97948021,0
2.4194853,-2.2436717,1.491871,0.97908121,0.04644835,0.19809692,0
-0.30353737,-4.0145731,4.767189,-0.19593918,-0.047183782,0.97948021,0
-2.3398497,1.4963834,4.7769413,-0.19593918,-0.047183782,0.97948021,0
0.83857393,0.36726934,5.2603297,-0.19593918,-0.047183782,0.97948021,0
-1.3387022,-3.4884884,4.5844908,-0.19593918,-0.047183782,0.97948021,0
0.23289585,4.102365,-1.8881292,-0.054842234,0.99780566,0.037095688,0
-1.018747,-0.0065640807,4.9792676,-0.19593918,-0.047183782,0.97948021,0
0.37173206,0.052442648,-4.9384661,0.19593918,0.047183782,-0.97948021,0
2.4314101,-0.50048971,0.58566105,0.97908121,0.04644835,0.19809692,0
1.8845356,0.63194275,2.6556673,0.97908121,0.04644835,0.19809692,0
-2.7197943,-4.2415652,3.2860653,0.054842234,-0.99780566,-0.037095688,0
-1.7477694,0.66196823,4.7213359,-0.19593918,-0.047183782,0.97948021,0
2.0995021,2.0776587,2.1141944,0.97908121,0.04644835,0.19809692,0
0.63318038,-3.985002,1.0503331,0.054842234,-0.99780566,-0.037095688,0
-3.1306739,-0.74335217,2.7794878,-0.97908121,-0.04644835,-0.19809692,0
-0.24226546,-2.6779487,-5.3302889,0.19593918,0.047183782,-0.97948021,0
-0.6731782,-3.7103171,-5.5166292,0.19593918,0.047183782,-0.97948021,0
-2.2719121,-1.9455286,4.6434112,-0.19593918,-0.047183782,0.97948021,0
0.077471256,0.71681738,5.054162,-0.19593918,-0.047183782,0.97948021,0
-2.3190877,0.066790581,-1.1716847,-0.97908121,-0.04644835,-0.19809692,0
-2.207098,3.0277503,-2.0938234,-0.97908121,-0.04644835,-0.19809692,0
2.3548858,1.1094881,-4.4961424,0.19593918,0.047183782,-0.97948021,0
-2.1309154,3.6236956,-3.3255601,-0.97908121,-0.04644835,-0.19809692,0
2.6152725,4.2211938,-1.5321119,-0.054842234,0.99780566,0.037095688,0
3.1612549,1.9102076,-4.373456,0.19593918,0.047183782,-0.97948021,0
2.7423561,-2.606509,-0.38352644,0.97908121,0.04644835,0.19809692,0
0.55910504,-2.2401111,5.1869121,-0.19593918,-0.047183782,0.97948021,0
-0.16583586,3.9627984,3.6554635,-0.054842234,0.99780566,0.037095688,0
-2.9055963,3.8687379,1.8655143,-0.054842234,0.99780566,0.037095688,0
2.5621879,4.2509193,-2.7002711,-0.054842234,0.99780566,0.037095688,0
0.64537096,-4.1049275,3.3099561,0.054842234,-0.99780566,-0.037095688,0
0.14777994,-4.0917611,1.083499,0.054842234,-0.99780566,-0.037095688,0
1.4816308,-3.9305129,2.6068802,0.054842234,-0.99780566,-0.037095688,0
-1.1874866,-4.0379825,-1.4431719,0.054842234,-0.99780566,-0.037095688,0
0.11674786,3.7293334,5.1391125,-0.054842234,0.99780566,0.037095688,0
-0.27779698,1.9873569,5.0693879,-0.19593918,-0.047183782,0.97948021,0
0.55241287,-1.5251573,-4.9736867,0.19593918,0.047183782,-0.97948021,0
0.17910957,-3.8052666,-4.099452,0.054842234,-0.99780566,-0.037095688,0
1.0724324,-1.611442,5.3123407,-0.19593918,-0.047183782,0.97948021,0
-1.6920834,0.80984402,-4.5681043,-0.97908121,-0.04644835,-0.19809692,0
0.38380527,4.0578313,1.1738079,-0.054842234,0.99780566,0.037095688,0
0.90378666,2.2519255,5.4187865,-0.19593918,-0.047183782,0.97948021,0
1.1993032,4.1726675,-1.7334068,-0.054842234,0.99780566,0.037095688,0
2.3801491,-3.8817794,-2.4792967,0.054842234,-0.99780566,-0.037095688,0
1.4766846,4.1474638,0.84191835,-0.054842234,0.99780566,0.037095688,0
-0.80987811,-3.6060019,4.7387905,-0.19593918,-0.047183782,0.97948021,0
-1.6195176,4.0055189,-3.7086959,-0.054842234,0.99780566,0.037095688,0
1.9601742,-3.583185,3.5377421,0.97908121,0.04644835,0.19809692,0
-2.0614953,3.6661916,4.897284,-0.054842234,0.99780566,0.037095688,0
-0.65236485,0.66236389,-5.2239122,0.19593918,0.047183782,-0.97948021,0
-2.315016,-2.1035683,-0.77316785,-0.97908121,-0.04644835,-0.19809692,0
2.534699,2.1281445,-0.88481271,0.97908121,0.04644835,0.19809692,0
1.368207,2.5269361,4.7858005,0.97908121,0.04644835,0.19809692,0
2.5381198,4.1034417,-1.1585432,-0.054842234,0.99780566,0.037095688,0
0.69002008,0.20851018,-5.0439739,0.19593918,0.047183782,-0.97948021,0
-0.001973629,-2.9040117,5.0486145,-0.19593918,-0.047183782,0.97948021,0
0.89419746,-4.069613,1.4983764,0.054842234,-0.99780566,-0.037095688,0
1.0881493,1.1224399,-4.8473649,0.19593918,0.047183782,-0.97948021,0
-2.2148399,3.814872,-0.73166502,-0.054842234,0.99780566,0.037095688,0
-0.7442627,4.0879498,-2.7265439,-0.054842234,0.99780566,0.037095688,0
0.50495338,4.0731549,1.660157,-0.054842234,0.99780566,0.037095688,0
2.2761049,1.1754348,0.72902435,0.97908121,0.04644835,0.19809692,0
1.4079642,3.9131832,-4.6956019,0.19593918,0.047183782,-0.97948021,0
-0.19511533,4.1438546,-3.9106414,-0.054842234,0.99780566,0.037095688,0
-1.160213,-4.1757984,2.5801182,0.054842234,-0.99780566,-0.037095688,0
2.3913975,3.6294677,-0.47693869,0.97908121,0.04644835,0.19809692,0
-3.1173482,2.3082538,2.3731637,-0.97908121,-0.04644835,-0.19809692,0
-0.55152702,3.9160252,1.0704219,-0.054842234,0.99780566,0.037095688,0
3.0679767,-1.9611685,-2.3061686,0.97908121,0.04644835,0.19809692,0
-2.528091,3.8796165,0.16939116,-0.054842234,0.99780566,0.037095688,0
-0.22227585,-1.0267135,-5.1654444,0.19593918,0.047183782,-0.97948021,0
-2.4368896,1.5681989,-0.46019202,-0.97908121,-0.04644835,-0.19809692,0
-0.30501676,-3.8319926,4.8735247,-0.19593918,-0.047183782,0.97948021,0
-2.2278161,-4.165731,4.4604325,-0.19593918,-0.047183782,0.97948021,0
2.5813332,0.14537549,0.24875826,0.97908121,0.04644835,0.19809692,0
2.0487721,2.5659146,-4.6357179,0.19593918,0.047183782,-0.97948021,0
1.8956957,-3.423213,4.45574,0.97908121,0.04644835,0.19809692,0
-1.8732986,-4.2903767,4.3137078,0.054842234,-0.99780566,-0.037095688,0
-1.759232,3.9936907,-0.74627936,-0.054842234,0.99780566,0.037095688,0
-1.3442822,-4.0859647,1.4033707,0.054842234,-0.99780566,-0.037095688,0
-1.1102676,-0.54848742,4.8339367,-0.19593918,-0.047183782,0.97948021,0
1.8292546,4.1880379,0.3852793,-0.054842234,0.99780566,0.037095688,0
1.7599857,-3.7807117,-1.5209665,0.054842234,-0.99780566,-0.037095688,0
2.5932081,1.4292142,-4.6148367,0.19593918,0.047183782,-0.97948021,0
-2.4300828,1.1524527,4.7721562,-0.19593918,-0.047183782,0.97948021,0
2.0020413,4.1974707,-0.011498857,-0.054842234,0.99780566,0.037095688,0
-3.6674538,3.561379,4.2202621,-0.97908121,-0.04644835,-0.19809692,0
-1.386344,-4.0127187,-0.968135,0.054842234,-0.99780566,-0.037095688,0
-2.7437658,-4.2360649,1.6824095,-0.97908121,-0.04644835,-0.19809692,0
-1.1903584,-4.0821295,2.8565149,0.054842234,-0.99780566,-0.037095688,0
-0.41367769,4.0389228,-1.9464557,-0.054842234,0.99780566,0.037095688,0
2.8912265,2.5319114,-2.3167262,0.97908121,0.04644835,0.19809692,0
-2.7220285,-4.2351184,4.362267,0.054842234,-0.99780566,-0.037095688,0
-1.1945405,3.9209845,2.1302207,-0.054842234,0.99780566,0.037095688,0
0.95063806,-4.0741053,5.0770297,-0.19593918,-0.047183782,0.97948021,0
-1.5076551,4.0768118,-5.0593457,-0.054842234,0.99780566,0.037095688,0
-0.23774302,1.0054877,5.1809678,-0.19593918,-0.047183782,0.97948021,0
-0.036143303,3.9823527,2.8622253,-0.054842234,0.99780566,0.037095688,0
-3.1758265,-1.7119002,3.8663588,-0.97908121,-0.04644835,-0.19809692,0
1.8985431,-3.9182327,2.6663618,0.054842234,-0.99780566,-0.037095688,0
-1.6179667,-4.1816607,1.363346,0.054842234,-0.99780566,-0.037095688,0
-2.0429184,1.0410076,4.7670507,-0.19593918,-0.047183782,0.97948021,0
-3.2380822,-1.5381768,3.9969754,-0.97908121,-0.04644835,-0.19809692,0
-1.5202335,2.5944715,4.9672327,-0.19593918,-0.047183782,0.97948021,0
-3.2112746,3.7678456,2.1088333,-0.054842234,0.99780566,0.037095688,0
1.7256331,-3.7727933,-1.1335282,0.054842234,-0.99780566,-0.037095688,0
3.0810742,-0.2253778,-2.6628602,0.97908121,0.04644835,0.19809692,0
-1.2559347,1.3021188,-5.3550057,0.19593918,0.047183782,-0.97948021,0
1.0740296,0.6921438,5.3046174,-0.19593918,-0.047183782,0.97948021,0
0.15009499,4.1290913,-2.319911,-0.054842234,0.99780566,0.037095688,0
-0.52589524,-0.92992425,5.0544853,-0.19593918,-0.047183782,0.97948021,0
0.22303391,3.9938169,-0.67202783,-0.054842234,0.99780566,0.037095688,0
-0.56484747,-4.0342684,1.4326504,0.054842234,-0.99780566,-0.037095688,0
-0.25938302,-0.0095198154,-5.1658564,0.19593918,0.047183782,-0.97948021,0
-1.3909431,0.46332979,-5.4410734,0.19593918,0.047183782,-0.97948021,0
0.87250459,-1.006862,-4.8930588,0.19593918,0.047183782,-0.97948021,0
-2.3623326,3.7414634,-1.5322247,-0.97908121,-0.04644835,-0.19809692,0
-1.651998,-3.5204778,-3.9858742,-0.97908121,-0.04644835,-0.19809692,0
-1.4741616,2.4286282,4.8695159,-0.19593918,-0.047183782,0.97948021,0
1.9866939,-2.2311318,3.0261066,0.97908121,0.04644835,0.19809692,0
-0.05207181,4.0326333,-2.1001849,-0.054842234,0.99780566,0.037095688,0
2.4552536,3.2807243,-4.4797149,0.19593918,0.047183782,-0.97948021,0
-2.0912397,-3.7146654,-1.2430551,-0.97908121,-0.04644835,-0.19809692,0
0.61681008,1.9282434,5.226562,-0.19593918,-0.047183782,0.97948021,0
0.13102818,4.1844034,-2.3500829,-0.054842234,0.99780566,0.037095688,0
-1.5530329,2.7932167,4.8905978,-0.19593918,-0.047183782,0.97948021,0
1.3162673,4.1782546,-2.7313843,-0.054842234,0.99780566,0.037095688,0
1.9525666,3.7475157,2.3243954,0.97908121,0.04644835,0.19809692,0
-0.38860238,1.3141263,-5.0823984,0.19593918,0.047183782,-0.97948021,0
-0.70395231,3.9794066,-2.8088641,-0.054842234,0.99780566,0.037095688,0
-1.9967356,-0.41776419,-2.7135782,-0.97908121,-0.04644835,-0.19809692,0
-2.1390085,2.5978661,4.8118362,-0.19593918,-0.047183782,0.97948021,0
2.5287557,-2.2400968,0.64006805,0.97908121,0.04644835,0.19809692,0
-0.51406789,-3.4582014,4.9347224,-0.19593918,-0.047183782,0.97948021,0
-0.67242575,-4.1728311,1.6105533,0.054842234,-0.99780566,-0.037095688,0
-2.2709496,1.4027622,4.6793737,-0.19593918,-0.047183782,0.97948021,0
-1.7778794,-0.91431737,-3.6631403,-0.97908121,-0.04644835,-0.19809692,0
2.0060844,-1.2933707,2.6689529,0.97908121,0.04644835,0.19809692,0
1.3299894,-3.9306598,-1.6090407,0.054842234,-0.99780566,-0.037095688,0
1.8489506,0.39274824,3.1821001,0.97908121,0.04644835,0.19809692,0
3.40259,-1.5485373,-3.4135022,0.97908121,0.04644835,0.19809692,0
-3.0199773,-1.7015235,2.9341323,-0.97908121,-0.04644835,-0.19809692,0
-0.42524433,2.3803055,-5.0575342,0.19593918,0.047183782,-0.97948021,0
-3.1462524,0.33787799,4.4958191,-0.19593918,-0.047183782,0.97948021,0
2.848613,4.2504363,-3.6492517,-0.054842234,0.99780566,0.037095688,0
1.5953715,-2.8430424,5.2066121,-0.19593918,-0.047183782,0.97948021,0
2.559761,-0.78308916,-0.20095196,0.97908121,0.04644835,0.19809692,0
-2.539608,2.5037525,-0.70465791,-0.97908121,-0.04644835,-0.19809692,0
-0.80597556,0.24585247,-5.2201362,0.19593918,0.047183782,-0.97948021,0
0.92549992,-4.0649447,2.0207245,0.054842234,-0.99780566,-0.037095688,0
-2.3335073,-2.9924603,4.5762668,-0.19593918,-0.047183782,0.97948021,0
-1.8516464,-2.5908363,-2.6318338,-0.97908121,-0.04644835,-0.19809692,0
-1.4031737,2.3810782,-5.2647896,0.19593918,0.047183782,-0.97948021,0
1.0981412,2.8407686,5.5303268,-0.19593918,-0.047183782,0.97948021,0
3.0766363,3.4532847,-3.1337485,0.97908121,0.04644835,0.19809692,0
0.34605455,-4.0569553,3.0884302,0.054842234,-0.99780566,-0.037095688,0
-2.0596187,3.8376956,3.9261835,-0.054842234,0.99780566,0.037095688,0
-3.3751402,1.5936596,4.605155,-0.19593918,-0.047183782,0.97948021,0
-3.243191,1.36043,2.9318585,-0.97908121,-0.04644835,-0.19809692,0
-0.24396932,-1.9624417,4.982913,-0.19593918,-0.047183782,0.97948021,0
-3.3072314,-0.047975302,3.9545588,-0.97908121,-0.04644835,-0.19809692,0
2.4326942,3.7509971,-4.4305196,0.19593918,0.047183782,-0.97948021,0
2.7403157,3.8938637,-1.3517693,0.97908121,0.04644835,0.19809692,0
-2.6130385,0.80477238,0.36134624,-0.97908121,-0.04644835,-0.19809692,0
2.362783,1.8352301,0.71448302,0.97908121,0.04644835,0.19809692,0
-0.2195549,-4.1685905,1.5293031,0.054842234,-0.99780566,-0.037095688,0
-0.69133854,-1.2685025,-5.2550035,0.19593918,0.047183782,-0.97948021,0
-2.0217118,-4.1821427,1.4089437,0.054842234,-0.99780566,-0.037095688,0
2.8347464,0.38346529,-1.1474037,0.97908121,0.04644835,0.19809692,0
0.067984939,-1.8049222,5.0500765,-0.19593918,-0.047183782,0.97948021,0
2.6336699,3.2979362,-4.3864183,0.19593918,0.047183782,-0.97948021,0
-1.2438819,-0.71511054,-5.289917,0.19593918,0.047183782,-0.97948021,0
1.8616185,-2.4619842,3.8519723,0.97908121,0.04644835,0.19809692,0
2.8339043,4.2193251,-4.3889441,0.19593918,0.047183782,-0.97948021,0
0.98966193,-3.149157,-5.097785,0.19593918,0.047183782,-0.97948021,0
0.14434505,4.1012216,-3.1112316,-0.054842234,0.99780566,0.037095688,0
2.3973727,-0.0032548904,0.49683744,0.97908121,0.04644835,0.19809692,0
-0.2533977,2.74142,-5.0508366,0.19593918,0.047183782,-0.97948021,0
2.4943471,4.0941744,-0.93596709,0.97908121,0.04644835,0.19809692,0
-1.9621148,-3.1611018,-2.4417255,-0.97908121,-0.04644835,-0.19809692,0
1.9354224,4.0005555,2.2816534,0.97908121,0.04644835,0.19809692,0
3.1532359,-1.0553679,-2.5386891,0.97908121,0.04644835,0.19809692,0
-0.16486979,-1.5185143,-5.2485328,0.19593918,0.047183782,-0.97948021,0
0.70137167,-3.9429743,-2.1118679,0.054842234,-0.99780566,-0.037095688,0
-1.9315832,0.56509328,-3.4581199,-0.97908121,-0.04644835,-0.19809692,0
0.52366018,-4.1275749,4.3248715,0.054842234,-0.99780566,-0.037095688,0
-2.873672,1.457691,0.74950165,-0.97908121,-0.04644835,-0.19809692,0
2.243655,2.6213903,-4.56534,0.19593918,0.047183782,-0.97948021,0
0.95752811,-4.0056,3.0209851,0.054842234,-0.99780566,-0.037095688,0
-0.025350094,3.473175,5.3687673,-0.19593918,-0.047183782,0.97948021,0
2.9188812,1.8370452,-1.9891541,0.97908121,0.04644835,0.19809692,0
-0.79487753,-4.1164474,3.5742254,0.054842234,-0.99780566,-0.037095688,0
-0.16753101,3.8292329,1.9139872,-0.054842234,0.99780566,0.037095688,0
0.44437099,-3.3207409,5.0747089,-0.19593918,-0.047183782,0.97948021,0
-2.1642745,3.7468753,1.472872,-0.054842234,0.99780566,0.037095688,0
0.52276707,3.0548062,5.3356161,-0.19593918,-0.047183782,0.97948021,0
1.2685938,-4.1369209,4.534255,0.054842234,-0.99780566,-0.037095688,0
-1.0443773,4.0844111,-1.5215958,-0.054842234,0.99780566,0.037095688,0
3.3415225,-3.3107066,-4.4943166,0.19593918,0.047183782,-0.97948021,0
-3.1916413,3.6219835,2.7624388,-0.97908121,-0.04644835,-0.19809692,0
1.9640601,-4.0348306,1.2889898,0.054842234,-0.99780566,-0.037095688,0
0.55178905,3.2831001,-4.8361692,0.19593918,0.047183782,-0.97948021,0
-1.8648899,-0.28480923,-3.1744113,-0.97908121,-0.04644835,-0.19809692,0
0.68879676,-4.1163602,4.920146,0.054842234,-0.99780566,-0.037095688,0
2.3063571,4.2422972,-2.8926315,-0.054842234,0.99780566,0.037095688,0
-0.087108195,0.022563845,5.1332374,-0.19593918,-0.047183782,0.97948021,0
-2.4693918,-3.624017,0.47747326,-0.97908121,-0.04644835,-0.19809692,0
2.7126143,2.4715085,-1.3159056,0.97908121,0.04644835,0.19809692,0
1.5853446,-4.061615,3.7197037,0.054842234,-0.99780566,-0.037095688,0
-0.059835922,-0.6059401,5.1429062,-0.19593918,-0.047183782,0.97948021,0
-2.2097876,-3.0441303,-1.4255207,-0.97908121,-0.04644835,-0.19809692,0
2.1493278,4.30304,-3.8825366,-0.054842234,0.99780566,0.037095688,0
-0.033845454,-1.0379367,5.0983334,-0.19593918,-0.047183782,0.97948021,0
-2.5869651,-0.8304193,4.5621405,-0.19593918,-0.047183782,0.97948021,0
1.3561988,0.67782247,5.5006623,-0.19593918,-0.047183782,0.97948021,0
0.8769536,4.1202774,-3.977427,-0.054842234,0.99780566,0.037095688,0
-0.821455,-4.0104408,-3.1472006,0.054842234,-0.99780566,-0.037095688,0
-2.9896131,3.8847108,1.3131267,-0.054842234,0.99780566,0.037095688,0
3.2683275,-1.7160807,-4.4353137,0.19593918,0.047183782,-0.97948021,0
2.2604055,-4.0078135,1.1254191,0.054842234,-0.99780566,-0.037095688,0
-0.01367569,3.9572358,-0.64118826,-0.054842234,0.99780566,0.037095688,0
3.2750845,1.4574561,-4.1874504,0.97908121,0.04644835,0.19809692,0
0.65462375,-3.9986603,-0.24570411,0.054842234,-0.99780566,-0.037095688,0
2.5967884,-3.3132951,0.49558651,0.97908121,0.04644835,0.19809692,0
2.7554002,1.4969099,-4.3936872,0.19593918,0.047183782,-0.97948021,0
2.3781323,2.5072575,-0.13753894,0.97908121,0.04644835,0.19809692,0
1.7045717,3.968328,1.8192236,-0.054842234,0.99780566,0.037095688,0
-2.8833742,-3.5497546,2.5409598,-0.97908121,-0.04644835,-0.19809692,0
0.96838045,4.2290068,-2.032362,-0.054842234,0.99780566,0.037095688,0
1.1660297,-4.003931,-0.34317592,0.054842234,-0.99780566,-0.037095688,0
-0.13579321,-4.2000957,4.8856773,0.054842234,-0.99780566,-0.037095688,0
-1.0636284,3.6962264,4.6895533,-0.054842234,0.99780566,0.037095688,0
2.5158961,-1.3645339,0.53115296,0.97908121,0.04644835,0.19809692,0
-1.4331594,-3.9304576,-2.6813354,0.054842234,-0.99780566,-0.037095688,0
-2.9149771,3.6126204,4.0641518,-0.054842234,0.99780566,0.037095688,0
2.7953591,-3.7848568,-3.087707,0.054842234,-0.99780566,-0.037095688,0
-1.0969138,-3.3802679,-5.4612947,0.19593918,0.047183782,-0.97948021,0
-1.8580115,3.6557269,4.332449,-0.054842234,0.99780566,0.037095688,0
-0.11038643,0.10418472,5.0250587,-0.19593918,-0.047183782,0.97948021,0
-1.0111766,-3.8280096,-4.6689391,0.054842234,-0.99780566,-0.037095688,0
1.2595215,4.2124252,-2.2345781,-0.054842234,0.99780566,0.037095688,0
-2.3287382,3.6899076,3.6539903,-0.054842234,0.99780566,0.037095688,0
-2.1715152,-0.56207919,4.6955833,-0.19593918,-0.047183782,0.97948021,0
-2.1013732,-0.1283679,-2.4490528,-0.97908121,-0.04644835,-0.19809692,0
-0.94877625,3.9958322,0.70244634,-0.054842234,0.99780566,0.037095688,0
1.7128775,-4.1285677,4.0265298,0.054842234,-0.99780566,-0.037095688,0
3.2569242,-3.356987,-2.4506233,0.97908121,0.04644835,0.19809692,0
1.4317775,4.0817256,1.2873319,-0.054842234,0.99780566,0.037095688,0
1.4146748,4.0915527,1.2969768,-0.054842234,0.99780566,0.037095688,0
-3.2370756,-0.96036792,3.8720787,-0.97908121,-0.04644835,-0.19809692,0
-0.40067172,-2.7493324,4.8321161,-0.19593918,-0.047183782,0.97948021,0
2.341994,-0.82959175,-4.6748719,0.19593918,0.047183782,-0.97948021,0
2.2356296,-2.0008974,1.5909357,0.97908121,0.04644835,0.19809692,0
