3.5634298,-6.4242105,0.94441414,0.69768989,-0.31068936,0.64552379,0
0.086128831,5.4488893,-1.7770665,0.2854062,0.94701546,0.14732635,0
3.7818761,-2.9870028,2.0830896,0.69768989,-0.31068936,0.64552379,0
1.7455165,3.0182822,-2.0283916,0.65709376,-0.081448436,-0.74939579,0
1.0480328,4.5640998,2.574553,0.2854062,0.94701546,0.14732635,0
4.2548456,-0.8065598,0.56838757,0.65709376,-0.081448436,-0.74939579,0
-4.1066189,4.2370806,-0.84792519,-0.65709376,0.081448436,0.74939579,0
3.2729445,3.4005179,5.5449343,0.2854062,0.94701546,0.14732635,0
-5.5319557,-3.1494365,-2.7806263,-0.2854062,-0.94701546,-0.14732635,0
0.28632221,-5.2832966,-0.93911886,-0.2854062,-0.94701546,-0.14732635,0
2.5686827,-5.2042422,-0.636518,0.65709376,-0.081448436,-0.74939579,0
-1.7676181,4.7576342,1.3735018,-0.65709376,0.081448436,0.74939579,0
4.5583968,2.7395196,4.2002254,0.69768989,-0.31068936,0.64552379,0
2.6871533,-6.0370255,-0.015672684,-0.2854062,-0.94701546,-0.14732635,0
1.0912384,-5.6161327,0.60360622,-0.2854062,-0.94701546,-0.14732635,0
1.6945877,4.4627604,2.3226666,0.2854062,0.94701546,0.14732635,0
-4.9473209,-2.2329514,-3.3962433,-0.69768989,0.31068936,-0.64552379,0
0.29729554,5.1315284,-0.083291054,0.2854062,0.94701546,0.14732635,0
-2.569757,-3.6494985,-4.8861289,-0.2854062,-0.94701546,-0.14732635,0
-2.3404393,3.6844647,-3.3640537,-0.69768989,0.31068936,-0.64552379,0
2.7804422,1.5240201,5.4329576,0.69768989,-0.31068936,0.64552379,0
-0.58486795,-5.4029803,1.7588842,-0.2854062,-0.94701546,-0.14732635,0
5.1543698,0.55065441,2.5156288,0.69768989,-0.31068936,0.64552379,0
-2.1046314,5.3755255,-2.7489872,-0.69768989,0.31068936,-0.64552379,0
-2.2823935,-2.6825867,1.5667105,-0.65709376,0.081448436,0.74939579,0
1.309288,-3.9653759,4.4614925,0.69768989,-0.31068936,0.64552379,0
-2.1846952,5.1995502,-2.8716564,-0.69768989,0.31068936,-0.64552379,0
2.5820603,-0.67789811,4.6723557,0.69768989,-0.31068936,0.64552379,0
4.552032,2.0007861,3.7358902,0.69768989,-0.31068936,0.64552379,0
-2.8608546,1.8684223,-3.7960024,-0.69768989,0.31068936,-0.64552379,0
0.94545698,1.641547,3.9573255,-0.65709376,0.081448436,0.74939579,0
-0.66795254,0.65599489,-3.9386892,0.65709376,-0.081448436,-0.74939579,0
4.600883,3.1181371,4.3902674,0.69768989,-0.31068936,0.64552379,0
1.7035694,-5.4634442,3.1749654,0.69768989,-0.31068936,0.64552379,0
-1.9213676,5.9362078,-0.12370825,0.2854062,0.94701546,0.14732635,0
-0.44591999,1.2486117,-3.9814813,0.65709376,-0.081448436,-0.74939579,0
-3.066524,-3.5372894,-4.8491745,-0.2854062,-0.94701546,-0.14732635,0
-2.8976574,0.67327929,-4.1464176,-0.69768989,0.31068936,-0.64552379,0
0.89343977,-1.4718843,-2.3576894,0.65709376,-0.081448436,-0.74939579,0
-4.4020262,1.9064314,-1.9277327,-0.69768989,0.31068936,-0.64552379,0
-3.6109443,-3.5318751,-4.5085793,-0.2854062,-0.94701546,-0.14732635,0
-4.4952731,0.46767449,-2.7234929,-0.69768989,0.31068936,-0.64552379,0
-1.948911,-4.592649,-0.21997452,-0.2854062,-0.94701546,-0.14732635,0
-5.7867231,-0.40759254,-1.6731206,-0.69768989,0.31068936,-0.64552379,0
0.66617894,1.4094201,3.8232143,-0.65709376,0.081448436,0.74939579,0
3.1837363,-3.2095878,2.8417523,0.69768989,-0.31068936,0.64552379,0
0.97727633,-2.3013744,4.3695035,-0.65709376,0.081448436,0.74939579,0
-2.253921,-4.181109,-2.244173,-0.2854062,-0.94701546,-0.14732635,0
-1.0470467,4.4900284,-4.4419713,-0.69768989,0.31068936,-0.64552379,0
-4.4269814,-1.1706526,-3.6346874,-0.69768989,0.31068936,-0.64552379,0
-2.2518368,-1.1274118,1.4117239,-0.65709376,0.081448436,0.74939579,0
1.6279513,5.1029768,-2.3896909,0.2854062,0.94701546,0.14732635,0
3.4662395,-1.0145547,3.3654633,0.69768989,-0.31068936,0.64552379,0
0.065768957,5.2853684,-0.79775286,0.2854062,0.94701546,0.14732635,0
-0.012633562,0.88704538,-3.4716878,0.65709376,-0.081448436,-0.74939579,0
3.7936978,2.7105103,4.9856248,0.69768989,-0.31068936,0.64552379,0
2.0223684,-1.7392155,4.7832241,0.69768989,-0.31068936,0.64552379,0
4.8076658,0.90833485,2.978992,0.69768989,-0.31068936,0.64552379,0
-4.8545818,-3.0291746,-0.47883701,-0.65709376,0.081448436,0.74939579,0
3.9283986,-5.2465754,1.0953567,0.69768989,-0.31068936,0.64552379,0
0.36770827,-5.2609921,-0.38111067,-0.2854062,-0.94701546,-0.14732635,0
1.1234045,-6.1551423,3.3566048,-0.2854062,-0.94701546,-0.14732635,0
-2.9413381,4.0020618,-2.507349,-0.69768989,0.31068936,-0.64552379,0
2.213105,-6.244369,1.6152606,-0.2854062,-0.94701546,-0.14732635,0
-4.2969446,0.18341637,-2.9277925,-0.69768989,0.31068936,-0.64552379,0
1.5902925,-5.9429522,1.466403,-0.2854062,-0.94701546,-0.14732635,0
-0.77168947,-5.2603879,1.1786251,-0.2854062,-0.94701546,-0.14732635,0
3.6597824,2.7746367,5.0932055,0.69768989,-0.31068936,0.64552379,0
5.0582528,2.7784519,3.7351656,0.69768989,-0.31068936,0.64552379,0
1.8996348,2.5404255,4.7619667,-0.65709376,0.081448436,0.74939579,0
5.2422061,3.2682805,2.7415295,0.2854062,0.94701546,0.14732635,0
-0.92138338,6.2124434,-3.7796693,0.2854062,0.94701546,0.14732635,0
-4.1939716,2.9488575,-1.8239837,-0.69768989,0.31068936,-0.64552379,0
-0.78090036,-5.4781489,2.1772981,-0.2854062,-0.94701546,-0.14732635,0
4.9958534,2.7333984,0.699579,0.65709376,-0.081448436,-0.74939579,0
-3.8758078,1.3737301,-3.0026443,-0.69768989,0.31068936,-0.64552379,0
-5.4161172,-2.7194686,-3.1085687,-0.69768989,0.31068936,-0.64552379,0
-1.466624,-3.2671599,-4.231534,0.65709376,-0.081448436,-0.74939579,0
-3.2060699,-2.5560849,-5.5212383,-0.69768989,0.31068936,-0.64552379,0
-4.5153341,-3.3215098,-3.3601646,-0.2854062,-0.94701546,-0.14732635,0
1.1256405,-0.53054667,-2.2636697,0.65709376,-0.081448436,-0.74939579,0
-2.7909446,0.61957729,-4.4168115,-0.69768989,0.31068936,-0.64552379,0
2.4443777,-1.397908,-0.93519628,0.65709376,-0.081448436,-0.74939579,0
-0.073141456,-4.943265,-1.9352713,-0.2854062,-0.94701546,-0.14732635,0
2.0325763,1.0019264,-1.5461104,0.65709376,-0.081448436,-0.74939579,0
5.0019908,-0.087364435,1.0245309,0.65709376,-0.081448436,-0.74939579,0
4.1037974,3.5602775,3.1337948,0.2854062,0.94701546,0.14732635,0
0.55739307,5.3953419,-2.4142907,0.2854062,0.94701546,0.14732635,0
-2.9991312,-4.1181788,-1.5399961,-0.2854062,-0.94701546,-0.14732635,0
0.69147897,-5.3381081,-1.598959,-0.2854062,-0.94701546,-0.14732635,0
0.17587638,4.1203966,3.0205669,-0.65709376,0.081448436,0.74939579,0
5.8807354,3.0882688,2.8230426,0.2854062,0.94701546,0.14732635,0
5.3496523,1.3259964,2.5441413,0.69768989,-0.31068936,0.64552379,0
-2.2508242,-2.4293714,1.5796604,-0.65709376,0.081448436,0.74939579,0
-0.38584876,-0.90031457,3.1527882,-0.65709376,0.081448436,0.74939579,0
-5.8117828,-1.1984549,-2.0014672,-0.69768989,0.31068936,-0.64552379,0
4.9075103,-0.55211329,1.0421056,0.65709376,-0.081448436,-0.74939579,0
3.9150953,1.8172128,-0.23008215,0.65709376,-0.081448436,-0.74939579,0
-3.4774292,-3.2180128,0.60009599,-0.65709376,0.081448436,0.74939579,0
3.5867848,-4.946352,0.36540127,0.65709376,-0.081448436,-0.74939579,0
-1.213382,5.6180482,0.28884888,0.2854062,0.94701546,0.14732635,0
3.6018538,3.63781,2.9983554,0.2854062,0.94701546,0.14732635,0
3.7784095,1.1806254,4.1728859,0.69768989,-0.31068936,0.64552379,0
1.5254935,-3.533457,-1.6748586,0.65709376,-0.081448436,-0.74939579,0
0.43521988,-5.6352773,0.81201029,-0.2854062,-0.94701546,-0.14732635,0
3.6398163,-3.681838,1.9484657,0.69768989,-0.31068936,0.64552379,0
-1.4572878,5.6007428,1.3573141,0.2854062,0.94701546,0.14732635,0
2.8169098,-0.40726131,4.3984046,0.69768989,-0.31068936,0.64552379,0
4.7963147,-2.6149542,1.1883144,0.69768989,-0.31068936,0.64552379,0
3.322083,-2.250623,2.9606166,0.69768989,-0.31068936,0.64552379,0
3.0510769,-2.9592636,3.0135236,0.69768989,-0.31068936,0.64552379,0
-3.0436282,2.9689684,-2.9850724,-0.69768989,0.31068936,-0.64552379,0
-0.04891181,2.7865412,-3.7267103,0.65709376,-0.081448436,-0.74939579,0
-2.2147355,4.1738911,0.91558743,-0.65709376,0.081448436,0.74939579,0
-3.8701572,-3.5082269,-3.9799042,-0.2854062,-0.94701546,-0.14732635,0
-1.9162912,5.5702467,-2.8542736,-0.69768989,0.31068936,-0.64552379,0
-4.4743509,-2.0189047,-3.7518342,-0.69768989,0.31068936,-0.64552379,0
-1.3439555,-4.377522,2.7388806,-0.65709376,0.081448436,0.74939579,0
2.8479657,0.41011578,4.7643361,0.69768989,-0.31068936,0.64552379,0
0.76623905,5.3298483,-1.9270742,0.2854062,0.94701546,0.14732635,0
-0.66978717,5.3876405,0.84620142,0.2854062,0.94701546,0.14732635,0
0.024259925,-5.0853081,-1.5299873,-0.2854062,-0.94701546,-0.14732635,0
-4.1386065,-2.73224,-4.5784183,-0.69768989,0.31068936,-0.64552379,0
-3.1404305,3.9944735,0.10446167,-0.65709376,0.081448436,0.74939579,0
-3.0251462,-1.5743334,0.93708694,-0.65709376,0.081448436,0.74939579,0
0.12627649,-5.24789,-0.2496438,-0.2854062,-0.94701546,-0.14732635,0
-5.5259013,-1.0096005,-2.4054554,-0.69768989,0.31068936,-0.64552379,0
-0.75364256,-5.4756932,3.1397736,-0.2854062,-0.94701546,-0.14732635,0
-4.4719386,-3.9362028,-0.23640394,-0.2854062,-0.94701546,-0.14732635,0
2.1845629,4.1861272,2.8041368,0.2854062,0.94701546,0.14732635,0
4.2666874,-4.9090414,0.84841442,0.65709376,-0.081448436,-0.74939579,0
-5.094296,1.460355,-1.4145645,-0.65709376,0.081448436,0.74939579,0
-2.7200069,3.028111,-3.3877716,-0.69768989,0.31068936,-0.64552379,0
-0.56923914,5.7717657,-2.3675334,0.2854062,0.94701546,0.14732635,0
2.5431492,4.5359378,-1.4917216,0.65709376,-0.081448436,-0.74939579,0
1.2865784,1.330449,-2.4242375,0.65709376,-0.081448436,-0.74939579,0
0.82474566,2.2588553,3.793577,-0.65709376,0.081448436,0.74939579,0
1.7691845,-5.7279916,0.12745523,-0.2854062,-0.94701546,-0.14732635,0
2.9024849,-5.1334372,2.2188399,0.69768989,-0.31068936,0.64552379,0
-4.0419431,5.2123051,-1.0194674,-0.69768989,0.31068936,-0.64552379,0
-5.5122576,-1.6887804,-2.6760223,-0.69768989,0.31068936,-0.64552379,0
-0.38442659,5.9490538,-3.5224512,0.2854062,0.94701546,0.14732635,0
2.7133822,-2.4089668,-0.79548144,0.65709376,-0.081448436,-0.74939579,0
-2.184463,-4.8199673,1.1507187,-0.2854062,-0.94701546,-0.14732635,0
3.6108575,-2.6791413,2.4753535,0.69768989,-0.31068936,0.64552379,0
-2.4042425,-0.35989475,-5.4275799,-0.69768989,0.31068936,-0.64552379,0
-4.286356,-3.8595073,-0.23207712,-0.2854062,-0.94701546,-0.14732635,0
2.8800671,3.9889357,3.0798445,0.2854062,0.94701546,0.14732635,0
3.1525707,-3.1836967,2.9313619,0.69768989,-0.31068936,0.64552379,0
1.0358391,-6.0960474,3.7532766,0.69768989,-0.31068936,0.64552379,0
-2.4514046,0.33771181,-4.9261656,-0.69768989,0.31068936,-0.64552379,0
1.6079111,3.5336471,4.3394079,-0.65709376,0.081448436,0.74939579,0
-2.7190814,5.0045705,-2.5497508,-0.69768989,0.31068936,-0.64552379,0
-0.93397284,5.7716064,-4.0804501,-0.69768989,0.31068936,-0.64552379,0
3.4128027,-3.9555073,2.2362261,0.69768989,-0.31068936,0.64552379,0
4.2648263,-2.1113386,2.1306949,0.69768989,-0.31068936,0.64552379,0
-0.61069345,0.73162448,-3.9191506,0.65709376,-0.081448436,-0.74939579,0
1.9284461,-6.2153072,2.3391263,-0.2854062,-0.94701546,-0.14732635,0
0.022771358,-5.5087562,1.5920026,-0.2854062,-0.94701546,-0.14732635,0
0.99897695,4.5737982,3.1765418,0.2854062,0.94701546,0.14732635,0
0.99456424,-3.7080095,-2.1706324,0.65709376,-0.081448436,-0.74939579,0
2.97279,-5.7070284,1.6892962,0.69768989,-0.31068936,0.64552379,0
3.0329142,1.0526509,-0.7352438,0.65709376,-0.081448436,-0.74939579,0
-0.10237741,-0.070537448,-3.3375726,0.65709376,-0.081448436,-0.74939579,0
-3.0616934,6.0446696,-1.5935297,-0.69768989,0.31068936,-0.64552379,0
-2.3120675,5.4942999,-2.6498759,-0.69768989,0.31068936,-0.64552379,0
0.021433115,5.6328449,-2.0434978,0.2854062,0.94701546,0.14732635,0
-0.96192408,-4.84021,-1.5910211,-0.2854062,-0.94701546,-0.14732635,0
-1.3366232,-1.003655,-4.2927718,0.65709376,-0.081448436,-0.74939579,0
-1.7344027,4.9257431,-3.6397727,-0.69768989,0.31068936,-0.64552379,0
-4.8548093,-0.18753719,-2.6366446,-0.69768989,0.31068936,-0.64552379,0
-1.4155846,5.4488325,1.4944348,0.2854062,0.94701546,0.14732635,0
-2.6709394,5.0509601,-2.3747795,-0.69768989,0.31068936,-0.64552379,0
-4.9257054,-2.4917965,-3.7701721,-0.69768989,0.31068936,-0.64552379,0
1.715837,4.9639878,-0.93570805,0.2854062,0.94701546,0.14732635,0
4.2387981,-1.1081913,0.424063,0.65709376,-0.081448436,-0.74939579,0
-2.3102264,-4.7891273,1.4057267,-0.2854062,-0.94701546,-0.14732635,0
-2.2381823,-3.3058119,1.6614591,-0.65709376,0.081448436,0.74939579,0
2.9446325,3.5274453,5.2097058,0.2854062,0.94701546,0.14732635,0
5.2198057,-0.48598909,1.7948002,0.69768989,-0.31068936,0.64552379,0
2.1691704,3.2329035,5.0106406,-0.65709376,0.081448436,0.74939579,0
2.9340839,0.88661784,4.8805323,0.69768989,-0.31068936,0.64552379,0
-4.9745221,1.8637908,-1.3722297,-0.69768989,0.31068936,-0.64552379,0
-4.5495787,-3.4951029,-2.4650016,-0.2854062,-0.94701546,-0.14732635,0
4.8871288,0.65632832,2.6304541,0.69768989,-0.31068936,0.64552379,0
3.8979192,0.30284667,3.5392842,0.69768989,-0.31068936,0.64552379,0
-3.1641259,-4.0169282,-2.3455629,-0.2854062,-0.94701546,-0.14732635,0
-1.0568013,6.0779667,-3.2938082,0.2854062,0.94701546,0.14732635,0
5.0032215,-1.8673148,1.5396174,0.69768989,-0.31068936,0.64552379,0
0.35675812,4.7101169,2.9536247,0.2854062,0.94701546,0.14732635,0
-1.64829,-4.9635601,2.4961228,-0.65709376,0.081448436,0.74939579,0
4.4229836,-3.0025659,0.97495902,0.65709376,-0.081448436,-0.74939579,0
-3.7471228,3.9017603,-1.8706998,-0.69768989,0.31068936,-0.64552379,0
0.85163081,1.7119656,-2.8683729,0.65709376,-0.081448436,-0.74939579,0
2.5280952,4.2226839,1.2197833,0.2854062,0.94701546,0.14732635,0
0.21556878,-5.6882963,2.1327403,-0.2854062,-0.94701546,-0.14732635,0
4.1142368,-2.4137483,0.60248697,0.65709376,-0.081448436,-0.74939579,0
2.9485366,-5.2383533,-0.26522207,0.65709376,-0.081448436,-0.74939579,0
4.5241747,-0.30007672,0.5351944,0.65709376,-0.081448436,-0.74939579,0
-5.1355882,0.43148065,-1.9228759,-0.69768989,0.31068936,-0.64552379,0
-3.0483146,-3.4909816,-5.5134454,-0.2854062,-0.94701546,-0.14732635,0
1.0927312,-5.8767104,1.3275247,-0.2854062,-0.94701546,-0.14732635,0
-3.645575,-2.7365437,-5.0787797,-0.69768989,0.31068936,-0.64552379,0
-4.4796715,-2.7823131,-0.22844362,-0.65709376,0.081448436,0.74939579,0
-6.2965832,-2.8740158,-1.8090243,-0.65709376,0.081448436,0.74939579,0
4.4390407,0.97921818,3.5302567,0.69768989,-0.31068936,0.64552379,0
-5.5305834,-2.9004827,-3.0493965,-0.69768989,0.31068936,-0.64552379,0
-2.5452478,-4.6440382,0.54728222,-0.2854062,-0.94701546,-0.14732635,0
-1.9759617,1.7115842,-4.782197,-0.69768989,0.31068936,-0.64552379,0
1.7613494,-6.0424109,0.86218262,-0.2854062,-0.94701546,-0.14732635,0
-2.4580634,-4.2821965,-1.8693724,-0.2854062,-0.94701546,-0.14732635,0
1.2065034,-4.8107462,-1.7570696,0.65709376,-0.081448436,-0.74939579,0
-1.0661319,0.062651634,2.453615,-0.65709376,0.081448436,0.74939579,0
-0.3452723,3.0652096,-3.9358203,0.65709376,-0.081448436,-0.74939579,0
-3.7649159,-1.5398685,-4.4838276,-0.69768989,0.31068936,-0.64552379,0
-0.99347043,-4.4933538,-3.4823365,-0.2854062,-0.94701546,-0.14732635,0
-0.12156034,-5.7194872,2.8678596,-0.2854062,-0.94701546,-0.14732635,0
-4.3827209,-3.8269386,-0.6407547,-0.2854062,-0.94701546,-0.14732635,0
-3.4218934,-4.1380215,-0.83170795,-0.2854062,-0.94701546,-0.14732635,0
-0.90990067,3.0127938,-4.5048151,0.65709376,-0.081448436,-0.74939579,0
-2.6963501,6.0906363,-1.9631488,-0.69768989,0.31068936,-0.64552379,0
-1.3186311,-1.5825639,2.4335833,-0.65709376,0.081448436,0.74939579,0
2.7594228,1.7763054,5.6142926,-0.65709376,0.081448436,0.74939579,0
-2.4526086,-0.052077174,-5.2387757,-0.69768989,0.31068936,-0.64552379,0
1.792317,4.6921749,0.71262598,0.2854062,0.94701546,0.14732635,0
-2.6403883,0.31467891,1.0299424,-0.65709376,0.081448436,0.74939579,0
-0.324543,1.134207,-3.7172828,0.65709376,-0.081448436,-0.74939579,0
0.1859858,-1.2587378,-3.1574845,0.65709376,-0.081448436,-0.74939579,0
-0.33573222,-3.7455173,-3.2225561,0.65709376,-0.081448436,-0.74939579,0
-2.6794879,6.3794851,-1.3850379,0.2854062,0.94701546,0.14732635,0
4.0213885,-4.2027912,1.3942523,0.69768989,-0.31068936,0.64552379,0
-2.1264868,-3.9665048,-4.0635543,-0.2854062,-0.94701546,-0.14732635,0
-2.6746264,-3.7749586,-5.044363,-0.2854062,-0.94701546,-0.14732635,0
-0.29494798,5.6208906,-0.96708965,0.2854062,0.94701546,0.14732635,0
2.1368728,-6.2476268,2.5400162,0.69768989,-0.31068936,0.64552379,0
1.7564371,-6.0449991,1.2028151,-0.2854062,-0.94701546,-0.14732635,0
-4.9139686,1.5946982,-1.5328059,-0.69768989,0.31068936,-0.64552379,0
0.53525352,5.2136512,-0.43354702,0.2854062,0.94701546,0.14732635,0
2.6501451,3.7983513,4.4167542,0.2854062,0.94701546,0.14732635,0
0.96054745,-6.0081644,3.7341332,0.69768989,-0.31068936,0.64552379,0
0.26925564,4.9931755,0.78506184,0.2854062,0.94701546,0.14732635,0
-4.9837017,-3.2439659,-0.77897477,-0.65709376,0.081448436,0.74939579,0
2.155098,-3.0657663,3.9224324,0.69768989,-0.31068936,0.64552379,0
-4.3562398,-0.98062253,-0.39437997,-0.65709376,0.081448436,0.74939579,0
3.8307643,1.5904382,4.3605566,0.69768989,-0.31068936,0.64552379,0
-0.62132823,5.1693091,1.6088576,0.2854062,0.94701546,0.14732635,0
-2.826237,0.47897005,0.92986959,-0.65709376,0.081448436,0.74939579,0
-5.2921753,0.54090166,-1.802924,-0.69768989,0.31068936,-0.64552379,0
4.9903531,3.0654466,3.6898794,0.69768989,-0.31068936,0.64552379,0
2.4813757,-5.9252801,-0.0049586296,-0.2854062,-0.94701546,-0.14732635,0
2.340075,4.4875402,0.71053934,0.2854062,0.94701546,0.14732635,0
0.064665556,4.9363441,2.6700811,0.2854062,0.94701546,0.14732635,0
-2.9105401,5.1086078,-2.2858305,-0.69768989,0.31068936,-0.64552379,0
3.0210853,0.40489149,4.7737937,0.69768989,-0.31068936,0.64552379,0
2.4630332,3.0634043,5.2413254,-0.65709376,0.081448436,0.74939579,0
5.5044956,1.421674,2.5358636,0.69768989,-0.31068936,0.64552379,0
5.9805641,1.7267406,2.0380108,0.69768989,-0.31068936,0.64552379,0
2.3577709,-4.8994627,-0.651721,0.65709376,-0.081448436,-0.74939579,0
0.97526836,4.544951,3.2405591,0.2854062,0.94701546,0.14732635,0
2.143153,4.2084789,2.7512608,0.2854062,0.94701546,0.14732635,0
-2.2307217,2.4891555,0.98031425,-0.65709376,0.081448436,0.74939579,0
-1.964525,-4.2542319,-2.9792147,-0.2854062,-0.94701546,-0.14732635,0
1.6641378,-4.7798624,3.7712884,0.69768989,-0.31068936,0.64552379,0
-1.9079542,2.2664061,-4.450655,-0.69768989,0.31068936,-0.64552379,0
5.0793695,0.98350632,2.7217247,0.69768989,-0.31068936,0.64552379,0
1.4917125,-4.0824366,-1.5110564,0.65709376,-0.081448436,-0.74939579,0
-3.5752096,0.55450964,0.1661617,-0.65709376,0.081448436,0.74939579,0
-1.5143058,3.2128112,1.6054082,-0.65709376,0.081448436,0.74939579,0
1.0962166,2.6738253,-2.7233734,0.65709376,-0.081448436,-0.74939579,0
-5.7713294,-1.6931238,-1.5359499,-0.65709376,0.081448436,0.74939579,0
0.66218626,-3.969883,-2.4075279,0.65709376,-0.081448436,-0.74939579,0
-2.5289536,-2.2932553,-5.399478,0.65709376,-0.081448436,-0.74939579,0
-2.0258596,-3.7387428,1.8849837,-0.65709376,0.081448436,0.74939579,0
-0.51877129,-5.5135717,1.8617234,-0.2854062,-0.94701546,-0.14732635,0
3.5362661,-5.8302469,1.1949186,0.69768989,-0.31068936,0.64552379,0
5.7073202,3.2008111,1.9997249,0.2854062,0.94701546,0.14732635,0
-5.579155,0.032380819,-1.7554177,-0.69768989,0.31068936,-0.64552379,0
-2.7267947,-3.7442608,-4.9170985,-0.2854062,-0.94701546,-0.14732635,0
-3.3125978,-4.2285275,0.80116296,-0.65709376,0.081448436,0.74939579,0
-1.1387019,-4.903368,2.8731761,-0.65709376,0.081448436,0.74939579,0
4.3266187,3.9744701,0.66932297,0.2854062,0.94701546,0.14732635,0
-2.1080236,5.3044834,0.9287343,-0.65709376,0.081448436,0.74939579,0
-3.6600604,2.4965882,-2.684165,-0.69768989,0.31068936,-0.64552379,0
0.1992439,5.2756729,-0.082628727,0.2854062,0.94701546,0.14732635,0
-1.9353704,1.1079364,-5.143693,-0.69768989,0.31068936,-0.64552379,0
-1.7109895,2.4868548,1.5586805,-0.65709376,0.081448436,0.74939579,0
-0.78506279,-5.5337696,3.2425025,-0.2854062,-0.94701546,-0.14732635,0
3.3536272,4.3033524,0.38060093,0.2854062,0.94701546,0.14732635,0
-3.3158665,-0.45311877,-4.4177332,-0.69768989,0.31068936,-0.64552379,0
0.065466881,5.3747692,-3.8592863,0.65709376,-0.081448436,-0.74939579,0
-0.331424,3.480094,-3.9128668,0.65709376,-0.081448436,-0.74939579,0
3.3418565,4.3651786,-0.51937294,0.2854062,0.94701546,0.14732635,0
-3.8840613,-1.4986531,-4.2011642,-0.69768989,0.31068936,-0.64552379,0
4.2323904,-4.0077524,0.76748872,0.65709376,-0.081448436,-0.74939579,0
-0.49504972,-4.6767073,-2.8388391,-0.2854062,-0.94701546,-0.14732635,0
4.0829992,0.11843777,3.5427897,0.69768989,-0.31068936,0.64552379,0
1.5880561,-5.4885759,3.3261204,0.69768989,-0.31068936,0.64552379,0
-4.059804,-3.6978648,-1.9049988,-0.2854062,-0.94701546,-0.14732635,0
-3.1510615,3.936707,-2.518935,-0.69768989,0.31068936,-0.64552379,0
-3.2994208,1.6595197,-3.4539981,-0.69768989,0.31068936,-0.64552379,0
-0.055198908,4.5520611,2.8007822,-0.65709376,0.081448436,0.74939579,0
3.6717267,3.7895184,1.8512435,0.2854062,0.94701546,0.14732635,0
2.1712635,-6.1726923,1.1290803,-0.2854062,-0.94701546,-0.14732635,0
2.8247247,1.4484124,5.4271441,0.69768989,-0.31068936,0.64552379,0
0.054937661,4.9358244,1.573761,0.2854062,0.94701546,0.14732635,0
2.4231024,0.95218742,-1.4364098,0.65709376,-0.081448436,-0.74939579,0
-0.055238962,5.1882648,-4.0353775,0.65709376,-0.081448436,-0.74939579,0
-2.3736432,-4.6924653,1.3524873,-0.2854062,-0.94701546,-0.14732635,0
-0.52130491,3.5667963,2.394438,-0.65709376,0.081448436,0.74939579,0
0.81159115,-5.8259611,1.6449459,-0.2854062,-0.94701546,-0.14732635,0
1.3332405,2.4706166,4.2236824,-0.65709376,0.081448436,0.74939579,0
4.9371033,2.9854584,0.67664719,0.65709376,-0.081448436,-0.74939579,0
4.7621293,0.12058055,2.8113072,0.69768989,-0.31068936,0.64552379,0
4.2877679,1.953558,4.1305904,0.69768989,-0.31068936,0.64552379,0
6.1222444,1.6005762,1.8746102,0.69768989,-0.31068936,0.64552379,0
0.79466748,4.7321253,1.5091958,0.2854062,0.94701546,0.14732635,0
3.3890338,3.9183426,-0.75605345,0.65709376,-0.081448436,-0.74939579,0
-3.3929763,4.3459816,-2.0947826,-0.69768989,0.31068936,-0.64552379,0
1.2865973,4.5421038,2.0310826,0.2854062,0.94701546,0.14732635,0
-4.2302141,-0.20858073,-0.31895864,-0.65709376,0.081448436,0.74939579,0
1.6221552,5.0965586,-1.9460316,0.2854062,0.94701546,0.14732635,0
-1.6912076,-4.1360607,-3.7886219,-0.2854062,-0.94701546,-0.14732635,0
-4.9987297,0.61662102,-1.1907586,-0.65709376,0.081448436,0.74939579,0
0.28228736,1.2260271,3.332092,-0.65709376,0.081448436,0.74939579,0
0.20751679,-2.5323403,-2.8530617,0.65709376,-0.081448436,-0.74939579,0
1.7745981,-4.7861061,3.483,0.69768989,-0.31068936,0.64552379,0
-0.63883233,-4.7601428,-1.5972223,-0.2854062,-0.94701546,-0.14732635,0
2.2606325,3.8501933,4.329042,0.2854062,0.94701546,0.14732635,0
-0.59107423,5.3539619,1.2227459,0.2854062,0.94701546,0.14732635,0
-5.0689158,0.0080330372,-2.3864045,-0.69768989,0.31068936,-0.64552379,0
-4.3530869,2.7796886,-1.8279556,-0.69768989,0.31068936,-0.64552379,0
5.1895289,-0.52927756,1.8447726,0.69768989,-0.31068936,0.64552379,0
4.3440084,2.6924412,0.26695037,0.65709376,-0.081448436,-0.74939579,0
-1.334362,6.2341514,-3.3017735,0.2854062,0.94701546,0.14732635,0
3.3128927,-1.1752334,-0.20773351,0.65709376,-0.081448436,-0.74939579,0
1.5409527,2.9301891,4.4736028,-0.65709376,0.081448436,0.74939579,0
4.3569236,-4.4622011,0.95407581,0.69768989,-0.31068936,0.64552379,0
3.9032803,4.1908846,-0.080295563,0.2854062,0.94701546,0.14732635,0
-2.9698255,4.7349043,0.17293072,-0.65709376,0.081448436,0.74939579,0
0.95425695,4.9107985,0.31577635,0.2854062,0.94701546,0.14732635,0
-3.2428331,-2.0839822,-5.1161356,-0.69768989,0.31068936,-0.64552379,0
-2.1938744,-3.4740241,-4.7857456,0.65709376,-0.081448436,-0.74939579,0
3.7865424,4.2442355,-0.16932774,0.2854062,0.94701546,0.14732635,0
2.107765,-5.8431849,-0.6517396,-0.2854062,-0.94701546,-0.14732635,0
-0.39567232,3.8049626,-4.2143545,0.65709376,-0.081448436,-0.74939579,0
-0.56514692,3.5806975,-4.0906801,0.65709376,-0.081448436,-0.74939579,0
-3.6516788,6.3601303,-0.61983013,-0.65709376,0.081448436,0.74939579,0
0.83465934,-5.6511917,1.0654192,-0.2854062,-0.94701546,-0.14732635,0
-4.3939795,1.6677246,-2.2086635,-0.69768989,0.31068936,-0.64552379,0
-0.40911388,5.82617,-3.068203,0.2854062,0.94701546,0.14732635,0
3.2041388,-3.3578882,2.8110032,0.69768989,-0.31068936,0.64552379,0
-2.2702823,-1.4101532,1.5120295,-0.65709376,0.081448436,0.74939579,0
-1.9064865,0.23445892,-5.0077629,0.65709376,-0.081448436,-0.74939579,0
-1.5763078,1.7730197,-4.9179158,0.65709376,-0.081448436,-0.74939579,0
0.70816576,2.439779,-2.8781071,0.65709376,-0.081448436,-0.74939579,0
-3.7567332,3.8475771,-0.49363399,-0.65709376,0.081448436,0.74939579,0
2.826467,0.2047959,4.8790469,0.69768989,-0.31068936,0.64552379,0
-2.2716043,-4.0331645,-3.1134787,-0.2854062,-0.94701546,-0.14732635,0
-5.2087736,-3.4894121,-1.604445,-0.2854062,-0.94701546,-0.14732635,0
-4.3067241,3.1214035,-1.617662,-0.69768989,0.31068936,-0.64552379,0
-0.24767077,5.3901501,0.020040989,0.2854062,0.94701546,0.14732635,0
2.0723357,-1.0238575,4.9657946,0.69768989,-0.31068936,0.64552379,0
-4.5048752,0.87707853,-0.60845697,-0.65709376,0.081448436,0.74939579,0
-0.68529576,5.194036,1.7397113,0.2854062,0.94701546,0.14732635,0
-0.14033079,5.7227478,-2.2395017,0.2854062,0.94701546,0.14732635,0
1.3689325,5.2188816,-2.2019036,0.2854062,0.94701546,0.14732635,0
-3.2586727,1.3421172,-3.4242163,-0.69768989,0.31068936,-0.64552379,0
0.94554842,5.073391,-0.89260912,0.2854062,0.94701546,0.14732635,0
-4.5554538,2.7490735,-1.5493038,-0.69768989,0.31068936,-0.64552379,0
-0.75089371,-4.6889248,-1.9017863,-0.2854062,-0.94701546,-0.14732635,0
-1.1523569,-3.0381849,-4.1471925,0.65709376,-0.081448436,-0.74939579,0
-0.97540927,-4.8088713,-1.7260475,-0.2854062,-0.94701546,-0.14732635,0
2.661299,4.3099537,1.2282095,0.2854062,0.94701546,0.14732635,0
-0.58948672,-5.2506528,0.32432699,-0.2854062,-0.94701546,-0.14732635,0
0.04874146,-5.3948879,0.79564428,-0.2854062,-0.94701546,-0.14732635,0
2.5870395,3.2240057,-1.4698333,0.65709376,-0.081448436,-0.74939579,0
2.4613543,-3.1230617,3.6387358,0.69768989,-0.31068936,0.64552379,0
-4.04282,0.81828344,-3.0866442,-0.69768989,0.31068936,-0.64552379,0
2.3727107,-3.3267105,3.5164609,0.69768989,-0.31068936,0.64552379,0
-1.6495576,-3.9108136,-4.2746038,0.65709376,-0.081448436,-0.74939579,0
-1.1304359,-1.8859439,-4.0570545,0.65709376,-0.081448436,-0.74939579,0
-3.1580977,-1.3437449,-4.9825349,-0.69768989,0.31068936,-0.64552379,0
2.4240952,4.4283204,0.56719112,0.2854062,0.94701546,0.14732635,0
4.8894868,3.1637998,4.0308862,0.69768989,-0.31068936,0.64552379,0
-2.7112784,-3.6769259,-4.4870634,-0.2854062,-0.94701546,-0.14732635,0
-0.6802882,-4.6121988,-2.4558201,-0.2854062,-0.94701546,-0.14732635,0
-6.1358972,-2.8278615,-2.4215212,-0.69768989,0.31068936,-0.64552379,0
-0.79336512,-1.3737636,2.7477918,-0.65709376,0.081448436,0.74939579,0
-0.030656099,0.80959415,3.1780815,-0.65709376,0.081448436,0.74939579,0
4.3001595,-1.1741703,2.3943281,0.69768989,-0.31068936,0.64552379,0
3.0034165,3.583899,5.3305564,0.2854062,0.94701546,0.14732635,0
-2.7386155,2.4054544,-3.7827115,-0.69768989,0.31068936,-0.64552379,0
0.48839402,5.1277356,0.68008375,0.2854062,0.94701546,0.14732635,0
0.29083228,2.0691714,-3.3603358,0.65709376,-0.081448436,-0.74939579,0
3.8151717,-3.6888294,1.9832048,0.69768989,-0.31068936,0.64552379,0
4.2121167,-1.8226767,2.2868848,0.69768989,-0.31068936,0.64552379,0
-0.24382907,5.3064756,0.62929535,0.2854062,0.94701546,0.14732635,0
0.31202602,5.5489779,-2.5788813,0.2854062,0.94701546,0.14732635,0
-4.1631746,2.1774986,-2.0659041,-0.69768989,0.31068936,-0.64552379,0
-2.6418405,-3.7674267,-4.757091,-0.2854062,-0.94701546,-0.14732635,0
1.0229946,4.6336999,1.5206666,0.2854062,0.94701546,0.14732635,0
-5.338994,0.56148314,-1.353096,-0.65709376,0.081448436,0.74939579,0
-1.8575015,5.4498038,-3.1987331,-0.69768989,0.31068936,-0.64552379,0
-6.011158,-2.0129204,-2.341342,-0.69768989,0.31068936,-0.64552379,0
4.5591803,3.3751743,0.41951251,0.65709376,-0.081448436,-0.74939579,0
-0.040573597,0.20049977,3.3999293,-0.65709376,0.081448436,0.74939579,0
1.6546618,4.5268512,1.2690701,0.2854062,0.94701546,0.14732635,0
1.6436739,-0.45659816,4.7394056,-0.65709376,0.081448436,0.74939579,0
4.2687626,3.9647117,0.75955296,0.2854062,0.94701546,0.14732635,0
2.6826911,4.0096912,3.1587815,0.2854062,0.94701546,0.14732635,0
4.058938,-3.053865,2.0304205,0.69768989,-0.31068936,0.64552379,0
-1.2502583,4.0623107,1.8972378,-0.65709376,0.081448436,0.74939579,0
-0.67014408,2.9908612,-4.3293047,0.65709376,-0.081448436,-0.74939579,0
-3.7640963,2.4508295,-2.6157875,-0.69768989,0.31068936,-0.64552379,0
2.2665815,-4.4561687,3.2185369,0.69768989,-0.31068936,0.64552379,0
1.2715461,5.1177979,-1.3966849,0.2854062,0.94701546,0.14732635,0
3.8879495,2.5422845,4.8928051,0.69768989,-0.31068936,0.64552379,0
3.4392362,3.3491917,5.1519651,0.2854062,0.94701546,0.14732635,0
4.2929831,1.0091829,0.4276346,0.65709376,-0.081448436,-0.74939579,0
2.0121264,-1.2035677,4.9587789,0.69768989,-0.31068936,0.64552379,0
-1.130538,4.1094189,-4.5163302,-0.69768989,0.31068936,-0.64552379,0
1.2200699,2.6405196,4.1688094,-0.65709376,0.081448436,0.74939579,0
-2.5621133,1.247869,1.0053914,-0.65709376,0.081448436,0.74939579,0
-5.9496889,-1.8863555,-2.2346296,-0.69768989,0.31068936,-0.64552379,0
6.0863504,3.1133244,1.6137235,0.65709376,-0.081448436,-0.74939579,0
3.5374694,0.96373868,-0.39409989,0.65709376,-0.081448436,-0.74939579,0
-3.1182563,-2.0891993,0.8129257,-0.65709376,0.081448436,0.74939579,0
3.4853339,-3.9311786,2.0105891,0.69768989,-0.31068936,0.64552379,0
-3.0476937,4.9283419,-2.0112603,-0.69768989,0.31068936,-0.64552379,0
3.3635178,-1.6528374,3.3912339,0.69768989,-0.31068936,0.64552379,0
0.64163733,-5.6128812,1.2961931,-0.2854062,-0.94701546,-0.14732635,0
3.5815778,-4.4871035,1.7911985,0.69768989,-0.31068936,0.64552379,0
-3.7174389,5.5341091,-0.58434725,-0.65709376,0.081448436,0.74939579,0
1.0882115,-0.52312529,4.3714418,-0.65709376,0.081448436,0.74939579,0
-3.3451853,-1.7822815,0.48863173,-0.65709376,0.081448436,0.74939579,0
1.5571575,-0.23190618,-1.9201912,0.65709376,-0.081448436,-0.74939579,0
-0.54827142,2.8271892,-4.0254297,0.65709376,-0.081448436,-0.74939579,0
-2.7598042,-4.0943317,1.3392367,-0.65709376,0.081448436,0.74939579,0
-4.156014,-1.802557,0.0067095757,-0.65709376,0.081448436,0.74939579,0
0.43685639,5.4770703,-2.4667025,0.2854062,0.94701546,0.14732635,0
4.2547197,0.71554661,3.3599768,0.69768989,-0.31068936,0.64552379,0
0.20288944,-0.020169973,-3.1988792,0.65709376,-0.081448436,-0.74939579,0
-3.2144103,6.3799505,-1.1609206,0.2854062,0.94701546,0.14732635,0
4.7768202,3.19186,4.126545,0.2854062,0.94701546,0.14732635,0
-1.1435828,-5.0152044,0.63360929,-0.2854062,-0.94701546,-0.14732635,0
0.14058805,5.8105712,-3.6405065,0.2854062,0.94701546,0.14732635,0
-3.256155,4.8548012,-1.8592875,-0.69768989,0.31068936,-0.64552379,0
-3.4743781,-1.4479705,-4.6014805,-0.69768989,0.31068936,-0.64552379,0
0.7155937,3.0468791,-3.1387911,0.65709376,-0.081448436,-0.74939579,0
2.0174565,-3.06479,4.1528568,0.69768989,-0.31068936,0.64552379,0
4.0526814,3.1202519,-0.12629271,0.65709376,-0.081448436,-0.74939579,0
3.3973799,2.2110286,-0.6723882,0.65709376,-0.081448436,-0.74939579,0
-5.6092625,-3.393203,-1.167119,-0.2854062,-0.94701546,-0.14732635,0
2.8967524,1.7452558,5.4893885,0.69768989,-0.31068936,0.64552379,0
3.9922037,0.81977153,3.8702998,0.69768989,-0.31068936,0.64552379,0
0.79239148,-4.6300964,-2.0301065,0.65709376,-0.081448436,-0.74939579,0
1.5815411,-4.7032905,3.6997967,0.69768989,-0.31068936,0.64552379,0
3.8798785,-1.3670211,2.7408428,0.69768989,-0.31068936,0.64552379,0
-3.1791792,0.064668179,0.65678376,-0.65709376,0.081448436,0.74939579,0
-3.329318,-3.8713965,-2.1797075,-0.2854062,-0.94701546,-0.14732635,0
3.5189233,-2.7572513,2.6211824,0.69768989,-0.31068936,0.64552379,0
-1.8220966,-4.083271,-4.1065755,-0.2854062,-0.94701546,-0.14732635,0
2.9182172,3.7156782,-1.1744339,0.65709376,-0.081448436,-0.74939579,0
-1.4985437,3.3602679,-4.3620987,-0.69768989,0.31068936,-0.64552379,0
-0.44845557,-5.5434346,2.966414,-0.2854062,-0.94701546,-0.14732635,0
1.7434669,5.0178967,-1.0993266,0.2854062,0.94701546,0.14732635,0
0.8120966,-4.2872257,4.4279871,-0.65709376,0.081448436,0.74939579,0
2.605442,-3.7756267,-0.54099059,0.65709376,-0.081448436,-0.74939579,0
-2.9643002,-4.4310989,0.041457176,-0.2854062,-0.94701546,-0.14732635,0
-0.63458085,-3.029922,-3.4851367,0.65709376,-0.081448436,-0.74939579,0
-1.6175053,6.0877767,-2.2225325,0.2854062,0.94701546,0.14732635,0
2.4718132,-2.9168389,3.5696378,0.69768989,-0.31068936,0.64552379,0
-3.1744142,-0.60513318,-4.7411175,-0.69768989,0.31068936,-0.64552379,0
1.9187094,0.62384892,-1.8424661,0.65709376,-0.081448436,-0.74939579,0
-3.9780614,-0.59716296,-0.13227701,-0.65709376,0.081448436,0.74939579,0
0.54602396,5.5506549,-2.2456932,0.2854062,0.94701546,0.14732635,0
-3.0718389,1.4715905,0.46879101,-0.65709376,0.081448436,0.74939579,0
3.8060317,-2.5633392,2.2989531,0.69768989,-0.31068936,0.64552379,0
-0.5269022,1.3071659,-3.8641312,0.65709376,-0.081448436,-0.74939579,0
0.7885232,2.6567376,3.8226783,-0.65709376,0.081448436,0.74939579,0
1.5788884,-2.4099402,4.9091845,0.69768989,-0.31068936,0.64552379,0
4.2566719,2.6216521,4.2731018,0.69768989,-0.31068936,0.64552379,0
0.7941041,-6.0021319,2.5113533,-0.2854062,-0.94701546,-0.14732635,0
-2.9974799,-2.2247627,0.91298234,-0.65709376,0.081448436,0.74939579,0
-2.1531944,3.6987247,-3.5654311,-0.69768989,0.31068936,-0.64552379,0
5.0910892,-1.449584,1.308367,0.65709376,-0.081448436,-0.74939579,0
-5.1612344,-3.3087196,-2.2495146,-0.2854062,-0.94701546,-0.14732635,0
0.47655016,5.0133753,1.1829295,0.2854062,0.94701546,0.14732635,0
2.2555377,-6.0426841,0.63795137,-0.2854062,-0.94701546,-0.14732635,0
-5.5105319,-3.3408215,-1.8357782,-0.2854062,-0.94701546,-0.14732635,0
2.5829101,-1.9660323,3.8780427,0.69768989,-0.31068936,0.64552379,0
3.7349393,-5.1795835,0.59669924,0.65709376,-0.081448436,-0.74939579,0
-3.512584,3.6262007,-0.24862599,-0.65709376,0.081448436,0.74939579,0
-4.9662752,-3.3327441,-2.2757163,-0.2854062,-0.94701546,-0.14732635,0
1.7365322,-5.6949182,2.9797416,0.69768989,-0.31068936,0.64552379,0
4.9803576,-0.73562574,2.1453555,0.69768989,-0.31068936,0.64552379,0
0.97163713,4.830924,0.92729425,0.2854062,0.94701546,0.14732635,0
-2.4132555,1.3073187,1.1944649,-0.65709376,0.081448436,0.74939579,0
-3.8041456,-4.051043,-1.0403743,-0.2854062,-0.94701546,-0.14732635,0
2.6583195,0.90637767,5.3911266,0.69768989,-0.31068936,0.64552379,0
1.3378527,4.8073754,0.81609011,0.2854062,0.94701546,0.14732635,0
0.42215371,-2.1892629,-2.7192998,0.65709376,-0.081448436,-0.74939579,0
1.1371899,-4.6832333,4.251009,0.69768989,-0.31068936,0.64552379,0
-1.2781324,5.9916549,-2.4574695,0.2854062,0.94701546,0.14732635,0
2.6470952,4.4305201,-0.016126156,0.2854062,0.94701546,0.14732635,0
-4.2062349,3.994982,-1.2340605,-0.69768989,0.31068936,-0.64552379,0
-1.6719952,2.3510742,-4.7542124,-0.69768989,0.31068936,-0.64552379,0
-0.40716624,-3.9670091,-3.1682415,0.65709376,-0.081448436,-0.74939579,0
3.8970344,-4.6600275,0.68105102,0.65709376,-0.081448436,-0.74939579,0
3.7488933,3.7184796,3.2613187,0.2854062,0.94701546,0.14732635,0
1.9771461,4.2797918,3.2635589,0.2854062,0.94701546,0.14732635,0
4.7794609,3.741209,0.67281437,0.2854062,0.94701546,0.14732635,0
-3.5431807,5.7264514,-1.1381125,-0.69768989,0.31068936,-0.64552379,0
-1.7783232,3.6856298,-3.9283705,-0.69768989,0.31068936,-0.64552379,0
-0.26774377,-5.2770395,-0.11162186,-0.2854062,-0.94701546,-0.14732635,0
-5.822917,-3.1403878,-2.9935298,-0.2854062,-0.94701546,-0.14732635,0
-4.1576767,-3.9658465,-0.64537048,-0.2854062,-0.94701546,-0.14732635,0
-4.9499307,-1.49942,-0.78270602,-0.65709376,0.081448436,0.74939579,0
-1.0497888,4.3571815,1.8920932,-0.65709376,0.081448436,0.74939579,0
0.60009432,4.0525675,-3.2043693,0.65709376,-0.081448436,-0.74939579,0
3.9318929,-5.817461,0.63909674,0.65709376,-0.081448436,-0.74939579,0
-4.7027483,-3.7023833,-0.92605066,-0.2854062,-0.94701546,-0.14732635,0
5.6021585,0.38155127,1.8617944,0.69768989,-0.31068936,0.64552379,0
-4.0624914,5.1534071,-0.88946986,-0.65709376,0.081448436,0.74939579,0
2.0468326,-2.4778299,4.2369552,0.69768989,-0.31068936,0.64552379,0
3.4227185,-5.9817691,1.1039433,0.69768989,-0.31068936,0.64552379,0
-2.5723653,0.29301816,-4.7173204,-0.69768989,0.31068936,-0.64552379,0
-2.2840948,4.2420964,-3.3449638,-0.69768989,0.31068936,-0.64552379,0
5.0204368,3.2312121,3.5096583,0.2854062,0.94701546,0.14732635,0
-2.0268428,-4.3604674,-2.2480302,-0.2854062,-0.94701546,-0.14732635,0
2.504921,-2.0073013,3.9637065,0.69768989,-0.31068936,0.64552379,0
1.2516098,-6.0689588,3.0204349,-0.2854062,-0.94701546,-0.14732635,0
-1.2687428,-2.7873526,-4.1776276,0.65709376,-0.081448436,-0.74939579,0
6.1025696,2.4419692,1.7294929,0.65709376,-0.081448436,-0.74939579,0
-0.96692395,6.0689831,-2.7128057,0.2854062,0.94701546,0.14732635,0
-3.4763918,2.2344239,0.00041329861,-0.65709376,0.081448436,0.74939579,0
3.4415855,-0.38069949,3.9802728,0.69768989,-0.31068936,0.64552379,0
2.7340467,3.8570035,3.2358141,0.2854062,0.94701546,0.14732635,0
-5.3717299,-2.9679837,-3.3023646,-0.69768989,0.31068936,-0.64552379,0
-3.1506104,1.570487,-3.7313766,-0.69768989,0.31068936,-0.64552379,0
3.6410379,1.0309248,4.3048034,0.69768989,-0.31068936,0.64552379,0
3.7191556,1.4682345,-0.19724202,0.65709376,-0.081448436,-0.74939579,0
1.7876974,3.6826098,-2.2474422,0.65709376,-0.081448436,-0.74939579,0
-5.0696597,1.7861805,-1.2698892,-0.69768989,0.31068936,-0.64552379,0
-2.5493793,-4.4821858,-0.83516312,-0.2854062,-0.94701546,-0.14732635,0
-0.67652643,5.359889,0.30421782,0.2854062,0.94701546,0.14732635,0
3.4163909,3.4814587,4.9051542,0.2854062,0.94701546,0.14732635,0
0.37274456,-5.9988828,3.2712741,-0.2854062,-0.94701546,-0.14732635,0
1.8986546,-5.2876968,-1.0506706,0.65709376,-0.081448436,-0.74939579,0
3.8453391,-5.0898552,1.0823889,0.69768989,-0.31068936,0.64552379,0
-1.2015669,4.1118317,1.8803387,-0.65709376,0.081448436,0.74939579,0
-1.5490909,2.6748922,-4.9328194,-0.69768989,0.31068936,-0.64552379,0
0.80655468,5.1453476,-1.2344494,0.2854062,0.94701546,0.14732635,0
-2.2515943,4.0746179,0.97261333,-0.65709376,0.081448436,0.74939579,0
-2.3806269,1.2115304,1.1678327,-0.65709376,0.081448436,0.74939579,0
-3.1671698,6.3696728,-0.74390602,0.2854062,0.94701546,0.14732635,0
-2.3948007,2.6252003,-4.0333462,-0.69768989,0.31068936,-0.64552379,0
-5.5542536,-2.4924994,-2.8761923,-0.69768989,0.31068936,-0.64552379,0
0.40066493,4.9301987,1.3602815,0.2854062,0.94701546,0.14732635,0
5.9633112,1.0447514,1.7175392,0.65709376,-0.081448436,-0.74939579,0
4.7032242,-1.5331969,1.818321,0.69768989,-0.31068936,0.64552379,0
-2.3793907,4.2401137,0.73603773,-0.65709376,0.081448436,0.74939579,0
3.8733358,2.3181686,4.5743971,0.69768989,-0.31068936,0.64552379,0
-3.1565573,-3.9843876,-2.4573102,-0.2854062,-0.94701546,-0.14732635,0
4.3477793,-3.523586,1.363682,0.69768989,-0.31068936,0.64552379,0
-4.3780537,3.5212302,-0.97112393,-0.65709376,0.081448436,0.74939579,0
-4.0088129,4.3434348,-1.1725774,-0.69768989,0.31068936,-0.64552379,0
-0.31884769,5.1283827,1.2338505,0.2854062,0.94701546,0.14732635,0
-3.8278806,0.99629664,-0.12254924,-0.65709376,0.081448436,0.74939579,0
3.9974594,-2.1224201,2.2869503,0.69768989,-0.31068936,0.64552379,0
4.5757055,3.5756435,2.0113997,0.2854062,0.94701546,0.14732635,0
-0.87319458,-4.8104005,-1.0959649,-0.2854062,-0.94701546,-0.14732635,0
1.9139867,-5.4918194,3.0693712,0.69768989,-0.31068936,0.64552379,0
3.9618764,1.8438246,4.3007069,0.69768989,-0.31068936,0.64552379,0
1.4265993,-6.1527061,2.7924955,-0.2854062,-0.94701546,-0.14732635,0
3.2523863,-3.0233262,-0.23662066,0.65709376,-0.081448436,-0.74939579,0
3.8087173,-4.5561271,1.4352264,0.69768989,-0.31068936,0.64552379,0
-1.1170894,-2.0195694,2.5138614,-0.65709376,0.081448436,0.74939579,0
-4.3888063,-3.4718137,-2.7487783,-0.2854062,-0.94701546,-0.14732635,0
-1.5353873,5.8713603,-0.35185671,0.2854062,0.94701546,0.14732635,0
-3.9365921,3.1795073,-1.9491861,-0.69768989,0.31068936,-0.64552379,0
4.6295033,3.049902,4.1828694,0.69768989,-0.31068936,0.64552379,0
-2.732542,1.2443414,-4.2215209,-0.69768989,0.31068936,-0.64552379,0
-1.2797894,3.8742418,1.6982472,-0.65709376,0.081448436,0.74939579,0
-0.043788552,5.4878078,-0.76717949,0.2854062,0.94701546,0.14732635,0
-2.696136,2.0345144,0.83892047,-0.65709376,0.081448436,0.74939579,0
