0.43464631,1.4549637,3.3553979,0.41907978,-0.16472983,0.89288074,0
2.7131205,2.6717961,2.5647838,0.41907978,-0.16472983,0.89288074,0
1.322453,4.8723865,-0.44637471,0.15421551,0.98202908,0.10879502,0
4.8657217,-3.4578834,-0.68467712,0.89475667,-0.09210223,-0.43695235,0
-4.7939782,3.5459538,0.78700495,-0.89475667,0.09210223,0.43695235,0
4.090281,-1.3003631,-2.8285804,0.89475667,-0.09210223,-0.43695235,0
-1.3906379,4.6817784,-1.80463,-0.41907978,0.16472983,-0.89288074,0
-1.0087049,5.0068521,2.9756353,0.15421551,0.98202908,0.10879502,0
-3.6235759,-4.8348112,2.1711583,-0.15421551,-0.98202908,-0.10879502,0
-4.524929,-3.5959556,2.9306343,-0.89475667,0.09210223,0.43695235,0
2.4466834,-5.0441604,-3.4092422,-0.15421551,-0.98202908,-0.10879502,0
1.4760737,-5.0445576,-2.0626283,-0.15421551,-0.98202908,-0.10879502,0
-5.1460366,2.3297346,0.60375357,-0.89475667,0.09210223,0.43695235,0
-3.1908865,4.1861467,4.0915585,-0.89475667,0.09210223,0.43695235,0
0.9473139,0.04634881,2.8632963,0.41907978,-0.16472983,0.89288074,0
2.4973421,0.54245353,2.2594578,0.41907978,-0.16472983,0.89288074,0
-0.87850636,1.8772807,4.1100807,0.41907978,-0.16472983,0.89288074,0
-4.6362596,-3.7557275,-1.7962556,-0.41907978,0.16472983,-0.89288074,0
2.4859009,4.784234,0.14297293,0.15421551,0.98202908,0.10879502,0
-3.8780115,-2.7123284,-2.016118,-0.41907978,0.16472983,-0.89288074,0
-2.5693123,5.2421112,2.6904941,0.15421551,0.98202908,0.10879502,0
-1.9069054,-3.1829963,3.7126393,0.41907978,-0.16472983,0.89288074,0
-3.6981606,1.7220094,3.4784551,-0.89475667,0.09210223,0.43695235,0
4.3127632,4.5278449,-3.575829,0.89475667,-0.09210223,-0.43695235,0
1.6879745,5.0520496,-1.3351301,0.15421551,0.98202908,0.10879502,0
4.9136477,-3.6853116,-0.517272,0.89475667,-0.09210223,-0.43695235,0
0.55002403,4.9189873,0.14058709,0.15421551,0.98202908,0.10879502,0
2.2989631,-5.1866221,-2.3777633,-0.15421551,-0.98202908,-0.10879502,0
4.0760794,-4.1916666,-2.2281952,0.89475667,-0.09210223,-0.43695235,0
2.6107361,-5.3886766,-1.2140117,-0.15421551,-0.98202908,-0.10879502,0
-1.4478241,3.8596268,4.7268677,0.41907978,-0.16472983,0.89288074,0
-1.4360662,-1.0166113,-2.872632,-0.41907978,0.16472983,-0.89288074,0
-3.3182874,5.4388075,1.3738356,0.15421551,0.98202908,0.10879502,0
4.0856676,3.8602495,-3.7389381,0.89475667,-0.09210223,-0.43695235,0
4.5758395,2.5574641,1.6221495,0.41907978,-0.16472983,0.89288074,0
4.4684396,3.5350213,-3.1046486,0.89475667,-0.09210223,-0.43695235,0
5.3353357,-3.4489019,0.20957851,0.89475667,-0.09210223,-0.43695235,0
3.4810278,-4.5653687,0.88641262,0.41907978,-0.16472983,0.89288074,0
-0.90072978,0.71940565,-2.8889749,-0.41907978,0.16472983,-0.89288074,0
-4.9175749,-1.9248047,1.6899328,-0.89475667,0.09210223,0.43695235,0
-4.8295054,-3.6300387,2.0902183,-0.89475667,0.09210223,0.43695235,0
3.4801972,-2.96438,-3.8387322,0.89475667,-0.09210223,-0.43695235,0
1.9861273,-4.1891499,-5.0788803,-0.41907978,0.16472983,-0.89288074,0
3.3790455,3.0215135,-4.4308667,-0.41907978,0.16472983,-0.89288074,0
0.68772984,4.3656135,3.8372238,0.41907978,-0.16472983,0.89288074,0
0.28938365,-4.860621,-2.2864535,-0.15421551,-0.98202908,-0.10879502,0
-5.9693131,-4.0615177,-0.18350172,-0.15421551,-0.98202908,-0.10879502,0
-4.1218643,-3.5283341,3.8254056,-0.89475667,0.09210223,0.43695235,0
-4.8928351,4.3290124,0.53702354,-0.89475667,0.09210223,0.43695235,0
5.0400467,4.022975,-2.1553295,0.89475667,-0.09210223,-0.43695235,0
-5.4037943,-1.1064115,0.54975843,-0.89475667,0.09210223,0.43695235,0
1.9086113,-5.2049651,-1.6496301,-0.15421551,-0.98202908,-0.10879502,0
0.92593288,-4.12743,-4.5154819,-0.41907978,0.16472983,-0.89288074,0
3.1054063,-5.4601898,-0.73916388,-0.15421551,-0.98202908,-0.10879502,0
2.8159568,4.386549,-3.8892632,-0.41907978,0.16472983,-0.89288074,0
1.0156966,-0.59839511,2.706934,0.41907978,-0.16472983,0.89288074,0
5.1643,4.2251616,-0.23741078,0.15421551,0.98202908,0.10879502,0
4.2572927,0.33503747,-2.6000295,0.89475667,-0.09210223,-0.43695235,0
1.3316233,-1.3757098,-4.3458529,-0.41907978,0.16472983,-0.89288074,0
-1.3507383,-3.0680375,-3.2468555,-0.41907978,0.16472983,-0.89288074,0
-2.1875153,-2.7350199,-2.7619667,-0.41907978,0.16472983,-0.89288074,0
-2.9580235,-2.8655291,-2.5563416,-0.41907978,0.16472983,-0.89288074,0
-4.7845807,-3.7670238,-1.7836046,-0.41907978,0.16472983,-0.89288074,0
-1.7641139,5.4661436,-0.23418379,0.15421551,0.98202908,0.10879502,0
1.6716349,4.1347113,3.2775607,0.41907978,-0.16472983,0.89288074,0
-4.7086601,2.1041865,1.5064898,-0.89475667,0.09210223,0.43695235,0
0.21996045,3.2032347,3.7585843,0.41907978,-0.16472983,0.89288074,0
2.060833,4.5934162,1.0576165,0.15421551,0.98202908,0.10879502,0
0.23722172,4.8436594,1.8825846,0.15421551,0.98202908,0.10879502,0
6.4369383,3.6754348,1.0895588,0.89475667,-0.09210223,-0.43695235,0
6.0884252,3.5800114,0.30126715,0.89475667,-0.09210223,-0.43695235,0
-1.2883115,5.1318941,1.0984778,0.15421551,0.98202908,0.10879502,0
-2.0154705,3.84934,4.9308853,0.41907978,-0.16472983,0.89288074,0
-2.7419653,-1.3931369,-2.2640333,-0.41907978,0.16472983,-0.89288074,0
2.7245066,-5.4390545,-1.4412241,-0.15421551,-0.98202908,-0.10879502,0
-4.0948677,-1.1032245,3.4617646,-0.89475667,0.09210223,0.43695235,0
-1.2370484,-4.5219069,-2.589283,-0.15421551,-0.98202908,-0.10879502,0
-1.3889046,5.2256184,0.56186104,0.15421551,0.98202908,0.10879502,0
2.8393161,4.6810045,-0.41522816,0.15421551,0.98202908,0.10879502,0
3.8259375,1.9728284,-3.8130219,0.89475667,-0.09210223,-0.43695235,0
-0.05123806,-3.6674638,2.6791513,0.41907978,-0.16472983,0.89288074,0
2.6425643,-5.4794888,1.2097888,0.41907978,-0.16472983,0.89288074,0
-4.7646904,-1.8025596,2.1393151,-0.89475667,0.09210223,0.43695235,0
5.7043633,1.7431755,-0.10514927,0.89475667,-0.09210223,-0.43695235,0
-5.147912,1.1784995,0.42736387,-0.89475667,0.09210223,0.43695235,0
3.9229226,1.8641684,-3.8164644,0.89475667,-0.09210223,-0.43695235,0
-1.0061594,-0.7959764,-2.9648952,-0.41907978,0.16472983,-0.89288074,0
1.4867418,1.7513134,-3.6662202,-0.41907978,0.16472983,-0.89288074,0
-2.0941429,5.3178759,1.1930671,0.15421551,0.98202908,0.10879502,0
4.8756423,4.4348426,-1.4292655,0.15421551,0.98202908,0.10879502,0
-0.45518208,5.0333748,0.99786401,0.15421551,0.98202908,0.10879502,0
4.2271509,3.4691868,-3.2968824,0.89475667,-0.09210223,-0.43695235,0
2.9043419,-0.24823403,2.0626817,0.41907978,-0.16472983,0.89288074,0
3.1781168,-5.5494685,-0.51128531,-0.15421551,-0.98202908,-0.10879502,0
-3.1579416,5.3392611,2.7938552,0.15421551,0.98202908,0.10879502,0
2.4482641,-4.8456335,-5.0965729,-0.15421551,-0.98202908,-0.10879502,0
-4.0663481,-0.77995396,3.3581562,-0.89475667,0.09210223,0.43695235,0
-2.9243016,3.579932,4.5321836,-0.89475667,0.09210223,0.43695235,0
3.0042801,4.526937,1.5525353,0.15421551,0.98202908,0.10879502,0
1.1331596,5.1531835,-2.2114663,0.15421551,0.98202908,0.10879502,0
-1.1064615,-4.6702347,-1.3770063,-0.15421551,-0.98202908,-0.10879502,0
-4.3904524,3.9512274,1.7514877,-0.89475667,0.09210223,0.43695235,0
-5.4227014,1.7811832,-0.11951494,-0.89475667,0.09210223,0.43695235,0
-4.9643731,-2.8080635,1.7526271,-0.89475667,0.09210223,0.43695235,0
4.4379158,-1.0447109,1.1875927,0.41907978,-0.16472983,0.89288074,0
-3.182272,-4.9023447,3.6960413,-0.15421551,-0.98202908,-0.10879502,0
-1.9950197,4.9832139,3.3881502,0.15421551,0.98202908,0.10879502,0
-0.037396431,-3.7894709,2.7679751,0.41907978,-0.16472983,0.89288074,0
1.3073006,-5.0915785,-1.414434,-0.15421551,-0.98202908,-0.10879502,0
-3.7278392,-4.3965945,-1.2776099,-0.15421551,-0.98202908,-0.10879502,0
-3.8746195,2.8140199,-0.97789288,-0.41907978,0.16472983,-0.89288074,0
4.365952,0.51225781,1.4959574,0.41907978,-0.16472983,0.89288074,0
-3.5386748,-0.3134501,-1.6579365,-0.41907978,0.16472983,-0.89288074,0
-0.16415584,-2.9621966,-3.7370472,-0.41907978,0.16472983,-0.89288074,0
0.36138058,-5.0336852,-1.6818714,-0.15421551,-0.98202908,-0.10879502,0
2.2443974,4.5353765,1.9406724,0.15421551,0.98202908,0.10879502,0
-3.4185388,0.10150766,4.2778287,-0.89475667,0.09210223,0.43695235,0
-1.4292753,0.065649033,4.0095458,0.41907978,-0.16472983,0.89288074,0
4.359139,2.0132022,-2.8178282,0.89475667,-0.09210223,-0.43695235,0
5.1563983,1.5081663,-1.1485891,0.89475667,-0.09210223,-0.43695235,0
-1.6845758,-2.9023454,3.6800065,0.41907978,-0.16472983,0.89288074,0
1.0134723,-0.37788296,-3.8122563,-0.41907978,0.16472983,-0.89288074,0
-0.31677675,5.0147839,1.0509601,0.15421551,0.98202908,0.10879502,0
-0.0053858757,5.1782522,-0.013296604,0.15421551,0.98202908,0.10879502,0
5.2935662,-3.6094303,0.10337305,0.41907978,-0.16472983,0.89288074,0
-5.1096683,2.7602737,0.2259016,-0.89475667,0.09210223,0.43695235,0
-0.98075104,5.078887,1.2987323,0.15421551,0.98202908,0.10879502,0
1.9038672,5.0675335,-2.2666392,0.15421551,0.98202908,0.10879502,0
-0.41573334,5.3208284,-0.92863703,0.15421551,0.98202908,0.10879502,0
3.0337255,-3.1467249,1.2527201,0.41907978,-0.16472983,0.89288074,0
3.9069691,-3.4042201,-2.6838217,0.89475667,-0.09210223,-0.43695235,0
-3.8834293,-2.6712492,3.9220927,-0.89475667,0.09210223,0.43695235,0
3.2325296,3.5286193,-4.2318764,-0.41907978,0.16472983,-0.89288074,0
2.2932839,-5.4187851,0.086835384,-0.15421551,-0.98202908,-0.10879502,0
-2.1539755,5.1479158,3.4016356,0.15421551,0.98202908,0.10879502,0
-2.0258062,2.7099605,-1.8551856,-0.41907978,0.16472983,-0.89288074,0
-3.1770668,-4.772644,1.6058739,-0.15421551,-0.98202908,-0.10879502,0
-0.00070667267,-4.8885155,-2.3499105,-0.15421551,-0.98202908,-0.10879502,0
5.5896449,1.1677718,0.93376827,0.41907978,-0.16472983,0.89288074,0
-0.64298999,1.1483276,3.8986821,0.41907978,-0.16472983,0.89288074,0
1.3194199,-5.1119299,-2.590416,-0.15421551,-0.98202908,-0.10879502,0
-4.9690881,-2.6858854,-1.4918439,-0.41907978,0.16472983,-0.89288074,0
-4.3485861,4.7919846,1.4164119,-0.89475667,0.09210223,0.43695235,0
1.5313479,3.4789045,3.2614319,0.41907978,-0.16472983,0.89288074,0
-0.0028738976,-5.1762333,0.79558682,-0.15421551,-0.98202908,-0.10879502,0
-0.036923409,-5.3127246,1.7728347,-0.15421551,-0.98202908,-0.10879502,0
-1.2491305,4.7671494,3.8226633,0.15421551,0.98202908,0.10879502,0
4.0368605,4.1976223,2.0026336,0.15421551,0.98202908,0.10879502,0
2.5612271,4.8656793,-1.5699115,0.15421551,0.98202908,0.10879502,0
2.3621383,-4.9518743,-3.8612995,-0.15421551,-0.98202908,-0.10879502,0
-2.7276785,-2.0327363,4.2997289,0.41907978,-0.16472983,0.89288074,0
3.9968688,4.6018848,-0.86334288,0.15421551,0.98202908,0.10879502,0
1.7569054,0.84101772,-3.9431486,-0.41907978,0.16472983,-0.89288074,0
2.0263138,-5.4458065,1.0043015,-0.15421551,-0.98202908,-0.10879502,0
-2.9446626,3.5137236,4.6218438,-0.89475667,0.09210223,0.43695235,0
5.1925893,4.1964436,0.21351862,0.15421551,0.98202908,0.10879502,0
-4.3654599,4.1097412,-0.54208279,-0.41907978,0.16472983,-0.89288074,0
-4.5295601,-4.1556287,-1.5946705,-0.15421551,-0.98202908,-0.10879502,0
-5.1110554,-4.3405757,1.0330875,-0.15421551,-0.98202908,-0.10879502,0
-3.1248651,-1.0919534,-2.1419816,-0.41907978,0.16472983,-0.89288074,0
2.3055973,-5.1108603,-2.4130888,-0.15421551,-0.98202908,-0.10879502,0
-5.0573645,4.5348239,-0.056410313,-0.41907978,0.16472983,-0.89288074,0
0.41159868,3.5607865,-2.8822289,-0.41907978,0.16472983,-0.89288074,0
0.29659635,1.4627516,3.4892175,0.41907978,-0.16472983,0.89288074,0
-2.6350713,4.4976835,5.2075405,-0.89475667,0.09210223,0.43695235,0
2.6111562,-3.0615716,1.4866669,0.41907978,-0.16472983,0.89288074,0
-1.1692239,0.45449543,3.9034076,0.41907978,-0.16472983,0.89288074,0
5.141654,-3.1346583,0.40303278,0.41907978,-0.16472983,0.89288074,0
-4.2771544,-2.7807832,-1.83236,-0.41907978,0.16472983,-0.89288074,0
0.66330433,1.8379223,-3.2214766,-0.41907978,0.16472983,-0.89288074,0
-1.789207,5.2349119,1.26647,0.15421551,0.98202908,0.10879502,0
3.7338238,4.7786417,-3.1985946,0.15421551,0.98202908,0.10879502,0
4.2517681,0.87768841,-3.1362123,0.89475667,-0.09210223,-0.43695235,0
-4.2341309,4.166997,-0.54641628,-0.41907978,0.16472983,-0.89288074,0
3.9848795,-2.0408955,-2.8061271,0.89475667,-0.09210223,-0.43695235,0
-3.4056015,2.1241853,4.0173254,-0.89475667,0.09210223,0.43695235,0
1.0988355,5.2613091,-2.3898077,0.15421551,0.98202908,0.10879502,0
5.3024626,-1.5214311,-0.10407257,0.89475667,-0.09210223,-0.43695235,0
4.8375645,4.5263748,-2.1105409,0.15421551,0.98202908,0.10879502,0
-5.7353134,-3.5006804,-1.3342047,-0.41907978,0.16472983,-0.89288074,0
3.0390232,1.7866566,2.2219422,0.41907978,-0.16472983,0.89288074,0
4.825808,-3.1992288,0.42383146,0.41907978,-0.16472983,0.89288074,0
3.9394765,-4.7343407,-2.2544875,0.89475667,-0.09210223,-0.43695235,0
2.3865075,-0.65985131,2.1875987,0.41907978,-0.16472983,0.89288074,0
-5.0194864,4.5897627,0.21082687,-0.89475667,0.09210223,0.43695235,0
-4.0946302,-4.3410048,-0.9089461,-0.15421551,-0.98202908,-0.10879502,0
4.5801897,-5.3645687,-1.1282048,0.89475667,-0.09210223,-0.43695235,0
6.4248109,3.6561356,1.0410137,0.89475667,-0.09210223,-0.43695235,0
0.87193561,-4.7131104,-3.8674695,-0.15421551,-0.98202908,-0.10879502,0
-2.1334572,-3.1937504,-3.0508604,-0.41907978,0.16472983,-0.89288074,0
4.642395,-5.7390766,-0.41195202,-0.15421551,-0.98202908,-0.10879502,0
4.9989862,4.323905,0.74621916,0.15421551,0.98202908,0.10879502,0
3.5820084,1.1759068,1.9507866,0.41907978,-0.16472983,0.89288074,0
-4.405601,-4.2968578,3.5246298,-0.89475667,0.09210223,0.43695235,0
-3.5471172,4.6035295,-0.75798893,-0.41907978,0.16472983,-0.89288074,0
-2.820493,5.4603605,1.2504253,0.15421551,0.98202908,0.10879502,0
3.9378166,-2.9975619,-2.814075,0.89475667,-0.09210223,-0.43695235,0
-0.91735554,-3.7106302,3.0049863,0.41907978,-0.16472983,0.89288074,0
-2.6927078,-2.6780705,4.0665827,0.41907978,-0.16472983,0.89288074,0
5.8947873,4.2080002,0.074360609,0.15421551,0.98202908,0.10879502,0
-0.99160916,1.42048,4.0858421,0.41907978,-0.16472983,0.89288074,0
-0.16425419,5.1917057,-1.3132256,0.15421551,0.98202908,0.10879502,0
2.7420356,4.3007746,-3.7602654,-0.41907978,0.16472983,-0.89288074,0
3.6829157,0.81529284,-4.0133839,0.89475667,-0.09210223,-0.43695235,0
-5.1593747,2.4061756,0.59738684,-0.89475667,0.09210223,0.43695235,0
2.6344454,-1.8405589,1.7809654,0.41907978,-0.16472983,0.89288074,0
-5.3402505,-2.460515,0.80356503,-0.89475667,0.09210223,0.43695235,0
5.0143795,-4.3693881,-0.40652084,0.89475667,-0.09210223,-0.43695235,0
4.2843451,-0.67526484,-2.5399904,0.89475667,-0.09210223,-0.43695235,0
-1.9668305,-3.4153919,3.6641221,0.41907978,-0.16472983,0.89288074,0
5.8242655,4.0972691,-0.060674191,0.15421551,0.98202908,0.10879502,0
0.84706163,5.1311483,-2.8785024,-0.41907978,0.16472983,-0.89288074,0
-4.874702,-4.2324209,-0.89248455,-0.15421551,-0.98202908,-0.10879502,0
2.9102862,-5.3328919,-1.5089655,-0.15421551,-0.98202908,-0.10879502,0
1.9512086,2.2162328,-3.9574659,-0.41907978,0.16472983,-0.89288074,0
-2.2024236,5.1323171,1.929698,0.15421551,0.98202908,0.10879502,0
-4.1894102,3.5944507,2.0534401,-0.89475667,0.09210223,0.43695235,0
4.0935783,4.2146745,1.8163159,0.15421551,0.98202908,0.10879502,0
-4.60042,2.8919797,1.2879238,-0.89475667,0.09210223,0.43695235,0
1.1278667,4.635159,1.7879926,0.15421551,0.98202908,0.10879502,0
-5.2817335,-4.2294769,-0.011632442,-0.15421551,-0.98202908,-0.10879502,0
4.8697753,2.8380065,-2.2222371,0.89475667,-0.09210223,-0.43695235,0
3.2635086,-3.4748397,1.1991677,0.41907978,-0.16472983,0.89288074,0
4.7280493,-2.7875972,0.72042561,0.41907978,-0.16472983,0.89288074,0
-5.9962344,-2.2562706,-0.26720285,-0.89475667,0.09210223,0.43695235,0
0.42012072,-5.1881261,0.67169619,-0.15421551,-0.98202908,-0.10879502,0
-3.9865258,0.50061274,3.0817571,-0.89475667,0.09210223,0.43695235,0
1.8685906,-3.4033337,-4.9749064,-0.41907978,0.16472983,-0.89288074,0
3.7689939,-0.33392775,1.4993024,0.41907978,-0.16472983,0.89288074,0
5.2784762,3.6361821,1.4503638,0.41907978,-0.16472983,0.89288074,0
3.7100694,-5.4371452,-1.480701,-0.15421551,-0.98202908,-0.10879502,0
2.716085,2.5732317,-4.1499887,-0.41907978,0.16472983,-0.89288074,0
-5.657835,-4.2672648,-0.31784034,-0.15421551,-0.98202908,-0.10879502,0
4.3349333,-3.7963281,-1.9818091,0.89475667,-0.09210223,-0.43695235,0
-3.1210957,1.0542011,4.6115842,-0.89475667,0.09210223,0.43695235,0
0.84973621,4.5553942,-2.8559194,-0.41907978,0.16472983,-0.89288074,0
1.6349171,0.026240349,-4.0366697,-0.41907978,0.16472983,-0.89288074,0
2.3095846,4.3289332,3.035939,0.15421551,0.98202908,0.10879502,0
4.0363798,-0.48462224,-3.3012867,0.89475667,-0.09210223,-0.43695235,0
0.43527555,-5.1039052,-0.017784357,-0.15421551,-0.98202908,-0.10879502,0
-4.563683,0.75721276,-1.0908518,-0.41907978,0.16472983,-0.89288074,0
4.6145811,2.2501948,-2.3649063,0.89475667,-0.09210223,-0.43695235,0
-4.0021486,-4.3531289,-1.5092857,-0.15421551,-0.98202908,-0.10879502,0
5.0945644,-0.032620847,-0.97577047,0.89475667,-0.09210223,-0.43695235,0
-5.1921949,-1.6463841,-1.3354459,-0.41907978,0.16472983,-0.89288074,0
-3.7776713,-4.7692823,2.5354846,-0.15421551,-0.98202908,-0.10879502,0
4.2295876,1.2222412,-2.946846,0.89475667,-0.09210223,-0.43695235,0
4.5379262,0.85730672,-2.4360247,0.89475667,-0.09210223,-0.43695235,0
-3.3695762,-4.4558153,-1.2766206,-0.15421551,-0.98202908,-0.10879502,0
2.891839,-0.38117933,-4.7498446,-0.41907978,0.16472983,-0.89288074,0
4.5088391,-4.6883512,-1.4023781,0.89475667,-0.09210223,-0.43695235,0
1.0263929,-4.5667553,2.1332593,0.41907978,-0.16472983,0.89288074,0
-2.722403,-4.6009812,3.7723594,0.41907978,-0.16472983,0.89288074,0
2.9739349,-4.7056818,-4.580893,0.89475667,-0.09210223,-0.43695235,0
-0.88981199,5.4224305,-1.1307995,0.15421551,0.98202908,0.10879502,0
3.6924052,-0.27386236,-3.9750443,0.89475667,-0.09210223,-0.43695235,0
4.5970335,-4.1142936,0.46066904,0.41907978,-0.16472983,0.89288074,0
4.5916548,-2.9055581,0.65151548,0.41907978,-0.16472983,0.89288074,0
-2.3441672,-4.5463972,-1.2014592,-0.15421551,-0.98202908,-0.10879502,0
-3.7830637,-1.9526796,3.9258678,-0.89475667,0.09210223,0.43695235,0
-0.76741219,-5.2356458,2.2201793,-0.15421551,-0.98202908,-0.10879502,0
0.19057226,3.9997802,-2.635776,-0.41907978,0.16472983,-0.89288074,0
-4.7468786,-1.4504007,1.8480759,-0.89475667,0.09210223,0.43695235,0
-3.8195765,-4.5103302,0.44105625,-0.15421551,-0.98202908,-0.10879502,0
-2.947598,3.3901498,4.90347,-0.89475667,0.09210223,0.43695235,0
4.1067381,4.8050833,-3.1165681,0.15421551,0.98202908,0.10879502,0
-1.8707666,-5.0314856,2.304812,-0.15421551,-0.98202908,-0.10879502,0
-1.1856031,5.4086685,-1.6302402,0.15421551,0.98202908,0.10879502,0
2.9810321,-3.6081758,1.3753383,0.41907978,-0.16472983,0.89288074,0
-4.2296891,-2.0956292,3.1338735,-0.89475667,0.09210223,0.43695235,0
-3.179635,2.3269105,4.4507351,-0.89475667,0.09210223,0.43695235,0
-1.4245858,5.2911167,0.32094574,0.15421551,0.98202908,0.10879502,0
-2.6172438,2.3538013,-1.5991755,-0.41907978,0.16472983,-0.89288074,0
-2.1232946,-4.5422759,-2.6293092,-0.15421551,-0.98202908,-0.10879502,0
4.3861451,-1.8593235,-1.8972778,0.89475667,-0.09210223,-0.43695235,0
4.7157321,-4.6210632,-0.64316988,0.89475667,-0.09210223,-0.43695235,0
0.12969422,-3.011143,2.8109121,0.41907978,-0.16472983,0.89288074,0
5.7692461,-1.1056285,0.46598959,0.41907978,-0.16472983,0.89288074,0
-2.3425593,4.8857632,5.1175027,0.15421551,0.98202908,0.10879502,0
0.88141322,-4.8336964,-3.7964137,-0.15421551,-0.98202908,-0.10879502,0
-4.9343824,-1.2569351,-1.2517703,-0.41907978,0.16472983,-0.89288074,0
-2.3889499,-4.5945396,-0.36475113,-0.15421551,-0.98202908,-0.10879502,0
-3.5165563,4.5287385,3.4187431,-0.89475667,0.09210223,0.43695235,0
-5.0722489,2.3638711,0.65140009,-0.89475667,0.09210223,0.43695235,0
4.8608479,3.8477643,-2.1947422,0.89475667,-0.09210223,-0.43695235,0
-3.9241748,3.5282431,2.8161497,-0.89475667,0.09210223,0.43695235,0
-4.1580729,1.7152361,2.7560759,-0.89475667,0.09210223,0.43695235,0
-5.1983995,3.5208654,-0.031226158,-0.89475667,0.09210223,0.43695235,0
-3.0257568,-4.4545813,-2.0013361,-0.15421551,-0.98202908,-0.10879502,0
-0.40700102,-5.1529627,1.8951091,-0.15421551,-0.98202908,-0.10879502,0
-3.9538307,2.7877507,2.6607318,-0.89475667,0.09210223,0.43695235,0
-0.76520634,-5.2626591,2.5962591,-0.15421551,-0.98202908,-0.10879502,0
-4.5463829,-3.1544902,2.7370026,-0.89475667,0.09210223,0.43695235,0
5.7258434,3.9153776,-0.33482957,0.89475667,-0.09210223,-0.43695235,0
5.1641397,4.3395514,-0.43593287,0.15421551,0.98202908,0.10879502,0
4.3065195,-5.5655718,-1.2051048,-0.15421551,-0.98202908,-0.10879502,0
-1.6414499,5.2826853,1.3554707,0.15421551,0.98202908,0.10879502,0
0.058916569,-0.58043671,3.1280892,0.41907978,-0.16472983,0.89288074,0
-0.77427244,-1.7713425,3.5043375,0.41907978,-0.16472983,0.89288074,0
3.0341463,-3.8711917,-4.5187736,0.89475667,-0.09210223,-0.43695235,0
1.8560998,4.3833833,3.0283084,0.15421551,0.98202908,0.10879502,0
-0.13038349,5.1542711,-0.12175632,0.15421551,0.98202908,0.10879502,0
-4.2317281,-4.2271595,3.4834774,-0.89475667,0.09210223,0.43695235,0
-4.9189405,2.1977599,1.0303316,-0.89475667,0.09210223,0.43695235,0
-5.1215115,-0.25239801,1.2356391,-0.89475667,0.09210223,0.43695235,0
5.4630857,-2.1511414,0.086562157,0.89475667,-0.09210223,-0.43695235,0
-1.9661396,3.3870969,4.9084253,0.41907978,-0.16472983,0.89288074,0
-4.849824,-0.70597208,1.4634361,-0.89475667,0.09210223,0.43695235,0
-0.97252202,-4.6530457,-2.5239835,-0.15421551,-0.98202908,-0.10879502,0
-1.4320087,-0.50687122,-2.6951737,-0.41907978,0.16472983,-0.89288074,0
-6.029386,-3.2738647,-0.25563383,-0.89475667,0.09210223,0.43695235,0
-0.98955011,-4.8395891,-0.16494608,-0.15421551,-0.98202908,-0.10879502,0
-5.1856632,-1.8133883,0.99840307,-0.89475667,0.09210223,0.43695235,0
-3.8012683,4.7505102,-0.71325445,-0.41907978,0.16472983,-0.89288074,0
4.3244057,-3.5073004,-1.8546228,0.89475667,-0.09210223,-0.43695235,0
-0.48047298,-0.51416874,-3.2368765,-0.41907978,0.16472983,-0.89288074,0
4.826416,-3.1442144,0.43668556,0.41907978,-0.16472983,0.89288074,0
4.0864897,4.731267,-1.8216575,0.15421551,0.98202908,0.10879502,0
-4.5104804,0.80505192,1.8658886,-0.89475667,0.09210223,0.43695235,0
-3.7791917,-4.7719727,3.11552,-0.15421551,-0.98202908,-0.10879502,0
4.4067125,3.7578883,1.9859829,0.41907978,-0.16472983,0.89288074,0
-0.27368879,-5.1038318,0.15639925,-0.15421551,-0.98202908,-0.10879502,0
-5.2223787,4.0745239,0.11335754,-0.89475667,0.09210223,0.43695235,0
-0.93843901,1.0283344,-2.7188089,-0.41907978,0.16472983,-0.89288074,0
6.1611271,1.7427995,0.80057096,0.89475667,-0.09210223,-0.43695235,0
1.7701297,4.5295458,3.3456879,0.15421551,0.98202908,0.10879502,0
-4.3615823,-1.3496447,2.6254902,-0.89475667,0.09210223,0.43695235,0
1.1269989,-5.2034602,-0.80686045,-0.15421551,-0.98202908,-0.10879502,0
-2.7801523,3.6460085,4.9859319,-0.89475667,0.09210223,0.43695235,0
3.7317007,-1.3471842,-3.69067,0.89475667,-0.09210223,-0.43695235,0
2.0138662,-5.1437316,-3.1870327,-0.15421551,-0.98202908,-0.10879502,0
-4.2303228,-4.4501848,0.47832012,-0.15421551,-0.98202908,-0.10879502,0
0.14671433,-1.041373,3.1707609,0.41907978,-0.16472983,0.89288074,0
0.30204153,-4.7949119,-3.0345669,-0.15421551,-0.98202908,-0.10879502,0
-4.1026573,-2.5236423,3.3640971,-0.89475667,0.09210223,0.43695235,0
-2.5994492,4.7266412,-1.1594801,-0.41907978,0.16472983,-0.89288074,0
1.7699597,-4.7252092,-4.9436078,-0.15421551,-0.98202908,-0.10879502,0
-2.1579568,-2.6832657,-2.8677263,-0.41907978,0.16472983,-0.89288074,0
1.9732409,4.4690261,3.1467836,0.15421551,0.98202908,0.10879502,0
2.0476491,0.71409798,-4.1135983,-0.41907978,0.16472983,-0.89288074,0
2.5852275,-4.9939718,-4.9072351,0.89475667,-0.09210223,-0.43695235,0
-1.8118606,4.9058771,4.3137536,0.15421551,0.98202908,0.10879502,0
5.6895027,-0.086686373,0.30657959,0.89475667,-0.09210223,-0.43695235,0
-2.6408436,2.5875618,-1.6730201,-0.41907978,0.16472983,-0.89288074,0
-4.9503937,-0.045804381,1.4459696,-0.89475667,0.09210223,0.43695235,0
3.1181118,-3.8691521,-4.128067,0.89475667,-0.09210223,-0.43695235,0
-4.0768323,4.1011572,-0.7200675,-0.41907978,0.16472983,-0.89288074,0
0.7837038,-5.3979816,1.5836344,-0.15421551,-0.98202908,-0.10879502,0
4.9240017,-3.4731522,0.30585957,0.41907978,-0.16472983,0.89288074,0
3.5524824,-1.0330298,1.5618999,0.41907978,-0.16472983,0.89288074,0
-5.6303315,-1.7208081,0.31887341,-0.89475667,0.09210223,0.43695235,0
-1.1621915,-0.45298958,3.7659755,0.41907978,-0.16472983,0.89288074,0
0.091226101,-5.1683245,0.78164291,-0.15421551,-0.98202908,-0.10879502,0
-4.6566119,-4.3964195,2.7166784,-0.89475667,0.09210223,0.43695235,0
-4.3023863,-3.8026941,-2.0814457,-0.41907978,0.16472983,-0.89288074,0
4.2600327,3.0371046,-3.1597893,0.89475667,-0.09210223,-0.43695235,0
1.8504121,-0.030738354,2.5184417,0.41907978,-0.16472983,0.89288074,0
-0.21796107,2.572681,-2.8216171,-0.41907978,0.16472983,-0.89288074,0
4.8950462,-3.6043053,-0.85954475,0.89475667,-0.09210223,-0.43695235,0
-3.7515526,-2.4478712,4.3727965,-0.89475667,0.09210223,0.43695235,0
-2.4892516,-2.8530178,3.9879742,0.41907978,-0.16472983,0.89288074,0
-2.5842524,5.668272,-0.63823414,0.15421551,0.98202908,0.10879502,0
-4.4078608,-1.0712485,2.4506507,-0.89475667,0.09210223,0.43695235,0
-5.0036902,3.3273039,0.62717581,-0.89475667,0.09210223,0.43695235,0
-0.15154886,-5.1415443,1.4106947,-0.15421551,-0.98202908,-0.10879502,0
-4.1105771,-3.886584,3.9175434,-0.89475667,0.09210223,0.43695235,0
-0.6431222,-5.2920837,2.2590888,-0.15421551,-0.98202908,-0.10879502,0
0.54479837,2.435349,-3.2616801,-0.41907978,0.16472983,-0.89288074,0
0.64279294,-2.1430228,-4.1127272,-0.41907978,0.16472983,-0.89288074,0
-1.628176,-4.5937762,-2.255404,-0.15421551,-0.98202908,-0.10879502,0
-1.1235058,-1.7098639,-3.1233251,-0.41907978,0.16472983,-0.89288074,0
3.1886523,1.2969208,-4.5344381,-0.41907978,0.16472983,-0.89288074,0
3.9759755,-5.4131527,-2.2337537,0.89475667,-0.09210223,-0.43695235,0
2.4671624,-5.140717,-3.0877662,-0.15421551,-0.98202908,-0.10879502,0
3.5470881,-3.8268704,-3.3482003,0.89475667,-0.09210223,-0.43695235,0
3.4857495,4.4834747,0.85711938,0.15421551,0.98202908,0.10879502,0
4.211237,4.827127,-3.2638009,0.15421551,0.98202908,0.10879502,0
3.5691872,-5.5926671,0.71136951,0.41907978,-0.16472983,0.89288074,0
2.5222108,0.021821976,-4.4345055,-0.41907978,0.16472983,-0.89288074,0
3.2410791,-3.9629483,-4.1148787,0.89475667,-0.09210223,-0.43695235,0
-3.7864656,4.0949588,2.9025922,-0.89475667,0.09210223,0.43695235,0
4.1130085,-2.8254211,-2.3947134,0.89475667,-0.09210223,-0.43695235,0
0.77808905,-0.65127611,2.9015846,0.41907978,-0.16472983,0.89288074,0
2.9737782,-1.3798572,1.6266568,0.41907978,-0.16472983,0.89288074,0
-4.5232768,-4.7956676,3.1615555,-0.89475667,0.09210223,0.43695235,0
-3.9466319,4.3501835,2.2209411,-0.89475667,0.09210223,0.43695235,0
-2.7092242,5.568224,-0.70410109,0.15421551,0.98202908,0.10879502,0
2.3323433,-2.4558258,1.8603262,0.41907978,-0.16472983,0.89288074,0
5.2845345,0.96860659,-0.97473049,0.89475667,-0.09210223,-0.43695235,0
3.6663439,4.624341,-0.7114054,0.15421551,0.98202908,0.10879502,0
5.063334,4.3757033,-0.43382454,0.15421551,0.98202908,0.10879502,0
-5.7382522,-3.2135699,0.58124018,-0.89475667,0.09210223,0.43695235,0
-0.44049978,-2.6146495,3.0893893,0.41907978,-0.16472983,0.89288074,0
-3.1484888,5.1335063,4.0036006,-0.89475667,0.09210223,0.43695235,0
3.3986373,-5.5108304,0.78595972,0.41907978,-0.16472983,0.89288074,0
-1.0758426,4.7855787,3.9532421,0.15421551,0.98202908,0.10879502,0
4.0388103,-3.5772772,-2.6320539,0.89475667,-0.09210223,-0.43695235,0
-5.6691217,-3.0848145,0.36754131,-0.89475667,0.09210223,0.43695235,0
2.3368921,-5.5550027,0.026600838,-0.15421551,-0.98202908,-0.10879502,0
4.8396759,-5.760313,-0.37123299,0.89475667,-0.09210223,-0.43695235,0
-1.0525188,2.8283057,-2.4456973,-0.41907978,0.16472983,-0.89288074,0
-5.1045046,1.7551327,0.72688389,-0.89475667,0.09210223,0.43695235,0
-2.6421375,-1.4255929,-2.3816669,-0.41907978,0.16472983,-0.89288074,0
-4.8950076,3.848026,-0.27624512,-0.41907978,0.16472983,-0.89288074,0
-1.0423915,-4.6782546,-2.5298305,-0.15421551,-0.98202908,-0.10879502,0
0.76094294,5.2418699,-2.508368,0.15421551,0.98202908,0.10879502,0
-3.7793298,-2.6243453,-1.9730226,-0.41907978,0.16472983,-0.89288074,0
-3.0088508,1.686399,4.9361043,-0.89475667,0.09210223,0.43695235,0
-3.0947351,-4.5706282,-0.11881077,-0.15421551,-0.98202908,-0.10879502,0
-0.8327024,-2.6085351,3.2945759,0.41907978,-0.16472983,0.89288074,0
0.38151646,1.045738,-3.4497178,-0.41907978,0.16472983,-0.89288074,0
3.254878,-0.48047447,1.6819563,0.41907978,-0.16472983,0.89288074,0
-3.1678569,-2.347352,-2.2972393,-0.41907978,0.16472983,-0.89288074,0
-3.0485659,-4.3786416,-1.9597632,-0.15421551,-0.98202908,-0.10879502,0
1.5671828,2.9909673,3.1901095,0.41907978,-0.16472983,0.89288074,0
4.3996267,-3.9968367,-1.6860323,0.89475667,-0.09210223,-0.43695235,0
3.4617631,-2.325738,-3.8456774,0.89475667,-0.09210223,-0.43695235,0
1.5191197,5.0062499,-1.2165605,0.15421551,0.98202908,0.10879502,0
-1.3258972,5.2724323,1.0348516,0.15421551,0.98202908,0.10879502,0
4.9598913,1.3211372,1.3255146,0.41907978,-0.16472983,0.89288074,0
-0.10416365,-4.9161272,-1.6331995,-0.15421551,-0.98202908,-0.10879502,0
4.0354123,0.69914865,-3.4225402,0.89475667,-0.09210223,-0.43695235,0
-3.8058085,5.4041901,2.4691954,0.15421551,0.98202908,0.10879502,0
-0.40617537,1.7794902,-2.8279536,-0.41907978,0.16472983,-0.89288074,0
-0.2731773,1.782907,3.7800159,0.41907978,-0.16472983,0.89288074,0
-5.462306,-3.7165697,1.2191756,-0.89475667,0.09210223,0.43695235,0
5.1651545,-0.28513998,-0.99531269,0.89475667,-0.09210223,-0.43695235,0
0.44006968,1.4415441,3.3347082,0.41907978,-0.16472983,0.89288074,0
-5.1234093,3.3869088,0.17920208,-0.89475667,0.09210223,0.43695235,0
-0.01352109,0.89637685,3.5194192,0.41907978,-0.16472983,0.89288074,0
3.5360579,1.3367145,1.9586846,0.41907978,-0.16472983,0.89288074,0
2.5084016,4.8453088,-1.0425564,0.15421551,0.98202908,0.10879502,0
3.5775256,-2.1848233,-3.6141915,0.89475667,-0.09210223,-0.43695235,0
-3.2860618,5.6391511,-0.35230017,0.15421551,0.98202908,0.10879502,0
-0.47471619,-5.0836411,0.46363473,-0.15421551,-0.98202908,-0.10879502,0
0.34524059,-4.9842834,-0.87299514,-0.15421551,-0.98202908,-0.10879502,0
-4.6212931,-1.2792392,2.4566879,-0.89475667,0.09210223,0.43695235,0
-0.53159475,5.0248566,1.5521574,0.15421551,0.98202908,0.10879502,0
1.8562711,3.4041786,3.0868163,0.41907978,-0.16472983,0.89288074,0
5.2095833,-1.1687109,-0.70171213,0.89475667,-0.09210223,-0.43695235,0
1.2743661,4.1499557,3.5930841,0.41907978,-0.16472983,0.89288074,0
3.8787045,2.7854183,-3.9031935,0.89475667,-0.09210223,-0.43695235,0
2.8742771,4.3931417,1.6148723,0.15421551,0.98202908,0.10879502,0
-5.2495489,0.27359653,-0.81827593,-0.41907978,0.16472983,-0.89288074,0
3.1155543,-5.3106613,-1.5370169,-0.15421551,-0.98202908,-0.10879502,0
3.5872455,-0.096281409,1.6834564,0.41907978,-0.16472983,0.89288074,0
0.26519012,2.82515,3.7808931,0.41907978,-0.16472983,0.89288074,0
1.8898602,4.9267116,-0.39573339,0.15421551,0.98202908,0.10879502,0
0.17773533,5.1163421,-1.1018342,0.15421551,0.98202908,0.10879502,0
1.5085576,0.66518593,-3.93712,-0.41907978,0.16472983,-0.89288074,0
-4.6704445,-0.58510327,2.1767306,-0.89475667,0.09210223,0.43695235,0
3.2036042,2.6342926,-4.2796955,-0.41907978,0.16472983,-0.89288074,0
-3.6940918,-2.8276424,4.4327173,-0.89475667,0.09210223,0.43695235,0
3.5299258,-3.1882279,1.0934024,0.41907978,-0.16472983,0.89288074,0
3.6414266,4.278338,2.4346478,0.41907978,-0.16472983,0.89288074,0
0.9107523,-5.2891359,0.18159628,-0.15421551,-0.98202908,-0.10879502,0
-3.8206975,5.5397992,1.1819358,0.15421551,0.98202908,0.10879502,0
-0.95334697,4.9444213,3.4978893,0.15421551,0.98202908,0.10879502,0
-4.1329789,1.2495165,2.9374981,-0.89475667,0.09210223,0.43695235,0
-5.5084291,2.1751001,-0.289608,-0.89475667,0.09210223,0.43695235,0
-3.969624,-0.93280232,-1.6308092,-0.41907978,0.16472983,-0.89288074,0
-1.9246459,-3.9846685,3.5320871,0.41907978,-0.16472983,0.89288074,0
-3.7513056,-4.5587912,0.71499908,-0.15421551,-0.98202908,-0.10879502,0
6.2742357,3.5885639,0.65571904,0.89475667,-0.09210223,-0.43695235,0
-1.8997209,4.9969625,3.7705603,0.15421551,0.98202908,0.10879502,0
4.5753045,4.6107674,-2.4671292,0.15421551,0.98202908,0.10879502,0
1.2668703,1.9448884,-3.693912,-0.41907978,0.16472983,-0.89288074,0
3.3251634,-1.2465175,1.4722044,0.41907978,-0.16472983,0.89288074,0
-5.3327713,-3.6462173,-1.498123,-0.41907978,0.16472983,-0.89288074,0
-4.1412201,-4.3097534,-0.44201672,-0.15421551,-0.98202908,-0.10879502,0
5.1817956,4.3108196,-1.8847294,0.89475667,-0.09210223,-0.43695235,0
0.81970739,4.9416275,0.94891989,0.15421551,0.98202908,0.10879502,0
-2.7323732,5.0635338,4.9392629,0.15421551,0.98202908,0.10879502,0
-4.7662401,-4.3791471,-0.16062355,-0.15421551,-0.98202908,-0.10879502,0
-5.8331432,-0.42262155,-0.75422478,-0.41907978,0.16472983,-0.89288074,0
4.8830175,2.0800998,1.4081571,0.41907978,-0.16472983,0.89288074,0
2.934175,4.7741442,-0.81967157,0.15421551,0.98202908,0.10879502,0
5.0819798,-0.10904849,-1.0599518,0.89475667,-0.09210223,-0.43695235,0
5.5788088,0.29208639,-0.047650814,0.89475667,-0.09210223,-0.43695235,0
1.1639416,0.24025059,-3.8945403,-0.41907978,0.16472983,-0.89288074,0
1.8095124,-4.9690876,-2.7542663,-0.15421551,-0.98202908,-0.10879502,0
4.1838589,-4.6771178,-2.1026263,0.89475667,-0.09210223,-0.43695235,0
0.83327484,-4.0796304,2.2037628,0.41907978,-0.16472983,0.89288074,0
0.50457382,3.5905447,-2.9765437,-0.41907978,0.16472983,-0.89288074,0
5.3447485,4.3086162,-1.2459743,0.15421551,0.98202908,0.10879502,0
1.2148876,4.8081298,-2.9428275,-0.41907978,0.16472983,-0.89288074,0
-4.944375,-3.3160696,2.0626855,-0.89475667,0.09210223,0.43695235,0
2.049123,1.9547373,2.6880612,0.41907978,-0.16472983,0.89288074,0
2.6671286,5.0093803,-2.3556888,0.15421551,0.98202908,0.10879502,0
4.7817068,-1.4495817,-1.3401828,0.89475667,-0.09210223,-0.43695235,0
-1.5876956,2.0807302,-2.2012894,-0.41907978,0.16472983,-0.89288074,0
-0.14045334,-5.1606359,0.75983799,-0.15421551,-0.98202908,-0.10879502,0
3.368494,-3.8643043,-3.7203331,0.89475667,-0.09210223,-0.43695235,0
5.0867586,-0.071050286,-1.1446438,0.89475667,-0.09210223,-0.43695235,0
-4.7111149,3.8033502,0.88927269,-0.89475667,0.09210223,0.43695235,0
0.72526062,3.3466382,3.5862942,0.41907978,-0.16472983,0.89288074,0
4.6046052,-3.8934426,-1.0663681,0.89475667,-0.09210223,-0.43695235,0
4.1899858,-0.28406,-2.8910851,0.89475667,-0.09210223,-0.43695235,0
-1.8735576,5.3892951,0.48951006,0.15421551,0.98202908,0.10879502,0
4.9689169,2.435473,-1.8528202,0.89475667,-0.09210223,-0.43695235,0
-1.3875902,-2.0456357,-3.1668825,-0.41907978,0.16472983,-0.89288074,0
2.8580694,-0.60729885,-4.8767185,-0.41907978,0.16472983,-0.89288074,0
-4.2606282,-4.6199484,1.3496215,-0.15421551,-0.98202908,-0.10879502,0
-5.3161778,-1.8211088,0.8039875,-0.89475667,0.09210223,0.43695235,0
-4.1155052,1.4590398,2.7732549,-0.89475667,0.09210223,0.43695235,0
1.158689,-5.3981824,1.2863955,-0.15421551,-0.98202908,-0.10879502,0
-3.9834218,3.0494785,-0.94660902,-0.41907978,0.16472983,-0.89288074,0
4.6443386,-2.6946597,0.7024622,0.41907978,-0.16472983,0.89288074,0
4.1106534,0.11397576,-2.9890623,0.89475667,-0.09210223,-0.43695235,0
-3.0593219,1.6943088,4.8776636,-0.89475667,0.09210223,0.43695235,0
-3.6547501,-4.2988577,-1.5114436,-0.15421551,-0.98202908,-0.10879502,0
1.0270865,-3.6412644,-4.5212154,-0.41907978,0.16472983,-0.89288074,0
4.4959245,-1.0597603,-1.8546515,0.89475667,-0.09210223,-0.43695235,0
-3.8458791,1.4163659,3.2895179,-0.89475667,0.09210223,0.43695235,0
-3.3400083,5.5678568,0.78951693,0.15421551,0.98202908,0.10879502,0
-3.3460948,-2.2506638,-2.1017969,-0.41907978,0.16472983,-0.89288074,0
-2.0158272,-0.76527834,4.0719256,0.41907978,-0.16472983,0.89288074,0
-3.4219062,-4.0303469,4.1198235,0.41907978,-0.16472983,0.89288074,0
2.9555264,-4.4119654,-4.3323603,0.89475667,-0.09210223,-0.43695235,0
-0.47633219,5.3164248,-1.3180003,0.15421551,0.98202908,0.10879502,0
3.6950729,4.2476931,1.5227989,0.15421551,0.98202908,0.10879502,0
3.7922399,1.6835465,-3.8986232,0.89475667,-0.09210223,-0.43695235,0
3.9862065,-0.25551939,-3.1596828,0.89475667,-0.09210223,-0.43695235,0
0.88892698,4.6765199,2.7385712,0.15421551,0.98202908,0.10879502,0
4.6211138,-4.1334429,0.47186995,0.41907978,-0.16472983,0.89288074,0
2.1611662,-1.5104647,2.0535607,0.41907978,-0.16472983,0.89288074,0
1.5718968,-0.40889502,2.5996125,0.41907978,-0.16472983,0.89288074,0
5.84728,-0.18042499,0.53196907,0.89475667,-0.09210223,-0.43695235,0
0.96016932,4.6226668,3.1398213,0.15421551,0.98202908,0.10879502,0
-0.78028202,5.1140423,0.69012165,0.15421551,0.98202908,0.10879502,0
1.0577898,0.17526126,2.8100705,0.41907978,-0.16472983,0.89288074,0
0.24392462,-1.9135377,2.9409897,0.41907978,-0.16472983,0.89288074,0
2.8559377,-2.7656603,1.4347591,0.41907978,-0.16472983,0.89288074,0
-2.6149597,-1.0310535,4.2961683,0.41907978,-0.16472983,0.89288074,0
3.3686571,-0.0061364174,-4.6588869,0.89475667,-0.09210223,-0.43695235,0
-1.1716285,-5.1036415,3.021836,0.41907978,-0.16472983,0.89288074,0
3.5231013,-2.5064063,1.224968,0.41907978,-0.16472983,0.89288074,0
0.69635844,-4.6415787,-4.3916016,-0.15421551,-0.98202908,-0.10879502,0
4.5336523,2.4929686,-2.6428256,0.89475667,-0.09210223,-0.43695235,0
1.9929914,-3.1597042,-4.9228816,-0.41907978,0.16472983,-0.89288074,0
5.2628078,-0.73315072,-0.53833055,0.89475667,-0.09210223,-0.43695235,0
5.7003613,1.1924169,0.076547623,0.89475667,-0.09210223,-0.43695235,0
-1.615963,-5.095758,2.0466635,-0.15421551,-0.98202908,-0.10879502,0
0.95703125,2.4772899,-3.2757022,-0.41907978,0.16472983,-0.89288074,0
-1.1424832,5.1405516,2.0691681,0.15421551,0.98202908,0.10879502,0
3.95033,3.948441,-4.0534048,0.89475667,-0.09210223,-0.43695235,0
1.7900441,-4.9027605,-5.0827889,-0.15421551,-0.98202908,-0.10879502,0
0.93493283,0.87895608,3.1905882,0.41907978,-0.16472983,0.89288074,0
3.3751504,4.7445831,-2.0814104,0.15421551,0.98202908,0.10879502,0
-5.7152348,-4.1187978,0.53989816,-0.89475667,0.09210223,0.43695235,0
4.9967942,2.2972975,-1.6017799,0.89475667,-0.09210223,-0.43695235,0
-0.30833596,0.39211655,3.603303,0.41907978,-0.16472983,0.89288074,0
-2.2508357,4.2975254,5.2266603,0.41907978,-0.16472983,0.89288074,0
-3.8486686,-2.9397938,-2.1188185,-0.41907978,0.16472983,-0.89288074,0
-2.5605724,-4.9398165,2.0252981,-0.15421551,-0.98202908,-0.10879502,0
3.3862743,0.68802881,-4.6188889,0.89475667,-0.09210223,-0.43695235,0
-3.5718446,-2.4930162,4.6007729,-0.89475667,0.09210223,0.43695235,0
1.9062598,0.70002222,2.4957097,0.41907978,-0.16472983,0.89288074,0
-4.8593535,1.9715786,0.99959898,-0.89475667,0.09210223,0.43695235,0
-2.4075074,-3.1686902,-2.8152828,-0.41907978,0.16472983,-0.89288074,0
0.15651989,-0.18405128,3.1603298,0.41907978,-0.16472983,0.89288074,0
-0.18489075,-5.1948385,2.1117339,-0.15421551,-0.98202908,-0.10879502,0
-3.6284418,2.2236152,3.4244208,-0.89475667,0.09210223,0.43695235,0
-4.1634736,4.3681445,2.0359449,-0.89475667,0.09210223,0.43695235,0
-3.9449253,3.8979454,2.7559695,-0.89475667,0.09210223,0.43695235,0
2.1003981,1.7954532,2.6617839,0.41907978,-0.16472983,0.89288074,0
4.4431114,-2.462842,-1.9326401,0.89475667,-0.09210223,-0.43695235,0
1.2927382,4.5215287,2.9557009,0.15421551,0.98202908,0.10879502,0
4.5820541,-1.403787,-1.7076502,0.89475667,-0.09210223,-0.43695235,0
-4.0730925,-1.6276773,-1.6478692,-0.41907978,0.16472983,-0.89288074,0
-5.4904017,0.46474713,0.13215065,-0.89475667,0.09210223,0.43695235,0
-4.0508561,-0.64072776,3.491925,-0.89475667,0.09210223,0.43695235,0
-3.2885051,0.44930506,4.8156128,-0.89475667,0.09210223,0.43695235,0
0.060580254,-5.2481937,1.8059956,-0.15421551,-0.98202908,-0.10879502,0
4.7160606,-3.3084877,-1.1751981,0.89475667,-0.09210223,-0.43695235,0
-5.1320224,-3.2089729,-1.6392679,-0.41907978,0.16472983,-0.89288074,0
3.4041691,-5.5858006,-1.1684117,-0.15421551,-0.98202908,-0.10879502,0
4.7334204,3.4449904,-2.3597646,0.89475667,-0.09210223,-0.43695235,0
-4.3536968,0.2012099,-1.3475311,-0.41907978,0.16472983,-0.89288074,0
4.9227495,-2.3280129,-0.83450603,0.89475667,-0.09210223,-0.43695235,0
4.4004388,-0.89613521,-2.2750788,0.89475667,-0.09210223,-0.43695235,0
4.1051984,1.2719672,-3.1693125,0.89475667,-0.09210223,-0.43695235,0
3.9820161,3.1286917,-3.9005315,0.89475667,-0.09210223,-0.43695235,0
4.5108981,-5.3866472,-0.8539691,0.89475667,-0.09210223,-0.43695235,0
-2.2820551,2.6376045,-1.7937049,-0.41907978,0.16472983,-0.89288074,0
