-2.6993589,1.8055558,1.3701386,-0.46672153,0.27325803,0.84113079,0
2.4186683,-1.4281486,5.2960405,-0.46672153,0.27325803,0.84113079,0
-0.44390082,2.4703138,-4.5082846,0.46672153,-0.27325803,-0.84113079,0
4.2803898,2.3057485,0.9045527,0.88333881,0.097359762,0.45851243,0
1.2980981,-4.5373602,0.65354156,-0.043399885,-0.95700115,0.28681934,0
-0.079643726,-4.7230477,0.034128666,-0.043399885,-0.95700115,0.28681934,0
3.0908775,-1.9373766,-1.2018857,0.46672153,-0.27325803,-0.84113079,0
-3.8077674,-2.6632056,-2.1099434,-0.88333881,-0.097359762,-0.45851243,0
-1.7740483,-0.21849072,-4.4108801,0.46672153,-0.27325803,-0.84113079,0
2.5266354,5.2133489,2.2868245,0.043399885,0.95700115,-0.28681934,0
2.8999805,-3.3483939,4.6133552,-0.043399885,-0.95700115,0.28681934,0
4.7640338,-1.8940657,1.1612847,0.88333881,0.097359762,0.45851243,0
1.7197797,-3.1880603,-1.5982352,0.46672153,-0.27325803,-0.84113079,0
-2.1433148,-3.5954032,3.1993532,-0.043399885,-0.95700115,0.28681934,0
-4.6184201,2.7632542,-1.3643242,-0.88333881,-0.097359762,-0.45851243,0
-2.4098885,-0.94182515,2.456147,-0.46672153,0.27325803,0.84113079,0
2.3783002,2.8867505,3.8906507,-0.46672153,0.27325803,0.84113079,0
-3.9522119,4.0621614,-3.0731709,0.043399885,0.95700115,-0.28681934,0
4.7207651,0.48812246,0.5959301,0.88333881,0.097359762,0.45851243,0
-3.548687,2.4045277,-3.3174043,-0.88333881,-0.097359762,-0.45851243,0
-5.1872997,3.5091681,-0.5306071,-0.46672153,0.27325803,0.84113079,0
2.2004209,-4.8732562,-0.12424636,-0.043399885,-0.95700115,0.28681934,0
3.9551971,4.3822813,-0.36531353,0.043399885,0.95700115,-0.28681934,0
-3.0817041,0.034102023,-3.7363498,-0.88333881,-0.097359762,-0.45851243,0
2.1905937,-2.0281398,5.3582602,-0.46672153,0.27325803,0.84113079,0
-1.6714267,2.6535063,1.7218429,-0.46672153,0.27325803,0.84113079,0
1.5415865,-3.1790648,-1.706018,0.46672153,-0.27325803,-0.84113079,0
4.0098586,-3.408205,2.6033487,0.88333881,0.097359762,0.45851243,0
-4.2468762,3.1780572,-2.4972639,-0.88333881,-0.097359762,-0.45851243,0
-5.2111583,2.0849073,-0.10887873,-0.46672153,0.27325803,0.84113079,0
2.5218146,-1.5271705,-1.6605172,0.46672153,-0.27325803,-0.84113079,0
-1.2656404,-5.1472058,-1.6936312,-0.043399885,-0.95700115,0.28681934,0
-4.4089046,3.8040876,-2.0565202,-0.88333881,-0.097359762,-0.45851243,0
3.1834526,-3.7845945,3.6468339,-0.043399885,-0.95700115,0.28681934,0
-4.2791119,-1.6628387,-1.1106566,-0.88333881,-0.097359762,-0.45851243,0
3.174294,3.0993087,3.0414793,0.88333881,0.097359762,0.45851243,0
1.7748537,-2.6041925,5.3645496,-0.46672153,0.27325803,0.84113079,0
-2.3592272,3.9053726,1.0989065,-0.46672153,0.27325803,0.84113079,0
-2.4049459,-0.32164299,-4.7020454,0.46672153,-0.27325803,-0.84113079,0
1.3064295,3.82164,-2.7681127,0.043399885,0.95700115,-0.28681934,0
-1.0745735,-2.1836069,-3.4977508,0.46672153,-0.27325803,-0.84113079,0
0.38730544,4.3779559,-1.2632604,0.043399885,0.95700115,-0.28681934,0
-1.022696,-4.4730778,0.65532398,-0.043399885,-0.95700115,0.28681934,0
3.085269,-4.1451964,2.4539165,-0.043399885,-0.95700115,0.28681934,0
2.8659024,5.1089902,1.7968025,0.043399885,0.95700115,-0.28681934,0
-1.1232287,-0.7749238,3.2185504,-0.46672153,0.27325803,0.84113079,0
5.0466022,4.1371617,-1.3894949,0.043399885,0.95700115,-0.28681934,0
2.5891447,4.655479,-0.031135082,0.043399885,0.95700115,-0.28681934,0
-3.6023312,4.8369408,-0.034767389,0.043399885,0.95700115,-0.28681934,0
-0.63822651,-1.1717173,-3.6116073,0.46672153,-0.27325803,-0.84113079,0
4.7179155,-4.2495484,1.7169204,0.88333881,0.097359762,0.45851243,0
4.7050714,1.3250244,0.67992127,0.88333881,0.097359762,0.45851243,0
-4.2690897,-1.3226168,-1.2647109,-0.88333881,-0.097359762,-0.45851243,0
1.6157603,4.6430473,2.9666286,-0.46672153,0.27325803,0.84113079,0
4.5189085,-2.8280725,1.8501881,0.88333881,0.097359762,0.45851243,0
-1.9549618,4.0445461,-2.1961751,0.043399885,0.95700115,-0.28681934,0
-2.3044729,-2.2593319,-3.997062,0.46672153,-0.27325803,-0.84113079,0
-1.6151671,-1.1494089,-4.1420774,0.46672153,-0.27325803,-0.84113079,0
-1.8106861,3.3536611,1.5526438,-0.46672153,0.27325803,0.84113079,0
1.2664845,0.20027852,-2.8804474,0.46672153,-0.27325803,-0.84113079,0
1.8043022,3.7086282,-2.8275023,0.043399885,0.95700115,-0.28681934,0
3.7169404,-2.5134549,3.1767359,0.88333881,0.097359762,0.45851243,0
-3.601892,-3.6024077,2.6985049,-0.46672153,0.27325803,0.84113079,0
5.3440332,2.7177336,-1.4551024,0.46672153,-0.27325803,-0.84113079,0
-4.4393439,-2.5235264,-0.65912437,-0.88333881,-0.097359762,-0.45851243,0
4.3294353,-1.0272355,1.5269072,0.88333881,0.097359762,0.45851243,0
3.7080016,-3.0219073,3.4313145,0.88333881,0.097359762,0.45851243,0
0.10433519,-4.4779525,0.61787271,-0.043399885,-0.95700115,0.28681934,0
-4.3976955,4.2173214,-2.1822927,0.043399885,0.95700115,-0.28681934,0
4.8248878,3.7491758,-2.1212664,0.46672153,-0.27325803,-0.84113079,0
3.8191915,-3.8743117,-0.29474831,0.46672153,-0.27325803,-0.84113079,0
4.3477592,3.9072258,-1.7771688,0.043399885,0.95700115,-0.28681934,0
-2.4210413,-4.2649574,1.3561168,-0.043399885,-0.95700115,0.28681934,0
-1.4021068,-5.1970778,-1.8552294,-0.043399885,-0.95700115,0.28681934,0
-1.6594563,1.3820993,2.0785923,-0.46672153,0.27325803,0.84113079,0
-3.6482575,-3.2596974,-1.8997185,-0.88333881,-0.097359762,-0.45851243,0
-3.8177977,-1.5614644,-2.2052431,-0.88333881,-0.097359762,-0.45851243,0
-1.8479826,3.9710951,-2.7545063,0.043399885,0.95700115,-0.28681934,0
-3.3300457,-2.3073785,-3.041497,-0.88333881,-0.097359762,-0.45851243,0
3.0678501,3.9755006,-1.7532463,0.043399885,0.95700115,-0.28681934,0
0.025823712,1.7328417,2.99195,-0.46672153,0.27325803,0.84113079,0
-5.3615074,-2.8370688,1.54913,-0.46672153,0.27325803,0.84113079,0
-3.9879031,1.0711055,-2.5428472,-0.88333881,-0.097359762,-0.45851243,0
-0.94385481,-4.8667116,-2.4928088,0.46672153,-0.27325803,-0.84113079,0
2.862525,-0.077169061,4.2482419,0.88333881,0.097359762,0.45851243,0
0.22652411,3.5330071,-3.8564124,0.043399885,0.95700115,-0.28681934,0
3.5175345,4.5376725,0.25648451,0.043399885,0.95700115,-0.28681934,0
1.3379815,4.6970148,0.042387486,0.043399885,0.95700115,-0.28681934,0
-0.26426673,-1.344879,-3.2746253,0.46672153,-0.27325803,-0.84113079,0
-4.8775396,3.9082096,-0.38145351,-0.46672153,0.27325803,0.84113079,0
1.0507451,3.89781,-2.1865458,0.043399885,0.95700115,-0.28681934,0
-2.80898,-4.3963709,-3.2519596,-0.88333881,-0.097359762,-0.45851243,0
0.95228267,3.9039888,-2.5109005,0.043399885,0.95700115,-0.28681934,0
-5.2464409,-2.2059691,1.4127052,-0.46672153,0.27325803,0.84113079,0
-0.42419612,4.5224929,-0.50907183,0.043399885,0.95700115,-0.28681934,0
0.00094485283,1.251677,-3.9159029,0.46672153,-0.27325803,-0.84113079,0
-3.3265562,1.1768641,-3.8263106,-0.88333881,-0.097359762,-0.45851243,0
2.3656213,-0.15740967,-2.2908311,0.46672153,-0.27325803,-0.84113079,0
-1.8740571,3.5748725,1.3605891,-0.46672153,0.27325803,0.84113079,0
4.0674644,-3.867424,2.9580848,0.88333881,0.097359762,0.45851243,0
3.2364516,-0.00079989433,3.7239704,0.88333881,0.097359762,0.45851243,0
2.879487,-1.2620847,-1.6292984,0.46672153,-0.27325803,-0.84113079,0
4.946887,-3.8697777,0.35077977,0.46672153,-0.27325803,-0.84113079,0
-2.5770311,4.5587268,-0.71984982,0.043399885,0.95700115,-0.28681934,0
2.7553277,3.1707835,3.8682921,0.88333881,0.097359762,0.45851243,0
-1.2529285,-3.9306464,2.52496,-0.043399885,-0.95700115,0.28681934,0
3.9961524,1.5171412,1.959707,0.88333881,0.097359762,0.45851243,0
-3.5653062,-4.0395098,2.0177107,-0.043399885,-0.95700115,0.28681934,0
-2.8352103,0.86111557,-4.7452297,-0.88333881,-0.097359762,-0.45851243,0
4.0348597,-2.083014,2.2719886,0.88333881,0.097359762,0.45851243,0
2.7900171,4.5320735,3.3693709,0.88333881,0.097359762,0.45851243,0
0.8162055,-2.1147151,4.6638699,-0.46672153,0.27325803,0.84113079,0
-3.1129446,-5.0459714,-2.6721413,-0.88333881,-0.097359762,-0.45851243,0
3.2212248,-3.9954658,-0.54163814,0.46672153,-0.27325803,-0.84113079,0
-1.5220534,0.81929588,2.4556918,-0.46672153,0.27325803,0.84113079,0
-4.0245709,-2.2886319,-1.6965177,-0.88333881,-0.097359762,-0.45851243,0
0.56121719,5.280385,2.2646053,-0.46672153,0.27325803,0.84113079,0
0.60775375,-4.2541037,1.547019,-0.043399885,-0.95700115,0.28681934,0
5.2609339,2.3865643,-1.0312753,0.88333881,0.097359762,0.45851243,0
-1.0382464,1.515533,2.6154325,-0.46672153,0.27325803,0.84113079,0
-1.6014214,-0.55999112,-4.2341309,0.46672153,-0.27325803,-0.84113079,0
4.6588616,-4.5323381,0.93044662,-0.043399885,-0.95700115,0.28681934,0
2.884984,-1.6956834,-1.5059046,0.46672153,-0.27325803,-0.84113079,0
-2.6275239,3.3844352,-4.6729145,0.043399885,0.95700115,-0.28681934,0
5.3730497,2.0428786,-1.2287335,0.46672153,-0.27325803,-0.84113079,0
1.5619034,0.50631928,-2.8233392,0.46672153,-0.27325803,-0.84113079,0
-4.4326758,-1.3587987,-0.89070213,-0.88333881,-0.097359762,-0.45851243,0
-5.3278542,-2.3681445,0.88273859,-0.88333881,-0.097359762,-0.45851243,0
5.2240777,-2.323164,0.03761065,0.88333881,0.097359762,0.45851243,0
1.8504143,-4.5833907,0.4610796,-0.043399885,-0.95700115,0.28681934,0
4.2349725,-4.1311402,2.2196751,-0.043399885,-0.95700115,0.28681934,0
3.5609841,1.750271,2.7253125,0.88333881,0.097359762,0.45851243,0
4.637805,-2.7085943,1.5579557,0.88333881,0.097359762,0.45851243,0
-2.2237914,4.6717296,-0.098542213,0.043399885,0.95700115,-0.28681934,0
-4.8179941,-0.7269206,1.0122211,-0.46672153,0.27325803,0.84113079,0
-4.9104614,0.45617676,-0.41058689,-0.88333881,-0.097359762,-0.45851243,0
4.03192,0.72885656,-1.6044097,0.46672153,-0.27325803,-0.84113079,0
4.3675814,3.0722656,0.77974224,0.88333881,0.097359762,0.45851243,0
-3.2233367,-2.1251955,-3.0033541,-0.88333881,-0.097359762,-0.45851243,0
4.052268,3.2844939,-2.3873658,0.46672153,-0.27325803,-0.84113079,0
-1.4104418,4.599102,-0.30710936,0.043399885,0.95700115,-0.28681934,0
-3.6631913,-2.2506835,-2.1470895,-0.88333881,-0.097359762,-0.45851243,0
0.19352484,-4.7842798,-2.0097892,0.46672153,-0.27325803,-0.84113079,0
-0.047743618,4.8672466,1.9600141,-0.46672153,0.27325803,0.84113079,0
-0.50772429,3.790658,-3.2931609,0.043399885,0.95700115,-0.28681934,0
2.1319039,-4.3397636,1.6271019,-0.043399885,-0.95700115,0.28681934,0
4.3321714,2.3193817,0.84545088,0.88333881,0.097359762,0.45851243,0
-0.35080332,3.292614,2.4183738,-0.46672153,0.27325803,0.84113079,0
0.065193892,-1.7685714,4.291379,-0.46672153,0.27325803,0.84113079,0
-0.63302422,3.9203651,-2.7467299,0.043399885,0.95700115,-0.28681934,0
-4.7679944,2.8605838,-1.2873043,-0.88333881,-0.097359762,-0.45851243,0
-0.2977891,-5.2002535,-1.7892485,-0.043399885,-0.95700115,0.28681934,0
2.9912672,5.4589825,2.8377583,0.88333881,0.097359762,0.45851243,0
-2.5735679,-1.1933548,2.600203,-0.46672153,0.27325803,0.84113079,0
2.0553141,-3.2891536,5.2375402,-0.043399885,-0.95700115,0.28681934,0
-4.209199,-3.5966361,2.3895755,-0.46672153,0.27325803,0.84113079,0
2.0238338,2.4556434,-3.3201659,0.46672153,-0.27325803,-0.84113079,0
5.0635753,-2.3685164,0.049404085,0.46672153,-0.27325803,-0.84113079,0
3.8307641,4.2828417,-0.55623913,0.043399885,0.95700115,-0.28681934,0
4.4316454,-4.3469839,1.6723375,-0.043399885,-0.95700115,0.28681934,0
-4.2926192,1.3336492,0.84687006,-0.46672153,0.27325803,0.84113079,0
0.8631897,-0.84857988,-2.8609431,0.46672153,-0.27325803,-0.84113079,0
-1.4544001,4.5164623,-0.73894644,0.043399885,0.95700115,-0.28681934,0
0.40470982,0.63350272,3.6694779,-0.46672153,0.27325803,0.84113079,0
-0.92868274,-4.8934727,-1.0380394,-0.043399885,-0.95700115,0.28681934,0
-0.12349591,4.7772946,0.12886906,0.043399885,0.95700115,-0.28681934,0
-0.45569348,3.7236729,-3.3486753,0.043399885,0.95700115,-0.28681934,0
3.2252584,-4.6648307,0.89037156,-0.043399885,-0.95700115,0.28681934,0
2.2981679,4.250648,-0.96187115,0.043399885,0.95700115,-0.28681934,0
-4.6969948,3.7268453,-1.5614932,-0.88333881,-0.097359762,-0.45851243,0
-1.8990912,3.8995757,1.3548281,-0.46672153,0.27325803,0.84113079,0
-3.3819637,3.640846,-3.8557117,-0.88333881,-0.097359762,-0.45851243,0
-1.927846,2.5888317,-5.537436,0.46672153,-0.27325803,-0.84113079,0
-1.9009314,3.2286544,-4.9282274,0.043399885,0.95700115,-0.28681934,0
4.5912046,3.7724996,0.26323509,0.88333881,0.097359762,0.45851243,0
4.6468225,-1.720109,1.2020596,0.88333881,0.097359762,0.45851243,0
5.0180297,1.2755756,-0.2849865,0.88333881,0.097359762,0.45851243,0
0.22535777,2.656672,-4.3419976,0.46672153,-0.27325803,-0.84113079,0
-3.0481057,-4.7045393,-2.9430656,-0.88333881,-0.097359762,-0.45851243,0
-1.0346346,-4.485878,0.69675446,-0.043399885,-0.95700115,0.28681934,0
-4.1753812,0.14831448,-1.8207848,-0.88333881,-0.097359762,-0.45851243,0
5.0889673,-4.2768817,0.93346405,0.88333881,0.097359762,0.45851243,0
1.5380212,2.1957891,-3.5325212,0.46672153,-0.27325803,-0.84113079,0
0.75816572,-4.5061731,0.71370983,-0.043399885,-0.95700115,0.28681934,0
-1.7409897,-1.9543183,3.1291173,-0.46672153,0.27325803,0.84113079,0
-3.271523,0.83546656,-3.5082533,-0.88333881,-0.097359762,-0.45851243,0
3.8386405,3.7241633,1.8291223,0.88333881,0.097359762,0.45851243,0
-1.954392,-1.3494465,3.0265555,-0.46672153,0.27325803,0.84113079,0
-3.8847237,1.686775,-2.738564,-0.88333881,-0.097359762,-0.45851243,0
-5.2216606,-2.2408788,0.77047801,-0.88333881,-0.097359762,-0.45851243,0
-2.8864608,1.1619999,1.6540014,-0.46672153,0.27325803,0.84113079,0
-3.8382828,-3.5000803,2.6481147,-0.46672153,0.27325803,0.84113079,0
2.2936287,2.9481258,3.7942319,-0.46672153,0.27325803,0.84113079,0
-3.930855,-3.6199679,-1.6401706,-0.88333881,-0.097359762,-0.45851243,0
2.6035962,-4.5359411,1.0292807,-0.043399885,-0.95700115,0.28681934,0
4.9420767,-3.7974501,1.0523396,0.88333881,0.097359762,0.45851243,0
1.7042067,-3.882344,3.0334313,-0.043399885,-0.95700115,0.28681934,0
-0.89681125,4.1768618,-1.9705629,0.043399885,0.95700115,-0.28681934,0
0.35148278,-4.9234409,-1.7747059,0.46672153,-0.27325803,-0.84113079,0
4.9203663,-1.869254,-0.1505318,0.46672153,-0.27325803,-0.84113079,0
-5.2496414,-3.8194029,1.0346303,-0.88333881,-0.097359762,-0.45851243,0
4.0731883,0.64489836,1.9776518,0.88333881,0.097359762,0.45851243,0
-0.89086509,-4.894186,-0.90304923,-0.043399885,-0.95700115,0.28681934,0
-2.9698563,-2.8739538,-3.5921457,-0.88333881,-0.097359762,-0.45851243,0
-4.4960175,2.8487461,-1.6075618,-0.88333881,-0.097359762,-0.45851243,0
1.1485385,-0.61703396,-2.7959733,0.46672153,-0.27325803,-0.84113079,0
-2.347693,-4.5720148,0.40019369,-0.043399885,-0.95700115,0.28681934,0
-1.4939405,2.7930865,1.8554472,-0.46672153,0.27325803,0.84113079,0
-3.4961338,-1.7733973,-2.8008916,-0.88333881,-0.097359762,-0.45851243,0
3.0799203,4.5022297,2.9979353,0.88333881,0.097359762,0.45851243,0
4.1147413,-1.5043156,-0.84400213,0.46672153,-0.27325803,-0.84113079,0
-0.38137436,-2.3203876,-2.9820428,0.46672153,-0.27325803,-0.84113079,0
4.7751579,2.3752568,-0.042432785,0.88333881,0.097359762,0.45851243,0
-0.55513477,2.6390517,2.3139596,-0.46672153,0.27325803,0.84113079,0
3.599813,2.1326764,2.3880787,0.88333881,0.097359762,0.45851243,0
-5.175745,3.4730797,-0.71680343,-0.88333881,-0.097359762,-0.45851243,0
5.3726058,3.0609894,-1.3022966,0.88333881,0.097359762,0.45851243,0
1.0363977,-3.5940804,3.6768391,-0.043399885,-0.95700115,0.28681934,0
2.6591647,-4.6718874,0.64699078,-0.043399885,-0.95700115,0.28681934,0
-3.7067056,3.31142,-3.2972538,-0.88333881,-0.097359762,-0.45851243,0
-1.3110644,-3.7689681,3.0188465,-0.043399885,-0.95700115,0.28681934,0
-1.8623409,-4.6734672,-0.20715475,-0.043399885,-0.95700115,0.28681934,0
-3.9015317,2.0292556,-2.6529431,-0.88333881,-0.097359762,-0.45851243,0
1.0685523,3.7252417,-3.3828435,0.043399885,0.95700115,-0.28681934,0
3.8223522,4.4997034,-0.08198452,0.043399885,0.95700115,-0.28681934,0
2.1427851,3.3680072,-3.5072346,0.46672153,-0.27325803,-0.84113079,0
1.9616218,3.5994642,-3.4080229,0.043399885,0.95700115,-0.28681934,0
2.6190619,-2.5979521,5.414835,0.88333881,0.097359762,0.45851243,0
2.7864778,3.060931,-2.9928417,0.46672153,-0.27325803,-0.84113079,0
3.2863593,4.6099443,-0.050209045,0.043399885,0.95700115,-0.28681934,0
-5.235939,-1.5459471,0.8036747,-0.88333881,-0.097359762,-0.45851243,0
-4.8780832,-3.7524772,0.43439627,-0.88333881,-0.097359762,-0.45851243,0
3.2609782,-1.3288119,-1.31741,0.46672153,-0.27325803,-0.84113079,0
0.026199818,3.4337392,-4.3168435,0.043399885,0.95700115,-0.28681934,0
2.5266654,5.0452652,1.6314824,0.043399885,0.95700115,-0.28681934,0
-4.7222061,-1.6489058,-0.25890946,-0.88333881,-0.097359762,-0.45851243,0
1.4414558,-0.85855889,4.6446614,-0.46672153,0.27325803,0.84113079,0
-0.82348156,-1.227248,3.4816957,-0.46672153,0.27325803,0.84113079,0
-0.73398161,-1.384329,-3.6215231,0.46672153,-0.27325803,-0.84113079,0
-3.6765792,0.87242532,1.3384914,-0.46672153,0.27325803,0.84113079,0
3.1425903,5.2128916,2.6138589,0.88333881,0.097359762,0.45851243,0
2.6072087,-3.24298,5.3465033,-0.043399885,-0.95700115,0.28681934,0
4.4392209,2.6569667,0.65965009,0.88333881,0.097359762,0.45851243,0
-0.22302246,2.7398992,-4.635602,0.46672153,-0.27325803,-0.84113079,0
-3.7291751,2.1870317,-3.2210789,-0.88333881,-0.097359762,-0.45851243,0
-4.2534728,0.58120322,-1.5272299,-0.88333881,-0.097359762,-0.45851243,0
0.52104878,-3.7529824,3.1200333,-0.043399885,-0.95700115,0.28681934,0
4.8823032,-4.6452537,1.0916443,-0.043399885,-0.95700115,0.28681934,0
2.7513216,5.3601313,3.1804504,0.88333881,0.097359762,0.45851243,0
-2.7392011,0.4669013,-4.7666874,-0.88333881,-0.097359762,-0.45851243,0
-1.4098377,0.88353515,-4.5470066,0.46672153,-0.27325803,-0.84113079,0
-4.4335217,-1.9322251,-0.87488317,-0.88333881,-0.097359762,-0.45851243,0
0.26137161,5.0036454,2.0017025,-0.46672153,0.27325803,0.84113079,0
5.0158348,0.057655096,0.129951,0.88333881,0.097359762,0.45851243,0
5.0790157,-1.2577548,0.30786219,0.88333881,0.097359762,0.45851243,0
2.2380331,3.8448186,-2.8535881,0.043399885,0.95700115,-0.28681934,0
3.0500698,0.46014309,-1.947087,0.46672153,-0.27325803,-0.84113079,0
2.2532463,-1.1110835,5.1297302,-0.46672153,0.27325803,0.84113079,0
-4.8859959,0.29990005,-0.48332757,-0.88333881,-0.097359762,-0.45851243,0
1.6681139,2.8169804,3.6012416,-0.46672153,0.27325803,0.84113079,0
-2.8127327,2.905813,-5.0538158,-0.88333881,-0.097359762,-0.45851243,0
0.46279705,1.114759,-3.7526264,0.46672153,-0.27325803,-0.84113079,0
-4.2612319,0.64002508,-1.6654799,-0.88333881,-0.097359762,-0.45851243,0
2.7811441,4.9487877,1.5420864,0.043399885,0.95700115,-0.28681934,0
-4.1696167,-2.9244642,-1.1734424,-0.88333881,-0.097359762,-0.45851243,0
3.432158,3.2308259,-2.6246905,0.46672153,-0.27325803,-0.84113079,0
-3.5706639,3.700994,-3.6075466,-0.88333881,-0.097359762,-0.45851243,0
-2.7082653,-3.9533095,1.8173361,-0.043399885,-0.95700115,0.28681934,0
-0.34902692,3.2473412,-4.7022867,0.46672153,-0.27325803,-0.84113079,0
-1.170671,-4.0230703,-2.9464908,0.46672153,-0.27325803,-0.84113079,0
1.1880158,-4.8185415,0.093011379,-0.043399885,-0.95700115,0.28681934,0
-3.7299113,3.7938564,-3.3352258,0.043399885,0.95700115,-0.28681934,0
5.442812,2.7314663,-1.1814613,0.88333881,0.097359762,0.45851243,0
-4.4843788,1.1639278,-1.2999022,-0.88333881,-0.097359762,-0.45851243,0
-3.5993195,-0.0018818378,1.4663537,-0.46672153,0.27325803,0.84113079,0
3.9607973,4.1833086,-1.2794862,0.043399885,0.95700115,-0.28681934,0
-0.79844475,4.7168999,-0.38290453,0.043399885,0.95700115,-0.28681934,0
-1.299491,-3.4821615,3.9338913,-0.043399885,-0.95700115,0.28681934,0
4.6670208,-4.4490428,1.3125417,-0.043399885,-0.95700115,0.28681934,0
3.0694041,4.8907681,0.95758438,0.043399885,0.95700115,-0.28681934,0
5.2661386,2.5458467,-1.5489154,0.46672153,-0.27325803,-0.84113079,0
-0.40294778,1.22396,2.8465667,-0.46672153,0.27325803,0.84113079,0
2.9441085,4.7945561,3.0825734,0.88333881,0.097359762,0.45851243,0
1.8071814,-3.6998758,3.9662986,-0.043399885,-0.95700115,0.28681934,0
4.6176224,-3.5223477,1.6183655,0.88333881,0.097359762,0.45851243,0
1.3708494,-2.9698174,-1.7837995,0.46672153,-0.27325803,-0.84113079,0
-2.6272566,-3.9214764,1.9380164,-0.043399885,-0.95700115,0.28681934,0
-2.1867495,1.3806441,-5.2116699,0.46672153,-0.27325803,-0.84113079,0
-1.0589564,-4.1632514,1.3231635,-0.043399885,-0.95700115,0.28681934,0
-4.6611638,-3.0348482,-0.2467103,-0.88333881,-0.097359762,-0.45851243,0
3.5689549,-2.5414186,3.6578133,0.88333881,0.097359762,0.45851243,0
-1.6141934,-0.54186964,-4.2720037,0.46672153,-0.27325803,-0.84113079,0
-2.7925916,-3.803592,2.5962262,-0.043399885,-0.95700115,0.28681934,0
3.6894374,-3.3659573,3.2123117,0.88333881,0.097359762,0.45851243,0
-4.1089005,-0.56112325,-1.6005912,-0.88333881,-0.097359762,-0.45851243,0
-2.7851338,-2.2860534,-4.1109495,-0.88333881,-0.097359762,-0.45851243,0
-2.7779341,-3.4073086,3.2425809,-0.46672153,0.27325803,0.84113079,0
3.5889478,4.1261482,-1.0455899,0.043399885,0.95700115,-0.28681934,0
-4.2024808,0.11564279,-1.7905786,-0.88333881,-0.097359762,-0.45851243,0
1.2951931,-3.6041334,-1.6582857,0.46672153,-0.27325803,-0.84113079,0
2.9493825,-1.2078519,-1.6247655,0.46672153,-0.27325803,-0.84113079,0
-4.9280605,-2.3544159,0.33183408,-0.88333881,-0.097359762,-0.45851243,0
0.33116293,-0.25949144,3.805007,-0.46672153,0.27325803,0.84113079,0
-5.0168543,-2.9508376,1.7518291,-0.46672153,0.27325803,0.84113079,0
-2.09038,-4.1471071,-3.3158071,0.46672153,-0.27325803,-0.84113079,0
4.1826367,-3.9202781,2.7313712,0.88333881,0.097359762,0.45851243,0
-1.3971269,5.0259814,1.1526744,0.043399885,0.95700115,-0.28681934,0
2.1986036,-1.7127527,-1.8144101,0.46672153,-0.27325803,-0.84113079,0
0.28766999,4.6667137,0.11166573,0.043399885,0.95700115,-0.28681934,0
3.7316475,4.1052222,-1.7212243,0.043399885,0.95700115,-0.28681934,0
4.5617237,-1.6202524,1.2846344,0.88333881,0.097359762,0.45851243,0
3.6118057,4.1447039,-1.567904,0.043399885,0.95700115,-0.28681934,0
-3.4919934,-2.7921824,-2.4159489,-0.88333881,-0.097359762,-0.45851243,0
-1.5054793,-4.7731819,-2.7404776,0.46672153,-0.27325803,-0.84113079,0
-4.7583046,-2.1397305,-0.041825771,-0.88333881,-0.097359762,-0.45851243,0
-3.7547705,-4.8459797,-1.499238,-0.88333881,-0.097359762,-0.45851243,0
2.8482304,2.1981659,3.9624043,0.88333881,0.097359762,0.45851243,0
-4.6794376,-3.9026599,0.077156067,-0.88333881,-0.097359762,-0.45851243,0
2.7974801,5.0131431,1.3534188,0.043399885,0.95700115,-0.28681934,0
2.93964,0.21515143,4.1256094,0.88333881,0.097359762,0.45851243,0
4.596509,-0.5160892,-0.85237443,0.46672153,-0.27325803,-0.84113079,0
-0.55545491,-4.3918138,1.1177907,-0.043399885,-0.95700115,0.28681934,0
-4.9926214,-4.0156879,1.878304,-0.043399885,-0.95700115,0.28681934,0
2.1352873,-3.9145455,-1.1061376,0.46672153,-0.27325803,-0.84113079,0
-0.24863029,2.2250886,-4.5038443,0.46672153,-0.27325803,-0.84113079,0
-3.8523769,-4.8882031,-1.2757239,-0.88333881,-0.097359762,-0.45851243,0
0.03659153,-2.9255986,4.5582471,-0.46672153,0.27325803,0.84113079,0
-2.1356649,-3.993001,2.2970314,-0.043399885,-0.95700115,0.28681934,0
3.4406548,0.82484007,2.9082785,0.88333881,0.097359762,0.45851243,0
-4.2007484,2.0999441,-2.2108479,-0.88333881,-0.097359762,-0.45851243,0
3.0303297,-4.18366,1.8669071,-0.043399885,-0.95700115,0.28681934,0
-3.5971045,-2.6537566,-2.1129756,-0.88333881,-0.097359762,-0.45851243,0
4.2761974,0.018168807,1.496469,0.88333881,0.097359762,0.45851243,0
0.90461051,2.4526982,-3.9038031,0.46672153,-0.27325803,-0.84113079,0
-2.5398302,1.6883723,-5.1199951,-0.88333881,-0.097359762,-0.45851243,0
1.3167415,-0.38160896,4.4570847,-0.46672153,0.27325803,0.84113079,0
-4.5362124,-3.1991224,-0.45431542,-0.88333881,-0.097359762,-0.45851243,0
-4.2384214,-2.7474101,-1.2675049,-0.88333881,-0.097359762,-0.45851243,0
5.5199966,2.0971451,-1.078362,0.88333881,0.097359762,0.45851243,0
3.2598715,-1.9861265,4.1177664,0.88333881,0.097359762,0.45851243,0
2.9464145,5.1820354,2.9893692,0.88333881,0.097359762,0.45851243,0
-4.6692977,-2.1102076,-0.38984561,-0.88333881,-0.097359762,-0.45851243,0
-4.9787021,-0.24202561,-0.23688269,-0.88333881,-0.097359762,-0.45851243,0
-5.2112541,1.806181,-0.22281167,-0.88333881,-0.097359762,-0.45851243,0
4.4699764,2.3912144,0.50795913,0.88333881,0.097359762,0.45851243,0
-1.9812872,4.2159762,-2.1918478,0.043399885,0.95700115,-0.28681934,0
-3.4690089,1.5597023,1.0898807,-0.46672153,0.27325803,0.84113079,0
-2.8688836,-4.0304232,1.7480154,-0.043399885,-0.95700115,0.28681934,0
3.5542951,-0.053130388,-1.4868731,0.46672153,-0.27325803,-0.84113079,0
-4.1419973,3.5177646,-2.4078534,-0.88333881,-0.097359762,-0.45851243,0
2.7064877,3.8769481,-2.3563418,0.043399885,0.95700115,-0.28681934,0
-3.762866,-2.4853709,-2.1456199,-0.88333881,-0.097359762,-0.45851243,0
1.0470567,4.0811796,-2.0502524,0.043399885,0.95700115,-0.28681934,0
2.6309128,5.4569941,2.7021799,0.043399885,0.95700115,-0.28681934,0
-1.5813069,-4.6286798,0.3397851,-0.043399885,-0.95700115,0.28681934,0
0.49540162,4.0190854,-2.1142359,0.043399885,0.95700115,-0.28681934,0
-3.7531333,4.3741198,-1.7925103,0.043399885,0.95700115,-0.28681934,0
2.3206911,-3.7335031,-0.98118472,0.46672153,-0.27325803,-0.84113079,0
2.8752766,2.1446741,4.0147681,0.88333881,0.097359762,0.45851243,0
-0.9588263,0.22691536,-4.0606828,0.46672153,-0.27325803,-0.84113079,0
4.059093,4.4614663,0.9726429,0.88333881,0.097359762,0.45851243,0
1.5347857,0.37130809,-2.7183778,0.46672153,-0.27325803,-0.84113079,0
-2.8199449,0.31285334,-4.4944825,-0.88333881,-0.097359762,-0.45851243,0
3.4469633,0.21213225,3.0099494,0.88333881,0.097359762,0.45851243,0
-1.6688184,-3.7538824,2.7057252,-0.043399885,-0.95700115,0.28681934,0
0.74754548,-0.38299632,4.1964993,-0.46672153,0.27325803,0.84113079,0
-4.8956556,-3.4845271,2.0293994,-0.46672153,0.27325803,0.84113079,0
-3.1173689,-3.9782739,-2.7923255,-0.88333881,-0.097359762,-0.45851243,0
2.7417755,-0.33649778,4.7869487,0.88333881,0.097359762,0.45851243,0
0.29436773,4.557354,-0.43371248,0.043399885,0.95700115,-0.28681934,0
-4.1863909,1.5571232,-1.8838629,-0.88333881,-0.097359762,-0.45851243,0
-4.7700214,0.42860293,0.67860961,-0.46672153,0.27325803,0.84113079,0
-4.1487994,-1.6289816,-1.6358547,-0.88333881,-0.097359762,-0.45851243,0
-3.4855046,-4.519309,-2.3058794,-0.88333881,-0.097359762,-0.45851243,0
1.5587804,3.7956204,-2.4565248,0.043399885,0.95700115,-0.28681934,0
4.7763739,0.80551457,-1.265384,0.46672153,-0.27325803,-0.84113079,0
-0.89622879,-5.442522,-2.3070893,-0.043399885,-0.95700115,0.28681934,0
-2.9101658,-0.33952129,-4.0921988,-0.88333881,-0.097359762,-0.45851243,0
-0.61072177,-4.3866773,0.76229811,-0.043399885,-0.95700115,0.28681934,0
-0.54825258,-1.4948697,3.8456404,-0.46672153,0.27325803,0.84113079,0
-4.8256426,1.831017,0.33612674,-0.46672153,0.27325803,0.84113079,0
-5.3469296,0.86661077,0.36722362,-0.88333881,-0.097359762,-0.45851243,0
-1.4711602,-4.3877892,-3.0153568,0.46672153,-0.27325803,-0.84113079,0
-3.6545258,2.3594341,0.74752986,-0.46672153,0.27325803,0.84113079,0
-2.1336019,4.1011987,-2.2906647,0.043399885,0.95700115,-0.28681934,0
-5.3863549,-0.67772937,0.7421844,-0.46672153,0.27325803,0.84113079,0
0.11704199,-5.0246687,-1.3258688,-0.043399885,-0.95700115,0.28681934,0
0.42345688,4.8876915,0.3366828,0.043399885,0.95700115,-0.28681934,0
-1.5069716,4.6062498,-0.32752562,0.043399885,0.95700115,-0.28681934,0
-0.52018595,2.8874185,-4.8100963,0.46672153,-0.27325803,-0.84113079,0
-1.1427543,-4.7345414,-0.34209394,-0.043399885,-0.95700115,0.28681934,0
0.29906869,-1.5906618,4.2480888,-0.46672153,0.27325803,0.84113079,0
-4.4701715,0.51584363,-1.3072586,-0.88333881,-0.097359762,-0.45851243,0
3.9433227,1.3402398,2.0314932,0.88333881,0.097359762,0.45851243,0
5.1849666,0.89890957,-0.3301692,0.88333881,0.097359762,0.45851243,0
4.5566521,2.2852263,0.73586273,0.88333881,0.097359762,0.45851243,0
2.7627559,1.7691085,3.9559822,0.88333881,0.097359762,0.45851243,0
-0.76968288,4.7812233,-0.07908392,0.043399885,0.95700115,-0.28681934,0
0.23408854,-4.5998578,0.66055441,-0.043399885,-0.95700115,0.28681934,0
3.3652935,-3.2128,-0.61970353,0.46672153,-0.27325803,-0.84113079,0
0.74323821,4.5572267,-0.50121355,0.043399885,0.95700115,-0.28681934,0
4.3495946,0.28459048,-1.3624214,0.46672153,-0.27325803,-0.84113079,0
-2.5245328,2.3537464,-5.3497162,-0.88333881,-0.097359762,-0.45851243,0
-3.2188172,-1.6884158,-3.2325063,-0.88333881,-0.097359762,-0.45851243,0
-0.8700068,0.096904993,2.9604185,-0.46672153,0.27325803,0.84113079,0
-2.6534696,4.0225034,-2.9858367,0.043399885,0.95700115,-0.28681934,0
3.6319282,-4.1104808,-0.19285131,0.46672153,-0.27325803,-0.84113079,0
-2.8562269,-4.0549545,-3.273891,-0.88333881,-0.097359762,-0.45851243,0
1.9196855,3.5894475,-3.3619337,0.043399885,0.95700115,-0.28681934,0
2.1487081,2.255671,-3.1831937,0.46672153,-0.27325803,-0.84113079,0
4.3743291,2.2279885,-1.8216126,0.46672153,-0.27325803,-0.84113079,0
-3.0770123,-4.7477064,-0.95193863,-0.043399885,-0.95700115,0.28681934,0
-5.3328648,-3.5701294,1.048532,-0.88333881,-0.097359762,-0.45851243,0
2.5333166,4.3934898,3.5313437,-0.46672153,0.27325803,0.84113079,0
4.7658482,-3.1280527,-0.0034797192,0.46672153,-0.27325803,-0.84113079,0
4.7559309,-0.014154911,0.54345107,0.88333881,0.097359762,0.45851243,0
-0.090706825,-2.5047736,4.4357977,-0.46672153,0.27325803,0.84113079,0
-1.8361981,4.5614524,-0.9085865,0.043399885,0.95700115,-0.28681934,0
3.3240764,1.508451,-2.0971832,0.46672153,-0.27325803,-0.84113079,0
4.9590678,-2.4068961,0.72878134,0.88333881,0.097359762,0.45851243,0
5.277482,-0.053336859,-0.33407676,0.88333881,0.097359762,0.45851243,0
-2.4080503,-4.3187184,0.86534595,-0.043399885,-0.95700115,0.28681934,0
-3.6948256,-2.7107556,-2.024744,-0.88333881,-0.097359762,-0.45851243,0
1.0971179,3.4840415,-3.5943961,0.043399885,0.95700115,-0.28681934,0
3.6917453,-2.1950276,3.2978804,0.88333881,0.097359762,0.45851243,0
3.1245966,-4.3724556,1.8525448,-0.043399885,-0.95700115,0.28681934,0
0.39045358,3.9127285,2.4078848,-0.46672153,0.27325803,0.84113079,0
-4.5058346,-2.3231163,-0.78762054,-0.88333881,-0.097359762,-0.45851243,0
-4.7206616,0.87953854,0.70296633,-0.46672153,0.27325803,0.84113079,0
-4.5260019,-1.8571457,-0.91195011,-0.88333881,-0.097359762,-0.45851243,0
0.78211415,4.6186848,-0.012459755,0.043399885,0.95700115,-0.28681934,0
-2.7751946,4.2177796,-2.1456621,0.043399885,0.95700115,-0.28681934,0
4.0534048,-1.6561556,2.2811928,0.88333881,0.097359762,0.45851243,0
-5.3056707,-3.1819153,1.2012196,-0.88333881,-0.097359762,-0.45851243,0
4.0679169,-0.57122362,2.2021856,0.88333881,0.097359762,0.45851243,0
-4.5200572,0.67109931,-1.2078186,-0.88333881,-0.097359762,-0.45851243,0
-5.0135484,3.735209,-0.43117499,-0.46672153,0.27325803,0.84113079,0
-2.3760867,-5.1986423,-1.9760873,-0.043399885,-0.95700115,0.28681934,0
2.4938507,4.2246346,-0.89574194,0.043399885,0.95700115,-0.28681934,0
4.1135039,0.50358176,1.7144244,0.88333881,0.097359762,0.45851243,0
-3.8069978,1.1571362,-2.7172475,-0.88333881,-0.097359762,-0.45851243,0
-1.5489644,5.0196419,0.86111927,0.043399885,0.95700115,-0.28681934,0
-1.9972681,-4.761147,-0.78779078,-0.043399885,-0.95700115,0.28681934,0
1.7873299,3.8942966,-2.5321231,0.043399885,0.95700115,-0.28681934,0
3.8540835,3.9878337,-2.0021229,0.043399885,0.95700115,-0.28681934,0
-0.74634361,3.611793,-3.4771686,0.043399885,0.95700115,-0.28681934,0
-4.4555573,1.3162653,-1.4027431,-0.88333881,-0.097359762,-0.45851243,0
-3.3378196,-2.5567524,-2.6430569,-0.88333881,-0.097359762,-0.45851243,0
2.9136477,1.3990543,-2.4151363,0.46672153,-0.27325803,-0.84113079,0
-2.1174688,-3.8613961,2.3724666,-0.043399885,-0.95700115,0.28681934,0
-2.109673,-2.2652507,-4.0619278,0.46672153,-0.27325803,-0.84113079,0
-4.2288322,-2.1392517,-1.2907654,-0.88333881,-0.097359762,-0.45851243,0
1.4996519,0.82252049,-2.991559,0.46672153,-0.27325803,-0.84113079,0
3.9836388,1.2605402,1.8547139,0.88333881,0.097359762,0.45851243,0
4.3881664,1.9341294,1.1592234,0.88333881,0.097359762,0.45851243,0
-4.7968888,3.8571155,-0.26245522,-0.46672153,0.27325803,0.84113079,0
-3.7878668,-4.3338423,0.66721106,-0.043399885,-0.95700115,0.28681934,0
-4.3524446,4.0903158,-2.0995317,-0.88333881,-0.097359762,-0.45851243,0
4.8733068,-4.4626236,0.60376763,0.46672153,-0.27325803,-0.84113079,0
-3.696867,-3.0791497,2.5823946,-0.46672153,0.27325803,0.84113079,0
3.9994011,-1.2594279,2.3600059,0.88333881,0.097359762,0.45851243,0
4.8425531,-3.9883304,1.38606,0.88333881,0.097359762,0.45851243,0
-0.92995131,-0.43986869,3.1867895,-0.46672153,0.27325803,0.84113079,0
-2.7973313,-4.4436512,0.66849279,-0.043399885,-0.95700115,0.28681934,0
-2.7120471,4.4122119,0.59464192,-0.46672153,0.27325803,0.84113079,0
-5.5390396,-2.396981,1.2322073,-0.88333881,-0.097359762,-0.45851243,0
-2.9758534,2.1625423,-4.3382568,-0.88333881,-0.097359762,-0.45851243,0
0.92730141,4.1348467,-1.9743891,0.043399885,0.95700115,-0.28681934,0
-4.2711077,0.70568955,-1.5882198,-0.88333881,-0.097359762,-0.45851243,0
1.7036352,-2.9948175,5.4178491,-0.46672153,0.27325803,0.84113079,0
-4.5416269,-1.1227615,-0.67519033,-0.88333881,-0.097359762,-0.45851243,0
1.2416296,-4.0351362,-1.5588527,0.46672153,-0.27325803,-0.84113079,0
-3.2457609,-3.8440764,-2.945152,-0.88333881,-0.097359762,-0.45851243,0
-0.54461277,-4.3205724,-2.3735576,0.46672153,-0.27325803,-0.84113079,0
3.0619702,4.1527038,-1.3558617,0.043399885,0.95700115,-0.28681934,0
0.97338486,-4.7425632,-0.12679863,-0.043399885,-0.95700115,0.28681934,0
-3.9591284,-3.0833459,-1.5335207,-0.88333881,-0.097359762,-0.45851243,0
-0.5843854,2.3728971,-4.6076393,0.46672153,-0.27325803,-0.84113079,0
3.9586179,3.0174398,1.3402293,0.88333881,0.097359762,0.45851243,0
-2.0005999,4.123775,1.0759385,-0.46672153,0.27325803,0.84113079,0
4.3296905,3.3171113,0.95661831,0.88333881,0.097359762,0.45851243,0
3.0919063,2.9413083,-2.7360096,0.46672153,-0.27325803,-0.84113079,0
5.4588203,2.6617157,-1.3119001,0.88333881,0.097359762,0.45851243,0
-3.4279187,-4.3619003,-2.2688096,-0.88333881,-0.097359762,-0.45851243,0
1.0503433,4.6323357,-0.35205698,0.043399885,0.95700115,-0.28681934,0
-4.4718628,-1.6432621,-0.74814463,-0.88333881,-0.097359762,-0.45851243,0
-1.3995889,1.125406,2.4160163,-0.46672153,0.27325803,0.84113079,0
2.8799105,-4.1896801,1.9663641,-0.043399885,-0.95700115,0.28681934,0
-3.9730847,-4.7343502,-1.0408993,-0.88333881,-0.097359762,-0.45851243,0
3.0815282,-3.7485008,3.7164223,-0.043399885,-0.95700115,0.28681934,0
-1.5486242,-2.8695421,3.7040281,-0.46672153,0.27325803,0.84113079,0
0.78405976,3.9906912,-2.433826,0.043399885,0.95700115,-0.28681934,0
-3.9721928,4.6903868,-0.76546669,0.043399885,0.95700115,-0.28681934,0
-2.4696355,-2.6798844,3.1513309,-0.46672153,0.27325803,0.84113079,0
4.7095656,-4.3142662,0.53058696,0.46672153,-0.27325803,-0.84113079,0
1.2249858,0.37650394,-2.9999104,0.46672153,-0.27325803,-0.84113079,0
-0.8522439,2.3834076,-4.7909579,0.46672153,-0.27325803,-0.84113079,0
-3.2034702,-3.8232682,2.5200329,-0.043399885,-0.95700115,0.28681934,0
3.938395,-3.7337012,3.1729722,0.88333881,0.097359762,0.45851243,0
-2.9864278,2.9039328,-4.5537639,-0.88333881,-0.097359762,-0.45851243,0
-2.5365806,3.6937706,-3.9893911,0.043399885,0.95700115,-0.28681934,0
-3.3033309,4.1553869,-2.1426084,0.043399885,0.95700115,-0.28681934,0
5.4835868,3.5904558,-1.7211761,0.46672153,-0.27325803,-0.84113079,0
2.1624238,0.5131681,-2.5205963,0.46672153,-0.27325803,-0.84113079,0
-3.1149249,1.6043756,1.4196551,-0.46672153,0.27325803,0.84113079,0
0.44050848,4.1191669,2.4215586,-0.46672153,0.27325803,0.84113079,0
-4.5033674,-2.1480021,-0.51081014,-0.88333881,-0.097359762,-0.45851243,0
-0.4075501,-3.6890984,3.5144038,-0.043399885,-0.95700115,0.28681934,0
-0.014084578,-4.1258316,2.1448865,-0.043399885,-0.95700115,0.28681934,0
3.4506319,4.3409772,2.410193,0.88333881,0.097359762,0.45851243,0
0.26185238,-4.3070855,-2.0850954,0.46672153,-0.27325803,-0.84113079,0
-0.28795004,3.4068785,-4.09656,0.043399885,0.95700115,-0.28681934,0
5.0024447,-0.013568401,0.2846514,0.88333881,0.097359762,0.45851243,0
-2.1597791,0.46294236,-5.0052233,0.46672153,-0.27325803,-0.84113079,0
3.6644745,1.9764433,2.4759672,0.88333881,0.097359762,0.45851243,0
-4.8881059,0.74621272,-0.38757128,-0.88333881,-0.097359762,-0.45851243,0
1.5851467,1.0803037,4.1418629,-0.46672153,0.27325803,0.84113079,0
5.1187725,-0.54740739,0.18361223,0.88333881,0.097359762,0.45851243,0
-4.7797346,3.421217,-1.1900311,-0.88333881,-0.097359762,-0.45851243,0
1.8679175,4.7717829,0.57111835,0.043399885,0.95700115,-0.28681934,0
1.2067891,-4.6818423,0.54994154,-0.043399885,-0.95700115,0.28681934,0
4.3517647,-4.3266721,1.6421969,-0.043399885,-0.95700115,0.28681934,0
-0.04613167,5.175189,1.8826375,-0.46672153,0.27325803,0.84113079,0
5.1402149,-2.8556957,0.72076178,0.88333881,0.097359762,0.45851243,0
2.0908945,4.3827248,-0.95593977,0.043399885,0.95700115,-0.28681934,0
0.28162658,3.8078623,-3.1038394,0.043399885,0.95700115,-0.28681934,0
-4.588892,2.2681589,-1.5211716,-0.88333881,-0.097359762,-0.45851243,0
5.4796114,1.9028397,-1.1595509,0.88333881,0.097359762,0.45851243,0
2.4215918,-1.1527271,-1.8689152,0.46672153,-0.27325803,-0.84113079,0
-0.88712645,5.1293993,1.3278308,-0.46672153,0.27325803,0.84113079,0
1.3383262,-4.0623503,2.4591608,-0.043399885,-0.95700115,0.28681934,0
1.3677678,-2.4801581,5.1994352,-0.46672153,0.27325803,0.84113079,0
1.7109933,-4.4151831,1.179636,-0.043399885,-0.95700115,0.28681934,0
-4.4584165,3.6783309,-1.8457367,-0.88333881,-0.097359762,-0.45851243,0
2.1176677,-3.3496485,4.5058932,-0.043399885,-0.95700115,0.28681934,0
3.9715102,-2.5455093,-0.46295732,0.46672153,-0.27325803,-0.84113079,0
3.9228549,3.9232273,-2.2498889,0.043399885,0.95700115,-0.28681934,0
2.8287687,-1.8479729,4.8160458,0.88333881,0.097359762,0.45851243,0
-4.9827223,2.5387926,-0.90649414,-0.88333881,-0.097359762,-0.45851243,0
-1.2605715,0.63767624,-4.4324098,0.46672153,-0.27325803,-0.84113079,0
0.35154411,4.5188541,-0.49381876,0.043399885,0.95700115,-0.28681934,0
-3.6450477,0.2737413,-2.7269623,-0.88333881,-0.097359762,-0.45851243,0
1.7607262,4.9657717,1.4942839,0.043399885,0.95700115,-0.28681934,0
-0.68725276,5.0422592,0.74013686,0.043399885,0.95700115,-0.28681934,0
-1.1710094,-3.8962245,2.5523443,-0.043399885,-0.95700115,0.28681934,0
-0.92854136,4.9885144,0.70062399,0.043399885,0.95700115,-0.28681934,0
2.7969451,-2.5430188,5.0134325,0.88333881,0.097359762,0.45851243,0
4.0917091,-1.0512197,-0.97601974,0.46672153,-0.27325803,-0.84113079,0
-4.5854931,-0.04952085,-1.1860101,-0.88333881,-0.097359762,-0.45851243,0
1.479899,4.2824411,-1.4556108,0.043399885,0.95700115,-0.28681934,0
-0.14400226,-4.530097,0.80826139,-0.043399885,-0.95700115,0.28681934,0
-3.427314,-3.6505299,2.7605791,-0.46672153,0.27325803,0.84113079,0
1.3840344,4.0567255,-2.0801725,0.043399885,0.95700115,-0.28681934,0
0.1882323,-2.086689,-2.7535028,0.46672153,-0.27325803,-0.84113079,0
0.0028077364,4.1694198,-1.5789452,0.043399885,0.95700115,-0.28681934,0
-0.094219327,3.1172285,2.4695189,-0.46672153,0.27325803,0.84113079,0
4.0346613,4.5698581,0.15121078,0.043399885,0.95700115,-0.28681934,0
-0.91408062,2.7862089,-5.0288777,0.46672153,-0.27325803,-0.84113079,0
-3.6658032,-2.655154,2.4561744,-0.46672153,0.27325803,0.84113079,0
-4.3383293,-2.1241271,-1.0887569,-0.88333881,-0.097359762,-0.45851243,0
-4.1368504,3.5616074,0.079530954,-0.46672153,0.27325803,0.84113079,0
-3.0519042,3.4307189,-4.4128971,0.043399885,0.95700115,-0.28681934,0
2.5287817,2.7405953,-3.0706968,0.46672153,-0.27325803,-0.84113079,0
1.3902225,5.1866789,2.6013448,-0.46672153,0.27325803,0.84113079,0
0.73236865,3.8866975,-2.3141661,0.043399885,0.95700115,-0.28681934,0
2.2258677,5.3550072,2.6614447,0.043399885,0.95700115,-0.28681934,0
4.9960823,-2.1245835,0.54481673,0.88333881,0.097359762,0.45851243,0
5.0555987,-2.1033421,0.42981517,0.88333881,0.097359762,0.45851243,0
-5.2940364,3.5745962,-0.53916502,-0.88333881,-0.097359762,-0.45851243,0
0.81806707,4.7300758,-0.024143219,0.043399885,0.95700115,-0.28681934,0
-1.8506823,4.5938101,1.1155384,-0.46672153,0.27325803,0.84113079,0
1.507796,5.0224018,1.2364669,0.043399885,0.95700115,-0.28681934,0
3.3022623,2.3545339,2.8810198,0.88333881,0.097359762,0.45851243,0
0.028319418,5.1869707,1.4492598,0.043399885,0.95700115,-0.28681934,0
-1.487699,3.3395915,-4.6425786,0.043399885,0.95700115,-0.28681934,0
3.3352206,4.1680975,2.3469346,0.88333881,0.097359762,0.45851243,0
-4.2789006,4.0126047,-0.1416533,-0.46672153,0.27325803,0.84113079,0
-4.6490045,0.85636222,-1.0699273,-0.88333881,-0.097359762,-0.45851243,0
-4.7641706,-0.37716174,-0.54340672,-0.88333881,-0.097359762,-0.45851243,0
