-3.4154592,3.3761847,-0.65507865,-0.98560143,-0.12720978,-0.11138984,0
1.2742014,-3.7820916,-0.36146975,0.13663566,-0.98726261,-0.081507474,0
-3.0305352,-2.5647681,3.1266909,-0.98560143,-0.12720978,-0.11138984,0
-0.18366253,-1.042878,-4.2540846,0.099602476,0.095553704,-0.99042892,0
-3.2115192,0.48081255,1.7933297,-0.98560143,-0.12720978,-0.11138984,0
2.7514505,-0.18558264,2.6685877,0.98560143,0.12720978,0.11138984,0
1.6846642,4.0011845,3.8163261,-0.13663566,0.98726261,0.081507474,0
-1.4803538,3.9855251,-1.6192367,-0.13663566,0.98726261,0.081507474,0
-1.7044923,-1.9586905,3.5850987,-0.099602476,-0.095553704,0.99042892,0
1.7746537,-2.0313306,-4.0240917,0.099602476,0.095553704,-0.99042892,0
-1.1394711,-3.9792802,-3.545141,0.13663566,-0.98726261,-0.081507474,0
2.8060405,1.3762531,0.14244622,0.98560143,0.12720978,0.11138984,0
-3.3850868,2.4851651,-0.020592198,-0.98560143,-0.12720978,-0.11138984,0
-0.86727464,2.6571822,-3.899549,0.099602476,0.095553704,-0.99042892,0
-1.3551362,3.8201323,0.52614015,-0.13663566,0.98726261,0.081507474,0
2.7227931,-1.7929282,4.1259174,-0.099602476,-0.095553704,0.99042892,0
-3.4948637,2.5320003,3.8997815,-0.099602476,-0.095553704,0.99042892,0
-2.8627503,0.35188031,-2.6156783,-0.98560143,-0.12720978,-0.11138984,0
1.6636269,-3.7600226,-1.0020862,0.13663566,-0.98726261,-0.081507474,0
-0.42269826,-1.5984275,-4.2956543,0.099602476,0.095553704,-0.99042892,0
1.9306674,4.1899033,0.5387255,-0.13663566,0.98726261,0.081507474,0
3.0639772,-3.0237639,-4.0982695,0.099602476,0.095553704,-0.99042892,0
-3.4141123,2.0979223,1.5545022,-0.98560143,-0.12720978,-0.11138984,0
0.11147523,3.7184522,-3.5694332,0.099602476,0.095553704,-0.99042892,0
-2.9152265,3.7808194,-1.9335845,-0.13663566,0.98726261,0.081507474,0
2.4025393,-0.58008838,4.1561642,-0.099602476,-0.095553704,0.99042892,0
-0.89962125,-3.4078028,-4.4529009,0.099602476,0.095553704,-0.99042892,0
-0.19933796,4.1251206,-0.7466557,-0.13663566,0.98726261,0.081507474,0
3.3594024,-0.41894722,-2.3437917,0.98560143,0.12720978,0.11138984,0
2.9326165,0.63549757,0.99298954,0.98560143,0.12720978,0.11138984,0
-0.56034493,4.0050702,-0.77232289,-0.13663566,0.98726261,0.081507474,0
-3.3477407,-0.43780065,3.008209,-0.98560143,-0.12720978,-0.11138984,0
-2.5858035,-0.89492488,-3.7705512,-0.98560143,-0.12720978,-0.11138984,0
-2.7423019,0.95335102,-3.3352888,-0.98560143,-0.12720978,-0.11138984,0
-3.0573158,2.3257756,-3.1385536,-0.98560143,-0.12720978,-0.11138984,0
0.88243222,-3.9444792,-0.22180723,0.13663566,-0.98726261,-0.081507474,0
-2.973057,-1.4509063,0.27314115,-0.98560143,-0.12720978,-0.11138984,0
-2.5604744,-1.8259592,-1.5030301,-0.98560143,-0.12720978,-0.11138984,0
-2.9649765,1.0034099,3.9047928,-0.099602476,-0.095553704,0.99042892,0
3.1040957,-2.0429091,1.4095566,0.98560143,0.12720978,0.11138984,0
-0.14738512,-1.5072178,-4.2505069,0.099602476,0.095553704,-0.99042892,0
0.89729381,2.961148,-3.6211138,0.099602476,0.095553704,-0.99042892,0
0.47128749,4.4688816,-3.4556074,-0.13663566,0.98726261,0.081507474,0
1.2418327,4.0944285,1.2826867,-0.13663566,0.98726261,0.081507474,0
2.9239459,0.9082942,0.66801411,0.98560143,0.12720978,0.11138984,0
3.5455294,-1.7601417,-3.2147808,0.98560143,0.12720978,0.11138984,0
-1.0044367,3.41556,4.2537851,-0.099602476,-0.095553704,0.99042892,0
-2.6914108,3.3685777,-4.0050979,0.099602476,0.095553704,-0.99042892,0
-1.5794778,-4.36555,3.4806061,-0.099602476,-0.095553704,0.99042892,0
0.53845739,4.4087062,-2.2941866,-0.13663566,0.98726261,0.081507474,0
3.4463577,-1.7079893,-2.0566237,0.98560143,0.12720978,0.11138984,0
-1.8547318,-0.29222167,3.8680902,-0.099602476,-0.095553704,0.99042892,0
3.3335836,-2.871217,1.1345373,0.98560143,0.12720978,0.11138984,0
0.15320349,-1.7189946,-4.1213608,0.099602476,0.095553704,-0.99042892,0
1.3053803,4.2727599,0.43459153,-0.13663566,0.98726261,0.081507474,0
3.1564293,0.81918335,-2.1486022,0.98560143,0.12720978,0.11138984,0
2.1139989,3.1822436,4.5495005,-0.099602476,-0.095553704,0.99042892,0
3.1621485,-0.95808029,0.64542472,0.98560143,0.12720978,0.11138984,0
0.46595824,2.2019746,-3.695334,0.099602476,0.095553704,-0.99042892,0
2.7435675,0.34695911,2.0863023,0.98560143,0.12720978,0.11138984,0
-0.21438837,-3.7633004,-4.289887,0.13663566,-0.98726261,-0.081507474,0
2.8631003,-3.4612956,-1.7485297,0.13663566,-0.98726261,-0.081507474,0
0.27947474,4.0493193,-3.6439323,0.099602476,0.095553704,-0.99042892,0
-1.9410001,-0.59899688,-4.2076406,0.099602476,0.095553704,-0.99042892,0
1.9496906,4.2497478,0.20703787,-0.13663566,0.98726261,0.081507474,0
-1.3450017,-2.1091621,-4.3587923,0.099602476,0.095553704,-0.99042892,0
-2.7742717,-1.9947891,-0.9350422,-0.98560143,-0.12720978,-0.11138984,0
-1.2497883,-4.5532975,3.1933904,0.13663566,-0.98726261,-0.081507474,0
-1.9811263,-4.1522236,-1.7141069,0.13663566,-0.98726261,-0.081507474,0
-1.5441179,-4.3451886,-0.21962279,0.13663566,-0.98726261,-0.081507474,0
2.8748686,-2.6133196,-4.0289931,0.099602476,0.095553704,-0.99042892,0
-3.6048355,3.085175,1.2523448,-0.98560143,-0.12720978,-0.11138984,0
3.4513559,-3.1371224,-3.905843,0.099602476,0.095553704,-0.99042892,0
-3.6475549,1.2958403,3.7234836,-0.98560143,-0.12720978,-0.11138984,0
-3.8163636,3.3150299,2.1757905,-0.98560143,-0.12720978,-0.11138984,0
-1.3010845,3.2646754,-3.9346762,0.099602476,0.095553704,-0.99042892,0
-2.1430144,0.091920376,-4.2525029,0.099602476,0.095553704,-0.99042892,0
0.17639589,4.0620327,0.37239715,-0.13663566,0.98726261,0.081507474,0
-2.9571033,0.42774296,-0.50163239,-0.98560143,-0.12720978,-0.11138984,0
1.1960893,4.0015583,3.6544888,-0.13663566,0.98726261,0.081507474,0
2.7968609,-0.45068002,2.4304001,0.98560143,0.12720978,0.11138984,0
1.6649945,-3.5682802,-2.9725046,0.13663566,-0.98726261,-0.081507474,0
-2.4681573,-2.3578193,-1.8346565,-0.98560143,-0.12720978,-0.11138984,0
0.95840454,-0.83515757,-4.0281916,0.099602476,0.095553704,-0.99042892,0
2.6449158,4.3211689,-0.67150307,0.98560143,0.12720978,0.11138984,0
-1.534215,-3.9415896,-4.5866365,0.099602476,0.095553704,-0.99042892,0
2.8908384,3.431118,-2.7924156,0.98560143,0.12720978,0.11138984,0
-3.076169,-1.5900164,2.7596457,-0.98560143,-0.12720978,-0.11138984,0
-2.5668466,-4.2766228,3.4464521,-0.099602476,-0.095553704,0.99042892,0
2.1279526,-2.2826481,4.0891757,-0.099602476,-0.095553704,0.99042892,0
2.8452132,-3.7442744,2.1552072,0.13663566,-0.98726261,-0.081507474,0
3.0560412,2.6578178,-3.5026436,0.099602476,0.095553704,-0.99042892,0
-2.6141109,3.4257689,2.0038357,-0.13663566,0.98726261,0.081507474,0
0.0085835457,3.3116238,4.3302755,-0.099602476,-0.095553704,0.99042892,0
-1.1041021,-4.2104783,0.14352179,0.13663566,-0.98726261,-0.081507474,0
-2.5197065,-1.7050102,-3.1165516,-0.98560143,-0.12720978,-0.11138984,0
1.9103105,1.0505414,4.3413987,-0.099602476,-0.095553704,0.99042892,0
-1.3198686,-4.3869896,1.4493411,0.13663566,-0.98726261,-0.081507474,0
-3.6329708,3.0814006,2.1043668,-0.98560143,-0.12720978,-0.11138984,0
-0.19822848,-0.61711586,-4.055872,0.099602476,0.095553704,-0.99042892,0
3.5171208,-1.4297948,-2.8829849,0.98560143,0.12720978,0.11138984,0
-2.374542,0.46455884,-4.3061199,0.099602476,0.095553704,-0.99042892,0
-0.96915483,3.9542611,-0.81138337,-0.13663566,0.98726261,0.081507474,0
0.40779352,4.1272507,0.89925086,-0.13663566,0.98726261,0.081507474,0
-2.2263434,3.6061039,1.5607408,-0.13663566,0.98726261,0.081507474,0
2.2012935,0.97450244,-3.7981291,0.099602476,0.095553704,-0.99042892,0
2.6916509,1.3125117,1.9648048,0.98560143,0.12720978,0.11138984,0
-1.9858608,3.4567444,3.3737769,-0.13663566,0.98726261,0.081507474,0
-1.0082937,2.9123583,-3.8407841,0.099602476,0.095553704,-0.99042892,0
2.5820458,-3.9155288,2.4954526,0.13663566,-0.98726261,-0.081507474,0
-2.9086728,0.86170888,-3.0739763,-0.98560143,-0.12720978,-0.11138984,0
-1.2922051,2.3535094,-3.8491571,0.099602476,0.095553704,-0.99042892,0
-2.7050037,-0.28905153,-2.1375237,-0.98560143,-0.12720978,-0.11138984,0
2.4598608,1.7855079,2.4990001,0.98560143,0.12720978,0.11138984,0
1.8146286,4.2641191,0.23658824,-0.13663566,0.98726261,0.081507474,0
-2.76635,-1.6799242,-1.1418612,-0.98560143,-0.12720978,-0.11138984,0
-1.7724679,-3.727375,3.5520306,-0.099602476,-0.095553704,0.99042892,0
-1.4025681,3.4238615,-3.9404025,0.099602476,0.095553704,-0.99042892,0
0.88372135,0.94443274,4.2974768,-0.099602476,-0.095553704,0.99042892,0
-2.4561045,3.6060054,2.3582673,-0.13663566,0.98726261,0.081507474,0
-2.988462,0.53586769,-0.63100266,-0.98560143,-0.12720978,-0.11138984,0
2.7380483,0.57752609,2.1942863,0.98560143,0.12720978,0.11138984,0
-0.95674849,0.26217556,3.9405422,-0.099602476,-0.095553704,0.99042892,0
-2.5851848,-4.6749282,3.351048,0.13663566,-0.98726261,-0.081507474,0
-3.1870167,-1.0953765,2.3184693,-0.98560143,-0.12720978,-0.11138984,0
-2.5398617,-3.6033549,3.5044565,-0.099602476,-0.095553704,0.99042892,0
-1.4610535,2.2208509,4.1996841,-0.099602476,-0.095553704,0.99042892,0
-2.744297,3.5458617,0.41726688,-0.13663566,0.98726261,0.081507474,0
-0.37488115,1.8629955,-3.9225235,0.099602476,0.095553704,-0.99042892,0
2.1615713,2.2890663,-3.6589637,0.099602476,0.095553704,-0.99042892,0
-2.6703689,-2.0211029,-1.7553238,-0.98560143,-0.12720978,-0.11138984,0
0.52489257,-3.8950868,-0.66555107,0.13663566,-0.98726261,-0.081507474,0
-1.9606485,-2.5292222,3.512661,-0.099602476,-0.095553704,0.99042892,0
0.50549603,4.0000639,2.5918708,-0.13663566,0.98726261,0.081507474,0
2.0299094,-2.0309787,-3.99737,0.099602476,0.095553704,-0.99042892,0
-0.29162621,-4.303628,3.0465355,0.13663566,-0.98726261,-0.081507474,0
3.4452398,-2.8084946,0.070390277,0.98560143,0.12720978,0.11138984,0
-1.4212003,3.8079894,-0.52492511,-0.13663566,0.98726261,0.081507474,0
-2.0805125,-4.1694498,-1.0470552,0.13663566,-0.98726261,-0.081507474,0
-2.9899516,-1.9903085,1.7392483,-0.98560143,-0.12720978,-0.11138984,0
2.8254349,3.1364844,-1.6053343,0.98560143,0.12720978,0.11138984,0
2.8693924,3.3789163,-2.0979407,0.98560143,0.12720978,0.11138984,0
-2.7077975,-0.36229277,-2.4980555,-0.98560143,-0.12720978,-0.11138984,0
1.6936014,1.9036264,-3.6364441,0.099602476,0.095553704,-0.99042892,0
-3.1123865,-0.44665933,3.687798,-0.099602476,-0.095553704,0.99042892,0
-1.2639226,-0.078748018,3.9803629,-0.099602476,-0.095553704,0.99042892,0
2.1868906,-2.4263432,-4.0854831,0.099602476,0.095553704,-0.99042892,0
1.8083999,3.6804762,-3.5315433,0.099602476,0.095553704,-0.99042892,0
-2.1734862,-1.4179432,-4.3733234,0.099602476,0.095553704,-0.99042892,0
-2.9921627,2.6651459,3.9607704,-0.099602476,-0.095553704,0.99042892,0
2.6624372,-0.071527719,3.3104279,0.98560143,0.12720978,0.11138984,0
-1.2448802,3.5372686,2.9191535,-0.13663566,0.98726261,0.081507474,0
-3.1446648,0.4005456,1.1351995,-0.98560143,-0.12720978,-0.11138984,0
-1.6290698,3.1182985,-3.9936905,0.099602476,0.095553704,-0.99042892,0
-2.8349698,-4.1900511,3.107533,-0.98560143,-0.12720978,-0.11138984,0
1.5396256,-3.6514859,-2.3488917,0.13663566,-0.98726261,-0.081507474,0
3.4291606,-0.49148107,-3.1396382,0.98560143,0.12720978,0.11138984,0
-1.8548051,0.84495986,3.8657846,-0.099602476,-0.095553704,0.99042892,0
-2.9077792,-1.9475598,3.585752,-0.099602476,-0.095553704,0.99042892,0
2.1031845,-3.3334002,-4.1892138,0.099602476,0.095553704,-0.99042892,0
2.1584716,2.9110243,4.2043848,0.98560143,0.12720978,0.11138984,0
-1.3651795,-0.60661465,3.8777895,-0.099602476,-0.095553704,0.99042892,0
-2.5130665,-2.3038092,-1.748559,-0.98560143,-0.12720978,-0.11138984,0
-2.3354073,-4.361506,-0.43874651,0.13663566,-0.98726261,-0.081507474,0
-2.4930377,-2.8461645,-1.1930999,-0.98560143,-0.12720978,-0.11138984,0
0.36943984,-3.782526,3.7871485,-0.099602476,-0.095553704,0.99042892,0
2.2768202,-3.6853275,-1.0919521,0.13663566,-0.98726261,-0.081507474,0
-2.5140495,3.7297544,-3.8746915,0.099602476,0.095553704,-0.99042892,0
-3.107712,-0.62410784,1.9865434,-0.98560143,-0.12720978,-0.11138984,0
3.0052047,-3.5819595,0.237526,0.13663566,-0.98726261,-0.081507474,0
2.9330378,1.7796004,-0.79170787,0.98560143,0.12720978,0.11138984,0
0.86658204,0.68718362,4.2477446,-0.099602476,-0.095553704,0.99042892,0
1.3406949,3.7175903,-3.4645205,0.099602476,0.095553704,-0.99042892,0
-1.1715024,1.6241057,4.0374837,-0.099602476,-0.095553704,0.99042892,0
-0.82246208,-3.8876593,-2.6543405,0.13663566,-0.98726261,-0.081507474,0
-0.3002764,0.85226125,4.0261168,-0.099602476,-0.095553704,0.99042892,0
1.8408527,2.2235508,-3.5941205,0.099602476,0.095553704,-0.99042892,0
-2.7918515,-2.37341,0.59571028,-0.98560143,-0.12720978,-0.11138984,0
2.6972547,1.5623386,1.3420696,0.98560143,0.12720978,0.11138984,0
0.24635816,1.9473811,4.3053417,-0.099602476,-0.095553704,0.99042892,0
2.773705,1.6103678,-0.26812017,0.98560143,0.12720978,0.11138984,0
-0.51424766,-4.2924967,2.7383735,0.13663566,-0.98726261,-0.081507474,0
-1.0209646,-1.7773638,-4.2586508,0.099602476,0.095553704,-0.99042892,0
-1.6639667,3.8726792,-0.35608894,-0.13663566,0.98726261,0.081507474,0
-1.4137967,3.7213116,2.0742035,-0.13663566,0.98726261,0.081507474,0
2.7972307,-3.5800591,4.0738282,-0.099602476,-0.095553704,0.99042892,0
-0.72688234,2.9206879,-3.7689586,0.099602476,0.095553704,-0.99042892,0
-1.7821307,-3.1866767,-4.4436007,0.099602476,0.095553704,-0.99042892,0
-0.7912941,-3.9812639,-2.76719,0.13663566,-0.98726261,-0.081507474,0
1.3063593,4.0876245,2.8510649,-0.13663566,0.98726261,0.081507474,0
3.3913298,-3.711432,0.83266747,0.13663566,-0.98726261,-0.081507474,0
3.0831645,-3.465457,-1.778229,0.13663566,-0.98726261,-0.081507474,0
2.4352932,1.4476876,4.1877718,0.98560143,0.12720978,0.11138984,0
-0.8305198,0.34296945,3.9405177,-0.099602476,-0.095553704,0.99042892,0
-2.2974858,-4.0535836,3.4469461,-0.099602476,-0.095553704,0.99042892,0
3.0866034,-1.4619706,1.2384446,0.98560143,0.12720978,0.11138984,0
-0.57702285,1.6077198,-4.0047932,0.099602476,0.095553704,-0.99042892,0
2.4673252,0.80200362,3.3260231,0.98560143,0.12720978,0.11138984,0
-1.0133219,-1.0161283,-4.3247156,0.099602476,0.095553704,-0.99042892,0
-2.0987597,3.0611691,-4.023747,0.099602476,0.095553704,-0.99042892,0
-3.3184669,3.1652718,-0.5500294,-0.98560143,-0.12720978,-0.11138984,0
-2.1739988,3.7266166,0.68398064,-0.13663566,0.98726261,0.081507474,0
0.021986961,-3.8905892,-1.3857467,0.13663566,-0.98726261,-0.081507474,0
-0.21546292,3.8311682,2.4459608,-0.13663566,0.98726261,0.081507474,0
-2.5462759,-3.3319259,-0.34637508,-0.98560143,-0.12720978,-0.11138984,0
-2.9523277,2.3286281,-3.272804,-0.98560143,-0.12720978,-0.11138984,0
2.800889,3.8252068,-2.1208477,0.98560143,0.12720978,0.11138984,0
3.0470901,-0.24655604,-0.43614626,0.98560143,0.12720978,0.11138984,0
-3.2969301,-1.1215019,2.6404927,-0.98560143,-0.12720978,-0.11138984,0
0.75127971,0.85455525,4.1687217,-0.099602476,-0.095553704,0.99042892,0
-2.4862533,-1.3978276,-2.9956245,-0.98560143,-0.12720978,-0.11138984,0
1.9612017,4.2012672,1.9526944,-0.13663566,0.98726261,0.081507474,0
1.30559,-0.83310562,-3.9380271,0.099602476,0.095553704,-0.99042892,0
0.87378073,4.2988653,-1.9766481,-0.13663566,0.98726261,0.081507474,0
0.98298478,-4.0919785,2.4800079,0.13663566,-0.98726261,-0.081507474,0
-1.1658125,3.7422338,0.98653018,-0.13663566,0.98726261,0.081507474,0
-2.8380299,0.064468622,-2.3907166,-0.98560143,-0.12720978,-0.11138984,0
2.1875455,4.4162135,-0.79166389,-0.13663566,0.98726261,0.081507474,0
3.1387279,0.79687858,-1.1156385,0.98560143,0.12720978,0.11138984,0
0.72143292,1.9367111,4.334053,-0.099602476,-0.095553704,0.99042892,0
-2.633739,-1.3984789,3.5588636,-0.099602476,-0.095553704,0.99042892,0
1.0617275,0.80955648,-3.7818093,0.099602476,0.095553704,-0.99042892,0
-2.6680551,-4.5521483,1.863179,-0.98560143,-0.12720978,-0.11138984,0
-3.2059402,1.3442599,-0.72535825,-0.98560143,-0.12720978,-0.11138984,0
1.4694448,4.5971198,-2.9393725,-0.13663566,0.98726261,0.081507474,0
-2.5744107,-4.5530996,2.4218869,0.13663566,-0.98726261,-0.081507474,0
3.9666569,-3.0959115,-3.9653697,0.98560143,0.12720978,0.11138984,0
1.0038655,4.2952852,-2.0751102,-0.13663566,0.98726261,0.081507474,0
-2.983192,0.8815918,-1.0770674,-0.98560143,-0.12720978,-0.11138984,0
-3.241214,3.7824018,-1.2631545,-0.13663566,0.98726261,0.081507474,0
1.0844436,1.7753727,-3.8548055,0.099602476,0.095553704,-0.99042892,0
-2.9128463,-2.1803827,3.6165152,-0.099602476,-0.095553704,0.99042892,0
-2.7108545,-3.0653012,0.29170763,-0.98560143,-0.12720978,-0.11138984,0
-2.482022,-0.72027898,-3.3514345,-0.98560143,-0.12720978,-0.11138984,0
1.729094,-3.9577019,2.959295,0.13663566,-0.98726261,-0.081507474,0
0.11735725,4.040813,-3.5385547,0.099602476,0.095553704,-0.99042892,0
-1.9866863,2.6117229,4.0138979,-0.099602476,-0.095553704,0.99042892,0
0.59122181,-3.7512324,-1.8760521,0.13663566,-0.98726261,-0.081507474,0
-2.5951791,-2.7324469,3.4187455,-0.099602476,-0.095553704,0.99042892,0
-3.5869694,3.3040862,2.1917691,-0.13663566,0.98726261,0.081507474,0
-2.8934011,0.51992559,-1.297401,-0.98560143,-0.12720978,-0.11138984,0
3.3782697,-2.4943051,-0.24018836,0.98560143,0.12720978,0.11138984,0
0.20649195,3.9712768,0.80897528,-0.13663566,0.98726261,0.081507474,0
-1.6988783,1.2032003,4.021492,-0.099602476,-0.095553704,0.99042892,0
1.63869,-0.21537679,-3.8573523,0.099602476,0.095553704,-0.99042892,0
2.9747603,1.2505085,-1.4079523,0.98560143,0.12720978,0.11138984,0
2.9016733,2.5136626,-1.4071629,0.98560143,0.12720978,0.11138984,0
3.0659027,1.3144972,-0.98297238,0.98560143,0.12720978,0.11138984,0
2.6486502,3.1518769,0.57165933,0.98560143,0.12720978,0.11138984,0
-2.9868565,3.3421979,-3.8304465,-0.98560143,-0.12720978,-0.11138984,0
3.8007629,-3.2939415,-2.7227921,0.98560143,0.12720978,0.11138984,0
-2.4617283,2.341501,-4.0224829,0.099602476,0.095553704,-0.99042892,0
-2.4177899,-2.9695501,-2.2666936,-0.98560143,-0.12720978,-0.11138984,0
-2.930028,2.4030771,-3.7393713,-0.98560143,-0.12720978,-0.11138984,0
2.7090342,-3.9314241,2.7052383,0.13663566,-0.98726261,-0.081507474,0
0.97952616,2.3212039,-3.7668648,0.099602476,0.095553704,-0.99042892,0
-3.1227586,3.6808498,-3.6735287,-0.98560143,-0.12720978,-0.11138984,0
1.2246664,0.68720764,-3.9378104,0.099602476,0.095553704,-0.99042892,0
3.1026287,-2.5010931,2.9903347,0.98560143,0.12720978,0.11138984,0
-1.4203908,-3.0286789,3.5519071,-0.099602476,-0.095553704,0.99042892,0
3.3200843,0.39752316,-3.6106901,0.099602476,0.095553704,-0.99042892,0
2.8968732,-3.7069283,1.8558292,0.13663566,-0.98726261,-0.081507474,0
1.2784504,1.0630481,-3.7795148,0.099602476,0.095553704,-0.99042892,0
1.9667647,2.0178077,-3.6123996,0.099602476,0.095553704,-0.99042892,0
1.9306965,4.0644045,3.4357481,-0.13663566,0.98726261,0.081507474,0
-3.2678738,-0.82428074,2.3079491,-0.98560143,-0.12720978,-0.11138984,0
-2.44168,-3.464745,-2.1366837,-0.98560143,-0.12720978,-0.11138984,0
-2.7925289,-0.067609549,-1.9557732,-0.98560143,-0.12720978,-0.11138984,0
-3.4034581,1.2527567,3.7980604,-0.099602476,-0.095553704,0.99042892,0
-0.67588449,-3.4591494,3.6945224,-0.099602476,-0.095553704,0.99042892,0
-2.9268115,1.0783794,-2.2008882,-0.98560143,-0.12720978,-0.11138984,0
0.79806066,-2.16715,-4.1515465,0.099602476,0.095553704,-0.99042892,0
-2.3534327,-3.6656132,3.4910002,-0.099602476,-0.095553704,0.99042892,0
-0.95180464,-4.1159959,-0.88646787,0.13663566,-0.98726261,-0.081507474,0
3.3754454,-1.6564795,-1.1788141,0.98560143,0.12720978,0.11138984,0
2.5808687,-3.3567173,-4.1402769,0.099602476,0.095553704,-0.99042892,0
0.70223331,-1.9419001,-4.239037,0.099602476,0.095553704,-0.99042892,0
-1.6999214,-3.6291866,3.5336714,-0.099602476,-0.095553704,0.99042892,0
0.041906357,3.7302766,2.8803699,-0.13663566,0.98726261,0.081507474,0
-3.8980796,3.2480824,3.401201,-0.98560143,-0.12720978,-0.11138984,0
-0.16840768,-1.4089465,-4.1333275,0.099602476,0.095553704,-0.99042892,0
-3.1011925,-2.5619202,3.4397688,-0.099602476,-0.095553704,0.99042892,0
3.2107077,-1.3865433,-0.51275474,0.98560143,0.12720978,0.11138984,0
1.2227397,4.232028,-1.3271902,-0.13663566,0.98726261,0.081507474,0
-2.3876395,-3.5473599,-1.4015067,-0.98560143,-0.12720978,-0.11138984,0
-3.1304398,-1.3226368,3.0499585,-0.98560143,-0.12720978,-0.11138984,0
2.3847768,2.0800123,2.693327,0.98560143,0.12720978,0.11138984,0
-3.0554049,-0.46923637,-0.057406783,-0.98560143,-0.12720978,-0.11138984,0
-2.7495055,-1.7025208,-0.95651191,-0.98560143,-0.12720978,-0.11138984,0
3.6208074,-3.0149717,-1.2987422,0.98560143,0.12720978,0.11138984,0
-0.12159288,1.9459131,-3.8846331,0.099602476,0.095553704,-0.99042892,0
-1.7823579,4.0143971,-2.7120097,-0.13663566,0.98726261,0.081507474,0
2.4375935,3.0994525,2.2643781,0.98560143,0.12720978,0.11138984,0
3.4370203,-1.4372367,-2.7227118,0.98560143,0.12720978,0.11138984,0
-2.5774636,-2.9051824,-0.39932668,-0.98560143,-0.12720978,-0.11138984,0
1.5803962,3.9326067,3.982254,-0.13663566,0.98726261,0.081507474,0
-3.0902355,1.5464356,-2.0025494,-0.98560143,-0.12720978,-0.11138984,0
2.4613974,3.0655761,0.86506677,0.98560143,0.12720978,0.11138984,0
0.011597395,4.2263398,-3.6222744,0.099602476,0.095553704,-0.99042892,0
1.9806132,4.2142887,2.2652121,-0.13663566,0.98726261,0.081507474,0
-1.6315372,2.506427,4.1029215,-0.099602476,-0.095553704,0.99042892,0
-2.3926404,-2.550344,-3.40481,-0.98560143,-0.12720978,-0.11138984,0
0.26678419,-3.7177439,-3.4796782,0.13663566,-0.98726261,-0.081507474,0
-1.0766535,-3.3322372,-4.4713039,0.099602476,0.095553704,-0.99042892,0
-0.7053256,-4.0384545,-1.0674582,0.13663566,-0.98726261,-0.081507474,0
-1.8479221,-2.4958265,3.6249146,-0.099602476,-0.095553704,0.99042892,0
-1.5593691,3.7377882,2.3910947,-0.13663566,0.98726261,0.081507474,0
-1.5100048,0.99386072,4.0196619,-0.099602476,-0.095553704,0.99042892,0
2.3060627,-2.7249441,-4.0314665,0.099602476,0.095553704,-0.99042892,0
-3.0802138,-1.8860097,3.3048797,-0.98560143,-0.12720978,-0.11138984,0
-3.387542,3.579042,-0.72402155,-0.13663566,0.98726261,0.081507474,0
-1.6235383,4.0946369,-3.2186565,-0.13663566,0.98726261,0.081507474,0
0.85755897,-3.814014,-0.66409695,0.13663566,-0.98726261,-0.081507474,0
2.7055542,0.11627316,2.3679671,0.98560143,0.12720978,0.11138984,0
0.041156292,-3.9712298,0.11488819,0.13663566,-0.98726261,-0.081507474,0
3.3643293,-3.2207181,0.36874977,0.98560143,0.12720978,0.11138984,0
3.6531947,-3.4167731,-2.2185302,0.13663566,-0.98726261,-0.081507474,0
2.5868583,4.6553984,-3.1298513,-0.13663566,0.98726261,0.081507474,0
3.2447858,-1.2960489,-0.26275152,0.98560143,0.12720978,0.11138984,0
-1.9253821,-0.23262239,-4.3186064,0.099602476,0.095553704,-0.99042892,0
3.3185706,0.078300476,-1.8179796,0.98560143,0.12720978,0.11138984,0
-3.1824851,3.7084582,-0.22378731,-0.13663566,0.98726261,0.081507474,0
3.0991876,-1.0470628,-3.7912636,0.099602476,0.095553704,-0.99042892,0
1.9497089,2.7493696,4.4946852,-0.099602476,-0.095553704,0.99042892,0
1.7781572,2.6197851,4.4301448,-0.099602476,-0.095553704,0.99042892,0
1.4137976,-3.9021358,1.6528604,0.13663566,-0.98726261,-0.081507474,0
2.0092492,-2.8263347,-4.0137882,0.099602476,0.095553704,-0.99042892,0
-1.6309028,-1.9077643,3.7864738,-0.099602476,-0.095553704,0.99042892,0
3.2743728,-3.5856409,2.5801232,0.98560143,0.12720978,0.11138984,0
-1.00243,-4.0300498,-1.2709929,0.13663566,-0.98726261,-0.081507474,0
0.061326168,-0.60142207,4.0827317,-0.099602476,-0.095553704,0.99042892,0
-3.4189837,1.7097034,3.9602542,-0.099602476,-0.095553704,0.99042892,0
0.74354911,-3.8316693,-1.8212765,0.13663566,-0.98726261,-0.081507474,0
-2.4597569,1.2550452,-4.0933371,0.099602476,0.095553704,-0.99042892,0
3.1537066,-3.4195313,-3.4000757,0.13663566,-0.98726261,-0.081507474,0
-1.9571049,1.2360742,3.99788,-0.099602476,-0.095553704,0.99042892,0
2.0794835,4.3051586,0.5763151,-0.13663566,0.98726261,0.081507474,0
-1.7354527,-4.3113475,1.1844134,0.13663566,-0.98726261,-0.081507474,0
0.86610508,2.8828712,-3.6419783,0.099602476,0.095553704,-0.99042892,0
0.10258532,4.0978265,0.60948777,-0.13663566,0.98726261,0.081507474,0
0.039096832,3.6550713,3.6505182,-0.13663566,0.98726261,0.081507474,0
1.9834197,-3.7584593,-0.99272203,0.13663566,-0.98726261,-0.081507474,0
2.5403674,3.1020405,1.3605245,0.98560143,0.12720978,0.11138984,0
2.5016918,2.0237045,-3.530097,0.099602476,0.095553704,-0.99042892,0
-0.62167954,4.0741377,-0.4403435,-0.13663566,0.98726261,0.081507474,0
-2.0562425,-4.3774738,1.6032674,0.13663566,-0.98726261,-0.081507474,0
0.60746503,2.2360845,4.2163982,-0.099602476,-0.095553704,0.99042892,0
1.9293001,-1.0632228,4.1548686,-0.099602476,-0.095553704,0.99042892,0
0.6531601,-3.7355528,-1.9069344,0.13663566,-0.98726261,-0.081507474,0
-2.9067879,-0.45675635,-0.95833945,-0.98560143,-0.12720978,-0.11138984,0
-0.45915318,-4.2594728,2.7900593,0.13663566,-0.98726261,-0.081507474,0
-3.4781575,1.2036712,2.501965,-0.98560143,-0.12720978,-0.11138984,0
2.9326577,2.75472,-1.9248281,0.98560143,0.12720978,0.11138984,0
3.1330237,1.3074389,-2.4217489,0.98560143,0.12720978,0.11138984,0
3.1059046,-3.2496531,2.4829288,0.98560143,0.12720978,0.11138984,0
-0.85406446,-4.1810918,0.062274337,0.13663566,-0.98726261,-0.081507474,0
0.85483587,-3.4153316,3.7241759,-0.099602476,-0.095553704,0.99042892,0
-0.70912766,-4.4218569,2.8980536,0.13663566,-0.98726261,-0.081507474,0
2.305927,4.4828863,-2.2557564,-0.13663566,0.98726261,0.081507474,0
0.12863922,1.0750962,4.2050037,-0.099602476,-0.095553704,0.99042892,0
2.7818401,4.7072268,-3.1316757,0.98560143,0.12720978,0.11138984,0
2.2538352,4.4283504,-0.72152209,-0.13663566,0.98726261,0.081507474,0
-2.7414436,-0.76464844,-1.3091995,-0.98560143,-0.12720978,-0.11138984,0
-1.8744974,2.1263545,-4.0240974,0.099602476,0.095553704,-0.99042892,0
-1.1549551,4.0810905,-2.3774388,-0.13663566,0.98726261,0.081507474,0
1.3475497,-3.0902052,-4.2921944,0.099602476,0.095553704,-0.99042892,0
3.5965505,-3.1628294,-3.9624701,0.13663566,-0.98726261,-0.081507474,0
-2.7379882,3.464323,1.9331098,-0.13663566,0.98726261,0.081507474,0
-2.273488,2.5428586,3.9863935,-0.099602476,-0.095553704,0.99042892,0
-3.4180112,3.5354798,-0.019924685,-0.13663566,0.98726261,0.081507474,0
3.0891442,2.1427369,-2.0740871,0.98560143,0.12720978,0.11138984,0
3.2465711,-0.13305879,-2.1430805,0.98560143,0.12720978,0.11138984,0
-2.7977254,-3.843636,1.944751,-0.98560143,-0.12720978,-0.11138984,0
2.4808464,-3.706398,-0.4439041,0.13663566,-0.98726261,-0.081507474,0
-0.2812326,3.9953074,1.4226251,-0.13663566,0.98726261,0.081507474,0
1.5030463,-4.0749159,2.3280983,0.13663566,-0.98726261,-0.081507474,0
-2.9601154,1.574242,-3.0096231,-0.98560143,-0.12720978,-0.11138984,0
-1.9874763,-4.3105421,-0.86385506,0.13663566,-0.98726261,-0.081507474,0
2.5693502,1.6571813,1.4254968,0.98560143,0.12720978,0.11138984,0
0.3866747,-0.30463946,4.041173,-0.099602476,-0.095553704,0.99042892,0
3.176477,1.5126159,-2.1494586,0.98560143,0.12720978,0.11138984,0
-0.45691562,4.2136517,-3.1173744,-0.13663566,0.98726261,0.081507474,0
0.28916192,4.0664206,-0.49782312,-0.13663566,0.98726261,0.081507474,0
1.3492016,1.5973815,-3.711782,0.099602476,0.095553704,-0.99042892,0
-2.6134737,1.3568273,3.9412112,-0.099602476,-0.095553704,0.99042892,0
-1.3714459,3.5574822,-3.8937073,0.099602476,0.095553704,-0.99042892,0
2.8376825,0.66274118,1.7765743,0.98560143,0.12720978,0.11138984,0
-2.9924989,0.40083265,-0.41095001,-0.98560143,-0.12720978,-0.11138984,0
2.7921023,2.864681,-3.4126482,0.099602476,0.095553704,-0.99042892,0
-2.6073778,-3.724231,0.23982811,-0.98560143,-0.12720978,-0.11138984,0
-1.4337668,-4.3677092,1.6354866,0.13663566,-0.98726261,-0.081507474,0
0.66640115,-4.0736632,1.2719033,0.13663566,-0.98726261,-0.081507474,0
3.0419126,2.0698841,-1.8456752,0.98560143,0.12720978,0.11138984,0
-3.5105343,2.3193903,1.7366216,-0.98560143,-0.12720978,-0.11138984,0
3.6726139,-2.5859044,-2.2025282,0.98560143,0.12720978,0.11138984,0
-2.4588141,-4.6148019,1.9385879,0.13663566,-0.98726261,-0.081507474,0
3.0994856,-0.51461196,0.73635316,0.98560143,0.12720978,0.11138984,0
-2.0826213,4.0156159,-2.2822282,-0.13663566,0.98726261,0.081507474,0
3.033103,-2.7462432,2.7571774,0.98560143,0.12720978,0.11138984,0
-2.4833622,3.7268469,0.66895139,-0.13663566,0.98726261,0.081507474,0
-1.5936933,-4.1558437,-1.8295743,0.13663566,-0.98726261,-0.081507474,0
0.45204282,4.2647395,-0.80805492,-0.13663566,0.98726261,0.081507474,0
-2.7190404,-1.9497724,-1.357375,-0.98560143,-0.12720978,-0.11138984,0
0.099917173,3.4995546,-3.6381721,0.099602476,0.095553704,-0.99042892,0
-2.7638416,-4.0044861,2.9033098,-0.98560143,-0.12720978,-0.11138984,0
0.050204754,-4.2698941,1.7257013,0.13663566,-0.98726261,-0.081507474,0
-1.9418886,-4.4431925,1.217829,0.13663566,-0.98726261,-0.081507474,0
2.7434275,-0.003105402,1.8795078,0.98560143,0.12720978,0.11138984,0
1.0814645,-3.9189019,1.196942,0.13663566,-0.98726261,-0.081507474,0
3.2542143,-3.3756289,-2.4787614,0.13663566,-0.98726261,-0.081507474,0
-1.6994209,-4.3921094,0.12165642,0.13663566,-0.98726261,-0.081507474,0
-0.2060219,-2.1394312,3.8165941,-0.099602476,-0.095553704,0.99042892,0
2.6803663,-1.8388504,4.0397654,-0.099602476,-0.095553704,0.99042892,0
2.6784492,1.217253,1.8960941,0.98560143,0.12720978,0.11138984,0
-1.3049738,-4.2227631,0.48927903,0.13663566,-0.98726261,-0.081507474,0
-1.2188365,-3.4115355,-4.5129862,0.099602476,0.095553704,-0.99042892,0
0.78060055,-2.6703207,3.8226557,-0.099602476,-0.095553704,0.99042892,0
0.99644798,-1.1204758,-3.9815416,0.099602476,0.095553704,-0.99042892,0
-3.461303,3.3784802,-0.34937972,-0.98560143,-0.12720978,-0.11138984,0
-2.0053172,3.7000208,-3.7882152,0.099602476,0.095553704,-0.99042892,0
-3.3642666,-0.15443039,3.606492,-0.099602476,-0.095553704,0.99042892,0
2.6091919,3.8172998,-0.93930864,0.98560143,0.12720978,0.11138984,0
3.3432209,-2.7768302,1.3707994,0.98560143,0.12720978,0.11138984,0
2.4438963,-3.9729037,2.6991129,0.13663566,-0.98726261,-0.081507474,0
-1.638514,2.0603666,-3.9272938,0.099602476,0.095553704,-0.99042892,0
1.4033086,-3.8250234,-0.4780885,0.13663566,-0.98726261,-0.081507474,0
0.45442092,-1.5998902,-4.1006918,0.099602476,0.095553704,-0.99042892,0
-3.5843658,2.3909121,2.8146577,-0.98560143,-0.12720978,-0.11138984,0
2.4029646,2.590898,2.0199664,0.98560143,0.12720978,0.11138984,0
-0.20481706,-4.3872366,2.7037506,0.13663566,-0.98726261,-0.081507474,0
-1.9325947,-2.0541351,3.7355461,-0.099602476,-0.095553704,0.99042892,0
3.3106353,-0.51781154,-2.2337568,0.98560143,0.12720978,0.11138984,0
-0.64031029,3.8701921,-0.020466268,-0.13663566,0.98726261,0.081507474,0
-2.3079591,3.9472916,-2.4565825,-0.13663566,0.98726261,0.081507474,0
1.4558794,-3.9520364,1.4644011,0.13663566,-0.98726261,-0.081507474,0
2.3180704,1.8242795,3.7335947,0.98560143,0.12720978,0.11138984,0
-1.1910038,-3.8739045,-4.1782765,0.13663566,-0.98726261,-0.081507474,0
0.98035502,1.9426744,4.2525673,-0.099602476,-0.095553704,0.99042892,0
0.53864956,4.1542845,-1.3071811,-0.13663566,0.98726261,0.081507474,0
2.3038561,3.492934,2.5971437,0.98560143,0.12720978,0.11138984,0
-2.2440791,0.86331898,3.8761106,-0.099602476,-0.095553704,0.99042892,0
-0.34125137,-4.1161685,-0.16787851,0.13663566,-0.98726261,-0.081507474,0
1.5239077,3.9329143,3.7657685,-0.13663566,0.98726261,0.081507474,0
-1.2398541,4.0225258,-0.88445556,-0.13663566,0.98726261,0.081507474,0
2.8640966,-3.6117575,-0.1071208,0.13663566,-0.98726261,-0.081507474,0
-3.3710876,0.90527773,1.4894136,-0.98560143,-0.12720978,-0.11138984,0
-2.8244915,-0.010534048,3.839045,-0.099602476,-0.095553704,0.99042892,0
1.5689001,0.43170905,4.1918855,-0.099602476,-0.095553704,0.99042892,0
2.7987628,0.50794268,1.360993,0.98560143,0.12720978,0.11138984,0
3.5754457,-0.87246084,-3.6678429,0.099602476,0.095553704,-0.99042892,0
-1.6693623,-4.3966904,0.78396726,0.13663566,-0.98726261,-0.081507474,0
0.034665406,-1.3668489,3.9055891,-0.099602476,-0.095553704,0.99042892,0
-2.2796896,-2.0881391,-4.1698694,-0.98560143,-0.12720978,-0.11138984,0
0.44575226,1.9980454,-3.7137547,0.099602476,0.095553704,-0.99042892,0
-2.3201425,-2.9060338,-2.7912974,-0.98560143,-0.12720978,-0.11138984,0
-1.0712582,-2.8052297,3.7406135,-0.099602476,-0.095553704,0.99042892,0
-2.7405396,-0.31461883,-2.1935916,-0.98560143,-0.12720978,-0.11138984,0
0.19787145,4.2063594,-1.5316148,-0.13663566,0.98726261,0.081507474,0
-0.21610451,3.868011,0.86067951,-0.13663566,0.98726261,0.081507474,0
2.9419336,-2.326772,2.753159,0.98560143,0.12720978,0.11138984,0
2.5912991,-3.7606912,1.4959902,0.13663566,-0.98726261,-0.081507474,0
1.1702518,4.1689014,1.6490183,-0.13663566,0.98726261,0.081507474,0
-2.8594236,-2.7488704,1.9402225,-0.98560143,-0.12720978,-0.11138984,0
-2.9952908,-2.3864918,2.0556779,-0.98560143,-0.12720978,-0.11138984,0
-1.0375896,3.9160597,-0.92859852,-0.13663566,0.98726261,0.081507474,0
-2.255079,-3.5443153,-2.2910385,-0.98560143,-0.12720978,-0.11138984,0
-2.9385374,-0.16525984,-0.77637202,-0.98560143,-0.12720978,-0.11138984,0
-0.49733603,-0.83694947,3.848784,-0.099602476,-0.095553704,0.99042892,0
2.6728611,2.3437302,0.41440517,0.98560143,0.12720978,0.11138984,0
1.0378389,4.3841472,-1.5109954,-0.13663566,0.98726261,0.081507474,0
-0.59966183,3.6333776,4.0719814,-0.13663566,0.98726261,0.081507474,0
-0.767699,4.0368319,-0.85974765,-0.13663566,0.98726261,0.081507474,0
-0.43987274,-3.5965114,-4.3390489,0.099602476,0.095553704,-0.99042892,0
0.46037984,1.5943186,4.1571522,-0.099602476,-0.095553704,0.99042892,0
-0.89764261,3.6036646,2.8701055,-0.13663566,0.98726261,0.081507474,0
-1.2475269,0.47510993,-4.1896663,0.099602476,0.095553704,-0.99042892,0
-2.6058271,-3.0175385,0.081819892,-0.98560143,-0.12720978,-0.11138984,0
0.44213414,4.1901059,-1.7160211,-0.13663566,0.98726261,0.081507474,0
-2.1453557,-1.1953532,3.6508017,-0.099602476,-0.095553704,0.99042892,0
3.0436201,-1.7961249,1.7106615,0.98560143,0.12720978,0.11138984,0
0.82514179,-1.4534168,-4.0814514,0.099602476,0.095553704,-0.99042892,0
2.4118328,3.3358266,2.6331553,0.98560143,0.12720978,0.11138984,0
-2.1376321,3.162693,-4.035542,0.099602476,0.095553704,-0.99042892,0
-2.4667158,3.7103314,0.083173394,-0.13663566,0.98726261,0.081507474,0
-2.2539272,3.6955228,-3.9213486,0.099602476,0.095553704,-0.99042892,0
2.0204251,-2.2837262,-3.981266,0.099602476,0.095553704,-0.99042892,0
-3.4540136,0.86534917,1.9517138,-0.98560143,-0.12720978,-0.11138984,0
0.85809672,2.3588893,-3.6889701,0.099602476,0.095553704,-0.99042892,0
2.0625181,4.297379,-3.337184,0.099602476,0.095553704,-0.99042892,0
-2.2868531,3.5149586,2.9393823,-0.13663566,0.98726261,0.081507474,0
-1.5739985,-4.3120794,1.1222043,0.13663566,-0.98726261,-0.081507474,0
-1.4698142,2.3698661,-3.9853973,0.099602476,0.095553704,-0.99042892,0
3.7078698,-3.2375777,-3.0109551,0.98560143,0.12720978,0.11138984,0
3.2554407,-2.6284361,1.5472891,0.98560143,0.12720978,0.11138984,0
3.4078805,-1.8892968,-0.47714978,0.98560143,0.12720978,0.11138984,0
2.9418468,-3.561244,-1.5113474,0.13663566,-0.98726261,-0.081507474,0
-1.2998505,-2.6797996,3.6318603,-0.099602476,-0.095553704,0.99042892,0
2.751214,2.430687,-0.197788,0.98560143,0.12720978,0.11138984,0
2.3617125,3.6930337,1.2909498,0.98560143,0.12720978,0.11138984,0
3.0300889,-0.49131584,0.54488564,0.98560143,0.12720978,0.11138984,0
3.6651239,-3.3913221,-1.9756409,0.98560143,0.12720978,0.11138984,0
3.586077,-1.9593472,-2.9963007,0.98560143,0.12720978,0.11138984,0
1.8185143,-3.7348053,-0.29351425,0.13663566,-0.98726261,-0.081507474,0
0.8988831,-4.1020856,2.7127075,0.13663566,-0.98726261,-0.081507474,0
-0.062701225,2.6680183,-3.7059855,0.099602476,0.095553704,-0.99042892,0
3.1810379,-2.0958467,-3.9779272,0.099602476,0.095553704,-0.99042892,0
-0.63293982,2.6339607,-3.8215151,0.099602476,0.095553704,-0.99042892,0
-3.3178244,3.4085739,-1.162307,-0.98560143,-0.12720978,-0.11138984,0
1.5623405,4.3200946,-1.3006332,-0.13663566,0.98726261,0.081507474,0
0.32828486,0.82380366,4.0620475,-0.099602476,-0.095553704,0.99042892,0
-0.9871645,-3.9323046,-2.8142228,0.13663566,-0.98726261,-0.081507474,0
3.2057545,0.45353508,-1.6471367,0.98560143,0.12720978,0.11138984,0
2.6642344,0.59776688,3.4796925,0.98560143,0.12720978,0.11138984,0
-0.86642075,-2.2047889,3.8287873,-0.099602476,-0.095553704,0.99042892,0
1.4082575,4.1715069,1.2168397,-0.13663566,0.98726261,0.081507474,0
3.5987148,-0.42253542,-3.6082335,0.98560143,0.12720978,0.11138984,0
0.92825031,3.8722658,3.905983,-0.13663566,0.98726261,0.081507474,0
2.7501926,-3.4595904,-2.8505063,0.13663566,-0.98726261,-0.081507474,0
2.7098606,3.4323583,-0.0938164,0.98560143,0.12720978,0.11138984,0
1.945972,4.1692429,2.6806479,-0.13663566,0.98726261,0.081507474,0
-2.1987293,3.6098831,2.0796366,-0.13663566,0.98726261,0.081507474,0
-3.0094559,-0.51889515,-0.48962274,-0.98560143,-0.12720978,-0.11138984,0
1.1204619,-3.6998584,-1.6932999,0.13663566,-0.98726261,-0.081507474,0
2.6986818,3.5588319,-1.5397933,0.98560143,0.12720978,0.11138984,0
3.1863527,0.49977541,-2.1604576,0.98560143,0.12720978,0.11138984,0
-3.0497549,3.6326954,-3.8446717,-0.98560143,-0.12720978,-0.11138984,0
-3.3127532,1.342265,1.3230479,-0.98560143,-0.12720978,-0.11138984,0
-1.4502604,-1.5416939,3.6936255,-0.099602476,-0.095553704,0.99042892,0
-1.8222256,-3.9697673,-3.5657871,0.13663566,-0.98726261,-0.081507474,0
2.1907556,1.0909305,-3.7881951,0.099602476,0.095553704,-0.99042892,0
-3.3387017,2.7092357,4.0125551,-0.099602476,-0.095553704,0.99042892,0
-0.16683817,3.1029801,-3.8074818,0.099602476,0.095553704,-0.99042892,0
1.8100252,4.2279592,1.679549,-0.13663566,0.98726261,0.081507474,0
1.6433706,-0.54870462,4.0897117,-0.099602476,-0.095553704,0.99042892,0
-2.7550135,-4.0148606,1.4393795,-0.98560143,-0.12720978,-0.11138984,0
-0.57541895,-3.4724047,-4.4780512,0.099602476,0.095553704,-0.99042892,0
-3.202178,3.3388381,3.986161,-0.099602476,-0.095553704,0.99042892,0
-1.7017469,4.0774093,-2.7494586,-0.13663566,0.98726261,0.081507474,0
0.49493814,-3.0702591,3.8409481,-0.099602476,-0.095553704,0.99042892,0
0.95542908,2.9300032,4.5148706,-0.099602476,-0.095553704,0.99042892,0
-3.5613286,1.0793669,3.873282,-0.099602476,-0.095553704,0.99042892,0
2.05425,0.82889795,4.3653808,-0.099602476,-0.095553704,0.99042892,0
2.5631137,-0.29776216,3.9238589,0.98560143,0.12720978,0.11138984,0
3.1714742,1.2595789,-1.8619089,0.98560143,0.12720978,0.11138984,0
-0.025968552,-3.9333727,-0.59547192,0.13663566,-0.98726261,-0.081507474,0
-0.56792891,-2.3983254,3.7994456,-0.099602476,-0.095553704,0.99042892,0
-0.062490225,-2.5112216,-4.2308455,0.099602476,0.095553704,-0.99042892,0
-1.4789757,2.2952981,-3.9934535,0.099602476,0.095553704,-0.99042892,0
2.7120507,-3.4966278,4.0435429,-0.099602476,-0.095553704,0.99042892,0
-1.1026379,-0.47864032,-4.1142254,0.099602476,0.095553704,-0.99042892,0
-2.467916,4.0135098,-2.771214,-0.13663566,0.98726261,0.081507474,0
2.2300467,-3.5380757,-1.3136649,0.13663566,-0.98726261,-0.081507474,0
2.4651098,3.9534087,0.31780797,0.98560143,0.12720978,0.11138984,0
2.3496599,2.4365005,3.3088706,0.98560143,0.12720978,0.11138984,0
-3.320086,1.1853932,0.96042287,-0.98560143,-0.12720978,-0.11138984,0
3.0640664,-3.3262579,-3.7930758,0.13663566,-0.98726261,-0.081507474,0
1.2536749,-1.3826439,3.9827008,-0.099602476,-0.095553704,0.99042892,0
-1.8463445,-4.1313386,-3.0337503,0.13663566,-0.98726261,-0.081507474,0
-0.88659859,4.0675721,-0.97094929,-0.13663566,0.98726261,0.081507474,0
1.5801487,4.2314177,0.83426869,-0.13663566,0.98726261,0.081507474,0
2.2302208,1.097756,-3.7028589,0.099602476,0.095553704,-0.99042892,0
0.064062595,3.7566025,3.2433007,-0.13663566,0.98726261,0.081507474,0
-1.4382777,4.0624008,-1.8627102,-0.13663566,0.98726261,0.081507474,0
-1.5040603,3.7115307,1.9581544,-0.13663566,0.98726261,0.081507474,0
-1.1054001,-2.9516034,3.6581254,-0.099602476,-0.095553704,0.99042892,0
-0.85352206,4.2035542,-2.7104447,-0.13663566,0.98726261,0.081507474,0
2.1027043,0.71393132,-3.7747812,0.099602476,0.095553704,-0.99042892,0
-1.2258942,3.7188787,2.0737863,-0.13663566,0.98726261,0.081507474,0
-3.0962262,-0.31303835,0.2137599,-0.98560143,-0.12720978,-0.11138984,0
-3.3917487,0.1728332,3.0425148,-0.98560143,-0.12720978,-0.11138984,0
-0.1908977,4.1563015,-2.7538943,-0.13663566,0.98726261,0.081507474,0
0.22895393,-0.21986216,4.0301247,-0.099602476,-0.095553704,0.99042892,0
2.1703382,3.8789988,-3.5315189,0.099602476,0.095553704,-0.99042892,0
-1.7493744,3.7965431,0.98622757,-0.13663566,0.98726261,0.081507474,0
-3.3210602,2.5636518,-1.0537744,-0.98560143,-0.12720978,-0.11138984,0
-2.0644364,-4.3036585,-0.79811001,0.13663566,-0.98726261,-0.081507474,0
-1.8685521,-2.671325,3.6604972,-0.099602476,-0.095553704,0.99042892,0
