0.061060429,-4.6886587,1.8508801,-0.23661762,-0.94789869,-0.21330799,0
-2.0856721,-3.1719427,-2.7503605,-0.23661762,-0.94789869,-0.21330799,0
2.6263592,2.9239163,-1.6626587,0.7837072,-0.056435227,-0.61856139,0
-0.82130671,-3.3474064,-2.7729492,-0.23661762,-0.94789869,-0.21330799,0
-0.069408178,2.1080425,4.6020088,-0.7837072,0.056435227,0.61856139,0
0.13940382,-3.2366717,-4.1465917,-0.23661762,-0.94789869,-0.21330799,0
0.78288603,-3.753932,-2.8700719,-0.23661762,-0.94789869,-0.21330799,0
1.1318387,-3.9489388,-2.0570281,-0.23661762,-0.94789869,-0.21330799,0
-3.8835626,0.062212586,-3.0051062,-0.5742954,0.31353354,-0.75622851,0
3.2409194,-3.5006735,2.1350555,0.5742954,-0.31353354,0.75622851,0
4.3347483,-1.4795816,0.73903584,0.7837072,-0.056435227,-0.61856139,0
-2.7948787,2.3345549,1.0287163,-0.7837072,0.056435227,0.61856139,0
2.7304385,0.8173762,4.283216,0.5742954,-0.31353354,0.75622851,0
4.7955675,-0.26386499,2.0925176,0.5742954,-0.31353354,0.75622851,0
-1.4823806,-3.3542988,-2.1179097,-0.23661762,-0.94789869,-0.21330799,0
4.1823659,-0.16780114,2.7321916,0.5742954,-0.31353354,0.75622851,0
2.1560781,4.216608,-1.9750159,0.23661762,0.94789869,0.21330799,0
3.7757947,1.752607,3.7073674,0.5742954,-0.31353354,0.75622851,0
-3.0727177,4.7159667,-1.6081994,-0.5742954,0.31353354,-0.75622851,0
-0.14359033,-1.6887789,-4.7924938,0.7837072,-0.056435227,-0.61856139,0
1.7349757,-3.5590641,3.1421838,0.5742954,-0.31353354,0.75622851,0
2.4368846,3.6535332,-0.5281837,0.23661762,0.94789869,0.21330799,0
-1.3777165,4.9760213,-2.1610942,0.23661762,0.94789869,0.21330799,0
2.7483068,-2.7738719,-1.2624187,0.7837072,-0.056435227,-0.61856139,0
-0.44639897,3.1303258,3.901895,-0.7837072,0.056435227,0.61856139,0
1.1474061,-3.7286713,3.4669428,0.5742954,-0.31353354,0.75622851,0
-3.2734091,-1.8461646,0.82198691,-0.7837072,0.056435227,0.61856139,0
-1.1044154,-1.8084813,-5.855783,-0.5742954,0.31353354,-0.75622851,0
-0.98185527,-0.42705584,3.6574619,-0.7837072,0.056435227,0.61856139,0
1.5019996,-4.6856585,-0.001844883,-0.23661762,-0.94789869,-0.21330799,0
-0.10119677,4.2206063,-4.1138787,-0.5742954,0.31353354,-0.75622851,0
0.072134018,3.334681,4.2017469,0.23661762,0.94789869,0.21330799,0
4.2704291,-0.7251358,2.392138,0.5742954,-0.31353354,0.75622851,0
2.6690302,-5.1216974,1.2402587,-0.23661762,-0.94789869,-0.21330799,0
2.4325964,2.9694638,2.6252446,0.23661762,0.94789869,0.21330799,0
-1.6384439,-3.9487948,3.0592296,-0.7837072,0.056435227,0.61856139,0
0.71789485,0.42590785,5.4991431,0.5742954,-0.31353354,0.75622851,0
4.8555779,2.744719,1.024592,0.7837072,-0.056435227,-0.61856139,0
-4.7050219,0.3261168,-1.2780278,-0.7837072,0.056435227,0.61856139,0
-1.4019523,0.32226706,3.1511722,-0.7837072,0.056435227,0.61856139,0
2.0612955,4.1899815,-2.357404,0.23661762,0.94789869,0.21330799,0
-4.0506477,-1.1516311,-0.055597469,-0.7837072,0.056435227,0.61856139,0
-0.43862283,-0.052694559,4.3071995,-0.7837072,0.056435227,0.61856139,0
-0.89496922,2.7099147,3.376112,-0.7837072,0.056435227,0.61856139,0
0.24766302,-3.2138526,-4.2101016,0.7837072,-0.056435227,-0.61856139,0
1.0926118,4.6591349,-3.1242807,0.23661762,0.94789869,0.21330799,0
-3.5801725,2.6740322,-2.0862482,-0.5742954,0.31353354,-0.75622851,0
-1.6064762,0.30599543,-4.5332646,-0.5742954,0.31353354,-0.75622851,0
-1.1198535,1.414115,3.4289467,-0.7837072,0.056435227,0.61856139,0
4.0087876,-3.0253875,0.44049263,0.7837072,-0.056435227,-0.61856139,0
-2.7696826,1.7742797,-2.9927044,-0.5742954,0.31353354,-0.75622851,0
2.9332926,3.3757544,0.46957868,0.23661762,0.94789869,0.21330799,0
-0.19467354,-4.886889,3.0403397,-0.23661762,-0.94789869,-0.21330799,0
3.1463699,-3.976223,1.8185601,0.5742954,-0.31353354,0.75622851,0
-2.6742222,-3.4374228,-0.46635395,-0.23661762,-0.94789869,-0.21330799,0
4.0874968,0.39158571,2.9718635,0.5742954,-0.31353354,0.75622851,0
-1.7947979,1.0494652,2.3549061,-0.7837072,0.056435227,0.61856139,0
0.21312952,-3.3722973,4.4542561,0.5742954,-0.31353354,0.75622851,0
-4.1790857,3.0077183,-1.6580665,-0.5742954,0.31353354,-0.75622851,0
2.2890158,-4.6120863,-0.35226703,-0.23661762,-0.94789869,-0.21330799,0
-1.4964488,4.7640948,-0.34541631,0.23661762,0.94789869,0.21330799,0
2.1223588,1.9122901,5.2391195,0.5742954,-0.31353354,0.75622851,0
-4.3728285,-2.574477,-2.1149409,-0.23661762,-0.94789869,-0.21330799,0
-0.14032459,4.1175675,0.62364507,0.23661762,0.94789869,0.21330799,0
-4.5844183,2.4972658,-1.3972433,-0.5742954,0.31353354,-0.75622851,0
1.2377644,-1.3272097,-3.2509308,0.7837072,-0.056435227,-0.61856139,0
-1.6853786,0.097227812,2.6662505,-0.7837072,0.056435227,0.61856139,0
-2.3834844,-0.98298311,1.8289509,-0.7837072,0.056435227,0.61856139,0
-0.94003093,2.1532471,3.4118338,-0.7837072,0.056435227,0.61856139,0
-0.98168206,4.2292891,-3.336288,-0.5742954,0.31353354,-0.75622851,0
-3.0046835,4.5547667,0.77635002,-0.7837072,0.056435227,0.61856139,0
-5.4411626,-1.4372859,-2.4575963,-0.5742954,0.31353354,-0.75622851,0
4.067585,2.3585043,0.21325073,0.7837072,-0.056435227,-0.61856139,0
-0.1399951,-4.4756947,0.92698932,-0.23661762,-0.94789869,-0.21330799,0
0.058316588,-0.59796739,4.9716239,-0.7837072,0.056435227,0.61856139,0
-5.4844937,-2.2963481,-1.7546357,-0.7837072,0.056435227,0.61856139,0
-0.83006382,4.7968254,-1.4556482,0.23661762,0.94789869,0.21330799,0
-3.2856045,-2.6378109,-3.1767998,-0.23661762,-0.94789869,-0.21330799,0
1.2622499,3.5632801,1.3884439,0.23661762,0.94789869,0.21330799,0
-1.0111244,-1.1461501,3.7018509,-0.7837072,0.056435227,0.61856139,0
-3.1839824,2.128722,0.77697682,-0.7837072,0.056435227,0.61856139,0
-3.1276004,3.2301221,-2.2641199,-0.5742954,0.31353354,-0.75622851,0
-4.9704771,1.2217867,-1.7934147,-0.5742954,0.31353354,-0.75622851,0
-2.1569037,3.8346953,-2.8134084,-0.5742954,0.31353354,-0.75622851,0
0.95859575,3.6345234,1.7989862,0.23661762,0.94789869,0.21330799,0
0.87827992,-4.8449445,1.6568072,-0.23661762,-0.94789869,-0.21330799,0
-1.452759,2.2282128,2.8491731,-0.7837072,0.056435227,0.61856139,0
-1.9817443,2.8037741,-3.2517333,-0.5742954,0.31353354,-0.75622851,0
-3.1520846,-2.100601,-4.4015913,-0.5742954,0.31353354,-0.75622851,0
4.496726,0.89033186,2.8284712,0.5742954,-0.31353354,0.75622851,0
1.6749767,-0.45773739,4.5867429,0.5742954,-0.31353354,0.75622851,0
-0.25523567,-4.27561,0.43270791,-0.23661762,-0.94789869,-0.21330799,0
-4.8687754,1.2114518,-1.6584623,-0.5742954,0.31353354,-0.75622851,0
-3.9830165,3.6166894,-1.3701453,-0.5742954,0.31353354,-0.75622851,0
1.7270255,3.7538781,0.31304109,0.23661762,0.94789869,0.21330799,0
0.46866727,-4.4353685,0.54459476,-0.23661762,-0.94789869,-0.21330799,0
0.44722611,-1.0123968,-4.1305027,0.7837072,-0.056435227,-0.61856139,0
1.8635643,-4.749732,2.5810173,0.5742954,-0.31353354,0.75622851,0
-2.094372,-0.15561679,-4.4775434,-0.5742954,0.31353354,-0.75622851,0
-2.9603302,2.3728409,-2.5972009,-0.5742954,0.31353354,-0.75622851,0
1.2759153,-2.4612734,-2.9155462,0.7837072,-0.056435227,-0.61856139,0
-1.3823755,-0.51078475,-5.0206494,-0.5742954,0.31353354,-0.75622851,0
-3.7001154,4.5533681,-1.17733,-0.5742954,0.31353354,-0.75622851,0
-4.2464085,2.5012944,-0.64410448,-0.7837072,0.056435227,0.61856139,0
0.16298983,1.1130815,4.8561072,-0.7837072,0.056435227,0.61856139,0
1.9227386,1.9847341,-2.4439192,0.7837072,-0.056435227,-0.61856139,0
-1.2868397,4.5832329,-2.981112,-0.5742954,0.31353354,-0.75622851,0
-4.2399092,-0.071517706,-2.8683817,-0.5742954,0.31353354,-0.75622851,0
3.7814291,2.9884636,1.2996275,0.23661762,0.94789869,0.21330799,0
-1.7296908,-3.3726995,-1.6855776,-0.23661762,-0.94789869,-0.21330799,0
-3.5856919,0.50422239,0.20438677,-0.7837072,0.056435227,0.61856139,0
1.2058358,4.672863,-3.0968866,0.23661762,0.94789869,0.21330799,0
2.7608461,-0.092320919,3.8111596,0.5742954,-0.31353354,0.75622851,0
0.51332855,3.4188173,2.7060418,0.23661762,0.94789869,0.21330799,0
4.9754305,2.4830217,1.8790311,0.23661762,0.94789869,0.21330799,0
-0.12536621,4.2765775,0.35001493,0.23661762,0.94789869,0.21330799,0
1.9455218,-4.6317501,-0.42442322,-0.23661762,-0.94789869,-0.21330799,0
-3.0563943,0.74941826,1.0369049,-0.7837072,0.056435227,0.61856139,0
-2.5564189,0.18544784,-3.8768287,-0.5742954,0.31353354,-0.75622851,0
1.0156448,-2.5332997,4.1289072,0.5742954,-0.31353354,0.75622851,0
0.23277187,4.9039268,-3.0106716,0.23661762,0.94789869,0.21330799,0
-4.9550881,1.0477889,-1.4126805,-0.7837072,0.056435227,0.61856139,0
-1.1239288,-3.7334106,-1.1085972,-0.23661762,-0.94789869,-0.21330799,0
1.243561,-2.5083861,3.9015365,0.5742954,-0.31353354,0.75622851,0
0.32485414,-4.0171647,-0.89554888,-0.23661762,-0.94789869,-0.21330799,0
-2.0105433,-0.25183961,-4.5238833,-0.5742954,0.31353354,-0.75622851,0
-4.6000438,2.2622092,-1.4384731,-0.5742954,0.31353354,-0.75622851,0
4.1918941,0.61399794,3.1471713,0.5742954,-0.31353354,0.75622851,0
2.6449499,-4.8970513,2.0383348,0.5742954,-0.31353354,0.75622851,0
3.665731,-0.85133719,2.7204781,0.5742954,-0.31353354,0.75622851,0
-1.609174,3.9986894,-3.0613632,-0.5742954,0.31353354,-0.75622851,0
-0.39603162,2.5821612,-4.4537325,-0.5742954,0.31353354,-0.75622851,0
3.0935898,3.0442295,1.9548037,0.23661762,0.94789869,0.21330799,0
3.7824211,-3.07092,0.08697176,0.7837072,-0.056435227,-0.61856139,0
0.056337833,-3.7520592,4.3138061,0.5742954,-0.31353354,0.75622851,0
-0.94430935,2.5516863,-4.1657934,-0.5742954,0.31353354,-0.75622851,0
3.5748935,-2.5914009,2.0951664,0.5742954,-0.31353354,0.75622851,0
1.7237732,-2.9518998,3.469558,0.5742954,-0.31353354,0.75622851,0
2.5743632,2.7111857,4.2169075,0.23661762,0.94789869,0.21330799,0
3.9750872,-1.2960114,2.2794862,0.5742954,-0.31353354,0.75622851,0
-4.3283381,-1.0196747,-3.094986,-0.5742954,0.31353354,-0.75622851,0
-4.4072099,0.37375712,-2.3834109,-0.5742954,0.31353354,-0.75622851,0
-0.59369993,4.9878912,-2.9910619,0.23661762,0.94789869,0.21330799,0
1.3698826,3.4998555,2.0351148,0.23661762,0.94789869,0.21330799,0
-3.5767038,2.6769443,-2.113421,-0.5742954,0.31353354,-0.75622851,0
2.8587954,-2.8564999,-0.84582531,0.7837072,-0.056435227,-0.61856139,0
-1.2360572,-2.7553191,-5.452466,-0.23661762,-0.94789869,-0.21330799,0
1.2096505,4.5539517,-2.3969839,0.23661762,0.94789869,0.21330799,0
3.2475815,-2.7398829,2.4189749,0.5742954,-0.31353354,0.75622851,0
2.1751261,-4.3819146,2.4012575,0.5742954,-0.31353354,0.75622851,0
1.2203145,4.0775995,-0.37744617,0.23661762,0.94789869,0.21330799,0
1.7525942,0.72804379,-2.6218767,0.7837072,-0.056435227,-0.61856139,0
-4.6103659,2.681999,-1.3713174,-0.5742954,0.31353354,-0.75622851,0
1.7510359,3.2628627,2.5689569,0.23661762,0.94789869,0.21330799,0
-1.2242477,-2.0407674,-5.9416442,-0.5742954,0.31353354,-0.75622851,0
2.9019086,1.118611,4.2874436,0.5742954,-0.31353354,0.75622851,0
-2.4770844,-0.46456081,-4.371851,-0.5742954,0.31353354,-0.75622851,0
2.6507723,3.0421195,1.8677678,0.23661762,0.94789869,0.21330799,0
0.81738877,-0.73485774,4.9186163,0.5742954,-0.31353354,0.75622851,0
-0.22480488,4.1992655,-3.9544592,-0.5742954,0.31353354,-0.75622851,0
1.9624406,-4.2928495,-1.5280658,-0.23661762,-0.94789869,-0.21330799,0
1.576473,3.573844,1.5838723,0.23661762,0.94789869,0.21330799,0
-0.26061106,-4.7254362,2.8184073,-0.23661762,-0.94789869,-0.21330799,0
-2.4836507,-2.143405,1.8524331,-0.7837072,0.056435227,0.61856139,0
3.7859945,-1.8983324,0.10619867,0.7837072,-0.056435227,-0.61856139,0
3.9474409,1.0408664,0.0830798,0.7837072,-0.056435227,-0.61856139,0
0.55588603,-3.397809,4.1294632,0.5742954,-0.31353354,0.75622851,0
-2.0743463,-0.31975922,-4.607708,-0.5742954,0.31353354,-0.75622851,0
2.7879968,-3.6301818,2.3845866,0.5742954,-0.31353354,0.75622851,0
0.03102386,-0.21649146,-4.7521405,0.7837072,-0.056435227,-0.61856139,0
-0.97895932,4.4395676,0.33407402,0.23661762,0.94789869,0.21330799,0
4.5369034,-1.2665894,1.931293,0.5742954,-0.31353354,0.75622851,0
1.9390898,-2.120749,3.6503835,0.5742954,-0.31353354,0.75622851,0
1.2350185,-4.9807673,1.7667525,-0.23661762,-0.94789869,-0.21330799,0
0.30096245,3.7838266,1.1921309,0.23661762,0.94789869,0.21330799,0
4.825871,2.4117739,1.1046376,0.7837072,-0.056435227,-0.61856139,0
-0.80115414,-4.402617,2.0929117,-0.23661762,-0.94789869,-0.21330799,0
1.1727126,-2.5568881,-3.0003848,0.7837072,-0.056435227,-0.61856139,0
3.9353034,0.69498217,3.231566,0.5742954,-0.31353354,0.75622851,0
5.7843766,1.9398136,2.4858813,0.5742954,-0.31353354,0.75622851,0
0.083475828,0.1559875,4.9721599,-0.7837072,0.056435227,0.61856139,0
-2.2106509,0.62295771,-4.1287394,-0.5742954,0.31353354,-0.75622851,0
4.04565,-1.026804,2.3496575,0.5742954,-0.31353354,0.75622851,0
1.0379474,2.8230691,5.2236652,0.23661762,0.94789869,0.21330799,0
5.401279,2.1048694,1.6539443,0.7837072,-0.056435227,-0.61856139,0
2.6803699,3.335351,0.51359552,0.23661762,0.94789869,0.21330799,0
3.0070066,-0.24724436,-0.97914934,0.7837072,-0.056435227,-0.61856139,0
3.0604649,0.024455547,3.7413938,0.5742954,-0.31353354,0.75622851,0
2.560092,2.8410554,3.0844889,0.23661762,0.94789869,0.21330799,0
-1.8021388,-2.9782012,-3.8869696,-0.23661762,-0.94789869,-0.21330799,0
-2.4476206,0.78873754,1.7058539,-0.7837072,0.056435227,0.61856139,0
3.2514997,-3.6620326,2.064007,0.5742954,-0.31353354,0.75622851,0
-3.322813,-0.098941565,-3.3985748,-0.5742954,0.31353354,-0.75622851,0
2.1316154,3.8828375,-2.5892339,0.7837072,-0.056435227,-0.61856139,0
-0.97004354,-0.98682332,3.7266705,-0.7837072,0.056435227,0.61856139,0
-0.55701274,0.060553551,4.0565248,-0.7837072,0.056435227,0.61856139,0
3.4673471,3.3411665,0.19011515,0.23661762,0.94789869,0.21330799,0
-5.0523734,-2.6638789,-1.6825151,-0.23661762,-0.94789869,-0.21330799,0
-1.3122811,0.66125011,3.0453696,-0.7837072,0.056435227,0.61856139,0
0.70172334,-2.941174,-3.8332295,0.7837072,-0.056435227,-0.61856139,0
-2.8778129,-0.35573944,-3.8580568,-0.5742954,0.31353354,-0.75622851,0
3.4647546,-2.4646399,-0.090167046,0.7837072,-0.056435227,-0.61856139,0
1.248583,0.16483521,-3.2592275,0.7837072,-0.056435227,-0.61856139,0
-4.0655451,1.1298428,-2.5199304,-0.5742954,0.31353354,-0.75622851,0
-1.7530541,-2.6419556,-4.6325159,-0.23661762,-0.94789869,-0.21330799,0
1.4176879,3.8864217,-0.2880348,0.23661762,0.94789869,0.21330799,0
1.2160475,3.3982072,2.5822046,0.23661762,0.94789869,0.21330799,0
-0.81424588,0.8662535,-4.9288726,-0.5742954,0.31353354,-0.75622851,0
-0.74491286,-2.8743494,-5.253675,-0.23661762,-0.94789869,-0.21330799,0
-0.28856397,-1.491032,4.5881867,-0.7837072,0.056435227,0.61856139,0
0.30433393,-3.4166293,4.3451867,0.5742954,-0.31353354,0.75622851,0
3.5065398,-1.4227291,2.6828609,0.5742954,-0.31353354,0.75622851,0
-0.40186036,-1.1047486,4.5820484,-0.7837072,0.056435227,0.61856139,0
1.2157875,-0.91952229,4.6696744,0.5742954,-0.31353354,0.75622851,0
-0.44395691,0.064491749,-5.2965264,0.7837072,-0.056435227,-0.61856139,0
1.9040542,-0.86364675,4.0607038,0.5742954,-0.31353354,0.75622851,0
2.6590786,-3.2910392,-1.2439654,0.7837072,-0.056435227,-0.61856139,0
1.8026266,-4.6911073,2.6126728,0.5742954,-0.31353354,0.75622851,0
1.5986984,-5.1007118,2.2167816,-0.23661762,-0.94789869,-0.21330799,0
0.93833727,0.2224381,-3.6097114,0.7837072,-0.056435227,-0.61856139,0
1.7554471,3.2300444,2.2437901,0.23661762,0.94789869,0.21330799,0
0.65154624,3.6917775,1.2910852,0.23661762,0.94789869,0.21330799,0
-0.47858882,-1.9656551,4.3802385,-0.7837072,0.056435227,0.61856139,0
-0.19095588,-3.334475,-3.2624836,-0.23661762,-0.94789869,-0.21330799,0
-0.58070946,-4.930654,3.4702525,-0.23661762,-0.94789869,-0.21330799,0
-3.6665144,-2.7316134,-2.1055365,-0.23661762,-0.94789869,-0.21330799,0
-0.28155816,0.92573023,-5.259655,0.7837072,-0.056435227,-0.61856139,0
2.376405,0.55065596,4.2431335,0.5742954,-0.31353354,0.75622851,0
0.45514685,0.10860181,-4.3168421,0.7837072,-0.056435227,-0.61856139,0
0.87245631,-3.0459857,4.1261845,0.5742954,-0.31353354,0.75622851,0
0.49495792,3.657367,2.3756175,0.23661762,0.94789869,0.21330799,0
0.88314152,4.8632698,-3.9434519,0.23661762,0.94789869,0.21330799,0
0.37852597,4.03125,0.22586167,0.23661762,0.94789869,0.21330799,0
-1.0010647,1.2907038,-4.6368661,-0.5742954,0.31353354,-0.75622851,0
-0.68506193,-1.3252441,4.123805,-0.7837072,0.056435227,0.61856139,0
0.010307074,-2.5116169,4.9466448,0.5742954,-0.31353354,0.75622851,0
-3.075604,2.6382604,-2.5099387,-0.5742954,0.31353354,-0.75622851,0
-0.12872696,2.8165762,-4.7756758,-0.5742954,0.31353354,-0.75622851,0
2.6919703,3.2075076,1.27494,0.23661762,0.94789869,0.21330799,0
-2.5182199,-1.7297597,-4.6475487,-0.5742954,0.31353354,-0.75622851,0
-4.2543769,-1.132515,-0.33140439,-0.7837072,0.056435227,0.61856139,0
-1.9979854,-2.2637982,-5.4419894,-0.5742954,0.31353354,-0.75622851,0
-5.1635003,-0.6708045,-2.1898737,-0.5742954,0.31353354,-0.75622851,0
3.8273394,-0.83410263,2.5661583,0.5742954,-0.31353354,0.75622851,0
-1.7836659,5.0857105,-1.4299159,0.23661762,0.94789869,0.21330799,0
2.0128782,-3.2676516,3.0287642,0.5742954,-0.31353354,0.75622851,0
-2.2245841,2.9937723,1.6365906,-0.7837072,0.056435227,0.61856139,0
-3.5754812,4.9807978,-1.2015557,-0.5742954,0.31353354,-0.75622851,0
5.5471392,1.7973045,2.0673044,0.7837072,-0.056435227,-0.61856139,0
-2.5625944,-0.26813656,-4.0543623,-0.5742954,0.31353354,-0.75622851,0
3.3175552,-5.3663979,1.0624301,-0.23661762,-0.94789869,-0.21330799,0
0.58834076,4.217617,-4.4194317,0.7837072,-0.056435227,-0.61856139,0
4.926023,0.51775551,2.5536401,0.5742954,-0.31353354,0.75622851,0
0.95633316,0.51023006,5.460474,0.5742954,-0.31353354,0.75622851,0
4.7276206,2.6915882,1.9851538,0.23661762,0.94789869,0.21330799,0
-2.4923487,4.6268992,1.137354,0.23661762,0.94789869,0.21330799,0
2.0850911,0.94628143,-2.3049161,0.7837072,-0.056435227,-0.61856139,0
3.4724109,-5.1793022,0.12021399,-0.23661762,-0.94789869,-0.21330799,0
1.4612682,-1.98944,-2.9786258,0.7837072,-0.056435227,-0.61856139,0
-2.2346678,1.7311817,-3.4416065,-0.5742954,0.31353354,-0.75622851,0
-4.7847886,-0.58841801,-2.4344764,-0.5742954,0.31353354,-0.75622851,0
2.7130628,1.0128527,4.190496,0.5742954,-0.31353354,0.75622851,0
-4.1165199,3.7670846,-0.55179882,-0.7837072,0.056435227,0.61856139,0
-4.2667904,-1.146211,-3.1240664,-0.5742954,0.31353354,-0.75622851,0
-2.5652332,4.4287014,1.2134439,-0.7837072,0.056435227,0.61856139,0
-5.2633252,-0.12026644,-1.8800204,-0.7837072,0.056435227,0.61856139,0
-1.341238,-4.3369594,1.669576,-0.23661762,-0.94789869,-0.21330799,0
-3.2621815,3.2102468,0.51445627,-0.7837072,0.056435227,0.61856139,0
-1.2816143,-3.4916487,-1.8401489,-0.23661762,-0.94789869,-0.21330799,0
2.7415395,1.9983662,4.6126099,0.5742954,-0.31353354,0.75622851,0
2.9276493,-1.2003927,3.2915711,0.5742954,-0.31353354,0.75622851,0
0.22134471,3.8501565,1.7604334,0.23661762,0.94789869,0.21330799,0
-1.4336818,-2.5144124,-5.8109832,-0.5742954,0.31353354,-0.75622851,0
2.2551999,4.033874,-2.3727481,0.7837072,-0.056435227,-0.61856139,0
4.0834908,0.33904028,0.17964458,0.7837072,-0.056435227,-0.61856139,0
-0.98681295,0.6268661,-5.0125427,-0.5742954,0.31353354,-0.75622851,0
-3.8180614,4.3569198,-1.1849513,-0.5742954,0.31353354,-0.75622851,0
-4.4114456,-1.677387,-3.1691611,-0.5742954,0.31353354,-0.75622851,0
-4.9890766,0.84090352,-1.8310843,-0.5742954,0.31353354,-0.75622851,0
-1.0754629,0.082374692,-5.1659026,-0.5742954,0.31353354,-0.75622851,0
-1.7222941,-1.326616,2.7698572,-0.7837072,0.056435227,0.61856139,0
0.76052094,4.4075046,-1.9289038,0.23661762,0.94789869,0.21330799,0
-5.1116538,-1.108465,-1.4122338,-0.7837072,0.056435227,0.61856139,0
-4.5065346,0.33748341,-0.98714608,-0.7837072,0.056435227,0.61856139,0
-4.2200871,4.1233788,-0.96540642,-0.5742954,0.31353354,-0.75622851,0
3.7753997,-3.6283836,1.6015518,0.5742954,-0.31353354,0.75622851,0
1.8602226,2.9725368,3.6678114,0.23661762,0.94789869,0.21330799,0
-2.2888603,4.0750346,-2.5429909,-0.5742954,0.31353354,-0.75622851,0
1.9484866,-4.6848154,0.02690196,-0.23661762,-0.94789869,-0.21330799,0
4.9150915,1.834972,1.0690424,0.7837072,-0.056435227,-0.61856139,0
1.4655315,0.082784653,-2.9779146,0.7837072,-0.056435227,-0.61856139,0
0.43209875,-3.1858079,-3.9379187,0.7837072,-0.056435227,-0.61856139,0
-2.9910116,-2.4970798,-4.2627516,-0.23661762,-0.94789869,-0.21330799,0
1.1434517,3.2025881,3.5379634,0.23661762,0.94789869,0.21330799,0
-1.8774672,-3.6538391,-0.28707814,-0.23661762,-0.94789869,-0.21330799,0
3.9049461,-5.4173727,0.76504517,0.5742954,-0.31353354,0.75622851,0
2.853056,2.2140718,4.6634202,0.5742954,-0.31353354,0.75622851,0
1.3808125,-0.6073643,4.5244551,0.5742954,-0.31353354,0.75622851,0
3.7665954,2.9598768,1.539068,0.23661762,0.94789869,0.21330799,0
-0.60649872,-4.5779223,2.4458246,-0.23661762,-0.94789869,-0.21330799,0
3.2892327,-3.2779436,-0.44919848,0.7837072,-0.056435227,-0.61856139,0
-0.34880114,-4.6395464,4.3042293,0.5742954,-0.31353354,0.75622851,0
-1.1381485,0.54536033,-4.9089584,-0.5742954,0.31353354,-0.75622851,0
-2.3781004,1.937502,-3.3473749,-0.5742954,0.31353354,-0.75622851,0
3.5895643,-2.2127018,2.3634315,0.5742954,-0.31353354,0.75622851,0
0.30669379,-2.349097,4.6675897,0.5742954,-0.31353354,0.75622851,0
-2.1181726,-3.054764,-2.4588559,-0.23661762,-0.94789869,-0.21330799,0
-0.23381093,1.7799661,4.3774862,-0.7837072,0.056435227,0.61856139,0
3.8702388,-4.4419861,1.1069613,0.5742954,-0.31353354,0.75622851,0
1.1181829,-4.0973506,3.475337,0.5742954,-0.31353354,0.75622851,0
4.8477225,0.35172725,2.4759421,0.5742954,-0.31353354,0.75622851,0
-1.0084115,2.3384213,-4.2996912,-0.5742954,0.31353354,-0.75622851,0
-0.60459852,-5.0513449,4.2972608,-0.23661762,-0.94789869,-0.21330799,0
2.0556242,-1.6432585,3.6116457,0.5742954,-0.31353354,0.75622851,0
1.6357808,2.0784023,-2.8563025,0.7837072,-0.056435227,-0.61856139,0
-1.375613,-3.9094388,0.43982077,-0.23661762,-0.94789869,-0.21330799,0
-4.7753987,1.0557396,-1.8955337,-0.5742954,0.31353354,-0.75622851,0
-3.0011847,-1.0829351,1.2212459,-0.7837072,0.056435227,0.61856139,0
-2.047648,2.6489687,-3.3548059,-0.5742954,0.31353354,-0.75622851,0
5.6008997,1.3290803,2.223542,0.7837072,-0.056435227,-0.61856139,0
-2.1349673,0.12567759,2.0726895,-0.7837072,0.056435227,0.61856139,0
-2.2709656,3.081666,1.7264962,-0.7837072,0.056435227,0.61856139,0
0.08735466,4.2665448,0.1181705,0.23661762,0.94789869,0.21330799,0
1.9845749,1.4287043,5.0085707,0.5742954,-0.31353354,0.75622851,0
-0.75328565,4.6719451,-3.5507467,-0.5742954,0.31353354,-0.75622851,0
2.9329054,-0.15235138,-1.1617765,0.7837072,-0.056435227,-0.61856139,0
2.2942569,3.0609577,2.5028763,0.23661762,0.94789869,0.21330799,0
-0.24570513,-4.6378131,4.1820183,0.5742954,-0.31353354,0.75622851,0
-2.8636079,4.290967,0.77325249,-0.7837072,0.056435227,0.61856139,0
-3.9608107,5.3421812,-0.70259404,0.23661762,0.94789869,0.21330799,0
-1.0965049,-3.7045188,3.6859877,-0.7837072,0.056435227,0.61856139,0
1.9207476,-4.5126209,-0.63474488,-0.23661762,-0.94789869,-0.21330799,0
4.3531694,2.3717256,3.5773432,0.5742954,-0.31353354,0.75622851,0
1.5847018,2.6485467,-3.090117,0.7837072,-0.056435227,-0.61856139,0
2.7252581,0.33606386,-1.2771027,0.7837072,-0.056435227,-0.61856139,0
3.2031579,-1.8710028,2.7418694,0.5742954,-0.31353354,0.75622851,0
1.9365909,3.4661746,1.52727,0.23661762,0.94789869,0.21330799,0
3.7495198,-3.654088,1.7188163,0.5742954,-0.31353354,0.75622851,0
-0.81361634,-0.12654352,3.7143588,-0.7837072,0.056435227,0.61856139,0
4.6694603,1.1192801,0.95679653,0.7837072,-0.056435227,-0.61856139,0
3.8367641,-1.6832006,2.3996763,0.5742954,-0.31353354,0.75622851,0
-0.50834274,4.7532601,-1.5198131,0.23661762,0.94789869,0.21330799,0
-3.0563014,0.75836194,-3.2469265,-0.5742954,0.31353354,-0.75622851,0
1.50203,1.062266,-3.0243595,0.7837072,-0.056435227,-0.61856139,0
-4.2744627,-1.9988837,-0.47222692,-0.7837072,0.056435227,0.61856139,0
-1.073504,1.5705229,-4.4715152,-0.5742954,0.31353354,-0.75622851,0
-2.8881485,-2.3559229,-4.6779985,-0.23661762,-0.94789869,-0.21330799,0
-4.2896032,-0.99983513,-3.0847602,-0.5742954,0.31353354,-0.75622851,0
-2.3033233,-2.8124311,-3.3371863,-0.23661762,-0.94789869,-0.21330799,0
-4.2303128,1.5091789,-2.2278948,-0.5742954,0.31353354,-0.75622851,0
-2.1584103,-1.9545465,2.2237759,-0.7837072,0.056435227,0.61856139,0
1.5303607,4.3854423,-2.8324757,0.23661762,0.94789869,0.21330799,0
1.8645631,-3.5793264,3.1472206,0.5742954,-0.31353354,0.75622851,0
-2.5390468,-3.1233234,-1.6972673,-0.23661762,-0.94789869,-0.21330799,0
4.9903722,1.0664966,2.6321452,0.5742954,-0.31353354,0.75622851,0
1.7102242,2.7661872,4.2058215,0.23661762,0.94789869,0.21330799,0
0.12374496,4.5582104,-1.9648159,0.23661762,0.94789869,0.21330799,0
-3.052948,-3.4106421,-0.57058573,-0.23661762,-0.94789869,-0.21330799,0
-2.0499685,5.0611849,-1.6698139,0.23661762,0.94789869,0.21330799,0
2.2060125,3.8172879,-1.0773965,0.23661762,0.94789869,0.21330799,0
-3.6679757,-1.6886567,-3.7737455,-0.5742954,0.31353354,-0.75622851,0
3.5243838,-4.0748873,1.6044474,0.5742954,-0.31353354,0.75622851,0
-2.448334,3.2838128,1.6023591,-0.7837072,0.056435227,0.61856139,0
0.82178366,2.4742637,5.5805902,-0.7837072,0.056435227,0.61856139,0
1.515316,-3.880748,3.105118,0.5742954,-0.31353354,0.75622851,0
-2.8519592,3.632159,0.87659717,-0.7837072,0.056435227,0.61856139,0
-3.9743249,-1.5892026,-3.4753263,-0.5742954,0.31353354,-0.75622851,0
2.8292398,-4.860877,-0.52155113,-0.23661762,-0.94789869,-0.21330799,0
3.2279329,3.0284548,1.6973355,0.23661762,0.94789869,0.21330799,0
-3.5540085,-2.6786132,-2.8699059,-0.23661762,-0.94789869,-0.21330799,0
3.4242463,-3.5728378,1.9023066,0.5742954,-0.31353354,0.75622851,0
-0.48302937,-4.487608,1.3365699,-0.23661762,-0.94789869,-0.21330799,0
0.74047279,3.2525373,3.7804494,0.23661762,0.94789869,0.21330799,0
2.9127822,-0.42177832,3.6129305,0.5742954,-0.31353354,0.75622851,0
2.5809319,-4.8149853,2.0839019,0.5742954,-0.31353354,0.75622851,0
-0.7785145,-0.039545655,-5.3591404,-0.5742954,0.31353354,-0.75622851,0
-3.7552934,-2.8812776,-1.9268882,-0.23661762,-0.94789869,-0.21330799,0
0.84033632,1.6037339,5.828301,-0.7837072,0.056435227,0.61856139,0
-1.5797668,-2.1040683,3.0783305,-0.7837072,0.056435227,0.61856139,0
-3.6712284,4.7407002,-1.1949224,-0.5742954,0.31353354,-0.75622851,0
2.5218413,-4.8277559,-0.14422679,-0.23661762,-0.94789869,-0.21330799,0
0.098156542,0.73049092,4.7686205,-0.7837072,0.056435227,0.61856139,0
-3.7331927,-1.2842122,-3.7107053,-0.5742954,0.31353354,-0.75622851,0
-3.7984247,-2.32989,-4.1205158,-0.5742954,0.31353354,-0.75622851,0
-0.074955225,3.4298189,-4.4884491,-0.5742954,0.31353354,-0.75622851,0
-2.3871381,3.0474906,-2.8292837,-0.5742954,0.31353354,-0.75622851,0
0.0047564507,-3.6427279,-2.7889676,-0.23661762,-0.94789869,-0.21330799,0
0.25856209,3.5905871,2.564795,0.23661762,0.94789869,0.21330799,0
2.2939773,-0.54050076,3.8878119,0.5742954,-0.31353354,0.75622851,0
1.2086524,1.2118207,5.4653873,0.5742954,-0.31353354,0.75622851,0
4.1073246,-3.7190259,0.68114281,0.7837072,-0.056435227,-0.61856139,0
-3.5048203,-3.1127563,-0.86350226,-0.23661762,-0.94789869,-0.21330799,0
2.7381096,3.7460306,-0.69876564,0.23661762,0.94789869,0.21330799,0
-3.802772,0.85915089,0.066785991,-0.7837072,0.056435227,0.61856139,0
-4.3842983,0.73344827,-2.2864552,-0.5742954,0.31353354,-0.75622851,0
-4.9507151,-1.8652607,-3.0240223,-0.5742954,0.31353354,-0.75622851,0
-3.2088807,5.0363073,0.0086970329,0.23661762,0.94789869,0.21330799,0
-3.1394808,-3.1747043,-0.90738297,-0.23661762,-0.94789869,-0.21330799,0
2.8990867,2.6371427,-1.3300385,0.7837072,-0.056435227,-0.61856139,0
2.1335626,1.0618609,4.8300085,0.5742954,-0.31353354,0.75622851,0
0.078417897,2.9553571,4.5536413,-0.7837072,0.056435227,0.61856139,0
-2.5777507,0.52141875,-3.8912773,-0.5742954,0.31353354,-0.75622851,0
2.105351,-4.7798409,0.58695412,-0.23661762,-0.94789869,-0.21330799,0
3.6588974,-1.9977746,2.2156987,0.5742954,-0.31353354,0.75622851,0
1.5628229,0.70172888,5.0821571,0.5742954,-0.31353354,0.75622851,0
-2.0570579,-0.33242822,2.2561784,-0.7837072,0.056435227,0.61856139,0
5.0439076,-0.00552845,1.9931481,0.5742954,-0.31353354,0.75622851,0
3.9123764,-0.02650857,2.9188843,0.5742954,-0.31353354,0.75622851,0
3.9297669,-0.042103291,-0.0081018209,0.7837072,-0.056435227,-0.61856139,0
2.8939207,1.2208805,4.3645263,0.5742954,-0.31353354,0.75622851,0
1.8741063,0.86507714,-2.5191174,0.7837072,-0.056435227,-0.61856139,0
1.6906502,-4.5765562,2.7881603,0.5742954,-0.31353354,0.75622851,0
1.963115,4.0438776,-2.6375935,0.7837072,-0.056435227,-0.61856139,0
1.4694717,-3.9807096,-2.6145353,-0.23661762,-0.94789869,-0.21330799,0
-1.371151,4.2180519,1.9931893,0.23661762,0.94789869,0.21330799,0
0.09397006,-3.6373224,-2.9136274,-0.23661762,-0.94789869,-0.21330799,0
-4.1427541,3.5166733,-0.56118202,-0.7837072,0.056435227,0.61856139,0
4.2520337,-3.63485,1.3009434,0.5742954,-0.31353354,0.75622851,0
4.2790613,-0.2877636,0.49466485,0.7837072,-0.056435227,-0.61856139,0
4.0564232,-0.77308488,2.5391924,0.5742954,-0.31353354,0.75622851,0
1.9785691,-1.437411,3.7819252,0.5742954,-0.31353354,0.75622851,0
-5.0463705,-2.3603215,-3.0881011,-0.23661762,-0.94789869,-0.21330799,0
3.9283829,-1.0782459,2.650485,0.5742954,-0.31353354,0.75622851,0
0.60205197,-4.0783529,-1.0048485,-0.23661762,-0.94789869,-0.21330799,0
0.22400379,4.1304936,-0.018173575,0.23661762,0.94789869,0.21330799,0
3.7018423,1.9672828,3.8651488,0.5742954,-0.31353354,0.75622851,0
1.4333501,2.6086659,5.7006216,0.23661762,0.94789869,0.21330799,0
-0.26057816,-4.4136915,4.4346738,0.5742954,-0.31353354,0.75622851,0
0.47777894,-1.5752335,-4.2540517,0.7837072,-0.056435227,-0.61856139,0
-5.0043793,-1.264302,-2.7543688,-0.5742954,0.31353354,-0.75622851,0
3.695899,-3.453373,1.6014082,0.5742954,-0.31353354,0.75622851,0
-0.30993605,-3.1977429,4.8756561,-0.7837072,0.056435227,0.61856139,0
4.8479795,-1.3165784,1.6600662,0.5742954,-0.31353354,0.75622851,0
1.8466439,3.8047366,-0.099288821,0.23661762,0.94789869,0.21330799,0
-2.4969597,-3.9136329,1.7065039,-0.23661762,-0.94789869,-0.21330799,0
0.1452167,-3.4939384,-3.7053537,-0.23661762,-0.94789869,-0.21330799,0
0.031588674,-2.0393732,-4.7105813,0.7837072,-0.056435227,-0.61856139,0
3.3175983,1.1122761,-0.859604,0.7837072,-0.056435227,-0.61856139,0
-2.1407576,-3.0946083,-2.2029591,-0.23661762,-0.94789869,-0.21330799,0
5.2827516,2.185039,2.7921445,0.23661762,0.94789869,0.21330799,0
-0.7834146,3.0969374,3.4444411,-0.7837072,0.056435227,0.61856139,0
1.298111,-4.6427703,0.52687144,-0.23661762,-0.94789869,-0.21330799,0
1.8771837,0.54968649,4.8588152,0.5742954,-0.31353354,0.75622851,0
-2.3606763,0.96078753,-3.7377596,-0.5742954,0.31353354,-0.75622851,0
-2.8539159,4.1260986,-2.0439763,-0.5742954,0.31353354,-0.75622851,0
3.11024,3.5769911,-0.31272376,0.23661762,0.94789869,0.21330799,0
-3.9631002,5.1035843,-0.81126642,-0.5742954,0.31353354,-0.75622851,0
1.137635,4.1717873,-1.4853973,0.23661762,0.94789869,0.21330799,0
-1.3805799,-4.2962132,1.7487556,-0.23661762,-0.94789869,-0.21330799,0
3.8887122,-4.845541,0.57656741,0.7837072,-0.056435227,-0.61856139,0
1.7840246,2.6079862,5.4568577,0.23661762,0.94789869,0.21330799,0
-3.4426775,-1.5584934,-4.0926113,-0.5742954,0.31353354,-0.75622851,0
-2.5967262,-3.2937779,-1.4491829,-0.23661762,-0.94789869,-0.21330799,0
-0.81068158,-4.2220302,0.68752885,-0.23661762,-0.94789869,-0.21330799,0
-4.8865805,-2.6695664,-1.627466,-0.23661762,-0.94789869,-0.21330799,0
-0.93496585,2.1482847,3.5078864,-0.7837072,0.056435227,0.61856139,0
2.6662905,3.8038061,-1.3320247,0.23661762,0.94789869,0.21330799,0
1.8164225,-0.48142219,-2.4403534,0.7837072,-0.056435227,-0.61856139,0
-1.5663645,-2.5237365,3.0987289,-0.7837072,0.056435227,0.61856139,0
-2.6766152,4.3681173,-2.170965,-0.5742954,0.31353354,-0.75622851,0
-0.85498762,4.9962621,-2.156523,0.23661762,0.94789869,0.21330799,0
-4.0745497,0.58685493,-2.687108,-0.5742954,0.31353354,-0.75622851,0
2.7783313,2.3627203,4.7795444,0.5742954,-0.31353354,0.75622851,0
-3.6859574,-1.1526501,-3.7347574,-0.5742954,0.31353354,-0.75622851,0
0.15588367,-0.73697126,5.2622128,-0.7837072,0.056435227,0.61856139,0
1.3713055,-3.9468746,3.2095828,0.5742954,-0.31353354,0.75622851,0
2.446959,-2.6639185,-1.4065393,0.7837072,-0.056435227,-0.61856139,0
1.2518449,4.4015055,-1.9457555,0.23661762,0.94789869,0.21330799,0
-3.5476613,5.2631559,-0.5091126,0.23661762,0.94789869,0.21330799,0
5.373487,2.442481,2.2097054,0.23661762,0.94789869,0.21330799,0
-4.7671509,1.5609355,-1.1874146,-0.7837072,0.056435227,0.61856139,0
-4.3394451,-2.2943325,-0.27970648,-0.7837072,0.056435227,0.61856139,0
0.43502128,-2.5990493,-3.9394414,0.7837072,-0.056435227,-0.61856139,0
2.0823216,4.2985883,-2.5407209,0.7837072,-0.056435227,-0.61856139,0
0.019198775,-1.1444882,4.9111967,-0.7837072,0.056435227,0.61856139,0
2.527348,-2.2495811,-1.3137085,0.7837072,-0.056435227,-0.61856139,0
-1.3334835,-4.1632261,1.3256547,-0.23661762,-0.94789869,-0.21330799,0
3.0602183,-4.0195131,-0.72726297,0.7837072,-0.056435227,-0.61856139,0
-4.0072446,-1.80383,-3.6988778,-0.5742954,0.31353354,-0.75622851,0
-4.3948393,0.93674445,-2.3232307,-0.5742954,0.31353354,-0.75622851,0
-3.2978432,-3.4478192,-0.08195138,-0.23661762,-0.94789869,-0.21330799,0
-0.66372836,0.9159404,-5.0989032,-0.5742954,0.31353354,-0.75622851,0
-0.50339723,4.0531449,1.6219091,0.23661762,0.94789869,0.21330799,0
2.2941229,-4.0491042,-1.5362844,0.7837072,-0.056435227,-0.61856139,0
-0.30131018,-2.3965533,-5.0122252,0.7837072,-0.056435227,-0.61856139,0
-4.5301771,-1.9168081,-3.2012987,-0.5742954,0.31353354,-0.75622851,0
-2.2723942,4.0493469,1.5609004,-0.7837072,0.056435227,0.61856139,0
-0.45594811,4.5958118,-1.5697289,0.23661762,0.94789869,0.21330799,0
0.14458275,-5.0949292,3.5480287,-0.23661762,-0.94789869,-0.21330799,0
2.9692268,-1.5790644,-0.88256139,0.7837072,-0.056435227,-0.61856139,0
-0.65275109,-3.0855732,-4.0709672,-0.23661762,-0.94789869,-0.21330799,0
1.1252459,-3.0070133,-3.2040579,0.7837072,-0.056435227,-0.61856139,0
-2.466893,4.7281866,0.55012321,0.23661762,0.94789869,0.21330799,0
-1.447193,2.5938702,-3.8505437,-0.5742954,0.31353354,-0.75622851,0
-0.78437889,3.722445,3.3269534,0.23661762,0.94789869,0.21330799,0
2.2392116,-4.0814319,2.5248966,0.5742954,-0.31353354,0.75622851,0
0.4919157,3.7636316,1.0217291,0.23661762,0.94789869,0.21330799,0
-0.026790023,3.1363504,4.3842573,0.23661762,0.94789869,0.21330799,0
1.1172248,-3.1854544,-3.1275201,0.7837072,-0.056435227,-0.61856139,0
2.035522,1.2131165,-2.4144256,0.7837072,-0.056435227,-0.61856139,0
3.0474086,-1.945838,-0.80832857,0.7837072,-0.056435227,-0.61856139,0
-1.7561731,-1.6692575,-5.2399769,-0.5742954,0.31353354,-0.75622851,0
0.19247365,3.312345,4.0781488,0.23661762,0.94789869,0.21330799,0
-1.9616417,1.015909,-3.9289176,-0.5742954,0.31353354,-0.75622851,0
2.2753284,-1.6985948,-1.6620123,0.7837072,-0.056435227,-0.61856139,0
4.413074,1.6730638,3.3733761,0.5742954,-0.31353354,0.75622851,0
1.548939,2.5883276,5.7282228,0.5742954,-0.31353354,0.75622851,0
2.791667,-5.2587075,1.2961409,-0.23661762,-0.94789869,-0.21330799,0
-3.1120996,1.0878119,0.80940771,-0.7837072,0.056435227,0.61856139,0
1.3210316,1.3791167,5.6199985,0.5742954,-0.31353354,0.75622851,0
-0.28038108,2.1094441,4.4038162,-0.7837072,0.056435227,0.61856139,0
-0.15455633,0.20813048,-5.1806479,0.7837072,-0.056435227,-0.61856139,0
2.5829654,1.0224278,-1.5345957,0.7837072,-0.056435227,-0.61856139,0
-0.51295125,1.1759169,-5.0564194,-0.5742954,0.31353354,-0.75622851,0
-3.2995782,-1.3561952,0.85185093,-0.7837072,0.056435227,0.61856139,0
-5.1520977,-1.889752,-2.7747669,-0.5742954,0.31353354,-0.75622851,0
3.9783697,-4.053998,1.170012,0.5742954,-0.31353354,0.75622851,0
0.65760911,2.9410658,5.1076961,0.23661762,0.94789869,0.21330799,0
-3.2208061,1.8381188,0.52038419,-0.7837072,0.056435227,0.61856139,0
3.5463393,2.4041872,3.871901,0.23661762,0.94789869,0.21330799,0
1.8454529,-0.7756027,4.197567,0.5742954,-0.31353354,0.75622851,0
-3.2883682,-0.56555462,-3.7972589,-0.5742954,0.31353354,-0.75622851,0
-5.0868454,-0.082367659,-1.4399372,-0.7837072,0.056435227,0.61856139,0
-5.2567735,-1.301892,-1.7339042,-0.7837072,0.056435227,0.61856139,0
3.9180162,2.9361341,1.453907,0.23661762,0.94789869,0.21330799,0
4.8012199,-0.42554402,1.3385398,0.7837072,-0.056435227,-0.61856139,0
1.3654115,3.7188814,1.0568032,0.23661762,0.94789869,0.21330799,0
-0.22059608,-2.5363832,4.7126327,-0.7837072,0.056435227,0.61856139,0
0.72064686,4.1466928,-4.2031221,0.7837072,-0.056435227,-0.61856139,0
-1.7999492,-0.21830153,2.4554291,-0.7837072,0.056435227,0.61856139,0
2.2465107,3.553319,0.83361256,0.23661762,0.94789869,0.21330799,0
1.8859065,3.1277785,2.9923687,0.23661762,0.94789869,0.21330799,0
-1.0293524,-3.5787506,-1.8222888,-0.23661762,-0.94789869,-0.21330799,0
3.1481602,1.3587997,4.0898933,0.5742954,-0.31353354,0.75622851,0
-4.8424902,-0.81131411,-2.4920797,-0.5742954,0.31353354,-0.75622851,0
-1.3520315,4.5814595,0.29029012,0.23661762,0.94789869,0.21330799,0
-4.3694086,-2.573607,-2.0034862,-0.23661762,-0.94789869,-0.21330799,0
3.9228566,-5.3686304,0.73112583,0.5742954,-0.31353354,0.75622851,0
1.8085139,1.6700169,-2.8673394,0.7837072,-0.056435227,-0.61856139,0
1.7091359,2.8556776,4.5022035,0.23661762,0.94789869,0.21330799,0
-2.3527844,1.0430679,-3.8484793,-0.5742954,0.31353354,-0.75622851,0
0.93096602,-0.39285851,5.0749698,0.5742954,-0.31353354,0.75622851,0
-1.7868152,-3.7197635,-0.34800804,-0.23661762,-0.94789869,-0.21330799,0
0.32740116,-4.0220585,-1.5775024,-0.23661762,-0.94789869,-0.21330799,0
-1.0856493,4.2070208,-3.3935127,-0.5742954,0.31353354,-0.75622851,0
0.65299392,-0.96058178,5.0044951,0.5742954,-0.31353354,0.75622851,0
4.4084454,2.5804594,2.6453445,0.23661762,0.94789869,0.21330799,0
0.47856492,-0.20865488,-4.1410098,0.7837072,-0.056435227,-0.61856139,0
0.90203929,3.5163419,1.7571521,0.23661762,0.94789869,0.21330799,0
1.5645611,0.89131773,-3.0228336,0.7837072,-0.056435227,-0.61856139,0
-1.3139374,-3.9850931,0.27234364,-0.23661762,-0.94789869,-0.21330799,0
-2.9236631,-0.75932169,1.0915077,-0.7837072,0.056435227,0.61856139,0
-0.93841386,-1.7965142,3.6914105,-0.7837072,0.056435227,0.61856139,0
-0.67565799,2.4802718,-4.3061152,-0.5742954,0.31353354,-0.75622851,0
-0.79022408,-3.597326,-1.4398541,-0.23661762,-0.94789869,-0.21330799,0
-1.1079888,4.2277093,1.3049814,0.23661762,0.94789869,0.21330799,0
1.478641,3.1093397,-3.2937937,0.7837072,-0.056435227,-0.61856139,0
-1.3909614,-0.54007173,3.220628,-0.7837072,0.056435227,0.61856139,0
-0.69033694,-3.7209094,-1.7101939,-0.23661762,-0.94789869,-0.21330799,0
1.0606029,-4.2565727,-0.95461571,-0.23661762,-0.94789869,-0.21330799,0
2.0834329,-4.870914,0.73859692,-0.23661762,-0.94789869,-0.21330799,0
1.036244,0.13102579,5.1597476,0.5742954,-0.31353354,0.75622851,0
-3.527966,2.3672438,-2.2847128,-0.5742954,0.31353354,-0.75622851,0
-0.89271188,-3.3575666,3.9909096,-0.7837072,0.056435227,0.61856139,0
2.1083584,3.2510986,2.307961,0.23661762,0.94789869,0.21330799,0
-1.957005,-2.8165026,-3.7991278,-0.23661762,-0.94789869,-0.21330799,0
1.7653446,-0.93524933,4.2567229,0.5742954,-0.31353354,0.75622851,0
3.606504,-2.4721096,2.1453586,0.5742954,-0.31353354,0.75622851,0
-2.2999749,2.7021708,-2.9759958,-0.5742954,0.31353354,-0.75622851,0
-1.4805672,4.3653736,-3.0204251,-0.5742954,0.31353354,-0.75622851,0
1.9375901,2.8611753,3.8312225,0.23661762,0.94789869,0.21330799,0
-3.1392446,-1.2327534,0.82726336,-0.7837072,0.056435227,0.61856139,0
-0.92719543,-2.6986804,-5.6899619,0.7837072,-0.056435227,-0.61856139,0
-1.1818571,-4.1995997,3.6489453,-0.7837072,0.056435227,0.61856139,0
-1.8883753,3.1658556,2.083828,-0.7837072,0.056435227,0.61856139,0
2.7752373,2.7415032,3.5322201,0.23661762,0.94789869,0.21330799,0
0.10943389,-4.1279893,-0.23900044,-0.23661762,-0.94789869,-0.21330799,0
-3.4884567,0.70655012,-3.0280478,-0.5742954,0.31353354,-0.75622851,0
2.8688498,2.3969595,-1.3597353,0.7837072,-0.056435227,-0.61856139,0
2.9106276,-0.14762092,-1.0653555,0.7837072,-0.056435227,-0.61856139,0
1.543124,0.050735712,-3.058569,0.7837072,-0.056435227,-0.61856139,0
-3.7325912,0.85107362,-2.8138862,-0.5742954,0.31353354,-0.75622851,0
0.94729543,3.4022048,3.0500605,0.23661762,0.94789869,0.21330799,0
4.010942,-4.7100401,0.73082137,0.7837072,-0.056435227,-0.61856139,0
-2.9811041,4.0025368,0.7277956,-0.7837072,0.056435227,0.61856139,0
2.0660782,-0.67823195,-2.278476,0.7837072,-0.056435227,-0.61856139,0
4.0031815,2.6355343,2.503809,0.23661762,0.94789869,0.21330799,0
0.62511516,-2.8246305,4.2080402,0.5742954,-0.31353354,0.75622851,0
1.2706609,2.3234835,-3.4113221,0.7837072,-0.056435227,-0.61856139,0
