2.8374856,0.50306749,3.7211895,0.032444715,-0.31178707,0.94959784,0
-0.36664176,2.0714591,-3.0596209,-0.032444715,0.31178707,-0.94959784,0
-2.8005667,1.5942008,1.014505,-0.99110359,0.11266422,0.070854396,0
-3.3135791,-1.8018801,-2.4079888,-0.99110359,0.11266422,0.070854396,0
-0.66418743,-0.35073578,-3.8361204,-0.032444715,0.31178707,-0.94959784,0
3.2436688,-0.28731477,2.7284634,0.99110359,-0.11266422,-0.070854396,0
2.7546885,-4.0500641,1.3547372,0.99110359,-0.11266422,-0.070854396,0
-1.045788,-3.3162422,2.5589049,0.032444715,-0.31178707,0.94959784,0
-3.2447009,-1.6065586,0.75187325,-0.99110359,0.11266422,0.070854396,0
-2.2621462,0.15491724,3.8072705,0.032444715,-0.31178707,0.94959784,0
-1.5661414,2.8851485,3.4873233,0.12907717,0.94344866,0.30535793,0
-3.0787535,-2.8241172,-1.7541828,-0.12907717,-0.94344866,-0.30535793,0
1.6092324,0.12173796,-3.6879499,-0.032444715,0.31178707,-0.94959784,0
-2.7505317,1.9253845,1.5782348,-0.99110359,0.11266422,0.070854396,0
-2.7003798,2.9555235,1.2151998,-0.99110359,0.11266422,0.070854396,0
-1.0685183,3.7174525,-2.3821156,-0.032444715,0.31178707,-0.94959784,0
1.4503791,2.6304955,-2.8216619,-0.032444715,0.31178707,-0.94959784,0
0.22098875,-0.80576909,-3.9920931,-0.032444715,0.31178707,-0.94959784,0
-3.1401868,-2.3376913,2.9391134,-0.99110359,0.11266422,0.070854396,0
1.2014766,4.2140512,-2.3620505,-0.032444715,0.31178707,-0.94959784,0
-0.96269768,4.1931796,-1.0962889,0.12907717,0.94344866,0.30535793,0
-3.1707239,-1.9385037,0.81084418,-0.99110359,0.11266422,0.070854396,0
1.9780331,-3.7066438,2.3523831,0.032444715,-0.31178707,0.94959784,0
-2.2580252,-2.8135552,-1.8693128,-0.12907717,-0.94344866,-0.30535793,0
2.7066092,-3.9101713,0.94666898,0.99110359,-0.11266422,-0.070854396,0
3.1486611,-0.29531908,2.6799815,0.99110359,-0.11266422,-0.070854396,0
0.81734324,-3.9383764,2.4093254,0.032444715,-0.31178707,0.94959784,0
-2.9950905,0.15933871,1.5043623,-0.99110359,0.11266422,0.070854396,0
-2.8304658,1.8959644,-0.21116209,-0.99110359,0.11266422,0.070854396,0
1.7854322,-2.0685902,2.8726525,0.032444715,-0.31178707,0.94959784,0
2.6948659,-1.9877242,-0.092904806,0.99110359,-0.11266422,-0.070854396,0
2.8223815,-2.9041681,2.1264312,0.99110359,-0.11266422,-0.070854396,0
2.841469,-2.0101459,1.5550808,0.99110359,-0.11266422,-0.070854396,0
-2.3365855,3.2352118,2.4525104,0.12907717,0.94344866,0.30535793,0
-0.7094965,3.426013,1.1295841,0.12907717,0.94344866,0.30535793,0
-2.8099449,3.7023256,-2.0719283,-0.99110359,0.11266422,0.070854396,0
2.1500809,-4.182744,0.4237051,-0.12907717,-0.94344866,-0.30535793,0
-2.8989873,-0.5529604,2.9266295,-0.99110359,0.11266422,0.070854396,0
3.4300144,3.6015673,-1.1799622,0.99110359,-0.11266422,-0.070854396,0
-2.2467871,-0.68724859,-3.8552332,-0.032444715,0.31178707,-0.94959784,0
1.1513572,1.0839031,-3.4476738,-0.032444715,0.31178707,-0.94959784,0
0.53286779,4.1157708,-2.3864834,-0.032444715,0.31178707,-0.94959784,0
-2.9928157,-0.24839544,-0.36424351,-0.99110359,0.11266422,0.070854396,0
-2.935972,1.3759662,-0.91519248,-0.99110359,0.11266422,0.070854396,0
1.2841754,3.7977881,-0.80981588,0.12907717,0.94344866,0.30535793,0
-0.96112275,-0.89325845,-3.8524687,-0.032444715,0.31178707,-0.94959784,0
-2.7214565,-0.38322926,3.5991802,0.032444715,-0.31178707,0.94959784,0
0.28158283,-3.0840609,-2.000191,-0.12907717,-0.94344866,-0.30535793,0
-1.8248496,-2.2052023,2.9563026,0.032444715,-0.31178707,0.94959784,0
0.92966247,2.5602686,3.4611454,0.12907717,0.94344866,0.30535793,0
2.8668888,-0.76056099,-1.6810329,0.99110359,-0.11266422,-0.070854396,0
1.3827064,3.1927395,0.90530229,0.12907717,0.94344866,0.30535793,0
-0.71119106,4.2588329,-2.3673711,-0.032444715,0.31178707,-0.94959784,0
2.6334598,-0.68830776,-4.0784664,-0.032444715,0.31178707,-0.94959784,0
1.7851262,2.3563712,3.658484,0.12907717,0.94344866,0.30535793,0
-0.34949744,-3.3019388,-1.269352,-0.12907717,-0.94344866,-0.30535793,0
2.3914623,2.6232908,-2.987525,-0.032444715,0.31178707,-0.94959784,0
2.853286,-1.2158113,-0.51181298,0.99110359,-0.11266422,-0.070854396,0
-2.8555503,-1.0699838,-3.9460869,-0.032444715,0.31178707,-0.94959784,0
2.5829716,-3.2591515,-1.9571717,0.99110359,-0.11266422,-0.070854396,0
3.2194271,-0.53380138,3.2950981,0.99110359,-0.11266422,-0.070854396,0
0.76996779,-2.71984,-3.1440578,-0.12907717,-0.94344866,-0.30535793,0
2.6988168,-0.14542341,-3.2530599,0.99110359,-0.11266422,-0.070854396,0
3.3231652,2.7894473,1.7058406,0.12907717,0.94344866,0.30535793,0
-2.8866649,1.4415725,-3.2013931,-0.032444715,0.31178707,-0.94959784,0
-0.34197712,3.6388276,0.65505266,0.12907717,0.94344866,0.30535793,0
1.1132915,-3.9574671,0.26034641,-0.12907717,-0.94344866,-0.30535793,0
-3.1662583,0.27967763,-2.6573925,-0.99110359,0.11266422,0.070854396,0
2.4566967,2.9513075,1.4573669,0.12907717,0.94344866,0.30535793,0
3.1952322,0.87033677,1.8695259,0.99110359,-0.11266422,-0.070854396,0
-1.2150617,2.9189239,3.2823186,0.12907717,0.94344866,0.30535793,0
2.8332262,-2.1657534,0.89893532,0.99110359,-0.11266422,-0.070854396,0
1.9772601,3.0523419,1.0890245,0.12907717,0.94344866,0.30535793,0
-1.69104,0.81746864,4.0801458,0.032444715,-0.31178707,0.94959784,0
-1.0126828,-3.0609803,-1.5120969,-0.12907717,-0.94344866,-0.30535793,0
-1.4165308,3.2257347,-2.5743787,-0.032444715,0.31178707,-0.94959784,0
2.8457527,3.8615532,-1.7731504,0.12907717,0.94344866,0.30535793,0
2.298862,3.0092928,1.3148232,0.12907717,0.94344866,0.30535793,0
-2.6355705,2.9106417,-0.087746501,-0.99110359,0.11266422,0.070854396,0
2.3097086,3.4949315,-0.6010828,0.12907717,0.94344866,0.30535793,0
0.99909782,-2.5166311,2.8402636,0.032444715,-0.31178707,0.94959784,0
3.1731033,1.8686738,-0.6925509,0.99110359,-0.11266422,-0.070854396,0
2.7622504,-3.5551956,2.223022,0.99110359,-0.11266422,-0.070854396,0
-2.5277152,-3.1112216,2.7194836,0.032444715,-0.31178707,0.94959784,0
-1.5638418,0.44663763,3.8371043,0.032444715,-0.31178707,0.94959784,0
-2.8090932,3.2121673,-1.4963071,-0.99110359,0.11266422,0.070854396,0
-0.93610668,1.937205,-3.0680804,-0.032444715,0.31178707,-0.94959784,0
-2.0365405,3.8208036,0.50610948,0.12907717,0.94344866,0.30535793,0
0.028059483,1.5875561,-3.1133389,-0.032444715,0.31178707,-0.94959784,0
-0.21807289,2.5078015,3.8685825,0.12907717,0.94344866,0.30535793,0
0.70554042,-1.3095196,3.1585526,0.032444715,-0.31178707,0.94959784,0
2.5710523,-2.5541241,-1.991065,0.99110359,-0.11266422,-0.070854396,0
1.7402309,-4.3584971,2.1820376,0.032444715,-0.31178707,0.94959784,0
0.26201487,-0.45064712,-3.8707166,-0.032444715,0.31178707,-0.94959784,0
-2.6070023,1.4730494,-3.0410557,-0.032444715,0.31178707,-0.94959784,0
3.1796868,2.0002382,4.0087814,0.12907717,0.94344866,0.30535793,0
-1.119182,3.9290938,-0.11317945,0.12907717,0.94344866,0.30535793,0
-3.0671196,0.62323546,-0.70073986,-0.99110359,0.11266422,0.070854396,0
-0.066997506,-3.9173241,0.59195852,-0.12907717,-0.94344866,-0.30535793,0
0.9279778,0.58063388,-3.5403943,-0.032444715,0.31178707,-0.94959784,0
-0.56604767,-3.1121202,-1.698607,-0.12907717,-0.94344866,-0.30535793,0
1.3096027,-2.0142355,-4.4306469,-0.032444715,0.31178707,-0.94959784,0
0.10142469,1.2145269,4.0163412,0.032444715,-0.31178707,0.94959784,0
-0.65478444,2.9464378,2.419348,0.12907717,0.94344866,0.30535793,0
3.0967183,0.88397896,3.9478257,0.032444715,-0.31178707,0.94959784,0
-0.94948411,-0.53429836,-3.7324133,-0.032444715,0.31178707,-0.94959784,0
1.6230738,-3.1501863,-2.2460766,-0.12907717,-0.94344866,-0.30535793,0
-2.3580627,-2.7869997,-2.0627337,-0.12907717,-0.94344866,-0.30535793,0
-1.6801944,1.2297758,-3.3064196,-0.032444715,0.31178707,-0.94959784,0
-3.0706587,-1.1563654,1.6101079,-0.99110359,0.11266422,0.070854396,0
2.5630944,-2.9187458,2.568846,0.032444715,-0.31178707,0.94959784,0
-0.86081386,-3.3017278,2.5758924,0.032444715,-0.31178707,0.94959784,0
-2.5696654,-2.9425976,-1.1978846,-0.12907717,-0.94344866,-0.30535793,0
1.7118177,-3.1964097,-2.3669302,-0.12907717,-0.94344866,-0.30535793,0
1.2841249,3.3528767,0.23888683,0.12907717,0.94344866,0.30535793,0
-1.7605872,2.1500437,4.503161,0.032444715,-0.31178707,0.94959784,0
2.7185323,-0.99674988,-3.0210185,0.99110359,-0.11266422,-0.070854396,0
-1.8895466,0.39694786,3.8691735,0.032444715,-0.31178707,0.94959784,0
2.8008499,-0.2138598,-1.7087293,0.99110359,-0.11266422,-0.070854396,0
2.2018645,1.5290413,-3.1774902,-0.032444715,0.31178707,-0.94959784,0
-3.0876069,-2.5376191,3.0497215,0.032444715,-0.31178707,0.94959784,0
-3.0922122,-4.0348587,2.394135,-0.12907717,-0.94344866,-0.30535793,0
-0.68926811,0.66711617,4.0129962,0.032444715,-0.31178707,0.94959784,0
-2.7897956,-2.1068547,3.1330965,0.032444715,-0.31178707,0.94959784,0
2.8035464,-1.5174065,-1.2494266,0.99110359,-0.11266422,-0.070854396,0
1.6722782,-0.27098036,-3.7882013,-0.032444715,0.31178707,-0.94959784,0
0.94380939,4.0266218,-1.3602591,0.12907717,0.94344866,0.30535793,0
2.499243,3.247216,0.50982714,0.12907717,0.94344866,0.30535793,0
-2.6691327,2.1822467,0.68326348,-0.99110359,0.11266422,0.070854396,0
-2.2752614,-1.2194817,3.3702784,0.032444715,-0.31178707,0.94959784,0
-2.4801214,2.3960917,4.29039,-0.99110359,0.11266422,0.070854396,0
2.1272831,0.023661107,3.6608348,0.032444715,-0.31178707,0.94959784,0
-1.1954329,-3.4387412,-0.63836527,-0.12907717,-0.94344866,-0.30535793,0
1.7100334,-1.0428888,3.3584003,0.032444715,-0.31178707,0.94959784,0
0.87770343,0.52348948,-3.5387754,-0.032444715,0.31178707,-0.94959784,0
2.3869333,0.73581433,-3.540899,-0.032444715,0.31178707,-0.94959784,0
0.2128284,-2.7814078,-2.667264,-0.12907717,-0.94344866,-0.30535793,0
2.1499789,0.041432381,-3.7049417,-0.032444715,0.31178707,-0.94959784,0
2.7372913,-1.6325438,2.975929,0.032444715,-0.31178707,0.94959784,0
-2.7207735,0.63954592,2.9484003,-0.99110359,0.11266422,0.070854396,0
2.052433,2.5975671,2.7616131,0.12907717,0.94344866,0.30535793,0
-1.8519228,1.5661734,-3.008049,-0.032444715,0.31178707,-0.94959784,0
-0.41038549,-3.9799461,0.72691607,-0.12907717,-0.94344866,-0.30535793,0
-3.2829101,-2.2378845,-3.3938053,-0.12907717,-0.94344866,-0.30535793,0
2.5981956,-0.64490175,-3.9024868,-0.032444715,0.31178707,-0.94959784,0
-3.3972538,-1.5588617,-2.1488309,-0.99110359,0.11266422,0.070854396,0
0.97608209,-3.6548176,2.3477151,0.032444715,-0.31178707,0.94959784,0
2.9821997,1.0883605,-1.0423424,0.99110359,-0.11266422,-0.070854396,0
-3.0517628,-1.3559481,-3.9629991,-0.032444715,0.31178707,-0.94959784,0
3.0180647,2.8739948,-2.8705359,-0.032444715,0.31178707,-0.94959784,0
-3.2929981,-0.59184188,-3.795676,-0.032444715,0.31178707,-0.94959784,0
-1.3535674,2.7795582,3.716166,0.12907717,0.94344866,0.30535793,0
1.0589411,3.7428331,-0.46179533,0.12907717,0.94344866,0.30535793,0
3.0711064,-0.1557017,3.6212165,0.032444715,-0.31178707,0.94959784,0
-3.2911158,-1.3630478,-0.50150156,-0.99110359,0.11266422,0.070854396,0
0.79462528,-2.3504653,2.9131095,0.032444715,-0.31178707,0.94959784,0
2.5596445,-2.1456912,-3.1925023,0.99110359,-0.11266422,-0.070854396,0
2.2440472,-3.239924,-2.2221022,-0.12907717,-0.94344866,-0.30535793,0
1.0606704,-3.546536,-0.67366266,-0.12907717,-0.94344866,-0.30535793,0
2.8719425,-0.95399296,0.46446556,0.99110359,-0.11266422,-0.070854396,0
2.8102348,-2.6362846,0.70425677,0.99110359,-0.11266422,-0.070854396,0
0.21754122,-2.0787802,3.0586002,0.032444715,-0.31178707,0.94959784,0
0.32696652,1.2228891,-3.2755694,-0.032444715,0.31178707,-0.94959784,0
-3.1057494,-0.75849438,0.70751929,-0.99110359,0.11266422,0.070854396,0
-0.38713789,-2.9039629,2.7883451,0.032444715,-0.31178707,0.94959784,0
0.47229981,1.7562194,-3.0415301,-0.032444715,0.31178707,-0.94959784,0
3.2875044,2.238621,-1.1115143,0.99110359,-0.11266422,-0.070854396,0
2.5948033,-4.004508,-0.40955877,-0.12907717,-0.94344866,-0.30535793,0
-2.9649625,1.5957558,-2.7470226,-0.99110359,0.11266422,0.070854396,0
-1.1113169,3.9265835,-0.45647645,0.12907717,0.94344866,0.30535793,0
0.45052576,-2.5470576,-3.8935897,-0.12907717,-0.94344866,-0.30535793,0
-3.378376,-2.2436593,-1.5706964,-0.99110359,0.11266422,0.070854396,0
-0.53481269,-2.1366825,3.0681512,0.032444715,-0.31178707,0.94959784,0
-3.205503,-3.3661907,2.3197398,-0.99110359,0.11266422,0.070854396,0
-1.7394751,2.6373737,-2.8572879,-0.032444715,0.31178707,-0.94959784,0
-2.9297106,2.2547469,-2.6010242,-0.99110359,0.11266422,0.070854396,0
2.7227561,-1.6643302,-1.2066145,0.99110359,-0.11266422,-0.070854396,0
-1.918605,-3.1332369,-1.297648,-0.12907717,-0.94344866,-0.30535793,0
-2.9183159,-1.6234446,-4.1525183,-0.032444715,0.31178707,-0.94959784,0
1.2274932,3.7548687,-2.4543521,-0.032444715,0.31178707,-0.94959784,0
1.4542172,0.60940909,3.8014913,0.032444715,-0.31178707,0.94959784,0
2.5303941,-3.614677,-1.4581873,-0.12907717,-0.94344866,-0.30535793,0
2.729459,3.6717157,-0.94662285,0.12907717,0.94344866,0.30535793,0
3.0973988,1.8502371,-1.8938611,0.99110359,-0.11266422,-0.070854396,0
2.9115374,-2.2238209,2.2015002,0.99110359,-0.11266422,-0.070854396,0
3.0218339,0.40012598,0.42723918,0.99110359,-0.11266422,-0.070854396,0
1.1712667,2.9606705,1.6639748,0.12907717,0.94344866,0.30535793,0
-1.0635574,-4.0974751,2.3547585,0.032444715,-0.31178707,0.94959784,0
-2.9420714,-2.5175836,-2.3938477,-0.12907717,-0.94344866,-0.30535793,0
2.9666703,1.4530258,-2.2798195,0.99110359,-0.11266422,-0.070854396,0
-0.80679417,-0.97850704,3.3770499,0.032444715,-0.31178707,0.94959784,0
0.60911775,-4.418911,2.2661071,0.032444715,-0.31178707,0.94959784,0
-1.3411875,-2.8035035,-2.2884703,-0.12907717,-0.94344866,-0.30535793,0
-3.3193746,-2.0014105,-0.89613986,-0.99110359,0.11266422,0.070854396,0
-2.4541786,0.61769032,-3.3258815,-0.032444715,0.31178707,-0.94959784,0
3.1465516,1.9699663,3.8649321,0.12907717,0.94344866,0.30535793,0
2.6899557,2.5957992,2.5358446,0.12907717,0.94344866,0.30535793,0
-2.8035791,-0.32534885,3.3987105,-0.99110359,0.11266422,0.070854396,0
2.8570409,-1.3094931,0.18381184,0.99110359,-0.11266422,-0.070854396,0
1.6515472,-4.6850243,2.168649,0.032444715,-0.31178707,0.94959784,0
-3.1245942,-2.5416367,1.5371192,-0.99110359,0.11266422,0.070854396,0
-2.2281237,3.0142565,3.1268754,0.12907717,0.94344866,0.30535793,0
-0.011492729,-2.762423,-3.1355968,-0.12907717,-0.94344866,-0.30535793,0
0.11135769,-3.2220888,-1.2808003,-0.12907717,-0.94344866,-0.30535793,0
0.9882499,-3.5027137,-0.92119098,-0.12907717,-0.94344866,-0.30535793,0
2.0487735,-3.9239488,-0.0078923702,-0.12907717,-0.94344866,-0.30535793,0
-2.5001678,4.3529501,-0.90496802,0.12907717,0.94344866,0.30535793,0
-1.2899709,-3.8866141,1.2994311,-0.12907717,-0.94344866,-0.30535793,0
-3.0413733,-1.267653,1.5253,-0.99110359,0.11266422,0.070854396,0
0.60533762,3.9199164,-1.1281118,0.12907717,0.94344866,0.30535793,0
-0.49130934,-3.6027839,-0.16243696,-0.12907717,-0.94344866,-0.30535793,0
-0.81349611,2.6843095,3.7370191,0.12907717,0.94344866,0.30535793,0
-1.5799388,-4.3039665,2.3963394,0.032444715,-0.31178707,0.94959784,0
-0.95363736,1.446081,-3.1442137,-0.032444715,0.31178707,-0.94959784,0
1.4022936,4.1743293,-2.4633391,-0.032444715,0.31178707,-0.94959784,0
-1.1701933,-4.109489,1.5464194,-0.12907717,-0.94344866,-0.30535793,0
-3.2598162,0.09102416,-2.3246026,-0.99110359,0.11266422,0.070854396,0
-3.5453503,-1.6238678,-3.5529706,-0.99110359,0.11266422,0.070854396,0
-2.6580558,-3.2288167,2.8194969,0.032444715,-0.31178707,0.94959784,0
-1.2170975,-2.4061055,-3.243154,-0.12907717,-0.94344866,-0.30535793,0
2.2091432,-2.3600063,-4.5342617,-0.032444715,0.31178707,-0.94959784,0
0.8860271,-1.624842,3.2158122,0.032444715,-0.31178707,0.94959784,0
-2.2126386,-0.85406613,3.4017327,0.032444715,-0.31178707,0.94959784,0
1.5342228,3.6572745,-0.73956251,0.12907717,0.94344866,0.30535793,0
2.1176236,-2.6082711,-4.1103358,-0.12907717,-0.94344866,-0.30535793,0
2.0241225,2.414896,3.0271866,0.12907717,0.94344866,0.30535793,0
2.2095933,-3.7640979,-0.50888729,-0.12907717,-0.94344866,-0.30535793,0
-2.0631323,-1.9872136,-4.3448439,-0.032444715,0.31178707,-0.94959784,0
1.2573042,-2.0781345,-4.3363109,-0.032444715,0.31178707,-0.94959784,0
3.3675699,0.2366612,3.1896305,0.99110359,-0.11266422,-0.070854396,0
-2.6072636,3.8067007,-0.12992406,-0.99110359,0.11266422,0.070854396,0
-2.5178115,4.3912997,-1.0776052,0.12907717,0.94344866,0.30535793,0
-2.4216056,2.816834,-2.767128,-0.032444715,0.31178707,-0.94959784,0
3.1221275,0.25355339,0.82463956,0.99110359,-0.11266422,-0.070854396,0
1.3496265,-0.49832034,-3.9574494,-0.032444715,0.31178707,-0.94959784,0
3.5041597,1.3040321,3.8140035,0.99110359,-0.11266422,-0.070854396,0
2.0908706,-2.872004,2.7428551,0.032444715,-0.31178707,0.94959784,0
-3.3593717,-2.2821834,-2.6997721,-0.12907717,-0.94344866,-0.30535793,0
2.6748462,-0.39230824,-3.4346213,0.99110359,-0.11266422,-0.070854396,0
-1.232316,0.21096444,3.8388457,0.032444715,-0.31178707,0.94959784,0
3.0632939,1.3093507,-0.59380746,0.99110359,-0.11266422,-0.070854396,0
-0.46068096,2.9055543,2.4926367,0.12907717,0.94344866,0.30535793,0
-2.9042828,-4.0885897,2.5395365,0.032444715,-0.31178707,0.94959784,0
0.39388967,-0.15826023,3.6582861,0.032444715,-0.31178707,0.94959784,0
-3.2893252,-2.7898927,0.40539265,-0.99110359,0.11266422,0.070854396,0
3.3287518,0.76472974,2.7877171,0.99110359,-0.11266422,-0.070854396,0
-3.1887088,-1.640574,0.40947533,-0.99110359,0.11266422,0.070854396,0
-2.7300179,2.045155,0.77779067,-0.99110359,0.11266422,0.070854396,0
0.52207351,0.1790868,3.6975532,0.032444715,-0.31178707,0.94959784,0
-2.9377713,-1.7523718,2.9024787,-0.99110359,0.11266422,0.070854396,0
-2.782582,-3.1232741,-0.52071524,-0.12907717,-0.94344866,-0.30535793,0
-2.0630519,3.4663024,1.6580784,0.12907717,0.94344866,0.30535793,0
2.4280643,-2.5967648,-3.126081,0.99110359,-0.11266422,-0.070854396,0
2.783617,-3.5525351,1.5578082,0.99110359,-0.11266422,-0.070854396,0
-2.3034711,3.0572915,3.2616863,0.12907717,0.94344866,0.30535793,0
-0.07495904,-2.1036856,3.0380814,0.032444715,-0.31178707,0.94959784,0
2.8886755,-0.79983592,0.74494851,0.99110359,-0.11266422,-0.070854396,0
-0.78928554,3.3701007,-2.5870037,-0.032444715,0.31178707,-0.94959784,0
-2.3981867,4.1048193,-0.032450199,0.12907717,0.94344866,0.30535793,0
-2.4857082,3.683084,0.77784657,-0.99110359,0.11266422,0.070854396,0
-2.0307074,-4.1644106,2.0530391,-0.12907717,-0.94344866,-0.30535793,0
-1.0897501,1.4739786,-3.102387,-0.032444715,0.31178707,-0.94959784,0
2.6425707,4.0685096,-2.3384018,0.12907717,0.94344866,0.30535793,0
-3.3853419,-1.9830409,-3.7943597,-0.12907717,-0.94344866,-0.30535793,0
-3.3480048,-1.0259798,-1.6333549,-0.99110359,0.11266422,0.070854396,0
-1.160776,-3.5339065,2.5270555,0.032444715,-0.31178707,0.94959784,0
1.8216448,0.6271556,3.8500564,0.032444715,-0.31178707,0.94959784,0
-3.2354074,-2.4215615,1.8623703,-0.99110359,0.11266422,0.070854396,0
1.2010226,-4.4171395,1.4147797,-0.12907717,-0.94344866,-0.30535793,0
3.1748705,2.2602491,-1.5890949,0.99110359,-0.11266422,-0.070854396,0
2.7326591,-3.398124,2.5232649,0.032444715,-0.31178707,0.94959784,0
3.4742775,2.7856021,0.63386488,0.99110359,-0.11266422,-0.070854396,0
-3.448391,-1.9621587,-3.3305731,-0.99110359,0.11266422,0.070854396,0
1.7232006,-0.33427143,-3.8618598,-0.032444715,0.31178707,-0.94959784,0
-3.2168694,-0.66802943,-2.9503846,-0.99110359,0.11266422,0.070854396,0
3.2328448,0.305704,2.6079044,0.99110359,-0.11266422,-0.070854396,0
2.9522905,2.3682914,3.1082773,0.12907717,0.94344866,0.30535793,0
1.5716945,2.9940038,1.4740262,0.12907717,0.94344866,0.30535793,0
-3.0931544,-2.3463774,2.4575658,-0.99110359,0.11266422,0.070854396,0
2.7490625,-3.1431451,0.61829484,0.99110359,-0.11266422,-0.070854396,0
-1.8093965,-2.1733665,-3.8418136,-0.12907717,-0.94344866,-0.30535793,0
-2.4859941,2.0314751,3.5357366,-0.99110359,0.11266422,0.070854396,0
-1.4730229,-2.0732405,-4.4170055,-0.032444715,0.31178707,-0.94959784,0
2.9081123,-0.46911883,-1.8281199,0.99110359,-0.11266422,-0.070854396,0
-1.3270779,-0.025903583,-3.5537543,-0.032444715,0.31178707,-0.94959784,0
3.3842564,2.473562,0.44199181,0.99110359,-0.11266422,-0.070854396,0
3.0335813,-1.1362048,1.1951674,0.99110359,-0.11266422,-0.070854396,0
-2.8933673,1.9511384,-2.9808002,-0.032444715,0.31178707,-0.94959784,0
2.8228025,-2.6183538,-0.075476408,0.99110359,-0.11266422,-0.070854396,0
-1.2294521,-2.4020877,-3.5616822,-0.12907717,-0.94344866,-0.30535793,0
3.3715091,2.1868119,3.4068084,0.12907717,0.94344866,0.30535793,0
2.4060166,-2.9505188,-3.2135832,-0.12907717,-0.94344866,-0.30535793,0
-2.792978,2.1980414,0.64328951,-0.99110359,0.11266422,0.070854396,0
2.7559857,-3.3314221,1.177627,0.99110359,-0.11266422,-0.070854396,0
-2.9134617,-1.6802305,-4.1184902,-0.032444715,0.31178707,-0.94959784,0
-3.1096442,-2.7082796,-1.6740756,-0.12907717,-0.94344866,-0.30535793,0
-1.1104369,-1.2833352,3.3046405,0.032444715,-0.31178707,0.94959784,0
-2.6069961,2.589911,0.96422869,-0.99110359,0.11266422,0.070854396,0
-1.0747207,3.7359817,0.60863996,0.12907717,0.94344866,0.30535793,0
-2.6806121,3.589808,0.46921468,-0.99110359,0.11266422,0.070854396,0
-0.97681093,-2.4230423,-3.430912,-0.12907717,-0.94344866,-0.30535793,0
-2.412956,2.9764967,3.3183742,-0.99110359,0.11266422,0.070854396,0
-2.0141883,-2.3424556,-3.6860847,-0.12907717,-0.94344866,-0.30535793,0
0.10772109,-3.0868886,-2.1789956,-0.12907717,-0.94344866,-0.30535793,0
1.1440947,3.0308332,-2.7331388,-0.032444715,0.31178707,-0.94959784,0
1.6608118,3.8425553,-1.1829348,0.12907717,0.94344866,0.30535793,0
1.5779047,-0.67832828,3.4225659,0.032444715,-0.31178707,0.94959784,0
-0.20976877,-1.0563844,-4.0121913,-0.032444715,0.31178707,-0.94959784,0
0.86870819,-3.7192748,-0.46330237,-0.12907717,-0.94344866,-0.30535793,0
1.3663114,4.0512228,-2.3054569,-0.032444715,0.31178707,-0.94959784,0
2.9589477,0.0066168308,-0.30270886,0.99110359,-0.11266422,-0.070854396,0
-1.4752784,3.9082968,-0.21766591,0.12907717,0.94344866,0.30535793,0
-0.84882855,2.3060765,-2.8005817,-0.032444715,0.31178707,-0.94959784,0
-2.172085,-1.9908383,-4.3371344,-0.032444715,0.31178707,-0.94959784,0
0.38012958,3.0414968,-2.6188698,-0.032444715,0.31178707,-0.94959784,0
-3.0073409,0.57384562,0.73382413,-0.99110359,0.11266422,0.070854396,0
2.8971226,0.84010744,-3.2423067,0.99110359,-0.11266422,-0.070854396,0
-1.3402128,-2.0053985,-4.3787766,-0.032444715,0.31178707,-0.94959784,0
2.5029724,-3.5162225,-1.3214561,0.99110359,-0.11266422,-0.070854396,0
3.3094611,1.9510492,0.52046299,0.99110359,-0.11266422,-0.070854396,0
0.040006876,3.5749676,-2.4106121,-0.032444715,0.31178707,-0.94959784,0
3.2998221,2.4221463,-0.77216363,0.99110359,-0.11266422,-0.070854396,0
-2.7809415,2.9868581,-2.3092699,-0.99110359,0.11266422,0.070854396,0
-0.60860562,0.075401306,3.6641469,0.032444715,-0.31178707,0.94959784,0
0.69093084,3.1855984,1.0942743,0.12907717,0.94344866,0.30535793,0
-2.877001,0.74176717,1.1894004,-0.99110359,0.11266422,0.070854396,0
-2.0293264,-1.0465554,-3.8567555,-0.032444715,0.31178707,-0.94959784,0
0.74047828,3.5407181,-2.4766412,-0.032444715,0.31178707,-0.94959784,0
-2.1064141,3.4806938,1.8727244,0.12907717,0.94344866,0.30535793,0
-0.91513729,-1.7066867,3.1473076,0.032444715,-0.31178707,0.94959784,0
0.64553905,-3.0008907,-2.7152183,-0.12907717,-0.94344866,-0.30535793,0
-2.0903299,-1.7933843,3.0903003,0.032444715,-0.31178707,0.94959784,0
0.56548023,-1.2350346,3.2293396,0.032444715,-0.31178707,0.94959784,0
-2.8856637,1.3811005,-3.1242125,-0.032444715,0.31178707,-0.94959784,0
-2.8933647,-3.7343011,2.5017557,0.032444715,-0.31178707,0.94959784,0
-3.2599616,-2.6424286,0.7137723,-0.99110359,0.11266422,0.070854396,0
-1.671195,-3.5943618,0.33048487,-0.12907717,-0.94344866,-0.30535793,0
2.1992426,-2.185425,-4.5141926,-0.032444715,0.31178707,-0.94959784,0
2.2460523,4.1985049,-2.2220168,0.12907717,0.94344866,0.30535793,0
3.3032548,3.1040184,-1.3059573,0.99110359,-0.11266422,-0.070854396,0
1.1926938,3.0525322,-2.7304568,-0.032444715,0.31178707,-0.94959784,0
3.222522,0.89175463,0.90017605,0.99110359,-0.11266422,-0.070854396,0
-2.7400389,3.2879858,-1.1893452,-0.99110359,0.11266422,0.070854396,0
-1.6208141,0.84776092,-3.2606599,-0.032444715,0.31178707,-0.94959784,0
1.5500662,3.0894413,1.110033,0.12907717,0.94344866,0.30535793,0
2.8183999,1.5281454,4.155982,0.032444715,-0.31178707,0.94959784,0
-2.3979189,3.3727465,-2.4539833,-0.032444715,0.31178707,-0.94959784,0
-3.0730495,-1.18624,-0.045908689,-0.99110359,0.11266422,0.070854396,0
-2.3700454,-1.8457996,-4.2965078,-0.032444715,0.31178707,-0.94959784,0
2.4893501,-4.2966709,0.75081897,-0.12907717,-0.94344866,-0.30535793,0
-0.24499989,3.2795286,1.6260102,0.12907717,0.94344866,0.30535793,0
1.8806727,-4.0978556,0.68369007,-0.12907717,-0.94344866,-0.30535793,0
0.97011399,0.33323765,-3.6348872,-0.032444715,0.31178707,-0.94959784,0
-1.7187788,-0.38422227,3.6384435,0.032444715,-0.31178707,0.94959784,0
1.6682358,-2.3199024,-4.5952487,-0.032444715,0.31178707,-0.94959784,0
-2.8413382,-0.66579294,2.9524369,-0.99110359,0.11266422,0.070854396,0
1.7857716,-0.29505229,-3.8362136,-0.032444715,0.31178707,-0.94959784,0
-2.5798514,1.4013116,-3.2006645,-0.032444715,0.31178707,-0.94959784,0
0.076271534,2.4669695,3.8220096,0.12907717,0.94344866,0.30535793,0
-0.14520097,3.2537377,1.6294806,0.12907717,0.94344866,0.30535793,0
1.7847517,2.9973164,-2.6924109,-0.032444715,0.31178707,-0.94959784,0
-2.3053749,0.63551348,-3.4183996,-0.032444715,0.31178707,-0.94959784,0
2.8968573,-3.2118237,2.440552,0.99110359,-0.11266422,-0.070854396,0
2.4469905,-2.6287539,-4.3823147,-0.12907717,-0.94344866,-0.30535793,0
3.4620178,1.7842212,2.2628369,0.99110359,-0.11266422,-0.070854396,0
-3.2026987,-2.9601474,-0.90349197,-0.12907717,-0.94344866,-0.30535793,0
2.8641269,2.2618358,-2.9414666,-0.032444715,0.31178707,-0.94959784,0
-0.52013087,4.3583074,-2.0177093,0.12907717,0.94344866,0.30535793,0
-1.7503214,2.627851,4.2794256,0.12907717,0.94344866,0.30535793,0
0.74868584,-1.8888361,-4.3715515,-0.032444715,0.31178707,-0.94959784,0
-0.90147161,-3.3913465,-0.85868907,-0.12907717,-0.94344866,-0.30535793,0
-2.5015039,-3.6460173,2.6146653,0.032444715,-0.31178707,0.94959784,0
1.1539714,2.8802176,2.0774894,0.12907717,0.94344866,0.30535793,0
3.0853968,-1.1451244,3.2585957,0.032444715,-0.31178707,0.94959784,0
-2.2527318,3.9088578,-2.2410989,-0.032444715,0.31178707,-0.94959784,0
1.4853065,-0.85583138,3.3686435,0.032444715,-0.31178707,0.94959784,0
-1.1552632,2.978375,2.6709595,0.12907717,0.94344866,0.30535793,0
-1.5899669,2.6671808,-2.8292756,-0.032444715,0.31178707,-0.94959784,0
-2.9953265,-0.47091293,0.90597773,-0.99110359,0.11266422,0.070854396,0
3.2390299,1.8513856,-0.66466641,0.99110359,-0.11266422,-0.070854396,0
1.3256027,-2.7654765,2.696811,0.032444715,-0.31178707,0.94959784,0
1.1487794,-2.9476781,2.5793252,0.032444715,-0.31178707,0.94959784,0
2.5199766,-3.2949586,-1.6439555,0.99110359,-0.11266422,-0.070854396,0
1.679189,1.653538,-3.2830579,-0.032444715,0.31178707,-0.94959784,0
1.7013454,-2.9510012,-2.9935112,-0.12907717,-0.94344866,-0.30535793,0
-1.3767316,-2.4506342,-3.2841949,-0.12907717,-0.94344866,-0.30535793,0
-3.1885355,-1.7447486,1.2311187,-0.99110359,0.11266422,0.070854396,0
0.21563768,-1.1787379,-4.0179896,-0.032444715,0.31178707,-0.94959784,0
-3.108108,-1.3866637,2.3833194,-0.99110359,0.11266422,0.070854396,0
3.1470175,2.1277246,-0.33130002,0.99110359,-0.11266422,-0.070854396,0
2.3470242,0.43022704,-3.5468154,-0.032444715,0.31178707,-0.94959784,0
-1.9884739,-3.6593347,0.66812325,-0.12907717,-0.94344866,-0.30535793,0
-2.0404909,4.2254205,-0.57508612,0.12907717,0.94344866,0.30535793,0
1.8277847,-3.6015921,-0.83633423,-0.12907717,-0.94344866,-0.30535793,0
-2.9051988,1.3703381,-1.8699949,-0.99110359,0.11266422,0.070854396,0
1.780863,-1.283241,3.1933928,0.032444715,-0.31178707,0.94959784,0
-2.675761,2.8029773,0.48617387,-0.99110359,0.11266422,0.070854396,0
-3.057704,-2.6485648,2.9666398,0.032444715,-0.31178707,0.94959784,0
3.00565,1.551775,-3.0688782,0.99110359,-0.11266422,-0.070854396,0
-2.4046247,3.2507882,2.5584311,-0.99110359,0.11266422,0.070854396,0
-2.843473,3.0355668,-2.2874727,-0.99110359,0.11266422,0.070854396,0
-1.0822401,2.4878082,4.3664517,0.12907717,0.94344866,0.30535793,0
3.001955,2.0060124,-2.786675,0.99110359,-0.11266422,-0.070854396,0
-1.5491481,-1.8103333,3.1666908,0.032444715,-0.31178707,0.94959784,0
2.3742297,-0.78408408,-4.0347667,-0.032444715,0.31178707,-0.94959784,0
2.6878238,-3.6789179,0.66773582,0.99110359,-0.11266422,-0.070854396,0
3.0342979,0.67876601,-1.12818,0.99110359,-0.11266422,-0.070854396,0
2.1958251,-2.66254,2.723182,0.032444715,-0.31178707,0.94959784,0
-2.6160271,1.6130202,2.9477873,-0.99110359,0.11266422,0.070854396,0
3.4426146,1.4375732,2.9901118,0.99110359,-0.11266422,-0.070854396,0
-1.7954857,0.91412407,-3.3749726,-0.032444715,0.31178707,-0.94959784,0
-2.6878085,2.1313202,1.0634685,-0.99110359,0.11266422,0.070854396,0
-3.3034077,-1.5200379,-0.10321927,-0.99110359,0.11266422,0.070854396,0
3.135047,3.0403504,-2.7196727,0.99110359,-0.11266422,-0.070854396,0
0.79984409,3.3500247,0.62030554,0.12907717,0.94344866,0.30535793,0
1.3908627,0.76435113,-3.4609022,-0.032444715,0.31178707,-0.94959784,0
-3.0461116,0.65857136,-2.05089,-0.99110359,0.11266422,0.070854396,0
-0.21664453,-4.2882214,1.9055281,-0.12907717,-0.94344866,-0.30535793,0
1.3316195,1.1079679,-3.3413496,-0.032444715,0.31178707,-0.94959784,0
-0.2745831,-1.9961782,3.0638771,0.032444715,-0.31178707,0.94959784,0
-1.1570086,2.7262342,3.6655788,0.12907717,0.94344866,0.30535793,0
-2.5911291,-0.56351471,3.5673559,0.032444715,-0.31178707,0.94959784,0
-3.1454437,0.38508642,-3.242717,-0.99110359,0.11266422,0.070854396,0
-2.7219219,1.28491,1.530038,-0.99110359,0.11266422,0.070854396,0
-2.6203113,2.4729004,0.51083189,-0.99110359,0.11266422,0.070854396,0
0.38192463,-3.6075003,2.5770991,0.032444715,-0.31178707,0.94959784,0
1.6136446,3.9025857,-1.5697453,0.12907717,0.94344866,0.30535793,0
-3.3407383,-3.3900552,1.4738131,-0.99110359,0.11266422,0.070854396,0
-2.7903876,-2.3411841,2.9874415,0.032444715,-0.31178707,0.94959784,0
-0.72356653,-0.64497519,3.4483731,0.032444715,-0.31178707,0.94959784,0
-2.0044348,3.9162533,0.41887808,0.12907717,0.94344866,0.30535793,0
0.82077384,-3.5582871,-1.0164845,-0.12907717,-0.94344866,-0.30535793,0
-0.6662991,0.12914956,-3.583564,-0.032444715,0.31178707,-0.94959784,0
-2.6489029,1.3684609,1.8721592,-0.99110359,0.11266422,0.070854396,0
2.0699451,-0.068684578,-3.8839407,-0.032444715,0.31178707,-0.94959784,0
3.1626124,0.91379082,1.2686727,0.99110359,-0.11266422,-0.070854396,0
3.3982155,2.9254174,-0.7734766,0.99110359,-0.11266422,-0.070854396,0
-3.2093737,-2.4301791,1.0881727,-0.99110359,0.11266422,0.070854396,0
1.8683515,3.4230516,-2.5289159,-0.032444715,0.31178707,-0.94959784,0
0.73123479,-3.0782394,-2.3752623,-0.12907717,-0.94344866,-0.30535793,0
1.6353705,2.5192018,3.2391303,0.12907717,0.94344866,0.30535793,0
3.1086493,-0.33509624,2.424541,0.99110359,-0.11266422,-0.070854396,0
0.49342203,1.1103303,4.026382,0.032444715,-0.31178707,0.94959784,0
-1.3330196,3.4515595,1.3187654,0.12907717,0.94344866,0.30535793,0
2.5228291,-2.626075,-1.501189,0.99110359,-0.11266422,-0.070854396,0
2.4120953,-3.4306774,-1.7409112,-0.12907717,-0.94344866,-0.30535793,0
-2.740854,2.8509767,0.16984034,-0.99110359,0.11266422,0.070854396,0
1.0304918,3.553699,0.2236433,0.12907717,0.94344866,0.30535793,0
-3.2001469,-1.9177263,1.4303472,-0.99110359,0.11266422,0.070854396,0
-3.2562399,0.2176286,-3.494499,-0.99110359,0.11266422,0.070854396,0
2.9840748,2.5959876,2.3621321,0.12907717,0.94344866,0.30535793,0
-1.1508352,-3.954783,1.3302262,-0.12907717,-0.94344866,-0.30535793,0
-3.318233,-0.85100186,-1.5568063,-0.99110359,0.11266422,0.070854396,0
2.5408163,1.9925606,-3.1432085,-0.032444715,0.31178707,-0.94959784,0
-2.518667,2.5443981,1.8069727,-0.99110359,0.11266422,0.070854396,0
-1.0514109,2.1753373,-3.0256712,-0.032444715,0.31178707,-0.94959784,0
-0.16875172,-2.863492,-2.4314933,-0.12907717,-0.94344866,-0.30535793,0
-3.1884332,-0.31703782,-1.0003188,-0.99110359,0.11266422,0.070854396,0
-0.52745217,3.5859351,0.45601916,0.12907717,0.94344866,0.30535793,0
3.0405502,0.87669516,-0.58405042,0.99110359,-0.11266422,-0.070854396,0
-0.98391426,3.9546647,-2.4228282,-0.032444715,0.31178707,-0.94959784,0
-1.9454339,-2.0998187,-3.886724,-0.12907717,-0.94344866,-0.30535793,0
1.3923874,1.1745389,-3.4149885,-0.032444715,0.31178707,-0.94959784,0
2.8842263,-1.982453,2.0621505,0.99110359,-0.11266422,-0.070854396,0
-3.0718496,-2.482275,2.0462658,-0.99110359,0.11266422,0.070854396,0
2.2824483,2.1829982,3.4305949,0.12907717,0.94344866,0.30535793,0
-1.1344585,2.1337571,4.3464003,0.032444715,-0.31178707,0.94959784,0
1.6377255,3.0541551,1.2839291,0.12907717,0.94344866,0.30535793,0
-0.28695345,-3.1907761,-1.3389375,-0.12907717,-0.94344866,-0.30535793,0
-2.2941282,1.530736,4.3211231,0.032444715,-0.31178707,0.94959784,0
2.113162,-3.107338,-2.497504,-0.12907717,-0.94344866,-0.30535793,0
-3.3670387,-2.8022137,0.58194256,-0.99110359,0.11266422,0.070854396,0
2.8819923,1.0779145,-3.0971704,0.99110359,-0.11266422,-0.070854396,0
-0.90234017,-1.8292457,3.2030251,0.032444715,-0.31178707,0.94959784,0
-3.0802486,1.4489969,-1.8152845,-0.99110359,0.11266422,0.070854396,0
2.3049469,3.7047656,-0.92691517,0.12907717,0.94344866,0.30535793,0
2.1310742,1.0114982,3.9737248,0.032444715,-0.31178707,0.94959784,0
-3.3222167,-2.6923237,-1.8793235,-0.12907717,-0.94344866,-0.30535793,0
-2.8396018,0.76289058,1.6313913,-0.99110359,0.11266422,0.070854396,0
-3.0914152,-2.1500604,1.4555802,-0.99110359,0.11266422,0.070854396,0
-1.5340619,-1.6780281,-4.1398306,-0.032444715,0.31178707,-0.94959784,0
-2.6856508,-2.0607624,-4.0279875,-0.12907717,-0.94344866,-0.30535793,0
1.239213,-1.930342,-4.4172058,-0.032444715,0.31178707,-0.94959784,0
2.7260299,-2.1192486,-1.8562664,0.99110359,-0.11266422,-0.070854396,0
2.4667106,3.340014,0.23308849,0.12907717,0.94344866,0.30535793,0
-0.91967523,-4.1147828,2.3340104,0.032444715,-0.31178707,0.94959784,0
0.54842687,-3.4929345,-1.225781,-0.12907717,-0.94344866,-0.30535793,0
3.1750748,2.6019948,-2.7087235,0.99110359,-0.11266422,-0.070854396,0
-2.1802075,-2.5799084,-2.8419073,-0.12907717,-0.94344866,-0.30535793,0
1.6779275,3.2147288,0.90388966,0.12907717,0.94344866,0.30535793,0
-0.95944262,-4.1361756,2.2983572,0.032444715,-0.31178707,0.94959784,0
-1.181747,2.5204339,4.1318645,0.12907717,0.94344866,0.30535793,0
1.6040264,-1.9672133,2.8822999,0.032444715,-0.31178707,0.94959784,0
3.2526131,3.0748236,-1.6729157,0.99110359,-0.11266422,-0.070854396,0
1.8204126,1.3111838,4.0384197,0.032444715,-0.31178707,0.94959784,0
-0.16036272,-1.5957392,-4.1455464,-0.032444715,0.31178707,-0.94959784,0
-2.1913152,-2.3452182,-3.3179731,-0.12907717,-0.94344866,-0.30535793,0
-3.2140789,-1.9229867,1.1539307,-0.99110359,0.11266422,0.070854396,0
0.1290988,4.0782371,-0.91087103,0.12907717,0.94344866,0.30535793,0
3.02422,0.61532974,0.20554066,0.99110359,-0.11266422,-0.070854396,0
-2.4782782,3.0348127,2.8757102,-0.99110359,0.11266422,0.070854396,0
-1.2382618,3.258132,1.7692962,0.12907717,0.94344866,0.30535793,0
3.0164299,-0.91233039,2.4297895,0.99110359,-0.11266422,-0.070854396,0
0.12609553,-4.0765076,0.88986158,-0.12907717,-0.94344866,-0.30535793,0
3.2081058,1.2390168,-0.35616398,0.99110359,-0.11266422,-0.070854396,0
-2.2822351,4.1961527,-0.51855326,0.12907717,0.94344866,0.30535793,0
2.2762299,-4.5320201,1.573333,-0.12907717,-0.94344866,-0.30535793,0
-2.8299584,1.0655696,0.75881356,-0.99110359,0.11266422,0.070854396,0
-0.27083874,1.7596161,4.1763854,0.032444715,-0.31178707,0.94959784,0
3.1234343,1.6477585,-1.3413272,0.99110359,-0.11266422,-0.070854396,0
-1.4856186,-2.6870131,-2.7563417,-0.12907717,-0.94344866,-0.30535793,0
-3.2589121,-1.3486423,-0.62254572,-0.99110359,0.11266422,0.070854396,0
2.8411078,-2.4653213,0.0026496053,0.99110359,-0.11266422,-0.070854396,0
-2.3048365,-3.3844984,0.14808035,-0.12907717,-0.94344866,-0.30535793,0
0.43355346,3.1301589,1.2988307,0.12907717,0.94344866,0.30535793,0
2.9432387,2.7111142,-2.9241302,-0.032444715,0.31178707,-0.94959784,0
2.6335545,-0.78536463,-2.8568912,0.99110359,-0.11266422,-0.070854396,0
0.66187978,-4.1940579,2.1847939,0.032444715,-0.31178707,0.94959784,0
2.3400569,-2.478209,2.6894903,0.032444715,-0.31178707,0.94959784,0
-3.426095,-1.8398409,-2.962131,-0.99110359,0.11266422,0.070854396,0
-1.4004521,-2.2217064,-3.6802118,-0.12907717,-0.94344866,-0.30535793,0
-0.75366497,3.5663867,-2.4164608,-0.032444715,0.31178707,-0.94959784,0
2.9805083,-1.1089693,2.224308,0.99110359,-0.11266422,-0.070854396,0
2.7764716,-0.83473587,-3.2857649,0.99110359,-0.11266422,-0.070854396,0
-2.5228543,3.6414275,0.082765579,-0.99110359,0.11266422,0.070854396,0
-2.9867752,-0.55560255,2.0474725,-0.99110359,0.11266422,0.070854396,0
-1.1982107,-3.9827042,1.4952636,-0.12907717,-0.94344866,-0.30535793,0
-1.9582162,1.5813558,4.2156014,0.032444715,-0.31178707,0.94959784,0
1.7201324,-2.9951038,-2.7692091,-0.12907717,-0.94344866,-0.30535793,0
0.60258627,0.35533953,-3.5979781,-0.032444715,0.31178707,-0.94959784,0
-0.3334856,-2.902344,-2.143724,-0.12907717,-0.94344866,-0.30535793,0
2.0741794,1.6720409,4.0675697,0.032444715,-0.31178707,0.94959784,0
-0.69766629,3.2573452,1.5138927,0.12907717,0.94344866,0.30535793,0
-0.25369525,4.2577701,-2.2459509,-0.032444715,0.31178707,-0.94959784,0
0.24967682,3.3529143,1.2818685,0.12907717,0.94344866,0.30535793,0
3.1926899,-0.51492417,2.648036,0.99110359,-0.11266422,-0.070854396,0
0.98816204,2.7615082,2.6881871,0.12907717,0.94344866,0.30535793,0
2.6036503,-1.3737574,-3.5352986,0.99110359,-0.11266422,-0.070854396,0
2.1693268,4.05264,-1.8495474,0.12907717,0.94344866,0.30535793,0
-3.1757126,-2.272934,0.53808331,-0.99110359,0.11266422,0.070854396,0
0.68473935,-0.3177669,-3.8596916,-0.032444715,0.31178707,-0.94959784,0
-3.1859348,-2.1051476,1.5332532,-0.99110359,0.11266422,0.070854396,0
2.7763796,-0.83152914,-1.8893251,0.99110359,-0.11266422,-0.070854396,0
1.5640178,2.8218255,2.3717499,0.12907717,0.94344866,0.30535793,0
1.8476644,-0.61916447,-3.8883209,-0.032444715,0.31178707,-0.94959784,0
-1.3536139,1.325933,4.1323619,0.032444715,-0.31178707,0.94959784,0
2.6241622,-3.1682136,-0.78257918,0.99110359,-0.11266422,-0.070854396,0
-1.5401053,3.4583392,1.4655616,0.12907717,0.94344866,0.30535793,0
-2.0598316,1.4483402,4.312562,0.032444715,-0.31178707,0.94959784,0
-0.01006031,3.8706958,-2.3827355,-0.032444715,0.31178707,-0.94959784,0
-2.3437929,-4.2085419,2.2483587,-0.12907717,-0.94344866,-0.30535793,0
-1.0358422,-0.9877038,3.4452693,0.032444715,-0.31178707,0.94959784,0
-0.10525417,-0.89075029,3.3179064,0.032444715,-0.31178707,0.94959784,0
-3.2373283,-1.6658859,-0.76388097,-0.99110359,0.11266422,0.070854396,0
-2.3622375,4.1256394,-0.15914679,0.12907717,0.94344866,0.30535793,0
0.54925442,2.4495697,-2.8689437,-0.032444715,0.31178707,-0.94959784,0
3.2505493,0.30275047,3.1163387,0.99110359,-0.11266422,-0.070854396,0
-2.8400393,0.52710104,-3.4239767,-0.032444715,0.31178707,-0.94959784,0
-1.1298833,-3.9574327,2.3587954,0.032444715,-0.31178707,0.94959784,0
-0.11171472,4.3671951,-1.97961,0.12907717,0.94344866,0.30535793,0
2.6694362,-3.3207507,-0.37176025,0.99110359,-0.11266422,-0.070854396,0
2.5331724,-4.3355823,1.1772518,0.99110359,-0.11266422,-0.070854396,0
-2.432883,-1.5282516,3.3148201,0.032444715,-0.31178707,0.94959784,0
-1.4861202,2.4140739,-2.9073474,-0.032444715,0.31178707,-0.94959784,0
-0.30363941,-0.29140568,-3.866061,-0.032444715,0.31178707,-0.94959784,0
2.7422776,2.2072971,3.5383968,0.12907717,0.94344866,0.30535793,0
-2.7454047,1.4261978,2.3253055,-0.99110359,0.11266422,0.070854396,0
3.3970091,1.551301,2.8641982,0.99110359,-0.11266422,-0.070854396,0
-2.7420814,1.5975595,2.799926,-0.99110359,0.11266422,0.070854396,0
-3.1410232,-0.68766594,-0.46955824,-0.99110359,0.11266422,0.070854396,0
-0.32069194,4.3068805,-1.7962866,0.12907717,0.94344866,0.30535793,0
0.20657635,-2.3074729,-4.1608157,-0.12907717,-0.94344866,-0.30535793,0
-1.575597,-1.6577758,-4.116354,-0.032444715,0.31178707,-0.94959784,0
-2.040801,2.860785,-2.6792085,-0.032444715,0.31178707,-0.94959784,0
2.7400112,-0.70694256,-3.8148975,0.99110359,-0.11266422,-0.070854396,0
3.2078688,0.28442717,2.5000134,0.99110359,-0.11266422,-0.070854396,0
-2.4094844,-3.1262267,2.7706265,0.032444715,-0.31178707,0.94959784,0
2.8884141,3.6369841,-2.5535908,-0.032444715,0.31178707,-0.94959784,0
2.3709476,1.7067351,-3.2196035,-0.032444715,0.31178707,-0.94959784,0
