-3.4309671,1.9159781,-0.34109592,-0.97869962,-0.18987739,0.078060955,0
-2.941834,-1.5879016,-1.7588465,-0.97869962,-0.18987739,0.078060955,0
2.0641696,3.9199059,-3.4659729,0.97869962,0.18987739,-0.078060955,0
2.5593417,1.9648643,-2.3782742,0.97869962,0.18987739,-0.078060955,0
3.7498128,-3.4528947,-0.085086584,0.97869962,0.18987739,-0.078060955,0
0.23866606,-5.0460572,-1.2083664,0.024192095,-0.48425156,-0.87459421,0
-1.9428782,4.2612286,-1.961607,-0.20386681,0.85407662,-0.47853041,0
-3.2166958,-0.7511754,-3.7890406,0.024192095,-0.48425156,-0.87459421,0
3.3103435,-0.79447508,0.50760889,0.97869962,0.18987739,-0.078060955,0
0.79555941,4.201385,1.6501369,-0.024192095,0.48425156,0.87459421,0
2.3890774,1.7946786,-3.8914192,0.97869962,0.18987739,-0.078060955,0
2.9865916,-1.381862,-3.2279997,0.97869962,0.18987739,-0.078060955,0
1.4503727,6.4200797,0.23712444,-0.20386681,0.85407662,-0.47853041,0
0.3265183,-2.7443411,-2.4797404,0.024192095,-0.48425156,-0.87459421,0
-2.9190359,1.2004499,-4.6868162,0.024192095,-0.48425156,-0.87459421,0
1.435657,-2.3888354,5.3714786,0.20386681,-0.85407662,0.47853041,0
-3.8920648,3.0529232,-3.2440374,-0.97869962,-0.18987739,0.078060955,0
-2.7877479,4.821909,1.196116,-0.024192095,0.48425156,0.87459421,0
3.2723112,-2.0635927,-2.3662777,0.97869962,0.18987739,-0.078060955,0
1.9853616,4.7472701,-2.5536499,0.97869962,0.18987739,-0.078060955,0
2.2210095,-0.87086344,4.5875411,-0.024192095,0.48425156,0.87459421,0
-0.68029237,4.6638546,-1.9652255,-0.20386681,0.85407662,-0.47853041,0
-2.6449764,2.2367375,2.6860728,-0.024192095,0.48425156,0.87459421,0
2.7684374,0.44064641,-2.0048821,0.97869962,0.18987739,-0.078060955,0
-2.4235404,-0.96664667,-3.4550266,0.024192095,-0.48425156,-0.87459421,0
3.7287161,-3.9761732,-0.46544766,0.97869962,0.18987739,-0.078060955,0
0.42021823,-4.3485293,2.5813823,0.20386681,-0.85407662,0.47853041,0
-0.92511535,-0.91252393,4.4006052,-0.024192095,0.48425156,0.87459421,0
-3.2132912,0.96445906,0.076460838,-0.97869962,-0.18987739,0.078060955,0
-2.303654,-3.6145668,-0.44061595,-0.97869962,-0.18987739,0.078060955,0
0.2691071,2.8723354,-5.2913074,-0.20386681,0.85407662,-0.47853041,0
-0.53268862,3.1670682,2.2725253,-0.024192095,0.48425156,0.87459421,0
2.6330588,2.1916854,0.98759067,0.97869962,0.18987739,-0.078060955,0
-0.54137564,4.7259078,-1.8837676,-0.20386681,0.85407662,-0.47853041,0
-3.7359519,2.3402956,-3.3922081,-0.97869962,-0.18987739,0.078060955,0
3.1127739,-2.1019247,5.2219372,-0.024192095,0.48425156,0.87459421,0
0.98881054,4.2351623,1.6127687,-0.024192095,0.48425156,0.87459421,0
-0.68557531,-3.25594,4.8414698,0.20386681,-0.85407662,0.47853041,0
2.0096748,-3.3560073,3.7376978,0.20386681,-0.85407662,0.47853041,0
-2.8038752,-0.81723547,1.4290253,-0.97869962,-0.18987739,0.078060955,0
-0.81816542,-4.1448407,3.2129955,0.20386681,-0.85407662,0.47853041,0
3.6092939,-2.3951404,1.4998999,0.97869962,0.18987739,-0.078060955,0
-1.4383278,-4.103848,3.9336374,0.20386681,-0.85407662,0.47853041,0
-2.5325193,4.7840104,-0.9252634,-0.20386681,0.85407662,-0.47853041,0
2.5631199,1.0445278,3.5861847,-0.024192095,0.48425156,0.87459421,0
0.92856407,-5.9531775,-0.57992744,0.20386681,-0.85407662,0.47853041,0
-1.9593191,-5.6661215,0.47948849,-0.97869962,-0.18987739,0.078060955,0
-2.7615094,-2.1914098,-1.6847126,-0.97869962,-0.18987739,0.078060955,0
0.29017425,1.6021692,3.0520754,-0.024192095,0.48425156,0.87459421,0
1.275202,3.7963052,-4.300921,-0.20386681,0.85407662,-0.47853041,0
-1.3266519,-0.042229652,-3.9660904,0.024192095,-0.48425156,-0.87459421,0
-2.6657605,-2.4424713,-0.25505009,-0.97869962,-0.18987739,0.078060955,0
2.9504859,-4.7190194,0.72396946,0.20386681,-0.85407662,0.47853041,0
3.8017054,-4.9910345,-0.19754267,0.20386681,-0.85407662,0.47853041,0
-1.8769538,-5.7277293,0.94293332,-0.97869962,-0.18987739,0.078060955,0
2.2589986,3.9529531,-0.77645373,0.97869962,0.18987739,-0.078060955,0
2.886898,-3.3781426,3.0112078,0.20386681,-0.85407662,0.47853041,0
0.80942798,5.9169388,-0.37979198,-0.20386681,0.85407662,-0.47853041,0
-0.79799771,2.244031,-5.2254953,0.024192095,-0.48425156,-0.87459421,0
0.97644496,-2.764364,4.9009109,0.20386681,-0.85407662,0.47853041,0
0.17371821,-5.1060543,1.4543765,0.20386681,-0.85407662,0.47853041,0
-1.9757805,2.62816,-4.9354858,-0.20386681,0.85407662,-0.47853041,0
1.3849134,-3.244951,3.9737377,0.20386681,-0.85407662,0.47853041,0
-2.2832019,-3.1640689,1.1115767,-0.97869962,-0.18987739,0.078060955,0
2.0789137,-3.9211774,2.7281504,0.20386681,-0.85407662,0.47853041,0
-2.7409258,-0.59123158,1.5950431,-0.97869962,-0.18987739,0.078060955,0
3.2408333,-4.3434081,1.5138528,0.20386681,-0.85407662,0.47853041,0
2.3402741,2.0288565,-3.5150771,0.97869962,0.18987739,-0.078060955,0
3.1049485,-5.4948363,-0.90777087,0.024192095,-0.48425156,-0.87459421,0
-2.1122394,2.8846071,-4.5046873,-0.20386681,0.85407662,-0.47853041,0
3.2195578,-0.63630223,-0.64353871,0.97869962,0.18987739,-0.078060955,0
-2.8736608,1.2532389,-4.7040153,0.024192095,-0.48425156,-0.87459421,0
-3.7761273,2.2410829,-2.9552848,-0.97869962,-0.18987739,0.078060955,0
-2.8299618,4.968749,-0.30543232,-0.20386681,0.85407662,-0.47853041,0
1.0882968,-2.7444685,4.9779305,0.20386681,-0.85407662,0.47853041,0
-2.1873126,-4.7309999,0.53728855,-0.97869962,-0.18987739,0.078060955,0
-2.1013975,-3.7158101,2.8163011,-0.97869962,-0.18987739,0.078060955,0
-2.2157536,3.1316209,-3.8722255,-0.20386681,0.85407662,-0.47853041,0
3.0748754,-3.619276,-1.865942,0.024192095,-0.48425156,-0.87459421,0
-0.92341995,0.026446819,3.9681616,-0.024192095,0.48425156,0.87459421,0
-0.85093808,2.7292683,2.4463727,-0.024192095,0.48425156,0.87459421,0
3.2149644,-3.6986196,2.4583826,0.20386681,-0.85407662,0.47853041,0
2.2866893,3.0832529,-1.6932181,0.97869962,0.18987739,-0.078060955,0
-1.2568169,3.7716491,1.8650799,-0.024192095,0.48425156,0.87459421,0
2.2952225,2.5207076,-2.5280335,0.97869962,0.18987739,-0.078060955,0
3.7299111,-3.7200372,-0.49490929,0.97869962,0.18987739,-0.078060955,0
1.2361376,-5.1538391,0.67767572,0.20386681,-0.85407662,0.47853041,0
1.3519263,3.2455673,-5.3641334,-0.20386681,0.85407662,-0.47853041,0
-2.7498004,-2.4417636,-1.8742085,-0.97869962,-0.18987739,0.078060955,0
1.4448261,-1.5518941,4.904284,-0.024192095,0.48425156,0.87459421,0
3.0347557,-0.55257511,4.3191972,-0.024192095,0.48425156,0.87459421,0
1.7972751,6.3436899,0.37249088,0.97869962,0.18987739,-0.078060955,0
0.74451995,2.6877403,-5.5233178,0.024192095,-0.48425156,-0.87459421,0
-1.7041261,-5.555541,1.2594441,0.20386681,-0.85407662,0.47853041,0
-1.133656,-4.2568221,3.3684912,0.20386681,-0.85407662,0.47853041,0
-2.8854487,-1.4643431,-1.5846016,-0.97869962,-0.18987739,0.078060955,0
-2.3722982,3.9891937,-2.34852,-0.20386681,0.85407662,-0.47853041,0
1.097466,1.0757186,-4.6382422,0.024192095,-0.48425156,-0.87459421,0
-0.40550375,1.5846069,3.2274523,-0.024192095,0.48425156,0.87459421,0
1.7157077,4.2199011,-3.5146122,-0.20386681,0.85407662,-0.47853041,0
-0.35094854,3.0977657,-4.8879838,-0.20386681,0.85407662,-0.47853041,0
-2.4983087,-0.75702524,4.4223981,-0.024192095,0.48425156,0.87459421,0
-0.16266942,-1.3034807,-3.3582208,0.024192095,-0.48425156,-0.87459421,0
-1.8597825,2.539619,2.6316113,-0.024192095,0.48425156,0.87459421,0
2.2638042,-1.7500718,4.9910855,-0.024192095,0.48425156,0.87459421,0
-0.43218946,5.2527089,1.1697133,-0.024192095,0.48425156,0.87459421,0
0.55143213,-3.3222485,4.1311798,0.20386681,-0.85407662,0.47853041,0
-0.32685614,5.9425039,0.46826887,-0.20386681,0.85407662,-0.47853041,0
-0.93734932,4.5717053,1.4489981,-0.024192095,0.48425156,0.87459421,0
-1.6327276,0.92621446,-4.6083045,0.024192095,-0.48425156,-0.87459421,0
-0.83924484,4.8910007,1.3797679,-0.024192095,0.48425156,0.87459421,0
3.0820844,-2.4385111,-2.6545994,0.024192095,-0.48425156,-0.87459421,0
-3.1689489,3.007875,-3.5326946,-0.20386681,0.85407662,-0.47853041,0
0.73804569,-5.9129848,-0.61544204,0.20386681,-0.85407662,0.47853041,0
-1.8929346,2.8517408,2.4191442,-0.024192095,0.48425156,0.87459421,0
2.8240976,-0.68051362,4.3503551,-0.024192095,0.48425156,0.87459421,0
0.22409749,-3.823144,3.4785516,0.20386681,-0.85407662,0.47853041,0
2.1634846,4.8310409,-0.54105127,0.97869962,0.18987739,-0.078060955,0
3.7801175,-3.1022949,2.3405471,0.97869962,0.18987739,-0.078060955,0
-1.1661906,0.1368542,4.0060821,-0.024192095,0.48425156,0.87459421,0
0.78939211,-3.8481398,3.1867836,0.20386681,-0.85407662,0.47853041,0
-2.4013166,-3.2393265,-0.26607129,-0.97869962,-0.18987739,0.078060955,0
1.4843378,4.9028516,1.3392076,-0.024192095,0.48425156,0.87459421,0
3.0007,1.189841,0.90633488,0.97869962,0.18987739,-0.078060955,0
3.7985616,-3.2725291,0.87216306,0.97869962,0.18987739,-0.078060955,0
3.3130908,-0.52033377,4.3756337,-0.024192095,0.48425156,0.87459421,0
-2.0104442,-4.9128027,0.71302366,-0.97869962,-0.18987739,0.078060955,0
-2.4016809,0.48137563,3.6197996,-0.024192095,0.48425156,0.87459421,0
1.5749264,6.2732306,0.62146366,-0.024192095,0.48425156,0.87459421,0
-2.0060983,0.36857373,3.6684718,-0.024192095,0.48425156,0.87459421,0
-0.62498856,-5.0177932,1.7049613,0.20386681,-0.85407662,0.47853041,0
-3.7613974,4.2279091,1.1643784,-0.97869962,-0.18987739,0.078060955,0
-2.0865214,-2.9348269,4.1125107,-0.97869962,-0.18987739,0.078060955,0
0.85051417,2.8821225,2.507,-0.024192095,0.48425156,0.87459421,0
-2.1077862,-4.9188433,-0.50161254,-0.97869962,-0.18987739,0.078060955,0
2.079536,2.527653,-5.1345263,0.97869962,0.18987739,-0.078060955,0
2.5569379,2.5676394,-0.21149744,0.97869962,0.18987739,-0.078060955,0
-1.3360419,4.666575,1.3943913,-0.024192095,0.48425156,0.87459421,0
2.391892,-5.69841,-0.65910745,0.20386681,-0.85407662,0.47853041,0
-1.2383192,0.72255033,3.4904299,-0.024192095,0.48425156,0.87459421,0
-0.42168605,-2.9096043,5.3756371,0.20386681,-0.85407662,0.47853041,0
0.26963353,3.3307176,-4.7268462,-0.20386681,0.85407662,-0.47853041,0
-2.7133234,-0.34048176,3.5057776,-0.97869962,-0.18987739,0.078060955,0
-2.9525599,-0.13017249,0.66424143,-0.97869962,-0.18987739,0.078060955,0
1.511132,4.1980362,-3.4071751,-0.20386681,0.85407662,-0.47853041,0
2.584384,-5.5879712,-0.87776041,0.024192095,-0.48425156,-0.87459421,0
0.62876558,5.3840437,0.98160505,-0.024192095,0.48425156,0.87459421,0
1.107357,-3.6077602,-2.0035725,0.024192095,-0.48425156,-0.87459421,0
3.3431077,-1.7212896,-0.8696723,0.97869962,0.18987739,-0.078060955,0
-1.5486554,-2.9958305,5.6963239,-0.024192095,0.48425156,0.87459421,0
2.4030695,2.3762577,-1.9618196,0.97869962,0.18987739,-0.078060955,0
-1.1859843,-4.1345911,3.7122684,0.20386681,-0.85407662,0.47853041,0
-1.5591497,5.7315774,0.25950146,-0.20386681,0.85407662,-0.47853041,0
0.72429764,3.5586753,-4.4655943,-0.20386681,0.85407662,-0.47853041,0
2.9096317,0.59186888,-1.2655983,0.97869962,0.18987739,-0.078060955,0
-3.4829686,0.1793499,-3.5757382,-0.97869962,-0.18987739,0.078060955,0
-0.0050919056,-1.4150634,4.8069143,-0.024192095,0.48425156,0.87459421,0
3.8889208,-5.2692599,-0.54921198,0.20386681,-0.85407662,0.47853041,0
2.4197998,-0.92871994,-3.4206359,0.024192095,-0.48425156,-0.87459421,0
-2.7961249,-1.6325288,-1.7958953,-0.97869962,-0.18987739,0.078060955,0
-0.70951617,-4.8316698,2.0138714,0.20386681,-0.85407662,0.47853041,0
-2.7491882,-2.2821157,-0.64731491,-0.97869962,-0.18987739,0.078060955,0
-1.8103113,4.6355219,-1.5397642,-0.20386681,0.85407662,-0.47853041,0
-1.4598751,-5.5820379,1.2223483,0.20386681,-0.85407662,0.47853041,0
-0.47709751,5.7482934,0.045665741,-0.20386681,0.85407662,-0.47853041,0
-1.7632766,4.3524017,1.5660094,-0.024192095,0.48425156,0.87459421,0
-1.9432039,2.6401081,2.5463076,-0.024192095,0.48425156,0.87459421,0
-0.68583918,-5.0635347,-1.1189491,0.024192095,-0.48425156,-0.87459421,0
-0.39617756,3.5237505,-3.8521547,-0.20386681,0.85407662,-0.47853041,0
-2.0526211,-4.6928797,1.0899639,-0.97869962,-0.18987739,0.078060955,0
1.8475442,-2.4438779,-2.5851068,0.024192095,-0.48425156,-0.87459421,0
2.6140459,0.72755182,-2.6972108,0.97869962,0.18987739,-0.078060955,0
2.7720444,0.89837027,-2.2304192,0.97869962,0.18987739,-0.078060955,0
-2.1153209,-4.5808015,-1.4692045,0.024192095,-0.48425156,-0.87459421,0
0.23402023,-3.7195859,-1.8231261,0.024192095,-0.48425156,-0.87459421,0
-3.7298303,3.2112322,-1.5112381,-0.97869962,-0.18987739,0.078060955,0
-3.8156285,1.7906408,-4.7766972,-0.97869962,-0.18987739,0.078060955,0
3.4474559,-1.4600611,2.2836909,0.97869962,0.18987739,-0.078060955,0
-0.31980136,3.4393368,-3.9722953,-0.20386681,0.85407662,-0.47853041,0
0.51469672,-3.029181,4.8641071,0.20386681,-0.85407662,0.47853041,0
-1.3686607,2.1073062,-5.0941877,0.024192095,-0.48425156,-0.87459421,0
-2.0916023,-3.5854027,2.4994097,-0.97869962,-0.18987739,0.078060955,0
-0.47145247,4.4355745,-2.2531903,-0.20386681,0.85407662,-0.47853041,0
-0.1829133,-1.1483841,-3.3508532,0.024192095,-0.48425156,-0.87459421,0
-1.8776665,0.89313483,3.3795011,-0.024192095,0.48425156,0.87459421,0
0.46014524,2.2736857,-5.2412353,0.024192095,-0.48425156,-0.87459421,0
-2.1712277,-5.2194457,-0.93881881,-0.97869962,-0.18987739,0.078060955,0
-3.3996103,1.2388768,-2.1407912,-0.97869962,-0.18987739,0.078060955,0
-3.6808181,1.7659264,-2.3308156,-0.97869962,-0.18987739,0.078060955,0
0.11247706,-2.7836146,-2.4045095,0.024192095,-0.48425156,-0.87459421,0
-3.2763689,2.9364073,-3.6727545,-0.20386681,0.85407662,-0.47853041,0
3.6419044,-2.3022766,0.65113783,0.97869962,0.18987739,-0.078060955,0
0.18780231,-0.71884692,4.4710603,-0.024192095,0.48425156,0.87459421,0
-0.040035486,-4.2415514,2.8489108,0.20386681,-0.85407662,0.47853041,0
0.40467095,-1.3028781,4.816988,-0.024192095,0.48425156,0.87459421,0
1.7216048,-4.7829318,-1.3433833,0.024192095,-0.48425156,-0.87459421,0
1.9914987,-2.47296,5.2147579,0.20386681,-0.85407662,0.47853041,0
-3.9629536,4.3392706,-0.67739296,-0.97869962,-0.18987739,0.078060955,0
-3.5741644,4.1600542,-1.3760972,-0.20386681,0.85407662,-0.47853041,0
2.4482915,1.0661905,-4.0845098,0.97869962,0.18987739,-0.078060955,0
1.0675189,-2.5207295,-2.5619357,0.024192095,-0.48425156,-0.87459421,0
2.4603608,1.4532621,-3.0279257,0.97869962,0.18987739,-0.078060955,0
-2.1970115,-3.5424676,1.7989798,-0.97869962,-0.18987739,0.078060955,0
-2.467164,-2.4344313,1.1667732,-0.97869962,-0.18987739,0.078060955,0
2.0822856,5.0363054,-0.29398286,0.97869962,0.18987739,-0.078060955,0
0.82941556,5.9853377,-0.27660775,-0.20386681,0.85407662,-0.47853041,0
3.663269,-1.5683775,4.1851635,0.97869962,0.18987739,-0.078060955,0
-2.2663047,-2.2728188,-2.7077558,0.024192095,-0.48425156,-0.87459421,0
-0.86410093,-0.38744849,4.2774034,-0.024192095,0.48425156,0.87459421,0
-0.64313793,5.9928327,0.38054657,-0.20386681,0.85407662,-0.47853041,0
-2.3240919,5.4019098,0.33612728,-0.20386681,0.85407662,-0.47853041,0
1.6394756,4.5500331,-3.1246846,-0.20386681,0.85407662,-0.47853041,0
-3.2602172,0.88112187,-0.38028216,-0.97869962,-0.18987739,0.078060955,0
1.0055165,-5.7757339,-0.38778758,0.20386681,-0.85407662,0.47853041,0
-2.1511533,4.4503818,-1.4341538,-0.20386681,0.85407662,-0.47853041,0
3.8536525,-2.5909834,2.9926705,0.97869962,0.18987739,-0.078060955,0
-2.4291565,-1.8467805,2.9453621,-0.97869962,-0.18987739,0.078060955,0
-1.9671133,-1.6611164,-3.2010944,0.024192095,-0.48425156,-0.87459421,0
1.344532,5.0765076,-1.7613236,-0.20386681,0.85407662,-0.47853041,0
-2.0187471,3.8413842,-2.911097,-0.20386681,0.85407662,-0.47853041,0
2.7904346,1.3831649,-1.0520599,0.97869962,0.18987739,-0.078060955,0
2.5738063,2.9605501,1.6484628,0.97869962,0.18987739,-0.078060955,0
-3.3669004,0.70917487,-2.0082531,-0.97869962,-0.18987739,0.078060955,0
0.94320798,4.8229289,-2.4019351,-0.20386681,0.85407662,-0.47853041,0
3.4788747,-2.0893893,-0.6900084,0.97869962,0.18987739,-0.078060955,0
0.48611873,3.6705341,-4.053349,-0.20386681,0.85407662,-0.47853041,0
0.26793247,3.8672137,-3.4621124,-0.20386681,0.85407662,-0.47853041,0
3.2102938,0.10193825,2.3029709,0.97869962,0.18987739,-0.078060955,0
0.67183828,0.64561725,3.775167,-0.024192095,0.48425156,0.87459421,0
2.607409,1.0117079,-2.2434599,0.97869962,0.18987739,-0.078060955,0
1.245295,-5.2565699,-1.126343,0.024192095,-0.48425156,-0.87459421,0
-2.6401095,4.3375888,-1.5118568,-0.20386681,0.85407662,-0.47853041,0
-0.69978905,-5.212883,-1.2007431,0.024192095,-0.48425156,-0.87459421,0
3.0140107,-2.6907086,4.3684311,0.20386681,-0.85407662,0.47853041,0
-1.8133219,0.42830181,-4.3041348,0.024192095,-0.48425156,-0.87459421,0
1.2152743,5.7680316,-0.76221299,-0.20386681,0.85407662,-0.47853041,0
-0.0043847561,4.7411566,-2.0138018,-0.20386681,0.85407662,-0.47853041,0
3.2762072,-1.3992485,-0.67396033,0.97869962,0.18987739,-0.078060955,0
3.5639579,-1.3694699,1.6670139,0.97869962,0.18987739,-0.078060955,0
-2.760679,4.9903722,-0.4322691,-0.20386681,0.85407662,-0.47853041,0
-0.10473299,1.4005008,3.3261914,-0.024192095,0.48425156,0.87459421,0
3.7639244,-3.2297187,3.0918801,0.20386681,-0.85407662,0.47853041,0
2.4756713,1.8050641,-3.9161181,0.97869962,0.18987739,-0.078060955,0
1.9484298,5.514607,0.095452785,0.97869962,0.18987739,-0.078060955,0
-3.338299,0.31900096,-3.2197623,-0.97869962,-0.18987739,0.078060955,0
2.5528064,-1.3341393,-3.1845226,0.024192095,-0.48425156,-0.87459421,0
-3.8387918,4.3534298,-0.90928173,-0.20386681,0.85407662,-0.47853041,0
-2.4117904,-3.1266179,-0.23752233,-0.97869962,-0.18987739,0.078060955,0
2.1720304,-4.200356,2.1976502,0.20386681,-0.85407662,0.47853041,0
-2.3050532,-2.496304,2.284503,-0.97869962,-0.18987739,0.078060955,0
2.761091,0.15365183,-3.0603509,0.97869962,0.18987739,-0.078060955,0
-0.52100468,-3.0670052,-2.2042732,0.024192095,-0.48425156,-0.87459421,0
3.3195982,-1.8569908,-1.329002,0.97869962,0.18987739,-0.078060955,0
-3.8477671,2.3491392,-4.4081831,-0.20386681,0.85407662,-0.47853041,0
1.8131096,-0.16376334,-3.8499594,0.024192095,-0.48425156,-0.87459421,0
-2.6593795,4.2527885,-1.6972129,-0.20386681,0.85407662,-0.47853041,0
2.0867658,-4.9976349,-1.1401711,0.024192095,-0.48425156,-0.87459421,0
1.9173578,4.370954,-2.5912502,0.97869962,0.18987739,-0.078060955,0
2.7746942,2.576313,1.5970222,0.97869962,0.18987739,-0.078060955,0
0.38667631,1.2642717,3.2445755,-0.024192095,0.48425156,0.87459421,0
3.1627331,-1.7977586,-2.7139428,0.97869962,0.18987739,-0.078060955,0
-3.8712754,5.3498926,0.8573761,-0.024192095,0.48425156,0.87459421,0
-2.6976066,3.5490711,-3.0680869,-0.20386681,0.85407662,-0.47853041,0
0.41425705,-5.9854293,-0.49920702,0.20386681,-0.85407662,0.47853041,0
1.2229584,3.4670362,-4.6176081,-0.20386681,0.85407662,-0.47853041,0
2.1622956,-1.0986643,4.7585621,-0.024192095,0.48425156,0.87459421,0
-2.6027684,5.5971351,0.69248819,-0.20386681,0.85407662,-0.47853041,0
1.7325664,4.3168659,1.6987938,-0.024192095,0.48425156,0.87459421,0
2.8712897,-4.4746284,1.1235883,0.20386681,-0.85407662,0.47853041,0
-1.4352655,-4.7512455,2.6689188,0.20386681,-0.85407662,0.47853041,0
-1.1505494,4.657959,-1.6065609,-0.20386681,0.85407662,-0.47853041,0
2.4511464,1.2160027,3.4377608,-0.024192095,0.48425156,0.87459421,0
2.714572,1.9096411,-0.4473992,0.97869962,0.18987739,-0.078060955,0
-1.7002488,1.8355182,-5.1295571,0.024192095,-0.48425156,-0.87459421,0
-2.2781987,3.8611956,-2.7445011,-0.20386681,0.85407662,-0.47853041,0
1.1949327,2.0099459,2.9750237,-0.024192095,0.48425156,0.87459421,0
1.6561418,-1.1379426,4.6842103,-0.024192095,0.48425156,0.87459421,0
3.1854191,-1.9610656,-2.2186463,0.97869962,0.18987739,-0.078060955,0
-1.8797147,-4.2861118,-1.7387441,0.024192095,-0.48425156,-0.87459421,0
2.0746458,-5.2864289,0.07018733,0.20386681,-0.85407662,0.47853041,0
-3.6659002,2.3296981,-3.1051369,-0.97869962,-0.18987739,0.078060955,0
1.6257067,3.2693563,2.2952931,-0.024192095,0.48425156,0.87459421,0
-1.9591908,3.1419573,2.309269,-0.024192095,0.48425156,0.87459421,0
0.66485316,-3.4183569,3.9871016,0.20386681,-0.85407662,0.47853041,0
2.2258971,3.2856669,-2.1401627,0.97869962,0.18987739,-0.078060955,0
2.8910701,-3.2004075,3.6307299,0.20386681,-0.85407662,0.47853041,0
-2.0790343,-3.4929557,-2.106236,0.024192095,-0.48425156,-0.87459421,0
0.89752889,4.4648633,1.6470451,-0.024192095,0.48425156,0.87459421,0
-3.9456103,4.5326371,-0.88070488,-0.20386681,0.85407662,-0.47853041,0
1.6310296,1.5159683,3.220808,-0.024192095,0.48425156,0.87459421,0
-3.0000072,5.5228148,0.84527969,-0.20386681,0.85407662,-0.47853041,0
3.9295719,-3.1301832,2.3357756,0.97869962,0.18987739,-0.078060955,0
-3.5984087,3.1896532,-3.072649,-0.20386681,0.85407662,-0.47853041,0
-2.3467717,1.1046879,-4.7363839,0.024192095,-0.48425156,-0.87459421,0
-3.141896,0.77145982,-0.096670866,-0.97869962,-0.18987739,0.078060955,0
-1.0694382,1.7923561,-4.9995403,0.024192095,-0.48425156,-0.87459421,0
3.4788842,-5.3696947,-0.51629496,0.20386681,-0.85407662,0.47853041,0
2.6794724,1.5680294,-1.0417124,0.97869962,0.18987739,-0.078060955,0
-1.9916162,2.784276,2.3910134,-0.024192095,0.48425156,0.87459421,0
3.874414,-4.4425459,0.39219713,0.97869962,0.18987739,-0.078060955,0
2.5238507,2.9755993,-0.056941807,0.97869962,0.18987739,-0.078060955,0
-3.6041756,2.1412058,-4.9599009,-0.20386681,0.85407662,-0.47853041,0
-1.9205827,3.2557161,-3.6729085,-0.20386681,0.85407662,-0.47853041,0
-3.3818603,3.0403047,-3.7478988,-0.20386681,0.85407662,-0.47853041,0
0.61701345,-4.9665022,-1.1495243,0.024192095,-0.48425156,-0.87459421,0
2.4710546,2.0244894,-2.1539059,0.97869962,0.18987739,-0.078060955,0
-2.0398602,-4.3162951,2.0883884,-0.97869962,-0.18987739,0.078060955,0
0.39225864,-4.9706836,-1.2630601,0.024192095,-0.48425156,-0.87459421,0
3.2390037,-1.4612195,4.8874536,-0.024192095,0.48425156,0.87459421,0
1.6692582,0.12758255,3.9701436,-0.024192095,0.48425156,0.87459421,0
-3.2061348,-0.66813493,-2.4333925,-0.97869962,-0.18987739,0.078060955,0
-2.3321919,3.8697805,-2.3967485,-0.20386681,0.85407662,-0.47853041,0
-2.2626853,4.8704081,-0.62718797,-0.20386681,0.85407662,-0.47853041,0
0.83620763,5.3376141,-1.3337159,-0.20386681,0.85407662,-0.47853041,0
2.0113633,4.008976,-2.2831798,0.97869962,0.18987739,-0.078060955,0
-2.4392486,-2.9439108,1.2245255,-0.97869962,-0.18987739,0.078060955,0
-3.1977184,1.9541937,2.666501,-0.97869962,-0.18987739,0.078060955,0
-0.17717838,0.81174636,3.4417846,-0.024192095,0.48425156,0.87459421,0
-2.4906301,-0.76441604,4.3178511,-0.024192095,0.48425156,0.87459421,0
-3.4545958,2.7921309,-4.153748,-0.20386681,0.85407662,-0.47853041,0
-2.4813993,-0.2117213,3.9841483,-0.024192095,0.48425156,0.87459421,0
0.31109095,-2.2424612,5.3510814,-0.024192095,0.48425156,0.87459421,0
2.215255,2.8341231,-4.7347956,0.97869962,0.18987739,-0.078060955,0
-0.59310675,-5.2727242,1.0910656,0.20386681,-0.85407662,0.47853041,0
3.6425011,-2.2028856,1.7373219,0.97869962,0.18987739,-0.078060955,0
-1.4267089,3.9043648,-2.9591606,-0.20386681,0.85407662,-0.47853041,0
-2.6380086,-0.94094914,4.0466614,-0.97869962,-0.18987739,0.078060955,0
-2.1615314,-3.8592529,1.7521768,-0.97869962,-0.18987739,0.078060955,0
-2.9439392,1.2446109,3.2031076,-0.024192095,0.48425156,0.87459421,0
2.3784668,0.27749974,-4.0881505,0.024192095,-0.48425156,-0.87459421,0
1.1319754,-1.2614043,-3.2343788,0.024192095,-0.48425156,-0.87459421,0
-2.1284823,-4.9417562,0.2930758,-0.97869962,-0.18987739,0.078060955,0
1.4036438,-3.6603866,3.1692841,0.20386681,-0.85407662,0.47853041,0
-3.5204601,0.75244951,-4.0535707,-0.97869962,-0.18987739,0.078060955,0
-3.3401418,2.0597057,1.0309563,-0.97869962,-0.18987739,0.078060955,0
-2.3016572,-3.1726809,0.71739352,-0.97869962,-0.18987739,0.078060955,0
-2.1478465,-3.7262774,1.3867428,-0.97869962,-0.18987739,0.078060955,0
-1.9166512,1.455559,3.1959448,-0.024192095,0.48425156,0.87459421,0
-1.9502066,-3.9160058,4.1581807,-0.97869962,-0.18987739,0.078060955,0
2.6545215,-0.21954966,4.2489595,-0.024192095,0.48425156,0.87459421,0
2.2216167,2.7884173,-4.6387372,0.97869962,0.18987739,-0.078060955,0
3.1361415,-0.6976738,-0.24955642,0.97869962,0.18987739,-0.078060955,0
3.2800565,-2.9642947,-2.3000355,0.024192095,-0.48425156,-0.87459421,0
2.5416551,1.5604974,-2.1197762,0.97869962,0.18987739,-0.078060955,0
2.6957464,-2.8413119,4.1235108,0.20386681,-0.85407662,0.47853041,0
-3.4839349,1.2284389,-3.3752046,-0.97869962,-0.18987739,0.078060955,0
-0.64433146,5.6938076,0.14203048,-0.20386681,0.85407662,-0.47853041,0
3.0720243,-2.8872881,3.8176343,0.20386681,-0.85407662,0.47853041,0
0.62624836,-0.40336215,4.1615973,-0.024192095,0.48425156,0.87459421,0
-2.7462745,4.0712204,-1.9353819,-0.20386681,0.85407662,-0.47853041,0
2.756808,-1.2699209,-3.3312368,0.024192095,-0.48425156,-0.87459421,0
1.1558456,-3.132623,4.4218116,0.20386681,-0.85407662,0.47853041,0
3.6695166,-1.4643314,3.6437621,0.97869962,0.18987739,-0.078060955,0
-0.41479632,-3.4477072,4.470315,0.20386681,-0.85407662,0.47853041,0
3.8721175,-4.289,-0.053399086,0.97869962,0.18987739,-0.078060955,0
-3.3248973,1.5477344,1.28988,-0.97869962,-0.18987739,0.078060955,0
2.0187571,5.5121789,-0.22000885,0.97869962,0.18987739,-0.078060955,0
-0.34511232,5.7257705,-0.17600036,-0.20386681,0.85407662,-0.47853041,0
2.9686923,0.15294182,-1.7092044,0.97869962,0.18987739,-0.078060955,0
0.06817627,-6.0473809,-0.27844477,0.20386681,-0.85407662,0.47853041,0
-2.0174086,-3.5624506,3.7101512,-0.97869962,-0.18987739,0.078060955,0
2.5326369,1.3882129,-2.6406426,0.97869962,0.18987739,-0.078060955,0
-3.3891582,4.2923479,-1.3537302,-0.20386681,0.85407662,-0.47853041,0
-3.0107012,0.48422432,-4.2390394,0.024192095,-0.48425156,-0.87459421,0
1.4837446,-2.4434805,5.3179941,-0.024192095,0.48425156,0.87459421,0
2.5661466,-1.7218518,-2.9811769,0.024192095,-0.48425156,-0.87459421,0
-2.3557119,1.3035448,-4.893105,0.024192095,-0.48425156,-0.87459421,0
2.158767,-2.267647,5.3066034,0.20386681,-0.85407662,0.47853041,0
-3.4966145,1.1991491,-3.2824132,-0.97869962,-0.18987739,0.078060955,0
3.2146163,-3.3304448,3.3225298,0.20386681,-0.85407662,0.47853041,0
-2.1851659,-4.5531282,0.61777484,-0.97869962,-0.18987739,0.078060955,0
-2.5716426,2.6152334,-4.6444602,-0.20386681,0.85407662,-0.47853041,0
1.8151205,-5.2103796,0.53693676,0.20386681,-0.85407662,0.47853041,0
-0.19027519,-3.4690127,-2.0643601,0.024192095,-0.48425156,-0.87459421,0
3.0311942,-5.3873382,-0.2574749,0.20386681,-0.85407662,0.47853041,0
2.2641373,-4.9288063,0.87521267,0.20386681,-0.85407662,0.47853041,0
3.0488393,-3.3194907,3.3134322,0.20386681,-0.85407662,0.47853041,0
-2.7462609,-1.8653448,-1.7711906,-0.97869962,-0.18987739,0.078060955,0
3.5070024,-0.94008231,2.955775,0.97869962,0.18987739,-0.078060955,0
3.0102966,-3.2090907,3.4482276,0.20386681,-0.85407662,0.47853041,0
-1.0391879,0.17022824,-4.0970783,0.024192095,-0.48425156,-0.87459421,0
-2.0595675,-3.0440946,4.669682,-0.97869962,-0.18987739,0.078060955,0
1.7221026,1.5553766,-4.7954831,0.024192095,-0.48425156,-0.87459421,0
-1.7285407,4.5459518,-1.3946884,-0.20386681,0.85407662,-0.47853041,0
2.4538815,2.1723056,-1.8256674,0.97869962,0.18987739,-0.078060955,0
2.7702026,-1.3549571,-3.0891695,0.024192095,-0.48425156,-0.87459421,0
2.8509085,0.77248895,-1.6864423,0.97869962,0.18987739,-0.078060955,0
0.40937948,2.701133,-5.4212446,0.024192095,-0.48425156,-0.87459421,0
-3.7757463,1.7578516,-4.7114305,-0.97869962,-0.18987739,0.078060955,0
-3.3364458,2.2805054,2.47949,-0.97869962,-0.18987739,0.078060955,0
-1.3302395,-2.8766265,-2.4914277,0.024192095,-0.48425156,-0.87459421,0
-2.7758107,0.08822608,3.1037898,-0.97869962,-0.18987739,0.078060955,0
1.0433924,4.9551024,1.2757291,-0.024192095,0.48425156,0.87459421,0
2.3734052,2.8760347,-0.83238792,0.97869962,0.18987739,-0.078060955,0
3.0556123,-5.2064753,-0.27376604,0.20386681,-0.85407662,0.47853041,0
-3.0909724,1.3969352,2.3076749,-0.97869962,-0.18987739,0.078060955,0
2.4912634,-4.5783796,-1.3145173,0.024192095,-0.48425156,-0.87459421,0
2.9151096,-0.16857076,-1.7339333,0.97869962,0.18987739,-0.078060955,0
1.011647,-2.0407085,5.2068925,-0.024192095,0.48425156,0.87459421,0
0.98472929,5.9885798,0.62066889,-0.024192095,0.48425156,0.87459421,0
-1.5055977,-4.0836625,3.9520707,0.20386681,-0.85407662,0.47853041,0
1.9160769,-3.9802549,2.6726856,0.20386681,-0.85407662,0.47853041,0
-1.6895499,-2.7749691,-2.4727423,0.024192095,-0.48425156,-0.87459421,0
-3.1744003,-0.96481228,-2.9794374,-0.97869962,-0.18987739,0.078060955,0
-2.2961493,5.3943663,0.84589458,-0.024192095,0.48425156,0.87459421,0
-2.7660794,-0.50475299,1.7050335,-0.97869962,-0.18987739,0.078060955,0
-1.4890009,-2.4618957,5.3259997,-0.024192095,0.48425156,0.87459421,0
-1.9034097,-0.34320986,4.0449004,-0.024192095,0.48425156,0.87459421,0
0.82927632,-3.6763916,3.6162317,0.20386681,-0.85407662,0.47853041,0
3.7298846,-2.1710894,4.856235,0.20386681,-0.85407662,0.47853041,0
1.1170759,-5.7085772,-0.29496574,0.20386681,-0.85407662,0.47853041,0
2.7957032,0.22399139,-2.2120671,0.97869962,0.18987739,-0.078060955,0
3.649859,-2.6907527,0.77171493,0.97869962,0.18987739,-0.078060955,0
3.1320901,0.25670815,1.6439118,0.97869962,0.18987739,-0.078060955,0
2.2224965,-4.0506182,-1.7184763,0.024192095,-0.48425156,-0.87459421,0
2.5602345,-5.0378199,0.44696951,0.20386681,-0.85407662,0.47853041,0
2.8795414,0.085875154,-1.8384317,0.97869962,0.18987739,-0.078060955,0
2.550843,1.9426266,-1.4976373,0.97869962,0.18987739,-0.078060955,0
2.1999447,2.970947,-4.2123685,0.97869962,0.18987739,-0.078060955,0
2.5494356,3.0439754,-0.13996807,0.97869962,0.18987739,-0.078060955,0
0.66924906,4.1922441,1.6694739,-0.024192095,0.48425156,0.87459421,0
-3.8762555,3.2402797,-2.4876971,-0.97869962,-0.18987739,0.078060955,0
0.012340069,-5.9752774,-0.76296663,0.024192095,-0.48425156,-0.87459421,0
-3.4985623,0.85603619,-2.7236705,-0.97869962,-0.18987739,0.078060955,0
-0.60377169,3.6549902,1.9585637,-0.024192095,0.48425156,0.87459421,0
3.2678699,-3.4967198,2.9739385,0.20386681,-0.85407662,0.47853041,0
-1.0438969,-1.3290343,-3.2926888,0.024192095,-0.48425156,-0.87459421,0
0.26763606,3.2686219,2.1117032,-0.024192095,0.48425156,0.87459421,0
3.8814731,-1.9558017,4.8249197,0.97869962,0.18987739,-0.078060955,0
0.39401352,2.9250915,-5.4973626,-0.20386681,0.85407662,-0.47853041,0
-0.13040829,4.5988212,-2.1148422,-0.20386681,0.85407662,-0.47853041,0
-3.5198741,5.4972572,0.94581342,-0.024192095,0.48425156,0.87459421,0
2.4918647,-3.8685758,2.3510294,0.20386681,-0.85407662,0.47853041,0
-2.6235452,3.3811328,-3.0933239,-0.20386681,0.85407662,-0.47853041,0
3.849493,-3.6274862,1.5983987,0.97869962,0.18987739,-0.078060955,0
-2.09113,-2.8308084,4.099256,-0.97869962,-0.18987739,0.078060955,0
1.292743,-2.282347,-2.6420825,0.024192095,-0.48425156,-0.87459421,0
-0.041844368,3.0674267,-5.1540136,-0.20386681,0.85407662,-0.47853041,0
-0.041209221,5.6726656,-0.18507457,-0.20386681,0.85407662,-0.47853041,0
-3.2163754,-0.12759686,-1.9223635,-0.97869962,-0.18987739,0.078060955,0
-2.2852707,-2.478888,2.8388796,-0.97869962,-0.18987739,0.078060955,0
-1.496995,5.6156702,0.098886013,-0.20386681,0.85407662,-0.47853041,0
0.5931704,1.2894908,-4.7693834,0.024192095,-0.48425156,-0.87459421,0
0.2893033,5.7678213,-0.26013494,-0.20386681,0.85407662,-0.47853041,0
-0.27370349,-3.589612,4.2293768,0.20386681,-0.85407662,0.47853041,0
3.8135011,-4.3259807,1.2383938,0.20386681,-0.85407662,0.47853041,0
3.5183172,-5.0485954,-0.17741013,0.20386681,-0.85407662,0.47853041,0
-2.1122031,-2.4420409,5.2108617,-0.97869962,-0.18987739,0.078060955,0
3.1144156,-4.4136915,1.2634418,0.20386681,-0.85407662,0.47853041,0
3.3715909,-1.4597826,1.3964543,0.97869962,0.18987739,-0.078060955,0
2.1664314,4.159296,-0.85091126,0.97869962,0.18987739,-0.078060955,0
-2.8768733,-0.0388937,2.3173578,-0.97869962,-0.18987739,0.078060955,0
2.5847635,2.9708774,2.4710627,-0.024192095,0.48425156,0.87459421,0
-2.0317507,-5.1517563,-0.62446052,-0.97869962,-0.18987739,0.078060955,0
-3.0969176,0.065382957,0.37111878,-0.97869962,-0.18987739,0.078060955,0
2.1730161,-4.3477058,-1.6105063,0.024192095,-0.48425156,-0.87459421,0
2.8538876,1.1426167,-0.28313226,0.97869962,0.18987739,-0.078060955,0
-2.2190709,-2.5403786,4.7441306,-0.97869962,-0.18987739,0.078060955,0
-1.2983708,4.5599022,-1.810463,-0.20386681,0.85407662,-0.47853041,0
0.97919524,3.7790756,-4.2959747,-0.20386681,0.85407662,-0.47853041,0
1.7980413,-4.2518167,-1.6751182,0.024192095,-0.48425156,-0.87459421,0
-3.0288739,1.0996192,3.3086576,-0.024192095,0.48425156,0.87459421,0
-0.38683653,4.0104175,1.8118896,-0.024192095,0.48425156,0.87459421,0
-3.7480307,3.5484295,-2.5776837,-0.20386681,0.85407662,-0.47853041,0
-3.7526343,2.2091336,-2.1731582,-0.97869962,-0.18987739,0.078060955,0
3.5711904,-0.59333992,3.8415377,0.97869962,0.18987739,-0.078060955,0
2.6757498,0.32876849,-4.0311356,0.97869962,0.18987739,-0.078060955,0
3.8544354,-4.5825062,-0.53693724,0.97869962,0.18987739,-0.078060955,0
-2.0996511,-3.0019624,5.0254817,-0.97869962,-0.18987739,0.078060955,0
-2.9126699,1.027823,-4.6545119,0.024192095,-0.48425156,-0.87459421,0
2.4883385,3.3055353,0.39535898,0.97869962,0.18987739,-0.078060955,0
-2.8703012,0.57412839,-4.3107719,0.024192095,-0.48425156,-0.87459421,0
3.0496266,0.91439223,1.7733912,0.97869962,0.18987739,-0.078060955,0
1.1723268,-1.3612051,4.7187266,-0.024192095,0.48425156,0.87459421,0
0.47730255,-5.9120979,-0.50306559,0.20386681,-0.85407662,0.47853041,0
-0.40653762,-3.4075775,4.716506,0.20386681,-0.85407662,0.47853041,0
-1.6671672,2.1368849,-5.2012033,0.024192095,-0.48425156,-0.87459421,0
2.5447357,3.3924046,2.1722908,-0.024192095,0.48425156,0.87459421,0
-0.91037631,5.0334387,-1.2279773,-0.20386681,0.85407662,-0.47853041,0
-3.2104878,3.9721444,-1.9492226,-0.20386681,0.85407662,-0.47853041,0
3.4341369,-1.6972091,0.28783751,0.97869962,0.18987739,-0.078060955,0
1.7714663,0.51583695,3.8369825,-0.024192095,0.48425156,0.87459421,0
-2.5106983,0.84111428,-4.5766916,0.024192095,-0.48425156,-0.87459421,0
1.3725452,6.078495,-0.37812042,-0.20386681,0.85407662,-0.47853041,0
-0.98762017,2.8561645,-4.973443,-0.20386681,0.85407662,-0.47853041,0
-1.9543192,-5.9413829,0.66645527,-0.97869962,-0.18987739,0.078060955,0
0.039176583,-3.3874893,4.3790054,0.20386681,-0.85407662,0.47853041,0
1.432734,-2.7265797,-2.3547378,0.024192095,-0.48425156,-0.87459421,0
3.0807369,-1.6433532,-2.9211359,0.97869962,0.18987739,-0.078060955,0
3.7606487,-2.4289887,1.8198571,0.97869962,0.18987739,-0.078060955,0
-2.76261,-2.2546096,-2.112658,-0.97869962,-0.18987739,0.078060955,0
1.8122408,-0.093644381,4.1147628,-0.024192095,0.48425156,0.87459421,0
-2.35869,-2.7734666,2.1523867,-0.97869962,-0.18987739,0.078060955,0
-1.0958542,-3.5285828,4.5327458,0.20386681,-0.85407662,0.47853041,0
0.25116539,-4.0064979,-1.7458353,0.024192095,-0.48425156,-0.87459421,0
-2.8758764,0.35876584,2.9369168,-0.97869962,-0.18987739,0.078060955,0
2.1248918,-2.0342731,5.0867119,-0.024192095,0.48425156,0.87459421,0
-1.391458,-5.2904496,-1.1918175,0.024192095,-0.48425156,-0.87459421,0
-0.88763762,3.6755009,-3.5892892,-0.20386681,0.85407662,-0.47853041,0
-2.4745378,-3.489089,-0.10732749,-0.97869962,-0.18987739,0.078060955,0
-1.5682609,5.2632999,-0.58361721,-0.20386681,0.85407662,-0.47853041,0
0.50539303,6.1415653,0.47900915,-0.20386681,0.85407662,-0.47853041,0
2.0155926,6.0237942,0.56888545,0.97869962,0.18987739,-0.078060955,0
1.8929946,2.4502718,2.6287539,-0.024192095,0.48425156,0.87459421,0
-0.17225504,-1.449174,-3.2861924,0.024192095,-0.48425156,-0.87459421,0
3.6162987,-1.9765832,0.98804712,0.97869962,0.18987739,-0.078060955,0
-2.7290163,-1.8968618,0.47084558,-0.97869962,-0.18987739,0.078060955,0
-2.8817451,-0.32902157,2.4424937,-0.97869962,-0.18987739,0.078060955,0
2.480732,2.4724646,-0.56594765,0.97869962,0.18987739,-0.078060955,0
2.6645937,-3.3498003,3.3205211,0.20386681,-0.85407662,0.47853041,0
3.9669175,-3.2180228,3.1921911,0.20386681,-0.85407662,0.47853041,0
-0.98599303,4.146657,-2.564393,-0.20386681,0.85407662,-0.47853041,0
-1.1064432,-1.8391795,4.9914608,-0.024192095,0.48425156,0.87459421,0
0.46208119,2.6732054,2.5905676,-0.024192095,0.48425156,0.87459421,0
-2.1537614,-3.9683588,2.6670628,-0.97869962,-0.18987739,0.078060955,0
-3.0266299,-0.050604105,0.27771473,-0.97869962,-0.18987739,0.078060955,0
-0.62068319,-5.6289668,-0.84596825,0.024192095,-0.48425156,-0.87459421,0
2.0302672,4.8412066,-2.3549962,0.97869962,0.18987739,-0.078060955,0
1.499311,4.8100214,1.4561822,-0.024192095,0.48425156,0.87459421,0
2.0322866,-4.2148519,-1.6595472,0.024192095,-0.48425156,-0.87459421,0
2.7246153,-0.46698517,-3.6165254,0.024192095,-0.48425156,-0.87459421,0
-0.26764488,4.5053391,1.4810264,-0.024192095,0.48425156,0.87459421,0
0.60004711,4.6806445,1.446101,-0.024192095,0.48425156,0.87459421,0
-2.3136094,2.1399469,-5.1736059,0.024192095,-0.48425156,-0.87459421,0
3.77473,-1.7871227,3.4888418,0.97869962,0.18987739,-0.078060955,0
-1.9835505,-5.6193037,1.1608716,-0.97869962,-0.18987739,0.078060955,0
-3.2453556,0.036865473,-1.5257813,-0.97869962,-0.18987739,0.078060955,0
1.7277627,-5.0831728,-1.2014577,0.024192095,-0.48425156,-0.87459421,0
3.1303642,0.70431113,3.2963552,0.97869962,0.18987739,-0.078060955,0
-3.3939784,0.39337945,-2.1134131,-0.97869962,-0.18987739,0.078060955,0
3.5630405,-3.4890051,2.891983,0.20386681,-0.85407662,0.47853041,0
2.193347,-2.372391,-2.556601,0.024192095,-0.48425156,-0.87459421,0
-1.0492561,5.1469083,-0.78001761,-0.20386681,0.85407662,-0.47853041,0
3.3414958,-1.9442887,-2.1971891,0.97869962,0.18987739,-0.078060955,0
-0.47066772,2.6949141,-5.3748093,-0.20386681,0.85407662,-0.47853041,0
-3.6384647,1.549053,-5.0578809,0.024192095,-0.48425156,-0.87459421,0
1.9144428,3.4408083,-4.9861932,0.97869962,0.18987739,-0.078060955,0
0.73289251,-5.3379216,-1.1131196,0.024192095,-0.48425156,-0.87459421,0
3.1205931,-3.6726735,2.6524868,0.20386681,-0.85407662,0.47853041,0
-0.91577053,-3.5897777,-2.0334606,0.024192095,-0.48425156,-0.87459421,0
2.3142333,-2.4211674,5.2599435,0.20386681,-0.85407662,0.47853041,0
0.042039126,3.3039918,-4.4625063,-0.20386681,0.85407662,-0.47853041,0
-0.59744978,-5.3642116,1.3212612,0.20386681,-0.85407662,0.47853041,0
0.29812682,-2.7987075,5.2088113,0.20386681,-0.85407662,0.47853041,0
-2.6386204,-2.1665883,-2.7889237,0.024192095,-0.48425156,-0.87459421,0
3.1646845,-0.47953439,-0.7354455,0.97869962,0.18987739,-0.078060955,0
0.15153117,-3.4702168,4.267911,0.20386681,-0.85407662,0.47853041,0
-3.1346469,-0.024553299,-1.1073705,-0.97869962,-0.18987739,0.078060955,0
1.7409422,5.0779305,-2.2898397,-0.20386681,0.85407662,-0.47853041,0
0.039863944,1.4590518,-4.7009439,0.024192095,-0.48425156,-0.87459421,0
-0.24765491,0.18851423,-4.0310788,0.024192095,-0.48425156,-0.87459421,0
-1.1575954,-0.21871996,-3.8036294,0.024192095,-0.48425156,-0.87459421,0
-3.1324863,1.0151827,2.84355,-0.97869962,-0.18987739,0.078060955,0
1.106688,-5.7248864,-0.16510653,0.20386681,-0.85407662,0.47853041,0
2.5885303,1.556839,-2.9837947,0.97869962,0.18987739,-0.078060955,0
3.0219054,0.56872296,0.78152239,0.97869962,0.18987739,-0.078060955,0
3.7606442,-2.3084998,3.8430979,0.97869962,0.18987739,-0.078060955,0
2.1897929,-0.11751387,-3.7660761,0.024192095,-0.48425156,-0.87459421,0
-3.4330471,2.366941,2.2916145,-0.97869962,-0.18987739,0.078060955,0
-2.2502174,2.5385208,2.5205283,-0.024192095,0.48425156,0.87459421,0
-0.42086983,-2.1743937,-2.723372,0.024192095,-0.48425156,-0.87459421,0
2.1819987,4.2096753,1.6885099,-0.024192095,0.48425156,0.87459421,0
0.27555907,-3.1304755,4.7020254,0.20386681,-0.85407662,0.47853041,0
-1.3847034,5.1497588,-0.67247438,-0.20386681,0.85407662,-0.47853041,0
3.2282534,0.59096217,3.0757513,0.97869962,0.18987739,-0.078060955,0
2.8954599,1.3111017,1.4292816,0.97869962,0.18987739,-0.078060955,0
-3.1105025,1.1787097,-4.6545382,0.024192095,-0.48425156,-0.87459421,0
-2.2657118,-4.4300733,0.21756989,-0.97869962,-0.18987739,0.078060955,0
-0.36716413,-5.8230486,0.030523777,0.20386681,-0.85407662,0.47853041,0
0.49689078,1.2799562,-4.8088713,0.024192095,-0.48425156,-0.87459421,0
-3.7243824,1.7097907,-4.6981964,-0.97869962,-0.18987739,0.078060955,0
0.62844133,-1.5169301,-3.2349789,0.024192095,-0.48425156,-0.87459421,0
-1.8910122,-4.1331282,3.7272508,0.20386681,-0.85407662,0.47853041,0
0.34207869,2.63169,-5.497611,0.024192095,-0.48425156,-0.87459421,0
2.6733627,-2.9706111,-2.3837242,0.024192095,-0.48425156,-0.87459421,0
2.427815,3.3417447,2.1461892,-0.024192095,0.48425156,0.87459421,0
-0.32772541,-0.10785127,4.00211,-0.024192095,0.48425156,0.87459421,0
3.415575,-2.6007724,-1.610916,0.97869962,0.18987739,-0.078060955,0
-2.3769822,-3.7637804,-0.66670829,-0.97869962,-0.18987739,0.078060955,0
