-0.80981851,3.8805051,-3.0117323,0.39652339,0.17830193,-0.90054297,0
-1.3914977,4.046876,-3.0726488,0.39652339,0.17830193,-0.90054297,0
3.7660608,0.016469479,-1.6268406,0.39652339,0.17830193,-0.90054297,0
-0.033978939,3.7656496,1.7906951,0.52073991,0.76418471,0.3805939,0
2.7773097,-3.9196987,-2.9772584,0.39652339,0.17830193,-0.90054297,0
-2.160037,-0.78013086,-4.4737859,-0.52073991,-0.76418471,-0.3805939,0
2.9116149,2.8047974,-1.5724144,0.39652339,0.17830193,-0.90054297,0
3.4170094,-1.451828,4.4680099,-0.39652339,-0.17830193,0.90054297,0
4.3344979,-1.6741886,0.60973978,0.75604177,-0.61986303,0.21016818,0
-5.1334629,-0.58187938,-1.2531734,-0.52073991,-0.76418471,-0.3805939,0
3.6437292,-1.2860429,4.6868839,0.75604177,-0.61986303,0.21016818,0
3.3661842,-0.31345153,-1.9229629,0.39652339,0.17830193,-0.90054297,0
-0.44002867,-3.9420958,2.269712,-0.39652339,-0.17830193,0.90054297,0
4.1260324,-2.7975452,-2.0945818,0.39652339,0.17830193,-0.90054297,0
-2.9990036,2.3878849,-3.9846809,-0.75604177,0.61986303,-0.21016818,0
2.3081782,-3.6666546,2.2348599,0.75604177,-0.61986303,0.21016818,0
-1.742848,4.5363836,-1.888871,-0.75604177,0.61986303,-0.21016818,0
-1.9880717,0.63499779,-4.0613694,0.39652339,0.17830193,-0.90054297,0
-2.2788606,3.9646761,-1.6869981,-0.75604177,0.61986303,-0.21016818,0
5.5641489,0.0214324,1.308219,0.52073991,0.76418471,0.3805939,0
3.02911,-2.5185997,2.6644747,0.75604177,-0.61986303,0.21016818,0
-5.2334146,0.6254704,-0.76997042,-0.75604177,0.61986303,-0.21016818,0
-2.496532,4.6067371,1.3217275,-0.75604177,0.61986303,-0.21016818,0
-3.4601262,3.671936,2.5207071,-0.39652339,-0.17830193,0.90054297,0
3.4061625,-2.8195796,0.47044873,0.75604177,-0.61986303,0.21016818,0
1.4677775,0.4728303,-2.6380098,0.39652339,0.17830193,-0.90054297,0
4.4341888,-1.8698246,0.2982192,0.75604177,-0.61986303,0.21016818,0
-2.7009268,2.4870355,-4.0378513,-0.75604177,0.61986303,-0.21016818,0
-4.112196,0.14387465,-4.0127211,-0.52073991,-0.76418471,-0.3805939,0
-5.3693838,0.66402411,-0.013569832,-0.75604177,0.61986303,-0.21016818,0
1.4997944,-4.818284,2.1252787,0.75604177,-0.61986303,0.21016818,0
-4.7754602,-0.90947247,1.0974226,-0.39652339,-0.17830193,0.90054297,0
-1.6305742,5.0033879,-0.90206885,-0.75604177,0.61986303,-0.21016818,0
-1.1455517,3.8075771,3.3028419,0.52073991,0.76418471,0.3805939,0
-0.31296968,-3.9271798,-1.0988369,-0.52073991,-0.76418471,-0.3805939,0
-2.2498693,4.5960517,0.055592775,-0.75604177,0.61986303,-0.21016818,0
1.6751881,-4.5817404,1.8592337,0.75604177,-0.61986303,0.21016818,0
-2.7950976,3.2550354,-1.4122217,-0.75604177,0.61986303,-0.21016818,0
5.3128471,0.86496544,0.45134401,0.52073991,0.76418471,0.3805939,0
0.42967987,4.4220572,-0.32142153,0.52073991,0.76418471,0.3805939,0
-4.8891997,-1.2336788,-0.18603182,-0.52073991,-0.76418471,-0.3805939,0
-1.6637435,4.2864923,-3.1038795,-0.75604177,0.61986303,-0.21016818,0
-4.1676764,1.5336545,-2.0960114,-0.75604177,0.61986303,-0.21016818,0
0.72179484,-5.588985,1.8808732,0.75604177,-0.61986303,0.21016818,0
1.5017507,-2.5488997,-3.1627159,0.39652339,0.17830193,-0.90054297,0
-1.2044268,-2.3802638,-2.6726751,-0.52073991,-0.76418471,-0.3805939,0
-0.31024742,-3.4142532,-1.9403796,-0.52073991,-0.76418471,-0.3805939,0
-2.4860432,-1.6828063,1.9736054,-0.39652339,-0.17830193,0.90054297,0
-0.47915018,-0.83998489,2.9241285,-0.39652339,-0.17830193,0.90054297,0
-3.6507416,2.5335474,-0.47643232,-0.75604177,0.61986303,-0.21016818,0
3.0921073,2.5093331,0.038464308,0.52073991,0.76418471,0.3805939,0
4.2363849,1.1716418,1.1644557,0.52073991,0.76418471,0.3805939,0
-0.064272404,-1.8297606,-3.6577516,0.39652339,0.17830193,-0.90054297,0
-3.2525229,-0.60930145,-3.5882125,-0.52073991,-0.76418471,-0.3805939,0
0.040356636,3.1950059,2.6852899,0.52073991,0.76418471,0.3805939,0
-0.094097614,-4.2258945,-0.32973731,-0.52073991,-0.76418471,-0.3805939,0
4.112318,-1.8794376,1.281033,0.75604177,-0.61986303,0.21016818,0
1.9094518,-0.46592808,-2.689672,0.39652339,0.17830193,-0.90054297,0
1.6242118,1.4908109,4.1668687,0.52073991,0.76418471,0.3805939,0
-4.9395156,0.83813691,-0.75013447,-0.75604177,0.61986303,-0.21016818,0
1.880784,-4.5380287,0.83473229,0.75604177,-0.61986303,0.21016818,0
2.212122,3.8895802,-1.6900657,0.39652339,0.17830193,-0.90054297,0
0.6834147,-0.61677718,-3.2498069,0.39652339,0.17830193,-0.90054297,0
-0.16693258,-1.7172302,-3.6450496,0.39652339,0.17830193,-0.90054297,0
3.973779,-0.63631916,4.940877,0.52073991,0.76418471,0.3805939,0
2.3470292,-3.5131159,2.1889601,0.75604177,-0.61986303,0.21016818,0
2.2367573,-3.3214979,3.1202579,0.75604177,-0.61986303,0.21016818,0
2.3668263,1.0000185,3.7489052,0.52073991,0.76418471,0.3805939,0
-1.4717414,-3.0785823,-1.2185671,-0.52073991,-0.76418471,-0.3805939,0
3.5782714,2.0518329,-1.4119065,0.39652339,0.17830193,-0.90054297,0
1.4770858,2.6129596,1.8260769,0.52073991,0.76418471,0.3805939,0
2.5866694,1.7325079,2.0094495,0.52073991,0.76418471,0.3805939,0
3.8433719,1.0836897,-1.3241644,0.39652339,0.17830193,-0.90054297,0
-1.4036947,3.1153049,-3.2992191,0.39652339,0.17830193,-0.90054297,0
-2.2102077,3.4713697,-3.0381598,-0.75604177,0.61986303,-0.21016818,0
-3.3543646,0.11706504,-4.7962379,-0.52073991,-0.76418471,-0.3805939,0
0.75793314,-4.8964205,-0.22794604,-0.52073991,-0.76418471,-0.3805939,0
2.7611551,-0.56778669,4.3942308,-0.39652339,-0.17830193,0.90054297,0
-1.2138984,-0.72095418,-4.046845,0.39652339,0.17830193,-0.90054297,0
-2.7002187,4.6865993,2.2704692,-0.75604177,0.61986303,-0.21016818,0
0.25789976,-3.0116155,-3.6007488,-0.52073991,-0.76418471,-0.3805939,0
-0.802495,-4.2245684,2.23455,-0.39652339,-0.17830193,0.90054297,0
0.46010637,4.8183575,-1.1724459,0.52073991,0.76418471,0.3805939,0
3.1196554,-0.53985167,-2.0864787,0.39652339,0.17830193,-0.90054297,0
-1.7899408,-2.5082707,-1.8252108,-0.52073991,-0.76418471,-0.3805939,0
5.1211238,-0.43302631,2.0829248,0.75604177,-0.61986303,0.21016818,0
2.7118258,-4.7047377,-1.8554213,0.75604177,-0.61986303,0.21016818,0
1.8700662,-2.0111985,-2.8757055,0.39652339,0.17830193,-0.90054297,0
-0.88822842,-2.3216496,-3.5690618,-0.52073991,-0.76418471,-0.3805939,0
4.2242813,-1.8975015,0.3036356,0.75604177,-0.61986303,0.21016818,0
-0.05755806,3.9761066,1.0727513,0.52073991,0.76418471,0.3805939,0
5.5097141,0.6779983,0.239676,0.52073991,0.76418471,0.3805939,0
-1.5646372,-3.7999039,0.71707034,-0.52073991,-0.76418471,-0.3805939,0
5.1767311,0.67966247,0.58017826,0.52073991,0.76418471,0.3805939,0
3.5189092,-1.3517005,4.4132786,0.75604177,-0.61986303,0.21016818,0
-0.40678596,-0.51936698,3.0829203,-0.39652339,-0.17830193,0.90054297,0
0.03880167,-5.3187823,1.2053697,-0.52073991,-0.76418471,-0.3805939,0
-1.8729911,4.9669547,1.8072628,0.52073991,0.76418471,0.3805939,0
-3.2956967,-1.1916401,1.6194358,-0.39652339,-0.17830193,0.90054297,0
-0.77076685,1.8635702,-3.2266536,0.39652339,0.17830193,-0.90054297,0
0.4894886,-3.2293284,-3.5367184,-0.52073991,-0.76418471,-0.3805939,0
-2.5988314,-0.46911061,-4.6615534,0.39652339,0.17830193,-0.90054297,0
-3.2251403,-0.85869062,-3.1374531,-0.52073991,-0.76418471,-0.3805939,0
0.38773894,-0.20766759,-3.0940943,0.39652339,0.17830193,-0.90054297,0
-1.4702616,5.220098,-0.44236851,-0.75604177,0.61986303,-0.21016818,0
3.4215326,-0.12760878,-1.7700748,0.39652339,0.17830193,-0.90054297,0
2.2061176,-5.136363,-1.5441992,0.75604177,-0.61986303,0.21016818,0
0.69198942,3.2267914,1.8913026,0.52073991,0.76418471,0.3805939,0
-1.9638939,2.44662,2.8822584,-0.39652339,-0.17830193,0.90054297,0
-0.07385999,1.72332,-3.0019755,0.39652339,0.17830193,-0.90054297,0
-2.9870033,2.5648527,-2.6968489,-0.75604177,0.61986303,-0.21016818,0
-1.8296131,4.0381236,-2.7763596,-0.75604177,0.61986303,-0.21016818,0
4.6067677,-2.3004572,-1.8219714,0.39652339,0.17830193,-0.90054297,0
-5.0528049,1.270766,0.052238941,-0.75604177,0.61986303,-0.21016818,0
0.45784926,-0.80089974,-3.380008,0.39652339,0.17830193,-0.90054297,0
-0.21747494,-1.6127582,-3.7719488,0.39652339,0.17830193,-0.90054297,0
-0.97160578,2.8381119,3.5240107,-0.39652339,-0.17830193,0.90054297,0
-4.5201387,-1.8216603,0.76469088,-0.52073991,-0.76418471,-0.3805939,0
-0.90405083,-4.7821646,1.8774165,-0.39652339,-0.17830193,0.90054297,0
2.8390889,0.99609572,3.0571904,0.52073991,0.76418471,0.3805939,0
2.8115778,2.8520589,-0.3202734,0.52073991,0.76418471,0.3805939,0
-0.023833215,3.0579126,-2.8362455,0.39652339,0.17830193,-0.90054297,0
1.2011876,2.3355653,2.7764101,0.52073991,0.76418471,0.3805939,0
0.25963068,-3.6233582,-2.2935481,-0.52073991,-0.76418471,-0.3805939,0
1.2199951,-4.141139,3.0067375,-0.39652339,-0.17830193,0.90054297,0
-0.97028446,-1.3673153,2.527545,-0.39652339,-0.17830193,0.90054297,0
-2.72103,3.7671762,-0.55900145,-0.75604177,0.61986303,-0.21016818,0
2.9049385,0.3560276,-1.8714176,0.39652339,0.17830193,-0.90054297,0
5.3988185,0.46975827,1.0037851,0.52073991,0.76418471,0.3805939,0
5.0625386,0.77794003,0.50031424,0.52073991,0.76418471,0.3805939,0
-2.9920731,-0.10600162,-4.6607895,0.39652339,0.17830193,-0.90054297,0
4.775465,-0.63349104,2.2596533,0.75604177,-0.61986303,0.21016818,0
1.4268539,-0.29146981,4.0084267,-0.39652339,-0.17830193,0.90054297,0
1.743016,2.9770303,0.99424642,0.52073991,0.76418471,0.3805939,0
2.5275629,2.8471429,0.15042996,0.52073991,0.76418471,0.3805939,0
-2.5085638,4.0556808,-0.86050987,-0.75604177,0.61986303,-0.21016818,0
0.23337221,5.3069248,-1.8076723,0.52073991,0.76418471,0.3805939,0
-1.865165,2.2535512,3.0054753,-0.39652339,-0.17830193,0.90054297,0
3.3423135,-1.4725285,-2.1991591,0.39652339,0.17830193,-0.90054297,0
1.6758604,3.6489129,-1.8358928,0.39652339,0.17830193,-0.90054297,0
-0.75775576,3.8004608,2.7201602,0.52073991,0.76418471,0.3805939,0
-2.0565672,4.2951131,-1.315167,-0.75604177,0.61986303,-0.21016818,0
2.9718802,-3.87463,-1.1500304,0.75604177,-0.61986303,0.21016818,0
-0.69918394,-2.6455324,-3.1156516,-0.52073991,-0.76418471,-0.3805939,0
0.35155964,3.1525974,2.2244921,0.52073991,0.76418471,0.3805939,0
5.6657782,-0.18014669,0.036324978,0.75604177,-0.61986303,0.21016818,0
0.60192442,4.1869464,0.0084083378,0.52073991,0.76418471,0.3805939,0
0.70324886,-2.9780908,3.0857036,-0.39652339,-0.17830193,0.90054297,0
-1.0937414,4.7086611,1.3448867,0.52073991,0.76418471,0.3805939,0
-2.3407612,1.6459086,-4.0377636,0.39652339,0.17830193,-0.90054297,0
1.7831268,1.9849701,2.7713675,0.52073991,0.76418471,0.3805939,0
-2.3178618,-3.8459539,1.5476429,-0.52073991,-0.76418471,-0.3805939,0
0.37752223,2.1738658,-2.6411693,0.39652339,0.17830193,-0.90054297,0
-3.1530468,1.4844222,-4.3407536,0.39652339,0.17830193,-0.90054297,0
5.4237828,0.17743564,1.1581869,0.52073991,0.76418471,0.3805939,0
3.7913542,0.65661359,-1.5861981,0.39652339,0.17830193,-0.90054297,0
-2.1233778,5.1135182,1.7931666,0.52073991,0.76418471,0.3805939,0
-0.5476315,-4.5077782,2.170624,-0.39652339,-0.17830193,0.90054297,0
-0.090649128,-3.7149763,-1.5135233,-0.52073991,-0.76418471,-0.3805939,0
-1.5298865,-1.0524826,2.429024,-0.39652339,-0.17830193,0.90054297,0
-3.8444083,-2.4082701,0.75412202,-0.52073991,-0.76418471,-0.3805939,0
-0.033166885,2.9373488,3.1865244,0.52073991,0.76418471,0.3805939,0
-1.758451,-1.1762666,-4.1867142,-0.52073991,-0.76418471,-0.3805939,0
-2.2309675,-2.7535281,1.8767401,-0.39652339,-0.17830193,0.90054297,0
-3.5800252,1.7393794,-3.4663739,-0.75604177,0.61986303,-0.21016818,0
4.0247068,-1.9065322,1.4352317,0.75604177,-0.61986303,0.21016818,0
4.2979808,1.7517915,-0.43359303,0.52073991,0.76418471,0.3805939,0
-3.4375322,-2.2509155,1.268245,-0.39652339,-0.17830193,0.90054297,0
4.9821444,1.3501291,-0.16311026,0.52073991,0.76418471,0.3805939,0
4.6961126,1.864347,-0.85085106,0.52073991,0.76418471,0.3805939,0
-0.012613297,2.8254519,3.6933994,0.52073991,0.76418471,0.3805939,0
0.010785103,2.849721,3.4215717,0.52073991,0.76418471,0.3805939,0
-3.9647415,3.0095804,2.1863418,-0.75604177,0.61986303,-0.21016818,0
-3.0457942,2.4107256,-3.4400299,-0.75604177,0.61986303,-0.21016818,0
-3.2763033,-2.2899818,-0.34335423,-0.52073991,-0.76418471,-0.3805939,0
-2.7378197,4.0164433,0.60250831,-0.75604177,0.61986303,-0.21016818,0
-1.576309,4.3601303,-2.5130363,-0.75604177,0.61986303,-0.21016818,0
-2.8402843,-0.81429935,-3.6109328,-0.52073991,-0.76418471,-0.3805939,0
-2.4723885,3.0018356,-3.407691,-0.75604177,0.61986303,-0.21016818,0
-0.30125189,5.7738571,-1.7294453,0.52073991,0.76418471,0.3805939,0
-0.38337421,-3.9895687,2.4371679,-0.39652339,-0.17830193,0.90054297,0
-1.8500402,5.0341797,-0.013041019,-0.75604177,0.61986303,-0.21016818,0
-4.9279723,1.2569513,-0.035295486,-0.75604177,0.61986303,-0.21016818,0
4.6990776,-2.1558309,-1.6512442,0.75604177,-0.61986303,0.21016818,0
-2.5819058,3.7579212,-1.0934043,-0.75604177,0.61986303,-0.21016818,0
-2.9939601,-1.2558953,-2.7958243,-0.52073991,-0.76418471,-0.3805939,0
-0.37623262,-2.7406955,-3.2822232,-0.52073991,-0.76418471,-0.3805939,0
-0.40695906,-3.5238485,-1.4681668,-0.52073991,-0.76418471,-0.3805939,0
-2.4461408,-0.86707687,-4.2363977,-0.52073991,-0.76418471,-0.3805939,0
-2.6619408,4.3162608,1.0318313,-0.75604177,0.61986303,-0.21016818,0
-3.5178945,-1.4408455,1.442189,-0.39652339,-0.17830193,0.90054297,0
2.1746426,-4.9778414,-0.71025109,0.75604177,-0.61986303,0.21016818,0
-1.8950984,-1.6260076,2.2828574,-0.39652339,-0.17830193,0.90054297,0
2.5814381,-4.1108785,-0.22742844,0.75604177,-0.61986303,0.21016818,0
1.4544082,-5.3578081,0.060198784,0.75604177,-0.61986303,0.21016818,0
-2.351898,3.050853,-3.7182603,-0.75604177,0.61986303,-0.21016818,0
1.8974959,-0.78676796,-2.6298525,0.39652339,0.17830193,-0.90054297,0
3.2576571,-1.3735641,4.4711666,-0.39652339,-0.17830193,0.90054297,0
4.1773739,1.6385467,0.1358366,0.52073991,0.76418471,0.3805939,0
2.0978184,-3.952714,1.9786294,0.75604177,-0.61986303,0.21016818,0
0.64553261,-4.0735002,-1.8866857,-0.52073991,-0.76418471,-0.3805939,0
0.0076141357,-3.4566565,-2.4646358,-0.52073991,-0.76418471,-0.3805939,0
-3.0421591,-1.1788874,-2.4595957,-0.52073991,-0.76418471,-0.3805939,0
1.7836061,0.95671344,4.2783394,-0.39652339,-0.17830193,0.90054297,0
-2.9737582,2.9477355,-1.5591826,-0.75604177,0.61986303,-0.21016818,0
-2.144032,4.2960196,-1.4333069,-0.75604177,0.61986303,-0.21016818,0
1.8326874,-3.7723584,-3.3477688,0.39652339,0.17830193,-0.90054297,0
-2.8706274,-0.3901993,-4.5039482,-0.52073991,-0.76418471,-0.3805939,0
-0.88457298,3.9679348,2.6642551,0.52073991,0.76418471,0.3805939,0
1.3778534,3.7264371,-1.9672396,0.39652339,0.17830193,-0.90054297,0
-1.4451795,-1.4717975,-4.1617064,-0.52073991,-0.76418471,-0.3805939,0
-5.5983057,0.40886068,0.35955095,-0.75604177,0.61986303,-0.21016818,0
2.3421385,-2.0059166,3.8863859,-0.39652339,-0.17830193,0.90054297,0
-3.24774,3.8413944,1.3263166,-0.75604177,0.61986303,-0.21016818,0
0.18147373,3.5784581,1.7520862,0.52073991,0.76418471,0.3805939,0
2.311693,-0.91667104,-2.5810924,0.39652339,0.17830193,-0.90054297,0
5.374753,-1.1096449,-0.74106741,0.75604177,-0.61986303,0.21016818,0
-1.7542655,1.9206784,2.9967797,-0.39652339,-0.17830193,0.90054297,0
-2.6193557,-2.2710421,-0.99489212,-0.52073991,-0.76418471,-0.3805939,0
-0.085036039,5.5448785,-2.034554,0.52073991,0.76418471,0.3805939,0
-1.7459514,4.9428239,-0.54095864,-0.75604177,0.61986303,-0.21016818,0
-0.35172844,-4.3715296,0.14800775,-0.52073991,-0.76418471,-0.3805939,0
2.4101624,-4.4501762,-0.12593651,0.75604177,-0.61986303,0.21016818,0
-1.1486888,4.1316934,2.6424401,0.52073991,0.76418471,0.3805939,0
-0.041875839,-5.3784747,1.406642,-0.52073991,-0.76418471,-0.3805939,0
-1.3626776,-2.6206405,-2.1483531,-0.52073991,-0.76418471,-0.3805939,0
-1.9062715,3.7547953,-3.4033151,-0.75604177,0.61986303,-0.21016818,0
-3.6546857,-2.5486612,0.79817319,-0.52073991,-0.76418471,-0.3805939,0
1.3617769,0.87748456,-2.5832417,0.39652339,0.17830193,-0.90054297,0
-3.4601786,1.1305828,2.0302458,-0.39652339,-0.17830193,0.90054297,0
1.0447507,-4.9428167,-0.65707481,-0.52073991,-0.76418471,-0.3805939,0
-3.5364234,-1.6646231,-0.78995061,-0.52073991,-0.76418471,-0.3805939,0
-3.7484193,1.7356088,2.0857487,-0.39652339,-0.17830193,0.90054297,0
0.44665241,4.393322,-0.44677576,0.52073991,0.76418471,0.3805939,0
-1.9093761,5.2058878,1.1539981,-0.75604177,0.61986303,-0.21016818,0
3.4183388,-2.557097,1.6417415,0.75604177,-0.61986303,0.21016818,0
-4.1066289,0.89374024,-4.2885408,-0.75604177,0.61986303,-0.21016818,0
-0.44275072,-2.5335259,2.5888023,-0.39652339,-0.17830193,0.90054297,0
5.0650315,-0.49964428,1.2892017,0.75604177,-0.61986303,0.21016818,0
0.69763851,-5.7251954,2.1206734,0.75604177,-0.61986303,0.21016818,0
-1.5133895,3.3794553,-3.3740873,0.39652339,0.17830193,-0.90054297,0
5.151382,1.0501978,0.0084271431,0.52073991,0.76418471,0.3805939,0
-4.7653589,0.80426097,-2.1468349,-0.75604177,0.61986303,-0.21016818,0
1.4527807,-5.2180648,0.64843535,0.75604177,-0.61986303,0.21016818,0
-2.1671734,5.1150408,1.3489189,-0.75604177,0.61986303,-0.21016818,0
-2.8222704,2.871907,-2.7730353,-0.75604177,0.61986303,-0.21016818,0
1.4063162,2.4314606,-2.3000145,0.39652339,0.17830193,-0.90054297,0
-3.4834185,2.5112016,-1.8028595,-0.75604177,0.61986303,-0.21016818,0
2.9028049,-2.5903788,3.4908013,0.75604177,-0.61986303,0.21016818,0
3.1381757,1.4735758,2.1202137,0.52073991,0.76418471,0.3805939,0
-1.3258529,4.6136818,1.8267311,0.52073991,0.76418471,0.3805939,0
3.4630191,-3.5636468,-2.4726472,0.39652339,0.17830193,-0.90054297,0
-4.632627,1.3650641,-0.8423934,-0.75604177,0.61986303,-0.21016818,0
-0.94104862,-3.8933785,2.1704962,-0.39652339,-0.17830193,0.90054297,0
2.4189253,1.5786276,-1.9367582,0.39652339,0.17830193,-0.90054297,0
-5.3744788,0.15387964,-1.6444364,-0.75604177,0.61986303,-0.21016818,0
-0.66145325,3.6785173,2.6462893,0.52073991,0.76418471,0.3805939,0
-2.1969171,0.78822541,2.6178267,-0.39652339,-0.17830193,0.90054297,0
-0.059119701,-4.4213696,2.379168,-0.39652339,-0.17830193,0.90054297,0
-2.5140018,3.9134328,-0.41217613,-0.75604177,0.61986303,-0.21016818,0
1.9380646,-1.9638476,3.8373041,-0.39652339,-0.17830193,0.90054297,0
1.3975468,-5.5338154,0.3467648,0.75604177,-0.61986303,0.21016818,0
-4.8642693,-1.6540782,0.67270947,-0.52073991,-0.76418471,-0.3805939,0
-2.811358,0.23920465,-4.5931625,0.39652339,0.17830193,-0.90054297,0
-4.8279805,-0.33558035,1.1584668,-0.39652339,-0.17830193,0.90054297,0
-0.384938,5.2100778,-2.4005883,0.39652339,0.17830193,-0.90054297,0
-3.1663973,-1.1244678,1.6967667,-0.39652339,-0.17830193,0.90054297,0
6.1273689,0.53408051,-0.39049482,0.52073991,0.76418471,0.3805939,0
2.9513919,0.23042989,-2.0835028,0.39652339,0.17830193,-0.90054297,0
-0.75308633,0.084691286,-3.550873,0.39652339,0.17830193,-0.90054297,0
4.7650056,-1.4908447,-0.55885649,0.75604177,-0.61986303,0.21016818,0
2.903564,-4.2260747,-1.6069107,0.75604177,-0.61986303,0.21016818,0
-3.8367119,-2.2749226,0.60892987,-0.52073991,-0.76418471,-0.3805939,0
-5.0204206,0.70808053,-1.4020729,-0.75604177,0.61986303,-0.21016818,0
-2.0462956,4.3929491,3.0149331,0.52073991,0.76418471,0.3805939,0
2.8882136,2.8041346,-1.609715,0.39652339,0.17830193,-0.90054297,0
4.2353497,0.22646952,-1.5024445,0.39652339,0.17830193,-0.90054297,0
-3.2207558,3.2500083,-0.4646821,-0.75604177,0.61986303,-0.21016818,0
-5.1220155,-0.83089709,-0.50108337,-0.52073991,-0.76418471,-0.3805939,0
-4.7011409,1.6396093,0.25981379,-0.75604177,0.61986303,-0.21016818,0
-3.0837126,-3.1500218,1.2969481,-0.52073991,-0.76418471,-0.3805939,0
2.4892523,-4.6403136,-1.1570368,0.75604177,-0.61986303,0.21016818,0
1.2157717,-4.965127,2.8126702,-0.39652339,-0.17830193,0.90054297,0
0.40800381,4.9131126,-1.2644585,0.52073991,0.76418471,0.3805939,0
4.2793036,-0.5362038,4.1967201,0.52073991,0.76418471,0.3805939,0
4.5504675,-1.1514928,2.009352,0.75604177,-0.61986303,0.21016818,0
3.4137075,1.0313966,2.7148192,0.52073991,0.76418471,0.3805939,0
4.0720935,-2.3993073,-0.26450062,0.75604177,-0.61986303,0.21016818,0
-3.2784052,-2.7071695,0.62158918,-0.52073991,-0.76418471,-0.3805939,0
4.4266315,0.31224954,2.7523365,0.52073991,0.76418471,0.3805939,0
2.0042608,-4.1229501,2.4323583,0.75604177,-0.61986303,0.21016818,0
-3.8067174,-0.70582819,1.4525402,-0.39652339,-0.17830193,0.90054297,0
-3.026624,3.5665407,-0.38152099,-0.75604177,0.61986303,-0.21016818,0
-0.17447186,4.2569284,1.031619,0.52073991,0.76418471,0.3805939,0
3.8626401,-1.5880612,2.9210761,0.75604177,-0.61986303,0.21016818,0
-4.8053966,1.2408462,-0.24179316,-0.75604177,0.61986303,-0.21016818,0
-1.7060347,-2.6621845,-1.3419667,-0.52073991,-0.76418471,-0.3805939,0
-3.4993567,2.1917553,-2.2600858,-0.75604177,0.61986303,-0.21016818,0
-2.4831171,1.8149137,-4.1601558,0.39652339,0.17830193,-0.90054297,0
-0.46319962,-1.3583361,-3.8681893,0.39652339,0.17830193,-0.90054297,0
0.35800481,-0.094293356,-3.2261453,0.39652339,0.17830193,-0.90054297,0
3.3479319,1.7342969,1.3140435,0.52073991,0.76418471,0.3805939,0
-4.9023705,0.77450037,-1.6422939,-0.75604177,0.61986303,-0.21016818,0
-0.71533346,4.7237601,-2.6170168,0.39652339,0.17830193,-0.90054297,0
2.4741132,-3.5143759,-3.0333378,0.39652339,0.17830193,-0.90054297,0
0.79853725,3.739821,0.49911219,0.52073991,0.76418471,0.3805939,0
-2.0697262,4.7677579,-0.12660432,-0.75604177,0.61986303,-0.21016818,0
-2.0989153,1.1371988,-4.1101789,0.39652339,0.17830193,-0.90054297,0
-2.9013872,2.6998682,-2.6602106,-0.75604177,0.61986303,-0.21016818,0
-0.36381006,-4.0170565,-0.37637171,-0.52073991,-0.76418471,-0.3805939,0
-2.5437527,4.5372014,1.3591053,-0.75604177,0.61986303,-0.21016818,0
0.90568793,-3.3870456,3.134304,-0.39652339,-0.17830193,0.90054297,0
4.4201946,-2.4253662,-1.3651495,0.75604177,-0.61986303,0.21016818,0
-3.3116107,3.1581693,0.037768841,-0.75604177,0.61986303,-0.21016818,0
-3.9199438,-0.39902943,-3.246412,-0.52073991,-0.76418471,-0.3805939,0
-0.91660339,3.0303211,-3.1091197,0.39652339,0.17830193,-0.90054297,0
4.1952553,-1.8525633,1.0610843,0.75604177,-0.61986303,0.21016818,0
-0.98565847,1.7901827,-3.4005949,0.39652339,0.17830193,-0.90054297,0
2.6036606,-4.9040036,-2.4443674,0.75604177,-0.61986303,0.21016818,0
-4.0707307,-1.0251228,-1.6244681,-0.52073991,-0.76418471,-0.3805939,0
-5.4274769,0.21687293,-1.0724025,-0.75604177,0.61986303,-0.21016818,0
-1.7579041,5.1980424,1.3019209,0.52073991,0.76418471,0.3805939,0
-1.6918057,0.33318138,2.7563391,-0.39652339,-0.17830193,0.90054297,0
-0.013085365,-4.4923878,-0.19219887,-0.52073991,-0.76418471,-0.3805939,0
3.1108983,-3.4183011,0.5135262,0.75604177,-0.61986303,0.21016818,0
2.8839235,-4.3746834,-1.7879553,0.75604177,-0.61986303,0.21016818,0
4.2755251,0.19654489,3.149241,0.52073991,0.76418471,0.3805939,0
-4.2446418,2.463042,0.83107185,-0.75604177,0.61986303,-0.21016818,0
2.2413943,2.0025115,2.3687017,0.52073991,0.76418471,0.3805939,0
-1.6855474,-1.5189327,-3.9073424,-0.52073991,-0.76418471,-0.3805939,0
-2.6331022,-2.607795,-0.27666605,-0.52073991,-0.76418471,-0.3805939,0
2.101382,-4.6569633,0.55047679,0.75604177,-0.61986303,0.21016818,0
1.7855883,-4.9217396,0.12580132,0.75604177,-0.61986303,0.21016818,0
3.5717232,-2.4322171,1.27352,0.75604177,-0.61986303,0.21016818,0
-0.18137205,1.3659629,-3.0641615,0.39652339,0.17830193,-0.90054297,0
3.3214154,-3.4966204,-0.878901,0.75604177,-0.61986303,0.21016818,0
1.2505295,-5.3440704,0.88273168,0.75604177,-0.61986303,0.21016818,0
-4.9075317,-0.66747499,-1.1930656,-0.52073991,-0.76418471,-0.3805939,0
1.1910176,-3.6321588,-3.3800981,-0.52073991,-0.76418471,-0.3805939,0
0.41365767,-3.863626,-2.2184789,-0.52073991,-0.76418471,-0.3805939,0
3.2222435,-3.2457032,0.33859873,0.75604177,-0.61986303,0.21016818,0
1.0445685,1.9022236,3.7364571,0.52073991,0.76418471,0.3805939,0
2.9677529,1.5210354,2.2240925,0.52073991,0.76418471,0.3805939,0
0.32564259,-3.6800778,-2.1757443,-0.52073991,-0.76418471,-0.3805939,0
5.1029525,0.088401079,2.1380529,0.52073991,0.76418471,0.3805939,0
-3.487576,1.5958606,-4.3914971,-0.75604177,0.61986303,-0.21016818,0
2.6441572,-3.5137787,1.6147752,0.75604177,-0.61986303,0.21016818,0
4.1847668,-2.9759002,-1.978451,0.75604177,-0.61986303,0.21016818,0
4.2109408,-2.1207852,0.12389231,0.75604177,-0.61986303,0.21016818,0
-3.0074205,2.3215716,2.4355175,-0.39652339,-0.17830193,0.90054297,0
-4.9814959,0.78490257,-1.3148375,-0.75604177,0.61986303,-0.21016818,0
2.3640571,-4.5990763,-3.2199903,-0.52073991,-0.76418471,-0.3805939,0
-3.2205284,4.0737906,2.546483,-0.75604177,0.61986303,-0.21016818,0
1.051847,4.2107005,-0.83038402,0.52073991,0.76418471,0.3805939,0
-1.5890336,-1.526011,-3.9668345,-0.52073991,-0.76418471,-0.3805939,0
4.5804491,0.69396782,1.5483646,0.52073991,0.76418471,0.3805939,0
2.267441,3.0330205,-0.13911438,0.52073991,0.76418471,0.3805939,0
-2.991575,3.1915622,-1.0702467,-0.75604177,0.61986303,-0.21016818,0
-1.5242423,-1.1371658,2.4663682,-0.39652339,-0.17830193,0.90054297,0
3.755558,1.684848,0.49027586,0.52073991,0.76418471,0.3805939,0
2.0643053,-1.8826238,3.7977867,-0.39652339,-0.17830193,0.90054297,0
2.1607244,-3.9116178,2.1234424,0.75604177,-0.61986303,0.21016818,0
-2.7243652,2.633944,-3.8391252,-0.75604177,0.61986303,-0.21016818,0
-6.1205807,-0.23446941,-0.11517811,-0.75604177,0.61986303,-0.21016818,0
-2.0718825,0.39400125,-4.2090421,0.39652339,0.17830193,-0.90054297,0
0.50083315,-2.5857651,3.0773721,-0.39652339,-0.17830193,0.90054297,0
2.5632651,-3.451519,2.1672773,0.75604177,-0.61986303,0.21016818,0
3.0763373,-2.5869086,2.3760214,0.75604177,-0.61986303,0.21016818,0
2.7321839,-2.8386831,3.214313,0.75604177,-0.61986303,0.21016818,0
-3.8448167,-1.8961453,1.3195527,-0.39652339,-0.17830193,0.90054297,0
0.69907093,-2.2168717,-3.4445987,0.39652339,0.17830193,-0.90054297,0
1.8808818,2.4313593,1.9774911,0.52073991,0.76418471,0.3805939,0
-2.164501,1.8988075,2.6501701,-0.39652339,-0.17830193,0.90054297,0
5.3207889,-0.50192213,0.37988424,0.75604177,-0.61986303,0.21016818,0
0.64512396,-5.5890441,1.3458101,-0.52073991,-0.76418471,-0.3805939,0
2.2777371,-3.519547,2.8634493,0.75604177,-0.61986303,0.21016818,0
4.2623944,-2.566184,-1.4815574,0.75604177,-0.61986303,0.21016818,0
4.8468876,-1.4864125,-0.14839792,0.75604177,-0.61986303,0.21016818,0
4.5537295,0.32110548,2.3349686,0.52073991,0.76418471,0.3805939,0
1.5382353,0.41308427,-2.5934398,0.39652339,0.17830193,-0.90054297,0
-4.9316792,1.0293484,-0.17860889,-0.75604177,0.61986303,-0.21016818,0
4.2937846,-1.4269907,1.4042552,0.75604177,-0.61986303,0.21016818,0
1.7931299,3.0849981,0.48844939,0.52073991,0.76418471,0.3805939,0
-3.7002549,0.20212698,1.8236203,-0.39652339,-0.17830193,0.90054297,0
2.6220276,-3.8506386,1.0978608,0.75604177,-0.61986303,0.21016818,0
2.4594831,-4.7375135,-1.6104975,0.75604177,-0.61986303,0.21016818,0
0.34767008,1.0329397,3.6983962,-0.39652339,-0.17830193,0.90054297,0
3.5017271,0.69702101,-1.7360702,0.39652339,0.17830193,-0.90054297,0
-1.4659898,1.7144647,3.0088456,-0.39652339,-0.17830193,0.90054297,0
-2.7021558,2.9594131,2.745007,-0.39652339,-0.17830193,0.90054297,0
-2.0921755,1.9940643,2.8286595,-0.39652339,-0.17830193,0.90054297,0
-3.8800912,-1.007337,-1.6393294,-0.52073991,-0.76418471,-0.3805939,0
3.2060082,-4.1747484,-2.1424985,0.75604177,-0.61986303,0.21016818,0
-0.051525116,5.435596,-1.833194,0.52073991,0.76418471,0.3805939,0
-1.2971096,5.0197868,-2.1308351,-0.75604177,0.61986303,-0.21016818,0
-1.6779342,4.9430723,-0.33530569,-0.75604177,0.61986303,-0.21016818,0
-0.35667515,-1.132086,-3.8089709,0.39652339,0.17830193,-0.90054297,0
-0.61932659,2.403717,3.4369226,-0.39652339,-0.17830193,0.90054297,0
-3.7520666,2.7569048,0.13549805,-0.75604177,0.61986303,-0.21016818,0
-3.7508361,2.2139778,-1.6540833,-0.75604177,0.61986303,-0.21016818,0
1.6910028,4.018651,-1.0172671,0.52073991,0.76418471,0.3805939,0
3.2700224,2.8894773,-1.2748786,0.39652339,0.17830193,-0.90054297,0
1.6523533,2.0181191,2.8684728,0.52073991,0.76418471,0.3805939,0
2.1182547,-4.888679,-2.1318092,-0.52073991,-0.76418471,-0.3805939,0
2.5887375,-4.8107667,-2.5592201,0.75604177,-0.61986303,0.21016818,0
2.4432967,-3.5518417,-2.854672,0.39652339,0.17830193,-0.90054297,0
3.1533706,0.80931163,3.5177851,0.52073991,0.76418471,0.3805939,0
-1.6579642,-1.2604682,-4.1605067,-0.52073991,-0.76418471,-0.3805939,0
0.24252415,3.6937575,1.4339876,0.52073991,0.76418471,0.3805939,0
1.9251533,-1.1626102,3.9539092,-0.39652339,-0.17830193,0.90054297,0
3.0756025,-4.5760002,-2.6782823,0.75604177,-0.61986303,0.21016818,0
-4.8645973,-1.2246795,0.071413517,-0.52073991,-0.76418471,-0.3805939,0
3.9800332,-2.8557162,-2.1842804,0.39652339,0.17830193,-0.90054297,0
3.8943672,0.22378469,3.4548986,0.52073991,0.76418471,0.3805939,0
0.43376127,-2.4291885,3.0838935,-0.39652339,-0.17830193,0.90054297,0
4.3651605,-0.71707696,3.9340789,0.75604177,-0.61986303,0.21016818,0
-0.71062422,5.6532259,-2.476707,0.39652339,0.17830193,-0.90054297,0
3.7120967,-2.9706159,-0.74434018,0.75604177,-0.61986303,0.21016818,0
2.8765357,1.4550487,2.2059302,0.52073991,0.76418471,0.3805939,0
3.6935775,-1.1543524,4.5683789,0.75604177,-0.61986303,0.21016818,0
1.011642,3.3582017,1.0783387,0.52073991,0.76418471,0.3805939,0
-2.8608172,0.4521808,-4.4575291,0.39652339,0.17830193,-0.90054297,0
-4.7918563,0.36807799,-3.2555645,-0.52073991,-0.76418471,-0.3805939,0
0.2161274,-2.9986148,-3.427141,-0.52073991,-0.76418471,-0.3805939,0
3.4481015,2.5801642,-0.91544604,0.52073991,0.76418471,0.3805939,0
3.5919142,-1.9719968,2.2361739,0.75604177,-0.61986303,0.21016818,0
0.32610798,-5.5836639,1.4035597,-0.52073991,-0.76418471,-0.3805939,0
2.4529157,-4.4221978,-3.0691791,0.39652339,0.17830193,-0.90054297,0
2.6511235,-4.4465237,-3.0176101,0.39652339,0.17830193,-0.90054297,0
4.5646167,-1.3361809,1.1559691,0.75604177,-0.61986303,0.21016818,0
4.5639668,0.13055074,2.7716749,0.52073991,0.76418471,0.3805939,0
1.3373365,-4.5316358,-1.8395884,-0.52073991,-0.76418471,-0.3805939,0
-2.1863356,-1.5281829,-3.1551111,-0.52073991,-0.76418471,-0.3805939,0
-0.68176556,-0.71445227,2.8680661,-0.39652339,-0.17830193,0.90054297,0
-1.1437273,4.0951815,2.4046886,0.52073991,0.76418471,0.3805939,0
-0.37128305,-4.1698747,-0.21020928,-0.52073991,-0.76418471,-0.3805939,0
0.85162163,2.1639032,3.4639037,0.52073991,0.76418471,0.3805939,0
5.1694098,1.2247567,-0.82561302,0.39652339,0.17830193,-0.90054297,0
-1.186657,2.6113884,3.2971871,-0.39652339,-0.17830193,0.90054297,0
-5.4917126,0.76741695,0.55130768,-0.75604177,0.61986303,-0.21016818,0
2.6164787,-4.6982312,-1.8232527,0.75604177,-0.61986303,0.21016818,0
2.0875909,1.6991401,3.0496616,0.52073991,0.76418471,0.3805939,0
-1.3654841,3.0186644,-3.2456872,0.39652339,0.17830193,-0.90054297,0
3.662446,-0.011219501,-1.6320996,0.39652339,0.17830193,-0.90054297,0
-1.9829574,0.68358016,-4.1114264,0.39652339,0.17830193,-0.90054297,0
-1.7564267,-3.4978039,1.7793981,-0.39652339,-0.17830193,0.90054297,0
1.8429019,-3.9858861,2.7764096,0.75604177,-0.61986303,0.21016818,0
4.8299065,-1.2619038,0.59516716,0.75604177,-0.61986303,0.21016818,0
-4.7776251,-0.63238215,-1.2590938,-0.52073991,-0.76418471,-0.3805939,0
-4.4459887,0.1832,-3.6588843,-0.52073991,-0.76418471,-0.3805939,0
-3.5213435,2.3245201,-1.8710492,-0.75604177,0.61986303,-0.21016818,0
-2.0529904,3.6046934,3.0850325,-0.39652339,-0.17830193,0.90054297,0
-3.709193,2.7492261,0.22578907,-0.75604177,0.61986303,-0.21016818,0
-5.3568325,0.40191841,1.1563735,-0.39652339,-0.17830193,0.90054297,0
-2.5528927,-0.87670279,2.0285263,-0.39652339,-0.17830193,0.90054297,0
0.34968424,-5.7371087,1.8294995,-0.52073991,-0.76418471,-0.3805939,0
-0.20934534,3.4379773,-2.7184303,0.39652339,0.17830193,-0.90054297,0
2.4017558,-4.110219,0.84111214,0.75604177,-0.61986303,0.21016818,0
-1.7609048,-2.4673476,-1.7437527,-0.52073991,-0.76418471,-0.3805939,0
0.24262142,4.5582266,-0.22416472,0.52073991,0.76418471,0.3805939,0
0.75807047,-4.0907278,-2.1316533,-0.52073991,-0.76418471,-0.3805939,0
0.96054035,2.0203073,-2.5172005,0.39652339,0.17830193,-0.90054297,0
-1.1610832,-2.2073343,-3.06113,-0.52073991,-0.76418471,-0.3805939,0
2.5275614,-2.224252,-2.5533679,0.39652339,0.17830193,-0.90054297,0
4.1024761,-0.61711788,4.9936357,0.52073991,0.76418471,0.3805939,0
-1.9167814,-3.7538993,0.85973471,-0.52073991,-0.76418471,-0.3805939,0
-3.329952,-0.99508834,-2.4608583,-0.52073991,-0.76418471,-0.3805939,0
3.8791137,-2.4863515,0.59506559,0.75604177,-0.61986303,0.21016818,0
1.691709,-1.7308922,-2.8591943,0.39652339,0.17830193,-0.90054297,0
1.452085,0.032094836,4.0134926,-0.39652339,-0.17830193,0.90054297,0
-4.3154726,-1.3443806,-0.45555902,-0.52073991,-0.76418471,-0.3805939,0
1.6784508,-1.5093293,-2.9712369,0.39652339,0.17830193,-0.90054297,0
-0.86968863,-3.2386744,2.3750324,-0.39652339,-0.17830193,0.90054297,0
-2.3916569,0.61011416,-4.2198648,0.39652339,0.17830193,-0.90054297,0
0.944767,2.0982661,3.5161352,0.52073991,0.76418471,0.3805939,0
-4.756916,-0.1850183,-2.1418409,-0.52073991,-0.76418471,-0.3805939,0
0.40306568,-3.5163665,-2.9043348,-0.52073991,-0.76418471,-0.3805939,0
0.38298988,3.2692704,1.9115171,0.52073991,0.76418471,0.3805939,0
-4.6259432,1.2241485,-0.97747231,-0.75604177,0.61986303,-0.21016818,0
3.160635,0.87652719,3.198956,0.52073991,0.76418471,0.3805939,0
-2.5364251,4.8444686,2.3502889,-0.75604177,0.61986303,-0.21016818,0
-2.614866,3.2302873,-2.0395589,-0.75604177,0.61986303,-0.21016818,0
2.8123684,-3.1427307,1.9018986,0.75604177,-0.61986303,0.21016818,0
-5.1225066,1.2466812,0.49595404,-0.75604177,0.61986303,-0.21016818,0
3.422142,2.8139074,-1.2330518,0.39652339,0.17830193,-0.90054297,0
-2.8858662,2.898818,-2.0924258,-0.75604177,0.61986303,-0.21016818,0
4.7950635,-0.48451281,2.9233773,0.75604177,-0.61986303,0.21016818,0
-3.710674,-1.1685579,-1.9970448,-0.52073991,-0.76418471,-0.3805939,0
1.8059378,-4.714994,1.0169461,0.75604177,-0.61986303,0.21016818,0
-1.9894249,4.6930161,-0.065368891,-0.75604177,0.61986303,-0.21016818,0
3.6210141,-2.0804992,1.9339385,0.75604177,-0.61986303,0.21016818,0
-0.67642784,4.1465425,1.5845497,0.52073991,0.76418471,0.3805939,0
-0.19430971,-3.7917643,-1.4860501,-0.52073991,-0.76418471,-0.3805939,0
5.6014853,0.45839119,0.47676754,0.52073991,0.76418471,0.3805939,0
0.94266367,-3.3295887,-3.5227966,0.39652339,0.17830193,-0.90054297,0
1.3338046,2.3441303,2.9052727,0.52073991,0.76418471,0.3805939,0
-2.7073512,1.4441884,2.4663916,-0.39652339,-0.17830193,0.90054297,0
-0.55751562,-4.4616213,2.1494932,-0.39652339,-0.17830193,0.90054297,0
-2.2923269,3.1617935,2.852509,-0.39652339,-0.17830193,0.90054297,0
4.2822871,-1.314968,2.2708921,0.75604177,-0.61986303,0.21016818,0
3.2128487,-2.1824055,-2.3874125,0.39652339,0.17830193,-0.90054297,0
-5.1439514,-0.52723026,1.0072489,-0.39652339,-0.17830193,0.90054297,0
-1.3224123,-0.8123455,-4.0142879,0.39652339,0.17830193,-0.90054297,0
2.1839516,-3.8868399,1.8075287,0.75604177,-0.61986303,0.21016818,0
-3.6173878,-2.6074963,0.79862499,-0.52073991,-0.76418471,-0.3805939,0
-1.1485295,5.5475054,-0.30345416,0.52073991,0.76418471,0.3805939,0
2.0167861,2.1282954,2.312048,0.52073991,0.76418471,0.3805939,0
3.6749215,-3.1861517,-0.73227668,0.75604177,-0.61986303,0.21016818,0
1.4604726,0.59790194,4.1666951,-0.39652339,-0.17830193,0.90054297,0
2.6662259,-1.9757841,-2.5493889,0.39652339,0.17830193,-0.90054297,0
-1.3571773,3.6598253,3.4834981,-0.39652339,-0.17830193,0.90054297,0
-1.2387002,-3.241014,-1.0626285,-0.52073991,-0.76418471,-0.3805939,0
-3.8405626,3.2043452,1.6582768,-0.75604177,0.61986303,-0.21016818,0
-1.8747728,0.028129578,2.4263506,-0.39652339,-0.17830193,0.90054297,0
-3.0772111,1.2176969,2.2251678,-0.39652339,-0.17830193,0.90054297,0
-0.93518269,-3.4949431,2.2917361,-0.39652339,-0.17830193,0.90054297,0
-2.3336284,4.1932945,-0.86028814,-0.75604177,0.61986303,-0.21016818,0
-0.019703388,-0.69074833,3.1493859,-0.39652339,-0.17830193,0.90054297,0
-4.9418216,0.55373383,-2.1165938,-0.75604177,0.61986303,-0.21016818,0
1.0462478,-2.6638584,3.3716261,-0.39652339,-0.17830193,0.90054297,0
-2.0166821,3.7193496,3.2160771,-0.39652339,-0.17830193,0.90054297,0
0.043982506,-3.003078,-3.108474,-0.52073991,-0.76418471,-0.3805939,0
-2.6051683,2.8716521,-3.469357,-0.75604177,0.61986303,-0.21016818,0
-2.2326257,-3.1323776,0.051913738,-0.52073991,-0.76418471,-0.3805939,0
1.5566146,-3.4038424,3.2961919,-0.39652339,-0.17830193,0.90054297,0
-2.3676753,2.9111073,-3.7179356,0.39652339,0.17830193,-0.90054297,0
-3.0212204,-0.704494,-3.5891109,-0.52073991,-0.76418471,-0.3805939,0
4.0424848,1.2838192,0.89227533,0.52073991,0.76418471,0.3805939,0
1.6392636,4.2139902,-1.8227161,0.39652339,0.17830193,-0.90054297,0
2.3486812,-4.2085252,0.25941777,0.75604177,-0.61986303,0.21016818,0
1.4619823,-3.2096829,-3.2816088,0.39652339,0.17830193,-0.90054297,0
1.9819186,0.40387619,4.2945099,-0.39652339,-0.17830193,0.90054297,0
1.4470787,2.5161581,1.9760296,0.52073991,0.76418471,0.3805939,0
-2.9073861,-0.95354056,1.8091488,-0.39652339,-0.17830193,0.90054297,0
4.9579659,0.41053915,-1.061326,0.39652339,0.17830193,-0.90054297,0
2.2961817,3.0080271,-0.01660955,0.52073991,0.76418471,0.3805939,0
0.46796644,-3.5907779,2.8075221,-0.39652339,-0.17830193,0.90054297,0
-0.07444191,-3.6263993,-1.8272476,-0.52073991,-0.76418471,-0.3805939,0
4.1160359,-2.1456854,0.19485092,0.75604177,-0.61986303,0.21016818,0
2.5790253,-3.9572451,0.015218973,0.75604177,-0.61986303,0.21016818,0
-0.5806706,-4.6441755,1.0688931,-0.52073991,-0.76418471,-0.3805939,0
4.6271095,-1.0057819,1.4628515,0.75604177,-0.61986303,0.21016818,0
1.2458751,-1.7104881,3.447242,-0.39652339,-0.17830193,0.90054297,0
-3.9258287,1.4945843,-2.9980392,-0.75604177,0.61986303,-0.21016818,0
-3.7882686,3.1334345,1.4386065,-0.75604177,0.61986303,-0.21016818,0
0.47434902,-0.15692091,3.5045667,-0.39652339,-0.17830193,0.90054297,0
3.3695567,-3.030834,0.72553062,0.75604177,-0.61986303,0.21016818,0
-3.000088,0.18604112,2.0564256,-0.39652339,-0.17830193,0.90054297,0
-3.8047855,3.4702129,2.2844343,-0.39652339,-0.17830193,0.90054297,0
-2.0216248,-1.9715682,-2.3229609,-0.52073991,-0.76418471,-0.3805939,0
-4.3337979,1.8941593,0.025299549,-0.75604177,0.61986303,-0.21016818,0
-0.67371845,3.1071715,3.6032662,-0.39652339,-0.17830193,0.90054297,0
-2.6618428,0.31187606,2.2917013,-0.39652339,-0.17830193,0.90054297,0
-2.1209354,4.8506856,2.299582,0.52073991,0.76418471,0.3805939,0
-5.100893,0.36759663,-1.8856931,-0.75604177,0.61986303,-0.21016818,0
0.70961857,4.7296772,-1.1456282,0.52073991,0.76418471,0.3805939,0
-5.6403475,0.29813099,0.087486744,-0.75604177,0.61986303,-0.21016818,0
4.2532144,-1.3029982,2.335211,0.75604177,-0.61986303,0.21016818,0
2.6696792,1.2009692,3.3123956,0.52073991,0.76418471,0.3805939,0
3.6418476,-2.5930099,0.85893679,0.75604177,-0.61986303,0.21016818,0
-1.1498129,-3.0489962,-1.3621515,-0.52073991,-0.76418471,-0.3805939,0
-4.173358,1.1953527,-2.6231015,-0.75604177,0.61986303,-0.21016818,0
4.3267317,-0.25544465,3.6733539,0.52073991,0.76418471,0.3805939,0
-3.4289727,2.0450053,-2.9652517,-0.75604177,0.61986303,-0.21016818,0
1.1996,-4.9391022,2.5970016,0.75604177,-0.61986303,0.21016818,0
-3.4223475,3.5944474,1.8711615,-0.75604177,0.61986303,-0.21016818,0
0.4546175,-3.5891809,-2.7928677,-0.52073991,-0.76418471,-0.3805939,0
-2.1104195,1.8348746,-3.8718195,0.39652339,0.17830193,-0.90054297,0
1.4564111,3.4289179,0.10691875,0.52073991,0.76418471,0.3805939,0
-1.6368613,4.7990742,1.7799691,0.52073991,0.76418471,0.3805939,0
1.702035,2.0073202,2.9897418,0.52073991,0.76418471,0.3805939,0
1.7739754,-4.7685938,-2.2114036,-0.52073991,-0.76418471,-0.3805939,0
0.48643112,-5.3429947,0.71442151,-0.52073991,-0.76418471,-0.3805939,0
6.2843771,0.36688614,-0.33348131,0.52073991,0.76418471,0.3805939,0
0.89768648,-5.2382822,0.24812996,-0.52073991,-0.76418471,-0.3805939,0
3.3670011,2.9778743,-1.1947157,0.39652339,0.17830193,-0.90054297,0
1.0249019,-5.5389123,0.72059739,-0.52073991,-0.76418471,-0.3805939,0
1.5761662,-4.4876356,-2.2465339,-0.52073991,-0.76418471,-0.3805939,0
5.4181757,-0.30921698,1.0499372,0.75604177,-0.61986303,0.21016818,0
5.9724717,-0.059975147,0.02376318,0.75604177,-0.61986303,0.21016818,0
-3.6637521,1.5012785,-3.3297088,-0.75604177,0.61986303,-0.21016818,0
-4.0994406,-1.9871032,0.50798202,-0.52073991,-0.76418471,-0.3805939,0
-3.4075046,0.29103327,1.7923012,-0.39652339,-0.17830193,0.90054297,0
1.2948067,-3.0872865,3.3588727,-0.39652339,-0.17830193,0.90054297,0
1.5308999,-2.6885848,3.4211197,-0.39652339,-0.17830193,0.90054297,0
5.2861471,-1.3037529,-1.0836549,0.75604177,-0.61986303,0.21016818,0
5.7108827,0.26306152,0.8417511,0.52073991,0.76418471,0.3805939,0
5.3494225,1.3901486,-0.77048397,0.39652339,0.17830193,-0.90054297,0
