5.2119083,-0.50436187,1.1487005,0.84225571,-0.484642,0.23606658,0
-1.1707857,2.7520485,-3.2437952,0.51743549,0.6039691,-0.60620278,0
2.5634396,2.3445237,-0.37571627,0.51743549,0.6039691,-0.60620278,0
1.1783828,2.4275367,-1.4796712,0.51743549,0.6039691,-0.60620278,0
-6.0750561,-1.4912176,-2.4612553,-0.84225571,0.484642,-0.23606658,0
-3.1800179,-2.2539065,-2.6669374,-0.15121436,-0.63272697,-0.75946748,0
3.7487245,-4.1697373,-0.37189198,0.84225571,-0.484642,0.23606658,0
-5.1442118,-0.15712321,-3.3283577,-0.84225571,0.484642,-0.23606658,0
2.7637281,-4.9847465,1.0796437,0.84225571,-0.484642,0.23606658,0
1.7294209,1.5631948,-1.9395871,0.51743549,0.6039691,-0.60620278,0
-5.4961414,-0.61106873,-3.0493004,-0.84225571,0.484642,-0.23606658,0
-0.60710025,1.7094274,3.8814573,0.15121436,0.63272697,0.75946748,0
3.4882255,-2.8545783,3.1559985,0.84225571,-0.484642,0.23606658,0
-2.9803863,3.9808125,-2.7471628,-0.84225571,0.484642,-0.23606658,0
2.4791875,4.0916405,1.2516356,0.51743549,0.6039691,-0.60620278,0
-3.9570575,4.1927876,2.5955815,0.15121436,0.63272697,0.75946748,0
3.3054247,2.2505391,0.26608038,0.51743549,0.6039691,-0.60620278,0
-5.3084908,-1.9739652,-1.4241202,-0.51743549,-0.6039691,0.60620278,0
4.131361,-0.71919608,4.5608702,0.84225571,-0.484642,0.23606658,0
-2.8599215,3.1683669,-4.3255873,0.51743549,0.6039691,-0.60620278,0
-0.67735195,5.1759672,1.0530696,0.15121436,0.63272697,0.75946748,0
-3.0318508,4.4289951,-1.6125197,-0.84225571,0.484642,-0.23606658,0
-1.7536578,0.73348927,-5.5126348,-0.15121436,-0.63272697,-0.75946748,0
-3.6800807,4.44415,2.2715816,0.15121436,0.63272697,0.75946748,0
-4.5689392,-1.5103605,-0.40795171,-0.51743549,-0.6039691,0.60620278,0
-1.8524015,-4.4855261,-1.246208,-0.15121436,-0.63272697,-0.75946748,0
3.8790298,-0.02993089,4.5673776,0.15121436,0.63272697,0.75946748,0
4.2394342,-2.4530978,-3.7479436,0.51743549,0.6039691,-0.60620278,0
-2.8235726,-2.2280409,0.39202693,-0.51743549,-0.6039691,0.60620278,0
5.2529931,-2.5718408,-2.6920373,0.84225571,-0.484642,0.23606658,0
0.56889915,-3.5052152,-2.5711727,-0.15121436,-0.63272697,-0.75946748,0
1.279017,-2.4110696,-3.5639768,-0.15121436,-0.63272697,-0.75946748,0
-3.1284029,4.3482161,-0.8184309,-0.84225571,0.484642,-0.23606658,0
-1.1604209,4.6497698,-1.2056453,0.51743549,0.6039691,-0.60620278,0
6.0062623,0.57116699,1.0014651,0.84225571,-0.484642,0.23606658,0
-1.5855448,3.2910168,-3.0150735,0.51743549,0.6039691,-0.60620278,0
5.8775215,1.0808308,2.0392299,0.84225571,-0.484642,0.23606658,0
1.9100833,-3.3652854,-2.8466651,-0.15121436,-0.63272697,-0.75946748,0
-2.4789138,-0.28808451,-4.5459571,-0.15121436,-0.63272697,-0.75946748,0
3.7352352,0.37512636,-1.3917443,0.51743549,0.6039691,-0.60620278,0
-5.1886353,-1.6666272,-1.1306663,-0.51743549,-0.6039691,0.60620278,0
-3.838094,4.3055315,1.5637546,-0.84225571,0.484642,-0.23606658,0
-1.8950367,1.9047756,-4.6167517,0.51743549,0.6039691,-0.60620278,0
2.1255562,-1.2305253,5.5106659,-0.51743549,-0.6039691,0.60620278,0
-4.9626164,2.4253185,1.3523016,-0.84225571,0.484642,-0.23606658,0
-3.6298831,5.0361347,1.7063823,-0.84225571,0.484642,-0.23606658,0
1.7093925,-6.2510481,-0.49379301,-0.15121436,-0.63272697,-0.75946748,0
-5.0545239,2.6212759,3.3208978,-0.51743549,-0.6039691,0.60620278,0
4.2538757,-0.55393898,4.4989781,0.84225571,-0.484642,0.23606658,0
2.199944,-0.11858821,4.9762917,0.15121436,0.63272697,0.75946748,0
4.875576,1.7736216,1.0773134,0.51743549,0.6039691,-0.60620278,0
2.1831884,-3.5815449,-2.730468,-0.15121436,-0.63272697,-0.75946748,0
0.74856591,-2.9316242,-3.0192699,-0.15121436,-0.63272697,-0.75946748,0
-0.69005096,-0.1465559,-4.967164,-0.15121436,-0.63272697,-0.75946748,0
-0.058606863,-2.2671971,-3.3608708,-0.15121436,-0.63272697,-0.75946748,0
-4.3065591,0.92093468,-4.226326,-0.84225571,0.484642,-0.23606658,0
1.3528683,-0.22162199,-3.9914827,0.51743549,0.6039691,-0.60620278,0
2.1257706,3.6550598,0.40868044,0.51743549,0.6039691,-0.60620278,0
-3.1103859,2.6502581,-4.5697184,-0.84225571,0.484642,-0.23606658,0
3.2610483,-5.1596985,-1.708931,-0.15121436,-0.63272697,-0.75946748,0
-4.2419853,-0.47039509,0.92825615,-0.51743549,-0.6039691,0.60620278,0
2.9857888,-0.49830508,5.1395912,0.15121436,0.63272697,0.75946748,0
-0.036419153,1.3981657,-3.5885899,0.51743549,0.6039691,-0.60620278,0
0.017092228,-5.2653279,-0.12109375,-0.51743549,-0.6039691,0.60620278,0
-3.633466,-1.4193859,-3.2716851,-0.15121436,-0.63272697,-0.75946748,0
-5.1437521,1.0709136,-0.64570403,-0.84225571,0.484642,-0.23606658,0
-0.0032615662,3.4149122,-1.612747,0.51743549,0.6039691,-0.60620278,0
-4.0824652,-2.7301326,-1.3032603,-0.51743549,-0.6039691,0.60620278,0
3.3357987,-3.1760955,3.0253599,0.84225571,-0.484642,0.23606658,0
-0.62508368,2.1991649,3.6092145,0.15121436,0.63272697,0.75946748,0
-4.7568297,1.7779166,-0.90724874,-0.84225571,0.484642,-0.23606658,0
1.1760125,-3.2180896,-2.8148677,-0.15121436,-0.63272697,-0.75946748,0
-2.762814,4.7017736,1.9656267,0.15121436,0.63272697,0.75946748,0
-5.7392588,-1.0312457,-1.1099175,-0.51743549,-0.6039691,0.60620278,0
0.91986036,1.8627005,3.5505035,0.15121436,0.63272697,0.75946748,0
3.6939244,-3.7730637,-0.053888321,0.84225571,-0.484642,0.23606658,0
1.9645066,0.059222698,-3.1231923,0.51743549,0.6039691,-0.60620278,0
-3.5904481,-1.9104943,-0.17788446,-0.51743549,-0.6039691,0.60620278,0
-4.403399,2.2360418,-0.73736978,-0.84225571,0.484642,-0.23606658,0
-2.9096084,5.6515808,0.85014248,-0.84225571,0.484642,-0.23606658,0
-5.3849115,0.3426013,-0.97292447,-0.84225571,0.484642,-0.23606658,0
-3.0895681,0.38787222,-4.9403906,-0.15121436,-0.63272697,-0.75946748,0
-2.9378755,3.8221731,2.7281773,0.15121436,0.63272697,0.75946748,0
-4.5530162,2.5937436,0.40217876,-0.84225571,0.484642,-0.23606658,0
3.6514509,-4.511816,-1.4953289,0.84225571,-0.484642,0.23606658,0
-0.98799586,2.7694817,3.2805212,0.15121436,0.63272697,0.75946748,0
4.9374695,-1.2593017,1.197835,0.84225571,-0.484642,0.23606658,0
4.7529011,-1.0772084,1.8492014,0.84225571,-0.484642,0.23606658,0
3.3400836,-4.6500201,-1.9911141,-0.15121436,-0.63272697,-0.75946748,0
4.4339776,-2.2979932,0.84998536,0.84225571,-0.484642,0.23606658,0
0.30014181,0.91191316,-3.8867807,0.51743549,0.6039691,-0.60620278,0
1.1615591,-0.9273181,-4.6969166,-0.15121436,-0.63272697,-0.75946748,0
4.7374945,-1.15204,2.1875801,0.84225571,-0.484642,0.23606658,0
-3.4120855,4.0491886,-0.72342539,-0.84225571,0.484642,-0.23606658,0
-5.3829226,2.0398102,1.7975688,-0.84225571,0.484642,-0.23606658,0
-2.2654543,-0.38951612,-4.364224,-0.15121436,-0.63272697,-0.75946748,0
-0.85673738,2.0382369,3.7232509,0.15121436,0.63272697,0.75946748,0
-5.1425385,1.573071,2.1204965,-0.51743549,-0.6039691,0.60620278,0
-3.6585147,3.1696582,-1.3581524,-0.84225571,0.484642,-0.23606658,0
-0.75836849,0.60413361,4.8259635,0.15121436,0.63272697,0.75946748,0
-3.6425822,2.7753685,-2.2473018,-0.84225571,0.484642,-0.23606658,0
1.416508,2.8727281,2.5219567,0.15121436,0.63272697,0.75946748,0
-4.0790167,4.410234,2.0858665,-0.84225571,0.484642,-0.23606658,0
3.1212845,-5.3244467,-1.1272955,0.84225571,-0.484642,0.23606658,0
-1.6590562,0.86232209,-5.5323243,-0.15121436,-0.63272697,-0.75946748,0
-4.2856212,1.6368473,-2.1928682,-0.84225571,0.484642,-0.23606658,0
-3.1668196,-1.4280709,-3.4187436,-0.15121436,-0.63272697,-0.75946748,0
3.7173207,-4.4644737,-2.3898449,-0.15121436,-0.63272697,-0.75946748,0
-1.1899772,-3.4669909,0.60353589,-0.51743549,-0.6039691,0.60620278,0
0.32667571,1.4462292,-3.3021636,0.51743549,0.6039691,-0.60620278,0
4.7117133,1.4974284,3.1538458,0.15121436,0.63272697,0.75946748,0
5.2403331,-0.58118653,0.86741877,0.84225571,-0.484642,0.23606658,0
-2.4352314,-2.7105851,-2.4231977,-0.15121436,-0.63272697,-0.75946748,0
1.6386049,-1.5120463,-4.4589095,-0.15121436,-0.63272697,-0.75946748,0
4.5844383,2.84709,1.7128749,0.51743549,0.6039691,-0.60620278,0
0.28406703,2.7315588,-2.0475612,0.51743549,0.6039691,-0.60620278,0
-2.0142837,-4.4672289,-1.2590938,-0.15121436,-0.63272697,-0.75946748,0
-3.8103476,4.0294085,0.52427912,-0.84225571,0.484642,-0.23606658,0
0.56355906,4.6681318,1.2383335,0.15121436,0.63272697,0.75946748,0
-0.72642124,3.3876653,-2.2572172,0.51743549,0.6039691,-0.60620278,0
2.766408,-3.6141512,3.7206168,0.84225571,-0.484642,0.23606658,0
-3.1648984,-2.2351153,-2.7776852,-0.15121436,-0.63272697,-0.75946748,0
5.9626632,1.2748575,1.3353375,0.51743549,0.6039691,-0.60620278,0
3.3427591,-1.7552857,-3.8581791,0.51743549,0.6039691,-0.60620278,0
4.2909913,-2.960459,0.0066475868,0.84225571,-0.484642,0.23606658,0
-2.5263433,-2.9843016,-2.3336828,-0.15121436,-0.63272697,-0.75946748,0
2.1129937,-5.8247967,-0.73758745,-0.15121436,-0.63272697,-0.75946748,0
4.2008538,-2.3719544,1.5908279,0.84225571,-0.484642,0.23606658,0
-5.7107649,-0.13918066,-1.2298038,-0.84225571,0.484642,-0.23606658,0
2.9361453,2.6509976,2.5471756,0.15121436,0.63272697,0.75946748,0
-2.036092,-2.1387072,1.1384593,-0.51743549,-0.6039691,0.60620278,0
5.0104046,-2.3865802,-1.6115324,0.84225571,-0.484642,0.23606658,0
-2.2909198,6.0021248,0.67984438,0.15121436,0.63272697,0.75946748,0
-4.02561,3.9277918,0.98366404,-0.84225571,0.484642,-0.23606658,0
-1.9238724,-1.0698631,2.2006969,-0.51743549,-0.6039691,0.60620278,0
2.4886746,-1.8782277,5.3085408,-0.51743549,-0.6039691,0.60620278,0
1.1476121,-5.9622154,-0.48127317,-0.15121436,-0.63272697,-0.75946748,0
-4.4537764,-2.1576972,-2.6626582,-0.15121436,-0.63272697,-0.75946748,0
-1.2571965,2.4393678,-3.6352088,0.51743549,0.6039691,-0.60620278,0
-5.1190934,-1.2354076,-3.1713307,-0.15121436,-0.63272697,-0.75946748,0
-0.84753537,3.1937554,2.6790617,0.15121436,0.63272697,0.75946748,0
-1.7359967,5.2594881,1.257473,0.15121436,0.63272697,0.75946748,0
-3.2820461,2.0503886,-5.5077276,-0.84225571,0.484642,-0.23606658,0
-4.0087223,3.4495301,0.55305243,-0.84225571,0.484642,-0.23606658,0
-0.88746643,-4.8411741,-0.56017685,-0.51743549,-0.6039691,0.60620278,0
2.7721984,-1.7310035,5.4474688,-0.51743549,-0.6039691,0.60620278,0
2.1710923,-2.1301129,4.6485581,-0.51743549,-0.6039691,0.60620278,0
5.1758451,2.4798539,2.0686543,0.15121436,0.63272697,0.75946748,0
2.767148,-0.72419834,5.4159508,0.15121436,0.63272697,0.75946748,0
0.93452632,-0.61130214,5.2329025,-0.51743549,-0.6039691,0.60620278,0
4.015583,-4.2720757,-1.9617982,0.84225571,-0.484642,0.23606658,0
4.9154024,-1.9927313,-0.31544876,0.84225571,-0.484642,0.23606658,0
2.7520609,0.45312214,-2.1449001,0.51743549,0.6039691,-0.60620278,0
0.44267297,4.2681651,-0.25237966,0.51743549,0.6039691,-0.60620278,0
1.3945622,1.7092428,-1.921203,0.51743549,0.6039691,-0.60620278,0
-1.5976014,2.3406148,3.5835547,0.15121436,0.63272697,0.75946748,0
-4.3934894,0.33646187,-4.6534586,-0.84225571,0.484642,-0.23606658,0
-2.9137392,3.9050164,-2.6858997,-0.84225571,0.484642,-0.23606658,0
-2.029695,-0.62980366,2.6621509,-0.51743549,-0.6039691,0.60620278,0
3.7697742,-3.1161559,1.3476677,0.84225571,-0.484642,0.23606658,0
-2.8744845,1.1150088,3.4958036,-0.51743549,-0.6039691,0.60620278,0
-4.9102812,3.1758454,2.6148033,-0.84225571,0.484642,-0.23606658,0
3.3877788,1.1976285,-0.7314539,0.51743549,0.6039691,-0.60620278,0
3.1323948,-3.1245921,3.7022612,0.84225571,-0.484642,0.23606658,0
-3.225004,3.1162136,-3.6729567,-0.84225571,0.484642,-0.23606658,0
5.1547928,1.5053699,0.95632148,0.51743549,0.6039691,-0.60620278,0
-5.9794159,-0.91501188,-1.3889619,-0.84225571,0.484642,-0.23606658,0
-1.1888916,0.75363111,4.7485361,0.15121436,0.63272697,0.75946748,0
-2.984395,2.8584106,-4.4392471,-0.84225571,0.484642,-0.23606658,0
-3.4518945,1.8920507,-4.9542751,-0.84225571,0.484642,-0.23606658,0
-2.8430629,-2.877578,-2.2200353,-0.15121436,-0.63272697,-0.75946748,0
-2.3256865,3.809835,-3.1243966,0.51743549,0.6039691,-0.60620278,0
-2.3012152,2.2397385,3.786696,0.15121436,0.63272697,0.75946748,0
-4.2771063,0.94966078,-3.9754629,-0.84225571,0.484642,-0.23606658,0
3.3074327,-4.9777966,-1.0071015,0.84225571,-0.484642,0.23606658,0
-3.8385038,2.9278395,3.5589623,0.15121436,0.63272697,0.75946748,0
1.5620832,-4.231492,-2.1100757,-0.15121436,-0.63272697,-0.75946748,0
-2.3955762,0.31195521,-4.950984,-0.15121436,-0.63272697,-0.75946748,0
-5.1301851,-2.6305363,-2.0026486,-0.51743549,-0.6039691,0.60620278,0
0.77417994,-0.90688133,-4.6734905,-0.15121436,-0.63272697,-0.75946748,0
-2.2246599,-2.1076674,-2.9643214,-0.15121436,-0.63272697,-0.75946748,0
2.6406291,2.9405811,2.1653442,0.15121436,0.63272697,0.75946748,0
-1.1179005,0.7285955,-5.0342875,0.51743549,0.6039691,-0.60620278,0
-0.60003138,-4.7969799,-1.0942464,-0.15121436,-0.63272697,-0.75946748,0
-0.75140738,-0.71047544,-4.4881477,-0.15121436,-0.63272697,-0.75946748,0
-0.33670998,-2.2187402,-3.36203,-0.15121436,-0.63272697,-0.75946748,0
-0.2262001,-2.3809812,2.4054217,-0.51743549,-0.6039691,0.60620278,0
-2.8156266,5.6929321,0.23807907,-0.84225571,0.484642,-0.23606658,0
-2.8524091,1.3849318,-5.7765303,-0.15121436,-0.63272697,-0.75946748,0
-1.4447236,-4.0702009,-1.6006724,-0.15121436,-0.63272697,-0.75946748,0
2.7515886,1.936079,-0.81029731,0.51743549,0.6039691,-0.60620278,0
4.3404436,-1.7364106,1.7342186,0.84225571,-0.484642,0.23606658,0
1.6958218,-6.491951,-0.24258423,-0.15121436,-0.63272697,-0.75946748,0
0.92992675,2.7155721,-1.4890761,0.51743549,0.6039691,-0.60620278,0
-5.6550503,0.32124996,0.58335614,-0.51743549,-0.6039691,0.60620278,0
-2.8972621,-0.069562316,-4.7052598,-0.15121436,-0.63272697,-0.75946748,0
3.1934676,-3.6735339,2.3164742,0.84225571,-0.484642,0.23606658,0
0.73923326,1.8285127,3.6223912,0.15121436,0.63272697,0.75946748,0
2.2943366,0.60139084,-2.2631865,0.51743549,0.6039691,-0.60620278,0
1.6950052,3.3229384,-0.29535317,0.51743549,0.6039691,-0.60620278,0
3.6830769,2.3472285,0.37456414,0.51743549,0.6039691,-0.60620278,0
0.34681225,4.4297562,1.4653435,0.15121436,0.63272697,0.75946748,0
0.83427715,1.8529444,-2.5491109,0.51743549,0.6039691,-0.60620278,0
2.9101243,-1.7626219,-4.2397871,0.51743549,0.6039691,-0.60620278,0
-4.4267473,0.38627952,-4.5377254,-0.84225571,0.484642,-0.23606658,0
0.70585704,3.7449722,-0.77696657,0.51743549,0.6039691,-0.60620278,0
-4.3754926,2.4006543,-0.79461575,-0.84225571,0.484642,-0.23606658,0
0.86301583,-1.5567331,4.0622377,-0.51743549,-0.6039691,0.60620278,0
3.6085429,-1.9564681,4.0547066,0.84225571,-0.484642,0.23606658,0
-1.1307802,0.94406843,-4.9021258,0.51743549,0.6039691,-0.60620278,0
-4.130384,3.3517888,0.50562859,-0.84225571,0.484642,-0.23606658,0
4.9199648,-3.4128616,-2.9871922,0.84225571,-0.484642,0.23606658,0
-4.8566837,2.5660901,1.0189943,-0.84225571,0.484642,-0.23606658,0
2.5801077,-3.8190374,-2.5489802,-0.15121436,-0.63272697,-0.75946748,0
3.0176353,-3.85763,2.5758033,0.84225571,-0.484642,0.23606658,0
-0.88631749,3.0606,2.9095354,0.15121436,0.63272697,0.75946748,0
-5.5332022,-0.063896179,-1.2892487,-0.84225571,0.484642,-0.23606658,0
4.3582525,-1.170333,3.1695805,0.84225571,-0.484642,0.23606658,0
-4.8249874,2.9802482,2.1314874,-0.84225571,0.484642,-0.23606658,0
4.8596187,0.38506716,3.9762156,0.15121436,0.63272697,0.75946748,0
-2.7382045,-1.6829214,-3.3387365,-0.15121436,-0.63272697,-0.75946748,0
-3.65099,-1.9188104,-0.070738494,-0.51743549,-0.6039691,0.60620278,0
-1.9238263,-0.2972312,3.0732753,-0.51743549,-0.6039691,0.60620278,0
-3.6749985,-1.7009205,-3.0565221,-0.15121436,-0.63272697,-0.75946748,0
4.8088078,-3.2298322,-2.3912158,0.84225571,-0.484642,0.23606658,0
0.42951989,3.6076427,-1.1123521,0.51743549,0.6039691,-0.60620278,0
3.2026477,-4.0569553,1.2430067,0.84225571,-0.484642,0.23606658,0
-3.0689955,5.264183,1.5083036,0.15121436,0.63272697,0.75946748,0
-1.0699658,2.0840859,3.642184,0.15121436,0.63272697,0.75946748,0
-4.1727462,4.0950756,2.5554934,0.15121436,0.63272697,0.75946748,0
-1.9821594,2.2648854,3.6680403,0.15121436,0.63272697,0.75946748,0
0.4744792,-4.7708511,0.66109514,-0.51743549,-0.6039691,0.60620278,0
0.63191581,0.84276009,4.4743586,0.15121436,0.63272697,0.75946748,0
-1.023375,2.1716204,-3.6879447,0.51743549,0.6039691,-0.60620278,0
0.36016753,1.1255207,-3.600785,0.51743549,0.6039691,-0.60620278,0
-5.7590909,-2.1048436,-2.1925261,-0.51743549,-0.6039691,0.60620278,0
-3.1588278,0.29230785,2.3834994,-0.51743549,-0.6039691,0.60620278,0
3.508642,-2.6482635,2.9246356,0.84225571,-0.484642,0.23606658,0
-1.3593535,-2.676378,-2.811763,-0.15121436,-0.63272697,-0.75946748,0
-4.3676066,2.4230418,3.6640089,-0.51743549,-0.6039691,0.60620278,0
-3.4007182,4.6159358,0.41653919,-0.84225571,0.484642,-0.23606658,0
-4.5279703,-0.78478193,0.19062555,-0.51743549,-0.6039691,0.60620278,0
-5.654964,-0.24786115,-1.8705633,-0.84225571,0.484642,-0.23606658,0
3.595437,3.2116866,1.244121,0.51743549,0.6039691,-0.60620278,0
5.3576088,-1.5870743,-1.8825791,0.51743549,0.6039691,-0.60620278,0
4.4900942,-2.4841352,0.30942345,0.84225571,-0.484642,0.23606658,0
-4.8295002,-2.4309318,-1.7078851,-0.51743549,-0.6039691,0.60620278,0
0.49385023,-1.536294,-4.0184364,-0.15121436,-0.63272697,-0.75946748,0
-4.140985,0.75172967,-4.8049912,-0.84225571,0.484642,-0.23606658,0
1.9040947,-5.0328932,-1.4467058,-0.15121436,-0.63272697,-0.75946748,0
-5.291235,2.0837483,2.6481369,-0.51743549,-0.6039691,0.60620278,0
-3.4374969,-0.60346746,1.3391492,-0.51743549,-0.6039691,0.60620278,0
3.3732069,-4.5136371,0.050955772,0.84225571,-0.484642,0.23606658,0
0.70791745,-1.2744374,4.2237988,-0.51743549,-0.6039691,0.60620278,0
1.5504265,-5.7150764,-0.83616066,-0.15121436,-0.63272697,-0.75946748,0
1.7751882,-3.9403338,-2.4608326,-0.15121436,-0.63272697,-0.75946748,0
-4.2402868,-1.6311259,-0.21793818,-0.51743549,-0.6039691,0.60620278,0
3.6082253,-3.0298922,2.2366943,0.84225571,-0.484642,0.23606658,0
-1.6394582,-1.5617292,2.0024719,-0.51743549,-0.6039691,0.60620278,0
3.1148977,-5.1551375,-0.90282583,0.84225571,-0.484642,0.23606658,0
-4.2730751,2.3911216,-1.0254281,-0.84225571,0.484642,-0.23606658,0
1.0991373,-1.5928161,4.2408485,-0.51743549,-0.6039691,0.60620278,0
-2.5163724,2.889575,-4.0871992,0.51743549,0.6039691,-0.60620278,0
1.2102787,3.7212133,1.822107,0.15121436,0.63272697,0.75946748,0
5.5535383,-0.96839666,-0.57947898,0.84225571,-0.484642,0.23606658,0
5.7510452,-0.25429964,0.21335006,0.84225571,-0.484642,0.23606658,0
1.1209154,4.7951555,0.86329079,0.51743549,0.6039691,-0.60620278,0
1.9887691,-6.626729,-0.023347855,-0.15121436,-0.63272697,-0.75946748,0
-4.9874506,0.43793488,1.1821473,-0.51743549,-0.6039691,0.60620278,0
-5.1061335,1.6520884,0.33059311,-0.84225571,0.484642,-0.23606658,0
-5.5880871,-0.97592092,-3.2209589,-0.15121436,-0.63272697,-0.75946748,0
-1.2378528,-2.2110763,-3.0671117,-0.15121436,-0.63272697,-0.75946748,0
-3.3987043,3.098953,3.3885264,0.15121436,0.63272697,0.75946748,0
2.792417,1.7407045,-0.68687022,0.51743549,0.6039691,-0.60620278,0
4.2751284,-1.276279,-2.5429044,0.51743549,0.6039691,-0.60620278,0
-4.9783258,1.4200206,-0.40009046,-0.84225571,0.484642,-0.23606658,0
-5.3993483,-2.5679414,-2.1815453,-0.15121436,-0.63272697,-0.75946748,0
3.4996531,0.72729683,3.9205596,0.15121436,0.63272697,0.75946748,0
-3.2975998,3.9569299,-1.5665302,-0.84225571,0.484642,-0.23606658,0
-0.086660147,-0.74495769,-4.7003651,-0.15121436,-0.63272697,-0.75946748,0
-1.0125241,0.61922407,4.5600123,-0.51743549,-0.6039691,0.60620278,0
3.1284018,-3.239255,3.6499434,0.84225571,-0.484642,0.23606658,0
5.0732799,-0.18047476,2.7093859,0.84225571,-0.484642,0.23606658,0
-1.6499486,4.1221595,-2.2037439,0.51743549,0.6039691,-0.60620278,0
-3.3015623,5.3429041,1.3329268,-0.84225571,0.484642,-0.23606658,0
-2.062953,4.291358,2.1104228,0.15121436,0.63272697,0.75946748,0
4.0439796,-2.8216443,-3.7527499,-0.15121436,-0.63272697,-0.75946748,0
4.6919007,-1.7071514,0.97596431,0.84225571,-0.484642,0.23606658,0
5.2156811,-1.7560842,-0.80075359,0.84225571,-0.484642,0.23606658,0
1.7648921,-3.880882,-2.2858846,-0.15121436,-0.63272697,-0.75946748,0
-1.164484,-2.7444949,-2.8085055,-0.15121436,-0.63272697,-0.75946748,0
4.0875669,-0.092775494,4.5050993,0.15121436,0.63272697,0.75946748,0
-3.926821,1.6238351,-3.8927546,-0.84225571,0.484642,-0.23606658,0
-4.7378674,2.9688361,1.975872,-0.84225571,0.484642,-0.23606658,0
-3.2220459,-1.1210886,-3.677603,-0.15121436,-0.63272697,-0.75946748,0
0.28016758,2.4127944,-2.2167053,0.51743549,0.6039691,-0.60620278,0
-2.2992005,5.3755989,1.3426056,0.15121436,0.63272697,0.75946748,0
-3.5944374,0.11871386,2.1504936,-0.51743549,-0.6039691,0.60620278,0
1.9347322,-2.035188,4.6827426,-0.51743549,-0.6039691,0.60620278,0
-3.7626572,3.2201211,-0.87179708,-0.84225571,0.484642,-0.23606658,0
-1.6871495,2.5783486,3.3511949,0.15121436,0.63272697,0.75946748,0
-2.4837697,-0.41724348,2.4167938,-0.51743549,-0.6039691,0.60620278,0
2.7872734,-1.1793437,-3.5882201,0.51743549,0.6039691,-0.60620278,0
-4.4670539,1.3919002,-2.5320311,-0.84225571,0.484642,-0.23606658,0
2.4538229,-5.4299841,0.9432106,0.84225571,-0.484642,0.23606658,0
-4.5952473,3.6588333,2.7695355,-0.84225571,0.484642,-0.23606658,0
-0.74015236,4.2001667,-1.4431975,0.51743549,0.6039691,-0.60620278,0
3.360945,-2.5799432,-3.7638519,-0.15121436,-0.63272697,-0.75946748,0
-2.6358399,1.9667058,-5.0746174,0.51743549,0.6039691,-0.60620278,0
3.4047017,2.2054007,0.31504965,0.51743549,0.6039691,-0.60620278,0
5.2930593,2.549367,2.203676,0.15121436,0.63272697,0.75946748,0
-0.49621296,-4.2134871,-1.6097374,-0.15121436,-0.63272697,-0.75946748,0
-5.1586981,0.28393984,0.69135356,-0.51743549,-0.6039691,0.60620278,0
-3.775255,2.3468833,-3.0685608,-0.84225571,0.484642,-0.23606658,0
-3.1426215,0.86989331,-5.445066,-0.15121436,-0.63272697,-0.75946748,0
-2.2844799,2.7957885,-4.2116652,0.51743549,0.6039691,-0.60620278,0
-3.0924838,4.3141794,-0.99168968,-0.84225571,0.484642,-0.23606658,0
-2.5583878,0.18818045,3.1051853,-0.51743549,-0.6039691,0.60620278,0
4.020586,-1.1352906,4.7969542,0.84225571,-0.484642,0.23606658,0
2.6373005,-4.0649314,3.1231596,0.84225571,-0.484642,0.23606658,0
1.1705039,3.8394756,-0.031065941,0.51743549,0.6039691,-0.60620278,0
-1.6081848,2.8121238,3.1665082,0.15121436,0.63272697,0.75946748,0
-0.57955551,2.2036114,3.5218639,0.15121436,0.63272697,0.75946748,0
5.3171721,0.72782826,3.5792308,0.84225571,-0.484642,0.23606658,0
4.2565136,1.1723061,3.4281123,0.15121436,0.63272697,0.75946748,0
0.8504858,3.9878626,1.906075,0.15121436,0.63272697,0.75946748,0
3.133848,-2.7583895,3.997818,0.84225571,-0.484642,0.23606658,0
1.4045304,-0.84318471,5.2677665,-0.51743549,-0.6039691,0.60620278,0
5.1915507,-2.1502843,-2.1200469,0.84225571,-0.484642,0.23606658,0
4.1233997,-3.1690505,-0.31216431,0.84225571,-0.484642,0.23606658,0
0.30811289,1.4434073,-3.3087354,0.51743549,0.6039691,-0.60620278,0
1.801988,-1.4157588,5.1859555,-0.51743549,-0.6039691,0.60620278,0
3.3304052,-3.7069993,1.3525038,0.84225571,-0.484642,0.23606658,0
-3.1418099,-2.8605814,-2.3608263,-0.15121436,-0.63272697,-0.75946748,0
-0.4591856,2.252229,3.5096445,0.15121436,0.63272697,0.75946748,0
1.4310982,3.5231512,1.9588265,0.15121436,0.63272697,0.75946748,0
0.32993865,-3.1302278,2.1435611,-0.51743549,-0.6039691,0.60620278,0
3.0874372,-2.5180724,4.9014292,0.84225571,-0.484642,0.23606658,0
-0.33871841,5.2592096,-0.15782213,0.51743549,0.6039691,-0.60620278,0
0.89175177,3.9695661,1.8182405,0.15121436,0.63272697,0.75946748,0
-0.016863346,3.121321,-1.7710148,0.51743549,0.6039691,-0.60620278,0
-1.9590912,6.5830555,0.26008463,0.15121436,0.63272697,0.75946748,0
-2.6675737,-3.7577083,-1.0161963,-0.51743549,-0.6039691,0.60620278,0
-1.2814808,2.8513701,-3.2272587,0.51743549,0.6039691,-0.60620278,0
4.6393204,-1.4341909,1.4288087,0.84225571,-0.484642,0.23606658,0
3.1509485,-2.3020625,-3.9637923,-0.15121436,-0.63272697,-0.75946748,0
0.18867779,-2.8272564,-3.0501585,-0.15121436,-0.63272697,-0.75946748,0
1.3247135,-2.3220785,3.6202624,-0.51743549,-0.6039691,0.60620278,0
2.6282468,-0.35233927,5.0716157,0.15121436,0.63272697,0.75946748,0
4.8751445,-0.1342063,-0.8641274,0.51743549,0.6039691,-0.60620278,0
5.5848331,0.64782,2.6570849,0.84225571,-0.484642,0.23606658,0
5.6242857,-0.52846432,-0.096428633,0.84225571,-0.484642,0.23606658,0
-5.5553217,-0.00016212463,0.23235512,-0.51743549,-0.6039691,0.60620278,0
4.486218,-2.6809955,-3.7392347,0.51743549,0.6039691,-0.60620278,0
-1.8806803,3.9816411,2.3001711,0.15121436,0.63272697,0.75946748,0
2.87391,-5.1941156,0.05061245,0.84225571,-0.484642,0.23606658,0
-5.6585484,-0.75458217,-2.5536835,-0.84225571,0.484642,-0.23606658,0
2.7817354,-4.2952304,-2.1562598,-0.15121436,-0.63272697,-0.75946748,0
4.3963866,-1.2854389,2.5593486,0.84225571,-0.484642,0.23606658,0
3.6612842,-3.2140505,1.392848,0.84225571,-0.484642,0.23606658,0
-1.6334181,-2.1997671,1.2669027,-0.51743549,-0.6039691,0.60620278,0
2.8206587,-4.8837233,-1.7748547,-0.15121436,-0.63272697,-0.75946748,0
4.5943627,1.7852569,0.79163301,0.51743549,0.6039691,-0.60620278,0
3.8812928,0.4231047,4.216135,0.15121436,0.63272697,0.75946748,0
5.3511944,0.60448074,3.013185,0.84225571,-0.484642,0.23606658,0
1.7464967,3.1138124,2.3021007,0.15121436,0.63272697,0.75946748,0
-0.11991072,1.4335108,-3.5488954,0.51743549,0.6039691,-0.60620278,0
-2.7786982,3.642776,2.7491677,0.15121436,0.63272697,0.75946748,0
-2.87322,-2.6472526,-2.5035887,-0.15121436,-0.63272697,-0.75946748,0
1.9937997,1.94942,3.2609241,0.15121436,0.63272697,0.75946748,0
4.4822159,-0.34497321,4.2514591,0.84225571,-0.484642,0.23606658,0
-4.1659493,3.0378866,-0.30350733,-0.84225571,0.484642,-0.23606658,0
4.620923,-0.71884251,-1.6451485,0.51743549,0.6039691,-0.60620278,0
5.1401339,-2.1669359,-1.470361,0.84225571,-0.484642,0.23606658,0
-3.756052,1.2119058,-5.5582404,-0.84225571,0.484642,-0.23606658,0
4.9794707,-2.4966881,-1.6826775,0.84225571,-0.484642,0.23606658,0
-3.1816664,-0.81549412,-3.8389764,-0.15121436,-0.63272697,-0.75946748,0
0.31393123,2.2749212,-2.4844012,0.51743549,0.6039691,-0.60620278,0
-3.4426277,4.8489857,0.71156979,-0.84225571,0.484642,-0.23606658,0
-5.0389271,-0.18237543,0.54564214,-0.51743549,-0.6039691,0.60620278,0
2.7763996,-4.5763717,1.7720485,0.84225571,-0.484642,0.23606658,0
1.794722,-1.1000733,5.5201859,-0.51743549,-0.6039691,0.60620278,0
-2.8558352,1.1172595,-5.5640488,-0.15121436,-0.63272697,-0.75946748,0
-1.7493668,3.5665457,2.5679939,0.15121436,0.63272697,0.75946748,0
-0.053229094,-1.8302933,-3.7581835,-0.15121436,-0.63272697,-0.75946748,0
2.3646662,3.3184266,2.1501517,0.15121436,0.63272697,0.75946748,0
-5.3798108,-2.2072766,-1.8630866,-0.51743549,-0.6039691,0.60620278,0
5.7597904,0.64890599,1.7572937,0.84225571,-0.484642,0.23606658,0
1.1082835,-3.906605,2.0418456,-0.51743549,-0.6039691,0.60620278,0
-4.1238184,-2.8313794,-2.2138238,-0.15121436,-0.63272697,-0.75946748,0
-2.7702208,5.239748,1.5468464,0.15121436,0.63272697,0.75946748,0
5.3889966,0.3518548,0.10244656,0.51743549,0.6039691,-0.60620278,0
-3.3542652,-1.392653,-3.500937,-0.15121436,-0.63272697,-0.75946748,0
5.4942484,-0.51042247,0.77363157,0.84225571,-0.484642,0.23606658,0
3.6101375,-2.5458605,2.6768017,0.84225571,-0.484642,0.23606658,0
4.9968367,-0.12572885,3.2892523,0.84225571,-0.484642,0.23606658,0
0.743819,3.6482382,-0.55474591,0.51743549,0.6039691,-0.60620278,0
3.174103,-1.7579718,-4.0598373,0.51743549,0.6039691,-0.60620278,0
1.3276486,-5.2390213,-1.1005673,-0.15121436,-0.63272697,-0.75946748,0
3.8468287,-3.0482748,0.93875742,0.84225571,-0.484642,0.23606658,0
-3.1485643,2.8512971,-3.7978077,-0.84225571,0.484642,-0.23606658,0
1.8829846,-1.0702176,-4.4867692,0.51743549,0.6039691,-0.60620278,0
-1.6760402,-3.9871304,-1.5473548,-0.15121436,-0.63272697,-0.75946748,0
2.3525524,0.22538137,-2.8701549,0.51743549,0.6039691,-0.60620278,0
-3.4721727,-1.3607426,-3.5064201,-0.15121436,-0.63272697,-0.75946748,0
1.1321073,4.3405495,1.43661,0.15121436,0.63272697,0.75946748,0
4.8592086,-2.6794026,-1.7246389,0.84225571,-0.484642,0.23606658,0
-2.6313338,1.8286614,4.3958049,0.15121436,0.63272697,0.75946748,0
-3.1692238,0.017448425,2.2348394,-0.51743549,-0.6039691,0.60620278,0
-5.8478003,-0.94970918,-2.0849433,-0.84225571,0.484642,-0.23606658,0
3.6699274,-1.8638332,4.3466473,0.84225571,-0.484642,0.23606658,0
-4.8309212,2.530179,1.5085907,-0.84225571,0.484642,-0.23606658,0
2.6621222,-2.857111,-3.2981424,-0.15121436,-0.63272697,-0.75946748,0
-1.9067724,0.84141231,-5.6557126,-0.15121436,-0.63272697,-0.75946748,0
0.14892912,-2.3701253,2.8666699,-0.51743549,-0.6039691,0.60620278,0
1.7714539,-3.8704531,2.5659692,-0.51743549,-0.6039691,0.60620278,0
-2.4587436,3.7772281,-3.2267292,0.51743549,0.6039691,-0.60620278,0
-2.9358797,3.3778954,-3.9913604,-0.84225571,0.484642,-0.23606658,0
-3.7342901,1.9436208,-3.7268465,-0.84225571,0.484642,-0.23606658,0
-4.0434656,1.0448334,-4.8505812,-0.84225571,0.484642,-0.23606658,0
3.796138,-2.1314719,2.8843234,0.84225571,-0.484642,0.23606658,0
0.15402794,-1.6442058,-4.0013161,-0.15121436,-0.63272697,-0.75946748,0
-3.8022416,4.0153241,0.85754156,-0.84225571,0.484642,-0.23606658,0
2.3435121,-5.1925969,1.9316468,-0.51743549,-0.6039691,0.60620278,0
1.6060996,3.5626733,1.9607365,0.15121436,0.63272697,0.75946748,0
-5.0915289,0.25571191,-2.6480041,-0.84225571,0.484642,-0.23606658,0
-4.6779957,1.2465982,-2.1891489,-0.84225571,0.484642,-0.23606658,0
-4.5248318,-0.3671636,-4.0447078,-0.15121436,-0.63272697,-0.75946748,0
-0.86810994,4.9400959,-0.8299551,0.51743549,0.6039691,-0.60620278,0
-1.7981784,-1.8925645,-3.3882017,-0.15121436,-0.63272697,-0.75946748,0
3.2793519,1.190486,-0.83663177,0.51743549,0.6039691,-0.60620278,0
5.269001,-2.0659041,-1.7756729,0.84225571,-0.484642,0.23606658,0
-1.7013001,5.3770962,1.0039196,0.15121436,0.63272697,0.75946748,0
0.71543312,-0.14329863,-4.5112457,0.51743549,0.6039691,-0.60620278,0
-0.9155162,1.4958773,-4.2455583,0.51743549,0.6039691,-0.60620278,0
1.8417221,0.40349793,4.63941,0.15121436,0.63272697,0.75946748,0
-4.9671779,3.3486605,3.0157764,-0.84225571,0.484642,-0.23606658,0
-2.4829834,2.8068047,3.3917618,0.15121436,0.63272697,0.75946748,0
5.762958,0.11244106,0.82829618,0.84225571,-0.484642,0.23606658,0
0.40685344,-0.15749741,5.1597824,-0.51743549,-0.6039691,0.60620278,0
2.4400454,-5.1251917,-1.4995842,-0.15121436,-0.63272697,-0.75946748,0
-5.0428824,-0.20150757,-3.744288,-0.84225571,0.484642,-0.23606658,0
6.0887327,1.2787704,2.4185829,0.84225571,-0.484642,0.23606658,0
3.6968036,-3.4698439,0.74931097,0.84225571,-0.484642,0.23606658,0
-4.1334429,1.0193633,-3.9945407,-0.84225571,0.484642,-0.23606658,0
0.32806754,-2.2364564,-3.4778113,-0.15121436,-0.63272697,-0.75946748,0
-2.3283024,5.79844,-0.78623867,-0.84225571,0.484642,-0.23606658,0
0.049038023,-1.3539741,3.7960067,-0.51743549,-0.6039691,0.60620278,0
0.068011403,0.69309306,-4.2319794,0.51743549,0.6039691,-0.60620278,0
-3.1962438,-3.0342526,-0.79376411,-0.51743549,-0.6039691,0.60620278,0
-0.30128217,0.46824646,-4.7253819,0.51743549,0.6039691,-0.60620278,0
-5.4035087,1.4480147,1.2776504,-0.84225571,0.484642,-0.23606658,0
1.3981831,3.3139772,2.1409268,0.15121436,0.63272697,0.75946748,0
0.88820815,-2.5299206,-3.3219829,-0.15121436,-0.63272697,-0.75946748,0
-2.6927223,5.3401184,-0.45048904,-0.84225571,0.484642,-0.23606658,0
-5.2548475,0.55185556,-1.4620311,-0.84225571,0.484642,-0.23606658,0
2.4277244,-2.2954915,4.7671018,-0.51743549,-0.6039691,0.60620278,0
-2.0947142,-3.6989856,-0.59929812,-0.51743549,-0.6039691,0.60620278,0
-4.4817758,-0.26412439,0.69593036,-0.51743549,-0.6039691,0.60620278,0
1.6997046,-5.6043558,-1.0278854,-0.15121436,-0.63272697,-0.75946748,0
-1.0194172,-0.35862517,-4.7375364,-0.15121436,-0.63272697,-0.75946748,0
-1.3719821,4.6743627,1.7368476,0.15121436,0.63272697,0.75946748,0
-5.7474771,-0.15728092,-1.2777958,-0.84225571,0.484642,-0.23606658,0
0.60695744,-2.8758967,-2.9825196,-0.15121436,-0.63272697,-0.75946748,0
4.304462,-2.6933193,0.19283485,0.84225571,-0.484642,0.23606658,0
-4.5170946,1.7455091,-1.7468028,-0.84225571,0.484642,-0.23606658,0
-0.70521307,1.0902667,4.4750471,0.15121436,0.63272697,0.75946748,0
0.23685607,-1.1314712,3.9726381,-0.51743549,-0.6039691,0.60620278,0
-2.9969871,4.6454263,-0.85806179,-0.84225571,0.484642,-0.23606658,0
2.5107484,-6.1445084,-0.53645134,-0.15121436,-0.63272697,-0.75946748,0
-4.9940133,2.7604289,2.6400075,-0.84225571,0.484642,-0.23606658,0
-4.5830431,3.5140445,2.4128132,-0.84225571,0.484642,-0.23606658,0
4.7833595,-1.6843659,0.80818486,0.84225571,-0.484642,0.23606658,0
-1.9223893,0.64260006,4.0408497,-0.51743549,-0.6039691,0.60620278,0
4.0108824,-3.5772338,-0.17083836,0.84225571,-0.484642,0.23606658,0
1.2573588,-3.61536,-2.475379,-0.15121436,-0.63272697,-0.75946748,0
0.076223105,1.6841309,-3.0896566,0.51743549,0.6039691,-0.60620278,0
-2.5969744,2.9224715,3.2613151,0.15121436,0.63272697,0.75946748,0
3.7268748,-2.328064,3.118571,0.84225571,-0.484642,0.23606658,0
3.9067924,-0.033642769,-1.6193174,0.51743549,0.6039691,-0.60620278,0
-1.6057128,-3.0137889,0.70733058,-0.51743549,-0.6039691,0.60620278,0
4.9354939,-1.7577167,-0.41462612,0.84225571,-0.484642,0.23606658,0
1.8849406,-4.1970325,-2.1055686,-0.15121436,-0.63272697,-0.75946748,0
3.2665977,0.62100005,4.0274229,0.15121436,0.63272697,0.75946748,0
0.11682296,1.823182,3.7371416,0.15121436,0.63272697,0.75946748,0
-1.1528959,-1.5288025,-3.874938,-0.15121436,-0.63272697,-0.75946748,0
3.8947616,-1.8121548,3.4841552,0.84225571,-0.484642,0.23606658,0
2.7771277,-1.6550975,5.7124958,-0.51743549,-0.6039691,0.60620278,0
-1.986773,0.28157163,-5.2329383,-0.15121436,-0.63272697,-0.75946748,0
3.136004,-5.2430258,-0.51494408,0.84225571,-0.484642,0.23606658,0
-1.2133098,5.2049255,1.0736356,0.15121436,0.63272697,0.75946748,0
-0.15420818,4.5228448,1.427465,0.15121436,0.63272697,0.75946748,0
-5.1350164,1.4852812,0.13330078,-0.84225571,0.484642,-0.23606658,0
-4.0786581,3.2220929,0.32535172,-0.84225571,0.484642,-0.23606658,0
3.0220177,-2.5176895,5.0128632,-0.51743549,-0.6039691,0.60620278,0
-5.6422877,-0.21644831,-1.8304152,-0.84225571,0.484642,-0.23606658,0
-2.8433769,0.38593817,3.0280271,-0.51743549,-0.6039691,0.60620278,0
5.045898,-1.9332826,-0.59563875,0.84225571,-0.484642,0.23606658,0
4.9150233,0.19631398,3.7719226,0.84225571,-0.484642,0.23606658,0
-2.3645985,4.6831336,-2.2544084,0.51743549,0.6039691,-0.60620278,0
1.2226131,-3.3847249,-2.6131561,-0.15121436,-0.63272697,-0.75946748,0
4.7667251,2.7289243,1.943644,0.51743549,0.6039691,-0.60620278,0
-5.2223854,-0.030011654,0.60046268,-0.51743549,-0.6039691,0.60620278,0
-5.0737753,2.6165726,2.0201061,-0.84225571,0.484642,-0.23606658,0
1.5221591,-4.3322711,-1.9819744,-0.15121436,-0.63272697,-0.75946748,0
-5.040987,2.9167991,2.6912885,-0.84225571,0.484642,-0.23606658,0
-3.8181696,3.2523708,-1.1387792,-0.84225571,0.484642,-0.23606658,0
1.5162473,1.1611532,3.9309249,0.15121436,0.63272697,0.75946748,0
-1.4106822,-2.0012312,-3.4366612,-0.15121436,-0.63272697,-0.75946748,0
-3.9558926,1.2853136,-4.7174997,-0.84225571,0.484642,-0.23606658,0
-2.9210982,5.008451,1.639853,0.15121436,0.63272697,0.75946748,0
-3.3553982,4.4146414,-0.49588537,-0.84225571,0.484642,-0.23606658,0
0.27712846,-3.2484484,2.0062227,-0.51743549,-0.6039691,0.60620278,0
2.8221049,-0.58498597,5.3126192,0.15121436,0.63272697,0.75946748,0
3.2069471,-4.8580165,-0.50314379,0.84225571,-0.484642,0.23606658,0
-0.52666932,-1.9859827,2.6729405,-0.51743549,-0.6039691,0.60620278,0
1.1091852,3.1247854,-0.78154302,0.51743549,0.6039691,-0.60620278,0
5.1325068,-2.7023635,-2.4525096,0.84225571,-0.484642,0.23606658,0
-4.3481579,2.8994913,0.28462124,-0.84225571,0.484642,-0.23606658,0
3.6140258,-4.1509838,-0.01504612,0.84225571,-0.484642,0.23606658,0
-3.2591803,-3.27385,-1.2239271,-0.51743549,-0.6039691,0.60620278,0
-5.0900068,2.2765145,3.0185575,-0.51743549,-0.6039691,0.60620278,0
-6.3492904,-1.4588029,-1.8521231,-0.84225571,0.484642,-0.23606658,0
-5.3833685,0.30488181,-1.4061494,-0.84225571,0.484642,-0.23606658,0
2.7990088,2.5270169,2.6287665,0.15121436,0.63272697,0.75946748,0
4.0976958,-0.50847149,-1.9262601,0.51743549,0.6039691,-0.60620278,0
0.97483325,-3.3125648,2.5969253,-0.51743549,-0.6039691,0.60620278,0
2.3837683,-0.4594686,5.2802997,0.15121436,0.63272697,0.75946748,0
-1.2508545,5.3914747,-0.70971298,0.51743549,0.6039691,-0.60620278,0
4.3308358,1.5794526,3.194824,0.15121436,0.63272697,0.75946748,0
3.7889922,-3.654166,-2.9861033,-0.15121436,-0.63272697,-0.75946748,0
-1.6917009,6.4278164,-0.14414024,0.51743549,0.6039691,-0.60620278,0
3.9835663,-1.1278514,4.826427,0.84225571,-0.484642,0.23606658,0
-3.8476024,4.0356054,1.1180043,-0.84225571,0.484642,-0.23606658,0
-4.2894621,1.863997,3.2386525,-0.51743549,-0.6039691,0.60620278,0
-4.1614552,-0.73581409,0.79539955,-0.51743549,-0.6039691,0.60620278,0
-5.0828676,-1.0296822,-0.42291617,-0.51743549,-0.6039691,0.60620278,0
-3.7016871,-0.14748079,-4.3108625,-0.15121436,-0.63272697,-0.75946748,0
1.9850175,0.17096162,4.624948,0.15121436,0.63272697,0.75946748,0
-2.1445036,2.3239999,3.640856,0.15121436,0.63272697,0.75946748,0
-1.1487145,-3.4620543,-2.2187192,-0.15121436,-0.63272697,-0.75946748,0
3.3422236,1.2904234,-0.70178759,0.51743549,0.6039691,-0.60620278,0
-3.9449284,4.3093824,1.976583,-0.84225571,0.484642,-0.23606658,0
-1.2947016,-2.6389992,1.2102306,-0.51743549,-0.6039691,0.60620278,0
3.0824075,-4.1282544,1.9850006,0.84225571,-0.484642,0.23606658,0
2.0975761,1.6456392,-1.4260617,0.51743549,0.6039691,-0.60620278,0
0.80648541,-1.6079702,-3.9823823,-0.15121436,-0.63272697,-0.75946748,0
-0.042834282,2.0890491,-3.0274091,0.51743549,0.6039691,-0.60620278,0
4.4245963,-0.97272813,2.9849296,0.84225571,-0.484642,0.23606658,0
-4.3925996,0.71053278,-3.6876655,-0.84225571,0.484642,-0.23606658,0
-4.0643096,2.7640269,-1.2287316,-0.84225571,0.484642,-0.23606658,0
-2.2844901,-1.3626766,1.6062921,-0.51743549,-0.6039691,0.60620278,0
-4.164361,2.3747971,-1.3441074,-0.84225571,0.484642,-0.23606658,0
-2.040153,-0.8905592,2.3662343,-0.51743549,-0.6039691,0.60620278,0
-4.9291716,2.4707546,1.1082802,-0.84225571,0.484642,-0.23606658,0
-0.9002521,-3.0833213,1.1604456,-0.51743549,-0.6039691,0.60620278,0
-1.5709779,1.5509071,4.3357148,0.15121436,0.63272697,0.75946748,0
0.049107552,5.0046268,0.055447102,0.51743549,0.6039691,-0.60620278,0
-3.0674434,1.111125,-5.6221495,-0.15121436,-0.63272697,-0.75946748,0
-2.4901826,-1.2411683,1.4654166,-0.51743549,-0.6039691,0.60620278,0
0.64006758,3.4722836,-0.86599565,0.51743549,0.6039691,-0.60620278,0
-4.9674435,3.3308678,3.5159214,-0.84225571,0.484642,-0.23606658,0
-4.3715224,2.0669355,-0.92144942,-0.84225571,0.484642,-0.23606658,0
-4.7680092,1.2976494,2.0258496,-0.51743549,-0.6039691,0.60620278,0
4.9471345,2.238122,2.3792679,0.15121436,0.63272697,0.75946748,0
3.4953921,2.1898658,0.11861224,0.51743549,0.6039691,-0.60620278,0
-3.9430358,3.0822511,-1.1204214,-0.84225571,0.484642,-0.23606658,0
4.3101835,-1.0357816,3.5716145,0.84225571,-0.484642,0.23606658,0
-3.9503739,3.3281305,3.1552839,0.15121436,0.63272697,0.75946748,0
-3.9332588,1.2686292,-4.8819556,-0.84225571,0.484642,-0.23606658,0
1.6325848,-1.896831,4.4650321,-0.51743549,-0.6039691,0.60620278,0
3.7865419,-3.6919448,0.43447924,0.84225571,-0.484642,0.23606658,0
3.368361,-3.6953821,1.4501686,0.84225571,-0.484642,0.23606658,0
-1.3212013,2.3611848,-3.7849512,0.51743549,0.6039691,-0.60620278,0
-3.5468938,3.8533654,-0.36871767,-0.84225571,0.484642,-0.23606658,0
-4.8816719,0.59101951,-2.8699112,-0.84225571,0.484642,-0.23606658,0
-4.0196819,2.572608,-1.5839128,-0.84225571,0.484642,-0.23606658,0
3.7021844,-2.9751308,-3.5168958,-0.15121436,-0.63272697,-0.75946748,0
1.7318603,1.3007174,-2.2179599,0.51743549,0.6039691,-0.60620278,0
-1.2392435,-2.3095536,1.6709697,-0.51743549,-0.6039691,0.60620278,0
3.3636172,2.8364985,2.1311681,0.15121436,0.63272697,0.75946748,0
-3.2920926,4.1450014,-0.91225815,-0.84225571,0.484642,-0.23606658,0
-0.6605916,-3.2284422,1.3003337,-0.51743549,-0.6039691,0.60620278,0
-4.4821796,3.3032074,1.1961322,-0.84225571,0.484642,-0.23606658,0
1.1721411,3.5593944,1.9776993,0.15121436,0.63272697,0.75946748,0
-0.43811321,3.1726673,2.6709619,0.15121436,0.63272697,0.75946748,0
-1.6841753,0.13426971,3.6432731,-0.51743549,-0.6039691,0.60620278,0
-2.5911951,-0.47404194,2.3129766,-0.51743549,-0.6039691,0.60620278,0
-4.3794231,3.2383146,3.4324839,0.15121436,0.63272697,0.75946748,0
-5.0061512,-1.0469341,-0.39029026,-0.51743549,-0.6039691,0.60620278,0
-1.4806523,-4.1993971,-0.51961684,-0.51743549,-0.6039691,0.60620278,0
3.3332553,-5.1642365,-1.5622702,-0.15121436,-0.63272697,-0.75946748,0
-5.1935768,-2.4251645,-2.3149462,-0.15121436,-0.63272697,-0.75946748,0
