-4.0748491,2.7961302,-1.3431187,-0.28772733,0.93518114,-0.20651686,0
-3.5947013,2.4828334,0.74665284,-0.92567408,-0.21625125,0.31042376,0
2.8025827,-3.2212942,1.3060427,0.28772733,-0.93518114,0.20651686,0
-1.7296454,-4.4181271,1.4659177,0.28772733,-0.93518114,0.20651686,0
1.7308583,-1.5107183,-3.8088789,-0.2456429,-0.28048471,-0.92789423,0
2.1624224,-0.97124004,-3.7832606,0.92567408,0.21625125,-0.31042376,0
-1.2226377,-1.1464705,4.4779444,0.2456429,0.28048471,0.92789423,0
-3.5456107,-1.1382651,-1.4965721,-0.92567408,-0.21625125,0.31042376,0
0.88654923,2.9220037,-4.9354296,0.92567408,0.21625125,-0.31042376,0
-3.678865,2.9000988,-1.5733976,-0.28772733,0.93518114,-0.20651686,0
-1.4681799,-4.153595,2.4091215,-0.92567408,-0.21625125,0.31042376,0
-3.4830868,-0.17029333,-0.55005264,-0.92567408,-0.21625125,0.31042376,0
1.2535037,-3.1195269,3.5584579,0.28772733,-0.93518114,0.20651686,0
2.6302555,-0.26797485,-1.982967,0.92567408,0.21625125,-0.31042376,0
3.2688735,-0.67116308,-0.066150188,0.92567408,0.21625125,-0.31042376,0
1.207894,-3.7959175,0.95457292,0.28772733,-0.93518114,0.20651686,0
-2.9292157,-2.8527532,-1.3592339,-0.92567408,-0.21625125,0.31042376,0
4.2676597,-1.2117369,2.0431263,0.92567408,0.21625125,-0.31042376,0
-2.1657903,2.7555323,-3.468713,-0.28772733,0.93518114,-0.20651686,0
0.0051867962,-4.1330914,0.49365592,0.28772733,-0.93518114,0.20651686,0
3.1786761,-1.0514655,3.2230961,0.2456429,0.28048471,0.92789423,0
0.2635906,-3.5996957,2.4562831,0.28772733,-0.93518114,0.20651686,0
-1.3853874,-0.11683273,-3.4461868,-0.2456429,-0.28048471,-0.92789423,0
-1.0066596,-4.091249,1.9959639,0.28772733,-0.93518114,0.20651686,0
4.1777143,-1.1814494,2.199203,0.92567408,0.21625125,-0.31042376,0
0.37673831,-1.7725911,4.2084918,0.2456429,0.28048471,0.92789423,0
0.8319087,0.73815119,3.4030418,0.2456429,0.28048471,0.92789423,0
0.85254097,-1.4993186,-3.6060176,-0.2456429,-0.28048471,-0.92789423,0
3.7599363,-0.56338167,1.2765329,0.92567408,0.21625125,-0.31042376,0
-1.5625451,-2.2687831,-2.5914664,-0.2456429,-0.28048471,-0.92789423,0
-3.3979845,3.0920939,1.485496,-0.92567408,-0.21625125,0.31042376,0
0.2808001,-4.174293,-0.27064896,0.28772733,-0.93518114,0.20651686,0
3.7452226,-2.7381318,1.7686033,0.28772733,-0.93518114,0.20651686,0
-2.9379861,-3.3579845,-1.7533033,-0.92567408,-0.21625125,0.31042376,0
2.831975,2.1589952,0.35949183,0.92567408,0.21625125,-0.31042376,0
0.7401948,2.4562092,2.8220377,0.2456429,0.28048471,0.92789423,0
-2.5470462,-3.6479692,-0.5135622,-0.92567408,-0.21625125,0.31042376,0
-1.9324325,-3.7633252,1.5691854,-0.92567408,-0.21625125,0.31042376,0
0.40820181,3.4306178,-4.0262699,-0.28772733,0.93518114,-0.20651686,0
-3.7293477,1.8455138,-0.03368783,-0.92567408,-0.21625125,0.31042376,0
-4.2789497,1.7992871,-1.7453036,-0.92567408,-0.21625125,0.31042376,0
0.81793499,-0.04112158,-4.0636082,-0.2456429,-0.28048471,-0.92789423,0
-1.4729162,3.3137512,-2.2570505,-0.28772733,0.93518114,-0.20651686,0
-1.6201725,0.7594471,4.0169172,0.2456429,0.28048471,0.92789423,0
0.89231122,-3.8794928,0.80480623,0.28772733,-0.93518114,0.20651686,0
2.4538989,-0.38004065,-2.7657292,0.92567408,0.21625125,-0.31042376,0
2.803371,-1.6614445,-2.6127415,0.92567408,0.21625125,-0.31042376,0
-1.0045214,3.288373,3.0341375,0.2456429,0.28048471,0.92789423,0
1.4498227,4.9591527,0.71452296,-0.28772733,0.93518114,-0.20651686,0
-2.5414693,-2.1240454,0.31902802,-0.92567408,-0.21625125,0.31042376,0
1.1716063,-4.1628742,-1.2808928,0.28772733,-0.93518114,0.20651686,0
-2.8076954,3.506876,0.80076671,-0.28772733,0.93518114,-0.20651686,0
-0.32826239,-4.0454206,1.942572,0.28772733,-0.93518114,0.20651686,0
-2.5577393,4.1015224,2.8131256,-0.28772733,0.93518114,-0.20651686,0
-2.7528288,2.7639763,3.0625553,-0.92567408,-0.21625125,0.31042376,0
3.5278678,-2.8002338,-1.3563714,0.92567408,0.21625125,-0.31042376,0
-3.0545726,4.0285635,3.0147512,-0.28772733,0.93518114,-0.20651686,0
3.362278,-2.8138127,2.1963117,0.28772733,-0.93518114,0.20651686,0
2.0177026,-2.9291701,-3.5076044,-0.2456429,-0.28048471,-0.92789423,0
-0.82228637,0.53667498,3.8022985,0.2456429,0.28048471,0.92789423,0
-4.1540012,1.2487648,-1.5891223,-0.92567408,-0.21625125,0.31042376,0
1.5203496,3.1986961,-2.8887205,0.92567408,0.21625125,-0.31042376,0
-1.6855173,2.6256602,3.4262371,0.2456429,0.28048471,0.92789423,0
-2.6988776,-2.8763151,-0.51184314,-0.92567408,-0.21625125,0.31042376,0
-0.15282083,-2.3646319,4.6300092,0.2456429,0.28048471,0.92789423,0
2.826124,-3.4196987,0.33159161,0.28772733,-0.93518114,0.20651686,0
-0.45887649,4.0635891,-0.73094153,-0.28772733,0.93518114,-0.20651686,0
2.324481,2.9098759,-0.98593813,0.92567408,0.21625125,-0.31042376,0
-3.4218769,3.602947,2.1188493,-0.92567408,-0.21625125,0.31042376,0
2.6281376,-3.8541822,-1.647902,0.28772733,-0.93518114,0.20651686,0
-1.0986857,3.8902733,2.9716604,0.2456429,0.28048471,0.92789423,0
2.6455476,-1.1332946,-2.6947629,0.92567408,0.21625125,-0.31042376,0
3.4337444,-2.2925644,-1.1774111,0.92567408,0.21625125,-0.31042376,0
1.1198087,3.9993188,-3.0631866,-0.28772733,0.93518114,-0.20651686,0
1.1186023,3.4459276,-3.6683762,0.92567408,0.21625125,-0.31042376,0
-2.7789745,3.587781,0.46504545,-0.28772733,0.93518114,-0.20651686,0
-1.9858736,2.6304269,-3.988101,-0.2456429,-0.28048471,-0.92789423,0
-2.61413,2.9968853,-2.5710018,-0.28772733,0.93518114,-0.20651686,0
1.7405462,-2.6147397,-3.3959532,-0.2456429,-0.28048471,-0.92789423,0
-2.213428,-4.9902859,-0.5303117,0.28772733,-0.93518114,0.20651686,0
0.51738572,-4.2738266,-1.1891236,0.28772733,-0.93518114,0.20651686,0
2.2322197,-0.005785346,-2.7055354,0.92567408,0.21625125,-0.31042376,0
-1.9115798,3.3201065,-1.9915764,-0.28772733,0.93518114,-0.20651686,0
-3.8484135,2.8909483,0.01134491,-0.92567408,-0.21625125,0.31042376,0
-1.5404595,-3.2082224,2.5812399,-0.92567408,-0.21625125,0.31042376,0
0.014995694,-3.6827292,2.5768914,0.28772733,-0.93518114,0.20651686,0
-3.8392806,1.5085566,-0.72683454,-0.92567408,-0.21625125,0.31042376,0
1.904871,5.3204761,1.6753705,-0.28772733,0.93518114,-0.20651686,0
2.662554,0.59763527,2.9312494,0.2456429,0.28048471,0.92789423,0
-0.89489889,-2.8386414,-2.617295,-0.2456429,-0.28048471,-0.92789423,0
4.1131105,-2.3013787,0.77127314,0.92567408,0.21625125,-0.31042376,0
0.14981365,0.6826418,3.5393343,0.2456429,0.28048471,0.92789423,0
2.3722017,5.1719527,1.250321,0.92567408,0.21625125,-0.31042376,0
-0.1289885,4.2402964,-0.34116912,-0.28772733,0.93518114,-0.20651686,0
-3.493319,-1.9501684,-2.2252944,-0.2456429,-0.28048471,-0.92789423,0
-1.2273169,-4.8085432,-1.1414212,0.28772733,-0.93518114,0.20651686,0
-2.109911,0.97541672,4.0917387,-0.92567408,-0.21625125,0.31042376,0
1.5497236,4.9518914,1.3559959,-0.28772733,0.93518114,-0.20651686,0
-2.6529117,1.0050287,2.4948485,-0.92567408,-0.21625125,0.31042376,0
2.4969795,4.8687377,1.2338905,0.92567408,0.21625125,-0.31042376,0
2.2118278,3.265202,-0.65360016,0.92567408,0.21625125,-0.31042376,0
-2.7482405,-4.6802435,-1.7147471,-0.2456429,-0.28048471,-0.92789423,0
-1.2919936,-0.35885084,-3.3300416,-0.2456429,-0.28048471,-0.92789423,0
-3.8547869,0.74433208,-1.3137691,-0.92567408,-0.21625125,0.31042376,0
2.6469941,-3.138191,1.1161587,0.28772733,-0.93518114,0.20651686,0
-0.25445127,4.6211514,2.1988215,-0.28772733,0.93518114,-0.20651686,0
2.4779725,-2.5138712,-3.6163025,-0.2456429,-0.28048471,-0.92789423,0
1.077544,1.2189745,3.2200987,0.2456429,0.28048471,0.92789423,0
0.76903343,-4.0766587,-2.6967816,-0.2456429,-0.28048471,-0.92789423,0
1.0491116,-1.4848238,3.9033141,0.2456429,0.28048471,0.92789423,0
1.4496777,-3.8365052,-0.41122174,0.28772733,-0.93518114,0.20651686,0
-1.1397046,-4.316071,1.8267584,0.28772733,-0.93518114,0.20651686,0
1.3506988,-3.4338262,2.0168505,0.28772733,-0.93518114,0.20651686,0
-0.33689398,-3.9710522,2.0330865,0.28772733,-0.93518114,0.20651686,0
0.65400124,4.1872272,2.2675545,0.2456429,0.28048471,0.92789423,0
-1.9332862,3.2586288,3.4044032,0.2456429,0.28048471,0.92789423,0
0.2307024,-2.3715644,-3.046509,-0.2456429,-0.28048471,-0.92789423,0
-0.2151103,-2.7696407,-2.8972673,-0.2456429,-0.28048471,-0.92789423,0
2.5768976,0.53447628,-1.3686373,0.92567408,0.21625125,-0.31042376,0
4.2545691,-0.9559083,2.0814021,0.92567408,0.21625125,-0.31042376,0
-0.65219307,2.1990411,3.2223723,0.2456429,0.28048471,0.92789423,0
0.26891422,1.7178141,3.1328421,0.2456429,0.28048471,0.92789423,0
1.8271923,1.8698916,2.6359553,0.2456429,0.28048471,0.92789423,0
0.10363102,-4.2459912,-2.5179901,-0.2456429,-0.28048471,-0.92789423,0
0.53692436,1.8398168,-4.4753485,-0.2456429,-0.28048471,-0.92789423,0
0.53808236,-4.2108097,-0.18652773,0.28772733,-0.93518114,0.20651686,0
-3.3779514,1.5872941,0.90893507,-0.92567408,-0.21625125,0.31042376,0
-2.4059029,-0.69172013,2.1833065,-0.92567408,-0.21625125,0.31042376,0
0.69284207,-3.3817801,2.7802038,0.28772733,-0.93518114,0.20651686,0
-1.0132359,-4.0562696,2.038857,0.28772733,-0.93518114,0.20651686,0
3.1682081,-1.6330435,-1.4261007,0.92567408,0.21625125,-0.31042376,0
2.2346613,-3.3306153,1.4829402,0.28772733,-0.93518114,0.20651686,0
-3.1050296,3.2588456,-0.40997648,-0.28772733,0.93518114,-0.20651686,0
-1.0669346,3.3234696,-2.9771733,-0.28772733,0.93518114,-0.20651686,0
0.59263408,4.1995759,-0.92982101,-0.28772733,0.93518114,-0.20651686,0
-3.3539102,-0.089936018,-0.25776863,-0.92567408,-0.21625125,0.31042376,0
1.4753621,2.1744852,2.8005347,0.2456429,0.28048471,0.92789423,0
0.097979069,-4.228488,-0.071092367,0.28772733,-0.93518114,0.20651686,0
-1.8251065,1.5824069,-3.6780882,-0.2456429,-0.28048471,-0.92789423,0
-4.2903214,0.93538618,-2.3740091,-0.92567408,-0.21625125,0.31042376,0
-2.8236451,2.7784646,-2.7575533,-0.28772733,0.93518114,-0.20651686,0
1.1826172,2.9041574,2.5272405,0.2456429,0.28048471,0.92789423,0
-3.0790181,2.7944338,-2.0674124,-0.28772733,0.93518114,-0.20651686,0
2.6684401,2.1307659,-0.17965645,0.92567408,0.21625125,-0.31042376,0
3.6998804,-1.3009129,3.2188601,0.2456429,0.28048471,0.92789423,0
-3.0631273,3.4378719,2.9481709,-0.92567408,-0.21625125,0.31042376,0
-2.4912601,-4.0961351,-0.68293226,-0.92567408,-0.21625125,0.31042376,0
1.1184832,-3.2435765,2.9122107,0.28772733,-0.93518114,0.20651686,0
-2.3093081,-1.3753088,1.5759895,-0.92567408,-0.21625125,0.31042376,0
1.9554262,5.236536,1.1672701,-0.28772733,0.93518114,-0.20651686,0
-2.2158866,1.7687638,-3.6648445,-0.2456429,-0.28048471,-0.92789423,0
-1.739776,3.4734185,-1.6688876,-0.28772733,0.93518114,-0.20651686,0
-3.5155175,1.3261213,0.10350895,-0.92567408,-0.21625125,0.31042376,0
0.5458281,-1.5815276,4.1440907,0.2456429,0.28048471,0.92789423,0
-2.3088477,-2.4397078,1.0800692,-0.92567408,-0.21625125,0.31042376,0
2.6452444,0.050813198,-2.009027,0.92567408,0.21625125,-0.31042376,0
-0.50251913,-4.2971654,-2.3356438,-0.2456429,-0.28048471,-0.92789423,0
-0.20994139,0.59364623,-3.9468756,-0.2456429,-0.28048471,-0.92789423,0
1.312593,2.7617574,-3.5865493,0.92567408,0.21625125,-0.31042376,0
-3.5774338,2.1103206,0.25453305,-0.92567408,-0.21625125,0.31042376,0
-3.0683792,0.18554521,-2.9122345,-0.2456429,-0.28048471,-0.92789423,0
-2.9428983,-1.721714,-0.10064387,-0.92567408,-0.21625125,0.31042376,0
0.75778198,4.9114237,2.1353617,0.2456429,0.28048471,0.92789423,0
3.7168143,-2.600996,-0.35529137,0.92567408,0.21625125,-0.31042376,0
-3.2798851,-2.184346,-2.3370886,-0.2456429,-0.28048471,-0.92789423,0
-1.2379642,3.2045012,-3.3910222,-0.28772733,0.93518114,-0.20651686,0
1.7471042,5.0157814,0.52409792,-0.28772733,0.93518114,-0.20651686,0
-1.7984096,-2.3806725,2.5747979,-0.92567408,-0.21625125,0.31042376,0
2.5755067,-0.45104718,3.3178043,0.2456429,0.28048471,0.92789423,0
-3.0571661,2.9195123,-1.7932663,-0.28772733,0.93518114,-0.20651686,0
3.0546231,1.5553749,0.79846877,0.92567408,0.21625125,-0.31042376,0
-2.7149396,-1.4244754,-2.7046027,-0.2456429,-0.28048471,-0.92789423,0
-3.9754353,0.97075176,-1.7242389,-0.92567408,-0.21625125,0.31042376,0
0.21435833,-4.6740437,-2.1845875,0.28772733,-0.93518114,0.20651686,0
-2.5531828,3.8671725,1.9771149,-0.28772733,0.93518114,-0.20651686,0
2.4698327,5.3712821,1.2767723,0.92567408,0.21625125,-0.31042376,0
-3.760716,0.91545343,-0.97047806,-0.92567408,-0.21625125,0.31042376,0
0.94832677,4.0946469,-1.9300956,-0.28772733,0.93518114,-0.20651686,0
2.4428489,-3.1948717,1.718502,0.28772733,-0.93518114,0.20651686,0
0.30131257,3.3189845,-4.4513245,-0.28772733,0.93518114,-0.20651686,0
1.5661135,-3.3003955,-3.2231121,-0.2456429,-0.28048471,-0.92789423,0
0.13372803,2.1236744,2.9897816,0.2456429,0.28048471,0.92789423,0
1.4064618,-3.4265993,2.2078328,0.28772733,-0.93518114,0.20651686,0
-2.5525136,4.0131712,2.0526168,-0.28772733,0.93518114,-0.20651686,0
-1.5898185,3.5588565,3.2215178,0.2456429,0.28048471,0.92789423,0
3.3723798,-3.2906847,-1.8429036,0.92567408,0.21625125,-0.31042376,0
-3.2070591,-0.30290055,-2.8586211,-0.2456429,-0.28048471,-0.92789423,0
-3.3392832,3.2973592,2.2176733,-0.92567408,-0.21625125,0.31042376,0
-3.4040256,-1.5787578,-1.4139276,-0.92567408,-0.21625125,0.31042376,0
-2.3491144,0.6482079,-3.3020227,-0.2456429,-0.28048471,-0.92789423,0
-3.4328778,1.5557492,-3.3158517,-0.2456429,-0.28048471,-0.92789423,0
3.7978389,-0.072461605,1.4144764,0.92567408,0.21625125,-0.31042376,0
1.8971133,4.6078959,-0.71252799,0.92567408,0.21625125,-0.31042376,0
-3.2684722,3.734051,1.8762839,-0.28772733,0.93518114,-0.20651686,0
3.2719946,-0.066445351,-0.07488656,0.92567408,0.21625125,-0.31042376,0
-2.9915988,2.7560139,2.6140218,-0.92567408,-0.21625125,0.31042376,0
-4.1447196,0.91690421,-2.0835121,-0.92567408,-0.21625125,0.31042376,0
3.1283381,2.6841509,2.2030432,0.2456429,0.28048471,0.92789423,0
3.9434621,-2.7087955,1.2724671,0.28772733,-0.93518114,0.20651686,0
-0.19506454,4.6173301,1.5543816,-0.28772733,0.93518114,-0.20651686,0
2.0661712,0.72505343,-3.3109298,0.92567408,0.21625125,-0.31042376,0
0.65766406,3.9411626,-2.5347683,-0.28772733,0.93518114,-0.20651686,0
-1.3145185,4.1739912,1.668493,-0.28772733,0.93518114,-0.20651686,0
1.5308965,3.0700648,-2.6882014,0.92567408,0.21625125,-0.31042376,0
-2.2660255,-4.4932122,0.07081008,-0.92567408,-0.21625125,0.31042376,0
-0.060157537,0.070728481,3.6654587,0.2456429,0.28048471,0.92789423,0
2.789376,3.5266452,0.94501019,0.92567408,0.21625125,-0.31042376,0
-1.793474,3.7212875,0.14598393,-0.28772733,0.93518114,-0.20651686,0
1.0473983,-3.0993423,3.8002994,0.28772733,-0.93518114,0.20651686,0
-2.9168501,3.3580735,-0.36804104,-0.28772733,0.93518114,-0.20651686,0
1.3166742,-3.5592456,1.1441755,0.28772733,-0.93518114,0.20651686,0
-2.1356544,0.045264959,-3.1916919,-0.2456429,-0.28048471,-0.92789423,0
1.4700651,-3.5126691,1.7758915,0.28772733,-0.93518114,0.20651686,0
-1.3114429,-3.6924567,3.0004549,-0.92567408,-0.21625125,0.31042376,0
-2.1140308,2.7118165,3.5014949,0.2456429,0.28048471,0.92789423,0
-1.5605848,-1.3534902,-2.9041314,-0.2456429,-0.28048471,-0.92789423,0
-2.0562401,2.0893614,3.6088114,0.2456429,0.28048471,0.92789423,0
-1.1149647,-1.6240469,4.5689883,0.2456429,0.28048471,0.92789423,0
3.7539639,-2.8650372,-0.46470308,0.92567408,0.21625125,-0.31042376,0
3.644424,-0.92014098,3.1558964,0.2456429,0.28048471,0.92789423,0
-2.2025197,-0.22328401,2.9567122,-0.92567408,-0.21625125,0.31042376,0
-3.4864144,-1.8700771,-2.2504973,-0.92567408,-0.21625125,0.31042376,0
1.0239338,3.7262414,-3.5036726,-0.28772733,0.93518114,-0.20651686,0
1.2377048,1.1007074,3.0525441,0.2456429,0.28048471,0.92789423,0
0.34653509,3.666738,-3.4737716,-0.28772733,0.93518114,-0.20651686,0
-0.63653278,0.94342488,3.7550521,0.2456429,0.28048471,0.92789423,0
1.1448903,-3.8334565,-2.8108785,-0.2456429,-0.28048471,-0.92789423,0
-0.22755003,4.6052876,2.0666401,-0.28772733,0.93518114,-0.20651686,0
-2.1948068,1.6697694,3.8759301,0.2456429,0.28048471,0.92789423,0
1.946162,4.7097669,-0.30703616,-0.28772733,0.93518114,-0.20651686,0
-2.377075,4.0632887,2.0270743,-0.28772733,0.93518114,-0.20651686,0
3.3258858,-2.3209467,-1.4764493,0.92567408,0.21625125,-0.31042376,0
0.11537933,-1.0670377,-3.3807592,-0.2456429,-0.28048471,-0.92789423,0
-2.1392422,-2.3857675,1.3854276,-0.92567408,-0.21625125,0.31042376,0
3.3709321,-2.7664723,2.0885577,0.28772733,-0.93518114,0.20651686,0
2.367619,-0.76359737,-3.337343,0.92567408,0.21625125,-0.31042376,0
-1.8908842,3.3961759,-1.7436829,-0.28772733,0.93518114,-0.20651686,0
2.1676998,-2.2484889,-3.6686943,-0.2456429,-0.28048471,-0.92789423,0
3.1812999,-2.6049945,-2.2669263,0.92567408,0.21625125,-0.31042376,0
-1.2234588,-4.6000853,-2.0170584,-0.2456429,-0.28048471,-0.92789423,0
-3.933444,0.6098063,-1.4891574,-0.92567408,-0.21625125,0.31042376,0
1.7921896,-2.1715019,-3.5939376,-0.2456429,-0.28048471,-0.92789423,0
-0.83967727,-3.8610415,2.6200356,0.28772733,-0.93518114,0.20651686,0
4.1744494,-1.0932865,2.3029723,0.92567408,0.21625125,-0.31042376,0
-1.6183411,-4.483789,1.374508,0.28772733,-0.93518114,0.20651686,0
2.3397813,1.3252326,-2.0622606,0.92567408,0.21625125,-0.31042376,0
2.0860703,-2.9182911,3.6264927,0.28772733,-0.93518114,0.20651686,0
-2.1447637,4.0522695,1.5670104,-0.28772733,0.93518114,-0.20651686,0
-3.118751,2.2588937,1.7034378,-0.92567408,-0.21625125,0.31042376,0
-0.30960417,-1.7351968,4.3641047,0.2456429,0.28048471,0.92789423,0
-3.8620501,-0.039220333,-2.7368612,-0.2456429,-0.28048471,-0.92789423,0
-2.727144,2.7326498,-2.8095872,-0.28772733,0.93518114,-0.20651686,0
-0.82489729,3.8250999,2.7729235,0.2456429,0.28048471,0.92789423,0
0.54221725,-2.6231966,4.5199637,0.2456429,0.28048471,0.92789423,0
0.92244053,-4.258626,-2.6386151,-0.2456429,-0.28048471,-0.92789423,0
1.0298183,-3.4398978,2.1805611,0.28772733,-0.93518114,0.20651686,0
2.6590111,3.9856791,1.8327274,0.2456429,0.28048471,0.92789423,0
-0.53088844,-3.5953448,3.7090409,0.28772733,-0.93518114,0.20651686,0
1.5121891,-4.1869345,-1.4839187,0.28772733,-0.93518114,0.20651686,0
-1.5235629,1.5448797,3.6044807,0.2456429,0.28048471,0.92789423,0
2.3686132,-4.2579994,-3.0145593,0.28772733,-0.93518114,0.20651686,0
3.485796,-0.18625474,0.28079057,0.92567408,0.21625125,-0.31042376,0
-1.5758576,3.6266088,-0.85341525,-0.28772733,0.93518114,-0.20651686,0
-0.062263012,3.167696,2.9220369,0.2456429,0.28048471,0.92789423,0
1.863295,2.4337313,-2.5171576,0.92567408,0.21625125,-0.31042376,0
-1.9091787,0.95834833,3.9670265,0.2456429,0.28048471,0.92789423,0
-0.15566838,3.2816234,-3.9926629,-0.28772733,0.93518114,-0.20651686,0
0.86577404,-3.2310088,3.5422106,0.28772733,-0.93518114,0.20651686,0
1.2655303,4.1225266,-2.3440566,-0.28772733,0.93518114,-0.20651686,0
2.4044247,2.060843,-1.1470498,0.92567408,0.21625125,-0.31042376,0
1.9391648,4.6414299,-0.77166152,-0.28772733,0.93518114,-0.20651686,0
-1.9721892,-1.5858092,2.8670955,-0.92567408,-0.21625125,0.31042376,0
3.8191421,-2.6354659,0.13147593,0.92567408,0.21625125,-0.31042376,0
-0.27135634,-1.2028335,4.2416873,0.2456429,0.28048471,0.92789423,0
3.1268752,-3.0909498,-2.4456582,0.92567408,0.21625125,-0.31042376,0
-1.6732031,-3.550071,1.944942,-0.92567408,-0.21625125,0.31042376,0
1.5823126,4.4811077,1.9560014,0.2456429,0.28048471,0.92789423,0
-1.0023541,-1.4457666,4.4767666,0.2456429,0.28048471,0.92789423,0
-0.92550457,-3.9166942,2.9615726,0.28772733,-0.93518114,0.20651686,0
2.4084523,1.2424155,-1.8585088,0.92567408,0.21625125,-0.31042376,0
0.47024059,-3.2082715,3.8574486,0.28772733,-0.93518114,0.20651686,0
-1.5207438,-3.8359897,2.7453628,-0.92567408,-0.21625125,0.31042376,0
-1.1687702,3.6329651,-1.3350644,-0.28772733,0.93518114,-0.20651686,0
0.74868774,-2.5949721,-3.0848789,-0.2456429,-0.28048471,-0.92789423,0
-4.5217919,2.3031337,-2.2750177,-0.28772733,0.93518114,-0.20651686,0
3.7770262,-2.1882832,3.5342677,0.2456429,0.28048471,0.92789423,0
-0.96239126,3.0678577,-3.9098892,-0.28772733,0.93518114,-0.20651686,0
2.5580864,2.2803633,-0.44676536,0.92567408,0.21625125,-0.31042376,0
-0.26060152,4.122014,2.6197507,0.2456429,0.28048471,0.92789423,0
-3.2921314,3.8582935,2.8343055,-0.92567408,-0.21625125,0.31042376,0
0.57148051,0.46350542,-4.0945807,-0.2456429,-0.28048471,-0.92789423,0
0.51922679,-3.1184416,4.3018532,0.28772733,-0.93518114,0.20651686,0
-3.1114058,-2.4575589,-1.0137378,-0.92567408,-0.21625125,0.31042376,0
1.5243886,-3.7954261,-0.29653287,0.28772733,-0.93518114,0.20651686,0
-3.2808805,2.814374,-2.2988391,-0.28772733,0.93518114,-0.20651686,0
-0.80092466,-3.8744235,3.3178508,0.28772733,-0.93518114,0.20651686,0
2.8331261,-3.8553994,-2.4112878,0.28772733,-0.93518114,0.20651686,0
0.69269705,3.4425654,-4.2942762,-0.28772733,0.93518114,-0.20651686,0
-2.7704854,-1.8756092,-0.13870406,-0.92567408,-0.21625125,0.31042376,0
-1.0236182,0.96209341,3.6701925,0.2456429,0.28048471,0.92789423,0
-3.0295596,1.1309208,1.3256373,-0.92567408,-0.21625125,0.31042376,0
-1.8732824,3.8208013,3.0070727,0.2456429,0.28048471,0.92789423,0
-0.55746698,4.5755229,1.7186387,-0.28772733,0.93518114,-0.20651686,0
-0.17298427,3.5053649,-3.1263847,-0.28772733,0.93518114,-0.20651686,0
-2.8244407,-3.9417472,-1.7365837,-0.92567408,-0.21625125,0.31042376,0
-0.7945379,3.1078186,-4.3171501,-0.28772733,0.93518114,-0.20651686,0
3.3709216,0.57726502,0.96632993,0.92567408,0.21625125,-0.31042376,0
2.6913769,-3.1315808,1.5324419,0.28772733,-0.93518114,0.20651686,0
-0.021895885,1.7643024,3.2998962,0.2456429,0.28048471,0.92789423,0
-0.0026705265,4.2860479,0.069123268,-0.28772733,0.93518114,-0.20651686,0
-3.2382042,-1.4308777,-1.2557689,-0.92567408,-0.21625125,0.31042376,0
4.2345104,-1.7986374,1.6866326,0.92567408,0.21625125,-0.31042376,0
0.65936375,1.1083673,3.3652196,0.2456429,0.28048471,0.92789423,0
-3.0513797,1.480203,1.5505369,-0.92567408,-0.21625125,0.31042376,0
3.0800834,-0.12654471,-0.33536172,0.92567408,0.21625125,-0.31042376,0
1.7535846,-3.0485928,3.0283098,0.28772733,-0.93518114,0.20651686,0
3.8193867,0.89274979,2.2091787,0.92567408,0.21625125,-0.31042376,0
-1.8187249,-0.38382697,4.2744079,-0.92567408,-0.21625125,0.31042376,0
0.62483883,-2.7967277,-3.1378314,-0.2456429,-0.28048471,-0.92789423,0
0.80509877,4.3787127,-0.24713063,-0.28772733,0.93518114,-0.20651686,0
1.8026581,3.7247372,-1.9678154,0.92567408,0.21625125,-0.31042376,0
2.571105,5.1367893,1.4784482,0.2456429,0.28048471,0.92789423,0
-0.79491568,-1.4507544,4.4197607,0.2456429,0.28048471,0.92789423,0
-3.0170887,-0.88215446,-2.7544663,-0.2456429,-0.28048471,-0.92789423,0
1.9002745,0.7055217,-3.495234,0.92567408,0.21625125,-0.31042376,0
-2.9773774,-2.0732212,-0.68617445,-0.92567408,-0.21625125,0.31042376,0
0.43000221,-0.94879502,-3.6850054,-0.2456429,-0.28048471,-0.92789423,0
1.8707762,-3.3910513,1.1878984,0.28772733,-0.93518114,0.20651686,0
-2.3026631,2.9365659,-3.1009138,-0.28772733,0.93518114,-0.20651686,0
1.6403527,3.2422447,-2.5225651,0.92567408,0.21625125,-0.31042376,0
0.69085872,-3.6239557,2.3892548,0.28772733,-0.93518114,0.20651686,0
3.899667,0.6449542,2.127604,0.92567408,0.21625125,-0.31042376,0
1.4813862,0.73849463,3.0608974,0.2456429,0.28048471,0.92789423,0
3.1016855,2.4917777,1.1709344,0.92567408,0.21625125,-0.31042376,0
-1.1763914,-1.7342671,-3.042526,-0.2456429,-0.28048471,-0.92789423,0
1.5122535,1.8919141,2.7024081,0.2456429,0.28048471,0.92789423,0
1.3712077,-4.113812,-1.1112127,0.28772733,-0.93518114,0.20651686,0
1.2163494,2.5122912,-4.5535183,0.92567408,0.21625125,-0.31042376,0
-1.728766,2.3362334,3.4216187,0.2456429,0.28048471,0.92789423,0
-3.2276249,-0.14262199,-0.1441741,-0.92567408,-0.21625125,0.31042376,0
-0.59005213,0.15531997,3.988286,0.2456429,0.28048471,0.92789423,0
-2.8707404,-3.4882543,-1.8911608,-0.2456429,-0.28048471,-0.92789423,0
2.9812145,2.5391147,1.1249008,0.92567408,0.21625125,-0.31042376,0
3.0660925,2.4523284,2.2739282,0.2456429,0.28048471,0.92789423,0
-0.13200885,3.5091236,-3.3737595,-0.28772733,0.93518114,-0.20651686,0
1.8359952,-1.4941064,-3.7083073,-0.2456429,-0.28048471,-0.92789423,0
3.055366,-3.2575393,0.21778488,0.28772733,-0.93518114,0.20651686,0
-2.7078683,-0.46684051,1.3763361,-0.92567408,-0.21625125,0.31042376,0
0.36471176,4.3518376,-0.057677269,-0.28772733,0.93518114,-0.20651686,0
0.61352134,-0.061014697,-3.830966,-0.2456429,-0.28048471,-0.92789423,0
2.5170946,-1.1245552,-3.2244174,0.92567408,0.21625125,-0.31042376,0
0.77259231,3.0774217,-4.972683,-0.2456429,-0.28048471,-0.92789423,0
-3.9227734,2.3899586,-3.1110752,-0.28772733,0.93518114,-0.20651686,0
-1.6607168,-2.3491273,3.1286674,-0.92567408,-0.21625125,0.31042376,0
1.4891133,3.7929001,2.2998655,0.2456429,0.28048471,0.92789423,0
2.917058,1.2158175,-0.13574183,0.92567408,0.21625125,-0.31042376,0
-1.2017758,-0.0035868883,-3.3734231,-0.2456429,-0.28048471,-0.92789423,0
-3.7093887,2.3250117,0.47798419,-0.92567408,-0.21625125,0.31042376,0
0.082633972,-3.2860696,-2.7476773,-0.2456429,-0.28048471,-0.92789423,0
3.9429791,-3.0538807,0.35428286,0.28772733,-0.93518114,0.20651686,0
-3.0295949,3.2111125,-0.40347528,-0.28772733,0.93518114,-0.20651686,0
0.044246852,-3.4877791,3.5202312,0.28772733,-0.93518114,0.20651686,0
1.9421086,5.0879974,0.54956889,-0.28772733,0.93518114,-0.20651686,0
1.6242819,-3.7109327,0.081332922,0.28772733,-0.93518114,0.20651686,0
2.265739,-3.3963253,0.64983082,0.28772733,-0.93518114,0.20651686,0
2.7917128,-3.6435306,-0.62834263,0.28772733,-0.93518114,0.20651686,0
-3.8822596,2.8441415,-1.2033515,-0.28772733,0.93518114,-0.20651686,0
-1.8955374,0.067777514,3.7906094,-0.92567408,-0.21625125,0.31042376,0
-0.54227018,2.8421311,3.0472565,0.2456429,0.28048471,0.92789423,0
-1.9762878,-0.34654653,3.4629564,-0.92567408,-0.21625125,0.31042376,0
-2.1233566,2.7982187,-3.3438878,-0.28772733,0.93518114,-0.20651686,0
2.9670651,-0.24973869,-1.2934433,0.92567408,0.21625125,-0.31042376,0
-2.3576753,-4.6859603,-0.78853226,-0.92567408,-0.21625125,0.31042376,0
-0.52579689,1.3796525,-4.0319018,-0.2456429,-0.28048471,-0.92789423,0
4.6372685,-1.8166373,2.8595302,0.92567408,0.21625125,-0.31042376,0
0.083623409,1.0935729,3.4589205,0.2456429,0.28048471,0.92789423,0
-3.2465,-0.21973014,-0.010965347,-0.92567408,-0.21625125,0.31042376,0
2.6385751,3.034085,0.12769499,0.92567408,0.21625125,-0.31042376,0
2.3870044,-1.7761153,-3.7132823,0.92567408,0.21625125,-0.31042376,0
4.1544271,-1.9394267,3.2645421,0.2456429,0.28048471,0.92789423,0
0.55762905,3.5785964,-3.4967973,-0.28772733,0.93518114,-0.20651686,0
-0.52620864,4.058424,0.058773756,-0.28772733,0.93518114,-0.20651686,0
-4.3062367,1.6340485,-2.0341449,-0.92567408,-0.21625125,0.31042376,0
4.3830423,-1.0189738,3.014852,0.2456429,0.28048471,0.92789423,0
-2.6366887,3.9436016,1.7506683,-0.28772733,0.93518114,-0.20651686,0
-2.2619543,-3.9272966,0.39532101,-0.92567408,-0.21625125,0.31042376,0
0.1733861,-3.9722147,1.1327627,0.28772733,-0.93518114,0.20651686,0
0.64897275,-3.6885366,2.095825,0.28772733,-0.93518114,0.20651686,0
-1.3815041,-2.2564428,4.2059135,-0.92567408,-0.21625125,0.31042376,0
-0.98728967,-0.90543586,4.2095428,0.2456429,0.28048471,0.92789423,0
-1.8979717,2.5638559,-4.1312971,-0.2456429,-0.28048471,-0.92789423,0
-2.1944528,-2.9313931,-2.2466269,-0.2456429,-0.28048471,-0.92789423,0
-0.64706898,-4.7080874,-0.59818983,0.28772733,-0.93518114,0.20651686,0
-3.3200011,3.5723834,1.1273084,-0.28772733,0.93518114,-0.20651686,0
1.9756932,1.8117306,-2.6031318,0.92567408,0.21625125,-0.31042376,0
3.310853,-2.2824366,-1.4284067,0.92567408,0.21625125,-0.31042376,0
-1.7360846,-3.5991397,1.8525462,-0.92567408,-0.21625125,0.31042376,0
-0.66440964,-3.1387384,-2.6194515,-0.2456429,-0.28048471,-0.92789423,0
-2.1936278,-2.0869513,1.8911854,-0.92567408,-0.21625125,0.31042376,0
-0.28415585,2.3687773,3.0531433,0.2456429,0.28048471,0.92789423,0
-0.67220187,3.830126,-1.4095876,-0.28772733,0.93518114,-0.20651686,0
-2.2346048,-1.3764784,2.0047953,-0.92567408,-0.21625125,0.31042376,0
-2.5796888,-2.8538194,0.27907884,-0.92567408,-0.21625125,0.31042376,0
2.3249154,-3.3401263,1.3114188,0.28772733,-0.93518114,0.20651686,0
2.3498726,3.1722584,-0.24635532,0.92567408,0.21625125,-0.31042376,0
-3.2795563,3.3023915,0.5899024,-0.28772733,0.93518114,-0.20651686,0
-2.6130133,1.2780409,2.5376632,-0.92567408,-0.21625125,0.31042376,0
-0.84243059,-1.3353267,-3.2087302,-0.2456429,-0.28048471,-0.92789423,0
-2.0786624,-4.5093083,0.524997,-0.92567408,-0.21625125,0.31042376,0
-3.0690858,2.1748323,-3.6661355,-0.2456429,-0.28048471,-0.92789423,0
3.8552043,0.7413516,2.564472,0.2456429,0.28048471,0.92789423,0
1.089772,1.4011577,-4.5033617,-0.2456429,-0.28048471,-0.92789423,0
1.3581839,-3.9644849,-0.50258183,0.28772733,-0.93518114,0.20651686,0
-3.6915095,1.9235287,0.16799092,-0.92567408,-0.21625125,0.31042376,0
-0.88239896,3.4542625,-2.692534,-0.28772733,0.93518114,-0.20651686,0
1.7826736,1.9539164,-2.6996551,0.92567408,0.21625125,-0.31042376,0
-0.69573814,-3.9585617,2.6553242,0.28772733,-0.93518114,0.20651686,0
-1.2463515,3.83145,0.13333297,-0.28772733,0.93518114,-0.20651686,0
-2.1870608,2.7192836,-3.822453,-0.28772733,0.93518114,-0.20651686,0
2.117012,0.398929,-2.8056664,0.92567408,0.21625125,-0.31042376,0
-0.4379324,3.6639361,-1.9641826,-0.28772733,0.93518114,-0.20651686,0
-2.908062,3.9254665,2.9046133,-0.28772733,0.93518114,-0.20651686,0
2.9014976,2.3552141,0.67262483,0.92567408,0.21625125,-0.31042376,0
0.60499382,4.800703,1.231812,-0.28772733,0.93518114,-0.20651686,0
0.17588043,-2.8288429,4.6106801,0.2456429,0.28048471,0.92789423,0
2.8287587,-2.7485676,2.9738064,0.28772733,-0.93518114,0.20651686,0
-1.597059,0.090410352,4.1253619,0.2456429,0.28048471,0.92789423,0
-1.3222947,4.2970471,2.1801884,-0.28772733,0.93518114,-0.20651686,0
2.7956316,-1.7423236,3.5789714,0.2456429,0.28048471,0.92789423,0
1.4069796,4.8997326,1.9039237,0.2456429,0.28048471,0.92789423,0
-0.23576546,3.6711271,2.7672465,0.2456429,0.28048471,0.92789423,0
-1.5946004,-0.94707191,4.0871296,-0.92567408,-0.21625125,0.31042376,0
-2.8613026,0.19933009,1.3324859,-0.92567408,-0.21625125,0.31042376,0
-0.078454018,-3.2327504,4.7849126,0.2456429,0.28048471,0.92789423,0
2.8981948,-2.8156297,2.9238982,0.28772733,-0.93518114,0.20651686,0
-2.8602583,1.1009247,1.8267019,-0.92567408,-0.21625125,0.31042376,0
3.5812976,-1.1949425,0.018729687,0.92567408,0.21625125,-0.31042376,0
-1.5512786,-4.54286,-1.9962425,-0.2456429,-0.28048471,-0.92789423,0
2.6921666,0.80455637,-1.3833234,0.92567408,0.21625125,-0.31042376,0
-0.58024132,-3.8536332,3.0237422,0.28772733,-0.93518114,0.20651686,0
-1.7724624,-5.2226291,-1.5812902,0.28772733,-0.93518114,0.20651686,0
0.60076571,3.6713758,2.5979962,0.2456429,0.28048471,0.92789423,0
-3.7627742,2.2331712,0.29513311,-0.92567408,-0.21625125,0.31042376,0
-3.0035214,-2.7146828,-1.3401232,-0.92567408,-0.21625125,0.31042376,0
3.8843045,-2.4557621,-0.040634632,0.92567408,0.21625125,-0.31042376,0
-2.0623786,-0.17623818,3.2402062,-0.92567408,-0.21625125,0.31042376,0
-1.6073878,-0.36817366,4.3724422,0.2456429,0.28048471,0.92789423,0
2.3700068,0.56217408,-1.9957865,0.92567408,0.21625125,-0.31042376,0
-2.1904631,1.0868313,4.0115533,-0.92567408,-0.21625125,0.31042376,0
2.9855618,-0.41305232,-1.357566,0.92567408,0.21625125,-0.31042376,0
-1.862211,-1.2080817,3.2741456,-0.92567408,-0.21625125,0.31042376,0
2.5761495,1.1583208,-1.3382558,0.92567408,0.21625125,-0.31042376,0
-1.3662457,-4.870718,-0.92902029,0.28772733,-0.93518114,0.20651686,0
0.2403779,1.8780078,3.1233499,0.2456429,0.28048471,0.92789423,0
-3.3553803,0.37985873,-2.9663296,-0.2456429,-0.28048471,-0.92789423,0
2.7878809,1.9994195,2.4256332,0.2456429,0.28048471,0.92789423,0
-2.3377411,0.34540069,2.9924884,-0.92567408,-0.21625125,0.31042376,0
-3.734858,3.0599208,-0.63313341,-0.28772733,0.93518114,-0.20651686,0
-2.5541456,-1.3143373,1.4381107,-0.92567408,-0.21625125,0.31042376,0
-0.14200783,1.3341532,-4.1758466,-0.2456429,-0.28048471,-0.92789423,0
2.4770699,-2.8499136,-3.5316672,-0.2456429,-0.28048471,-0.92789423,0
-1.2889061,-1.507549,-3.0205874,-0.2456429,-0.28048471,-0.92789423,0
-0.96352297,3.5752473,-1.5201497,-0.28772733,0.93518114,-0.20651686,0
1.4561174,1.4667575,-4.4333835,0.92567408,0.21625125,-0.31042376,0
2.4576273,4.8486967,0.85144114,0.92567408,0.21625125,-0.31042376,0
1.0957127,4.0403919,2.1820531,0.2456429,0.28048471,0.92789423,0
4.1637158,-2.7716556,1.1312623,0.92567408,0.21625125,-0.31042376,0
-2.8665359,2.5773454,-3.3107588,-0.28772733,0.93518114,-0.20651686,0
-1.1512738,-2.6784756,4.121501,-0.92567408,-0.21625125,0.31042376,0
1.9192894,-3.9293175,-1.1010239,0.28772733,-0.93518114,0.20651686,0
0.36561704,1.6668308,-4.2649651,-0.2456429,-0.28048471,-0.92789423,0
2.2627084,-0.77668297,-3.5824153,0.92567408,0.21625125,-0.31042376,0
-1.2326186,-1.3789136,-3.0582182,-0.2456429,-0.28048471,-0.92789423,0
2.5920532,0.71850157,2.8861973,0.2456429,0.28048471,0.92789423,0
-4.0237465,0.90126467,-1.7398076,-0.92567408,-0.21625125,0.31042376,0
-1.9199054,-2.9400241,1.9350159,-0.92567408,-0.21625125,0.31042376,0
-0.65185595,4.668592,2.3278282,-0.28772733,0.93518114,-0.20651686,0
1.8291969,-0.68166924,-4.027576,-0.2456429,-0.28048471,-0.92789423,0
-3.2643626,3.6916065,2.4632773,-0.92567408,-0.21625125,0.31042376,0
1.5306904,4.172925,-2.0399129,0.92567408,0.21625125,-0.31042376,0
-1.527483,-4.277442,1.8871711,-0.92567408,-0.21625125,0.31042376,0
-2.9520388,-0.40956116,0.36937547,-0.92567408,-0.21625125,0.31042376,0
-1.6844077,-4.7151699,0.515499,0.28772733,-0.93518114,0.20651686,0
1.9947367,-4.2287893,-2.6976268,0.28772733,-0.93518114,0.20651686,0
0.86856174,-2.2840238,4.3333254,0.2456429,0.28048471,0.92789423,0
3.0097368,-0.53720236,-1.0542926,0.92567408,0.21625125,-0.31042376,0
-1.8528557,-5.2049446,-1.2321515,0.28772733,-0.93518114,0.20651686,0
-3.2310681,-1.9777977,-1.3106754,-0.92567408,-0.21625125,0.31042376,0
-0.36239552,0.032305598,3.9468813,0.2456429,0.28048471,0.92789423,0
-2.5324612,1.3016011,3.2499771,-0.92567408,-0.21625125,0.31042376,0
-2.4962044,3.00457,-1.9784198,-0.28772733,0.93518114,-0.20651686,0
2.8737345,-3.1340194,1.2567692,0.28772733,-0.93518114,0.20651686,0
0.97670937,-3.7032375,1.6163614,0.28772733,-0.93518114,0.20651686,0
-0.56105608,-3.8235369,2.5801547,0.28772733,-0.93518114,0.20651686,0
-2.7052279,2.7948017,-2.9563909,-0.28772733,0.93518114,-0.20651686,0
-0.77779555,-4.6505466,-0.55247235,0.28772733,-0.93518114,0.20651686,0
3.4239426,-2.7698917,-1.3557515,0.92567408,0.21625125,-0.31042376,0
2.5306165,4.0685325,0.77572322,0.92567408,0.21625125,-0.31042376,0
1.6169205,-3.4452522,1.9341247,0.28772733,-0.93518114,0.20651686,0
0.69399929,4.5151167,-0.34812665,-0.28772733,0.93518114,-0.20651686,0
1.7014484,-2.8628097,-3.4420521,-0.2456429,-0.28048471,-0.92789423,0
-1.6824083,3.4464586,-1.0416696,-0.28772733,0.93518114,-0.20651686,0
-0.88885713,-3.7411456,3.6078472,0.28772733,-0.93518114,0.20651686,0
0.019883156,-1.353775,4.0823317,0.2456429,0.28048471,0.92789423,0
1.1412735,-4.025125,-2.8929763,-0.2456429,-0.28048471,-0.92789423,0
2.0572064,-2.5867753,4.0109873,0.2456429,0.28048471,0.92789423,0
2.4121675,2.7675819,2.2565718,0.2456429,0.28048471,0.92789423,0
0.12032366,-0.19899189,3.7770905,0.2456429,0.28048471,0.92789423,0
-1.1499484,2.9977591,-4.222537,-0.28772733,0.93518114,-0.20651686,0
-1.3087029,-4.8323164,-0.2177031,0.28772733,-0.93518114,0.20651686,0
-2.8520956,-1.5897095,-2.5299296,-0.2456429,-0.28048471,-0.92789423,0
3.5884533,-0.57620788,2.9845493,0.2456429,0.28048471,0.92789423,0
-1.4979663,1.7869321,3.6071343,0.2456429,0.28048471,0.92789423,0
1.5869651,-3.2174282,-3.2492304,-0.2456429,-0.28048471,-0.92789423,0
-3.5294175,-1.855659,-2.2213776,-0.2456429,-0.28048471,-0.92789423,0
-1.7785599,-5.0334773,-0.74299479,0.28772733,-0.93518114,0.20651686,0
1.4451096,-3.6870029,0.32006335,0.28772733,-0.93518114,0.20651686,0
0.68680334,-3.1139064,3.8599234,0.28772733,-0.93518114,0.20651686,0
2.6208951,-3.6671016,-0.95576453,0.28772733,-0.93518114,0.20651686,0
-2.7544301,-0.1085732,1.2659756,-0.92567408,-0.21625125,0.31042376,0
-3.07304,-2.686583,-1.4606256,-0.92567408,-0.21625125,0.31042376,0
-1.8206141,-1.5041314,-2.7496319,-0.2456429,-0.28048471,-0.92789423,0
3.0120945,-2.8163848,2.3284791,0.28772733,-0.93518114,0.20651686,0
0.48711824,4.2148924,2.3901334,0.2456429,0.28048471,0.92789423,0
0.9146378,4.4788299,-0.35807371,-0.28772733,0.93518114,-0.20651686,0
-3.5595644,-0.47574496,-1.3614757,-0.92567408,-0.21625125,0.31042376,0
-1.4681458,4.3238897,1.8564219,-0.28772733,0.93518114,-0.20651686,0
-3.3696086,0.99825168,0.6118319,-0.92567408,-0.21625125,0.31042376,0
0.68309009,3.9224768,-2.0964525,-0.28772733,0.93518114,-0.20651686,0
2.2744226,2.7842574,2.3606236,0.2456429,0.28048471,0.92789423,0
-1.398972,2.4922318,3.4413249,0.2456429,0.28048471,0.92789423,0
0.35568094,4.9059086,2.1642694,0.2456429,0.28048471,0.92789423,0
-2.6166229,-2.9095554,-0.063570686,-0.92567408,-0.21625125,0.31042376,0
0.72754002,-3.5827508,2.023967,0.28772733,-0.93518114,0.20651686,0
1.1633117,1.6806123,-4.5740166,-0.2456429,-0.28048471,-0.92789423,0
-0.82079911,0.40579593,3.9542267,0.2456429,0.28048471,0.92789423,0
-1.8397918,-4.9160933,0.045166969,0.28772733,-0.93518114,0.20651686,0
-2.8023014,-2.4918425,-2.3713369,-0.2456429,-0.28048471,-0.92789423,0
-2.9655442,0.87948132,1.4127851,-0.92567408,-0.21625125,0.31042376,0
-2.5234804,-2.908164,0.38148367,-0.92567408,-0.21625125,0.31042376,0
-3.1696892,2.5337553,-3.2573462,-0.28772733,0.93518114,-0.20651686,0
-3.5573597,-1.4152336,-2.216392,-0.92567408,-0.21625125,0.31042376,0
4.3621216,-2.1085217,2.1427176,0.92567408,0.21625125,-0.31042376,0
-1.697111,3.2356665,-2.8167629,-0.28772733,0.93518114,-0.20651686,0
2.2672164,-3.3091547,1.4697154,0.28772733,-0.93518114,0.20651686,0
0.59651566,4.6773028,1.1978796,-0.28772733,0.93518114,-0.20651686,0
1.9911211,-3.9391217,-1.0902958,0.28772733,-0.93518114,0.20651686,0
2.7058015,-1.110975,3.3255024,0.2456429,0.28048471,0.92789423,0
2.9175096,0.0040457249,3.0224538,0.2456429,0.28048471,0.92789423,0
-1.296785,-3.4049182,3.3310244,-0.92567408,-0.21625125,0.31042376,0
-1.9106231,3.3101399,3.2724867,0.2456429,0.28048471,0.92789423,0
-2.6064763,-0.84843516,1.3560368,-0.92567408,-0.21625125,0.31042376,0
-1.6908541,4.1956401,2.9686241,0.2456429,0.28048471,0.92789423,0
-4.2484169,2.2356377,-3.113941,-0.28772733,0.93518114,-0.20651686,0
3.3999846,-3.6367474,-1.7225447,0.28772733,-0.93518114,0.20651686,0
-2.5136995,-2.9583621,0.31066215,-0.92567408,-0.21625125,0.31042376,0
-3.5886483,2.3389173,0.66330409,-0.92567408,-0.21625125,0.31042376,0
3.5676935,-2.4643807,3.5652919,0.28772733,-0.93518114,0.20651686,0
3.066766,-1.955904,-2.024261,0.92567408,0.21625125,-0.31042376,0
1.5134854,4.6762509,-0.078453302,-0.28772733,0.93518114,-0.20651686,0
3.0593383,1.9745502,0.63106531,0.92567408,0.21625125,-0.31042376,0
-3.5275629,2.3472781,-3.5622427,-0.2456429,-0.28048471,-0.92789423,0
-1.588316,3.5850713,-0.60037422,-0.28772733,0.93518114,-0.20651686,0
-0.71534944,4.0304184,-0.32831001,-0.28772733,0.93518114,-0.20651686,0
-0.81958795,3.797684,-1.21522,-0.28772733,0.93518114,-0.20651686,0
-1.7241428,2.9343166,-3.8284233,-0.28772733,0.93518114,-0.20651686,0
-2.4263504,-2.0388112,-2.4616635,-0.2456429,-0.28048471,-0.92789423,0
2.2037778,3.324182,2.2775421,0.2456429,0.28048471,0.92789423,0
-1.2925627,-0.77944815,-3.1858232,-0.2456429,-0.28048471,-0.92789423,0
-3.548943,3.1533895,-0.58926201,-0.28772733,0.93518114,-0.20651686,0
-0.29211044,-4.7749157,-2.1748011,-0.2456429,-0.28048471,-0.92789423,0
3.5708189,-2.9181681,1.290813,0.28772733,-0.93518114,0.20651686,0
-2.5004015,0.28893232,2.5272453,-0.92567408,-0.21625125,0.31042376,0
3.4884596,0.58614492,1.0340953,0.92567408,0.21625125,-0.31042376,0
-2.1872311,2.0087736,-3.7587066,-0.2456429,-0.28048471,-0.92789423,0
0.31617594,-0.27104169,3.8057709,0.2456429,0.28048471,0.92789423,0
-4.5659308,2.1481192,-3.1410952,-0.28772733,0.93518114,-0.20651686,0
2.150023,-3.415513,-3.4122252,-0.2456429,-0.28048471,-0.92789423,0
1.3156873,-3.1303742,2.9737365,0.28772733,-0.93518114,0.20651686,0
-1.9124236,0.20493227,4.2258835,-0.92567408,-0.21625125,0.31042376,0
2.7989266,-0.24407315,-1.8066607,0.92567408,0.21625125,-0.31042376,0
-2.9521408,3.6289599,3.09969,-0.92567408,-0.21625125,0.31042376,0
-2.1352835,2.7374673,-4.0351439,-0.2456429,-0.28048471,-0.92789423,0
-1.0310743,1.4762838,-3.8683941,-0.2456429,-0.28048471,-0.92789423,0
-1.5891088,2.793123,-4.2530785,-0.2456429,-0.28048471,-0.92789423,0
4.0087018,-2.9622703,0.12598324,0.92567408,0.21625125,-0.31042376,0
0.14284086,4.6361065,2.2788033,0.2456429,0.28048471,0.92789423,0
-2.9445281,-1.0761554,-2.7470982,-0.2456429,-0.28048471,-0.92789423,0
