3.7760634,-0.37901306,3.9416013,0.68036222,0.29849166,0.66933542,0
0.68195629,0.76867414,-3.8959169,0.72036421,-0.10433459,-0.68570364,0
-0.2487886,-0.74688661,4.3409324,-0.72036421,0.10433459,0.68570364,0
1.430544,1.7097598,5.2876225,0.68036222,0.29849166,0.66933542,0
-4.1369877,-0.59122443,-3.0105529,-0.68036222,-0.29849166,-0.66933542,0
0.094033241,-2.4186926,4.7448034,-0.72036421,0.10433459,0.68570364,0
0.90820718,5.638124,3.8930879,0.68036222,0.29849166,0.66933542,0
0.61408472,0.6873318,-3.8226681,0.72036421,-0.10433459,-0.68570364,0
3.5443735,-0.67359614,-0.44576848,0.72036421,-0.10433459,-0.68570364,0
1.0488727,4.1329875,4.6882448,0.68036222,0.29849166,0.66933542,0
-4.2790842,2.8538718,-4.0529871,-0.13484192,0.9486922,-0.28600794,0
-2.572341,-5.2061548,-0.2578941,0.13484192,-0.9486922,0.28600794,0
-5.6275353,-0.81689453,-1.374732,-0.68036222,-0.29849166,-0.66933542,0
2.0684524,5.6014576,1.7672437,-0.13484192,0.9486922,-0.28600794,0
-1.1161246,4.4003639,-0.2922833,-0.13484192,0.9486922,-0.28600794,0
-0.1278348,-5.4494963,-2.6306927,0.13484192,-0.9486922,0.28600794,0
1.9370716,2.3065445,-2.7746031,0.72036421,-0.10433459,-0.68570364,0
-2.659225,-5.2895141,-0.66364741,0.13484192,-0.9486922,0.28600794,0
3.9850326,0.20975399,3.396733,0.68036222,0.29849166,0.66933542,0
1.9014828,-4.8679161,-1.252154,0.13484192,-0.9486922,0.28600794,0
-0.72828102,3.0190094,-5.1077385,-0.13484192,0.9486922,-0.28600794,0
-2.9238088,-2.1647143,1.666384,-0.72036421,0.10433459,0.68570364,0
0.46501946,-3.1774371,-3.2799737,0.72036421,-0.10433459,-0.68570364,0
6.051157,-2.1868529,2.2324045,0.72036421,-0.10433459,-0.68570364,0
-0.43476963,-5.0566545,-4.0569463,0.72036421,-0.10433459,-0.68570364,0
-2.4714162,3.498621,-3.2014642,-0.13484192,0.9486922,-0.28600794,0
-0.44987535,4.4986572,-0.75908184,-0.13484192,0.9486922,-0.28600794,0
-1.8084493,-4.1471834,2.8279932,0.13484192,-0.9486922,0.28600794,0
1.0110393,3.8857543,-3.04989,-0.13484192,0.9486922,-0.28600794,0
-0.35119957,2.6617436,3.528388,-0.72036421,0.10433459,0.68570364,0
3.6941156,3.9517736,-1.0275824,0.72036421,-0.10433459,-0.68570364,0
1.2840853,-1.6667565,6.0774732,-0.72036421,0.10433459,0.68570364,0
2.2386034,-1.4792529,6.0006781,0.68036222,0.29849166,0.66933542,0
-3.3742452,-5.2566633,-0.36622953,0.13484192,-0.9486922,0.28600794,0
0.19958925,3.1257837,-4.7446418,0.72036421,-0.10433459,-0.68570364,0
0.32438326,-4.5301642,0.5749386,0.13484192,-0.9486922,0.28600794,0
3.906285,4.3842883,1.4311048,0.68036222,0.29849166,0.66933542,0
-2.4938259,-4.7554164,1.0620718,0.13484192,-0.9486922,0.28600794,0
3.5251999,-2.1274116,-0.46535659,0.72036421,-0.10433459,-0.68570364,0
-2.2857337,1.6480436,1.580091,-0.72036421,0.10433459,0.68570364,0
-2.8489122,-5.355917,-0.72312969,0.13484192,-0.9486922,0.28600794,0
-4.9439058,-5.1692462,-0.22361326,-0.68036222,-0.29849166,-0.66933542,0
-5.2200718,-0.56652498,-1.1211028,-0.72036421,0.10433459,0.68570364,0
-3.0969987,-5.1688104,-0.22839046,0.13484192,-0.9486922,0.28600794,0
0.20736372,3.5009322,4.0041203,-0.72036421,0.10433459,0.68570364,0
2.6630838,-0.7025888,-1.33216,0.72036421,-0.10433459,-0.68570364,0
3.546885,2.0672922,-0.91045332,0.72036421,-0.10433459,-0.68570364,0
-4.9618182,1.6426926,-1.1859274,-0.72036421,0.10433459,0.68570364,0
-1.3409345,-2.5975115,-4.9497519,-0.68036222,-0.29849166,-0.66933542,0
-2.493453,0.17733884,-5.00457,-0.68036222,-0.29849166,-0.66933542,0
3.890132,5.4872875,0.58020854,-0.13484192,0.9486922,-0.28600794,0
0.95796585,-3.9412849,2.5361943,0.13484192,-0.9486922,0.28600794,0
5.3567591,-0.37683153,2.1219411,0.68036222,0.29849166,0.66933542,0
3.1183629,-0.98427331,4.8847713,0.68036222,0.29849166,0.66933542,0
2.1508136,-3.6096334,2.5195534,0.13484192,-0.9486922,0.28600794,0
0.4135561,-4.1804314,1.8002329,0.13484192,-0.9486922,0.28600794,0
2.772151,5.7301235,1.7065964,-0.13484192,0.9486922,-0.28600794,0
3.2443209,-4.1245575,0.68162751,0.13484192,-0.9486922,0.28600794,0
-2.4398949,1.6292021,-5.7556829,-0.68036222,-0.29849166,-0.66933542,0
2.4374518,-3.1421609,3.8766499,0.13484192,-0.9486922,0.28600794,0
-5.812849,1.285769,-2.0443611,-0.72036421,0.10433459,0.68570364,0
2.2507799,-4.0302901,1.569013,0.13484192,-0.9486922,0.28600794,0
-2.2337744,-2.661849,-4.133194,-0.68036222,-0.29849166,-0.66933542,0
5.9698277,-1.4214892,2.0873146,0.72036421,-0.10433459,-0.68570364,0
2.8064635,2.4400346,3.3842292,0.68036222,0.29849166,0.66933542,0
3.8863478,2.9574466,-0.72835004,0.72036421,-0.10433459,-0.68570364,0
-2.0246353,-4.8869557,0.38449869,0.13484192,-0.9486922,0.28600794,0
-4.6115785,-3.4011304,-1.2590687,-0.68036222,-0.29849166,-0.66933542,0
1.4320531,4.7619462,-0.33849874,-0.13484192,0.9486922,-0.28600794,0
2.8038538,-1.8618186,5.3803158,0.68036222,0.29849166,0.66933542,0
-4.9501834,-3.1632376,-0.47187591,-0.72036421,0.10433459,0.68570364,0
0.93064523,-5.2166181,-2.1062024,0.13484192,-0.9486922,0.28600794,0
1.2025394,-1.0249722,-2.9630589,0.72036421,-0.10433459,-0.68570364,0
5.1742291,1.9266329,1.3837121,0.68036222,0.29849166,0.66933542,0
0.62226534,-3.602839,3.7775686,0.13484192,-0.9486922,0.28600794,0
1.3095453,-4.7418485,-0.5352006,0.13484192,-0.9486922,0.28600794,0
2.472713,-4.5115776,-0.22057581,0.13484192,-0.9486922,0.28600794,0
-1.0051365,4.9970369,1.1862476,-0.13484192,0.9486922,-0.28600794,0
4.0016136,-1.5906568,0.063904047,0.72036421,-0.10433459,-0.68570364,0
-2.7062593,-4.8384447,0.7897796,0.13484192,-0.9486922,0.28600794,0
-4.8400354,-3.3176422,-1.0426669,-0.68036222,-0.29849166,-0.66933542,0
3.2177806,1.2566431,-1.0777788,0.72036421,-0.10433459,-0.68570364,0
4.725481,-1.2519965,3.0882654,0.68036222,0.29849166,0.66933542,0
-3.1263182,-2.2828445,1.4993174,-0.72036421,0.10433459,0.68570364,0
2.5724354,2.2647867,-2.0160799,0.72036421,-0.10433459,-0.68570364,0
2.2988393,0.81375557,4.7475471,0.68036222,0.29849166,0.66933542,0
-1.4361566,-1.6882806,-5.1329622,-0.68036222,-0.29849166,-0.66933542,0
-1.3217006,-5.571991,-1.9582561,0.13484192,-0.9486922,0.28600794,0
-2.8851135,1.471391,-5.0468283,-0.68036222,-0.29849166,-0.66933542,0
2.7651272,-3.6951904,2.5129824,0.13484192,-0.9486922,0.28600794,0
2.6236572,1.759854,3.9816756,0.68036222,0.29849166,0.66933542,0
4.5056181,2.9655042,-0.14065742,0.72036421,-0.10433459,-0.68570364,0
-1.9088693,-5.6886792,-2.4516251,0.13484192,-0.9486922,0.28600794,0
3.2484293,4.8604331,1.9509993,0.68036222,0.29849166,0.66933542,0
0.32317781,-3.1919017,4.7523761,0.13484192,-0.9486922,0.28600794,0
-0.23966455,-4.6270399,0.31735328,0.13484192,-0.9486922,0.28600794,0
5.2595029,0.9334507,0.94129777,0.72036421,-0.10433459,-0.68570364,0
2.1806164,5.5160909,2.7169127,0.68036222,0.29849166,0.66933542,0
-0.31029117,-0.54084504,-4.5631227,0.72036421,-0.10433459,-0.68570364,0
-1.0763626,4.8537264,0.66373205,-0.13484192,0.9486922,-0.28600794,0
-5.5262346,0.83130932,-1.5598524,-0.72036421,0.10433459,0.68570364,0
-3.5759306,0.79129958,0.54032755,-0.72036421,0.10433459,0.68570364,0
3.4284182,0.24154234,3.8200471,0.68036222,0.29849166,0.66933542,0
3.6854384,-3.1374469,3.5855594,0.13484192,-0.9486922,0.28600794,0
0.9575572,-4.814826,-0.89904821,0.13484192,-0.9486922,0.28600794,0
-4.6658797,0.015780449,-2.8172896,-0.68036222,-0.29849166,-0.66933542,0
-5.3593245,2.266773,-3.0349696,-0.68036222,-0.29849166,-0.66933542,0
2.7548275,-3.1001806,4.0408535,0.13484192,-0.9486922,0.28600794,0
1.8952708,-4.8099909,-1.3674219,0.13484192,-0.9486922,0.28600794,0
0.22529316,5.2629886,1.3943231,-0.13484192,0.9486922,-0.28600794,0
-3.6284189,1.7652845,-4.6818676,-0.68036222,-0.29849166,-0.66933542,0
-2.5529289,-5.6526027,-1.8997006,0.13484192,-0.9486922,0.28600794,0
-3.9514215,-4.2254443,-1.603012,-0.68036222,-0.29849166,-0.66933542,0
-3.0097151,2.4499271,0.88145328,-0.72036421,0.10433459,0.68570364,0
-0.55374336,-2.6528635,4.3157787,-0.72036421,0.10433459,0.68570364,0
-0.89824605,0.46579635,-5.4534812,0.72036421,-0.10433459,-0.68570364,0
5.1996756,-3.4549012,2.1605115,0.13484192,-0.9486922,0.28600794,0
-1.9423428,0.91122705,-5.7851849,-0.68036222,-0.29849166,-0.66933542,0
-4.3720975,0.50908661,-3.3095074,-0.68036222,-0.29849166,-0.66933542,0
3.2701428,5.1409745,1.7956342,0.68036222,0.29849166,0.66933542,0
-0.8630898,-6.0307736,-3.9585066,-0.68036222,-0.29849166,-0.66933542,0
-1.8376827,-4.3926373,1.7798686,0.13484192,-0.9486922,0.28600794,0
2.4262156,-2.4274895,6.1255698,0.68036222,0.29849166,0.66933542,0
0.010236263,3.5687909,-3.8465142,-0.13484192,0.9486922,-0.28600794,0
4.2168727,0.48173738,3.0982571,0.68036222,0.29849166,0.66933542,0
1.1592,-0.97239822,5.8242445,-0.72036421,0.10433459,0.68570364,0
2.5318561,3.7000165,3.2403145,0.68036222,0.29849166,0.66933542,0
-2.1147377,-0.718014,2.1916661,-0.72036421,0.10433459,0.68570364,0
-1.840169,-4.1015706,3.0457249,-0.72036421,0.10433459,0.68570364,0
3.2204289,-1.249468,4.7034292,0.68036222,0.29849166,0.66933542,0
-3.7916389,0.54546618,-3.9151099,-0.68036222,-0.29849166,-0.66933542,0
-2.0594554,2.406311,-6.3949103,-0.68036222,-0.29849166,-0.66933542,0
-0.5441218,-2.7612679,-4.5441437,0.72036421,-0.10433459,-0.68570364,0
-2.2197802,-4.5926428,-3.0834126,-0.68036222,-0.29849166,-0.66933542,0
4.9284167,2.3067636,0.43974042,0.72036421,-0.10433459,-0.68570364,0
-5.1719694,-3.7311983,-0.64527202,-0.68036222,-0.29849166,-0.66933542,0
0.10542464,-2.514972,-3.8989043,0.72036421,-0.10433459,-0.68570364,0
4.1387296,-3.8351142,0.43173528,0.72036421,-0.10433459,-0.68570364,0
4.3890352,1.1676681,2.479521,0.68036222,0.29849166,0.66933542,0
-4.6202555,-1.2553387,-0.37512398,-0.72036421,0.10433459,0.68570364,0
3.4795167,-3.5745122,2.3432279,0.13484192,-0.9486922,0.28600794,0
5.117063,3.7214007,0.59417915,0.68036222,0.29849166,0.66933542,0
3.6650124,1.0444254,3.2899714,0.68036222,0.29849166,0.66933542,0
-1.0834881,-3.7600873,-4.7319384,-0.68036222,-0.29849166,-0.66933542,0
3.8518941,4.1687722,-1.0929029,0.72036421,-0.10433459,-0.68570364,0
-2.5222831,-2.2873063,-3.983098,-0.68036222,-0.29849166,-0.66933542,0
1.7125132,0.17731124,5.7235293,0.68036222,0.29849166,0.66933542,0
5.2420073,-2.6233976,3.2769833,0.68036222,0.29849166,0.66933542,0
-0.20449829,4.7978077,0.4469361,-0.13484192,0.9486922,-0.28600794,0
-0.60775709,-4.992291,-0.50135744,0.13484192,-0.9486922,0.28600794,0
2.2797229,-3.4058418,3.1745687,0.13484192,-0.9486922,0.28600794,0
-4.7376952,-1.8454213,-1.7256866,-0.68036222,-0.29849166,-0.66933542,0
3.5404615,-3.0682607,3.644357,0.13484192,-0.9486922,0.28600794,0
-1.5199575,3.6893799,-3.0543737,-0.13484192,0.9486922,-0.28600794,0
1.9802821,-4.2133408,0.79577124,0.13484192,-0.9486922,0.28600794,0
-3.3331888,-2.9665112,1.457643,-0.72036421,0.10433459,0.68570364,0
3.5904062,4.719892,1.7304494,0.68036222,0.29849166,0.66933542,0
4.1142454,-2.7720611,4.4056959,0.13484192,-0.9486922,0.28600794,0
-0.54382467,4.4575214,-0.86497098,-0.13484192,0.9486922,-0.28600794,0
3.2995951,3.1464677,2.6188679,0.68036222,0.29849166,0.66933542,0
-2.445267,-4.8648839,-2.8662965,-0.68036222,-0.29849166,-0.66933542,0
-0.36170864,2.6448233,-5.0197606,0.72036421,-0.10433459,-0.68570364,0
-2.5257666,3.3687067,1.2485751,-0.72036421,0.10433459,0.68570364,0
0.31337404,3.7130985,-3.8762164,-0.13484192,0.9486922,-0.28600794,0
-0.06973505,-4.1065683,2.0716662,0.13484192,-0.9486922,0.28600794,0
0.57501554,-0.51634485,5.1240277,-0.72036421,0.10433459,0.68570364,0
1.5264244,4.2378216,-2.5497863,-0.13484192,0.9486922,-0.28600794,0
4.4078751,-2.5850019,4.0006332,0.68036222,0.29849166,0.66933542,0
-0.7583847,0.12141085,-5.1512446,0.72036421,-0.10433459,-0.68570364,0
-4.1527262,0.96021414,-3.6125407,-0.68036222,-0.29849166,-0.66933542,0
-5.0920753,-4.0320311,-0.42873406,-0.68036222,-0.29849166,-0.66933542,0
0.14757347,5.4272804,2.1613021,-0.13484192,0.9486922,-0.28600794,0
3.4355001,-1.5781579,-0.50764358,0.72036421,-0.10433459,-0.68570364,0
-4.0817556,-0.17284894,-3.3171721,-0.68036222,-0.29849166,-0.66933542,0
-1.1287264,-3.1291456,-4.9556918,-0.68036222,-0.29849166,-0.66933542,0
-1.7017096,1.6856391,2.1853709,-0.72036421,0.10433459,0.68570364,0
-1.2625825,5.1861463,2.2740946,-0.72036421,0.10433459,0.68570364,0
0.47478104,-3.993552,2.1735635,0.13484192,-0.9486922,0.28600794,0
-4.6214728,-0.41763282,-2.4753819,-0.68036222,-0.29849166,-0.66933542,0
-0.068789005,0.81759149,-4.4679341,0.72036421,-0.10433459,-0.68570364,0
5.1473188,2.785464,0.61973691,0.72036421,-0.10433459,-0.68570364,0
5.4841528,-3.2170935,2.7764122,0.13484192,-0.9486922,0.28600794,0
-1.6380682,-5.2875786,-1.3161821,0.13484192,-0.9486922,0.28600794,0
4.3638945,2.1672111,-0.021439791,0.72036421,-0.10433459,-0.68570364,0
2.4394436,5.1431637,-0.10553408,-0.13484192,0.9486922,-0.28600794,0
3.9851768,2.3165979,2.5060666,0.68036222,0.29849166,0.66933542,0
-1.1279323,-2.7240751,-5.112319,-0.68036222,-0.29849166,-0.66933542,0
2.2624021,-2.6792378,5.5725708,0.13484192,-0.9486922,0.28600794,0
2.18225,3.841814,3.5529797,0.68036222,0.29849166,0.66933542,0
4.0061593,-3.4101355,2.3159335,0.13484192,-0.9486922,0.28600794,0
-4.2714539,-1.6165025,0.15945673,-0.72036421,0.10433459,0.68570364,0
2.6193573,2.3526707,-1.8647993,0.72036421,-0.10433459,-0.68570364,0
0.65350062,1.9139259,4.7253194,-0.72036421,0.10433459,0.68570364,0
0.3082037,-4.5766382,0.092840374,0.13484192,-0.9486922,0.28600794,0
-0.81029844,-5.3982973,-1.6664815,0.13484192,-0.9486922,0.28600794,0
3.3467107,1.1374314,-1.0462484,0.72036421,-0.10433459,-0.68570364,0
-1.084474,-4.2832112,-4.3242955,-0.68036222,-0.29849166,-0.66933542,0
3.8764925,-1.2134283,4.1726089,0.68036222,0.29849166,0.66933542,0
-2.4152832,-0.68955541,-4.6885886,-0.68036222,-0.29849166,-0.66933542,0
-4.570715,-5.1948748,-0.64941216,-0.68036222,-0.29849166,-0.66933542,0
2.5486925,-4.1139703,1.1745446,0.13484192,-0.9486922,0.28600794,0
4.1477523,2.3954659,2.1021121,0.68036222,0.29849166,0.66933542,0
3.7852824,2.2469432,2.6958442,0.68036222,0.29849166,0.66933542,0
-2.5763943,-3.3202338,2.0496726,-0.72036421,0.10433459,0.68570364,0
-5.9149323,2.8167219,-2.7640653,-0.68036222,-0.29849166,-0.66933542,0
0.34196329,4.4571199,-0.7995156,-0.13484192,0.9486922,-0.28600794,0
2.6782608,4.9259706,2.4320343,0.68036222,0.29849166,0.66933542,0
-1.1385775,2.3724732,2.8318086,-0.72036421,0.10433459,0.68570364,0
4.4574146,-0.8398788,3.2872787,0.68036222,0.29849166,0.66933542,0
1.2222302,0.89615905,-3.3481138,0.72036421,-0.10433459,-0.68570364,0
4.7337103,0.94228029,0.47165871,0.72036421,-0.10433459,-0.68570364,0
-2.7887464,0.11108685,-4.6428795,-0.68036222,-0.29849166,-0.66933542,0
-3.651268,2.1306164,0.30676484,-0.72036421,0.10433459,0.68570364,0
4.8318086,2.1966941,1.5231633,0.68036222,0.29849166,0.66933542,0
-1.7376604,0.7764281,-6.1718168,-0.68036222,-0.29849166,-0.66933542,0
3.2347093,-2.9203556,-0.65123725,0.72036421,-0.10433459,-0.68570364,0
-0.043117046,5.6682086,3.0100765,-0.13484192,0.9486922,-0.28600794,0
-0.74325776,4.2651839,2.8190441,-0.72036421,0.10433459,0.68570364,0
4.8788557,1.2255049,2.0939305,0.68036222,0.29849166,0.66933542,0
-0.51760161,0.36105525,3.9127691,-0.72036421,0.10433459,0.68570364,0
-4.8632846,2.6241121,-3.6076407,-0.68036222,-0.29849166,-0.66933542,0
3.8108196,-3.7479441,1.4346685,0.13484192,-0.9486922,0.28600794,0
0.43613791,5.9357877,3.9526222,-0.72036421,0.10433459,0.68570364,0
3.8468122,-2.5229785,4.768712,0.68036222,0.29849166,0.66933542,0
-4.3002787,-0.51870871,-0.091196775,-0.72036421,0.10433459,0.68570364,0
-2.7262137,3.0283577,-4.0816808,-0.13484192,0.9486922,-0.28600794,0
4.9409609,3.2212033,1.1129041,0.68036222,0.29849166,0.66933542,0
1.4548614,5.2922277,3.6056018,0.68036222,0.29849166,0.66933542,0
3.9642949,-1.1730669,3.8325272,0.68036222,0.29849166,0.66933542,0
0.57178068,4.355576,-1.3722175,-0.13484192,0.9486922,-0.28600794,0
-0.21184874,-4.6724253,0.3211543,0.13484192,-0.9486922,0.28600794,0
-1.6922994,-5.580327,-2.0331349,0.13484192,-0.9486922,0.28600794,0
0.86993313,0.41541731,-3.5735981,0.72036421,-0.10433459,-0.68570364,0
4.5346222,-3.7463586,1.4363794,0.13484192,-0.9486922,0.28600794,0
-2.1649652,-0.81105185,2.2553208,-0.72036421,0.10433459,0.68570364,0
0.088057518,-5.7951131,-3.3935432,0.72036421,-0.10433459,-0.68570364,0
4.849009,5.4338765,-0.016830683,-0.13484192,0.9486922,-0.28600794,0
2.1815491,4.1768684,-2.749254,-0.13484192,0.9486922,-0.28600794,0
0.78066611,5.9603281,3.5467739,-0.13484192,0.9486922,-0.28600794,0
-0.78446698,-1.5627835,3.9270484,-0.72036421,0.10433459,0.68570364,0
-2.9609902,3.849257,-1.9143426,-0.13484192,0.9486922,-0.28600794,0
3.8358126,-3.4894226,2.2819688,0.13484192,-0.9486922,0.28600794,0
1.2102745,1.0840775,-3.1292119,0.72036421,-0.10433459,-0.68570364,0
-1.9558632,3.6930356,1.765913,-0.72036421,0.10433459,0.68570364,0
2.7211227,5.3616662,0.446338,-0.13484192,0.9486922,-0.28600794,0
-1.8955669,0.15978074,2.3485875,-0.72036421,0.10433459,0.68570364,0
3.6462202,-2.1449747,4.6645374,0.68036222,0.29849166,0.66933542,0
-2.5442219,2.7526944,-5.7034845,-0.13484192,0.9486922,-0.28600794,0
2.4549932,5.1330609,0.35639721,-0.13484192,0.9486922,-0.28600794,0
0.062286854,4.9328065,0.46429819,-0.13484192,0.9486922,-0.28600794,0
1.9737897,4.2955384,3.4589927,0.68036222,0.29849166,0.66933542,0
0.49196243,0.46715927,-3.8466077,0.72036421,-0.10433459,-0.68570364,0
-4.1604166,-2.3508825,0.2860105,-0.72036421,0.10433459,0.68570364,0
1.4246054,-3.1950357,4.7318001,0.13484192,-0.9486922,0.28600794,0
3.7059772,3.3719831,-0.98577684,0.72036421,-0.10433459,-0.68570364,0
-0.70349169,3.0379677,-5.1038594,-0.13484192,0.9486922,-0.28600794,0
0.086579442,-0.91515362,-4.1520405,0.72036421,-0.10433459,-0.68570364,0
-3.0112417,3.8203876,-1.8451185,-0.13484192,0.9486922,-0.28600794,0
-2.8735542,-2.0879526,1.6438941,-0.72036421,0.10433459,0.68570364,0
-2.9483948,-4.9811549,0.91588759,0.13484192,-0.9486922,0.28600794,0
1.4564762,5.2377048,0.86334693,-0.13484192,0.9486922,-0.28600794,0
-2.7400413,-5.1167083,-2.2692552,-0.68036222,-0.29849166,-0.66933542,0
-0.69355893,-0.2527405,3.5851264,-0.72036421,0.10433459,0.68570364,0
5.417326,0.50890493,1.2482755,0.72036421,-0.10433459,-0.68570364,0
-2.7559402,0.77738154,-5.0701265,-0.68036222,-0.29849166,-0.66933542,0
2.5350747,5.1287355,0.0031084418,-0.13484192,0.9486922,-0.28600794,0
-3.2805421,-5.2455945,-1.844865,-0.68036222,-0.29849166,-0.66933542,0
-4.5283713,0.84291148,-3.1347489,-0.68036222,-0.29849166,-0.66933542,0
4.3956108,1.4231246,2.4655013,0.68036222,0.29849166,0.66933542,0
-0.24087667,-3.5826287,3.6567011,0.13484192,-0.9486922,0.28600794,0
2.1174893,3.7142382,3.70261,0.68036222,0.29849166,0.66933542,0
-1.3973968,4.4536204,2.3609748,-0.72036421,0.10433459,0.68570364,0
1.2876406,-2.9368229,5.5705938,0.13484192,-0.9486922,0.28600794,0
3.4540839,4.1592178,-1.4510269,0.72036421,-0.10433459,-0.68570364,0
-0.4485054,-3.5226328,4.0208545,0.13484192,-0.9486922,0.28600794,0
1.4921883,-4.0355749,-2.2762084,0.72036421,-0.10433459,-0.68570364,0
-4.1893229,1.2403517,-3.7457702,-0.68036222,-0.29849166,-0.66933542,0
0.29106617,-4.3084483,1.3813161,0.13484192,-0.9486922,0.28600794,0
-1.5927212,1.3659353,-6.325036,0.72036421,-0.10433459,-0.68570364,0
-1.3589001,-5.126554,-0.83271903,0.13484192,-0.9486922,0.28600794,0
0.05236125,0.054047585,-4.2747207,0.72036421,-0.10433459,-0.68570364,0
4.5522075,0.30071783,2.6370211,0.68036222,0.29849166,0.66933542,0
2.4142561,4.9390907,-0.17249852,-0.13484192,0.9486922,-0.28600794,0
-2.9070354,-3.280596,-2.9901848,-0.68036222,-0.29849166,-0.66933542,0
4.2829342,4.3426709,1.1858295,0.68036222,0.29849166,0.66933542,0
0.4113369,-5.5008655,-3.0004096,0.13484192,-0.9486922,0.28600794,0
0.59833336,-5.3678184,-2.4290316,0.13484192,-0.9486922,0.28600794,0
-2.3818243,-0.58800799,-4.6675401,-0.68036222,-0.29849166,-0.66933542,0
4.3317299,3.861428,1.4632925,0.68036222,0.29849166,0.66933542,0
2.4384532,0.28667802,4.8313689,0.68036222,0.29849166,0.66933542,0
-2.0216463,3.9903083,-1.3757095,-0.13484192,0.9486922,-0.28600794,0
-4.7942448,3.4791665,-1.7978315,-0.13484192,0.9486922,-0.28600794,0
2.2060122,5.2308154,0.57032019,-0.13484192,0.9486922,-0.28600794,0
-1.2531247,3.5733314,-3.3660145,-0.13484192,0.9486922,-0.28600794,0
-1.5961747,-0.49493051,2.9097908,-0.72036421,0.10433459,0.68570364,0
0.55005217,-5.0334482,-3.0816588,0.72036421,-0.10433459,-0.68570364,0
3.3960416,-0.46844244,-0.66839421,0.72036421,-0.10433459,-0.68570364,0
-0.70792818,-3.5689068,4.1784286,-0.72036421,0.10433459,0.68570364,0
5.1020155,4.7574253,0.31157994,0.68036222,0.29849166,0.66933542,0
-2.3382471,-5.4578447,-2.7038882,-0.68036222,-0.29849166,-0.66933542,0
-1.8514462,-4.1759396,2.6281669,0.13484192,-0.9486922,0.28600794,0
-1.4396629,-5.0645103,-3.627053,-0.68036222,-0.29849166,-0.66933542,0
0.32277155,5.8387938,3.1703038,-0.13484192,0.9486922,-0.28600794,0
1.0282202,-4.8847108,-1.0535318,0.13484192,-0.9486922,0.28600794,0
1.2362702,3.9161754,4.3774467,0.68036222,0.29849166,0.66933542,0
-2.1520252,3.0653911,-4.7591887,-0.13484192,0.9486922,-0.28600794,0
0.4590537,-2.243782,-3.5592821,0.72036421,-0.10433459,-0.68570364,0
-4.0247087,1.1138997,-3.767374,-0.68036222,-0.29849166,-0.66933542,0
-3.1633973,2.7642298,-4.9361544,-0.13484192,0.9486922,-0.28600794,0
-2.3836446,-5.2321215,-0.21218926,0.13484192,-0.9486922,0.28600794,0
-1.5145547,-5.4286513,-3.6306534,-0.68036222,-0.29849166,-0.66933542,0
-3.0140572,-2.2189958,-3.2874489,-0.68036222,-0.29849166,-0.66933542,0
-0.11975956,5.1931281,1.2281375,-0.13484192,0.9486922,-0.28600794,0
-4.5725923,-3.3706615,-1.2074516,-0.68036222,-0.29849166,-0.66933542,0
-0.19989586,-4.0392561,2.490813,0.13484192,-0.9486922,0.28600794,0
4.7031546,-1.9692841,3.4662874,0.68036222,0.29849166,0.66933542,0
3.145472,-3.7814214,-0.39638329,0.72036421,-0.10433459,-0.68570364,0
-2.0977318,-2.0691519,2.3959069,-0.72036421,0.10433459,0.68570364,0
1.6654625,-2.5050139,6.6141734,-0.72036421,0.10433459,0.68570364,0
-3.4288533,-3.6575747,1.3403599,-0.72036421,0.10433459,0.68570364,0
-3.0191884,-4.880476,0.65007746,0.13484192,-0.9486922,0.28600794,0
1.5369663,5.2605133,3.6045573,0.68036222,0.29849166,0.66933542,0
-5.6150675,2.3370895,-2.9343498,-0.68036222,-0.29849166,-0.66933542,0
-1.0392351,0.887263,-5.5134907,0.72036421,-0.10433459,-0.68570364,0
-4.2805214,3.0880456,-3.3597283,-0.13484192,0.9486922,-0.28600794,0
3.1929941,3.9650967,2.547744,0.68036222,0.29849166,0.66933542,0
3.2415037,3.3450158,-1.4653579,0.72036421,-0.10433459,-0.68570364,0
2.4343448,5.2455568,2.5659404,0.68036222,0.29849166,0.66933542,0
1.489537,0.53150213,5.8036518,0.68036222,0.29849166,0.66933542,0
2.9399438,5.6437798,1.9967295,0.68036222,0.29849166,0.66933542,0
-2.3750064,4.1476469,-1.1348021,-0.13484192,0.9486922,-0.28600794,0
3.2290697,-2.695538,5.3238564,0.13484192,-0.9486922,0.28600794,0
0.10318518,-4.2956505,1.3150132,0.13484192,-0.9486922,0.28600794,0
-0.77978706,-3.6737742,3.6697755,0.13484192,-0.9486922,0.28600794,0
1.9974848,-0.65205765,-2.2359638,0.72036421,-0.10433459,-0.68570364,0
-2.3099139,2.2560158,1.642187,-0.72036421,0.10433459,0.68570364,0
-1.9290287,-1.1433415,2.5968556,-0.72036421,0.10433459,0.68570364,0
-5.5195184,1.6258345,-2.7026803,-0.68036222,-0.29849166,-0.66933542,0
5.583004,0.20125341,1.7899113,0.68036222,0.29849166,0.66933542,0
-2.6742291,-4.8147697,1.3572153,0.13484192,-0.9486922,0.28600794,0
4.0601563,3.1608074,2.0586805,0.68036222,0.29849166,0.66933542,0
-3.3897009,-4.0546494,1.3786783,-0.72036421,0.10433459,0.68570364,0
2.3553772,-1.5906245,5.7463579,0.68036222,0.29849166,0.66933542,0
3.3706608,3.4409778,-1.2282796,0.72036421,-0.10433459,-0.68570364,0
4.7788219,0.80149889,0.53183961,0.72036421,-0.10433459,-0.68570364,0
-3.5840313,-2.7955203,-2.6090798,-0.68036222,-0.29849166,-0.66933542,0
1.6934581,2.2479804,-2.940587,0.72036421,-0.10433459,-0.68570364,0
0.61065507,1.4023337,4.7580633,-0.72036421,0.10433459,0.68570364,0
-1.1317,-5.5899768,-1.9784968,0.13484192,-0.9486922,0.28600794,0
-3.3378501,-4.4646959,-2.2026675,-0.68036222,-0.29849166,-0.66933542,0
-1.3173461,-4.2681084,2.2667141,0.13484192,-0.9486922,0.28600794,0
4.773654,1.6730888,0.43964195,0.72036421,-0.10433459,-0.68570364,0
-0.036361337,3.9244695,3.8065906,-0.72036421,0.10433459,0.68570364,0
2.9379172,-4.4449124,-0.32070971,0.13484192,-0.9486922,0.28600794,0
-0.91639876,-4.4662218,-4.6305532,-0.68036222,-0.29849166,-0.66933542,0
-5.7152457,3.0965414,-2.1356196,-0.72036421,0.10433459,0.68570364,0
1.8496175,-3.3018944,-1.9388847,0.72036421,-0.10433459,-0.68570364,0
4.6413984,1.331583,0.31108356,0.72036421,-0.10433459,-0.68570364,0
-1.4379468,3.3990273,2.2593598,-0.72036421,0.10433459,0.68570364,0
1.7957764,5.7693996,2.5407395,-0.13484192,0.9486922,-0.28600794,0
-2.1602185,1.5492722,-5.9701929,-0.68036222,-0.29849166,-0.66933542,0
-3.8087945,-4.2472935,-1.8135726,-0.68036222,-0.29849166,-0.66933542,0
-0.60797262,5.0812821,1.0724366,-0.13484192,0.9486922,-0.28600794,0
-4.843977,2.9707994,-3.4085245,-0.13484192,0.9486922,-0.28600794,0
-5.5978379,2.1736498,-2.7132506,-0.68036222,-0.29849166,-0.66933542,0
3.8310375,-1.4768195,4.3785524,0.68036222,0.29849166,0.66933542,0
-3.1222134,3.2911153,-3.245486,-0.13484192,0.9486922,-0.28600794,0
3.3997746,1.780571,-1.0289521,0.72036421,-0.10433459,-0.68570364,0
-2.0627902,2.9572716,-4.9150939,-0.13484192,0.9486922,-0.28600794,0
-2.8458004,-0.2076149,1.4024508,-0.72036421,0.10433459,0.68570364,0
5.1967807,1.5617118,0.92267871,0.72036421,-0.10433459,-0.68570364,0
-0.75527477,4.1760025,-1.7687604,-0.13484192,0.9486922,-0.28600794,0
2.898309,-3.7671516,1.8683097,0.13484192,-0.9486922,0.28600794,0
-0.40828943,-3.6408639,3.5033348,0.13484192,-0.9486922,0.28600794,0
3.6685081,-2.5213199,4.716526,0.68036222,0.29849166,0.66933542,0
-4.0455365,1.2173719,-3.9562559,-0.68036222,-0.29849166,-0.66933542,0
0.090080023,-1.5151145,4.5695786,-0.72036421,0.10433459,0.68570364,0
0.47201443,5.634727,2.5566516,-0.13484192,0.9486922,-0.28600794,0
4.8851705,-1.0175784,2.9836295,0.68036222,0.29849166,0.66933542,0
-4.1618233,0.31751919,-3.4674654,-0.68036222,-0.29849166,-0.66933542,0
-1.7236991,-5.7444582,-2.7960577,0.13484192,-0.9486922,0.28600794,0
-0.40002894,0.73746526,3.829936,-0.72036421,0.10433459,0.68570364,0
3.1912966,0.086727858,-1.1080925,0.72036421,-0.10433459,-0.68570364,0
4.9136086,0.12386799,2.3945632,0.68036222,0.29849166,0.66933542,0
-0.82711649,1.9961767,-5.616622,0.72036421,-0.10433459,-0.68570364,0
1.0664151,2.8281331,5.0748668,-0.72036421,0.10433459,0.68570364,0
3.7350826,3.689636,2.1195478,0.68036222,0.29849166,0.66933542,0
-1.1704197,3.5185354,-3.2910323,-0.13484192,0.9486922,-0.28600794,0
0.62344587,1.97947,4.7556648,-0.72036421,0.10433459,0.68570364,0
1.1201594,-0.73118508,5.6483293,-0.72036421,0.10433459,0.68570364,0
1.5238862,5.0558238,3.6238391,0.68036222,0.29849166,0.66933542,0
-0.18398952,-2.5160563,-4.2967916,0.72036421,-0.10433459,-0.68570364,0
-0.18139863,0.30626112,-4.5091381,0.72036421,-0.10433459,-0.68570364,0
-2.8296537,-5.6451054,-2.200074,-0.68036222,-0.29849166,-0.66933542,0
-2.0417922,-4.5237656,-3.3016529,-0.68036222,-0.29849166,-0.66933542,0
-1.4193385,2.21802,2.4829092,-0.72036421,0.10433459,0.68570364,0
-3.4159756,2.4435225,0.45475924,-0.72036421,0.10433459,0.68570364,0
-2.0998938,3.1754081,-4.5417633,-0.13484192,0.9486922,-0.28600794,0
-3.7624979,-5.5276756,-0.76473343,0.13484192,-0.9486922,0.28600794,0
0.28562641,-3.8679004,2.5596492,0.13484192,-0.9486922,0.28600794,0
0.65457392,1.1156113,-3.94959,0.72036421,-0.10433459,-0.68570364,0
-2.434876,-4.3350859,2.449985,0.13484192,-0.9486922,0.28600794,0
-2.7027063,3.7823722,-1.7190921,-0.13484192,0.9486922,-0.28600794,0
3.9069905,2.0288463,2.6160395,0.68036222,0.29849166,0.66933542,0
-2.3957779,-1.8313011,-4.2485991,-0.68036222,-0.29849166,-0.66933542,0
-4.4704542,3.3210158,-2.3959017,-0.13484192,0.9486922,-0.28600794,0
0.33375931,-5.0899291,-1.0730292,0.13484192,-0.9486922,0.28600794,0
0.51241207,5.6774383,2.8607187,-0.13484192,0.9486922,-0.28600794,0
-2.4398494,3.0341909,-4.459475,-0.13484192,0.9486922,-0.28600794,0
1.1524372,4.4169254,-1.4625895,-0.13484192,0.9486922,-0.28600794,0
-0.50195146,0.2031213,3.8440859,-0.72036421,0.10433459,0.68570364,0
4.5439806,-2.8540049,4.1746888,0.13484192,-0.9486922,0.28600794,0
-0.23532009,4.9890528,0.90522993,-0.13484192,0.9486922,-0.28600794,0
-2.2662125,2.9665084,-4.6292105,-0.13484192,0.9486922,-0.28600794,0
3.0134506,-2.6026652,5.3687773,0.13484192,-0.9486922,0.28600794,0
-5.2904038,-0.19122458,-2.0077538,-0.68036222,-0.29849166,-0.66933542,0
0.28373125,1.8219657,4.5348716,-0.72036421,0.10433459,0.68570364,0
-4.6347017,0.26936102,-0.63967037,-0.72036421,0.10433459,0.68570364,0
3.0157688,-0.70897281,4.6804562,0.68036222,0.29849166,0.66933542,0
-1.9285769,0.63553101,-5.9385118,-0.68036222,-0.29849166,-0.66933542,0
2.7249107,2.1555283,3.6073546,0.68036222,0.29849166,0.66933542,0
2.9496279,-0.57446671,-1.1159532,0.72036421,-0.10433459,-0.68570364,0
-3.1404037,-4.8981061,0.76802015,0.13484192,-0.9486922,0.28600794,0
1.9638286,-4.1984444,0.65666604,0.13484192,-0.9486922,0.28600794,0
2.1665387,1.0896778,4.7896171,0.68036222,0.29849166,0.66933542,0
4.7637134,3.7107902,0.88687587,0.68036222,0.29849166,0.66933542,0
-0.26064205,-3.5501091,4.0402761,0.13484192,-0.9486922,0.28600794,0
-2.7055845,0.78305387,-4.9326,-0.68036222,-0.29849166,-0.66933542,0
-2.1835108,-4.9678121,0.47080052,0.13484192,-0.9486922,0.28600794,0
2.2972176,3.545507,3.5641136,0.68036222,0.29849166,0.66933542,0
-2.9768362,-2.4427958,1.5107646,-0.72036421,0.10433459,0.68570364,0
-4.5902023,-4.8815517,-0.76938701,-0.68036222,-0.29849166,-0.66933542,0
1.5471268,-3.2507248,4.4425917,0.13484192,-0.9486922,0.28600794,0
4.8562937,3.6720924,0.94226933,0.68036222,0.29849166,0.66933542,0
1.7193818,-2.7094474,-2.2148499,0.72036421,-0.10433459,-0.68570364,0
-1.8445333,3.6686804,1.8833677,-0.72036421,0.10433459,0.68570364,0
2.1283469,0.74266887,4.9598665,0.68036222,0.29849166,0.66933542,0
-2.6848836,0.97896266,-5.2251101,-0.68036222,-0.29849166,-0.66933542,0
-0.36146402,-5.6772394,-2.7655692,0.13484192,-0.9486922,0.28600794,0
-2.2645488,-3.1185148,2.4504015,-0.72036421,0.10433459,0.68570364,0
2.9183285,-2.1667924,-1.0042858,0.72036421,-0.10433459,-0.68570364,0
-2.3942664,0.24256635,1.8087955,-0.72036421,0.10433459,0.68570364,0
-0.058215886,-1.9301242,-4.2243991,0.72036421,-0.10433459,-0.68570364,0
-3.5247722,-1.2314627,0.9039911,-0.72036421,0.10433459,0.68570364,0
1.8398266,5.5728874,1.8585169,-0.13484192,0.9486922,-0.28600794,0
-4.1078992,-0.76578116,-3.0936232,-0.68036222,-0.29849166,-0.66933542,0
-2.0424707,4.596323,0.55781865,-0.13484192,0.9486922,-0.28600794,0
-3.6032503,2.7565889,-4.9983501,-0.68036222,-0.29849166,-0.66933542,0
-0.91905099,-3.0954812,-4.9213591,0.72036421,-0.10433459,-0.68570364,0
-3.9702239,-1.0188518,0.50007308,-0.72036421,0.10433459,0.68570364,0
-0.38200235,-1.4727905,4.0684352,-0.72036421,0.10433459,0.68570364,0
-1.8365889,-4.1565957,2.7715609,0.13484192,-0.9486922,0.28600794,0
-4.0980387,-4.0953188,0.8380605,-0.72036421,0.10433459,0.68570364,0
-0.70466971,-5.6327496,-4.2922812,0.72036421,-0.10433459,-0.68570364,0
-0.30558604,1.1569936,3.8901381,-0.72036421,0.10433459,0.68570364,0
0.49243927,5.3782063,4.2002754,-0.72036421,0.10433459,0.68570364,0
-6.0724821,2.7803764,-2.4207134,-0.72036421,0.10433459,0.68570364,0
2.2718821,-4.6653895,-0.90774095,0.13484192,-0.9486922,0.28600794,0
3.3963203,2.13678,3.1807294,0.68036222,0.29849166,0.66933542,0
-2.7987094,-0.724648,1.6638045,-0.72036421,0.10433459,0.68570364,0
-5.0011516,-1.0785809,-1.8173952,-0.68036222,-0.29849166,-0.66933542,0
1.4120393,-3.432749,3.9134588,0.13484192,-0.9486922,0.28600794,0
-2.7589843,-1.1417199,-4.2025585,-0.68036222,-0.29849166,-0.66933542,0
4.9773545,0.75122523,0.81480002,0.72036421,-0.10433459,-0.68570364,0
2.3014274,-1.4696367,-1.6606827,0.72036421,-0.10433459,-0.68570364,0
1.1691976,4.9531031,4.1585388,0.68036222,0.29849166,0.66933542,0
-3.0384369,-4.3828092,-2.4034381,-0.68036222,-0.29849166,-0.66933542,0
-0.90698814,1.5520289,-5.4637585,0.72036421,-0.10433459,-0.68570364,0
3.4381909,-3.6043873,2.1812491,0.13484192,-0.9486922,0.28600794,0
5.4792223,-2.9848623,1.7706122,0.72036421,-0.10433459,-0.68570364,0
-0.075730324,4.3070168,-1.3449788,-0.13484192,0.9486922,-0.28600794,0
1.6178379,4.7081614,-1.0272717,-0.13484192,0.9486922,-0.28600794,0
2.3456457,-3.0273395,4.6468887,0.13484192,-0.9486922,0.28600794,0
-1.2194146,-2.4793618,-5.1660647,0.72036421,-0.10433459,-0.68570364,0
-0.59516239,-4.8636074,-0.40961725,0.13484192,-0.9486922,0.28600794,0
-6.0860701,2.6965837,-2.5030403,-0.68036222,-0.29849166,-0.66933542,0
2.4927816,2.0963051,4.0113978,0.68036222,0.29849166,0.66933542,0
4.4318504,1.7748802,2.0534315,0.68036222,0.29849166,0.66933542,0
-3.6933157,0.22162127,-3.842993,-0.68036222,-0.29849166,-0.66933542,0
4.9172134,-1.8997049,0.9668932,0.72036421,-0.10433459,-0.68570364,0
-3.6980519,1.1904366,0.39010644,-0.72036421,0.10433459,0.68570364,0
-2.1717451,-2.4828472,-4.1534214,-0.68036222,-0.29849166,-0.66933542,0
5.739686,-2.3533273,2.5487936,0.68036222,0.29849166,0.66933542,0
2.8192301,-0.63491964,5.0109701,0.68036222,0.29849166,0.66933542,0
-0.39022118,-2.8026025,-4.272675,0.72036421,-0.10433459,-0.68570364,0
4.4935627,3.5624428,-0.1009407,0.72036421,-0.10433459,-0.68570364,0
-0.31047344,-3.3778894,-4.2026339,0.72036421,-0.10433459,-0.68570364,0
5.3274364,-2.1216311,1.4147067,0.72036421,-0.10433459,-0.68570364,0
-2.553091,-5.2083807,-2.5237279,-0.68036222,-0.29849166,-0.66933542,0
5.1421976,1.2806292,0.77639699,0.72036421,-0.10433459,-0.68570364,0
-3.5830059,-1.9867287,-2.9808373,-0.68036222,-0.29849166,-0.66933542,0
-4.6693373,2.5699725,-3.9884565,-0.68036222,-0.29849166,-0.66933542,0
4.9652061,-1.7028732,3.1229537,0.68036222,0.29849166,0.66933542,0
1.7814496,-4.8513975,-1.5128291,0.13484192,-0.9486922,0.28600794,0
0.21378136,4.1248531,-2.1390209,-0.13484192,0.9486922,-0.28600794,0
-0.35780239,2.8934312,-5.1023703,0.72036421,-0.10433459,-0.68570364,0
-1.7429476,-5.6556988,-2.4002771,0.13484192,-0.9486922,0.28600794,0
1.2623718,-4.3872337,0.84559345,0.13484192,-0.9486922,0.28600794,0
-3.4650497,-3.7859006,-2.3165684,-0.68036222,-0.29849166,-0.66933542,0
-0.60279465,4.7365222,0.44032431,-0.13484192,0.9486922,-0.28600794,0
1.9012988,-4.0110388,1.6934705,0.13484192,-0.9486922,0.28600794,0
4.2216525,-1.4166188,0.14854002,0.72036421,-0.10433459,-0.68570364,0
-1.8742409,2.0108078,-6.3905492,-0.68036222,-0.29849166,-0.66933542,0
2.4597163,5.6055508,1.7316127,-0.13484192,0.9486922,-0.28600794,0
3.6060276,4.9639955,-0.89221793,-0.13484192,0.9486922,-0.28600794,0
3.8188486,0.16576052,3.5462198,0.68036222,0.29849166,0.66933542,0
1.2888422,-2.7134528,5.8784981,0.13484192,-0.9486922,0.28600794,0
5.3881845,-1.9516382,1.5666733,0.72036421,-0.10433459,-0.68570364,0
3.7025516,-0.20400596,3.8840156,0.68036222,0.29849166,0.66933542,0
4.3950763,0.87020874,0.23092437,0.72036421,-0.10433459,-0.68570364,0
2.7875252,5.4745703,2.0779173,0.68036222,0.29849166,0.66933542,0
-0.99084949,0.4291057,-5.4542122,0.72036421,-0.10433459,-0.68570364,0
-0.89373159,-2.5738981,3.8879654,-0.72036421,0.10433459,0.68570364,0
1.9134266,-4.7541146,-1.700536,0.72036421,-0.10433459,-0.68570364,0
-0.39161539,4.844173,0.73451209,-0.13484192,0.9486922,-0.28600794,0
2.6760244,-2.4251246,-1.0603137,0.72036421,-0.10433459,-0.68570364,0
0.96512794,-0.24220824,5.4333935,-0.72036421,0.10433459,0.68570364,0
-4.3246222,0.31161427,-3.2584167,-0.68036222,-0.29849166,-0.66933542,0
3.5465422,4.5485311,1.8873276,0.68036222,0.29849166,0.66933542,0
-1.5069265,-4.5153356,1.5446508,0.13484192,-0.9486922,0.28600794,0
2.775362,-1.912293,-1.2757874,0.72036421,-0.10433459,-0.68570364,0
4.7857566,-3.0333247,0.99672151,0.72036421,-0.10433459,-0.68570364,0
-1.517367,-0.93747503,-5.4088383,-0.68036222,-0.29849166,-0.66933542,0
1.9766328,5.1242447,3.062593,0.68036222,0.29849166,0.66933542,0
-4.6947613,-3.6256089,-0.97935152,-0.68036222,-0.29849166,-0.66933542,0
-4.6889544,-0.15353107,-0.64665675,-0.72036421,0.10433459,0.68570364,0
-3.077992,0.90915239,-4.7643514,-0.68036222,-0.29849166,-0.66933542,0
-3.9044065,2.8264184,-4.225069,-0.13484192,0.9486922,-0.28600794,0
1.8156095,-3.8247907,2.1064801,0.13484192,-0.9486922,0.28600794,0
1.8064458,-4.0271015,-1.8240085,0.72036421,-0.10433459,-0.68570364,0
0.98611164,-4.0736375,1.6827159,0.13484192,-0.9486922,0.28600794,0
-1.0403996,-4.3115525,2.1191354,0.13484192,-0.9486922,0.28600794,0
3.8548355,1.8343784,2.7938647,0.68036222,0.29849166,0.66933542,0
-4.6397686,-0.49632597,-0.52182364,-0.72036421,0.10433459,0.68570364,0
-4.4715433,3.623327,-1.6886024,-0.13484192,0.9486922,-0.28600794,0
1.448957,-5.2198319,-2.0188949,0.13484192,-0.9486922,0.28600794,0
1.2695431,1.6006956,5.4642978,0.68036222,0.29849166,0.66933542,0
-1.8559642,-5.7432694,-2.4135203,0.13484192,-0.9486922,0.28600794,0
0.13759756,-1.3286638,-4.0042748,0.72036421,-0.10433459,-0.68570364,0
4.0294223,4.1828399,1.6006111,0.68036222,0.29849166,0.66933542,0
3.5040364,4.9272103,-1.186571,-0.13484192,0.9486922,-0.28600794,0
-5.6629705,2.9878583,-3.0170701,-0.68036222,-0.29849166,-0.66933542,0
3.3073173,5.4764795,0.91916287,-0.13484192,0.9486922,-0.28600794,0
1.6663938,3.1752906,-3.1893647,0.72036421,-0.10433459,-0.68570364,0
1.5029478,2.7122114,4.6905689,0.68036222,0.29849166,0.66933542,0
-2.9992967,-0.97597408,-3.9598608,-0.68036222,-0.29849166,-0.66933542,0
2.5861473,-4.1676426,0.43444705,0.13484192,-0.9486922,0.28600794,0
-0.61999273,-1.722193,-4.6446948,0.72036421,-0.10433459,-0.68570364,0
0.28124189,-3.0335503,5.0749321,-0.72036421,0.10433459,0.68570364,0
-4.3676367,2.6878824,-4.1524668,-0.68036222,-0.29849166,-0.66933542,0
-2.4473169,3.8784688,-1.8519275,-0.13484192,0.9486922,-0.28600794,0
0.21163297,-1.4776071,4.6910024,-0.72036421,0.10433459,0.68570364,0
-2.8119135,-1.4371073,-4.0469356,-0.68036222,-0.29849166,-0.66933542,0
0.65613717,-2.1594315,-3.4113185,0.72036421,-0.10433459,-0.68570364,0
2.5427904,-1.5347252,-1.5346682,0.72036421,-0.10433459,-0.68570364,0
-1.7569318,-1.0150077,-5.2880726,-0.68036222,-0.29849166,-0.66933542,0
-3.4256992,-1.043448,-3.5091696,-0.68036222,-0.29849166,-0.66933542,0
-4.6143789,-4.6560478,0.32569432,-0.72036421,0.10433459,0.68570364,0
4.0946655,0.42041254,3.1758399,0.68036222,0.29849166,0.66933542,0
-2.0021091,2.5014009,-6.2331095,-0.13484192,0.9486922,-0.28600794,0
1.394608,5.4939737,1.7185023,-0.13484192,0.9486922,-0.28600794,0
-3.9811409,-4.0723763,-1.7197434,-0.68036222,-0.29849166,-0.66933542,0
-2.2725229,0.47525522,-5.2231646,-0.68036222,-0.29849166,-0.66933542,0
-2.4317441,-3.3946402,2.2369146,-0.72036421,0.10433459,0.68570364,0
-4.7383614,1.504128,-0.71824408,-0.72036421,0.10433459,0.68570364,0
4.0454416,0.040332079,-0.24278426,0.72036421,-0.10433459,-0.68570364,0
1.4697218,4.0932961,-2.6377196,-0.13484192,0.9486922,-0.28600794,0
1.4365087,5.3653941,1.3778597,-0.13484192,0.9486922,-0.28600794,0
4.1350298,3.2526321,1.7967275,0.68036222,0.29849166,0.66933542,0
-4.0128164,-2.563046,0.52891958,-0.72036421,0.10433459,0.68570364,0
-3.9606853,1.7412496,-4.174118,-0.68036222,-0.29849166,-0.66933542,0
-0.80415785,2.7325437,3.2326875,-0.72036421,0.10433459,0.68570364,0
3.1195378,5.3322306,0.14151049,-0.13484192,0.9486922,-0.28600794,0
-0.026473522,-5.2255096,-1.5397148,0.13484192,-0.9486922,0.28600794,0
-3.7902002,-4.2722363,-1.8301691,-0.68036222,-0.29849166,-0.66933542,0
1.6304965,5.8992419,2.9379015,-0.13484192,0.9486922,-0.28600794,0
3.0663233,5.3394403,0.82163477,-0.13484192,0.9486922,-0.28600794,0
-3.5800693,2.8865509,-4.3120589,-0.13484192,0.9486922,-0.28600794,0
-3.0971642,-5.6920352,-1.3648398,0.13484192,-0.9486922,0.28600794,0
0.63901424,2.8906868,-4.0001235,0.72036421,-0.10433459,-0.68570364,0
-1.9853425,-2.9443011,2.830173,-0.72036421,0.10433459,0.68570364,0
3.6183431,-2.8476863,-0.21597624,0.72036421,-0.10433459,-0.68570364,0
-2.4334657,1.3772089,1.7273895,-0.72036421,0.10433459,0.68570364,0
2.7670593,3.2176228,3.2683287,0.68036222,0.29849166,0.66933542,0
3.1600051,-2.7796829,-0.69314027,0.72036421,-0.10433459,-0.68570364,0
-0.76335526,1.0755435,3.4720857,-0.72036421,0.10433459,0.68570364,0
-3.700223,-4.4703794,-1.587538,-0.68036222,-0.29849166,-0.66933542,0
-3.847065,-0.52673745,-3.334667,-0.68036222,-0.29849166,-0.66933542,0
