0.52807647,-1.2966324,5.1682377,-0.24956933,-0.17047238,0.9532336,0
-4.0337658,-0.44488883,1.3653848,-0.96474308,-0.04119432,-0.25994968,0
-1.4344559,0.91782427,-5.4807882,0.24956933,0.17047238,-0.9532336,0
4.2272272,-1.0434853,-2.3290834,0.96474308,0.04119432,0.25994968,0
-4.4970498,3.575356,3.03544,-0.96474308,-0.04119432,-0.25994968,0
2.4568386,-2.5868313,4.7567534,0.96474308,0.04119432,0.25994968,0
-2.2333283,-5.690062,3.6462827,-0.24956933,-0.17047238,0.9532336,0
4.3074894,3.9256446,-3.0703316,0.96474308,0.04119432,0.25994968,0
-2.2700458,0.0062212944,-4.8949175,-0.96474308,-0.04119432,-0.25994968,0
-0.85587597,-0.8781321,-5.6977472,0.24956933,0.17047238,-0.9532336,0
3.0261846,5.044168,1.3676755,0.96474308,0.04119432,0.25994968,0
-2.2055469,4.162816,5.122982,-0.083582103,0.98450094,0.15418121,0
-3.2538598,0.69483471,-1.8259244,-0.96474308,-0.04119432,-0.25994968,0
2.7672057,5.0972691,1.0763545,-0.083582103,0.98450094,0.15418121,0
-1.3954968,0.029777169,4.9449015,-0.24956933,-0.17047238,0.9532336,0
-4.2858372,2.6135004,2.1200542,-0.96474308,-0.04119432,-0.25994968,0
3.2762814,-3.1298537,1.4585326,0.96474308,0.04119432,0.25994968,0
-2.2216651,-1.6040398,4.358048,-0.24956933,-0.17047238,0.9532336,0
-2.632514,-4.8124566,-2.877486,0.083582103,-0.98450094,-0.15418121,0
3.5200579,-4.0556178,-4.8665953,0.083582103,-0.98450094,-0.15418121,0
3.5092866,-0.94812495,-4.5112143,0.24956933,0.17047238,-0.9532336,0
-4.0675077,3.2071486,0.80697095,-0.96474308,-0.04119432,-0.25994968,0
3.3110285,5.7453232,-2.1213541,-0.083582103,0.98450094,0.15418121,0
4.3444343,-0.011781216,-4.1668801,0.24956933,0.17047238,-0.9532336,0
-4.9661818,3.2857814,4.5267186,-0.24956933,-0.17047238,0.9532336,0
-1.420557,-5.3795934,1.4910257,0.083582103,-0.98450094,-0.15418121,0
-2.417186,-1.9949629,-3.8565578,-0.96474308,-0.04119432,-0.25994968,0
-0.90642262,5.3382778,-2.0273349,-0.083582103,0.98450094,0.15418121,0
-1.7783713,-5.5028305,1.7394576,0.083582103,-0.98450094,-0.15418121,0
1.7001662,-5.3044596,2.6688907,0.083582103,-0.98450094,-0.15418121,0
-3.2965455,2.3580732,-1.6132481,-0.96474308,-0.04119432,-0.25994968,0
0.94673538,0.9996655,5.7277894,-0.24956933,-0.17047238,0.9532336,0
-2.7619004,5.1165161,-3.9737611,-0.96474308,-0.04119432,-0.25994968,0
3.7586648,-3.7339215,0.18614548,0.96474308,0.04119432,0.25994968,0
0.13613987,-4.4182529,-4.7491002,0.083582103,-0.98450094,-0.15418121,0
-2.2556717,4.678792,1.2915329,-0.083582103,0.98450094,0.15418121,0
2.5564055,0.76222229,3.6110525,0.96474308,0.04119432,0.25994968,0
-2.6474719,5.3018756,-2.4901888,-0.083582103,0.98450094,0.15418121,0
2.0672016,2.020607,5.1619544,0.96474308,0.04119432,0.25994968,0
2.6282196,-2.1494188,3.9367716,0.96474308,0.04119432,0.25994968,0
-0.81232929,0.10754919,-5.4544134,0.24956933,0.17047238,-0.9532336,0
4.2599325,5.5060797,-2.9287109,0.96474308,0.04119432,0.25994968,0
-2.7458086,-0.34226853,4.4677715,-0.24956933,-0.17047238,0.9532336,0
-0.050500393,-4.5820956,-3.2340629,0.083582103,-0.98450094,-0.15418121,0
-3.933435,0.92686296,1.0271196,-0.96474308,-0.04119432,-0.25994968,0
-1.3005621,5.0048585,0.28233498,-0.083582103,0.98450094,0.15418121,0
-2.774699,-2.2082188,-2.7842741,-0.96474308,-0.04119432,-0.25994968,0
1.0492611,-4.8463316,4.5723286,-0.24956933,-0.17047238,0.9532336,0
-3.0970526,-0.88523889,-1.5336791,-0.96474308,-0.04119432,-0.25994968,0
1.0697575,4.3690825,5.3627005,-0.083582103,0.98450094,0.15418121,0
3.4213834,-0.0012588501,-4.333374,0.24956933,0.17047238,-0.9532336,0
1.0569184,0.62900138,5.6105795,-0.24956933,-0.17047238,0.9532336,0
-0.090479851,5.087533,0.464293,-0.083582103,0.98450094,0.15418121,0
2.5108871,3.3332608,-3.9694324,0.24956933,0.17047238,-0.9532336,0
-1.3968661,-1.9550849,4.458777,-0.24956933,-0.17047238,0.9532336,0
-3.9341283,2.8944287,0.31224203,-0.96474308,-0.04119432,-0.25994968,0
1.228148,1.9943814,-4.5692096,0.24956933,0.17047238,-0.9532336,0
4.4097915,3.0765014,-3.2662382,0.96474308,0.04119432,0.25994968,0
3.9952464,2.7742238,-2.0207357,0.96474308,0.04119432,0.25994968,0
-4.7853699,4.0254989,3.8036137,-0.96474308,-0.04119432,-0.25994968,0
2.0082817,-5.4501429,2.9227035,0.083582103,-0.98450094,-0.15418121,0
1.1472783,-0.4871279,-5.1338167,0.24956933,0.17047238,-0.9532336,0
-0.7162199,4.6334953,3.0925925,-0.083582103,0.98450094,0.15418121,0
4.5227618,-0.84742379,-3.1075459,0.96474308,0.04119432,0.25994968,0
-2.3276882,-1.1442571,4.3291187,-0.24956933,-0.17047238,0.9532336,0
-1.506165,-5.5135612,2.4059324,0.083582103,-0.98450094,-0.15418121,0
4.6804552,-0.11774778,-3.5990844,0.96474308,0.04119432,0.25994968,0
-3.1546943,3.5786653,-2.0688405,-0.96474308,-0.04119432,-0.25994968,0
3.8401246,-2.3448958,-0.18410444,0.96474308,0.04119432,0.25994968,0
-1.3417966,3.0672383,5.4128294,-0.24956933,-0.17047238,0.9532336,0
-4.2163343,4.1482682,1.7619697,-0.96474308,-0.04119432,-0.25994968,0
-0.89363259,-0.91588485,4.8312187,-0.24956933,-0.17047238,0.9532336,0
2.1537724,5.4756508,-1.0482047,-0.083582103,0.98450094,0.15418121,0
3.1330547,5.3185635,-0.10828948,-0.083582103,0.98450094,0.15418121,0
-1.9676971,-3.4349699,-5.9054337,-0.96474308,-0.04119432,-0.25994968,0
-2.8914456,-5.6784,2.8017459,0.083582103,-0.98450094,-0.15418121,0
1.4744782,5.4503026,-1.4312036,-0.083582103,0.98450094,0.15418121,0
2.0198362,3.1162944,-4.1974082,0.24956933,0.17047238,-0.9532336,0
-2.5713398,-2.5792127,4.1401515,-0.24956933,-0.17047238,0.9532336,0
2.8833148,-5.1051083,2.2220259,0.083582103,-0.98450094,-0.15418121,0
-2.5222938,5.6195164,-4.6760368,-0.96474308,-0.04119432,-0.25994968,0
3.0133071,5.6850872,-3.5178061,0.24956933,0.17047238,-0.9532336,0
3.6528118,2.0635796,-3.9551344,0.24956933,0.17047238,-0.9532336,0
-0.090193868,-2.7576232,4.6811566,-0.24956933,-0.17047238,0.9532336,0
-3.3862982,2.4756355,4.6977487,-0.24956933,-0.17047238,0.9532336,0
4.5136409,1.6359119,-3.6590509,0.96474308,0.04119432,0.25994968,0
-4.6296043,2.7313387,3.3705585,-0.96474308,-0.04119432,-0.25994968,0
-3.7330732,-3.9030104,3.4655395,-0.24956933,-0.17047238,0.9532336,0
-2.3910332,-4.5273218,-3.6052954,-0.96474308,-0.04119432,-0.25994968,0
-2.3854795,-1.2799082,-4.3886681,-0.96474308,-0.04119432,-0.25994968,0
-1.568266,-0.19273329,4.8659115,-0.24956933,-0.17047238,0.9532336,0
2.7181036,3.1826084,3.1491151,0.96474308,0.04119432,0.25994968,0
-3.8999567,4.824861,-0.019362323,-0.083582103,0.98450094,0.15418121,0
4.4711294,-0.67580342,-4.130199,0.24956933,0.17047238,-0.9532336,0
1.8968568,-4.2615623,-4.0273705,0.083582103,-0.98450094,-0.15418121,0
3.873692,1.3633904,-1.4662437,0.96474308,0.04119432,0.25994968,0
2.7969949,0.58045846,-4.3928041,0.24956933,0.17047238,-0.9532336,0
1.7551298,1.1827655,-4.5557733,0.24956933,0.17047238,-0.9532336,0
1.8350089,-3.055299,5.1287894,-0.24956933,-0.17047238,0.9532336,0
-4.617342,3.1338642,3.1976085,-0.96474308,-0.04119432,-0.25994968,0
1.6052637,-3.7958128,-5.4892015,0.24956933,0.17047238,-0.9532336,0
-2.1867678,3.5579519,-5.118547,0.24956933,0.17047238,-0.9532336,0
0.49413729,-3.9935505,-5.7801561,0.24956933,0.17047238,-0.9532336,0
-2.0278215,0.53175688,-5.6933579,0.24956933,0.17047238,-0.9532336,0
-2.3843415,0.62033123,4.8105273,-0.24956933,-0.17047238,0.9532336,0
-0.080082893,-5.5444241,3.3979821,0.083582103,-0.98450094,-0.15418121,0
-0.14709139,-5.2958717,1.2640288,0.083582103,-0.98450094,-0.15418121,0
2.3016295,-2.367465,4.9913855,0.96474308,0.04119432,0.25994968,0
2.8114905,0.59875542,-4.4263597,0.24956933,0.17047238,-0.9532336,0
-1.6634188,-1.13656,-5.8152547,0.24956933,0.17047238,-0.9532336,0
-2.6943717,-3.9876692,-2.4913838,-0.96474308,-0.04119432,-0.25994968,0
-0.95611686,-2.0806623,4.6531668,-0.24956933,-0.17047238,0.9532336,0
-4.1666002,4.0233765,4.4364252,-0.083582103,0.98450094,0.15418121,0
-0.61609507,-5.2443237,4.1051764,-0.24956933,-0.17047238,0.9532336,0
2.3125176,-2.0508721,-5.0368123,0.24956933,0.17047238,-0.9532336,0
3.6281705,-1.391824,0.038461685,0.96474308,0.04119432,0.25994968,0
3.0880389,-4.1565866,2.7791693,0.96474308,0.04119432,0.25994968,0
-3.5692801,-3.9493015,0.50112534,-0.96474308,-0.04119432,-0.25994968,0
-3.1334124,-1.8075423,-1.364539,-0.96474308,-0.04119432,-0.25994968,0
4.3958654,1.3556676,-3.1512127,0.96474308,0.04119432,0.25994968,0
3.1983175,-3.3773496,-5.1156278,0.24956933,0.17047238,-0.9532336,0
-3.599988,-3.547081,3.7236671,-0.24956933,-0.17047238,0.9532336,0
-3.3473215,-5.6530185,2.5008588,0.083582103,-0.98450094,-0.15418121,0
3.5502374,2.2048364,-3.900888,0.24956933,0.17047238,-0.9532336,0
1.8761816,-4.2219949,-4.0222678,0.083582103,-0.98450094,-0.15418121,0
3.0684307,-0.24618769,1.7494481,0.96474308,0.04119432,0.25994968,0
2.411767,-5.671896,4.5635457,0.083582103,-0.98450094,-0.15418121,0
1.7091398,4.4117031,5.5371876,-0.083582103,0.98450094,0.15418121,0
-1.3833013,-5.6364961,2.3811221,0.083582103,-0.98450094,-0.15418121,0
-3.7251434,-5.652813,2.1749196,0.083582103,-0.98450094,-0.15418121,0
3.0845697,-4.3894105,2.3745217,0.96474308,0.04119432,0.25994968,0
2.9657044,-3.5697665,-5.1349835,0.24956933,0.17047238,-0.9532336,0
-2.7933588,3.8596714,5.1572008,-0.24956933,-0.17047238,0.9532336,0
0.038901806,-5.1068354,4.4277601,-0.24956933,-0.17047238,0.9532336,0
1.9302778,4.3764491,5.877214,-0.083582103,0.98450094,0.15418121,0
1.3728155,-2.2653441,5.2913728,-0.24956933,-0.17047238,0.9532336,0
-4.0459461,3.9555657,4.5755949,-0.083582103,0.98450094,0.15418121,0
-3.8659005,-2.0631247,3.9369307,-0.24956933,-0.17047238,0.9532336,0
1.4378678,-0.43931699,5.468276,-0.24956933,-0.17047238,0.9532336,0
-3.9779665,3.4325171,4.7226868,-0.24956933,-0.17047238,0.9532336,0
-3.307271,2.2338319,-1.5705693,-0.96474308,-0.04119432,-0.25994968,0
2.4040511,-5.5135159,3.7177763,0.083582103,-0.98450094,-0.15418121,0
4.170722,2.6826811,-2.3832264,0.96474308,0.04119432,0.25994968,0
3.2726302,2.3825293,0.96489596,0.96474308,0.04119432,0.25994968,0
-1.0395012,-3.3958716,4.3016176,-0.24956933,-0.17047238,0.9532336,0
-1.8705854,-5.610672,2.9007406,0.083582103,-0.98450094,-0.15418121,0
-0.25712609,4.3851719,-4.5345526,0.24956933,0.17047238,-0.9532336,0
4.3402681,-0.16654134,-2.360419,0.96474308,0.04119432,0.25994968,0
1.2831185,-3.0409343,-5.3487711,0.24956933,0.17047238,-0.9532336,0
-2.8807461,1.3668599,-3.3255455,-0.96474308,-0.04119432,-0.25994968,0
0.76463974,1.6559855,-4.8421798,0.24956933,0.17047238,-0.9532336,0
-3.9074869,4.1530194,4.0092592,-0.083582103,0.98450094,0.15418121,0
0.29411006,5.1689811,-4.2963157,0.24956933,0.17047238,-0.9532336,0
3.5965509,2.0096598,-0.22838831,0.96474308,0.04119432,0.25994968,0
-2.9344249,3.4397252,-3.0083759,-0.96474308,-0.04119432,-0.25994968,0
3.6269295,2.5901344,-3.8659468,0.24956933,0.17047238,-0.9532336,0
2.7301874,5.0713925,1.237817,-0.083582103,0.98450094,0.15418121,0
-4.3414087,1.5612334,4.3704705,-0.24956933,-0.17047238,0.9532336,0
-2.0774767,5.4795861,-3.947587,-0.083582103,0.98450094,0.15418121,0
0.720994,-3.091207,-5.7137489,0.24956933,0.17047238,-0.9532336,0
1.3892422,-5.1828909,1.1910577,0.083582103,-0.98450094,-0.15418121,0
-0.55076313,5.2557573,-1.9011698,-0.083582103,0.98450094,0.15418121,0
2.7687492,4.2400894,2.6196659,0.96474308,0.04119432,0.25994968,0
-0.44198132,4.5861416,3.3750455,-0.083582103,0.98450094,0.15418121,0
1.8361707,5.1266513,1.0366926,-0.083582103,0.98450094,0.15418121,0
-4.2192245,-1.7053854,3.7437449,-0.24956933,-0.17047238,0.9532336,0
-1.5487279,-1.5852681,4.4721785,-0.24956933,-0.17047238,0.9532336,0
4.1913519,4.162694,-2.9862614,0.96474308,0.04119432,0.25994968,0
4.3221626,-4.2786283,-2.3249373,0.083582103,-0.98450094,-0.15418121,0
4.3016515,-1.5134853,-4.3041973,0.24956933,0.17047238,-0.9532336,0
-0.13473058,3.5136368,-4.7392797,0.24956933,0.17047238,-0.9532336,0
2.7459841,5.0763345,1.549621,-0.083582103,0.98450094,0.15418121,0
1.1038744,1.6176424,5.7351375,-0.24956933,-0.17047238,0.9532336,0
-2.1448805,-1.9497089,-5.5189338,-0.96474308,-0.04119432,-0.25994968,0
4.57442,-1.3556637,-2.952116,0.96474308,0.04119432,0.25994968,0
3.8917685,5.4108119,-3.3308969,0.24956933,0.17047238,-0.9532336,0
-1.4967389,-4.3683233,-5.3633523,0.083582103,-0.98450094,-0.15418121,0
0.81252337,-3.4055362,4.9371724,-0.24956933,-0.17047238,0.9532336,0
-0.36237717,-4.3915672,-4.5094194,0.083582103,-0.98450094,-0.15418121,0
-0.10880852,4.9244313,1.0318711,-0.083582103,0.98450094,0.15418121,0
1.789444,5.1992068,0.40844762,-0.083582103,0.98450094,0.15418121,0
-1.8052167,0.94561177,4.8468804,-0.24956933,-0.17047238,0.9532336,0
2.277564,-4.4434996,-2.5378723,0.083582103,-0.98450094,-0.15418121,0
-1.8430693,0.5232228,4.8091841,-0.24956933,-0.17047238,0.9532336,0
-4.3633132,0.68151402,2.4066813,-0.96474308,-0.04119432,-0.25994968,0
2.1667295,3.9789715,4.8772235,0.96474308,0.04119432,0.25994968,0
-3.1966238,-1.7041602,4.0757418,-0.24956933,-0.17047238,0.9532336,0
4.5294857,-0.99356294,-3.5529399,0.96474308,0.04119432,0.25994968,0
3.4047663,2.5349579,-3.999289,0.24956933,0.17047238,-0.9532336,0
-0.20898622,-0.85938191,5.1187382,-0.24956933,-0.17047238,0.9532336,0
-3.2935724,-5.6782589,1.6816616,0.083582103,-0.98450094,-0.15418121,0
-2.5951755,4.3254323,3.9960742,-0.083582103,0.98450094,0.15418121,0
2.9598384,3.7414215,1.8568176,0.96474308,0.04119432,0.25994968,0
-2.8726964,-3.5305037,3.9022889,-0.24956933,-0.17047238,0.9532336,0
3.2874985,5.5075588,-1.4334073,-0.083582103,0.98450094,0.15418121,0
-0.030755043,2.2618852,-4.7805543,0.24956933,0.17047238,-0.9532336,0
4.1879053,1.8298495,-2.3122673,0.96474308,0.04119432,0.25994968,0
2.8090467,4.0131669,2.2433662,0.96474308,0.04119432,0.25994968,0
3.5406551,4.3874259,-0.50749588,0.96474308,0.04119432,0.25994968,0
-0.25772715,2.031961,5.6327944,-0.24956933,-0.17047238,0.9532336,0
3.2631514,-4.9827433,0.77423716,0.083582103,-0.98450094,-0.15418121,0
-1.4565334,-3.1262403,-6.158349,0.24956933,0.17047238,-0.9532336,0
1.2643183,3.0807714,-4.2962008,0.24956933,0.17047238,-0.9532336,0
0.51719511,-3.5774488,4.6428752,-0.24956933,-0.17047238,0.9532336,0
0.88842261,-1.738948,5.2167015,-0.24956933,-0.17047238,0.9532336,0
2.8080316,-5.060843,1.6910422,0.083582103,-0.98450094,-0.15418121,0
3.3667591,-3.3689733,1.3783121,0.96474308,0.04119432,0.25994968,0
3.3330271,-2.8644495,1.6898235,0.96474308,0.04119432,0.25994968,0
3.6561797,-2.8175774,0.71849877,0.96474308,0.04119432,0.25994968,0
-1.2567906,4.2916331,4.6775732,-0.083582103,0.98450094,0.15418121,0
1.1459517,4.3461647,4.8731174,-0.083582103,0.98450094,0.15418121,0
4.0793505,3.0193989,-1.8013611,0.96474308,0.04119432,0.25994968,0
-4.2717471,2.5352755,1.7432981,-0.96474308,-0.04119432,-0.25994968,0
2.0450821,-0.29604033,-4.7418137,0.24956933,0.17047238,-0.9532336,0
-2.110621,-2.344254,-4.8917632,-0.96474308,-0.04119432,-0.25994968,0
-1.0828118,4.6379395,2.643213,-0.083582103,0.98450094,0.15418121,0
4.7253847,-1.1638098,-3.8534284,0.96474308,0.04119432,0.25994968,0
0.51969957,1.1160827,5.6799994,-0.24956933,-0.17047238,0.9532336,0
1.274107,-4.695796,-2.0499339,0.083582103,-0.98450094,-0.15418121,0
2.5850675,-2.175549,4.0802412,0.96474308,0.04119432,0.25994968,0
3.9510789,-1.7634417,-1.2322276,0.96474308,0.04119432,0.25994968,0
-3.0324202,4.5085969,-2.5974176,-0.96474308,-0.04119432,-0.25994968,0
0.054264069,-4.912178,-0.87795663,0.083582103,-0.98450094,-0.15418121,0
-0.77694064,-2.2418969,4.6945896,-0.24956933,-0.17047238,0.9532336,0
4.4512272,0.80023098,-3.193541,0.96474308,0.04119432,0.25994968,0
-2.0113676,4.5857916,2.1464093,-0.083582103,0.98450094,0.15418121,0
-3.999907,1.3548908,1.1869016,-0.96474308,-0.04119432,-0.25994968,0
-1.5618536,-0.76910686,-5.7412567,0.24956933,0.17047238,-0.9532336,0
4.3316879,1.5429623,-2.8464298,0.96474308,0.04119432,0.25994968,0
-2.4613469,5.2791276,-2.7527797,-0.083582103,0.98450094,0.15418121,0
3.5111027,-4.0265236,-4.8644614,0.083582103,-0.98450094,-0.15418121,0
2.8416448,-4.7987251,0.2910254,0.083582103,-0.98450094,-0.15418121,0
-1.5699811,-4.8804822,-2.0116277,0.083582103,-0.98450094,-0.15418121,0
-4.3030539,-3.4857869,3.2964592,-0.96474308,-0.04119432,-0.25994968,0
2.1460907,-2.7862244,-5.2649684,0.24956933,0.17047238,-0.9532336,0
1.5949125,-2.6558688,5.1332603,-0.24956933,-0.17047238,0.9532336,0
4.8348088,-4.0973368,-3.5079911,0.96474308,0.04119432,0.25994968,0
2.2631743,-1.0256388,4.8636866,0.96474308,0.04119432,0.25994968,0
-1.1409431,5.0161905,-0.42375398,-0.083582103,0.98450094,0.15418121,0
2.4841814,5.2614474,0.0757339,-0.083582103,0.98450094,0.15418121,0
-3.2195251,-3.6148472,3.8525858,-0.24956933,-0.17047238,0.9532336,0
2.5007691,-3.9745347,4.891221,0.96474308,0.04119432,0.25994968,0
-1.7953911,-4.7510614,-3.1509199,0.083582103,-0.98450094,-0.15418121,0
-0.49173403,-5.3850808,1.0477903,0.083582103,-0.98450094,-0.15418121,0
-3.1894691,1.2074618,-2.1799605,-0.96474308,-0.04119432,-0.25994968,0
0.81017148,-0.20060945,5.328516,-0.24956933,-0.17047238,0.9532336,0
1.8464808,-4.4053063,-3.2314639,0.083582103,-0.98450094,-0.15418121,0
1.9583673,3.151927,5.5491934,0.96474308,0.04119432,0.25994968,0
2.5615621,5.2213697,0.89647233,-0.083582103,0.98450094,0.15418121,0
2.8968945,-3.9948952,3.5038707,0.96474308,0.04119432,0.25994968,0
0.9591887,-2.5395823,-5.4758434,0.24956933,0.17047238,-0.9532336,0
4.7029924,-0.39409482,-4.1153927,0.24956933,0.17047238,-0.9532336,0
-2.6377428,-1.2600589,-3.7735929,-0.96474308,-0.04119432,-0.25994968,0
-1.3341088,-4.9044871,-1.8808777,0.083582103,-0.98450094,-0.15418121,0
-0.50704336,-4.9277949,-1.2382925,0.083582103,-0.98450094,-0.15418121,0
-1.3775935,-4.6759233,-2.9825377,0.083582103,-0.98450094,-0.15418121,0
-3.078876,-2.8289526,-1.5906942,-0.96474308,-0.04119432,-0.25994968,0
-0.46280384,4.5628486,3.2880542,-0.083582103,0.98450094,0.15418121,0
4.2479262,2.1720724,-2.957129,0.96474308,0.04119432,0.25994968,0
3.1653025,2.8622544,1.0880816,0.96474308,0.04119432,0.25994968,0
0.89137769,-5.225656,0.80929804,0.083582103,-0.98450094,-0.15418121,0
1.6574759,-4.1219296,-5.0601411,0.083582103,-0.98450094,-0.15418121,0
-1.4211307,-4.3619761,-5.0264931,0.083582103,-0.98450094,-0.15418121,0
-3.4072616,5.0289011,-1.4914538,-0.96474308,-0.04119432,-0.25994968,0
1.4083376,5.3996038,-1.5529857,-0.083582103,0.98450094,0.15418121,0
-4.0267172,2.6478095,4.6660919,-0.24956933,-0.17047238,0.9532336,0
-1.7650905,-3.9355803,-6.1717486,-0.96474308,-0.04119432,-0.25994968,0
2.6157365,2.5776801,-4.0997143,0.24956933,0.17047238,-0.9532336,0
-3.6772182,4.703196,-0.2369,-0.083582103,0.98450094,0.15418121,0
1.08831,-0.64786863,5.3121743,-0.24956933,-0.17047238,0.9532336,0
-0.96105194,4.241919,4.5665259,-0.083582103,0.98450094,0.15418121,0
-2.8186274,-5.4981146,1.5781751,0.083582103,-0.98450094,-0.15418121,0
-1.7082748,5.3997965,-3.3677735,-0.083582103,0.98450094,0.15418121,0
-1.0982566,1.5633682,5.1809759,-0.24956933,-0.17047238,0.9532336,0
-2.0303617,-5.468595,0.98073649,0.083582103,-0.98450094,-0.15418121,0
4.7727294,-3.3852973,-3.8050323,0.96474308,0.04119432,0.25994968,0
-3.3554235,-3.977859,3.6667347,-0.24956933,-0.17047238,0.9532336,0
2.8759472,0.78353006,-4.2812748,0.24956933,0.17047238,-0.9532336,0
-0.53835195,-1.9633758,4.7200813,-0.24956933,-0.17047238,0.9532336,0
2.2828379,4.9152575,2.0442934,-0.083582103,0.98450094,0.15418121,0
-0.95212084,-2.6030402,4.615973,-0.24956933,-0.17047238,0.9532336,0
4.6977758,-1.6728991,-3.3790698,0.96474308,0.04119432,0.25994968,0
-0.17491436,-5.1095533,4.2433515,-0.24956933,-0.17047238,0.9532336,0
0.30486727,-4.2478471,4.5161366,-0.24956933,-0.17047238,0.9532336,0
-0.4675231,-3.3961227,-6.0146689,0.24956933,0.17047238,-0.9532336,0
-2.5104866,4.6913605,1.3951031,-0.083582103,0.98450094,0.15418121,0
-0.036771297,-2.6781447,-5.7979364,0.24956933,0.17047238,-0.9532336,0
-0.77606893,5.1805434,-4.501905,0.24956933,0.17047238,-0.9532336,0
-0.20317602,4.5461488,3.1990931,-0.083582103,0.98450094,0.15418121,0
-0.25238636,2.2803311,-4.8635545,0.24956933,0.17047238,-0.9532336,0
-4.5451603,-0.09386611,3.2577405,-0.96474308,-0.04119432,-0.25994968,0
-0.70741844,4.7984266,-4.5669827,0.24956933,0.17047238,-0.9532336,0
3.5251205,-0.040154219,0.71309626,0.96474308,0.04119432,0.25994968,0
3.2387724,1.9269946,0.82866085,0.96474308,0.04119432,0.25994968,0
-3.7585847,2.5938482,0.2133615,-0.96474308,-0.04119432,-0.25994968,0
2.1563439,4.9100423,1.6744102,-0.083582103,0.98450094,0.15418121,0
-3.9346254,0.0023405552,1.2686813,-0.96474308,-0.04119432,-0.25994968,0
-4.6179442,3.9920609,3.081136,-0.96474308,-0.04119432,-0.25994968,0
0.58338177,3.0217538,-4.5474091,0.24956933,0.17047238,-0.9532336,0
2.5352468,-4.6092048,-2.007369,0.083582103,-0.98450094,-0.15418121,0
-2.6203821,4.2546053,4.0539966,-0.083582103,0.98450094,0.15418121,0
1.7432413,-4.3618588,-4.032073,0.083582103,-0.98450094,-0.15418121,0
2.8291125,5.2380714,-3.6009898,0.24956933,0.17047238,-0.9532336,0
1.5778522,5.7191458,-3.1413202,-0.083582103,0.98450094,0.15418121,0
1.1881776,-4.0403028,-5.6292801,0.24956933,0.17047238,-0.9532336,0
-4.4591975,-2.3369071,3.0883536,-0.96474308,-0.04119432,-0.25994968,0
2.4666991,-0.67760515,4.5590286,0.96474308,0.04119432,0.25994968,0
-3.8617311,-3.2168427,1.472393,-0.96474308,-0.04119432,-0.25994968,0
0.58755517,1.7969635,5.6513004,-0.24956933,-0.17047238,0.9532336,0
0.85826254,-4.4574633,-3.9784253,0.083582103,-0.98450094,-0.15418121,0
2.9573369,-2.7450473,2.9446383,0.96474308,0.04119432,0.25994968,0
0.24660063,-4.4846258,-3.1199415,0.083582103,-0.98450094,-0.15418121,0
-0.63973188,-4.4590321,-4.2079329,0.083582103,-0.98450094,-0.15418121,0
-0.92753649,1.9151583,5.4325113,-0.24956933,-0.17047238,0.9532336,0
0.70404291,-4.585577,-2.2545657,0.083582103,-0.98450094,-0.15418121,0
-0.34589243,-4.9676747,-1.5029554,0.083582103,-0.98450094,-0.15418121,0
0.53458261,-2.9257061,-5.5730524,0.24956933,0.17047238,-0.9532336,0
0.5166235,4.1189461,6.0204673,-0.083582103,0.98450094,0.15418121,0
-2.2215123,-5.1617374,-0.562971,0.083582103,-0.98450094,-0.15418121,0
3.7497373,0.065040231,-4.2560592,0.24956933,0.17047238,-0.9532336,0
2.4111898,0.32044125,4.5527315,0.96474308,0.04119432,0.25994968,0
-3.9985237,-1.7055707,3.815237,-0.24956933,-0.17047238,0.9532336,0
1.8310575,-0.68636131,5.5694685,-0.24956933,-0.17047238,0.9532336,0
1.8580091,-4.728518,-0.61319989,0.083582103,-0.98450094,-0.15418121,0
1.4507785,4.8244572,2.0486574,-0.083582103,0.98450094,0.15418121,0
3.2955065,2.2651701,0.63931489,0.96474308,0.04119432,0.25994968,0
0.96260351,2.3457026,-4.4759064,0.24956933,0.17047238,-0.9532336,0
-1.0551488,-5.173511,3.9747229,-0.24956933,-0.17047238,0.9532336,0
1.8503063,-5.5580511,4.6683755,-0.24956933,-0.17047238,0.9532336,0
2.3246112,-2.2982996,5.2487936,0.96474308,0.04119432,0.25994968,0
-2.7138765,-2.1815681,-2.7965078,-0.96474308,-0.04119432,-0.25994968,0
4.3839555,-1.0049696,-2.3160212,0.96474308,0.04119432,0.25994968,0
0.042053223,0.69516659,5.3471651,-0.24956933,-0.17047238,0.9532336,0
0.44325972,-0.79744291,-5.3067188,0.24956933,0.17047238,-0.9532336,0
0.0087022781,-5.163178,0.85348415,0.083582103,-0.98450094,-0.15418121,0
3.0818062,3.4458854,1.3886573,0.96474308,0.04119432,0.25994968,0
3.2616732,-5.0775957,1.6643885,0.083582103,-0.98450094,-0.15418121,0
-2.1276228,5.31879,-2.303225,-0.083582103,0.98450094,0.15418121,0
4.1005168,-0.2703439,-4.1724234,0.24956933,0.17047238,-0.9532336,0
-3.3295109,1.1742309,4.6786103,-0.24956933,-0.17047238,0.9532336,0
1.1068602,4.4918871,3.9977088,-0.083582103,0.98450094,0.15418121,0
-3.8344989,1.7360382,4.4982162,-0.24956933,-0.17047238,0.9532336,0
-2.9791396,-2.1515861,-2.3894958,-0.96474308,-0.04119432,-0.25994968,0
-2.1468649,4.9446106,-0.2972852,-0.083582103,0.98450094,0.15418121,0
1.4297781,-4.2738762,-4.418416,0.083582103,-0.98450094,-0.15418121,0
1.5807781,5.1010962,0.31789017,-0.083582103,0.98450094,0.15418121,0
-3.8991904,-0.19057107,1.2295117,-0.96474308,-0.04119432,-0.25994968,0
-0.80201119,1.2926801,-5.2705231,0.24956933,0.17047238,-0.9532336,0
-1.3831673,-4.9497743,-1.3616627,0.083582103,-0.98450094,-0.15418121,0
-0.17995596,3.7262111,5.913784,-0.24956933,-0.17047238,0.9532336,0
-1.7413597,2.3682303,5.2039633,-0.24956933,-0.17047238,0.9532336,0
-2.3329108,4.1059742,5.3120914,-0.083582103,0.98450094,0.15418121,0
-2.7041318,0.77543831,4.7621164,-0.24956933,-0.17047238,0.9532336,0
-2.0571899,-4.0581594,-5.0325584,-0.96474308,-0.04119432,-0.25994968,0
1.4562111,-5.3820801,2.8341398,0.083582103,-0.98450094,-0.15418121,0
1.923759,5.7492723,-2.8520961,-0.083582103,0.98450094,0.15418121,0
1.0121117,4.7148008,-4.1555953,0.24956933,0.17047238,-0.9532336,0
-4.0625772,-2.2804108,3.8563533,-0.24956933,-0.17047238,0.9532336,0
-1.155313,-5.714807,3.2134447,0.083582103,-0.98450094,-0.15418121,0
0.14982152,5.3474655,-4.2854629,0.24956933,0.17047238,-0.9532336,0
-2.3277402,4.3103995,-5.0129452,0.24956933,0.17047238,-0.9532336,0
-4.3840861,3.7158837,1.9621596,-0.96474308,-0.04119432,-0.25994968,0
0.98758054,-4.1704664,4.6641765,-0.24956933,-0.17047238,0.9532336,0
1.4329429,-4.9049768,-0.58256322,0.083582103,-0.98450094,-0.15418121,0
-0.57011557,-4.2431679,4.2564936,-0.24956933,-0.17047238,0.9532336,0
2.1111081,-1.0907328,5.6348038,-0.24956933,-0.17047238,0.9532336,0
-3.4520731,-2.1603673,-0.45665026,-0.96474308,-0.04119432,-0.25994968,0
2.1580951,1.5994468,4.9715614,0.96474308,0.04119432,0.25994968,0
1.893297,0.14067364,5.8565631,-0.24956933,-0.17047238,0.9532336,0
3.5794497,-4.1898575,-4.1937294,0.083582103,-0.98450094,-0.15418121,0
1.1099119,4.5757933,3.483917,-0.083582103,0.98450094,0.15418121,0
2.7916455,-5.4013834,3.5382664,0.083582103,-0.98450094,-0.15418121,0
-4.6918445,3.0112724,3.3481467,-0.96474308,-0.04119432,-0.25994968,0
2.7245357,3.1540651,3.1030152,0.96474308,0.04119432,0.25994968,0
0.10248518,-4.7612143,-2.0599353,0.083582103,-0.98450094,-0.15418121,0
-2.6731999,2.1880438,5.004828,-0.24956933,-0.17047238,0.9532336,0
1.9079709,4.5980172,4.5479846,-0.083582103,0.98450094,0.15418121,0
2.1871872,0.93576384,5.398901,0.96474308,0.04119432,0.25994968,0
4.5544963,-2.0886724,-3.0151942,0.96474308,0.04119432,0.25994968,0
-0.13762546,5.4024363,-4.228467,0.24956933,0.17047238,-0.9532336,0
0.63050175,-4.7694187,4.6188011,-0.24956933,-0.17047238,0.9532336,0
2.7376146,-0.37802863,3.2406361,0.96474308,0.04119432,0.25994968,0
-4.1387568,-2.1915653,2.065681,-0.96474308,-0.04119432,-0.25994968,0
-2.6016674,4.3588295,3.2524607,-0.083582103,0.98450094,0.15418121,0
0.78984046,-2.1623225,-5.3653016,0.24956933,0.17047238,-0.9532336,0
1.7390575,4.4078093,5.2311878,-0.083582103,0.98450094,0.15418121,0
0.53996038,4.2432842,5.0424967,-0.083582103,0.98450094,0.15418121,0
-0.31577897,-4.8664479,4.3693147,-0.24956933,-0.17047238,0.9532336,0
2.3724096,-4.2596464,-3.983108,0.083582103,-0.98450094,-0.15418121,0
-0.3397792,2.8763485,-4.9048071,0.24956933,0.17047238,-0.9532336,0
-4.0579219,-2.3777347,3.7601891,-0.24956933,-0.17047238,0.9532336,0
-2.5900235,-3.2855315,-3.5639944,-0.96474308,-0.04119432,-0.25994968,0
-2.8081517,-0.53550863,-2.9535613,-0.96474308,-0.04119432,-0.25994968,0
-0.49348021,-2.5327082,-5.8465276,0.24956933,0.17047238,-0.9532336,0
-1.2704413,1.0791872,-5.3431778,0.24956933,0.17047238,-0.9532336,0
-2.0831571,4.4913735,-4.9035358,0.24956933,0.17047238,-0.9532336,0
4.7716088,-2.237937,-3.9426565,0.96474308,0.04119432,0.25994968,0
-0.47624397,3.4458077,5.6706123,-0.24956933,-0.17047238,0.9532336,0
3.8084254,-4.5349684,-1.2093419,0.083582103,-0.98450094,-0.15418121,0
-0.75294697,-3.3081703,4.4250398,-0.24956933,-0.17047238,0.9532336,0
4.3080416,-1.1991893,-1.9986339,0.96474308,0.04119432,0.25994968,0
4.3619857,-3.5031455,-2.1643946,0.96474308,0.04119432,0.25994968,0
2.09882,-2.6866283,-5.1541829,0.24956933,0.17047238,-0.9532336,0
3.120244,0.10682535,1.6094363,0.96474308,0.04119432,0.25994968,0
4.0738049,-1.6550142,-4.4490633,0.24956933,0.17047238,-0.9532336,0
2.4066734,-2.6077409,4.7373428,0.96474308,0.04119432,0.25994968,0
-4.3974395,4.0993338,4.2119656,-0.083582103,0.98450094,0.15418121,0
-0.26723385,-5.1637993,4.2805076,-0.24956933,-0.17047238,0.9532336,0
3.9065216,4.2837405,-1.9342856,0.96474308,0.04119432,0.25994968,0
1.435163,1.4721642,-4.5112305,0.24956933,0.17047238,-0.9532336,0
-2.9614425,1.9161808,-3.0597548,-0.96474308,-0.04119432,-0.25994968,0
-1.1075735,0.60706401,5.0604954,-0.24956933,-0.17047238,0.9532336,0
1.3936238,4.2964983,-4.1271577,0.24956933,0.17047238,-0.9532336,0
3.9111283,0.80178499,-1.0011063,0.96474308,0.04119432,0.25994968,0
4.3618793,1.6389723,-3.1362967,0.96474308,0.04119432,0.25994968,0
1.5209947,5.6226397,-2.0508833,-0.083582103,0.98450094,0.15418121,0
-3.6308813,-5.7355494,2.850122,0.083582103,-0.98450094,-0.15418121,0
-3.1080685,1.0232617,4.5355182,-0.24956933,-0.17047238,0.9532336,0
-0.25238657,4.74753,2.2884688,-0.083582103,0.98450094,0.15418121,0
0.65253687,-5.6574039,3.8010497,0.083582103,-0.98450094,-0.15418121,0
-4.201951,-4.0227976,2.4820075,-0.96474308,-0.04119432,-0.25994968,0
1.5630734,-0.090290785,5.5521641,-0.24956933,-0.17047238,0.9532336,0
2.9427023,-5.0690942,2.9870274,0.96474308,0.04119432,0.25994968,0
-2.6717308,0.18631029,-3.794596,-0.96474308,-0.04119432,-0.25994968,0
-2.0056069,-1.1637986,4.582561,-0.24956933,-0.17047238,0.9532336,0
4.5831056,1.7690337,-3.76934,0.96474308,0.04119432,0.25994968,0
2.5030313,3.4994571,3.3312163,0.96474308,0.04119432,0.25994968,0
-3.0215492,1.7287788,4.7210407,-0.24956933,-0.17047238,0.9532336,0
2.5014699,1.0168486,3.8513174,0.96474308,0.04119432,0.25994968,0
-1.3886797,-2.7756987,4.3291101,-0.24956933,-0.17047238,0.9532336,0
0.93219119,-0.87957597,5.3090119,-0.24956933,-0.17047238,0.9532336,0
1.47892,-4.523067,-2.9903033,0.083582103,-0.98450094,-0.15418121,0
-2.5007153,-0.32985353,-4.3791461,-0.96474308,-0.04119432,-0.25994968,0
0.10187006,5.1453066,0.15250862,-0.083582103,0.98450094,0.15418121,0
0.91978216,-4.1292958,-5.7472935,0.083582103,-0.98450094,-0.15418121,0
-0.0096888542,-5.3743224,1.7628238,0.083582103,-0.98450094,-0.15418121,0
-4.468358,0.10396314,3.4267097,-0.96474308,-0.04119432,-0.25994968,0
-4.171999,-0.82107401,2.0035665,-0.96474308,-0.04119432,-0.25994968,0
1.5087754,0.28034323,-4.7627082,0.24956933,0.17047238,-0.9532336,0
-3.8234653,-3.5451097,3.531137,-0.24956933,-0.17047238,0.9532336,0
2.4733677,-2.1906462,-4.9603624,0.24956933,0.17047238,-0.9532336,0
-0.51466227,5.3982277,-1.8799632,-0.083582103,0.98450094,0.15418121,0
-0.5602479,2.8772023,5.71035,-0.24956933,-0.17047238,0.9532336,0
2.0977879,5.1911979,0.46800995,-0.083582103,0.98450094,0.15418121,0
-4.2153482,-4.8617158,3.0268893,-0.96474308,-0.04119432,-0.25994968,0
-1.8780289,4.3659854,2.9631214,-0.083582103,0.98450094,0.15418121,0
2.6887503,3.9218459,-3.9044223,0.24956933,0.17047238,-0.9532336,0
3.9467895,-4.0461769,-4.1033497,0.083582103,-0.98450094,-0.15418121,0
-2.4111607,2.771136,5.2144184,-0.24956933,-0.17047238,0.9532336,0
1.5406547,5.696003,-2.6589026,-0.083582103,0.98450094,0.15418121,0
-2.2181184,-0.95926666,-5.1478262,-0.96474308,-0.04119432,-0.25994968,0
-3.7784946,-4.4573956,0.92629766,-0.96474308,-0.04119432,-0.25994968,0
-0.061745644,-2.3772473,-5.764039,0.24956933,0.17047238,-0.9532336,0
2.9155447,-4.0393481,-5.0965762,0.083582103,-0.98450094,-0.15418121,0
-4.3584881,0.81032419,4.3532991,-0.24956933,-0.17047238,0.9532336,0
-3.4515364,4.4359832,-1.6521156,-0.96474308,-0.04119432,-0.25994968,0
-4.3579545,0.54191637,2.9426727,-0.96474308,-0.04119432,-0.25994968,0
0.67968273,-4.2256761,-4.7873669,0.083582103,-0.98450094,-0.15418121,0
3.2264314,-3.8292387,-5.0756803,0.24956933,0.17047238,-0.9532336,0
-3.0781717,4.6916595,-2.7660029,-0.96474308,-0.04119432,-0.25994968,0
2.5429704,2.8302903,3.314369,0.96474308,0.04119432,0.25994968,0
1.0077071,0.58307588,-4.9037571,0.24956933,0.17047238,-0.9532336,0
-3.5713935,-5.2266307,0.81452322,-0.96474308,-0.04119432,-0.25994968,0
0.71945405,-5.2597589,1.1114712,0.083582103,-0.98450094,-0.15418121,0
-4.1854539,1.8161793,4.5025039,-0.24956933,-0.17047238,0.9532336,0
0.47940254,-4.8464746,-1.3629819,0.083582103,-0.98450094,-0.15418121,0
-1.8824887,2.4126282,-5.2795577,0.24956933,0.17047238,-0.9532336,0
0.047115088,-2.9584296,4.7106137,-0.24956933,-0.17047238,0.9532336,0
-2.0953555,5.5414548,-4.544795,-0.083582103,0.98450094,0.15418121,0
3.6343665,5.0311933,-0.51518488,0.96474308,0.04119432,0.25994968,0
2.3937106,0.37119102,4.8941207,0.96474308,0.04119432,0.25994968,0
3.4494181,-2.1783655,-4.6719141,0.24956933,0.17047238,-0.9532336,0
-4.5211687,2.9079897,4.6261263,-0.24956933,-0.17047238,0.9532336,0
-3.5147514,4.4128141,2.8594565,-0.083582103,0.98450094,0.15418121,0
-4.8332567,0.17085862,4.0938454,-0.96474308,-0.04119432,-0.25994968,0
-2.2363749,-4.9211059,-1.5775664,0.083582103,-0.98450094,-0.15418121,0
2.2643104,2.8891635,-4.131084,0.24956933,0.17047238,-0.9532336,0
3.3887677,1.8940754,0.29065871,0.96474308,0.04119432,0.25994968,0
4.3677802,-4.4245043,-2.1527905,0.083582103,-0.98450094,-0.15418121,0
-3.1177263,-3.1658149,3.8045511,-0.24956933,-0.17047238,0.9532336,0
0.32795811,-3.7449675,-5.7404108,0.24956933,0.17047238,-0.9532336,0
3.2917924,-3.5857952,1.4457333,0.96474308,0.04119432,0.25994968,0
-2.6346087,2.3819017,-4.1275663,-0.96474308,-0.04119432,-0.25994968,0
3.6827953,4.0555248,-1.1588998,0.96474308,0.04119432,0.25994968,0
0.67100036,-0.37462747,-5.1691813,0.24956933,0.17047238,-0.9532336,0
-3.3470221,3.2142897,-1.5618951,-0.96474308,-0.04119432,-0.25994968,0
-3.6264424,1.0925262,-0.23291737,-0.96474308,-0.04119432,-0.25994968,0
-3.1221902,1.5996506,4.7501807,-0.24956933,-0.17047238,0.9532336,0
-0.66219139,-5.1125956,-0.73542708,0.083582103,-0.98450094,-0.15418121,0
2.4881856,-4.2566118,5.1655569,-0.24956933,-0.17047238,0.9532336,0
-1.1460266,-5.1502914,4.1191316,-0.24956933,-0.17047238,0.9532336,0
1.4472432,4.8422079,1.9589005,-0.083582103,0.98450094,0.15418121,0
3.069216,-3.7896855,2.8352058,0.96474308,0.04119432,0.25994968,0
-0.44110018,-0.68856514,4.9185662,-0.24956933,-0.17047238,0.9532336,0
-2.8937235,2.5756617,-3.3078129,-0.96474308,-0.04119432,-0.25994968,0
0.025280476,-2.35829,-5.607255,0.24956933,0.17047238,-0.9532336,0
-2.9513767,4.7508907,0.52899158,-0.083582103,0.98450094,0.15418121,0
3.7674427,-2.7899632,-0.26194561,0.96474308,0.04119432,0.25994968,0
-0.59686995,4.0092087,5.7474756,-0.24956933,-0.17047238,0.9532336,0
-4.2598143,-4.2852097,2.6732421,-0.96474308,-0.04119432,-0.25994968,0
-3.1603212,0.87776923,-1.8186719,-0.96474308,-0.04119432,-0.25994968,0
4.3899345,1.16395,-3.9162264,0.24956933,0.17047238,-0.9532336,0
1.6213553,1.7885141,-4.4345899,0.24956933,0.17047238,-0.9532336,0
-4.0661826,-1.1552823,1.9029434,-0.96474308,-0.04119432,-0.25994968,0
-3.4179111,2.8970962,4.8209119,-0.24956933,-0.17047238,0.9532336,0
1.3948371,-5.2304096,4.6584849,-0.24956933,-0.17047238,0.9532336,0
1.9539092,1.7117949,5.5667677,0.96474308,0.04119432,0.25994968,0
3.1452363,0.63862681,1.7344191,0.96474308,0.04119432,0.25994968,0
0.70524073,-5.4715438,3.434165,0.083582103,-0.98450094,-0.15418121,0
-3.1551669,0.03022027,-1.7861539,-0.96474308,-0.04119432,-0.25994968,0
2.4357548,0.91695642,4.0401917,0.96474308,0.04119432,0.25994968,0
0.047253609,4.8871636,1.5169001,-0.083582103,0.98450094,0.15418121,0
1.7873406,5.5426373,-2.284059,-0.083582103,0.98450094,0.15418121,0
-1.5670893,-4.9999385,4.0204253,-0.24956933,-0.17047238,0.9532336,0
3.1124339,5.2558308,0.63935208,-0.083582103,0.98450094,0.15418121,0
0.89693642,2.8176274,-4.4695463,0.24956933,0.17047238,-0.9532336,0
3.7426207,3.6776576,-0.99144435,0.96474308,0.04119432,0.25994968,0
-2.4342971,-5.7253208,2.4358792,0.083582103,-0.98450094,-0.15418121,0
-2.4259014,-5.7939787,2.9909849,0.083582103,-0.98450094,-0.15418121,0
-4.6170263,4.0856557,3.9219213,-0.083582103,0.98450094,0.15418121,0
-4.7107582,3.4273667,3.1227918,-0.96474308,-0.04119432,-0.25994968,0
-4.315268,4.3275723,1.8538207,-0.96474308,-0.04119432,-0.25994968,0
-3.3016503,0.56781697,-1.092733,-0.96474308,-0.04119432,-0.25994968,0
4.1140699,2.5028949,-1.8329921,0.96474308,0.04119432,0.25994968,0
-1.6817155,5.5343723,-3.7249441,-0.083582103,0.98450094,0.15418121,0
2.1326301,-2.6882186,-5.1379385,0.24956933,0.17047238,-0.9532336,0
2.9782028,1.0625463,2.2084913,0.96474308,0.04119432,0.25994968,0
2.3770978,0.91087866,-4.4726868,0.24956933,0.17047238,-0.9532336,0
-1.4433308,5.4056883,-3.4896207,-0.083582103,0.98450094,0.15418121,0
1.2942653,-4.5718026,-2.963727,0.083582103,-0.98450094,-0.15418121,0
-1.6614554,4.0974398,-5.0205889,0.24956933,0.17047238,-0.9532336,0
0.20381498,2.8965249,5.75945,-0.24956933,-0.17047238,0.9532336,0
2.8429685,-0.56409717,2.8810906,0.96474308,0.04119432,0.25994968,0
-2.2120743,5.0440898,-1.5478017,-0.083582103,0.98450094,0.15418121,0
-2.6454186,4.3435688,3.1458058,-0.083582103,0.98450094,0.15418121,0
3.1731377,-1.0104313,-4.6676517,0.24956933,0.17047238,-0.9532336,0
4.3110714,4.4151192,-3.1792617,0.96474308,0.04119432,0.25994968,0
-0.86891747,-1.8130395,4.7727499,-0.24956933,-0.17047238,0.9532336,0
4.2860737,4.4111919,-2.8269644,0.96474308,0.04119432,0.25994968,0
1.7855196,-3.3467681,-5.2756538,0.24956933,0.17047238,-0.9532336,0
-3.1415703,3.8420327,-2.5189991,-0.96474308,-0.04119432,-0.25994968,0
2.7993507,-5.2786512,3.8608818,0.96474308,0.04119432,0.25994968,0
-3.9618366,-4.9258957,1.9831738,-0.96474308,-0.04119432,-0.25994968,0
2.4234324,4.793745,2.7715678,-0.083582103,0.98450094,0.15418121,0
1.6815293,4.2623978,-4.1315494,0.24956933,0.17047238,-0.9532336,0
1.8803477,-1.1985917,5.4824877,-0.24956933,-0.17047238,0.9532336,0
-3.0723898,1.3295865,-2.4181588,-0.96474308,-0.04119432,-0.25994968,0
-4.2057333,4.2352996,3.1321473,-0.083582103,0.98450094,0.15418121,0
-2.9281342,-0.59149241,4.2749767,-0.24956933,-0.17047238,0.9532336,0
2.6011755,-3.3854296,4.1329145,0.96474308,0.04119432,0.25994968,0
-4.0866804,-3.952141,3.3641477,-0.24956933,-0.17047238,0.9532336,0
2.8929822,2.6625223,2.6655843,0.96474308,0.04119432,0.25994968,0
1.5855339,5.7607746,-3.7875838,-0.083582103,0.98450094,0.15418121,0
-1.0119772,-5.5404911,2.7988973,0.083582103,-0.98450094,-0.15418121,0
0.80311584,4.479022,4.5576229,-0.083582103,0.98450094,0.15418121,0
3.1495528,5.3980722,-0.52784634,-0.083582103,0.98450094,0.15418121,0
3.3263216,-0.87608099,0.9330405,0.96474308,0.04119432,0.25994968,0
-2.3582544,0.7789433,-4.6109319,-0.96474308,-0.04119432,-0.25994968,0
-3.7648678,-1.9515746,0.5576129,-0.96474308,-0.04119432,-0.25994968,0
-3.7699671,-5.5893264,1.5889926,-0.96474308,-0.04119432,-0.25994968,0
-3.0786781,-5.2002459,-0.26600218,0.083582103,-0.98450094,-0.15418121,0
-4.4203448,1.3313295,4.2479658,-0.24956933,-0.17047238,0.9532336,0
2.9114437,1.2946882,2.4967451,0.96474308,0.04119432,0.25994968,0
2.2450695,3.004303,4.2729974,0.96474308,0.04119432,0.25994968,0
-4.7866597,2.0215971,3.9315543,-0.96474308,-0.04119432,-0.25994968,0
-3.6982796,-3.9031827,0.59458447,-0.96474308,-0.04119432,-0.25994968,0
1.885519,-5.3814545,3.2078307,0.083582103,-0.98450094,-0.15418121,0
3.8575585,4.0642467,-1.3440475,0.96474308,0.04119432,0.25994968,0
-0.85487604,2.1792412,5.431396,-0.24956933,-0.17047238,0.9532336,0
-0.72721672,5.0911503,-0.33934307,-0.083582103,0.98450094,0.15418121,0
2.0215762,-1.3108916,5.4572463,-0.24956933,-0.17047238,0.9532336,0
2.3005209,-4.7668457,4.9053383,-0.24956933,-0.17047238,0.9532336,0
-4.5981407,0.11266088,3.2457209,-0.96474308,-0.04119432,-0.25994968,0
3.2509956,4.796751,0.76125467,0.96474308,0.04119432,0.25994968,0
3.765326,-1.7414936,0.081646562,0.96474308,0.04119432,0.25994968,0
2.2568746,-3.6017921,5.175993,-0.24956933,-0.17047238,0.9532336,0
1.3612642,-0.69952941,-5.0615239,0.24956933,0.17047238,-0.9532336,0
0.94028139,2.6955531,6.063767,-0.24956933,-0.17047238,0.9532336,0
-4.3318863,4.217401,3.7754302,-0.083582103,0.98450094,0.15418121,0
1.1426892,4.3910933,4.9294167,-0.083582103,0.98450094,0.15418121,0
4.1885738,4.4499435,-3.4199247,0.24956933,0.17047238,-0.9532336,0
1.1674803,3.0221477,-4.3326197,0.24956933,0.17047238,-0.9532336,0
-0.28340673,0.97206116,5.2905326,-0.24956933,-0.17047238,0.9532336,0
-1.2603559,-4.631587,-3.0688429,0.083582103,-0.98450094,-0.15418121,0
-1.3718019,-4.7796974,-2.9418285,0.083582103,-0.98450094,-0.15418121,0
-1.432981,1.5050223,-5.2803755,0.24956933,0.17047238,-0.9532336,0
3.4253128,-4.8249526,0.51180035,0.083582103,-0.98450094,-0.15418121,0
1.8091555,-5.5630636,4.7320218,-0.24956933,-0.17047238,0.9532336,0
