-5.1804981,0.65245128,1.527387,-0.44692716,-0.19593436,0.87284929,0
-1.8475547,-2.4852719,-3.790813,-0.57483399,-0.68471175,-0.44803548,0
-4.3171062,-3.0109785,0.29285622,-0.57483399,-0.68471175,-0.44803548,0
-0.81859303,5.2549596,-1.5983026,-0.68543577,0.70198262,-0.19338652,0
-4.5973988,1.0732973,-2.6119485,-0.68543577,0.70198262,-0.19338652,0
4.4104681,-2.6850486,-2.2013371,0.68543577,-0.70198262,0.19338652,0
-2.2849321,3.6373529,-1.5941161,-0.68543577,0.70198262,-0.19338652,0
3.8815908,-1.9411771,-2.4532723,0.44692716,0.19593436,-0.87284929,0
-1.3389497,5.678813,2.8997698,0.57483399,0.68471175,0.44803548,0
3.5552292,2.0160742,2.4038434,0.57483399,0.68471175,0.44803548,0
-3.6819038,2.9369822,0.47999513,-0.68543577,0.70198262,-0.19338652,0
2.7655632,-2.7707493,3.0770645,0.68543577,-0.70198262,0.19338652,0
6.4775691,0.099662423,0.90122271,0.68543577,-0.70198262,0.19338652,0
-1.6053853,3.9560616,-3.6313901,-0.68543577,0.70198262,-0.19338652,0
-4.2920752,2.1697254,0.030040503,-0.68543577,0.70198262,-0.19338652,0
-3.6448479,-3.0590253,-0.52583551,-0.57483399,-0.68471175,-0.44803548,0
-0.18559791,-0.42110062,3.8839068,-0.44692716,-0.19593436,0.87284929,0
4.4720612,-2.6663907,-2.079978,0.68543577,-0.70198262,0.19338652,0
-4.3325663,0.17316127,-4.7943478,-0.57483399,-0.68471175,-0.44803548,0
-1.2912593,-0.67897558,-4.9275913,0.44692716,0.19593436,-0.87284929,0
0.027284622,6.2979159,-0.42887521,-0.68543577,0.70198262,-0.19338652,0
1.5238836,-3.5608757,4.0195646,-0.44692716,-0.19593436,0.87284929,0
-3.4186318,-0.76534295,1.9747281,-0.44692716,-0.19593436,0.87284929,0
2.0827274,-5.0187044,-2.6355436,0.68543577,-0.70198262,0.19338652,0
0.77140045,2.9422228,-3.0512152,0.44692716,0.19593436,-0.87284929,0
3.9596188,-1.0496533,5.0944052,0.68543577,-0.70198262,0.19338652,0
-1.0667317,-6.348485,1.0328758,-0.57483399,-0.68471175,-0.44803548,0
2.957231,3.3468299,-1.7868701,0.44692716,0.19593436,-0.87284929,0
-2.0747197,-1.3356245,-5.1773329,-0.57483399,-0.68471175,-0.44803548,0
-5.7803984,-0.79135132,0.95725965,-0.44692716,-0.19593436,0.87284929,0
-5.9282227,-0.57911086,0.79424739,-0.44692716,-0.19593436,0.87284929,0
-2.4944925,3.5047498,-1.4537061,-0.68543577,0.70198262,-0.19338652,0
3.9796176,-0.64182901,5.8351793,0.57483399,0.68471175,0.44803548,0
0.052759826,-0.67538953,3.7959774,-0.44692716,-0.19593436,0.87284929,0
3.0287533,-2.7738686,-3.1400506,0.44692716,0.19593436,-0.87284929,0
-0.77727091,0.88536882,-4.2682495,0.44692716,0.19593436,-0.87284929,0
0.54725647,6.584136,-1.3884716,-0.68543577,0.70198262,-0.19338652,0
-6.5517192,-1.3172333,0.29147339,-0.44692716,-0.19593436,0.87284929,0
0.072556019,5.9613962,-1.4224846,-0.68543577,0.70198262,-0.19338652,0
-2.7523417,4.7487488,3.692389,-0.68543577,0.70198262,-0.19338652,0
-4.1918154,0.99582887,2.0701599,-0.44692716,-0.19593436,0.87284929,0
0.6719799,3.9012895,3.2593842,0.57483399,0.68471175,0.44803548,0
0.86224866,-0.939991,4.2904763,-0.44692716,-0.19593436,0.87284929,0
-3.9422302,0.97140145,-5.5415492,-0.68543577,0.70198262,-0.19338652,0
2.6565919,-4.6228957,-2.8159571,0.68543577,-0.70198262,0.19338652,0
-3.4634614,-1.1093721,-3.8105216,-0.57483399,-0.68471175,-0.44803548,0
-0.20226431,-6.4249163,0.70111799,0.68543577,-0.70198262,0.19338652,0
0.74615812,-3.1539886,3.6672168,-0.44692716,-0.19593436,0.87284929,0
-3.3403933,-1.2358124,-4.0012293,-0.57483399,-0.68471175,-0.44803548,0
-4.6799192,1.8304032,-0.41087627,-0.68543577,0.70198262,-0.19338652,0
-4.2628164,0.30524683,-5.1029954,-0.57483399,-0.68471175,-0.44803548,0
2.5869255,-4.4200306,-3.6768627,0.44692716,0.19593436,-0.87284929,0
1.9271398,-4.2635107,1.0388074,0.68543577,-0.70198262,0.19338652,0
-3.1388035,0.094686985,-5.5032215,0.44692716,0.19593436,-0.87284929,0
1.5558696,-1.8341036,4.5086246,-0.44692716,-0.19593436,0.87284929,0
-2.5512686,-1.1528935,-5.1318784,-0.57483399,-0.68471175,-0.44803548,0
-3.5867257,1.8373754,-4.3291917,-0.68543577,0.70198262,-0.19338652,0
2.1936483,-4.3013582,0.28058714,0.68543577,-0.70198262,0.19338652,0
2.9711087,-0.63203883,5.4841189,-0.44692716,-0.19593436,0.87284929,0
-2.9054782,2.6452258,3.1580484,-0.44692716,-0.19593436,0.87284929,0
6.634367,0.19208562,0.36794329,0.68543577,-0.70198262,0.19338652,0
-1.0848684,5.6926413,1.584636,-0.68543577,0.70198262,-0.19338652,0
6.1769881,-0.27305007,0.74463606,0.68543577,-0.70198262,0.19338652,0
-2.2097464,-5.258739,0.97311115,-0.57483399,-0.68471175,-0.44803548,0
-1.1600528,4.8163214,4.2395258,0.57483399,0.68471175,0.44803548,0
4.0013676,0.43875337,4.212944,0.57483399,0.68471175,0.44803548,0
1.7738595,-4.7444973,-4.108551,0.44692716,0.19593436,-0.87284929,0
6.0295887,-0.24804562,1.1854992,0.68543577,-0.70198262,0.19338652,0
4.6053629,0.99957132,-1.4832802,0.44692716,0.19593436,-0.87284929,0
-1.6039177,-3.3723936,-2.6779785,-0.57483399,-0.68471175,-0.44803548,0
-1.1756144,4.7662525,-1.4663392,-0.68543577,0.70198262,-0.19338652,0
2.2781775,4.5696363,-1.7836022,0.44692716,0.19593436,-0.87284929,0
3.2969093,3.8362303,-1.5546198,0.44692716,0.19593436,-0.87284929,0
-1.7246131,-5.4444962,0.29193139,-0.57483399,-0.68471175,-0.44803548,0
-3.4526057,3.5492482,1.7558672,-0.68543577,0.70198262,-0.19338652,0
-2.7563024,0.25861287,2.5738845,-0.44692716,-0.19593436,0.87284929,0
4.014658,-2.3669322,0.79847753,0.68543577,-0.70198262,0.19338652,0
3.9446826,0.3269763,-1.8714545,0.44692716,0.19593436,-0.87284929,0
-3.3666506,3.3517017,0.61521006,-0.68543577,0.70198262,-0.19338652,0
0.33400443,0.8067112,4.4662409,-0.44692716,-0.19593436,0.87284929,0
-3.9679964,-1.0891629,-3.2777557,-0.57483399,-0.68471175,-0.44803548,0
0.36689758,6.3166084,-1.4808259,-0.68543577,0.70198262,-0.19338652,0
2.5723634,-3.9301577,-0.0087123215,0.68543577,-0.70198262,0.19338652,0
2.0720401,3.1763883,-2.2024815,0.44692716,0.19593436,-0.87284929,0
3.1539562,-1.8743341,5.316103,-0.44692716,-0.19593436,0.87284929,0
-6.0070205,-1.9201651,0.43934202,-0.57483399,-0.68471175,-0.44803548,0
0.87746763,-5.5661125,-2.8020539,-0.57483399,-0.68471175,-0.44803548,0
-2.4504771,3.8898847,-0.3300586,-0.68543577,0.70198262,-0.19338652,0
-1.2955518,5.2665949,0.40949965,-0.68543577,0.70198262,-0.19338652,0
1.5562512,4.2805662,1.4917178,0.57483399,0.68471175,0.44803548,0
1.2040938,-1.5155101,4.394948,-0.44692716,-0.19593436,0.87284929,0
2.6831894,-3.3262503,1.8959585,0.68543577,-0.70198262,0.19338652,0
3.711535,-2.3532383,1.5889711,0.68543577,-0.70198262,0.19338652,0
-0.56722116,-4.6300993,2.6428931,-0.44692716,-0.19593436,0.87284929,0
-1.5234194,4.9801331,4.1644983,0.57483399,0.68471175,0.44803548,0
3.027354,-1.7458344,5.1170936,-0.44692716,-0.19593436,0.87284929,0
2.0557613,-3.7036343,2.0813498,0.68543577,-0.70198262,0.19338652,0
-0.68890238,0.24998546,-4.2270517,0.44692716,0.19593436,-0.87284929,0
-0.41465616,-4.1528888,2.9085331,-0.44692716,-0.19593436,0.87284929,0
-0.50401878,5.1308789,-2.9359884,-0.68543577,0.70198262,-0.19338652,0
3.4320021,-3.6533973,-2.4313939,0.68543577,-0.70198262,0.19338652,0
1.9584155,-4.2870617,0.73095608,0.68543577,-0.70198262,0.19338652,0
5.8015132,1.7288294,0.15660572,0.57483399,0.68471175,0.44803548,0
-0.45831203,4.7965617,3.2930427,0.57483399,0.68471175,0.44803548,0
2.0267563,3.5883596,1.8760386,0.57483399,0.68471175,0.44803548,0
-3.7936382,-1.4261528,-3.0185823,-0.57483399,-0.68471175,-0.44803548,0
-3.950886,-3.6024165,1.2885697,-0.44692716,-0.19593436,0.87284929,0
-3.7628868,1.2696526,2.3998623,-0.44692716,-0.19593436,0.87284929,0
-1.6803555,-3.044497,-3.3557529,-0.57483399,-0.68471175,-0.44803548,0
2.7096434,1.2068784,-2.4431207,0.44692716,0.19593436,-0.87284929,0
2.7616775,-2.3240788,4.8361883,-0.44692716,-0.19593436,0.87284929,0
-0.13047028,5.4021707,-2.7624412,-0.68543577,0.70198262,-0.19338652,0
6.583859,0.093840837,-0.16135168,0.68543577,-0.70198262,0.19338652,0
-3.5074649,1.2129924,-5.4733028,0.44692716,0.19593436,-0.87284929,0
5.9408512,0.21274541,2.0826659,0.57483399,0.68471175,0.44803548,0
2.8641183,-0.94764757,-2.832798,0.44692716,0.19593436,-0.87284929,0
5.527617,-1.2878728,-0.94474578,0.68543577,-0.70198262,0.19338652,0
0.96744573,1.519114,4.8794808,-0.44692716,-0.19593436,0.87284929,0
6.162518,1.6892892,-0.31524515,0.57483399,0.68471175,0.44803548,0
2.544179,-1.7292118,4.8699603,-0.44692716,-0.19593436,0.87284929,0
2.9636865,-4.4668288,-2.9596069,0.68543577,-0.70198262,0.19338652,0
0.48240322,0.81292462,-3.4765966,0.44692716,0.19593436,-0.87284929,0
-0.45933294,4.1249738,4.3764772,0.57483399,0.68471175,0.44803548,0
-3.6229382,0.71242094,2.218405,-0.44692716,-0.19593436,0.87284929,0
0.75736642,-1.3864565,4.1525278,-0.44692716,-0.19593436,0.87284929,0
-0.3889122,3.5092266,4.545682,-0.44692716,-0.19593436,0.87284929,0
3.5427346,-0.28166485,5.7083931,-0.44692716,-0.19593436,0.87284929,0
-4.6945028,1.1954347,-2.222393,-0.68543577,0.70198262,-0.19338652,0
2.0289612,-0.22496462,5.1026001,-0.44692716,-0.19593436,0.87284929,0
5.1654344,-0.89568925,-1.5294286,0.44692716,0.19593436,-0.87284929,0
-2.8449812,4.2169313,2.4407768,-0.68543577,0.70198262,-0.19338652,0
0.57909441,6.5655508,-1.628348,-0.68543577,0.70198262,-0.19338652,0
4.3441453,0.24619365,4.0265865,0.57483399,0.68471175,0.44803548,0
-0.53761816,-3.5513325,-4.1125317,-0.57483399,-0.68471175,-0.44803548,0
-5.7301207,0.065701544,-2.6298943,-0.68543577,0.70198262,-0.19338652,0
1.4604307,4.1934042,1.9093037,0.57483399,0.68471175,0.44803548,0
1.3511281,2.3318641,4.6156034,0.57483399,0.68471175,0.44803548,0
-4.0807514,1.1327255,-4.3962355,-0.68543577,0.70198262,-0.19338652,0
1.6001782,-2.7466576,-3.7552247,0.44692716,0.19593436,-0.87284929,0
1.8689706,1.6338334,5.1304955,0.57483399,0.68471175,0.44803548,0
-1.4054818,2.4706261,3.7562551,-0.44692716,-0.19593436,0.87284929,0
-5.1280613,1.9561033,1.8001773,-0.68543577,0.70198262,-0.19338652,0
5.0578279,0.56699789,2.5193338,0.57483399,0.68471175,0.44803548,0
2.4076118,-0.2864573,5.0826921,-0.44692716,-0.19593436,0.87284929,0
-2.1735737,-2.3512185,-3.6824126,-0.57483399,-0.68471175,-0.44803548,0
-2.8316355,4.299643,1.9119211,-0.68543577,0.70198262,-0.19338652,0
4.0909548,-1.3728683,3.6527443,0.68543577,-0.70198262,0.19338652,0
2.6981766,2.707808,2.3241572,0.57483399,0.68471175,0.44803548,0
2.9330378,4.6644516,-1.0120597,0.57483399,0.68471175,0.44803548,0
-2.9170437,3.3692536,-0.19774994,-0.68543577,0.70198262,-0.19338652,0
-0.54110789,-3.60777,-3.8314161,-0.57483399,-0.68471175,-0.44803548,0
1.4386823,-1.9732053,-3.8205121,0.44692716,0.19593436,-0.87284929,0
-2.0532341,5.0354004,1.8373425,-0.68543577,0.70198262,-0.19338652,0
-4.7700973,0.96987891,1.7258216,-0.44692716,-0.19593436,0.87284929,0
5.3062091,-1.3780422,-1.4932998,0.44692716,0.19593436,-0.87284929,0
-3.8169119,-2.8692765,-0.78800583,-0.57483399,-0.68471175,-0.44803548,0
0.68594217,-5.7024732,-0.058940887,0.68543577,-0.70198262,0.19338652,0
3.5496402,-1.4943459,5.2275343,0.68543577,-0.70198262,0.19338652,0
-4.5548992,-2.6429873,-0.35902262,-0.57483399,-0.68471175,-0.44803548,0
-4.4170456,0.73982692,-4.8086314,-0.68543577,0.70198262,-0.19338652,0
-1.2925785,-1.7710248,2.8694367,-0.44692716,-0.19593436,0.87284929,0
0.32788587,4.6771522,2.2965791,0.57483399,0.68471175,0.44803548,0
1.5686512,5.9408503,-1.2149909,0.57483399,0.68471175,0.44803548,0
-4.4664559,1.795675,2.2209105,-0.44692716,-0.19593436,0.87284929,0
0.18961811,-5.1341109,-2.4218273,-0.57483399,-0.68471175,-0.44803548,0
1.4453402,5.8092713,-0.78107834,0.57483399,0.68471175,0.44803548,0
3.3923569,-3.1425753,0.071211994,0.68543577,-0.70198262,0.19338652,0
-4.8068895,0.86063457,-2.6895847,-0.68543577,0.70198262,-0.19338652,0
-0.49094486,5.3698149,-2.0376348,-0.68543577,0.70198262,-0.19338652,0
-3.221385,1.3813577,2.740154,-0.44692716,-0.19593436,0.87284929,0
-0.4881562,-0.91268253,-4.4646292,0.44692716,0.19593436,-0.87284929,0
0.75492907,-5.7205119,-0.20824862,0.68543577,-0.70198262,0.19338652,0
6.2610846,-0.27619779,0.16327095,0.68543577,-0.70198262,0.19338652,0
0.030507088,5.8371935,0.89437199,0.57483399,0.68471175,0.44803548,0
1.6220646,5.0484304,0.057351112,0.57483399,0.68471175,0.44803548,0
0.022953749,-2.3338223,3.4835849,-0.44692716,-0.19593436,0.87284929,0
-2.3002806,3.964829,-0.91971111,-0.68543577,0.70198262,-0.19338652,0
-4.9375486,0.55992281,-3.5879369,-0.68543577,0.70198262,-0.19338652,0
-3.8140597,1.630547,-3.9269052,-0.68543577,0.70198262,-0.19338652,0
7.1340489,0.45115793,-0.11624718,0.68543577,-0.70198262,0.19338652,0
5.1326246,-0.38476837,3.5113325,0.68543577,-0.70198262,0.19338652,0
2.2444367,3.7359529,-1.9903945,0.44692716,0.19593436,-0.87284929,0
-4.9744678,0.49150968,-3.4217248,-0.68543577,0.70198262,-0.19338652,0
6.6283965,0.41208601,0.88946819,0.57483399,0.68471175,0.44803548,0
5.1489201,0.61752325,2.6248584,0.57483399,0.68471175,0.44803548,0
2.577363,3.4054801,1.5525928,0.57483399,0.68471175,0.44803548,0
-0.055895329,5.9597111,-1.5670381,-0.68543577,0.70198262,-0.19338652,0
4.1216407,-0.25964332,5.3463216,0.57483399,0.68471175,0.44803548,0
6.2331719,0.87311745,-0.7145853,0.44692716,0.19593436,-0.87284929,0
3.042531,-4.1343851,-2.8448443,0.68543577,-0.70198262,0.19338652,0
-1.3602114,1.8557949,-4.3360138,0.44692716,0.19593436,-0.87284929,0
0.22804976,-5.0702291,-2.6305127,-0.57483399,-0.68471175,-0.44803548,0
-0.45195103,1.1142731,-4.0114002,0.44692716,0.19593436,-0.87284929,0
1.1189203,-5.3877811,-0.66905522,0.68543577,-0.70198262,0.19338652,0
-4.0793266,1.8286082,-1.9995978,-0.68543577,0.70198262,-0.19338652,0
-1.5158684,-3.7935057,-2.1940112,-0.57483399,-0.68471175,-0.44803548,0
5.2620468,-0.030223727,3.4790955,0.57483399,0.68471175,0.44803548,0
2.1842504,-4.9824862,-2.9557102,0.68543577,-0.70198262,0.19338652,0
-3.86253,-3.8615215,1.1954095,-0.44692716,-0.19593436,0.87284929,0
0.77544856,6.303916,-0.42526793,0.57483399,0.68471175,0.44803548,0
-2.9568517,0.58793306,2.5514326,-0.44692716,-0.19593436,0.87284929,0
-2.291472,3.5556865,-2.6968632,-0.68543577,0.70198262,-0.19338652,0
-2.7354579,2.9799492,-2.2543015,-0.68543577,0.70198262,-0.19338652,0
-0.61286128,-3.4238451,2.8746262,-0.44692716,-0.19593436,0.87284929,0
1.8713579,-5.5093441,-3.9042513,-0.57483399,-0.68471175,-0.44803548,0
2.6754878,5.0439434,-1.2239761,0.57483399,0.68471175,0.44803548,0
-2.0167863,-0.96359015,2.7682877,-0.44692716,-0.19593436,0.87284929,0
-2.4841416,-2.1792469,-3.4264207,-0.57483399,-0.68471175,-0.44803548,0
1.9212403,-3.6666703,3.365809,0.68543577,-0.70198262,0.19338652,0
1.1599884,-0.35827422,4.4554882,-0.44692716,-0.19593436,0.87284929,0
-3.6741934,-4.0053535,1.2053034,-0.44692716,-0.19593436,0.87284929,0
2.258863,-3.4596131,2.3621473,0.68543577,-0.70198262,0.19338652,0
-0.94469166,-4.4072623,-1.9454658,-0.57483399,-0.68471175,-0.44803548,0
2.9543319,1.5362279,3.756248,0.57483399,0.68471175,0.44803548,0
-6.5555763,-0.86519182,-0.49984407,-0.57483399,-0.68471175,-0.44803548,0
-4.5667343,-1.8238515,-1.6076627,-0.57483399,-0.68471175,-0.44803548,0
-0.053577721,0.84240532,4.214674,-0.44692716,-0.19593436,0.87284929,0
-1.6251557,-5.2776642,1.9442716,-0.44692716,-0.19593436,0.87284929,0
-1.4935848,-2.2480121,-4.7041836,-0.57483399,-0.68471175,-0.44803548,0
2.9804006,-3.1080501,1.5756097,0.68543577,-0.70198262,0.19338652,0
-3.687808,3.1279945,1.0086296,-0.68543577,0.70198262,-0.19338652,0
5.2057419,1.0266387,-1.1500032,0.44692716,0.19593436,-0.87284929,0
0.41262054,-5.6247673,-1.9021215,-0.57483399,-0.68471175,-0.44803548,0
0.052087784,-5.8841858,1.3103498,0.68543577,-0.70198262,0.19338652,0
-5.5263114,-1.6592681,-0.3538456,-0.57483399,-0.68471175,-0.44803548,0
-1.8227288,-3.5886519,-2.3663349,-0.57483399,-0.68471175,-0.44803548,0
6.0185556,0.023966193,1.6695361,0.68543577,-0.70198262,0.19338652,0
3.1942019,-4.0549307,-3.207128,0.68543577,-0.70198262,0.19338652,0
-0.22513008,-3.3750627,-4.6139092,-0.57483399,-0.68471175,-0.44803548,0
1.3482602,2.8950768,-2.6887875,0.44692716,0.19593436,-0.87284929,0
0.54230738,-4.6483459,-3.8387012,-0.57483399,-0.68471175,-0.44803548,0
3.6511264,-3.3250656,-2.0741489,0.68543577,-0.70198262,0.19338652,0
6.3461676,-0.042185307,-0.87504864,0.44692716,0.19593436,-0.87284929,0
1.4628754,-3.4957509,-4.0087633,0.44692716,0.19593436,-0.87284929,0
-1.5528054,-4.5441589,2.2569757,-0.44692716,-0.19593436,0.87284929,0
-2.6635661,-0.60950518,2.4916925,-0.44692716,-0.19593436,0.87284929,0
1.7149639,-4.3606701,0.99862427,0.68543577,-0.70198262,0.19338652,0
0.70932209,2.2526631,-3.2470591,0.44692716,0.19593436,-0.87284929,0
0.89285707,-4.6127,3.3214171,0.68543577,-0.70198262,0.19338652,0
5.263988,-0.8836897,1.3881524,0.68543577,-0.70198262,0.19338652,0
1.5578454,6.3593912,-1.7075553,0.57483399,0.68471175,0.44803548,0
-0.18108523,-2.5982039,-4.6288385,0.44692716,0.19593436,-0.87284929,0
-5.7195234,0.71790355,-0.7360692,-0.68543577,0.70198262,-0.19338652,0
-0.56607318,-5.5757627,2.4486954,-0.44692716,-0.19593436,0.87284929,0
-0.27133584,-2.203171,3.3116438,-0.44692716,-0.19593436,0.87284929,0
-5.3614383,-2.2795444,0.81352758,-0.44692716,-0.19593436,0.87284929,0
2.460568,3.4179318,1.5233946,0.57483399,0.68471175,0.44803548,0
-6.4489555,-1.0799371,-0.098383904,-0.57483399,-0.68471175,-0.44803548,0
4.6374989,-2.4427483,-2.0456259,0.68543577,-0.70198262,0.19338652,0
1.4105849,2.6306176,-2.7261009,0.44692716,0.19593436,-0.87284929,0
-6.4947405,0.41887999,0.80787373,-0.44692716,-0.19593436,0.87284929,0
-1.1090761,-2.5308166,2.9391861,-0.44692716,-0.19593436,0.87284929,0
5.3987598,1.9115047,-0.73143911,0.44692716,0.19593436,-0.87284929,0
-3.4252007,2.0475245,-3.7389765,-0.68543577,0.70198262,-0.19338652,0
-4.9191384,-2.0191898,-0.80376291,-0.57483399,-0.68471175,-0.44803548,0
-1.2493517,-0.36590052,-4.764576,0.44692716,0.19593436,-0.87284929,0
0.86844206,4.9655371,1.2265761,0.57483399,0.68471175,0.44803548,0
-1.1866596,-6.658886,1.8170676,-0.57483399,-0.68471175,-0.44803548,0
3.0690484,4.6521549,-0.89976883,0.57483399,0.68471175,0.44803548,0
-4.5758901,0.51528049,-4.8554144,-0.68543577,0.70198262,-0.19338652,0
-0.077596664,4.5197134,-3.1233997,0.44692716,0.19593436,-0.87284929,0
-4.5396709,0.10282779,-4.2610803,-0.57483399,-0.68471175,-0.44803548,0
4.0741954,-1.8600825,2.1629422,0.68543577,-0.70198262,0.19338652,0
-5.2542562,-0.30339122,-2.9367499,-0.57483399,-0.68471175,-0.44803548,0
-0.4403435,-2.2383633,3.2891831,-0.44692716,-0.19593436,0.87284929,0
-1.7968593,4.750936,0.12252235,-0.68543577,0.70198262,-0.19338652,0
0.51833761,1.8649814,4.772296,-0.44692716,-0.19593436,0.87284929,0
2.9556375,3.3467066,-1.8560045,0.44692716,0.19593436,-0.87284929,0
1.8384781,1.5008718,-2.6259017,0.44692716,0.19593436,-0.87284929,0
-2.9255042,-0.43556786,-5.6099749,-0.57483399,-0.68471175,-0.44803548,0
-3.9618514,0.87728,-5.698287,-0.68543577,0.70198262,-0.19338652,0
0.79871798,-5.5952826,0.24087977,0.68543577,-0.70198262,0.19338652,0
-1.5051637,-1.90923,2.8512311,-0.44692716,-0.19593436,0.87284929,0
-2.239284,4.9629383,3.1005197,-0.68543577,0.70198262,-0.19338652,0
4.184011,3.5049176,-0.69559908,0.57483399,0.68471175,0.44803548,0
-1.2180936,3.4453764,-3.7719595,0.44692716,0.19593436,-0.87284929,0
1.7855202,-0.12632966,-3.1958754,0.44692716,0.19593436,-0.87284929,0
0.85039878,5.9875207,0.0013670921,0.57483399,0.68471175,0.44803548,0
-0.24432325,5.7626491,-1.8159506,-0.68543577,0.70198262,-0.19338652,0
-0.92055559,3.8598638,4.3871489,-0.44692716,-0.19593436,0.87284929,0
0.34352446,6.5796375,-1.1057742,-0.68543577,0.70198262,-0.19338652,0
3.3323846,-3.2965479,-0.76277137,0.68543577,-0.70198262,0.19338652,0
4.8415461,-1.5572605,0.14696145,0.68543577,-0.70198262,0.19338652,0
2.2230852,2.1213417,-2.3672688,0.44692716,0.19593436,-0.87284929,0
-3.1779561,-4.6301174,1.0562418,-0.57483399,-0.68471175,-0.44803548,0
-4.3751736,-1.3527415,-2.3989525,-0.57483399,-0.68471175,-0.44803548,0
-0.76776648,5.6402593,2.4007242,0.57483399,0.68471175,0.44803548,0
-4.8676281,-1.7557812,-0.94245672,-0.57483399,-0.68471175,-0.44803548,0
-1.7932559,-2.2978201,2.5915542,-0.44692716,-0.19593436,0.87284929,0
2.181721,-3.2262595,4.0069675,0.68543577,-0.70198262,0.19338652,0
-1.2154799,-0.67871428,3.2876561,-0.44692716,-0.19593436,0.87284929,0
1.8092483,-0.48843622,4.767108,-0.44692716,-0.19593436,0.87284929,0
-3.2420137,-0.30655456,2.1861711,-0.44692716,-0.19593436,0.87284929,0
-2.7035975,-0.53517199,2.4799037,-0.44692716,-0.19593436,0.87284929,0
-1.2059951,4.9117231,3.9570737,0.57483399,0.68471175,0.44803548,0
3.9153762,0.61178994,4.0730429,0.57483399,0.68471175,0.44803548,0
-0.25868756,-0.30923009,-4.2992477,0.44692716,0.19593436,-0.87284929,0
0.4750874,4.0012846,3.4921608,0.57483399,0.68471175,0.44803548,0
-2.6327069,2.4662418,-4.6468163,-0.68543577,0.70198262,-0.19338652,0
1.5265026,3.877661,-2.2546701,0.44692716,0.19593436,-0.87284929,0
1.2420034,-4.3726368,3.1788406,0.68543577,-0.70198262,0.19338652,0
-5.2819176,1.1825194,-0.36300302,-0.68543577,0.70198262,-0.19338652,0
-0.27356863,5.3792014,2.3398919,0.57483399,0.68471175,0.44803548,0
-6.0437126,-1.5459043,-0.11945677,-0.57483399,-0.68471175,-0.44803548,0
1.2961426,-4.5866141,1.8272412,0.68543577,-0.70198262,0.19338652,0
-4.2863045,1.605635,-2.4911084,-0.68543577,0.70198262,-0.19338652,0
-0.36493671,1.7687185,-3.7644536,0.44692716,0.19593436,-0.87284929,0
1.2083557,-0.20610785,-3.50139,0.44692716,0.19593436,-0.87284929,0
0.86928082,-4.9786892,1.7031249,0.68543577,-0.70198262,0.19338652,0
2.098597,5.7899508,-1.4913898,0.57483399,0.68471175,0.44803548,0
-0.3255825,5.9517035,0.0058009624,-0.68543577,0.70198262,-0.19338652,0
-1.2872243,-3.003211,2.5667591,-0.44692716,-0.19593436,0.87284929,0
2.561944,-3.4387445,2.0104747,0.68543577,-0.70198262,0.19338652,0
-0.14377713,2.4853315,-3.5653334,0.44692716,0.19593436,-0.87284929,0
3.0693049,3.3636088,1.1071811,0.57483399,0.68471175,0.44803548,0
0.57279825,-5.6036386,1.3089769,0.68543577,-0.70198262,0.19338652,0
-3.0534883,3.1695902,-1.1963269,-0.68543577,0.70198262,-0.19338652,0
0.083046913,-5.6934843,2.5265312,0.68543577,-0.70198262,0.19338652,0
-3.7767873,2.6174402,0.072372794,-0.68543577,0.70198262,-0.19338652,0
-3.5629671,2.0798583,-3.1629319,-0.68543577,0.70198262,-0.19338652,0
0.27703285,-3.0781889,-4.544682,0.44692716,0.19593436,-0.87284929,0
-4.2048192,1.8055608,-1.6154823,-0.68543577,0.70198262,-0.19338652,0
3.1544623,-1.9109867,5.049531,0.68543577,-0.70198262,0.19338652,0
-4.1681004,-0.27132654,-4.4714785,-0.57483399,-0.68471175,-0.44803548,0
-4.3444366,-0.68828714,-3.6171751,-0.57483399,-0.68471175,-0.44803548,0
3.940352,0.6690743,3.8683577,0.57483399,0.68471175,0.44803548,0
-1.3832998,5.0259089,-0.043904662,-0.68543577,0.70198262,-0.19338652,0
-2.4954243,0.50144625,2.8996906,-0.44692716,-0.19593436,0.87284929,0
2.5553374,-3.9506323,-0.62745464,0.68543577,-0.70198262,0.19338652,0
1.3140266,4.0970955,1.9298234,0.57483399,0.68471175,0.44803548,0
4.1770196,-0.86225891,5.0324888,0.68543577,-0.70198262,0.19338652,0
-2.1039093,-4.193368,-0.80126905,-0.57483399,-0.68471175,-0.44803548,0
0.63131642,-2.425525,-4.1444893,0.44692716,0.19593436,-0.87284929,0
4.4542108,2.3344464,0.85409451,0.57483399,0.68471175,0.44803548,0
-0.12938452,-6.4637156,0.62342715,0.68543577,-0.70198262,0.19338652,0
-0.96216416,-4.2271724,-2.2384772,-0.57483399,-0.68471175,-0.44803548,0
2.9451222,-3.6477728,-0.10241184,0.68543577,-0.70198262,0.19338652,0
1.9000797,-4.594718,0.10508358,0.68543577,-0.70198262,0.19338652,0
1.3275573,2.8874023,3.9333854,0.57483399,0.68471175,0.44803548,0
1.4694562,-4.7171035,1.0539354,0.68543577,-0.70198262,0.19338652,0
-0.11532021,-1.1652873,-4.3488464,0.44692716,0.19593436,-0.87284929,0
1.9155027,0.25353217,-3.0051472,0.44692716,0.19593436,-0.87284929,0
-0.35818243,-6.2231426,-0.047905684,-0.57483399,-0.68471175,-0.44803548,0
-5.2015295,-2.5673316,0.69938898,-0.44692716,-0.19593436,0.87284929,0
0.51167202,-4.1413784,-4.3442287,-0.57483399,-0.68471175,-0.44803548,0
0.65759134,-5.8917632,-0.90935659,0.68543577,-0.70198262,0.19338652,0
1.4086843,-5.7762089,-2.5292392,0.68543577,-0.70198262,0.19338652,0
-1.3111408,1.6310735,-4.257731,0.44692716,0.19593436,-0.87284929,0
2.924583,3.480418,0.99208975,0.57483399,0.68471175,0.44803548,0
-4.3600488,-0.36635733,-3.8011804,-0.57483399,-0.68471175,-0.44803548,0
-2.7418816,-1.587466,-4.2381115,-0.57483399,-0.68471175,-0.44803548,0
3.0791452,2.8684971,1.6344509,0.57483399,0.68471175,0.44803548,0
-1.313144,3.7144682,-3.8372097,0.44692716,0.19593436,-0.87284929,0
3.6425943,1.4106592,-1.7800494,0.44692716,0.19593436,-0.87284929,0
-0.72114515,4.5760193,3.9206843,0.57483399,0.68471175,0.44803548,0
4.0628786,0.37313151,-1.7635888,0.44692716,0.19593436,-0.87284929,0
1.9572881,2.0198309,-2.6561644,0.44692716,0.19593436,-0.87284929,0
-2.361939,4.3665924,3.7541144,-0.44692716,-0.19593436,0.87284929,0
0.85362959,-3.7543581,-4.4214745,0.44692716,0.19593436,-0.87284929,0
-2.3897777,-5.1709628,0.96940088,-0.57483399,-0.68471175,-0.44803548,0
-4.170187,1.9998902,-0.99441361,-0.68543577,0.70198262,-0.19338652,0
3.5765703,1.4114457,3.3873901,0.57483399,0.68471175,0.44803548,0
-4.8707175,-1.9436047,-0.98744535,-0.57483399,-0.68471175,-0.44803548,0
-4.2872348,-3.1307399,0.17945814,-0.57483399,-0.68471175,-0.44803548,0
-3.9912055,1.2371721,-4.8305092,-0.68543577,0.70198262,-0.19338652,0
5.6784182,2.0148902,-0.50376272,0.57483399,0.68471175,0.44803548,0
2.0778651,3.903296,-2.0052984,0.44692716,0.19593436,-0.87284929,0
-1.9440188,4.5537786,3.9796801,-0.44692716,-0.19593436,0.87284929,0
4.0254202,-1.0561247,-2.1920946,0.44692716,0.19593436,-0.87284929,0
-6.5838246,-0.048190832,-0.59238005,-0.68543577,0.70198262,-0.19338652,0
-0.27478981,5.6391659,1.5814581,0.57483399,0.68471175,0.44803548,0
-4.6692996,1.9846201,0.36764014,-0.68543577,0.70198262,-0.19338652,0
4.5547762,2.2852623,0.70410442,0.57483399,0.68471175,0.44803548,0
0.12589359,-4.2550864,3.1133952,-0.44692716,-0.19593436,0.87284929,0
-1.2362788,0.93095231,3.571888,-0.44692716,-0.19593436,0.87284929,0
-2.1805315,4.9970436,3.1127603,-0.68543577,0.70198262,-0.19338652,0
-0.74961615,-6.7231865,1.4545226,0.68543577,-0.70198262,0.19338652,0
-2.0687597,0.53084898,3.0321467,-0.44692716,-0.19593436,0.87284929,0
4.1749873,-2.0455146,1.2127986,0.68543577,-0.70198262,0.19338652,0
-3.4759083,3.341835,0.79652929,-0.68543577,0.70198262,-0.19338652,0
-2.0384498,5.0486479,2.6522212,-0.68543577,0.70198262,-0.19338652,0
5.8103619,1.2837919,0.62097645,0.57483399,0.68471175,0.44803548,0
-2.5897822,4.6868982,2.9462724,-0.68543577,0.70198262,-0.19338652,0
-3.5187802,2.8824887,2.9055264,-0.44692716,-0.19593436,0.87284929,0
-2.0565891,3.5718811,-2.8167794,-0.68543577,0.70198262,-0.19338652,0
1.1061537,3.2379158,-2.8019333,0.44692716,0.19593436,-0.87284929,0
3.1803622,-3.5863886,-1.5259326,0.68543577,-0.70198262,0.19338652,0
-2.2064352,3.7347474,-2.0542119,-0.68543577,0.70198262,-0.19338652,0
3.4532695,-3.606461,-2.41576,0.68543577,-0.70198262,0.19338652,0
2.6476383,-4.3365173,-1.9489751,0.68543577,-0.70198262,0.19338652,0
-1.5144768,5.0572801,0.92672324,-0.68543577,0.70198262,-0.19338652,0
-6.3000059,0.38141084,0.7468257,-0.68543577,0.70198262,-0.19338652,0
-3.2379646,-3.543685,-0.4591341,-0.57483399,-0.68471175,-0.44803548,0
4.1487823,-2.2109227,0.64415431,0.68543577,-0.70198262,0.19338652,0
-0.85884619,5.6003962,0.51546526,-0.68543577,0.70198262,-0.19338652,0
0.80816054,5.6010098,0.45750046,0.57483399,0.68471175,0.44803548,0
2.743891,2.8516788,2.1798186,0.57483399,0.68471175,0.44803548,0
0.55522442,-4.1350369,-4.2610149,-0.57483399,-0.68471175,-0.44803548,0
-5.6190681,0.89392591,1.3625994,-0.44692716,-0.19593436,0.87284929,0
-1.0639296,0.52527618,-4.5093975,0.44692716,0.19593436,-0.87284929,0
-4.8181448,1.446559,-0.96252489,-0.68543577,0.70198262,-0.19338652,0
-6.0504684,-1.3859501,-0.28975868,-0.57483399,-0.68471175,-0.44803548,0
-0.30245209,6.3770475,0.53529501,-0.68543577,0.70198262,-0.19338652,0
-2.5523543,3.3803077,3.548737,-0.44692716,-0.19593436,0.87284929,0
0.94962883,3.982151,2.9040089,0.57483399,0.68471175,0.44803548,0
-0.79233527,-4.9252253,-1.5380583,-0.57483399,-0.68471175,-0.44803548,0
0.41001797,2.3659201,-3.2018471,0.44692716,0.19593436,-0.87284929,0
3.5367334,-1.5937052,-2.454248,0.44692716,0.19593436,-0.87284929,0
-0.14019728,-6.004149,-0.6979003,-0.57483399,-0.68471175,-0.44803548,0
-4.9563794,-2.0736675,-0.52754688,-0.57483399,-0.68471175,-0.44803548,0
-2.647419,2.2225084,-4.8142424,0.44692716,0.19593436,-0.87284929,0
4.7356529,0.79674959,-1.3565135,0.44692716,0.19593436,-0.87284929,0
5.1322489,0.80611938,2.1744404,0.57483399,0.68471175,0.44803548,0
0.4750886,-5.400116,-2.3907471,-0.57483399,-0.68471175,-0.44803548,0
-2.0426416,4.8292632,1.0041776,-0.68543577,0.70198262,-0.19338652,0
0.72676754,-6.100461,-1.8150837,-0.57483399,-0.68471175,-0.44803548,0
2.0795178,1.7013988,4.8349066,0.57483399,0.68471175,0.44803548,0
5.033154,0.55288571,2.7485733,0.57483399,0.68471175,0.44803548,0
2.5196416,-1.1142032,-2.9826417,0.44692716,0.19593436,-0.87284929,0
3.1092691,-2.6259217,2.3115177,0.68543577,-0.70198262,0.19338652,0
-1.2358179,4.0976477,4.3943415,-0.44692716,-0.19593436,0.87284929,0
-4.9806814,-1.5567384,-1.3038225,-0.57483399,-0.68471175,-0.44803548,0
0.94223404,-4.5923882,2.832041,0.68543577,-0.70198262,0.19338652,0
-3.0436363,-3.2533259,-1.360877,-0.57483399,-0.68471175,-0.44803548,0
3.4298491,1.2837051,-1.9138186,0.44692716,0.19593436,-0.87284929,0
-2.9148083,1.5943172,2.7856951,-0.44692716,-0.19593436,0.87284929,0
-0.85103321,5.008801,-2.2680066,-0.68543577,0.70198262,-0.19338652,0
-1.5167308,5.5824528,1.9430685,-0.68543577,0.70198262,-0.19338652,0
-2.6217797,-0.13987565,2.60953,-0.44692716,-0.19593436,0.87284929,0
-3.528718,2.4148912,-2.0888097,-0.68543577,0.70198262,-0.19338652,0
-4.2965388,1.8703721,-1.3690066,-0.68543577,0.70198262,-0.19338652,0
-1.4157089,-4.4258013,-1.3983159,-0.57483399,-0.68471175,-0.44803548,0
4.663249,1.6180565,1.4022641,0.57483399,0.68471175,0.44803548,0
-0.19672847,-5.2039022,-1.6900053,-0.57483399,-0.68471175,-0.44803548,0
1.3714824,5.5400314,-0.31544495,0.57483399,0.68471175,0.44803548,0
2.1816585,3.1434243,-2.1265371,0.44692716,0.19593436,-0.87284929,0
-1.871752,-4.0810475,-1.3671079,-0.57483399,-0.68471175,-0.44803548,0
-4.8877282,1.7788228,0.31033349,-0.68543577,0.70198262,-0.19338652,0
0.057488918,-6.3522758,0.35648274,0.68543577,-0.70198262,0.19338652,0
0.6351217,3.4501395,-2.9816048,0.44692716,0.19593436,-0.87284929,0
-4.3784585,-1.7742147,-1.7733297,-0.57483399,-0.68471175,-0.44803548,0
-5.3856125,0.29775298,-3.3181109,-0.68543577,0.70198262,-0.19338652,0
0.21186614,-3.9316182,-4.3721123,-0.57483399,-0.68471175,-0.44803548,0
3.5291276,4.1518736,-0.75819468,0.57483399,0.68471175,0.44803548,0
6.0925593,0.082283258,-0.79745054,0.44692716,0.19593436,-0.87284929,0
0.034954309,-4.3899937,3.1032267,-0.44692716,-0.19593436,0.87284929,0
-3.7887206,2.1995173,-1.5101278,-0.68543577,0.70198262,-0.19338652,0
1.1024652,0.59223986,4.7918196,-0.44692716,-0.19593436,0.87284929,0
-3.3605638,-1.4545069,-3.4722581,-0.57483399,-0.68471175,-0.44803548,0
2.5526175,-3.2449622,2.0362728,0.68543577,-0.70198262,0.19338652,0
-3.297358,2.0887053,-4.0278955,-0.68543577,0.70198262,-0.19338652,0
-2.7255063,3.2749381,-1.4353559,-0.68543577,0.70198262,-0.19338652,0
-0.28671074,6.0397487,-0.088957548,-0.68543577,0.70198262,-0.19338652,0
-6.6912451,-0.18022108,0.56367254,-0.44692716,-0.19593436,0.87284929,0
0.39848351,-2.6906824,3.710017,-0.44692716,-0.19593436,0.87284929,0
-1.2851977,4.9898853,4.0867748,0.57483399,0.68471175,0.44803548,0
-1.0976396,-6.7991438,1.6216557,-0.57483399,-0.68471175,-0.44803548,0
2.7510362,-3.1706891,1.89192,0.68543577,-0.70198262,0.19338652,0
-7.0594149,-0.33907056,0.41923809,-0.44692716,-0.19593436,0.87284929,0
3.0229273,-3.3635626,0.42368382,0.68543577,-0.70198262,0.19338652,0
-4.3607483,2.5770829,1.3638734,-0.68543577,0.70198262,-0.19338652,0
1.8652935,-5.4645977,-2.8390572,0.68543577,-0.70198262,0.19338652,0
0.31370378,-2.7928541,3.4751306,-0.44692716,-0.19593436,0.87284929,0
-0.82616186,5.5492496,-0.049674988,-0.68543577,0.70198262,-0.19338652,0
-5.0094285,1.3217649,-0.4741168,-0.68543577,0.70198262,-0.19338652,0
3.3623836,1.7105383,2.9539113,0.57483399,0.68471175,0.44803548,0
0.99324417,-4.8054657,2.5616581,0.68543577,-0.70198262,0.19338652,0
2.9990816,-0.76840591,-2.6906528,0.44692716,0.19593436,-0.87284929,0
1.9950786,-4.4809971,-3.9819708,0.44692716,0.19593436,-0.87284929,0
1.9472165,-3.8330159,2.7719297,0.68543577,-0.70198262,0.19338652,0
-1.2849759,-4.1845417,-2.0159502,-0.57483399,-0.68471175,-0.44803548,0
-5.4114132,1.3791678,1.6081369,-0.44692716,-0.19593436,0.87284929,0
-4.5856009,-2.498255,-0.51645899,-0.57483399,-0.68471175,-0.44803548,0
2.7083297,5.2317219,-1.3934155,0.57483399,0.68471175,0.44803548,0
-3.7478695,2.464292,-0.74676263,-0.68543577,0.70198262,-0.19338652,0
-3.6383405,3.6562479,2.3877833,-0.68543577,0.70198262,-0.19338652,0
-4.4977078,-3.2229991,0.76167345,-0.57483399,-0.68471175,-0.44803548,0
-4.8002653,0.70092213,-3.5212827,-0.68543577,0.70198262,-0.19338652,0
3.7327044,0.93622971,-1.9466091,0.44692716,0.19593436,-0.87284929,0
3.6510732,2.9190254,0.98791695,0.57483399,0.68471175,0.44803548,0
4.6136074,0.37837088,3.6574249,0.57483399,0.68471175,0.44803548,0
2.8643622,4.286912,-0.30992651,0.57483399,0.68471175,0.44803548,0
-3.8097258,2.4675961,2.6739171,-0.44692716,-0.19593436,0.87284929,0
1.4006214,-0.27879715,-3.384171,0.44692716,0.19593436,-0.87284929,0
0.73799419,-5.2951384,1.303009,0.68543577,-0.70198262,0.19338652,0
-3.0024064,0.26263475,2.5787146,-0.44692716,-0.19593436,0.87284929,0
-5.8564658,-0.74924767,-1.1844349,-0.57483399,-0.68471175,-0.44803548,0
-0.5182308,-2.511796,-4.7848802,0.44692716,0.19593436,-0.87284929,0
-3.1656647,-0.66155267,2.2835467,-0.44692716,-0.19593436,0.87284929,0
4.1217117,1.4782139,2.2925911,0.57483399,0.68471175,0.44803548,0
1.1205828,5.1254349,0.57260013,0.57483399,0.68471175,0.44803548,0
-1.0253259,-0.76270628,-4.8189521,0.44692716,0.19593436,-0.87284929,0
0.17191887,-5.817584,1.555566,0.68543577,-0.70198262,0.19338652,0
1.975244,-4.6839776,-0.56334722,0.68543577,-0.70198262,0.19338652,0
-1.0568924,4.6605644,-2.2054472,-0.68543577,0.70198262,-0.19338652,0
1.1061761,2.3796086,5.17063,0.57483399,0.68471175,0.44803548,0
1.7704761,-1.9936328,-3.6090138,0.44692716,0.19593436,-0.87284929,0
-5.6580071,0.70928341,-0.97182608,-0.68543577,0.70198262,-0.19338652,0
1.8672771,2.3906264,4.1315322,0.57483399,0.68471175,0.44803548,0
5.2130308,-0.48042953,3.4388833,0.68543577,-0.70198262,0.19338652,0
-1.2032412,-1.6487174,-4.9498529,0.44692716,0.19593436,-0.87284929,0
5.6186986,-1.365227,-1.2249835,0.68543577,-0.70198262,0.19338652,0
-2.8989601,-3.4112351,-0.93339062,-0.57483399,-0.68471175,-0.44803548,0
-4.1117024,2.5074291,0.46417147,-0.68543577,0.70198262,-0.19338652,0
-3.4622333,2.1610601,-3.3291242,-0.68543577,0.70198262,-0.19338652,0
0.65141726,-5.4582014,1.5582645,0.68543577,-0.70198262,0.19338652,0
-6.7187757,-0.86561143,-0.14037752,-0.57483399,-0.68471175,-0.44803548,0
-1.9416099,4.8065739,4.0662284,-0.44692716,-0.19593436,0.87284929,0
0.34125757,5.7485099,0.80406904,0.57483399,0.68471175,0.44803548,0
-6.2200785,-0.2494795,-1.5251575,-0.57483399,-0.68471175,-0.44803548,0
-4.9469948,-1.4277534,-1.6789875,-0.57483399,-0.68471175,-0.44803548,0
6.3623056,0.55631864,0.85182858,0.57483399,0.68471175,0.44803548,0
-4.5916624,0.53292274,-4.9458485,-0.57483399,-0.68471175,-0.44803548,0
0.31779361,3.5254531,-3.0170679,0.44692716,0.19593436,-0.87284929,0
2.6213627,-2.5099008,-3.2909036,0.44692716,0.19593436,-0.87284929,0
-1.0226893,5.5232859,0.20853615,-0.68543577,0.70198262,-0.19338652,0
0.38760328,6.2835474,-1.7033805,-0.68543577,0.70198262,-0.19338652,0
5.3939252,0.51033974,2.3797083,0.57483399,0.68471175,0.44803548,0
3.9680429,1.2465477,-1.7448705,0.44692716,0.19593436,-0.87284929,0
2.6770358,4.1725945,0.22729254,0.57483399,0.68471175,0.44803548,0
5.785696,1.2388096,-0.85115194,0.44692716,0.19593436,-0.87284929,0
3.676054,2.142391,-1.7126342,0.44692716,0.19593436,-0.87284929,0
6.7854662,0.8802135,-0.0064311028,0.57483399,0.68471175,0.44803548,0
-4.6002274,-1.2530388,1.343086,-0.44692716,-0.19593436,0.87284929,0
4.9641752,1.1487924,-1.2231128,0.44692716,0.19593436,-0.87284929,0
1.9989367,-0.32782173,5.0722017,-0.44692716,-0.19593436,0.87284929,0
4.8029232,-2.0973053,-0.9219557,0.68543577,-0.70198262,0.19338652,0
4.1883135,0.79869843,-1.6444899,0.44692716,0.19593436,-0.87284929,0
-0.3091464,4.3255858,3.709336,0.57483399,0.68471175,0.44803548,0
2.3762362,5.3916254,-1.649219,0.44692716,0.19593436,-0.87284929,0
-1.8883961,-3.6436882,2.1233349,-0.44692716,-0.19593436,0.87284929,0
-4.1239805,-0.75079691,-3.5744481,-0.57483399,-0.68471175,-0.44803548,0
1.0527318,5.7264552,0.15645933,0.57483399,0.68471175,0.44803548,0
0.29641032,-4.5916595,-3.3168721,-0.57483399,-0.68471175,-0.44803548,0
-1.8137312,5.3233409,2.7892129,-0.68543577,0.70198262,-0.19338652,0
-1.3271151,5.7800713,3.0816975,0.57483399,0.68471175,0.44803548,0
-4.2055693,0.562289,-5.668438,-0.57483399,-0.68471175,-0.44803548,0
-5.6682405,1.1136005,1.2357861,-0.68543577,0.70198262,-0.19338652,0
2.8428013,-2.6172035,-3.1535988,0.44692716,0.19593436,-0.87284929,0
-4.5636234,-1.8400402,-1.3404846,-0.57483399,-0.68471175,-0.44803548,0
4.2801661,-2.2775271,-0.023041248,0.68543577,-0.70198262,0.19338652,0
1.3727269,3.7885001,2.3591843,0.57483399,0.68471175,0.44803548,0
0.91707945,-5.3547759,-3.1107528,-0.57483399,-0.68471175,-0.44803548,0
-4.9489393,1.1158566,-1.3565657,-0.68543577,0.70198262,-0.19338652,0
3.0445502,4.0418444,-1.6452007,0.44692716,0.19593436,-0.87284929,0
0.68014288,-5.1550522,2.210057,0.68543577,-0.70198262,0.19338652,0
3.6917424,-3.6064341,-2.6293049,0.68543577,-0.70198262,0.19338652,0
1.0195971,4.2844253,2.1237965,0.57483399,0.68471175,0.44803548,0
5.7124057,1.8138704,-0.65806866,0.44692716,0.19593436,-0.87284929,0
6.2449045,0.17750224,1.524271,0.68543577,-0.70198262,0.19338652,0
-1.2463322,5.6436229,1.6067483,-0.68543577,0.70198262,-0.19338652,0
-2.5244055,0.033660889,2.6386833,-0.44692716,-0.19593436,0.87284929,0
-4.7497458,1.2111835,1.7940936,-0.44692716,-0.19593436,0.87284929,0
-4.3164392,2.3367429,0.36127162,-0.68543577,0.70198262,-0.19338652,0
2.5136476,-2.420841,-3.3691504,0.44692716,0.19593436,-0.87284929,0
-1.8123503,4.0198765,-1.7857401,-0.68543577,0.70198262,-0.19338652,0
2.1961827,-5.0349483,-2.396045,0.68543577,-0.70198262,0.19338652,0
2.6633987,-3.8458543,-0.30171254,0.68543577,-0.70198262,0.19338652,0
5.0079899,1.305469,1.7696838,0.57483399,0.68471175,0.44803548,0
-1.2310524,4.4263,-2.5944109,-0.68543577,0.70198262,-0.19338652,0
1.6432896,5.8582397,-1.9488249,0.44692716,0.19593436,-0.87284929,0
1.294297,2.7471406,4.3378205,0.57483399,0.68471175,0.44803548,0
-3.9060674,-1.192551,1.7789537,-0.44692716,-0.19593436,0.87284929,0
-0.5449912,-1.6726185,3.2574298,-0.44692716,-0.19593436,0.87284929,0
0.16156018,1.2675221,4.3191833,-0.44692716,-0.19593436,0.87284929,0
-6.7614551,-0.31191778,-0.00090456009,-0.68543577,0.70198262,-0.19338652,0
4.3009624,-2.1183703,0.33847594,0.68543577,-0.70198262,0.19338652,0
-5.3236465,1.0696294,1.6149336,-0.44692716,-0.19593436,0.87284929,0
-3.7127345,-2.4044015,-1.5183406,-0.57483399,-0.68471175,-0.44803548,0
-5.804419,0.87169158,0.20449471,-0.68543577,0.70198262,-0.19338652,0
0.74586248,5.5095692,0.73141193,0.57483399,0.68471175,0.44803548,0
5.2494164,2.3440351,-0.86671448,0.44692716,0.19593436,-0.87284929,0
-1.0099941,-0.47041798,3.3012872,-0.44692716,-0.19593436,0.87284929,0
2.6219385,3.2856483,-2.008826,0.44692716,0.19593436,-0.87284929,0
-3.3920672,-4.317728,0.72623491,-0.57483399,-0.68471175,-0.44803548,0
-5.9469323,0.86447597,1.0946863,-0.44692716,-0.19593436,0.87284929,0
0.20027637,-6.3349223,-0.70480871,0.68543577,-0.70198262,0.19338652,0
-1.9417982,4.6167741,0.19157934,-0.68543577,0.70198262,-0.19338652,0
-4.7494669,0.21752667,-4.3266511,-0.57483399,-0.68471175,-0.44803548,0
0.76607645,2.656199,4.9354377,-0.44692716,-0.19593436,0.87284929,0
-0.16372359,1.525176,4.1708717,-0.44692716,-0.19593436,0.87284929,0
4.1011138,-2.2264454,0.37080061,0.68543577,-0.70198262,0.19338652,0
-1.7408066,4.5125232,-1.0807316,-0.68543577,0.70198262,-0.19338652,0
-3.0303717,3.1721268,-1.2713786,-0.68543577,0.70198262,-0.19338652,0
