1.2904248,-3.7966666,-1.2125013,0.15610766,-0.94622904,0.28333962,0
-1.7772104,0.3804822,3.086215,-0.32227463,0.22236502,0.92015934,0
-4.6960816,1.8577334,-1.6995263,-0.93368614,-0.23495698,-0.27023292,0
2.0368667,2.2390342,4.0169058,-0.32227463,0.22236502,0.92015934,0
2.2018871,-1.847333,-2.6857924,0.32227463,-0.22236502,-0.92015934,0
3.0074284,4.7696037,2.2970221,0.93368614,0.23495698,0.27023292,0
-3.9369352,0.23431754,-3.0469193,-0.93368614,-0.23495698,-0.27023292,0
1.6629734,2.9574857,3.6692457,-0.32227463,0.22236502,0.92015934,0
3.5231709,-1.3451526,-2.304873,0.32227463,-0.22236502,-0.92015934,0
-3.6682043,-0.41705513,-3.8511772,-0.93368614,-0.23495698,-0.27023292,0
-1.3313489,-1.6339183,-3.818418,0.32227463,-0.22236502,-0.92015934,0
1.0800741,-0.20164061,4.1442523,-0.32227463,0.22236502,0.92015934,0
-3.404057,-3.6035826,-1.5031826,-0.93368614,-0.23495698,-0.27023292,0
-0.23480654,3.3524113,-1.2456902,-0.15610766,0.94622904,-0.28333962,0
-2.6708546,-4.574708,-3.1783412,-0.93368614,-0.23495698,-0.27023292,0
-4.1997671,-0.37608552,-2.0638528,-0.93368614,-0.23495698,-0.27023292,0
2.6447659,-1.0668516,4.9520073,-0.32227463,0.22236502,0.92015934,0
3.2980309,-2.5817451,2.1303587,0.15610766,-0.94622904,0.28333962,0
0.34344208,2.2286527,-4.2798424,0.32227463,-0.22236502,-0.92015934,0
-5.3583698,2.8163855,0.33353329,-0.15610766,0.94622904,-0.28333962,0
-3.3711131,-2.2127593,-2.7175069,-0.93368614,-0.23495698,-0.27023292,0
3.1607275,2.1186442,3.6919217,0.93368614,0.23495698,0.27023292,0
-5.0673146,0.85854018,0.02763176,-0.93368614,-0.23495698,-0.27023292,0
-0.55966449,-3.0756464,2.4690289,0.15610766,-0.94622904,0.28333962,0
-1.0033493,3.8628769,1.2631971,-0.15610766,0.94622904,-0.28333962,0
3.961195,-0.92781639,-2.115993,0.32227463,-0.22236502,-0.92015934,0
-3.664536,1.9496965,-3.6991487,-0.15610766,0.94622904,-0.28333962,0
-3.7012129,-1.856465,3.0430076,-0.32227463,0.22236502,0.92015934,0
-5.7567873,2.7962136,1.1082945,-0.93368614,-0.23495698,-0.27023292,0
2.8629003,-3.0905631,0.60427809,0.15610766,-0.94622904,0.28333962,0
-2.6842384,-3.8370318,1.1815999,0.15610766,-0.94622904,0.28333962,0
-2.0858176,2.3787243,-3.3338029,-0.15610766,0.94622904,-0.28333962,0
1.8521369,-2.68659,-2.5082965,0.32227463,-0.22236502,-0.92015934,0
0.25944877,-3.3169501,1.2668262,0.15610766,-0.94622904,0.28333962,0
0.80950624,1.0086992,-3.6659679,0.32227463,-0.22236502,-0.92015934,0
-3.2238405,-3.7415411,-2.1173041,-0.93368614,-0.23495698,-0.27023292,0
5.1588097,-2.7470136,-1.369277,0.32227463,-0.22236502,-0.92015934,0
-0.069244504,0.25293493,3.6205008,-0.32227463,0.22236502,0.92015934,0
2.8448143,-2.0363972,-2.3293192,0.32227463,-0.22236502,-0.92015934,0
2.7020295,4.9739246,3.3046153,0.93368614,0.23495698,0.27023292,0
-5.1395597,1.1287109,0.035066605,-0.93368614,-0.23495698,-0.27023292,0
-2.9259744,2.2192566,2.2343879,-0.32227463,0.22236502,0.92015934,0
-2.4602909,2.6236126,-1.886332,-0.15610766,0.94622904,-0.28333962,0
-2.0680213,-5.069663,-3.2501364,0.15610766,-0.94622904,0.28333962,0
1.7122154,-3.8582356,-1.4950228,0.15610766,-0.94622904,0.28333962,0
5.494689,-2.3701124,-0.39553022,0.93368614,0.23495698,0.27023292,0
1.5931044,-1.05388,-3.0762229,0.32227463,-0.22236502,-0.92015934,0
-1.294807,0.77583385,3.1584549,-0.32227463,0.22236502,0.92015934,0
-0.95783693,0.32585835,3.3562031,-0.32227463,0.22236502,0.92015934,0
-4.1500735,-2.3245831,2.8727412,-0.32227463,0.22236502,0.92015934,0
-2.9858806,-1.0800545,3.1046698,-0.32227463,0.22236502,0.92015934,0
2.3701675,-2.8729966,1.1384537,0.15610766,-0.94622904,0.28333962,0
-3.2955546,-3.7617712,-1.7933187,-0.93368614,-0.23495698,-0.27023292,0
-3.5824087,-2.9330549,-1.5766294,-0.93368614,-0.23495698,-0.27023292,0
0.87629342,-3.1242054,1.5305963,0.15610766,-0.94622904,0.28333962,0
0.54825592,-2.6264851,3.0839305,0.15610766,-0.94622904,0.28333962,0
3.1224713,4.2118616,-0.30580521,-0.15610766,0.94622904,-0.28333962,0
-3.1995769,-2.1089001,-3.5614591,-0.93368614,-0.23495698,-0.27023292,0
-1.3020947,2.9949434,2.6729131,-0.32227463,0.22236502,0.92015934,0
2.8547897,3.4242644,3.9696019,0.93368614,0.23495698,0.27023292,0
-0.23911595,-2.88134,3.2123189,0.15610766,-0.94622904,0.28333962,0
2.1420596,1.9271598,4.0953512,-0.32227463,0.22236502,0.92015934,0
3.6205063,4.1316595,-0.34718275,-0.15610766,0.94622904,-0.28333962,0
-0.67460358,-1.4060698,-3.626018,0.32227463,-0.22236502,-0.92015934,0
-3.2142034,3.359231,0.64045215,-0.15610766,0.94622904,-0.28333962,0
-4.8468819,-2.285141,2.7238078,-0.32227463,0.22236502,0.92015934,0
0.37616372,3.1593978,-2.317771,-0.15610766,0.94622904,-0.28333962,0
-1.2701848,1.8371298,2.8336101,-0.32227463,0.22236502,0.92015934,0
0.21856928,3.8458467,0.62232697,-0.15610766,0.94622904,-0.28333962,0
-1.5267732,2.7012858,-2.731555,-0.15610766,0.94622904,-0.28333962,0
1.7613692,-3.9982684,-2.0685709,0.15610766,-0.94622904,0.28333962,0
-0.72889519,4.2260914,1.8281085,-0.15610766,0.94622904,-0.28333962,0
1.6679132,-3.1970246,0.84928703,0.15610766,-0.94622904,0.28333962,0
0.3514269,-0.48908114,-3.6083932,0.32227463,-0.22236502,-0.92015934,0
3.8373203,3.2822723,0.37430215,0.93368614,0.23495698,0.27023292,0
-2.7875125,-0.73577905,2.900368,-0.32227463,0.22236502,0.92015934,0
4.1318035,-2.4116111,1.9060717,0.15610766,-0.94622904,0.28333962,0
-1.5281467,-3.5146339,1.256211,0.15610766,-0.94622904,0.28333962,0
4.6012611,-2.0289004,2.8029466,0.93368614,0.23495698,0.27023292,0
-2.6465201,-4.6119814,-1.9100344,0.15610766,-0.94622904,0.28333962,0
-4.1442738,1.9921429,-3.3362761,-0.15610766,0.94622904,-0.28333962,0
-0.98863924,1.0409098,3.2718191,-0.32227463,0.22236502,0.92015934,0
3.789669,1.9181743,2.212795,0.93368614,0.23495698,0.27023292,0
2.4917414,1.2044425,4.4827466,-0.32227463,0.22236502,0.92015934,0
4.2364817,1.0385878,1.4335856,0.93368614,0.23495698,0.27023292,0
-2.7593284,-2.3660579,3.4092364,-0.32227463,0.22236502,0.92015934,0
-2.0935071,3.0903249,2.3632159,-0.32227463,0.22236502,0.92015934,0
3.3492298,4.0063,1.4311697,0.93368614,0.23495698,0.27023292,0
2.1267412,0.12833071,4.4461641,-0.32227463,0.22236502,0.92015934,0
-3.6958518,-1.5743017,-2.2351191,-0.93368614,-0.23495698,-0.27023292,0
1.1290925,4.1220913,1.1311705,-0.15610766,0.94622904,-0.28333962,0
-0.20124292,-3.6516986,0.19338682,0.15610766,-0.94622904,0.28333962,0
-2.5560756,2.312789,-3.369463,-0.15610766,0.94622904,-0.28333962,0
1.3553236,3.6308374,-1.0332918,-0.15610766,0.94622904,-0.28333962,0
-1.8085203,-0.63360381,3.3194346,-0.32227463,0.22236502,0.92015934,0
-2.7887349,0.21781492,-4.8979988,0.32227463,-0.22236502,-0.92015934,0
-3.731523,1.7138894,-4.3379893,-0.15610766,0.94622904,-0.28333962,0
-2.281739,-4.6140232,-2.0834875,0.15610766,-0.94622904,0.28333962,0
4.6610413,-3.3145275,-1.077579,0.15610766,-0.94622904,0.28333962,0
3.3677063,0.69188595,4.3638067,0.93368614,0.23495698,0.27023292,0
0.52816296,3.8284428,0.11846527,-0.15610766,0.94622904,-0.28333962,0
-4.0107789,1.872663,-4.1732049,-0.15610766,0.94622904,-0.28333962,0
-4.2844219,-3.6433415,1.1072483,-0.93368614,-0.23495698,-0.27023292,0
-3.5715497,2.6415088,2.0106564,-0.32227463,0.22236502,0.92015934,0
-2.0117562,-0.1569922,3.1725268,-0.32227463,0.22236502,0.92015934,0
-2.1188204,1.9655881,-4.5302954,-0.15610766,0.94622904,-0.28333962,0
-3.4030635,-2.2917233,-3.1162844,-0.93368614,-0.23495698,-0.27023292,0
-3.3561673,-2.5142958,-3.0784523,-0.93368614,-0.23495698,-0.27023292,0
-0.78589821,2.4438362,-3.9351673,-0.15610766,0.94622904,-0.28333962,0
5.1057215,-3.1386299,-1.054894,0.15610766,-0.94622904,0.28333962,0
2.3164225,-0.76525021,-2.8773305,0.32227463,-0.22236502,-0.92015934,0
3.6673994,-1.2040541,-2.3053257,0.32227463,-0.22236502,-0.92015934,0
-1.9341011,-4.5951657,-1.8501039,0.15610766,-0.94622904,0.28333962,0
-4.5332627,-3.5321093,1.9216342,-0.93368614,-0.23495698,-0.27023292,0
4.3431039,2.9667006,-0.65179825,0.93368614,0.23495698,0.27023292,0
-4.0955772,-0.7358849,-1.7815084,-0.93368614,-0.23495698,-0.27023292,0
-0.75006163,-1.9578366,-3.5201468,0.32227463,-0.22236502,-0.92015934,0
3.7152712,2.7459559,1.4774888,0.93368614,0.23495698,0.27023292,0
1.6427345,-2.1910722,-2.6086404,0.32227463,-0.22236502,-0.92015934,0
4.1562486,-2.5279009,1.5535221,0.15610766,-0.94622904,0.28333962,0
1.6665275,4.556983,2.0990658,-0.15610766,0.94622904,-0.28333962,0
2.8723714,3.1834235,4.1254163,-0.32227463,0.22236502,0.92015934,0
5.5176992,-2.7130048,-0.42028761,0.93368614,0.23495698,0.27023292,0
0.33008862,3.7392838,3.1102004,-0.32227463,0.22236502,0.92015934,0
-3.1121774,1.6957903,-5.0777702,-0.15610766,0.94622904,-0.28333962,0
3.8402252,-0.061301708,3.2405496,0.93368614,0.23495698,0.27023292,0
4.3923793,-0.53042936,1.8807602,0.93368614,0.23495698,0.27023292,0
0.068646699,-0.098104,-3.6568854,0.32227463,-0.22236502,-0.92015934,0
1.8376417,3.0948412,-2.8864467,-0.15610766,0.94622904,-0.28333962,0
2.2379615,-3.3595374,-0.17018104,0.15610766,-0.94622904,0.28333962,0
2.223978,3.8518872,-1.0292701,-0.15610766,0.94622904,-0.28333962,0
-5.7843981,2.5135407,1.082274,-0.32227463,0.22236502,0.92015934,0
0.14438391,4.4568386,2.5488276,-0.15610766,0.94622904,-0.28333962,0
4.0368233,-1.3107641,3.924881,0.93368614,0.23495698,0.27023292,0
-4.546432,-3.452147,2.0517464,-0.93368614,-0.23495698,-0.27023292,0
4.6344848,-0.9189074,-1.9112136,0.32227463,-0.22236502,-0.92015934,0
4.5846405,3.6158543,-2.9585328,-0.15610766,0.94622904,-0.28333962,0
4.8343468,3.2533357,-2.5264251,0.93368614,0.23495698,0.27023292,0
2.6051817,-1.1202536,5.0489578,-0.32227463,0.22236502,0.92015934,0
-4.3107047,0.39046705,-1.8553414,-0.93368614,-0.23495698,-0.27023292,0
-1.0421576,3.5076957,0.037929058,-0.15610766,0.94622904,-0.28333962,0
5.2967129,-2.5718358,0.24737787,0.93368614,0.23495698,0.27023292,0
-3.5107055,-3.5683169,2.5028076,0.15610766,-0.94622904,0.28333962,0
0.42211771,3.1447933,3.2995467,-0.32227463,0.22236502,0.92015934,0
2.1140614,3.7415147,-0.99638927,-0.15610766,0.94622904,-0.28333962,0
4.0137501,-2.7405248,1.2401252,0.15610766,-0.94622904,0.28333962,0
4.2889605,0.39306951,1.7166567,0.93368614,0.23495698,0.27023292,0
0.38832521,4.2481022,1.5699797,-0.15610766,0.94622904,-0.28333962,0
-4.6942692,2.0389853,1.7174764,-0.32227463,0.22236502,0.92015934,0
4.4490871,-0.90170324,1.8113985,0.93368614,0.23495698,0.27023292,0
0.62863684,-2.8340666,2.4558554,0.15610766,-0.94622904,0.28333962,0
-1.052568,-2.1436846,-3.5674043,0.32227463,-0.22236502,-0.92015934,0
4.5513525,2.4303861,-1.0072386,0.93368614,0.23495698,0.27023292,0
2.802484,-0.84101582,5.0682688,-0.32227463,0.22236502,0.92015934,0
-0.56568789,2.9636726,-2.0268235,-0.15610766,0.94622904,-0.28333962,0
-4.6804771,1.4183352,-2.0476255,-0.93368614,-0.23495698,-0.27023292,0
2.0552924,-2.9427035,1.2007108,0.15610766,-0.94622904,0.28333962,0
2.4162776,3.4788969,-1.8071682,-0.15610766,0.94622904,-0.28333962,0
-0.1782937,-4.2126484,-1.5990278,0.15610766,-0.94622904,0.28333962,0
1.3503268,0.17524314,-3.4757862,0.32227463,-0.22236502,-0.92015934,0
-3.276443,-3.7745354,-1.8274372,-0.93368614,-0.23495698,-0.27023292,0
-2.0361495,2.3481421,-3.2983766,-0.15610766,0.94622904,-0.28333962,0
1.3674893,-4.0249052,-1.4978112,0.15610766,-0.94622904,0.28333962,0
-5.1132536,-0.97101468,1.5851476,-0.93368614,-0.23495698,-0.27023292,0
-4.4502835,0.42690575,-1.6325469,-0.93368614,-0.23495698,-0.27023292,0
-0.0813694,-3.9562354,-0.48229244,0.15610766,-0.94622904,0.28333962,0
-5.3914051,1.6372726,0.41038561,-0.93368614,-0.23495698,-0.27023292,0
-4.5061321,1.9312048,-2.8560863,-0.93368614,-0.23495698,-0.27023292,0
4.7406158,0.62999594,-2.3649087,0.32227463,-0.22236502,-0.92015934,0
-4.281395,1.1881263,-3.0926566,-0.93368614,-0.23495698,-0.27023292,0
1.4312017,0.55839396,-3.486496,0.32227463,-0.22236502,-0.92015934,0
4.6708231,3.2474074,-3.0451009,0.32227463,-0.22236502,-0.92015934,0
3.3920524,2.790241,2.7348814,0.93368614,0.23495698,0.27023292,0
4.7914457,0.42625391,-0.33452845,0.93368614,0.23495698,0.27023292,0
-0.77985609,0.90586877,3.315465,-0.32227463,0.22236502,0.92015934,0
3.786469,3.908524,0.36175489,0.93368614,0.23495698,0.27023292,0
1.4808822,1.33318,4.0871973,-0.32227463,0.22236502,0.92015934,0
-3.6185052,-0.51229072,2.6990702,-0.32227463,0.22236502,0.92015934,0
3.8345251,-3.3249078,-0.53884554,0.15610766,-0.94622904,0.28333962,0
-3.9429548,3.3153262,1.6880019,-0.32227463,0.22236502,0.92015934,0
1.8877878,-0.7034626,4.6106873,-0.32227463,0.22236502,0.92015934,0
-3.5771616,-2.8825233,-1.9905603,-0.93368614,-0.23495698,-0.27023292,0
-5.2441435,1.6324185,0.039610386,-0.93368614,-0.23495698,-0.27023292,0
-0.19856167,4.1227942,1.3600273,-0.15610766,0.94622904,-0.28333962,0
-4.0102053,0.83318233,-3.8766994,-0.93368614,-0.23495698,-0.27023292,0
1.3282731,3.547015,3.4711032,-0.32227463,0.22236502,0.92015934,0
5.2797194,-3.0188463,-0.35546303,0.15610766,-0.94622904,0.28333962,0
-3.7762296,-0.2796793,-3.5180349,-0.93368614,-0.23495698,-0.27023292,0
4.6287923,3.8325255,-2.3980498,0.93368614,0.23495698,0.27023292,0
-3.0416443,-4.6972251,-1.6822422,0.15610766,-0.94622904,0.28333962,0
-3.1004128,0.56470942,2.5241857,-0.32227463,0.22236502,0.92015934,0
-2.9326189,-3.5140271,2.2500811,0.15610766,-0.94622904,0.28333962,0
3.9693358,-0.84726787,3.5019736,0.93368614,0.23495698,0.27023292,0
4.404953,2.7657843,-0.94646478,0.93368614,0.23495698,0.27023292,0
3.005748,-2.5575697,1.8283775,0.15610766,-0.94622904,0.28333962,0
1.0968759,1.6598406,3.8485436,-0.32227463,0.22236502,0.92015934,0
2.420166,3.7129493,-1.1902523,-0.15610766,0.94622904,-0.28333962,0
-4.0179868,-0.81961823,-2.3275909,-0.93368614,-0.23495698,-0.27023292,0
-4.1069922,0.56921005,-2.8937278,-0.93368614,-0.23495698,-0.27023292,0
4.9190841,1.1597791,-1.6733646,0.93368614,0.23495698,0.27023292,0
-0.50963235,3.40172,-0.52921736,-0.15610766,0.94622904,-0.28333962,0
1.9972858,-3.1488628,0.78501272,0.15610766,-0.94622904,0.28333962,0
2.733952,4.1175966,3.3325286,0.93368614,0.23495698,0.27023292,0
-3.0597987,3.2795925,1.9203774,-0.32227463,0.22236502,0.92015934,0
-3.4011991,-0.48261261,-4.4954214,-0.93368614,-0.23495698,-0.27023292,0
-2.2156429,-4.9807844,-3.3202276,0.32227463,-0.22236502,-0.92015934,0
0.42813385,-1.0057847,-3.5013907,0.32227463,-0.22236502,-0.92015934,0
2.2452166,-3.5813036,-0.78192139,0.15610766,-0.94622904,0.28333962,0
-0.39727926,2.9497206,2.8742907,-0.32227463,0.22236502,0.92015934,0
-2.1593614,3.1584992,-0.42929482,-0.15610766,0.94622904,-0.28333962,0
-1.7172731,-2.978369,3.1923599,0.15610766,-0.94622904,0.28333962,0
0.015293062,0.33291912,3.7829421,-0.32227463,0.22236502,0.92015934,0
1.9298719,2.1556511,4.0667157,-0.32227463,0.22236502,0.92015934,0
3.9539135,0.10656953,3.1774445,0.93368614,0.23495698,0.27023292,0
-0.93623149,1.5168028,3.0361609,-0.32227463,0.22236502,0.92015934,0
2.677618,0.34566998,-2.9101095,0.32227463,-0.22236502,-0.92015934,0
-1.5359566,-2.4376278,3.8810606,-0.32227463,0.22236502,0.92015934,0
1.9332092,-2.4191988,-2.5341921,0.32227463,-0.22236502,-0.92015934,0
-2.7846298,-2.2518766,3.449441,-0.32227463,0.22236502,0.92015934,0
-3.4493575,-3.6820006,-1.5235782,-0.93368614,-0.23495698,-0.27023292,0
2.9552195,-1.3906407,5.0718956,-0.32227463,0.22236502,0.92015934,0
0.42346072,2.9095275,-2.7351565,-0.15610766,0.94622904,-0.28333962,0
4.2210655,-2.3766384,2.0206919,0.15610766,-0.94622904,0.28333962,0
-2.3925879,3.4090042,0.14165568,-0.15610766,0.94622904,-0.28333962,0
-4.9419723,2.9730818,0.30023861,-0.15610766,0.94622904,-0.28333962,0
-3.5168819,-2.6340992,-2.355161,-0.93368614,-0.23495698,-0.27023292,0
0.70514965,-3.3176289,0.58921945,0.15610766,-0.94622904,0.28333962,0
5.7599945,-2.8806748,-1.1155367,0.32227463,-0.22236502,-0.92015934,0
1.6425521,-3.2717607,0.17486334,0.15610766,-0.94622904,0.28333962,0
3.8157032,-1.4566653,-2.180135,0.32227463,-0.22236502,-0.92015934,0
-0.2063632,-4.2019844,-1.2915936,0.15610766,-0.94622904,0.28333962,0
4.9501677,-1.1313243,-1.7381756,0.32227463,-0.22236502,-0.92015934,0
-2.0347757,-4.9440188,-3.2660034,0.15610766,-0.94622904,0.28333962,0
2.1116419,-2.1547763,4.0607166,0.15610766,-0.94622904,0.28333962,0
-5.5411277,2.5873699,1.2100711,-0.32227463,0.22236502,0.92015934,0
-3.5766206,-4.2786155,-0.49774361,-0.93368614,-0.23495698,-0.27023292,0
-3.447758,3.1465235,1.8935938,-0.32227463,0.22236502,0.92015934,0
-5.1577339,3.0305464,0.88475561,-0.15610766,0.94622904,-0.28333962,0
-2.4540148,0.81556034,-4.8066282,0.32227463,-0.22236502,-0.92015934,0
-3.5885806,2.0869665,-3.4098868,-0.15610766,0.94622904,-0.28333962,0
-0.24306822,-3.2423043,1.4353749,0.15610766,-0.94622904,0.28333962,0
-3.7808728,-2.53055,-1.6522055,-0.93368614,-0.23495698,-0.27023292,0
-3.3987386,2.1523237,-3.494329,-0.15610766,0.94622904,-0.28333962,0
-2.1083179,0.50970793,2.9693017,-0.32227463,0.22236502,0.92015934,0
-2.3513577,3.2998521,2.1999271,-0.32227463,0.22236502,0.92015934,0
-4.646244,0.34919012,-0.89840794,-0.93368614,-0.23495698,-0.27023292,0
-1.5284852,0.097695351,-4.393158,0.32227463,-0.22236502,-0.92015934,0
4.6682334,0.13448763,-2.1552129,0.32227463,-0.22236502,-0.92015934,0
-4.8313713,1.1385213,-1.1544757,-0.93368614,-0.23495698,-0.27023292,0
4.6802974,1.0654317,-0.15888214,0.93368614,0.23495698,0.27023292,0
-3.7208743,-0.21165371,-3.4713273,-0.93368614,-0.23495698,-0.27023292,0
3.4581392,-0.20782185,4.7596631,0.93368614,0.23495698,0.27023292,0
3.5247192,1.3780618,3.3056884,0.93368614,0.23495698,0.27023292,0
1.234764,-0.82068777,4.5412264,-0.32227463,0.22236502,0.92015934,0
-3.2047086,-0.55266714,-4.8977146,0.32227463,-0.22236502,-0.92015934,0
-3.8434217,-2.9273667,-0.9170804,-0.93368614,-0.23495698,-0.27023292,0
-3.1226439,-3.2966776,3.1509228,0.15610766,-0.94622904,0.28333962,0
1.5281575,4.3105483,1.4007596,-0.15610766,0.94622904,-0.28333962,0
3.4280446,3.7024975,1.7196796,0.93368614,0.23495698,0.27023292,0
-5.6598539,2.491291,1.0975733,-0.93368614,-0.23495698,-0.27023292,0
-4.4688153,-2.0701728,0.85219741,-0.93368614,-0.23495698,-0.27023292,0
1.4595742,2.527442,3.8037457,-0.32227463,0.22236502,0.92015934,0
0.14653265,-1.8254683,4.3388524,-0.32227463,0.22236502,0.92015934,0
-1.0522051,-4.7556763,-2.9592113,0.15610766,-0.94622904,0.28333962,0
1.1651235,4.266747,0.99606627,-0.15610766,0.94622904,-0.28333962,0
-2.0986931,2.7257519,2.4003398,-0.32227463,0.22236502,0.92015934,0
-4.5537443,1.3960818,-2.1991711,-0.93368614,-0.23495698,-0.27023292,0
-0.8642509,1.4893591,-4.5640926,0.32227463,-0.22236502,-0.92015934,0
5.5546947,-1.9502344,-1.1216292,0.93368614,0.23495698,0.27023292,0
3.3704624,1.5564191,3.4342048,0.93368614,0.23495698,0.27023292,0
4.8252902,-0.85863018,0.97158575,0.93368614,0.23495698,0.27023292,0
-5.3343401,0.71742737,1.4671288,-0.93368614,-0.23495698,-0.27023292,0
-3.4404705,-0.4139061,-4.7154388,-0.93368614,-0.23495698,-0.27023292,0
-5.4058075,0.72585678,1.2227612,-0.93368614,-0.23495698,-0.27023292,0
-4.8902192,-0.096350119,0.25504923,-0.93368614,-0.23495698,-0.27023292,0
-4.0262642,0.55940413,2.1942036,-0.32227463,0.22236502,0.92015934,0
-4.779336,2.5640731,1.5021992,-0.32227463,0.22236502,0.92015934,0
-2.8756909,2.2170186,2.2207336,-0.32227463,0.22236502,0.92015934,0
5.0470257,0.75653839,-2.2037694,0.32227463,-0.22236502,-0.92015934,0
5.1195478,-2.0935962,-1.4059033,0.32227463,-0.22236502,-0.92015934,0
4.0943604,2.5749338,0.36540937,0.93368614,0.23495698,0.27023292,0
-4.8330612,-0.66089219,0.4025979,-0.93368614,-0.23495698,-0.27023292,0
4.2127743,1.9991341,0.54269838,0.93368614,0.23495698,0.27023292,0
-1.8245254,-0.08809185,-4.3735566,0.32227463,-0.22236502,-0.92015934,0
1.7141268,-0.067507744,-3.1002018,0.32227463,-0.22236502,-0.92015934,0
1.8015025,-0.42129612,4.6031561,-0.32227463,0.22236502,0.92015934,0
-0.85641527,-2.0248857,-3.602098,0.32227463,-0.22236502,-0.92015934,0
-0.5948267,0.74987006,3.4797082,-0.32227463,0.22236502,0.92015934,0
-0.020222187,3.8766546,0.76906782,-0.15610766,0.94622904,-0.28333962,0
2.9276299,2.9613321,-3.5163093,0.32227463,-0.22236502,-0.92015934,0
-1.6612279,3.6267138,0.60420036,-0.15610766,0.94622904,-0.28333962,0
4.7916074,-3.3064032,-1.3797107,0.15610766,-0.94622904,0.28333962,0
3.3052857,1.4404273,4.1618924,0.93368614,0.23495698,0.27023292,0
1.2288971,-3.6384289,-2.4588819,0.32227463,-0.22236502,-0.92015934,0
-3.729779,0.7940526,-4.4418082,-0.93368614,-0.23495698,-0.27023292,0
-2.5130973,-1.5335951,3.2256875,-0.32227463,0.22236502,0.92015934,0
3.7865996,-2.7894456,0.97567081,0.15610766,-0.94622904,0.28333962,0
0.47913408,3.3451982,-1.1581159,-0.15610766,0.94622904,-0.28333962,0
4.0609484,2.1824493,-2.9383264,0.32227463,-0.22236502,-0.92015934,0
0.94488478,-1.3534167,4.3923278,-0.32227463,0.22236502,0.92015934,0
2.1538503,1.9960279,-3.5192065,0.32227463,-0.22236502,-0.92015934,0
-1.2225847,-4.4025097,-1.4268816,0.15610766,-0.94622904,0.28333962,0
-3.8697243,-2.6460257,-1.3110156,-0.93368614,-0.23495698,-0.27023292,0
-1.1002288,-4.1699004,-1.0865171,0.15610766,-0.94622904,0.28333962,0
4.3400102,0.35891974,1.4735928,0.93368614,0.23495698,0.27023292,0
4.0633507,-1.8892263,-1.8328838,0.32227463,-0.22236502,-0.92015934,0
-4.028358,-3.5678964,0.26133871,-0.93368614,-0.23495698,-0.27023292,0
-4.4722567,-1.1704038,2.4412377,-0.32227463,0.22236502,0.92015934,0
3.256721,4.3881712,0.76439309,-0.15610766,0.94622904,-0.28333962,0
3.3486934,-0.19287395,4.9920006,-0.32227463,0.22236502,0.92015934,0
3.1414027,-2.3194227,-2.0540869,0.32227463,-0.22236502,-0.92015934,0
-0.0047323704,-2.6945429,3.3092318,0.15610766,-0.94622904,0.28333962,0
2.7371244,3.8642983,3.5327682,0.93368614,0.23495698,0.27023292,0
3.7004948,2.2293682,1.9860663,0.93368614,0.23495698,0.27023292,0
0.27201891,-2.4031003,-3.0935369,0.32227463,-0.22236502,-0.92015934,0
1.093608,0.64726639,-3.5226836,0.32227463,-0.22236502,-0.92015934,0
-2.7295256,-0.26876712,2.8076601,-0.32227463,0.22236502,0.92015934,0
-1.3527484,3.6834078,0.99423271,-0.15610766,0.94622904,-0.28333962,0
1.642077,1.1918244,-3.4577327,0.32227463,-0.22236502,-0.92015934,0
1.3465533,-2.0429304,-2.8190844,0.32227463,-0.22236502,-0.92015934,0
0.62088317,-0.31553721,-3.4172339,0.32227463,-0.22236502,-0.92015934,0
2.9526441,3.2629731,-3.00109,-0.15610766,0.94622904,-0.28333962,0
-0.093265057,3.8959427,0.65821785,-0.15610766,0.94622904,-0.28333962,0
4.2989354,0.092672944,1.5595703,0.93368614,0.23495698,0.27023292,0
5.2535868,-0.4919914,-1.9020176,0.32227463,-0.22236502,-0.92015934,0
-5.0932627,-0.86858726,1.9941156,-0.93368614,-0.23495698,-0.27023292,0
2.7163184,4.808001,1.9979854,-0.15610766,0.94622904,-0.28333962,0
-1.0271006,2.8502769,-2.175386,-0.15610766,0.94622904,-0.28333962,0
2.311362,-2.9934702,1.033181,0.15610766,-0.94622904,0.28333962,0
0.24003839,3.9725194,0.91522956,-0.15610766,0.94622904,-0.28333962,0
1.4598002,-3.9944103,-1.9876914,0.15610766,-0.94622904,0.28333962,0
1.060226,4.1590786,0.65681607,-0.15610766,0.94622904,-0.28333962,0
4.5645514,-1.3979981,1.9265242,0.93368614,0.23495698,0.27023292,0
0.43176782,1.6244764,3.6394858,-0.32227463,0.22236502,0.92015934,0
-3.9125013,2.5730879,-1.5068383,-0.15610766,0.94622904,-0.28333962,0
-4.1049833,-1.2367859,-1.2214527,-0.93368614,-0.23495698,-0.27023292,0
-3.6415167,-3.5836778,-1.1360543,-0.93368614,-0.23495698,-0.27023292,0
-3.0340605,-3.7015095,1.5578693,0.15610766,-0.94622904,0.28333962,0
-3.3192081,1.8922286,-4.3314934,-0.15610766,0.94622904,-0.28333962,0
-4.5852809,1.5913327,-2.0072675,-0.93368614,-0.23495698,-0.27023292,0
-0.76857066,-4.2291346,-1.1864115,0.15610766,-0.94622904,0.28333962,0
3.1300263,3.5236523,2.9817748,0.93368614,0.23495698,0.27023292,0
1.3719647,-2.4508972,-2.8164163,0.32227463,-0.22236502,-0.92015934,0
-0.29101464,-0.6975565,3.7721221,-0.32227463,0.22236502,0.92015934,0
3.5346713,-1.8335369,-2.1095595,0.32227463,-0.22236502,-0.92015934,0
1.2924192,-0.69371748,4.4312797,-0.32227463,0.22236502,0.92015934,0
-3.2668581,-3.0935621,3.4825776,-0.32227463,0.22236502,0.92015934,0
1.4880824,4.7727833,2.7625785,-0.15610766,0.94622904,-0.28333962,0
2.0465631,3.0420113,-3.3480351,-0.15610766,0.94622904,-0.28333962,0
1.3236098,-3.5091159,-2.5467975,0.32227463,-0.22236502,-0.92015934,0
2.6243162,3.9000728,-1.0525857,-0.15610766,0.94622904,-0.28333962,0
-4.3986511,1.4085141,-2.8861074,-0.93368614,-0.23495698,-0.27023292,0
-2.9155509,2.3983109,-2.9225667,-0.15610766,0.94622904,-0.28333962,0
-1.4517546,3.4408686,0.20740175,-0.15610766,0.94622904,-0.28333962,0
-1.2556515,2.7694881,-2.6978467,-0.15610766,0.94622904,-0.28333962,0
2.8754625,1.3640728,4.5146499,-0.32227463,0.22236502,0.92015934,0
3.7694488,-0.2141366,3.5300808,0.93368614,0.23495698,0.27023292,0
-1.8450351,1.2075186,2.9006414,-0.32227463,0.22236502,0.92015934,0
-4.9143553,-2.7957559,2.4859562,-0.93368614,-0.23495698,-0.27023292,0
0.43307906,0.0025010109,-3.6638479,0.32227463,-0.22236502,-0.92015934,0
-1.5651567,-1.9932733,-3.8565493,0.32227463,-0.22236502,-0.92015934,0
-3.8704925,-3.7958241,0.098325014,-0.93368614,-0.23495698,-0.27023292,0
-3.6377671,-4.1058345,0.56370544,0.15610766,-0.94622904,0.28333962,0
-4.6165957,0.76726675,-1.5291629,-0.93368614,-0.23495698,-0.27023292,0
2.2862711,-1.0106347,-2.7901304,0.32227463,-0.22236502,-0.92015934,0
-4.3341255,-2.4549463,0.25738573,-0.93368614,-0.23495698,-0.27023292,0
-2.2001867,1.1010308,-4.742198,0.32227463,-0.22236502,-0.92015934,0
4.8087835,-1.8659014,1.3934603,0.93368614,0.23495698,0.27023292,0
-1.7742317,-2.1965756,3.7138767,-0.32227463,0.22236502,0.92015934,0
4.7336016,2.3840914,-1.7892497,0.93368614,0.23495698,0.27023292,0
-1.6608238,0.91549301,-4.700727,0.32227463,-0.22236502,-0.92015934,0
-1.5789282,-1.4568238,3.5208073,-0.32227463,0.22236502,0.92015934,0
-3.6573658,3.3653102,1.814312,-0.32227463,0.22236502,0.92015934,0
1.0539391,-1.6616137,-2.9693432,0.32227463,-0.22236502,-0.92015934,0
-2.5514011,2.251641,-3.3423498,-0.15610766,0.94622904,-0.28333962,0
1.1540475,3.8383284,-0.29907063,-0.15610766,0.94622904,-0.28333962,0
1.8013883,-0.2364893,-3.0738208,0.32227463,-0.22236502,-0.92015934,0
2.164284,-2.4689803,3.0111685,0.15610766,-0.94622904,0.28333962,0
-2.5182195,3.3381076,0.28996348,-0.15610766,0.94622904,-0.28333962,0
-0.76689577,2.5795207,-3.0938187,-0.15610766,0.94622904,-0.28333962,0
-3.374238,3.5675266,1.1275322,-0.15610766,0.94622904,-0.28333962,0
-2.9225063,-3.933104,-2.9059792,-0.93368614,-0.23495698,-0.27023292,0
3.8625026,2.7822428,1.0412126,0.93368614,0.23495698,0.27023292,0
3.7499266,3.7974572,0.14868402,0.93368614,0.23495698,0.27023292,0
-0.1800389,-0.0038628578,-3.9415379,0.32227463,-0.22236502,-0.92015934,0
-2.7867389,-4.0763144,0.27697849,0.15610766,-0.94622904,0.28333962,0
-1.9606636,-3.9282389,0.155936,0.15610766,-0.94622904,0.28333962,0
-1.1925865,2.2240188,-4.1824403,-0.15610766,0.94622904,-0.28333962,0
-1.5832398,-3.7394052,0.94193369,0.15610766,-0.94622904,0.28333962,0
4.7973356,-0.15119582,0.17886066,0.93368614,0.23495698,0.27023292,0
-5.4654908,0.64624941,1.7503772,-0.93368614,-0.23495698,-0.27023292,0
4.7134352,3.6647186,-2.450829,0.93368614,0.23495698,0.27023292,0
-4.0204277,2.1337216,-2.9469199,-0.15610766,0.94622904,-0.28333962,0
0.56392717,3.2984419,-1.9721189,-0.15610766,0.94622904,-0.28333962,0
3.8683407,-3.3394876,-1.0577204,0.15610766,-0.94622904,0.28333962,0
-3.599299,3.4027147,1.1863048,-0.15610766,0.94622904,-0.28333962,0
-3.7390559,2.6535618,-1.4558654,-0.15610766,0.94622904,-0.28333962,0
-5.3646355,2.5201678,-0.074915886,-0.93368614,-0.23495698,-0.27023292,0
-2.2889807,-4.14079,-0.4730128,0.15610766,-0.94622904,0.28333962,0
4.5272202,1.1542863,0.19417095,0.93368614,0.23495698,0.27023292,0
-4.5839386,-1.1815233,0.024504185,-0.93368614,-0.23495698,-0.27023292,0
2.6240945,-2.3310223,3.0953074,0.15610766,-0.94622904,0.28333962,0
1.0153356,-2.9397106,2.1234894,0.15610766,-0.94622904,0.28333962,0
-4.3771124,-2.2827032,0.15486431,-0.93368614,-0.23495698,-0.27023292,0
1.9011483,-3.7684443,-1.4341402,0.15610766,-0.94622904,0.28333962,0
-5.5980101,2.1839745,0.60711575,-0.93368614,-0.23495698,-0.27023292,0
3.2404525,0.89164066,4.4283504,0.93368614,0.23495698,0.27023292,0
4.1245346,-1.6978872,4.2323961,0.93368614,0.23495698,0.27023292,0
0.1597271,3.042856,3.2075992,-0.32227463,0.22236502,0.92015934,0
0.09176302,4.1366525,1.3714838,-0.15610766,0.94622904,-0.28333962,0
2.8164487,4.0715199,3.1638198,0.93368614,0.23495698,0.27023292,0
3.8842759,-0.55310535,4.0197206,0.93368614,0.23495698,0.27023292,0
4.8997326,-2.6642542,-1.3725629,0.32227463,-0.22236502,-0.92015934,0
1.9278117,-1.7542188,4.9615135,-0.32227463,0.22236502,0.92015934,0
-0.89594215,-0.30264854,3.4756351,-0.32227463,0.22236502,0.92015934,0
4.1012735,-1.1241195,3.5235443,0.93368614,0.23495698,0.27023292,0
4.5673418,0.63820124,0.66807079,0.93368614,0.23495698,0.27023292,0
-4.9568338,-0.79247129,1.3148832,-0.93368614,-0.23495698,-0.27023292,0
-4.8410196,0.40057075,-0.30816317,-0.93368614,-0.23495698,-0.27023292,0
-1.6898046,-4.8886786,-3.1625648,0.32227463,-0.22236502,-0.92015934,0
4.9054461,1.8399878,-1.7614655,0.93368614,0.23495698,0.27023292,0
4.7503972,1.1424938,-0.61037207,0.93368614,0.23495698,0.27023292,0
-1.1240108,-0.24092245,-4.1029105,0.32227463,-0.22236502,-0.92015934,0
-2.9534893,-2.218101,-4.2227955,-0.93368614,-0.23495698,-0.27023292,0
3.4661853,-2.1790209,2.8185368,0.15610766,-0.94622904,0.28333962,0
2.7594404,5.0292058,2.8804538,0.93368614,0.23495698,0.27023292,0
4.4723568,3.616972,-2.2744343,0.93368614,0.23495698,0.27023292,0
0.17641181,-0.32407713,-3.6712792,0.32227463,-0.22236502,-0.92015934,0
-0.17302394,2.8499672,3.0913718,-0.32227463,0.22236502,0.92015934,0
4.0989165,0.6178776,1.6307864,0.93368614,0.23495698,0.27023292,0
-4.8513269,2.8823934,-0.26585245,-0.15610766,0.94622904,-0.28333962,0
-4.2013669,1.2774365,-3.2112608,-0.93368614,-0.23495698,-0.27023292,0
2.3908443,3.6383338,3.7341161,-0.32227463,0.22236502,0.92015934,0
2.3735261,-3.3890238,-0.49882793,0.15610766,-0.94622904,0.28333962,0
2.9397509,-1.932673,4.3669424,0.15610766,-0.94622904,0.28333962,0
-0.5741818,-3.4617774,-3.2736461,0.32227463,-0.22236502,-0.92015934,0
-3.623877,-3.7208824,-0.71271658,-0.93368614,-0.23495698,-0.27023292,0
3.3924484,-1.714201,5.0210476,0.15610766,-0.94622904,0.28333962,0
-0.97533798,4.0619526,2.0602033,-0.15610766,0.94622904,-0.28333962,0
1.057228,1.2474754,-3.6605475,0.32227463,-0.22236502,-0.92015934,0
2.7754331,4.1311455,0.16980338,-0.15610766,0.94622904,-0.28333962,0
-5.0336404,0.46897802,0.48044968,-0.93368614,-0.23495698,-0.27023292,0
-4.4988718,-1.6118293,-0.026231766,-0.93368614,-0.23495698,-0.27023292,0
5.5018487,-1.5304343,-1.2792416,0.93368614,0.23495698,0.27023292,0
0.57858849,-4.2522678,-2.6551199,0.32227463,-0.22236502,-0.92015934,0
-4.605237,-2.2064357,0.83691692,-0.93368614,-0.23495698,-0.27023292,0
0.36021805,-3.0367711,-2.9504621,0.32227463,-0.22236502,-0.92015934,0
4.111002,-1.1439226,3.2181368,0.93368614,0.23495698,0.27023292,0
3.6675384,-1.1910605,5.1677923,0.93368614,0.23495698,0.27023292,0
2.3438451,2.0382824,-3.4489815,0.32227463,-0.22236502,-0.92015934,0
1.545567,-3.6720078,-1.0445772,0.15610766,-0.94622904,0.28333962,0
2.1429491,4.9446416,2.9919682,-0.15610766,0.94622904,-0.28333962,0
5.1938648,-2.3436685,0.76978683,0.93368614,0.23495698,0.27023292,0
0.35279512,2.5957375,-3.8899035,-0.15610766,0.94622904,-0.28333962,0
2.5805345,3.8272948,-0.72854269,-0.15610766,0.94622904,-0.28333962,0
4.2254009,-1.2365873,2.9455767,0.93368614,0.23495698,0.27023292,0
-3.9701734,2.686604,1.7952719,-0.32227463,0.22236502,0.92015934,0
-3.9967921,0.4232173,-3.006206,-0.93368614,-0.23495698,-0.27023292,0
2.9561505,4.5997381,2.4215336,0.93368614,0.23495698,0.27023292,0
2.3127475,0.062496662,4.6209612,-0.32227463,0.22236502,0.92015934,0
-4.0360575,0.010162592,-2.8665619,-0.93368614,-0.23495698,-0.27023292,0
-1.0127058,-2.8591869,3.1098032,0.15610766,-0.94622904,0.28333962,0
5.1024852,-1.8495762,0.90197468,0.93368614,0.23495698,0.27023292,0
-5.2347479,0.058621764,1.3552046,-0.93368614,-0.23495698,-0.27023292,0
-2.367501,2.1288838,-3.7716899,-0.15610766,0.94622904,-0.28333962,0
-4.6674929,2.859973,-0.25397253,-0.15610766,0.94622904,-0.28333962,0
-1.5171953,1.6146462,2.8856158,-0.32227463,0.22236502,0.92015934,0
-3.7787805,-4.2478876,0.048265457,-0.93368614,-0.23495698,-0.27023292,0
4.000123,-2.7936492,0.71747875,0.15610766,-0.94622904,0.28333962,0
1.0963205,-1.0394781,-3.2151284,0.32227463,-0.22236502,-0.92015934,0
-3.4660647,-4.4936213,-0.47490168,0.15610766,-0.94622904,0.28333962,0
1.8070753,4.2027569,1.0006818,-0.15610766,0.94622904,-0.28333962,0
-4.3556314,1.3233023,-3.0487041,-0.93368614,-0.23495698,-0.27023292,0
0.65352821,-4.0972977,-1.7407333,0.15610766,-0.94622904,0.28333962,0
3.6940789,2.7875099,1.7952292,0.93368614,0.23495698,0.27023292,0
-4.462214,1.4681975,-2.6612792,-0.93368614,-0.23495698,-0.27023292,0
3.1678035,2.0602479,4.1577525,0.93368614,0.23495698,0.27023292,0
3.1299753,-1.5219855,5.1838012,-0.32227463,0.22236502,0.92015934,0
2.052597,-2.6795979,2.6134434,0.15610766,-0.94622904,0.28333962,0
4.7163963,-1.3759115,1.7563343,0.93368614,0.23495698,0.27023292,0
3.5385396,-2.3238363,2.3520799,0.15610766,-0.94622904,0.28333962,0
-0.070054054,-4.4253931,-2.4898574,0.15610766,-0.94622904,0.28333962,0
0.9189328,-1.6293967,4.4969573,-0.32227463,0.22236502,0.92015934,0
-0.88778448,-2.3157582,4.1489563,-0.32227463,0.22236502,0.92015934,0
0.0065543652,2.2151864,-4.2732544,0.32227463,-0.22236502,-0.92015934,0
-2.7170546,-4.2017808,0.019508839,0.15610766,-0.94622904,0.28333962,0
-0.78289413,-4.5725698,-3.0116699,0.32227463,-0.22236502,-0.92015934,0
3.1272659,1.7854629,4.1890993,0.93368614,0.23495698,0.27023292,0
-2.8624601,1.3146226,2.5539539,-0.32227463,0.22236502,0.92015934,0
-2.8934186,0.43163919,2.7135291,-0.32227463,0.22236502,0.92015934,0
0.013735533,3.5892668,-0.56944191,-0.15610766,0.94622904,-0.28333962,0
-1.4870555,-4.6213722,-3.1226971,0.32227463,-0.22236502,-0.92015934,0
4.9871559,0.07880497,-2.0060747,0.32227463,-0.22236502,-0.92015934,0
2.2457736,4.9526453,2.8067927,-0.15610766,0.94622904,-0.28333962,0
-3.3836524,-2.4413023,-2.5601435,-0.93368614,-0.23495698,-0.27023292,0
0.30614227,0.2313261,-3.7424726,0.32227463,-0.22236502,-0.92015934,0
0.20709181,4.4197226,2.5332232,-0.15610766,0.94622904,-0.28333962,0
-2.2993629,0.10396194,-4.5518188,0.32227463,-0.22236502,-0.92015934,0
1.6999638,4.5607796,2.1343937,-0.15610766,0.94622904,-0.28333962,0
3.0999608,4.636095,1.6250322,-0.15610766,0.94622904,-0.28333962,0
0.71181297,-3.1391137,1.1837091,0.15610766,-0.94622904,0.28333962,0
-5.0067587,2.7933216,-0.23450708,-0.15610766,0.94622904,-0.28333962,0
4.9879732,-2.6707735,-1.4829311,0.32227463,-0.22236502,-0.92015934,0
2.8070879,-3.6969786,-1.8464673,0.15610766,-0.94622904,0.28333962,0
0.89854246,0.44073272,-3.6821182,0.32227463,-0.22236502,-0.92015934,0
0.93706012,-2.5630724,3.0451012,0.15610766,-0.94622904,0.28333962,0
4.3859849,-0.18211818,1.3637009,0.93368614,0.23495698,0.27023292,0
-5.3276596,0.53549802,1.8382044,-0.32227463,0.22236502,0.92015934,0
-3.8124127,3.2893636,0.55114365,-0.15610766,0.94622904,-0.28333962,0
-0.89376187,-0.10729361,-4.0361614,0.32227463,-0.22236502,-0.92015934,0
-3.3108358,2.4306784,-2.5994606,-0.15610766,0.94622904,-0.28333962,0
4.2217393,-0.69876051,2.9795909,0.93368614,0.23495698,0.27023292,0
-3.3532016,3.3665566,1.8982911,-0.32227463,0.22236502,0.92015934,0
1.7413323,3.7959404,-0.33550954,-0.15610766,0.94622904,-0.28333962,0
-4.1713619,-3.8913164,1.4316106,0.15610766,-0.94622904,0.28333962,0
-1.3749807,-4.3149157,-3.3196611,0.32227463,-0.22236502,-0.92015934,0
-4.6710529,1.8098155,-1.9983397,-0.93368614,-0.23495698,-0.27023292,0
-0.252738,4.4083109,2.5884776,-0.15610766,0.94622904,-0.28333962,0
-5.2381606,1.4594071,1.5465994,-0.32227463,0.22236502,0.92015934,0
1.0070608,2.0093653,-3.9890969,0.32227463,-0.22236502,-0.92015934,0
4.1035967,-0.7969048,3.4501944,0.93368614,0.23495698,0.27023292,0
4.6765642,1.7482345,-2.5472322,0.32227463,-0.22236502,-0.92015934,0
3.9085178,4.2098947,-0.17744613,0.93368614,0.23495698,0.27023292,0
-3.909729,0.60276771,-3.7525496,-0.93368614,-0.23495698,-0.27023292,0
0.78261983,-0.46068788,-3.4339039,0.32227463,-0.22236502,-0.92015934,0
1.1240385,1.4602449,-3.8634322,0.32227463,-0.22236502,-0.92015934,0
-3.8885584,-2.0266383,-1.7773499,-0.93368614,-0.23495698,-0.27023292,0
-4.7561197,0.578408,2.0563495,-0.32227463,0.22236502,0.92015934,0
2.1485426,4.3518605,1.117866,-0.15610766,0.94622904,-0.28333962,0
2.1917827,3.6837754,-1.2452714,-0.15610766,0.94622904,-0.28333962,0
-3.7561235,-2.4247718,-1.6252601,-0.93368614,-0.23495698,-0.27023292,0
-2.6457989,-4.738234,-2.1830699,0.15610766,-0.94622904,0.28333962,0
-4.5480824,3.1903901,0.73871231,-0.15610766,0.94622904,-0.28333962,0
-3.991775,-3.6054208,0.058071375,-0.93368614,-0.23495698,-0.27023292,0
-0.5741539,0.17520928,3.4805744,-0.32227463,0.22236502,0.92015934,0
2.4613194,3.7298214,-1.0954926,-0.15610766,0.94622904,-0.28333962,0
-1.8297267,3.8259609,2.1946998,-0.32227463,0.22236502,0.92015934,0
-3.3460412,-0.56428933,2.6650054,-0.32227463,0.22236502,0.92015934,0
1.5199509,-3.864476,-1.3950222,0.15610766,-0.94622904,0.28333962,0
2.7798202,0.06872201,-2.8326552,0.32227463,-0.22236502,-0.92015934,0
-2.9123735,-3.2628922,2.8745995,0.15610766,-0.94622904,0.28333962,0
0.56433344,-2.6655407,-2.865186,0.32227463,-0.22236502,-0.92015934,0
-1.7872483,-3.1509058,2.8444638,0.15610766,-0.94622904,0.28333962,0
-0.92910445,-1.2203262,3.7259507,-0.32227463,0.22236502,0.92015934,0
-2.1384819,-4.9494586,-3.4126897,0.32227463,-0.22236502,-0.92015934,0
4.2482848,0.054154158,1.6610842,0.93368614,0.23495698,0.27023292,0
2.3176782,2.1542826,4.0848832,-0.32227463,0.22236502,0.92015934,0
0.89384294,-0.62322235,4.2289667,-0.32227463,0.22236502,0.92015934,0
0.0060254335,-1.0230486,-3.6181684,0.32227463,-0.22236502,-0.92015934,0
0.56831956,-2.2459416,4.5403528,-0.32227463,0.22236502,0.92015934,0
-3.9298255,-3.0349491,-0.49838543,-0.93368614,-0.23495698,-0.27023292,0
4.1572433,-3.1631987,-0.19180918,0.15610766,-0.94622904,0.28333962,0
-3.3687568,-1.2387099,-4.0052423,-0.93368614,-0.23495698,-0.27023292,0
4.3429871,0.98543024,-2.5240664,0.32227463,-0.22236502,-0.92015934,0
-3.18402,2.0098238,-3.7418659,-0.15610766,0.94622904,-0.28333962,0
-1.1968153,2.8764968,-2.3696303,-0.15610766,0.94622904,-0.28333962,0
3.9401317,1.618241,-2.8810313,0.32227463,-0.22236502,-0.92015934,0
0.51074505,4.5696449,2.8005676,-0.15610766,0.94622904,-0.28333962,0
-4.9924212,-0.8008396,1.1664824,-0.93368614,-0.23495698,-0.27023292,0
-1.3440037,3.7846036,2.4770131,-0.32227463,0.22236502,0.92015934,0
3.7822733,1.0062922,-2.7342153,0.32227463,-0.22236502,-0.92015934,0
-1.8790473,-3.0159159,3.5263224,0.15610766,-0.94622904,0.28333962,0
1.7045493,-4.0410852,-2.1797636,0.32227463,-0.22236502,-0.92015934,0
0.15893078,-2.5072803,3.683862,0.15610766,-0.94622904,0.28333962,0
3.5043027,3.7994218,1.1548641,0.93368614,0.23495698,0.27023292,0
2.9007487,-3.172302,0.10163975,0.15610766,-0.94622904,0.28333962,0
-1.9950407,-1.3187861,-4.2378988,0.32227463,-0.22236502,-0.92015934,0
-4.2347102,-0.42089343,-1.8986654,-0.93368614,-0.23495698,-0.27023292,0
5.217598,-0.41092145,-1.3866854,0.93368614,0.23495698,0.27023292,0
-2.163239,-0.64187574,-4.4226794,0.32227463,-0.22236502,-0.92015934,0
4.2764702,-3.4470739,-1.4920635,0.32227463,-0.22236502,-0.92015934,0
1.6263402,-1.2036161,4.713553,-0.32227463,0.22236502,0.92015934,0
-0.032389522,1.7914319,-4.1512856,0.32227463,-0.22236502,-0.92015934,0
-2.6242518,-1.7195414,3.2452369,-0.32227463,0.22236502,0.92015934,0
-4.3831782,0.77385831,-1.8898768,-0.93368614,-0.23495698,-0.27023292,0
3.6197338,-0.35650921,4.3075614,0.93368614,0.23495698,0.27023292,0
-2.6857519,2.4797585,-2.4299631,-0.15610766,0.94622904,-0.28333962,0
5.7650528,-2.0204291,-1.1746097,0.93368614,0.23495698,0.27023292,0
1.9006563,-2.1437523,3.8950045,0.15610766,-0.94622904,0.28333962,0
-1.8681608,2.088181,-4.1912212,-0.15610766,0.94622904,-0.28333962,0
2.9551063,3.9247606,2.9362664,0.93368614,0.23495698,0.27023292,0
2.2078595,-2.3807917,2.8390002,0.15610766,-0.94622904,0.28333962,0
-3.3766809,0.1336813,-4.888402,-0.93368614,-0.23495698,-0.27023292,0
2.2788572,-3.4799933,-0.40427446,0.15610766,-0.94622904,0.28333962,0
0.85472846,3.857085,0.361765,-0.15610766,0.94622904,-0.28333962,0
