3.1665037,1.0092509,-3.0668652,0.41762984,-0.37365305,-0.82823241,0
-2.4557652,4.2661309,1.0195923,-0.41762984,0.37365305,0.82823241,0
-2.5914841,-4.8513842,0.041338444,-0.047490418,-0.9192611,0.39077345,0
-5.6655879,1.8577915,0.58833218,-0.41762984,0.37365305,0.82823241,0
-4.215179,0.26898646,-3.2262754,-0.90737545,-0.12386546,-0.40165591,0
-0.9087348,-5.1981335,-1.0303475,-0.047490418,-0.9192611,0.39077345,0
-2.8815746,1.1505623,-6.2398472,0.41762984,-0.37365305,-0.82823241,0
3.8635647,0.722229,3.4871216,0.90737545,0.12386546,0.40165591,0
-5.4858408,1.7389679,-0.55246782,-0.90737545,-0.12386546,-0.40165591,0
2.4773872,1.603538,4.8228183,-0.41762984,0.37365305,0.82823241,0
2.6022127,1.1605487,-3.4832454,0.41762984,-0.37365305,-0.82823241,0
2.7914014,-5.2538333,-0.52758479,-0.047490418,-0.9192611,0.39077345,0
4.2713008,-0.11369753,2.6357989,0.90737545,0.12386546,0.40165591,0
0.90717417,1.2250376,-4.4396958,0.41762984,-0.37365305,-0.82823241,0
2.4590847,-0.87389898,5.7473974,-0.41762984,0.37365305,0.82823241,0
4.3608475,-4.0653629,2.438693,-0.047490418,-0.9192611,0.39077345,0
-1.4898095,3.365042,-3.7128954,0.047490418,0.9192611,-0.39077345,0
2.4354074,1.3927379,4.7185311,-0.41762984,0.37365305,0.82823241,0
4.8239584,4.3338046,0.19709587,0.90737545,0.12386546,0.40165591,0
5.206337,2.1971774,-0.076180458,0.90737545,0.12386546,0.40165591,0
1.6543217,4.0103812,-1.7613372,0.047490418,0.9192611,-0.39077345,0
-5.5666132,-1.9567629,0.77952862,-0.90737545,-0.12386546,-0.40165591,0
-1.5908859,2.4690847,-5.8945055,0.047490418,0.9192611,-0.39077345,0
-2.1836095,3.8931489,-2.7480004,0.047490418,0.9192611,-0.39077345,0
5.1116862,1.6058333,0.63006401,0.90737545,0.12386546,0.40165591,0
-0.33116484,3.0569811,-4.1224775,0.047490418,0.9192611,-0.39077345,0
2.5047119,-2.5316753,5.7606621,-0.047490418,-0.9192611,0.39077345,0
0.21220684,-3.3751495,-2.656487,0.41762984,-0.37365305,-0.82823241,0
-4.7504683,4.5469346,-0.26819086,-0.41762984,0.37365305,0.82823241,0
0.50567436,5.3552408,1.9538869,-0.41762984,0.37365305,0.82823241,0
5.1866312,1.0250134,0.26430607,0.90737545,0.12386546,0.40165591,0
-5.212235,-1.9386133,2.3826787,-0.41762984,0.37365305,0.82823241,0
-5.8010468,4.6611013,-0.90450716,-0.41762984,0.37365305,0.82823241,0
-1.579087,-4.8298278,0.10519105,-0.047490418,-0.9192611,0.39077345,0
1.0844483,-4.1354141,2.0882204,-0.047490418,-0.9192611,0.39077345,0
-3.457725,3.2745559,-4.3820872,0.047490418,0.9192611,-0.39077345,0
-0.8731122,2.6701488,-5.3361387,0.047490418,0.9192611,-0.39077345,0
0.38051105,2.9584625,-4.3715615,0.047490418,0.9192611,-0.39077345,0
2.0178392,5.4964857,1.567261,0.047490418,0.9192611,-0.39077345,0
-4.986248,-1.3588307,2.3478377,-0.41762984,0.37365305,0.82823241,0
3.932446,4.777566,0.083881617,0.047490418,0.9192611,-0.39077345,0
2.5585871,1.7611039,-3.6951761,0.41762984,-0.37365305,-0.82823241,0
-2.5192516,3.4465425,-3.6165566,0.047490418,0.9192611,-0.39077345,0
5.5431595,2.2382886,-0.58857107,0.90737545,0.12386546,0.40165591,0
0.91976023,-4.142345,2.0148163,-0.047490418,-0.9192611,0.39077345,0
0.8228035,3.9935255,2.8361433,-0.41762984,0.37365305,0.82823241,0
-4.7188659,2.3828022,-2.6462302,-0.90737545,-0.12386546,-0.40165591,0
0.20784378,2.410645,3.1409893,-0.41762984,0.37365305,0.82823241,0
-5.3059254,2.9518461,0.14943838,-0.41762984,0.37365305,0.82823241,0
-3.4159625,-4.7475309,-3.5006762,-0.90737545,-0.12386546,-0.40165591,0
-3.911469,-4.8130412,-2.0102687,-0.90737545,-0.12386546,-0.40165591,0
2.1250224,-1.8917475,6.1128597,-0.41762984,0.37365305,0.82823241,0
4.7544627,-2.0921028,2.3332663,0.90737545,0.12386546,0.40165591,0
2.4401433,4.0891533,-1.5821419,0.047490418,0.9192611,-0.39077345,0
0.84216183,0.57977057,4.3412566,-0.41762984,0.37365305,0.82823241,0
-1.2600522,-5.1832118,-0.86512959,-0.047490418,-0.9192611,0.39077345,0
0.31544876,-4.701623,-1.9201179,0.41762984,-0.37365305,-0.82823241,0
4.5608511,0.1697551,2.3028054,0.90737545,0.12386546,0.40165591,0
5.1351986,-1.2159286,1.4150066,0.90737545,0.12386546,0.40165591,0
-1.1445556,2.9505098,2.308475,-0.41762984,0.37365305,0.82823241,0
-5.893219,-0.61527479,1.4300942,-0.41762984,0.37365305,0.82823241,0
2.5397782,-4.588645,1.1715269,-0.047490418,-0.9192611,0.39077345,0
-5.7316341,1.4001549,-0.14577436,-0.90737545,-0.12386546,-0.40165591,0
3.8514805,-0.89382505,4.2309008,0.90737545,0.12386546,0.40165591,0
-3.3885541,4.8056197,-0.54133844,0.047490418,0.9192611,-0.39077345,0
-2.3392639,4.8614149,-0.3695066,0.047490418,0.9192611,-0.39077345,0
4.2585211,3.8391316,1.8839822,0.90737545,0.12386546,0.40165591,0
4.8762846,0.63622057,1.0961776,0.90737545,0.12386546,0.40165591,0
4.2748189,-3.6139486,3.3029861,-0.047490418,-0.9192611,0.39077345,0
-0.88826728,-4.2897434,-2.7410131,0.41762984,-0.37365305,-0.82823241,0
-0.65269136,-5.4071069,-2.1255677,0.41762984,-0.37365305,-0.82823241,0
-0.86999393,-3.7559052,-2.897779,0.41762984,-0.37365305,-0.82823241,0
4.0995336,3.8474305,1.8361964,0.90737545,0.12386546,0.40165591,0
0.42829561,4.841135,0.1001066,0.047490418,0.9192611,-0.39077345,0
5.5002065,-2.3941951,0.8200469,0.90737545,0.12386546,0.40165591,0
-4.9737496,-3.0812802,-0.48803473,-0.90737545,-0.12386546,-0.40165591,0
3.5284219,0.039234161,4.5215354,0.90737545,0.12386546,0.40165591,0
2.9644308,-4.4581304,1.3621287,-0.047490418,-0.9192611,0.39077345,0
5.2481508,-2.7425437,-0.32119465,0.41762984,-0.37365305,-0.82823241,0
-4.5464487,-3.1107807,-1.2640691,-0.90737545,-0.12386546,-0.40165591,0
-3.6375499,1.5808487,-4.8293171,-0.90737545,-0.12386546,-0.40165591,0
5.5903721,-1.8465062,-0.65221119,0.41762984,-0.37365305,-0.82823241,0
-3.7718515,-5.1563416,-2.5717425,-0.90737545,-0.12386546,-0.40165591,0
3.9450736,5.4179296,1.7962246,0.90737545,0.12386546,0.40165591,0
-1.8860166,-3.8674474,-3.4542422,0.41762984,-0.37365305,-0.82823241,0
-4.6087112,-1.9300425,-1.2617078,-0.90737545,-0.12386546,-0.40165591,0
1.4380041,-0.77117896,-3.236917,0.41762984,-0.37365305,-0.82823241,0
1.3280494,4.2699118,-1.4002335,0.047490418,0.9192611,-0.39077345,0
5.8015108,-3.7433896,0.36943197,0.90737545,0.12386546,0.40165591,0
-3.3462811,-6.0388999,-3.0295157,-0.047490418,-0.9192611,0.39077345,0
-5.0432973,3.1563427,0.19751883,-0.41762984,0.37365305,0.82823241,0
-2.6721079,-2.3857045,-4.4200344,0.41762984,-0.37365305,-0.82823241,0
-5.322011,-4.1598053,0.74413228,-0.90737545,-0.12386546,-0.40165591,0
-3.6506269,-2.851855,-3.4503112,-0.90737545,-0.12386546,-0.40165591,0
-0.59288734,0.25636959,-4.5405798,0.41762984,-0.37365305,-0.82823241,0
2.4191899,5.6482477,2.2735903,0.047490418,0.9192611,-0.39077345,0
0.45340514,-2.9565558,4.6583824,-0.047490418,-0.9192611,0.39077345,0
0.4838829,-4.6699901,0.57863009,-0.047490418,-0.9192611,0.39077345,0
-0.69335771,-3.9469881,2.3522227,-0.047490418,-0.9192611,0.39077345,0
1.7327042,3.3833554,-3.3932104,0.047490418,0.9192611,-0.39077345,0
0.71259749,-0.71526289,-3.5898066,0.41762984,-0.37365305,-0.82823241,0
0.85127544,-3.0369563,4.6271582,-0.047490418,-0.9192611,0.39077345,0
3.3593869,3.6573925,-2.3447912,0.047490418,0.9192611,-0.39077345,0
1.4058774,2.2042937,3.9035082,-0.41762984,0.37365305,0.82823241,0
0.73079216,1.6243095,3.9580591,-0.41762984,0.37365305,0.82823241,0
0.80768347,5.6518841,2.0533414,0.047490418,0.9192611,-0.39077345,0
5.0450826,2.8266926,-2.870491,0.41762984,-0.37365305,-0.82823241,0
1.2176828,3.2787511,-3.5692286,0.047490418,0.9192611,-0.39077345,0
1.3468084,4.5963778,-0.44426903,0.047490418,0.9192611,-0.39077345,0
4.7460318,3.7938724,0.50218678,0.90737545,0.12386546,0.40165591,0
-2.6306913,1.0547004,2.3901494,-0.41762984,0.37365305,0.82823241,0
0.43475819,2.964426,-4.7436767,0.047490418,0.9192611,-0.39077345,0
-0.27583694,3.7077813,-2.6640434,0.047490418,0.9192611,-0.39077345,0
2.8985925,-1.8449335,6.553504,-0.41762984,0.37365305,0.82823241,0
-5.6608448,-2.9394517,1.4568319,-0.90737545,-0.12386546,-0.40165591,0
1.1066582,0.5824008,-3.9717708,0.41762984,-0.37365305,-0.82823241,0
-5.6302228,0.73329359,-0.014859676,-0.90737545,-0.12386546,-0.40165591,0
2.1697986,5.2228045,0.93938935,0.047490418,0.9192611,-0.39077345,0
-5.51649,-0.66021174,0.19915724,-0.90737545,-0.12386546,-0.40165591,0
-4.3389945,-4.6918235,-1.3114293,-0.90737545,-0.12386546,-0.40165591,0
1.695399,-2.6942351,-2.1313655,0.41762984,-0.37365305,-0.82823241,0
4.9936371,-2.8049088,2.1627398,0.90737545,0.12386546,0.40165591,0
0.57945538,3.9243007,-2.2213478,0.047490418,0.9192611,-0.39077345,0
0.4774828,2.1919899,3.3894331,-0.41762984,0.37365305,0.82823241,0
-5.9080739,0.078376055,0.64456654,-0.90737545,-0.12386546,-0.40165591,0
3.4579492,3.0995126,-3.6457782,0.047490418,0.9192611,-0.39077345,0
-2.0103784,-5.6976438,-1.8890889,-0.047490418,-0.9192611,0.39077345,0
-2.1230183,1.5385261,-5.969914,0.41762984,-0.37365305,-0.82823241,0
-4.0983629,-2.6184628,3.2485852,-0.41762984,0.37365305,0.82823241,0
3.2016821,-0.48455906,5.492866,0.90737545,0.12386546,0.40165591,0
-5.2059965,3.8322639,-1.9007325,-0.90737545,-0.12386546,-0.40165591,0
-4.558712,-0.6693759,-1.72469,-0.90737545,-0.12386546,-0.40165591,0
-5.5056906,2.8501065,0.16184855,-0.41762984,0.37365305,0.82823241,0
-0.63451576,-3.2051842,4.1326485,-0.047490418,-0.9192611,0.39077345,0
4.4387226,-2.911324,3.1758199,0.90737545,0.12386546,0.40165591,0
-3.8460255,-1.9357082,3.1705167,-0.41762984,0.37365305,0.82823241,0
1.3040881,4.4049702,-0.86575359,0.047490418,0.9192611,-0.39077345,0
4.9246578,-0.28530651,1.5962996,0.90737545,0.12386546,0.40165591,0
3.0271153,3.5816252,-2.5066352,0.047490418,0.9192611,-0.39077345,0
0.42900801,4.2724805,-1.6429377,0.047490418,0.9192611,-0.39077345,0
-0.94228482,-3.6887677,-3.0290184,0.41762984,-0.37365305,-0.82823241,0
-0.22880745,-3.5731931,-2.7281132,0.41762984,-0.37365305,-0.82823241,0
1.674685,-4.8154302,0.55265093,-0.047490418,-0.9192611,0.39077345,0
0.13169938,0.27820396,-4.3561497,0.41762984,-0.37365305,-0.82823241,0
-5.0178566,4.3821201,-1.7955356,0.047490418,0.9192611,-0.39077345,0
1.6957912,1.8836603,-4.1845069,0.41762984,-0.37365305,-0.82823241,0
3.6988969,3.1468294,3.0260148,0.90737545,0.12386546,0.40165591,0
1.6015131,2.825449,-4.432682,0.047490418,0.9192611,-0.39077345,0
1.7111084,-3.7533236,2.8579338,-0.047490418,-0.9192611,0.39077345,0
3.3824234,-4.7507238,-0.38136959,0.41762984,-0.37365305,-0.82823241,0
0.50496411,2.319809,3.4559,-0.41762984,0.37365305,0.82823241,0
2.8240612,-1.4473763,-2.0650582,0.41762984,-0.37365305,-0.82823241,0
-0.56698823,0.79748535,-4.9513836,0.41762984,-0.37365305,-0.82823241,0
-0.20321083,3.5583994,2.5633559,-0.41762984,0.37365305,0.82823241,0
-0.58899093,-3.8049989,2.6056192,-0.047490418,-0.9192611,0.39077345,0
-0.23395729,3.7121816,-3.0531702,0.047490418,0.9192611,-0.39077345,0
-1.2948779,-2.0271766,4.3727131,-0.41762984,0.37365305,0.82823241,0
4.3840694,1.2815297,2.2732873,0.90737545,0.12386546,0.40165591,0
5.896348,-2.4145455,-0.030077457,0.90737545,0.12386546,0.40165591,0
-0.094995499,-3.7610843,-2.5779555,0.41762984,-0.37365305,-0.82823241,0
-4.0088911,-3.7224286,-2.047852,-0.90737545,-0.12386546,-0.40165591,0
-5.2395577,2.471859,-1.2085943,-0.90737545,-0.12386546,-0.40165591,0
5.2153502,-0.61425912,0.92615652,0.90737545,0.12386546,0.40165591,0
0.014081955,-4.2577939,-2.3896763,0.41762984,-0.37365305,-0.82823241,0
2.664243,5.7936087,2.6838129,0.047490418,0.9192611,-0.39077345,0
-2.7567897,4.2087584,-2.0976553,0.047490418,0.9192611,-0.39077345,0
5.3629665,3.607264,-0.74318862,0.90737545,0.12386546,0.40165591,0
-4.1315603,4.8499546,-0.8536191,0.047490418,0.9192611,-0.39077345,0
5.8191233,3.3252764,-1.8497748,0.90737545,0.12386546,0.40165591,0
5.2894254,-1.3866402,0.94614792,0.90737545,0.12386546,0.40165591,0
5.4148016,-0.7971161,0.48435259,0.90737545,0.12386546,0.40165591,0
2.3213942,-4.2556105,-1.0633247,0.41762984,-0.37365305,-0.82823241,0
2.6299953,-3.6672611,3.37047,-0.047490418,-0.9192611,0.39077345,0
5.9857836,1.5702144,-1.9764073,0.41762984,-0.37365305,-0.82823241,0
-5.0386753,0.46085984,-1.2988544,-0.90737545,-0.12386546,-0.40165591,0
4.6969366,-4.8770175,0.57909203,-0.047490418,-0.9192611,0.39077345,0
-1.0629556,0.89529133,3.3211827,-0.41762984,0.37365305,0.82823241,0
4.3753514,4.1278114,-1.3711684,0.047490418,0.9192611,-0.39077345,0
0.42899179,3.7020891,2.7701378,-0.41762984,0.37365305,0.82823241,0
4.7986493,-3.8154123,2.9665775,0.90737545,0.12386546,0.40165591,0
3.258842,-1.967819,5.7649212,0.90737545,0.12386546,0.40165591,0
-1.1670678,-0.38925838,-4.5330544,0.41762984,-0.37365305,-0.82823241,0
5.5192347,0.31566909,-0.22761726,0.90737545,0.12386546,0.40165591,0
4.1954303,-3.3525128,3.7637501,0.90737545,0.12386546,0.40165591,0
-4.1423783,3.4895718,-4.0576215,0.047490418,0.9192611,-0.39077345,0
2.5517774,-2.0290601,-1.9708306,0.41762984,-0.37365305,-0.82823241,0
4.8663301,0.25097859,1.2792735,0.90737545,0.12386546,0.40165591,0
-5.189384,-0.22450855,-0.67295313,-0.90737545,-0.12386546,-0.40165591,0
0.35862494,-5.1208696,-0.53070098,-0.047490418,-0.9192611,0.39077345,0
-3.4255457,-1.7509484,-4.176435,-0.90737545,-0.12386546,-0.40165591,0
-3.2197523,-1.0597887,-4.6944432,-0.90737545,-0.12386546,-0.40165591,0
-4.0589886,-1.8735344,-2.8776741,-0.90737545,-0.12386546,-0.40165591,0
1.2832661,4.8256092,-0.17553274,0.047490418,0.9192611,-0.39077345,0
2.2781122,4.6156468,3.3127017,-0.41762984,0.37365305,0.82823241,0
-0.44683385,2.5181098,-5.4633465,0.047490418,0.9192611,-0.39077345,0
5.3359036,-0.74671084,0.57373714,0.90737545,0.12386546,0.40165591,0
6.0747623,2.4677887,-2.3355424,0.41762984,-0.37365305,-0.82823241,0
3.2817528,0.0029830933,4.8582783,0.90737545,0.12386546,0.40165591,0
-1.8230498,-4.2386065,1.0737237,-0.047490418,-0.9192611,0.39077345,0
3.3932462,3.1671882,3.7394264,0.90737545,0.12386546,0.40165591,0
4.0393448,4.8835139,0.22746491,0.047490418,0.9192611,-0.39077345,0
-0.33780432,-4.9976745,-0.31724602,-0.047490418,-0.9192611,0.39077345,0
-0.034481525,-1.1336718,-3.6549413,0.41762984,-0.37365305,-0.82823241,0
0.2475853,-2.1119897,5.4126196,-0.41762984,0.37365305,0.82823241,0
0.46171212,-3.4351199,3.6374853,-0.047490418,-0.9192611,0.39077345,0
-1.2685919,4.2092371,-1.9762144,0.047490418,0.9192611,-0.39077345,0
1.4224615,-5.3504763,-0.76328576,-0.047490418,-0.9192611,0.39077345,0
3.9663453,4.5183592,2.1305463,0.90737545,0.12386546,0.40165591,0
0.61399031,-4.8161082,0.3521924,-0.047490418,-0.9192611,0.39077345,0
-1.920928,-5.593173,-1.8113441,-0.047490418,-0.9192611,0.39077345,0
1.3388124,2.7829618,-4.6456032,0.047490418,0.9192611,-0.39077345,0
-1.9435347,-1.7793479,-4.4616671,0.41762984,-0.37365305,-0.82823241,0
3.8608978,-0.29620934,3.7194901,0.90737545,0.12386546,0.40165591,0
-0.79246235,2.3071566,2.6783309,-0.41762984,0.37365305,0.82823241,0
3.6763618,5.4049115,2.6006436,0.90737545,0.12386546,0.40165591,0
1.2675655,4.7748389,2.8157229,-0.41762984,0.37365305,0.82823241,0
0.52447438,3.005846,-4.6154256,0.047490418,0.9192611,-0.39077345,0
-0.21796322,-3.382148,-2.8206248,0.41762984,-0.37365305,-0.82823241,0
-3.5828514,-3.6859765,-3.3813145,-0.90737545,-0.12386546,-0.40165591,0
-4.116396,-1.9245996,2.9673493,-0.41762984,0.37365305,0.82823241,0
6.0090942,-1.9002887,-0.32337904,0.90737545,0.12386546,0.40165591,0
-3.9095922,3.2763484,-4.1956615,0.047490418,0.9192611,-0.39077345,0
1.446229,3.0301559,-4.137085,0.047490418,0.9192611,-0.39077345,0
3.365119,3.1906962,-3.601887,0.047490418,0.9192611,-0.39077345,0
5.8128748,1.857673,-1.3066845,0.90737545,0.12386546,0.40165591,0
-3.2413213,-3.1433258,-4.1359668,-0.90737545,-0.12386546,-0.40165591,0
-5.8387213,2.210829,0.014787674,-0.90737545,-0.12386546,-0.40165591,0
0.81766105,3.5610189,-2.7961757,0.047490418,0.9192611,-0.39077345,0
4.8735914,4.2539015,-0.8503418,0.047490418,0.9192611,-0.39077345,0
4.7765198,0.54869854,1.4795451,0.90737545,0.12386546,0.40165591,0
5.6629987,2.6457357,-1.3299446,0.90737545,0.12386546,0.40165591,0
4.600297,-0.5259012,2.1849065,0.90737545,0.12386546,0.40165591,0
3.4286809,-3.6373646,-0.78689694,0.41762984,-0.37365305,-0.82823241,0
-3.0866058,-3.7161608,-4.1444836,0.41762984,-0.37365305,-0.82823241,0
5.2347016,2.3106105,0.0082321167,0.90737545,0.12386546,0.40165591,0
-5.5253839,-1.1563635,0.51511288,-0.90737545,-0.12386546,-0.40165591,0
0.46587467,1.6394444,-4.8337831,0.41762984,-0.37365305,-0.82823241,0
-0.0018734932,-4.3657842,1.3868752,-0.047490418,-0.9192611,0.39077345,0
6.1178017,2.8487668,-2.3294601,0.90737545,0.12386546,0.40165591,0
-0.18840551,-3.3550935,3.6495709,-0.047490418,-0.9192611,0.39077345,0
1.5611186,2.8640866,-4.6103277,0.41762984,-0.37365305,-0.82823241,0
3.3103471,3.5748291,-2.8328252,0.047490418,0.9192611,-0.39077345,0
-3.8932211,-3.8528094,-2.4485953,-0.90737545,-0.12386546,-0.40165591,0
2.1246052,-5.2590461,-0.47372866,-0.047490418,-0.9192611,0.39077345,0
-3.2579889,4.4235754,-1.4209266,0.047490418,0.9192611,-0.39077345,0
-1.5492344,4.3028932,-1.3329139,0.047490418,0.9192611,-0.39077345,0
-1.5054035,-0.047380924,3.5897374,-0.41762984,0.37365305,0.82823241,0
-5.0054955,-3.6852596,2.1614137,-0.047490418,-0.9192611,0.39077345,0
3.4428983,2.678684,-3.6275458,0.41762984,-0.37365305,-0.82823241,0
2.5299428,-1.1719732,6.0404625,-0.41762984,0.37365305,0.82823241,0
3.1778235,5.6290245,3.1739376,-0.41762984,0.37365305,0.82823241,0
0.82250452,-2.3656378,-2.6385674,0.41762984,-0.37365305,-0.82823241,0
-3.7391772,4.7466497,0.17536688,-0.41762984,0.37365305,0.82823241,0
2.3049402,0.60006833,-3.2668829,0.41762984,-0.37365305,-0.82823241,0
-2.5568833,4.3822637,-1.4620538,0.047490418,0.9192611,-0.39077345,0
3.9030561,3.9872649,-1.4504923,0.047490418,0.9192611,-0.39077345,0
0.0067939758,-4.4605064,0.83103359,-0.047490418,-0.9192611,0.39077345,0
4.9006109,3.9257691,0.35146093,0.90737545,0.12386546,0.40165591,0
-4.0060883,4.7137322,-0.74126816,0.047490418,0.9192611,-0.39077345,0
4.3253875,5.0823069,1.0964048,0.90737545,0.12386546,0.40165591,0
4.1736588,-1.2546928,-1.565129,0.41762984,-0.37365305,-0.82823241,0
-3.8727531,1.8860539,-4.3224063,-0.90737545,-0.12386546,-0.40165591,0
-4.6135507,-2.6692326,-1.1223788,-0.90737545,-0.12386546,-0.40165591,0
0.28646517,4.8194261,-0.21104479,0.047490418,0.9192611,-0.39077345,0
3.3920786,5.277813,1.5391986,0.047490418,0.9192611,-0.39077345,0
5.7134442,-0.53367078,-0.26697922,0.90737545,0.12386546,0.40165591,0
3.3104177,-1.9784174,-1.7693328,0.41762984,-0.37365305,-0.82823241,0
0.82550097,5.5340519,1.5563639,0.047490418,0.9192611,-0.39077345,0
4.967639,-0.73654056,-1.3023696,0.41762984,-0.37365305,-0.82823241,0
-3.520081,1.3942206,-4.9489851,-0.90737545,-0.12386546,-0.40165591,0
3.1465232,1.7653031,4.8485765,0.90737545,0.12386546,0.40165591,0
5.1755943,-3.3739746,1.6863179,0.90737545,0.12386546,0.40165591,0
-1.0518556,0.16175938,-4.7809954,0.41762984,-0.37365305,-0.82823241,0
3.0856087,-0.28743505,5.735363,0.90737545,0.12386546,0.40165591,0
-3.3467953,-5.9304919,-3.2434802,0.41762984,-0.37365305,-0.82823241,0
-0.36062694,1.3070936,3.4956758,-0.41762984,0.37365305,0.82823241,0
-1.6780493,3.5954499,-3.4997633,0.047490418,0.9192611,-0.39077345,0
5.2129798,3.6434383,-2.2972369,0.047490418,0.9192611,-0.39077345,0
-2.3464437,1.8341722,2.2316597,-0.41762984,0.37365305,0.82823241,0
-5.2838488,3.0140514,-1.5627851,-0.90737545,-0.12386546,-0.40165591,0
-5.2223911,2.8080492,-1.5396471,-0.90737545,-0.12386546,-0.40165591,0
4.5682526,1.555326,-2.6863053,0.41762984,-0.37365305,-0.82823241,0
-5.0686855,-0.58818054,-0.61819363,-0.90737545,-0.12386546,-0.40165591,0
-2.7196088,4.3274393,0.80641437,-0.41762984,0.37365305,0.82823241,0
5.7444434,-4.1822567,0.99763823,0.90737545,0.12386546,0.40165591,0
-4.7358813,-1.0337489,2.2570181,-0.41762984,0.37365305,0.82823241,0
3.8641243,1.1713398,-2.8270333,0.41762984,-0.37365305,-0.82823241,0
4.5212541,2.9669566,1.3798022,0.90737545,0.12386546,0.40165591,0
-5.0101423,1.5323126,-1.4403706,-0.90737545,-0.12386546,-0.40165591,0
-5.400609,-0.79089904,0.023215771,-0.90737545,-0.12386546,-0.40165591,0
5.1293035,-0.18527295,0.96334457,0.90737545,0.12386546,0.40165591,0
2.0091822,-3.1387784,4.3859835,-0.047490418,-0.9192611,0.39077345,0
-4.4889021,-1.6410621,-1.8426809,-0.90737545,-0.12386546,-0.40165591,0
2.6141324,4.2373738,-1.2883172,0.047490418,0.9192611,-0.39077345,0
-2.3488579,-0.26354003,3.2302332,-0.41762984,0.37365305,0.82823241,0
-5.8041692,-2.8203082,1.6911066,-0.90737545,-0.12386546,-0.40165591,0
-0.41581106,5.3142247,0.80133361,0.047490418,0.9192611,-0.39077345,0
-4.9966459,-4.0676651,-0.092529297,-0.90737545,-0.12386546,-0.40165591,0
1.7537799,-2.3297453,-2.4065793,0.41762984,-0.37365305,-0.82823241,0
1.4374504,3.9254868,3.1103239,-0.41762984,0.37365305,0.82823241,0
-0.71622944,4.7536612,-0.38310528,0.047490418,0.9192611,-0.39077345,0
-1.0190434,5.3285475,1.1209625,0.047490418,0.9192611,-0.39077345,0
1.794064,0.13188601,5.103898,-0.41762984,0.37365305,0.82823241,0
0.98526001,-5.3585739,-1.4141736,0.41762984,-0.37365305,-0.82823241,0
3.3352571,-4.7488761,-0.46044827,0.41762984,-0.37365305,-0.82823241,0
-5.2800326,-3.5803387,0.45940542,-0.90737545,-0.12386546,-0.40165591,0
5.1128817,-3.1690776,1.8556457,0.90737545,0.12386546,0.40165591,0
-1.613713,-3.3120871,-3.6341805,0.41762984,-0.37365305,-0.82823241,0
2.3003447,5.0537233,0.55700064,0.047490418,0.9192611,-0.39077345,0
3.7677867,5.3668528,2.0704632,0.90737545,0.12386546,0.40165591,0
-6.0926142,-0.73067713,1.5370345,-0.90737545,-0.12386546,-0.40165591,0
-0.95416212,3.9478679,-2.2881207,0.047490418,0.9192611,-0.39077345,0
4.8276348,-3.7156682,-0.025203228,0.41762984,-0.37365305,-0.82823241,0
1.200985,-3.3777146,3.8768599,-0.047490418,-0.9192611,0.39077345,0
-4.7477145,-3.296221,-0.66202784,-0.90737545,-0.12386546,-0.40165591,0
-3.7808399,-1.4057,3.0546269,-0.41762984,0.37365305,0.82823241,0
-1.0304015,3.1160479,2.3978014,-0.41762984,0.37365305,0.82823241,0
-5.0642381,-3.1078427,3.0031314,-0.41762984,0.37365305,0.82823241,0
4.1320524,3.3743665,2.192518,0.90737545,0.12386546,0.40165591,0
0.319489,4.8321638,-0.19143313,0.047490418,0.9192611,-0.39077345,0
0.4173224,-0.78596926,4.7573214,-0.41762984,0.37365305,0.82823241,0
-5.7273736,1.1113801,0.31199694,-0.90737545,-0.12386546,-0.40165591,0
-5.4745703,0.1743805,-0.37909222,-0.90737545,-0.12386546,-0.40165591,0
-2.5318487,4.0753417,-2.0518456,0.047490418,0.9192611,-0.39077345,0
-3.2184534,-3.6533771,-4.1832242,-0.90737545,-0.12386546,-0.40165591,0
-5.5036745,4.7343893,-0.88785458,0.047490418,0.9192611,-0.39077345,0
3.2566059,4.3751745,-0.89213741,0.047490418,0.9192611,-0.39077345,0
-2.1930578,3.2891853,-4.2961102,0.047490418,0.9192611,-0.39077345,0
2.9042063,4.9159098,0.2789377,0.047490418,0.9192611,-0.39077345,0
1.2590163,2.0526867,-4.5758638,0.41762984,-0.37365305,-0.82823241,0
0.67365575,3.6631191,-2.6497126,0.047490418,0.9192611,-0.39077345,0
-3.5882306,4.0756817,-2.6079884,0.047490418,0.9192611,-0.39077345,0
2.5781293,3.4239855,-2.9577713,0.047490418,0.9192611,-0.39077345,0
3.8631382,3.5669727,2.4911721,0.90737545,0.12386546,0.40165591,0
-2.8615608,5.0937476,0.50691199,-0.41762984,0.37365305,0.82823241,0
3.9616258,-3.8499496,2.746901,-0.047490418,-0.9192611,0.39077345,0
2.2877564,4.1274085,-1.3099116,0.047490418,0.9192611,-0.39077345,0
-5.520771,3.1249862,-1.1546054,-0.90737545,-0.12386546,-0.40165591,0
-3.65412,1.9621356,-4.6700087,-0.90737545,-0.12386546,-0.40165591,0
2.198596,5.0093966,0.48783255,0.047490418,0.9192611,-0.39077345,0
3.8714235,1.8749278,3.3649783,0.90737545,0.12386546,0.40165591,0
0.8224647,-0.22525835,-3.7633419,0.41762984,-0.37365305,-0.82823241,0
-3.039557,-2.4491525,-4.6471386,0.41762984,-0.37365305,-0.82823241,0
-3.6081905,-2.5472012,-3.6747816,-0.90737545,-0.12386546,-0.40165591,0
3.4644828,1.2696743,4.3087263,0.90737545,0.12386546,0.40165591,0
-5.4430065,-2.7688766,2.8158092,-0.41762984,0.37365305,0.82823241,0
3.0289915,-2.6330593,5.7931118,-0.047490418,-0.9192611,0.39077345,0
3.376219,-2.4504085,5.5039124,0.90737545,0.12386546,0.40165591,0
2.781168,1.1657438,5.0303192,-0.41762984,0.37365305,0.82823241,0
2.9053805,1.1881719,5.2147446,-0.41762984,0.37365305,0.82823241,0
3.7986953,-4.2279582,2.050972,-0.047490418,-0.9192611,0.39077345,0
4.0571113,-2.253516,3.8081932,0.90737545,0.12386546,0.40165591,0
-2.6121063,-5.4407578,-1.7386179,-0.047490418,-0.9192611,0.39077345,0
4.2111373,-3.9942801,2.6588712,-0.047490418,-0.9192611,0.39077345,0
3.1051717,-5.0348711,0.28729725,-0.047490418,-0.9192611,0.39077345,0
3.7731683,2.7482879,3.0074613,0.90737545,0.12386546,0.40165591,0
-0.66016841,2.6491663,-5.5800438,0.047490418,0.9192611,-0.39077345,0
2.8662603,1.2827539,5.1677523,-0.41762984,0.37365305,0.82823241,0
-3.8287914,-4.9385462,-0.47548056,-0.047490418,-0.9192611,0.39077345,0
-0.85178709,-5.1849041,-2.2191012,0.41762984,-0.37365305,-0.82823241,0
-4.6123967,-3.2401223,-1.1137004,-0.90737545,-0.12386546,-0.40165591,0
0.42283607,2.149344,-5.069767,0.41762984,-0.37365305,-0.82823241,0
5.7655149,0.74253422,-0.59083033,0.90737545,0.12386546,0.40165591,0
-3.0313456,1.3818221,1.9897431,-0.41762984,0.37365305,0.82823241,0
-4.3466902,-3.0147498,3.4032474,-0.41762984,0.37365305,0.82823241,0
3.7687142,4.9121513,0.295825,0.047490418,0.9192611,-0.39077345,0
1.8282502,-1.6553767,-2.4474461,0.41762984,-0.37365305,-0.82823241,0
-2.3736167,0.72773504,-5.7747784,0.41762984,-0.37365305,-0.82823241,0
-3.7887399,0.10550547,-3.9623795,-0.90737545,-0.12386546,-0.40165591,0
-0.76401806,4.1919518,-1.9011014,0.047490418,0.9192611,-0.39077345,0
-0.6108644,-3.5541158,2.9421077,-0.047490418,-0.9192611,0.39077345,0
0.47297335,3.3558044,-3.688736,0.047490418,0.9192611,-0.39077345,0
2.3168898,-0.098128557,-2.9378266,0.41762984,-0.37365305,-0.82823241,0
-3.0063939,3.7042379,1.1371276,-0.41762984,0.37365305,0.82823241,0
5.1912727,-3.4932432,1.6806512,0.90737545,0.12386546,0.40165591,0
2.6988692,2.6777153,4.4118443,-0.41762984,0.37365305,0.82823241,0
2.9496512,3.1256313,4.3286734,-0.41762984,0.37365305,0.82823241,0
-1.7260261,-4.2316709,1.4139981,-0.047490418,-0.9192611,0.39077345,0
-0.97332001,-4.8551345,0.19173181,-0.047490418,-0.9192611,0.39077345,0
-3.7757235,-4.4776955,-2.6580231,-0.90737545,-0.12386546,-0.40165591,0
-0.024657965,1.3396025,3.6942613,-0.41762984,0.37365305,0.82823241,0
0.056365967,5.0852194,2.011116,-0.41762984,0.37365305,0.82823241,0
2.209985,5.2382774,0.85506546,0.047490418,0.9192611,-0.39077345,0
3.7332513,-2.9290175,4.6916132,0.90737545,0.12386546,0.40165591,0
3.4202456,1.8978114,4.2003927,0.90737545,0.12386546,0.40165591,0
5.5165262,1.033865,-0.57389021,0.90737545,0.12386546,0.40165591,0
-5.0883312,4.1597667,-0.14262819,-0.41762984,0.37365305,0.82823241,0
-1.0259728,1.115591,3.2269845,-0.41762984,0.37365305,0.82823241,0
2.0672188,-0.98638678,5.6954832,-0.41762984,0.37365305,0.82823241,0
-3.3402858,2.6204238,1.3193128,-0.41762984,0.37365305,0.82823241,0
3.2672408,4.9108629,0.54803777,0.047490418,0.9192611,-0.39077345,0
-4.2256742,-4.1227622,-1.8228295,-0.90737545,-0.12386546,-0.40165591,0
-0.51083565,-2.2050726,5.0688324,-0.41762984,0.37365305,0.82823241,0
-3.5644686,-5.4256573,-1.4435902,-0.047490418,-0.9192611,0.39077345,0
4.0181599,0.9299469,-2.6894739,0.41762984,-0.37365305,-0.82823241,0
0.56605357,-0.62865305,4.7931786,-0.41762984,0.37365305,0.82823241,0
5.6901379,2.0912833,-0.81953526,0.90737545,0.12386546,0.40165591,0
-5.7955871,-0.81966943,1.0755506,-0.90737545,-0.12386546,-0.40165591,0
-3.6262183,-4.5681639,-2.9156563,-0.90737545,-0.12386546,-0.40165591,0
0.8328402,-3.651031,2.9242055,-0.047490418,-0.9192611,0.39077345,0
1.9656031,3.685648,-2.7874894,0.047490418,0.9192611,-0.39077345,0
-1.4557791,-4.5353622,0.75434411,-0.047490418,-0.9192611,0.39077345,0
-4.0501628,3.7768292,-3.0971432,0.047490418,0.9192611,-0.39077345,0
-5.0934429,1.2874391,-1.3121648,-0.90737545,-0.12386546,-0.40165591,0
-3.6105917,-4.876853,-2.6414704,-0.90737545,-0.12386546,-0.40165591,0
-5.6749277,-0.023937464,1.4360609,-0.41762984,0.37365305,0.82823241,0
-3.5518198,0.87518382,-4.6188879,-0.90737545,-0.12386546,-0.40165591,0
-3.7211816,-1.6312759,-3.4992199,-0.90737545,-0.12386546,-0.40165591,0
4.0487089,4.5802717,-0.26354599,0.047490418,0.9192611,-0.39077345,0
5.2312627,-3.4560916,1.6460037,0.90737545,0.12386546,0.40165591,0
-3.1447563,-4.4301448,-3.7357819,0.41762984,-0.37365305,-0.82823241,0
5.7657228,-4.3806887,0.63181019,0.41762984,-0.37365305,-0.82823241,0
0.75347102,0.60450315,-4.2048936,0.41762984,-0.37365305,-0.82823241,0
3.421658,5.7754378,2.4126992,0.047490418,0.9192611,-0.39077345,0
2.0499539,2.6315889,4.0883455,-0.41762984,0.37365305,0.82823241,0
-3.0775607,3.8462994,-2.9656501,0.047490418,0.9192611,-0.39077345,0
3.8751788,-4.0564423,2.1888003,-0.047490418,-0.9192611,0.39077345,0
-1.3593514,-2.0386097,4.5265956,-0.41762984,0.37365305,0.82823241,0
-0.66932487,3.730206,2.2222986,-0.41762984,0.37365305,0.82823241,0
-0.92585325,-5.1235409,-0.5923745,-0.047490418,-0.9192611,0.39077345,0
-1.9960124,2.710053,2.0180993,-0.41762984,0.37365305,0.82823241,0
-0.52601314,-2.4926107,-3.3414917,0.41762984,-0.37365305,-0.82823241,0
-4.5789404,-0.55769253,-2.0475521,-0.90737545,-0.12386546,-0.40165591,0
-4.5749779,-1.2021871,-1.9657149,-0.90737545,-0.12386546,-0.40165591,0
-0.45463896,2.6564422,-5.4580598,0.047490418,0.9192611,-0.39077345,0
-5.1561852,-0.68084824,-0.7035675,-0.90737545,-0.12386546,-0.40165591,0
2.6696725,-3.2673328,4.3071942,-0.047490418,-0.9192611,0.39077345,0
3.5596337,5.4768095,1.9897079,0.047490418,0.9192611,-0.39077345,0
-3.5578218,-2.8439903,3.8246765,-0.41762984,0.37365305,0.82823241,0
2.2586842,-4.3328309,-1.2285146,0.41762984,-0.37365305,-0.82823241,0
-5.3428745,2.4010179,-1.1473627,-0.90737545,-0.12386546,-0.40165591,0
-2.9823489,-5.1422377,-1.1319742,-0.047490418,-0.9192611,0.39077345,0
-4.6675744,-0.22188675,-2.0412521,-0.90737545,-0.12386546,-0.40165591,0
-3.2886057,-1.5373964,-4.7870278,-0.90737545,-0.12386546,-0.40165591,0
3.3801394,-0.52488995,5.2146749,0.90737545,0.12386546,0.40165591,0
-3.8830247,5.0440588,0.10973883,-0.41762984,0.37365305,0.82823241,0
-1.7103112,-5.1100564,-0.75978595,-0.047490418,-0.9192611,0.39077345,0
0.90582275,-2.3802676,5.7714815,-0.41762984,0.37365305,0.82823241,0
-0.5542841,-3.0877168,4.33922,-0.047490418,-0.9192611,0.39077345,0
-2.3274412,-0.45992494,3.2609348,-0.41762984,0.37365305,0.82823241,0
-2.0190289,-2.2853165,-4.2366524,0.41762984,-0.37365305,-0.82823241,0
-4.11903,-2.5623488,-2.2384429,-0.90737545,-0.12386546,-0.40165591,0
3.4638472,1.271337,-2.9599619,0.41762984,-0.37365305,-0.82823241,0
-3.2160997,3.9641743,-2.3555121,0.047490418,0.9192611,-0.39077345,0
5.1128664,2.4693224,0.31387091,0.90737545,0.12386546,0.40165591,0
0.62883091,-2.3904231,-2.8283198,0.41762984,-0.37365305,-0.82823241,0
4.6002035,1.6891074,1.5891781,0.90737545,0.12386546,0.40165591,0
1.6693408,-2.5646036,5.5279503,-0.047490418,-0.9192611,0.39077345,0
-1.1822395,3.995995,-2.1927679,0.047490418,0.9192611,-0.39077345,0
-2.7568216,2.385349,-6.1699262,0.047490418,0.9192611,-0.39077345,0
2.2837284,0.75293159,-3.4060724,0.41762984,-0.37365305,-0.82823241,0
-1.2925382,5.2758126,0.59138167,0.047490418,0.9192611,-0.39077345,0
1.9685431,4.6340704,3.0889931,-0.41762984,0.37365305,0.82823241,0
-4.9321814,-3.0730217,-0.59366131,-0.90737545,-0.12386546,-0.40165591,0
-2.2961926,-3.6695466,-3.7623684,0.41762984,-0.37365305,-0.82823241,0
4.5845652,-2.2827866,3.0394821,0.90737545,0.12386546,0.40165591,0
3.3445911,2.0344391,4.3072205,0.90737545,0.12386546,0.40165591,0
2.2815669,4.3763719,-0.96775746,0.047490418,0.9192611,-0.39077345,0
3.123513,-3.5231578,3.3771639,-0.047490418,-0.9192611,0.39077345,0
-3.3063326,-3.9922104,-3.7982666,-0.90737545,-0.12386546,-0.40165591,0
-0.8799634,-4.0368791,-2.758775,0.41762984,-0.37365305,-0.82823241,0
4.7688313,4.2027588,0.19447017,0.90737545,0.12386546,0.40165591,0
-0.2224741,3.4495311,2.6116076,-0.41762984,0.37365305,0.82823241,0
-3.8091204,1.3219657,-4.2178779,-0.90737545,-0.12386546,-0.40165591,0
-1.233515,-4.7274928,0.17574473,-0.047490418,-0.9192611,0.39077345,0
0.50764656,-4.6370025,-1.819507,0.41762984,-0.37365305,-0.82823241,0
-0.096137047,-2.1148849,-3.3651445,0.41762984,-0.37365305,-0.82823241,0
-2.5353222,-3.9606133,1.7477989,-0.047490418,-0.9192611,0.39077345,0
-1.0832245,-4.2753067,-2.7626548,0.41762984,-0.37365305,-0.82823241,0
-5.4161096,3.1540408,-1.2538266,-0.90737545,-0.12386546,-0.40165591,0
-0.64254427,0.17246151,-4.6754661,0.41762984,-0.37365305,-0.82823241,0
-4.6445012,1.0801705,-2.0936213,-0.90737545,-0.12386546,-0.40165591,0
0.3773675,-4.3430643,1.1962706,-0.047490418,-0.9192611,0.39077345,0
-3.2540114,-2.554285,-4.1137004,-0.90737545,-0.12386546,-0.40165591,0
-5.6673975,-1.4778938,2.1478484,-0.41762984,0.37365305,0.82823241,0
2.197391,-2.9358087,4.8482509,-0.047490418,-0.9192611,0.39077345,0
-1.7055366,0.61328411,3.0822425,-0.41762984,0.37365305,0.82823241,0
2.826858,-0.12396979,-2.7227249,0.41762984,-0.37365305,-0.82823241,0
4.6133165,-3.6100249,-0.31992435,0.41762984,-0.37365305,-0.82823241,0
0.69882679,-4.7744617,0.46961486,-0.047490418,-0.9192611,0.39077345,0
-3.8658383,0.84732628,-4.0565996,-0.90737545,-0.12386546,-0.40165591,0
5.101809,3.7111826,-2.019577,0.047490418,0.9192611,-0.39077345,0
3.8448939,4.4677343,2.3208499,0.90737545,0.12386546,0.40165591,0
-1.1562897,0.13262939,-4.9846859,0.41762984,-0.37365305,-0.82823241,0
3.7718062,0.026525259,4.0945086,0.90737545,0.12386546,0.40165591,0
-3.6148298,3.9710152,-2.4220591,0.047490418,0.9192611,-0.39077345,0
6.0204306,2.9109392,-2.4167335,0.41762984,-0.37365305,-0.82823241,0
-0.40872669,-4.8890867,-2.1993392,0.41762984,-0.37365305,-0.82823241,0
-3.6066928,-2.1860695,-3.7890944,-0.90737545,-0.12386546,-0.40165591,0
1.9424429,5.7597189,2.0918427,0.047490418,0.9192611,-0.39077345,0
3.5338712,0.49131966,4.3644595,0.90737545,0.12386546,0.40165591,0
1.1506701,4.8667383,0.29851347,0.047490418,0.9192611,-0.39077345,0
0.90208995,-0.55546999,-3.4652576,0.41762984,-0.37365305,-0.82823241,0
-0.36710882,2.0594461,3.0679691,-0.41762984,0.37365305,0.82823241,0
3.2339022,-3.0084839,4.822732,-0.047490418,-0.9192611,0.39077345,0
-5.1900415,-3.2511635,0.098104954,-0.90737545,-0.12386546,-0.40165591,0
-5.7503958,-3.3093853,1.6684005,-0.90737545,-0.12386546,-0.40165591,0
-3.1344182,2.4398053,-5.9489031,-0.90737545,-0.12386546,-0.40165591,0
-2.5903916,4.5091386,-1.2476292,0.047490418,0.9192611,-0.39077345,0
-4.1464319,-4.2434816,-1.9448588,-0.90737545,-0.12386546,-0.40165591,0
-3.0191646,2.0223632,-6.4993052,-0.90737545,-0.12386546,-0.40165591,0
3.3318832,-3.076014,4.4532399,-0.047490418,-0.9192611,0.39077345,0
3.4418185,-0.96173096,4.846333,0.90737545,0.12386546,0.40165591,0
-3.9814417,3.1399775,-4.3632121,0.047490418,0.9192611,-0.39077345,0
-2.0369577,-0.1195755,-5.148159,0.41762984,-0.37365305,-0.82823241,0
1.5685666,1.762202,-4.3040323,0.41762984,-0.37365305,-0.82823241,0
0.48254657,2.3978477,3.3720543,-0.41762984,0.37365305,0.82823241,0
5.7460079,1.7113097,-2.2038183,0.41762984,-0.37365305,-0.82823241,0
2.8773844,5.3351541,1.5736816,0.047490418,0.9192611,-0.39077345,0
-4.1836281,-5.0857339,-1.1038775,-0.047490418,-0.9192611,0.39077345,0
1.7984281,3.836576,3.3521628,-0.41762984,0.37365305,0.82823241,0
0.17859244,3.5520983,-2.9119344,0.047490418,0.9192611,-0.39077345,0
-3.0821278,-5.5873294,-2.2241452,-0.047490418,-0.9192611,0.39077345,0
3.498215,-3.3626342,4.0099168,-0.047490418,-0.9192611,0.39077345,0
-3.3553963,-2.1872044,-4.2966604,-0.90737545,-0.12386546,-0.40165591,0
1.9394186,-0.86148524,-2.8291216,0.41762984,-0.37365305,-0.82823241,0
5.304534,-3.0555289,1.4074903,0.90737545,0.12386546,0.40165591,0
-5.1155167,-3.5827627,0.13409376,-0.90737545,-0.12386546,-0.40165591,0
2.4374454,1.4567728,4.6786022,-0.41762984,0.37365305,0.82823241,0
4.8297529,-4.3273015,1.6861777,-0.047490418,-0.9192611,0.39077345,0
-2.0284045,3.0452049,-4.4062605,0.047490418,0.9192611,-0.39077345,0
2.6649764,-4.0659943,-1.1477349,0.41762984,-0.37365305,-0.82823241,0
5.0994501,2.7625458,-0.014279366,0.90737545,0.12386546,0.40165591,0
1.7873169,0.097251892,5.1965628,-0.41762984,0.37365305,0.82823241,0
-5.7373176,-2.8655748,2.740777,-0.41762984,0.37365305,0.82823241,0
0.51445985,3.1298208,2.9967914,-0.41762984,0.37365305,0.82823241,0
-0.65882087,-3.0545177,4.4805198,-0.047490418,-0.9192611,0.39077345,0
4.4339676,3.6945918,-2.165741,0.047490418,0.9192611,-0.39077345,0
3.894505,-3.4818599,4.0113626,-0.047490418,-0.9192611,0.39077345,0
4.9260607,-0.89864111,-1.430285,0.41762984,-0.37365305,-0.82823241,0
5.4933338,0.084551513,-0.067708492,0.90737545,0.12386546,0.40165591,0
5.3485317,1.9170842,-0.46031427,0.90737545,0.12386546,0.40165591,0
5.3254471,-1.0324764,0.69078875,0.90737545,0.12386546,0.40165591,0
2.7949662,2.8912621,4.2832427,-0.41762984,0.37365305,0.82823241,0
-3.7784867,2.1583409,-4.6319804,-0.90737545,-0.12386546,-0.40165591,0
1.8361528,4.1037965,3.2215271,-0.41762984,0.37365305,0.82823241,0
-4.9155364,4.5696344,-1.4072475,0.047490418,0.9192611,-0.39077345,0
4.1738768,-4.6856303,1.080337,-0.047490418,-0.9192611,0.39077345,0
-0.30991602,5.6112127,1.425091,-0.41762984,0.37365305,0.82823241,0
-6.112627,-3.3344338,2.5974412,-0.90737545,-0.12386546,-0.40165591,0
5.6125755,-0.44752157,-0.19427633,0.90737545,0.12386546,0.40165591,0
-3.6650391,-1.6008863,-3.7536573,-0.90737545,-0.12386546,-0.40165591,0
0.19792318,3.7791762,-2.6964998,0.047490418,0.9192611,-0.39077345,0
-0.013987064,-5.259861,-1.0594025,-0.047490418,-0.9192611,0.39077345,0
-1.7892032,5.0325413,0.35512161,0.047490418,0.9192611,-0.39077345,0
3.6868153,1.4547033,3.4768782,0.90737545,0.12386546,0.40165591,0
4.0007143,-2.5836678,4.2463784,0.90737545,0.12386546,0.40165591,0
-6.0270042,0.2626276,0.83851671,-0.90737545,-0.12386546,-0.40165591,0
-3.4563055,-4.8712759,-0.57509184,-0.047490418,-0.9192611,0.39077345,0
-3.2799859,-4.6634617,0.36702824,-0.047490418,-0.9192611,0.39077345,0
-5.0001302,0.70283735,-1.3760848,-0.90737545,-0.12386546,-0.40165591,0
-4.3649659,-2.8815637,-1.6912904,-0.90737545,-0.12386546,-0.40165591,0
-2.9889362,1.7108421,-6.0140929,-0.90737545,-0.12386546,-0.40165591,0
-0.096800804,1.9043899,-5.2134895,0.41762984,-0.37365305,-0.82823241,0
-3.5163817,-0.49778914,2.7044206,-0.41762984,0.37365305,0.82823241,0
-1.9233706,-4.1606479,-3.2629724,0.41762984,-0.37365305,-0.82823241,0
-2.4476662,4.6151357,-0.95783043,0.047490418,0.9192611,-0.39077345,0
-5.1198134,-2.1130729,-0.4735508,-0.90737545,-0.12386546,-0.40165591,0
-2.5927212,2.8587742,-5.2107706,0.047490418,0.9192611,-0.39077345,0
4.9912281,-4.5711856,1.2974463,-0.047490418,-0.9192611,0.39077345,0
-4.2741914,-3.1545551,-2.0283833,-0.90737545,-0.12386546,-0.40165591,0
3.5975013,4.5322337,-0.6159389,0.047490418,0.9192611,-0.39077345,0
5.5856838,-4.2747579,0.90872765,0.90737545,0.12386546,0.40165591,0
5.6522269,3.838552,-1.3858049,0.90737545,0.12386546,0.40165591,0
-5.4756937,1.124138,-0.33512115,-0.90737545,-0.12386546,-0.40165591,0
-4.4443951,-3.891861,-1.057976,-0.90737545,-0.12386546,-0.40165591,0
-3.4490905,4.9615636,-0.2912097,0.047490418,0.9192611,-0.39077345,0
-4.2485681,-4.0802908,1.5710331,-0.047490418,-0.9192611,0.39077345,0
-2.4353037,-5.0592923,-0.906708,-0.047490418,-0.9192611,0.39077345,0
3.4729052,3.3996124,3.6295147,0.90737545,0.12386546,0.40165591,0
-4.3890696,3.2658246,-3.4609079,-0.90737545,-0.12386546,-0.40165591,0
1.901371,-5.043715,0.038343906,-0.047490418,-0.9192611,0.39077345,0
-2.5164027,2.5336623,1.7344674,-0.41762984,0.37365305,0.82823241,0
2.6824856,3.0057321,-4.1386514,0.047490418,0.9192611,-0.39077345,0
-0.87804747,-3.1385438,4.2046628,-0.047490418,-0.9192611,0.39077345,0
4.3953333,-2.1868699,2.945888,0.90737545,0.12386546,0.40165591,0
-3.2932949,1.26174,-5.3041124,-0.90737545,-0.12386546,-0.40165591,0
5.7084675,-4.4076624,0.760993,0.90737545,0.12386546,0.40165591,0
-1.9809926,3.4772778,-3.6728852,0.047490418,0.9192611,-0.39077345,0
-3.7044771,-3.661725,-2.8485582,-0.90737545,-0.12386546,-0.40165591,0
1.6633894,3.2698224,-3.8642089,0.047490418,0.9192611,-0.39077345,0
-0.44859624,-4.3236513,-2.5901237,0.41762984,-0.37365305,-0.82823241,0
-0.83226013,1.6394019,-5.4017334,0.41762984,-0.37365305,-0.82823241,0
0.25087738,4.6681051,2.2306824,-0.41762984,0.37365305,0.82823241,0
5.5192056,4.0115228,-1.058955,0.90737545,0.12386546,0.40165591,0
-4.7290554,4.153614,-2.5656853,0.047490418,0.9192611,-0.39077345,0
