-3.2982645,3.917443,-3.4554002,-0.63029373,-0.18253708,-0.75459272,0
-0.6760273,-5.230051,2.1978669,0.23624378,-0.97096807,0.037549734,0
2.2575641,1.2673753,3.0370853,0.63029373,0.18253708,0.75459272,0
4.0515957,-1.0480018,-0.95384145,0.73953962,0.15460062,-0.65511829,0
1.3799402,0.81698465,-3.6728752,0.73953962,0.15460062,-0.65511829,0
2.9905987,-1.8969151,-2.3002629,0.73953962,0.15460062,-0.65511829,0
3.6050029,0.063384056,-1.2604259,0.73953962,0.15460062,-0.65511829,0
-4.0365238,-2.1907322,-1.453084,-0.63029373,-0.18253708,-0.75459272,0
-0.60100317,2.6822739,-5.3140249,0.73953962,0.15460062,-0.65511829,0
0.11937666,-2.6167843,4.7908268,-0.73953962,-0.15460062,0.65511829,0
-1.7247005,4.3851566,-4.9565177,-0.63029373,-0.18253708,-0.75459272,0
-2.7356181,-3.8666725,1.2888885,-0.73953962,-0.15460062,0.65511829,0
2.7133772,0.78472936,2.9123471,0.63029373,0.18253708,0.75459272,0
-2.7629061,-4.8659291,-1.8281057,-0.63029373,-0.18253708,-0.75459272,0
1.1204349,4.5391808,-3.1031709,0.73953962,0.15460062,-0.65511829,0
-0.56248736,4.8961978,-1.5373883,-0.23624378,0.97096807,-0.037549734,0
-2.3488574,-5.7682261,0.2733407,0.23624378,-0.97096807,0.037549734,0
-3.831852,1.0794753,-2.4735909,-0.63029373,-0.18253708,-0.75459272,0
0.078065932,-5.1999335,-0.13089037,0.23624378,-0.97096807,0.037549734,0
-1.3846613,5.0177865,2.7620165,-0.23624378,0.97096807,-0.037549734,0
-1.2852049,0.091015816,-4.2281504,-0.63029373,-0.18253708,-0.75459272,0
1.0333407,-4.9204812,0.36331511,0.23624378,-0.97096807,0.037549734,0
-4.4195795,3.6535938,-2.4805806,-0.63029373,-0.18253708,-0.75459272,0
1.885829,0.40778026,3.5120552,0.63029373,0.18253708,0.75459272,0
0.46369123,4.1738639,3.7937801,0.63029373,0.18253708,0.75459272,0
-3.8062341,0.056191683,-2.1201015,-0.63029373,-0.18253708,-0.75459272,0
-2.8390272,-5.6085196,-1.6364479,-0.63029373,-0.18253708,-0.75459272,0
-1.2254572,3.8554745,-5.0839729,-0.63029373,-0.18253708,-0.75459272,0
-3.4597328,-4.8180523,-1.205286,-0.63029373,-0.18253708,-0.75459272,0
0.1799202,0.84965158,4.8419466,0.63029373,0.18253708,0.75459272,0
0.61495495,3.9029469,-3.8317914,0.73953962,0.15460062,-0.65511829,0
-2.3967896,2.2497478,-3.8270369,-0.63029373,-0.18253708,-0.75459272,0
4.5845995,-3.9662814,0.69680643,0.23624378,-0.97096807,0.037549734,0
-0.27588272,0.20881462,-5.0524354,-0.63029373,-0.18253708,-0.75459272,0
-1.4065785,-3.2401426,-3.3856239,-0.63029373,-0.18253708,-0.75459272,0
-3.5454159,1.9630314,-2.87468,-0.63029373,-0.18253708,-0.75459272,0
0.58677995,-5.140027,-2.8508205,0.23624378,-0.97096807,0.037549734,0
-3.9633064,4.1192613,-2.9483213,-0.23624378,0.97096807,-0.037549734,0
-4.5370407,1.8284478,0.80255055,-0.73953962,-0.15460062,0.65511829,0
-0.8285141,1.0889164,4.7415323,-0.73953962,-0.15460062,0.65511829,0
-2.955452,-0.96501541,1.7236106,-0.73953962,-0.15460062,0.65511829,0
-0.86287308,1.8943567,-5.0961194,-0.63029373,-0.18253708,-0.75459272,0
2.5604825,5.8571119,1.7044168,0.63029373,0.18253708,0.75459272,0
-2.9489806,-2.0196416,1.6027822,-0.73953962,-0.15460062,0.65511829,0
-0.5780406,-0.88203621,-4.7281046,-0.63029373,-0.18253708,-0.75459272,0
-2.7551682,4.4493685,1.2672679,-0.23624378,0.97096807,-0.037549734,0
-1.4610004,-3.4136939,2.7770379,-0.73953962,-0.15460062,0.65511829,0
4.7888746,-3.3242352,-0.59958553,0.73953962,0.15460062,-0.65511829,0
-2.2016525,2.52391,-4.1926517,-0.63029373,-0.18253708,-0.75459272,0
-4.6630797,0.41847014,-1.5780752,-0.63029373,-0.18253708,-0.75459272,0
-2.0237749,-5.5022058,1.2925682,0.23624378,-0.97096807,0.037549734,0
3.5439,-4.2365751,1.3484135,0.23624378,-0.97096807,0.037549734,0
-0.47840726,5.179841,3.0798159,-0.23624378,0.97096807,-0.037549734,0
-4.4773588,3.2514114,1.0916233,-0.73953962,-0.15460062,0.65511829,0
-4.0477943,-4.0965729,-0.13197708,-0.73953962,-0.15460062,0.65511829,0
-3.7956166,0.64043486,-2.2875938,-0.63029373,-0.18253708,-0.75459272,0
2.5878906,4.1762242,-1.4645128,0.73953962,0.15460062,-0.65511829,0
-0.35625291,-4.3002138,-3.8380222,-0.63029373,-0.18253708,-0.75459272,0
0.082577229,-5.0314727,2.6618166,0.23624378,-0.97096807,0.037549734,0
-3.6438248,-1.9594631,-1.6961896,-0.63029373,-0.18253708,-0.75459272,0
-0.13371849,-5.1669216,1.8269653,0.23624378,-0.97096807,0.037549734,0
-2.1024208,0.085745186,-3.5150168,-0.63029373,-0.18253708,-0.75459272,0
3.1726661,-1.7047484,3.0858445,0.63029373,0.18253708,0.75459272,0
3.3671205,4.2313495,1.4741638,0.63029373,0.18253708,0.75459272,0
0.48496151,3.9909604,-3.7317972,0.73953962,0.15460062,-0.65511829,0
2.4485054,5.7234011,1.1887083,-0.23624378,0.97096807,-0.037549734,0
-2.0842471,0.39752078,3.1384988,-0.73953962,-0.15460062,0.65511829,0
0.75093174,-2.4259968,-5.0985656,0.73953962,0.15460062,-0.65511829,0
3.9814582,5.7762718,0.5059166,0.73953962,0.15460062,-0.65511829,0
-1.9809117,-1.1565502,-3.3872957,-0.63029373,-0.18253708,-0.75459272,0
3.0029638,-4.3988829,1.4757128,0.23624378,-0.97096807,0.037549734,0
-0.17414427,1.6999805,-4.988039,0.73953962,0.15460062,-0.65511829,0
-4.7132797,-2.6274586,-0.68368721,-0.63029373,-0.18253708,-0.75459272,0
-0.56134963,2.6529281,5.2417364,0.63029373,0.18253708,0.75459272,0
-1.6680287,1.1307735,3.8270121,-0.73953962,-0.15460062,0.65511829,0
-1.1881149,1.0376341,4.3179097,-0.73953962,-0.15460062,0.65511829,0
1.4015464,5.3183837,-1.9675121,-0.23624378,0.97096807,-0.037549734,0
-0.44051266,4.8265009,-4.4517136,-0.23624378,0.97096807,-0.037549734,0
-0.82056284,-2.5723057,-3.928252,-0.63029373,-0.18253708,-0.75459272,0
5.1557398,-3.7914062,0.46778989,0.23624378,-0.97096807,0.037549734,0
-4.1027985,-5.1645808,-0.35640335,-0.73953962,-0.15460062,0.65511829,0
-1.1530737,-2.3918831,3.4305935,-0.73953962,-0.15460062,0.65511829,0
0.4699719,3.9587665,-3.8810172,0.73953962,0.15460062,-0.65511829,0
-0.50391984,-5.3690209,-3.5569577,0.23624378,-0.97096807,0.037549734,0
-4.5690947,2.284322,-2.1230738,-0.63029373,-0.18253708,-0.75459272,0
-1.2319765,-3.1441402,3.2081823,-0.73953962,-0.15460062,0.65511829,0
1.216742,0.65465212,-3.6633279,0.73953962,0.15460062,-0.65511829,0
-0.92006904,4.909348,1.5876689,-0.23624378,0.97096807,-0.037549734,0
-0.30541968,-4.269999,-3.9635074,-0.63029373,-0.18253708,-0.75459272,0
1.4332651,-4.1034646,-4.6219525,0.73953962,0.15460062,-0.65511829,0
3.2304792,-1.3432484,2.9790316,0.63029373,0.18253708,0.75459272,0
-4.8946266,-1.2601094,-0.3563472,-0.73953962,-0.15460062,0.65511829,0
-5.3866405,1.6222236,-1.2160743,-0.63029373,-0.18253708,-0.75459272,0
0.61727166,2.3898456,4.1232328,0.63029373,0.18253708,0.75459272,0
-1.2717824,2.6685393,4.6766706,-0.73953962,-0.15460062,0.65511829,0
-1.3244658,4.9647708,4.7268863,-0.23624378,0.97096807,-0.037549734,0
-3.9147897,-3.7046852,0.18034649,-0.73953962,-0.15460062,0.65511829,0
1.6478994,-4.2764025,-4.502564,0.73953962,0.15460062,-0.65511829,0
-1.1940231,1.0986888,-4.4666905,-0.63029373,-0.18253708,-0.75459272,0
-1.2637708,5.0366287,3.4158878,-0.23624378,0.97096807,-0.037549734,0
-0.85110867,-5.3651323,1.3647256,0.23624378,-0.97096807,0.037549734,0
4.8973875,-3.2336957,1.9266019,0.63029373,0.18253708,0.75459272,0
-1.2804658,4.9496403,3.7023594,-0.23624378,0.97096807,-0.037549734,0
2.3587534,0.65440512,-2.4805377,0.73953962,0.15460062,-0.65511829,0
1.6845456,1.8494081,-3.0437102,0.73953962,0.15460062,-0.65511829,0
-3.6030509,0.54940438,1.5125023,-0.73953962,-0.15460062,0.65511829,0
-2.3706293,4.7168517,2.1775789,-0.23624378,0.97096807,-0.037549734,0
-0.93455958,5.0094013,4.7365541,-0.23624378,0.97096807,-0.037549734,0
-0.5014779,-5.3758783,-1.1837339,0.23624378,-0.97096807,0.037549734,0
-3.0138531,2.5633721,-3.5072467,-0.63029373,-0.18253708,-0.75459272,0
0.3415432,-4.9253502,2.6521478,0.23624378,-0.97096807,0.037549734,0
-1.0483861,4.6391344,-4.7844243,-0.23624378,0.97096807,-0.037549734,0
-3.8402746,-4.4900055,0.026738644,-0.73953962,-0.15460062,0.65511829,0
-0.80872107,3.8605177,5.0699201,0.63029373,0.18253708,0.75459272,0
-4.8677092,-0.82936478,-1.0214379,-0.63029373,-0.18253708,-0.75459272,0
1.5634685,-1.2044307,-3.9056432,0.73953962,0.15460062,-0.65511829,0
2.5971208,-1.2111773,-2.6466737,0.73953962,0.15460062,-0.65511829,0
-1.9478314,-3.9497287,2.1603303,-0.73953962,-0.15460062,0.65511829,0
-1.7751961,3.5959015,4.2044573,-0.73953962,-0.15460062,0.65511829,0
-0.77524424,-0.41614521,-4.4761338,-0.63029373,-0.18253708,-0.75459272,0
-0.57163525,-4.2235928,3.785326,-0.73953962,-0.15460062,0.65511829,0
-3.7342763,-5.7624865,-0.32682419,-0.73953962,-0.15460062,0.65511829,0
2.1944032,-4.6666656,-1.6408679,0.23624378,-0.97096807,0.037549734,0
-3.8152685,4.1355906,-1.0245452,-0.23624378,0.97096807,-0.037549734,0
0.16392803,-0.81541824,-5.2623444,-0.63029373,-0.18253708,-0.75459272,0
-0.20988286,4.9893284,-0.82344723,-0.23624378,0.97096807,-0.037549734,0
0.5721488,-3.9813325,5.0214729,-0.73953962,-0.15460062,0.65511829,0
-3.2397416,-5.8792562,-1.1257982,0.23624378,-0.97096807,0.037549734,0
0.22014475,-5.0770292,2.3513184,0.23624378,-0.97096807,0.037549734,0
1.0191476,-3.402971,-4.9792013,0.73953962,0.15460062,-0.65511829,0
-0.49762285,-5.1007853,2.0814848,0.23624378,-0.97096807,0.037549734,0
-3.2417397,-5.878263,0.24744272,-0.73953962,-0.15460062,0.65511829,0
2.825526,-0.33847713,-2.118494,0.73953962,0.15460062,-0.65511829,0
0.79315758,0.56263518,4.3865356,0.63029373,0.18253708,0.75459272,0
-1.8139911,-1.7442894,-3.2983608,-0.63029373,-0.18253708,-0.75459272,0
-0.9649291,-1.2426009,3.8193514,-0.73953962,-0.15460062,0.65511829,0
-5.421958,0.64548063,-0.483805,-0.73953962,-0.15460062,0.65511829,0
3.8178227,1.261714,-0.76804817,0.73953962,0.15460062,-0.65511829,0
2.382668,-4.5794005,-1.3249393,0.23624378,-0.97096807,0.037549734,0
2.8065419,-4.4555893,-1.9023705,0.23624378,-0.97096807,0.037549734,0
3.2020559,-4.4716754,-0.98821783,0.23624378,-0.97096807,0.037549734,0
3.8432617,-2.7740769,-1.5507126,0.73953962,0.15460062,-0.65511829,0
-3.3826613,-2.2140384,-1.8473582,-0.63029373,-0.18253708,-0.75459272,0
0.23727602,5.2294054,-0.7902751,-0.23624378,0.97096807,-0.037549734,0
-1.3896365,4.6354766,-2.5117788,-0.23624378,0.97096807,-0.037549734,0
2.6577687,-4.393796,2.6347284,0.23624378,-0.97096807,0.037549734,0
3.8225441,5.5539255,0.89203739,0.63029373,0.18253708,0.75459272,0
-1.2841665,-0.032292843,3.8515739,-0.73953962,-0.15460062,0.65511829,0
-5.9448919,3.0437391,-0.57661724,-0.73953962,-0.15460062,0.65511829,0
4.9153776,-3.3507385,-0.48143125,0.73953962,0.15460062,-0.65511829,0
-1.2543634,4.9731588,1.4402108,-0.23624378,0.97096807,-0.037549734,0
-5.367229,3.8246841,-0.66526031,-0.23624378,0.97096807,-0.037549734,0
-0.75812721,2.34393,-5.1251912,-0.63029373,-0.18253708,-0.75459272,0
1.8112435,-3.293566,4.5737772,0.63029373,0.18253708,0.75459272,0
-2.5172279,-4.7416511,1.3175449,-0.73953962,-0.15460062,0.65511829,0
2.4525528,5.7715654,1.7022429,-0.23624378,0.97096807,-0.037549734,0
4.3175459,-4.1505823,0.77117682,0.23624378,-0.97096807,0.037549734,0
3.2108188,-2.6315272,3.3363972,0.63029373,0.18253708,0.75459272,0
3.937464,1.1844664,-0.54010499,0.73953962,0.15460062,-0.65511829,0
1.8554944,0.94657087,-3.0119925,0.73953962,0.15460062,-0.65511829,0
-0.72332811,3.3122277,-5.492435,0.73953962,0.15460062,-0.65511829,0
4.8762245,-0.19945765,0.26621887,0.73953962,0.15460062,-0.65511829,0
-0.21445179,-5.1195507,2.3149247,0.23624378,-0.97096807,0.037549734,0
-5.3764672,0.49303579,-0.6291101,-0.73953962,-0.15460062,0.65511829,0
-2.7153208,-5.3091469,-1.6206756,-0.63029373,-0.18253708,-0.75459272,0
-2.7974172,0.38178825,2.156373,-0.73953962,-0.15460062,0.65511829,0
1.9886422,-4.4268899,4.498457,0.23624378,-0.97096807,0.037549734,0
0.93514585,5.4311523,-0.44813061,-0.23624378,0.97096807,-0.037549734,0
0.35300064,3.4551456,4.1432986,0.63029373,0.18253708,0.75459272,0
2.0466981,-4.866394,-3.8928819,0.23624378,-0.97096807,0.037549734,0
-4.0019684,0.96707058,-2.13202,-0.63029373,-0.18253708,-0.75459272,0
2.4943621,4.020287,-1.5360436,0.73953962,0.15460062,-0.65511829,0
4.2338638,-0.98572159,1.9088891,0.63029373,0.18253708,0.75459272,0
1.2091186,3.3979306,3.4641948,0.63029373,0.18253708,0.75459272,0
-2.488121,4.2867894,-4.3365145,-0.63029373,-0.18253708,-0.75459272,0
-0.35229158,0.54842675,5.0166769,-0.73953962,-0.15460062,0.65511829,0
0.87408608,5.4597373,0.13457251,-0.23624378,0.97096807,-0.037549734,0
-3.0529933,-3.7547779,1.0349333,-0.73953962,-0.15460062,0.65511829,0
3.5298905,1.3105814,2.0674372,0.63029373,0.18253708,0.75459272,0
-1.7672992,-5.4124808,-2.5210483,-0.63029373,-0.18253708,-0.75459272,0
3.5825655,0.050390244,-1.435779,0.73953962,0.15460062,-0.65511829,0
3.7185521,-4.3876591,-1.7610571,0.23624378,-0.97096807,0.037549734,0
-1.1211371,3.6544797,4.9722443,-0.73953962,-0.15460062,0.65511829,0
-1.6144135,2.1206093,4.0421591,-0.73953962,-0.15460062,0.65511829,0
5.192997,-3.8635097,0.75267982,0.23624378,-0.97096807,0.037549734,0
-5.7842007,1.82126,-0.86434066,-0.63029373,-0.18253708,-0.75459272,0
1.915338,-1.4882976,4.169425,0.63029373,0.18253708,0.75459272,0
-4.0134144,-4.8094158,-0.39189816,-0.73953962,-0.15460062,0.65511829,0
-3.4038019,3.6262074,2.2677212,-0.73953962,-0.15460062,0.65511829,0
-3.8701167,0.092531681,0.9131701,-0.73953962,-0.15460062,0.65511829,0
5.1695862,-1.8074152,0.055811882,0.73953962,0.15460062,-0.65511829,0
-3.3190174,2.0423648,-2.9696732,-0.63029373,-0.18253708,-0.75459272,0
-1.2839627,-5.4281831,-1.2575817,0.23624378,-0.97096807,0.037549734,0
2.9585834,-0.41003919,3.0175874,0.63029373,0.18253708,0.75459272,0
2.1196284,-4.6640387,-0.91758513,0.23624378,-0.97096807,0.037549734,0
-4.5134439,0.4295125,-1.6889153,-0.63029373,-0.18253708,-0.75459272,0
-0.097268105,1.2798705,-5.2206793,0.73953962,0.15460062,-0.65511829,0
2.7650144,-3.562907,-3.1651888,0.73953962,0.15460062,-0.65511829,0
3.0865231,0.81148696,-1.6459551,0.73953962,0.15460062,-0.65511829,0
3.3599362,3.680738,-0.68387485,0.73953962,0.15460062,-0.65511829,0
1.2884564,-4.8050475,-4.9644947,0.73953962,0.15460062,-0.65511829,0
-3.3382497,4.3559651,1.9596391,-0.23624378,0.97096807,-0.037549734,0
3.0798545,4.4934425,-0.93122339,0.73953962,0.15460062,-0.65511829,0
0.86251736,-0.31810856,4.5501242,0.63029373,0.18253708,0.75459272,0
-0.69100165,4.9368949,-2.3676677,-0.23624378,0.97096807,-0.037549734,0
-1.4292631,1.9837313,4.15839,-0.73953962,-0.15460062,0.65511829,0
-4.4026537,2.845119,1.0914609,-0.73953962,-0.15460062,0.65511829,0
-3.6070578,-4.6260667,-1.0920007,-0.63029373,-0.18253708,-0.75459272,0
-2.1602058,-5.0680141,1.7152972,-0.73953962,-0.15460062,0.65511829,0
-0.65378851,-5.3540645,-0.21491051,0.23624378,-0.97096807,0.037549734,0
-4.0986223,-0.95386744,-1.6144414,-0.63029373,-0.18253708,-0.75459272,0
-0.79255891,0.5851903,4.5039082,-0.73953962,-0.15460062,0.65511829,0
3.0536304,-3.1874533,3.4703808,0.63029373,0.18253708,0.75459272,0
3.8152342,5.6800313,0.61080837,0.63029373,0.18253708,0.75459272,0
0.98073477,5.4013071,-1.2287979,-0.23624378,0.97096807,-0.037549734,0
4.8518453,2.0892467,0.74732423,0.63029373,0.18253708,0.75459272,0
-0.51931345,5.2035394,2.5369151,-0.23624378,0.97096807,-0.037549734,0
2.1476052,-4.6494761,0.80994844,0.23624378,-0.97096807,0.037549734,0
-4.5627346,-3.4967971,-0.65729594,-0.63029373,-0.18253708,-0.75459272,0
0.50133801,-1.2108746,-5.0225992,0.73953962,0.15460062,-0.65511829,0
1.4308412,2.9541998,3.3699586,0.63029373,0.18253708,0.75459272,0
2.3900232,-4.6607227,-0.44173241,0.23624378,-0.97096807,0.037549734,0
2.4305773,0.72082245,3.1865976,0.63029373,0.18253708,0.75459272,0
-1.9802918,-0.18180484,-3.6450138,-0.63029373,-0.18253708,-0.75459272,0
0.51275659,-0.31136942,-4.9453287,0.73953962,0.15460062,-0.65511829,0
-1.2416272,1.8956592,-4.7218914,-0.63029373,-0.18253708,-0.75459272,0
-3.8676274,-3.3253341,-1.3855526,-0.63029373,-0.18253708,-0.75459272,0
1.3403244,5.5348353,-0.77386332,-0.23624378,0.97096807,-0.037549734,0
-4.1156597,-3.1940084,-0.040253878,-0.73953962,-0.15460062,0.65511829,0
-0.04911685,-3.8334122,-4.3809857,-0.63029373,-0.18253708,-0.75459272,0
0.32871246,-0.44755352,5.1288166,0.63029373,0.18253708,0.75459272,0
3.4750082,6.022727,-0.078701019,-0.23624378,0.97096807,-0.037549734,0
-1.8588552,4.862051,4.3326249,-0.23624378,0.97096807,-0.037549734,0
0.91956711,-0.70965147,4.6655779,0.63029373,0.18253708,0.75459272,0
2.2574034,-3.1608315,4.3123426,0.63029373,0.18253708,0.75459272,0
-0.73879337,-2.1443942,4.0753522,-0.73953962,-0.15460062,0.65511829,0
-1.2334723,3.0544622,-5.1140981,-0.63029373,-0.18253708,-0.75459272,0
-3.6728761,-5.9164681,-0.81044722,-0.63029373,-0.18253708,-0.75459272,0
-2.6444974,4.3818054,-1.1660371,-0.23624378,0.97096807,-0.037549734,0
3.2314351,4.3437519,-0.75548029,0.73953962,0.15460062,-0.65511829,0
-2.5348742,-0.6920476,2.2403171,-0.73953962,-0.15460062,0.65511829,0
4.9047513,-0.69465065,-0.11298269,0.73953962,0.15460062,-0.65511829,0
1.1450827,4.9292212,3.1351314,0.63029373,0.18253708,0.75459272,0
5.5313129,-3.4948926,0.085713625,0.73953962,0.15460062,-0.65511829,0
-4.7496037,0.067918539,-1.4382339,-0.63029373,-0.18253708,-0.75459272,0
1.435775,5.5674391,1.256299,-0.23624378,0.97096807,-0.037549734,0
-0.18024921,5.2994661,3.607897,-0.23624378,0.97096807,-0.037549734,0
-1.1220472,-1.8033741,3.7570724,-0.73953962,-0.15460062,0.65511829,0
4.3346663,1.7690184,1.2751729,0.63029373,0.18253708,0.75459272,0
-3.7145762,-6.1115255,-0.49602461,0.23624378,-0.97096807,0.037549734,0
-0.69298315,-5.3815761,-2.5893118,0.23624378,-0.97096807,0.037549734,0
-2.3859146,2.0083876,3.1133461,-0.73953962,-0.15460062,0.65511829,0
-2.977313,4.4673386,0.51295948,-0.23624378,0.97096807,-0.037549734,0
4.326335,3.6655571,0.91506028,0.63029373,0.18253708,0.75459272,0
-1.2088946,4.952177,2.2899504,-0.23624378,0.97096807,-0.037549734,0
-3.4340796,4.2844996,-3.2789655,-0.23624378,0.97096807,-0.037549734,0
1.3707542,-1.3916923,4.5404243,0.63029373,0.18253708,0.75459272,0
3.0301642,-0.55007124,2.8891802,0.63029373,0.18253708,0.75459272,0
5.8075314,-3.6810021,1.1625404,0.23624378,-0.97096807,0.037549734,0
0.8147099,-4.8196568,3.2339129,0.23624378,-0.97096807,0.037549734,0
0.87871909,0.0045876503,-4.276752,0.73953962,0.15460062,-0.65511829,0
2.4807725,4.7992997,2.0253422,0.63029373,0.18253708,0.75459272,0
3.4386735,-4.332726,-1.1609833,0.23624378,-0.97096807,0.037549734,0
2.3249083,-4.4335132,2.8088622,0.23624378,-0.97096807,0.037549734,0
0.61890268,4.5683599,-3.6943688,0.73953962,0.15460062,-0.65511829,0
-4.2975445,-4.3986359,-0.60827732,-0.63029373,-0.18253708,-0.75459272,0
-3.0560622,-3.4667287,1.0397139,-0.73953962,-0.15460062,0.65511829,0
-3.6866984,-3.0760496,0.49611211,-0.73953962,-0.15460062,0.65511829,0
1.7228049,-4.7422509,-0.10900068,0.23624378,-0.97096807,0.037549734,0
-1.5522089,4.5498133,-4.3643327,-0.23624378,0.97096807,-0.037549734,0
5.2925615,-1.3269579,1.2013199,0.63029373,0.18253708,0.75459272,0
-4.1181583,-2.6463354,-1.2555305,-0.63029373,-0.18253708,-0.75459272,0
3.8684103,1.457083,1.6421677,0.63029373,0.18253708,0.75459272,0
0.27976131,5.264843,3.3615689,-0.23624378,0.97096807,-0.037549734,0
4.0797639,-4.1095581,-1.7238808,0.73953962,0.15460062,-0.65511829,0
1.6018373,-1.4001645,-3.9336796,0.73953962,0.15460062,-0.65511829,0
-3.8618476,0.79799438,1.1136043,-0.73953962,-0.15460062,0.65511829,0
-0.69462395,4.8142629,-3.8766365,-0.23624378,0.97096807,-0.037549734,0
0.68176311,-4.9461651,-0.91887474,0.23624378,-0.97096807,0.037549734,0
0.18645668,-1.7759469,5.0241685,-0.73953962,-0.15460062,0.65511829,0
1.2675931,-4.7665839,0.36787605,0.23624378,-0.97096807,0.037549734,0
0.15315318,5.292222,1.2161446,-0.23624378,0.97096807,-0.037549734,0
3.0082765,-4.3536482,3.3973732,0.23624378,-0.97096807,0.037549734,0
-5.0698876,2.0938597,0.11415434,-0.73953962,-0.15460062,0.65511829,0
2.6640749,5.4841375,1.6644678,0.63029373,0.18253708,0.75459272,0
0.5440228,5.4206777,2.827951,-0.23624378,0.97096807,-0.037549734,0
1.2804339,4.2281971,-2.9359698,0.73953962,0.15460062,-0.65511829,0
-0.92226171,2.0288539,4.8847256,-0.73953962,-0.15460062,0.65511829,0
4.0236692,-4.0000534,2.3744984,0.23624378,-0.97096807,0.037549734,0
4.8193107,-2.4455099,1.8403318,0.63029373,0.18253708,0.75459272,0
-2.5720029,-3.0295968,-2.3669841,-0.63029373,-0.18253708,-0.75459272,0
-2.5591767,-2.586334,1.9693892,-0.73953962,-0.15460062,0.65511829,0
-0.11806607,5.2820802,3.7408557,-0.23624378,0.97096807,-0.037549734,0
1.6143719,1.5326576,-3.2033634,0.73953962,0.15460062,-0.65511829,0
-1.5680742,-5.5984149,-2.3568738,0.23624378,-0.97096807,0.037549734,0
-0.95841599,-2.8188002,3.6248143,-0.73953962,-0.15460062,0.65511829,0
2.3517685,0.53311932,3.1739054,0.63029373,0.18253708,0.75459272,0
-0.25174522,-5.3604355,-2.290379,0.23624378,-0.97096807,0.037549734,0
0.19763231,3.4600563,-4.1734462,0.73953962,0.15460062,-0.65511829,0
1.2786748,-3.0286102,-4.7442107,0.73953962,0.15460062,-0.65511829,0
1.4917024,5.4761643,-1.8032746,-0.23624378,0.97096807,-0.037549734,0
3.9472263,-2.132127,-1.2420154,0.73953962,0.15460062,-0.65511829,0
-1.3398709,-0.74975061,3.6020808,-0.73953962,-0.15460062,0.65511829,0
0.79617405,-1.9413677,-4.9911404,0.73953962,0.15460062,-0.65511829,0
-3.3608196,-4.2934952,0.67208338,-0.73953962,-0.15460062,0.65511829,0
-0.74610054,-5.3086853,-0.39208508,0.23624378,-0.97096807,0.037549734,0
3.0324802,-4.6154618,-2.7317698,0.23624378,-0.97096807,0.037549734,0
-3.7385528,-2.7942445,0.33245683,-0.73953962,-0.15460062,0.65511829,0
2.1425948,1.7693832,3.1507802,0.63029373,0.18253708,0.75459272,0
-0.80146283,5.0140743,1.2580881,-0.23624378,0.97096807,-0.037549734,0
0.1311878,5.2328086,-1.231338,-0.23624378,0.97096807,-0.037549734,0
3.8035526,2.0378635,-0.53534412,0.73953962,0.15460062,-0.65511829,0
2.1872635,0.068692923,-2.7057967,0.73953962,0.15460062,-0.65511829,0
-1.0442386,4.7847114,-4.8768492,-0.23624378,0.97096807,-0.037549734,0
-0.36176562,4.9093428,-2.4675951,-0.23624378,0.97096807,-0.037549734,0
-0.72490048,5.1245189,2.7077558,-0.23624378,0.97096807,-0.037549734,0
-5.7555885,3.7180455,-1.0358827,-0.23624378,0.97096807,-0.037549734,0
-1.7225186,-4.2986641,2.2656131,-0.73953962,-0.15460062,0.65511829,0
1.9672682,5.5126877,-1.4526463,-0.23624378,0.97096807,-0.037549734,0
-5.2219286,2.3865743,-1.5039625,-0.63029373,-0.18253708,-0.75459272,0
-4.4586086,-2.5378771,-0.42991829,-0.73953962,-0.15460062,0.65511829,0
5.4174652,-3.8477395,0.67640305,0.23624378,-0.97096807,0.037549734,0
-1.3727584,3.0920112,4.6356168,-0.73953962,-0.15460062,0.65511829,0
4.6516871,-1.1521213,-0.34697503,0.73953962,0.15460062,-0.65511829,0
0.37683034,-5.1521382,-2.3921623,0.23624378,-0.97096807,0.037549734,0
0.44182634,-0.28183258,5.0001287,0.63029373,0.18253708,0.75459272,0
2.686455,1.5026631,-1.9596634,0.73953962,0.15460062,-0.65511829,0
-0.47553682,-0.25838852,4.835597,-0.73953962,-0.15460062,0.65511829,0
0.34152693,-5.1753736,-0.57026148,0.23624378,-0.97096807,0.037549734,0
-3.9789543,2.7657437,-2.7310059,-0.63029373,-0.18253708,-0.75459272,0
2.6660666,-3.9562311,-3.361059,0.73953962,0.15460062,-0.65511829,0
0.19969487,3.4940848,4.2012849,0.63029373,0.18253708,0.75459272,0
3.1514244,-0.33964598,2.7036073,0.63029373,0.18253708,0.75459272,0
-0.37585306,3.3483682,4.7932444,0.63029373,0.18253708,0.75459272,0
2.3799982,5.1156101,2.0749438,0.63029373,0.18253708,0.75459272,0
-1.5933836,-3.793292,-3.106616,-0.63029373,-0.18253708,-0.75459272,0
3.0564051,-4.4231358,-1.1859639,0.23624378,-0.97096807,0.037549734,0
3.5772796,-3.4343734,3.1138582,0.63029373,0.18253708,0.75459272,0
-0.23739409,-3.5283065,-4.2803512,-0.63029373,-0.18253708,-0.75459272,0
3.3606789,-0.058331013,2.4067273,0.63029373,0.18253708,0.75459272,0
3.7403777,-4.0364747,-2.1628828,0.73953962,0.15460062,-0.65511829,0
-1.1715721,4.8431344,2.0599346,-0.23624378,0.97096807,-0.037549734,0
-2.1937785,-0.54189783,-3.4208314,-0.63029373,-0.18253708,-0.75459272,0
-5.1918163,2.6184416,-1.5411916,-0.63029373,-0.18253708,-0.75459272,0
-3.2558038,4.523519,2.4664035,-0.23624378,0.97096807,-0.037549734,0
-2.9765265,-2.4089053,-2.192914,-0.63029373,-0.18253708,-0.75459272,0
-1.4987907,2.9241514,-4.7104158,-0.63029373,-0.18253708,-0.75459272,0
3.6278787,-4.1353836,3.1642377,0.23624378,-0.97096807,0.037549734,0
0.66573191,-0.69205379,4.9360852,0.63029373,0.18253708,0.75459272,0
-0.18340254,5.0600109,-1.5169072,-0.23624378,0.97096807,-0.037549734,0
-0.51326299,4.9372129,-2.0748115,-0.23624378,0.97096807,-0.037549734,0
-2.387929,4.6427445,-0.13690996,-0.23624378,0.97096807,-0.037549734,0
2.9617844,4.8223085,1.7543383,0.63029373,0.18253708,0.75459272,0
-3.374311,0.37896979,-2.4630394,-0.63029373,-0.18253708,-0.75459272,0
0.08673048,-1.4095759,-4.9552064,-0.63029373,-0.18253708,-0.75459272,0
-4.2150488,-2.9771042,-0.93093562,-0.63029373,-0.18253708,-0.75459272,0
-5.3715801,2.7686796,-1.378716,-0.63029373,-0.18253708,-0.75459272,0
5.5186415,-3.1465564,0.073377371,0.73953962,0.15460062,-0.65511829,0
-0.46383309,3.2629485,4.9784346,0.63029373,0.18253708,0.75459272,0
-5.679162,3.8233161,-1.191215,-0.23624378,0.97096807,-0.037549734,0
-3.3912652,-6.0863647,-0.54669857,0.23624378,-0.97096807,0.037549734,0
-3.3220124,3.5550787,-3.4123368,-0.63029373,-0.18253708,-0.75459272,0
2.2965012,0.81891251,-2.580898,0.73953962,0.15460062,-0.65511829,0
4.5401258,3.776947,0.58311439,0.73953962,0.15460062,-0.65511829,0
-1.1600974,5.065546,2.7420835,-0.23624378,0.97096807,-0.037549734,0
-1.888656,-5.4991698,0.81039953,0.23624378,-0.97096807,0.037549734,0
-1.859025,4.6683006,-2.8109007,-0.23624378,0.97096807,-0.037549734,0
-3.9863172,-1.6565928,-1.4567544,-0.63029373,-0.18253708,-0.75459272,0
-5.7547154,2.1263115,-1.0397032,-0.63029373,-0.18253708,-0.75459272,0
-3.2440915,-2.9082699,1.1276026,-0.73953962,-0.15460062,0.65511829,0
-0.9759078,1.1237522,4.4387569,-0.73953962,-0.15460062,0.65511829,0
-2.4775882,-0.26943302,-3.0973737,-0.63029373,-0.18253708,-0.75459272,0
-1.4216009,2.568387,4.2587452,-0.73953962,-0.15460062,0.65511829,0
3.2187812,5.9394741,0.3085289,-0.23624378,0.97096807,-0.037549734,0
5.2911682,-1.8827477,0.11976874,0.73953962,0.15460062,-0.65511829,0
2.8714125,-4.4451208,-0.17242241,0.23624378,-0.97096807,0.037549734,0
-0.65912604,-4.7849588,3.4921789,-0.73953962,-0.15460062,0.65511829,0
-3.6143556,4.1688519,-0.033087254,-0.23624378,0.97096807,-0.037549734,0
-0.049853325,5.085866,-2.9710073,-0.23624378,0.97096807,-0.037549734,0
2.6755552,4.8729305,-1.057888,0.73953962,0.15460062,-0.65511829,0
2.9620144,1.6255527,-1.6127037,0.73953962,0.15460062,-0.65511829,0
3.5474157,-0.4869132,-1.3828138,0.73953962,0.15460062,-0.65511829,0
-0.63976288,1.5897306,4.8911209,-0.73953962,-0.15460062,0.65511829,0
-2.0107799,0.46139288,3.2075946,-0.73953962,-0.15460062,0.65511829,0
2.9840107,3.6955941,-1.1892641,0.73953962,0.15460062,-0.65511829,0
2.3836172,5.7128263,-0.74027491,-0.23624378,0.97096807,-0.037549734,0
-3.4664083,3.4905691,2.2262561,-0.73953962,-0.15460062,0.65511829,0
-5.5294161,0.70256281,-0.98268485,-0.63029373,-0.18253708,-0.75459272,0
-0.70804739,4.9221587,-2.9407878,-0.23624378,0.97096807,-0.037549734,0
-1.6062235,-4.6112471,2.5009704,-0.73953962,-0.15460062,0.65511829,0
2.9179912,-4.4016142,2.8065462,0.23624378,-0.97096807,0.037549734,0
-1.1598959,0.91692424,-4.6786418,-0.63029373,-0.18253708,-0.75459272,0
-3.6429558,-5.690671,0.013194084,-0.73953962,-0.15460062,0.65511829,0
1.7406927,-4.9027038,-3.517498,0.23624378,-0.97096807,0.037549734,0
0.84872484,-4.8375039,2.7968979,0.23624378,-0.97096807,0.037549734,0
2.2673104,1.6711977,3.1116362,0.63029373,0.18253708,0.75459272,0
-1.3977804,3.6740537,4.4983029,-0.73953962,-0.15460062,0.65511829,0
0.88198566,-5.0378542,-1.48174,0.23624378,-0.97096807,0.037549734,0
5.3791084,-2.8967252,1.518883,0.63029373,0.18253708,0.75459272,0
1.3418672,2.1862197,3.6367455,0.63029373,0.18253708,0.75459272,0
0.55797219,5.2183123,-0.64817095,-0.23624378,0.97096807,-0.037549734,0
1.6103458,-0.60042769,4.1752748,0.63029373,0.18253708,0.75459272,0
3.1471639,-3.0384731,3.5314701,0.63029373,0.18253708,0.75459272,0
-1.8589172,4.5989509,-3.8111253,-0.23624378,0.97096807,-0.037549734,0
1.3176258,5.4771852,1.5351191,-0.23624378,0.97096807,-0.037549734,0
-2.9946866,4.3088083,-0.90049696,-0.23624378,0.97096807,-0.037549734,0
-1.7038144,-5.5422015,0.69662666,0.23624378,-0.97096807,0.037549734,0
3.1790919,-4.0591121,-2.674962,0.73953962,0.15460062,-0.65511829,0
0.39518881,0.22435951,5.0364041,0.63029373,0.18253708,0.75459272,0
0.74364042,-4.7477217,4.8496261,0.23624378,-0.97096807,0.037549734,0
1.9001647,-0.79900765,-3.4935813,0.73953962,0.15460062,-0.65511829,0
-2.7091212,4.3586159,-2.7293067,-0.23624378,0.97096807,-0.037549734,0
1.0182633,5.1493716,3.1923554,0.63029373,0.18253708,0.75459272,0
-0.53085971,0.24751544,4.6913013,-0.73953962,-0.15460062,0.65511829,0
-0.64773726,4.5546017,4.7543893,0.63029373,0.18253708,0.75459272,0
2.8115096,-4.5477695,-1.2422953,0.23624378,-0.97096807,0.037549734,0
-3.0804353,-3.7962909,-1.8589616,-0.63029373,-0.18253708,-0.75459272,0
3.06743,3.7960873,-0.88813448,0.73953962,0.15460062,-0.65511829,0
-4.0217428,-4.3054914,-0.79843903,-0.63029373,-0.18253708,-0.75459272,0
0.48952675,-2.7252338,-5.155498,-0.63029373,-0.18253708,-0.75459272,0
-3.6707392,2.4240775,-2.8365927,-0.63029373,-0.18253708,-0.75459272,0
1.7193981,5.6176805,-0.70408058,-0.23624378,0.97096807,-0.037549734,0
2.9866734,6.0021276,0.83009529,-0.23624378,0.97096807,-0.037549734,0
-4.4930391,3.0511189,1.0823785,-0.73953962,-0.15460062,0.65511829,0
-3.9211822,-1.0820272,-1.8923087,-0.63029373,-0.18253708,-0.75459272,0
1.0341058,5.5375938,2.9214687,-0.23624378,0.97096807,-0.037549734,0
-0.95404482,-5.2057915,2.2791371,0.23624378,-0.97096807,0.037549734,0
-3.3572531,-6.0631576,-0.18272686,0.23624378,-0.97096807,0.037549734,0
-2.1452131,2.1846566,3.4989448,-0.73953962,-0.15460062,0.65511829,0
3.3270619,-1.164953,-1.8837874,0.73953962,0.15460062,-0.65511829,0
-5.0684829,3.686636,-2.0831888,-0.63029373,-0.18253708,-0.75459272,0
-1.1733378,-4.8635521,2.7479768,-0.73953962,-0.15460062,0.65511829,0
-3.3028047,-0.29462981,1.4836035,-0.73953962,-0.15460062,0.65511829,0
-0.5649991,4.0463448,4.8650351,0.63029373,0.18253708,0.75459272,0
-1.1788702,-4.9822216,2.9605212,-0.73953962,-0.15460062,0.65511829,0
1.256393,5.356298,-0.48809195,-0.23624378,0.97096807,-0.037549734,0
-3.4303994,4.2575917,-2.306169,-0.23624378,0.97096807,-0.037549734,0
0.62490129,-5.0915179,-2.8806238,0.23624378,-0.97096807,0.037549734,0
-3.8191502,-0.790766,-1.8645995,-0.63029373,-0.18253708,-0.75459272,0
-3.6922288,-1.9180617,0.82388449,-0.73953962,-0.15460062,0.65511829,0
0.11224985,1.8084689,4.746459,0.63029373,0.18253708,0.75459272,0
1.836412,3.7772095,-2.4847891,0.73953962,0.15460062,-0.65511829,0
3.9361145,-4.2800851,-1.2971447,0.23624378,-0.97096807,0.037549734,0
0.47377944,5.0495977,-2.9715533,-0.23624378,0.97096807,-0.037549734,0
-1.7806959,-5.5820813,-0.48259926,0.23624378,-0.97096807,0.037549734,0
4.6019506,0.83829355,0.10909444,0.73953962,0.15460062,-0.65511829,0
-2.6704645,4.4958954,2.3176594,-0.23624378,0.97096807,-0.037549734,0
2.2476492,0.33917874,3.288826,0.63029373,0.18253708,0.75459272,0
2.8204756,-1.058416,3.3172302,0.63029373,0.18253708,0.75459272,0
5.7098002,-3.0562482,1.1822393,0.63029373,0.18253708,0.75459272,0
-4.4370351,2.8627956,-2.3940578,-0.63029373,-0.18253708,-0.75459272,0
-5.4290032,3.5321317,-1.5369658,-0.63029373,-0.18253708,-0.75459272,0
-3.8541391,-4.1801033,0.032619476,-0.73953962,-0.15460062,0.65511829,0
2.1418793,-0.12753081,-2.90453,0.73953962,0.15460062,-0.65511829,0
-3.33845,-2.5458605,0.99566507,-0.73953962,-0.15460062,0.65511829,0
-0.72560763,2.4772956,5.2318268,-0.73953962,-0.15460062,0.65511829,0
-1.8261051,3.4634726,-4.5463762,-0.63029373,-0.18253708,-0.75459272,0
3.1736722,-3.9170556,-2.7441559,0.73953962,0.15460062,-0.65511829,0
1.5594015,-4.7680111,-2.1254272,0.23624378,-0.97096807,0.037549734,0
-2.0160046,0.83832389,-3.6945744,-0.63029373,-0.18253708,-0.75459272,0
4.8408575,-1.7396774,-0.17955208,0.73953962,0.15460062,-0.65511829,0
-0.21430969,-1.9985046,-4.7133484,-0.63029373,-0.18253708,-0.75459272,0
-0.79297018,-2.2568326,-4.22403,-0.63029373,-0.18253708,-0.75459272,0
-0.99837017,-2.0598292,3.7849555,-0.73953962,-0.15460062,0.65511829,0
4.1579876,-4.1964164,-1.0944347,0.23624378,-0.97096807,0.037549734,0
-2.6880136,0.11684394,-3.1864598,-0.63029373,-0.18253708,-0.75459272,0
-1.3350493,0.68755221,4.1458035,-0.73953962,-0.15460062,0.65511829,0
0.55660629,-5.1615829,-3.7252171,0.23624378,-0.97096807,0.037549734,0
-3.4358368,1.7161121,1.8520038,-0.73953962,-0.15460062,0.65511829,0
3.2651074,3.7648182,-0.71461201,0.73953962,0.15460062,-0.65511829,0
1.1574662,-4.8894868,2.0563869,0.23624378,-0.97096807,0.037549734,0
4.0335593,-4.2112188,0.50163412,0.23624378,-0.97096807,0.037549734,0
2.4557126,-4.7296958,-2.1983573,0.23624378,-0.97096807,0.037549734,0
0.054777622,0.88067079,-5.1510429,0.73953962,0.15460062,-0.65511829,0
-0.62047148,-2.3528621,-4.2544613,-0.63029373,-0.18253708,-0.75459272,0
-1.3284869,4.7409587,-2.3708029,-0.23624378,0.97096807,-0.037549734,0
-1.8889151,2.1540768,-4.3128252,-0.63029373,-0.18253708,-0.75459272,0
-2.8138788,4.6833825,3.1297021,-0.23624378,0.97096807,-0.037549734,0
-2.2915573,4.0162859,3.7529974,-0.73953962,-0.15460062,0.65511829,0
1.6568497,-4.7248936,-0.34277487,0.23624378,-0.97096807,0.037549734,0
0.21570158,-1.3725141,-5.1139841,-0.63029373,-0.18253708,-0.75459272,0
1.1714458,5.5474238,1.7353859,-0.23624378,0.97096807,-0.037549734,0
1.8790579,-3.947727,4.8151693,0.63029373,0.18253708,0.75459272,0
-0.60484314,5.1542883,4.0291214,-0.23624378,0.97096807,-0.037549734,0
3.3334496,-4.5049806,-2.5780566,0.23624378,-0.97096807,0.037549734,0
-0.80301499,4.8913808,-3.0506492,-0.23624378,0.97096807,-0.037549734,0
-0.97993994,3.9427865,5.2204437,-0.73953962,-0.15460062,0.65511829,0
1.2866973,1.0074315,-3.5858424,0.73953962,0.15460062,-0.65511829,0
1.5015595,0.49014139,-3.4926775,0.73953962,0.15460062,-0.65511829,0
0.48349237,4.0470986,-3.9203024,0.73953962,0.15460062,-0.65511829,0
-1.7671878,-2.3029754,2.9532399,-0.73953962,-0.15460062,0.65511829,0
-1.8734159,4.5399933,-1.8131695,-0.23624378,0.97096807,-0.037549734,0
-1.2275782,-5.4238887,0.54369116,0.23624378,-0.97096807,0.037549734,0
2.496918,5.8745527,1.1812539,-0.23624378,0.97096807,-0.037549734,0
4.025414,1.8708429,-0.21820712,0.73953962,0.15460062,-0.65511829,0
1.0517406,-2.2322137,5.0266013,0.63029373,0.18253708,0.75459272,0
-1.2493169,4.4836388,5.0952978,-0.73953962,-0.15460062,0.65511829,0
3.0299547,0.21965873,2.5889199,0.63029373,0.18253708,0.75459272,0
4.7439852,-4.0013742,0.019261599,0.23624378,-0.97096807,0.037549734,0
0.52095175,1.3129742,-4.5233059,0.73953962,0.15460062,-0.65511829,0
4.172678,1.0723176,-0.39477003,0.73953962,0.15460062,-0.65511829,0
-0.78188944,0.85033512,-4.8245239,-0.63029373,-0.18253708,-0.75459272,0
-2.8698835,3.0533137,-3.6719825,-0.63029373,-0.18253708,-0.75459272,0
-4.8830209,0.33535051,-0.061168775,-0.73953962,-0.15460062,0.65511829,0
3.3307538,4.8715343,-0.48990393,0.73953962,0.15460062,-0.65511829,0
3.0405257,-4.3251829,0.66648197,0.23624378,-0.97096807,0.037549734,0
-5.7465296,2.6809974,-0.55935025,-0.73953962,-0.15460062,0.65511829,0
-2.5438509,-0.52877021,-3.0413799,-0.63029373,-0.18253708,-0.75459272,0
-4.5176458,1.6555851,0.62958515,-0.73953962,-0.15460062,0.65511829,0
0.081433728,-5.0901561,-0.79973793,0.23624378,-0.97096807,0.037549734,0
-3.8357165,-4.7699575,-0.81144094,-0.63029373,-0.18253708,-0.75459272,0
3.0332458,1.7851845,2.2839479,0.63029373,0.18253708,0.75459272,0
4.8525834,0.57248306,1.1559477,0.63029373,0.18253708,0.75459272,0
3.0758352,-1.0274532,2.8524942,0.63029373,0.18253708,0.75459272,0
-3.4517992,-0.86943364,1.1477162,-0.73953962,-0.15460062,0.65511829,0
-0.45411015,4.4450455,4.513546,0.63029373,0.18253708,0.75459272,0
2.4642727,-4.6234655,-2.4492526,0.23624378,-0.97096807,0.037549734,0
-1.2776593,1.697585,4.2953753,-0.73953962,-0.15460062,0.65511829,0
1.0731126,2.4189687,-3.5058982,0.73953962,0.15460062,-0.65511829,0
5.0354781,0.74108171,0.63856375,0.73953962,0.15460062,-0.65511829,0
1.9231882,0.62727547,3.5464013,0.63029373,0.18253708,0.75459272,0
-0.96338558,4.6980672,-4.9233518,-0.23624378,0.97096807,-0.037549734,0
0.086730003,0.018881559,-5.2675462,0.73953962,0.15460062,-0.65511829,0
2.6223741,2.6870794,-1.6935725,0.73953962,0.15460062,-0.65511829,0
1.4478892,-0.76459765,-3.938168,0.73953962,0.15460062,-0.65511829,0
-0.61052513,4.3867559,4.6227875,0.63029373,0.18253708,0.75459272,0
2.3221498,-1.1584976,3.6755428,0.63029373,0.18253708,0.75459272,0
-2.5546203,4.4220061,-3.8862081,-0.23624378,0.97096807,-0.037549734,0
-1.7632583,-4.3594518,2.2095327,-0.73953962,-0.15460062,0.65511829,0
0.83958554,-4.8545113,0.28436041,0.23624378,-0.97096807,0.037549734,0
0.23341084,3.1546993,4.4697366,0.63029373,0.18253708,0.75459272,0
-1.4700518,2.8020792,-4.8116274,-0.63029373,-0.18253708,-0.75459272,0
-1.9390664,2.3887944,-4.2202702,-0.63029373,-0.18253708,-0.75459272,0
0.0036826134,4.2600999,-4.2411046,0.73953962,0.15460062,-0.65511829,0
3.9455922,1.8184881,-0.31774449,0.73953962,0.15460062,-0.65511829,0
2.2941656,-4.4344397,3.9090567,0.23624378,-0.97096807,0.037549734,0
0.45821369,-5.0621166,1.0568509,0.23624378,-0.97096807,0.037549734,0
0.22789213,5.3371439,0.92174911,-0.23624378,0.97096807,-0.037549734,0
-4.2126803,1.9140487,1.1491283,-0.73953962,-0.15460062,0.65511829,0
0.24203706,2.9294744,4.3105373,0.63029373,0.18253708,0.75459272,0
-4.3819304,1.8288236,-2.0702219,-0.63029373,-0.18253708,-0.75459272,0
4.1169815,-0.56273866,-0.84422588,0.73953962,0.15460062,-0.65511829,0
2.1175802,3.8522429,-2.1191847,0.73953962,0.15460062,-0.65511829,0
3.5867863,-2.809387,3.1109529,0.63029373,0.18253708,0.75459272,0
-5.0929818,1.9328833,-1.4777285,-0.63029373,-0.18253708,-0.75459272,0
-2.8978624,3.1930301,2.9230323,-0.73953962,-0.15460062,0.65511829,0
2.1725769,-4.7708268,-3.7373781,0.23624378,-0.97096807,0.037549734,0
2.6461387,5.0224643,1.8816411,0.63029373,0.18253708,0.75459272,0
-1.0796857,-5.4918933,-0.859653,0.23624378,-0.97096807,0.037549734,0
3.6651864,-2.7814844,2.8079171,0.63029373,0.18253708,0.75459272,0
-1.3665462,4.7565031,-4.0808406,-0.23624378,0.97096807,-0.037549734,0
-2.4460518,4.5454683,1.2440767,-0.23624378,0.97096807,-0.037549734,0
0.39771295,5.2268586,1.8102465,-0.23624378,0.97096807,-0.037549734,0
-3.6577101,4.3332968,0.8776958,-0.23624378,0.97096807,-0.037549734,0
-2.8857777,-4.5779209,-1.7332747,-0.63029373,-0.18253708,-0.75459272,0
1.0634004,3.0818503,-3.3924792,0.73953962,0.15460062,-0.65511829,0
2.6231153,5.6832252,-0.90934658,0.73953962,0.15460062,-0.65511829,0
-1.0503936,2.2248414,4.58533,-0.73953962,-0.15460062,0.65511829,0
-3.4159002,4.0966578,-3.4791486,-0.63029373,-0.18253708,-0.75459272,0
2.58565,-0.64219236,-2.4663851,0.73953962,0.15460062,-0.65511829,0
-2.0251446,-5.7500558,-1.5868435,0.23624378,-0.97096807,0.037549734,0
-2.0705466,-0.53069222,-3.4920115,-0.63029373,-0.18253708,-0.75459272,0
0.42440283,-5.0163589,-0.39015627,0.23624378,-0.97096807,0.037549734,0
5.321764,-2.1183691,0.24539423,0.73953962,0.15460062,-0.65511829,0
5.5421929,-2.9284682,1.4121761,0.63029373,0.18253708,0.75459272,0
-2.9476626,-5.9880295,-0.83529902,0.23624378,-0.97096807,0.037549734,0
-2.7115233,4.4777822,-2.2774634,-0.23624378,0.97096807,-0.037549734,0
1.3374052,0.29598588,4.0141535,0.63029373,0.18253708,0.75459272,0
-0.97446299,3.8271389,-5.4803758,-0.63029373,-0.18253708,-0.75459272,0
-2.272953,2.191256,-3.8933406,-0.63029373,-0.18253708,-0.75459272,0
5.0681734,-0.59844613,1.3033965,0.63029373,0.18253708,0.75459272,0
-2.5056355,-3.1357698,-2.5020294,-0.63029373,-0.18253708,-0.75459272,0
-2.7153032,4.3339095,-2.1614757,-0.23624378,0.97096807,-0.037549734,0
4.4853311,-2.4093373,-0.98714364,0.73953962,0.15460062,-0.65511829,0
2.7129688,3.948348,-1.2938805,0.73953962,0.15460062,-0.65511829,0
-1.8199968,-5.6012082,-2.0858541,0.23624378,-0.97096807,0.037549734,0
-1.6167067,-0.70918345,3.2087803,-0.73953962,-0.15460062,0.65511829,0
1.3497107,3.0232623,-3.0600455,0.73953962,0.15460062,-0.65511829,0
-3.1125109,2.0917854,2.2466512,-0.73953962,-0.15460062,0.65511829,0
-0.26569223,5.0350466,-2.9332814,-0.23624378,0.97096807,-0.037549734,0
2.0003784,3.4217112,2.7655387,0.63029373,0.18253708,0.75459272,0
