-0.20965576,4.7051501,0.39682239,0.27455151,0.78381032,-0.55701256,0
2.6031785,-2.6412055,3.9260347,-0.27455151,-0.78381032,0.55701256,0
2.6116557,-4.687397,-1.7719386,0.93919373,-0.342834,-0.01949656,0
3.4453003,-2.133858,-1.9181571,0.93919373,-0.342834,-0.01949656,0
3.8646514,2.9865053,1.4503782,0.20624441,0.51778984,0.8302753,0
0.19120669,-4.2346525,-1.6925105,-0.20624441,-0.51778984,-0.8302753,0
-3.7049854,1.2039859,1.6968031,-0.93919373,0.342834,0.01949656,0
-3.6299057,1.9205351,-1.6614308,-0.93919373,0.342834,0.01949656,0
3.0930126,2.2222657,-1.6426852,0.27455151,0.78381032,-0.55701256,0
-2.0688467,-0.2704916,4.9910822,0.20624441,0.51778984,0.8302753,0
0.44830132,4.7439976,0.48143804,0.27455151,0.78381032,-0.55701256,0
-4.7283177,-1.054704,-0.5936923,-0.93919373,0.342834,0.01949656,0
-1.6924713,-3.3611991,-1.7052573,-0.20624441,-0.51778984,-0.8302753,0
4.2337389,2.7845173,-0.36711597,0.27455151,0.78381032,-0.55701256,0
-4.177783,0.091152251,0.26709843,-0.93919373,0.342834,0.01949656,0
2.0192997,-1.0926702,4.5072393,0.20624441,0.51778984,0.8302753,0
2.1141324,-3.2476139,2.7371304,-0.27455151,-0.78381032,0.55701256,0
1.0904894,-3.2914424,2.0318432,-0.27455151,-0.78381032,0.55701256,0
4.5004473,0.94406825,-1.6969199,0.93919373,-0.342834,-0.01949656,0
-4.6914654,-1.025727,-1.1258955,-0.93919373,0.342834,0.01949656,0
-1.2286707,2.7045074,2.7197213,0.20624441,0.51778984,0.8302753,0
3.4142919,-2.3477154,-0.24267435,0.93919373,-0.342834,-0.01949656,0
-3.012979,1.9773993,3.672132,0.20624441,0.51778984,0.8302753,0
3.1138849,2.9833493,-0.53647637,0.27455151,0.78381032,-0.55701256,0
2.7071457,0.53189349,3.2966082,0.20624441,0.51778984,0.8302753,0
3.8433037,-1.1211637,-1.1147695,0.93919373,-0.342834,-0.01949656,0
-3.3345218,-2.1322155,1.4733224,-0.27455151,-0.78381032,0.55701256,0
2.6084578,-3.4578867,-2.6608627,-0.20624441,-0.51778984,-0.8302753,0
4.3984237,1.4608307,2.1193659,0.20624441,0.51778984,0.8302753,0
-3.5271773,1.9696314,2.5118415,-0.93919373,0.342834,0.01949656,0
4.1772633,0.14797926,-2.849267,0.93919373,-0.342834,-0.01949656,0
0.41222882,-3.9240322,0.95686412,-0.27455151,-0.78381032,0.55701256,0
3.8786898,1.7137263,2.0672426,0.20624441,0.51778984,0.8302753,0
4.0619555,-0.43550503,-1.0295124,0.93919373,-0.342834,-0.01949656,0
-2.7196248,3.9096775,-2.2668948,0.27455151,0.78381032,-0.55701256,0
3.86867,-1.1747538,1.5816367,0.93919373,-0.342834,-0.01949656,0
-3.410912,1.9654377,2.3757064,-0.93919373,0.342834,0.01949656,0
3.5402126,-1.9453688,2.8879256,0.93919373,-0.342834,-0.01949656,0
-4.5134811,-1.0275124,1.901372,-0.93919373,0.342834,0.01949656,0
-0.89519811,-1.5287079,3.6420119,-0.27455151,-0.78381032,0.55701256,0
3.2517343,-3.0063405,0.31130886,0.93919373,-0.342834,-0.01949656,0
-2.9653208,3.5868621,-1.2514305,-0.93919373,0.342834,0.01949656,0
-1.4663846,-0.93731093,-3.286232,-0.20624441,-0.51778984,-0.8302753,0
2.3298798,-5.0417709,-0.24625635,0.93919373,-0.342834,-0.01949656,0
-1.8796804,-1.2424374,3.657568,-0.27455151,-0.78381032,0.55701256,0
0.26054454,4.198926,1.4120883,0.20624441,0.51778984,0.8302753,0
-3.3029456,2.6346421,0.62047696,-0.93919373,0.342834,0.01949656,0
1.7888308,-2.0728035,-3.2590599,-0.20624441,-0.51778984,-0.8302753,0
-1.154779,0.25706863,4.416131,0.20624441,0.51778984,0.8302753,0
0.55598927,3.3912945,-1.1975546,0.27455151,0.78381032,-0.55701256,0
3.9391942,-0.80766273,2.396266,0.93919373,-0.342834,-0.01949656,0
-4.5022817,-0.73239172,1.3259797,-0.93919373,0.342834,0.01949656,0
3.9353175,1.6132473,-2.1320527,0.27455151,0.78381032,-0.55701256,0
3.4977679,-1.6555922,-2.5057254,0.93919373,-0.342834,-0.01949656,0
-2.1711519,-3.3871946,-1.5505493,-0.20624441,-0.51778984,-0.8302753,0
-4.4522595,-1.6519394,-2.027122,-0.20624441,-0.51778984,-0.8302753,0
-3.3330629,2.8979239,-2.7815919,-0.93919373,0.342834,0.01949656,0
3.085794,-3.3133147,-0.14239073,0.93919373,-0.342834,-0.01949656,0
3.8436868,-1.3978826,3.6630855,0.93919373,-0.342834,-0.01949656,0
-2.9391301,3.4504428,-0.87268353,-0.93919373,0.342834,0.01949656,0
0.89972961,0.77777147,3.4946933,0.20624441,0.51778984,0.8302753,0
3.9484904,1.351805,-2.5641451,0.27455151,0.78381032,-0.55701256,0
2.4409461,-1.3827834,-3.8835976,-0.20624441,-0.51778984,-0.8302753,0
1.5924735,-0.077726364,-4.6286774,-0.20624441,-0.51778984,-0.8302753,0
1.1217316,-2.4378672,-2.9955523,-0.20624441,-0.51778984,-0.8302753,0
4.8584938,1.4649307,-0.48665142,0.93919373,-0.342834,-0.01949656,0
1.156127,4.2669244,0.43464088,0.27455151,0.78381032,-0.55701256,0
3.5049307,1.5871451,-2.1913409,0.27455151,0.78381032,-0.55701256,0
-2.9126034,0.96037984,-4.1823816,-0.20624441,-0.51778984,-0.8302753,0
-1.3649185,-1.3384738,3.8287296,-0.27455151,-0.78381032,0.55701256,0
-4.023737,-1.5844826,2.1533554,-0.27455151,-0.78381032,0.55701256,0
-4.5341749,-0.43302786,-1.7844164,-0.93919373,0.342834,0.01949656,0
0.40711206,-2.332366,-2.834276,-0.20624441,-0.51778984,-0.8302753,0
4.5611715,1.0156374,-0.5503006,0.93919373,-0.342834,-0.01949656,0
-0.060936689,2.3165655,-2.8939345,0.27455151,0.78381032,-0.55701256,0
1.9838557,-1.1451938,4.4085302,0.20624441,0.51778984,0.8302753,0
-3.8855784,1.2501354,-3.8779507,-0.93919373,0.342834,0.01949656,0
-3.3057039,2.726007,-4.1019492,0.27455151,0.78381032,-0.55701256,0
-4.8045826,-1.4011147,1.6042504,-0.93919373,0.342834,0.01949656,0
-3.7345939,1.7192981,-3.0796437,-0.93919373,0.342834,0.01949656,0
-2.0473704,1.3990231,-4.4729233,-0.20624441,-0.51778984,-0.8302753,0
-4.9736829,-2.1851878,-1.6095877,-0.20624441,-0.51778984,-0.8302753,0
-2.954792,0.60878253,-3.9012175,-0.20624441,-0.51778984,-0.8302753,0
4.1401806,-0.060570836,-0.88751793,0.93919373,-0.342834,-0.01949656,0
-2.0493686,-1.9844961,2.4919176,-0.27455151,-0.78381032,0.55701256,0
0.36010218,-0.56381416,4.4572415,0.20624441,0.51778984,0.8302753,0
-3.8951223,0.70284092,1.0268569,-0.93919373,0.342834,0.01949656,0
-3.2235048,-0.80054355,3.4873915,-0.27455151,-0.78381032,0.55701256,0
-4.3057604,-1.7782106,-1.9662545,-0.20624441,-0.51778984,-0.8302753,0
0.32628059,-4.8258924,-0.24700677,-0.27455151,-0.78381032,0.55701256,0
1.0312541,-0.97745848,-3.8151231,-0.20624441,-0.51778984,-0.8302753,0
4.426929,2.4631121,1.6849511,0.20624441,0.51778984,0.8302753,0
2.3624928,-1.1671667,-4.0690432,-0.20624441,-0.51778984,-0.8302753,0
-1.6043477,-0.24287057,-3.6881573,-0.20624441,-0.51778984,-0.8302753,0
1.0331888,4.5589437,0.76620436,0.27455151,0.78381032,-0.55701256,0
5.1476507,2.4655252,0.61070395,0.93919373,-0.342834,-0.01949656,0
0.11107063,-1.002655,-3.5438573,-0.20624441,-0.51778984,-0.8302753,0
2.2166638,-1.7125409,4.6431065,0.20624441,0.51778984,0.8302753,0
3.3805568,-2.2115889,-0.21651745,0.93919373,-0.342834,-0.01949656,0
-3.1553528,-1.9485986,2.0907764,-0.27455151,-0.78381032,0.55701256,0
-2.7463953,2.2114956,-4.4537349,0.27455151,0.78381032,-0.55701256,0
-2.5590539,-2.952492,-1.6788079,-0.20624441,-0.51778984,-0.8302753,0
0.98162889,2.9796231,2.1836679,0.20624441,0.51778984,0.8302753,0
2.0189736,-4.8257632,0.66672564,-0.27455151,-0.78381032,0.55701256,0
0.78514576,-5.1776743,-0.64959323,-0.27455151,-0.78381032,0.55701256,0
-2.9067087,3.6864545,1.7427099,-0.93919373,0.342834,0.01949656,0
-1.2037399,4.740243,1.4926124,0.20624441,0.51778984,0.8302753,0
3.3402228,3.7366881,0.75776243,0.27455151,0.78381032,-0.55701256,0
0.22783351,-2.4191771,-2.774904,-0.20624441,-0.51778984,-0.8302753,0
-2.410907,1.5870938,3.9119484,0.20624441,0.51778984,0.8302753,0
-3.4896357,2.1387753,2.2312586,-0.93919373,0.342834,0.01949656,0
-2.1694679,-2.1772285,-2.3251204,-0.20624441,-0.51778984,-0.8302753,0
-4.0698452,-3.3527899,-0.52408195,-0.27455151,-0.78381032,0.55701256,0
4.3589258,3.3791747,0.74200058,0.27455151,0.78381032,-0.55701256,0
3.7933388,-1.317976,2.9495716,0.93919373,-0.342834,-0.01949656,0
3.625555,1.4845754,-2.5102644,0.27455151,0.78381032,-0.55701256,0
2.1353939,3.1062992,1.7855884,0.20624441,0.51778984,0.8302753,0
-2.7290416,2.5800338,-4.1437855,0.27455151,0.78381032,-0.55701256,0
-4.1136217,0.77120161,-2.8713903,-0.93919373,0.342834,0.01949656,0
-3.7225778,1.3761587,-3.1426516,-0.93919373,0.342834,0.01949656,0
-0.41670728,-2.7320485,2.4071341,-0.27455151,-0.78381032,0.55701256,0
3.5803018,-0.84871721,-4.6664743,-0.20624441,-0.51778984,-0.8302753,0
-3.9677887,0.71061468,2.9199133,-0.93919373,0.342834,0.01949656,0
3.8852499,-1.1431746,-2.105962,0.93919373,-0.342834,-0.01949656,0
-2.795325,3.9059863,1.3684371,-0.93919373,0.342834,0.01949656,0
-3.8948717,1.1413234,-3.6350648,-0.93919373,0.342834,0.01949656,0
-3.4337339,2.3509202,-2.2671437,-0.93919373,0.342834,0.01949656,0
-1.957015,-2.2284713,2.1430631,-0.27455151,-0.78381032,0.55701256,0
2.7706103,-3.9425197,1.2061403,0.93919373,-0.342834,-0.01949656,0
0.71786785,3.479924,1.7887268,0.20624441,0.51778984,0.8302753,0
1.3541958,-3.0588799,2.4800727,-0.27455151,-0.78381032,0.55701256,0
-1.2044138,3.1432455,2.6089511,0.20624441,0.51778984,0.8302753,0
-3.5402789,1.840306,0.20005584,-0.93919373,0.342834,0.01949656,0
-0.14899516,-3.3199441,1.3923461,-0.27455151,-0.78381032,0.55701256,0
-0.31267619,2.4226215,2.6688643,0.20624441,0.51778984,0.8302753,0
2.176403,4.3539844,0.74346626,0.27455151,0.78381032,-0.55701256,0
0.72554183,2.022794,-3.1689088,0.27455151,0.78381032,-0.55701256,0
-1.8056376,1.8946019,-4.4553518,0.27455151,0.78381032,-0.55701256,0
3.0517137,-3.4387217,-0.12345004,0.93919373,-0.342834,-0.01949656,0
-2.7892098,-0.35730839,4.3967123,-0.27455151,-0.78381032,0.55701256,0
-2.0737422,1.8559594,-4.7883902,0.27455151,0.78381032,-0.55701256,0
3.7140224,-0.63028574,-4.6950917,-0.20624441,-0.51778984,-0.8302753,0
-4.5250483,-0.40476775,-2.6377728,-0.93919373,0.342834,0.01949656,0
2.4277108,-3.967967,1.922218,-0.27455151,-0.78381032,0.55701256,0
3.1157117,-3.0976,-1.7585588,0.93919373,-0.342834,-0.01949656,0
0.95631588,0.25582623,3.7084723,0.20624441,0.51778984,0.8302753,0
2.2213314,2.7110012,2.0661154,0.20624441,0.51778984,0.8302753,0
-4.0289278,0.5130949,1.2991099,-0.93919373,0.342834,0.01949656,0
4.5224299,0.56902266,2.2723265,0.93919373,-0.342834,-0.01949656,0
-2.9773235,3.6057141,1.5739684,-0.93919373,0.342834,0.01949656,0
3.3237827,-2.6270514,-2.5446103,0.93919373,-0.342834,-0.01949656,0
-3.150918,3.071095,1.8543537,-0.93919373,0.342834,0.01949656,0
2.330421,-4.7115779,0.86357558,-0.27455151,-0.78381032,0.55701256,0
3.1825526,-2.6159163,4.1043653,-0.27455151,-0.78381032,0.55701256,0
-0.67392862,2.6877534,2.7463932,0.20624441,0.51778984,0.8302753,0
-0.54880142,-4.0354843,-1.6733024,-0.20624441,-0.51778984,-0.8302753,0
-0.29367375,2.5780625,-2.954344,0.27455151,0.78381032,-0.55701256,0
0.18118298,-0.44499254,-4.0780582,-0.20624441,-0.51778984,-0.8302753,0
4.5548458,0.67824602,-1.2250981,0.93919373,-0.342834,-0.01949656,0
-1.9787581,-0.064657927,-3.632391,-0.20624441,-0.51778984,-0.8302753,0
0.51623964,2.1340375,2.7519932,0.20624441,0.51778984,0.8302753,0
-3.8387632,-0.26106358,-3.1030629,-0.20624441,-0.51778984,-0.8302753,0
-3.077709,-3.0565414,-1.4602385,-0.20624441,-0.51778984,-0.8302753,0
3.1707692,-3.2953329,2.7585721,0.93919373,-0.342834,-0.01949656,0
-3.9563951,-0.74612355,-2.7894926,-0.20624441,-0.51778984,-0.8302753,0
0.95152974,-4.6822901,0.17253125,-0.27455151,-0.78381032,0.55701256,0
1.3797791,-2.7795959,2.8827848,-0.27455151,-0.78381032,0.55701256,0
-3.0323095,3.3934968,1.563154,-0.93919373,0.342834,0.01949656,0
-3.9803293,0.90236306,2.5514984,-0.93919373,0.342834,0.01949656,0
1.3556077,3.0974927,1.9003658,0.20624441,0.51778984,0.8302753,0
1.8047826,-4.8486309,0.48931384,-0.27455151,-0.78381032,0.55701256,0
3.9298315,2.9099951,-0.43092632,0.27455151,0.78381032,-0.55701256,0
-3.621762,1.8171954,-1.2538087,-0.93919373,0.342834,0.01949656,0
-2.1841009,0.22669911,-3.7201419,-0.20624441,-0.51778984,-0.8302753,0
-0.85095072,-3.7690632,0.57242095,-0.27455151,-0.78381032,0.55701256,0
-4.4436159,-0.54769135,-2.746537,-0.20624441,-0.51778984,-0.8302753,0
-0.79481983,-2.6433632,-2.3995161,-0.20624441,-0.51778984,-0.8302753,0
-2.9327154,0.50571394,4.6625156,0.20624441,0.51778984,0.8302753,0
-3.1897211,1.6772119,-4.3673949,-0.20624441,-0.51778984,-0.8302753,0
3.2059195,-0.64952612,-4.6341438,-0.20624441,-0.51778984,-0.8302753,0
4.0628901,2.4874368,-0.70616007,0.27455151,0.78381032,-0.55701256,0
1.428273,-5.479784,-0.71685147,-0.27455151,-0.78381032,0.55701256,0
4.7260008,1.1890622,-1.5708437,0.93919373,-0.342834,-0.01949656,0
-3.58109,1.7860429,-3.6162553,-0.93919373,0.342834,0.01949656,0
-4.3571076,-1.7304718,1.6655111,-0.27455151,-0.78381032,0.55701256,0
3.6779118,-0.52310896,3.6501846,0.20624441,0.51778984,0.8302753,0
0.81216145,-3.1154854,2.4166148,-0.27455151,-0.78381032,0.55701256,0
2.4016199,2.8723032,1.7973571,0.20624441,0.51778984,0.8302753,0
2.8181138,-3.8961606,0.3664906,0.93919373,-0.342834,-0.01949656,0
2.94381,-3.7513742,-2.0719907,0.93919373,-0.342834,-0.01949656,0
-0.27901649,-4.1871214,0.12529673,-0.27455151,-0.78381032,0.55701256,0
-3.4790792,2.2073398,-0.21273685,-0.93919373,0.342834,0.01949656,0
-0.20612288,-3.2648401,1.7293112,-0.27455151,-0.78381032,0.55701256,0
3.4328263,-2.3477437,4.0066881,0.93919373,-0.342834,-0.01949656,0
3.3563166,0.033666611,-4.615818,0.27455151,0.78381032,-0.55701256,0
-4.5025234,-0.44391114,-0.68939257,-0.93919373,0.342834,0.01949656,0
-0.88068724,-3.8135939,0.50381231,-0.27455151,-0.78381032,0.55701256,0
-0.77079582,2.7919023,-2.7078285,0.27455151,0.78381032,-0.55701256,0
-0.88990879,-4.4788513,-1.0849171,-0.20624441,-0.51778984,-0.8302753,0
4.5191975,0.57163072,2.5332072,0.93919373,-0.342834,-0.01949656,0
-2.8910384,3.9787266,0.98966336,-0.93919373,0.342834,0.01949656,0
3.604619,-1.462764,-2.2578006,0.93919373,-0.342834,-0.01949656,0
0.74579668,-4.5603127,-1.5407299,-0.20624441,-0.51778984,-0.8302753,0
-2.4474468,-1.1771448,3.5120561,-0.27455151,-0.78381032,0.55701256,0
2.9172983,1.9527626,2.2960558,0.20624441,0.51778984,0.8302753,0
1.8902999,-3.3347044,2.5263054,-0.27455151,-0.78381032,0.55701256,0
-0.1049552,0.74056411,-4.65833,-0.20624441,-0.51778984,-0.8302753,0
-3.2896924,-2.8453124,0.55808616,-0.27455151,-0.78381032,0.55701256,0
-4.2708764,0.35676658,-2.5873127,-0.93919373,0.342834,0.01949656,0
-0.75110984,-0.76886845,4.8038173,0.20624441,0.51778984,0.8302753,0
4.7919855,1.5324497,0.084913731,0.93919373,-0.342834,-0.01949656,0
0.83757305,3.6868801,1.7191516,0.20624441,0.51778984,0.8302753,0
0.10575151,-4.6858625,-0.24876326,-0.27455151,-0.78381032,0.55701256,0
-0.16179562,2.6117303,-2.8296924,0.27455151,0.78381032,-0.55701256,0
-0.80563545,-2.9384005,1.7930094,-0.27455151,-0.78381032,0.55701256,0
3.0735688,-3.1229887,1.2226982,0.93919373,-0.342834,-0.01949656,0
-3.6731703,1.3521502,1.3569596,-0.93919373,0.342834,0.01949656,0
-4.5603352,-1.008615,0.23804474,-0.93919373,0.342834,0.01949656,0
-1.181658,-1.8867176,-2.7798219,-0.20624441,-0.51778984,-0.8302753,0
3.280066,-2.9441955,1.6801455,0.93919373,-0.342834,-0.01949656,0
-0.618644,-4.2739315,-1.4129417,-0.20624441,-0.51778984,-0.8302753,0
-0.20652747,2.6841602,-2.4621682,0.27455151,0.78381032,-0.55701256,0
2.1703424,1.2790821,2.8483963,0.20624441,0.51778984,0.8302753,0
-0.50083685,-3.1866887,-2.0249419,-0.20624441,-0.51778984,-0.8302753,0
-3.3875818,1.0616319,-4.0867181,-0.20624441,-0.51778984,-0.8302753,0
-1.707587,-2.9044709,1.2938952,-0.27455151,-0.78381032,0.55701256,0
1.3301988,1.2907929,3.0902514,0.20624441,0.51778984,0.8302753,0
-0.95759106,4.9091358,-0.016219139,0.27455151,0.78381032,-0.55701256,0
0.69764495,1.8230324,-3.3127735,0.27455151,0.78381032,-0.55701256,0
2.6500044,-1.3465292,4.3213091,0.20624441,0.51778984,0.8302753,0
-3.4141731,-1.1708548,-2.7256601,-0.20624441,-0.51778984,-0.8302753,0
2.5314226,-4.5652089,0.50702906,0.93919373,-0.342834,-0.01949656,0
-0.57226729,2.3846462,-3.2818828,0.27455151,0.78381032,-0.55701256,0
-4.4991221,-0.98178929,0.64523029,-0.93919373,0.342834,0.01949656,0
2.0044942,-3.3758311,2.3917451,-0.27455151,-0.78381032,0.55701256,0
-3.6998973,-3.3628368,-0.13898849,-0.27455151,-0.78381032,0.55701256,0
-2.9918756,2.3459187,3.5931277,0.20624441,0.51778984,0.8302753,0
-1.1048589,4.683403,-0.33663261,0.27455151,0.78381032,-0.55701256,0
-4.3936749,-0.17892745,-0.81798148,-0.93919373,0.342834,0.01949656,0
0.1675806,-3.2153723,1.8782098,-0.27455151,-0.78381032,0.55701256,0
2.7009625,-2.1139483,-3.5013623,-0.20624441,-0.51778984,-0.8302753,0
-2.0913095,-1.3707874,3.3721709,-0.27455151,-0.78381032,0.55701256,0
-0.57638264,-4.3548188,-0.22461994,-0.27455151,-0.78381032,0.55701256,0
3.3819048,2.4908118,1.7127357,0.20624441,0.51778984,0.8302753,0
-4.1930237,0.33700824,0.85948944,-0.93919373,0.342834,0.01949656,0
0.62574983,1.3920636,3.2930591,0.20624441,0.51778984,0.8302753,0
-4.693398,-1.3449955,-1.9333808,-0.93919373,0.342834,0.01949656,0
-3.9444399,0.73994452,-2.3003955,-0.93919373,0.342834,0.01949656,0
-4.0834785,-2.7309792,0.50212002,-0.27455151,-0.78381032,0.55701256,0
-4.8112316,-1.2378693,-0.47334766,-0.93919373,0.342834,0.01949656,0
2.162514,2.4183316,-1.6872306,0.27455151,0.78381032,-0.55701256,0
-0.30728909,1.107523,3.6195331,0.20624441,0.51778984,0.8302753,0
-3.2584267,2.4651065,2.7496727,-0.93919373,0.342834,0.01949656,0
0.90266752,3.5993531,-0.80421937,0.27455151,0.78381032,-0.55701256,0
2.7769189,-3.9709418,-1.7900326,0.93919373,-0.342834,-0.01949656,0
4.9548187,2.4119148,-0.61795235,0.27455151,0.78381032,-0.55701256,0
-4.7015805,-1.0234547,-1.4587615,-0.93919373,0.342834,0.01949656,0
1.5814855,-4.7325897,0.56804502,-0.27455151,-0.78381032,0.55701256,0
4.0028281,-0.66623032,-0.95488024,0.93919373,-0.342834,-0.01949656,0
-0.93216491,3.8136904,2.0484571,0.20624441,0.51778984,0.8302753,0
-2.4107938,-4.1288581,-1.1585009,-0.20624441,-0.51778984,-0.8302753,0
3.6849685,-1.6860447,2.5374999,0.93919373,-0.342834,-0.01949656,0
-1.7822751,2.5499995,-3.3983846,0.27455151,0.78381032,-0.55701256,0
1.9001436,2.0616369,2.4556558,0.20624441,0.51778984,0.8302753,0
1.8973508,1.3098919,-3.4916618,0.27455151,0.78381032,-0.55701256,0
-1.5168501,2.2469897,3.2532682,0.20624441,0.51778984,0.8302753,0
3.4001684,-1.0856223,-4.479516,-0.20624441,-0.51778984,-0.8302753,0
2.60673,-4.4888396,1.1682636,0.93919373,-0.342834,-0.01949656,0
0.91022301,-2.2967045,3.4422579,-0.27455151,-0.78381032,0.55701256,0
4.7838631,2.1498253,-0.92988157,0.27455151,0.78381032,-0.55701256,0
3.8221433,-1.3236098,0.31794381,0.93919373,-0.342834,-0.01949656,0
3.8214784,3.1181974,-0.16806698,0.27455151,0.78381032,-0.55701256,0
1.4676287,-0.65872717,-4.1957402,-0.20624441,-0.51778984,-0.8302753,0
-3.9300685,0.83790743,-3.0438254,-0.93919373,0.342834,0.01949656,0
-3.1275413,-1.5792842,2.5957201,-0.27455151,-0.78381032,0.55701256,0
-0.57082796,-2.7600296,1.9471765,-0.27455151,-0.78381032,0.55701256,0
-0.60612583,3.2267075,-2.0345702,0.27455151,0.78381032,-0.55701256,0
0.38112402,2.9725075,-1.7560687,0.27455151,0.78381032,-0.55701256,0
-2.5027218,-3.2227676,-1.5528516,-0.20624441,-0.51778984,-0.8302753,0
4.5450563,1.0086216,-1.0605006,0.93919373,-0.342834,-0.01949656,0
2.6176169,2.5642142,-1.4760344,0.27455151,0.78381032,-0.55701256,0
2.3089035,3.3876169,1.4899291,0.20624441,0.51778984,0.8302753,0
1.5336995,-0.93861794,4.340198,0.20624441,0.51778984,0.8302753,0
3.8222132,-1.4062492,-0.53642464,0.93919373,-0.342834,-0.01949656,0
-2.8550956,3.4867435,2.5806298,-0.93919373,0.342834,0.01949656,0
-2.8645306,-2.6015127,-1.7659658,-0.20624441,-0.51778984,-0.8302753,0
-4.081171,0.60517532,-2.2255909,-0.93919373,0.342834,0.01949656,0
-0.5623852,1.0116992,-4.6822124,-0.20624441,-0.51778984,-0.8302753,0
0.21159697,-4.0090942,-1.78835,-0.20624441,-0.51778984,-0.8302753,0
-3.0586424,3.3556263,1.8058915,-0.93919373,0.342834,0.01949656,0
3.3561282,-2.042254,4.7490077,0.20624441,0.51778984,0.8302753,0
4.1839752,-0.20079458,-0.065200806,0.93919373,-0.342834,-0.01949656,0
4.2067223,-0.33655798,-0.95638275,0.93919373,-0.342834,-0.01949656,0
-4.2684879,0.13724425,-1.0429978,-0.93919373,0.342834,0.01949656,0
0.63335299,-2.5460143,-2.7893138,-0.20624441,-0.51778984,-0.8302753,0
-2.3273921,-0.34567499,-3.4147286,-0.20624441,-0.51778984,-0.8302753,0
1.3143998,-1.4041886,-3.7782321,-0.20624441,-0.51778984,-0.8302753,0
4.7541552,1.4625683,0.19652987,0.93919373,-0.342834,-0.01949656,0
3.3253741,0.37410522,3.249223,0.20624441,0.51778984,0.8302753,0
-4.1007853,0.39550328,-3.4872103,-0.20624441,-0.51778984,-0.8302753,0
4.0955753,2.2332973,1.7391334,0.20624441,0.51778984,0.8302753,0
0.45867205,-2.4229722,3.0103934,-0.27455151,-0.78381032,0.55701256,0
2.9723141,-3.4840574,-0.83724284,0.93919373,-0.342834,-0.01949656,0
4.1417127,-0.30137634,2.6493924,0.93919373,-0.342834,-0.01949656,0
1.7158585,3.8798742,-0.14269686,0.27455151,0.78381032,-0.55701256,0
-1.5422277,-3.0467925,-2.0319552,-0.20624441,-0.51778984,-0.8302753,0
-0.45127201,-2.7421589,2.1867313,-0.27455151,-0.78381032,0.55701256,0
0.11387777,-0.34364009,4.4549422,0.20624441,0.51778984,0.8302753,0
-5.1790934,-2.2443993,0.2527132,-0.93919373,0.342834,0.01949656,0
-3.2237532,-1.3159335,-2.6218898,-0.20624441,-0.51778984,-0.8302753,0
1.264143,-2.3292751,3.7632408,-0.27455151,-0.78381032,0.55701256,0
-1.9359751,3.9443643,-1.6294587,0.27455151,0.78381032,-0.55701256,0
-0.17283058,-4.8815107,-1.2016997,-0.20624441,-0.51778984,-0.8302753,0
-3.7462435,1.6329561,-3.7745512,-0.93919373,0.342834,0.01949656,0
-1.9805307,4.9848704,-0.36401391,0.27455151,0.78381032,-0.55701256,0
1.2358735,-4.7072563,-1.6376688,-0.20624441,-0.51778984,-0.8302753,0
2.5664735,-4.7583055,-1.3444405,0.93919373,-0.342834,-0.01949656,0
0.7626195,-5.1792588,-1.2854887,-0.20624441,-0.51778984,-0.8302753,0
1.9315042,-0.59426498,-4.2432508,-0.20624441,-0.51778984,-0.8302753,0
1.9632285,3.4802783,1.5987682,0.20624441,0.51778984,0.8302753,0
3.307615,-2.5181401,-2.1792362,0.93919373,-0.342834,-0.01949656,0
3.151978,-3.3757551,2.2937486,0.93919373,-0.342834,-0.01949656,0
2.6869988,-0.068319798,-4.7591734,-0.20624441,-0.51778984,-0.8302753,0
4.5062842,1.9941893,1.9069893,0.20624441,0.51778984,0.8302753,0
-2.9482222,-2.6608453,-1.7809424,-0.20624441,-0.51778984,-0.8302753,0
-2.18115,3.7470536,-2.14505,0.27455151,0.78381032,-0.55701256,0
-3.0739088,3.5832748,-0.79851913,-0.93919373,0.342834,0.01949656,0
-5.225194,-3.2230277,-0.818748,-0.20624441,-0.51778984,-0.8302753,0
-0.38649035,-0.23604536,4.478127,0.20624441,0.51778984,0.8302753,0
1.1347163,2.93612,2.0369854,0.20624441,0.51778984,0.8302753,0
0.17121243,3.4602561,1.9928279,0.20624441,0.51778984,0.8302753,0
-3.1584916,2.727664,2.1958966,-0.93919373,0.342834,0.01949656,0
0.48817062,-5.0583506,-0.52420056,-0.27455151,-0.78381032,0.55701256,0
3.0583031,-3.0478277,-1.2550209,0.93919373,-0.342834,-0.01949656,0
-3.0929391,3.3991868,-1.3607254,-0.93919373,0.342834,0.01949656,0
0.18438041,-0.42471576,4.3987856,0.20624441,0.51778984,0.8302753,0
1.2493808,0.95058537,-4.2178807,0.27455151,0.78381032,-0.55701256,0
-0.20977402,4.3504019,-0.31688803,0.27455151,0.78381032,-0.55701256,0
2.7232394,-3.9502051,-0.66723108,0.93919373,-0.342834,-0.01949656,0
4.6620436,1.1169999,0.14652824,0.93919373,-0.342834,-0.01949656,0
0.37218237,4.2053356,1.4153783,0.20624441,0.51778984,0.8302753,0
3.1195149,-2.962786,-2.1613262,0.93919373,-0.342834,-0.01949656,0
1.4822812,0.81399941,-4.5819898,0.27455151,0.78381032,-0.55701256,0
-0.55267793,1.8441403,3.1794803,0.20624441,0.51778984,0.8302753,0
2.8198149,-3.9141884,0.19690728,0.93919373,-0.342834,-0.01949656,0
-0.73571372,-3.3550406,1.0857588,-0.27455151,-0.78381032,0.55701256,0
2.2566853,-5.3156528,-1.0033753,0.93919373,-0.342834,-0.01949656,0
-1.591428,1.6641934,-4.8504567,0.27455151,0.78381032,-0.55701256,0
-2.9941516,1.0629573,-4.0573363,-0.20624441,-0.51778984,-0.8302753,0
-3.4918184,2.3621988,-1.0764875,-0.93919373,0.342834,0.01949656,0
1.2666464,-3.5293097,1.8369179,-0.27455151,-0.78381032,0.55701256,0
3.9393775,0.091802597,-4.1871109,0.27455151,0.78381032,-0.55701256,0
-1.2212205,2.9938645,2.6309471,0.20624441,0.51778984,0.8302753,0
-3.2299888,2.7737758,-0.18114877,-0.93919373,0.342834,0.01949656,0
2.9554484,-1.2811549,4.3746958,0.20624441,0.51778984,0.8302753,0
-3.0589492,1.6154423,3.8550334,0.20624441,0.51778984,0.8302753,0
-0.28299713,-3.227926,1.4306254,-0.27455151,-0.78381032,0.55701256,0
5.1190124,3.1906421,0.72793007,0.27455151,0.78381032,-0.55701256,0
2.5460625,-4.4688025,-0.75446105,0.93919373,-0.342834,-0.01949656,0
-3.6572545,-0.2421608,4.1846371,-0.27455151,-0.78381032,0.55701256,0
4.3842468,1.2121797,2.3939126,0.20624441,0.51778984,0.8302753,0
3.8753929,-1.1290061,-0.27085781,0.93919373,-0.342834,-0.01949656,0
3.1122556,-3.3371694,-0.2875855,0.93919373,-0.342834,-0.01949656,0
2.5545611,-4.6160822,0.53335643,0.93919373,-0.342834,-0.01949656,0
-1.4555116,-3.9832625,0.041208148,-0.27455151,-0.78381032,0.55701256,0
-3.441448,2.0796247,3.0868447,-0.93919373,0.342834,0.01949656,0
3.2337205,-1.2142596,4.1875191,0.20624441,0.51778984,0.8302753,0
-2.0817072,2.6160293,3.0779846,0.20624441,0.51778984,0.8302753,0
0.1486454,4.2763624,-0.29713917,0.27455151,0.78381032,-0.55701256,0
-2.9721382,3.3525872,0.69935012,-0.93919373,0.342834,0.01949656,0
-4.4924235,-0.63358498,2.5735803,-0.93919373,0.342834,0.01949656,0
-2.5092351,2.5593653,3.1594355,0.20624441,0.51778984,0.8302753,0
-4.6801419,-2.1326394,-1.7014933,-0.20624441,-0.51778984,-0.8302753,0
1.1374547,-4.9495935,-1.3185223,-0.20624441,-0.51778984,-0.8302753,0
3.1976137,1.2060096,-3.1304502,0.27455151,0.78381032,-0.55701256,0
3.265424,2.0361319,-1.8954175,0.27455151,0.78381032,-0.55701256,0
-2.0261316,2.2586074,3.2399597,0.20624441,0.51778984,0.8302753,0
1.3798628,-3.0747061,2.5080519,-0.27455151,-0.78381032,0.55701256,0
4.6929321,1.2768013,1.2546365,0.93919373,-0.342834,-0.01949656,0
3.8369973,1.0617956,-2.7316866,0.27455151,0.78381032,-0.55701256,0
-2.0921636,3.0246463,-3.0165105,0.27455151,0.78381032,-0.55701256,0
-2.7456143,3.5284739,2.8114185,0.20624441,0.51778984,0.8302753,0
-2.6495321,-0.4807384,4.1915016,-0.27455151,-0.78381032,0.55701256,0
1.0091494,0.35821581,-4.7308593,-0.20624441,-0.51778984,-0.8302753,0
2.5051713,-4.8641424,-1.6279428,0.93919373,-0.342834,-0.01949656,0
-1.3315746,-2.1317785,-2.4859173,-0.20624441,-0.51778984,-0.8302753,0
3.4590373,-2.2671134,-2.2641916,0.93919373,-0.342834,-0.01949656,0
3.3245828,-1.5624876,-4.044405,-0.20624441,-0.51778984,-0.8302753,0
-2.975775,-3.3249173,0.2630651,-0.27455151,-0.78381032,0.55701256,0
2.1346488,-0.098498821,-4.7343321,-0.20624441,-0.51778984,-0.8302753,0
-1.073905,5.5699515,0.97877657,0.27455151,0.78381032,-0.55701256,0
1.7660398,-1.4486933,-3.6716976,-0.20624441,-0.51778984,-0.8302753,0
0.80214357,-4.5408244,-1.6382303,-0.20624441,-0.51778984,-0.8302753,0
-4.0055637,0.52399874,4.6890287,-0.93919373,0.342834,0.01949656,0
0.81930208,4.872931,1.0288714,0.27455151,0.78381032,-0.55701256,0
-3.3054969,-0.17721367,4.3408442,-0.27455151,-0.78381032,0.55701256,0
3.6894045,-1.095484,-3.1999934,0.93919373,-0.342834,-0.01949656,0
-3.7905316,1.401286,-3.0400224,-0.93919373,0.342834,0.01949656,0
4.0907454,-0.31130075,-1.2047338,0.93919373,-0.342834,-0.01949656,0
0.50388479,4.5132241,0.4182106,0.27455151,0.78381032,-0.55701256,0
2.6633973,-4.1884918,0.918401,0.93919373,-0.342834,-0.01949656,0
-1.4692438,0.077109814,4.5655289,0.20624441,0.51778984,0.8302753,0
-0.12413418,2.8313551,2.5451074,0.20624441,0.51778984,0.8302753,0
4.4851379,0.59522825,0.17339849,0.93919373,-0.342834,-0.01949656,0
-0.25284481,-3.2841239,-2.1059976,-0.20624441,-0.51778984,-0.8302753,0
4.2966008,0.04350999,0.77361584,0.93919373,-0.342834,-0.01949656,0
-1.9291835,-4.050333,-1.1654646,-0.20624441,-0.51778984,-0.8302753,0
-3.5256181,-2.6959283,0.65085936,-0.27455151,-0.78381032,0.55701256,0
1.5630547,-0.53157616,4.2204914,0.20624441,0.51778984,0.8302753,0
4.2758226,0.37655401,-3.3866587,0.93919373,-0.342834,-0.01949656,0
-4.6587772,-0.85707653,0.4540596,-0.93919373,0.342834,0.01949656,0
2.5904031,-4.0312004,1.8146108,-0.27455151,-0.78381032,0.55701256,0
5.3881121,2.7464318,1.1793299,0.93919373,-0.342834,-0.01949656,0
1.2752106,-3.6384254,1.7720528,-0.27455151,-0.78381032,0.55701256,0
-3.7206113,-0.25247526,4.0006733,-0.27455151,-0.78381032,0.55701256,0
-3.0589075,2.7383273,-4.0598397,0.27455151,0.78381032,-0.55701256,0
1.536687,0.1663332,-4.6660147,-0.20624441,-0.51778984,-0.8302753,0
4.4212003,0.70716286,2.6139388,0.20624441,0.51778984,0.8302753,0
3.2033896,0.92639422,2.7363124,0.20624441,0.51778984,0.8302753,0
-2.8708568,3.449156,2.3973053,-0.93919373,0.342834,0.01949656,0
1.4889191,-2.242223,3.9212384,-0.27455151,-0.78381032,0.55701256,0
-4.6933861,-1.5332661,1.8122396,-0.27455151,-0.78381032,0.55701256,0
3.8916287,-0.8727808,-3.2012,0.93919373,-0.342834,-0.01949656,0
-2.5333858,4.9451752,1.1255455,-0.93919373,0.342834,0.01949656,0
-1.8366468,-3.3549087,0.63461542,-0.27455151,-0.78381032,0.55701256,0
-1.1922452,2.536613,-3.4600296,0.27455151,0.78381032,-0.55701256,0
-3.445138,-0.7402153,3.3741515,-0.27455151,-0.78381032,0.55701256,0
-4.0142245,-0.14910793,3.9948311,-0.27455151,-0.78381032,0.55701256,0
3.6460993,2.3330057,1.7998878,0.20624441,0.51778984,0.8302753,0
3.0911369,-2.6405644,4.032279,-0.27455151,-0.78381032,0.55701256,0
2.7511604,-1.303632,4.2416391,0.20624441,0.51778984,0.8302753,0
2.7857656,-3.989397,1.2868291,0.93919373,-0.342834,-0.01949656,0
-1.0471003,-2.1216884,2.6840301,-0.27455151,-0.78381032,0.55701256,0
-2.4989498,-0.5105617,-3.2217414,-0.20624441,-0.51778984,-0.8302753,0
-1.7416539,5.0080099,0.072907209,0.27455151,0.78381032,-0.55701256,0
-1.5719686,-4.4355927,-0.56978786,-0.27455151,-0.78381032,0.55701256,0
-2.4615626,-3.8672085,-0.26414442,-0.27455151,-0.78381032,0.55701256,0
3.4254129,-2.0885417,-1.4438298,0.93919373,-0.342834,-0.01949656,0
0.58836722,-3.150841,-2.3692968,-0.20624441,-0.51778984,-0.8302753,0
-1.703078,3.41944,2.5433428,0.20624441,0.51778984,0.8302753,0
0.018218696,-1.6879256,-3.1385002,-0.20624441,-0.51778984,-0.8302753,0
-3.4848175,2.0213928,2.8867013,-0.93919373,0.342834,0.01949656,0
3.4849441,0.63507318,3.0575037,0.20624441,0.51778984,0.8302753,0
-1.6086247,1.9413753,3.4345551,0.20624441,0.51778984,0.8302753,0
3.7709732,-0.98105764,-4.4764109,0.93919373,-0.342834,-0.01949656,0
-3.8217363,1.5301807,-2.0757589,-0.93919373,0.342834,0.01949656,0
0.93858767,-3.3057158,-2.3643663,-0.20624441,-0.51778984,-0.8302753,0
2.6550996,2.014394,-2.0389557,0.27455151,0.78381032,-0.55701256,0
0.058616638,2.1281106,2.9157751,0.20624441,0.51778984,0.8302753,0
4.2833686,2.8884113,1.4501097,0.20624441,0.51778984,0.8302753,0
-2.498611,3.2282875,-3.0635431,0.27455151,0.78381032,-0.55701256,0
3.3471653,-1.9525423,-3.9033453,-0.20624441,-0.51778984,-0.8302753,0
1.9467833,-4.0538759,-2.1707606,-0.20624441,-0.51778984,-0.8302753,0
2.2735286,0.79885578,-4.1257334,0.27455151,0.78381032,-0.55701256,0
-1.4659512,2.9697032,-2.682447,0.27455151,0.78381032,-0.55701256,0
3.5065515,-2.0641174,-3.6790419,0.93919373,-0.342834,-0.01949656,0
-4.0639343,-3.2210655,-0.40537906,-0.27455151,-0.78381032,0.55701256,0
2.172348,1.9066033,2.4947495,0.20624441,0.51778984,0.8302753,0
-2.2439876,4.6553793,-0.87501419,0.27455151,0.78381032,-0.55701256,0
-1.9938481,3.3082519,-2.5428667,0.27455151,0.78381032,-0.55701256,0
4.7909393,1.2912394,0.31372499,0.93919373,-0.342834,-0.01949656,0
-3.0177145,3.4189177,-2.736686,-0.93919373,0.342834,0.01949656,0
-2.086834,2.4867935,3.0802679,0.20624441,0.51778984,0.8302753,0
4.0414324,1.2051257,-2.4759827,0.27455151,0.78381032,-0.55701256,0
-1.9531577,3.1615844,2.8161135,0.20624441,0.51778984,0.8302753,0
2.0579734,-2.2549403,4.1514792,-0.27455151,-0.78381032,0.55701256,0
0.32928514,-4.9695988,-0.72638237,-0.27455151,-0.78381032,0.55701256,0
-2.4696665,-3.4754243,-1.4299332,-0.20624441,-0.51778984,-0.8302753,0
3.7460597,-1.4292884,-3.0312986,0.93919373,-0.342834,-0.01949656,0
-0.55261683,3.6318674,-1.6093993,0.27455151,0.78381032,-0.55701256,0
1.7346175,3.5524781,-0.42671156,0.27455151,0.78381032,-0.55701256,0
2.0661407,3.8291888,0.30085623,0.27455151,0.78381032,-0.55701256,0
3.3266487,-2.8711767,2.1100838,0.93919373,-0.342834,-0.01949656,0
-2.712636,4.3305826,1.2099481,-0.93919373,0.342834,0.01949656,0
3.450192,-2.1814082,-0.76863623,0.93919373,-0.342834,-0.01949656,0
1.1962497,-2.6302965,3.1502428,-0.27455151,-0.78381032,0.55701256,0
3.0334716,3.9441202,0.82034922,0.27455151,0.78381032,-0.55701256,0
-4.676322,-1.1237562,0.48219299,-0.93919373,0.342834,0.01949656,0
0.26520407,-2.2781062,-2.9464774,-0.20624441,-0.51778984,-0.8302753,0
2.1094081,-1.9193699,4.5630412,-0.27455151,-0.78381032,0.55701256,0
2.5140767,2.5482278,-1.4243307,0.27455151,0.78381032,-0.55701256,0
-0.023073196,-0.59347343,4.5707793,0.20624441,0.51778984,0.8302753,0
3.4553545,-2.242573,1.5460982,0.93919373,-0.342834,-0.01949656,0
-4.5196347,-0.77203071,-1.9272759,-0.93919373,0.342834,0.01949656,0
2.6425416,-0.48628545,3.9582627,0.20624441,0.51778984,0.8302753,0
1.5734668,-1.3165212,4.6340899,0.20624441,0.51778984,0.8302753,0
3.3275549,-2.3442831,0.74556947,0.93919373,-0.342834,-0.01949656,0
1.8609504,-2.2586434,4.0140543,-0.27455151,-0.78381032,0.55701256,0
4.1506529,-0.31553006,-2.4487295,0.93919373,-0.342834,-0.01949656,0
1.7400198,3.8075185,-0.089639544,0.27455151,0.78381032,-0.55701256,0
1.5949123,2.5375481,-1.9267882,0.27455151,0.78381032,-0.55701256,0
2.4748974,-0.57207823,-4.5108519,-0.20624441,-0.51778984,-0.8302753,0
3.4145474,-2.6179843,1.0449519,0.93919373,-0.342834,-0.01949656,0
-3.4765375,-0.23473263,4.1339798,-0.27455151,-0.78381032,0.55701256,0
3.1813293,-2.8176551,-1.6623893,0.93919373,-0.342834,-0.01949656,0
-5.0026789,-1.6726582,-1.3477256,-0.93919373,0.342834,0.01949656,0
-3.606832,-1.1683578,2.9393589,-0.27455151,-0.78381032,0.55701256,0
1.0649242,2.6180191,-2.0628204,0.27455151,0.78381032,-0.55701256,0
3.3729167,-2.4684908,-2.2846448,0.93919373,-0.342834,-0.01949656,0
-0.71128178,1.4056678,3.5978951,0.20624441,0.51778984,0.8302753,0
-1.6289039,4.5507407,-0.74292254,0.27455151,0.78381032,-0.55701256,0
0.093962193,-4.8726072,-1.2389015,-0.20624441,-0.51778984,-0.8302753,0
-3.6980324,1.6101289,3.2527211,-0.93919373,0.342834,0.01949656,0
3.3017411,-2.4744959,0.63133335,0.93919373,-0.342834,-0.01949656,0
3.6572566,2.1510751,-1.4690502,0.27455151,0.78381032,-0.55701256,0
-4.0174298,0.60793352,2.4112883,-0.93919373,0.342834,0.01949656,0
-0.34521866,3.5043995,-1.6901278,0.27455151,0.78381032,-0.55701256,0
2.92803,3.5562077,0.25305963,0.27455151,0.78381032,-0.55701256,0
0.39385629,-2.4162734,3.0141947,-0.27455151,-0.78381032,0.55701256,0
3.6790631,-1.801396,2.063396,0.93919373,-0.342834,-0.01949656,0
-0.27111149,1.0826745,-4.8496222,0.27455151,0.78381032,-0.55701256,0
-3.8310542,1.1703336,-3.7222164,-0.93919373,0.342834,0.01949656,0
3.5695784,-1.7907351,4.4099703,0.20624441,0.51778984,0.8302753,0
-3.0905175,2.9429419,2.0232701,-0.93919373,0.342834,0.01949656,0
0.93506336,3.0219431,2.0691297,0.20624441,0.51778984,0.8302753,0
-0.50745869,-4.8137531,-0.65025926,-0.27455151,-0.78381032,0.55701256,0
3.0055423,1.7988216,-2.3570504,0.27455151,0.78381032,-0.55701256,0
4.9712124,2.9040742,1.0492516,0.20624441,0.51778984,0.8302753,0
-3.700017,1.1093826,4.0193567,-0.93919373,0.342834,0.01949656,0
-2.4929245,1.7653337,3.7672067,0.20624441,0.51778984,0.8302753,0
0.1233592,-3.887959,0.89722902,-0.27455151,-0.78381032,0.55701256,0
2.8875437,-3.7759418,-1.0265007,0.93919373,-0.342834,-0.01949656,0
1.1976681,-1.9195139,4.3276877,-0.27455151,-0.78381032,0.55701256,0
0.52914619,0.05928421,-4.3057017,-0.20624441,-0.51778984,-0.8302753,0
0.72782719,-1.063647,4.7623482,0.20624441,0.51778984,0.8302753,0
0.94806027,-0.38040352,-4.2665834,-0.20624441,-0.51778984,-0.8302753,0
0.88784695,-4.5084014,-1.6899246,-0.20624441,-0.51778984,-0.8302753,0
1.5174414,-4.1686049,-2.0362668,-0.20624441,-0.51778984,-0.8302753,0
-2.8225009,3.9685555,0.64230275,-0.93919373,0.342834,0.01949656,0
-1.6699924,-1.2920283,3.5097413,-0.27455151,-0.78381032,0.55701256,0
3.3554769,3.7115822,0.68240166,0.27455151,0.78381032,-0.55701256,0
-0.26558423,4.0100179,1.8478687,0.20624441,0.51778984,0.8302753,0
0.96837974,-4.9071145,-0.22867501,-0.27455151,-0.78381032,0.55701256,0
0.97754288,-2.6239328,3.0899591,-0.27455151,-0.78381032,0.55701256,0
2.6809206,1.5478718,2.5689788,0.20624441,0.51778984,0.8302753,0
-0.80176425,-2.7980981,-2.2499902,-0.20624441,-0.51778984,-0.8302753,0
-3.5051475,1.936738,-2.3380854,-0.93919373,0.342834,0.01949656,0
-3.8146706,1.6408223,-2.7561312,-0.93919373,0.342834,0.01949656,0
-0.88486481,1.9336771,-4.0084653,0.27455151,0.78381032,-0.55701256,0
2.2557683,2.2147474,2.2470274,0.20624441,0.51778984,0.8302753,0
3.2095516,-2.6266851,-2.4038665,0.93919373,-0.342834,-0.01949656,0
0.40322101,0.29881573,-4.4914041,-0.20624441,-0.51778984,-0.8302753,0
-4.781765,-1.2866219,0.70886898,-0.93919373,0.342834,0.01949656,0
3.6991642,-1.7354907,4.0557766,0.93919373,-0.342834,-0.01949656,0
1.4312816,-2.8601553,2.8070033,-0.27455151,-0.78381032,0.55701256,0
-3.825207,1.0933598,-2.7287645,-0.93919373,0.342834,0.01949656,0
-3.9360764,0.24158525,-3.3612919,-0.20624441,-0.51778984,-0.8302753,0
-1.6700985,-1.7521278,2.8589664,-0.27455151,-0.78381032,0.55701256,0
-2.4299397,-4.0137396,-0.61765146,-0.27455151,-0.78381032,0.55701256,0
-2.2186189,3.8987341,-1.8612474,0.27455151,0.78381032,-0.55701256,0
-1.474334,-3.738137,-1.4091166,-0.20624441,-0.51778984,-0.8302753,0
4.1890831,1.2880175,-2.2940135,0.27455151,0.78381032,-0.55701256,0
-3.1143029,3.1022735,-2.6366496,-0.93919373,0.342834,0.01949656,0
1.3710001,-2.5314083,-3.0569186,-0.20624441,-0.51778984,-0.8302753,0
-0.40818521,1.4968743,3.4534149,0.20624441,0.51778984,0.8302753,0
2.0935738,-0.7839427,-4.1352658,-0.20624441,-0.51778984,-0.8302753,0
-4.1055775,0.026930094,1.9864793,-0.93919373,0.342834,0.01949656,0
3.5297053,-2.0784016,4.2676973,0.93919373,-0.342834,-0.01949656,0
0.21297693,-4.2783442,0.24600387,-0.27455151,-0.78381032,0.55701256,0
-3.690341,-2.2591665,1.2501299,-0.27455151,-0.78381032,0.55701256,0
-3.9535713,0.7815752,-0.060815334,-0.93919373,0.342834,0.01949656,0
0.62616634,3.9967296,-0.41598773,0.27455151,0.78381032,-0.55701256,0
2.3694201,-4.650949,0.84909987,-0.27455151,-0.78381032,0.55701256,0
-2.1363444,-2.9344518,1.0180844,-0.27455151,-0.78381032,0.55701256,0
-0.6752665,1.8649005,-3.8236611,0.27455151,0.78381032,-0.55701256,0
-4.5634632,-0.74386501,-2.239289,-0.93919373,0.342834,0.01949656,0
-4.4351587,-0.46149349,-1.1662157,-0.93919373,0.342834,0.01949656,0
-2.9283426,3.6074791,0.50074577,-0.93919373,0.342834,0.01949656,0
-2.5097141,4.4761457,0.66724682,-0.93919373,0.342834,0.01949656,0
3.6806898,2.8993368,-0.22824836,0.27455151,0.78381032,-0.55701256,0
-4.0192127,0.79873109,-0.62982774,-0.93919373,0.342834,0.01949656,0
1.7597294,-5.6042252,-0.68888259,-0.27455151,-0.78381032,0.55701256,0
-4.2687058,-2.8691258,0.12927866,-0.27455151,-0.78381032,0.55701256,0
2.2194011,-1.3395219,-3.8472469,-0.20624441,-0.51778984,-0.8302753,0
-0.098042607,0.48555183,3.8899601,0.20624441,0.51778984,0.8302753,0
-2.7923124,-0.084282398,4.8395634,-0.27455151,-0.78381032,0.55701256,0
0.11668146,0.04734087,-4.3372273,-0.20624441,-0.51778984,-0.8302753,0
-3.86623,-3.6914139,-0.67510986,-0.27455151,-0.78381032,0.55701256,0
-3.0231168,-1.6239654,2.4803169,-0.27455151,-0.78381032,0.55701256,0
-4.0891614,-2.3077912,0.88356209,-0.27455151,-0.78381032,0.55701256,0
3.1267858,1.3617181,-2.6762593,0.27455151,0.78381032,-0.55701256,0
-0.66712689,4.096837,1.9148479,0.20624441,0.51778984,0.8302753,0
3.5454805,-1.8080623,4.3891993,0.20624441,0.51778984,0.8302753,0
1.6378288,-3.3278923,2.5030792,-0.27455151,-0.78381032,0.55701256,0
-2.1594868,4.008512,-1.8017724,0.27455151,0.78381032,-0.55701256,0
-2.0137341,-1.7836089,2.9125319,-0.27455151,-0.78381032,0.55701256,0
1.2549503,-4.6986599,0.19674742,-0.27455151,-0.78381032,0.55701256,0
4.127039,2.2769761,1.6900976,0.20624441,0.51778984,0.8302753,0
-1.9880996,4.3365903,-1.1645874,0.27455151,0.78381032,-0.55701256,0
0.20333958,3.2882855,2.1105118,0.20624441,0.51778984,0.8302753,0
-2.2267606,-1.6913228,-2.5889754,-0.20624441,-0.51778984,-0.8302753,0
0.0036416054,3.4670179,-1.4298762,0.27455151,0.78381032,-0.55701256,0
3.101167,-3.1362848,2.1095133,0.93919373,-0.342834,-0.01949656,0
