1.8448391,4.3278689,-2.7020049,0.1961029,0.24652529,-0.94908845,0
-2.0567536,-3.082386,-1.8066642,-0.47334462,-0.82384878,-0.31179792,0
3.171756,-1.6479032,-2.2816081,0.8587715,-0.5103904,0.044867754,0
-3.4769831,0.71640372,-2.8906054,-0.8587715,0.5103904,-0.044867754,0
-0.22955672,-1.0251666,3.8352389,-0.1961029,-0.24652529,0.94908845,0
3.722667,0.89313596,-3.1543219,0.1961029,0.24652529,-0.94908845,0
4.0388417,0.013366103,-0.61071104,0.8587715,-0.5103904,0.044867754,0
-4.08989,-0.43107843,-4.2670126,-0.8587715,0.5103904,-0.044867754,0
5.3309565,2.4622543,-2.4835064,0.1961029,0.24652529,-0.94908845,0
0.87708962,2.5619845,4.8650074,0.47334462,0.82384878,0.31179792,0
-2.1247842,3.2665899,-0.13700017,-0.8587715,0.5103904,-0.044867754,0
-1.426114,4.3169289,-1.8114045,-0.8587715,0.5103904,-0.044867754,0
-2.5817795,2.2164702,-3.4515619,-0.8587715,0.5103904,-0.044867754,0
-2.0775111,-3.4987288,2.9402516,-0.1961029,-0.24652529,0.94908845,0
2.1621935,-3.1762073,-1.5664927,0.8587715,-0.5103904,0.044867754,0
-0.14359081,1.8507519,4.5817571,-0.1961029,-0.24652529,0.94908845,0
-4.022562,-3.2888229,1.6780055,-0.47334462,-0.82384878,-0.31179792,0
0.077018857,3.2115035,4.0090933,0.47334462,0.82384878,0.31179792,0
0.010704219,-0.26904714,-4.2877288,0.1961029,0.24652529,-0.94908845,0
1.7564104,-3.8134122,1.2818937,0.8587715,-0.5103904,0.044867754,0
2.4079499,-2.7009368,0.18986671,0.8587715,-0.5103904,0.044867754,0
1.3985897,-1.5263643,4.016047,-0.1961029,-0.24652529,0.94908845,0
-0.1413995,3.2200418,-3.4336233,0.1961029,0.24652529,-0.94908845,0
-0.34486437,1.7623503,-3.7743313,0.1961029,0.24652529,-0.94908845,0
3.9300406,-0.10339308,-3.4377148,0.1961029,0.24652529,-0.94908845,0
-2.9038725,-0.73088503,-4.9938216,0.1961029,0.24652529,-0.94908845,0
3.9075804,1.179069,-3.0486441,0.1961029,0.24652529,-0.94908845,0
2.1352677,2.7484758,-3.100055,0.1961029,0.24652529,-0.94908845,0
2.1901312,-2.9783254,2.4847803,0.8587715,-0.5103904,0.044867754,0
-3.840919,-0.91063368,-4.4146886,-0.47334462,-0.82384878,-0.31179792,0
5.1027722,2.6411374,-2.1775963,0.47334462,0.82384878,0.31179792,0
-3.3511689,1.2910165,0.58305514,-0.8587715,0.5103904,-0.044867754,0
-2.5544972,2.1094577,4.3043661,-0.1961029,-0.24652529,0.94908845,0
3.9966087,3.0881357,-2.5495908,0.1961029,0.24652529,-0.94908845,0
-0.65952408,0.89654112,4.3717651,-0.1961029,-0.24652529,0.94908845,0
-2.7342396,2.6531954,3.1973667,-0.8587715,0.5103904,-0.044867754,0
1.9322003,2.1652641,3.9433596,0.47334462,0.82384878,0.31179792,0
1.8618889,-1.5116217,4.2675376,-0.1961029,-0.24652529,0.94908845,0
3.645771,-0.32613838,2.8629138,0.8587715,-0.5103904,0.044867754,0
-0.60600764,-1.673526,3.7465487,-0.1961029,-0.24652529,0.94908845,0
-1.0198516,0.90793717,4.2317824,-0.1961029,-0.24652529,0.94908845,0
-4.5761571,-2.7328653,1.345793,-0.47334462,-0.82384878,-0.31179792,0
2.812742,2.2698607,2.2737269,0.47334462,0.82384878,0.31179792,0
-1.8946216,3.4598756,-3.6298912,0.1961029,0.24652529,-0.94908845,0
3.4339595,2.8194556,-2.7959399,0.1961029,0.24652529,-0.94908845,0
-3.3401859,-1.2828243,-4.4579287,-0.47334462,-0.82384878,-0.31179792,0
-1.6572856,3.8931179,-0.97646415,-0.8587715,0.5103904,-0.044867754,0
-2.6479511,-2.6319716,2.9119108,-0.1961029,-0.24652529,0.94908845,0
0.17679572,-5.2826509,0.88332212,-0.47334462,-0.82384878,-0.31179792,0
4.8108053,1.4757086,1.6010419,0.8587715,-0.5103904,0.044867754,0
-3.3177168,-0.097490907,3.6036088,-0.1961029,-0.24652529,0.94908845,0
3.2065818,-1.3421347,2.1816769,0.8587715,-0.5103904,0.044867754,0
-4.2840128,-0.72800606,-3.6672459,-0.8587715,0.5103904,-0.044867754,0
2.2362494,3.7323892,-2.8470907,0.1961029,0.24652529,-0.94908845,0
2.3741891,0.18327829,4.8453956,-0.1961029,-0.24652529,0.94908845,0
0.43612498,-0.39924625,4.1343966,-0.1961029,-0.24652529,0.94908845,0
-2.0769205,-4.0396857,1.0522555,-0.47334462,-0.82384878,-0.31179792,0
1.9498417,-1.1878388,4.3100543,-0.1961029,-0.24652529,0.94908845,0
1.6520839,3.7462063,0.5738802,0.47334462,0.82384878,0.31179792,0
3.8860416,0.00035691261,2.1992145,0.8587715,-0.5103904,0.044867754,0
-0.68690634,3.7856307,3.8327007,0.47334462,0.82384878,0.31179792,0
2.1821997,4.1751952,-1.5563561,0.47334462,0.82384878,0.31179792,0
1.0157969,4.7676487,-1.1765103,0.47334462,0.82384878,0.31179792,0
1.3846867,-0.21623258,4.4769959,-0.1961029,-0.24652529,0.94908845,0
0.49781334,0.20144176,-4.1013813,0.1961029,0.24652529,-0.94908845,0
3.3604951,0.10089147,-3.4230065,0.1961029,0.24652529,-0.94908845,0
-2.6326139,-2.6606534,-2.1221669,-0.47334462,-0.82384878,-0.31179792,0
2.8125303,1.1751229,-3.2695355,0.1961029,0.24652529,-0.94908845,0
-2.6707478,2.2639108,0.21756142,-0.8587715,0.5103904,-0.044867754,0
0.50043297,-0.36114901,4.308116,-0.1961029,-0.24652529,0.94908845,0
-2.0976114,-3.6001894,2.8478544,-0.1961029,-0.24652529,0.94908845,0
4.3946991,2.8080053,-1.254854,0.47334462,0.82384878,0.31179792,0
3.1779838,-1.2098546,3.741179,0.8587715,-0.5103904,0.044867754,0
0.041732669,4.6379848,-3.0966492,0.1961029,0.24652529,-0.94908845,0
-4.8759642,-1.9982495,0.1445812,-0.47334462,-0.82384878,-0.31179792,0
-0.91067398,4.6048493,1.9379019,0.47334462,0.82384878,0.31179792,0
-3.0723236,1.5020527,-3.6897173,-0.8587715,0.5103904,-0.044867754,0
3.7656872,-0.20554829,4.8756552,0.8587715,-0.5103904,0.044867754,0
-0.30245912,-3.0846863,3.4249394,-0.1961029,-0.24652529,0.94908845,0
2.4347153,-2.5809712,2.3367572,0.8587715,-0.5103904,0.044867754,0
-0.73042417,-4.178422,-0.92515135,-0.47334462,-0.82384878,-0.31179792,0
2.6909819,3.8808165,-1.7491508,0.47334462,0.82384878,0.31179792,0
-0.49634045,3.8032744,-3.4217339,0.1961029,0.24652529,-0.94908845,0
-0.61552387,-2.5494814,3.376189,-0.1961029,-0.24652529,0.94908845,0
-5.0199537,-2.0806711,0.44999534,-0.47334462,-0.82384878,-0.31179792,0
1.7786419,3.5593104,0.96013284,0.47334462,0.82384878,0.31179792,0
1.1038653,2.4624035,-3.4462519,0.1961029,0.24652529,-0.94908845,0
-3.4487927,-1.9265918,3.0353496,-0.1961029,-0.24652529,0.94908845,0
2.0154865,-3.0677919,3.8632832,-0.1961029,-0.24652529,0.94908845,0
-1.3802336,-0.52934361,3.8186967,-0.1961029,-0.24652529,0.94908845,0
1.9026768,4.2850618,-1.3107345,0.47334462,0.82384878,0.31179792,0
0.59473586,-4.7691021,-1.2838914,-0.47334462,-0.82384878,-0.31179792,0
-1.0781894,-1.2031789,3.600461,-0.1961029,-0.24652529,0.94908845,0
1.4851613,3.4127655,1.6931199,0.47334462,0.82384878,0.31179792,0
3.6001196,-0.591856,1.6484807,0.8587715,-0.5103904,0.044867754,0
4.2386036,0.29893637,0.67094302,0.8587715,-0.5103904,0.044867754,0
-0.38954473,-5.7404699,2.6358352,-0.47334462,-0.82384878,-0.31179792,0
1.3356453,-0.68276769,4.2567859,-0.1961029,-0.24652529,0.94908845,0
-1.8192508,-4.1529465,0.92919147,-0.47334462,-0.82384878,-0.31179792,0
-2.6092148,-4.3537965,2.4869182,-0.47334462,-0.82384878,-0.31179792,0
-0.71317554,-2.1658726,-4.8476672,0.1961029,0.24652529,-0.94908845,0
-4.2218494,-0.27147543,3.241653,-0.1961029,-0.24652529,0.94908845,0
-1.4309958,4.1958032,-3.1729562,-0.8587715,0.5103904,-0.044867754,0
-2.2731838,2.6285429,-2.6661131,-0.8587715,0.5103904,-0.044867754,0
-0.16863668,3.5706937,-3.3765039,0.1961029,0.24652529,-0.94908845,0
4.5358715,2.4775956,-0.32423145,0.47334462,0.82384878,0.31179792,0
-1.4414245,-3.0733759,3.1849978,-0.1961029,-0.24652529,0.94908845,0
4.8016386,1.3749006,1.5916408,0.8587715,-0.5103904,0.044867754,0
-0.86974895,0.1273509,-4.3190403,0.1961029,0.24652529,-0.94908845,0
-2.1337438,3.2551713,-0.30783302,-0.8587715,0.5103904,-0.044867754,0
1.1052226,-4.8982229,-0.90275526,0.8587715,-0.5103904,0.044867754,0
0.40362644,4.280273,0.70279962,0.47334462,0.82384878,0.31179792,0
3.4466536,0.95122385,-3.2149689,0.1961029,0.24652529,-0.94908845,0
-1.3855846,4.2951269,-3.3096836,0.1961029,0.24652529,-0.94908845,0
-4.3398514,-0.56787562,-0.58827668,-0.8587715,0.5103904,-0.044867754,0
3.8667445,1.013746,-3.240742,0.1961029,0.24652529,-0.94908845,0
-0.30774593,-5.3183694,1.371461,-0.47334462,-0.82384878,-0.31179792,0
3.5448313,3.5514603,-2.0513866,0.47334462,0.82384878,0.31179792,0
2.7316184,-2.0595658,1.0644319,0.8587715,-0.5103904,0.044867754,0
1.2278827,2.8790021,-3.1272547,0.1961029,0.24652529,-0.94908845,0
-0.82278645,4.6355748,1.9297533,0.47334462,0.82384878,0.31179792,0
-3.2178392,-1.487437,-3.9662778,-0.47334462,-0.82384878,-0.31179792,0
-5.1192169,-2.1806293,1.0247831,-0.47334462,-0.82384878,-0.31179792,0
1.99123,-1.5139139,-4.100883,0.1961029,0.24652529,-0.94908845,0
-0.29580164,-4.8510227,0.45473668,-0.47334462,-0.82384878,-0.31179792,0
-3.8788645,-2.394372,2.6914058,-0.1961029,-0.24652529,0.94908845,0
-2.5719197,-3.9221869,1.2562735,-0.47334462,-0.82384878,-0.31179792,0
-4.7899976,-1.4121392,-0.40413597,-0.8587715,0.5103904,-0.044867754,0
-0.8598814,5.2706056,-1.3842614,-0.8587715,0.5103904,-0.044867754,0
2.1629882,2.5175791,2.5814283,0.47334462,0.82384878,0.31179792,0
-0.88265675,-2.2094612,3.4002211,-0.1961029,-0.24652529,0.94908845,0
2.4120493,-2.54673,2.0814064,0.8587715,-0.5103904,0.044867754,0
-2.2698262,1.7123542,-4.1390204,0.1961029,0.24652529,-0.94908845,0
-5.2561693,-1.8489809,1.9030752,-0.8587715,0.5103904,-0.044867754,0
0.12524569,3.5600252,-3.2273471,0.1961029,0.24652529,-0.94908845,0
-1.7882745,3.4371219,-3.5107505,-0.8587715,0.5103904,-0.044867754,0
-1.0559299,3.9639864,4.0835786,0.47334462,0.82384878,0.31179792,0
-2.5854652,-4.1862082,2.1433628,-0.47334462,-0.82384878,-0.31179792,0
-2.3214352,3.3319836,3.605581,-0.8587715,0.5103904,-0.044867754,0
3.6622014,0.58218384,5.1849127,-0.1961029,-0.24652529,0.94908845,0
-3.8680308,0.40517306,-1.4887815,-0.8587715,0.5103904,-0.044867754,0
-0.69457471,4.7001362,1.4648844,0.47334462,0.82384878,0.31179792,0
-0.089949131,-1.527595,-4.5969987,0.1961029,0.24652529,-0.94908845,0
4.3222628,1.9052908,1.3685488,0.47334462,0.82384878,0.31179792,0
0.15034056,-4.2426949,3.0642915,-0.1961029,-0.24652529,0.94908845,0
2.8952599,2.8807533,-2.8969383,0.1961029,0.24652529,-0.94908845,0
1.2084461,-0.75515461,4.3501887,-0.1961029,-0.24652529,0.94908845,0
2.7381933,-2.6886101,-3.7963681,0.8587715,-0.5103904,0.044867754,0
0.28323197,-5.3740139,1.2282317,-0.47334462,-0.82384878,-0.31179792,0
1.9387087,2.8476381,-3.1429539,0.1961029,0.24652529,-0.94908845,0
-1.4693308,4.2969966,-3.1928031,-0.8587715,0.5103904,-0.044867754,0
-4.673584,-2.4193146,0.60390335,-0.47334462,-0.82384878,-0.31179792,0
4.3155899,0.21740842,-2.0612211,0.8587715,-0.5103904,0.044867754,0
2.7710836,3.7040262,-2.7417815,0.1961029,0.24652529,-0.94908845,0
-5.6001277,-2.5327542,2.4550595,-0.47334462,-0.82384878,-0.31179792,0
3.4671891,-0.95303142,1.1725692,0.8587715,-0.5103904,0.044867754,0
-0.47894502,-0.67575145,4.0054483,-0.1961029,-0.24652529,0.94908845,0
-1.732035,-2.4171576,3.3337116,-0.1961029,-0.24652529,0.94908845,0
3.1096125,-1.2388135,3.9809334,0.8587715,-0.5103904,0.044867754,0
-0.039603949,3.6718621,3.3586981,0.47334462,0.82384878,0.31179792,0
1.6564941,-4.1683483,0.85011995,0.8587715,-0.5103904,0.044867754,0
1.5809591,4.8207197,-2.606801,0.1961029,0.24652529,-0.94908845,0
-4.3867497,-0.49422014,2.4275951,-0.8587715,0.5103904,-0.044867754,0
-0.66899133,-4.1121769,3.0818491,-0.1961029,-0.24652529,0.94908845,0
2.7932234,-2.1649337,0.9925217,0.8587715,-0.5103904,0.044867754,0
0.15719604,5.2717514,-1.1150069,0.47334462,0.82384878,0.31179792,0
-1.1681178,4.6594896,-0.95256776,-0.8587715,0.5103904,-0.044867754,0
2.1647534,-3.3631804,-2.8052928,0.8587715,-0.5103904,0.044867754,0
-0.66824579,-3.6324477,-1.9065055,-0.47334462,-0.82384878,-0.31179792,0
4.0422153,1.6179878,2.3762863,0.47334462,0.82384878,0.31179792,0
2.3489823,2.2568717,3.3903975,0.47334462,0.82384878,0.31179792,0
1.3285768,-4.4017477,1.1188691,0.8587715,-0.5103904,0.044867754,0
5.157855,2.6700902,-2.1626649,0.47334462,0.82384878,0.31179792,0
3.4299359,0.92669034,5.2515054,-0.1961029,-0.24652529,0.94908845,0
3.2778826,-0.61450124,4.6779146,-0.1961029,-0.24652529,0.94908845,0
0.83344448,2.4796562,-3.3314006,0.1961029,0.24652529,-0.94908845,0
-4.7640285,-0.9349817,3.0056963,-0.8587715,0.5103904,-0.044867754,0
1.2363235,2.6636343,4.1468759,0.47334462,0.82384878,0.31179792,0
2.7167568,-0.7071203,-3.9177954,0.1961029,0.24652529,-0.94908845,0
2.6369066,-2.1874614,3.4693213,0.8587715,-0.5103904,0.044867754,0
-1.0824494,3.2440171,4.7622461,-0.1961029,-0.24652529,0.94908845,0
0.29537362,-0.62392753,4.1734214,-0.1961029,-0.24652529,0.94908845,0
2.5681813,3.4284427,-0.42323786,0.47334462,0.82384878,0.31179792,0
0.48508179,2.1543014,4.9774828,-0.1961029,-0.24652529,0.94908845,0
-3.6073825,0.59825826,-0.086380422,-0.8587715,0.5103904,-0.044867754,0
4.2647238,0.64350176,3.6970856,0.8587715,-0.5103904,0.044867754,0
0.40961468,4.4323702,-2.9979165,0.1961029,0.24652529,-0.94908845,0
-4.1305342,0.046072006,2.050334,-0.8587715,0.5103904,-0.044867754,0
-2.1273155,3.1913836,-2.8640351,-0.8587715,0.5103904,-0.044867754,0
3.0240016,-1.930954,-2.9347332,0.8587715,-0.5103904,0.044867754,0
2.1027429,-1.6105535,-4.1674194,0.1961029,0.24652529,-0.94908845,0
3.7188549,2.2857642,1.406222,0.47334462,0.82384878,0.31179792,0
-1.031356,5.0298357,-2.687891,-0.8587715,0.5103904,-0.044867754,0
1.8070923,-4.1368246,-4.5463567,0.8587715,-0.5103904,0.044867754,0
-3.1623092,1.4253867,-1.8410348,-0.8587715,0.5103904,-0.044867754,0
0.97116637,0.12350851,4.34723,-0.1961029,-0.24652529,0.94908845,0
3.4004254,1.9127905,-3.0402884,0.1961029,0.24652529,-0.94908845,0
-4.3996062,-1.0021877,-3.4348674,-0.47334462,-0.82384878,-0.31179792,0
2.402998,3.9991028,-1.6533711,0.47334462,0.82384878,0.31179792,0
2.1446469,-3.4850197,-2.8494291,0.8587715,-0.5103904,0.044867754,0
0.42042804,-4.7955971,-0.60877442,-0.47334462,-0.82384878,-0.31179792,0
1.0292799,-3.7068238,-4.883482,-0.47334462,-0.82384878,-0.31179792,0
1.356482,3.0946493,2.7049298,0.47334462,0.82384878,0.31179792,0
0.19566023,-3.9864957,-2.3377557,-0.47334462,-0.82384878,-0.31179792,0
2.4359467,-2.7422028,-0.65013826,0.8587715,-0.5103904,0.044867754,0
1.8580949,-3.0519917,-4.5465236,0.1961029,0.24652529,-0.94908845,0
1.2434983,5.1447592,-2.6070025,0.47334462,0.82384878,0.31179792,0
-0.33926296,-4.3291574,-0.59277517,-0.47334462,-0.82384878,-0.31179792,0
-2.7237313,1.6711729,4.0263076,-0.1961029,-0.24652529,0.94908845,0
-0.18236631,-0.21156049,-4.3637986,0.1961029,0.24652529,-0.94908845,0
-0.63379729,5.3238816,-0.026914105,0.47334462,0.82384878,0.31179792,0
-4.8776584,-2.9344654,2.5009069,-0.47334462,-0.82384878,-0.31179792,0
-2.3565044,-1.638176,-5.0210261,-0.47334462,-0.82384878,-0.31179792,0
2.2534168,3.0044944,1.7879463,0.47334462,0.82384878,0.31179792,0
-1.1256945,5.1444798,0.59395146,-0.8587715,0.5103904,-0.044867754,0
3.3502243,-1.0729072,1.5060041,0.8587715,-0.5103904,0.044867754,0
-4.1564827,-0.17628324,1.5088298,-0.8587715,0.5103904,-0.044867754,0
-0.7882427,3.6061001,4.431612,0.47334462,0.82384878,0.31179792,0
1.3727367,-4.3476763,3.3778479,0.8587715,-0.5103904,0.044867754,0
2.8558981,-2.1250143,0.40068597,0.8587715,-0.5103904,0.044867754,0
4.3709092,3.2449436,-2.2418613,0.47334462,0.82384878,0.31179792,0
-2.6859646,0.061928213,-4.6660161,0.1961029,0.24652529,-0.94908845,0
1.347731,-4.4417377,1.3686399,0.8587715,-0.5103904,0.044867754,0
-3.6821692,-1.4257673,-3.6843946,-0.47334462,-0.82384878,-0.31179792,0
-0.7523092,4.0516253,-3.3929422,0.1961029,0.24652529,-0.94908845,0
0.95508611,-0.93182743,-4.1725278,0.1961029,0.24652529,-0.94908845,0
-1.7603657,3.4734302,-2.9355986,-0.8587715,0.5103904,-0.044867754,0
4.7293611,0.79787862,-2.7534232,0.8587715,-0.5103904,0.044867754,0
-2.8741779,2.0574653,-0.41004279,-0.8587715,0.5103904,-0.044867754,0
-4.0515532,0.3755455,2.9244606,-0.8587715,0.5103904,-0.044867754,0
2.9800217,2.9096627,0.79581594,0.47334462,0.82384878,0.31179792,0
0.89589161,-3.8411241,3.3331265,-0.1961029,-0.24652529,0.94908845,0
-3.6242189,-0.15289772,3.3771093,-0.1961029,-0.24652529,0.94908845,0
-4.6626678,-2.4210083,0.79040658,-0.47334462,-0.82384878,-0.31179792,0
-4.8689294,-1.1874073,1.9549286,-0.8587715,0.5103904,-0.044867754,0
-2.1074476,2.9460573,4.6445026,-0.1961029,-0.24652529,0.94908845,0
2.8575988,-2.3867235,-2.0587492,0.8587715,-0.5103904,0.044867754,0
4.5882978,0.56363642,-2.8884006,0.8587715,-0.5103904,0.044867754,0
-2.1318684,-2.0614502,-4.3895078,-0.47334462,-0.82384878,-0.31179792,0
2.8337939,-2.0978937,-4.1795049,0.1961029,0.24652529,-0.94908845,0
0.50216621,-1.7723628,-4.4709992,0.1961029,0.24652529,-0.94908845,0
1.8588896,0.12190735,-3.8182974,0.1961029,0.24652529,-0.94908845,0
1.798298,-1.5414528,4.1899948,-0.1961029,-0.24652529,0.94908845,0
5.4290857,2.1011124,-1.1639645,0.47334462,0.82384878,0.31179792,0
-0.33941048,3.4061399,-3.299808,0.1961029,0.24652529,-0.94908845,0
-3.335556,0.83599806,-3.4928243,-0.8587715,0.5103904,-0.044867754,0
0.26079428,-3.828362,-3.3044493,-0.47334462,-0.82384878,-0.31179792,0
2.6854408,-2.6275151,-1.9710927,0.8587715,-0.5103904,0.044867754,0
2.3474038,1.7475789,4.5976129,0.47334462,0.82384878,0.31179792,0
-0.67244738,2.482971,-3.610276,0.1961029,0.24652529,-0.94908845,0
0.12324512,-3.6303499,3.2861125,-0.1961029,-0.24652529,0.94908845,0
1.15847,-4.9879694,0.20675361,0.8587715,-0.5103904,0.044867754,0
-0.077199221,4.7939973,0.45461455,0.47334462,0.82384878,0.31179792,0
-0.36314893,4.8092046,-3.0571046,0.1961029,0.24652529,-0.94908845,0
2.6856594,1.3939275,5.0746455,0.47334462,0.82384878,0.31179792,0
-2.7111573,2.6575198,3.5343981,-0.8587715,0.5103904,-0.044867754,0
-3.279052,0.86402678,-3.5581951,-0.8587715,0.5103904,-0.044867754,0
-2.0098183,-2.5345747,-3.2105472,-0.47334462,-0.82384878,-0.31179792,0
0.36243081,-5.1214609,0.36495325,-0.47334462,-0.82384878,-0.31179792,0
0.89740825,-2.3833489,3.7129016,-0.1961029,-0.24652529,0.94908845,0
1.6559271,2.2722363,4.5144563,0.47334462,0.82384878,0.31179792,0
-1.9228008,0.35362786,-4.4386992,0.1961029,0.24652529,-0.94908845,0
-0.69903827,4.9269047,0.9709639,0.47334462,0.82384878,0.31179792,0
-5.0773063,-1.3156521,2.0550022,-0.8587715,0.5103904,-0.044867754,0
-3.376781,0.81493926,-3.9885714,-0.8587715,0.5103904,-0.044867754,0
-1.2617378,-1.8263338,3.508271,-0.1961029,-0.24652529,0.94908845,0
-4.6563578,-2.2820427,2.7549183,-0.1961029,-0.24652529,0.94908845,0
-2.7163081,-4.0215001,1.6728747,-0.47334462,-0.82384878,-0.31179792,0
1.1069559,-0.45017558,4.2793427,-0.1961029,-0.24652529,0.94908845,0
-0.86899686,4.8895421,1.2820201,0.47334462,0.82384878,0.31179792,0
0.96916068,-0.030269019,4.418458,-0.1961029,-0.24652529,0.94908845,0
-4.8495684,-1.1705172,-0.027282298,-0.8587715,0.5103904,-0.044867754,0
-1.503536,-2.9519014,-2.7214596,-0.47334462,-0.82384878,-0.31179792,0
-2.2486198,2.8060093,-2.5797918,-0.8587715,0.5103904,-0.044867754,0
-1.1173785,3.7701416,4.7318163,0.47334462,0.82384878,0.31179792,0
-5.0819674,-1.9141545,2.5846975,-0.1961029,-0.24652529,0.94908845,0
4.9809437,2.3384371,-1.0349648,0.47334462,0.82384878,0.31179792,0
2.4851313,-2.5118034,-0.043298841,0.8587715,-0.5103904,0.044867754,0
-2.8838859,2.1467657,1.2335913,-0.8587715,0.5103904,-0.044867754,0
-0.63854897,4.7144127,-3.1419168,0.1961029,0.24652529,-0.94908845,0
-1.0215986,-3.9391584,-1.0229301,-0.47334462,-0.82384878,-0.31179792,0
-4.2915244,-2.2845423,2.7540014,-0.1961029,-0.24652529,0.94908845,0
-3.8845341,0.78217983,3.5546498,-0.8587715,0.5103904,-0.044867754,0
0.056017578,0.88960576,4.3741665,-0.1961029,-0.24652529,0.94908845,0
-2.3120921,3.5000446,4.1694503,-0.8587715,0.5103904,-0.044867754,0
1.346609,-4.3942146,2.3691862,0.8587715,-0.5103904,0.044867754,0
-3.8836985,-2.0290084,-1.6031122,-0.47334462,-0.82384878,-0.31179792,0
-1.9112873,-4.7735372,2.5289762,-0.1961029,-0.24652529,0.94908845,0
3.2232347,-1.6697993,-3.9145348,0.1961029,0.24652529,-0.94908845,0
-1.3750138,-0.14383456,-4.5102954,0.1961029,0.24652529,-0.94908845,0
-2.9661021,-0.20434701,3.5077798,-0.1961029,-0.24652529,0.94908845,0
0.35190272,5.2832136,-1.5137609,0.47334462,0.82384878,0.31179792,0
2.4155478,-2.8141975,0.30043519,0.8587715,-0.5103904,0.044867754,0
2.9515858,-2.1122341,-3.7445145,0.8587715,-0.5103904,0.044867754,0
-3.7250361,0.71535945,-0.12571007,-0.8587715,0.5103904,-0.044867754,0
5.0546336,1.6114994,-1.8954744,0.8587715,-0.5103904,0.044867754,0
0.85043907,-4.0492315,-3.2915623,-0.47334462,-0.82384878,-0.31179792,0
-1.5475444,2.1522288,-4.0274415,0.1961029,0.24652529,-0.94908845,0
0.37597013,4.0183291,1.6736176,0.47334462,0.82384878,0.31179792,0
-4.9304447,-1.2690308,0.23080724,-0.8587715,0.5103904,-0.044867754,0
0.38562638,-0.64334595,-4.3512492,0.1961029,0.24652529,-0.94908845,0
-0.026499391,-2.0251727,-4.8039804,0.1961029,0.24652529,-0.94908845,0
-2.1397014,-1.289425,-5.0643902,0.1961029,0.24652529,-0.94908845,0
2.0881174,2.1670644,4.2471571,0.47334462,0.82384878,0.31179792,0
3.3654194,-0.92112648,4.401505,0.8587715,-0.5103904,0.044867754,0
3.6419871,3.413789,-1.4063644,0.47334462,0.82384878,0.31179792,0
0.921507,-5.0663872,1.1825736,0.8587715,-0.5103904,0.044867754,0
-4.5090294,-0.81446028,-0.12721342,-0.8587715,0.5103904,-0.044867754,0
-2.7146635,2.6506526,3.1158531,-0.8587715,0.5103904,-0.044867754,0
-2.7083504,-3.7975109,2.7236099,-0.1961029,-0.24652529,0.94908845,0
4.1554003,-0.058183432,-2.746614,0.8587715,-0.5103904,0.044867754,0
-0.29262328,2.1593881,4.7174134,-0.1961029,-0.24652529,0.94908845,0
-0.76226854,0.64153385,-4.1072836,0.1961029,0.24652529,-0.94908845,0
0.11387336,2.4723425,-3.5658679,0.1961029,0.24652529,-0.94908845,0
3.7291183,-0.71696115,0.39618129,0.8587715,-0.5103904,0.044867754,0
2.7624557,-2.3557291,-2.5802958,0.8587715,-0.5103904,0.044867754,0
-0.0029883385,3.9286747,2.6146345,0.47334462,0.82384878,0.31179792,0
-4.8941913,-1.6265612,-0.73069024,-0.8587715,0.5103904,-0.044867754,0
-1.5919056,-2.3737183,-4.0878439,-0.47334462,-0.82384878,-0.31179792,0
0.23618484,-5.9743891,2.5837927,-0.47334462,-0.82384878,-0.31179792,0
4.3675327,2.1271567,0.40034872,0.47334462,0.82384878,0.31179792,0
-3.6583037,-3.2308393,1.4126211,-0.47334462,-0.82384878,-0.31179792,0
0.60019732,4.1793718,0.8934387,0.47334462,0.82384878,0.31179792,0
-2.1557524,2.7573571,-3.6199796,-0.8587715,0.5103904,-0.044867754,0
3.55884,1.0309904,4.7014689,0.47334462,0.82384878,0.31179792,0
-1.7520527,0.72027755,4.0075994,-0.1961029,-0.24652529,0.94908845,0
-3.4449887,-0.98863518,-4.7315626,-0.47334462,-0.82384878,-0.31179792,0
3.7355144,-0.87714815,-1.6335571,0.8587715,-0.5103904,0.044867754,0
1.7619485,-4.1149569,-1.5839651,0.8587715,-0.5103904,0.044867754,0
-0.011337996,4.0719604,1.8917313,0.47334462,0.82384878,0.31179792,0
-2.1926265,3.5582016,3.0777442,-0.8587715,0.5103904,-0.044867754,0
4.2915087,0.55847204,1.1395197,0.8587715,-0.5103904,0.044867754,0
1.1177795,-4.7520566,0.69180012,0.8587715,-0.5103904,0.044867754,0
-4.2051196,-1.2330384,2.9608793,-0.1961029,-0.24652529,0.94908845,0
-0.77818632,3.3923345,4.7688408,0.47334462,0.82384878,0.31179792,0
2.6578975,-0.18869048,4.8069196,-0.1961029,-0.24652529,0.94908845,0
-1.7346956,0.45100817,-4.4506817,0.1961029,0.24652529,-0.94908845,0
-2.5260019,2.6654599,1.2199104,-0.8587715,0.5103904,-0.044867754,0
-4.9872837,-2.1741657,0.64436132,-0.47334462,-0.82384878,-0.31179792,0
2.3401973,-1.0916712,-4.0813251,0.1961029,0.24652529,-0.94908845,0
-2.274138,-1.7027377,-4.9834199,-0.47334462,-0.82384878,-0.31179792,0
-2.1435211,-0.75693172,3.6602209,-0.1961029,-0.24652529,0.94908845,0
-4.8579793,-1.5230005,-0.56205344,-0.8587715,0.5103904,-0.044867754,0
-5.2020493,-2.5104625,1.7104917,-0.47334462,-0.82384878,-0.31179792,0
3.9573944,-0.37225413,-2.184552,0.8587715,-0.5103904,0.044867754,0
4.3578348,0.22490442,-0.99040675,0.8587715,-0.5103904,0.044867754,0
-1.0030293,-2.1447544,3.3712549,-0.1961029,-0.24652529,0.94908845,0
4.7308025,3.0460129,-2.4953036,0.1961029,0.24652529,-0.94908845,0
-4.0376329,-1.1574407,-3.5447831,-0.47334462,-0.82384878,-0.31179792,0
2.2830377,-3.1204486,-0.33621976,0.8587715,-0.5103904,0.044867754,0
1.3291959,2.6913035,3.6569355,0.47334462,0.82384878,0.31179792,0
0.10051882,-2.9140203,3.5120335,-0.1961029,-0.24652529,0.94908845,0
3.9493666,0.021286488,2.1462262,0.8587715,-0.5103904,0.044867754,0
-3.843122,0.3374989,1.5543399,-0.8587715,0.5103904,-0.044867754,0
-1.6770995,-3.6133559,-1.0299901,-0.47334462,-0.82384878,-0.31179792,0
3.7507312,2.7945492,0.012710333,0.47334462,0.82384878,0.31179792,0
1.5775697,-4.1746645,-1.8282719,0.8587715,-0.5103904,0.044867754,0
-1.6489534,4.2688513,3.6366334,-0.8587715,0.5103904,-0.044867754,0
-0.70634484,2.7923622,-3.5645981,0.1961029,0.24652529,-0.94908845,0
2.9865842,2.0822055,-3.0864906,0.1961029,0.24652529,-0.94908845,0
1.7301269,4.1135283,-2.8373592,0.1961029,0.24652529,-0.94908845,0
-2.4226823,-2.637948,-2.2949607,-0.47334462,-0.82384878,-0.31179792,0
-3.3047781,1.2392706,-1.6916161,-0.8587715,0.5103904,-0.044867754,0
-0.12618756,5.6724405,-1.997173,0.47334462,0.82384878,0.31179792,0
2.0627737,-3.5974073,-3.821013,0.8587715,-0.5103904,0.044867754,0
-1.5241071,1.2059584,-4.1903706,0.1961029,0.24652529,-0.94908845,0
0.32601929,-3.9520426,-3.0859094,-0.47334462,-0.82384878,-0.31179792,0
-1.1975484,4.5646825,-1.0477494,-0.8587715,0.5103904,-0.044867754,0
-2.7715139,1.572777,4.1226835,-0.1961029,-0.24652529,0.94908845,0
1.8840468,-3.2018363,3.3500268,0.8587715,-0.5103904,0.044867754,0
3.0781746,0.56607503,4.9738226,-0.1961029,-0.24652529,0.94908845,0
-0.49444747,-0.16378438,-4.4453516,0.1961029,0.24652529,-0.94908845,0
4.1342325,0.67176294,4.8397846,0.8587715,-0.5103904,0.044867754,0
-0.65997338,-4.3885136,-0.16571835,-0.47334462,-0.82384878,-0.31179792,0
-2.2934194,2.7223082,-2.8687108,-0.8587715,0.5103904,-0.044867754,0
4.0378423,3.2476764,-2.0208702,0.47334462,0.82384878,0.31179792,0
0.95650506,-5.0909271,1.4719422,0.8587715,-0.5103904,0.044867754,0
2.2425036,1.1550074,4.9044933,-0.1961029,-0.24652529,0.94908845,0
-3.7621381,0.53977752,-1.4977975,-0.8587715,0.5103904,-0.044867754,0
-2.5251946,-1.5229906,3.2151909,-0.1961029,-0.24652529,0.94908845,0
0.11733127,4.8911328,0.01133512,0.47334462,0.82384878,0.31179792,0
4.5098305,0.516536,-0.45923805,0.8587715,-0.5103904,0.044867754,0
-3.1445317,-0.41040218,3.4436879,-0.1961029,-0.24652529,0.94908845,0
-1.7627219,4.2199945,2.3994198,-0.8587715,0.5103904,-0.044867754,0
2.1096318,-3.1928513,2.7967782,0.8587715,-0.5103904,0.044867754,0
-2.1442881,-4.13306,2.7120135,-0.1961029,-0.24652529,0.94908845,0
-0.22079727,-1.6701087,3.7205482,-0.1961029,-0.24652529,0.94908845,0
2.5441208,2.044647,3.8242719,0.47334462,0.82384878,0.31179792,0
0.24986851,-4.4587946,-1.7265615,-0.47334462,-0.82384878,-0.31179792,0
-1.6296608,-1.2527617,-4.8110819,0.1961029,0.24652529,-0.94908845,0
-2.497534,1.0098649,4.0350633,-0.1961029,-0.24652529,0.94908845,0
-0.90280592,-3.7813725,2.9565816,-0.1961029,-0.24652529,0.94908845,0
-0.33262673,-1.6802359,3.7222216,-0.1961029,-0.24652529,0.94908845,0
0.396456,3.6052151,2.7785802,0.47334462,0.82384878,0.31179792,0
-0.63669753,-3.6315327,-2.2674263,-0.47334462,-0.82384878,-0.31179792,0
0.19504809,4.9131932,-0.66042095,0.47334462,0.82384878,0.31179792,0
-1.5315688,-4.1720619,0.41901988,-0.47334462,-0.82384878,-0.31179792,0
-2.4735749,2.6850624,0.64631414,-0.8587715,0.5103904,-0.044867754,0
1.6898539,3.084199,1.8533491,0.47334462,0.82384878,0.31179792,0
0.31435359,2.7523079,4.978241,-0.1961029,-0.24652529,0.94908845,0
0.38277936,4.8928008,-0.59721065,0.47334462,0.82384878,0.31179792,0
-0.078693628,5.9357696,-2.6345174,0.1961029,0.24652529,-0.94908845,0
4.1041555,0.088148832,0.12812561,0.8587715,-0.5103904,0.044867754,0
-0.86321449,5.1417007,-0.97033715,-0.8587715,0.5103904,-0.044867754,0
-0.3114236,-2.0201905,3.7029712,-0.1961029,-0.24652529,0.94908845,0
-0.19999062,1.4778866,-3.8427768,0.1961029,0.24652529,-0.94908845,0
-0.87515044,-4.3810472,-0.10313362,-0.47334462,-0.82384878,-0.31179792,0
3.2507124,1.8255982,2.9970651,0.47334462,0.82384878,0.31179792,0
4.1135368,2.6869788,-0.59855443,0.47334462,0.82384878,0.31179792,0
-1.7423675,0.21126771,3.977515,-0.1961029,-0.24652529,0.94908845,0
-0.9742105,5.2260351,-0.46517527,-0.8587715,0.5103904,-0.044867754,0
-0.58432335,2.3343077,4.7900586,-0.1961029,-0.24652529,0.94908845,0
1.4057173,-3.0699377,-4.6392465,0.1961029,0.24652529,-0.94908845,0
3.8796551,-0.39258838,-2.7660263,0.8587715,-0.5103904,0.044867754,0
-2.5314426,1.9123156,4.1823277,-0.1961029,-0.24652529,0.94908845,0
-0.15409207,4.7070942,0.50730473,0.47334462,0.82384878,0.31179792,0
-2.4346919,3.2152891,3.9062185,-0.8587715,0.5103904,-0.044867754,0
1.3426232,4.7220278,-1.6703376,0.47334462,0.82384878,0.31179792,0
2.6480377,-2.6783528,-2.9289663,0.8587715,-0.5103904,0.044867754,0
-1.188803,4.1299419,3.8826535,0.47334462,0.82384878,0.31179792,0
-1.0208129,-1.2140521,-4.825315,0.1961029,0.24652529,-0.94908845,0
-0.67807412,-5.2782693,2.2390559,-0.47334462,-0.82384878,-0.31179792,0
4.8316021,1.8372918,0.83360398,0.47334462,0.82384878,0.31179792,0
5.5721159,2.3056445,-2.3380651,0.8587715,-0.5103904,0.044867754,0
2.5636153,-2.8021584,-1.0324924,0.8587715,-0.5103904,0.044867754,0
1.9883285,-3.2787118,0.64686608,0.8587715,-0.5103904,0.044867754,0
4.038662,-0.24407876,-1.1842148,0.8587715,-0.5103904,0.044867754,0
4.0575051,0.48943704,4.6389112,0.8587715,-0.5103904,0.044867754,0
3.8393033,2.260628,1.2150394,0.47334462,0.82384878,0.31179792,0
2.5797114,3.5942507,-0.48110428,0.47334462,0.82384878,0.31179792,0
2.1491513,-3.3042243,0.80321503,0.8587715,-0.5103904,0.044867754,0
-4.2191505,-0.31534874,-3.0478268,-0.8587715,0.5103904,-0.044867754,0
3.3817787,-1.0554028,0.67931706,0.8587715,-0.5103904,0.044867754,0
0.55198252,0.45145461,-4.0358419,0.1961029,0.24652529,-0.94908845,0
-2.1745682,-0.56855792,3.6687806,-0.1961029,-0.24652529,0.94908845,0
0.038254619,-3.1984591,-4.6490836,-0.47334462,-0.82384878,-0.31179792,0
1.3159485,-4.7762074,-2.5209486,-0.47334462,-0.82384878,-0.31179792,0
-4.700263,-0.9561522,2.344696,-0.8587715,0.5103904,-0.044867754,0
-3.8146033,-3.3890507,2.1840873,-0.47334462,-0.82384878,-0.31179792,0
3.0260477,-1.547702,1.3940835,0.8587715,-0.5103904,0.044867754,0
2.5963705,-2.0668271,-4.28233,0.1961029,0.24652529,-0.94908845,0
-3.6497869,0.31478024,-3.2613666,-0.8587715,0.5103904,-0.044867754,0
3.7994647,-0.18409145,1.565998,0.8587715,-0.5103904,0.044867754,0
-1.5580894,-2.3306293,3.2170503,-0.1961029,-0.24652529,0.94908845,0
-1.3748178,-4.214663,0.56617987,-0.47334462,-0.82384878,-0.31179792,0
-4.4710665,-2.4332061,0.44238907,-0.47334462,-0.82384878,-0.31179792,0
-1.2734728,-3.2152724,-2.1039979,-0.47334462,-0.82384878,-0.31179792,0
-4.0128417,-0.038447261,-2.1342354,-0.8587715,0.5103904,-0.044867754,0
1.17222,3.6524065,1.2279932,0.47334462,0.82384878,0.31179792,0
-1.5331715,4.0065269,-3.0041082,-0.8587715,0.5103904,-0.044867754,0
1.5461314,-4.4413872,-3.5352669,-0.47334462,-0.82384878,-0.31179792,0
3.073946,-2.0018067,-2.7892289,0.8587715,-0.5103904,0.044867754,0
-3.1468196,1.9111121,3.6815665,-0.8587715,0.5103904,-0.044867754,0
1.9153171,-1.5652449,-4.1714783,0.1961029,0.24652529,-0.94908845,0
-0.55641496,4.7684073,0.96462101,0.47334462,0.82384878,0.31179792,0
0.31028986,2.9709716,4.7068152,0.47334462,0.82384878,0.31179792,0
0.99248898,2.7099178,4.2744417,0.47334462,0.82384878,0.31179792,0
-1.3195472,3.3941569,4.8093805,-0.1961029,-0.24652529,0.94908845,0
0.89257455,4.2458167,-2.9816005,0.1961029,0.24652529,-0.94908845,0
4.4354897,0.26111364,-1.9004505,0.8587715,-0.5103904,0.044867754,0
-3.6298034,-3.446135,1.655196,-0.47334462,-0.82384878,-0.31179792,0
-4.7597346,-1.2207106,-1.6693444,-0.8587715,0.5103904,-0.044867754,0
-2.7097564,0.12752885,-4.7029161,0.1961029,0.24652529,-0.94908845,0
0.65217924,1.7429802,-3.7290263,0.1961029,0.24652529,-0.94908845,0
0.78117418,3.2340763,3.0361674,0.47334462,0.82384878,0.31179792,0
-3.5427005,0.89403152,-0.6956228,-0.8587715,0.5103904,-0.044867754,0
2.2956889,-2.7573581,3.8469946,0.8587715,-0.5103904,0.044867754,0
-3.7998748,-1.661278,2.9803793,-0.1961029,-0.24652529,0.94908845,0
-4.2124681,-0.31889892,3.3027463,-0.1961029,-0.24652529,0.94908845,0
1.6513937,3.9691589,-0.086407766,0.47334462,0.82384878,0.31179792,0
-1.5241506,0.44202757,3.9837723,-0.1961029,-0.24652529,0.94908845,0
-2.4171846,-3.8949854,1.331454,-0.47334462,-0.82384878,-0.31179792,0
0.42069292,-2.2552204,-4.7411757,0.1961029,0.24652529,-0.94908845,0
-5.0786099,-1.5059743,0.19627762,-0.8587715,0.5103904,-0.044867754,0
4.0283833,0.054529548,1.8246684,0.8587715,-0.5103904,0.044867754,0
3.9102075,2.1964064,-2.8783901,0.1961029,0.24652529,-0.94908845,0
1.1731565,2.7450089,3.4767513,0.47334462,0.82384878,0.31179792,0
4.7010736,0.85003495,-0.8021484,0.8587715,-0.5103904,0.044867754,0
-3.6922126,-0.98935139,-4.624805,-0.47334462,-0.82384878,-0.31179792,0
-4.3207989,-2.9753313,2.490236,-0.1961029,-0.24652529,0.94908845,0
5.167201,1.7232825,-2.1442692,0.8587715,-0.5103904,0.044867754,0
1.5896411,0.56442964,4.7222104,-0.1961029,-0.24652529,0.94908845,0
2.5440898,3.8712087,-2.6507144,0.1961029,0.24652529,-0.94908845,0
-1.028881,-1.2707435,-4.8227577,0.1961029,0.24652529,-0.94908845,0
0.96180594,-2.5607436,-4.7810411,0.1961029,0.24652529,-0.94908845,0
-0.014045,5.5673795,-2.7490034,0.1961029,0.24652529,-0.94908845,0
-0.39797294,-1.8730998,-4.8241048,0.1961029,0.24652529,-0.94908845,0
-0.087403297,-3.1285019,3.405458,-0.1961029,-0.24652529,0.94908845,0
-0.71587229,-4.7323809,0.45406094,-0.47334462,-0.82384878,-0.31179792,0
-1.2144068,-2.6915085,3.3005433,-0.1961029,-0.24652529,0.94908845,0
-1.5480862,-1.1129169,-4.8210082,0.1961029,0.24652529,-0.94908845,0
4.4245777,1.4618117,2.2122104,0.47334462,0.82384878,0.31179792,0
1.809783,-4.1043544,-4.7283163,0.8587715,-0.5103904,0.044867754,0
4.0391293,3.4005516,-2.3995914,0.47334462,0.82384878,0.31179792,0
2.45945,4.1545234,-2.1562011,0.47334462,0.82384878,0.31179792,0
-3.7844005,0.73389149,1.4657847,-0.8587715,0.5103904,-0.044867754,0
-3.4987042,-2.2675288,-1.5302653,-0.47334462,-0.82384878,-0.31179792,0
4.3151627,3.0387468,-2.6366534,0.1961029,0.24652529,-0.94908845,0
1.6366136,3.9569192,-0.43068349,0.47334462,0.82384878,0.31179792,0
3.8770235,-0.54802704,-2.9758821,0.8587715,-0.5103904,0.044867754,0
-0.9741016,-2.1082401,3.4089327,-0.1961029,-0.24652529,0.94908845,0
-1.8895525,-1.9441236,-5.0620804,-0.47334462,-0.82384878,-0.31179792,0
0.35190457,-3.0829594,3.4196508,-0.1961029,-0.24652529,0.94908845,0
-2.1282911,0.37560475,3.9075589,-0.1961029,-0.24652529,0.94908845,0
3.3918049,3.1973784,-0.7933082,0.47334462,0.82384878,0.31179792,0
1.420195,-1.1795894,4.2956491,-0.1961029,-0.24652529,0.94908845,0
0.14777386,1.0368739,-3.8713109,0.1961029,0.24652529,-0.94908845,0
3.5460019,0.0973894,4.9942818,-0.1961029,-0.24652529,0.94908845,0
-4.0239267,-1.0470401,-3.9178534,-0.47334462,-0.82384878,-0.31179792,0
1.0930359,-3.7600706,-4.5927052,-0.47334462,-0.82384878,-0.31179792,0
-5.2525392,-1.6756934,1.2782001,-0.8587715,0.5103904,-0.044867754,0
0.80089092,-3.9430153,-3.9442153,-0.47334462,-0.82384878,-0.31179792,0
-2.3446772,2.9651246,1.3796824,-0.8587715,0.5103904,-0.044867754,0
-5.2623115,-1.6918745,2.6905746,-0.8587715,0.5103904,-0.044867754,0
-1.0333655,3.9718947,3.76649,0.47334462,0.82384878,0.31179792,0
-0.30307442,-0.32913038,4.064239,-0.1961029,-0.24652529,0.94908845,0
-0.026629329,1.4767038,-3.742538,0.1961029,0.24652529,-0.94908845,0
-4.3871355,-0.29441881,0.46764487,-0.8587715,0.5103904,-0.044867754,0
0.91166145,-3.4467762,3.5662909,-0.1961029,-0.24652529,0.94908845,0
-3.3885939,-3.1174128,2.60151,-0.1961029,-0.24652529,0.94908845,0
1.467898,3.7630563,-2.8893442,0.1961029,0.24652529,-0.94908845,0
-3.8017838,0.11099136,-3.0192084,-0.8587715,0.5103904,-0.044867754,0
-5.188808,-1.6060467,2.5939388,-0.8587715,0.5103904,-0.044867754,0
0.6403513,-4.0900226,-2.7602468,-0.47334462,-0.82384878,-0.31179792,0
2.4983673,0.82499945,4.9686174,-0.1961029,-0.24652529,0.94908845,0
-2.4184053,-2.8529739,-1.3304467,-0.47334462,-0.82384878,-0.31179792,0
-0.42326593,-5.1015782,1.5413706,-0.47334462,-0.82384878,-0.31179792,0
2.0802097,-0.14153349,-3.7444816,0.1961029,0.24652529,-0.94908845,0
-4.1303015,-0.453457,-5.135849,-0.47334462,-0.82384878,-0.31179792,0
0.11087945,1.3483753,-3.8106287,0.1961029,0.24652529,-0.94908845,0
1.0646611,-2.3375788,-4.5220146,0.1961029,0.24652529,-0.94908845,0
4.7106771,0.89960074,-2.5823784,0.8587715,-0.5103904,0.044867754,0
-1.1951299,-4.7675486,1.4405088,-0.47334462,-0.82384878,-0.31179792,0
-0.90936708,-2.7978451,-4.2829108,-0.47334462,-0.82384878,-0.31179792,0
0.25257453,-0.58851266,-4.3625889,0.1961029,0.24652529,-0.94908845,0
0.64310229,-0.22787291,-4.1353765,0.1961029,0.24652529,-0.94908845,0
4.0200748,-0.14871347,-0.90627038,0.8587715,-0.5103904,0.044867754,0
-2.3214018,2.8949022,-2.218616,-0.8587715,0.5103904,-0.044867754,0
2.5019825,4.3745351,-2.4919374,0.1961029,0.24652529,-0.94908845,0
-0.27882695,5.5983863,-1.8148969,0.47334462,0.82384878,0.31179792,0
1.504447,2.1488602,5.0420966,0.47334462,0.82384878,0.31179792,0
-1.1890402,4.7146153,-0.028792068,-0.8587715,0.5103904,-0.044867754,0
4.0966077,0.017804027,0.87599552,0.8587715,-0.5103904,0.044867754,0
-3.7124116,-1.8266042,-2.4485335,-0.47334462,-0.82384878,-0.31179792,0
0.454005,-4.6312737,-1.3982902,-0.47334462,-0.82384878,-0.31179792,0
-2.4162552,2.5681736,-1.7259178,-0.8587715,0.5103904,-0.044867754,0
-3.0952728,1.8117845,3.1761863,-0.8587715,0.5103904,-0.044867754,0
-3.7326286,-3.1299133,1.0589144,-0.47334462,-0.82384878,-0.31179792,0
-4.1480117,-0.87339592,3.1151469,-0.1961029,-0.24652529,0.94908845,0
4.3289227,0.43398225,1.4871997,0.8587715,-0.5103904,0.044867754,0
1.9944935,-3.8736293,-2.3410552,0.8587715,-0.5103904,0.044867754,0
4.1031299,-0.018027067,-1.5224609,0.8587715,-0.5103904,0.044867754,0
2.0009201,4.3527675,-1.4084002,0.47334462,0.82384878,0.31179792,0
3.4831657,-0.47104943,4.0091124,0.8587715,-0.5103904,0.044867754,0
-0.10007501,-0.57436615,4.0710955,-0.1961029,-0.24652529,0.94908845,0
0.82189012,3.2578192,3.2857645,0.47334462,0.82384878,0.31179792,0
-0.94569612,4.9912901,1.2782273,0.47334462,0.82384878,0.31179792,0
-4.4916477,-0.68865383,1.491864,-0.8587715,0.5103904,-0.044867754,0
-4.0698757,-0.085103512,0.16926455,-0.8587715,0.5103904,-0.044867754,0
4.0297799,-0.23835158,-2.1487281,0.8587715,-0.5103904,0.044867754,0
-3.7461953,0.343081,-1.3107734,-0.8587715,0.5103904,-0.044867754,0
4.770617,1.1300398,-1.177911,0.8587715,-0.5103904,0.044867754,0
4.5445805,0.82278651,1.3347485,0.8587715,-0.5103904,0.044867754,0
2.5321195,1.5213506,4.7098627,0.47334462,0.82384878,0.31179792,0
-2.0147176,1.0739162,4.0495558,-0.1961029,-0.24652529,0.94908845,0
-1.6697884,-1.4152942,-4.8446712,0.1961029,0.24652529,-0.94908845,0
-3.3298972,1.2637068,1.6471748,-0.8587715,0.5103904,-0.044867754,0
-1.5021856,-4.8880868,2.6539524,-0.1961029,-0.24652529,0.94908845,0
-2.6339731,0.14862937,-4.8156829,0.1961029,0.24652529,-0.94908845,0
1.2836542,4.5889997,-2.8131609,0.1961029,0.24652529,-0.94908845,0
-0.79780662,-3.3111975,-2.5666823,-0.47334462,-0.82384878,-0.31179792,0
-2.7854128,-1.7962787,-3.7880125,-0.47334462,-0.82384878,-0.31179792,0
1.5957592,-4.4132147,-2.2011883,0.8587715,-0.5103904,0.044867754,0
3.2077107,-1.7144184,-2.4464297,0.8587715,-0.5103904,0.044867754,0
-2.0927219,-2.7811322,-2.2956352,-0.47334462,-0.82384878,-0.31179792,0
0.56886268,1.331562,4.7686801,-0.1961029,-0.24652529,0.94908845,0
0.47231364,3.7008491,2.6023962,0.47334462,0.82384878,0.31179792,0
-4.4270606,-0.46177042,3.1515002,-0.1961029,-0.24652529,0.94908845,0
-2.2599049,0.23871815,3.7414558,-0.1961029,-0.24652529,0.94908845,0
-0.05235672,-5.0536199,0.68805134,-0.47334462,-0.82384878,-0.31179792,0
3.0830071,3.5243831,-1.3362198,0.47334462,0.82384878,0.31179792,0
-2.9883261,-2.3808279,3.0815668,-0.1961029,-0.24652529,0.94908845,0
2.7223246,-2.2394338,-1.6241823,0.8587715,-0.5103904,0.044867754,0
3.4483178,-1.0897129,0.076696306,0.8587715,-0.5103904,0.044867754,0
0.43395126,3.1049688,4.1640458,0.47334462,0.82384878,0.31179792,0
0.58661044,-5.7791834,2.1094332,0.8587715,-0.5103904,0.044867754,0
2.3518336,2.9377141,1.7526537,0.47334462,0.82384878,0.31179792,0
0.1402216,-5.9146595,2.809664,-0.1961029,-0.24652529,0.94908845,0
0.15024734,1.7554545,4.7999158,-0.1961029,-0.24652529,0.94908845,0
-2.017612,3.6590834,1.6234549,-0.8587715,0.5103904,-0.044867754,0
