3.1325748,-0.45064068,3.6433547,0.053191125,0.34888688,0.9356541,0
3.3322279,-2.4591796,2.4760938,0.99448448,-0.10332623,-0.018007159,0
-2.2543974,1.6622539,3.3139181,0.053191125,0.34888688,0.9356541,0
-2.1292291,0.68058348,-3.8442674,-0.053191125,-0.34888688,-0.9356541,0
3.2837794,-1.3996607,-2.0172372,0.99448448,-0.10332623,-0.018007159,0
3.0910268,-3.6768732,-0.24120283,0.99448448,-0.10332623,-0.018007159,0
-3.1566055,2.3301392,-4.5336599,-0.053191125,-0.34888688,-0.9356541,0
2.956028,3.2929566,2.4055643,0.053191125,0.34888688,0.9356541,0
1.4673957,-3.6938643,0.26336193,-0.090395123,-0.93145132,0.35245863,0
-2.4271719,-2.1490877,-2.7225783,-0.053191125,-0.34888688,-0.9356541,0
3.6230807,-0.0395042,1.3181541,0.99448448,-0.10332623,-0.018007159,0
3.1789141,-2.9517956,1.5390475,0.99448448,-0.10332623,-0.018007159,0
-1.2693666,0.73897219,-3.9176507,-0.053191125,-0.34888688,-0.9356541,0
0.47247696,-4.2519979,-1.2291461,-0.090395123,-0.93145132,0.35245863,0
-1.0377584,3.9399915,0.27507401,0.090395123,0.93145132,-0.35245863,0
2.5173345,-2.8773344,-2.7284532,-0.053191125,-0.34888688,-0.9356541,0
3.0404463,-4.494277,-1.5829124,0.99448448,-0.10332623,-0.018007159,0
-3.7330117,-2.5132654,-1.1102449,-0.99448448,0.10332623,0.018007159,0
2.6184669,-4.7608757,-2.191493,-0.053191125,-0.34888688,-0.9356541,0
-2.8752303,-2.2774916,3.4420526,-0.090395123,-0.93145132,0.35245863,0
-0.69941473,-0.03590095,-3.7558997,-0.053191125,-0.34888688,-0.9356541,0
-3.4652905,0.78172755,-3.6631713,-0.99448448,0.10332623,0.018007159,0
3.2098074,3.3422275,-0.035268068,0.090395123,0.93145132,-0.35245863,0
-3.6140091,-1.1536534,0.17283559,-0.99448448,0.10332623,0.018007159,0
-0.10102439,2.2842336,2.836427,0.053191125,0.34888688,0.9356541,0
-3.4849081,-0.91150093,1.9105225,-0.99448448,0.10332623,0.018007159,0
3.1900473,-3.7887862,0.85635805,0.99448448,-0.10332623,-0.018007159,0
-0.56709528,1.2948136,-4.2180586,-0.053191125,-0.34888688,-0.9356541,0
1.4111578,-3.8949385,-2.3021832,-0.053191125,-0.34888688,-0.9356541,0
-3.5901709,-0.28545928,2.1892753,-0.99448448,0.10332623,0.018007159,0
2.4890978,4.0612946,1.3116121,0.090395123,0.93145132,-0.35245863,0
-2.4752676,4.249155,0.71057034,0.090395123,0.93145132,-0.35245863,0
3.4494321,0.32994366,-3.7133663,0.99448448,-0.10332623,-0.018007159,0
-2.256639,-1.2202656,-3.2075489,-0.053191125,-0.34888688,-0.9356541,0
-3.4190693,0.57560503,1.921793,-0.99448448,0.10332623,0.018007159,0
-3.2552204,1.676861,2.6328583,-0.99448448,0.10332623,0.018007159,0
0.49302793,4.3449793,1.9452274,0.090395123,0.93145132,-0.35245863,0
-2.7502029,-2.4481912,-2.7275951,-0.053191125,-0.34888688,-0.9356541,0
-2.4173038,2.3417916,3.0583227,0.053191125,0.34888688,0.9356541,0
3.6240354,0.74985075,-2.5160356,0.99448448,-0.10332623,-0.018007159,0
1.9249028,-1.5970755,4.1406813,0.053191125,0.34888688,0.9356541,0
1.4005488,-1.6199055,4.2266273,0.053191125,0.34888688,0.9356541,0
-0.82894635,-0.76561832,4.0870271,0.053191125,0.34888688,0.9356541,0
-3.5657065,-0.1929034,1.1322508,-0.99448448,0.10332623,0.018007159,0
-0.12716722,-1.5391719,4.4173288,0.053191125,0.34888688,0.9356541,0
-3.773999,-1.9856176,2.6955278,-0.99448448,0.10332623,0.018007159,0
2.6803589,-3.3557036,2.0075564,-0.090395123,-0.93145132,0.35245863,0
3.4034226,-1.2427006,-0.79707885,0.99448448,-0.10332623,-0.018007159,0
-1.5662358,1.7662547,-4.2049723,-0.053191125,-0.34888688,-0.9356541,0
-3.6497173,-1.0704327,-2.6355982,-0.99448448,0.10332623,0.018007159,0
-1.3256414,-3.1193514,-2.4514885,-0.053191125,-0.34888688,-0.9356541,0
2.1517911,-3.002254,2.6913826,-0.090395123,-0.93145132,0.35245863,0
-2.6154418,-0.68492746,-3.2340405,-0.053191125,-0.34888688,-0.9356541,0
3.8435559,2.7626643,1.9595454,0.99448448,-0.10332623,-0.018007159,0
3.3177085,-1.7156919,-2.1026628,0.99448448,-0.10332623,-0.018007159,0
-3.2677345,1.6608241,1.2403357,-0.99448448,0.10332623,0.018007159,0
0.32180452,2.9029045,2.5600376,0.053191125,0.34888688,0.9356541,0
1.7067115,2.655477,-2.5935953,0.090395123,0.93145132,-0.35245863,0
-2.6711204,-3.7123535,-2.2397459,-0.053191125,-0.34888688,-0.9356541,0
-3.4722967,1.3443817,-1.9062825,-0.99448448,0.10332623,0.018007159,0
3.0313027,-4.2391596,-1.7370124,0.99448448,-0.10332623,-0.018007159,0
0.86405158,-1.1118387,-3.3425674,-0.053191125,-0.34888688,-0.9356541,0
-3.7740138,-1.9472532,1.0244355,-0.99448448,0.10332623,0.018007159,0
-2.9950845,-0.030001402,3.8349276,0.053191125,0.34888688,0.9356541,0
-2.7543869,-1.9196405,4.0584893,-0.090395123,-0.93145132,0.35245863,0
0.1854645,-3.7832201,0.086861253,-0.090395123,-0.93145132,0.35245863,0
3.8500972,2.3293664,1.4843705,0.99448448,-0.10332623,-0.018007159,0
-1.5592675,-3.3185649,0.4907971,-0.090395123,-0.93145132,0.35245863,0
0.89871454,-2.256166,3.9239769,-0.090395123,-0.93145132,0.35245863,0
3.3676889,-2.1324918,-1.6045141,0.99448448,-0.10332623,-0.018007159,0
-1.7827739,-3.557241,0.34888875,-0.090395123,-0.93145132,0.35245863,0
1.8336048,-4.6967688,-1.8830676,-0.090395123,-0.93145132,0.35245863,0
-3.3951945,0.0671978,3.6359258,-0.99448448,0.10332623,0.018007159,0
1.2330241,-0.078498125,-3.6834188,-0.053191125,-0.34888688,-0.9356541,0
2.8994076,-0.58139622,3.7586436,0.053191125,0.34888688,0.9356541,0
2.8704782,-3.1909983,-2.6829867,-0.053191125,-0.34888688,-0.9356541,0
-3.8598197,-3.5010681,-0.90623748,-0.99448448,0.10332623,0.018007159,0
3.4412987,-1.3401176,0.86928964,0.99448448,-0.10332623,-0.018007159,0
-2.978862,3.2011039,-2.3675921,0.090395123,0.93145132,-0.35245863,0
3.7071993,1.5696511,2.6054547,0.99448448,-0.10332623,-0.018007159,0
-2.3641453,0.67537785,3.5432925,0.053191125,0.34888688,0.9356541,0
-3.2012892,1.8619859,2.5097153,-0.99448448,0.10332623,0.018007159,0
-3.5787168,-0.17104518,-1.8516359,-0.99448448,0.10332623,0.018007159,0
-3.8984478,-2.3608761,-2.1934326,-0.99448448,0.10332623,0.018007159,0
3.2158816,-2.9400897,2.577219,0.99448448,-0.10332623,-0.018007159,0
2.424511,-3.5623291,1.2070732,-0.090395123,-0.93145132,0.35245863,0
-2.7821789,0.2622776,3.7754917,0.053191125,0.34888688,0.9356541,0
-3.6423337,-1.2048135,0.33405018,-0.99448448,0.10332623,0.018007159,0
-0.096216917,-4.1921816,-2.0717049,-0.053191125,-0.34888688,-0.9356541,0
3.7805715,1.8211051,2.2592831,0.99448448,-0.10332623,-0.018007159,0
-2.2788329,0.58964419,3.5792785,0.053191125,0.34888688,0.9356541,0
-0.75374222,-3.7411859,-0.045586318,-0.090395123,-0.93145132,0.35245863,0
1.3569858,4.2611794,1.7927812,0.090395123,0.93145132,-0.35245863,0
-0.87546802,-3.8631678,-2.2133827,-0.053191125,-0.34888688,-0.9356541,0
-3.3148608,1.4611429,2.4696765,-0.99448448,0.10332623,0.018007159,0
-2.0752556,2.6117907,-3.6779485,0.090395123,0.93145132,-0.35245863,0
3.3360693,-2.0633419,1.6131968,0.99448448,-0.10332623,-0.018007159,0
-0.42867661,-2.052166,4.473886,-0.090395123,-0.93145132,0.35245863,0
-3.2458887,-2.6012161,-2.6170158,-0.053191125,-0.34888688,-0.9356541,0
3.3941264,-1.9101906,2.0463748,0.99448448,-0.10332623,-0.018007159,0
2.376256,3.1308444,-0.76335776,0.090395123,0.93145132,-0.35245863,0
2.0468597,3.0153375,2.4861045,0.053191125,0.34888688,0.9356541,0
2.3990254,3.4986544,-0.29370201,0.090395123,0.93145132,-0.35245863,0
-2.6543655,-4.1666632,-1.830438,-0.090395123,-0.93145132,0.35245863,0
-1.5878375,-3.6858711,-0.12512355,-0.090395123,-0.93145132,0.35245863,0
-2.1846709,-1.5188531,-2.9650886,-0.053191125,-0.34888688,-0.9356541,0
3.3993235,-0.37545061,-1.6888287,0.99448448,-0.10332623,-0.018007159,0
2.4422543,-2.4409778,-3.0085049,-0.053191125,-0.34888688,-0.9356541,0
-3.545934,-1.7604239,-2.790755,-0.053191125,-0.34888688,-0.9356541,0
-3.4817946,0.071032524,3.1772628,-0.99448448,0.10332623,0.018007159,0
3.1910763,-3.4313188,0.38470244,0.99448448,-0.10332623,-0.018007159,0
-3.773726,-2.5489006,-0.42315412,-0.99448448,0.10332623,0.018007159,0
-2.0349975,-1.3738313,-3.1043332,-0.053191125,-0.34888688,-0.9356541,0
3.1818545,-3.075104,1.7583048,0.99448448,-0.10332623,-0.018007159,0
-2.4226384,1.6981664,-4.1951084,-0.053191125,-0.34888688,-0.9356541,0
3.1899505,-2.591753,0.66426134,0.99448448,-0.10332623,-0.018007159,0
-0.47129321,0.87658525,-4.0444264,-0.053191125,-0.34888688,-0.9356541,0
-3.8387704,-3.6356692,-0.67959571,-0.99448448,0.10332623,0.018007159,0
0.017894328,2.7095625,-2.5542922,0.090395123,0.93145132,-0.35245863,0
-2.6325777,4.4893818,1.289788,0.090395123,0.93145132,-0.35245863,0
3.5630174,-0.086567223,0.61206675,0.99448448,-0.10332623,-0.018007159,0
3.0781817,2.8143361,2.5899601,0.053191125,0.34888688,0.9356541,0
3.4631834,-0.71309644,2.0192873,0.99448448,-0.10332623,-0.018007159,0
1.7951487,3.6791835,0.13781279,0.090395123,0.93145132,-0.35245863,0
0.052473545,3.7403712,2.3754997,0.053191125,0.34888688,0.9356541,0
-3.5962884,-0.26012087,0.511235,-0.99448448,0.10332623,0.018007159,0
-3.5984139,0.33270392,-1.9433708,-0.99448448,0.10332623,0.018007159,0
-3.6778057,-2.4464986,0.16302347,-0.99448448,0.10332623,0.018007159,0
-3.3837242,-0.03166461,2.4437242,-0.99448448,0.10332623,0.018007159,0
-3.2921529,-3.9161181,-1.9872063,-0.053191125,-0.34888688,-0.9356541,0
3.2561235,-2.5099175,-0.81817293,0.99448448,-0.10332623,-0.018007159,0
2.3367195,2.1582174,2.7398267,0.053191125,0.34888688,0.9356541,0
-2.0171595,0.16782868,-3.7545962,-0.053191125,-0.34888688,-0.9356541,0
1.0840023,1.0989082,3.339287,0.053191125,0.34888688,0.9356541,0
2.9052806,-4.5599465,-1.6234937,-0.090395123,-0.93145132,0.35245863,0
2.7291477,1.4691505,-4.3649635,-0.053191125,-0.34888688,-0.9356541,0
1.52151,2.8795402,-1.8630868,0.090395123,0.93145132,-0.35245863,0
-3.3395934,-3.6871204,-2.2246337,-0.053191125,-0.34888688,-0.9356541,0
2.0933065,0.10661101,-3.8411081,-0.053191125,-0.34888688,-0.9356541,0
-1.0189621,-2.2263737,3.9578249,-0.090395123,-0.93145132,0.35245863,0
-0.32725263,-2.28789,3.9638071,-0.090395123,-0.93145132,0.35245863,0
0.49764776,3.0423136,2.5268979,0.053191125,0.34888688,0.9356541,0
-2.7998958,1.5041262,3.2579377,0.053191125,0.34888688,0.9356541,0
-0.56054139,-3.8340831,-2.3358357,-0.053191125,-0.34888688,-0.9356541,0
-3.5188267,0.43668872,-0.15464044,-0.99448448,0.10332623,0.018007159,0
-2.3859198,-2.8205509,2.0681007,-0.090395123,-0.93145132,0.35245863,0
-2.0900426,-0.72817618,-3.3498209,-0.053191125,-0.34888688,-0.9356541,0
-2.0161448,4.0453482,0.44787359,0.090395123,0.93145132,-0.35245863,0
-3.7589455,-2.1370182,-0.62210464,-0.99448448,0.10332623,0.018007159,0
2.9718611,-4.3156805,-1.7995367,0.99448448,-0.10332623,-0.018007159,0
1.5952382,-3.7066426,0.38663793,-0.090395123,-0.93145132,0.35245863,0
-2.8331051,0.99588346,-4.0135002,-0.053191125,-0.34888688,-0.9356541,0
-3.5667853,-0.11683559,-0.77743316,-0.99448448,0.10332623,0.018007159,0
1.6837115,4.2991266,2.0855944,0.053191125,0.34888688,0.9356541,0
-3.4187353,1.6130388,-1.0367162,-0.99448448,0.10332623,0.018007159,0
0.69096804,-2.956872,2.3954213,-0.090395123,-0.93145132,0.35245863,0
-3.0852194,3.6847262,0.12645292,-0.99448448,0.10332623,0.018007159,0
-3.1371903,-2.4604874,2.7539554,-0.090395123,-0.93145132,0.35245863,0
3.7515244,2.0212736,-0.037186861,0.99448448,-0.10332623,-0.018007159,0
-3.3030512,-0.98329967,-3.1570001,-0.053191125,-0.34888688,-0.9356541,0
0.90507889,-1.4971366,4.2524605,0.053191125,0.34888688,0.9356541,0
3.245014,-3.3074732,1.9618926,-0.090395123,-0.93145132,0.35245863,0
0.59316993,-1.7819431,4.3188529,0.053191125,0.34888688,0.9356541,0
3.1628249,-3.3143036,1.478406,0.99448448,-0.10332623,-0.018007159,0
3.110158,-3.4710352,-1.940361,0.99448448,-0.10332623,-0.018007159,0
3.6051743,1.2164216,0.4101305,0.99448448,-0.10332623,-0.018007159,0
2.7970431,0.66114664,3.2673373,0.053191125,0.34888688,0.9356541,0
-1.7860088,1.5773947,-4.1935697,-0.053191125,-0.34888688,-0.9356541,0
-3.5744112,-1.1836059,2.8839869,-0.99448448,0.10332623,0.018007159,0
-3.5757866,-0.58854032,1.2494011,-0.99448448,0.10332623,0.018007159,0
-3.7041018,-3.9487915,-1.1885003,-0.090395123,-0.93145132,0.35245863,0
3.2521806,-2.6157486,-1.6588917,0.99448448,-0.10332623,-0.018007159,0
2.1485722,2.8942757,-1.9839234,0.090395123,0.93145132,-0.35245863,0
2.4426227,-4.5696826,-1.799763,-0.090395123,-0.93145132,0.35245863,0
3.1226635,-0.015329361,-3.8248281,-0.053191125,-0.34888688,-0.9356541,0
-3.5427022,-1.6393366,3.5837445,-0.99448448,0.10332623,0.018007159,0
3.8454878,3.1576128,0.90469086,0.99448448,-0.10332623,-0.018007159,0
2.2768707,1.3931494,-4.3380008,-0.053191125,-0.34888688,-0.9356541,0
-3.6895118,-2.4735065,0.25199056,-0.99448448,0.10332623,0.018007159,0
3.6025572,1.1591492,-2.5019083,0.99448448,-0.10332623,-0.018007159,0
3.4560494,0.14969456,-0.22007227,0.99448448,-0.10332623,-0.018007159,0
2.9782658,-1.0687449,-3.4440889,-0.053191125,-0.34888688,-0.9356541,0
1.8438632,-3.0584869,2.2753792,-0.090395123,-0.93145132,0.35245863,0
-3.6468945,-1.6585283,-0.60791159,-0.99448448,0.10332623,0.018007159,0
-3.0309567,3.0011129,-2.8904891,0.090395123,0.93145132,-0.35245863,0
1.6817322,2.4855018,-3.1912966,0.090395123,0.93145132,-0.35245863,0
3.2624335,-2.9073362,3.1425688,-0.090395123,-0.93145132,0.35245863,0
-0.92470527,-2.4543972,3.4085646,-0.090395123,-0.93145132,0.35245863,0
-3.1236405,-2.5005064,-2.6157115,-0.053191125,-0.34888688,-0.9356541,0
-0.77372992,-3.8267617,-0.60509837,-0.090395123,-0.93145132,0.35245863,0
3.335597,0.74059141,3.2345328,0.053191125,0.34888688,0.9356541,0
-3.7344151,-1.75489,-0.39837742,-0.99448448,0.10332623,0.018007159,0
-3.2356536,3.277209,1.7891374,-0.99448448,0.10332623,0.018007159,0
2.0813427,0.94714999,-4.1303139,-0.053191125,-0.34888688,-0.9356541,0
0.86068749,4.1183448,2.1638637,0.053191125,0.34888688,0.9356541,0
-1.7285542,4.4388399,2.1234114,0.053191125,0.34888688,0.9356541,0
2.8018637,2.8148727,2.6318882,0.053191125,0.34888688,0.9356541,0
-3.745872,-2.1330667,2.3972208,-0.99448448,0.10332623,0.018007159,0
3.4429243,0.19015801,-0.83933902,0.99448448,-0.10332623,-0.018007159,0
-3.2866092,2.320097,-1.4415774,-0.99448448,0.10332623,0.018007159,0
0.58742857,-4.0706615,-0.71381807,-0.090395123,-0.93145132,0.35245863,0
3.6716552,1.7857769,0.12584186,0.99448448,-0.10332623,-0.018007159,0
-3.4901235,-1.3090348,4.4376717,0.053191125,0.34888688,0.9356541,0
-2.4618061,4.2085223,2.247766,0.053191125,0.34888688,0.9356541,0
2.1311584,0.48134446,-4.0524592,-0.053191125,-0.34888688,-0.9356541,0
3.4050035,1.4862554,3.0288906,0.053191125,0.34888688,0.9356541,0
-3.0843706,2.8045301,-3.1994138,0.090395123,0.93145132,-0.35245863,0
-0.0061047077,-3.8875132,-0.15001917,-0.090395123,-0.93145132,0.35245863,0
-2.7360744,-2.6653843,2.3860526,-0.090395123,-0.93145132,0.35245863,0
2.2740088,0.75490904,-4.2282143,-0.053191125,-0.34888688,-0.9356541,0
1.8374478,3.5072045,-0.29978067,0.090395123,0.93145132,-0.35245863,0
-0.75529051,-1.7959661,4.4008889,0.053191125,0.34888688,0.9356541,0
-0.54555106,2.2254524,-4.3418827,0.090395123,0.93145132,-0.35245863,0
3.0380478,2.0621657,-3.9630229,0.090395123,0.93145132,-0.35245863,0
2.7648642,-0.77340996,-3.6952186,-0.053191125,-0.34888688,-0.9356541,0
3.6559691,1.6744807,-1.6434875,0.99448448,-0.10332623,-0.018007159,0
-0.38246059,1.4558163,3.2802033,0.053191125,0.34888688,0.9356541,0
-1.7529961,-1.6863905,-3.0539613,-0.053191125,-0.34888688,-0.9356541,0
0.47613826,-3.1342084,1.6051785,-0.090395123,-0.93145132,0.35245863,0
-3.1833148,3.3707535,-1.2963748,-0.99448448,0.10332623,0.018007159,0
2.9374425,-2.2969635,4.3920588,-0.090395123,-0.93145132,0.35245863,0
-3.6075466,-0.6767875,0.30739045,-0.99448448,0.10332623,0.018007159,0
3.7207983,3.1145451,2.3092566,0.053191125,0.34888688,0.9356541,0
1.3173726,4.2857742,2.0346749,0.053191125,0.34888688,0.9356541,0
3.7439444,1.3096974,0.65423918,0.99448448,-0.10332623,-0.018007159,0
2.9624145,2.9664168,-1.4570795,0.090395123,0.93145132,-0.35245863,0
3.5721195,0.092409134,0.049252987,0.99448448,-0.10332623,-0.018007159,0
3.0972137,-3.5021281,-1.2723517,0.99448448,-0.10332623,-0.018007159,0
3.5089598,-0.21604896,-2.8509512,0.99448448,-0.10332623,-0.018007159,0
3.4317768,-0.49495557,-0.20869994,0.99448448,-0.10332623,-0.018007159,0
3.0294178,-3.5291271,-2.2784433,0.99448448,-0.10332623,-0.018007159,0
0.60120082,-3.9622762,-0.32023323,-0.090395123,-0.93145132,0.35245863,0
-2.9727621,3.312695,-2.1702361,0.090395123,0.93145132,-0.35245863,0
3.4927974,0.15070602,2.5971112,0.99448448,-0.10332623,-0.018007159,0
-3.6196916,-0.011768699,-0.11047292,-0.99448448,0.10332623,0.018007159,0
-3.3605032,-3.3148079,0.3756578,-0.090395123,-0.93145132,0.35245863,0
2.2711096,-3.8320622,-2.5195627,-0.053191125,-0.34888688,-0.9356541,0
2.1512117,-4.2962565,-2.3610039,-0.053191125,-0.34888688,-0.9356541,0
2.1599362,-0.89273906,3.8523078,0.053191125,0.34888688,0.9356541,0
0.59656739,3.06812,-1.5562043,0.090395123,0.93145132,-0.35245863,0
2.5749602,-0.15085578,-3.7862027,-0.053191125,-0.34888688,-0.9356541,0
-0.96432757,0.88765383,-4.0764933,-0.053191125,-0.34888688,-0.9356541,0
2.4426889,2.1922054,2.8028071,0.053191125,0.34888688,0.9356541,0
-3.5557714,-0.85136294,2.8908572,-0.99448448,0.10332623,0.018007159,0
2.9807665,-2.453604,4.2558503,-0.090395123,-0.93145132,0.35245863,0
-3.8421197,-3.2396159,-0.68159842,-0.99448448,0.10332623,0.018007159,0
2.1484113,0.060448408,-3.944622,-0.053191125,-0.34888688,-0.9356541,0
0.082167983,2.5420012,-3.0228047,0.090395123,0.93145132,-0.35245863,0
3.3268228,-1.7448224,-0.71194172,0.99448448,-0.10332623,-0.018007159,0
3.2817035,-0.94886374,-2.6096914,0.99448448,-0.10332623,-0.018007159,0
-1.592798,0.54091203,3.6856756,0.053191125,0.34888688,0.9356541,0
-0.22293758,-1.1186898,4.1101108,0.053191125,0.34888688,0.9356541,0
-2.2685173,1.0407948,-3.9270272,-0.053191125,-0.34888688,-0.9356541,0
-0.90288877,4.0112729,2.2567794,0.053191125,0.34888688,0.9356541,0
-3.4552891,1.7588634,-3.7654305,-0.99448448,0.10332623,0.018007159,0
2.7966537,1.8973322,-4.005785,0.090395123,0.93145132,-0.35245863,0
3.2956221,-2.5686789,-1.2785664,0.99448448,-0.10332623,-0.018007159,0
3.8245082,3.429508,0.85759783,0.99448448,-0.10332623,-0.018007159,0
-2.2049875,-3.5130236,0.16117901,-0.090395123,-0.93145132,0.35245863,0
-2.3330901,1.6842341,3.2938149,0.053191125,0.34888688,0.9356541,0
0.17187023,3.9769671,2.3217921,0.053191125,0.34888688,0.9356541,0
3.5359633,-0.75425035,-0.19381189,0.99448448,-0.10332623,-0.018007159,0
1.6906257,-4.1277738,-2.3383045,-0.053191125,-0.34888688,-0.9356541,0
2.3911793,3.3432076,-0.65231061,0.090395123,0.93145132,-0.35245863,0
3.2482173,3.7219069,0.75307477,0.090395123,0.93145132,-0.35245863,0
1.4138021,-1.3457048,-3.2564998,-0.053191125,-0.34888688,-0.9356541,0
3.0997241,-3.8577728,-2.017467,0.99448448,-0.10332623,-0.018007159,0
-3.3159308,1.0904914,1.8780744,-0.99448448,0.10332623,0.018007159,0
-1.172977,-2.9462972,1.7284412,-0.090395123,-0.93145132,0.35245863,0
3.4968271,-0.43355322,-3.1278002,0.99448448,-0.10332623,-0.018007159,0
-3.4094291,0.78244668,-1.0924113,-0.99448448,0.10332623,0.018007159,0
3.1590724,-2.946106,-0.81659079,0.99448448,-0.10332623,-0.018007159,0
-2.6257541,3.5681851,-0.91093254,0.090395123,0.93145132,-0.35245863,0
1.2166693,-3.7602372,-2.3146904,-0.053191125,-0.34888688,-0.9356541,0
-3.2461209,3.1407013,0.55401182,-0.99448448,0.10332623,0.018007159,0
-3.5149322,-0.30804145,-0.41902542,-0.99448448,0.10332623,0.018007159,0
3.173017,-3.2080941,2.1770105,-0.090395123,-0.93145132,0.35245863,0
-0.54660034,0.46173239,3.5120838,0.053191125,0.34888688,0.9356541,0
-1.2695975,4.493063,1.8512502,0.090395123,0.93145132,-0.35245863,0
-0.41446257,-3.4390845,0.61599302,-0.090395123,-0.93145132,0.35245863,0
-3.7300663,-1.5340391,-2.4395528,-0.99448448,0.10332623,0.018007159,0
3.5705991,1.1769543,-3.4544539,0.99448448,-0.10332623,-0.018007159,0
-2.9302311,-0.64530587,4.2422647,0.053191125,0.34888688,0.9356541,0
-0.66956258,-3.9464133,-0.84114259,-0.090395123,-0.93145132,0.35245863,0
1.9467778,0.16664267,-3.8374224,-0.053191125,-0.34888688,-0.9356541,0
-3.1515348,3.5353608,1.5936656,-0.99448448,0.10332623,0.018007159,0
-0.50660264,-3.2458172,1.0093029,-0.090395123,-0.93145132,0.35245863,0
-2.3243051,3.9262266,-0.095333815,0.090395123,0.93145132,-0.35245863,0
-2.0856264,-2.0263286,4.0216322,-0.090395123,-0.93145132,0.35245863,0
-3.5445585,-0.048144102,2.7518589,-0.99448448,0.10332623,0.018007159,0
-3.6955311,-2.6044745,-2.6229744,-0.053191125,-0.34888688,-0.9356541,0
-1.3856783,0.16958308,3.6581621,0.053191125,0.34888688,0.9356541,0
-3.171216,-2.4302373,2.7277622,-0.090395123,-0.93145132,0.35245863,0
-3.4782596,0.76556361,2.8807428,-0.99448448,0.10332623,0.018007159,0
2.5683846,-1.5051098,4.2293215,0.053191125,0.34888688,0.9356541,0
-0.73599029,4.4175239,1.3338888,0.090395123,0.93145132,-0.35245863,0
-0.50650305,-2.8809524,2.3076878,-0.090395123,-0.93145132,0.35245863,0
-2.2331274,2.422539,-4.0894413,0.090395123,0.93145132,-0.35245863,0
3.1987958,-2.1884744,-2.8236001,0.99448448,-0.10332623,-0.018007159,0
-2.6218247,-2.0123606,4.0880442,-0.090395123,-0.93145132,0.35245863,0
3.1937237,3.5603199,0.44729495,0.090395123,0.93145132,-0.35245863,0
-3.5887506,-0.70276737,1.2199433,-0.99448448,0.10332623,0.018007159,0
0.049352169,2.5861261,-2.8825121,0.090395123,0.93145132,-0.35245863,0
3.7026434,1.8635011,-3.5743399,0.99448448,-0.10332623,-0.018007159,0
3.498286,-0.63877654,3.0584986,0.99448448,-0.10332623,-0.018007159,0
-1.4797702,4.3603854,2.1332974,0.053191125,0.34888688,0.9356541,0
-3.6779008,-0.73222506,-1.9487026,-0.99448448,0.10332623,0.018007159,0
-0.12262845,-0.97037607,-3.31146,-0.053191125,-0.34888688,-0.9356541,0
0.18815684,2.598731,-3.2958114,0.090395123,0.93145132,-0.35245863,0
-0.6894722,1.3642802,-4.2671328,-0.053191125,-0.34888688,-0.9356541,0
-3.1258676,3.0560451,0.37645054,-0.99448448,0.10332623,0.018007159,0
-3.4159336,2.4521072,-3.9008458,-0.99448448,0.10332623,0.018007159,0
-0.035073519,-3.7074912,-0.10816312,-0.090395123,-0.93145132,0.35245863,0
0.96926212,-3.7509305,-2.4926579,-0.053191125,-0.34888688,-0.9356541,0
-3.8517113,-2.4132211,-1.1920464,-0.99448448,0.10332623,0.018007159,0
2.1388054,-4.6321173,-1.4873781,-0.090395123,-0.93145132,0.35245863,0
1.7940698,-3.68539,-2.5652227,-0.053191125,-0.34888688,-0.9356541,0
3.8450959,3.3880453,1.9039998,0.99448448,-0.10332623,-0.018007159,0
3.8725116,2.9974811,0.21728444,0.99448448,-0.10332623,-0.018007159,0
2.7468462,2.5450392,-2.6425252,0.090395123,0.93145132,-0.35245863,0
-0.66954035,2.8709383,-2.515975,0.090395123,0.93145132,-0.35245863,0
-2.3836069,-3.0010304,1.4364922,-0.090395123,-0.93145132,0.35245863,0
-0.92214751,-2.6273577,-2.6181521,-0.053191125,-0.34888688,-0.9356541,0
-1.9139307,-2.7887487,2.0900459,-0.090395123,-0.93145132,0.35245863,0
3.484261,0.081878662,-2.9100559,0.99448448,-0.10332623,-0.018007159,0
1.9390888,-4.3709736,-1.0417683,-0.090395123,-0.93145132,0.35245863,0
3.3631406,-2.0246897,3.3364584,0.99448448,-0.10332623,-0.018007159,0
-3.1912143,2.7926853,0.67794108,-0.99448448,0.10332623,0.018007159,0
3.7733173,1.693862,0.97719669,0.99448448,-0.10332623,-0.018007159,0
3.4455781,3.6555474,0.61871719,0.090395123,0.93145132,-0.35245863,0
1.1187561,0.93717241,3.287082,0.053191125,0.34888688,0.9356541,0
-2.1997771,3.8401461,-0.30405712,0.090395123,0.93145132,-0.35245863,0
-3.481622,0.024356365,3.7232869,-0.99448448,0.10332623,0.018007159,0
-3.2475104,2.2081146,-3.1646788,-0.99448448,0.10332623,0.018007159,0
1.7452161,-0.83097309,-3.458952,-0.053191125,-0.34888688,-0.9356541,0
1.9242224,-2.6431816,3.2172995,-0.090395123,-0.93145132,0.35245863,0
-1.4801342,-2.8060322,-2.6338835,-0.053191125,-0.34888688,-0.9356541,0
2.9907951,2.1443319,2.6928985,0.053191125,0.34888688,0.9356541,0
-3.7283757,-2.3043494,-0.0089879036,-0.99448448,0.10332623,0.018007159,0
-2.7219827,2.5519969,2.9066608,0.053191125,0.34888688,0.9356541,0
-2.2583349,-0.99034429,-3.2626777,-0.053191125,-0.34888688,-0.9356541,0
-3.2311954,-2.1444941,-2.7727342,-0.053191125,-0.34888688,-0.9356541,0
1.5017322,1.0237532,3.2115095,0.053191125,0.34888688,0.9356541,0
-3.7655287,-1.0536923,-2.2532852,-0.99448448,0.10332623,0.018007159,0
3.4648499,-0.24770641,-2.2364292,0.99448448,-0.10332623,-0.018007159,0
-2.6875484,3.7746751,2.3972783,0.053191125,0.34888688,0.9356541,0
3.6913328,2.0010784,0.24672103,0.99448448,-0.10332623,-0.018007159,0
2.3672833,2.8239641,-1.7878979,0.090395123,0.93145132,-0.35245863,0
-3.5584252,0.1339801,0.26204681,-0.99448448,0.10332623,0.018007159,0
3.6900425,0.57999396,0.86403418,0.99448448,-0.10332623,-0.018007159,0
-2.4511909,2.4055591,-4.4298368,0.090395123,0.93145132,-0.35245863,0
-0.80182123,3.2568414,-1.2532411,0.090395123,0.93145132,-0.35245863,0
2.3908641,-1.3763213,4.0518727,0.053191125,0.34888688,0.9356541,0
-3.9525752,-3.5991292,-0.6276319,-0.99448448,0.10332623,0.018007159,0
3.2923257,-2.043905,4.0466332,0.99448448,-0.10332623,-0.018007159,0
-3.5085969,-4.0595331,-1.7580415,-0.090395123,-0.93145132,0.35245863,0
-3.635695,-1.2687358,-0.91346121,-0.99448448,0.10332623,0.018007159,0
-0.1457746,-3.0092111,-2.6702552,-0.053191125,-0.34888688,-0.9356541,0
-3.1951265,2.7042208,-0.23223686,-0.99448448,0.10332623,0.018007159,0
1.4897236,2.1844301,-3.5155747,0.090395123,0.93145132,-0.35245863,0
-0.050503254,3.847492,0.31491601,0.090395123,0.93145132,-0.35245863,0
-3.2293911,-3.486078,-0.28670156,-0.090395123,-0.93145132,0.35245863,0
-1.9122419,0.96316993,3.3929214,0.053191125,0.34888688,0.9356541,0
1.8352454,1.2435908,3.0986652,0.053191125,0.34888688,0.9356541,0
0.94185948,1.2281487,-4.2347941,-0.053191125,-0.34888688,-0.9356541,0
-1.2493827,-2.1346087,4.23734,-0.090395123,-0.93145132,0.35245863,0
-1.7851111,1.211746,-4.1287069,-0.053191125,-0.34888688,-0.9356541,0
-3.7111812,-2.6765957,1.7745008,-0.99448448,0.10332623,0.018007159,0
3.6606164,1.5159535,0.038273335,0.99448448,-0.10332623,-0.018007159,0
3.5169172,-0.2663599,0.84983945,0.99448448,-0.10332623,-0.018007159,0
-0.41607785,-3.9717181,-0.60727394,-0.090395123,-0.93145132,0.35245863,0
0.99801469,-1.0947216,4.0161023,0.053191125,0.34888688,0.9356541,0
-3.085794,3.0848405,2.4216433,-0.99448448,0.10332623,0.018007159,0
-3.6399827,-0.10387561,-2.6490397,-0.99448448,0.10332623,0.018007159,0
2.1250222,-0.67947066,-3.6002181,-0.053191125,-0.34888688,-0.9356541,0
-1.092412,4.516161,1.9454057,0.090395123,0.93145132,-0.35245863,0
-3.4404159,-0.44704151,2.5927894,-0.99448448,0.10332623,0.018007159,0
2.6298745,0.97874641,3.2520859,0.053191125,0.34888688,0.9356541,0
3.1743321,2.681591,-1.7495928,0.090395123,0.93145132,-0.35245863,0
-1.5138879,-1.8000436,4.5905972,0.053191125,0.34888688,0.9356541,0
0.85041142,-2.0294485,-3.0852685,-0.053191125,-0.34888688,-0.9356541,0
-1.2072917,0.38455248,-3.7402744,-0.053191125,-0.34888688,-0.9356541,0
2.3229365,2.5983591,-2.2001286,0.090395123,0.93145132,-0.35245863,0
3.553334,0.96059823,-1.0789924,0.99448448,-0.10332623,-0.018007159,0
-1.9562726,-3.2082388,0.88001746,-0.090395123,-0.93145132,0.35245863,0
-0.41982532,2.1641536,3.0273948,0.053191125,0.34888688,0.9356541,0
2.23124,-3.1122406,-2.6617413,-0.053191125,-0.34888688,-0.9356541,0
-2.3937654,-0.01326704,-3.5410619,-0.053191125,-0.34888688,-0.9356541,0
0.3098228,-3.7969692,0.024501562,-0.090395123,-0.93145132,0.35245863,0
-0.39877486,4.0650291,0.57652712,0.090395123,0.93145132,-0.35245863,0
-2.9490528,-3.0973485,0.85230827,-0.090395123,-0.93145132,0.35245863,0
-0.45946884,-2.0701103,-3.0314398,-0.053191125,-0.34888688,-0.9356541,0
-0.91129386,-3.5689287,0.041577369,-0.090395123,-0.93145132,0.35245863,0
1.4606481,3.7421432,0.42440274,0.090395123,0.93145132,-0.35245863,0
3.8681259,3.604924,0.93128169,0.99448448,-0.10332623,-0.018007159,0
-3.5177631,-1.0193286,0.59461951,-0.99448448,0.10332623,0.018007159,0
1.1530242,2.8331268,-2.1746984,0.090395123,0.93145132,-0.35245863,0
-1.1987268,3.1077666,-2.0487926,0.090395123,0.93145132,-0.35245863,0
-2.0285511,4.0138445,0.17500591,0.090395123,0.93145132,-0.35245863,0
0.7127037,-3.8987677,-0.22940028,-0.090395123,-0.93145132,0.35245863,0
-0.02926302,2.4315574,2.7351468,0.053191125,0.34888688,0.9356541,0
3.0163543,-4.3669019,-1.7458396,0.99448448,-0.10332623,-0.018007159,0
3.2998333,-1.8420919,1.3923013,0.99448448,-0.10332623,-0.018007159,0
3.2510643,1.3334326,3.0413525,0.053191125,0.34888688,0.9356541,0
1.3352704,-4.1150637,-0.76514173,-0.090395123,-0.93145132,0.35245863,0
-3.4166391,0.30278409,0.18912339,-0.99448448,0.10332623,0.018007159,0
2.5497851,-1.8335267,-3.1364391,-0.053191125,-0.34888688,-0.9356541,0
2.1093955,-0.76597166,4.0122786,0.053191125,0.34888688,0.9356541,0
1.2386732,4.2241735,1.4622263,0.090395123,0.93145132,-0.35245863,0
3.4851885,0.44817358,3.3526711,0.053191125,0.34888688,0.9356541,0
1.8541772,2.7441456,2.5260553,0.053191125,0.34888688,0.9356541,0
2.5108299,2.7220192,-2.2942457,0.090395123,0.93145132,-0.35245863,0
1.688289,-3.7558608,0.35731745,-0.090395123,-0.93145132,0.35245863,0
-0.51418447,3.5262051,-0.59941161,0.090395123,0.93145132,-0.35245863,0
-1.2188175,3.0765958,-1.9537793,0.090395123,0.93145132,-0.35245863,0
2.7797685,-3.9221547,0.25683856,-0.090395123,-0.93145132,0.35245863,0
3.3523517,-2.4268098,-0.063407898,0.99448448,-0.10332623,-0.018007159,0
-1.1782393,2.9257565,-2.7073162,0.090395123,0.93145132,-0.35245863,0
3.6032746,0.38961577,-3.0775776,0.99448448,-0.10332623,-0.018007159,0
-1.3575145,-4.0111647,-0.97871441,-0.090395123,-0.93145132,0.35245863,0
-3.5190296,-0.58719206,-2.0034337,-0.99448448,0.10332623,0.018007159,0
-3.5311923,0.14215207,-2.82934,-0.99448448,0.10332623,0.018007159,0
2.2395258,-4.5915813,-2.2239239,-0.053191125,-0.34888688,-0.9356541,0
-2.5524304,-3.9137106,-2.2278016,-0.053191125,-0.34888688,-0.9356541,0
-3.1064193,3.4388428,0.95682526,-0.99448448,0.10332623,0.018007159,0
2.8384113,3.2912304,-0.59017491,0.090395123,0.93145132,-0.35245863,0
3.6196351,0.075299382,-0.041014194,0.99448448,-0.10332623,-0.018007159,0
-3.877274,-2.8522618,0.25827837,-0.99448448,0.10332623,0.018007159,0
-2.6035945,3.2820029,-1.9457891,0.090395123,0.93145132,-0.35245863,0
3.2875905,-2.8178115,1.0278649,0.99448448,-0.10332623,-0.018007159,0
-1.4517589,-2.9757757,1.8045266,-0.090395123,-0.93145132,0.35245863,0
-2.0318637,-0.50622725,4.0802317,0.053191125,0.34888688,0.9356541,0
-2.7075717,3.3779614,-1.7347007,0.090395123,0.93145132,-0.35245863,0
-3.560441,-0.86393076,-3.143856,-0.053191125,-0.34888688,-0.9356541,0
-2.8603306,4.7558107,1.7698646,0.090395123,0.93145132,-0.35245863,0
-3.6360121,-0.40194982,-1.2676375,-0.99448448,0.10332623,0.018007159,0
3.6980007,2.3749199,-2.0411043,0.99448448,-0.10332623,-0.018007159,0
2.1212771,3.5197716,-0.23793089,0.090395123,0.93145132,-0.35245863,0
0.81045818,-4.5008516,-2.1902852,-0.053191125,-0.34888688,-0.9356541,0
3.6757407,1.0211145,1.2219348,0.99448448,-0.10332623,-0.018007159,0
2.9259124,1.7833319,-4.2423606,0.090395123,0.93145132,-0.35245863,0
-0.24644898,3.1671546,-1.8308794,0.090395123,0.93145132,-0.35245863,0
3.7181835,2.3399479,-0.74246836,0.99448448,-0.10332623,-0.018007159,0
-1.1779366,2.5237169,-3.7096853,0.090395123,0.93145132,-0.35245863,0
2.1035216,-3.6861441,-2.5480077,-0.053191125,-0.34888688,-0.9356541,0
3.3061075,-1.1933044,-3.3224852,0.99448448,-0.10332623,-0.018007159,0
2.2583513,2.9681108,-1.2719798,0.090395123,0.93145132,-0.35245863,0
-3.3811784,1.19629,1.0949819,-0.99448448,0.10332623,0.018007159,0
0.55996203,-2.3316169,3.7952182,-0.090395123,-0.93145132,0.35245863,0
-3.8040807,-1.6411263,-1.9769199,-0.99448448,0.10332623,0.018007159,0
-3.1059453,-3.850903,-0.79048717,-0.090395123,-0.93145132,0.35245863,0
-3.5056448,-0.63104105,2.398411,-0.99448448,0.10332623,0.018007159,0
-1.2753382,-2.6325965,2.658314,-0.090395123,-0.93145132,0.35245863,0
-0.71663332,-2.2897038,-2.7674091,-0.053191125,-0.34888688,-0.9356541,0
2.1796684,-2.8225851,2.8754132,-0.090395123,-0.93145132,0.35245863,0
-0.8581171,1.532172,-4.239336,-0.053191125,-0.34888688,-0.9356541,0
-2.9360404,1.6597061,-4.1632538,-0.053191125,-0.34888688,-0.9356541,0
1.9280044,-1.699398,4.3002224,0.053191125,0.34888688,0.9356541,0
-3.687006,-1.7505207,4.5468874,-0.99448448,0.10332623,0.018007159,0
2.5877104,-3.5120809,1.5612497,-0.090395123,-0.93145132,0.35245863,0
-1.4688003,1.987993,3.1415405,0.053191125,0.34888688,0.9356541,0
1.4529624,-4.1311717,-2.3529494,-0.053191125,-0.34888688,-0.9356541,0
-3.0981836,2.8568082,1.7440779,-0.99448448,0.10332623,0.018007159,0
3.3447292,-2.718713,2.5396376,0.99448448,-0.10332623,-0.018007159,0
-1.2922921,-2.7097902,-2.6666086,-0.053191125,-0.34888688,-0.9356541,0
3.3409863,-2.1634398,-0.44631529,0.99448448,-0.10332623,-0.018007159,0
1.4213507,2.4417286,-3.1779335,0.090395123,0.93145132,-0.35245863,0
-3.1449742,3.3429732,0.099868298,-0.99448448,0.10332623,0.018007159,0
-1.4104028,-4.190114,-1.5429645,-0.090395123,-0.93145132,0.35245863,0
3.6666126,1.0930803,2.9386463,0.99448448,-0.10332623,-0.018007159,0
1.9437163,1.8016567,-4.4553924,0.090395123,0.93145132,-0.35245863,0
-3.2455559,-3.2276769,0.68952608,-0.090395123,-0.93145132,0.35245863,0
-2.9734025,-3.2722116,0.37524211,-0.090395123,-0.93145132,0.35245863,0
3.0415695,3.5373058,2.3085618,0.053191125,0.34888688,0.9356541,0
-3.2932935,1.8778981,-0.3897233,-0.99448448,0.10332623,0.018007159,0
1.1325872,-3.1736448,-2.7034609,-0.053191125,-0.34888688,-0.9356541,0
3.2261229,-3.4026833,1.5026734,-0.090395123,-0.93145132,0.35245863,0
-3.373446,-2.4446213,-2.602663,-0.053191125,-0.34888688,-0.9356541,0
3.6622963,1.2903138,2.6644459,0.99448448,-0.10332623,-0.018007159,0
2.4574652,2.7917771,2.6542811,0.053191125,0.34888688,0.9356541,0
-3.299325,-1.4083228,-3.0616741,-0.053191125,-0.34888688,-0.9356541,0
-1.0161088,-2.322835,-2.7244148,-0.053191125,-0.34888688,-0.9356541,0
-3.3136644,1.929991,-1.9843378,-0.99448448,0.10332623,0.018007159,0
1.2905059,1.4541376,3.1114192,0.053191125,0.34888688,0.9356541,0
1.2607725,3.087014,-1.5043061,0.090395123,0.93145132,-0.35245863,0
-0.6165936,2.247921,-4.2187109,0.090395123,0.93145132,-0.35245863,0
2.112272,2.6198382,-2.612148,0.090395123,0.93145132,-0.35245863,0
-3.4831145,-0.79473138,3.427213,-0.99448448,0.10332623,0.018007159,0
-2.3072591,-2.6856904,1.9928626,-0.090395123,-0.93145132,0.35245863,0
3.6826301,0.53192461,1.7716072,0.99448448,-0.10332623,-0.018007159,0
3.2019196,3.059926,2.3823617,0.053191125,0.34888688,0.9356541,0
1.1266086,3.7828705,0.5814867,0.090395123,0.93145132,-0.35245863,0
3.2926762,-1.8528836,0.12057686,0.99448448,-0.10332623,-0.018007159,0
3.3559675,3.1564498,-0.62407374,0.090395123,0.93145132,-0.35245863,0
-3.8736007,-2.4875972,-1.5222501,-0.99448448,0.10332623,0.018007159,0
-1.5260217,-3.8831294,-0.70843935,-0.090395123,-0.93145132,0.35245863,0
-2.2822981,-1.4083834,4.4363356,0.053191125,0.34888688,0.9356541,0
-0.074817181,-3.569948,-2.4600191,-0.053191125,-0.34888688,-0.9356541,0
-3.1821826,2.1287141,0.91781974,-0.99448448,0.10332623,0.018007159,0
-2.8247843,-2.9366693,-2.5217142,-0.053191125,-0.34888688,-0.9356541,0
0.3947444,-2.7710159,2.7268982,-0.090395123,-0.93145132,0.35245863,0
3.7435448,2.7484124,-0.27781153,0.99448448,-0.10332623,-0.018007159,0
-3.0875874,4.0237064,1.1656713,-0.99448448,0.10332623,0.018007159,0
-1.9557031,3.9084296,-0.29560113,0.090395123,0.93145132,-0.35245863,0
-2.4785423,-2.0785642,-2.8779202,-0.053191125,-0.34888688,-0.9356541,0
1.7893946,1.0950198,3.1796269,0.053191125,0.34888688,0.9356541,0
2.8658085,0.51472479,3.3783562,0.053191125,0.34888688,0.9356541,0
3.7104788,2.6285841,-0.67649603,0.99448448,-0.10332623,-0.018007159,0
2.5042641,2.8599358,-1.7059319,0.090395123,0.93145132,-0.35245863,0
0.75919533,-3.057184,2.269022,-0.090395123,-0.93145132,0.35245863,0
3.7174702,2.0419915,-0.51302576,0.99448448,-0.10332623,-0.018007159,0
3.5695269,1.8265195,-3.0135577,0.99448448,-0.10332623,-0.018007159,0
0.55153215,-3.6634338,0.17021978,-0.090395123,-0.93145132,0.35245863,0
1.3760622,-0.36440301,-3.7554684,-0.053191125,-0.34888688,-0.9356541,0
2.6586442,-1.6683453,-3.2122099,-0.053191125,-0.34888688,-0.9356541,0
-0.9452672,1.1186124,3.3909907,0.053191125,0.34888688,0.9356541,0
-0.75749612,2.9301875,-2.5320628,0.090395123,0.93145132,-0.35245863,0
-1.1271973,-3.4836562,0.47818053,-0.090395123,-0.93145132,0.35245863,0
2.2842646,-1.7502699,4.3292279,0.053191125,0.34888688,0.9356541,0
-3.3058445,2.3007605,-2.6609159,-0.99448448,0.10332623,0.018007159,0
-2.1954386,1.9575031,3.053355,0.053191125,0.34888688,0.9356541,0
2.0292859,1.8470769,-4.5128107,-0.053191125,-0.34888688,-0.9356541,0
-0.52235985,2.8076091,2.6330333,0.053191125,0.34888688,0.9356541,0
2.2531812,-4.4251232,-0.91120744,-0.090395123,-0.93145132,0.35245863,0
-2.7078414,-4.0634899,-1.7744449,-0.090395123,-0.93145132,0.35245863,0
0.4026159,-2.6753607,3.1913772,-0.090395123,-0.93145132,0.35245863,0
3.3420606,-1.6963199,-2.0293367,0.99448448,-0.10332623,-0.018007159,0
2.7624979,-3.5576775,1.2912991,-0.090395123,-0.93145132,0.35245863,0
3.4739316,0.64672327,-2.9309394,0.99448448,-0.10332623,-0.018007159,0
-1.9804169,-1.5405048,-3.0818386,-0.053191125,-0.34888688,-0.9356541,0
-2.6412537,2.7325947,2.7936401,0.053191125,0.34888688,0.9356541,0
-2.6923461,-3.1873105,0.80088246,-0.090395123,-0.93145132,0.35245863,0
-0.39543197,-3.2927172,1.3525295,-0.090395123,-0.93145132,0.35245863,0
3.5955963,0.45537877,-2.4403391,0.99448448,-0.10332623,-0.018007159,0
-0.18463659,3.5345592,-0.35755444,0.090395123,0.93145132,-0.35245863,0
-0.92683554,-1.4009264,-3.068048,-0.053191125,-0.34888688,-0.9356541,0
3.6330788,1.6949546,2.8104877,0.053191125,0.34888688,0.9356541,0
3.6158905,3.1002955,-0.82944584,0.090395123,0.93145132,-0.35245863,0
-2.9622655,-0.27051657,-3.3814123,-0.053191125,-0.34888688,-0.9356541,0
-2.5260155,-1.2773266,4.300539,0.053191125,0.34888688,0.9356541,0
-3.6515131,-1.0186303,0.07546854,-0.99448448,0.10332623,0.018007159,0
-3.7266624,-1.5938509,-0.71044135,-0.99448448,0.10332623,0.018007159,0
3.2299612,2.7000117,-1.6931837,0.090395123,0.93145132,-0.35245863,0
-3.6472385,-1.2350519,1.6673529,-0.99448448,0.10332623,0.018007159,0
-1.2508667,2.4213119,2.8628235,0.053191125,0.34888688,0.9356541,0
-2.0464671,-2.2480192,3.4860754,-0.090395123,-0.93145132,0.35245863,0
2.5137172,-3.2564957,-2.7301295,-0.053191125,-0.34888688,-0.9356541,0
3.4520307,-1.3381436,1.6828084,0.99448448,-0.10332623,-0.018007159,0
-0.6247859,4.1950722,0.94822228,0.090395123,0.93145132,-0.35245863,0
-1.5387661,3.4801729,-0.94309008,0.090395123,0.93145132,-0.35245863,0
1.0602281,2.5989723,-2.8549542,0.090395123,0.93145132,-0.35245863,0
-3.5229301,-1.5340247,3.6423976,-0.99448448,0.10332623,0.018007159,0
1.1018198,0.15823007,3.7024469,0.053191125,0.34888688,0.9356541,0
2.0663478,1.9485822,-4.1176791,0.090395123,0.93145132,-0.35245863,0
1.33657,-3.1178877,-2.7517607,-0.053191125,-0.34888688,-0.9356541,0
1.7862887,-4.25807,-0.84695196,-0.090395123,-0.93145132,0.35245863,0
-3.1242533,-0.7884537,-3.2553849,-0.053191125,-0.34888688,-0.9356541,0
2.5974078,0.79757357,3.219281,0.053191125,0.34888688,0.9356541,0
-3.6170557,-4.1887913,-1.8172876,-0.090395123,-0.93145132,0.35245863,0
0.023105145,-2.9829705,-2.5600677,-0.053191125,-0.34888688,-0.9356541,0
2.5513828,3.3980837,-0.53550637,0.090395123,0.93145132,-0.35245863,0
2.6608288,3.5507343,7.2360039e-05,0.090395123,0.93145132,-0.35245863,0
1.0731266,-3.219564,-2.5956078,-0.053191125,-0.34888688,-0.9356541,0
3.4373367,0.72862267,-4.0762553,0.99448448,-0.10332623,-0.018007159,0
2.2839582,-2.2241623,4.5245638,0.053191125,0.34888688,0.9356541,0
-1.6383945,0.88497734,-4.0114985,-0.053191125,-0.34888688,-0.9356541,0
3.8655725,3.514595,1.1299309,0.99448448,-0.10332623,-0.018007159,0
-3.2795358,2.0301745,-3.8502047,-0.99448448,0.10332623,0.018007159,0
-3.296556,1.6502721,-4.1241546,-0.053191125,-0.34888688,-0.9356541,0
2.8827851,1.5522351,-4.4551253,-0.053191125,-0.34888688,-0.9356541,0
3.0214491,1.2863215,3.0988555,0.053191125,0.34888688,0.9356541,0
-1.8806427,3.3497994,-1.2797879,0.090395123,0.93145132,-0.35245863,0
0.54949576,-2.7738194,2.5391102,-0.090395123,-0.93145132,0.35245863,0
-3.1905625,2.0372903,0.95876026,-0.99448448,0.10332623,0.018007159,0
-3.7157726,-3.7192638,-0.65777791,-0.090395123,-0.93145132,0.35245863,0
-0.55466223,3.8010201,2.4019852,0.053191125,0.34888688,0.9356541,0
-3.5154777,-0.29051614,0.65154552,-0.99448448,0.10332623,0.018007159,0
-1.1972966,-0.037435532,3.8042183,0.053191125,0.34888688,0.9356541,0
