4.6949148,0.33007336,-2.0958166,0.86730212,0.47569016,-0.146649,0
-1.6829759,4.1588287,-1.268469,-0.43997589,0.59476781,-0.67280936,0
-0.74518299,-4.6484942,-2.2151563,0.23282671,-0.64805096,-0.72513562,0
-4.9934797,-0.092445374,1.1419959,-0.86730212,-0.47569016,0.146649,0
-2.2509851,-4.9185677,-2.5974693,0.23282671,-0.64805096,-0.72513562,0
-3.7330046,-1.0297208,-4.3447733,-0.43997589,0.59476781,-0.67280936,0
-0.29487133,-1.7601911,-4.7253256,0.23282671,-0.64805096,-0.72513562,0
0.19040072,-4.7512326,1.7489793,0.43997589,-0.59476781,0.67280936,0
-4.3193054,-2.7264709,-3.1731324,-0.86730212,-0.47569016,0.146649,0
-3.1271396,-3.4452004,0.67399621,-0.86730212,-0.47569016,0.146649,0
-0.0053939819,-0.32094181,-5.9858189,0.23282671,-0.64805096,-0.72513562,0
-1.9532213,4.4955187,1.5915371,-0.23282671,0.64805096,0.72513562,0
-3.9647665,-3.6379642,-4.0740752,-0.86730212,-0.47569016,0.146649,0
1.0093074,7.3078499,0.049358368,-0.23282671,0.64805096,0.72513562,0
0.2993722,0.98452049,5.5399389,-0.23282671,0.64805096,0.72513562,0
4.3734527,-2.1297112,-2.8725843,0.23282671,-0.64805096,-0.72513562,0
0.080483675,-2.1278653,4.0773954,0.43997589,-0.59476781,0.67280936,0
5.7461548,-2.0027156,-2.698318,0.23282671,-0.64805096,-0.72513562,0
-2.5610795,4.8869481,0.02177906,-0.43997589,0.59476781,-0.67280936,0
3.7417977,1.308701,-4.0939445,0.86730212,0.47569016,-0.146649,0
-5.2431221,-1.0151896,-3.52197,-0.43997589,0.59476781,-0.67280936,0
5.4291239,-1.0296378,-1.8497572,0.86730212,0.47569016,-0.146649,0
-0.029489994,-5.9594812,0.79286355,0.43997589,-0.59476781,0.67280936,0
-3.0013876,-1.2208819,-5.2086563,-0.43997589,0.59476781,-0.67280936,0
-1.1190085,-0.31435895,-5.5299225,-0.43997589,0.59476781,-0.67280936,0
-3.6922765,0.53797901,4.5353465,-0.23282671,0.64805096,0.72513562,0
-5.8941498,3.4777439,1.1662936,-0.23282671,0.64805096,0.72513562,0
1.776005,6.1885757,-0.65583718,0.86730212,0.47569016,-0.146649,0
-2.0775392,-5.3808537,0.48681569,-0.86730212,-0.47569016,0.146649,0
2.4776022,-0.79405272,-4.7664156,0.23282671,-0.64805096,-0.72513562,0
4.9843431,-3.934561,-0.79323292,0.43997589,-0.59476781,0.67280936,0
-1.6194715,3.1571794,-2.2289824,-0.43997589,0.59476781,-0.67280936,0
-1.8478308,-2.1489911,-4.9758863,0.23282671,-0.64805096,-0.72513562,0
1.2988119,1.8250034,-5.1946945,-0.43997589,0.59476781,-0.67280936,0
-0.31531906,1.8651216,4.5196729,-0.23282671,0.64805096,0.72513562,0
4.715095,-1.4152186,-3.3275714,0.23282671,-0.64805096,-0.72513562,0
2.9332764,-0.25292116,-4.9651651,0.23282671,-0.64805096,-0.72513562,0
-5.3557549,-0.48656487,-2.4916835,-0.86730212,-0.47569016,0.146649,0
-0.64998245,-1.6651955,4.9832468,0.43997589,-0.59476781,0.67280936,0
0.74841452,-0.82031155,4.7035909,0.43997589,-0.59476781,0.67280936,0
-0.26535988,1.5779669,4.8275461,-0.23282671,0.64805096,0.72513562,0
2.1985359,-2.7596564,2.1633747,0.43997589,-0.59476781,0.67280936,0
1.0820363,6.0107393,-1.2271371,-0.43997589,0.59476781,-0.67280936,0
-0.91435635,2.2984185,-3.4373121,-0.43997589,0.59476781,-0.67280936,0
3.143513,-3.6864467,0.77315736,0.43997589,-0.59476781,0.67280936,0
-3.7926083,-1.0954129,4.4828424,-0.86730212,-0.47569016,0.146649,0
0.07350421,-4.6101384,1.6880608,0.43997589,-0.59476781,0.67280936,0
-1.5681009,-2.9841316,-4.0816679,0.23282671,-0.64805096,-0.72513562,0
2.0395725,-0.90099788,-4.7802811,0.23282671,-0.64805096,-0.72513562,0
3.4659047,-4.6443963,-0.96654391,0.23282671,-0.64805096,-0.72513562,0
2.6833944,0.51610303,4.70333,0.43997589,-0.59476781,0.67280936,0
2.5572553,-1.9866335,2.6210337,0.43997589,-0.59476781,0.67280936,0
1.726524,3.9875622,-3.6408355,-0.43997589,0.59476781,-0.67280936,0
3.3516824,0.36238456,4.1780739,0.43997589,-0.59476781,0.67280936,0
-1.5585556,-6.7621427,-0.76023698,0.23282671,-0.64805096,-0.72513562,0
2.1748075,6.0819063,1.2665143,0.86730212,0.47569016,-0.146649,0
-1.7643337,3.3968928,2.5690007,-0.23282671,0.64805096,0.72513562,0
3.2475982,2.497611,5.0971632,-0.23282671,0.64805096,0.72513562,0
-5.2817345,0.44486547,1.3831372,-0.86730212,-0.47569016,0.146649,0
2.9737298,2.0514636,-5.9977756,-0.43997589,0.59476781,-0.67280936,0
-2.63043,3.960412,-0.77332938,-0.43997589,0.59476781,-0.67280936,0
-1.7734332,-3.6164513,-3.5132504,0.23282671,-0.64805096,-0.72513562,0
-3.6822116,-1.8148314,3.4047832,-0.86730212,-0.47569016,0.146649,0
0.56778789,-0.85550034,4.8671923,0.43997589,-0.59476781,0.67280936,0
1.6198657,6.2230349,-1.2949963,0.86730212,0.47569016,-0.146649,0
2.4106846,5.1825895,2.2185485,-0.23282671,0.64805096,0.72513562,0
-0.30855846,4.4923143,1.9586499,-0.23282671,0.64805096,0.72513562,0
4.7951899,-0.033720255,2.6310761,0.43997589,-0.59476781,0.67280936,0
-3.4320254,-3.2922239,0.080891132,-0.86730212,-0.47569016,0.146649,0
3.9766579,1.4619983,-2.0112672,0.86730212,0.47569016,-0.146649,0
-4.0978594,-1.2372241,3.0885694,-0.86730212,-0.47569016,0.146649,0
-0.60249805,-0.40776145,6.1250896,0.43997589,-0.59476781,0.67280936,0
1.5619078,-4.4376063,-1.7606204,0.23282671,-0.64805096,-0.72513562,0
-4.2898245,-3.0405991,-4.7970443,-0.86730212,-0.47569016,0.146649,0
0.31197751,-2.5355182,3.5535207,0.43997589,-0.59476781,0.67280936,0
0.51156425,-4.6854682,-1.7217469,0.23282671,-0.64805096,-0.72513562,0
-2.1784382,5.2470722,0.8519187,-0.23282671,0.64805096,0.72513562,0
0.84520578,-4.5313191,1.3314323,0.43997589,-0.59476781,0.67280936,0
-3.9956048,-1.271394,2.6051641,-0.86730212,-0.47569016,0.146649,0
-3.4811621,1.1295615,4.1000195,-0.23282671,0.64805096,0.72513562,0
-2.1241119,4.7013416,-0.50134623,-0.43997589,0.59476781,-0.67280936,0
-0.97108221,-2.1096714,-4.7508621,0.23282671,-0.64805096,-0.72513562,0
0.30166245,-6.6318655,-0.016343668,0.43997589,-0.59476781,0.67280936,0
3.1512389,0.90902996,4.6938629,0.43997589,-0.59476781,0.67280936,0
-1.3512383,-4.8362045,-2.4170382,0.23282671,-0.64805096,-0.72513562,0
2.2424414,4.2360806,-3.2690234,0.86730212,0.47569016,-0.146649,0
-1.9428763,0.54789853,-4.1412878,-0.43997589,0.59476781,-0.67280936,0
3.4168839,0.70874566,-5.755178,0.23282671,-0.64805096,-0.72513562,0
1.0651026,5.1735001,-2.1302476,-0.43997589,0.59476781,-0.67280936,0
-3.0297244,-1.5998255,6.6202555,0.43997589,-0.59476781,0.67280936,0
-1.0473416,2.3378367,-3.1035023,-0.43997589,0.59476781,-0.67280936,0
2.589782,-0.7899127,3.4865673,0.43997589,-0.59476781,0.67280936,0
1.7302347,-3.4257109,1.6936998,0.43997589,-0.59476781,0.67280936,0
2.75176,0.082657576,4.083744,0.43997589,-0.59476781,0.67280936,0
-5.003294,1.1142428,3.6991663,-0.23282671,0.64805096,0.72513562,0
3.475337,2.8555038,-0.50135922,0.86730212,0.47569016,-0.146649,0
-3.4092166,-2.8743067,0.71136165,-0.86730212,-0.47569016,0.146649,0
-1.3387251,1.3874913,-3.7903848,-0.43997589,0.59476781,-0.67280936,0
5.3562093,0.46651244,1.8630075,0.86730212,0.47569016,-0.146649,0
0.58275485,-1.4645878,4.2506971,0.43997589,-0.59476781,0.67280936,0
1.8799953,3.6521461,3.5356848,-0.23282671,0.64805096,0.72513562,0
2.2504034,5.8080978,0.90974236,0.86730212,0.47569016,-0.146649,0
3.2190952,4.2968059,2.613178,0.86730212,0.47569016,-0.146649,0
3.9869919,-2.4730911,1.2723224,0.43997589,-0.59476781,0.67280936,0
1.9729276,5.8659649,-0.12854218,0.86730212,0.47569016,-0.146649,0
-4.8838935,-0.74072337,-0.77103996,-0.86730212,-0.47569016,0.146649,0
3.7835717,-3.2288892,0.5063827,0.43997589,-0.59476781,0.67280936,0
-4.8521733,1.9283733,-1.2033288,-0.43997589,0.59476781,-0.67280936,0
-5.5816989,0.6469779,-1.6427584,-0.43997589,0.59476781,-0.67280936,0
-6.0450335,3.0333235,1.5772038,-0.23282671,0.64805096,0.72513562,0
6.209229,-1.9584861,-0.88932896,0.86730212,0.47569016,-0.146649,0
2.3545463,-1.5939901,-4.0445766,0.23282671,-0.64805096,-0.72513562,0
-1.7256768,-1.5475093,5.7005086,0.43997589,-0.59476781,0.67280936,0
-1.192275,5.3754525,1.1093965,-0.23282671,0.64805096,0.72513562,0
4.3070297,0.79496098,-2.3180604,0.86730212,0.47569016,-0.146649,0
-2.7599702,-2.8613834,-4.5278196,0.23282671,-0.64805096,-0.72513562,0
-4.7814741,-0.30046201,1.219944,-0.86730212,-0.47569016,0.146649,0
0.26521325,3.237864,-3.2934966,-0.43997589,0.59476781,-0.67280936,0
0.22766352,-3.6927905,-2.9575715,0.23282671,-0.64805096,-0.72513562,0
-0.14707828,1.0636808,-4.7775416,-0.43997589,0.59476781,-0.67280936,0
5.5599751,-0.1546526,1.8413081,0.86730212,0.47569016,-0.146649,0
0.12515306,4.3416386,2.344996,-0.23282671,0.64805096,0.72513562,0
-4.2571707,1.7138575,3.1726942,-0.23282671,0.64805096,0.72513562,0
2.9670293,2.583178,-5.088891,0.86730212,0.47569016,-0.146649,0
3.282145,4.1120973,2.0918779,0.86730212,0.47569016,-0.146649,0
1.3977065,6.6269131,-1.0253882,-0.43997589,0.59476781,-0.67280936,0
-1.5967245,1.657119,4.1005869,-0.23282671,0.64805096,0.72513562,0
-0.31280363,-3.1584656,3.3384728,0.43997589,-0.59476781,0.67280936,0
4.3072968,1.0633498,-1.4788246,0.86730212,0.47569016,-0.146649,0
-0.90013123,1.5362155,4.5620332,-0.23282671,0.64805096,0.72513562,0
-0.95391917,1.8291069,-3.7210383,-0.43997589,0.59476781,-0.67280936,0
-3.1445315,-3.4807608,0.3473587,-0.86730212,-0.47569016,0.146649,0
2.1913319,5.9281349,1.2125149,0.86730212,0.47569016,-0.146649,0
-1.0207162,1.0637214,4.8989491,-0.23282671,0.64805096,0.72513562,0
0.83689785,-5.0732841,-1.3525782,0.23282671,-0.64805096,-0.72513562,0
4.0199566,2.9096382,2.9279757,0.86730212,0.47569016,-0.146649,0
5.3618083,-3.5667191,-1.4010358,0.23282671,-0.64805096,-0.72513562,0
-2.7442856,3.3480225,-1.1632015,-0.43997589,0.59476781,-0.67280936,0
1.3561826,3.0996084,-4.1634121,-0.43997589,0.59476781,-0.67280936,0
3.5392003,3.8101463,2.1389966,0.86730212,0.47569016,-0.146649,0
-5.9906673,2.0829673,2.3000574,-0.23282671,0.64805096,0.72513562,0
-1.756597,-6.3347392,-1.2454004,0.23282671,-0.64805096,-0.72513562,0
-4.3345108,-1.2793695,1.4759378,-0.86730212,-0.47569016,0.146649,0
1.3305225,0.33095568,-6.1537056,0.23282671,-0.64805096,-0.72513562,0
-2.6129873,-0.10116068,5.552012,-0.23282671,0.64805096,0.72513562,0
3.3785553,1.6791868,5.3637924,0.43997589,-0.59476781,0.67280936,0
-5.512167,3.0921259,1.7834253,-0.23282671,0.64805096,0.72513562,0
2.5222566,3.8935213,-3.0520668,0.86730212,0.47569016,-0.146649,0
-2.379669,3.5045407,-1.4142473,-0.43997589,0.59476781,-0.67280936,0
-1.1874213,1.7482697,4.1919398,-0.23282671,0.64805096,0.72513562,0
3.9196804,1.165282,-3.4683201,0.86730212,0.47569016,-0.146649,0
-3.2603929,-4.1411648,-2.1140692,-0.86730212,-0.47569016,0.146649,0
-1.9558856,-2.8819082,4.5538983,0.43997589,-0.59476781,0.67280936,0
-1.9971881,-5.9844723,-0.99513745,-0.86730212,-0.47569016,0.146649,0
-0.21465063,-1.4987475,-4.9062724,0.23282671,-0.64805096,-0.72513562,0
-5.2881699,1.8705633,-0.8297019,-0.43997589,0.59476781,-0.67280936,0
4.0249653,3.3906784,3.762681,0.86730212,0.47569016,-0.146649,0
-6.2426252,2.9606957,0.76625443,-0.43997589,0.59476781,-0.67280936,0
-2.1869211,-4.4344673,-2.9750614,0.23282671,-0.64805096,-0.72513562,0
-1.9686449,-5.64884,0.34031248,-0.86730212,-0.47569016,0.146649,0
-4.1383142,-1.7081447,-4.6295576,-0.43997589,0.59476781,-0.67280936,0
1.2653966,-1.1026185,-4.9504523,0.23282671,-0.64805096,-0.72513562,0
0.68602133,-1.6901909,4.0657945,0.43997589,-0.59476781,0.67280936,0
-2.5496891,1.5603776,-2.9928637,-0.43997589,0.59476781,-0.67280936,0
2.5475464,3.5089324,-3.9131544,0.86730212,0.47569016,-0.146649,0
-3.9851468,-0.68971848,-4.0707941,-0.43997589,0.59476781,-0.67280936,0
-0.41438103,-2.1918626,4.2185578,0.43997589,-0.59476781,0.67280936,0
3.1974044,4.3709908,2.6999273,0.86730212,0.47569016,-0.146649,0
5.7423964,-1.4146321,-0.68226719,0.86730212,0.47569016,-0.146649,0
2.4250069,-2.3935237,-3.1541691,0.23282671,-0.64805096,-0.72513562,0
2.6370258,5.1837163,2.4382668,-0.23282671,0.64805096,0.72513562,0
-0.44628286,0.5299145,5.5140562,-0.23282671,0.64805096,0.72513562,0
3.854368,-1.8079286,1.9670401,0.43997589,-0.59476781,0.67280936,0
-4.7127762,-0.59922981,1.2222047,-0.86730212,-0.47569016,0.146649,0
3.9701228,3.6314416,4.0095625,0.86730212,0.47569016,-0.146649,0
3.0313995,3.790468,-0.11731315,0.86730212,0.47569016,-0.146649,0
-2.6781497,-3.0471909,-4.2433195,0.23282671,-0.64805096,-0.72513562,0
-2.3078671,-1.7226113,-5.426981,0.23282671,-0.64805096,-0.72513562,0
4.2224283,1.6505312,-0.52898169,0.86730212,0.47569016,-0.146649,0
-1.5431893,5.6127925,0.024241328,-0.43997589,0.59476781,-0.67280936,0
1.659986,6.5603299,0.76781893,-0.23282671,0.64805096,0.72513562,0
2.9511747,4.6229997,3.0813451,-0.23282671,0.64805096,0.72513562,0
-5.5358424,0.0051655769,-2.2560725,-0.86730212,-0.47569016,0.146649,0
-2.1073112,-3.2085204,-3.9045148,0.23282671,-0.64805096,-0.72513562,0
-0.44569874,2.1875858,4.1441293,-0.23282671,0.64805096,0.72513562,0
-4.3542643,-2.2313929,-2.9776385,-0.86730212,-0.47569016,0.146649,0
-0.61670542,0.74207783,-5.0012007,-0.43997589,0.59476781,-0.67280936,0
0.012078762,6.0759935,-0.61661249,-0.43997589,0.59476781,-0.67280936,0
0.22186422,-6.0569944,-0.74250454,0.23282671,-0.64805096,-0.72513562,0
5.1445847,-0.40749884,-0.92813492,0.86730212,0.47569016,-0.146649,0
-3.530786,-1.6027815,4.5928364,-0.86730212,-0.47569016,0.146649,0
-2.088346,-0.94587803,-5.3604617,-0.43997589,0.59476781,-0.67280936,0
-0.93301773,3.7576389,2.5751348,-0.23282671,0.64805096,0.72513562,0
5.18257,0.51252341,1.1303382,0.86730212,0.47569016,-0.146649,0
-1.5475321,5.1561723,1.1325853,-0.23282671,0.64805096,0.72513562,0
-3.2412937,-2.4124398,4.3242044,-0.86730212,-0.47569016,0.146649,0
5.9823694,-1.4542983,0.6047411,0.43997589,-0.59476781,0.67280936,0
-5.048779,0.035930157,-2.7604594,-0.43997589,0.59476781,-0.67280936,0
3.0205407,-0.68788195,3.4809511,0.43997589,-0.59476781,0.67280936,0
2.2240973,4.3961625,3.0365639,-0.23282671,0.64805096,0.72513562,0
-3.0459354,-2.7150416,3.4424601,-0.86730212,-0.47569016,0.146649,0
-1.9535917,3.7042012,-1.434741,-0.43997589,0.59476781,-0.67280936,0
-3.7229028,-1.4541945,-4.6600928,-0.43997589,0.59476781,-0.67280936,0
0.53827333,0.54398894,5.883812,-0.23282671,0.64805096,0.72513562,0
-2.1453061,-4.6194763,2.5320625,-0.86730212,-0.47569016,0.146649,0
-3.98984,-3.3107681,-3.9763188,-0.86730212,-0.47569016,0.146649,0
-1.6611338,-6.3170629,-1.213973,0.23282671,-0.64805096,-0.72513562,0
-1.5730324,-2.9006548,-4.1555238,0.23282671,-0.64805096,-0.72513562,0
-0.46890879,-5.4189487,-1.4498881,0.23282671,-0.64805096,-0.72513562,0
2.991082,-2.4360399,1.9236956,0.43997589,-0.59476781,0.67280936,0
-3.8228834,-2.5214849,0.11568809,-0.86730212,-0.47569016,0.146649,0
-1.6742702,-4.8935232,-2.3395724,0.23282671,-0.64805096,-0.72513562,0
-4.0376296,-2.2945266,-5.2941127,-0.43997589,0.59476781,-0.67280936,0
0.5097065,4.3180118,2.517076,-0.23282671,0.64805096,0.72513562,0
1.544445,-1.5998727,-4.1836305,0.23282671,-0.64805096,-0.72513562,0
-5.9702306,0.97548962,-1.0337048,-0.43997589,0.59476781,-0.67280936,0
3.3259845,-0.5292201,3.3734386,0.43997589,-0.59476781,0.67280936,0
-3.5901163,1.2451153,-2.4777598,-0.43997589,0.59476781,-0.67280936,0
-3.8534117,-3.0444267,-2.6357045,-0.86730212,-0.47569016,0.146649,0
0.86691093,-5.4127636,-1.2017388,0.23282671,-0.64805096,-0.72513562,0
0.52503252,2.5419674,4.1479902,-0.23282671,0.64805096,0.72513562,0
1.5290453,5.0360923,-2.6318064,-0.43997589,0.59476781,-0.67280936,0
-4.8951092,-0.63241315,-0.6876421,-0.86730212,-0.47569016,0.146649,0
-0.88361502,3.0741277,-2.5939298,-0.43997589,0.59476781,-0.67280936,0
4.8193684,-3.9267831,-0.56939125,0.43997589,-0.59476781,0.67280936,0
-0.62868452,-1.7667843,-4.7188144,0.23282671,-0.64805096,-0.72513562,0
0.92541695,0.11838031,-6.057682,0.23282671,-0.64805096,-0.72513562,0
-0.10203004,-5.4101562,1.2407438,0.43997589,-0.59476781,0.67280936,0
-4.2267241,-0.82007599,3.2958493,-0.86730212,-0.47569016,0.146649,0
-1.1728854,-0.63259178,6.0815759,0.43997589,-0.59476781,0.67280936,0
0.66415977,-4.8800163,-1.7136259,0.23282671,-0.64805096,-0.72513562,0
-2.4566531,-4.3783092,2.3866878,-0.86730212,-0.47569016,0.146649,0
4.8880386,-1.1649327,-3.6494961,0.23282671,-0.64805096,-0.72513562,0
3.0967426,-1.2250466,2.8021212,0.43997589,-0.59476781,0.67280936,0
4.4022112,2.1209826,2.8139138,0.86730212,0.47569016,-0.146649,0
3.6843963,0.57556319,3.9073069,0.43997589,-0.59476781,0.67280936,0
2.1559033,5.6017323,0.33121586,0.86730212,0.47569016,-0.146649,0
5.2909732,0.20157528,2.549305,0.43997589,-0.59476781,0.67280936,0
-0.33964014,-0.15147996,-5.8730645,-0.43997589,0.59476781,-0.67280936,0
-1.4958427,-2.1390138,4.9616036,0.43997589,-0.59476781,0.67280936,0
-0.12822378,-2.9137261,3.5780141,0.43997589,-0.59476781,0.67280936,0
-2.6391051,3.4134176,-1.1952204,-0.43997589,0.59476781,-0.67280936,0
5.9012604,-1.7911963,-2.1370063,0.86730212,0.47569016,-0.146649,0
3.1064451,-0.22779888,-4.8761225,0.23282671,-0.64805096,-0.72513562,0
0.47118092,-1.4306047,-4.6747942,0.23282671,-0.64805096,-0.72513562,0
-0.41657591,-5.0807123,-1.7858868,0.23282671,-0.64805096,-0.72513562,0
-2.2641735,1.9457607,-2.7453625,-0.43997589,0.59476781,-0.67280936,0
2.1110125,1.800243,-5.7993026,-0.43997589,0.59476781,-0.67280936,0
2.1895659,-4.0856624,-1.7496481,0.23282671,-0.64805096,-0.72513562,0
4.8848462,-0.15717292,-1.7060599,0.86730212,0.47569016,-0.146649,0
3.8983402,3.4778805,3.5994236,0.86730212,0.47569016,-0.146649,0
-5.5572557,1.7171371,-0.78923178,-0.43997589,0.59476781,-0.67280936,0
0.62558651,-0.15110803,5.3898473,0.43997589,-0.59476781,0.67280936,0
1.8748577,-3.9312625,-2.0097923,0.23282671,-0.64805096,-0.72513562,0
-1.9151393,-2.8974285,4.5721312,0.43997589,-0.59476781,0.67280936,0
-6.2446928,3.0450041,0.70798159,-0.43997589,0.59476781,-0.67280936,0
3.0377071,-0.2502721,-5.0463309,0.23282671,-0.64805096,-0.72513562,0
3.6236787,3.0615864,0.090727806,0.86730212,0.47569016,-0.146649,0
2.1177728,-2.2104392,-3.6652403,0.23282671,-0.64805096,-0.72513562,0
-3.4378436,-2.205102,3.7776513,-0.86730212,-0.47569016,0.146649,0
-3.9528084,-0.74553227,-3.9270241,-0.43997589,0.59476781,-0.67280936,0
-1.5715921,3.4180579,2.5740302,-0.23282671,0.64805096,0.72513562,0
-0.78838623,4.6509428,-1.197718,-0.43997589,0.59476781,-0.67280936,0
1.744164,5.796885,1.6709405,-0.23282671,0.64805096,0.72513562,0
3.949892,-1.0888739,-3.9581678,0.23282671,-0.64805096,-0.72513562,0
-5.3424273,3.5632722,0.66128349,-0.43997589,0.59476781,-0.67280936,0
2.8382101,4.2253914,-0.033034086,0.86730212,0.47569016,-0.146649,0
-1.218286,4.9498105,1.4044892,-0.23282671,0.64805096,0.72513562,0
0.46831787,4.728085,-2.0662701,-0.43997589,0.59476781,-0.67280936,0
0.18036413,-1.419492,-4.8468351,0.23282671,-0.64805096,-0.72513562,0
0.043359518,-1.6107222,4.6235867,0.43997589,-0.59476781,0.67280936,0
6.3071418,-2.3935425,-0.49815798,0.86730212,0.47569016,-0.146649,0
-4.9214187,3.642175,0.50078821,-0.43997589,0.59476781,-0.67280936,0
3.2113409,3.3171334,-1.3915069,0.86730212,0.47569016,-0.146649,0
-1.1718583,-6.1116362,1.219908,0.43997589,-0.59476781,0.67280936,0
4.2578321,2.6077878,5.1538467,-0.23282671,0.64805096,0.72513562,0
-2.4142094,-5.0657921,0.53264022,-0.86730212,-0.47569016,0.146649,0
-0.55103523,-4.440412,2.4791269,0.43997589,-0.59476781,0.67280936,0
-0.8447448,-4.322988,2.5833762,0.43997589,-0.59476781,0.67280936,0
3.8907881,1.069801,-4.1963587,0.86730212,0.47569016,-0.146649,0
-2.0736177,2.0495279,-2.8235877,-0.43997589,0.59476781,-0.67280936,0
-0.68175554,-6.3158541,0.77862084,0.43997589,-0.59476781,0.67280936,0
2.0001926,1.557138,5.4479151,-0.23282671,0.64805096,0.72513562,0
-2.3043141,-4.2291894,-3.1311183,0.23282671,-0.64805096,-0.72513562,0
-2.2618504,-3.7063599,-3.5206316,0.23282671,-0.64805096,-0.72513562,0
2.0670977,1.8034388,5.3699398,-0.23282671,0.64805096,0.72513562,0
4.1645722,2.2779698,5.1754584,0.43997589,-0.59476781,0.67280936,0
-4.2564573,-1.972505,-1.5446644,-0.86730212,-0.47569016,0.146649,0
-4.2902942,-1.2684449,0.67575836,-0.86730212,-0.47569016,0.146649,0
3.3117554,2.5430322,-2.889307,0.86730212,0.47569016,-0.146649,0
-2.1843033,2.777101,-2.0596654,-0.43997589,0.59476781,-0.67280936,0
-3.3276556,-1.2291284,6.2941284,-0.23282671,0.64805096,0.72513562,0
4.5358634,2.0266027,4.7349658,0.43997589,-0.59476781,0.67280936,0
3.4969754,3.5641181,1.7313828,0.86730212,0.47569016,-0.146649,0
-5.3200312,1.5277035,3.1493392,-0.23282671,0.64805096,0.72513562,0
-0.93320751,-2.4544456,4.4109793,0.43997589,-0.59476781,0.67280936,0
3.73984,-4.2547359,-0.34462094,0.43997589,-0.59476781,0.67280936,0
-4.1844182,-2.8048611,-3.2651682,-0.86730212,-0.47569016,0.146649,0
0.87600517,2.5061088,-4.1569328,-0.43997589,0.59476781,-0.67280936,0
-4.2179265,3.1533616,-0.3626833,-0.43997589,0.59476781,-0.67280936,0
0.29776275,-3.7819819,2.263227,0.43997589,-0.59476781,0.67280936,0
0.99494314,4.4826136,2.6006315,-0.23282671,0.64805096,0.72513562,0
1.3940238,3.3840017,-3.9167328,-0.43997589,0.59476781,-0.67280936,0
-3.4241474,3.4474893,1.9230866,-0.23282671,0.64805096,0.72513562,0
3.8486209,2.0604072,-0.7279017,0.86730212,0.47569016,-0.146649,0
-1.0542448,6.1561546,0.29152966,-0.43997589,0.59476781,-0.67280936,0
-4.0681939,1.7780945,3.1817429,-0.23282671,0.64805096,0.72513562,0
3.7821777,-4.3481798,-0.38624859,0.43997589,-0.59476781,0.67280936,0
-3.3861277,1.2833216,3.8793936,-0.23282671,0.64805096,0.72513562,0
-3.1191876,3.8755941,1.6992209,-0.23282671,0.64805096,0.72513562,0
-0.0021185875,5.2809801,1.4887908,-0.23282671,0.64805096,0.72513562,0
-1.5864027,-5.5785747,2.0989528,0.43997589,-0.59476781,0.67280936,0
-0.1398077,2.4860604,4.0680923,-0.23282671,0.64805096,0.72513562,0
-4.5940518,0.41121805,4.1974058,-0.86730212,-0.47569016,0.146649,0
-1.8770266,-0.92479205,6.4012327,0.43997589,-0.59476781,0.67280936,0
-0.98852336,3.1696849,-2.3728266,-0.43997589,0.59476781,-0.67280936,0
2.4296391,0.28485945,-5.67976,0.23282671,-0.64805096,-0.72513562,0
-4.1840911,-2.9613295,-3.8883853,-0.86730212,-0.47569016,0.146649,0
4.0733256,-4.0527849,-0.42098069,0.43997589,-0.59476781,0.67280936,0
-2.1359289,4.9537926,1.1173009,-0.23282671,0.64805096,0.72513562,0
0.36517,2.9323399,3.7253237,-0.23282671,0.64805096,0.72513562,0
4.0653505,-4.4227862,-0.92184544,0.23282671,-0.64805096,-0.72513562,0
2.6126928,3.4644504,-3.3861272,0.86730212,0.47569016,-0.146649,0
-1.244381,-7.3448324,0.065789819,-0.86730212,-0.47569016,0.146649,0
-4.9091964,-0.71935654,-0.93477345,-0.86730212,-0.47569016,0.146649,0
0.65661621,-4.3546166,1.5551484,0.43997589,-0.59476781,0.67280936,0
4.1811399,-2.3184464,1.0414186,0.43997589,-0.59476781,0.67280936,0
-0.2007184,6.7130237,-0.008972168,-0.43997589,0.59476781,-0.67280936,0
-0.57455683,-5.6830602,1.2068772,0.43997589,-0.59476781,0.67280936,0
0.549124,6.1588531,-0.81935573,-0.43997589,0.59476781,-0.67280936,0
-4.2239532,-1.1233797,1.8809195,-0.86730212,-0.47569016,0.146649,0
-4.5451355,-1.3533736,-0.47313881,-0.86730212,-0.47569016,0.146649,0
4.2749805,0.72453547,-3.0351508,0.86730212,0.47569016,-0.146649,0
-0.60089684,-3.9932632,-2.7098007,0.23282671,-0.64805096,-0.72513562,0
2.4081609,-1.288697,3.2502689,0.43997589,-0.59476781,0.67280936,0
-0.74637651,3.603657,2.7077792,-0.23282671,0.64805096,0.72513562,0
4.8250108,0.93025255,0.45883799,0.86730212,0.47569016,-0.146649,0
1.8668535,-0.2680676,4.6358538,0.43997589,-0.59476781,0.67280936,0
5.6735463,-1.6418135,-2.0461588,0.86730212,0.47569016,-0.146649,0
2.3589711,-1.7197869,2.9670961,0.43997589,-0.59476781,0.67280936,0
3.1569991,-4.4691849,-0.054237127,0.43997589,-0.59476781,0.67280936,0
5.2065434,-0.42655706,-1.8257771,0.86730212,0.47569016,-0.146649,0
-5.5239878,0.15778255,-0.9231205,-0.86730212,-0.47569016,0.146649,0
-5.0186234,-1.5935147,-3.5302911,-0.86730212,-0.47569016,0.146649,0
-0.71539211,2.1948664,4.073256,-0.23282671,0.64805096,0.72513562,0
-1.5500131,-3.929728,-3.0599842,0.23282671,-0.64805096,-0.72513562,0
5.1188865,-0.59346128,-2.9838696,0.86730212,0.47569016,-0.146649,0
-1.8256974,-0.33224535,-5.0865231,-0.43997589,0.59476781,-0.67280936,0
-4.1031976,-3.0069098,-4.9654837,0.23282671,-0.64805096,-0.72513562,0
-1.0249109,4.5113621,1.8474422,-0.23282671,0.64805096,0.72513562,0
6.4489412,-3.2596161,-1.2963691,0.43997589,-0.59476781,0.67280936,0
0.59097886,-0.74333167,4.7615304,0.43997589,-0.59476781,0.67280936,0
-1.5062623,0.82844633,4.9481649,-0.23282671,0.64805096,0.72513562,0
0.29453057,3.1423993,-3.3560758,-0.43997589,0.59476781,-0.67280936,0
2.3647585,-2.0853662,2.4092343,0.43997589,-0.59476781,0.67280936,0
-0.56726718,-5.6507745,1.3860769,0.43997589,-0.59476781,0.67280936,0
-0.49349213,-3.2492976,-3.5812683,0.23282671,-0.64805096,-0.72513562,0
-0.3471756,-6.3074698,-0.73205411,0.23282671,-0.64805096,-0.72513562,0
2.9223437,3.9582758,-0.97633147,0.86730212,0.47569016,-0.146649,0
-3.8069277,3.9673553,1.5685041,-0.23282671,0.64805096,0.72513562,0
-3.7983654,0.81731784,4.3126097,-0.23282671,0.64805096,0.72513562,0
-2.523807,-2.0073736,-5.3012376,0.23282671,-0.64805096,-0.72513562,0
-3.2943659,-2.6135955,3.0141594,-0.86730212,-0.47569016,0.146649,0
-3.4303279,-2.372185,2.1208754,-0.86730212,-0.47569016,0.146649,0
-0.68270731,-7.0762401,0.28367501,0.43997589,-0.59476781,0.67280936,0
-5.464201,1.0681107,1.4294338,-0.86730212,-0.47569016,0.146649,0
6.0582137,-1.8799841,-1.4182682,0.86730212,0.47569016,-0.146649,0
-4.296896,-2.7181973,-3.2127314,-0.86730212,-0.47569016,0.146649,0
-0.87086725,5.1259279,1.3296077,-0.23282671,0.64805096,0.72513562,0
-4.822629,-1.4726248,-2.1605194,-0.86730212,-0.47569016,0.146649,0
-3.6027985,-3.6545701,-2.8553224,-0.86730212,-0.47569016,0.146649,0
-3.3450933,-2.9040289,1.67573,-0.86730212,-0.47569016,0.146649,0
-5.4820461,0.69125605,0.72779942,-0.86730212,-0.47569016,0.146649,0
-1.1937299,1.0296381,-4.3112907,-0.43997589,0.59476781,-0.67280936,0
3.8991194,-3.2020855,0.51344275,0.43997589,-0.59476781,0.67280936,0
-3.0928209,-3.3026381,1.6866727,-0.86730212,-0.47569016,0.146649,0
4.860714,1.7382784,4.2247329,0.43997589,-0.59476781,0.67280936,0
-3.9841321,-0.98960251,3.8504479,-0.86730212,-0.47569016,0.146649,0
0.52620006,-4.1096792,2.0235929,0.43997589,-0.59476781,0.67280936,0
-0.2807498,0.44836211,5.7119317,-0.23282671,0.64805096,0.72513562,0
0.60552883,-6.1063194,0.25836357,0.43997589,-0.59476781,0.67280936,0
-2.836189,1.3424518,-2.7785604,-0.43997589,0.59476781,-0.67280936,0
3.4232624,-2.6282601,-2.7910647,0.23282671,-0.64805096,-0.72513562,0
3.2305937,-3.9732242,-1.6078763,0.23282671,-0.64805096,-0.72513562,0
2.95926,3.6436734,-1.5141354,0.86730212,0.47569016,-0.146649,0
-1.8673847,4.0209241,-1.2335355,-0.43997589,0.59476781,-0.67280936,0
6.1238546,-2.1366847,-0.0037283897,0.43997589,-0.59476781,0.67280936,0
0.41050959,-1.6183352,-4.5604091,0.23282671,-0.64805096,-0.72513562,0
-3.2799199,-1.6003921,6.01229,-0.86730212,-0.47569016,0.146649,0
2.3208008,4.1862216,-3.8978524,-0.43997589,0.59476781,-0.67280936,0
-5.4526806,0.72574139,0.80014706,-0.86730212,-0.47569016,0.146649,0
-3.3691947,3.0362234,2.2730846,-0.23282671,0.64805096,0.72513562,0
-2.0735431,-5.3457222,0.76755691,-0.86730212,-0.47569016,0.146649,0
-3.5013061,-2.0827188,3.5354564,-0.86730212,-0.47569016,0.146649,0
3.285074,-0.67491335,-4.4205704,0.23282671,-0.64805096,-0.72513562,0
-0.35076499,-6.0140758,0.8512162,0.43997589,-0.59476781,0.67280936,0
2.4610796,3.9818039,-2.9810386,0.86730212,0.47569016,-0.146649,0
-2.4915695,-4.1854029,-3.25243,0.23282671,-0.64805096,-0.72513562,0
0.74781227,-2.027288,3.762361,0.43997589,-0.59476781,0.67280936,0
5.5908494,-2.9066,-1.6936769,0.23282671,-0.64805096,-0.72513562,0
-2.9552734,-4.7255859,-1.5061153,-0.86730212,-0.47569016,0.146649,0
2.4220891,-4.1261339,-1.8711468,0.23282671,-0.64805096,-0.72513562,0
-1.9473603,3.3635881,2.6013849,-0.23282671,0.64805096,0.72513562,0
5.4161897,-1.4242134,-3.2096519,0.86730212,0.47569016,-0.146649,0
2.5127277,4.9373212,0.55334735,0.86730212,0.47569016,-0.146649,0
-3.0053582,-3.0554764,-4.4894857,0.23282671,-0.64805096,-0.72513562,0
1.5971456,6.7481542,0.74729288,-0.23282671,0.64805096,0.72513562,0
-4.2328405,1.5075384,3.4174283,-0.23282671,0.64805096,0.72513562,0
1.7020826,5.323843,1.941823,-0.23282671,0.64805096,0.72513562,0
-1.7826362,-6.3289299,-1.1131694,0.23282671,-0.64805096,-0.72513562,0
-2.5589032,3.2748356,-1.2372684,-0.43997589,0.59476781,-0.67280936,0
5.023622,-1.9819,1.051434,0.43997589,-0.59476781,0.67280936,0
0.8675642,-1.6566961,3.8014894,0.43997589,-0.59476781,0.67280936,0
1.1877308,-0.87307268,-5.1047902,0.23282671,-0.64805096,-0.72513562,0
-0.87332916,6.1724577,0.3848964,-0.23282671,0.64805096,0.72513562,0
-5.7037668,1.1124856,1.0111299,-0.86730212,-0.47569016,0.146649,0
4.3487759,2.9092574,3.9924288,0.86730212,0.47569016,-0.146649,0
-0.060367584,-6.2600164,-0.57914561,0.23282671,-0.64805096,-0.72513562,0
1.9008099,-3.0667944,1.9433963,0.43997589,-0.59476781,0.67280936,0
1.7918742,-5.3083315,-0.99598527,0.23282671,-0.64805096,-0.72513562,0
-1.8700732,-3.1710153,4.3999062,0.43997589,-0.59476781,0.67280936,0
-4.818387,-1.2800663,-1.6921921,-0.86730212,-0.47569016,0.146649,0
2.4844894,4.3517685,-1.2109249,0.86730212,0.47569016,-0.146649,0
2.3851173,-0.4205842,4.0111694,0.43997589,-0.59476781,0.67280936,0
5.0619345,-1.7325296,1.1212006,0.43997589,-0.59476781,0.67280936,0
-3.461956,-2.4021714,2.6485586,-0.86730212,-0.47569016,0.146649,0
5.6000781,-0.36625314,1.3427663,0.86730212,0.47569016,-0.146649,0
3.9908962,-1.1382592,2.3504751,0.43997589,-0.59476781,0.67280936,0
2.1937428,1.7185197,5.4903507,-0.23282671,0.64805096,0.72513562,0
0.32448387,6.5418563,0.34462255,-0.23282671,0.64805096,0.72513562,0
-0.030592442,5.2216163,-1.20399,-0.43997589,0.59476781,-0.67280936,0
4.8650446,0.51891541,0.0035653114,0.86730212,0.47569016,-0.146649,0
-2.2813411,-5.1094217,0.75915599,-0.86730212,-0.47569016,0.146649,0
0.78645551,-3.883142,2.0602636,0.43997589,-0.59476781,0.67280936,0
0.17340541,-5.1327286,1.3509463,0.43997589,-0.59476781,0.67280936,0
-2.0685487,-0.82305396,6.412262,-0.23282671,0.64805096,0.72513562,0
-1.3628252,3.3704891,-2.0222161,-0.43997589,0.59476781,-0.67280936,0
1.3274646,4.8509278,2.4155302,-0.23282671,0.64805096,0.72513562,0
0.37573528,0.72265267,-5.5253716,-0.43997589,0.59476781,-0.67280936,0
-3.8941624,1.4784358,3.721137,-0.23282671,0.64805096,0.72513562,0
-2.7535853,-3.5098588,2.5447628,-0.86730212,-0.47569016,0.146649,0
0.045105219,-4.6248598,1.8545736,0.43997589,-0.59476781,0.67280936,0
0.91380787,-5.2913551,0.79009962,0.43997589,-0.59476781,0.67280936,0
-2.3748732,-3.8743832,-3.5027466,0.23282671,-0.64805096,-0.72513562,0
-2.5332594,-2.4514925,-4.6903558,0.23282671,-0.64805096,-0.72513562,0
5.2042937,-0.069448471,2.5308988,0.43997589,-0.59476781,0.67280936,0
-4.3027272,-2.7486978,-3.9766257,-0.86730212,-0.47569016,0.146649,0
2.5081804,-3.088531,1.5560561,0.43997589,-0.59476781,0.67280936,0
3.7462249,0.38884544,3.9129553,0.43997589,-0.59476781,0.67280936,0
-4.8550882,-1.1710021,-1.8273609,-0.86730212,-0.47569016,0.146649,0
-2.5212069,-3.7972298,3.3178926,-0.86730212,-0.47569016,0.146649,0
-0.80464125,2.5884137,3.7230062,-0.23282671,0.64805096,0.72513562,0
5.5823131,-3.1764524,-0.41782427,0.43997589,-0.59476781,0.67280936,0
-2.7179618,-5.1871567,-1.9764861,-0.86730212,-0.47569016,0.146649,0
0.999367,6.119772,-1.2356617,-0.43997589,0.59476781,-0.67280936,0
3.0145326,1.6233377,-6.4563198,-0.43997589,0.59476781,-0.67280936,0
3.3950088,-2.4680564,1.6362121,0.43997589,-0.59476781,0.67280936,0
1.5270115,2.7653506,-4.6000342,-0.43997589,0.59476781,-0.67280936,0
-1.3636642,5.5752707,0.79710889,-0.23282671,0.64805096,0.72513562,0
-2.437386,-5.2331791,-2.3724902,0.23282671,-0.64805096,-0.72513562,0
1.3166337,-5.2370362,-1.0376807,0.23282671,-0.64805096,-0.72513562,0
-4.344533,-0.57306242,3.2836967,-0.86730212,-0.47569016,0.146649,0
2.0969613,5.0531845,-1.5647217,0.86730212,0.47569016,-0.146649,0
-4.0816402,-2.7490497,-1.8759778,-0.86730212,-0.47569016,0.146649,0
4.2356586,-4.4123268,-0.66207504,0.43997589,-0.59476781,0.67280936,0
-2.9541099,-1.3775514,6.4153028,-0.23282671,0.64805096,0.72513562,0
-2.0657735,1.5805383,-3.1687176,-0.43997589,0.59476781,-0.67280936,0
-4.2409163,-1.9462492,-0.37389612,-0.86730212,-0.47569016,0.146649,0
-3.6451886,-0.99109197,5.9596319,-0.23282671,0.64805096,0.72513562,0
-2.8467202,-1.8697094,-5.3634372,0.23282671,-0.64805096,-0.72513562,0
5.202148,0.32244492,1.5998156,0.86730212,0.47569016,-0.146649,0
-2.1497087,-5.9056654,-0.96835291,-0.86730212,-0.47569016,0.146649,0
5.5691428,-3.2336037,-1.5464821,0.23282671,-0.64805096,-0.72513562,0
-4.042973,-0.34718204,-3.734838,-0.43997589,0.59476781,-0.67280936,0
-0.76392984,-4.3922024,-2.4559054,0.23282671,-0.64805096,-0.72513562,0
-0.15939951,6.0499406,0.86717188,-0.23282671,0.64805096,0.72513562,0
-2.8169932,-2.656795,5.3751535,0.43997589,-0.59476781,0.67280936,0
-5.1632147,-0.21763897,-1.0215778,-0.86730212,-0.47569016,0.146649,0
0.69964314,1.4054046,5.1366701,-0.23282671,0.64805096,0.72513562,0
-0.37212992,-5.2537055,-1.5118062,0.23282671,-0.64805096,-0.72513562,0
-5.8383508,2.739095,0.20756435,-0.43997589,0.59476781,-0.67280936,0
4.5741181,1.3141038,1.2462866,0.86730212,0.47569016,-0.146649,0
1.956146,-3.8620851,-2.1666408,0.23282671,-0.64805096,-0.72513562,0
-4.5663586,-0.99097669,0.99988556,-0.86730212,-0.47569016,0.146649,0
5.9439783,-1.5969014,-1.1438799,0.86730212,0.47569016,-0.146649,0
4.9056377,0.60185075,3.2687576,0.43997589,-0.59476781,0.67280936,0
4.852438,0.32889104,-1.5911145,0.86730212,0.47569016,-0.146649,0
2.4464362,-1.9193786,-3.7948864,0.23282671,-0.64805096,-0.72513562,0
5.1157312,-1.4426327,-3.3572803,0.23282671,-0.64805096,-0.72513562,0
3.2089427,-0.50201619,-4.7954121,0.23282671,-0.64805096,-0.72513562,0
-2.377229,-1.4268847,6.3693161,0.43997589,-0.59476781,0.67280936,0
-4.677762,-0.9629097,0.16715336,-0.86730212,-0.47569016,0.146649,0
-0.55592775,6.3479629,0.22332978,-0.23282671,0.64805096,0.72513562,0
-0.15016031,-1.6146246,-4.8264894,0.23282671,-0.64805096,-0.72513562,0
4.6682167,-0.13199353,-3.6994832,0.86730212,0.47569016,-0.146649,0
-0.93512642,4.6019197,-1.1855763,-0.43997589,0.59476781,-0.67280936,0
2.2881308,4.5430517,-2.7576337,0.86730212,0.47569016,-0.146649,0
-4.0191407,-0.52693343,5.0810022,-0.86730212,-0.47569016,0.146649,0
4.3731861,-1.4480186,1.6965613,0.43997589,-0.59476781,0.67280936,0
3.698565,-2.6388934,-2.5825174,0.23282671,-0.64805096,-0.72513562,0
4.1266203,2.4298685,1.665123,0.86730212,0.47569016,-0.146649,0
4.1267385,-0.85419047,-4.0324993,0.23282671,-0.64805096,-0.72513562,0
2.5458956,0.5823431,4.7654786,0.43997589,-0.59476781,0.67280936,0
0.049923383,-3.5460153,2.6842988,0.43997589,-0.59476781,0.67280936,0
-4.4233928,-2.9080975,-4.5087123,-0.86730212,-0.47569016,0.146649,0
0.76707983,0.25695705,5.6909361,0.43997589,-0.59476781,0.67280936,0
4.4137726,0.73131084,-1.7608094,0.86730212,0.47569016,-0.146649,0
1.0137286,-5.2125082,0.68790603,0.43997589,-0.59476781,0.67280936,0
0.35881329,-5.6286831,-1.0647829,0.23282671,-0.64805096,-0.72513562,0
-3.4973953,-3.7509534,-2.2591343,-0.86730212,-0.47569016,0.146649,0
-3.1674237,-3.8496137,-0.087180853,-0.86730212,-0.47569016,0.146649,0
-1.877866,-5.6249042,0.94456935,-0.86730212,-0.47569016,0.146649,0
-2.8314602,-4.6693516,-0.76441312,-0.86730212,-0.47569016,0.146649,0
-5.3438892,-0.36618519,-2.725291,-0.86730212,-0.47569016,0.146649,0
4.0430636,3.2740114,3.995204,0.86730212,0.47569016,-0.146649,0
-5.7668548,0.96963763,-0.41280746,-0.86730212,-0.47569016,0.146649,0
-0.68488789,0.64077199,5.3152237,-0.23282671,0.64805096,0.72513562,0
-0.66937208,-5.4634552,-1.4748917,0.23282671,-0.64805096,-0.72513562,0
-6.0301247,1.8294375,1.2984986,-0.86730212,-0.47569016,0.146649,0
-4.1541181,3.6285422,0.056223869,-0.43997589,0.59476781,-0.67280936,0
0.61957359,0.42522299,-5.8983669,-0.43997589,0.59476781,-0.67280936,0
4.765696,0.3770957,-1.6997085,0.86730212,0.47569016,-0.146649,0
-2.0002856,4.2152519,-0.91217196,-0.43997589,0.59476781,-0.67280936,0
-2.9584808,-1.4139404,-5.2891049,-0.43997589,0.59476781,-0.67280936,0
0.22492409,-5.4112291,-1.2785041,0.23282671,-0.64805096,-0.72513562,0
2.435302,3.3821499,-4.575664,-0.43997589,0.59476781,-0.67280936,0
4.1890402,0.91091442,-2.34389,0.86730212,0.47569016,-0.146649,0
3.1292226,3.3450394,-1.6978805,0.86730212,0.47569016,-0.146649,0
-3.2975724,-2.9879456,2.0128987,-0.86730212,-0.47569016,0.146649,0
5.5637236,0.051623344,1.7129726,0.86730212,0.47569016,-0.146649,0
0.050336599,1.8155475,-4.4649262,-0.43997589,0.59476781,-0.67280936,0
3.8774524,-0.27791524,3.0633192,0.43997589,-0.59476781,0.67280936,0
0.56932497,1.8477187,-4.5671973,-0.43997589,0.59476781,-0.67280936,0
4.6199675,2.0786955,3.7040479,0.86730212,0.47569016,-0.146649,0
-0.14935839,4.6173759,-1.8529608,-0.43997589,0.59476781,-0.67280936,0
-1.0134211,-1.5754178,-5.167491,0.23282671,-0.64805096,-0.72513562,0
3.3458104,3.8914557,3.7843702,-0.23282671,0.64805096,0.72513562,0
5.8650532,-3.5873005,-1.078424,0.43997589,-0.59476781,0.67280936,0
5.5905404,-1.4695172,1.017343,0.43997589,-0.59476781,0.67280936,0
4.6946373,-1.9318051,-3.0826068,0.23282671,-0.64805096,-0.72513562,0
0.018065274,-4.0782218,2.2575331,0.43997589,-0.59476781,0.67280936,0
-4.422195,-2.6738968,-5.2496691,0.23282671,-0.64805096,-0.72513562,0
4.1094823,-0.3701365,3.0560014,0.43997589,-0.59476781,0.67280936,0
6.2836628,-2.2481558,-0.84993362,0.86730212,0.47569016,-0.146649,0
3.7079587,1.2014477,-5.2521038,0.86730212,0.47569016,-0.146649,0
0.70919681,-2.2472491,3.4624267,0.43997589,-0.59476781,0.67280936,0
0.45382595,0.3373791,-5.9390764,-0.43997589,0.59476781,-0.67280936,0
-4.0676351,-0.98427033,3.3711319,-0.86730212,-0.47569016,0.146649,0
-4.9372082,0.29394603,2.8140779,-0.86730212,-0.47569016,0.146649,0
2.3373172,4.9706292,-1.3908966,0.86730212,0.47569016,-0.146649,0
-1.36693,-1.2290875,-5.4746637,0.23282671,-0.64805096,-0.72513562,0
4.0752726,-2.6709335,0.83763528,0.43997589,-0.59476781,0.67280936,0
0.91448402,-3.4047844,-2.848254,0.23282671,-0.64805096,-0.72513562,0
-1.1757846,-1.8598793,-4.8981371,0.23282671,-0.64805096,-0.72513562,0
-5.4558086,0.060711384,-1.0347729,-0.86730212,-0.47569016,0.146649,0
-0.078154325,-2.2648675,4.0195699,0.43997589,-0.59476781,0.67280936,0
-0.051802337,-3.1690903,3.0392778,0.43997589,-0.59476781,0.67280936,0
-4.4584417,-1.3647525,-4.30861,-0.43997589,0.59476781,-0.67280936,0
-2.8737109,-2.7549415,4.7825603,-0.86730212,-0.47569016,0.146649,0
0.95946872,5.3696065,-1.9506962,-0.43997589,0.59476781,-0.67280936,0
2.0580983,2.3597655,4.7749462,-0.23282671,0.64805096,0.72513562,0
5.1896477,-3.5848687,-0.58105087,0.43997589,-0.59476781,0.67280936,0
-0.10244513,2.7413824,-3.3187513,-0.43997589,0.59476781,-0.67280936,0
-1.1995096,-4.7754736,-2.33956,0.23282671,-0.64805096,-0.72513562,0
-4.7523427,1.772531,2.9719429,-0.23282671,0.64805096,0.72513562,0
-3.1394148,-4.4096661,-3.1630483,0.23282671,-0.64805096,-0.72513562,0
6.1991568,-1.8266323,-0.088222504,0.86730212,0.47569016,-0.146649,0
-3.7248521,-1.1182172,-4.4484487,-0.43997589,0.59476781,-0.67280936,0
-3.6081147,-1.9740521,3.2224638,-0.86730212,-0.47569016,0.146649,0
3.7320056,-4.0794287,-1.4379117,0.23282671,-0.64805096,-0.72513562,0
-0.61412358,-1.4937766,4.9618726,0.43997589,-0.59476781,0.67280936,0
5.5894938,-1.9662049,0.6910882,0.43997589,-0.59476781,0.67280936,0
-0.15327454,6.2073517,-0.25681683,-0.43997589,0.59476781,-0.67280936,0
3.3086555,-2.0116687,-3.3704412,0.23282671,-0.64805096,-0.72513562,0
-0.45190239,-1.1730323,-5.3146009,0.23282671,-0.64805096,-0.72513562,0
2.5039992,-4.3866639,0.52220321,0.43997589,-0.59476781,0.67280936,0
0.10527039,1.2920641,5.0122705,-0.23282671,0.64805096,0.72513562,0
-1.1729665,3.4799271,2.7019398,-0.23282671,0.64805096,0.72513562,0
0.56761789,6.723505,-0.33103001,-0.43997589,0.59476781,-0.67280936,0
3.7286572,2.2156379,-1.2162912,0.86730212,0.47569016,-0.146649,0
-0.7434293,-3.9007099,2.9130797,0.43997589,-0.59476781,0.67280936,0
3.3540797,1.0470383,4.7897253,0.43997589,-0.59476781,0.67280936,0
-5.3710127,-0.65419149,-2.7889068,-0.86730212,-0.47569016,0.146649,0
2.4679768,5.030652,-0.30104709,0.86730212,0.47569016,-0.146649,0
0.20259094,-3.0212746,-3.3196716,0.23282671,-0.64805096,-0.72513562,0
2.274653,4.0262327,-3.8602276,0.86730212,0.47569016,-0.146649,0
1.4229193,-4.5251341,1.09316,0.43997589,-0.59476781,0.67280936,0
4.5863061,1.8929708,3.165637,0.86730212,0.47569016,-0.146649,0
3.3023105,2.7575727,-1.9966578,0.86730212,0.47569016,-0.146649,0
0.41727161,4.0134025,-2.6720462,-0.43997589,0.59476781,-0.67280936,0
