-0.7815423,-5.1931233,2.2854233,-0.45479107,-0.44327244,0.77244735,0
1.2137046,-5.0469565,2.8022389,0.62190509,-0.77891052,-0.080824435,0
-3.2054703,-4.5169964,1.3312254,-0.45479107,-0.44327244,0.77244735,0
-0.57974815,-5.5688448,-2.4850004,-0.63749462,-0.44363052,-0.62991488,0
-5.459456,-2.031507,-0.058794498,-0.63749462,-0.44363052,-0.62991488,0
-3.9470143,-4.1258054,1.2495184,-0.45479107,-0.44327244,0.77244735,0
5.0058641,-2.0879078,2.5536451,0.62190509,-0.77891052,-0.080824435,0
4.0467134,-2.3377917,-2.7951417,0.62190509,-0.77891052,-0.080824435,0
-2.9041429,3.0396454,4.6633754,-0.62190509,0.77891052,0.080824435,0
3.2120495,-3.2784333,0.69130516,0.62190509,-0.77891052,-0.080824435,0
-2.5669308,0.079923391,-4.7105036,-0.63749462,-0.44363052,-0.62991488,0
-2.5325658,-2.6539686,-2.7402601,-0.63749462,-0.44363052,-0.62991488,0
6.2915263,-0.55033207,-2.3393679,0.62190509,-0.77891052,-0.080824435,0
-3.090667,3.56725,-2.9571598,-0.62190509,0.77891052,0.080824435,0
-6.1037579,-0.84377003,1.8627019,-0.45479107,-0.44327244,0.77244735,0
-4.3269839,-3.6441872,-0.11894488,-0.63749462,-0.44363052,-0.62991488,0
-5.2553368,1.6827238,-0.81582355,-0.62190509,0.77891052,0.080824435,0
-2.6851821,3.5187669,1.1523783,-0.62190509,0.77891052,0.080824435,0
2.3585634,-4.3852468,4.2047577,0.62190509,-0.77891052,-0.080824435,0
-4.6229587,1.9240693,2.6139126,-0.62190509,0.77891052,0.080824435,0
-0.031280279,5.7119517,0.5662384,-0.62190509,0.77891052,0.080824435,0
2.9165363,-0.77603668,-4.6774645,0.45479107,0.44327244,-0.77244735,0
4.0694065,-1.0857353,3.7536054,0.63749462,0.44363052,0.62991488,0
-3.7469938,2.9949651,-1.2043071,-0.62190509,0.77891052,0.080824435,0
4.5631075,-2.1049531,-0.28018618,0.62190509,-0.77891052,-0.080824435,0
4.0587902,-2.8241463,1.9070358,0.62190509,-0.77891052,-0.080824435,0
3.2243259,2.5981159,-2.3953719,0.45479107,0.44327244,-0.77244735,0
0.25120807,5.8068514,1.0659469,-0.62190509,0.77891052,0.080824435,0
3.2826552,4.9380703,0.36131895,0.63749462,0.44363052,0.62991488,0
-0.11309958,5.6764855,0.46222591,-0.62190509,0.77891052,0.080824435,0
4.38484,0.045782566,2.6405702,0.63749462,0.44363052,0.62991488,0
-1.2559552,1.1159539,5.7221174,-0.45479107,-0.44327244,0.77244735,0
-2.6207983,3.2235856,3.6789553,-0.62190509,0.77891052,0.080824435,0
5.629117,2.6432295,-0.98572683,0.45479107,0.44327244,-0.77244735,0
-6.5202665,0.4684062,1.1373568,-0.62190509,0.77891052,0.080824435,0
-5.5360451,1.5403988,-1.8927889,-0.62190509,0.77891052,0.080824435,0
-3.3543348,3.3408232,-1.4909005,-0.62190509,0.77891052,0.080824435,0
-2.5996082,-0.91682076,3.8045626,-0.45479107,-0.44327244,0.77244735,0
2.810461,6.0144868,-0.80994308,0.45479107,0.44327244,-0.77244735,0
1.797941,3.7331159,2.6146138,0.63749462,0.44363052,0.62991488,0
-2.1940925,3.618412,2.9744833,-0.62190509,0.77891052,0.080824435,0
4.5324254,-1.8477937,-3.3518987,0.62190509,-0.77891052,-0.080824435,0
-4.7823267,1.0174038,-3.1573429,-0.63749462,-0.44363052,-0.62991488,0
-1.3418822,3.5047853,5.8899374,0.63749462,0.44363052,0.62991488,0
-6.5760374,-1.0721369,1.2673521,-0.45479107,-0.44327244,0.77244735,0
-0.69533348,2.2761145,6.3257647,0.63749462,0.44363052,0.62991488,0
2.1812787,-1.8935058,6.0925126,-0.45479107,-0.44327244,0.77244735,0
-0.52222824,-6.3367672,0.79327154,0.62190509,-0.77891052,-0.080824435,0
-0.30260515,-6.066431,-0.25869536,0.62190509,-0.77891052,-0.080824435,0
-3.5033898,-5.2607856,0.00053524971,-0.63749462,-0.44363052,-0.62991488,0
2.5566006,-3.8237629,0.25363493,0.62190509,-0.77891052,-0.080824435,0
0.51671743,-1.7740133,-6.3276067,-0.63749462,-0.44363052,-0.62991488,0
-0.79429245,1.0581851,5.9872847,-0.45479107,-0.44327244,0.77244735,0
-4.190587,-4.3605242,0.31091142,-0.63749462,-0.44363052,-0.62991488,0
-0.44048166,3.5723839,-4.0323958,0.45479107,0.44327244,-0.77244735,0
-4.7780666,-3.45012,1.0445721,-0.45479107,-0.44327244,0.77244735,0
3.2712669,-0.16323614,3.8876996,0.63749462,0.44363052,0.62991488,0
0.34601498,6.2786775,-2.0104661,0.45479107,0.44327244,-0.77244735,0
-2.3018851,3.2490087,-5.2994509,0.45479107,0.44327244,-0.77244735,0
3.0519021,-0.55091023,-4.4196863,0.45479107,0.44327244,-0.77244735,0
-1.1623414,3.1436198,6.0962029,0.63749462,0.44363052,0.62991488,0
-5.524375,-0.15076256,2.4368539,-0.45479107,-0.44327244,0.77244735,0
-6.157732,-0.51417637,1.8757896,-0.45479107,-0.44327244,0.77244735,0
-3.3097749,-4.6498175,-0.54423988,-0.63749462,-0.44363052,-0.62991488,0
-2.0617797,1.7711186,5.5561242,-0.45479107,-0.44327244,0.77244735,0
-4.3920088,-2.1609716,2.1239772,-0.45479107,-0.44327244,0.77244735,0
0.33057833,-5.6624098,1.9774066,0.62190509,-0.77891052,-0.080824435,0
0.6794157,5.2584105,-2.4859006,0.45479107,0.44327244,-0.77244735,0
-2.6874304,-3.0324569,2.5574243,-0.45479107,-0.44327244,0.77244735,0
-1.8443725,4.1743627,1.8790071,-0.62190509,0.77891052,0.080824435,0
-2.696413,2.8142972,5.8234825,-0.45479107,-0.44327244,0.77244735,0
-6.8076658,-1.5860257,1.0074778,-0.45479107,-0.44327244,0.77244735,0
4.5815625,-2.0849867,0.34895849,0.62190509,-0.77891052,-0.080824435,0
-1.4140062,-6.9588356,0.86407673,0.62190509,-0.77891052,-0.080824435,0
5.8931003,1.5729771,-1.5646596,0.45479107,0.44327244,-0.77244735,0
0.86249065,4.8411279,-2.4634025,0.45479107,0.44327244,-0.77244735,0
-2.9838507,-0.60945809,3.7335873,-0.45479107,-0.44327244,0.77244735,0
6.5742512,1.8078156,-0.78172636,0.63749462,0.44363052,0.62991488,0
4.056603,-2.7149968,1.6406932,0.62190509,-0.77891052,-0.080824435,0
-1.4185257,-3.2247522,3.0456724,-0.45479107,-0.44327244,0.77244735,0
-0.086752653,5.6569262,1.5063657,-0.62190509,0.77891052,0.080824435,0
1.8042321,0.20475674,5.1420813,0.63749462,0.44363052,0.62991488,0
6.6782627,-0.32809591,-1.4814658,0.62190509,-0.77891052,-0.080824435,0
-5.7380557,0.4375639,-1.5120282,-0.63749462,-0.44363052,-0.62991488,0
1.5971742,0.48192692,5.3424373,0.63749462,0.44363052,0.62991488,0
0.63193655,-0.78570288,-5.8262115,0.45479107,0.44327244,-0.77244735,0
-2.5379593,-3.8627877,-1.7031652,-0.63749462,-0.44363052,-0.62991488,0
3.08428,5.6030245,0.024451494,0.63749462,0.44363052,0.62991488,0
-0.32451773,5.4196935,1.6520481,-0.62190509,0.77891052,0.080824435,0
1.5568161,3.1455748,-3.0753455,0.45479107,0.44327244,-0.77244735,0
-0.033424854,5.8996243,-0.71372223,-0.62190509,0.77891052,0.080824435,0
-3.5669765,2.7762694,1.3511753,-0.62190509,0.77891052,0.080824435,0
-0.5058279,-0.69230312,5.0619202,-0.45479107,-0.44327244,0.77244735,0
1.2396379,-2.4466426,5.1087651,-0.45479107,-0.44327244,0.77244735,0
1.410707,-3.5655477,-5.9987135,-0.63749462,-0.44363052,-0.62991488,0
4.2306404,2.1621215,1.2553775,0.63749462,0.44363052,0.62991488,0
1.5376511,-4.8116341,3.9352856,-0.45479107,-0.44327244,0.77244735,0
-4.7502022,-2.8321688,-0.47602034,-0.63749462,-0.44363052,-0.62991488,0
-0.37625653,-5.4357648,-2.8135371,-0.63749462,-0.44363052,-0.62991488,0
2.1953347,-3.3089557,-6.301816,0.62190509,-0.77891052,-0.080824435,0
1.2295258,-3.8366885,-5.771451,-0.63749462,-0.44363052,-0.62991488,0
-6.5714726,-0.61387777,1.7331696,-0.45479107,-0.44327244,0.77244735,0
-0.059750199,-3.7182212,-4.4206738,-0.63749462,-0.44363052,-0.62991488,0
-1.8157239,1.1778558,5.4615107,-0.45479107,-0.44327244,0.77244735,0
3.3360324,4.3826475,0.56125963,0.63749462,0.44363052,0.62991488,0
3.2922776,2.9460096,1.8938377,0.63749462,0.44363052,0.62991488,0
-7.0003562,-1.1435995,0.89953804,-0.63749462,-0.44363052,-0.62991488,0
-1.4972897,0.50858277,5.1175089,-0.45479107,-0.44327244,0.77244735,0
3.7707109,-1.4716103,4.324543,0.63749462,0.44363052,0.62991488,0
1.298686,-5.0134969,3.0813594,0.62190509,-0.77891052,-0.080824435,0
-7.1637225,-0.13011122,0.64214087,-0.62190509,0.77891052,0.080824435,0
-2.249311,-7.317533,0.31084621,-0.63749462,-0.44363052,-0.62991488,0
-3.7965922,-0.022596359,3.4610841,-0.45479107,-0.44327244,0.77244735,0
-1.542304,0.61219752,5.2792239,-0.45479107,-0.44327244,0.77244735,0
0.68450308,-5.0803986,3.3124187,-0.45479107,-0.44327244,0.77244735,0
-3.5968554,-2.1629393,-1.8414352,-0.63749462,-0.44363052,-0.62991488,0
1.3183064,6.9200258,-1.0449176,-0.62190509,0.77891052,0.080824435,0
0.24171472,5.8082757,1.3514895,-0.62190509,0.77891052,0.080824435,0
-0.0031833649,-5.8786063,-0.22771287,0.62190509,-0.77891052,-0.080824435,0
0.33274937,1.2638357,-4.8178186,0.45479107,0.44327244,-0.77244735,0
3.4910002,-2.7874784,5.4571285,0.63749462,0.44363052,0.62991488,0
4.0539384,-1.9338517,-4.4989681,0.45479107,0.44327244,-0.77244735,0
-3.2634995,-4.790453,-0.3348881,-0.63749462,-0.44363052,-0.62991488,0
4.622694,3.2832201,-1.1849961,0.45479107,0.44327244,-0.77244735,0
0.45307612,5.9159598,2.4350362,0.63749462,0.44363052,0.62991488,0
-2.6699462,3.4550543,2.5484655,-0.62190509,0.77891052,0.080824435,0
4.6661763,-0.37201309,2.5857708,0.63749462,0.44363052,0.62991488,0
-4.173914,-1.5581458,2.5910239,-0.45479107,-0.44327244,0.77244735,0
3.6945136,3.0092876,-2.0314908,0.45479107,0.44327244,-0.77244735,0
-1.0752792,5.2530966,-2.627965,-0.62190509,0.77891052,0.080824435,0
-3.9190674,-4.1413584,-0.24035788,-0.63749462,-0.44363052,-0.62991488,0
-1.2093401,4.9869142,-1.0144975,-0.62190509,0.77891052,0.080824435,0
4.6881657,-0.71740556,-3.4396186,0.45479107,0.44327244,-0.77244735,0
0.27104783,-2.7832723,-5.5451493,-0.63749462,-0.44363052,-0.62991488,0
-5.4163094,-2.5347517,1.1404388,-0.45479107,-0.44327244,0.77244735,0
1.3104932,4.2844429,2.8624504,0.63749462,0.44363052,0.62991488,0
2.7302237,3.6744246,-2.1980944,0.45479107,0.44327244,-0.77244735,0
-1.9159219,-6.3705096,-0.71683639,-0.63749462,-0.44363052,-0.62991488,0
-2.5773714,3.4894619,3.3253865,-0.62190509,0.77891052,0.080824435,0
-4.8875589,2.3594422,-3.6614366,-0.62190509,0.77891052,0.080824435,0
-3.0907965,-3.8703763,-1.3773621,-0.63749462,-0.44363052,-0.62991488,0
-5.6691284,-1.154273,-0.44710684,-0.63749462,-0.44363052,-0.62991488,0
1.2157788,0.66270304,5.575943,0.63749462,0.44363052,0.62991488,0
-0.33711481,3.3224087,-4.1233878,0.45479107,0.44327244,-0.77244735,0
-1.9108031,-0.36872816,-5.0931034,-0.63749462,-0.44363052,-0.62991488,0
-0.95202017,3.5962253,5.5569601,0.63749462,0.44363052,0.62991488,0
5.6587849,-1.3221269,1.6555395,0.62190509,-0.77891052,-0.080824435,0
-6.1591239,-1.3687363,1.4870839,-0.45479107,-0.44327244,0.77244735,0
1.5320373,-3.2781188,-6.3819637,-0.63749462,-0.44363052,-0.62991488,0
-0.65491295,-6.4639373,0.97520375,0.62190509,-0.77891052,-0.080824435,0
-1.5325761,-5.6722431,-1.618377,-0.63749462,-0.44363052,-0.62991488,0
-2.1501951,4.2382941,-4.6132631,0.45479107,0.44327244,-0.77244735,0
1.9310253,-2.7789876,-6.304759,0.45479107,0.44327244,-0.77244735,0
-2.9185803,-3.3446159,-1.912447,-0.63749462,-0.44363052,-0.62991488,0
0.77287865,6.3689952,-0.47782636,-0.62190509,0.77891052,0.080824435,0
1.9686437,6.366961,0.73075569,0.63749462,0.44363052,0.62991488,0
-3.0426583,-1.7550672,2.9754288,-0.45479107,-0.44327244,0.77244735,0
1.6507115,-4.5778675,0.5844748,0.62190509,-0.77891052,-0.080824435,0
-5.7890377,0.015300274,2.3170447,-0.45479107,-0.44327244,0.77244735,0
0.71555185,-5.1021442,-0.22623324,0.62190509,-0.77891052,-0.080824435,0
-2.8125308,2.4727912,5.7037497,-0.45479107,-0.44327244,0.77244735,0
2.9078169,-3.3184385,5.7349234,-0.45479107,-0.44327244,0.77244735,0
-4.9914517,0.54314899,-2.3609686,-0.63749462,-0.44363052,-0.62991488,0
-1.59931,-4.1096325,-2.5895178,-0.63749462,-0.44363052,-0.62991488,0
-2.6044965,-3.3060791,-2.2053699,-0.63749462,-0.44363052,-0.62991488,0
1.9751502,-3.8948865,-1.8749526,0.62190509,-0.77891052,-0.080824435,0
-1.3593273,4.193399,3.8914423,-0.62190509,0.77891052,0.080824435,0
0.52786493,1.5685815,5.5316086,0.63749462,0.44363052,0.62991488,0
-0.72108561,-5.3492188,-2.6443207,-0.63749462,-0.44363052,-0.62991488,0
1.0903839,-4.7682505,-0.80054951,0.62190509,-0.77891052,-0.080824435,0
-1.6009831,-5.4350944,1.6350996,-0.45479107,-0.44327244,0.77244735,0
1.9466534,-1.0187483,-5.1826954,0.45479107,0.44327244,-0.77244735,0
3.1762414,4.2974453,0.78054041,0.63749462,0.44363052,0.62991488,0
3.0257611,6.2369843,-0.42703184,0.63749462,0.44363052,0.62991488,0
3.5292315,-3.3774073,5.2066584,0.62190509,-0.77891052,-0.080824435,0
5.4959741,1.291157,-1.973999,0.45479107,0.44327244,-0.77244735,0
-1.8573453,3.9922786,4.103363,-0.62190509,0.77891052,0.080824435,0
-1.062484,-4.3361683,-3.1425478,-0.63749462,-0.44363052,-0.62991488,0
-2.6498256,-4.6032772,1.5787575,-0.45479107,-0.44327244,0.77244735,0
-3.055027,-4.0379338,1.7408396,-0.45479107,-0.44327244,0.77244735,0
5.0651622,1.678637,0.75158572,0.63749462,0.44363052,0.62991488,0
-6.0477533,-0.58856201,-0.58766747,-0.63749462,-0.44363052,-0.62991488,0
-6.3922234,-0.50502014,1.7551336,-0.45479107,-0.44327244,0.77244735,0
5.8366418,1.619031,-1.5834932,0.45479107,0.44327244,-0.77244735,0
-6.0263863,-1.5574059,0.051352501,-0.63749462,-0.44363052,-0.62991488,0
-0.43135643,-1.2842578,-5.6749325,-0.63749462,-0.44363052,-0.62991488,0
-2.7828732,3.8186831,-1.4071801,-0.62190509,0.77891052,0.080824435,0
-1.0348978,-6.6020555,-0.020006776,0.62190509,-0.77891052,-0.080824435,0
-0.32293463,-0.88383234,-6.3388243,-0.63749462,-0.44363052,-0.62991488,0
2.8819406,1.888356,2.8461382,0.63749462,0.44363052,0.62991488,0
-6.0218315,1.1855674,-0.90904188,-0.62190509,0.77891052,0.080824435,0
5.6456513,2.3622289,-0.16183376,0.63749462,0.44363052,0.62991488,0
0.30662465,2.7994051,4.9432783,0.63749462,0.44363052,0.62991488,0
-0.41878366,-6.1106911,-0.89686286,0.62190509,-0.77891052,-0.080824435,0
-3.1387575,3.0803995,3.036392,-0.62190509,0.77891052,0.080824435,0
-5.2900114,-2.3742065,1.2629902,-0.45479107,-0.44327244,0.77244735,0
3.453959,-2.5775061,5.3056564,0.63749462,0.44363052,0.62991488,0
-5.059423,-3.214381,0.90715408,-0.45479107,-0.44327244,0.77244735,0
2.4147801,-3.4100845,5.2393088,-0.45479107,-0.44327244,0.77244735,0
4.7114024,-2.2795722,1.8324981,0.62190509,-0.77891052,-0.080824435,0
0.49309349,-2.2388334,4.8915749,-0.45479107,-0.44327244,0.77244735,0
-0.73760939,-0.81040061,-5.8205633,-0.63749462,-0.44363052,-0.62991488,0
4.2295732,3.414762,-1.4572167,0.45479107,0.44327244,-0.77244735,0
3.7218773,3.4959273,0.92094028,0.63749462,0.44363052,0.62991488,0
-2.2478957,3.3047862,6.4078598,-0.45479107,-0.44327244,0.77244735,0
-1.6503162,4.7061257,-2.7714584,-0.62190509,0.77891052,0.080824435,0
2.9525864,1.7705413,-3.196826,0.45479107,0.44327244,-0.77244735,0
-3.1087549,2.8117723,5.441452,-0.62190509,0.77891052,0.080824435,0
-6.2467928,0.9129858,-1.0622773,-0.62190509,0.77891052,0.080824435,0
-4.9870634,-3.8813407,0.64673972,-0.63749462,-0.44363052,-0.62991488,0
-3.0587072,0.17181134,-4.2190847,-0.63749462,-0.44363052,-0.62991488,0
-2.4293621,-6.3292179,-0.087099969,-0.63749462,-0.44363052,-0.62991488,0
-2.5108089,-2.6170602,2.7649634,-0.45479107,-0.44327244,0.77244735,0
5.6396646,2.5433602,-1.165401,0.45479107,0.44327244,-0.77244735,0
-1.0951447,-0.10880774,5.0152693,-0.45479107,-0.44327244,0.77244735,0
3.4968455,2.3105946,-2.4789555,0.45479107,0.44327244,-0.77244735,0
4.3040147,-2.3335001,0.28624916,0.62190509,-0.77891052,-0.080824435,0
0.65750813,-4.3948255,-4.7282095,-0.63749462,-0.44363052,-0.62991488,0
-1.6782933,-3.2154739,-3.1813226,-0.63749462,-0.44363052,-0.62991488,0
6.1364574,1.6600809,-0.33454561,0.63749462,0.44363052,0.62991488,0
-3.3222806,-4.7782698,-0.50943851,-0.63749462,-0.44363052,-0.62991488,0
2.3426714,-3.4804707,-5.306016,0.62190509,-0.77891052,-0.080824435,0
-2.2369568,-4.0228348,-2.0125766,-0.63749462,-0.44363052,-0.62991488,0
2.1563561,-3.582603,-4.069562,0.62190509,-0.77891052,-0.080824435,0
1.5689039,4.8843417,-2.168967,0.45479107,0.44327244,-0.77244735,0
-3.2412734,1.5687771,-4.8323669,-0.63749462,-0.44363052,-0.62991488,0
3.8012695,-0.80974996,-3.9270499,0.45479107,0.44327244,-0.77244735,0
-3.9587965,0.89945877,3.9547768,-0.45479107,-0.44327244,0.77244735,0
3.1200013,-3.4239438,2.2035491,0.62190509,-0.77891052,-0.080824435,0
3.902101,-2.5300064,-1.5005913,0.62190509,-0.77891052,-0.080824435,0
3.8242717,-2.6399555,-0.77287149,0.62190509,-0.77891052,-0.080824435,0
0.72173941,5.7458777,2.3221629,0.63749462,0.44363052,0.62991488,0
-0.53562391,-3.6659315,-3.9747651,-0.63749462,-0.44363052,-0.62991488,0
-0.089206696,-2.4235005,4.2590618,-0.45479107,-0.44327244,0.77244735,0
1.5350046,6.0364017,-1.477573,0.45479107,0.44327244,-0.77244735,0
0.27738333,5.9692698,-0.15391588,-0.62190509,0.77891052,0.080824435,0
-0.61439991,2.1949046,-4.8251905,0.45479107,0.44327244,-0.77244735,0
2.0639601,0.061725616,5.0557923,0.63749462,0.44363052,0.62991488,0
-5.9397907,-2.1845503,0.5568819,-0.63749462,-0.44363052,-0.62991488,0
4.5174694,2.8547306,-1.6079023,0.45479107,0.44327244,-0.77244735,0
6.7056713,0.79090405,-0.19185448,0.63749462,0.44363052,0.62991488,0
0.17948937,5.724225,2.8558888,-0.62190509,0.77891052,0.080824435,0
-5.6422205,-2.1137238,0.088093281,-0.63749462,-0.44363052,-0.62991488,0
5.746109,2.3513885,-1.0413041,0.45479107,0.44327244,-0.77244735,0
3.2071948,-2.2909586,5.3839302,0.63749462,0.44363052,0.62991488,0
-3.8523874,-2.881897,-1.3312907,-0.63749462,-0.44363052,-0.62991488,0
4.1657314,3.4958069,-1.3639361,0.45479107,0.44327244,-0.77244735,0
0.35764122,2.4143791,5.1545892,0.63749462,0.44363052,0.62991488,0
4.3431983,1.3504677,-2.4251122,0.45479107,0.44327244,-0.77244735,0
1.4837875,5.1606407,-2.0754545,0.45479107,0.44327244,-0.77244735,0
-1.811666,0.73796344,-5.7329855,-0.63749462,-0.44363052,-0.62991488,0
4.3310318,-2.1245687,-0.74165916,0.62190509,-0.77891052,-0.080824435,0
-5.1065578,-1.1430154,2.0879359,-0.45479107,-0.44327244,0.77244735,0
1.2979732,-2.8169906,5.0597849,-0.45479107,-0.44327244,0.77244735,0
-0.46750879,-2.6659257,4.0356941,-0.45479107,-0.44327244,0.77244735,0
-0.62509155,3.8851104,-4.0665426,0.45479107,0.44327244,-0.77244735,0
-0.58379167,5.0121889,3.6127272,-0.62190509,0.77891052,0.080824435,0
-0.93549109,-6.0574512,-1.8020433,-0.63749462,-0.44363052,-0.62991488,0
-0.96817052,-4.1048446,-3.3403103,-0.63749462,-0.44363052,-0.62991488,0
-1.6741638,4.7260876,-3.6381805,-0.62190509,0.77891052,0.080824435,0
-4.6886806,-3.6656215,0.96492815,-0.45479107,-0.44327244,0.77244735,0
-1.28476,0.31826782,-6.0510759,-0.63749462,-0.44363052,-0.62991488,0
-4.6771088,-4.1532106,0.80401564,-0.45479107,-0.44327244,0.77244735,0
6.7917099,-0.26890945,-1.7605214,0.62190509,-0.77891052,-0.080824435,0
-5.0422759,1.9420936,-1.2390952,-0.62190509,0.77891052,0.080824435,0
0.4446063,6.3051667,-0.50086045,-0.62190509,0.77891052,0.080824435,0
2.4511671,-4.2093062,4.9212093,-0.45479107,-0.44327244,0.77244735,0
1.0138044,1.3620273,5.2503362,0.63749462,0.44363052,0.62991488,0
6.5700092,-0.3375926,-0.99452782,0.62190509,-0.77891052,-0.080824435,0
0.36603737,-1.271309,5.3120956,-0.45479107,-0.44327244,0.77244735,0
1.3759997,6.8293514,0.77850831,-0.62190509,0.77891052,0.080824435,0
-0.94123077,-1.9640632,4.0221567,-0.45479107,-0.44327244,0.77244735,0
2.8326035,-1.6353278,5.5671048,0.63749462,0.44363052,0.62991488,0
3.2670989,-1.5234286,-4.6697946,0.45479107,0.44327244,-0.77244735,0
-4.7336874,-3.3011699,-0.058088303,-0.63749462,-0.44363052,-0.62991488,0
0.15096974,-5.4946303,-1.4422139,0.62190509,-0.77891052,-0.080824435,0
-1.8413898,-5.1124973,-1.6020935,-0.63749462,-0.44363052,-0.62991488,0
3.6892381,2.4545529,1.6848838,0.63749462,0.44363052,0.62991488,0
1.3491306,3.4305675,3.3485701,0.63749462,0.44363052,0.62991488,0
5.6327109,0.95291328,0.73761225,0.63749462,0.44363052,0.62991488,0
4.5475621,0.68670225,2.039499,0.63749462,0.44363052,0.62991488,0
-5.3581448,-2.4985061,1.3086824,-0.45479107,-0.44327244,0.77244735,0
0.92913783,3.1142485,3.9403443,0.63749462,0.44363052,0.62991488,0
2.773212,5.7206607,-0.79314256,0.45479107,0.44327244,-0.77244735,0
-1.1546516,-0.46064854,-5.7952423,-0.63749462,-0.44363052,-0.62991488,0
5.8319807,2.4209032,-1.054616,0.45479107,0.44327244,-0.77244735,0
-3.1097951,0.73325598,4.52384,-0.45479107,-0.44327244,0.77244735,0
1.0689805,2.1667814,4.5493779,0.63749462,0.44363052,0.62991488,0
-2.4496269,1.4898493,5.1438789,-0.45479107,-0.44327244,0.77244735,0
-5.254333,-3.2283115,0.41375041,-0.63749462,-0.44363052,-0.62991488,0
-3.1206346,-0.9828825,-3.2172661,-0.63749462,-0.44363052,-0.62991488,0
6.2220497,2.3314972,-0.79872274,0.45479107,0.44327244,-0.77244735,0
-2.3038082,4.2621841,-2.0047822,-0.62190509,0.77891052,0.080824435,0
3.4691315,-3.2182293,1.8211515,0.62190509,-0.77891052,-0.080824435,0
3.2960339,-2.7189374,-3.4663963,0.62190509,-0.77891052,-0.080824435,0
3.3349826,-1.162164,4.69209,0.63749462,0.44363052,0.62991488,0
-0.78497386,4.8821807,3.4301047,-0.62190509,0.77891052,0.080824435,0
3.9144909,-2.2232008,4.6113653,0.63749462,0.44363052,0.62991488,0
0.56443119,-4.1926436,-4.832067,-0.63749462,-0.44363052,-0.62991488,0
-1.1797385,-6.7366352,-0.91510999,0.62190509,-0.77891052,-0.080824435,0
0.85801506,5.1053333,-2.3351223,0.45479107,0.44327244,-0.77244735,0
2.1023283,-1.392957,5.9001255,0.63749462,0.44363052,0.62991488,0
5.6685863,2.1724906,-0.15387678,0.63749462,0.44363052,0.62991488,0
2.7395709,-3.6490808,1.5613234,0.62190509,-0.77891052,-0.080824435,0
-1.8697414,1.5600065,-5.9541373,0.45479107,0.44327244,-0.77244735,0
-0.8634131,-2.740519,-4.4978852,-0.63749462,-0.44363052,-0.62991488,0
-4.9031744,1.8420606,0.068201065,-0.62190509,0.77891052,0.080824435,0
-3.9103103,-2.3633282,-1.6220789,-0.63749462,-0.44363052,-0.62991488,0
-1.8322549,0.3201704,-5.6590834,-0.63749462,-0.44363052,-0.62991488,0
5.3761811,1.6669302,-1.8141198,0.45479107,0.44327244,-0.77244735,0
-1.1974254,-3.3264351,3.3379111,-0.45479107,-0.44327244,0.77244735,0
-0.33586195,4.9119849,3.9632645,0.63749462,0.44363052,0.62991488,0
5.3215599,-1.8324926,1.9318147,0.62190509,-0.77891052,-0.080824435,0
5.6043611,1.0181673,-2.052846,0.45479107,0.44327244,-0.77244735,0
4.7129154,-1.5484302,3.5323997,0.63749462,0.44363052,0.62991488,0
-0.82083607,-3.8901141,-3.6048777,-0.63749462,-0.44363052,-0.62991488,0
-0.85817933,-6.139874,-2.0453105,-0.63749462,-0.44363052,-0.62991488,0
2.454361,5.4983821,0.85029161,0.63749462,0.44363052,0.62991488,0
-0.45533371,1.2086103,-5.3469982,0.45479107,0.44327244,-0.77244735,0
2.3796992,2.0946705,-3.3500345,0.45479107,0.44327244,-0.77244735,0
1.2169929,1.7437006,4.7486949,0.63749462,0.44363052,0.62991488,0
-0.41778755,1.3810563,6.3226109,-0.45479107,-0.44327244,0.77244735,0
-6.3763051,0.77803469,-0.19826174,-0.62190509,0.77891052,0.080824435,0
-3.3038781,1.8004738,4.9885545,-0.45479107,-0.44327244,0.77244735,0
-4.11373,-1.0322917,2.7171023,-0.45479107,-0.44327244,0.77244735,0
4.1821856,4.3404436,0.0007390976,0.63749462,0.44363052,0.62991488,0
5.0819998,1.4308434,1.0133579,0.63749462,0.44363052,0.62991488,0
2.9546041,-3.0519037,-3.53757,0.62190509,-0.77891052,-0.080824435,0
5.6761408,1.3128753,-1.7630754,0.45479107,0.44327244,-0.77244735,0
-5.9200282,0.34700394,2.4748974,-0.45479107,-0.44327244,0.77244735,0
-3.2478156,-3.8057392,-1.1082616,-0.63749462,-0.44363052,-0.62991488,0
-1.4411073,-0.50414526,4.6251726,-0.45479107,-0.44327244,0.77244735,0
-3.9943199,-4.6699758,0.22554195,-0.63749462,-0.44363052,-0.62991488,0
0.90263224,6.5698652,-0.78044164,-0.62190509,0.77891052,0.080824435,0
3.4333782,5.4675317,-0.69614476,0.45479107,0.44327244,-0.77244735,0
5.9414206,-1.0664554,0.60169792,0.62190509,-0.77891052,-0.080824435,0
1.9570518,-1.1442282,5.8834257,0.63749462,0.44363052,0.62991488,0
-5.6415486,-2.8738384,0.87670445,-0.45479107,-0.44327244,0.77244735,0
-2.9151506,-4.0789008,-1.3068254,-0.63749462,-0.44363052,-0.62991488,0
3.3335919,5.5224338,-0.66405684,0.45479107,0.44327244,-0.77244735,0
3.2250273,-2.7691762,-4.7649508,0.62190509,-0.77891052,-0.080824435,0
-4.745337,2.0178969,-0.37251425,-0.62190509,0.77891052,0.080824435,0
-4.458251,1.93628,3.0256896,-0.62190509,0.77891052,0.080824435,0
-0.29872704,-1.0629725,-6.1070495,-0.63749462,-0.44363052,-0.62991488,0
0.16645026,5.7042894,1.3050458,-0.62190509,0.77891052,0.080824435,0
0.36780882,-2.6515889,4.4572606,-0.45479107,-0.44327244,0.77244735,0
5.3215632,-0.56891966,-2.9540734,0.45479107,0.44327244,-0.77244735,0
-3.4370756,-1.5466449,-2.58828,-0.63749462,-0.44363052,-0.62991488,0
5.2434702,-0.17180681,-2.785717,0.45479107,0.44327244,-0.77244735,0
0.5901171,4.6643395,3.2802913,0.63749462,0.44363052,0.62991488,0
-3.3655071,-1.8380482,-2.3469152,-0.63749462,-0.44363052,-0.62991488,0
-2.5770221,-0.83049488,-4.087059,-0.63749462,-0.44363052,-0.62991488,0
-2.2923002,-4.0185008,2.2454848,-0.45479107,-0.44327244,0.77244735,0
3.6788175,2.3585892,1.6086628,0.63749462,0.44363052,0.62991488,0
0.31646585,-3.5514035,3.9427834,-0.45479107,-0.44327244,0.77244735,0
0.93870306,-2.1190553,5.2285028,-0.45479107,-0.44327244,0.77244735,0
-1.4223125,-1.4474808,-4.6073408,-0.63749462,-0.44363052,-0.62991488,0
2.9979663,5.8745685,-0.7258721,0.45479107,0.44327244,-0.77244735,0
4.7627993,-0.4899199,-3.275245,0.45479107,0.44327244,-0.77244735,0
3.2976158,5.8084111,-0.3159008,0.63749462,0.44363052,0.62991488,0
-2.1446722,3.8335142,2.2621572,-0.62190509,0.77891052,0.080824435,0
6.2219219,-0.58366203,-2.1492949,0.62190509,-0.77891052,-0.080824435,0
-1.7679477,-1.5507259,-4.2097411,-0.63749462,-0.44363052,-0.62991488,0
-5.663589,-1.3086982,-0.51675081,-0.63749462,-0.44363052,-0.62991488,0
2.9926219,0.00021886826,4.0149817,0.63749462,0.44363052,0.62991488,0
4.0888338,1.1928031,2.3177397,0.63749462,0.44363052,0.62991488,0
3.7582049,-3.1025784,1.9446003,0.62190509,-0.77891052,-0.080824435,0
-1.2611049,-2.5022995,-4.0373106,-0.63749462,-0.44363052,-0.62991488,0
-0.42000532,2.475652,5.7149487,0.63749462,0.44363052,0.62991488,0
-5.3745308,0.66203594,-2.0994868,-0.63749462,-0.44363052,-0.62991488,0
-4.1653943,-2.8632698,-0.90736437,-0.63749462,-0.44363052,-0.62991488,0
-5.8837461,1.1526418,0.24677992,-0.62190509,0.77891052,0.080824435,0
1.7900766,-3.9055576,-3.2054513,0.62190509,-0.77891052,-0.080824435,0
-3.775521,0.27264667,3.6899669,-0.45479107,-0.44327244,0.77244735,0
-0.76419926,-0.98250759,4.7780085,-0.45479107,-0.44327244,0.77244735,0
-6.1712208,1.0134945,-1.5124693,-0.62190509,0.77891052,0.080824435,0
4.1409802,1.1241384,-2.6996291,0.45479107,0.44327244,-0.77244735,0
-4.0212474,-4.0714464,-0.26477957,-0.63749462,-0.44363052,-0.62991488,0
0.86112976,-2.7322083,4.7645416,-0.45479107,-0.44327244,0.77244735,0
-2.868073,3.5883336,-0.2963748,-0.62190509,0.77891052,0.080824435,0
-2.9068282,-3.4438353,2.0675297,-0.45479107,-0.44327244,0.77244735,0
-4.6799183,1.7816586,1.5638843,-0.62190509,0.77891052,0.080824435,0
-7.6035171,-0.47461414,1.0913897,-0.45479107,-0.44327244,0.77244735,0
0.56052148,-5.1323004,-3.0254831,0.62190509,-0.77891052,-0.080824435,0
2.9915385,-3.3400517,-1.0141287,0.62190509,-0.77891052,-0.080824435,0
-3.6688943,-2.0247116,-1.8962786,-0.63749462,-0.44363052,-0.62991488,0
3.1540608,-3.4792516,1.0921135,0.62190509,-0.77891052,-0.080824435,0
3.9613163,-1.91871,4.4357953,0.63749462,0.44363052,0.62991488,0
1.2441058,-4.791482,-0.44406629,0.62190509,-0.77891052,-0.080824435,0
-3.74843,-0.95988083,3.1945708,-0.45479107,-0.44327244,0.77244735,0
-4.4930553,-0.76234818,-2.0715008,-0.63749462,-0.44363052,-0.62991488,0
6.4865341,1.4080405,-0.56410217,0.63749462,0.44363052,0.62991488,0
-0.76176453,5.4755049,-1.8828769,-0.62190509,0.77891052,0.080824435,0
-3.7279556,-1.9006169,-2.1732321,-0.63749462,-0.44363052,-0.62991488,0
4.3587399,-0.16395187,-3.3138597,0.45479107,0.44327244,-0.77244735,0
3.527853,-3.4141557,3.9146001,0.62190509,-0.77891052,-0.080824435,0
2.9291766,-3.2090473,-2.4667633,0.62190509,-0.77891052,-0.080824435,0
4.5475178,3.8364289,-0.91723061,0.45479107,0.44327244,-0.77244735,0
-2.575913,-4.370223,-1.4992204,-0.63749462,-0.44363052,-0.62991488,0
-4.3132005,1.729512,-3.8487744,-0.63749462,-0.44363052,-0.62991488,0
3.0076549,-0.26770663,4.1988091,0.63749462,0.44363052,0.62991488,0
-3.3675292,3.4427125,-2.5819466,-0.62190509,0.77891052,0.080824435,0
0.48038769,3.9312344,-3.226764,0.45479107,0.44327244,-0.77244735,0
-0.11000144,4.2025142,4.3857689,0.63749462,0.44363052,0.62991488,0
-2.8151226,3.3389034,2.0071163,-0.62190509,0.77891052,0.080824435,0
2.1140032,-1.2390914,5.7441506,0.63749462,0.44363052,0.62991488,0
1.0827394,3.7763252,3.3461273,0.63749462,0.44363052,0.62991488,0
0.81195897,3.6641245,3.6861548,0.63749462,0.44363052,0.62991488,0
3.0655715,3.5294862,-1.9513037,0.45479107,0.44327244,-0.77244735,0
-0.27414596,-5.6193981,-2.9025624,-0.63749462,-0.44363052,-0.62991488,0
-5.3341465,-3.1227586,0.52260256,-0.63749462,-0.44363052,-0.62991488,0
-1.0303812,-4.3582988,2.777503,-0.45479107,-0.44327244,0.77244735,0
6.1759315,1.1880498,0.11966753,0.63749462,0.44363052,0.62991488,0
4.3629017,0.50991631,2.2494259,0.63749462,0.44363052,0.62991488,0
5.8251638,2.1151052,-0.19572973,0.63749462,0.44363052,0.62991488,0
0.21702623,2.6793659,4.9418836,0.63749462,0.44363052,0.62991488,0
-6.2174902,-0.73219347,1.822082,-0.45479107,-0.44327244,0.77244735,0
-3.6460867,-4.4336505,-0.27831411,-0.63749462,-0.44363052,-0.62991488,0
3.2919288,2.7616212,1.912976,0.63749462,0.44363052,0.62991488,0
5.0802946,-1.6986709,-0.53229761,0.62190509,-0.77891052,-0.080824435,0
-1.657979,-5.6502724,1.7047881,-0.45479107,-0.44327244,0.77244735,0
-0.70508242,-1.231342,4.6377201,-0.45479107,-0.44327244,0.77244735,0
-0.41237307,-6.1005421,0.94222689,0.62190509,-0.77891052,-0.080824435,0
-0.67866993,-3.4495802,3.4361591,-0.45479107,-0.44327244,0.77244735,0
1.8314219,-2.6784241,5.454205,-0.45479107,-0.44327244,0.77244735,0
1.804553,0.30277359,-4.6273465,0.45479107,0.44327244,-0.77244735,0
-4.6856651,2.18543,-0.89869595,-0.62190509,0.77891052,0.080824435,0
4.2879701,-2.3411534,-1.195261,0.62190509,-0.77891052,-0.080824435,0
4.9307551,-1.5810759,-2.709877,0.62190509,-0.77891052,-0.080824435,0
-0.012010098,-2.7368097,4.1362286,-0.45479107,-0.44327244,0.77244735,0
-5.5747008,-0.55625582,-1.2519088,-0.63749462,-0.44363052,-0.62991488,0
-1.0612464,-0.25723785,4.9899035,-0.45479107,-0.44327244,0.77244735,0
-3.3087666,-0.70644915,3.4944811,-0.45479107,-0.44327244,0.77244735,0
-7.0212913,-0.72158003,0.59816027,-0.63749462,-0.44363052,-0.62991488,0
3.8197029,-1.6849062,4.5729461,0.63749462,0.44363052,0.62991488,0
-1.8904619,4.6396084,-3.8936129,-0.62190509,0.77891052,0.080824435,0
-5.4671183,1.3671362,-0.6491189,-0.62190509,0.77891052,0.080824435,0
1.102191,0.89490783,5.3851643,0.63749462,0.44363052,0.62991488,0
2.980552,5.302299,0.34352249,0.63749462,0.44363052,0.62991488,0
5.3604765,3.464927,-0.70719767,0.45479107,0.44327244,-0.77244735,0
2.5388639,0.32595575,-4.1853247,0.45479107,0.44327244,-0.77244735,0
-1.1486974,0.1984992,-5.9750099,-0.63749462,-0.44363052,-0.62991488,0
-3.061017,3.6258957,-2.1380625,-0.62190509,0.77891052,0.080824435,0
-1.7764153,3.4980421,-4.9930768,0.45479107,0.44327244,-0.77244735,0
2.2910464,-0.94327682,-5.1252112,0.45479107,0.44327244,-0.77244735,0
2.6561308,3.0079176,-2.4939263,0.45479107,0.44327244,-0.77244735,0
-4.9008756,1.7315927,0.63958597,-0.62190509,0.77891052,0.080824435,0
2.7790895,2.4345546,2.7475138,0.63749462,0.44363052,0.62991488,0
2.689636,-2.6832545,-5.774682,0.45479107,0.44327244,-0.77244735,0
0.15774918,-5.617651,0.73997569,0.62190509,-0.77891052,-0.080824435,0
-1.21508,4.9006357,-0.6157577,-0.62190509,0.77891052,0.080824435,0
3.7999954,1.0349183,2.5984197,0.63749462,0.44363052,0.62991488,0
5.0493288,2.5119433,0.10806942,0.63749462,0.44363052,0.62991488,0
2.4632907,0.99212694,3.84921,0.63749462,0.44363052,0.62991488,0
-4.1702499,-4.1591516,0.13705659,-0.63749462,-0.44363052,-0.62991488,0
4.1213136,4.5046916,-0.11863017,0.63749462,0.44363052,0.62991488,0
-0.82494044,-6.2450976,-1.5789343,0.62190509,-0.77891052,-0.080824435,0
0.14024496,3.4050086,-3.6650536,0.45479107,0.44327244,-0.77244735,0
2.9732184,-3.1453314,-2.296473,0.62190509,-0.77891052,-0.080824435,0
-1.496582,-0.53972054,-5.2967257,-0.63749462,-0.44363052,-0.62991488,0
2.0808501,1.7158232,-3.5637095,0.45479107,0.44327244,-0.77244735,0
-0.018050998,4.820303,3.6989305,0.63749462,0.44363052,0.62991488,0
1.2545996,-1.7022725,5.6117682,-0.45479107,-0.44327244,0.77244735,0
1.2036638,-3.7231805,-5.6297216,-0.63749462,-0.44363052,-0.62991488,0
3.5743787,-2.5375383,-3.0950503,0.62190509,-0.77891052,-0.080824435,0
6.2690516,2.0603194,-0.57923937,0.63749462,0.44363052,0.62991488,0
-2.3180165,-7.0117249,0.044770062,-0.63749462,-0.44363052,-0.62991488,0
0.59199905,-2.0862985,-6.2289538,-0.63749462,-0.44363052,-0.62991488,0
-3.3316362,-5.8888679,0.45031315,-0.63749462,-0.44363052,-0.62991488,0
-3.0885057,-5.503509,0.86790049,-0.45479107,-0.44327244,0.77244735,0
-3.0901341,3.7955141,-3.6007824,-0.62190509,0.77891052,0.080824435,0
-1.9393969,3.5913334,5.1337733,-0.62190509,0.77891052,0.080824435,0
-1.2415512,-4.8441782,-2.4103985,-0.63749462,-0.44363052,-0.62991488,0
-1.4980364,4.3469434,2.2669268,-0.62190509,0.77891052,0.080824435,0
-3.0487082,3.1562757,1.7107749,-0.62190509,0.77891052,0.080824435,0
1.9192095,2.6159167,3.2361827,0.63749462,0.44363052,0.62991488,0
3.6146204,-2.6156044,-3.4541712,0.62190509,-0.77891052,-0.080824435,0
-5.1389494,-0.86398172,-1.3841002,-0.63749462,-0.44363052,-0.62991488,0
1.724546,-3.7992716,-5.7442722,0.62190509,-0.77891052,-0.080824435,0
-3.4163494,3.401576,-3.6622941,-0.62190509,0.77891052,0.080824435,0
-3.3486428,2.8598576,-5.6857309,-0.63749462,-0.44363052,-0.62991488,0
3.3452306,-0.39602435,-4.1108847,0.45479107,0.44327244,-0.77244735,0
4.5594802,-1.12273,3.2854719,0.63749462,0.44363052,0.62991488,0
0.53393745,0.68842506,6.0478892,0.63749462,0.44363052,0.62991488,0
-2.3081446,3.0571856,-5.4188547,0.45479107,0.44327244,-0.77244735,0
3.7809231,2.1052961,1.9445984,0.63749462,0.44363052,0.62991488,0
-0.7643342,0.30940118,5.4552765,-0.45479107,-0.44327244,0.77244735,0
3.1589603,-1.3489771,4.786871,0.63749462,0.44363052,0.62991488,0
0.67469406,0.51907742,6.1979938,0.63749462,0.44363052,0.62991488,0
0.97362423,6.4646893,0.70841193,-0.62190509,0.77891052,0.080824435,0
0.48976529,3.4524307,4.2323742,0.63749462,0.44363052,0.62991488,0
-2.783505,-1.9197726,-2.9449084,-0.63749462,-0.44363052,-0.62991488,0
-0.21029186,1.0165982,-5.298295,0.45479107,0.44327244,-0.77244735,0
1.8028936,-4.7582035,4.0373535,0.62190509,-0.77891052,-0.080824435,0
-0.066998005,5.8458953,-1.3385504,-0.62190509,0.77891052,0.080824435,0
2.2855272,-3.3277032,-5.6234989,0.62190509,-0.77891052,-0.080824435,0
4.8612471,-0.57508135,2.6223118,0.63749462,0.44363052,0.62991488,0
-3.0857339,2.6272619,-5.7771587,-0.63749462,-0.44363052,-0.62991488,0
-5.2222271,-2.0276456,1.6389487,-0.45479107,-0.44327244,0.77244735,0
-0.45558023,-0.85118556,5.1688938,-0.45479107,-0.44327244,0.77244735,0
-0.48571837,4.9695525,3.0861943,-0.62190509,0.77891052,0.080824435,0
-5.5667319,-3.0997703,0.52104688,-0.63749462,-0.44363052,-0.62991488,0
-0.59082794,-6.1024013,-0.32582605,0.62190509,-0.77891052,-0.080824435,0
2.024899,-3.7180805,-5.12111,0.62190509,-0.77891052,-0.080824435,0
-3.3596296,2.9946427,-5.7178078,-0.63749462,-0.44363052,-0.62991488,0
1.453896,6.0385857,1.4760025,0.63749462,0.44363052,0.62991488,0
4.4081254,2.1382179,-1.9527459,0.45479107,0.44327244,-0.77244735,0
-0.83723688,-6.6053171,1.0445362,0.62190509,-0.77891052,-0.080824435,0
3.8095322,2.1965368,1.7734767,0.63749462,0.44363052,0.62991488,0
1.6636682,-0.14850886,-5.0411201,0.45479107,0.44327244,-0.77244735,0
1.7201443,1.7276226,-3.8458161,0.45479107,0.44327244,-0.77244735,0
5.4840345,-1.4727294,1.816957,0.62190509,-0.77891052,-0.080824435,0
2.4807882,6.6228385,-0.50729889,0.45479107,0.44327244,-0.77244735,0
-6.7320962,0.46615171,-0.32387877,-0.62190509,0.77891052,0.080824435,0
3.4373565,-3.5613451,4.5793247,0.62190509,-0.77891052,-0.080824435,0
0.50509977,3.356966,-3.509887,0.45479107,0.44327244,-0.77244735,0
-2.9204497,3.3058503,1.9386311,-0.62190509,0.77891052,0.080824435,0
2.3562534,3.9984376,1.8010659,0.63749462,0.44363052,0.62991488,0
0.25501299,-0.51803195,-5.9676313,0.45479107,0.44327244,-0.77244735,0
6.1873345,-0.3102684,1.0686607,0.63749462,0.44363052,0.62991488,0
-3.7836163,-3.0236356,-1.1513517,-0.63749462,-0.44363052,-0.62991488,0
4.9672318,-2.0973532,3.4475501,0.62190509,-0.77891052,-0.080824435,0
4.8514771,-1.0147159,2.9129026,0.63749462,0.44363052,0.62991488,0
-0.32545424,-6.0482168,0.79865277,0.62190509,-0.77891052,-0.080824435,0
0.57061768,-4.7031221,3.4389324,-0.45479107,-0.44327244,0.77244735,0
-0.26924562,-5.9924679,0.84940827,0.62190509,-0.77891052,-0.080824435,0
4.5471268,-1.8955971,-3.3746614,0.62190509,-0.77891052,-0.080824435,0
-3.9666715,-1.5082564,2.5390944,-0.45479107,-0.44327244,0.77244735,0
-5.7210178,0.35983872,2.6816568,-0.45479107,-0.44327244,0.77244735,0
1.5837278,6.1533327,-1.3793144,0.45479107,0.44327244,-0.77244735,0
4.0526996,1.6694283,-2.5712297,0.45479107,0.44327244,-0.77244735,0
-3.6962311,-4.9067955,-0.041082382,-0.63749462,-0.44363052,-0.62991488,0
-1.7755184,-1.1827891,-4.5351238,-0.63749462,-0.44363052,-0.62991488,0
0.54820633,-2.2744403,4.7885256,-0.45479107,-0.44327244,0.77244735,0
2.3914628,3.5026438,-2.3911831,0.45479107,0.44327244,-0.77244735,0
4.8799682,-1.6046164,-3.502326,0.62190509,-0.77891052,-0.080824435,0
0.74292421,-3.6964962,-5.2398705,-0.63749462,-0.44363052,-0.62991488,0
0.29645252,1.4924366,-4.7581511,0.45479107,0.44327244,-0.77244735,0
2.7176304,-4.0919023,3.6501868,0.62190509,-0.77891052,-0.080824435,0
-2.5529561,3.422091,4.0143905,-0.62190509,0.77891052,0.080824435,0
-4.8582983,0.55850244,3.3394339,-0.45479107,-0.44327244,0.77244735,0
2.741199,0.33990085,-3.8989305,0.45479107,0.44327244,-0.77244735,0
-1.696227,-4.2526331,-2.523334,-0.63749462,-0.44363052,-0.62991488,0
-0.68508673,0.3372879,5.6270657,-0.45479107,-0.44327244,0.77244735,0
-3.4656556,-1.3928709,-2.5396204,-0.63749462,-0.44363052,-0.62991488,0
5.5702791,2.8897653,-0.44883776,0.63749462,0.44363052,0.62991488,0
1.8533399,2.1703975,3.7632833,0.63749462,0.44363052,0.62991488,0
0.96027732,1.4344866,5.2003155,0.63749462,0.44363052,0.62991488,0
0.69978905,2.8652589,-3.8535333,0.45479107,0.44327244,-0.77244735,0
-5.9681969,1.2140174,-1.8033466,-0.63749462,-0.44363052,-0.62991488,0
5.9487839,-1.0354509,0.45590305,0.62190509,-0.77891052,-0.080824435,0
0.999928,-2.263658,5.1498904,-0.45479107,-0.44327244,0.77244735,0
-5.6493158,-2.7094965,0.88165379,-0.45479107,-0.44327244,0.77244735,0
2.2181091,3.9090719,2.1621022,0.63749462,0.44363052,0.62991488,0
3.5141213,0.13993239,-3.756175,0.45479107,0.44327244,-0.77244735,0
2.7239752,-3.730628,0.019405365,0.62190509,-0.77891052,-0.080824435,0
1.241981,4.469439,2.601187,0.63749462,0.44363052,0.62991488,0
0.52849722,-2.5710073,4.6344943,-0.45479107,-0.44327244,0.77244735,0
4.685977,-1.7849014,-3.5583992,0.62190509,-0.77891052,-0.080824435,0
4.5271139,4.2104778,-0.79997635,0.45479107,0.44327244,-0.77244735,0
-3.8300452,3.1232934,-3.8334565,-0.62190509,0.77891052,0.080824435,0
1.1437206,6.2160745,-1.4904865,0.45479107,0.44327244,-0.77244735,0
-4.0585675,-0.65658402,3.0404329,-0.45479107,-0.44327244,0.77244735,0
-4.1995287,0.13952923,-2.8790808,-0.63749462,-0.44363052,-0.62991488,0
-4.7753253,-3.3390427,-0.06040287,-0.63749462,-0.44363052,-0.62991488,0
-3.2177079,1.7685888,4.898448,-0.45479107,-0.44327244,0.77244735,0
-1.6943818,3.9781237,4.4014106,-0.62190509,0.77891052,0.080824435,0
-3.0036936,2.0462656,5.2479696,-0.45479107,-0.44327244,0.77244735,0
5.2922287,0.64569306,-2.4515936,0.45479107,0.44327244,-0.77244735,0
1.5676827,6.291925,-1.3804989,0.45479107,0.44327244,-0.77244735,0
1.0800052,4.7207046,-2.4047875,0.45479107,0.44327244,-0.77244735,0
0.67011213,-2.2207236,5.0174131,-0.45479107,-0.44327244,0.77244735,0
4.3028827,-2.2487848,0.032704353,0.62190509,-0.77891052,-0.080824435,0
3.3073585,3.6967368,1.1368155,0.63749462,0.44363052,0.62991488,0
-0.8385601,-6.5032692,0.85346627,0.62190509,-0.77891052,-0.080824435,0
-0.40405655,-6.3279943,1.4632578,0.62190509,-0.77891052,-0.080824435,0
0.15203476,6.0327616,-2.1813903,0.45479107,0.44327244,-0.77244735,0
4.5153141,-2.4883952,4.1407394,0.62190509,-0.77891052,-0.080824435,0
2.6250796,-1.9821396,5.7500801,0.63749462,0.44363052,0.62991488,0
-1.6713932,-1.233736,-4.6320858,-0.63749462,-0.44363052,-0.62991488,0
-3.274739,-1.9917817,-2.3998451,-0.63749462,-0.44363052,-0.62991488,0
6.8023334,-0.34442234,-0.29109716,0.62190509,-0.77891052,-0.080824435,0
