-0.22490978,0.61924767,5.148128,0.15511924,-0.52978611,0.83382535,0
3.7020206,-1.2791262,-4.5335855,0.95374984,-0.13968107,-0.26617825,0
-0.20185804,3.2354155,2.6451075,0.2574873,0.83655006,0.48361629,0
2.4713202,4.3280525,-2.6177583,-0.15511924,0.52978611,-0.83382535,0
-0.086598396,-0.87324142,4.3083367,0.15511924,-0.52978611,0.83382535,0
1.6317754,1.7444113,4.1782417,0.2574873,0.83655006,0.48361629,0
-4.653688,-1.5757673,3.1900148,-0.95374984,0.13968107,0.26617825,0
4.1058788,-1.8677684,-2.9303353,0.95374984,-0.13968107,-0.26617825,0
-2.1191833,-0.089193583,-4.548296,-0.15511924,0.52978611,-0.83382535,0
-5.020174,2.085386,0.064014912,-0.95374984,0.13968107,0.26617825,0
-3.9322851,0.87897038,4.43613,-0.95374984,0.13968107,0.26617825,0
3.172401,-5.1953335,0.94156766,0.15511924,-0.52978611,0.83382535,0
-5.0709958,-3.6809208,2.4292741,-0.95374984,0.13968107,0.26617825,0
-4.9008727,0.32097006,1.1475201,-0.95374984,0.13968107,0.26617825,0
4.6877236,1.5862231,-2.7505412,0.95374984,-0.13968107,-0.26617825,0
5.4226322,2.604538,-1.0477638,0.95374984,-0.13968107,-0.26617825,0
3.2644117,-3.8792541,1.6483567,0.15511924,-0.52978611,0.83382535,0
-2.5863562,1.0081949,6.0366988,0.15511924,-0.52978611,0.83382535,0
5.4994941,1.0318245,0.40402079,0.95374984,-0.13968107,-0.26617825,0
3.0743697,-4.4571152,1.3963692,0.15511924,-0.52978611,0.83382535,0
5.6214957,1.4246987,2.655828,0.2574873,0.83655006,0.48361629,0
5.3849244,0.16165656,0.67990255,0.95374984,-0.13968107,-0.26617825,0
-1.7965039,-2.6599712,3.546608,0.15511924,-0.52978611,0.83382535,0
1.0090637,0.24798131,4.7002602,0.15511924,-0.52978611,0.83382535,0
-4.343595,-3.2528276,3.5213923,0.15511924,-0.52978611,0.83382535,0
3.9678531,-1.5030773,-4.0552769,0.95374984,-0.13968107,-0.26617825,0
-4.2659678,-0.70458937,3.9512117,-0.95374984,0.13968107,0.26617825,0
-5.1743226,-4.3851824,2.8738284,-0.95374984,0.13968107,0.26617825,0
4.8047323,-2.451515,0.088527679,0.95374984,-0.13968107,-0.26617825,0
-4.9589562,2.5285242,-0.19570541,-0.95374984,0.13968107,0.26617825,0
-3.3745947,5.0001183,-0.95824265,-0.15511924,0.52978611,-0.83382535,0
-3.983052,1.4098139,3.8529065,-0.95374984,0.13968107,0.26617825,0
-0.96030259,5.0279131,0.1373935,0.2574873,0.83655006,0.48361629,0
-4.9984231,2.3275957,-0.38359022,-0.95374984,0.13968107,0.26617825,0
-5.3153429,2.4000237,-1.7452183,-0.95374984,0.13968107,0.26617825,0
3.4731069,1.6004248,-4.4160366,-0.15511924,0.52978611,-0.83382535,0
0.082307041,3.2761326,-2.6796792,-0.15511924,0.52978611,-0.83382535,0
-5.5204453,0.90331411,-1.3286018,-0.95374984,0.13968107,0.26617825,0
1.8339543,1.9131548,-3.8348098,-0.15511924,0.52978611,-0.83382535,0
-4.8170967,0.62999618,-3.4413502,-0.15511924,0.52978611,-0.83382535,0
5.2038302,3.7805338,-1.9720578,0.95374984,-0.13968107,-0.26617825,0
4.3249044,-1.494077,-2.7975087,0.95374984,-0.13968107,-0.26617825,0
-3.875046,4.0090303,2.73509,-0.95374984,0.13968107,0.26617825,0
-5.3063478,1.6727228,-2.7090244,-0.15511924,0.52978611,-0.83382535,0
5.0715609,-3.21907,1.7472634,0.15511924,-0.52978611,0.83382535,0
-3.2017889,0.85843158,-3.6916022,-0.15511924,0.52978611,-0.83382535,0
3.5338521,-1.1679111,-5.5826426,0.95374984,-0.13968107,-0.26617825,0
1.1042509,3.4074337,-2.9084735,-0.15511924,0.52978611,-0.83382535,0
5.0514698,-3.4784865,1.2218604,0.95374984,-0.13968107,-0.26617825,0
4.074204,2.2098897,-4.1973395,-0.15511924,0.52978611,-0.83382535,0
-0.83294332,3.18964,-2.7066951,-0.15511924,0.52978611,-0.83382535,0
3.0607724,-3.1725106,-4.3602295,-0.2574873,-0.83655006,-0.48361629,0
3.6401372,-2.0771155,2.8518791,0.15511924,-0.52978611,0.83382535,0
-1.8889966,4.7372055,1.2672206,0.2574873,0.83655006,0.48361629,0
1.5172148,-2.1294813,-5.3583269,-0.2574873,-0.83655006,-0.48361629,0
4.4568558,1.2498741,-3.6620736,0.95374984,-0.13968107,-0.26617825,0
1.0316224,0.80919456,5.1335545,0.15511924,-0.52978611,0.83382535,0
3.6862853,-4.5270743,-2.5947623,-0.2574873,-0.83655006,-0.48361629,0
5.0668411,4.5494547,-2.7468767,-0.15511924,0.52978611,-0.83382535,0
-3.190145,-1.5676713,4.2915325,0.15511924,-0.52978611,0.83382535,0
6.2237406,0.53864825,3.0669193,0.95374984,-0.13968107,-0.26617825,0
2.406913,2.8434758,-3.553273,-0.15511924,0.52978611,-0.83382535,0
1.5243995,4.3058615,-2.2512197,-0.15511924,0.52978611,-0.83382535,0
-5.2841692,0.34440857,-0.52129316,-0.95374984,0.13968107,0.26617825,0
-3.1759286,1.3837304,-3.3704443,-0.15511924,0.52978611,-0.83382535,0
-0.80034781,2.476526,4.4174814,0.2574873,0.83655006,0.48361629,0
4.4595308,-3.6367626,-0.69144917,0.95374984,-0.13968107,-0.26617825,0
-2.3867488,-2.8532443,-2.2194138,-0.2574873,-0.83655006,-0.48361629,0
-3.6591227,1.3574145,4.8900423,-0.95374984,0.13968107,0.26617825,0
-3.8865914,1.1160498,3.9496114,-0.95374984,0.13968107,0.26617825,0
-3.8176925,3.1112661,-2.2098749,-0.15511924,0.52978611,-0.83382535,0
0.83091283,4.4123774,-2.059123,-0.15511924,0.52978611,-0.83382535,0
1.3616071,-1.2716656,3.799633,0.15511924,-0.52978611,0.83382535,0
-1.3746905,0.46949792,-4.359304,-0.15511924,0.52978611,-0.83382535,0
-2.6625733,-0.86622405,-4.7796803,-0.15511924,0.52978611,-0.83382535,0
4.1785269,3.5395563,0.12480783,0.2574873,0.83655006,0.48361629,0
4.0048509,4.892045,-2.2608147,0.2574873,0.83655006,0.48361629,0
-2.7274685,-0.67995048,-4.6975021,-0.15511924,0.52978611,-0.83382535,0
-0.28130722,-0.93389559,4.2708268,0.15511924,-0.52978611,0.83382535,0
-2.307832,-4.6543431,1.1533198,-0.2574873,-0.83655006,-0.48361629,0
-4.8588996,-0.96806455,-3.9705107,-0.2574873,-0.83655006,-0.48361629,0
0.58071399,4.3896542,0.55658817,0.2574873,0.83655006,0.48361629,0
-4.2146993,0.33744812,3.3886914,-0.95374984,0.13968107,0.26617825,0
-3.6444817,3.7220972,3.8095088,0.2574873,0.83655006,0.48361629,0
-0.67104292,-0.1701808,-4.8994908,-0.15511924,0.52978611,-0.83382535,0
1.5387621,3.5236344,1.2521791,0.2574873,0.83655006,0.48361629,0
5.8162537,0.62072605,1.863358,0.95374984,-0.13968107,-0.26617825,0
3.5573363,1.9377207,3.0977397,0.2574873,0.83655006,0.48361629,0
-5.0857563,-1.1128644,1.1471581,-0.95374984,0.13968107,0.26617825,0
-2.9674244,-0.24557686,-4.5132465,-0.15511924,0.52978611,-0.83382535,0
2.8102741,-3.6105518,-3.3897557,-0.2574873,-0.83655006,-0.48361629,0
3.8824623,0.81468153,-4.9594936,-0.15511924,0.52978611,-0.83382535,0
-0.17858315,-1.3037705,3.950218,0.15511924,-0.52978611,0.83382535,0
1.3335752,-2.857492,-3.9868417,-0.2574873,-0.83655006,-0.48361629,0
2.0033405,-5.4236927,0.16105521,-0.2574873,-0.83655006,-0.48361629,0
-4.9044652,-1.4730394,1.9040709,-0.95374984,0.13968107,0.26617825,0
5.0266538,-2.4679077,0.51509476,0.95374984,-0.13968107,-0.26617825,0
3.8991866,-4.4562149,1.1840839,0.15511924,-0.52978611,0.83382535,0
-0.90880108,4.339601,1.1514983,0.2574873,0.83655006,0.48361629,0
-5.5934172,-0.88363725,-3.710022,-0.2574873,-0.83655006,-0.48361629,0
3.9274395,-0.65060949,-4.5521498,0.95374984,-0.13968107,-0.26617825,0
-4.4792662,-0.056889772,2.5284953,-0.95374984,0.13968107,0.26617825,0
1.6409423,-1.0982764,3.8593144,0.15511924,-0.52978611,0.83382535,0
-3.6227202,0.68121052,5.7655087,-0.95374984,0.13968107,0.26617825,0
-5.7344127,-2.4646113,-0.99016428,-0.2574873,-0.83655006,-0.48361629,0
5.3993387,0.62593305,4.2177005,0.15511924,-0.52978611,0.83382535,0
-0.081076145,-4.0122042,-1.3569382,-0.2574873,-0.83655006,-0.48361629,0
5.1159167,2.1969934,-1.9599938,0.95374984,-0.13968107,-0.26617825,0
-3.4381185,2.5362475,5.4364557,-0.95374984,0.13968107,0.26617825,0
2.9102001,0.81998777,4.7479,0.15511924,-0.52978611,0.83382535,0
-0.31859875,-3.9299481,-1.3227134,-0.2574873,-0.83655006,-0.48361629,0
-0.73706174,-0.81823373,4.5319147,0.15511924,-0.52978611,0.83382535,0
-2.6935349,3.8853495,3.0372529,0.2574873,0.83655006,0.48361629,0
4.7134089,4.4417357,-1.9257784,0.2574873,0.83655006,0.48361629,0
0.77815199,4.2743087,0.56797922,0.2574873,0.83655006,0.48361629,0
4.1146126,-2.8505464,-2.5341132,0.95374984,-0.13968107,-0.26617825,0
1.5457726,-1.7550957,-6.0977201,-0.2574873,-0.83655006,-0.48361629,0
-2.8692329,0.034836531,-4.1720395,-0.15511924,0.52978611,-0.83382535,0
3.1606834,-2.8991504,2.4717581,0.15511924,-0.52978611,0.83382535,0
1.748646,0.63303757,-4.8204985,-0.15511924,0.52978611,-0.83382535,0
3.391665,3.9001164,-0.084058285,0.2574873,0.83655006,0.48361629,0
5.5062819,-1.0602527,1.6112118,0.95374984,-0.13968107,-0.26617825,0
5.3300138,-1.2528172,1.0424833,0.95374984,-0.13968107,-0.26617825,0
3.3444028,-4.1553473,-2.7247784,-0.2574873,-0.83655006,-0.48361629,0
2.0305219,-3.9815364,1.9756752,0.15511924,-0.52978611,0.83382535,0
-2.6753809,1.2361904,-3.5595098,-0.15511924,0.52978611,-0.83382535,0
5.1676993,2.3440497,-1.6173816,0.95374984,-0.13968107,-0.26617825,0
-4.1372147,-2.9180133,3.7821856,0.15511924,-0.52978611,0.83382535,0
-4.9557219,-0.16898584,1.2664094,-0.95374984,0.13968107,0.26617825,0
-4.7951794,-4.6450119,2.6230822,0.15511924,-0.52978611,0.83382535,0
3.432662,-2.1225905,-5.4019136,0.95374984,-0.13968107,-0.26617825,0
2.7379358,-2.8303671,2.4701967,0.15511924,-0.52978611,0.83382535,0
2.9647589,-1.6151948,-6.3836632,-0.15511924,0.52978611,-0.83382535,0
3.6870506,2.9528568,1.0469141,0.2574873,0.83655006,0.48361629,0
1.2824302,2.9779482,2.5550709,0.2574873,0.83655006,0.48361629,0
-1.0636017,3.3800018,-2.5560355,-0.15511924,0.52978611,-0.83382535,0
1.1668961,-5.0641599,1.3363845,0.15511924,-0.52978611,0.83382535,0
-3.2268181,-4.8782134,2.3271017,0.15511924,-0.52978611,0.83382535,0
4.4797049,-3.8308251,-0.87389851,0.95374984,-0.13968107,-0.26617825,0
4.4734998,-4.7092495,-0.051705837,0.95374984,-0.13968107,-0.26617825,0
0.98931837,-1.9015398,3.3545258,0.15511924,-0.52978611,0.83382535,0
5.0225182,-1.2984712,-0.47205448,0.95374984,-0.13968107,-0.26617825,0
4.8629742,4.1131315,-1.6004028,0.2574873,0.83655006,0.48361629,0
-2.5555868,4.2326646,2.15241,0.2574873,0.83655006,0.48361629,0
0.23163033,-2.8909698,-3.4764073,-0.2574873,-0.83655006,-0.48361629,0
-4.8531556,-2.5670404,2.4580736,-0.95374984,0.13968107,0.26617825,0
0.088909626,2.8818958,3.3346858,0.2574873,0.83655006,0.48361629,0
-1.2122164,3.8147368,2.4392283,0.2574873,0.83655006,0.48361629,0
-3.8181069,3.6109495,2.9333596,-0.95374984,0.13968107,0.26617825,0
1.2496951,3.4623044,1.7701277,0.2574873,0.83655006,0.48361629,0
-4.3555441,4.5648279,0.93667269,-0.95374984,0.13968107,0.26617825,0
1.9808313,-1.7826092,3.2481003,0.15511924,-0.52978611,0.83382535,0
4.0859895,-5.912756,0.36175799,0.15511924,-0.52978611,0.83382535,0
-5.1279802,-0.78719711,0.89689159,-0.95374984,0.13968107,0.26617825,0
3.9106331,-5.0160661,0.76857352,0.15511924,-0.52978611,0.83382535,0
-2.1159332,-3.8826101,2.6473212,0.15511924,-0.52978611,0.83382535,0
4.735146,-3.0724587,-0.54326868,0.95374984,-0.13968107,-0.26617825,0
3.8557985,-0.026618958,-4.6268125,0.95374984,-0.13968107,-0.26617825,0
1.4758902,-4.0597205,-2.1178839,-0.2574873,-0.83655006,-0.48361629,0
4.3807917,-5.5909181,0.39260507,0.15511924,-0.52978611,0.83382535,0
-4.8654051,2.6092684,-0.081837654,-0.95374984,0.13968107,0.26617825,0
-1.3159146,4.578229,1.0385954,0.2574873,0.83655006,0.48361629,0
-4.3746271,5.4195213,0.26935816,-0.95374984,0.13968107,0.26617825,0
3.3607423,-5.2944913,-0.78258896,-0.2574873,-0.83655006,-0.48361629,0
1.2105892,5.2788625,-1.4292829,0.2574873,0.83655006,0.48361629,0
0.62610984,-4.7634768,-0.17215541,-0.2574873,-0.83655006,-0.48361629,0
-1.7329128,5.4456367,-0.39446387,0.2574873,0.83655006,0.48361629,0
-1.4925733,-0.85543013,-5.024209,-0.15511924,0.52978611,-0.83382535,0
-5.4809761,-0.85803246,-0.35365725,-0.95374984,0.13968107,0.26617825,0
-4.3463163,1.3073261,2.6066444,-0.95374984,0.13968107,0.26617825,0
-5.8148785,-1.786526,-0.91097307,-0.95374984,0.13968107,0.26617825,0
-4.4900002,-1.2440453,3.2469573,-0.95374984,0.13968107,0.26617825,0
-0.011185169,1.0236478,-4.1972551,-0.15511924,0.52978611,-0.83382535,0
3.3839228,2.1733131,2.7776587,0.2574873,0.83655006,0.48361629,0
4.5805326,-5.1167612,0.1544733,0.95374984,-0.13968107,-0.26617825,0
-5.0041065,0.93839043,0.28657818,-0.95374984,0.13968107,0.26617825,0
-1.6970458,2.8033576,4.3128338,0.2574873,0.83655006,0.48361629,0
-0.80310059,3.6127062,2.3443887,0.2574873,0.83655006,0.48361629,0
-2.9598417,-2.5540247,-2.2334924,-0.2574873,-0.83655006,-0.48361629,0
3.3966157,0.12320948,-5.4417677,-0.15511924,0.52978611,-0.83382535,0
-4.6119494,-3.0808702,-0.49089289,-0.2574873,-0.83655006,-0.48361629,0
-1.3746057,-1.5109208,-4.8395028,-0.2574873,-0.83655006,-0.48361629,0
-5.2449679,0.65954489,-0.38168859,-0.95374984,0.13968107,0.26617825,0
-3.5110283,2.1069312,5.4051743,-0.95374984,0.13968107,0.26617825,0
3.8955064,3.1778378,0.62333965,0.2574873,0.83655006,0.48361629,0
-4.7113948,-2.4248798,-1.5154233,-0.2574873,-0.83655006,-0.48361629,0
2.289839,-0.34842086,4.1468263,0.15511924,-0.52978611,0.83382535,0
1.3946419,2.1196773,-3.7706537,-0.15511924,0.52978611,-0.83382535,0
-3.7701569,-4.6932144,1.7664137,-0.2574873,-0.83655006,-0.48361629,0
-3.9385431,-3.2498569,-0.59862232,-0.2574873,-0.83655006,-0.48361629,0
-4.4855943,1.6112858,1.7827282,-0.95374984,0.13968107,0.26617825,0
2.2482624,-4.3675532,-2.0079339,-0.2574873,-0.83655006,-0.48361629,0
3.5891223,4.5407634,-1.5045958,0.2574873,0.83655006,0.48361629,0
4.6043153,-0.014112949,-2.1719775,0.95374984,-0.13968107,-0.26617825,0
3.459188,-2.7940085,-5.230751,0.95374984,-0.13968107,-0.26617825,0
-2.4301579,-4.6021018,2.3676126,0.15511924,-0.52978611,0.83382535,0
5.1345434,-0.70694387,-0.33956385,0.95374984,-0.13968107,-0.26617825,0
-6.0888577,-1.1797614,-2.5779157,-0.95374984,0.13968107,0.26617825,0
-3.499156,-4.5505972,1.3428259,-0.2574873,-0.83655006,-0.48361629,0
-1.8195825,-4.1598454,-0.28843403,-0.2574873,-0.83655006,-0.48361629,0
-4.9098105,3.6367626,-0.50396061,-0.95374984,0.13968107,0.26617825,0
1.332845,-4.856143,1.5148263,0.15511924,-0.52978611,0.83382535,0
2.9707294,4.8142166,-2.320653,-0.15511924,0.52978611,-0.83382535,0
-0.31774306,4.7035933,0.42738992,0.2574873,0.83655006,0.48361629,0
4.1988897,-1.8838482,-2.6890624,0.95374984,-0.13968107,-0.26617825,0
3.16204,2.9883032,1.2718458,0.2574873,0.83655006,0.48361629,0
-5.8997254,0.47386155,-2.3662295,-0.95374984,0.13968107,0.26617825,0
-3.7243369,0.44699991,-3.7218461,-0.15511924,0.52978611,-0.83382535,0
0.59246564,-5.3334594,0.437392,-0.2574873,-0.83655006,-0.48361629,0
3.638689,-5.2799788,0.68003345,0.15511924,-0.52978611,0.83382535,0
-5.4650736,0.71689528,-3.3660593,-0.15511924,0.52978611,-0.83382535,0
0.39053106,4.3466697,0.3696177,0.2574873,0.83655006,0.48361629,0
1.3143313,5.3069139,-1.5411017,0.2574873,0.83655006,0.48361629,0
3.5081692,-2.178375,-4.7475786,0.95374984,-0.13968107,-0.26617825,0
3.7829688,-5.5542641,-0.84587073,-0.2574873,-0.83655006,-0.48361629,0
-4.4907589,2.7430809,1.404871,-0.95374984,0.13968107,0.26617825,0
-4.5745316,4.0476313,-1.3076041,-0.15511924,0.52978611,-0.83382535,0
5.2042241,0.52394545,-0.63640356,0.95374984,-0.13968107,-0.26617825,0
2.4355927,4.60322,-0.98229885,0.2574873,0.83655006,0.48361629,0
1.2883575,0.60312819,-4.6740079,-0.15511924,0.52978611,-0.83382535,0
6.2423224,0.21483505,3.6301575,0.95374984,-0.13968107,-0.26617825,0
-0.46388865,-2.3437634,-3.8828988,-0.2574873,-0.83655006,-0.48361629,0
-5.0139508,-3.2282841,2.2877002,-0.95374984,0.13968107,0.26617825,0
2.337292,3.5219936,0.81787634,0.2574873,0.83655006,0.48361629,0
5.1157618,-3.7894235,1.4666767,0.95374984,-0.13968107,-0.26617825,0
2.2770531,3.0296516,1.6755555,0.2574873,0.83655006,0.48361629,0
4.5730758,-3.9479556,1.325316,0.15511924,-0.52978611,0.83382535,0
-2.4212947,-3.5939069,3.0710452,0.15511924,-0.52978611,0.83382535,0
2.6453521,4.2462053,-2.6932986,-0.15511924,0.52978611,-0.83382535,0
-0.044888288,3.5614243,-2.4951901,-0.15511924,0.52978611,-0.83382535,0
-1.8669596,2.4885736,4.8884387,0.2574873,0.83655006,0.48361629,0
-0.86670446,2.3024063,4.6132231,0.2574873,0.83655006,0.48361629,0
-5.7527275,-3.0154331,0.027053356,-0.2574873,-0.83655006,-0.48361629,0
-3.6346836,2.339479,-2.6709244,-0.15511924,0.52978611,-0.83382535,0
0.67192554,1.7147813,4.8557758,0.2574873,0.83655006,0.48361629,0
-5.610148,2.1869376,-2.1097078,-0.95374984,0.13968107,0.26617825,0
-2.7388098,5.1225882,-1.1418794,-0.15511924,0.52978611,-0.83382535,0
0.27820241,4.3297544,-2.1259739,-0.15511924,0.52978611,-0.83382535,0
5.8381548,-0.40043354,2.1279426,0.95374984,-0.13968107,-0.26617825,0
2.247756,-2.6639023,-4.829576,-0.2574873,-0.83655006,-0.48361629,0
-4.2548184,5.7788067,0.67120433,0.2574873,0.83655006,0.48361629,0
-4.8230925,-0.28928018,1.7815819,-0.95374984,0.13968107,0.26617825,0
0.2666958,-2.8736553,2.9779513,0.15511924,-0.52978611,0.83382535,0
-1.1507728,5.5353527,-0.8044889,0.2574873,0.83655006,0.48361629,0
0.17130184,-1.9793756,-4.9151258,-0.2574873,-0.83655006,-0.48361629,0
-4.2972293,-1.2045438,3.9992554,-0.95374984,0.13968107,0.26617825,0
-5.2884431,-0.063387275,-3.8112736,-0.15511924,0.52978611,-0.83382535,0
0.79330587,-0.4010191,-5.2903481,-0.15511924,0.52978611,-0.83382535,0
-5.2984247,2.3916221,-1.6831465,-0.95374984,0.13968107,0.26617825,0
0.53387976,-0.50252008,-5.1667542,-0.15511924,0.52978611,-0.83382535,0
-4.1295967,2.9382429,2.6671207,-0.95374984,0.13968107,0.26617825,0
-2.2310939,2.4565105,5.3185759,0.2574873,0.83655006,0.48361629,0
5.0548038,-1.3316416,0.28535509,0.95374984,-0.13968107,-0.26617825,0
1.6295712,3.6908102,-2.870914,-0.15511924,0.52978611,-0.83382535,0
1.9882193,0.82837343,-4.7547522,-0.15511924,0.52978611,-0.83382535,0
-4.5280418,-0.37413645,2.9076123,-0.95374984,0.13968107,0.26617825,0
5.3207979,0.91149116,0.11004448,0.95374984,-0.13968107,-0.26617825,0
-0.70625353,0.018056393,-4.734252,-0.15511924,0.52978611,-0.83382535,0
1.3146207,4.7004414,-0.68674183,0.2574873,0.83655006,0.48361629,0
-2.4630799,-2.2130013,3.965497,0.15511924,-0.52978611,0.83382535,0
2.3630764,-2.1658483,3.0036068,0.15511924,-0.52978611,0.83382535,0
-3.7962749,4.3069887,2.7579486,0.2574873,0.83655006,0.48361629,0
4.9134941,-1.8764333,0.10465574,0.95374984,-0.13968107,-0.26617825,0
3.9553208,0.22114277,-4.9233866,0.95374984,-0.13968107,-0.26617825,0
-0.46635866,0.05444479,4.8445468,0.15511924,-0.52978611,0.83382535,0
1.7795734,-3.8415928,-2.7320819,-0.2574873,-0.83655006,-0.48361629,0
-5.5304947,0.39354268,-1.3165617,-0.95374984,0.13968107,0.26617825,0
-3.690722,1.129559,4.8505216,-0.95374984,0.13968107,0.26617825,0
-4.0127063,1.4058328,3.467324,-0.95374984,0.13968107,0.26617825,0
3.8772595,-4.4726987,-2.6182597,-0.2574873,-0.83655006,-0.48361629,0
4.7286568,-2.6301088,-0.65372324,0.95374984,-0.13968107,-0.26617825,0
5.4839783,1.1944941,-0.050735474,0.95374984,-0.13968107,-0.26617825,0
-5.2440042,-4.3212309,2.1419234,-0.95374984,0.13968107,0.26617825,0
2.6911621,-1.1848311,-6.0176926,-0.15511924,0.52978611,-0.83382535,0
2.6381822,-3.5289357,-3.42519,-0.2574873,-0.83655006,-0.48361629,0
4.3158174,-6.0062494,-0.076826096,-0.2574873,-0.83655006,-0.48361629,0
2.6448934,-3.263783,2.2805808,0.15511924,-0.52978611,0.83382535,0
0.13001227,1.541527,-3.9604802,-0.15511924,0.52978611,-0.83382535,0
5.2421217,1.0544554,3.8416352,0.2574873,0.83655006,0.48361629,0
2.093956,-3.3524649,-3.5615807,-0.2574873,-0.83655006,-0.48361629,0
5.3919582,3.5154109,-0.79437304,0.2574873,0.83655006,0.48361629,0
-2.0324063,-4.8791757,2.0899575,0.15511924,-0.52978611,0.83382535,0
-4.4321294,-1.6027265,-3.0265434,-0.2574873,-0.83655006,-0.48361629,0
-1.4493523,-0.89043522,4.5183554,0.15511924,-0.52978611,0.83382535,0
-5.5627155,-3.2310743,0.88398886,-0.95374984,0.13968107,0.26617825,0
2.4750526,3.9571271,-2.854533,-0.15511924,0.52978611,-0.83382535,0
0.77018499,-4.4717216,-0.79736519,-0.2574873,-0.83655006,-0.48361629,0
3.2284355,-2.2005019,-5.8091178,0.95374984,-0.13968107,-0.26617825,0
-0.43390703,-3.7872763,-1.4349074,-0.2574873,-0.83655006,-0.48361629,0
2.826015,-0.91543674,-5.7945032,-0.15511924,0.52978611,-0.83382535,0
1.8078895,1.9930587,3.9929259,0.2574873,0.83655006,0.48361629,0
4.062542,1.3948014,3.6745203,0.2574873,0.83655006,0.48361629,0
-3.8213158,5.9197164,-0.43725586,-0.15511924,0.52978611,-0.83382535,0
1.8116579,4.6860876,-2.146476,-0.15511924,0.52978611,-0.83382535,0
-5.5633674,-2.4696429,-0.90074444,-0.2574873,-0.83655006,-0.48361629,0
-3.0443685,-3.6566229,-0.14241934,-0.2574873,-0.83655006,-0.48361629,0
1.1992879,-4.0148902,-1.8978207,-0.2574873,-0.83655006,-0.48361629,0
-4.0934653,-2.1762183,4.2574635,0.15511924,-0.52978611,0.83382535,0
-5.0066214,-3.7058713,2.7680216,-0.95374984,0.13968107,0.26617825,0
-3.8861742,-0.38563299,4.7162066,-0.95374984,0.13968107,0.26617825,0
6.0143261,1.3522975,1.8276048,0.95374984,-0.13968107,-0.26617825,0
-2.0888567,4.545783,1.6082699,0.2574873,0.83655006,0.48361629,0
-4.9343815,2.0679955,-0.29036045,-0.95374984,0.13968107,0.26617825,0
1.7697797,0.015991688,-5.0431466,-0.15511924,0.52978611,-0.83382535,0
-5.1488938,-2.2996824,1.2697001,-0.95374984,0.13968107,0.26617825,0
-4.7755547,4.4578991,-0.33206272,-0.95374984,0.13968107,0.26617825,0
1.1574459,-0.16510296,-5.0160332,-0.15511924,0.52978611,-0.83382535,0
-4.1686616,0.63849211,3.7333233,-0.95374984,0.13968107,0.26617825,0
3.2639337,-1.6371651,-5.9682813,0.95374984,-0.13968107,-0.26617825,0
-4.5939794,5.0995245,-0.31355166,-0.95374984,0.13968107,0.26617825,0
2.06881,5.0201221,-1.6567388,0.2574873,0.83655006,0.48361629,0
1.7693191,4.1743336,-2.4362285,-0.15511924,0.52978611,-0.83382535,0
-4.7856317,1.4506931,-3.0512552,-0.15511924,0.52978611,-0.83382535,0
4.0564613,-1.9311087,-3.5594571,0.95374984,-0.13968107,-0.26617825,0
-3.1331065,-0.35260439,5.1880655,0.15511924,-0.52978611,0.83382535,0
-4.3175349,-3.707006,0.63361168,-0.2574873,-0.83655006,-0.48361629,0
1.0453577,1.1354582,5.2840953,0.15511924,-0.52978611,0.83382535,0
1.1561031,1.6282346,4.868351,0.2574873,0.83655006,0.48361629,0
-5.3197622,2.3740335,-2.263145,-0.15511924,0.52978611,-0.83382535,0
5.1178379,1.8481609,2.2087708,0.2574873,0.83655006,0.48361629,0
4.5685053,-0.98022461,-2.0373559,0.95374984,-0.13968107,-0.26617825,0
1.2719958,1.5234492,-3.9730029,-0.15511924,0.52978611,-0.83382535,0
-1.053591,2.6958504,-2.97737,-0.15511924,0.52978611,-0.83382535,0
3.4607639,0.72382557,4.5225782,0.15511924,-0.52978611,0.83382535,0
-2.5607824,-2.6052625,-2.5449193,-0.2574873,-0.83655006,-0.48361629,0
-4.2631254,-0.58369803,3.6002705,-0.95374984,0.13968107,0.26617825,0
-2.1576934,-5.0762148,1.8369958,-0.2574873,-0.83655006,-0.48361629,0
4.6383915,2.6624312,1.0340834,0.2574873,0.83655006,0.48361629,0
3.6282408,-2.1874504,-4.7604294,0.95374984,-0.13968107,-0.26617825,0
-2.372184,-4.4448786,0.81557679,-0.2574873,-0.83655006,-0.48361629,0
5.8198433,0.62136996,1.4691114,0.95374984,-0.13968107,-0.26617825,0
3.6244512,3.748301,-3.0311179,-0.15511924,0.52978611,-0.83382535,0
-2.0419059,4.6414361,1.4016669,0.2574873,0.83655006,0.48361629,0
-5.1890779,0.35276449,-0.29106236,-0.95374984,0.13968107,0.26617825,0
-2.763576,2.6606195,5.0032663,0.2574873,0.83655006,0.48361629,0
5.7412839,0.56706095,1.8088965,0.95374984,-0.13968107,-0.26617825,0
-2.1980238,-3.5157337,2.904664,0.15511924,-0.52978611,0.83382535,0
-1.4927669,0.045044899,5.0890598,0.15511924,-0.52978611,0.83382535,0
-4.9256234,-0.49389648,1.1388359,-0.95374984,0.13968107,0.26617825,0
-3.2466302,2.0453026,6.1258941,-0.95374984,0.13968107,0.26617825,0
-0.24516773,-3.5911393,-1.8379047,-0.2574873,-0.83655006,-0.48361629,0
0.37692308,1.837836,4.8425965,0.2574873,0.83655006,0.48361629,0
0.74636078,1.680969,5.0279799,0.2574873,0.83655006,0.48361629,0
3.6974022,-3.0480096,-3.622175,0.95374984,-0.13968107,-0.26617825,0
4.8689709,-4.0005074,0.43691158,0.95374984,-0.13968107,-0.26617825,0
-2.012856,0.98134518,-3.9141912,-0.15511924,0.52978611,-0.83382535,0
-4.8628597,3.320888,-0.43901014,-0.95374984,0.13968107,0.26617825,0
1.5903356,4.7443542,-2.0636532,-0.15511924,0.52978611,-0.83382535,0
-4.0182357,1.9070055,-2.7644267,-0.15511924,0.52978611,-0.83382535,0
1.8191411,0.73313379,-4.5798864,-0.15511924,0.52978611,-0.83382535,0
-1.8343101,1.4324632,6.0355382,0.15511924,-0.52978611,0.83382535,0
0.46470952,4.1011748,0.8294816,0.2574873,0.83655006,0.48361629,0
-1.3955765,-1.7501805,-4.6917014,-0.2574873,-0.83655006,-0.48361629,0
-0.04634428,-5.3322687,1.0222257,-0.2574873,-0.83655006,-0.48361629,0
-4.4168296,0.67927432,2.6091871,-0.95374984,0.13968107,0.26617825,0
-5.932663,-2.5358815,-0.84006691,-0.95374984,0.13968107,0.26617825,0
3.096781,4.8311872,-2.3713293,-0.15511924,0.52978611,-0.83382535,0
-4.3146,4.9197464,0.4796536,-0.95374984,0.13968107,0.26617825,0
4.7559419,-1.2273557,3.091507,0.15511924,-0.52978611,0.83382535,0
4.8277049,3.9331195,-3.1582866,-0.15511924,0.52978611,-0.83382535,0
6.0208178,1.3436086,2.1708903,0.95374984,-0.13968107,-0.26617825,0
-2.0668447,0.0075736046,-4.3480206,-0.15511924,0.52978611,-0.83382535,0
5.7976885,1.1126885,1.5058203,0.95374984,-0.13968107,-0.26617825,0
-5.5236363,-0.40433085,-0.65825129,-0.95374984,0.13968107,0.26617825,0
5.6138058,1.2193639,0.48596239,0.95374984,-0.13968107,-0.26617825,0
1.7645373,-3.5894613,-2.9955039,-0.2574873,-0.83655006,-0.48361629,0
-1.0112369,1.6433706,-3.5482869,-0.15511924,0.52978611,-0.83382535,0
2.2636712,-4.7944717,-1.3092941,-0.2574873,-0.83655006,-0.48361629,0
5.2925701,-2.7816648,1.5307822,0.95374984,-0.13968107,-0.26617825,0
3.4569044,-2.5009158,-5.4095197,0.95374984,-0.13968107,-0.26617825,0
5.4567051,1.0317142,-0.13635063,0.95374984,-0.13968107,-0.26617825,0
4.6023307,-0.95934582,-2.1611781,0.95374984,-0.13968107,-0.26617825,0
-4.2853532,0.37452412,3.4406257,-0.95374984,0.13968107,0.26617825,0
2.0569024,2.7310758,-3.3677936,-0.15511924,0.52978611,-0.83382535,0
2.9871066,2.3374479,2.6018987,0.2574873,0.83655006,0.48361629,0
3.7578087,3.3160729,-3.3551855,-0.15511924,0.52978611,-0.83382535,0
5.7900262,0.44336531,2.0372348,0.95374984,-0.13968107,-0.26617825,0
0.95613527,2.7749662,2.8442593,0.2574873,0.83655006,0.48361629,0
-5.3361435,-3.7592394,0.96867657,-0.2574873,-0.83655006,-0.48361629,0
1.5312653,0.31326199,4.6558466,0.15511924,-0.52978611,0.83382535,0
2.6329923,2.0288918,3.277113,0.2574873,0.83655006,0.48361629,0
-2.1693978,2.6475346,4.8360071,0.2574873,0.83655006,0.48361629,0
4.8982253,-1.0989418,3.2949772,0.15511924,-0.52978611,0.83382535,0
0.029509068,1.6943772,5.2106895,0.2574873,0.83655006,0.48361629,0
4.5592155,-1.0824615,3.2844386,0.15511924,-0.52978611,0.83382535,0
4.861927,2.7765882,-2.5026841,0.95374984,-0.13968107,-0.26617825,0
5.5055737,0.26946676,1.1580596,0.95374984,-0.13968107,-0.26617825,0
-2.8323047,-3.5728824,-0.40372229,-0.2574873,-0.83655006,-0.48361629,0
0.28129721,0.068261147,4.6738729,0.15511924,-0.52978611,0.83382535,0
3.9454043,-3.7409074,-2.9779186,0.95374984,-0.13968107,-0.26617825,0
-4.1062932,3.6860671,-1.782831,-0.15511924,0.52978611,-0.83382535,0
-1.432806,3.1615167,3.4195175,0.2574873,0.83655006,0.48361629,0
5.6914296,0.63795966,1.0656133,0.95374984,-0.13968107,-0.26617825,0
-5.1200027,3.3035171,-1.6370916,-0.95374984,0.13968107,0.26617825,0
3.3775837,-5.7199888,-0.2292037,-0.2574873,-0.83655006,-0.48361629,0
0.70988226,-2.4353242,-4.4843998,-0.2574873,-0.83655006,-0.48361629,0
-6.229991,0.38299096,-3.3812928,-0.95374984,0.13968107,0.26617825,0
4.9494414,-2.3820574,0.21635723,0.95374984,-0.13968107,-0.26617825,0
3.568491,2.9863405,-3.4913609,-0.15511924,0.52978611,-0.83382535,0
-5.017972,3.3211598,-0.57176685,-0.95374984,0.13968107,0.26617825,0
1.8474469,-3.8835759,-2.6736186,-0.2574873,-0.83655006,-0.48361629,0
5.1219392,3.6793599,-0.7894001,0.2574873,0.83655006,0.48361629,0
-3.3404179,-3.6246924,-0.29104805,-0.2574873,-0.83655006,-0.48361629,0
-2.4369607,3.2690439,-2.2098346,-0.15511924,0.52978611,-0.83382535,0
4.5599566,0.1139493,3.9382455,0.15511924,-0.52978611,0.83382535,0
-5.4799004,-3.2129045,0.90810347,-0.95374984,0.13968107,0.26617825,0
-4.1990685,-4.0127244,0.88666058,-0.2574873,-0.83655006,-0.48361629,0
-4.1553421,5.5187531,-0.5796349,-0.15511924,0.52978611,-0.83382535,0
2.3114562,-1.1219654,-6.043654,-0.15511924,0.52978611,-0.83382535,0
4.5207276,-3.2123189,-0.60837507,0.95374984,-0.13968107,-0.26617825,0
-3.3120723,1.6532221,5.7808933,-0.95374984,0.13968107,0.26617825,0
-4.6391778,-4.131525,1.2757072,-0.2574873,-0.83655006,-0.48361629,0
-6.0296531,-0.86976379,-2.418488,-0.95374984,0.13968107,0.26617825,0
4.0224242,-3.2522297,-2.5945604,0.95374984,-0.13968107,-0.26617825,0
4.5327926,-4.358489,-0.29675817,0.95374984,-0.13968107,-0.26617825,0
0.25896835,0.43148899,-4.6593547,-0.15511924,0.52978611,-0.83382535,0
-1.8031175,-3.6246076,-0.98668361,-0.2574873,-0.83655006,-0.48361629,0
-3.3791831,-1.0976787,4.6494608,0.15511924,-0.52978611,0.83382535,0
-2.7647078,0.63127518,-3.8983989,-0.15511924,0.52978611,-0.83382535,0
1.7906332,1.3933234,-4.3197036,-0.15511924,0.52978611,-0.83382535,0
-1.1896377,4.4412026,-1.7805467,-0.15511924,0.52978611,-0.83382535,0
-0.011306286,-1.8631971,-4.9803333,-0.2574873,-0.83655006,-0.48361629,0
-3.9745922,-3.5199916,-0.089594841,-0.2574873,-0.83655006,-0.48361629,0
3.9464161,-1.2300818,-3.8544891,0.95374984,-0.13968107,-0.26617825,0
3.0835824,-5.7071404,0.15136659,-0.2574873,-0.83655006,-0.48361629,0
-5.3979244,1.5652978,-1.3517532,-0.95374984,0.13968107,0.26617825,0
-4.0787001,1.7652943,3.1414125,-0.95374984,0.13968107,0.26617825,0
-4.5926642,5.5513029,-0.40291572,-0.95374984,0.13968107,0.26617825,0
-5.6679001,1.6602167,-2.5347719,-0.95374984,0.13968107,0.26617825,0
3.2326012,-0.9928925,3.610338,0.15511924,-0.52978611,0.83382535,0
1.9524617,-1.7173522,-6.1443887,-0.15511924,0.52978611,-0.83382535,0
-1.0381356,3.2243936,-2.5109472,-0.15511924,0.52978611,-0.83382535,0
-2.0366769,1.7686579,6.1930337,0.2574873,0.83655006,0.48361629,0
-0.61178994,-3.2332492,2.9106228,0.15511924,-0.52978611,0.83382535,0
1.9607558,4.1450257,-2.6290433,-0.15511924,0.52978611,-0.83382535,0
4.3643279,2.390264,-4.0601335,0.95374984,-0.13968107,-0.26617825,0
-1.7526567,-3.6240752,-0.94307876,-0.2574873,-0.83655006,-0.48361629,0
-4.5189805,3.1917262,0.86199951,-0.95374984,0.13968107,0.26617825,0
-3.4681339,2.879024,4.8144441,-0.95374984,0.13968107,0.26617825,0
2.1946239,-3.8842971,2.0095201,0.15511924,-0.52978611,0.83382535,0
4.5517287,-5.0083246,0.79143071,0.15511924,-0.52978611,0.83382535,0
-3.3059163,0.85302544,5.9872332,0.15511924,-0.52978611,0.83382535,0
3.7013991,3.3486381,0.51439428,0.2574873,0.83655006,0.48361629,0
4.7518921,0.75681758,4.3931332,0.15511924,-0.52978611,0.83382535,0
1.6914263,2.8403406,2.4255488,0.2574873,0.83655006,0.48361629,0
-0.64597297,1.3473129,-3.7508554,-0.15511924,0.52978611,-0.83382535,0
-5.4949331,-1.2984562,-3.2311831,-0.2574873,-0.83655006,-0.48361629,0
-3.5360396,4.6702232,2.2289891,0.2574873,0.83655006,0.48361629,0
3.680249,-5.3059464,-1.1542015,-0.2574873,-0.83655006,-0.48361629,0
4.4963274,-1.8238972,2.6893165,0.15511924,-0.52978611,0.83382535,0
1.5277205,1.9628423,4.129858,0.2574873,0.83655006,0.48361629,0
5.3712025,1.8818666,-0.48941278,0.95374984,-0.13968107,-0.26617825,0
-2.5777283,3.1043794,4.1474276,0.2574873,0.83655006,0.48361629,0
0.39754319,-1.3227143,3.9724123,0.15511924,-0.52978611,0.83382535,0
4.4835081,-2.6224463,-1.2125854,0.95374984,-0.13968107,-0.26617825,0
0.32784563,-3.3858285,2.7004228,0.15511924,-0.52978611,0.83382535,0
-3.8098364,0.20227194,5.3992152,-0.95374984,0.13968107,0.26617825,0
-0.68098712,-1.0674994,4.3216124,0.15511924,-0.52978611,0.83382535,0
-2.8054397,5.6206322,-0.1455344,0.2574873,0.83655006,0.48361629,0
-6.1006393,-1.2226774,-2.8150759,-0.2574873,-0.83655006,-0.48361629,0
-5.4074802,-1.1302078,-0.042738914,-0.95374984,0.13968107,0.26617825,0
3.9441509,-2.0145023,2.877116,0.15511924,-0.52978611,0.83382535,0
-4.5816913,3.554774,0.13212729,-0.95374984,0.13968107,0.26617825,0
4.4493456,4.4926882,-2.6522288,-0.15511924,0.52978611,-0.83382535,0
-1.2312177,-4.8660336,2.0061278,0.15511924,-0.52978611,0.83382535,0
4.6025085,-4.5542803,0.23195553,0.95374984,-0.13968107,-0.26617825,0
-5.7262063,-0.75065762,-1.5855169,-0.95374984,0.13968107,0.26617825,0
4.6209755,-4.6514568,0.10836077,0.95374984,-0.13968107,-0.26617825,0
3.2401361,1.9710679,3.1353159,0.2574873,0.83655006,0.48361629,0
5.6040545,2.8758144,-0.46048355,0.95374984,-0.13968107,-0.26617825,0
0.81192112,-5.6278567,0.89536524,-0.2574873,-0.83655006,-0.48361629,0
-1.6019728,2.4634643,-3.0071421,-0.15511924,0.52978611,-0.83382535,0
-3.6883473,-2.1006231,4.2314901,0.15511924,-0.52978611,0.83382535,0
4.4712539,-2.3829284,-1.8550737,0.95374984,-0.13968107,-0.26617825,0
5.7851081,-1.5136193,2.6635165,0.95374984,-0.13968107,-0.26617825,0
0.28673339,1.5419519,-3.8422313,-0.15511924,0.52978611,-0.83382535,0
-3.8726525,-1.7474513,4.4316988,0.15511924,-0.52978611,0.83382535,0
-0.61721361,5.0579395,-1.5620196,-0.15511924,0.52978611,-0.83382535,0
-0.74794245,2.8338871,3.6288059,0.2574873,0.83655006,0.48361629,0
4.242557,-1.1823722,3.1978576,0.15511924,-0.52978611,0.83382535,0
-2.7240462,5.6545649,-0.80598223,-0.15511924,0.52978611,-0.83382535,0
-2.7342854,3.4745402,3.6778545,0.2574873,0.83655006,0.48361629,0
0.47396412,2.9368548,-3.0232751,-0.15511924,0.52978611,-0.83382535,0
2.5966561,-5.1856699,0.96407485,0.15511924,-0.52978611,0.83382535,0
-0.67759275,-3.2557826,-2.0933149,-0.2574873,-0.83655006,-0.48361629,0
-1.0239189,4.4392319,0.98683453,0.2574873,0.83655006,0.48361629,0
3.0665448,2.1432042,2.9231815,0.2574873,0.83655006,0.48361629,0
5.5273499,-0.27507842,0.93791151,0.95374984,-0.13968107,-0.26617825,0
4.4218979,-0.19724345,-2.7826457,0.95374984,-0.13968107,-0.26617825,0
4.253551,1.492125,-4.1472759,0.95374984,-0.13968107,-0.26617825,0
4.5382595,3.5384831,-3.2857652,-0.15511924,0.52978611,-0.83382535,0
5.3251948,2.7288854,0.83308887,0.2574873,0.83655006,0.48361629,0
-4.3263025,-4.8387938,2.4290552,-0.2574873,-0.83655006,-0.48361629,0
1.6206372,0.50780702,-4.7861853,-0.15511924,0.52978611,-0.83382535,0
-4.9502945,-0.60969317,1.0217252,-0.95374984,0.13968107,0.26617825,0
-3.5910938,4.0838656,-1.5463767,-0.15511924,0.52978611,-0.83382535,0
-4.0868745,4.231451,1.7884865,-0.95374984,0.13968107,0.26617825,0
2.4281116,-1.948889,3.0135982,0.15511924,-0.52978611,0.83382535,0
4.5633197,3.9947789,-3.0034008,-0.15511924,0.52978611,-0.83382535,0
5.3212881,-1.6001846,1.1234937,0.95374984,-0.13968107,-0.26617825,0
3.6162515,-1.2433674,3.2490597,0.15511924,-0.52978611,0.83382535,0
-3.7306116,3.1988778,3.5702753,-0.95374984,0.13968107,0.26617825,0
-3.8138361,1.3675761,4.7253771,-0.95374984,0.13968107,0.26617825,0
5.0687537,-2.0603049,0.63823652,0.95374984,-0.13968107,-0.26617825,0
0.61156416,-3.1854544,-3.1934235,-0.2574873,-0.83655006,-0.48361629,0
-5.1855736,1.2350955,-0.51955891,-0.95374984,0.13968107,0.26617825,0
0.042894363,-1.5005317,-5.75418,-0.15511924,0.52978611,-0.83382535,0
-4.9476852,1.7218029,-2.7794325,-0.15511924,0.52978611,-0.83382535,0
4.0547523,-0.057042599,-4.1645203,0.95374984,-0.13968107,-0.26617825,0
-3.1953254,3.0211573,4.5798445,0.2574873,0.83655006,0.48361629,0
1.5941243,-4.438055,-1.2678231,-0.2574873,-0.83655006,-0.48361629,0
4.2181749,-4.1055303,1.4047179,0.15511924,-0.52978611,0.83382535,0
-4.711668,-4.7656994,2.5536284,-0.2574873,-0.83655006,-0.48361629,0
-4.225111,-3.103564,-0.65047884,-0.2574873,-0.83655006,-0.48361629,0
-4.6473618,-1.5964863,3.1911888,-0.95374984,0.13968107,0.26617825,0
0.79882789,4.7710834,-0.55113173,0.2574873,0.83655006,0.48361629,0
-5.1768913,0.37412,0.3593359,-0.95374984,0.13968107,0.26617825,0
-3.9403474,4.8277187,-1.0005739,-0.15511924,0.52978611,-0.83382535,0
-1.2599597,2.2722402,4.8708615,0.2574873,0.83655006,0.48361629,0
4.9914761,-2.3815341,0.16826773,0.95374984,-0.13968107,-0.26617825,0
4.3921828,-1.193444,-2.430676,0.95374984,-0.13968107,-0.26617825,0
-3.8527737,0.86289215,4.8554621,-0.95374984,0.13968107,0.26617825,0
-3.4756398,2.6270239,4.7497597,-0.95374984,0.13968107,0.26617825,0
3.946768,-5.3330197,0.61646605,0.15511924,-0.52978611,0.83382535,0
5.3361621,-1.8321553,1.1624565,0.95374984,-0.13968107,-0.26617825,0
-0.54834652,2.9870114,3.4699125,0.2574873,0.83655006,0.48361629,0
-3.7890179,-0.29525423,4.994976,-0.95374984,0.13968107,0.26617825,0
-5.2933578,-2.9435136,-0.26411772,-0.2574873,-0.83655006,-0.48361629,0
-2.1643043,3.8500252,2.5702622,0.2574873,0.83655006,0.48361629,0
-0.72831559,-1.5016999,3.9970481,0.15511924,-0.52978611,0.83382535,0
4.9660645,3.5299733,-3.1203542,0.95374984,-0.13968107,-0.26617825,0
-4.0016298,0.69693875,4.0362434,-0.95374984,0.13968107,0.26617825,0
-4.8991785,4.2924805,-1.0868821,-0.95374984,0.13968107,0.26617825,0
-2.7491925,4.1160522,2.4131556,0.2574873,0.83655006,0.48361629,0
-1.1562219,2.1157651,5.3361392,0.2574873,0.83655006,0.48361629,0
-4.6118374,3.864718,0.40527153,-0.95374984,0.13968107,0.26617825,0
0.37070251,2.6144426,-3.3082211,-0.15511924,0.52978611,-0.83382535,0
-4.1439724,2.9730947,-2.0195031,-0.15511924,0.52978611,-0.83382535,0
4.4807339,-4.0086498,-0.82616258,0.95374984,-0.13968107,-0.26617825,0
2.2251558,-2.8456268,-4.387763,-0.2574873,-0.83655006,-0.48361629,0
2.3738027,-2.5770783,-5.1096258,-0.2574873,-0.83655006,-0.48361629,0
-3.6195793,-3.6581757,0.013935089,-0.2574873,-0.83655006,-0.48361629,0
-0.15056396,0.63818216,-4.2807221,-0.15511924,0.52978611,-0.83382535,0
0.56714916,0.053910732,4.7631912,0.15511924,-0.52978611,0.83382535,0
3.7665489,-5.029645,-1.7385077,-0.2574873,-0.83655006,-0.48361629,0
1.489969,-4.8536148,-0.65424377,-0.2574873,-0.83655006,-0.48361629,0
1.1131229,0.86729455,-4.3486719,-0.15511924,0.52978611,-0.83382535,0
2.6168673,2.5064936,2.658823,0.2574873,0.83655006,0.48361629,0
3.6461928,-0.3157568,-5.4268465,0.95374984,-0.13968107,-0.26617825,0
2.5308094,1.3011171,4.68642,0.2574873,0.83655006,0.48361629,0
-1.9195138,-1.6551707,3.9902453,0.15511924,-0.52978611,0.83382535,0
3.0176938,2.0860963,3.1865842,0.2574873,0.83655006,0.48361629,0
-3.8972793,-0.22501135,4.726645,-0.95374984,0.13968107,0.26617825,0
-4.5792046,1.5750908,1.518415,-0.95374984,0.13968107,0.26617825,0
5.4174285,2.0849259,-0.47485304,0.95374984,-0.13968107,-0.26617825,0
-4.1261325,6.0012674,-0.017521143,0.2574873,0.83655006,0.48361629,0
-1.6321964,4.1238174,2.0256155,0.2574873,0.83655006,0.48361629,0
-1.2050114,5.3251915,-0.19705303,0.2574873,0.83655006,0.48361629,0
-0.87289953,0.17735338,5.0139303,0.15511924,-0.52978611,0.83382535,0
-4.4054308,-2.0544825,3.9640746,-0.95374984,0.13968107,0.26617825,0
-5.0798383,0.65588105,0.055282593,-0.95374984,0.13968107,0.26617825,0
-3.88482,2.4473069,3.8798101,-0.95374984,0.13968107,0.26617825,0
4.7930722,-4.7583332,0.99429488,0.15511924,-0.52978611,0.83382535,0
4.8613882,0.23688376,4.0109978,0.15511924,-0.52978611,0.83382535,0
-2.1175542,4.7370272,1.0848186,0.2574873,0.83655006,0.48361629,0
3.9714973,0.21386671,-4.4758339,0.95374984,-0.13968107,-0.26617825,0
0.59932899,1.5890014,5.3461976,0.2574873,0.83655006,0.48361629,0
2.4300206,-4.6144838,1.4124684,0.15511924,-0.52978611,0.83382535,0
2.8560567,-5.6886015,-0.05447495,-0.2574873,-0.83655006,-0.48361629,0
-3.4372637,1.5390012,-3.1628299,-0.15511924,0.52978611,-0.83382535,0
-3.4355495,-0.045085669,-4.2943101,-0.15511924,0.52978611,-0.83382535,0
-4.4473457,-1.6748551,-2.9529846,-0.2574873,-0.83655006,-0.48361629,0
-3.9504788,2.6814854,2.8772974,-0.95374984,0.13968107,0.26617825,0
-4.7418218,3.8272598,-1.3822711,-0.15511924,0.52978611,-0.83382535,0
4.9360147,0.11618233,-1.525744,0.95374984,-0.13968107,-0.26617825,0
4.0977893,4.215065,-1.1670604,0.2574873,0.83655006,0.48361629,0
-4.9931498,0.69867897,0.52298737,-0.95374984,0.13968107,0.26617825,0
0.96447253,-4.6484337,-0.87424028,-0.2574873,-0.83655006,-0.48361629,0
0.84447622,2.3612473,3.6140435,0.2574873,0.83655006,0.48361629,0
-4.6553955,4.5637188,-0.61041188,-0.95374984,0.13968107,0.26617825,0
2.9877613,4.2895832,-0.583004,0.2574873,0.83655006,0.48361629,0
3.530988,-4.3904009,1.3525987,0.15511924,-0.52978611,0.83382535,0
4.5747342,-4.9885883,0.29050422,0.95374984,-0.13968107,-0.26617825,0
-4.8038545,1.7896531,0.51729393,-0.95374984,0.13968107,0.26617825,0
3.9808095,4.6929893,-2.069716,0.2574873,0.83655006,0.48361629,0
-0.52623415,3.5840852,2.3849354,0.2574873,0.83655006,0.48361629,0
-2.4652472,2.0246205,-2.9437809,-0.15511924,0.52978611,-0.83382535,0
2.9555402,0.67511034,4.6151481,0.15511924,-0.52978611,0.83382535,0
1.2794418,-3.3513246,-3.148715,-0.2574873,-0.83655006,-0.48361629,0
