2.3242495,4.2640648,-1.0873384,0.47069594,0.86427808,-0.17739356,0
2.1920223,5.1150303,2.4502254,0.47069594,0.86427808,-0.17739356,0
1.5203807,-1.3899267,-5.2822428,-0.4353382,0.052625656,-0.89872742,0
0.70322895,5.8757915,2.1324873,0.47069594,0.86427808,-0.17739356,0
1.5880523,-5.9185863,-0.67967033,0.76741493,-0.50025362,-0.40102407,0
-1.1917095,5.7336178,-3.2322583,0.47069594,0.86427808,-0.17739356,0
-6.8202853,-1.949495,-1.1777163,-0.4353382,0.052625656,-0.89872742,0
-0.17365456,-0.903018,4.5716009,0.4353382,-0.052625656,0.89872742,0
-2.9880619,3.3845026,1.3660543,-0.76741493,0.50025362,0.40102407,0
-4.0921001,0.68209702,2.489727,-0.76741493,0.50025362,0.40102407,0
-0.83205867,-0.52403259,4.8632817,0.4353382,-0.052625656,0.89872742,0
-6.74933,-0.84572887,-1.3121772,-0.4353382,0.052625656,-0.89872742,0
-0.20391798,3.0570464,4.6570334,0.4353382,-0.052625656,0.89872742,0
-0.028922081,-6.0440321,-3.83373,0.76741493,-0.50025362,-0.40102407,0
6.2466507,2.2905583,-0.022530079,0.47069594,0.86427808,-0.17739356,0
4.0382032,2.6103439,2.6193023,0.4353382,-0.052625656,0.89872742,0
-2.7352743,2.4117103,3.0350106,-0.76741493,0.50025362,0.40102407,0
-2.0451326,0.96533942,-3.4037752,-0.4353382,0.052625656,-0.89872742,0
3.8131218,0.72718692,-4.630084,0.76741493,-0.50025362,-0.40102407,0
-2.177779,-4.1382575,2.5999408,-0.47069594,-0.86427808,0.17739356,0
-4.1492553,3.1387665,-2.3214488,-0.4353382,0.052625656,-0.89872742,0
-3.1754513,-3.4946563,2.5810332,-0.47069594,-0.86427808,0.17739356,0
-3.2702742,-0.36031866,5.2885561,-0.76741493,0.50025362,0.40102407,0
6.7506056,2.18752,0.51060772,0.47069594,0.86427808,-0.17739356,0
4.3603587,1.8081264,-5.3428273,0.76741493,-0.50025362,-0.40102407,0
0.43999124,-5.6830773,2.199079,-0.47069594,-0.86427808,0.17739356,0
-1.5517077,4.0343361,3.2178798,-0.76741493,0.50025362,0.40102407,0
0.46542791,4.1934743,-4.3743186,-0.4353382,0.052625656,-0.89872742,0
-1.1513443,-1.4621382,4.9276867,0.4353382,-0.052625656,0.89872742,0
-2.7128549,0.65007973,5.1191654,-0.76741493,0.50025362,0.40102407,0
3.6186814,-0.38902485,-4.0521183,0.76741493,-0.50025362,-0.40102407,0
-5.1481314,-2.2182739,3.7717581,-0.47069594,-0.86427808,0.17739356,0
3.1520338,4.2605195,3.275156,0.4353382,-0.052625656,0.89872742,0
-5.2963309,1.9210277,-1.4622585,-0.76741493,0.50025362,0.40102407,0
-2.2821684,5.5694132,0.025063038,-0.76741493,0.50025362,0.40102407,0
-1.4092278,6.0064402,-2.3622007,0.47069594,0.86427808,-0.17739356,0
-5.8185925,-0.44673061,-1.6204996,-0.4353382,0.052625656,-0.89872742,0
-4.5771532,0.48576674,2.0473998,-0.76741493,0.50025362,0.40102407,0
-0.84139073,-3.068567,-4.2410564,-0.4353382,0.052625656,-0.89872742,0
-1.9473758,2.9749775,3.9561276,-0.76741493,0.50025362,0.40102407,0
2.3727431,-5.8943501,0.82743835,0.76741493,-0.50025362,-0.40102407,0
-1.8812828,5.12955,1.102005,-0.76741493,0.50025362,0.40102407,0
-3.2459881,-2.8804908,5.8159285,-0.47069594,-0.86427808,0.17739356,0
2.8275466,-2.2913334,-2.8179448,0.76741493,-0.50025362,-0.40102407,0
-0.70699584,-5.0689979,1.8748064,-0.47069594,-0.86427808,0.17739356,0
-2.1443572,6.4280515,-2.7648673,0.47069594,0.86427808,-0.17739356,0
-5.2794447,-1.5760243,-2.0918114,-0.4353382,0.052625656,-0.89872742,0
0.87747717,6.2451792,4.2772622,0.47069594,0.86427808,-0.17739356,0
-5.0377326,-2.157135,-2.1427665,-0.4353382,0.052625656,-0.89872742,0
-1.8578539,5.2355881,1.1619189,-0.76741493,0.50025362,0.40102407,0
-2.9800782,6.5426903,-2.4699974,-0.76741493,0.50025362,0.40102407,0
-0.87785506,0.88556147,4.9411516,0.4353382,-0.052625656,0.89872742,0
-2.7279,1.6676279,4.0695777,-0.76741493,0.50025362,0.40102407,0
-2.2076299,-1.1070719,-3.4652505,-0.4353382,0.052625656,-0.89872742,0
3.5558214,3.2349296,-2.9540653,0.47069594,0.86427808,-0.17739356,0
-2.7135606,0.52277398,-3.1103287,-0.4353382,0.052625656,-0.89872742,0
-6.1472116,0.48543358,-1.3098962,-0.76741493,0.50025362,0.40102407,0
-1.1809201,1.2030678,-3.8519988,-0.4353382,0.052625656,-0.89872742,0
2.8109794,-6.0520587,1.5046077,0.76741493,-0.50025362,-0.40102407,0
-1.5073247,4.3349056,2.8067093,-0.76741493,0.50025362,0.40102407,0
-1.6533096,-1.5195026,5.2382517,0.4353382,-0.052625656,0.89872742,0
2.4817891,4.561739,0.7542367,0.47069594,0.86427808,-0.17739356,0
4.4785056,3.5844567,1.5067458,0.47069594,0.86427808,-0.17739356,0
-6.4882827,-1.5079765,0.45440769,-0.76741493,0.50025362,0.40102407,0
3.4776008,3.0777731,-3.4058647,0.47069594,0.86427808,-0.17739356,0
0.81719685,-5.8005295,1.9332318,-0.47069594,-0.86427808,0.17739356,0
4.7057438,2.3748484,-4.6373863,0.47069594,0.86427808,-0.17739356,0
-3.8743858,-3.5321434,0.34297085,-0.47069594,-0.86427808,0.17739356,0
-2.35147,6.4952922,-2.5906372,0.47069594,0.86427808,-0.17739356,0
-2.2384229,-4.3794947,1.4257855,-0.47069594,-0.86427808,0.17739356,0
-4.1590147,0.032192826,3.2743368,-0.76741493,0.50025362,0.40102407,0
-0.15561235,1.2386975,-4.2374973,-0.4353382,0.052625656,-0.89872742,0
0.82499874,4.760376,-2.4924502,0.47069594,0.86427808,-0.17739356,0
-0.99637604,-5.9410877,-2.9891424,-0.47069594,-0.86427808,0.17739356,0
-2.2487495,-4.1607075,2.0307865,-0.47069594,-0.86427808,0.17739356,0
-1.4540278,-5.6471167,-3.4582286,-0.47069594,-0.86427808,0.17739356,0
-0.074524403,-6.3810596,-3.5854857,-0.47069594,-0.86427808,0.17739356,0
-4.2434573,1.9953325,-2.2543364,-0.4353382,0.052625656,-0.89872742,0
1.3588524,-5.9300089,2.4253855,-0.47069594,-0.86427808,0.17739356,0
1.1481253,5.1147676,-0.5810132,0.47069594,0.86427808,-0.17739356,0
-0.6752063,5.0745182,-3.8415484,-0.4353382,0.052625656,-0.89872742,0
0.44229031,3.2297599,4.5212383,0.4353382,-0.052625656,0.89872742,0
1.6542706,-6.1589108,-0.18424988,0.76741493,-0.50025362,-0.40102407,0
-1.300859,4.9610333,2.5515289,-0.76741493,0.50025362,0.40102407,0
-5.0472999,0.090624332,1.6538751,-0.76741493,0.50025362,0.40102407,0
-7.1883969,-1.4172454,-1.0415158,-0.4353382,0.052625656,-0.89872742,0
-5.3341951,-2.7484536,0.9068327,-0.47069594,-0.86427808,0.17739356,0
5.7865953,0.88172346,-1.3074799,0.76741493,-0.50025362,-0.40102407,0
0.2386694,-5.8464198,-3.2945166,0.76741493,-0.50025362,-0.40102407,0
4.7395773,2.7731073,-2.5987396,0.47069594,0.86427808,-0.17739356,0
-0.4513464,5.7808485,2.9565904,-0.76741493,0.50025362,0.40102407,0
3.9013886,-3.8831866,1.3104833,0.76741493,-0.50025362,-0.40102407,0
-1.8738408,-2.257494,-3.6168189,-0.4353382,0.052625656,-0.89872742,0
-1.4609199,5.8186483,-3.3686614,-0.4353382,0.052625656,-0.89872742,0
2.7618246,1.0425029,-5.6717777,-0.4353382,0.052625656,-0.89872742,0
0.10169363,2.2367687,4.6285524,0.4353382,-0.052625656,0.89872742,0
3.6960509,4.2462473,2.8287041,0.47069594,0.86427808,-0.17739356,0
0.70277739,5.1916108,-0.67118549,0.47069594,0.86427808,-0.17739356,0
4.949275,2.0156617,-4.3032126,0.76741493,-0.50025362,-0.40102407,0
-0.33131322,1.7609401,-4.1879396,-0.4353382,0.052625656,-0.89872742,0
0.62208599,-2.1959295,4.0078259,0.4353382,-0.052625656,0.89872742,0
5.822866,-0.3043139,0.29299402,0.76741493,-0.50025362,-0.40102407,0
0.87710023,6.13131,3.7770166,0.47069594,0.86427808,-0.17739356,0
7.4211087,1.6631373,0.71072626,0.76741493,-0.50025362,-0.40102407,0
0.45781159,-2.511045,4.064784,0.4353382,-0.052625656,0.89872742,0
-5.7103596,0.043933153,0.084273815,-0.76741493,0.50025362,0.40102407,0
-4.7722697,2.5060468,-1.214844,-0.76741493,0.50025362,0.40102407,0
3.5173059,2.6816125,-5.8661962,0.47069594,0.86427808,-0.17739356,0
4.2090039,-1.2031081,2.2914119,0.4353382,-0.052625656,0.89872742,0
1.446188,-2.4149399,-5.2992067,-0.4353382,0.052625656,-0.89872742,0
0.42788494,-4.4080448,4.0023251,0.4353382,-0.052625656,0.89872742,0
-0.37222672,3.9632671,4.7777214,0.4353382,-0.052625656,0.89872742,0
1.3835073,-1.0877051,3.7845061,0.4353382,-0.052625656,0.89872742,0
-4.133491,-2.8589611,2.8581839,-0.47069594,-0.86427808,0.17739356,0
2.9526458,4.6442456,2.4226849,0.47069594,0.86427808,-0.17739356,0
4.0753188,3.626019,0.48288393,0.47069594,0.86427808,-0.17739356,0
-1.687717,6.5600457,-0.61378288,0.47069594,0.86427808,-0.17739356,0
-0.40058085,-4.7641306,3.664176,-0.47069594,-0.86427808,0.17739356,0
-2.9921041,2.5933707,2.4602416,-0.76741493,0.50025362,0.40102407,0
5.0016546,3.4634616,1.8542924,0.47069594,0.86427808,-0.17739356,0
1.7338796,5.1851401,3.9233005,0.4353382,-0.052625656,0.89872742,0
-5.6944895,0.38313723,-1.7671661,-0.4353382,0.052625656,-0.89872742,0
-1.6844726,5.5627871,1.1988642,-0.76741493,0.50025362,0.40102407,0
-4.2668238,-1.9378213,-2.4848621,-0.4353382,0.052625656,-0.89872742,0
-1.1787347,-5.0343051,0.34793425,-0.47069594,-0.86427808,0.17739356,0
1.7475934,-2.3730841,-4.7040014,0.76741493,-0.50025362,-0.40102407,0
3.7971869,1.6658354,-6.0169401,0.76741493,-0.50025362,-0.40102407,0
2.8683352,-1.968487,-3.0953834,0.76741493,-0.50025362,-0.40102407,0
-2.4310305,0.91829109,-3.1845357,-0.4353382,0.052625656,-0.89872742,0
0.44518757,-6.3002586,-1.2675354,-0.47069594,-0.86427808,0.17739356,0
-3.7671695,2.4420586,0.95193374,-0.76741493,0.50025362,0.40102407,0
1.7307644,4.6503048,-1.3711743,0.47069594,0.86427808,-0.17739356,0
-0.14438868,-4.1732678,-4.5289183,-0.4353382,0.052625656,-0.89872742,0
-1.7483268,6.1203856,0.16097593,-0.76741493,0.50025362,0.40102407,0
5.3204322,-1.0746284,0.47571123,0.76741493,-0.50025362,-0.40102407,0
-0.36188674,-5.5880013,-0.32965612,-0.47069594,-0.86427808,0.17739356,0
-5.4179082,1.0522122,-0.39171708,-0.76741493,0.50025362,0.40102407,0
-1.0998054,6.5697136,0.98401284,0.47069594,0.86427808,-0.17739356,0
-1.0085464,4.960886,2.857199,-0.76741493,0.50025362,0.40102407,0
-1.5942622,-4.3199162,2.4393849,-0.47069594,-0.86427808,0.17739356,0
-0.10421777,5.2767038,-3.0754113,0.47069594,0.86427808,-0.17739356,0
2.484839,5.0395951,2.9479167,0.47069594,0.86427808,-0.17739356,0
-2.2662201,2.2104726,4.3195562,-0.76741493,0.50025362,0.40102407,0
-0.70847476,-2.333003,4.6918526,0.4353382,-0.052625656,0.89872742,0
3.8739839,0.22892928,-3.9841475,0.76741493,-0.50025362,-0.40102407,0
0.52865767,4.0344028,4.4748201,0.4353382,-0.052625656,0.89872742,0
-1.9600549,6.2852426,-0.38350105,-0.76741493,0.50025362,0.40102407,0
-1.105812,-2.6108551,4.8448696,0.4353382,-0.052625656,0.89872742,0
-0.68559098,5.9116488,-0.65885973,0.47069594,0.86427808,-0.17739356,0
0.78326702,-3.9394515,-4.9715462,0.76741493,-0.50025362,-0.40102407,0
3.5570974,0.61836052,2.6769233,0.4353382,-0.052625656,0.89872742,0
4.8744884,-0.61994439,-1.1964159,0.76741493,-0.50025362,-0.40102407,0
5.0357561,-0.91819787,1.9788467,0.4353382,-0.052625656,0.89872742,0
-0.68979323,-4.039196,4.582408,0.4353382,-0.052625656,0.89872742,0
-0.70621824,-6.1658039,-4.0424876,-0.47069594,-0.86427808,0.17739356,0
-3.858655,-4.0631008,-1.5628908,-0.47069594,-0.86427808,0.17739356,0
6.762259,0.97715926,1.2043245,0.4353382,-0.052625656,0.89872742,0
4.477963,2.2770829,-5.4417815,0.47069594,0.86427808,-0.17739356,0
-1.2702014,-3.1094408,-4.1077895,-0.4353382,0.052625656,-0.89872742,0
-4.056426,-2.5070357,5.599515,-0.47069594,-0.86427808,0.17739356,0
2.3469658,-0.33635283,-5.5741096,-0.4353382,0.052625656,-0.89872742,0
-3.841089,-3.5766981,0.31086302,-0.47069594,-0.86427808,0.17739356,0
-3.8650036,4.3410091,-2.384666,-0.4353382,0.052625656,-0.89872742,0
5.2776113,0.012798429,-1.0290761,0.76741493,-0.50025362,-0.40102407,0
5.7020707,0.39952517,-0.78670359,0.76741493,-0.50025362,-0.40102407,0
-0.69244576,5.9102936,2.4631748,-0.76741493,0.50025362,0.40102407,0
-1.9248857,6.6102195,-1.1305881,0.47069594,0.86427808,-0.17739356,0
-4.1404796,2.3447433,0.38452697,-0.76741493,0.50025362,0.40102407,0
0.75538987,-0.67069411,3.9983735,0.4353382,-0.052625656,0.89872742,0
3.9267335,-4.0843215,1.3660854,0.76741493,-0.50025362,-0.40102407,0
-5.4526186,0.99504924,-0.55937767,-0.76741493,0.50025362,0.40102407,0
-0.20383835,-5.701767,0.20138025,-0.47069594,-0.86427808,0.17739356,0
2.0865793,-1.960641,-4.9686394,0.76741493,-0.50025362,-0.40102407,0
2.3617601,-5.1551266,-0.39204192,0.76741493,-0.50025362,-0.40102407,0
0.70964241,-2.993413,-4.9662628,-0.4353382,0.052625656,-0.89872742,0
6.7917833,1.2513899,0.02150774,0.76741493,-0.50025362,-0.40102407,0
2.6292324,-0.62018394,-5.5504804,0.76741493,-0.50025362,-0.40102407,0
-2.3860476,-3.2876368,5.4991603,0.4353382,-0.052625656,0.89872742,0
-4.9517841,-3.1042771,-0.22012949,-0.47069594,-0.86427808,0.17739356,0
-3.9830005,-2.9625721,3.5194607,-0.47069594,-0.86427808,0.17739356,0
-5.4230185,-2.4208293,-1.885133,-0.4353382,0.052625656,-0.89872742,0
0.42541844,-2.0723433,4.1831093,0.4353382,-0.052625656,0.89872742,0
3.1504643,3.0289974,-4.5420022,0.47069594,0.86427808,-0.17739356,0
1.9778509,5.1183581,1.7064149,0.47069594,0.86427808,-0.17739356,0
-2.8153486,-3.8536696,1.8669448,-0.47069594,-0.86427808,0.17739356,0
2.5068464,-3.8926783,-1.4654026,0.76741493,-0.50025362,-0.40102407,0
-0.42281902,1.8632457,-4.0628104,-0.4353382,0.052625656,-0.89872742,0
3.0463548,-0.42656088,-4.7323499,0.76741493,-0.50025362,-0.40102407,0
3.1246462,-1.8138375,-2.951632,0.76741493,-0.50025362,-0.40102407,0
0.54455209,-0.41356897,-4.7072034,-0.4353382,0.052625656,-0.89872742,0
-1.7458816,-5.1155176,-1.9003217,-0.47069594,-0.86427808,0.17739356,0
-5.5703292,-2.4150434,1.9007702,-0.47069594,-0.86427808,0.17739356,0
0.3684895,5.5247364,-0.69062948,0.47069594,0.86427808,-0.17739356,0
2.9376173,3.4522333,-3.7675257,0.47069594,0.86427808,-0.17739356,0
1.3332455,-6.0257773,2.3346658,-0.47069594,-0.86427808,0.17739356,0
4.9443407,0.40481138,-2.1802294,0.76741493,-0.50025362,-0.40102407,0
3.7417498,-0.39848459,-3.7757487,0.76741493,-0.50025362,-0.40102407,0
1.3124695,-1.0227761,-5.0483336,-0.4353382,0.052625656,-0.89872742,0
0.97657573,4.870296,-1.5046105,0.47069594,0.86427808,-0.17739356,0
-5.8632512,0.88466763,-1.5101902,-0.4353382,0.052625656,-0.89872742,0
5.9003973,1.8479273,1.7772741,0.4353382,-0.052625656,0.89872742,0
-1.6084797,0.031752348,-3.6567919,-0.4353382,0.052625656,-0.89872742,0
-4.3332849,2.3545353,-2.1802924,-0.4353382,0.052625656,-0.89872742,0
-2.1517129,-5.1295686,-2.9804649,-0.47069594,-0.86427808,0.17739356,0
-0.14835912,3.8729386,-4.0595937,-0.4353382,0.052625656,-0.89872742,0
5.8724847,0.18002176,-0.059007406,0.76741493,-0.50025362,-0.40102407,0
-3.4284368,-1.3005672,5.9606113,0.4353382,-0.052625656,0.89872742,0
-4.2168918,2.9970131,-0.59160256,-0.76741493,0.50025362,0.40102407,0
-3.7824454,2.0966141,1.1494778,-0.76741493,0.50025362,0.40102407,0
-4.4472241,-3.8442121,-1.7894669,-0.47069594,-0.86427808,0.17739356,0
-3.4191656,5.0232191,-2.4412489,-0.4353382,0.052625656,-0.89872742,0
3.6267152,-4.0323935,0.51463437,0.76741493,-0.50025362,-0.40102407,0
4.2284026,-0.016288757,2.455749,0.4353382,-0.052625656,0.89872742,0
5.6752071,0.515028,-0.75876737,0.76741493,-0.50025362,-0.40102407,0
-1.0778627,4.9294949,3.0737827,-0.76741493,0.50025362,0.40102407,0
-3.1025543,5.5389304,-1.6465824,-0.76741493,0.50025362,0.40102407,0
-4.4833026,1.5692024,0.48446715,-0.76741493,0.50025362,0.40102407,0
7.1603947,1.7478392,1.0446982,0.4353382,-0.052625656,0.89872742,0
-0.189744,5.7793446,-0.19141531,0.47069594,0.86427808,-0.17739356,0
0.24803317,-5.1470776,3.684689,-0.47069594,-0.86427808,0.17739356,0
4.7116733,-0.79049742,-1.3274909,0.76741493,-0.50025362,-0.40102407,0
-4.7407055,0.84618521,-2.0012703,-0.4353382,0.052625656,-0.89872742,0
-0.92914259,2.5732009,-3.7887526,-0.4353382,0.052625656,-0.89872742,0
0.78298044,3.3702164,-4.5418348,-0.4353382,0.052625656,-0.89872742,0
-4.7162342,-3.6747868,-1.7425139,-0.47069594,-0.86427808,0.17739356,0
-2.2423439,3.8958428,2.0870428,-0.76741493,0.50025362,0.40102407,0
4.9172592,-1.1229424,-0.16550839,0.76741493,-0.50025362,-0.40102407,0
-0.76328039,-4.5275493,-4.4321332,-0.4353382,0.052625656,-0.89872742,0
3.8581839,-3.7814095,0.84919405,0.76741493,-0.50025362,-0.40102407,0
5.2407579,3.0312741,1.0146971,0.47069594,0.86427808,-0.17739356,0
3.4216542,3.843632,-0.34754276,0.47069594,0.86427808,-0.17739356,0
0.23821947,-2.3432684,4.2048965,0.4353382,-0.052625656,0.89872742,0
-0.67082155,-5.5076761,-0.48820066,-0.47069594,-0.86427808,0.17739356,0
-0.49455583,-2.1298451,-4.2970428,-0.4353382,0.052625656,-0.89872742,0
0.25535893,5.7550063,0.93741655,0.47069594,0.86427808,-0.17739356,0
-1.46808,-4.8483815,0.71030807,-0.47069594,-0.86427808,0.17739356,0
-0.11854696,-6.3680887,-3.3076861,0.76741493,-0.50025362,-0.40102407,0
-1.910005,-4.1093521,3.1329803,-0.47069594,-0.86427808,0.17739356,0
5.3423495,-0.63302541,-0.16677666,0.76741493,-0.50025362,-0.40102407,0
-5.5745049,-0.67173314,-1.8123776,-0.4353382,0.052625656,-0.89872742,0
-4.1149836,3.9147861,-2.304131,-0.4353382,0.052625656,-0.89872742,0
-3.5052562,0.020167351,4.5546713,-0.76741493,0.50025362,0.40102407,0
-5.3239698,1.1250789,-1.7871506,-0.4353382,0.052625656,-0.89872742,0
1.5396839,4.3628058,3.9333487,0.4353382,-0.052625656,0.89872742,0
0.66900206,-5.5037756,3.3284769,-0.47069594,-0.86427808,0.17739356,0
2.2220507,-3.829052,-2.0973682,0.76741493,-0.50025362,-0.40102407,0
2.9033821,-3.3431606,2.924356,0.4353382,-0.052625656,0.89872742,0
-3.1026464,6.0841646,-2.4404116,-0.76741493,0.50025362,0.40102407,0
-4.8699055,0.61571729,0.99548984,-0.76741493,0.50025362,0.40102407,0
-3.6487274,-2.560905,5.7598333,-0.47069594,-0.86427808,0.17739356,0
-4.3324971,-2.2037055,-2.52194,-0.4353382,0.052625656,-0.89872742,0
6.6170936,2.3826015,0.67552996,0.47069594,0.86427808,-0.17739356,0
0.076238632,6.3533258,2.7255034,0.47069594,0.86427808,-0.17739356,0
-5.3701515,-1.5668001,2.8389664,-0.76741493,0.50025362,0.40102407,0
0.51357222,-6.4082236,-1.1883583,-0.47069594,-0.86427808,0.17739356,0
5.6316543,-0.7648797,0.71216238,0.76741493,-0.50025362,-0.40102407,0
-6.5520873,-1.0328386,0.00015974045,-0.76741493,0.50025362,0.40102407,0
1.7259309,4.1228161,-3.3996449,0.47069594,0.86427808,-0.17739356,0
3.9592972,1.660192,-5.5248275,0.76741493,-0.50025362,-0.40102407,0
-2.3534169,4.2250791,1.6139731,-0.76741493,0.50025362,0.40102407,0
5.0395803,2.6095531,2.0983772,0.4353382,-0.052625656,0.89872742,0
-0.68355131,5.1191225,3.6377852,-0.76741493,0.50025362,0.40102407,0
-5.2570739,-2.5505176,-1.9801228,-0.4353382,0.052625656,-0.89872742,0
-0.84353328,-2.3733759,4.7279119,0.4353382,-0.052625656,0.89872742,0
-6.3210897,-0.76277161,-1.3753352,-0.4353382,0.052625656,-0.89872742,0
-5.2926598,-3.2859607,-2.1312573,-0.4353382,0.052625656,-0.89872742,0
-2.9218361,-2.2941942,5.7544184,0.4353382,-0.052625656,0.89872742,0
-4.7036581,-0.60252643,2.7687199,-0.76741493,0.50025362,0.40102407,0
0.8218596,0.4543519,-4.7748532,-0.4353382,0.052625656,-0.89872742,0
-5.8402677,-1.3551855,-1.6484137,-0.4353382,0.052625656,-0.89872742,0
0.92773443,1.0624566,4.0615849,0.4353382,-0.052625656,0.89872742,0
1.6416554,-6.596611,0.62050867,-0.47069594,-0.86427808,0.17739356,0
4.8626461,0.93554354,-2.9422224,0.76741493,-0.50025362,-0.40102407,0
-1.3428955,4.8496056,2.5858986,-0.76741493,0.50025362,0.40102407,0
0.4293251,-6.4633341,-1.7326434,-0.47069594,-0.86427808,0.17739356,0
6.4881124,-0.19735432,1.3149801,0.76741493,-0.50025362,-0.40102407,0
-1.2963181,6.3382921,-0.97050953,0.47069594,0.86427808,-0.17739356,0
-4.769917,-0.95663607,3.5080128,-0.76741493,0.50025362,0.40102407,0
-0.53319466,-2.4117627,-4.2908945,-0.4353382,0.052625656,-0.89872742,0
-1.7086945,-4.9138517,-0.3591547,-0.47069594,-0.86427808,0.17739356,0
-1.9425125,2.5338588,4.1466036,-0.76741493,0.50025362,0.40102407,0
-5.4773779,0.74826598,-0.11565554,-0.76741493,0.50025362,0.40102407,0
-0.81773186,-6.2189274,-4.3128738,-0.4353382,0.052625656,-0.89872742,0
-0.90040487,1.4097879,-3.8651628,-0.4353382,0.052625656,-0.89872742,0
2.2050846,4.9025478,1.1347582,0.47069594,0.86427808,-0.17739356,0
1.4374189,0.80934811,-5.1437893,-0.4353382,0.052625656,-0.89872742,0
3.0029025,4.8754115,3.2427201,0.4353382,-0.052625656,0.89872742,0
6.3557134,1.8786359,-1.4213009,0.76741493,-0.50025362,-0.40102407,0
-4.4554629,1.7470615,0.53560698,-0.76741493,0.50025362,0.40102407,0
5.7670207,0.99884737,-1.3866696,0.76741493,-0.50025362,-0.40102407,0
-1.4208546,4.9919677,-3.5507374,-0.4353382,0.052625656,-0.89872742,0
-3.8882859,-2.6618025,5.2070212,-0.47069594,-0.86427808,0.17739356,0
-0.90093267,-4.588438,3.9172001,-0.47069594,-0.86427808,0.17739356,0
-1.1860509,0.15989494,5.0072517,0.4353382,-0.052625656,0.89872742,0
0.3867507,-5.4995003,2.1846709,-0.47069594,-0.86427808,0.17739356,0
-4.2667041,1.9146135,0.46826255,-0.76741493,0.50025362,0.40102407,0
-3.3426394,2.4014387,1.6976751,-0.76741493,0.50025362,0.40102407,0
-3.4695735,-4.0226383,-3.0360355,-0.4353382,0.052625656,-0.89872742,0
-2.9281797,5.0982561,-0.57869172,-0.76741493,0.50025362,0.40102407,0
0.15274882,-6.079412,-0.80967999,-0.47069594,-0.86427808,0.17739356,0
-3.4358969,-3.4834995,2.544601,-0.47069594,-0.86427808,0.17739356,0
1.242151,-0.70823932,-5.122118,-0.4353382,0.052625656,-0.89872742,0
-0.45803595,1.6513052,4.7052488,0.4353382,-0.052625656,0.89872742,0
-1.0823565,-2.6122379,4.8200312,0.4353382,-0.052625656,0.89872742,0
-0.12197601,2.5695748,-4.2979088,-0.4353382,0.052625656,-0.89872742,0
-5.4113421,-3.1006815,-1.660378,-0.47069594,-0.86427808,0.17739356,0
1.3740213,-5.9215817,3.1529384,-0.47069594,-0.86427808,0.17739356,0
-5.4902196,-1.0562243,-1.8626829,-0.4353382,0.052625656,-0.89872742,0
3.8511257,2.5452063,-5.6253629,0.47069594,0.86427808,-0.17739356,0
-1.4727852,-5.8459682,-3.9425912,-0.47069594,-0.86427808,0.17739356,0
-1.1477695,-4.1528888,4.7313027,-0.47069594,-0.86427808,0.17739356,0
-1.3950666,3.9305201,-3.5694206,-0.4353382,0.052625656,-0.89872742,0
5.9847136,2.6877577,0.93521881,0.47069594,0.86427808,-0.17739356,0
-3.9707756,-3.3050113,1.0630851,-0.47069594,-0.86427808,0.17739356,0
2.3944175,-5.9780326,3.0364184,0.4353382,-0.052625656,0.89872742,0
6.2267919,2.3769205,0.012587547,0.47069594,0.86427808,-0.17739356,0
1.0478565,-4.4013844,3.6508667,0.4353382,-0.052625656,0.89872742,0
4.955677,-0.90803623,-0.68562388,0.76741493,-0.50025362,-0.40102407,0
4.2762351,1.2642694,-4.7922463,0.76741493,-0.50025362,-0.40102407,0
2.280673,-6.2501335,0.75124741,0.76741493,-0.50025362,-0.40102407,0
-1.5720954,-5.0137458,-4.0893564,-0.4353382,0.052625656,-0.89872742,0
2.4830723,1.4904792,3.4156783,0.4353382,-0.052625656,0.89872742,0
-0.035439253,-5.2599058,1.9078321,-0.47069594,-0.86427808,0.17739356,0
2.327064,3.733674,-3.6914954,0.47069594,0.86427808,-0.17739356,0
0.6674099,4.7553015,-3.2154002,0.47069594,0.86427808,-0.17739356,0
-4.4062824,3.8382509,-1.7608935,-0.76741493,0.50025362,0.40102407,0
3.2665648,-5.1877642,1.2684839,0.76741493,-0.50025362,-0.40102407,0
-4.8268385,-2.8873513,0.78520489,-0.47069594,-0.86427808,0.17739356,0
3.2454839,-3.9661312,0.18550229,0.76741493,-0.50025362,-0.40102407,0
2.8147936,-3.7790768,-1.1089108,0.76741493,-0.50025362,-0.40102407,0
1.4578812,4.0294018,-4.4559307,0.47069594,0.86427808,-0.17739356,0
-5.0140762,-3.1743557,-0.82957029,-0.47069594,-0.86427808,0.17739356,0
0.051441669,5.7423697,0.31210136,0.47069594,0.86427808,-0.17739356,0
5.098805,1.0198956,-2.8988068,0.76741493,-0.50025362,-0.40102407,0
-4.1847768,-1.3887579,4.8408937,-0.76741493,0.50025362,0.40102407,0
-1.6617165,6.4378333,-0.06061697,-0.76741493,0.50025362,0.40102407,0
-2.4844971,-4.2424574,-3.4223084,-0.4353382,0.052625656,-0.89872742,0
3.5874233,3.7094455,-0.33901262,0.47069594,0.86427808,-0.17739356,0
0.67708349,-5.9753819,1.2475896,-0.47069594,-0.86427808,0.17739356,0
0.68050408,-5.4174223,3.7706852,-0.47069594,-0.86427808,0.17739356,0
-3.5338218,3.6874483,-2.577764,-0.4353382,0.052625656,-0.89872742,0
-3.3725388,-2.56319,5.980896,0.4353382,-0.052625656,0.89872742,0
2.3898249,-3.7689233,3.0157683,0.4353382,-0.052625656,0.89872742,0
-0.1908378,1.5643873,-4.2721882,-0.4353382,0.052625656,-0.89872742,0
0.68237495,-2.829246,-4.8884678,-0.4353382,0.052625656,-0.89872742,0
-3.4101925,5.447114,-2.1822147,-0.76741493,0.50025362,0.40102407,0
2.7202873,-6.5953488,1.9778895,0.76741493,-0.50025362,-0.40102407,0
4.2225857,1.7775052,-5.5574002,0.76741493,-0.50025362,-0.40102407,0
4.588799,-1.3390801,-0.84617186,0.76741493,-0.50025362,-0.40102407,0
3.0026608,-4.8023701,2.6893609,0.4353382,-0.052625656,0.89872742,0
3.7130306,2.1125016,-6.1570373,-0.4353382,0.052625656,-0.89872742,0
-5.387239,-0.40505886,1.5260274,-0.76741493,0.50025362,0.40102407,0
1.5008384,2.4026947,-5.0631876,-0.4353382,0.052625656,-0.89872742,0
2.9099855,0.38875914,-5.8677244,-0.4353382,0.052625656,-0.89872742,0
-3.7255113,-3.2457719,3.0058389,-0.47069594,-0.86427808,0.17739356,0
-6.2479124,-1.4474027,1.0210705,-0.76741493,0.50025362,0.40102407,0
2.6456127,2.7090745,3.2791924,0.4353382,-0.052625656,0.89872742,0
-3.2940395,1.3252549,-2.8598933,-0.4353382,0.052625656,-0.89872742,0
2.0518894,4.2746801,3.8102033,0.4353382,-0.052625656,0.89872742,0
2.2126522,3.5927196,-4.9032278,0.47069594,0.86427808,-0.17739356,0
0.84674406,-5.6899228,2.4617238,-0.47069594,-0.86427808,0.17739356,0
-5.3086972,0.53687525,0.61295795,-0.76741493,0.50025362,0.40102407,0
-4.8943729,-3.0776606,0.29171228,-0.47069594,-0.86427808,0.17739356,0
3.0802484,-5.4342399,1.4285827,0.76741493,-0.50025362,-0.40102407,0
-4.9143286,1.5724349,-0.015276313,-0.76741493,0.50025362,0.40102407,0
-3.987525,1.4159827,1.6737301,-0.76741493,0.50025362,0.40102407,0
-1.3252823,-2.223969,-3.99244,-0.4353382,0.052625656,-0.89872742,0
-2.8128254,-4.5947571,-1.6184258,-0.47069594,-0.86427808,0.17739356,0
3.0780191,-3.7465837,-0.58647287,0.76741493,-0.50025362,-0.40102407,0
1.3309302,5.5767508,2.3780565,0.47069594,0.86427808,-0.17739356,0
-6.7046075,-2.310406,-0.60626698,-0.47069594,-0.86427808,0.17739356,0
-4.5985913,3.2767618,-1.8483784,-0.76741493,0.50025362,0.40102407,0
-6.6880064,-1.9657195,1.0192494,-0.47069594,-0.86427808,0.17739356,0
-1.0262437,6.4733539,1.2223108,-0.76741493,0.50025362,0.40102407,0
0.50616097,6.2340446,3.5687551,0.47069594,0.86427808,-0.17739356,0
1.8876548,4.3809948,-1.8141308,0.47069594,0.86427808,-0.17739356,0
4.5367756,-1.860568,2.0855663,0.4353382,-0.052625656,0.89872742,0
-1.1849608,4.2735271,3.7116075,-0.76741493,0.50025362,0.40102407,0
-1.3995378,0.090389252,5.1212931,0.4353382,-0.052625656,0.89872742,0
-2.4651825,0.60972762,-3.2026341,-0.4353382,0.052625656,-0.89872742,0
-1.4824129,-5.6091347,-2.9611554,-0.47069594,-0.86427808,0.17739356,0
4.5168195,-2.3081148,0.47945943,0.76741493,-0.50025362,-0.40102407,0
-4.0501881,-3.1876497,2.280385,-0.47069594,-0.86427808,0.17739356,0
-3.8761001,-3.8702066,-2.7935119,-0.4353382,0.052625656,-0.89872742,0
-4.7060585,-2.631433,-2.2865787,-0.4353382,0.052625656,-0.89872742,0
3.90979,0.88938332,-4.9704905,0.76741493,-0.50025362,-0.40102407,0
-0.66280913,-0.15289474,-4.199749,-0.4353382,0.052625656,-0.89872742,0
0.63454556,5.641942,1.4180124,0.47069594,0.86427808,-0.17739356,0
4.0253801,3.3594718,-0.72692633,0.47069594,0.86427808,-0.17739356,0
6.0065317,0.068563223,0.046061754,0.76741493,-0.50025362,-0.40102407,0
-1.1693909,1.3211854,-3.7497563,-0.4353382,0.052625656,-0.89872742,0
-3.5222096,-4.5162539,-2.8696802,-0.47069594,-0.86427808,0.17739356,0
1.25175,-6.0578642,-1.2615719,0.76741493,-0.50025362,-0.40102407,0
2.3085749,4.3618889,-0.62466717,0.47069594,0.86427808,-0.17739356,0
1.2806826,-5.0337038,-2.6588235,0.76741493,-0.50025362,-0.40102407,0
0.21857548,-4.645226,3.9923654,0.4353382,-0.052625656,0.89872742,0
-4.6403723,-0.28323454,2.8983426,-0.76741493,0.50025362,0.40102407,0
-2.1918716,-2.8207939,-3.4658163,-0.4353382,0.052625656,-0.89872742,0
-2.0474641,-4.154315,2.1456928,-0.47069594,-0.86427808,0.17739356,0
-1.0243869,-4.571404,-4.2650208,-0.4353382,0.052625656,-0.89872742,0
2.8879447,-6.3668375,2.0205717,0.76741493,-0.50025362,-0.40102407,0
-3.56635,4.6624775,-1.651736,-0.76741493,0.50025362,0.40102407,0
1.7138586,0.10946751,-5.3089805,-0.4353382,0.052625656,-0.89872742,0
-5.661849,-2.7885373,-0.84801531,-0.47069594,-0.86427808,0.17739356,0
-1.0790725,-6.0771627,-4.0918951,-0.47069594,-0.86427808,0.17739356,0
0.21234778,-2.0094419,4.2537313,0.4353382,-0.052625656,0.89872742,0
2.2733765,-0.29252553,3.3266971,0.4353382,-0.052625656,0.89872742,0
3.3830733,-0.84658813,-3.7382846,0.76741493,-0.50025362,-0.40102407,0
4.5847473,0.081144214,-2.7514272,0.76741493,-0.50025362,-0.40102407,0
5.087225,-1.6109352,0.76832139,0.76741493,-0.50025362,-0.40102407,0
-4.1743064,4.1720505,-1.9307826,-0.76741493,0.50025362,0.40102407,0
-3.5608416,4.4989405,-1.1808004,-0.76741493,0.50025362,0.40102407,0
-0.88341415,-5.2076268,0.1383009,-0.47069594,-0.86427808,0.17739356,0
-0.68641186,-1.6604986,4.7466726,0.4353382,-0.052625656,0.89872742,0
3.6786923,-3.5057776,0.23155761,0.76741493,-0.50025362,-0.40102407,0
-0.94045949,-6.0411086,-4.3189392,-0.4353382,0.052625656,-0.89872742,0
1.2446313,1.6830266,3.881743,0.4353382,-0.052625656,0.89872742,0
-0.70817041,-5.4581017,0.067862988,-0.47069594,-0.86427808,0.17739356,0
2.4153609,3.6414492,3.4078429,0.4353382,-0.052625656,0.89872742,0
0.51288819,-2.7314048,-4.819252,-0.4353382,0.052625656,-0.89872742,0
2.0115647,4.0191922,-3.6094813,0.47069594,0.86427808,-0.17739356,0
1.2108362,-0.2549417,3.7458868,0.4353382,-0.052625656,0.89872742,0
-0.53774309,6.0713096,2.8208251,-0.76741493,0.50025362,0.40102407,0
-5.1734824,-2.3430319,2.8458037,-0.47069594,-0.86427808,0.17739356,0
-4.0517526,-2.6972947,4.3461547,-0.47069594,-0.86427808,0.17739356,0
3.4290133,1.0260963,-6.058332,0.76741493,-0.50025362,-0.40102407,0
-4.2533751,-3.6118729,-0.43781137,-0.47069594,-0.86427808,0.17739356,0
1.1418703,-5.5100927,3.5005636,0.4353382,-0.052625656,0.89872742,0
4.2604728,0.97593021,-4.2276764,0.76741493,-0.50025362,-0.40102407,0
1.7605547,5.560534,3.1692872,0.47069594,0.86427808,-0.17739356,0
-0.3576293,5.3708029,3.773699,-0.76741493,0.50025362,0.40102407,0
0.76360822,-0.37665391,-4.7901735,-0.4353382,0.052625656,-0.89872742,0
-3.867588,3.9802892,-2.4360309,-0.4353382,0.052625656,-0.89872742,0
2.4592903,-5.1417618,3.0158055,0.4353382,-0.052625656,0.89872742,0
4.2686796,2.5012245,-5.1601119,0.47069594,0.86427808,-0.17739356,0
2.3472114,3.1080019,3.3859129,0.4353382,-0.052625656,0.89872742,0
-6.6075683,-0.46748853,-0.79958439,-0.76741493,0.50025362,0.40102407,0
0.55384445,4.547967,4.439992,0.4353382,-0.052625656,0.89872742,0
-7.103467,-1.9692954,-0.61686516,-0.47069594,-0.86427808,0.17739356,0
-2.6712012,-3.3403955,4.2785025,-0.47069594,-0.86427808,0.17739356,0
4.1337214,-0.38233542,2.3739877,0.4353382,-0.052625656,0.89872742,0
3.5186758,-0.71801662,-3.8266499,0.76741493,-0.50025362,-0.40102407,0
1.310854,5.7589645,3.4820681,0.47069594,0.86427808,-0.17739356,0
-0.062964916,-2.6086092,-4.49367,-0.4353382,0.052625656,-0.89872742,0
4.4433122,-3.075815,1.0790837,0.76741493,-0.50025362,-0.40102407,0
3.3951402,-0.376863,-4.4928741,0.76741493,-0.50025362,-0.40102407,0
-2.0695205,6.5651026,-1.1961775,0.47069594,0.86427808,-0.17739356,0
0.70836425,5.373127,4.4656096,0.4353382,-0.052625656,0.89872742,0
3.7297239,-0.95847863,-3.1359572,0.76741493,-0.50025362,-0.40102407,0
3.5271435,-3.2311034,-0.6340242,0.76741493,-0.50025362,-0.40102407,0
-0.73965108,1.5866928,-3.9997654,-0.4353382,0.052625656,-0.89872742,0
-3.3624682,4.8417826,-1.2674019,-0.76741493,0.50025362,0.40102407,0
0.95581126,5.6435881,1.918956,0.47069594,0.86427808,-0.17739356,0
-1.123414,4.8381767,3.0821688,-0.76741493,0.50025362,0.40102407,0
-1.0398283,0.43431234,-3.9101343,-0.4353382,0.052625656,-0.89872742,0
3.4552956,2.8972101,-5.0213599,0.47069594,0.86427808,-0.17739356,0
2.0031073,4.9284959,1.4587176,0.47069594,0.86427808,-0.17739356,0
-5.1148839,-1.8603326,3.8731408,-0.76741493,0.50025362,0.40102407,0
6.5624266,2.309186,0.33546972,0.47069594,0.86427808,-0.17739356,0
-5.6828742,-2.9402897,-1.3493574,-0.47069594,-0.86427808,0.17739356,0
0.46174669,-5.7413244,1.7985096,-0.47069594,-0.86427808,0.17739356,0
4.3480339,0.82850075,-3.921206,0.76741493,-0.50025362,-0.40102407,0
2.625432,1.3837767,3.1995988,0.4353382,-0.052625656,0.89872742,0
4.3043008,3.7625866,1.5128207,0.47069594,0.86427808,-0.17739356,0
1.7533073,-3.7823226,-3.1598198,0.76741493,-0.50025362,-0.40102407,0
-1.148911,4.7691641,3.2469358,-0.76741493,0.50025362,0.40102407,0
2.4171276,5.0976496,3.1241851,0.47069594,0.86427808,-0.17739356,0
-3.0132899,6.07797,-2.577333,-0.4353382,0.052625656,-0.89872742,0
0.95928961,1.1934457,4.0460992,0.4353382,-0.052625656,0.89872742,0
-5.5667415,-0.62327003,-1.8256323,-0.4353382,0.052625656,-0.89872742,0
-2.9123359,3.7152996,1.0046376,-0.76741493,0.50025362,0.40102407,0
-1.7030813,-5.1143508,-1.2926941,-0.47069594,-0.86427808,0.17739356,0
-4.8355451,2.5207751,-1.1841822,-0.76741493,0.50025362,0.40102407,0
-2.987462,6.2624893,-2.4488697,-0.76741493,0.50025362,0.40102407,0
0.94790459,-4.0659852,-4.3983831,0.76741493,-0.50025362,-0.40102407,0
-6.6819382,-1.9131184,-1.3537736,-0.4353382,0.052625656,-0.89872742,0
-1.2331063,1.6391163,-3.7296064,-0.4353382,0.052625656,-0.89872742,0
2.4614267,2.4532094,-5.4639316,-0.4353382,0.052625656,-0.89872742,0
3.6312196,-0.17773557,2.6871247,0.4353382,-0.052625656,0.89872742,0
-2.1222725,-3.6843839,4.9591312,-0.47069594,-0.86427808,0.17739356,0
-2.7443833,-4.8672361,-2.7575815,-0.47069594,-0.86427808,0.17739356,0
1.8020264,5.3592319,3.9276373,0.4353382,-0.052625656,0.89872742,0
-3.6789064,4.7800989,-1.9397838,-0.76741493,0.50025362,0.40102407,0
5.607583,0.057078123,1.6751392,0.4353382,-0.052625656,0.89872742,0
2.2798026,4.7191067,3.6276765,0.4353382,-0.052625656,0.89872742,0
-5.7194457,-2.3454752,1.4134355,-0.47069594,-0.86427808,0.17739356,0
-4.9231539,2.1278551,-0.64858723,-0.76741493,0.50025362,0.40102407,0
-5.775064,-2.8121691,-0.39413643,-0.47069594,-0.86427808,0.17739356,0
-3.944725,-0.39124489,4.144702,-0.76741493,0.50025362,0.40102407,0
-2.3829331,-3.2747109,-3.4701693,-0.4353382,0.052625656,-0.89872742,0
-0.52431011,6.501574,1.5666916,0.47069594,0.86427808,-0.17739356,0
-2.9780843,-4.5909634,-2.2860541,-0.47069594,-0.86427808,0.17739356,0
-4.0389132,1.724144,-2.4781556,-0.4353382,0.052625656,-0.89872742,0
3.4990621,-4.3499494,1.0650575,0.76741493,-0.50025362,-0.40102407,0
6.0681763,-0.082256794,1.5616109,0.4353382,-0.052625656,0.89872742,0
2.5032897,-3.7223642,-1.6832645,0.76741493,-0.50025362,-0.40102407,0
-1.8457593,-3.3401413,-3.7504718,-0.4353382,0.052625656,-0.89872742,0
-0.7289331,6.010685,-0.7846303,0.47069594,0.86427808,-0.17739356,0
-2.5679255,0.2769649,5.7809801,0.4353382,-0.052625656,0.89872742,0
2.6374078,-0.66885853,-5.1372204,0.76741493,-0.50025362,-0.40102407,0
-0.64206111,3.88448,-3.9563491,-0.4353382,0.052625656,-0.89872742,0
6.2314658,-0.47525096,1.3163415,0.76741493,-0.50025362,-0.40102407,0
2.6057186,3.3817167,-4.7487965,0.47069594,0.86427808,-0.17739356,0
-4.0641766,-3.3660257,1.2734642,-0.47069594,-0.86427808,0.17739356,0
3.1810117,-3.7268112,-0.53229886,0.76741493,-0.50025362,-0.40102407,0
-0.65448666,0.37902188,4.7557611,0.4353382,-0.052625656,0.89872742,0
-2.238873,2.8397722,-3.2587824,-0.4353382,0.052625656,-0.89872742,0
-2.998343,4.4256034,-0.18990517,-0.76741493,0.50025362,0.40102407,0
4.4266763,-0.65841484,-2.1301587,0.76741493,-0.50025362,-0.40102407,0
4.240746,3.6577699,1.0453434,0.47069594,0.86427808,-0.17739356,0
-4.1973066,-2.3629274,-2.6026406,-0.4353382,0.052625656,-0.89872742,0
-2.6327462,-2.9090927,-3.3960469,-0.4353382,0.052625656,-0.89872742,0
3.5514464,0.97553611,2.8029039,0.4353382,-0.052625656,0.89872742,0
-2.6467638,5.5564675,-0.91740489,-0.76741493,0.50025362,0.40102407,0
-0.94483757,5.5894742,2.2968359,-0.76741493,0.50025362,0.40102407,0
-3.1896744,0.26762486,4.8913479,-0.76741493,0.50025362,0.40102407,0
-0.096065879,-4.9300032,4.17734,-0.47069594,-0.86427808,0.17739356,0
2.301363,4.5273023,0.30667591,0.47069594,0.86427808,-0.17739356,0
1.1881363,5.0243721,-0.83223486,0.47069594,0.86427808,-0.17739356,0
3.9147265,3.2193637,-2.4292898,0.47069594,0.86427808,-0.17739356,0
2.5714622,-0.8319211,-5.445466,0.76741493,-0.50025362,-0.40102407,0
6.6700788,0.68514347,0.78713489,0.76741493,-0.50025362,-0.40102407,0
3.5758626,2.8974698,-4.3533931,0.47069594,0.86427808,-0.17739356,0
-1.2703354,-4.1679153,4.1898265,-0.47069594,-0.86427808,0.17739356,0
-4.6626444,-3.6821074,-2.1065145,-0.47069594,-0.86427808,0.17739356,0
1.5434113,4.823225,-0.31456518,0.47069594,0.86427808,-0.17739356,0
1.6572027,4.225801,-3.2560005,0.47069594,0.86427808,-0.17739356,0
-3.8541021,4.2423782,-1.2365466,-0.76741493,0.50025362,0.40102407,0
-1.1314511,6.12571,1.2409482,-0.76741493,0.50025362,0.40102407,0
1.7113906,4.3927169,3.804249,0.4353382,-0.052625656,0.89872742,0
2.4421225,3.7130229,-3.0740418,0.47069594,0.86427808,-0.17739356,0
-1.4964185,-0.19208622,-3.7197382,-0.4353382,0.052625656,-0.89872742,0
4.1302338,1.1350884,2.4580057,0.4353382,-0.052625656,0.89872742,0
1.0292578,4.3292437,-4.6681571,0.47069594,0.86427808,-0.17739356,0
-1.8309466,0.65022731,-3.5249472,-0.4353382,0.052625656,-0.89872742,0
-3.970571,-1.9675431,5.8913627,-0.76741493,0.50025362,0.40102407,0
5.222434,-0.40380955,1.9039781,0.4353382,-0.052625656,0.89872742,0
2.7353678,4.2723365,-0.46623564,0.47069594,0.86427808,-0.17739356,0
-1.2898749,-5.3649311,-1.7994063,-0.47069594,-0.86427808,0.17739356,0
-3.5932136,1.6147628,2.4673767,-0.76741493,0.50025362,0.40102407,0
-0.782583,4.0002155,-3.7824056,-0.4353382,0.052625656,-0.89872742,0
-3.7111778,-2.7350349,5.1048832,-0.47069594,-0.86427808,0.17739356,0
-2.7618682,-3.3761539,4.8799291,-0.47069594,-0.86427808,0.17739356,0
2.6577127,-2.9580913,3.0395045,0.4353382,-0.052625656,0.89872742,0
-6.8201604,-1.9849319,-0.029092312,-0.47069594,-0.86427808,0.17739356,0
-4.3830266,2.4738719,-0.28822541,-0.76741493,0.50025362,0.40102407,0
-2.9453692,-2.9493117,-3.1123548,-0.4353382,0.052625656,-0.89872742,0
-2.4053149,-0.049454451,-3.217545,-0.4353382,0.052625656,-0.89872742,0
-0.55984974,6.075407,0.27871275,0.47069594,0.86427808,-0.17739356,0
-5.2508025,-0.62273675,1.9603374,-0.76741493,0.50025362,0.40102407,0
-4.8952537,-1.124081,3.4727726,-0.76741493,0.50025362,0.40102407,0
3.1368604,3.3178353,-3.3134451,0.47069594,0.86427808,-0.17739356,0
0.17681766,3.383234,4.5183864,0.4353382,-0.052625656,0.89872742,0
-4.6244869,-2.9279807,1.4682455,-0.47069594,-0.86427808,0.17739356,0
-0.37232733,-6.4038591,-3.657896,-0.47069594,-0.86427808,0.17739356,0
6.6787162,0.5344646,0.89862704,0.76741493,-0.50025362,-0.40102407,0
-0.41304326,-4.4101181,-4.521369,-0.4353382,0.052625656,-0.89872742,0
-1.904358,-0.57430959,-3.4608712,-0.4353382,0.052625656,-0.89872742,0
1.3812793,4.9252744,-0.12449789,0.47069594,0.86427808,-0.17739356,0
2.4819031,-4.6470461,3.0166869,0.4353382,-0.052625656,0.89872742,0
5.738842,2.3893976,-1.3495922,0.47069594,0.86427808,-0.17739356,0
-1.4118795,2.9692202,4.7401252,-0.76741493,0.50025362,0.40102407,0
3.7554741,3.4848061,-1.2307549,0.47069594,0.86427808,-0.17739356,0
-1.2843199,6.1262784,-2.2608619,0.47069594,0.86427808,-0.17739356,0
1.5119392,4.2603178,-3.7649121,0.47069594,0.86427808,-0.17739356,0
6.5865335,2.2884316,0.44329166,0.47069594,0.86427808,-0.17739356,0
1.3455919,-0.61626434,3.846318,0.4353382,-0.052625656,0.89872742,0
3.3248458,-4.0729294,0.43227291,0.76741493,-0.50025362,-0.40102407,0
-2.6465015,6.4360614,-1.8461242,-0.76741493,0.50025362,0.40102407,0
-3.0713382,4.1363435,0.25150228,-0.76741493,0.50025362,0.40102407,0
-3.9811091,-3.2236302,1.550745,-0.47069594,-0.86427808,0.17739356,0
-3.656754,0.83148992,3.0715284,-0.76741493,0.50025362,0.40102407,0
-1.7510343,6.5088692,-0.22119808,-0.76741493,0.50025362,0.40102407,0
-4.4038839,-0.58754754,3.5991859,-0.76741493,0.50025362,0.40102407,0
-4.997848,-1.6568408,-2.1556735,-0.4353382,0.052625656,-0.89872742,0
-4.3762932,-1.532124,4.7474537,-0.76741493,0.50025362,0.40102407,0
5.7568002,-1.2741699,1.4616104,0.76741493,-0.50025362,-0.40102407,0
0.082402557,3.9979467,-4.3525238,-0.4353382,0.052625656,-0.89872742,0
-0.83406258,5.2613268,2.8693058,-0.76741493,0.50025362,0.40102407,0
1.1895556,2.1680307,-4.8001003,-0.4353382,0.052625656,-0.89872742,0
-7.2467246,-2.1011066,-0.91056824,-0.47069594,-0.86427808,0.17739356,0
-1.4776336,-2.0605407,5.0228829,0.4353382,-0.052625656,0.89872742,0
5.316165,3.0711091,1.437381,0.47069594,0.86427808,-0.17739356,0
5.6511698,0.10804772,1.6541419,0.4353382,-0.052625656,0.89872742,0
1.9382086,-2.459559,-4.3432364,0.76741493,-0.50025362,-0.40102407,0
