-4.5035028,3.0453348,2.8032527,-0.90191829,-0.20928019,0.37781641,0
4.1671238,-4.1448951,-1.7415775,0.3431173,-0.87848175,0.33247623,0
-0.5908978,-1.1316209,6.4684105,0.26232406,0.42950174,0.86412632,0
-3.0849047,-2.4625468,3.3232136,-0.90191829,-0.20928019,0.37781641,0
-2.443222,-1.8909824,5.2603841,-0.90191829,-0.20928019,0.37781641,0
4.6662707,-2.5460737,-2.1570897,0.90191829,0.20928019,-0.37781641,0
3.1826286,4.0320568,2.8588805,0.26232406,0.42950174,0.86412632,0
-2.1879528,3.9035645,-1.0870554,-0.3431173,0.87848175,-0.33247623,0
-1.6007937,-0.13212395,-5.1702781,-0.26232406,-0.42950174,-0.86412632,0
-2.1891901,1.5939345,-5.8836308,-0.26232406,-0.42950174,-0.86412632,0
-3.9241781,-1.5794275,1.730996,-0.90191829,-0.20928019,0.37781641,0
-0.80062914,3.2245755,-4.2924132,-0.3431173,0.87848175,-0.33247623,0
-1.7709659,-1.4385556,-4.5347567,-0.26232406,-0.42950174,-0.86412632,0
3.9410908,4.1256189,-0.15170199,0.90191829,0.20928019,-0.37781641,0
1.2901664,-3.1957154,-4.6478148,-0.26232406,-0.42950174,-0.86412632,0
0.18188789,1.209518,-6.5133739,-0.26232406,-0.42950174,-0.86412632,0
4.5362453,3.842123,0.96143496,0.90191829,0.20928019,-0.37781641,0
2.9505844,-3.4112368,1.1842226,0.3431173,-0.87848175,0.33247623,0
1.6216326,-3.9753945,1.2205633,0.3431173,-0.87848175,0.33247623,0
-2.1401007,-4.7002349,3.4484231,0.3431173,-0.87848175,0.33247623,0
2.8524992,4.2247305,-2.7093773,0.90191829,0.20928019,-0.37781641,0
-0.071314573,4.7771749,-0.6365639,-0.3431173,0.87848175,-0.33247623,0
1.1275334,6.3404837,2.0596113,-0.3431173,0.87848175,-0.33247623,0
-0.46007872,-3.6422696,4.2145185,0.3431173,-0.87848175,0.33247623,0
-3.1498365,2.1919861,-4.429636,-0.3431173,0.87848175,-0.33247623,0
-4.8660693,3.098141,-0.32486522,-0.3431173,0.87848175,-0.33247623,0
-0.19936609,-4.627984,-3.3925004,-0.26232406,-0.42950174,-0.86412632,0
2.0464818,-4.5453343,-0.42280209,0.3431173,-0.87848175,0.33247623,0
4.3571515,-3.4168038,-3.1866803,0.90191829,0.20928019,-0.37781641,0
-6.1552639,-0.08386445,-2.9671469,-0.90191829,-0.20928019,0.37781641,0
-3.8720419,-3.7153006,0.74644226,-0.90191829,-0.20928019,0.37781641,0
3.9741321,6.5711937,1.1968967,0.90191829,0.20928019,-0.37781641,0
2.7975581,1.3895032,-4.2490335,0.90191829,0.20928019,-0.37781641,0
-5.7422543,2.2043219,-1.9304992,-0.3431173,0.87848175,-0.33247623,0
1.4317275,2.3669407,4.1261196,0.26232406,0.42950174,0.86412632,0
-2.2247877,0.32438087,6.2463341,0.26232406,0.42950174,0.86412632,0
-3.1487508,-5.2841101,1.6933861,-0.90191829,-0.20928019,0.37781641,0
4.3387413,-3.0345578,-3.4480543,0.90191829,0.20928019,-0.37781641,0
1.7783413,4.139349,-4.5698705,-0.3431173,0.87848175,-0.33247623,0
-2.3658419,0.78926778,-5.3759108,-0.26232406,-0.42950174,-0.86412632,0
0.38207316,-4.2767458,1.8333151,0.3431173,-0.87848175,0.33247623,0
-3.1522369,-0.22291589,4.3924222,-0.90191829,-0.20928019,0.37781641,0
-3.4160705,-0.70137453,3.5428519,-0.90191829,-0.20928019,0.37781641,0
-4.1152549,3.5527012,0.25890899,-0.3431173,0.87848175,-0.33247623,0
-3.9087024,4.9980173,3.6029711,-0.3431173,0.87848175,-0.33247623,0
-0.047689915,3.9687591,-2.8949618,-0.3431173,0.87848175,-0.33247623,0
6.1378117,-1.4880693,3.1360493,0.3431173,-0.87848175,0.33247623,0
-2.0158534,-4.0007448,5.0756569,-0.90191829,-0.20928019,0.37781641,0
-5.0881596,-3.5149009,-2.0911827,-0.90191829,-0.20928019,0.37781641,0
3.1023769,3.964299,-2.2943017,0.90191829,0.20928019,-0.37781641,0
4.5799417,-0.24825835,-1.0307584,0.90191829,0.20928019,-0.37781641,0
4.7092056,-2.5157275,1.9434047,0.3431173,-0.87848175,0.33247623,0
-4.3379002,2.0174119,2.901248,-0.90191829,-0.20928019,0.37781641,0
-2.0130367,3.615485,-2.1415725,-0.3431173,0.87848175,-0.33247623,0
3.5133617,5.329143,2.0372329,0.26232406,0.42950174,0.86412632,0
-4.6896906,-4.1858468,-2.313585,-0.26232406,-0.42950174,-0.86412632,0
-0.71450996,-5.6463203,-0.44400132,0.3431173,-0.87848175,0.33247623,0
0.84197712,5.0161729,3.0705814,0.26232406,0.42950174,0.86412632,0
-5.278327,-2.0068858,-1.818537,-0.90191829,-0.20928019,0.37781641,0
-1.0464938,-3.5401714,5.056994,0.3431173,-0.87848175,0.33247623,0
-5.6985002,0.87260556,-1.2562768,-0.90191829,-0.20928019,0.37781641,0
1.4443653,0.098927021,5.2056069,0.26232406,0.42950174,0.86412632,0
-5.1161199,2.3404071,-2.3688374,-0.3431173,0.87848175,-0.33247623,0
2.9477344,-1.4459679,-5.4554729,0.90191829,0.20928019,-0.37781641,0
-4.0027399,1.0129492,2.9024215,-0.90191829,-0.20928019,0.37781641,0
-3.3386786,-6.6037431,-0.7655462,0.3431173,-0.87848175,0.33247623,0
3.7728102,0.66222215,-2.5842426,0.90191829,0.20928019,-0.37781641,0
-3.308526,5.1549749,4.2376089,0.26232406,0.42950174,0.86412632,0
-4.638988,-4.1179514,-1.4112538,-0.90191829,-0.20928019,0.37781641,0
-3.0998077,-2.9151771,2.7175555,-0.90191829,-0.20928019,0.37781641,0
-4.300456,-3.3634152,-2.765861,-0.26232406,-0.42950174,-0.86412632,0
-4.3767481,-3.852814,-0.5286063,-0.90191829,-0.20928019,0.37781641,0
2.1815715,-4.6340065,-4.0760069,-0.26232406,-0.42950174,-0.86412632,0
-2.07465,-0.59037036,-4.7686439,-0.26232406,-0.42950174,-0.86412632,0
-5.1077352,3.7878451,1.6030852,-0.3431173,0.87848175,-0.33247623,0
3.0266995,-1.3175716,-5.3284807,0.90191829,0.20928019,-0.37781641,0
-3.726428,-3.8918779,0.80475128,-0.90191829,-0.20928019,0.37781641,0
-2.348084,-1.7056334,-4.2975111,-0.26232406,-0.42950174,-0.86412632,0
-0.49150515,-4.5620184,-3.4031272,-0.26232406,-0.42950174,-0.86412632,0
-2.1693568,-5.3993678,1.6068089,0.3431173,-0.87848175,0.33247623,0
3.6042016,1.1041377,4.0419049,0.26232406,0.42950174,0.86412632,0
0.57033193,0.61121678,-6.2777171,-0.26232406,-0.42950174,-0.86412632,0
-0.10830307,5.6232719,1.1931014,-0.3431173,0.87848175,-0.33247623,0
3.8074269,6.8447218,1.1787803,0.90191829,0.20928019,-0.37781641,0
-2.8225279,0.94228637,-5.3250756,-0.26232406,-0.42950174,-0.86412632,0
1.9582025,4.7905931,-2.9629507,-0.3431173,0.87848175,-0.33247623,0
0.0087444782,2.3260667,-6.9724965,-0.26232406,-0.42950174,-0.86412632,0
5.773243,-1.3260518,4.1169639,0.3431173,-0.87848175,0.33247623,0
-4.0075521,2.819016,-1.7940778,-0.3431173,0.87848175,-0.33247623,0
-4.0936246,3.5960236,0.23978281,-0.3431173,0.87848175,-0.33247623,0
-0.98451829,3.1310167,4.517035,0.26232406,0.42950174,0.86412632,0
-2.619339,0.51392686,-5.2128792,-0.26232406,-0.42950174,-0.86412632,0
-2.1839576,0.42531636,-5.3410215,-0.26232406,-0.42950174,-0.86412632,0
4.630836,1.8595495,0.29695809,0.90191829,0.20928019,-0.37781641,0
4.386734,3.8081527,2.5752637,0.26232406,0.42950174,0.86412632,0
1.3715581,-2.527297,5.1808834,0.3431173,-0.87848175,0.33247623,0
1.2259724,5.3669281,-0.32755172,-0.3431173,0.87848175,-0.33247623,0
4.2408133,-3.7939382,-1.0828356,0.3431173,-0.87848175,0.33247623,0
-3.4367108,-1.3943164,3.1806479,-0.90191829,-0.20928019,0.37781641,0
4.2769995,-4.2540479,-1.8225517,0.3431173,-0.87848175,0.33247623,0
-1.0952713,-4.0965862,3.7960701,0.3431173,-0.87848175,0.33247623,0
0.62611508,-3.6578224,-4.0935473,-0.26232406,-0.42950174,-0.86412632,0
2.0811229,3.7306671,3.239862,0.26232406,0.42950174,0.86412632,0
-0.83758616,-3.0366306,6.0892868,0.3431173,-0.87848175,0.33247623,0
4.861053,2.2232177,0.92373866,0.90191829,0.20928019,-0.37781641,0
-5.9737964,1.8309045,-1.3252134,-0.90191829,-0.20928019,0.37781641,0
3.3116364,-0.045341015,-3.8880799,0.90191829,0.20928019,-0.37781641,0
-1.4597099,4.4914351,4.0589075,0.26232406,0.42950174,0.86412632,0
6.1813965,-0.38476729,2.4232874,0.90191829,0.20928019,-0.37781641,0
4.7410083,0.24291587,4.1792669,0.26232406,0.42950174,0.86412632,0
-2.537868,3.2391231,-2.4789457,-0.3431173,0.87848175,-0.33247623,0
-4.7795691,-0.86030149,-0.22701219,-0.90191829,-0.20928019,0.37781641,0
-2.4564793,4.5520387,0.90215623,-0.3431173,0.87848175,-0.33247623,0
3.2353103,-1.6922269,-5.2314343,0.90191829,0.20928019,-0.37781641,0
-2.6744633,-1.6519251,4.5882115,-0.90191829,-0.20928019,0.37781641,0
-4.7526503,-2.640332,-1.072777,-0.90191829,-0.20928019,0.37781641,0
-4.5163746,-4.2291918,-2.4239204,-0.26232406,-0.42950174,-0.86412632,0
0.75267041,0.38898236,5.40661,0.26232406,0.42950174,0.86412632,0
-5.9603782,1.7176156,-1.6144748,-0.90191829,-0.20928019,0.37781641,0
1.7830057,4.9761472,2.7093821,0.26232406,0.42950174,0.86412632,0
-1.1805167,4.9452682,0.98735559,-0.3431173,0.87848175,-0.33247623,0
-0.51340234,0.97756743,5.5576158,0.26232406,0.42950174,0.86412632,0
0.75533199,4.9206829,-1.0409653,-0.3431173,0.87848175,-0.33247623,0
1.3109128,6.1693068,2.3561969,0.26232406,0.42950174,0.86412632,0
-0.23752546,5.4597125,1.172905,-0.3431173,0.87848175,-0.33247623,0
-4.9509954,0.66818857,0.64019072,-0.90191829,-0.20928019,0.37781641,0
2.212878,-5.0589628,-2.1798608,0.3431173,-0.87848175,0.33247623,0
4.1537609,-4.3455787,-1.9508593,0.3431173,-0.87848175,0.33247623,0
2.8262053,-0.66405725,-5.4672337,0.90191829,0.20928019,-0.37781641,0
0.7637713,-2.5438895,6.1745958,0.3431173,-0.87848175,0.33247623,0
-0.091645002,5.3141665,0.4148978,-0.3431173,0.87848175,-0.33247623,0
3.8786426,2.8802478,-1.1663356,0.90191829,0.20928019,-0.37781641,0
3.333967,5.7794323,-0.49150205,0.90191829,0.20928019,-0.37781641,0
-1.5774033,2.4337676,-5.2788296,-0.3431173,0.87848175,-0.33247623,0
1.6723363,5.6400676,-0.56003785,-0.3431173,0.87848175,-0.33247623,0
-2.113869,3.0219951,4.8830538,0.26232406,0.42950174,0.86412632,0
-0.17562509,-3.9695969,3.4895525,0.3431173,-0.87848175,0.33247623,0
1.9824736,-4.3327479,0.11735249,0.3431173,-0.87848175,0.33247623,0
-6.6626892,0.51230407,-3.9273784,-0.26232406,-0.42950174,-0.86412632,0
-4.262094,4.0754032,1.685259,-0.3431173,0.87848175,-0.33247623,0
0.63180399,-5.2755499,-3.4514303,-0.26232406,-0.42950174,-0.86412632,0
0.42043582,0.7995708,5.2599726,0.26232406,0.42950174,0.86412632,0
2.6557388,-0.21121192,-5.443296,0.90191829,0.20928019,-0.37781641,0
-3.3181984,3.3643322,-1.3160884,-0.3431173,0.87848175,-0.33247623,0
0.77323705,1.8153791,4.6949863,0.26232406,0.42950174,0.86412632,0
-3.2862337,3.9405854,0.46095991,-0.3431173,0.87848175,-0.33247623,0
-4.3397474,3.5904491,0.27734506,-0.3431173,0.87848175,-0.33247623,0
-2.422965,-4.2889395,3.5380659,-0.90191829,-0.20928019,0.37781641,0
1.1033168,0.59859157,-6.405848,-0.26232406,-0.42950174,-0.86412632,0
-0.048174262,2.7079356,-6.3700476,-0.3431173,0.87848175,-0.33247623,0
2.2785382,-1.9324138,6.1594048,0.26232406,0.42950174,0.86412632,0
3.7437682,-2.5274029,-4.6219072,0.90191829,0.20928019,-0.37781641,0
-0.035026789,3.89429,-2.9371581,-0.3431173,0.87848175,-0.33247623,0
2.6001406,0.12539938,4.8526549,0.26232406,0.42950174,0.86412632,0
4.965651,3.5916781,2.5475292,0.26232406,0.42950174,0.86412632,0
-4.8761511,4.0038548,2.1712112,-0.3431173,0.87848175,-0.33247623,0
-2.6557462,2.7986183,-3.2794218,-0.3431173,0.87848175,-0.33247623,0
-4.2551513,4.2905149,4.3776884,-0.90191829,-0.20928019,0.37781641,0
3.5880966,-0.69140387,-3.4710896,0.90191829,0.20928019,-0.37781641,0
1.5046786,3.2320695,-6.3014479,0.90191829,0.20928019,-0.37781641,0
-5.6661115,-1.4192967,-3.2957368,-0.26232406,-0.42950174,-0.86412632,0
-3.3974266,-3.334733,-3.0056565,-0.26232406,-0.42950174,-0.86412632,0
4.8479438,3.5126095,2.454227,0.26232406,0.42950174,0.86412632,0
5.5939784,-2.1138234,0.33254045,0.90191829,0.20928019,-0.37781641,0
5.8904953,-2.5221689,0.71840525,0.90191829,0.20928019,-0.37781641,0
5.9690819,-1.1338071,4.4959459,0.3431173,-0.87848175,0.33247623,0
1.569068,2.2238665,4.2760873,0.26232406,0.42950174,0.86412632,0
-3.4767232,-2.2769346,-3.6507196,-0.26232406,-0.42950174,-0.86412632,0
-2.462934,5.249507,3.9451084,0.26232406,0.42950174,0.86412632,0
0.47050309,-3.8960133,2.664891,0.3431173,-0.87848175,0.33247623,0
3.3029535,-2.3407049,-5.2513103,0.90191829,0.20928019,-0.37781641,0
4.1523743,-3.5803041,-0.20927823,0.3431173,-0.87848175,0.33247623,0
-5.3149548,2.1221004,-2.4047337,-0.3431173,0.87848175,-0.33247623,0
0.13992882,-3.1107526,4.8952699,0.3431173,-0.87848175,0.33247623,0
-0.18689036,-2.5042529,6.9376783,0.3431173,-0.87848175,0.33247623,0
-1.0504789,4.6895108,-0.12878919,-0.3431173,0.87848175,-0.33247623,0
-2.9892564,0.71966481,4.9119411,-0.90191829,-0.20928019,0.37781641,0
-1.6668336,-0.62283885,-5.0411434,-0.26232406,-0.42950174,-0.86412632,0
3.1048563,-3.774245,0.2435199,0.3431173,-0.87848175,0.33247623,0
4.917099,3.7632539,1.8637667,0.90191829,0.20928019,-0.37781641,0
6.2917981,-0.62874436,4.1808901,0.26232406,0.42950174,0.86412632,0
2.9061465,-2.5117831,-5.3154402,-0.26232406,-0.42950174,-0.86412632,0
4.8206439,-3.6603148,-2.5488153,0.90191829,0.20928019,-0.37781641,0
3.1996698,4.8837605,2.4062552,0.26232406,0.42950174,0.86412632,0
2.4542987,-1.3706336,-5.8380914,-0.26232406,-0.42950174,-0.86412632,0
-4.4418192,-0.077937841,1.5177616,-0.90191829,-0.20928019,0.37781641,0
1.8599327,0.72969633,4.9542685,0.26232406,0.42950174,0.86412632,0
4.0100489,5.1106749,0.42510498,0.90191829,0.20928019,-0.37781641,0
3.3151798,4.3417845,2.5938718,0.26232406,0.42950174,0.86412632,0
3.7404909,4.4074421,2.4216552,0.26232406,0.42950174,0.86412632,0
2.0474975,-2.9422357,3.6089282,0.3431173,-0.87848175,0.33247623,0
-2.0623887,-1.893157,-4.1845584,-0.26232406,-0.42950174,-0.86412632,0
4.6112313,0.79141331,3.9788992,0.26232406,0.42950174,0.86412632,0
0.14093447,5.0751805,0.0078167915,-0.3431173,0.87848175,-0.33247623,0
1.8270406,-1.0378547,5.7697535,0.26232406,0.42950174,0.86412632,0
-6.0654879,-0.32809377,-2.822989,-0.90191829,-0.20928019,0.37781641,0
1.201666,3.6689832,-5.0919108,-0.3431173,0.87848175,-0.33247623,0
2.8242583,0.13870502,-5.324439,0.90191829,0.20928019,-0.37781641,0
-1.1159716,5.3454709,3.5478182,0.26232406,0.42950174,0.86412632,0
-3.8105855,0.95172453,3.2857001,-0.90191829,-0.20928019,0.37781641,0
-4.7399373,0.015097737,-4.2755246,-0.26232406,-0.42950174,-0.86412632,0
-0.75274944,5.1057639,0.6610446,-0.3431173,0.87848175,-0.33247623,0
2.8521376,5.7618499,2.1213853,0.26232406,0.42950174,0.86412632,0
4.8633699,2.9090283,1.2848575,0.90191829,0.20928019,-0.37781641,0
0.11564493,3.5194299,-4.3181772,-0.3431173,0.87848175,-0.33247623,0
-4.3897018,-4.3977814,-2.2679744,-0.26232406,-0.42950174,-0.86412632,0
1.6141465,1.8465784,-7.0371103,0.90191829,0.20928019,-0.37781641,0
-5.3333349,-1.0393491,-3.7282996,-0.26232406,-0.42950174,-0.86412632,0
0.6105485,4.8425446,-1.4893311,-0.3431173,0.87848175,-0.33247623,0
2.9066997,-2.0667086,5.0552454,0.3431173,-0.87848175,0.33247623,0
-4.832387,-4.3245316,-1.988188,-0.90191829,-0.20928019,0.37781641,0
1.7655892,2.8922637,-6.053648,0.90191829,0.20928019,-0.37781641,0
4.4328408,4.5619788,0.97913861,0.90191829,0.20928019,-0.37781641,0
4.3561778,3.1325173,0.13841563,0.90191829,0.20928019,-0.37781641,0
0.041316152,2.4398503,-6.9311876,-0.3431173,0.87848175,-0.33247623,0
1.3946831,-2.9549248,-4.8054137,-0.26232406,-0.42950174,-0.86412632,0
4.6387386,-4.0302825,-1.9765899,0.3431173,-0.87848175,0.33247623,0
3.0807672,-3.0722144,-5.1107445,-0.26232406,-0.42950174,-0.86412632,0
0.68260694,3.4282901,-5.0475264,-0.3431173,0.87848175,-0.33247623,0
-3.4559834,-0.036610603,3.720927,-0.90191829,-0.20928019,0.37781641,0
3.3322101,2.4328122,3.6329346,0.26232406,0.42950174,0.86412632,0
6.1288528,-1.7947012,1.8063993,0.90191829,0.20928019,-0.37781641,0
-3.4463508,-1.5338446,-4.0930076,-0.26232406,-0.42950174,-0.86412632,0
0.94705147,0.44294238,-6.3007698,-0.26232406,-0.42950174,-0.86412632,0
4.2758598,5.4784336,1.7265935,0.26232406,0.42950174,0.86412632,0
1.2815344,5.917532,0.92717409,-0.3431173,0.87848175,-0.33247623,0
-4.0380878,3.7499592,0.40703022,-0.3431173,0.87848175,-0.33247623,0
-4.3047781,0.97232878,-4.9381313,-0.26232406,-0.42950174,-0.86412632,0
1.4980612,-0.74927139,-5.7862959,-0.26232406,-0.42950174,-0.86412632,0
4.3828726,-4.7824984,-4.3234854,0.90191829,0.20928019,-0.37781641,0
-3.5372643,-5.9267397,0.082529545,-0.90191829,-0.20928019,0.37781641,0
-1.5475359,-6.0398831,-0.61383486,0.3431173,-0.87848175,0.33247623,0
1.6123184,-2.1446941,5.9555221,0.3431173,-0.87848175,0.33247623,0
3.4400394,-2.7434928,2.773371,0.3431173,-0.87848175,0.33247623,0
-1.428937,-4.8367815,2.2026777,0.3431173,-0.87848175,0.33247623,0
-0.56380033,2.5168087,4.5928411,0.26232406,0.42950174,0.86412632,0
-1.3325315,2.9161897,4.7984457,0.26232406,0.42950174,0.86412632,0
4.3750997,-4.6396742,-3.5245752,0.3431173,-0.87848175,0.33247623,0
-3.8500342,-3.8881149,0.65598977,-0.90191829,-0.20928019,0.37781641,0
-3.8120494,-4.9369783,-2.1257052,-0.26232406,-0.42950174,-0.86412632,0
-5.9321837,1.5088673,-3.3427949,-0.3431173,0.87848175,-0.33247623,0
-4.321167,3.4477794,0.26734638,-0.3431173,0.87848175,-0.33247623,0
4.2527218,3.1450548,0.048418105,0.90191829,0.20928019,-0.37781641,0
3.3739703,-3.2051163,1.6691824,0.3431173,-0.87848175,0.33247623,0
-3.5024307,4.0980773,1.0221363,-0.3431173,0.87848175,-0.33247623,0
2.2310653,-1.1275964,-5.9995198,-0.26232406,-0.42950174,-0.86412632,0
-2.7441914,-4.6683645,-2.628581,-0.26232406,-0.42950174,-0.86412632,0
0.93003738,0.19718599,-6.2250233,-0.26232406,-0.42950174,-0.86412632,0
4.7460194,3.777307,1.7625831,0.90191829,0.20928019,-0.37781641,0
-2.8018539,-0.42475128,5.0891147,-0.90191829,-0.20928019,0.37781641,0
4.6297522,-0.80892897,-1.1687986,0.90191829,0.20928019,-0.37781641,0
5.1450081,-3.4632881,-1.4189243,0.90191829,0.20928019,-0.37781641,0
-3.841608,2.6308522,-2.74192,-0.3431173,0.87848175,-0.33247623,0
5.2209888,0.2543509,0.48986417,0.90191829,0.20928019,-0.37781641,0
2.1094799,4.0839696,-4.6290126,-0.3431173,0.87848175,-0.33247623,0
-4.8215938,-0.92540383,0.14554107,-0.90191829,-0.20928019,0.37781641,0
-0.20760655,-3.5560791,-3.8826413,-0.26232406,-0.42950174,-0.86412632,0
1.5694292,2.9336388,-6.4470258,0.90191829,0.20928019,-0.37781641,0
5.6647563,-0.040751934,4.1518493,0.26232406,0.42950174,0.86412632,0
2.0790627,-2.8539186,3.9895926,0.3431173,-0.87848175,0.33247623,0
-0.57463694,5.8577795,2.6645417,-0.3431173,0.87848175,-0.33247623,0
-1.4523569,1.9409177,-6.3625555,-0.26232406,-0.42950174,-0.86412632,0
-3.3942025,-4.7379904,1.1431471,-0.90191829,-0.20928019,0.37781641,0
-1.0526518,-2.8711102,-3.9593549,-0.26232406,-0.42950174,-0.86412632,0
-3.9515359,-3.1526814,0.77270973,-0.90191829,-0.20928019,0.37781641,0
4.2883897,-2.5800915,-3.1049712,0.90191829,0.20928019,-0.37781641,0
-2.857302,-5.1249418,-2.3413925,-0.26232406,-0.42950174,-0.86412632,0
-4.7024603,0.40971375,1.1148598,-0.90191829,-0.20928019,0.37781641,0
-4.219141,3.9971695,1.2540041,-0.3431173,0.87848175,-0.33247623,0
4.7878604,0.182096,-0.16960502,0.90191829,0.20928019,-0.37781641,0
2.712455,5.999588,1.9447995,0.26232406,0.42950174,0.86412632,0
-0.10975337,-2.1160815,6.9421082,0.26232406,0.42950174,0.86412632,0
-4.5756464,-2.0808702,-3.4202912,-0.26232406,-0.42950174,-0.86412632,0
3.2314868,1.5351965,-3.4156685,0.90191829,0.20928019,-0.37781641,0
3.5150585,-3.2814035,-5.1916399,0.90191829,0.20928019,-0.37781641,0
-1.1628615,1.9115633,5.1284423,0.26232406,0.42950174,0.86412632,0
3.5775652,-1.2256773,-4.0229826,0.90191829,0.20928019,-0.37781641,0
4.4594035,-4.0748367,-3.735801,0.90191829,0.20928019,-0.37781641,0
3.96806,-5.1301765,-4.2874451,0.3431173,-0.87848175,0.33247623,0
-4.82477,0.10199928,0.39673805,-0.90191829,-0.20928019,0.37781641,0
4.2669377,-4.2920694,-3.8897524,0.90191829,0.20928019,-0.37781641,0
2.7855177,-3.1041546,2.3485997,0.3431173,-0.87848175,0.33247623,0
3.5452206,-2.9157028,-4.9814386,0.90191829,0.20928019,-0.37781641,0
-3.9526284,3.0147235,4.189085,-0.90191829,-0.20928019,0.37781641,0
3.2315922,-5.3200531,-4.1294909,-0.26232406,-0.42950174,-0.86412632,0
-0.33771706,3.9426081,3.9290891,0.26232406,0.42950174,0.86412632,0
-4.476409,1.8736454,-4.0727124,-0.3431173,0.87848175,-0.33247623,0
-4.5956426,-3.4817603,-1.1376588,-0.90191829,-0.20928019,0.37781641,0
-0.24814439,4.9364328,-0.37455034,-0.3431173,0.87848175,-0.33247623,0
3.9319701,-4.9787164,-3.5611546,0.3431173,-0.87848175,0.33247623,0
3.9355903,4.1704826,2.4064929,0.26232406,0.42950174,0.86412632,0
-2.643836,-3.4242039,-3.1979201,-0.26232406,-0.42950174,-0.86412632,0
-4.4589558,0.030006409,1.1166594,-0.90191829,-0.20928019,0.37781641,0
-4.0083399,2.9866285,4.0148964,-0.90191829,-0.20928019,0.37781641,0
-3.9325302,2.4866071,-3.1844656,-0.3431173,0.87848175,-0.33247623,0
-0.75023484,4.6913404,3.6426458,0.26232406,0.42950174,0.86412632,0
5.1351514,-1.4928949,4.5005522,0.3431173,-0.87848175,0.33247623,0
3.424279,-0.32873726,-3.7757738,0.90191829,0.20928019,-0.37781641,0
-3.5123007,-1.839378,-3.7518866,-0.26232406,-0.42950174,-0.86412632,0
-5.0361614,1.2591887,-4.7752991,-0.3431173,0.87848175,-0.33247623,0
-2.8105357,-6.2322903,-1.7517905,-0.26232406,-0.42950174,-0.86412632,0
-4.9508672,3.1320539,1.6088642,-0.90191829,-0.20928019,0.37781641,0
1.6398826,-5.342813,-2.1266756,0.3431173,-0.87848175,0.33247623,0
4.0708857,3.8870587,-0.10184288,0.90191829,0.20928019,-0.37781641,0
-4.0255179,2.4898722,-2.5986228,-0.3431173,0.87848175,-0.33247623,0
-5.2975197,2.1165624,0.48367286,-0.90191829,-0.20928019,0.37781641,0
-6.5921326,0.66394806,-3.5362628,-0.90191829,-0.20928019,0.37781641,0
-4.9448471,2.3212092,1.1904131,-0.90191829,-0.20928019,0.37781641,0
5.1605577,0.14018965,0.33592808,0.90191829,0.20928019,-0.37781641,0
2.1562212,1.4438595,4.4661407,0.26232406,0.42950174,0.86412632,0
0.54396653,-3.0506999,5.0385499,0.3431173,-0.87848175,0.33247623,0
-5.7678933,1.2536397,-1.2144222,-0.90191829,-0.20928019,0.37781641,0
-4.1409116,-4.3192511,-2.2776833,-0.26232406,-0.42950174,-0.86412632,0
-0.061869025,-1.7698305,-4.9028473,-0.26232406,-0.42950174,-0.86412632,0
-4.6631298,1.5821402,-4.7347312,-0.3431173,0.87848175,-0.33247623,0
-3.5406795,4.3465061,1.7414519,-0.3431173,0.87848175,-0.33247623,0
1.0104437,-5.4000063,-1.9245406,0.3431173,-0.87848175,0.33247623,0
5.0329018,-3.4654498,-0.95982051,0.3431173,-0.87848175,0.33247623,0
5.3671169,-2.0010717,2.927032,0.3431173,-0.87848175,0.33247623,0
5.2892394,-1.4924355,4.033534,0.3431173,-0.87848175,0.33247623,0
-1.2954175,-1.8878372,7.2091293,0.26232406,0.42950174,0.86412632,0
-0.81473494,3.9386067,-2.1637118,-0.3431173,0.87848175,-0.33247623,0
3.1984999,5.5102673,-1.1149284,0.90191829,0.20928019,-0.37781641,0
-3.219934,0.22487593,4.4164491,-0.90191829,-0.20928019,0.37781641,0
1.8229551,-2.8615971,-4.8420248,-0.26232406,-0.42950174,-0.86412632,0
4.6607771,-2.3916907,2.3421957,0.3431173,-0.87848175,0.33247623,0
6.5336614,-1.1742507,3.8370786,0.3431173,-0.87848175,0.33247623,0
-4.419445,3.7292337,3.2034731,-0.90191829,-0.20928019,0.37781641,0
-1.7568731,-4.3535118,4.1240501,0.3431173,-0.87848175,0.33247623,0
-0.25424528,4.8492565,-0.27310956,-0.3431173,0.87848175,-0.33247623,0
-1.4828613,4.0018215,-1.5150055,-0.3431173,0.87848175,-0.33247623,0
0.54717922,0.98024845,-6.438045,-0.26232406,-0.42950174,-0.86412632,0
-1.9247642,4.2720838,-0.39190137,-0.3431173,0.87848175,-0.33247623,0
-2.9871902,-2.6646397,3.1776307,-0.90191829,-0.20928019,0.37781641,0
-4.1844964,-4.0355172,-0.32841957,-0.90191829,-0.20928019,0.37781641,0
3.8884337,4.9221535,0.086623549,0.90191829,0.20928019,-0.37781641,0
-3.7441463,2.8691626,4.352356,-0.90191829,-0.20928019,0.37781641,0
-3.7983937,-1.4345716,-3.8343616,-0.26232406,-0.42950174,-0.86412632,0
-1.6329415,1.7033578,-6.164402,-0.26232406,-0.42950174,-0.86412632,0
-2.5112267,-6.3782806,-0.6734947,0.3431173,-0.87848175,0.33247623,0
-4.1736217,2.3065958,3.4212136,-0.90191829,-0.20928019,0.37781641,0
0.28047538,-5.1744156,-3.3127637,-0.26232406,-0.42950174,-0.86412632,0
-2.9782844,-0.6030519,4.558176,-0.90191829,-0.20928019,0.37781641,0
-1.1734538,3.8112984,-2.0066597,-0.3431173,0.87848175,-0.33247623,0
0.73847437,-3.9372172,-4.0544744,-0.26232406,-0.42950174,-0.86412632,0
0.32371306,-3.4108005,4.3735247,0.3431173,-0.87848175,0.33247623,0
3.1934297,3.2750285,3.1340218,0.26232406,0.42950174,0.86412632,0
6.2414198,-0.64773202,2.741622,0.90191829,0.20928019,-0.37781641,0
-0.40755296,5.1101871,0.55662858,-0.3431173,0.87848175,-0.33247623,0
2.6748028,-3.5549858,-4.8887053,-0.26232406,-0.42950174,-0.86412632,0
3.1259561,3.6830401,-2.6599283,0.90191829,0.20928019,-0.37781641,0
0.80535454,1.7927821,-6.8875737,-0.26232406,-0.42950174,-0.86412632,0
-2.7185621,-3.7114067,3.2237823,-0.90191829,-0.20928019,0.37781641,0
-5.0722923,2.6571131,-1.019401,-0.3431173,0.87848175,-0.33247623,0
1.2058258,4.7825508,3.1030068,0.26232406,0.42950174,0.86412632,0
0.65614533,6.0248365,1.8431565,-0.3431173,0.87848175,-0.33247623,0
6.5492063,0.15887666,3.7784183,0.26232406,0.42950174,0.86412632,0
1.1291785,5.0579419,-1.4486635,-0.3431173,0.87848175,-0.33247623,0
-0.14230633,-5.481348,-3.0539899,-0.26232406,-0.42950174,-0.86412632,0
5.0959992,-3.0971115,0.38711929,0.3431173,-0.87848175,0.33247623,0
-2.2119124,-5.5995502,1.1281784,0.3431173,-0.87848175,0.33247623,0
-4.1445937,4.8699937,4.672883,0.26232406,0.42950174,0.86412632,0
-0.020210743,-5.6814094,-3.0149364,-0.26232406,-0.42950174,-0.86412632,0
-5.2194414,-1.5858629,-1.6482152,-0.90191829,-0.20928019,0.37781641,0
4.5377455,4.3517523,1.4451475,0.90191829,0.20928019,-0.37781641,0
3.7290349,6.3054729,0.37167323,0.90191829,0.20928019,-0.37781641,0
2.8384094,4.2681932,2.8991184,0.26232406,0.42950174,0.86412632,0
-4.190783,2.956337,3.7262111,-0.90191829,-0.20928019,0.37781641,0
-1.5096283,-2.2129006,-4.2520452,-0.26232406,-0.42950174,-0.86412632,0
0.22292411,-1.7386255,-4.8785281,-0.26232406,-0.42950174,-0.86412632,0
3.0173166,-1.7740704,-5.5769606,0.90191829,0.20928019,-0.37781641,0
-2.7988944,-6.711585,-1.2776927,0.3431173,-0.87848175,0.33247623,0
-2.8041959,2.1541519,-5.0595288,-0.3431173,0.87848175,-0.33247623,0
1.5680485,5.4729085,-0.45899308,-0.3431173,0.87848175,-0.33247623,0
-0.062635183,-3.8144078,-3.8071458,-0.26232406,-0.42950174,-0.86412632,0
-0.47606564,-4.9860911,1.1368887,0.3431173,-0.87848175,0.33247623,0
-4.3054271,2.7314198,3.0237904,-0.90191829,-0.20928019,0.37781641,0
-2.1804633,3.906003,4.5536141,0.26232406,0.42950174,0.86412632,0
2.0124688,4.8062344,-2.8011348,-0.3431173,0.87848175,-0.33247623,0
-4.936141,3.1643026,-0.18099165,-0.3431173,0.87848175,-0.33247623,0
-4.4468794,4.6816044,3.4107542,-0.3431173,0.87848175,-0.33247623,0
-3.5878592,-2.9652853,1.7394919,-0.90191829,-0.20928019,0.37781641,0
-5.5348535,2.5058725,-1.0368229,-0.3431173,0.87848175,-0.33247623,0
1.7338955,-3.0712295,-4.7589417,-0.26232406,-0.42950174,-0.86412632,0
-0.9720633,-3.6820698,4.6573181,0.3431173,-0.87848175,0.33247623,0
1.4100351,-2.080487,-5.1054821,-0.26232406,-0.42950174,-0.86412632,0
-5.0488138,1.8159937,1.0937959,-0.90191829,-0.20928019,0.37781641,0
1.5663662,-5.8449631,-3.2545974,0.3431173,-0.87848175,0.33247623,0
2.0441916,-1.2231646,5.8399415,0.26232406,0.42950174,0.86412632,0
2.5935447,-2.6979911,-5.2641211,-0.26232406,-0.42950174,-0.86412632,0
1.5914252,6.2746134,1.4442974,-0.3431173,0.87848175,-0.33247623,0
3.0512061,-0.32165504,-5.0022793,0.90191829,0.20928019,-0.37781641,0
4.8856053,2.7520173,1.3252726,0.90191829,0.20928019,-0.37781641,0
-1.8445194,3.7166505,4.4078135,0.26232406,0.42950174,0.86412632,0
-4.5559006,3.0740767,2.9512315,-0.90191829,-0.20928019,0.37781641,0
-3.2290523,-3.9605598,2.0507309,-0.90191829,-0.20928019,0.37781641,0
0.9665091,-0.58692896,5.7175632,0.26232406,0.42950174,0.86412632,0
0.39938092,-2.7914696,-4.6178932,-0.26232406,-0.42950174,-0.86412632,0
-1.3229775,4.5165682,3.8717725,0.26232406,0.42950174,0.86412632,0
-4.1039724,1.1056387,-5.1087089,-0.26232406,-0.42950174,-0.86412632,0
4.8241053,-3.3022015,-2.4634047,0.90191829,0.20928019,-0.37781641,0
2.1526053,4.7188301,-3.0455058,-0.3431173,0.87848175,-0.33247623,0
2.2592053,-2.5171423,4.7223797,0.3431173,-0.87848175,0.33247623,0
-4.8520722,1.5959038,0.98479277,-0.90191829,-0.20928019,0.37781641,0
5.5625505,-0.0036437511,1.441308,0.90191829,0.20928019,-0.37781641,0
1.457539,1.1270076,4.7672114,0.26232406,0.42950174,0.86412632,0
4.9715662,-2.4541869,-1.5467572,0.90191829,0.20928019,-0.37781641,0
6.5322986,-0.12256551,3.5253372,0.90191829,0.20928019,-0.37781641,0
4.345787,2.6051147,3.2379053,0.26232406,0.42950174,0.86412632,0
-1.7532694,-4.4350128,3.3595634,0.3431173,-0.87848175,0.33247623,0
5.2359858,-1.8109937,-0.28342104,0.90191829,0.20928019,-0.37781641,0
2.5042334,3.9089937,3.0779066,0.26232406,0.42950174,0.86412632,0
-1.8746641,-3.9348314,-3.3688936,-0.26232406,-0.42950174,-0.86412632,0
-2.0872533,3.9732025,-0.64320475,-0.3431173,0.87848175,-0.33247623,0
-5.3039651,0.35543275,-0.45342526,-0.90191829,-0.20928019,0.37781641,0
6.5783148,-0.46516418,3.7834561,0.90191829,0.20928019,-0.37781641,0
-0.93881893,4.3520632,-1.2483118,-0.3431173,0.87848175,-0.33247623,0
0.68002832,3.1978486,-6.0631704,-0.3431173,0.87848175,-0.33247623,0
3.9357953,4.1898117,2.5906281,0.26232406,0.42950174,0.86412632,0
-3.9012325,-5.8881044,-0.47441185,-0.90191829,-0.20928019,0.37781641,0
-3.7166467,2.9069414,-2.1078176,-0.3431173,0.87848175,-0.33247623,0
-0.97825241,5.7653384,2.4941444,-0.3431173,0.87848175,-0.33247623,0
-5.1466532,-0.18644071,-0.39597702,-0.90191829,-0.20928019,0.37781641,0
4.8564048,3.5122252,1.8602848,0.90191829,0.20928019,-0.37781641,0
-0.64098322,-2.3198969,7.0720196,0.26232406,0.42950174,0.86412632,0
-0.64522099,4.122004,-1.7874215,-0.3431173,0.87848175,-0.33247623,0
2.8151221,-2.2253239,4.5298243,0.3431173,-0.87848175,0.33247623,0
-2.5692821,4.7194986,1.8116106,-0.3431173,0.87848175,-0.33247623,0
-4.8958511,1.8097854,1.3408376,-0.90191829,-0.20928019,0.37781641,0
1.2600223,4.4466057,3.2692435,0.26232406,0.42950174,0.86412632,0
-3.4797776,-3.2626896,1.7602139,-0.90191829,-0.20928019,0.37781641,0
6.0341563,0.58574462,2.6078427,0.90191829,0.20928019,-0.37781641,0
3.9813566,3.2984385,3.0156658,0.26232406,0.42950174,0.86412632,0
-4.2652144,-5.5746822,-1.7656349,-0.26232406,-0.42950174,-0.86412632,0
0.11651683,-4.9003229,-3.312017,-0.26232406,-0.42950174,-0.86412632,0
-0.75223792,-1.8264446,-4.7333732,-0.26232406,-0.42950174,-0.86412632,0
2.9142878,-3.729012,-4.7476254,-0.26232406,-0.42950174,-0.86412632,0
-3.6975522,-4.3975964,0.46736807,-0.90191829,-0.20928019,0.37781641,0
-5.7273445,2.2759609,-0.648929,-0.90191829,-0.20928019,0.37781641,0
-2.6203575,0.47020316,-5.3333225,-0.26232406,-0.42950174,-0.86412632,0
2.6085758,-1.1296022,5.5395818,0.26232406,0.42950174,0.86412632,0
-2.8254449,-4.4649773,-2.6445632,-0.26232406,-0.42950174,-0.86412632,0
3.6508064,2.677304,-1.5894947,0.90191829,0.20928019,-0.37781641,0
-3.1489124,1.4209782,-5.6003232,-0.26232406,-0.42950174,-0.86412632,0
4.8351641,-3.5806105,-1.0926723,0.3431173,-0.87848175,0.33247623,0
-3.3524165,1.2763696,-5.3852606,-0.26232406,-0.42950174,-0.86412632,0
-1.0103488,3.8436861,4.1954117,0.26232406,0.42950174,0.86412632,0
-4.0364804,3.0557258,4.0624866,-0.90191829,-0.20928019,0.37781641,0
-3.184938,-6.2337341,0.42382264,0.3431173,-0.87848175,0.33247623,0
5.5295815,-1.1955862,4.5035615,0.3431173,-0.87848175,0.33247623,0
1.4501181,4.0767164,3.3619776,0.26232406,0.42950174,0.86412632,0
3.8562391,5.2916665,1.9259112,0.26232406,0.42950174,0.86412632,0
1.7454393,-0.34570569,5.4872594,0.26232406,0.42950174,0.86412632,0
1.7380502,-3.5474043,-4.4572601,-0.26232406,-0.42950174,-0.86412632,0
-4.2745714,2.4036334,3.0733895,-0.90191829,-0.20928019,0.37781641,0
1.8628147,1.9115264,-6.3096404,0.90191829,0.20928019,-0.37781641,0
-4.0220037,1.0702773,-4.9912138,-0.26232406,-0.42950174,-0.86412632,0
3.8743353,-2.4275427,3.0115538,0.3431173,-0.87848175,0.33247623,0
3.2427082,-5.2345929,-3.4303262,0.3431173,-0.87848175,0.33247623,0
-0.093711972,-2.3400629,-4.6946106,-0.26232406,-0.42950174,-0.86412632,0
-2.4413962,-5.187645,-2.455013,-0.26232406,-0.42950174,-0.86412632,0
-0.27497518,-2.528362,-4.3973722,-0.26232406,-0.42950174,-0.86412632,0
2.5651596,3.8862357,-3.5814223,0.90191829,0.20928019,-0.37781641,0
3.8674099,0.90735197,-2.0827272,0.90191829,0.20928019,-0.37781641,0
-4.8701077,3.2717404,2.0504134,-0.90191829,-0.20928019,0.37781641,0
6.381074,-0.33367991,3.2415197,0.90191829,0.20928019,-0.37781641,0
0.82338309,3.9424031,-3.9691696,-0.3431173,0.87848175,-0.33247623,0
-0.94958711,4.5273042,-0.51431906,-0.3431173,0.87848175,-0.33247623,0
-2.1576238,-4.8095999,3.1868558,0.3431173,-0.87848175,0.33247623,0
1.8392456,-0.91166043,-5.891696,-0.26232406,-0.42950174,-0.86412632,0
2.1643023,-4.1895823,0.28958094,0.3431173,-0.87848175,0.33247623,0
5.1568761,-1.5996069,-0.39658302,0.90191829,0.20928019,-0.37781641,0
4.9194498,1.8160827,1.0143925,0.90191829,0.20928019,-0.37781641,0
5.0043778,3.5904434,2.2125335,0.90191829,0.20928019,-0.37781641,0
-3.3067701,1.6738763,-5.5166426,-0.26232406,-0.42950174,-0.86412632,0
0.72848821,4.2499018,3.4433961,0.26232406,0.42950174,0.86412632,0
-4.2497082,2.6045389,-2.3721223,-0.3431173,0.87848175,-0.33247623,0
-1.6604497,-5.9268131,-0.49678731,0.3431173,-0.87848175,0.33247623,0
-1.1999538,-3.5738223,5.1758885,0.3431173,-0.87848175,0.33247623,0
-1.9214394,-1.6160789,6.1644959,-0.90191829,-0.20928019,0.37781641,0
-2.8138247,-1.3015504,4.3268085,-0.90191829,-0.20928019,0.37781641,0
2.9893546,-2.5167203,4.0240679,0.3431173,-0.87848175,0.33247623,0
5.265214,3.2921653,2.3128154,0.90191829,0.20928019,-0.37781641,0
-6.0914459,0.93160725,-2.0300236,-0.90191829,-0.20928019,0.37781641,0
-0.83118796,4.2468443,-1.4219474,-0.3431173,0.87848175,-0.33247623,0
0.31036538,-1.1972232,6.4025321,0.26232406,0.42950174,0.86412632,0
4.3655744,0.79835153,-1.0100956,0.90191829,0.20928019,-0.37781641,0
-1.5998012,-2.5957613,6.6085806,-0.90191829,-0.20928019,0.37781641,0
1.5251321,-2.1136806,-5.2752228,-0.26232406,-0.42950174,-0.86412632,0
2.1198406,-5.3776946,-3.8706651,-0.26232406,-0.42950174,-0.86412632,0
3.0350773,-2.1892776,4.491313,0.3431173,-0.87848175,0.33247623,0
-3.4516246,-3.2695749,1.6305035,-0.90191829,-0.20928019,0.37781641,0
5.4126987,-2.0523028,2.3550701,0.3431173,-0.87848175,0.33247623,0
5.7934685,-1.4895803,3.7869785,0.3431173,-0.87848175,0.33247623,0
-5.8613243,0.52413559,-1.8870553,-0.90191829,-0.20928019,0.37781641,0
4.191793,-1.9400375,-2.7329888,0.90191829,0.20928019,-0.37781641,0
-0.19245672,3.2375119,4.1938634,0.26232406,0.42950174,0.86412632,0
-3.7387068,-2.5382037,-3.4962173,-0.26232406,-0.42950174,-0.86412632,0
3.8101106,-1.8915042,4.7129011,0.3431173,-0.87848175,0.33247623,0
2.8892164,0.98954177,-4.2331896,0.90191829,0.20928019,-0.37781641,0
1.0165193,5.2670507,-0.8912943,-0.3431173,0.87848175,-0.33247623,0
3.5842838,-3.022723,-5.066258,0.90191829,0.20928019,-0.37781641,0
-0.62477231,0.34464657,-5.7957969,-0.26232406,-0.42950174,-0.86412632,0
-5.7029428,-2.2334569,-2.7161868,-0.90191829,-0.20928019,0.37781641,0
2.6140618,-5.3800941,-3.8206375,-0.26232406,-0.42950174,-0.86412632,0
2.4486089,5.3846102,-1.7755708,-0.3431173,0.87848175,-0.33247623,0
4.0948138,-0.26091778,4.6246934,0.26232406,0.42950174,0.86412632,0
1.3496521,2.1875327,4.2090878,0.26232406,0.42950174,0.86412632,0
-2.5977833,-4.0556159,3.4179597,-0.90191829,-0.20928019,0.37781641,0
-4.2203588,0.78063154,2.3516316,-0.90191829,-0.20928019,0.37781641,0
3.9147887,3.6517081,-0.73623586,0.90191829,0.20928019,-0.37781641,0
1.3171387,5.0747595,2.8977332,0.26232406,0.42950174,0.86412632,0
1.731017,2.8491642,-6.0866666,0.90191829,0.20928019,-0.37781641,0
4.6677465,-3.2236838,-2.5678101,0.90191829,0.20928019,-0.37781641,0
-3.576206,-3.5836306,-2.913929,-0.26232406,-0.42950174,-0.86412632,0
3.9689889,4.4684324,-0.012196183,0.90191829,0.20928019,-0.37781641,0
2.8322737,6.1415658,-0.1374265,-0.3431173,0.87848175,-0.33247623,0
3.334259,1.5334153,-2.9663229,0.90191829,0.20928019,-0.37781641,0
1.2332082,4.142118,3.2610021,0.26232406,0.42950174,0.86412632,0
-1.0196418,1.7811849,-6.4368286,-0.26232406,-0.42950174,-0.86412632,0
-2.1636157,3.4897163,-2.1584165,-0.3431173,0.87848175,-0.33247623,0
5.9452572,0.9678905,2.8789821,0.90191829,0.20928019,-0.37781641,0
-4.0262704,-3.2173874,0.71278888,-0.90191829,-0.20928019,0.37781641,0
2.7769723,6.1361489,0.020373106,-0.3431173,0.87848175,-0.33247623,0
4.8830824,-2.2869375,2.5422573,0.3431173,-0.87848175,0.33247623,0
0.16304684,-5.7321663,-1.9464405,0.3431173,-0.87848175,0.33247623,0
-2.8637166,-3.5922143,2.9691658,-0.90191829,-0.20928019,0.37781641,0
0.69987226,-5.2333899,-3.3468387,-0.26232406,-0.42950174,-0.86412632,0
5.3007693,-0.73999524,0.26846486,0.90191829,0.20928019,-0.37781641,0
-1.3235254,3.6519046,-2.6717653,-0.3431173,0.87848175,-0.33247623,0
-4.8664446,3.5629153,2.3905141,-0.90191829,-0.20928019,0.37781641,0
-4.3350306,-1.1397789,0.85858297,-0.90191829,-0.20928019,0.37781641,0
-0.83451283,2.4213409,-6.1161695,-0.3431173,0.87848175,-0.33247623,0
-1.785707,-5.2201519,1.3520516,0.3431173,-0.87848175,0.33247623,0
-1.8827727,4.0836811,-1.0521615,-0.3431173,0.87848175,-0.33247623,0
2.8748255,-2.5133562,3.6790566,0.3431173,-0.87848175,0.33247623,0
-4.618258,0.93368101,1.3683319,-0.90191829,-0.20928019,0.37781641,0
4.5662894,-1.6998491,4.183897,0.3431173,-0.87848175,0.33247623,0
4.6475291,-4.2814031,-2.7836404,0.3431173,-0.87848175,0.33247623,0
-2.8348737,-2.869709,3.3542979,-0.90191829,-0.20928019,0.37781641,0
0.27639484,-2.8516107,5.525198,0.3431173,-0.87848175,0.33247623,0
5.7879987,-2.3168788,1.6136848,0.3431173,-0.87848175,0.33247623,0
-1.8543088,-6.641511,-1.8679703,0.3431173,-0.87848175,0.33247623,0
-3.1115839,3.6767776,-0.81221676,-0.3431173,0.87848175,-0.33247623,0
-1.2615814,3.561713,-2.5762711,-0.3431173,0.87848175,-0.33247623,0
1.7608302,1.4777126,4.5941787,0.26232406,0.42950174,0.86412632,0
-0.25629544,2.2190371,-6.7334213,-0.26232406,-0.42950174,-0.86412632,0
-1.2122037,-0.92240858,6.6285563,0.26232406,0.42950174,0.86412632,0
2.2038331,-2.4817498,-5.2593102,-0.26232406,-0.42950174,-0.86412632,0
-0.68631613,-2.9846325,6.3303123,0.3431173,-0.87848175,0.33247623,0
2.1767287,4.8683558,2.7078691,0.26232406,0.42950174,0.86412632,0
-3.1101232,-2.7345297,2.7574179,-0.90191829,-0.20928019,0.37781641,0
-1.9443631,2.8365104,5.0428972,0.26232406,0.42950174,0.86412632,0
-1.0933324,-3.7808368,-3.6311469,-0.26232406,-0.42950174,-0.86412632,0
-4.3292103,2.8020976,-1.673424,-0.3431173,0.87848175,-0.33247623,0
0.90843248,-3.6960866,2.7266831,0.3431173,-0.87848175,0.33247623,0
3.5582902,-3.0522056,1.7243174,0.3431173,-0.87848175,0.33247623,0
0.84434813,-0.050536394,-5.9938126,-0.26232406,-0.42950174,-0.86412632,0
-4.7004075,-1.4044061,-0.19131313,-0.90191829,-0.20928019,0.37781641,0
-0.80432087,-0.11684608,-5.5309114,-0.26232406,-0.42950174,-0.86412632,0
-2.1861382,4.4176102,0.5637145,-0.3431173,0.87848175,-0.33247623,0
-5.0190663,-3.1046293,-2.6917028,-0.26232406,-0.42950174,-0.86412632,0
3.756887,-1.9249809,4.6447597,0.3431173,-0.87848175,0.33247623,0
-3.6041172,3.3821273,-0.86405474,-0.3431173,0.87848175,-0.33247623,0
-0.51924944,-5.3454328,-3.0412292,-0.26232406,-0.42950174,-0.86412632,0
0.35367703,-5.1264453,-3.4063029,-0.26232406,-0.42950174,-0.86412632,0
0.25647783,-0.308586,-5.6759453,-0.26232406,-0.42950174,-0.86412632,0
3.1715834,1.170635,-3.9466476,0.90191829,0.20928019,-0.37781641,0
2.1066968,1.344357,-6.2594008,0.90191829,0.20928019,-0.37781641,0
4.3750768,-1.1390734,-1.9992194,0.90191829,0.20928019,-0.37781641,0
4.4446974,5.2830672,1.8462681,0.26232406,0.42950174,0.86412632,0
3.267978,-3.0598023,-5.2445068,-0.26232406,-0.42950174,-0.86412632,0
-2.5461025,5.3246784,3.0436943,-0.3431173,0.87848175,-0.33247623,0
-5.952539,-0.4823308,-2.4251163,-0.90191829,-0.20928019,0.37781641,0
-4.3380055,0.051804543,1.8344971,-0.90191829,-0.20928019,0.37781641,0
3.1948009,-5.03232,-3.246074,0.3431173,-0.87848175,0.33247623,0
0.74048233,-4.6182699,-3.7605257,-0.26232406,-0.42950174,-0.86412632,0
-0.65916967,-4.2876749,2.7574837,0.3431173,-0.87848175,0.33247623,0
-3.5534871,-1.9795625,2.1543148,-0.90191829,-0.20928019,0.37781641,0
-4.8514071,-2.8497694,-1.3274113,-0.90191829,-0.20928019,0.37781641,0
3.0434947,-5.4366627,-3.9079013,0.3431173,-0.87848175,0.33247623,0
0.4254576,2.8695097,-6.6113844,-0.3431173,0.87848175,-0.33247623,0
-2.7839262,1.1280781,-5.6156745,-0.26232406,-0.42950174,-0.86412632,0
2.3233802,-3.2695599,2.6492925,0.3431173,-0.87848175,0.33247623,0
1.0071826,2.7792554,-7.1526747,-0.3431173,0.87848175,-0.33247623,0
-4.1658888,3.3813457,-0.1135211,-0.3431173,0.87848175,-0.33247623,0
3.1486127,2.5827909,-2.9127989,0.90191829,0.20928019,-0.37781641,0
4.4524407,-3.0738225,-3.1576347,0.90191829,0.20928019,-0.37781641,0
