3.1619103,3.0131733,-3.8439326,0.88583559,0.19413207,-0.42143559,0
5.9029775,-1.7680101,-0.50570679,0.88583559,0.19413207,-0.42143559,0
2.5745182,-1.6294988,-7.1067963,-0.4492898,0.13199338,-0.88358158,0
-2.3217611,5.2468405,-1.983501,-0.11590482,0.97205478,0.20414601,0
-3.5435505,3.8666,3.7656302,-0.11590482,0.97205478,0.20414601,0
-4.5380507,2.4190588,3.3895721,-0.88583559,-0.19413207,0.42143559,0
0.85821939,1.5449498,-5.9677439,-0.4492898,0.13199338,-0.88358158,0
1.3745518,-2.8410764,4.4336433,0.4492898,-0.13199338,0.88358158,0
-6.254004,4.6646872,-0.95870554,-0.11590482,0.97205478,0.20414601,0
-1.9421539,-5.7700224,2.1091712,0.11590482,-0.97205478,-0.20414601,0
3.6990235,2.5209901,-2.9122436,0.88583559,0.19413207,-0.42143559,0
3.3677227,5.741519,-0.90548253,-0.11590482,0.97205478,0.20414601,0
5.8319073,0.95102674,2.72895,0.4492898,-0.13199338,0.88358158,0
3.6609704,0.5300867,-4.0461369,0.88583559,0.19413207,-0.42143559,0
-1.6519144,-0.69837415,6.4783916,0.4492898,-0.13199338,0.88358158,0
-5.4050789,-4.990222,-1.6831663,-0.88583559,-0.19413207,0.42143559,0
2.6835394,-4.2599368,-2.7703133,0.11590482,-0.97205478,-0.20414601,0
-2.8929276,-2.98562,4.6258945,-0.88583559,-0.19413207,0.42143559,0
5.4607811,-1.6769989,-1.0503263,0.88583559,0.19413207,-0.42143559,0
4.0296831,-1.3598447,3.5134873,0.4492898,-0.13199338,0.88358158,0
6.3859811,-2.58745,2.0652263,0.4492898,-0.13199338,0.88358158,0
6.7162127,-3.3917482,0.70387602,0.88583559,0.19413207,-0.42143559,0
4.1769886,-5.2619972,2.7987854,0.4492898,-0.13199338,0.88358158,0
-5.4318066,-1.1058714,-2.9637697,-0.4492898,0.13199338,-0.88358158,0
-2.2737315,-4.969018,-2.4032187,0.11590482,-0.97205478,-0.20414601,0
3.9040842,5.0212522,2.8268502,-0.11590482,0.97205478,0.20414601,0
5.9351878,3.9241648,2.6234219,0.88583559,0.19413207,-0.42143559,0
-6.7451868,4.3965631,-1.5470785,-0.4492898,0.13199338,-0.88358158,0
-0.92048693,-0.38592857,-5.2017555,-0.4492898,0.13199338,-0.88358158,0
-2.6009474,1.5181742,6.8701572,-0.88583559,-0.19413207,0.42143559,0
5.403801,4.2396259,1.4002236,0.88583559,0.19413207,-0.42143559,0
3.8860488,-0.4600189,-3.7071724,0.88583559,0.19413207,-0.42143559,0
-4.8390045,4.4014888,1.2212059,-0.11590482,0.97205478,0.20414601,0
5.1762524,5.0351739,1.2213842,0.88583559,0.19413207,-0.42143559,0
0.25648141,0.84687245,-5.7282052,-0.4492898,0.13199338,-0.88358158,0
-6.80827,2.612421,-1.8955842,-0.4492898,0.13199338,-0.88358158,0
-4.4484577,-4.985496,0.044222355,-0.88583559,-0.19413207,0.42143559,0
-4.1155925,-1.440565,2.5076909,-0.88583559,-0.19413207,0.42143559,0
4.8218503,-2.2025414,-2.6714659,0.88583559,0.19413207,-0.42143559,0
5.3580894,2.6060195,3.3669107,0.4492898,-0.13199338,0.88358158,0
1.9542511,-1.5165281,-6.8057599,-0.4492898,0.13199338,-0.88358158,0
5.0894251,5.4167738,1.7467892,-0.11590482,0.97205478,0.20414601,0
1.6477435,-1.512467,4.5253944,0.4492898,-0.13199338,0.88358158,0
4.2092886,-2.3536286,-4.1069541,0.88583559,0.19413207,-0.42143559,0
0.68528008,-3.4187634,-6.5054646,-0.4492898,0.13199338,-0.88358158,0
4.868084,-0.19234292,-1.627485,0.88583559,0.19413207,-0.42143559,0
2.5057173,-5.4177999,2.7410789,0.11590482,-0.97205478,-0.20414601,0
-2.7053709,4.9982109,-0.91064495,-0.11590482,0.97205478,0.20414601,0
1.3035376,6.3884249,-4.876174,-0.11590482,0.97205478,0.20414601,0
-5.6681571,0.70994937,0.20441461,-0.88583559,-0.19413207,0.42143559,0
4.5646949,4.860137,-0.12094736,0.88583559,0.19413207,-0.42143559,0
-6.0135689,-2.9867485,-2.0340958,-0.88583559,-0.19413207,0.42143559,0
-5.8701701,4.2042074,1.1035211,-0.11590482,0.97205478,0.20414601,0
-5.3530941,-1.1833657,-0.042467356,-0.88583559,-0.19413207,0.42143559,0
1.938925,0.473773,4.6799135,0.4492898,-0.13199338,0.88358158,0
-5.9162598,-3.6977277,-3.2069504,-0.4492898,0.13199338,-0.88358158,0
-1.9857049,4.9805579,-0.051143676,-0.11590482,0.97205478,0.20414601,0
2.0565317,-1.4137747,4.4608283,0.4492898,-0.13199338,0.88358158,0
1.8218309,5.2257442,0.6897369,-0.11590482,0.97205478,0.20414601,0
2.5824704,-3.6003468,-6.0288191,0.11590482,-0.97205478,-0.20414601,0
-2.9628425,4.6252952,-3.4147611,-0.4492898,0.13199338,-0.88358158,0
-5.4507704,-2.8394809,-1.1023363,-0.88583559,-0.19413207,0.42143559,0
6.6881618,0.4101721,2.2173123,0.88583559,0.19413207,-0.42143559,0
-2.693372,0.63634509,6.3864222,-0.88583559,-0.19413207,0.42143559,0
-1.386281,0.49952322,-4.8998594,-0.4492898,0.13199338,-0.88358158,0
-0.31061012,-5.3588247,0.67733699,0.11590482,-0.97205478,-0.20414601,0
4.3866034,-0.0010444522,3.4269056,0.4492898,-0.13199338,0.88358158,0
-0.95219409,5.2511673,-0.63941991,-0.11590482,0.97205478,0.20414601,0
-3.9678612,-4.5373993,1.5272629,-0.88583559,-0.19413207,0.42143559,0
3.3997614,5.2293754,1.1201768,-0.11590482,0.97205478,0.20414601,0
0.36318016,2.604979,5.7587676,0.4492898,-0.13199338,0.88358158,0
3.9119997,1.1641917,-2.962157,0.88583559,0.19413207,-0.42143559,0
1.028935,1.0626886,-6.0697021,-0.4492898,0.13199338,-0.88358158,0
-3.2413664,3.1105587,-3.5131757,-0.4492898,0.13199338,-0.88358158,0
1.4704769,-5.6381016,3.2311165,0.11590482,-0.97205478,-0.20414601,0
-2.7439029,-0.71230263,5.8875694,-0.88583559,-0.19413207,0.42143559,0
1.4439814,-2.9795003,-6.8037977,-0.4492898,0.13199338,-0.88358158,0
3.3814116,1.4687458,-4.2913442,0.88583559,0.19413207,-0.42143559,0
-4.29212,-4.8436074,-3.6733041,0.11590482,-0.97205478,-0.20414601,0
3.1116486,-5.0821652,3.3782215,0.4492898,-0.13199338,0.88358158,0
1.8718688,5.4986005,-5.2246418,0.88583559,0.19413207,-0.42143559,0
-4.7193751,4.1008325,1.834456,-0.11590482,0.97205478,0.20414601,0
4.3636951,1.775455,-2.0474565,0.88583559,0.19413207,-0.42143559,0
3.1941087,5.2283063,1.8698996,-0.11590482,0.97205478,0.20414601,0
-6.0068102,4.6173277,-0.51681733,-0.11590482,0.97205478,0.20414601,0
-1.3760647,4.9895258,-0.13711974,-0.11590482,0.97205478,0.20414601,0
3.5387383,-2.2179737,-5.6020432,0.88583559,0.19413207,-0.42143559,0
-2.5006492,-4.7047906,-3.3600361,0.11590482,-0.97205478,-0.20414601,0
-1.8774345,-2.0474687,-5.0537143,-0.4492898,0.13199338,-0.88358158,0
-0.18380541,-4.9653125,-0.57966787,0.11590482,-0.97205478,-0.20414601,0
-3.6285474,-5.1791053,-1.8650872,0.11590482,-0.97205478,-0.20414601,0
1.7221551,-4.9733553,0.38991186,0.11590482,-0.97205478,-0.20414601,0
2.5088844,3.8143816,-4.8797197,0.88583559,0.19413207,-0.42143559,0
3.0880632,2.5258443,-4.34198,0.88583559,0.19413207,-0.42143559,0
-3.7425952,1.0867031,4.5536914,-0.88583559,-0.19413207,0.42143559,0
-5.3683491,-0.95467335,-3.0861907,-0.4492898,0.13199338,-0.88358158,0
6.2635651,-1.6178174,2.1530194,0.4492898,-0.13199338,0.88358158,0
3.7069867,5.0654907,-1.9642541,0.88583559,0.19413207,-0.42143559,0
3.998785,-4.717464,0.57900852,0.11590482,-0.97205478,-0.20414601,0
-2.2488849,-0.73498935,-4.628088,-0.4492898,0.13199338,-0.88358158,0
-3.7150965,-4.79391,-3.7865627,0.11590482,-0.97205478,-0.20414601,0
-2.5965941,-2.636492,-4.7493153,-0.4492898,0.13199338,-0.88358158,0
0.59511518,-3.8705487,-5.6319022,0.11590482,-0.97205478,-0.20414601,0
-4.1268249,-2.8926194,1.6941178,-0.88583559,-0.19413207,0.42143559,0
0.4951098,4.3815312,3.6873665,-0.11590482,0.97205478,0.20414601,0
-4.4141865,-5.3766327,0.11966443,-0.88583559,-0.19413207,0.42143559,0
-3.6151047,0.66351247,4.3495054,-0.88583559,-0.19413207,0.42143559,0
5.7733765,-1.4148777,2.5855093,0.4492898,-0.13199338,0.88358158,0
4.6462355,1.0859311,3.4934349,0.4492898,-0.13199338,0.88358158,0
3.52425,-3.5276563,-5.2329259,0.11590482,-0.97205478,-0.20414601,0
-4.1785402,5.1825838,-2.1560218,-0.11590482,0.97205478,0.20414601,0
-6.9415894,2.0558872,-1.6002532,-0.88583559,-0.19413207,0.42143559,0
-5.2783346,-3.3842206,-0.69240093,-0.88583559,-0.19413207,0.42143559,0
3.840081,-1.2842903,3.5496907,0.4492898,-0.13199338,0.88358158,0
-2.8508101,-0.32491112,5.7678232,-0.88583559,-0.19413207,0.42143559,0
-4.5251799,0.54869896,2.6347308,-0.88583559,-0.19413207,0.42143559,0
5.3961353,1.4202576,0.028496742,0.88583559,0.19413207,-0.42143559,0
1.6020153,3.1002069,5.3824353,0.4492898,-0.13199338,0.88358158,0
1.9056616,6.4682298,-5.0236106,-0.11590482,0.97205478,0.20414601,0
4.525444,5.1670122,-0.13794255,0.88583559,0.19413207,-0.42143559,0
5.6637344,2.1885328,1.0580586,0.88583559,0.19413207,-0.42143559,0
-0.28060436,3.688993,-5.0174627,-0.4492898,0.13199338,-0.88358158,0
-1.6788373,5.6636534,-3.0133333,-0.11590482,0.97205478,0.20414601,0
4.0723977,-4.0446739,-3.0839427,0.11590482,-0.97205478,-0.20414601,0
2.942656,0.33775192,4.2537012,0.4492898,-0.13199338,0.88358158,0
-0.065243125,-6.0962844,4.070725,0.11590482,-0.97205478,-0.20414601,0
1.9885466,4.7593675,2.4886639,-0.11590482,0.97205478,0.20414601,0
-3.9815271,3.9974101,3.3362358,-0.11590482,0.97205478,0.20414601,0
0.31983227,5.6103463,-1.5798711,-0.11590482,0.97205478,0.20414601,0
2.8459187,5.1167097,1.6311736,-0.11590482,0.97205478,0.20414601,0
-1.77913,-4.666944,-3.0771477,0.11590482,-0.97205478,-0.20414601,0
5.468555,0.098539174,-0.34827042,0.88583559,0.19413207,-0.42143559,0
4.8459668,5.5276623,1.3780172,-0.11590482,0.97205478,0.20414601,0
-1.6386825,-4.447382,5.7203321,0.4492898,-0.13199338,0.88358158,0
4.9882259,2.0771263,-0.64910078,0.88583559,0.19413207,-0.42143559,0
-3.6967816,-3.6227126,2.6357434,-0.88583559,-0.19413207,0.42143559,0
-1.0227854,4.3085637,3.7983387,-0.11590482,0.97205478,0.20414601,0
-2.47052,-2.4450688,5.4790301,-0.88583559,-0.19413207,0.42143559,0
0.21546264,-4.9957461,-0.52573371,0.11590482,-0.97205478,-0.20414601,0
-2.6816962,-5.0131555,-2.5576477,0.11590482,-0.97205478,-0.20414601,0
2.2320251,0.63212866,4.5479102,0.4492898,-0.13199338,0.88358158,0
-3.3420546,-4.777905,2.4137254,-0.88583559,-0.19413207,0.42143559,0
-3.9004216,3.8444431,3.8149698,-0.11590482,0.97205478,0.20414601,0
-0.4058125,3.3055472,-4.9003196,-0.4492898,0.13199338,-0.88358158,0
3.1662514,5.9064293,-2.014956,-0.11590482,0.97205478,0.20414601,0
3.1568477,3.4808323,-3.6199868,0.88583559,0.19413207,-0.42143559,0
5.3415442,-2.7328806,-2.1237044,0.88583559,0.19413207,-0.42143559,0
0.84195364,-5.5111179,2.3805037,0.11590482,-0.97205478,-0.20414601,0
-0.82039833,4.0293894,4.9457903,-0.11590482,0.97205478,0.20414601,0
0.6745019,0.75120038,-5.9596577,-0.4492898,0.13199338,-0.88358158,0
-1.9327877,-5.2938161,-0.52131981,0.11590482,-0.97205478,-0.20414601,0
-5.0412006,1.4377952,-2.8427372,-0.4492898,0.13199338,-0.88358158,0
6.4868946,0.22848737,2.3513756,0.4492898,-0.13199338,0.88358158,0
-2.841146,4.7998672,-3.3907146,-0.4492898,0.13199338,-0.88358158,0
-2.9050891,-0.048439384,-4.0905056,-0.4492898,0.13199338,-0.88358158,0
1.2301878,5.8086963,-5.4885721,-0.4492898,0.13199338,-0.88358158,0
1.7441173,1.3822055,-6.4066877,-0.4492898,0.13199338,-0.88358158,0
0.090538502,4.1495447,4.4461474,-0.11590482,0.97205478,0.20414601,0
-4.6396236,-2.0458679,1.246804,-0.88583559,-0.19413207,0.42143559,0
1.3203932,5.9956741,-3.7080817,-0.11590482,0.97205478,0.20414601,0
-1.9841734,4.5359116,1.960462,-0.11590482,0.97205478,0.20414601,0
3.0918477,-2.290916,-6.5298414,0.88583559,0.19413207,-0.42143559,0
3.7132416,5.3004169,0.97114515,-0.11590482,0.97205478,0.20414601,0
-5.9610353,1.3919557,-0.21868682,-0.88583559,-0.19413207,0.42143559,0
0.0060491562,1.5086884,-5.3806405,-0.4492898,0.13199338,-0.88358158,0
-3.6460395,2.1421285,5.210269,-0.88583559,-0.19413207,0.42143559,0
-2.3945725,-4.6598287,-3.6004617,0.11590482,-0.97205478,-0.20414601,0
-3.4989858,5.0754895,-1.8956861,-0.11590482,0.97205478,0.20414601,0
5.486443,4.5757785,1.8729614,0.88583559,0.19413207,-0.42143559,0
0.21961999,0.90666628,-5.619174,-0.4492898,0.13199338,-0.88358158,0
-2.8443863,3.9436264,4.4539456,-0.11590482,0.97205478,0.20414601,0
-4.4289894,1.53333,-3.0758386,-0.4492898,0.13199338,-0.88358158,0
0.95692575,4.8671064,2.3045759,-0.11590482,0.97205478,0.20414601,0
-0.91497314,4.8660984,1.0226822,-0.11590482,0.97205478,0.20414601,0
-5.6201816,4.8394699,-1.6264288,-0.11590482,0.97205478,0.20414601,0
-4.7783089,0.33438691,-3.2831721,-0.4492898,0.13199338,-0.88358158,0
5.0391626,-1.3427105,-1.7486579,0.88583559,0.19413207,-0.42143559,0
-2.0328848,0.10243273,-4.6998854,-0.4492898,0.13199338,-0.88358158,0
-5.8151836,4.4164963,0.0036270618,-0.11590482,0.97205478,0.20414601,0
-5.9761348,1.3304086,-0.17117834,-0.88583559,-0.19413207,0.42143559,0
-2.528681,-5.4670744,0.11545777,0.11590482,-0.97205478,-0.20414601,0
-3.7685177,-3.035114,-4.2466135,-0.4492898,0.13199338,-0.88358158,0
-5.8544536,1.1780415,0.16361451,-0.88583559,-0.19413207,0.42143559,0
2.4289918,4.541894,-4.829936,0.88583559,0.19413207,-0.42143559,0
0.032893896,-4.0255747,-5.1856751,0.11590482,-0.97205478,-0.20414601,0
-5.3158398,-4.2974496,-1.2277312,-0.88583559,-0.19413207,0.42143559,0
-2.8051715,4.2768049,2.8809152,-0.11590482,0.97205478,0.20414601,0
6.1722302,1.0940101,1.8074068,0.88583559,0.19413207,-0.42143559,0
6.5288515,0.011283517,2.3792293,0.4492898,-0.13199338,0.88358158,0
-2.3683584,-1.150278,6.1995373,-0.88583559,-0.19413207,0.42143559,0
2.9002082,2.572155,4.6685424,0.4492898,-0.13199338,0.88358158,0
5.755477,0.81516385,0.55449367,0.88583559,0.19413207,-0.42143559,0
-0.79656243,2.1154766,-4.9894819,-0.4492898,0.13199338,-0.88358158,0
3.3497036,-4.6908507,-0.39800417,0.11590482,-0.97205478,-0.20414601,0
1.368428,-4.0625219,4.2874794,0.4492898,-0.13199338,0.88358158,0
-3.627167,4.8331637,-0.94534934,-0.11590482,0.97205478,0.20414601,0
-0.57086676,-5.6474819,1.6449778,0.11590482,-0.97205478,-0.20414601,0
2.9014306,1.9730361,4.5764771,0.4492898,-0.13199338,0.88358158,0
-1.098298,-4.2563639,5.4697218,0.4492898,-0.13199338,0.88358158,0
-0.9857626,-4.2383647,-5.1043954,0.11590482,-0.97205478,-0.20414601,0
-4.3219118,3.6272619,4.2702818,-0.88583559,-0.19413207,0.42143559,0
-6.7527885,2.6391115,-0.93327343,-0.88583559,-0.19413207,0.42143559,0
1.2596099,-5.6515746,3.4961486,0.11590482,-0.97205478,-0.20414601,0
-2.3203981,-5.7265449,1.5646904,0.11590482,-0.97205478,-0.20414601,0
-0.38568729,5.4159241,-1.4271548,-0.11590482,0.97205478,0.20414601,0
5.8312178,-1.7214727,-0.33761191,0.88583559,0.19413207,-0.42143559,0
3.6848972,3.2854633,-2.8299258,0.88583559,0.19413207,-0.42143559,0
-5.9944162,-3.4727335,-3.0569141,-0.4492898,0.13199338,-0.88358158,0
-1.9414139,3.5769391,-4.1640911,-0.4492898,0.13199338,-0.88358158,0
-3.2908349,-2.9830093,3.771776,-0.88583559,-0.19413207,0.42143559,0
-3.9058974,1.7545146,-3.3124766,-0.4492898,0.13199338,-0.88358158,0
-2.0360394,4.6230502,1.6090963,-0.11590482,0.97205478,0.20414601,0
0.96191156,-5.7914481,3.9151516,0.11590482,-0.97205478,-0.20414601,0
-5.2768192,-2.3206935,-0.080730677,-0.88583559,-0.19413207,0.42143559,0
-2.9649482,4.6432705,0.60175669,-0.11590482,0.97205478,0.20414601,0
-3.7175202,5.0485363,-2.1364789,-0.11590482,0.97205478,0.20414601,0
2.7876749,5.4950986,0.25591981,-0.11590482,0.97205478,0.20414601,0
-1.0096568,-4.8170257,5.4902201,0.4492898,-0.13199338,0.88358158,0
-4.9001813,3.6377194,3.3130696,-0.88583559,-0.19413207,0.42143559,0
1.9669621,3.0179582,-6.278882,-0.4492898,0.13199338,-0.88358158,0
-1.9301739,-0.38343841,-4.6653609,-0.4492898,0.13199338,-0.88358158,0
-3.1916153,-5.4837956,2.8300889,-0.88583559,-0.19413207,0.42143559,0
6.4251919,-3.7002935,1.8295732,0.4492898,-0.13199338,0.88358158,0
5.7995481,5.177012,3.1567423,-0.11590482,0.97205478,0.20414601,0
-3.6407518,-4.4850435,-4.4084044,-0.4492898,0.13199338,-0.88358158,0
0.96497011,-2.2382624,4.8771572,0.4492898,-0.13199338,0.88358158,0
2.4829144,5.1633229,1.0731165,-0.11590482,0.97205478,0.20414601,0
1.2563388,4.5340743,3.3801298,-0.11590482,0.97205478,0.20414601,0
1.7777489,5.5635958,-0.9254185,-0.11590482,0.97205478,0.20414601,0
-4.2461176,-1.179251,-3.6528373,-0.4492898,0.13199338,-0.88358158,0
3.966449,-1.5503054,3.4203968,0.4492898,-0.13199338,0.88358158,0
2.6038542,-3.8485932,-4.6768932,0.11590482,-0.97205478,-0.20414601,0
-3.2725856,-4.0308213,3.1094844,-0.88583559,-0.19413207,0.42143559,0
-3.0030017,3.8553507,4.420886,-0.11590482,0.97205478,0.20414601,0
-2.8373456,-5.2256455,-0.76431525,0.11590482,-0.97205478,-0.20414601,0
-2.7171111,-2.7593207,4.8524609,-0.88583559,-0.19413207,0.42143559,0
-1.1280088,-5.1641102,-0.23758215,0.11590482,-0.97205478,-0.20414601,0
3.8482385,4.8492303,-1.3797896,0.88583559,0.19413207,-0.42143559,0
1.1414003,4.1862974,5.1824403,-0.11590482,0.97205478,0.20414601,0
2.4173651,-4.8998761,0.40237093,0.11590482,-0.97205478,-0.20414601,0
0.10911989,2.4367344,-5.3630924,-0.4492898,0.13199338,-0.88358158,0
-3.4982581,-5.0666175,2.3708971,-0.88583559,-0.19413207,0.42143559,0
2.9110444,2.6411948,4.6142149,0.4492898,-0.13199338,0.88358158,0
-1.5336446,-3.6832182,5.7906117,0.4492898,-0.13199338,0.88358158,0
4.3827024,-2.3778095,-3.586082,0.88583559,0.19413207,-0.42143559,0
4.869544,0.38042563,-1.5370133,0.88583559,0.19413207,-0.42143559,0
-3.0619442,2.7707191,6.68571,-0.88583559,-0.19413207,0.42143559,0
4.3820605,-2.3442321,2.9883492,0.4492898,-0.13199338,0.88358158,0
3.9205079,4.8295822,-1.6284347,0.88583559,0.19413207,-0.42143559,0
0.67748642,4.7163806,2.0808954,-0.11590482,0.97205478,0.20414601,0
-1.699579,-4.3637037,-5.0592146,0.11590482,-0.97205478,-0.20414601,0
-2.3688657,3.718466,-3.969326,-0.4492898,0.13199338,-0.88358158,0
1.050674,5.6496396,-1.922435,-0.11590482,0.97205478,0.20414601,0
0.93420458,-1.0681732,5.0070338,0.4492898,-0.13199338,0.88358158,0
1.978144,5.0452561,-5.6174393,0.88583559,0.19413207,-0.42143559,0
-5.5901155,-5.0935278,-2.4020813,-0.88583559,-0.19413207,0.42143559,0
-5.9724512,3.6749425,1.024143,-0.88583559,-0.19413207,0.42143559,0
-5.2496314,4.6351342,-1.0055964,-0.11590482,0.97205478,0.20414601,0
-4.2828927,0.90935892,3.1626756,-0.88583559,-0.19413207,0.42143559,0
-4.498395,-3.1816072,1.1392245,-0.88583559,-0.19413207,0.42143559,0
3.3207231,-3.1737719,-6.5594935,0.88583559,0.19413207,-0.42143559,0
-0.55293918,-0.82790601,-5.4979086,-0.4492898,0.13199338,-0.88358158,0
-3.0053642,2.3732407,6.8541217,-0.88583559,-0.19413207,0.42143559,0
-2.0401254,-3.0659258,-5.0034833,-0.4492898,0.13199338,-0.88358158,0
-5.8430858,-5.0803995,-3.4790244,-0.4492898,0.13199338,-0.88358158,0
-1.7454209,3.6182351,-4.2782745,-0.4492898,0.13199338,-0.88358158,0
5.0346508,2.7164571,3.5425825,0.4492898,-0.13199338,0.88358158,0
-3.142674,4.5872016,0.62390709,-0.11590482,0.97205478,0.20414601,0
4.1143255,-1.024855,-3.5695813,0.88583559,0.19413207,-0.42143559,0
-4.2256575,-1.7482867,-3.8047833,-0.4492898,0.13199338,-0.88358158,0
-3.0063531,2.7228475,6.6359491,-0.88583559,-0.19413207,0.42143559,0
-3.0415711,-5.8140607,1.1939659,0.11590482,-0.97205478,-0.20414601,0
5.1034184,1.5109797,-0.27773166,0.88583559,0.19413207,-0.42143559,0
2.5343354,-4.2102327,-3.2837029,0.11590482,-0.97205478,-0.20414601,0
-4.2625794,1.2316481,3.4172261,-0.88583559,-0.19413207,0.42143559,0
-0.65634513,1.8544682,-5.0324297,-0.4492898,0.13199338,-0.88358158,0
4.2817965,-4.0205808,-2.9203572,0.11590482,-0.97205478,-0.20414601,0
-5.7219281,4.2595987,1.2806222,-0.11590482,0.97205478,0.20414601,0
-1.4728715,0.95679617,-4.7549229,-0.4492898,0.13199338,-0.88358158,0
5.1358814,-2.9016588,2.662384,0.4492898,-0.13199338,0.88358158,0
0.25683951,-2.8610127,5.0802321,0.4492898,-0.13199338,0.88358158,0
-4.358902,2.2646868,3.6725302,-0.88583559,-0.19413207,0.42143559,0
-3.1799657,-2.8084812,-4.5058389,-0.4492898,0.13199338,-0.88358158,0
-2.6014359,3.163574,7.5111318,0.4492898,-0.13199338,0.88358158,0
4.3822308,2.6490881,-1.495281,0.88583559,0.19413207,-0.42143559,0
0.79122519,-2.5044446,4.8854675,0.4492898,-0.13199338,0.88358158,0
5.6607084,-2.3940086,-1.0938652,0.88583559,0.19413207,-0.42143559,0
-2.6391926,-4.3219428,-4.9117732,-0.4492898,0.13199338,-0.88358158,0
-0.41073179,2.6551089,-5.1251149,-0.4492898,0.13199338,-0.88358158,0
3.3588669,2.4504313,4.2798686,0.4492898,-0.13199338,0.88358158,0
-1.0984726,-4.8391266,5.4690132,0.4492898,-0.13199338,0.88358158,0
-0.95558929,1.3582418,-5.0537581,-0.4492898,0.13199338,-0.88358158,0
4.2678323,-3.1234436,-4.3876824,0.88583559,0.19413207,-0.42143559,0
2.0941651,-0.68415147,-6.7744718,-0.4492898,0.13199338,-0.88358158,0
0.48737288,-2.6624141,-6.2213588,-0.4492898,0.13199338,-0.88358158,0
2.5298305,4.1750789,-4.6493273,0.88583559,0.19413207,-0.42143559,0
3.8568316,5.7777972,-1.207655,0.88583559,0.19413207,-0.42143559,0
1.5382445,-3.8405285,4.303535,0.4492898,-0.13199338,0.88358158,0
-6.7068429,3.2175655,-1.670642,-0.4492898,0.13199338,-0.88358158,0
2.5825336,1.8145938,-5.3754539,0.88583559,0.19413207,-0.42143559,0
2.3361127,5.7526355,-1.2936182,-0.11590482,0.97205478,0.20414601,0
-2.6539078,-4.8155255,4.1989794,-0.88583559,-0.19413207,0.42143559,0
-6.6017675,1.0155791,-2.1831768,-0.4492898,0.13199338,-0.88358158,0
0.66472197,-3.3093591,-6.602499,-0.4492898,0.13199338,-0.88358158,0
-5.0364828,4.3249102,1.4975669,-0.11590482,0.97205478,0.20414601,0
-5.4221902,-2.3532391,-0.80321121,-0.88583559,-0.19413207,0.42143559,0
-6.1789274,2.202491,-2.1051278,-0.4492898,0.13199338,-0.88358158,0
-5.1585283,4.5727901,-2.3258955,-0.4492898,0.13199338,-0.88358158,0
-5.1055026,4.1785932,1.5675945,-0.11590482,0.97205478,0.20414601,0
4.4187264,-4.6658721,0.47453797,0.11590482,-0.97205478,-0.20414601,0
2.0057151,-4.8835845,0.11686662,0.11590482,-0.97205478,-0.20414601,0
2.8853781,-1.2183921,3.9365804,0.4492898,-0.13199338,0.88358158,0
1.4354129,-5.6559176,3.3111067,0.11590482,-0.97205478,-0.20414601,0
2.6517243,-4.4739685,-1.4401799,0.11590482,-0.97205478,-0.20414601,0
2.1847262,-5.0411367,0.93049544,0.11590482,-0.97205478,-0.20414601,0
-1.0278805,-1.2882237,6.0157375,0.4492898,-0.13199338,0.88358158,0
1.5812263,5.4641972,-5.5941362,-0.4492898,0.13199338,-0.88358158,0
2.1811831,-4.2795277,-2.925859,0.11590482,-0.97205478,-0.20414601,0
4.2612271,-0.27627721,-3.2195406,0.88583559,0.19413207,-0.42143559,0
-5.671566,4.6089211,-1.064741,-0.11590482,0.97205478,0.20414601,0
-4.8688412,-4.9477339,-0.54989219,-0.88583559,-0.19413207,0.42143559,0
-2.8685951,5.0731845,-0.85122204,-0.11590482,0.97205478,0.20414601,0
3.5104275,-3.8750501,-4.2109208,0.11590482,-0.97205478,-0.20414601,0
-1.4159099,-3.8713713,5.8582535,0.4492898,-0.13199338,0.88358158,0
-0.78930664,-0.53704947,-5.2849674,-0.4492898,0.13199338,-0.88358158,0
-4.2232828,-2.919785,-3.9841096,-0.4492898,0.13199338,-0.88358158,0
4.1004858,4.763638,-0.88601017,0.88583559,0.19413207,-0.42143559,0
4.9550905,-4.7194967,0.71910739,0.11590482,-0.97205478,-0.20414601,0
-1.5180113,3.9162166,5.0550542,-0.11590482,0.97205478,0.20414601,0
-2.981133,-0.17588437,-4.1556334,-0.4492898,0.13199338,-0.88358158,0
4.3910499,0.57209742,-2.6023667,0.88583559,0.19413207,-0.42143559,0
5.9532437,1.0496211,0.93664908,0.88583559,0.19413207,-0.42143559,0
-6.5163221,3.3313503,-1.874207,-0.4492898,0.13199338,-0.88358158,0
0.81007099,-0.74191415,-6.1418071,-0.4492898,0.13199338,-0.88358158,0
1.8849437,5.6440611,-0.82552087,-0.11590482,0.97205478,0.20414601,0
-0.055900097,-5.9248648,4.7416849,0.4492898,-0.13199338,0.88358158,0
-0.15047991,-4.4371881,-3.3491571,0.11590482,-0.97205478,-0.20414601,0
-0.75898767,-5.9288797,2.9994826,0.11590482,-0.97205478,-0.20414601,0
-0.69886351,-4.1247091,-4.994216,0.11590482,-0.97205478,-0.20414601,0
3.8612685,5.3541331,0.90717399,-0.11590482,0.97205478,0.20414601,0
7.0487175,-3.5199184,1.5233356,0.88583559,0.19413207,-0.42143559,0
5.2801065,-0.27892393,2.9422102,0.4492898,-0.13199338,0.88358158,0
-1.5780978,-4.4405742,-3.7753592,0.11590482,-0.97205478,-0.20414601,0
-5.0325851,4.6551838,-0.51138282,-0.11590482,0.97205478,0.20414601,0
5.2835484,-1.2708052,-1.3486898,0.88583559,0.19413207,-0.42143559,0
-3.9500179,-1.3224003,3.0561996,-0.88583559,-0.19413207,0.42143559,0
0.85851121,-1.7993581,-6.2722182,-0.4492898,0.13199338,-0.88358158,0
-5.8696194,0.63779837,-0.12968683,-0.88583559,-0.19413207,0.42143559,0
-0.73784781,3.7863286,6.3816504,-0.11590482,0.97205478,0.20414601,0
-5.5000215,3.1353316,1.9154694,-0.88583559,-0.19413207,0.42143559,0
5.5660033,0.241586,-0.032351494,0.88583559,0.19413207,-0.42143559,0
-2.1598666,-5.1319342,-1.5377417,0.11590482,-0.97205478,-0.20414601,0
-2.7394645,0.13645053,6.0306644,-0.88583559,-0.19413207,0.42143559,0
-5.79807,-3.4175775,-2.121526,-0.88583559,-0.19413207,0.42143559,0
-5.1839914,-1.5427493,0.21688533,-0.88583559,-0.19413207,0.42143559,0
-5.6167345,-3.8094251,-1.5827024,-0.88583559,-0.19413207,0.42143559,0
6.442728,-2.8275754,2.0326722,0.4492898,-0.13199338,0.88358158,0
-0.019493341,4.0578532,-4.9411416,-0.4492898,0.13199338,-0.88358158,0
0.84575963,4.7031522,2.8378944,-0.11590482,0.97205478,0.20414601,0
-6.5022697,1.2871966,-1.1293454,-0.88583559,-0.19413207,0.42143559,0
-2.7555861,-5.2952724,-0.38967788,0.11590482,-0.97205478,-0.20414601,0
1.9973001,4.8155313,-5.4081769,0.88583559,0.19413207,-0.42143559,0
3.7021682,-3.9428978,3.2301121,0.4492898,-0.13199338,0.88358158,0
-2.2554674,5.0792055,-0.88035369,-0.11590482,0.97205478,0.20414601,0
2.1817775,4.4428973,4.8075013,-0.11590482,0.97205478,0.20414601,0
6.7685347,-2.9475212,0.8244071,0.88583559,0.19413207,-0.42143559,0
4.2342005,-1.9835243,-4.0918736,0.88583559,0.19413207,-0.42143559,0
5.4727974,-4.8688593,1.9687198,0.11590482,-0.97205478,-0.20414601,0
0.061762691,4.4348774,3.1238294,-0.11590482,0.97205478,0.20414601,0
-5.9491673,-4.2353678,-2.4294233,-0.88583559,-0.19413207,0.42143559,0
-3.1725333,1.275068,5.5631227,-0.88583559,-0.19413207,0.42143559,0
3.1099713,0.0071849823,4.1507382,0.4492898,-0.13199338,0.88358158,0
-6.4518232,3.2919819,-0.15087938,-0.88583559,-0.19413207,0.42143559,0
4.5888939,-4.9573488,2.0309799,0.11590482,-0.97205478,-0.20414601,0
-2.1604614,-3.9724321,-5.2321868,-0.4492898,0.13199338,-0.88358158,0
2.8307474,-3.2509043,-7.2326112,0.88583559,0.19413207,-0.42143559,0
3.1231084,0.65593421,-4.9957314,0.88583559,0.19413207,-0.42143559,0
0.40255904,2.8326404,5.9865041,0.4492898,-0.13199338,0.88358158,0
0.95061219,5.567585,-1.7597039,-0.11590482,0.97205478,0.20414601,0
3.1181273,-3.7859232,-4.7797174,0.11590482,-0.97205478,-0.20414601,0
3.6973221,3.7025187,-2.4702437,0.88583559,0.19413207,-0.42143559,0
1.3226795,4.1373405,5.2073255,-0.11590482,0.97205478,0.20414601,0
-0.96631479,5.2954874,-1.5320181,-0.11590482,0.97205478,0.20414601,0
0.24237394,1.7282391,5.6931815,0.4492898,-0.13199338,0.88358158,0
-2.2472706,-4.8455925,4.9388924,-0.88583559,-0.19413207,0.42143559,0
-3.5785716,3.3047776,5.6948385,-0.88583559,-0.19413207,0.42143559,0
-2.8584254,-5.1442323,3.3760602,-0.88583559,-0.19413207,0.42143559,0
6.2976542,0.56436861,1.7529414,0.88583559,0.19413207,-0.42143559,0
3.3790665,1.5768584,-4.2095594,0.88583559,0.19413207,-0.42143559,0
4.6093845,-3.4186456,-3.6069293,0.88583559,0.19413207,-0.42143559,0
-3.2239029,1.3834772,-3.890409,-0.4492898,0.13199338,-0.88358158,0
0.93968296,0.24994886,-6.1196637,-0.4492898,0.13199338,-0.88358158,0
1.5065589,-3.6252553,-6.2769642,0.11590482,-0.97205478,-0.20414601,0
-4.7824945,2.5679855,2.8449914,-0.88583559,-0.19413207,0.42143559,0
-3.27003,0.89247656,-3.828454,-0.4492898,0.13199338,-0.88358158,0
-5.1804981,-1.3723743,-3.3315063,-0.4492898,0.13199338,-0.88358158,0
0.35356498,4.2779207,4.0538511,-0.11590482,0.97205478,0.20414601,0
0.56327629,4.1242642,4.7811327,-0.11590482,0.97205478,0.20414601,0
1.1217849,-5.412714,4.2860937,0.4492898,-0.13199338,0.88358158,0
-0.5880183,5.7497544,-2.9320416,-0.11590482,0.97205478,0.20414601,0
-3.6272359,-5.2361584,-1.8187642,0.11590482,-0.97205478,-0.20414601,0
5.9991064,-2.507035,-0.45465541,0.88583559,0.19413207,-0.42143559,0
0.11178041,5.5089731,-1.8564098,-0.11590482,0.97205478,0.20414601,0
2.9917486,-5.4013157,2.9246335,0.11590482,-0.97205478,-0.20414601,0
1.3552251,5.9695687,-3.1229384,-0.11590482,0.97205478,0.20414601,0
1.8779874,-3.7008018,-5.7450285,0.11590482,-0.97205478,-0.20414601,0
3.2175472,-1.2505589,-5.6151886,0.88583559,0.19413207,-0.42143559,0
1.8952489,5.4860158,-5.4866762,0.88583559,0.19413207,-0.42143559,0
-3.1288395,-4.206665,3.440192,-0.88583559,-0.19413207,0.42143559,0
4.9471302,4.6784778,0.6626544,0.88583559,0.19413207,-0.42143559,0
-3.9504306,-0.50521916,3.151758,-0.88583559,-0.19413207,0.42143559,0
-6.2758722,-2.3677862,-2.3495519,-0.88583559,-0.19413207,0.42143559,0
-3.9631882,1.372081,-3.5371985,-0.4492898,0.13199338,-0.88358158,0
-1.5604939,4.3652148,2.5787699,-0.11590482,0.97205478,0.20414601,0
-0.092377186,5.0394688,-4.9568539,-0.4492898,0.13199338,-0.88358158,0
0.39446759,-2.9023221,4.9294205,0.4492898,-0.13199338,0.88358158,0
-1.1932622,-1.7057514,6.0130739,0.4492898,-0.13199338,0.88358158,0
-2.0520544,-4.7057467,-3.5287938,0.11590482,-0.97205478,-0.20414601,0
-1.8756441,4.6750636,1.631084,-0.11590482,0.97205478,0.20414601,0
0.20879769,-4.7498322,4.7602072,0.4492898,-0.13199338,0.88358158,0
-0.61896253,-5.5872602,2.0513525,0.11590482,-0.97205478,-0.20414601,0
-0.41412282,-3.8823209,-5.9739966,-0.4492898,0.13199338,-0.88358158,0
5.1385798,0.79612982,-0.59110141,0.88583559,0.19413207,-0.42143559,0
0.81460804,5.7790489,-2.3777704,-0.11590482,0.97205478,0.20414601,0
1.4054539,5.0721974,1.3810681,-0.11590482,0.97205478,0.20414601,0
0.57144213,-3.6076903,-6.3983407,-0.4492898,0.13199338,-0.88358158,0
1.2318448,4.6110792,-5.672657,-0.4492898,0.13199338,-0.88358158,0
3.8257298,-1.2111478,-4.2678022,0.88583559,0.19413207,-0.42143559,0
2.3028865,6.1841397,-4.0870805,0.88583559,0.19413207,-0.42143559,0
4.4708233,-3.2821705,2.8943219,0.4492898,-0.13199338,0.88358158,0
-5.7821069,-4.6759205,-2.6673627,-0.88583559,-0.19413207,0.42143559,0
-2.4358561,3.9271696,4.8312879,-0.11590482,0.97205478,0.20414601,0
3.9228148,3.1995926,-2.1733654,0.88583559,0.19413207,-0.42143559,0
3.0386267,2.1461148,-4.3403831,0.88583559,0.19413207,-0.42143559,0
-5.6803703,4.14923,1.8437834,-0.11590482,0.97205478,0.20414601,0
-3.2211134,3.3665469,6.3139272,-0.11590482,0.97205478,0.20414601,0
0.33906198,-0.75471872,5.4690585,0.4492898,-0.13199338,0.88358158,0
6.7788067,-3.6368532,0.73767471,0.88583559,0.19413207,-0.42143559,0
-4.3722038,-3.5058451,-4.0553308,-0.4492898,0.13199338,-0.88358158,0
-0.69146657,3.6118877,-4.6815648,-0.4492898,0.13199338,-0.88358158,0
-2.8453181,-5.870152,3.0337291,-0.88583559,-0.19413207,0.42143559,0
-3.2081859,0.75492299,5.5428562,-0.88583559,-0.19413207,0.42143559,0
-6.470727,0.31990266,-1.4730327,-0.88583559,-0.19413207,0.42143559,0
-2.383172,-5.7280478,1.6122963,0.11590482,-0.97205478,-0.20414601,0
-1.2177633,-5.4472032,0.70962,0.11590482,-0.97205478,-0.20414601,0
1.1613266,5.7186403,-2.5616033,-0.11590482,0.97205478,0.20414601,0
-3.7383623,1.2654104,4.6017685,-0.88583559,-0.19413207,0.42143559,0
-2.9356227,-2.4845304,-4.6370139,-0.4492898,0.13199338,-0.88358158,0
2.7643106,0.068490386,-6.2438645,0.88583559,0.19413207,-0.42143559,0
-2.546175,-4.3457146,-5.0006762,0.11590482,-0.97205478,-0.20414601,0
5.2670426,-1.0764095,-1.3783612,0.88583559,0.19413207,-0.42143559,0
1.8536749,2.9977295,-6.0993986,-0.4492898,0.13199338,-0.88358158,0
-1.5778768,5.2840934,-3.9825077,-0.4492898,0.13199338,-0.88358158,0
-3.3259201,1.4112275,5.4493246,-0.88583559,-0.19413207,0.42143559,0
-0.41662812,-2.3217826,-5.7721844,-0.4492898,0.13199338,-0.88358158,0
-4.1840658,-0.32429481,-3.4747262,-0.4492898,0.13199338,-0.88358158,0
3.7602184,5.1226206,-1.6521077,0.88583559,0.19413207,-0.42143559,0
3.836592,-0.71786582,3.6758072,0.4492898,-0.13199338,0.88358158,0
0.41102469,5.7808285,-5.0408163,-0.4492898,0.13199338,-0.88358158,0
-1.3836298,3.8077657,5.5597439,-0.11590482,0.97205478,0.20414601,0
-6.3145623,2.4031098,-0.39938188,-0.88583559,-0.19413207,0.42143559,0
-5.3798494,1.6793827,1.5441225,-0.88583559,-0.19413207,0.42143559,0
-1.1273093,-2.4954014,-5.3922625,-0.4492898,0.13199338,-0.88358158,0
-2.2471669,4.5022678,2.1431241,-0.11590482,0.97205478,0.20414601,0
4.616117,0.7849685,-1.5755005,0.88583559,0.19413207,-0.42143559,0
1.0028433,3.4570343,-5.5755992,-0.4492898,0.13199338,-0.88358158,0
5.3256593,1.7326093,0.026388884,0.88583559,0.19413207,-0.42143559,0
-5.5273271,-1.3262789,-0.40336561,-0.88583559,-0.19413207,0.42143559,0
-5.0204043,-5.3175173,-2.106452,0.11590482,-0.97205478,-0.20414601,0
0.6899423,-4.2969499,-3.1768117,0.11590482,-0.97205478,-0.20414601,0
-6.7779236,1.4192073,-1.8514875,-0.88583559,-0.19413207,0.42143559,0
-1.3169299,-6.3127184,5.1747351,0.11590482,-0.97205478,-0.20414601,0
4.8636842,5.3823771,0.60123849,0.88583559,0.19413207,-0.42143559,0
4.5768337,4.9405456,3.7350087,-0.11590482,0.97205478,0.20414601,0
-2.808434,2.0493495,7.0681171,-0.88583559,-0.19413207,0.42143559,0
-5.4158831,0.43700334,-2.8081496,-0.4492898,0.13199338,-0.88358158,0
0.71919274,-0.66498333,5.2691798,0.4492898,-0.13199338,0.88358158,0
4.9385014,-2.6377017,2.7614567,0.4492898,-0.13199338,0.88358158,0
-3.9962494,-4.3790226,1.6035018,-0.88583559,-0.19413207,0.42143559,0
-2.8630342,1.559368,6.6071157,-0.88583559,-0.19413207,0.42143559,0
6.7206502,-3.0866342,0.87509716,0.88583559,0.19413207,-0.42143559,0
-4.2788196,-4.6782146,0.64868426,-0.88583559,-0.19413207,0.42143559,0
-2.9706678,-0.47568148,5.2904062,-0.88583559,-0.19413207,0.42143559,0
-0.67657447,2.7258172,6.3661919,0.4492898,-0.13199338,0.88358158,0
4.9923239,5.3501186,2.3215163,-0.11590482,0.97205478,0.20414601,0
-0.92986846,-6.1876769,4.7123141,0.11590482,-0.97205478,-0.20414601,0
-3.7449083,-5.3238873,-1.2909994,0.11590482,-0.97205478,-0.20414601,0
-6.3326797,4.0872626,0.36528969,-0.88583559,-0.19413207,0.42143559,0
-5.0994287,-3.1113849,-0.12517166,-0.88583559,-0.19413207,0.42143559,0
-0.055045605,-5.5280089,1.9870026,0.11590482,-0.97205478,-0.20414601,0
-5.7929726,0.68519104,-0.04421854,-0.88583559,-0.19413207,0.42143559,0
1.0420401,-4.4022441,4.5266104,0.4492898,-0.13199338,0.88358158,0
0.60926533,-4.2471151,-3.871419,0.11590482,-0.97205478,-0.20414601,0
-4.6758862,-3.4640179,-3.8017397,-0.4492898,0.13199338,-0.88358158,0
4.3155851,4.8484941,3.8474817,-0.11590482,0.97205478,0.20414601,0
5.2506971,4.9924126,3.5976243,-0.11590482,0.97205478,0.20414601,0
1.3015616,5.9503169,-2.6167057,-0.11590482,0.97205478,0.20414601,0
5.7707486,4.4069686,2.2745292,0.88583559,0.19413207,-0.42143559,0
-2.4098787,-4.3790388,-5.0120769,0.11590482,-0.97205478,-0.20414601,0
4.5835614,5.2913122,2.2401509,-0.11590482,0.97205478,0.20414601,0
-2.9441202,0.96995664,-3.9345002,-0.4492898,0.13199338,-0.88358158,0
2.3219817,5.4374747,0.39542603,-0.11590482,0.97205478,0.20414601,0
1.1717205,2.0205135,-5.9315233,-0.4492898,0.13199338,-0.88358158,0
-2.7591627,2.1330278,6.9923182,-0.88583559,-0.19413207,0.42143559,0
4.376163,4.4574013,4.1748843,0.4492898,-0.13199338,0.88358158,0
-3.2104547,1.605161,-3.6788507,-0.4492898,0.13199338,-0.88358158,0
6.5952449,-1.2178111,2.0435302,0.4492898,-0.13199338,0.88358158,0
-2.0454719,-4.3962526,-4.56635,0.11590482,-0.97205478,-0.20414601,0
1.5332541,3.5334158,-5.9747081,-0.4492898,0.13199338,-0.88358158,0
1.0492579,-3.7642014,-5.5481553,0.11590482,-0.97205478,-0.20414601,0
-2.0847921,-5.1159658,-1.4940501,0.11590482,-0.97205478,-0.20414601,0
1.9794154,-3.2069898,4.2778053,0.4492898,-0.13199338,0.88358158,0
-3.8649921,3.4322052,5.3932304,-0.88583559,-0.19413207,0.42143559,0
0.82579136,5.1196561,0.83435231,-0.11590482,0.97205478,0.20414601,0
-4.8850718,-1.3972025,-3.4410446,-0.4492898,0.13199338,-0.88358158,0
6.4261208,-4.3231997,1.6505338,0.4492898,-0.13199338,0.88358158,0
-4.7951851,0.64811236,1.8753157,-0.88583559,-0.19413207,0.42143559,0
-3.8349319,4.5002894,1.3224052,-0.11590482,0.97205478,0.20414601,0
0.47977918,-5.1558633,0.12777126,0.11590482,-0.97205478,-0.20414601,0
-3.6695602,-1.7797233,-4.1031933,-0.4492898,0.13199338,-0.88358158,0
-1.6575227,2.4360917,6.7825456,0.4492898,-0.13199338,0.88358158,0
-3.4076092,-5.2373214,-1.8760157,0.11590482,-0.97205478,-0.20414601,0
-2.8756981,-0.4035657,5.6581039,-0.88583559,-0.19413207,0.42143559,0
1.3840421,-2.629024,-6.7169948,-0.4492898,0.13199338,-0.88358158,0
-3.1417615,4.6430125,0.76218319,-0.11590482,0.97205478,0.20414601,0
5.8517952,-2.7114244,-0.99932313,0.88583559,0.19413207,-0.42143559,0
-0.8892405,-0.19639826,-5.2059202,-0.4492898,0.13199338,-0.88358158,0
-2.667521,-2.7410674,4.7628813,-0.88583559,-0.19413207,0.42143559,0
1.7791269,-3.2338052,-7.1226263,-0.4492898,0.13199338,-0.88358158,0
5.3277078,-1.0068511,-0.89684558,0.88583559,0.19413207,-0.42143559,0
5.8666744,2.4003053,1.595711,0.88583559,0.19413207,-0.42143559,0
-6.8560443,3.8270979,-0.77853084,-0.88583559,-0.19413207,0.42143559,0
3.5100038,0.25378776,3.8032713,0.4492898,-0.13199338,0.88358158,0
0.43021965,-3.9044478,-5.9331102,0.11590482,-0.97205478,-0.20414601,0
0.69600439,-5.6420035,2.4254882,0.11590482,-0.97205478,-0.20414601,0
-1.4919937,-5.8473487,2.4662781,0.11590482,-0.97205478,-0.20414601,0
0.99295878,5.6691561,-1.9439158,-0.11590482,0.97205478,0.20414601,0
-1.8017371,-2.6891696,-5.1559539,-0.4492898,0.13199338,-0.88358158,0
-2.6703413,-2.3547373,-4.5419044,-0.4492898,0.13199338,-0.88358158,0
-4.9301915,0.38373876,1.8085463,-0.88583559,-0.19413207,0.42143559,0
-2.1454046,-1.7946678,-4.8497992,-0.4492898,0.13199338,-0.88358158,0
4.8199658,-4.8767781,2.5435309,0.4492898,-0.13199338,0.88358158,0
-6.1940198,1.810927,-2.3065157,-0.4492898,0.13199338,-0.88358158,0
-1.1078691,4.6548996,-4.4417644,-0.4492898,0.13199338,-0.88358158,0
5.5609031,-4.5136657,0.062473297,0.11590482,-0.97205478,-0.20414601,0
5.4496222,-4.9049931,1.8830616,0.11590482,-0.97205478,-0.20414601,0
1.0269415,4.1352849,5.6587286,-0.11590482,0.97205478,0.20414601,0
-2.8144722,-5.5557013,0.54611158,0.11590482,-0.97205478,-0.20414601,0
-3.5153587,-5.5151567,0.0010595322,0.11590482,-0.97205478,-0.20414601,0
0.16838908,4.249723,4.4452267,-0.11590482,0.97205478,0.20414601,0
-6.4696364,4.4018102,-0.4913249,-0.11590482,0.97205478,0.20414601,0
-1.1486326,5.5440025,-2.6399062,-0.11590482,0.97205478,0.20414601,0
0.95551729,-1.4358473,4.9481072,0.4492898,-0.13199338,0.88358158,0
-2.987684,4.4613419,1.9049524,-0.11590482,0.97205478,0.20414601,0
2.5584655,4.5219655,3.9506309,-0.11590482,0.97205478,0.20414601,0
2.2833552,-2.4449716,-7.1361237,-0.4492898,0.13199338,-0.88358158,0
-0.70997488,5.6255918,-2.6556189,-0.11590482,0.97205478,0.20414601,0
0.78119135,-2.5675943,-6.4796104,-0.4492898,0.13199338,-0.88358158,0
-6.0122557,-4.3574328,-2.5652695,-0.88583559,-0.19413207,0.42143559,0
-3.0766177,3.942956,3.8946819,-0.11590482,0.97205478,0.20414601,0
-1.565685,-4.7036824,5.6948328,0.4492898,-0.13199338,0.88358158,0
6.7849922,0.1528849,2.2424033,0.88583559,0.19413207,-0.42143559,0
-5.5316143,-4.1129918,-1.5650952,-0.88583559,-0.19413207,0.42143559,0
-6.2580152,2.0168254,-0.48768711,-0.88583559,-0.19413207,0.42143559,0
3.9244146,4.8519902,-1.4687557,0.88583559,0.19413207,-0.42143559,0
6.4249382,0.17784435,1.6603057,0.88583559,0.19413207,-0.42143559,0
2.3238196,-4.8067536,-0.38192916,0.11590482,-0.97205478,-0.20414601,0
6.8707566,-4.2039785,0.64478946,0.88583559,0.19413207,-0.42143559,0
-3.0306506,-4.3628092,-4.7650304,-0.4492898,0.13199338,-0.88358158,0
0.28579092,-5.8354454,3.0735936,0.11590482,-0.97205478,-0.20414601,0
3.375066,-3.0196023,3.4779348,0.4492898,-0.13199338,0.88358158,0
3.1021447,5.0861735,2.2163882,-0.11590482,0.97205478,0.20414601,0
-0.46570504,4.6672883,2.187762,-0.11590482,0.97205478,0.20414601,0
1.5465816,5.5485735,-0.5896641,-0.11590482,0.97205478,0.20414601,0
1.5357575,1.3833221,5.0092659,0.4492898,-0.13199338,0.88358158,0
3.1681056,5.1315923,-2.9631648,0.88583559,0.19413207,-0.42143559,0
5.1602421,-3.9866488,-2.3411882,0.11590482,-0.97205478,-0.20414601,0
2.2691078,4.9382062,2.588876,-0.11590482,0.97205478,0.20414601,0
3.9853101,0.74434936,-3.1783278,0.88583559,0.19413207,-0.42143559,0
5.878674,-4.3437395,2.0619466,0.4492898,-0.13199338,0.88358158,0
-0.86102152,-5.9055243,3.5216177,0.11590482,-0.97205478,-0.20414601,0
-4.0360432,-4.2441621,1.6219223,-0.88583559,-0.19413207,0.42143559,0
-3.1934812,0.50045109,5.3905258,-0.88583559,-0.19413207,0.42143559,0
2.0292087,5.4935617,-5.061295,0.88583559,0.19413207,-0.42143559,0
-0.58828974,4.4769073,2.6766112,-0.11590482,0.97205478,0.20414601,0
-1.149895,4.406188,3.2538533,-0.11590482,0.97205478,0.20414601,0
6.2890997,-0.9091661,2.3675511,0.4492898,-0.13199338,0.88358158,0
0.91335297,-3.7694132,-5.9383721,0.11590482,-0.97205478,-0.20414601,0
1.9607322,-3.7632766,-5.8481617,0.11590482,-0.97205478,-0.20414601,0
