-4.1512742,-3.0952115,0.38650823,-0.79883605,-0.26114732,-0.54190683,0
-2.3801901,0.59295976,-4.2494678,-0.79883605,-0.26114732,-0.54190683,0
-4.0521464,-3.0698571,2.149539,-0.07049036,-0.85400838,0.51546162,0
5.3845115,-3.258235,0.91591907,0.79883605,0.26114732,0.54190683,0
-3.9755735,-1.3481147,3.9803846,-0.59740442,0.44996858,0.66380435,0
-2.4489615,-1.4960781,5.0586443,-0.07049036,-0.85400838,0.51546162,0
0.20131874,-5.8973041,-1.9498203,-0.07049036,-0.85400838,0.51546162,0
1.8748279,-3.1216292,2.8893955,-0.07049036,-0.85400838,0.51546162,0
4.9928122,3.0805845,-1.3803599,0.79883605,0.26114732,0.54190683,0
-3.5318348,1.3427951,2.7945356,-0.59740442,0.44996858,0.66380435,0
1.9392846,-3.1545324,-3.0064659,0.59740442,-0.44996858,-0.66380435,0
-3.8246818,0.84647131,2.7324963,-0.59740442,0.44996858,0.66380435,0
-4.4401999,4.4527164,-0.22211361,-0.59740442,0.44996858,0.66380435,0
-1.869832,3.1184087,-2.7762294,0.07049036,0.85400838,-0.51546162,0
-0.53862858,0.01940088,6.2401123,-0.59740442,0.44996858,0.66380435,0
-1.0218604,-0.85945439,6.297081,-0.07049036,-0.85400838,0.51546162,0
3.1404819,1.6392462,-4.7197342,0.07049036,0.85400838,-0.51546162,0
1.1412387,-4.1076927,1.2307763,-0.07049036,-0.85400838,0.51546162,0
1.0439322,-0.20421819,-5.8505797,0.59740442,-0.44996858,-0.66380435,0
0.47653198,-0.76691991,6.403707,-0.07049036,-0.85400838,0.51546162,0
5.5239506,-3.2375553,0.83970594,0.79883605,0.26114732,0.54190683,0
4.6603503,-1.4388969,-1.5482934,0.59740442,-0.44996858,-0.66380435,0
0.55643058,2.1906712,-4.0761051,0.07049036,0.85400838,-0.51546162,0
-0.2780394,-3.1176729,-4.807878,0.59740442,-0.44996858,-0.66380435,0
1.4622228,0.99641848,4.8579817,0.79883605,0.26114732,0.54190683,0
0.1979599,-5.3142204,-0.90177423,-0.07049036,-0.85400838,0.51546162,0
-2.0488391,-2.8394568,-2.9835153,-0.79883605,-0.26114732,-0.54190683,0
-3.7856636,0.48101044,3.0530655,-0.59740442,0.44996858,0.66380435,0
2.8719547,1.5746944,-4.6385345,0.07049036,0.85400838,-0.51546162,0
-1.79603,-4.024456,-2.8737683,-0.79883605,-0.26114732,-0.54190683,0
-3.7423372,4.5761986,0.16551995,-0.59740442,0.44996858,0.66380435,0
2.2161169,4.761189,0.60680413,0.07049036,0.85400838,-0.51546162,0
4.8279438,-0.34213257,-2.0657752,0.59740442,-0.44996858,-0.66380435,0
-3.3593657,-4.3553715,-0.2272166,-0.79883605,-0.26114732,-0.54190683,0
3.8579817,0.99154854,1.3751783,0.79883605,0.26114732,0.54190683,0
-0.11159563,-2.1302822,4.3491998,-0.07049036,-0.85400838,0.51546162,0
-2.7684963,3.1034355,2.1115086,-0.59740442,0.44996858,0.66380435,0
3.6099944,0.12137628,-3.5120153,0.59740442,-0.44996858,-0.66380435,0
4.6535649,-0.48054457,-2.2401054,0.59740442,-0.44996858,-0.66380435,0
3.3132882,1.6615288,-4.3688297,0.07049036,0.85400838,-0.51546162,0
3.6895881,-3.2397757,-1.3194487,0.59740442,-0.44996858,-0.66380435,0
-3.8915682,-0.025406122,-1.4639819,-0.79883605,-0.26114732,-0.54190683,0
0.29739743,-3.6546166,-3.980094,0.59740442,-0.44996858,-0.66380435,0
-5.70186,0.10652828,1.5027831,-0.59740442,0.44996858,0.66380435,0
-4.9251842,2.599556,-1.504648,-0.79883605,-0.26114732,-0.54190683,0
-4.7510281,-2.0399995,0.48451424,-0.79883605,-0.26114732,-0.54190683,0
4.6421371,1.303458,-3.4153602,0.59740442,-0.44996858,-0.66380435,0
-1.5562036,-4.552928,-0.11211717,-0.07049036,-0.85400838,0.51546162,0
-5.0403981,0.46232533,1.9979296,-0.59740442,0.44996858,0.66380435,0
-4.5518188,4.1478395,-1.6929758,0.07049036,0.85400838,-0.51546162,0
-4.5162368,-2.9445248,2.3818822,-0.07049036,-0.85400838,0.51546162,0
3.6524286,-4.3812947,1.1587417,-0.07049036,-0.85400838,0.51546162,0
0.94001245,-1.0499855,5.9569716,-0.07049036,-0.85400838,0.51546162,0
5.7413712,1.9187551,-2.9208052,0.59740442,-0.44996858,-0.66380435,0
3.1947234,3.6449118,0.79309976,0.79883605,0.26114732,0.54190683,0
-0.89963531,-4.9102316,-0.62487543,-0.07049036,-0.85400838,0.51546162,0
4.1263595,2.7960131,-0.20975542,0.79883605,0.26114732,0.54190683,0
2.9744186,2.7693074,-2.6586068,0.07049036,0.85400838,-0.51546162,0
-2.6451514,3.883348,1.7471478,-0.59740442,0.44996858,0.66380435,0
-1.9431474,-3.4077592,1.6635261,-0.07049036,-0.85400838,0.51546162,0
5.2881627,-3.9833143,0.8270123,0.59740442,-0.44996858,-0.66380435,0
0.58099818,-1.3463928,-5.4316473,0.59740442,-0.44996858,-0.66380435,0
0.91901624,2.3382311,4.8328924,0.79883605,0.26114732,0.54190683,0
-2.2487583,4.6122999,-0.32100618,0.07049036,0.85400838,-0.51546162,0
-5.6772699,-1.6862612,2.8610425,-0.59740442,0.44996858,0.66380435,0
-3.4918396,2.0766864,-3.2201614,-0.79883605,-0.26114732,-0.54190683,0
5.8648396,-1.279418,-0.6062324,0.59740442,-0.44996858,-0.66380435,0
5.1255593,-0.7264657,0.14497972,0.79883605,0.26114732,0.54190683,0
-0.80744267,-1.4759723,5.0906734,-0.07049036,-0.85400838,0.51546162,0
-4.7450657,0.090693712,2.3322787,-0.59740442,0.44996858,0.66380435,0
4.9494786,3.3534427,-1.5320184,0.79883605,0.26114732,0.54190683,0
-2.357605,-5.1947603,-1.3664478,-0.79883605,-0.26114732,-0.54190683,0
-1.4832997,4.154604,-1.0028231,0.07049036,0.85400838,-0.51546162,0
-2.0698888,-1.7721511,4.3515224,-0.07049036,-0.85400838,0.51546162,0
-0.87602425,-4.1661677,-4.0012083,-0.79883605,-0.26114732,-0.54190683,0
3.0580995,-1.3813877,-3.2310352,0.59740442,-0.44996858,-0.66380435,0
-5.9135642,-0.15353823,1.5933776,-0.59740442,0.44996858,0.66380435,0
0.93418837,0.83551943,-6.12183,0.07049036,0.85400838,-0.51546162,0
-3.912498,3.2984807,-2.6926336,0.07049036,0.85400838,-0.51546162,0
-4.8047075,2.4176707,0.92868805,-0.59740442,0.44996858,0.66380435,0
-2.0536184,-1.3990431,-3.7731166,-0.79883605,-0.26114732,-0.54190683,0
1.2084665,-2.2308209,4.1825514,-0.07049036,-0.85400838,0.51546162,0
-3.119061,-0.0013771057,3.926403,-0.59740442,0.44996858,0.66380435,0
-3.4480319,1.0336003,2.9598682,-0.59740442,0.44996858,0.66380435,0
-0.75751805,-1.8317486,4.646162,-0.07049036,-0.85400838,0.51546162,0
-0.32518148,-4.6443439,-3.9825463,0.59740442,-0.44996858,-0.66380435,0
1.926369,1.8827329,-4.4559793,0.07049036,0.85400838,-0.51546162,0
1.6536112,4.6688046,0.0089641809,0.07049036,0.85400838,-0.51546162,0
-5.0512314,-3.0245118,2.1517379,-0.07049036,-0.85400838,0.51546162,0
0.38171646,3.5637641,4.8293238,-0.59740442,0.44996858,0.66380435,0
-1.8138762,2.8742528,3.2635536,-0.59740442,0.44996858,0.66380435,0
0.23033953,-4.7266054,-3.2220521,0.59740442,-0.44996858,-0.66380435,0
-0.298244,4.9353557,0.40498245,0.07049036,0.85400838,-0.51546162,0
-3.8086529,3.1187494,-3.0479724,0.07049036,0.85400838,-0.51546162,0
0.0014100075,-5.9494219,-2.8717506,0.59740442,-0.44996858,-0.66380435,0
0.53058553,3.4814448,-1.9234111,0.07049036,0.85400838,-0.51546162,0
-3.005357,3.9818523,1.384454,-0.59740442,0.44996858,0.66380435,0
0.83624411,-0.83925211,-5.353817,0.59740442,-0.44996858,-0.66380435,0
-0.55280471,1.792331,5.0976405,-0.59740442,0.44996858,0.66380435,0
-3.3354592,0.63075209,-2.8702149,-0.79883605,-0.26114732,-0.54190683,0
-0.14819264,-0.18683296,-6.8674736,0.59740442,-0.44996858,-0.66380435,0
2.3138099,3.6018491,-1.3360759,0.07049036,0.85400838,-0.51546162,0
-5.731699,0.98590755,0.64029098,-0.79883605,-0.26114732,-0.54190683,0
-0.55466223,-3.815424,1.2754842,-0.07049036,-0.85400838,0.51546162,0
-0.5935173,-6.3135099,-3.1072292,0.59740442,-0.44996858,-0.66380435,0
0.76696682,-4.0971727,1.2323778,-0.07049036,-0.85400838,0.51546162,0
1.1688457,4.6328268,0.095955789,0.07049036,0.85400838,-0.51546162,0
-2.1353302,-5.2445416,-1.3188907,-0.07049036,-0.85400838,0.51546162,0
1.6891475,0.78288722,-5.8961134,0.59740442,-0.44996858,-0.66380435,0
0.52862191,-0.54834807,-5.978765,0.59740442,-0.44996858,-0.66380435,0
-5.1855717,0.49646664,-0.019211769,-0.79883605,-0.26114732,-0.54190683,0
0.31517291,2.9484289,5.0990877,-0.59740442,0.44996858,0.66380435,0
3.7159114,-0.67790961,-3.0535419,0.59740442,-0.44996858,-0.66380435,0
-2.0664651,-2.9422579,-3.0629263,-0.79883605,-0.26114732,-0.54190683,0
2.0579915,3.0980744,2.8838639,0.79883605,0.26114732,0.54190683,0
-0.35056305,5.5547366,2.6067975,-0.59740442,0.44996858,0.66380435,0
-0.60158539,-2.2335825,3.9109533,-0.07049036,-0.85400838,0.51546162,0
-0.99303079,-0.41967404,-5.6691403,-0.79883605,-0.26114732,-0.54190683,0
1.4682281,-5.4584427,-1.7724458,0.59740442,-0.44996858,-0.66380435,0
-4.6395288,0.8007586,-0.99855602,-0.79883605,-0.26114732,-0.54190683,0
0.49725819,-3.5080364,2.0255938,-0.07049036,-0.85400838,0.51546162,0
-0.26613283,0.040448666,-7.0548697,-0.79883605,-0.26114732,-0.54190683,0
4.8470087,1.2091742,-0.19703722,0.79883605,0.26114732,0.54190683,0
-4.9152164,-1.34657,0.63087726,-0.79883605,-0.26114732,-0.54190683,0
-4.732851,0.38992929,-0.46313429,-0.79883605,-0.26114732,-0.54190683,0
3.7791672,-2.0877228,-1.9977064,0.59740442,-0.44996858,-0.66380435,0
1.9903584,-3.094209,3.0207264,-0.07049036,-0.85400838,0.51546162,0
0.41744617,-2.4199853,-4.9051499,0.59740442,-0.44996858,-0.66380435,0
-4.8272543,-2.2731686,0.72620726,-0.79883605,-0.26114732,-0.54190683,0
-0.10002613,0.62925488,-6.5704455,0.07049036,0.85400838,-0.51546162,0
-3.1339445,-2.3454316,-1.7869782,-0.79883605,-0.26114732,-0.54190683,0
3.4082308,3.6000624,-1.3183305,0.07049036,0.85400838,-0.51546162,0
-0.77566218,-2.7627387,-4.8951998,-0.79883605,-0.26114732,-0.54190683,0
-1.7514434,-2.9129515,2.5944581,-0.07049036,-0.85400838,0.51546162,0
-4.5172668,-2.3303368,3.4229012,-0.07049036,-0.85400838,0.51546162,0
1.5025058,-0.1205101,-5.3905039,0.59740442,-0.44996858,-0.66380435,0
4.8090863,3.3480496,-1.703733,0.07049036,0.85400838,-0.51546162,0
-3.8405795,-0.57011294,3.8276086,-0.59740442,0.44996858,0.66380435,0
2.4362297,-3.605494,2.0180037,-0.07049036,-0.85400838,0.51546162,0
3.340205,-3.9408689,-1.0236815,0.59740442,-0.44996858,-0.66380435,0
0.95665765,2.966176,4.6076794,0.79883605,0.26114732,0.54190683,0
-1.4859195,4.3590341,-0.74394351,0.07049036,0.85400838,-0.51546162,0
0.3251605,-5.5672455,-1.3298137,-0.07049036,-0.85400838,0.51546162,0
0.59744883,-3.5814388,-3.9083028,0.59740442,-0.44996858,-0.66380435,0
-6.1119003,-2.2208881,2.851536,-0.59740442,0.44996858,0.66380435,0
0.5528425,-3.791466,-3.6018276,0.59740442,-0.44996858,-0.66380435,0
-4.1995778,-0.84802055,3.6846139,-0.59740442,0.44996858,0.66380435,0
-1.3481114,-4.1504507,-3.4073813,-0.79883605,-0.26114732,-0.54190683,0
-4.5277948,-3.0877769,1.8906922,-0.07049036,-0.85400838,0.51546162,0
-3.6812336,0.27597857,-2.1440051,-0.79883605,-0.26114732,-0.54190683,0
-1.714653,0.92997444,-5.2126145,-0.79883605,-0.26114732,-0.54190683,0
4.3856673,0.5425024,-3.3209538,0.59740442,-0.44996858,-0.66380435,0
-0.76984859,0.028317645,6.0052691,-0.59740442,0.44996858,0.66380435,0
1.9860241,-2.0248902,-3.6488137,0.59740442,-0.44996858,-0.66380435,0
1.5010681,-1.0677001,5.617362,0.79883605,0.26114732,0.54190683,0
-1.5715504,-1.5708138,-4.2413568,-0.79883605,-0.26114732,-0.54190683,0
4.2156591,2.6605031,-2.9330602,0.07049036,0.85400838,-0.51546162,0
-3.0019474,-1.6499569,-2.3423471,-0.79883605,-0.26114732,-0.54190683,0
3.7373748,-0.3673923,1.8710363,0.79883605,0.26114732,0.54190683,0
-5.0378413,4.2697091,-1.2306401,0.07049036,0.85400838,-0.51546162,0
1.3088255,-1.7464472,4.9262114,-0.07049036,-0.85400838,0.51546162,0
0.60323429,-4.4794836,-3.2167454,0.59740442,-0.44996858,-0.66380435,0
-0.30147076,-0.04414928,-7.0699987,-0.79883605,-0.26114732,-0.54190683,0
-1.7405555,-3.0823698,2.4345326,-0.07049036,-0.85400838,0.51546162,0
-3.3268518,-3.2459319,1.9327823,-0.07049036,-0.85400838,0.51546162,0
-1.8860383,1.0873173,-5.2146587,-0.79883605,-0.26114732,-0.54190683,0
-2.7569568,2.7562749,2.3805363,-0.59740442,0.44996858,0.66380435,0
-2.5836749,-1.3494308,-2.8356955,-0.79883605,-0.26114732,-0.54190683,0
0.19758987,-0.94645947,6.0841799,-0.07049036,-0.85400838,0.51546162,0
5.2152982,3.1214008,-1.8040237,0.79883605,0.26114732,0.54190683,0
-3.6758573,2.9851604,1.4714193,-0.59740442,0.44996858,0.66380435,0
-1.1747637,5.7373533,1.5286388,0.07049036,0.85400838,-0.51546162,0
0.46210551,-0.7031092,-5.7776847,0.59740442,-0.44996858,-0.66380435,0
4.5444794,0.39349723,-3.0415964,0.59740442,-0.44996858,-0.66380435,0
-0.79616427,-5.1965013,-0.91808146,-0.07049036,-0.85400838,0.51546162,0
-0.84763384,-3.3455958,-4.4196849,-0.79883605,-0.26114732,-0.54190683,0
2.8984494,0.022853851,2.9164789,0.79883605,0.26114732,0.54190683,0
-3.0012589,0.53860402,3.6116252,-0.59740442,0.44996858,0.66380435,0
3.9059093,1.6847639,0.92126644,0.79883605,0.26114732,0.54190683,0
-5.405652,2.7065237,-0.59813809,-0.79883605,-0.26114732,-0.54190683,0
-4.3973103,0.2049613,2.5322521,-0.59740442,0.44996858,0.66380435,0
-0.32255745,-2.5523694,3.5850866,-0.07049036,-0.85400838,0.51546162,0
1.6891222,-4.04181,-2.6232705,0.59740442,-0.44996858,-0.66380435,0
2.7451787,-2.7737279,-2.486865,0.59740442,-0.44996858,-0.66380435,0
-2.3354273,2.6451452,-3.6137371,0.07049036,0.85400838,-0.51546162,0
-6.0371161,-2.2130494,2.9656453,-0.59740442,0.44996858,0.66380435,0
-3.452491,-1.2899463,-1.7386618,-0.79883605,-0.26114732,-0.54190683,0
3.7168219,-0.35841823,-3.0704815,0.59740442,-0.44996858,-0.66380435,0
2.9119425,-1.2864847,-3.3524714,0.59740442,-0.44996858,-0.66380435,0
2.2534935,0.01146853,-4.8923821,0.59740442,-0.44996858,-0.66380435,0
0.55255294,-5.799943,-1.9134225,-0.07049036,-0.85400838,0.51546162,0
0.95088947,3.4572482,4.3667607,0.79883605,0.26114732,0.54190683,0
0.32372475,3.8544183,-1.4829825,0.07049036,0.85400838,-0.51546162,0
-3.083879,-3.1236837,2.1747217,-0.07049036,-0.85400838,0.51546162,0
-4.15242,2.0903287,1.5153661,-0.59740442,0.44996858,0.66380435,0
-0.28477764,2.4359431,-3.845751,0.07049036,0.85400838,-0.51546162,0
-3.6592498,-0.56765151,-1.8858601,-0.79883605,-0.26114732,-0.54190683,0
-1.7966347,-2.285872,3.6948967,-0.07049036,-0.85400838,0.51546162,0
-0.56787246,1.9654558,4.791213,-0.59740442,0.44996858,0.66380435,0
3.380578,4.0344181,-0.48217487,0.07049036,0.85400838,-0.51546162,0
0.064934492,3.6422453,4.3221092,-0.59740442,0.44996858,0.66380435,0
1.6277909,3.5199378,3.4483716,0.79883605,0.26114732,0.54190683,0
-3.9589028,-0.21245933,3.4930022,-0.59740442,0.44996858,0.66380435,0
-3.7321727,-3.9921911,0.01709938,-0.79883605,-0.26114732,-0.54190683,0
-3.5674248,2.8400569,-3.3498182,0.07049036,0.85400838,-0.51546162,0
3.4578195,-4.1295753,1.4033775,-0.07049036,-0.85400838,0.51546162,0
4.892653,-1.4609449,0.97270131,0.79883605,0.26114732,0.54190683,0
-5.214097,3.292124,-1.3939766,-0.79883605,-0.26114732,-0.54190683,0
4.4421396,-4.2586398,1.2604312,-0.07049036,-0.85400838,0.51546162,0
-2.7896671,-1.2908454,5.0990205,-0.59740442,0.44996858,0.66380435,0
-1.4982443,-3.1394238,-3.7953041,-0.79883605,-0.26114732,-0.54190683,0
6.0964203,2.3575215,-2.8121688,0.59740442,-0.44996858,-0.66380435,0
-0.28031385,4.4420462,3.3804474,-0.59740442,0.44996858,0.66380435,0
0.16479921,-0.7776534,6.6389542,-0.07049036,-0.85400838,0.51546162,0
3.9749806,1.3165839,0.71530676,0.79883605,0.26114732,0.54190683,0
0.81296122,2.9669993,4.5961246,0.79883605,0.26114732,0.54190683,0
2.5078297,1.7398077,-4.4469624,0.07049036,0.85400838,-0.51546162,0
-5.8548498,-1.5821199,2.4780715,-0.59740442,0.44996858,0.66380435,0
1.3474262,1.4532417,-5.2319965,0.07049036,0.85400838,-0.51546162,0
4.3471227,-1.9872452,-1.4272978,0.59740442,-0.44996858,-0.66380435,0
2.9551044,3.0254583,-2.4018044,0.07049036,0.85400838,-0.51546162,0
0.30502558,-1.1361027,5.9238677,-0.07049036,-0.85400838,0.51546162,0
1.3083826,5.3631396,2.8478959,0.79883605,0.26114732,0.54190683,0
1.4195139,-0.14045238,5.2358017,0.79883605,0.26114732,0.54190683,0
3.0726423,-4.525228,-1.0773771,0.59740442,-0.44996858,-0.66380435,0
4.6919384,-0.38350034,-2.1576984,0.59740442,-0.44996858,-0.66380435,0
-3.9699993,4.1387181,-1.6078761,0.07049036,0.85400838,-0.51546162,0
-2.4499488,-0.94730556,5.0714493,-0.59740442,0.44996858,0.66380435,0
-0.55907655,-1.4450983,5.1720095,-0.07049036,-0.85400838,0.51546162,0
5.2918444,-0.041098595,-1.8818858,0.59740442,-0.44996858,-0.66380435,0
-4.7085977,0.24384141,2.4989719,-0.59740442,0.44996858,0.66380435,0
5.5981836,-2.4505107,0.42951965,0.79883605,0.26114732,0.54190683,0
2.3717833,4.7825985,0.48099887,0.07049036,0.85400838,-0.51546162,0
-2.150924,-3.2015519,2.1063762,-0.07049036,-0.85400838,0.51546162,0
2.121191,-3.8150187,1.6507018,-0.07049036,-0.85400838,0.51546162,0
-0.67129636,-1.2171011,-5.6578045,-0.79883605,-0.26114732,-0.54190683,0
-2.1906061,-1.5827582,-3.2332964,-0.79883605,-0.26114732,-0.54190683,0
-0.30119205,-5.15446,-3.4131286,0.59740442,-0.44996858,-0.66380435,0
4.0221629,-1.8358288,2.2155867,0.79883605,0.26114732,0.54190683,0
-0.0018987656,-3.1307952,2.5101182,-0.07049036,-0.85400838,0.51546162,0
-4.0041599,4.7744489,-0.16713333,-0.59740442,0.44996858,0.66380435,0
-0.09851265,-2.6164775,3.4982185,-0.07049036,-0.85400838,0.51546162,0
3.4204824,3.7321327,-0.93126535,0.07049036,0.85400838,-0.51546162,0
2.7847269,-1.8435932,3.9873986,0.79883605,0.26114732,0.54190683,0
-1.0819626,1.4152631,-5.5374417,0.07049036,0.85400838,-0.51546162,0
5.5860586,1.923512,-1.6222961,0.79883605,0.26114732,0.54190683,0
1.2193558,1.3443495,-5.3396997,0.07049036,0.85400838,-0.51546162,0
-5.6945295,-2.1566906,2.1924052,-0.79883605,-0.26114732,-0.54190683,0
-3.8840277,-0.4935987,3.5788276,-0.59740442,0.44996858,0.66380435,0
-2.0031505,2.3094549,-4.1497822,0.07049036,0.85400838,-0.51546162,0
-4.7390513,-2.1354527,3.7115154,-0.07049036,-0.85400838,0.51546162,0
0.66383314,-5.4941292,-2.5313928,0.59740442,-0.44996858,-0.66380435,0
2.7232349,2.2916505,-3.6312394,0.07049036,0.85400838,-0.51546162,0
-3.4662366,-2.2152925,3.483772,-0.07049036,-0.85400838,0.51546162,0
0.44113812,3.2777274,5.0013995,-0.59740442,0.44996858,0.66380435,0
4.7325258,-3.714025,0.099135399,0.59740442,-0.44996858,-0.66380435,0
-0.76928854,5.6445546,2.1831887,-0.59740442,0.44996858,0.66380435,0
0.97149944,-0.37299049,6.0634012,0.79883605,0.26114732,0.54190683,0
-1.9366355,0.68674254,-4.9342003,-0.79883605,-0.26114732,-0.54190683,0
0.67025971,5.4531112,1.2317835,0.07049036,0.85400838,-0.51546162,0
-4.7192221,-0.59002876,-0.19055486,-0.79883605,-0.26114732,-0.54190683,0
3.3947618,4.3529897,0.43857646,0.79883605,0.26114732,0.54190683,0
-5.1141491,3.4750304,-1.5541286,-0.79883605,-0.26114732,-0.54190683,0
3.6999791,-1.4509697,2.4497008,0.79883605,0.26114732,0.54190683,0
3.5240269,3.0723281,0.64265394,0.79883605,0.26114732,0.54190683,0
1.6222517,4.9095087,2.7351651,0.79883605,0.26114732,0.54190683,0
0.40243387,1.9648428,-4.461328,0.07049036,0.85400838,-0.51546162,0
-4.0113621,4.5912781,0.1044538,-0.59740442,0.44996858,0.66380435,0
2.1049275,3.5576251,-1.4076223,0.07049036,0.85400838,-0.51546162,0
-2.0946796,-3.1114435,2.1489305,-0.07049036,-0.85400838,0.51546162,0
-0.14095426,-5.1150212,-3.3182106,0.59740442,-0.44996858,-0.66380435,0
-1.4516144,-0.70447922,-4.8116469,-0.79883605,-0.26114732,-0.54190683,0
4.9064937,0.77702093,-2.9741859,0.59740442,-0.44996858,-0.66380435,0
-4.6009083,4.4975181,-1.0700463,0.07049036,0.85400838,-0.51546162,0
3.6395156,-2.6644964,-1.6079955,0.59740442,-0.44996858,-0.66380435,0
-4.078383,-3.7596681,0.89829659,-0.07049036,-0.85400838,0.51546162,0
1.5706496,-4.2867546,0.83648288,-0.07049036,-0.85400838,0.51546162,0
-1.2484617,0.8603456,-6.1109366,-0.79883605,-0.26114732,-0.54190683,0
1.2153516,0.48060405,5.5286932,0.79883605,0.26114732,0.54190683,0
-0.034083366,-2.9425318,2.73792,-0.07049036,-0.85400838,0.51546162,0
-2.3155556,-5.1461277,-1.0558482,-0.07049036,-0.85400838,0.51546162,0
-5.1561718,0.84321976,1.5099549,-0.59740442,0.44996858,0.66380435,0
-2.091001,0.75813341,-4.8142209,-0.79883605,-0.26114732,-0.54190683,0
4.926713,1.2507677,-0.50447869,0.79883605,0.26114732,0.54190683,0
-4.8369598,-2.9806085,1.0187666,-0.79883605,-0.26114732,-0.54190683,0
2.1726913,-1.9557922,4.8292475,-0.07049036,-0.85400838,0.51546162,0
-2.8823848,-4.2725105,0.15466964,-0.07049036,-0.85400838,0.51546162,0
3.0099459,-2.4180911,-2.3845744,0.59740442,-0.44996858,-0.66380435,0
-5.2053027,-2.4338303,2.9774084,-0.07049036,-0.85400838,0.51546162,0
4.0711622,-2.6980624,2.8176584,0.79883605,0.26114732,0.54190683,0
-3.5441179,4.5448513,0.62376285,-0.59740442,0.44996858,0.66380435,0
-1.6179953,-1.2336323,5.6594639,-0.07049036,-0.85400838,0.51546162,0
1.8037965,-1.0131764,-4.3668046,0.59740442,-0.44996858,-0.66380435,0
-5.411417,2.1919088,-0.39091992,-0.79883605,-0.26114732,-0.54190683,0
-1.4963336,-4.11447,0.63186747,-0.07049036,-0.85400838,0.51546162,0
-2.5286555,-1.2311056,-2.8957844,-0.79883605,-0.26114732,-0.54190683,0
-4.2147217,0.51381588,-1.4882017,-0.79883605,-0.26114732,-0.54190683,0
-0.98089981,-1.7593274,4.8678451,-0.07049036,-0.85400838,0.51546162,0
-1.4585764,-0.048264861,-5.1299019,-0.79883605,-0.26114732,-0.54190683,0
0.42650777,-3.6246536,-3.8705356,0.59740442,-0.44996858,-0.66380435,0
4.9667692,0.18315125,-0.084545612,0.79883605,0.26114732,0.54190683,0
3.3854666,3.6351986,0.78482306,0.79883605,0.26114732,0.54190683,0
-3.049053,-0.71765924,-2.5991502,-0.79883605,-0.26114732,-0.54190683,0
-1.6966865,-5.1776772,-1.0306907,-0.07049036,-0.85400838,0.51546162,0
2.6318836,4.7965522,0.58537817,0.07049036,0.85400838,-0.51546162,0
-0.066082776,2.5834258,4.8923602,-0.59740442,0.44996858,0.66380435,0
-0.60742188,2.5240381,-3.800344,0.07049036,0.85400838,-0.51546162,0
1.7747653,-1.0590364,5.2235613,0.79883605,0.26114732,0.54190683,0
2.7945471,-4.4300408,0.9147923,-0.07049036,-0.85400838,0.51546162,0
4.9518223,-2.5949166,-0.57391071,0.59740442,-0.44996858,-0.66380435,0
3.0540957,-5.1845374,-0.31860948,-0.07049036,-0.85400838,0.51546162,0
0.47906744,-4.4742432,-3.3132758,0.59740442,-0.44996858,-0.66380435,0
2.0445852,-4.5612922,-1.7565074,0.59740442,-0.44996858,-0.66380435,0
-3.4075031,-3.1970558,-0.77783191,-0.79883605,-0.26114732,-0.54190683,0
-2.8763881,-0.32056785,-2.893528,-0.79883605,-0.26114732,-0.54190683,0
1.8251669,-2.991725,-3.106251,0.59740442,-0.44996858,-0.66380435,0
-3.9900351,2.6637301,1.2846663,-0.59740442,0.44996858,0.66380435,0
-0.16131938,-2.1590621,-5.5119495,0.59740442,-0.44996858,-0.66380435,0
-4.7472949,3.348983,0.31374955,-0.59740442,0.44996858,0.66380435,0
0.70190716,-5.1664333,-0.74133921,-0.07049036,-0.85400838,0.51546162,0
-2.9320955,1.2179024,3.4089241,-0.59740442,0.44996858,0.66380435,0
0.40664589,-1.1022522,-5.5644484,0.59740442,-0.44996858,-0.66380435,0
-4.7119884,0.45494723,2.3688455,-0.59740442,0.44996858,0.66380435,0
5.0463161,1.7637019,-0.94077063,0.79883605,0.26114732,0.54190683,0
4.237957,1.2726004,0.61663425,0.79883605,0.26114732,0.54190683,0
-4.4645109,-3.0806241,0.66727209,-0.79883605,-0.26114732,-0.54190683,0
-2.8703687,-1.1600523,-2.4761782,-0.79883605,-0.26114732,-0.54190683,0
-0.41840863,-4.5876493,0.0015801787,-0.07049036,-0.85400838,0.51546162,0
3.3423748,-4.8754234,0.090898514,-0.07049036,-0.85400838,0.51546162,0
-0.71795183,3.0721338,4.0710826,-0.59740442,0.44996858,0.66380435,0
2.7472343,0.71694672,-4.6603365,0.59740442,-0.44996858,-0.66380435,0
0.14469528,3.0318685,-2.8648884,0.07049036,0.85400838,-0.51546162,0
-3.4552784,-1.8142688,-1.2679429,-0.79883605,-0.26114732,-0.54190683,0
-0.012116432,-0.26381046,-6.5432453,0.59740442,-0.44996858,-0.66380435,0
-5.0317602,-0.93144321,2.8779485,-0.59740442,0.44996858,0.66380435,0
-3.5574768,0.5770359,-2.2993164,-0.79883605,-0.26114732,-0.54190683,0
-3.6565754,1.839267,2.383198,-0.59740442,0.44996858,0.66380435,0
-3.8002896,0.35040689,-1.974722,-0.79883605,-0.26114732,-0.54190683,0
3.5292783,-0.57977104,-3.3348978,0.59740442,-0.44996858,-0.66380435,0
5.374639,-1.8759518,-0.68165731,0.59740442,-0.44996858,-0.66380435,0
-0.82262892,2.3528705,4.4755206,-0.59740442,0.44996858,0.66380435,0
5.1287527,-3.5900609,1.57401,0.79883605,0.26114732,0.54190683,0
-5.3503366,1.6437907,0.84865999,-0.59740442,0.44996858,0.66380435,0
-0.76385939,1.8191069,4.7181587,-0.59740442,0.44996858,0.66380435,0
-2.0467298,-1.071314,5.6404109,-0.59740442,0.44996858,0.66380435,0
-5.8939638,-1.811933,2.2491159,-0.79883605,-0.26114732,-0.54190683,0
-1.27073,3.9094834,-1.3554957,0.07049036,0.85400838,-0.51546162,0
-1.0369601,-2.6809425,3.186893,-0.07049036,-0.85400838,0.51546162,0
-1.0887144,-1.953449,-4.9480009,-0.79883605,-0.26114732,-0.54190683,0
-3.0400288,1.9403684,-3.6904218,-0.79883605,-0.26114732,-0.54190683,0
0.45858765,-0.54682219,-5.898778,0.59740442,-0.44996858,-0.66380435,0
3.7053437,-3.6143107,2.2031603,-0.07049036,-0.85400838,0.51546162,0
1.3327787,0.12342179,-5.6779203,0.59740442,-0.44996858,-0.66380435,0
-0.44723177,5.0524788,0.67829806,0.07049036,0.85400838,-0.51546162,0
5.4372821,0.38950586,-0.69046426,0.79883605,0.26114732,0.54190683,0
3.2869658,-4.1121469,1.3103116,-0.07049036,-0.85400838,0.51546162,0
-2.0399184,-0.29735374,-4.1981163,-0.79883605,-0.26114732,-0.54190683,0
0.23712921,0.9943819,-6.1592822,0.07049036,0.85400838,-0.51546162,0
-2.3199308,1.3399699,-4.4522924,-0.79883605,-0.26114732,-0.54190683,0
-1.652018,-0.82032764,-4.6599083,-0.79883605,-0.26114732,-0.54190683,0
5.1364264,-0.27292681,-1.9620218,0.59740442,-0.44996858,-0.66380435,0
1.3149579,0.73625934,4.9235563,0.79883605,0.26114732,0.54190683,0
3.1397448,0.79924679,-4.371223,0.59740442,-0.44996858,-0.66380435,0
-5.2564511,-2.1306033,3.6161447,-0.07049036,-0.85400838,0.51546162,0
-1.64518,-1.3444896,-4.4533615,-0.79883605,-0.26114732,-0.54190683,0
1.2216103,5.1987076,1.1520623,0.07049036,0.85400838,-0.51546162,0
-4.8574686,3.8040655,-0.27104378,-0.59740442,0.44996858,0.66380435,0
-1.965173,-0.93736124,-4.208539,-0.79883605,-0.26114732,-0.54190683,0
-2.0186472,4.552846,-0.66866457,0.07049036,0.85400838,-0.51546162,0
-0.17280984,0.65235668,6.0350437,-0.59740442,0.44996858,0.66380435,0
-5.3389697,-0.73250675,0.85054326,-0.79883605,-0.26114732,-0.54190683,0
-5.0932817,-2.6186543,1.2339699,-0.79883605,-0.26114732,-0.54190683,0
-0.85433531,5.5370274,1.2232599,0.07049036,0.85400838,-0.51546162,0
-2.5178351,-4.1077223,-1.5420785,-0.79883605,-0.26114732,-0.54190683,0
3.3920021,3.5845745,-1.457412,0.07049036,0.85400838,-0.51546162,0
4.1613054,-2.5224733,-1.3921976,0.59740442,-0.44996858,-0.66380435,0
0.46733999,-4.6510372,-3.281214,0.59740442,-0.44996858,-0.66380435,0
-5.6632795,-0.58868361,1.0671599,-0.79883605,-0.26114732,-0.54190683,0
2.5367894,-1.8690391,4.6414871,0.79883605,0.26114732,0.54190683,0
-3.4287822,4.4546165,0.64382946,-0.59740442,0.44996858,0.66380435,0
-0.75430501,-3.4955702,-4.4985061,-0.79883605,-0.26114732,-0.54190683,0
1.2263565,2.1970377,4.3806448,0.79883605,0.26114732,0.54190683,0
0.060986042,-5.1437197,-0.68681526,-0.07049036,-0.85400838,0.51546162,0
0.64798927,-5.0082035,-0.26264101,-0.07049036,-0.85400838,0.51546162,0
2.9811683,-5.0392122,-0.059813261,-0.07049036,-0.85400838,0.51546162,0
0.65966368,5.3446307,3.7335401,0.79883605,0.26114732,0.54190683,0
-4.2816019,1.1207967,2.1362607,-0.59740442,0.44996858,0.66380435,0
-1.5692251,0.15478212,5.1304312,-0.59740442,0.44996858,0.66380435,0
2.1933844,-4.7782803,-1.6636657,0.59740442,-0.44996858,-0.66380435,0
-3.0229797,-2.5307269,3.0595591,-0.07049036,-0.85400838,0.51546162,0
-2.3153977,4.3885994,-0.74995297,0.07049036,0.85400838,-0.51546162,0
-4.1856461,-3.7537615,0.47069073,-0.79883605,-0.26114732,-0.54190683,0
1.9009695,-2.6486926,3.7222204,-0.07049036,-0.85400838,0.51546162,0
0.19376349,5.6983724,1.6057811,0.07049036,0.85400838,-0.51546162,0
0.20147467,-1.4751655,-5.6790648,0.59740442,-0.44996858,-0.66380435,0
-2.5611925,-3.7167363,1.3278959,-0.07049036,-0.85400838,0.51546162,0
-0.26503682,-5.2818627,-1.0761098,-0.07049036,-0.85400838,0.51546162,0
4.6467085,-2.8878579,1.9696908,0.79883605,0.26114732,0.54190683,0
-1.5457711,4.2978125,-0.8719914,0.07049036,0.85400838,-0.51546162,0
-1.065587,-5.7571535,-2.0071752,-0.07049036,-0.85400838,0.51546162,0
5.4035478,1.2616057,-2.6998563,0.59740442,-0.44996858,-0.66380435,0
-5.6678343,0.15790462,1.0733366,-0.79883605,-0.26114732,-0.54190683,0
-4.2990332,-3.4832668,1.2119279,-0.07049036,-0.85400838,0.51546162,0
2.0493333,4.3414335,2.308193,0.79883605,0.26114732,0.54190683,0
-3.0314503,-0.12417102,4.2178125,-0.59740442,0.44996858,0.66380435,0
0.83564079,2.11198,5.2109308,0.79883605,0.26114732,0.54190683,0
2.200923,0.8366189,-5.4088202,0.59740442,-0.44996858,-0.66380435,0
3.7741313,1.63275,0.98301303,0.79883605,0.26114732,0.54190683,0
0.6543498,-1.3526213,-5.1932869,0.59740442,-0.44996858,-0.66380435,0
-3.6661718,-0.71040106,-1.7673514,-0.79883605,-0.26114732,-0.54190683,0
4.3848433,0.47358656,0.75845003,0.79883605,0.26114732,0.54190683,0
-0.42392069,-3.9441528,-4.4710603,0.59740442,-0.44996858,-0.66380435,0
-3.8498573,-2.1470821,3.4913995,-0.07049036,-0.85400838,0.51546162,0
-3.5553536,-0.35887456,-1.7927113,-0.79883605,-0.26114732,-0.54190683,0
5.1772265,2.443439,-2.9980714,0.07049036,0.85400838,-0.51546162,0
-0.60657358,4.1221504,-1.028995,0.07049036,0.85400838,-0.51546162,0
-5.8313727,0.92077971,0.92401814,-0.59740442,0.44996858,0.66380435,0
-2.6156669,-2.3089223,3.7478628,-0.07049036,-0.85400838,0.51546162,0
2.6746612,1.307277,-5.1098909,0.07049036,0.85400838,-0.51546162,0
-1.2557135,5.043541,0.39982414,0.07049036,0.85400838,-0.51546162,0
-4.0035954,1.2806513,-2.0104787,-0.79883605,-0.26114732,-0.54190683,0
-3.9857516,-2.7991529,2.6467474,-0.07049036,-0.85400838,0.51546162,0
3.538846,-4.8628945,0.020148993,-0.07049036,-0.85400838,0.51546162,0
0.71832275,0.34758162,6.2138729,0.79883605,0.26114732,0.54190683,0
-4.7053375,4.4453177,-0.55021524,-0.59740442,0.44996858,0.66380435,0
-2.7673662,-4.2117443,0.33537126,-0.07049036,-0.85400838,0.51546162,0
-2.4624841,1.355975,-4.301487,-0.79883605,-0.26114732,-0.54190683,0
-4.3616543,3.5751872,-2.597908,0.07049036,0.85400838,-0.51546162,0
4.2625284,-1.1854467,1.5955318,0.79883605,0.26114732,0.54190683,0
0.2477529,6.1119957,2.2718444,0.07049036,0.85400838,-0.51546162,0
2.6270623,-2.0760345,4.4346981,0.79883605,0.26114732,0.54190683,0
-5.7695637,-1.7837605,2.899817,-0.59740442,0.44996858,0.66380435,0
-2.1984472,4.7697034,-0.18614078,0.07049036,0.85400838,-0.51546162,0
2.6650438,4.8485856,1.1196626,0.79883605,0.26114732,0.54190683,0
-1.6849627,-2.135253,4.1820908,-0.07049036,-0.85400838,0.51546162,0
-4.9004812,3.815851,-0.239079,-0.59740442,0.44996858,0.66380435,0
-2.2243135,0.69349134,-4.3567648,-0.79883605,-0.26114732,-0.54190683,0
-1.2215108,-1.5433352,-4.7283201,-0.79883605,-0.26114732,-0.54190683,0
-4.225069,-1.1619649,-0.50439191,-0.79883605,-0.26114732,-0.54190683,0
4.131218,-3.2915957,-0.84469104,0.59740442,-0.44996858,-0.66380435,0
-2.7127047,-3.8245714,0.98441625,-0.07049036,-0.85400838,0.51546162,0
-3.8173151,3.4384193,-2.7368033,0.07049036,0.85400838,-0.51546162,0
1.3241105,-0.33777034,5.6165233,0.79883605,0.26114732,0.54190683,0
4.724596,2.0716724,-0.58924699,0.79883605,0.26114732,0.54190683,0
0.22561002,4.8795381,0.26780945,0.07049036,0.85400838,-0.51546162,0
-1.784539,-0.41578007,5.5535102,-0.59740442,0.44996858,0.66380435,0
-5.0855947,3.9348164,-1.9044038,0.07049036,0.85400838,-0.51546162,0
-0.9343164,-0.45772892,6.208518,-0.59740442,0.44996858,0.66380435,0
-3.5027084,-1.346838,-1.4170067,-0.79883605,-0.26114732,-0.54190683,0
-1.9062657,-2.5143132,3.2921758,-0.07049036,-0.85400838,0.51546162,0
-2.5964921,-1.0786257,-2.9486618,-0.79883605,-0.26114732,-0.54190683,0
-1.8815888,1.7634114,3.9680138,-0.59740442,0.44996858,0.66380435,0
4.093751,0.56000566,-3.4307437,0.59740442,-0.44996858,-0.66380435,0
-1.7116456,-2.005723,-4.0296574,-0.79883605,-0.26114732,-0.54190683,0
3.0185015,-3.7850647,-1.5568143,0.59740442,-0.44996858,-0.66380435,0
-4.3459826,-3.3394046,1.6869445,-0.07049036,-0.85400838,0.51546162,0
-5.2159643,3.862529,-0.61239219,-0.59740442,0.44996858,0.66380435,0
0.89747381,-3.4106369,2.1913953,-0.07049036,-0.85400838,0.51546162,0
-4.7852921,4.15344,-1.6244707,0.07049036,0.85400838,-0.51546162,0
1.7562724,5.3291068,2.3428726,0.79883605,0.26114732,0.54190683,0
-0.47644997,0.20211798,-6.7020264,-0.79883605,-0.26114732,-0.54190683,0
1.4771667,-1.1276866,5.9010572,0.79883605,0.26114732,0.54190683,0
-4.9399099,-0.53453302,-0.026076078,-0.79883605,-0.26114732,-0.54190683,0
-2.7836499,2.500169,-3.9533694,0.07049036,0.85400838,-0.51546162,0
-2.1025755,0.84642333,4.2904997,-0.59740442,0.44996858,0.66380435,0
-2.9148879,-1.1993566,4.8751268,-0.59740442,0.44996858,0.66380435,0
-1.4745952,-2.5172985,-4.1515117,-0.79883605,-0.26114732,-0.54190683,0
-4.5609365,-2.955631,0.62883782,-0.79883605,-0.26114732,-0.54190683,0
-1.3115183,0.16400945,5.3500247,-0.59740442,0.44996858,0.66380435,0
-4.2832432,2.7506902,-2.3663592,-0.79883605,-0.26114732,-0.54190683,0
-2.3970423,1.766566,-4.6969748,-0.79883605,-0.26114732,-0.54190683,0
-1.1977465,-1.2979517,5.3925548,-0.07049036,-0.85400838,0.51546162,0
-5.3337164,-1.7733235,1.4452741,-0.79883605,-0.26114732,-0.54190683,0
-0.53333712,4.5922241,3.1140845,-0.59740442,0.44996858,0.66380435,0
1.7215428,-3.1204491,-2.983629,0.59740442,-0.44996858,-0.66380435,0
5.6958408,0.82198238,-2.2229435,0.59740442,-0.44996858,-0.66380435,0
-1.2958415,-1.7958155,-4.5041471,-0.79883605,-0.26114732,-0.54190683,0
2.3962665,3.6147153,2.0630379,0.79883605,0.26114732,0.54190683,0
4.0332894,0.31100154,-3.2605295,0.59740442,-0.44996858,-0.66380435,0
3.5320234,1.1804218,1.7262108,0.79883605,0.26114732,0.54190683,0
-3.3677206,0.85774875,3.2043114,-0.59740442,0.44996858,0.66380435,0
-0.64646018,-2.6571186,-4.9657578,-0.79883605,-0.26114732,-0.54190683,0
5.7266984,-0.77394962,-0.56023049,0.79883605,0.26114732,0.54190683,0
3.8087986,0.32526255,-3.5812092,0.59740442,-0.44996858,-0.66380435,0
-5.600275,-1.1550746,1.4518228,-0.79883605,-0.26114732,-0.54190683,0
2.159163,-0.7935673,-4.3763771,0.59740442,-0.44996858,-0.66380435,0
2.234271,4.8328996,1.707087,0.79883605,0.26114732,0.54190683,0
4.8576016,-0.079221249,0.17655468,0.79883605,0.26114732,0.54190683,0
1.9980423,2.4439449,-3.4750257,0.07049036,0.85400838,-0.51546162,0
-0.98088527,-4.4812975,0.31319076,-0.07049036,-0.85400838,0.51546162,0
4.796083,2.9635062,-2.0343769,0.07049036,0.85400838,-0.51546162,0
4.9474916,1.9730258,-0.80342126,0.79883605,0.26114732,0.54190683,0
-1.0513103,-5.9999847,-3.0222638,-0.79883605,-0.26114732,-0.54190683,0
-4.9174185,3.7394061,-1.9591949,-0.79883605,-0.26114732,-0.54190683,0
-2.3264241,-3.3751512,2.0370026,-0.07049036,-0.85400838,0.51546162,0
5.2886782,-1.3492002,0.24866629,0.79883605,0.26114732,0.54190683,0
4.0343032,1.9099181,-4.0728121,0.07049036,0.85400838,-0.51546162,0
-3.6744399,2.1588721,-2.8572783,-0.79883605,-0.26114732,-0.54190683,0
-5.6152315,-0.68315506,1.3208132,-0.79883605,-0.26114732,-0.54190683,0
-1.538866,3.2374594,3.2814176,-0.59740442,0.44996858,0.66380435,0
3.8155456,2.2797351,0.60034811,0.79883605,0.26114732,0.54190683,0
2.6383488,1.138078,3.1228313,0.79883605,0.26114732,0.54190683,0
1.1154065,-5.8037558,-1.9304092,0.59740442,-0.44996858,-0.66380435,0
5.4145198,-0.45415688,-1.5453029,0.59740442,-0.44996858,-0.66380435,0
-0.69196367,-1.1892582,-5.7829361,-0.79883605,-0.26114732,-0.54190683,0
1.970861,-1.215206,5.0393877,0.79883605,0.26114732,0.54190683,0
2.469178,-0.51321363,3.862309,0.79883605,0.26114732,0.54190683,0
-2.3978186,-3.7959671,1.2511326,-0.07049036,-0.85400838,0.51546162,0
-3.0380259,-1.539916,4.9483814,-0.07049036,-0.85400838,0.51546162,0
-0.42270637,-0.15765244,6.4769778,-0.59740442,0.44996858,0.66380435,0
2.9749422,-3.3111014,2.7807164,-0.07049036,-0.85400838,0.51546162,0
-1.2899566,3.3123145,-2.4935889,0.07049036,0.85400838,-0.51546162,0
5.6962843,1.7554789,-2.7435222,0.59740442,-0.44996858,-0.66380435,0
-3.9569211,-0.64167047,3.6077976,-0.59740442,0.44996858,0.66380435,0
4.4897318,1.4225042,0.24676204,0.79883605,0.26114732,0.54190683,0
-4.1995707,-3.6691251,1.0527155,-0.07049036,-0.85400838,0.51546162,0
-0.30745888,-2.853276,3.0678046,-0.07049036,-0.85400838,0.51546162,0
-4.1402044,-1.2592371,3.8067362,-0.59740442,0.44996858,0.66380435,0
-5.8287311,0.68457603,1.1477222,-0.59740442,0.44996858,0.66380435,0
-0.73668098,-1.8507111,-5.2203417,-0.79883605,-0.26114732,-0.54190683,0
0.1197567,0.34527573,-6.8006949,0.59740442,-0.44996858,-0.66380435,0
0.23141479,-3.7334867,1.6171699,-0.07049036,-0.85400838,0.51546162,0
2.2922637,2.997571,-2.6536741,0.07049036,0.85400838,-0.51546162,0
-0.77653122,1.9615068,-4.7189455,0.07049036,0.85400838,-0.51546162,0
1.407886,2.7664633,-3.1480396,0.07049036,0.85400838,-0.51546162,0
1.6638591,2.985163,-2.7096097,0.07049036,0.85400838,-0.51546162,0
1.230355,0.016873121,-5.6982689,0.59740442,-0.44996858,-0.66380435,0
1.3473401,-5.2861977,-0.95964253,-0.07049036,-0.85400838,0.51546162,0
2.2838011,-4.0240269,1.2717288,-0.07049036,-0.85400838,0.51546162,0
2.9195056,-2.9378359,3.2578988,-0.07049036,-0.85400838,0.51546162,0
2.5659349,4.4677896,1.365617,0.79883605,0.26114732,0.54190683,0
-5.5857267,2.2439542,-0.13115883,-0.79883605,-0.26114732,-0.54190683,0
5.7685122,-1.5297194,-0.30531335,0.79883605,0.26114732,0.54190683,0
-4.9310036,0.64776707,1.7669685,-0.59740442,0.44996858,0.66380435,0
-5.9178772,-1.3730655,1.9090707,-0.79883605,-0.26114732,-0.54190683,0
5.1441393,-4.4170098,1.2834193,-0.07049036,-0.85400838,0.51546162,0
3.424654,-3.8425479,-1.1233704,0.59740442,-0.44996858,-0.66380435,0
0.72603202,4.6500154,4.1868248,0.79883605,0.26114732,0.54190683,0
-4.0143209,1.9253056,1.7162683,-0.59740442,0.44996858,0.66380435,0
-5.2550001,-3.1380062,2.010582,-0.07049036,-0.85400838,0.51546162,0
-5.4287252,1.820636,0.53516912,-0.59740442,0.44996858,0.66380435,0
0.8328414,-0.40007907,6.3882589,0.79883605,0.26114732,0.54190683,0
-0.29774666,-0.58072037,6.6578369,-0.07049036,-0.85400838,0.51546162,0
-1.3443246,1.2520802,-5.8422532,-0.79883605,-0.26114732,-0.54190683,0
2.8899641,4.4404502,-0.16304815,0.07049036,0.85400838,-0.51546162,0
3.5216255,-4.7124047,0.33819926,-0.07049036,-0.85400838,0.51546162,0
3.9599998,3.1482229,-2.106528,0.07049036,0.85400838,-0.51546162,0
3.9405465,-4.7079773,0.10262179,0.59740442,-0.44996858,-0.66380435,0
-5.1665711,-2.2043805,3.5655742,-0.07049036,-0.85400838,0.51546162,0
-0.61091506,1.72726,5.1135945,-0.59740442,0.44996858,0.66380435,0
-2.9009359,-4.489583,-1.0577708,-0.79883605,-0.26114732,-0.54190683,0
-5.1922798,0.3725028,0.18828225,-0.79883605,-0.26114732,-0.54190683,0
1.2401891,3.992897,-0.85841352,0.07049036,0.85400838,-0.51546162,0
-3.1954308,4.6073723,-0.46081603,0.07049036,0.85400838,-0.51546162,0
0.037552476,1.9362248,5.5549521,-0.59740442,0.44996858,0.66380435,0
2.7779875,3.5734947,1.7036548,0.79883605,0.26114732,0.54190683,0
3.9247656,-2.1105094,2.4467392,0.79883605,0.26114732,0.54190683,0
-4.3693848,2.810514,-2.1481297,-0.79883605,-0.26114732,-0.54190683,0
2.0388107,0.66448808,4.0337825,0.79883605,0.26114732,0.54190683,0
-3.2788985,1.7377661,-3.3298573,-0.79883605,-0.26114732,-0.54190683,0
-3.8109353,-0.79981279,3.8102922,-0.59740442,0.44996858,0.66380435,0
-5.0986686,3.8141999,-0.50697756,-0.59740442,0.44996858,0.66380435,0
2.428081,-4.2289672,1.2110423,-0.07049036,-0.85400838,0.51546162,0
-0.95866454,0.99545825,5.1628695,-0.59740442,0.44996858,0.66380435,0
1.7645121,-3.3201761,-3.0861166,0.59740442,-0.44996858,-0.66380435,0
-2.2144604,4.6790619,-0.16499782,0.07049036,0.85400838,-0.51546162,0
2.1158891,-4.9782295,-1.6425295,0.59740442,-0.44996858,-0.66380435,0
1.3876643,-1.6649375,5.2060852,-0.07049036,-0.85400838,0.51546162,0
1.4866333,-0.91369647,5.7575908,0.79883605,0.26114732,0.54190683,0
3.2911561,-0.12193203,2.4121833,0.79883605,0.26114732,0.54190683,0
-0.082257845,-3.3267093,-4.6457148,0.59740442,-0.44996858,-0.66380435,0
4.5620952,-0.17938042,0.82049394,0.79883605,0.26114732,0.54190683,0
-0.47483253,0.71524239,-6.6547446,0.07049036,0.85400838,-0.51546162,0
4.648705,0.51690483,-2.908201,0.59740442,-0.44996858,-0.66380435,0
4.4876356,0.94142509,0.29072261,0.79883605,0.26114732,0.54190683,0
-1.9568222,-1.9645603,4.1427574,-0.07049036,-0.85400838,0.51546162,0
4.3825331,-3.2703283,-0.61801839,0.59740442,-0.44996858,-0.66380435,0
-2.1131001,-3.856318,0.91214359,-0.07049036,-0.85400838,0.51546162,0
-0.71187639,2.0081632,-4.46629,0.07049036,0.85400838,-0.51546162,0
0.76899052,-3.8251953,1.5528455,-0.07049036,-0.85400838,0.51546162,0
1.6781645,-0.97281313,-4.5180631,0.59740442,-0.44996858,-0.66380435,0
-3.3732634,1.5257518,-3.3284659,-0.79883605,-0.26114732,-0.54190683,0
4.0670166,-3.3190091,2.8214674,0.79883605,0.26114732,0.54190683,0
