4.2882977,0.9457736,-3.1255341,0.99555141,0.050708175,0.079411179,0
3.5640938,3.5577745,3.308495,0.99555141,0.050708175,0.079411179,0
-3.8745055,-1.4902551,-1.461162,-0.99555141,-0.050708175,-0.079411179,0
-0.56585193,-4.0973926,0.10842872,0.034454197,-0.98037982,0.19408357,0
3.265094,-0.28844905,4.3674974,-0.087694764,0.19048411,0.97776556,0
0.81582785,-3.328572,3.6949461,0.034454197,-0.98037982,0.19408357,0
-3.9790502,-0.99466276,-0.60328031,-0.99555141,-0.050708175,-0.079411179,0
1.6804466,-3.2415476,-3.365891,0.087694764,-0.19048411,-0.97776556,0
-3.7221553,3.3442848,3.1170104,-0.087694764,0.19048411,0.97776556,0
4.0290279,0.73504233,-0.42992556,0.99555141,0.050708175,0.079411179,0
3.831316,2.5761704,-0.51223361,0.99555141,0.050708175,0.079411179,0
3.2964594,-3.1112602,4.6877723,0.034454197,-0.98037982,0.19408357,0
1.359437,1.4974437,-4.2931395,0.087694764,-0.19048411,-0.97776556,0
-0.94526398,-4.789197,-3.1695526,0.034454197,-0.98037982,0.19408357,0
-0.14428806,2.2153587,3.7111316,-0.087694764,0.19048411,0.97776556,0
0.82822371,2.5795341,3.6786952,-0.087694764,0.19048411,0.97776556,0
1.8161788,3.2416916,-4.5277882,-0.034454197,0.98037982,-0.19408357,0
-2.992317,-4.0012617,0.46887136,0.034454197,-0.98037982,0.19408357,0
0.28394389,4.3521514,3.2645869,-0.087694764,0.19048411,0.97776556,0
-3.8779194,-3.7978058,0.13223827,-0.99555141,-0.050708175,-0.079411179,0
4.3127861,-0.16931725,-3.2598376,0.99555141,0.050708175,0.079411179,0
-4.137846,1.5052426,1.0484166,-0.99555141,-0.050708175,-0.079411179,0
3.8100142,0.43812275,2.964,0.99555141,0.050708175,0.079411179,0
3.0068648,-3.2091367,4.2527037,0.034454197,-0.98037982,0.19408357,0
4.2145309,0.48040009,-2.5968037,0.99555141,0.050708175,0.079411179,0
3.7919703,-4.105619,-0.86803532,0.034454197,-0.98037982,0.19408357,0
-1.9313462,-3.4421008,3.0861382,0.034454197,-0.98037982,0.19408357,0
1.8811524,4.781249,3.1552792,-0.034454197,0.98037982,-0.19408357,0
3.7169008,0.42310524,2.5045867,0.99555141,0.050708175,0.079411179,0
3.0658975,4.8959818,3.5071311,-0.087694764,0.19048411,0.97776556,0
-4.0518231,2.4868481,-0.30414867,-0.99555141,-0.050708175,-0.079411179,0
1.8221254,-0.51039898,4.3755207,-0.087694764,0.19048411,0.97776556,0
3.642875,4.5278072,3.0588648,0.99555141,0.050708175,0.079411179,0
4.2066412,-2.7336881,-0.39612341,0.99555141,0.050708175,0.079411179,0
-2.7141669,4.4027863,2.6069808,-0.034454197,0.98037982,-0.19408357,0
3.7790077,1.224458,2.3309517,0.99555141,0.050708175,0.079411179,0
3.7942066,-1.6245089,3.8283696,0.99555141,0.050708175,0.079411179,0
0.43063259,-4.5881615,-2.6387582,0.034454197,-0.98037982,0.19408357,0
-0.85452986,1.8437616,-4.4358444,0.087694764,-0.19048411,-0.97776556,0
4.2292957,-1.4861469,-3.439302,0.087694764,-0.19048411,-0.97776556,0
-3.0351405,-4.2223225,-3.6398246,0.087694764,-0.19048411,-0.97776556,0
-0.012192726,-3.4810154,3.5317237,0.034454197,-0.98037982,0.19408357,0
-3.7454894,4.1144924,0.82622814,-0.034454197,0.98037982,-0.19408357,0
3.666815,3.7315438,2.9356277,0.99555141,0.050708175,0.079411179,0
1.2101755,-4.4512792,-2.4357376,0.034454197,-0.98037982,0.19408357,0
3.6676738,3.9221423,2.9974532,0.99555141,0.050708175,0.079411179,0
-1.4172456,0.25401902,3.8873086,-0.087694764,0.19048411,0.97776556,0
-3.6797476,-0.86661649,-2.7742999,-0.99555141,-0.050708175,-0.079411179,0
-3.7606964,-0.67629683,-3.9187529,-0.99555141,-0.050708175,-0.079411179,0
-0.4035114,3.9744368,-0.93665981,-0.034454197,0.98037982,-0.19408357,0
0.035933971,2.3392723,-4.4884467,0.087694764,-0.19048411,-0.97776556,0
4.1110682,-2.085748,1.2025685,0.99555141,0.050708175,0.079411179,0
-3.7454786,-1.4631543,-1.8564777,-0.99555141,-0.050708175,-0.079411179,0
3.9065688,-1.1763947,2.2786543,0.99555141,0.050708175,0.079411179,0
2.3876715,-3.1157184,4.7940722,0.034454197,-0.98037982,0.19408357,0
3.6946354,0.43670511,-3.7698927,0.087694764,-0.19048411,-0.97776556,0
3.4745364,-4.3827295,-2.4386907,0.034454197,-0.98037982,0.19408357,0
-3.181241,-4.2106075,-0.42829537,0.034454197,-0.98037982,0.19408357,0
-4.2898369,0.77759647,3.4588239,-0.087694764,0.19048411,0.97776556,0
3.9989414,-2.7671936,2.5871439,0.99555141,0.050708175,0.079411179,0
1.465548,-2.6392601,4.6353102,-0.087694764,0.19048411,0.97776556,0
2.2770433,3.7004182,-2.463367,-0.034454197,0.98037982,-0.19408357,0
-3.7427163,3.3509521,-2.9279432,-0.034454197,0.98037982,-0.19408357,0
-0.72673595,3.9236584,-0.75582027,-0.034454197,0.98037982,-0.19408357,0
-1.7730303,-3.4603615,3.9219067,0.034454197,-0.98037982,0.19408357,0
3.9145865,2.1060181,-0.054491699,0.99555141,0.050708175,0.079411179,0
0.2703824,4.5013413,1.8118386,-0.034454197,0.98037982,-0.19408357,0
-3.329679,-4.766398,-3.1866002,0.034454197,-0.98037982,0.19408357,0
4.1389685,-1.9611611,-3.272213,0.087694764,-0.19048411,-0.97776556,0
1.9770393,-3.087647,4.2604222,0.034454197,-0.98037982,0.19408357,0
-0.72361022,-4.2466841,-1.1059947,0.034454197,-0.98037982,0.19408357,0
3.9386764,2.0591311,0.74628168,0.99555141,0.050708175,0.079411179,0
2.7298765,3.0686252,3.6788123,-0.087694764,0.19048411,0.97776556,0
-3.9831603,1.9127738,-2.7075741,-0.99555141,-0.050708175,-0.079411179,0
0.34096169,-3.5051968,-3.2860818,0.087694764,-0.19048411,-0.97776556,0
3.5333798,4.3072624,3.2475798,0.99555141,0.050708175,0.079411179,0
4.1324182,0.77305222,-1.3994201,0.99555141,0.050708175,0.079411179,0
-1.1167183,4.4270325,2.1681995,-0.034454197,0.98037982,-0.19408357,0
-3.4934208,1.0551429,3.6740561,-0.087694764,0.19048411,0.97776556,0
-3.9442883,-2.9721735,1.1281416,-0.99555141,-0.050708175,-0.079411179,0
-1.5681944,3.7624869,-1.6138573,-0.034454197,0.98037982,-0.19408357,0
2.2039869,-3.9555812,-3.1004639,0.087694764,-0.19048411,-0.97776556,0
-3.7602427,0.56578279,-3.8199477,-0.99555141,-0.050708175,-0.079411179,0
3.1196113,-3.6796057,1.6606474,0.034454197,-0.98037982,0.19408357,0
2.9950752,4.5413799,1.8106486,-0.034454197,0.98037982,-0.19408357,0
4.0116897,2.8010218,-2.4632356,0.99555141,0.050708175,0.079411179,0
-1.9055054,-3.0185525,-3.6382899,0.087694764,-0.19048411,-0.97776556,0
3.1621547,3.5172153,3.6135721,-0.087694764,0.19048411,0.97776556,0
2.6237254,3.8487411,-1.5423577,-0.034454197,0.98037982,-0.19408357,0
-2.5150814,4.2446771,1.3936749,-0.034454197,0.98037982,-0.19408357,0
0.91498101,-3.8425593,0.7251873,0.034454197,-0.98037982,0.19408357,0
3.0700703,-2.9248464,4.8577156,-0.087694764,0.19048411,0.97776556,0
2.2073197,3.2896855,-4.1547594,-0.034454197,0.98037982,-0.19408357,0
-3.7544825,1.7200623,3.4757361,-0.087694764,0.19048411,0.97776556,0
4.0225377,-2.7763438,-3.2090707,0.087694764,-0.19048411,-0.97776556,0
1.8049214,-3.9883995,0.6509223,0.034454197,-0.98037982,0.19408357,0
3.7665334,3.8528848,1.633507,0.99555141,0.050708175,0.079411179,0
-4.179944,0.5359807,1.5475705,-0.99555141,-0.050708175,-0.079411179,0
2.106631,3.8995535,-1.4183049,-0.034454197,0.98037982,-0.19408357,0
0.56148577,3.7315528,-1.8885982,-0.034454197,0.98037982,-0.19408357,0
0.0050988197,4.73071,3.1170177,-0.087694764,0.19048411,0.97776556,0
-2.5857604,-0.03048563,-4.3854709,0.087694764,-0.19048411,-0.97776556,0
-1.5738044,-1.4043183,4.163126,-0.087694764,0.19048411,0.97776556,0
-3.5584533,-4.1663828,-2.1894848,-0.99555141,-0.050708175,-0.079411179,0
-4.3813591,1.1955261,3.3148506,-0.99555141,-0.050708175,-0.079411179,0
-4.422349,3.5238922,1.8058605,-0.99555141,-0.050708175,-0.079411179,0
-4.0097685,3.3076158,-2.1868372,-0.99555141,-0.050708175,-0.079411179,0
-3.826869,0.63933611,-3.1036139,-0.99555141,-0.050708175,-0.079411179,0
-3.864471,3.0651209,-2.6322193,-0.99555141,-0.050708175,-0.079411179,0
3.9817207,2.0428195,-1.5631297,0.99555141,0.050708175,0.079411179,0
0.5580883,4.2228546,3.300318,-0.087694764,0.19048411,0.97776556,0
-1.7100389,-0.10916615,3.904408,-0.087694764,0.19048411,0.97776556,0
-3.6437769,3.8751345,-0.34259176,-0.034454197,0.98037982,-0.19408357,0
0.20005655,1.2862029,-4.2328925,0.087694764,-0.19048411,-0.97776556,0
4.1828489,-3.3477678,0.24193048,0.99555141,0.050708175,0.079411179,0
3.838057,-4.2868605,-2.227241,0.034454197,-0.98037982,0.19408357,0
3.9628885,-0.84879947,2.4431007,0.99555141,0.050708175,0.079411179,0
-3.8628702,-3.0132146,0.59995025,-0.99555141,-0.050708175,-0.079411179,0
2.2208357,1.8913269,-4.3238864,0.087694764,-0.19048411,-0.97776556,0
-3.2757964,-4.1885872,-0.091987848,0.034454197,-0.98037982,0.19408357,0
-4.1653857,1.4672806,0.079156399,-0.99555141,-0.050708175,-0.079411179,0
1.8488169,4.4510689,3.3959503,-0.087694764,0.19048411,0.97776556,0
1.2510254,0.44023618,4.0574598,-0.087694764,0.19048411,0.97776556,0
-3.6188455,4.1056671,2.9401202,-0.087694764,0.19048411,0.97776556,0
-3.1767747,-4.6090112,-1.631052,0.034454197,-0.98037982,0.19408357,0
0.0034627914,1.8907468,3.7022314,-0.087694764,0.19048411,0.97776556,0
3.453506,1.6263947,4.0921326,-0.087694764,0.19048411,0.97776556,0
-3.5537105,3.9394603,-0.33333969,-0.034454197,0.98037982,-0.19408357,0
-3.914238,2.260515,-2.2221532,-0.99555141,-0.050708175,-0.079411179,0
-4.0574799,-0.66703749,1.6814052,-0.99555141,-0.050708175,-0.079411179,0
-0.21120262,-1.6663344,4.3836918,-0.087694764,0.19048411,0.97776556,0
0.067520142,2.5858378,-4.5215049,0.087694764,-0.19048411,-0.97776556,0
0.45447993,-4.472085,-3.2242982,0.087694764,-0.19048411,-0.97776556,0
0.85186768,-3.4437199,-3.2656722,0.087694764,-0.19048411,-0.97776556,0
4.0064797,0.5162468,-1.2326431,0.99555141,0.050708175,0.079411179,0
3.5742226,3.7917261,2.6969118,0.99555141,0.050708175,0.079411179,0
0.91149521,-2.640502,-3.5727205,0.087694764,-0.19048411,-0.97776556,0
3.9075823,2.6137257,0.66269207,0.99555141,0.050708175,0.079411179,0
3.5335927,1.4613295,-4.0521245,0.087694764,-0.19048411,-0.97776556,0
2.7781441,1.0433154,-3.9504175,0.087694764,-0.19048411,-0.97776556,0
1.4181762,3.5985672,-2.1688187,-0.034454197,0.98037982,-0.19408357,0
0.54885793,-3.434984,2.6907549,0.034454197,-0.98037982,0.19408357,0
-4.0400338,0.087196112,-1.0297251,-0.99555141,-0.050708175,-0.079411179,0
-1.0233243,-4.2335324,-0.19820404,0.034454197,-0.98037982,0.19408357,0
3.9555244,3.2576907,-1.8801377,0.99555141,0.050708175,0.079411179,0
3.9674263,0.26563621,1.298607,0.99555141,0.050708175,0.079411179,0
1.9262025,4.5628648,1.9274693,-0.034454197,0.98037982,-0.19408357,0
-3.4168005,3.9017243,0.12653112,-0.034454197,0.98037982,-0.19408357,0
0.034825325,-3.8651667,1.1772821,0.034454197,-0.98037982,0.19408357,0
3.7554071,2.0953913,0.71125019,0.99555141,0.050708175,0.079411179,0
-3.8861632,0.066462994,-2.703887,-0.99555141,-0.050708175,-0.079411179,0
-2.2122083,-3.3288729,4.3625288,0.034454197,-0.98037982,0.19408357,0
2.2607915,4.6122713,3.3045826,-0.087694764,0.19048411,0.97776556,0
4.2848158,-0.3548317,-2.0856969,0.99555141,0.050708175,0.079411179,0
2.2240515,3.0133777,-4.4279919,0.087694764,-0.19048411,-0.97776556,0
-2.3282533,-4.1184773,0.44956446,0.034454197,-0.98037982,0.19408357,0
-1.7001424,-4.0408306,0.30320048,0.034454197,-0.98037982,0.19408357,0
-4.0835238,0.30233812,1.3261859,-0.99555141,-0.050708175,-0.079411179,0
-0.083387852,-3.2767427,4.1556659,0.034454197,-0.98037982,0.19408357,0
-2.8512182,3.9478283,-0.36589909,-0.034454197,0.98037982,-0.19408357,0
-3.6058362,-3.4201102,-3.2676339,-0.99555141,-0.050708175,-0.079411179,0
-2.6892567,-0.36369741,-4.2155695,0.087694764,-0.19048411,-0.97776556,0
-3.7822545,-3.7787294,0.045188427,-0.99555141,-0.050708175,-0.079411179,0
3.6223342,2.8130417,3.6422453,0.99555141,0.050708175,0.079411179,0
1.8580056,3.909471,3.4678271,-0.087694764,0.19048411,0.97776556,0
-2.066529,4.3791757,1.6865597,-0.034454197,0.98037982,-0.19408357,0
-0.57711983,3.3386571,3.4799385,-0.087694764,0.19048411,0.97776556,0
1.4304333,-1.6882689,-3.6717072,0.087694764,-0.19048411,-0.97776556,0
3.1398847,-3.8202863,-2.9872088,0.087694764,-0.19048411,-0.97776556,0
0.31995964,-3.4857645,3.0625789,0.034454197,-0.98037982,0.19408357,0
-1.800245,-3.0730379,-3.6316552,0.087694764,-0.19048411,-0.97776556,0
1.8994987,-3.2286448,3.4915018,0.034454197,-0.98037982,0.19408357,0
4.2479563,0.13722038,-3.301069,0.99555141,0.050708175,0.079411179,0
-0.47703981,4.644865,3.1713479,-0.087694764,0.19048411,0.97776556,0
0.23744965,0.011321068,4.2058263,-0.087694764,0.19048411,0.97776556,0
1.7785819,4.6785264,2.9693813,-0.034454197,0.98037982,-0.19408357,0
-3.6070166,4.3730297,1.740027,-0.034454197,0.98037982,-0.19408357,0
-3.76,2.3248301,-4.8466911,-0.99555141,-0.050708175,-0.079411179,0
4.283493,1.7088366,-4.0706692,0.99555141,0.050708175,0.079411179,0
-4.0885277,2.5108767,3.1871943,-0.087694764,0.19048411,0.97776556,0
-3.7656631,-1.5039616,-1.0606356,-0.99555141,-0.050708175,-0.079411179,0
-4.2915421,2.3516884,1.5785739,-0.99555141,-0.050708175,-0.079411179,0
2.6262927,2.7521946,3.836452,-0.087694764,0.19048411,0.97776556,0
-1.2010841,-3.1893888,-3.5126398,0.087694764,-0.19048411,-0.97776556,0
3.9565151,3.1808584,-0.76104164,0.99555141,0.050708175,0.079411179,0
-0.18340302,-1.0630951,4.2799478,-0.087694764,0.19048411,0.97776556,0
4.3383265,-4.4338961,-2.9070415,0.087694764,-0.19048411,-0.97776556,0
3.8869953,-1.3482244,2.3315086,0.99555141,0.050708175,0.079411179,0
-0.094984055,-0.27654409,-4.1456218,0.087694764,-0.19048411,-0.97776556,0
-2.3287799,1.2020454,3.6934693,-0.087694764,0.19048411,0.97776556,0
-3.1133385,3.0337501,3.3017981,-0.087694764,0.19048411,0.97776556,0
3.246294,3.4404309,-4.1137567,-0.034454197,0.98037982,-0.19408357,0
-2.7552466,-0.78868282,-4.1283832,0.087694764,-0.19048411,-0.97776556,0
0.13148212,-0.058069706,4.1411314,-0.087694764,0.19048411,0.97776556,0
-4.1077881,3.0425277,-1.7458453,-0.99555141,-0.050708175,-0.079411179,0
3.9444873,-2.5078402,2.8992293,0.99555141,0.050708175,0.079411179,0
2.1837196,4.3604226,1.5234215,-0.034454197,0.98037982,-0.19408357,0
-2.8534405,-4.1350775,-0.14314461,0.034454197,-0.98037982,0.19408357,0
-1.5922432,-1.4109719,-3.8870773,0.087694764,-0.19048411,-0.97776556,0
1.6742957,-1.5527334,-3.6529467,0.087694764,-0.19048411,-0.97776556,0
1.2265372,-2.4045942,-3.5195086,0.087694764,-0.19048411,-0.97776556,0
-3.9137952,1.1376235,-1.8201983,-0.99555141,-0.050708175,-0.079411179,0
0.55682945,-3.0329819,4.6635709,-0.087694764,0.19048411,0.97776556,0
-4.0445957,-0.45788336,0.49127984,-0.99555141,-0.050708175,-0.079411179,0
3.4997501,4.7666097,3.1515603,0.99555141,0.050708175,0.079411179,0
0.62814903,-3.4829953,2.7826958,0.034454197,-0.98037982,0.19408357,0
3.9850552,-3.8320801,0.481884,0.034454197,-0.98037982,0.19408357,0
-2.7589202,3.752866,-0.9555707,-0.034454197,0.98037982,-0.19408357,0
-4.295105,3.1361971,0.54394913,-0.99555141,-0.050708175,-0.079411179,0
0.13069868,-0.80080211,4.3271546,-0.087694764,0.19048411,0.97776556,0
2.0271707,-1.2807479,-3.6796412,0.087694764,-0.19048411,-0.97776556,0
3.2682056,-4.0160956,-2.9135914,0.087694764,-0.19048411,-0.97776556,0
3.3316116,-2.8572776,4.9926968,-0.087694764,0.19048411,0.97776556,0
-1.2797375,-3.4040613,3.6528888,0.034454197,-0.98037982,0.19408357,0
-3.3792458,-4.5101838,-1.4910207,0.034454197,-0.98037982,0.19408357,0
3.5323608,-3.489356,-3.0650496,0.087694764,-0.19048411,-0.97776556,0
-1.1093538,-2.274776,-3.7798569,0.087694764,-0.19048411,-0.97776556,0
-4.1879892,-0.81712294,2.9017832,-0.99555141,-0.050708175,-0.079411179,0
-4.0094881,3.9155777,-0.033129215,-0.034454197,0.98037982,-0.19408357,0
0.91790056,4.4886742,1.6500449,-0.034454197,0.98037982,-0.19408357,0
0.82464439,4.1886497,-0.041160822,-0.034454197,0.98037982,-0.19408357,0
-3.8458273,-2.1885612,0.08292231,-0.99555141,-0.050708175,-0.079411179,0
-4.0828214,-0.55485868,1.3166783,-0.99555141,-0.050708175,-0.079411179,0
4.3200364,0.72448063,-3.0106616,0.99555141,0.050708175,0.079411179,0
-1.4049841,4.5625844,3.1364524,-0.087694764,0.19048411,0.97776556,0
1.5588245,2.4915736,-4.5031033,0.087694764,-0.19048411,-0.97776556,0
-2.8886933,0.061604619,-4.3927779,0.087694764,-0.19048411,-0.97776556,0
4.4218454,-3.1944542,-2.8588176,0.99555141,0.050708175,0.079411179,0
2.5933371,3.7219853,-2.5795372,-0.034454197,0.98037982,-0.19408357,0
-3.5350246,-3.2359061,-2.9791462,-0.99555141,-0.050708175,-0.079411179,0
1.3946443,-3.994329,0.39604616,0.034454197,-0.98037982,0.19408357,0
-1.2929639,4.1404595,0.80802965,-0.034454197,0.98037982,-0.19408357,0
-4.296577,-1.2465925,3.81706,-0.99555141,-0.050708175,-0.079411179,0
1.2130761,-2.4893889,4.6560421,-0.087694764,0.19048411,0.97776556,0
3.5550423,-3.3182211,-3.1584485,0.087694764,-0.19048411,-0.97776556,0
-0.28662834,4.0847683,0.46806002,-0.034454197,0.98037982,-0.19408357,0
1.952271,2.0509682,-4.2833581,0.087694764,-0.19048411,-0.97776556,0
-4.1667147,2.8755624,-0.098083973,-0.99555141,-0.050708175,-0.079411179,0
-3.7541256,1.9254706,-4.8890929,-0.99555141,-0.050708175,-0.079411179,0
0.60220766,-1.050357,-3.8730698,0.087694764,-0.19048411,-0.97776556,0
-2.8251438,-1.6811588,4.2410212,-0.087694764,0.19048411,0.97776556,0
-4.0228958,3.7265625,-1.5287066,-0.034454197,0.98037982,-0.19408357,0
4.1374521,-0.23404789,-3.6514664,0.087694764,-0.19048411,-0.97776556,0
-2.5242355,-4.8270202,-3.3415165,0.087694764,-0.19048411,-0.97776556,0
3.3351207,-3.9531367,-0.20346832,0.034454197,-0.98037982,0.19408357,0
4.0131464,-4.573432,-2.7909045,0.034454197,-0.98037982,0.19408357,0
3.7467732,1.0868907,3.1926384,0.99555141,0.050708175,0.079411179,0
3.912117,1.0446103,-0.50874156,0.99555141,0.050708175,0.079411179,0
2.7301736,4.5112329,2.1125069,-0.034454197,0.98037982,-0.19408357,0
1.6368759,0.25355953,4.1991329,-0.087694764,0.19048411,0.97776556,0
3.8917797,-2.7073593,2.4717517,0.99555141,0.050708175,0.079411179,0
2.1840119,4.7567616,3.0105801,-0.034454197,0.98037982,-0.19408357,0
3.4686043,4.1680274,-0.6667192,-0.034454197,0.98037982,-0.19408357,0
-3.0512519,1.5668992,-4.6162643,0.087694764,-0.19048411,-0.97776556,0
-2.8439174,-4.7627878,-2.9722433,0.034454197,-0.98037982,0.19408357,0
-4.2649927,-1.7277198,3.2969742,-0.99555141,-0.050708175,-0.079411179,0
-1.3788567,3.7211089,-1.1475015,-0.034454197,0.98037982,-0.19408357,0
2.3633795,1.5177963,4.0458713,-0.087694764,0.19048411,0.97776556,0
-0.43488312,-3.3846679,3.2331452,0.034454197,-0.98037982,0.19408357,0
-0.22479057,2.4176066,-4.4983196,0.087694764,-0.19048411,-0.97776556,0
-0.41626596,3.2827737,-4.0248203,-0.034454197,0.98037982,-0.19408357,0
3.7424536,-2.7876694,4.3584146,0.99555141,0.050708175,0.079411179,0
2.9211385,-1.4464724,4.5488939,-0.087694764,0.19048411,0.97776556,0
4.0644417,3.5802622,-2.2488363,0.99555141,0.050708175,0.079411179,0
-4.1768532,3.8242514,-0.49346304,-0.99555141,-0.050708175,-0.079411179,0
2.2897468,-3.1865232,4.278966,0.034454197,-0.98037982,0.19408357,0
-2.2304201,4.0188255,0.17580032,-0.034454197,0.98037982,-0.19408357,0
4.0143671,-1.1050463,1.092417,0.99555141,0.050708175,0.079411179,0
4.4564767,-3.0547113,-2.3243299,0.99555141,0.050708175,0.079411179,0
-4.163671,0.022593975,1.5319351,-0.99555141,-0.050708175,-0.079411179,0
3.7607193,3.2360091,0.30504227,0.99555141,0.050708175,0.079411179,0
4.2171354,-3.184094,-0.36066723,0.99555141,0.050708175,0.079411179,0
4.2710629,1.338028,-2.9690685,0.99555141,0.050708175,0.079411179,0
3.8004401,0.28682923,3.2793727,0.99555141,0.050708175,0.079411179,0
-2.3576081,-4.3858452,-1.1769176,0.034454197,-0.98037982,0.19408357,0
-4.0935464,-2.6371017,3.7171769,-0.99555141,-0.050708175,-0.079411179,0
4.20086,0.56541109,-1.7752004,0.99555141,0.050708175,0.079411179,0
3.166285,-2.4944656,-3.4193473,0.087694764,-0.19048411,-0.97776556,0
-3.5053802,3.6414418,-1.9579253,-0.034454197,0.98037982,-0.19408357,0
-3.4375186,-3.8281682,-3.6727936,0.087694764,-0.19048411,-0.97776556,0
-3.9132717,2.1141841,-1.413336,-0.99555141,-0.050708175,-0.079411179,0
-3.6911139,3.0031645,-4.9171729,0.087694764,-0.19048411,-0.97776556,0
-4.0076356,1.3289368,-1.0530903,-0.99555141,-0.050708175,-0.079411179,0
-2.1390731,-3.3981853,3.3262243,0.034454197,-0.98037982,0.19408357,0
3.426729,4.7888069,2.735065,-0.034454197,0.98037982,-0.19408357,0
4.211133,-2.8849511,-0.99911928,0.99555141,0.050708175,0.079411179,0
3.9664347,-2.0906167,2.2561977,0.99555141,0.050708175,0.079411179,0
1.8606136,4.2774448,0.92557025,-0.034454197,0.98037982,-0.19408357,0
1.1681468,-3.8443506,-3.2092867,0.087694764,-0.19048411,-0.97776556,0
3.7643974,1.8704765,1.3688426,0.99555141,0.050708175,0.079411179,0
2.2156525,-2.6078794,-3.3843236,0.087694764,-0.19048411,-0.97776556,0
3.5665972,-0.87976956,4.6502032,-0.087694764,0.19048411,0.97776556,0
0.074838459,4.4387178,1.6876428,-0.034454197,0.98037982,-0.19408357,0
1.5232787,-1.4941685,4.4745145,-0.087694764,0.19048411,0.97776556,0
-3.5537124,-3.3785644,4.3462219,0.034454197,-0.98037982,0.19408357,0
3.7863491,-2.7715924,4.4969206,0.99555141,0.050708175,0.079411179,0
-3.7533579,3.1579061,-4.2783232,-0.99555141,-0.050708175,-0.079411179,0
4.1178021,1.5058436,-3.4243593,0.99555141,0.050708175,0.079411179,0
4.1076012,2.1906664,-2.5424111,0.99555141,0.050708175,0.079411179,0
-0.025736332,-1.7676846,4.4339418,-0.087694764,0.19048411,0.97776556,0
1.4403396,-3.22788,4.4368105,0.034454197,-0.98037982,0.19408357,0
-3.9058456,-2.6720569,-0.46438399,-0.99555141,-0.050708175,-0.079411179,0
3.0798094,-2.965369,-3.2119501,0.087694764,-0.19048411,-0.97776556,0
3.8168364,0.34570146,3.2622676,0.99555141,0.050708175,0.079411179,0
0.043546975,-4.1665854,-0.66290236,0.034454197,-0.98037982,0.19408357,0
0.82526255,2.0140634,3.7409258,-0.087694764,0.19048411,0.97776556,0
3.4372954,3.952312,-0.88820934,-0.034454197,0.98037982,-0.19408357,0
4.026515,3.5694535,-2.8176131,-0.034454197,0.98037982,-0.19408357,0
-4.2138615,3.0784001,-0.56219387,-0.99555141,-0.050708175,-0.079411179,0
3.9251671,-2.4577928,3.2145143,0.99555141,0.050708175,0.079411179,0
-1.5712373,1.0849299,3.7254555,-0.087694764,0.19048411,0.97776556,0
-2.3315568,-0.49951652,-4.1171246,0.087694764,-0.19048411,-0.97776556,0
-3.1619167,-3.8003707,1.536163,0.034454197,-0.98037982,0.19408357,0
-0.36556196,-3.2918937,3.9915624,0.034454197,-0.98037982,0.19408357,0
4.1901321,-1.4877048,-1.8144174,0.99555141,0.050708175,0.079411179,0
4.3342552,-1.4420176,-3.0985808,0.99555141,0.050708175,0.079411179,0
-3.905808,-2.4136155,-0.19504979,-0.99555141,-0.050708175,-0.079411179,0
-4.003932,1.3752503,-1.1021543,-0.99555141,-0.050708175,-0.079411179,0
0.96530247,-2.432301,-3.5623844,0.087694764,-0.19048411,-0.97776556,0
-3.7119899,3.4272981,-2.4353065,-0.034454197,0.98037982,-0.19408357,0
4.1174688,-1.704186,-3.3509543,0.087694764,-0.19048411,-0.97776556,0
-1.7696683,-3.6389327,2.3942685,0.034454197,-0.98037982,0.19408357,0
-3.2979591,-3.9786277,1.0411751,0.034454197,-0.98037982,0.19408357,0
-2.7385614,-4.2182341,-0.39749122,0.034454197,-0.98037982,0.19408357,0
-3.764111,-3.9902542,1.4215696,0.034454197,-0.98037982,0.19408357,0
-3.6026986,-3.1696222,-2.2631533,-0.99555141,-0.050708175,-0.079411179,0
1.514396,-2.7733254,-3.4984436,0.087694764,-0.19048411,-0.97776556,0
1.3599405,0.7323128,4.1335793,-0.087694764,0.19048411,0.97776556,0
1.6989136,-1.6508045,-3.6195788,0.087694764,-0.19048411,-0.97776556,0
4.0320778,1.9563935,-0.78374934,0.99555141,0.050708175,0.079411179,0
-0.55420303,1.5027572,-4.4191484,0.087694764,-0.19048411,-0.97776556,0
-2.6736324,-0.95462918,3.9936321,-0.087694764,0.19048411,0.97776556,0
-4.047327,1.6066475,3.4595261,-0.087694764,0.19048411,0.97776556,0
-3.8224108,1.9438746,-3.2040863,-0.99555141,-0.050708175,-0.079411179,0
3.672286,-0.46380734,3.4689841,0.99555141,0.050708175,0.079411179,0
4.1296573,0.23218536,-0.29818833,0.99555141,0.050708175,0.079411179,0
-3.8003502,-2.5533509,4.2087135,-0.087694764,0.19048411,0.97776556,0
3.9063396,-0.25133657,1.0138416,0.99555141,0.050708175,0.079411179,0
-4.3527699,0.36259031,3.6999209,-0.087694764,0.19048411,0.97776556,0
4.190815,-3.7718501,-0.2435751,0.99555141,0.050708175,0.079411179,0
-0.16375971,-3.3240011,3.8483746,0.034454197,-0.98037982,0.19408357,0
-3.8319609,-0.0092935562,-2.100966,-0.99555141,-0.050708175,-0.079411179,0
-0.32432699,-3.3880801,3.2957637,0.034454197,-0.98037982,0.19408357,0
3.7706492,2.6149135,1.5816058,0.99555141,0.050708175,0.079411179,0
-0.84506488,-3.0304148,-3.5652659,0.087694764,-0.19048411,-0.97776556,0
-4.1113753,-0.53915501,1.4317721,-0.99555141,-0.050708175,-0.079411179,0
-2.7668176,2.586122,-4.9065323,0.087694764,-0.19048411,-0.97776556,0
-0.62141609,-4.7957592,-3.048265,0.034454197,-0.98037982,0.19408357,0
2.146281,3.9357791,-0.94008636,-0.034454197,0.98037982,-0.19408357,0
-0.98872042,0.47215348,-4.3424273,0.087694764,-0.19048411,-0.97776556,0
2.8138716,4.0415702,-0.52218175,-0.034454197,0.98037982,-0.19408357,0
-0.13256155,-4.3109035,-0.95038366,0.034454197,-0.98037982,0.19408357,0
3.9070582,-0.94277072,1.0114698,0.99555141,0.050708175,0.079411179,0
-3.8978868,-1.1489041,-0.82856518,-0.99555141,-0.050708175,-0.079411179,0
-0.34067011,-0.50204027,-4.0346975,0.087694764,-0.19048411,-0.97776556,0
-2.5225043,4.0688238,3.0646553,-0.087694764,0.19048411,0.97776556,0
-3.7323334,1.9326013,-4.0399365,-0.99555141,-0.050708175,-0.079411179,0
-4.0118198,3.6540399,3.0991478,-0.087694764,0.19048411,0.97776556,0
-1.7576849,0.0032997131,3.8776011,-0.087694764,0.19048411,0.97776556,0
-3.8567865,-1.6961293,0.23389766,-0.99555141,-0.050708175,-0.079411179,0
0.85809755,-3.8413501,-3.2988474,0.087694764,-0.19048411,-0.97776556,0
3.6535149,1.0267448,2.8227351,0.99555141,0.050708175,0.079411179,0
-0.99740672,4.0051408,0.25497341,-0.034454197,0.98037982,-0.19408357,0
-3.817054,-1.5338993,-1.3507406,-0.99555141,-0.050708175,-0.079411179,0
1.1947422,3.2587175,-4.4662066,-0.034454197,0.98037982,-0.19408357,0
-0.96290779,-1.9721942,4.3901424,-0.087694764,0.19048411,0.97776556,0
-3.9698937,-3.8740492,1.694422,-0.99555141,-0.050708175,-0.079411179,0
3.9149411,1.7793295,0.13599893,0.99555141,0.050708175,0.079411179,0
-3.9041815,0.17041302,-0.73971224,-0.99555141,-0.050708175,-0.079411179,0
-3.7348404,-2.1772017,4.1674581,-0.087694764,0.19048411,0.97776556,0
3.6225977,1.4046474,4.0718508,0.99555141,0.050708175,0.079411179,0
-0.72373152,4.3630724,3.1565783,-0.087694764,0.19048411,0.97776556,0
2.8755796,4.5208344,1.8105892,-0.034454197,0.98037982,-0.19408357,0
2.999088,-3.9265201,0.062171936,0.034454197,-0.98037982,0.19408357,0
-4.3304892,2.1396399,2.0222747,-0.99555141,-0.050708175,-0.079411179,0
-0.96575475,-2.0477607,-3.6783381,0.087694764,-0.19048411,-0.97776556,0
-4.2530408,-1.2061296,3.2932439,-0.99555141,-0.050708175,-0.079411179,0
3.7858696,-2.8683667,3.4908905,0.99555141,0.050708175,0.079411179,0
0.051649928,-4.0401258,0.15545321,0.034454197,-0.98037982,0.19408357,0
0.45445275,-1.6174169,-3.7865529,0.087694764,-0.19048411,-0.97776556,0
-3.7048407,-4.5132375,-1.8223159,-0.99555141,-0.050708175,-0.079411179,0
-0.34505045,3.9303634,-1.0010128,-0.034454197,0.98037982,-0.19408357,0
-3.8475349,0.54563761,-1.3067839,-0.99555141,-0.050708175,-0.079411179,0
-4.115859,-3.2076097,3.9845598,-0.99555141,-0.050708175,-0.079411179,0
-1.4083219,2.5032794,-4.6258163,0.087694764,-0.19048411,-0.97776556,0
-2.8274157,2.0805576,-4.7356443,0.087694764,-0.19048411,-0.97776556,0
2.7932045,-0.12887383,-3.8000069,0.087694764,-0.19048411,-0.97776556,0
-3.1269982,2.3546448,3.4508352,-0.087694764,0.19048411,0.97776556,0
4.3887877,0.41599703,-3.7463284,0.99555141,0.050708175,0.079411179,0
-0.028240681,0.75808191,-4.1452346,0.087694764,-0.19048411,-0.97776556,0
3.6826303,-1.6456108,-3.4290328,0.087694764,-0.19048411,-0.97776556,0
-2.5591545,3.8461123,-0.27948427,-0.034454197,0.98037982,-0.19408357,0
-3.9265256,-2.2618566,0.35963005,-0.99555141,-0.050708175,-0.079411179,0
-2.6596212,1.0738438,-4.5303268,0.087694764,-0.19048411,-0.97776556,0
-4.05441,-2.2688797,2.5939794,-0.99555141,-0.050708175,-0.079411179,0
-3.8212729,-0.68832088,-0.79520738,-0.99555141,-0.050708175,-0.079411179,0
3.9475472,0.58416748,1.3422828,0.99555141,0.050708175,0.079411179,0
-2.2033057,3.6210728,-2.1838717,-0.034454197,0.98037982,-0.19408357,0
0.16746426,2.1946268,-4.4697609,0.087694764,-0.19048411,-0.97776556,0
-4.278862,-0.04227972,3.6451054,-0.99555141,-0.050708175,-0.079411179,0
-3.9841602,0.96026278,-0.31965828,-0.99555141,-0.050708175,-0.079411179,0
-1.8351915,-4.1590471,0.35547495,0.034454197,-0.98037982,0.19408357,0
-2.1110656,0.087372065,3.9607019,-0.087694764,0.19048411,0.97776556,0
0.050887585,3.7348092,-1.8214009,-0.034454197,0.98037982,-0.19408357,0
0.74539095,-4.0926189,0.11956835,0.034454197,-0.98037982,0.19408357,0
-3.7064557,0.82595193,-4.2817116,-0.99555141,-0.050708175,-0.079411179,0
3.958077,3.3071275,-4.3918986,-0.034454197,0.98037982,-0.19408357,0
0.52630568,1.2718472,3.9517231,-0.087694764,0.19048411,0.97776556,0
-0.48385334,-4.5900331,-2.4027119,0.034454197,-0.98037982,0.19408357,0
3.690937,3.126729,1.5446112,0.99555141,0.050708175,0.079411179,0
-3.4212718,1.5520877,-4.7240853,0.087694764,-0.19048411,-0.97776556,0
-0.97715497,3.8094115,-1.0412188,-0.034454197,0.98037982,-0.19408357,0
3.9196262,3.518158,-3.483078,-0.034454197,0.98037982,-0.19408357,0
2.103477,-0.3098352,-3.921603,0.087694764,-0.19048411,-0.97776556,0
2.825336,-3.0954382,4.8228579,0.034454197,-0.98037982,0.19408357,0
-3.310163,-1.7147789,4.2209826,-0.087694764,0.19048411,0.97776556,0
-1.1708336,-2.3298917,4.4852486,-0.087694764,0.19048411,0.97776556,0
3.7925842,-3.8755696,-0.018948555,0.034454197,-0.98037982,0.19408357,0
-4.1361303,1.0652356,1.8598679,-0.99555141,-0.050708175,-0.079411179,0
1.2766937,3.8180299,-1.1596935,-0.034454197,0.98037982,-0.19408357,0
-4.1341162,-1.5439906,3.3982706,-0.99555141,-0.050708175,-0.079411179,0
4.3767762,-3.1436906,-1.3913164,0.99555141,0.050708175,0.079411179,0
4.1571989,1.4622278,-3.8127208,0.99555141,0.050708175,0.079411179,0
1.2269067,-3.7938738,1.1680446,0.034454197,-0.98037982,0.19408357,0
2.1664457,-2.9408717,4.9180436,-0.087694764,0.19048411,0.97776556,0
1.9213104,3.4393911,-3.6823764,-0.034454197,0.98037982,-0.19408357,0
1.4581447,1.817492,-4.4106193,0.087694764,-0.19048411,-0.97776556,0
3.1454878,1.5124922,-4.1761799,0.087694764,-0.19048411,-0.97776556,0
3.8117659,-0.54906702,2.0384803,0.99555141,0.050708175,0.079411179,0
2.0697379,-4.169333,-0.9296174,0.034454197,-0.98037982,0.19408357,0
4.0265427,1.1776667,-3.9197316,0.087694764,-0.19048411,-0.97776556,0
3.5385466,3.4080412,-4.2831898,-0.034454197,0.98037982,-0.19408357,0
0.73838723,3.892086,-1.0202918,-0.034454197,0.98037982,-0.19408357,0
0.98043966,-3.6452069,-3.2308855,0.087694764,-0.19048411,-0.97776556,0
0.64133561,-4.0993781,-0.33000565,0.034454197,-0.98037982,0.19408357,0
-0.45345759,1.5507355,3.8123095,-0.087694764,0.19048411,0.97776556,0
2.2030745,-3.7928669,0.73763704,0.034454197,-0.98037982,0.19408357,0
-0.63758659,-0.99925661,4.2059531,-0.087694764,0.19048411,0.97776556,0
-0.64715469,4.0098104,-0.3750205,-0.034454197,0.98037982,-0.19408357,0
-3.8221905,3.0097747,-4.1939392,-0.99555141,-0.050708175,-0.079411179,0
-4.1132774,3.8884437,0.065000534,-0.034454197,0.98037982,-0.19408357,0
1.650982,-3.7695961,1.4881177,0.034454197,-0.98037982,0.19408357,0
-1.2137065,2.8290422,3.4439018,-0.087694764,0.19048411,0.97776556,0
-0.98887742,4.1223807,0.13114691,-0.034454197,0.98037982,-0.19408357,0
2.6770902,-3.3066831,3.5176442,0.034454197,-0.98037982,0.19408357,0
-3.6157219,-4.2865081,-3.5114279,-0.99555141,-0.050708175,-0.079411179,0
-4.1142273,-2.7443676,2.2792077,-0.99555141,-0.050708175,-0.079411179,0
-2.9810383,-3.9448113,0.79372168,0.034454197,-0.98037982,0.19408357,0
0.0086085796,3.872683,-0.63881326,-0.034454197,0.98037982,-0.19408357,0
2.9263725,4.7352791,2.7516613,-0.034454197,0.98037982,-0.19408357,0
0.37163877,3.8255484,-1.4324524,-0.034454197,0.98037982,-0.19408357,0
1.0919824,-0.50018001,4.386477,-0.087694764,0.19048411,0.97776556,0
3.9302912,-2.6596403,3.5425463,0.99555141,0.050708175,0.079411179,0
1.6167228,-3.7309856,1.9025888,0.034454197,-0.98037982,0.19408357,0
3.8707418,-3.2006679,3.85812,0.034454197,-0.98037982,0.19408357,0
3.7216029,1.8423719,-4.1387911,0.087694764,-0.19048411,-0.97776556,0
3.7640028,-4.3126621,-1.8753204,0.034454197,-0.98037982,0.19408357,0
-1.2702961,-3.5169089,3.4353924,0.034454197,-0.98037982,0.19408357,0
3.9905496,2.3059952,-0.64220726,0.99555141,0.050708175,0.079411179,0
-3.8601754,0.57685995,3.7068183,-0.087694764,0.19048411,0.97776556,0
-2.7997565,3.2642663,-3.5189493,-0.034454197,0.98037982,-0.19408357,0
-3.9519072,0.12830782,-0.05466342,-0.99555141,-0.050708175,-0.079411179,0
-0.033138275,-3.7143154,2.1928728,0.034454197,-0.98037982,0.19408357,0
-4.1501837,0.81848717,1.1262231,-0.99555141,-0.050708175,-0.079411179,0
-0.985695,-4.1583366,-0.43779063,0.034454197,-0.98037982,0.19408357,0
3.3400373,-3.7715487,0.98849392,0.034454197,-0.98037982,0.19408357,0
-4.2906251,4.4219022,2.1151948,-0.034454197,0.98037982,-0.19408357,0
0.13176489,-3.2292647,4.6157084,0.034454197,-0.98037982,0.19408357,0
3.9298162,3.0622916,-0.84498936,0.99555141,0.050708175,0.079411179,0
-1.9286437,1.1071159,-4.5741696,0.087694764,-0.19048411,-0.97776556,0
2.5856619,0.55379343,4.2453337,-0.087694764,0.19048411,0.97776556,0
-0.64362907,2.6331964,-4.733459,0.087694764,-0.19048411,-0.97776556,0
-2.8407354,2.9602838,-4.8908701,-0.034454197,0.98037982,-0.19408357,0
1.6523218,-4.0142331,0.37060165,0.034454197,-0.98037982,0.19408357,0
-0.92720211,3.9711726,-0.74550247,-0.034454197,0.98037982,-0.19408357,0
1.8450415,3.6189146,-2.2905321,-0.034454197,0.98037982,-0.19408357,0
4.2284832,-0.29615307,-3.1622486,0.99555141,0.050708175,0.079411179,0
-0.4633964,-4.4722652,-1.4074209,0.034454197,-0.98037982,0.19408357,0
-0.23010111,0.33849072,3.96877,-0.087694764,0.19048411,0.97776556,0
-2.6443677,1.2908106,-4.496655,0.087694764,-0.19048411,-0.97776556,0
0.84057176,4.0853229,-0.18988419,-0.034454197,0.98037982,-0.19408357,0
0.54080629,4.7078986,2.7131295,-0.034454197,0.98037982,-0.19408357,0
-3.0799725,-4.1578255,-0.22923732,0.034454197,-0.98037982,0.19408357,0
-3.8612895,-1.1073062,-0.56160051,-0.99555141,-0.050708175,-0.079411179,0
1.4574549,-4.1964154,-0.8603797,0.034454197,-0.98037982,0.19408357,0
3.2554862,-2.3039947,4.8134828,-0.087694764,0.19048411,0.97776556,0
2.2125726,3.3885665,-4.2654905,-0.034454197,0.98037982,-0.19408357,0
-4.0347905,-1.8125825,1.7105021,-0.99555141,-0.050708175,-0.079411179,0
1.1145263,-0.6416204,-3.8030949,0.087694764,-0.19048411,-0.97776556,0
0.83624029,1.4397756,3.9857492,-0.087694764,0.19048411,0.97776556,0
3.5219405,0.86369181,-3.9264369,0.087694764,-0.19048411,-0.97776556,0
-3.6522522,-3.3651774,-1.4142745,-0.99555141,-0.050708175,-0.079411179,0
-1.1996274,-2.9755163,4.520977,-0.087694764,0.19048411,0.97776556,0
-3.8660851,-2.5008183,-1.2387515,-0.99555141,-0.050708175,-0.079411179,0
3.2983198,-3.8997831,0.82328892,0.034454197,-0.98037982,0.19408357,0
3.5580537,4.1815243,3.2012405,0.99555141,0.050708175,0.079411179,0
3.0719385,1.2460723,4.1104827,-0.087694764,0.19048411,0.97776556,0
-3.8312397,1.7428752,-3.6387925,-0.99555141,-0.050708175,-0.079411179,0
-4.0258107,-3.4056685,2.670794,-0.99555141,-0.050708175,-0.079411179,0
2.8687558,0.38981676,-3.8448365,0.087694764,-0.19048411,-0.97776556,0
4.3674612,-3.965585,-2.5479975,0.99555141,0.050708175,0.079411179,0
-0.14507532,1.0996916,3.8730481,-0.087694764,0.19048411,0.97776556,0
-4.2068844,2.1921809,0.92961073,-0.99555141,-0.050708175,-0.079411179,0
3.6313643,3.2273335,-4.3798079,0.087694764,-0.19048411,-0.97776556,0
0.62879062,-1.1617936,-3.8325219,0.087694764,-0.19048411,-0.97776556,0
-1.9342134,-4.4398341,-3.3932059,0.087694764,-0.19048411,-0.97776556,0
2.1366034,-3.0639701,4.5032501,0.034454197,-0.98037982,0.19408357,0
0.22869611,-1.116946,-3.9392922,0.087694764,-0.19048411,-0.97776556,0
2.7694736,2.1513433,-4.3112082,0.087694764,-0.19048411,-0.97776556,0
-2.4540033,-4.800159,-3.4049439,0.087694764,-0.19048411,-0.97776556,0
4.2248402,-0.19263124,-3.6903405,0.087694764,-0.19048411,-0.97776556,0
1.4878981,-1.0653956,-3.7521873,0.087694764,-0.19048411,-0.97776556,0
3.954494,-0.14681029,1.3782908,0.99555141,0.050708175,0.079411179,0
3.5859487,1.2852552,3.9084144,0.99555141,0.050708175,0.079411179,0
-3.6083133,-4.2381148,-2.4692106,-0.99555141,-0.050708175,-0.079411179,0
0.2654748,-3.4329362,3.6633456,0.034454197,-0.98037982,0.19408357,0
3.3601866,2.5768158,3.9501958,-0.087694764,0.19048411,0.97776556,0
-4.1774869,1.193749,0.92155695,-0.99555141,-0.050708175,-0.079411179,0
-1.9968153,4.5852613,2.8673244,-0.034454197,0.98037982,-0.19408357,0
-0.60765409,0.40163285,-4.2459793,0.087694764,-0.19048411,-0.97776556,0
0.9371233,-3.1317205,4.7871838,-0.087694764,0.19048411,0.97776556,0
2.5371799,-0.99711102,4.4716029,-0.087694764,0.19048411,0.97776556,0
-0.63081813,-1.427932,-3.7725167,0.087694764,-0.19048411,-0.97776556,0
2.1398931,3.8428464,-1.2897675,-0.034454197,0.98037982,-0.19408357,0
0.97288609,3.5421884,-3.3480999,-0.034454197,0.98037982,-0.19408357,0
0.46720076,3.896986,-0.58497429,-0.034454197,0.98037982,-0.19408357,0
3.6531522,-3.5763977,1.8101153,0.034454197,-0.98037982,0.19408357,0
3.6353216,3.6833787,-2.6374934,-0.034454197,0.98037982,-0.19408357,0
-4.1670084,2.9446564,-0.93351603,-0.99555141,-0.050708175,-0.079411179,0
-1.4451852,2.0351925,-4.7151985,0.087694764,-0.19048411,-0.97776556,0
-3.7852015,4.0047684,2.982389,-0.087694764,0.19048411,0.97776556,0
-1.7082691,0.94955969,3.769978,-0.087694764,0.19048411,0.97776556,0
4.2965698,0.75761747,-3.508004,0.99555141,0.050708175,0.079411179,0
-2.7752542,-2.0562384,-3.9374137,0.087694764,-0.19048411,-0.97776556,0
3.8066111,2.8245997,1.4238188,0.99555141,0.050708175,0.079411179,0
-4.0170622,-3.9156477,1.9859159,0.034454197,-0.98037982,0.19408357,0
-1.2727537,4.4388828,2.3248284,-0.034454197,0.98037982,-0.19408357,0
3.9847693,-1.2393818,1.8842251,0.99555141,0.050708175,0.079411179,0
-0.38411212,-4.2335176,-3.3632731,0.087694764,-0.19048411,-0.97776556,0
-3.304986,3.220417,-4.0706739,-0.034454197,0.98037982,-0.19408357,0
-0.082256794,-3.5306239,2.532197,0.034454197,-0.98037982,0.19408357,0
3.8977814,1.340266,0.54939222,0.99555141,0.050708175,0.079411179,0
-4.2058606,2.3464847,1.5961416,-0.99555141,-0.050708175,-0.079411179,0
0.64286327,4.1473212,3.3128576,-0.087694764,0.19048411,0.97776556,0
0.39033175,2.5193789,-4.4841204,0.087694764,-0.19048411,-0.97776556,0
-0.88052797,1.9558992,-4.6301727,0.087694764,-0.19048411,-0.97776556,0
-3.0637634,1.2005687,3.5836213,-0.087694764,0.19048411,0.97776556,0
3.1746314,-4.4039917,-2.343142,0.034454197,-0.98037982,0.19408357,0
-1.9284532,-3.7668195,2.3419509,0.034454197,-0.98037982,0.19408357,0
0.49030313,4.4455881,1.6775074,-0.034454197,0.98037982,-0.19408357,0
3.7273788,-4.1382236,-1.1182518,0.034454197,-0.98037982,0.19408357,0
-2.1062064,1.7777286,-4.6861053,0.087694764,-0.19048411,-0.97776556,0
-3.9276719,2.8119528,-2.3578949,-0.99555141,-0.050708175,-0.079411179,0
-3.953738,-3.6327596,1.5187227,-0.99555141,-0.050708175,-0.079411179,0
3.5010197,3.5850194,-3.1539779,-0.034454197,0.98037982,-0.19408357,0
2.0990248,-3.9848213,0.53363132,0.034454197,-0.98037982,0.19408357,0
-1.89811,4.1888804,0.38279152,-0.034454197,0.98037982,-0.19408357,0
-3.3696597,-0.88939571,3.9567442,-0.087694764,0.19048411,0.97776556,0
1.233928,4.6587625,3.010679,-0.034454197,0.98037982,-0.19408357,0
-0.90658712,3.1410418,-4.1653643,-0.034454197,0.98037982,-0.19408357,0
0.53026152,3.2677178,-4.2899289,-0.034454197,0.98037982,-0.19408357,0
4.3714347,-2.3538108,-2.0489383,0.99555141,0.050708175,0.079411179,0
-0.29766107,-2.811491,-3.4964893,0.087694764,-0.19048411,-0.97776556,0
-0.91047454,4.1518884,0.64598751,-0.034454197,0.98037982,-0.19408357,0
-0.25594902,0.2893666,3.9438438,-0.087694764,0.19048411,0.97776556,0
-2.2671435,4.3472838,1.7051301,-0.034454197,0.98037982,-0.19408357,0
4.151618,1.36131,-1.7416466,0.99555141,0.050708175,0.079411179,0
-4.0539598,3.0785606,-2.2271271,-0.99555141,-0.050708175,-0.079411179,0
-2.6160946,-0.9775641,-4.0534315,0.087694764,-0.19048411,-0.97776556,0
0.56096768,-3.740514,1.1445897,0.034454197,-0.98037982,0.19408357,0
1.8683157,4.8056202,3.0327349,-0.034454197,0.98037982,-0.19408357,0
-3.5765502,-4.0359697,-2.0884063,-0.99555141,-0.050708175,-0.079411179,0
-3.9745831,-2.0572159,1.1236789,-0.99555141,-0.050708175,-0.079411179,0
4.1367078,0.18345594,-2.814187,0.99555141,0.050708175,0.079411179,0
