3.1205993,0.36126423,5.0295243,0.98040676,-0.086027503,0.17720559,0
3.4488637,-3.9749553,1.9880881,0.98040676,-0.086027503,0.17720559,0
1.6219177,4.8797889,0.36373234,0.11561909,0.97964668,-0.16408694,0
3.0549283,-5.0779743,2.2218881,-0.11561909,-0.97964668,0.16408694,0
1.2372203,4.2512584,-4.2918978,0.11561909,0.97964668,-0.16408694,0
-0.28081906,-5.3134155,-1.567338,-0.11561909,-0.97964668,0.16408694,0
-2.6023457,-5.4330049,-3.2315316,-0.11561909,-0.97964668,0.16408694,0
-3.4027653,2.5785761,4.0301991,-0.15948284,0.18136039,0.97039866,0
2.6358321,-0.041021824,5.5166812,-0.15948284,0.18136039,0.97039866,0
4.4136963,4.3766437,-0.65823269,0.11561909,0.97964668,-0.16408694,0
3.4270296,-2.0477605,3.059243,0.98040676,-0.086027503,0.17720559,0
3.0855272,0.3768729,5.3518124,0.98040676,-0.086027503,0.17720559,0
-0.19103646,-4.6051211,2.4150743,-0.11561909,-0.97964668,0.16408694,0
3.5100608,3.2910438,4.2217898,0.98040676,-0.086027503,0.17720559,0
1.1779804,1.5932945,5.1168594,-0.15948284,0.18136039,0.97039866,0
-1.4323106,5.3871641,1.0562282,0.11561909,0.97964668,-0.16408694,0
-2.4888036,5.8068738,2.5842972,0.11561909,0.97964668,-0.16408694,0
-5.2087231,-3.2637825,4.8822289,-0.98040676,0.086027503,-0.17720559,0
1.2797374,-5.4195266,-1.2571173,-0.11561909,-0.97964668,0.16408694,0
-2.4140458,-1.0999749,-5.3731799,0.15948284,-0.18136039,-0.97039866,0
-2.6556125,5.5729618,1.3640709,0.11561909,0.97964668,-0.16408694,0
-0.23001504,-5.3825788,-4.1587749,0.15948284,-0.18136039,-0.97039866,0
3.9593687,4.5639501,3.2579978,0.98040676,-0.086027503,0.17720559,0
2.5449691,2.724843,-5.2380891,0.15948284,-0.18136039,-0.97039866,0
-0.96788073,4.2735858,-5.201057,0.11561909,0.97964668,-0.16408694,0
-3.2156782,4.3317575,-2.5179086,-0.98040676,0.086027503,-0.17720559,0
4.3922467,-3.0627069,-2.9761093,0.98040676,-0.086027503,0.17720559,0
3.7079749,0.71527696,2.7015882,0.98040676,-0.086027503,0.17720559,0
-4.1558571,-4.436552,1.1954632,-0.11561909,-0.97964668,0.16408694,0
-3.8172908,-0.10813284,-1.9809103,-0.98040676,0.086027503,-0.17720559,0
-0.47939396,4.5492868,-4.1896362,0.11561909,0.97964668,-0.16408694,0
-3.6535096,5.8490324,1.579042,0.11561909,0.97964668,-0.16408694,0
1.6162949,-1.3998592,-4.5859609,0.15948284,-0.18136039,-0.97039866,0
2.2824111,3.8828821,4.7335434,-0.15948284,0.18136039,0.97039866,0
-0.99748659,5.2062044,0.037434578,0.11561909,0.97964668,-0.16408694,0
-3.6515813,1.8696437,4.1483331,-0.15948284,0.18136039,0.97039866,0
1.0251718,2.292222,-5.4723077,0.15948284,-0.18136039,-0.97039866,0
1.1951942,5.6684723,4.1203852,0.11561909,0.97964668,-0.16408694,0
3.4701374,-0.78267646,3.4879916,0.98040676,-0.086027503,0.17720559,0
1.0133698,-5.0436859,1.0650778,-0.11561909,-0.97964668,0.16408694,0
-3.6653662,1.4732022,-1.3718119,-0.98040676,0.086027503,-0.17720559,0
-0.27468216,5.5483932,2.6537137,0.11561909,0.97964668,-0.16408694,0
4.4648981,-3.0116539,-3.6627951,0.98040676,-0.086027503,0.17720559,0
-2.1922717,2.0856674,-5.9486895,0.15948284,-0.18136039,-0.97039866,0
2.3331852,-2.293251,5.8731089,-0.15948284,0.18136039,0.97039866,0
-3.6215105,-4.1320534,2.8268156,-0.11561909,-0.97964668,0.16408694,0
1.6397219,-5.5943847,-2.1146979,-0.11561909,-0.97964668,0.16408694,0
-0.24724627,2.1304505,-5.6228313,0.15948284,-0.18136039,-0.97039866,0
3.8299489,-2.1478899,0.61537671,0.98040676,-0.086027503,0.17720559,0
-3.0007904,2.4261656,-5.1826038,-0.98040676,0.086027503,-0.17720559,0
-4.5373106,-2.1072559,1.9758581,-0.98040676,0.086027503,-0.17720559,0
2.6392679,-5.8147345,-2.4221454,-0.11561909,-0.97964668,0.16408694,0
3.7679558,3.6478794,3.1185865,0.98040676,-0.086027503,0.17720559,0
4.4151015,3.8636556,0.1755023,0.98040676,-0.086027503,0.17720559,0
1.5701014,-5.0638995,0.83338594,-0.11561909,-0.97964668,0.16408694,0
4.397553,0.58410263,-1.8489819,0.98040676,-0.086027503,0.17720559,0
4.3451734,0.45797205,-4.5472431,0.15948284,-0.18136039,-0.97039866,0
0.17408752,-1.3064845,5.4807158,-0.15948284,0.18136039,0.97039866,0
5.2894955,3.304575,-4.9601245,0.98040676,-0.086027503,0.17720559,0
-3.778836,-4.6174927,-4.098906,-0.98040676,0.086027503,-0.17720559,0
-2.4372211,2.6860867,-6.1297617,0.15948284,-0.18136039,-0.97039866,0
3.9830432,4.5417814,-0.33341908,0.11561909,0.97964668,-0.16408694,0
2.7022314,-4.6700277,4.2740459,-0.11561909,-0.97964668,0.16408694,0
-4.0913239,2.6032233,1.8197374,-0.98040676,0.086027503,-0.17720559,0
-2.0011668,-4.3215094,3.0139687,-0.11561909,-0.97964668,0.16408694,0
1.9328083,5.3705306,2.7642598,0.11561909,0.97964668,-0.16408694,0
-4.6937318,-2.9289799,1.4333274,-0.98040676,0.086027503,-0.17720559,0
2.5782769,5.2931719,3.093595,0.11561909,0.97964668,-0.16408694,0
0.52086592,-4.2569184,-4.3390188,0.15948284,-0.18136039,-0.97039866,0
-2.9391971,4.5775986,3.8837719,-0.15948284,0.18136039,0.97039866,0
3.9979091,-5.5774727,-1.9788237,0.98040676,-0.086027503,0.17720559,0
-3.3921537,1.5582411,-2.6599813,-0.98040676,0.086027503,-0.17720559,0
0.61752844,1.0258988,5.1463108,-0.15948284,0.18136039,0.97039866,0
2.5161438,-4.3589149,6.1396818,0.98040676,-0.086027503,0.17720559,0
-4.4085112,-1.9571342,0.81633389,-0.98040676,0.086027503,-0.17720559,0
-4.4540567,3.8650513,3.6818669,-0.98040676,0.086027503,-0.17720559,0
-1.2623062,2.6987739,-5.9105687,0.15948284,-0.18136039,-0.97039866,0
3.9632084,-1.8458591,-0.51989174,0.98040676,-0.086027503,0.17720559,0
1.84611,-4.9189796,1.8185544,-0.11561909,-0.97964668,0.16408694,0
1.324701,4.843575,-0.07348299,0.11561909,0.97964668,-0.16408694,0
0.89998651,-5.4324341,-3.9567409,0.15948284,-0.18136039,-0.97039866,0
-4.5122142,1.04005,2.4623704,-0.98040676,0.086027503,-0.17720559,0
-3.6505783,-4.2151074,-4.3771005,-0.98040676,0.086027503,-0.17720559,0
-3.4284599,4.6354589,-1.3899064,-0.98040676,0.086027503,-0.17720559,0
-3.8662844,0.29451632,-0.73195469,-0.98040676,0.086027503,-0.17720559,0
-0.052610397,-3.4986036,5.7826648,-0.15948284,0.18136039,0.97039866,0
-3.5169771,-4.717236,0.14919543,-0.11561909,-0.97964668,0.16408694,0
-1.6632755,-5.2490091,-2.457269,-0.11561909,-0.97964668,0.16408694,0
-3.3540821,-0.36871099,4.6572394,-0.15948284,0.18136039,0.97039866,0
-4.334342,-1.2875376,1.3443036,-0.98040676,0.086027503,-0.17720559,0
2.7542331,4.4141793,-1.6501462,0.11561909,0.97964668,-0.16408694,0
3.9541714,0.22324324,1.1289718,0.98040676,-0.086027503,0.17720559,0
-4.5846777,-1.4791546,2.5544529,-0.98040676,0.086027503,-0.17720559,0
2.4086409,4.657465,-1.1472101,0.11561909,0.97964668,-0.16408694,0
-3.1316538,-0.74199629,4.8106995,-0.15948284,0.18136039,0.97039866,0
2.2292523,4.6703405,-1.0129099,0.11561909,0.97964668,-0.16408694,0
3.2971025,-4.6944294,1.9072886,0.98040676,-0.086027503,0.17720559,0
0.42631531,0.3721565,-5.1646709,0.15948284,-0.18136039,-0.97039866,0
3.6027894,5.3900347,4.7731829,-0.15948284,0.18136039,0.97039866,0
1.7892075,-3.3750539,6.1056042,-0.15948284,0.18136039,0.97039866,0
-3.3763061,1.4950151,-2.8316205,-0.98040676,0.086027503,-0.17720559,0
-2.3964257,-3.2331796,5.2967463,-0.15948284,0.18136039,0.97039866,0
3.1349525,4.9722123,1.2352114,0.11561909,0.97964668,-0.16408694,0
-2.4415898,0.71157974,-5.7554493,0.15948284,-0.18136039,-0.97039866,0
4.1811967,-5.4014716,-2.9653659,0.98040676,-0.086027503,0.17720559,0
3.6236684,4.9302983,1.247201,0.11561909,0.97964668,-0.16408694,0
-1.8591685,-3.1408057,5.4460664,-0.15948284,0.18136039,0.97039866,0
-4.4916763,-2.2561235,0.89149678,-0.98040676,0.086027503,-0.17720559,0
-1.5178294,-0.38672686,4.9062476,-0.15948284,0.18136039,0.97039866,0
-4.437696,-2.7073498,0.92601669,-0.98040676,0.086027503,-0.17720559,0
4.5318851,-1.1093521,-3.5741744,0.98040676,-0.086027503,0.17720559,0
-1.1062016,-1.9043002,5.3786721,-0.15948284,0.18136039,0.97039866,0
-2.5508356,-1.3825498,-5.3076868,0.15948284,-0.18136039,-0.97039866,0
-1.5175934,-3.1077096,5.4244766,-0.15948284,0.18136039,0.97039866,0
-3.0073724,-3.9941444,5.0896082,-0.11561909,-0.97964668,0.16408694,0
-2.6625679,4.951757,-2.29564,0.11561909,0.97964668,-0.16408694,0
-2.7386565,0.5773865,-5.6450901,0.15948284,-0.18136039,-0.97039866,0
4.9192657,1.4891572,-3.788034,0.98040676,-0.086027503,0.17720559,0
-3.0890472,-4.6810575,-0.013446808,-0.11561909,-0.97964668,0.16408694,0
0.71068096,-4.2594185,5.9785261,-0.11561909,-0.97964668,0.16408694,0
3.5221438,0.72641373,3.5814967,0.98040676,-0.086027503,0.17720559,0
4.2463636,4.1800728,-2.7718284,0.11561909,0.97964668,-0.16408694,0
4.0295115,2.826319,1.9076424,0.98040676,-0.086027503,0.17720559,0
-0.95597124,4.5906692,4.2167497,-0.15948284,0.18136039,0.97039866,0
2.3531709,-0.71119237,-4.6437225,0.15948284,-0.18136039,-0.97039866,0
-2.6257744,3.8744068,3.9215899,-0.15948284,0.18136039,0.97039866,0
2.5058575,4.0156898,-4.9823856,0.11561909,0.97964668,-0.16408694,0
1.9667521,-0.52233052,5.5644436,-0.15948284,0.18136039,0.97039866,0
-0.34703898,-4.7011042,1.8254004,-0.11561909,-0.97964668,0.16408694,0
-0.25581658,-5.4043622,-2.4888985,-0.11561909,-0.97964668,0.16408694,0
-1.6759443,4.537982,-4.2467418,0.11561909,0.97964668,-0.16408694,0
-2.1458669,-1.0347185,5.0216947,-0.15948284,0.18136039,0.97039866,0
1.7558767,5.640029,4.2845564,0.11561909,0.97964668,-0.16408694,0
-1.4064565,4.7901917,-3.1029277,0.11561909,0.97964668,-0.16408694,0
2.4087856,-5.4619427,-0.39247656,-0.11561909,-0.97964668,0.16408694,0
-0.0032243729,-4.1629734,5.0225916,-0.11561909,-0.97964668,0.16408694,0
-4.1103716,-1.150167,-0.8335644,-0.98040676,0.086027503,-0.17720559,0
1.8123417,4.6420898,-0.99270868,0.11561909,0.97964668,-0.16408694,0
-4.6029806,0.35392427,4.377583,-0.15948284,0.18136039,0.97039866,0
0.26300955,3.6498234,4.4687595,-0.15948284,0.18136039,0.97039866,0
1.9205348,3.66084,4.7631674,-0.15948284,0.18136039,0.97039866,0
-3.548578,2.9085619,-1.2720222,-0.98040676,0.086027503,-0.17720559,0
3.4894061,-2.9819169,-4.1111746,0.15948284,-0.18136039,-0.97039866,0
4.4410377,-0.39847279,-1.634598,0.98040676,-0.086027503,0.17720559,0
-3.6941178,0.81326079,-1.5105073,-0.98040676,0.086027503,-0.17720559,0
-3.6671233,1.1013088,-1.3597281,-0.98040676,0.086027503,-0.17720559,0
0.69071662,-5.493629,-1.6241417,-0.11561909,-0.97964668,0.16408694,0
-2.1617498,-1.9958761,5.2209973,-0.15948284,0.18136039,0.97039866,0
-4.5204544,-2.48715,0.87181216,-0.98040676,0.086027503,-0.17720559,0
0.64622188,-5.5229492,-1.8188939,-0.11561909,-0.97964668,0.16408694,0
-4.060514,3.3575504,1.2560382,-0.98040676,0.086027503,-0.17720559,0
2.767859,-5.8516445,-2.8804379,-0.11561909,-0.97964668,0.16408694,0
-4.503211,-1.9562349,4.8599262,-0.15948284,0.18136039,0.97039866,0
4.3777385,-3.9249358,-3.1741288,0.98040676,-0.086027503,0.17720559,0
1.4751475,4.9747925,0.084457397,0.11561909,0.97964668,-0.16408694,0
3.113085,-0.53003287,5.2254286,0.98040676,-0.086027503,0.17720559,0
2.5955913,4.5422583,-1.3655758,0.11561909,0.97964668,-0.16408694,0
0.059838057,4.9111905,-0.80838346,0.11561909,0.97964668,-0.16408694,0
-1.6647112,-5.315268,-2.0085857,-0.11561909,-0.97964668,0.16408694,0
0.9203496,1.2488482,-5.3025227,0.15948284,-0.18136039,-0.97039866,0
-3.8579526,0.32840419,-1.2352202,-0.98040676,0.086027503,-0.17720559,0
-0.85860825,-4.3043818,4.3555079,-0.11561909,-0.97964668,0.16408694,0
-1.659313,4.4951386,4.0224676,-0.15948284,0.18136039,0.97039866,0
1.4310923,-0.76355982,-4.6747174,0.15948284,-0.18136039,-0.97039866,0
-2.0461023,-5.1219263,-1.6500652,-0.11561909,-0.97964668,0.16408694,0
-3.8646309,-5.0100231,-2.0265923,-0.11561909,-0.97964668,0.16408694,0
3.937983,-3.1200113,-0.2033124,0.98040676,-0.086027503,0.17720559,0
1.9707181,5.513483,3.9316769,0.11561909,0.97964668,-0.16408694,0
3.9551866,-6.0357327,-3.0403161,-0.11561909,-0.97964668,0.16408694,0
3.7114482,-5.8687105,-1.868556,-0.11561909,-0.97964668,0.16408694,0
0.46599865,1.0066588,-5.3089819,0.15948284,-0.18136039,-0.97039866,0
-0.29933023,-4.9866886,0.48353004,-0.11561909,-0.97964668,0.16408694,0
-4.3396559,0.74942303,4.2223153,-0.15948284,0.18136039,0.97039866,0
4.9139986,2.1472807,-4.7377701,0.15948284,-0.18136039,-0.97039866,0
4.00037,-6.2179265,-3.385241,0.15948284,-0.18136039,-0.97039866,0
3.7196655,-1.7243943,-4.2444296,0.15948284,-0.18136039,-0.97039866,0
-2.8974991,-4.1687698,3.7344146,-0.11561909,-0.97964668,0.16408694,0
0.2621007,4.2100525,-4.857708,0.11561909,0.97964668,-0.16408694,0
2.6743121,-3.6667309,-3.9881523,0.15948284,-0.18136039,-0.97039866,0
0.24418855,3.7086716,4.5092778,-0.15948284,0.18136039,0.97039866,0
-1.9073107,-4.7545991,0.74739265,-0.11561909,-0.97964668,0.16408694,0
-0.59907031,4.8047042,-1.7111239,0.11561909,0.97964668,-0.16408694,0
4.0896473,-3.926497,-2.3225324,0.98040676,-0.086027503,0.17720559,0
4.3969736,-3.9196343,-3.4031732,0.98040676,-0.086027503,0.17720559,0
-3.0700955,-4.9618058,-1.8707411,-0.11561909,-0.97964668,0.16408694,0
4.0503817,-0.96647358,-0.46341014,0.98040676,-0.086027503,0.17720559,0
4.7316465,1.8091288,-3.0283189,0.98040676,-0.086027503,0.17720559,0
-1.2093546,-4.566021,2.2008276,-0.11561909,-0.97964668,0.16408694,0
0.75693703,-5.0445471,1.0248222,-0.11561909,-0.97964668,0.16408694,0
2.470752,2.1554301,5.0762782,-0.15948284,0.18136039,0.97039866,0
4.984179,2.2542229,-3.6087713,0.98040676,-0.086027503,0.17720559,0
-4.759635,-0.17197037,3.5661435,-0.98040676,0.086027503,-0.17720559,0
-2.127265,5.9739313,3.4679275,0.11561909,0.97964668,-0.16408694,0
-5.0636582,-1.7830143,4.4864821,-0.98040676,0.086027503,-0.17720559,0
-1.1245165,4.4599123,4.1900725,-0.15948284,0.18136039,0.97039866,0
1.1216843,-4.9067478,1.9569669,-0.11561909,-0.97964668,0.16408694,0
-4.7434072,0.57103539,4.2992024,-0.15948284,0.18136039,0.97039866,0
2.2576375,2.0064347,-5.1551776,0.15948284,-0.18136039,-0.97039866,0
0.42641461,-5.484417,-2.5387759,-0.11561909,-0.97964668,0.16408694,0
-4.7823467,0.041586399,4.202054,-0.98040676,0.086027503,-0.17720559,0
-3.1668715,-0.69190705,-5.5287995,0.15948284,-0.18136039,-0.97039866,0
0.38639009,-5.2137914,-0.11597061,-0.11561909,-0.97964668,0.16408694,0
4.3288984,4.1413698,-2.1076007,0.11561909,0.97964668,-0.16408694,0
-2.431314,-5.6576595,-4.4630065,-0.11561909,-0.97964668,0.16408694,0
-4.5078897,-4.1082139,2.4067729,-0.11561909,-0.97964668,0.16408694,0
1.355093,-4.5462179,3.7979803,-0.11561909,-0.97964668,0.16408694,0
-1.6774893,-1.1688004,5.0300498,-0.15948284,0.18136039,0.97039866,0
-2.6658256,2.480428,4.2292075,-0.15948284,0.18136039,0.97039866,0
-4.1376219,0.94365168,4.312448,-0.15948284,0.18136039,0.97039866,0
-0.091584444,-4.8594646,1.386179,-0.11561909,-0.97964668,0.16408694,0
3.4965601,-2.4679494,2.1107512,0.98040676,-0.086027503,0.17720559,0
3.8719239,-5.8061833,-1.9651051,-0.11561909,-0.97964668,0.16408694,0
-3.8149116,-4.1237411,3.1226871,-0.11561909,-0.97964668,0.16408694,0
3.8515983,1.0588994,1.4128592,0.98040676,-0.086027503,0.17720559,0
1.5286016,0.65448123,5.3389788,-0.15948284,0.18136039,0.97039866,0
-2.2424808,5.8937249,2.7657051,0.11561909,0.97964668,-0.16408694,0
4.4236794,4.2069855,-1.961941,0.11561909,0.97964668,-0.16408694,0
3.4446316,-4.6017289,1.8042593,0.98040676,-0.086027503,0.17720559,0
2.6939216,5.1883197,2.981082,0.11561909,0.97964668,-0.16408694,0
2.0682104,-5.3511314,0.24753046,-0.11561909,-0.97964668,0.16408694,0
-1.622664,-2.0974305,5.3071814,-0.15948284,0.18136039,0.97039866,0
-3.1803296,1.4547447,-4.5235987,-0.98040676,0.086027503,-0.17720559,0
-1.6163425,5.9161234,3.8287559,-0.15948284,0.18136039,0.97039866,0
4.6737814,2.2208092,-2.0870142,0.98040676,-0.086027503,0.17720559,0
-4.6777692,-0.14413261,3.4547627,-0.98040676,0.086027503,-0.17720559,0
-2.6455336,4.5590153,-5.4452991,-0.98040676,0.086027503,-0.17720559,0
-1.7458797,4.5586452,-4.3805995,0.11561909,0.97964668,-0.16408694,0
-2.3959477,3.3451371,4.1596932,-0.15948284,0.18136039,0.97039866,0
-1.1375461,-4.1544809,5.3266501,-0.11561909,-0.97964668,0.16408694,0
-0.24110079,-3.7798545,5.8679447,-0.15948284,0.18136039,0.97039866,0
-3.209806,3.1158295,-3.3726301,-0.98040676,0.086027503,-0.17720559,0
4.5343966,1.3000345,-4.669116,0.15948284,-0.18136039,-0.97039866,0
1.4609509,1.6580806,5.0949316,-0.15948284,0.18136039,0.97039866,0
4.6002774,-0.90723658,-4.2610373,0.15948284,-0.18136039,-0.97039866,0
4.1066027,4.6624918,2.0660834,0.98040676,-0.086027503,0.17720559,0
0.77046382,5.1612577,1.4695845,0.11561909,0.97964668,-0.16408694,0
-2.9930453,4.4398565,-3.648293,-0.98040676,0.086027503,-0.17720559,0
3.4881158,4.6075306,-0.24536967,0.11561909,0.97964668,-0.16408694,0
-4.8527641,-1.1905212,3.3822291,-0.98040676,0.086027503,-0.17720559,0
-4.4472284,-0.75658512,1.2819456,-0.98040676,0.086027503,-0.17720559,0
-0.26014137,-0.44016373,-5.0947661,0.15948284,-0.18136039,-0.97039866,0
4.8891621,1.9084611,-4.6897335,0.15948284,-0.18136039,-0.97039866,0
-3.6785953,-5.5002437,-4.4487844,-0.11561909,-0.97964668,0.16408694,0
4.7784076,3.9202909,-3.3194432,0.11561909,0.97964668,-0.16408694,0
-0.32739449,2.7048755,-5.7946901,0.15948284,-0.18136039,-0.97039866,0
-3.2613561,-1.5510052,-5.1537051,-0.98040676,0.086027503,-0.17720559,0
1.9063543,-5.6520338,-1.4246683,-0.11561909,-0.97964668,0.16408694,0
-1.4530721,-2.8986607,5.4187126,-0.15948284,0.18136039,0.97039866,0
0.67812979,5.5030241,3.2382419,0.11561909,0.97964668,-0.16408694,0
3.0737653,-1.0567613,-4.4652119,0.15948284,-0.18136039,-0.97039866,0
3.4604158,0.60387707,3.4011118,0.98040676,-0.086027503,0.17720559,0
-3.2045975,-0.072238445,4.6132021,-0.15948284,0.18136039,0.97039866,0
-3.3871887,1.7115376,-2.8571961,-0.98040676,0.086027503,-0.17720559,0
-4.3399992,2.5245399,3.9891505,-0.15948284,0.18136039,0.97039866,0
-1.8284106,-4.0569696,5.1875019,-0.11561909,-0.97964668,0.16408694,0
2.9444339,-3.7487931,4.667697,0.98040676,-0.086027503,0.17720559,0
-0.74326515,-0.67119157,-5.0614901,0.15948284,-0.18136039,-0.97039866,0
3.6571679,4.009903,-3.8838804,0.11561909,0.97964668,-0.16408694,0
2.3227901,-1.2368791,-4.614934,0.15948284,-0.18136039,-0.97039866,0
-3.5451994,4.4510927,3.6822138,-0.15948284,0.18136039,0.97039866,0
-3.4093332,-3.0755939,5.1955199,-0.15948284,0.18136039,0.97039866,0
-2.4547195,4.6091838,-4.9554663,0.11561909,0.97964668,-0.16408694,0
2.8009605,-5.7081795,-1.704834,-0.11561909,-0.97964668,0.16408694,0
-1.2955828,-1.4203582,5.2452822,-0.15948284,0.18136039,0.97039866,0
0.90735334,-5.2898655,0.055102348,-0.11561909,-0.97964668,0.16408694,0
4.2746491,-2.8590045,-2.1168122,0.98040676,-0.086027503,0.17720559,0
2.9160206,-4.4321995,3.9666848,0.98040676,-0.086027503,0.17720559,0
-1.8500893,-2.8009033,-5.0175729,0.15948284,-0.18136039,-0.97039866,0
-2.9791393,3.3109417,4.127924,-0.15948284,0.18136039,0.97039866,0
0.73748827,1.3027731,-5.349556,0.15948284,-0.18136039,-0.97039866,0
-0.4594636,-4.9382973,0.86966562,-0.11561909,-0.97964668,0.16408694,0
1.6144793,-5.0795021,-3.9495292,0.15948284,-0.18136039,-0.97039866,0
-3.8194976,0.062205553,-1.4000371,-0.98040676,0.086027503,-0.17720559,0
-3.4316638,2.4095664,4.2055111,-0.15948284,0.18136039,0.97039866,0
4.4175076,4.2269673,0.37922931,0.98040676,-0.086027503,0.17720559,0
3.0745609,-1.4436044,4.7259474,0.98040676,-0.086027503,0.17720559,0
-4.7621613,-2.1051874,2.4414706,-0.98040676,0.086027503,-0.17720559,0
3.8345265,3.1233172,3.0140018,0.98040676,-0.086027503,0.17720559,0
0.022083469,5.3155179,1.2354031,0.11561909,0.97964668,-0.16408694,0
-3.0939155,5.6174812,0.58916998,0.11561909,0.97964668,-0.16408694,0
3.5165429,-0.032263279,-4.5412717,0.15948284,-0.18136039,-0.97039866,0
4.0255356,2.6461244,1.9936116,0.98040676,-0.086027503,0.17720559,0
-3.3878894,2.8567991,-2.6440198,-0.98040676,0.086027503,-0.17720559,0
-3.7582691,-4.1866407,2.6007156,-0.11561909,-0.97964668,0.16408694,0
0.079139233,4.7778006,-2.484395,0.11561909,0.97964668,-0.16408694,0
-2.9456093,2.7753754,-4.6049232,-0.98040676,0.086027503,-0.17720559,0
2.2133546,-3.404022,6.0688839,-0.15948284,0.18136039,0.97039866,0
-0.32179451,4.268229,-5.3551903,0.11561909,0.97964668,-0.16408694,0
-3.9909089,-1.2160847,-0.73469496,-0.98040676,0.086027503,-0.17720559,0
-1.0432713,-4.5905461,2.5576601,-0.11561909,-0.97964668,0.16408694,0
-0.5129348,-5.2719069,-1.0645318,-0.11561909,-0.97964668,0.16408694,0
-3.7183838,-3.8840156,4.6515093,-0.11561909,-0.97964668,0.16408694,0
-2.1140299,-0.093813181,-5.5768695,0.15948284,-0.18136039,-0.97039866,0
4.4433842,0.68582869,-1.3976681,0.98040676,-0.086027503,0.17720559,0
1.6365676,-2.8907862,5.9874601,-0.15948284,0.18136039,0.97039866,0
-3.4511001,5.9257574,2.2397022,0.11561909,0.97964668,-0.16408694,0
-0.20962381,-4.1891956,5.1231375,-0.11561909,-0.97964668,0.16408694,0
-3.5456011,3.1686723,-1.405951,-0.98040676,0.086027503,-0.17720559,0
-3.8918879,-3.8933296,-3.2952244,-0.98040676,0.086027503,-0.17720559,0
-0.20548773,1.4334736,-5.4892335,0.15948284,-0.18136039,-0.97039866,0
2.79284,5.4556313,4.5214314,-0.15948284,0.18136039,0.97039866,0
2.8230577,-3.2487512,5.7287369,0.98040676,-0.086027503,0.17720559,0
-0.53865862,4.5382824,-4.138833,0.11561909,0.97964668,-0.16408694,0
4.8687301,3.9941602,-2.7771776,0.11561909,0.97964668,-0.16408694,0
-1.8679261,-0.84634286,-5.3116226,0.15948284,-0.18136039,-0.97039866,0
-0.88215631,5.1862726,-0.27332592,0.11561909,0.97964668,-0.16408694,0
-0.2693646,-4.7861018,1.8510051,-0.11561909,-0.97964668,0.16408694,0
0.33647335,-5.457325,-2.089129,-0.11561909,-0.97964668,0.16408694,0
3.8591132,4.2431922,3.5015347,0.98040676,-0.086027503,0.17720559,0
-4.0989871,-4.7399454,-0.73504925,-0.11561909,-0.97964668,0.16408694,0
-0.13497543,-4.7634206,-4.3446174,0.15948284,-0.18136039,-0.97039866,0
-1.5474467,-4.3935084,3.1598752,-0.11561909,-0.97964668,0.16408694,0
-0.25423336,1.1752753,-5.4466286,0.15948284,-0.18136039,-0.97039866,0
2.4851027,4.1805844,-3.5938549,0.11561909,0.97964668,-0.16408694,0
1.9633645,5.5681262,3.995528,0.11561909,0.97964668,-0.16408694,0
-1.4162996,-5.1889033,-4.4338884,0.15948284,-0.18136039,-0.97039866,0
4.5963173,2.2791176,-1.5084355,0.98040676,-0.086027503,0.17720559,0
2.7615407,4.6321254,-0.41169214,0.11561909,0.97964668,-0.16408694,0
3.1828568,-1.6893438,4.4448605,0.98040676,-0.086027503,0.17720559,0
-4.3164582,-2.0906351,0.11395115,-0.98040676,0.086027503,-0.17720559,0
2.4314983,-4.9299479,2.8524747,-0.11561909,-0.97964668,0.16408694,0
2.8346968,4.3591924,-2.3877199,0.11561909,0.97964668,-0.16408694,0
-1.5626974,3.7296093,-6.1638746,0.15948284,-0.18136039,-0.97039866,0
2.2474103,0.24000597,-4.7977085,0.15948284,-0.18136039,-0.97039866,0
3.056303,3.1965687,-5.3142433,0.15948284,-0.18136039,-0.97039866,0
4.2668982,4.179594,-1.9050887,0.11561909,0.97964668,-0.16408694,0
-4.4303989,-1.1434851,1.6301117,-0.98040676,0.086027503,-0.17720559,0
-3.4858913,0.53199387,4.436614,-0.15948284,0.18136039,0.97039866,0
-2.8075466,5.5223703,0.95478964,0.11561909,0.97964668,-0.16408694,0
-0.20257616,2.7768571,-5.8008809,0.15948284,-0.18136039,-0.97039866,0
-0.86779881,-1.6856787,-5.0314655,0.15948284,-0.18136039,-0.97039866,0
1.6142163,4.2921534,-3.4684834,0.11561909,0.97964668,-0.16408694,0
-3.8216848,0.037718773,-1.135178,-0.98040676,0.086027503,-0.17720559,0
3.3353753,-0.095170975,-4.5111246,0.15948284,-0.18136039,-0.97039866,0
-1.1954529,5.2895517,-0.08156395,0.11561909,0.97964668,-0.16408694,0
-4.5177832,-3.8767004,4.5687733,-0.11561909,-0.97964668,0.16408694,0
3.7371755,-1.7378767,0.50964093,0.98040676,-0.086027503,0.17720559,0
4.2290058,3.0890753,-5.0127831,0.15948284,-0.18136039,-0.97039866,0
3.2999816,0.35421669,4.8218613,0.98040676,-0.086027503,0.17720559,0
1.7427862,1.5050688,5.1219583,-0.15948284,0.18136039,0.97039866,0
3.2071948,-3.3257177,2.6695518,0.98040676,-0.086027503,0.17720559,0
-3.256202,3.1399798,-3.4852347,-0.98040676,0.086027503,-0.17720559,0
-0.93449116,1.5015494,-5.6629839,0.15948284,-0.18136039,-0.97039866,0
-3.2438331,3.3171878,-3.1620784,-0.98040676,0.086027503,-0.17720559,0
-0.87748277,-5.091608,-0.091976643,-0.11561909,-0.97964668,0.16408694,0
2.1656325,5.3862858,2.8471701,0.11561909,0.97964668,-0.16408694,0
3.4810731,-4.8201742,0.56437302,0.98040676,-0.086027503,0.17720559,0
-3.7745018,-0.99637771,-2.2102604,-0.98040676,0.086027503,-0.17720559,0
4.3589129,-0.16080284,-1.5538572,0.98040676,-0.086027503,0.17720559,0
-2.4527354,-4.2447228,3.9382675,-0.11561909,-0.97964668,0.16408694,0
3.1901584,5.2594395,2.6199384,0.11561909,0.97964668,-0.16408694,0
-4.4374442,-0.59327984,1.2722116,-0.98040676,0.086027503,-0.17720559,0
3.4055023,4.4636998,-1.1936264,0.11561909,0.97964668,-0.16408694,0
4.1693559,0.14450836,-0.88418216,0.98040676,-0.086027503,0.17720559,0
1.1535039,3.8574646,-5.7442384,0.15948284,-0.18136039,-0.97039866,0
-0.23124117,-5.3441315,-1.6387987,-0.11561909,-0.97964668,0.16408694,0
-2.922328,-4.6862197,0.62282133,-0.11561909,-0.97964668,0.16408694,0
-4.3383703,3.5780125,2.6578703,-0.98040676,0.086027503,-0.17720559,0
-0.29080069,-4.9653063,0.47234201,-0.11561909,-0.97964668,0.16408694,0
3.775176,-4.6354532,-0.56334877,0.98040676,-0.086027503,0.17720559,0
-4.0626049,2.3698797,1.548187,-0.98040676,0.086027503,-0.17720559,0
-3.0079856,-3.8953044,-4.8597193,0.15948284,-0.18136039,-0.97039866,0
-2.1188104,5.2004004,-0.5789032,0.11561909,0.97964668,-0.16408694,0
-3.8806291,2.1513774,-0.26418543,-0.98040676,0.086027503,-0.17720559,0
-1.7089453,-1.7467693,-5.1401348,0.15948284,-0.18136039,-0.97039866,0
3.9257963,1.4151103,1.7324009,0.98040676,-0.086027503,0.17720559,0
-1.1352935,0.73304665,-5.5356002,0.15948284,-0.18136039,-0.97039866,0
3.2115912,4.0456429,-3.679646,0.11561909,0.97964668,-0.16408694,0
4.8378096,1.5184512,-3.1661844,0.98040676,-0.086027503,0.17720559,0
-3.0464468,-3.8952575,5.2337837,-0.11561909,-0.97964668,0.16408694,0
5.1590557,3.8215728,-4.2263756,0.11561909,0.97964668,-0.16408694,0
1.4506264,3.2023287,-5.4426308,0.15948284,-0.18136039,-0.97039866,0
-3.8887358,-4.1113977,-2.5996957,-0.98040676,0.086027503,-0.17720559,0
-4.6735916,-1.1429396,2.5875633,-0.98040676,0.086027503,-0.17720559,0
-3.7798276,-4.9061394,-4.5000772,-0.98040676,0.086027503,-0.17720559,0
1.0458088,4.1635246,-5.4060411,0.11561909,0.97964668,-0.16408694,0
-0.26887763,5.4167471,2.0693703,0.11561909,0.97964668,-0.16408694,0
-4.3417969,-0.23685312,1.379658,-0.98040676,0.086027503,-0.17720559,0
-3.7824326,-4.50386,0.93741369,-0.11561909,-0.97964668,0.16408694,0
4.3506207,-0.55230045,-1.8824039,0.98040676,-0.086027503,0.17720559,0
2.69245,2.0702765,5.2208414,-0.15948284,0.18136039,0.97039866,0
-0.086300373,-3.1429579,5.8177557,-0.15948284,0.18136039,0.97039866,0
3.4832377,-0.22965193,3.6930859,0.98040676,-0.086027503,0.17720559,0
1.4739542,4.5028195,-3.0555193,0.11561909,0.97964668,-0.16408694,0
-4.430759,-3.0270195,0.1776396,-0.98040676,0.086027503,-0.17720559,0
0.69029427,4.6966128,-2.4574499,0.11561909,0.97964668,-0.16408694,0
4.1221023,0.090434074,-0.36433649,0.98040676,-0.086027503,0.17720559,0
3.4076114,-4.2262907,1.1084743,0.98040676,-0.086027503,0.17720559,0
-4.6342936,-0.91771317,2.9608495,-0.98040676,0.086027503,-0.17720559,0
-1.0838943,1.3003938,-5.5945673,0.15948284,-0.18136039,-0.97039866,0
1.0224519,-1.50967,5.584836,-0.15948284,0.18136039,0.97039866,0
-0.062264204,-4.8089771,1.1987848,-0.11561909,-0.97964668,0.16408694,0
-4.0373306,-0.75432968,-0.87127328,-0.98040676,0.086027503,-0.17720559,0
-0.70935106,4.16116,-5.5778446,0.11561909,0.97964668,-0.16408694,0
-1.4041948,5.2842517,0.10815334,0.11561909,0.97964668,-0.16408694,0
-3.2431135,-3.9140337,5.0982838,-0.11561909,-0.97964668,0.16408694,0
2.864006,1.8928807,-5.0232644,0.15948284,-0.18136039,-0.97039866,0
-0.91364831,5.6302342,2.3177128,0.11561909,0.97964668,-0.16408694,0
0.75435424,-4.9942083,1.7145734,-0.11561909,-0.97964668,0.16408694,0
4.7325335,0.98378277,-2.8628252,0.98040676,-0.086027503,0.17720559,0
2.3446212,4.2585869,-2.8726468,0.11561909,0.97964668,-0.16408694,0
-4.0836706,4.0349302,3.7620821,-0.15948284,0.18136039,0.97039866,0
-4.3073225,-1.3765726,4.7995105,-0.15948284,0.18136039,0.97039866,0
4.7227888,4.0466914,-2.6701429,0.11561909,0.97964668,-0.16408694,0
3.9968185,-1.682147,-0.68388391,0.98040676,-0.086027503,0.17720559,0
-4.1945586,-0.55675411,-0.018632352,-0.98040676,0.086027503,-0.17720559,0
1.292954,3.9745448,-5.3309011,0.11561909,0.97964668,-0.16408694,0
-1.7410202,4.6983705,-3.2007837,0.11561909,0.97964668,-0.16408694,0
3.63852,-2.4580464,-4.1241827,0.15948284,-0.18136039,-0.97039866,0
-0.69284153,-4.7321262,1.4812231,-0.11561909,-0.97964668,0.16408694,0
-1.1288528,4.9381027,-1.6896501,0.11561909,0.97964668,-0.16408694,0
0.34956217,4.8112617,-1.0926065,0.11561909,0.97964668,-0.16408694,0
1.2395244,-1.3098507,-4.6530638,0.15948284,-0.18136039,-0.97039866,0
-0.41363811,-4.1304493,5.138587,-0.11561909,-0.97964668,0.16408694,0
3.2199264,-0.76553929,4.835103,0.98040676,-0.086027503,0.17720559,0
-2.8391616,-0.73206747,-5.4072437,0.15948284,-0.18136039,-0.97039866,0
2.2409916,-4.9779387,2.0847464,-0.11561909,-0.97964668,0.16408694,0
1.5654905,-3.255429,-4.3140421,0.15948284,-0.18136039,-0.97039866,0
-0.80115986,1.5682719,-5.5350738,0.15948284,-0.18136039,-0.97039866,0
2.2163119,-4.3578992,5.6104059,-0.11561909,-0.97964668,0.16408694,0
0.58943796,2.7660198,-5.5851436,0.15948284,-0.18136039,-0.97039866,0
-4.5219765,-4.5038958,0.91124821,-0.11561909,-0.97964668,0.16408694,0
1.5150858,-5.6092348,-1.453249,-0.11561909,-0.97964668,0.16408694,0
-2.0236394,-4.3892274,2.386102,-0.11561909,-0.97964668,0.16408694,0
4.4435186,1.70578,-4.7973242,0.15948284,-0.18136039,-0.97039866,0
-4.9665442,-3.6832545,2.7944658,-0.98040676,0.086027503,-0.17720559,0
4.482172,3.765053,-4.4947367,0.11561909,0.97964668,-0.16408694,0
-2.8675733,0.4929595,4.5241213,-0.15948284,0.18136039,0.97039866,0
4.3134675,1.7918174,-0.20224458,0.98040676,-0.086027503,0.17720559,0
4.046206,-5.6597338,-3.4709673,0.15948284,-0.18136039,-0.97039866,0
-0.88684654,0.70045775,-5.3354602,0.15948284,-0.18136039,-0.97039866,0
4.3831835,3.89487,0.75038338,0.98040676,-0.086027503,0.17720559,0
4.1731892,4.584589,-0.61991858,0.11561909,0.97964668,-0.16408694,0
-1.5054299,5.6781163,2.9602432,0.11561909,0.97964668,-0.16408694,0
4.0177374,-6.0949969,-2.785172,0.98040676,-0.086027503,0.17720559,0
-3.604867,-0.16838956,-3.0270822,-0.98040676,0.086027503,-0.17720559,0
-1.006988,-1.4134617,5.1649623,-0.15948284,0.18136039,0.97039866,0
1.6843388,-5.8072557,-2.8048272,-0.11561909,-0.97964668,0.16408694,0
-2.0176349,5.7792668,2.2635098,0.11561909,0.97964668,-0.16408694,0
-3.2511201,3.1288884,-3.5579741,-0.98040676,0.086027503,-0.17720559,0
0.92473793,0.27032587,5.2853746,-0.15948284,0.18136039,0.97039866,0
-2.7676888,-5.1049309,-2.3874514,-0.11561909,-0.97964668,0.16408694,0
5.1566815,3.3451977,-3.9581847,0.98040676,-0.086027503,0.17720559,0
0.65424347,1.3974662,-5.3833771,0.15948284,-0.18136039,-0.97039866,0
-0.52864039,-5.164525,-0.78734446,-0.11561909,-0.97964668,0.16408694,0
-1.5344152,-1.2233138,5.1029272,-0.15948284,0.18136039,0.97039866,0
4.0019841,0.12117195,-0.010934949,0.98040676,-0.086027503,0.17720559,0
-4.0544605,5.4813137,2.4861197,-0.98040676,0.086027503,-0.17720559,0
3.8301475,-3.2772837,-0.23194504,0.98040676,-0.086027503,0.17720559,0
-1.2226295,5.2652102,3.9341004,-0.15948284,0.18136039,0.97039866,0
-3.0146463,1.2958075,-5.3394613,-0.98040676,0.086027503,-0.17720559,0
-1.2848506,-1.9031576,5.203886,-0.15948284,0.18136039,0.97039866,0
-4.6269426,-2.2218235,2.2284939,-0.98040676,0.086027503,-0.17720559,0
3.073334,-4.8339515,2.9736252,0.98040676,-0.086027503,0.17720559,0
-3.202414,4.8081179,3.7059541,-0.15948284,0.18136039,0.97039866,0
-4.1725335,-4.0674105,-1.439536,-0.98040676,0.086027503,-0.17720559,0
5.0720391,3.7210021,-4.8843689,0.11561909,0.97964668,-0.16408694,0
-4.7222342,0.226542,4.0085926,-0.98040676,0.086027503,-0.17720559,0
-3.5037313,3.0887308,-1.9510398,-0.98040676,0.086027503,-0.17720559,0
-2.0446482,5.5449762,0.95296669,0.11561909,0.97964668,-0.16408694,0
2.927335,-4.2499914,3.7841234,0.98040676,-0.086027503,0.17720559,0
-3.1943262,0.53938341,-4.7637963,-0.98040676,0.086027503,-0.17720559,0
3.3805616,1.6204169,4.8826227,0.98040676,-0.086027503,0.17720559,0
-2.8966894,2.9785757,-5.0625072,-0.98040676,0.086027503,-0.17720559,0
3.2480271,4.6764717,-0.81240487,0.11561909,0.97964668,-0.16408694,0
1.673157,-5.7831564,-3.1411057,-0.11561909,-0.97964668,0.16408694,0
3.3323212,4.3671122,-1.6926093,0.11561909,0.97964668,-0.16408694,0
1.0959125,-2.5770094,5.899704,-0.15948284,0.18136039,0.97039866,0
4.2807975,3.405242,-5.1495795,0.15948284,-0.18136039,-0.97039866,0
2.4840007,-4.7304435,4.3460493,-0.11561909,-0.97964668,0.16408694,0
4.0069714,-3.5739369,-3.768765,0.15948284,-0.18136039,-0.97039866,0
1.1692703,4.7570133,-1.0336442,0.11561909,0.97964668,-0.16408694,0
-3.4234796,-4.8230071,-0.59365511,-0.11561909,-0.97964668,0.16408694,0
-2.6251328,-4.4381428,2.0482895,-0.11561909,-0.97964668,0.16408694,0
-2.1188648,-1.8803217,-5.0562038,0.15948284,-0.18136039,-0.97039866,0
3.3707738,4.4134402,-1.4595437,0.11561909,0.97964668,-0.16408694,0
2.2786987,5.0743947,1.0080307,0.11561909,0.97964668,-0.16408694,0
0.37046576,-3.3055406,-4.4403472,0.15948284,-0.18136039,-0.97039866,0
-3.0544105,-4.4381118,2.3329103,-0.11561909,-0.97964668,0.16408694,0
-2.2360158,-5.258985,-2.5377965,-0.11561909,-0.97964668,0.16408694,0
-3.1077423,3.9932368,-3.1946626,-0.98040676,0.086027503,-0.17720559,0
-0.079368591,1.5990022,-5.3669086,0.15948284,-0.18136039,-0.97039866,0
-1.063026,4.341507,-5.1405072,0.11561909,0.97964668,-0.16408694,0
2.8284819,-4.0411224,4.5368366,0.98040676,-0.086027503,0.17720559,0
-1.6854758,-3.9596994,5.5024595,-0.11561909,-0.97964668,0.16408694,0
-1.4022655,5.1305647,3.9916539,-0.15948284,0.18136039,0.97039866,0
-3.4674153,5.2752361,-0.77144575,-0.98040676,0.086027503,-0.17720559,0
-0.054813385,0.73526907,-5.3253312,0.15948284,-0.18136039,-0.97039866,0
-1.8550284,-5.5004158,-3.5110593,-0.11561909,-0.97964668,0.16408694,0
-4.8216367,-0.23569489,3.5470529,-0.98040676,0.086027503,-0.17720559,0
3.9293745,4.7061734,3.0820551,0.98040676,-0.086027503,0.17720559,0
-1.2038045,2.9820771,-5.867413,0.15948284,-0.18136039,-0.97039866,0
3.6806149,3.0832691,3.3520401,0.98040676,-0.086027503,0.17720559,0
3.9728982,-3.0325818,-3.9160762,0.15948284,-0.18136039,-0.97039866,0
-4.7965245,-2.1538248,2.7441812,-0.98040676,0.086027503,-0.17720559,0
-4.3410664,-3.240469,-0.049598336,-0.98040676,0.086027503,-0.17720559,0
-3.1290731,2.7071271,-3.4133041,-0.98040676,0.086027503,-0.17720559,0
-3.3327346,-1.4114707,4.8188133,-0.15948284,0.18136039,0.97039866,0
3.6962953,-1.8409221,0.72429061,0.98040676,-0.086027503,0.17720559,0
3.326128,-6.1352072,-3.5039577,-0.11561909,-0.97964668,0.16408694,0
-3.2728167,2.1918306,-3.8827469,-0.98040676,0.086027503,-0.17720559,0
1.6853638,4.3569369,-3.3494871,0.11561909,0.97964668,-0.16408694,0
3.0800738,1.8188336,-4.9297071,0.15948284,-0.18136039,-0.97039866,0
3.7721055,-1.4378238,0.77784491,0.98040676,-0.086027503,0.17720559,0
-0.7976445,-5.0182419,-0.35838127,-0.11561909,-0.97964668,0.16408694,0
3.5386696,-5.7749109,-0.94831753,-0.11561909,-0.97964668,0.16408694,0
-0.86492586,4.6450429,-3.4033933,0.11561909,0.97964668,-0.16408694,0
2.0671015,-1.5453942,5.8437595,-0.15948284,0.18136039,0.97039866,0
-4.2249827,3.5117145,2.4398637,-0.98040676,0.086027503,-0.17720559,0
-2.3762672,-1.2332346,-5.4150305,0.15948284,-0.18136039,-0.97039866,0
-1.7259121,-4.8908997,0.27855396,-0.11561909,-0.97964668,0.16408694,0
0.64591563,5.5910034,2.8125088,0.11561909,0.97964668,-0.16408694,0
-0.091714859,2.6220074,-5.5848098,0.15948284,-0.18136039,-0.97039866,0
-0.77264047,5.7205791,2.7323308,0.11561909,0.97964668,-0.16408694,0
0.081991196,5.1053228,4.1920567,-0.15948284,0.18136039,0.97039866,0
-2.7644176,4.7904043,-3.28227,0.11561909,0.97964668,-0.16408694,0
3.5732794,5.0642514,2.5731096,0.11561909,0.97964668,-0.16408694,0
1.5548677,4.6626892,-1.850378,0.11561909,0.97964668,-0.16408694,0
-0.18688393,0.48189223,-5.275876,0.15948284,-0.18136039,-0.97039866,0
-3.4250736,-2.1537805,4.9407043,-0.15948284,0.18136039,0.97039866,0
-3.8854313,-5.3022919,-3.3642378,-0.11561909,-0.97964668,0.16408694,0
-1.0768619,2.4736285,-5.7137213,0.15948284,-0.18136039,-0.97039866,0
2.9545209,-4.8327141,3.6467199,0.98040676,-0.086027503,0.17720559,0
-3.535167,1.1634593,-2.0249829,-0.98040676,0.086027503,-0.17720559,0
-3.9605069,-4.4322782,-2.8732924,-0.98040676,0.086027503,-0.17720559,0
4.5617886,2.3661046,-1.8888254,0.98040676,-0.086027503,0.17720559,0
4.0640478,-5.840064,-2.1878095,0.98040676,-0.086027503,0.17720559,0
4.8297968,1.0085273,-3.2295604,0.98040676,-0.086027503,0.17720559,0
-3.8683877,-0.88857603,-1.5875345,-0.98040676,0.086027503,-0.17720559,0
-3.6413224,-0.27892852,-2.9315355,-0.98040676,0.086027503,-0.17720559,0
3.0889318,-2.7658496,4.0755277,0.98040676,-0.086027503,0.17720559,0
-2.0888438,-0.7847392,-5.4066472,0.15948284,-0.18136039,-0.97039866,0
1.142584,5.3184195,2.0868387,0.11561909,0.97964668,-0.16408694,0
-3.1923304,3.6799254,-3.3828912,-0.98040676,0.086027503,-0.17720559,0
-3.6143947,2.7343502,3.9641855,-0.15948284,0.18136039,0.97039866,0
0.0006313324,1.9846244,4.7225266,-0.15948284,0.18136039,0.97039866,0
-3.8575716,-1.7657447,4.7603407,-0.15948284,0.18136039,0.97039866,0
1.2716726,4.9979019,0.23960638,0.11561909,0.97964668,-0.16408694,0
-0.42809057,3.8799696,4.3683538,-0.15948284,0.18136039,0.97039866,0
-1.8375313,5.0016394,-1.5204854,0.11561909,0.97964668,-0.16408694,0
-3.6744654,3.0184753,-0.44897127,-0.98040676,0.086027503,-0.17720559,0
-3.3109765,3.6436582,-2.5446696,-0.98040676,0.086027503,-0.17720559,0
2.8187635,-6.0419183,-3.4720597,-0.11561909,-0.97964668,0.16408694,0
3.7971039,4.0204034,3.410985,0.98040676,-0.086027503,0.17720559,0
-2.1878061,-1.9670849,5.1322527,-0.15948284,0.18136039,0.97039866,0
-0.27379227,-2.5007191,-4.7707024,0.15948284,-0.18136039,-0.97039866,0
3.8911929,-0.077955484,1.4482523,0.98040676,-0.086027503,0.17720559,0
-2.6364813,3.924998,-5.7298441,-0.98040676,0.086027503,-0.17720559,0
4.9729271,3.8007174,-4.1434231,0.11561909,0.97964668,-0.16408694,0
2.7874382,4.5051723,-1.8600707,0.11561909,0.97964668,-0.16408694,0
-1.4253623,-4.7325115,-4.556993,0.15948284,-0.18136039,-0.97039866,0
-3.7997277,-4.3525143,1.1991544,-0.11561909,-0.97964668,0.16408694,0
-0.59313917,-3.5058398,5.7670817,-0.15948284,0.18136039,0.97039866,0
-4.1321273,5.4452882,2.5072966,-0.98040676,0.086027503,-0.17720559,0
-3.2796876,-0.47382164,-4.9878688,-0.98040676,0.086027503,-0.17720559,0
-2.3541999,-0.67526394,-5.3453083,0.15948284,-0.18136039,-0.97039866,0
0.43845558,-4.7201309,3.0384264,-0.11561909,-0.97964668,0.16408694,0
0.1415906,1.4028986,-5.3863325,0.15948284,-0.18136039,-0.97039866,0
-1.1162505,4.2937689,-5.3907828,0.11561909,0.97964668,-0.16408694,0
-3.7249961,-1.2554255,-2.8163466,-0.98040676,0.086027503,-0.17720559,0
4.9575768,0.55733442,-4.1902804,0.98040676,-0.086027503,0.17720559,0
1.7245253,-5.6121864,-1.5792065,-0.11561909,-0.97964668,0.16408694,0
-1.4971352,1.2810926,-5.6728978,0.15948284,-0.18136039,-0.97039866,0
-2.0050583,3.7540846,-6.1213446,0.15948284,-0.18136039,-0.97039866,0
2.9778442,-2.9854097,5.0621843,0.98040676,-0.086027503,0.17720559,0
-0.13084483,-5.6793723,-3.3020804,-0.11561909,-0.97964668,0.16408694,0
0.62337983,4.9603896,-0.086107731,0.11561909,0.97964668,-0.16408694,0
0.17639589,-0.24406219,5.2320199,-0.15948284,0.18136039,0.97039866,0
-2.0865564,5.2713957,-0.58391285,0.11561909,0.97964668,-0.16408694,0
0.79254675,-1.1065241,-4.8385639,0.15948284,-0.18136039,-0.97039866,0
-0.40817833,-5.7214394,-3.6161518,-0.11561909,-0.97964668,0.16408694,0
1.3568125,-4.8234448,2.2564259,-0.11561909,-0.97964668,0.16408694,0
3.0800073,-0.12871695,5.4666991,0.98040676,-0.086027503,0.17720559,0
4.2913446,3.3985868,-5.1754975,0.15948284,-0.18136039,-0.97039866,0
2.2675953,-5.2116542,0.56614923,-0.11561909,-0.97964668,0.16408694,0
4.1917152,3.6447444,1.658394,0.98040676,-0.086027503,0.17720559,0
-0.50342417,-0.96375084,5.3284712,-0.15948284,0.18136039,0.97039866,0
4.6032205,-1.7223415,-3.3330493,0.98040676,-0.086027503,0.17720559,0
-3.8771069,3.6866405,0.9743824,-0.98040676,0.086027503,-0.17720559,0
0.28622317,4.738667,-1.6927457,0.11561909,0.97964668,-0.16408694,0
-2.5694199,3.612397,-6.1387348,-0.98040676,0.086027503,-0.17720559,0
4.6845665,-2.0035872,-3.8696589,0.98040676,-0.086027503,0.17720559,0
-2.9144566,-4.6443458,1.2173207,-0.11561909,-0.97964668,0.16408694,0
