0.20767003,0.51768446,0.041797787,0.26188481,0.81964636,0.50950587,0
0.41695997,-0.2588186,0.11187658,0.88515949,-0.41437179,0.21163332,0
-0.27061138,-0.58583254,0.19685945,-0.3845894,-0.3955704,0.83403546,0
0.3899546,0.030414015,0.73197997,0.26188481,0.81964636,0.50950587,0
0.34440187,-0.53025281,-0.11610806,0.88515949,-0.41437179,0.21163332,0
-0.60517281,-0.21177676,-0.24608493,-0.88515949,0.41437179,-0.21163332,0
0.57453883,-0.15721214,-0.34825698,0.88515949,-0.41437179,0.21163332,0
0.41249907,-0.42802995,-0.50479114,-0.26188481,-0.81964636,-0.50950587,0
-0.282673,0.48866281,-0.22350556,-0.88515949,0.41437179,-0.21163332,0
-0.22178212,0.61388141,0.10778254,0.26188481,0.81964636,0.50950587,0
0.0021935403,0.16862315,-0.51850808,0.3845894,0.3955704,-0.83403546,0
-0.57590079,0.013275623,0.072130144,-0.88515949,0.41437179,-0.21163332,0
0.1354977,-0.20897102,0.56286365,-0.3845894,-0.3955704,0.83403546,0
-0.069637537,-0.70995456,0.19656038,-0.26188481,-0.81964636,-0.50950587,0
0.25334358,-0.50000143,0.32397565,0.88515949,-0.41437179,0.21163332,0
0.30915314,-0.29094303,0.49988145,0.88515949,-0.41437179,0.21163332,0
-0.43606919,-0.18773645,0.30937469,-0.3845894,-0.3955704,0.83403546,0
-0.068131357,0.40784588,0.3602573,0.26188481,0.81964636,0.50950587,0
-0.5405668,0.1148783,0.40471452,-0.3845894,-0.3955704,0.83403546,0
-0.15571773,-0.42459768,-0.2182506,-0.26188481,-0.81964636,-0.50950587,0
0.33535743,-0.41577688,-0.48485222,-0.26188481,-0.81964636,-0.50950587,0
0.038924217,0.62871587,-0.050084502,0.26188481,0.81964636,0.50950587,0
0.38486588,0.12210728,0.58708781,0.26188481,0.81964636,0.50950587,0
0.64829695,0.3960695,-0.11270335,0.3845894,0.3955704,-0.83403546,0
-0.44317338,-0.031074718,-0.56984091,-0.88515949,0.41437179,-0.21163332,0
0.50902683,0.21886384,-0.26096937,0.3845894,0.3955704,-0.83403546,0
-0.29457664,0.37727994,0.52582139,0.26188481,0.81964636,0.50950587,0
0.31181929,-0.43073741,-0.44868642,-0.26188481,-0.81964636,-0.50950587,0
0.17855082,0.096374512,-0.47145283,0.3845894,0.3955704,-0.83403546,0
-0.37939975,0.46232191,0.43261251,0.26188481,0.81964636,0.50950587,0
-0.33694556,-0.21799116,-0.45746952,-0.26188481,-0.81964636,-0.50950587,0
-0.37702158,-0.42504683,0.22404999,-0.3845894,-0.3955704,0.83403546,0
-0.015836179,0.55544972,-0.34335592,0.3845894,0.3955704,-0.83403546,0
-0.37218097,0.12055464,-0.56988192,-0.88515949,0.41437179,-0.21163332,0
-0.3760713,-0.24898204,-0.38750374,-0.26188481,-0.81964636,-0.50950587,0
0.45690787,0.25755262,0.33216634,0.26188481,0.81964636,0.50950587,0
0.33642256,-0.32074785,0.32746974,0.88515949,-0.41437179,0.21163332,0
-0.55107582,0.22872955,0.39015147,-0.88515949,0.41437179,-0.21163332,0
-0.38286737,-0.2604894,0.29940146,-0.3845894,-0.3955704,0.83403546,0
-0.36376348,0.35639322,0.59498388,0.26188481,0.81964636,0.50950587,0
-0.0022125542,-0.26486027,-0.55412287,-0.26188481,-0.81964636,-0.50950587,0
-0.14232519,-0.54315239,0.27625716,-0.3845894,-0.3955704,0.83403546,0
-0.26759356,-0.22241807,0.37061304,-0.3845894,-0.3955704,0.83403546,0
0.20946109,0.29885754,0.39290583,0.26188481,0.81964636,0.50950587,0
-0.59600961,-0.31141731,-0.17401576,-0.26188481,-0.81964636,-0.50950587,0
-0.0019649714,0.18821722,0.67956644,0.26188481,0.81964636,0.50950587,0
-0.36366662,-0.061163932,-0.69602424,-0.26188481,-0.81964636,-0.50950587,0
0.42163232,-0.033752263,-0.42108059,0.3845894,0.3955704,-0.83403546,0
-0.19527382,0.55539083,0.18825144,0.26188481,0.81964636,0.50950587,0
-0.60314846,-0.3117277,0.17352413,-0.3845894,-0.3955704,0.83403546,0
0.098738253,0.62002414,-0.25989684,0.3845894,0.3955704,-0.83403546,0
0.55279714,0.084246352,0.21544647,0.88515949,-0.41437179,0.21163332,0
0.33698842,-0.4189896,-0.48052216,-0.26188481,-0.81964636,-0.50950587,0
0.080066144,0.35864267,0.36323771,0.26188481,0.81964636,0.50950587,0
-0.51885849,-0.28483695,0.2251457,-0.3845894,-0.3955704,0.83403546,0
-0.57647812,-0.44315225,0.1234897,-0.3845894,-0.3955704,0.83403546,0
0.5836581,0.059029609,0.036996484,0.88515949,-0.41437179,0.21163332,0
0.13290304,-0.338819,-0.50459391,-0.26188481,-0.81964636,-0.50950587,0
-0.29989639,0.38195482,-0.36039966,-0.88515949,0.41437179,-0.21163332,0
-0.18616807,-0.25281614,-0.47894561,-0.26188481,-0.81964636,-0.50950587,0
-0.12937903,0.018247843,-0.6504994,0.3845894,0.3955704,-0.83403546,0
-0.18915007,0.39298829,-0.50032723,0.3845894,0.3955704,-0.83403546,0
-0.31557894,0.36159787,-0.33466545,-0.88515949,0.41437179,-0.21163332,0
0.61392641,0.47007409,-0.090425879,0.26188481,0.81964636,0.50950587,0
-0.28705576,0.051455975,-0.70745695,0.3845894,0.3955704,-0.83403546,0
0.52847809,-0.24252778,-0.32265246,0.88515949,-0.41437179,0.21163332,0
0.36248624,-0.3576026,-0.59238183,-0.26188481,-0.81964636,-0.50950587,0
-0.42073846,0.49719477,0.39776021,0.26188481,0.81964636,0.50950587,0
0.39038324,-0.32477942,0.093884796,0.88515949,-0.41437179,0.21163332,0
0.21339554,-0.65878844,0.18015879,0.88515949,-0.41437179,0.21163332,0
-0.50518036,0.39788377,0.52939188,-0.88515949,0.41437179,-0.21163332,0
0.28328127,0.57170004,-0.083961546,0.26188481,0.81964636,0.50950587,0
-0.3383669,0.53744262,0.29067439,0.26188481,0.81964636,0.50950587,0
-0.37236556,0.056688547,-0.69415772,-0.88515949,0.41437179,-0.21163332,0
0.45464665,-0.45357034,-0.42706662,0.88515949,-0.41437179,0.21163332,0
0.19001994,0.57180512,-0.036194503,0.26188481,0.81964636,0.50950587,0
0.066197991,0.43387422,0.24934031,0.26188481,0.81964636,0.50950587,0
-0.4339366,0.014802426,-0.51864779,-0.88515949,0.41437179,-0.21163332,0
0.26542494,0.39933366,0.20250379,0.26188481,0.81964636,0.50950587,0
0.44886523,-0.0097031146,0.46619302,0.88515949,-0.41437179,0.21163332,0
0.0026832521,-0.17221195,0.51905477,-0.3845894,-0.3955704,0.83403546,0
0.32314277,0.23860262,0.43140632,0.26188481,0.81964636,0.50950587,0
0.19596785,0.40536153,-0.31687364,0.3845894,0.3955704,-0.83403546,0
0.29928142,-0.6284458,-0.11965019,0.88515949,-0.41437179,0.21163332,0
-0.56857705,-0.13592023,-0.25062269,-0.88515949,0.41437179,-0.21163332,0
-0.58583474,-0.05211404,-0.014352292,-0.88515949,0.41437179,-0.21163332,0
-0.39075103,-0.0062375069,0.41635397,-0.3845894,-0.3955704,0.83403546,0
-0.33664161,-0.46117279,-0.066417456,-0.26188481,-0.81964636,-0.50950587,0
0.44028482,0.01829654,0.55690306,0.88515949,-0.41437179,0.21163332,0
-0.46093172,0.25887316,0.07214278,-0.88515949,0.41437179,-0.21163332,0
-0.43601942,0.033000946,-0.47430414,-0.88515949,0.41437179,-0.21163332,0
0.59696966,0.18981969,-0.23419243,0.3845894,0.3955704,-0.83403546,0
-0.4346053,0.33099285,0.10324022,-0.88515949,0.41437179,-0.21163332,0
-0.012086943,-0.03068918,0.57936603,-0.3845894,-0.3955704,0.83403546,0
0.19983302,0.16719335,0.60966396,0.26188481,0.81964636,0.50950587,0
-0.32239848,0.073600292,-0.71325141,0.3845894,0.3955704,-0.83403546,0
0.0038785636,-0.022884965,0.59042943,-0.3845894,-0.3955704,0.83403546,0
-0.37260807,-0.51845151,0.044213891,-0.26188481,-0.81964636,-0.50950587,0
-0.051688682,0.044308603,-0.60231465,0.3845894,0.3955704,-0.83403546,0
0.6486432,0.36383265,0.062641308,0.26188481,0.81964636,0.50950587,0
0.67768645,0.21174699,-0.057262585,0.88515949,-0.41437179,0.21163332,0
0.26251844,-0.40316442,-0.4677029,-0.26188481,-0.81964636,-0.50950587,0
-0.50071442,0.033746436,-0.20225674,-0.88515949,0.41437179,-0.21163332,0
0.62166935,0.17344281,0.10203169,0.88515949,-0.41437179,0.21163332,0
-0.0048728585,0.71798515,-0.26121244,0.3845894,0.3955704,-0.83403546,0
-0.37877989,-0.0024005771,0.4236939,-0.3845894,-0.3955704,0.83403546,0
0.49155831,-0.42686504,-0.52916193,0.88515949,-0.41437179,0.21163332,0
0.31853342,-0.25300395,0.53493178,0.88515949,-0.41437179,0.21163332,0
-0.26024666,0.48662779,-0.32128876,-0.88515949,0.41437179,-0.21163332,0
-0.037171453,0.50387228,0.18986547,0.26188481,0.81964636,0.50950587,0
-0.18796712,0.69726765,-0.21117222,-0.88515949,0.41437179,-0.21163332,0
0.55395454,-0.029292494,-0.011700094,0.88515949,-0.41437179,0.21163332,0
-0.1939311,-0.46489501,0.28957701,-0.3845894,-0.3955704,0.83403546,0
0.44988346,-0.23344667,0.023851037,0.88515949,-0.41437179,0.21163332,0
-0.14311567,-0.28104734,-0.45565867,-0.26188481,-0.81964636,-0.50950587,0
0.72876847,0.29097837,-0.11578105,0.88515949,-0.41437179,0.21163332,0
-0.23818871,0.38774157,-0.52542818,0.3845894,0.3955704,-0.83403546,0
-0.07753861,-0.57467163,-0.017009228,-0.26188481,-0.81964636,-0.50950587,0
-0.23752987,-0.29808363,-0.37972358,-0.26188481,-0.81964636,-0.50950587,0
0.039643645,-0.44715005,0.4056989,-0.3845894,-0.3955704,0.83403546,0
0.16258943,-0.40059984,-0.42046535,-0.26188481,-0.81964636,-0.50950587,0
0.08280915,0.57754147,0.0096835792,0.26188481,0.81964636,0.50950587,0
-0.26415509,-0.58745897,0.19906519,-0.3845894,-0.3955704,0.83403546,0
0.21843734,-0.51243651,0.44562382,0.88515949,-0.41437179,0.21163332,0
-0.27089772,0.26786125,0.60162145,-0.3845894,-0.3955704,0.83403546,0
-0.070774496,0.49895459,-0.39548376,0.3845894,0.3955704,-0.83403546,0
-0.026485123,-0.10758764,0.536255,-0.3845894,-0.3955704,0.83403546,0
0.54354167,0.0098783672,0.10854739,0.88515949,-0.41437179,0.21163332,0
0.087974586,-0.18094468,0.55424231,-0.3845894,-0.3955704,0.83403546,0
-0.30019528,0.46883518,0.38142359,0.26188481,0.81964636,0.50950587,0
-0.40582916,-0.43929043,0.20401071,-0.3845894,-0.3955704,0.83403546,0
0.33159414,0.2714932,-0.31782556,0.3845894,0.3955704,-0.83403546,0
-0.51996958,0.097898722,0.003886342,-0.88515949,0.41437179,-0.21163332,0
-0.13923901,0.6610347,-0.35018194,0.3845894,0.3955704,-0.83403546,0
0.27450633,-0.27777454,0.59433067,-0.3845894,-0.3955704,0.83403546,0
0.4705264,0.019919164,0.43359441,0.88515949,-0.41437179,0.21163332,0
-0.10214907,-0.18267864,-0.63496196,-0.26188481,-0.81964636,-0.50950587,0
0.56614894,-0.17872012,-0.35527804,0.88515949,-0.41437179,0.21163332,0
0.42574733,0.42984802,0.071009725,0.26188481,0.81964636,0.50950587,0
-0.15047112,-0.37940907,-0.29364261,-0.26188481,-0.81964636,-0.50950587,0
0.28215241,0.16219658,-0.39246181,0.3845894,0.3955704,-0.83403546,0
-0.091530748,0.11547616,-0.5869329,0.3845894,0.3955704,-0.83403546,0
0.33495697,-0.3880842,0.20175716,0.88515949,-0.41437179,0.21163332,0
0.33125243,0.58949339,-0.13724294,0.26188481,0.81964636,0.50950587,0
-0.44316503,0.077803016,0.432044,-0.3845894,-0.3955704,0.83403546,0
-0.58283901,-0.24851063,-0.28198397,-0.26188481,-0.81964636,-0.50950587,0
0.63304287,0.073242545,-0.14172758,0.88515949,-0.41437179,0.21163332,0
-0.29223418,-0.28803325,0.32813048,-0.3845894,-0.3955704,0.83403546,0
-0.072103709,-0.31707448,0.41586292,-0.3845894,-0.3955704,0.83403546,0
-0.38461044,-0.16547757,-0.5174489,-0.26188481,-0.81964636,-0.50950587,0
-0.55599296,-0.0463624,-0.12790427,-0.88515949,0.41437179,-0.21163332,0
-0.57262349,0.12109882,0.26953697,-0.88515949,0.41437179,-0.21163332,0
-0.0023195744,0.32260561,-0.44755763,0.3845894,0.3955704,-0.83403546,0
0.083871007,0.63365215,-0.081128031,0.26188481,0.81964636,0.50950587,0
-0.54397482,0.26346755,0.42846736,-0.88515949,0.41437179,-0.21163332,0
0.20638418,0.42168701,0.19689059,0.26188481,0.81964636,0.50950587,0
-0.013554901,0.49867669,-0.36923051,0.3845894,0.3955704,-0.83403546,0
-0.028635859,-0.38115609,-0.35345531,-0.26188481,-0.81964636,-0.50950587,0
0.72947037,0.37509027,0.0029860288,0.26188481,0.81964636,0.50950587,0
-0.32979116,-0.31323093,-0.30793393,-0.26188481,-0.81964636,-0.50950587,0
0.19976395,0.44890404,0.1565091,0.26188481,0.81964636,0.50950587,0
0.68606693,0.24016652,-0.036669299,0.88515949,-0.41437179,0.21163332,0
-0.47621858,0.22016412,0.060289145,-0.88515949,0.41437179,-0.21163332,0
-0.059327781,-0.72357035,0.22895929,-0.3845894,-0.3955704,0.83403546,0
-0.22631752,-0.62392938,0.13870406,-0.26188481,-0.81964636,-0.50950587,0
-0.13666892,0.78955489,-0.21857297,0.26188481,0.81964636,0.50950587,0
0.30918235,-0.14550483,-0.52593589,0.3845894,0.3955704,-0.83403546,0
-0.18692598,0.31774074,-0.53499037,0.3845894,0.3955704,-0.83403546,0
-0.41409904,0.02417174,-0.58327389,-0.88515949,0.41437179,-0.21163332,0
-0.51740551,0.09998101,-0.0027606785,-0.88515949,0.41437179,-0.21163332,0
-0.11751723,0.71454942,-0.31478435,0.3845894,0.3955704,-0.83403546,0
0.27685046,0.024961412,0.73899472,-0.3845894,-0.3955704,0.83403546,0
-0.32062295,-0.57520342,0.10879096,-0.26188481,-0.81964636,-0.50950587,0
0.0966032,-0.05590266,-0.58146322,0.3845894,0.3955704,-0.83403546,0
0.19233862,0.40445921,-0.31897515,0.3845894,0.3955704,-0.83403546,0
0.2333343,0.52429652,0.017969429,0.26188481,0.81964636,0.50950587,0
-0.088214517,-0.46703285,0.33731097,-0.3845894,-0.3955704,0.83403546,0
0.59104741,-0.044966996,-0.19753155,0.88515949,-0.41437179,0.21163332,0
-0.032512486,0.58626533,0.054924399,0.26188481,0.81964636,0.50950587,0
0.2736142,-0.58654869,0.069736779,0.88515949,-0.41437179,0.21163332,0
-0.5519315,-0.070839956,-0.19281764,-0.88515949,0.41437179,-0.21163332,0
-0.071491219,0.024389744,0.57809669,-0.3845894,-0.3955704,0.83403546,0
-0.19987945,-0.19137764,0.41655922,-0.3845894,-0.3955704,0.83403546,0
0.054891475,0.022496581,0.63547617,-0.3845894,-0.3955704,0.83403546,0
0.2263518,0.64955443,-0.17994493,0.26188481,0.81964636,0.50950587,0
-0.030477187,-0.044743776,0.56422007,-0.3845894,-0.3955704,0.83403546,0
0.20834866,-0.56020224,-0.18723178,-0.26188481,-0.81964636,-0.50950587,0
0.60123503,0.20388643,0.24710597,0.88515949,-0.41437179,0.21163332,0
0.38896164,0.11069906,-0.36763456,0.3845894,0.3955704,-0.83403546,0
0.28265232,-0.44418359,-0.4120639,-0.26188481,-0.81964636,-0.50950587,0
0.64290428,0.053062081,-0.22248581,0.88515949,-0.41437179,0.21163332,0
0.6232959,0.46314186,-0.084089845,0.26188481,0.81964636,0.50950587,0
0.068193793,0.55057579,0.060575694,0.26188481,0.81964636,0.50950587,0
-0.4368718,-0.016065016,-0.56680888,-0.88515949,0.41437179,-0.21163332,0
0.51481825,-0.21742371,-0.21636707,0.88515949,-0.41437179,0.21163332,0
0.44298118,-0.41616881,-0.53954011,-0.26188481,-0.81964636,-0.50950587,0
-0.086047143,-0.2784422,-0.48918271,-0.26188481,-0.81964636,-0.50950587,0
0.38502526,-0.47931838,-0.18628794,0.88515949,-0.41437179,0.21163332,0
0.36300558,-0.42035621,-0.4916966,-0.26188481,-0.81964636,-0.50950587,0
-0.15621835,0.62482184,0.056482792,0.26188481,0.81964636,0.50950587,0
0.3256641,-0.063999593,-0.4796792,0.3845894,0.3955704,-0.83403546,0
-0.049971819,-0.61828405,0.03898108,-0.26188481,-0.81964636,-0.50950587,0
-0.16808015,0.68384886,-0.3206234,-0.88515949,0.41437179,-0.21163332,0
-0.56325364,-0.11787748,0.28386062,-0.3845894,-0.3955704,0.83403546,0
0.18583834,0.31540611,-0.36420906,0.3845894,0.3955704,-0.83403546,0
0.1239927,-0.019123614,-0.55138958,0.3845894,0.3955704,-0.83403546,0
0.0066075921,-0.32757929,0.44717595,-0.3845894,-0.3955704,0.83403546,0
0.15390947,-0.57955486,-0.12811729,-0.26188481,-0.81964636,-0.50950587,0
0.48930365,-0.3562541,-0.54283375,0.3845894,0.3955704,-0.83403546,0
-0.43413711,0.092899911,-0.36489677,-0.88515949,0.41437179,-0.21163332,0
0.35685992,-0.3830964,0.11991367,0.88515949,-0.41437179,0.21163332,0
0.10027896,0.19446447,-0.46102285,0.3845894,0.3955704,-0.83403546,0
0.50802964,-0.19325718,-0.14065653,0.88515949,-0.41437179,0.21163332,0
0.39012462,0.29384392,-0.28023547,0.3845894,0.3955704,-0.83403546,0
0.44613391,-0.36909789,-0.2260673,0.88515949,-0.41437179,0.21163332,0
-0.34472823,0.53100872,0.11895323,-0.88515949,0.41437179,-0.21163332,0
0.63599509,0.048856318,-0.28305393,0.3845894,0.3955704,-0.83403546,0
-0.41971478,0.31593591,0.011479437,-0.88515949,0.41437179,-0.21163332,0
0.30600679,-0.54931146,0.0071635842,0.88515949,-0.41437179,0.21163332,0
0.14689204,-0.35313118,0.4997448,-0.3845894,-0.3955704,0.83403546,0
-0.564309,-0.48814556,0.093994416,-0.26188481,-0.81964636,-0.50950587,0
0.4049581,0.46191198,0.030113839,0.26188481,0.81964636,0.50950587,0
-0.092101574,0.74159849,-0.16433251,0.26188481,0.81964636,0.50950587,0
0.5488416,0.47316852,-0.061950479,0.26188481,0.81964636,0.50950587,0
0.44189742,-0.45091277,-0.48309007,-0.26188481,-0.81964636,-0.50950587,0
0.32673714,-0.26159501,0.48379868,0.88515949,-0.41437179,0.21163332,0
-0.38668141,0.33664724,-0.086130947,-0.88515949,0.41437179,-0.21163332,0
-0.31959453,0.2677246,-0.50167114,-0.88515949,0.41437179,-0.21163332,0
-0.21418375,0.70556074,-0.085283279,-0.88515949,0.41437179,-0.21163332,0
0.027745917,-0.26004463,0.48895389,-0.3845894,-0.3955704,0.83403546,0
0.37345847,0.050417066,-0.40337417,0.3845894,0.3955704,-0.83403546,0
0.39930394,-0.010521978,0.67188042,0.88515949,-0.41437179,0.21163332,0
-0.16383713,0.68844438,-0.32937199,-0.88515949,0.41437179,-0.21163332,0
-0.31422296,-0.0055095553,-0.74700212,0.3845894,0.3955704,-0.83403546,0
0.66733205,0.23082504,0.023399308,0.88515949,-0.41437179,0.21163332,0
0.57729256,0.48577109,-0.096848048,0.26188481,0.81964636,0.50950587,0
-0.37096733,0.36666188,-0.093087405,-0.88515949,0.41437179,-0.21163332,0
0.018285036,-0.49454802,0.37336981,-0.3845894,-0.3955704,0.83403546,0
0.12769341,-0.51328528,-0.22125083,-0.26188481,-0.81964636,-0.50950587,0
-0.41396466,-0.3251366,0.2544007,-0.3845894,-0.3955704,0.83403546,0
0.14463381,0.042240918,0.68622255,-0.3845894,-0.3955704,0.83403546,0
0.061212048,-0.02227205,0.61715764,-0.3845894,-0.3955704,0.83403546,0
-0.18272345,-0.31935883,0.36377069,-0.3845894,-0.3955704,0.83403546,0
0.38818768,0.56820154,-0.13225518,0.26188481,0.81964636,0.50950587,0
-0.44343913,0.16898192,-0.17702466,-0.88515949,0.41437179,-0.21163332,0
-0.14175016,0.084292293,0.57410991,-0.3845894,-0.3955704,0.83403546,0
-0.25192329,0.027054667,-0.70282984,0.3845894,0.3955704,-0.83403546,0
-0.19225115,0.099414229,0.55799502,-0.3845894,-0.3955704,0.83403546,0
0.3323307,-0.24829206,0.48645025,0.88515949,-0.41437179,0.21163332,0
-0.52672666,-0.32783446,-0.18321668,-0.26188481,-0.81964636,-0.50950587,0
0.60489643,-0.060421646,-0.28571498,0.88515949,-0.41437179,0.21163332,0
0.63902259,0.43292168,-0.099501476,0.3845894,0.3955704,-0.83403546,0
-0.065672904,0.21550786,-0.52756584,0.3845894,0.3955704,-0.83403546,0
-0.20982993,0.38183659,0.47493142,0.26188481,0.81964636,0.50950587,0
0.31403497,-0.022269189,-0.46524945,0.3845894,0.3955704,-0.83403546,0
0.56835455,0.19714406,0.37142766,0.88515949,-0.41437179,0.21163332,0
-0.017645895,-0.44077018,-0.26320243,-0.26188481,-0.81964636,-0.50950587,0
0.42977768,-0.30644059,-0.034976274,0.88515949,-0.41437179,0.21163332,0
-0.70765233,-0.40350625,0.081806295,-0.3845894,-0.3955704,0.83403546,0
0.084508061,-0.50296187,-0.21566096,-0.26188481,-0.81964636,-0.50950587,0
0.49729976,-0.27763864,-0.26099473,0.88515949,-0.41437179,0.21163332,0
0.64937925,0.1753051,-0.010219187,0.88515949,-0.41437179,0.21163332,0
0.29824355,-0.60799307,-0.075263202,0.88515949,-0.41437179,0.21163332,0
-0.31551769,0.51499814,-0.034568548,-0.88515949,0.41437179,-0.21163332,0
0.30010739,-0.15184671,-0.53312838,0.3845894,0.3955704,-0.83403546,0
0.49046221,0.11675485,0.53981388,0.88515949,-0.41437179,0.21163332,0
-0.069155276,0.6318785,0.00038045645,0.26188481,0.81964636,0.50950587,0
-0.17878541,-0.48631412,-0.10711013,-0.26188481,-0.81964636,-0.50950587,0
-0.079784721,-0.41843474,-0.26719433,-0.26188481,-0.81964636,-0.50950587,0
-0.69722486,-0.29021943,0.1403448,-0.3845894,-0.3955704,0.83403546,0
0.13782221,0.65629476,-0.2246719,0.3845894,0.3955704,-0.83403546,0
-0.336815,0.44400534,0.44019002,0.26188481,0.81964636,0.50950587,0
-0.45691797,-0.2846832,-0.28851596,-0.26188481,-0.81964636,-0.50950587,0
0.28303656,-0.61242402,-0.14161158,-0.26188481,-0.81964636,-0.50950587,0
0.63726324,0.1248166,-0.058398888,0.88515949,-0.41437179,0.21163332,0
-0.4940052,-0.32753992,-0.20050924,-0.26188481,-0.81964636,-0.50950587,0
0.35795105,-0.52621937,-0.16488022,0.88515949,-0.41437179,0.21163332,0
-0.25814947,0.04668048,-0.69639266,0.3845894,0.3955704,-0.83403546,0
0.28240672,0.2309978,-0.35971317,0.3845894,0.3955704,-0.83403546,0
0.22484642,-0.34747505,-0.53792763,-0.26188481,-0.81964636,-0.50950587,0
0.35097948,0.38612998,0.17976986,0.26188481,0.81964636,0.50950587,0
-0.3617453,0.46806121,0.06687808,-0.88515949,0.41437179,-0.21163332,0
0.60129231,-0.068074584,-0.28562498,0.88515949,-0.41437179,0.21163332,0
0.13675201,0.31941742,0.3972033,0.26188481,0.81964636,0.50950587,0
-0.19615991,-0.22809346,-0.5135814,-0.26188481,-0.81964636,-0.50950587,0
0.52747941,0.2022918,0.38479128,0.26188481,0.81964636,0.50950587,0
-0.29447073,0.57778549,0.2032119,0.26188481,0.81964636,0.50950587,0
-0.52810985,-0.36627397,-0.12066772,-0.26188481,-0.81964636,-0.50950587,0
-0.54460073,0.080853939,0.073533148,-0.88515949,0.41437179,-0.21163332,0
-0.51586926,0.25346929,0.29133913,-0.88515949,0.41437179,-0.21163332,0
0.055297792,0.72504866,-0.2134718,0.26188481,0.81964636,0.50950587,0
-0.23181638,0.48403901,-0.44526753,-0.88515949,0.41437179,-0.21163332,0
0.40100542,-0.35148084,-0.002823174,0.88515949,-0.41437179,0.21163332,0
-0.60086286,-0.31343591,0.17376792,-0.3845894,-0.3955704,0.83403546,0
0.20719868,0.6576761,-0.18316567,0.26188481,0.81964636,0.50950587,0
0.41508156,0.038210183,0.70130622,0.88515949,-0.41437179,0.21163332,0
0.23656118,0.56569368,-0.050285071,0.26188481,0.81964636,0.50950587,0
-0.38928437,0.10384977,0.46924302,-0.3845894,-0.3955704,0.83403546,0
0.3206355,0.049108028,-0.42835271,0.3845894,0.3955704,-0.83403546,0
-0.28939351,-0.43224549,-0.1372385,-0.26188481,-0.81964636,-0.50950587,0
0.15226868,0.36618057,-0.35560709,0.3845894,0.3955704,-0.83403546,0
-0.49642718,-0.14580186,-0.4916279,-0.26188481,-0.81964636,-0.50950587,0
0.51436377,-0.11792225,-0.019645214,0.88515949,-0.41437179,0.21163332,0
0.27025089,0.42038599,-0.27549446,0.3845894,0.3955704,-0.83403546,0
0.22957088,0.26953131,-0.36580089,0.3845894,0.3955704,-0.83403546,0
-0.20793593,-0.50418019,-0.063385502,-0.26188481,-0.81964636,-0.50950587,0
0.41385141,0.39835185,-0.21972804,0.3845894,0.3955704,-0.83403546,0
-0.41758889,-0.54171836,0.10476354,-0.26188481,-0.81964636,-0.50950587,0
0.27099097,-0.51554,0.21974117,0.88515949,-0.41437179,0.21163332,0
0.40840673,-0.35389715,-0.038510323,0.88515949,-0.41437179,0.21163332,0
0.50767088,-0.31892437,-0.38520828,0.88515949,-0.41437179,0.21163332,0
-0.3018859,-0.37579885,0.28205401,-0.3845894,-0.3955704,0.83403546,0
-0.6612761,-0.092435598,0.22223395,-0.88515949,0.41437179,-0.21163332,0
0.14906973,0.070571482,0.70170474,-0.3845894,-0.3955704,0.83403546,0
0.54881519,0.00075894594,0.068635345,0.88515949,-0.41437179,0.21163332,0
-0.35381627,0.47768527,0.3947475,0.26188481,0.81964636,0.50950587,0
0.37184674,0.13383788,0.57490849,0.26188481,0.81964636,0.50950587,0
0.24090296,-0.5493952,0.27929696,0.88515949,-0.41437179,0.21163332,0
-0.18087268,0.71756476,-0.20110381,-0.88515949,0.41437179,-0.21163332,0
0.13501093,0.52628446,0.065309554,0.26188481,0.81964636,0.50950587,0
0.38632736,0.5525645,-0.10614346,0.26188481,0.81964636,0.50950587,0
0.55281723,0.38382769,0.079729483,0.26188481,0.81964636,0.50950587,0
-0.36388043,0.22031233,-0.4092766,-0.88515949,0.41437179,-0.21163332,0
-0.21353331,0.65402257,-0.18891394,-0.88515949,0.41437179,-0.21163332,0
0.60198772,0.38076928,-0.14131403,0.3845894,0.3955704,-0.83403546,0
-0.50877053,0.098222554,-0.042319745,-0.88515949,0.41437179,-0.21163332,0
-0.20156109,-0.35668266,-0.30394271,-0.26188481,-0.81964636,-0.50950587,0
0.24481675,-0.14784747,-0.55672717,0.3845894,0.3955704,-0.83403546,0
0.32176271,0.47564954,0.050776333,0.26188481,0.81964636,0.50950587,0
-0.7024411,-0.28867853,0.010169432,-0.88515949,0.41437179,-0.21163332,0
0.24553943,-0.47062001,0.41414467,0.88515949,-0.41437179,0.21163332,0
-0.4320021,0.20102888,0.49563563,-0.3845894,-0.3955704,0.83403546,0
0.48016721,-0.076650321,0.20419133,0.88515949,-0.41437179,0.21163332,0
0.48266435,-0.16266251,0.025337815,0.88515949,-0.41437179,0.21163332,0
-0.4771961,-0.4448671,0.16845714,-0.3845894,-0.3955704,0.83403546,0
-0.65093267,-0.26446143,-0.15784906,-0.88515949,0.41437179,-0.21163332,0
-0.58833474,-0.44499415,0.11714883,-0.3845894,-0.3955704,0.83403546,0
0.17395347,0.62544584,-0.22264224,0.3845894,0.3955704,-0.83403546,0
0.12078017,0.29584941,0.44332683,0.26188481,0.81964636,0.50950587,0
0.40244856,-0.20126808,0.28525284,0.88515949,-0.41437179,0.21163332,0
-0.48891374,0.29960406,0.51614535,-0.3845894,-0.3955704,0.83403546,0
0.34427175,0.15696856,0.55187142,0.26188481,0.81964636,0.50950587,0
0.21258107,0.18660945,-0.41296378,0.3845894,0.3955704,-0.83403546,0
-0.27676862,0.34586746,-0.52778971,-0.88515949,0.41437179,-0.21163332,0
-0.51007569,-0.00019210577,0.36419842,-0.3845894,-0.3955704,0.83403546,0
-0.43625194,-0.27076501,-0.32152861,-0.26188481,-0.81964636,-0.50950587,0
0.024720073,0.69950265,-0.15665889,0.26188481,0.81964636,0.50950587,0
-0.27893385,-0.089926571,-0.69330597,-0.26188481,-0.81964636,-0.50950587,0
0.17143437,-0.17374602,0.59614146,-0.3845894,-0.3955704,0.83403546,0
-0.35952792,-0.55971086,0.10386504,-0.26188481,-0.81964636,-0.50950587,0
-0.13182069,-0.16720027,-0.644611,-0.26188481,-0.81964636,-0.50950587,0
0.5114972,-0.32930952,-0.42154589,0.88515949,-0.41437179,0.21163332,0
-0.15837565,-0.34698614,0.36189473,-0.3845894,-0.3955704,0.83403546,0
-0.39370227,-0.047197193,-0.70305449,-0.26188481,-0.81964636,-0.50950587,0
0.046653807,-0.32532504,-0.48196974,-0.26188481,-0.81964636,-0.50950587,0
0.63820887,0.066346586,-0.17683657,0.88515949,-0.41437179,0.21163332,0
-0.032522857,0.56438339,-0.34681332,0.3845894,0.3955704,-0.83403546,0
-0.43986335,-0.0036707371,-0.53002894,-0.88515949,0.41437179,-0.21163332,0
0.26949787,-0.13712785,0.65872777,-0.3845894,-0.3955704,0.83403546,0
0.028225541,-0.72124952,0.27043253,-0.3845894,-0.3955704,0.83403546,0
0.09305346,-0.78922611,0.24046236,-0.26188481,-0.81964636,-0.50950587,0
-0.17398244,0.7323088,-0.2010541,-0.88515949,0.41437179,-0.21163332,0
-0.35591987,0.45259562,0.012231827,-0.88515949,0.41437179,-0.21163332,0
-0.55697674,-0.10902327,-0.24647774,-0.88515949,0.41437179,-0.21163332,0
0.3523877,0.29244107,0.32976413,0.26188481,0.81964636,0.50950587,0
-0.047414362,-0.18076217,-0.66617846,-0.26188481,-0.81964636,-0.50950587,0
-0.047398865,0.5007174,-0.38386872,0.3845894,0.3955704,-0.83403546,0
-0.089607984,0.4730193,0.26645124,0.26188481,0.81964636,0.50950587,0
-0.25803041,0.44123644,-0.41943324,-0.88515949,0.41437179,-0.21163332,0
-0.43678245,-0.23273796,-0.38243032,-0.26188481,-0.81964636,-0.50950587,0
-0.094408572,0.55574697,-0.37944612,0.3845894,0.3955704,-0.83403546,0
-0.46443334,-0.1673739,-0.47336954,-0.26188481,-0.81964636,-0.50950587,0
-0.0087894797,-0.7128464,0.25734967,-0.3845894,-0.3955704,0.83403546,0
-0.67500591,-0.13134587,0.20347382,-0.88515949,0.41437179,-0.21163332,0
-0.15735242,-0.10463452,0.47731024,-0.3845894,-0.3955704,0.83403546,0
-0.091349125,-0.42104924,-0.25704437,-0.26188481,-0.81964636,-0.50950587,0
-0.35913447,0.25955811,-0.35228464,-0.88515949,0.41437179,-0.21163332,0
0.48218077,0.11395413,-0.32310569,0.3845894,0.3955704,-0.83403546,0
-0.11864832,0.29673162,0.56497329,0.26188481,0.81964636,0.50950587,0
-0.65467989,-0.18780607,0.0079128146,-0.88515949,0.41437179,-0.21163332,0
-0.17240009,-0.35888031,0.34978655,-0.3845894,-0.3955704,0.83403546,0
0.2703802,-0.40660387,0.4355894,0.88515949,-0.41437179,0.21163332,0
0.65326625,0.16061664,-0.22208363,0.3845894,0.3955704,-0.83403546,0
0.4962768,-0.21373513,-0.13159502,0.88515949,-0.41437179,0.21163332,0
0.43220091,0.18956199,0.4542428,0.26188481,0.81964636,0.50950587,0
0.13145685,0.36580831,-0.36538041,0.3845894,0.3955704,-0.83403546,0
-0.68592763,-0.29046765,-0.062401488,-0.88515949,0.41437179,-0.21163332,0
0.11959311,0.34696877,-0.37978628,0.3845894,0.3955704,-0.83403546,0
-0.31502399,-0.30925348,-0.32192275,-0.26188481,-0.81964636,-0.50950587,0
0.13123068,0.13464242,-0.47512317,0.3845894,0.3955704,-0.83403546,0
0.061441571,-0.35502189,0.4594453,-0.3845894,-0.3955704,0.83403546,0
-0.37448567,0.0020548701,0.42778718,-0.3845894,-0.3955704,0.83403546,0
0.39575654,0.088977963,0.63478541,0.26188481,0.81964636,0.50950587,0
0.61178863,0.18947741,0.17475307,0.88515949,-0.41437179,0.21163332,0
-0.50713664,0.38750511,0.51725268,-0.88515949,0.41437179,-0.21163332,0
0.2393406,0.36067414,0.27810296,0.26188481,0.81964636,0.50950587,0
0.25015408,0.30490535,0.36226064,0.26188481,0.81964636,0.50950587,0
0.11860603,0.62334991,-0.24915811,0.3845894,0.3955704,-0.83403546,0
0.53977436,0.4740248,-0.058667418,0.26188481,0.81964636,0.50950587,0
-0.4598121,0.010820389,0.39259896,-0.3845894,-0.3955704,0.83403546,0
0.042279989,0.11987072,0.67584389,-0.3845894,-0.3955704,0.83403546,0
-0.49974877,-0.461081,0.017271616,-0.26188481,-0.81964636,-0.50950587,0
-0.58399212,-0.33845395,-0.13669872,-0.26188481,-0.81964636,-0.50950587,0
0.2676152,-0.35158014,0.55488896,0.88515949,-0.41437179,0.21163332,0
0.31474024,-0.2458283,0.56484658,0.88515949,-0.41437179,0.21163332,0
0.18849024,0.36254644,-0.34062824,0.3845894,0.3955704,-0.83403546,0
-0.37967905,-0.042800426,-0.71733546,-0.26188481,-0.81964636,-0.50950587,0
0.34630108,-0.50834131,-0.34156811,-0.26188481,-0.81964636,-0.50950587,0
-0.72009587,-0.35452804,-0.040883198,-0.26188481,-0.81964636,-0.50950587,0
0.34059262,0.3774125,-0.26344022,0.3845894,0.3955704,-0.83403546,0
0.32078326,0.54810786,-0.065284565,0.26188481,0.81964636,0.50950587,0
0.4019888,-0.38917869,-0.080747426,0.88515949,-0.41437179,0.21163332,0
-0.28067029,0.45247883,-0.30272922,-0.88515949,0.41437179,-0.21163332,0
-0.40727204,0.51252949,0.34436172,-0.88515949,0.41437179,-0.21163332,0
0.15704,0.37462306,-0.34940279,0.3845894,0.3955704,-0.83403546,0
-0.22293179,0.22689295,-0.59468108,0.3845894,0.3955704,-0.83403546,0
-0.47808027,0.030495286,0.39350662,-0.3845894,-0.3955704,0.83403546,0
-0.24132614,-0.12986141,0.42662364,-0.3845894,-0.3955704,0.83403546,0
-0.40715611,-0.44694078,-0.053068325,-0.26188481,-0.81964636,-0.50950587,0
-0.48750585,0.22258425,0.4802652,-0.3845894,-0.3955704,0.83403546,0
-0.59645927,-0.4690029,0.079724528,-0.26188481,-0.81964636,-0.50950587,0
-0.17864566,0.072970808,0.55172706,-0.3845894,-0.3955704,0.83403546,0
-0.092901707,0.66976362,-0.32467493,0.3845894,0.3955704,-0.83403546,0
-0.33493951,-0.037277788,-0.74921584,-0.26188481,-0.81964636,-0.50950587,0
-0.61581665,-0.14867914,-0.078023866,-0.88515949,0.41437179,-0.21163332,0
-0.25832373,0.20410654,-0.62180817,0.3845894,0.3955704,-0.83403546,0
0.032538205,0.010801792,0.61962199,-0.3845894,-0.3955704,0.83403546,0
-0.47776255,-0.14596403,0.30996111,-0.3845894,-0.3955704,0.83403546,0
0.39820677,0.032505244,0.72437418,0.26188481,0.81964636,0.50950587,0
0.32093346,-0.35212451,0.33081856,0.88515949,-0.41437179,0.21163332,0
-0.5269143,0.16400146,0.16235992,-0.88515949,0.41437179,-0.21163332,0
0.29154897,0.48583058,0.049927831,0.26188481,0.81964636,0.50950587,0
0.42566225,-0.31950238,-0.043337852,0.88515949,-0.41437179,0.21163332,0
0.046241701,0.39527309,0.32169574,0.26188481,0.81964636,0.50950587,0
0.20003104,0.31881869,0.36564121,0.26188481,0.81964636,0.50950587,0
0.16092062,-0.76130468,0.19891214,0.88515949,-0.41437179,0.21163332,0
-0.52900136,0.12922692,0.10300159,-0.88515949,0.41437179,-0.21163332,0
0.48962143,-0.34165931,-0.35423064,0.88515949,-0.41437179,0.21163332,0
0.53392088,-0.25299358,-0.36590874,0.88515949,-0.41437179,0.21163332,0
0.27580619,0.28864896,-0.33541372,0.3845894,0.3955704,-0.83403546,0
-0.40405375,0.030939758,-0.61203694,-0.88515949,0.41437179,-0.21163332,0
0.14553541,0.46535838,-0.3116734,0.3845894,0.3955704,-0.83403546,0
0.17420389,0.19261143,0.58194703,0.26188481,0.81964636,0.50950587,0
0.13759089,0.68992919,-0.20882627,0.3845894,0.3955704,-0.83403546,0
0.46437308,-0.20424533,-0.4822343,0.3845894,0.3955704,-0.83403546,0
0.1926831,-0.65547073,0.27328444,0.88515949,-0.41437179,0.21163332,0
0.37710708,-0.46626782,-0.1276176,0.88515949,-0.41437179,0.21163332,0
-0.40112597,0.41828483,0.13412756,-0.88515949,0.41437179,-0.21163332,0
-0.53299642,0.20437616,0.26685092,-0.88515949,0.41437179,-0.21163332,0
0.11196494,0.41067016,0.26314482,0.26188481,0.81964636,0.50950587,0
0.083161294,-0.31193167,-0.52228069,-0.26188481,-0.81964636,-0.50950587,0
-0.026350379,0.44268221,0.28274047,0.26188481,0.81964636,0.50950587,0
-0.31144881,0.37132901,-0.33288634,-0.88515949,0.41437179,-0.21163332,0
-0.32082266,0.35533619,0.57461292,0.26188481,0.81964636,0.50950587,0
-0.32089093,0.50633782,-0.029051483,-0.88515949,0.41437179,-0.21163332,0
0.18342501,0.0065341592,-0.51181525,0.3845894,0.3955704,-0.83403546,0
0.41017294,-0.14464791,0.36380631,0.88515949,-0.41437179,0.21163332,0
0.27729946,0.43506458,-0.26528239,0.3845894,0.3955704,-0.83403546,0
-0.2532725,-0.10233927,-0.68652749,-0.26188481,-0.81964636,-0.50950587,0
0.33836904,0.059770644,-0.41511834,0.3845894,0.3955704,-0.83403546,0
0.45385018,-0.075003386,-0.42578912,0.3845894,0.3955704,-0.83403546,0
-0.43879569,0.14915597,-0.23526451,-0.88515949,0.41437179,-0.21163332,0
0.30058303,-0.14156914,0.67095536,-0.3845894,-0.3955704,0.83403546,0
0.2970252,-0.031913638,0.72132266,-0.3845894,-0.3955704,0.83403546,0
0.30265698,-0.44714808,0.22120696,0.88515949,-0.41437179,0.21163332,0
-0.231902,0.49288619,-0.42758673,-0.88515949,0.41437179,-0.21163332,0
-0.073619008,-0.6314736,0.072353899,-0.26188481,-0.81964636,-0.50950587,0
0.19342352,0.18262577,-0.4236871,0.3845894,0.3955704,-0.83403546,0
0.3158305,0.35777053,-0.28417438,0.3845894,0.3955704,-0.83403546,0
0.1843949,-0.74426627,0.12118578,-0.26188481,-0.81964636,-0.50950587,0
0.024749279,0.5156045,0.13916469,0.26188481,0.81964636,0.50950587,0
0.040320814,-0.53198904,-0.14625263,-0.26188481,-0.81964636,-0.50950587,0
0.050585568,-0.262481,-0.58508849,-0.26188481,-0.81964636,-0.50950587,0
-0.15504327,0.081660867,0.56673211,-0.3845894,-0.3955704,0.83403546,0
0.28755587,0.20747767,0.49976885,0.26188481,0.81964636,0.50950587,0
0.22212565,0.63644749,-0.15668747,0.26188481,0.81964636,0.50950587,0
-0.23937657,0.63159096,-0.12474459,-0.88515949,0.41437179,-0.21163332,0
0.08397305,-0.48374417,-0.24630171,-0.26188481,-0.81964636,-0.50950587,0
-0.18138227,-0.40052611,-0.24378331,-0.26188481,-0.81964636,-0.50950587,0
0.59826481,0.1009886,0.058058292,0.88515949,-0.41437179,0.21163332,0
0.42537591,-0.11477716,0.35870543,0.88515949,-0.41437179,0.21163332,0
-0.032366052,0.27830333,-0.48242444,0.3845894,0.3955704,-0.83403546,0
0.54233932,-0.015914857,0.063073695,0.88515949,-0.41437179,0.21163332,0
-0.021346271,0.59472775,-0.32726777,0.3845894,0.3955704,-0.83403546,0
0.32273063,0.090985894,0.66909045,0.26188481,0.81964636,0.50950587,0
0.33950999,-0.18899223,0.57253009,0.88515949,-0.41437179,0.21163332,0
-0.53915346,0.15797716,0.20175478,-0.88515949,0.41437179,-0.21163332,0
-0.20981005,-0.18195513,-0.58078831,-0.26188481,-0.81964636,-0.50950587,0
-0.61986542,-0.11200505,0.010716617,-0.88515949,0.41437179,-0.21163332,0
-0.032385856,0.10947871,0.63648528,-0.3845894,-0.3955704,0.83403546,0
-0.0045378208,0.34367192,-0.43858904,0.3845894,0.3955704,-0.83403546,0
0.41205406,0.13847458,-0.34381264,0.3845894,0.3955704,-0.83403546,0
-0.1311875,-0.27191621,-0.47647899,-0.26188481,-0.81964636,-0.50950587,0
-0.12681746,0.52777755,0.19748673,0.26188481,0.81964636,0.50950587,0
-0.23317325,0.11209142,-0.65385222,0.3845894,0.3955704,-0.83403546,0
-0.52802289,0.21007568,0.25720841,-0.88515949,0.41437179,-0.21163332,0
0.052770376,0.42801419,0.26566917,0.26188481,0.81964636,0.50950587,0
-0.10062808,-0.50297147,-0.12048599,-0.26188481,-0.81964636,-0.50950587,0
0.30067182,-0.37239251,0.37587908,0.88515949,-0.41437179,0.21163332,0
-0.0038977861,-0.61129844,0.0040614009,-0.26188481,-0.81964636,-0.50950587,0
-0.41924953,0.12484559,-0.3646155,-0.88515949,0.41437179,-0.21163332,0
0.51814926,0.090284407,-0.31774604,0.3845894,0.3955704,-0.83403546,0
-0.26858264,-0.017276645,-0.73153752,0.3845894,0.3955704,-0.83403546,0
0.014948055,0.07086134,0.63999617,-0.3845894,-0.3955704,0.83403546,0
0.25815478,0.12072814,0.65443569,0.26188481,0.81964636,0.50950587,0
0.52784419,0.045078427,0.24312282,0.88515949,-0.41437179,0.21163332,0
-0.2239401,0.49866706,-0.4495686,-0.88515949,0.41437179,-0.21163332,0
-0.12242869,-0.46027717,0.32473832,-0.3845894,-0.3955704,0.83403546,0
-0.33922002,-0.11546338,-0.62123781,-0.26188481,-0.81964636,-0.50950587,0
0.055010915,-0.69920528,0.11519879,-0.26188481,-0.81964636,-0.50950587,0
-0.27178162,-0.11692128,-0.65355563,-0.26188481,-0.81964636,-0.50950587,0
0.031699151,-0.18899068,0.52447659,-0.3845894,-0.3955704,0.83403546,0
-0.44569415,0.4076674,0.29974598,-0.88515949,0.41437179,-0.21163332,0
-0.057063654,-0.24659628,0.45622492,-0.3845894,-0.3955704,0.83403546,0
-0.49431899,0.083239704,-0.13209945,-0.88515949,0.41437179,-0.21163332,0
-0.42623949,0.13392811,-0.31759667,-0.88515949,0.41437179,-0.21163332,0
-0.71762502,-0.27618808,0.098132387,-0.88515949,0.41437179,-0.21163332,0
-0.37263334,0.20243192,-0.40767676,-0.88515949,0.41437179,-0.21163332,0
-0.11278522,-0.23378444,-0.54728067,-0.26188481,-0.81964636,-0.50950587,0
-0.2376873,0.38475394,0.48455685,0.26188481,0.81964636,0.50950587,0
-0.39869744,-0.32916912,0.25952816,-0.3845894,-0.3955704,0.83403546,0
0.39185846,0.0050182343,0.73344839,0.88515949,-0.41437179,0.21163332,0
0.40045887,0.25093955,0.3718195,0.26188481,0.81964636,0.50950587,0
-0.011330921,0.055512726,-0.57839102,0.3845894,0.3955704,-0.83403546,0
0.39874443,0.15593892,-0.34166697,0.3845894,0.3955704,-0.83403546,0
-0.59850252,-0.29769543,-0.19480896,-0.26188481,-0.81964636,-0.50950587,0
-0.32811505,-0.19934699,-0.49200144,-0.26188481,-0.81964636,-0.50950587,0
-0.24856406,-0.59527826,0.10404745,-0.26188481,-0.81964636,-0.50950587,0
0.31353402,-0.14910519,-0.52563685,0.3845894,0.3955704,-0.83403546,0
-0.44846365,0.24648845,-0.0042541623,-0.88515949,0.41437179,-0.21163332,0
0.18719,-0.059252352,0.65770924,-0.3845894,-0.3955704,0.83403546,0
0.2601018,-0.52789402,0.24109662,0.88515949,-0.41437179,0.21163332,0
-0.41793722,0.17659344,-0.26878348,-0.88515949,0.41437179,-0.21163332,0
0.24093249,-0.014781356,-0.49540702,0.3845894,0.3955704,-0.83403546,0
-0.29222637,0.40817708,0.4749088,0.26188481,0.81964636,0.50950587,0
-0.46444914,0.42817569,0.41834372,-0.88515949,0.41437179,-0.21163332,0
-0.5299508,-0.14903164,0.28444126,-0.3845894,-0.3955704,0.83403546,0
-0.20085439,0.61682075,-0.31478381,-0.88515949,0.41437179,-0.21163332,0
0.51401269,-0.17530793,-0.13053638,0.88515949,-0.41437179,0.21163332,0
0.48148128,0.0034732819,-0.37582758,0.3845894,0.3955704,-0.83403546,0
-0.041393161,-0.55720705,-0.06368342,-0.26188481,-0.81964636,-0.50950587,0
0.52000415,-0.17479306,-0.44261301,0.3845894,0.3955704,-0.83403546,0
0.12970313,0.51975656,-0.2931737,0.3845894,0.3955704,-0.83403546,0
0.11131793,-0.34076419,-0.49037001,-0.26188481,-0.81964636,-0.50950587,0
-0.10262553,0.13708568,0.61719006,-0.3845894,-0.3955704,0.83403546,0
-0.30204445,-0.30383372,0.31611288,-0.3845894,-0.3955704,0.83403546,0
-0.47823513,0.34564549,0.31441206,-0.88515949,0.41437179,-0.21163332,0
-0.03742522,-0.44878951,-0.24013516,-0.26188481,-0.81964636,-0.50950587,0
-0.55551767,0.17359746,0.42566997,-0.3845894,-0.3955704,0.83403546,0
0.2032243,0.34701446,-0.34120071,0.3845894,0.3955704,-0.83403546,0
-0.20247781,0.086112291,-0.6520195,0.3845894,0.3955704,-0.83403546,0
0.4849751,-0.14358935,0.053017646,0.88515949,-0.41437179,0.21163332,0
-0.28522292,0.47753957,-0.23461962,-0.88515949,0.41437179,-0.21163332,0
0.15547094,0.55678737,0.0057228208,0.26188481,0.81964636,0.50950587,0
-0.24962553,-0.27760988,-0.4064427,-0.26188481,-0.81964636,-0.50950587,0
-0.076003373,-0.54009014,-0.073429912,-0.26188481,-0.81964636,-0.50950587,0
-0.3340421,0.51394957,0.040857136,-0.88515949,0.41437179,-0.21163332,0
-0.69967818,-0.23311496,0.10740538,-0.88515949,0.41437179,-0.21163332,0
0.35811758,0.19266361,-0.3429828,0.3845894,0.3955704,-0.83403546,0
-0.41327435,-0.34283167,0.24632657,-0.3845894,-0.3955704,0.83403546,0
0.5003655,-0.015237093,0.23995712,0.88515949,-0.41437179,0.21163332,0
-0.69309759,-0.39193708,0.0054200888,-0.26188481,-0.81964636,-0.50950587,0
-0.65538716,-0.25906691,-0.12865569,-0.88515949,0.41437179,-0.21163332,0
0.26426634,-0.38387007,0.50567293,0.88515949,-0.41437179,0.21163332,0
0.53336334,-0.05332607,0.027366072,0.88515949,-0.41437179,0.21163332,0
-0.69782662,-0.25266927,0.15787685,-0.3845894,-0.3955704,0.83403546,0
