-0.65468025,0.20428765,-0.80754763,0.061119318,0.8947525,-0.44235998,0
-1.1788788,-0.50707662,-0.058233976,-0.061119318,-0.8947525,0.44235998,0
1.2562889,0.49388283,0.64168286,-0.22022852,0.44435489,0.86835945,0
1.4264321,-0.082962215,0.51292551,0.97353166,0.04434675,0.22420865,0
0.77253395,-0.22419593,0.78356296,-0.061119318,-0.8947525,0.44235998,0
-1.5071316,-0.42566821,-0.061918497,-0.97353166,-0.04434675,-0.22420865,0
1.3559626,-0.045172542,0.81143451,0.97353166,0.04434675,0.22420865,0
1.2714124,-0.46209913,-0.016885519,0.22022852,-0.44435489,-0.86835945,0
-0.80410045,0.046836734,0.34789976,-0.22022852,0.44435489,0.86835945,0
0.63308811,0.30782348,0.57883996,-0.22022852,0.44435489,0.86835945,0
0.749264,0.57158875,0.4733305,-0.22022852,0.44435489,0.86835945,0
1.4954507,-0.26001078,0.24826002,0.97353166,0.04434675,0.22420865,0
-1.3889797,0.33195785,-0.65076721,0.061119318,0.8947525,-0.44235998,0
-0.47312516,0.12268005,-0.75856739,0.22022852,-0.44435489,-0.86835945,0
-0.75078708,-0.13411304,-0.69758087,0.22022852,-0.44435489,-0.86835945,0
-0.60003102,-0.24613811,-0.60202169,0.22022852,-0.44435489,-0.86835945,0
-1.4646583,-0.34986225,-0.26133537,-0.97353166,-0.04434675,-0.22420865,0
0.45581347,0.070172757,-0.49610618,0.22022852,-0.44435489,-0.86835945,0
1.3468446,0.50763798,0.082576632,0.061119318,0.8947525,-0.44235998,0
0.075083464,0.41059804,-0.28941888,0.061119318,0.8947525,-0.44235998,0
-0.55155993,-0.2599861,0.52822548,-0.061119318,-0.8947525,0.44235998,0
0.22387385,-0.32451338,0.50484633,-0.061119318,-0.8947525,0.44235998,0
1.4442006,0.57117379,0.22454065,0.061119318,0.8947525,-0.44235998,0
1.0869361,0.25843373,0.71921599,-0.22022852,0.44435489,0.86835945,0
0.290712,0.16308033,-0.58552074,0.22022852,-0.44435489,-0.86835945,0
-1.4082413,-0.12968296,0.28500921,-0.22022852,0.44435489,0.86835945,0
1.4797999,-0.47174758,0.3580972,0.97353166,0.04434675,0.22420865,0
1.5658735,0.091710925,-0.12708879,0.97353166,0.04434675,0.22420865,0
-1.4876854,-0.1512239,-0.20063818,-0.97353166,-0.04434675,-0.22420865,0
-1.3652238,-0.50593412,-0.66221797,-0.97353166,-0.04434675,-0.22420865,0
1.2397405,-0.20577648,0.88537192,-0.061119318,-0.8947525,0.44235998,0
-1.5164645,-0.11723292,-0.082400918,-0.97353166,-0.04434675,-0.22420865,0
-0.33325276,0.22364248,-0.72398841,0.061119318,0.8947525,-0.44235998,0
0.91068828,0.60326147,0.21573016,0.061119318,0.8947525,-0.44235998,0
1.4224417,0.40471786,0.43379247,0.97353166,0.04434675,0.22420865,0
1.3506234,0.2461952,-0.35924333,0.22022852,-0.44435489,-0.86835945,0
1.2888376,0.46969673,-0.0021809936,0.061119318,0.8947525,-0.44235998,0
1.414546,-0.01996702,0.55207551,0.97353166,0.04434675,0.22420865,0
-1.266683,0.016275644,-0.90537596,0.22022852,-0.44435489,-0.86835945,0
-0.63427114,-0.56500065,-0.10014918,-0.061119318,-0.8947525,0.44235998,0
-0.83039576,-0.46618074,-0.54784584,0.22022852,-0.44435489,-0.86835945,0
-1.4586937,0.036062419,-0.36356676,-0.97353166,-0.04434675,-0.22420865,0
0.084005967,0.26579541,0.46109134,-0.22022852,0.44435489,0.86835945,0
-1.4227238,-0.17499489,-0.47800529,-0.97353166,-0.04434675,-0.22420865,0
-1.379072,-0.4267529,-0.61774945,-0.97353166,-0.04434675,-0.22420865,0
-1.2229257,-0.10508162,-0.83217788,0.22022852,-0.44435489,-0.86835945,0
-0.0031062365,0.28860873,-0.54696739,0.061119318,0.8947525,-0.44235998,0
0.75085008,0.6039238,0.45718634,-0.22022852,0.44435489,0.86835945,0
-1.4754944,0.16735458,-0.31658578,-0.97353166,-0.04434675,-0.22420865,0
1.3015676,-0.56781149,0.16163349,-0.061119318,-0.8947525,0.44235998,0
1.5264933,-0.062963963,0.074496627,0.97353166,0.04434675,0.22420865,0
-1.5046122,0.4016636,-0.23649824,-0.97353166,-0.04434675,-0.22420865,0
-0.3195433,0.15999982,-0.73871398,0.22022852,-0.44435489,-0.86835945,0
1.3837667,0.088405997,0.66428697,0.97353166,0.04434675,0.22420865,0
-1.1077709,0.44541687,-0.38242233,0.061119318,0.8947525,-0.44235998,0
1.0441884,-0.096627474,-0.26153123,0.22022852,-0.44435489,-0.86835945,0
1.3558581,0.2684747,0.74985194,0.97353166,0.04434675,0.22420865,0
0.91786563,0.10375336,0.75548995,-0.22022852,0.44435489,0.86835945,0
0.065982699,-0.30798477,0.51646328,-0.061119318,-0.8947525,0.44235998,0
0.47140217,-0.51494741,0.1538595,-0.061119318,-0.8947525,0.44235998,0
-0.90582675,-0.64024174,-0.47790614,0.22022852,-0.44435489,-0.86835945,0
-1.2340845,0.18442816,-0.92777133,0.061119318,0.8947525,-0.44235998,0
1.3734163,-0.36771587,0.57628989,-0.061119318,-0.8947525,0.44235998,0
-0.53372109,0.28020322,0.29705408,-0.22022852,0.44435489,0.86835945,0
1.2815012,0.71305645,0.48904413,0.061119318,0.8947525,-0.44235998,0
0.047922045,0.14869957,0.51185995,-0.22022852,0.44435489,0.86835945,0
-1.1873856,0.074802205,-0.91521418,0.22022852,-0.44435489,-0.86835945,0
-0.44948339,0.58511287,-0.0089088678,0.061119318,0.8947525,-0.44235998,0
-1.0456957,-0.45270318,0.070147753,-0.061119318,-0.8947525,0.44235998,0
-0.18555117,0.64347762,0.14561099,0.061119318,0.8947525,-0.44235998,0
0.21392554,0.33872068,-0.41562039,0.061119318,0.8947525,-0.44235998,0
0.17119832,0.44217753,0.39294672,-0.22022852,0.44435489,0.86835945,0
-1.0110544,-0.69556046,-0.47628582,0.22022852,-0.44435489,-0.86835945,0
0.52116936,0.39745137,0.50459158,-0.22022852,0.44435489,0.86835945,0
0.58883905,-0.5452373,-0.14745277,0.22022852,-0.44435489,-0.86835945,0
-1.3570826,-0.090520144,-0.77973318,-0.97353166,-0.04434675,-0.22420865,0
1.4690415,-0.57605028,0.16810822,-0.061119318,-0.8947525,0.44235998,0
0.95590889,-0.43705523,0.37835312,-0.061119318,-0.8947525,0.44235998,0
-0.22723636,0.49788922,-0.15462717,0.061119318,0.8947525,-0.44235998,0
1.4819934,-0.073300779,0.26976228,0.97353166,0.04434675,0.22420865,0
0.47438282,0.089809805,-0.50144535,0.22022852,-0.44435489,-0.86835945,0
-0.55303031,0.12845874,0.3698073,-0.22022852,0.44435489,0.86835945,0
-0.27855664,-0.65300304,-0.3122912,0.22022852,-0.44435489,-0.86835945,0
1.5699333,-0.012711823,-0.12406301,0.97353166,0.04434675,0.22420865,0
-1.3783314,-0.13496134,-0.67867839,-0.97353166,-0.04434675,-0.22420865,0
1.3873227,0.2279447,0.62124681,0.97353166,0.04434675,0.22420865,0
1.0929799,0.71283865,0.4882217,-0.22022852,0.44435489,0.86835945,0
-1.4212171,-0.13442981,-0.492571,-0.97353166,-0.04434675,-0.22420865,0
1.4045839,0.46224293,-0.0012654066,0.061119318,0.8947525,-0.44235998,0
1.4855587,-0.047156572,0.24911058,0.97353166,0.04434675,0.22420865,0
-1.0059187,-0.29095721,0.40280375,-0.061119318,-0.8947525,0.44235998,0
0.26125455,0.6752705,0.29650849,-0.22022852,0.44435489,0.86835945,0
1.4342233,0.2488789,0.41346002,0.97353166,0.04434675,0.22420865,0
-0.50039673,-0.34639922,-0.52544767,0.22022852,-0.44435489,-0.86835945,0
1.0837687,0.66306162,0.36060065,0.061119318,0.8947525,-0.44235998,0
-0.20444472,-0.66619354,-0.28674555,0.22022852,-0.44435489,-0.86835945,0
-0.29355925,-0.57340336,-0.0700702,-0.061119318,-0.8947525,0.44235998,0
1.2811154,-0.20405424,-0.1464709,0.22022852,-0.44435489,-0.86835945,0
-0.56395829,0.42213064,-0.35438633,0.061119318,0.8947525,-0.44235998,0
0.82559705,0.22930861,-0.48375642,0.22022852,-0.44435489,-0.86835945,0
0.4185048,-0.28582466,0.60999274,-0.061119318,-0.8947525,0.44235998,0
0.56672317,0.3669284,-0.30982041,0.061119318,0.8947525,-0.44235998,0
-0.54035938,-0.66236889,-0.28411841,-0.061119318,-0.8947525,0.44235998,0
0.56343186,-0.52785909,0.14045882,-0.061119318,-0.8947525,0.44235998,0
1.4476306,0.081463099,0.3883574,0.97353166,0.04434675,0.22420865,0
1.466862,0.43002254,0.23591149,0.97353166,0.04434675,0.22420865,0
0.80471712,-0.10562857,0.8339383,-0.22022852,0.44435489,0.86835945,0
-1.4305205,-0.42877311,-0.39395553,-0.97353166,-0.04434675,-0.22420865,0
1.406143,0.32457054,0.52041578,0.97353166,0.04434675,0.22420865,0
-1.5440995,-0.35390413,0.084403992,-0.97353166,-0.04434675,-0.22420865,0
1.4655122,0.38720149,0.25024199,0.97353166,0.04434675,0.22420865,0
1.1091157,0.089481115,-0.34029973,0.22022852,-0.44435489,-0.86835945,0
1.0915134,0.17734572,0.7618711,-0.22022852,0.44435489,0.86835945,0
-1.3811097,-0.091786832,-0.67515481,-0.97353166,-0.04434675,-0.22420865,0
-1.5172275,-0.28853416,-0.045205474,-0.97353166,-0.04434675,-0.22420865,0
0.055898219,-0.40048906,0.32796335,-0.061119318,-0.8947525,0.44235998,0
1.4285715,0.051449656,0.47705102,0.97353166,0.04434675,0.22420865,0
0.88957536,-0.34132832,0.56281281,-0.061119318,-0.8947525,0.44235998,0
-1.4380975,0.15515625,-0.47655296,-0.97353166,-0.04434675,-0.22420865,0
0.16977435,0.30789542,-0.48407027,0.061119318,0.8947525,-0.44235998,0
-0.56202906,0.051356614,0.40697968,-0.22022852,0.44435489,0.86835945,0
-0.9252848,0.24990356,-0.75266969,0.061119318,0.8947525,-0.44235998,0
0.038674712,-0.37285101,0.38148656,-0.061119318,-0.8947525,0.44235998,0
-1.3903773,-0.26203015,-0.60124195,-0.97353166,-0.04434675,-0.22420865,0
-0.60011953,-0.2817831,0.47742787,-0.061119318,-0.8947525,0.44235998,0
1.3928889,0.661834,0.51125807,0.97353166,0.04434675,0.22420865,0
-0.31414932,-0.19363803,-0.55638319,0.22022852,-0.44435489,-0.86835945,0
1.3805584,0.71412897,0.55445421,0.97353166,0.04434675,0.22420865,0
0.67782831,-0.33108488,0.55427575,-0.061119318,-0.8947525,0.44235998,0
1.142346,-0.0077971518,0.86950392,-0.22022852,0.44435489,0.86835945,0
-1.4134407,-0.23477903,-0.50648844,-0.97353166,-0.04434675,-0.22420865,0
-1.4601951,-0.3277773,-0.28508282,-0.97353166,-0.04434675,-0.22420865,0
-1.2672632,0.56791466,-0.15668511,0.061119318,0.8947525,-0.44235998,0
-1.4697267,-0.087247193,-0.29127085,-0.97353166,-0.04434675,-0.22420865,0
-0.26400775,-0.049195141,0.53401631,-0.22022852,0.44435489,0.86835945,0
1.4881978,0.12522244,0.20355654,0.97353166,0.04434675,0.22420865,0
1.3629692,0.32298827,0.708193,0.97353166,0.04434675,0.22420865,0
1.3619062,-0.49733323,0.02409482,0.22022852,-0.44435489,-0.86835945,0
0.31894359,-0.4215264,0.32175559,-0.061119318,-0.8947525,0.44235998,0
-1.53311,-0.033682942,-0.02665019,-0.97353166,-0.04434675,-0.22420865,0
-0.66990203,-0.01017668,-0.74048758,0.22022852,-0.44435489,-0.86835945,0
-1.4528753,-0.065341532,-0.36877382,-0.97353166,-0.04434675,-0.22420865,0
-0.39995474,-0.50900555,0.045485675,-0.061119318,-0.8947525,0.44235998,0
0.91468805,0.63418233,0.27882573,0.061119318,0.8947525,-0.44235998,0
-1.2660687,-0.36403948,-0.71060616,0.22022852,-0.44435489,-0.86835945,0
1.4186926,-0.015721738,0.53323102,0.97353166,0.04434675,0.22420865,0
-0.77043861,0.27165508,-0.68727887,0.061119318,0.8947525,-0.44235998,0
-0.44414151,0.38213399,-0.41873199,0.061119318,0.8947525,-0.44235998,0
1.1450632,-0.077641785,-0.24566317,0.22022852,-0.44435489,-0.86835945,0
-0.86506259,0.25099325,0.22796839,-0.22022852,0.44435489,0.86835945,0
1.5645999,-0.17640132,-0.068528652,0.97353166,0.04434675,0.22420865,0
0.21577665,-0.099185675,-0.47031927,0.22022852,-0.44435489,-0.86835945,0
1.2998402,-0.51161581,0.27506053,-0.061119318,-0.8947525,0.44235998,0
0.63202417,-0.23386981,0.74458206,-0.061119318,-0.8947525,0.44235998,0
-0.85245377,0.23159435,-0.77964044,0.061119318,0.8947525,-0.44235998,0
1.476083,0.3170107,0.21822596,0.97353166,0.04434675,0.22420865,0
-1.4829658,0.33114654,-0.31654036,-0.97353166,-0.04434675,-0.22420865,0
-1.2472036,0.50251019,0.002346158,-0.22022852,0.44435489,0.86835945,0
0.74995649,0.10616475,-0.43992501,0.22022852,-0.44435489,-0.86835945,0
1.5032043,-0.10167575,0.18327558,0.97353166,0.04434675,0.22420865,0
0.69681305,0.61574352,0.21142688,0.061119318,0.8947525,-0.44235998,0
-0.45551813,0.1304315,0.39352831,-0.22022852,0.44435489,0.86835945,0
0.20734324,0.23353434,0.50888002,-0.22022852,0.44435489,0.86835945,0
-0.047257975,0.6213814,0.24584123,-0.22022852,0.44435489,0.86835945,0
0.39886329,-0.55540383,0.062006712,-0.061119318,-0.8947525,0.44235998,0
-0.17112239,-0.21293235,-0.51023632,0.22022852,-0.44435489,-0.86835945,0
-0.84516281,0.16537982,0.27682519,-0.22022852,0.44435489,0.86835945,0
-1.3692019,-0.12242097,-0.72080004,-0.97353166,-0.04434675,-0.22420865,0
1.1996193,-0.068144798,0.91491014,-0.22022852,0.44435489,0.86835945,0
-0.3784574,-0.48971426,0.087476015,-0.061119318,-0.8947525,0.44235998,0
-0.85784298,-0.70507526,-0.41436535,-0.061119318,-0.8947525,0.44235998,0
0.17394364,0.3309474,0.4505614,-0.22022852,0.44435489,0.86835945,0
-1.2747282,-0.3984153,0.14830989,-0.061119318,-0.8947525,0.44235998,0
-1.4504578,-0.37922561,0.1628446,-0.061119318,-0.8947525,0.44235998,0
1.5209258,0.055635214,0.075212836,0.97353166,0.04434675,0.22420865,0
0.71291137,0.34452131,0.58030534,-0.22022852,0.44435489,0.86835945,0
-0.59770864,0.23067817,-0.74629647,0.061119318,0.8947525,-0.44235998,0
-1.5575277,-0.098488092,0.092191458,-0.97353166,-0.04434675,-0.22420865,0
-1.5633413,0.21122336,0.056175828,-0.97353166,-0.04434675,-0.22420865,0
-0.25514883,-0.42428041,0.23686486,-0.061119318,-0.8947525,0.44235998,0
-1.4259946,0.23180759,-0.54426503,-0.97353166,-0.04434675,-0.22420865,0
-1.4273978,-0.32938081,0.26685083,-0.061119318,-0.8947525,0.44235998,0
0.90024304,0.40608031,-0.18454733,0.061119318,0.8947525,-0.44235998,0
1.4344213,-0.031010568,0.46796036,0.97353166,0.04434675,0.22420865,0
-0.78232008,0.09050183,-0.82051748,0.22022852,-0.44435489,-0.86835945,0
0.90502775,-0.57380021,-0.052646577,0.22022852,-0.44435489,-0.86835945,0
1.0120685,-0.33742622,0.58762991,-0.061119318,-0.8947525,0.44235998,0
-1.3842642,-0.26210436,-0.62777019,-0.97353166,-0.04434675,-0.22420865,0
0.6099847,-0.46321493,0.27764517,-0.061119318,-0.8947525,0.44235998,0
-0.52947748,-0.42976147,-0.490165,0.22022852,-0.44435489,-0.86835945,0
-0.91855621,-0.20175198,-0.70551747,0.22022852,-0.44435489,-0.86835945,0
-1.1923631,0.17863372,-0.93372691,0.061119318,0.8947525,-0.44235998,0
-0.30138439,-0.61385792,-0.33811185,0.22022852,-0.44435489,-0.86835945,0
0.73803896,-0.43961,-0.16366482,0.22022852,-0.44435489,-0.86835945,0
1.4285827,0.031055689,0.48103595,0.97353166,0.04434675,0.22420865,0
0.42736098,-0.27405298,0.63502669,-0.061119318,-0.8947525,0.44235998,0
-0.39706773,0.22277519,-0.73455989,0.061119318,0.8947525,-0.44235998,0
-1.5206131,0.070738852,-0.10156691,-0.97353166,-0.04434675,-0.22420865,0
-1.0254067,0.50274909,0.058474898,-0.22022852,0.44435489,0.86835945,0
-0.024600297,-0.5860377,-0.058464259,-0.061119318,-0.8947525,0.44235998,0
-1.3343083,0.14332682,-0.92487395,-0.97353166,-0.04434675,-0.22420865,0
1.5308964,-0.42021412,0.12603915,0.97353166,0.04434675,0.22420865,0
-0.86597335,-0.33826399,-0.62232608,0.22022852,-0.44435489,-0.86835945,0
-0.42892572,0.17369533,0.37813371,-0.22022852,0.44435489,0.86835945,0
-1.5506523,-0.31095594,0.10436237,-0.97353166,-0.04434675,-0.22420865,0
0.29164261,0.58466983,0.35057729,-0.22022852,0.44435489,0.86835945,0
0.4082264,0.22099285,0.5662446,-0.22022852,0.44435489,0.86835945,0
1.5538614,0.31131196,-0.11836672,0.97353166,0.04434675,0.22420865,0
-1.4094347,0.18333948,0.12452734,-0.22022852,0.44435489,0.86835945,0
-0.82326275,0.48546708,0.11858493,-0.22022852,0.44435489,0.86835945,0
-0.87662518,-0.51973397,-0.042074323,-0.061119318,-0.8947525,0.44235998,0
-0.52037281,-0.094640434,0.49225354,-0.22022852,0.44435489,0.86835945,0
-1.4957144,0.46497869,-0.28765607,-0.97353166,-0.04434675,-0.22420865,0
-0.86974812,-0.16400856,0.43914387,-0.22022852,0.44435489,0.86835945,0
-0.57474411,0.63816762,0.081097245,0.061119318,0.8947525,-0.44235998,0
1.5213938,-0.085054874,0.10100794,0.97353166,0.04434675,0.22420865,0
1.4280196,0.28020918,0.43419945,0.97353166,0.04434675,0.22420865,0
0.41791856,-0.52998662,-0.1986047,0.22022852,-0.44435489,-0.86835945,0
-1.0746762,-0.53557163,-0.10147309,-0.061119318,-0.8947525,0.44235998,0
1.2548879,-0.2247844,0.84901786,-0.061119318,-0.8947525,0.44235998,0
-0.34610829,0.56218225,-0.041007221,0.061119318,0.8947525,-0.44235998,0
-1.4564607,0.20495105,-0.40666711,-0.97353166,-0.04434675,-0.22420865,0
-0.014274299,0.60149109,0.084350303,0.061119318,0.8947525,-0.44235998,0
0.42442927,-0.58199841,-0.17033815,0.22022852,-0.44435489,-0.86835945,0
0.26772046,0.55317616,0.025586987,0.061119318,0.8947525,-0.44235998,0
-1.2076946,-0.66842502,-0.38857144,-0.061119318,-0.8947525,0.44235998,0
-1.5270127,-0.25414789,-0.0095187426,-0.97353166,-0.04434675,-0.22420865,0
0.9742201,0.67824721,0.37618023,0.061119318,0.8947525,-0.44235998,0
-0.55604559,0.047931939,-0.74134719,0.22022852,-0.44435489,-0.86835945,0
1.5619349,0.18197465,-0.12784088,0.97353166,0.04434675,0.22420865,0
-1.5799863,-0.29159278,0.22790337,-0.97353166,-0.04434675,-0.22420865,0
0.53182852,-0.43389595,0.32614952,-0.061119318,-0.8947525,0.44235998,0
0.18082273,0.35034147,-0.39668906,0.061119318,0.8947525,-0.44235998,0
1.4567652,0.43578407,0.27861285,0.97353166,0.04434675,0.22420865,0
-1.4099965,0.023573399,-0.57254303,-0.97353166,-0.04434675,-0.22420865,0
-1.4290951,0.22648692,-0.52975035,-0.97353166,-0.04434675,-0.22420865,0
0.27862003,-0.0045431703,0.64878523,-0.22022852,0.44435489,0.86835945,0
0.1686562,-0.53401673,0.073458999,-0.061119318,-0.8947525,0.44235998,0
-0.39568228,0.63955879,0.10865137,0.061119318,0.8947525,-0.44235998,0
-0.95760596,0.4313277,0.11221772,-0.22022852,0.44435489,0.86835945,0
-1.4008024,-0.12832993,-0.58241951,-0.97353166,-0.04434675,-0.22420865,0
1.426096,0.36924317,0.4249419,0.97353166,0.04434675,0.22420865,0
1.4714776,0.49512175,0.074480414,0.061119318,0.8947525,-0.44235998,0
-1.5241581,0.26823282,-0.12523627,-0.97353166,-0.04434675,-0.22420865,0
0.21393913,-0.16369292,-0.43777579,0.22022852,-0.44435489,-0.86835945,0
-0.20167047,0.21653491,-0.7201845,0.061119318,0.8947525,-0.44235998,0
1.438503,0.15061644,0.41431272,0.97353166,0.04434675,0.22420865,0
1.0729738,0.52462602,0.57945973,-0.22022852,0.44435489,0.86835945,0
1.1986846,0.15939641,-0.35336071,0.22022852,-0.44435489,-0.86835945,0
-1.5081892,-0.24416602,-0.093226194,-0.97353166,-0.04434675,-0.22420865,0
1.5395209,0.12540907,-0.019328833,0.97353166,0.04434675,0.22420865,0
1.3422117,-0.086761951,0.87936819,0.97353166,0.04434675,0.22420865,0
-0.44906774,-0.055051148,0.49007905,-0.22022852,0.44435489,0.86835945,0
-1.2804685,0.46483183,0.013190389,-0.22022852,0.44435489,0.86835945,0
1.4005247,-0.24873498,0.65820587,0.97353166,0.04434675,0.22420865,0
0.60863459,-0.07836771,-0.38133776,0.22022852,-0.44435489,-0.86835945,0
-0.91967386,-0.41744232,0.1588811,-0.061119318,-0.8947525,0.44235998,0
1.4908968,0.42896914,-0.056642056,0.061119318,0.8947525,-0.44235998,0
1.3828664,0.24667449,0.63689178,0.97353166,0.04434675,0.22420865,0
-1.0876498,0.22516906,-0.82513314,0.061119318,0.8947525,-0.44235998,0
1.4195216,0.58316553,0.41117638,0.97353166,0.04434675,0.22420865,0
1.3628454,0.25943851,-0.36292034,0.22022852,-0.44435489,-0.86835945,0
1.5577096,0.11867785,-0.096974492,0.97353166,0.04434675,0.22420865,0
1.3654487,0.50954998,0.089014292,0.061119318,0.8947525,-0.44235998,0
-1.509198,-0.19136119,0.29096693,-0.22022852,0.44435489,0.86835945,0
0.50687993,-0.53788489,0.1123662,-0.061119318,-0.8947525,0.44235998,0
-0.55476016,0.54338574,-0.1078552,0.061119318,0.8947525,-0.44235998,0
0.52328789,0.15602949,-0.52292812,0.22022852,-0.44435489,-0.86835945,0
-1.3580631,0.17017198,-0.82703853,-0.97353166,-0.04434675,-0.22420865,0
1.5291398,0.26585448,-0.0020326376,0.97353166,0.04434675,0.22420865,0
-0.75557315,-0.37573391,-0.57515299,0.22022852,-0.44435489,-0.86835945,0
-0.87310815,-0.66216135,-0.32967338,-0.061119318,-0.8947525,0.44235998,0
1.3835347,0.50743479,0.58241332,0.97353166,0.04434675,0.22420865,0
1.4966091,0.33962086,0.12462807,0.97353166,0.04434675,0.22420865,0
0.24929869,0.22284567,-0.6266067,0.22022852,-0.44435489,-0.86835945,0
0.95852262,0.080499589,-0.3738963,0.22022852,-0.44435489,-0.86835945,0
0.24014235,0.35152918,-0.38609061,0.061119318,0.8947525,-0.44235998,0
-0.19301069,0.6404646,0.13848594,0.061119318,0.8947525,-0.44235998,0
-1.4296958,-0.013651311,-0.4796443,-0.97353166,-0.04434675,-0.22420865,0
-0.69381517,0.24894489,-0.72262746,0.061119318,0.8947525,-0.44235998,0
0.18710876,0.45689222,0.38945207,-0.22022852,0.44435489,0.86835945,0
-1.526745,-0.27495772,-0.0065658092,-0.97353166,-0.04434675,-0.22420865,0
-0.00026744604,0.44513115,-0.22998039,0.061119318,0.8947525,-0.44235998,0
-0.35977429,0.16511925,-0.75153685,0.22022852,-0.44435489,-0.86835945,0
-0.41929293,-0.35730672,-0.49929702,0.22022852,-0.44435489,-0.86835945,0
-1.2190613,-0.35518152,0.24344927,-0.061119318,-0.8947525,0.44235998,0
-0.19809747,0.1504398,-0.70302147,0.22022852,-0.44435489,-0.86835945,0
-0.42814088,0.36508188,-0.45101225,0.061119318,0.8947525,-0.44235998,0
1.2856462,-0.41954595,0.45932722,-0.061119318,-0.8947525,0.44235998,0
-1.3588932,-0.11815172,-0.76640606,-0.97353166,-0.04434675,-0.22420865,0
1.0078375,-0.55873632,0.13940597,-0.061119318,-0.8947525,0.44235998,0
1.3298986,-0.22288856,0.86321652,-0.061119318,-0.8947525,0.44235998,0
-1.4432206,0.15021896,-0.45333123,-0.97353166,-0.04434675,-0.22420865,0
1.4753096,0.099700749,0.26456618,0.97353166,0.04434675,0.22420865,0
0.856929,0.54050028,0.51654434,-0.22022852,0.44435489,0.86835945,0
0.32390735,0.32222593,0.49305725,-0.22022852,0.44435489,0.86835945,0
0.32340276,-0.51857793,-0.22841331,0.22022852,-0.44435489,-0.86835945,0
1.3487015,0.065558553,0.82106137,0.97353166,0.04434675,0.22420865,0
-0.4552229,0.5241285,0.1921415,-0.22022852,0.44435489,0.86835945,0
-1.4297247,0.52930385,-0.25722897,0.061119318,0.8947525,-0.44235998,0
-0.87308407,-0.70305586,-0.41238663,-0.061119318,-0.8947525,0.44235998,0
-1.4631488,-0.37021798,0.1793105,-0.061119318,-0.8947525,0.44235998,0
0.91605973,-0.35187882,-0.16340983,0.22022852,-0.44435489,-0.86835945,0
-0.38686585,0.33872977,-0.49861127,0.061119318,0.8947525,-0.44235998,0
-1.1257939,0.28435224,0.14477283,-0.22022852,0.44435489,0.86835945,0
0.72195321,-0.52135634,0.17551392,-0.061119318,-0.8947525,0.44235998,0
1.2387478,-0.5995661,0.045174599,0.22022852,-0.44435489,-0.86835945,0
1.5113597,-0.38043332,0.20300066,0.97353166,0.04434675,0.22420865,0
-1.2525852,-0.16129445,-0.81093484,0.22022852,-0.44435489,-0.86835945,0
-1.5659324,-0.30250251,0.16903794,-0.97353166,-0.04434675,-0.22420865,0
1.0628952,-0.3698028,0.52916503,-0.061119318,-0.8947525,0.44235998,0
0.47588021,0.59902751,0.38995555,-0.22022852,0.44435489,0.86835945,0
-1.3502654,0.2558009,-0.79945934,0.061119318,0.8947525,-0.44235998,0
-0.4253788,0.21395355,-0.75631487,0.061119318,0.8947525,-0.44235998,0
1.2706612,-0.48065293,0.33365703,-0.061119318,-0.8947525,0.44235998,0
-1.0168968,0.078575134,0.27769041,-0.22022852,0.44435489,0.86835945,0
-0.75655645,-0.59968203,-0.46080416,0.22022852,-0.44435489,-0.86835945,0
-1.4362619,-0.17919096,-0.4183923,-0.97353166,-0.04434675,-0.22420865,0
-1.5017015,-0.42443019,0.064329982,-0.061119318,-0.8947525,0.44235998,0
-1.249527,-0.5786128,-0.21268994,-0.061119318,-0.8947525,0.44235998,0
0.24386501,-0.21067233,0.73787248,-0.061119318,-0.8947525,0.44235998,0
-1.445421,0.23832828,-0.46120393,-0.97353166,-0.04434675,-0.22420865,0
-1.5011997,0.21712017,-0.21481383,-0.97353166,-0.04434675,-0.22420865,0
0.86047405,0.41521439,-0.17156681,0.061119318,0.8947525,-0.44235998,0
-1.3792616,0.018705785,0.2164256,-0.22022852,0.44435489,0.86835945,0
1.4689867,0.025643289,0.30666864,0.97353166,0.04434675,0.22420865,0
0.2816948,0.39389887,-0.29464921,0.061119318,0.8947525,-0.44235998,0
-1.3134944,0.21970695,-0.86738527,0.061119318,0.8947525,-0.44235998,0
0.47829509,-0.12150473,0.75927705,-0.22022852,0.44435489,0.86835945,0
-1.2681369,-0.70089889,-0.46260673,-0.061119318,-0.8947525,0.44235998,0
-1.2174914,0.078445598,-0.92471391,0.22022852,-0.44435489,-0.86835945,0
1.1861942,-0.063852191,-0.24228811,0.22022852,-0.44435489,-0.86835945,0
1.4177681,-0.32342857,0.5981077,0.97353166,0.04434675,0.22420865,0
-1.5536048,0.069501162,0.041931033,-0.97353166,-0.04434675,-0.22420865,0
-0.70002258,-0.62633014,-0.23328364,-0.061119318,-0.8947525,0.44235998,0
1.4311898,0.45922691,0.38502604,0.97353166,0.04434675,0.22420865,0
-1.2946868,-0.4255614,0.090644479,-0.061119318,-0.8947525,0.44235998,0
-0.85584593,0.51269579,-0.21153098,0.061119318,0.8947525,-0.44235998,0
-0.48338276,0.27122688,-0.64848334,0.061119318,0.8947525,-0.44235998,0
-0.49846783,0.29931948,0.29621264,-0.22022852,0.44435489,0.86835945,0
-0.55829328,0.24736029,-0.70710802,0.061119318,0.8947525,-0.44235998,0
1.2282662,0.39403507,-0.16358918,0.061119318,0.8947525,-0.44235998,0
1.3930084,0.64002657,0.51505256,0.97353166,0.04434675,0.22420865,0
-0.30305454,0.35854352,-0.44695452,0.061119318,0.8947525,-0.44235998,0
1.451113,0.10385644,0.36880732,0.97353166,0.04434675,0.22420865,0
-0.45917431,0.44520345,0.2315267,-0.22022852,0.44435489,0.86835945,0
1.5577391,-0.15916616,-0.042147279,0.97353166,0.04434675,0.22420865,0
0.79973781,0.59611374,0.18594292,0.061119318,0.8947525,-0.44235998,0
1.164695,-0.12899189,0.9371894,-0.22022852,0.44435489,0.86835945,0
1.4207826,-0.31969851,0.58428073,0.97353166,0.04434675,0.22420865,0
0.56055701,-0.60811341,-0.022267461,-0.061119318,-0.8947525,0.44235998,0
1.3093462,-0.53691167,0.22520864,-0.061119318,-0.8947525,0.44235998,0
1.3567264,-0.11530137,0.8219893,0.97353166,0.04434675,0.22420865,0
-0.97355431,0.29619414,0.17732316,-0.22022852,0.44435489,0.86835945,0
1.3841498,-0.2405602,0.72769046,0.97353166,0.04434675,0.22420865,0
-0.13197261,0.41204143,0.33147937,-0.22022852,0.44435489,0.86835945,0
1.4597772,0.33241081,-0.2562483,0.061119318,0.8947525,-0.44235998,0
-1.5019702,0.09268117,-0.18685555,-0.97353166,-0.04434675,-0.22420865,0
0.82808471,-0.40541768,-0.15832478,0.22022852,-0.44435489,-0.86835945,0
1.3798735,-0.035198271,0.70563912,0.97353166,0.04434675,0.22420865,0
1.1215692,0.53719568,0.11123681,0.061119318,0.8947525,-0.44235998,0
-1.3789371,-0.53046602,-0.59782064,-0.97353166,-0.04434675,-0.22420865,0
-1.0563464,-0.39642864,0.18250132,-0.061119318,-0.8947525,0.44235998,0
0.721439,-0.052799564,0.78578424,-0.22022852,0.44435489,0.86835945,0
0.86036348,-0.19909407,0.84647113,-0.061119318,-0.8947525,0.44235998,0
-1.4835823,-0.21116936,-0.20659781,-0.97353166,-0.04434675,-0.22420865,0
0.54119784,-0.6116662,-0.1255424,0.22022852,-0.44435489,-0.86835945,0
-0.82570606,0.55399823,-0.12382525,0.061119318,0.8947525,-0.44235998,0
-1.4650683,-0.1771372,-0.29371846,-0.97353166,-0.04434675,-0.22420865,0
-1.487059,0.38389665,-0.30920112,-0.97353166,-0.04434675,-0.22420865,0
-0.61455613,0.59994537,0.11293542,-0.22022852,0.44435489,0.86835945,0
1.4661689,0.23837134,0.27682781,0.97353166,0.04434675,0.22420865,0
-0.66343725,-0.39532894,-0.54175889,0.22022852,-0.44435489,-0.86835945,0
-0.38002175,0.59865248,0.028074741,0.061119318,0.8947525,-0.44235998,0
-0.50707304,-0.42160392,0.20747101,-0.061119318,-0.8947525,0.44235998,0
0.31974584,-0.15510668,0.73626137,-0.22022852,0.44435489,0.86835945,0
0.43845794,-0.20168771,0.78293169,-0.061119318,-0.8947525,0.44235998,0
1.4802108,0.42519799,0.17890406,0.97353166,0.04434675,0.22420865,0
1.3721361,0.24396639,0.68401915,0.97353166,0.04434675,0.22420865,0
0.75753212,0.58125919,0.47047892,-0.22022852,0.44435489,0.86835945,0
1.3777548,-0.26561296,0.76041305,0.97353166,0.04434675,0.22420865,0
1.4500952,-0.37886679,0.46870601,0.97353166,0.04434675,0.22420865,0
0.63989401,-0.079689279,0.77886319,-0.22022852,0.44435489,0.86835945,0
0.50740749,-0.32072848,-0.28299016,0.22022852,-0.44435489,-0.86835945,0
-0.86562341,0.10502088,0.30252275,-0.22022852,0.44435489,0.86835945,0
-0.57216775,-0.56984663,-0.10137048,-0.061119318,-0.8947525,0.44235998,0
-0.6244173,0.51559234,-0.17369664,0.061119318,0.8947525,-0.44235998,0
-1.0150642,0.45212322,0.087004066,-0.22022852,0.44435489,0.86835945,0
0.58793175,-0.59040737,0.017328799,-0.061119318,-0.8947525,0.44235998,0
0.037800908,0.6136297,0.2713801,-0.22022852,0.44435489,0.86835945,0
0.18865663,0.4404839,-0.21327735,0.061119318,0.8947525,-0.44235998,0
-1.4917438,-0.1817081,-0.17698729,-0.97353166,-0.04434675,-0.22420865,0
0.55945218,-0.32803151,0.54409593,-0.061119318,-0.8947525,0.44235998,0
-1.3284788,0.0068756938,0.23535848,-0.22022852,0.44435489,0.86835945,0
-1.4695835,-0.22512019,-0.26462245,-0.97353166,-0.04434675,-0.22420865,0
-1.5109245,0.21430486,-0.1720314,-0.97353166,-0.04434675,-0.22420865,0
-1.4479551,0.093548298,-0.42156434,-0.97353166,-0.04434675,-0.22420865,0
-1.4228842,-0.25838614,-0.46081483,-0.97353166,-0.04434675,-0.22420865,0
-0.28329054,-0.40981632,0.26223272,-0.061119318,-0.8947525,0.44235998,0
-0.44976825,0.53023416,-0.11995029,0.061119318,0.8947525,-0.44235998,0
0.93929958,0.55356354,0.11916035,0.061119318,0.8947525,-0.44235998,0
-1.1553526,-0.0095871687,0.28769034,-0.22022852,0.44435489,0.86835945,0
1.123812,-0.29748785,-0.13855362,0.22022852,-0.44435489,-0.86835945,0
-1.4062067,-0.48236662,-0.48892814,-0.97353166,-0.04434675,-0.22420865,0
-0.10953082,0.37601823,0.35560465,-0.22022852,0.44435489,0.86835945,0
1.5257523,-0.17813927,0.10049427,0.97353166,0.04434675,0.22420865,0
1.3765599,0.13845298,0.68568051,0.97353166,0.04434675,0.22420865,0
-1.3899642,0.0073982775,-0.65632594,-0.97353166,-0.04434675,-0.22420865,0
0.88655007,0.0027393401,0.79923862,-0.22022852,0.44435489,0.86835945,0
0.28525358,0.40332934,-0.27508265,0.061119318,0.8947525,-0.44235998,0
-1.4235967,-0.55432194,-0.39918661,-0.97353166,-0.04434675,-0.22420865,0
-1.4718726,-0.18421823,-0.26277339,-0.97353166,-0.04434675,-0.22420865,0
1.1951892,0.37474495,-0.20717716,0.061119318,0.8947525,-0.44235998,0
-1.2725561,0.52556521,-0.24307573,0.061119318,0.8947525,-0.44235998,0
0.615453,0.22723193,0.61560756,-0.22022852,0.44435489,0.86835945,0
-1.1580775,0.28891039,0.13425261,-0.22022852,0.44435489,0.86835945,0
1.4548585,0.14534664,0.34433854,0.97353166,0.04434675,0.22420865,0
-1.3758644,0.27148497,-0.76978278,-0.97353166,-0.04434675,-0.22420865,0
-0.21788599,0.42280099,0.30418462,-0.22022852,0.44435489,0.86835945,0
1.1142867,0.16529667,-0.37778443,0.22022852,-0.44435489,-0.86835945,0
1.1371917,0.17974971,0.77222556,-0.22022852,0.44435489,0.86835945,0
-0.62790143,0.5156424,-0.17407674,0.061119318,0.8947525,-0.44235998,0
-0.087422848,-0.053121984,0.58081019,-0.22022852,0.44435489,0.86835945,0
1.5014675,-0.0022096634,0.17114341,0.97353166,0.04434675,0.22420865,0
1.3673801,-0.24612892,0.80160701,0.97353166,0.04434675,0.22420865,0
1.448697,-0.41910368,0.48273563,0.97353166,0.04434675,0.22420865,0
-1.5867059,-0.15419292,0.22990358,-0.97353166,-0.04434675,-0.22420865,0
1.4414039,-0.52550632,0.26652384,-0.061119318,-0.8947525,0.44235998,0
0.72055143,-0.25048298,-0.26487961,0.22022852,-0.44435489,-0.86835945,0
-1.4783617,0.011833489,-0.27337444,-0.97353166,-0.04434675,-0.22420865,0
1.2812285,0.038661957,0.88095248,-0.22022852,0.44435489,0.86835945,0
-1.5268682,-0.31315595,0.0015249252,-0.97353166,-0.04434675,-0.22420865,0
1.0951074,-0.37677881,0.51950538,-0.061119318,-0.8947525,0.44235998,0
1.5023283,0.32494813,0.10269701,0.97353166,0.04434675,0.22420865,0
1.4619734,-0.23372597,0.38842237,0.97353166,0.04434675,0.22420865,0
-0.25140423,-0.53524619,0.012933983,-0.061119318,-0.8947525,0.44235998,0
0.22980839,0.4962602,-0.094773963,0.061119318,0.8947525,-0.44235998,0
-1.52327,-0.051804423,-0.065791845,-0.97353166,-0.04434675,-0.22420865,0
-1.0117108,0.13373077,0.25078154,-0.22022852,0.44435489,0.86835945,0
1.4371202,0.58403909,0.33458948,0.97353166,0.04434675,0.22420865,0
1.4056319,0.42536938,-0.075704038,0.061119318,0.8947525,-0.44235998,0
-1.3625977,-0.16750538,-0.74055886,-0.97353166,-0.04434675,-0.22420865,0
0.46948007,0.31560886,-0.42705911,0.061119318,0.8947525,-0.44235998,0
-0.025067687,0.33207864,-0.46207601,0.061119318,0.8947525,-0.44235998,0
0.49489403,0.53878701,0.027870163,0.061119318,0.8947525,-0.44235998,0
1.371278,0.59532714,0.6182487,0.97353166,0.04434675,0.22420865,0
0.14066659,0.18478869,0.51691383,-0.22022852,0.44435489,0.86835945,0
1.3264818,-0.14389023,0.9589684,0.97353166,0.04434675,0.22420865,0
1.4826881,0.11384726,0.22973037,0.97353166,0.04434675,0.22420865,0
-0.38269943,0.59391826,0.018128991,0.061119318,0.8947525,-0.44235998,0
0.56293523,0.57634288,0.11323465,0.061119318,0.8947525,-0.44235998,0
-0.70663422,0.26561093,0.26066795,-0.22022852,0.44435489,0.86835945,0
-0.24946901,-0.11750561,0.57265925,-0.22022852,0.44435489,0.86835945,0
0.63588214,0.50314832,-0.024735659,0.061119318,0.8947525,-0.44235998,0
-0.50590688,0.1154305,0.38842529,-0.22022852,0.44435489,0.86835945,0
1.5334586,0.072104216,0.017537117,0.97353166,0.04434675,0.22420865,0
1.4147022,-0.032984674,0.5539726,0.97353166,0.04434675,0.22420865,0
0.55428338,0.49310774,-0.05631879,0.061119318,0.8947525,-0.44235998,0
-1.4080582,-0.13150427,-0.55028653,-0.97353166,-0.04434675,-0.22420865,0
-1.3668486,-0.02735883,-0.74982107,-0.97353166,-0.04434675,-0.22420865,0
1.0137125,-0.33564341,0.59146327,-0.061119318,-0.8947525,0.44235998,0
-0.042675823,-0.21529321,-0.47645226,0.22022852,-0.44435489,-0.86835945,0
0.10331064,0.20729186,0.49592456,-0.22022852,0.44435489,0.86835945,0
-0.93524849,0.20090793,-0.8531487,0.061119318,0.8947525,-0.44235998,0
1.4277834,-0.27649599,0.54533732,0.97353166,0.04434675,0.22420865,0
-1.0058885,0.46101487,0.08478111,-0.22022852,0.44435489,0.86835945,0
-0.11242589,0.24686205,0.42096192,-0.22022852,0.44435489,0.86835945,0
-1.3403692,0.026533574,-0.8754555,-0.97353166,-0.04434675,-0.22420865,0
0.3386384,-0.56227589,-0.20218831,0.22022852,-0.44435489,-0.86835945,0
-0.59189475,0.55921906,-0.080960155,0.061119318,0.8947525,-0.44235998,0
1.200441,-0.21136977,0.8686285,-0.061119318,-0.8947525,0.44235998,0
1.4787842,0.21562254,0.22655094,0.97353166,0.04434675,0.22420865,0
-1.5408863,0.36515862,-0.071773052,-0.97353166,-0.04434675,-0.22420865,0
1.5400877,-0.33042973,-0.016123295,0.22022852,-0.44435489,-0.86835945,0
-1.0769579,-0.22375181,-0.73443276,0.22022852,-0.44435489,-0.86835945,0
1.2757421,-0.45569503,-0.019064546,0.22022852,-0.44435489,-0.86835945,0
-0.11381407,-0.67118889,-0.26120406,0.22022852,-0.44435489,-0.86835945,0
-0.66076601,0.41236109,-0.38752264,0.061119318,0.8947525,-0.44235998,0
-0.48078597,0.34747171,0.27605671,-0.22022852,0.44435489,0.86835945,0
-0.85389853,-0.62255061,-0.47378924,0.22022852,-0.44435489,-0.86835945,0
-1.252246,0.47031403,-0.35202503,0.061119318,0.8947525,-0.44235998,0
0.83892995,-0.52257401,-0.095623255,0.22022852,-0.44435489,-0.86835945,0
0.19949287,0.23709251,-0.62317574,0.061119318,0.8947525,-0.44235998,0
0.84500873,0.25516951,0.65953004,-0.22022852,0.44435489,0.86835945,0
-0.21210751,0.25086531,-0.65218717,0.061119318,0.8947525,-0.44235998,0
1.4296294,-0.14470655,0.51125491,0.97353166,0.04434675,0.22420865,0
0.32644331,-0.16026551,-0.41099697,0.22022852,-0.44435489,-0.86835945,0
-1.2139916,0.3377977,-0.6147778,0.061119318,0.8947525,-0.44235998,0
0.67891383,-0.52609921,0.15997404,-0.061119318,-0.8947525,0.44235998,0
-1.518755,0.26940697,-0.14893007,-0.97353166,-0.04434675,-0.22420865,0
0.12057479,-0.23710391,-0.42388862,0.22022852,-0.44435489,-0.86835945,0
0.47554424,0.33255914,-0.3919363,0.061119318,0.8947525,-0.44235998,0
0.54210091,-0.30101967,-0.28427669,0.22022852,-0.44435489,-0.86835945,0
-1.379712,-0.21316147,-0.65721679,-0.97353166,-0.04434675,-0.22420865,0
-0.88956308,0.30751818,0.19282985,-0.22022852,0.44435489,0.86835945,0
1.4899058,0.3606742,0.14956903,0.97353166,0.04434675,0.22420865,0
-1.4727197,0.59044868,-0.13949311,0.061119318,0.8947525,-0.44235998,0
-0.38944435,0.22475696,0.36201763,-0.22022852,0.44435489,0.86835945,0
1.414842,-0.013361931,0.5494839,0.97353166,0.04434675,0.22420865,0
-0.34163076,0.43745983,-0.29266199,0.061119318,0.8947525,-0.44235998,0
1.1742899,0.16329908,-0.36154455,0.22022852,-0.44435489,-0.86835945,0
-1.3745559,-0.42845294,-0.63702196,-0.97353166,-0.04434675,-0.22420865,0
-0.12107354,0.44428438,-0.24838454,0.061119318,0.8947525,-0.44235998,0
1.2293059,0.037043929,0.86861205,-0.22022852,0.44435489,0.86835945,0
-1.4659752,0.21672153,-0.3676827,-0.97353166,-0.04434675,-0.22420865,0
-0.031286478,-0.053777993,-0.55621397,0.22022852,-0.44435489,-0.86835945,0
-0.15507001,0.29800555,-0.54895687,0.061119318,0.8947525,-0.44235998,0
1.1314882,0.061622024,0.83122706,-0.22022852,0.44435489,0.86835945,0
-0.81302291,0.090611219,0.3232367,-0.22022852,0.44435489,0.86835945,0
1.3836569,-0.03876099,0.68991613,0.97353166,0.04434675,0.22420865,0
0.328253,-0.23752843,0.69521081,-0.061119318,-0.8947525,0.44235998,0
-1.5874484,-0.20604074,0.24338233,-0.97353166,-0.04434675,-0.22420865,0
-0.12813601,0.63371801,0.13380331,0.061119318,0.8947525,-0.44235998,0
0.47269386,0.15174413,0.61803031,-0.22022852,0.44435489,0.86835945,0
-0.23072618,-0.23158535,0.62999958,-0.061119318,-0.8947525,0.44235998,0
-1.0208579,0.54895556,-0.16098845,0.061119318,0.8947525,-0.44235998,0
-0.372379,-0.63335598,-0.20222539,-0.061119318,-0.8947525,0.44235998,0
0.30733749,-0.45862433,0.24511483,-0.061119318,-0.8947525,0.44235998,0
1.328547,-0.013975948,0.91988897,-0.22022852,0.44435489,0.86835945,0
-0.85416472,0.22556657,0.2437436,-0.22022852,0.44435489,0.86835945,0
-1.4001662,-0.39598739,-0.53224146,-0.97353166,-0.04434675,-0.22420865,0
1.5332886,0.33235288,-0.033200383,0.97353166,0.04434675,0.22420865,0
-0.96071982,0.25047082,0.20397562,-0.22022852,0.44435489,0.86835945,0
1.4504267,0.28319037,0.3363167,0.97353166,0.04434675,0.22420865,0
0.17960459,0.48133472,0.37504125,-0.22022852,0.44435489,0.86835945,0
-0.18689591,0.41843534,-0.30976328,0.061119318,0.8947525,-0.44235998,0
0.088374883,-0.40199572,0.32940304,-0.061119318,-0.8947525,0.44235998,0
1.3301036,-0.046613395,0.92400157,0.97353166,0.04434675,0.22420865,0
-1.0130863,0.44707251,-0.36599141,0.061119318,0.8947525,-0.44235998,0
0.44164962,0.10346459,0.63486242,-0.22022852,0.44435489,0.86835945,0
1.3361326,0.60083079,0.60720521,-0.22022852,0.44435489,0.86835945,0
1.0100167,-0.15713054,0.91235971,-0.22022852,0.44435489,0.86835945,0
-1.4745806,-0.39012825,-0.21028662,-0.97353166,-0.04434675,-0.22420865,0
-1.0807667,0.4169172,0.088356495,-0.22022852,0.44435489,0.86835945,0
1.3632995,-0.53633708,0.044407248,0.22022852,-0.44435489,-0.86835945,0
-0.39161754,0.53802037,0.20116407,-0.22022852,0.44435489,0.86835945,0
1.3125532,-0.24171805,0.82273376,-0.061119318,-0.8947525,0.44235998,0
-1.0726509,-0.66654646,-0.36611331,-0.061119318,-0.8947525,0.44235998,0
0.70988572,-0.62376952,-0.033302128,-0.061119318,-0.8947525,0.44235998,0
-1.3351538,0.14184105,-0.92090905,-0.97353166,-0.04434675,-0.22420865,0
1.2465783,-0.56542885,0.15885496,-0.061119318,-0.8947525,0.44235998,0
1.2863369,0.47816136,0.014594615,0.061119318,0.8947525,-0.44235998,0
-1.1604102,-0.70207447,-0.45010036,-0.061119318,-0.8947525,0.44235998,0
1.1471412,0.1558007,-0.36459279,0.22022852,-0.44435489,-0.86835945,0
1.3523564,0.067781597,0.80475163,0.97353166,0.04434675,0.22420865,0
0.75244009,0.080628574,0.72536892,-0.22022852,0.44435489,0.86835945,0
0.32327434,0.56503111,0.057241462,0.061119318,0.8947525,-0.44235998,0
0.62331325,-0.32250118,0.56410569,-0.061119318,-0.8947525,0.44235998,0
0.73999625,-0.33154026,0.56194419,-0.061119318,-0.8947525,0.44235998,0
0.6367324,0.60975462,0.19101217,0.061119318,0.8947525,-0.44235998,0
1.1157665,-0.080219626,-0.25177419,0.22022852,-0.44435489,-0.86835945,0
-0.64108586,-0.51751381,-0.0050401688,-0.061119318,-0.8947525,0.44235998,0
1.4717908,-0.36437827,0.37163639,0.97353166,0.04434675,0.22420865,0
-0.9790917,-0.030591607,0.34314096,-0.22022852,0.44435489,0.86835945,0
-0.12019408,0.29709533,0.39328653,-0.22022852,0.44435489,0.86835945,0
0.74620503,-0.25485957,0.71790248,-0.061119318,-0.8947525,0.44235998,0
0.09304744,0.45159692,-0.20400923,0.061119318,0.8947525,-0.44235998,0
-0.73812789,-0.64132994,-0.26888838,-0.061119318,-0.8947525,0.44235998,0
1.1357793,0.67940748,0.4008491,0.061119318,0.8947525,-0.44235998,0
1.4074302,0.045183241,0.57008696,0.97353166,0.04434675,0.22420865,0
-0.60515249,0.60293055,0.0056223273,0.061119318,0.8947525,-0.44235998,0
0.74265349,-0.3308031,-0.21817297,0.22022852,-0.44435489,-0.86835945,0
1.4028888,0.39752212,0.52011645,0.97353166,0.04434675,0.22420865,0
-1.1805381,-0.65597844,-0.35964382,-0.061119318,-0.8947525,0.44235998,0
0.36814353,0.19790827,0.56789184,-0.22022852,0.44435489,0.86835945,0
-1.452152,0.091785133,-0.40299296,-0.97353166,-0.04434675,-0.22420865,0
-1.2983663,-0.11286014,-0.84733033,0.22022852,-0.44435489,-0.86835945,0
-0.99374187,-0.56628275,-0.15240932,-0.061119318,-0.8947525,0.44235998,0
