-3.0974951,2.4134762,2.2539268,-0.60408276,0.6068992,0.51648605,0
-2.8718276,2.9610424,1.8744473,-0.60408276,0.6068992,0.51648605,0
2.6432121,-2.5435886,-2.6323681,0.60408276,-0.6068992,-0.51648605,0
-2.72453,3.126936,1.8517933,-0.60408276,0.6068992,0.51648605,0
2.7739146,-2.9105072,-2.0483484,0.60408276,-0.6068992,-0.51648605,0
1.8837981,-2.1800628,-2.2677636,-0.63991284,0.016866699,-0.76826245,0
2.5576324,-2.9265475,-2.282464,0.60408276,-0.6068992,-0.51648605,0
0.3280347,-0.15484531,0.37418813,0.63991284,-0.016866699,0.76826245,0
-2.9668782,2.591599,2.1973925,-0.60408276,0.6068992,0.51648605,0
2.8657284,-2.6583493,-2.2372622,0.60408276,-0.6068992,-0.51648605,0
0.86924541,-0.74745607,-0.089615822,0.63991284,-0.016866699,0.76826245,0
-2.5828247,2.5932539,2.6446371,-0.60408276,0.6068992,0.51648605,0
-2.8259788,2.428571,2.5537553,-0.60408276,0.6068992,0.51648605,0
-3.0243483,2.3103776,2.3781505,-0.47496921,-0.79460013,0.37817374,0
1.7806149,-1.0008291,-1.1886652,0.47496921,0.79460013,-0.37817374,0
-2.3402042,2.9348505,2.5270114,-0.60408276,0.6068992,0.51648605,0
0.99941921,-0.51439804,-1.1477469,0.47496921,0.79460013,-0.37817374,0
-1.2756793,0.81947041,1.4417795,-0.47496921,-0.79460013,0.37817374,0
2.9091234,-2.7540686,-2.0740323,0.60408276,-0.6068992,-0.51648605,0
-2.0148613,1.8001148,1.0669506,-0.63991284,0.016866699,-0.76826245,0
2.1008863,-1.8230782,-1.1391079,0.63991284,-0.016866699,0.76826245,0
1.2072356,-0.91979831,-0.37492371,0.63991284,-0.016866699,0.76826245,0
-1.3007846,0.81584728,1.4026358,-0.47496921,-0.79460013,0.37817374,0
-2.9609284,2.6325648,2.1562138,-0.60408276,0.6068992,0.51648605,0
-0.31637225,1.0871203,0.56471038,0.47496921,0.79460013,-0.37817374,0
-0.75225806,1.660382,1.2217669,0.47496921,0.79460013,-0.37817374,0
0.13308451,0.21987051,-0.6930151,0.47496921,0.79460013,-0.37817374,0
-0.90316296,0.69095606,1.4182657,0.63991284,-0.016866699,0.76826245,0
-1.9271615,2.4434094,1.3913994,0.47496921,0.79460013,-0.37817374,0
0.69474316,-0.19885392,0.067777485,0.63991284,-0.016866699,0.76826245,0
3.1231277,-2.3996029,-2.2402482,0.60408276,-0.6068992,-0.51648605,0
0.63104057,-0.82464588,0.10709858,0.63991284,-0.016866699,0.76826245,0
-0.70765024,0.84531581,1.2588049,0.63991284,-0.016866699,0.76826245,0
2.5475125,-2.7593594,-2.4907556,0.60408276,-0.6068992,-0.51648605,0
-1.2045445,1.026403,1.6766615,0.63991284,-0.016866699,0.76826245,0
-1.6312147,2.1327696,1.1103945,0.47496921,0.79460013,-0.37817374,0
-1.4442475,1.0599064,1.7352581,-0.47496921,-0.79460013,0.37817374,0
-2.0784135,2.1865168,1.1283689,-0.63991284,0.016866699,-0.76826245,0
-2.5387242,2.772454,2.4856472,-0.60408276,0.6068992,0.51648605,0
1.1388483,-1.8672065,-1.6404002,-0.63991284,0.016866699,-0.76826245,0
0.59619534,-0.22059608,-1.0368557,0.47496921,0.79460013,-0.37817374,0
0.092149422,0.34562773,-0.48019284,0.47496921,0.79460013,-0.37817374,0
-1.7890358,1.5452595,2.174896,0.63991284,-0.016866699,0.76826245,0
-0.37595055,0.078122854,0.96567714,0.63991284,-0.016866699,0.76826245,0
-0.72905183,1.4615833,0.83320653,0.47496921,0.79460013,-0.37817374,0
0.78241825,-0.031700432,-0.40606952,0.47496921,0.79460013,-0.37817374,0
0.3870815,0.55813175,0.33673176,0.47496921,0.79460013,-0.37817374,0
0.31035286,-1.0554353,-0.93249476,-0.63991284,0.016866699,-0.76826245,0
-0.54518092,0.2355231,1.1100909,0.63991284,-0.016866699,0.76826245,0
-1.1682694,1.7784204,1.662957,0.63991284,-0.016866699,0.76826245,0
-1.2478991,1.4419913,0.42025828,-0.63991284,0.016866699,-0.76826245,0
-0.18506822,0.51955241,-0.46292365,0.47496921,0.79460013,-0.37817374,0
2.7677147,-2.6705787,-2.3375292,0.60408276,-0.6068992,-0.51648605,0
2.6653285,-2.6530952,-2.4778242,0.60408276,-0.6068992,-0.51648605,0
-2.8457778,2.2741609,1.7694581,-0.63991284,0.016866699,-0.76826245,0
2.4969208,-2.9216127,-2.3592715,0.60408276,-0.6068992,-0.51648605,0
0.83762628,-1.7038574,-1.2058969,-0.47496921,-0.79460013,0.37817374,0
-2.9644294,2.6738362,2.1036234,-0.60408276,0.6068992,0.51648605,0
0.53009814,0.014498055,-0.62590218,0.47496921,0.79460013,-0.37817374,0
1.9277123,-2.2689667,-1.0241773,-0.47496921,-0.79460013,0.37817374,0
2.1341372,-2.837338,-1.9591503,-0.47496921,-0.79460013,0.37817374,0
2.7265844,-2.1371179,-2.3880839,0.47496921,0.79460013,-0.37817374,0
0.46941033,0.47377342,0.26288348,0.47496921,0.79460013,-0.37817374,0
1.3886998,-1.9542365,-1.8504207,-0.63991284,0.016866699,-0.76826245,0
2.8932564,-2.7719371,-2.0715928,0.60408276,-0.6068992,-0.51648605,0
1.8741364,-1.845567,-2.2523727,-0.63991284,0.016866699,-0.76826245,0
-3.0379908,2.241215,2.2156954,-0.47496921,-0.79460013,0.37817374,0
-1.3192365,2.0772476,1.3855648,0.47496921,0.79460013,-0.37817374,0
0.45126456,-0.51631963,0.26360965,0.63991284,-0.016866699,0.76826245,0
-0.18180725,-0.58481741,-0.134987,-0.47496921,-0.79460013,0.37817374,0
1.8576133,-2.802772,-2.2596245,-0.63991284,0.016866699,-0.76826245,0
-1.1513102,0.22614473,0.31311262,-0.63991284,0.016866699,-0.76826245,0
2.747921,-2.6380861,-2.3988605,0.60408276,-0.6068992,-0.51648605,0
2.8281734,-2.392792,-2.5932307,0.60408276,-0.6068992,-0.51648605,0
1.9531083,-2.497375,-1.4722013,-0.47496921,-0.79460013,0.37817374,0
-2.2193768,2.5296578,1.2533157,-0.63991284,0.016866699,-0.76826245,0
-1.4117711,0.54363984,0.69129276,-0.47496921,-0.79460013,0.37817374,0
-2.5849824,2.2486839,2.8003473,-0.47496921,-0.79460013,0.37817374,0
2.4938228,-2.9751539,-2.2999811,0.60408276,-0.6068992,-0.51648605,0
-2.0230873,2.5865619,1.5717063,0.47496921,0.79460013,-0.37817374,0
-1.7678189,2.4697759,2.1775215,0.63991284,-0.016866699,0.76826245,0
-2.216083,1.9301655,2.5390494,0.63991284,-0.016866699,0.76826245,0
-0.23297548,-0.36082724,-0.46468765,-0.63991284,0.016866699,-0.76826245,0
2.2447028,-2.5127816,-1.2740397,0.63991284,-0.016866699,0.76826245,0
2.3771286,-2.7657404,-2.6825395,0.60408276,-0.6068992,-0.51648605,0
2.7545419,-2.7902489,-2.2123165,0.60408276,-0.6068992,-0.51648605,0
0.91016114,-0.70951331,-1.4245019,-0.63991284,0.016866699,-0.76826245,0
1.0911342,-0.90181041,-0.27782381,0.63991284,-0.016866699,0.76826245,0
-2.7787535,2.7513561,1.7241077,-0.63991284,0.016866699,-0.76826245,0
-0.24638909,0.52502608,0.86757237,0.63991284,-0.016866699,0.76826245,0
0.17573014,-0.93436599,-0.42039049,-0.47496921,-0.79460013,0.37817374,0
-0.11684865,-0.81529552,-0.53767127,-0.47496921,-0.79460013,0.37817374,0
-1.5597389,0.70329177,0.84090436,-0.47496921,-0.79460013,0.37817374,0
2.9211726,-2.5332482,-2.3194151,0.60408276,-0.6068992,-0.51648605,0
-0.86904508,1.5657897,1.409054,0.63991284,-0.016866699,0.76826245,0
1.591673,-2.1115248,-2.0229378,-0.63991284,0.016866699,-0.76826245,0
2.9431121,-2.2885692,-1.8508472,0.63991284,-0.016866699,0.76826245,0
0.1427733,0.035159171,-0.76896846,-0.63991284,0.016866699,-0.76826245,0
-3.1853275,2.4713969,2.083138,-0.60408276,0.6068992,0.51648605,0
-0.52725238,0.54120034,1.1018685,0.63991284,-0.016866699,0.76826245,0
1.1965715,-0.53283411,-0.93886888,0.47496921,0.79460013,-0.37817374,0
-2.8373773,2.5759635,2.367229,-0.60408276,0.6068992,0.51648605,0
1.513612,-1.7587236,-1.9501727,-0.63991284,0.016866699,-0.76826245,0
-0.14988825,-0.19861525,0.71657079,-0.47496921,-0.79460013,0.37817374,0
0.5679239,-1.2890604,-0.67307949,-0.47496921,-0.79460013,0.37817374,0
-0.84587711,1.3807311,0.51659667,0.47496921,0.79460013,-0.37817374,0
0.69709456,0.16637534,-0.097045138,0.47496921,0.79460013,-0.37817374,0
1.3523737,-0.53162551,-0.48729229,0.63991284,-0.016866699,0.76826245,0
1.4913379,-0.56634909,-0.63907611,0.47496921,0.79460013,-0.37817374,0
-0.47310075,0.076682091,0.88907194,-0.47496921,-0.79460013,0.37817374,0
2.5653739,-2.1396582,-2.5958953,0.47496921,0.79460013,-0.37817374,0
-0.43490174,0.81406915,-0.15787917,0.47496921,0.79460013,-0.37817374,0
2.2710066,-1.6031526,-1.8383284,0.47496921,0.79460013,-0.37817374,0
2.153137,-1.6579782,-1.1790049,0.63991284,-0.016866699,0.76826245,0
-1.2964276,1.7704964,1.7695303,0.63991284,-0.016866699,0.76826245,0
-0.26478586,-0.25374478,-0.4358407,-0.63991284,0.016866699,-0.76826245,0
-0.14401639,0.97610712,0.54792619,0.47496921,0.79460013,-0.37817374,0
0.059931934,-0.28156787,0.59471834,0.63991284,-0.016866699,0.76826245,0
0.074477315,0.13726005,0.59179807,0.63991284,-0.016866699,0.76826245,0
2.5223486,-2.597374,-2.7105284,0.60408276,-0.6068992,-0.51648605,0
0.17320749,-0.53663701,0.41212982,-0.47496921,-0.79460013,0.37817374,0
0.2980116,-0.57127881,-0.91158587,-0.63991284,0.016866699,-0.76826245,0
-2.4411447,2.9829795,2.3523979,-0.60408276,0.6068992,0.51648605,0
0.075689897,-0.55285925,0.25556669,-0.47496921,-0.79460013,0.37817374,0
1.8252063,-2.6100955,-1.8696837,-0.47496921,-0.79460013,0.37817374,0
2.6607764,-2.784718,-2.3284836,0.60408276,-0.6068992,-0.51648605,0
-0.55011821,0.27256632,1.1150165,0.63991284,-0.016866699,0.76826245,0
-1.1712656,1.4828839,0.35732508,-0.63991284,0.016866699,-0.76826245,0
2.4420352,-1.6832452,-1.7918103,0.47496921,0.79460013,-0.37817374,0
2.3521314,-2.1557236,-2.657321,-0.63991284,0.016866699,-0.76826245,0
-2.6620305,2.4129667,2.763845,-0.60408276,0.6068992,0.51648605,0
-0.50487006,0.65108287,1.0856379,0.63991284,-0.016866699,0.76826245,0
-2.4587712,2.0295372,2.4984024,-0.47496921,-0.79460013,0.37817374,0
1.6697719,-2.0901945,-0.97251153,-0.47496921,-0.79460013,0.37817374,0
3.0600102,-2.4046314,-2.3081622,0.60408276,-0.6068992,-0.51648605,0
-2.5566368,2.6903245,2.5612035,-0.60408276,0.6068992,0.51648605,0
0.21803011,0.33638394,-0.34151486,0.47496921,0.79460013,-0.37817374,0
2.6104894,-2.7481356,-2.4302869,0.60408276,-0.6068992,-0.51648605,0
-1.4526249,1.0218871,1.6448517,-0.47496921,-0.79460013,0.37817374,0
-1.0043422,0.52702153,1.1680875,-0.47496921,-0.79460013,0.37817374,0
-1.0309017,1.9648633,1.5526316,0.63991284,-0.016866699,0.76826245,0
1.393616,-2.106626,-1.8578613,-0.63991284,0.016866699,-0.76826245,0
0.41689605,-1.2337004,-0.74644375,-0.47496921,-0.79460013,0.37817374,0
-0.40353125,-0.28614086,-0.32098603,-0.63991284,0.016866699,-0.76826245,0
-0.93587834,1.8320934,1.3519394,0.47496921,0.79460013,-0.37817374,0
-2.561923,2.2045965,2.7366743,-0.47496921,-0.79460013,0.37817374,0
-0.80761868,0.18256605,0.69141024,-0.47496921,-0.79460013,0.37817374,0
1.072149,-1.7271781,-0.9603467,-0.47496921,-0.79460013,0.37817374,0
-0.10749358,-0.51586318,-0.57260972,-0.63991284,0.016866699,-0.76826245,0
-1.5593586,0.75550967,0.66461277,-0.63991284,0.016866699,-0.76826245,0
-0.88392365,0.57198364,1.3996284,0.63991284,-0.016866699,0.76826245,0
-1.4541883,2.403537,1.9016547,0.47496921,0.79460013,-0.37817374,0
-2.7440729,2.8565798,2.1466188,-0.60408276,0.6068992,0.51648605,0
-2.015564,1.5486385,2.0446105,-0.47496921,-0.79460013,0.37817374,0
-1.8961359,2.8373551,2.2581053,0.47496921,0.79460013,-0.37817374,0
2.3486037,-3.1068637,-2.315063,0.60408276,-0.6068992,-0.51648605,0
-2.9530959,2.746109,2.0319543,-0.60408276,0.6068992,0.51648605,0
2.4871645,-3.101408,-2.1594129,0.60408276,-0.6068992,-0.51648605,0
1.3001832,-0.75209266,-1.2694331,0.47496921,0.79460013,-0.37817374,0
0.31537229,-0.95700634,-0.29257715,-0.47496921,-0.79460013,0.37817374,0
0.57660246,-0.93538678,0.080942154,-0.47496921,-0.79460013,0.37817374,0
-2.6893687,2.6600556,2.4415278,-0.60408276,0.6068992,0.51648605,0
2.2116807,-2.0454814,-2.537914,-0.63991284,0.016866699,-0.76826245,0
1.4433867,-0.85003471,-0.57009077,0.63991284,-0.016866699,0.76826245,0
1.3943532,-0.48693991,-0.59403384,0.47496921,0.79460013,-0.37817374,0
2.8386302,-1.9968729,-1.9526842,0.47496921,0.79460013,-0.37817374,0
-2.8318806,2.1782691,1.7557776,-0.63991284,0.016866699,-0.76826245,0
2.4401379,-2.7617764,-2.6135001,0.60408276,-0.6068992,-0.51648605,0
2.2885041,-1.8725259,-2.3823464,0.47496921,0.79460013,-0.37817374,0
-0.066388816,0.8852331,0.45448279,0.47496921,0.79460013,-0.37817374,0
-0.39824083,1.1762103,0.64907861,0.47496921,0.79460013,-0.37817374,0
2.6052361,-2.9540327,-1.6126647,-0.47496921,-0.79460013,0.37817374,0
-2.6072311,3.0657368,2.0608988,-0.60408276,0.6068992,0.51648605,0
-0.90999138,1.1179346,0.13168836,-0.63991284,0.016866699,-0.76826245,0
-0.55047321,1.4813917,1.0991135,0.47496921,0.79460013,-0.37817374,0
-1.8888659,1.5074575,2.1172092,-0.47496921,-0.79460013,0.37817374,0
2.5079713,-2.5823472,-1.494853,0.63991284,-0.016866699,0.76826245,0
-2.0951967,2.8155563,2.4577971,0.63991284,-0.016866699,0.76826245,0
-1.3956578,2.0667183,1.2674594,0.47496921,0.79460013,-0.37817374,0
2.9531741,-2.2590497,-2.359695,0.47496921,0.79460013,-0.37817374,0
0.76750815,-1.540489,-0.95070028,-0.47496921,-0.79460013,0.37817374,0
-2.7720718,2.580761,2.437973,-0.60408276,0.6068992,0.51648605,0
-2.7344079,2.0558317,2.2074637,-0.47496921,-0.79460013,0.37817374,0
-1.8857034,2.3421667,1.2307427,0.47496921,0.79460013,-0.37817374,0
-2.4226575,3.0363913,2.3112583,-0.60408276,0.6068992,0.51648605,0
3.1517706,-2.3425138,-2.2738309,0.60408276,-0.6068992,-0.51648605,0
2.1122971,-1.247087,-1.2895119,0.47496921,0.79460013,-0.37817374,0
-3.2589612,2.3520169,2.1372943,-0.60408276,0.6068992,0.51648605,0
-2.6067996,2.7014349,2.4894781,-0.60408276,0.6068992,0.51648605,0
2.7559373,-2.4479766,-2.6128736,0.60408276,-0.6068992,-0.51648605,0
-2.8116455,2.7861357,2.150362,-0.60408276,0.6068992,0.51648605,0
2.5379581,-3.0786886,-1.959084,-0.47496921,-0.79460013,0.37817374,0
2.446698,-2.6446536,-2.7434535,0.60408276,-0.6068992,-0.51648605,0
0.27002537,-0.47742525,-0.88621485,-0.63991284,0.016866699,-0.76826245,0
-1.1853849,1.6298046,0.61353135,0.47496921,0.79460013,-0.37817374,0
2.7586474,-2.3969882,-2.6696177,0.60408276,-0.6068992,-0.51648605,0
2.2840924,-2.9467483,-2.0007019,-0.47496921,-0.79460013,0.37817374,0
2.5667048,-3.1174622,-2.0475178,0.60408276,-0.6068992,-0.51648605,0
1.1710248,-1.2427652,-0.35185289,0.63991284,-0.016866699,0.76826245,0
2.6355019,-2.2193129,-2.6751847,0.47496921,0.79460013,-0.37817374,0
-1.3853619,0.77163792,1.2035198,-0.47496921,-0.79460013,0.37817374,0
2.7601442,-2.576313,-1.7047644,0.63991284,-0.016866699,0.76826245,0
2.6364956,-2.1094444,-2.4430857,0.47496921,0.79460013,-0.37817374,0
-2.88235,2.8359544,2.0091257,-0.60408276,0.6068992,0.51648605,0
0.83918357,-0.023382604,-0.048679739,0.63991284,-0.016866699,0.76826245,0
1.262512,-2.1146691,-1.5354366,-0.47496921,-0.79460013,0.37817374,0
2.6459718,-2.559411,-2.6105475,0.60408276,-0.6068992,-0.51648605,0
1.7434115,-2.6394229,-2.0340347,-0.47496921,-0.79460013,0.37817374,0
0.6071744,-1.4971569,-1.1894257,-0.63991284,0.016866699,-0.76826245,0
2.4553158,-1.9482929,-1.4370737,0.63991284,-0.016866699,0.76826245,0
-0.38077259,0.22053111,0.97282016,0.63991284,-0.016866699,0.76826245,0
3.1494999,-2.3133304,-2.2271709,0.47496921,0.79460013,-0.37817374,0
-0.68880814,0.61890686,1.2381399,0.63991284,-0.016866699,0.76826245,0
-0.018703684,0.44539028,-0.40980309,0.47496921,0.79460013,-0.37817374,0
2.4363618,-2.7993307,-2.5737891,0.60408276,-0.6068992,-0.51648605,0
1.1443496,-1.294192,-1.6324022,-0.63991284,0.016866699,-0.76826245,0
3.015666,-2.2743435,-2.313343,0.47496921,0.79460013,-0.37817374,0
-2.799191,1.8874087,1.7221632,-0.63991284,0.016866699,-0.76826245,0
-2.0784059,2.712719,2.4415536,0.63991284,-0.016866699,0.76826245,0
2.5926926,-2.6275749,-2.5927672,0.60408276,-0.6068992,-0.51648605,0
2.6121857,-2.5260012,-2.6893229,0.60408276,-0.6068992,-0.51648605,0
-2.472348,2.3354731,1.4597614,-0.63991284,0.016866699,-0.76826245,0
-2.874733,2.4152205,2.5124202,-0.60408276,0.6068992,0.51648605,0
3.04706,-2.3862634,-2.344893,0.60408276,-0.6068992,-0.51648605,0
-1.2186899,1.915472,1.7079625,0.63991284,-0.016866699,0.76826245,0
0.10388809,-0.13443193,-0.74030292,-0.63991284,0.016866699,-0.76826245,0
2.6248026,-2.5263102,-2.6742029,0.60408276,-0.6068992,-0.51648605,0
-1.8003218,1.0775003,1.325012,-0.47496921,-0.79460013,0.37817374,0
0.11960626,0.47780991,-0.16797337,0.47496921,0.79460013,-0.37817374,0
0.87371868,-0.86153984,-1.3974855,-0.63991284,0.016866699,-0.76826245,0
1.9079177,-2.2888861,-1.0908918,-0.47496921,-0.79460013,0.37817374,0
-2.8997302,2.9653907,1.8367028,-0.60408276,0.6068992,0.51648605,0
-3.1101851,2.527118,2.1055489,-0.60408276,0.6068992,0.51648605,0
0.067858845,0.23850039,0.5995335,0.63991284,-0.016866699,0.76826245,0
0.57161695,-0.7823174,-1.144115,-0.63991284,0.016866699,-0.76826245,0
2.3948047,-2.7765899,-1.5041232,-0.47496921,-0.79460013,0.37817374,0
-2.6007824,1.7815577,1.799,-0.47496921,-0.79460013,0.37817374,0
2.7040536,-2.6901453,-2.3889952,0.60408276,-0.6068992,-0.51648605,0
2.7120061,-3.0450282,-1.9626875,0.60408276,-0.6068992,-0.51648605,0
-1.9931371,2.4223385,1.2642643,0.47496921,0.79460013,-0.37817374,0
-2.4141624,2.0442872,2.5854211,-0.47496921,-0.79460013,0.37817374,0
-2.2467732,3.0759959,2.4704356,-0.60408276,0.6068992,0.51648605,0
-2.0302396,2.3594153,1.0920391,-0.63991284,0.016866699,-0.76826245,0
-2.4726458,2.6059697,2.7585611,-0.60408276,0.6068992,0.51648605,0
-2.4724541,2.7486997,1.4689217,-0.63991284,0.016866699,-0.76826245,0
3.0738428,-2.5073392,-1.9645405,0.63991284,-0.016866699,0.76826245,0
-1.2480423,2.0862474,1.7361608,0.63991284,-0.016866699,0.76826245,0
0.16635352,-1.0263768,-0.62549591,-0.47496921,-0.79460013,0.37817374,0
-0.37998071,0.97086775,0.24055684,0.47496921,0.79460013,-0.37817374,0
-0.16105476,-0.6664086,-0.28035843,-0.47496921,-0.79460013,0.37817374,0
0.012385756,0.1005978,0.64271152,0.63991284,-0.016866699,0.76826245,0
-1.272944,0.37232625,0.41763508,-0.63991284,0.016866699,-0.76826245,0
-0.39389634,0.71926379,0.99470079,0.63991284,-0.016866699,0.76826245,0
2.9649706,-2.6253905,-2.1599164,0.60408276,-0.6068992,-0.51648605,0
-0.25223306,0.90606612,0.26484418,0.47496921,0.79460013,-0.37817374,0
1.5780575,-0.6815092,-0.77212894,0.47496921,0.79460013,-0.37817374,0
1.6510313,-1.1707397,-1.7084241,0.47496921,0.79460013,-0.37817374,0
2.6425481,-3.0769362,-2.0064325,0.60408276,-0.6068992,-0.51648605,0
-0.50350451,0.70578986,1.0857016,0.63991284,-0.016866699,0.76826245,0
-0.056557581,-0.66319966,-0.14237207,-0.47496921,-0.79460013,0.37817374,0
-1.8085514,1.7931225,0.8949542,-0.63991284,0.016866699,-0.76826245,0
-1.3301113,1.9909275,1.8024259,0.63991284,-0.016866699,0.76826245,0
0.69580364,-0.69078255,-1.2455446,-0.63991284,0.016866699,-0.76826245,0
-0.58630347,-0.10613149,0.36277515,-0.47496921,-0.79460013,0.37817374,0
3.0333481,-2.365901,-1.9277067,0.63991284,-0.016866699,0.76826245,0
2.0647154,-1.8525267,-2.4112656,-0.63991284,0.016866699,-0.76826245,0
3.15675,-2.4727223,-2.115005,0.60408276,-0.6068992,-0.51648605,0
2.5339804,-1.615545,-1.5340834,0.47496921,0.79460013,-0.37817374,0
0.074773341,0.63576496,0.10760587,0.47496921,0.79460013,-0.37817374,0
2.6709666,-2.989356,-2.0761046,0.60408276,-0.6068992,-0.51648605,0
2.7572994,-2.4045646,-2.6622925,0.60408276,-0.6068992,-0.51648605,0
-1.178611,1.1103772,0.3552655,-0.63991284,0.016866699,-0.76826245,0
-0.032066166,-0.57271945,-0.63668412,-0.63991284,0.016866699,-0.76826245,0
2.2733233,-2.6162658,-2.60179,-0.63991284,0.016866699,-0.76826245,0
-1.8273757,1.3013594,1.761395,-0.47496921,-0.79460013,0.37817374,0
-1.2061139,1.6694479,0.67079258,0.47496921,0.79460013,-0.37817374,0
-1.8645232,1.2154393,1.5342085,-0.47496921,-0.79460013,0.37817374,0
-2.0025744,1.3775909,1.7015276,-0.47496921,-0.79460013,0.37817374,0
1.3469299,-2.0072536,-1.2037158,-0.47496921,-0.79460013,0.37817374,0
-0.26863611,-0.18082142,0.6048165,-0.47496921,-0.79460013,0.37817374,0
1.4305645,-1.34004,-0.5701685,0.63991284,-0.016866699,0.76826245,0
-2.3356569,3.099535,2.3388171,-0.60408276,0.6068992,0.51648605,0
0.86081696,-1.8117402,-1.4034481,-0.47496921,-0.79460013,0.37817374,0
-1.0996348,0.88208371,1.58611,0.63991284,-0.016866699,0.76826245,0
2.800559,-2.228723,-1.7307963,0.63991284,-0.016866699,0.76826245,0
-1.5692492,2.2907095,1.520076,0.47496921,0.79460013,-0.37817374,0
0.78787279,-0.94356412,-0.026143312,0.63991284,-0.016866699,0.76826245,0
-1.9715871,2.4738975,1.399663,0.47496921,0.79460013,-0.37817374,0
-2.7328677,2.6575565,2.3935881,-0.60408276,0.6068992,0.51648605,0
-0.82545996,0.80295724,0.054363966,-0.63991284,0.016866699,-0.76826245,0
3.1370618,-2.384551,-2.2416387,0.60408276,-0.6068992,-0.51648605,0
1.8875351,-1.2788308,-1.6385019,0.47496921,0.79460013,-0.37817374,0
1.8861637,-1.2957606,-1.6757963,0.47496921,0.79460013,-0.37817374,0
2.9189348,-2.923068,-1.8639731,0.60408276,-0.6068992,-0.51648605,0
-2.9461668,2.6376965,1.8610568,-0.63991284,0.016866699,-0.76826245,0
0.3571161,-1.1713276,-0.6904701,-0.47496921,-0.79460013,0.37817374,0
0.087963149,0.35744482,-0.46062112,0.47496921,0.79460013,-0.37817374,0
-2.9283667,2.5104489,2.337791,-0.60408276,0.6068992,0.51648605,0
2.9537361,-2.5963702,-2.2071567,0.60408276,-0.6068992,-0.51648605,0
1.0319928,-0.15579176,-0.35334975,0.47496921,0.79460013,-0.37817374,0
2.7564838,-2.6719615,-2.3490391,0.60408276,-0.6068992,-0.51648605,0
2.6065204,-1.7723395,-1.7724249,0.47496921,0.79460013,-0.37817374,0
-0.83827472,1.2896154,0.33469713,0.47496921,0.79460013,-0.37817374,0
-1.3150979,0.57406598,0.8766396,-0.47496921,-0.79460013,0.37817374,0
-2.7335062,2.4651453,2.6189351,-0.60408276,0.6068992,0.51648605,0
-2.9791751,2.0803549,1.9515741,-0.47496921,-0.79460013,0.37817374,0
-2.5665374,2.9335551,2.2638144,-0.60408276,0.6068992,0.51648605,0
-2.6781023,2.6299567,2.4900723,-0.60408276,0.6068992,0.51648605,0
-0.61122781,0.44000852,1.1695929,0.63991284,-0.016866699,0.76826245,0
-2.4717603,2.9233146,2.3866992,-0.60408276,0.6068992,0.51648605,0
1.902385,-1.0189896,-1.0738852,0.47496921,0.79460013,-0.37817374,0
0.98708934,-0.26341346,-0.17714548,0.63991284,-0.016866699,0.76826245,0
1.1926936,-1.9941633,-1.3699248,-0.47496921,-0.79460013,0.37817374,0
-2.7753761,3.0429659,1.8909931,-0.60408276,0.6068992,0.51648605,0
2.7106957,-3.0025568,-2.0141263,0.60408276,-0.6068992,-0.51648605,0
2.527312,-2.0580521,-1.4994521,0.63991284,-0.016866699,0.76826245,0
-0.70293874,0.2145614,-0.060606241,-0.63991284,0.016866699,-0.76826245,0
2.8595333,-2.4092927,-2.5371633,0.60408276,-0.6068992,-0.51648605,0
-2.63762,2.3417118,2.8761239,-0.60408276,0.6068992,0.51648605,0
-2.5690265,2.5799468,2.6764121,-0.60408276,0.6068992,0.51648605,0
0.88811016,-0.39509901,-0.097593248,0.63991284,-0.016866699,0.76826245,0
1.0561314,-1.8426495,-1.2230871,-0.47496921,-0.79460013,0.37817374,0
-2.6996553,3.082376,1.7637467,0.47496921,0.79460013,-0.37817374,0
-1.9242976,2.3946724,1.2925923,0.47496921,0.79460013,-0.37817374,0
1.6181219,-2.180038,-2.0464721,-0.63991284,0.016866699,-0.76826245,0
-1.9603049,1.0355213,1.0047224,-0.63991284,0.016866699,-0.76826245,0
2.4721835,-1.9601068,-1.4513831,0.63991284,-0.016866699,0.76826245,0
-1.5944585,0.74868762,0.69369876,-0.63991284,0.016866699,-0.76826245,0
-1.3176343,1.4698551,0.47895479,-0.63991284,0.016866699,-0.76826245,0
-2.4159985,3.0026019,2.3587523,-0.60408276,0.6068992,0.51648605,0
0.34660035,-0.093256868,0.36007628,0.63991284,-0.016866699,0.76826245,0
-3.083832,2.5177939,2.1473279,-0.60408276,0.6068992,0.51648605,0
2.031652,-1.5202631,-1.964783,0.47496921,0.79460013,-0.37817374,0
2.7879901,-2.3881698,-2.6456604,0.60408276,-0.6068992,-0.51648605,0
-2.9181852,2.524291,2.3334346,-0.60408276,0.6068992,0.51648605,0
-2.9589295,2.534874,2.2733436,-0.60408276,0.6068992,0.51648605,0
-2.7272336,1.8739032,1.8342149,-0.47496921,-0.79460013,0.37817374,0
-2.4925222,3.0750751,2.0085573,0.47496921,0.79460013,-0.37817374,0
-2.3873353,3.0055468,2.3888154,-0.60408276,0.6068992,0.51648605,0
-3.1492722,2.4481626,2.1526098,-0.60408276,0.6068992,0.51648605,0
-0.96889603,0.099572241,0.31447059,-0.47496921,-0.79460013,0.37817374,0
0.1521219,-0.64194906,0.16437063,-0.47496921,-0.79460013,0.37817374,0
2.300436,-3.0108519,-2.4842191,0.60408276,-0.6068992,-0.51648605,0
-2.550617,3.0074129,2.1956482,-0.60408276,0.6068992,0.51648605,0
0.12531936,0.21495461,-0.71309674,0.47496921,0.79460013,-0.37817374,0
2.2313313,-1.8353291,-1.2480295,0.63991284,-0.016866699,0.76826245,0
3.1225028,-2.2712634,-1.9998884,0.63991284,-0.016866699,0.76826245,0
-0.39419916,1.0854737,0.46350348,0.47496921,0.79460013,-0.37817374,0
-1.8294595,2.4165347,1.4576409,0.47496921,0.79460013,-0.37817374,0
-1.2319229,1.8837123,1.0885799,0.47496921,0.79460013,-0.37817374,0
2.9684129,-2.6147327,-2.1684141,0.60408276,-0.6068992,-0.51648605,0
-2.4891367,3.0622373,2.2031341,-0.60408276,0.6068992,0.51648605,0
-1.7774351,1.9882383,0.8733201,-0.63991284,0.016866699,-0.76826245,0
1.3226402,-0.69741607,-1.1263441,0.47496921,0.79460013,-0.37817374,0
1.3455365,-1.6287651,-0.50568438,0.63991284,-0.016866699,0.76826245,0
-2.3026481,1.4882202,1.5570974,-0.47496921,-0.79460013,0.37817374,0
-2.7891667,2.9580333,1.9746637,-0.60408276,0.6068992,0.51648605,0
1.4646394,-1.4695214,-1.9030323,-0.63991284,0.016866699,-0.76826245,0
-1.4191791,1.9567795,1.0069201,0.47496921,0.79460013,-0.37817374,0
1.5340207,-0.86672395,-1.2166011,0.47496921,0.79460013,-0.37817374,0
2.8135114,-2.7407734,-2.2014828,0.60408276,-0.6068992,-0.51648605,0
-2.8637507,2.0278876,1.9863002,-0.47496921,-0.79460013,0.37817374,0
-2.3185053,1.5101478,1.5832541,-0.47496921,-0.79460013,0.37817374,0
0.7770766,-0.38547933,-1.1561214,0.47496921,0.79460013,-0.37817374,0
0.619434,-0.18927222,-0.94185263,0.47496921,0.79460013,-0.37817374,0
1.2151415,-1.8787973,-1.7042019,-0.63991284,0.016866699,-0.76826245,0
2.2332976,-3.0601048,-2.3026762,-0.47496921,-0.79460013,0.37817374,0
-1.5640666,1.0165994,1.4937758,-0.47496921,-0.79460013,0.37817374,0
0.10992023,-0.79561144,-0.21150053,-0.47496921,-0.79460013,0.37817374,0
-2.3233423,1.6003371,1.7666807,-0.47496921,-0.79460013,0.37817374,0
2.5765257,-2.9614284,-2.2193794,0.60408276,-0.6068992,-0.51648605,0
-2.6172957,2.3657317,2.8716712,-0.60408276,0.6068992,0.51648605,0
2.927217,-2.4593508,-2.3991795,0.60408276,-0.6068992,-0.51648605,0
-0.84677643,1.3571181,1.3859243,0.63991284,-0.016866699,0.76826245,0
-2.4858205,2.7668054,2.5541615,-0.60408276,0.6068992,0.51648605,0
-1.5884331,1.9381227,0.7551434,0.47496921,0.79460013,-0.37817374,0
-0.64405769,0.47032925,-0.10403514,-0.63991284,0.016866699,-0.76826245,0
-2.321816,1.994591,2.5969849,-0.47496921,-0.79460013,0.37817374,0
2.6407735,-2.7143877,-2.4345222,0.60408276,-0.6068992,-0.51648605,0
1.8325009,-2.1828039,-0.96271729,-0.47496921,-0.79460013,0.37817374,0
-0.57135284,1.1342564,1.1516213,0.63991284,-0.016866699,0.76826245,0
2.5846019,-2.5745943,-2.6644855,0.60408276,-0.6068992,-0.51648605,0
2.0275557,-1.6815257,-2.3087645,0.47496921,0.79460013,-0.37817374,0
-0.96103382,1.7802031,1.4903817,0.63991284,-0.016866699,0.76826245,0
-2.2445655,2.1820781,2.5683041,0.63991284,-0.016866699,0.76826245,0
-2.7713232,3.0667422,1.8677945,-0.60408276,0.6068992,0.51648605,0
2.5507557,-2.7093973,-2.5456705,0.60408276,-0.6068992,-0.51648605,0
2.6267643,-2.6918387,-2.4774032,0.60408276,-0.6068992,-0.51648605,0
2.0809639,-1.3517668,-1.5488136,0.47496921,0.79460013,-0.37817374,0
1.2166151,-1.6360779,-1.7001004,-0.63991284,0.016866699,-0.76826245,0
2.9930129,-2.4115291,-2.3784175,0.60408276,-0.6068992,-0.51648605,0
-1.1666181,1.788053,0.96960473,0.47496921,0.79460013,-0.37817374,0
-0.66524935,1.2903371,1.2332579,0.63991284,-0.016866699,0.76826245,0
-0.47974825,0.93160266,0.032751203,0.47496921,0.79460013,-0.37817374,0
-1.4089637,2.001318,1.1133318,0.47496921,0.79460013,-0.37817374,0
-1.0258558,1.4070861,0.34592712,0.47496921,0.79460013,-0.37817374,0
3.0011282,-2.7696748,-1.9480844,0.60408276,-0.6068992,-0.51648605,0
2.3874583,-1.8140831,-1.3776066,0.63991284,-0.016866699,0.76826245,0
0.48418194,0.25158328,-0.18541916,0.47496921,0.79460013,-0.37817374,0
-1.8939281,2.5522027,1.6617303,0.47496921,0.79460013,-0.37817374,0
1.09266,-1.0363503,-1.5836872,-0.63991284,0.016866699,-0.76826245,0
2.6732993,-2.4895997,-2.6606174,0.60408276,-0.6068992,-0.51648605,0
2.7518511,-2.6991458,-2.3225155,0.60408276,-0.6068992,-0.51648605,0
1.096408,-1.0653665,-0.28580737,0.63991284,-0.016866699,0.76826245,0
-2.4241354,2.5762682,1.4248893,-0.63991284,0.016866699,-0.76826245,0
2.9553289,-2.4688168,-2.355176,0.60408276,-0.6068992,-0.51648605,0
-2.1410954,2.2329898,1.1815991,-0.63991284,0.016866699,-0.76826245,0
-0.60456389,0.63241905,-0.13337231,-0.63991284,0.016866699,-0.76826245,0
3.0635719,-2.4072645,-2.3009019,0.60408276,-0.6068992,-0.51648605,0
0.48653874,-0.23228174,-1.0611745,-0.63991284,0.016866699,-0.76826245,0
2.3516383,-2.9754722,-2.4659057,0.60408276,-0.6068992,-0.51648605,0
-2.9154136,2.2080503,2.2999625,-0.47496921,-0.79460013,0.37817374,0
-2.5396407,2.6895294,2.5820165,-0.60408276,0.6068992,0.51648605,0
-2.5677118,2.9181228,2.2805753,-0.60408276,0.6068992,0.51648605,0
-0.92809904,0.35304517,0.12997812,-0.63991284,0.016866699,-0.76826245,0
-2.5965512,2.9726777,1.6627488,0.47496921,0.79460013,-0.37817374,0
-1.6109574,1.1318259,1.6769919,-0.47496921,-0.79460013,0.37817374,0
-0.14644071,-0.11180645,0.77034044,0.63991284,-0.016866699,0.76826245,0
-1.7958692,2.0982957,0.89109063,-0.63991284,0.016866699,-0.76826245,0
-1.7967863,1.3372669,0.87514663,-0.63991284,0.016866699,-0.76826245,0
-0.14356995,0.67814255,0.78529209,0.63991284,-0.016866699,0.76826245,0
-2.6740673,2.5170498,2.6274638,-0.60408276,0.6068992,0.51648605,0
2.6216731,-2.7905183,-2.367403,0.60408276,-0.6068992,-0.51648605,0
-2.5417507,3.0197053,2.1915741,-0.60408276,0.6068992,0.51648605,0
-3.0308964,2.4599931,2.2771606,-0.60408276,0.6068992,0.51648605,0
2.1027324,-1.9326491,-2.44469,-0.63991284,0.016866699,-0.76826245,0
1.3150418,-0.52968323,-0.45615447,0.63991284,-0.016866699,0.76826245,0
0.97078669,-0.37363237,-0.16598612,0.63991284,-0.016866699,0.76826245,0
0.82152581,-0.95326728,-0.054387093,0.63991284,-0.016866699,0.76826245,0
-1.0738449,1.3817627,1.5755987,0.63991284,-0.016866699,0.76826245,0
0.79971039,0.0067446232,-0.30357236,0.47496921,0.79460013,-0.37817374,0
3.0291839,-2.6065478,-2.1069531,0.60408276,-0.6068992,-0.51648605,0
-2.5307968,2.5311649,2.7784476,-0.60408276,0.6068992,0.51648605,0
-1.1114022,1.2684569,1.6043942,0.63991284,-0.016866699,0.76826245,0
0.38725218,-0.13239998,0.32535657,0.63991284,-0.016866699,0.76826245,0
2.892971,-2.8395102,-1.9925251,0.60408276,-0.6068992,-0.51648605,0
0.95733166,-1.7715669,-1.1978197,-0.47496921,-0.79460013,0.37817374,0
3.1328158,-2.3589771,-2.2766547,0.60408276,-0.6068992,-0.51648605,0
1.9921144,-2.4356174,-1.2934499,-0.47496921,-0.79460013,0.37817374,0
-1.1863375,0.26530069,0.38959455,-0.47496921,-0.79460013,0.37817374,0
-2.1708286,1.8829226,1.1986797,-0.63991284,0.016866699,-0.76826245,0
2.8431199,-2.3487074,-2.6275516,0.60408276,-0.6068992,-0.51648605,0
-2.6614304,2.3303342,2.8616457,-0.60408276,0.6068992,0.51648605,0
0.50645745,-0.37510324,-1.080901,-0.63991284,0.016866699,-0.76826245,0
-1.5944955,2.2240241,1.3482518,0.47496921,0.79460013,-0.37817374,0
-2.6730022,2.1454918,2.4729757,-0.47496921,-0.79460013,0.37817374,0
-2.4488685,2.9206843,2.4165645,-0.60408276,0.6068992,0.51648605,0
-2.6892812,2.0517819,2.2556314,-0.47496921,-0.79460013,0.37817374,0
2.742033,-3.0334067,-1.9412231,0.60408276,-0.6068992,-0.51648605,0
1.7763718,-2.4462087,-2.1841278,-0.63991284,0.016866699,-0.76826245,0
-2.3639369,2.8042378,2.6527314,-0.60408276,0.6068992,0.51648605,0
2.7669117,-2.9244671,-2.0401354,0.60408276,-0.6068992,-0.51648605,0
1.52521,-0.66935682,-0.81296909,0.47496921,0.79460013,-0.37817374,0
1.7639818,-2.2738719,-1.2401216,-0.47496921,-0.79460013,0.37817374,0
-1.442979,0.73748636,0.56728017,-0.63991284,0.016866699,-0.76826245,0
2.4481678,-3.1065621,-2.198967,0.60408276,-0.6068992,-0.51648605,0
1.03903,-1.5708089,-0.67338753,-0.47496921,-0.79460013,0.37817374,0
2.9741733,-2.4889636,-2.3094621,0.60408276,-0.6068992,-0.51648605,0
-3.0965843,2.552201,1.9844675,-0.63991284,0.016866699,-0.76826245,0
1.8171943,-1.1348011,-1.4242184,0.47496921,0.79460013,-0.37817374,0
0.91168606,-1.6899414,-1.4472971,-0.63991284,0.016866699,-0.76826245,0
-2.8542352,2.7259452,2.1712761,-0.60408276,0.6068992,0.51648605,0
-2.4976058,2.827348,2.4692364,-0.60408276,0.6068992,0.51648605,0
-1.7786481,2.480082,2.1867676,0.63991284,-0.016866699,0.76826245,0
2.6124005,-2.0221725,-1.5695374,0.63991284,-0.016866699,0.76826245,0
-2.6322641,2.8648515,2.2676711,-0.60408276,0.6068992,0.51648605,0
-2.5019531,2.4700339,2.7890134,0.63991284,-0.016866699,0.76826245,0
0.73031604,-0.80204761,-1.2767342,-0.63991284,0.016866699,-0.76826245,0
-0.22387439,1.1027727,0.71377146,0.47496921,0.79460013,-0.37817374,0
2.2434993,-2.3625331,-2.571378,-0.63991284,0.016866699,-0.76826245,0
1.3237431,-1.8992214,-1.7951086,-0.63991284,0.016866699,-0.76826245,0
-2.3519454,1.7029402,1.9463415,-0.47496921,-0.79460013,0.37817374,0
-2.5984271,2.4319227,2.8159609,-0.60408276,0.6068992,0.51648605,0
-2.7358756,3.0803473,1.8932676,-0.60408276,0.6068992,0.51648605,0
-0.39990443,1.1128693,1.0083464,0.63991284,-0.016866699,0.76826245,0
2.1660759,-1.5133729,-1.7814748,0.47496921,0.79460013,-0.37817374,0
-2.5414212,2.6214035,2.6599855,-0.60408276,0.6068992,0.51648605,0
2.5011711,-2.7307241,-1.4924459,0.63991284,-0.016866699,0.76826245,0
2.3427022,-2.9827898,-2.4677601,0.60408276,-0.6068992,-0.51648605,0
-1.4604576,1.912779,1.9092801,0.63991284,-0.016866699,0.76826245,0
1.6943382,-2.3892686,-1.5700572,-0.47496921,-0.79460013,0.37817374,0
-2.8285594,2.8740029,2.0273304,-0.60408276,0.6068992,0.51648605,0
-1.4065554,0.77125752,1.1761023,-0.47496921,-0.79460013,0.37817374,0
2.5273407,-2.67592,-2.6123948,0.60408276,-0.6068992,-0.51648605,0
-2.5164785,2.6248958,2.6850553,-0.60408276,0.6068992,0.51648605,0
-1.5153686,1.7555525,1.951566,0.63991284,-0.016866699,0.76826245,0
-2.1988411,2.4600124,2.5363202,0.63991284,-0.016866699,0.76826245,0
2.7555959,-2.1073346,-2.2890685,0.47496921,0.79460013,-0.37817374,0
2.7158873,-2.4177969,-2.695179,0.60408276,-0.6068992,-0.51648605,0
0.1170367,0.35903716,-0.42076021,0.47496921,0.79460013,-0.37817374,0
2.7598152,-2.1296666,-1.6946843,0.63991284,-0.016866699,0.76826245,0
-2.8248227,3.036427,1.8408437,-0.60408276,0.6068992,0.51648605,0
0.077705264,-1.0090131,-0.73769522,-0.63991284,0.016866699,-0.76826245,0
2.7707822,-2.9511557,-2.0042477,0.60408276,-0.6068992,-0.51648605,0
1.3065978,-0.58413595,-0.90847397,0.47496921,0.79460013,-0.37817374,0
3.0669289,-2.5320344,-2.1503654,0.60408276,-0.6068992,-0.51648605,0
1.7075074,-1.9214921,-0.8136096,0.63991284,-0.016866699,0.76826245,0
2.8581281,-2.5984492,-2.3165364,0.60408276,-0.6068992,-0.51648605,0
2.5177946,-2.7574468,-2.5277605,0.60408276,-0.6068992,-0.51648605,0
1.8900821,-1.1612794,-1.3883092,0.47496921,0.79460013,-0.37817374,0
-2.48844,2.9936399,1.8425765,0.47496921,0.79460013,-0.37817374,0
-1.8832092,2.6830497,1.9501221,0.47496921,0.79460013,-0.37817374,0
-2.5618966,1.9689351,2.2415478,-0.47496921,-0.79460013,0.37817374,0
1.5160129,-2.0106125,-1.9577024,-0.63991284,0.016866699,-0.76826245,0
-0.17234384,0.28886974,-0.50092614,-0.63991284,0.016866699,-0.76826245,0
-0.40190619,0.95401633,1.0065261,0.63991284,-0.016866699,0.76826245,0
-0.98805881,1.7111759,1.032337,0.47496921,0.79460013,-0.37817374,0
2.8656073,-3.0191307,-1.8134656,0.60408276,-0.6068992,-0.51648605,0
-2.2341938,2.7611446,1.6733904,0.47496921,0.79460013,-0.37817374,0
2.7620587,-2.9180818,-2.0533142,0.60408276,-0.6068992,-0.51648605,0
-2.4660609,2.56563,2.7612162,0.63991284,-0.016866699,0.76826245,0
1.024662,-1.3941349,-1.5349042,-0.63991284,0.016866699,-0.76826245,0
-1.4193311,1.075393,0.5550015,-0.63991284,0.016866699,-0.76826245,0
2.8728561,-2.1077509,-1.7883589,0.63991284,-0.016866699,0.76826245,0
-1.9285831,2.5793905,1.6753304,0.47496921,0.79460013,-0.37817374,0
-0.81827718,0.4274835,0.040137887,-0.63991284,0.016866699,-0.76826245,0
-2.2717538,3.0857718,2.4297304,-0.60408276,0.6068992,0.51648605,0
3.2251189,-2.3710003,-2.1545691,0.60408276,-0.6068992,-0.51648605,0
-1.0903416,0.95120466,0.27824795,-0.63991284,0.016866699,-0.76826245,0
-2.1255705,2.6620069,1.6015129,0.47496921,0.79460013,-0.37817374,0
1.3898699,-1.0307962,-1.7423887,0.47496921,0.79460013,-0.37817374,0
-1.5484604,0.81483412,0.65683758,-0.63991284,0.016866699,-0.76826245,0
2.0420318,-1.9743185,-1.0934067,0.63991284,-0.016866699,0.76826245,0
2.840735,-2.1548445,-2.2819631,0.47496921,0.79460013,-0.37817374,0
-0.45134455,-0.26612139,0.19611453,-0.47496921,-0.79460013,0.37817374,0
-2.2393718,2.3983257,2.5687256,0.63991284,-0.016866699,0.76826245,0
2.2558064,-1.7911406,-2.2524099,0.47496921,0.79460013,-0.37817374,0
1.4196353,-2.3023667,-1.7324774,-0.47496921,-0.79460013,0.37817374,0
-1.5563079,1.1413927,1.7657299,-0.47496921,-0.79460013,0.37817374,0
0.079769962,-0.63194716,0.094515383,-0.47496921,-0.79460013,0.37817374,0
2.4466476,-2.8132443,-2.5454092,0.60408276,-0.6068992,-0.51648605,0
-0.69476205,0.15124227,-0.068807006,-0.63991284,0.016866699,-0.76826245,0
-1.8969024,1.6325893,2.2666593,0.63991284,-0.016866699,0.76826245,0
1.0567387,-1.6735272,-0.86697268,-0.47496921,-0.79460013,0.37817374,0
-2.2236817,2.5903902,1.3278122,0.47496921,0.79460013,-0.37817374,0
2.7176449,-2.9160311,-2.1076713,0.60408276,-0.6068992,-0.51648605,0
2.1546543,-2.7301447,-2.5054464,-0.63991284,0.016866699,-0.76826245,0
-2.6857257,2.0369,1.6309359,-0.63991284,0.016866699,-0.76826245,0
2.4750483,-2.6653271,-1.4692521,0.63991284,-0.016866699,0.76826245,0
0.10374361,-0.22156805,-0.74209559,-0.63991284,0.016866699,-0.76826245,0
0.70125723,-1.5154908,-1.268193,-0.63991284,0.016866699,-0.76826245,0
-0.68929082,0.76138186,-0.059968889,-0.63991284,0.016866699,-0.76826245,0
-0.28779745,1.1199321,0.6695416,0.47496921,0.79460013,-0.37817374,0
2.638464,-2.0272851,-1.5913591,0.63991284,-0.016866699,0.76826245,0
2.8377609,-2.110321,-2.192148,0.47496921,0.79460013,-0.37817374,0
0.96643192,-0.30045491,-0.73965055,0.47496921,0.79460013,-0.37817374,0
-1.2578818,0.97147107,0.41824305,-0.63991284,0.016866699,-0.76826245,0
-2.5317311,1.7909409,1.9054408,-0.47496921,-0.79460013,0.37817374,0
2.7312031,-3.0584691,-1.6912436,0.63991284,-0.016866699,0.76826245,0
3.0477149,-2.604744,-2.0873995,0.60408276,-0.6068992,-0.51648605,0
2.7406514,-2.5091069,-2.5589204,0.60408276,-0.6068992,-0.51648605,0
-0.036413491,0.50153375,0.69216037,0.63991284,-0.016866699,0.76826245,0
3.0859675,-2.5271258,-2.1338649,0.60408276,-0.6068992,-0.51648605,0
0.26845333,0.033145994,0.42794284,0.63991284,-0.016866699,0.76826245,0
-1.3809137,2.2558203,1.6833088,0.47496921,0.79460013,-0.37817374,0
-2.9255965,2.5639062,2.2782154,-0.60408276,0.6068992,0.51648605,0
-2.5571184,2.9709158,2.2309299,-0.60408276,0.6068992,0.51648605,0
-2.6004081,2.7189577,2.4763637,-0.60408276,0.6068992,0.51648605,0
-2.4348247,2.7198894,2.6689353,-0.60408276,0.6068992,0.51648605,0
-0.71479994,0.87497425,-0.036227703,-0.63991284,0.016866699,-0.76826245,0
1.2298794,-1.6341733,-0.56682706,-0.47496921,-0.79460013,0.37817374,0
-2.3916824,2.2809649,1.3913753,-0.63991284,0.016866699,-0.76826245,0
2.2176504,-3.035332,-2.2702775,-0.47496921,-0.79460013,0.37817374,0
-2.7341275,2.7380733,2.297503,-0.60408276,0.6068992,0.51648605,0
-0.90534031,0.34728509,0.91477615,-0.47496921,-0.79460013,0.37817374,0
1.4587588,-0.68914813,-0.93801284,0.47496921,0.79460013,-0.37817374,0
-2.6143885,2.9496899,2.1888885,-0.60408276,0.6068992,0.51648605,0
2.5241628,-1.8878866,-2.1186442,0.47496921,0.79460013,-0.37817374,0
2.2178619,-2.1439433,-1.2435856,0.63991284,-0.016866699,0.76826245,0
-2.7444348,2.3319221,2.7626972,-0.60408276,0.6068992,0.51648605,0
2.4168689,-3.0253356,-2.3310199,0.60408276,-0.6068992,-0.51648605,0
-1.5872967,1.9037018,0.71309114,-0.63991284,0.016866699,-0.76826245,0
0.22116825,0.54986334,0.4786725,0.63991284,-0.016866699,0.76826245,0
2.5207024,-3.0644994,-2.1635566,0.60408276,-0.6068992,-0.51648605,0
-2.8273811,2.7039053,2.2285819,-0.60408276,0.6068992,0.51648605,0
2.7487502,-2.5394692,-2.5137701,0.60408276,-0.6068992,-0.51648605,0
0.70419937,-1.595217,-1.1452045,-0.47496921,-0.79460013,0.37817374,0
-1.5068365,1.8082342,0.64397717,-0.63991284,0.016866699,-0.76826245,0
-2.9445078,2.3981459,2.4508743,-0.60408276,0.6068992,0.51648605,0
1.7098095,-1.2758378,-0.80135202,0.63991284,-0.016866699,0.76826245,0
-2.0398705,2.8318329,2.0659785,0.47496921,0.79460013,-0.37817374,0
-2.3228166,3.0721445,2.3860207,-0.60408276,0.6068992,0.51648605,0
-2.2822707,2.9588442,2.5665774,-0.60408276,0.6068992,0.51648605,0
