-2.0321198,1.3884897,-0.34002018,-0.42809778,-0.045406699,0.90259093,0
2.2067213,-0.98125166,0.74305534,0.79396307,-0.49596602,0.35162497,0
2.2096734,-1.0435236,0.44158769,0.42809778,0.045406699,-0.90259093,0
-2.1329269,0.83256257,-1.1194069,-0.79396307,0.49596602,-0.35162497,0
1.9303375,-0.67260271,1.0063312,0.43168843,0.86715382,0.24837318,0
-0.93798131,1.0749495,-0.10963726,0.43168843,0.86715382,0.24837318,0
0.67436564,0.19607601,0.15644231,0.43168843,0.86715382,0.24837318,0
-1.1551402,0.1532129,-0.54031008,-0.43168843,-0.86715382,-0.24837318,0
0.79443848,-1.1740758,0.70520747,-0.43168843,-0.86715382,-0.24837318,0
-0.60337436,1.0271369,-0.52427602,0.43168843,0.86715382,0.24837318,0
1.8743641,-1.4431581,0.84199381,0.79396307,-0.49596602,0.35162497,0
0.75078928,-0.56033856,0.88187009,-0.42809778,-0.045406699,0.90259093,0
-1.4278522,1.1346824,-1.1741064,0.42809778,0.045406699,-0.90259093,0
-2.0466247,0.66320509,-0.77140665,-0.43168843,-0.86715382,-0.24837318,0
0.42989743,-0.85083902,0.21027493,-0.43168843,-0.86715382,-0.24837318,0
0.095641062,0.60833025,-0.47799501,0.42809778,0.045406699,-0.90259093,0
1.1776751,-0.23266554,0.77853876,0.43168843,0.86715382,0.24837318,0
-1.9914999,1.035023,-1.1531768,-0.79396307,0.49596602,-0.35162497,0
-1.4103523,0.79040611,-1.1831261,0.42809778,0.045406699,-0.90259093,0
-0.70506012,0.52881455,0.24615479,-0.42809778,-0.045406699,0.90259093,0
-1.4400003,1.4587207,-0.57697058,0.43168843,0.86715382,0.24837318,0
-0.2255192,-0.51822883,0.18817727,-0.43168843,-0.86715382,-0.24837318,0
2.0892313,-0.94509548,0.38941383,0.42809778,0.045406699,-0.90259093,0
1.7953165,-1.537133,0.88793111,0.79396307,-0.49596602,0.35162497,0
-1.9282452,1.0662473,-1.2519631,-0.79396307,0.49596602,-0.35162497,0
-1.8742383,1.2153938,-1.1635392,-0.79396307,0.49596602,-0.35162497,0
1.7824063,-0.57824862,0.93402386,0.43168843,0.86715382,0.24837318,0
-1.950541,1.4349395,-0.68158054,-0.79396307,0.49596602,-0.35162497,0
2.173059,-0.96625602,0.84021568,0.79396307,-0.49596602,0.35162497,0
0.66320205,0.026664257,0.76731825,0.43168843,0.86715382,0.24837318,0
1.9512764,-1.5631661,0.49905634,0.79396307,-0.49596602,0.35162497,0
1.8268607,-1.1696672,1.3350139,0.79396307,-0.49596602,0.35162497,0
-0.64840144,0.93098354,-0.1103121,0.43168843,0.86715382,0.24837318,0
1.9447992,-1.6183505,0.43584442,0.79396307,-0.49596602,0.35162497,0
1.9069951,-1.1088394,1.2398694,0.79396307,-0.49596602,0.35162497,0
-0.56711364,0.34267384,0.30221832,-0.42809778,-0.045406699,0.90259093,0
2.052393,-1.5088006,0.34741974,0.79396307,-0.49596602,0.35162497,0
-0.9405843,0.15541816,-0.92092073,-0.43168843,-0.86715382,-0.24837318,0
0.038757324,0.52623725,0.10846677,0.43168843,0.86715382,0.24837318,0
-0.58930081,0.59267712,0.30427194,-0.42809778,-0.045406699,0.90259093,0
-1.7196323,1.575866,-1.0041914,-0.79396307,0.49596602,-0.35162497,0
0.53231668,-0.11568666,0.80061787,-0.42809778,-0.045406699,0.90259093,0
-1.1629705,0.080819875,-0.27395213,-0.43168843,-0.86715382,-0.24837318,0
-1.7780476,1.4466033,-1.0546155,-0.79396307,0.49596602,-0.35162497,0
0.11806452,-0.61271751,-0.079101562,-0.43168843,-0.86715382,-0.24837318,0
1.9075092,-1.2440344,0.28818464,0.42809778,0.045406699,-0.90259093,0
2.0112987,-0.95667893,1.2189751,0.79396307,-0.49596602,0.35162497,0
1.5746648,-0.87211573,0.14902735,0.42809778,0.045406699,-0.90259093,0
-0.62577707,0.14915666,0.26465905,-0.42809778,-0.045406699,0.90259093,0
0.28445423,0.23974353,0.68167508,0.43168843,0.86715382,0.24837318,0
0.75057346,-0.89549434,-0.19117355,-0.43168843,-0.86715382,-0.24837318,0
1.3274632,-0.75492865,1.1455964,-0.42809778,-0.045406699,0.90259093,0
0.65323639,-0.27815863,-0.25812489,0.42809778,0.045406699,-0.90259093,0
2.0144618,-0.86431265,1.3421164,0.79396307,-0.49596602,0.35162497,0
-1.1204857,0.067697942,-0.30198032,-0.43168843,-0.86715382,-0.24837318,0
1.8061864,-0.96025562,1.362325,-0.42809778,-0.045406699,0.90259093,0
-1.4943166,1.206306,-0.094105721,-0.42809778,-0.045406699,0.90259093,0
0.68216133,-0.84864759,-0.23582685,-0.43168843,-0.86715382,-0.24837318,0
-1.7554266,1.4980514,-1.0331259,-0.79396307,0.49596602,-0.35162497,0
1.9441295,-1.5388232,0.54952979,0.79396307,-0.49596602,0.35162497,0
-0.81479198,0.96133506,0.072917819,0.43168843,0.86715382,0.24837318,0
0.24811789,0.096096754,0.67647702,-0.42809778,-0.045406699,0.90259093,0
-1.1828086,1.3904622,-1.0450153,0.42809778,0.045406699,-0.90259093,0
-1.5172565,1.0467784,-0.11301184,-0.42809778,-0.045406699,0.90259093,0
1.0804636,-1.3152496,0.70096183,-0.43168843,-0.86715382,-0.24837318,0
-2.0486994,0.82965744,-0.37599683,-0.42809778,-0.045406699,0.90259093,0
-1.1239288,0.59316754,-1.057198,0.42809778,0.045406699,-0.90259093,0
-0.88575542,0.71984285,-0.93786013,0.42809778,0.045406699,-0.90259093,0
-1.7836082,1.5932422,-0.83522606,-0.79396307,0.49596602,-0.35162497,0
2.2427568,-0.88812822,0.79303837,0.79396307,-0.49596602,0.35162497,0
-1.6164639,0.38394415,-0.54406035,-0.43168843,-0.86715382,-0.24837318,0
1.8697827,-1.6271451,0.59282541,0.79396307,-0.49596602,0.35162497,0
-0.54730493,-0.10010695,-0.71234196,-0.43168843,-0.86715382,-0.24837318,0
0.65222406,-0.6470477,-0.27716273,0.42809778,0.045406699,-0.90259093,0
-0.26509041,0.33440655,-0.66286981,0.42809778,0.045406699,-0.90259093,0
-1.1962831,0.99016577,-1.0715438,0.42809778,0.045406699,-0.90259093,0
1.3247606,-0.7982527,1.1421353,-0.42809778,-0.045406699,0.90259093,0
-1.8760842,1.3452604,-0.97619438,-0.79396307,0.49596602,-0.35162497,0
-1.7984208,1.5793194,-0.82141757,-0.79396307,0.49596602,-0.35162497,0
0.63765478,0.22769554,-0.24006723,0.42809778,0.045406699,-0.90259093,0
2.1817715,-1.0519321,0.69969654,0.79396307,-0.49596602,0.35162497,0
-1.5212746,0.468086,-0.14402986,-0.42809778,-0.045406699,0.90259093,0
-1.1702518,0.051854938,-0.1601705,-0.43168843,-0.86715382,-0.24837318,0
2.3426156,-0.80960333,0.67831826,0.79396307,-0.49596602,0.35162497,0
1.9970269,-1.1054204,1.0414016,0.79396307,-0.49596602,0.35162497,0
-1.5379865,1.1118362,-1.2274925,0.42809778,0.045406699,-0.90259093,0
-0.30205092,0.075134635,-0.69344324,0.42809778,0.045406699,-0.90259093,0
2.0117228,-0.95666575,1.2180364,0.79396307,-0.49596602,0.35162497,0
1.6418496,-1.2122277,0.16378284,0.42809778,0.045406699,-0.90259093,0
1.6146836,-1.5931246,1.2168205,0.79396307,-0.49596602,0.35162497,0
2.1849954,-1.0204908,0.73676491,0.79396307,-0.49596602,0.35162497,0
-1.9280576,0.99777853,-1.3489621,-0.79396307,0.49596602,-0.35162497,0
1.7400447,-1.3924571,1.2167985,0.79396307,-0.49596602,0.35162497,0
-2.336395,0.89135075,-0.57705879,-0.79396307,0.49596602,-0.35162497,0
-0.78123617,0.3578071,-0.9064998,0.42809778,0.045406699,-0.90259093,0
-1.8909841,1.6577758,-0.50174904,-0.79396307,0.49596602,-0.35162497,0
-0.09221819,0.024971187,0.51147795,-0.42809778,-0.045406699,0.90259093,0
-2.1250746,1.1029024,-0.75582409,-0.79396307,0.49596602,-0.35162497,0
-0.19614363,0.2306923,0.47253549,-0.42809778,-0.045406699,0.90259093,0
-0.69859695,-0.082775295,-0.50989723,-0.43168843,-0.86715382,-0.24837318,0
1.7263982,-1.6613598,0.86832571,0.79396307,-0.49596602,0.35162497,0
-0.67952031,-0.25721723,0.065981299,-0.43168843,-0.86715382,-0.24837318,0
-1.6604836,0.68616939,-1.3070066,0.42809778,0.045406699,-0.90259093,0
1.6675767,-1.0031093,1.2944267,-0.42809778,-0.045406699,0.90259093,0
-2.2276886,0.92121106,-0.78039885,-0.79396307,0.49596602,-0.35162497,0
0.83015335,-0.12941277,0.94119084,-0.42809778,-0.045406699,0.90259093,0
-1.254115,1.4323163,-0.80786371,0.43168843,0.86715382,0.24837318,0
-2.2480974,0.91541779,-0.74248719,-0.79396307,0.49596602,-0.35162497,0
-2.0272665,0.77269983,-1.187335,-0.43168843,-0.86715382,-0.24837318,0
-0.36074692,0.7769888,-0.072627127,0.43168843,0.86715382,0.24837318,0
-2.0570304,0.96492141,-1.1040883,-0.79396307,0.49596602,-0.35162497,0
2.167002,-1.116546,0.64190841,0.79396307,-0.49596602,0.35162497,0
-2.0433612,0.83644259,-1.3161716,-0.79396307,0.49596602,-0.35162497,0
0.12113893,0.48941433,0.093843251,0.43168843,0.86715382,0.24837318,0
1.8503126,-1.6455319,0.61085391,0.79396307,-0.49596602,0.35162497,0
1.9528584,-1.423182,0.69293118,0.79396307,-0.49596602,0.35162497,0
0.27817115,-0.66174597,-0.18620241,-0.43168843,-0.86715382,-0.24837318,0
0.13905472,0.31321499,-0.47225031,0.42809778,0.045406699,-0.90259093,0
2.1044993,-0.82137918,1.1993701,0.79396307,-0.49596602,0.35162497,0
-0.56110156,1.0111009,-0.54176116,0.43168843,0.86715382,0.24837318,0
-1.4939827,1.4183977,-0.34236431,0.43168843,0.86715382,0.24837318,0
1.8041787,-1.6263238,0.74211693,0.79396307,-0.49596602,0.35162497,0
1.9824585,-1.2815033,0.82593226,0.79396307,-0.49596602,0.35162497,0
1.7481503,-1.5759256,0.45058703,-0.43168843,-0.86715382,-0.24837318,0
1.3833568,-1.4352255,1.1378829,-0.42809778,-0.045406699,0.90259093,0
0.97978228,-0.12266525,-0.095422208,0.42809778,0.045406699,-0.90259093,0
1.9220158,-0.55723643,0.61801267,0.43168843,0.86715382,0.24837318,0
-0.98169637,0.86575067,-0.97602451,0.42809778,0.045406699,-0.90259093,0
-0.91654098,1.1968464,-0.57248461,0.43168843,0.86715382,0.24837318,0
-1.8323902,1.4654726,-0.90529609,-0.79396307,0.49596602,-0.35162497,0
2.1148002,-1.2502832,0.57114315,0.79396307,-0.49596602,0.35162497,0
2.2995117,-0.92232645,0.6166501,0.79396307,-0.49596602,0.35162497,0
0.23076479,-0.86300814,0.59886634,-0.43168843,-0.86715382,-0.24837318,0
-2.3508329,0.82598305,-0.63665962,-0.79396307,0.49596602,-0.35162497,0
1.282657,-0.2046026,0.49809647,0.43168843,0.86715382,0.24837318,0
1.9162624,-0.99814391,1.3750799,0.79396307,-0.49596602,0.35162497,0
-0.80203468,0.84176564,-0.89201796,0.42809778,0.045406699,-0.90259093,0
0.9604882,0.038868308,-0.09644711,0.42809778,0.045406699,-0.90259093,0
2.1515806,-0.92750907,0.41987085,0.42809778,0.045406699,-0.90259093,0
-1.724329,1.5257261,-1.0643086,-0.79396307,0.49596602,-0.35162497,0
0.78214991,-1.017163,0.17873037,-0.43168843,-0.86715382,-0.24837318,0
1.7491933,-1.3944089,1.1933887,0.79396307,-0.49596602,0.35162497,0
-2.1072521,1.2976179,-0.52142096,-0.79396307,0.49596602,-0.35162497,0
1.4693435,-0.38862205,0.81609678,0.43168843,0.86715382,0.24837318,0
-2.0036001,0.98979509,-1.1896486,-0.79396307,0.49596602,-0.35162497,0
-0.22252971,-0.18321782,-0.66872334,0.42809778,0.045406699,-0.90259093,0
1.2161419,-0.25416028,0.78672642,0.43168843,0.86715382,0.24837318,0
1.2199628,-1.2944825,0.38599873,-0.43168843,-0.86715382,-0.24837318,0
-1.718143,1.4666352,-1.1616242,-0.79396307,0.49596602,-0.35162497,0
-0.48101106,0.6530928,-0.74924845,0.42809778,0.045406699,-0.90259093,0
-2.1897488,0.97409171,-0.79147768,-0.79396307,0.49596602,-0.35162497,0
2.0834498,-1.175169,0.74787998,0.79396307,-0.49596602,0.35162497,0
1.3442957,-0.32484454,0.067294955,0.42809778,0.045406699,-0.90259093,0
-0.32269645,0.24455678,-0.69471228,0.42809778,0.045406699,-0.90259093,0
-1.6702826,0.34697711,-0.32145548,-0.43168843,-0.86715382,-0.24837318,0
-1.5813382,1.4068476,-0.15020967,0.43168843,0.86715382,0.24837318,0
2.0672412,-0.83034062,1.2708583,0.79396307,-0.49596602,0.35162497,0
2.2179365,-1.0286404,0.65088987,0.79396307,-0.49596602,0.35162497,0
0.12890583,0.58935481,-0.26858181,0.43168843,0.86715382,0.24837318,0
1.4858917,-0.25064957,0.13818622,0.42809778,0.045406699,-0.90259093,0
0.64912397,0.28310516,-0.10353397,0.43168843,0.86715382,0.24837318,0
-1.9561782,0.89167035,-1.4351313,-0.79396307,0.49596602,-0.35162497,0
2.0625737,-1.3394475,0.56330419,0.79396307,-0.49596602,0.35162497,0
1.0478941,-0.47823846,1.0269167,-0.42809778,-0.045406699,0.90259093,0
0.9403404,-0.55901998,-0.13608122,0.42809778,0.045406699,-0.90259093,0
1.0045804,-0.19485587,-0.087292135,0.42809778,0.045406699,-0.90259093,0
0.5894382,-0.3394987,0.81645131,-0.42809778,-0.045406699,0.90259093,0
1.7328725,-1.5542165,0.4013474,-0.43168843,-0.86715382,-0.24837318,0
1.9718152,-1.5649892,0.45010877,0.79396307,-0.49596602,0.35162497,0
-1.599054,0.59504765,-0.17453337,-0.42809778,-0.045406699,0.90259093,0
1.9246068,-1.531615,0.60377884,0.79396307,-0.49596602,0.35162497,0
-1.4009382,0.25795481,-0.47878647,-0.43168843,-0.86715382,-0.24837318,0
1.0434859,-1.1502854,0.99101722,-0.42809778,-0.045406699,0.90259093,0
2.0899169,-1.3899989,0.43026042,0.79396307,-0.49596602,0.35162497,0
0.68825042,-0.0077192187,0.84382683,0.43168843,0.86715382,0.24837318,0
-2.1312428,1.2932673,-0.47338724,-0.79396307,0.49596602,-0.35162497,0
-2.0838695,0.84852266,-1.2076669,-0.79396307,0.49596602,-0.35162497,0
2.0859165,-1.0740523,0.88493466,0.79396307,-0.49596602,0.35162497,0
-0.53509414,0.10053468,-0.80269748,0.42809778,0.045406699,-0.90259093,0
-1.9366624,0.98352611,-1.3496354,-0.79396307,0.49596602,-0.35162497,0
1.78017,-1.3142846,1.2364581,0.79396307,-0.49596602,0.35162497,0
-0.10119202,-0.52239978,0.47968513,-0.42809778,-0.045406699,0.90259093,0
-1.7967029,1.5123712,-0.91972685,-0.79396307,0.49596602,-0.35162497,0
-1.5875266,1.4994302,-0.46269059,0.43168843,0.86715382,0.24837318,0
1.9766431,-1.6361029,0.33890152,0.79396307,-0.49596602,0.35162497,0
-2.163801,0.83994293,-1.039284,-0.79396307,0.49596602,-0.35162497,0
-0.17932123,0.13298869,-0.63232225,0.42809778,0.045406699,-0.90259093,0
0.90895975,-0.93331796,-0.16979468,0.42809778,0.045406699,-0.90259093,0
0.15890682,-0.59154654,-0.22400284,-0.43168843,-0.86715382,-0.24837318,0
-0.31726664,0.14158529,-0.69731706,0.42809778,0.045406699,-0.90259093,0
1.6643242,-0.96062517,1.2950213,-0.42809778,-0.045406699,0.90259093,0
1.2230453,-0.56685996,1.1055324,-0.42809778,-0.045406699,0.90259093,0
2.2749386,-1.0476577,0.49535608,0.79396307,-0.49596602,0.35162497,0
-1.9763455,1.4319867,-0.6274786,-0.79396307,0.49596602,-0.35162497,0
1.0835907,-0.27937382,-0.054069638,0.42809778,0.045406699,-0.90259093,0
0.64222789,-0.78812957,-0.28900135,0.42809778,0.045406699,-0.90259093,0
-1.132228,0.44353995,0.039259553,-0.42809778,-0.045406699,0.90259093,0
2.1080918,-1.2058033,0.64902973,0.79396307,-0.49596602,0.35162497,0
-0.36826903,-0.27750587,0.3653307,-0.42809778,-0.045406699,0.90259093,0
-1.0444218,0.81793904,-1.0081806,0.42809778,0.045406699,-0.90259093,0
-0.20159695,0.2635493,0.47160184,-0.42809778,-0.045406699,0.90259093,0
0.69382834,0.0085091591,0.77747315,0.43168843,0.86715382,0.24837318,0
1.7950972,-1.5761305,0.36970592,-0.43168843,-0.86715382,-0.24837318,0
-1.3708662,0.42755264,-0.074730396,-0.42809778,-0.045406699,0.90259093,0
-0.08519873,0.00020629168,0.51356137,-0.42809778,-0.045406699,0.90259093,0
-1.8178484,1.5759302,-0.78233075,-0.79396307,0.49596602,-0.35162497,0
-1.2920315,1.4486911,-0.79913282,0.43168843,0.86715382,0.24837318,0
1.8112774,-1.5322375,0.85879683,0.79396307,-0.49596602,0.35162497,0
-1.7712588,1.5698645,-0.89608455,-0.79396307,0.49596602,-0.35162497,0
1.4771553,-0.50650096,1.2140737,0.43168843,0.86715382,0.24837318,0
-1.2130454,1.2170804,-1.0680788,0.42809778,0.045406699,-0.90259093,0
2.2218273,-1.1583465,0.45915461,0.79396307,-0.49596602,0.35162497,0
-1.1463988,0.92117602,-1.0513546,0.42809778,0.045406699,-0.90259093,0
1.7694904,-0.95339382,0.23734379,0.42809778,0.045406699,-0.90259093,0
-0.90422356,0.069848776,-0.68536699,-0.43168843,-0.86715382,-0.24837318,0
-0.22440562,0.043433726,-0.65821099,0.42809778,0.045406699,-0.90259093,0
0.35305053,-0.76335728,0.68300986,-0.42809778,-0.045406699,0.90259093,0
-0.050099909,-0.45455188,-0.33903015,-0.43168843,-0.86715382,-0.24837318,0
0.17809451,-0.79551637,0.45477438,-0.43168843,-0.86715382,-0.24837318,0
0.069048934,-0.76775765,0.54738742,-0.43168843,-0.86715382,-0.24837318,0
1.7227656,-0.44847345,0.58459437,0.43168843,0.86715382,0.24837318,0
-0.44337267,0.97155112,-0.60830069,0.43168843,0.86715382,0.24837318,0
1.1789744,-0.18270189,0.6018405,0.43168843,0.86715382,0.24837318,0
-0.97257864,0.23609126,-1.0033762,0.42809778,0.045406699,-0.90259093,0
-0.1986433,-0.48077428,0.010698915,-0.43168843,-0.86715382,-0.24837318,0
-0.94263119,1.0661221,-0.070736408,0.43168843,0.86715382,0.24837318,0
-1.4391955,1.4778894,-0.64529276,0.43168843,0.86715382,0.24837318,0
-1.7923346,1.4765226,-0.98015499,-0.79396307,0.49596602,-0.35162497,0
-1.0636518,1.2089599,-0.35908926,0.43168843,0.86715382,0.24837318,0
-0.94637531,0.9816891,-0.95343935,0.42809778,0.045406699,-0.90259093,0
-2.1480072,0.90886503,-0.97773194,-0.79396307,0.49596602,-0.35162497,0
0.11777091,-0.32256252,0.59359217,-0.42809778,-0.045406699,0.90259093,0
-1.5609982,0.47028214,-0.94189799,-0.43168843,-0.86715382,-0.24837318,0
-1.646058,0.56471992,-1.1237721,-0.43168843,-0.86715382,-0.24837318,0
0.47599095,-0.99867821,0.64631724,-0.43168843,-0.86715382,-0.24837318,0
1.7700461,-1.6622471,0.76851749,0.79396307,-0.49596602,0.35162497,0
2.1296358,-0.74993449,0.92992926,0.43168843,0.86715382,0.24837318,0
-1.3981984,0.26847112,-0.52026415,-0.43168843,-0.86715382,-0.24837318,0
1.4634272,-0.27854586,0.44206691,0.43168843,0.86715382,0.24837318,0
-1.4706343,1.4580697,-0.52145338,0.43168843,0.86715382,0.24837318,0
1.6276131,-1.5932256,0.72048879,-0.43168843,-0.86715382,-0.24837318,0
0.48659691,0.32131937,0.045529932,0.43168843,0.86715382,0.24837318,0
1.629235,-0.41834593,0.64197099,0.43168843,0.86715382,0.24837318,0
2.3105981,-0.98474181,0.50358033,0.79396307,-0.49596602,0.35162497,0
1.5934364,-0.93965304,1.2624543,-0.42809778,-0.045406699,0.90259093,0
-2.3433163,0.86324871,-0.60106874,-0.79396307,0.49596602,-0.35162497,0
1.9266604,-1.4520913,0.71130991,0.79396307,-0.49596602,0.35162497,0
1.6980186,-1.4089794,1.2883883,0.79396307,-0.49596602,0.35162497,0
-0.8094697,0.94819725,0.10953569,0.43168843,0.86715382,0.24837318,0
1.3603086,-1.3624175,0.37925243,-0.43168843,-0.86715382,-0.24837318,0
-0.78079605,-0.21412171,0.091544062,-0.43168843,-0.86715382,-0.24837318,0
0.87090945,-0.16293788,0.95883489,-0.42809778,-0.045406699,0.90259093,0
-1.9185067,1.0660943,-1.2741683,-0.79396307,0.49596602,-0.35162497,0
2.0246656,-1.2787809,0.73446941,0.79396307,-0.49596602,0.35162497,0
0.88457668,-0.3828316,-0.15366638,0.42809778,0.045406699,-0.90259093,0
0.25379634,-0.61564523,-0.30479032,-0.43168843,-0.86715382,-0.24837318,0
-1.8310761,1.4110507,-0.98502469,-0.79396307,0.49596602,-0.35162497,0
1.7876132,-1.2239425,1.34025,-0.42809778,-0.045406699,0.90259093,0
1.675549,-0.57736027,1.1166471,0.43168843,0.86715382,0.24837318,0
-1.5129379,0.25674343,-0.15070772,-0.42809778,-0.045406699,0.90259093,0
-1.0457822,1.3142114,-0.75761569,0.43168843,0.86715382,0.24837318,0
-1.4545342,0.85716915,-0.092801094,-0.42809778,-0.045406699,0.90259093,0
-2.0082512,1.5169454,-0.43560243,-0.79396307,0.49596602,-0.35162497,0
1.8952661,-1.460603,0.77019167,0.79396307,-0.49596602,0.35162497,0
1.8556805,-1.1424006,1.308399,0.79396307,-0.49596602,0.35162497,0
-1.9819599,0.90585983,-1.3569018,-0.79396307,0.49596602,-0.35162497,0
2.0859056,-1.1232761,0.81553006,0.79396307,-0.49596602,0.35162497,0
-2.0134506,1.4683956,-0.492342,-0.79396307,0.49596602,-0.35162497,0
0.63598621,-0.82967257,-0.2218194,-0.43168843,-0.86715382,-0.24837318,0
-1.9123123,1.4961929,-0.68150187,-0.79396307,0.49596602,-0.35162497,0
-2.0040426,1.4782628,-0.49966741,-0.79396307,0.49596602,-0.35162497,0
-1.2688093,0.49859571,-0.022750974,-0.42809778,-0.045406699,0.90259093,0
-0.69332868,-0.01500164,0.22436118,-0.42809778,-0.045406699,0.90259093,0
-0.90933067,1.2758069,-0.92107308,0.42809778,0.045406699,-0.90259093,0
0.27355194,-0.15957424,-0.43224311,0.42809778,0.045406699,-0.90259093,0
1.8362288,-1.5907393,0.71994042,0.79396307,-0.49596602,0.35162497,0
1.3170017,-0.97110224,0.021838188,0.42809778,0.045406699,-0.90259093,0
-2.2975013,0.72316074,-0.54469252,-0.43168843,-0.86715382,-0.24837318,0
-1.6890715,1.2970968,-0.18191075,-0.42809778,-0.045406699,0.90259093,0
-1.7825925,1.4733829,-1.0065804,-0.79396307,0.49596602,-0.35162497,0
1.9620359,-1.2899014,0.86020088,0.79396307,-0.49596602,0.35162497,0
-1.6151556,1.6699204,-1.1074343,-0.79396307,0.49596602,-0.35162497,0
1.752847,-1.4025354,1.1736758,0.79396307,-0.49596602,0.35162497,0
1.4502194,-0.73207438,1.2049693,-0.42809778,-0.045406699,0.90259093,0
-0.024341762,0.19858459,0.5524056,-0.42809778,-0.045406699,0.90259093,0
-0.35965842,0.48760763,0.40790528,-0.42809778,-0.045406699,0.90259093,0
-1.6989814,1.5628583,-1.0691681,-0.79396307,0.49596602,-0.35162497,0
-1.8570553,1.2120004,-1.2071245,-0.79396307,0.49596602,-0.35162497,0
-1.1418004,0.048446298,-0.19772005,-0.43168843,-0.86715382,-0.24837318,0
-2.1036181,1.0355542,-0.8992672,-0.79396307,0.49596602,-0.35162497,0
2.2449961,-1.0434662,0.5688777,0.79396307,-0.49596602,0.35162497,0
-1.7909882,0.74050713,-0.25825,-0.42809778,-0.045406699,0.90259093,0
1.0127944,-0.61101425,1.0035894,-0.42809778,-0.045406699,0.90259093,0
-1.7211692,1.3466846,-1.3025613,0.42809778,0.045406699,-0.90259093,0
-1.0176566,0.65750766,-1.0035565,0.42809778,0.045406699,-0.90259093,0
-0.38858977,0.5504247,-0.71057802,0.42809778,0.045406699,-0.90259093,0
-0.32568768,-0.011421502,0.39891285,-0.42809778,-0.045406699,0.90259093,0
-1.6764108,1.6021949,-0.6669898,0.43168843,0.86715382,0.24837318,0
1.5246512,-0.40261418,0.76881981,0.43168843,0.86715382,0.24837318,0
-2.0865538,1.0924118,-0.85760021,-0.79396307,0.49596602,-0.35162497,0
1.8485205,-0.49934867,0.29766929,0.42809778,0.045406699,-0.90259093,0
-2.204823,0.84634376,-0.93762875,-0.79396307,0.49596602,-0.35162497,0
1.6183537,-0.58533657,1.2439033,0.43168843,0.86715382,0.24837318,0
-0.71943891,0.22513229,-0.88386393,0.42809778,0.045406699,-0.90259093,0
1.8365295,-1.1055121,0.26148772,0.42809778,0.045406699,-0.90259093,0
-1.2265754,0.078236818,-0.15438449,-0.43168843,-0.86715382,-0.24837318,0
1.5185428,-0.89074373,0.12147141,0.42809778,0.045406699,-0.90259093,0
-0.2493746,0.72964227,-0.10089678,0.43168843,0.86715382,0.24837318,0
-2.1859093,1.1949079,-0.48868656,-0.79396307,0.49596602,-0.35162497,0
0.047943786,-0.71569967,0.40231776,-0.43168843,-0.86715382,-0.24837318,0
0.77005857,0.0050306916,0.65712476,0.43168843,0.86715382,0.24837318,0
-2.1441536,1.0167651,-0.83424067,-0.79396307,0.49596602,-0.35162497,0
0.35612237,-0.47870874,-0.40913469,0.42809778,0.045406699,-0.90259093,0
1.9081638,-1.4672691,0.73166656,0.79396307,-0.49596602,0.35162497,0
-1.8499564,1.1127181,-1.3631911,-0.79396307,0.49596602,-0.35162497,0
1.695568,-1.5008273,1.1643703,0.79396307,-0.49596602,0.35162497,0
2.1134973,-0.99795562,0.92999244,0.79396307,-0.49596602,0.35162497,0
2.2049322,-0.8130815,0.45093179,0.42809778,0.045406699,-0.90259093,0
2.1663065,-0.88259178,0.97347045,0.79396307,-0.49596602,0.35162497,0
-0.90519375,-0.11922605,-0.023557246,-0.43168843,-0.86715382,-0.24837318,0
-1.5681019,0.49731767,-1.0239409,-0.43168843,-0.86715382,-0.24837318,0
1.847207,-1.2063665,1.2373083,0.79396307,-0.49596602,0.35162497,0
0.87288034,-1.0252614,0.049309611,-0.43168843,-0.86715382,-0.24837318,0
1.809432,-1.5837162,0.79035306,0.79396307,-0.49596602,0.35162497,0
-1.6348679,0.43772623,-0.19943428,-0.42809778,-0.045406699,0.90259093,0
1.5061458,-1.4100971,1.197386,-0.42809778,-0.045406699,0.90259093,0
-1.6627476,0.32596347,-0.26118636,-0.43168843,-0.86715382,-0.24837318,0
-2.1201663,0.82688487,-1.1562288,-0.79396307,0.49596602,-0.35162497,0
-0.50685239,-0.21751878,-0.3727271,-0.43168843,-0.86715382,-0.24837318,0
-1.9953746,1.0450209,-1.1303258,-0.79396307,0.49596602,-0.35162497,0
-0.25142959,-0.21343485,0.4239707,-0.42809778,-0.045406699,0.90259093,0
-2.0960116,1.3852595,-0.42318439,-0.79396307,0.49596602,-0.35162497,0
-1.1154001,1.2502013,-0.41313505,0.43168843,0.86715382,0.24837318,0
-1.7395303,1.3790886,-1.2368164,-0.79396307,0.49596602,-0.35162497,0
1.5009266,-1.1926622,1.2058491,-0.42809778,-0.045406699,0.90259093,0
0.93781489,-0.11826211,0.79601002,0.43168843,0.86715382,0.24837318,0
0.72551972,-0.80969644,-0.25058103,0.42809778,0.045406699,-0.90259093,0
0.83843845,0.025918663,0.46534926,0.43168843,0.86715382,0.24837318,0
2.3351867,-0.89979285,0.56787992,0.79396307,-0.49596602,0.35162497,0
1.0680754,-0.47540253,1.0366312,-0.42809778,-0.045406699,0.90259093,0
-0.35443902,-0.07448402,0.38210368,-0.42809778,-0.045406699,0.90259093,0
-1.9700718,1.5032238,-0.54116559,-0.79396307,0.49596602,-0.35162497,0
-0.49279454,0.83846414,-0.057751298,0.43168843,0.86715382,0.24837318,0
0.86682415,-0.068160236,0.74447423,0.43168843,0.86715382,0.24837318,0
-0.64249265,0.97043526,-0.25832093,0.43168843,0.86715382,0.24837318,0
-1.2949345,1.4165335,-0.68181372,0.43168843,0.86715382,0.24837318,0
-1.6721339,1.5074298,-1.2079709,-0.79396307,0.49596602,-0.35162497,0
0.79159158,0.1552538,0.095220208,0.43168843,0.86715382,0.24837318,0
1.1594565,-0.67225885,-0.037851334,0.42809778,0.045406699,-0.90259093,0
1.5987248,-1.5228281,0.52491713,-0.43168843,-0.86715382,-0.24837318,0
0.50830203,-0.060791105,-0.31593195,0.42809778,0.045406699,-0.90259093,0
0.55649686,-1.0452265,0.76532423,-0.42809778,-0.045406699,0.90259093,0
-0.74036825,0.31427562,0.21861529,-0.42809778,-0.045406699,0.90259093,0
2.2643504,-0.94689155,0.66139436,0.79396307,-0.49596602,0.35162497,0
1.7264814,-1.6218383,0.92388248,0.79396307,-0.49596602,0.35162497,0
-1.6517506,1.561002,-0.56603336,0.43168843,0.86715382,0.24837318,0
-0.54715168,1.0260469,-0.76185668,0.42809778,0.045406699,-0.90259093,0
0.36757374,0.35431933,-0.3617962,0.42809778,0.045406699,-0.90259093,0
-2.0053191,0.66940343,-0.36348391,-0.42809778,-0.045406699,0.90259093,0
-0.49799433,-0.050812274,0.31520641,-0.42809778,-0.045406699,0.90259093,0
1.7405512,-0.44869274,0.55444729,0.43168843,0.86715382,0.24837318,0
1.6130203,-0.67907912,0.17693019,0.42809778,0.045406699,-0.90259093,0
-0.77085674,0.0044104457,-0.68869966,-0.43168843,-0.86715382,-0.24837318,0
0.28965974,0.41803208,0.05016271,0.43168843,0.86715382,0.24837318,0
-0.36679071,-0.27457935,-0.41694564,-0.43168843,-0.86715382,-0.24837318,0
-1.9269,1.0841275,-0.30542612,-0.42809778,-0.045406699,0.90259093,0
-1.4754765,1.412545,-0.35409546,0.43168843,0.86715382,0.24837318,0
-1.1315204,0.26814234,-0.98261958,-0.43168843,-0.86715382,-0.24837318,0
-1.6063377,0.57900834,-1.2426943,-0.43168843,-0.86715382,-0.24837318,0
-2.2097287,1.0170684,-0.68574524,-0.79396307,0.49596602,-0.35162497,0
-1.9277886,0.67128122,-1.0061477,-0.43168843,-0.86715382,-0.24837318,0
-0.63334721,-0.20267139,-0.20470825,-0.43168843,-0.86715382,-0.24837318,0
1.9146601,-1.2887182,0.96884346,0.79396307,-0.49596602,0.35162497,0
-1.8693476,0.90152156,-1.3952367,0.42809778,0.045406699,-0.90259093,0
-1.8442354,1.3667312,-1.0178244,-0.79396307,0.49596602,-0.35162497,0
1.8561523,-1.2734559,1.1224806,0.79396307,-0.49596602,0.35162497,0
1.8762219,-1.4384805,0.84439707,0.79396307,-0.49596602,0.35162497,0
0.78331417,0.020668551,-0.18139613,0.42809778,0.045406699,-0.90259093,0
2.0729289,-0.9414832,1.1012497,0.79396307,-0.49596602,0.35162497,0
-0.51635718,-0.15096992,-0.58855116,-0.43168843,-0.86715382,-0.24837318,0
1.2351432,-0.83508444,-0.010144472,0.42809778,0.045406699,-0.90259093,0
-0.09265358,0.72570133,-0.56139827,0.42809778,0.045406699,-0.90259093,0
-2.0554399,1.4437327,-0.4323175,-0.79396307,0.49596602,-0.35162497,0
1.2775612,-0.3122583,0.88281476,0.43168843,0.86715382,0.24837318,0
-1.96591,1.0008861,-1.2591088,-0.79396307,0.49596602,-0.35162497,0
0.61587811,-0.87884212,-0.015202999,-0.43168843,-0.86715382,-0.24837318,0
-0.26484641,-0.015315771,-0.68034738,0.42809778,0.045406699,-0.90259093,0
0.21495803,-0.21264476,0.64521754,-0.42809778,-0.045406699,0.90259093,0
0.86331773,-0.45779288,0.94040096,-0.42809778,-0.045406699,0.90259093,0
1.9021052,-1.0435181,1.3430462,0.79396307,-0.49596602,0.35162497,0
0.1251561,-0.79223019,0.57346731,-0.42809778,-0.045406699,0.90259093,0
0.84281546,-0.047976434,0.71573424,0.43168843,0.86715382,0.24837318,0
1.2883502,-1.5175521,1.08868,-0.42809778,-0.045406699,0.90259093,0
1.7695668,-1.5130345,0.98006392,0.79396307,-0.49596602,0.35162497,0
0.11268893,-0.068190515,-0.50394291,0.42809778,0.045406699,-0.90259093,0
1.7582631,-1.4901316,1.0378921,0.79396307,-0.49596602,0.35162497,0
0.32578531,0.30501458,0.38195607,0.43168843,0.86715382,0.24837318,0
2.2777469,-0.73923731,0.6351552,0.43168843,0.86715382,0.24837318,0
-0.99100518,0.15023178,-0.81517869,-0.43168843,-0.86715382,-0.24837318,0
-0.29667076,-0.40406305,0.39292297,-0.42809778,-0.045406699,0.90259093,0
0.054607451,-0.41389444,-0.54888225,0.42809778,0.045406699,-0.90259093,0
-0.73290157,0.22690088,-0.8901602,0.42809778,0.045406699,-0.90259093,0
-0.4478941,0.97845769,-0.62455499,0.43168843,0.86715382,0.24837318,0
-1.7236667,1.2037871,-0.20301318,-0.42809778,-0.045406699,0.90259093,0
0.8129127,-0.98662192,0.018633485,-0.43168843,-0.86715382,-0.24837318,0
0.29912949,0.15568006,-0.4042522,0.42809778,0.045406699,-0.90259093,0
-0.84181106,1.2059922,-0.73430121,0.43168843,0.86715382,0.24837318,0
-0.41217816,0.86935836,-0.30572939,0.43168843,0.86715382,0.24837318,0
-0.045163333,-0.44003433,-0.39829582,-0.43168843,-0.86715382,-0.24837318,0
1.9255565,-1.4492815,0.71776533,0.79396307,-0.49596602,0.35162497,0
-0.23322982,0.78918767,-0.33685011,0.43168843,0.86715382,0.24837318,0
-1.3621005,0.31014293,-0.72849488,-0.43168843,-0.86715382,-0.24837318,0
-0.53024727,0.97723687,-0.47715783,0.43168843,0.86715382,0.24837318,0
-1.7948438,1.6509885,-0.72840524,-0.79396307,0.49596602,-0.35162497,0
-2.0882661,1.2355707,-0.65180874,-0.79396307,0.49596602,-0.35162497,0
-1.4080955,1.0939493,-1.1667851,0.42809778,0.045406699,-0.90259093,0
-1.7210641,1.5489123,-1.0389764,-0.79396307,0.49596602,-0.35162497,0
0.60685855,-0.1260983,-0.27247211,0.42809778,0.045406699,-0.90259093,0
0.79034972,-0.82281345,0.88742924,-0.42809778,-0.045406699,0.90259093,0
0.4277285,0.27668136,-0.33717066,0.42809778,0.045406699,-0.90259093,0
-1.9682779,1.4987311,-0.55155253,-0.79396307,0.49596602,-0.35162497,0
-1.1185796,1.1964421,-0.21991789,0.43168843,0.86715382,0.24837318,0
-0.47895962,0.070535839,0.33033919,-0.42809778,-0.045406699,0.90259093,0
-0.0069776475,0.51365644,0.23188069,0.43168843,0.86715382,0.24837318,0
1.4209199,-1.5833299,1.0451851,-0.43168843,-0.86715382,-0.24837318,0
-0.31468999,-0.048595905,-0.70566243,0.42809778,0.045406699,-0.90259093,0
0.55058944,0.28604683,0.057454988,0.43168843,0.86715382,0.24837318,0
1.4906399,-1.5970185,1.1806281,-0.42809778,-0.045406699,0.90259093,0
1.7479603,-1.6099515,0.89214993,0.79396307,-0.49596602,0.35162497,0
1.406752,-0.279118,0.54256952,0.43168843,0.86715382,0.24837318,0
-2.0893977,1.4179568,-0.39199829,-0.79396307,0.49596602,-0.35162497,0
1.0170331,-0.47925761,-0.09569335,0.42809778,0.045406699,-0.90259093,0
-0.90221167,0.22821003,-0.97039801,0.42809778,0.045406699,-0.90259093,0
1.9547317,-1.2353979,0.3110168,0.42809778,0.045406699,-0.90259093,0
1.0478929,-1.2699833,0.9870857,-0.42809778,-0.045406699,0.90259093,0
1.7172155,-1.6024804,0.97210908,0.79396307,-0.49596602,0.35162497,0
-1.9126056,0.78753555,-1.4214883,0.42809778,0.045406699,-0.90259093,0
1.8658118,-1.0992986,1.346318,0.79396307,-0.49596602,0.35162497,0
1.8687495,-0.51159215,0.55123353,0.43168843,0.86715382,0.24837318,0
-0.80547297,0.20754015,-0.92555469,0.42809778,0.045406699,-0.90259093,0
0.18210003,-0.55429548,-0.39437014,-0.43168843,-0.86715382,-0.24837318,0
-1.3573983,1.5026953,-1.1221769,0.42809778,0.045406699,-0.90259093,0
1.8454961,-1.6337155,0.48315811,-0.43168843,-0.86715382,-0.24837318,0
1.7875729,-1.5228629,0.92554355,0.79396307,-0.49596602,0.35162497,0
1.801573,-1.5731459,0.82300782,0.79396307,-0.49596602,0.35162497,0
-0.1549308,0.53966928,0.39821327,0.43168843,0.86715382,0.24837318,0
-1.8863976,1.3935399,-0.88480878,-0.79396307,0.49596602,-0.35162497,0
0.89511299,-0.50323278,0.95319533,-0.42809778,-0.045406699,0.90259093,0
1.7837188,-1.6134818,0.51988769,-0.43168843,-0.86715382,-0.24837318,0
1.1227362,-1.2836459,1.0218966,-0.42809778,-0.045406699,0.90259093,0
1.7478585,-1.5850396,0.48291421,-0.43168843,-0.86715382,-0.24837318,0
-2.1306002,1.0371665,-0.40440321,-0.42809778,-0.045406699,0.90259093,0
-1.9577117,1.0913837,-1.1499736,-0.79396307,0.49596602,-0.35162497,0
-1.5907305,1.6811275,-1.1467783,-0.79396307,0.49596602,-0.35162497,0
1.8788049,-1.0851967,1.33687,0.79396307,-0.49596602,0.35162497,0
-2.1117539,1.2725245,-0.54664969,-0.79396307,0.49596602,-0.35162497,0
-1.4084803,0.37244594,-0.86540425,-0.43168843,-0.86715382,-0.24837318,0
-0.11334896,-0.39880836,-0.42371848,-0.43168843,-0.86715382,-0.24837318,0
2.0720305,-0.84444141,1.2401552,0.79396307,-0.49596602,0.35162497,0
0.24897592,-0.8057732,0.36738801,-0.43168843,-0.86715382,-0.24837318,0
1.7033777,-0.58319008,1.0886321,0.43168843,0.86715382,0.24837318,0
-1.9330058,1.3651111,-0.81966734,-0.79396307,0.49596602,-0.35162497,0
-1.5745876,0.26341403,-0.19603288,-0.43168843,-0.86715382,-0.24837318,0
-0.92787164,0.61647779,-0.96303576,0.42809778,0.045406699,-0.90259093,0
1.8182924,-1.5569144,0.80815005,0.79396307,-0.49596602,0.35162497,0
1.5624678,-1.3219622,1.228533,-0.42809778,-0.045406699,0.90259093,0
-1.3056068,0.18298721,-0.056081414,-0.42809778,-0.045406699,0.90259093,0
-2.0159187,1.1407822,-0.94886661,-0.79396307,0.49596602,-0.35162497,0
-0.091347933,0.38539037,0.53002238,-0.42809778,-0.045406699,0.90259093,0
-0.79818732,0.64324492,-0.9001801,0.42809778,0.045406699,-0.90259093,0
-2.2358587,0.87126243,-0.46267343,-0.42809778,-0.045406699,0.90259093,0
-1.7642434,1.5856576,-0.88964963,-0.79396307,0.49596602,-0.35162497,0
-0.28590322,0.42494923,-0.66818625,0.42809778,0.045406699,-0.90259093,0
1.8765856,-0.75549579,1.3891634,0.43168843,0.86715382,0.24837318,0
1.7904165,-1.3576915,1.1520963,0.79396307,-0.49596602,0.35162497,0
0.34980696,0.44268751,-0.1404573,0.43168843,0.86715382,0.24837318,0
-0.59145272,-0.24315469,-0.13618283,-0.43168843,-0.86715382,-0.24837318,0
-1.5181887,1.3801038,-1.2046065,0.42809778,0.045406699,-0.90259093,0
-1.7008483,1.058315,-0.19950867,-0.42809778,-0.045406699,0.90259093,0
0.37744212,-0.10228556,0.7278353,-0.42809778,-0.045406699,0.90259093,0
-0.54519653,-0.12187886,0.28924334,-0.42809778,-0.045406699,0.90259093,0
-1.8775392,1.499101,-0.75591731,-0.79396307,0.49596602,-0.35162497,0
2.2472293,-0.72685897,0.64497995,0.43168843,0.86715382,0.24837318,0
2.115124,-0.95793116,0.40104914,0.42809778,0.045406699,-0.90259093,0
0.4319725,-0.34833926,-0.36660066,0.42809778,0.045406699,-0.90259093,0
1.278015,-0.7749415,0.013215184,0.42809778,0.045406699,-0.90259093,0
-0.090567321,0.62717056,-0.019150734,0.43168843,0.86715382,0.24837318,0
0.87015378,-0.018820524,0.56642568,0.43168843,0.86715382,0.24837318,0
2.2911162,-0.99466431,0.5335741,0.79396307,-0.49596602,0.35162497,0
-1.820658,1.3995543,-1.0247645,-0.79396307,0.49596602,-0.35162497,0
2.1046224,-1.3577274,0.4425745,0.79396307,-0.49596602,0.35162497,0
-0.96799594,0.18738616,-0.9848882,-0.43168843,-0.86715382,-0.24837318,0
1.9125746,-1.4572486,0.7358408,0.79396307,-0.49596602,0.35162497,0
0.5417335,-1.0191317,0.60346234,-0.43168843,-0.86715382,-0.24837318,0
-0.65446353,-0.2403333,0.23145905,-0.42809778,-0.045406699,0.90259093,0
-1.9416554,0.96286368,-1.3675053,-0.79396307,0.49596602,-0.35162497,0
0.50455385,0.33015341,-0.016522989,0.43168843,0.86715382,0.24837318,0
-1.2826022,1.1155167,0.001742363,-0.42809778,-0.045406699,0.90259093,0
-0.27316377,-0.19027919,-0.69309425,0.42809778,0.045406699,-0.90259093,0
-2.2813132,0.85108316,-0.75823045,-0.79396307,0.49596602,-0.35162497,0
-1.9631798,1.2122905,-0.96708775,-0.79396307,0.49596602,-0.35162497,0
-0.53175294,-0.26239425,-0.17277299,-0.43168843,-0.86715382,-0.24837318,0
-1.3294131,1.0330336,-0.024609327,-0.42809778,-0.045406699,0.90259093,0
-1.7063485,1.5532627,-0.44411802,0.43168843,0.86715382,0.24837318,0
1.8699517,-1.0821525,1.3611543,0.79396307,-0.49596602,0.35162497,0
1.5273818,-0.35580653,0.60065258,0.43168843,0.86715382,0.24837318,0
2.2550459,-1.0441291,0.54525042,0.79396307,-0.49596602,0.35162497,0
-1.1808896,1.2714577,-0.37352276,0.43168843,0.86715382,0.24837318,0
-1.356698,1.38315,-0.45791221,0.43168843,0.86715382,0.24837318,0
-2.0630543,0.67507142,-0.78428006,-0.43168843,-0.86715382,-0.24837318,0
-0.075059764,-0.65013152,0.48565376,-0.42809778,-0.045406699,0.90259093,0
-1.4674231,0.38999104,-0.82421422,-0.43168843,-0.86715382,-0.24837318,0
-0.58256352,0.757689,0.3157686,-0.42809778,-0.045406699,0.90259093,0
-1.5685556,0.54373407,-1.1852074,-0.43168843,-0.86715382,-0.24837318,0
-0.74304366,-0.11017768,0.19599336,-0.42809778,-0.045406699,0.90259093,0
1.6247038,-0.31961292,0.3051368,0.43168843,0.86715382,0.24837318,0
-1.7627165,1.3666759,-1.2019703,-0.79396307,0.49596602,-0.35162497,0
0.77910799,-0.9614163,-0.010612965,-0.43168843,-0.86715382,-0.24837318,0
-0.79533827,0.018347442,-0.69480807,-0.43168843,-0.86715382,-0.24837318,0
1.5772402,-1.3136241,1.2359591,-0.42809778,-0.045406699,0.90259093,0
1.3971181,-1.419768,1.1451876,-0.42809778,-0.045406699,0.90259093,0
2.0885925,-1.1865768,0.72017765,0.79396307,-0.49596602,0.35162497,0
-0.46827862,0.86632925,-0.19764769,0.43168843,0.86715382,0.24837318,0
-0.68784654,-0.20183446,-0.11290696,-0.43168843,-0.86715382,-0.24837318,0
-1.325695,0.1437217,-0.067584515,-0.42809778,-0.045406699,0.90259093,0
-0.19401109,0.78208971,-0.38023347,0.43168843,0.86715382,0.24837318,0
1.2655183,-0.36619869,0.027850628,0.42809778,0.045406699,-0.90259093,0
2.0051522,-0.65239048,0.80573106,0.43168843,0.86715382,0.24837318,0
-1.2469537,1.2870612,-0.31317639,0.43168843,0.86715382,0.24837318,0
1.1595675,-1.1682867,0.050378084,-0.43168843,-0.86715382,-0.24837318,0
0.77158242,-0.39582637,-0.20791304,0.42809778,0.045406699,-0.90259093,0
-1.8675063,0.56431764,-0.73747659,-0.43168843,-0.86715382,-0.24837318,0
-2.158731,0.9545669,-0.88905501,-0.79396307,0.49596602,-0.35162497,0
-0.61281288,0.98367083,-0.35611641,0.43168843,0.86715382,0.24837318,0
-1.05077,0.21899492,-0.9513787,-0.43168843,-0.86715382,-0.24837318,0
-0.27581128,0.38780361,0.44265303,-0.42809778,-0.045406699,0.90259093,0
1.2435598,-0.137986,0.028916478,0.42809778,0.045406699,-0.90259093,0
-1.1489363,1.3446267,-1.0312554,0.42809778,0.045406699,-0.90259093,0
1.7186569,-1.5268317,1.0755568,0.79396307,-0.49596602,0.35162497,0
1.2407665,-1.4582164,0.92149019,-0.43168843,-0.86715382,-0.24837318,0
-0.075474679,0.49471486,0.41706428,0.43168843,0.86715382,0.24837318,0
-1.6178972,0.770298,-1.2825755,0.42809778,0.045406699,-0.90259093,0
1.5398376,-1.4119065,0.24000216,-0.43168843,-0.86715382,-0.24837318,0
-1.1130742,0.05812034,-0.28142345,-0.43168843,-0.86715382,-0.24837318,0
1.9413421,-1.4260848,0.71484041,0.79396307,-0.49596602,0.35162497,0
1.75008,-1.669502,0.80336809,0.79396307,-0.49596602,0.35162497,0
0.66384792,-0.40517646,-0.25948173,0.42809778,0.045406699,-0.90259093,0
-1.8626082,1.6594683,-0.56343365,-0.79396307,0.49596602,-0.35162497,0
-0.026230007,-0.49588463,-0.23621109,-0.43168843,-0.86715382,-0.24837318,0
1.9052827,-1.4852378,0.71282721,0.79396307,-0.49596602,0.35162497,0
-0.89154691,0.90093213,0.1764245,-0.42809778,-0.045406699,0.90259093,0
-1.4593579,0.5242039,-1.219761,0.42809778,0.045406699,-0.90259093,0
-2.0913835,0.82404423,-1.2252269,-0.79396307,0.49596602,-0.35162497,0
-2.2236555,1.1446891,-0.47428989,-0.79396307,0.49596602,-0.35162497,0
0.57001466,-0.46441758,0.8009544,-0.42809778,-0.045406699,0.90259093,0
-2.0966721,1.166585,-0.7301321,-0.79396307,0.49596602,-0.35162497,0
-0.36552113,0.90909439,-0.52555406,0.43168843,0.86715382,0.24837318,0
-0.46672261,0.53888208,-0.74821705,0.42809778,0.045406699,-0.90259093,0
0.208278,-0.7957598,0.40316355,-0.43168843,-0.86715382,-0.24837318,0
-0.28365725,0.58229429,0.44871593,-0.42809778,-0.045406699,0.90259093,0
0.33834806,0.47976196,-0.24998026,0.43168843,0.86715382,0.24837318,0
-0.42316815,-0.35965338,-0.021936294,-0.43168843,-0.86715382,-0.24837318,0
2.0781689,-1.0855627,0.88619375,0.79396307,-0.49596602,0.35162497,0
-2.1824565,0.7840094,-0.44173431,-0.42809778,-0.045406699,0.90259093,0
1.8899882,-1.4286898,0.82712269,0.79396307,-0.49596602,0.35162497,0
-1.6553197,0.68794334,-1.3044682,0.42809778,0.045406699,-0.90259093,0
-1.958379,1.0635147,-1.1877761,-0.79396307,0.49596602,-0.35162497,0
0.49721813,-0.03696847,0.78793085,-0.42809778,-0.045406699,0.90259093,0
-1.8502347,1.4688116,-0.86029363,-0.79396307,0.49596602,-0.35162497,0
-2.1314473,0.90886509,-1.0151231,-0.79396307,0.49596602,-0.35162497,0
0.28292012,0.25881249,0.61776543,0.43168843,0.86715382,0.24837318,0
