-3.3344157,-2.2326753,0.18577385,-0.79722965,-0.59050632,0.12540948,0
-2.4949026,-1.4445258,0.93540978,0.20778275,-0.073366985,0.97541988,0
2.5459011,1.3118145,-0.61429,0.56679058,-0.80369127,-0.18118724,0
3.2289739,2.3750062,-0.18588495,0.79722965,0.59050632,-0.12540948,0
-1.2314467,-0.23841178,-0.03511703,-0.56679058,0.80369127,0.18118724,0
-1.0929291,-0.32810676,-0.30446434,-0.20778275,0.073366985,-0.97541988,0
3.0946901,2.0319774,0.0062098503,0.20778275,-0.073366985,0.97541988,0
0.23852229,-0.41679379,-0.16466008,0.56679058,-0.80369127,-0.18118724,0
-2.9706192,-2.6828723,0.37861919,-0.79722965,-0.59050632,0.12540948,0
-0.17086571,-0.8486498,0.48516572,0.20778275,-0.073366985,0.97541988,0
-1.1582696,-1.5632279,0.55112231,0.56679058,-0.80369127,-0.18118724,0
-1.7913059,-1.8795217,-0.026160002,0.56679058,-0.80369127,-0.18118724,0
2.368259,1.5657628,0.1258862,0.20778275,-0.073366985,0.97541988,0
-2.8859904,-2.4307454,-0.080660343,-0.20778275,0.073366985,-0.97541988,0
2.9258754,2.6401243,-0.86434078,0.79722965,0.59050632,-0.12540948,0
-3.1858871,-2.2982254,0.82132006,-0.79722965,-0.59050632,0.12540948,0
2.8088446,2.6202416,-0.91385365,-0.20778275,0.073366985,-0.97541988,0
0.73197031,-0.08503449,-0.092637479,0.56679058,-0.80369127,-0.18118724,0
-2.7218456,-1.3935152,0.42629886,-0.56679058,0.80369127,0.18118724,0
-2.2942381,-1.8415583,0.86280155,0.20778275,-0.073366985,0.97541988,0
-3.0458746,-2.5873742,0.34988832,-0.79722965,-0.59050632,0.12540948,0
2.7450001,2.6122642,-0.24071288,-0.56679058,0.80369127,0.18118724,0
-3.0834394,-2.4541724,0.73828483,-0.79722965,-0.59050632,0.12540948,0
0.10437882,0.7993108,-0.45940429,-0.56679058,0.80369127,0.18118724,0
-3.1451693,-2.3741837,0.72250366,-0.79722965,-0.59050632,0.12540948,0
2.9887087,2.5520282,-0.87972093,0.79722965,0.59050632,-0.12540948,0
-0.083026826,0.65155703,-0.39025664,-0.56679058,0.80369127,0.18118724,0
2.6766193,2.6910019,-0.80387807,-0.56679058,0.80369127,0.18118724,0
-0.10035618,0.51484394,0.16195095,-0.56679058,0.80369127,0.18118724,0
-3.0047936,-2.7275519,-0.049006939,-0.79722965,-0.59050632,0.12540948,0
0.50778401,0.82057095,0.46615219,0.20778275,-0.073366985,0.97541988,0
-3.387444,-2.0143189,0.87682843,-0.79722965,-0.59050632,0.12540948,0
-1.8795273,-1.3484397,0.81155062,0.20778275,-0.073366985,0.97541988,0
-2.1320112,-1.1960206,0.87679887,0.20778275,-0.073366985,0.97541988,0
3.2701943,2.3092399,-0.23351431,0.79722965,0.59050632,-0.12540948,0
-0.74822605,-0.64091849,-0.40142095,-0.20778275,0.073366985,-0.97541988,0
-0.70899898,-1.2363907,0.50678247,0.56679058,-0.80369127,-0.18118724,0
-1.3331167,-1.5364758,-0.1144979,0.56679058,-0.80369127,-0.18118724,0
1.1429098,0.41908595,-0.72453934,-0.20778275,0.073366985,-0.97541988,0
0.9450447,0.53589457,0.3515954,0.20778275,-0.073366985,0.97541988,0
0.72135246,0.032019898,-0.64506966,0.56679058,-0.80369127,-0.18118724,0
-3.3951974,-2.1170819,0.34366941,-0.79722965,-0.59050632,0.12540948,0
-3.1230657,-2.4373255,0.56570506,-0.79722965,-0.59050632,0.12540948,0
-1.0627911,-0.86325991,0.6740638,0.20778275,-0.073366985,0.97541988,0
0.014060691,0.55847502,0.32633603,-0.56679058,0.80369127,0.18118724,0
2.9948997,2.6561208,-0.35023332,0.79722965,0.59050632,-0.12540948,0
-3.3958282,-2.0257871,0.76952934,-0.79722965,-0.59050632,0.12540948,0
-3.3598683,-2.1737087,0.30161953,-0.79722965,-0.59050632,0.12540948,0
3.1065719,2.5539107,-0.12159872,0.79722965,0.59050632,-0.12540948,0
-1.9322531,-0.90991247,0.75118995,-0.56679058,0.80369127,0.18118724,0
-1.6947614,-1.6976094,-0.27927089,-0.20778275,0.073366985,-0.97541988,0
2.9752729,1.613181,-0.60789704,0.56679058,-0.80369127,-0.18118724,0
-3.0171561,-2.5171909,0.86291766,-0.79722965,-0.59050632,0.12540948,0
-3.465045,-2.0387235,0.2686038,-0.79722965,-0.59050632,0.12540948,0
-2.915647,-1.5019981,0.3012464,-0.56679058,0.80369127,0.18118724,0
0.40739152,-0.35603094,0.39903879,0.20778275,-0.073366985,0.97541988,0
1.9430374,1.6842418,0.22537804,0.20778275,-0.073366985,0.97541988,0
3.0805118,2.4358258,-0.84328103,0.79722965,0.59050632,-0.12540948,0
1.7478541,0.611229,-0.0031590462,0.56679058,-0.80369127,-0.18118724,0
2.135797,1.2851343,-0.87090278,-0.20778275,0.073366985,-0.97541988,0
2.9243052,2.676949,-0.70093083,0.79722965,0.59050632,-0.12540948,0
3.114969,2.364037,-0.96226501,0.79722965,0.59050632,-0.12540948,0
-3.3151693,-2.2808719,0.081182003,-0.79722965,-0.59050632,0.12540948,0
-1.0843195,-0.22922347,0.38437021,-0.56679058,0.80369127,0.18118724,0
-2.8510213,-2.7403946,0.86805534,-0.79722965,-0.59050632,0.12540948,0
-2.6254983,-1.3799478,0.6675117,-0.56679058,0.80369127,0.18118724,0
-3.4089558,-2.0313258,0.65999794,-0.79722965,-0.59050632,0.12540948,0
2.0769944,0.920735,-0.34641552,0.56679058,-0.80369127,-0.18118724,0
3.3030229,1.776664,-0.30779028,0.56679058,-0.80369127,-0.18118724,0
-2.1378531,-2.1306267,0.0035960674,0.56679058,-0.80369127,-0.18118724,0
2.8369803,1.501637,-0.5457294,0.56679058,-0.80369127,-0.18118724,0
2.6169958,1.3338789,-0.48976159,0.56679058,-0.80369127,-0.18118724,0
2.1125803,1.3725114,0.16581511,0.20778275,-0.073366985,0.97541988,0
-3.0244932,-2.635675,0.25837851,-0.79722965,-0.59050632,0.12540948,0
-2.2700424,-1.1952616,-0.11894083,-0.20778275,0.073366985,-0.97541988,0
3.2996981,2.3112047,-0.036706448,0.79722965,0.59050632,-0.12540948,0
2.9138894,2.6982203,-0.6669867,0.79722965,0.59050632,-0.12540948,0
-0.50012338,-1.0320008,0.25357628,0.56679058,-0.80369127,-0.18118724,0
1.0376638,0.12899363,-0.085729718,0.56679058,-0.80369127,-0.18118724,0
-0.86605233,-0.099398807,0.4912914,-0.56679058,0.80369127,0.18118724,0
3.0953236,1.7561159,-0.8663702,0.56679058,-0.80369127,-0.18118724,0
-0.11572632,-0.17390051,-0.50102812,-0.20778275,0.073366985,-0.97541988,0
2.9987533,1.5638262,-0.31552315,0.56679058,-0.80369127,-0.18118724,0
0.30135709,0.90869081,-0.32839239,-0.56679058,0.80369127,0.18118724,0
-3.1814129,-2.4209759,0.27177334,-0.79722965,-0.59050632,0.12540948,0
-0.22361159,-0.73577833,-0.19539058,0.56679058,-0.80369127,-0.18118724,0
3.3193059,2.1165485,-0.82862258,0.79722965,0.59050632,-0.12540948,0
-3.2197902,-2.381047,0.21582317,-0.79722965,-0.59050632,0.12540948,0
-3.3901763,-2.0930538,0.48872662,-0.79722965,-0.59050632,0.12540948,0
-2.852319,-2.4348195,0.93706059,0.20778275,-0.073366985,0.97541988,0
2.5883422,1.2405829,-0.1655643,0.56679058,-0.80369127,-0.18118724,0
-1.816849,-1.8415285,-0.26408887,-0.20778275,0.073366985,-0.97541988,0
3.1641111,2.3626766,-0.65627146,0.79722965,0.59050632,-0.12540948,0
-0.88619721,-1.2357049,0.60843217,0.20778275,-0.073366985,0.97541988,0
-3.3325205,-1.8053689,0.34284163,-0.56679058,0.80369127,0.18118724,0
3.0645874,2.5340836,-0.4818542,0.79722965,0.59050632,-0.12540948,0
0.13430464,-0.44560561,-0.36287355,0.56679058,-0.80369127,-0.18118724,0
-1.2799171,-1.4544084,-0.31210494,0.56679058,-0.80369127,-0.18118724,0
2.296463,1.5922438,0.14317179,0.20778275,-0.073366985,0.97541988,0
-2.2745998,-1.3771061,-0.13164759,-0.20778275,0.073366985,-0.97541988,0
-0.36823004,-0.94998986,0.30239022,0.56679058,-0.80369127,-0.18118724,0
-0.71833897,-0.38047573,0.63700187,0.20778275,-0.073366985,0.97541988,0
-2.9744453,-2.7115421,0.21930408,-0.79722965,-0.59050632,0.12540948,0
-3.0229273,-2.6223564,0.33104515,-0.79722965,-0.59050632,0.12540948,0
2.2909954,2.2229383,0.065998554,-0.56679058,0.80369127,0.18118724,0
-0.75839555,-0.054694697,0.62976992,-0.56679058,0.80369127,0.18118724,0
-2.1476262,-1.0057263,0.50246119,-0.56679058,0.80369127,0.18118724,0
-1.9190419,-1.9434208,-0.14230728,0.56679058,-0.80369127,-0.18118724,0
0.99502951,1.0614254,0.38047576,0.20778275,-0.073366985,0.97541988,0
-1.3976797,-0.38964444,0.11569417,-0.56679058,0.80369127,0.18118724,0
0.55929917,-0.20628546,-0.094955623,0.56679058,-0.80369127,-0.18118724,0
3.403419,2.1406939,-0.18022251,0.79722965,0.59050632,-0.12540948,0
2.5847089,2.6120267,-0.86672592,-0.20778275,0.073366985,-0.97541988,0
0.24462533,0.75098586,0.19366965,-0.56679058,0.80369127,0.18118724,0
0.90499705,1.3521904,-0.60367537,-0.20778275,0.073366985,-0.97541988,0
1.2095759,1.5401297,-0.28816926,-0.56679058,0.80369127,0.18118724,0
-2.8772025,-2.7007914,0.88809657,-0.79722965,-0.59050632,0.12540948,0
-2.888401,-2.6579471,-0.005238533,0.56679058,-0.80369127,-0.18118724,0
2.5329175,1.4478691,-0.94325638,-0.20778275,0.073366985,-0.97541988,0
0.52430284,-0.3261162,0.32710138,0.56679058,-0.80369127,-0.18118724,0
-3.4037509,-1.9938506,0.8695457,-0.79722965,-0.59050632,0.12540948,0
-3.0231292,-2.6559527,0.17156935,-0.79722965,-0.59050632,0.12540948,0
-2.8551438,-1.7449056,-0.035645008,-0.20778275,0.073366985,-0.97541988,0
-0.63031459,-0.33663106,0.62154889,0.20778275,-0.073366985,0.97541988,0
-1.1532388,-0.30623221,-0.28997183,-0.20778275,0.073366985,-0.97541988,0
-2.9267507,-2.6882291,0.0091180801,0.56679058,-0.80369127,-0.18118724,0
-2.900815,-2.7394679,0.55587888,-0.79722965,-0.59050632,0.12540948,0
3.0314481,2.6913118,0.04780817,0.79722965,0.59050632,-0.12540948,0
-3.216047,-2.0676742,1.0421569,0.20778275,-0.073366985,0.97541988,0
3.47018,1.996315,-0.43564892,0.79722965,0.59050632,-0.12540948,0
-2.9930687,-2.5691476,0.77139449,-0.79722965,-0.59050632,0.12540948,0
-3.2452343,-1.7797992,0.50247049,-0.56679058,0.80369127,0.18118724,0
3.1144881,2.5372624,-0.14966917,0.79722965,0.59050632,-0.12540948,0
-3.2166364,-2.3847575,0.21839905,-0.79722965,-0.59050632,0.12540948,0
-3.170213,-2.488672,0.024217606,-0.79722965,-0.59050632,0.12540948,0
-3.0879917,-2.5768487,0.13170862,-0.79722965,-0.59050632,0.12540948,0
3.1670284,2.4075708,-0.42633772,0.79722965,0.59050632,-0.12540948,0
0.61864114,0.16303305,-0.63211948,-0.20778275,0.073366985,-0.97541988,0
3.1407449,2.338881,-0.91685581,0.79722965,0.59050632,-0.12540948,0
-3.3570359,-2.1313543,0.51905966,-0.79722965,-0.59050632,0.12540948,0
3.210629,1.8071344,-0.73197317,0.56679058,-0.80369127,-0.18118724,0
-0.22997856,0.51149362,-0.22867288,-0.56679058,0.80369127,0.18118724,0
1.6748823,0.52593505,0.14690804,0.56679058,-0.80369127,-0.18118724,0
0.072277069,-0.21496314,0.48103499,0.20778275,-0.073366985,0.97541988,0
-0.040199816,-0.73194653,0.36136204,0.56679058,-0.80369127,-0.18118724,0
-2.9903555,-2.576746,0.7528677,-0.79722965,-0.59050632,0.12540948,0
3.1193175,2.5042028,-0.27463102,0.79722965,0.59050632,-0.12540948,0
2.5938373,1.2986264,-0.40583682,0.56679058,-0.80369127,-0.18118724,0
2.0197964,0.8966552,-0.41853166,0.56679058,-0.80369127,-0.18118724,0
-1.2096773,-0.80523217,0.70971775,0.20778275,-0.073366985,0.97541988,0
3.3276348,1.9299264,-0.9106226,0.56679058,-0.80369127,-0.18118724,0
-3.3116157,-2.1396224,0.76886344,-0.79722965,-0.59050632,0.12540948,0
1.9418964,1.8716402,-0.78548336,-0.20778275,0.073366985,-0.97541988,0
-1.9751,-0.97933465,0.85967195,0.20778275,-0.073366985,0.97541988,0
-0.90076524,-1.2423234,-0.066785097,0.56679058,-0.80369127,-0.18118724,0
3.1508799,2.3860292,-0.63042569,0.79722965,0.59050632,-0.12540948,0
1.9739327,1.7308347,0.22230124,0.20778275,-0.073366985,0.97541988,0
-1.5803145,-0.99275571,-0.25063419,-0.20778275,0.073366985,-0.97541988,0
2.294132,1.1729379,-0.78585982,0.56679058,-0.80369127,-0.18118724,0
-3.2134588,-2.3566294,0.37104416,-0.79722965,-0.59050632,0.12540948,0
-1.2807496,-0.41105711,0.57645583,-0.56679058,0.80369127,0.18118724,0
0.52249026,0.71999836,-0.56974506,-0.20778275,0.073366985,-0.97541988,0
-1.1203327,-0.17186442,0.017286301,-0.56679058,0.80369127,0.18118724,0
-1.1393009,-0.24785519,0.29502141,-0.56679058,0.80369127,0.18118724,0
-2.9490371,-2.7335944,0.27698612,-0.79722965,-0.59050632,0.12540948,0
3.1419578,2.475172,-0.26740122,0.79722965,0.59050632,-0.12540948,0
-3.1104984,-2.4063001,0.79168367,-0.79722965,-0.59050632,0.12540948,0
-3.096149,-2.0394664,1.018738,0.20778275,-0.073366985,0.97541988,0
3.0107782,2.6668718,-0.19867039,0.79722965,0.59050632,-0.12540948,0
-0.068473093,0.56135553,0.055376709,-0.56679058,0.80369127,0.18118724,0
3.1653113,2.4955497,-0.022994518,0.79722965,0.59050632,-0.12540948,0
3.235975,2.2770267,-0.60272527,0.79722965,0.59050632,-0.12540948,0
-2.9842436,-1.5045631,0.09803915,-0.56679058,0.80369127,0.18118724,0
0.50127345,-0.33375567,0.28894719,0.56679058,-0.80369127,-0.18118724,0
-2.2444186,-1.5703642,-0.15261269,-0.20778275,0.073366985,-0.97541988,0
3.2793121,2.3013747,-0.21258593,0.79722965,0.59050632,-0.12540948,0
1.2552847,0.30093619,-0.16765189,0.56679058,-0.80369127,-0.18118724,0
-0.19943517,-0.29105234,0.53319168,0.20778275,-0.073366985,0.97541988,0
1.0919325,1.2892876,-0.64822745,-0.20778275,0.073366985,-0.97541988,0
-3.1214972,-2.5575199,0.009724617,-0.79722965,-0.59050632,0.12540948,0
-1.2461336,-1.5125639,0.051537156,0.56679058,-0.80369127,-0.18118724,0
2.4738457,1.23809,-0.51267457,0.56679058,-0.80369127,-0.18118724,0
-3.267771,-2.1772499,0.8704102,-0.79722965,-0.59050632,0.12540948,0
2.5876188,1.2228382,-0.089115858,0.56679058,-0.80369127,-0.18118724,0
3.2901661,2.2248168,-0.50407124,0.79722965,0.59050632,-0.12540948,0
-0.11953014,0.42673683,-0.45504048,-0.20778275,0.073366985,-0.97541988,0
2.8612726,2.7502253,-0.75660014,0.79722965,0.59050632,-0.12540948,0
-0.47433361,-0.43986839,-0.44464296,-0.20778275,0.073366985,-0.97541988,0
-1.5298409,-1.6655371,-0.15741444,0.56679058,-0.80369127,-0.18118724,0
-2.957798,-2.6376505,0.67305899,-0.79722965,-0.59050632,0.12540948,0
1.5378437,1.6857464,0.092807055,-0.56679058,0.80369127,0.18118724,0
-0.73032856,-1.0685959,-0.30422711,0.56679058,-0.80369127,-0.18118724,0
0.018541098,0.40575543,0.53916955,0.20778275,-0.073366985,0.97541988,0
3.1911476,2.4592109,-0.029858589,0.79722965,0.59050632,-0.12540948,0
-2.3466158,-1.6064875,0.89164019,0.20778275,-0.073366985,0.97541988,0
2.8319793,2.232414,-0.94795227,-0.20778275,0.073366985,-0.97541988,0
2.9553251,2.6298678,-0.72542429,0.79722965,0.59050632,-0.12540948,0
-2.0433581,-2.0785389,0.068148613,0.56679058,-0.80369127,-0.18118724,0
3.4769478,1.9417651,-0.08200407,0.20778275,-0.073366985,0.97541988,0
-1.7708671,-0.77751654,0.66877055,-0.56679058,0.80369127,0.18118724,0
-0.06813395,-0.21588257,0.510876,0.20778275,-0.073366985,0.97541988,0
-2.9981663,-2.5263314,0.94059753,-0.79722965,-0.59050632,0.12540948,0
-1.2793207,-1.5755833,0.2272557,0.56679058,-0.80369127,-0.18118724,0
3.2826169,2.207706,-0.63263011,0.79722965,0.59050632,-0.12540948,0
2.8791347,2.7704453,-0.52275681,-0.56679058,0.80369127,0.18118724,0
0.29449755,-0.28799063,-0.56088942,0.56679058,-0.80369127,-0.18118724,0
3.2294474,2.2290282,-0.87022948,0.79722965,0.59050632,-0.12540948,0
-3.331687,-2.1468415,0.035634995,-0.20778275,0.073366985,-0.97541988,0
-2.4581525,-2.3359742,-0.087507725,0.56679058,-0.80369127,-0.18118724,0
-1.485363,-1.3274837,0.72916257,0.20778275,-0.073366985,0.97541988,0
1.0834605,1.3161017,0.31103468,-0.56679058,0.80369127,0.18118724,0
1.1210845,1.4433224,-0.13558173,-0.56679058,0.80369127,0.18118724,0
-1.9131267,-2.0752892,0.46112537,0.56679058,-0.80369127,-0.18118724,0
1.6104965,1.2127154,0.26074934,0.20778275,-0.073366985,0.97541988,0
-3.1277151,-2.4676208,0.39349937,-0.79722965,-0.59050632,0.12540948,0
3.2473247,2.2361612,-0.72299671,0.79722965,0.59050632,-0.12540948,0
-1.8957738,-1.9555116,-0.015889168,0.56679058,-0.80369127,-0.18118724,0
2.1676104,1.668635,0.17636561,0.20778275,-0.073366985,0.97541988,0
1.6760296,1.3294623,0.25557065,0.20778275,-0.073366985,0.97541988,0
-2.4357784,-1.1523489,0.2514348,-0.56679058,0.80369127,0.18118724,0
-1.4905173,-1.6149945,-0.2585938,0.56679058,-0.80369127,-0.18118724,0
1.3344729,1.3221383,-0.69742227,-0.20778275,0.073366985,-0.97541988,0
-2.7228141,-2.5704405,0.12459803,0.56679058,-0.80369127,-0.18118724,0
1.2711606,0.31899622,0.2658124,0.20778275,-0.073366985,0.97541988,0
3.2973757,2.1614151,-0.75677371,0.79722965,0.59050632,-0.12540948,0
2.9098036,1.844386,0.031483889,0.20778275,-0.073366985,0.97541988,0
1.3353484,0.85443133,0.29241228,0.20778275,-0.073366985,0.97541988,0
-0.85197103,-1.1450326,-0.34569907,0.56679058,-0.80369127,-0.18118724,0
-2.8766987,-2.7682974,0.52084804,0.56679058,-0.80369127,-0.18118724,0
1.3244474,0.46628731,-0.68474424,0.56679058,-0.80369127,-0.18118724,0
0.54629606,0.77500755,-0.57067853,-0.20778275,0.073366985,-0.97541988,0
-0.9947713,-1.226105,0.63228261,0.20778275,-0.073366985,0.97541988,0
-3.0931056,-1.7028216,0.63691139,-0.56679058,0.80369127,0.18118724,0
-2.6302552,-1.2798842,0.20877886,-0.56679058,0.80369127,0.18118724,0
2.9173751,2.6702085,-0.77672625,0.79722965,0.59050632,-0.12540948,0
-2.2170041,-1.07433,0.58973694,-0.56679058,0.80369127,0.18118724,0
0.90702975,1.190742,0.31518126,-0.56679058,0.80369127,0.18118724,0
3.2251134,2.4117494,-0.037415504,0.79722965,0.59050632,-0.12540948,0
2.8422143,2.7802744,-0.73626304,0.79722965,0.59050632,-0.12540948,0
2.6235404,1.9112854,-0.92770433,-0.20778275,0.073366985,-0.97541988,0
-3.1774557,-2.2894819,0.91608787,-0.79722965,-0.59050632,0.12540948,0
2.4164653,1.0764492,0.024817467,0.56679058,-0.80369127,-0.18118724,0
-1.8456247,-1.1770486,0.81722021,0.20778275,-0.073366985,0.97541988,0
2.8750534,2.2194998,-0.95809913,-0.20778275,0.073366985,-0.97541988,0
1.6869817,1.8026345,-0.73637235,-0.20778275,0.073366985,-0.97541988,0
-2.9666593,-2.6702733,0.46311665,-0.79722965,-0.59050632,0.12540948,0
-2.0249863,-1.0008736,0.86457849,-0.56679058,0.80369127,0.18118724,0
-1.3119061,-1.4147582,0.68564856,0.20778275,-0.073366985,0.97541988,0
3.3627613,2.0505691,-0.86304903,0.79722965,0.59050632,-0.12540948,0
-0.027734816,-0.30894971,0.49527013,0.20778275,-0.073366985,0.97541988,0
-3.2462974,-2.3023252,0.4179883,-0.79722965,-0.59050632,0.12540948,0
1.0445416,0.15266761,-0.16922486,0.56679058,-0.80369127,-0.18118724,0
-0.81816268,-0.57158577,0.64389169,0.20778275,-0.073366985,0.97541988,0
1.8581975,2.0651374,-0.58792377,-0.56679058,0.80369127,0.18118724,0
3.1351385,2.5053496,-0.16865778,0.79722965,0.59050632,-0.12540948,0
-2.9851916,-2.63025,0.53376245,-0.79722965,-0.59050632,0.12540948,0
-1.8290734,-1.8967884,-0.06771493,0.56679058,-0.80369127,-0.18118724,0
-0.68863708,-0.15808395,0.64740217,0.20778275,-0.073366985,0.97541988,0
-1.8223414,-1.3927858,0.7960335,0.20778275,-0.073366985,0.97541988,0
3.2118843,2.3902917,-0.22254753,0.79722965,0.59050632,-0.12540948,0
3.3183668,2.1099997,-0.86543083,0.79722965,0.59050632,-0.12540948,0
1.1316884,0.1175639,0.25909674,0.56679058,-0.80369127,-0.18118724,0
-1.3105421,-1.6325848,0.66897392,0.20778275,-0.073366985,0.97541988,0
3.4701736,2.0075846,-0.38262463,0.79722965,0.59050632,-0.12540948,0
-1.7261807,-0.66400975,0.3050772,-0.56679058,0.80369127,0.18118724,0
1.4288671,0.45523903,-0.30909121,0.56679058,-0.80369127,-0.18118724,0
-0.28551972,0.12597167,-0.44230384,-0.20778275,0.073366985,-0.97541988,0
-0.68208724,-0.95606804,-0.43921393,-0.20778275,0.073366985,-0.97541988,0
2.4032915,2.4256024,-0.48167229,-0.56679058,0.80369127,0.18118724,0
-2.4757981,-1.2575413,0.59284711,-0.56679058,0.80369127,0.18118724,0
2.830478,2.2175317,-0.94875169,-0.20778275,0.073366985,-0.97541988,0
-3.406383,-1.9947004,0.84880996,-0.79722965,-0.59050632,0.12540948,0
-2.9408057,-2.731318,0.3400321,-0.79722965,-0.59050632,0.12540948,0
3.3272052,2.2122588,-0.32774353,0.79722965,0.59050632,-0.12540948,0
1.8994422,1.947747,-0.77071548,-0.20778275,0.073366985,-0.97541988,0
3.3354301,2.239759,-0.14596748,0.79722965,0.59050632,-0.12540948,0
-2.9014356,-1.9706776,-0.042765617,-0.20778275,0.073366985,-0.97541988,0
-2.4385357,-2.0951152,-0.1507318,-0.20778275,0.073366985,-0.97541988,0
3.1080649,2.5433569,-0.16180229,0.79722965,0.59050632,-0.12540948,0
3.4319994,2.0329764,-0.50574017,0.79722965,0.59050632,-0.12540948,0
-3.1892192,-2.2997229,0.79308414,-0.79722965,-0.59050632,0.12540948,0
2.4984958,1.1637648,-0.10587978,0.56679058,-0.80369127,-0.18118724,0
-0.87117338,0.020132005,-0.054930389,-0.56679058,0.80369127,0.18118724,0
1.589914,0.575216,-0.33748507,0.56679058,-0.80369127,-0.18118724,0
0.5003674,0.16312785,0.41828212,0.20778275,-0.073366985,0.97541988,0
0.92881781,0.89915502,-0.64282495,-0.20778275,0.073366985,-0.97541988,0
-1.8302219,-1.3435524,-0.22378469,-0.20778275,0.073366985,-0.97541988,0
-1.0164379,-0.086103976,-0.038116693,-0.56679058,0.80369127,0.18118724,0
0.51671499,0.41739953,-0.59127498,-0.20778275,0.073366985,-0.97541988,0
-2.6993332,-2.6575525,0.88771915,0.20778275,-0.073366985,0.97541988,0
3.2679086,2.1779773,-0.86610985,0.79722965,0.59050632,-0.12540948,0
-0.70509887,-0.33904928,-0.3879025,-0.20778275,0.073366985,-0.97541988,0
-2.9408724,-2.6627502,0.66247106,-0.79722965,-0.59050632,0.12540948,0
1.0156519,1.2539248,0.37471318,-0.56679058,0.80369127,0.18118724,0
-2.1458888,-2.1996377,0.80426717,0.20778275,-0.073366985,0.97541988,0
1.3868935,0.55117738,-0.76657712,-0.20778275,0.073366985,-0.97541988,0
-2.1808982,-2.2669187,0.47349143,0.56679058,-0.80369127,-0.18118724,0
2.2237334,1.7757728,0.1724689,0.20778275,-0.073366985,0.97541988,0
-2.9999392,-2.5582559,0.77900577,-0.79722965,-0.59050632,0.12540948,0
-1.2820174,-0.35904127,0.34176326,-0.56679058,0.80369127,0.18118724,0
-2.3671854,-1.352704,-0.11008978,-0.20778275,0.073366985,-0.97541988,0
-3.3496282,-2.1707768,0.38052368,-0.79722965,-0.59050632,0.12540948,0
2.9237561,2.7528255,-0.3471458,0.79722965,0.59050632,-0.12540948,0
-2.879741,-2.7183838,0.28993058,0.56679058,-0.80369127,-0.18118724,0
-2.9644411,-2.6815112,0.42430496,-0.79722965,-0.59050632,0.12540948,0
-2.2337172,-2.1640091,-0.14821243,0.56679058,-0.80369127,-0.18118724,0
3.3107994,2.2857795,-0.08585453,0.79722965,0.59050632,-0.12540948,0
3.4122338,2.0677071,-0.46785498,0.79722965,0.59050632,-0.12540948,0
-0.79491854,-1.2852002,0.45451295,0.56679058,-0.80369127,-0.18118724,0
3.0720131,2.5393891,-0.40966845,0.79722965,0.59050632,-0.12540948,0
-0.52214897,0.079954594,-0.39535859,-0.20778275,0.073366985,-0.97541988,0
-2.0774562,-2.1798806,0.4110043,0.56679058,-0.80369127,-0.18118724,0
0.55542958,0.13121183,0.40415227,0.20778275,-0.073366985,0.97541988,0
-3.0053918,-2.6230953,0.43904018,-0.79722965,-0.59050632,0.12540948,0
0.90067762,1.2406065,0.07412672,-0.56679058,0.80369127,0.18118724,0
3.1628561,2.4497497,-0.25425768,0.79722965,0.59050632,-0.12540948,0
2.9959736,2.5470119,-0.85715818,0.79722965,0.59050632,-0.12540948,0
-2.3432229,-2.3159556,0.18321967,0.56679058,-0.80369127,-0.18118724,0
-1.5252998,-1.5786242,0.71878016,0.20778275,-0.073366985,0.97541988,0
-3.200758,-2.256566,0.92294192,-0.79722965,-0.59050632,0.12540948,0
-0.068261325,-0.39317858,0.49756765,0.20778275,-0.073366985,0.97541988,0
2.3302579,1.1579944,-0.60656571,0.56679058,-0.80369127,-0.18118724,0
-1.7481655,-1.8396063,-0.06826067,0.56679058,-0.80369127,-0.18118724,0
0.87831914,1.3508811,-0.48495972,-0.56679058,0.80369127,0.18118724,0
3.3550584,2.0175233,-1.0676157,0.79722965,0.59050632,-0.12540948,0
-1.0192306,-1.239452,0.63648891,0.20778275,-0.073366985,0.97541988,0
-3.0218751,-2.6036398,0.42586279,-0.79722965,-0.59050632,0.12540948,0
2.4675891,1.1684947,-0.22354269,0.56679058,-0.80369127,-0.18118724,0
-2.7313759,-2.2720904,-0.10166264,-0.20778275,0.073366985,-0.97541988,0
-2.9832406,-2.6392918,0.50359178,-0.79722965,-0.59050632,0.12540948,0
-3.1515942,-2.3910241,0.6023674,-0.79722965,-0.59050632,0.12540948,0
-1.9095764,-1.9559989,-0.056904793,0.56679058,-0.80369127,-0.18118724,0
-3.4193566,-2.0023737,0.73020625,-0.79722965,-0.59050632,0.12540948,0
2.9999902,2.6404169,-0.3918159,0.79722965,0.59050632,-0.12540948,0
-3.430825,-2.0695932,0.34078741,-0.79722965,-0.59050632,0.12540948,0
-3.1433008,-1.988447,0.007420063,-0.20778275,0.073366985,-0.97541988,0
0.62485182,0.06920445,0.3847,0.20778275,-0.073366985,0.97541988,0
2.9785635,2.6489959,-0.48763108,0.79722965,0.59050632,-0.12540948,0
3.3525124,2.036304,-0.99536943,0.79722965,0.59050632,-0.12540948,0
-3.1872814,-2.3680019,0.48390341,-0.79722965,-0.59050632,0.12540948,0
2.1812277,2.0683446,-0.82167029,-0.20778275,0.073366985,-0.97541988,0
1.5072256,0.50330806,-0.27718925,0.56679058,-0.80369127,-0.18118724,0
-2.5490141,-2.566555,0.86254239,0.20778275,-0.073366985,0.97541988,0
0.19830887,-0.40269068,-0.35301286,0.56679058,-0.80369127,-0.18118724,0
-1.9809155,-0.92284554,0.65633154,-0.56679058,0.80369127,0.18118724,0
2.4140086,2.097713,-0.86904788,-0.20778275,0.073366985,-0.97541988,0
3.3881159,2.0986645,-0.47540712,0.79722965,0.59050632,-0.12540948,0
1.7866499,0.68083835,-0.19056344,0.56679058,-0.80369127,-0.18118724,0
0.7776193,1.1084529,0.27536833,-0.56679058,0.80369127,0.18118724,0
-3.1065011,-2.5893874,-0.044996738,-0.79722965,-0.59050632,0.12540948,0
3.2438376,1.6878073,-0.051448822,0.20778275,-0.073366985,0.97541988,0
-0.46406895,-0.24043462,-0.43182904,-0.20778275,0.073366985,-0.97541988,0
-0.020831287,-0.34134728,-0.5338372,-0.20778275,0.073366985,-0.97541988,0
-1.6029699,-0.9938395,0.77931011,0.20778275,-0.073366985,0.97541988,0
-0.48901087,0.18409157,0.41327709,-0.56679058,0.80369127,0.18118724,0
-2.9760604,-2.6673856,0.41695118,-0.79722965,-0.59050632,0.12540948,0
3.095849,2.4143801,-0.84676194,0.79722965,0.59050632,-0.12540948,0
2.9088993,2.7004466,-0.68822527,0.79722965,0.59050632,-0.12540948,0
-2.999234,-2.0802314,-0.030172825,-0.20778275,0.073366985,-0.97541988,0
-3.1357722,-1.748122,0.70438004,-0.56679058,0.80369127,0.18118724,0
-2.9665518,-2.7085166,0.28372955,-0.79722965,-0.59050632,0.12540948,0
-3.2841406,-2.299696,0.1897974,-0.79722965,-0.59050632,0.12540948,0
0.97930217,1.0932953,-0.63897669,-0.20778275,0.073366985,-0.97541988,0
3.196269,2.3228037,-0.63959026,0.79722965,0.59050632,-0.12540948,0
-3.180773,-2.2735753,0.96989822,-0.79722965,-0.59050632,0.12540948,0
3.3379934,2.1085746,-0.7473731,0.79722965,0.59050632,-0.12540948,0
-2.6788793,-2.6548071,0.63625956,0.56679058,-0.80369127,-0.18118724,0
-3.4526708,-2.0925846,0.093657017,-0.79722965,-0.59050632,0.12540948,0
-0.88477743,-1.2818571,0.15858769,0.56679058,-0.80369127,-0.18118724,0
1.23527,0.31517926,-0.29343975,0.56679058,-0.80369127,-0.18118724,0
-1.6816971,-0.55619812,-0.033988237,-0.56679058,0.80369127,0.18118724,0
-2.0786476,-2.1677547,0.79234171,0.20778275,-0.073366985,0.97541988,0
1.7561867,1.971657,-0.49238467,-0.56679058,0.80369127,0.18118724,0
-0.06940484,-0.56733644,-0.4601571,0.56679058,-0.80369127,-0.18118724,0
-3.1589108,-2.3687177,0.66088629,-0.79722965,-0.59050632,0.12540948,0
-2.9572356,-2.6269565,0.72698617,-0.79722965,-0.59050632,0.12540948,0
-0.33375391,-0.49343151,-0.47861791,-0.20778275,0.073366985,-0.97541988,0
-0.90329129,-0.0047087073,-0.045215666,-0.56679058,0.80369127,0.18118724,0
3.0650332,2.614269,-0.10145664,0.79722965,0.59050632,-0.12540948,0
-0.95892847,-0.070248038,0.071452379,-0.56679058,0.80369127,0.18118724,0
-1.8679025,-0.85308444,0.70041931,-0.56679058,0.80369127,0.18118724,0
-1.1703824,-0.71593273,0.70806396,0.20778275,-0.073366985,0.97541988,0
-3.0207384,-2.6752346,0.09597683,-0.79722965,-0.59050632,0.12540948,0
-3.495985,-1.9441733,0.44718504,-0.56679058,0.80369127,0.18118724,0
-3.1801131,-2.462286,0.085525036,-0.79722965,-0.59050632,0.12540948,0
-0.01571995,0.66764283,-0.25105864,-0.56679058,0.80369127,0.18118724,0
1.8500837,0.84151912,-0.7048614,0.56679058,-0.80369127,-0.18118724,0
-0.22694328,0.28070259,0.5820564,0.20778275,-0.073366985,0.97541988,0
1.1226518,0.29857022,-0.57205981,0.56679058,-0.80369127,-0.18118724,0
-1.6737833,-0.73066843,0.76466429,-0.56679058,0.80369127,0.18118724,0
-0.94320929,0.0042457283,-0.2098062,-0.56679058,0.80369127,0.18118724,0
-2.2323887,-2.0960135,-0.1947124,-0.20778275,0.073366985,-0.97541988,0
2.9605737,2.0745738,-0.98721743,-0.20778275,0.073366985,-0.97541988,0
0.66002721,0.48461348,-0.61674756,-0.20778275,0.073366985,-0.97541988,0
-0.32752684,0.47262743,-0.3614251,-0.56679058,0.80369127,0.18118724,0
-0.85885531,-1.3585045,0.57966185,0.56679058,-0.80369127,-0.18118724,0
-2.9536345,-2.6443326,0.66806293,-0.79722965,-0.59050632,0.12540948,0
3.3031585,2.0981278,-1.0180101,0.79722965,0.59050632,-0.12540948,0
3.0097032,2.7127414,0.01047802,0.79722965,0.59050632,-0.12540948,0
-2.8179836,-2.7799683,0.89173794,-0.79722965,-0.59050632,0.12540948,0
2.690155,1.9327292,-0.94028163,-0.20778275,0.073366985,-0.97541988,0
2.6478119,2.6187749,-0.87966037,-0.20778275,0.073366985,-0.97541988,0
-1.7505414,-0.60524786,-0.03177762,-0.56679058,0.80369127,0.18118724,0
1.3936412,0.4967722,-0.60351324,0.56679058,-0.80369127,-0.18118724,0
0.6083647,0.95806706,-0.5701313,-0.20778275,0.073366985,-0.97541988,0
3.1751277,2.4596343,-0.12970304,0.79722965,0.59050632,-0.12540948,0
2.5051215,2.3591683,0.13155413,-0.56679058,0.80369127,0.18118724,0
2.1218667,2.2195055,-0.44784331,-0.56679058,0.80369127,0.18118724,0
2.7867522,2.2959123,0.091658115,0.20778275,-0.073366985,0.97541988,0
2.9941022,2.1636887,0.037543297,0.20778275,-0.073366985,0.97541988,0
-1.3260921,-0.76778448,-0.28786683,-0.20778275,0.073366985,-0.97541988,0
-2.9544709,-2.5895176,0.92084789,-0.79722965,-0.59050632,0.12540948,0
3.3899386,2.0559971,-0.66472459,0.79722965,0.59050632,-0.12540948,0
2.6392078,2.4819896,0.0062043667,-0.56679058,0.80369127,0.18118724,0
2.0400171,0.84739,-0.13675261,0.56679058,-0.80369127,-0.18118724,0
2.2768009,2.3944521,-0.73918843,-0.56679058,0.80369127,0.18118724,0
-3.5170839,-1.9809079,0.21002531,-0.79722965,-0.59050632,0.12540948,0
3.2355676,2.4048543,-0.0034255981,0.79722965,0.59050632,-0.12540948,0
-0.42934147,-0.98341078,0.25946653,0.56679058,-0.80369127,-0.18118724,0
-3.4315376,-2.0172675,0.58264208,-0.79722965,-0.59050632,0.12540948,0
-0.26175553,0.47559127,-0.16882572,-0.56679058,0.80369127,0.18118724,0
0.094627172,0.49076873,0.52935606,0.20778275,-0.073366985,0.97541988,0
-2.2174191,-2.0299428,-0.19293141,-0.20778275,0.073366985,-0.97541988,0
3.3197231,2.1709096,-0.57000494,0.79722965,0.59050632,-0.12540948,0
0.4544138,-0.24208774,-0.26425016,0.56679058,-0.80369127,-0.18118724,0
-0.54977357,0.18316361,0.22731516,-0.56679058,0.80369127,0.18118724,0
3.215523,2.253504,-0.84349871,0.79722965,0.59050632,-0.12540948,0
-3.0285349,-2.5132666,0.809062,-0.79722965,-0.59050632,0.12540948,0
3.1543803,2.4389327,-0.35907173,0.79722965,0.59050632,-0.12540948,0
-2.6513665,-1.8042908,-0.083519936,-0.20778275,0.073366985,-0.97541988,0
2.2962892,1.7815444,0.15744734,0.20778275,-0.073366985,0.97541988,0
-3.2718928,-2.1549354,0.94928002,-0.79722965,-0.59050632,0.12540948,0
2.185379,2.0908365,-0.82086301,-0.20778275,0.073366985,-0.97541988,0
-0.87536639,-0.013722301,0.08212024,-0.56679058,0.80369127,0.18118724,0
3.4707494,1.994556,-0.44031286,0.79722965,0.59050632,-0.12540948,0
-0.60409033,0.24988332,-0.23854685,-0.56679058,0.80369127,0.18118724,0
-1.6353457,-0.64189756,0.49114454,-0.56679058,0.80369127,0.18118724,0
-0.72048581,0.1213184,-0.032380939,-0.56679058,0.80369127,0.18118724,0
1.6685071,1.8851156,-0.382792,-0.56679058,0.80369127,0.18118724,0
-3.003654,-2.5186007,0.94211292,-0.79722965,-0.59050632,0.12540948,0
-3.1326182,-2.4452624,-0.029215336,-0.20778275,0.073366985,-0.97541988,0
-2.1620436,-2.3037868,0.69600773,0.56679058,-0.80369127,-0.18118724,0
2.670125,1.7845631,0.078040123,0.20778275,-0.073366985,0.97541988,0
-0.14010572,0.27303618,0.56298172,0.20778275,-0.073366985,0.97541988,0
2.0695348,1.8014381,-0.81795359,-0.20778275,0.073366985,-0.97541988,0
-3.3982379,-2.1501629,0.16857386,-0.79722965,-0.59050632,0.12540948,0
-2.8705454,-2.1219044,0.96447968,0.20778275,-0.073366985,0.97541988,0
1.5040329,1.1773603,0.28076875,0.20778275,-0.073366985,0.97541988,0
-0.84146035,-0.11693811,0.64601886,-0.56679058,0.80369127,0.18118724,0
-3.0456491,-2.4622519,0.94047642,-0.79722965,-0.59050632,0.12540948,0
1.7301471,0.72428602,0.198524,0.20778275,-0.073366985,0.97541988,0
2.1909275,1.2445055,-0.88570213,-0.20778275,0.073366985,-0.97541988,0
-1.8934407,-0.71048987,-0.011974096,-0.56679058,0.80369127,0.18118724,0
-2.0611975,-1.6489096,0.82764983,0.20778275,-0.073366985,0.97541988,0
2.1016874,0.95484877,-0.42048931,0.56679058,-0.80369127,-0.18118724,0
-3.316694,-2.2140455,0.38615084,-0.79722965,-0.59050632,0.12540948,0
3.3795569,2.1539736,-0.26938581,0.79722965,0.59050632,-0.12540948,0
2.4303365,2.3139606,0.098139763,-0.56679058,0.80369127,0.18118724,0
2.6008463,2.505743,-0.21915984,-0.56679058,0.80369127,0.18118724,0
3.2050869,2.207463,-0.0041079521,0.20778275,-0.073366985,0.97541988,0
-2.7921765,-1.3642931,0.076669216,-0.56679058,0.80369127,0.18118724,0
-3.0001953,-2.5990067,0.58549833,-0.79722965,-0.59050632,0.12540948,0
-3.080508,-1.6523821,0.019320965,-0.20778275,0.073366985,-0.97541988,0
0.57968587,0.16644874,0.40163553,0.20778275,-0.073366985,0.97541988,0
-2.9313822,-2.6899955,0.59451103,-0.79722965,-0.59050632,0.12540948,0
1.9998565,0.78719729,0.0046138763,0.56679058,-0.80369127,-0.18118724,0
2.8337865,2.4232607,-0.93398213,-0.20778275,0.073366985,-0.97541988,0
-2.6558661,-2.3881679,0.89872146,0.20778275,-0.073366985,0.97541988,0
-0.5528543,-0.45237201,0.5963428,0.20778275,-0.073366985,0.97541988,0
2.621568,1.2764544,-0.22074246,0.56679058,-0.80369127,-0.18118724,0
1.6444755,1.1951766,-0.77300811,-0.20778275,0.073366985,-0.97541988,0
-2.9218469,-2.682169,0.69197845,-0.79722965,-0.59050632,0.12540948,0
-3.2213733,-1.7752259,0.040088654,-0.20778275,0.073366985,-0.97541988,0
-3.2164865,-2.397378,0.15992785,-0.79722965,-0.59050632,0.12540948,0
-3.4232645,-2.1240821,0.13228369,-0.79722965,-0.59050632,0.12540948,0
2.902178,2.7015896,-0.72556853,0.79722965,0.59050632,-0.12540948,0
-3.195703,-2.31918,0.6602509,-0.79722965,-0.59050632,0.12540948,0
3.0798144,2.5911689,-0.11626291,0.79722965,0.59050632,-0.12540948,0
-1.1300213,-0.24769917,-0.29051507,-0.20778275,0.073366985,-0.97541988,0
0.74078947,0.73763824,-0.61492008,-0.20778275,0.073366985,-0.97541988,0
-2.756536,-2.5019927,0.91160488,0.20778275,-0.073366985,0.97541988,0
-1.9025209,-0.69390929,-0.15951991,-0.20778275,0.073366985,-0.97541988,0
-3.101455,-2.5932534,-0.031120777,-0.79722965,-0.59050632,0.12540948,0
-3.3496661,-1.9720478,1.0285432,-0.56679058,0.80369127,0.18118724,0
2.5451372,2.2133541,-0.88828278,-0.20778275,0.073366985,-0.97541988,0
-3.3027439,-2.180691,0.63188481,-0.79722965,-0.59050632,0.12540948,0
-3.0220416,-1.5353467,0.11634636,-0.56679058,0.80369127,0.18118724,0
-1.6418558,-1.2620385,-0.25777888,-0.20778275,0.073366985,-0.97541988,0
-2.4340823,-1.4487407,0.92213726,0.20778275,-0.073366985,0.97541988,0
1.4818115,0.55338222,-0.57880378,0.56679058,-0.80369127,-0.18118724,0
2.9110038,1.560586,-0.57564855,0.56679058,-0.80369127,-0.18118724,0
2.3875053,2.2913609,0.064400434,-0.56679058,0.80369127,0.18118724,0
2.4401102,2.0278883,0.14533997,0.20778275,-0.073366985,0.97541988,0
2.9103038,2.0228136,0.044798136,0.20778275,-0.073366985,0.97541988,0
0.41844267,0.94915086,-0.14159375,-0.56679058,0.80369127,0.18118724,0
-3.3229566,-1.8462685,0.554178,-0.56679058,0.80369127,0.18118724,0
2.9885905,2.6896873,-0.23228598,0.79722965,0.59050632,-0.12540948,0
-3.1058066,-2.5149333,0.30999756,-0.79722965,-0.59050632,0.12540948,0
-2.1390295,-1.294524,0.87088513,0.20778275,-0.073366985,0.97541988,0
2.9960136,2.1795583,-0.98687005,-0.20778275,0.073366985,-0.97541988,0
3.1508327,2.4032686,-0.54955173,0.79722965,0.59050632,-0.12540948,0
3.0454581,2.5063906,-0.73385525,0.79722965,0.59050632,-0.12540948,0
-0.68582046,0.044186801,0.41819137,-0.56679058,0.80369127,0.18118724,0
2.522217,2.2156024,0.14196825,0.20778275,-0.073366985,0.97541988,0
-0.074161492,0.56143928,0.037210628,-0.56679058,0.80369127,0.18118724,0
-2.8484695,-2.7550998,0.81503701,-0.79722965,-0.59050632,0.12540948,0
-0.6477468,-1.1135862,0.15366852,0.56679058,-0.80369127,-0.18118724,0
3.4057627,1.989283,-0.87826014,0.79722965,0.59050632,-0.12540948,0
2.4595585,1.1950775,-0.36657763,0.56679058,-0.80369127,-0.18118724,0
-1.5565529,-1.6220427,0.72217178,0.20778275,-0.073366985,0.97541988,0
1.4103661,1.6978493,-0.35965264,-0.56679058,0.80369127,0.18118724,0
0.38514578,-0.12781087,-0.60425663,-0.20778275,0.073366985,-0.97541988,0
-3.3169699,-2.1500769,0.68560052,-0.79722965,-0.59050632,0.12540948,0
1.2499602,0.32465643,-0.28952384,0.56679058,-0.80369127,-0.18118724,0
-2.4016869,-1.1287762,0.25351906,-0.56679058,0.80369127,0.18118724,0
-1.7427655,-0.70062339,0.41560328,-0.56679058,0.80369127,0.18118724,0
0.87730455,1.1855774,0.24510348,-0.56679058,0.80369127,0.18118724,0
3.1351032,2.3605404,-0.85073495,0.79722965,0.59050632,-0.12540948,0
2.7669601,1.513371,-0.81681514,0.56679058,-0.80369127,-0.18118724,0
3.3079557,2.0844336,-1.0519948,0.79722965,0.59050632,-0.12540948,0
2.2238126,0.95031071,-0.018327713,0.56679058,-0.80369127,-0.18118724,0
2.9205465,2.674999,-0.73400617,0.79722965,0.59050632,-0.12540948,0
3.4199045,2.1140392,-0.2009325,0.79722965,0.59050632,-0.12540948,0
1.6018208,1.5670969,0.28925228,0.20778275,-0.073366985,0.97541988,0
-0.68467396,0.12282714,0.072953463,-0.56679058,0.80369127,0.18118724,0
-3.4446714,-2.0634804,0.28154898,-0.79722965,-0.59050632,0.12540948,0
-2.7436295,-2.7468555,0.84200597,0.56679058,-0.80369127,-0.18118724,0
2.5612602,1.3207282,-0.60578108,0.56679058,-0.80369127,-0.18118724,0
3.1254723,2.5021615,-0.24511909,0.79722965,0.59050632,-0.12540948,0
0.86016136,1.3011391,-0.3211205,-0.56679058,0.80369127,0.18118724,0
2.1522248,1.3587811,0.1563375,0.20778275,-0.073366985,0.97541988,0
0.66042852,0.79467076,0.43168813,0.20778275,-0.073366985,0.97541988,0
1.5675639,1.4426947,0.28719282,0.20778275,-0.073366985,0.97541988,0
-3.2974117,-2.2258344,0.45322084,-0.79722965,-0.59050632,0.12540948,0
-2.024997,-0.78730053,-0.14045525,-0.20778275,0.073366985,-0.97541988,0
-2.7164576,-2.6073041,0.30799866,0.56679058,-0.80369127,-0.18118724,0
-2.3842545,-2.3950467,0.40568829,0.56679058,-0.80369127,-0.18118724,0
-3.414773,-2.1405268,0.10883474,-0.79722965,-0.59050632,0.12540948,0
-3.2797225,-2.0110116,1.0599828,0.20778275,-0.073366985,0.97541988,0
1.1677735,1.5502224,-0.46370435,-0.56679058,0.80369127,0.18118724,0
-2.6553612,-1.2819345,0.13933825,-0.56679058,0.80369127,0.18118724,0
2.9011343,2.3997684,-0.95009565,-0.20778275,0.073366985,-0.97541988,0
-3.3123169,-2.1348667,0.78679919,-0.79722965,-0.59050632,0.12540948,0
-0.38211775,-0.97652197,0.37663513,0.56679058,-0.80369127,-0.18118724,0
-3.1769228,-2.4426174,0.19841719,-0.79722965,-0.59050632,0.12540948,0
-3.5195429,-1.9759719,0.21763706,-0.79722965,-0.59050632,0.12540948,0
3.1989727,2.2801201,-0.82338428,0.79722965,0.59050632,-0.12540948,0
-3.136461,-2.4912972,0.22641802,-0.79722965,-0.59050632,0.12540948,0
3.3189766,2.1659636,-0.59804058,0.79722965,0.59050632,-0.12540948,0
-2.5629671,-2.3325834,-0.14208674,-0.20778275,0.073366985,-0.97541988,0
2.7802961,1.6259665,0.04264307,0.20778275,-0.073366985,0.97541988,0
0.099858224,-0.13370495,-0.54392833,-0.20778275,0.073366985,-0.97541988,0
-3.4170382,-2.1168485,0.20592642,-0.79722965,-0.59050632,0.12540948,0
-3.366663,-2.0499103,0.84134912,-0.79722965,-0.59050632,0.12540948,0
-3.2537918,-2.2181039,0.76691079,-0.79722965,-0.59050632,0.12540948,0
0.74959677,-0.046442121,-0.20868236,0.56679058,-0.80369127,-0.18118724,0
-0.86114526,-0.31651154,0.6722334,0.20778275,-0.073366985,0.97541988,0
-2.6008937,-1.3724735,0.71132588,-0.56679058,0.80369127,0.18118724,0
1.3311934,0.71468586,0.28278649,0.20778275,-0.073366985,0.97541988,0
1.3810372,1.1420181,-0.72088921,-0.20778275,0.073366985,-0.97541988,0
2.9472558,2.7321625,-0.29505444,0.79722965,0.59050632,-0.12540948,0
-1.5471184,-1.7836471,0.31243706,0.56679058,-0.80369127,-0.18118724,0
-2.9157233,-2.7221851,0.54248571,-0.79722965,-0.59050632,0.12540948,0
-3.0026839,-2.5535843,0.78355598,-0.79722965,-0.59050632,0.12540948,0
-3.1902864,-2.3272264,0.65679646,-0.79722965,-0.59050632,0.12540948,0
-2.3437703,-2.2559156,-0.084812164,0.56679058,-0.80369127,-0.18118724,0
2.8641453,2.1165903,-0.96351552,-0.20778275,0.073366985,-0.97541988,0
3.4047811,2.1063333,-0.33335543,0.79722965,0.59050632,-0.12540948,0
0.76258838,-0.056487232,-0.12348479,0.56679058,-0.80369127,-0.18118724,0
-2.4886858,-2.3654146,-0.052433491,0.56679058,-0.80369127,-0.18118724,0
-3.1434026,-2.4058125,0.58480763,-0.79722965,-0.59050632,0.12540948,0
1.8860627,1.894966,-0.77183557,-0.20778275,0.073366985,-0.97541988,0
-3.0763798,-2.5726342,0.22537136,-0.79722965,-0.59050632,0.12540948,0
-0.76545668,-0.55130708,-0.39101028,-0.20778275,0.073366985,-0.97541988,0
