0.25916737,3.2493229,-1.0086877,-0.97491729,0.20403838,-0.088907868,0
-0.047589123,1.9260545,-0.68177772,-0.97491729,0.20403838,-0.088907868,0
-0.95802653,-2.9866819,1.5781224,-0.22255108,-0.88883531,0.40055311,0
-0.94401395,-3.0319917,1.4853644,-0.22255108,-0.88883531,0.40055311,0
0.067149401,-1.8200108,0.7106545,0.97491729,-0.20403838,0.088907868,0
-1.016052,-3.1756754,1.1265023,-0.22255108,-0.88883531,0.40055311,0
-0.33686972,0.88246548,0.095345259,-0.97491729,0.20403838,-0.088907868,0
0.81195349,3.2265635,-1.1269796,0.22255108,0.88883531,-0.40055311,0
0.26568544,-1.0364974,0.33172953,0.97491729,-0.20403838,0.088907868,0
0.24461269,3.04246,-1.3238232,-0.97491729,0.20403838,-0.088907868,0
0.11124468,2.5992684,-0.87848043,-0.97491729,0.20403838,-0.088907868,0
0.028926045,0.54131657,0.3046478,0.0027037859,0.41029271,0.91194987,0
-1.010046,-3.1291144,1.2331593,-0.22255108,-0.88883531,0.40055311,0
0.28557527,2.1667354,-1.523952,-0.0027037859,-0.41029271,-0.91194987,0
-0.065047741,-1.2677673,1.1188461,0.0027037859,0.41029271,0.91194987,0
0.77292883,3.0089436,-1.6315644,0.22255108,0.88883531,-0.40055311,0
0.39930573,-0.27847126,0.60614526,0.97491729,-0.20403838,0.088907868,0
0.52647185,3.1808043,-1.3871374,0.22255108,0.88883531,-0.40055311,0
0.041478783,0.97532338,0.10934782,0.0027037859,0.41029271,0.91194987,0
-1.1098036,-3.0405626,1.3742311,-0.22255108,-0.88883531,0.40055311,0
1.1931646,2.8252897,-1.8056097,0.22255108,0.88883531,-0.40055311,0
0.65325558,3.1402783,-1.4066222,0.22255108,0.88883531,-0.40055311,0
0.98351341,3.1836104,-1.1269736,0.22255108,0.88883531,-0.40055311,0
-0.37966764,-3.2476764,1.3203123,-0.22255108,-0.88883531,0.40055311,0
0.80566609,1.0850828,-0.72051311,0.97491729,-0.20403838,0.088907868,0
1.220752,2.9939899,-1.4159324,0.22255108,0.88883531,-0.40055311,0
0.95293373,2.5790167,-0.61486745,0.0027037859,0.41029271,0.91194987,0
0.23941851,-0.68481803,-0.24088109,-0.0027037859,-0.41029271,-0.91194987,0
0.93207538,1.6291106,-0.8581382,0.97491729,-0.20403838,0.088907868,0
-0.98590064,-3.1568313,1.18507,-0.22255108,-0.88883531,0.40055311,0
0.58699012,3.0061288,-1.7411206,0.22255108,0.88883531,-0.40055311,0
0.97385061,1.9984956,-0.46850705,0.97491729,-0.20403838,0.088907868,0
0.86844242,2.9671855,-1.6711588,0.22255108,0.88883531,-0.40055311,0
1.2097516,2.8863935,-1.0175986,0.97491729,-0.20403838,0.088907868,0
-0.68026483,-1.2662365,1.1199814,0.0027037859,0.41029271,0.91194987,0
0.969109,3.2366409,-1.0173011,0.22255108,0.88883531,-0.40055311,0
0.81890869,2.9404867,-1.7579255,0.22255108,0.88883531,-0.40055311,0
0.32273722,-0.65967596,0.57091349,0.97491729,-0.20403838,0.088907868,0
0.92742836,1.7099297,-0.62170815,0.97491729,-0.20403838,0.088907868,0
-1.2039692,-3.1689429,1.0370333,-0.22255108,-0.88883531,0.40055311,0
0.039910316,-1.7664008,1.1323774,0.97491729,-0.20403838,0.088907868,0
-1.1618274,-3.0718572,1.2758827,-0.22255108,-0.88883531,0.40055311,0
-0.79429632,-1.1781293,0.38230097,-0.97491729,0.20403838,-0.088907868,0
0.35145247,3.0094457,-1.8646274,0.22255108,0.88883531,-0.40055311,0
-0.26200283,-1.3272817,1.146206,0.0027037859,0.41029271,0.91194987,0
-0.13385975,-1.9901431,1.444052,0.0027037859,0.41029271,0.91194987,0
0.12187319,-1.7043463,0.37602639,0.97491729,-0.20403838,0.088907868,0
-0.97157347,-3.1660113,0.87901568,-0.0027037859,-0.41029271,-0.91194987,0
-0.2467494,1.2009397,-0.16198754,-0.97491729,0.20403838,-0.088907868,0
-0.026857734,1.8206828,-1.1509285,-0.97491729,0.20403838,-0.088907868,0
0.6507439,0.6854111,0.061059892,0.97491729,-0.20403838,0.088907868,0
-0.49398172,-2.9371996,1.871207,0.0027037859,0.41029271,0.91194987,0
-0.90811169,-3.0670335,1.4275534,-0.22255108,-0.88883531,0.40055311,0
0.33683595,-0.54753059,0.67368126,0.97491729,-0.20403838,0.088907868,0
0.31009638,3.0871949,-1.7150779,0.22255108,0.88883531,-0.40055311,0
1.1485314,2.6459613,-0.89806914,0.97491729,-0.20403838,0.088907868,0
-1.1619651,-2.7796242,0.73862624,-0.97491729,0.20403838,-0.088907868,0
0.080852896,-1.2387087,0.0087883472,-0.0027037859,-0.41029271,-0.91194987,0
-0.94528335,-2.0431619,0.37375998,-0.0027037859,-0.41029271,-0.91194987,0
-0.66564459,-0.80661422,-0.17582059,-0.97491729,0.20403838,-0.088907868,0
0.058048755,-1.9966699,0.40502572,0.97491729,-0.20403838,0.088907868,0
-0.95248294,-2.8088379,1.8148155,0.0027037859,0.41029271,0.91194987,0
0.24163479,0.07293126,-0.58180445,-0.0027037859,-0.41029271,-0.91194987,0
-0.58003378,-0.3334932,-0.028799221,-0.97491729,0.20403838,-0.088907868,0
-0.20112371,0.78144515,-0.89925718,-0.0027037859,-0.41029271,-0.91194987,0
0.35229743,-0.82110131,-0.12369126,0.97491729,-0.20403838,0.088907868,0
-0.37990564,-0.081698239,0.58615869,0.0027037859,0.41029271,0.91194987,0
0.5611968,3.2023027,-1.320137,0.22255108,0.88883531,-0.40055311,0
-0.97037697,-3.2592773,0.96636486,-0.22255108,-0.88883531,0.40055311,0
0.1932732,-1.4266796,0.23031938,0.97491729,-0.20403838,0.088907868,0
-0.91469604,-3.2857997,0.93844891,-0.22255108,-0.88883531,0.40055311,0
0.25003564,0.84216762,-0.92791426,-0.0027037859,-0.41029271,-0.91194987,0
0.23473907,-0.92041582,0.93747127,0.97491729,-0.20403838,0.088907868,0
-0.61006105,-3.0091243,1.7216551,-0.22255108,-0.88883531,0.40055311,0
-0.54915929,-3.3265195,1.051187,-0.22255108,-0.88883531,0.40055311,0
1.0594255,2.9991088,-1.4942086,0.22255108,0.88883531,-0.40055311,0
0.27060366,3.1587887,-1.3418632,-0.97491729,0.20403838,-0.088907868,0
0.87537783,3.2317474,-1.0802369,0.22255108,0.88883531,-0.40055311,0
-0.27044687,0.95201153,-0.47340846,-0.97491729,0.20403838,-0.088907868,0
0.18170787,1.8998419,-0.30701518,0.0027037859,0.41029271,0.91194987,0
0.37287688,1.4830577,-1.2166194,-0.0027037859,-0.41029271,-0.91194987,0
0.11334819,-1.448971,1.055578,0.97491729,-0.20403838,0.088907868,0
0.077398211,-1.8223,0.5930171,0.97491729,-0.20403838,0.088907868,0
-0.89280462,-2.4172206,1.6384475,0.0027037859,0.41029271,0.91194987,0
-1.0116022,-1.9176404,1.0680273,-0.97491729,0.20403838,-0.088907868,0
0.29285926,0.36651564,0.38250947,0.0027037859,0.41029271,0.91194987,0
-0.88478756,-2.1826534,1.5328903,0.0027037859,0.41029271,0.91194987,0
1.1878512,2.5503631,-1.5486217,0.97491729,-0.20403838,0.088907868,0
-0.3078905,-0.74101478,-0.21397507,-0.0027037859,-0.41029271,-0.91194987,0
-0.22082713,1.2993628,-0.22036111,-0.97491729,0.20403838,-0.088907868,0
-0.44609129,-2.1675787,1.524807,0.0027037859,0.41029271,0.91194987,0
1.0732394,2.7900229,-1.8067091,-0.0027037859,-0.41029271,-0.91194987,0
-0.18220326,-1.5743928,0.16059494,-0.0027037859,-0.41029271,-0.91194987,0
0.83206677,3.2379718,-1.0904896,0.22255108,0.88883531,-0.40055311,0
-1.033821,-2.9807501,1.5491726,-0.22255108,-0.88883531,0.40055311,0
0.53359741,3.2548733,-0.91769695,0.0027037859,0.41029271,0.91194987,0
-0.31687045,-1.6807957,1.3054171,0.0027037859,0.41029271,0.91194987,0
0.23555401,-1.3029822,0.050567627,0.97491729,-0.20403838,0.088907868,0
-0.61079395,-2.9521096,1.8477645,-0.22255108,-0.88883531,0.40055311,0
0.78176868,3.1397479,-1.3363962,0.22255108,0.88883531,-0.40055311,0
0.43464369,3.3619473,-1.0361967,0.22255108,0.88883531,-0.40055311,0
-0.32961637,-3.3818839,1.050312,-0.22255108,-0.88883531,0.40055311,0
-0.30069852,0.8328799,-0.41508484,-0.97491729,0.20403838,-0.088907868,0
0.73516655,2.9526615,-1.7774372,0.22255108,0.88883531,-0.40055311,0
0.43190598,3.3041685,-1.1659298,0.22255108,0.88883531,-0.40055311,0
-0.85869968,-3.0293674,1.5385892,-0.22255108,-0.88883531,0.40055311,0
-1.1046592,-2.3932114,1.628274,0.0027037859,0.41029271,0.91194987,0
0.36960304,3.2218115,-1.3832986,0.22255108,0.88883531,-0.40055311,0
-0.2115162,-3.0866282,0.85954261,0.97491729,-0.20403838,0.088907868,0
0.56532156,0.89751053,0.14280331,0.0027037859,0.41029271,0.91194987,0
0.011091977,0.59180593,0.28198513,0.0027037859,0.41029271,0.91194987,0
-0.21448669,1.0932982,0.057029128,0.0027037859,0.41029271,0.91194987,0
-0.421498,-2.7945437,0.71025872,-0.0027037859,-0.41029271,-0.91194987,0
-1.086943,-2.9819341,1.5170298,-0.22255108,-0.88883531,0.40055311,0
0.39891595,3.2465892,-0.9135704,0.0027037859,0.41029271,0.91194987,0
0.57123965,0.55941761,-0.80165535,-0.0027037859,-0.41029271,-0.91194987,0
0.78552049,1.1205555,-0.41819954,0.97491729,-0.20403838,0.088907868,0
0.53768575,3.157845,-1.4318538,0.22255108,0.88883531,-0.40055311,0
0.5548054,3.2569604,-1.2024028,0.22255108,0.88883531,-0.40055311,0
-1.1195613,-2.9729152,1.5189204,-0.22255108,-0.88883531,0.40055311,0
-0.71639866,-3.2940183,1.0303872,-0.22255108,-0.88883531,0.40055311,0
-0.64379859,-3.0752387,1.5562005,-0.22255108,-0.88883531,0.40055311,0
0.2694338,-1.0977271,0.15010798,0.97491729,-0.20403838,0.088907868,0
-0.90732872,-2.7631066,1.794107,0.0027037859,0.41029271,0.91194987,0
-0.036489248,-2.0162339,1.3967829,0.97491729,-0.20403838,0.088907868,0
0.32553554,3.2869241,-1.2632961,0.22255108,0.88883531,-0.40055311,0
0.66744184,0.76307082,0.056184113,0.97491729,-0.20403838,0.088907868,0
-1.1019975,-2.5110931,0.69731665,-0.97491729,0.20403838,-0.088907868,0
-0.44037461,-3.214993,1.359107,-0.22255108,-0.88883531,0.40055311,0
-0.7685225,-2.9948463,1.6652956,-0.22255108,-0.88883531,0.40055311,0
0.87336493,3.2063041,-1.1378148,0.22255108,0.88883531,-0.40055311,0
-0.55178833,-1.7152817,0.22507751,-0.0027037859,-0.41029271,-0.91194987,0
0.71949995,3.1285295,-1.3958867,0.22255108,0.88883531,-0.40055311,0
1.050458,3.1708732,-1.1180422,0.22255108,0.88883531,-0.40055311,0
0.0939219,1.2428086,-1.1077026,-0.0027037859,-0.41029271,-0.91194987,0
-0.60913491,-0.31523433,0.33221179,-0.97491729,0.20403838,-0.088907868,0
-0.095841527,-1.1644931,1.0724738,0.0027037859,0.41029271,0.91194987,0
-0.17113966,-0.47656044,0.7631911,0.0027037859,0.41029271,0.91194987,0
-0.47713208,-3.1701641,1.4381616,-0.22255108,-0.88883531,0.40055311,0
-0.33500224,0.82687628,-0.052706361,-0.97491729,0.20403838,-0.088907868,0
-0.67887342,-0.77384681,0.044439077,-0.97491729,0.20403838,-0.088907868,0
0.049727559,1.1569928,-1.0689623,-0.0027037859,-0.41029271,-0.91194987,0
-0.9192192,-1.4818538,1.05511,-0.97491729,0.20403838,-0.088907868,0
-1.2553748,-2.8264265,1.6555011,-0.97491729,0.20403838,-0.088907868,0
-0.882231,-1.3311164,0.9954505,-0.97491729,0.20403838,-0.088907868,0
-0.37272519,-3.3870854,1.0148168,-0.22255108,-0.88883531,0.40055311,0
-0.005005002,0.8266449,-0.92017436,-0.0027037859,-0.41029271,-0.91194987,0
-1.0249888,-2.2168078,0.52824759,-0.97491729,0.20403838,-0.088907868,0
-0.22826527,1.3352326,-0.051778197,0.0027037859,0.41029271,0.91194987,0
-0.82152045,-2.987421,1.6523261,-0.22255108,-0.88883531,0.40055311,0
0.76160222,0.81999111,-0.84570062,0.97491729,-0.20403838,0.088907868,0
1.0556731,2.5649858,-0.6088593,0.0027037859,0.41029271,0.91194987,0
-0.0201267,1.4084117,-1.1818706,-0.0027037859,-0.41029271,-0.91194987,0
-0.68830597,-3.0628533,1.5589557,-0.22255108,-0.88883531,0.40055311,0
-0.56390274,-0.3965942,-0.3504965,-0.97491729,0.20403838,-0.088907868,0
-0.7931627,-3.2750583,1.029809,-0.22255108,-0.88883531,0.40055311,0
1.0045493,3.1014991,-1.2974923,0.22255108,0.88883531,-0.40055311,0
-0.01950407,1.922398,-0.99813437,-0.97491729,0.20403838,-0.088907868,0
-0.48531711,-3.149663,1.4791057,-0.22255108,-0.88883531,0.40055311,0
0.61206424,0.41227123,-0.14163899,0.97491729,-0.20403838,0.088907868,0
-0.25919884,0.86398906,-0.79875529,-0.97491729,0.20403838,-0.088907868,0
0.87420917,2.9211745,-1.7700543,0.22255108,0.88883531,-0.40055311,0
-0.59610903,-3.0433087,1.6535509,-0.22255108,-0.88883531,0.40055311,0
0.63307023,3.2034621,-1.2776318,0.22255108,0.88883531,-0.40055311,0
-0.16059732,-1.0486412,-0.076008439,-0.0027037859,-0.41029271,-0.91194987,0
-0.81803036,-3.022085,1.5773451,-0.22255108,-0.88883531,0.40055311,0
-1.2156339,-2.9127336,1.5990856,-0.22255108,-0.88883531,0.40055311,0
0.71042132,3.117456,-1.4255037,0.22255108,0.88883531,-0.40055311,0
0.61564744,2.841825,-1.8286581,-0.0027037859,-0.41029271,-0.91194987,0
0.43001893,-0.12062132,-0.49528229,-0.0027037859,-0.41029271,-0.91194987,0
0.92824829,3.2429385,-1.0260293,0.22255108,0.88883531,-0.40055311,0
0.44317585,1.6760446,-0.20710242,0.0027037859,0.41029271,0.91194987,0
-0.35508376,0.25653481,0.43391168,0.0027037859,0.41029271,0.91194987,0
-0.59254944,-1.9794202,1.4405878,0.0027037859,0.41029271,0.91194987,0
-0.58624709,-3.208365,1.292767,-0.22255108,-0.88883531,0.40055311,0
-0.65147913,-0.46537721,0.45196706,-0.97491729,0.20403838,-0.088907868,0
0.44203413,3.2079239,-1.3738716,0.22255108,0.88883531,-0.40055311,0
0.9098258,2.9358916,-1.7176073,0.22255108,0.88883531,-0.40055311,0
1.259652,3.0174792,-1.342196,0.22255108,0.88883531,-0.40055311,0
1.0999955,2.4223533,-0.87901688,0.97491729,-0.20403838,0.088907868,0
0.40489578,1.6102223,-1.2739267,-0.0027037859,-0.41029271,-0.91194987,0
0.6452589,3.2859061,-1.0879145,0.22255108,0.88883531,-0.40055311,0
0.78181398,3.2588682,-1.0720408,0.22255108,0.88883531,-0.40055311,0
0.2234199,2.9619803,-1.2761302,-0.97491729,0.20403838,-0.088907868,0
-0.19578621,-1.361326,0.064774871,-0.0027037859,-0.41029271,-0.91194987,0
-0.23368788,-2.7794209,1.7994499,0.0027037859,0.41029271,0.91194987,0
0.64604259,0.6772511,0.093885124,0.97491729,-0.20403838,0.088907868,0
-0.10996512,1.7225459,-0.46483576,-0.97491729,0.20403838,-0.088907868,0
-0.73745847,-1.6273923,0.18608594,-0.0027037859,-0.41029271,-0.91194987,0
0.67212886,3.0407362,-0.82176566,0.0027037859,0.41029271,0.91194987,0
-0.63216305,-0.54756725,0.051535606,-0.97491729,0.20403838,-0.088907868,0
0.12261498,-1.4267056,1.0050602,0.97491729,-0.20403838,0.088907868,0
-0.095089674,-2.5959411,0.70896912,0.97491729,-0.20403838,0.088907868,0
0.95422715,3.2087135,-1.0875406,0.22255108,0.88883531,-0.40055311,0
-0.14197212,-1.671599,0.20420945,-0.0027037859,-0.41029271,-0.91194987,0
0.12991339,-1.6049677,0.51592815,0.97491729,-0.20403838,0.088907868,0
-0.76506174,-2.4284067,0.54655004,-0.0027037859,-0.41029271,-0.91194987,0
0.59334117,2.8221631,-0.7231946,0.0027037859,0.41029271,0.91194987,0
-0.98425072,-2.9575839,0.78528047,-0.0027037859,-0.41029271,-0.91194987,0
0.48429224,-0.24123788,-0.44117695,-0.0027037859,-0.41029271,-0.91194987,0
0.65626156,2.2330513,-0.45833564,0.0027037859,0.41029271,0.91194987,0
0.73899418,0.74075341,-0.77963829,0.97491729,-0.20403838,0.088907868,0
0.77856648,1.6359582,-0.19006169,0.0027037859,0.41029271,0.91194987,0
0.59679937,0.22429389,-0.40564978,0.97491729,-0.20403838,0.088907868,0
-0.32807183,-1.0912666,1.0402169,0.0027037859,0.41029271,0.91194987,0
-0.32683587,0.57737505,-0.71484452,-0.97491729,0.20403838,-0.088907868,0
1.1714468,3.1148877,-1.1750524,0.22255108,0.88883531,-0.40055311,0
0.17526373,-1.2873701,0.030401587,-0.0027037859,-0.41029271,-0.91194987,0
0.83274859,3.2659419,-1.0280445,0.22255108,0.88883531,-0.40055311,0
-0.30053756,0.5055232,0.32172835,0.0027037859,0.41029271,0.91194987,0
-0.68107444,-2.160521,0.42577696,-0.0027037859,-0.41029271,-0.91194987,0
0.044389606,-1.2798841,1.1239729,0.0027037859,0.41029271,0.91194987,0
-1.0873526,-2.9398634,1.6101584,-0.22255108,-0.88883531,0.40055311,0
0.090762854,-0.42494583,0.73919278,0.0027037859,0.41029271,0.91194987,0
0.53145796,2.7259967,-0.6797452,0.0027037859,0.41029271,0.91194987,0
1.2441853,2.8537588,-1.4700754,0.97491729,-0.20403838,0.088907868,0
-0.58810568,-3.1358476,1.4526522,-0.22255108,-0.88883531,0.40055311,0
-0.28100145,1.0765991,-0.071751475,-0.97491729,0.20403838,-0.088907868,0
0.81361175,2.9529247,-1.7332685,0.22255108,0.88883531,-0.40055311,0
0.20516229,1.2694246,-0.023455501,0.0027037859,0.41029271,0.91194987,0
1.2498767,2.911593,-1.5825913,0.22255108,0.88883531,-0.40055311,0
1.1583755,3.1963458,-1.0015585,0.22255108,0.88883531,-0.40055311,0
-0.054724336,0.77076244,-0.89488488,-0.0027037859,-0.41029271,-0.91194987,0
0.66933525,3.0359941,-1.6290975,0.22255108,0.88883531,-0.40055311,0
1.0624332,3.2095428,-1.0255806,0.22255108,0.88883531,-0.40055311,0
-0.29434967,-2.1993093,1.5386333,0.0027037859,0.41029271,0.91194987,0
0.071549185,1.2373214,-0.0086159706,0.0027037859,0.41029271,0.91194987,0
0.8140859,3.2007403,-1.1830964,0.22255108,0.88883531,-0.40055311,0
-0.61464906,-3.1465902,1.4140661,-0.22255108,-0.88883531,0.40055311,0
0.39705133,3.3187509,-1.1529379,0.22255108,0.88883531,-0.40055311,0
0.27318487,-0.89308882,0.57860982,0.97491729,-0.20403838,0.088907868,0
-0.85557002,-1.2913451,0.79437172,-0.97491729,0.20403838,-0.088907868,0
-0.80371833,-2.9014668,1.852951,-0.22255108,-0.88883531,0.40055311,0
0.35280377,1.6703084,-0.20425379,0.0027037859,0.41029271,0.91194987,0
0.067173958,0.56259692,-0.80159122,-0.0027037859,-0.41029271,-0.91194987,0
-0.8597343,-3.2272112,1.0989947,-0.22255108,-0.88883531,0.40055311,0
0.81345326,1.5709366,-0.16091144,0.0027037859,0.41029271,0.91194987,0
-0.10588318,0.038083792,0.53145546,0.0027037859,0.41029271,0.91194987,0
1.2165538,2.8283207,-1.2254624,0.97491729,-0.20403838,0.088907868,0
0.13675675,2.0052562,-0.35430861,0.0027037859,0.41029271,0.91194987,0
-0.082194269,-0.16227643,0.62152874,0.0027037859,0.41029271,0.91194987,0
-1.0575806,-2.0521002,1.2636256,-0.97491729,0.20403838,-0.088907868,0
-0.091472745,-2.1937194,1.5355167,0.0027037859,0.41029271,0.91194987,0
0.50024801,0.44722745,-0.75096965,-0.0027037859,-0.41029271,-0.91194987,0
1.2603946,2.8263679,-1.7658634,0.22255108,0.88883531,-0.40055311,0
-0.026413798,-2.3279748,0.57087207,0.97491729,-0.20403838,0.088907868,0
-0.091145813,-2.532151,0.81211638,0.97491729,-0.20403838,0.088907868,0
0.58807224,0.51032603,0.31693298,0.0027037859,0.41029271,0.91194987,0
-0.11818773,-2.5893075,0.97747326,0.97491729,-0.20403838,0.088907868,0
-0.47080141,-0.97808206,0.98971772,0.0027037859,0.41029271,0.91194987,0
-0.00089240074,2.0196664,-0.97899628,-0.97491729,0.20403838,-0.088907868,0
0.89699894,3.2527423,-1.021637,0.22255108,0.88883531,-0.40055311,0
-0.3080439,0.87376773,-0.24070477,-0.97491729,0.20403838,-0.088907868,0
-0.83199906,-2.9584043,1.7108927,-0.22255108,-0.88883531,0.40055311,0
0.27516761,0.13000773,0.48896852,0.0027037859,0.41029271,0.91194987,0
-0.71825647,-3.187026,1.266773,-0.22255108,-0.88883531,0.40055311,0
-0.076502502,1.673068,-0.9453181,-0.97491729,0.20403838,-0.088907868,0
-0.045223236,1.5161407,-1.2302639,-0.0027037859,-0.41029271,-0.91194987,0
-0.15172428,-2.7661743,0.93931913,0.97491729,-0.20403838,0.088907868,0
0.36054811,-0.65950787,0.15668464,0.97491729,-0.20403838,0.088907868,0
1.124117,2.9583678,-1.5486703,0.22255108,0.88883531,-0.40055311,0
0.57884586,1.7862874,-0.2571038,0.0027037859,0.41029271,0.91194987,0
0.67871618,3.0016418,-1.7001133,0.22255108,0.88883531,-0.40055311,0
-0.88809186,-1.3703647,0.96964538,-0.97491729,0.20403838,-0.088907868,0
-0.24980491,-3.217551,0.97893596,0.97491729,-0.20403838,0.088907868,0
0.65478754,3.062676,-1.5779729,0.22255108,0.88883531,-0.40055311,0
-0.1794136,1.4272376,-0.38101637,-0.97491729,0.20403838,-0.088907868,0
0.15440404,1.2977608,-1.1326053,-0.0027037859,-0.41029271,-0.91194987,0
1.2229846,2.9760022,-1.4546077,0.22255108,0.88883531,-0.40055311,0
-0.75346565,-0.91159189,0.54626143,-0.97491729,0.20403838,-0.088907868,0
-0.64966094,-3.2815285,1.0951834,-0.22255108,-0.88883531,0.40055311,0
-0.3047089,-1.3820915,0.074440479,-0.0027037859,-0.41029271,-0.91194987,0
-0.78536642,-3.1291003,1.3580244,-0.22255108,-0.88883531,0.40055311,0
0.19508916,-1.4581261,0.13823819,0.97491729,-0.20403838,0.088907868,0
-0.62027586,-0.82814991,-0.17384619,-0.0027037859,-0.41029271,-0.91194987,0
0.80607033,1.1970513,-0.46798468,0.97491729,-0.20403838,0.088907868,0
0.39755636,-0.40237162,0.34098411,0.97491729,-0.20403838,0.088907868,0
0.34406459,1.2094338,-1.0934287,-0.0027037859,-0.41029271,-0.91194987,0
-0.97549772,-2.046617,1.4719555,0.0027037859,0.41029271,0.91194987,0
0.87303072,1.5551865,-0.3803376,0.97491729,-0.20403838,0.088907868,0
0.1330505,2.7434382,-0.78672981,-0.97491729,0.20403838,-0.088907868,0
0.31579608,-0.63658583,0.70001608,0.97491729,-0.20403838,0.088907868,0
0.045046329,2.2717137,-0.90430212,-0.97491729,0.20403838,-0.088907868,0
0.80687618,2.4590654,-0.56046748,0.0027037859,0.41029271,0.91194987,0
1.1387711,2.3413811,-1.4900362,0.97491729,-0.20403838,0.088907868,0
-0.022082806,-0.29699501,-0.41459012,-0.0027037859,-0.41029271,-0.91194987,0
0.41979337,3.0926948,-1.6419246,0.22255108,0.88883531,-0.40055311,0
0.68082273,0.76632565,-0.083074868,0.97491729,-0.20403838,0.088907868,0
0.83314782,1.4555109,-0.17175174,0.97491729,-0.20403838,0.088907868,0
-0.76565182,-3.2776823,1.0392709,-0.22255108,-0.88883531,0.40055311,0
0.7043314,3.1626892,-1.3285136,0.22255108,0.88883531,-0.40055311,0
-0.97209394,-2.9847631,1.5745637,-0.22255108,-0.88883531,0.40055311,0
0.14841604,2.4977493,-1.5190618,-0.97491729,0.20403838,-0.088907868,0
-0.63985252,-3.3188925,1.0177207,-0.22255108,-0.88883531,0.40055311,0
0.19369245,1.3828459,-1.171002,-0.0027037859,-0.41029271,-0.91194987,0
0.02555728,-1.8414441,0.28012729,-0.0027037859,-0.41029271,-0.91194987,0
-0.20267123,0.40273583,0.36768293,0.0027037859,0.41029271,0.91194987,0
-0.83173615,-1.1647948,1.0747913,0.0027037859,0.41029271,0.91194987,0
-0.43949443,-2.0322242,0.36733937,-0.0027037859,-0.41029271,-0.91194987,0
-0.78777915,-1.2411457,0.16621888,-0.97491729,0.20403838,-0.088907868,0
-0.39299285,-3.1881652,1.4449646,-0.22255108,-0.88883531,0.40055311,0
0.88155925,3.2022514,-1.1422548,0.22255108,0.88883531,-0.40055311,0
-0.54083788,-3.189641,1.3595462,-0.22255108,-0.88883531,0.40055311,0
0.97010541,1.9959623,-0.43325353,0.97491729,-0.20403838,0.088907868,0
-1.0930216,-2.3991354,0.85582948,-0.97491729,0.20403838,-0.088907868,0
-1.2299168,-2.9842179,1.4325252,-0.22255108,-0.88883531,0.40055311,0
0.16008747,-1.469628,0.49565232,0.97491729,-0.20403838,0.088907868,0
-0.53206944,-0.91116923,0.95979464,0.0027037859,0.41029271,0.91194987,0
0.78705597,1.7992043,-1.3600841,-0.0027037859,-0.41029271,-0.91194987,0
1.2373496,2.8207195,-1.7912021,0.22255108,0.88883531,-0.40055311,0
0.25020596,-0.38797474,-0.37446499,-0.0027037859,-0.41029271,-0.91194987,0
0.10657609,-1.4331837,1.1660666,0.97491729,-0.20403838,0.088907868,0
0.24961019,0.94958079,-0.97623885,-0.0027037859,-0.41029271,-0.91194987,0
-0.66991973,-2.9863439,1.7389467,-0.22255108,-0.88883531,0.40055311,0
1.016559,2.2270932,-1.5532746,-0.0027037859,-0.41029271,-0.91194987,0
0.15674126,0.059032917,0.52125168,0.0027037859,0.41029271,0.91194987,0
0.73698449,1.8149965,-1.3670404,-0.0027037859,-0.41029271,-0.91194987,0
0.37341928,3.1094313,-1.6305518,0.22255108,0.88883531,-0.40055311,0
1.1326914,2.8795819,-1.7187333,0.22255108,0.88883531,-0.40055311,0
0.26810575,2.2993765,-1.5835764,-0.0027037859,-0.41029271,-0.91194987,0
0.95527816,3.071372,-1.3917193,0.22255108,0.88883531,-0.40055311,0
0.9321903,3.1739807,-1.1768582,0.22255108,0.88883531,-0.40055311,0
-0.10531545,-2.4398923,1.1792212,0.97491729,-0.20403838,0.088907868,0
1.2313713,2.7336016,-1.6053181,0.97491729,-0.20403838,0.088907868,0
0.64362097,2.5370641,-0.59507537,0.0027037859,0.41029271,0.91194987,0
-0.3265546,0.2804707,-0.67349327,-0.0027037859,-0.41029271,-0.91194987,0
-0.22128284,-1.5315619,0.14144087,-0.0027037859,-0.41029271,-0.91194987,0
0.61225492,0.37413415,-0.23125252,0.97491729,-0.20403838,0.088907868,0
0.79513317,1.1634059,-0.42526782,0.97491729,-0.20403838,0.088907868,0
0.056060612,2.300863,-0.95818257,-0.97491729,0.20403838,-0.088907868,0
-0.73302603,-0.87051368,0.416403,-0.97491729,0.20403838,-0.088907868,0
-0.17515838,-2.5682645,1.6504753,0.97491729,-0.20403838,0.088907868,0
0.36163312,0.68741173,-0.85861921,-0.0027037859,-0.41029271,-0.91194987,0
-0.0076503754,1.8206974,-1.3615119,-0.97491729,0.20403838,-0.088907868,0
-0.69526857,-0.53395277,0.77476227,-0.97491729,0.20403838,-0.088907868,0
0.71197021,3.2768717,-1.0708973,0.22255108,0.88883531,-0.40055311,0
-0.23043877,-3.0743966,1.0951085,0.97491729,-0.20403838,0.088907868,0
-0.086473942,0.1181235,0.49538752,0.0027037859,0.41029271,0.91194987,0
-1.148073,-2.4487829,1.3455546,-0.97491729,0.20403838,-0.088907868,0
0.58358908,0.6279701,-0.83253413,-0.0027037859,-0.41029271,-0.91194987,0
-1.0058736,-1.8064752,1.260329,-0.97491729,0.20403838,-0.088907868,0
0.40632081,3.2402673,-1.321944,0.22255108,0.88883531,-0.40055311,0
-0.094007254,1.4741083,-1.2099711,-0.97491729,0.20403838,-0.088907868,0
0.89061165,1.5067599,-0.68425643,0.97491729,-0.20403838,0.088907868,0
-0.1054776,1.8154397,-0.3008585,-0.97491729,0.20403838,-0.088907868,0
0.66484523,0.53471327,-0.43941081,0.97491729,-0.20403838,0.088907868,0
0.058375597,2.1759295,-1.2702818,-0.97491729,0.20403838,-0.088907868,0
0.57059205,3.1294298,-1.4766235,0.22255108,0.88883531,-0.40055311,0
-1.0381688,-2.8137226,1.8172674,0.0027037859,0.41029271,0.91194987,0
0.093448281,2.5041771,-0.90156341,-0.97491729,0.20403838,-0.088907868,0
0.9192664,1.4372919,-1.1578945,0.97491729,-0.20403838,0.088907868,0
0.33690512,-0.6196838,0.50733471,0.97491729,-0.20403838,0.088907868,0
-0.1933454,-0.79274982,-0.19103873,-0.0027037859,-0.41029271,-0.91194987,0
0.9652648,2.2165332,-1.5483718,-0.0027037859,-0.41029271,-0.91194987,0
1.1393665,2.8525929,-1.7749143,0.22255108,0.88883531,-0.40055311,0
-0.36088568,-2.1505027,0.42032051,-0.0027037859,-0.41029271,-0.91194987,0
0.70702684,3.1769552,-1.2953598,0.22255108,0.88883531,-0.40055311,0
0.081324518,2.4389675,-0.9182725,-0.97491729,0.20403838,-0.088907868,0
-1.1810803,-3.1554403,1.0797129,-0.22255108,-0.88883531,0.40055311,0
-0.49163949,-3.0536807,1.6885793,-0.22255108,-0.88883531,0.40055311,0
0.057912469,2.3550429,-0.51144624,0.0027037859,0.41029271,0.91194987,0
-0.7406106,-3.142858,1.3523626,-0.22255108,-0.88883531,0.40055311,0
1.2297063,2.7832317,-1.8041177,-0.0027037859,-0.41029271,-0.91194987,0
0.3007082,2.413753,-0.53858042,0.0027037859,0.41029271,0.91194987,0
1.1700096,2.9443495,-1.5542793,0.22255108,0.88883531,-0.40055311,0
0.52688104,-0.11269343,-0.41232806,0.97491729,-0.20403838,0.088907868,0
-0.56444573,-1.9673767,1.435086,0.0027037859,0.41029271,0.91194987,0
0.0017322302,2.1473048,-0.71485424,-0.97491729,0.20403838,-0.088907868,0
-1.2666161,-3.1050041,1.1441071,-0.22255108,-0.88883531,0.40055311,0
-0.04094997,2.0085831,-0.56518078,-0.97491729,0.20403838,-0.088907868,0
0.9798525,1.7541499,-1.0950785,0.97491729,-0.20403838,0.088907868,0
-0.45891103,-1.6917251,0.21420395,-0.0027037859,-0.41029271,-0.91194987,0
-0.89851087,-1.7923907,0.26079738,-0.0027037859,-0.41029271,-0.91194987,0
-0.50448382,-0.21965899,-0.44795391,-0.0027037859,-0.41029271,-0.91194987,0
-0.057170898,1.9859667,-0.43921399,-0.97491729,0.20403838,-0.088907868,0
1.1251868,3.1148949,-1.2007387,0.22255108,0.88883531,-0.40055311,0
0.61688578,3.2062092,-1.280529,0.22255108,0.88883531,-0.40055311,0
-1.1702833,-2.8094044,0.7614975,-0.97491729,0.20403838,-0.088907868,0
-0.94671255,-3.1609964,1.1976008,-0.22255108,-0.88883531,0.40055311,0
-1.1324059,-2.9814453,1.4928555,-0.22255108,-0.88883531,0.40055311,0
0.64391631,3.2506847,-1.1668169,0.22255108,0.88883531,-0.40055311,0
1.0501916,3.1518736,-1.1603503,0.22255108,0.88883531,-0.40055311,0
0.20141971,1.6546566,-1.2933146,-0.0027037859,-0.41029271,-0.91194987,0
-0.48220778,-3.0721893,1.6527491,-0.22255108,-0.88883531,0.40055311,0
-0.56768358,-3.3219647,1.0510013,-0.22255108,-0.88883531,0.40055311,0
-0.63766253,-0.56011891,0.083034813,-0.97491729,0.20403838,-0.088907868,0
-0.20957524,-3.0374904,0.95102668,0.97491729,-0.20403838,0.088907868,0
-1.12455,-2.6234534,0.68675542,-0.97491729,0.20403838,-0.088907868,0
0.30828848,-0.70299089,0.62994564,0.97491729,-0.20403838,0.088907868,0
-1.2358201,-2.8759124,1.3275073,-0.97491729,0.20403838,-0.088907868,0
0.93953943,1.5252798,-1.1782722,0.97491729,-0.20403838,0.088907868,0
0.80674422,3.0627389,-1.4934042,0.22255108,0.88883531,-0.40055311,0
-0.061462343,2.0024514,-0.35432482,-0.97491729,0.20403838,-0.088907868,0
0.79737419,3.2420816,-1.1006448,0.22255108,0.88883531,-0.40055311,0
0.66089946,0.44712028,-0.59716332,0.97491729,-0.20403838,0.088907868,0
1.2228955,2.9063225,-1.6092772,0.22255108,0.88883531,-0.40055311,0
-1.192595,-3.1597939,1.0636542,-0.22255108,-0.88883531,0.40055311,0
-1.1461635,-3.056304,1.3190989,-0.22255108,-0.88883531,0.40055311,0
1.1274892,2.5675843,-0.84720135,0.97491729,-0.20403838,0.088907868,0
-0.14681628,-0.58289707,-0.28559095,-0.0027037859,-0.41029271,-0.91194987,0
-0.50138676,-0.051896691,-0.24495322,-0.97491729,0.20403838,-0.088907868,0
-0.40051389,-3.2236941,1.3619468,-0.22255108,-0.88883531,0.40055311,0
0.46472859,2.2292178,-1.5525944,-0.0027037859,-0.41029271,-0.91194987,0
-0.57012957,-3.3220053,1.0495517,-0.22255108,-0.88883531,0.40055311,0
0.06741637,2.3695178,-0.92514658,-0.97491729,0.20403838,-0.088907868,0
-1.1833389,-2.8690968,1.7138598,-0.22255108,-0.88883531,0.40055311,0
-0.86986804,-1.4091531,0.68079472,-0.97491729,0.20403838,-0.088907868,0
0.070989013,1.5023286,-0.12784302,0.0027037859,0.41029271,0.91194987,0
-0.46060663,-0.21224453,-0.4514198,-0.0027037859,-0.41029271,-0.91194987,0
1.2019727,2.9161448,-1.5991061,0.22255108,0.88883531,-0.40055311,0
-0.97269672,-1.8566058,0.78148329,-0.97491729,0.20403838,-0.088907868,0
0.88299966,3.0670116,-1.4415548,0.22255108,0.88883531,-0.40055311,0
1.1872363,2.6045241,-1.7235899,-0.0027037859,-0.41029271,-0.91194987,0
-1.1740177,-2.7310627,0.98223352,-0.97491729,0.20403838,-0.088907868,0
0.96147227,2.9039764,-1.759733,0.22255108,0.88883531,-0.40055311,0
0.12723881,0.23261081,-0.65330625,-0.0027037859,-0.41029271,-0.91194987,0
0.40106851,3.3559325,-1.0681989,0.22255108,0.88883531,-0.40055311,0
-0.701859,-0.80787039,0.21840489,-0.97491729,0.20403838,-0.088907868,0
-0.85889399,-2.9087925,1.8060393,-0.22255108,-0.88883531,0.40055311,0
0.93296206,3.0569153,-1.4361982,0.22255108,0.88883531,-0.40055311,0
-0.73102593,-2.6294508,0.63689995,-0.0027037859,-0.41029271,-0.91194987,0
0.83100533,3.2254863,-1.1187854,0.22255108,0.88883531,-0.40055311,0
0.52593994,-0.10067362,-0.3744238,0.97491729,-0.20403838,0.088907868,0
1.0683799,2.9758286,-1.5408921,0.22255108,0.88883531,-0.40055311,0
0.34434539,2.6653864,-0.65192151,0.0027037859,0.41029271,0.91194987,0
-0.87269366,-3.2946196,0.94221401,-0.22255108,-0.88883531,0.40055311,0
-0.78395671,-0.93813717,0.81969059,-0.97491729,0.20403838,-0.088907868,0
0.73226494,1.1971611,0.0074934959,0.0027037859,0.41029271,0.91194987,0
-0.65523124,-3.0215905,1.668895,-0.22255108,-0.88883531,0.40055311,0
-1.0808939,-2.7744148,0.7031579,-0.0027037859,-0.41029271,-0.91194987,0
-0.82473594,-3.1819277,1.2189255,-0.22255108,-0.88883531,0.40055311,0
-0.16098705,-1.7502856,0.23966753,-0.0027037859,-0.41029271,-0.91194987,0
0.047789544,-1.0170038,-0.090860248,-0.0027037859,-0.41029271,-0.91194987,0
0.53870994,1.3774838,-0.073061109,0.0027037859,0.41029271,0.91194987,0
1.1990433,3.1417174,-1.1001842,0.22255108,0.88883531,-0.40055311,0
1.1656033,2.6178303,-1.1498287,0.97491729,-0.20403838,0.088907868,0
0.94910079,1.8772569,-0.47534883,0.97491729,-0.20403838,0.088907868,0
1.0376498,2.9586837,-1.5960116,0.22255108,0.88883531,-0.40055311,0
-0.41627684,0.20486239,-0.58897769,-0.97491729,0.20403838,-0.088907868,0
-0.056238011,1.0114684,0.093375683,0.0027037859,0.41029271,0.91194987,0
-0.3655076,-3.3591099,1.0809062,-0.22255108,-0.88883531,0.40055311,0
-0.1870975,1.2047266,0.0068154335,0.0027037859,0.41029271,0.91194987,0
-0.080033958,-0.8915683,-0.14691556,-0.0027037859,-0.41029271,-0.91194987,0
-1.0630401,-2.1429851,1.1149178,-0.97491729,0.20403838,-0.088907868,0
1.1405236,2.4965649,-1.1531148,0.97491729,-0.20403838,0.088907868,0
-0.83053148,-3.2218547,1.1271074,-0.22255108,-0.88883531,0.40055311,0
-0.986844,-3.1344597,1.2341888,-0.22255108,-0.88883531,0.40055311,0
0.82690519,3.2154884,-1.1432481,0.22255108,0.88883531,-0.40055311,0
0.87188238,3.2541463,-1.0324757,0.22255108,0.88883531,-0.40055311,0
-0.44577122,-3.1235209,1.5590882,-0.22255108,-0.88883531,0.40055311,0
-0.34241438,-3.2206609,1.4009583,-0.22255108,-0.88883531,0.40055311,0
-1.2460272,-2.9207058,1.5645084,-0.22255108,-0.88883531,0.40055311,0
-0.31506902,0.69213694,-0.58050233,-0.97491729,0.20403838,-0.088907868,0
-0.72625029,-1.307642,1.1387465,0.0027037859,0.41029271,0.91194987,0
-0.56224275,-3.0484164,1.6610332,-0.22255108,-0.88883531,0.40055311,0
1.1493819,2.4597607,-1.3347168,0.97491729,-0.20403838,0.088907868,0
0.5476613,3.2673848,-1.1832392,0.22255108,0.88883531,-0.40055311,0
-1.2277,-3.2114902,0.92943478,-0.22255108,-0.88883531,0.40055311,0
0.19203043,2.6385343,-1.674221,-0.97491729,0.20403838,-0.088907868,0
-0.368725,0.62912565,-0.13674623,-0.97491729,0.20403838,-0.088907868,0
-0.40730429,-2.778646,1.7996159,0.0027037859,0.41029271,0.91194987,0
0.83901399,1.2971356,-1.1343539,-0.0027037859,-0.41029271,-0.91194987,0
-0.54584217,-2.8886132,1.8495014,0.0027037859,0.41029271,0.91194987,0
0.45828879,3.3356137,-1.0814946,0.22255108,0.88883531,-0.40055311,0
1.1997648,2.8896146,-1.6592042,0.22255108,0.88883531,-0.40055311,0
-1.0447061,-3.1016684,1.2748053,-0.22255108,-0.88883531,0.40055311,0
0.27576721,2.9690394,-1.8339453,-0.97491729,0.20403838,-0.088907868,0
-0.27268457,-3.3087952,0.94118357,-0.0027037859,-0.41029271,-0.91194987,0
-0.67739427,-2.8555455,0.73846292,-0.0027037859,-0.41029271,-0.91194987,0
0.808653,1.2115748,-0.46297371,0.97491729,-0.20403838,0.088907868,0
-0.43150198,0.32854027,-0.13819262,-0.97491729,0.20403838,-0.088907868,0
0.7672689,3.0665274,-1.5069299,0.22255108,0.88883531,-0.40055311,0
0.49564874,3.0817368,-1.6240952,0.22255108,0.88883531,-0.40055311,0
-0.34748125,-2.7939153,0.70975685,-0.0027037859,-0.41029271,-0.91194987,0
-0.31214756,-1.6507113,0.19531643,-0.0027037859,-0.41029271,-0.91194987,0
-0.21893221,0.8647415,-0.93667996,-0.0027037859,-0.41029271,-0.91194987,0
0.97654223,3.0404251,-1.4485779,0.22255108,0.88883531,-0.40055311,0
-0.08998166,1.5066606,-0.12931466,0.0027037859,0.41029271,0.91194987,0
-0.0044186115,-1.947196,1.2035491,0.97491729,-0.20403838,0.088907868,0
0.3473177,1.4297016,-1.1925383,-0.0027037859,-0.41029271,-0.91194987,0
-0.20432305,-1.2681268,1.1194208,0.0027037859,0.41029271,0.91194987,0
0.6375131,0.67233717,-0.85265511,-0.0027037859,-0.41029271,-0.91194987,0
-0.34973145,-3.0305386,1.8187778,-0.22255108,-0.88883531,0.40055311,0
-0.12254505,1.731235,-0.30695128,-0.97491729,0.20403838,-0.088907868,0
0.56667423,2.9975276,-1.7714946,0.22255108,0.88883531,-0.40055311,0
0.1910439,-1.3920132,0.33432162,0.97491729,-0.20403838,0.088907868,0
0.86041635,1.4196181,-0.55313647,0.97491729,-0.20403838,0.088907868,0
1.1043397,3.2142062,-0.99194813,0.22255108,0.88883531,-0.40055311,0
0.90628827,2.9902935,-1.5988541,0.22255108,0.88883531,-0.40055311,0
-0.17855358,-2.6824648,1.4256232,0.97491729,-0.20403838,0.088907868,0
0.68600506,1.5757959,-0.16271985,0.0027037859,0.41029271,0.91194987,0
0.21878839,0.66379869,-0.84757209,-0.0027037859,-0.41029271,-0.91194987,0
0.57205331,0.29998064,0.03939949,0.97491729,-0.20403838,0.088907868,0
0.76213455,2.9207754,-1.8332093,0.22255108,0.88883531,-0.40055311,0
0.64315975,0.51595157,-0.24467617,0.97491729,-0.20403838,0.088907868,0
1.1040221,2.9283605,-1.6264215,0.22255108,0.88883531,-0.40055311,0
-0.025788486,-0.34847206,0.70513225,0.0027037859,0.41029271,0.91194987,0
-0.069543123,-1.2927037,0.033527017,-0.0027037859,-0.41029271,-0.91194987,0
-0.67855406,-3.1380591,1.397491,-0.22255108,-0.88883531,0.40055311,0
-0.79601038,-1.1482804,0.46959841,-0.97491729,0.20403838,-0.088907868,0
-0.87668884,-2.4130754,0.53998303,-0.0027037859,-0.41029271,-0.91194987,0
-0.27437174,0.82713509,-0.71695483,-0.97491729,0.20403838,-0.088907868,0
-0.9750582,-2.9308589,1.6925318,-0.22255108,-0.88883531,0.40055311,0
-0.33886334,-1.2704062,0.024293661,-0.0027037859,-0.41029271,-0.91194987,0
-0.46935785,-3.0700598,1.6646132,-0.22255108,-0.88883531,0.40055311,0
-0.85097075,-3.05195,0.82734108,-0.0027037859,-0.41029271,-0.91194987,0
0.021625169,1.1616695,0.025568247,0.0027037859,0.41029271,0.91194987,0
-0.72667503,-0.67548817,0.79433399,-0.97491729,0.20403838,-0.088907868,0
0.027641773,2.1340272,-1.0294366,-0.97491729,0.20403838,-0.088907868,0
-0.27425599,-1.1402328,1.0620877,0.0027037859,0.41029271,0.91194987,0
0.20508292,-0.024808954,0.55882943,0.0027037859,0.41029271,0.91194987,0
0.73127192,0.94399405,-0.22853529,0.97491729,-0.20403838,0.088907868,0
-0.25397468,0.22289377,0.44874728,0.0027037859,0.41029271,0.91194987,0
0.5317204,2.4697895,-1.6610279,-0.0027037859,-0.41029271,-0.91194987,0
0.74499035,1.2458717,-0.014459491,0.0027037859,0.41029271,0.91194987,0
-1.0177162,-2.5323448,1.6906128,0.0027037859,0.41029271,0.91194987,0
-0.93989688,-3.1951313,1.1256416,-0.22255108,-0.88883531,0.40055311,0
-0.99201989,-2.998179,1.5337229,-0.22255108,-0.88883531,0.40055311,0
0.82666063,1.2328913,-0.611516,0.97491729,-0.20403838,0.088907868,0
-0.01846154,-1.6583095,0.19786417,-0.0027037859,-0.41029271,-0.91194987,0
-0.7032811,-3.121279,0.85809517,-0.0027037859,-0.41029271,-0.91194987,0
0.18621922,1.1508743,-1.0666142,-0.0027037859,-0.41029271,-0.91194987,0
0.22985113,3.0921311,-1.0479653,-0.97491729,0.20403838,-0.088907868,0
0.61014903,3.1763253,-1.350584,0.22255108,0.88883531,-0.40055311,0
-0.80251294,-1.0926082,0.66866672,-0.97491729,0.20403838,-0.088907868,0
0.016215861,-0.39017951,-0.37277928,-0.0027037859,-0.41029271,-0.91194987,0
0.95964015,3.0744591,-1.3824461,0.22255108,0.88883531,-0.40055311,0
-0.7203474,-0.99147475,-0.000223279,-0.97491729,0.20403838,-0.088907868,0
0.007648617,2.1788425,-0.43202353,0.0027037859,0.41029271,0.91194987,0
0.49751103,0.60439056,-0.82167029,-0.0027037859,-0.41029271,-0.91194987,0
-0.1872021,-1.9352516,1.4195142,0.0027037859,0.41029271,0.91194987,0
-0.76079893,-3.1722946,1.2758255,-0.22255108,-0.88883531,0.40055311,0
0.22676414,-1.1282722,0.54790306,0.97491729,-0.20403838,0.088907868,0
1.1737654,2.9088893,-1.6308789,0.22255108,0.88883531,-0.40055311,0
-0.71459961,-2.9982591,1.6876819,-0.22255108,-0.88883531,0.40055311,0
-0.98144698,-2.028841,1.4639757,0.0027037859,0.41029271,0.91194987,0
0.90613711,3.050179,-1.4660511,0.22255108,0.88883531,-0.40055311,0
0.9940021,2.8942947,-1.7631426,0.22255108,0.88883531,-0.40055311,0
1.017722,2.8672729,-1.809926,0.22255108,0.88883531,-0.40055311,0
0.24093646,-0.027302176,-0.53670663,-0.0027037859,-0.41029271,-0.91194987,0
0.65593553,3.1918864,-1.2906134,0.22255108,0.88883531,-0.40055311,0
0.46770656,1.2245178,-1.1005819,-0.0027037859,-0.41029271,-0.91194987,0
0.12966251,-1.6128057,0.50069189,0.97491729,-0.20403838,0.088907868,0
0.39861017,-0.41933113,-0.36079746,-0.0027037859,-0.41029271,-0.91194987,0
0.072120033,-1.6148374,0.17803717,-0.0027037859,-0.41029271,-0.91194987,0
-0.68405128,-0.80832297,0.02209568,-0.97491729,0.20403838,-0.088907868,0
1.0640852,3.2279036,-0.98391891,0.22255108,0.88883531,-0.40055311,0
-0.41508293,-3.2451448,1.3062518,-0.22255108,-0.88883531,0.40055311,0
0.27555233,2.7813835,-0.70390534,0.0027037859,0.41029271,0.91194987,0
0.36112559,0.34075335,-0.70265377,-0.0027037859,-0.41029271,-0.91194987,0
0.51627207,3.3471522,-1.023675,0.22255108,0.88883531,-0.40055311,0
1.1076368,2.9720182,-1.5275357,0.22255108,0.88883531,-0.40055311,0
-0.82744241,-2.0253062,1.4619286,0.0027037859,0.41029271,0.91194987,0
-0.17474699,-2.7562385,1.2145765,0.97491729,-0.20403838,0.088907868,0
0.8817327,2.8223982,-1.8207068,-0.0027037859,-0.41029271,-0.91194987,0
-0.99071473,-1.9747989,0.70781112,-0.97491729,0.20403838,-0.088907868,0
-1.1627429,-3.1659021,1.0666873,-0.22255108,-0.88883531,0.40055311,0
0.081490666,-0.44590425,-0.34790188,-0.0027037859,-0.41029271,-0.91194987,0
-0.67622733,-2.9967995,1.7122414,-0.22255108,-0.88883531,0.40055311,0
0.21477234,-1.0844557,0.77995551,0.97491729,-0.20403838,0.088907868,0
-0.61849934,-1.1995234,1.0897834,0.0027037859,0.41029271,0.91194987,0
-0.25632033,0.88126409,0.15254879,0.0027037859,0.41029271,0.91194987,0
0.029489458,2.2315087,-0.8259809,-0.97491729,0.20403838,-0.088907868,0
-0.28666639,-0.99277246,0.99578118,0.0027037859,0.41029271,0.91194987,0
1.0004406,2.3988869,-1.6305177,-0.0027037859,-0.41029271,-0.91194987,0
0.54705048,3.1418972,-1.4620392,0.22255108,0.88883531,-0.40055311,0
-0.15382451,-0.20141716,0.63935077,0.0027037859,0.41029271,0.91194987,0
-1.1542563,-2.668942,0.90810585,-0.97491729,0.20403838,-0.088907868,0
