-1.0564322,-0.0085417628,0.19693583,-0.30390999,0.2495299,0.919442,0
-0.95569754,-0.45377919,0.08747673,-0.92917269,-0.29079074,-0.22820789,0
-0.7742188,-0.54888928,-0.53024089,-0.92917269,-0.29079074,-0.22820789,0
1.1363244,-0.077373624,-0.14610398,0.92917269,0.29079074,0.22820789,0
-0.98326832,-0.056286752,-0.30676532,-0.92917269,-0.29079074,-0.22820789,0
0.88696533,0.51546627,0.11376989,0.92917269,0.29079074,0.22820789,0
-0.34451914,0.55811489,0.2748355,-0.21042049,0.92367506,-0.32023054,0
0.17023885,0.39512485,-0.53353691,-0.21042049,0.92367506,-0.32023054,0
0.71130198,0.67652345,0.59531647,-0.30390999,0.2495299,0.919442,0
0.47949895,-0.076666415,0.7231071,-0.30390999,0.2495299,0.919442,0
-0.86762047,-0.50184608,-0.20988983,-0.92917269,-0.29079074,-0.22820789,0
-1.0159862,-0.12597859,-0.084747314,-0.92917269,-0.29079074,-0.22820789,0
-0.99304587,0.19006145,-0.36063945,-0.21042049,0.92367506,-0.32023054,0
-0.79514343,-0.62030065,-0.35404897,-0.92917269,-0.29079074,-0.22820789,0
-0.97413194,-0.50910854,0.35998946,-0.30390999,0.2495299,0.919442,0
0.72428626,-0.40632251,-0.086546063,0.21042049,-0.92367506,0.32023054,0
0.43704757,0.57339597,-0.19464803,-0.21042049,0.92367506,-0.32023054,0
-1.0395657,-0.15380353,0.046714723,-0.92917269,-0.29079074,-0.22820789,0
0.25714663,-0.36513263,0.33921558,0.21042049,-0.92367506,0.32023054,0
0.44249594,0.3635093,-0.49620047,0.30390999,-0.2495299,-0.919442,0
1.0435927,-0.2037977,0.28780472,0.21042049,-0.92367506,0.32023054,0
-1.0522112,0.12718034,-0.25983775,-0.92917269,-0.29079074,-0.22820789,0
-0.70275855,0.17323521,-0.59991819,-0.21042049,0.92367506,-0.32023054,0
-0.16999888,-0.12742077,-0.565418,0.30390999,-0.2495299,-0.919442,0
-0.12406659,-0.3633092,0.59496653,0.21042049,-0.92367506,0.32023054,0
-1.02873,0.085126162,-0.30185634,-0.92917269,-0.29079074,-0.22820789,0
0.90059912,-0.29800627,0.11002868,0.21042049,-0.92367506,0.32023054,0
0.14897154,-0.55426818,-0.34414306,0.30390999,-0.2495299,-0.919442,0
-0.85018212,0.21364954,-0.38647616,-0.21042049,0.92367506,-0.32023054,0
0.70784253,0.83434588,0.38010082,-0.21042049,0.92367506,-0.32023054,0
-0.16436464,0.27889389,-0.64892918,-0.21042049,0.92367506,-0.32023054,0
-0.90339744,-0.2002939,-0.4484688,-0.92917269,-0.29079074,-0.22820789,0
0.82414854,0.73289287,0.092482269,0.92917269,0.29079074,0.22820789,0
-0.55390364,-0.72867495,-0.17645478,0.21042049,-0.92367506,0.32023054,0
-0.9025864,0.014746115,-0.72578263,-0.92917269,-0.29079074,-0.22820789,0
-0.83833456,-0.7357111,-0.0098528862,0.21042049,-0.92367506,0.32023054,0
-0.7021848,0.40364712,0.20216286,-0.30390999,0.2495299,0.919442,0
-0.79393667,-0.69184601,-0.26779687,-0.92917269,-0.29079074,-0.22820789,0
0.75582099,-0.33930457,-0.20189613,0.30390999,-0.2495299,-0.919442,0
0.85532492,0.48337346,0.28349113,0.92917269,0.29079074,0.22820789,0
0.23310423,-0.26291749,0.64984339,0.21042049,-0.92367506,0.32023054,0
-0.19890282,-0.64854217,-0.17858699,0.21042049,-0.92367506,0.32023054,0
-0.42313421,0.23151459,-0.61555529,-0.21042049,0.92367506,-0.32023054,0
0.093825817,-0.15789148,0.61767167,-0.30390999,0.2495299,0.919442,0
0.15831184,-0.44838297,0.1640311,0.21042049,-0.92367506,0.32023054,0
1.0955855,0.0058096051,-0.086225986,0.92917269,0.29079074,0.22820789,0
-1.0332404,0.01758939,0.19750983,-0.30390999,0.2495299,0.919442,0
0.94321227,0.5991596,-0.22189057,0.92917269,0.29079074,0.22820789,0
0.97727358,0.34964159,-0.042629957,0.92917269,0.29079074,0.22820789,0
0.656295,0.30637214,0.67759097,-0.30390999,0.2495299,0.919442,0
0.70106542,0.61710811,-0.24204823,-0.21042049,0.92367506,-0.32023054,0
-0.52881992,-0.43776858,-0.5997957,0.30390999,-0.2495299,-0.919442,0
-0.9334048,0.0069171488,-0.59032649,-0.92917269,-0.29079074,-0.22820789,0
-0.46097437,0.42597079,0.2758334,-0.30390999,0.2495299,0.919442,0
-0.94253123,-0.63349926,0.26287407,-0.92917269,-0.29079074,-0.22820789,0
-0.71142089,-0.28133565,0.38500935,-0.30390999,0.2495299,0.919442,0
0.78785354,0.080689311,-0.30529153,0.30390999,-0.2495299,-0.919442,0
0.75651824,-0.42833251,-0.17750418,0.30390999,-0.2495299,-0.919442,0
-0.1780346,-0.44021595,0.4085983,0.21042049,-0.92367506,0.32023054,0
0.84708822,0.29559356,0.5563038,0.92917269,0.29079074,0.22820789,0
-0.98947978,0.23151258,-0.24342102,-0.21042049,0.92367506,-0.32023054,0
0.0042689443,-0.49448967,0.13226074,0.21042049,-0.92367506,0.32023054,0
-0.45431232,0.40499896,-0.094668925,-0.21042049,0.92367506,-0.32023054,0
-0.250117,-0.71982312,-0.3505379,0.21042049,-0.92367506,0.32023054,0
-0.41063315,0.22399214,-0.64546752,-0.21042049,0.92367506,-0.32023054,0
-0.96652436,-0.16444704,-0.23711818,-0.92917269,-0.29079074,-0.22820789,0
1.119777,-0.048313856,-0.1157589,0.92917269,0.29079074,0.22820789,0
-0.88110328,-0.006400995,-0.78630769,-0.92917269,-0.29079074,-0.22820789,0
0.69966555,-0.18460667,0.56915069,0.21042049,-0.92367506,0.32023054,0
0.92266589,0.55816889,-0.086001933,0.92917269,0.29079074,0.22820789,0
0.5555836,0.79273689,0.36013156,-0.21042049,0.92367506,-0.32023054,0
-0.37112996,0.31248075,0.33633077,-0.30390999,0.2495299,0.919442,0
-0.85546523,-0.14091602,-0.71929157,-0.92917269,-0.29079074,-0.22820789,0
-0.7230705,-0.80244434,-0.4154076,-0.92917269,-0.29079074,-0.22820789,0
-0.39883262,-0.11208203,-0.64521897,0.30390999,-0.2495299,-0.919442,0
0.86957157,-0.1969257,-0.20293796,0.30390999,-0.2495299,-0.919442,0
-0.95969176,0.25366628,0.15775084,-0.30390999,0.2495299,0.919442,0
1.0869176,0.096890569,-0.1669929,0.92917269,0.29079074,0.22820789,0
-1.0663916,-0.019133508,-0.015661716,-0.92917269,-0.29079074,-0.22820789,0
0.45702749,-0.11922985,-0.3603853,0.30390999,-0.2495299,-0.919442,0
0.83354682,0.69542021,0.10196531,0.92917269,0.29079074,0.22820789,0
-0.27112505,-0.25156277,-0.56515276,0.30390999,-0.2495299,-0.919442,0
-0.73192012,-0.71616566,-0.023400068,0.21042049,-0.92367506,0.32023054,0
-0.96806788,0.32131112,0.0015251637,-0.21042049,0.92367506,-0.32023054,0
0.64284194,-0.30444062,0.26083916,0.21042049,-0.92367506,0.32023054,0
1.0878053,-0.00075262785,-0.18404353,0.30390999,-0.2495299,-0.919442,0
0.51402903,0.73313576,0.2155228,-0.21042049,0.92367506,-0.32023054,0
-0.17776327,-0.56279117,-0.44982806,0.30390999,-0.2495299,-0.919442,0
0.73998082,0.54398775,0.64076519,-0.30390999,0.2495299,0.919442,0
-1.0023175,0.13321146,-0.47066981,-0.92917269,-0.29079074,-0.22820789,0
0.95534486,0.35008478,0.046090603,0.92917269,0.29079074,0.22820789,0
0.85435736,-0.34974968,-0.0088352561,0.21042049,-0.92367506,0.32023054,0
-0.80334812,-0.69918007,-0.22013175,-0.92917269,-0.29079074,-0.22820789,0
1.0901725,-0.13729054,0.11815619,0.92917269,0.29079074,0.22820789,0
0.29258615,0.022210032,0.63449115,-0.30390999,0.2495299,0.919442,0
-0.99798912,0.22736511,-0.24979216,-0.21042049,0.92367506,-0.32023054,0
0.57071996,0.35971543,-0.45278794,0.30390999,-0.2495299,-0.919442,0
0.86388218,0.11386225,0.71949375,0.92917269,0.29079074,0.22820789,0
0.89366663,0.37184981,0.26948631,0.92917269,0.29079074,0.22820789,0
0.19900554,0.13751277,-0.51534927,0.30390999,-0.2495299,-0.919442,0
-0.49550858,-0.24319121,-0.64159191,0.30390999,-0.2495299,-0.919442,0
-0.29954156,0.16336045,-0.68715262,0.30390999,-0.2495299,-0.919442,0
-0.097773612,-0.50612426,0.1657533,0.21042049,-0.92367506,0.32023054,0
-0.87431538,-0.53794801,-0.13662863,-0.92917269,-0.29079074,-0.22820789,0
-0.90410185,-0.68458098,0.17149544,-0.92917269,-0.29079074,-0.22820789,0
-0.061250553,-0.13280731,-0.52801079,0.30390999,-0.2495299,-0.919442,0
-0.76874447,-0.72296345,-0.33071852,-0.92917269,-0.29079074,-0.22820789,0
-0.26167795,0.10077646,0.42996371,-0.30390999,0.2495299,0.919442,0
-0.71862978,-0.6849553,-0.58319736,-0.92917269,-0.29079074,-0.22820789,0
0.55444562,0.3931731,-0.46724743,0.30390999,-0.2495299,-0.919442,0
-0.98607028,0.12541208,-0.5268839,-0.92917269,-0.29079074,-0.22820789,0
-0.24066994,-0.31950051,-0.53664839,0.30390999,-0.2495299,-0.919442,0
0.73323965,0.26274204,-0.37275124,0.30390999,-0.2495299,-0.919442,0
-0.92590225,-0.26049876,0.30846024,-0.30390999,0.2495299,0.919442,0
-0.74512631,-0.63250887,-0.54214269,-0.92917269,-0.29079074,-0.22820789,0
0.01529479,0.52191782,0.40721887,-0.30390999,0.2495299,0.919442,0
0.27598986,0.25043643,0.56706649,-0.30390999,0.2495299,0.919442,0
-0.50009322,-0.51319563,0.40971681,0.21042049,-0.92367506,0.32023054,0
0.083097368,-0.55939168,-0.10674039,0.21042049,-0.92367506,0.32023054,0
-0.081175417,-0.64342099,-0.24117289,0.21042049,-0.92367506,0.32023054,0
-0.48312485,0.12143332,0.35116112,-0.30390999,0.2495299,0.919442,0
0.39100432,0.01920034,0.66783881,-0.30390999,0.2495299,0.919442,0
0.1534909,-0.5680396,-0.1779394,0.21042049,-0.92367506,0.32023054,0
0.45527542,0.28938371,0.61575705,-0.30390999,0.2495299,0.919442,0
-0.7577759,-0.57683527,-0.56157994,-0.92917269,-0.29079074,-0.22820789,0
-1.1405765,0.18334764,0.02838099,-0.92917269,-0.29079074,-0.22820789,0
-0.17911309,-0.41777351,0.47404003,0.21042049,-0.92367506,0.32023054,0
-0.79190725,-0.6881144,-0.28081477,-0.92917269,-0.29079074,-0.22820789,0
0.851937,0.57799971,0.17670918,0.92917269,0.29079074,0.22820789,0
0.25232184,0.56902981,-0.085860185,-0.21042049,0.92367506,-0.32023054,0
-0.63112772,0.40637141,0.22491056,-0.30390999,0.2495299,0.919442,0
-0.15144703,0.52747446,0.059590027,-0.21042049,0.92367506,-0.32023054,0
-1.0432138,0.035054207,-0.17908019,-0.92917269,-0.29079074,-0.22820789,0
-0.86517221,-0.17636466,-0.63459879,-0.92917269,-0.29079074,-0.22820789,0
0.0013950169,0.028643042,-0.55112052,0.30390999,-0.2495299,-0.919442,0
-0.47538471,0.43321282,0.00055754185,-0.21042049,0.92367506,-0.32023054,0
-0.33897933,-0.34472504,-0.56229758,0.30390999,-0.2495299,-0.919442,0
-0.20029536,0.10362212,-0.63813549,0.30390999,-0.2495299,-0.919442,0
-0.75811756,0.2544862,-0.32918149,-0.21042049,0.92367506,-0.32023054,0
0.117109,0.56083226,-0.020658122,-0.21042049,0.92367506,-0.32023054,0
1.0088367,-0.13452834,0.44580418,0.92917269,0.29079074,0.22820789,0
-0.5607838,0.41897094,0.015593171,-0.21042049,0.92367506,-0.32023054,0
-0.5618003,-0.73311049,-0.1840598,0.21042049,-0.92367506,0.32023054,0
0.57088768,0.61009848,-0.17672789,-0.21042049,0.92367506,-0.32023054,0
-0.0080625415,-0.1886344,0.59233713,-0.30390999,0.2495299,0.919442,0
-0.76615959,-0.77807164,-0.27102238,-0.92917269,-0.29079074,-0.22820789,0
0.7901538,0.65974897,0.32409841,0.92917269,0.29079074,0.22820789,0
-0.85614264,-0.68152744,-0.027666628,-0.92917269,-0.29079074,-0.22820789,0
-0.74750841,-0.69753659,0.040576935,0.21042049,-0.92367506,0.32023054,0
0.075017549,0.3631705,0.47004235,-0.30390999,0.2495299,0.919442,0
0.16211669,0.16172901,0.55350161,-0.30390999,0.2495299,0.919442,0
0.061780363,-0.15453088,-0.48144883,0.30390999,-0.2495299,-0.919442,0
0.74353093,-0.36316079,-0.19948411,0.30390999,-0.2495299,-0.919442,0
-0.88040793,-0.29451811,0.33273047,-0.30390999,0.2495299,0.919442,0
-0.70225728,0.12749064,0.27708584,-0.30390999,0.2495299,0.919442,0
-0.60822409,-0.029053748,0.35065222,-0.30390999,0.2495299,0.919442,0
-0.83545989,-0.26027307,-0.64865643,-0.92917269,-0.29079074,-0.22820789,0
-0.39721262,-0.7825731,-0.43487909,0.21042049,-0.92367506,0.32023054,0
0.80134273,0.58893985,0.36876887,0.92917269,0.29079074,0.22820789,0
-0.31082591,0.44442597,-0.075229138,-0.21042049,0.92367506,-0.32023054,0
0.89683121,0.053549647,0.66219074,0.92917269,0.29079074,0.22820789,0
1.0319575,0.0043506622,0.17470086,0.92917269,0.29079074,0.22820789,0
-0.02083993,-0.064725816,-0.53313035,0.30390999,-0.2495299,-0.919442,0
0.43433744,0.49666929,-0.41417798,-0.21042049,0.92367506,-0.32023054,0
-0.88737643,-0.36964738,-0.29790384,-0.92917269,-0.29079074,-0.22820789,0
0.89317423,-0.28186971,0.16145164,0.21042049,-0.92367506,0.32023054,0
-0.078007698,0.11045167,0.48804784,-0.30390999,0.2495299,0.919442,0
-0.9140982,-0.42322937,-0.12082738,-0.92917269,-0.29079074,-0.22820789,0
-0.93347639,-0.074926794,-0.48574662,-0.92917269,-0.29079074,-0.22820789,0
1.042716,-0.06235671,-0.18222821,0.30390999,-0.2495299,-0.919442,0
-0.56873083,-0.428262,-0.61556774,0.30390999,-0.2495299,-0.919442,0
-0.32916868,0.2963112,-0.49039942,-0.21042049,0.92367506,-0.32023054,0
0.99232239,0.11472481,-0.24694389,0.30390999,-0.2495299,-0.919442,0
-0.6643666,-0.38095757,-0.66001701,0.30390999,-0.2495299,-0.919442,0
-0.95239133,-0.19031182,-0.26170486,-0.92917269,-0.29079074,-0.22820789,0
0.74267614,0.77541572,0.37002188,0.92917269,0.29079074,0.22820789,0
-0.28102958,-0.23283793,-0.57350832,0.30390999,-0.2495299,-0.919442,0
0.41859865,-0.33170712,-0.31542268,0.30390999,-0.2495299,-0.919442,0
0.046992958,-0.63948524,-0.31403881,0.21042049,-0.92367506,0.32023054,0
0.85287356,0.43660867,0.35306168,0.92917269,0.29079074,0.22820789,0
-0.88583893,0.25053176,-0.25666314,-0.21042049,0.92367506,-0.32023054,0
-0.17036223,-0.29452914,-0.52018613,0.30390999,-0.2495299,-0.919442,0
0.37230155,0.40075314,0.55810618,-0.30390999,0.2495299,0.919442,0
-0.19091791,-0.65242404,-0.19503063,0.21042049,-0.92367506,0.32023054,0
0.79725266,0.43323028,0.5838328,0.92917269,0.29079074,0.22820789,0
0.87120718,0.17207739,0.6154896,0.92917269,0.29079074,0.22820789,0
-0.25581074,-0.43558598,0.473059,0.21042049,-0.92367506,0.32023054,0
0.38906679,-0.48101866,-0.28466198,0.30390999,-0.2495299,-0.919442,0
0.30664098,0.20770785,-0.49882215,0.30390999,-0.2495299,-0.919442,0
-0.72912347,0.26824009,0.23000711,-0.30390999,0.2495299,0.919442,0
0.76336271,0.66915202,0.42119938,0.92917269,0.29079074,0.22820789,0
-0.70022196,0.36965108,0.21203792,-0.30390999,0.2495299,0.919442,0
-1.0094702,-0.33495724,0.15501064,-0.92917269,-0.29079074,-0.22820789,0
-0.95422459,0.27726477,-0.13461882,-0.21042049,0.92367506,-0.32023054,0
0.95829082,0.025152594,0.44813609,0.92917269,0.29079074,0.22820789,0
0.9852258,-0.2379455,-0.15357739,0.30390999,-0.2495299,-0.919442,0
0.64859247,0.40082619,-0.43820533,0.30390999,-0.2495299,-0.919442,0
0.46078759,0.70860296,0.50380588,-0.30390999,0.2495299,0.919442,0
-0.98432547,-0.22401258,-0.088738561,-0.92917269,-0.29079074,-0.22820789,0
-0.18341106,0.16839841,0.43748176,-0.30390999,0.2495299,0.919442,0
-0.44996506,-0.21208796,0.45263696,-0.30390999,0.2495299,0.919442,0
-0.75306505,-0.77388453,-0.32967359,-0.92917269,-0.29079074,-0.22820789,0
-0.88446081,-0.58035588,-0.041282594,-0.92917269,-0.29079074,-0.22820789,0
-0.089873642,-0.62372839,-0.40423936,0.30390999,-0.2495299,-0.919442,0
0.97658086,0.083210468,0.29968679,0.92917269,0.29079074,0.22820789,0
0.09902361,0.085723221,0.55327439,-0.30390999,0.2495299,0.919442,0
-0.061878085,0.4171598,-0.3174572,-0.21042049,0.92367506,-0.32023054,0
-0.14205778,-0.486608,0.25114471,0.21042049,-0.92367506,0.32023054,0
0.79029107,0.4443534,0.5980041,0.92917269,0.29079074,0.22820789,0
-0.10837817,-0.28870529,0.58633757,-0.30390999,0.2495299,0.919442,0
0.43527833,-0.25149414,0.54994637,0.21042049,-0.92367506,0.32023054,0
0.39025044,0.17084232,0.6264351,-0.30390999,0.2495299,0.919442,0
0.73214406,0.096861243,0.7595216,-0.30390999,0.2495299,0.919442,0
-1.1356394,0.18801045,0.11741209,-0.30390999,0.2495299,0.919442,0
-0.54059041,0.37365678,-0.12838012,-0.21042049,0.92367506,-0.32023054,0
0.35266769,0.44350967,-0.51384771,-0.21042049,0.92367506,-0.32023054,0
-0.73974013,-0.57384312,-0.63258314,0.30390999,-0.2495299,-0.919442,0
0.89625114,0.26896501,0.39006263,0.92917269,0.29079074,0.22820789,0
-0.37674367,-0.37306944,-0.56708765,0.30390999,-0.2495299,-0.919442,0
-0.17456506,-0.66305727,-0.42155945,0.30390999,-0.2495299,-0.919442,0
1.1202176,-0.097745359,-0.054564595,0.92917269,0.29079074,0.22820789,0
-0.94553673,-0.17566118,-0.30828214,-0.92917269,-0.29079074,-0.22820789,0
0.92245138,0.15515772,0.42840296,0.92917269,0.29079074,0.22820789,0
0.13323778,-0.42734027,0.24120273,0.21042049,-0.92367506,0.32023054,0
-0.69937503,-0.38428003,0.41692936,-0.30390999,0.2495299,0.919442,0
-0.78310442,-0.60425425,-0.42351407,-0.92917269,-0.29079074,-0.22820789,0
0.017549217,-0.33506644,0.58337581,0.21042049,-0.92367506,0.32023054,0
0.86309618,0.080941789,0.76464248,0.92917269,0.29079074,0.22820789,0
-0.94257909,-0.098778754,-0.41829097,-0.92917269,-0.29079074,-0.22820789,0
-0.858181,-0.53354758,-0.2079286,-0.92917269,-0.29079074,-0.22820789,0
0.21094275,0.47193366,-0.3387351,-0.21042049,0.92367506,-0.32023054,0
-0.4738217,-0.48503742,0.47367373,0.21042049,-0.92367506,0.32023054,0
0.3021304,-0.12488458,-0.41004995,0.30390999,-0.2495299,-0.919442,0
-0.66275591,-0.56874138,0.35638452,0.21042049,-0.92367506,0.32023054,0
-0.41047609,0.30947042,-0.39901656,-0.21042049,0.92367506,-0.32023054,0
0.033037901,-0.24130547,0.62021685,-0.30390999,0.2495299,0.919442,0
0.15380721,-0.14625642,-0.4532761,0.30390999,-0.2495299,-0.919442,0
0.26107097,-0.28052658,0.58067501,0.21042049,-0.92367506,0.32023054,0
-0.45403928,0.47035769,0.26607949,-0.30390999,0.2495299,0.919442,0
-0.91157085,-0.52222079,-0.0049794316,-0.92917269,-0.29079074,-0.22820789,0
0.81325632,0.33125108,-0.36489564,0.30390999,-0.2495299,-0.919442,0
-1.0075536,-0.31854373,0.12629187,-0.92917269,-0.29079074,-0.22820789,0
-0.47453362,0.33352348,-0.28754613,-0.21042049,0.92367506,-0.32023054,0
-0.37535688,-0.58561516,-0.50894588,0.30390999,-0.2495299,-0.919442,0
-0.062466443,0.46360731,-0.18309692,-0.21042049,0.92367506,-0.32023054,0
0.14960825,-0.31064558,0.56704062,0.21042049,-0.92367506,0.32023054,0
-0.70852935,-0.70676577,-0.011656642,0.21042049,-0.92367506,0.32023054,0
-1.105069,-0.0081054568,0.12776506,-0.92917269,-0.29079074,-0.22820789,0
0.52077699,0.63309133,0.54412794,-0.30390999,0.2495299,0.919442,0
-0.56257367,-0.7414856,-0.20770866,0.21042049,-0.92367506,0.32023054,0
0.57261777,0.079898506,0.71139586,-0.30390999,0.2495299,0.919442,0
-0.90874588,-0.09431085,-0.56173933,-0.92917269,-0.29079074,-0.22820789,0
0.84635007,0.43829972,0.37746781,0.92917269,0.29079074,0.22820789,0
0.91206932,-0.068225428,0.75531727,0.92917269,0.29079074,0.22820789,0
0.95908129,0.30420053,0.0893448,0.92917269,0.29079074,0.22820789,0
-0.51364374,0.30186012,-0.35317713,-0.21042049,0.92367506,-0.32023054,0
0.63079709,0.33567452,-0.42640567,0.30390999,-0.2495299,-0.919442,0
-0.0036138892,-0.4202421,0.35160074,0.21042049,-0.92367506,0.32023054,0
1.0445492,0.024787784,0.097390175,0.92917269,0.29079074,0.22820789,0
0.04475069,-0.098535657,0.58534175,-0.30390999,0.2495299,0.919442,0
-1.0819316,0.055762708,-0.047824144,-0.92917269,-0.29079074,-0.22820789,0
-0.90407002,-0.49072257,-0.07565558,-0.92917269,-0.29079074,-0.22820789,0
-0.74548227,0.0090189576,0.29495066,-0.30390999,0.2495299,0.919442,0
-0.57931232,0.2016329,-0.599123,-0.21042049,0.92367506,-0.32023054,0
0.41501322,-0.20542464,0.69614559,0.21042049,-0.92367506,0.32023054,0
-0.47622451,-0.72398597,-0.21397193,0.21042049,-0.92367506,0.32023054,0
1.0685321,-0.27717948,0.059754491,0.21042049,-0.92367506,0.32023054,0
0.55931193,-0.45017835,-0.10464102,0.21042049,-0.92367506,0.32023054,0
0.79064286,-0.042150967,0.81658465,-0.30390999,0.2495299,0.919442,0
-0.61819792,-0.57070589,0.32143921,0.21042049,-0.92367506,0.32023054,0
0.88407576,-0.12987578,0.60584253,0.21042049,-0.92367506,0.32023054,0
-0.63054419,0.30766892,-0.25960809,-0.21042049,0.92367506,-0.32023054,0
0.68795025,0.082183838,-0.33871892,0.30390999,-0.2495299,-0.919442,0
0.77140999,0.1651181,0.75397611,-0.30390999,0.2495299,0.919442,0
-1.1355491,0.14758426,0.053482056,-0.92917269,-0.29079074,-0.22820789,0
-0.90782893,-0.057435021,-0.61246181,-0.92917269,-0.29079074,-0.22820789,0
-0.02676785,-0.64960307,-0.29475519,0.21042049,-0.92367506,0.32023054,0
0.19880652,-0.49684367,-0.34325534,0.30390999,-0.2495299,-0.919442,0
0.15288502,-0.0050963163,-0.49189076,0.30390999,-0.2495299,-0.919442,0
0.99204111,0.17188829,0.12374192,0.92917269,0.29079074,0.22820789,0
-0.86851966,-0.13528782,-0.67331058,-0.92917269,-0.29079074,-0.22820789,0
0.23466879,-0.2713455,0.6245057,0.21042049,-0.92367506,0.32023054,0
-0.54322851,-0.60284656,0.17947099,0.21042049,-0.92367506,0.32023054,0
-0.3072646,0.18778911,0.39128104,-0.30390999,0.2495299,0.919442,0
-0.91457087,-0.12424615,-0.49987769,-0.92917269,-0.29079074,-0.22820789,0
-0.63022137,-0.65578115,0.083948106,0.21042049,-0.92367506,0.32023054,0
0.99585837,0.32725286,-0.08977145,0.92917269,0.29079074,0.22820789,0
0.96702957,0.33540794,0.017216742,0.92917269,0.29079074,0.22820789,0
0.84957629,0.17788288,0.69616449,0.92917269,0.29079074,0.22820789,0
0.89910936,0.5998925,-0.043254972,0.92917269,0.29079074,0.22820789,0
-0.84463823,-0.23898689,-0.63840914,-0.92917269,-0.29079074,-0.22820789,0
1.0873553,0.089614987,-0.1595037,0.92917269,0.29079074,0.22820789,0
-0.97035444,-0.35395709,0.019956827,-0.92917269,-0.29079074,-0.22820789,0
-0.08374989,-0.64864182,-0.25454026,0.21042049,-0.92367506,0.32023054,0
-0.79207122,-0.61971468,0.29432869,0.21042049,-0.92367506,0.32023054,0
0.4843798,-0.0059456825,-0.38208884,0.30390999,-0.2495299,-0.919442,0
1.0163448,0.1228205,0.087311327,0.92917269,0.29079074,0.22820789,0
0.57822359,0.44015384,0.61547804,-0.30390999,0.2495299,0.919442,0
-0.45110771,-0.71006656,-0.19032678,0.21042049,-0.92367506,0.32023054,0
-0.78986108,-0.40802491,-0.64604604,-0.92917269,-0.29079074,-0.22820789,0
0.9586978,-0.061850131,0.5573411,0.92917269,0.29079074,0.22820789,0
-0.86141396,-0.16602312,-0.66307807,-0.92917269,-0.29079074,-0.22820789,0
1.0276462,-0.12146872,0.35257822,0.92917269,0.29079074,0.22820789,0
0.29421902,-0.38286176,0.26371753,0.21042049,-0.92367506,0.32023054,0
0.049778998,-0.48415345,0.13217053,0.21042049,-0.92367506,0.32023054,0
0.70288044,0.5911687,0.6156975,-0.30390999,0.2495299,0.919442,0
-0.23535746,0.26182094,-0.65152586,-0.21042049,0.92367506,-0.32023054,0
0.77982479,0.46682322,0.61198676,0.92917269,0.29079074,0.22820789,0
-0.82730997,-0.44195959,-0.45032823,-0.92917269,-0.29079074,-0.22820789,0
0.63524997,-0.29483432,-0.2538183,0.30390999,-0.2495299,-0.919442,0
-0.9691909,-0.42525977,0.106076,-0.92917269,-0.29079074,-0.22820789,0
-0.053204,0.47436821,-0.1581445,-0.21042049,0.92367506,-0.32023054,0
0.25782895,0.15213859,-0.49987525,0.30390999,-0.2495299,-0.919442,0
-0.56069136,-0.12169329,-0.6961109,0.30390999,-0.2495299,-0.919442,0
0.48480269,-0.46749666,-0.25668746,0.30390999,-0.2495299,-0.919442,0
-0.40597674,0.34832346,-0.28990513,-0.21042049,0.92367506,-0.32023054,0
-0.89282811,-0.3058427,-0.35700893,-0.92917269,-0.29079074,-0.22820789,0
0.58769369,0.81574708,0.40540299,-0.21042049,0.92367506,-0.32023054,0
-0.36685193,-0.2605741,0.49326774,-0.30390999,0.2495299,0.919442,0
0.16887337,0.0040902793,-0.4890992,0.30390999,-0.2495299,-0.919442,0
0.78035343,-0.38308921,-0.056373,0.21042049,-0.92367506,0.32023054,0
-0.50341725,-0.17163378,0.42399001,-0.30390999,0.2495299,0.919442,0
-1.0393667,-0.035671771,0.2099396,-0.30390999,0.2495299,0.919442,0
0.35893571,0.19260953,0.61017698,-0.30390999,0.2495299,0.919442,0
0.38283363,0.72022605,0.26449305,-0.21042049,0.92367506,-0.32023054,0
-0.40015459,-0.56004661,0.20891103,0.21042049,-0.92367506,0.32023054,0
-1.0181805,-0.19962263,0.018027186,-0.92917269,-0.29079074,-0.22820789,0
0.35888103,-0.3036609,0.44967636,0.21042049,-0.92367506,0.32023054,0
-1.1152556,0.14381951,-0.024347901,-0.92917269,-0.29079074,-0.22820789,0
0.16257532,-0.36970606,-0.38973534,0.30390999,-0.2495299,-0.919442,0
-0.92499077,-0.40971172,-0.093701839,-0.92917269,-0.29079074,-0.22820789,0
-0.99508828,-0.4399699,0.23026413,-0.92917269,-0.29079074,-0.22820789,0
-0.1385994,0.26601967,0.4258,-0.30390999,0.2495299,0.919442,0
0.61895192,0.49729383,0.61343294,-0.30390999,0.2495299,0.919442,0
-1.0576614,0.016833961,-0.097038686,-0.92917269,-0.29079074,-0.22820789,0
-0.28203002,0.41810435,-0.17007282,-0.21042049,0.92367506,-0.32023054,0
0.77039331,0.51661015,0.5869478,0.92917269,0.29079074,0.22820789,0
0.23789144,-0.16157457,0.66629028,-0.30390999,0.2495299,0.919442,0
0.18093127,-0.44315419,0.16424999,0.21042049,-0.92367506,0.32023054,0
0.89829743,0.11454704,0.5784961,0.92917269,0.29079074,0.22820789,0
-0.78622365,0.24900469,-0.32652408,-0.21042049,0.92367506,-0.32023054,0
-0.90237141,-0.25979099,-0.3768332,-0.92917269,-0.29079074,-0.22820789,0
-0.86811495,-0.018134743,-0.82423919,-0.92917269,-0.29079074,-0.22820789,0
0.43801498,-0.20837376,-0.34247667,0.30390999,-0.2495299,-0.919442,0
-0.069810331,-0.52192271,0.10180955,0.21042049,-0.92367506,0.32023054,0
-1.0529023,-0.22156513,0.187361,-0.92917269,-0.29079074,-0.22820789,0
-0.042562395,0.54544777,0.039885372,-0.21042049,0.92367506,-0.32023054,0
0.11821091,0.59749019,0.084354118,-0.21042049,0.92367506,-0.32023054,0
-0.74041343,0.21811472,-0.44572473,-0.21042049,0.92367506,-0.32023054,0
0.88479549,0.62831616,-0.021192849,0.92917269,0.29079074,0.22820789,0
-1.1275843,0.17969996,-0.019870162,-0.92917269,-0.29079074,-0.22820789,0
-0.91320229,-0.29565382,-0.28703618,-0.92917269,-0.29079074,-0.22820789,0
0.009962678,-0.65820915,-0.34371394,0.21042049,-0.92367506,0.32023054,0
0.30562484,-0.18197593,0.69421554,-0.30390999,0.2495299,0.919442,0
-0.64344358,-0.52011168,0.47228041,-0.30390999,0.2495299,0.919442,0
0.84598112,0.50822645,0.28986692,0.92917269,0.29079074,0.22820789,0
-0.242863,0.052308783,-0.63827968,0.30390999,-0.2495299,-0.919442,0
-1.1152248,0.26412278,-0.066733837,-0.21042049,0.92367506,-0.32023054,0
-0.12756175,-0.51876545,0.1488644,0.21042049,-0.92367506,0.32023054,0
-0.38486588,-0.51620358,0.32532591,0.21042049,-0.92367506,0.32023054,0
-0.48524117,-0.011654854,-0.70103538,0.30390999,-0.2495299,-0.919442,0
0.12630013,0.68490773,0.39967602,-0.30390999,0.2495299,0.919442,0
0.25725585,0.25603688,0.55935425,-0.30390999,0.2495299,0.919442,0
-0.9110477,-0.65869051,0.16678572,-0.92917269,-0.29079074,-0.22820789,0
-0.94601148,-0.50926906,0.11874557,-0.92917269,-0.29079074,-0.22820789,0
0.039274991,0.091995567,-0.55579317,0.30390999,-0.2495299,-0.919442,0
-0.22030735,-0.48299226,-0.4855473,0.30390999,-0.2495299,-0.919442,0
-0.55487549,-0.73016715,-0.18012011,0.21042049,-0.92367506,0.32023054,0
-0.88096011,-0.67778486,0.068611264,-0.92917269,-0.29079074,-0.22820789,0
-0.31880283,0.52965701,0.17585334,-0.21042049,0.92367506,-0.32023054,0
1.0821848,-0.12579477,0.13603067,0.92917269,0.29079074,0.22820789,0
-0.78865325,-0.62875116,-0.36970657,-0.92917269,-0.29079074,-0.22820789,0
0.25605461,0.4844678,0.49696267,-0.30390999,0.2495299,0.919442,0
-1.0414674,-0.097165525,-0.017711997,-0.92917269,-0.29079074,-0.22820789,0
1.0758166,-0.10240144,-0.1604194,0.30390999,-0.2495299,-0.919442,0
0.36345214,-0.20366527,0.71921593,-0.30390999,0.2495299,0.919442,0
0.80679679,0.71830404,-0.019632995,-0.21042049,0.92367506,-0.32023054,0
-0.37415805,0.25664604,-0.57524776,-0.21042049,0.92367506,-0.32023054,0
-0.32090372,-0.45927864,0.44749159,0.21042049,-0.92367506,0.32023054,0
-0.74533904,-0.80052698,-0.32718197,-0.92917269,-0.29079074,-0.22820789,0
-0.86603826,-0.39274204,-0.35535645,-0.92917269,-0.29079074,-0.22820789,0
-0.84457254,-0.7077564,-0.041353524,-0.92917269,-0.29079074,-0.22820789,0
-0.53466213,-0.14833879,0.40734035,-0.30390999,0.2495299,0.919442,0
-1.0276252,-0.30499232,0.19074863,-0.92917269,-0.29079074,-0.22820789,0
-0.66951549,0.17070743,-0.62905306,-0.21042049,0.92367506,-0.32023054,0
-0.8565222,0.13339162,0.22449392,-0.30390999,0.2495299,0.919442,0
-0.090209737,0.40494183,0.40409213,-0.30390999,0.2495299,0.919442,0
0.95573354,-0.05563572,0.56149173,0.92917269,0.29079074,0.22820789,0
0.096168101,0.52047604,-0.12330179,-0.21042049,0.92367506,-0.32023054,0
-0.98263884,-0.19541758,-0.13204288,-0.92917269,-0.29079074,-0.22820789,0
-0.71155316,-0.77074677,-0.50269198,-0.92917269,-0.29079074,-0.22820789,0
-0.98011333,0.2552762,0.15056384,-0.30390999,0.2495299,0.919442,0
-0.34049088,0.5369885,0.21125144,-0.21042049,0.92367506,-0.32023054,0
0.696459,0.25908679,-0.38391665,0.30390999,-0.2495299,-0.919442,0
0.82894057,0.20464748,0.74608058,0.92917269,0.29079074,0.22820789,0
0.7997185,0.62406474,0.33062482,0.92917269,0.29079074,0.22820789,0
1.0298148,-0.12961265,0.35412556,0.92917269,0.29079074,0.22820789,0
0.052303553,0.43362725,-0.34498608,-0.21042049,0.92367506,-0.32023054,0
-1.0593864,0.26588672,-0.098336697,-0.21042049,0.92367506,-0.32023054,0
0.86482668,0.4606615,0.27374381,0.92917269,0.29079074,0.22820789,0
0.17408162,0.46406144,0.47540569,-0.30390999,0.2495299,0.919442,0
0.40220365,-0.38076153,-0.30752885,0.30390999,-0.2495299,-0.919442,0
0.060523987,0.38500601,-0.49063098,-0.21042049,0.92367506,-0.32023054,0
1.0349083,0.1044845,0.035092235,0.92917269,0.29079074,0.22820789,0
0.91903198,0.3141543,0.23972625,0.92917269,0.29079074,0.22820789,0
-0.54933131,0.31164938,0.2776542,-0.30390999,0.2495299,0.919442,0
1.0193975,0.033591211,0.18858063,0.92917269,0.29079074,0.22820789,0
0.475609,-0.26016337,-0.3159951,0.30390999,-0.2495299,-0.919442,0
-0.14214301,-0.37471795,0.57393706,0.21042049,-0.92367506,0.32023054,0
-0.85172057,-0.29186827,0.34149355,-0.30390999,0.2495299,0.919442,0
0.87792593,0.14635085,0.62091511,0.92917269,0.29079074,0.22820789,0
-0.95775181,0.1139276,-0.60343182,-0.21042049,0.92367506,-0.32023054,0
-0.79057384,-0.49718061,-0.52953827,-0.92917269,-0.29079074,-0.22820789,0
0.83908707,0.68967587,0.086727023,0.92917269,0.29079074,0.22820789,0
-0.70510525,-0.58481717,-0.61815667,0.30390999,-0.2495299,-0.919442,0
0.73314351,0.22009504,-0.36120892,0.30390999,-0.2495299,-0.919442,0
1.0040411,0.40948117,-0.22786623,0.92917269,0.29079074,0.22820789,0
-0.39075375,-0.15238684,0.45600605,-0.30390999,0.2495299,0.919442,0
1.0033998,0.15395528,0.10034448,0.92917269,0.29079074,0.22820789,0
0.074275479,0.23286326,0.50516152,-0.30390999,0.2495299,0.919442,0
0.66331255,0.62662083,-0.18980232,-0.21042049,0.92367506,-0.32023054,0
-0.56021869,-0.12458183,-0.6951707,0.30390999,-0.2495299,-0.919442,0
-0.17284822,0.38242289,0.38288853,-0.30390999,0.2495299,0.919442,0
0.096547425,-0.30371886,-0.42946848,0.30390999,-0.2495299,-0.919442,0
0.70470488,-0.29793739,-0.23001868,0.30390999,-0.2495299,-0.919442,0
-0.033645213,-0.51108974,0.10929251,0.21042049,-0.92367506,0.32023054,0
-0.39913917,-0.65547538,-0.49784726,0.30390999,-0.2495299,-0.919442,0
-0.84582657,-0.61098844,-0.15955293,-0.92917269,-0.29079074,-0.22820789,0
0.74949074,0.69253933,0.44787964,0.92917269,0.29079074,0.22820789,0
-0.44420171,0.48586184,0.26512346,-0.30390999,0.2495299,0.919442,0
0.52819031,-0.44078985,-0.057110846,0.21042049,-0.92367506,0.32023054,0
1.0147965,0.023158491,0.2206077,0.92917269,0.29079074,0.22820789,0
-0.42445877,-0.50286698,-0.54763317,0.30390999,-0.2495299,-0.919442,0
0.92957139,0.2848365,0.23417175,0.92917269,0.29079074,0.22820789,0
0.20131901,-0.07969822,0.63198113,-0.30390999,0.2495299,0.919442,0
-0.90766406,0.27183557,0.17001706,-0.30390999,0.2495299,0.919442,0
-0.55393052,-0.07523185,0.38113075,-0.30390999,0.2495299,0.919442,0
1.0421349,-0.13991624,0.31709272,0.92917269,0.29079074,0.22820789,0
-0.16156361,-0.70965594,-0.37939906,0.21042049,-0.92367506,0.32023054,0
-0.6054827,-0.19313663,0.39608932,-0.30390999,0.2495299,0.919442,0
0.019988686,-0.57564652,-0.11215775,0.21042049,-0.92367506,0.32023054,0
0.52079922,-0.48694393,-0.1853815,0.21042049,-0.92367506,0.32023054,0
0.58058691,0.84350997,0.50679135,-0.30390999,0.2495299,0.919442,0
0.011336446,-0.50549698,0.095867299,0.21042049,-0.92367506,0.32023054,0
0.10561666,0.080836505,0.55677992,-0.30390999,0.2495299,0.919442,0
-0.83761257,-0.70570862,-0.072301626,-0.92917269,-0.29079074,-0.22820789,0
0.73516607,0.04963062,0.77333868,-0.30390999,0.2495299,0.919442,0
0.82950318,0.72055334,-0.028064966,-0.21042049,0.92367506,-0.32023054,0
-0.68911511,-0.84201199,-0.41451865,0.21042049,-0.92367506,0.32023054,0
0.93988216,0.42566231,0.012745082,0.92917269,0.29079074,0.22820789,0
0.2661607,0.068282872,-0.47436348,0.30390999,-0.2495299,-0.919442,0
0.93168831,0.1395992,0.41061908,0.92917269,0.29079074,0.22820789,0
0.11110377,0.05277127,0.56621033,-0.30390999,0.2495299,0.919442,0
1.0447279,0.23637843,-0.17295355,0.92917269,0.29079074,0.22820789,0
0.095192015,-0.54506421,-0.073361441,0.21042049,-0.92367506,0.32023054,0
-0.17270607,0.25223476,0.41826758,-0.30390999,0.2495299,0.919442,0
0.50203645,-0.37104902,-0.27716631,0.30390999,-0.2495299,-0.919442,0
0.97756147,0.56689084,-0.32062888,0.92917269,0.29079074,0.22820789,0
1.1057413,-0.12396282,0.03778398,0.92917269,0.29079074,0.22820789,0
0.48602945,0.46229327,0.57899594,-0.30390999,0.2495299,0.919442,0
0.95025367,0.17867148,0.28524095,0.92917269,0.29079074,0.22820789,0
0.69251227,-0.2708194,0.3251785,0.21042049,-0.92367506,0.32023054,0
-0.43510062,-0.48843038,-0.55506861,0.30390999,-0.2495299,-0.919442,0
0.95451778,-0.056239635,0.56721133,0.92917269,0.29079074,0.22820789,0
1.0807683,-0.24073124,0.15684545,0.21042049,-0.92367506,0.32023054,0
0.24914503,0.42459381,-0.50038469,-0.21042049,0.92367506,-0.32023054,0
0.8716743,0.26036814,0.50108439,0.92917269,0.29079074,0.22820789,0
0.84036684,0.48390999,0.34371078,0.92917269,0.29079074,0.22820789,0
0.36862251,0.75159484,0.36431158,-0.21042049,0.92367506,-0.32023054,0
0.14950699,-0.45107907,-0.37197086,0.30390999,-0.2495299,-0.919442,0
0.41539094,0.56338346,0.52821219,-0.30390999,0.2495299,0.919442,0
-0.29471719,-0.43669868,0.49541432,0.21042049,-0.92367506,0.32023054,0
-1.0321307,-0.027836919,-0.14406836,-0.92917269,-0.29079074,-0.22820789,0
0.66855431,-0.29656011,-0.24234158,0.30390999,-0.2495299,-0.919442,0
0.76370168,0.79265451,0.22314161,-0.21042049,0.92367506,-0.32023054,0
-0.82565045,-0.27417499,-0.67088193,-0.92917269,-0.29079074,-0.22820789,0
1.0239719,-0.084444404,0.32036066,0.92917269,0.29079074,0.22820789,0
-0.79486358,-0.35327131,0.37695119,-0.30390999,0.2495299,0.919442,0
-0.76323116,-0.51257396,-0.62125236,-0.92917269,-0.29079074,-0.22820789,0
-0.51190656,-0.57924765,0.22695836,0.21042049,-0.92367506,0.32023054,0
0.84898376,-0.086935587,0.7527582,0.21042049,-0.92367506,0.32023054,0
-1.0778027,-0.076269984,0.10360467,-0.92917269,-0.29079074,-0.22820789,0
0.9591397,0.0059078038,0.46920198,0.92917269,0.29079074,0.22820789,0
0.64457619,0.37287351,-0.43194675,0.30390999,-0.2495299,-0.919442,0
-0.077728689,0.38711232,-0.39371091,-0.21042049,0.92367506,-0.32023054,0
-0.60421747,-0.20868063,-0.68689018,0.30390999,-0.2495299,-0.919442,0
-0.47724161,-0.58523333,0.18691519,0.21042049,-0.92367506,0.32023054,0
0.95991123,0.22662035,0.18482089,0.92917269,0.29079074,0.22820789,0
0.57781583,-0.1737259,0.68060148,0.21042049,-0.92367506,0.32023054,0
-0.8757605,-0.56923538,-0.090877354,-0.92917269,-0.29079074,-0.22820789,0
0.85302991,0.67604327,0.047328591,0.92917269,0.29079074,0.22820789,0
-0.89508414,0.21711057,-0.34698862,-0.21042049,0.92367506,-0.32023054,0
-0.33821714,-0.33689666,-0.56417024,0.30390999,-0.2495299,-0.919442,0
-0.54433763,-0.82075739,-0.44834363,0.21042049,-0.92367506,0.32023054,0
-0.17010123,-0.58384693,-0.010904975,0.21042049,-0.92367506,0.32023054,0
0.73121595,0.80599862,0.28297737,-0.21042049,0.92367506,-0.32023054,0
0.95463133,0.0054530501,0.48813796,0.92917269,0.29079074,0.22820789,0
-0.77880949,-0.5474745,0.43496305,-0.30390999,0.2495299,0.919442,0
1.179179,-0.28068286,-0.061527133,0.92917269,0.29079074,0.22820789,0
-0.51762086,0.1737484,-0.72009021,-0.21042049,0.92367506,-0.32023054,0
-0.48248285,-0.55219299,-0.55342561,0.30390999,-0.2495299,-0.919442,0
0.41838405,-0.074536443,-0.38528788,0.30390999,-0.2495299,-0.919442,0
-0.64245665,-0.30601978,-0.67311251,0.30390999,-0.2495299,-0.919442,0
-0.80233657,-0.26575941,0.35073102,-0.30390999,0.2495299,0.919442,0
-1.0120635,0.046385348,-0.32035083,-0.92917269,-0.29079074,-0.22820789,0
-0.44973177,-0.50420541,0.4025563,0.21042049,-0.92367506,0.32023054,0
-0.12196523,0.28915459,-0.64719343,-0.21042049,0.92367506,-0.32023054,0
-0.25216791,-0.043299109,0.47220823,-0.30390999,0.2495299,0.919442,0
-0.83692652,-0.63363224,-0.16693699,-0.92917269,-0.29079074,-0.22820789,0
0.065173507,0.093066722,-0.5475235,0.30390999,-0.2495299,-0.919442,0
0.24048609,0.70492697,0.31389964,-0.21042049,0.92367506,-0.32023054,0
-0.62841296,0.294043,-0.30031115,-0.21042049,0.92367506,-0.32023054,0
0.44824147,-0.022678263,0.6981234,-0.30390999,0.2495299,0.919442,0
-0.71446288,-0.79475963,-0.4602465,-0.92917269,-0.29079074,-0.22820789,0
-0.97093129,-0.5999018,0.33569705,-0.92917269,-0.29079074,-0.22820789,0
0.8047263,-0.062378705,-0.26088685,0.30390999,-0.2495299,-0.919442,0
0.49517226,0.70476753,0.14608783,-0.21042049,0.92367506,-0.32023054,0
-0.71478933,0.070177734,0.28849775,-0.30390999,0.2495299,0.919442,0
0.9322744,0.43406865,0.033008933,0.92917269,0.29079074,0.22820789,0
-0.94890916,0.15299559,0.18863612,-0.30390999,0.2495299,0.919442,0
0.85727859,0.014700055,0.82318127,-0.30390999,0.2495299,0.919442,0
-0.18243138,0.10631368,0.45465493,-0.30390999,0.2495299,0.919442,0
-0.98379815,-0.2069087,-0.11268014,-0.92917269,-0.29079074,-0.22820789,0
0.22145441,0.63065034,0.11216119,-0.21042049,0.92367506,-0.32023054,0
-1.1026001,0.19929332,-0.14656222,-0.92917269,-0.29079074,-0.22820789,0
-0.63318163,-0.11570656,-0.72169644,0.30390999,-0.2495299,-0.919442,0
-1.076528,0.067180514,-0.084375262,-0.92917269,-0.29079074,-0.22820789,0
-0.31268248,-0.1380322,0.47791576,-0.30390999,0.2495299,0.919442,0
-0.7837829,0.14103086,-0.63956827,-0.21042049,0.92367506,-0.32023054,0
0.51850384,0.36248058,0.61681843,-0.30390999,0.2495299,0.919442,0
0.95577431,-0.24652949,0.2222535,0.21042049,-0.92367506,0.32023054,0
-0.3819322,0.474902,0.28868026,-0.30390999,0.2495299,0.919442,0
0.71429276,0.79320532,0.2571964,-0.21042049,0.92367506,-0.32023054,0
0.92121863,0.14164421,0.45064157,0.92917269,0.29079074,0.22820789,0
-1.0670825,0.17062438,-0.25464529,-0.92917269,-0.29079074,-0.22820789,0
-0.33620149,0.42012411,-0.12865156,-0.21042049,0.92367506,-0.32023054,0
1.1135259,-0.19939452,0.10220587,0.92917269,0.29079074,0.22820789,0
0.96176064,0.15743589,0.26544827,0.92917269,0.29079074,0.22820789,0
-1.0623938,0.1026876,-0.18716812,-0.92917269,-0.29079074,-0.22820789,0
0.96551025,0.45166081,-0.12473094,0.92917269,0.29079074,0.22820789,0
-0.095038883,0.37265924,0.41125718,-0.30390999,0.2495299,0.919442,0
-0.19823939,0.50351685,0.02123341,-0.21042049,0.92367506,-0.32023054,0
-0.55806077,0.20324314,-0.6084426,-0.21042049,0.92367506,-0.32023054,0
0.16610476,-0.52545363,-0.063392743,0.21042049,-0.92367506,0.32023054,0
0.15738919,-0.59483296,-0.25778374,0.21042049,-0.92367506,0.32023054,0
-0.71780664,-0.27486199,-0.70647454,0.30390999,-0.2495299,-0.919442,0
-0.58310896,-0.75075501,-0.22095197,0.21042049,-0.92367506,0.32023054,0
0.89798999,0.47889632,0.1154806,0.92917269,0.29079074,0.22820789,0
-0.88526917,-0.3003405,-0.39479738,-0.92917269,-0.29079074,-0.22820789,0
-0.85731322,0.20494273,-0.40690452,-0.21042049,0.92367506,-0.32023054,0
0.78541696,-0.35104251,0.032735646,0.21042049,-0.92367506,0.32023054,0
0.1097725,0.26141593,-0.57847059,0.30390999,-0.2495299,-0.919442,0
0.97261405,-0.099336296,0.5484457,0.92917269,0.29079074,0.22820789,0
0.7512629,0.040154174,0.78123105,-0.30390999,0.2495299,0.919442,0
0.99381995,0.53764242,-0.34955746,0.92917269,0.29079074,0.22820789,0
0.41439712,-0.43305284,0.039978266,0.21042049,-0.92367506,0.32023054,0
-0.97212541,-0.55866361,0.28801167,-0.92917269,-0.29079074,-0.22820789,0
0.27274126,0.44076449,-0.4692468,-0.21042049,0.92367506,-0.32023054,0
-0.47468373,-0.2357178,-0.63673675,0.30390999,-0.2495299,-0.919442,0
-1.0158436,-0.029743731,-0.2079531,-0.92917269,-0.29079074,-0.22820789,0
-0.94551361,-0.55950397,0.18073034,-0.92917269,-0.29079074,-0.22820789,0
0.34640199,-0.16194418,0.70225739,-0.30390999,0.2495299,0.919442,0
0.57216841,-0.32792222,0.23954761,0.21042049,-0.92367506,0.32023054,0
0.90436321,-0.0062563866,0.70773035,0.92917269,0.29079074,0.22820789,0
-0.94578224,-0.51475692,0.12480521,-0.92917269,-0.29079074,-0.22820789,0
-0.75690055,-0.64648426,0.19400415,0.21042049,-0.92367506,0.32023054,0
-0.72982514,-0.19804072,0.35632038,-0.30390999,0.2495299,0.919442,0
-0.40201518,0.21755686,-0.66969222,-0.21042049,0.92367506,-0.32023054,0
0.84980738,-0.32611379,0.062330008,0.21042049,-0.92367506,0.32023054,0
0.24223709,-0.34805393,0.39827445,0.21042049,-0.92367506,0.32023054,0
-0.95304137,-0.43725759,0.055609345,-0.92917269,-0.29079074,-0.22820789,0
