4.16259,-0.87190938,-2.6961727,0.75612891,-0.1732851,-0.6310637,0
3.7392168,-0.99403584,-2.4115572,0.28247136,-0.78343076,0.55357587,0
-3.8935881,0.75033748,3.0518682,-0.75612891,0.1732851,0.6310637,0
-4.1330829,0.78007185,2.7567453,-0.75612891,0.1732851,0.6310637,0
-3.4487686,0.7730248,3.5786133,-0.75612891,0.1732851,0.6310637,0
2.8117914,-1.1898544,-2.6677327,-0.59032112,-0.5968321,-0.54342651,0
0.36046916,-0.73087883,-0.31507003,0.28247136,-0.78343076,0.55357587,0
3.9469013,-0.41607302,-3.0797756,0.75612891,-0.1732851,-0.6310637,0
2.3365507,-0.030940652,-2.1392705,-0.28247136,0.78343076,-0.55357587,0
-3.7969658,0.42399478,3.2572505,-0.75612891,0.1732851,0.6310637,0
3.070092,-0.36313117,-2.9836941,-0.28247136,0.78343076,-0.55357587,0
-3.191175,0.84197581,1.9167114,-0.28247136,0.78343076,-0.55357587,0
2.3565626,-1.1090202,-1.8687629,0.28247136,-0.78343076,0.55357587,0
1.8387783,-0.34017816,-2.3229125,-0.28247136,0.78343076,-0.55357587,0
-3.930845,0.26416731,3.1407261,-0.75612891,0.1732851,0.6310637,0
-3.6923482,0.77294797,3.2867818,-0.75612891,0.1732851,0.6310637,0
3.9140377,-0.80167353,-3.0132694,0.75612891,-0.1732851,-0.6310637,0
1.3903555,-0.60675675,-0.66492677,0.28247136,-0.78343076,0.55357587,0
4.1598644,-0.97401357,-2.671401,0.75612891,-0.1732851,-0.6310637,0
1.6738372,-0.50757289,-0.66921133,0.28247136,-0.78343076,0.55357587,0
-1.8790396,0.34712708,2.3532906,0.28247136,-0.78343076,0.55357587,0
-4.1660776,0.96516991,2.6663852,-0.75612891,0.1732851,0.6310637,0
-3.8041911,0.49047291,3.2303388,-0.75612891,0.1732851,0.6310637,0
3.5667391,-1.3064384,-3.290792,0.75612891,-0.1732851,-0.6310637,0
1.4062481,-0.66329002,-0.75304341,0.28247136,-0.78343076,0.55357587,0
-3.228245,0.094446123,2.4830086,-0.59032112,-0.5968321,-0.54342651,0
-0.5220015,0.69847405,0.72001791,0.59032112,0.5968321,0.54342651,0
2.418797,0.11324033,-1.9771906,-0.28247136,0.78343076,-0.55357587,0
4.0718269,-0.98155057,-2.7748165,0.75612891,-0.1732851,-0.6310637,0
-3.2279627,1.3822277,2.7000573,-0.28247136,0.78343076,-0.55357587,0
-4.1264539,0.85375524,2.7444553,-0.75612891,0.1732851,0.6310637,0
-2.8471396,0.15888965,2.5808828,0.28247136,-0.78343076,0.55357587,0
2.1143281,-0.89009112,-2.2393048,-0.59032112,-0.5968321,-0.54342651,0
1.7423868,-0.5798251,-2.1760244,-0.59032112,-0.5968321,-0.54342651,0
-3.9801292,0.92763984,2.8994904,-0.75612891,0.1732851,0.6310637,0
-3.6572342,1.373126,3.1640506,-0.75612891,0.1732851,0.6310637,0
-0.8356359,0.058620155,1.4125762,0.28247136,-0.78343076,0.55357587,0
-3.994648,0.72952998,2.9364934,-0.75612891,0.1732851,0.6310637,0
1.2399571,-0.36591476,-0.24733964,0.28247136,-0.78343076,0.55357587,0
-3.6415765,0.76222223,3.3505609,-0.75612891,0.1732851,0.6310637,0
1.4963496,-0.55933154,-0.65189511,0.28247136,-0.78343076,0.55357587,0
-0.87632167,0.61079079,1.2012142,0.59032112,0.5968321,0.54342651,0
-3.7355924,0.48192239,3.3148808,-0.75612891,0.1732851,0.6310637,0
3.6075964,-0.66094011,-3.4190865,0.75612891,-0.1732851,-0.6310637,0
3.0047321,-0.20671451,-2.1169062,0.59032112,0.5968321,0.54342651,0
3.4293866,-1.3102074,-3.2064414,-0.59032112,-0.5968321,-0.54342651,0
-2.1382794,0.35102305,2.4910858,0.28247136,-0.78343076,0.55357587,0
-3.3770361,0.72138876,3.6473303,0.28247136,-0.78343076,0.55357587,0
-2.8693209,0.10163784,2.5111775,0.28247136,-0.78343076,0.55357587,0
3.8746736,-0.76794589,-3.0696962,0.75612891,-0.1732851,-0.6310637,0
2.1182227,-1.1903203,-1.9138012,-0.59032112,-0.5968321,-0.54342651,0
-1.9913734,-0.11418366,1.7577554,0.28247136,-0.78343076,0.55357587,0
2.4229517,-0.36038846,-2.6495986,-0.28247136,0.78343076,-0.55357587,0
3.7882042,-0.83687878,-3.1543741,0.75612891,-0.1732851,-0.6310637,0
2.5555131,0.13296977,-2.0190308,-0.28247136,0.78343076,-0.55357587,0
0.66959029,0.00044324994,0.19222862,0.59032112,0.5968321,0.54342651,0
1.5227015,-0.15352234,-1.8974701,-0.28247136,0.78343076,-0.55357587,0
2.2545888,-1.2415223,-2.0042481,0.28247136,-0.78343076,0.55357587,0
1.0094688,-0.0091700852,-0.16642126,0.59032112,0.5968321,0.54342651,0
3.3811483,-0.06161201,-2.6851678,0.59032112,0.5968321,0.54342651,0
3.4059143,-0.81966734,-1.9947145,0.28247136,-0.78343076,0.55357587,0
-3.8888059,0.55812567,3.1103783,-0.75612891,0.1732851,0.6310637,0
-0.8770991,-0.40171671,0.47389585,-0.59032112,-0.5968321,-0.54342651,0
-3.841383,0.39010453,3.2133369,-0.75612891,0.1732851,0.6310637,0
3.6614645,-1.4117329,-3.148381,0.75612891,-0.1732851,-0.6310637,0
1.262728,-0.91405982,-1.2878921,-0.59032112,-0.5968321,-0.54342651,0
-0.24828964,0.1987295,0.97154337,0.59032112,0.5968321,0.54342651,0
-0.80865294,-0.49637824,0.50350761,-0.59032112,-0.5968321,-0.54342651,0
-3.6343379,1.4249704,3.1772482,-0.75612891,0.1732851,0.6310637,0
-2.8117723,1.1352668,2.138186,-0.28247136,0.78343076,-0.55357587,0
-3.6123343,1.362226,3.2208419,-0.75612891,0.1732851,0.6310637,0
3.8422158,-1.3041171,-2.9613585,0.75612891,-0.1732851,-0.6310637,0
1.9249341,-0.74274445,-2.1953945,-0.59032112,-0.5968321,-0.54342651,0
0.81730282,0.49656177,-0.51310545,0.59032112,0.5968321,0.54342651,0
-0.55345136,-0.012689769,-0.30493969,-0.59032112,-0.5968321,-0.54342651,0
-3.6082218,1.2145119,3.2663305,-0.75612891,0.1732851,0.6310637,0
-2.9135475,0.21974039,2.0035467,-0.59032112,-0.5968321,-0.54342651,0
-3.1671319,0.12096858,2.6904979,0.28247136,-0.78343076,0.55357587,0
-4.099009,0.91122532,2.7615585,-0.75612891,0.1732851,0.6310637,0
3.773057,-0.8498683,-3.1689563,0.75612891,-0.1732851,-0.6310637,0
-3.5048366,1.095607,3.4228554,-0.75612891,0.1732851,0.6310637,0
-3.8783336,1.1247746,2.9673285,-0.75612891,0.1732851,0.6310637,0
3.7181463,-1.011126,-3.1904688,0.75612891,-0.1732851,-0.6310637,0
1.0554684,0.34455425,-0.95416951,-0.28247136,0.78343076,-0.55357587,0
2.1956625,-0.23564637,-2.3570833,-0.28247136,0.78343076,-0.55357587,0
-3.9244003,0.24110556,3.1547809,-0.75612891,0.1732851,0.6310637,0
0.90791577,-0.18980667,0.14228392,0.59032112,0.5968321,0.54342651,0
-0.49474329,0.53265542,0.87252188,0.59032112,0.5968321,0.54342651,0
-2.0690665,0.26359099,1.0380321,-0.59032112,-0.5968321,-0.54342651,0
1.7193063,-0.58563221,-2.1445746,-0.59032112,-0.5968321,-0.54342651,0
2.7207355,-0.88305312,-1.7347955,0.28247136,-0.78343076,0.55357587,0
-3.924593,0.89606166,2.9747038,-0.75612891,0.1732851,0.6310637,0
3.4457171,-1.4682755,-3.0505793,-0.59032112,-0.5968321,-0.54342651,0
-3.5799375,1.4239295,3.2427158,-0.75612891,0.1732851,0.6310637,0
2.2715559,-0.99214047,-1.6599766,0.28247136,-0.78343076,0.55357587,0
1.5977688,-0.21391013,-2.0212364,-0.28247136,0.78343076,-0.55357587,0
3.9949358,-0.90205586,-2.8887749,0.75612891,-0.1732851,-0.6310637,0
-2.9136021,0.75880349,1.6573685,-0.28247136,0.78343076,-0.55357587,0
-3.8382537,0.86630696,3.0863249,-0.75612891,0.1732851,0.6310637,0
1.8106159,-0.0012491643,-1.0454021,0.59032112,0.5968321,0.54342651,0
-2.905036,0.8354724,3.1582322,0.59032112,0.5968321,0.54342651,0
1.5039988,-0.8251093,-1.6476755,-0.59032112,-0.5968321,-0.54342651,0
0.99602091,-0.023407057,-1.444581,-0.28247136,0.78343076,-0.55357587,0
-3.6381912,0.83067536,3.33582,-0.75612891,0.1732851,0.6310637,0
-3.8909054,0.94583535,3.0014005,-0.75612891,0.1732851,0.6310637,0
-4.0000758,1.0675818,2.8371639,-0.75612891,0.1732851,0.6310637,0
-0.74712652,0.38463247,1.3092544,0.59032112,0.5968321,0.54342651,0
-1.8720977,0.93496674,1.9268854,0.59032112,0.5968321,0.54342651,0
1.8569384,-0.64548552,-2.228348,-0.59032112,-0.5968321,-0.54342651,0
-1.967325,0.046539843,1.9729433,0.28247136,-0.78343076,0.55357587,0
3.8552806,-1.3173163,-2.9282937,0.28247136,-0.78343076,0.55357587,0
3.8416293,-0.97396064,-3.0527196,0.75612891,-0.1732851,-0.6310637,0
-3.9234171,0.86180866,2.9855189,-0.75612891,0.1732851,0.6310637,0
1.5020654,-0.97057992,-1.2368181,0.28247136,-0.78343076,0.55357587,0
-1.1308025,0.10598029,1.6302147,0.28247136,-0.78343076,0.55357587,0
3.9785783,-0.44926345,-2.9084044,0.59032112,0.5968321,0.54342651,0
1.1852094,-0.46896249,-1.6925236,-0.59032112,-0.5968321,-0.54342651,0
-4.1556234,1.0112002,2.6662719,-0.75612891,0.1732851,0.6310637,0
3.6090529,-0.83316135,-3.3700504,0.75612891,-0.1732851,-0.6310637,0
-3.9371247,0.31479198,3.1193008,-0.75612891,0.1732851,0.6310637,0
-4.0177302,0.65911317,2.9281726,-0.75612891,0.1732851,0.6310637,0
2.9659038,-0.61293679,-3.28406,-0.28247136,0.78343076,-0.55357587,0
0.69190562,0.095257923,-1.1214643,-0.28247136,0.78343076,-0.55357587,0
-3.5221748,1.1425734,3.389184,-0.75612891,0.1732851,0.6310637,0
4.0538392,-0.80884433,-2.8437929,0.75612891,-0.1732851,-0.6310637,0
-3.4116766,1.1148167,2.4153557,-0.28247136,0.78343076,-0.55357587,0
-1.1140294,0.950441,1.0103152,-0.28247136,0.78343076,-0.55357587,0
-2.0896885,-0.17392287,1.7233783,0.28247136,-0.78343076,0.55357587,0
3.1417727,-1.4315217,-2.7258396,0.28247136,-0.78343076,0.55357587,0
2.4898791,-0.46999085,-2.8388605,-0.28247136,0.78343076,-0.55357587,0
-3.9730887,0.39104259,3.0552716,-0.75612891,0.1732851,0.6310637,0
1.634712,-0.40389246,-0.50251657,0.28247136,-0.78343076,0.55357587,0
-1.7846739,0.54517192,0.77897859,-0.28247136,0.78343076,-0.55357587,0
-1.1562047,-0.40906435,0.914276,0.28247136,-0.78343076,0.55357587,0
-0.036582105,-0.54371202,0.15241393,0.28247136,-0.78343076,0.55357587,0
-3.6291277,0.17474866,3.0023499,0.28247136,-0.78343076,0.55357587,0
-3.6423109,0.79791331,2.1602051,-0.59032112,-0.5968321,-0.54342651,0
3.2272952,-0.65979594,-3.4837556,-0.28247136,0.78343076,-0.55357587,0
3.4548557,-1.3207273,-2.7287974,0.28247136,-0.78343076,0.55357587,0
2.7466228,-0.54235423,-1.467899,0.59032112,0.5968321,0.54342651,0
2.3882992,-0.47783923,-1.1495092,0.59032112,0.5968321,0.54342651,0
2.544312,-0.87423074,-1.6322867,0.28247136,-0.78343076,0.55357587,0
3.610661,-1.1616232,-3.2779303,0.75612891,-0.1732851,-0.6310637,0
0.24640688,-0.70933843,-0.22638348,0.28247136,-0.78343076,0.55357587,0
-1.5567654,0.75652349,0.96179301,-0.28247136,0.78343076,-0.55357587,0
-2.3956823,0.044107735,1.6338859,-0.59032112,-0.5968321,-0.54342651,0
-1.6915418,1.1043476,1.5228121,-0.28247136,0.78343076,-0.55357587,0
-2.9714017,0.91868353,1.9131267,-0.28247136,0.78343076,-0.55357587,0
2.5211785,-0.98453987,-2.5775332,-0.59032112,-0.5968321,-0.54342651,0
2.1657825,-0.76892078,-1.2900988,0.28247136,-0.78343076,0.55357587,0
1.3995988,0.34468827,-1.1295781,-0.28247136,0.78343076,-0.55357587,0
-3.9264312,1.1701838,2.8972297,-0.75612891,0.1732851,0.6310637,0
-3.7623057,0.43476832,3.2958212,-0.75612891,0.1732851,0.6310637,0
-3.4549186,0.85146439,3.5497055,-0.75612891,0.1732851,0.6310637,0
-4.0803676,0.81262457,2.8109694,-0.75612891,0.1732851,0.6310637,0
4.0953407,-1.0400869,-2.7305691,0.75612891,-0.1732851,-0.6310637,0
3.7035117,-1.2161739,-2.7077119,0.28247136,-0.78343076,0.55357587,0
0.86485875,-0.8585372,-0.91666824,-0.59032112,-0.5968321,-0.54342651,0
-2.3214157,1.0500894,1.7674285,-0.28247136,0.78343076,-0.55357587,0
0.6507259,-0.59138066,-0.26575801,0.28247136,-0.78343076,0.55357587,0
1.5623004,-0.17381036,-0.58613867,0.59032112,0.5968321,0.54342651,0
-2.1943331,0.030663669,2.0663095,0.28247136,-0.78343076,0.55357587,0
2.7628317,-0.17563242,-2.5615578,-0.28247136,0.78343076,-0.55357587,0
3.343461,-0.54816443,-3.3850482,-0.28247136,0.78343076,-0.55357587,0
2.6337705,-0.29202801,-2.6604276,-0.28247136,0.78343076,-0.55357587,0
3.5108695,-0.66790181,-3.533071,0.75612891,-0.1732851,-0.6310637,0
0.60089982,0.48387238,-0.52505267,-0.28247136,0.78343076,-0.55357587,0
-0.46898142,0.25126237,-0.30832186,-0.28247136,0.78343076,-0.55357587,0
1.7163774,-0.82102776,-1.8828638,-0.59032112,-0.5968321,-0.54342651,0
-3.6665313,1.1142852,3.2239866,-0.75612891,0.1732851,0.6310637,0
-2.762398,0.15106219,2.5265646,0.28247136,-0.78343076,0.55357587,0
1.9196095,-0.9920041,-1.9158548,-0.59032112,-0.5968321,-0.54342651,0
-2.2369933,0.57105088,2.7229495,0.59032112,0.5968321,0.54342651,0
2.7458258,0.082846463,-2.1536758,0.59032112,0.5968321,0.54342651,0
-0.81360877,-0.48838773,0.62720084,0.28247136,-0.78343076,0.55357587,0
-2.4355786,1.2043426,2.2431426,0.59032112,0.5968321,0.54342651,0
3.8705969,-0.55657381,-3.1326222,0.75612891,-0.1732851,-0.6310637,0
3.7467887,-0.4619987,-3.3069358,0.75612891,-0.1732851,-0.6310637,0
4.0601258,-0.77136946,-2.8465507,0.75612891,-0.1732851,-0.6310637,0
2.7759137,-0.68220335,-3.1862993,-0.59032112,-0.5968321,-0.54342651,0
0.7798993,-0.59310997,-0.33411822,0.28247136,-0.78343076,0.55357587,0
-1.4315449,0.50165039,0.53719616,-0.28247136,0.78343076,-0.55357587,0
-1.4920305,0.96997708,1.4755697,0.59032112,0.5968321,0.54342651,0
-1.2801001,0.73790354,1.5002316,0.59032112,0.5968321,0.54342651,0
3.6313863,-0.7251516,-3.3729496,0.75612891,-0.1732851,-0.6310637,0
-1.2248138,-0.24368134,1.1833382,0.28247136,-0.78343076,0.55357587,0
0.28435308,0.010179492,-1.0339084,-0.28247136,0.78343076,-0.55357587,0
3.123147,-1.1684841,-3.0294266,-0.59032112,-0.5968321,-0.54342651,0
-3.3969011,0.17538172,2.884748,0.28247136,-0.78343076,0.55357587,0
-4.0719008,0.98589921,2.7735338,-0.75612891,0.1732851,0.6310637,0
1.4809926,0.26935568,-1.2777228,-0.28247136,0.78343076,-0.55357587,0
-3.8795362,0.82877702,3.0471663,-0.75612891,0.1732851,0.6310637,0
0.4021818,-0.74797344,-0.53549445,-0.59032112,-0.5968321,-0.54342651,0
3.5059409,-0.3092739,-3.1298738,-0.28247136,0.78343076,-0.55357587,0
-3.7968681,0.75378102,3.166811,-0.75612891,0.1732851,0.6310637,0
-1.0964582,0.087644443,1.5867409,0.28247136,-0.78343076,0.55357587,0
-3.5977323,1.3684692,3.2366233,-0.75612891,0.1732851,0.6310637,0
2.7921748,-0.74955827,-1.5823243,0.28247136,-0.78343076,0.55357587,0
1.1282079,0.2037455,-1.1905613,-0.28247136,0.78343076,-0.55357587,0
-3.6342089,1.0518818,3.27985,-0.75612891,0.1732851,0.6310637,0
-3.4703202,1.0472546,3.477489,-0.75612891,0.1732851,0.6310637,0
-1.8804266,0.84684604,1.2547728,-0.28247136,0.78343076,-0.55357587,0
-2.3177114,1.1409547,2.1847215,0.59032112,0.5968321,0.54342651,0
-0.51576126,-0.015167311,-0.34316126,-0.59032112,-0.5968321,-0.54342651,0
-3.5100164,1.1730194,2.5479047,-0.28247136,0.78343076,-0.55357587,0
-1.4558932,1.0409915,1.3583205,0.59032112,0.5968321,0.54342651,0
3.4978027,-0.9753173,-3.4643135,0.75612891,-0.1732851,-0.6310637,0
-0.10979559,0.48614484,-0.15919243,-0.28247136,0.78343076,-0.55357587,0
3.0382776,-0.52432251,-1.804525,0.59032112,0.5968321,0.54342651,0
-3.7417979,1.3462515,3.070107,-0.75612891,0.1732851,0.6310637,0
-2.4758086,0.70582169,2.8343577,0.59032112,0.5968321,0.54342651,0
-0.076426446,-0.049852282,-0.78231442,-0.59032112,-0.5968321,-0.54342651,0
3.6652277,-1.202603,-3.201297,0.75612891,-0.1732851,-0.6310637,0
3.2739801,-0.80238044,-1.9029284,0.28247136,-0.78343076,0.55357587,0
-0.74288261,0.65504807,1.0076535,0.59032112,0.5968321,0.54342651,0
-0.59670568,0.73328751,0.76293379,0.59032112,0.5968321,0.54342651,0
-1.8989259,0.18463707,0.93992233,-0.59032112,-0.5968321,-0.54342651,0
0.91176426,0.0020668954,-1.3655366,-0.28247136,0.78343076,-0.55357587,0
-0.93747789,0.28874406,-0.016218871,-0.28247136,0.78343076,-0.55357587,0
-3.8730388,0.59968865,3.117857,-0.75612891,0.1732851,0.6310637,0
-0.031504147,0.70091993,0.10481174,-0.28247136,0.78343076,-0.55357587,0
3.5170135,-1.2005844,-3.3794384,0.75612891,-0.1732851,-0.6310637,0
-3.6288018,1.1727958,3.2531266,-0.75612891,0.1732851,0.6310637,0
3.7399259,-0.84056938,-3.2112062,0.75612891,-0.1732851,-0.6310637,0
2.3204427,-0.084162116,-1.5081625,0.59032112,0.5968321,0.54342651,0
4.0335779,-1.0932546,-2.7899728,0.75612891,-0.1732851,-0.6310637,0
-1.7090795,0.7695443,1.0579412,-0.28247136,0.78343076,-0.55357587,0
3.5748091,-1.5419588,-3.1098866,-0.59032112,-0.5968321,-0.54342651,0
2.4639995,-0.57937247,-2.9604053,-0.59032112,-0.5968321,-0.54342651,0
0.80440199,-0.82091367,-0.66901332,0.28247136,-0.78343076,0.55357587,0
1.1581726,-0.86936903,-0.91810554,0.28247136,-0.78343076,0.55357587,0
1.4504908,-0.26191312,-0.36791962,0.59032112,0.5968321,0.54342651,0
3.8493309,-1.1302943,-3.0005636,0.75612891,-0.1732851,-0.6310637,0
-1.4819814,0.4355951,0.46944946,-0.28247136,0.78343076,-0.55357587,0
1.9673445,0.22551434,-1.4647045,0.59032112,0.5968321,0.54342651,0
-3.5377507,0.34483916,3.1964378,0.28247136,-0.78343076,0.55357587,0
3.7114704,-0.93584186,-3.2191408,0.75612891,-0.1732851,-0.6310637,0
-0.2192972,-0.59050786,-0.033325903,-0.59032112,-0.5968321,-0.54342651,0
-0.26804596,0.19924623,-0.4844667,-0.28247136,0.78343076,-0.55357587,0
-0.66998124,0.77252233,0.79944193,0.59032112,0.5968321,0.54342651,0
-1.775703,0.29965699,2.2333808,0.28247136,-0.78343076,0.55357587,0
-2.734015,0.16311193,2.5291345,0.28247136,-0.78343076,0.55357587,0
0.99670935,-0.73242414,-1.1984036,-0.59032112,-0.5968321,-0.54342651,0
4.0241647,-0.64527631,-2.924263,0.75612891,-0.1732851,-0.6310637,0
1.1132774,-0.20728037,-0.061608464,0.59032112,0.5968321,0.54342651,0
3.6716475,-0.69571537,-3.3327923,0.75612891,-0.1732851,-0.6310637,0
3.0397646,-0.78249854,-1.7552786,0.28247136,-0.78343076,0.55357587,0
-3.9999771,0.3919552,3.0228038,-0.75612891,0.1732851,0.6310637,0
0.2376159,-0.65991396,-0.15195125,0.28247136,-0.78343076,0.55357587,0
3.7916768,-1.055258,-3.0902481,0.75612891,-0.1732851,-0.6310637,0
2.2011077,-0.45459914,-2.6697278,-0.28247136,0.78343076,-0.55357587,0
3.519455,-1.1144435,-3.400167,0.75612891,-0.1732851,-0.6310637,0
-2.7139769,0.19467431,1.8142838,-0.59032112,-0.5968321,-0.54342651,0
-3.5765777,1.3126135,3.277308,-0.75612891,0.1732851,0.6310637,0
-4.0723863,0.8725332,2.8040819,-0.75612891,0.1732851,0.6310637,0
-3.648741,0.70337504,3.3581347,-0.75612891,0.1732851,0.6310637,0
-3.9522183,0.26137549,3.1158838,-0.75612891,0.1732851,0.6310637,0
3.1070011,-0.028273821,-2.4239774,0.59032112,0.5968321,0.54342651,0
1.438827,-0.78764665,-1.618024,-0.59032112,-0.5968321,-0.54342651,0
-1.526698,-0.15919305,1.4569488,0.28247136,-0.78343076,0.55357587,0
-1.9302216,1.0479376,1.8659518,0.59032112,0.5968321,0.54342651,0
-2.2270818,0.6259501,2.6518881,0.59032112,0.5968321,0.54342651,0
2.1449356,-0.24136299,-1.1448606,0.59032112,0.5968321,0.54342651,0
2.5143888,-0.67022467,-1.3283049,0.28247136,-0.78343076,0.55357587,0
1.2891517,0.3312656,-0.84413135,0.59032112,0.5968321,0.54342651,0
-4.0416098,1.0791082,2.7842336,-0.75612891,0.1732851,0.6310637,0
-3.1814342,1.0538772,3.2186134,0.59032112,0.5968321,0.54342651,0
-2.8329666,1.2019577,2.6774418,0.59032112,0.5968321,0.54342651,0
1.4420773,-0.81119883,-1.5956881,-0.59032112,-0.5968321,-0.54342651,0
3.6908731,-0.88054198,-3.2590046,0.75612891,-0.1732851,-0.6310637,0
0.9996503,-0.41498476,-0.19416383,0.28247136,-0.78343076,0.55357587,0
-0.65084767,-0.39741826,0.2233993,-0.59032112,-0.5968321,-0.54342651,0
-3.261965,0.94272554,2.0954163,-0.28247136,0.78343076,-0.55357587,0
-2.027982,-0.16858685,1.6994433,0.28247136,-0.78343076,0.55357587,0
-1.2615542,0.066884875,0.37687343,-0.59032112,-0.5968321,-0.54342651,0
-2.540134,0.62918824,2.9883986,0.59032112,0.5968321,0.54342651,0
0.92105448,-0.48020768,-1.3932234,-0.59032112,-0.5968321,-0.54342651,0
2.8297148,-1.1511858,-2.7296712,-0.59032112,-0.5968321,-0.54342651,0
3.561022,-1.1587045,-3.3382084,0.75612891,-0.1732851,-0.6310637,0
-2.592139,-0.017368078,1.914813,-0.59032112,-0.5968321,-0.54342651,0
-0.01192084,-0.045240775,0.84527588,0.28247136,-0.78343076,0.55357587,0
-2.4423416,0.89994043,1.6166395,-0.28247136,0.78343076,-0.55357587,0
3.2672164,-0.11923862,-2.7391195,-0.28247136,0.78343076,-0.55357587,0
1.9374349,-0.79168808,-2.1552203,-0.59032112,-0.5968321,-0.54342651,0
-3.3199661,0.32044917,2.3344307,-0.59032112,-0.5968321,-0.54342651,0
-3.808253,0.59476191,2.5635834,-0.59032112,-0.5968321,-0.54342651,0
-1.0959409,0.09659946,0.16433385,-0.59032112,-0.5968321,-0.54342651,0
-2.6669753,0.56516707,3.0639224,0.28247136,-0.78343076,0.55357587,0
4.1963758,-0.97919786,-2.6262302,0.75612891,-0.1732851,-0.6310637,0
2.2999592,-0.32916719,-2.542655,-0.28247136,0.78343076,-0.55357587,0
3.0796597,-1.3103206,-2.5226192,0.28247136,-0.78343076,0.55357587,0
3.7377577,-0.84659463,-3.2121501,0.75612891,-0.1732851,-0.6310637,0
0.89425534,0.019252539,-0.072481528,0.59032112,0.5968321,0.54342651,0
-3.5581717,0.12282717,2.892663,0.28247136,-0.78343076,0.55357587,0
-3.7119966,0.77577484,3.2624629,-0.75612891,0.1732851,0.6310637,0
-3.8168986,1.3352215,2.9831519,-0.75612891,0.1732851,0.6310637,0
-2.0565982,0.95993888,1.5047184,-0.28247136,0.78343076,-0.55357587,0
-4.1176615,0.73420501,2.787818,-0.75612891,0.1732851,0.6310637,0
-3.8483977,0.9696964,3.0457804,-0.75612891,0.1732851,0.6310637,0
-4.0017409,1.1134638,2.8225703,-0.75612891,0.1732851,0.6310637,0
2.8463781,-1.3582354,-2.4713931,0.28247136,-0.78343076,0.55357587,0
-0.45478308,-0.42307305,0.53653848,0.28247136,-0.78343076,0.55357587,0
-2.7155585,0.12891066,2.4713147,0.28247136,-0.78343076,0.55357587,0
3.6305764,-0.58165443,-3.4133229,0.75612891,-0.1732851,-0.6310637,0
0.57479292,0.42783669,-0.17418927,0.59032112,0.5968321,0.54342651,0
2.736794,-1.3517109,-2.4062428,0.28247136,-0.78343076,0.55357587,0
3.516412,-0.81889248,-3.4849691,0.75612891,-0.1732851,-0.6310637,0
-2.2358346,1.223556,2.0050602,0.59032112,0.5968321,0.54342651,0
1.9183564,0.049975097,-1.2186985,0.59032112,0.5968321,0.54342651,0
-1.1265997,-0.20491257,0.52878171,-0.59032112,-0.5968321,-0.54342651,0
3.5741529,-0.92379785,-3.3869786,0.75612891,-0.1732851,-0.6310637,0
-4.1000338,0.98418355,2.7402964,-0.75612891,0.1732851,0.6310637,0
1.9978803,0.013902575,-1.9029953,-0.28247136,0.78343076,-0.55357587,0
-1.0144743,0.6553542,1.3023456,0.59032112,0.5968321,0.54342651,0
0.76445335,0.16085523,-0.086997077,0.59032112,0.5968321,0.54342651,0
3.9082069,-0.80082589,-3.0204885,0.75612891,-0.1732851,-0.6310637,0
-0.92396462,0.85664088,0.78058386,-0.28247136,0.78343076,-0.55357587,0
-0.79214817,0.80402684,0.63886201,-0.28247136,0.78343076,-0.55357587,0
3.8551679,-1.0197872,-3.0239139,0.75612891,-0.1732851,-0.6310637,0
-0.94544399,0.83355498,1.0316448,0.59032112,0.5968321,0.54342651,0
-4.1125522,0.92533183,2.7414572,-0.75612891,0.1732851,0.6310637,0
3.9058588,-1.2473866,-2.9006801,0.75612891,-0.1732851,-0.6310637,0
-3.8804662,0.95660317,3.010952,-0.75612891,0.1732851,0.6310637,0
1.8022597,-0.98361009,-1.4084377,0.28247136,-0.78343076,0.55357587,0
-1.4555755,0.99777675,1.4054372,0.59032112,0.5968321,0.54342651,0
1.1439445,-0.20432112,-0.098171949,0.59032112,0.5968321,0.54342651,0
1.6090777,-0.84140575,-1.1086133,0.28247136,-0.78343076,0.55357587,0
2.9416842,-0.37011445,-1.8689598,0.59032112,0.5968321,0.54342651,0
-1.3164214,-0.2048371,1.2850554,0.28247136,-0.78343076,0.55357587,0
-0.077756196,-0.36851946,0.42135948,0.28247136,-0.78343076,0.55357587,0
-1.284016,-0.2570034,0.75699228,-0.59032112,-0.5968321,-0.54342651,0
2.7880313,-0.16019452,-2.5525684,-0.28247136,0.78343076,-0.55357587,0
-0.16421917,0.76018745,0.25640824,-0.28247136,0.78343076,-0.55357587,0
-3.8178265,1.0995628,3.0467503,-0.75612891,0.1732851,0.6310637,0
-1.0578239,0.81729484,1.1715808,0.59032112,0.5968321,0.54342651,0
-1.6898177,0.00037163496,1.7660024,0.28247136,-0.78343076,0.55357587,0
2.8256204,-0.959759,-2.935463,-0.59032112,-0.5968321,-0.54342651,0
0.049609967,-0.50142348,0.16828048,0.28247136,-0.78343076,0.55357587,0
-2.5934327,0.35919291,1.5026506,-0.59032112,-0.5968321,-0.54342651,0
2.1560862,-0.25104678,-1.1463382,0.59032112,0.5968321,0.54342651,0
3.8546753,-0.78881872,-3.0879266,0.75612891,-0.1732851,-0.6310637,0
2.559922,-0.012503326,-2.2271566,-0.28247136,0.78343076,-0.55357587,0
2.9852066,-0.6881057,-1.593853,0.28247136,-0.78343076,0.55357587,0
-3.6325338,1.2513208,3.2270927,-0.75612891,0.1732851,0.6310637,0
-0.51154196,0.099528,-0.47371164,-0.59032112,-0.5968321,-0.54342651,0
-3.2400229,0.62426537,3.4399662,0.28247136,-0.78343076,0.55357587,0
0.052814215,0.050418757,0.80734217,0.59032112,0.5968321,0.54342651,0
-2.5804,0.31972611,2.6723933,0.28247136,-0.78343076,0.55357587,0
-0.63928854,0.3705408,-0.052614748,-0.28247136,0.78343076,-0.55357587,0
3.7839742,-0.45649689,-3.2638922,0.75612891,-0.1732851,-0.6310637,0
0.21822329,0.37796795,0.2679199,0.59032112,0.5968321,0.54342651,0
1.1468779,-0.17796156,-1.7402868,-0.28247136,0.78343076,-0.55357587,0
1.2428877,-0.44293213,-1.7837677,-0.59032112,-0.5968321,-0.54342651,0
2.2723429,-0.53077662,-2.8055816,-0.59032112,-0.5968321,-0.54342651,0
2.9898167,0.0076576471,-2.3361433,0.59032112,0.5968321,0.54342651,0
3.7003014,-0.46025199,-3.363116,0.75612891,-0.1732851,-0.6310637,0
3.6502709,-0.14872503,-2.9763088,-0.28247136,0.78343076,-0.55357587,0
-0.83640754,0.48567748,1.2952645,0.59032112,0.5968321,0.54342651,0
-3.2051842,0.99206239,3.3123031,0.59032112,0.5968321,0.54342651,0
-1.3618912,-0.34475699,0.93796515,-0.59032112,-0.5968321,-0.54342651,0
1.8544793,-1.0756993,-1.5654103,0.28247136,-0.78343076,0.55357587,0
0.92675221,0.22844222,-1.0528138,-0.28247136,0.78343076,-0.55357587,0
-3.8098993,0.46997046,3.2291293,-0.75612891,0.1732851,0.6310637,0
2.4410737,-1.196492,-2.2577343,-0.59032112,-0.5968321,-0.54342651,0
3.9977014,-1.0671984,-2.8401141,0.75612891,-0.1732851,-0.6310637,0
-1.4244374,0.86646152,1.0498567,-0.28247136,0.78343076,-0.55357587,0
-1.4168915,0.1648103,0.4380663,-0.59032112,-0.5968321,-0.54342651,0
3.282943,-0.48471975,-3.2643797,-0.28247136,0.78343076,-0.55357587,0
4.0087008,-0.75735974,-2.912014,0.75612891,-0.1732851,-0.6310637,0
-3.5744295,1.0553577,3.350522,-0.75612891,0.1732851,0.6310637,0
-0.63897735,0.67382079,0.37643391,-0.28247136,0.78343076,-0.55357587,0
-3.9156225,0.40395397,3.1205812,-0.75612891,0.1732851,0.6310637,0
0.19032182,0.5512557,-0.22018629,-0.28247136,0.78343076,-0.55357587,0
-3.6307592,1.1293466,3.2627122,-0.75612891,0.1732851,0.6310637,0
1.8091767,0.25886679,-1.3295176,0.59032112,0.5968321,0.54342651,0
3.9355478,-0.76701117,-2.512686,0.59032112,0.5968321,0.54342651,0
-2.6626906,0.16147292,1.7950358,-0.59032112,-0.5968321,-0.54342651,0
-3.6198347,0.69991589,3.3937201,-0.75612891,0.1732851,0.6310637,0
3.4682543,-0.42182457,-3.2699275,-0.28247136,0.78343076,-0.55357587,0
-2.6864755,0.16904467,2.5132728,0.28247136,-0.78343076,0.55357587,0
-3.5716472,1.1784135,3.320066,-0.75612891,0.1732851,0.6310637,0
-3.7483571,1.1338357,3.1205759,-0.75612891,0.1732851,0.6310637,0
-0.6888597,-0.001281932,-0.1703753,-0.59032112,-0.5968321,-0.54342651,0
-3.9890561,0.49009597,3.0089405,-0.75612891,0.1732851,0.6310637,0
1.5823698,0.0039987266,-1.7049901,-0.28247136,0.78343076,-0.55357587,0
0.19974683,-0.73237455,-0.33272231,-0.59032112,-0.5968321,-0.54342651,0
-2.8087435,0.84710956,1.7288347,-0.28247136,0.78343076,-0.55357587,0
-0.050409466,0.12027337,-0.7072832,-0.28247136,0.78343076,-0.55357587,0
-4.0264482,0.96413577,2.5158067,-0.28247136,0.78343076,-0.55357587,0
0.79759336,-0.64943439,-1.0732508,-0.59032112,-0.5968321,-0.54342651,0
1.6237223,-0.99970549,-1.585976,-0.59032112,-0.5968321,-0.54342651,0
3.6597066,-0.54014176,-3.3898187,0.75612891,-0.1732851,-0.6310637,0
-1.7371578,-0.29081354,1.2863704,-0.59032112,-0.5968321,-0.54342651,0
3.4575908,-0.89338678,-3.5349917,0.75612891,-0.1732851,-0.6310637,0
1.8612148,-0.61956173,-0.92331278,0.28247136,-0.78343076,0.55357587,0
1.1256297,0.21214049,-1.1773648,-0.28247136,0.78343076,-0.55357587,0
-1.3177402,0.012074441,0.49810493,-0.59032112,-0.5968321,-0.54342651,0
-2.3980782,0.81961769,1.4803791,-0.28247136,0.78343076,-0.55357587,0
-2.3417795,0.78935236,2.5970225,0.59032112,0.5968321,0.54342651,0
1.9161457,-0.2038357,-2.169436,-0.28247136,0.78343076,-0.55357587,0
-3.925308,0.56064767,3.0659494,-0.75612891,0.1732851,0.6310637,0
3.7598724,-0.51680779,-3.2762094,0.75612891,-0.1732851,-0.6310637,0
3.8439853,-0.37750214,-3.2136788,0.75612891,-0.1732851,-0.6310637,0
-3.8001137,1.2343142,2.7826777,-0.28247136,0.78343076,-0.55357587,0
-1.4234443,0.0098693669,1.6435221,0.28247136,-0.78343076,0.55357587,0
1.4057376,-0.39984316,-0.37994802,0.28247136,-0.78343076,0.55357587,0
-3.8852284,0.6407063,2.5967414,-0.59032112,-0.5968321,-0.54342651,0
3.6912704,-1.1205995,-3.1926105,0.75612891,-0.1732851,-0.6310637,0
-1.0915337,0.50832844,1.5475297,0.59032112,0.5968321,0.54342651,0
3.8599386,-1.2998576,-2.9412923,0.75612891,-0.1732851,-0.6310637,0
2.5749216,-0.71541137,-1.4231416,0.28247136,-0.78343076,0.55357587,0
-2.2273264,0.87272519,2.3811266,0.59032112,0.5968321,0.54342651,0
-4.0601134,0.72421908,2.8595128,-0.75612891,0.1732851,0.6310637,0
2.4813123,-1.0126529,-2.5033512,-0.59032112,-0.5968321,-0.54342651,0
-1.1764128,0.61698455,1.5203991,0.59032112,0.5968321,0.54342651,0
-0.41005874,0.70923173,0.58660012,0.59032112,0.5968321,0.54342651,0
2.1278884,-0.80034983,-1.3152422,0.28247136,-0.78343076,0.55357587,0
0.25203982,-0.11547898,0.61118311,0.28247136,-0.78343076,0.55357587,0
-2.3555474,0.58191299,2.8398042,0.59032112,0.5968321,0.54342651,0
1.5597075,-1.053333,-1.4575388,-0.59032112,-0.5968321,-0.54342651,0
2.7984769,-0.46677327,-2.9917746,-0.28247136,0.78343076,-0.55357587,0
3.9362805,-0.61686802,-3.037365,0.75612891,-0.1732851,-0.6310637,0
-1.3587599,-0.26105836,1.2270941,0.28247136,-0.78343076,0.55357587,0
3.4198489,-1.1354892,-2.4487824,0.28247136,-0.78343076,0.55357587,0
0.0044188052,-0.14353096,0.69783616,0.28247136,-0.78343076,0.55357587,0
0.87923008,0.37270856,-0.82439649,-0.28247136,0.78343076,-0.55357587,0
3.4485605,-0.71932012,-3.5936093,0.75612891,-0.1732851,-0.6310637,0
-2.9014494,1.0114269,2.0086846,-0.28247136,0.78343076,-0.55357587,0
-3.3205547,0.14917135,2.523181,-0.59032112,-0.5968321,-0.54342651,0
3.6657979,-0.49724483,-3.3942995,0.75612891,-0.1732851,-0.6310637,0
2.6379418,-0.66603231,-1.3854167,0.28247136,-0.78343076,0.55357587,0
3.5868974,-0.46697736,-3.3943682,-0.28247136,0.78343076,-0.55357587,0
2.538213,-0.63706481,-1.2935331,0.28247136,-0.78343076,0.55357587,0
-1.2900052,0.27859661,1.9557405,0.28247136,-0.78343076,0.55357587,0
-0.36422235,-0.52926362,0.056842394,-0.59032112,-0.5968321,-0.54342651,0
1.8202435,-0.38055801,-0.63927501,0.59032112,0.5968321,0.54342651,0
0.52758121,0.24996582,0.072447814,0.59032112,0.5968321,0.54342651,0
-3.6279263,0.25985873,2.7355113,-0.59032112,-0.5968321,-0.54342651,0
2.6747448,-1.0229399,-2.7021775,-0.59032112,-0.5968321,-0.54342651,0
-1.1222626,0.63937414,0.57428867,-0.28247136,0.78343076,-0.55357587,0
-0.70192987,0.07889764,-0.24423653,-0.59032112,-0.5968321,-0.54342651,0
3.583179,-1.2896769,-2.7503328,0.28247136,-0.78343076,0.55357587,0
-3.6550026,0.39450407,2.6170466,-0.59032112,-0.5968321,-0.54342651,0
-3.3299162,0.11698413,2.5687006,-0.59032112,-0.5968321,-0.54342651,0
3.6054504,-0.89643103,-2.2051687,0.28247136,-0.78343076,0.55357587,0
2.8931417,-1.22668,-2.3090758,0.28247136,-0.78343076,0.55357587,0
-1.3326511,0.25186744,0.25094393,-0.59032112,-0.5968321,-0.54342651,0
-2.8567038,0.36078787,1.7868892,-0.59032112,-0.5968321,-0.54342651,0
-3.9354107,0.46828866,3.0792055,-0.75612891,0.1732851,0.6310637,0
-2.6225851,0.28656518,1.6140839,-0.59032112,-0.5968321,-0.54342651,0
-1.0979571,0.23482572,1.7957993,0.28247136,-0.78343076,0.55357587,0
3.2900834,-0.34666002,-3.0726385,-0.28247136,0.78343076,-0.55357587,0
0.36905712,-0.68574011,-0.25557104,0.28247136,-0.78343076,0.55357587,0
0.01896885,-0.005493708,0.8857646,0.28247136,-0.78343076,0.55357587,0
0.077847645,-0.35902169,-0.61034834,-0.59032112,-0.5968321,-0.54342651,0
-1.0864602,-0.035741717,1.4070208,0.28247136,-0.78343076,0.55357587,0
4.0370402,-0.49478054,-2.95016,0.75612891,-0.1732851,-0.6310637,0
2.4263794,0.051764727,-1.7725269,0.59032112,0.5968321,0.54342651,0
1.1870471,0.18950662,-1.240736,-0.28247136,0.78343076,-0.55357587,0
-2.9054956,0.34480071,2.873765,0.28247136,-0.78343076,0.55357587,0
-2.4258528,0.63248891,2.8606303,0.59032112,0.5968321,0.54342651,0
3.6091933,-1.1034119,-3.2956734,0.75612891,-0.1732851,-0.6310637,0
-3.9309299,0.83225751,2.984632,-0.75612891,0.1732851,0.6310637,0
-0.97366428,0.48258805,0.27657738,-0.28247136,0.78343076,-0.55357587,0
2.5156841,-1.0540757,-2.4951949,-0.59032112,-0.5968321,-0.54342651,0
-2.0508661,0.03127867,1.2734039,-0.59032112,-0.5968321,-0.54342651,0
-3.8033128,1.0793622,3.0696869,-0.75612891,0.1732851,0.6310637,0
-0.68580192,-0.31208217,0.16764736,-0.59032112,-0.5968321,-0.54342651,0
-3.4111891,0.91563809,3.5844793,-0.75612891,0.1732851,0.6310637,0
-1.5172023,0.26574957,2.0534902,0.28247136,-0.78343076,0.55357587,0
3.7314248,-0.54621965,-3.3022187,0.75612891,-0.1732851,-0.6310637,0
4.0034089,-0.9210366,-2.4430559,0.28247136,-0.78343076,0.55357587,0
-3.7661028,0.69436312,3.2199888,-0.75612891,0.1732851,0.6310637,0
-1.6634705,0.62356722,0.82807893,-0.28247136,0.78343076,-0.55357587,0
4.0857325,-1.0564361,-2.7375922,0.75612891,-0.1732851,-0.6310637,0
0.48438677,0.39226612,-0.5952428,-0.28247136,0.78343076,-0.55357587,0
3.5035815,-0.61227119,-3.5570788,0.75612891,-0.1732851,-0.6310637,0
3.7906747,-1.0100112,-3.1038728,0.75612891,-0.1732851,-0.6310637,0
1.5706612,-0.47614256,-0.57208335,0.28247136,-0.78343076,0.55357587,0
2.3206174,-0.85360628,-1.4889548,0.28247136,-0.78343076,0.55357587,0
3.5060968,-0.82543248,-3.4955325,0.75612891,-0.1732851,-0.6310637,0
-1.9005172,0.20697531,2.1659048,0.28247136,-0.78343076,0.55357587,0
3.9292781,-1.0101238,-2.9377699,0.75612891,-0.1732851,-0.6310637,0
-3.9927163,0.72170496,2.9409571,-0.75612891,0.1732851,0.6310637,0
1.1037987,-0.74179953,-0.70982176,0.28247136,-0.78343076,0.55357587,0
3.6256938,-0.38697207,-2.5934808,0.59032112,0.5968321,0.54342651,0
0.9893136,-0.4996559,-1.4460135,-0.59032112,-0.5968321,-0.54342651,0
-2.2848914,0.78884912,1.3790793,-0.28247136,0.78343076,-0.55357587,0
3.8513393,-0.68206507,-3.121237,0.75612891,-0.1732851,-0.6310637,0
2.2556658,-0.40228572,-2.6235318,-0.28247136,0.78343076,-0.55357587,0
0.98218536,-0.6557079,-1.2668819,-0.59032112,-0.5968321,-0.54342651,0
-3.6427059,0.48532468,3.4252415,-0.75612891,0.1732851,0.6310637,0
-1.3360956,0.02516076,0.503672,-0.59032112,-0.5968321,-0.54342651,0
-2.4788725,-0.1133045,1.8971369,-0.59032112,-0.5968321,-0.54342651,0
3.1922345,-0.5861485,-1.9038659,0.59032112,0.5968321,0.54342651,0
-2.0144482,0.71741819,1.1399908,-0.28247136,0.78343076,-0.55357587,0
0.5870291,-0.17242625,-1.3684024,-0.59032112,-0.5968321,-0.54342651,0
-3.8156159,1.0851625,3.0533528,-0.75612891,0.1732851,0.6310637,0
3.8117011,-0.93340266,-3.0997157,0.75612891,-0.1732851,-0.6310637,0
-0.34708345,0.6608808,0.57129312,0.59032112,0.5968321,0.54342651,0
-3.9146681,1.1146652,2.6718016,-0.28247136,0.78343076,-0.55357587,0
0.3233695,-0.35216948,0.23981714,0.28247136,-0.78343076,0.55357587,0
2.6511538,-0.83007836,-2.8883657,-0.59032112,-0.5968321,-0.54342651,0
2.1112771,-0.48069915,-2.6608274,-0.28247136,0.78343076,-0.55357587,0
4.0526361,-0.74416697,-2.8629947,0.75612891,-0.1732851,-0.6310637,0
-1.2308654,0.38236278,1.83723,0.59032112,0.5968321,0.54342651,0
-0.98563826,0.53694654,1.4010655,0.59032112,0.5968321,0.54342651,0
1.9370811,-1.1385506,-1.6965072,0.28247136,-0.78343076,0.55357587,0
-1.4655229,0.6545462,1.7932045,0.59032112,0.5968321,0.54342651,0
-0.53944981,-0.2915048,-0.013933733,-0.59032112,-0.5968321,-0.54342651,0
-2.3873231,0.25091869,2.4764953,0.28247136,-0.78343076,0.55357587,0
0.77678859,-0.11724168,0.20503026,0.59032112,0.5968321,0.54342651,0
2.5363147,-0.16535836,-2.4314342,-0.28247136,0.78343076,-0.55357587,0
-3.5606802,0.73110968,3.4560323,-0.75612891,0.1732851,0.6310637,0
3.005425,-0.94489396,-3.1471097,-0.59032112,-0.5968321,-0.54342651,0
2.0015717,-0.66540724,-2.3635828,-0.59032112,-0.5968321,-0.54342651,0
-0.68538696,-0.18235934,0.99487054,0.28247136,-0.78343076,0.55357587,0
-3.7065639,1.1054132,3.1784563,-0.75612891,0.1732851,0.6310637,0
3.0411527,-0.25826758,-2.8205228,-0.28247136,0.78343076,-0.55357587,0
0.24664414,-0.10415852,0.6299572,0.28247136,-0.78343076,0.55357587,0
2.5977783,-0.73363358,-2.9363074,-0.59032112,-0.5968321,-0.54342651,0
-3.5771396,0.73093486,3.4363585,-0.75612891,0.1732851,0.6310637,0
-2.074508,-0.21217258,1.6615007,0.28247136,-0.78343076,0.55357587,0
0.51392078,0.25847289,0.077943943,0.59032112,0.5968321,0.54342651,0
2.4935846,-0.47507286,-2.847944,-0.28247136,0.78343076,-0.55357587,0
-2.7995245,0.0057249069,2.1147325,-0.59032112,-0.5968321,-0.54342651,0
0.57786822,-0.26562089,-1.2560976,-0.59032112,-0.5968321,-0.54342651,0
2.9200699,-0.53265554,-3.1470571,-0.28247136,0.78343076,-0.55357587,0
-1.1469985,0.84027636,1.2432106,0.59032112,0.5968321,0.54342651,0
-1.1587641,0.35241258,0.18680102,-0.28247136,0.78343076,-0.55357587,0
-3.4657106,1.1019118,3.4680037,-0.75612891,0.1732851,0.6310637,0
4.0112238,-1.0454892,-2.8298731,0.75612891,-0.1732851,-0.6310637,0
2.8834007,-0.7507332,-1.6305362,0.28247136,-0.78343076,0.55357587,0
-1.5682117,-0.23535144,1.0419325,-0.59032112,-0.5968321,-0.54342651,0
-2.1915002,0.26076078,2.390502,0.28247136,-0.78343076,0.55357587,0
-2.9894857,0.83410937,3.2514672,0.59032112,0.5968321,0.54342651,0
-3.6071703,1.3301318,3.235842,-0.75612891,0.1732851,0.6310637,0
-3.7460682,0.31945747,2.7983923,-0.59032112,-0.5968321,-0.54342651,0
-1.968707,-0.091792822,1.7778773,0.28247136,-0.78343076,0.55357587,0
-2.8893163,0.17590088,2.6264791,0.28247136,-0.78343076,0.55357587,0
-3.3156116,0.69810498,1.9149305,-0.59032112,-0.5968321,-0.54342651,0
-1.0092692,-0.044384629,0.22502238,-0.59032112,-0.5968321,-0.54342651,0
-3.7634714,0.83861023,3.183533,-0.75612891,0.1732851,0.6310637,0
-1.1204923,-0.35878557,0.96720868,0.28247136,-0.78343076,0.55357587,0
-3.8649704,0.56795084,3.1362395,-0.75612891,0.1732851,0.6310637,0
0.15056333,-0.39612126,0.26579306,0.28247136,-0.78343076,0.55357587,0
0.7808699,-0.48169342,-0.17693481,0.28247136,-0.78343076,0.55357587,0
-4.1090469,0.72762692,2.7999463,-0.75612891,0.1732851,0.6310637,0
-3.869971,1.2357295,2.9468811,-0.75612891,0.1732851,0.6310637,0
2.1341882,-0.65927947,-1.1188111,0.28247136,-0.78343076,0.55357587,0
-3.650193,0.65625399,3.3693347,-0.75612891,0.1732851,0.6310637,0
-3.6900423,1.2849035,3.1489658,-0.75612891,0.1732851,0.6310637,0
1.0514207,-0.14067885,-1.6388149,-0.28247136,0.78343076,-0.55357587,0
0.50202465,-0.35831749,0.13995461,0.28247136,-0.78343076,0.55357587,0
-2.1060698,0.3690201,0.96243834,-0.59032112,-0.5968321,-0.54342651,0
2.2844384,0.10482886,-1.6766157,0.59032112,0.5968321,0.54342651,0
-2.0694079,1.0734627,1.9891158,0.59032112,0.5968321,0.54342651,0
-2.6107526,0.99686497,1.8397435,-0.28247136,0.78343076,-0.55357587,0
0.64410716,-0.69473606,-0.85676575,-0.59032112,-0.5968321,-0.54342651,0
2.9331057,-0.16091913,-2.089395,0.59032112,0.5968321,0.54342651,0
-2.0096691,0.48555493,0.80941492,-0.28247136,0.78343076,-0.55357587,0
-3.9206581,0.73688686,3.0231271,-0.75612891,0.1732851,0.6310637,0
-0.77701354,0.24431801,1.4958245,0.59032112,0.5968321,0.54342651,0
1.1374869,-0.7307964,-1.3531173,-0.59032112,-0.5968321,-0.54342651,0
2.5204659,-1.1074543,-1.9501812,0.28247136,-0.78343076,0.55357587,0
-3.6605222,0.48771405,3.4032378,-0.75612891,0.1732851,0.6310637,0
-4.0639992,0.96109104,2.7898135,-0.75612891,0.1732851,0.6310637,0
0.43471965,-0.59286487,-0.74119204,-0.59032112,-0.5968321,-0.54342651,0
-1.2693053,-0.33477873,1.0771179,0.28247136,-0.78343076,0.55357587,0
0.6547578,-0.24346787,-1.3639524,-0.59032112,-0.5968321,-0.54342651,0
-3.5296011,1.0170788,3.4147458,-0.75612891,0.1732851,0.6310637,0
-1.4174526,-0.35748386,1.1205797,0.28247136,-0.78343076,0.55357587,0
-2.0523603,-0.22257702,1.6354746,0.28247136,-0.78343076,0.55357587,0
2.6995168,-1.0964509,-2.6483521,-0.59032112,-0.5968321,-0.54342651,0
0.74602371,-0.8177768,-0.83234453,-0.59032112,-0.5968321,-0.54342651,0
-2.7774928,1.0695065,2.0276289,-0.28247136,0.78343076,-0.55357587,0
-3.7618918,0.40123469,3.3055253,-0.75612891,0.1732851,0.6310637,0
0.5934242,-0.26478523,-1.2739137,-0.59032112,-0.5968321,-0.54342651,0
-0.3807289,0.20940061,-0.41259772,-0.28247136,0.78343076,-0.55357587,0
-3.5080698,1.0198603,3.4397805,-0.75612891,0.1732851,0.6310637,0
4.0133667,-0.88253713,-2.8720508,0.75612891,-0.1732851,-0.6310637,0
3.7524021,-1.0834758,-3.1295576,0.75612891,-0.1732851,-0.6310637,0
0.8359533,0.14222717,-1.1284952,-0.28247136,0.78343076,-0.55357587,0
-1.8233563,-0.14955592,1.2248676,-0.59032112,-0.5968321,-0.54342651,0
-2.0799234,0.69213474,2.4193418,0.59032112,0.5968321,0.54342651,0
-3.7420628,0.82259363,3.213582,-0.75612891,0.1732851,0.6310637,0
3.8895836,-0.5023241,-3.124769,0.75612891,-0.1732851,-0.6310637,0
