-1.6390359,0.15769267,1.1961777,-0.87234187,-0.062347054,0.48490465,0
1.7069283,0.49874812,-0.55224192,0.16170013,0.89922065,0.40651608,0
0.37150377,-0.2529214,-0.81827039,-0.16170013,-0.89922065,-0.40651608,0
1.1730541,-0.33967942,-0.94519353,-0.16170013,-0.89922065,-0.40651608,0
-0.71291554,0.21933126,1.0283759,0.16170013,0.89922065,0.40651608,0
0.31833321,0.25569806,0.53773147,0.16170013,0.89922065,0.40651608,0
1.5878863,-0.13697022,-1.2855313,0.87234187,0.062347054,-0.48490465,0
-1.6251829,0.47018334,0.83635998,0.16170013,0.89922065,0.40651608,0
-1.6641238,-0.25535977,1.097936,-0.87234187,-0.062347054,0.48490465,0
-0.050962329,0.67196596,-0.23616563,0.16170013,0.89922065,0.40651608,0
-0.29653594,0.41973311,0.41946,0.16170013,0.89922065,0.40651608,0
-1.6114075,-0.65203321,0.85331571,-0.16170013,-0.89922065,-0.40651608,0
-1.2581549,-0.46443367,0.29782879,-0.16170013,-0.89922065,-0.40651608,0
0.73313522,0.32616538,0.21686056,0.16170013,0.89922065,0.40651608,0
-1.8170165,-0.56021678,0.78368521,-0.87234187,-0.062347054,0.48490465,0
-0.4319512,-0.20613158,-0.50360799,-0.46138138,0.43303013,-0.77434629,0
0.47828504,-0.26939282,0.21007788,0.46138138,-0.43303013,0.77434629,0
0.75132692,-0.28316557,-0.90245235,-0.16170013,-0.89922065,-0.40651608,0
-1.2906363,-0.24655476,-0.014580131,-0.46138138,0.43303013,-0.77434629,0
-1.2506198,-0.07442563,0.057834864,-0.46138138,0.43303013,-0.77434629,0
0.50942153,0.016258299,-0.94014442,-0.46138138,0.43303013,-0.77434629,0
-1.7345139,0.15689212,1.0243101,-0.87234187,-0.062347054,0.48490465,0
0.78428423,-0.28813845,-0.90456176,-0.16170013,-0.89922065,-0.40651608,0
0.71861714,-0.20682508,0.10186905,0.46138138,-0.43303013,0.77434629,0
1.8230886,0.074430645,-0.83522201,0.87234187,0.062347054,-0.48490465,0
0.92308152,0.37185389,0.040241599,0.16170013,0.89922065,0.40651608,0
-1.0731385,-0.24038351,1.1506906,0.46138138,-0.43303013,0.77434629,0
1.7207272,0.3118009,-0.9888494,0.87234187,0.062347054,-0.48490465,0
-0.33489776,0.46355566,-0.18693295,-0.46138138,0.43303013,-0.77434629,0
0.52404147,0.36784923,-0.75223869,-0.46138138,0.43303013,-0.77434629,0
1.7799625,0.3563444,-0.26629341,0.16170013,0.89922065,0.40651608,0
0.51053542,0.44947898,-0.69854242,-0.46138138,0.43303013,-0.77434629,0
1.934455,-0.11270388,-0.56993341,0.46138138,-0.43303013,0.77434629,0
0.084194586,-0.28109425,0.43834642,0.46138138,-0.43303013,0.77434629,0
1.3910103,-0.12865388,-1.4986819,-0.16170013,-0.89922065,-0.40651608,0
1.1472104,-0.46519876,-0.29798901,0.46138138,-0.43303013,0.77434629,0
-1.7752209,0.13385674,0.94811654,-0.87234187,-0.062347054,0.48490465,0
1.5795479,0.66441274,-1.1974933,0.87234187,0.062347054,-0.48490465,0
1.2595656,0.40233096,-0.16101754,0.16170013,0.89922065,0.40651608,0
-0.015566096,0.13414091,0.72999513,0.46138138,-0.43303013,0.77434629,0
-1.8419785,-0.27870756,0.77497387,-0.87234187,-0.062347054,0.48490465,0
-1.6405332,-0.48820078,0.50250089,-0.16170013,-0.89922065,-0.40651608,0
0.47313905,0.10758564,0.42395797,0.46138138,-0.43303013,0.77434629,0
1.888407,-0.43198127,-0.72104287,0.46138138,-0.43303013,0.77434629,0
-1.4849005,-0.74466896,1.1140252,0.46138138,-0.43303013,0.77434629,0
-1.1554356,-0.58449543,0.52254879,-0.16170013,-0.89922065,-0.40651608,0
1.9926388,0.32116818,-0.49847698,0.87234187,0.062347054,-0.48490465,0
-1.6544994,-0.40395123,1.096145,-0.87234187,-0.062347054,0.48490465,0
-1.7873712,-0.48982507,0.84606814,-0.87234187,-0.062347054,0.48490465,0
1.7041881,0.027067959,-1.0552135,0.87234187,0.062347054,-0.48490465,0
-1.6674118,-0.36680269,1.0776917,-0.87234187,-0.062347054,0.48490465,0
-1.7826514,-0.13198186,0.34265053,-0.46138138,0.43303013,-0.77434629,0
1.9885558,0.2416869,-0.51604199,0.87234187,0.062347054,-0.48490465,0
-1.8599212,0.024669223,0.47629285,-0.46138138,0.43303013,-0.77434629,0
-1.4017197,0.3614282,0.9880414,0.16170013,0.89922065,0.40651608,0
0.94398057,-0.17292298,-0.013451278,0.46138138,-0.43303013,0.77434629,0
0.59335512,-0.36762261,0.086583197,0.46138138,-0.43303013,0.77434629,0
1.2573686,0.29323184,-1.2309071,-0.46138138,0.43303013,-0.77434629,0
1.5572654,0.45450854,-1.2645681,0.87234187,0.062347054,-0.48490465,0
-0.16280767,0.37312376,0.46936753,0.16170013,0.89922065,0.40651608,0
0.73763424,0.72150117,-0.65941858,0.16170013,0.89922065,0.40651608,0
2.013252,0.16557109,-0.48140049,0.87234187,0.062347054,-0.48490465,0
1.2273412,0.47848278,-0.31664872,0.16170013,0.89922065,0.40651608,0
-1.0958314,0.59735233,0.34449935,0.16170013,0.89922065,0.40651608,0
0.41491103,0.15934992,-0.80381221,-0.46138138,0.43303013,-0.77434629,0
-1.2924125,0.40183094,0.34906864,-0.46138138,0.43303013,-0.77434629,0
-0.034815609,0.49705607,0.14431562,0.16170013,0.89922065,0.40651608,0
1.6533583,-0.49386364,-0.79518604,-0.16170013,-0.89922065,-0.40651608,0
0.069423437,-0.25330272,-0.69726813,-0.16170013,-0.89922065,-0.40651608,0
-0.70976794,0.2135781,1.03985,0.16170013,0.89922065,0.40651608,0
-1.1613982,-0.35262492,0.012018919,-0.16170013,-0.89922065,-0.40651608,0
-1.9496617,-0.39262581,0.41404951,-0.16170013,-0.89922065,-0.40651608,0
0.20741835,-0.25363824,-0.75141644,-0.16170013,-0.89922065,-0.40651608,0
0.63167655,-0.5700115,-0.049430072,0.46138138,-0.43303013,0.77434629,0
-1.9832597,-0.30613896,0.36478722,-0.46138138,0.43303013,-0.77434629,0
0.79836804,-0.051417291,-1.150154,-0.46138138,0.43303013,-0.77434629,0
-0.77794689,0.051461458,1.1380112,0.46138138,-0.43303013,0.77434629,0
-1.9885522,-0.14376678,0.52863884,-0.87234187,-0.062347054,0.48490465,0
1.5977411,0.33937907,-1.2065551,0.87234187,0.062347054,-0.48490465,0
1.6016228,0.70509231,-1.1525506,0.87234187,0.062347054,-0.48490465,0
-1.8675625,0.1896217,0.78916454,-0.87234187,-0.062347054,0.48490465,0
1.585719,-0.03485167,-1.2762998,0.87234187,0.062347054,-0.48490465,0
-1.765525,0.11299282,0.96287704,-0.87234187,-0.062347054,0.48490465,0
-0.30850369,0.64436412,-0.072667062,0.16170013,0.89922065,0.40651608,0
-0.2065047,0.27660418,-0.36798096,-0.46138138,0.43303013,-0.77434629,0
0.47324774,-0.54959643,-0.20249087,-0.16170013,-0.89922065,-0.40651608,0
-0.26871544,-0.038807333,-0.50729817,-0.46138138,0.43303013,-0.77434629,0
1.8051581,-0.33777225,-0.92047834,0.87234187,0.062347054,-0.48490465,0
-1.7441049,0.36009917,1.0331836,-0.87234187,-0.062347054,0.48490465,0
-0.78668058,0.43172365,0.58790183,0.16170013,0.89922065,0.40651608,0
1.4645692,0.74825883,-1.0077609,0.16170013,0.89922065,0.40651608,0
-1.8246471,0.4518154,0.90008092,-0.87234187,-0.062347054,0.48490465,0
-1.5104436,0.077334881,1.4171827,-0.87234187,-0.062347054,0.48490465,0
1.420171,0.56487757,-0.58445752,0.16170013,0.89922065,0.40651608,0
-0.1684382,-0.52557337,-0.00038658921,-0.16170013,-0.89922065,-0.40651608,0
-0.60932016,0.23271781,0.95755756,0.16170013,0.89922065,0.40651608,0
-1.6966623,0.23204869,1.1020682,-0.87234187,-0.062347054,0.48490465,0
-0.0023262352,-0.12378246,-0.71354157,-0.46138138,0.43303013,-0.77434629,0
0.018394142,-0.38114569,-0.3941794,-0.16170013,-0.89922065,-0.40651608,0
1.7909751,0.43470258,-0.44400334,0.16170013,0.89922065,0.40651608,0
1.4858091,0.11689508,-1.4365268,0.87234187,0.062347054,-0.48490465,0
-1.4501376,0.014883637,1.5176431,-0.87234187,-0.062347054,0.48490465,0
1.6135652,0.42461842,-0.35112846,0.16170013,0.89922065,0.40651608,0
1.6091353,-0.2066828,-1.2562678,0.87234187,0.062347054,-0.48490465,0
-1.8980469,0.35492337,0.68369389,-0.46138138,0.43303013,-0.77434629,0
-1.652283,-0.71528083,1.0601032,-0.87234187,-0.062347054,0.48490465,0
0.96442342,-0.54740727,-0.40270865,-0.16170013,-0.89922065,-0.40651608,0
1.40306,-0.3794415,-0.40247548,0.46138138,-0.43303013,0.77434629,0
-0.78204262,-0.43064761,0.87084633,0.46138138,-0.43303013,0.77434629,0
-1.8872846,0.36261272,0.68158174,-0.46138138,0.43303013,-0.77434629,0
-0.86450118,-0.51471692,0.25247216,-0.16170013,-0.89922065,-0.40651608,0
-1.3779922,-0.39986539,0.20267034,-0.16170013,-0.89922065,-0.40651608,0
1.2976046,-0.13139915,-1.4554554,-0.16170013,-0.89922065,-0.40651608,0
-1.9285082,0.28938031,0.69235015,-0.87234187,-0.062347054,0.48490465,0
1.8592368,-0.17150599,-0.80181336,0.87234187,0.062347054,-0.48490465,0
1.366771,-0.25406379,-0.31073952,0.46138138,-0.43303013,0.77434629,0
0.50096059,0.41673553,-0.71114814,-0.46138138,0.43303013,-0.77434629,0
1.700085,-0.16727544,-0.4608053,0.46138138,-0.43303013,0.77434629,0
-0.60689563,0.2645053,0.88627845,0.16170013,0.89922065,0.40651608,0
-1.9155586,0.23764664,0.70899463,-0.87234187,-0.062347054,0.48490465,0
0.061889708,0.27629268,-0.52807343,-0.46138138,0.43303013,-0.77434629,0
1.0065109,0.55400908,-0.3958745,0.16170013,0.89922065,0.40651608,0
-1.6377752,-0.44388795,1.1210967,-0.87234187,-0.062347054,0.48490465,0
-0.18029755,-0.16453898,-0.6302923,-0.46138138,0.43303013,-0.77434629,0
1.8600738,-0.29815832,-0.81659174,0.87234187,0.062347054,-0.48490465,0
-1.8986211,-0.14473507,0.69029975,-0.87234187,-0.062347054,0.48490465,0
-1.589255,-0.42347991,1.2110085,-0.87234187,-0.062347054,0.48490465,0
-1.8874776,-0.39407334,0.6782881,-0.87234187,-0.062347054,0.48490465,0
-1.5312794,0.32478976,0.44831038,-0.46138138,0.43303013,-0.77434629,0
0.8560878,0.34246403,-0.96427894,-0.46138138,0.43303013,-0.77434629,0
-1.8298552,-0.15667254,0.81247449,-0.87234187,-0.062347054,0.48490465,0
-1.6189215,-0.23697299,1.1816189,-0.87234187,-0.062347054,0.48490465,0
-1.4757159,-0.68263531,0.86703372,-0.16170013,-0.89922065,-0.40651608,0
-1.1405126,-0.73692024,0.91316068,0.46138138,-0.43303013,0.77434629,0
-0.77479923,-0.39817384,-0.041003823,-0.16170013,-0.89922065,-0.40651608,0
0.35015851,0.12793982,-0.78279561,-0.46138138,0.43303013,-0.77434629,0
1.4872648,0.10931468,-1.4348826,0.87234187,0.062347054,-0.48490465,0
1.6385299,0.60213488,-1.0993923,0.87234187,0.062347054,-0.48490465,0
1.5057607,-0.22525056,-0.37744129,0.46138138,-0.43303013,0.77434629,0
-0.49021846,-0.32967073,-0.3057318,-0.16170013,-0.89922065,-0.40651608,0
0.97752517,0.7306338,-0.77504176,0.16170013,0.89922065,0.40651608,0
-0.8495059,0.14648563,-0.057624221,-0.46138138,0.43303013,-0.77434629,0
-1.8948908,0.20916075,0.74251318,-0.87234187,-0.062347054,0.48490465,0
-1.4744157,0.30587167,0.40384996,-0.46138138,0.43303013,-0.77434629,0
1.6665956,-0.062018514,-1.1342964,0.87234187,0.062347054,-0.48490465,0
1.2017426,-0.0056130588,-0.073471427,0.46138138,-0.43303013,0.77434629,0
-1.9975736,-0.11076114,0.51665282,-0.87234187,-0.062347054,0.48490465,0
1.4055289,-0.48471767,-0.71683776,-0.16170013,-0.89922065,-0.40651608,0
-0.64342451,0.33064282,0.75451112,0.16170013,0.89922065,0.40651608,0
1.7395673,0.23657578,-0.96462882,0.87234187,0.062347054,-0.48490465,0
-1.7716335,-0.23761135,0.9068085,-0.87234187,-0.062347054,0.48490465,0
1.3676002,0.31993628,-1.281653,-0.46138138,0.43303013,-0.77434629,0
1.7905021,-0.04673034,-0.90942359,0.87234187,0.062347054,-0.48490465,0
-0.34481865,-0.40835899,0.62279791,0.46138138,-0.43303013,0.77434629,0
-1.7148772,-0.24546272,1.0079032,-0.87234187,-0.062347054,0.48490465,0
-0.57213813,0.012814701,0.9937712,0.46138138,-0.43303013,0.77434629,0
-1.659235,0.22341669,1.1682901,-0.87234187,-0.062347054,0.48490465,0
-0.84088248,-0.28017017,-0.27574399,-0.16170013,-0.89922065,-0.40651608,0
1.4424945,0.13732433,-1.4283979,-0.46138138,0.43303013,-0.77434629,0
0.53522086,-0.28091046,0.16971269,0.46138138,-0.43303013,0.77434629,0
2.0305855,0.33436537,-0.42851424,0.87234187,0.062347054,-0.48490465,0
-0.44009376,0.046406806,-0.35753173,-0.46138138,0.43303013,-0.77434629,0
0.82880455,-0.13416326,-1.2145623,-0.46138138,0.43303013,-0.77434629,0
-0.96953857,0.22347289,1.1212916,0.16170013,0.89922065,0.40651608,0
0.27712265,-0.54656941,-0.13117394,-0.16170013,-0.89922065,-0.40651608,0
-0.47583607,0.58727098,0.12018371,0.16170013,0.89922065,0.40651608,0
-0.73982894,0.50914991,0.3979975,0.16170013,0.89922065,0.40651608,0
-0.76148331,-0.45161167,0.071904898,-0.16170013,-0.89922065,-0.40651608,0
-1.7110134,-0.220074,1.0181187,-0.87234187,-0.062347054,0.48490465,0
-1.4745306,-0.1133039,1.4572784,-0.87234187,-0.062347054,0.48490465,0
1.3494155,0.34548473,-1.2565309,-0.46138138,0.43303013,-0.77434629,0
-0.57113731,0.27638781,0.84577072,0.16170013,0.89922065,0.40651608,0
-0.56638324,-0.70985329,0.56553471,-0.16170013,-0.89922065,-0.40651608,0
-1.2470957,-0.69065273,0.79383004,-0.16170013,-0.89922065,-0.40651608,0
1.0341338,-0.10521245,-1.3207144,-0.46138138,0.43303013,-0.77434629,0
-1.6627214,-0.71579671,1.0147724,-0.16170013,-0.89922065,-0.40651608,0
-0.61928606,0.22415203,0.98046923,0.16170013,0.89922065,0.40651608,0
0.58706409,0.50133651,-0.11251828,0.16170013,0.89922065,0.40651608,0
-1.6812807,0.026312727,0.37077177,-0.46138138,0.43303013,-0.77434629,0
1.191118,0.60897863,-0.59089947,0.16170013,0.89922065,0.40651608,0
-1.7538365,0.2473636,1.0011814,-0.87234187,-0.062347054,0.48490465,0
-1.2892089,0.4338744,0.78303552,0.16170013,0.89922065,0.40651608,0
1.5263997,0.066333532,-1.3700055,0.87234187,0.062347054,-0.48490465,0
1.87308,-0.51990736,-0.8217051,0.87234187,0.062347054,-0.48490465,0
2.0023763,0.27336916,-0.39450312,0.46138138,-0.43303013,0.77434629,0
-1.6168573,-0.36557865,1.1687971,-0.87234187,-0.062347054,0.48490465,0
0.8667568,-0.39165246,-0.089756727,0.46138138,-0.43303013,0.77434629,0
-0.96767712,-0.37640768,1.0117857,0.46138138,-0.43303013,0.77434629,0
-1.6510484,0.20719862,1.1809323,-0.87234187,-0.062347054,0.48490465,0
1.2116323,0.74275404,-0.95227385,-0.46138138,0.43303013,-0.77434629,0
1.7815,-0.3815591,-0.96866918,0.87234187,0.062347054,-0.48490465,0
1.4737223,-0.064869881,-1.4816415,0.87234187,0.062347054,-0.48490465,0
1.6379625,0.10016233,-1.164955,0.87234187,0.062347054,-0.48490465,0
-0.3487711,0.16984254,0.94849497,0.46138138,-0.43303013,0.77434629,0
-0.96107328,-0.6073485,0.49578851,-0.16170013,-0.89922065,-0.40651608,0
1.7626184,-0.09280479,-0.96550989,0.87234187,0.062347054,-0.48490465,0
1.5449145,0.24832977,-0.13593471,0.46138138,-0.43303013,0.77434629,0
-0.58158398,0.27354428,0.85621607,0.16170013,0.89922065,0.40651608,0
-1.3213463,-0.43764681,0.26371133,-0.16170013,-0.89922065,-0.40651608,0
-0.96564281,0.19739693,1.1774226,0.16170013,0.89922065,0.40651608,0
-0.84225047,-0.45451862,0.89337099,0.46138138,-0.43303013,0.77434629,0
-0.86946899,0.56121248,0.33440113,0.16170013,0.89922065,0.40651608,0
0.25334686,-0.15549141,-0.88361239,-0.46138138,0.43303013,-0.77434629,0
0.38379484,0.6652177,-0.39417192,0.16170013,0.89922065,0.40651608,0
-0.6531862,0.59347862,0.17699689,0.16170013,0.89922065,0.40651608,0
-1.7442054,-0.58508223,0.91147518,-0.87234187,-0.062347054,0.48490465,0
0.50069708,0.31025991,0.34450084,0.16170013,0.89922065,0.40651608,0
-0.32089654,-0.38173985,0.62343025,0.46138138,-0.43303013,0.77434629,0
1.7271912,-0.37011591,-1.0648992,0.87234187,0.062347054,-0.48490465,0
0.0034921765,0.56904912,-0.030171871,0.16170013,0.89922065,0.40651608,0
1.8720026,-0.16154096,-0.77756619,0.87234187,0.062347054,-0.48490465,0
1.9001491,-0.34916961,-0.75105548,0.87234187,0.062347054,-0.48490465,0
1.4361484,-0.15259743,-1.463673,-0.16170013,-0.89922065,-0.40651608,0
-1.2928317,-0.49146748,1.1411799,0.46138138,-0.43303013,0.77434629,0
1.6388683,0.58359069,-1.1011682,0.87234187,0.062347054,-0.48490465,0
-1.2168171,0.22787362,0.20674598,-0.46138138,0.43303013,-0.77434629,0
-1.6358433,0.51379412,0.61630833,-0.46138138,0.43303013,-0.77434629,0
-0.051540762,-0.53746855,0.37585238,0.46138138,-0.43303013,0.77434629,0
1.7447884,0.28003824,-0.94964767,0.87234187,0.062347054,-0.48490465,0
0.62099177,0.57783067,-0.29522008,0.16170013,0.89922065,0.40651608,0
1.4620534,-0.012322783,-1.4958777,0.87234187,0.062347054,-0.48490465,0
1.5504674,-0.084295213,-1.3460752,0.87234187,0.062347054,-0.48490465,0
-0.63855803,0.43697688,0.51736289,0.16170013,0.89922065,0.40651608,0
1.7773099,-0.04698509,-0.93318915,0.87234187,0.062347054,-0.48490465,0
-0.010114074,-0.65735501,0.22814009,-0.16170013,-0.89922065,-0.40651608,0
-1.3008299,0.16778862,1.3762443,0.16170013,0.89922065,0.40651608,0
-1.6710277,0.33210468,1.1600282,0.16170013,0.89922065,0.40651608,0
-0.92757261,-0.16938162,1.1036633,0.46138138,-0.43303013,0.77434629,0
1.8319883,-0.31696275,-0.86953521,0.87234187,0.062347054,-0.48490465,0
-1.5092282,-0.45927709,0.38629174,-0.16170013,-0.89922065,-0.40651608,0
1.6962106,0.65249044,-0.98915052,0.87234187,0.062347054,-0.48490465,0
1.6724699,0.13749248,-1.0980767,0.87234187,0.062347054,-0.48490465,0
1.935118,0.34826866,-0.59847283,0.87234187,0.062347054,-0.48490465,0
-1.4111892,-0.45435667,0.33641064,-0.16170013,-0.89922065,-0.40651608,0
-1.8800008,0.31924772,0.78345466,-0.87234187,-0.062347054,0.48490465,0
1.9455569,-0.14035642,-0.59201193,0.46138138,-0.43303013,0.77434629,0
0.12044224,-0.39571375,0.3526513,0.46138138,-0.43303013,0.77434629,0
1.529482,0.056378841,-1.3657403,0.87234187,0.062347054,-0.48490465,0
-0.79114503,-0.55324751,0.30852377,-0.16170013,-0.89922065,-0.40651608,0
0.17801255,-0.39964795,-0.41674358,-0.16170013,-0.89922065,-0.40651608,0
0.4266628,0.27313188,0.45607728,0.16170013,0.89922065,0.40651608,0
1.931787,-0.13703884,-0.58195233,0.46138138,-0.43303013,0.77434629,0
1.0726374,-0.21941215,-1.1712837,-0.16170013,-0.89922065,-0.40651608,0
-1.9385293,-0.2390123,0.60638332,-0.87234187,-0.062347054,0.48490465,0
1.9663339,0.23691219,-0.39341545,0.46138138,-0.43303013,0.77434629,0
-1.6996859,0.34164304,1.1107199,-0.87234187,-0.062347054,0.48490465,0
0.738603,0.66027224,-0.52436447,0.16170013,0.89922065,0.40651608,0
1.9350135,-0.2495642,-0.67552733,0.87234187,0.062347054,-0.48490465,0
0.4638069,0.411652,0.13489358,0.16170013,0.89922065,0.40651608,0
-1.6156354,-0.68777573,0.93406045,-0.16170013,-0.89922065,-0.40651608,0
1.2906125,-0.13166535,-1.4520855,-0.16170013,-0.89922065,-0.40651608,0
-0.54932082,0.2066513,-0.20283872,-0.46138138,0.43303013,-0.77434629,0
0.52583236,-0.31717378,0.15502748,0.46138138,-0.43303013,0.77434629,0
1.2235204,-0.58460134,-0.42349577,-0.16170013,-0.89922065,-0.40651608,0
1.8699911,0.28138489,-0.72423553,0.87234187,0.062347054,-0.48490465,0
0.363188,0.3772679,-0.65112972,-0.46138138,0.43303013,-0.77434629,0
1.1722102,0.52786916,-0.40396285,0.16170013,0.89922065,0.40651608,0
1.6279097,0.59473765,-1.1194493,0.87234187,0.062347054,-0.48490465,0
0.92456496,0.59836942,-0.46140456,0.16170013,0.89922065,0.40651608,0
-1.7963723,-0.53983903,0.82344425,-0.87234187,-0.062347054,0.48490465,0
-0.0018650144,0.13576376,-0.5686729,-0.46138138,0.43303013,-0.77434629,0
1.5152004,0.092456698,-1.3867941,0.87234187,0.062347054,-0.48490465,0
-0.27218109,0.59778547,0.01591748,0.16170013,0.89922065,0.40651608,0
-1.7145627,0.22946632,1.0695338,-0.87234187,-0.062347054,0.48490465,0
-1.2368335,0.39183617,0.31036329,-0.46138138,0.43303013,-0.77434629,0
1.4172924,0.022189014,-0.18635571,0.46138138,-0.43303013,0.77434629,0
-0.27828062,0.1927281,0.91433758,0.16170013,0.89922065,0.40651608,0
-1.4388499,-0.26582816,0.062952399,-0.46138138,0.43303013,-0.77434629,0
-0.16230261,0.62358594,-0.084859982,0.16170013,0.89922065,0.40651608,0
-0.044151753,0.42164522,-0.38360634,-0.46138138,0.43303013,-0.77434629,0
1.262283,0.2046876,-1.2833511,-0.46138138,0.43303013,-0.77434629,0
-1.2065557,0.56601918,0.38972974,-0.46138138,0.43303013,-0.77434629,0
-0.46253729,-0.70344228,0.51004672,-0.16170013,-0.89922065,-0.40651608,0
-1.8729084,0.091236979,0.76689696,-0.87234187,-0.062347054,0.48490465,0
1.3262402,-0.11827719,-1.4958715,-0.16170013,-0.89922065,-0.40651608,0
-1.7439998,-0.54702407,0.91673827,-0.87234187,-0.062347054,0.48490465,0
-1.6232028,0.13623863,1.2219028,-0.87234187,-0.062347054,0.48490465,0
0.55624366,-0.37033388,-0.63203609,-0.16170013,-0.89922065,-0.40651608,0
1.8139597,-0.33430776,-0.90419888,0.87234187,0.062347054,-0.48490465,0
-0.2245816,0.29645383,-0.34610981,-0.46138138,0.43303013,-0.77434629,0
-1.5610921,-0.19549847,1.2909862,-0.87234187,-0.062347054,0.48490465,0
1.8472068,-0.31389022,-0.8417623,0.87234187,0.062347054,-0.48490465,0
-1.5413631,0.038768888,1.3565999,-0.87234187,-0.062347054,0.48490465,0
-0.17604893,-0.66517913,0.31145105,-0.16170013,-0.89922065,-0.40651608,0
-0.055005789,-0.2399264,0.5443086,0.46138138,-0.43303013,0.77434629,0
0.022232771,0.56470984,-0.028027885,0.16170013,0.89922065,0.40651608,0
-0.61872149,0.47588378,-0.010927141,-0.46138138,0.43303013,-0.77434629,0
1.9216343,0.20488945,-0.64116502,0.87234187,0.062347054,-0.48490465,0
-1.4962038,-0.021959305,1.4300331,-0.87234187,-0.062347054,0.48490465,0
-0.075641304,-0.39778322,-0.3199724,-0.16170013,-0.89922065,-0.40651608,0
1.566458,0.29508305,-1.2685287,0.87234187,0.062347054,-0.48490465,0
-0.96605122,0.20869328,0.046604991,-0.46138138,0.43303013,-0.77434629,0
-1.2560724,-0.6716696,0.75541008,-0.16170013,-0.89922065,-0.40651608,0
-1.283983,-0.4415133,1.1638429,0.46138138,-0.43303013,0.77434629,0
-1.7726973,-0.48631805,0.87291718,-0.87234187,-0.062347054,0.48490465,0
1.3802171,0.18702185,-0.072087169,0.46138138,-0.43303013,0.77434629,0
0.20139052,0.012432277,-0.75874877,-0.46138138,0.43303013,-0.77434629,0
-1.8454096,-0.2962507,0.76654613,-0.87234187,-0.062347054,0.48490465,0
-1.239311,0.54430836,0.39710534,-0.46138138,0.43303013,-0.77434629,0
0.036844522,0.17854744,-0.56781185,-0.46138138,0.43303013,-0.77434629,0
-1.5748651,-0.51840365,0.54318917,-0.16170013,-0.89922065,-0.40651608,0
0.43671858,0.58438993,-0.2364307,0.16170013,0.89922065,0.40651608,0
0.056481883,0.16924042,0.70669484,0.46138138,-0.43303013,0.77434629,0
0.93712497,-0.35559475,-0.81614232,-0.16170013,-0.89922065,-0.40651608,0
1.5183389,0.61123407,-0.72604728,0.16170013,0.89922065,0.40651608,0
1.9129647,0.18869931,-0.65884304,0.87234187,0.062347054,-0.48490465,0
1.5366335,0.38908017,-1.3100971,0.87234187,0.062347054,-0.48490465,0
-0.97577769,0.42438152,0.17301774,-0.46138138,0.43303013,-0.77434629,0
-1.1437315,0.43882656,0.2811681,-0.46138138,0.43303013,-0.77434629,0
0.36947715,0.50820845,-0.5816524,-0.46138138,0.43303013,-0.77434629,0
-1.5075138,0.45133042,0.8312577,0.16170013,0.89922065,0.40651608,0
-0.31163779,0.26414463,0.76963151,0.16170013,0.89922065,0.40651608,0
-1.8069767,0.15427628,0.89361358,-0.87234187,-0.062347054,0.48490465,0
0.8719244,-0.47744003,-0.52068388,-0.16170013,-0.89922065,-0.40651608,0
-1.2822837,-0.66311473,0.7469126,-0.16170013,-0.89922065,-0.40651608,0
1.8827813,-0.098889858,-0.75011992,0.87234187,0.062347054,-0.48490465,0
-1.7342732,0.24382249,1.0359206,-0.87234187,-0.062347054,0.48490465,0
-0.77696741,0.10681492,1.1683822,0.46138138,-0.43303013,0.77434629,0
-1.8203593,-0.52791417,0.66187704,-0.16170013,-0.89922065,-0.40651608,0
1.1862245,-0.55017632,-0.36875582,0.46138138,-0.43303013,0.77434629,0
-1.3848931,-0.53369284,1.1724198,0.46138138,-0.43303013,0.77434629,0
1.1269358,0.38541389,-1.1016409,-0.46138138,0.43303013,-0.77434629,0
1.7921617,0.10344052,-0.88712955,0.87234187,0.062347054,-0.48490465,0
-1.7730135,0.31458998,0.97532582,-0.87234187,-0.062347054,0.48490465,0
-1.7668467,-0.36550683,0.28134322,-0.16170013,-0.89922065,-0.40651608,0
-0.12773424,0.59413218,-0.033458173,0.16170013,0.89922065,0.40651608,0
-0.38226569,-0.6637314,0.50230062,0.46138138,-0.43303013,0.77434629,0
-0.59903109,-0.70064485,0.55815184,-0.16170013,-0.89922065,-0.40651608,0
0.84344018,-0.48718506,-0.1292876,0.46138138,-0.43303013,0.77434629,0
0.6129508,0.32614964,-0.82853305,-0.46138138,0.43303013,-0.77434629,0
-1.5646826,0.27401477,1.2462227,0.16170013,0.89922065,0.40651608,0
0.5987258,0.050156265,0.31701356,0.46138138,-0.43303013,0.77434629,0
-1.9610784,-0.1738418,0.57419705,-0.87234187,-0.062347054,0.48490465,0
-1.5611371,-0.75232625,1.1551677,0.46138138,-0.43303013,0.77434629,0
-1.9328121,0.12244011,0.66314244,-0.87234187,-0.062347054,0.48490465,0
-0.76969767,-0.54267883,0.80084056,0.46138138,-0.43303013,0.77434629,0
-0.78840905,-0.58859074,0.38561523,-0.16170013,-0.89922065,-0.40651608,0
-1.1579282,0.20594639,0.15939581,-0.46138138,0.43303013,-0.77434629,0
-1.7809547,0.042153597,0.92601085,-0.87234187,-0.062347054,0.48490465,0
1.7735497,0.075295828,-0.36892724,0.46138138,-0.43303013,0.77434629,0
0.31591195,0.43029749,0.15247764,0.16170013,0.89922065,0.40651608,0
1.6649594,0.19741946,-1.1038828,0.87234187,0.062347054,-0.48490465,0
0.13534567,-0.34274334,-0.52564597,-0.16170013,-0.89922065,-0.40651608,0
1.8371084,0.25318432,-0.78701699,0.87234187,0.062347054,-0.48490465,0
-1.9001677,-0.076785892,0.69625401,-0.87234187,-0.062347054,0.48490465,0
-1.837934,-0.36976188,0.77054298,-0.87234187,-0.062347054,0.48490465,0
-1.5067714,-0.52627343,0.53351164,-0.16170013,-0.89922065,-0.40651608,0
0.72121131,-0.57781059,-0.10713917,0.46138138,-0.43303013,0.77434629,0
-1.7695895,0.3736549,0.98907948,-0.87234187,-0.062347054,0.48490465,0
1.6559923,-0.34523451,-1.1250038,-0.16170013,-0.89922065,-0.40651608,0
-1.6523896,0.17971683,1.1749859,-0.87234187,-0.062347054,0.48490465,0
1.4989061,0.054463029,-1.4209925,0.87234187,0.062347054,-0.48490465,0
-0.73604023,-0.13184428,-0.2808786,-0.46138138,0.43303013,-0.77434629,0
-1.7580931,-0.1608161,0.31189299,-0.46138138,0.43303013,-0.77434629,0
-1.7920899,-0.33735043,0.85718369,-0.87234187,-0.062347054,0.48490465,0
1.8023605,-0.054009318,-0.88902617,0.87234187,0.062347054,-0.48490465,0
1.6037107,0.50316417,-1.1747575,0.87234187,0.062347054,-0.48490465,0
-1.9216352,-0.10669729,0.65378809,-0.87234187,-0.062347054,0.48490465,0
-1.9670582,-0.21515068,0.55812812,-0.87234187,-0.062347054,0.48490465,0
0.31995869,0.21032494,-0.71873015,-0.46138138,0.43303013,-0.77434629,0
-1.7112546,-0.03550303,1.0414162,-0.87234187,-0.062347054,0.48490465,0
0.86422122,0.58115566,-0.39932454,0.16170013,0.89922065,0.40651608,0
1.4050508,0.59601939,-0.64732957,0.16170013,0.89922065,0.40651608,0
-1.7220669,-0.3468895,0.22234952,-0.16170013,-0.89922065,-0.40651608,0
-0.54602599,0.50017315,0.34076518,0.16170013,0.89922065,0.40651608,0
-1.5972779,0.0086779594,1.2521408,-0.87234187,-0.062347054,0.48490465,0
0.012299597,0.38388792,0.37590456,0.16170013,0.89922065,0.40651608,0
1.2517281,0.48621911,-0.34346199,0.16170013,0.89922065,0.40651608,0
-1.4261924,-0.57213235,1.1755311,0.46138138,-0.43303013,0.77434629,0
0.12642008,-0.53271508,0.27247566,0.46138138,-0.43303013,0.77434629,0
-1.674562,-0.36020651,0.23291099,-0.16170013,-0.89922065,-0.40651608,0
-0.43692505,0.24163711,-0.25024307,-0.46138138,0.43303013,-0.77434629,0
-1.6591694,-0.63193351,1.0584303,-0.87234187,-0.062347054,0.48490465,0
0.93571061,-0.15049374,-1.2692668,-0.16170013,-0.89922065,-0.40651608,0
1.5044998,-0.1642251,-1.4390477,0.87234187,0.062347054,-0.48490465,0
1.1965486,0.30980575,-1.1853999,-0.46138138,0.43303013,-0.77434629,0
0.28331435,0.40056166,0.23122017,0.16170013,0.89922065,0.40651608,0
-0.95808995,0.048968434,1.243952,0.46138138,-0.43303013,0.77434629,0
-1.832154,-0.23267663,0.79856706,-0.87234187,-0.062347054,0.48490465,0
1.8150895,0.43831086,-0.80282629,0.87234187,0.062347054,-0.48490465,0
0.47313258,-0.58656788,0.035777211,0.46138138,-0.43303013,0.77434629,0
-1.2182629,-0.66984838,0.73634195,-0.16170013,-0.89922065,-0.40651608,0
-0.75300753,-0.48328394,0.82411081,0.46138138,-0.43303013,0.77434629,0
1.6506219,0.37416357,-1.1069506,0.87234187,0.062347054,-0.48490465,0
-1.9200742,-0.35930493,0.62411749,-0.87234187,-0.062347054,0.48490465,0
0.68804133,0.6677115,-0.68226629,-0.46138138,0.43303013,-0.77434629,0
-0.51184791,-0.46987471,0.013005316,-0.16170013,-0.89922065,-0.40651608,0
-0.55962694,-0.28761137,0.81831241,0.46138138,-0.43303013,0.77434629,0
1.7573659,-0.084905267,-0.97394371,0.87234187,0.062347054,-0.48490465,0
0.020485222,-0.51754904,0.34407628,0.46138138,-0.43303013,0.77434629,0
1.75796,0.14368987,-0.94348335,0.87234187,0.062347054,-0.48490465,0
-0.33167982,0.17205048,0.93954605,0.46138138,-0.43303013,0.77434629,0
0.62323725,0.14434665,0.35508195,0.46138138,-0.43303013,0.77434629,0
1.6439323,0.31863141,-1.1261253,0.87234187,0.062347054,-0.48490465,0
-0.74246961,-0.11319029,-0.26661605,-0.46138138,0.43303013,-0.77434629,0
1.7177957,0.56605375,-0.9614327,0.87234187,0.062347054,-0.48490465,0
0.75263238,0.31482542,-0.91809267,-0.46138138,0.43303013,-0.77434629,0
1.6692507,0.4132778,-1.0684084,0.87234187,0.062347054,-0.48490465,0
-0.043270856,-0.19272363,-0.72769874,-0.46138138,0.43303013,-0.77434629,0
-1.5930324,-0.041756034,1.2532939,-0.87234187,-0.062347054,0.48490465,0
1.7144527,0.60581666,-0.96233451,0.87234187,0.062347054,-0.48490465,0
-0.62453479,0.28878412,0.83958983,0.16170013,0.89922065,0.40651608,0
-1.453097,0.28687635,0.38052487,-0.46138138,0.43303013,-0.77434629,0
-1.5797225,0.084950686,1.293529,-0.87234187,-0.062347054,0.48490465,0
1.2235148,-0.24373734,-1.1774904,-0.16170013,-0.89922065,-0.40651608,0
0.89044762,0.67188817,-0.80053109,-0.46138138,0.43303013,-0.77434629,0
-1.8490305,-0.20504278,0.77175903,-0.87234187,-0.062347054,0.48490465,0
-1.8606675,-0.39855504,0.39176571,-0.16170013,-0.89922065,-0.40651608,0
-1.5873209,0.48004371,0.79948831,0.16170013,0.89922065,0.40651608,0
1.0456903,-0.52457148,-0.4855473,-0.16170013,-0.89922065,-0.40651608,0
1.0334351,0.23419377,0.16091675,0.46138138,-0.43303013,0.77434629,0
-0.07329613,0.40556425,0.36200359,0.16170013,0.89922065,0.40651608,0
-1.2236984,0.34934101,0.94396639,0.16170013,0.89922065,0.40651608,0
1.3405052,-0.066709399,-1.4817289,-0.46138138,0.43303013,-0.77434629,0
-0.70617282,0.23386842,0.99353755,0.16170013,0.89922065,0.40651608,0
-0.90321463,0.14513773,1.2650355,0.46138138,-0.43303013,0.77434629,0
0.16214013,-0.25857192,0.40449882,0.46138138,-0.43303013,0.77434629,0
0.61081064,-0.013675123,0.27411717,0.46138138,-0.43303013,0.77434629,0
1.154613,-0.41540506,-0.27455413,0.46138138,-0.43303013,0.77434629,0
0.20976907,-0.32677066,-0.5905813,-0.16170013,-0.89922065,-0.40651608,0
0.095916927,0.63058329,-0.20305051,0.16170013,0.89922065,0.40651608,0
-1.1170852,-0.55211008,1.0025516,0.46138138,-0.43303013,0.77434629,0
-1.6611307,-0.083867133,1.1253707,-0.87234187,-0.062347054,0.48490465,0
-1.7129152,-0.53505814,0.97419786,-0.87234187,-0.062347054,0.48490465,0
0.3468895,-0.29842904,0.2721301,0.46138138,-0.43303013,0.77434629,0
0.36929542,-0.14927578,0.3421894,0.46138138,-0.43303013,0.77434629,0
1.5013486,0.3691771,-1.3338085,-0.46138138,0.43303013,-0.77434629,0
0.90749395,0.35316092,0.087791085,0.16170013,0.89922065,0.40651608,0
1.1453648,-0.2107482,-1.2193773,-0.16170013,-0.89922065,-0.40651608,0
-1.1762118,-0.56593215,0.4897505,-0.16170013,-0.89922065,-0.40651608,0
1.6905404,0.45558119,-1.0246691,0.87234187,0.062347054,-0.48490465,0
0.32546699,-0.066944003,0.41434544,0.46138138,-0.43303013,0.77434629,0
-1.1298959,-0.75607556,0.89612293,0.46138138,-0.43303013,0.77434629,0
-0.89500445,-0.49227285,0.21495879,-0.16170013,-0.89922065,-0.40651608,0
-1.6014062,0.16394848,1.2646778,-0.87234187,-0.062347054,0.48490465,0
-0.97767234,-0.5452525,0.36503363,-0.16170013,-0.89922065,-0.40651608,0
0.9577865,0.56600428,-0.40302694,0.16170013,0.89922065,0.40651608,0
0.35409042,-0.5042941,-0.25530326,-0.16170013,-0.89922065,-0.40651608,0
1.8853776,0.080028832,-0.7224443,0.87234187,0.062347054,-0.48490465,0
-0.76687139,-0.034091979,-0.20784327,-0.46138138,0.43303013,-0.77434629,0
-1.5348084,0.16840351,0.36295879,-0.46138138,0.43303013,-0.77434629,0
1.2075741,-0.23890999,-0.20741034,0.46138138,-0.43303013,0.77434629,0
0.74754387,0.16896594,-0.99662846,-0.46138138,0.43303013,-0.77434629,0
1.708503,0.66370505,-0.96559477,0.87234187,0.062347054,-0.48490465,0
-1.937601,-0.16518858,0.6175456,-0.87234187,-0.062347054,0.48490465,0
0.95149124,-0.48825073,-0.19426405,0.46138138,-0.43303013,0.77434629,0
1.5670089,0.31164849,-1.2654079,0.87234187,0.062347054,-0.48490465,0
1.2839091,0.35037336,-0.055769682,0.16170013,0.89922065,0.40651608,0
1.7629349,0.59993464,-0.87587118,0.87234187,0.062347054,-0.48490465,0
0.59462082,-0.60350001,-0.1315338,-0.16170013,-0.89922065,-0.40651608,0
-1.3916066,-0.24418876,0.046904325,-0.46138138,0.43303013,-0.77434629,0
1.7837453,0.09261173,-0.90366292,0.87234187,0.062347054,-0.48490465,0
1.7962707,-0.14549397,-0.50593519,0.46138138,-0.43303013,0.77434629,0
1.6029589,0.54128444,-0.60497642,0.16170013,0.89922065,0.40651608,0
-1.8104622,0.34752446,0.91218996,-0.87234187,-0.062347054,0.48490465,0
-1.744022,0.30964646,1.0268457,-0.87234187,-0.062347054,0.48490465,0
1.2397695,0.68566817,-0.77989006,0.16170013,0.89922065,0.40651608,0
-1.6680011,-0.51714015,1.0573024,-0.87234187,-0.062347054,0.48490465,0
0.90932941,-0.52762139,-0.42456055,-0.16170013,-0.89922065,-0.40651608,0
0.40160051,-0.28430447,-0.76082206,-0.16170013,-0.89922065,-0.40651608,0
1.1795826,0.27443612,0.096341491,0.46138138,-0.43303013,0.77434629,0
-0.6116423,0.23328501,0.95722657,0.16170013,0.89922065,0.40651608,0
0.81831801,0.49108589,-0.18182975,0.16170013,0.89922065,0.40651608,0
1.704056,0.66380793,-0.97358119,0.87234187,0.062347054,-0.48490465,0
-1.4732395,0.28963596,0.39406967,-0.46138138,0.43303013,-0.77434629,0
1.5438452,0.35934174,-1.3009473,0.87234187,0.062347054,-0.48490465,0
-1.065675,0.54062521,0.45798576,0.16170013,0.89922065,0.40651608,0
-1.7315773,0.20137972,1.0353131,-0.87234187,-0.062347054,0.48490465,0
-1.0950136,-0.4322913,0.1618365,-0.16170013,-0.89922065,-0.40651608,0
-1.8195462,-0.40336341,0.79930198,-0.87234187,-0.062347054,0.48490465,0
1.7394145,0.30296183,-0.95636809,0.87234187,0.062347054,-0.48490465,0
-0.99213111,0.027925298,-0.038944662,-0.46138138,0.43303013,-0.77434629,0
1.9077901,0.093444973,-0.68039966,0.87234187,0.062347054,-0.48490465,0
-1.5571063,0.050075531,1.3297322,-0.87234187,-0.062347054,0.48490465,0
-0.25032681,0.64388692,-0.13647833,-0.46138138,0.43303013,-0.77434629,0
1.4975302,0.20197904,-1.4045008,0.87234187,0.062347054,-0.48490465,0
-1.514693,-0.35589796,0.15978909,-0.16170013,-0.89922065,-0.40651608,0
1.6310771,-0.41149944,-0.96851468,-0.16170013,-0.89922065,-0.40651608,0
-1.9208101,-0.42642227,0.61416388,-0.87234187,-0.062347054,0.48490465,0
-0.024729908,-0.5258975,0.36634836,0.46138138,-0.43303013,0.77434629,0
1.6383203,0.71198785,-1.0856453,0.87234187,0.062347054,-0.48490465,0
-0.38416216,0.2103889,-0.29915559,-0.46138138,0.43303013,-0.77434629,0
-1.2959747,-0.50200856,1.1371579,0.46138138,-0.43303013,0.77434629,0
1.9811366,0.22363582,-0.53170991,0.87234187,0.062347054,-0.48490465,0
1.2998687,-0.37617886,-0.91489923,-0.16170013,-0.89922065,-0.40651608,0
-0.85003722,0.41172987,0.65732992,0.16170013,0.89922065,0.40651608,0
-0.60500705,0.46016341,0.45272827,0.16170013,0.89922065,0.40651608,0
-1.8094819,-0.58541775,0.78474927,-0.16170013,-0.89922065,-0.40651608,0
-1.6522127,0.51400125,0.75018549,0.16170013,0.89922065,0.40651608,0
1.6843193,0.60234928,-1.0169903,0.87234187,0.062347054,-0.48490465,0
-1.1490272,0.52051127,0.53563321,0.16170013,0.89922065,0.40651608,0
0.77108419,-0.55120057,-0.31741321,-0.16170013,-0.89922065,-0.40651608,0
2.0259526,0.20195653,-0.44848609,0.46138138,-0.43303013,0.77434629,0
1.1983128,0.47449052,-0.2962712,0.16170013,0.89922065,0.40651608,0
-0.7720108,-0.089650154,-0.23585033,-0.46138138,0.43303013,-0.77434629,0
1.2280378,-0.36595923,-0.2906518,0.46138138,-0.43303013,0.77434629,0
-1.9262853,-0.14352489,0.6406877,-0.87234187,-0.062347054,0.48490465,0
0.91935986,-0.137802,0.020858884,0.46138138,-0.43303013,0.77434629,0
1.9138197,0.19007617,-0.6571281,0.87234187,0.062347054,-0.48490465,0
0.38694784,-0.034683466,-0.8956582,-0.46138138,0.43303013,-0.77434629,0
0.9447158,-0.17281246,-1.2234796,-0.16170013,-0.89922065,-0.40651608,0
1.7669685,-0.35208383,-0.99102139,0.87234187,0.062347054,-0.48490465,0
1.7612686,0.13535857,-0.93860221,0.87234187,0.062347054,-0.48490465,0
-1.5240537,-0.3455492,0.14062107,-0.16170013,-0.89922065,-0.40651608,0
-0.77691418,0.16969845,-0.087895691,-0.46138138,0.43303013,-0.77434629,0
0.15256548,0.52410024,-0.44352216,-0.46138138,0.43303013,-0.77434629,0
-1.5723313,-0.41108322,1.243048,-0.87234187,-0.062347054,0.48490465,0
-0.20665985,0.53739369,0.12344262,0.16170013,0.89922065,0.40651608,0
-1.9566424,-0.28859729,0.56742263,-0.87234187,-0.062347054,0.48490465,0
-0.7013945,0.58069009,0.22446126,0.16170013,0.89922065,0.40651608,0
-0.64383841,-0.015844494,-0.27094609,-0.46138138,0.43303013,-0.77434629,0
-0.16273251,-0.51923507,-0.016676554,-0.16170013,-0.89922065,-0.40651608,0
2.0000942,0.095436394,-0.51408911,0.87234187,0.062347054,-0.48490465,0
-1.4072826,0.22069526,1.3015578,0.16170013,0.89922065,0.40651608,0
0.083945096,-0.49859336,-0.16045749,-0.16170013,-0.89922065,-0.40651608,0
-0.45493591,-0.6425283,0.37228015,-0.16170013,-0.89922065,-0.40651608,0
0.88684726,-0.55761331,-0.34927499,-0.16170013,-0.89922065,-0.40651608,0
1.8874897,-0.47690344,-0.74561763,0.46138138,-0.43303013,0.77434629,0
-0.91811174,0.11162591,1.2551712,0.46138138,-0.43303013,0.77434629,0
-0.62517953,-0.15082282,0.93386573,0.46138138,-0.43303013,0.77434629,0
0.22082484,-0.6467669,0.15244605,0.46138138,-0.43303013,0.77434629,0
1.5442816,0.040495276,-1.3411579,0.87234187,0.062347054,-0.48490465,0
-1.6341082,-0.57943308,1.110266,-0.87234187,-0.062347054,0.48490465,0
-1.6703141,-0.070045531,1.1106268,-0.87234187,-0.062347054,0.48490465,0
-0.92228067,0.51028532,0.4680599,0.16170013,0.89922065,0.40651608,0
-1.4496603,0.49989918,0.70081031,0.16170013,0.89922065,0.40651608,0
2.0006776,0.088283494,-0.51395893,0.87234187,0.062347054,-0.48490465,0
-2.004926,-0.25281599,0.4851613,-0.87234187,-0.062347054,0.48490465,0
-1.5096686,-0.74411082,1.1290953,0.46138138,-0.43303013,0.77434629,0
0.31448805,-0.23841387,-0.82768214,-0.16170013,-0.89922065,-0.40651608,0
0.40159947,0.25990182,-0.73965001,-0.46138138,0.43303013,-0.77434629,0
1.6685148,-0.3084203,-0.52092588,0.46138138,-0.43303013,0.77434629,0
-1.507375,-0.56175399,0.61223531,-0.16170013,-0.89922065,-0.40651608,0
0.9917894,0.056626201,0.086431205,0.46138138,-0.43303013,0.77434629,0
1.1677279,-0.13190985,-1.4026649,-0.16170013,-0.89922065,-0.40651608,0
-1.4065661,-0.68557936,0.84604025,-0.16170013,-0.89922065,-0.40651608,0
1.942554,0.40349874,-0.57799399,0.87234187,0.062347054,-0.48490465,0
1.6872787,0.42090249,-0.37222981,0.16170013,0.89922065,0.40651608,0
1.782637,0.49268463,-0.56894398,0.16170013,0.89922065,0.40651608,0
-1.2309477,-0.16252267,1.2882597,0.46138138,-0.43303013,0.77434629,0
-1.641422,0.23719615,1.202107,-0.87234187,-0.062347054,0.48490465,0
-1.5478703,-0.084307909,1.329069,-0.87234187,-0.062347054,0.48490465,0
-0.29259071,0.35382637,0.56367767,0.16170013,0.89922065,0.40651608,0
-1.4356291,-0.51803279,0.48698473,-0.16170013,-0.89922065,-0.40651608,0
-1.4668412,0.4384166,0.47345865,-0.46138138,0.43303013,-0.77434629,0
-1.5434721,-0.3029716,1.3088665,-0.87234187,-0.062347054,0.48490465,0
1.2850864,0.63946384,-0.6957109,0.16170013,0.89922065,0.40651608,0
-1.7362368,-0.62513435,0.92066097,-0.87234187,-0.062347054,0.48490465,0
-0.44091725,-0.6363951,0.3531372,-0.16170013,-0.89922065,-0.40651608,0
-1.9322603,0.24274498,0.67960358,-0.87234187,-0.062347054,0.48490465,0
1.9086404,-0.3614912,-0.73736382,0.87234187,0.062347054,-0.48490465,0
-1.6830037,-0.32254535,1.0553329,-0.87234187,-0.062347054,0.48490465,0
-0.83319265,0.14865369,-0.06613183,-0.46138138,0.43303013,-0.77434629,0
1.8949578,0.15767926,-0.69522595,0.87234187,0.062347054,-0.48490465,0
0.18885553,0.30491239,-0.58771932,-0.46138138,0.43303013,-0.77434629,0
-1.9346682,-0.06338644,0.63591075,-0.87234187,-0.062347054,0.48490465,0
-0.34845734,0.51606953,0.22701502,0.16170013,0.89922065,0.40651608,0
1.7908504,0.57362038,-0.82903481,0.87234187,0.062347054,-0.48490465,0
-0.98260123,0.22035345,0.062986851,-0.46138138,0.43303013,-0.77434629,0
1.3266714,-0.0034809113,-1.4381278,-0.46138138,0.43303013,-0.77434629,0
-1.1904384,-0.65078396,0.6831032,-0.16170013,-0.89922065,-0.40651608,0
0.34610394,0.25090456,0.53728843,0.16170013,0.89922065,0.40651608,0
1.3965499,-0.12227321,-1.5149999,-0.16170013,-0.89922065,-0.40651608,0
0.75339115,-0.219457,0.074085653,0.46138138,-0.43303013,0.77434629,0
-1.2943327,-0.30559415,-0.039136529,-0.16170013,-0.89922065,-0.40651608,0
0.63174236,-0.023961067,0.25589326,0.46138138,-0.43303013,0.77434629,0
1.5863626,-0.2998201,-0.46716738,0.46138138,-0.43303013,0.77434629,0
1.9595988,0.22139362,-0.57074475,0.87234187,0.062347054,-0.48490465,0
