-1.669138,-0.15760121,-1.2191533,-0.90234196,-0.20635259,-0.37841445,0
1.4252102,-0.34439215,1.4446614,-0.28313261,-0.37818778,0.88136816,0
2.0510972,0.47609562,-0.27141196,0.28313261,0.37818778,-0.88136816,0
-1.9602352,-0.7247777,-0.21573591,-0.90234196,-0.20635259,-0.37841445,0
0.2312544,-0.18463506,-0.91300362,0.32498431,-0.90243703,-0.28282958,0
-1.4362143,0.19632688,-1.5117301,0.28313261,0.37818778,-0.88136816,0
-0.24540973,-0.57634491,-0.21086662,0.32498431,-0.90243703,-0.28282958,0
-0.13924074,0.68488902,-0.88544929,0.28313261,0.37818778,-0.88136816,0
1.6147346,0.025119185,1.421123,0.90234196,0.20635259,0.37841445,0
-0.78149396,-0.68605536,0.58917004,-0.28313261,-0.37818778,0.88136816,0
1.7133918,-0.22350776,1.3214502,0.90234196,0.20635259,0.37841445,0
-0.490089,-0.18836832,-1.3728641,0.28313261,0.37818778,-0.88136816,0
0.1766333,-0.17722714,-0.99940258,0.32498431,-0.90243703,-0.28282958,0
0.42107224,0.76450837,-0.1876705,-0.32498431,0.90243703,0.28282958,0
0.34663641,0.3845689,-0.85822994,0.28313261,0.37818778,-0.88136816,0
-0.76166248,0.38517681,-1.2140014,0.28313261,0.37818778,-0.88136816,0
0.37437358,-0.22527047,1.1582024,-0.28313261,-0.37818778,0.88136816,0
0.077865362,-0.3468985,1.010762,-0.28313261,-0.37818778,0.88136816,0
0.49198496,-0.33528262,1.1487789,-0.28313261,-0.37818778,0.88136816,0
-1.8542278,-1.1625412,-0.18907058,0.32498431,-0.90243703,-0.28282958,0
-1.4269381,0.27342331,-0.74419343,-0.32498431,0.90243703,0.28282958,0
-0.98763084,0.45667326,-0.82411289,-0.32498431,0.90243703,0.28282958,0
-1.1923414,0.4552902,-1.0549216,-0.32498431,0.90243703,0.28282958,0
1.6670709,1.1305445,0.076111972,-0.32498431,0.90243703,0.28282958,0
-0.48252463,-0.54856032,0.74420965,-0.28313261,-0.37818778,0.88136816,0
-1.4213557,0.028269112,0.044445515,-0.32498431,0.90243703,0.28282958,0
0.3675206,0.40940714,0.88383353,-0.32498431,0.90243703,0.28282958,0
-1.6349691,-0.67363662,-1.0192312,-0.90234196,-0.20635259,-0.37841445,0
-0.24655086,-0.50574255,0.83838701,-0.28313261,-0.37818778,0.88136816,0
0.62887615,0.48773766,-0.72329378,0.28313261,0.37818778,-0.88136816,0
-1.2273812,-0.077144966,0.60368073,-0.32498431,0.90243703,0.28282958,0
2.0384812,0.17162356,0.33079493,0.90234196,0.20635259,0.37841445,0
1.9550617,0.81399947,-0.15727079,0.28313261,0.37818778,-0.88136816,0
1.4346313,1.0486376,0.070372045,-0.32498431,0.90243703,0.28282958,0
-1.259865,-0.30590346,0.59861714,-0.28313261,-0.37818778,0.88136816,0
-0.053828299,-0.56814307,0.8735221,-0.28313261,-0.37818778,0.88136816,0
0.59049779,0.24569952,1.4297199,-0.28313261,-0.37818778,0.88136816,0
-0.41529834,-0.70938486,0.018419877,0.32498431,-0.90243703,-0.28282958,0
0.53951633,0.46067894,0.91786957,-0.32498431,0.90243703,0.28282958,0
-0.70738113,0.56328976,-1.1201372,0.28313261,0.37818778,-0.88136816,0
-0.80172837,0.36000001,-0.30204254,-0.32498431,0.90243703,0.28282958,0
1.8405007,-0.14536881,0.81080675,0.32498431,-0.90243703,-0.28282958,0
-0.085441038,0.39776853,0.40049547,-0.32498431,0.90243703,0.28282958,0
1.8636593,0.37053633,0.6391952,0.90234196,0.20635259,0.37841445,0
-1.1110349,0.33421925,-0.57519013,-0.32498431,0.90243703,0.28282958,0
0.25086081,0.077607483,-1.0207118,0.28313261,0.37818778,-0.88136816,0
-1.530787,-0.18288016,-1.5352707,-0.90234196,-0.20635259,-0.37841445,0
0.45766157,0.49172211,0.72476375,-0.32498431,0.90243703,0.28282958,0
1.8039769,1.1036307,-0.081527472,0.28313261,0.37818778,-0.88136816,0
1.5054247,1.0801512,-0.1875096,0.28313261,0.37818778,-0.88136816,0
-1.7498181,-0.38584054,-0.90230799,-0.90234196,-0.20635259,-0.37841445,0
-1.9168301,-0.10671628,-0.65627098,-0.90234196,-0.20635259,-0.37841445,0
-0.70129031,0.15731001,-1.2923832,0.28313261,0.37818778,-0.88136816,0
1.7019376,0.64951086,0.87269914,0.90234196,0.20635259,0.37841445,0
-0.44985855,-0.57417697,0.74371141,-0.28313261,-0.37818778,0.88136816,0
-1.8757967,-0.32181063,-0.63682389,-0.90234196,-0.20635259,-0.37841445,0
-0.15032095,0.21031925,0.92404819,-0.32498431,0.90243703,0.28282958,0
1.3191402,0.82104945,0.66384327,-0.32498431,0.90243703,0.28282958,0
1.3733732,0.48988253,-0.48320955,0.28313261,0.37818778,-0.88136816,0
1.9596783,0.91626722,0.11264312,0.90234196,0.20635259,0.37841445,0
-0.51009452,0.39849591,-1.127472,0.28313261,0.37818778,-0.88136816,0
1.2489367,0.9126991,-0.34175679,0.28313261,0.37818778,-0.88136816,0
2.1072998,0.55073655,-0.040038109,0.90234196,0.20635259,0.37841445,0
1.2748737,0.66187108,-0.44105285,0.28313261,0.37818778,-0.88136816,0
1.9886568,0.14841643,0.4622587,0.90234196,0.20635259,0.37841445,0
1.9881723,0.75486833,0.13271046,0.90234196,0.20635259,0.37841445,0
-1.813724,-0.17898339,-0.86272311,-0.90234196,-0.20635259,-0.37841445,0
-0.74804741,0.34912297,-1.2250981,0.28313261,0.37818778,-0.88136816,0
-1.8172146,-0.30586681,-0.7852087,-0.90234196,-0.20635259,-0.37841445,0
-0.29557809,0.299402,0.47290063,-0.32498431,0.90243703,0.28282958,0
-1.5151906,-0.21122606,0.55722106,-0.28313261,-0.37818778,0.88136816,0
1.721168,-0.33888125,1.3658215,0.90234196,0.20635259,0.37841445,0
1.1678882,0.46520936,1.6254427,-0.32498431,0.90243703,0.28282958,0
-0.32071555,0.24198975,0.62720436,-0.32498431,0.90243703,0.28282958,0
-1.4370353,-1.0108483,-0.19371033,0.32498431,-0.90243703,-0.28282958,0
1.95191,0.85442787,-0.14093578,0.28313261,0.37818778,-0.88136816,0
0.13683878,0.60870469,-0.01713825,-0.32498431,0.90243703,0.28282958,0
-1.8713831,-0.80609661,-0.38326287,-0.90234196,-0.20635259,-0.37841445,0
-1.7538559,0.060496509,-1.1360705,-0.90234196,-0.20635259,-0.37841445,0
-1.550903,-1.092579,0.16756749,-0.28313261,-0.37818778,0.88136816,0
-1.6258485,-1.1178815,-0.069150448,0.32498431,-0.90243703,-0.28282958,0
-1.1629426,-0.80996609,-0.5197295,0.32498431,-0.90243703,-0.28282958,0
1.9244977,0.1499989,0.61438501,0.90234196,0.20635259,0.37841445,0
-0.24113646,0.7151503,-0.79109025,-0.32498431,0.90243703,0.28282958,0
1.5741506,0.23634386,1.4027148,0.90234196,0.20635259,0.37841445,0
-1.7240968,-0.71229374,-0.78562331,-0.90234196,-0.20635259,-0.37841445,0
-1.9946413,-0.21558124,-0.41136217,-0.90234196,-0.20635259,-0.37841445,0
2.1833394,0.36901015,-0.12226021,0.90234196,0.20635259,0.37841445,0
1.2467618,0.92438906,0.25094676,-0.32498431,0.90243703,0.28282958,0
1.1433985,0.5248906,1.4068755,-0.32498431,0.90243703,0.28282958,0
-1.9113407,-1.2046652,0.0036845207,-0.28313261,-0.37818778,0.88136816,0
-0.34256464,-0.79928505,0.38884309,0.32498431,-0.90243703,-0.28282958,0
1.6357688,-0.27473572,0.98833704,0.32498431,-0.90243703,-0.28282958,0
1.2184434,-0.22978669,1.4274154,-0.28313261,-0.37818778,0.88136816,0
-1.4660947,0.32602748,-1.4656752,0.28313261,0.37818778,-0.88136816,0
-1.7997447,-0.38622212,-0.78304827,-0.90234196,-0.20635259,-0.37841445,0
1.1771574,-0.38664225,1.3468472,-0.28313261,-0.37818778,0.88136816,0
-1.9933587,-0.25606245,-0.39234614,-0.90234196,-0.20635259,-0.37841445,0
0.17933437,0.72212148,-0.33019292,-0.32498431,0.90243703,0.28282958,0
0.59944725,-0.61717641,0.89019626,0.32498431,-0.90243703,-0.28282958,0
-1.9031498,-0.24662855,-0.61259651,-0.90234196,-0.20635259,-0.37841445,0
1.6588674,0.14233819,-0.31589794,0.32498431,-0.90243703,-0.28282958,0
-1.2995818,-0.78887564,-0.74402821,0.32498431,-0.90243703,-0.28282958,0
-0.34144139,-0.70926476,0.10290188,0.32498431,-0.90243703,-0.28282958,0
-1.0808384,0.21445113,-0.15834367,-0.32498431,0.90243703,0.28282958,0
-2.0390036,-0.36546707,-0.22384512,-0.90234196,-0.20635259,-0.37841445,0
1.8864377,0.47110686,-0.32644808,0.28313261,0.37818778,-0.88136816,0
1.6194975,-0.15373343,1.5072958,0.90234196,0.20635259,0.37841445,0
-1.4147778,-0.46832937,-1.6562407,-0.90234196,-0.20635259,-0.37841445,0
-1.007811,-0.59422874,-1.0298383,0.32498431,-0.90243703,-0.28282958,0
1.7017082,0.40677154,1.0056139,0.90234196,0.20635259,0.37841445,0
-0.41504699,0.11610912,0.92046618,-0.32498431,0.90243703,0.28282958,0
1.4279172,0.60099244,1.490979,-0.32498431,0.90243703,0.28282958,0
-1.8939691,-0.84421575,-0.30861938,-0.90234196,-0.20635259,-0.37841445,0
1.5370787,0.35422939,1.4268295,0.90234196,0.20635259,0.37841445,0
1.6415694,-0.33188972,1.1773661,0.32498431,-0.90243703,-0.28282958,0
-0.90845197,0.26260588,-1.3137506,0.28313261,0.37818778,-0.88136816,0
-1.14439,-1.021,0.32887048,-0.28313261,-0.37818778,0.88136816,0
-1.5365722,-0.030902863,0.10085905,-0.32498431,0.90243703,0.28282958,0
1.4019125,1.1019163,-0.13722223,-0.32498431,0.90243703,0.28282958,0
-0.63840401,0.060024545,-1.3139257,0.28313261,0.37818778,-0.88136816,0
-0.89194781,0.30660105,-0.23532641,-0.32498431,0.90243703,0.28282958,0
1.8389705,0.3931224,0.68575013,0.90234196,0.20635259,0.37841445,0
-1.7855178,-0.17415908,-0.93261242,-0.90234196,-0.20635259,-0.37841445,0
1.4838176,0.40529221,1.5259875,0.90234196,0.20635259,0.37841445,0
2.0454035,0.20217699,-0.062680364,0.32498431,-0.90243703,-0.28282958,0
-1.9216208,-0.39974475,-0.4850564,-0.90234196,-0.20635259,-0.37841445,0
0.61897111,0.81537223,-0.12256917,-0.32498431,0.90243703,0.28282958,0
1.6664596,0.76573551,0.89391923,0.90234196,0.20635259,0.37841445,0
1.5409913,0.55444074,1.3083235,0.90234196,0.20635259,0.37841445,0
-1.9243734,-0.8938719,-0.20904136,-0.90234196,-0.20635259,-0.37841445,0
1.3141661,-0.091698974,0.034777045,0.32498431,-0.90243703,-0.28282958,0
-0.69707495,0.42646191,-0.39385384,-0.32498431,0.90243703,0.28282958,0
1.7435237,0.93615943,0.61722374,0.90234196,0.20635259,0.37841445,0
2.1801431,0.33549237,-0.096360922,0.90234196,0.20635259,0.37841445,0
1.894438,1.0971514,0.16957283,0.90234196,0.20635259,0.37841445,0
-0.59446889,0.52120107,-1.1019249,0.28313261,0.37818778,-0.88136816,0
-1.3868189,0.47663388,-1.3464876,-0.32498431,0.90243703,0.28282958,0
0.59098613,0.29499522,-0.81816983,0.28313261,0.37818778,-0.88136816,0
0.7462185,0.20849347,1.4637792,-0.28313261,-0.37818778,0.88136816,0
-2.1059802,-0.18933955,-0.16018093,-0.90234196,-0.20635259,-0.37841445,0
0.79875714,-0.087285861,-0.57153308,0.32498431,-0.90243703,-0.28282958,0
-1.5892372,-0.4227857,-1.2650716,-0.90234196,-0.20635259,-0.37841445,0
-2.1661975,-0.32223737,0.055879354,-0.90234196,-0.20635259,-0.37841445,0
-2.1301904,-0.3883625,0.0060777664,-0.90234196,-0.20635259,-0.37841445,0
-1.6281805,0.14976913,-1.484429,-0.90234196,-0.20635259,-0.37841445,0
0.55039299,0.68112248,-0.66552609,0.28313261,0.37818778,-0.88136816,0
-2.0188532,-0.58715713,-0.15100467,-0.90234196,-0.20635259,-0.37841445,0
1.5313605,0.6173355,1.2969911,0.90234196,0.20635259,0.37841445,0
-2.0354931,-0.33887887,-0.24671459,-0.90234196,-0.20635259,-0.37841445,0
-1.3168274,-0.35828698,-1.711358,0.28313261,0.37818778,-0.88136816,0
1.0317799,0.56404305,1.1536947,-0.32498431,0.90243703,0.28282958,0
1.573717,0.26934379,1.3857536,0.90234196,0.20635259,0.37841445,0
0.58136904,-0.26912263,1.2058816,-0.28313261,-0.37818778,0.88136816,0
0.95820117,0.011424124,1.4473162,-0.28313261,-0.37818778,0.88136816,0
0.69846976,0.21183532,1.4498743,-0.28313261,-0.37818778,0.88136816,0
-0.2180379,0.16434541,0.99292898,-0.32498431,0.90243703,0.28282958,0
-1.854725,-0.18157756,-0.76353991,-0.90234196,-0.20635259,-0.37841445,0
2.1630349,0.41824582,-0.2602756,0.28313261,0.37818778,-0.88136816,0
1.7377083,-0.022396863,1.1537994,0.90234196,0.20635259,0.37841445,0
1.6702043,0.048613846,1.276042,0.90234196,0.20635259,0.37841445,0
-2.0648565,-0.61816502,-0.024398923,-0.90234196,-0.20635259,-0.37841445,0
1.2092805,0.72810119,-0.43370554,0.28313261,0.37818778,-0.88136816,0
-1.4297209,-0.68102854,0.38308913,-0.28313261,-0.37818778,0.88136816,0
1.0303957,-0.43805739,0.81385303,0.32498431,-0.90243703,-0.28282958,0
0.91031229,-0.095968962,-0.41564536,0.32498431,-0.90243703,-0.28282958,0
1.5212409,0.33311433,1.4761097,0.90234196,0.20635259,0.37841445,0
-1.9779687,-0.96052098,-0.044897318,-0.90234196,-0.20635259,-0.37841445,0
1.8895693,0.3445552,0.59157968,0.90234196,0.20635259,0.37841445,0
1.496683,0.13158461,1.6445647,0.90234196,0.20635259,0.37841445,0
1.565078,0.46793512,1.2980593,0.90234196,0.20635259,0.37841445,0
1.1012154,-0.07474044,1.456286,-0.28313261,-0.37818778,0.88136816,0
0.30824092,-0.35138038,-0.29250067,0.32498431,-0.90243703,-0.28282958,0
1.8173053,-0.16732228,0.85420239,0.32498431,-0.90243703,-0.28282958,0
-0.95351243,0.41150728,-1.2643335,0.28313261,0.37818778,-0.88136816,0
1.4513623,0.58284593,1.5065567,0.90234196,0.20635259,0.37841445,0
-1.7988191,-0.9284445,-0.48957622,-0.90234196,-0.20635259,-0.37841445,0
-1.0745108,0.52926278,-1.2526755,0.28313261,0.37818778,-0.88136816,0
0.61537206,-0.2875075,1.2089157,-0.28313261,-0.37818778,0.88136816,0
1.8803489,0.84841645,0.33880639,0.90234196,0.20635259,0.37841445,0
1.5513515,0.78895682,1.0330642,-0.32498431,0.90243703,0.28282958,0
0.22138929,0.277886,-0.94424134,0.28313261,0.37818778,-0.88136816,0
-1.9485822,-0.26047224,0.35993785,-0.32498431,0.90243703,0.28282958,0
0.067050815,0.22143519,-1.0180439,0.28313261,0.37818778,-0.88136816,0
-0.4752453,-0.31964949,-1.294008,0.32498431,-0.90243703,-0.28282958,0
1.7117784,0.16250047,1.1148036,0.90234196,0.20635259,0.37841445,0
1.0439711,0.33936322,-0.6536141,0.28313261,0.37818778,-0.88136816,0
0.47374561,-0.68960637,0.97686464,0.32498431,-0.90243703,-0.28282958,0
2.2316403,0.37646329,-0.24149966,0.90234196,0.20635259,0.37841445,0
1.5011153,0.50539607,-0.43551672,0.28313261,0.37818778,-0.88136816,0
1.7735364,0.019663393,1.0454301,0.90234196,0.20635259,0.37841445,0
-2.1226537,-0.63852537,0.12452257,-0.90234196,-0.20635259,-0.37841445,0
0.26854366,-0.11916874,1.1697327,-0.28313261,-0.37818778,0.88136816,0
-1.9769365,-0.49996683,0.28499258,-0.28313261,-0.37818778,0.88136816,0
1.863714,1.1567792,0.21031964,0.90234196,0.20635259,0.37841445,0
-0.97965741,-0.83595037,0.46119285,-0.28313261,-0.37818778,0.88136816,0
-1.8364019,-0.37270555,-0.70300817,-0.90234196,-0.20635259,-0.37841445,0
1.9936106,0.75568211,0.11929846,0.90234196,0.20635259,0.37841445,0
1.7463259,0.41673937,0.89378583,0.90234196,0.20635259,0.37841445,0
-1.8064656,0.12809783,-1.0474849,-0.90234196,-0.20635259,-0.37841445,0
-0.7608453,-0.48782933,-1.085557,0.32498431,-0.90243703,-0.28282958,0
-1.3803406,-0.32126775,0.55332255,-0.28313261,-0.37818778,0.88136816,0
1.5895022,0.60697651,1.1639992,0.90234196,0.20635259,0.37841445,0
0.058026254,0.10963827,1.200285,-0.28313261,-0.37818778,0.88136816,0
-0.3468461,0.03947515,1.0401163,-0.28313261,-0.37818778,0.88136816,0
-2.0339949,-0.42949492,-0.20087349,-0.90234196,-0.20635259,-0.37841445,0
2.131043,0.44228321,-0.03751421,0.90234196,0.20635259,0.37841445,0
-1.7675591,-0.93692315,0.1647591,-0.28313261,-0.37818778,0.88136816,0
0.34633547,0.20987859,-0.93328482,0.28313261,0.37818778,-0.88136816,0
-0.65499556,0.062503844,-1.3181918,0.28313261,0.37818778,-0.88136816,0
-1.7202789,-1.0049605,-0.53795719,0.32498431,-0.90243703,-0.28282958,0
1.3035423,-0.22311658,0.44188994,0.32498431,-0.90243703,-0.28282958,0
1.7711189,-0.098317206,1.1155306,0.90234196,0.20635259,0.37841445,0
2.0566225,0.17552742,0.28540778,0.90234196,0.20635259,0.37841445,0
-1.80971,-1.0699424,-0.38644731,-0.90234196,-0.20635259,-0.37841445,0
-0.67639863,-0.50343138,-0.93874145,0.32498431,-0.90243703,-0.28282958,0
-1.1493182,-0.7429384,-0.71794242,0.32498431,-0.90243703,-0.28282958,0
0.044485927,-0.24921747,-0.92154324,0.32498431,-0.90243703,-0.28282958,0
1.8937325,0.82954222,0.31718493,0.90234196,0.20635259,0.37841445,0
-1.6687444,-0.039676338,-0.023019075,-0.32498431,0.90243703,0.28282958,0
-0.35377774,0.50404423,-0.24693465,-0.32498431,0.90243703,0.28282958,0
-2.0710602,-0.2733964,-0.1976124,-0.90234196,-0.20635259,-0.37841445,0
-1.5425012,-1.101109,0.16660631,-0.28313261,-0.37818778,0.88136816,0
0.76018095,0.082781285,1.4143225,-0.28313261,-0.37818778,0.88136816,0
-1.9136255,-1.1979582,-0.068849087,-0.90234196,-0.20635259,-0.37841445,0
1.0470073,0.9048391,-0.4099977,0.28313261,0.37818778,-0.88136816,0
-1.0927126,0.17854965,-0.057435215,-0.32498431,0.90243703,0.28282958,0
-1.5298889,-1.010646,0.20947492,-0.28313261,-0.37818778,0.88136816,0
1.890614,0.22790243,-0.32262373,0.32498431,-0.90243703,-0.28282958,0
-1.1483874,-0.90012789,-0.21532148,0.32498431,-0.90243703,-0.28282958,0
0.80323714,0.16528624,1.4635559,-0.28313261,-0.37818778,0.88136816,0
1.8600452,-0.087548971,0.8976109,0.90234196,0.20635259,0.37841445,0
-1.0633969,-0.59070182,-1.1049631,0.32498431,-0.90243703,-0.28282958,0
1.071611,-0.31315944,1.3444721,-0.28313261,-0.37818778,0.88136816,0
1.8746127,1.0215905,0.25805104,0.90234196,0.20635259,0.37841445,0
1.6984317,0.59960115,0.90827513,0.90234196,0.20635259,0.37841445,0
-1.8072051,-0.8833124,-0.49419105,-0.90234196,-0.20635259,-0.37841445,0
-1.8678119,-0.77128369,-0.41076219,-0.90234196,-0.20635259,-0.37841445,0
-0.65942144,-0.54101682,-0.79930848,0.32498431,-0.90243703,-0.28282958,0
0.023199975,0.66000009,-0.31138498,-0.32498431,0.90243703,0.28282958,0
-0.5621081,0.66910952,-1.0129974,-0.32498431,0.90243703,0.28282958,0
1.8333666,0.6689828,0.54868364,0.90234196,0.20635259,0.37841445,0
-0.43190661,-0.79678816,0.27821797,0.32498431,-0.90243703,-0.28282958,0
0.11517256,0.0038834289,1.1732641,-0.28313261,-0.37818778,0.88136816,0
-0.37474924,0.23955953,0.57287139,-0.32498431,0.90243703,0.28282958,0
1.2230411,0.16455244,1.5980999,-0.28313261,-0.37818778,0.88136816,0
-0.82298118,0.52602518,-1.1732626,0.28313261,0.37818778,-0.88136816,0
-0.22884497,0.35763004,0.36378932,-0.32498431,0.90243703,0.28282958,0
2.1775312,0.45340604,-0.15443242,0.90234196,0.20635259,0.37841445,0
1.2581224,-0.067791313,1.5096729,-0.28313261,-0.37818778,0.88136816,0
1.4539715,-0.39036471,1.1483862,0.32498431,-0.90243703,-0.28282958,0
-1.7546982,-0.26474971,-0.95670271,-0.90234196,-0.20635259,-0.37841445,0
1.5559882,0.38300949,1.3660456,0.90234196,0.20635259,0.37841445,0
-1.5954642,-0.10085118,-1.425777,-0.90234196,-0.20635259,-0.37841445,0
1.6785811,0.59714866,0.95694685,0.90234196,0.20635259,0.37841445,0
-1.5901332,-0.17016521,-1.4006912,-0.90234196,-0.20635259,-0.37841445,0
-0.54220629,-0.9025296,0.48887241,0.32498431,-0.90243703,-0.28282958,0
0.99648464,-0.34530479,0.47893775,0.32498431,-0.90243703,-0.28282958,0
-1.5985234,0.14914733,-1.5548083,-0.90234196,-0.20635259,-0.37841445,0
-1.4955995,-0.43919885,-1.4794037,-0.90234196,-0.20635259,-0.37841445,0
-0.71829402,-0.81745732,0.015095234,0.32498431,-0.90243703,-0.28282958,0
1.0947052,0.35581386,1.6389416,-0.28313261,-0.37818778,0.88136816,0
-1.8007368,-0.92726028,-0.48565006,-0.90234196,-0.20635259,-0.37841445,0
-2.2335448,-0.32470834,0.2178185,-0.90234196,-0.20635259,-0.37841445,0
1.776531,0.27256235,0.90038192,0.90234196,0.20635259,0.37841445,0
-0.99007982,-0.76636034,0.48770526,-0.28313261,-0.37818778,0.88136816,0
-0.22392768,-0.16213641,-1.2761059,0.28313261,0.37818778,-0.88136816,0
-2.0950556,-0.55315781,0.012162089,-0.90234196,-0.20635259,-0.37841445,0
-1.7912142,-0.16456994,-0.92425799,-0.90234196,-0.20635259,-0.37841445,0
0.45101231,0.23060369,-0.89076519,0.28313261,0.37818778,-0.88136816,0
1.1084595,0.97689581,-0.35933775,0.28313261,0.37818778,-0.88136816,0
1.0055966,0.49099892,-0.60087591,0.28313261,0.37818778,-0.88136816,0
-1.9412879,0.045143545,-0.68076098,-0.90234196,-0.20635259,-0.37841445,0
-1.4520975,-0.16767457,-1.6730224,0.28313261,0.37818778,-0.88136816,0
-1.6710503,-0.35214698,-1.1085054,-0.90234196,-0.20635259,-0.37841445,0
0.2726863,0.029553011,1.2348789,-0.28313261,-0.37818778,0.88136816,0
0.64928889,-0.30529374,1.2121794,-0.28313261,-0.37818778,0.88136816,0
1.2738063,-0.32075363,0.71925688,0.32498431,-0.90243703,-0.28282958,0
-0.25895882,-0.86016893,0.67917478,0.32498431,-0.90243703,-0.28282958,0
1.2893013,0.52468032,-0.49528563,0.28313261,0.37818778,-0.88136816,0
-1.5842855,0.13667312,-1.5819565,-0.90234196,-0.20635259,-0.37841445,0
-0.9319315,-0.46314263,-1.3609118,0.32498431,-0.90243703,-0.28282958,0
0.88225394,-0.17246535,-0.2038053,0.32498431,-0.90243703,-0.28282958,0
-1.5224741,-0.77697098,-1.0381266,0.32498431,-0.90243703,-0.28282958,0
0.57376456,0.62110281,0.44535071,-0.32498431,0.90243703,0.28282958,0
0.14210713,0.67126822,-0.8009131,0.28313261,0.37818778,-0.88136816,0
-1.9475504,-0.13943934,-0.56517291,-0.90234196,-0.20635259,-0.37841445,0
-0.94174719,-0.017865688,-1.4447944,0.28313261,0.37818778,-0.88136816,0
-1.3793283,-1.1165451,0.21240091,-0.28313261,-0.37818778,0.88136816,0
1.6657268,0.31496477,1.1414754,0.90234196,0.20635259,0.37841445,0
-0.1488319,0.21194361,0.92057633,-0.32498431,0.90243703,0.28282958,0
-0.24849838,0.55740476,-0.29622361,-0.32498431,0.90243703,0.28282958,0
-1.7873876,-0.2498922,0.4531886,-0.28313261,-0.37818778,0.88136816,0
1.5884268,0.42029661,1.2683612,0.90234196,0.20635259,0.37841445,0
-1.2826676,-0.59430295,0.46754217,-0.28313261,-0.37818778,0.88136816,0
-1.7808886,-1.0216596,0.12411726,-0.28313261,-0.37818778,0.88136816,0
-1.7772725,-0.37036815,-0.84527946,-0.90234196,-0.20635259,-0.37841445,0
1.6243862,0.83655035,-0.25382143,0.28313261,0.37818778,-0.88136816,0
1.6454401,0.78591478,-0.26878524,0.28313261,0.37818778,-0.88136816,0
-1.2815688,-1.0918009,0.25442284,-0.28313261,-0.37818778,0.88136816,0
-0.36339056,-0.083283067,-1.2870719,0.28313261,0.37818778,-0.88136816,0
2.2092988,0.37468898,-0.26410365,0.28313261,0.37818778,-0.88136816,0
1.3012061,0.50329304,1.6571159,-0.32498431,0.90243703,0.28282958,0
-0.71550035,-0.51181984,-0.95690578,0.32498431,-0.90243703,-0.28282958,0
0.63628209,0.58147192,0.64363813,-0.32498431,0.90243703,0.28282958,0
1.8782901,0.13722327,-0.047450542,0.32498431,-0.90243703,-0.28282958,0
-0.13161075,0.58368945,-0.24578196,-0.32498431,0.90243703,0.28282958,0
1.8871005,0.031504869,0.7681756,0.90234196,0.20635259,0.37841445,0
1.6271918,0.48421735,1.1410685,0.90234196,0.20635259,0.37841445,0
0.92512232,-0.3677842,0.46866518,0.32498431,-0.90243703,-0.28282958,0
1.0591062,0.37460387,1.6355684,-0.28313261,-0.37818778,0.88136816,0
1.2783431,0.54404706,1.5008097,-0.32498431,0.90243703,0.28282958,0
-1.5126159,-0.68077374,-1.3070946,-0.90234196,-0.20635259,-0.37841445,0
0.98017865,-0.28264931,0.26028377,0.32498431,-0.90243703,-0.28282958,0
2.1626511,0.4197849,-0.10061646,0.90234196,0.20635259,0.37841445,0
1.7192868,0.91384917,0.68718326,0.90234196,0.20635259,0.37841445,0
1.6699787,0.44709945,1.0592823,0.90234196,0.20635259,0.37841445,0
-1.243328,-0.71051586,-0.9294163,0.32498431,-0.90243703,-0.28282958,0
-0.10193616,0.51464212,-0.94651693,0.28313261,0.37818778,-0.88136816,0
0.94781423,0.85984671,0.11338031,-0.32498431,0.90243703,0.28282958,0
0.90138453,0.97184062,-0.29731351,-0.32498431,0.90243703,0.28282958,0
1.3782054,-0.21711335,0.50852668,0.32498431,-0.90243703,-0.28282958,0
-0.12423474,0.058854546,1.1199441,-0.28313261,-0.37818778,0.88136816,0
-1.7343818,-0.91813773,-0.64884996,-0.90234196,-0.20635259,-0.37841445,0
1.3905756,0.50303918,1.6950243,0.90234196,0.20635259,0.37841445,0
1.7498894,0.4662368,0.85829723,0.90234196,0.20635259,0.37841445,0
1.8072135,1.0164242,-0.11790723,0.28313261,0.37818778,-0.88136816,0
-0.14588517,-0.23671083,0.98616439,-0.28313261,-0.37818778,0.88136816,0
-1.6978685,-0.5666973,-0.92756069,-0.90234196,-0.20635259,-0.37841445,0
-1.6994027,-1.0395793,-0.40350974,0.32498431,-0.90243703,-0.28282958,0
1.611207,0.9534682,0.57692719,-0.32498431,0.90243703,0.28282958,0
-0.26144123,0.72986883,-0.86138439,-0.32498431,0.90243703,0.28282958,0
-0.90199059,-0.74877965,0.52354693,-0.28313261,-0.37818778,0.88136816,0
0.49911311,0.63881242,0.30306572,-0.32498431,0.90243703,0.28282958,0
-1.8297966,-0.15324339,-0.83843374,-0.90234196,-0.20635259,-0.37841445,0
-1.5314822,-0.41695204,0.46371219,-0.28313261,-0.37818778,0.88136816,0
-1.7411045,0.30503023,-1.2998232,-0.90234196,-0.20635259,-0.37841445,0
0.53707385,0.60796452,-0.70119619,0.28313261,0.37818778,-0.88136816,0
-1.0746795,-0.69495308,-0.78528786,0.32498431,-0.90243703,-0.28282958,0
-0.80510896,-0.14275126,0.81471127,-0.28313261,-0.37818778,0.88136816,0
-1.4107926,-0.49839014,-1.6493512,-0.90234196,-0.20635259,-0.37841445,0
-1.5131805,0.18995935,-1.5391868,0.28313261,0.37818778,-0.88136816,0
-1.809137,-0.70157427,-0.5886879,-0.90234196,-0.20635259,-0.37841445,0
1.745626,0.79654336,0.68834436,0.90234196,0.20635259,0.37841445,0
-1.5718198,-0.19831672,-1.4290086,-0.90234196,-0.20635259,-0.37841445,0
1.6970894,-0.15834093,1.3247882,0.90234196,0.20635259,0.37841445,0
-1.3923594,-0.44430661,-1.722798,-0.90234196,-0.20635259,-0.37841445,0
1.8844451,0.84010184,0.33357286,0.90234196,0.20635259,0.37841445,0
1.6578252,-0.047311991,1.3578694,0.90234196,0.20635259,0.37841445,0
-1.5521919,-0.52207166,-1.2992663,-0.90234196,-0.20635259,-0.37841445,0
1.8816959,-0.020762861,0.80956507,0.90234196,0.20635259,0.37841445,0
1.4293048,0.34776944,1.687343,0.90234196,0.20635259,0.37841445,0
-1.5155295,-0.14623787,0.49304283,-0.32498431,0.90243703,0.28282958,0
0.81302983,0.5890224,0.82263809,-0.32498431,0.90243703,0.28282958,0
0.66647029,-0.42272288,0.34675729,0.32498431,-0.90243703,-0.28282958,0
1.4590366,0.23538184,-0.56489503,0.28313261,0.37818778,-0.88136816,0
-1.6236901,0.18446541,-1.514057,-0.90234196,-0.20635259,-0.37841445,0
-1.6269307,-0.11572787,-1.3426313,-0.90234196,-0.20635259,-0.37841445,0
0.40465552,-0.42319608,1.083002,-0.28313261,-0.37818778,0.88136816,0
-0.11186057,0.6724388,-0.88199592,0.28313261,0.37818778,-0.88136816,0
1.3560436,0.99731565,-0.27104133,0.28313261,0.37818778,-0.88136816,0
1.3576066,1.0582637,-0.048847139,-0.32498431,0.90243703,0.28282958,0
1.8594329,0.23011991,-0.36552793,0.32498431,-0.90243703,-0.28282958,0
-1.8344246,-0.7722522,-0.48984718,-0.90234196,-0.20635259,-0.37841445,0
0.60321224,-0.35126132,0.046055198,0.32498431,-0.90243703,-0.28282958,0
1.5213541,0.30262369,1.4924664,0.90234196,0.20635259,0.37841445,0
0.69501334,0.90519845,-0.3218056,-0.32498431,0.90243703,0.28282958,0
0.36175478,-0.23505576,-0.60217297,0.32498431,-0.90243703,-0.28282958,0
1.192867,-0.2952247,0.54479736,0.32498431,-0.90243703,-0.28282958,0
0.75461161,-0.45599729,0.55420595,0.32498431,-0.90243703,-0.28282958,0
0.062281549,-0.44999555,0.96151763,-0.28313261,-0.37818778,0.88136816,0
-1.7955824,-0.40639246,-0.78197408,-0.90234196,-0.20635259,-0.37841445,0
-0.28981271,0.42716926,0.071852654,-0.32498431,0.90243703,0.28282958,0
1.8289185,0.8107549,0.4819808,0.90234196,0.20635259,0.37841445,0
-0.55570185,-0.50062907,-0.80899668,0.32498431,-0.90243703,-0.28282958,0
-0.66719842,0.22789924,0.27403861,-0.32498431,0.90243703,0.28282958,0
-0.41717118,-0.4205299,-0.90539467,0.32498431,-0.90243703,-0.28282958,0
2.2040534,0.37235174,-0.17347586,0.90234196,0.20635259,0.37841445,0
-1.6720424,-0.31086174,-1.1286532,-0.90234196,-0.20635259,-0.37841445,0
1.2017568,0.21398672,-0.65672469,0.28313261,0.37818778,-0.88136816,0
-1.433461,0.43274325,-1.4094012,0.28313261,0.37818778,-0.88136816,0
-1.756573,-0.24260877,-0.96430624,-0.90234196,-0.20635259,-0.37841445,0
-1.5201417,-1.0495981,-0.16556311,0.32498431,-0.90243703,-0.28282958,0
-1.849896,-0.089393616,-0.8253237,-0.90234196,-0.20635259,-0.37841445,0
0.25015044,0.14722225,-0.99106884,0.28313261,0.37818778,-0.88136816,0
0.76700699,-0.059981257,1.355257,-0.28313261,-0.37818778,0.88136816,0
0.465455,0.50716549,-0.76745522,0.28313261,0.37818778,-0.88136816,0
0.42021483,0.18668655,-0.91950315,0.28313261,0.37818778,-0.88136816,0
-0.86932516,-0.70796359,-0.50781298,0.32498431,-0.90243703,-0.28282958,0
-0.77244878,0.29119939,-0.048873484,-0.32498431,0.90243703,0.28282958,0
-0.35246465,-0.092631981,-1.2875736,0.28313261,0.37818778,-0.88136816,0
-1.9719533,-0.069031835,-0.54537737,-0.90234196,-0.20635259,-0.37841445,0
-1.6967461,-0.9699837,0.17332107,-0.28313261,-0.37818778,0.88136816,0
0.75119692,-0.33821282,0.17446196,0.32498431,-0.90243703,-0.28282958,0
1.4132321,0.79873288,0.84316576,-0.32498431,0.90243703,0.28282958,0
0.26780289,0.63434023,-0.77637982,0.28313261,0.37818778,-0.88136816,0
-1.1082321,0.00072753429,-1.4902983,0.28313261,0.37818778,-0.88136816,0
1.7931833,0.23815754,0.87943459,0.90234196,0.20635259,0.37841445,0
1.0666082,0.70348084,0.7488035,-0.32498431,0.90243703,0.28282958,0
-0.58089066,0.63159567,-0.91488206,-0.32498431,0.90243703,0.28282958,0
-0.23408997,-0.7120446,0.75386757,-0.28313261,-0.37818778,0.88136816,0
1.2949672,-0.096724868,1.5090936,-0.28313261,-0.37818778,0.88136816,0
-1.8228936,-0.89814544,-0.44869232,-0.90234196,-0.20635259,-0.37841445,0
0.24659446,-0.54200673,0.98124558,-0.28313261,-0.37818778,0.88136816,0
-1.4290707,-0.44556171,-1.6345745,-0.90234196,-0.20635259,-0.37841445,0
1.2732604,-0.42943096,1.0653911,0.32498431,-0.90243703,-0.28282958,0
-0.8639437,-0.87879097,0.4799825,-0.28313261,-0.37818778,0.88136816,0
0.71862459,0.76301551,0.15899438,-0.32498431,0.90243703,0.28282958,0
-0.98587871,0.328134,-1.3105056,0.28313261,0.37818778,-0.88136816,0
-1.9414885,-1.1154555,-0.047397971,-0.90234196,-0.20635259,-0.37841445,0
-1.6350312,-0.51002192,-1.1083039,-0.90234196,-0.20635259,-0.37841445,0
1.7925695,0.63218015,0.66603446,0.90234196,0.20635259,0.37841445,0
1.4044777,0.76154286,0.95177042,-0.32498431,0.90243703,0.28282958,0
-1.4944322,0.052965581,-0.11832291,-0.32498431,0.90243703,0.28282958,0
-1.3482991,0.44103965,-1.3784834,0.28313261,0.37818778,-0.88136816,0
-1.2960229,-0.62759745,0.44896528,-0.28313261,-0.37818778,0.88136816,0
-0.71471608,0.34811428,-0.16413689,-0.32498431,0.90243703,0.28282958,0
-2.0913072,-0.59516168,0.20740473,-0.28313261,-0.37818778,0.88136816,0
0.96816528,-0.42599344,0.70385438,0.32498431,-0.90243703,-0.28282958,0
1.3139479,0.74987948,-0.39073703,0.28313261,0.37818778,-0.88136816,0
-1.8778496,-0.56572437,-0.49891996,-0.90234196,-0.20635259,-0.37841445,0
-1.6339072,-0.80149525,-0.95204127,-0.90234196,-0.20635259,-0.37841445,0
-0.2118001,0.53787446,-0.19173947,-0.32498431,0.90243703,0.28282958,0
0.7045449,0.26841435,1.4761034,-0.28313261,-0.37818778,0.88136816,0
1.2808425,0.0087493062,-0.32401794,0.32498431,-0.90243703,-0.28282958,0
-0.59233254,-0.4227221,-1.0996683,0.32498431,-0.90243703,-0.28282958,0
0.94207919,0.81774271,0.24113375,-0.32498431,0.90243703,0.28282958,0
-0.47296494,-0.081856593,0.94753921,-0.28313261,-0.37818778,0.88136816,0
0.78029644,0.81127745,0.07586658,-0.32498431,0.90243703,0.28282958,0
-1.5999751,-0.32070696,-1.2951314,-0.90234196,-0.20635259,-0.37841445,0
0.85366499,0.96423799,-0.32788759,-0.32498431,0.90243703,0.28282958,0
-0.58404136,0.052304804,-1.2997746,0.28313261,0.37818778,-0.88136816,0
1.2779875,0.76021564,0.81066239,-0.32498431,0.90243703,0.28282958,0
-1.9069591,-0.10164452,-0.68257451,-0.90234196,-0.20635259,-0.37841445,0
0.86163396,-0.15954822,-0.2687138,0.32498431,-0.90243703,-0.28282958,0
-1.5172381,-0.053431332,-1.638168,-0.90234196,-0.20635259,-0.37841445,0
1.9149926,0.11000004,0.65886164,0.90234196,0.20635259,0.37841445,0
-1.6886129,-0.97027791,-0.61223471,0.32498431,-0.90243703,-0.28282958,0
0.68285823,-0.44038665,1.1649961,-0.28313261,-0.37818778,0.88136816,0
0.44350511,-0.17629288,-0.69573539,0.32498431,-0.90243703,-0.28282958,0
-0.30329347,-0.61715192,0.77235407,-0.28313261,-0.37818778,0.88136816,0
1.1953127,-0.43899745,1.00635,0.32498431,-0.90243703,-0.28282958,0
1.619549,-0.089020878,1.4718846,0.90234196,0.20635259,0.37841445,0
1.2918177,-0.22636065,0.4387688,0.32498431,-0.90243703,-0.28282958,0
0.3505668,0.53236198,-0.79355061,0.28313261,0.37818778,-0.88136816,0
-1.7595084,-0.31427902,-0.91822374,-0.90234196,-0.20635259,-0.37841445,0
-1.4873161,-0.61689794,-1.4022551,-0.90234196,-0.20635259,-0.37841445,0
-0.81135559,-0.24221697,0.77002466,-0.28313261,-0.37818778,0.88136816,0
0.6919027,0.19205539,-0.82992184,0.28313261,0.37818778,-0.88136816,0
-1.8423226,-0.56518924,-0.58392751,-0.90234196,-0.20635259,-0.37841445,0
-1.6209693,0.078068316,-1.4625255,-0.90234196,-0.20635259,-0.37841445,0
0.99825543,-0.39648965,1.2851506,-0.28313261,-0.37818778,0.88136816,0
1.6729056,0.007463783,0.13058245,0.32498431,-0.90243703,-0.28282958,0
-0.73696059,-0.88797355,0.51683462,-0.28313261,-0.37818778,0.88136816,0
2.0691772,0.61367834,-0.20656848,0.28313261,0.37818778,-0.88136816,0
0.64418691,0.18945964,-0.84636402,0.28313261,0.37818778,-0.88136816,0
-0.58859503,0.41840714,-0.24350458,-0.32498431,0.90243703,0.28282958,0
1.7256041,-0.189246,1.2736465,0.90234196,0.20635259,0.37841445,0
-0.29176909,-0.42818996,-0.73686039,0.32498431,-0.90243703,-0.28282958,0
0.95765644,1.0203249,-0.38735563,-0.32498431,0.90243703,0.28282958,0
0.60342228,0.82766652,-0.17966354,-0.32498431,0.90243703,0.28282958,0
1.1832368,-0.45862809,1.0551106,0.32498431,-0.90243703,-0.28282958,0
0.44929427,0.17465544,-0.91532403,0.28313261,0.37818778,-0.88136816,0
0.042313099,-0.10913574,1.1013629,-0.28313261,-0.37818778,0.88136816,0
1.9290731,1.154952,0.055465698,0.90234196,0.20635259,0.37841445,0
-1.6210866,-0.42404693,0.43188307,-0.28313261,-0.37818778,0.88136816,0
-2.1178794,-0.48837674,0.031260729,-0.90234196,-0.20635259,-0.37841445,0
1.7555796,0.66788548,-0.28404915,0.28313261,0.37818778,-0.88136816,0
0.76769447,0.18324548,-0.80935454,0.28313261,0.37818778,-0.88136816,0
0.093741179,-0.28265941,1.0434263,-0.28313261,-0.37818778,0.88136816,0
1.6902626,0.16147768,1.166667,0.90234196,0.20635259,0.37841445,0
0.094792694,0.62628233,-0.12153679,-0.32498431,0.90243703,0.28282958,0
1.1519405,1.0285401,-0.19032666,-0.32498431,0.90243703,0.28282958,0
1.573048,0.095517546,1.4821373,0.90234196,0.20635259,0.37841445,0
-0.44605231,-0.34649262,0.84263158,-0.28313261,-0.37818778,0.88136816,0
-1.9808714,-1.0122211,-0.0097826719,-0.90234196,-0.20635259,-0.37841445,0
1.6188321,-0.074013174,1.4654104,0.90234196,0.20635259,0.37841445,0
1.1335716,-0.24665183,0.32168067,0.32498431,-0.90243703,-0.28282958,0
2.1062512,0.3100571,-0.32493985,0.28313261,0.37818778,-0.88136816,0
2.0279951,0.67083812,0.083573699,0.90234196,0.20635259,0.37841445,0
1.7216434,0.60336858,0.85087144,0.90234196,0.20635259,0.37841445,0
-0.68556136,-0.2256225,0.81755555,-0.28313261,-0.37818778,0.88136816,0
-0.49044931,0.6025573,-0.71830678,-0.32498431,0.90243703,0.28282958,0
1.8215863,0.35521114,0.74787641,0.90234196,0.20635259,0.37841445,0
-1.5603318,0.1890679,-1.5547165,0.28313261,0.37818778,-0.88136816,0
-1.4231761,-0.51368737,-1.6114807,-0.90234196,-0.20635259,-0.37841445,0
-1.0302671,-0.1776944,-1.5418121,0.28313261,0.37818778,-0.88136816,0
0.36696419,-0.51627487,0.30111134,0.32498431,-0.90243703,-0.28282958,0
0.046827823,0.37902978,0.61226904,-0.32498431,0.90243703,0.28282958,0
-0.060949862,0.7260716,-0.61889452,-0.32498431,0.90243703,0.28282958,0
2.0302961,0.38664669,-0.31647581,0.28313261,0.37818778,-0.88136816,0
0.36021033,-0.012095019,1.2451243,-0.28313261,-0.37818778,0.88136816,0
2.0067368,0.76209283,0.084503055,0.90234196,0.20635259,0.37841445,0
-1.2441703,-0.55183667,-1.4366887,0.32498431,-0.90243703,-0.28282958,0
1.1113658,-0.35426632,0.63953555,0.32498431,-0.90243703,-0.28282958,0
1.5828437,0.38967967,1.2983704,0.90234196,0.20635259,0.37841445,0
1.3575406,-0.12977752,1.5150124,-0.28313261,-0.37818778,0.88136816,0
-1.2424451,-0.26901579,0.62004137,-0.28313261,-0.37818778,0.88136816,0
-2.0685153,-0.66756278,0.011261344,-0.90234196,-0.20635259,-0.37841445,0
-0.38178509,0.26062942,0.49755824,-0.32498431,0.90243703,0.28282958,0
0.68206865,-0.052857667,-0.81546509,0.32498431,-0.90243703,-0.28282958,0
-0.98069966,0.16476345,0.1152612,-0.32498431,0.90243703,0.28282958,0
-0.7245881,-0.19590384,-1.4514287,0.28313261,0.37818778,-0.88136816,0
-1.6005279,-0.97517765,-0.4953872,0.32498431,-0.90243703,-0.28282958,0
-0.95565319,-0.13486896,0.76973224,-0.28313261,-0.37818778,0.88136816,0
0.12069444,0.52631313,0.22720173,-0.32498431,0.90243703,0.28282958,0
1.4726079,0.56532359,1.4654512,0.90234196,0.20635259,0.37841445,0
1.959342,0.9967733,0.069544077,0.90234196,0.20635259,0.37841445,0
1.5667371,0.57390058,1.2363199,0.90234196,0.20635259,0.37841445,0
1.7671075,-0.1261459,1.1402714,0.90234196,0.20635259,0.37841445,0
-1.8393258,-0.60973954,0.28209633,-0.28313261,-0.37818778,0.88136816,0
0.15147775,-0.15360433,-1.1036819,0.32498431,-0.90243703,-0.28282958,0
-0.17666304,0.15252292,1.0781932,-0.32498431,0.90243703,0.28282958,0
1.7602466,0.85768098,0.62014222,0.90234196,0.20635259,0.37841445,0
0.80580771,-0.32213655,1.2552328,-0.28313261,-0.37818778,0.88136816,0
-0.41089001,-0.41953248,-0.9013598,0.32498431,-0.90243703,-0.28282958,0
-0.52851635,-0.022623412,0.95511025,-0.28313261,-0.37818778,0.88136816,0
-2.0422158,-0.85671514,0.051695704,-0.90234196,-0.20635259,-0.37841445,0
0.4663856,0.52936554,0.61467743,-0.32498431,0.90243703,0.28282958,0
-2.031476,-0.16167438,-0.3529247,-0.90234196,-0.20635259,-0.37841445,0
-0.21489412,-0.11460213,1.0163915,-0.28313261,-0.37818778,0.88136816,0
-1.6729708,-0.20932171,-1.18181,-0.90234196,-0.20635259,-0.37841445,0
0.075764239,-0.76376361,0.75618249,0.32498431,-0.90243703,-0.28282958,0
-0.84899557,0.12990317,-1.3515924,0.28313261,0.37818778,-0.88136816,0
-0.46538454,0.087597363,0.95359975,-0.32498431,0.90243703,0.28282958,0
-0.75123286,0.53263974,-1.1473759,0.28313261,0.37818778,-0.88136816,0
-1.4207879,-0.78874481,0.33973873,-0.28313261,-0.37818778,0.88136816,0
2.0378096,0.31919837,0.25192308,0.90234196,0.20635259,0.37841445,0
0.40397716,0.83907342,-0.44523147,-0.32498431,0.90243703,0.28282958,0
1.1231651,0.37778166,1.6575105,-0.28313261,-0.37818778,0.88136816,0
0.50553632,-0.57707202,1.0493822,-0.28313261,-0.37818778,0.88136816,0
-1.8610682,-0.58433741,-0.52878582,-0.90234196,-0.20635259,-0.37841445,0
1.550216,0.020679742,1.577391,0.90234196,0.20635259,0.37841445,0
2.0618634,0.55778736,-0.23290014,0.28313261,0.37818778,-0.88136816,0
-2.024538,-0.047351003,-0.40735459,-0.32498431,0.90243703,0.28282958,0
1.5517509,0.61296123,1.2507548,0.90234196,0.20635259,0.37841445,0
-1.7313609,-0.65070969,-0.80188453,-0.90234196,-0.20635259,-0.37841445,0
1.3985753,0.59258425,1.4840924,-0.32498431,0.90243703,0.28282958,0
1.4491737,-0.3249726,0.93422365,0.32498431,-0.90243703,-0.28282958,0
1.3599391,1.1115001,-0.22079438,0.28313261,0.37818778,-0.88136816,0
1.7586287,0.95926583,0.56860507,0.90234196,0.20635259,0.37841445,0
-1.0852033,-0.16829956,0.71377057,-0.28313261,-0.37818778,0.88136816,0
1.9386735,0.38087401,0.45468438,0.90234196,0.20635259,0.37841445,0
0.53648359,0.86468446,-0.5912295,0.28313261,0.37818778,-0.88136816,0
1.5250523,-0.044063181,1.6056035,-0.28313261,-0.37818778,0.88136816,0
-1.795719,-0.69737601,-0.62297261,-0.90234196,-0.20635259,-0.37841445,0
-1.8292937,-0.093699247,-0.8721025,-0.90234196,-0.20635259,-0.37841445,0
1.9502827,1.1676009,-0.0020070076,0.90234196,0.20635259,0.37841445,0
-1.6432654,-0.66312319,-1.005182,-0.90234196,-0.20635259,-0.37841445,0
2.0681715,0.29682294,0.19172549,0.90234196,0.20635259,0.37841445,0
1.3519017,0.98747885,-0.2765927,0.28313261,0.37818778,-0.88136816,0
1.8232946,0.74819267,0.52950668,0.90234196,0.20635259,0.37841445,0
-0.84734678,-0.1293346,0.80689961,-0.28313261,-0.37818778,0.88136816,0
-0.96492612,-0.46720135,0.6241523,-0.28313261,-0.37818778,0.88136816,0
0.85687816,-0.46670416,0.70587784,0.32498431,-0.90243703,-0.28282958,0
-1.3040518,0.4269881,-1.0929773,-0.32498431,0.90243703,0.28282958,0
0.57529747,-0.24418733,1.2146305,-0.28313261,-0.37818778,0.88136816,0
0.52176183,0.44675851,0.94188523,-0.32498431,0.90243703,0.28282958,0
-0.76825905,-0.95443773,0.39475274,0.32498431,-0.90243703,-0.28282958,0
2.0710268,0.20608228,0.23439825,0.90234196,0.20635259,0.37841445,0
1.5239869,0.64292568,1.3006194,0.90234196,0.20635259,0.37841445,0
0.73619246,-0.16053107,-0.40971577,0.32498431,-0.90243703,-0.28282958,0
0.28536439,0.43605366,-0.85582149,0.28313261,0.37818778,-0.88136816,0
-1.5823863,0.25520453,-0.8646791,-0.32498431,0.90243703,0.28282958,0
-0.91917461,0.25408414,-0.099043071,-0.32498431,0.90243703,0.28282958,0
-1.1769042,-0.93837768,-0.12604308,0.32498431,-0.90243703,-0.28282958,0
1.6212808,0.31525624,1.2472994,0.90234196,0.20635259,0.37841445,0
1.1458316,-0.50977886,1.2839471,-0.28313261,-0.37818778,0.88136816,0
1.047739,0.16183075,1.5406177,-0.28313261,-0.37818778,0.88136816,0
0.68025386,0.56975311,-0.67159694,0.28313261,0.37818778,-0.88136816,0
1.6116831,-0.047727942,0.23633766,0.32498431,-0.90243703,-0.28282958,0
1.735278,0.50428951,0.87238789,0.90234196,0.20635259,0.37841445,0
