0.28411549,-0.72222447,-0.77022409,0.63069016,0.31307429,-0.71008056,0
-0.52924752,-0.89636099,-0.66929293,-0.69234693,-0.18632948,-0.69709182,0
0.51142812,1.362976,0.56226689,0.69234693,0.18632948,0.69709182,0
-1.879459,2.5189376,-0.046949387,-0.3505505,0.93127102,0.099239826,0
0.19555426,-2.2287304,-1.0330248,-0.69234693,-0.18632948,-0.69709182,0
-1.2423551,0.65869373,-0.37669837,-0.69234693,-0.18632948,-0.69709182,0
-1.4353224,1.487553,-0.40659475,-0.69234693,-0.18632948,-0.69709182,0
0.42095673,0.87277633,0.054553092,0.63069016,0.31307429,-0.71008056,0
-1.364444,2.0336595,-0.62296247,-0.69234693,-0.18632948,-0.69709182,0
1.4701658,-2.5740242,-0.53323746,0.63069016,0.31307429,-0.71008056,0
-0.0037899017,-1.3805953,-1.0617402,-0.69234693,-0.18632948,-0.69709182,0
-1.3900911,2.0621057,0.37865496,-0.63069016,-0.31307429,0.71008056,0
0.41113448,-2.683831,-0.11398673,-0.63069016,-0.31307429,0.71008056,0
0.95658505,-2.1204715,0.61886466,-0.63069016,-0.31307429,0.71008056,0
-0.31754458,-0.2249714,-1.059014,-0.69234693,-0.18632948,-0.69709182,0
-0.22756815,-1.511627,-0.16445535,-0.63069016,-0.31307429,0.71008056,0
-1.6477281,2.5722203,0.27159905,-0.3505505,0.93127102,0.099239826,0
-1.0295613,0.7923522,-0.62376982,-0.69234693,-0.18632948,-0.69709182,0
-0.35903704,2.7707767,0.19859409,0.63069016,0.31307429,-0.71008056,0
0.56152999,0.37064639,0.77775115,0.69234693,0.18632948,0.69709182,0
0.22609639,1.4024733,0.83509892,0.69234693,0.18632948,0.69709182,0
1.4267024,-2.3593621,0.64818692,0.69234693,0.18632948,0.69709182,0
0.45200747,-0.33761892,-0.45153069,0.63069016,0.31307429,-0.71008056,0
-0.44920444,2.9899173,0.5855279,-0.3505505,0.93127102,0.099239826,0
-0.47932911,-1.5438073,-0.40225643,-0.63069016,-0.31307429,0.71008056,0
0.90807265,-2.833143,-0.4358182,0.3505505,-0.93127102,-0.099239826,0
0.18042576,1.7142246,0.79712903,0.69234693,0.18632948,0.69709182,0
0.86464453,-2.8050179,-0.85314655,0.3505505,-0.93127102,-0.099239826,0
-0.97427434,2.3129625,0.85858393,-0.63069016,-0.31307429,0.71008056,0
1.7354527,-2.6115317,0.40717387,0.3505505,-0.93127102,-0.099239826,0
1.1127,-2.7090838,-0.87717724,0.3505505,-0.93127102,-0.099239826,0
0.22265124,2.1169066,0.42695582,0.63069016,0.31307429,-0.71008056,0
-0.20497751,-1.3353199,-0.8740238,-0.69234693,-0.18632948,-0.69709182,0
1.9684501,-2.4922361,0.11072659,0.3505505,-0.93127102,-0.099239826,0
-0.10271239,-2.0991187,-0.77143288,-0.69234693,-0.18632948,-0.69709182,0
-0.001712203,0.33359709,0.8497076,-0.63069016,-0.31307429,0.71008056,0
-1.6672075,2.4425504,0.30025935,-0.63069016,-0.31307429,0.71008056,0
-0.72371489,2.9219017,0.25411987,-0.3505505,0.93127102,0.099239826,0
0.99109197,-2.8673878,0.17878866,0.3505505,-0.93127102,-0.099239826,0
-1.607561,2.0052199,-0.37389851,-0.69234693,-0.18632948,-0.69709182,0
-1.3766558,2.7456157,-0.39802575,-0.3505505,0.93127102,0.099239826,0
1.1049662,-2.7291734,-0.71597624,0.3505505,-0.93127102,-0.099239826,0
0.42052102,0.55438626,0.86868751,0.69234693,0.18632948,0.69709182,0
-0.75761729,0.20355234,-0.7364794,-0.69234693,-0.18632948,-0.69709182,0
1.3274511,-1.2368631,0.44672334,0.69234693,0.18632948,0.69709182,0
1.4044887,-2.2302399,-0.43999743,0.63069016,0.31307429,-0.71008056,0
-0.091371596,-1.2065301,0.091030836,-0.63069016,-0.31307429,0.71008056,0
1.3607962,-2.7722259,0.59171367,0.3505505,-0.93127102,-0.099239826,0
-0.21289104,0.29011706,0.64296913,-0.63069016,-0.31307429,0.71008056,0
1.4316567,-1.5111645,0.41654682,0.69234693,0.18632948,0.69709182,0
-0.85160416,2.8721337,0.26939178,-0.3505505,0.93127102,0.099239826,0
0.2808907,1.4265759,0.17431712,0.63069016,0.31307429,-0.71008056,0
1.0229094,-0.3548708,0.047935367,0.63069016,0.31307429,-0.71008056,0
-0.71766436,1.5836147,-0.64335632,0.63069016,0.31307429,-0.71008056,0
0.61190981,-2.0957694,0.32361698,-0.63069016,-0.31307429,0.71008056,0
0.53740609,-2.9708219,-0.45316005,0.3505505,-0.93127102,-0.099239826,0
0.95243859,-1.782328,-0.64402199,0.63069016,0.31307429,-0.71008056,0
1.3572404,-2.1716046,-0.45611095,0.63069016,0.31307429,-0.71008056,0
0.4744153,1.7595245,0.49303222,0.69234693,0.18632948,0.69709182,0
1.0023481,-2.7525406,-0.85917854,0.3505505,-0.93127102,-0.099239826,0
-1.0720023,0.8598128,-0.59964991,-0.69234693,-0.18632948,-0.69709182,0
-0.89461124,-0.43881321,-0.42871651,-0.69234693,-0.18632948,-0.69709182,0
0.65275556,-0.8922075,-0.51774502,0.63069016,0.31307429,-0.71008056,0
1.2013917,-2.7520349,-0.16083527,0.3505505,-0.93127102,-0.099239826,0
-1.0770191,2.8415909,-0.24023533,-0.3505505,0.93127102,0.099239826,0
-1.3150218,2.7415149,-0.14182973,-0.3505505,0.93127102,0.099239826,0
-1.5821944,2.6066589,0.17991424,-0.3505505,0.93127102,0.099239826,0
-0.57338297,-0.67042273,-0.68585008,-0.69234693,-0.18632948,-0.69709182,0
-0.52781165,2.9465292,0.71501303,-0.3505505,0.93127102,0.099239826,0
-0.52603203,1.0741328,0.71051121,-0.63069016,-0.31307429,0.71008056,0
1.2144438,-1.5071647,-0.28999066,0.63069016,0.31307429,-0.71008056,0
0.47710395,-2.341392,-1.2825441,-0.69234693,-0.18632948,-0.69709182,0
-1.6760325,2.6186244,-0.26383829,-0.3505505,0.93127102,0.099239826,0
1.2815742,-2.6822429,-0.53253031,0.3505505,-0.93127102,-0.099239826,0
-0.75109649,-0.47085968,-0.56268859,-0.69234693,-0.18632948,-0.69709182,0
-0.87343669,1.1313288,-0.86943889,-0.69234693,-0.18632948,-0.69709182,0
-1.0799205,2.6738124,-0.48444247,0.63069016,0.31307429,-0.71008056,0
1.0041811,-2.814415,-0.27207375,0.3505505,-0.93127102,-0.099239826,0
-0.49998415,2.9572446,0.71275687,-0.3505505,0.93127102,0.099239826,0
1.3221496,-2.41082,0.76578236,0.69234693,0.18632948,0.69709182,0
-1.0069656,1.250098,-0.76856518,-0.69234693,-0.18632948,-0.69709182,0
-1.3952332,1.1624256,-0.022580862,-0.63069016,-0.31307429,0.71008056,0
-0.99718279,1.7114213,0.5730176,-0.63069016,-0.31307429,0.71008056,0
0.7712605,-2.8465571,-0.79320765,0.3505505,-0.93127102,-0.099239826,0
-0.87807024,2.9031553,-0.11520076,-0.3505505,0.93127102,0.099239826,0
1.4087434,-1.7498082,-0.22439599,0.63069016,0.31307429,-0.71008056,0
1.0596089,-2.7699997,-0.49307704,0.3505505,-0.93127102,-0.099239826,0
-0.66076112,2.8503644,1.1478035,-0.3505505,0.93127102,0.099239826,0
0.40671694,1.3518717,0.25313842,0.63069016,0.31307429,-0.71008056,0
0.56127524,1.1486299,0.57005262,0.69234693,0.18632948,0.69709182,0
0.4643681,-3.0024488,-0.41436625,0.3505505,-0.93127102,-0.099239826,0
-1.6641228,2.4502881,-0.43668652,-0.69234693,-0.18632948,-0.69709182,0
0.53897893,0.0059890896,0.89762008,0.69234693,0.18632948,0.69709182,0
-0.52261215,1.0775434,0.71505213,-0.63069016,-0.31307429,0.71008056,0
1.3512533,-1.8048435,-0.29972363,0.63069016,0.31307429,-0.71008056,0
0.37166047,-3.0316298,-0.46800804,0.3505505,-0.93127102,-0.099239826,0
-1.0992899,2.8068964,0.0066714287,-0.3505505,0.93127102,0.099239826,0
1.279606,-2.6975126,-0.39619112,0.3505505,-0.93127102,-0.099239826,0
0.99011302,-2.7546349,-0.88274479,0.3505505,-0.93127102,-0.099239826,0
-0.21281505,-1.2592652,-0.88656873,-0.69234693,-0.18632948,-0.69709182,0
0.34515828,0.40406728,-0.21942438,0.63069016,0.31307429,-0.71008056,0
0.71611005,-2.8864822,0.067541838,-0.63069016,-0.31307429,0.71008056,0
-1.1396635,1.6265022,-0.73738194,-0.69234693,-0.18632948,-0.69709182,0
-0.76879114,-0.38646033,-0.5676738,-0.69234693,-0.18632948,-0.69709182,0
1.3464421,-1.6728179,0.54439068,0.69234693,0.18632948,0.69709182,0
1.1196294,-2.7545614,-0.42593837,0.3505505,-0.93127102,-0.099239826,0
-0.11918801,1.4984869,-0.14932525,0.63069016,0.31307429,-0.71008056,0
1.8191392,-2.5572517,0.19341731,0.3505505,-0.93127102,-0.099239826,0
0.60777938,-2.923173,-0.65171862,0.3505505,-0.93127102,-0.099239826,0
-1.779974,2.3292506,0.15014672,-0.63069016,-0.31307429,0.71008056,0
0.55963075,0.52169406,0.022930663,0.63069016,0.31307429,-0.71008056,0
0.84446859,-2.4629738,-1.0400167,0.63069016,0.31307429,-0.71008056,0
-0.71866965,2.9211063,0.27940583,-0.3505505,0.93127102,0.099239826,0
-1.2939204,2.6655574,0.64549828,-0.3505505,0.93127102,0.099239826,0
-0.46717036,-0.067981839,-0.95236933,-0.69234693,-0.18632948,-0.69709182,0
-0.81670547,2.7877409,1.1846144,-0.3505505,0.93127102,0.099239826,0
0.61549091,0.34573224,0.73081708,0.69234693,0.18632948,0.69709182,0
-0.32698807,-0.22923085,0.31264842,-0.63069016,-0.31307429,0.71008056,0
0.14820874,1.3398484,0.018231511,0.63069016,0.31307429,-0.71008056,0
-1.1166317,1.9419272,-0.83973753,0.63069016,0.31307429,-0.71008056,0
0.26911604,0.77845007,-0.12189949,0.63069016,0.31307429,-0.71008056,0
-1.5095031,1.4205049,-0.3149972,-0.69234693,-0.18632948,-0.69709182,0
0.5645901,-0.37972197,0.97528207,0.69234693,0.18632948,0.69709182,0
-0.52695107,2.562741,1.2728863,0.69234693,0.18632948,0.69709182,0
1.1555356,-2.7069819,-0.74558997,0.3505505,-0.93127102,-0.099239826,0
-1.3672028,2.6523316,-0.74907613,0.63069016,0.31307429,-0.71008056,0
-1.0057323,-0.33076912,-0.34723151,-0.69234693,-0.18632948,-0.69709182,0
-0.39947784,2.8939209,0.21696901,0.63069016,0.31307429,-0.71008056,0
-0.85640788,2.8236272,0.70761442,-0.3505505,0.93127102,0.099239826,0
-0.94516987,0.66020954,0.15573621,-0.63069016,-0.31307429,0.71008056,0
0.59976065,-1.2427311,0.68893039,-0.63069016,-0.31307429,0.71008056,0
1.3354609,-2.3652995,0.74039412,0.69234693,0.18632948,0.69709182,0
0.72052169,-2.6732476,-1.2428157,0.63069016,0.31307429,-0.71008056,0
0.69122028,-2.9562194,-0.046863079,0.3505505,-0.93127102,-0.099239826,0
1.5206684,-2.6452618,-0.034996986,0.3505505,-0.93127102,-0.099239826,0
0.73942268,-0.60950005,-0.31612206,0.63069016,0.31307429,-0.71008056,0
-1.1031191,2.8017108,0.041804314,-0.3505505,0.93127102,0.099239826,0
-0.45510101,3.0181162,0.30007982,-0.3505505,0.93127102,0.099239826,0
-1.2894112,1.2975483,-0.50072539,-0.69234693,-0.18632948,-0.69709182,0
0.65747225,-2.4771998,-1.2123783,0.63069016,0.31307429,-0.71008056,0
-0.094204426,2.375685,0.89308476,0.69234693,0.18632948,0.69709182,0
-1.0727394,1.5657415,0.44167852,-0.63069016,-0.31307429,0.71008056,0
0.41110504,-3.0206985,-0.43125629,0.3505505,-0.93127102,-0.099239826,0
1.0452346,-2.7708471,-0.53590083,0.3505505,-0.93127102,-0.099239826,0
1.2669792,-2.07651,-0.49435282,0.63069016,0.31307429,-0.71008056,0
-1.2809939,0.74503344,-0.36140072,-0.69234693,-0.18632948,-0.69709182,0
0.56883562,-2.3707197,-1.244158,0.63069016,0.31307429,-0.71008056,0
-1.506217,1.4419734,-0.3239994,-0.69234693,-0.18632948,-0.69709182,0
1.0098014,-0.59853232,0.59158814,0.69234693,0.18632948,0.69709182,0
1.5532291,-2.6490965,0.11600471,0.3505505,-0.93127102,-0.099239826,0
-0.33319092,2.2101672,1.1746868,0.69234693,0.18632948,0.69709182,0
0.69597602,-2.8623586,-0.91085744,0.3505505,-0.93127102,-0.099239826,0
0.31046581,0.28433928,-0.30302611,0.63069016,0.31307429,-0.71008056,0
-0.49501896,2.5008318,1.2577195,0.69234693,0.18632948,0.69709182,0
-0.65272546,-0.18139759,0.044419676,-0.63069016,-0.31307429,0.71008056,0
-0.29678011,3.0215161,0.82741833,-0.3505505,0.93127102,0.099239826,0
-0.71086061,-1.0558633,-0.39276743,-0.63069016,-0.31307429,0.71008056,0
-0.93731773,2.8762426,-0.071936131,-0.3505505,0.93127102,0.099239826,0
-0.030064225,0.59829772,0.94123173,-0.63069016,-0.31307429,0.71008056,0
0.53026414,-2.9257481,-0.90136218,0.3505505,-0.93127102,-0.099239826,0
-0.051603258,-1.3543205,0.061192095,-0.63069016,-0.31307429,0.71008056,0
-0.14668645,-0.41512468,0.39083087,-0.63069016,-0.31307429,0.71008056,0
0.79008442,-2.9328599,0.083151817,0.3505505,-0.93127102,-0.099239826,0
-0.67833495,2.3585143,-0.26677132,0.63069016,0.31307429,-0.71008056,0
0.4845171,-1.9478961,0.27566457,-0.63069016,-0.31307429,0.71008056,0
1.7879266,-2.5442131,-0.039193153,0.3505505,-0.93127102,-0.099239826,0
1.4999819,-1.6186085,-0.085512638,0.63069016,0.31307429,-0.71008056,0
1.5386422,-2.6739509,0.29771233,0.3505505,-0.93127102,-0.099239826,0
0.12220585,-0.33702481,0.66409397,-0.63069016,-0.31307429,0.71008056,0
1.6516721,-2.6392622,0.37145472,0.3505505,-0.93127102,-0.099239826,0
-1.0715072,2.259239,0.74853539,-0.63069016,-0.31307429,0.71008056,0
0.5532496,-2.9239924,-0.83664441,0.3505505,-0.93127102,-0.099239826,0
-0.093545675,3.1230965,0.59208083,-0.3505505,0.93127102,0.099239826,0
0.29459113,-0.50386733,-0.66464603,0.63069016,0.31307429,-0.71008056,0
-1.7688437,2.4354756,-0.3287189,-0.69234693,-0.18632948,-0.69709182,0
-1.3701836,2.6587555,0.4399364,-0.3505505,0.93127102,0.099239826,0
-1.0804095,2.7598691,0.51466799,-0.3505505,0.93127102,0.099239826,0
0.81645858,0.71282697,0.43309435,0.69234693,0.18632948,0.69709182,0
-0.63433719,2.9330034,0.46565342,-0.3505505,0.93127102,0.099239826,0
0.82751703,-1.2777138,0.87579864,-0.63069016,-0.31307429,0.71008056,0
-0.22259521,2.278008,0.10251939,0.63069016,0.31307429,-0.71008056,0
-1.138694,2.6993244,0.87694097,-0.3505505,0.93127102,0.099239826,0
-1.1998156,2.5838895,-0.63057995,0.63069016,0.31307429,-0.71008056,0
1.1293061,-1.0285687,0.58784366,0.69234693,0.18632948,0.69709182,0
-0.6798836,2.2301369,1.0835426,-0.63069016,-0.31307429,0.71008056,0
0.45981097,-0.84759045,-0.66944587,0.63069016,0.31307429,-0.71008056,0
-0.43998671,2.2305365,1.2753106,0.69234693,0.18632948,0.69709182,0
-0.8970418,2.5326045,1.0240219,-0.63069016,-0.31307429,0.71008056,0
-1.1640503,0.71287417,-0.015452623,-0.63069016,-0.31307429,0.71008056,0
0.66960299,1.181596,0.41155809,0.63069016,0.31307429,-0.71008056,0
1.1544561,-0.7647922,0.49235857,0.69234693,0.18632948,0.69709182,0
-1.1328881,2.7024395,0.86821556,-0.3505505,0.93127102,0.099239826,0
0.45709932,-2.4683561,0.021841764,-0.63069016,-0.31307429,0.71008056,0
-0.96283472,0.39367604,0.022531986,-0.63069016,-0.31307429,0.71008056,0
-0.54904521,-0.32869306,-0.80136502,-0.69234693,-0.18632948,-0.69709182,0
-1.2155035,2.7046099,0.55602145,-0.3505505,0.93127102,0.099239826,0
-0.92573088,1.5217741,0.55286539,-0.63069016,-0.31307429,0.71008056,0
-0.29164451,0.49632668,-0.74435252,0.63069016,0.31307429,-0.71008056,0
0.23346949,1.549018,0.78860521,0.69234693,0.18632948,0.69709182,0
0.50942993,1.5943203,0.45126313,0.63069016,0.31307429,-0.71008056,0
1.6073875,-2.0427191,-0.17710543,0.63069016,0.31307429,-0.71008056,0
0.1732868,1.5754138,0.8413229,0.69234693,0.18632948,0.69709182,0
0.17296338,-1.8510907,-1.1115289,-0.69234693,-0.18632948,-0.69709182,0
-0.53129423,2.9488456,0.68097425,-0.3505505,0.93127102,0.099239826,0
-0.86647117,2.8041506,0.85483646,-0.3505505,0.93127102,0.099239826,0
0.23445478,-1.2358105,0.36751872,-0.63069016,-0.31307429,0.71008056,0
0.013029337,2.0109978,0.19407535,0.63069016,0.31307429,-0.71008056,0
-0.29637945,3.0686865,0.38618445,-0.3505505,0.93127102,0.099239826,0
-0.7549336,-0.69363648,-0.49933028,-0.69234693,-0.18632948,-0.69709182,0
0.55643797,-0.33019987,-0.35550493,0.63069016,0.31307429,-0.71008056,0
1.0474304,-1.5290667,0.80294287,0.69234693,0.18632948,0.69709182,0
-0.041754186,1.3505543,-0.14577246,0.63069016,0.31307429,-0.71008056,0
-1.688895,2.5662942,0.18179512,-0.3505505,0.93127102,0.099239826,0
0.49945331,1.5536022,0.42444938,0.63069016,0.31307429,-0.71008056,0
-1.2718139,2.7376826,0.046759844,-0.3505505,0.93127102,0.099239826,0
0.75011504,-2.3580716,-1.0775695,0.63069016,0.31307429,-0.71008056,0
-0.20267808,1.9428344,1.1165187,0.69234693,0.18632948,0.69709182,0
0.62462115,-2.9302046,-0.52623868,0.3505505,-0.93127102,-0.099239826,0
-0.53504717,-0.184632,-0.85377455,-0.69234693,-0.18632948,-0.69709182,0
0.58246064,-2.6940725,-1.2929139,-0.69234693,-0.18632948,-0.69709182,0
-1.5974929,2.1144886,-0.41310501,-0.69234693,-0.18632948,-0.69709182,0
-0.14152527,-0.11868536,-0.88217586,0.63069016,0.31307429,-0.71008056,0
0.3108449,1.2772532,0.78439808,0.69234693,0.18632948,0.69709182,0
1.6077449,-2.6668916,0.47556591,0.3505505,-0.93127102,-0.099239826,0
1.2718346,-2.8047516,0.58269358,0.3505505,-0.93127102,-0.099239826,0
-0.0063865185,-2.1395943,-0.85628402,-0.69234693,-0.18632948,-0.69709182,0
-1.2763662,2.666467,0.69896865,-0.3505505,0.93127102,0.099239826,0
1.363109,-1.2955983,0.42700803,0.69234693,0.18632948,0.69709182,0
-0.83434904,-0.20185047,-0.12591523,-0.63069016,-0.31307429,0.71008056,0
-0.010623828,0.52020967,-0.48422122,0.63069016,0.31307429,-0.71008056,0
0.61472845,-2.8577275,-1.2413099,0.3505505,-0.93127102,-0.099239826,0
-0.41457391,-1.6531882,-0.5808894,-0.69234693,-0.18632948,-0.69709182,0
0.27641547,1.4327554,0.77702802,0.69234693,0.18632948,0.69709182,0
0.045628905,1.1448065,1.0832113,0.69234693,0.18632948,0.69709182,0
-0.45988071,0.40945888,-0.93207908,0.63069016,0.31307429,-0.71008056,0
-0.065865755,-2.2570953,-0.76580226,-0.69234693,-0.18632948,-0.69709182,0
0.83017159,-2.880805,-0.26373291,0.3505505,-0.93127102,-0.099239826,0
-0.094776154,3.1172438,0.64265537,-0.3505505,0.93127102,0.099239826,0
0.81306815,-2.8133955,-0.95671868,0.3505505,-0.93127102,-0.099239826,0
0.072958946,0.34595281,0.92147785,-0.63069016,-0.31307429,0.71008056,0
-0.96569514,2.8056824,0.48996782,-0.3505505,0.93127102,0.099239826,0
0.059304237,-0.24993537,-0.76166809,0.63069016,0.31307429,-0.71008056,0
0.59549725,-2.9701862,-0.25392771,0.3505505,-0.93127102,-0.099239826,0
-1.0056913,1.3557469,-0.79807031,-0.69234693,-0.18632948,-0.69709182,0
1.0000859,-2.8521347,0.067423344,0.3505505,-0.93127102,-0.099239826,0
0.42572713,-2.964339,-0.90848303,0.3505505,-0.93127102,-0.099239826,0
-1.7214545,2.2309237,-0.32110977,-0.69234693,-0.18632948,-0.69709182,0
-1.4123229,2.2623739,-0.63654399,-0.69234693,-0.18632948,-0.69709182,0
0.64463687,-2.8473105,-1.2334187,0.3505505,-0.93127102,-0.099239826,0
-0.93078667,2.8222668,-0.2865293,0.63069016,0.31307429,-0.71008056,0
-1.4835279,2.6653194,-0.022030354,-0.3505505,0.93127102,0.099239826,0
-0.71370733,1.8323289,-0.53018379,0.63069016,0.31307429,-0.71008056,0
0.021004677,-2.0985966,-0.89444768,-0.69234693,-0.18632948,-0.69709182,0
-0.92983252,2.8550668,0.15322089,-0.3505505,0.93127102,0.099239826,0
-1.3427213,2.1791365,-0.6834228,-0.69234693,-0.18632948,-0.69709182,0
-1.3711383,2.3895712,0.53986764,-0.63069016,-0.31307429,0.71008056,0
0.23115706,0.74771976,1.0050853,0.69234693,0.18632948,0.69709182,0
-0.30950522,2.0076084,1.2053049,0.69234693,0.18632948,0.69709182,0
-1.9109216,2.5084343,-0.059522867,-0.3505505,0.93127102,0.099239826,0
-0.017568827,-1.7184548,-0.95774662,-0.69234693,-0.18632948,-0.69709182,0
-0.54524004,-0.55355012,-0.024194252,-0.63069016,-0.31307429,0.71008056,0
-0.40950936,0.95277709,0.76050031,-0.63069016,-0.31307429,0.71008056,0
0.49376744,-1.8278048,0.33682895,-0.63069016,-0.31307429,0.71008056,0
0.79026586,-2.8914707,-0.30460429,0.3505505,-0.93127102,-0.099239826,0
1.4193083,-2.7478819,0.56995726,0.3505505,-0.93127102,-0.099239826,0
0.86936927,-2.815063,-0.74219346,0.3505505,-0.93127102,-0.099239826,0
-1.3223096,2.7725997,-0.4592762,-0.3505505,0.93127102,0.099239826,0
-0.16291118,3.0957296,0.60387063,-0.3505505,0.93127102,0.099239826,0
0.014239311,-2.3968067,-0.80801761,-0.69234693,-0.18632948,-0.69709182,0
-1.0382907,2.7998745,0.28803325,-0.3505505,0.93127102,0.099239826,0
0.65988946,-2.9327948,-0.37735248,0.3505505,-0.93127102,-0.099239826,0
0.11798951,-0.37147889,0.64515823,-0.63069016,-0.31307429,0.71008056,0
1.2325761,-2.4219577,0.73107338,-0.63069016,-0.31307429,0.71008056,0
0.87352359,0.025449872,0.56015068,0.69234693,0.18632948,0.69709182,0
-0.17325425,-0.61730957,-1.097452,-0.69234693,-0.18632948,-0.69709182,0
-1.0062544,2.7807808,0.58037424,-0.3505505,0.93127102,0.099239826,0
-1.4483697,1.4870217,0.073337555,-0.63069016,-0.31307429,0.71008056,0
-1.1311573,1.3143281,-0.66238737,-0.69234693,-0.18632948,-0.69709182,0
0.94092774,-0.17590278,0.54702604,0.69234693,0.18632948,0.69709182,0
-1.6734377,2.5650406,0.24815941,-0.3505505,0.93127102,0.099239826,0
0.64355534,-1.2796211,-0.69672716,0.63069016,0.31307429,-0.71008056,0
-0.58972859,2.7554576,1.2837243,0.69234693,0.18632948,0.69709182,0
-1.0719283,2.4860296,-0.56013751,0.63069016,0.31307429,-0.71008056,0
-0.76932907,2.9016025,0.28348136,-0.3505505,0.93127102,0.099239826,0
1.4966136,-2.6455863,-0.11692452,0.3505505,-0.93127102,-0.099239826,0
-0.23940265,2.5570741,0.21063137,0.63069016,0.31307429,-0.71008056,0
0.49193192,-2.4031906,-1.2807529,-0.69234693,-0.18632948,-0.69709182,0
1.0766017,-2.7740042,-0.3954711,0.3505505,-0.93127102,-0.099239826,0
-0.54672241,2.8926189,1.1541114,-0.3505505,0.93127102,0.099239826,0
1.4984549,-2.571826,-0.50714183,0.63069016,0.31307429,-0.71008056,0
0.88190448,-0.51797122,-0.14921558,0.63069016,0.31307429,-0.71008056,0
1.1152194,-1.0200753,0.59956419,0.69234693,0.18632948,0.69709182,0
0.58915591,-0.18496841,0.8988266,0.69234693,0.18632948,0.69709182,0
0.16679835,-2.7679508,-0.36809349,-0.63069016,-0.31307429,0.71008056,0
-1.5958434,1.2579093,-0.18578362,-0.69234693,-0.18632948,-0.69709182,0
-1.4952841,2.6723874,-0.12988567,-0.3505505,0.93127102,0.099239826,0
0.42330205,-2.9696357,-0.86734581,0.3505505,-0.93127102,-0.099239826,0
0.14279509,-2.9332964,-0.79229736,-0.69234693,-0.18632948,-0.69709182,0
0.97972238,-2.7423277,-1.0349398,0.3505505,-0.93127102,-0.099239826,0
-1.0869811,0.30113053,-0.12853765,-0.63069016,-0.31307429,0.71008056,0
0.65865779,-1.0442414,0.82875645,-0.63069016,-0.31307429,0.71008056,0
1.498657,-2.7243807,0.62970614,0.3505505,-0.93127102,-0.099239826,0
-1.3398647,0.67207932,-0.18959641,-0.63069016,-0.31307429,0.71008056,0
0.2566483,2.2979679,0.56539321,0.69234693,0.18632948,0.69709182,0
0.12967014,2.1072257,0.74249184,0.69234693,0.18632948,0.69709182,0
1.1870499,-2.7192326,0.55956888,-0.63069016,-0.31307429,0.71008056,0
1.0831039,-2.7259214,-0.82371998,0.3505505,-0.93127102,-0.099239826,0
0.11997616,2.2644591,0.40081596,0.63069016,0.31307429,-0.71008056,0
1.0779471,-2.4028337,0.60216451,-0.63069016,-0.31307429,0.71008056,0
1.1038212,-1.5942754,-0.42665195,0.63069016,0.31307429,-0.71008056,0
-1.0552779,2.8500886,-0.24318266,-0.3505505,0.93127102,0.099239826,0
0.43509573,-2.5080719,-0.015212774,-0.63069016,-0.31307429,0.71008056,0
0.89612675,-2.1827374,0.53771281,-0.63069016,-0.31307429,0.71008056,0
-0.6451664,2.9551086,0.21996617,-0.3505505,0.93127102,0.099239826,0
1.1241043,-2.763371,-0.32746196,0.3505505,-0.93127102,-0.099239826,0
0.35923004,-1.2083629,-0.91784573,0.63069016,0.31307429,-0.71008056,0
-0.082011357,0.72746491,-0.45624849,0.63069016,0.31307429,-0.71008056,0
-0.45494294,-0.052834466,-0.96856248,-0.69234693,-0.18632948,-0.69709182,0
1.1249081,-0.47763348,0.084404111,0.63069016,0.31307429,-0.71008056,0
-1.718778,2.2646387,-0.33278012,-0.69234693,-0.18632948,-0.69709182,0
0.13938534,-1.3561789,-1.1782831,0.63069016,0.31307429,-0.71008056,0
-0.40772051,0.88641971,0.73283219,-0.63069016,-0.31307429,0.71008056,0
-1.3949621,2.7060339,-0.091250896,-0.3505505,0.93127102,0.099239826,0
1.2471813,-2.6833458,-0.64366913,0.3505505,-0.93127102,-0.099239826,0
1.0191154,-2.8189096,-0.17714405,0.3505505,-0.93127102,-0.099239826,0
-1.0539051,1.5268804,0.44127321,-0.63069016,-0.31307429,0.71008056,0
1.0444224,-2.7507825,-0.72705674,0.3505505,-0.93127102,-0.099239826,0
0.97981679,-2.7847555,-0.63646221,0.3505505,-0.93127102,-0.099239826,0
-1.2420504,2.7889748,-0.3294332,-0.3505505,0.93127102,0.099239826,0
-1.467734,1.4716361,0.049354792,-0.63069016,-0.31307429,0.71008056,0
-1.336005,1.5761186,0.21242213,-0.63069016,-0.31307429,0.71008056,0
-0.72266841,-0.048396647,-0.7038455,-0.69234693,-0.18632948,-0.69709182,0
0.13990319,1.7121801,0.17501557,0.63069016,0.31307429,-0.71008056,0
-1.3105873,2.7645664,-0.34248042,-0.3505505,0.93127102,0.099239826,0
0.024221897,1.4880345,1.0127292,0.69234693,0.18632948,0.69709182,0
1.2349577,-1.6829286,0.65781879,0.69234693,0.18632948,0.69709182,0
1.6818805,-2.6284125,0.37634754,0.3505505,-0.93127102,-0.099239826,0
-0.67009008,2.1312466,1.0486405,-0.63069016,-0.31307429,0.71008056,0
0.88429916,-2.7818518,-1.0011141,0.3505505,-0.93127102,-0.099239826,0
1.7993996,-2.5565317,0.11693263,0.3505505,-0.93127102,-0.099239826,0
-0.19235627,-0.080728352,0.49770242,-0.63069016,-0.31307429,0.71008056,0
-1.7200515,2.4740374,-0.3874867,-0.69234693,-0.18632948,-0.69709182,0
0.40344441,-3.0036721,-0.61808801,0.3505505,-0.93127102,-0.099239826,0
0.39381707,-3.0327091,-0.37961268,0.3505505,-0.93127102,-0.099239826,0
-1.3039502,2.7016156,0.27169633,-0.3505505,0.93127102,0.099239826,0
0.11841822,-0.60648185,-0.8663646,0.63069016,0.31307429,-0.71008056,0
-0.55746782,-1.0933082,-0.58862162,-0.69234693,-0.18632948,-0.69709182,0
0.42358568,-1.8946719,0.24501216,-0.63069016,-0.31307429,0.71008056,0
1.3150719,-2.7061839,-0.18953991,0.3505505,-0.93127102,-0.099239826,0
1.2644244,-0.76507133,0.081590652,0.63069016,0.31307429,-0.71008056,0
-0.52610624,2.2979958,1.2500458,-0.63069016,-0.31307429,0.71008056,0
1.5951897,-2.6393912,0.17314935,0.3505505,-0.93127102,-0.099239826,0
-0.79213339,0.25419849,0.1126523,-0.63069016,-0.31307429,0.71008056,0
-1.3243014,1.5496509,-0.53345871,-0.69234693,-0.18632948,-0.69709182,0
1.7529498,-2.5626569,0.01033783,0.3505505,-0.93127102,-0.099239826,0
-0.15007544,-0.66920155,-1.1066027,-0.69234693,-0.18632948,-0.69709182,0
1.0465646,-2.7468061,-0.75680423,0.3505505,-0.93127102,-0.099239826,0
0.42538333,1.4996521,0.61119324,0.69234693,0.18632948,0.69709182,0
0.59471899,-0.80341446,0.87814695,-0.63069016,-0.31307429,0.71008056,0
-0.50577819,2.9765644,0.51099229,-0.3505505,0.93127102,0.099239826,0
-0.35829842,3.0208898,0.61599135,-0.3505505,0.93127102,0.099239826,0
0.51864552,-2.4902935,0.06683445,-0.63069016,-0.31307429,0.71008056,0
-0.13994956,-0.75426817,-1.0939218,-0.69234693,-0.18632948,-0.69709182,0
0.04928112,2.1502833,0.81082463,0.69234693,0.18632948,0.69709182,0
0.15812147,1.3533224,0.91574901,0.69234693,0.18632948,0.69709182,0
0.97546393,-2.8479075,-0.059215069,0.3505505,-0.93127102,-0.099239826,0
-0.28467131,3.0608678,0.50091457,-0.3505505,0.93127102,0.099239826,0
-0.23027098,-1.4612985,-0.81522912,-0.69234693,-0.18632948,-0.69709182,0
-1.0465568,2.8367152,-0.086878777,-0.3505505,0.93127102,0.099239826,0
-0.57413578,2.9360745,0.080424309,0.63069016,0.31307429,-0.71008056,0
0.32809067,-3.0405314,-0.53837943,0.3505505,-0.93127102,-0.099239826,0
0.98536575,-0.77223188,0.66228658,0.69234693,0.18632948,0.69709182,0
-0.090706721,-0.82739282,0.25878298,-0.63069016,-0.31307429,0.71008056,0
1.5298934,-2.7013168,0.52361083,0.3505505,-0.93127102,-0.099239826,0
1.1046381,-0.40833348,0.4465577,0.69234693,0.18632948,0.69709182,0
-1.7507035,2.1477959,-0.26984024,-0.69234693,-0.18632948,-0.69709182,0
0.002550602,1.7830012,0.95540988,0.69234693,0.18632948,0.69709182,0
-0.71479344,2.91081,0.38971472,-0.3505505,0.93127102,0.099239826,0
-1.0363145,0.8893736,-0.64299613,-0.69234693,-0.18632948,-0.69709182,0
1.1118227,-0.99297762,0.59569454,0.69234693,0.18632948,0.69709182,0
1.6429138,-2.6251459,0.20805073,0.3505505,-0.93127102,-0.099239826,0
1.2864728,-2.5111911,-0.66868973,0.63069016,0.31307429,-0.71008056,0
-0.8200022,-0.25712675,-0.13754374,-0.63069016,-0.31307429,0.71008056,0
-1.4690187,2.6863375,-0.16801572,-0.3505505,0.93127102,0.099239826,0
-0.73604876,1.1930151,-0.83190048,0.63069016,0.31307429,-0.71008056,0
-0.79372048,2.869746,0.49626684,-0.3505505,0.93127102,0.099239826,0
1.2735608,-2.35571,0.79668427,-0.63069016,-0.31307429,0.71008056,0
-0.93004745,1.1100601,0.36750686,-0.63069016,-0.31307429,0.71008056,0
-0.14521194,-2.256628,-0.41977751,-0.63069016,-0.31307429,0.71008056,0
-0.027778387,1.052743,1.1436269,-0.63069016,-0.31307429,0.71008056,0
1.5152836,-2.6805923,0.27752328,0.3505505,-0.93127102,-0.099239826,0
-0.60909116,2.97614,0.15003681,-0.3505505,0.93127102,0.099239826,0
1.5149785,-2.6265726,-0.23047495,0.3505505,-0.93127102,-0.099239826,0
-1.4490185,2.7031612,-0.25524044,-0.3505505,0.93127102,0.099239826,0
0.90940702,-2.825321,-0.50450635,0.3505505,-0.93127102,-0.099239826,0
1.9427748,-2.4992762,0.086098433,0.3505505,-0.93127102,-0.099239826,0
1.1129413,-1.9832565,-0.59005356,0.63069016,0.31307429,-0.71008056,0
0.6912142,0.42350933,0.096512824,0.63069016,0.31307429,-0.71008056,0
0.47364354,0.87441421,0.73038447,0.69234693,0.18632948,0.69709182,0
0.46081525,0.85533845,0.082266867,0.63069016,0.31307429,-0.71008056,0
0.81250232,0.10498479,0.59949732,0.69234693,0.18632948,0.69709182,0
0.20079827,-2.4125333,-0.98910308,-0.69234693,-0.18632948,-0.69709182,0
-1.2440598,2.6994786,0.50330353,-0.3505505,0.93127102,0.099239826,0
-1.9333391,2.4908595,0.026216507,-0.3505505,0.93127102,0.099239826,0
0.12992835,-0.9156239,-0.99244201,0.63069016,0.31307429,-0.71008056,0
1.2408278,-0.80309498,0.043867946,0.63069016,0.31307429,-0.71008056,0
-0.89278984,1.6677811,-0.76179314,0.63069016,0.31307429,-0.71008056,0
0.54462886,0.84776878,0.66700447,0.69234693,0.18632948,0.69709182,0
0.31435323,-2.6247888,-1.0451503,-0.69234693,-0.18632948,-0.69709182,0
-1.4066423,1.6132845,-0.46868706,-0.69234693,-0.18632948,-0.69709182,0
0.16776192,-1.8405142,0.041668892,-0.63069016,-0.31307429,0.71008056,0
0.20529139,0.81686181,1.0122936,0.69234693,0.18632948,0.69709182,0
1.5855764,-1.8386194,0.35120201,0.69234693,0.18632948,0.69709182,0
0.24222529,-1.7137555,-1.2170284,-0.69234693,-0.18632948,-0.69709182,0
-1.4872003,2.70333,-0.39169359,-0.3505505,0.93127102,0.099239826,0
-0.66625082,2.9429021,0.26003528,-0.3505505,0.93127102,0.099239826,0
-0.061712623,-1.4364072,-0.98929346,-0.69234693,-0.18632948,-0.69709182,0
0.35480404,-2.9998467,-0.82580495,0.3505505,-0.93127102,-0.099239826,0
1.8156416,-2.5031569,0.30033064,0.69234693,0.18632948,0.69709182,0
-0.67163694,0.21947049,-0.82612932,-0.69234693,-0.18632948,-0.69709182,0
-0.9380579,2.7583385,1.031867,-0.3505505,0.93127102,0.099239826,0
-0.11238873,1.7389956,1.0813293,0.69234693,0.18632948,0.69709182,0
-0.14031291,-2.4365735,-0.64388824,-0.69234693,-0.18632948,-0.69709182,0
1.6820471,-2.5724025,-0.14866519,0.3505505,-0.93127102,-0.099239826,0
1.1485329,-1.3151717,0.64535558,0.69234693,0.18632948,0.69709182,0
-0.0075187683,2.3687317,0.33354938,0.63069016,0.31307429,-0.71008056,0
-1.0771399,2.8357234,-0.18560195,-0.3505505,0.93127102,0.099239826,0
-0.70961338,2.9266777,0.25911331,-0.3505505,0.93127102,0.099239826,0
1.035406,-2.8078027,-0.22382641,0.3505505,-0.93127102,-0.099239826,0
0.80867934,-2.9072738,-0.091264009,0.3505505,-0.93127102,-0.099239826,0
-0.80900896,0.59973562,-0.79133546,-0.69234693,-0.18632948,-0.69709182,0
0.75365961,-2.8627651,-0.70328665,0.3505505,-0.93127102,-0.099239826,0
0.58347952,-1.0490564,0.75986063,-0.63069016,-0.31307429,0.71008056,0
0.67430174,-2.3119254,0.28372979,-0.63069016,-0.31307429,0.71008056,0
-0.75627887,1.2760832,0.59504676,-0.63069016,-0.31307429,0.71008056,0
0.58431232,0.76077259,0.15026242,0.63069016,0.31307429,-0.71008056,0
0.47275102,-3.008817,-0.3249979,0.3505505,-0.93127102,-0.099239826,0
0.28388715,0.19165644,1.0407939,-0.63069016,-0.31307429,0.71008056,0
1.0822088,-2.720973,-0.87331533,0.3505505,-0.93127102,-0.099239826,0
-0.1426262,0.052909225,0.60079318,-0.63069016,-0.31307429,0.71008056,0
0.042684197,1.7674181,0.91971445,0.69234693,0.18632948,0.69709182,0
1.704994,-2.3874218,0.37928963,0.69234693,0.18632948,0.69709182,0
-1.7153406,1.9601538,0.044819593,-0.63069016,-0.31307429,0.71008056,0
-0.53002679,2.9310248,0.85268259,-0.3505505,0.93127102,0.099239826,0
1.3675277,-2.2199841,0.66970372,0.69234693,0.18632948,0.69709182,0
-0.53303301,2.3210256,1.2540474,-0.63069016,-0.31307429,0.71008056,0
-0.33489037,-2.1174583,-0.5268892,-0.63069016,-0.31307429,0.71008056,0
0.21142101,-1.9852438,-1.1138664,-0.69234693,-0.18632948,-0.69709182,0
0.50960773,0.0724141,-0.21958694,0.63069016,0.31307429,-0.71008056,0
1.3919909,-2.651017,-0.43552327,0.3505505,-0.93127102,-0.099239826,0
-0.28365916,1.3221327,-0.37316221,0.63069016,0.31307429,-0.71008056,0
1.4991615,-1.6352408,-0.093574524,0.63069016,0.31307429,-0.71008056,0
1.4715979,-2.6466062,-0.19571543,0.3505505,-0.93127102,-0.099239826,0
1.7871032,-2.5454671,-0.030331135,0.3505505,-0.93127102,-0.099239826,0
-1.1240578,2.5773976,-0.56615448,0.63069016,0.31307429,-0.71008056,0
0.35218656,-3.0430002,-0.43009758,0.3505505,-0.93127102,-0.099239826,0
-0.89284503,2.7751589,1.033735,-0.3505505,0.93127102,0.099239826,0
-1.0313946,2.8529358,-0.18553448,-0.3505505,0.93127102,0.099239826,0
-0.29933935,1.4199231,-0.34397364,0.63069016,0.31307429,-0.71008056,0
0.1045668,-1.1802509,0.27664894,-0.63069016,-0.31307429,0.71008056,0
-0.59334344,1.2054528,-0.69966656,0.63069016,0.31307429,-0.71008056,0
-0.8423683,0.032337129,-0.6065402,-0.69234693,-0.18632948,-0.69709182,0
1.5229384,-1.1332721,0.22487748,0.69234693,0.18632948,0.69709182,0
1.1907225,-2.7004507,-0.68258762,0.3505505,-0.93127102,-0.099239826,0
-1.1606436,2.7983875,-0.13020802,-0.3505505,0.93127102,0.099239826,0
-0.45947802,-0.38936189,-0.87410605,-0.69234693,-0.18632948,-0.69709182,0
0.37423015,-1.2938802,-0.94222736,0.63069016,0.31307429,-0.71008056,0
0.62596488,0.85507774,0.58426839,0.69234693,0.18632948,0.69709182,0
-0.7659061,2.940294,-0.067508459,-0.3505505,0.93127102,0.099239826,0
0.60718501,-2.9187703,-0.69512963,0.3505505,-0.93127102,-0.099239826,0
-0.82948017,1.0738492,-0.8977319,-0.69234693,-0.18632948,-0.69709182,0
1.347862,-2.6841004,-0.28094578,0.3505505,-0.93127102,-0.099239826,0
1.116837,-0.63270915,0.49441642,0.69234693,0.18632948,0.69709182,0
-1.1491345,1.3603647,-0.65683782,-0.69234693,-0.18632948,-0.69709182,0
1.1529268,-2.1966701,-0.64863253,0.63069016,0.31307429,-0.71008056,0
0.92338026,-0.5480808,0.6639356,0.69234693,0.18632948,0.69709182,0
0.53252912,0.45555329,0.78385949,0.69234693,0.18632948,0.69709182,0
-0.92366445,1.5562766,0.56991291,-0.63069016,-0.31307429,0.71008056,0
0.25774482,-1.2932855,0.36286402,-0.63069016,-0.31307429,0.71008056,0
0.78526539,0.14087051,0.61695677,0.69234693,0.18632948,0.69709182,0
0.60625422,0.38020203,0.73077726,0.69234693,0.18632948,0.69709182,0
0.82994711,-1.8323812,-0.77488649,0.63069016,0.31307429,-0.71008056,0
1.356455,-2.7116489,0.0079202652,0.3505505,-0.93127102,-0.099239826,0
-1.4937308,2.6273189,0.29852724,-0.3505505,0.93127102,0.099239826,0
1.3948032,-0.79200214,0.26092064,0.69234693,0.18632948,0.69709182,0
0.18561649,-3.0785699,-0.68469334,0.3505505,-0.93127102,-0.099239826,0
-0.21961817,-0.50807244,0.28507268,-0.63069016,-0.31307429,0.71008056,0
-1.1076993,2.6200674,-0.53281164,0.63069016,0.31307429,-0.71008056,0
-0.4650203,0.15874571,0.36110756,-0.63069016,-0.31307429,0.71008056,0
1.1777587,-2.8253093,0.44329739,0.3505505,-0.93127102,-0.099239826,0
-0.81985199,2.8599195,0.49617338,-0.3505505,0.93127102,0.099239826,0
0.45129919,-3.0013297,-0.47103381,0.3505505,-0.93127102,-0.099239826,0
0.88519657,0.54889601,0.40864229,0.69234693,0.18632948,0.69709182,0
0.47415793,-3.0025501,-0.37883592,0.3505505,-0.93127102,-0.099239826,0
-0.021067142,2.6540606,0.74603665,0.69234693,0.18632948,0.69709182,0
-1.6867466,2.5563388,0.2828064,-0.3505505,0.93127102,0.099239826,0
0.67006409,-0.11533356,-0.15984821,0.63069016,0.31307429,-0.71008056,0
-0.37670293,0.536093,0.60592282,-0.63069016,-0.31307429,0.71008056,0
1.6068621,-2.0461211,0.38552547,0.69234693,0.18632948,0.69709182,0
0.74962318,-2.93156,-0.071968794,0.3505505,-0.93127102,-0.099239826,0
-0.48604846,0.2442416,-1.0170759,-0.69234693,-0.18632948,-0.69709182,0
-1.4337801,1.1542153,-0.060438156,-0.63069016,-0.31307429,0.71008056,0
-1.4947119,2.6284249,0.28468323,-0.3505505,0.93127102,0.099239826,0
-0.026121616,-2.6981792,-0.50868201,-0.63069016,-0.31307429,0.71008056,0
-0.73776984,2.9088986,0.32649112,-0.3505505,0.93127102,0.099239826,0
-0.40287197,0.06151703,0.37343931,-0.63069016,-0.31307429,0.71008056,0
-1.2476007,2.7833967,-0.29669595,-0.3505505,0.93127102,0.099239826,0
0.055893898,2.0952911,0.8189559,0.69234693,0.18632948,0.69709182,0
-0.14999342,-1.6651978,-0.84045875,-0.69234693,-0.18632948,-0.69709182,0
0.46209455,1.3831264,0.60587835,0.69234693,0.18632948,0.69709182,0
-1.3447795,0.85311782,-0.32693982,-0.69234693,-0.18632948,-0.69709182,0
-0.29195464,1.6694348,1.1808858,-0.63069016,-0.31307429,0.71008056,0
-0.25440776,3.062501,0.59248972,-0.3505505,0.93127102,0.099239826,0
0.045521855,-1.9112891,-0.9688642,-0.69234693,-0.18632948,-0.69709182,0
-0.1143018,1.8687184,1.0485549,0.69234693,0.18632948,0.69709182,0
-0.5993917,-1.3991244,-0.4451049,-0.63069016,-0.31307429,0.71008056,0
0.7794832,0.45846301,0.53780842,0.69234693,0.18632948,0.69709182,0
-0.47030568,2.4263642,1.2530794,0.69234693,0.18632948,0.69709182,0
0.9855625,-0.039888263,0.46633899,0.69234693,0.18632948,0.69709182,0
1.1126313,-2.7988601,-0.034957409,0.3505505,-0.93127102,-0.099239826,0
-0.93935573,-0.31823203,-0.4165073,-0.69234693,-0.18632948,-0.69709182,0
1.3922795,-2.6970749,-0.0022952557,0.3505505,-0.93127102,-0.099239826,0
-0.30546319,-0.86690795,-0.89942658,-0.69234693,-0.18632948,-0.69709182,0
1.2301768,-2.7816174,0.21844959,0.3505505,-0.93127102,-0.099239826,0
-0.48650336,-0.2054486,-0.8964237,-0.69234693,-0.18632948,-0.69709182,0
-1.7191179,2.6157956,-0.38948464,-0.3505505,0.93127102,0.099239826,0
-1.435129,2.656857,0.2283411,-0.3505505,0.93127102,0.099239826,0
-0.66580653,2.8743992,0.90443826,-0.3505505,0.93127102,0.099239826,0
-1.6951915,2.5655365,0.16666484,-0.3505505,0.93127102,0.099239826,0
0.11352044,-0.062613711,0.77736735,-0.63069016,-0.31307429,0.71008056,0
-1.5431299,2.6769049,-0.3412869,-0.3505505,0.93127102,0.099239826,0
0.35745454,-2.1671939,-1.2102714,-0.69234693,-0.18632948,-0.69709182,0
0.32934564,-0.30230135,0.86338413,-0.63069016,-0.31307429,0.71008056,0
0.75320435,-1.770676,0.5924474,-0.63069016,-0.31307429,0.71008056,0
1.6558199,-2.6205482,0.21049237,0.3505505,-0.93127102,-0.099239826,0
-0.76252663,-0.6295644,-0.50891519,-0.69234693,-0.18632948,-0.69709182,0
-1.8562002,2.5387681,-0.15088081,-0.3505505,0.93127102,0.099239826,0
0.47651023,0.94618726,0.13626236,0.63069016,0.31307429,-0.71008056,0
0.82127249,-2.9033384,-0.08371067,0.3505505,-0.93127102,-0.099239826,0
0.33535004,0.9107852,0.85801482,0.69234693,0.18632948,0.69709182,0
-0.32497501,1.413167,-0.36972165,0.63069016,0.31307429,-0.71008056,0
-0.09811604,1.9550263,1.0094097,0.69234693,0.18632948,0.69709182,0
-0.89067352,0.99718982,0.35271418,-0.63069016,-0.31307429,0.71008056,0
0.65033412,0.2644006,0.71795046,0.69234693,0.18632948,0.69709182,0
-0.31273556,-0.66448736,0.13340291,-0.63069016,-0.31307429,0.71008056,0
1.5205951,-2.6294782,-0.18337083,0.3505505,-0.93127102,-0.099239826,0
-0.2497499,-1.456391,-0.79719448,-0.69234693,-0.18632948,-0.69709182,0
0.44376636,-2.4344902,-1.2245483,-0.69234693,-0.18632948,-0.69709182,0
0.79240799,-2.872268,-0.4772346,0.3505505,-0.93127102,-0.099239826,0
0.02509737,-1.9973757,-0.9255681,-0.69234693,-0.18632948,-0.69709182,0
-1.0572503,0.034573436,-0.21965569,-0.63069016,-0.31307429,0.71008056,0
-0.35425997,-1.8280272,-0.41648316,-0.63069016,-0.31307429,0.71008056,0
-0.40906185,0.80826533,-0.71110833,0.63069016,0.31307429,-0.71008056,0
1.6267049,-2.5895207,-0.1835134,0.3505505,-0.93127102,-0.099239826,0
-0.35110712,0.023285061,0.40256011,-0.63069016,-0.31307429,0.71008056,0
1.5005648,-2.6369183,-0.18430614,0.3505505,-0.93127102,-0.099239826,0
-1.4644277,2.6403401,0.27984309,-0.3505505,0.93127102,0.099239826,0
-0.31329536,2.3959012,1.1052804,0.69234693,0.18632948,0.69709182,0
0.55822301,-1.4670186,0.55314839,-0.63069016,-0.31307429,0.71008056,0
-0.60270786,1.0036706,0.61134112,-0.63069016,-0.31307429,0.71008056,0
0.40507388,1.7797439,0.55649698,0.69234693,0.18632948,0.69709182,0
-0.64341223,1.890264,-0.44220448,0.63069016,0.31307429,-0.71008056,0
-0.961263,2.8884451,-0.27102709,-0.3505505,0.93127102,0.099239826,0
-1.7781382,2.5599644,-0.074044704,-0.3505505,0.93127102,0.099239826,0
0.57680464,-1.0755014,-0.66601849,0.63069016,0.31307429,-0.71008056,0
-0.074153662,3.1077802,0.67748427,0.69234693,0.18632948,0.69709182,0
-0.28760195,3.023165,0.84436703,-0.3505505,0.93127102,0.099239826,0
0.87243831,-2.7799525,-1.060833,0.3505505,-0.93127102,-0.099239826,0
0.061309576,1.9699069,0.84709191,0.69234693,0.18632948,0.69709182,0
-0.37268889,-0.59713262,-0.90476829,-0.69234693,-0.18632948,-0.69709182,0
-0.55037653,-0.13829041,-0.85093647,-0.69234693,-0.18632948,-0.69709182,0
1.3584495,-2.753654,0.40914345,0.3505505,-0.93127102,-0.099239826,0
1.3555728,-1.8868848,0.59254122,0.69234693,0.18632948,0.69709182,0
1.5058126,-1.1680607,0.25118554,0.69234693,0.18632948,0.69709182,0
