0.7572118,-0.025139574,0.95459807,-0.39451393,-0.40234166,0.82612348,0
-1.5915656,2.165307,0.76601231,0.51882863,0.64449084,0.56164807,0
2.4954913,-2.4874618,-0.21801281,0.75840348,-0.65019441,0.045514226,0
-2.0629141,0.72420037,-0.70585442,-0.51882863,-0.64449084,-0.56164807,0
-1.6059288,2.753603,0.10421133,0.51882863,0.64449084,0.56164807,0
2.643276,-2.2779288,0.31273866,0.75840348,-0.65019441,0.045514226,0
0.17145562,-1.3708514,-0.36580729,-0.51882863,-0.64449084,-0.56164807,0
-0.45949835,0.080001056,0.42476621,-0.39451393,-0.40234166,0.82612348,0
-0.97374463,-0.49419987,-0.31387293,-0.51882863,-0.64449084,-0.56164807,0
-0.84868956,-0.48270473,-0.035142481,-0.39451393,-0.40234166,0.82612348,0
-0.58643132,-0.67609608,-0.46293223,-0.51882863,-0.64449084,-0.56164807,0
-0.049597263,-1.2295822,-0.32371357,-0.51882863,-0.64449084,-0.56164807,0
-0.42995656,1.4491329,0.51477242,0.51882863,0.64449084,0.56164807,0
3.0109491,-1.8663706,0.065523386,0.75840348,-0.65019441,0.045514226,0
1.1469827,-1.6401901,-0.85630834,0.39451393,0.40234166,-0.82612348,0
-2.7810063,2.1419721,0.040049553,-0.75840348,0.65019441,-0.045514226,0
0.73747647,0.37053502,0.67403388,0.51882863,0.64449084,0.56164807,0
-2.4429052,2.2270248,-0.6872282,0.39451393,0.40234166,-0.82612348,0
-2.1929903,0.63472641,-0.48302388,-0.51882863,-0.64449084,-0.56164807,0
-2.7786832,1.2078717,-0.13345671,-0.39451393,-0.40234166,0.82612348,0
0.31298974,0.73560596,-0.097511217,0.39451393,0.40234166,-0.82612348,0
0.49690807,-1.7820604,-0.1945855,-0.51882863,-0.64449084,-0.56164807,0
-1.4473294,1.5200649,0.65437412,-0.39451393,-0.40234166,0.82612348,0
2.2138102,-2.8237171,-0.32794261,0.75840348,-0.65019441,0.045514226,0
-0.28238744,-0.16807747,-0.82194781,0.39451393,0.40234166,-0.82612348,0
2.2754493,-2.7737231,-0.69960022,-0.51882863,-0.64449084,-0.56164807,0
-2.4194801,2.5777941,0.24188423,-0.75840348,0.65019441,-0.045514226,0
2.6818023,-2.1072354,0.85965323,-0.39451393,-0.40234166,0.82612348,0
-1.1726453,0.93906033,-0.7078867,0.39451393,0.40234166,-0.82612348,0
-1.2998456,2.2756562,0.36990702,0.51882863,0.64449084,0.56164807,0
-3.1733863,1.6433475,-0.54483747,-0.75840348,0.65019441,-0.045514226,0
2.3506756,-2.6529076,-0.16842294,0.75840348,-0.65019441,0.045514226,0
1.48522,-0.37297964,0.83648026,0.51882863,0.64449084,0.56164807,0
1.0126334,-0.13473457,0.99965125,0.51882863,0.64449084,0.56164807,0
-0.055474341,0.032494187,-0.61590272,0.39451393,0.40234166,-0.82612348,0
-0.6019392,1.0055375,0.80750197,-0.39451393,-0.40234166,0.82612348,0
-0.012384892,-0.88212514,-0.75679564,-0.51882863,-0.64449084,-0.56164807,0
-3.0223293,1.7907898,-0.95561099,-0.75840348,0.65019441,-0.045514226,0
-2.3456001,2.6577086,0.15244603,-0.75840348,0.65019441,-0.045514226,0
-2.9550881,1.9359367,-0.0025501251,-0.75840348,0.65019441,-0.045514226,0
-2.9775863,1.2143048,-0.42331052,-0.51882863,-0.64449084,-0.56164807,0
3.158762,-1.6802508,0.26134038,0.75840348,-0.65019441,0.045514226,0
-2.6907132,1.1701062,-0.10983968,-0.39451393,-0.40234166,0.82612348,0
2.2328734,-2.7658529,0.18102431,0.75840348,-0.65019441,0.045514226,0
1.9604154,-0.82926285,0.92109811,0.51882863,0.64449084,0.56164807,0
1.4415526,-2.6390824,-0.083779097,-0.51882863,-0.64449084,-0.56164807,0
2.2291403,-2.8185322,-0.50931859,0.75840348,-0.65019441,0.045514226,0
0.81048721,-0.52643597,0.73589641,-0.39451393,-0.40234166,0.82612348,0
2.7675419,-2.1659184,-0.15776896,0.75840348,-0.65019441,0.045514226,0
3.091011,-1.7328261,0.63920951,0.75840348,-0.65019441,0.045514226,0
2.426157,-2.57306,-0.28550506,0.75840348,-0.65019441,0.045514226,0
2.2804608,-0.61235857,0.37655497,0.51882863,0.64449084,0.56164807,0
-2.4919863,2.4635692,-0.1817162,-0.75840348,0.65019441,-0.045514226,0
0.15643954,1.0781145,0.39882609,0.51882863,0.64449084,0.56164807,0
0.65943539,-0.31952667,-0.44594115,0.39451393,0.40234166,-0.82612348,0
0.67117023,-1.1532857,-0.84639776,0.39451393,0.40234166,-0.82612348,0
0.4190515,-1.0779922,0.28034604,-0.39451393,-0.40234166,0.82612348,0
2.8244238,-0.99123013,0.30881763,0.51882863,0.64449084,0.56164807,0
0.23348451,1.0887175,0.036494918,0.39451393,0.40234166,-0.82612348,0
-0.42658818,-0.5648281,-0.73826915,-0.51882863,-0.64449084,-0.56164807,0
-1.3220202,0.83816624,0.38211477,-0.39451393,-0.40234166,0.82612348,0
2.7356598,-2.141736,0.71893764,0.75840348,-0.65019441,0.045514226,0
-0.12087846,-0.49750143,-0.90525675,0.39451393,0.40234166,-0.82612348,0
-2.0636411,0.8371042,-0.83474004,-0.51882863,-0.64449084,-0.56164807,0
1.0310645,-1.46593,0.38367689,-0.39451393,-0.40234166,0.82612348,0
1.0188718,-0.75902283,0.72213489,-0.39451393,-0.40234166,0.82612348,0
2.2213912,-2.8000288,-0.11587381,0.75840348,-0.65019441,0.045514226,0
-2.3219938,2.7056417,0.44384027,-0.75840348,0.65019441,-0.045514226,0
-1.3251574,-0.31170845,-0.17939973,-0.39451393,-0.40234166,0.82612348,0
2.25315,-2.7389138,0.22799563,0.75840348,-0.65019441,0.045514226,0
1.0437444,0.54087305,0.19565254,0.51882863,0.64449084,0.56164807,0
2.4168944,-2.6007905,-0.52731133,0.75840348,-0.65019441,0.045514226,0
2.7090833,-2.2330856,-0.14320111,0.75840348,-0.65019441,0.045514226,0
-3.0827003,1.743582,-0.62403107,-0.75840348,0.65019441,-0.045514226,0
-3.0086048,1.8709624,-0.038995743,-0.75840348,0.65019441,-0.045514226,0
-0.0092046261,1.3320012,0.039084017,0.39451393,0.40234166,-0.82612348,0
2.9540131,-1.8801897,0.81683946,0.75840348,-0.65019441,0.045514226,0
-1.3639922,0.13346058,0.018862724,-0.39451393,-0.40234166,0.82612348,0
-0.97291207,0.67954946,0.47158051,-0.39451393,-0.40234166,0.82612348,0
-2.4052489,1.86428,0.36456227,-0.39451393,-0.40234166,0.82612348,0
-1.7680887,2.9325271,0.048692942,0.51882863,0.64449084,0.56164807,0
2.5564404,-2.4320822,-0.44247961,0.75840348,-0.65019441,0.045514226,0
-0.62641823,-0.2060349,0.20574754,-0.39451393,-0.40234166,0.82612348,0
2.9909048,-1.8459048,0.69188714,0.75840348,-0.65019441,0.045514226,0
-2.4510517,1.8802969,-0.85998297,0.39451393,0.40234166,-0.82612348,0
-1.889895,1.9720252,0.6631434,-0.39451393,-0.40234166,0.82612348,0
2.8046167,-2.0651083,0.66457033,0.75840348,-0.65019441,0.045514226,0
-2.9320028,1.5573311,-0.85904145,-0.51882863,-0.64449084,-0.56164807,0
-2.5912192,2.3600502,-0.007019043,-0.75840348,0.65019441,-0.045514226,0
1.648321,-1.8531086,0.48988152,-0.39451393,-0.40234166,0.82612348,0
2.1884913,-0.60262734,0.45034623,0.51882863,0.64449084,0.56164807,0
-0.2903223,-0.8182497,-0.57334518,-0.51882863,-0.64449084,-0.56164807,0
-2.4086466,2.6062412,0.46774817,-0.75840348,0.65019441,-0.045514226,0
2.5214863,-2.4264662,0.22018838,0.75840348,-0.65019441,0.045514226,0
-2.608021,1.1312037,-0.6693418,-0.51882863,-0.64449084,-0.56164807,0
-0.67104971,1.6575243,0.49835581,0.51882863,0.64449084,0.56164807,0
-3.0348687,1.8006315,-0.60607505,-0.75840348,0.65019441,-0.045514226,0
-1.7486866,1.1329354,0.32192063,-0.39451393,-0.40234166,0.82612348,0
0.88247323,-0.29695481,-0.32843679,0.39451393,0.40234166,-0.82612348,0
-3.0552583,1.8081844,-0.15842462,-0.75840348,0.65019441,-0.045514226,0
2.7270169,-1.1362753,0.14365315,0.39451393,0.40234166,-0.82612348,0
-2.7007742,2.2240691,-0.12406135,-0.75840348,0.65019441,-0.045514226,0
0.32442939,-0.59345829,-0.73933399,0.39451393,0.40234166,-0.82612348,0
-1.7188146,1.7060727,-0.5951556,0.39451393,0.40234166,-0.82612348,0
0.31206965,-1.0244706,0.25532335,-0.39451393,-0.40234166,0.82612348,0
-2.3939943,1.2192929,-0.96813393,-0.51882863,-0.64449084,-0.56164807,0
3.2259431,-1.5908766,0.16051269,0.39451393,0.40234166,-0.82612348,0
-0.48151088,-0.57124966,-0.68016493,-0.51882863,-0.64449084,-0.56164807,0
1.7751305,-2.8439984,-0.1567843,-0.51882863,-0.64449084,-0.56164807,0
3.0877981,-1.7557366,0.36546159,0.75840348,-0.65019441,0.045514226,0
1.0342289,-2.3300662,-0.035666704,-0.39451393,-0.40234166,0.82612348,0
-1.2840619,0.099711239,-0.70872676,-0.51882863,-0.64449084,-0.56164807,0
-2.2902684,0.9694531,-0.016330957,-0.39451393,-0.40234166,0.82612348,0
3.0902267,-1.7540442,0.34916854,0.75840348,-0.65019441,0.045514226,0
-0.71641731,0.15371065,-0.87249964,0.39451393,0.40234166,-0.82612348,0
-1.7739263,0.58346087,-0.8113116,-0.51882863,-0.64449084,-0.56164807,0
2.2896385,-2.7181938,-0.084015131,0.75840348,-0.65019441,0.045514226,0
-2.6706688,2.0635209,0.33484674,-0.39451393,-0.40234166,0.82612348,0
-1.1204324,1.8330572,-0.24755466,0.39451393,0.40234166,-0.82612348,0
-0.73364061,0.50644553,-0.70893437,0.39451393,0.40234166,-0.82612348,0
-0.28147674,1.2091328,0.65301251,0.51882863,0.64449084,0.56164807,0
2.3872464,-2.4337714,-0.65051556,0.39451393,0.40234166,-0.82612348,0
1.0123713,-1.7415689,-0.71721435,-0.51882863,-0.64449084,-0.56164807,0
2.2844045,-1.937022,0.75277448,-0.39451393,-0.40234166,0.82612348,0
3.2963285,-1.5058043,0.46112919,0.75840348,-0.65019441,0.045514226,0
0.54437459,0.48313528,0.72320515,0.51882863,0.64449084,0.56164807,0
-0.98820293,0.6862753,-0.74291885,0.39451393,0.40234166,-0.82612348,0
-2.214591,2.7993793,-0.0067253113,-0.75840348,0.65019441,-0.045514226,0
2.8818517,-1.951718,0.99744821,0.75840348,-0.65019441,0.045514226,0
1.0431112,-1.5776333,-0.87544537,0.39451393,0.40234166,-0.82612348,0
-1.6287549,2.5418601,0.36827183,0.51882863,0.64449084,0.56164807,0
3.0372519,-1.146988,0.29094768,0.51882863,0.64449084,0.56164807,0
-2.8380437,2.0275106,-0.64468265,-0.75840348,0.65019441,-0.045514226,0
-1.7998687,2.7753918,0.25836205,0.51882863,0.64449084,0.56164807,0
-2.9706223,1.3444165,-0.57904696,-0.51882863,-0.64449084,-0.56164807,0
2.6993306,-2.2077067,0.38186407,0.75840348,-0.65019441,0.045514226,0
-3.0269895,1.8475113,-0.067661524,-0.75840348,0.65019441,-0.045514226,0
-2.6303368,2.3249443,0.14329743,-0.75840348,0.65019441,-0.045514226,0
3.0243592,-1.8056536,0.70945144,0.75840348,-0.65019441,0.045514226,0
-0.015198827,1.4508772,0.094117016,0.39451393,0.40234166,-0.82612348,0
1.7349893,-2.7317035,-0.24856162,-0.51882863,-0.64449084,-0.56164807,0
2.0652575,-2.3435199,-0.76032591,0.39451393,0.40234166,-0.82612348,0
0.80894065,-1.1849976,0.41442281,-0.39451393,-0.40234166,0.82612348,0
2.1505594,-2.8922296,-0.25273323,0.75840348,-0.65019441,0.045514226,0
1.7056333,-0.54562378,0.83098006,0.51882863,0.64449084,0.56164807,0
2.6156597,-2.2926607,0.56246042,0.75840348,-0.65019441,0.045514226,0
1.1840186,-2.4327843,-0.082605958,-0.51882863,-0.64449084,-0.56164807,0
-2.2720106,2.772929,0.57220292,-0.75840348,0.65019441,-0.045514226,0
-1.2360904,0.17180136,-0.83576441,-0.51882863,-0.64449084,-0.56164807,0
2.5593624,-2.3810015,0.23854542,0.75840348,-0.65019441,0.045514226,0
1.1150362,-0.19647399,0.97590148,0.51882863,0.64449084,0.56164807,0
-0.03867209,-0.93561006,-0.67113882,-0.51882863,-0.64449084,-0.56164807,0
-2.577019,0.90406322,-0.43733692,-0.51882863,-0.64449084,-0.56164807,0
2.5063298,-2.422703,0.52649784,0.75840348,-0.65019441,0.045514226,0
-0.93794006,0.5080446,-0.80571836,0.39451393,0.40234166,-0.82612348,0
3.0858901,-1.7614751,0.31527042,0.75840348,-0.65019441,0.045514226,0
1.3873972,-1.7177715,-0.77928269,0.39451393,0.40234166,-0.82612348,0
-2.7811871,2.0883784,-0.72255373,-0.75840348,0.65019441,-0.045514226,0
0.22084761,-1.004842,-0.83142936,-0.51882863,-0.64449084,-0.56164807,0
-2.6568019,2.3035731,0.27898955,-0.75840348,0.65019441,-0.045514226,0
-1.4963671,1.4973173,0.61987782,-0.39451393,-0.40234166,0.82612348,0
2.2760921,-1.2066015,1.0624843,0.51882863,0.64449084,0.56164807,0
-2.7437878,1.3842756,-0.030879736,-0.39451393,-0.40234166,0.82612348,0
0.39969134,-0.090768583,0.75190187,-0.39451393,-0.40234166,0.82612348,0
3.0691824,-1.7483883,0.78062987,0.75840348,-0.65019441,0.045514226,0
0.78510678,0.50689995,0.47355607,0.51882863,0.64449084,0.56164807,0
2.8002868,-2.0903976,0.37544799,0.75840348,-0.65019441,0.045514226,0
2.1076436,-2.9289951,-0.062839746,0.75840348,-0.65019441,0.045514226,0
-2.6844668,1.3857148,-0.89077568,-0.51882863,-0.64449084,-0.56164807,0
-0.91246331,-0.45652702,-0.052848399,-0.39451393,-0.40234166,0.82612348,0
-2.4999683,2.4521968,-0.21116853,-0.75840348,0.65019441,-0.045514226,0
-2.6568117,2.254317,-0.42449379,-0.75840348,0.65019441,-0.045514226,0
-0.10074288,0.098013341,0.60486162,-0.39451393,-0.40234166,0.82612348,0
0.41623986,-1.6672914,-0.25176483,-0.51882863,-0.64449084,-0.56164807,0
3.1073561,-1.7346406,0.34092927,0.75840348,-0.65019441,0.045514226,0
-2.6634896,2.2759142,-0.0046989918,-0.75840348,0.65019441,-0.045514226,0
2.728301,-2.2023654,-0.024567842,0.75840348,-0.65019441,0.045514226,0
2.8453565,-2.0494797,0.20898438,0.75840348,-0.65019441,0.045514226,0
-1.4381254,-0.18343389,-0.24150026,-0.51882863,-0.64449084,-0.56164807,0
-1.3401457,1.072922,0.48779047,-0.39451393,-0.40234166,0.82612348,0
2.3920786,-2.616986,-0.34516811,0.75840348,-0.65019441,0.045514226,0
-1.8129579,0.44819105,-0.62003362,-0.51882863,-0.64449084,-0.56164807,0
0.76031464,0.067551076,1.0006107,0.51882863,0.64449084,0.56164807,0
1.209056,-1.6195637,0.39385331,-0.39451393,-0.40234166,0.82612348,0
2.2782755,-2.1306524,-0.5549283,0.39451393,0.40234166,-0.82612348,0
-0.10372758,1.0061628,0.72172266,0.51882863,0.64449084,0.56164807,0
2.1548054,-1.8363417,0.73991799,-0.39451393,-0.40234166,0.82612348,0
-1.5943139,0.52624226,-0.91157222,-0.51882863,-0.64449084,-0.56164807,0
-2.7747209,2.1410747,-0.077503443,-0.75840348,0.65019441,-0.045514226,0
-2.4133077,2.5580108,-0.14358544,-0.75840348,0.65019441,-0.045514226,0
2.5819411,-2.3670583,0.061505079,0.75840348,-0.65019441,0.045514226,0
2.8296072,-2.0210805,-0.23827624,0.39451393,0.40234166,-0.82612348,0
1.9428058,-3.0495365,-0.075821161,-0.51882863,-0.64449084,-0.56164807,0
2.9973693,-1.8576317,0.41664577,0.75840348,-0.65019441,0.045514226,0
-0.51999986,1.1554966,0.91966546,-0.39451393,-0.40234166,0.82612348,0
2.6450529,-2.2969544,0.011341095,0.75840348,-0.65019441,0.045514226,0
2.8146081,-1.3487706,0.72816324,0.51882863,0.64449084,0.56164807,0
0.75776589,-2.0410347,-0.13838315,-0.51882863,-0.64449084,-0.56164807,0
-2.5618439,2.4062495,0.16348147,-0.75840348,0.65019441,-0.045514226,0
-3.0607443,1.756506,-0.80526447,-0.75840348,0.65019441,-0.045514226,0
-1.5176028,0.96707028,-0.85897887,0.39451393,0.40234166,-0.82612348,0
-2.4293327,2.5355959,-0.1967659,-0.75840348,0.65019441,-0.045514226,0
-2.1846335,2.8306012,-0.059880733,-0.75840348,0.65019441,-0.045514226,0
-2.898792,2.0132957,0.16450429,-0.75840348,0.65019441,-0.045514226,0
-2.8991067,1.5640008,-0.89708281,-0.51882863,-0.64449084,-0.56164807,0
0.068861485,-0.89848459,-0.81307554,-0.51882863,-0.64449084,-0.56164807,0
-2.9580996,1.3342607,-0.5789609,-0.51882863,-0.64449084,-0.56164807,0
-1.9710386,1.4769096,-0.82721281,0.39451393,0.40234166,-0.82612348,0
0.17086147,0.31153646,-0.3719162,0.39451393,0.40234166,-0.82612348,0
-0.83749741,-0.38419652,-0.56596184,-0.51882863,-0.64449084,-0.56164807,0
-0.74262577,1.6580303,-0.15237606,0.39451393,0.40234166,-0.82612348,0
0.16124225,-1.2755513,-0.4657295,-0.51882863,-0.64449084,-0.56164807,0
1.6447955,-1.3925712,-0.49798203,0.39451393,0.40234166,-0.82612348,0
2.2034013,-2.8237629,-0.15515208,0.75840348,-0.65019441,0.045514226,0
-1.5925666,2.5974362,0.27106881,0.51882863,0.64449084,0.56164807,0
2.4631236,-2.5506113,-0.58079267,0.75840348,-0.65019441,0.045514226,0
-1.6785126,0.43064135,-0.72409081,-0.51882863,-0.64449084,-0.56164807,0
-2.6356113,2.3392892,0.43611264,-0.75840348,0.65019441,-0.045514226,0
2.36798,-2.631562,-0.15184116,0.75840348,-0.65019441,0.045514226,0
2.0742981,-2.8174939,-0.46355772,-0.51882863,-0.64449084,-0.56164807,0
3.0244188,-1.7883856,0.95513797,0.75840348,-0.65019441,0.045514226,0
0.2033546,-1.1011096,-0.70480305,-0.51882863,-0.64449084,-0.56164807,0
-0.58816892,1.6593807,-0.077957869,0.39451393,0.40234166,-0.82612348,0
-2.669368,2.2866163,0.2461369,-0.75840348,0.65019441,-0.045514226,0
-2.6837518,2.2079704,-0.63768744,-0.75840348,0.65019441,-0.045514226,0
-3.0683072,1.7437789,-0.86105585,-0.75840348,0.65019441,-0.045514226,0
-1.1900005,0.57669938,-0.89265287,0.39451393,0.40234166,-0.82612348,0
0.24100697,-1.0566695,-0.7905798,-0.51882863,-0.64449084,-0.56164807,0
-3.1277857,1.6968229,-0.54075885,-0.75840348,0.65019441,-0.045514226,0
1.9389428,-2.7537975,-0.41161299,-0.51882863,-0.64449084,-0.56164807,0
2.8268607,-2.1041582,-0.26392221,0.75840348,-0.65019441,0.045514226,0
0.97488517,-1.1304424,-0.69023389,0.39451393,0.40234166,-0.82612348,0
1.405956,-2.1283844,-0.63692236,-0.51882863,-0.64449084,-0.56164807,0
-1.9600513,0.55267334,-0.60404801,-0.51882863,-0.64449084,-0.56164807,0
1.5973122,-2.4342246,-0.46273804,-0.51882863,-0.64449084,-0.56164807,0
1.9584166,-1.7573695,-0.52587867,0.39451393,0.40234166,-0.82612348,0
0.79064685,-1.7107593,0.14962828,-0.39451393,-0.40234166,0.82612348,0
0.897798,0.30685031,-0.027051091,0.39451393,0.40234166,-0.82612348,0
0.025959164,0.15501986,-0.51734138,0.39451393,0.40234166,-0.82612348,0
2.0412483,-2.8376474,-0.40990138,-0.51882863,-0.64449084,-0.56164807,0
-0.55374235,-0.68914557,-0.47815484,-0.51882863,-0.64449084,-0.56164807,0
-1.5556182,0.23023415,-0.60764885,-0.51882863,-0.64449084,-0.56164807,0
-2.09832,2.6529229,0.67459345,0.51882863,0.64449084,0.56164807,0
-0.76372743,-0.68243152,-0.29188314,-0.51882863,-0.64449084,-0.56164807,0
-2.5937736,2.263397,0.46891212,-0.39451393,-0.40234166,0.82612348,0
-2.376287,2.602067,-0.13108945,-0.75840348,0.65019441,-0.045514226,0
-2.1478386,2.9030266,0.3616395,-0.75840348,0.65019441,-0.045514226,0
1.7270783,-0.10217178,0.16976678,0.39451393,0.40234166,-0.82612348,0
-1.1171705,0.95023263,-0.67595351,0.39451393,0.40234166,-0.82612348,0
1.5161797,-1.3764222,-0.55153763,0.39451393,0.40234166,-0.82612348,0
2.3237402,-2.6590557,0.19256711,0.75840348,-0.65019441,0.045514226,0
-2.7762072,2.1095846,-0.50259495,-0.75840348,0.65019441,-0.045514226,0
-2.3802195,2.5854926,-0.30234337,-0.75840348,0.65019441,-0.045514226,0
-3.1833076,1.4813716,-0.19348359,-0.39451393,-0.40234166,0.82612348,0
-2.8972993,1.9890476,-0.20676517,-0.75840348,0.65019441,-0.045514226,0
0.17260897,-1.3625817,-0.37636223,-0.51882863,-0.64449084,-0.56164807,0
1.5278692,0.049638927,0.31212795,0.51882863,0.64449084,0.56164807,0
1.4412709,-0.40960482,0.91910589,0.51882863,0.64449084,0.56164807,0
-1.3795685,-0.26098925,-0.18068194,-0.39451393,-0.40234166,0.82612348,0
-2.2532358,1.940559,0.47430563,-0.39451393,-0.40234166,0.82612348,0
-2.6911066,2.2056499,-0.54827881,-0.75840348,0.65019441,-0.045514226,0
0.29088247,0.80848438,0.58403337,0.51882863,0.64449084,0.56164807,0
1.261544,-2.1116514,-0.52272093,-0.51882863,-0.64449084,-0.56164807,0
-2.8044987,2.0688734,-0.61274886,-0.75840348,0.65019441,-0.045514226,0
-1.0983782,-0.24786338,-0.48141259,-0.51882863,-0.64449084,-0.56164807,0
1.5547802,-0.60786992,1.0417596,0.51882863,0.64449084,0.56164807,0
0.45085415,-0.47241712,0.59046274,-0.39451393,-0.40234166,0.82612348,0
1.3392377,-0.97951972,0.76773763,-0.39451393,-0.40234166,0.82612348,0
1.8915746,-0.28540587,0.36061466,0.51882863,0.64449084,0.56164807,0
-2.7766864,1.4398435,-0.86769962,-0.51882863,-0.64449084,-0.56164807,0
0.49214721,-1.617558,-0.37895399,-0.51882863,-0.64449084,-0.56164807,0
-2.4492984,0.78832579,-0.42251182,-0.51882863,-0.64449084,-0.56164807,0
0.83150458,-1.6450112,-0.66093683,-0.51882863,-0.64449084,-0.56164807,0
-2.2251186,2.8114505,0.3411355,-0.75840348,0.65019441,-0.045514226,0
2.0286021,-1.2707522,-0.25536728,0.39451393,0.40234166,-0.82612348,0
-2.168386,2.849216,-0.064696789,-0.75840348,0.65019441,-0.045514226,0
-2.7807279,2.143877,0.062615395,-0.75840348,0.65019441,-0.045514226,0
-0.40269271,-0.082268476,0.37286448,-0.39451393,-0.40234166,0.82612348,0
-1.683537,0.16132915,-0.41041374,-0.51882863,-0.64449084,-0.56164807,0
-2.6686473,2.2947125,0.44840765,-0.39451393,-0.40234166,0.82612348,0
2.6055596,-2.3238246,0.28555775,0.75840348,-0.65019441,0.045514226,0
-0.2410177,-0.9291321,-0.49165326,-0.51882863,-0.64449084,-0.56164807,0
-3.1003387,1.741996,-0.35278106,-0.75840348,0.65019441,-0.045514226,0
-1.5108039,-0.10793877,-0.26099324,-0.51882863,-0.64449084,-0.56164807,0
2.2625229,-0.572716,0.19630146,0.39451393,0.40234166,-0.82612348,0
2.9366078,-1.4951661,0.78345323,0.51882863,0.64449084,0.56164807,0
-2.6732373,2.2544837,-0.14841938,-0.75840348,0.65019441,-0.045514226,0
-3.2829394,1.5061389,-0.4761169,-0.51882863,-0.64449084,-0.56164807,0
-0.80008543,1.8794274,0.36292028,0.51882863,0.64449084,0.56164807,0
-0.15900326,-0.91165066,0.085309252,-0.39451393,-0.40234166,0.82612348,0
-1.9941405,2.4591413,0.80072045,0.51882863,0.64449084,0.56164807,0
2.1633806,-2.8854649,-0.36973786,0.75840348,-0.65019441,0.045514226,0
-0.50333941,1.1967099,0.87221611,0.51882863,0.64449084,0.56164807,0
-0.65354502,0.079085335,-0.87881929,0.39451393,0.40234166,-0.82612348,0
0.17724216,0.70839006,0.80386806,0.51882863,0.64449084,0.56164807,0
1.3685156,-2.3906655,-0.30136871,-0.51882863,-0.64449084,-0.56164807,0
-0.25584918,1.008994,-0.23601279,0.39451393,0.40234166,-0.82612348,0
2.684551,-2.2453625,0.090198994,0.75840348,-0.65019441,0.045514226,0
2.8948331,-1.9526308,0.76809669,0.75840348,-0.65019441,0.045514226,0
-2.4477425,2.5733778,0.64973164,-0.75840348,0.65019441,-0.045514226,0
-1.9057891,2.41553,0.76914954,0.51882863,0.64449084,0.56164807,0
-1.9264535,2.6690328,0.49734354,0.51882863,0.64449084,0.56164807,0
2.7301216,-2.1473293,0.73131275,0.75840348,-0.65019441,0.045514226,0
2.1041398,-2.9502845,-0.33874726,-0.51882863,-0.64449084,-0.56164807,0
-1.9985192,0.92930382,-1.0006961,-0.51882863,-0.64449084,-0.56164807,0
2.9716649,-1.883136,0.48061657,0.75840348,-0.65019441,0.045514226,0
-2.4762466,2.4684739,-0.37391424,-0.75840348,0.65019441,-0.045514226,0
-0.38711971,1.4038202,-0.10641104,0.39451393,0.40234166,-0.82612348,0
0.62316847,0.8551628,0.22351697,0.51882863,0.64449084,0.56164807,0
0.40830731,-0.79390478,-0.79690033,0.39451393,0.40234166,-0.82612348,0
0.94391143,-0.98375601,0.57688731,-0.39451393,-0.40234166,0.82612348,0
-2.3008389,2.7499471,0.72426033,-0.75840348,0.65019441,-0.045514226,0
-2.2897747,2.7392719,0.38739252,-0.75840348,0.65019441,-0.045514226,0
1.3652375,-1.6227419,0.4668895,-0.39451393,-0.40234166,0.82612348,0
2.8540242,-2.0464797,0.10741353,0.75840348,-0.65019441,0.045514226,0
2.1930349,-1.9430511,-0.50426793,0.39451393,0.40234166,-0.82612348,0
-1.077577,0.11382338,-0.9156633,-0.51882863,-0.64449084,-0.56164807,0
2.7421389,-2.1706233,0.19830155,0.75840348,-0.65019441,0.045514226,0
-0.75749624,-0.38883829,-0.63453746,-0.51882863,-0.64449084,-0.56164807,0
-1.1824775,0.45316982,-0.94922209,0.39451393,0.40234166,-0.82612348,0
1.6882807,-0.49244195,0.78598356,0.51882863,0.64449084,0.56164807,0
0.78786683,-1.664614,0.17077434,-0.39451393,-0.40234166,0.82612348,0
-2.3073351,2.6766801,-0.21415329,-0.75840348,0.65019441,-0.045514226,0
-0.86617762,0.20401631,-0.91951734,0.39451393,0.40234166,-0.82612348,0
0.93038058,-1.8587759,-0.50697947,-0.51882863,-0.64449084,-0.56164807,0
-0.74276876,-0.56396055,-0.44718924,-0.51882863,-0.64449084,-0.56164807,0
-0.80497158,0.67124063,-0.66273916,0.39451393,0.40234166,-0.82612348,0
0.93613958,-1.8981481,0.12784517,-0.39451393,-0.40234166,0.82612348,0
-1.4018244,-0.025091767,-0.4567312,-0.51882863,-0.64449084,-0.56164807,0
-0.76172316,1.5830982,0.66752058,0.51882863,0.64449084,0.56164807,0
0.12225211,-0.92114484,-0.83639312,-0.51882863,-0.64449084,-0.56164807,0
-2.3391376,2.678067,0.33558631,-0.75840348,0.65019441,-0.045514226,0
0.69218445,-1.0311089,0.43361348,-0.39451393,-0.40234166,0.82612348,0
0.50142097,-0.34494194,0.67669427,-0.39451393,-0.40234166,0.82612348,0
-2.3503819,1.1870351,-0.97140574,-0.51882863,-0.64449084,-0.56164807,0
0.072939873,0.37662545,0.82349426,-0.39451393,-0.40234166,0.82612348,0
-1.3740628,2.1331708,0.60196781,0.51882863,0.64449084,0.56164807,0
3.2675629,-1.4335831,0.40706372,0.51882863,0.64449084,0.56164807,0
-1.3708196,0.4398019,-1.0188376,-0.51882863,-0.64449084,-0.56164807,0
-2.6499741,2.273387,-0.26601338,-0.75840348,0.65019441,-0.045514226,0
-2.5724759,2.3811841,-0.017423391,-0.75840348,0.65019441,-0.045514226,0
-0.14178753,-1.3276378,-0.12603313,-0.51882863,-0.64449084,-0.56164807,0
-2.4937935,0.94813132,-0.56478548,-0.51882863,-0.64449084,-0.56164807,0
-2.7425604,2.1723998,-0.16590023,-0.75840348,0.65019441,-0.045514226,0
-0.57947493,1.6665936,-0.070293188,0.39451393,0.40234166,-0.82612348,0
-1.0030291,-0.24553677,-0.57216215,-0.51882863,-0.64449084,-0.56164807,0
1.6541762,-0.48264706,0.80624843,0.51882863,0.64449084,0.56164807,0
1.059248,0.14610752,0.63432431,0.51882863,0.64449084,0.56164807,0
2.7997937,-2.1023803,0.21248388,0.75840348,-0.65019441,0.045514226,0
-2.0433981,1.7346673,-0.73623347,0.39451393,0.40234166,-0.82612348,0
0.16706884,0.055179864,0.7118938,-0.39451393,-0.40234166,0.82612348,0
0.64466441,0.45769501,0.65975398,0.51882863,0.64449084,0.56164807,0
1.8573302,-2.1487257,-0.76475191,0.39451393,0.40234166,-0.82612348,0
0.12816298,0.70604825,0.85189265,0.51882863,0.64449084,0.56164807,0
-3.0633693,1.7600527,-0.71085572,-0.75840348,0.65019441,-0.045514226,0
-1.6513895,2.7658808,0.13211727,0.51882863,0.64449084,0.56164807,0
2.8518405,-2.0179222,0.55175447,0.75840348,-0.65019441,0.045514226,0
1.1209662,-2.0191772,0.15716469,-0.39451393,-0.40234166,0.82612348,0
-1.1186563,1.9489495,0.57742727,0.51882863,0.64449084,0.56164807,0
2.5020068,-1.1644045,0.022500038,0.39451393,0.40234166,-0.82612348,0
-2.97401,1.9121559,-0.026978254,-0.75840348,0.65019441,-0.045514226,0
-0.43123782,-0.67255557,-0.61035669,-0.51882863,-0.64449084,-0.56164807,0
-0.086075902,0.63758022,0.87464774,-0.39451393,-0.40234166,0.82612348,0
0.96549737,0.42230844,0.40398705,0.51882863,0.64449084,0.56164807,0
2.3494842,-2.6540365,-0.16470838,0.75840348,-0.65019441,0.045514226,0
2.9584842,-1.8845679,0.6797905,0.75840348,-0.65019441,0.045514226,0
-0.083186626,-1.2057743,-0.021729827,-0.39451393,-0.40234166,0.82612348,0
-0.53904307,0.28171843,0.48502085,-0.39451393,-0.40234166,0.82612348,0
2.7512727,-2.1803069,-0.092225552,0.75840348,-0.65019441,0.045514226,0
-2.1232619,2.8445141,-0.23385072,0.39451393,0.40234166,-0.82612348,0
0.56810975,-1.200864,-0.91878569,0.39451393,0.40234166,-0.82612348,0
-2.0226841,0.50630027,-0.49297738,-0.51882863,-0.64449084,-0.56164807,0
-0.89626145,1.1388514,0.73187578,-0.39451393,-0.40234166,0.82612348,0
-2.7745771,1.8714001,-1.0188153,0.39451393,0.40234166,-0.82612348,0
2.0116549,-0.93193305,0.99157906,0.51882863,0.64449084,0.56164807,0
2.2412047,-2.3856318,-0.69681215,0.39451393,0.40234166,-0.82612348,0
1.5591416,-2.2115479,0.27272582,-0.39451393,-0.40234166,0.82612348,0
-1.3771379,0.59767193,-0.97180569,0.39451393,0.40234166,-0.82612348,0
0.94461751,-2.1681762,0.00038361549,-0.39451393,-0.40234166,0.82612348,0
-2.0967889,2.8845947,-0.20168829,0.39451393,0.40234166,-0.82612348,0
-2.2099788,2.7705812,-0.31126952,0.39451393,0.40234166,-0.82612348,0
2.5986197,-2.3286848,0.3317678,0.75840348,-0.65019441,0.045514226,0
-0.033592939,0.29005346,0.73045713,-0.39451393,-0.40234166,0.82612348,0
-0.32529265,0.92311692,-0.31099954,0.39451393,0.40234166,-0.82612348,0
0.086385846,0.41316384,0.84771037,-0.39451393,-0.40234166,0.82612348,0
2.7715816,-2.1178095,0.46217036,0.75840348,-0.65019441,0.045514226,0
-3.239382,1.5848956,-0.28017068,-0.75840348,0.65019441,-0.045514226,0
2.8983212,-1.9313509,1.0139673,0.75840348,-0.65019441,0.045514226,0
2.1129818,-2.7661574,-0.5582006,-0.51882863,-0.64449084,-0.56164807,0
-1.18926,2.3435893,-0.031782031,0.39451393,0.40234166,-0.82612348,0
0.079352498,0.98191899,0.58042032,0.51882863,0.64449084,0.56164807,0
2.3449516,-1.6371307,-0.2827301,0.39451393,0.40234166,-0.82612348,0
-2.4550269,1.2235729,-0.91666555,-0.51882863,-0.64449084,-0.56164807,0
0.27680191,0.42644352,-0.26536208,0.39451393,0.40234166,-0.82612348,0
2.2057662,-2.8413281,-0.44548559,0.75840348,-0.65019441,0.045514226,0
2.2005184,-2.0012109,0.68145299,-0.39451393,-0.40234166,0.82612348,0
1.3255446,-2.0659649,0.2320739,-0.39451393,-0.40234166,0.82612348,0
3.3329036,-1.469944,0.36396527,0.75840348,-0.65019441,0.045514226,0
1.0921665,0.18701673,0.55697197,0.51882863,0.64449084,0.56164807,0
0.67930055,-1.0592386,-0.7967118,0.39451393,0.40234166,-0.82612348,0
2.7766821,-2.089906,0.77579784,0.75840348,-0.65019441,0.045514226,0
1.1478287,0.16664577,0.52892923,0.51882863,0.64449084,0.56164807,0
-1.1857121,-0.26179647,-0.38474864,-0.51882863,-0.64449084,-0.56164807,0
2.8802202,-2.0178707,0.079609871,0.75840348,-0.65019441,0.045514226,0
1.8800279,-0.23093271,0.3087734,0.51882863,0.64449084,0.56164807,0
-2.6662884,1.080814,-0.14166307,-0.39451393,-0.40234166,0.82612348,0
-2.2319005,2.7683725,-0.16124392,-0.75840348,0.65019441,-0.045514226,0
2.5690908,-0.98562479,0.53825259,0.51882863,0.64449084,0.56164807,0
2.9949486,-1.8455926,0.62896752,0.75840348,-0.65019441,0.045514226,0
-1.3110306,0.55270308,0.24833548,-0.39451393,-0.40234166,0.82612348,0
-2.3224156,2.6842699,0.1455524,-0.75840348,0.65019441,-0.045514226,0
-2.5134292,2.4835801,0.46145511,-0.75840348,0.65019441,-0.045514226,0
-2.3440289,2.6725397,0.33813047,-0.75840348,0.65019441,-0.045514226,0
-2.2396917,2.7687488,-0.026042223,-0.75840348,0.65019441,-0.045514226,0
2.4742761,-2.5122194,-0.21817589,0.75840348,-0.65019441,0.045514226,0
2.2954683,-2.724086,-0.26532793,0.75840348,-0.65019441,0.045514226,0
1.0296175,-1.6657943,-0.82009745,-0.51882863,-0.64449084,-0.56164807,0
2.3093941,-2.6984091,-0.13056493,0.75840348,-0.65019441,0.045514226,0
-2.7532434,2.1463816,-0.35957599,-0.75840348,0.65019441,-0.045514226,0
-1.4941064,1.9028882,0.81848025,-0.39451393,-0.40234166,0.82612348,0
-0.35195458,1.1187626,0.8218171,0.51882863,0.64449084,0.56164807,0
-0.130983,-1.1000549,-0.39716521,-0.51882863,-0.64449084,-0.56164807,0
-2.1951587,2.8253484,0.040458918,-0.75840348,0.65019441,-0.045514226,0
2.7624693,-1.3865628,0.81969333,0.51882863,0.64449084,0.56164807,0
1.2454307,-0.30659556,-0.1598022,0.39451393,0.40234166,-0.82612348,0
0.42900467,0.36124226,0.9696517,0.51882863,0.64449084,0.56164807,0
-0.8826856,-0.3026225,0.036327064,-0.39451393,-0.40234166,0.82612348,0
-2.7420878,2.1895919,0.071822643,-0.75840348,0.65019441,-0.045514226,0
2.221395,-1.2469974,1.0587425,-0.39451393,-0.40234166,0.82612348,0
1.8402441,-2.3038578,-0.83674526,-0.51882863,-0.64449084,-0.56164807,0
-1.9949015,2.6020725,-0.29062724,0.39451393,0.40234166,-0.82612348,0
-0.42395425,0.92030841,0.85098988,-0.39451393,-0.40234166,0.82612348,0
0.42181277,0.32534766,0.96512443,-0.39451393,-0.40234166,0.82612348,0
-2.3254681,2.6512632,-0.27509761,-0.75840348,0.65019441,-0.045514226,0
-1.2959208,1.7220008,-0.38544607,0.39451393,0.40234166,-0.82612348,0
-1.1755214,1.79974,0.80117476,0.51882863,0.64449084,0.56164807,0
-3.0946259,1.4425031,-0.57705164,-0.51882863,-0.64449084,-0.56164807,0
-0.51727891,-0.76808029,-0.42126089,-0.51882863,-0.64449084,-0.56164807,0
-0.19685364,-0.72289562,-0.76910657,-0.51882863,-0.64449084,-0.56164807,0
0.07900244,-0.2927677,-0.71009374,0.39451393,0.40234166,-0.82612348,0
2.3063521,-2.7336354,-0.58310771,0.75840348,-0.65019441,0.045514226,0
2.4560437,-1.0291059,0.69257545,0.51882863,0.64449084,0.56164807,0
2.5821524,-1.0470264,0.59664512,0.51882863,0.64449084,0.56164807,0
-1.0507523,1.9631913,0.49835777,0.51882863,0.64449084,0.56164807,0
0.96292782,0.075992942,-0.10838151,0.39451393,0.40234166,-0.82612348,0
1.6375489,-0.15831977,0.44944274,0.51882863,0.64449084,0.56164807,0
-2.4832993,2.0958703,-0.77039337,0.39451393,0.40234166,-0.82612348,0
3.0249829,-1.8036158,0.72816181,0.75840348,-0.65019441,0.045514226,0
-1.998523,1.5636942,-0.79807162,0.39451393,0.40234166,-0.82612348,0
1.5390193,-2.5948098,-0.22461772,-0.51882863,-0.64449084,-0.56164807,0
1.501919,-2.0211096,0.33814704,-0.39451393,-0.40234166,0.82612348,0
-2.3302155,2.6928387,0.39794135,-0.75840348,0.65019441,-0.045514226,0
1.663605,-2.7929518,0.039454699,-0.39451393,-0.40234166,0.82612348,0
2.8119421,-2.0715351,0.45069885,0.75840348,-0.65019441,0.045514226,0
0.60677826,-0.98244619,0.41652781,-0.39451393,-0.40234166,0.82612348,0
-3.193151,1.6177956,-0.58051968,-0.75840348,0.65019441,-0.045514226,0
-2.6675081,1.6801153,0.14962816,-0.39451393,-0.40234166,0.82612348,0
-2.4771688,0.86710632,-0.48716664,-0.51882863,-0.64449084,-0.56164807,0
-2.4522092,2.492945,-0.42486548,-0.75840348,0.65019441,-0.045514226,0
-2.456883,2.5530446,0.51156878,-0.75840348,0.65019441,-0.045514226,0
1.4880824,-1.4739184,0.5980345,-0.39451393,-0.40234166,0.82612348,0
2.1082723,-2.0965967,0.59094596,-0.39451393,-0.40234166,0.82612348,0
1.9774938,-1.7839327,0.68076754,-0.39451393,-0.40234166,0.82612348,0
2.8877215,-1.9591844,0.7929709,0.75840348,-0.65019441,0.045514226,0
0.60928071,-1.8668239,-0.20112514,-0.51882863,-0.64449084,-0.56164807,0
2.4793234,-2.5114362,-0.2910912,0.75840348,-0.65019441,0.045514226,0
3.0642312,-1.7505224,0.83263993,0.75840348,-0.65019441,0.045514226,0
0.43596631,-0.426254,0.60583562,-0.39451393,-0.40234166,0.82612348,0
-2.1457574,2.4734981,0.78518558,-0.39451393,-0.40234166,0.82612348,0
-1.8970416,0.80149531,-0.94777715,-0.51882863,-0.64449084,-0.56164807,0
0.43424967,-0.91975093,0.36467111,-0.39451393,-0.40234166,0.82612348,0
-2.4585536,2.5542772,0.5570085,-0.75840348,0.65019441,-0.045514226,0
3.0874958,-1.734921,0.66785407,0.75840348,-0.65019441,0.045514226,0
1.3642963,0.2327829,0.25307274,0.51882863,0.64449084,0.56164807,0
3.0996461,-1.7474575,0.2863009,0.75840348,-0.65019441,0.045514226,0
0.78369474,0.58266026,0.052785039,0.39451393,0.40234166,-0.82612348,0
-0.21300161,-0.99528503,-0.44162303,-0.51882863,-0.64449084,-0.56164807,0
-2.719358,2.1581051,-0.75673437,-0.75840348,0.65019441,-0.045514226,0
1.808217,-2.8523755,-0.17773533,-0.51882863,-0.64449084,-0.56164807,0
1.1978914,-2.0502083,-0.53442693,-0.51882863,-0.64449084,-0.56164807,0
-2.280746,2.7487917,0.37294555,-0.75840348,0.65019441,-0.045514226,0
-2.5440879,2.407784,-0.11045957,-0.75840348,0.65019441,-0.045514226,0
1.2541234,0.12967438,0.47316289,0.51882863,0.64449084,0.56164807,0
-0.14380872,-0.7576201,-0.77826107,-0.51882863,-0.64449084,-0.56164807,0
-2.151968,2.8797863,0.098446131,-0.75840348,0.65019441,-0.045514226,0
3.1324239,-1.71018,0.27265215,0.75840348,-0.65019441,0.045514226,0
-2.2205052,0.59788966,-0.16397572,-0.39451393,-0.40234166,0.82612348,0
-1.9818951,3.0737712,0.035695791,-0.75840348,0.65019441,-0.045514226,0
-2.3667657,1.0794177,-0.83278012,-0.51882863,-0.64449084,-0.56164807,0
1.687546,-0.4268052,0.71134377,0.51882863,0.64449084,0.56164807,0
2.9519377,-1.9348876,0.070026636,0.75840348,-0.65019441,0.045514226,0
-3.1755114,1.6508844,-0.40175891,-0.75840348,0.65019441,-0.045514226,0
-2.5681815,2.3477595,-0.56646752,-0.75840348,0.65019441,-0.045514226,0
2.5169694,-2.4622703,-0.21603084,0.75840348,-0.65019441,0.045514226,0
2.0080409,-0.66078341,0.6837734,0.51882863,0.64449084,0.56164807,0
2.6876423,-1.5814637,1.112464,0.51882863,0.64449084,0.56164807,0
2.2282794,-1.3648727,1.0046222,-0.39451393,-0.40234166,0.82612348,0
1.6351676,-2.2532125,0.28874016,-0.39451393,-0.40234166,0.82612348,0
0.84119666,0.20712347,0.76573586,0.51882863,0.64449084,0.56164807,0
2.0527387,-2.7926245,0.22544384,-0.39451393,-0.40234166,0.82612348,0
-0.38013023,1.4754184,-0.06820327,0.39451393,0.40234166,-0.82612348,0
2.1534185,-2.8739736,-0.039582729,0.75840348,-0.65019441,0.045514226,0
-2.1970119,2.8180139,-0.033442259,-0.75840348,0.65019441,-0.045514226,0
0.33542538,0.49866122,0.89840823,0.51882863,0.64449084,0.56164807,0
-2.5362792,2.3823068,-0.60453272,-0.75840348,0.65019441,-0.045514226,0
2.3842599,-2.2350721,-0.55517006,0.39451393,0.40234166,-0.82612348,0
-2.8408809,1.5519121,-0.93699813,-0.51882863,-0.64449084,-0.56164807,0
2.1105356,-0.35114098,0.23163223,0.39451393,0.40234166,-0.82612348,0
-1.851792,2.7229173,-0.16343141,0.39451393,0.40234166,-0.82612348,0
2.3484995,-0.97229213,0.72672701,0.51882863,0.64449084,0.56164807,0
2.4673786,-2.3727348,0.62795067,-0.39451393,-0.40234166,0.82612348,0
3.0188053,-1.8555241,0.089568377,0.75840348,-0.65019441,0.045514226,0
-2.5003183,2.0467615,0.40803504,-0.39451393,-0.40234166,0.82612348,0
-2.5260375,0.97166955,-0.56201005,-0.51882863,-0.64449084,-0.56164807,0
3.2246175,-1.584251,0.53539991,0.75840348,-0.65019441,0.045514226,0
-0.038739219,0.46447366,-0.39752659,0.39451393,0.40234166,-0.82612348,0
-2.0218587,0.5664252,-0.084436417,-0.39451393,-0.40234166,0.82612348,0
-1.0674797,1.7334789,0.77740479,0.51882863,0.64449084,0.56164807,0
-2.4857843,2.4959219,0.17711854,-0.75840348,0.65019441,-0.045514226,0
1.9535015,-1.0089545,1.0467429,-0.39451393,-0.40234166,0.82612348,0
-1.325327,0.98086739,-0.76043844,0.39451393,0.40234166,-0.82612348,0
-0.22171718,-0.78904963,0.1150699,-0.39451393,-0.40234166,0.82612348,0
2.5923152,-1.4711479,1.0739365,0.51882863,0.64449084,0.56164807,0
-0.93581891,1.2982128,0.79059815,-0.39451393,-0.40234166,0.82612348,0
2.4152105,-2.5558708,0.14245033,0.75840348,-0.65019441,0.045514226,0
3.1078081,-1.7369304,0.30068731,0.75840348,-0.65019441,0.045514226,0
2.5626497,-2.4023452,-0.12113762,0.75840348,-0.65019441,0.045514226,0
1.6349206,-1.0304519,0.88413537,-0.39451393,-0.40234166,0.82612348,0
-1.7913078,2.5796273,0.47509408,0.51882863,0.64449084,0.56164807,0
-3.0877252,1.7730498,-0.11934924,-0.75840348,0.65019441,-0.045514226,0
-2.9757605,1.8471038,-0.92711139,-0.75840348,0.65019441,-0.045514226,0
-2.1970749,2.8337362,0.19220757,-0.75840348,0.65019441,-0.045514226,0
1.4115534,-0.053307056,0.042886734,0.39451393,0.40234166,-0.82612348,0
0.75271904,-1.944384,-0.24462759,-0.51882863,-0.64449084,-0.56164807,0
-0.55868697,0.26784986,0.46888566,-0.39451393,-0.40234166,0.82612348,0
0.8344053,0.026198506,-0.19400829,0.39451393,0.40234166,-0.82612348,0
-0.84219694,1.9463292,0.32505155,0.51882863,0.64449084,0.56164807,0
-0.5365116,0.60644603,0.64437973,-0.39451393,-0.40234166,0.82612348,0
2.3853457,-0.7415942,0.17270732,0.39451393,0.40234166,-0.82612348,0
0.54037571,-0.30586714,0.71432734,-0.39451393,-0.40234166,0.82612348,0
2.9188623,-1.9496963,0.40962052,0.75840348,-0.65019441,0.045514226,0
0.18511689,-1.2371224,-0.53188097,-0.51882863,-0.64449084,-0.56164807,0
0.84732544,-1.9465568,-0.32952809,-0.51882863,-0.64449084,-0.56164807,0
3.3068562,-1.5079523,0.25502157,0.75840348,-0.65019441,0.045514226,0
-1.1431234,-0.42566067,-0.23605615,-0.51882863,-0.64449084,-0.56164807,0
0.73405194,-1.7957067,-0.39799058,-0.51882863,-0.64449084,-0.56164807,0
-0.58769423,0.13824898,0.39191458,-0.39451393,-0.40234166,0.82612348,0
2.994226,-1.8701272,0.29051614,0.75840348,-0.65019441,0.045514226,0
-2.8311491,2.0332835,-0.6770978,-0.75840348,0.65019441,-0.045514226,0
-3.1298292,1.4931312,-0.60262728,-0.51882863,-0.64449084,-0.56164807,0
3.0301423,-1.789152,0.84882188,0.75840348,-0.65019441,0.045514226,0
2.6901047,-2.2566981,-0.16428018,0.75840348,-0.65019441,0.045514226,0
-2.0820932,1.6903104,-0.77631545,0.39451393,0.40234166,-0.82612348,0
-1.5707397,1.6961139,-0.52929294,0.39451393,0.40234166,-0.82612348,0
-1.1188964,1.5339987,0.81800318,-0.39451393,-0.40234166,0.82612348,0
1.0675443,-0.16620116,0.98503453,0.51882863,0.64449084,0.56164807,0
-2.9036465,1.998069,0.027873278,-0.75840348,0.65019441,-0.045514226,0
2.7183256,-2.1857305,0.37929511,0.75840348,-0.65019441,0.045514226,0
-2.3530664,0.98246115,-0.73417711,-0.51882863,-0.64449084,-0.56164807,0
-0.21484607,-0.36640421,0.32418951,-0.39451393,-0.40234166,0.82612348,0
0.87048554,0.31320643,-0.03699857,0.39451393,0.40234166,-0.82612348,0
-1.5175955,2.0782795,-0.31779027,0.39451393,0.40234166,-0.82612348,0
1.1920657,-2.4265413,-0.097203374,-0.51882863,-0.64449084,-0.56164807,0
-1.2019699,0.019554943,-0.692581,-0.51882863,-0.64449084,-0.56164807,0
-1.0402858,-0.47545698,-0.27391249,-0.51882863,-0.64449084,-0.56164807,0
0.1037451,0.50482905,0.90064347,-0.39451393,-0.40234166,0.82612348,0
-3.0663023,1.8015966,-0.068509817,-0.75840348,0.65019441,-0.045514226,0
0.46276069,0.94198143,0.27207118,0.51882863,0.64449084,0.56164807,0
-2.3890922,2.1389771,-0.70441103,0.39451393,0.40234166,-0.82612348,0
1.1695613,0.064038396,-0.015526295,0.39451393,0.40234166,-0.82612348,0
2.2332337,-0.63968885,0.45154285,0.51882863,0.64449084,0.56164807,0
-2.3266554,1.4167776,0.18414998,-0.39451393,-0.40234166,0.82612348,0
