0.95381427,0.10183667,-0.43088502,0.80149972,-0.16433752,0.5749709,0
0.1177735,-1.1988086,-0.0012046099,-0.38978183,-0.8727501,0.29390073,0
0.60129428,-0.95545411,-0.37732384,0.45350683,-0.45967448,-0.76356471,0
0.25853977,0.34654886,0.60825968,0.80149972,-0.16433752,0.5749709,0
0.3696087,1.2065445,0.67056108,0.38978183,0.8727501,-0.29390073,0
-0.50271612,0.28476533,0.8396349,-0.45350683,0.45967448,0.76356471,0
0.76401287,0.47628269,-0.97490788,0.38978183,0.8727501,-0.29390073,0
-0.53071034,-0.48319995,1.263781,-0.38978183,-0.8727501,0.29390073,0
0.043005466,-0.99839211,0.49477977,-0.38978183,-0.8727501,0.29390073,0
-0.29241252,-1.1657113,-0.44692433,-0.38978183,-0.8727501,0.29390073,0
-0.60753888,-0.7538718,0.35811722,-0.38978183,-0.8727501,0.29390073,0
-0.40227121,0.37265483,0.84638208,-0.45350683,0.45967448,0.76356471,0
0.60609031,-0.41886532,-0.69750774,0.45350683,-0.45967448,-0.76356471,0
-0.45635855,1.0025008,0.43508345,-0.45350683,0.45967448,0.76356471,0
0.092728555,0.98612326,0.77106422,-0.45350683,0.45967448,0.76356471,0
0.039244413,-0.21770185,0.75268012,0.80149972,-0.16433752,0.5749709,0
-0.67816937,0.0065771937,0.90289968,-0.45350683,0.45967448,0.76356471,0
0.45772269,-0.94402373,-0.46947709,0.45350683,-0.45967448,-0.76356471,0
0.58562011,0.48205334,-1.1943624,0.38978183,0.8727501,-0.29390073,0
-0.32436484,0.43280277,-0.29374698,-0.80149972,0.16433752,-0.5749709,0
0.20127453,-1.1916213,0.13087988,-0.38978183,-0.8727501,0.29390073,0
-0.071309686,-0.34147686,-0.86780554,-0.80149972,0.16433752,-0.5749709,0
0.0077887774,0.95773751,0.73770422,-0.45350683,0.45967448,0.76356471,0
-0.17637731,-1.1482925,-0.24130893,-0.38978183,-0.8727501,0.29390073,0
-0.23698719,1.3552299,0.30759847,0.38978183,0.8727501,-0.29390073,0
0.28177446,-1.3630807,-0.32170153,0.45350683,-0.45967448,-0.76356471,0
0.74909097,-0.35190588,-0.27519229,0.80149972,-0.16433752,0.5749709,0
0.16881508,0.86493564,0.88149923,0.80149972,-0.16433752,0.5749709,0
-0.4081648,0.7458744,-0.087449372,-0.80149972,0.16433752,-0.5749709,0
-0.099729091,-0.97097188,0.38690531,-0.38978183,-0.8727501,0.29390073,0
0.88855165,0.6087113,-0.19503534,0.80149972,-0.16433752,0.5749709,0
-0.072941095,1.0696332,0.62239355,-0.45350683,0.45967448,0.76356471,0
0.78939235,0.73465741,-0.17399454,0.38978183,0.8727501,-0.29390073,0
0.91714901,0.21526548,-0.89451337,0.45350683,-0.45967448,-0.76356471,0
1.0351768,0.34349319,-0.47523284,0.80149972,-0.16433752,0.5749709,0
-0.14366919,-0.40110499,0.95523846,0.80149972,-0.16433752,0.5749709,0
0.342316,-1.2593336,0.032485127,0.80149972,-0.16433752,0.5749709,0
0.25188023,-1.1602023,0.18688464,0.80149972,-0.16433752,0.5749709,0
0.14231324,-1.2725844,-0.18773961,-0.38978183,-0.8727501,0.29390073,0
0.42488122,0.61839682,-1.0026627,0.38978183,0.8727501,-0.29390073,0
0.36231059,0.91768825,-0.19688857,0.38978183,0.8727501,-0.29390073,0
-0.46948007,1.03934,0.081901073,-0.80149972,0.16433752,-0.5749709,0
-0.54408377,-0.66877079,0.69498461,-0.38978183,-0.8727501,0.29390073,0
0.86782503,-0.085088611,-0.74299192,0.45350683,-0.45967448,-0.76356471,0
0.69924265,-0.18592133,-0.15826301,0.80149972,-0.16433752,0.5749709,0
-0.6034866,0.98071003,0.25194636,-0.80149972,0.16433752,-0.5749709,0
-0.21651775,0.65492916,0.78677493,-0.45350683,0.45967448,0.76356471,0
-0.26532859,0.19321918,1.0357392,-0.45350683,0.45967448,0.76356471,0
0.45334527,-0.70134729,0.037195265,0.80149972,-0.16433752,0.5749709,0
0.46548215,-1.1978805,-0.31204373,0.45350683,-0.45967448,-0.76356471,0
0.49301893,0.72906137,-0.58367354,0.38978183,0.8727501,-0.29390073,0
-0.063567579,0.72963655,0.83264261,-0.45350683,0.45967448,0.76356471,0
0.82146925,0.62902153,-0.095718861,0.80149972,-0.16433752,0.5749709,0
-0.26532078,-0.25317663,1.1670995,0.80149972,-0.16433752,0.5749709,0
-0.12986311,0.89290142,-0.43337423,-0.80149972,0.16433752,-0.5749709,0
0.22256732,0.73792148,-0.91604573,0.38978183,0.8727501,-0.29390073,0
-0.5120737,-0.61813009,0.88781726,-0.38978183,-0.8727501,0.29390073,0
0.50096238,-0.31744939,0.080543205,0.80149972,-0.16433752,0.5749709,0
0.50592452,-1.0476201,-0.37848216,0.45350683,-0.45967448,-0.76356471,0
-0.18073332,-0.63139403,-0.7981348,-0.80149972,0.16433752,-0.5749709,0
-0.09659037,1.2888676,0.4763658,-0.45350683,0.45967448,0.76356471,0
0.74427265,0.73007655,-0.247437,0.38978183,0.8727501,-0.29390073,0
0.21742386,0.88935333,-0.47318405,0.38978183,0.8727501,-0.29390073,0
0.37820417,0.12051797,-1.1575718,0.45350683,-0.45967448,-0.76356471,0
0.62355781,-0.99975991,-0.28537014,0.80149972,-0.16433752,0.5749709,0
-0.61483467,-0.941311,-0.20816684,-0.38978183,-0.8727501,0.29390073,0
0.49238148,-1.1444432,-0.32823724,0.45350683,-0.45967448,-0.76356471,0
0.034429073,0.93236601,0.76880074,-0.45350683,0.45967448,0.76356471,0
-0.61447167,-0.93050843,-0.17560661,-0.38978183,-0.8727501,0.29390073,0
-0.78193462,-0.70169681,0.28176308,-0.38978183,-0.8727501,0.29390073,0
-0.53073019,-0.64222121,0.79153454,-0.38978183,-0.8727501,0.29390073,0
-0.20217279,1.2849114,0.41603845,-0.45350683,0.45967448,0.76356471,0
-0.17283504,-1.0833883,-0.043875337,-0.38978183,-0.8727501,0.29390073,0
0.13594031,-0.64614677,-0.83991975,0.45350683,-0.45967448,-0.76356471,0
-0.95290232,0.27261576,0.57956833,-0.45350683,0.45967448,0.76356471,0
0.43397975,1.1490725,0.58526683,0.38978183,0.8727501,-0.29390073,0
-0.96199447,-0.33660045,0.37518805,-0.80149972,0.16433752,-0.5749709,0
0.19721502,-0.79945737,-0.71123207,0.45350683,-0.45967448,-0.76356471,0
0.81697065,0.29588887,-1.0025489,0.45350683,-0.45967448,-0.76356471,0
0.55682689,0.82522941,-0.21347415,0.38978183,0.8727501,-0.29390073,0
-0.081707492,-1.2090759,-0.29625297,-0.38978183,-0.8727501,0.29390073,0
0.3816773,1.0941,0.35265839,0.38978183,0.8727501,-0.29390073,0
0.60792828,0.26638299,-1.1089433,0.45350683,-0.45967448,-0.76356471,0
0.6487866,0.50298834,-1.0484213,0.38978183,0.8727501,-0.29390073,0
0.13151473,-0.10034752,-1.08162,-0.80149972,0.16433752,-0.5749709,0
-0.83902949,-0.58047664,0.56601012,-0.38978183,-0.8727501,0.29390073,0
-0.045752287,1.2670753,0.51967955,-0.45350683,0.45967448,0.76356471,0
-0.17851521,-1.1433523,-0.22947407,-0.38978183,-0.8727501,0.29390073,0
1.1747591,0.36393911,-0.76376998,0.38978183,0.8727501,-0.29390073,0
0.078001916,0.4363603,0.88559622,0.80149972,-0.16433752,0.5749709,0
0.78670555,-0.62717098,-0.46483189,0.45350683,-0.45967448,-0.76356471,0
0.13728479,1.0325149,-0.15434337,0.38978183,0.8727501,-0.29390073,0
-0.14383641,-1.0199851,0.18286216,-0.38978183,-0.8727501,0.29390073,0
0.131354,-0.38140792,0.57749051,0.80149972,-0.16433752,0.5749709,0
-0.57621783,-0.39892355,-0.18039137,-0.80149972,0.16433752,-0.5749709,0
-0.087071002,0.32204336,1.0640588,-0.45350683,0.45967448,0.76356471,0
-0.12843746,1.1804934,0.52269328,-0.45350683,0.45967448,0.76356471,0
-0.93837839,-0.46134773,0.78800815,-0.38978183,-0.8727501,0.29390073,0
-0.6862303,0.88377124,0.3700313,-0.45350683,0.45967448,0.76356471,0
0.89613676,0.11765496,-0.34596223,0.80149972,-0.16433752,0.5749709,0
-0.23405686,-1.231805,-0.56579912,-0.38978183,-0.8727501,0.29390073,0
0.76944703,0.70617104,-0.28503811,0.38978183,0.8727501,-0.29390073,0
0.60101509,0.46344483,0.16426581,0.80149972,-0.16433752,0.5749709,0
-0.40539557,-0.65745044,0.91253424,-0.38978183,-0.8727501,0.29390073,0
-0.37654883,0.86706841,0.56401694,-0.45350683,0.45967448,0.76356471,0
-0.064914763,0.33259451,-0.68405747,-0.80149972,0.16433752,-0.5749709,0
0.5809353,0.85435236,-0.095018864,0.38978183,0.8727501,-0.29390073,0
0.29760593,1.0816495,0.20418763,0.38978183,0.8727501,-0.29390073,0
0.22294807,-0.78524625,-0.70450342,0.45350683,-0.45967448,-0.76356471,0
0.25689673,1.2585286,0.67544711,0.38978183,0.8727501,-0.29390073,0
0.29040354,1.259527,0.72284937,0.38978183,0.8727501,-0.29390073,0
0.18924086,0.95962316,-0.30189222,0.38978183,0.8727501,-0.29390073,0
0.69404691,0.79333574,-0.1261977,0.38978183,0.8727501,-0.29390073,0
0.9134174,0.43437514,-0.90120846,0.38978183,0.8727501,-0.29390073,0
-0.63297677,-0.93566591,-0.21546447,-0.38978183,-0.8727501,0.29390073,0
0.35898396,0.80840993,-0.52580661,0.38978183,0.8727501,-0.29390073,0
-0.34416461,-0.29297471,1.2656313,0.80149972,-0.16433752,0.5749709,0
-0.42569959,0.18726021,0.94407678,-0.45350683,0.45967448,0.76356471,0
0.0028747916,1.2375041,0.56636286,-0.45350683,0.45967448,0.76356471,0
0.21688423,1.2148149,0.7071296,-0.45350683,0.45967448,0.76356471,0
0.89311731,0.60764837,-0.20170379,0.80149972,-0.16433752,0.5749709,0
-0.046471655,-0.5140776,-0.95176208,-0.80149972,0.16433752,-0.5749709,0
0.70427579,0.69973701,0.087858915,0.80149972,-0.16433752,0.5749709,0
-0.46398771,-1.0444753,-0.31445873,-0.38978183,-0.8727501,0.29390073,0
-0.21530586,0.47718918,0.8944962,-0.45350683,0.45967448,0.76356471,0
-0.14808264,-0.87870985,0.59675312,-0.38978183,-0.8727501,0.29390073,0
-0.21022201,-0.81967878,0.68963653,-0.38978183,-0.8727501,0.29390073,0
0.45635706,0.82702911,-0.34137654,0.38978183,0.8727501,-0.29390073,0
-1.08839,-0.38617814,0.81227607,-0.38978183,-0.8727501,0.29390073,0
0.31436169,0.65039116,-1.0542293,0.38978183,0.8727501,-0.29390073,0
-0.26272503,-1.0669489,-0.11427331,-0.38978183,-0.8727501,0.29390073,0
0.35497677,-0.30243927,-0.91674244,0.45350683,-0.45967448,-0.76356471,0
-0.10865837,-0.73921514,0.80979568,0.80149972,-0.16433752,0.5749709,0
-0.1836355,1.2646331,0.10932457,0.38978183,0.8727501,-0.29390073,0
-0.17219651,-0.69615859,0.9106732,0.80149972,-0.16433752,0.5749709,0
-0.39565837,0.38947725,0.84018236,-0.45350683,0.45967448,0.76356471,0
0.98815608,0.091504723,-0.77783442,0.45350683,-0.45967448,-0.76356471,0
0.71957862,-0.72277653,-0.44714519,0.45350683,-0.45967448,-0.76356471,0
0.28228283,1.0320039,0.036440492,0.38978183,0.8727501,-0.29390073,0
-0.66828364,0.021050572,0.90005803,-0.45350683,0.45967448,0.76356471,0
-0.24174941,1.3231182,0.36953163,-0.45350683,0.45967448,0.76356471,0
0.84505904,-0.10439302,-0.33822632,0.80149972,-0.16433752,0.5749709,0
0.69335938,0.88587552,0.14769137,0.38978183,0.8727501,-0.29390073,0
-0.3443588,-0.91090554,-0.64993334,-0.80149972,0.16433752,-0.5749709,0
0.58508694,-0.66922796,-0.5592612,0.45350683,-0.45967448,-0.76356471,0
0.97710192,0.0088062435,-0.73461449,0.45350683,-0.45967448,-0.76356471,0
0.1794014,1.2301507,0.67563486,-0.45350683,0.45967448,0.76356471,0
-0.1647321,-0.79890209,0.81166422,-0.38978183,-0.8727501,0.29390073,0
0.93809652,0.41615584,-0.9225812,0.38978183,0.8727501,-0.29390073,0
-0.16419508,0.77690303,-0.41867068,-0.80149972,0.16433752,-0.5749709,0
-0.70553255,0.63953084,0.50560254,-0.45350683,0.45967448,0.76356471,0
0.71006209,-0.61878276,-0.2970652,0.80149972,-0.16433752,0.5749709,0
-0.61466807,-0.84521592,0.077412486,-0.38978183,-0.8727501,0.29390073,0
-0.55184925,0.713687,0.10364461,-0.80149972,0.16433752,-0.5749709,0
0.70207638,0.31110704,-1.0799501,0.45350683,-0.45967448,-0.76356471,0
0.34852016,1.1919639,0.59929442,0.38978183,0.8727501,-0.29390073,0
-1.0440842,0.07971701,0.60861117,-0.80149972,0.16433752,-0.5749709,0
-0.62949765,0.6448583,0.54755503,-0.45350683,0.45967448,0.76356471,0
0.062024057,-0.2663359,-1.0321939,-0.80149972,0.16433752,-0.5749709,0
0.84330666,0.71577597,-0.10136354,0.80149972,-0.16433752,0.5749709,0
0.81671202,0.17363355,-0.92910337,0.45350683,-0.45967448,-0.76356471,0
0.37759596,0.6718601,0.53527731,0.80149972,-0.16433752,0.5749709,0
0.73375416,0.64500028,-0.51402426,0.38978183,0.8727501,-0.29390073,0
-0.230474,0.38480744,0.94110227,-0.45350683,0.45967448,0.76356471,0
0.38381833,-1.0943351,0.021791279,0.80149972,-0.16433752,0.5749709,0
-0.99726856,-0.056966439,0.75162983,-0.45350683,0.45967448,0.76356471,0
0.81405407,0.64820719,-0.39800477,0.38978183,0.8727501,-0.29390073,0
0.83475822,0.37403199,-1.0390273,0.45350683,-0.45967448,-0.76356471,0
0.59225559,0.85955167,0.28969145,0.80149972,-0.16433752,0.5749709,0
-0.39193526,-0.87921977,0.2718327,-0.38978183,-0.8727501,0.29390073,0
-0.17401561,1.2054665,0.48058879,-0.45350683,0.45967448,0.76356471,0
-0.96481127,-0.237786,0.40735751,-0.80149972,0.16433752,-0.5749709,0
0.96752423,0.12604421,-0.81088167,0.45350683,-0.45967448,-0.76356471,0
0.47716501,-1.2846211,-0.25288606,0.45350683,-0.45967448,-0.76356471,0
-0.20664006,1.170835,0.48206049,-0.45350683,0.45967448,0.76356471,0
-0.61610234,0.95362592,0.26179141,-0.80149972,0.16433752,-0.5749709,0
0.35188329,-0.5433383,-0.77355582,0.45350683,-0.45967448,-0.76356471,0
0.6016022,0.81719404,0.26455569,0.80149972,-0.16433752,0.5749709,0
0.10698837,-0.8437857,-0.73813444,0.45350683,-0.45967448,-0.76356471,0
0.26358727,0.82533586,-0.60206288,0.38978183,0.8727501,-0.29390073,0
0.32921064,-0.75468725,-0.65978742,0.45350683,-0.45967448,-0.76356471,0
0.15736018,1.1004616,0.074051738,0.38978183,0.8727501,-0.29390073,0
0.48773891,0.62853968,-0.88917917,0.38978183,0.8727501,-0.29390073,0
0.7698431,0.24220565,-0.13431203,0.80149972,-0.16433752,0.5749709,0
-0.18034679,0.12992334,1.1243176,-0.45350683,0.45967448,0.76356471,0
0.43818128,0.89011937,-0.17813289,0.38978183,0.8727501,-0.29390073,0
-0.37184682,1.3395345,0.082134962,0.38978183,0.8727501,-0.29390073,0
0.8735562,0.49999589,-0.75921023,0.38978183,0.8727501,-0.29390073,0
0.15980656,-1.0588069,0.34421462,0.80149972,-0.16433752,0.5749709,0
0.17808121,1.010561,-0.16543067,0.38978183,0.8727501,-0.29390073,0
0.19437502,-0.86207008,0.35225785,0.80149972,-0.16433752,0.5749709,0
0.13487148,-0.65267801,-0.83662266,0.45350683,-0.45967448,-0.76356471,0
-0.36767614,-0.18664366,1.2036332,-0.45350683,0.45967448,0.76356471,0
0.92631596,0.091572732,-0.8146044,0.45350683,-0.45967448,-0.76356471,0
0.66259211,0.56437129,0.10727513,0.80149972,-0.16433752,0.5749709,0
-0.14044838,-1.0103985,0.21582294,-0.38978183,-0.8727501,0.29390073,0
-0.54354459,0.28546932,0.81496167,-0.45350683,0.45967448,0.76356471,0
-0.91597247,0.11988555,0.69344747,-0.45350683,0.45967448,0.76356471,0
0.16950309,1.1323159,0.72865367,-0.45350683,0.45967448,0.76356471,0
0.3909362,-0.60129476,0.1527894,0.80149972,-0.16433752,0.5749709,0
0.50193006,0.50045252,-1.2507181,0.38978183,0.8727501,-0.29390073,0
-0.16722947,0.2632165,-0.56126201,-0.80149972,0.16433752,-0.5749709,0
0.82797968,0.085016415,-0.26028115,0.80149972,-0.16433752,0.5749709,0
-0.19566044,1.3169754,0.40060353,-0.45350683,0.45967448,0.76356471,0
0.58553135,-0.56816065,-0.61984092,0.45350683,-0.45967448,-0.76356471,0
-0.11100215,-0.64047569,0.84128439,0.80149972,-0.16433752,0.5749709,0
-0.54863065,0.64920557,0.59296757,-0.45350683,0.45967448,0.76356471,0
-0.022601724,0.20590287,0.95996696,0.80149972,-0.16433752,0.5749709,0
-0.2008367,-1.1132903,-0.16980731,-0.38978183,-0.8727501,0.29390073,0
-0.64317137,0.01110673,0.92095941,-0.45350683,0.45967448,0.76356471,0
-0.0200122,-0.89521009,-0.78260636,0.45350683,-0.45967448,-0.76356471,0
0.908108,0.087918997,-0.82321906,0.45350683,-0.45967448,-0.76356471,0
-0.71397012,0.66309905,0.31517935,-0.80149972,0.16433752,-0.5749709,0
0.1762428,1.2532743,0.55287802,0.38978183,0.8727501,-0.29390073,0
0.75569391,-0.33916989,-0.28075644,0.80149972,-0.16433752,0.5749709,0
-0.10577536,0.64880157,-0.53672057,-0.80149972,0.16433752,-0.5749709,0
-0.33742467,0.13678971,-0.36014801,-0.80149972,0.16433752,-0.5749709,0
0.21164554,-0.16637743,-1.0837824,0.45350683,-0.45967448,-0.76356471,0
0.5533514,0.76977158,-0.38276768,0.38978183,0.8727501,-0.29390073,0
-0.2107749,1.2281636,-0.034966111,0.38978183,0.8727501,-0.29390073,0
-0.63338685,0.84988308,0.25623402,-0.80149972,0.16433752,-0.5749709,0
0.54537141,0.41642761,-1.2364265,0.45350683,-0.45967448,-0.76356471,0
-0.95730448,-0.53261507,0.31262553,-0.80149972,0.16433752,-0.5749709,0
0.14978036,-1.2054436,-0.49499667,0.45350683,-0.45967448,-0.76356471,0
-0.21630856,1.234915,0.4377411,-0.45350683,0.45967448,0.76356471,0
0.63394701,-0.5648638,-0.59306997,0.45350683,-0.45967448,-0.76356471,0
0.37485963,0.5480125,-1.2355253,-0.80149972,0.16433752,-0.5749709,0
0.46568382,0.91680044,0.48249292,0.80149972,-0.16433752,0.5749709,0
-0.0069620311,-1.2702441,-0.37876463,-0.38978183,-0.8727501,0.29390073,0
0.31459263,0.50693685,0.57596481,0.80149972,-0.16433752,0.5749709,0
0.43340039,0.041941047,-1.0774847,0.45350683,-0.45967448,-0.76356471,0
-0.40791082,0.64721084,0.67774677,-0.45350683,0.45967448,0.76356471,0
1.0419331,0.16146529,-0.78801155,0.45350683,-0.45967448,-0.76356471,0
-0.41087776,-0.75790435,0.60696137,-0.38978183,-0.8727501,0.29390073,0
1.0481806,0.47974718,-0.45441598,0.80149972,-0.16433752,0.5749709,0
0.1000502,-1.1880897,0.007119894,-0.38978183,-0.8727501,0.29390073,0
-0.82683206,-0.12833017,0.89581954,-0.45350683,0.45967448,0.76356471,0
-0.95565367,0.29441887,0.5467065,-0.80149972,0.16433752,-0.5749709,0
-0.22328162,0.025431156,1.1617227,-0.45350683,0.45967448,0.76356471,0
0.35889477,0.040877819,0.3809998,0.80149972,-0.16433752,0.5749709,0
-0.7843073,0.16708645,0.74323237,-0.45350683,0.45967448,0.76356471,0
-0.3701334,1.1179403,0.41679955,-0.45350683,0.45967448,0.76356471,0
0.66420996,0.44782341,-1.1847448,0.45350683,-0.45967448,-0.76356471,0
0.49940598,-0.5669142,0.011410996,0.80149972,-0.16433752,0.5749709,0
0.4282454,-0.99963003,-0.013070762,0.80149972,-0.16433752,0.5749709,0
0.26770478,0.52590507,-1.0924717,-0.80149972,0.16433752,-0.5749709,0
0.63037682,-0.36494696,-0.71554267,0.45350683,-0.45967448,-0.76356471,0
-0.15180863,-1.1629928,-0.25237811,-0.38978183,-0.8727501,0.29390073,0
-0.70550263,-0.61160815,0.65065181,-0.38978183,-0.8727501,0.29390073,0
-1.0946664,-0.43826464,0.53107291,-0.80149972,0.16433752,-0.5749709,0
-0.47421211,0.9328512,0.46640942,-0.45350683,0.45967448,0.76356471,0
0.075405091,1.1999254,0.26072204,0.38978183,0.8727501,-0.29390073,0
-0.37691265,-0.10996592,1.1519866,-0.45350683,0.45967448,0.76356471,0
-0.30398393,-1.2503421,-0.71358526,-0.38978183,-0.8727501,0.29390073,0
-0.092586063,1.1800237,-0.021173239,0.38978183,0.8727501,-0.29390073,0
0.6235739,-0.23309258,-0.79896092,0.45350683,-0.45967448,-0.76356471,0
0.55211914,0.44117731,-1.2473185,0.45350683,-0.45967448,-0.76356471,0
-0.2257399,0.69754201,-0.35556099,-0.80149972,0.16433752,-0.5749709,0
0.20830679,-1.2766474,-0.41737026,0.45350683,-0.45967448,-0.76356471,0
-0.54898709,-0.54199862,-0.25924414,-0.80149972,0.16433752,-0.5749709,0
-0.099651411,1.0708603,-0.35470885,0.38978183,0.8727501,-0.29390073,0
0.1868439,-1.164139,-0.49784923,0.45350683,-0.45967448,-0.76356471,0
0.074447364,-0.45320588,0.63629627,0.80149972,-0.16433752,0.5749709,0
0.44660285,1.0004261,0.16059613,0.38978183,0.8727501,-0.29390073,0
-0.25186896,-0.96716994,0.19642222,-0.38978183,-0.8727501,0.29390073,0
0.23879233,0.97270107,0.81475347,0.80149972,-0.16433752,0.5749709,0
-0.64762187,-0.73999369,0.34616923,-0.38978183,-0.8727501,0.29390073,0
0.53925741,0.96578062,0.18059731,0.38978183,0.8727501,-0.29390073,0
0.70475531,-0.42611709,-0.23460007,0.80149972,-0.16433752,0.5749709,0
-0.31243575,-1.0598005,-0.73699033,-0.80149972,0.16433752,-0.5749709,0
-0.019461393,0.22113633,0.95994341,0.80149972,-0.16433752,0.5749709,0
0.40334022,0.30669433,-1.254723,0.45350683,-0.45967448,-0.76356471,0
-0.47320896,0.034900665,1.0075816,-0.45350683,0.45967448,0.76356471,0
0.0029681921,-0.11160475,-0.90564591,-0.80149972,0.16433752,-0.5749709,0
0.044962525,-0.54525137,0.65108931,0.80149972,-0.16433752,0.5749709,0
0.020102546,-1.0903401,0.19136167,-0.38978183,-0.8727501,0.29390073,0
-0.35466826,-0.96390796,0.06977272,-0.38978183,-0.8727501,0.29390073,0
0.75439477,0.27334982,-1.0261461,0.45350683,-0.45967448,-0.76356471,0
-0.41346985,0.7655161,-0.07444036,-0.80149972,0.16433752,-0.5749709,0
0.99895942,-0.1551668,-0.62291896,0.45350683,-0.45967448,-0.76356471,0
0.60528493,0.46197933,-1.2278932,0.38978183,0.8727501,-0.29390073,0
0.58090961,0.52002674,-1.0878463,0.38978183,0.8727501,-0.29390073,0
0.38435879,-1.3664539,-0.14547944,-0.38978183,-0.8727501,0.29390073,0
-0.99263287,-0.53590012,0.49466765,-0.38978183,-0.8727501,0.29390073,0
0.16450453,-0.76234335,-0.75300282,0.45350683,-0.45967448,-0.76356471,0
-0.12788075,1.3306173,0.43264759,-0.45350683,0.45967448,0.76356471,0
0.68068939,-0.30309039,-0.7228986,0.45350683,-0.45967448,-0.76356471,0
0.35945529,-0.96099305,0.09386462,0.80149972,-0.16433752,0.5749709,0
0.50400102,-0.66889185,-0.60762322,0.45350683,-0.45967448,-0.76356471,0
0.48500553,-0.60403609,-0.65794921,0.45350683,-0.45967448,-0.76356471,0
-0.43001565,-0.072051287,-0.29076847,-0.80149972,0.16433752,-0.5749709,0
-0.2631439,0.14437467,1.0664418,-0.45350683,0.45967448,0.76356471,0
-0.13942157,-1.0045247,0.23462731,-0.38978183,-0.8727501,0.29390073,0
0.30178913,0.071368873,0.46931899,0.80149972,-0.16433752,0.5749709,0
0.36482766,-0.81453246,0.12823686,0.80149972,-0.16433752,0.5749709,0
-0.42283815,0.78721607,-0.055178732,-0.80149972,0.16433752,-0.5749709,0
-0.30154157,-1.0593133,-0.75203758,-0.80149972,0.16433752,-0.5749709,0
0.011668265,1.0426555,0.68888676,-0.45350683,0.45967448,0.76356471,0
0.62497133,0.8342793,-0.096224427,0.38978183,0.8727501,-0.29390073,0
0.43905482,0.086472034,0.28228965,0.80149972,-0.16433752,0.5749709,0
-0.99751896,-0.29708305,0.43600345,-0.80149972,0.16433752,-0.5749709,0
0.10445547,-0.89617372,-0.70810068,0.45350683,-0.45967448,-0.76356471,0
0.24941713,0.29297304,-1.1335555,-0.80149972,0.16433752,-0.5749709,0
-0.87723064,-0.15529753,0.30884856,-0.80149972,0.16433752,-0.5749709,0
0.84308189,0.29281417,-0.98518956,0.45350683,-0.45967448,-0.76356471,0
0.57743251,-1.0698417,-0.24110305,0.80149972,-0.16433752,0.5749709,0
-0.6869216,-0.53218096,-0.064159513,-0.80149972,0.16433752,-0.5749709,0
-0.36280406,-0.18645886,-0.41716018,-0.80149972,0.16433752,-0.5749709,0
1.059116,0.25446105,-0.53405076,0.80149972,-0.16433752,0.5749709,0
-0.46123296,-0.19163674,-0.28143182,-0.80149972,0.16433752,-0.5749709,0
0.55787331,-0.13119748,0.054444581,0.80149972,-0.16433752,0.5749709,0
-0.9346869,-0.087599009,0.40829098,-0.80149972,0.16433752,-0.5749709,0
-0.53448552,-0.49381608,1.2272491,-0.38978183,-0.8727501,0.29390073,0
0.57960004,-0.75137985,-0.51306373,0.45350683,-0.45967448,-0.76356471,0
0.35729092,0.13035214,-1.1759132,0.45350683,-0.45967448,-0.76356471,0
-0.32157856,-1.1156843,-0.33704829,-0.38978183,-0.8727501,0.29390073,0
-0.60438013,-0.3219254,-0.11912608,-0.80149972,0.16433752,-0.5749709,0
-0.14793044,1.1721013,-0.11809874,0.38978183,0.8727501,-0.29390073,0
-0.53405547,0.9804467,0.40221334,-0.45350683,0.45967448,0.76356471,0
-0.73280084,0.15789664,0.77935618,-0.45350683,0.45967448,0.76356471,0
1.1595551,0.24805984,-0.77028275,0.45350683,-0.45967448,-0.76356471,0
0.13883018,-0.83161551,0.43839097,0.80149972,-0.16433752,0.5749709,0
-0.083624363,-0.54589069,0.83015454,0.80149972,-0.16433752,0.5749709,0
-0.20011476,-0.55107832,-0.74816155,-0.80149972,0.16433752,-0.5749709,0
0.12373441,-0.88433349,-0.70377815,0.45350683,-0.45967448,-0.76356471,0
0.64784324,0.90033156,0.13025379,0.38978183,0.8727501,-0.29390073,0
-0.26611304,0.49031153,0.85642034,-0.45350683,0.45967448,0.76356471,0
-0.74354541,-0.69459414,0.35376811,-0.38978183,-0.8727501,0.29390073,0
-0.0044834614,0.026139081,-0.85588849,-0.80149972,0.16433752,-0.5749709,0
-0.84626585,0.030380271,0.31875435,-0.80149972,0.16433752,-0.5749709,0
-0.14407611,-0.54374194,-0.82418156,-0.80149972,0.16433752,-0.5749709,0
0.4290641,0.93130535,0.53768623,0.80149972,-0.16433752,0.5749709,0
-0.82204831,-0.03527391,0.84263992,-0.45350683,0.45967448,0.76356471,0
-0.9185943,-0.48965046,0.27094436,-0.80149972,0.16433752,-0.5749709,0
0.39090616,0.5050211,0.46903747,0.80149972,-0.16433752,0.5749709,0
0.32009861,1.1910188,0.55879462,0.38978183,0.8727501,-0.29390073,0
-0.19296968,-1.0199592,0.11777687,-0.38978183,-0.8727501,0.29390073,0
0.13750148,0.95004392,-0.39895684,0.38978183,0.8727501,-0.29390073,0
0.16978341,0.39294809,0.74524629,0.80149972,-0.16433752,0.5749709,0
-0.071729958,0.44465557,-0.64252818,-0.80149972,0.16433752,-0.5749709,0
-0.23318243,0.76019907,0.71350366,-0.45350683,0.45967448,0.76356471,0
1.0352496,0.10582766,-0.75848663,0.45350683,-0.45967448,-0.76356471,0
0.77156591,0.4676393,-0.99055755,0.38978183,0.8727501,-0.29390073,0
0.39638686,0.17848682,-1.1816704,0.45350683,-0.45967448,-0.76356471,0
-0.38914788,-0.62860811,1.0197307,-0.38978183,-0.8727501,0.29390073,0
-0.46127287,-0.59743756,-0.3973617,-0.80149972,0.16433752,-0.5749709,0
0.017831385,1.0365525,0.69622123,-0.45350683,0.45967448,0.76356471,0
-0.48534274,0.12062842,0.94876587,-0.45350683,0.45967448,0.76356471,0
0.64065599,-0.53178698,-0.60899794,0.45350683,-0.45967448,-0.76356471,0
0.16979471,-1.1866316,0.10394788,-0.38978183,-0.8727501,0.29390073,0
-0.31192726,-0.95860779,0.14219642,-0.38978183,-0.8727501,0.29390073,0
-0.046661079,0.064216256,-0.78621054,-0.80149972,0.16433752,-0.5749709,0
-0.0069243312,-0.11387008,-0.8925032,-0.80149972,0.16433752,-0.5749709,0
0.066657126,0.18335962,0.82909822,0.80149972,-0.16433752,0.5749709,0
-0.48683921,-0.86386371,0.19156837,-0.38978183,-0.8727501,0.29390073,0
-0.67300987,0.16650939,0.80968308,-0.45350683,0.45967448,0.76356471,0
0.73870146,-0.22627598,-0.22480203,0.80149972,-0.16433752,0.5749709,0
-0.80831552,-0.7346912,0.14879751,-0.38978183,-0.8727501,0.29390073,0
-0.34470484,-0.75853753,-0.60590124,-0.80149972,0.16433752,-0.5749709,0
0.25112838,0.59391415,-1.0499263,-0.80149972,0.16433752,-0.5749709,0
-0.3548131,-0.94559014,0.12397599,-0.38978183,-0.8727501,0.29390073,0
-0.9492197,0.21343818,0.51459169,-0.80149972,0.16433752,-0.5749709,0
-0.2851792,-0.78297544,0.69921815,-0.38978183,-0.8727501,0.29390073,0
0.59206128,-0.76568055,-0.49705344,0.45350683,-0.45967448,-0.76356471,0
0.45985752,0.24271083,-1.1826366,0.45350683,-0.45967448,-0.76356471,0
0.31879348,-0.4881452,-0.8264358,0.45350683,-0.45967448,-0.76356471,0
-0.73671836,0.090748876,0.81745309,-0.45350683,0.45967448,0.76356471,0
-0.5675925,-0.8251527,0.19942403,-0.38978183,-0.8727501,0.29390073,0
-0.55096185,0.5409286,0.65676695,-0.45350683,0.45967448,0.76356471,0
0.32876498,1.0295756,0.090875864,0.38978183,0.8727501,-0.29390073,0
1.1493365,0.24169503,-0.7725203,0.45350683,-0.45967448,-0.76356471,0
-0.92784786,-0.63988161,0.27181029,-0.38978183,-0.8727501,0.29390073,0
-0.49201697,-0.65932506,0.79208714,-0.38978183,-0.8727501,0.29390073,0
-0.18661138,-0.094319284,-0.63643444,-0.80149972,0.16433752,-0.5749709,0
0.65785879,0.68703222,-0.48986393,0.38978183,0.8727501,-0.29390073,0
-0.20093447,-0.74449724,0.92520893,-0.38978183,-0.8727501,0.29390073,0
-0.09335041,0.65660322,0.85892045,-0.45350683,0.45967448,0.76356471,0
0.07583791,-1.1029257,0.2279067,-0.38978183,-0.8727501,0.29390073,0
0.2742559,0.75550693,0.70323956,0.80149972,-0.16433752,0.5749709,0
0.29997879,-1.0373696,0.154944,0.80149972,-0.16433752,0.5749709,0
-0.02335012,-0.55064839,0.74477339,0.80149972,-0.16433752,0.5749709,0
0.36980423,-0.10501748,0.32409257,0.80149972,-0.16433752,0.5749709,0
-0.14209187,-1.2639101,-0.53916907,-0.38978183,-0.8727501,0.29390073,0
0.5677101,0.73223984,-0.47517675,0.38978183,0.8727501,-0.29390073,0
0.85461873,0.64991909,-0.33912301,0.38978183,0.8727501,-0.29390073,0
0.30677593,-0.64081991,-0.74166155,0.45350683,-0.45967448,-0.76356471,0
0.15591943,-0.25002545,-1.0665231,0.45350683,-0.45967448,-0.76356471,0
-0.71541047,0.059308231,0.84903628,-0.45350683,0.45967448,0.76356471,0
-0.087090969,-0.5356034,-0.90129179,-0.80149972,0.16433752,-0.5749709,0
-0.38873279,-0.87064117,-0.57656831,-0.80149972,0.16433752,-0.5749709,0
-0.015657008,0.2535972,0.96391797,0.80149972,-0.16433752,0.5749709,0
-0.27542159,1.0967498,-0.17220438,-0.80149972,0.16433752,-0.5749709,0
-0.15528585,0.88399792,-0.40048021,-0.80149972,0.16433752,-0.5749709,0
0.81495297,-0.35952669,-0.36918101,0.80149972,-0.16433752,0.5749709,0
-0.23183182,-0.77349114,-0.76751822,-0.80149972,0.16433752,-0.5749709,0
-0.82008231,-0.63446081,0.43083042,-0.38978183,-0.8727501,0.29390073,0
0.506648,0.010483265,-1.0150427,0.45350683,-0.45967448,-0.76356471,0
-0.33349669,-0.37280622,-0.51127577,-0.80149972,0.16433752,-0.5749709,0
-0.23576266,-0.60511684,-0.7139141,-0.80149972,0.16433752,-0.5749709,0
-0.070428967,-1.0629648,-0.71156025,0.45350683,-0.45967448,-0.76356471,0
0.91062391,0.54109424,-0.58800626,0.38978183,0.8727501,-0.29390073,0
0.076136917,-1.3115404,-0.39118636,-0.38978183,-0.8727501,0.29390073,0
0.78168893,0.45182988,-0.090910375,0.80149972,-0.16433752,0.5749709,0
1.0333771,-0.035617255,-0.58108121,0.80149972,-0.16433752,0.5749709,0
0.39352691,-0.086358964,-1.0239289,0.45350683,-0.45967448,-0.76356471,0
0.15600497,0.79548693,-0.83337975,0.38978183,0.8727501,-0.29390073,0
-0.7034173,0.82362705,0.39603078,-0.45350683,0.45967448,0.76356471,0
-0.18496728,-0.46774939,-0.74545991,-0.80149972,0.16433752,-0.5749709,0
-0.16816384,-0.84439409,-0.87653577,-0.80149972,0.16433752,-0.5749709,0
0.036920965,-0.93443829,0.55106205,0.80149972,-0.16433752,0.5749709,0
0.97624934,0.052503318,-0.7614271,0.45350683,-0.45967448,-0.76356471,0
0.85743117,0.015995741,-0.81001914,0.45350683,-0.45967448,-0.76356471,0
0.33156073,0.99577236,-0.0057959557,0.38978183,0.8727501,-0.29390073,0
-0.65948701,0.0035905689,0.050730735,-0.80149972,0.16433752,-0.5749709,0
-1.0411749,-0.1348875,0.77246165,-0.45350683,0.45967448,0.76356471,0
-0.50303555,-0.94940752,-0.083937764,-0.38978183,-0.8727501,0.29390073,0
-0.86715126,-0.5618282,0.58409107,-0.38978183,-0.8727501,0.29390073,0
-0.45156449,-0.8859663,0.17271626,-0.38978183,-0.8727501,0.29390073,0
0.77100372,-0.31973639,-0.65923685,0.45350683,-0.45967448,-0.76356471,0
-0.49031889,-0.25610816,1.17261,-0.45350683,0.45967448,0.76356471,0
0.46826389,-0.8736254,-0.50559682,0.45350683,-0.45967448,-0.76356471,0
0.45316553,-0.33487156,-0.83890009,0.45350683,-0.45967448,-0.76356471,0
0.025730044,1.1502136,0.6324873,-0.45350683,0.45967448,0.76356471,0
-0.073070467,-0.83897722,-0.84797221,0.45350683,-0.45967448,-0.76356471,0
0.50358284,1.0085568,0.26030982,0.38978183,0.8727501,-0.29390073,0
0.45602125,0.49228105,0.3746267,0.80149972,-0.16433752,0.5749709,0
-0.85102123,-0.7021451,0.18880701,-0.38978183,-0.8727501,0.29390073,0
0.041481316,0.26535195,0.88762784,0.80149972,-0.16433752,0.5749709,0
-0.049297869,0.76163334,0.82185543,-0.45350683,0.45967448,0.76356471,0
0.69802165,0.57668138,0.06140554,0.80149972,-0.16433752,0.5749709,0
-0.99119413,-0.096025631,0.77875167,-0.45350683,0.45967448,0.76356471,0
-0.12225312,-1.2829804,-0.56948876,-0.38978183,-0.8727501,0.29390073,0
1.1663023,0.39717823,-0.67628121,0.38978183,0.8727501,-0.29390073,0
0.53397399,0.86697483,0.37305653,0.80149972,-0.16433752,0.5749709,0
-0.1792196,-0.87625819,-0.87023145,-0.80149972,0.16433752,-0.5749709,0
-0.055178583,-0.1215167,-0.82742316,-0.80149972,0.16433752,-0.5749709,0
-0.071467966,1.2466208,0.51671982,-0.45350683,0.45967448,0.76356471,0
-0.17970207,-1.1611979,-0.7173239,0.45350683,-0.45967448,-0.76356471,0
-0.95105541,0.096417129,0.68673879,-0.45350683,0.45967448,0.76356471,0
0.60965466,0.36053532,0.12280893,0.80149972,-0.16433752,0.5749709,0
0.71998703,-0.34473848,-0.67448586,0.45350683,-0.45967448,-0.76356471,0
0.13490769,1.0834088,-0.006364584,0.38978183,0.8727501,-0.29390073,0
-0.75374448,0.53065544,0.54251206,-0.45350683,0.45967448,0.76356471,0
0.061017692,1.0217181,-0.28755283,0.38978183,0.8727501,-0.29390073,0
0.95629287,-0.034351707,-0.72099215,0.45350683,-0.45967448,-0.76356471,0
-0.76182073,0.72363812,0.39918554,-0.80149972,0.16433752,-0.5749709,0
0.022370994,-1.1835322,-0.58386022,0.45350683,-0.45967448,-0.76356471,0
0.46765363,0.96403086,0.49324644,0.80149972,-0.16433752,0.5749709,0
-0.36469331,0.86362356,-0.114393,-0.80149972,0.16433752,-0.5749709,0
-0.15650815,0.054365933,1.103318,0.80149972,-0.16433752,0.5749709,0
-0.17312253,0.067423105,-0.60900879,-0.80149972,0.16433752,-0.5749709,0
-0.13543019,0.74938011,-0.46663493,-0.80149972,0.16433752,-0.5749709,0
0.63247126,0.46565646,-1.1809182,0.38978183,0.8727501,-0.29390073,0
0.1349377,-0.73221856,0.47222647,0.80149972,-0.16433752,0.5749709,0
-0.10087949,-0.76552582,-0.90870762,0.45350683,-0.45967448,-0.76356471,0
-0.43237999,-0.42244035,-0.38762045,-0.80149972,0.16433752,-0.5749709,0
-0.38015872,-1.1492629,-0.51445246,-0.38978183,-0.8727501,0.29390073,0
-0.40323609,-0.29793733,1.249513,-0.45350683,0.45967448,0.76356471,0
-0.39507514,0.20051241,0.95428777,-0.45350683,0.45967448,0.76356471,0
0.59739232,-0.53236985,-0.11530692,0.80149972,-0.16433752,0.5749709,0
-0.45050412,-0.53824729,1.2066884,-0.38978183,-0.8727501,0.29390073,0
0.16789883,-0.29818332,-1.0304165,0.45350683,-0.45967448,-0.76356471,0
0.27916521,0.14570546,0.52210313,0.80149972,-0.16433752,0.5749709,0
-0.60187477,-0.348508,1.1619788,-0.45350683,0.45967448,0.76356471,0
1.1849525,0.36656064,-0.74246663,0.38978183,0.8727501,-0.29390073,0
-0.57741016,-0.80209392,0.25487769,-0.38978183,-0.8727501,0.29390073,0
-0.38885245,-0.91178691,0.17921197,-0.38978183,-0.8727501,0.29390073,0
-0.1086922,0.076677084,-0.69617856,-0.80149972,0.16433752,-0.5749709,0
1.0270609,0.33656484,-0.46589959,0.80149972,-0.16433752,0.5749709,0
-0.32281044,-1.0814812,-0.23711503,-0.38978183,-0.8727501,0.29390073,0
0.14050126,0.86795056,0.8705793,-0.45350683,0.45967448,0.76356471,0
0.88964605,-0.10332119,-0.40007344,0.80149972,-0.16433752,0.5749709,0
0.11188248,-1.0126505,0.42421246,0.80149972,-0.16433752,0.5749709,0
-0.97311187,0.090768166,0.51283562,-0.80149972,0.16433752,-0.5749709,0
-0.45037448,-0.5204649,-0.39055365,-0.80149972,0.16433752,-0.5749709,0
-0.5033139,-0.88638818,0.10283148,-0.38978183,-0.8727501,0.29390073,0
0.40883285,-0.72026432,0.093838006,0.80149972,-0.16433752,0.5749709,0
-0.49291033,-1.0761149,-0.44677174,-0.38978183,-0.8727501,0.29390073,0
-0.61185145,1.0799549,0.29610258,-0.45350683,0.45967448,0.76356471,0
0.51261652,-0.0069000721,0.15305841,0.80149972,-0.16433752,0.5749709,0
0.50186628,0.078716189,0.19251481,0.80149972,-0.16433752,0.5749709,0
0.4620465,0.81111127,-0.38109946,0.38978183,0.8727501,-0.29390073,0
-1.0383718,-0.34096766,0.48040861,-0.80149972,0.16433752,-0.5749709,0
-0.28663743,-0.74460065,0.81123942,-0.38978183,-0.8727501,0.29390073,0
0.63434142,0.46088091,0.11707658,0.80149972,-0.16433752,0.5749709,0
-0.069615036,-1.1051667,0.028347015,-0.38978183,-0.8727501,0.29390073,0
-0.59549069,-0.78466231,-0.26377678,-0.80149972,0.16433752,-0.5749709,0
-0.26150337,1.2824612,0.058994889,0.38978183,0.8727501,-0.29390073,0
0.98100579,0.16392696,-0.82568038,0.45350683,-0.45967448,-0.76356471,0
0.10531539,0.073879421,0.7439177,0.80149972,-0.16433752,0.5749709,0
-0.35692942,-1.2078223,-0.65753984,-0.38978183,-0.8727501,0.29390073,0
0.3790535,0.0146209,0.34539419,0.80149972,-0.16433752,0.5749709,0
0.67582649,0.11825354,-0.038682282,0.80149972,-0.16433752,0.5749709,0
0.29377747,0.60906839,-1.1050469,-0.80149972,0.16433752,-0.5749709,0
-0.570876,0.20044051,-0.0165281,-0.80149972,0.16433752,-0.5749709,0
-0.32645923,-0.12647229,1.1918895,-0.45350683,0.45967448,0.76356471,0
0.088526219,0.94994682,-0.46419811,0.38978183,0.8727501,-0.29390073,0
-1.0847631,-0.47645876,0.54899484,-0.38978183,-0.8727501,0.29390073,0
-0.93814778,-0.02992177,0.77046245,-0.45350683,0.45967448,0.76356471,0
-0.68329489,0.14991228,0.12573999,-0.80149972,0.16433752,-0.5749709,0
0.31540188,1.0379131,0.097911835,0.38978183,0.8727501,-0.29390073,0
1.0363626,0.065217003,-0.55642247,0.80149972,-0.16433752,0.5749709,0
0.77646255,-0.61537075,-0.47801945,0.45350683,-0.45967448,-0.76356471,0
0.01799947,-0.19740587,0.78809625,0.80149972,-0.16433752,0.5749709,0
0.36233792,0.81479788,-0.50238925,0.38978183,0.8727501,-0.29390073,0
-0.043505549,0.19656467,-0.75278157,-0.80149972,0.16433752,-0.5749709,0
-0.098483801,-0.42082244,0.88661516,0.80149972,-0.16433752,0.5749709,0
-0.84945619,0.19945905,0.68504965,-0.45350683,0.45967448,0.76356471,0
-0.88368511,-0.37962398,0.2537291,-0.80149972,0.16433752,-0.5749709,0
-0.35759279,-0.24700576,-0.44173008,-0.80149972,0.16433752,-0.5749709,0
0.19057718,0.9560554,-0.31071454,0.38978183,0.8727501,-0.29390073,0
0.22366989,0.39009207,0.66931319,0.80149972,-0.16433752,0.5749709,0
0.58481383,-0.16869909,-0.86074752,0.45350683,-0.45967448,-0.76356471,0
-0.11393467,1.181561,0.53066427,-0.45350683,0.45967448,0.76356471,0
0.49705106,-0.46457997,-0.73474914,0.45350683,-0.45967448,-0.76356471,0
-0.97606552,0.060888097,0.69327325,-0.45350683,0.45967448,0.76356471,0
0.41912681,-0.17594728,0.23506463,0.80149972,-0.16433752,0.5749709,0
0.65069544,-0.90004385,-0.38134038,0.45350683,-0.45967448,-0.76356471,0
-0.41461161,0.60431713,0.69958931,-0.45350683,0.45967448,0.76356471,0
0.47926912,-0.9900105,-0.42899525,0.45350683,-0.45967448,-0.76356471,0
0.060438532,1.0986488,-0.05987215,0.38978183,0.8727501,-0.29390073,0
0.55940568,0.22751474,-1.1143636,0.45350683,-0.45967448,-0.76356471,0
-0.94530487,0.31379622,0.55928946,-0.45350683,0.45967448,0.76356471,0
0.052921236,0.51206976,-0.79702151,-0.80149972,0.16433752,-0.5749709,0
0.43522066,-0.62775111,0.083495915,0.80149972,-0.16433752,0.5749709,0
0.32912496,-1.0203943,-0.49987966,0.45350683,-0.45967448,-0.76356471,0
-0.41916183,0.90621877,0.51513863,-0.45350683,0.45967448,0.76356471,0
-0.90319788,-0.53891385,0.60433006,-0.38978183,-0.8727501,0.29390073,0
-0.18723661,0.050438046,1.1450303,0.80149972,-0.16433752,0.5749709,0
0.82593966,-0.4698157,-0.41601884,0.80149972,-0.16433752,0.5749709,0
0.44215304,0.6394521,0.43602318,0.80149972,-0.16433752,0.5749709,0
0.18595424,1.0593305,-0.010166168,0.38978183,0.8727501,-0.29390073,0
-0.78672755,0.56333333,0.50324976,-0.45350683,0.45967448,0.76356471,0
-0.40629393,-0.67270368,0.86604762,-0.38978183,-0.8727501,0.29390073,0
-0.78260863,-0.75210261,0.1311872,-0.38978183,-0.8727501,0.29390073,0
0.25520688,1.1490288,0.34804201,0.38978183,0.8727501,-0.29390073,0
-1.1216475,-0.43737441,0.61613971,-0.38978183,-0.8727501,0.29390073,0
0.16508619,-0.70239013,0.43872568,0.80149972,-0.16433752,0.5749709,0
-0.09062475,-0.42089105,0.87564033,0.80149972,-0.16433752,0.5749709,0
-0.77259648,-0.19113553,0.96584153,-0.45350683,0.45967448,0.76356471,0
-0.72877073,-0.47141787,1.0360934,-0.38978183,-0.8727501,0.29390073,0
-0.48002306,0.70385396,0.0007095933,-0.80149972,0.16433752,-0.5749709,0
-0.16456896,0.68103588,0.80191267,-0.45350683,0.45967448,0.76356471,0
0.58322513,0.23607111,-1.1053673,0.45350683,-0.45967448,-0.76356471,0
-0.97664344,0.23242027,0.58966571,-0.45350683,0.45967448,0.76356471,0
-0.32760704,-0.92626661,0.21743953,-0.38978183,-0.8727501,0.29390073,0
-0.48752111,0.41428283,-0.071603209,-0.80149972,0.16433752,-0.5749709,0
0.98354697,0.51220745,-0.57707387,0.38978183,0.8727501,-0.29390073,0
-0.84934837,0.20608047,0.37326983,-0.80149972,0.16433752,-0.5749709,0
-0.50638711,-1.0151062,-0.28347766,-0.38978183,-0.8727501,0.29390073,0
-0.42996535,-1.1233737,-0.50362897,-0.38978183,-0.8727501,0.29390073,0
-0.39693016,-0.73644596,-0.52678579,-0.80149972,0.16433752,-0.5749709,0
-0.66784835,0.25510484,0.13427384,-0.80149972,0.16433752,-0.5749709,0
-0.48404473,-0.16601443,1.1220989,-0.45350683,0.45967448,0.76356471,0
-0.19156432,-0.84701049,0.63321853,-0.38978183,-0.8727501,0.29390073,0
-0.52602077,-0.86806262,0.12713552,-0.38978183,-0.8727501,0.29390073,0
0.38633057,-1.3531581,-0.10338211,-0.38978183,-0.8727501,0.29390073,0
0.51026982,0.70200801,0.35894907,0.80149972,-0.16433752,0.5749709,0
0.33710665,0.62118119,-1.1108044,0.38978183,0.8727501,-0.29390073,0
0.5526486,-0.10411024,-0.91873467,0.45350683,-0.45967448,-0.76356471,0
-0.33635247,0.53141016,0.78996092,-0.45350683,0.45967448,0.76356471,0
0.2027306,-0.73095959,-0.74919242,0.45350683,-0.45967448,-0.76356471,0
-0.24960612,0.10468888,-0.49174064,-0.80149972,0.16433752,-0.5749709,0
0.36271077,0.6785562,0.55794096,0.80149972,-0.16433752,0.5749709,0
0.056015849,-0.96065652,-0.69805121,0.45350683,-0.45967448,-0.76356471,0
0.62299699,-0.063843489,-0.9011935,0.45350683,-0.45967448,-0.76356471,0
0.8038522,-0.074739724,-0.27230915,0.80149972,-0.16433752,0.5749709,0
-0.59893304,-0.97272021,-0.2803483,-0.38978183,-0.8727501,0.29390073,0
-0.36050811,1.0867779,0.44127637,-0.45350683,0.45967448,0.76356471,0
-0.67612678,-0.52245218,0.95436347,-0.38978183,-0.8727501,0.29390073,0
-0.25608081,0.72168583,-0.30636555,-0.80149972,0.16433752,-0.5749709,0
0.54413021,0.74339843,-0.47331345,0.38978183,0.8727501,-0.29390073,0
