-1.3606073,1.1123981,2.2349598,0.576446,0.79758608,0.17766923,0
2.3236845,-0.94313329,-3.1241217,0.54278821,-0.21121871,-0.81287611,0
1.9729613,-0.61372477,-3.4439065,0.54278821,-0.21121871,-0.81287611,0
-2.1829529,1.3423033,1.9683471,-0.61081159,0.56501597,-0.55467647,0
-1.046185,0.47107941,-0.17092945,-0.61081159,0.56501597,-0.55467647,0
0.40718657,-0.39256606,-2.373039,-0.576446,-0.79758608,-0.17766923,0
1.2309314,-0.59291434,-3.7623248,-0.61081159,0.56501597,-0.55467647,0
0.76841617,-0.25300777,-2.9067588,-0.61081159,0.56501597,-0.55467647,0
-0.37261078,0.76007539,0.61104846,0.576446,0.79758608,0.17766923,0
0.7953589,0.4789378,-1.9163464,0.576446,0.79758608,0.17766923,0
-0.0029484928,-0.22873217,1.5731034,0.61081159,-0.56501597,0.55467647,0
1.6723175,-0.33160079,-1.1229904,0.576446,0.79758608,0.17766923,0
-0.89388257,0.82369155,0.020539656,-0.61081159,0.56501597,-0.55467647,0
1.1454741,-1.1349792,-1.4355919,-0.576446,-0.79758608,-0.17766923,0
0.88735223,-0.1291994,0.51520973,0.576446,0.79758608,0.17766923,0
0.50822985,-0.19997507,1.0394853,0.61081159,-0.56501597,0.55467647,0
-0.10661151,0.45203257,1.1308709,0.576446,0.79758608,0.17766923,0
-2.207427,1.3559105,3.0944946,-0.54278821,0.21121871,0.81287611,0
-1.8325479,0.13205534,3.6628234,-0.54278821,0.21121871,0.81287611,0
-2.378855,0.73871422,3.1403985,-0.54278821,0.21121871,0.81287611,0
-0.97270739,0.10156974,2.9774642,0.61081159,-0.56501597,0.55467647,0
-0.41050068,0.66307443,1.1694353,0.576446,0.79758608,0.17766923,0
-0.068376094,-0.15072176,-1.8810875,-0.61081159,0.56501597,-0.55467647,0
0.93778998,-0.5111354,-3.3562131,-0.61081159,0.56501597,-0.55467647,0
-1.8902967,-0.037419975,3.6682992,-0.54278821,0.21121871,0.81287611,0
-1.3179907,1.0692077,2.2905798,0.576446,0.79758608,0.17766923,0
-0.83952516,0.27757722,-0.59561312,-0.61081159,0.56501597,-0.55467647,0
2.7757683,-0.9985615,-2.8078456,0.54278821,-0.21121871,-0.81287611,0
-1.7778419,0.77867299,3.5313354,-0.54278821,0.21121871,0.81287611,0
0.81114268,-0.62311852,-2.6486831,-0.576446,-0.79758608,-0.17766923,0
-0.049845755,0.12729535,1.9874109,0.61081159,-0.56501597,0.55467647,0
0.7022115,-0.66415381,-2.1110427,-0.576446,-0.79758608,-0.17766923,0
-1.7534294,0.09446466,3.7254214,-0.54278821,0.21121871,0.81287611,0
1.4722927,-1.1967213,-1.03747,0.61081159,-0.56501597,0.55467647,0
-2.0977144,0.39595431,3.4171901,-0.54278821,0.21121871,0.81287611,0
-1.8811446,0.76878142,3.464926,-0.54278821,0.21121871,0.81287611,0
-1.2656676,1.1938614,1.5612271,0.576446,0.79758608,0.17766923,0
-2.2405965,1.0783175,3.1444759,-0.54278821,0.21121871,0.81287611,0
1.2416027,-0.89638448,-0.47749817,0.61081159,-0.56501597,0.55467647,0
-0.24911776,-0.51119065,0.28885993,-0.576446,-0.79758608,-0.17766923,0
1.7280731,-0.49003929,-3.6395664,0.54278821,-0.21121871,-0.81287611,0
-1.439062,0.025213063,1.7416193,-0.576446,-0.79758608,-0.17766923,0
-1.2596984,-0.073237151,1.6016353,-0.576446,-0.79758608,-0.17766923,0
2.9636257,-0.97086984,-2.6896014,0.54278821,-0.21121871,-0.81287611,0
-2.2444172,1.1140811,3.1326323,-0.54278821,0.21121871,0.81287611,0
-1.8640983,0.32211998,3.5923696,-0.54278821,0.21121871,0.81287611,0
-0.84052849,0.042782448,-0.27918899,-0.576446,-0.79758608,-0.17766923,0
-1.5006888,-0.23816049,3.1238942,-0.576446,-0.79758608,-0.17766923,0
2.196717,-1.096244,-3.1691182,0.54278821,-0.21121871,-0.81287611,0
-1.2327597,0.69499534,3.693949,0.576446,0.79758608,0.17766923,0
-2.4297032,0.59715378,3.1432285,-0.54278821,0.21121871,0.81287611,0
-1.8541434,0.77859074,3.4804068,-0.54278821,0.21121871,0.81287611,0
1.472762,-1.2914339,-1.1344649,0.61081159,-0.56501597,0.55467647,0
2.1449482,-0.873613,-1.4490693,0.61081159,-0.56501597,0.55467647,0
0.50281119,-0.30825019,0.93515891,0.61081159,-0.56501597,0.55467647,0
0.075003415,0.65762502,-1.2155631,-0.61081159,0.56501597,-0.55467647,0
0.27185962,0.31493309,0.51838654,0.576446,0.79758608,0.17766923,0
-2.5274546,1.1982598,2.9217641,-0.54278821,0.21121871,0.81287611,0
1.2283456,-0.91635656,-2.6859012,-0.576446,-0.79758608,-0.17766923,0
2.4393852,-1.6636608,-2.8596411,0.54278821,-0.21121871,-0.81287611,0
2.7851989,-1.3700538,-2.7050195,0.54278821,-0.21121871,-0.81287611,0
-2.3233747,0.60135663,3.2131362,-0.54278821,0.21121871,0.81287611,0
1.4126431,-0.24244748,-0.68070281,0.576446,0.79758608,0.17766923,0
-1.9595257,0.13115913,3.5782688,-0.54278821,0.21121871,0.81287611,0
-1.79758,1.3934844,1.5961082,-0.61081159,0.56501597,-0.55467647,0
-2.0568531,0.96899509,3.2955751,-0.54278821,0.21121871,0.81287611,0
0.20379004,0.23367235,-1.7892385,-0.61081159,0.56501597,-0.55467647,0
0.84104455,-0.13687141,0.6998955,0.576446,0.79758608,0.17766923,0
-2.1377342,0.38228425,2.4055042,-0.576446,-0.79758608,-0.17766923,0
-0.98583823,-0.29955024,2.5833268,0.61081159,-0.56501597,0.55467647,0
-1.7363354,1.3858261,1.5208646,-0.61081159,0.56501597,-0.55467647,0
0.77374321,-0.96366793,-0.99855888,-0.576446,-0.79758608,-0.17766923,0
1.5931044,0.04869616,-2.5731995,0.576446,0.79758608,0.17766923,0
-1.7776098,-0.10835224,3.6499903,0.61081159,-0.56501597,0.55467647,0
2.9819531,-1.1325395,-2.635355,0.54278821,-0.21121871,-0.81287611,0
1.2295966,-0.79054224,-0.35646179,0.61081159,-0.56501597,0.55467647,0
-2.1575735,1.0840061,1.677287,-0.61081159,0.56501597,-0.55467647,0
-0.63357675,0.29255795,2.7985606,0.61081159,-0.56501597,0.55467647,0
-1.9175066,0.26601171,3.571286,-0.54278821,0.21121871,0.81287611,0
-1.7275174,0.29225492,3.6913302,-0.54278821,0.21121871,0.81287611,0
-2.8319478,1.1470267,2.7317553,-0.54278821,0.21121871,0.81287611,0
2.7716851,-0.73584485,-2.8788366,0.54278821,-0.21121871,-0.81287611,0
1.5256203,-0.18383095,-1.3103956,0.576446,0.79758608,0.17766923,0
1.7171696,-0.60566795,-0.70505822,0.61081159,-0.56501597,0.55467647,0
0.25639468,-0.42701876,-1.7291319,-0.576446,-0.79758608,-0.17766923,0
-1.2091806,1.0612307,1.973356,0.576446,0.79758608,0.17766923,0
0.53201574,-0.52793747,-2.1703417,-0.576446,-0.79758608,-0.17766923,0
1.0633606,-0.23794666,-3.2162108,-0.61081159,0.56501597,-0.55467647,0
-2.1605127,1.6762227,2.2991455,0.576446,0.79758608,0.17766923,0
-1.6873341,0.10878551,2.1719658,-0.576446,-0.79758608,-0.17766923,0
-2.1291814,1.5951211,2.1666641,-0.61081159,0.56501597,-0.55467647,0
-1.4683049,0.31423473,0.53903234,-0.576446,-0.79758608,-0.17766923,0
-2.1356609,0.56868327,3.3469701,-0.54278821,0.21121871,0.81287611,0
-2.6501157,0.88688719,2.9207664,-0.54278821,0.21121871,0.81287611,0
1.1820449,-0.40558964,0.088030629,0.61081159,-0.56501597,0.55467647,0
-1.1882222,1.0752254,1.8425328,0.576446,0.79758608,0.17766923,0
-2.853399,0.81846124,2.8028061,-0.54278821,0.21121871,0.81287611,0
-1.8251244,0.33541599,3.6149387,-0.54278821,0.21121871,0.81287611,0
0.14163393,-0.47520813,-1.1404618,-0.576446,-0.79758608,-0.17766923,0
-1.4283509,-0.16661137,3.2060404,0.61081159,-0.56501597,0.55467647,0
-2.0947156,0.4621985,1.9071822,-0.576446,-0.79758608,-0.17766923,0
-2.0777929,0.18524307,3.0955751,-0.576446,-0.79758608,-0.17766923,0
1.7065771,-0.31432444,-3.6995778,0.54278821,-0.21121871,-0.81287611,0
-0.81556231,0.66151434,2.4906576,0.576446,0.79758608,0.17766923,0
-0.3070932,0.48545569,1.63129,0.576446,0.79758608,0.17766923,0
2.2839341,-1.7164421,-2.5190325,-0.576446,-0.79758608,-0.17766923,0
0.96938735,0.42392951,-2.2340393,0.576446,0.79758608,0.17766923,0
1.4118904,-0.96809125,-3.0491648,-0.576446,-0.79758608,-0.17766923,0
-1.898566,0.49961281,3.5232344,-0.54278821,0.21121871,0.81287611,0
0.17895901,-0.82849944,0.76183903,0.61081159,-0.56501597,0.55467647,0
-2.0736692,0.86584383,1.3626626,-0.61081159,0.56501597,-0.55467647,0
0.16287532,0.57609618,-0.30041867,0.576446,0.79758608,0.17766923,0
-2.7088063,1.418869,2.7433453,-0.54278821,0.21121871,0.81287611,0
-0.03891322,-0.087879024,-1.8495183,-0.61081159,0.56501597,-0.55467647,0
1.5204433,-0.9871912,-3.3156214,-0.576446,-0.79758608,-0.17766923,0
2.9769435,-0.9660061,-2.5078883,0.576446,0.79758608,0.17766923,0
2.427567,-1.3275454,-2.2226837,0.61081159,-0.56501597,0.55467647,0
1.136549,-0.34996307,0.19479439,0.61081159,-0.56501597,0.55467647,0
1.9211941,-0.38942453,-1.6708882,0.576446,0.79758608,0.17766923,0
2.5476997,-1.5028625,-2.8290977,0.54278821,-0.21121871,-0.81287611,0
0.31456009,-0.93923479,0.49971527,0.61081159,-0.56501597,0.55467647,0
-1.6774673,1.462489,1.5341306,-0.61081159,0.56501597,-0.55467647,0
2.8362644,-1.0062904,-2.7654419,0.54278821,-0.21121871,-0.81287611,0
-2.5086117,1.1714454,2.1529207,-0.61081159,0.56501597,-0.55467647,0
1.8302274,-0.85165417,-1.0801295,0.61081159,-0.56501597,0.55467647,0
1.1235052,-1.0766954,-1.6259596,-0.576446,-0.79758608,-0.17766923,0
-0.74280661,-0.38728115,1.3343792,-0.576446,-0.79758608,-0.17766923,0
-2.6987886,1.4479351,2.7424822,-0.54278821,0.21121871,0.81287611,0
0.91308141,0.24020147,-1.2265697,0.576446,0.79758608,0.17766923,0
1.5443834,-1.2917211,-1.2136272,0.61081159,-0.56501597,0.55467647,0
1.9848392,-0.99354136,-3.3372834,0.54278821,-0.21121871,-0.81287611,0
1.825832,-0.95580572,-1.1813822,0.61081159,-0.56501597,0.55467647,0
1.5492065,-0.78274888,-3.6829445,0.54278821,-0.21121871,-0.81287611,0
-0.64827782,0.39875159,-0.68278229,-0.61081159,0.56501597,-0.55467647,0
2.0744758,-0.4832772,-1.7468886,0.576446,0.79758608,0.17766923,0
-2.1409202,0.46483421,2.0452611,-0.576446,-0.79758608,-0.17766923,0
2.6010063,-1.0854962,-2.9019516,0.54278821,-0.21121871,-0.81287611,0
-0.48348486,0.77454823,0.9058075,0.576446,0.79758608,0.17766923,0
-2.5640395,0.56434971,3.0620511,-0.54278821,0.21121871,0.81287611,0
-2.2223608,0.44041911,3.3224053,-0.54278821,0.21121871,0.81287611,0
-1.3719122,0.4495253,0.16580653,-0.61081159,0.56501597,-0.55467647,0
1.4871426,-0.60865152,-3.7696242,0.54278821,-0.21121871,-0.81287611,0
1.2864529,-0.23350555,-0.31142169,0.576446,0.79758608,0.17766923,0
-1.1412345,-0.070340008,1.2042744,-0.576446,-0.79758608,-0.17766923,0
-2.7205329,1.3311698,2.7583027,-0.54278821,0.21121871,0.81287611,0
-1.5598897,1.29646,1.2355301,-0.61081159,0.56501597,-0.55467647,0
0.56193137,-0.15684965,1.0242783,0.61081159,-0.56501597,0.55467647,0
2.5299671,-0.58251393,-3.0800827,0.54278821,-0.21121871,-0.81287611,0
2.5405362,-1.3818381,-2.8653278,0.54278821,-0.21121871,-0.81287611,0
-1.7838719,1.2182319,3.1331329,0.576446,0.79758608,0.17766923,0
1.3721509,-0.93108094,-3.0863755,-0.576446,-0.79758608,-0.17766923,0
2.0935636,-1.2124443,-1.7376318,0.61081159,-0.56501597,0.55467647,0
2.1139617,-1.5082736,-2.9020622,-0.576446,-0.79758608,-0.17766923,0
1.8411463,-0.50341928,-3.5605867,0.54278821,-0.21121871,-0.81287611,0
-0.50665653,0.9357115,0.25749928,0.576446,0.79758608,0.17766923,0
0.25315529,0.57176554,-0.57389045,0.576446,0.79758608,0.17766923,0
0.15720452,-0.39292443,-1.5603657,-0.576446,-0.79758608,-0.17766923,0
-1.6565418,-0.071815312,2.882807,-0.576446,-0.79758608,-0.17766923,0
-2.0361278,0.5780741,1.1969111,-0.576446,-0.79758608,-0.17766923,0
1.5569748,-1.1418525,-1.0748305,0.61081159,-0.56501597,0.55467647,0
2.4687698,-1.012207,-3.0092945,0.54278821,-0.21121871,-0.81287611,0
2.6954811,-0.69288778,-2.8207591,0.576446,0.79758608,0.17766923,0
-1.5516627,1.4114645,1.3436184,-0.61081159,0.56501597,-0.55467647,0
-1.7703122,1.1485732,3.4018483,0.576446,0.79758608,0.17766923,0
1.1374767,0.27765697,-2.7726126,-0.61081159,0.56501597,-0.55467647,0
0.33699796,-0.75620359,-0.51288384,-0.576446,-0.79758608,-0.17766923,0
-2.4256687,1.2550738,2.974968,-0.54278821,0.21121871,0.81287611,0
-2.389796,0.97420448,3.0719028,-0.54278821,0.21121871,0.81287611,0
0.21376985,0.4862822,-0.062355928,0.576446,0.79758608,0.17766923,0
-0.56135905,0.51492047,2.3239813,0.576446,0.79758608,0.17766923,0
-0.74472827,0.32708561,-0.64957249,-0.61081159,0.56501597,-0.55467647,0
0.66237682,0.24681529,-2.280848,-0.61081159,0.56501597,-0.55467647,0
-2.6128078,0.85397786,2.9542291,-0.54278821,0.21121871,0.81287611,0
-0.42049712,0.40707463,2.3510935,0.576446,0.79758608,0.17766923,0
-0.3468692,-0.63754451,1.5353973,0.61081159,-0.56501597,0.55467647,0
-1.8921243,0.36987782,3.5612462,-0.54278821,0.21121871,0.81287611,0
2.8031774,-1.340727,-2.7006347,0.54278821,-0.21121871,-0.81287611,0
-2.4143336,1.253413,2.1325967,-0.61081159,0.56501597,-0.55467647,0
0.37807637,0.58004463,-1.6283343,-0.61081159,0.56501597,-0.55467647,0
1.2756623,0.29558522,-2.651587,0.576446,0.79758608,0.17766923,0
0.29123449,-0.62764305,-0.9415344,-0.576446,-0.79758608,-0.17766923,0
1.7282511,-1.1970277,-3.0478613,-0.576446,-0.79758608,-0.17766923,0
2.1274931,-1.0419812,-3.2294414,0.54278821,-0.21121871,-0.81287611,0
1.8388487,-0.89658231,-3.4599607,0.54278821,-0.21121871,-0.81287611,0
1.3060992,-1.1848193,-0.84233326,0.61081159,-0.56501597,0.55467647,0
2.1234658,-1.5525844,-2.1170404,0.61081159,-0.56501597,0.55467647,0
1.4692736,-1.0604633,-2.8206711,-0.576446,-0.79758608,-0.17766923,0
-0.65982783,-0.22392941,0.33184242,-0.576446,-0.79758608,-0.17766923,0
2.6227503,-1.3107284,-2.8289077,0.54278821,-0.21121871,-0.81287611,0
2.5718238,-1.1695278,-2.8996029,0.54278821,-0.21121871,-0.81287611,0
2.6237388,-1.3233328,-2.434418,0.61081159,-0.56501597,0.55467647,0
-0.74021077,0.85079986,-0.12107069,-0.61081159,0.56501597,-0.55467647,0
1.0024037,-0.68245792,-3.0028434,-0.576446,-0.79758608,-0.17766923,0
-1.823198,0.47531119,3.579875,-0.54278821,0.21121871,0.81287611,0
-1.3063123,0.5449487,0.19076985,-0.61081159,0.56501597,-0.55467647,0
-1.549787,0.22829002,1.1892205,-0.576446,-0.79758608,-0.17766923,0
1.850462,-0.34367806,-1.6467613,0.576446,0.79758608,0.17766923,0
2.4855957,-0.93368834,-3.0184617,0.54278821,-0.21121871,-0.81287611,0
0.4892562,-0.43639114,0.81955618,0.61081159,-0.56501597,0.55467647,0
0.2110602,0.54932797,-1.4757049,-0.61081159,0.56501597,-0.55467647,0
-1.745013,1.4076893,2.1565504,0.576446,0.79758608,0.17766923,0
-1.6154199,0.4706406,3.71983,-0.54278821,0.21121871,0.81287611,0
-0.6638937,0.64842308,2.0573387,0.576446,0.79758608,0.17766923,0
-0.76302159,0.91598374,-0.0295524,-0.61081159,0.56501597,-0.55467647,0
-1.4328954,1.3196034,1.5393195,0.576446,0.79758608,0.17766923,0
2.4055777,-0.58359003,-2.3708253,0.576446,0.79758608,0.17766923,0
-1.5699875,0.12134656,1.7348477,-0.576446,-0.79758608,-0.17766923,0
-0.43625849,-0.19613563,-0.51829708,-0.576446,-0.79758608,-0.17766923,0
2.4344299,-0.54246789,-2.6490407,0.576446,0.79758608,0.17766923,0
2.3839536,-0.57733226,-3.1789279,0.54278821,-0.21121871,-0.81287611,0
1.7147343,0.060197413,-3.6298037,-0.61081159,0.56501597,-0.55467647,0
-1.3282284,-0.0012857318,3.2641921,0.61081159,-0.56501597,0.55467647,0
-2.3598146,1.1609828,3.04339,-0.54278821,0.21121871,0.81287611,0
-2.3723714,0.8871184,3.1061666,-0.54278821,0.21121871,0.81287611,0
-0.39274353,0.93123418,-0.42176899,-0.61081159,0.56501597,-0.55467647,0
1.4749604,-1.2907186,-1.1361573,0.61081159,-0.56501597,0.55467647,0
-2.6216869,1.5514529,2.7670674,-0.54278821,0.21121871,0.81287611,0
-1.7537018,-0.016862452,3.7168579,0.61081159,-0.56501597,0.55467647,0
0.15148765,0.017788634,1.6541539,0.61081159,-0.56501597,0.55467647,0
1.3561155,0.18398029,-2.4116037,0.576446,0.79758608,0.17766923,0
-2.0079064,0.10746568,3.5521193,-0.54278821,0.21121871,0.81287611,0
-2.4101825,0.89648342,3.078485,-0.54278821,0.21121871,0.81287611,0
-1.3446836,0.84281468,0.53644294,-0.61081159,0.56501597,-0.55467647,0
1.5146633,-1.0293669,-3.1075346,-0.576446,-0.79758608,-0.17766923,0
-1.4411381,0.82928801,3.7430129,-0.54278821,0.21121871,0.81287611,0
0.92617667,-0.62537658,-3.0117733,-0.576446,-0.79758608,-0.17766923,0
1.7957904,-0.16515142,-2.2708158,0.576446,0.79758608,0.17766923,0
2.1566553,-1.1254829,-3.1882715,0.54278821,-0.21121871,-0.81287611,0
1.3245307,0.19768065,-2.3706303,0.576446,0.79758608,0.17766923,0
0.70270914,-1.0078782,-0.56962252,-0.576446,-0.79758608,-0.17766923,0
0.77884001,-0.70959508,-2.1556702,-0.576446,-0.79758608,-0.17766923,0
2.648622,-1.1883059,-2.8434427,0.54278821,-0.21121871,-0.81287611,0
1.6685964,-0.95729303,-3.5578694,0.54278821,-0.21121871,-0.81287611,0
-0.30393976,-0.2859664,-0.54433918,-0.576446,-0.79758608,-0.17766923,0
2.4011872,-1.2953057,-2.9808612,0.54278821,-0.21121871,-0.81287611,0
-1.9379706,0.55689067,3.482039,-0.54278821,0.21121871,0.81287611,0
-1.5710008,-0.16858703,3.0396945,-0.576446,-0.79758608,-0.17766923,0
-1.7746351,0.48258996,3.6104109,-0.54278821,0.21121871,0.81287611,0
-1.3224393,1.078325,0.75184774,-0.61081159,0.56501597,-0.55467647,0
-0.88343501,0.4646059,-0.3567445,-0.61081159,0.56501597,-0.55467647,0
-1.2933722,-0.30193222,2.9195576,0.61081159,-0.56501597,0.55467647,0
-0.21057552,0.087874085,2.1242509,0.61081159,-0.56501597,0.55467647,0
2.9491994,-0.95912439,-2.4487665,0.576446,0.79758608,0.17766923,0
1.3952221,-0.53616643,-0.2797316,0.61081159,-0.56501597,0.55467647,0
2.3186636,-1.009244,-1.7785244,0.61081159,-0.56501597,0.55467647,0
-0.85926729,0.10928684,2.8604045,0.61081159,-0.56501597,0.55467647,0
-0.73140025,0.73069781,1.9070187,0.576446,0.79758608,0.17766923,0
0.37782201,-0.22788265,1.1546631,0.61081159,-0.56501597,0.55467647,0
-0.010785937,-0.013517946,-1.8047448,-0.61081159,0.56501597,-0.55467647,0
-0.96112609,0.96498036,0.23851094,-0.61081159,0.56501597,-0.55467647,0
-1.815715,0.71206528,3.5233531,-0.54278821,0.21121871,0.81287611,0
0.3090927,-0.88937688,0.17549081,-0.576446,-0.79758608,-0.17766923,0
-0.38147888,0.61986566,-0.75134635,-0.61081159,0.56501597,-0.55467647,0
1.1314604,0.1008448,-1.3095036,0.576446,0.79758608,0.17766923,0
2.1204362,-1.483085,-3.0361443,-0.576446,-0.79758608,-0.17766923,0
-0.98349154,-0.0081856847,0.41345745,-0.576446,-0.79758608,-0.17766923,0
1.8247107,-0.9135226,-3.4649994,0.54278821,-0.21121871,-0.81287611,0
-2.4775243,0.58201903,2.6113086,-0.576446,-0.79758608,-0.17766923,0
1.712147,-1.3443348,-2.3343253,-0.576446,-0.79758608,-0.17766923,0
-1.9820001,1.5094258,1.9172951,-0.61081159,0.56501597,-0.55467647,0
-2.0154243,0.82140768,3.361588,-0.54278821,0.21121871,0.81287611,0
-0.65788656,-0.021790072,-0.58189273,-0.576446,-0.79758608,-0.17766923,0
1.8336385,-0.16031748,-2.4153142,0.576446,0.79758608,0.17766923,0
0.25038487,0.24803434,0.88838077,0.576446,0.79758608,0.17766923,0
0.47928271,-0.65351695,-1.435503,-0.576446,-0.79758608,-0.17766923,0
-1.121047,0.090065166,0.41869077,-0.576446,-0.79758608,-0.17766923,0
-1.2138042,0.56966162,3.7197778,0.61081159,-0.56501597,0.55467647,0
0.4848423,-0.59847033,-1.7006541,-0.576446,-0.79758608,-0.17766923,0
2.5551803,-1.4635812,-2.5017834,0.61081159,-0.56501597,0.55467647,0
-1.6832902,0.97357512,3.5438273,-0.54278821,0.21121871,0.81287611,0
-1.9867735,0.70164514,3.4118385,-0.54278821,0.21121871,0.81287611,0
-1.4767848,0.6322515,0.46742499,-0.61081159,0.56501597,-0.55467647,0
1.0140231,-0.26734719,-3.1918287,-0.61081159,0.56501597,-0.55467647,0
2.7876649,-0.94591856,-2.8135805,0.54278821,-0.21121871,-0.81287611,0
-2.0930009,0.48709673,3.3966551,-0.54278821,0.21121871,0.81287611,0
0.46446326,-0.50746727,0.77445722,0.61081159,-0.56501597,0.55467647,0
2.6849535,-1.387583,-2.7674022,0.54278821,-0.21121871,-0.81287611,0
-0.6140455,0.0097427964,2.4889655,0.61081159,-0.56501597,0.55467647,0
1.6018505,-0.77615726,-3.6495049,0.54278821,-0.21121871,-0.81287611,0
2.870883,-1.0268465,-2.7369843,0.54278821,-0.21121871,-0.81287611,0
2.1517441,-0.83906645,-3.2659736,0.54278821,-0.21121871,-0.81287611,0
-1.5040958,1.0757635,0.94927913,-0.61081159,0.56501597,-0.55467647,0
2.0992336,-0.18534988,-3.16466,0.576446,0.79758608,0.17766923,0
-2.4494314,1.5938946,2.8710608,-0.54278821,0.21121871,0.81287611,0
0.088892177,0.50266284,0.26927304,0.576446,0.79758608,0.17766923,0
1.2733865,-0.76170594,-3.5262878,-0.576446,-0.79758608,-0.17766923,0
-2.7436767,1.3064816,2.5493286,-0.61081159,0.56501597,-0.55467647,0
-0.40192065,-0.46978167,0.59873605,-0.576446,-0.79758608,-0.17766923,0
1.98244,-0.30827457,-3.5169458,0.54278821,-0.21121871,-0.81287611,0
2.6316338,-1.0314872,-2.8955345,0.54278821,-0.21121871,-0.81287611,0
1.4878213,0.061075449,-2.2871821,0.576446,0.79758608,0.17766923,0
-1.3383455,1.1403706,2.037159,0.576446,0.79758608,0.17766923,0
1.8868586,-1.5421393,-1.8458482,0.61081159,-0.56501597,0.55467647,0
-1.9228227,0.27128667,3.5663655,-0.54278821,0.21121871,0.81287611,0
2.2546256,-0.65402955,-3.2453561,0.54278821,-0.21121871,-0.81287611,0
2.2461529,-0.47835901,-3.2966602,0.54278821,-0.21121871,-0.81287611,0
2.4789107,-1.4743384,-2.8824422,0.54278821,-0.21121871,-0.81287611,0
-1.7434301,-0.022920072,2.9452169,-0.576446,-0.79758608,-0.17766923,0
-2.3792238,0.55040276,3.1890833,-0.54278821,0.21121871,0.81287611,0
-2.2979388,0.46853161,2.5381086,-0.576446,-0.79758608,-0.17766923,0
0.32780573,-0.22249064,-2.3904712,-0.61081159,0.56501597,-0.55467647,0
-1.0030155,0.50785553,-0.18100612,-0.61081159,0.56501597,-0.55467647,0
-1.0215954,0.063643202,0.21463349,-0.576446,-0.79758608,-0.17766923,0
0.2722522,0.60435492,-0.78214937,0.576446,0.79758608,0.17766923,0
-1.9840286,1.5901456,2.112958,0.576446,0.79758608,0.17766923,0
0.2085723,0.14478227,-1.8850517,-0.61081159,0.56501597,-0.55467647,0
2.2101078,-0.87473124,-1.5219619,0.61081159,-0.56501597,0.55467647,0
2.0603476,-0.12601191,-3.5122836,0.54278821,-0.21121871,-0.81287611,0
-0.66194588,0.22855294,-0.84110206,-0.61081159,0.56501597,-0.55467647,0
-0.69853199,0.5314908,2.6946509,0.576446,0.79758608,0.17766923,0
-2.3696709,0.54455435,2.4295638,-0.576446,-0.79758608,-0.17766923,0
-1.8739592,0.19299453,3.6193373,-0.54278821,0.21121871,0.81287611,0
0.7204361,-0.82684255,0.16725045,0.61081159,-0.56501597,0.55467647,0
-1.0317048,1.0740269,0.42731181,-0.61081159,0.56501597,-0.55467647,0
-1.2844323,0.96175963,0.59125602,-0.61081159,0.56501597,-0.55467647,0
2.2482209,-1.5833052,-2.2857146,0.61081159,-0.56501597,0.55467647,0
-1.065254,0.036025882,3.0126109,0.61081159,-0.56501597,0.55467647,0
0.97567934,-0.54928511,-3.4367976,-0.61081159,0.56501597,-0.55467647,0
-2.338553,0.62891245,3.1958408,-0.54278821,0.21121871,0.81287611,0
-2.8760335,0.97151309,2.7479229,-0.54278821,0.21121871,0.81287611,0
1.125314,-0.61163282,-0.059381112,0.61081159,-0.56501597,0.55467647,0
0.30547482,0.12701902,-2.0098555,-0.61081159,0.56501597,-0.55467647,0
2.5175498,-1.0802127,-2.9590514,0.54278821,-0.21121871,-0.81287611,0
1.1407192,-0.58803236,-0.052304924,0.61081159,-0.56501597,0.55467647,0
1.1549709,-0.64822298,-3.6515329,-0.576446,-0.79758608,-0.17766923,0
1.9455156,-1.3313549,-1.6957278,0.61081159,-0.56501597,0.55467647,0
0.29925129,-0.14573735,1.3248619,0.61081159,-0.56501597,0.55467647,0
0.070019066,-0.35736048,1.3617253,0.61081159,-0.56501597,0.55467647,0
2.074343,-1.4757997,-1.9847302,0.61081159,-0.56501597,0.55467647,0
0.45555413,-0.054021925,-2.359539,-0.61081159,0.56501597,-0.55467647,0
-2.2117946,0.50045288,2.1153142,-0.576446,-0.79758608,-0.17766923,0
0.74930787,0.44110811,-1.5971105,0.576446,0.79758608,0.17766923,0
1.375973,-0.89551461,-3.2584393,-0.576446,-0.79758608,-0.17766923,0
-0.31972864,0.42322406,1.9516536,0.576446,0.79758608,0.17766923,0
-2.610487,1.5897317,2.7645998,-0.54278821,0.21121871,0.81287611,0
-1.9765246,0.016284704,3.5967667,-0.54278821,0.21121871,0.81287611,0
-1.7410849,1.3437154,1.4831991,-0.61081159,0.56501597,-0.55467647,0
2.2440171,-1.176326,-3.1167254,0.54278821,-0.21121871,-0.81287611,0
-0.092670262,-0.50436372,-0.24937963,-0.576446,-0.79758608,-0.17766923,0
-1.6830858,1.1438794,1.2157693,-0.61081159,0.56501597,-0.55467647,0
-1.9777412,0.05074352,3.5870004,-0.54278821,0.21121871,0.81287611,0
0.69407684,0.053409189,-2.5127673,-0.61081159,0.56501597,-0.55467647,0
-2.318233,0.9390434,3.1288245,-0.54278821,0.21121871,0.81287611,0
1.7170283,-0.63108599,-0.73079455,0.61081159,-0.56501597,0.55467647,0
2.3326788,-1.2432275,-3.0401387,0.54278821,-0.21121871,-0.81287611,0
1.9718047,-0.97416663,-1.360831,0.61081159,-0.56501597,0.55467647,0
1.5147983,-0.08246845,-3.5549593,-0.61081159,0.56501597,-0.55467647,0
-1.5130467,0.75691891,0.63434786,-0.61081159,0.56501597,-0.55467647,0
1.6185625,-0.20845085,-1.5014229,0.576446,0.79758608,0.17766923,0
-2.5659811,0.86395979,1.9028789,-0.61081159,0.56501597,-0.55467647,0
2.5535173,-0.84361356,-2.9965129,0.54278821,-0.21121871,-0.81287611,0
-2.6687994,0.98977792,2.8815551,-0.54278821,0.21121871,0.81287611,0
1.6759437,-0.17728263,-3.7556422,0.54278821,-0.21121871,-0.81287611,0
-1.6889364,0.41747129,3.6845558,-0.54278821,0.21121871,0.81287611,0
-2.3399932,0.6477375,3.1899877,-0.54278821,0.21121871,0.81287611,0
2.7900562,-0.94841307,-2.8113353,0.54278821,-0.21121871,-0.81287611,0
0.31902012,-0.75162053,0.68591523,0.61081159,-0.56501597,0.55467647,0
-2.2991791,1.0958525,1.8452911,-0.61081159,0.56501597,-0.55467647,0
0.097266376,-0.77686667,0.35768315,-0.576446,-0.79758608,-0.17766923,0
-0.69347453,0.89133638,-0.13124461,-0.61081159,0.56501597,-0.55467647,0
0.4963975,0.1293076,-2.2177689,-0.61081159,0.56501597,-0.55467647,0
-0.53843915,0.27153069,-0.93332928,-0.61081159,0.56501597,-0.55467647,0
-2.5743558,1.1768714,2.8960042,-0.54278821,0.21121871,0.81287611,0
0.44993612,-0.74961179,-0.90890247,-0.576446,-0.79758608,-0.17766923,0
-2.0251667,0.40651903,1.9314858,-0.576446,-0.79758608,-0.17766923,0
-1.3096952,0.11621115,0.91338527,-0.576446,-0.79758608,-0.17766923,0
-1.8958051,1.1105454,3.3663323,-0.54278821,0.21121871,0.81287611,0
1.7902695,-0.72242224,-0.90448684,0.61081159,-0.56501597,0.55467647,0
2.2447782,-0.51734358,-2.1465039,0.576446,0.79758608,0.17766923,0
-1.5408766,-0.17964852,2.9916136,-0.576446,-0.79758608,-0.17766923,0
0.10059956,0.77209353,-1.1271472,-0.61081159,0.56501597,-0.55467647,0
0.054250777,0.29085296,1.3325163,0.576446,0.79758608,0.17766923,0
-1.7880962,1.429195,1.6220413,-0.61081159,0.56501597,-0.55467647,0
1.0393581,-0.58035713,0.06713248,0.61081159,-0.56501597,0.55467647,0
-0.75335479,-0.48817953,1.821552,-0.576446,-0.79758608,-0.17766923,0
1.8011402,-1.1097083,-3.4297614,0.54278821,-0.21121871,-0.81287611,0
2.542628,-1.0757865,-2.9434559,0.54278821,-0.21121871,-0.81287611,0
0.40974021,-0.76471031,-0.71070766,-0.576446,-0.79758608,-0.17766923,0
1.8282537,-0.13269603,-2.5218401,0.576446,0.79758608,0.17766923,0
2.7599235,-1.2397978,-2.4992926,0.61081159,-0.56501597,0.55467647,0
-2.4858403,0.47149375,3.1344557,-0.576446,-0.79758608,-0.17766923,0
-0.98085612,0.86634684,2.1074252,0.576446,0.79758608,0.17766923,0
-1.7413116,0.54740232,0.67229176,-0.61081159,0.56501597,-0.55467647,0
0.99727041,-1.1920201,-0.50958496,0.61081159,-0.56501597,0.55467647,0
1.5701699,-1.0688884,-1.0150369,0.61081159,-0.56501597,0.55467647,0
-0.97833794,-0.16644159,1.1071736,-0.576446,-0.79758608,-0.17766923,0
2.0417883,-0.80691808,-3.347749,0.54278821,-0.21121871,-0.81287611,0
1.7117739,0.053096533,-2.9779754,0.576446,0.79758608,0.17766923,0
-0.55395484,-0.10438306,-0.5483247,-0.576446,-0.79758608,-0.17766923,0
-2.5629077,0.72439706,3.02122,-0.54278821,0.21121871,0.81287611,0
2.1105902,-0.6370312,-3.3459506,0.54278821,-0.21121871,-0.81287611,0
2.3091619,-0.8767308,-1.6330777,0.61081159,-0.56501597,0.55467647,0
0.90925598,0.40902132,-2.3874822,-0.61081159,0.56501597,-0.55467647,0
1.2489758,-1.2159855,-1.4077517,-0.576446,-0.79758608,-0.17766923,0
1.8253205,-0.37544104,-3.604408,0.54278821,-0.21121871,-0.81287611,0
0.66894376,-0.22265036,-2.7662961,-0.61081159,0.56501597,-0.55467647,0
-1.1125757,0.56917953,0.0021089166,-0.61081159,0.56501597,-0.55467647,0
-0.29184237,0.30101281,2.4098029,0.576446,0.79758608,0.17766923,0
-2.4374549,1.7311248,2.8434,-0.54278821,0.21121871,0.81287611,0
-0.032893211,0.066538453,-1.6988515,-0.61081159,0.56501597,-0.55467647,0
-0.41625279,-0.2312659,2.0256546,0.61081159,-0.56501597,0.55467647,0
2.3802712,-0.94561899,-3.0856907,0.54278821,-0.21121871,-0.81287611,0
-1.9967951,0.67805111,3.4112773,-0.54278821,0.21121871,0.81287611,0
1.8925495,-0.81288576,-3.4458508,0.54278821,-0.21121871,-0.81287611,0
2.0558872,-0.74587286,-3.3541961,0.54278821,-0.21121871,-0.81287611,0
-0.35010147,0.49869502,1.7113967,0.576446,0.79758608,0.17766923,0
-2.1771438,0.21670914,3.4107273,-0.54278821,0.21121871,0.81287611,0
1.3789395,-0.81930614,-3.6101768,-0.576446,-0.79758608,-0.17766923,0
2.3442659,-0.50969392,-2.5036321,0.576446,0.79758608,0.17766923,0
-2.0891793,0.51003182,3.3932471,-0.54278821,0.21121871,0.81287611,0
-0.98052198,-0.31889018,1.7986264,-0.576446,-0.79758608,-0.17766923,0
2.1431146,-0.97972947,-3.2351859,0.54278821,-0.21121871,-0.81287611,0
1.8147219,-1.1488091,-3.4105325,0.54278821,-0.21121871,-0.81287611,0
0.29763934,-0.65182239,-0.85376978,-0.576446,-0.79758608,-0.17766923,0
-0.47704875,0.44537455,2.3626404,0.576446,0.79758608,0.17766923,0
0.657637,0.031431891,0.5394187,0.576446,0.79758608,0.17766923,0
2.0276873,-0.58385408,-1.1435773,0.576446,0.79758608,0.17766923,0
0.0064969361,0.51207948,-1.2883818,-0.61081159,0.56501597,-0.55467647,0
1.8514047,0.0051705837,-3.2158592,0.576446,0.79758608,0.17766923,0
-1.4266585,1.0273499,0.81468892,-0.61081159,0.56501597,-0.55467647,0
0.59450138,-0.61713439,0.5195474,0.61081159,-0.56501597,0.55467647,0
2.9044876,-0.92814636,-2.4427652,0.576446,0.79758608,0.17766923,0
-0.65286684,0.024320342,-0.80517644,-0.576446,-0.79758608,-0.17766923,0
-2.2571039,0.26082164,3.3458724,-0.54278821,0.21121871,0.81287611,0
2.5028505,-0.6391772,-3.0834661,0.54278821,-0.21121871,-0.81287611,0
1.701938,-0.10915697,-3.7559869,0.54278821,-0.21121871,-0.81287611,0
-0.43863609,-0.5256449,1.7504368,0.61081159,-0.56501597,0.55467647,0
-0.0074299574,-0.37233815,-1.1186256,-0.576446,-0.79758608,-0.17766923,0
0.031584263,0.5219382,0.36867774,0.576446,0.79758608,0.17766923,0
-2.0936756,0.36178833,3.4287648,-0.54278821,0.21121871,0.81287611,0
-1.3297367,0.59903467,0.27165911,-0.61081159,0.56501597,-0.55467647,0
-0.68416995,-0.27785242,0.65288937,-0.576446,-0.79758608,-0.17766923,0
-0.3137086,-0.49047691,1.6486895,0.61081159,-0.56501597,0.55467647,0
1.4866149,-0.33924386,-0.48616898,0.576446,0.79758608,0.17766923,0
-0.97928858,0.54938358,3.4408727,0.61081159,-0.56501597,0.55467647,0
-1.1021707,0.44818437,3.4731054,0.61081159,-0.56501597,0.55467647,0
1.7577391,0.02047658,-2.9806728,0.576446,0.79758608,0.17766923,0
1.2149233,-0.15847272,-0.416179,0.576446,0.79758608,0.17766923,0
-1.4049367,-0.14660406,2.4022157,-0.576446,-0.79758608,-0.17766923,0
0.59163564,-0.24638246,0.90036613,0.61081159,-0.56501597,0.55467647,0
-1.5644985,0.073539793,1.9316509,-0.576446,-0.79758608,-0.17766923,0
0.17219859,0.53207815,-1.4504818,-0.61081159,0.56501597,-0.55467647,0
-2.7077451,1.4422045,2.7379904,-0.54278821,0.21121871,0.81287611,0
0.79278094,-0.38331783,0.53937632,0.61081159,-0.56501597,0.55467647,0
0.69849968,-0.62915438,0.39278015,0.61081159,-0.56501597,0.55467647,0
1.1712071,-1.2130204,-0.72251642,0.61081159,-0.56501597,0.55467647,0
-0.47710139,-0.26940197,-0.05687803,-0.576446,-0.79758608,-0.17766923,0
-2.343751,0.76481402,3.157057,-0.54278821,0.21121871,0.81287611,0
1.8828173,-1.4726279,-2.3121345,-0.576446,-0.79758608,-0.17766923,0
2.7760277,-0.86816144,-2.8415556,0.54278821,-0.21121871,-0.81287611,0
2.687629,-1.4023728,-2.7617726,0.54278821,-0.21121871,-0.81287611,0
1.8466808,-0.35871586,-1.566986,0.576446,0.79758608,0.17766923,0
-2.7955172,1.0643959,2.7775519,-0.54278821,0.21121871,0.81287611,0
-2.2903745,1.5913728,2.9779248,-0.54278821,0.21121871,0.81287611,0
0.60700125,0.22330754,-0.15765536,0.576446,0.79758608,0.17766923,0
0.72620237,-0.1900254,0.80958837,0.61081159,-0.56501597,0.55467647,0
-2.5976994,0.70761043,2.4374151,-0.576446,-0.79758608,-0.17766923,0
2.1459084,-0.97282511,-3.2351143,0.54278821,-0.21121871,-0.81287611,0
1.718926,-0.77773166,-3.5709202,0.54278821,-0.21121871,-0.81287611,0
2.6610029,-0.72828543,-2.5499895,0.576446,0.79758608,0.17766923,0
-1.9209347,-0.033785641,3.5699062,-0.576446,-0.79758608,-0.17766923,0
-0.86645192,-0.3826474,1.7147437,-0.576446,-0.79758608,-0.17766923,0
1.8535035,-0.10019809,-3.6571088,0.54278821,-0.21121871,-0.81287611,0
2.9546583,-1.0508912,-2.5213072,0.61081159,-0.56501597,0.55467647,0
-1.008754,0.048588738,0.24055149,-0.576446,-0.79758608,-0.17766923,0
-0.28512722,0.91737825,-0.37894964,0.576446,0.79758608,0.17766923,0
-0.39630663,-0.51289284,1.7168131,0.61081159,-0.56501597,0.55467647,0
0.77795923,0.33711278,-2.3161469,-0.61081159,0.56501597,-0.55467647,0
2.4793262,-1.1630707,-2.9630449,0.54278821,-0.21121871,-0.81287611,0
0.50184214,0.45970559,-1.8872077,-0.61081159,0.56501597,-0.55467647,0
1.3599004,-1.223579,-1.733557,-0.576446,-0.79758608,-0.17766923,0
1.9887019,-0.053343713,-3.3986385,0.576446,0.79758608,0.17766923,0
1.8042352,-1.3999619,-2.3833857,-0.576446,-0.79758608,-0.17766923,0
1.9647802,-1.3554847,-3.1039383,-0.576446,-0.79758608,-0.17766923,0
-2.3864088,0.72515988,3.1388767,-0.54278821,0.21121871,0.81287611,0
2.3057039,-1.2234175,-3.0632985,0.54278821,-0.21121871,-0.81287611,0
-0.19679326,-0.42886636,-0.25047356,-0.576446,-0.79758608,-0.17766923,0
1.3974956,-1.1516073,-0.90914822,0.61081159,-0.56501597,0.55467647,0
-2.620981,0.65733427,2.9998679,-0.54278821,0.21121871,0.81287611,0
-0.86648297,0.21647844,2.97754,0.61081159,-0.56501597,0.55467647,0
-0.25939524,-0.6354509,1.4412031,0.61081159,-0.56501597,0.55467647,0
-2.0373876,1.1093032,1.5707067,-0.61081159,0.56501597,-0.55467647,0
2.360677,-0.87028551,-3.1183491,0.54278821,-0.21121871,-0.81287611,0
0.92858881,-0.90723455,-1.7542925,-0.576446,-0.79758608,-0.17766923,0
-2.0473714,0.95878756,3.3045588,-0.54278821,0.21121871,0.81287611,0
0.92595446,-1.1153407,-0.35294291,0.61081159,-0.56501597,0.55467647,0
-2.3920474,1.5328996,2.9252276,-0.54278821,0.21121871,0.81287611,0
2.4249227,-1.6265782,-2.8789339,0.54278821,-0.21121871,-0.81287611,0
2.5934398,-1.3222483,-2.8454857,0.54278821,-0.21121871,-0.81287611,0
1.6522393,-0.018288434,-2.4643574,0.576446,0.79758608,0.17766923,0
-2.8573656,1.1292573,2.7193999,-0.54278821,0.21121871,0.81287611,0
-1.3055509,1.3442703,1.0041528,-0.61081159,0.56501597,-0.55467647,0
1.5866404,-0.40224841,-0.52786243,0.576446,0.79758608,0.17766923,0
-1.9740198,1.6037755,2.0192976,0.576446,0.79758608,0.17766923,0
-0.43117797,0.057584025,-1.2693803,-0.61081159,0.56501597,-0.55467647,0
0.62584257,-0.6730082,0.42811909,0.61081159,-0.56501597,0.55467647,0
1.6814203,-0.21759611,-3.7415102,0.54278821,-0.21121871,-0.81287611,0
-2.5784783,1.2650642,2.8703351,-0.54278821,0.21121871,0.81287611,0
-2.165632,0.71872956,3.2879686,-0.54278821,0.21121871,0.81287611,0
-1.3502938,1.3536118,1.0629393,-0.61081159,0.56501597,-0.55467647,0
2.0983145,-0.38108554,-3.4206529,0.54278821,-0.21121871,-0.81287611,0
-1.8700849,0.37597996,1.5654196,-0.576446,-0.79758608,-0.17766923,0
-1.9509693,0.61736369,0.97443306,-0.61081159,0.56501597,-0.55467647,0
-0.88114977,0.89466304,1.6568129,0.576446,0.79758608,0.17766923,0
-1.6432631,1.4324481,1.715277,0.576446,0.79758608,0.17766923,0
-2.4864097,0.768722,3.0607831,-0.54278821,0.21121871,0.81287611,0
0.77321386,0.50638127,-1.9676949,0.576446,0.79758608,0.17766923,0
-0.17985854,0.48505464,-1.1106952,-0.61081159,0.56501597,-0.55467647,0
-2.057631,1.4993079,2.7595463,0.576446,0.79758608,0.17766923,0
-2.5149801,0.61458707,2.5866303,-0.576446,-0.79758608,-0.17766923,0
1.6840926,-1.0082403,-1.0787104,0.61081159,-0.56501597,0.55467647,0
0.82034636,-0.22653833,0.66872311,0.61081159,-0.56501597,0.55467647,0
1.6769184,-0.3248722,-3.7166414,0.54278821,-0.21121871,-0.81287611,0
-1.8142322,1.159955,3.407963,-0.54278821,0.21121871,0.81287611,0
2.1798623,-1.6440384,-2.5064044,-0.576446,-0.79758608,-0.17766923,0
1.0508158,-0.52311116,0.11282834,0.61081159,-0.56501597,0.55467647,0
0.39429879,-0.96900547,0.25650617,-0.576446,-0.79758608,-0.17766923,0
2.3485231,-1.5950575,-2.9381392,0.54278821,-0.21121871,-0.81287611,0
1.4661369,-1.1294955,-0.96221226,0.61081159,-0.56501597,0.55467647,0
-2.6285121,1.3326075,2.8193753,-0.54278821,0.21121871,0.81287611,0
1.5545095,-0.10651684,-3.6231854,-0.61081159,0.56501597,-0.55467647,0
-2.7688189,0.92448038,2.1878929,-0.61081159,0.56501597,-0.55467647,0
1.4687728,-0.87855518,-3.6356616,-0.576446,-0.79758608,-0.17766923,0
-0.51582575,0.9770692,0.10158727,0.576446,0.79758608,0.17766923,0
-0.4921419,0.77687502,-0.46954769,-0.61081159,0.56501597,-0.55467647,0
1.68178,-0.77180648,-3.5972633,0.54278821,-0.21121871,-0.81287611,0
2.2139728,-0.63808191,-1.5045424,0.576446,0.79758608,0.17766923,0
2.3970897,-1.6752642,-2.8848684,0.54278821,-0.21121871,-0.81287611,0
1.3267231,-1.0647955,-0.74278325,0.61081159,-0.56501597,0.55467647,0
0.25488618,-0.68961805,-0.54538661,-0.576446,-0.79758608,-0.17766923,0
2.6855717,-0.95446253,-2.1267624,0.61081159,-0.56501597,0.55467647,0
2.2884479,-1.2730052,-2.0139289,0.61081159,-0.56501597,0.55467647,0
2.0399933,-0.99643236,-3.2997038,0.54278821,-0.21121871,-0.81287611,0
0.25467542,0.68682301,-1.0953346,0.576446,0.79758608,0.17766923,0
-2.1876533,0.3837941,3.3602943,-0.54278821,0.21121871,0.81287611,0
1.8368626,-0.70057142,-3.5122185,0.54278821,-0.21121871,-0.81287611,0
0.31941828,-0.53091717,-1.4671948,-0.576446,-0.79758608,-0.17766923,0
1.3776182,-1.2893571,-1.4957538,-0.576446,-0.79758608,-0.17766923,0
2.1237288,-0.79561102,-3.2959719,0.54278821,-0.21121871,-0.81287611,0
1.6962801,-0.032153368,-2.5450053,0.576446,0.79758608,0.17766923,0
2.5932372,-0.65001464,-2.6814935,0.576446,0.79758608,0.17766923,0
-0.71836138,0.26569808,-0.74113959,-0.61081159,0.56501597,-0.55467647,0
-1.7093037,1.153242,3.1829476,0.576446,0.79758608,0.17766923,0
1.5812287,0.13245732,-3.4091802,-0.61081159,0.56501597,-0.55467647,0
-1.2948695,1.1981337,0.8435297,-0.61081159,0.56501597,-0.55467647,0
-2.0682337,1.438274,3.0679374,0.576446,0.79758608,0.17766923,0
0.40203115,0.66287959,-1.5703344,-0.61081159,0.56501597,-0.55467647,0
1.4141489,-1.2773404,-1.6682229,-0.576446,-0.79758608,-0.17766923,0
2.5221653,-0.95652503,-2.9881086,0.54278821,-0.21121871,-0.81287611,0
-2.4706638,1.6974077,2.646899,-0.61081159,0.56501597,-0.55467647,0
-1.2181737,-0.035005301,1.2952795,-0.576446,-0.79758608,-0.17766923,0
1.9876931,-0.1701498,-3.5493286,0.54278821,-0.21121871,-0.81287611,0
-1.6696409,0.26705217,3.7365251,-0.54278821,0.21121871,0.81287611,0
-0.11096784,-0.15748397,-1.7472134,-0.576446,-0.79758608,-0.17766923,0
0.75209248,0.025157571,-2.6054325,-0.61081159,0.56501597,-0.55467647,0
-2.6642129,1.2980149,2.8045249,-0.54278821,0.21121871,0.81287611,0
-0.71083254,0.040454052,-0.68953407,-0.576446,-0.79758608,-0.17766923,0
1.9125437,-0.85941434,-3.4204094,0.54278821,-0.21121871,-0.81287611,0
2.9190342,-1.0577117,-2.4890258,0.61081159,-0.56501597,0.55467647,0
-2.1971881,1.6109443,2.2576716,-0.61081159,0.56501597,-0.55467647,0
-0.50446278,0.081646144,-1.1641684,-0.61081159,0.56501597,-0.55467647,0
1.9169337,-0.49147421,-3.5130844,0.54278821,-0.21121871,-0.81287611,0
-1.6438063,0.40999049,3.7166343,-0.54278821,0.21121871,0.81287611,0
2.264895,-0.84402215,-3.1891308,0.54278821,-0.21121871,-0.81287611,0
1.8820832,-0.04354769,-3.0966907,0.576446,0.79758608,0.17766923,0
0.95879972,0.072818398,-2.7845101,-0.61081159,0.56501597,-0.55467647,0
-1.7210612,0.074774325,3.7521515,-0.54278821,0.21121871,0.81287611,0
-1.859131,0.70591611,3.4959605,-0.54278821,0.21121871,0.81287611,0
-0.19217853,-0.5092566,0.095439143,-0.576446,-0.79758608,-0.17766923,0
0.73648006,-0.93987381,0.034444626,0.61081159,-0.56501597,0.55467647,0
-1.8901545,0.57989174,3.5079913,-0.54278821,0.21121871,0.81287611,0
-0.7513625,-0.5432331,2.0622327,-0.576446,-0.79758608,-0.17766923,0
-2.5197959,1.3790973,2.8798892,-0.54278821,0.21121871,0.81287611,0
1.2350512,-1.1208785,-1.7895243,-0.576446,-0.79758608,-0.17766923,0
-0.27316743,0.51680011,-0.97560596,-0.61081159,0.56501597,-0.55467647,0
2.0946441,-1.3741637,-3.1650612,0.54278821,-0.21121871,-0.81287611,0
1.2104213,-0.43323606,-3.5770845,-0.61081159,0.56501597,-0.55467647,0
2.0223339,-0.38074186,-3.4714775,0.54278821,-0.21121871,-0.81287611,0
0.4764289,-0.77326983,-0.88865352,-0.576446,-0.79758608,-0.17766923,0
-1.5461432,0.31728798,3.8059356,-0.54278821,0.21121871,0.81287611,0
0.45590499,-0.55147016,-1.8177592,-0.576446,-0.79758608,-0.17766923,0
1.4328659,-0.47369844,-3.8409338,0.54278821,-0.21121871,-0.81287611,0
-2.4574552,0.98365217,3.0242693,-0.54278821,0.21121871,0.81287611,0
1.5198209,-0.77094668,-3.7056332,0.54278821,-0.21121871,-0.81287611,0
