0.4286316,0.3158426,-0.43738553,-0.066517666,0.41988868,-0.9051348,0
0.10127789,0.13722606,0.60861981,0.066517666,-0.41988868,0.9051348,0
1.2618653,0.32651013,-0.49367055,-0.066517666,0.41988868,-0.9051348,0
1.003726,1.2114469,0.73720783,0.90112877,0.4147802,0.12619175,0
-0.72354877,1.3005092,0.34531057,-0.42841846,0.80724907,0.40596396,0
1.8843565,-0.29327229,-0.82693166,-0.066517666,0.41988868,-0.9051348,0
-1.8280349,0.3784048,-0.076550364,-0.90112877,-0.4147802,-0.12619175,0
1.225284,-0.83924574,-0.73303449,0.42841846,-0.80724907,-0.40596396,0
-0.31885028,1.2350366,0.90258396,-0.42841846,0.80724907,0.40596396,0
1.4767858,-0.81360584,-0.51860595,0.42841846,-0.80724907,-0.40596396,0
-1.0833664,0.86545378,0.83068752,-0.42841846,0.80724907,0.40596396,0
-0.76534903,0.20161846,0.70217896,0.066517666,-0.41988868,0.9051348,0
0.034042913,0.72902369,-0.21671435,-0.066517666,0.41988868,-0.9051348,0
0.80729258,1.5737357,0.94911987,0.90112877,0.4147802,0.12619175,0
-0.036128491,-1.5622163,-0.62660921,0.42841846,-0.80724907,-0.40596396,0
-0.88707042,1.0552438,0.66044825,-0.42841846,0.80724907,0.40596396,0
-0.89899224,0.98207814,0.79335523,-0.42841846,0.80724907,0.40596396,0
-1.1594818,1.1870725,0.11083162,-0.42841846,0.80724907,0.40596396,0
-1.4420856,-0.55351722,0.23054403,-0.90112877,-0.4147802,-0.12619175,0
-1.2505862,-0.67693412,-0.73128343,-0.90112877,-0.4147802,-0.12619175,0
1.0540026,1.2113012,0.37866372,0.90112877,0.4147802,0.12619175,0
1.0675659,-0.62675345,-0.92160708,-0.066517666,0.41988868,-0.9051348,0
-0.50539607,0.46296999,-0.30049276,-0.066517666,0.41988868,-0.9051348,0
-0.70206225,1.1197937,0.018658102,-0.066517666,0.41988868,-0.9051348,0
-0.88786274,-1.5632173,-0.40834588,-0.90112877,-0.4147802,-0.12619175,0
0.38484693,1.7099943,0.70076275,-0.42841846,0.80724907,0.40596396,0
-0.58978897,1.4411845,0.20673954,-0.42841846,0.80724907,0.40596396,0
-1.891379,0.53596014,0.63317239,-0.42841846,0.80724907,0.40596396,0
-0.5180189,-0.66684371,0.28112641,0.066517666,-0.41988868,0.9051348,0
0.76028293,-0.19639918,0.40542254,0.066517666,-0.41988868,0.9051348,0
-0.12890542,1.6677228,0.24264967,-0.42841846,0.80724907,0.40596396,0
0.72839904,1.1163427,-0.08806625,-0.066517666,0.41988868,-0.9051348,0
1.3664132,-0.84981591,0.057760954,0.066517666,-0.41988868,0.9051348,0
-1.3808653,-0.60157984,-0.048649445,-0.90112877,-0.4147802,-0.12619175,0
1.7251056,-0.57700557,-0.72702479,0.42841846,-0.80724907,-0.40596396,0
0.280514,1.7180154,0.57470894,-0.42841846,0.80724907,0.40596396,0
-1.465912,0.70277452,0.75046641,-0.42841846,0.80724907,0.40596396,0
1.6592817,0.12651855,-0.37802729,0.90112877,0.4147802,0.12619175,0
-0.36700669,-0.36416939,0.41043818,0.066517666,-0.41988868,0.9051348,0
0.36097866,-0.42752534,-0.77725947,-0.066517666,0.41988868,-0.9051348,0
0.82698488,1.4853914,1.0988775,0.90112877,0.4147802,0.12619175,0
-1.0460305,1.1602223,0.28394896,-0.42841846,0.80724907,0.40596396,0
1.1673362,-0.92651081,-0.62066287,0.42841846,-0.80724907,-0.40596396,0
-0.15864184,1.6491662,0.24816775,-0.42841846,0.80724907,0.40596396,0
-0.42698944,1.484122,0.29316366,-0.42841846,0.80724907,0.40596396,0
-0.2832838,1.4808755,0.4512735,-0.42841846,0.80724907,0.40596396,0
-0.071664244,-1.3501759,-1.0857472,0.42841846,-0.80724907,-0.40596396,0
0.54298425,1.0944505,-0.084595919,-0.066517666,0.41988868,-0.9051348,0
1.0862862,-1.2039013,-0.1546123,0.42841846,-0.80724907,-0.40596396,0
1.7955202,-0.64470541,-0.51809597,0.42841846,-0.80724907,-0.40596396,0
1.1487755,1.0330623,0.28774983,0.90112877,0.4147802,0.12619175,0
-0.068177909,-1.279591,-1.140991,-0.066517666,0.41988868,-0.9051348,0
1.0786266,1.1651998,0.35435551,0.90112877,0.4147802,0.12619175,0
-1.9255453,0.57452238,0.52043623,-0.42841846,0.80724907,0.40596396,0
0.69846743,1.5653129,1.227217,0.066517666,-0.41988868,0.9051348,0
0.43659249,0.80637085,-0.21041635,-0.066517666,0.41988868,-0.9051348,0
-1.3977981,0.70368546,-0.12324387,-0.066517666,0.41988868,-0.9051348,0
0.60732222,1.0566787,-0.1068463,-0.066517666,0.41988868,-0.9051348,0
-1.1562858,-0.92505187,-0.58913976,-0.90112877,-0.4147802,-0.12619175,0
-0.66637176,-1.2404509,0.025934637,0.066517666,-0.41988868,0.9051348,0
0.86904842,1.6097498,0.38974959,0.90112877,0.4147802,0.12619175,0
0.0043443143,-0.92865598,-0.98352337,-0.066517666,0.41988868,-0.9051348,0
1.0645804,1.2213302,0.27016336,0.90112877,0.4147802,0.12619175,0
1.0554518,-0.91448748,-0.76264387,0.42841846,-0.80724907,-0.40596396,0
0.89319229,-0.99915493,-0.7655192,0.42841846,-0.80724907,-0.40596396,0
1.423954,0.46350861,0.19478239,0.90112877,0.4147802,0.12619175,0
1.9361449,-0.5614323,-0.53527957,0.42841846,-0.80724907,-0.40596396,0
-0.74742711,1.1374073,0.64443564,-0.42841846,0.80724907,0.40596396,0
1.053578,-1.1723008,-0.25196606,0.42841846,-0.80724907,-0.40596396,0
0.42506033,1.6100419,0.94195318,-0.42841846,0.80724907,0.40596396,0
1.2526283,-1.1280928,-0.12981242,0.42841846,-0.80724907,-0.40596396,0
-0.65895355,-0.85388064,0.20471789,0.066517666,-0.41988868,0.9051348,0
1.1604069,-1.1574708,-0.16871738,0.42841846,-0.80724907,-0.40596396,0
1.6471788,-0.63674951,-0.69046259,0.42841846,-0.80724907,-0.40596396,0
0.57774276,-1.3101258,-0.48005915,0.42841846,-0.80724907,-0.40596396,0
1.0348634,1.0878603,0.92107415,0.90112877,0.4147802,0.12619175,0
1.0448787,1.1303139,0.71001416,0.90112877,0.4147802,0.12619175,0
0.23723406,-1.527727,-0.40670723,0.42841846,-0.80724907,-0.40596396,0
-0.44458908,-1.5515325,-1.0789067,0.42841846,-0.80724907,-0.40596396,0
-1.4518697,0.94856489,0.2765376,-0.42841846,0.80724907,0.40596396,0
1.3991172,0.55392402,0.074954331,0.90112877,0.4147802,0.12619175,0
0.15414596,1.6461023,0.58434916,-0.42841846,0.80724907,0.40596396,0
-1.6002537,0.6950525,0.62404895,-0.42841846,0.80724907,0.40596396,0
-1.439736,0.71383703,0.75609273,-0.42841846,0.80724907,0.40596396,0
-1.6199634,0.027800143,-0.40997362,-0.90112877,-0.4147802,-0.12619175,0
-0.28039134,0.361626,0.74076664,0.066517666,-0.41988868,0.9051348,0
-0.74159145,0.94008434,1.0429658,-0.42841846,0.80724907,0.40596396,0
-0.63044059,-1.8675996,-0.64654648,0.42841846,-0.80724907,-0.40596396,0
1.4469465,0.30818117,0.54114038,0.90112877,0.4147802,0.12619175,0
-1.3904339,0.93703294,0.36430258,-0.42841846,0.80724907,0.40596396,0
1.2183567,-1.0684669,-0.28454435,0.42841846,-0.80724907,-0.40596396,0
-1.2982737,0.69570136,0.94144177,-0.42841846,0.80724907,0.40596396,0
-0.90354735,-1.5616114,-0.30162042,-0.90112877,-0.4147802,-0.12619175,0
-1.1594791,-1.0731549,-0.079534888,-0.90112877,-0.4147802,-0.12619175,0
1.4153234,0.44448036,-0.45022213,-0.066517666,0.41988868,-0.9051348,0
-1.7940975,0.84011579,0.13102865,-0.42841846,0.80724907,0.40596396,0
-1.1316311,-0.8991316,-0.85039347,-0.90112877,-0.4147802,-0.12619175,0
0.46439022,-0.073843479,-0.62078732,-0.066517666,0.41988868,-0.9051348,0
0.060438372,-0.57965797,0.27906123,0.066517666,-0.41988868,0.9051348,0
-1.5928221,0.81873095,0.38596016,-0.42841846,0.80724907,0.40596396,0
0.47689795,-0.13786203,-0.6514045,-0.066517666,0.41988868,-0.9051348,0
-0.028824717,-0.08041501,0.51721805,0.066517666,-0.41988868,0.9051348,0
1.0855674,0.99377525,0.86824834,0.90112877,0.4147802,0.12619175,0
0.63221931,1.807125,0.23945326,-0.066517666,0.41988868,-0.9051348,0
-1.7544336,0.61107802,-0.13999528,-0.066517666,0.41988868,-0.9051348,0
0.26168609,1.7884661,0.25802767,-0.066517666,0.41988868,-0.9051348,0
0.78749609,1.6438596,0.85999477,0.90112877,0.4147802,0.12619175,0
1.0029557,0.38531739,0.65744483,0.066517666,-0.41988868,0.9051348,0
0.69364285,1.9351249,0.57283533,0.90112877,0.4147802,0.12619175,0
-0.76462954,-1.1808946,-1.0440245,-0.066517666,0.41988868,-0.9051348,0
1.0652671,1.0247748,0.91131991,0.90112877,0.4147802,0.12619175,0
-0.36351141,-1.1491513,0.046031058,0.066517666,-0.41988868,0.9051348,0
0.10390506,-0.30515766,-0.70160133,-0.066517666,0.41988868,-0.9051348,0
1.2991104,-0.35670471,0.29145935,0.066517666,-0.41988868,0.9051348,0
1.5889683,0.20833023,-0.14482856,0.90112877,0.4147802,0.12619175,0
1.0408138,-0.36155879,-0.79661828,-0.066517666,0.41988868,-0.9051348,0
0.49709314,0.47129959,-0.37030083,-0.066517666,0.41988868,-0.9051348,0
1.4642729,0.54943854,-0.37557608,0.90112877,0.4147802,0.12619175,0
-0.88877559,-1.4716244,-0.70288432,-0.90112877,-0.4147802,-0.12619175,0
-0.47467992,1.1525557,0.90214658,-0.42841846,0.80724907,0.40596396,0
-0.33338428,-1.7801723,-0.50690627,0.42841846,-0.80724907,-0.40596396,0
-1.2977422,-0.47036532,-0.67523468,-0.066517666,0.41988868,-0.9051348,0
-0.79655457,1.33234,0.20497203,-0.42841846,0.80724907,0.40596396,0
0.98375094,1.3508872,0.42152119,0.90112877,0.4147802,0.12619175,0
1.231853,-0.98789662,-0.43051362,0.42841846,-0.80724907,-0.40596396,0
1.8237064,-0.20641933,-0.45784044,0.90112877,0.4147802,0.12619175,0
0.030879162,1.206641,0.0050829649,-0.066517666,0.41988868,-0.9051348,0
-0.41223133,1.4494681,0.37764674,-0.42841846,0.80724907,0.40596396,0
-1.0630753,-0.65091985,-0.7762388,-0.066517666,0.41988868,-0.9051348,0
0.6758095,-1.0035323,-0.98622155,0.42841846,-0.80724907,-0.40596396,0
1.9429165,-0.59857392,-0.020138562,0.90112877,0.4147802,0.12619175,0
-0.80607057,-1.6504117,-0.70581967,-0.90112877,-0.4147802,-0.12619175,0
-1.0577466,-0.62453437,0.34041774,0.066517666,-0.41988868,0.9051348,0
-1.892285,0.47768533,0.74809414,-0.42841846,0.80724907,0.40596396,0
-1.2304182,0.30718929,0.78533041,0.066517666,-0.41988868,0.9051348,0
-1.4558231,-0.36933094,-0.2767604,-0.90112877,-0.4147802,-0.12619175,0
1.6880125,-0.063119709,0.040131316,0.90112877,0.4147802,0.12619175,0
-0.76462215,1.307826,0.28741604,-0.42841846,0.80724907,0.40596396,0
0.84517431,1.3627229,1.1224549,0.066517666,-0.41988868,0.9051348,0
-1.2597852,-0.75070202,-0.42312652,-0.90112877,-0.4147802,-0.12619175,0
0.67282999,-1.1707064,-0.65694416,0.42841846,-0.80724907,-0.40596396,0
-0.79047108,-1.6480907,-0.82484353,-0.90112877,-0.4147802,-0.12619175,0
-0.90303057,-1.5650322,-0.2940672,-0.90112877,-0.4147802,-0.12619175,0
1.0897152,-1.1415167,-0.27504355,0.42841846,-0.80724907,-0.40596396,0
1.447877,0.56665486,-0.31508309,0.90112877,0.4147802,0.12619175,0
1.86589,-0.32060152,-0.38376534,0.90112877,0.4147802,0.12619175,0
-1.2406868,-0.8688885,-0.17103896,-0.90112877,-0.4147802,-0.12619175,0
0.82709086,1.7512575,0.22424418,0.90112877,0.4147802,0.12619175,0
-1.8228208,0.22914757,0.37681073,-0.90112877,-0.4147802,-0.12619175,0
-1.5983434,0.78201997,0.45313245,-0.42841846,0.80724907,0.40596396,0
1.9236982,-0.35427886,-0.68587637,0.90112877,0.4147802,0.12619175,0
0.11774617,0.26376963,0.66611266,0.066517666,-0.41988868,0.9051348,0
0.95347714,1.3522217,0.63331825,0.90112877,0.4147802,0.12619175,0
-1.3342289,-0.56922913,-0.48801136,-0.90112877,-0.4147802,-0.12619175,0
0.11170927,-1.5011368,-0.592049,0.42841846,-0.80724907,-0.40596396,0
0.71440119,1.8746536,0.62336409,0.90112877,0.4147802,0.12619175,0
-0.30680954,1.3020498,0.78203702,-0.42841846,0.80724907,0.40596396,0
1.0907756,-0.21549612,0.37227589,0.066517666,-0.41988868,0.9051348,0
0.62861925,1.1565093,-0.062100351,-0.066517666,0.41988868,-0.9051348,0
1.3664093,-0.7154966,-0.83017504,0.42841846,-0.80724907,-0.40596396,0
-1.3021158,0.24120837,-0.34481686,-0.066517666,0.41988868,-0.9051348,0
-0.59559906,-1.8690928,-0.60680842,0.42841846,-0.80724907,-0.40596396,0
1.0824057,0.98358792,0.92431051,0.90112877,0.4147802,0.12619175,0
-1.0416807,-0.17399356,-0.55656666,-0.066517666,0.41988868,-0.9051348,0
-0.5300169,0.96884668,-0.06400913,-0.066517666,0.41988868,-0.9051348,0
-0.14818692,-1.5734694,-0.722489,0.42841846,-0.80724907,-0.40596396,0
1.8658043,-0.48251605,0.14904469,0.90112877,0.4147802,0.12619175,0
-1.0981127,0.58730561,0.90555227,0.066517666,-0.41988868,0.9051348,0
-0.60316169,0.80190748,-0.13607618,-0.066517666,0.41988868,-0.9051348,0
0.45334065,-1.2709281,-0.68928552,0.42841846,-0.80724907,-0.40596396,0
0.59784836,1.8664628,0.61441207,-0.42841846,0.80724907,0.40596396,0
1.0603858,1.1806819,0.43372339,0.90112877,0.4147802,0.12619175,0
0.33729911,1.0715767,-0.080091268,-0.066517666,0.41988868,-0.9051348,0
0.070757106,1.7054616,0.37831342,-0.42841846,0.80724907,0.40596396,0
0.03453894,-1.5623879,-0.55169129,0.42841846,-0.80724907,-0.40596396,0
-1.3920102,-0.64414638,0.17084712,-0.90112877,-0.4147802,-0.12619175,0
-0.57809621,-1.7335838,-0.85779405,0.42841846,-0.80724907,-0.40596396,0
-1.2273645,1.1112983,0.18986923,-0.42841846,0.80724907,0.40596396,0
-1.1198701,-0.94942153,-0.76908159,-0.90112877,-0.4147802,-0.12619175,0
-0.28117555,-1.531646,-0.94599819,0.42841846,-0.80724907,-0.40596396,0
-0.7814303,0.45413199,-0.28430718,-0.066517666,0.41988868,-0.9051348,0
-0.50267065,-1.2763696,-0.0027583241,0.066517666,-0.41988868,0.9051348,0
-1.1261954,1.2018619,0.1165508,-0.42841846,0.80724907,0.40596396,0
-0.10823828,-1.4452007,-0.93538964,0.42841846,-0.80724907,-0.40596396,0
0.99283469,-0.76963365,-0.98239666,-0.066517666,0.41988868,-0.9051348,0
0.46066755,1.5770998,1.0450349,-0.42841846,0.80724907,0.40596396,0
0.78693491,-0.65779507,0.18942404,0.066517666,-0.41988868,0.9051348,0
0.72258967,-1.1609057,-0.62392062,0.42841846,-0.80724907,-0.40596396,0
-0.25986677,-0.64264983,0.27337846,0.066517666,-0.41988868,0.9051348,0
0.54896474,1.7887069,0.71744001,-0.42841846,0.80724907,0.40596396,0
-1.6039209,0.63587433,-0.1395534,-0.066517666,0.41988868,-0.9051348,0
1.7459764,-0.31597179,-0.8272925,-0.066517666,0.41988868,-0.9051348,0
0.69512665,-1.23785,-0.49990118,0.42841846,-0.80724907,-0.40596396,0
0.74166071,0.46208316,0.71225858,0.066517666,-0.41988868,0.9051348,0
1.6210424,0.25768188,-0.53608263,0.90112877,0.4147802,0.12619175,0
1.7816708,-0.18931374,-0.21389085,0.90112877,0.4147802,0.12619175,0
0.93799162,1.4176464,0.52885568,0.90112877,0.4147802,0.12619175,0
-0.15914339,-1.6477772,-0.58629227,0.42841846,-0.80724907,-0.40596396,0
1.2289524,-0.85361189,-0.70059627,0.42841846,-0.80724907,-0.40596396,0
-0.023085311,0.17497775,0.63527203,0.066517666,-0.41988868,0.9051348,0
-0.4594923,-1.6115726,-0.97524583,0.42841846,-0.80724907,-0.40596396,0
-0.67985696,0.46248668,-0.28789595,-0.066517666,0.41988868,-0.9051348,0
1.232111,-0.11402135,-0.69584489,-0.066517666,0.41988868,-0.9051348,0
-0.014992535,-1.2406199,-1.1268209,-0.066517666,0.41988868,-0.9051348,0
0.60849792,-1.451194,-0.16709226,0.42841846,-0.80724907,-0.40596396,0
0.55567127,0.021543205,0.52156198,0.066517666,-0.41988868,0.9051348,0
-1.7097688,0.51749116,0.86155283,-0.42841846,0.80724907,0.40596396,0
-1.0470386,-1.1276293,-0.70341575,-0.90112877,-0.4147802,-0.12619175,0
1.6944654,-0.51382858,-0.88498557,0.42841846,-0.80724907,-0.40596396,0
-0.72552472,1.1801721,0.58251274,-0.42841846,0.80724907,0.40596396,0
0.91598535,-1.0333817,-0.67340654,0.42841846,-0.80724907,-0.40596396,0
0.74956477,1.7919034,0.6442554,0.90112877,0.4147802,0.12619175,0
0.17365623,0.72062808,0.87393874,0.066517666,-0.41988868,0.9051348,0
-0.36817893,-1.7087115,-0.21320367,0.066517666,-0.41988868,0.9051348,0
-1.4166709,0.87218153,0.46556938,-0.42841846,0.80724907,0.40596396,0
-0.48852679,1.1605632,0.87161112,-0.42841846,0.80724907,0.40596396,0
-1.0970793,-1.2339439,0.0033695102,-0.90112877,-0.4147802,-0.12619175,0
1.9283386,-0.50198752,-0.23350978,0.90112877,0.4147802,0.12619175,0
-1.9107711,0.83378732,0.02048564,-0.42841846,0.80724907,0.40596396,0
-1.2534168,-0.83502507,-0.19144082,-0.90112877,-0.4147802,-0.12619175,0
-0.86502111,0.89782327,0.9967441,-0.42841846,0.80724907,0.40596396,0
1.1804132,0.83975947,0.69719464,0.90112877,0.4147802,0.12619175,0
-1.1505864,-0.9827227,-0.44027966,-0.90112877,-0.4147802,-0.12619175,0
-1.3105403,-0.7936759,0.080564976,-0.90112877,-0.4147802,-0.12619175,0
1.4820533,-0.73478633,-0.66977769,0.42841846,-0.80724907,-0.40596396,0
0.52748859,-1.3767185,-0.40067494,0.42841846,-0.80724907,-0.40596396,0
1.6014593,0.17632091,-0.12881565,0.90112877,0.4147802,0.12619175,0
0.53505075,0.54421782,0.76554406,0.066517666,-0.41988868,0.9051348,0
-1.6093253,-0.22417007,0.34226185,-0.90112877,-0.4147802,-0.12619175,0
-0.87303889,-1.4914799,-0.74999607,-0.90112877,-0.4147802,-0.12619175,0
1.3132902,0.70476651,0.19203535,0.90112877,0.4147802,0.12619175,0
-1.5432492,-0.38685006,0.40513003,-0.90112877,-0.4147802,-0.12619175,0
0.51091504,-0.34255356,-0.74886,-0.066517666,0.41988868,-0.9051348,0
1.0580945,0.45471057,-0.41922393,-0.066517666,0.41988868,-0.9051348,0
-0.98565853,-1.395685,-0.2606535,-0.90112877,-0.4147802,-0.12619175,0
-1.7173669,0.79780364,0.29614037,-0.42841846,0.80724907,0.40596396,0
-0.4635838,-0.69541311,-0.84093511,-0.066517666,0.41988868,-0.9051348,0
1.0439281,-0.70012736,-0.95390791,-0.066517666,0.41988868,-0.9051348,0
1.7114159,-0.14930356,0.15628637,0.90112877,0.4147802,0.12619175,0
0.89569068,1.5244076,0.48001003,0.90112877,0.4147802,0.12619175,0
0.22235245,-0.028015688,-0.5817408,-0.066517666,0.41988868,-0.9051348,0
1.4113241,0.49897081,0.16841032,0.90112877,0.4147802,0.12619175,0
-0.60719967,-1.9206667,-0.29396355,0.066517666,-0.41988868,0.9051348,0
1.8505358,-0.47775859,-0.79200685,0.42841846,-0.80724907,-0.40596396,0
0.2841582,-1.5521868,-0.30855,0.42841846,-0.80724907,-0.40596396,0
-0.73675859,1.0393937,0.85059166,-0.42841846,0.80724907,0.40596396,0
0.19396237,1.5710642,0.77557898,-0.42841846,0.80724907,0.40596396,0
0.34339184,-0.75749695,-0.9290396,-0.066517666,0.41988868,-0.9051348,0
1.0542047,-0.33236694,0.32074752,0.066517666,-0.41988868,0.9051348,0
0.20573644,1.8038472,0.3251214,-0.42841846,0.80724907,0.40596396,0
1.2999398,0.78713077,-0.28278846,-0.066517666,0.41988868,-0.9051348,0
-0.13178723,1.5239002,0.16421264,-0.066517666,0.41988868,-0.9051348,0
0.75151557,1.6174867,1.2036153,0.90112877,0.4147802,0.12619175,0
-0.24319002,1.4611177,0.14327484,-0.066517666,0.41988868,-0.9051348,0
0.60866135,-0.08203885,-0.6351915,-0.066517666,0.41988868,-0.9051348,0
0.37923604,1.7998136,0.51623821,-0.42841846,0.80724907,0.40596396,0
0.7670657,0.3427645,0.65504003,0.066517666,-0.41988868,0.9051348,0
1.8987124,-0.31504673,-0.8380878,-0.066517666,0.41988868,-0.9051348,0
0.96622735,1.2633966,0.83422947,0.90112877,0.4147802,0.12619175,0
0.23943454,0.75654161,-0.219043,-0.066517666,0.41988868,-0.9051348,0
1.1569701,1.1277311,-0.081935465,0.90112877,0.4147802,0.12619175,0
1.5917277,0.21587281,-0.1893262,0.90112877,0.4147802,0.12619175,0
1.5312769,0.37128392,-0.26847142,0.90112877,0.4147802,0.12619175,0
1.8760827,-0.42693233,-0.86611378,0.42841846,-0.80724907,-0.40596396,0
1.2225866,0.72766918,0.76446563,0.90112877,0.4147802,0.12619175,0
-0.15519369,-1.5739894,-0.72884953,0.42841846,-0.80724907,-0.40596396,0
-1.1194733,-1.0321978,-0.49983627,-0.90112877,-0.4147802,-0.12619175,0
-1.0974706,-1.1228064,-0.35913467,-0.90112877,-0.4147802,-0.12619175,0
-1.3657966,-0.63059968,-0.060869351,-0.90112877,-0.4147802,-0.12619175,0
-0.95535982,-1.32798,-0.6995548,-0.90112877,-0.4147802,-0.12619175,0
1.6024511,-0.92443156,-0.16561562,0.42841846,-0.80724907,-0.40596396,0
-0.3201201,1.0159119,-0.057600796,-0.066517666,0.41988868,-0.9051348,0
1.2331965,0.7536357,0.60335243,0.90112877,0.4147802,0.12619175,0
1.2318478,0.94386876,-0.01229459,0.90112877,0.4147802,0.12619175,0
0.3920871,-1.2772373,-0.74138153,0.42841846,-0.80724907,-0.40596396,0
-1.2054324,1.093179,0.24904418,-0.42841846,0.80724907,0.40596396,0
1.8715494,-0.6869967,-0.35376638,0.42841846,-0.80724907,-0.40596396,0
-1.7592711,0.050493777,0.51022321,-0.90112877,-0.4147802,-0.12619175,0
0.14692971,-0.56583124,-0.82568872,-0.066517666,0.41988868,-0.9051348,0
-0.66401768,1.3605812,0.28868306,-0.42841846,0.80724907,0.40596396,0
-0.15424123,-1.4872365,-0.90035021,0.42841846,-0.80724907,-0.40596396,0
0.42376727,-0.35530937,-0.74837303,-0.066517666,0.41988868,-0.9051348,0
1.4612296,0.32398075,0.38721406,0.90112877,0.4147802,0.12619175,0
1.686389,-0.1042316,0.18685544,0.90112877,0.4147802,0.12619175,0
-1.1500641,-0.2531684,0.51947737,0.066517666,-0.41988868,0.9051348,0
-0.0035221428,1.6276799,0.20292962,-0.066517666,0.41988868,-0.9051348,0
0.79200137,1.7747915,0.39746225,0.90112877,0.4147802,0.12619175,0
1.8894633,-0.46549588,-0.075847328,0.90112877,0.4147802,0.12619175,0
1.1994098,0.85514194,-0.24385045,-0.066517666,0.41988868,-0.9051348,0
-1.4056423,0.64640754,0.92615408,-0.42841846,0.80724907,0.40596396,0
1.0072439,-1.1616191,-0.32210338,0.42841846,-0.80724907,-0.40596396,0
1.0069132,1.185178,0.80079079,0.90112877,0.4147802,0.12619175,0
-0.38403088,1.4702983,0.15788412,-0.066517666,0.41988868,-0.9051348,0
0.66844147,-0.53147221,-0.84807521,-0.066517666,0.41988868,-0.9051348,0
-0.59987897,-1.1396983,0.067786753,0.066517666,-0.41988868,0.9051348,0
1.9778953,-0.60275602,-0.25617462,0.90112877,0.4147802,0.12619175,0
-0.91164416,0.87073594,-0.081476808,-0.066517666,0.41988868,-0.9051348,0
0.049717695,1.3497902,1.0633538,-0.42841846,0.80724907,0.40596396,0
1.8934914,-0.6517691,0.11089957,0.066517666,-0.41988868,0.9051348,0
0.48284131,-1.3856351,-0.43006122,0.42841846,-0.80724907,-0.40596396,0
0.81672591,1.7013439,0.46232104,0.90112877,0.4147802,0.12619175,0
1.8369601,-0.21899097,-0.51116264,0.90112877,0.4147802,0.12619175,0
1.0561851,1.3256922,-0.012914479,0.90112877,0.4147802,0.12619175,0
1.6023015,0.20254683,-0.22103193,0.90112877,0.4147802,0.12619175,0
-1.3090644,-0.66850424,-0.34140214,-0.90112877,-0.4147802,-0.12619175,0
-0.13841814,-1.4315901,-0.99430346,0.42841846,-0.80724907,-0.40596396,0
1.2598158,-0.69641864,0.13675511,0.066517666,-0.41988868,0.9051348,0
-1.0849268,0.47312841,0.85161686,0.066517666,-0.41988868,0.9051348,0
0.83849251,1.6944641,0.32950026,0.90112877,0.4147802,0.12619175,0
1.4612038,0.34387019,-0.50026655,-0.066517666,0.41988868,-0.9051348,0
-0.54626822,-1.3588386,-1.1426194,-0.066517666,0.41988868,-0.9051348,0
0.54477918,-1.1179318,-0.89701861,0.42841846,-0.80724907,-0.40596396,0
-0.3217414,1.4956884,0.38123399,-0.42841846,0.80724907,0.40596396,0
0.042119831,1.5183454,0.72016788,-0.42841846,0.80724907,0.40596396,0
-1.8964304,0.45278329,0.79323655,-0.42841846,0.80724907,0.40596396,0
1.5811152,0.21578562,-0.11325644,0.90112877,0.4147802,0.12619175,0
1.8815219,-0.47328925,0.0064776242,0.90112877,0.4147802,0.12619175,0
1.4986395,0.3765159,-0.052605994,0.90112877,0.4147802,0.12619175,0
-0.59528267,-1.2898045,-0.0021846294,0.066517666,-0.41988868,0.9051348,0
1.0208302,-0.19964612,-0.72003901,-0.066517666,0.41988868,-0.9051348,0
-1.1071985,-1.0445546,-0.54687512,-0.90112877,-0.4147802,-0.12619175,0
-0.89044166,1.2204173,0.32844734,-0.42841846,0.80724907,0.40596396,0
-0.419938,-0.26766497,-0.64571184,-0.066517666,0.41988868,-0.9051348,0
-0.93344188,-1.2899534,-0.98105961,-0.90112877,-0.4147802,-0.12619175,0
1.743125,-0.026145652,-0.47495404,0.90112877,0.4147802,0.12619175,0
-1.5840287,0.89816153,0.23729414,-0.42841846,0.80724907,0.40596396,0
-1.153448,1.1730537,0.1450749,-0.42841846,0.80724907,0.40596396,0
1.2860779,0.78600848,0.11932254,0.90112877,0.4147802,0.12619175,0
0.28745514,1.7231172,0.5718894,-0.42841846,0.80724907,0.40596396,0
1.3099426,0.18334532,0.54119056,0.066517666,-0.41988868,0.9051348,0
-1.017333,0.84267771,0.94566286,-0.42841846,0.80724907,0.40596396,0
1.3554616,0.70861006,-0.12174228,0.90112877,0.4147802,0.12619175,0
-0.48315087,-1.5982648,-1.0266752,0.42841846,-0.80724907,-0.40596396,0
1.118294,0.96422374,0.7316823,0.90112877,0.4147802,0.12619175,0
-1.3691347,-0.52197349,-0.39407623,-0.90112877,-0.4147802,-0.12619175,0
-0.95806885,1.1378037,0.42135471,-0.42841846,0.80724907,0.40596396,0
-1.0454172,1.2425803,0.12082946,-0.42841846,0.80724907,0.40596396,0
-0.80378377,1.1900364,0.48031014,-0.42841846,0.80724907,0.40596396,0
1.7367675,-0.72210014,-0.42620116,0.42841846,-0.80724907,-0.40596396,0
0.92495406,-1.1220835,-0.48756021,0.42841846,-0.80724907,-0.40596396,0
0.63487995,-1.0976074,-0.84234917,0.42841846,-0.80724907,-0.40596396,0
-0.085754588,1.5018423,0.61803663,-0.42841846,0.80724907,0.40596396,0
1.1238506,1.1064563,0.22449815,0.90112877,0.4147802,0.12619175,0
-1.638292,0.48311621,-0.20789146,-0.066517666,0.41988868,-0.9051348,0
1.2623351,0.81961602,0.17840341,0.90112877,0.4147802,0.12619175,0
0.78373551,1.6367407,0.91024852,0.90112877,0.4147802,0.12619175,0
1.5706753,0.29539907,-0.30038679,0.90112877,0.4147802,0.12619175,0
-1.0830808,0.053165205,0.65666187,0.066517666,-0.41988868,0.9051348,0
-0.2553232,-1.5513192,-0.87959623,0.42841846,-0.80724907,-0.40596396,0
1.5254768,-0.91085309,-0.27384806,0.42841846,-0.80724907,-0.40596396,0
0.7849381,0.94198233,0.9317016,0.066517666,-0.41988868,0.9051348,0
1.4129751,0.37568206,0.56185949,0.90112877,0.4147802,0.12619175,0
-0.92960042,-1.3627656,-0.76916474,-0.90112877,-0.4147802,-0.12619175,0
-1.6875778,0.60731924,0.70635009,-0.42841846,0.80724907,0.40596396,0
-0.11850291,-1.4140701,-1.0081246,0.42841846,-0.80724907,-0.40596396,0
-0.90936708,-1.3531361,-0.945301,-0.90112877,-0.4147802,-0.12619175,0
-1.8787901,0.26188272,0.66888702,-0.90112877,-0.4147802,-0.12619175,0
0.20799495,-1.2175519,-0.027699232,0.066517666,-0.41988868,0.9051348,0
1.6099062,0.069311947,0.16259323,0.90112877,0.4147802,0.12619175,0
1.817062,-0.21824785,-0.37151438,0.90112877,0.4147802,0.12619175,0
-0.74836278,-1.7939575,-0.64608693,-0.90112877,-0.4147802,-0.12619175,0
-0.8536886,-1.4432472,-1.0467114,-0.90112877,-0.4147802,-0.12619175,0
0.9398036,1.4947561,0.071942389,-0.066517666,0.41988868,-0.9051348,0
0.016806662,1.6876286,0.3568393,-0.42841846,0.80724907,0.40596396,0
0.062869087,-0.91799688,-0.98287952,-0.066517666,0.41988868,-0.9051348,0
-1.9423732,0.49443322,0.35855985,-0.90112877,-0.4147802,-0.12619175,0
-0.83109808,-1.5661129,-0.80418164,-0.90112877,-0.4147802,-0.12619175,0
-1.2981106,-0.85466963,0.19228557,-0.90112877,-0.4147802,-0.12619175,0
-1.6637114,-0.11108907,0.35894442,-0.90112877,-0.4147802,-0.12619175,0
-0.93020201,-1.0149165,0.14994779,0.066517666,-0.41988868,0.9051348,0
-1.1856796,0.46701923,-0.24862084,-0.066517666,0.41988868,-0.9051348,0
-1.5285964,-0.41349241,0.38806534,-0.90112877,-0.4147802,-0.12619175,0
-1.5418558,-0.28418255,0.057720903,-0.90112877,-0.4147802,-0.12619175,0
1.4441539,0.57965863,-0.33123815,0.90112877,0.4147802,0.12619175,0
-1.6928428,0.076966256,-0.051150084,-0.90112877,-0.4147802,-0.12619175,0
1.6659653,-0.040127873,0.12199685,0.90112877,0.4147802,0.12619175,0
0.7329278,1.7480086,0.20462841,-0.066517666,0.41988868,-0.9051348,0
-0.24835838,1.0068499,1.0377295,0.066517666,-0.41988868,0.9051348,0
1.7629795,-0.18667129,-0.089102238,0.90112877,0.4147802,0.12619175,0
0.1847367,-0.37518057,-0.74002498,-0.066517666,0.41988868,-0.9051348,0
1.1622677,-0.98498541,-0.50973654,0.42841846,-0.80724907,-0.40596396,0
0.5632143,1.7872149,0.73544455,-0.42841846,0.80724907,0.40596396,0
0.75062537,1.6943067,0.95747221,0.90112877,0.4147802,0.12619175,0
0.81021714,1.6189504,0.77961934,0.90112877,0.4147802,0.12619175,0
-0.83932447,1.1728858,0.47690725,-0.42841846,0.80724907,0.40596396,0
-0.3154195,0.77028257,0.93291509,0.066517666,-0.41988868,0.9051348,0
0.97309774,-0.90153569,-0.87530756,0.42841846,-0.80724907,-0.40596396,0
1.3867344,0.64424795,-0.13350743,0.90112877,0.4147802,0.12619175,0
-0.54499656,0.55521959,0.85001963,0.066517666,-0.41988868,0.9051348,0
1.5661942,0.32249966,-0.35746473,0.90112877,0.4147802,0.12619175,0
1.0560908,-1.2430042,-0.10872239,0.42841846,-0.80724907,-0.40596396,0
-1.9137466,0.34502313,0.64523524,-0.90112877,-0.4147802,-0.12619175,0
0.073007815,-0.95011246,0.10628504,0.066517666,-0.41988868,0.9051348,0
-0.84982729,-0.10860597,0.56447518,0.066517666,-0.41988868,0.9051348,0
-0.83695138,-1.5871257,-0.6933167,-0.90112877,-0.4147802,-0.12619175,0
-0.55612689,1.3180979,0.48701817,-0.42841846,0.80724907,0.40596396,0
1.5286884,-0.90193319,-0.28819591,0.42841846,-0.80724907,-0.40596396,0
1.9251481,-0.6049279,0.12762919,0.90112877,0.4147802,0.12619175,0
-1.0718842,-0.18258163,-0.55833095,-0.066517666,0.41988868,-0.9051348,0
-0.039548248,-0.14498016,-0.61675334,-0.066517666,0.41988868,-0.9051348,0
-1.8883519,0.42302513,0.86093527,-0.42841846,0.80724907,0.40596396,0
-1.7499155,0.57150608,0.7117781,-0.42841846,0.80724907,0.40596396,0
1.2015729,0.95995492,0.15102258,0.90112877,0.4147802,0.12619175,0
-0.0089148879,-1.3483137,-1.0232301,0.42841846,-0.80724907,-0.40596396,0
0.93343645,-0.16499689,0.40726501,0.066517666,-0.41988868,0.9051348,0
0.51225853,1.7058264,0.20127702,-0.066517666,0.41988868,-0.9051348,0
1.0224578,1.3604203,0.11378241,0.90112877,0.4147802,0.12619175,0
1.3060697,-0.79833639,-0.72912771,0.42841846,-0.80724907,-0.40596396,0
-1.6958505,0.55108327,-0.17213181,-0.066517666,0.41988868,-0.9051348,0
-0.50533742,-1.0324844,0.11057514,0.066517666,-0.41988868,0.9051348,0
1.5497921,0.30056691,-0.16824707,0.90112877,0.4147802,0.12619175,0
1.4778526,0.28045708,0.41156834,0.90112877,0.4147802,0.12619175,0
-0.85081381,-1.5447721,-0.73353696,-0.90112877,-0.4147802,-0.12619175,0
-0.49420568,-0.8311168,0.20317075,0.066517666,-0.41988868,0.9051348,0
1.7968639,-0.19102231,-0.31676844,0.90112877,0.4147802,0.12619175,0
1.9649442,-0.67255038,0.065716147,0.90112877,0.4147802,0.12619175,0
-0.42124271,-1.4989424,-1.158843,0.42841846,-0.80724907,-0.40596396,0
-0.68829161,1.2794174,0.42445838,-0.42841846,0.80724907,0.40596396,0
0.81901366,1.3807725,0.027942538,-0.066517666,0.41988868,-0.9051348,0
0.45237198,1.9259398,0.34262049,-0.42841846,0.80724907,0.40596396,0
-1.2517238,0.99532926,0.39476418,-0.42841846,0.80724907,0.40596396,0
0.1024701,0.6982125,0.86877173,0.066517666,-0.41988868,0.9051348,0
0.0072702765,-1.5651679,-0.57494056,0.42841846,-0.80724907,-0.40596396,0
1.2152339,0.8694244,0.35103559,0.90112877,0.4147802,0.12619175,0
-0.53583014,1.1225792,0.89722162,-0.42841846,0.80724907,0.40596396,0
1.6770024,0.14909287,-0.57876956,0.90112877,0.4147802,0.12619175,0
1.5688481,0.16319446,0.14720452,0.90112877,0.4147802,0.12619175,0
0.41100967,-1.1698127,-0.93502361,0.42841846,-0.80724907,-0.40596396,0
-1.6769084,-0.08251413,0.35925937,-0.90112877,-0.4147802,-0.12619175,0
-1.6160147,0.0079034567,-0.37277269,-0.90112877,-0.4147802,-0.12619175,0
1.8393979,-0.45246857,-0.85404938,0.42841846,-0.80724907,-0.40596396,0
0.084543556,-1.4116436,-0.79867238,0.42841846,-0.80724907,-0.40596396,0
-1.8186809,0.12795469,0.67985952,-0.90112877,-0.4147802,-0.12619175,0
1.8111387,-0.73940599,-0.31330377,0.42841846,-0.80724907,-0.40596396,0
0.87913024,1.4160801,0.95433015,0.90112877,0.4147802,0.12619175,0
-0.25271416,0.74188745,0.91513449,0.066517666,-0.41988868,0.9051348,0
1.7824068,-0.33511579,0.26009047,0.90112877,0.4147802,0.12619175,0
1.2137415,0.85058969,0.4236002,0.90112877,0.4147802,0.12619175,0
0.88446474,1.4965086,0.65187573,0.90112877,0.4147802,0.12619175,0
-0.9101274,0.74893916,-0.1380893,-0.066517666,0.41988868,-0.9051348,0
-0.35458279,-1.5496658,-0.98763371,0.42841846,-0.80724907,-0.40596396,0
-0.79694819,-1.6394982,-0.80683345,-0.90112877,-0.4147802,-0.12619175,0
-0.88970828,-1.3916619,-0.95905346,-0.90112877,-0.4147802,-0.12619175,0
-0.77206582,-1.7279897,-0.69365418,-0.90112877,-0.4147802,-0.12619175,0
-1.0080855,-1.218868,-0.68168408,-0.90112877,-0.4147802,-0.12619175,0
-1.7815443,0.81679147,0.19065619,-0.42841846,0.80724907,0.40596396,0
0.18784705,1.1982596,-0.010340512,-0.066517666,0.41988868,-0.9051348,0
1.1968076,-1.0967047,-0.25113547,0.42841846,-0.80724907,-0.40596396,0
-0.17903687,0.19468518,0.65587491,0.066517666,-0.41988868,0.9051348,0
-1.8267493,0.86416978,-0.017272532,-0.066517666,0.41988868,-0.9051348,0
-0.037821025,-0.91083217,-0.97215623,-0.066517666,0.41988868,-0.9051348,0
-0.22804254,0.79423738,-0.16720155,-0.066517666,0.41988868,-0.9051348,0
-0.46675766,0.21099725,-0.42022148,-0.066517666,0.41988868,-0.9051348,0
-0.42180005,-1.9169667,-0.32820022,0.42841846,-0.80724907,-0.40596396,0
-1.1720762,0.26580322,-0.34296387,-0.066517666,0.41988868,-0.9051348,0
-1.3893098,0.42440456,-0.253425,-0.066517666,0.41988868,-0.9051348,0
1.8610482,-0.65006089,-0.43829417,0.42841846,-0.80724907,-0.40596396,0
1.6691012,-0.3692168,0.25846478,0.066517666,-0.41988868,0.9051348,0
0.0073166788,0.37474132,0.72570729,0.066517666,-0.41988868,0.9051348,0
-1.5335081,0.32708043,-0.28797626,-0.066517666,0.41988868,-0.9051348,0
0.15119216,-0.94106901,-1.0000734,-0.066517666,0.41988868,-0.9051348,0
-0.35275391,0.43693408,-0.32378829,-0.066517666,0.41988868,-0.9051348,0
-0.40912935,1.0793111,1.083159,0.066517666,-0.41988868,0.9051348,0
1.4410233,-0.79779196,0.076411605,0.066517666,-0.41988868,0.9051348,0
-0.65589297,-1.2499309,0.020766735,0.066517666,-0.41988868,0.9051348,0
-1.2220458,-0.81931162,-0.46710837,-0.90112877,-0.4147802,-0.12619175,0
0.66007805,1.73911,0.9333216,-0.42841846,0.80724907,0.40596396,0
-0.82130384,-1.1977422,0.057132781,0.066517666,-0.41988868,0.9051348,0
-0.96728814,1.2358997,0.21656418,-0.42841846,0.80724907,0.40596396,0
-1.0148532,1.1434824,0.052634001,-0.066517666,0.41988868,-0.9051348,0
-0.25874048,-0.847646,0.17819877,0.066517666,-0.41988868,0.9051348,0
-0.59319663,0.32678211,0.74759048,0.066517666,-0.41988868,0.9051348,0
-0.55791217,-0.94700211,0.15409368,0.066517666,-0.41988868,0.9051348,0
-0.93503129,-1.382509,-0.66548806,-0.90112877,-0.4147802,-0.12619175,0
-1.1298163,-0.89875442,-0.86459363,-0.90112877,-0.4147802,-0.12619175,0
-1.9175553,0.3171463,0.76406109,-0.90112877,-0.4147802,-0.12619175,0
0.50738442,1.9386833,0.37533581,-0.42841846,0.80724907,0.40596396,0
-1.1431532,0.76904386,0.95930248,-0.42841846,0.80724907,0.40596396,0
0.35655841,1.6347883,0.82045496,-0.42841846,0.80724907,0.40596396,0
-1.6612927,0.86613566,0.21943945,-0.42841846,0.80724907,0.40596396,0
-0.24821737,-1.8064637,-0.36474895,0.42841846,-0.80724907,-0.40596396,0
-0.54274684,-0.51548427,0.35315877,0.066517666,-0.41988868,0.9051348,0
-1.9399294,0.70138723,0.25298887,-0.42841846,0.80724907,0.40596396,0
-1.0847538,-1.047189,-0.69849283,-0.90112877,-0.4147802,-0.12619175,0
-0.37155908,1.2270523,0.86283648,-0.42841846,0.80724907,0.40596396,0
0.68547261,0.022766009,-0.59221774,-0.066517666,0.41988868,-0.9051348,0
-1.026503,-1.3336519,-0.17288184,-0.90112877,-0.4147802,-0.12619175,0
1.2323705,0.99044025,-0.1691028,0.90112877,0.4147802,0.12619175,0
-0.93281531,-0.84965223,0.22680531,0.066517666,-0.41988868,0.9051348,0
-1.1334689,-0.099862933,-0.5154323,-0.066517666,0.41988868,-0.9051348,0
-0.46465629,-1.6189183,-0.96608865,0.42841846,-0.80724907,-0.40596396,0
1.993026,-0.61546838,-0.32243788,0.90112877,0.4147802,0.12619175,0
-0.66671896,0.98851782,1.0256708,-0.42841846,0.80724907,0.40596396,0
0.94473696,1.5079644,0.18382096,0.90112877,0.4147802,0.12619175,0
-0.6358037,1.1644893,0.70838141,-0.42841846,0.80724907,0.40596396,0
0.39572772,-1.5163429,-0.26208431,0.42841846,-0.80724907,-0.40596396,0
-0.34892395,-0.72189349,-0.86164552,-0.066517666,0.41988868,-0.9051348,0
-0.80227929,-1.4203652,-0.047539294,0.066517666,-0.41988868,0.9051348,0
-1.1693687,-0.85001963,-0.74233818,-0.90112877,-0.4147802,-0.12619175,0
1.4243276,0.38075012,0.46413323,0.90112877,0.4147802,0.12619175,0
-1.5309384,0.82804018,0.43275577,-0.42841846,0.80724907,0.40596396,0
0.77623904,1.6442561,0.93907797,0.90112877,0.4147802,0.12619175,0
1.1705461,0.12736303,0.52546471,0.066517666,-0.41988868,0.9051348,0
-0.60623837,-0.97989559,0.14238602,0.066517666,-0.41988868,0.9051348,0
-1.8088037,0.31693599,-0.011837602,-0.90112877,-0.4147802,-0.12619175,0
-0.35833776,1.2246795,0.88150752,-0.42841846,0.80724907,0.40596396,0
-1.3682152,-0.51400661,-0.42682856,-0.90112877,-0.4147802,-0.12619175,0
1.2953486,0.63661695,0.54415613,0.90112877,0.4147802,0.12619175,0
-0.21029586,-1.6247557,-0.68605173,0.42841846,-0.80724907,-0.40596396,0
1.2184978,0.90652776,0.20577309,0.90112877,0.4147802,0.12619175,0
-0.36708194,1.4596105,0.40512526,-0.42841846,0.80724907,0.40596396,0
0.071895361,-1.0693986,-1.0537776,-0.066517666,0.41988868,-0.9051348,0
-1.7452643,0.3295126,0.83352172,0.066517666,-0.41988868,0.9051348,0
1.516574,-0.97119135,-0.16326225,0.42841846,-0.80724907,-0.40596396,0
-1.861154,0.29894382,0.42113197,-0.90112877,-0.4147802,-0.12619175,0
0.13412853,-1.444038,-0.68192935,0.42841846,-0.80724907,-0.40596396,0
-0.12245125,-0.99426091,0.10016885,0.066517666,-0.41988868,0.9051348,0
0.26337314,0.20218191,-0.47796762,-0.066517666,0.41988868,-0.9051348,0
-1.8143778,0.73254949,0.32351965,-0.42841846,0.80724907,0.40596396,0
1.7153974,-0.83026254,-0.23367488,0.42841846,-0.80724907,-0.40596396,0
0.9141168,1.3504298,0.92027855,0.90112877,0.4147802,0.12619175,0
-0.91678125,-1.5849037,-0.13055855,-0.90112877,-0.4147802,-0.12619175,0
1.2088705,-0.44274488,0.2581774,0.066517666,-0.41988868,0.9051348,0
1.9502621,-0.63821399,0.05769974,0.90112877,0.4147802,0.12619175,0
0.9977771,-1.0808712,-0.49265897,0.42841846,-0.80724907,-0.40596396,0
-1.5525097,0.22679609,-0.33310145,-0.066517666,0.41988868,-0.9051348,0
1.1638579,-0.99243402,0.0064865947,0.066517666,-0.41988868,0.9051348,0
1.1281607,1.1534128,0.039377809,0.90112877,0.4147802,0.12619175,0
-0.066190489,0.87121707,-0.14338529,-0.066517666,0.41988868,-0.9051348,0
-1.5174948,-0.2307581,-0.29184133,-0.90112877,-0.4147802,-0.12619175,0
0.97842598,1.3371742,0.50461972,0.90112877,0.4147802,0.12619175,0
-1.5523937,0.4208613,-0.2430838,-0.066517666,0.41988868,-0.9051348,0
-1.5114248,-0.26727259,-0.21516675,-0.90112877,-0.4147802,-0.12619175,0
-1.5459822,-0.33408785,0.25122154,-0.90112877,-0.4147802,-0.12619175,0
1.5875573,0.30333042,-0.44701004,0.90112877,0.4147802,0.12619175,0
1.5489771,0.25655925,-0.017779145,0.90112877,0.4147802,0.12619175,0
-0.29644635,1.1711298,1.0533044,-0.42841846,0.80724907,0.40596396,0
0.76814669,1.4291766,1.1589431,0.066517666,-0.41988868,0.9051348,0
-1.4046504,-0.43723205,-0.41899663,-0.90112877,-0.4147802,-0.12619175,0
1.6334076,0.013750374,0.17739707,0.90112877,0.4147802,0.12619175,0
-1.8098574,0.36861014,-0.1741607,-0.90112877,-0.4147802,-0.12619175,0
0.57825536,-1.0532106,-0.99038762,0.42841846,-0.80724907,-0.40596396,0
1.2428744,0.74674588,0.5568887,0.90112877,0.4147802,0.12619175,0
0.94171894,1.309359,0.85816896,0.90112877,0.4147802,0.12619175,0
-0.04642871,-1.4107542,-0.93865758,0.42841846,-0.80724907,-0.40596396,0
0.90488261,-0.46828979,0.26866698,0.066517666,-0.41988868,0.9051348,0
0.81164062,1.7643211,0.2916348,0.90112877,0.4147802,0.12619175,0
-1.273779,0.31960613,0.79427701,0.066517666,-0.41988868,0.9051348,0
-1.2008439,-0.28235435,0.5096699,0.066517666,-0.41988868,0.9051348,0
0.8181088,1.707957,0.43070883,0.90112877,0.4147802,0.12619175,0
0.95327932,1.2371515,1.0129565,0.90112877,0.4147802,0.12619175,0
-1.0936599,-1.2279954,-0.040601015,-0.90112877,-0.4147802,-0.12619175,0
0.57239002,1.7913399,0.73692572,-0.42841846,0.80724907,0.40596396,0
0.4149949,-1.1996641,-0.87145889,0.42841846,-0.80724907,-0.40596396,0
0.75607908,-0.90634894,-1.0284195,-0.066517666,0.41988868,-0.9051348,0
1.9504349,-0.50648642,-0.62945777,0.42841846,-0.80724907,-0.40596396,0
1.1409814,1.0974406,0.13180125,0.90112877,0.4147802,0.12619175,0
0.88984185,-0.94157541,-0.88355041,0.42841846,-0.80724907,-0.40596396,0
-1.9428384,0.45221862,0.50063729,-0.90112877,-0.4147802,-0.12619175,0
0.15289205,0.56761158,0.80448091,0.066517666,-0.41988868,0.9051348,0
-1.6932608,-0.053692758,0.38129839,-0.90112877,-0.4147802,-0.12619175,0
-0.06434384,1.31911,0.06425482,-0.066517666,0.41988868,-0.9051348,0
-0.72438902,-1.6943876,-1.0901189,0.42841846,-0.80724907,-0.40596396,0
-1.0537918,-1.0545871,-0.89527351,-0.90112877,-0.4147802,-0.12619175,0
-1.7563096,0.2011846,-0.0062313974,-0.90112877,-0.4147802,-0.12619175,0
-1.1225276,0.59287095,-0.19487968,-0.066517666,0.41988868,-0.9051348,0
-1.332821,-0.21022248,-0.55197746,-0.066517666,0.41988868,-0.9051348,0
1.3585943,-1.0349382,-0.20322078,0.42841846,-0.80724907,-0.40596396,0
-0.49542522,0.072496653,-0.48236465,-0.066517666,0.41988868,-0.9051348,0
1.7528509,-0.10724181,-0.27785188,0.90112877,0.4147802,0.12619175,0
0.7074545,0.3344878,-0.44922656,-0.066517666,0.41988868,-0.9051348,0
-0.010941058,1.3187007,1.0611606,-0.42841846,0.80724907,0.40596396,0
-0.7909894,-1.3555205,-1.1230958,-0.066517666,0.41988868,-0.9051348,0
1.9255966,-0.34760427,-0.72137183,0.90112877,0.4147802,0.12619175,0
0.59282643,-1.1253135,-0.83163565,0.42841846,-0.80724907,-0.40596396,0
-1.9389987,0.36813956,0.74957806,-0.90112877,-0.4147802,-0.12619175,0
