1.3184755,0.6747753,-0.60383964,0.90794533,0.4176307,-0.034925401,0
-1.1456254,-1.0841922,0.20164883,-0.90794533,-0.4176307,0.034925401,0
1.2262812,0.86335522,0.37191975,-0.23839203,0.58321428,0.77655017,0
-1.5478126,0.26357648,-0.44962883,-0.34468007,0.6967392,-0.62908667,0
-0.68185228,-0.39364803,-0.55755168,0.23839203,-0.58321428,-0.77655017,0
-1.7350769,0.17128067,-0.10946834,-0.90794533,-0.4176307,0.034925401,0
-1.3842611,-0.59394336,-0.13980258,-0.90794533,-0.4176307,0.034925401,0
-0.21819273,-0.080025971,-0.65075392,0.23839203,-0.58321428,-0.77655017,0
-0.86304784,-1.1884851,0.74617863,0.34468007,-0.6967392,0.62908667,0
1.4654071,-0.232493,0.52920544,0.34468007,-0.6967392,0.62908667,0
-1.3186884,-0.7434994,-0.2234844,-0.90794533,-0.4176307,0.034925401,0
1.3472483,0.37482107,0.77596021,-0.23839203,0.58321428,0.77655017,0
-0.38659734,0.62863356,-0.68154967,-0.34468007,0.6967392,-0.62908667,0
-0.72026157,-0.84645975,1.0467527,0.34468007,-0.6967392,0.62908667,0
0.0054561198,0.014236689,0.6348561,-0.23839203,0.58321428,0.77655017,0
-0.094362736,0.90069181,-0.54035103,-0.34468007,0.6967392,-0.62908667,0
1.1421789,1.0227506,-1.0259544,0.90794533,0.4176307,-0.034925401,0
-0.29395369,-0.71985584,-0.19347861,0.23839203,-0.58321428,-0.77655017,0
0.81297153,1.1454967,0.033141017,-0.23839203,0.58321428,0.77655017,0
-0.35355937,-0.47725576,-0.39397737,0.23839203,-0.58321428,-0.77655017,0
1.3137472,0.75346678,0.21421897,0.90794533,0.4176307,-0.034925401,0
-1.2628551,-0.81268126,0.40073717,-0.90794533,-0.4176307,0.034925401,0
-1.5382895,0.23906779,-0.0079116821,-0.23839203,0.58321428,0.77655017,0
-1.2566147,-0.39186412,0.55240965,-0.23839203,0.58321428,0.77655017,0
-1.6901853,0.062891394,-0.23853004,-0.90794533,-0.4176307,0.034925401,0
0.057933033,-0.96154928,0.096066311,0.23839203,-0.58321428,-0.77655017,0
-1.2919245,-0.7780236,0.059453368,-0.90794533,-0.4176307,0.034925401,0
1.5640625,0.17118424,-0.24122107,0.90794533,0.4176307,-0.034925401,0
-0.94222122,0.54356658,-0.053613901,-0.23839203,0.58321428,0.77655017,0
0.35156322,1.1509974,-0.50745273,-0.34468007,0.6967392,-0.62908667,0
-1.5492648,-0.26761699,-0.52721441,-0.90794533,-0.4176307,0.034925401,0
1.4744771,0.44911206,0.75325823,0.90794533,0.4176307,-0.034925401,0
-1.1153618,-0.097606465,0.37477559,-0.23839203,0.58321428,0.77655017,0
1.3486929,0.67731458,0.21207857,0.90794533,0.4176307,-0.034925401,0
1.0537568,0.28597826,0.75258577,-0.23839203,0.58321428,0.77655017,0
0.78101826,-0.10770425,-0.32322028,0.23839203,-0.58321428,-0.77655017,0
-0.3226372,-0.70899105,0.98114413,0.34468007,-0.6967392,0.62908667,0
1.5516256,-0.27482006,0.43508697,0.34468007,-0.6967392,0.62908667,0
-0.74171704,-1.5407157,0.28959125,0.34468007,-0.6967392,0.62908667,0
-1.3502859,-0.62451905,0.37782848,-0.90794533,-0.4176307,0.034925401,0
1.4570131,-0.16056332,0.61346972,0.34468007,-0.6967392,0.62908667,0
-1.5862203,-0.14810753,-0.058860302,-0.90794533,-0.4176307,0.034925401,0
-0.48604369,-0.99411345,0.7548908,0.34468007,-0.6967392,0.62908667,0
0.54329956,0.66861272,-0.97923654,0.23839203,-0.58321428,-0.77655017,0
0.38663363,-0.24009085,-0.34486514,0.23839203,-0.58321428,-0.77655017,0
-1.0837449,-1.2233949,0.14578092,-0.90794533,-0.4176307,0.034925401,0
1.4000957,0.5070594,-0.48749471,0.90794533,0.4176307,-0.034925401,0
-0.45878959,0.24189663,0.32135797,-0.23839203,0.58321428,0.77655017,0
1.3897791,0.55940837,-0.12971187,0.90794533,0.4176307,-0.034925401,0
1.6148419,0.13766593,0.85729539,0.34468007,-0.6967392,0.62908667,0
0.31843227,-0.36874077,1.0067397,0.34468007,-0.6967392,0.62908667,0
0.47151047,1.0198009,-0.71847802,-0.34468007,0.6967392,-0.62908667,0
0.029808819,-0.59671277,0.9123897,0.34468007,-0.6967392,0.62908667,0
-0.018313456,-0.22974712,-0.47694778,0.23839203,-0.58321428,-0.77655017,0
-1.0473368,-1.1717718,0.86566275,0.34468007,-0.6967392,0.62908667,0
0.96044397,0.1037581,0.86079293,-0.23839203,0.58321428,0.77655017,0
-0.4827185,-1.0592284,0.0034527183,0.23839203,-0.58321428,-0.77655017,0
-1.0751141,-1.1915871,0.75050688,-0.90794533,-0.4176307,0.034925401,0
-1.3736405,0.44814533,-0.11439037,-0.23839203,0.58321428,0.77655017,0
-1.401386,-0.53619933,-0.67137969,0.23839203,-0.58321428,-0.77655017,0
1.7901084,-0.27569324,0.30345368,0.34468007,-0.6967392,0.62908667,0
1.7064407,-0.077647179,0.48467243,0.90794533,0.4176307,-0.034925401,0
-0.45525011,-0.63302106,-0.30821043,0.23839203,-0.58321428,-0.77655017,0
0.94416958,-0.54406011,0.4697212,0.34468007,-0.6967392,0.62908667,0
-0.0202443,-0.2932831,0.85792375,-0.23839203,0.58321428,0.77655017,0
0.036204934,-1.1834683,0.25902948,0.34468007,-0.6967392,0.62908667,0
-1.4156528,-0.55530787,-0.49388766,-0.90794533,-0.4176307,0.034925401,0
-1.1029334,-0.45056176,0.64367193,-0.23839203,0.58321428,0.77655017,0
-1.0701952,-0.035738677,0.34217662,-0.23839203,0.58321428,0.77655017,0
-0.32188755,0.033896565,0.51960015,-0.23839203,0.58321428,0.77655017,0
1.5256475,0.30048355,0.30624938,0.90794533,0.4176307,-0.034925401,0
-0.2693705,0.6941902,-0.67317224,-0.34468007,0.6967392,-0.62908667,0
-0.93459105,-0.9864713,1.0091165,0.34468007,-0.6967392,0.62908667,0
1.6163602,0.10101384,0.27926481,0.90794533,0.4176307,-0.034925401,0
-1.511717,-0.34806222,-0.5130403,-0.90794533,-0.4176307,0.034925401,0
-1.0133255,0.44274774,-0.54403794,-0.34468007,0.6967392,-0.62908667,0
0.20434812,0.012147069,0.697483,-0.23839203,0.58321428,0.77655017,0
-1.5514728,-0.2711674,-0.62706578,-0.90794533,-0.4176307,0.034925401,0
0.17484349,0.69560796,-0.91498947,-0.34468007,0.6967392,-0.62908667,0
-1.4244623,-0.52468562,-0.35672927,-0.90794533,-0.4176307,0.034925401,0
1.4824183,0.33333072,-0.42478764,0.90794533,0.4176307,-0.034925401,0
0.13173509,-0.60445523,-0.14946668,0.23839203,-0.58321428,-0.77655017,0
-0.56674898,0.44313577,0.13707849,-0.23839203,0.58321428,0.77655017,0
-1.0301268,0.15527052,-0.85322499,-0.34468007,0.6967392,-0.62908667,0
0.078570008,-0.75605339,-0.051932514,0.23839203,-0.58321428,-0.77655017,0
1.6276214,0.094784796,0.80280077,0.34468007,-0.6967392,0.62908667,0
-1.6524069,-0.01423946,-0.17873335,-0.90794533,-0.4176307,0.034925401,0
1.3307669,-0.12722406,0.71956551,0.34468007,-0.6967392,0.62908667,0
-0.87952548,-1.4214952,0.49713886,0.34468007,-0.6967392,0.62908667,0
-1.649205,-0.060391068,-0.64736557,-0.90794533,-0.4176307,0.034925401,0
-1.6541288,0.000806842,-0.043569088,-0.90794533,-0.4176307,0.034925401,0
0.29764605,-0.23176903,0.90931332,-0.23839203,0.58321428,0.77655017,0
0.6582948,0.92120385,-0.9300186,-0.34468007,0.6967392,-0.62908667,0
-1.6662552,0.065471351,-0.60414279,-0.34468007,0.6967392,-0.62908667,0
0.63026178,0.51677471,-0.83850485,0.23839203,-0.58321428,-0.77655017,0
1.0865757,1.189422,-0.47842926,0.90794533,0.4176307,-0.034925401,0
1.1983597,0.98007494,-0.075740814,0.90794533,0.4176307,-0.034925401,0
-0.43337578,0.11185479,-0.86092126,0.23839203,-0.58321428,-0.77655017,0
0.18606943,0.67382777,-0.94526273,-0.34468007,0.6967392,-0.62908667,0
0.11926734,1.100006,-0.43665162,-0.34468007,0.6967392,-0.62908667,0
1.3986875,0.59216958,0.49362874,0.90794533,0.4176307,-0.034925401,0
1.1701537,-0.23586693,0.68723977,0.34468007,-0.6967392,0.62908667,0
-1.8177706,0.34278661,-0.2083956,-0.90794533,-0.4176307,0.034925401,0
-0.09939754,-0.16956526,0.74070847,-0.23839203,0.58321428,0.77655017,0
1.5221369,0.3129673,0.36426747,0.90794533,0.4176307,-0.034925401,0
0.51129574,0.43620282,-0.81451392,0.23839203,-0.58321428,-0.77655017,0
-1.0013443,-0.95838577,-0.23149562,0.23839203,-0.58321428,-0.77655017,0
1.6058707,0.10107247,0.0072764158,0.90794533,0.4176307,-0.034925401,0
-0.27577519,-0.79100454,0.86463487,0.34468007,-0.6967392,0.62908667,0
-1.5954709,0.35560092,-0.32159579,-0.34468007,0.6967392,-0.62908667,0
0.42293286,0.88033307,-0.84632838,-0.34468007,0.6967392,-0.62908667,0
0.0031436682,-0.83046669,0.66810769,0.34468007,-0.6967392,0.62908667,0
-0.3064951,-0.24675065,-0.5526461,0.23839203,-0.58321428,-0.77655017,0
-1.3896605,0.52284873,-0.17541289,-0.23839203,0.58321428,0.77655017,0
-1.3254198,-0.65745127,0.63046795,-0.90794533,-0.4176307,0.034925401,0
-1.3444188,-0.0076211691,-0.86143219,-0.34468007,0.6967392,-0.62908667,0
1.0810218,1.2135613,-0.33416104,0.90794533,0.4176307,-0.034925401,0
-0.024308562,-0.34357536,0.89444709,-0.23839203,0.58321428,0.77655017,0
-1.2326356,0.58394295,-0.17309177,-0.23839203,0.58321428,0.77655017,0
1.6927333,-0.088040881,0.0040377378,0.90794533,0.4176307,-0.034925401,0
-0.54529774,-0.27558553,-0.60429984,0.23839203,-0.58321428,-0.77655017,0
1.1728892,-0.14133061,-0.17766589,0.23839203,-0.58321428,-0.77655017,0
-0.57505763,-0.84795815,0.96553504,0.34468007,-0.6967392,0.62908667,0
-0.9467538,-0.030312359,-0.91175032,0.23839203,-0.58321428,-0.77655017,0
1.3747253,0.00096122921,-0.2225703,0.23839203,-0.58321428,-0.77655017,0
-1.6165344,0.37159929,-0.29233587,-0.34468007,0.6967392,-0.62908667,0
-1.0835119,-1.2171521,0.22648835,-0.90794533,-0.4176307,0.034925401,0
-0.70023215,-1.1957159,0.039184928,0.23839203,-0.58321428,-0.77655017,0
-0.49427003,-1.4113479,0.26435953,0.23839203,-0.58321428,-0.77655017,0
0.95561051,1.2722772,-0.70409143,-0.34468007,0.6967392,-0.62908667,0
-1.0347168,0.69906211,-0.19879127,-0.23839203,0.58321428,0.77655017,0
1.3107932,0.55721617,-0.6599623,0.23839203,-0.58321428,-0.77655017,0
0.79157364,0.88011879,-1.0485462,-0.34468007,0.6967392,-0.62908667,0
1.6304212,-0.39923751,0.25411677,0.34468007,-0.6967392,0.62908667,0
1.1967729,0.97055465,-0.23083472,0.90794533,0.4176307,-0.034925401,0
1.3243346,0.70004261,-0.14937985,0.90794533,0.4176307,-0.034925401,0
-1.1857038,-1.0044231,0.11360705,-0.90794533,-0.4176307,0.034925401,0
-0.90879774,-0.96252656,-0.19997513,0.23839203,-0.58321428,-0.77655017,0
-0.92836964,-1.5450847,0.33832812,-0.90794533,-0.4176307,0.034925401,0
1.3939105,0.56687951,0.067029834,0.90794533,0.4176307,-0.034925401,0
-0.09134227,0.59932697,-0.87577987,-0.34468007,0.6967392,-0.62908667,0
1.0085022,1.3803793,-0.22465599,0.90794533,0.4176307,-0.034925401,0
1.3425175,0.03291589,0.89048862,0.34468007,-0.6967392,0.62908667,0
1.4235075,0.39269799,0.78594494,-0.23839203,0.58321428,0.77655017,0
-0.1672014,-1.2504432,0.29629946,0.34468007,-0.6967392,0.62908667,0
0.99941283,-0.641967,0.33101726,0.34468007,-0.6967392,0.62908667,0
-0.59846675,0.45113593,-0.76205111,-0.34468007,0.6967392,-0.62908667,0
-1.0495369,-1.1939669,0.84228611,0.34468007,-0.6967392,0.62908667,0
-1.6699023,0.045870416,0.085224867,-0.90794533,-0.4176307,0.034925401,0
1.6169958,0.11638737,0.47962427,0.90794533,0.4176307,-0.034925401,0
0.80978286,-0.024364412,-0.37698081,0.23839203,-0.58321428,-0.77655017,0
0.85404998,0.81381482,0.29485548,-0.23839203,0.58321428,0.77655017,0
0.39288515,0.94269854,-0.76079285,-0.34468007,0.6967392,-0.62908667,0
0.18943885,0.34187207,-0.84247482,0.23839203,-0.58321428,-0.77655017,0
1.577643,0.20612442,0.52963793,0.90794533,0.4176307,-0.034925401,0
0.54671997,0.88939703,-0.90411335,-0.34468007,0.6967392,-0.62908667,0
-0.83852625,-0.86454093,1.0357537,-0.23839203,0.58321428,0.77655017,0
0.98446041,1.4220436,-0.3514502,0.90794533,0.4176307,-0.034925401,0
-1.3011589,-0.49722356,-0.66988313,0.23839203,-0.58321428,-0.77655017,0
1.0594074,0.84100842,0.3374747,-0.23839203,0.58321428,0.77655017,0
-0.11631319,-0.063967526,-0.63153851,0.23839203,-0.58321428,-0.77655017,0
0.75613308,1.3260139,-0.53528094,-0.34468007,0.6967392,-0.62908667,0
1.7174759,-0.11406651,0.33606017,0.90794533,0.4176307,-0.034925401,0
-0.33339059,0.17422897,-0.8770721,0.23839203,-0.58321428,-0.77655017,0
-0.13907623,-1.0946555,0.45343086,0.34468007,-0.6967392,0.62908667,0
0.19252336,-0.53088087,-0.18606205,0.23839203,-0.58321428,-0.77655017,0
0.22884172,-0.72286266,-0.030728165,0.23839203,-0.58321428,-0.77655017,0
0.066371828,0.03622365,-0.65070301,0.23839203,-0.58321428,-0.77655017,0
-1.2107224,-0.90461695,0.65666443,-0.90794533,-0.4176307,0.034925401,0
-1.4283578,-0.51578122,-0.35152566,-0.90794533,-0.4176307,0.034925401,0
-0.12639022,0.71934861,-0.72364795,-0.34468007,0.6967392,-0.62908667,0
-0.77573299,-0.18761647,-0.74110848,0.23839203,-0.58321428,-0.77655017,0
-1.2813849,0.52760285,-0.3031863,-0.34468007,0.6967392,-0.62908667,0
-0.80410755,0.29145819,0.17812687,-0.23839203,0.58321428,0.77655017,0
-1.462356,-0.4191657,-0.080052376,-0.90794533,-0.4176307,0.034925401,0
-1.2235377,0.50697207,-0.11249113,-0.23839203,0.58321428,0.77655017,0
-1.4183313,-0.46345258,0.53487027,-0.90794533,-0.4176307,0.034925401,0
-0.92757964,0.42064881,0.043196082,-0.23839203,0.58321428,0.77655017,0
-0.80707848,-1.1219871,0.78916228,0.34468007,-0.6967392,0.62908667,0
-0.36556691,0.10236114,-0.83297479,0.23839203,-0.58321428,-0.77655017,0
0.98158443,-0.00025773048,-0.34234458,0.23839203,-0.58321428,-0.77655017,0
1.0287247,1.2917892,-0.72254074,-0.34468007,0.6967392,-0.62908667,0
0.74215281,1.0249726,-0.86103666,-0.34468007,0.6967392,-0.62908667,0
-1.3974425,-0.5857197,-0.38413918,-0.90794533,-0.4176307,0.034925401,0
-0.26292384,0.98801351,-0.35128301,-0.34468007,0.6967392,-0.62908667,0
0.62938201,-0.38209239,-0.16369647,0.23839203,-0.58321428,-0.77655017,0
-0.97562116,0.059079587,-0.98774856,0.23839203,-0.58321428,-0.77655017,0
-1.1525462,-1.0565987,0.35169101,-0.90794533,-0.4176307,0.034925401,0
-0.69530606,-1.4576061,0.35620987,0.34468007,-0.6967392,0.62908667,0
-0.33561546,-1.2345333,0.40619543,0.34468007,-0.6967392,0.62908667,0
1.1106091,-0.32688156,0.61906201,0.34468007,-0.6967392,0.62908667,0
-1.0658426,0.3272849,-0.64314324,-0.34468007,0.6967392,-0.62908667,0
-0.088122725,0.1118018,0.53285384,-0.23839203,0.58321428,0.77655017,0
1.3290393,-0.54006243,0.16973102,0.23839203,-0.58321428,-0.77655017,0
-1.3228283,-0.68608969,0.35538352,-0.90794533,-0.4176307,0.034925401,0
0.014369905,-0.8821587,0.023068041,0.23839203,-0.58321428,-0.77655017,0
-0.40052518,-0.039498448,-0.73716545,0.23839203,-0.58321428,-0.77655017,0
-0.73829091,-0.84315485,-0.23728341,0.23839203,-0.58321428,-0.77655017,0
-0.26475865,-1.1515462,0.45928425,0.34468007,-0.6967392,0.62908667,0
1.7198189,-0.10414556,0.51559973,0.90794533,0.4176307,-0.034925401,0
-1.708323,0.11988255,-0.028560638,-0.90794533,-0.4176307,0.034925401,0
-0.52406472,0.34806311,-0.91697383,-0.34468007,0.6967392,-0.62908667,0
1.1857983,0.93321013,-0.96270001,0.90794533,0.4176307,-0.034925401,0
-1.1917881,-0.9212482,0.95002264,-0.90794533,-0.4176307,0.034925401,0
-1.0803957,-1.1846364,0.69631952,-0.90794533,-0.4176307,0.034925401,0
-0.059925497,-0.4402473,-0.33162969,0.23839203,-0.58321428,-0.77655017,0
0.44169837,0.085807502,0.71502542,-0.23839203,0.58321428,0.77655017,0
-1.0444366,0.33130139,0.074425161,-0.23839203,0.58321428,0.77655017,0
-0.20691973,0.21439651,-0.8684141,0.23839203,-0.58321428,-0.77655017,0
1.0841892,1.1850307,-0.59298086,0.90794533,0.4176307,-0.034925401,0
1.1802156,1.0066118,-0.23010814,0.90794533,0.4176307,-0.034925401,0
1.0642644,-0.534392,0.41462851,0.34468007,-0.6967392,0.62908667,0
0.96370947,0.15957008,-0.46786791,0.23839203,-0.58321428,-0.77655017,0
0.27796078,1.0682806,-0.073109269,-0.23839203,0.58321428,0.77655017,0
0.10358787,1.0188088,-0.51798987,-0.34468007,0.6967392,-0.62908667,0
1.6862388,-0.057718866,0.19778144,0.90794533,0.4176307,-0.034925401,0
1.1853073,0.96027106,0.28655446,-0.23839203,0.58321428,0.77655017,0
-1.3436208,-0.69210047,-0.25702655,-0.90794533,-0.4176307,0.034925401,0
1.4425873,0.44651648,-0.10681331,0.90794533,0.4176307,-0.034925401,0
0.023735225,-0.5364219,0.98249209,0.34468007,-0.6967392,0.62908667,0
0.84642655,-0.40028706,-0.083401442,0.23839203,-0.58321428,-0.77655017,0
-1.4513094,-0.39933974,0.44419456,-0.90794533,-0.4176307,0.034925401,0
0.042060971,-0.66726536,-0.12982309,0.23839203,-0.58321428,-0.77655017,0
0.5850715,-0.73248422,0.085856348,0.23839203,-0.58321428,-0.77655017,0
-0.94234389,0.11123294,-0.95009536,-0.34468007,0.6967392,-0.62908667,0
1.6798599,-0.055329368,0.060531378,0.90794533,0.4176307,-0.034925401,0
0.6590935,-0.87890279,0.25506395,0.34468007,-0.6967392,0.62908667,0
-1.0967649,-1.1060404,0.96554482,0.34468007,-0.6967392,0.62908667,0
0.41115636,-0.36601883,0.95895016,0.34468007,-0.6967392,0.62908667,0
-1.3790309,-0.59116799,0.029352188,-0.90794533,-0.4176307,0.034925401,0
-0.5226987,-0.57664371,-0.3712576,0.23839203,-0.58321428,-0.77655017,0
-1.6819899,0.050398327,-0.17486978,-0.90794533,-0.4176307,0.034925401,0
-0.36826611,0.70250511,-0.60977769,-0.34468007,0.6967392,-0.62908667,0
1.5497315,0.23427925,0.14069951,0.90794533,0.4176307,-0.034925401,0
-0.58064449,0.70540309,-0.49020466,-0.34468007,0.6967392,-0.62908667,0
-0.93010497,0.2815994,0.14685142,-0.23839203,0.58321428,0.77655017,0
1.1543864,1.0241014,-0.69244552,0.90794533,0.4176307,-0.034925401,0
-0.71444666,-0.87209547,1.015174,0.34468007,-0.6967392,0.62908667,0
-0.67493862,-1.4997877,0.27531749,0.23839203,-0.58321428,-0.77655017,0
0.19577691,-0.032393575,-0.55944347,0.23839203,-0.58321428,-0.77655017,0
-1.560492,0.19925788,0.015170932,-0.23839203,0.58321428,0.77655017,0
-1.220701,0.40825683,-0.46861589,-0.34468007,0.6967392,-0.62908667,0
1.0496532,1.279631,-0.35959661,0.90794533,0.4176307,-0.034925401,0
-0.6093663,0.92115802,-0.2350148,-0.23839203,0.58321428,0.77655017,0
1.4207252,0.4686327,-0.4106921,0.90794533,0.4176307,-0.034925401,0
-0.38768911,0.080760956,-0.82354355,0.23839203,-0.58321428,-0.77655017,0
-0.37695825,0.9963733,-0.27954417,-0.34468007,0.6967392,-0.62908667,0
-0.36573869,0.57335812,-0.75419796,-0.34468007,0.6967392,-0.62908667,0
-0.47720897,0.78875399,-0.45456302,-0.34468007,0.6967392,-0.62908667,0
0.92195511,0.48316765,0.56402826,-0.23839203,0.58321428,0.77655017,0
1.2190306,0.86523902,-0.91155446,0.90794533,0.4176307,-0.034925401,0
0.58312082,0.030057788,0.80031037,-0.23839203,0.58321428,0.77655017,0
0.48865718,0.98037732,-0.77153605,-0.34468007,0.6967392,-0.62908667,0
1.1981722,0.98718321,0.0043822527,0.90794533,0.4176307,-0.034925401,0
-0.40175214,-0.95586681,-0.049319506,0.23839203,-0.58321428,-0.77655017,0
-0.37172291,0.071627557,0.47596404,-0.23839203,0.58321428,0.77655017,0
-0.79544991,0.57887715,-0.51264411,-0.34468007,0.6967392,-0.62908667,0
0.70801401,-0.15230364,0.97561049,-0.23839203,0.58321428,0.77655017,0
-0.15649809,-0.39328092,-0.39654964,0.23839203,-0.58321428,-0.77655017,0
1.1695402,0.9717986,-0.92392462,0.90794533,0.4176307,-0.034925401,0
-1.115891,0.14851874,-0.81371236,-0.34468007,0.6967392,-0.62908667,0
-1.4401368,-0.18663903,0.34193993,-0.23839203,0.58321428,0.77655017,0
0.041642547,-0.87612897,0.026911817,0.23839203,-0.58321428,-0.77655017,0
0.24446517,1.2685468,-0.31858218,-0.34468007,0.6967392,-0.62908667,0
-0.33634901,0.6964218,-0.6340028,-0.34468007,0.6967392,-0.62908667,0
-1.4855864,-0.42071801,-0.7025342,-0.90794533,-0.4176307,0.034925401,0
0.23150232,0.88293964,0.051825583,-0.23839203,0.58321428,0.77655017,0
0.73475361,-0.27098003,0.88690883,0.34468007,-0.6967392,0.62908667,0
-0.7427482,-0.74847311,0.9779858,-0.23839203,0.58321428,0.77655017,0
-0.61357546,-0.62157285,-0.36541253,0.23839203,-0.58321428,-0.77655017,0
1.6427677,0.053948939,0.40298128,0.90794533,0.4176307,-0.034925401,0
1.1289238,1.1356384,-0.020651817,0.90794533,0.4176307,-0.034925401,0
0.91618812,-0.52729094,0.50362492,0.34468007,-0.6967392,0.62908667,0
0.079423249,0.70558608,-0.85165703,-0.34468007,0.6967392,-0.62908667,0
-1.456044,0.45630929,-0.28644979,-0.34468007,0.6967392,-0.62908667,0
-0.23290116,-0.96037585,0.0059022903,0.23839203,-0.58321428,-0.77655017,0
0.56236482,-0.87811953,0.30892983,0.34468007,-0.6967392,0.62908667,0
-0.67384803,0.7094962,-0.43460453,-0.34468007,0.6967392,-0.62908667,0
-0.67537433,0.24107444,-0.95256466,-0.34468007,0.6967392,-0.62908667,0
0.50183487,1.28659,-0.43961304,-0.34468007,0.6967392,-0.62908667,0
1.367929,0.63731456,0.2338444,0.90794533,0.4176307,-0.034925401,0
-1.3741434,-0.4184559,0.53630102,-0.23839203,0.58321428,0.77655017,0
0.0064642429,-0.78150237,0.72051835,0.34468007,-0.6967392,0.62908667,0
-0.13616121,1.1098961,-0.23149467,-0.23839203,0.58321428,0.77655017,0
-0.25138998,0.522246,-0.87345916,-0.34468007,0.6967392,-0.62908667,0
-1.0682352,-1.2400531,0.34979069,-0.90794533,-0.4176307,0.034925401,0
1.4505309,0.43686399,-0.015728831,0.90794533,0.4176307,-0.034925401,0
1.1184468,1.081486,-0.9405663,0.90794533,0.4176307,-0.034925401,0
-1.0836488,0.09477073,-0.8909061,-0.34468007,0.6967392,-0.62908667,0
1.0041113,1.2360979,-0.77073532,-0.34468007,0.6967392,-0.62908667,0
0.33694124,-0.14227158,0.85416108,-0.23839203,0.58321428,0.77655017,0
-0.85066569,-0.59626311,0.83054167,-0.23839203,0.58321428,0.77655017,0
0.90613443,-0.17864352,-0.23153335,0.23839203,-0.58321428,-0.77655017,0
0.6225695,0.50989515,-0.8356995,0.23839203,-0.58321428,-0.77655017,0
-1.5944163,-0.11033195,0.17978013,-0.90794533,-0.4176307,0.034925401,0
1.3560302,0.67009085,0.31644928,0.90794533,0.4176307,-0.034925401,0
-0.59883994,0.62667918,-0.010620177,-0.23839203,0.58321428,0.77655017,0
0.19276869,-0.9087621,0.47749561,0.34468007,-0.6967392,0.62908667,0
0.4005878,-0.45316216,0.86822605,0.34468007,-0.6967392,0.62908667,0
1.4772935,-0.055018306,0.7192533,0.34468007,-0.6967392,0.62908667,0
1.199177,0.98655689,0.023012519,0.90794533,0.4176307,-0.034925401,0
0.43638012,0.045376182,0.74375808,-0.23839203,0.58321428,0.77655017,0
-0.67478663,-0.20537764,-0.69677979,0.23839203,-0.58321428,-0.77655017,0
-0.33935708,0.24394941,-0.93126607,0.23839203,-0.58321428,-0.77655017,0
1.3042974,0.76949823,0.16026068,0.90794533,0.4176307,-0.034925401,0
-1.3583921,-0.64754629,-0.1082691,-0.90794533,-0.4176307,0.034925401,0
0.36593288,-0.5387007,-0.12695435,0.23839203,-0.58321428,-0.77655017,0
1.2823489,-0.36177978,0.4863137,0.34468007,-0.6967392,0.62908667,0
0.27341205,0.38689831,-0.85051215,0.23839203,-0.58321428,-0.77655017,0
1.1456331,1.0454867,-0.66428393,0.90794533,0.4176307,-0.034925401,0
1.0328391,1.3110024,-0.42157406,0.90794533,0.4176307,-0.034925401,0
0.16293791,-0.48584548,-0.22896749,0.23839203,-0.58321428,-0.77655017,0
-1.5441918,-0.23566037,-0.013201475,-0.90794533,-0.4176307,0.034925401,0
0.82708484,0.29856473,0.67354709,-0.23839203,0.58321428,0.77655017,0
-1.0227313,0.70225012,-0.25147486,-0.34468007,0.6967392,-0.62908667,0
0.42273819,0.78723788,-0.94932854,-0.34468007,0.6967392,-0.62908667,0
1.0941244,1.1636504,-0.59035915,0.90794533,0.4176307,-0.034925401,0
0.73951983,0.72088844,0.32948685,-0.23839203,0.58321428,0.77655017,0
1.2405103,0.58563066,-0.70287853,0.23839203,-0.58321428,-0.77655017,0
-1.4977012,0.26717138,-0.47310376,-0.34468007,0.6967392,-0.62908667,0
-1.3247647,0.54615951,-0.25886571,-0.34468007,0.6967392,-0.62908667,0
0.382267,1.3287308,-0.23669517,-0.23839203,0.58321428,0.77655017,0
1.6283861,0.048818443,-0.032242656,0.90794533,0.4176307,-0.034925401,0
1.4496692,0.48611307,0.55078137,0.90794533,0.4176307,-0.034925401,0
1.0752327,1.2387551,-0.18339372,0.90794533,0.4176307,-0.034925401,0
-1.536413,-0.22864331,0.27293539,-0.90794533,-0.4176307,0.034925401,0
1.7932599,-0.2918438,0.18036497,0.90794533,0.4176307,-0.034925401,0
-0.35387856,0.91676825,-0.15328614,-0.23839203,0.58321428,0.77655017,0
0.61983526,0.79913175,-1.0441462,-0.34468007,0.6967392,-0.62908667,0
0.062672973,-0.47160026,-0.27044633,0.23839203,-0.58321428,-0.77655017,0
-0.18558843,-0.42044902,-0.38507605,0.23839203,-0.58321428,-0.77655017,0
-0.62588865,0.76379991,-0.12190595,-0.23839203,0.58321428,0.77655017,0
-1.2431061,0.34530157,0.0029212236,-0.23839203,0.58321428,0.77655017,0
-1.1424643,-1.0269325,0.96853065,-0.90794533,-0.4176307,0.034925401,0
-1.2381725,-0.91492569,-0.18022227,-0.90794533,-0.4176307,0.034925401,0
-1.4203438,-0.50608015,-0.027181268,-0.90794533,-0.4176307,0.034925401,0
-0.22167277,0.32842356,-0.95858115,0.23839203,-0.58321428,-0.77655017,0
-1.6328491,-0.072580665,-0.36792779,-0.90794533,-0.4176307,0.034925401,0
-1.7017634,0.067479283,-0.48465431,-0.90794533,-0.4176307,0.034925401,0
-0.77408922,-0.69133413,0.92545122,-0.23839203,0.58321428,0.77655017,0
0.54023969,-0.013541698,0.8198911,-0.23839203,0.58321428,0.77655017,0
0.87239856,-0.092184424,0.9809233,-0.23839203,0.58321428,0.77655017,0
1.5217592,-0.38152969,0.1098305,0.23839203,-0.58321428,-0.77655017,0
1.2417476,0.051009655,0.96574032,0.34468007,-0.6967392,0.62908667,0
-1.0649379,-1.2348367,0.49788272,-0.90794533,-0.4176307,0.034925401,0
1.244836,-0.18114921,0.70692301,0.34468007,-0.6967392,0.62908667,0
0.82689971,1.0095057,0.13955057,-0.23839203,0.58321428,0.77655017,0
-1.555782,-0.16156286,-0.91612148,-0.34468007,0.6967392,-0.62908667,0
-1.379595,-0.63650429,-0.52743721,-0.90794533,-0.4176307,0.034925401,0
1.1740384,1.051481,0.14584327,0.90794533,0.4176307,-0.034925401,0
1.2199398,-0.47327602,0.086079836,0.23839203,-0.58321428,-0.77655017,0
0.37986624,1.2463738,-0.41732678,-0.34468007,0.6967392,-0.62908667,0
0.34853929,0.76663345,-0.93149477,-0.34468007,0.6967392,-0.62908667,0
0.18482065,1.0379072,-0.54134548,-0.34468007,0.6967392,-0.62908667,0
1.0369564,1.2944697,-0.51223016,0.90794533,0.4176307,-0.034925401,0
-1.2252809,-0.92731518,0.0067720413,-0.90794533,-0.4176307,0.034925401,0
1.4668185,0.42364559,0.24963677,0.90794533,0.4176307,-0.034925401,0
-1.576231,-0.17737398,-0.14913917,-0.90794533,-0.4176307,0.034925401,0
1.1549964,1.0928061,0.14497256,0.90794533,0.4176307,-0.034925401,0
1.0882317,1.1651354,-0.72579622,0.90794533,0.4176307,-0.034925401,0
-1.0977123,0.62852627,-0.29204476,-0.34468007,0.6967392,-0.62908667,0
-0.80054265,-1.2916567,0.59766519,0.34468007,-0.6967392,0.62908667,0
-0.4745844,-0.97546375,0.7692675,0.34468007,-0.6967392,0.62908667,0
1.0393046,0.33229786,0.71336138,-0.23839203,0.58321428,0.77655017,0
1.4726214,0.44513839,0.65750432,0.90794533,0.4176307,-0.034925401,0
1.177305,1.0029831,-0.34916687,0.90794533,0.4176307,-0.034925401,0
-1.2771293,-0.82652628,-0.13590693,-0.90794533,-0.4176307,0.034925401,0
-0.49998403,0.76088649,-0.47294894,-0.34468007,0.6967392,-0.62908667,0
1.5491019,0.28090662,0.68189561,0.90794533,0.4176307,-0.034925401,0
0.88497996,0.71133459,-0.90643007,0.23839203,-0.58321428,-0.77655017,0
0.74246979,0.33341402,-0.6663484,0.23839203,-0.58321428,-0.77655017,0
-1.1361206,0.18794541,0.15394419,-0.23839203,0.58321428,0.77655017,0
0.45866114,1.3007858,-0.19225538,-0.23839203,0.58321428,0.77655017,0
-1.3421009,-0.65537184,0.22167873,-0.90794533,-0.4176307,0.034925401,0
0.048739016,-0.64247143,0.85133821,0.34468007,-0.6967392,0.62908667,0
0.75580978,-0.44332114,0.68449712,0.34468007,-0.6967392,0.62908667,0
-1.2449087,0.39862698,-0.46601772,-0.34468007,0.6967392,-0.62908667,0
1.4190468,-0.31813747,0.45975161,0.34468007,-0.6967392,0.62908667,0
0.7055431,0.40497011,0.55632132,-0.23839203,0.58321428,0.77655017,0
1.4743664,-0.4421097,0.14077902,0.23839203,-0.58321428,-0.77655017,0
-1.2272468,0.364061,-0.51397789,-0.34468007,0.6967392,-0.62908667,0
-0.42413414,0.67253172,-0.61236405,-0.34468007,0.6967392,-0.62908667,0
-1.3703771,-0.60551572,0.082758427,-0.90794533,-0.4176307,0.034925401,0
-1.132934,-1.1293858,-0.0088331699,-0.90794533,-0.4176307,0.034925401,0
1.4386744,0.50972682,0.54732645,0.90794533,0.4176307,-0.034925401,0
1.5124749,0.31928733,0.18865883,0.90794533,0.4176307,-0.034925401,0
-0.56761193,-1.3185719,0.44023141,0.34468007,-0.6967392,0.62908667,0
0.33747339,-0.91723222,0.1485984,0.23839203,-0.58321428,-0.77655017,0
-0.57282847,-1.3953497,0.35805511,0.34468007,-0.6967392,0.62908667,0
-0.70261264,-1.4547405,0.36338681,0.34468007,-0.6967392,0.62908667,0
0.04874897,1.2096711,-0.27655548,-0.34468007,0.6967392,-0.62908667,0
-0.8313061,-0.26833212,0.59019804,-0.23839203,0.58321428,0.77655017,0
0.90943253,-0.45559394,0.58673394,0.34468007,-0.6967392,0.62908667,0
-0.64381993,0.67890048,-0.063648373,-0.23839203,0.58321428,0.77655017,0
-1.3445022,-0.69783157,-0.34847391,-0.90794533,-0.4176307,0.034925401,0
-1.7308456,0.15494367,-0.19482076,-0.90794533,-0.4176307,0.034925401,0
-1.5268962,0.10457301,-0.63719189,-0.34468007,0.6967392,-0.62908667,0
1.5622286,0.2706086,0.90000546,0.90794533,0.4176307,-0.034925401,0
1.3682847,0.57153738,-0.54345983,0.90794533,0.4176307,-0.034925401,0
-0.94801617,-0.15275174,0.46756482,-0.23839203,0.58321428,0.77655017,0
-0.72916329,-0.83761394,-0.23864281,0.23839203,-0.58321428,-0.77655017,0
0.39735806,1.267037,-0.40402541,-0.34468007,0.6967392,-0.62908667,0
-1.2790065,-0.8168968,-0.069555283,-0.90794533,-0.4176307,0.034925401,0
-0.66763115,0.75042856,-0.39267668,-0.34468007,0.6967392,-0.62908667,0
1.0443057,1.2997559,-0.25796092,0.90794533,0.4176307,-0.034925401,0
0.87424982,0.95463216,0.19529819,-0.23839203,0.58321428,0.77655017,0
-1.6062521,-0.15023977,-0.60512185,-0.90794533,-0.4176307,0.034925401,0
-0.41239432,-0.57940924,0.95242822,-0.23839203,0.58321428,0.77655017,0
0.1217429,0.73685205,-0.8402158,-0.34468007,0.6967392,-0.62908667,0
-0.840204,-0.37250879,0.66570652,-0.23839203,0.58321428,0.77655017,0
0.4435201,1.0275413,0.0083119273,-0.23839203,0.58321428,0.77655017,0
-0.03574264,0.7932387,-0.69147807,-0.34468007,0.6967392,-0.62908667,0
-0.592031,-1.219944,0.090597689,0.23839203,-0.58321428,-0.77655017,0
1.410825,0.18505013,0.93800187,-0.23839203,0.58321428,0.77655017,0
-1.4664043,0.1782667,-0.58871722,-0.34468007,0.6967392,-0.62908667,0
-0.35289609,0.45874569,-0.88817263,-0.34468007,0.6967392,-0.62908667,0
-1.2508866,-0.84555817,0.31874192,-0.90794533,-0.4176307,0.034925401,0
-0.33361095,0.60968828,0.083562881,-0.23839203,0.58321428,0.77655017,0
1.5259099,0.31837654,0.5270344,0.90794533,0.4176307,-0.034925401,0
1.3551252,0.63263297,-0.15499377,0.90794533,0.4176307,-0.034925401,0
0.10304421,0.76226282,-0.80182731,-0.34468007,0.6967392,-0.62908667,0
-0.74841821,-1.3410392,0.51441282,0.34468007,-0.6967392,0.62908667,0
0.77943897,1.3967919,-0.16588408,-0.23839203,0.58321428,0.77655017,0
0.8398962,1.0128253,-0.92804456,-0.34468007,0.6967392,-0.62908667,0
-0.28101075,-0.041159242,0.5885182,-0.23839203,0.58321428,0.77655017,0
0.3600601,-0.24233013,0.93640554,-0.23839203,0.58321428,0.77655017,0
1.165373,0.99776167,-0.72179627,0.90794533,0.4176307,-0.034925401,0
-1.2676051,-0.81709343,0.2244916,-0.90794533,-0.4176307,0.034925401,0
-1.3661658,-0.63631988,-0.17611086,-0.90794533,-0.4176307,0.034925401,0
1.0242071,-0.1249935,0.8900016,0.34468007,-0.6967392,0.62908667,0
-1.2593343,-0.87641191,-0.26981795,-0.90794533,-0.4176307,0.034925401,0
-0.17620611,-0.43583167,0.91710389,-0.23839203,0.58321428,0.77655017,0
-0.52512074,0.90759474,-0.29669094,-0.34468007,0.6967392,-0.62908667,0
0.21850097,0.45842922,-0.92109132,0.23839203,-0.58321428,-0.77655017,0
-0.65901995,-0.12643081,-0.75123119,0.23839203,-0.58321428,-0.77655017,0
1.3484186,0.62664986,-0.40089083,0.90794533,0.4176307,-0.034925401,0
0.067875147,-1.1364135,0.2937924,0.34468007,-0.6967392,0.62908667,0
1.0676844,1.2429838,0.038118958,-0.23839203,0.58321428,0.77655017,0
1.6963232,-0.056965142,0.46896279,0.90794533,0.4176307,-0.034925401,0
-0.17157644,-1.0120778,0.5626961,0.34468007,-0.6967392,0.62908667,0
1.2345703,-0.46682337,0.3961519,0.34468007,-0.6967392,0.62908667,0
-1.2466859,-0.83769578,0.5219633,-0.90794533,-0.4176307,0.034925401,0
0.37265712,0.12935108,-0.62661874,0.23839203,-0.58321428,-0.77655017,0
1.5390719,0.29127747,0.54515707,0.90794533,0.4176307,-0.034925401,0
0.85686189,1.1606412,0.035240769,-0.23839203,0.58321428,0.77655017,0
-1.6085672,-0.14727384,-0.62984109,-0.90794533,-0.4176307,0.034925401,0
1.369555,0.59658617,-0.21090925,0.90794533,0.4176307,-0.034925401,0
0.081354916,0.60954458,-0.95908523,-0.34468007,0.6967392,-0.62908667,0
-1.5735642,-0.1904816,-0.23654974,-0.90794533,-0.4176307,0.034925401,0
-1.3576469,-0.58766413,0.62716937,-0.90794533,-0.4176307,0.034925401,0
-0.54269093,-0.82949996,0.96824431,0.34468007,-0.6967392,0.62908667,0
1.0522804,1.2979636,-0.072079897,0.90794533,0.4176307,-0.034925401,0
-1.0381825,-1.3039272,0.36726552,-0.90794533,-0.4176307,0.034925401,0
-1.5812674,-0.22282475,-0.82355833,-0.90794533,-0.4176307,0.034925401,0
-0.11300904,-0.6703372,0.90909839,0.34468007,-0.6967392,0.62908667,0
0.24606377,-0.96799123,0.1586584,0.23839203,-0.58321428,-0.77655017,0
1.0941604,1.2081962,-0.056753874,0.90794533,0.4176307,-0.034925401,0
-1.1832268,-0.93789732,0.97350127,-0.90794533,-0.4176307,0.034925401,0
-0.46507514,-0.99717462,0.74001163,0.34468007,-0.6967392,0.62908667,0
1.3303045,-0.10102582,0.74883437,0.34468007,-0.6967392,0.62908667,0
0.5042448,0.81532526,-0.96287847,-0.34468007,0.6967392,-0.62908667,0
1.1181806,1.1681633,0.088986397,0.90794533,0.4176307,-0.034925401,0
-1.6346862,-0.037105314,0.0085250139,-0.90794533,-0.4176307,0.034925401,0
1.4629878,0.46477497,0.6418668,0.90794533,0.4176307,-0.034925401,0
0.30449605,1.210651,-0.17188817,-0.23839203,0.58321428,0.77655017,0
1.1656003,1.0427613,-0.17778885,0.90794533,0.4176307,-0.034925401,0
1.5267369,-0.14913435,-0.063177824,0.23839203,-0.58321428,-0.77655017,0
1.3157377,-0.13480362,0.71940506,0.34468007,-0.6967392,0.62908667,0
0.35813618,-0.92737961,0.36627036,0.34468007,-0.6967392,0.62908667,0
1.2522006,0.81585336,-0.6397841,0.90794533,0.4176307,-0.034925401,0
-0.1778962,-1.0961589,0.4730356,0.34468007,-0.6967392,0.62908667,0
1.3511338,0.65856028,0.051276803,0.90794533,0.4176307,-0.034925401,0
-1.2910869,-0.73561031,0.58839822,-0.90794533,-0.4176307,0.034925401,0
-1.6058555,-0.12039885,-0.23798192,-0.90794533,-0.4176307,0.034925401,0
0.83738548,-0.2835142,0.81679416,0.34468007,-0.6967392,0.62908667,0
0.92940181,1.4284062,-0.51681221,-0.34468007,0.6967392,-0.62908667,0
0.51966327,0.8094846,-0.97779512,-0.34468007,0.6967392,-0.62908667,0
-1.4408802,-0.47212845,-0.15507257,-0.90794533,-0.4176307,0.034925401,0
1.4310362,0.49746099,0.20208728,0.90794533,0.4176307,-0.034925401,0
1.3515995,-0.49810839,0.29738128,0.34468007,-0.6967392,0.62908667,0
-0.96629161,-0.75562572,-0.37301433,0.23839203,-0.58321428,-0.77655017,0
1.4130633,0.53585452,0.19394875,0.90794533,0.4176307,-0.034925401,0
-1.1594315,-1.0514493,0.23426986,-0.90794533,-0.4176307,0.034925401,0
0.14080399,0.0055437088,0.68293506,-0.23839203,0.58321428,0.77655017,0
-0.54428625,-0.1688408,0.60358864,-0.23839203,0.58321428,0.77655017,0
-1.5540321,-0.086626157,0.23186231,-0.23839203,0.58321428,0.77655017,0
-1.0549679,-0.49448985,0.69138819,-0.23839203,0.58321428,0.77655017,0
-1.6841545,0.022007763,-0.57062507,-0.90794533,-0.4176307,0.034925401,0
1.2542863,0.80430305,-0.72368038,0.90794533,0.4176307,-0.034925401,0
1.6816099,-0.047513336,0.19947839,0.90794533,0.4176307,-0.034925401,0
0.58607435,0.2561962,0.63137972,-0.23839203,0.58321428,0.77655017,0
1.638124,0.050241306,0.23792517,0.90794533,0.4176307,-0.034925401,0
-1.549926,0.1913794,-0.52843201,-0.34468007,0.6967392,-0.62908667,0
-1.6835059,0.054099508,-0.17001772,-0.90794533,-0.4176307,0.034925401,0
-0.35550392,0.47006729,0.18170182,-0.23839203,0.58321428,0.77655017,0
0.512088,0.9045682,-0.86833572,-0.34468007,0.6967392,-0.62908667,0
-0.14815271,0.2416513,-0.87084252,0.23839203,-0.58321428,-0.77655017,0
1.5518066,0.24478602,0.32028222,0.90794533,0.4176307,-0.034925401,0
1.5809062,0.20707428,0.62582755,0.90794533,0.4176307,-0.034925401,0
1.4192065,0.5206722,0.17210674,0.90794533,0.4176307,-0.034925401,0
-1.5413616,-0.28303653,-0.50613892,-0.90794533,-0.4176307,0.034925401,0
-0.6917398,-0.94004381,0.9274773,0.34468007,-0.6967392,0.62908667,0
1.0322951,-0.6393882,0.31585687,0.34468007,-0.6967392,0.62908667,0
1.0337396,0.37583733,0.67895341,-0.23839203,0.58321428,0.77655017,0
-0.66828859,-0.69773144,0.96273541,-0.23839203,0.58321428,0.77655017,0
0.15089989,-0.85142398,0.56394011,0.34468007,-0.6967392,0.62908667,0
-1.0984402,-1.1552988,0.57803184,-0.90794533,-0.4176307,0.034925401,0
-0.61789572,0.082060277,0.39255643,-0.23839203,0.58321428,0.77655017,0
-0.85345209,-0.13683259,0.48463908,-0.23839203,0.58321428,0.77655017,0
1.1855245,-0.18727314,-0.13928258,0.23839203,-0.58321428,-0.77655017,0
-1.7176929,0.19818908,-0.032285213,-0.23839203,0.58321428,0.77655017,0
0.87244236,0.51758301,-0.76476514,0.23839203,-0.58321428,-0.77655017,0
1.3583217,0.68146944,0.51208127,0.90794533,0.4176307,-0.034925401,0
-1.6586972,-0.0030187815,-0.20808458,-0.90794533,-0.4176307,0.034925401,0
-1.4403108,-0.45148706,0.10655355,-0.90794533,-0.4176307,0.034925401,0
-1.269922,-0.40224564,-0.7316252,0.23839203,-0.58321428,-0.77655017,0
-1.3132778,-0.67783684,0.70235229,-0.90794533,-0.4176307,0.034925401,0
1.5590762,0.22300062,0.2487632,0.90794533,0.4176307,-0.034925401,0
-1.3478903,-0.67446035,-0.55111849,0.23839203,-0.58321428,-0.77655017,0
1.3892214,0.59459311,0.27652347,0.90794533,0.4176307,-0.034925401,0
1.0920882,0.14189051,-0.41517907,0.23839203,-0.58321428,-0.77655017,0
1.6032665,0.09649092,-0.11521375,0.90794533,0.4176307,-0.034925401,0
0.99648094,1.3897011,-0.42570221,0.90794533,0.4176307,-0.034925401,0
1.503125,-0.42669892,0.29344869,0.34468007,-0.6967392,0.62908667,0
1.0876353,1.164132,-0.75330216,0.90794533,0.4176307,-0.034925401,0
-0.284199,0.79967296,-0.043952934,-0.23839203,0.58321428,0.77655017,0
-0.36441487,-0.88927937,0.80435771,0.34468007,-0.6967392,0.62908667,0
-1.699266,0.25661284,-0.37435913,-0.34468007,0.6967392,-0.62908667,0
-0.65709251,0.31405193,-0.88175583,-0.34468007,0.6967392,-0.62908667,0
1.5927049,-0.063925631,-0.10692084,0.23839203,-0.58321428,-0.77655017,0
-0.36969084,0.68011069,0.019597232,-0.23839203,0.58321428,0.77655017,0
-1.2289431,0.39810768,-0.4753406,-0.34468007,0.6967392,-0.62908667,0
-0.50871992,-0.65993655,0.98333597,-0.23839203,0.58321428,0.77655017,0
-0.44703984,-0.070231497,-0.72836328,0.23839203,-0.58321428,-0.77655017,0
-0.52688408,0.41697609,-0.83910501,-0.34468007,0.6967392,-0.62908667,0
1.6071074,0.13760394,0.47625828,0.90794533,0.4176307,-0.034925401,0
-0.46008539,-0.74394524,-0.22638708,0.23839203,-0.58321428,-0.77655017,0
-1.5942986,-0.015473485,-0.73321819,-0.34468007,0.6967392,-0.62908667,0
1.401381,0.51414376,-0.36936522,0.90794533,0.4176307,-0.034925401,0
1.1506795,0.71258682,0.46194291,-0.23839203,0.58321428,0.77655017,0
-1.2985771,0.24054028,-0.61170018,-0.34468007,0.6967392,-0.62908667,0
0.55160582,0.90767413,-0.8865478,-0.34468007,0.6967392,-0.62908667,0
0.48922479,0.68495446,-1.00811,0.23839203,-0.58321428,-0.77655017,0
1.3111866,0.77697051,0.42870331,0.90794533,0.4176307,-0.034925401,0
-1.0785186,0.043096542,-0.95094812,-0.34468007,0.6967392,-0.62908667,0
-1.5964789,0.35105127,-0.32608211,-0.34468007,0.6967392,-0.62908667,0
0.91429603,-0.67983317,0.33571488,0.34468007,-0.6967392,0.62908667,0
1.5999281,0.030954123,0.74727905,0.34468007,-0.6967392,0.62908667,0
1.2509384,0.84328759,-0.34454691,0.90794533,0.4176307,-0.034925401,0
-1.5922651,-0.039908886,-0.76139545,-0.34468007,0.6967392,-0.62908667,0
-0.28123146,0.51184928,-0.86862361,-0.34468007,0.6967392,-0.62908667,0
-1.3423021,-0.64525735,0.33739412,-0.90794533,-0.4176307,0.034925401,0
0.548549,0.42393455,-0.79386371,0.23839203,-0.58321428,-0.77655017,0
-0.67793572,0.13298738,-0.95186979,0.23839203,-0.58321428,-0.77655017,0
-0.65664583,0.48722094,0.076371819,-0.23839203,0.58321428,0.77655017,0
-1.2451762,0.52723491,-0.32343256,-0.34468007,0.6967392,-0.62908667,0
-0.85963094,0.75125384,-0.18423963,-0.23839203,0.58321428,0.77655017,0
-1.0897202,-0.79811883,-0.37899172,0.23839203,-0.58321428,-0.77655017,0
0.083003998,-1.0501971,0.1703402,0.23839203,-0.58321428,-0.77655017,0
0.55792069,-0.218784,-0.30828416,0.23839203,-0.58321428,-0.77655017,0
-1.6762861,0.042763758,-0.1178757,-0.90794533,-0.4176307,0.034925401,0
1.6471547,0.043036312,0.38653922,0.90794533,0.4176307,-0.034925401,0
0.715864,-0.57768524,0.55756998,0.34468007,-0.6967392,0.62908667,0
0.059303164,1.0318816,-0.47924742,-0.34468007,0.6967392,-0.62908667,0
0.65324807,1.4877028,-0.29983252,-0.34468007,0.6967392,-0.62908667,0
1.2536185,0.87185717,0.066758037,0.90794533,0.4176307,-0.034925401,0
1.2341297,-0.56057334,0.15599906,0.23839203,-0.58321428,-0.77655017,0
-0.75688791,-0.11116713,-0.79273909,0.23839203,-0.58321428,-0.77655017,0
-1.1281372,0.22596022,-0.72123289,-0.34468007,0.6967392,-0.62908667,0
0.98363596,-0.092148244,0.94860834,0.34468007,-0.6967392,0.62908667,0
-1.4116508,-0.48204547,0.48621213,-0.90794533,-0.4176307,0.034925401,0
-1.2990749,-0.72070634,0.55895603,-0.90794533,-0.4176307,0.034925401,0
