2.1106472,-0.79189885,-1.1115556,0.88677311,-0.23379156,-0.39871681,0
-2.0793364,0.93473804,0.23725796,-0.45130327,-0.25171423,-0.85613394,0
2.4489903,-0.27652723,-0.66125083,0.88677311,-0.23379156,-0.39871681,0
-0.58668268,1.2392137,0.52894068,0.45130327,0.25171423,0.85613394,0
-0.34515715,0.11324126,0.73267293,0.45130327,0.25171423,0.85613394,0
-0.56847149,-0.69522274,0.88329113,-0.099794149,-0.93913877,0.32872429,0
1.8036937,-1.5132498,-0.73360324,-0.099794149,-0.93913877,0.32872429,0
-2.1332474,1.4708785,0.51250601,0.099794149,0.93913877,-0.32872429,0
0.9266206,-1.3640503,-0.6714325,-0.45130327,-0.25171423,-0.85613394,0
-2.3701155,0.19465178,0.60813403,-0.45130327,-0.25171423,-0.85613394,0
-0.29466599,0.9441489,-0.43416089,0.099794149,0.93913877,-0.32872429,0
-2.3755836,0.15267158,0.89713597,-0.88677311,0.23379156,0.39871681,0
1.4034323,-1.3223062,-0.30960393,-0.099794149,-0.93913877,0.32872429,0
2.4364426,0.27823019,-1.0144451,0.88677311,-0.23379156,-0.39871681,0
2.1693966,0.10031724,-1.5040528,0.88677311,-0.23379156,-0.39871681,0
-2.5201402,-0.43625325,0.92095447,-0.88677311,0.23379156,0.39871681,0
-0.80612487,-0.77349329,0.58753169,-0.099794149,-0.93913877,0.32872429,0
0.58358788,-0.77267885,-0.66447651,-0.45130327,-0.25171423,-0.85613394,0
-2.1524599,0.3573941,1.2733374,-0.88677311,0.23379156,0.39871681,0
-2.3350935,1.1430415,0.40647626,-0.88677311,0.23379156,0.39871681,0
-1.0644259,-0.077556595,-0.00011563301,-0.45130327,-0.25171423,-0.85613394,0
0.33053869,-1.1381744,-0.10926402,-0.099794149,-0.93913877,0.32872429,0
-1.8114016,-0.29405922,0.45730031,-0.45130327,-0.25171423,-0.85613394,0
-2.489954,-0.28673333,0.9004178,-0.88677311,0.23379156,0.39871681,0
-2.044189,0.30216658,1.5465225,-0.88677311,0.23379156,0.39871681,0
2.2569675,-1.4295001,-0.35673285,-0.099794149,-0.93913877,0.32872429,0
-0.23813772,-0.79804337,0.6898241,-0.099794149,-0.93913877,0.32872429,0
1.1279746,0.72747827,-0.62128603,0.099794149,0.93913877,-0.32872429,0
-2.4024332,0.56994021,0.59275126,-0.88677311,0.23379156,0.39871681,0
1.5816462,-1.1390426,-1.0828786,-0.45130327,-0.25171423,-0.85613394,0
-0.46358511,1.2418113,0.36495602,0.099794149,0.93913877,-0.32872429,0
-2.2621703,-0.23976922,1.3794866,-0.88677311,0.23379156,0.39871681,0
2.3334429,-0.67114377,-0.68684912,0.88677311,-0.23379156,-0.39871681,0
1.6783922,-1.3649541,-0.34797406,-0.099794149,-0.93913877,0.32872429,0
-2.339906,0.72594428,0.64034152,-0.88677311,0.23379156,0.39871681,0
-2.3622761,1.1013893,0.37044358,-0.88677311,0.23379156,0.39871681,0
1.0711358,-1.2415241,-0.78363633,-0.45130327,-0.25171423,-0.85613394,0
-0.31398782,0.29607466,-0.50555468,-0.45130327,-0.25171423,-0.85613394,0
-1.9962282,-0.24171579,1.707382,0.45130327,0.25171423,0.85613394,0
-1.2580137,1.1172409,-0.23210442,0.099794149,0.93913877,-0.32872429,0
-2.4496477,-0.24299312,0.9644146,-0.88677311,0.23379156,0.39871681,0
2.0866721,-0.638762,-1.2546711,0.88677311,-0.23379156,-0.39871681,0
0.76913118,0.052457437,0.16315705,0.45130327,0.25171423,0.85613394,0
2.141716,-0.24121261,-1.3653567,0.88677311,-0.23379156,-0.39871681,0
1.8979756,0.60177064,-0.59340811,0.45130327,0.25171423,0.85613394,0
-2.1873319,0.087067366,1.3542888,-0.88677311,0.23379156,0.39871681,0
1.0634514,-0.58339041,-0.9730854,-0.45130327,-0.25171423,-0.85613394,0
-0.30395758,-0.86011392,-0.17090787,-0.45130327,-0.25171423,-0.85613394,0
-0.19923602,-0.14324415,-0.43687969,-0.45130327,-0.25171423,-0.85613394,0
-2.1182792,1.4291097,0.72094679,-0.88677311,0.23379156,0.39871681,0
-2.196085,0.27676404,1.2235904,-0.88677311,0.23379156,0.39871681,0
1.9575448,-1.5732651,-0.99390364,0.88677311,-0.23379156,-0.39871681,0
0.5052067,-0.65638191,-0.65735126,-0.45130327,-0.25171423,-0.85613394,0
2.1524293,-0.75490177,-1.0403223,0.88677311,-0.23379156,-0.39871681,0
-0.73570013,-0.80409729,0.52147818,-0.099794149,-0.93913877,0.32872429,0
0.57177246,0.17959182,0.22981384,0.45130327,0.25171423,0.85613394,0
-1.9359671,1.5746173,0.86876988,0.099794149,0.93913877,-0.32872429,0
-1.6512458,-0.43065798,1.3104229,-0.099794149,-0.93913877,0.32872429,0
0.6944133,-0.49798837,0.36438209,0.45130327,0.25171423,0.85613394,0
-2.1410961,1.0414194,0.8975265,-0.88677311,0.23379156,0.39871681,0
-2.0495203,0.62760973,1.3438389,-0.88677311,0.23379156,0.39871681,0
-2.0602489,0.43763185,1.4313731,-0.88677311,0.23379156,0.39871681,0
2.0894885,-0.70843869,-1.2075515,0.88677311,-0.23379156,-0.39871681,0
0.44811177,-1.19715,-0.24205983,-0.099794149,-0.93913877,0.32872429,0
-1.9771111,1.3584992,0.23884773,0.099794149,0.93913877,-0.32872429,0
2.3748584,0.33489239,-1.1846371,0.88677311,-0.23379156,-0.39871681,0
2.1717525,-0.64328158,-1.0627968,0.88677311,-0.23379156,-0.39871681,0
-1.1514637,1.0392007,0.88546634,0.45130327,0.25171423,0.85613394,0
2.1974487,-0.43821841,-1.1258869,0.88677311,-0.23379156,-0.39871681,0
-2.2942629,1.2464818,0.43663239,-0.88677311,0.23379156,0.39871681,0
0.82019264,0.41355664,0.030072749,0.45130327,0.25171423,0.85613394,0
2.1364758,0.28630471,-1.5755225,0.099794149,0.93913877,-0.32872429,0
2.2555552,-0.066144705,-1.2148235,0.88677311,-0.23379156,-0.39871681,0
0.82215476,-0.90490919,0.41668415,0.45130327,0.25171423,0.85613394,0
1.6368568,0.14925712,-0.32271707,0.45130327,0.25171423,0.85613394,0
1.2422543,-1.2086185,-0.033738375,-0.099794149,-0.93913877,0.32872429,0
-0.8711791,0.076975644,1.0206231,0.45130327,0.25171423,0.85613394,0
-1.718642,1.5802059,0.95071197,0.099794149,0.93913877,-0.32872429,0
0.40425897,0.036316156,-0.80779964,-0.45130327,-0.25171423,-0.85613394,0
0.27856737,-0.8123973,0.67603171,0.45130327,0.25171423,0.85613394,0
-1.1863623,0.97099996,-0.24412692,-0.45130327,-0.25171423,-0.85613394,0
-0.21026295,-0.82253647,0.62831128,-0.099794149,-0.93913877,0.32872429,0
-2.3495789,0.40605265,0.80639982,-0.88677311,0.23379156,0.39871681,0
-0.775123,0.15151554,0.94807255,0.45130327,0.25171423,0.85613394,0
2.5288923,0.41494977,-0.88899803,0.88677311,-0.23379156,-0.39871681,0
0.73990512,-0.14014143,-0.93285173,-0.45130327,-0.25171423,-0.85613394,0
-1.9610975,-0.29139233,1.6142281,-0.099794149,-0.93913877,0.32872429,0
2.2568679,0.41902363,-1.159806,0.099794149,0.93913877,-0.32872429,0
0.41209513,-0.26484388,-0.72338557,-0.45130327,-0.25171423,-0.85613394,0
0.77231961,-1.0516889,0.27193379,-0.099794149,-0.93913877,0.32872429,0
0.24591327,-1.1154158,-0.069935024,-0.099794149,-0.93913877,0.32872429,0
-2.3207293,0.25761282,0.95760226,-0.88677311,0.23379156,0.39871681,0
1.0960507,-1.2854147,-0.29752326,-0.099794149,-0.93913877,0.32872429,0
-1.4287114,-0.42336988,1.3988013,-0.099794149,-0.93913877,0.32872429,0
-1.9752586,-0.37719348,0.56811857,-0.45130327,-0.25171423,-0.85613394,0
2.2532589,-1.2272899,-0.53908181,0.88677311,-0.23379156,-0.39871681,0
0.83382159,-1.0377223,0.33050597,-0.099794149,-0.93913877,0.32872429,0
-1.0213261,0.91782451,-0.31549001,-0.45130327,-0.25171423,-0.85613394,0
1.0816021,-1.431807,-0.72014081,-0.099794149,-0.93913877,0.32872429,0
0.59070289,-1.0378082,0.25645483,-0.099794149,-0.93913877,0.32872429,0
1.6562299,0.28962219,-1.5422401,-0.45130327,-0.25171423,-0.85613394,0
-2.3327212,0.48984683,0.79475927,-0.88677311,0.23379156,0.39871681,0
0.61727571,-1.1486048,-0.052014947,-0.099794149,-0.93913877,0.32872429,0
0.46640569,-1.0368556,0.22144222,-0.099794149,-0.93913877,0.32872429,0
1.2324491,-0.8866784,0.19504106,0.45130327,0.25171423,0.85613394,0
2.3978806,-0.35682219,-0.7278409,0.88677311,-0.23379156,-0.39871681,0
-2.0479019,1.1073023,1.0661652,-0.88677311,0.23379156,0.39871681,0
-2.0371521,1.4806505,0.87115741,-0.88677311,0.23379156,0.39871681,0
1.0847312,-0.812177,0.25100493,0.45130327,0.25171423,0.85613394,0
-0.42175931,0.80577987,-0.59860373,-0.45130327,-0.25171423,-0.85613394,0
-2.2698302,0.4567225,0.95405579,-0.88677311,0.23379156,0.39871681,0
1.8461952,0.4914723,-1.0774984,0.099794149,0.93913877,-0.32872429,0
-0.62164694,-0.63037658,1.0524087,-0.099794149,-0.93913877,0.32872429,0
-2.0692344,0.079080224,1.6216284,-0.88677311,0.23379156,0.39871681,0
-1.9163767,-0.44990885,1.1749359,-0.099794149,-0.93913877,0.32872429,0
2.1910243,-1.4643222,-0.53850961,0.88677311,-0.23379156,-0.39871681,0
-0.7134642,-0.50095308,-0.060638011,-0.45130327,-0.25171423,-0.85613394,0
-0.95339847,-0.63281763,0.10461104,-0.45130327,-0.25171423,-0.85613394,0
-0.24532157,-0.96077412,0.22273438,-0.099794149,-0.93913877,0.32872429,0
-0.52355468,-0.32847303,-0.21145841,-0.45130327,-0.25171423,-0.85613394,0
1.5772591,0.3655591,-1.5188659,0.099794149,0.93913877,-0.32872429,0
-0.57729119,0.074521124,-0.30161709,-0.45130327,-0.25171423,-0.85613394,0
-0.78604102,-0.25038019,-0.096051395,-0.45130327,-0.25171423,-0.85613394,0
0.50119138,0.68955886,0.11708319,0.45130327,0.25171423,0.85613394,0
-1.5974824,1.5399587,0.87251019,0.099794149,0.93913877,-0.32872429,0
2.0781441,-0.23382568,-1.5110768,0.88677311,-0.23379156,-0.39871681,0
-1.015903,-0.033215694,-0.03873086,-0.45130327,-0.25171423,-0.85613394,0
0.14046678,0.93066847,0.23634666,0.45130327,0.25171423,0.85613394,0
2.2666955,-1.3175257,-0.45628691,0.88677311,-0.23379156,-0.39871681,0
2.1498888,0.16269648,-1.5840157,0.88677311,-0.23379156,-0.39871681,0
-1.3373649,0.062691212,1.2705687,0.45130327,0.25171423,0.85613394,0
1.2626879,0.80718774,-0.35266614,0.099794149,0.93913877,-0.32872429,0
-1.7565295,1.4577242,0.58928943,0.099794149,0.93913877,-0.32872429,0
1.89586,0.47363329,-1.1133858,0.099794149,0.93913877,-0.32872429,0
2.3475981,-0.61953974,-0.68562555,0.88677311,-0.23379156,-0.39871681,0
0.4751395,-0.04868713,0.34786996,0.45130327,0.25171423,0.85613394,0
-2.0701008,-0.026951551,1.6818746,-0.88677311,0.23379156,0.39871681,0
1.9519837,-0.96013063,-0.16265917,0.45130327,0.25171423,0.85613394,0
2.3432121,-0.2564936,-0.5757699,0.45130327,0.25171423,0.85613394,0
2.4038777,-0.49329689,-0.63447905,0.88677311,-0.23379156,-0.39871681,0
-1.6161448,0.88457716,0.0078382492,-0.45130327,-0.25171423,-0.85613394,0
-1.8844022,-0.63246918,0.66308272,-0.099794149,-0.93913877,0.32872429,0
-2.0770183,1.0173907,1.0541291,-0.88677311,0.23379156,0.39871681,0
-1.3213134,0.594733,-0.06236136,-0.45130327,-0.25171423,-0.85613394,0
0.8124575,0.67475551,-0.86769509,0.099794149,0.93913877,-0.32872429,0
2.1354566,0.1454221,-1.605985,0.88677311,-0.23379156,-0.39871681,0
-2.3036332,0.83524787,0.65692329,-0.88677311,0.23379156,0.39871681,0
2.2194047,-0.18687356,-1.2244341,0.88677311,-0.23379156,-0.39871681,0
2.3898749,-0.94434667,-0.40114498,0.88677311,-0.23379156,-0.39871681,0
-0.11702877,-0.91237861,0.3999438,-0.099794149,-0.93913877,0.32872429,0
-1.0932472,-0.85026562,0.28103471,-0.099794149,-0.93913877,0.32872429,0
-0.55072111,-0.75908369,0.70623451,-0.099794149,-0.93913877,0.32872429,0
-2.1750548,-0.55580276,0.72595286,-0.45130327,-0.25171423,-0.85613394,0
-2.0927105,0.53118968,1.304317,-0.88677311,0.23379156,0.39871681,0
-1.5614548,1.4708922,0.68613005,0.099794149,0.93913877,-0.32872429,0
-1.7428977,1.4014987,1.0907152,0.45130327,0.25171423,0.85613394,0
1.0609876,0.71892506,-0.66605777,0.099794149,0.93913877,-0.32872429,0
-0.57023323,-0.44796771,-0.15171929,-0.45130327,-0.25171423,-0.85613394,0
2.3724983,0.18568718,-1.1023982,0.88677311,-0.23379156,-0.39871681,0
-2.3449721,0.44395387,0.79442191,-0.88677311,0.23379156,0.39871681,0
-1.1693981,0.99671829,-0.26063097,-0.45130327,-0.25171423,-0.85613394,0
1.8668768,-1.4148114,-0.43319178,-0.099794149,-0.93913877,0.32872429,0
2.4010816,-0.62130404,-0.5656395,0.88677311,-0.23379156,-0.39871681,0
2.2492468,0.22467458,-1.3993778,0.88677311,-0.23379156,-0.39871681,0
-1.3867435,0.97046763,1.0297002,0.45130327,0.25171423,0.85613394,0
-2.4270329,-0.18551886,0.74991274,-0.45130327,-0.25171423,-0.85613394,0
0.30207616,0.20845813,-0.80454689,-0.45130327,-0.25171423,-0.85613394,0
1.8720245,0.49224812,-1.0674404,0.099794149,0.93913877,-0.32872429,0
-2.0361049,1.1639695,1.0591755,-0.88677311,0.23379156,0.39871681,0
-1.2739495,1.0856438,-0.23166299,-0.45130327,-0.25171423,-0.85613394,0
2.1164305,-0.30883563,-1.381942,0.88677311,-0.23379156,-0.39871681,0
1.570328,0.63099593,-0.76263821,0.099794149,0.93913877,-0.32872429,0
-1.0429822,-0.26764584,1.2125106,0.45130327,0.25171423,0.85613394,0
-1.6280739,0.46345586,0.13794184,-0.45130327,-0.25171423,-0.85613394,0
1.8405409,-1.2985699,-0.10909414,-0.099794149,-0.93913877,0.32872429,0
-2.1185794,-0.478589,1.0316143,-0.099794149,-0.93913877,0.32872429,0
2.4047883,-0.053464949,-0.89035368,0.88677311,-0.23379156,-0.39871681,0
-0.32811946,1.1941221,0.26983643,0.099794149,0.93913877,-0.32872429,0
-1.5361716,1.3547726,0.36206126,0.099794149,0.93913877,-0.32872429,0
-2.3475676,0.87483561,0.53599763,-0.88677311,0.23379156,0.39871681,0
1.5259393,-0.82132286,0.021115065,0.45130327,0.25171423,0.85613394,0
0.40986982,0.91765821,0.098158449,0.45130327,0.25171423,0.85613394,0
0.44001883,-0.078840017,-0.7927928,-0.45130327,-0.25171423,-0.85613394,0
-2.3780978,0.032034039,0.96228147,-0.88677311,0.23379156,0.39871681,0
-1.4873449,1.2592643,0.10402489,0.099794149,0.93913877,-0.32872429,0
0.089316368,-0.11252791,0.57002312,0.45130327,0.25171423,0.85613394,0
-1.3553679,-0.60830402,0.89272535,-0.099794149,-0.93913877,0.32872429,0
-2.0475755,-0.13009515,0.53358972,-0.45130327,-0.25171423,-0.85613394,0
-2.1123345,1.3367163,0.78834367,-0.88677311,0.23379156,0.39871681,0
-2.3600688,0.18174613,0.91459394,-0.88677311,0.23379156,0.39871681,0
-2.1426849,1.4803497,0.63662171,-0.88677311,0.23379156,0.39871681,0
-0.21164781,0.90572917,0.42929316,0.45130327,0.25171423,0.85613394,0
-2.305172,-0.35229254,1.3357874,-0.099794149,-0.93913877,0.32872429,0
-1.3981781,0.020831898,0.14689136,-0.45130327,-0.25171423,-0.85613394,0
2.2044044,-0.59901839,-1.0161309,0.88677311,-0.23379156,-0.39871681,0
1.6922405,-0.3159734,-0.21512854,0.45130327,0.25171423,0.85613394,0
-0.97025126,0.092653811,-0.099802971,-0.45130327,-0.25171423,-0.85613394,0
0.19485956,-1.0682969,0.049180984,-0.099794149,-0.93913877,0.32872429,0
-0.32903332,0.04667294,-0.42429629,-0.45130327,-0.25171423,-0.85613394,0
-2.0010464,1.4552572,0.96634865,-0.88677311,0.23379156,0.39871681,0
1.2672907,0.59194088,-0.96621144,0.099794149,0.93913877,-0.32872429,0
2.3042855,-0.23513216,-1.0073569,0.88677311,-0.23379156,-0.39871681,0
-1.5420138,1.3603151,0.37612224,0.099794149,0.93913877,-0.32872429,0
0.52417958,0.84233427,0.060047314,0.45130327,0.25171423,0.85613394,0
-1.8683987,1.5002227,0.67674327,0.099794149,0.93913877,-0.32872429,0
2.2210956,-0.60900068,-0.97315478,0.88677311,-0.23379156,-0.39871681,0
2.0698225,-0.080842018,-1.6192882,0.88677311,-0.23379156,-0.39871681,0
-0.44160587,1.0429516,-0.19649768,0.099794149,0.93913877,-0.32872429,0
1.7428226,-1.4965163,-1.0627394,-0.45130327,-0.25171423,-0.85613394,0
1.5238304,-1.4484043,-0.63330603,-0.099794149,-0.93913877,0.32872429,0
-1.1380876,0.6294781,-0.16916275,-0.45130327,-0.25171423,-0.85613394,0
2.4615812,-0.089462042,-0.74293542,0.88677311,-0.23379156,-0.39871681,0
-2.347429,-0.32737231,1.2412325,-0.88677311,0.23379156,0.39871681,0
-0.91008282,-0.78168684,0.53256392,-0.099794149,-0.93913877,0.32872429,0
1.8359939,0.12444758,-1.5884374,-0.45130327,-0.25171423,-0.85613394,0
-0.0027603507,1.1322197,0.19175893,0.099794149,0.93913877,-0.32872429,0
-0.80920202,1.2962158,0.41546273,0.099794149,0.93913877,-0.32872429,0
0.37739861,-1.2171403,-0.42510843,-0.45130327,-0.25171423,-0.85613394,0
2.3742218,0.03008306,-1.0073242,0.88677311,-0.23379156,-0.39871681,0
1.9044814,-1.6334599,-1.046437,-0.099794149,-0.93913877,0.32872429,0
0.86536717,-1.1911032,-0.68999195,-0.45130327,-0.25171423,-0.85613394,0
-2.1486924,1.3580385,0.69497871,-0.88677311,0.23379156,0.39871681,0
2.1842046,-0.86153197,-0.90712881,0.88677311,-0.23379156,-0.39871681,0
1.801716,0.64751595,-0.64519715,0.099794149,0.93913877,-0.32872429,0
-2.1945422,-0.21101785,1.5130378,-0.88677311,0.23379156,0.39871681,0
1.0527458,-0.65943348,0.22295725,0.45130327,0.25171423,0.85613394,0
-0.07535404,0.57923532,-0.71460116,-0.45130327,-0.25171423,-0.85613394,0
0.091439486,-0.95523822,0.34078416,-0.099794149,-0.93913877,0.32872429,0
2.1785862,-0.2735889,-1.2643709,0.88677311,-0.23379156,-0.39871681,0
2.2140882,-0.14901984,-1.2584541,0.88677311,-0.23379156,-0.39871681,0
-0.093354583,-0.86850548,0.53247249,-0.099794149,-0.93913877,0.32872429,0
-0.16130036,1.1655617,0.23888481,0.099794149,0.93913877,-0.32872429,0
1.2618773,-0.90531349,0.18500733,0.45130327,0.25171423,0.85613394,0
0.59281117,0.065086842,-0.91565216,-0.45130327,-0.25171423,-0.85613394,0
1.220752,0.14639772,-0.10253036,0.45130327,0.25171423,0.85613394,0
1.7934948,-1.4275982,-0.49199986,-0.099794149,-0.93913877,0.32872429,0
1.6674144,0.40700358,-0.41460586,0.45130327,0.25171423,0.85613394,0
-2.2772131,0.40741915,0.9665451,-0.88677311,0.23379156,0.39871681,0
2.0625935,-0.40034616,-1.4480212,0.88677311,-0.23379156,-0.39871681,0
1.2924764,-0.32587862,-1.1695255,-0.45130327,-0.25171423,-0.85613394,0
-2.1917195,0.69051826,0.99069118,-0.88677311,0.23379156,0.39871681,0
2.1509771,-1.0371958,-0.87802625,0.88677311,-0.23379156,-0.39871681,0
0.50453365,-0.055258006,0.33430696,0.45130327,0.25171423,0.85613394,0
-1.2659769,-0.77395326,0.4466157,-0.099794149,-0.93913877,0.32872429,0
2.0314991,0.47762358,-1.0608084,0.099794149,0.93913877,-0.32872429,0
2.2735059,0.14208937,-1.2970002,0.88677311,-0.23379156,-0.39871681,0
-0.65281332,1.2701163,0.3883754,0.099794149,0.93913877,-0.32872429,0
-2.1532059,0.33444357,1.2851355,-0.88677311,0.23379156,0.39871681,0
-2.3069482,0.27430505,0.97846508,-0.88677311,0.23379156,0.39871681,0
-1.9653696,1.0768247,1.2675936,-0.88677311,0.23379156,0.39871681,0
2.2125814,-0.71076339,-0.93242168,0.88677311,-0.23379156,-0.39871681,0
2.3743639,-0.24547118,-0.84543443,0.88677311,-0.23379156,-0.39871681,0
2.0457473,-1.1176838,-1.0648696,0.88677311,-0.23379156,-0.39871681,0
-0.43245223,0.51900935,0.65938878,0.45130327,0.25171423,0.85613394,0
-1.9724181,0.98651701,1.3048706,-0.88677311,0.23379156,0.39871681,0
1.8411713,-0.4839226,-0.2442565,0.45130327,0.25171423,0.85613394,0
1.1455811,-0.92131495,0.25101626,0.45130327,0.25171423,0.85613394,0
2.0347202,-0.5597012,-1.4165735,0.88677311,-0.23379156,-0.39871681,0
-0.59906143,-0.10053815,-0.23867145,-0.45130327,-0.25171423,-0.85613394,0
-2.4012649,0.38112497,0.70606303,-0.88677311,0.23379156,0.39871681,0
2.1904314,-1.0201571,-0.80026841,0.88677311,-0.23379156,-0.39871681,0
-1.131593,0.70253283,0.97397614,0.45130327,0.25171423,0.85613394,0
-0.50238115,-0.20188275,-0.259839,-0.45130327,-0.25171423,-0.85613394,0
-2.1401157,0.95380503,0.26369119,-0.45130327,-0.25171423,-0.85613394,0
0.9863137,0.6864,-0.78164864,0.099794149,0.93913877,-0.32872429,0
-2.0448737,-0.60344428,0.69728851,-0.099794149,-0.93913877,0.32872429,0
-1.4647799,1.1837504,-0.10486197,0.099794149,0.93913877,-0.32872429,0
1.2132113,0.59588528,-0.97136027,0.099794149,0.93913877,-0.32872429,0
-1.0057534,0.25232458,1.0400081,0.45130327,0.25171423,0.85613394,0
0.98639035,0.81453806,-0.4155454,0.099794149,0.93913877,-0.32872429,0
1.8611979,0.3490169,-1.4799271,0.099794149,0.93913877,-0.32872429,0
0.096131206,0.77274644,-0.80520582,0.099794149,0.93913877,-0.32872429,0
2.0754097,-1.4302373,-0.41395593,-0.099794149,-0.93913877,0.32872429,0
1.3349013,0.66028035,-0.75044566,0.099794149,0.93913877,-0.32872429,0
-0.99645352,1.3677455,0.56297123,0.099794149,0.93913877,-0.32872429,0
-1.4727113,-0.5650844,0.35844767,-0.45130327,-0.25171423,-0.85613394,0
-1.2449101,-0.44297627,0.20246303,-0.45130327,-0.25171423,-0.85613394,0
2.1881189,-1.4536784,-0.55121279,0.88677311,-0.23379156,-0.39871681,0
-1.7269635,1.5699081,0.91876531,0.099794149,0.93913877,-0.32872429,0
1.2811394,-1.4125489,-0.60454655,-0.099794149,-0.93913877,0.32872429,0
-2.2504768,-0.32599223,1.4275298,-0.099794149,-0.93913877,0.32872429,0
-1.7479558,0.82088733,1.2640886,0.45130327,0.25171423,0.85613394,0
-2.044755,1.1139312,1.0692773,-0.88677311,0.23379156,0.39871681,0
-2.2941265,0.26077294,1.0149162,-0.88677311,0.23379156,0.39871681,0
-2.2199667,1.4518766,0.48143768,-0.88677311,0.23379156,0.39871681,0
-2.3023829,0.26772952,0.99247432,-0.88677311,0.23379156,0.39871681,0
2.3131754,0.023155332,-1.139034,0.88677311,-0.23379156,-0.39871681,0
0.62712306,-0.033026084,0.26314861,0.45130327,0.25171423,0.85613394,0
2.2933953,0.1584512,-1.2623587,0.88677311,-0.23379156,-0.39871681,0
1.1182775,-0.018717229,3.4093857e-05,0.45130327,0.25171423,0.85613394,0
-2.2231331,1.2306925,0.60408854,-0.88677311,0.23379156,0.39871681,0
1.5649862,-1.5188597,-0.82209754,-0.099794149,-0.93913877,0.32872429,0
-2.0616102,1.4092157,0.85864758,-0.88677311,0.23379156,0.39871681,0
2.0281298,-0.36592889,-1.5448513,0.88677311,-0.23379156,-0.39871681,0
2.1544285,0.29163742,-1.5548369,0.099794149,0.93913877,-0.32872429,0
-0.84249943,0.92549723,-0.4120127,-0.45130327,-0.25171423,-0.85613394,0
-2.2848926,1.3286604,0.40928626,-0.88677311,0.23379156,0.39871681,0
0.72707105,-0.5687201,0.3679629,0.45130327,0.25171423,0.85613394,0
-0.16937923,-1.0599689,-0.037602782,-0.099794149,-0.93913877,0.32872429,0
-2.2166686,-0.39760837,0.70137799,-0.45130327,-0.25171423,-0.85613394,0
2.0154977,-1.3516051,-0.20749784,-0.099794149,-0.93913877,0.32872429,0
-1.6974471,1.015838,1.1801453,0.45130327,0.25171423,0.85613394,0
1.8918678,-0.57648897,-1.4118066,-0.45130327,-0.25171423,-0.85613394,0
0.41383094,-0.90039861,-0.53743947,-0.45130327,-0.25171423,-0.85613394,0
-2.1053541,0.14458001,1.5028895,-0.88677311,0.23379156,0.39871681,0
1.3870564,-1.3232728,-0.31733751,-0.099794149,-0.93913877,0.32872429,0
0.93824339,-1.0030696,-0.78369212,-0.45130327,-0.25171423,-0.85613394,0
-2.0057168,0.63623917,1.4362009,-0.88677311,0.23379156,0.39871681,0
2.0030782,-1.0352149,-1.2081256,0.88677311,-0.23379156,-0.39871681,0
-2.3226919,0.80176693,0.63416743,-0.88677311,0.23379156,0.39871681,0
2.070926,-0.313398,-1.4804718,0.88677311,-0.23379156,-0.39871681,0
-2.1741562,-0.15797591,1.5272763,-0.88677311,0.23379156,0.39871681,0
-0.6682359,1.0849993,-0.14517105,0.099794149,0.93913877,-0.32872429,0
-0.069223106,-1.0259308,0.09004724,-0.099794149,-0.93913877,0.32872429,0
-2.1608391,0.13615382,1.3844285,-0.88677311,0.23379156,0.39871681,0
-1.3326498,-0.48670289,0.26157045,-0.45130327,-0.25171423,-0.85613394,0
-0.37081775,-0.21205807,-0.3261998,-0.45130327,-0.25171423,-0.85613394,0
1.7656562,0.049616575,-1.5293585,-0.45130327,-0.25171423,-0.85613394,0
-0.82104629,1.2054496,0.66241038,0.45130327,0.25171423,0.85613394,0
2.3965883,-0.49814513,-0.64784884,0.88677311,-0.23379156,-0.39871681,0
2.1902151,-1.2396774,-0.67203236,0.88677311,-0.23379156,-0.39871681,0
1.0117011,0.34401143,-0.050432026,0.45130327,0.25171423,0.85613394,0
-2.4638662,0.19995993,0.67306209,-0.88677311,0.23379156,0.39871681,0
-1.0076778,0.99830759,-0.34634769,-0.45130327,-0.25171423,-0.85613394,0
-2.2531607,0.12052846,1.1882603,-0.88677311,0.23379156,0.39871681,0
-2.150851,0.43620157,1.2307062,-0.88677311,0.23379156,0.39871681,0
-1.8987253,0.073417902,0.3952893,-0.45130327,-0.25171423,-0.85613394,0
-2.0691409,0.013312817,1.6604003,-0.88677311,0.23379156,0.39871681,0
2.4745767,0.21296299,-0.89136219,0.88677311,-0.23379156,-0.39871681,0
-0.24736392,1.1118332,0.059259653,0.099794149,0.93913877,-0.32872429,0
2.2864325,-0.078437328,-1.1389427,0.88677311,-0.23379156,-0.39871681,0
2.1868989,0.10235751,-1.4663228,0.88677311,-0.23379156,-0.39871681,0
0.76531857,0.88175017,-0.29063872,0.099794149,0.93913877,-0.32872429,0
0.55485433,-0.76966125,0.51782459,0.45130327,0.25171423,0.85613394,0
1.8161972,0.42545196,-0.49845946,0.45130327,0.25171423,0.85613394,0
-1.3066533,-0.65512645,0.77374607,-0.099794149,-0.93913877,0.32872429,0
0.46479672,0.73498905,-0.80115592,0.099794149,0.93913877,-0.32872429,0
2.3221972,-0.56096154,-0.77646637,0.88677311,-0.23379156,-0.39871681,0
0.48002857,-1.0237695,0.26296353,-0.099794149,-0.93913877,0.32872429,0
2.0674644,-1.3158584,-0.90036774,0.88677311,-0.23379156,-0.39871681,0
-2.4027004,0.45259503,0.66096377,-0.88677311,0.23379156,0.39871681,0
2.0599778,-1.5323476,-0.71036148,-0.099794149,-0.93913877,0.32872429,0
1.0695869,-1.3266659,-0.75778699,-0.45130327,-0.25171423,-0.85613394,0
1.5559582,-0.23113823,-1.3362726,-0.45130327,-0.25171423,-0.85613394,0
2.3617182,-0.28332448,-0.8513639,0.88677311,-0.23379156,-0.39871681,0
1.9880469,-1.4339004,-1.0077832,0.88677311,-0.23379156,-0.39871681,0
-0.53416318,1.0140011,-0.30730534,0.099794149,0.93913877,-0.32872429,0
-2.0455947,0.74881762,1.2814982,-0.88677311,0.23379156,0.39871681,0
0.24987286,-0.91350466,0.50811076,-0.099794149,-0.93913877,0.32872429,0
0.92374247,-1.0158828,0.39576066,0.45130327,0.25171423,0.85613394,0
-1.698559,0.43549564,0.18331814,-0.45130327,-0.25171423,-0.85613394,0
0.70948392,0.40813178,0.090026826,0.45130327,0.25171423,0.85613394,0
0.40133321,-1.2224131,-0.32843518,-0.099794149,-0.93913877,0.32872429,0
-0.55115384,-0.46118671,1.0101514,0.45130327,0.25171423,0.85613394,0
2.4642024,-0.12731093,-0.71491218,0.88677311,-0.23379156,-0.39871681,0
-2.4928803,-0.25250721,0.87384033,-0.88677311,0.23379156,0.39871681,0
-2.2458601,1.0690013,0.64835095,-0.88677311,0.23379156,0.39871681,0
-2.1459708,-0.1441704,1.5818671,-0.88677311,0.23379156,0.39871681,0
0.43437496,-1.0931572,-0.49159551,-0.45130327,-0.25171423,-0.85613394,0
2.3392065,-0.11848319,-0.99808812,0.88677311,-0.23379156,-0.39871681,0
-1.2470831,0.51436156,-0.077861071,-0.45130327,-0.25171423,-0.85613394,0
1.9233978,-0.2009871,-1.5388297,-0.45130327,-0.25171423,-0.85613394,0
-1.6389966,1.2171626,1.0901418,0.45130327,0.25171423,0.85613394,0
-1.7179559,0.61282951,0.14140439,-0.45130327,-0.25171423,-0.85613394,0
1.3633353,-1.3469958,-0.39231396,-0.099794149,-0.93913877,0.32872429,0
2.3037226,0.53140497,-0.82451737,0.099794149,0.93913877,-0.32872429,0
1.2915279,0.16966191,-0.14667928,0.45130327,0.25171423,0.85613394,0
1.5973001,0.24937698,-0.33130157,0.45130327,0.25171423,0.85613394,0
1.7058163,-1.3422493,-0.27478313,-0.099794149,-0.93913877,0.32872429,0
0.25781685,-1.1488147,-0.16173929,-0.099794149,-0.93913877,0.32872429,0
2.1008263,-0.89578855,-1.0724812,0.88677311,-0.23379156,-0.39871681,0
-1.6907461,1.0095432,1.1784639,0.45130327,0.25171423,0.85613394,0
2.4098718,-0.24524212,-0.76659727,0.88677311,-0.23379156,-0.39871681,0
2.1830082,-1.096897,-0.77178144,0.88677311,-0.23379156,-0.39871681,0
2.1102543,0.28068233,-1.5995455,0.099794149,0.93913877,-0.32872429,0
1.9216084,0.29367352,-1.6196994,0.099794149,0.93913877,-0.32872429,0
2.1762733,-1.4643619,-0.57129359,0.88677311,-0.23379156,-0.39871681,0
-0.81948262,-0.38277605,-0.039496899,-0.45130327,-0.25171423,-0.85613394,0
-2.4285815,0.30099493,0.6922946,-0.88677311,0.23379156,0.39871681,0
2.0481095,-1.2189125,-1.0002596,0.88677311,-0.23379156,-0.39871681,0
0.34418288,0.020244777,-0.77140588,-0.45130327,-0.25171423,-0.85613394,0
-2.32446,0.30131537,0.92368007,-0.88677311,0.23379156,0.39871681,0
2.1286867,-1.2116808,-0.18184757,0.45130327,0.25171423,0.85613394,0
2.1328082,-0.055269241,-1.4941977,0.88677311,-0.23379156,-0.39871681,0
2.1850204,-0.1775701,-1.3063622,0.88677311,-0.23379156,-0.39871681,0
-2.2740865,0.53621453,0.89797807,-0.88677311,0.23379156,0.39871681,0
-0.51725268,0.9871136,-0.37898731,0.099794149,0.93913877,-0.32872429,0
0.74589634,-1.1164167,0.078990221,-0.099794149,-0.93913877,0.32872429,0
-1.9970009,1.0245794,0.16744089,-0.45130327,-0.25171423,-0.85613394,0
-0.66802973,1.3164893,0.51623976,0.099794149,0.93913877,-0.32872429,0
-1.9815071,1.072933,1.2339852,-0.88677311,0.23379156,0.39871681,0
-0.85328484,-0.65269655,0.91832161,-0.099794149,-0.93913877,0.32872429,0
-0.51334476,-0.70760071,0.86466384,-0.099794149,-0.93913877,0.32872429,0
2.1397727,-0.10859358,-1.447441,0.88677311,-0.23379156,-0.39871681,0
-2.0574553,0.32927072,1.5011249,-0.88677311,0.23379156,0.39871681,0
-0.022706121,0.78115457,0.36632073,0.45130327,0.25171423,0.85613394,0
0.26246563,-0.71422201,-0.51238686,-0.45130327,-0.25171423,-0.85613394,0
-1.1060214,1.1987936,0.047026992,0.099794149,0.93913877,-0.32872429,0
-1.5475254,1.4844666,0.7291398,0.099794149,0.93913877,-0.32872429,0
-2.0843904,-0.47946239,1.0394979,-0.099794149,-0.93913877,0.32872429,0
-2.1702762,-0.063089132,1.4802675,-0.88677311,0.23379156,0.39871681,0
0.15261465,0.93656015,-0.32005602,0.099794149,0.93913877,-0.32872429,0
-2.3373609,0.093308151,1.0169549,-0.88677311,0.23379156,0.39871681,0
-1.3298767,1.4784846,0.77812386,0.099794149,0.93913877,-0.32872429,0
-0.24494958,-0.79497176,0.6965313,-0.099794149,-0.93913877,0.32872429,0
-0.81992722,1.2823468,0.63921165,0.45130327,0.25171423,0.85613394,0
0.25124291,0.12710571,0.41420969,0.45130327,0.25171423,0.85613394,0
-2.0707669,0.56782007,1.3316426,-0.88677311,0.23379156,0.39871681,0
2.196466,-1.3681992,-0.58276939,0.88677311,-0.23379156,-0.39871681,0
2.3915524,0.068383455,-0.69677019,0.45130327,0.25171423,0.85613394,0
-1.5827405,1.4745898,0.69023204,0.099794149,0.93913877,-0.32872429,0
0.36494866,0.031093359,-0.78554201,-0.45130327,-0.25171423,-0.85613394,0
1.9834455,0.5841307,-0.77111435,0.099794149,0.93913877,-0.32872429,0
-2.0756214,0.61938941,1.2906079,-0.88677311,0.23379156,0.39871681,0
0.48159516,0.75227755,-0.74666435,0.099794149,0.93913877,-0.32872429,0
0.1664381,0.73482561,-0.88780522,-0.45130327,-0.25171423,-0.85613394,0
-2.4785438,-0.1598469,0.85139418,-0.88677311,0.23379156,0.39871681,0
0.36468619,1.0339619,0.022593796,0.099794149,0.93913877,-0.32872429,0
0.66307294,0.92015529,-0.036049426,0.45130327,0.25171423,0.85613394,0
-0.54927081,-0.44998372,1.0058649,0.45130327,0.25171423,0.85613394,0
-2.4431887,0.088458657,0.78442955,-0.88677311,0.23379156,0.39871681,0
2.2827597,-0.97642076,-0.62056923,0.88677311,-0.23379156,-0.39871681,0
2.3244071,-0.11300004,-1.0342178,0.88677311,-0.23379156,-0.39871681,0
-1.8061879,-0.47158283,1.1464665,-0.099794149,-0.93913877,0.32872429,0
-0.31729531,0.26016718,0.67478764,0.45130327,0.25171423,0.85613394,0
-0.47292596,-0.69940031,0.90036213,-0.099794149,-0.93913877,0.32872429,0
2.2364249,-0.55431032,-0.97112966,0.88677311,-0.23379156,-0.39871681,0
-0.11123347,-0.88197184,0.48857275,-0.099794149,-0.93913877,0.32872429,0
-0.24682671,-0.85230047,0.53217793,-0.099794149,-0.93913877,0.32872429,0
0.39794847,-0.38058704,0.48614326,0.45130327,0.25171423,0.85613394,0
-1.9896408,1.3638134,1.0453341,-0.88677311,0.23379156,0.39871681,0
-1.6511009,1.4276961,0.53550768,0.099794149,0.93913877,-0.32872429,0
1.3204852,0.242697,-1.3514588,-0.45130327,-0.25171423,-0.85613394,0
-0.61254758,0.98504758,-0.41381919,0.099794149,0.93913877,-0.32872429,0
-2.1168134,0.033493996,1.5425402,-0.88677311,0.23379156,0.39871681,0
-2.0408027,1.2228703,1.01419,-0.88677311,0.23379156,0.39871681,0
-2.4181857,-0.37452757,1.1115146,-0.88677311,0.23379156,0.39871681,0
1.6397218,-1.469679,-0.65890384,-0.099794149,-0.93913877,0.32872429,0
0.10699558,0.79106474,-0.74957347,0.099794149,0.93913877,-0.32872429,0
-2.0836129,0.62850797,1.2674873,-0.88677311,0.23379156,0.39871681,0
0.53037941,-1.215225,-0.26872373,-0.099794149,-0.93913877,0.32872429,0
-1.0017139,-0.48664165,1.255144,0.45130327,0.25171423,0.85613394,0
2.0736144,-0.52278757,-1.3517151,0.88677311,-0.23379156,-0.39871681,0
-2.2674143,1.0514925,0.61067963,-0.88677311,0.23379156,0.39871681,0
-0.65862179,-0.80218649,-0.00098118186,-0.45130327,-0.25171423,-0.85613394,0
2.1491244,-0.12976956,-1.4142258,0.88677311,-0.23379156,-0.39871681,0
-0.82633644,1.0672464,0.70583272,0.45130327,0.25171423,0.85613394,0
0.11244792,-1.0145856,0.17761099,-0.099794149,-0.93913877,0.32872429,0
2.2953269,-0.48157668,-0.88277578,0.88677311,-0.23379156,-0.39871681,0
1.9700599,-1.4763091,-1.0229206,0.88677311,-0.23379156,-0.39871681,0
2.0796854,-1.2573482,-0.9074955,0.88677311,-0.23379156,-0.39871681,0
2.0725019,-1.3857104,-0.8482058,0.88677311,-0.23379156,-0.39871681,0
2.3397818,-1.1883414,-0.36948633,0.88677311,-0.23379156,-0.39871681,0
2.4118392,0.36780477,-1.1216879,0.88677311,-0.23379156,-0.39871681,0
2.3002987,-1.0439215,-0.5419817,0.88677311,-0.23379156,-0.39871681,0
0.58993471,-0.31071219,0.36439538,0.45130327,0.25171423,0.85613394,0
2.1250138,-1.1858109,-0.848629,0.88677311,-0.23379156,-0.39871681,0
1.7096143,0.44789976,-1.2434448,0.099794149,0.93913877,-0.32872429,0
-0.33936036,1.0040833,-0.27650172,0.099794149,0.93913877,-0.32872429,0
-0.18899113,0.72903514,-0.69874138,-0.45130327,-0.25171423,-0.85613394,0
0.49389613,-1.1565907,-0.11228609,-0.099794149,-0.93913877,0.32872429,0
2.3057044,-0.71901929,-0.72046876,0.88677311,-0.23379156,-0.39871681,0
2.4205372,-0.11568159,-0.81884575,0.88677311,-0.23379156,-0.39871681,0
1.662416,-0.92249495,-0.021081448,0.45130327,0.25171423,0.85613394,0
-2.132401,1.0905849,0.21940947,-0.45130327,-0.25171423,-0.85613394,0
-0.86962306,-0.9083544,0.14146093,-0.45130327,-0.25171423,-0.85613394,0
2.2207119,-0.81123137,-0.85542822,0.88677311,-0.23379156,-0.39871681,0
2.0258453,0.60979891,-0.68491042,0.099794149,0.93913877,-0.32872429,0
-2.4012923,-0.14469224,1.0143204,-0.88677311,0.23379156,0.39871681,0
-1.0365931,1.4124299,0.67844558,0.099794149,0.93913877,-0.32872429,0
0.0011447668,0.65102375,-0.77603352,-0.45130327,-0.25171423,-0.85613394,0
1.6797111,-1.5034864,-0.7433486,-0.099794149,-0.93913877,0.32872429,0
-2.0764093,1.3933976,0.83500838,-0.88677311,0.23379156,0.39871681,0
2.3489223,-0.46812403,-0.77146411,0.88677311,-0.23379156,-0.39871681,0
0.73204178,-1.0266021,0.33137727,-0.099794149,-0.93913877,0.32872429,0
0.57541406,0.62549549,-1.0712489,-0.45130327,-0.25171423,-0.85613394,0
2.0504274,-0.26842451,-1.5524328,0.88677311,-0.23379156,-0.39871681,0
2.0753462,0.040432215,-1.678113,0.88677311,-0.23379156,-0.39871681,0
2.150672,0.16788006,-1.585314,0.88677311,-0.23379156,-0.39871681,0
-2.4045129,0.32078326,0.7342217,-0.88677311,0.23379156,0.39871681,0
-1.9248459,1.4215242,0.43477106,0.099794149,0.93913877,-0.32872429,0
-2.2144032,1.4046222,0.52151895,-0.88677311,0.23379156,0.39871681,0
-1.080143,0.099640369,1.1241128,0.45130327,0.25171423,0.85613394,0
2.3275087,-0.49605405,-0.80271244,0.88677311,-0.23379156,-0.39871681,0
0.20340016,-0.11964148,-0.65606523,-0.45130327,-0.25171423,-0.85613394,0
0.3832745,-1.0065244,0.28285897,-0.099794149,-0.93913877,0.32872429,0
-2.3685093,-0.1384244,1.0835569,-0.88677311,0.23379156,0.39871681,0
-1.5206827,-0.39977217,0.33513153,-0.45130327,-0.25171423,-0.85613394,0
-1.7713387,-0.47272682,0.48871231,-0.45130327,-0.25171423,-0.85613394,0
0.3530767,0.79287261,-0.66970307,0.099794149,0.93913877,-0.32872429,0
1.9236746,-1.4141041,-0.41392827,-0.099794149,-0.93913877,0.32872429,0
1.7178407,-1.395457,-0.42314196,-0.099794149,-0.93913877,0.32872429,0
-2.3683314,0.31121624,0.82030082,-0.88677311,0.23379156,0.39871681,0
1.2653041,0.76273811,-0.47886097,0.099794149,0.93913877,-0.32872429,0
-1.0198393,1.0840955,-0.25449312,0.099794149,0.93913877,-0.32872429,0
-1.9162481,1.6141777,1.0617609,-0.88677311,0.23379156,0.39871681,0
-1.9033968,-0.44911325,1.1811491,-0.099794149,-0.93913877,0.32872429,0
2.037379,-1.3574873,-0.94287062,0.88677311,-0.23379156,-0.39871681,0
-2.2293706,0.94741529,0.75631809,-0.88677311,0.23379156,0.39871681,0
0.81302309,0.73444957,-0.69698256,0.099794149,0.93913877,-0.32872429,0
-0.76280409,1.1016873,-0.12620366,0.099794149,0.93913877,-0.32872429,0
1.883312,-0.789235,-0.17670512,0.45130327,0.25171423,0.85613394,0
-1.2132096,0.096869335,0.027030826,-0.45130327,-0.25171423,-0.85613394,0
-1.5441984,-0.40162528,1.4258641,-0.099794149,-0.93913877,0.32872429,0
-1.2943449,1.1596304,-0.12203026,0.099794149,0.93913877,-0.32872429,0
-0.99871367,1.3688054,0.56531334,0.099794149,0.93913877,-0.32872429,0
1.2962894,-0.64913213,0.091546655,0.45130327,0.25171423,0.85613394,0
1.9465199,0.6137917,-0.69758475,0.099794149,0.93913877,-0.32872429,0
0.61854237,0.93172389,-0.19242603,0.099794149,0.93913877,-0.32872429,0
-1.74313,1.4773308,1.068542,0.45130327,0.25171423,0.85613394,0
-0.82103229,0.20918475,-0.21272409,-0.45130327,-0.25171423,-0.85613394,0
2.2072287,-1.1312089,-0.69779372,0.88677311,-0.23379156,-0.39871681,0
-2.3602772,0.85566521,0.51897168,-0.88677311,0.23379156,0.39871681,0
-2.3830547,0.27994603,0.58987737,-0.45130327,-0.25171423,-0.85613394,0
-1.4206424,1.4732165,0.73551846,0.099794149,0.93913877,-0.32872429,0
2.3507345,0.37976861,-1.2434589,0.099794149,0.93913877,-0.32872429,0
-1.3402576,-0.69552052,0.64814168,-0.099794149,-0.93913877,0.32872429,0
1.9816442,-1.5157245,-0.97404456,0.88677311,-0.23379156,-0.39871681,0
-2.1788101,1.3879154,0.26165485,0.099794149,0.93913877,-0.32872429,0
2.2629902,-0.38663539,-0.49521828,0.45130327,0.25171423,0.85613394,0
0.37208933,0.90474784,-0.34431279,0.099794149,0.93913877,-0.32872429,0
0.96503997,0.53022432,-1.2342881,0.099794149,0.93913877,-0.32872429,0
-0.23701245,0.95701104,-0.37991256,0.099794149,0.93913877,-0.32872429,0
1.665377,-1.2624561,-0.059096336,-0.099794149,-0.93913877,0.32872429,0
1.2121923,0.037550107,-0.06601572,0.45130327,0.25171423,0.85613394,0
-2.2983673,0.57557952,0.82089448,-0.88677311,0.23379156,0.39871681,0
2.2886276,-0.25089294,-1.0329392,0.88677311,-0.23379156,-0.39871681,0
0.71694404,0.80038106,-0.53778946,0.099794149,0.93913877,-0.32872429,0
2.2845378,-0.83795714,-0.69780421,0.88677311,-0.23379156,-0.39871681,0
-1.3612988,0.5351752,-0.023772597,-0.45130327,-0.25171423,-0.85613394,0
-2.1497891,-0.12739515,1.5635384,-0.88677311,0.23379156,0.39871681,0
2.4393492,0.11583644,-0.91275978,0.88677311,-0.23379156,-0.39871681,0
2.0004511,-1.2524047,-1.0866172,0.88677311,-0.23379156,-0.39871681,0
-2.3945711,0.74869156,0.5054245,-0.88677311,0.23379156,0.39871681,0
0.50451463,0.6933946,-0.90793002,0.099794149,0.93913877,-0.32872429,0
-1.5512009,-0.47443897,1.2157158,-0.099794149,-0.93913877,0.32872429,0
1.2195631,-1.3551649,-0.45929813,-0.099794149,-0.93913877,0.32872429,0
2.094106,-1.2644928,-0.87123394,0.88677311,-0.23379156,-0.39871681,0
0.90931535,0.60363007,-1.0414906,0.099794149,0.93913877,-0.32872429,0
2.1164911,-1.1436884,-0.8922832,0.88677311,-0.23379156,-0.39871681,0
-0.37354451,-0.63002145,-0.20187587,-0.45130327,-0.25171423,-0.85613394,0
-0.5824483,0.86667365,0.63624012,0.45130327,0.25171423,0.85613394,0
-0.31139791,-1.0417353,-0.028624475,-0.099794149,-0.93913877,0.32872429,0
2.1196198,-0.080991745,-1.5084467,0.88677311,-0.23379156,-0.39871681,0
2.096565,-0.79704803,-1.1398559,0.88677311,-0.23379156,-0.39871681,0
2.3844171,0.42512059,-1.1036664,0.099794149,0.93913877,-0.32872429,0
-2.3301134,0.29016393,0.9176445,-0.88677311,0.23379156,0.39871681,0
-2.2174737,0.73521638,0.90720201,-0.88677311,0.23379156,0.39871681,0
0.45437688,-1.1095548,0.010094762,-0.099794149,-0.93913877,0.32872429,0
-2.1589737,-0.25602376,1.6185337,-0.88677311,0.23379156,0.39871681,0
-1.6379848,1.221716,1.0882697,0.45130327,0.25171423,0.85613394,0
1.2683628,-0.60382199,-1.0750955,-0.45130327,-0.25171423,-0.85613394,0
2.4922156,0.36142087,-0.9391818,0.88677311,-0.23379156,-0.39871681,0
2.3390179,-0.34378856,-0.86639786,0.88677311,-0.23379156,-0.39871681,0
-1.8420585,-0.11017597,0.41939688,-0.45130327,-0.25171423,-0.85613394,0
2.4111636,-0.28776479,-0.73879051,0.88677311,-0.23379156,-0.39871681,0
-1.4081677,-0.63292092,0.34436893,-0.45130327,-0.25171423,-0.85613394,0
1.2447755,-0.78087163,-1.0106069,-0.45130327,-0.25171423,-0.85613394,0
-0.87821782,-0.49441493,1.1923298,0.45130327,0.25171423,0.85613394,0
-0.92348295,1.1757942,0.036734462,0.099794149,0.93913877,-0.32872429,0
-2.0484393,-0.53785229,0.88359702,-0.099794149,-0.93913877,0.32872429,0
0.43018502,-0.0016067922,0.35772508,0.45130327,0.25171423,0.85613394,0
-0.32722276,-1.0524266,-0.063972861,-0.099794149,-0.93913877,0.32872429,0
1.9536767,-1.4396179,-1.0808721,0.88677311,-0.23379156,-0.39871681,0
-2.3083096,0.19850349,1.0198839,-0.88677311,0.23379156,0.39871681,0
2.1953757,-1.4362385,-0.39468193,-0.099794149,-0.93913877,0.32872429,0
-1.755085,0.19108367,1.4530168,0.45130327,0.25171423,0.85613394,0
-0.19615161,-0.64654678,0.87751329,0.45130327,0.25171423,0.85613394,0
-0.2045213,0.93871808,-0.42231005,0.099794149,0.93913877,-0.32872429,0
1.3199279,-1.2011491,-0.92665577,-0.45130327,-0.25171423,-0.85613394,0
-2.0987062,1.0876857,0.20249963,-0.45130327,-0.25171423,-0.85613394,0
