2.3127143,-3.2202072,-0.028517962,0.55150187,0.24786627,-0.7964974,0
0.53181458,-1.6619751,-0.32109988,-0.50860643,-0.6569072,-0.55659008,0
-2.6554186,3.5007176,-1.0648689,-0.66118479,0.71206409,-0.23621917,0
-2.0487933,3.0579104,0.059767485,0.50860643,0.6569072,0.55659008,0
-2.6718788,3.4532003,-1.1620331,-0.66118479,0.71206409,-0.23621917,0
-1.3978002,1.5985024,-1.0981512,0.55150187,0.24786627,-0.7964974,0
-0.10674515,0.42429662,0.68587637,-0.55150187,-0.24786627,0.7964974,0
-2.6360145,3.4449904,-1.2871675,-0.66118479,0.71206409,-0.23621917,0
-1.4123993,2.3082869,-0.88737822,0.55150187,0.24786627,-0.7964974,0
0.85346866,0.57423353,0.33903274,0.50860643,0.6569072,0.55659008,0
0.60833973,-0.13249838,-0.24776153,0.55150187,0.24786627,-0.7964974,0
-3.3425045,2.8759935,-1.0248775,-0.66118479,0.71206409,-0.23621917,0
-3.2158036,2.7246549,-1.8357148,-0.66118479,0.71206409,-0.23621917,0
1.9214879,-3.6012764,0.69786215,-0.50860643,-0.6569072,-0.55659008,0
0.93356586,0.15971552,0.75506967,0.50860643,0.6569072,0.55659008,0
-2.9617701,3.0175762,-1.6637735,-0.66118479,0.71206409,-0.23621917,0
-2.6567218,3.5030243,-1.0542688,-0.66118479,0.71206409,-0.23621917,0
-1.2733574,0.40019605,-1.1053987,-0.50860643,-0.6569072,-0.55659008,0
3.2590413,-2.6285818,1.9209204,0.50860643,0.6569072,0.55659008,0
1.8817858,-2.1405907,1.2645719,-0.55150187,-0.24786627,0.7964974,0
-0.16233534,1.4178201,0.27163368,0.50860643,0.6569072,0.55659008,0
1.3065481,-1.2568935,-0.11422241,0.55150187,0.24786627,-0.7964974,0
-2.4340463,3.7832541,-0.83281374,-0.66118479,0.71206409,-0.23621917,0
1.5669436,-2.9576921,0.79229403,-0.55150187,-0.24786627,0.7964974,0
2.8901629,-3.2320647,1.2176461,0.66118479,-0.71206409,0.23621917,0
1.0463674,-0.26037097,0.015739322,0.55150187,0.24786627,-0.7964974,0
-1.9953634,0.76348448,-0.51626611,-0.55150187,-0.24786627,0.7964974,0
-1.8577285,3.6186385,-0.77661705,0.50860643,0.6569072,0.55659008,0
-2.2868316,1.5171206,-1.49753,-0.50860643,-0.6569072,-0.55659008,0
2.3812389,-1.3855877,0.58985424,0.55150187,0.24786627,-0.7964974,0
-0.49419582,1.6087151,0.34958339,0.50860643,0.6569072,0.55659008,0
3.0323174,-3.2390089,0.79881811,0.66118479,-0.71206409,0.23621917,0
0.66924095,-0.6666159,0.88368905,-0.55150187,-0.24786627,0.7964974,0
-2.490603,3.7037451,-0.91418457,-0.66118479,0.71206409,-0.23621917,0
-0.59277701,2.0343308,-0.40511811,0.55150187,0.24786627,-0.7964974,0
3.2918403,-3.0136967,0.75159216,0.66118479,-0.71206409,0.23621917,0
2.3797324,-3.7736056,1.0139251,0.66118479,-0.71206409,0.23621917,0
-3.1339984,2.1555002,-1.4768362,-0.50860643,-0.6569072,-0.55659008,0
1.4954846,-3.0995629,0.4950006,-0.50860643,-0.6569072,-0.55659008,0
-2.5286353,3.6963801,-0.82993078,-0.66118479,0.71206409,-0.23621917,0
-3.3779747,2.9023199,-0.84623623,-0.66118479,0.71206409,-0.23621917,0
2.709594,-3.5289433,0.82814646,0.66118479,-0.71206409,0.23621917,0
-1.4035547,2.7866895,-0.73237753,0.55150187,0.24786627,-0.7964974,0
3.2387338,-2.5296497,1.8227139,0.50860643,0.6569072,0.55659008,0
2.7944479,-1.8636776,1.4426949,0.50860643,0.6569072,0.55659008,0
3.4301019,-2.5923185,1.6348052,0.66118479,-0.71206409,0.23621917,0
2.6404958,-3.6808465,0.56365585,0.66118479,-0.71206409,0.23621917,0
-2.7491889,2.641973,-0.45364475,-0.55150187,-0.24786627,0.7964974,0
2.3455982,-3.8965673,0.73880911,0.66118479,-0.71206409,0.23621917,0
-1.897854,3.3956854,-0.47681355,0.50860643,0.6569072,0.55659008,0
2.5621629,-3.7092006,0.69743919,0.66118479,-0.71206409,0.23621917,0
1.9249462,-0.51021385,0.63983035,0.50860643,0.6569072,0.55659008,0
-2.9898536,3.160856,-1.1532617,-0.66118479,0.71206409,-0.23621917,0
1.1040653,-2.2982037,-0.093116999,-0.50860643,-0.6569072,-0.55659008,0
-1.5221722,2.1626453,-1.0087087,0.55150187,0.24786627,-0.7964974,0
3.0522406,-2.9500067,1.6142273,0.66118479,-0.71206409,0.23621917,0
-2.6456409,3.7296212,-0.40222597,-0.66118479,0.71206409,-0.23621917,0
2.2922168,-1.5219238,1.4982784,0.50860643,0.6569072,0.55659008,0
1.5804827,-2.9006174,0.18252754,-0.50860643,-0.6569072,-0.55659008,0
-2.7690706,3.458997,-0.87251806,-0.66118479,0.71206409,-0.23621917,0
0.42868811,-1.621169,-0.27502453,-0.50860643,-0.6569072,-0.55659008,0
0.94479668,0.14390306,0.76346934,0.50860643,0.6569072,0.55659008,0
-2.1825678,3.5029535,-1.0488749,0.55150187,0.24786627,-0.7964974,0
0.27286559,-1.6535614,-0.094405055,-0.50860643,-0.6569072,-0.55659008,0
-1.1575435,2.7155325,-0.3505609,0.50860643,0.6569072,0.55659008,0
2.08408,-3.3817923,1.0183859,-0.55150187,-0.24786627,0.7964974,0
1.5616069,-3.2148261,0.70858026,-0.55150187,-0.24786627,0.7964974,0
-3.2377365,3.0598676,-0.76385164,-0.66118479,0.71206409,-0.23621917,0
0.2811231,-1.1059793,-0.74822623,-0.50860643,-0.6569072,-0.55659008,0
3.0805159,-2.9651589,1.4894099,0.66118479,-0.71206409,0.23621917,0
-2.7413001,3.3526974,-1.27068,-0.66118479,0.71206409,-0.23621917,0
-1.644529,0.83168048,-1.2754793,-0.50860643,-0.6569072,-0.55659008,0
-1.9193906,3.1585472,-0.97382617,0.55150187,0.24786627,-0.7964974,0
-1.0835487,0.25131062,-0.044303477,-0.55150187,-0.24786627,0.7964974,0
-2.175384,1.1983268,-1.2231185,-0.50860643,-0.6569072,-0.55659008,0
-0.69362468,0.057078958,-1.0902576,0.55150187,0.24786627,-0.7964974,0
-2.8247967,3.4199388,-0.83427668,-0.66118479,0.71206409,-0.23621917,0
2.3375998,-2.7159529,1.4011316,-0.55150187,-0.24786627,0.7964974,0
2.4947858,-2.6513059,0.27458954,0.55150187,0.24786627,-0.7964974,0
1.4605675,-0.096526802,0.35352266,0.55150187,0.24786627,-0.7964974,0
-2.6578174,1.3846523,-0.78165054,-0.55150187,-0.24786627,0.7964974,0
3.588428,-2.6398976,1.0482216,0.66118479,-0.71206409,0.23621917,0
-3.1417458,2.8648355,-1.6204424,-0.66118479,0.71206409,-0.23621917,0
-3.0664103,2.1649835,-1.5497897,-0.50860643,-0.6569072,-0.55659008,0
0.64238656,-0.83048892,0.81409836,-0.55150187,-0.24786627,0.7964974,0
1.6577122,-0.53243941,0.35437357,0.55150187,0.24786627,-0.7964974,0
-1.6797134,0.23365976,-0.46258616,-0.55150187,-0.24786627,0.7964974,0
1.909314,-3.4792171,0.86705852,-0.55150187,-0.24786627,0.7964974,0
-1.9775083,0.69650769,-0.8116703,-0.50860643,-0.6569072,-0.55659008,0
-1.4938017,2.2997537,0.30909967,-0.55150187,-0.24786627,0.7964974,0
-1.1178011,1.9203745,0.45138466,-0.55150187,-0.24786627,0.7964974,0
-2.8682702,3.5213914,-0.40677261,-0.66118479,0.71206409,-0.23621917,0
-0.43526274,1.9396269,-0.32552552,0.55150187,0.24786627,-0.7964974,0
2.8231149,-3.580126,0.35611248,0.66118479,-0.71206409,0.23621917,0
0.54400659,0.4272576,-0.11811289,0.55150187,0.24786627,-0.7964974,0
2.9565609,-3.1581049,1.2547431,0.66118479,-0.71206409,0.23621917,0
-0.75125122,1.1052289,0.45151752,-0.55150187,-0.24786627,0.7964974,0
0.22286487,0.95268112,0.46861503,0.50860643,0.6569072,0.55659008,0
2.6660385,-3.6882172,0.46994305,0.66118479,-0.71206409,0.23621917,0
0.40455055,-1.5484338,-0.33881253,-0.50860643,-0.6569072,-0.55659008,0
3.2884202,-2.8535278,1.2439809,0.66118479,-0.71206409,0.23621917,0
-0.59581244,-0.0073987246,-1.0425968,0.55150187,0.24786627,-0.7964974,0
2.7549286,-3.4263711,1.0104494,0.66118479,-0.71206409,0.23621917,0
2.9025187,-3.3012915,0.97438335,0.66118479,-0.71206409,0.23621917,0
-1.9522557,0.94522965,-1.1282961,-0.50860643,-0.6569072,-0.55659008,0
2.968415,-3.3599575,0.6130929,0.66118479,-0.71206409,0.23621917,0
1.2167507,-0.26131588,0.13342035,0.55150187,0.24786627,-0.7964974,0
-1.8503523,3.2357037,-0.33140397,0.50860643,0.6569072,0.55659008,0
-2.4409494,1.229333,-1.0170419,-0.50860643,-0.6569072,-0.55659008,0
1.1847801,-2.6742287,0.27692437,-0.50860643,-0.6569072,-0.55659008,0
0.56733912,-0.21948522,-0.30322063,0.55150187,0.24786627,-0.7964974,0
0.39465213,-1.2227393,-0.71416348,-0.50860643,-0.6569072,-0.55659008,0
2.3006184,-3.6031938,0.35367966,-0.50860643,-0.6569072,-0.55659008,0
2.9245083,-3.2180712,1.1636949,0.66118479,-0.71206409,0.23621917,0
2.1800427,-3.2190318,1.1354816,-0.55150187,-0.24786627,0.7964974,0
-2.9833736,3.302325,-0.7449522,-0.66118479,0.71206409,-0.23621917,0
-2.4298329,3.6300366,-0.2672863,0.50860643,0.6569072,0.55659008,0
-0.050387979,-0.85873437,0.32562524,-0.55150187,-0.24786627,0.7964974,0
2.5840743,-1.7062017,0.63052583,0.55150187,0.24786627,-0.7964974,0
-2.5838132,1.940376,-1.7256925,-0.50860643,-0.6569072,-0.55659008,0
0.5504657,-0.45451748,0.86745209,-0.55150187,-0.24786627,0.7964974,0
0.41024992,-0.86616373,-0.61323392,0.55150187,0.24786627,-0.7964974,0
-2.1599545,1.5387915,-1.6390455,-0.50860643,-0.6569072,-0.55659008,0
-3.1697106,2.8663213,-1.5376883,-0.66118479,0.71206409,-0.23621917,0
-2.2653761,3.8859823,-0.98701525,0.55150187,0.24786627,-0.7964974,0
-2.5070491,3.7539012,-0.71695852,-0.66118479,0.71206409,-0.23621917,0
3.3765278,-2.8679297,0.95395231,0.66118479,-0.71206409,0.23621917,0
-2.0106549,1.5791433,-1.5285218,0.55150187,0.24786627,-0.7964974,0
3.3112674,-2.9837799,0.78739691,0.66118479,-0.71206409,0.23621917,0
1.8177398,-2.9156466,0.97903204,-0.55150187,-0.24786627,0.7964974,0
1.3885061,-0.055962995,0.59390116,0.50860643,0.6569072,0.55659008,0
-2.4883294,3.7073371,-0.90972042,-0.66118479,0.71206409,-0.23621917,0
1.3038499,-1.845342,0.95628381,-0.55150187,-0.24786627,0.7964974,0
2.706604,-3.4219587,0.18143034,0.55150187,0.24786627,-0.7964974,0
1.6652277,-3.3125064,0.59121418,-0.50860643,-0.6569072,-0.55659008,0
-3.2367172,2.7292867,-1.7632151,-0.66118479,0.71206409,-0.23621917,0
-0.053101718,0.0092879534,-0.66162622,0.55150187,0.24786627,-0.7964974,0
0.13758337,-0.43542671,0.58750969,-0.55150187,-0.24786627,0.7964974,0
-1.9834952,2.2638435,-1.2966406,0.55150187,0.24786627,-0.7964974,0
-0.23044819,1.0677298,0.74706316,0.50860643,0.6569072,0.55659008,0
-2.1359034,1.3634032,-1.4540243,-0.50860643,-0.6569072,-0.55659008,0
2.4030337,-3.7246032,1.0964174,0.66118479,-0.71206409,0.23621917,0
0.041157782,-0.46620974,-0.74433273,0.55150187,0.24786627,-0.7964974,0
0.30918261,-1.2741089,0.44533253,-0.55150187,-0.24786627,0.7964974,0
-3.2327597,2.7502885,-1.7109838,-0.66118479,0.71206409,-0.23621917,0
2.7580142,-1.52224,0.80821085,0.55150187,0.24786627,-0.7964974,0
-1.6496651,2.8688054,-0.081763744,0.50860643,0.6569072,0.55659008,0
1.8386261,-0.60878778,0.83504951,0.50860643,0.6569072,0.55659008,0
-3.1434317,1.9422772,-1.216562,-0.50860643,-0.6569072,-0.55659008,0
-2.6266108,1.788275,-1.5070691,-0.50860643,-0.6569072,-0.55659008,0
1.9226837,-3.5439017,0.85618639,-0.55150187,-0.24786627,0.7964974,0
-2.3387747,1.8636396,-1.6671808,0.55150187,0.24786627,-0.7964974,0
-0.58427244,2.0988622,-0.14659417,0.50860643,0.6569072,0.55659008,0
0.54004043,-0.53886557,-0.42151213,0.55150187,0.24786627,-0.7964974,0
1.7484958,-0.38742834,0.65615308,0.50860643,0.6569072,0.55659008,0
-0.036736608,-1.3770688,-0.13782001,-0.50860643,-0.6569072,-0.55659008,0
3.012531,-2.9521937,0.53944588,0.55150187,0.24786627,-0.7964974,0
1.2946539,-0.5070399,1.2120392,0.50860643,0.6569072,0.55659008,0
3.043896,-3.2940061,0.60062504,0.66118479,-0.71206409,0.23621917,0
3.2597065,-2.873636,1.2637372,0.66118479,-0.71206409,0.23621917,0
1.1544036,-0.74406815,-0.059979796,0.55150187,0.24786627,-0.7964974,0
-2.8418481,3.2858961,-1.1906104,-0.66118479,0.71206409,-0.23621917,0
-0.42171681,-0.71111971,-0.57200533,-0.50860643,-0.6569072,-0.55659008,0
2.3841512,-1.7092314,1.6353366,0.50860643,0.6569072,0.55659008,0
0.546094,-1.9899445,0.052933097,-0.50860643,-0.6569072,-0.55659008,0
3.0063782,-2.2818227,1.7425442,0.50860643,0.6569072,0.55659008,0
-0.41243488,1.1978164,0.71492988,-0.55150187,-0.24786627,0.7964974,0
-0.1778748,-0.65936828,-0.85590458,-0.50860643,-0.6569072,-0.55659008,0
2.0203252,-2.4568663,1.2620745,-0.55150187,-0.24786627,0.7964974,0
0.72206527,-0.88833737,-0.40423054,0.55150187,0.24786627,-0.7964974,0
-2.766783,1.6592968,-0.77163124,-0.55150187,-0.24786627,0.7964974,0
1.7152402,-0.41905344,0.42949152,0.55150187,0.24786627,-0.7964974,0
-1.0546738,2.3914897,-0.61379337,0.55150187,0.24786627,-0.7964974,0
2.4227598,-3.8278134,0.73008537,0.66118479,-0.71206409,0.23621917,0
-2.5809777,3.6803608,-0.73171234,-0.66118479,0.71206409,-0.23621917,0
1.0308865,-2.4731419,0.18022108,-0.50860643,-0.6569072,-0.55659008,0
-2.9542837,3.1090276,-1.4090567,-0.66118479,0.71206409,-0.23621917,0
2.987783,-3.2735858,0.819242,0.66118479,-0.71206409,0.23621917,0
-1.240082,2.2155857,0.31491697,0.50860643,0.6569072,0.55659008,0
3.1906135,-2.9360898,1.2688699,0.66118479,-0.71206409,0.23621917,0
0.97523755,-0.5924415,1.1186469,-0.55150187,-0.24786627,0.7964974,0
0.2911129,-0.32139111,0.72930223,-0.55150187,-0.24786627,0.7964974,0
-0.57735813,0.25635672,-0.94773936,0.55150187,0.24786627,-0.7964974,0
-0.74702984,-0.37269273,-0.005481869,-0.55150187,-0.24786627,0.7964974,0
-3.5286331,2.5717177,-1.4211125,-0.66118479,0.71206409,-0.23621917,0
0.64789295,-0.83778405,0.81564093,-0.55150187,-0.24786627,0.7964974,0
2.3288059,-3.8131657,1.037219,0.66118479,-0.71206409,0.23621917,0
-1.1924324,-0.2595084,-0.27866012,-0.55150187,-0.24786627,0.7964974,0
0.46945903,-0.19031185,-0.36191505,0.55150187,0.24786627,-0.7964974,0
-1.9144719,1.0711894,-1.3114846,-0.50860643,-0.6569072,-0.55659008,0
2.9253864,-3.0853,1.5614657,0.66118479,-0.71206409,0.23621917,0
1.5936134,-1.6043437,1.2319162,-0.55150187,-0.24786627,0.7964974,0
2.1401103,-3.55354,0.44174767,-0.50860643,-0.6569072,-0.55659008,0
-2.5520253,2.0656049,-0.49649,-0.55150187,-0.24786627,0.7964974,0
-3.0041907,3.3119595,-0.65764189,-0.66118479,0.71206409,-0.23621917,0
1.2823709,-2.6176951,0.12102389,-0.50860643,-0.6569072,-0.55659008,0
2.8417244,-2.2267354,1.8279872,0.50860643,0.6569072,0.55659008,0
3.2429538,-2.3549986,1.6127281,0.50860643,0.6569072,0.55659008,0
0.031420231,1.1413577,0.42087257,0.50860643,0.6569072,0.55659008,0
-2.8973064,3.4549294,-0.52584362,-0.66118479,0.71206409,-0.23621917,0
2.373966,-1.9923605,0.39599347,0.55150187,0.24786627,-0.7964974,0
-3.4333606,2.5831795,-1.6532326,-0.66118479,0.71206409,-0.23621917,0
-3.1039813,2.6481161,-1.9528909,0.55150187,0.24786627,-0.7964974,0
-0.88541234,0.46295497,0.15875053,-0.55150187,-0.24786627,0.7964974,0
-3.3495989,2.9329922,-0.83320189,-0.66118479,0.71206409,-0.23621917,0
3.091742,-3.0564051,1.1829319,0.66118479,-0.71206409,0.23621917,0
-0.13582408,-1.0762726,-0.40228495,-0.50860643,-0.6569072,-0.55659008,0
3.0174825,-3.1685715,0.47553825,0.55150187,0.24786627,-0.7964974,0
3.1153255,-3.0001876,1.2863846,0.66118479,-0.71206409,0.23621917,0
-1.489574,2.050879,-1.0209188,0.55150187,0.24786627,-0.7964974,0
1.3759441,-1.6695833,1.0608981,-0.55150187,-0.24786627,0.7964974,0
-2.530261,3.6508183,-0.96272182,-0.66118479,0.71206409,-0.23621917,0
2.5131919,-1.2872124,1.0193384,0.50860643,0.6569072,0.55659008,0
-1.3839599,1.4848289,0.13155425,-0.55150187,-0.24786627,0.7964974,0
3.2953544,-2.8671057,1.1836443,0.66118479,-0.71206409,0.23621917,0
-2.6241195,3.7621648,-0.36436462,-0.66118479,0.71206409,-0.23621917,0
0.74162126,-2.393574,0.39638472,-0.55150187,-0.24786627,0.7964974,0
-1.5259269,3.2482052,-0.67348766,0.55150187,0.24786627,-0.7964974,0
1.3869001,-2.3304219,-0.31354332,-0.50860643,-0.6569072,-0.55659008,0
-1.7306471,0.97456813,-0.2672857,-0.55150187,-0.24786627,0.7964974,0
1.9792916,-3.0403106,-0.017029285,-0.50860643,-0.6569072,-0.55659008,0
0.37895501,-1.8316934,0.01888907,-0.50860643,-0.6569072,-0.55659008,0
-0.46415663,0.17843765,-0.89360571,0.55150187,0.24786627,-0.7964974,0
-3.0750043,1.816584,-1.1307425,-0.50860643,-0.6569072,-0.55659008,0
3.1763699,-3.0962262,0.82601881,0.66118479,-0.71206409,0.23621917,0
-2.3765068,3.8414636,-0.81840086,-0.66118479,0.71206409,-0.23621917,0
1.5025977,-2.5333683,-0.17974257,-0.50860643,-0.6569072,-0.55659008,0
-2.991492,3.0452371,-1.4972005,-0.66118479,0.71206409,-0.23621917,0
1.9626482,-1.0023667,0.41927457,0.55150187,0.24786627,-0.7964974,0
-2.1176925,3.6538076,-0.58057213,0.50860643,0.6569072,0.55659008,0
2.927099,-1.9718139,0.78538156,0.55150187,0.24786627,-0.7964974,0
-1.7217833,2.7364004,-0.96837115,0.55150187,0.24786627,-0.7964974,0
2.7191458,-3.4531898,1.0297647,0.66118479,-0.71206409,0.23621917,0
-0.088788509,0.42039961,0.69709694,-0.55150187,-0.24786627,0.7964974,0
3.3066986,-2.9970124,0.7291832,0.55150187,0.24786627,-0.7964974,0
-2.2573214,3.9324968,-0.87759161,-0.66118479,0.71206409,-0.23621917,0
-2.6593099,3.4857893,-1.0989785,-0.66118479,0.71206409,-0.23621917,0
-2.5313227,2.1989799,-1.6961465,0.55150187,0.24786627,-0.7964974,0
1.8552668,-3.0650988,0.12555909,-0.50860643,-0.6569072,-0.55659008,0
1.2730188,0.25323656,0.33450425,0.50860643,0.6569072,0.55659008,0
-1.050874,0.029885605,-0.87164831,-0.50860643,-0.6569072,-0.55659008,0
-3.1577249,1.8857121,-1.1367419,-0.50860643,-0.6569072,-0.55659008,0
-1.0109401,-0.27266952,-0.55105346,-0.50860643,-0.6569072,-0.55659008,0
-0.82558703,2.3329811,-0.47337937,0.55150187,0.24786627,-0.7964974,0
3.2801893,-2.9507062,0.9740839,0.66118479,-0.71206409,0.23621917,0
1.5815134,-2.0678287,-0.176193,0.55150187,0.24786627,-0.7964974,0
-3.0042198,3.195785,-1.0077605,-0.66118479,0.71206409,-0.23621917,0
0.85195714,0.40717787,0.53757894,0.50860643,0.6569072,0.55659008,0
-2.2039165,1.2340896,-1.2392538,-0.50860643,-0.6569072,-0.55659008,0
-1.7292477,1.6733515,-1.3043559,0.55150187,0.24786627,-0.7964974,0
3.6206806,-2.5233123,1.3093839,0.66118479,-0.71206409,0.23621917,0
3.276269,-2.2753291,1.4882565,0.50860643,0.6569072,0.55659008,0
-1.2850654,1.2994733,-1.1131492,0.55150187,0.24786627,-0.7964974,0
2.6526728,-3.4808373,1.1324835,0.66118479,-0.71206409,0.23621917,0
3.5474029,-2.6206403,1.2211013,0.66118479,-0.71206409,0.23621917,0
-2.7372015,3.1641798,-1.5383334,0.55150187,0.24786627,-0.7964974,0
-2.5836005,3.7040079,-0.65308857,-0.66118479,0.71206409,-0.23621917,0
-3.5584078,2.610955,-1.2194943,-0.66118479,0.71206409,-0.23621917,0
3.0474348,-3.2196133,0.81497097,0.66118479,-0.71206409,0.23621917,0
2.7429116,-2.9957206,1.5947108,-0.55150187,-0.24786627,0.7964974,0
2.2750309,-2.9848719,1.2741218,-0.55150187,-0.24786627,0.7964974,0
-0.16190833,0.10438842,0.54812694,-0.55150187,-0.24786627,0.7964974,0
3.5671349,-2.5720456,1.3123569,0.66118479,-0.71206409,0.23621917,0
-3.0341244,3.299768,-0.61060715,-0.66118479,0.71206409,-0.23621917,0
-3.1433022,3.2139392,-0.56373882,-0.66118479,0.71206409,-0.23621917,0
-0.30159962,0.40425438,-0.71077669,0.55150187,0.24786627,-0.7964974,0
-0.43523085,2.0036347,-0.17039621,0.50860643,0.6569072,0.55659008,0
0.160276,1.1261073,-0.1663326,0.55150187,0.24786627,-0.7964974,0
2.6005716,-1.6963421,1.4223614,0.50860643,0.6569072,0.55659008,0
-0.0069292188,-0.52264625,-0.79519141,0.55150187,0.24786627,-0.7964974,0
2.0652261,-3.7628818,0.8867383,-0.55150187,-0.24786627,0.7964974,0
1.3757677,-0.028443739,0.5730623,0.50860643,0.6569072,0.55659008,0
-2.935534,3.2343624,-1.0837245,-0.66118479,0.71206409,-0.23621917,0
-3.1403861,3.1359088,-0.80711889,-0.66118479,0.71206409,-0.23621917,0
1.6366328,-1.7077104,1.2295363,-0.55150187,-0.24786627,0.7964974,0
-2.4931278,1.6675407,-1.4865501,-0.50860643,-0.6569072,-0.55659008,0
-2.2122631,3.4190094,-1.0955591,0.55150187,0.24786627,-0.7964974,0
1.9183819,-2.9638326,1.0337222,-0.55150187,-0.24786627,0.7964974,0
-3.598702,2.4997499,-1.4419289,-0.66118479,0.71206409,-0.23621917,0
-0.99851626,0.51152813,0.095552146,-0.55150187,-0.24786627,0.7964974,0
-0.75963187,-0.085931301,-1.0010915,-0.50860643,-0.6569072,-0.55659008,0
-2.2368324,1.2901127,-0.51957703,-0.55150187,-0.24786627,0.7964974,0
1.2194527,-1.9579513,-0.392694,0.55150187,0.24786627,-0.7964974,0
-1.0728106,2.0331113,-0.73787737,0.55150187,0.24786627,-0.7964974,0
2.8363314,-2.7483101,0.48089123,0.55150187,0.24786627,-0.7964974,0
2.7866781,-3.5226464,0.63136816,0.66118479,-0.71206409,0.23621917,0
-0.84532577,0.31952286,0.14187145,-0.55150187,-0.24786627,0.7964974,0
3.5399003,-2.5765309,1.3750653,0.66118479,-0.71206409,0.23621917,0
1.9710524,-0.82947946,0.47889566,0.55150187,0.24786627,-0.7964974,0
-2.1243706,2.228652,-0.14963841,-0.55150187,-0.24786627,0.7964974,0
-2.6612182,3.5489438,-0.11048746,-0.55150187,-0.24786627,0.7964974,0
-1.2354041,2.3153226,0.19292903,0.50860643,0.6569072,0.55659008,0
-3.4600186,2.676342,-1.2977848,-0.66118479,0.71206409,-0.23621917,0
3.4015799,-2.3888052,1.5076776,0.50860643,0.6569072,0.55659008,0
-0.059119165,1.0294626,0.63566899,0.50860643,0.6569072,0.55659008,0
1.3568214,-0.70997071,0.090787053,0.55150187,0.24786627,-0.7964974,0
-3.5039449,2.7130332,-1.0642314,-0.66118479,0.71206409,-0.23621917,0
-2.9235215,3.4921384,-0.34030247,-0.66118479,0.71206409,-0.23621917,0
3.0016279,-3.349776,0.55082083,0.66118479,-0.71206409,0.23621917,0
0.50929356,0.32559124,0.94699299,0.50860643,0.6569072,0.55659008,0
-0.65784311,-0.67556173,-0.39820242,-0.50860643,-0.6569072,-0.55659008,0
2.0635979,-0.8588562,0.53383303,0.55150187,0.24786627,-0.7964974,0
-2.5511639,3.5795679,-1.1189938,-0.66118479,0.71206409,-0.23621917,0
-0.90356618,-0.42178053,-0.47318462,-0.50860643,-0.6569072,-0.55659008,0
0.30691344,-1.7790653,0.28662133,-0.55150187,-0.24786627,0.7964974,0
-1.4797549,0.65107411,-1.21289,-0.50860643,-0.6569072,-0.55659008,0
0.4190132,0.50932682,0.81263888,0.50860643,0.6569072,0.55659008,0
-1.8377259,0.3747327,-0.55963218,-0.50860643,-0.6569072,-0.55659008,0
1.3562834,-0.20670059,0.80125189,0.50860643,0.6569072,0.55659008,0
3.4305065,-2.7298677,1.2190418,0.66118479,-0.71206409,0.23621917,0
-3.5032825,2.7401078,-0.98447084,-0.66118479,0.71206409,-0.23621917,0
3.1197987,-2.0070131,1.3145618,0.50860643,0.6569072,0.55659008,0
0.22901052,-1.5791478,-0.14215624,-0.50860643,-0.6569072,-0.55659008,0
1.8380879,-3.3449607,0.47155976,-0.50860643,-0.6569072,-0.55659008,0
2.9090412,-3.3182299,0.35387993,0.55150187,0.24786627,-0.7964974,0
3.2597437,-2.9748347,0.95857811,0.66118479,-0.71206409,0.23621917,0
-3.0975866,3.2753778,-0.50649834,-0.66118479,0.71206409,-0.23621917,0
-2.9655461,3.434252,-0.39716959,-0.66118479,0.71206409,-0.23621917,0
-2.5145864,3.7572823,-0.6856699,-0.66118479,0.71206409,-0.23621917,0
-0.39912707,1.0465734,0.67707813,-0.55150187,-0.24786627,0.7964974,0
3.0469284,-3.1771972,0.9442482,0.66118479,-0.71206409,0.23621917,0
-1.569824,0.5298419,-0.98750341,-0.50860643,-0.6569072,-0.55659008,0
2.9073377,-3.368715,0.75765228,0.66118479,-0.71206409,0.23621917,0
2.0430021,-3.8091366,0.85695553,-0.55150187,-0.24786627,0.7964974,0
2.4403844,-3.7662549,0.86631632,0.66118479,-0.71206409,0.23621917,0
-2.3669546,3.8316977,-0.87457561,-0.66118479,0.71206409,-0.23621917,0
-0.29380304,-0.44387847,-0.96931314,0.55150187,0.24786627,-0.7964974,0
-1.0834372,1.8721719,-0.79531908,0.55150187,0.24786627,-0.7964974,0
2.8330441,-3.227931,1.3899846,0.66118479,-0.71206409,0.23621917,0
-2.1689961,3.2148278,-0.015591621,0.50860643,0.6569072,0.55659008,0
0.67361414,-0.4891125,-0.31354162,0.55150187,0.24786627,-0.7964974,0
-1.5346994,3.0805025,-0.43667006,0.50860643,0.6569072,0.55659008,0
-0.89884228,-0.58759081,-0.17747343,-0.55150187,-0.24786627,0.7964974,0
0.059866011,0.55335444,0.84140158,-0.55150187,-0.24786627,0.7964974,0
-2.666615,3.5531631,-0.87543821,-0.66118479,0.71206409,-0.23621917,0
3.0324314,-3.1400928,1.096673,0.66118479,-0.71206409,0.23621917,0
-3.3232267,2.7408769,-1.4861345,-0.66118479,0.71206409,-0.23621917,0
-2.4658415,1.6572629,-1.4993534,-0.50860643,-0.6569072,-0.55659008,0
-2.9889028,3.0959954,-1.3514409,-0.66118479,0.71206409,-0.23621917,0
3.2542567,-2.9873083,0.93633509,0.66118479,-0.71206409,0.23621917,0
-1.230902,2.3104339,0.19458461,0.50860643,0.6569072,0.55659008,0
2.6925604,-3.2929113,1.4673629,-0.55150187,-0.24786627,0.7964974,0
-2.9513831,2.6381421,-1.8503351,0.55150187,0.24786627,-0.7964974,0
3.0803609,-3.2808943,0.53808355,0.66118479,-0.71206409,0.23621917,0
3.1722205,-3.0439515,0.99521017,0.66118479,-0.71206409,0.23621917,0
-1.7014422,1.1319909,-1.4535718,0.55150187,0.24786627,-0.7964974,0
2.7373426,-3.4600484,0.95815659,0.66118479,-0.71206409,0.23621917,0
2.372762,-3.8125448,0.91605568,0.66118479,-0.71206409,0.23621917,0
2.6144571,-3.6771915,0.64755583,0.66118479,-0.71206409,0.23621917,0
-2.8575497,1.7243836,-1.2206326,-0.50860643,-0.6569072,-0.55659008,0
-0.45699826,1.144389,-0.58804965,0.55150187,0.24786627,-0.7964974,0
1.676324,-3.053515,0.27540326,-0.50860643,-0.6569072,-0.55659008,0
2.4703014,-3.2436705,1.3287921,-0.55150187,-0.24786627,0.7964974,0
-0.89703077,1.4913749,0.47074533,-0.55150187,-0.24786627,0.7964974,0
3.147316,-1.9023731,1.1659167,0.50860643,0.6569072,0.55659008,0
2.087935,-3.5494351,0.48458052,-0.50860643,-0.6569072,-0.55659008,0
-1.1179091,1.5200343,-0.92877078,0.55150187,0.24786627,-0.7964974,0
-0.89240628,0.31601191,-1.1473172,0.55150187,0.24786627,-0.7964974,0
0.68689162,0.42079994,-0.021187678,0.55150187,0.24786627,-0.7964974,0
2.0484467,-2.3830271,0.049027205,0.55150187,0.24786627,-0.7964974,0
0.13258708,1.0662435,0.41707942,0.50860643,0.6569072,0.55659008,0
3.0677238,-1.6862867,0.98361492,0.50860643,0.6569072,0.55659008,0
-3.1040976,3.1228726,-0.94798803,-0.66118479,0.71206409,-0.23621917,0
3.3041203,-2.6449158,1.8288798,0.66118479,-0.71206409,0.23621917,0
-3.2814491,3.0199966,-0.76168633,-0.66118479,0.71206409,-0.23621917,0
-0.85546464,-0.18842648,-0.79255193,-0.50860643,-0.6569072,-0.55659008,0
2.7084064,-3.7291367,0.22800303,0.66118479,-0.71206409,0.23621917,0
2.7106986,-2.543196,1.7132297,-0.55150187,-0.24786627,0.7964974,0
1.498502,-1.3885748,1.2332067,-0.55150187,-0.24786627,0.7964974,0
-3.6134024,2.4512894,-1.3878622,-0.50860643,-0.6569072,-0.55659008,0
0.078975737,0.20204356,0.74530703,-0.55150187,-0.24786627,0.7964974,0
-0.044987738,0.17674607,0.65160114,-0.55150187,-0.24786627,0.7964974,0
2.3208244,-3.6754405,0.42048454,-0.50860643,-0.6569072,-0.55659008,0
-2.9157674,3.0709133,-1.6317568,-0.66118479,0.71206409,-0.23621917,0
-3.1122327,3.0747092,-1.0704017,-0.66118479,0.71206409,-0.23621917,0
-3.3056104,3.0047925,-0.73989058,-0.66118479,0.71206409,-0.23621917,0
-3.3243213,2.9679186,-0.79867125,-0.66118479,0.71206409,-0.23621917,0
-2.6219964,3.4891689,-1.1932321,-0.66118479,0.71206409,-0.23621917,0
2.8135986,-3.4769964,0.69362402,0.66118479,-0.71206409,0.23621917,0
2.5829263,-1.6591536,1.394594,0.50860643,0.6569072,0.55659008,0
1.0538276,-1.006243,-0.21120691,0.55150187,0.24786627,-0.7964974,0
-0.69686425,1.03141,0.46620351,-0.55150187,-0.24786627,0.7964974,0
2.7419252,-2.0946832,1.7633295,0.50860643,0.6569072,0.55659008,0
3.030875,-3.0055232,1.5066805,0.66118479,-0.71206409,0.23621917,0
0.62705183,-1.0305967,0.74120796,-0.55150187,-0.24786627,0.7964974,0
-2.8353243,2.3846593,-0.59336066,-0.55150187,-0.24786627,0.7964974,0
-0.10608277,0.17087662,0.60747182,-0.55150187,-0.24786627,0.7964974,0
-2.4266067,1.7345331,-1.6264033,-0.50860643,-0.6569072,-0.55659008,0
-0.30099207,1.1258128,0.74297404,0.50860643,0.6569072,0.55659008,0
2.5827663,-1.2335824,0.89246655,0.50860643,0.6569072,0.55659008,0
-2.842973,3.5194616,-0.48339748,-0.66118479,0.71206409,-0.23621917,0
3.2032707,-2.4988868,1.8188128,0.50860643,0.6569072,0.55659008,0
-3.2474246,2.1088839,-0.9645226,-0.55150187,-0.24786627,0.7964974,0
3.6041491,-2.5185161,1.3701119,0.66118479,-0.71206409,0.23621917,0
3.1654277,-2.8655877,1.5518885,0.66118479,-0.71206409,0.23621917,0
0.9555583,-1.7671641,-0.51604474,0.55150187,0.24786627,-0.7964974,0
-0.60192597,0.47483039,-0.89676237,0.55150187,0.24786627,-0.7964974,0
-0.77569962,2.0620198,0.07181251,0.50860643,0.6569072,0.55659008,0
-1.5879893,0.64705086,-1.1092384,-0.50860643,-0.6569072,-0.55659008,0
-3.1882036,3.0636542,-0.89108181,-0.66118479,0.71206409,-0.23621917,0
2.282104,-3.8717446,0.99135733,0.66118479,-0.71206409,0.23621917,0
-3.2655759,2.9651072,-0.97157621,-0.66118479,0.71206409,-0.23621917,0
-3.5490539,2.5532618,-1.4195871,-0.66118479,0.71206409,-0.23621917,0
2.9768202,-3.0987391,1.3769879,0.66118479,-0.71206409,0.23621917,0
-2.8903465,2.524013,-0.58809209,-0.55150187,-0.24786627,0.7964974,0
-2.3147449,3.0002582,-0.041335106,-0.55150187,-0.24786627,0.7964974,0
-0.45473713,1.6335324,0.28423619,0.50860643,0.6569072,0.55659008,0
2.6963825,-1.7288806,1.3732135,0.50860643,0.6569072,0.55659008,0
3.1429553,-3.0059142,1.1917868,0.66118479,-0.71206409,0.23621917,0
2.897161,-3.3477716,0.33646059,0.55150187,0.24786627,-0.7964974,0
-2.1455956,3.0417979,-1.1667845,0.55150187,0.24786627,-0.7964974,0
-0.89677328,-0.13896579,-0.036430836,-0.55150187,-0.24786627,0.7964974,0
-0.074656844,0.34459972,0.68329328,-0.55150187,-0.24786627,0.7964974,0
-2.8866668,1.8383276,-1.3285067,-0.50860643,-0.6569072,-0.55659008,0
3.3333776,-2.7594686,1.4016795,0.66118479,-0.71206409,0.23621917,0
0.074148059,1.1588032,0.36123836,0.50860643,0.6569072,0.55659008,0
3.6224127,-2.5315323,1.279758,0.66118479,-0.71206409,0.23621917,0
-1.1220675,1.3801486,0.28031492,-0.55150187,-0.24786627,0.7964974,0
2.7912424,-2.6370134,1.7398038,-0.55150187,-0.24786627,0.7964974,0
-2.5107439,1.2575138,-0.98652411,-0.50860643,-0.6569072,-0.55659008,0
1.559269,-2.6241987,-0.12432694,-0.50860643,-0.6569072,-0.55659008,0
2.6309848,-3.433109,1.3370605,0.66118479,-0.71206409,0.23621917,0
-3.0774558,2.9240284,-1.6219602,-0.66118479,0.71206409,-0.23621917,0
-1.4211483,1.5792749,-1.1203015,0.55150187,0.24786627,-0.7964974,0
-2.9653089,3.4157124,-0.45372009,-0.66118479,0.71206409,-0.23621917,0
0.0042206049,-1.4532511,-0.08533299,-0.50860643,-0.6569072,-0.55659008,0
3.2825704,-2.8348198,1.31675,0.66118479,-0.71206409,0.23621917,0
-0.55601281,1.9507163,0.0024291277,0.50860643,0.6569072,0.55659008,0
-1.9598289,2.4127457,-1.2339165,0.55150187,0.24786627,-0.7964974,0
3.1601753,-2.8938012,1.4815426,0.66118479,-0.71206409,0.23621917,0
2.3438632,-3.8592017,0.85630035,0.66118479,-0.71206409,0.23621917,0
-0.13996077,-1.105108,-0.36447227,-0.50860643,-0.6569072,-0.55659008,0
2.8890278,-3.4523051,0.5569272,0.66118479,-0.71206409,0.23621917,0
-1.8107002,2.5094891,-1.1005523,0.55150187,0.24786627,-0.7964974,0
3.0338397,-1.6696314,0.99492002,0.50860643,0.6569072,0.55659008,0
-1.6957436,3.3795528,-0.64245963,0.50860643,0.6569072,0.55659008,0
1.5225501,-3.0255625,0.38293028,-0.50860643,-0.6569072,-0.55659008,0
-0.053822968,-0.34781712,0.4822419,-0.55150187,-0.24786627,0.7964974,0
3.1543193,-2.5766571,1.9553308,0.50860643,0.6569072,0.55659008,0
1.2669261,-1.6886033,0.97949409,-0.55150187,-0.24786627,0.7964974,0
1.8972412,-2.2802668,-0.023690224,0.55150187,0.24786627,-0.7964974,0
3.0786784,-2.9585805,1.5143819,0.66118479,-0.71206409,0.23621917,0
0.46764344,0.5102424,0.76712072,0.50860643,0.6569072,0.55659008,0
-1.9668429,3.435281,-0.46050453,0.50860643,0.6569072,0.55659008,0
2.4512506,-3.6668406,1.1355786,0.66118479,-0.71206409,0.23621917,0
3.3856645,-2.2396729,1.0195398,0.55150187,0.24786627,-0.7964974,0
-1.5956695,1.407485,-1.2946017,0.55150187,0.24786627,-0.7964974,0
1.2603986,-2.0393028,-0.38965869,0.55150187,0.24786627,-0.7964974,0
-3.1290121,2.8723879,-1.6333175,-0.66118479,0.71206409,-0.23621917,0
-1.3264555,0.95183659,0.0055060387,-0.55150187,-0.24786627,0.7964974,0
-3.3461342,2.7001426,-1.5448055,-0.66118479,0.71206409,-0.23621917,0
-1.1478,1.7530377,0.37853873,-0.55150187,-0.24786627,0.7964974,0
0.72397268,0.20614386,0.89179742,0.50860643,0.6569072,0.55659008,0
-2.2146842,1.6868058,-0.38079238,-0.55150187,-0.24786627,0.7964974,0
-0.83869374,-0.15897027,-0.84264237,-0.50860643,-0.6569072,-0.55659008,0
-0.27121359,1.7784591,-0.054513335,0.50860643,0.6569072,0.55659008,0
-0.48819679,-0.87985212,0.015910834,-0.55150187,-0.24786627,0.7964974,0
0.80304283,0.09500879,0.95070934,0.50860643,0.6569072,0.55659008,0
-2.4570663,3.7484496,-0.87329626,-0.66118479,0.71206409,-0.23621917,0
2.8399365,-3.2614076,1.2697802,0.66118479,-0.71206409,0.23621917,0
-1.1670274,0.38703364,-1.1870276,-0.50860643,-0.6569072,-0.55659008,0
2.4365621,-3.7802041,0.83496571,0.66118479,-0.71206409,0.23621917,0
0.25011128,0.34748301,-0.34643409,0.55150187,0.24786627,-0.7964974,0
1.709842,-2.9901731,0.17001677,-0.50860643,-0.6569072,-0.55659008,0
0.61442745,0.055782616,-0.18495421,0.55150187,0.24786627,-0.7964974,0
-0.82409108,0.99255246,0.36601824,-0.55150187,-0.24786627,0.7964974,0
0.31934005,0.71830815,-0.1831004,0.55150187,0.24786627,-0.7964974,0
1.2789142,-0.55022216,1.2773873,0.50860643,0.6569072,0.55659008,0
0.053377569,-0.64718121,-0.79218924,0.55150187,0.24786627,-0.7964974,0
-2.8260903,3.6112983,-0.25381756,-0.66118479,0.71206409,-0.23621917,0
1.8541163,-3.5247865,0.81465793,-0.55150187,-0.24786627,0.7964974,0
-2.1782732,3.3413529,-1.0961909,0.55150187,0.24786627,-0.7964974,0
1.2656311,-0.40396103,0.12287498,0.55150187,0.24786627,-0.7964974,0
-3.3792188,2.8244917,-1.0773602,-0.66118479,0.71206409,-0.23621917,0
2.1273551,-1.5009394,1.6241608,0.50860643,0.6569072,0.55659008,0
0.54363132,0.34596932,0.89156449,0.50860643,0.6569072,0.55659008,0
3.0505822,-3.0152059,1.4223323,0.66118479,-0.71206409,0.23621917,0
-0.92156768,1.104558,0.33338016,-0.55150187,-0.24786627,0.7964974,0
0.027494788,1.0383478,0.54603541,0.50860643,0.6569072,0.55659008,0
3.1096275,-2.9523542,1.4465246,0.66118479,-0.71206409,0.23621917,0
-0.33530283,1.444634,0.39804286,0.50860643,0.6569072,0.55659008,0
2.598587,-3.5097473,1.196723,0.66118479,-0.71206409,0.23621917,0
2.3283989,-1.9233589,0.38591528,0.55150187,0.24786627,-0.7964974,0
2.528203,-3.5968974,1.1310234,0.66118479,-0.71206409,0.23621917,0
-2.8332422,3.5691876,-0.36073923,-0.66118479,0.71206409,-0.23621917,0
-0.51629186,2.1499529,-0.26901364,0.50860643,0.6569072,0.55659008,0
3.175437,-3.1623387,0.62933969,0.66118479,-0.71206409,0.23621917,0
0.72465336,-1.472708,0.67120528,-0.55150187,-0.24786627,0.7964974,0
2.2065344,-3.9766383,0.88668537,0.66118479,-0.71206409,0.23621917,0
-3.193759,2.8066971,-1.6501074,-0.66118479,0.71206409,-0.23621917,0
-2.9500523,1.8359405,-1.2677681,-0.50860643,-0.6569072,-0.55659008,0
-0.63701916,0.17301399,0.24051189,-0.55150187,-0.24786627,0.7964974,0
-3.3298898,2.4930069,-1.6961694,-0.50860643,-0.6569072,-0.55659008,0
-0.77957582,1.986447,0.16454828,0.50860643,0.6569072,0.55659008,0
2.7010407,-3.3919623,1.265007,0.66118479,-0.71206409,0.23621917,0
-1.9950612,3.1309528,-0.075539589,0.50860643,0.6569072,0.55659008,0
-0.1788553,-0.94213814,-0.52127373,-0.50860643,-0.6569072,-0.55659008,0
2.9429338,-3.4482017,0.41841078,0.66118479,-0.71206409,0.23621917,0
2.0542469,-3.2713175,1.0321083,-0.55150187,-0.24786627,0.7964974,0
-2.556406,2.7472167,-0.28740859,-0.55150187,-0.24786627,0.7964974,0
2.8734004,-3.3011894,1.0561924,0.66118479,-0.71206409,0.23621917,0
3.2700992,-3.0032845,0.84383297,0.66118479,-0.71206409,0.23621917,0
-0.21121293,-0.69971484,-0.77782208,-0.50860643,-0.6569072,-0.55659008,0
3.4187207,-2.1298227,1.1863532,0.50860643,0.6569072,0.55659008,0
-0.45348483,1.3541831,0.61278969,0.50860643,0.6569072,0.55659008,0
2.9268265,-3.3187556,0.85370016,0.66118479,-0.71206409,0.23621917,0
-2.0661182,1.4170208,-1.581075,-0.50860643,-0.6569072,-0.55659008,0
-0.9346928,-0.18414178,-0.72521114,-0.50860643,-0.6569072,-0.55659008,0
3.3182678,-2.8366089,1.2114387,0.66118479,-0.71206409,0.23621917,0
-3.5681493,2.5155869,-1.4797068,-0.66118479,0.71206409,-0.23621917,0
0.85730809,-2.5374937,0.41478515,-0.50860643,-0.6569072,-0.55659008,0
2.5133162,-3.7334998,0.76091576,0.66118479,-0.71206409,0.23621917,0
2.9859095,-3.0439711,1.5166421,0.66118479,-0.71206409,0.23621917,0
-2.3754754,2.3821039,-1.5312495,0.55150187,0.24786627,-0.7964974,0
-1.5241302,2.5199902,0.21520805,0.50860643,0.6569072,0.55659008,0
-3.3200545,2.7190495,-1.5608106,-0.66118479,0.71206409,-0.23621917,0
0.69458604,0.22084135,0.90130401,0.50860643,0.6569072,0.55659008,0
3.1197963,-2.8197136,1.8178959,0.66118479,-0.71206409,0.23621917,0
-2.8364193,3.2336888,-1.3631806,-0.66118479,0.71206409,-0.23621917,0
-2.2983584,3.9253573,-0.78425074,-0.66118479,0.71206409,-0.23621917,0
3.2654841,-2.9890881,0.89954519,0.66118479,-0.71206409,0.23621917,0
-2.5782046,3.4997749,-1.2838354,-0.66118479,0.71206409,-0.23621917,0
1.4334853,-0.28768912,0.82629108,0.50860643,0.6569072,0.55659008,0
2.1641335,-3.10215,-0.094657898,0.55150187,0.24786627,-0.7964974,0
-2.4351473,3.7428901,-0.39562321,0.50860643,0.6569072,0.55659008,0
-3.5153544,2.6791117,-1.1345496,-0.66118479,0.71206409,-0.23621917,0
2.9451394,-3.1731162,1.2414608,0.66118479,-0.71206409,0.23621917,0
-1.7557545,1.417439,-1.4023483,0.55150187,0.24786627,-0.7964974,0
1.397743,-0.61022997,1.2396262,0.50860643,0.6569072,0.55659008,0
1.6847997,-0.35918361,0.68102276,0.50860643,0.6569072,0.55659008,0
-1.3474865,1.7469041,0.23836517,-0.55150187,-0.24786627,0.7964974,0
2.7625873,-2.3812613,0.54405403,0.55150187,0.24786627,-0.7964974,0
0.42152727,0.91971898,0.32598233,0.50860643,0.6569072,0.55659008,0
0.073063135,0.71686488,0.88382101,0.50860643,0.6569072,0.55659008,0
1.8589264,-2.6058123,1.1039691,-0.55150187,-0.24786627,0.7964974,0
-2.9295406,2.4397082,-1.8969626,0.55150187,0.24786627,-0.7964974,0
0.5503462,-0.84904158,-0.51090169,0.55150187,0.24786627,-0.7964974,0
2.0773661,-0.69215679,0.59524202,0.55150187,0.24786627,-0.7964974,0
2.7813628,-1.548306,1.0824382,0.50860643,0.6569072,0.55659008,0
1.1171408,-0.94507515,-0.14833331,0.55150187,0.24786627,-0.7964974,0
-2.5888157,3.7265453,-0.57055378,-0.66118479,0.71206409,-0.23621917,0
-3.3988223,2.5766268,-0.92379236,-0.55150187,-0.24786627,0.7964974,0
3.109566,-3.1344836,0.89768171,0.66118479,-0.71206409,0.23621917,0
-2.8985322,3.1933999,-1.3107734,-0.66118479,0.71206409,-0.23621917,0
-3.3810725,2.8376458,-1.0325208,-0.66118479,0.71206409,-0.23621917,0
-2.5562186,1.2429786,-0.92781496,-0.50860643,-0.6569072,-0.55659008,0
-1.2638242,-0.16446939,-0.44767195,-0.50860643,-0.6569072,-0.55659008,0
-3.0959504,3.1065509,-1.0199924,-0.66118479,0.71206409,-0.23621917,0
-1.7715973,2.6930516,0.23708773,0.50860643,0.6569072,0.55659008,0
2.7610168,-3.5254023,0.69488716,0.66118479,-0.71206409,0.23621917,0
-0.69163609,-0.75980943,-0.26789048,-0.50860643,-0.6569072,-0.55659008,0
-3.0345035,3.0223615,-1.4457669,-0.66118479,0.71206409,-0.23621917,0
-1.9358908,1.4215183,-0.27030945,-0.55150187,-0.24786627,0.7964974,0
3.5320005,-2.5713253,1.4128695,0.66118479,-0.71206409,0.23621917,0
-2.2419162,3.9332266,-0.91851187,-0.66118479,0.71206409,-0.23621917,0
-2.8285382,3.576215,-0.35272121,-0.66118479,0.71206409,-0.23621917,0
3.119473,-2.8909636,1.604023,0.66118479,-0.71206409,0.23621917,0
1.1337366,-1.2402201,-0.22868991,0.55150187,0.24786627,-0.7964974,0
0.84646451,-1.1698952,0.84978211,-0.55150187,-0.24786627,0.7964974,0
2.3675048,-2.5539935,1.4722393,-0.55150187,-0.24786627,0.7964974,0
-2.1580465,3.4709167,-0.32784271,0.50860643,0.6569072,0.55659008,0
-2.9007583,3.3577728,-0.80905294,-0.66118479,0.71206409,-0.23621917,0
2.2972398,-1.1592392,0.60213113,0.55150187,0.24786627,-0.7964974,0
2.0155392,-0.69242412,0.77209854,0.50860643,0.6569072,0.55659008,0
1.4181896,-1.067991,0.021864772,0.55150187,0.24786627,-0.7964974,0
-0.13381976,-0.5947721,0.35000017,-0.55150187,-0.24786627,0.7964974,0
-1.3403519,0.80478668,-0.049877167,-0.55150187,-0.24786627,0.7964974,0
1.5571268,-0.38967097,0.32915604,0.55150187,0.24786627,-0.7964974,0
3.0094373,-3.0308232,1.4904199,0.66118479,-0.71206409,0.23621917,0
3.3683517,-2.879786,0.94109821,0.66118479,-0.71206409,0.23621917,0
-1.0105182,0.92135859,-1.0407178,0.55150187,0.24786627,-0.7964974,0
2.8853326,-3.0678506,0.41538095,0.55150187,0.24786627,-0.7964974,0
1.9273694,-2.4870977,-0.067193985,0.55150187,0.24786627,-0.7964974,0
2.7649698,-3.5510314,0.60656738,0.66118479,-0.71206409,0.23621917,0
-1.7452167,2.5231991,0.20455265,-0.55150187,-0.24786627,0.7964974,0
0.86136121,0.40178031,0.53535604,0.50860643,0.6569072,0.55659008,0
3.187685,-3.1414042,0.65816164,0.66118479,-0.71206409,0.23621917,0
3.1509385,-3.1236551,0.81451845,0.66118479,-0.71206409,0.23621917,0
-0.56714571,-0.49097362,0.082263023,-0.55150187,-0.24786627,0.7964974,0
-1.5646211,2.3706198,-0.97337985,0.55150187,0.24786627,-0.7964974,0
-0.70729601,-0.091927826,-1.0418382,-0.50860643,-0.6569072,-0.55659008,0
0.97603542,-2.4390574,0.19011569,-0.50860643,-0.6569072,-0.55659008,0
2.7707167,-2.179513,1.8371398,0.50860643,0.6569072,0.55659008,0
-2.6877491,1.7261982,-1.3779361,-0.50860643,-0.6569072,-0.55659008,0
-2.9004118,2.1586561,-1.6940093,-0.50860643,-0.6569072,-0.55659008,0
1.936043,-0.6988228,0.85229301,0.50860643,0.6569072,0.55659008,0
