4.4837236,-1.2633821,2.0381951,0.93195522,-0.079400063,0.35377276,0
4.594038,0.41550732,0.9976325,0.21272796,0.90987861,-0.35618484,0
-0.63191235,1.1596715,-0.22253919,0.21272796,0.90987861,-0.35618484,0
-3.2846065,-0.68241155,-0.89739752,-0.21272796,-0.90987861,0.35618484,0
-4.6362367,0.2344017,-1.8673677,-0.93195522,0.079400063,-0.35377276,0
4.5431786,-0.60486197,2.0293694,0.93195522,-0.079400063,0.35377276,0
0.22800058,0.95744777,-0.22554737,0.21272796,0.90987861,-0.35618484,0
-1.4069741,-0.35757631,0.26883835,-0.29360911,0.4072057,0.86485678,0
-1.0008531,0.92469245,-1.0431424,0.21272796,0.90987861,-0.35618484,0
4.3803,-1.4435649,1.5886145,0.29360911,-0.4072057,-0.86485678,0
4.699235,0.49806929,1.8658023,0.93195522,-0.079400063,0.35377276,0
-3.5637827,-0.62070179,-1.4957461,0.29360911,-0.4072057,-0.86485678,0
-3.5666018,1.1191295,-2.0788193,0.21272796,0.90987861,-0.35618484,0
-0.29093939,-0.85516983,0.44922829,-0.21272796,-0.90987861,0.35618484,0
-3.9977708,1.2842066,-1.914639,0.21272796,0.90987861,-0.35618484,0
2.0012059,-0.51913226,0.34568238,0.29360911,-0.4072057,-0.86485678,0
-4.6290045,0.24710584,-1.8835692,-0.93195522,0.079400063,-0.35377276,0
-2.6923115,1.1894447,-1.3770366,0.21272796,0.90987861,-0.35618484,0
-0.058215857,0.7902016,-0.8237201,0.21272796,0.90987861,-0.35618484,0
4.7601132,-0.079416752,1.5758214,0.93195522,-0.079400063,0.35377276,0
0.029088318,-0.77489352,0.84542859,-0.21272796,-0.90987861,0.35618484,0
4.4938979,-1.2165353,2.0219083,0.93195522,-0.079400063,0.35377276,0
0.96679246,-0.67847842,1.2257977,-0.29360911,0.4072057,0.86485678,0
-1.9335034,1.0303431,-1.3302727,0.21272796,0.90987861,-0.35618484,0
2.815546,-1.2048173,0.94498754,0.29360911,-0.4072057,-0.86485678,0
-0.90934181,1.1349652,-0.45134377,0.21272796,0.90987861,-0.35618484,0
-4.7600136,0.69129384,-1.4387536,-0.93195522,0.079400063,-0.35377276,0
0.37550032,0.91053104,-0.25730413,0.21272796,0.90987861,-0.35618484,0
4.8206844,0.53258967,1.5536146,0.93195522,-0.079400063,0.35377276,0
3.9426844,-0.82740307,2.3061986,-0.29360911,0.4072057,0.86485678,0
3.5371125,0.69918752,1.0910583,0.21272796,0.90987861,-0.35618484,0
2.5818212,-1.1676335,1.3667641,-0.21272796,-0.90987861,0.35618484,0
-4.6515388,0.80205464,-1.6996551,-0.93195522,0.079400063,-0.35377276,0
-4.1665163,0.93400156,-1.2761164,-0.29360911,0.4072057,0.86485678,0
4.5760612,0.63382244,1.5445852,0.21272796,0.90987861,-0.35618484,0
2.8902297,0.39170337,1.374903,-0.29360911,0.4072057,0.86485678,0
-2.1665144,0.047362208,-1.3359375,0.29360911,-0.4072057,-0.86485678,0
3.0437646,0.48271745,0.24343562,0.21272796,0.90987861,-0.35618484,0
2.6046917,-1.0555878,1.6666455,-0.21272796,-0.90987861,0.35618484,0
1.7413393,0.94756013,0.65302122,0.21272796,0.90987861,-0.35618484,0
4.6710649,-0.56880784,1.7005663,0.93195522,-0.079400063,0.35377276,0
2.9961982,-0.87142539,0.8493433,0.29360911,-0.4072057,-0.86485678,0
-3.3968351,0.80145019,-0.95240879,-0.29360911,0.4072057,0.86485678,0
-0.4921549,-0.26791131,-0.6190691,0.29360911,-0.4072057,-0.86485678,0
-4.3823271,1.0593954,-2.3510904,-0.93195522,0.079400063,-0.35377276,0
-0.32105425,0.073244035,-0.72161067,0.29360911,-0.4072057,-0.86485678,0
-4.5984278,1.3494596,-1.7167087,-0.93195522,0.079400063,-0.35377276,0
4.0533161,-0.91014606,1.2264543,0.29360911,-0.4072057,-0.86485678,0
-4.8609371,-0.17208409,-1.3666644,-0.93195522,0.079400063,-0.35377276,0
0.81122041,-0.94069678,0.8890028,-0.21272796,-0.90987861,0.35618484,0
-3.1716461,-0.69642019,-0.86571813,-0.21272796,-0.90987861,0.35618484,0
4.1595845,0.35857856,0.66517019,0.29360911,-0.4072057,-0.86485678,0
-2.2311258,1.089471,-1.3569822,0.21272796,0.90987861,-0.35618484,0
2.6179841,-0.14279449,1.5341396,-0.29360911,0.4072057,0.86485678,0
3.4391286,-0.95452255,1.0388384,0.29360911,-0.4072057,-0.86485678,0
4.5568647,-1.2742923,1.8430696,0.93195522,-0.079400063,0.35377276,0
-1.8291076,-0.79247224,-0.82596767,0.29360911,-0.4072057,-0.86485678,0
4.9560728,0.052046657,1.0891032,0.93195522,-0.079400063,0.35377276,0
3.3489757,0.5243119,1.4682052,-0.29360911,0.4072057,0.86485678,0
0.13572156,1.1067472,0.10311005,-0.29360911,0.4072057,0.86485678,0
3.9294035,-0.54809892,1.0139227,0.29360911,-0.4072057,-0.86485678,0
-4.7365985,0.76576686,-1.4837236,-0.93195522,0.079400063,-0.35377276,0
-1.5410296,-0.95471102,-0.55165493,-0.21272796,-0.90987861,0.35618484,0
3.7325046,-1.2985939,1.3004375,0.29360911,-0.4072057,-0.86485678,0
1.7702793,0.66195512,-0.059275985,0.21272796,0.90987861,-0.35618484,0
0.92081404,0.90932018,0.06528616,0.21272796,0.90987861,-0.35618484,0
4.6382694,-0.5074743,1.8007255,0.93195522,-0.079400063,0.35377276,0
1.1367459,0.32625163,0.81043184,-0.29360911,0.4072057,0.86485678,0
-4.5858812,1.209905,-1.7810822,-0.93195522,0.079400063,-0.35377276,0
2.624208,-0.10757148,1.5196681,-0.29360911,0.4072057,0.86485678,0
-1.9387732,0.2165219,-0.18200755,-0.29360911,0.4072057,0.86485678,0
2.0134873,0.86708599,0.60998678,0.21272796,0.90987861,-0.35618484,0
2.3590851,-0.97154558,1.7346463,-0.21272796,-0.90987861,0.35618484,0
2.2775972,0.64600092,0.20295942,0.21272796,0.90987861,-0.35618484,0
3.6560397,-1.2673244,1.7536693,-0.21272796,-0.90987861,0.35618484,0
0.5197984,0.24089551,0.64117384,-0.29360911,0.4072057,0.86485678,0
-4.6391401,-0.13432288,-1.9424753,-0.93195522,0.079400063,-0.35377276,0
-0.028202116,0.61200607,0.28040162,-0.29360911,0.4072057,0.86485678,0
0.84731042,-0.52768946,1.114238,-0.29360911,0.4072057,0.86485678,0
-3.2891455,-0.73104119,-1.0243335,-0.21272796,-0.90987861,0.35618484,0
2.4856119,0.11050242,0.21367812,0.29360911,-0.4072057,-0.86485678,0
0.58823037,0.55484217,-0.63967246,0.29360911,-0.4072057,-0.86485678,0
-0.55866116,-0.77102923,-0.40476131,0.29360911,-0.4072057,-0.86485678,0
1.6153065,-0.78092885,1.4941983,-0.29360911,0.4072057,0.86485678,0
-4.75105,-0.59746528,-1.7516141,-0.93195522,0.079400063,-0.35377276,0
-4.7439575,0.18008113,-1.5957866,-0.93195522,0.079400063,-0.35377276,0
-1.8160567,1.2327849,-0.74298906,0.21272796,0.90987861,-0.35618484,0
0.73389745,-0.50544405,-0.090999246,0.29360911,-0.4072057,-0.86485678,0
-0.41182917,0.77610254,-1.0709279,0.21272796,0.90987861,-0.35618484,0
2.1421919,0.211821,0.04938674,0.29360911,-0.4072057,-0.86485678,0
3.8310139,-1.3852626,1.5568962,-0.21272796,-0.90987861,0.35618484,0
4.7773495,-0.48999822,1.274435,0.29360911,-0.4072057,-0.86485678,0
2.9053378,-1.2029495,1.4697661,-0.21272796,-0.90987861,0.35618484,0
2.5012867,-1.2543486,1.0971513,-0.21272796,-0.90987861,0.35618484,0
2.0331867,-1.027287,1.3976142,-0.21272796,-0.90987861,0.35618484,0
4.8652463,0.29149699,1.3821115,0.93195522,-0.079400063,0.35377276,0
4.9087696,0.2990936,1.2691617,0.93195522,-0.079400063,0.35377276,0
3.741972,-1.3740492,1.5323615,-0.21272796,-0.90987861,0.35618484,0
3.6960013,-0.62257862,2.1260138,-0.29360911,0.4072057,0.86485678,0
-3.5742435,1.4209311,-1.312427,0.21272796,0.90987861,-0.35618484,0
-2.2694659,0.60669982,-0.47798371,-0.29360911,0.4072057,0.86485678,0
2.0876052,-0.37981987,0.30942106,0.29360911,-0.4072057,-0.86485678,0
-4.4081521,0.86919022,-2.3257494,-0.93195522,0.079400063,-0.35377276,0
-1.2345552,0.37369406,-1.1731968,0.29360911,-0.4072057,-0.86485678,0
4.9859071,0.22283745,1.048841,0.93195522,-0.079400063,0.35377276,0
-3.8057098,-0.4026162,-0.52429914,-0.29360911,0.4072057,0.86485678,0
-3.0348637,-0.66174078,-0.69543719,-0.21272796,-0.90987861,0.35618484,0
4.767354,-0.1615603,1.5383105,0.93195522,-0.079400063,0.35377276,0
-3.6945877,-0.52539921,-0.74116468,-0.21272796,-0.90987861,0.35618484,0
-4.5658116,0.17795181,-2.0655608,-0.93195522,0.079400063,-0.35377276,0
0.41073188,0.71855044,-0.72667944,0.21272796,0.90987861,-0.35618484,0
-4.320682,1.285928,-2.1030974,0.21272796,0.90987861,-0.35618484,0
-3.0794353,-0.66626656,-1.3098619,0.29360911,-0.4072057,-0.86485678,0
-0.70470399,0.89384544,-0.081963181,-0.29360911,0.4072057,0.86485678,0
-4.5226645,0.94922864,-2.0061207,-0.93195522,0.079400063,-0.35377276,0
4.464366,-1.2760409,2.0863485,0.93195522,-0.079400063,0.35377276,0
4.9212952,0.37422359,1.0876236,0.21272796,0.90987861,-0.35618484,0
-1.4365702,-0.24894822,-0.94861615,0.29360911,-0.4072057,-0.86485678,0
-4.1089354,-0.69478202,-1.6459398,0.29360911,-0.4072057,-0.86485678,0
1.2297567,0.72672212,-0.21665013,0.21272796,0.90987861,-0.35618484,0
-4.7635956,0.1935885,-1.5410218,-0.93195522,0.079400063,-0.35377276,0
-3.2903566,1.1347994,-1.873805,0.21272796,0.90987861,-0.35618484,0
-4.7391901,0.2615931,-1.1539388,-0.29360911,0.4072057,0.86485678,0
4.8895354,0.035497665,1.2606697,0.93195522,-0.079400063,0.35377276,0
-1.2447658,1.1555433,-0.38852477,-0.29360911,0.4072057,0.86485678,0
-1.4176564,1.209548,-0.56440735,0.21272796,0.90987861,-0.35618484,0
-0.46685359,-0.72245228,0.68319392,-0.21272796,-0.90987861,0.35618484,0
-3.9898891,-0.723876,-1.4245415,-0.21272796,-0.90987861,0.35618484,0
4.6999955,-0.98413384,1.5311379,0.93195522,-0.079400063,0.35377276,0
-2.0648358,0.49703619,-0.35688066,-0.29360911,0.4072057,0.86485678,0
-4.6879883,1.000007,-1.5592065,-0.93195522,0.079400063,-0.35377276,0
-4.6305943,0.094012976,-1.9137402,-0.93195522,0.079400063,-0.35377276,0
3.8849692,-1.3843533,1.3925762,0.29360911,-0.4072057,-0.86485678,0
-3.7723765,0.52698362,-0.95067167,-0.29360911,0.4072057,0.86485678,0
-3.1088095,0.17746425,-1.7170925,0.29360911,-0.4072057,-0.86485678,0
-3.9165022,1.4051851,-1.5570607,0.21272796,0.90987861,-0.35618484,0
-4.902689,0.087540984,-1.1274948,-0.29360911,0.4072057,0.86485678,0
4.6866331,-0.86886835,1.5922084,0.93195522,-0.079400063,0.35377276,0
3.1035073,-0.84243846,2.0283866,-0.29360911,0.4072057,0.86485678,0
4.8413887,0.043236375,1.3892426,0.93195522,-0.079400063,0.35377276,0
4.806015,0.33431435,1.5477581,0.93195522,-0.079400063,0.35377276,0
4.6892705,-0.81537342,1.5972667,0.93195522,-0.079400063,0.35377276,0
4.8433347,-0.21531034,1.326087,0.93195522,-0.079400063,0.35377276,0
0.84686452,-0.81031227,1.2433597,-0.21272796,-0.90987861,0.35618484,0
-4.2680349,-0.083025932,-0.83172798,-0.29360911,0.4072057,0.86485678,0
-4.6008124,1.3958323,-1.7000189,-0.93195522,0.079400063,-0.35377276,0
-4.7688837,0.31249678,-1.5004039,-0.93195522,0.079400063,-0.35377276,0
4.6306176,-0.6711278,1.7841525,0.93195522,-0.079400063,0.35377276,0
-4.7132335,-0.1234169,-1.7448411,-0.93195522,0.079400063,-0.35377276,0
-4.8436551,-0.32737327,-1.447042,-0.93195522,0.079400063,-0.35377276,0
1.6499462,0.73281968,0.049880385,0.21272796,0.90987861,-0.35618484,0
-2.0887856,-0.65718913,-0.11877406,-0.21272796,-0.90987861,0.35618484,0
-4.641921,0.68176937,-1.7519865,-0.93195522,0.079400063,-0.35377276,0
-4.8753495,-0.32210815,-1.3623667,-0.93195522,0.079400063,-0.35377276,0
-0.13212818,0.97136712,-0.40507412,0.21272796,0.90987861,-0.35618484,0
0.058962077,0.3834359,0.41761202,-0.29360911,0.4072057,0.86485678,0
-3.6370728,0.92399836,-1.0916662,-0.29360911,0.4072057,0.86485678,0
2.6036801,0.57355273,0.21263909,0.21272796,0.90987861,-0.35618484,0
0.21112004,0.38280305,-0.68669498,0.29360911,-0.4072057,-0.86485678,0
4.8695183,0.33174515,1.3798904,0.93195522,-0.079400063,0.35377276,0
2.3355112,0.41845107,1.1739883,-0.29360911,0.4072057,0.86485678,0
4.861218,0.4626472,1.4311361,0.93195522,-0.079400063,0.35377276,0
3.1105199,-0.92202115,2.0682378,-0.29360911,0.4072057,0.86485678,0
2.6563427,-1.3363454,0.98029518,-0.21272796,-0.90987861,0.35618484,0
-1.0943422,-0.50587052,-0.7114653,0.29360911,-0.4072057,-0.86485678,0
2.3788342,0.0080670118,1.3819196,-0.29360911,0.4072057,0.86485678,0
-4.401228,0.74218273,-2.3724942,-0.93195522,0.079400063,-0.35377276,0
-4.6368999,-0.01140213,-1.9207888,-0.93195522,0.079400063,-0.35377276,0
-4.6298718,0.31982684,-1.8649621,-0.93195522,0.079400063,-0.35377276,0
-0.37012756,-0.52681839,-0.45573944,0.29360911,-0.4072057,-0.86485678,0
1.8975414,-1.1208987,1.0774696,-0.21272796,-0.90987861,0.35618484,0
2.0715582,-0.520684,1.5265579,-0.29360911,0.4072057,0.86485678,0
1.8080337,0.10223269,1.1438028,-0.29360911,0.4072057,0.86485678,0
4.4782391,-0.78785682,2.1593704,0.93195522,-0.079400063,0.35377276,0
-4.7266417,0.030689716,-1.674931,-0.93195522,0.079400063,-0.35377276,0
4.1429873,0.61773562,1.6937759,-0.29360911,0.4072057,0.86485678,0
-3.2005241,1.3866674,-1.176754,0.21272796,0.90987861,-0.35618484,0
3.2031941,0.46721727,0.29905772,0.21272796,0.90987861,-0.35618484,0
4.5952244,-0.97210085,1.8098407,0.93195522,-0.079400063,0.35377276,0
-4.3206706,1.045979,-2.5165257,-0.93195522,0.079400063,-0.35377276,0
-0.43726516,1.0394115,-0.41349375,0.21272796,0.90987861,-0.35618484,0
4.907197,0.20356274,1.2518635,0.93195522,-0.079400063,0.35377276,0
-4.5119128,1.3448485,-1.9456506,-0.93195522,0.079400063,-0.35377276,0
-0.70929396,-0.75095236,0.46559489,-0.21272796,-0.90987861,0.35618484,0
-3.0942702,0.292377,-1.7662621,0.29360911,-0.4072057,-0.86485678,0
-4.5092759,0.58633256,-2.1228371,-0.93195522,0.079400063,-0.35377276,0
-2.3362861,0.82717359,-1.7607362,0.29360911,-0.4072057,-0.86485678,0
-2.877593,-0.16693276,-0.32018209,-0.29360911,0.4072057,0.86485678,0
4.6622977,-1.120921,1.5324368,0.29360911,-0.4072057,-0.86485678,0
-4.044734,0.84835529,-2.3507085,0.29360911,-0.4072057,-0.86485678,0
2.0862272,-1.1443515,0.66892219,0.29360911,-0.4072057,-0.86485678,0
3.0086474,0.057408571,1.5725021,-0.29360911,0.4072057,0.86485678,0
3.4820604,0.70823789,1.0812984,0.21272796,0.90987861,-0.35618484,0
-4.7825737,0.14164686,-1.5026865,-0.93195522,0.079400063,-0.35377276,0
4.8430896,-0.37156367,1.2916632,0.93195522,-0.079400063,0.35377276,0
4.6771302,-0.52459335,1.6945105,0.93195522,-0.079400063,0.35377276,0
-0.79246801,-0.0069806874,0.31238317,-0.29360911,0.4072057,0.86485678,0
-2.2358658,-0.72875988,-0.99405551,0.29360911,-0.4072057,-0.86485678,0
-4.1196337,1.4498012,-1.5644069,0.21272796,0.90987861,-0.35618484,0
-4.4884739,0.58893156,-2.1770544,-0.93195522,0.079400063,-0.35377276,0
-4.0342331,0.13636327,-0.85565138,-0.29360911,0.4072057,0.86485678,0
0.44768524,0.90665859,-0.22408456,0.21272796,0.90987861,-0.35618484,0
-2.7783051,-0.65384245,-0.52203345,-0.21272796,-0.90987861,0.35618484,0
3.6896787,0.17052221,1.7504468,-0.29360911,0.4072057,0.86485678,0
-4.6154079,0.23483706,-1.9221392,-0.93195522,0.079400063,-0.35377276,0
-4.9224014,-0.17527485,-1.205462,-0.93195522,0.079400063,-0.35377276,0
-0.43989128,-0.90494943,0.23310558,-0.21272796,-0.90987861,0.35618484,0
-0.95540857,0.91358775,-1.0443683,0.21272796,0.90987861,-0.35618484,0
-4.5021901,0.76120543,-2.1022563,-0.93195522,0.079400063,-0.35377276,0
1.5443255,0.70648468,-0.080473661,0.21272796,0.90987861,-0.35618484,0
-1.4601414,0.67872459,-0.23713911,-0.29360911,0.4072057,0.86485678,0
4.0020571,0.26396179,0.65624022,0.29360911,-0.4072057,-0.86485678,0
-0.00065994263,-0.51304209,-0.33679578,0.29360911,-0.4072057,-0.86485678,0
3.4314585,0.49539387,0.50736451,0.21272796,0.90987861,-0.35618484,0
-0.87491411,0.90883744,-1.0084287,0.21272796,0.90987861,-0.35618484,0
-2.3105822,0.53559804,-0.4584651,-0.29360911,0.4072057,0.86485678,0
4.3955698,-1.1504676,2.2957644,0.93195522,-0.079400063,0.35377276,0
4.0900888,-1.1059164,2.42522,-0.21272796,-0.90987861,0.35618484,0
-2.2009711,0.5717535,-1.5945377,0.29360911,-0.4072057,-0.86485678,0
-0.1527344,0.23566127,0.41532099,-0.29360911,0.4072057,0.86485678,0
4.3790445,-1.094041,2.3519616,0.93195522,-0.079400063,0.35377276,0
4.5451574,-0.26528478,2.1003695,0.93195522,-0.079400063,0.35377276,0
0.25387669,-0.01315397,0.67051208,-0.29360911,0.4072057,0.86485678,0
4.4309468,-1.0755659,2.2193799,0.93195522,-0.079400063,0.35377276,0
4.6882753,0.44884968,1.8836288,0.93195522,-0.079400063,0.35377276,0
-1.172606,1.0815243,-0.74509156,0.21272796,0.90987861,-0.35618484,0
-1.6009343,1.247592,-0.57668424,0.21272796,0.90987861,-0.35618484,0
-2.4452763,-0.144003,-0.18421173,-0.29360911,0.4072057,0.86485678,0
-0.32919371,1.1368343,-0.10008109,0.21272796,0.90987861,-0.35618484,0
4.3207312,0.54725766,1.1709599,0.21272796,0.90987861,-0.35618484,0
3.4521313,-0.28184319,1.882792,-0.29360911,0.4072057,0.86485678,0
-1.0026752,-1.0046682,-0.3577446,-0.21272796,-0.90987861,0.35618484,0
-4.4915757,0.28536105,-2.2370162,-0.93195522,0.079400063,-0.35377276,0
3.7858887,0.21143484,1.7638457,-0.29360911,0.4072057,0.86485678,0
-4.299983,-0.74709487,-1.6690559,-0.21272796,-0.90987861,0.35618484,0
1.645208,-1.2249017,0.66108918,-0.21272796,-0.90987861,0.35618484,0
1.3529139,-1.0703193,0.88140202,-0.21272796,-0.90987861,0.35618484,0
-4.6454716,0.38927007,-1.8082824,-0.93195522,0.079400063,-0.35377276,0
4.6643395,-0.49125969,1.7356877,0.93195522,-0.079400063,0.35377276,0
3.4098785,-1.0992979,2.0358782,-0.21272796,-0.90987861,0.35618484,0
0.062588751,-0.3559722,-0.38927779,0.29360911,-0.4072057,-0.86485678,0
-4.5371251,1.0393087,-1.9478087,-0.93195522,0.079400063,-0.35377276,0
-4.6657801,0.3774302,-1.183557,-0.29360911,0.4072057,0.86485678,0
-1.7270564,0.13004407,-0.069415212,-0.29360911,0.4072057,0.86485678,0
-1.1205363,0.94361663,-1.06628,0.21272796,0.90987861,-0.35618484,0
-0.46293211,1.1223387,-0.21698439,0.21272796,0.90987861,-0.35618484,0
4.3916297,-0.92944741,2.3557506,0.93195522,-0.079400063,0.35377276,0
-1.2677448,0.91946626,-0.28517246,-0.29360911,0.4072057,0.86485678,0
3.7886245,-0.9277156,1.1448669,0.29360911,-0.4072057,-0.86485678,0
2.1271243,0.83733582,0.60185826,0.21272796,0.90987861,-0.35618484,0
4.6377149,-0.82588923,1.730721,0.93195522,-0.079400063,0.35377276,0
-0.51845723,0.17036834,0.32190454,-0.29360911,0.4072057,0.86485678,0
-4.2225862,0.029055476,-0.86907053,-0.29360911,0.4072057,0.86485678,0
4.8056688,0.53911114,1.5946336,0.93195522,-0.079400063,0.35377276,0
4.3406124,-1.4172192,1.7796159,-0.21272796,-0.90987861,0.35618484,0
3.8228292,0.56168318,0.91044354,0.21272796,0.90987861,-0.35618484,0
2.3606095,0.38663948,1.1974871,-0.29360911,0.4072057,0.86485678,0
3.6473265,-1.1070329,2.1579318,-0.21272796,-0.90987861,0.35618484,0
1.4860542,0.93956637,0.48013461,0.21272796,0.90987861,-0.35618484,0
-0.84443516,0.23346704,-0.97473133,0.29360911,-0.4072057,-0.86485678,0
-3.7882512,1.310769,-1.7216516,0.21272796,0.90987861,-0.35618484,0
0.88442159,0.11769783,0.82296526,-0.29360911,0.4072057,0.86485678,0
-1.0372486,-0.86672652,-0.52217871,0.29360911,-0.4072057,-0.86485678,0
-0.91900432,-0.9090867,-0.063608944,-0.21272796,-0.90987861,0.35618484,0
4.7929668,0.3504436,1.5857501,0.93195522,-0.079400063,0.35377276,0
4.9203906,-0.11282408,1.1460986,0.93195522,-0.079400063,0.35377276,0
-1.8589861,1.1977013,-0.85824943,0.21272796,0.90987861,-0.35618484,0
-3.1682742,0.59865069,-1.9355903,0.29360911,-0.4072057,-0.86485678,0
4.9487724,0.29105866,0.96488094,0.29360911,-0.4072057,-0.86485678,0
-1.6836743,1.1506102,-0.87384081,0.21272796,0.90987861,-0.35618484,0
-4.6306705,1.2866094,-1.6458759,-0.93195522,0.079400063,-0.35377276,0
-4.7838449,-0.20181179,-1.5764217,-0.93195522,0.079400063,-0.35377276,0
-1.1357648,1.2110512,-0.39221013,0.21272796,0.90987861,-0.35618484,0
2.2679095,0.1160076,0.1371789,0.29360911,-0.4072057,-0.86485678,0
2.9479766,-1.3086799,1.2251427,-0.21272796,-0.90987861,0.35618484,0
-4.0594869,1.3340285,-1.4281282,-0.29360911,0.4072057,0.86485678,0
-4.9179344,-0.12210274,-1.2052956,-0.93195522,0.079400063,-0.35377276,0
-3.7539351,1.2160001,-1.9432459,0.21272796,0.90987861,-0.35618484,0
4.6138382,-1.2839751,1.6908097,0.93195522,-0.079400063,0.35377276,0
4.7781506,0.59480143,1.6796231,0.93195522,-0.079400063,0.35377276,0
3.987536,0.60015094,1.1070797,0.21272796,0.90987861,-0.35618484,0
4.7561927,0.39109111,1.6917486,0.93195522,-0.079400063,0.35377276,0
2.255291,0.66495568,0.23805737,0.21272796,0.90987861,-0.35618484,0
4.2299352,0.72173595,1.5624409,0.21272796,0.90987861,-0.35618484,0
-4.004199,-0.23114181,-0.67242002,-0.29360911,0.4072057,0.86485678,0
4.7439022,-0.57696998,1.506856,0.93195522,-0.079400063,0.35377276,0
-3.9746709,1.1297417,-2.2954254,0.21272796,0.90987861,-0.35618484,0
-0.06235671,0.75913477,-0.90555364,0.21272796,0.90987861,-0.35618484,0
4.8830919,0.30975688,1.3391995,0.93195522,-0.079400063,0.35377276,0
-1.1816328,1.0245919,-0.30543506,-0.29360911,0.4072057,0.86485678,0
-4.7502251,0.67868662,-1.46737,-0.93195522,0.079400063,-0.35377276,0
4.7050285,-1.0025556,1.5137453,0.93195522,-0.079400063,0.35377276,0
4.7194386,-0.41792154,1.6069975,0.93195522,-0.079400063,0.35377276,0
4.6968961,-0.67526364,1.608624,0.93195522,-0.079400063,0.35377276,0
4.7931156,-0.41121781,1.414413,0.93195522,-0.079400063,0.35377276,0
1.9611681,0.60524434,-0.090138316,0.21272796,0.90987861,-0.35618484,0
-4.8875036,-0.050520182,-1.2693934,-0.93195522,0.079400063,-0.35377276,0
3.6072791,0.57965267,0.82761216,0.21272796,0.90987861,-0.35618484,0
-4.5931153,1.4122796,-1.7166018,-0.93195522,0.079400063,-0.35377276,0
-4.1150804,1.3828509,-1.7327137,0.21272796,0.90987861,-0.35618484,0
4.7521276,-0.03628993,1.6065369,0.93195522,-0.079400063,0.35377276,0
-3.03234,-0.58267897,-0.49196553,-0.21272796,-0.90987861,0.35618484,0
1.3577522,-0.63708651,1.3390353,-0.29360911,0.4072057,0.86485678,0
-2.3695259,-0.07759127,-0.18976426,-0.29360911,0.4072057,0.86485678,0
4.5719204,-0.43645597,1.9914498,0.93195522,-0.079400063,0.35377276,0
2.5401328,-1.1500683,1.3867369,-0.21272796,-0.90987861,0.35618484,0
4.5934162,-0.49509406,1.9216619,0.93195522,-0.079400063,0.35377276,0
4.7151084,-0.98459482,1.4912219,0.93195522,-0.079400063,0.35377276,0
4.8780384,-0.22064686,1.2334685,0.93195522,-0.079400063,0.35377276,0
3.2474296,0.55236214,0.54298115,0.21272796,0.90987861,-0.35618484,0
-3.8193684,-0.58279228,-0.96229982,-0.21272796,-0.90987861,0.35618484,0
2.8988061,-1.0738356,1.7956889,-0.21272796,-0.90987861,0.35618484,0
-4.9375725,-0.41517651,-1.2193394,-0.93195522,0.079400063,-0.35377276,0
-0.42105061,-0.8679924,0.3387652,-0.21272796,-0.90987861,0.35618484,0
4.8496566,-0.33890975,1.2816939,0.93195522,-0.079400063,0.35377276,0
4.7276297,-0.053927422,1.6671143,0.93195522,-0.079400063,0.35377276,0
-3.9645858,-0.29767156,-0.62764716,-0.29360911,0.4072057,0.86485678,0
3.2012672,-0.25722492,0.62977457,0.29360911,-0.4072057,-0.86485678,0
-3.7747197,-0.53268695,-0.80763936,-0.21272796,-0.90987861,0.35618484,0
-4.8056774,-0.45168638,-1.5749893,-0.93195522,0.079400063,-0.35377276,0
4.6549997,0.27564526,1.9324141,0.93195522,-0.079400063,0.35377276,0
1.6285154,-1.2401659,0.55864692,0.29360911,-0.4072057,-0.86485678,0
1.6118069,-1.1857998,0.52737689,0.29360911,-0.4072057,-0.86485678,0
-2.6553736,-0.65881664,-0.46132064,-0.21272796,-0.90987861,0.35618484,0
0.84495485,0.052464366,0.84028089,-0.29360911,0.4072057,0.86485678,0
4.6784611,0.39243436,1.896821,0.93195522,-0.079400063,0.35377276,0
-4.8040161,0.39865959,-1.3885145,-0.93195522,0.079400063,-0.35377276,0
-2.1325889,-0.22225332,-1.1974757,0.29360911,-0.4072057,-0.86485678,0
4.4621992,-0.48782635,2.2689633,0.93195522,-0.079400063,0.35377276,0
-4.8732409,0.13203335,-1.2659965,-0.93195522,0.079400063,-0.35377276,0
-3.4297161,1.2705327,-1.6103044,0.21272796,0.90987861,-0.35618484,0
-3.607513,-0.15322447,-1.7306967,0.29360911,-0.4072057,-0.86485678,0
-4.1943407,0.54674673,-1.103229,-0.29360911,0.4072057,0.86485678,0
-4.5345478,1.228858,-1.9120564,-0.93195522,0.079400063,-0.35377276,0
-2.3668833,0.67093956,-1.6975629,0.29360911,-0.4072057,-0.86485678,0
-1.1998934,0.75320411,-0.18385541,-0.29360911,0.4072057,0.86485678,0
4.2485089,-1.2806654,1.4671741,0.29360911,-0.4072057,-0.86485678,0
0.76366591,-0.52066779,-0.073725343,0.29360911,-0.4072057,-0.86485678,0
-2.7005522,-0.80659175,-0.86579633,-0.21272796,-0.90987861,0.35618484,0
3.935729,-0.91017485,2.3428092,-0.29360911,0.4072057,0.86485678,0
0.47681212,-0.73045319,1.0839263,-0.29360911,0.4072057,0.86485678,0
-2.8207655,-0.40997386,-0.1864574,-0.29360911,0.4072057,0.86485678,0
4.5426168,-0.50781989,2.0526299,0.93195522,-0.079400063,0.35377276,0
3.0383275,0.8418113,1.1574981,0.21272796,0.90987861,-0.35618484,0
4.5054965,0.55621839,1.3042002,0.21272796,0.90987861,-0.35618484,0
-2.9440923,-0.59330183,-0.46639657,-0.21272796,-0.90987861,0.35618484,0
-3.6684496,-0.49837518,-1.5888751,0.29360911,-0.4072057,-0.86485678,0
2.0079782,-0.97661048,1.5120125,-0.21272796,-0.90987861,0.35618484,0
4.6644144,0.36533368,0.91149473,0.21272796,0.90987861,-0.35618484,0
3.7564492,-0.080977917,0.73526883,0.29360911,-0.4072057,-0.86485678,0
3.188009,0.18193603,1.5747614,-0.29360911,0.4072057,0.86485678,0
3.0341969,0.69329321,0.77563977,0.21272796,0.90987861,-0.35618484,0
-4.7930346,-0.30913401,-1.5763011,-0.93195522,0.079400063,-0.35377276,0
-0.95626152,0.36754352,-1.0758233,0.29360911,-0.4072057,-0.86485678,0
-4.6901083,0.93495345,-1.568222,-0.93195522,0.079400063,-0.35377276,0
1.2485644,-0.40804151,0.037863612,0.29360911,-0.4072057,-0.86485678,0
-0.54518759,-0.99597526,-0.062308159,-0.21272796,-0.90987861,0.35618484,0
-4.7213087,-0.23982406,-1.7496943,-0.93195522,0.079400063,-0.35377276,0
-4.8142195,-0.52486181,-1.5689092,-0.93195522,0.079400063,-0.35377276,0
4.6836157,-0.11022782,1.7704248,0.93195522,-0.079400063,0.35377276,0
4.1002469,-1.1932396,2.2082186,-0.21272796,-0.90987861,0.35618484,0
0.037955046,-0.86956501,0.60888451,-0.21272796,-0.90987861,0.35618484,0
-1.2276448,-0.69481403,0.29942077,-0.21272796,-0.90987861,0.35618484,0
4.5125418,-0.78626966,2.0693617,0.93195522,-0.079400063,0.35377276,0
-4.7773428,0.62392902,-1.4082236,-0.93195522,0.079400063,-0.35377276,0
0.2755796,0.41214129,-0.67862517,0.29360911,-0.4072057,-0.86485678,0
1.893046,0.83716917,0.82662892,-0.29360911,0.4072057,0.86485678,0
0.022477508,0.98069334,0.12401566,-0.29360911,0.4072057,0.86485678,0
-0.27221674,-0.78123045,-0.30271351,0.29360911,-0.4072057,-0.86485678,0
3.2693696,-0.565072,0.79783964,0.29360911,-0.4072057,-0.86485678,0
0.83132207,0.3893083,-0.47920632,0.29360911,-0.4072057,-0.86485678,0
-2.5156937,-0.15902483,-1.3573058,0.29360911,-0.4072057,-0.86485678,0
4.6405997,-1.2186284,1.6349759,0.93195522,-0.079400063,0.35377276,0
2.6532083,-0.079300761,1.5162024,-0.29360911,0.4072057,0.86485678,0
-2.3286464,-0.70449531,-0.38287282,-0.21272796,-0.90987861,0.35618484,0
-0.37369126,0.96328318,-0.56999546,0.21272796,0.90987861,-0.35618484,0
0.3503947,0.57110089,-0.7280702,0.29360911,-0.4072057,-0.86485678,0
1.0397894,0.68362916,-0.44018751,0.21272796,0.90987861,-0.35618484,0
-1.0522021,-0.88160259,-0.072951257,-0.21272796,-0.90987861,0.35618484,0
-4.5917535,1.4492431,-1.7118936,-0.93195522,0.079400063,-0.35377276,0
-3.3840389,1.1294355,-1.9434586,0.21272796,0.90987861,-0.35618484,0
2.1268516,0.74331623,0.36152112,0.21272796,0.90987861,-0.35618484,0
0.82077742,0.759112,-0.37816843,0.21272796,0.90987861,-0.35618484,0
4.8283505,-0.3728143,1.3302116,0.93195522,-0.079400063,0.35377276,0
-4.5707121,1.0218947,-1.8632388,-0.93195522,0.079400063,-0.35377276,0
-3.5461698,-0.46354556,-0.4945178,-0.21272796,-0.90987861,0.35618484,0
-2.527564,1.0403427,-0.76977992,-0.29360911,0.4072057,0.86485678,0
-1.6379416,1.0893941,-0.49085832,-0.29360911,0.4072057,0.86485678,0
1.7837744,-0.0028632879,1.1850499,-0.29360911,0.4072057,0.86485678,0
-4.6957488,0.62961197,-1.6218939,-0.93195522,0.079400063,-0.35377276,0
-4.3711395,0.80847979,-2.4368768,-0.93195522,0.079400063,-0.35377276,0
0.12635958,-0.12673366,-0.47556201,0.29360911,-0.4072057,-0.86485678,0
2.2823062,0.91498363,0.89289176,0.21272796,0.90987861,-0.35618484,0
-3.6145322,0.41524309,-0.84447408,-0.29360911,0.4072057,0.86485678,0
-1.5928574,1.2231346,-0.63433695,0.21272796,0.90987861,-0.35618484,0
-2.6160395,-0.68060666,-0.49349165,-0.21272796,-0.90987861,0.35618484,0
-1.164064,-0.77206469,0.14005613,-0.21272796,-0.90987861,0.35618484,0
-0.19286066,-1.0127543,0.10525331,-0.21272796,-0.90987861,0.35618484,0
4.8452029,-0.40811288,1.2778935,0.93195522,-0.079400063,0.35377276,0
-0.89912999,-0.59885579,0.55484879,-0.29360911,0.4072057,0.86485678,0
-4.6875362,0.4507587,-1.6836691,-0.93195522,0.079400063,-0.35377276,0
-3.765012,0.82132268,-2.2430177,0.29360911,-0.4072057,-0.86485678,0
-4.1448941,0.22491503,-2.0911732,0.29360911,-0.4072057,-0.86485678,0
0.97997612,-0.018433899,-0.2367602,0.29360911,-0.4072057,-0.86485678,0
0.26222926,0.84406495,-0.49474269,0.21272796,0.90987861,-0.35618484,0
-4.1096907,-0.69912195,-1.6441526,0.29360911,-0.4072057,-0.86485678,0
-4.825078,0.044031978,-1.4126239,-0.93195522,0.079400063,-0.35377276,0
4.3159933,0.65575886,1.4452982,0.21272796,0.90987861,-0.35618484,0
-1.4025664,1.0913934,-0.41189241,-0.29360911,0.4072057,0.86485678,0
-4.4419117,1.017766,-2.2034678,-0.93195522,0.079400063,-0.35377276,0
2.9565423,0.82406461,1.0633187,0.21272796,0.90987861,-0.35618484,0
4.4633169,-0.5156126,2.2597814,0.93195522,-0.079400063,0.35377276,0
-0.96881843,-0.91297841,-0.47717035,0.29360911,-0.4072057,-0.86485678,0
-4.9245901,-0.29983675,-1.227653,-0.93195522,0.079400063,-0.35377276,0
-3.8087645,-0.76414299,-1.4192295,-0.21272796,-0.90987861,0.35618484,0
-4.2327776,0.48263907,-1.0860939,-0.29360911,0.4072057,0.86485678,0
-4.6381969,0.99631298,-1.6912022,-0.93195522,0.079400063,-0.35377276,0
0.42936516,0.44562811,0.51407743,-0.29360911,0.4072057,0.86485678,0
1.3317552,0.9831661,0.49935687,0.21272796,0.90987861,-0.35618484,0
2.1686201,-0.097002029,1.3600247,-0.29360911,0.4072057,0.86485678,0
4.5721145,-0.54227614,1.9671888,0.93195522,-0.079400063,0.35377276,0
-4.5031085,0.73514104,-2.1056867,-0.93195522,0.079400063,-0.35377276,0
-2.4123943,1.3213954,-0.87278938,0.21272796,0.90987861,-0.35618484,0
-2.985538,-0.40355325,-1.4016798,0.29360911,-0.4072057,-0.86485678,0
-4.4153795,1.0350091,-2.2694912,-0.93195522,0.079400063,-0.35377276,0
-4.9319029,-0.28084886,-1.2041268,-0.93195522,0.079400063,-0.35377276,0
-4.6630683,-0.053038716,-0.97995663,-0.29360911,0.4072057,0.86485678,0
-1.3036352,0.36493573,-0.036263943,-0.29360911,0.4072057,0.86485678,0
-1.6680754,1.1963984,-0.55146956,-0.29360911,0.4072057,0.86485678,0
3.1213813,-0.90951252,2.0660353,-0.29360911,0.4072057,0.86485678,0
4.8023071,0.18260741,1.5234771,0.93195522,-0.079400063,0.35377276,0
4.7085609,0.22985363,1.7810383,0.93195522,-0.079400063,0.35377276,0
2.5476222,0.18558764,0.1993773,0.29360911,-0.4072057,-0.86485678,0
-0.27799451,-0.88578862,0.3787435,-0.21272796,-0.90987861,0.35618484,0
4.5574846,-0.68631947,1.9734001,0.93195522,-0.079400063,0.35377276,0
-0.081410706,-0.76426321,0.80658925,-0.21272796,-0.90987861,0.35618484,0
-1.3133438,-0.92889774,-0.34973174,-0.21272796,-0.90987861,0.35618484,0
3.09373,0.29059303,1.4915953,-0.29360911,0.4072057,0.86485678,0
-4.9645839,-0.28523803,-1.11902,-0.93195522,0.079400063,-0.35377276,0
2.9751184,0.40783298,1.3961272,-0.29360911,0.4072057,0.86485678,0
-4.707304,0.98975736,-1.4859595,-0.29360911,0.4072057,0.86485678,0
-2.6009867,1.3265498,-0.97225714,0.21272796,0.90987861,-0.35618484,0
-1.3414049,-0.6453259,0.35789675,-0.21272796,-0.90987861,0.35618484,0
4.4071546,0.079290986,0.88071585,0.29360911,-0.4072057,-0.86485678,0
1.3213941,0.83025527,0.10255617,0.21272796,0.90987861,-0.35618484,0
0.16489077,-1.0640943,0.18776828,-0.21272796,-0.90987861,0.35618484,0
4.54182,-0.51013088,2.0542088,0.93195522,-0.079400063,0.35377276,0
-3.9535494,1.104377,-2.3476048,0.21272796,0.90987861,-0.35618484,0
-4.9846859,-0.1640861,-1.0388727,-0.93195522,0.079400063,-0.35377276,0
-2.4652624,-0.88039267,-0.91379762,-0.21272796,-0.90987861,0.35618484,0
4.8203449,0.34080577,1.5114651,0.93195522,-0.079400063,0.35377276,0
0.12150294,0.95960593,-0.2836394,0.21272796,0.90987861,-0.35618484,0
4.5218315,-1.0963323,1.9752998,0.93195522,-0.079400063,0.35377276,0
0.79246414,-0.94981146,0.13810754,0.29360911,-0.4072057,-0.86485678,0
-4.494287,0.48134065,-2.1858873,-0.93195522,0.079400063,-0.35377276,0
-2.0100746,-0.77348107,-0.36883378,-0.21272796,-0.90987861,0.35618484,0
4.2496319,0.24548531,0.74898863,0.29360911,-0.4072057,-0.86485678,0
-4.3168983,1.001159,-2.5150509,0.29360911,-0.4072057,-0.86485678,0
3.5951686,-1.0888197,2.1733069,-0.21272796,-0.90987861,0.35618484,0
4.3828111,-1.2711281,2.1780105,-0.21272796,-0.90987861,0.35618484,0
-3.4257157,1.0674523,-2.1266861,0.21272796,0.90987861,-0.35618484,0
1.7277052,-0.18639421,1.2524279,-0.29360911,0.4072057,0.86485678,0
0.54043329,-1.0276992,0.50502872,-0.21272796,-0.90987861,0.35618484,0
-4.6396074,0.39812779,-1.8217421,-0.93195522,0.079400063,-0.35377276,0
2.7392738,-1.13941,1.5328991,-0.21272796,-0.90987861,0.35618484,0
-2.1381512,0.84239322,-0.54437709,-0.29360911,0.4072057,0.86485678,0
-1.2270205,1.0200975,-0.93450511,0.21272796,0.90987861,-0.35618484,0
-0.74985611,0.015712023,-0.84009594,0.29360911,-0.4072057,-0.86485678,0
-4.5606828,0.45651007,-2.0165524,-0.93195522,0.079400063,-0.35377276,0
3.5407238,-0.32907802,0.77884746,0.29360911,-0.4072057,-0.86485678,0
4.0889478,-0.43615484,2.1716394,-0.29360911,0.4072057,0.86485678,0
0.68377078,0.28245497,0.67727292,-0.29360911,0.4072057,0.86485678,0
4.4515901,-0.54730749,2.2835603,0.93195522,-0.079400063,0.35377276,0
4.7308249,-0.20456195,1.6248879,0.93195522,-0.079400063,0.35377276,0
4.3549843,-0.48172784,2.2834134,-0.29360911,0.4072057,0.86485678,0
4.919292,0.2767961,1.2364388,0.93195522,-0.079400063,0.35377276,0
1.6153996,-0.95661414,1.3286297,-0.21272796,-0.90987861,0.35618484,0
-4.5165734,0.39109516,-2.1474328,-0.93195522,0.079400063,-0.35377276,0
0.3503406,-1.1277003,0.13604414,-0.21272796,-0.90987861,0.35618484,0
4.4777002,-0.41372633,2.2447581,0.93195522,-0.079400063,0.35377276,0
-4.5484514,1.0535787,-1.9147701,-0.93195522,0.079400063,-0.35377276,0
-4.6796227,0.010267377,-1.0153832,-0.29360911,0.4072057,0.86485678,0
1.9522364,0.64131427,0.93893898,-0.29360911,0.4072057,0.86485678,0
-4.3689184,0.95808196,-2.4091525,-0.93195522,0.079400063,-0.35377276,0
4.5940876,-0.25901008,1.9728789,0.93195522,-0.079400063,0.35377276,0
4.4884224,-0.59282112,2.1763172,0.93195522,-0.079400063,0.35377276,0
-4.5443354,1.0707017,-1.9217682,-0.93195522,0.079400063,-0.35377276,0
-4.3226719,1.4769077,-1.6164255,0.21272796,0.90987861,-0.35618484,0
-3.6005042,0.68826556,-2.1245213,0.29360911,-0.4072057,-0.86485678,0
1.8878899,-0.70696652,0.39565229,0.29360911,-0.4072057,-0.86485678,0
3.3900719,0.73518217,1.3828716,-0.29360911,0.4072057,0.86485678,0
1.8462601,0.72199351,0.13947129,0.21272796,0.90987861,-0.35618484,0
3.0121081,-1.2689776,1.3648646,-0.21272796,-0.90987861,0.35618484,0
4.1000338,0.5264554,1.7221715,-0.29360911,0.4072057,0.86485678,0
-0.86223686,0.42065156,0.087352872,-0.29360911,0.4072057,0.86485678,0
-4.6234488,-0.11404371,-1.9792609,-0.93195522,0.079400063,-0.35377276,0
-2.3203621,0.93792146,-0.65121341,-0.29360911,0.4072057,0.86485678,0
-2.7446494,-0.72388291,-0.68085194,-0.21272796,-0.90987861,0.35618484,0
-0.63631541,1.0848345,-0.41634107,0.21272796,0.90987861,-0.35618484,0
-3.4818797,1.2862502,-1.6013079,0.21272796,0.90987861,-0.35618484,0
-3.3217497,0.45167571,-0.76223135,-0.29360911,0.4072057,0.86485678,0
-0.049020708,-0.74363303,0.8786341,-0.21272796,-0.90987861,0.35618484,0
3.1298828,0.64557707,0.71089554,0.21272796,0.90987861,-0.35618484,0
3.9136686,-0.43201876,2.1101871,-0.29360911,0.4072057,0.86485678,0
-1.2339635,1.2023404,-0.47311044,0.21272796,0.90987861,-0.35618484,0
-4.2529206,-0.72206092,-1.681977,0.29360911,-0.4072057,-0.86485678,0
4.5861397,-1.1210536,1.8003416,0.93195522,-0.079400063,0.35377276,0
4.6877689,0.015841961,1.7877784,0.93195522,-0.079400063,0.35377276,0
-0.81876951,-0.73955905,0.42931601,-0.21272796,-0.90987861,0.35618484,0
4.8212838,-0.36154532,1.3513556,0.93195522,-0.079400063,0.35377276,0
1.1744535,-0.60608971,0.10595202,0.29360911,-0.4072057,-0.86485678,0
0.53140324,-0.856305,0.93746459,-0.21272796,-0.90987861,0.35618484,0
-4.5755038,0.006146431,-2.0785885,-0.93195522,0.079400063,-0.35377276,0
2.1871428,0.65009248,0.15938807,0.21272796,0.90987861,-0.35618484,0
4.4694104,-0.96670067,2.1424875,0.93195522,-0.079400063,0.35377276,0
0.88033807,-0.86888528,1.113726,-0.21272796,-0.90987861,0.35618484,0
-0.31541699,-1.0089831,-0.21014538,0.29360911,-0.4072057,-0.86485678,0
2.5773718,0.31924391,1.3028076,-0.29360911,0.4072057,0.86485678,0
4.4636049,-1.0792449,2.1325231,0.93195522,-0.079400063,0.35377276,0
4.2059932,-1.1347145,2.4208779,-0.21272796,-0.90987861,0.35618484,0
-4.4955382,1.3594395,-1.9855142,-0.93195522,0.079400063,-0.35377276,0
4.7664089,-0.0034871101,1.5762768,0.93195522,-0.079400063,0.35377276,0
-3.9177232,1.3099759,-1.3686762,-0.29360911,0.4072057,0.86485678,0
-4.6927547,-0.016014099,-1.774683,-0.93195522,0.079400063,-0.35377276,0
-2.6724229,1.0588237,-1.6988313,0.21272796,0.90987861,-0.35618484,0
4.9408159,0.029022455,1.1241269,0.93195522,-0.079400063,0.35377276,0
4.8751383,0.36981213,1.0487876,0.21272796,0.90987861,-0.35618484,0
-1.6404431,0.23625958,-1.2462821,0.29360911,-0.4072057,-0.86485678,0
-2.5649252,0.50982487,-1.6889377,0.29360911,-0.4072057,-0.86485678,0
4.7450247,-0.70774209,1.4745488,0.93195522,-0.079400063,0.35377276,0
-4.3404999,1.0973788,-2.4527521,-0.93195522,0.079400063,-0.35377276,0
-4.4484611,1.0934985,-2.1692171,-0.93195522,0.079400063,-0.35377276,0
-0.30285728,1.0465215,-0.31505716,0.21272796,0.90987861,-0.35618484,0
-3.5262926,-0.64895332,-0.95627236,-0.21272796,-0.90987861,0.35618484,0
-0.9221372,1.1402675,-0.44544089,0.21272796,0.90987861,-0.35618484,0
-4.8459735,-0.31505489,-1.4381704,-0.93195522,0.079400063,-0.35377276,0
1.4119925,-1.0162745,1.0547438,-0.21272796,-0.90987861,0.35618484,0
-4.6199012,-0.22733855,-2.0140333,-0.93195522,0.079400063,-0.35377276,0
-2.0548604,1.1688933,-1.0488241,0.21272796,0.90987861,-0.35618484,0
3.4605865,0.066026926,0.56561184,0.29360911,-0.4072057,-0.86485678,0
3.574224,0.70742977,1.1342776,0.21272796,0.90987861,-0.35618484,0
3.9447765,-0.8743453,2.329011,-0.29360911,0.4072057,0.86485678,0
2.0641506,0.7631045,0.37462294,0.21272796,0.90987861,-0.35618484,0
-4.444716,0.72418427,-2.261972,-0.93195522,0.079400063,-0.35377276,0
-4.7147589,0.98244679,-1.4926243,-0.93195522,0.079400063,-0.35377276,0
3.5363212,-0.1461606,1.8474891,-0.29360911,0.4072057,0.86485678,0
-4.7744522,-0.12694287,-1.5843625,-0.93195522,0.079400063,-0.35377276,0
-4.3789687,1.1257952,-2.3450341,-0.93195522,0.079400063,-0.35377276,0
3.4332733,-0.26782084,1.8697882,-0.29360911,0.4072057,0.86485678,0
-4.4717946,0.52060699,-2.2363267,-0.93195522,0.079400063,-0.35377276,0
2.7732506,-1.2845612,1.1824009,-0.21272796,-0.90987861,0.35618484,0
2.2174685,0.59767711,0.043604255,0.21272796,0.90987861,-0.35618484,0
-2.2689786,1.1022384,-1.3469744,0.21272796,0.90987861,-0.35618484,0
-4.5336576,0.89085865,-1.9902616,-0.93195522,0.079400063,-0.35377276,0
2.3288579,-1.2649368,0.96712232,-0.21272796,-0.90987861,0.35618484,0
-2.2396502,-0.75940114,-0.46997809,-0.21272796,-0.90987861,0.35618484,0
-4.122839,0.91924709,-1.2543416,-0.29360911,0.4072057,0.86485678,0
-3.6111248,1.361383,-1.4865704,0.21272796,0.90987861,-0.35618484,0
2.0151858,0.71159512,0.21379793,0.21272796,0.90987861,-0.35618484,0
-4.1031456,0.71686935,-2.3086295,0.29360911,-0.4072057,-0.86485678,0
-2.968904,-0.53850514,-0.34123611,-0.21272796,-0.90987861,0.35618484,0
-4.5646696,0.546911,-1.9857612,-0.93195522,0.079400063,-0.35377276,0
2.8604259,0.82410336,1.0060127,0.21272796,0.90987861,-0.35618484,0
-4.1519608,1.001395,-2.459167,0.29360911,-0.4072057,-0.86485678,0
-4.5050697,0.48606992,-2.1564212,-0.93195522,0.079400063,-0.35377276,0
4.5488653,-0.70915914,1.9909801,0.93195522,-0.079400063,0.35377276,0
3.649262,-1.2607766,1.2543716,0.29360911,-0.4072057,-0.86485678,0
2.1847854,-0.5705536,0.43221688,0.29360911,-0.4072057,-0.86485678,0
4.7687325,-0.58549857,1.4395308,0.93195522,-0.079400063,0.35377276,0
-1.8801274,0.69443423,-0.38711619,-0.29360911,0.4072057,0.86485678,0
-3.2682135,-0.76209307,-1.0911539,-0.21272796,-0.90987861,0.35618484,0
-4.8462019,-0.3240087,-1.4395781,-0.93195522,0.079400063,-0.35377276,0
-0.98001009,-0.91679066,-0.1197238,-0.21272796,-0.90987861,0.35618484,0
-0.41821355,-0.98583579,-0.25594223,0.29360911,-0.4072057,-0.86485678,0
3.0283489,-1.3555055,1.153527,-0.21272796,-0.90987861,0.35618484,0
-0.075258017,-0.59487832,0.83267128,-0.29360911,0.4072057,0.86485678,0
-0.68539214,-1.0308845,-0.23522002,-0.21272796,-0.90987861,0.35618484,0
-4.4367805,0.5860486,-2.3138785,-0.93195522,0.079400063,-0.35377276,0
0.27417332,-0.90990859,0.64690542,-0.21272796,-0.90987861,0.35618484,0
