0.90624356,-0.13861901,-0.38266456,0.47544956,0.75373602,-0.4536846,0
1.6425438,-1.441662,0.42830253,-0.47544956,-0.75373602,0.4536846,0
-1.9812632,1.5082208,0.51342905,-0.68308073,0.64126998,0.34953326,0
-1.0003195,0.37105855,0.67024267,-0.47544956,-0.75373602,0.4536846,0
-1.527449,1.5614916,1.3025692,-0.68308073,0.64126998,0.34953326,0
1.0343082,-0.97371703,-1.6358594,0.47544956,0.75373602,-0.4536846,0
0.86385643,-1.7857463,-2.1879773,0.68308073,-0.64126998,-0.34953326,0
-0.81447798,0.70635045,1.4220419,-0.47544956,-0.75373602,0.4536846,0
1.0072273,0.26623094,0.3957676,0.47544956,0.75373602,-0.4536846,0
0.69359148,1.2648072,1.7260859,0.47544956,0.75373602,-0.4536846,0
1.716712,-0.3431645,0.12686014,0.47544956,0.75373602,-0.4536846,0
1.1943781,-1.4248165,-2.2042289,0.68308073,-0.64126998,-0.34953326,0
0.35698071,-0.088265568,-0.87462223,0.47544956,0.75373602,-0.4536846,0
-2.0898321,1.7505164,-0.14327025,-0.68308073,0.64126998,0.34953326,0
-2.6709466,1.3548334,-0.55298364,-0.68308073,0.64126998,0.34953326,0
-2.0777307,0.5496465,-1.1309742,-0.55439013,-0.14371777,-0.81975406,0
-2.5173154,0.77663249,-0.8734827,-0.55439013,-0.14371777,-0.81975406,0
1.195827,-1.6814131,-1.7306331,0.68308073,-0.64126998,-0.34953326,0
-0.42414576,-1.1754246,-1.2952163,-0.47544956,-0.75373602,0.4536846,0
1.7120037,-0.37729859,1.3480952,0.55439013,0.14371777,0.81975406,0
0.57251346,-1.3844991,-2.5842123,-0.55439013,-0.14371777,-0.81975406,0
2.0561264,-1.6854908,-0.041898608,0.68308073,-0.64126998,-0.34953326,0
0.2546362,0.76276374,0.43199438,0.47544956,0.75373602,-0.4536846,0
-2.4748685,0.45320496,-0.84548628,-0.55439013,-0.14371777,-0.81975406,0
-0.41883168,1.3337796,2.489171,0.55439013,0.14371777,0.81975406,0
0.66847354,-0.78914386,0.49157345,-0.47544956,-0.75373602,0.4536846,0
-2.1516657,1.5679243,0.070882678,-0.68308073,0.64126998,0.34953326,0
-0.20945483,1.4501503,2.3271701,0.55439013,0.14371777,0.81975406,0
0.51625133,-1.9283093,-2.4508233,-0.55439013,-0.14371777,-0.81975406,0
0.65826786,-0.43589661,1.0677512,-0.47544956,-0.75373602,0.4536846,0
-0.96143144,1.6893766,2.1740937,-0.68308073,0.64126998,0.34953326,0
-2.6290269,1.0779111,0.036992908,-0.68308073,0.64126998,0.34953326,0
0.42894179,0.90744507,1.9905763,0.55439013,0.14371777,0.81975406,0
0.11191767,0.82302439,2.2197762,0.55439013,0.14371777,0.81975406,0
-0.97702271,2.0588644,1.465745,-0.68308073,0.64126998,0.34953326,0
2.4446394,-1.357051,0.11478806,0.68308073,-0.64126998,-0.34953326,0
-0.043067753,1.5650053,2.1945086,0.55439013,0.14371777,0.81975406,0
-2.0347943,1.390807,0.62422788,-0.68308073,0.64126998,0.34953326,0
0.52237356,1.0955218,1.894416,0.55439013,0.14371777,0.81975406,0
1.373206,-1.6924298,-1.3637756,0.68308073,-0.64126998,-0.34953326,0
1.19609,-1.8184147,-1.4787697,0.68308073,-0.64126998,-0.34953326,0
-0.83667433,-0.3238506,-0.31275985,-0.47544956,-0.75373602,0.4536846,0
1.5876565,-1.9270126,-0.51430631,0.68308073,-0.64126998,-0.34953326,0
0.97929364,-0.64941001,-1.1547207,0.47544956,0.75373602,-0.4536846,0
0.90449899,-1.5332571,-2.571779,0.68308073,-0.64126998,-0.34953326,0
0.29246604,1.1893628,2.0334477,0.55439013,0.14371777,0.81975406,0
0.09596689,-0.62487924,0.16450517,-0.47544956,-0.75373602,0.4536846,0
-2.2801495,0.37899375,-0.65780246,-0.47544956,-0.75373602,0.4536846,0
1.6732404,-1.5939777,-0.95805359,0.68308073,-0.64126998,-0.34953326,0
0.0074697733,1.8069293,2.1179166,0.55439013,0.14371777,0.81975406,0
0.12075728,-1.1299573,-2.3233209,-0.55439013,-0.14371777,-0.81975406,0
-0.84426427,-0.001957953,-1.8684467,-0.55439013,-0.14371777,-0.81975406,0
0.76466841,-2.1440456,-1.7244645,0.68308073,-0.64126998,-0.34953326,0
-0.31986612,-0.15382618,-1.69286,0.47544956,0.75373602,-0.4536846,0
0.54975694,-0.3820439,1.0435035,-0.47544956,-0.75373602,0.4536846,0
1.2150018,-2.0071666,-1.0955182,0.68308073,-0.64126998,-0.34953326,0
-1.5456054,1.6996577,1.0136007,-0.68308073,0.64126998,0.34953326,0
0.64562827,0.83912617,1.856011,0.55439013,0.14371777,0.81975406,0
2.0056751,-1.319638,1.0115809,-0.47544956,-0.75373602,0.4536846,0
2.5495145,-1.6799543,0.91215509,0.68308073,-0.64126998,-0.34953326,0
-1.1947719,0.56929696,0.79580814,-0.47544956,-0.75373602,0.4536846,0
-0.73705816,1.0925896,-0.059314132,0.47544956,0.75373602,-0.4536846,0
-0.79662704,1.1649199,2.202601,-0.47544956,-0.75373602,0.4536846,0
1.1433529,-2.0016115,-1.0251173,-0.47544956,-0.75373602,0.4536846,0
-2.1826358,0.31268638,-0.66577148,-0.47544956,-0.75373602,0.4536846,0
2.0117536,-1.7365044,-0.035022855,0.68308073,-0.64126998,-0.34953326,0
-1.3920221,0.84673643,-1.1541511,0.47544956,0.75373602,-0.4536846,0
1.7791404,0.021477461,0.79808718,0.47544956,0.75373602,-0.4536846,0
1.9677718,-0.4769797,1.1925981,0.55439013,0.14371777,0.81975406,0
1.0897002,-1.1240244,0.37664893,-0.47544956,-0.75373602,0.4536846,0
-0.13375218,1.3086303,0.93185765,0.47544956,0.75373602,-0.4536846,0
0.20026261,-1.0036297,-2.3992369,-0.55439013,-0.14371777,-0.81975406,0
2.6716485,-1.0363641,0.81464463,0.55439013,0.14371777,0.81975406,0
-0.96379477,-0.61359787,-1.6803781,-0.55439013,-0.14371777,-0.81975406,0
1.6435485,-1.6148952,-0.97770298,0.68308073,-0.64126998,-0.34953326,0
1.8593416,-0.96201146,1.350963,0.55439013,0.14371777,0.81975406,0
2.0301716,-1.6343237,-0.18649483,0.68308073,-0.64126998,-0.34953326,0
-0.9290626,1.6341152,2.3387368,-0.68308073,0.64126998,0.34953326,0
-0.51105309,0.63215345,1.6167552,-0.47544956,-0.75373602,0.4536846,0
1.0337473,0.38580024,0.622208,0.47544956,0.75373602,-0.4536846,0
1.5908209,-1.2481909,0.69552416,-0.47544956,-0.75373602,0.4536846,0
0.33095753,-1.4667466,-2.4064314,-0.55439013,-0.14371777,-0.81975406,0
-1.6348237,0.15271527,-0.35744917,-0.47544956,-0.75373602,0.4536846,0
2.1409717,-0.93184227,-0.40653574,0.47544956,0.75373602,-0.4536846,0
0.98890579,-1.7712431,-1.9702058,0.68308073,-0.64126998,-0.34953326,0
-0.60226196,-0.16454341,0.1975657,-0.47544956,-0.75373602,0.4536846,0
2.1187596,-0.18540531,1.0393685,0.55439013,0.14371777,0.81975406,0
0.57250273,-2.1063585,-2.1691489,0.68308073,-0.64126998,-0.34953326,0
-0.41668129,1.7647265,2.4121637,0.55439013,0.14371777,0.81975406,0
-1.5565767,0.24908224,-0.11534756,-0.47544956,-0.75373602,0.4536846,0
-0.53728473,0.39982724,-1.0008883,0.47544956,0.75373602,-0.4536846,0
1.7933928,-1.0848614,1.1791644,-0.47544956,-0.75373602,0.4536846,0
1.3284286,0.26655033,0.73290884,0.47544956,0.75373602,-0.4536846,0
2.6705565,-0.82400858,0.77815348,0.55439013,0.14371777,0.81975406,0
0.88709652,-1.9713043,-1.8021268,0.68308073,-0.64126998,-0.34953326,0
0.20915067,0.62530911,2.1886818,0.55439013,0.14371777,0.81975406,0
-2.3476632,1.5007634,-0.1889323,-0.68308073,0.64126998,0.34953326,0
2.0494905,-1.4138045,-0.55331576,0.68308073,-0.64126998,-0.34953326,0
1.0733964,-1.9583367,-1.4618378,0.68308073,-0.64126998,-0.34953326,0
2.1393182,-1.5120509,-0.19752061,0.68308073,-0.64126998,-0.34953326,0
-0.28239214,1.0679185,0.37617648,0.47544956,0.75373602,-0.4536846,0
-0.48966509,0.1841799,0.89492124,-0.47544956,-0.75373602,0.4536846,0
-0.97177154,-0.096319556,-1.7656716,-0.55439013,-0.14371777,-0.81975406,0
1.8784096,-0.28069857,1.218621,0.55439013,0.14371777,0.81975406,0
1.807843,-1.5927472,-0.69726205,0.68308073,-0.64126998,-0.34953326,0
-2.7885265,1.3564976,-0.78581947,-0.68308073,0.64126998,0.34953326,0
-1.6411053,0.88399279,-1.3532872,0.47544956,0.75373602,-0.4536846,0
0.28962535,-0.17092298,-1.0825331,0.47544956,0.75373602,-0.4536846,0
-1.4661255,0.36725289,-1.5126185,-0.55439013,-0.14371777,-0.81975406,0
1.4877143,-0.46225947,1.5146748,0.55439013,0.14371777,0.81975406,0
-2.0835705,0.86183572,0.350384,-0.47544956,-0.75373602,0.4536846,0
0.73339927,0.05296886,1.9344803,0.55439013,0.14371777,0.81975406,0
-0.89799583,1.6921926,2.2928977,-0.68308073,0.64126998,0.34953326,0
-2.3831363,0.85468596,0.024568796,-0.47544956,-0.75373602,0.4536846,0
-1.5174061,1.6445305,1.1698488,-0.68308073,0.64126998,0.34953326,0
1.017164,0.043574274,1.7442205,0.55439013,0.14371777,0.81975406,0
0.33184555,0.46480274,0.017885512,0.47544956,0.75373602,-0.4536846,0
-0.86303651,1.4322742,0.3730042,0.47544956,0.75373602,-0.4536846,0
0.88748682,-1.7567468,-2.1950006,0.68308073,-0.64126998,-0.34953326,0
0.39694029,1.4468865,1.9176445,0.55439013,0.14371777,0.81975406,0
0.9548918,-1.1582398,-2.0256457,0.47544956,0.75373602,-0.4536846,0
-2.6924736,1.0896201,-0.10848022,-0.68308073,0.64126998,0.34953326,0
-0.87079513,2.1214972,1.5099249,0.47544956,0.75373602,-0.4536846,0
2.4157662,-1.6074679,0.51778841,0.68308073,-0.64126998,-0.34953326,0
-1.6871071,0.43638429,0.05903697,-0.47544956,-0.75373602,0.4536846,0
1.1823412,-1.3598493,-2.1222317,0.47544956,0.75373602,-0.4536846,0
-0.25330719,-0.045108765,0.76168579,-0.47544956,-0.75373602,0.4536846,0
2.1818199,-1.7385397,0.30106568,0.68308073,-0.64126998,-0.34953326,0
-0.15840244,-1.3635852,-2.0935688,-0.55439013,-0.14371777,-0.81975406,0
-1.819042,1.3282282,1.160675,-0.68308073,0.64126998,0.34953326,0
0.63782662,-2.0158968,-2.2074544,0.68308073,-0.64126998,-0.34953326,0
0.034273162,-0.59672397,0.14662783,-0.47544956,-0.75373602,0.4536846,0
2.1562183,-0.68992114,1.1024864,0.55439013,0.14371777,0.81975406,0
1.8823633,-1.5572946,0.48751897,-0.47544956,-0.75373602,0.4536846,0
-0.88659906,-1.0460936,-1.6567602,-0.55439013,-0.14371777,-0.81975406,0
0.65213728,0.69389164,0.73414338,0.47544956,0.75373602,-0.4536846,0
0.24376118,-0.98299098,-2.4322729,-0.55439013,-0.14371777,-0.81975406,0
-2.6233454,1.3824669,-0.9079898,-0.55439013,-0.14371777,-0.81975406,0
-0.14584024,-1.0938663,-0.86806154,-0.47544956,-0.75373602,0.4536846,0
-1.1607471,1.4563588,0.10102475,0.47544956,0.75373602,-0.4536846,0
-2.6117902,0.91610336,-0.83404225,-0.55439013,-0.14371777,-0.81975406,0
1.2782228,-1.7590475,-1.4271777,0.68308073,-0.64126998,-0.34953326,0
-2.6368093,1.0344907,-0.83787775,-0.55439013,-0.14371777,-0.81975406,0
-0.60684884,1.1366072,0.15027136,0.47544956,0.75373602,-0.4536846,0
-0.97342002,1.9705789,1.634758,-0.68308073,0.64126998,0.34953326,0
1.1136308,0.69676793,1.5644646,0.55439013,0.14371777,0.81975406,0
2.6832721,-1.3344755,0.53972185,0.68308073,-0.64126998,-0.34953326,0
1.8158897,-1.7442604,-0.4035635,0.68308073,-0.64126998,-0.34953326,0
-1.1519772,-0.40481091,-1.5897167,-0.55439013,-0.14371777,-0.81975406,0
1.5259819,-1.3940036,-1.6127174,0.68308073,-0.64126998,-0.34953326,0
1.9725732,-0.63977909,1.2178928,0.55439013,0.14371777,0.81975406,0
-1.1036763,1.7944822,1.7032782,-0.68308073,0.64126998,0.34953326,0
-0.44424638,1.8019159,2.4242859,0.55439013,0.14371777,0.81975406,0
0.47385901,0.2285611,-0.22577184,0.47544956,0.75373602,-0.4536846,0
2.1066666,-0.54696035,1.1109341,0.55439013,0.14371777,0.81975406,0
0.17207742,-2.052227,-2.1270795,-0.47544956,-0.75373602,0.4536846,0
-0.37097642,2.2614479,2.2662315,0.47544956,0.75373602,-0.4536846,0
0.97048926,-1.7278039,-2.0858922,0.68308073,-0.64126998,-0.34953326,0
1.4181801,-1.3794751,-1.8500454,0.68308073,-0.64126998,-0.34953326,0
0.89412761,-0.88234949,0.57320428,-0.47544956,-0.75373602,0.4536846,0
0.70653015,-1.7316693,-2.5946465,0.68308073,-0.64126998,-0.34953326,0
1.058984,-1.7912538,-1.7965417,0.68308073,-0.64126998,-0.34953326,0
-1.1533315,1.4414283,2.2539675,-0.68308073,0.64126998,0.34953326,0
-0.069628775,0.4736827,-0.38809609,0.47544956,0.75373602,-0.4536846,0
1.5655996,-1.4295883,0.36772549,-0.47544956,-0.75373602,0.4536846,0
2.4884841,-0.60584158,0.86303824,0.55439013,0.14371777,0.81975406,0
-1.9346086,1.315448,0.95827389,-0.68308073,0.64126998,0.34953326,0
1.9208291,-0.30553445,1.1942875,0.55439013,0.14371777,0.81975406,0
-1.4980624,-0.47582659,-1.3432128,-0.55439013,-0.14371777,-0.81975406,0
2.1349654,-0.15968397,1.0238993,0.55439013,0.14371777,0.81975406,0
2.0254719,-0.2991063,1.1223919,0.55439013,0.14371777,0.81975406,0
1.308883,0.41174519,1.4823873,0.55439013,0.14371777,0.81975406,0
-2.1271975,1.3881826,0.44846261,-0.68308073,0.64126998,0.34953326,0
0.22812778,1.4354539,1.5217986,0.47544956,0.75373602,-0.4536846,0
2.5770662,-1.377612,0.41130674,0.68308073,-0.64126998,-0.34953326,0
-0.73223567,-1.1106682,-1.7498332,-0.55439013,-0.14371777,-0.81975406,0
-1.804364,1.7740588,0.37141871,-0.68308073,0.64126998,0.34953326,0
2.0620973,-1.5416189,-0.29418421,0.68308073,-0.64126998,-0.34953326,0
-1.5882689,1.6280903,1.0615261,-0.68308073,0.64126998,0.34953326,0
0.3216736,0.073713809,-0.64251614,0.47544956,0.75373602,-0.4536846,0
1.1385726,-1.4565191,-0.12452936,-0.47544956,-0.75373602,0.4536846,0
-0.31105933,1.5629977,2.3761001,0.55439013,0.14371777,0.81975406,0
-1.1742595,1.5876379,1.9448258,-0.68308073,0.64126998,0.34953326,0
-0.08397007,-1.6706911,-2.0900655,-0.55439013,-0.14371777,-0.81975406,0
0.23712355,-2.0929589,-2.2331862,-0.55439013,-0.14371777,-0.81975406,0
0.4876014,-0.98375189,-2.2254655,0.47544956,0.75373602,-0.4536846,0
-0.9411152,-0.38973442,-0.53166819,-0.47544956,-0.75373602,0.4536846,0
2.1196511,-0.59676874,1.1108853,0.55439013,0.14371777,0.81975406,0
1.0437803,-1.6066611,-2.164916,0.68308073,-0.64126998,-0.34953326,0
0.83754545,-0.76467538,-1.494767,0.47544956,0.75373602,-0.4536846,0
-0.25966752,1.3238975,0.82526582,0.47544956,0.75373602,-0.4536846,0
-0.21079326,-1.3194351,-2.0658782,-0.55439013,-0.14371777,-0.81975406,0
0.56296176,-1.8784833,-2.4911485,-0.55439013,-0.14371777,-0.81975406,0
2.4133329,-0.46233356,0.65891725,0.47544956,0.75373602,-0.4536846,0
-0.25334668,-1.4707412,-2.0105731,-0.55439013,-0.14371777,-0.81975406,0
-0.89409709,1.6763813,2.3295248,-0.68308073,0.64126998,0.34953326,0
0.72943485,-0.010828078,1.8485264,-0.47544956,-0.75373602,0.4536846,0
2.7051592,-0.78382504,0.74770737,0.55439013,0.14371777,0.81975406,0
-2.5375161,1.2149502,-0.035588384,-0.68308073,0.64126998,0.34953326,0
0.61055994,-1.8827331,-2.5050492,0.68308073,-0.64126998,-0.34953326,0
-2.4254971,1.2206479,0.17287254,-0.68308073,0.64126998,0.34953326,0
1.0656517,0.48583394,1.6338928,0.55439013,0.14371777,0.81975406,0
2.8528743,-0.9381988,0.32895887,0.47544956,0.75373602,-0.4536846,0
-1.5246847,1.944316,0.60562396,-0.68308073,0.64126998,0.34953326,0
-2.5680351,1.1588399,0.0077108145,-0.68308073,0.64126998,0.34953326,0
2.8091145,-0.78679788,0.67792469,0.55439013,0.14371777,0.81975406,0
2.542505,-0.89862943,0.069439173,0.47544956,0.75373602,-0.4536846,0
1.3983603,-1.4321828,-1.7920786,0.68308073,-0.64126998,-0.34953326,0
0.51841772,-1.3021364,-2.562068,-0.55439013,-0.14371777,-0.81975406,0
1.1722032,-2.002598,-1.1875395,0.68308073,-0.64126998,-0.34953326,0
-0.31349939,-0.49411395,-2.1411128,-0.55439013,-0.14371777,-0.81975406,0
-0.5546124,1.627757,2.5294585,0.55439013,0.14371777,0.81975406,0
-0.64275497,2.1254318,1.9968652,-0.68308073,0.64126998,0.34953326,0
1.5351722,-0.13035601,1.4243908,0.55439013,0.14371777,0.81975406,0
-2.2746382,1.4942982,-0.034360886,-0.68308073,0.64126998,0.34953326,0
-0.92548597,-0.57394046,-0.82132274,-0.47544956,-0.75373602,0.4536846,0
-0.56731671,-0.89684069,-1.8988539,-0.55439013,-0.14371777,-0.81975406,0
1.0411205,-1.7098867,-1.9807316,0.68308073,-0.64126998,-0.34953326,0
-2.756218,1.3516695,-0.71382201,-0.68308073,0.64126998,0.34953326,0
-1.969226,1.3569471,-0.91139901,0.47544956,0.75373602,-0.4536846,0
2.2313101,-1.2598476,-0.48044765,0.68308073,-0.64126998,-0.34953326,0
0.070994556,-1.4784944,-2.2285619,-0.55439013,-0.14371777,-0.81975406,0
-1.4239817,1.3875879,1.8238239,-0.68308073,0.64126998,0.34953326,0
-1.4214573,-0.55190098,-1.3816829,-0.55439013,-0.14371777,-0.81975406,0
-1.0663455,1.0953354,-0.39983669,0.47544956,0.75373602,-0.4536846,0
-0.28652999,1.8772005,2.3044257,0.55439013,0.14371777,0.81975406,0
-0.75294846,-0.95811987,-1.7625699,-0.55439013,-0.14371777,-0.81975406,0
1.1116104,0.58244538,1.5858736,0.55439013,0.14371777,0.81975406,0
-2.4027829,1.4570124,-0.21638262,-0.68308073,0.64126998,0.34953326,0
0.15951648,0.94177026,0.62970662,0.47544956,0.75373602,-0.4536846,0
1.1325142,-1.8729962,-1.5028757,0.68308073,-0.64126998,-0.34953326,0
-2.2413399,1.6154996,-0.1916486,-0.68308073,0.64126998,0.34953326,0
1.0354195,-0.12860256,1.7620604,0.55439013,0.14371777,0.81975406,0
0.59124577,-0.16090441,1.4543763,-0.47544956,-0.75373602,0.4536846,0
-2.6123087,1.5640426,-0.8222146,-0.68308073,0.64126998,0.34953326,0
0.61717325,0.65151083,0.62709194,0.47544956,0.75373602,-0.4536846,0
0.32708615,1.4744167,1.6902359,0.47544956,0.75373602,-0.4536846,0
0.16085982,0.40036252,-0.26836175,0.47544956,0.75373602,-0.4536846,0
2.0697803,-1.3922958,-0.55312419,0.68308073,-0.64126998,-0.34953326,0
-0.24480833,-0.90820253,-0.66332197,-0.47544956,-0.75373602,0.4536846,0
2.5581515,-1.2867079,0.2075659,0.68308073,-0.64126998,-0.34953326,0
-1.5841751,1.3791821,-0.47093534,0.47544956,0.75373602,-0.4536846,0
-0.74206954,1.9900382,1.4264243,0.47544956,0.75373602,-0.4536846,0
-1.9277775,1.7545277,0.16606772,-0.68308073,0.64126998,0.34953326,0
1.7120953,-1.377471,-1.2793338,0.68308073,-0.64126998,-0.34953326,0
-1.5334163,-0.15334535,-1.3758403,-0.55439013,-0.14371777,-0.81975406,0
0.77550876,0.089659154,1.8995696,0.55439013,0.14371777,0.81975406,0
0.87231207,-2.1223526,-1.5538987,0.68308073,-0.64126998,-0.34953326,0
-0.72673392,1.9479589,2.1583481,-0.68308073,0.64126998,0.34953326,0
-2.7809582,0.86352122,-0.71041739,-0.55439013,-0.14371777,-0.81975406,0
-1.793952,1.0444503,-1.246888,0.47544956,0.75373602,-0.4536846,0
0.77197361,-2.0572662,-1.5067759,-0.47544956,-0.75373602,0.4536846,0
-2.2511396,0.36997858,-0.98220044,-0.55439013,-0.14371777,-0.81975406,0
2.4429858,-0.90594733,0.94642222,0.55439013,0.14371777,0.81975406,0
-0.50328863,-0.27453688,0.11854778,-0.47544956,-0.75373602,0.4536846,0
-1.6362252,1.2061098,-0.8130191,0.47544956,0.75373602,-0.4536846,0
-0.2916604,1.4800873,2.3775163,0.55439013,0.14371777,0.81975406,0
0.13883752,-1.5676558,-2.2588115,-0.55439013,-0.14371777,-0.81975406,0
2.7856212,-0.87075913,0.37052119,0.47544956,0.75373602,-0.4536846,0
0.75467771,-2.0490685,-1.9182385,0.68308073,-0.64126998,-0.34953326,0
1.2035199,-1.157185,0.44083726,-0.47544956,-0.75373602,0.4536846,0
2.668298,-1.3905554,0.61334467,0.68308073,-0.64126998,-0.34953326,0
-1.658793,-0.32801557,-1.2604265,-0.55439013,-0.14371777,-0.81975406,0
2.1203122,-1.1630683,1.2097206,0.55439013,0.14371777,0.81975406,0
2.7704694,-1.2706676,0.59306324,0.68308073,-0.64126998,-0.34953326,0
-1.8377591,0.62888867,-1.3071564,-0.55439013,-0.14371777,-0.81975406,0
0.47224939,-2.1512866,-2.2826438,0.68308073,-0.64126998,-0.34953326,0
0.45438224,-0.0017470717,1.5753655,-0.47544956,-0.75373602,0.4536846,0
0.9123714,0.46402073,0.62496227,0.47544956,0.75373602,-0.4536846,0
1.3198746,-1.6303189,-1.5819509,0.68308073,-0.64126998,-0.34953326,0
-0.4065094,-0.62256384,-2.0556917,-0.55439013,-0.14371777,-0.81975406,0
-0.57152116,-1.3535157,-1.8159471,-0.55439013,-0.14371777,-0.81975406,0
-2.1974897,1.3585973,0.36537099,-0.68308073,0.64126998,0.34953326,0
-0.12090658,-0.7717641,-0.30680206,-0.47544956,-0.75373602,0.4536846,0
-1.5935291,1.5419551,1.2092733,-0.68308073,0.64126998,0.34953326,0
1.3646169,-1.1753683,-1.6247209,0.47544956,0.75373602,-0.4536846,0
-1.0987393,1.4896822,2.2721269,-0.68308073,0.64126998,0.34953326,0
1.5155485,-1.3658853,-1.6846943,0.68308073,-0.64126998,-0.34953326,0
2.6727686,-1.2101448,0.29109204,0.68308073,-0.64126998,-0.34953326,0
2.7210093,-1.2366998,0.81638515,0.55439013,0.14371777,0.81975406,0
-1.2631444,1.2023722,-0.4282496,0.47544956,0.75373602,-0.4536846,0
1.3928809,-1.4774969,-1.7196517,0.68308073,-0.64126998,-0.34953326,0
1.9657823,-0.61583227,-0.065121651,0.47544956,0.75373602,-0.4536846,0
0.25104618,-0.08426109,1.2251886,-0.47544956,-0.75373602,0.4536846,0
-0.83484149,1.5917056,2.6006765,-0.68308073,0.64126998,0.34953326,0
2.2464218,-1.5033354,-0.0042015314,0.68308073,-0.64126998,-0.34953326,0
1.1239349,-1.8782494,-1.5100042,0.68308073,-0.64126998,-0.34953326,0
-0.67558146,1.9460502,2.2618153,-0.68308073,0.64126998,0.34953326,0
-2.4839888,1.4057593,-0.28104937,-0.68308073,0.64126998,0.34953326,0
-1.1908948,1.4106321,2.1976364,-0.47544956,-0.75373602,0.4536846,0
0.80318379,-1.9778707,-1.954067,0.68308073,-0.64126998,-0.34953326,0
0.62626976,0.74418002,0.79058224,0.47544956,0.75373602,-0.4536846,0
1.3323369,-0.14899214,0.046636343,0.47544956,0.75373602,-0.4536846,0
0.50626612,-1.3048321,-2.5533772,-0.55439013,-0.14371777,-0.81975406,0
1.3522919,-1.7673022,-0.4168812,-0.47544956,-0.75373602,0.4536846,0
-1.2783514,0.64603758,0.83571315,-0.47544956,-0.75373602,0.4536846,0
1.2469547,-1.6501477,-0.33263576,-0.47544956,-0.75373602,0.4536846,0
1.8035934,-1.8717593,-0.19367826,0.68308073,-0.64126998,-0.34953326,0
1.9918675,-1.7292398,-0.087213397,0.68308073,-0.64126998,-0.34953326,0
1.4251626,-1.9795437,-0.73548615,0.68308073,-0.64126998,-0.34953326,0
-2.3532474,1.2208382,0.3137182,-0.68308073,0.64126998,0.34953326,0
-0.19231603,1.9711318,2.224242,0.55439013,0.14371777,0.81975406,0
1.3608465,-1.6152711,-1.5294886,0.68308073,-0.64126998,-0.34953326,0
-1.0534552,0.13703632,-1.7513416,-0.55439013,-0.14371777,-0.81975406,0
-2.9787836,1.007321,-0.51701629,-0.68308073,0.64126998,0.34953326,0
1.2221431,-1.6692413,-1.7015353,0.68308073,-0.64126998,-0.34953326,0
2.5142956,-1.6209078,0.7349984,0.68308073,-0.64126998,-0.34953326,0
-0.63108015,2.0608621,2.1381431,-0.68308073,0.64126998,0.34953326,0
1.1927788,0.24232596,1.5906096,0.55439013,0.14371777,0.81975406,0
2.2290356,-1.1811625,-0.62925208,0.68308073,-0.64126998,-0.34953326,0
2.1231606,-0.37178552,1.0690681,0.55439013,0.14371777,0.81975406,0
0.70432204,-1.0481732,-2.1053753,0.47544956,0.75373602,-0.4536846,0
-0.49092519,-0.0604375,-1.7169727,0.47544956,0.75373602,-0.4536846,0
-0.63065243,-0.94094145,-1.8482891,-0.55439013,-0.14371777,-0.81975406,0
1.6875474,-0.056661844,1.3084211,0.55439013,0.14371777,0.81975406,0
-1.7075841,-0.25089246,-1.2409508,-0.55439013,-0.14371777,-0.81975406,0
-1.4048615,-0.28076342,-1.4404417,-0.55439013,-0.14371777,-0.81975406,0
-1.0021031,-0.2908335,-1.7110571,-0.55439013,-0.14371777,-0.81975406,0
-1.0060529,1.4749391,2.4803085,-0.68308073,0.64126998,0.34953326,0
1.6579285,-1.5242471,-1.1159085,0.68308073,-0.64126998,-0.34953326,0
1.2250613,-0.44832689,1.6410842,-0.47544956,-0.75373602,0.4536846,0
1.1377416,0.49149185,1.5841472,0.55439013,0.14371777,0.81975406,0
0.69916832,0.46789646,1.8848859,0.55439013,0.14371777,0.81975406,0
-0.30217975,1.7207985,2.3424294,0.55439013,0.14371777,0.81975406,0
1.5082463,-1.597029,-1.2748979,0.68308073,-0.64126998,-0.34953326,0
1.2656536,-1.620813,-1.7053531,0.68308073,-0.64126998,-0.34953326,0
-2.4555972,1.2647903,-1.0008049,-0.55439013,-0.14371777,-0.81975406,0
-2.0313835,1.5245262,0.38556612,-0.68308073,0.64126998,0.34953326,0
-0.75256598,-0.32434857,-1.8739401,-0.55439013,-0.14371777,-0.81975406,0
-0.11883712,1.587363,2.2418308,0.55439013,0.14371777,0.81975406,0
-1.5942229,0.77128071,0.71276271,-0.47544956,-0.75373602,0.4536846,0
1.7797371,-1.5471549,-0.83583426,0.68308073,-0.64126998,-0.34953326,0
-1.0594059,2.0166075,1.3822726,-0.68308073,0.64126998,0.34953326,0
-2.0780616,1.4944365,0.34954822,-0.68308073,0.64126998,0.34953326,0
-1.9411774,0.69628257,0.22456431,-0.47544956,-0.75373602,0.4536846,0
-1.6130279,1.3994105,1.4326868,-0.68308073,0.64126998,0.34953326,0
-0.15614563,1.5385654,2.2756171,0.55439013,0.14371777,0.81975406,0
-0.40484422,-1.4992051,-1.903127,-0.55439013,-0.14371777,-0.81975406,0
-2.959094,0.87304091,-0.54852557,-0.47544956,-0.75373602,0.4536846,0
0.96877408,0.97863746,1.5390375,0.47544956,0.75373602,-0.4536846,0
2.6841145,-1.0636642,0.81100047,0.55439013,0.14371777,0.81975406,0
2.0043027,-1.4800293,-0.52012444,0.68308073,-0.64126998,-0.34953326,0
-2.5920539,1.2366451,-0.18197274,-0.68308073,0.64126998,0.34953326,0
-0.67186171,0.63039136,-0.75887007,0.47544956,0.75373602,-0.4536846,0
-2.0637565,0.87477267,0.3926419,-0.47544956,-0.75373602,0.4536846,0
-1.028722,0.20082283,-1.7792513,-0.55439013,-0.14371777,-0.81975406,0
0.62877029,-1.8096621,-1.2454888,-0.47544956,-0.75373602,0.4536846,0
1.5168331,-1.8822346,-0.73486543,0.68308073,-0.64126998,-0.34953326,0
2.1917548,-1.0587145,1.1431097,0.55439013,0.14371777,0.81975406,0
0.78173,-1.6284283,-0.78409517,-0.47544956,-0.75373602,0.4536846,0
-0.72507596,1.0930818,-0.045939386,0.47544956,0.75373602,-0.4536846,0
-0.10267399,-0.93901116,-0.56555337,-0.47544956,-0.75373602,0.4536846,0
0.42560977,-0.19694775,1.2209128,-0.47544956,-0.75373602,0.4536846,0
-2.2142138,0.33906797,-1.0017536,-0.55439013,-0.14371777,-0.81975406,0
2.7027814,-0.61820936,0.72027981,0.55439013,0.14371777,0.81975406,0
2.6668472,-0.93827736,0.80069542,0.55439013,0.14371777,0.81975406,0
0.88031852,-0.11867902,-0.37670577,0.47544956,0.75373602,-0.4536846,0
-1.4191798,1.2983449,-0.43232489,0.47544956,0.75373602,-0.4536846,0
2.4895754,-1.3542845,0.99351597,0.55439013,0.14371777,0.81975406,0
-0.37018472,-0.0066258907,-1.501039,0.47544956,0.75373602,-0.4536846,0
2.2631793,-1.2232765,-0.48526227,0.68308073,-0.64126998,-0.34953326,0
1.0228579,-1.9633718,-1.5513656,0.68308073,-0.64126998,-0.34953326,0
0.51359588,-1.9189088,-2.4506755,-0.55439013,-0.14371777,-0.81975406,0
2.3231008,-1.6518841,0.41818368,0.68308073,-0.64126998,-0.34953326,0
2.4485908,-1.6242137,0.6126591,0.68308073,-0.64126998,-0.34953326,0
-2.1528168,1.1564031,-1.1865696,-0.55439013,-0.14371777,-0.81975406,0
-0.81097841,-0.67725343,-1.772566,-0.55439013,-0.14371777,-0.81975406,0
0.73066968,-1.7547144,-2.5051918,0.68308073,-0.64126998,-0.34953326,0
-0.91505647,2.044157,1.6138262,-0.68308073,0.64126998,0.34953326,0
2.2835667,-1.0798991,-0.50307655,0.47544956,0.75373602,-0.4536846,0
0.053704292,1.0846164,0.75613803,0.47544956,0.75373602,-0.4536846,0
-1.3373475,1.7603965,0.42106986,0.47544956,0.75373602,-0.4536846,0
-1.6003991,1.5348989,1.2087938,-0.68308073,0.64126998,0.34953326,0
0.13532481,-1.5243974,-1.2886775,-0.47544956,-0.75373602,0.4536846,0
-1.6867853,1.3579705,1.3645729,-0.68308073,0.64126998,0.34953326,0
-2.9728377,0.97199833,-0.59966934,-0.55439013,-0.14371777,-0.81975406,0
2.0116723,-1.5893048,-0.30524135,0.68308073,-0.64126998,-0.34953326,0
1.4067817,0.085956901,1.4732962,0.55439013,0.14371777,0.81975406,0
-0.17575693,-1.4015827,-2.075171,-0.55439013,-0.14371777,-0.81975406,0
-2.4160299,0.58785462,-0.45320725,-0.47544956,-0.75373602,0.4536846,0
-0.39577881,0.52016026,-0.65267664,0.47544956,0.75373602,-0.4536846,0
-2.0577257,1.2220021,0.88911104,-0.68308073,0.64126998,0.34953326,0
-1.069332,1.8445807,1.6784831,-0.68308073,0.64126998,0.34953326,0
-0.17743778,1.0096028,2.3827534,0.55439013,0.14371777,0.81975406,0
0.27191594,-0.59272444,0.40231591,-0.47544956,-0.75373602,0.4536846,0
-0.30664736,0.26117182,-0.98954374,0.47544956,0.75373602,-0.4536846,0
1.5456289,-1.2837884,0.58902383,-0.47544956,-0.75373602,0.4536846,0
-1.7948371,0.61290288,-1.3333817,-0.55439013,-0.14371777,-0.81975406,0
0.39408657,-1.9387405,-2.3663754,-0.55439013,-0.14371777,-0.81975406,0
2.0918901,-0.67494428,-0.031170487,0.47544956,0.75373602,-0.4536846,0
-0.67735732,-0.6727258,-0.72540909,-0.47544956,-0.75373602,0.4536846,0
-1.7589048,1.839869,0.33951926,-0.68308073,0.64126998,0.34953326,0
-1.6556993,0.21213895,-1.3572178,-0.55439013,-0.14371777,-0.81975406,0
-0.62763059,2.0433846,2.17695,-0.68308073,0.64126998,0.34953326,0
1.6455126,-0.12930304,1.3495842,0.55439013,0.14371777,0.81975406,0
-1.0474236,-0.10785175,-0.17476642,-0.47544956,-0.75373602,0.4536846,0
-1.0028274,-0.93108875,-1.5983188,-0.55439013,-0.14371777,-0.81975406,0
0.34139082,-1.7840567,-1.5041149,-0.47544956,-0.75373602,0.4536846,0
1.4923065,0.19766045,1.3958731,0.55439013,0.14371777,0.81975406,0
-1.9168494,1.3461621,0.93663061,-0.68308073,0.64126998,0.34953326,0
-0.99817681,-0.87386715,-1.6114959,-0.55439013,-0.14371777,-0.81975406,0
-0.024818718,1.1071117,2.262444,0.55439013,0.14371777,0.81975406,0
-0.38218695,-0.9288103,-2.0184503,-0.55439013,-0.14371777,-0.81975406,0
-2.0779798,1.3335235,0.64492655,-0.68308073,0.64126998,0.34953326,0
-0.11037493,0.91653836,2.3537154,0.55439013,0.14371777,0.81975406,0
-2.6373773,1.1177363,-0.052391291,-0.68308073,0.64126998,0.34953326,0
0.18165535,-1.1826805,-2.3552618,-0.55439013,-0.14371777,-0.81975406,0
-0.52766728,-0.79883742,-1.9428501,-0.55439013,-0.14371777,-0.81975406,0
0.21283534,-2.0644042,-2.1045973,-0.47544956,-0.75373602,0.4536846,0
-1.1992414,-0.14051479,-1.6040883,-0.55439013,-0.14371777,-0.81975406,0
0.51915312,0.48668212,2.0033348,0.55439013,0.14371777,0.81975406,0
-2.6585009,0.9435463,-0.80726367,-0.55439013,-0.14371777,-0.81975406,0
1.2871968,-1.7363161,-1.4513448,0.68308073,-0.64126998,-0.34953326,0
0.098733842,1.7885211,1.9727709,0.47544956,0.75373602,-0.4536846,0
-1.727676,1.8655181,0.35349107,-0.68308073,0.64126998,0.34953326,0
0.1411413,-1.8559726,-2.2098224,-0.55439013,-0.14371777,-0.81975406,0
-1.4106877,1.9019034,0.90621674,-0.68308073,0.64126998,0.34953326,0
-0.76967949,-0.78318954,-1.7819233,-0.55439013,-0.14371777,-0.81975406,0
-0.43102497,-0.81918192,-0.71057642,-0.47544956,-0.75373602,0.4536846,0
-1.2752268,2.002667,0.98607767,-0.68308073,0.64126998,0.34953326,0
0.051648796,-1.6906441,-1.6525643,-0.47544956,-0.75373602,0.4536846,0
-1.1916847,-0.730425,-1.3602701,-0.47544956,-0.75373602,0.4536846,0
-0.19520806,1.4619321,1.1221435,0.47544956,0.75373602,-0.4536846,0
-1.9176968,0.79964989,-1.2830331,-0.55439013,-0.14371777,-0.81975406,0
0.2731207,-0.94429159,-2.3846774,0.47544956,0.75373602,-0.4536846,0
0.64648747,-1.9756086,-2.2644439,0.68308073,-0.64126998,-0.34953326,0
-0.41129264,1.3618674,2.4791484,0.55439013,0.14371777,0.81975406,0
0.63148749,-1.1485628,-0.14431316,-0.47544956,-0.75373602,0.4536846,0
-2.4492431,1.4245191,-0.24756479,-0.68308073,0.64126998,0.34953326,0
0.36627752,-1.2349861,-2.4709496,-0.55439013,-0.14371777,-0.81975406,0
0.69364816,-2.0384448,-2.0569973,0.68308073,-0.64126998,-0.34953326,0
2.6339006,-1.5166607,0.77748245,0.68308073,-0.64126998,-0.34953326,0
0.68507814,-1.6520003,-2.6134405,-0.55439013,-0.14371777,-0.81975406,0
-2.6271873,1.5444257,-0.81530142,-0.68308073,0.64126998,0.34953326,0
-2.3718925,1.6201992,-0.45540524,-0.68308073,0.64126998,0.34953326,0
-2.475832,0.60269523,-0.87104309,-0.55439013,-0.14371777,-0.81975406,0
0.8113628,-1.9018655,-1.2073196,-0.47544956,-0.75373602,0.4536846,0
1.2406243,-1.6753874,-1.6541424,0.68308073,-0.64126998,-0.34953326,0
0.35551292,1.1493471,1.9978254,0.55439013,0.14371777,0.81975406,0
1.5110917,-1.5893135,-1.283492,0.68308073,-0.64126998,-0.34953326,0
-1.9936788,0.06979987,-1.1036915,-0.55439013,-0.14371777,-0.81975406,0
0.712506,1.2121613,1.6584438,0.47544956,0.75373602,-0.4536846,0
-0.40421778,-0.66436058,-0.42526823,-0.47544956,-0.75373602,0.4536846,0
-1.7770271,1.5628645,0.81230855,-0.68308073,0.64126998,0.34953326,0
-1.5028825,-0.043980062,-1.4156637,-0.55439013,-0.14371777,-0.81975406,0
-2.0471511,0.57871372,-1.1567506,-0.55439013,-0.14371777,-0.81975406,0
2.177444,-1.5113441,0.87309605,-0.47544956,-0.75373602,0.4536846,0
-2.2941456,1.3518339,0.18888843,-0.68308073,0.64126998,0.34953326,0
-0.6662761,2.170378,1.8684385,-0.68308073,0.64126998,0.34953326,0
-0.40044641,-0.36518744,-2.1049147,-0.55439013,-0.14371777,-0.81975406,0
-1.1221137,-0.60023403,-1.5756516,-0.55439013,-0.14371777,-0.81975406,0
-1.2996176,1.6764009,1.536994,-0.68308073,0.64126998,0.34953326,0
0.10887039,1.1273342,2.1684861,0.55439013,0.14371777,0.81975406,0
0.29393208,-0.6002453,-1.7912811,0.47544956,0.75373602,-0.4536846,0
2.1600626,-1.3899419,-0.38100708,0.68308073,-0.64126998,-0.34953326,0
-0.79066831,1.6138589,2.6463585,-0.68308073,0.64126998,0.34953326,0
0.97557288,-1.206419,-2.0840154,0.47544956,0.75373602,-0.4536846,0
0.57656515,-0.20787451,-0.84321755,0.47544956,0.75373602,-0.4536846,0
0.13399912,-1.4909408,-1.2344832,-0.47544956,-0.75373602,0.4536846,0
2.2806039,-0.49717522,0.98457408,0.55439013,0.14371777,0.81975406,0
-0.82077432,1.7841845,2.2750359,-0.68308073,0.64126998,0.34953326,0
2.152689,-0.69173086,0.0046565533,0.47544956,0.75373602,-0.4536846,0
1.2950814,-1.6879591,-1.5246543,0.68308073,-0.64126998,-0.34953326,0
1.3057698,-1.5893114,-1.6847501,0.68308073,-0.64126998,-0.34953326,0
0.72282112,-0.70639992,0.68599635,-0.47544956,-0.75373602,0.4536846,0
-1.21854,1.6350006,1.7713965,-0.68308073,0.64126998,0.34953326,0
1.0907044,0.38050789,1.6354153,0.55439013,0.14371777,0.81975406,0
1.7795048,-1.3236964,-1.2462559,0.68308073,-0.64126998,-0.34953326,0
1.898782,-1.7895893,-0.15840757,0.68308073,-0.64126998,-0.34953326,0
-0.047189653,1.805361,2.1551573,0.55439013,0.14371777,0.81975406,0
0.026060522,1.2024217,2.2113254,0.55439013,0.14371777,0.81975406,0
1.6048018,-1.579601,-1.1181769,0.68308073,-0.64126998,-0.34953326,0
-2.2344306,1.2564476,-1.1489148,-0.55439013,-0.14371777,-0.81975406,0
0.14603853,-1.6493855,-1.4851003,-0.47544956,-0.75373602,0.4536846,0
-0.69455975,1.6903681,0.97835195,0.47544956,0.75373602,-0.4536846,0
0.80942887,0.95912379,1.7241969,0.55439013,0.14371777,0.81975406,0
0.44528532,-0.81166875,-1.9839184,0.47544956,0.75373602,-0.4536846,0
1.7581477,-1.5018001,-0.96123564,0.68308073,-0.64126998,-0.34953326,0
-0.25281817,-1.1727331,-1.1111979,-0.47544956,-0.75373602,0.4536846,0
0.016170472,-1.6735225,-1.6612995,-0.47544956,-0.75373602,0.4536846,0
0.68527013,0.3270326,1.9189811,0.55439013,0.14371777,0.81975406,0
0.64066195,-1.6607835,-2.5818629,-0.55439013,-0.14371777,-0.81975406,0
-2.6245761,0.97254062,-0.83528978,-0.55439013,-0.14371777,-0.81975406,0
1.278707,-1.6960509,-0.37562191,-0.47544956,-0.75373602,0.4536846,0
-0.82209074,1.1107243,-0.11829758,0.47544956,0.75373602,-0.4536846,0
-1.2964072,0.036015451,-1.5693251,-0.55439013,-0.14371777,-0.81975406,0
-1.1190267,0.83529192,-0.88707232,0.47544956,0.75373602,-0.4536846,0
0.32545328,-1.4963822,-1.0428845,-0.47544956,-0.75373602,0.4536846,0
-2.2590282,1.3882587,0.1906904,-0.68308073,0.64126998,0.34953326,0
1.1039999,0.17176554,1.6630203,0.55439013,0.14371777,0.81975406,0
-1.8117168,1.6954706,0.50123,-0.68308073,0.64126998,0.34953326,0
-0.94088805,-0.7685408,-1.6687052,-0.55439013,-0.14371777,-0.81975406,0
0.22201633,1.2735908,2.0663254,0.55439013,0.14371777,0.81975406,0
1.3011389,-0.72766948,1.2567216,-0.47544956,-0.75373602,0.4536846,0
-1.2941583,0.2432895,0.1500361,-0.47544956,-0.75373602,0.4536846,0
-0.47689891,-0.65432584,-2.0025196,-0.55439013,-0.14371777,-0.81975406,0
-1.3587185,1.7153102,1.3501105,-0.68308073,0.64126998,0.34953326,0
-0.87679327,2.0152743,1.7415923,-0.68308073,0.64126998,0.34953326,0
0.34913301,-1.5293176,-2.4077535,-0.55439013,-0.14371777,-0.81975406,0
0.74525297,0.45818776,0.44013578,0.47544956,0.75373602,-0.4536846,0
-0.029443085,1.9335558,2.1206806,0.55439013,0.14371777,0.81975406,0
2.5293863,-0.64411139,0.8420859,0.55439013,0.14371777,0.81975406,0
0.32385731,1.2737398,1.9974252,0.55439013,0.14371777,0.81975406,0
0.52910393,0.8382498,1.9349687,0.55439013,0.14371777,0.81975406,0
1.1097666,-1.948157,-0.97150767,-0.47544956,-0.75373602,0.4536846,0
-2.6891785,1.4869403,-0.83098346,-0.68308073,0.64126998,0.34953326,0
-0.80081832,-0.92681652,-1.7356842,-0.55439013,-0.14371777,-0.81975406,0
0.67563105,-2.0743663,-2.0263033,0.68308073,-0.64126998,-0.34953326,0
1.155251,-1.5681775,-2.0176766,0.68308073,-0.64126998,-0.34953326,0
-1.3508289,1.6910324,1.4100704,-0.68308073,0.64126998,0.34953326,0
0.5979414,0.36339644,0.12827407,0.47544956,0.75373602,-0.4536846,0
1.6524528,-0.49768317,1.4094744,0.55439013,0.14371777,0.81975406,0
1.042873,-2.0220621,-1.1643935,-0.47544956,-0.75373602,0.4536846,0
-1.0392717,-0.4933871,-0.80673867,-0.47544956,-0.75373602,0.4536846,0
1.5227096,-1.3945117,-1.6181804,0.68308073,-0.64126998,-0.34953326,0
-2.6751094,0.82805723,-0.77578419,-0.55439013,-0.14371777,-0.81975406,0
1.3530842,-1.9311812,-0.96507442,0.68308073,-0.64126998,-0.34953326,0
1.8764946,-0.82825893,1.3159134,0.55439013,0.14371777,0.81975406,0
0.55413628,-0.50025618,0.85169911,-0.47544956,-0.75373602,0.4536846,0
2.4804819,-1.1398617,0.96207362,0.55439013,0.14371777,0.81975406,0
-0.88758832,0.29104871,0.6554563,-0.47544956,-0.75373602,0.4536846,0
2.0670094,-1.2102432,-0.89254153,0.68308073,-0.64126998,-0.34953326,0
-0.34664512,-0.72798139,-2.0776958,-0.55439013,-0.14371777,-0.81975406,0
2.0468431,-1.5268289,-0.35112941,0.68308073,-0.64126998,-0.34953326,0
-2.1028705,1.6967872,-0.070176363,-0.68308073,0.64126998,0.34953326,0
2.7451453,-0.95689029,0.18500841,0.47544956,0.75373602,-0.4536846,0
1.2015389,-0.12117642,1.6484137,0.55439013,0.14371777,0.81975406,0
-1.2586199,0.39248824,-1.6573763,-0.55439013,-0.14371777,-0.81975406,0
-0.39824975,-0.54209405,-2.0753856,-0.55439013,-0.14371777,-0.81975406,0
-0.48004478,1.105341,0.23121405,0.47544956,0.75373602,-0.4536846,0
1.5293046,-0.3305673,-0.048609197,0.47544956,0.75373602,-0.4536846,0
-2.230845,0.56620359,-1.0303274,-0.55439013,-0.14371777,-0.81975406,0
-0.35465014,0.36430869,-0.86850137,0.47544956,0.75373602,-0.4536846,0
2.0465865,-0.88683844,1.2111522,0.55439013,0.14371777,0.81975406,0
-1.1862832,1.7045895,1.7067636,-0.68308073,0.64126998,0.34953326,0
-2.5752809,1.2713789,-0.21291828,-0.68308073,0.64126998,0.34953326,0
-1.7643269,1.6279272,0.71776116,-0.68308073,0.64126998,0.34953326,0
-0.95799446,0.054109812,-1.8013619,-0.55439013,-0.14371777,-0.81975406,0
0.89409769,-0.044164088,-0.23846895,0.47544956,0.75373602,-0.4536846,0
-0.6829775,1.6770245,0.96832108,0.47544956,0.75373602,-0.4536846,0
0.28307003,0.0290218,1.4469531,-0.47544956,-0.75373602,0.4536846,0
-0.15481836,1.7304962,2.2410703,0.55439013,0.14371777,0.81975406,0
1.4589773,-0.59255111,-0.55756104,0.47544956,0.75373602,-0.4536846,0
0.47011006,-0.43547499,0.87126708,-0.47544956,-0.75373602,0.4536846,0
-0.10254264,-1.3867447,-2.1272862,-0.55439013,-0.14371777,-0.81975406,0
2.3491106,-1.5424675,0.2682724,0.68308073,-0.64126998,-0.34953326,0
0.008182168,1.0738505,2.2459569,0.55439013,0.14371777,0.81975406,0
-1.5750575,0.079132736,-0.41706324,-0.47544956,-0.75373602,0.4536846,0
1.0152771,-0.99464667,0.5135991,-0.47544956,-0.75373602,0.4536846,0
-0.34330085,1.7240747,2.3696647,0.55439013,0.14371777,0.81975406,0
1.0283698,-1.6087446,-2.1912098,0.68308073,-0.64126998,-0.34953326,0
-0.83923709,0.0060533881,-1.8732511,-0.55439013,-0.14371777,-0.81975406,0
-1.742555,1.3111362,1.3415087,-0.68308073,0.64126998,0.34953326,0
-0.65888214,0.65635914,1.5020485,-0.47544956,-0.75373602,0.4536846,0
-2.7809596,1.1044819,-0.30867195,-0.68308073,0.64126998,0.34953326,0
-2.5480325,1.5297749,-0.9847486,-0.55439013,-0.14371777,-0.81975406,0
-2.8900604,1.1515254,-0.60819209,-0.68308073,0.64126998,0.34953326,0
2.1509235,-1.5079045,-0.18244791,0.68308073,-0.64126998,-0.34953326,0
2.3991427,-0.43334886,0.89321768,0.55439013,0.14371777,0.81975406,0
1.7478313,-1.4412694,-1.0924487,0.68308073,-0.64126998,-0.34953326,0
2.7744391,-1.0896015,0.26862872,0.68308073,-0.64126998,-0.34953326,0
-0.48138189,0.91586506,2.1191983,-0.47544956,-0.75373602,0.4536846,0
2.3317738,-1.4969416,0.15086818,0.68308073,-0.64126998,-0.34953326,0
2.3978565,-1.6436788,0.54922247,0.68308073,-0.64126998,-0.34953326,0
0.44539782,-1.2514523,-0.51026738,-0.47544956,-0.75373602,0.4536846,0
0.19205552,-1.7739682,-1.6438538,-0.47544956,-0.75373602,0.4536846,0
0.81352174,-2.0572212,-1.7882838,0.68308073,-0.64126998,-0.34953326,0
-2.5283968,0.47798023,-0.75350648,-0.47544956,-0.75373602,0.4536846,0
-1.4752543,1.8291554,0.91350281,-0.68308073,0.64126998,0.34953326,0
0.36317262,-1.3282157,-0.72396958,-0.47544956,-0.75373602,0.4536846,0
0.63071585,-2.1157355,-2.0381823,0.68308073,-0.64126998,-0.34953326,0
2.7620883,-1.1403024,0.77170378,0.55439013,0.14371777,0.81975406,0
-1.1496413,0.73972964,1.1262548,-0.47544956,-0.75373602,0.4536846,0
2.1290855,-1.3574359,-0.50118196,0.68308073,-0.64126998,-0.34953326,0
2.3618832,-0.92694962,1.0049529,0.55439013,0.14371777,0.81975406,0
0.95008868,-0.44221479,-0.84109962,0.47544956,0.75373602,-0.4536846,0
1.3075547,-0.026443839,1.5601081,0.55439013,0.14371777,0.81975406,0
-1.483126,1.6231599,1.276049,-0.68308073,0.64126998,0.34953326,0
-2.8683403,1.1285663,-0.69778931,-0.55439013,-0.14371777,-0.81975406,0
0.90472269,-1.9109092,-1.878484,0.68308073,-0.64126998,-0.34953326,0
0.60336131,-0.42166355,1.0338569,-0.47544956,-0.75373602,0.4536846,0
