2.9132895,0.11150002,-2.1707897,0.78253883,-0.24008691,-0.57444859,0
-1.2568314,1.7282972,0.24087489,0.010830879,0.92776805,-0.37300009,0
0.3115977,-0.86569017,0.75942129,0.62250751,0.28566527,0.72861493,0
2.2565515,0.49344963,-2.728559,0.010830879,0.92776805,-0.37300009,0
-1.0026934,1.6871517,0.14591247,0.010830879,0.92776805,-0.37300009,0
-2.8460188,1.3292111,1.6602938,-0.78253883,0.24008691,0.57444859,0
2.9873228,-0.59770727,-1.6317079,0.62250751,0.28566527,0.72861493,0
-3.02303,0.71398163,1.6762917,-0.78253883,0.24008691,0.57444859,0
-2.9150543,1.9957941,1.2876561,-0.78253883,0.24008691,0.57444859,0
3.0242109,-0.015358269,-1.9666684,0.78253883,-0.24008691,-0.57444859,0
-1.165849,-0.82798469,1.9281359,-0.010830879,-0.92776805,0.37300009,0
1.8184743,-2.0303202,-0.97579217,-0.010830879,-0.92776805,0.37300009,0
-2.8874154,-0.53147805,2.3815639,-0.78253883,0.24008691,0.57444859,0
2.6333523,-1.5847614,-1.8431916,0.78253883,-0.24008691,-0.57444859,0
-1.9936571,0.63276422,0.76900363,-0.62250751,-0.28566527,-0.72861493,0
-2.7494793,-0.17558515,2.4207232,-0.78253883,0.24008691,0.57444859,0
2.2583134,-0.95402741,-2.2416294,-0.62250751,-0.28566527,-0.72861493,0
2.7705183,0.15448821,-2.3832459,0.78253883,-0.24008691,-0.57444859,0
-0.20081264,-0.60904872,-0.27587754,-0.62250751,-0.28566527,-0.72861493,0
1.7185935,-1.7296422,-0.23081172,-0.010830879,-0.92776805,0.37300009,0
1.9527698,0.90542758,-1.7126613,0.010830879,0.92776805,-0.37300009,0
-0.17526102,1.3593408,-0.64542937,0.010830879,0.92776805,-0.37300009,0
0.082857549,0.52308887,0.41035685,0.62250751,0.28566527,0.72861493,0
-1.9078184,0.098240733,0.90523458,-0.62250751,-0.28566527,-0.72861493,0
0.31713802,-1.0295196,-0.55354708,-0.62250751,-0.28566527,-0.72861493,0
0.21824324,0.93716735,0.13234113,0.62250751,0.28566527,0.72861493,0
2.7692711,0.60158157,-2.4447131,0.010830879,0.92776805,-0.37300009,0
-2.513056,0.8510766,2.3137031,-0.78253883,0.24008691,0.57444859,0
1.5202042,0.86440355,-1.8272619,0.010830879,0.92776805,-0.37300009,0
-2.9787016,0.59468889,1.786536,-0.78253883,0.24008691,0.57444859,0
-2.5253992,0.89792657,2.2773085,-0.78253883,0.24008691,0.57444859,0
2.2067916,-1.053288,-0.78622675,0.62250751,0.28566527,0.72861493,0
-1.764788,-0.47469032,1.0076602,-0.62250751,-0.28566527,-0.72861493,0
1.7667813,0.83030701,-1.9049101,0.010830879,0.92776805,-0.37300009,0
2.677372,-2.196785,-1.5274351,0.78253883,-0.24008691,-0.57444859,0
1.326689,-0.92742157,-1.4561074,-0.62250751,-0.28566527,-0.72861493,0
2.9277444,-1.3630153,-1.5348349,0.78253883,-0.24008691,-0.57444859,0
0.87654769,-1.3686988,-0.89850974,-0.62250751,-0.28566527,-0.72861493,0
-0.4689132,0.76110816,0.78845441,0.62250751,0.28566527,0.72861493,0
-2.9895573,0.88757122,1.6493394,-0.78253883,0.24008691,0.57444859,0
-0.28877771,1.5859088,-0.085179985,0.010830879,0.92776805,-0.37300009,0
-2.2965322,-0.82982564,1.6012037,-0.62250751,-0.28566527,-0.72861493,0
2.5430989,0.79468542,-1.9709702,0.010830879,0.92776805,-0.37300009,0
0.13733837,-0.48976946,0.7609176,0.62250751,0.28566527,0.72861493,0
-0.33910036,-1.3279909,0.7084707,-0.010830879,-0.92776805,0.37300009,0
-2.1467829,2.2844954,1.5984719,0.010830879,0.92776805,-0.37300009,0
1.1887714,-1.9736481,-0.85311556,-0.010830879,-0.92776805,0.37300009,0
0.19162142,-1.6275973,-0.021333873,-0.010830879,-0.92776805,0.37300009,0
2.4494984,-2.1150961,-1.8719962,0.78253883,-0.24008691,-0.57444859,0
-0.95100254,-0.65623182,0.38356197,-0.62250751,-0.28566527,-0.72861493,0
0.98018551,1.1062505,-1.2413929,0.010830879,0.92776805,-0.37300009,0
1.0690914,0.30462223,-0.34659934,0.62250751,0.28566527,0.72861493,0
-2.8894737,1.9153221,1.3561366,-0.78253883,0.24008691,0.57444859,0
0.34540141,1.5047306,-0.26868057,0.010830879,0.92776805,-0.37300009,0
-2.4782467,1.9947045,0.86804605,0.010830879,0.92776805,-0.37300009,0
-2.4817638,1.7784351,1.9687476,-0.78253883,0.24008691,0.57444859,0
-2.453054,1.3405654,2.1908615,-0.78253883,0.24008691,0.57444859,0
1.9221966,-1.4278623,-1.7686858,-0.62250751,-0.28566527,-0.72861493,0
2.5295956,-1.7155149,-1.9298859,0.78253883,-0.24008691,-0.57444859,0
0.73485821,0.83703655,-0.26978195,0.62250751,0.28566527,0.72861493,0
-2.4812205,-0.65167719,2.3284733,-0.010830879,-0.92776805,0.37300009,0
-2.6775315,1.4671872,1.8321476,-0.78253883,0.24008691,0.57444859,0
0.3188386,1.0522218,0.001286447,0.62250751,0.28566527,0.72861493,0
-0.051124692,-1.5697379,-0.027112704,-0.62250751,-0.28566527,-0.72861493,0
-0.27921379,0.99260706,0.53561801,0.62250751,0.28566527,0.72861493,0
0.19071972,-1.6613588,-0.19781595,-0.62250751,-0.28566527,-0.72861493,0
2.4431076,-1.7147729,-2.0480132,0.78253883,-0.24008691,-0.57444859,0
2.6353476,-0.37785041,-2.3448939,0.78253883,-0.24008691,-0.57444859,0
0.079682529,0.37106383,0.47267342,0.62250751,0.28566527,0.72861493,0
-2.8404298,0.75215667,1.9090834,-0.78253883,0.24008691,0.57444859,0
-1.9393725,1.767139,0.31766725,0.010830879,0.92776805,-0.37300009,0
-2.7136073,1.9578443,1.5779374,-0.78253883,0.24008691,0.57444859,0
0.51954114,-1.4243309,-0.57168216,-0.62250751,-0.28566527,-0.72861493,0
2.6574695,-0.5953474,-2.2238572,0.78253883,-0.24008691,-0.57444859,0
2.4939384,-0.77986717,-2.369508,0.78253883,-0.24008691,-0.57444859,0
2.4971044,-1.1185079,-2.2236624,0.78253883,-0.24008691,-0.57444859,0
-2.8428481,0.001711905,2.2194326,-0.78253883,0.24008691,0.57444859,0
-3.0158093,1.9347807,1.1759043,-0.78253883,0.24008691,0.57444859,0
-0.78700924,0.7270956,-0.29890531,-0.62250751,-0.28566527,-0.72861493,0
2.4797873,-2.0356166,-0.96976328,-0.010830879,-0.92776805,0.37300009,0
1.960433,-2.1523371,-1.2751648,-0.010830879,-0.92776805,0.37300009,0
3.0413487,-0.57360768,-1.6873145,0.62250751,0.28566527,0.72861493,0
1.9852915,-2.00688,-0.91264534,-0.010830879,-0.92776805,0.37300009,0
-1.5910255,1.5133858,0.079744816,-0.62250751,-0.28566527,-0.72861493,0
1.3407636,1.1553463,-1.1088061,0.010830879,0.92776805,-0.37300009,0
-1.3699517,1.755179,0.30445409,0.010830879,0.92776805,-0.37300009,0
-2.1750944,0.31771743,2.4200048,0.62250751,0.28566527,0.72861493,0
-2.477154,-0.18389823,1.5022755,-0.62250751,-0.28566527,-0.72861493,0
-0.52633512,0.48178703,0.94702649,0.62250751,0.28566527,0.72861493,0
0.39304733,-1.5868632,0.085833877,-0.010830879,-0.92776805,0.37300009,0
-0.43993199,1.5392939,-0.20551491,0.010830879,0.92776805,-0.37300009,0
2.0399876,0.76209337,-2.0666461,0.010830879,0.92776805,-0.37300009,0
2.8325572,0.49629512,-2.4415896,0.78253883,-0.24008691,-0.57444859,0
-0.1087566,1.1065773,0.3453005,0.62250751,0.28566527,0.72861493,0
-2.7631397,2.1978416,1.4101565,-0.78253883,0.24008691,0.57444859,0
2.9224353,-1.3287287,-1.5563977,0.78253883,-0.24008691,-0.57444859,0
-2.9841826,1.29984,1.4843566,-0.78253883,0.24008691,0.57444859,0
2.639847,-0.97414768,-2.0895464,0.78253883,-0.24008691,-0.57444859,0
-1.7337739,0.10434794,2.1266084,0.62250751,0.28566527,0.72861493,0
1.5749891,-1.8114398,-0.43843818,-0.010830879,-0.92776805,0.37300009,0
-1.5912805,-1.0996442,1.2400804,-0.010830879,-0.92776805,0.37300009,0
-2.9057598,1.1969913,1.6341722,-0.78253883,0.24008691,0.57444859,0
2.5373316,-1.7189004,-1.9179323,0.78253883,-0.24008691,-0.57444859,0
-2.4448171,-0.45116591,2.8282647,-0.010830879,-0.92776805,0.37300009,0
-2.7688029,-0.62336922,2.3905337,-0.010830879,-0.92776805,0.37300009,0
0.93444359,-1.8887486,-0.6493293,-0.010830879,-0.92776805,0.37300009,0
-2.4363351,1.0796456,2.3226867,-0.78253883,0.24008691,0.57444859,0
0.58794463,1.3322875,-0.3384344,0.62250751,0.28566527,0.72861493,0
-1.2980398,1.6852679,0.13265121,0.010830879,0.92776805,-0.37300009,0
1.0842676,-0.82915497,0.084950387,0.62250751,0.28566527,0.72861493,0
-2.7625284,1.140915,1.8527248,-0.78253883,0.24008691,0.57444859,0
2.5001376,-0.74724483,-2.3746972,0.78253883,-0.24008691,-0.57444859,0
-2.8402486,1.2432745,1.7040701,-0.78253883,0.24008691,0.57444859,0
1.1165934,-0.92274511,-1.2784411,-0.62250751,-0.28566527,-0.72861493,0
-2.6843185,1.3396385,1.8762105,-0.78253883,0.24008691,0.57444859,0
-2.6501498,0.60491228,2.2298303,-0.78253883,0.24008691,0.57444859,0
2.0560548,0.82217968,-1.3927488,0.62250751,0.28566527,0.72861493,0
-2.9607182,0.91737026,1.6761711,-0.78253883,0.24008691,0.57444859,0
0.80375677,0.094902217,-0.037680924,0.62250751,0.28566527,0.72861493,0
-0.89676476,-1.1781403,1.0650026,-0.010830879,-0.92776805,0.37300009,0
1.2694566,-1.8093512,-0.44211495,-0.010830879,-0.92776805,0.37300009,0
-1.9873769,-0.89974558,1.7257895,-0.010830879,-0.92776805,0.37300009,0
2.7294302,-1.4010253,-1.7891011,0.78253883,-0.24008691,-0.57444859,0
-1.7306776,0.84147906,1.8349586,0.62250751,0.28566527,0.72861493,0
-0.54573309,0.60671479,-0.45784736,-0.62250751,-0.28566527,-0.72861493,0
-2.1749744,-0.51787204,2.6701818,-0.010830879,-0.92776805,0.37300009,0
-2.1102281,2.0069821,0.909271,0.010830879,0.92776805,-0.37300009,0
0.56275725,1.4074286,-0.5043897,0.010830879,0.92776805,-0.37300009,0
-2.4639468,-0.49781758,2.7116714,-0.010830879,-0.92776805,0.37300009,0
1.0643945,-0.28826353,-0.11013603,0.62250751,0.28566527,0.72861493,0
-1.7859062,-0.88952768,1.7570546,-0.010830879,-0.92776805,0.37300009,0
2.0197084,0.13781154,-2.4658451,-0.62250751,-0.28566527,-0.72861493,0
0.64241219,1.1572517,-1.1243451,0.010830879,0.92776805,-0.37300009,0
-2.5169454,-0.039421752,1.4796276,-0.62250751,-0.28566527,-0.72861493,0
-2.6519279,0.64999652,2.2085655,-0.78253883,0.24008691,0.57444859,0
-0.70210999,1.4297971,-0.48548084,0.010830879,0.92776805,-0.37300009,0
2.3723612,-1.0605885,-2.2972889,-0.62250751,-0.28566527,-0.72861493,0
3.0008335,0.66081083,-2.2811143,0.78253883,-0.24008691,-0.57444859,0
-0.94223148,1.7675586,0.34766519,0.010830879,0.92776805,-0.37300009,0
2.2407122,0.83067054,-1.8902445,0.010830879,0.92776805,-0.37300009,0
0.10674961,0.16459882,0.53049606,0.62250751,0.28566527,0.72861493,0
0.26999617,-0.3895607,-0.76417673,-0.62250751,-0.28566527,-0.72861493,0
-1.3661325,0.094992518,1.816174,0.62250751,0.28566527,0.72861493,0
-2.9842243,1.0517728,1.5879772,-0.78253883,0.24008691,0.57444859,0
-0.39227185,0.74345636,-0.64257199,-0.62250751,-0.28566527,-0.72861493,0
-1.0453013,0.20522684,0.12637913,-0.62250751,-0.28566527,-0.72861493,0
-2.9965639,-0.041817069,2.0282269,-0.78253883,0.24008691,0.57444859,0
1.8930157,-0.027151585,-2.2929261,-0.62250751,-0.28566527,-0.72861493,0
-1.321973,-0.85427511,1.8582103,-0.010830879,-0.92776805,0.37300009,0
-0.44415498,0.65567267,-0.56382746,-0.62250751,-0.28566527,-0.72861493,0
2.4232843,-2.3223469,-1.6845925,-0.010830879,-0.92776805,0.37300009,0
2.7233834,-1.4636089,-1.7711823,0.78253883,-0.24008691,-0.57444859,0
-1.570765,-0.908167,1.7169402,-0.010830879,-0.92776805,0.37300009,0
0.31783974,1.1206979,-1.2246904,0.010830879,0.92776805,-0.37300009,0
1.8999527,0.043816034,-0.95420957,0.62250751,0.28566527,0.72861493,0
-1.1948285,1.9045229,0.68100381,0.010830879,0.92776805,-0.37300009,0
3.0383251,-0.58786464,-1.7081664,0.78253883,-0.24008691,-0.57444859,0
-1.5476525,1.7744818,0.34730589,0.010830879,0.92776805,-0.37300009,0
-2.6936822,2.096518,1.5471225,-0.78253883,0.24008691,0.57444859,0
0.66469753,-1.0274304,-0.85131097,-0.62250751,-0.28566527,-0.72861493,0
0.65776229,0.75610912,-0.17218453,0.62250751,0.28566527,0.72861493,0
-0.86173701,1.2344605,0.93848646,0.62250751,0.28566527,0.72861493,0
2.559411,-1.8637357,-1.8273222,0.78253883,-0.24008691,-0.57444859,0
-2.833528,0.41811889,2.058094,-0.78253883,0.24008691,0.57444859,0
-2.5872488,2.2695818,1.5485878,0.010830879,0.92776805,-0.37300009,0
-1.6171257,-0.90735793,1.7176068,-0.010830879,-0.92776805,0.37300009,0
2.6486838,0.33468634,-2.624527,0.78253883,-0.24008691,-0.57444859,0
2.8187954,-0.8212629,-1.909672,0.78253883,-0.24008691,-0.57444859,0
-0.64659393,-1.3664403,0.60390633,-0.010830879,-0.92776805,0.37300009,0
-1.9736669,-0.75694489,2.0813773,-0.010830879,-0.92776805,0.37300009,0
2.8162313,-0.74378401,-1.9455466,0.78253883,-0.24008691,-0.57444859,0
0.31779814,-0.38157582,-0.80814803,-0.62250751,-0.28566527,-0.72861493,0
0.037896752,1.5908837,-0.063319981,0.010830879,0.92776805,-0.37300009,0
-2.5587914,-0.38746759,1.6518369,-0.62250751,-0.28566527,-0.72861493,0
2.795001,0.020397961,-2.2938523,0.78253883,-0.24008691,-0.57444859,0
2.5188684,0.69459134,-2.2206395,0.010830879,0.92776805,-0.37300009,0
-2.4323766,0.28645802,2.6520748,0.62250751,0.28566527,0.72861493,0
-2.7324939,1.758301,1.635607,-0.78253883,0.24008691,0.57444859,0
-2.6622374,-0.028706908,2.4781814,-0.78253883,0.24008691,0.57444859,0
1.3242605,0.78327036,-2.034755,0.010830879,0.92776805,-0.37300009,0
-1.5996404,-0.36674419,0.82424068,-0.62250751,-0.28566527,-0.72861493,0
2.5769849,0.27404094,-2.6968517,0.78253883,-0.24008691,-0.57444859,0
1.7771821,-2.0390811,-0.99878287,-0.010830879,-0.92776805,0.37300009,0
0.71497458,0.63796341,-1.5472108,-0.62250751,-0.28566527,-0.72861493,0
2.3303504,0.84540927,-1.8509817,0.010830879,0.92776805,-0.37300009,0
-1.2556525,1.9195997,0.71673822,0.010830879,0.92776805,-0.37300009,0
2.6879971,0.58384931,-2.4911778,0.010830879,0.92776805,-0.37300009,0
-2.2015281,0.6973812,0.9212687,-0.62250751,-0.28566527,-0.72861493,0
-3.0451181,0.11863026,1.8950257,-0.78253883,0.24008691,0.57444859,0
2.58881,-0.38287246,-1.3754594,0.62250751,0.28566527,0.72861493,0
-2.8177478,1.355904,1.6876497,-0.78253883,0.24008691,0.57444859,0
1.1290852,1.0310547,-1.424105,0.010830879,0.92776805,-0.37300009,0
-0.79184794,0.29874957,-0.12683123,-0.62250751,-0.28566527,-0.72861493,0
-0.21164328,-0.74334264,-0.21397203,-0.62250751,-0.28566527,-0.72861493,0
1.2875321,0.9464528,-0.78486907,0.62250751,0.28566527,0.72861493,0
2.4839821,-2.1523814,-1.8094373,0.78253883,-0.24008691,-0.57444859,0
-1.0737817,-0.46284741,0.41264129,-0.62250751,-0.28566527,-0.72861493,0
2.5726776,-0.82123601,-2.2449553,0.78253883,-0.24008691,-0.57444859,0
-0.28209734,-1.4243828,0.47036904,-0.010830879,-0.92776805,0.37300009,0
2.3452139,-2.0560234,-1.0244286,-0.010830879,-0.92776805,0.37300009,0
2.9051604,-1.5835581,-1.4734259,0.78253883,-0.24008691,-0.57444859,0
-2.8987775,0.8102349,1.8053257,-0.78253883,0.24008691,0.57444859,0
-2.2302995,-0.82545936,1.5429041,-0.62250751,-0.28566527,-0.72861493,0
2.2708478,0.16578621,-1.318912,0.62250751,0.28566527,0.72861493,0
2.6467538,-2.1052144,-1.138026,-0.010830879,-0.92776805,0.37300009,0
2.4756124,0.39286658,-1.5828879,0.62250751,0.28566527,0.72861493,0
0.81902444,0.5525527,-0.23015451,0.62250751,0.28566527,0.72861493,0
3.0176356,-0.45559055,-1.7916338,0.78253883,-0.24008691,-0.57444859,0
-2.929239,0.27872962,1.9859684,-0.78253883,0.24008691,0.57444859,0
-2.079365,-0.95712405,1.5804002,-0.010830879,-0.92776805,0.37300009,0
2.8815851,0.53639996,-1.9860139,0.62250751,0.28566527,0.72861493,0
-2.7205935,-0.18756962,2.4650815,-0.78253883,0.24008691,0.57444859,0
-0.42238164,1.5836217,-0.094748095,0.010830879,0.92776805,-0.37300009,0
0.69662929,0.11640692,-1.3270526,-0.62250751,-0.28566527,-0.72861493,0
2.4225144,0.54243779,-2.6018903,0.010830879,0.92776805,-0.37300009,0
-2.1787503,1.9006578,0.6428194,0.010830879,0.92776805,-0.37300009,0
-0.67279112,-0.99306679,0.2779277,-0.62250751,-0.28566527,-0.72861493,0
2.0476801,-1.8843563,-0.60607862,-0.010830879,-0.92776805,0.37300009,0
-2.7426031,1.2951262,1.8154166,-0.78253883,0.24008691,0.57444859,0
-0.63840628,1.3810087,-0.60498303,0.010830879,0.92776805,-0.37300009,0
0.35442108,0.21595588,0.29875734,0.62250751,0.28566527,0.72861493,0
-0.94817042,0.85732424,-0.21227205,-0.62250751,-0.28566527,-0.72861493,0
2.5691352,-1.5061616,-1.963521,0.78253883,-0.24008691,-0.57444859,0
3.0183563,-0.33897349,-1.839391,0.78253883,-0.24008691,-0.57444859,0
1.2699437,-1.6740232,-1.1149086,-0.62250751,-0.28566527,-0.72861493,0
0.43791294,0.059610724,-1.083745,-0.62250751,-0.28566527,-0.72861493,0
0.19459206,-0.40560418,0.67900342,0.62250751,0.28566527,0.72861493,0
0.89546436,-1.749812,-0.30488211,-0.010830879,-0.92776805,0.37300009,0
-2.322552,0.45637989,2.4916236,0.62250751,0.28566527,0.72861493,0
2.2305431,-0.884547,-2.2451439,-0.62250751,-0.28566527,-0.72861493,0
-0.32970667,1.5138342,-0.26564026,0.010830879,0.92776805,-0.37300009,0
0.48539627,-0.14438862,-1.044332,-0.62250751,-0.28566527,-0.72861493,0
-0.95893115,1.542677,-0.2121703,0.010830879,0.92776805,-0.37300009,0
1.5265183,-0.55088615,-0.40199578,0.62250751,0.28566527,0.72861493,0
2.6914251,0.24059677,-2.526978,0.78253883,-0.24008691,-0.57444859,0
2.4051363,0.63287485,-2.3774502,0.010830879,0.92776805,-0.37300009,0
1.1522555,0.87562925,-0.64152515,0.62250751,0.28566527,0.72861493,0
-0.68603975,1.3639746,0.73759741,0.62250751,0.28566527,0.72861493,0
3.0268369,0.58695406,-2.1299334,0.62250751,0.28566527,0.72861493,0
-0.42182326,0.093117177,-0.36234802,-0.62250751,-0.28566527,-0.72861493,0
2.6175089,0.71581894,-2.1649747,0.010830879,0.92776805,-0.37300009,0
-0.46446702,0.19344789,1.0072162,0.62250751,0.28566527,0.72861493,0
-2.5258403,1.5674545,1.9968829,-0.78253883,0.24008691,0.57444859,0
1.2393835,-1.2884789,-1.2399577,-0.62250751,-0.28566527,-0.72861493,0
2.4343479,0.14761755,-1.4514787,0.62250751,0.28566527,0.72861493,0
2.7733293,-1.0493915,-1.8762631,0.78253883,-0.24008691,-0.57444859,0
2.6844492,-0.95726895,-2.0358415,0.78253883,-0.24008691,-0.57444859,0
1.1078949,-1.9582648,-0.81720102,-0.010830879,-0.92776805,0.37300009,0
-2.9125695,1.9171413,1.3239141,-0.78253883,0.24008691,0.57444859,0
-1.7894335,1.0940773,0.413656,-0.62250751,-0.28566527,-0.72861493,0
2.7621295,-0.33350879,-2.1907179,0.78253883,-0.24008691,-0.57444859,0
-2.7294931,2.064821,1.0351529,0.010830879,0.92776805,-0.37300009,0
-0.72499549,1.8410763,0.53683478,0.010830879,0.92776805,-0.37300009,0
3.0157337,-0.90904558,-1.6047063,0.78253883,-0.24008691,-0.57444859,0
-2.6354766,-0.025094271,2.5131266,-0.78253883,0.24008691,0.57444859,0
1.8623542,-1.328674,-1.7564466,-0.62250751,-0.28566527,-0.72861493,0
-0.68797159,0.01712364,-0.10516408,-0.62250751,-0.28566527,-0.72861493,0
-0.85440516,-1.3413013,0.66040015,-0.010830879,-0.92776805,0.37300009,0
-2.7320051,0.29088706,2.2495682,-0.78253883,0.24008691,0.57444859,0
1.1271393,1.0706644,-1.3256396,0.010830879,0.92776805,-0.37300009,0
-2.774178,-0.63918483,2.3510389,-0.010830879,-0.92776805,0.37300009,0
1.8276324,0.6545769,-2.340239,0.010830879,0.92776805,-0.37300009,0
2.5495043,-0.32908595,-1.3629658,0.62250751,0.28566527,0.72861493,0
-0.41514421,0.90744007,-0.68732285,-0.62250751,-0.28566527,-0.72861493,0
-1.3639276,-0.18918242,0.55323863,-0.62250751,-0.28566527,-0.72861493,0
3.035239,0.66124552,-2.166239,0.62250751,0.28566527,0.72861493,0
0.18257153,-0.76359427,0.82962918,0.62250751,0.28566527,0.72861493,0
-0.78303909,0.70644248,-0.29419982,-0.62250751,-0.28566527,-0.72861493,0
-2.4945774,1.1877401,2.1981692,-0.78253883,0.24008691,0.57444859,0
0.47444713,1.306829,-0.75717682,0.010830879,0.92776805,-0.37300009,0
-0.96824515,0.31319797,1.3906796,0.62250751,0.28566527,0.72861493,0
-2.2349672,1.151059,0.77196646,-0.62250751,-0.28566527,-0.72861493,0
0.11833894,1.1431142,-1.1747274,0.010830879,0.92776805,-0.37300009,0
2.5953147,-2.2214289,-1.628917,0.78253883,-0.24008691,-0.57444859,0
-2.6233222,2.1500397,1.6206007,-0.78253883,0.24008691,0.57444859,0
-1.1128868,0.28834745,0.15153337,-0.62250751,-0.28566527,-0.72861493,0
-1.3835636,0.050456166,1.8485281,0.62250751,0.28566527,0.72861493,0
-2.6992521,1.0359511,1.9827914,-0.78253883,0.24008691,0.57444859,0
2.2524896,-0.58924258,-1.007206,0.62250751,0.28566527,0.72861493,0
-1.1966853,1.935209,0.75727618,0.010830879,0.92776805,-0.37300009,0
1.7651818,-1.9048024,-0.66513777,-0.010830879,-0.92776805,0.37300009,0
-2.700048,-0.075714499,1.6502941,-0.62250751,-0.28566527,-0.72861493,0
-2.8692985,2.0764303,1.0599701,0.010830879,0.92776805,-0.37300009,0
-3.0318451,2.0591371,1.1020856,-0.78253883,0.24008691,0.57444859,0
-2.4565055,0.74695265,2.4342566,-0.78253883,0.24008691,0.57444859,0
-0.12262094,-1.3392338,0.68679225,-0.010830879,-0.92776805,0.37300009,0
-1.5811945,-0.83090246,1.9088185,-0.010830879,-0.92776805,0.37300009,0
1.0228666,-0.58320582,0.040981233,0.62250751,0.28566527,0.72861493,0
-2.0631616,0.54820865,0.86153793,-0.62250751,-0.28566527,-0.72861493,0
-2.6211278,1.3918922,1.9404528,-0.78253883,0.24008691,0.57444859,0
2.574533,-1.6517701,-1.8953116,0.78253883,-0.24008691,-0.57444859,0
-2.7310178,0.90380698,1.9947474,-0.78253883,0.24008691,0.57444859,0
-0.1810056,0.7458756,0.54844689,0.62250751,0.28566527,0.72861493,0
2.7797494,-1.5646285,-1.6521773,0.78253883,-0.24008691,-0.57444859,0
-3.002136,-0.66836601,2.2718368,-0.010830879,-0.92776805,0.37300009,0
-2.709651,1.1897702,1.9043379,-0.78253883,0.24008691,0.57444859,0
1.9106998,0.47333613,-1.1317921,0.62250751,0.28566527,0.72861493,0
0.1668399,0.95447946,0.16947109,0.62250751,0.28566527,0.72861493,0
2.1534839,-2.1451635,-1.2517157,-0.010830879,-0.92776805,0.37300009,0
-1.7326465,1.6908958,0.13402951,0.010830879,0.92776805,-0.37300009,0
-2.768333,-0.57076955,2.5213783,-0.010830879,-0.92776805,0.37300009,0
0.19662279,-0.9891206,0.90604544,0.62250751,0.28566527,0.72861493,0
1.4449668,-0.26754451,-1.8158762,-0.62250751,-0.28566527,-0.72861493,0
0.16160995,-1.1446035,-0.37554798,-0.62250751,-0.28566527,-0.72861493,0
0.27875555,0.82940388,0.12289153,0.62250751,0.28566527,0.72861493,0
2.4996283,-1.6450478,-2.00016,0.78253883,-0.24008691,-0.57444859,0
-2.4828694,0.34832907,2.5649445,-0.78253883,0.24008691,0.57444859,0
-1.3371941,-1.1695842,1.073496,-0.010830879,-0.92776805,0.37300009,0
-3.0477507,0.20149297,1.8568082,-0.78253883,0.24008691,0.57444859,0
2.3387408,-1.3877101,-2.140312,-0.62250751,-0.28566527,-0.72861493,0
-0.11041713,-1.5771893,0.095276415,-0.010830879,-0.92776805,0.37300009,0
2.7528198,-2.2050002,-1.4212232,0.78253883,-0.24008691,-0.57444859,0
1.6606795,0.87323397,-1.8012185,0.010830879,0.92776805,-0.37300009,0
2.6711798,-0.79447776,-2.1219552,0.78253883,-0.24008691,-0.57444859,0
-2.9788671,-0.19899529,2.1180251,-0.78253883,0.24008691,0.57444859,0
2.6745462,-0.039101481,-2.4330733,0.78253883,-0.24008691,-0.57444859,0
2.854485,0.53164834,-2.4264934,0.78253883,-0.24008691,-0.57444859,0
-1.5838079,1.8170218,0.4520663,0.010830879,0.92776805,-0.37300009,0
1.8894607,-1.4420456,-1.7351565,-0.62250751,-0.28566527,-0.72861493,0
-2.7821474,0.19382405,2.2218292,-0.78253883,0.24008691,0.57444859,0
-0.2653867,-1.5376263,0.18918189,-0.010830879,-0.92776805,0.37300009,0
-0.28643757,0.65944219,-0.70005453,-0.62250751,-0.28566527,-0.72861493,0
-2.4616685,-0.23688817,2.8384132,-0.78253883,0.24008691,0.57444859,0
0.051787734,1.3903841,-0.56162226,0.010830879,0.92776805,-0.37300009,0
2.8349342,-1.1080999,-1.7678053,0.78253883,-0.24008691,-0.57444859,0
2.7226481,-0.12286794,-2.3325372,0.78253883,-0.24008691,-0.57444859,0
0.18446863,-1.5651982,0.133665,-0.010830879,-0.92776805,0.37300009,0
-1.5360817,-0.83426327,1.9017687,-0.010830879,-0.92776805,0.37300009,0
2.5359101,0.76855981,-2.0361617,0.010830879,0.92776805,-0.37300009,0
0.5282464,0.86017388,-1.474797,-0.62250751,-0.28566527,-0.72861493,0
-2.8247275,-0.29733837,2.3691022,-0.78253883,0.24008691,0.57444859,0
2.5423646,-0.31767654,-2.4967086,0.78253883,-0.24008691,-0.57444859,0
1.6944075,1.061565,-1.3318007,0.010830879,0.92776805,-0.37300009,0
-2.5864415,0.21941769,2.4777319,-0.78253883,0.24008691,0.57444859,0
2.2382979,-1.8365674,-0.50604749,0.62250751,0.28566527,0.72861493,0
-2.4728668,2.0354578,1.8734465,-0.78253883,0.24008691,0.57444859,0
2.0955801,-1.3733495,-0.56572533,0.62250751,0.28566527,0.72861493,0
-2.2356353,1.8821507,0.59513497,0.010830879,0.92776805,-0.37300009,0
-0.7824887,1.771347,0.3617264,0.010830879,0.92776805,-0.37300009,0
-1.0163177,0.30327225,0.063176036,-0.62250751,-0.28566527,-0.72861493,0
-1.0553581,1.8750436,0.61172938,0.010830879,0.92776805,-0.37300009,0
0.27324784,-1.4523695,0.41688317,-0.010830879,-0.92776805,0.37300009,0
1.0328733,-1.5749562,0.13402909,-0.010830879,-0.92776805,0.37300009,0
-0.1765902,1.6626374,0.18524294,0.62250751,0.28566527,0.72861493,0
-0.42076778,-1.1788304,1.077108,-0.010830879,-0.92776805,0.37300009,0
-0.20619869,-1.5517329,0.15581352,-0.010830879,-0.92776805,0.37300009,0
-1.0435269,1.0815915,-0.21872985,-0.62250751,-0.28566527,-0.72861493,0
2.8603177,-1.862577,-1.4178984,0.78253883,-0.24008691,-0.57444859,0
2.7265866,-1.7803693,-1.6344306,0.78253883,-0.24008691,-0.57444859,0
2.185564,0.62604594,-2.4008112,0.010830879,0.92776805,-0.37300009,0
-2.0657339,-0.63551682,2.3807337,-0.010830879,-0.92776805,0.37300009,0
2.7202678,-0.4971956,-2.1793325,0.78253883,-0.24008691,-0.57444859,0
1.4296902,-1.7591786,-0.31266725,-0.010830879,-0.92776805,0.37300009,0
1.1012518,0.62479222,-1.8720709,-0.62250751,-0.28566527,-0.72861493,0
-2.0908685,-0.53675139,2.6256642,-0.010830879,-0.92776805,0.37300009,0
-2.4565973,-0.049830198,2.7671409,-0.78253883,0.24008691,0.57444859,0
-1.9738914,1.8650854,0.56028819,0.010830879,0.92776805,-0.37300009,0
-2.4548905,-0.66012019,2.308238,-0.010830879,-0.92776805,0.37300009,0
2.4848082,-0.29730442,-1.3201516,0.62250751,0.28566527,0.72861493,0
2.6687133,-1.2180245,-1.9482965,0.78253883,-0.24008691,-0.57444859,0
2.5375192,-0.10657024,-2.5915394,0.78253883,-0.24008691,-0.57444859,0
-1.8739375,1.6051342,0.28548539,-0.62250751,-0.28566527,-0.72861493,0
0.31037235,-1.4614948,0.39526343,-0.010830879,-0.92776805,0.37300009,0
0.98237246,-0.021759868,-0.14454579,0.62250751,0.28566527,0.72861493,0
0.60819387,-1.7939901,-0.42310858,-0.010830879,-0.92776805,0.37300009,0
-0.14272034,-1.0439974,-0.15498129,-0.62250751,-0.28566527,-0.72861493,0
-0.77100384,1.7840731,0.39371431,0.010830879,0.92776805,-0.37300009,0
1.6964476,0.6726405,-2.299119,0.010830879,0.92776805,-0.37300009,0
-2.6130404,-0.36186087,2.6844389,-0.78253883,0.24008691,0.57444859,0
2.4967811,-0.4868674,-1.2560596,0.62250751,0.28566527,0.72861493,0
-2.4758711,-0.84462512,1.8487065,-0.010830879,-0.92776805,0.37300009,0
-1.6254077,0.78958702,1.7653642,0.62250751,0.28566527,0.72861493,0
0.13933592,-0.45805806,-0.62568891,-0.62250751,-0.28566527,-0.72861493,0
-2.3158696,-0.63433492,2.3764107,-0.010830879,-0.92776805,0.37300009,0
-3.0107675,-0.64052194,2.1372058,-0.62250751,-0.28566527,-0.72861493,0
2.5392163,-1.2840517,-2.0971079,0.78253883,-0.24008691,-0.57444859,0
2.8293757,-2.1727135,-1.3006155,-0.010830879,-0.92776805,0.37300009,0
2.5557039,0.77640069,-2.0160835,0.010830879,0.92776805,-0.37300009,0
-2.9610488,1.9448228,1.2463038,-0.78253883,0.24008691,0.57444859,0
-1.0626521,-0.94161892,0.59084272,-0.62250751,-0.28566527,-0.72861493,0
-0.93874514,1.789984,0.40354514,0.010830879,0.92776805,-0.37300009,0
1.5416789,0.91002125,-1.7131724,0.010830879,0.92776805,-0.37300009,0
-1.1374798,1.5119808,-0.29370618,0.010830879,0.92776805,-0.37300009,0
1.5876414,-1.6473832,-0.030010462,-0.010830879,-0.92776805,0.37300009,0
-2.8748834,0.38878053,2.0140195,-0.78253883,0.24008691,0.57444859,0
-1.1765293,-1.245975,0.8881532,-0.010830879,-0.92776805,0.37300009,0
-2.8382738,0.034962595,2.211767,-0.78253883,0.24008691,0.57444859,0
-2.940506,-0.43698558,2.2697487,-0.78253883,0.24008691,0.57444859,0
1.7478364,0.65221483,-2.3484311,0.010830879,0.92776805,-0.37300009,0
-2.8755944,1.5537832,1.5261457,-0.78253883,0.24008691,0.57444859,0
3.0450928,-0.42676896,-1.7662759,0.78253883,-0.24008691,-0.57444859,0
0.13107479,1.2688988,-0.86149174,0.010830879,0.92776805,-0.37300009,0
0.49913037,1.1684229,-0.19830829,0.62250751,0.28566527,0.72861493,0
0.44867039,1.4384837,-0.43045855,0.010830879,0.92776805,-0.37300009,0
-2.072541,1.2286202,0.60278487,-0.62250751,-0.28566527,-0.72861493,0
-1.7749745,1.3652076,1.6674683,0.62250751,0.28566527,0.72861493,0
2.3554497,0.81949282,-1.9147153,0.010830879,0.92776805,-0.37300009,0
1.456439,0.44490385,-2.1050043,-0.62250751,-0.28566527,-0.72861493,0
1.083133,-1.7457135,-0.92719531,-0.62250751,-0.28566527,-0.72861493,0
2.5491433,0.5546965,-2.5677218,0.010830879,0.92776805,-0.37300009,0
-0.77346963,1.5407755,-0.21151489,0.010830879,0.92776805,-0.37300009,0
-2.6982467,1.8020703,0.91253924,-0.62250751,-0.28566527,-0.72861493,0
-1.4660786,1.4756471,1.360257,0.62250751,0.28566527,0.72861493,0
-0.80620766,-0.1157608,1.4204198,0.62250751,0.28566527,0.72861493,0
-0.32722127,-1.3921577,0.13915288,-0.62250751,-0.28566527,-0.72861493,0
1.894022,-1.4428887,-0.36625588,0.62250751,0.28566527,0.72861493,0
2.4468524,-0.08012569,-2.7261026,0.78253883,-0.24008691,-0.57444859,0
-2.4654946,2.0579309,1.8740964,-0.78253883,0.24008691,0.57444859,0
-2.4398384,0.048688412,2.7487962,-0.78253883,0.24008691,0.57444859,0
0.39025715,-0.16614962,-0.95451617,-0.62250751,-0.28566527,-0.72861493,0
-1.2886806,-0.57288301,0.63938606,-0.62250751,-0.28566527,-0.72861493,0
-2.656949,1.9725456,1.6489761,-0.78253883,0.24008691,0.57444859,0
0.29796433,1.0718024,-1.3468859,0.010830879,0.92776805,-0.37300009,0
2.8524742,-0.5301739,-1.9854519,0.78253883,-0.24008691,-0.57444859,0
-2.5920408,1.2951212,2.0205209,-0.78253883,0.24008691,0.57444859,0
-1.5220618,0.73322773,1.6991649,0.62250751,0.28566527,0.72861493,0
-0.99590063,1.5888053,-0.098508298,0.010830879,0.92776805,-0.37300009,0
-0.60978293,-1.1072818,0.26887524,-0.62250751,-0.28566527,-0.72861493,0
-1.3817534,1.6591849,0.06534338,0.010830879,0.92776805,-0.37300009,0
-2.8742738,0.62280256,1.9170425,-0.78253883,0.24008691,0.57444859,0
0.039511085,1.5035148,-0.28058746,0.010830879,0.92776805,-0.37300009,0
0.56746578,1.3070908,-0.75382471,0.010830879,0.92776805,-0.37300009,0
0.074524947,-0.13978004,-0.69510233,-0.62250751,-0.28566527,-0.72861493,0
2.4644418,0.5145402,-2.6700633,0.010830879,0.92776805,-0.37300009,0
-0.82769251,-1.0804451,1.3100072,-0.010830879,-0.92776805,0.37300009,0
2.5361469,-0.86196971,-2.2776945,0.78253883,-0.24008691,-0.57444859,0
-2.7750673,1.1827071,1.8181772,-0.78253883,0.24008691,0.57444859,0
-2.6953306,1.5457349,1.7750731,-0.78253883,0.24008691,0.57444859,0
-2.593653,1.6934443,1.8518484,-0.78253883,0.24008691,0.57444859,0
1.5486627,0.17620301,-2.078449,-0.62250751,-0.28566527,-0.72861493,0
-2.4441648,-0.77771389,2.0160565,-0.010830879,-0.92776805,0.37300009,0
-0.80718887,-0.5245111,0.20904833,-0.62250751,-0.28566527,-0.72861493,0
1.6857476,-2.1504884,-1.2785425,-0.010830879,-0.92776805,0.37300009,0
-2.8340089,-0.3354969,2.3724074,-0.78253883,0.24008691,0.57444859,0
-3.0338571,1.6874061,1.244231,-0.62250751,-0.28566527,-0.72861493,0
-0.2461822,-1.392643,0.55035871,-0.010830879,-0.92776805,0.37300009,0
2.0193145,0.86213225,-1.818418,0.010830879,0.92776805,-0.37300009,0
-2.0844276,2.1146109,1.1777267,0.010830879,0.92776805,-0.37300009,0
-1.1890676,1.6199205,-0.026724339,0.010830879,0.92776805,-0.37300009,0
-0.33889186,-0.25086471,-0.29833847,-0.62250751,-0.28566527,-0.72861493,0
-2.5794661,2.2947197,1.6198754,-0.78253883,0.24008691,0.57444859,0
-3.0400777,-0.50572342,2.1628363,-0.78253883,0.24008691,0.57444859,0
2.5200477,-2.1469114,-1.2454188,-0.010830879,-0.92776805,0.37300009,0
1.9678766,-2.018429,-0.94187689,-0.010830879,-0.92776805,0.37300009,0
-2.4373314,0.69997239,2.480011,-0.78253883,0.24008691,0.57444859,0
-2.8225114,2.1846447,1.3347936,-0.78253883,0.24008691,0.57444859,0
2.793798,-2.1238616,-1.1801381,-0.010830879,-0.92776805,0.37300009,0
-1.2958447,1.5022652,-0.16808897,-0.62250751,-0.28566527,-0.72861493,0
-1.9757018,-0.67318881,2.2896461,-0.010830879,-0.92776805,0.37300009,0
0.67029679,-1.73107,-0.26480371,-0.010830879,-0.92776805,0.37300009,0
1.1840147,0.92508984,-0.68805075,0.62250751,0.28566527,0.72861493,0
0.45421493,-1.5674446,0.13591027,-0.010830879,-0.92776805,0.37300009,0
-2.1764855,1.1337862,2.1012406,0.62250751,0.28566527,0.72861493,0
2.6988473,0.14317697,-2.4761517,0.78253883,-0.24008691,-0.57444859,0
2.9360211,-0.71993464,-1.7923315,0.78253883,-0.24008691,-0.57444859,0
-2.5535197,-0.019056201,2.6222484,-0.78253883,0.24008691,0.57444859,0
-0.57136679,1.4917749,-0.327526,0.010830879,0.92776805,-0.37300009,0
-0.26230514,1.5530926,-0.16603528,0.010830879,0.92776805,-0.37300009,0
-2.8413794,1.8706552,1.440321,-0.78253883,0.24008691,0.57444859,0
-0.071958423,-1.2290661,0.9622848,-0.010830879,-0.92776805,0.37300009,0
0.73635441,-0.75266039,0.35220629,0.62250751,0.28566527,0.72861493,0
-2.2586787,0.11112157,1.199949,-0.62250751,-0.28566527,-0.72861493,0
0.40679061,1.3037034,-0.7669155,0.010830879,0.92776805,-0.37300009,0
1.4264264,0.63632417,-0.78194523,0.62250751,0.28566527,0.72861493,0
-1.9174324,-0.96806777,1.5578818,-0.010830879,-0.92776805,0.37300009,0
3.0307889,-0.64990902,-1.6925018,0.78253883,-0.24008691,-0.57444859,0
1.3993249,-0.98586577,-0.12278438,0.62250751,0.28566527,0.72861493,0
-2.8120682,1.8212488,1.0022659,-0.62250751,-0.28566527,-0.72861493,0
-2.5278115,0.4501797,2.4611547,-0.78253883,0.24008691,0.57444859,0
-0.5261178,0.69413149,0.86358774,0.62250751,0.28566527,0.72861493,0
-1.7768331,0.031118751,2.1921077,0.62250751,0.28566527,0.72861493,0
1.1294935,-1.886728,-0.63863933,-0.010830879,-0.92776805,0.37300009,0
-1.7098776,1.9563199,0.79488385,0.010830879,0.92776805,-0.37300009,0
2.8283243,0.31646413,-2.3721969,0.78253883,-0.24008691,-0.57444859,0
2.9227521,-0.34279495,-1.9680302,0.78253883,-0.24008691,-0.57444859,0
0.85613358,-1.7967899,-0.4228729,-0.010830879,-0.92776805,0.37300009,0
-0.056218863,1.4565277,-0.40023851,0.010830879,0.92776805,-0.37300009,0
0.31451154,1.3266109,-0.71261692,0.010830879,0.92776805,-0.37300009,0
-1.2136483,-0.53299314,1.9321082,0.62250751,0.28566527,0.72861493,0
0.94051826,1.3181108,-0.71558189,0.010830879,0.92776805,-0.37300009,0
2.8032639,-1.2659791,-1.7449629,0.78253883,-0.24008691,-0.57444859,0
2.9210448,-1.7221386,-1.3938689,0.78253883,-0.24008691,-0.57444859,0
-2.8003755,1.7028325,1.5663185,-0.78253883,0.24008691,0.57444859,0
0.86696422,0.69272697,-1.6985373,-0.62250751,-0.28566527,-0.72861493,0
-2.0862095,0.4133836,2.3065567,0.62250751,0.28566527,0.72861493,0
1.6171439,-0.60177863,-1.8319371,-0.62250751,-0.28566527,-0.72861493,0
-0.98338425,1.1806264,1.0635248,0.62250751,0.28566527,0.72861493,0
-2.8769951,-0.023580849,2.1834862,-0.78253883,0.24008691,0.57444859,0
2.671468,-0.45203233,-2.2646856,0.78253883,-0.24008691,-0.57444859,0
2.6438975,0.33493882,-2.6311524,0.78253883,-0.24008691,-0.57444859,0
-0.55273497,1.4766138,0.57954365,0.62250751,0.28566527,0.72861493,0
-1.3871353,1.2352071,1.3870788,0.62250751,0.28566527,0.72861493,0
-1.0307074,0.86858118,-0.14616835,-0.62250751,-0.28566527,-0.72861493,0
-0.23826623,-1.2353139,0.94191521,-0.010830879,-0.92776805,0.37300009,0
-2.3286667,1.9727302,0.81773305,0.010830879,0.92776805,-0.37300009,0
0.34436035,1.3014576,-0.77431434,0.010830879,0.92776805,-0.37300009,0
2.0967107,-1.4044878,-0.55448294,0.62250751,0.28566527,0.72861493,0
0.49253142,-1.6498692,-0.067993551,-0.010830879,-0.92776805,0.37300009,0
2.4613075,0.087633491,-2.7765241,0.78253883,-0.24008691,-0.57444859,0
-2.7367787,2.118371,1.1681371,0.010830879,0.92776805,-0.37300009,0
-2.2476048,1.8504344,0.51589918,0.010830879,0.92776805,-0.37300009,0
2.7730069,-1.184289,-1.8203223,0.78253883,-0.24008691,-0.57444859,0
2.6436687,-0.75760329,-2.1748428,0.78253883,-0.24008691,-0.57444859,0
2.3467169,0.48868448,-2.7377927,0.010830879,0.92776805,-0.37300009,0
1.7530186,0.96612072,-1.1902781,0.62250751,0.28566527,0.72861493,0
2.9093525,-0.10533386,-2.0855289,0.78253883,-0.24008691,-0.57444859,0
-2.5166821,1.0075463,1.068922,-0.62250751,-0.28566527,-0.72861493,0
1.3850807,-1.1111021,-1.4339807,-0.62250751,-0.28566527,-0.72861493,0
2.0346375,-1.4128764,-1.8706276,-0.62250751,-0.28566527,-0.72861493,0
1.0782747,1.137358,-1.1611711,0.010830879,0.92776805,-0.37300009,0
1.2447693,-0.64182413,-0.12562382,0.62250751,0.28566527,0.72861493,0
-0.97636938,1.7691935,0.35074091,0.010830879,0.92776805,-0.37300009,0
2.589308,-0.089640856,-2.5280659,0.78253883,-0.24008691,-0.57444859,0
0.85052174,-1.6233748,0.0083016753,-0.010830879,-0.92776805,0.37300009,0
0.78104913,0.66488636,-1.6142186,-0.62250751,-0.28566527,-0.72861493,0
2.8180151,-1.627331,-1.0833752,0.62250751,0.28566527,0.72861493,0
-0.93613416,1.8347939,0.51507783,0.010830879,0.92776805,-0.37300009,0
2.1616466,-0.44432998,-2.3588746,-0.62250751,-0.28566527,-0.72861493,0
0.50942111,0.70439643,-1.3976382,-0.62250751,-0.28566527,-0.72861493,0
3.0247343,-1.6465912,-1.252439,0.62250751,0.28566527,0.72861493,0
-2.8516872,0.50023705,1.9990358,-0.78253883,0.24008691,0.57444859,0
-2.3040392,0.92108917,2.2936096,0.62250751,0.28566527,0.72861493,0
-1.7323526,-1.0327058,1.4024808,-0.010830879,-0.92776805,0.37300009,0
2.631093,-1.8581181,-1.7320216,0.78253883,-0.24008691,-0.57444859,0
-2.9022155,-0.11579311,2.1876695,-0.78253883,0.24008691,0.57444859,0
0.55730271,1.2031057,-1.0127635,0.010830879,0.92776805,-0.37300009,0
1.5816839,0.90428293,-1.7262836,0.010830879,0.92776805,-0.37300009,0
-2.3746085,0.27009481,1.2366681,-0.62250751,-0.28566527,-0.72861493,0
-1.7868823,0.44014657,0.66786027,-0.62250751,-0.28566527,-0.72861493,0
-2.1721747,2.178725,1.334651,0.010830879,0.92776805,-0.37300009,0
1.2733967,-0.81765187,-0.081146002,0.62250751,0.28566527,0.72861493,0
-1.9485102,1.808331,0.41985917,0.010830879,0.92776805,-0.37300009,0
-2.4216387,2.2138953,1.4148865,0.010830879,0.92776805,-0.37300009,0
1.8070419,-0.9423362,-1.8606596,-0.62250751,-0.28566527,-0.72861493,0
1.1625423,-1.7118632,-0.2027359,-0.010830879,-0.92776805,0.37300009,0
-1.6311359,1.6732826,0.093167663,0.010830879,0.92776805,-0.37300009,0
1.4578369,-1.8371062,-0.50568044,-0.010830879,-0.92776805,0.37300009,0
2.8413305,-0.21773261,-2.1312153,0.78253883,-0.24008691,-0.57444859,0
1.9673524,0.89468348,-1.3453906,0.62250751,0.28566527,0.72861493,0
-2.3812127,2.1494849,1.255851,0.010830879,0.92776805,-0.37300009,0
-2.9341807,-0.23202646,2.1927035,-0.78253883,0.24008691,0.57444859,0
-2.8685145,-0.41640607,2.3592174,-0.78253883,0.24008691,0.57444859,0
-2.2683554,2.3153853,1.6717756,0.010830879,0.92776805,-0.37300009,0
0.56049097,1.2917272,-0.79224122,0.010830879,0.92776805,-0.37300009,0
3.0356612,-0.24888241,-1.8097689,0.62250751,0.28566527,0.72861493,0
2.8371425,0.73190022,-2.1185982,0.010830879,0.92776805,-0.37300009,0
-0.21881485,-1.2818364,0.82676399,-0.010830879,-0.92776805,0.37300009,0
-2.8912416,0.71767139,1.8542778,-0.78253883,0.24008691,0.57444859,0
1.4564886,0.82495344,-1.9272366,0.010830879,0.92776805,-0.37300009,0
-1.6943126,1.0215712,0.36081445,-0.62250751,-0.28566527,-0.72861493,0
2.9781826,-1.5088024,-1.4051955,0.78253883,-0.24008691,-0.57444859,0
-2.2312102,2.3174653,1.6780276,0.010830879,0.92776805,-0.37300009,0
-2.0635958,1.1140914,2.0125122,0.62250751,0.28566527,0.72861493,0
-0.61672693,1.4146303,-0.52072603,0.010830879,0.92776805,-0.37300009,0
1.6663067,1.0320609,-1.4060028,0.010830879,0.92776805,-0.37300009,0
2.1533277,0.32978463,-1.2828047,0.62250751,0.28566527,0.72861493,0
-1.4506639,1.8313262,0.49151182,0.010830879,0.92776805,-0.37300009,0
-2.8994405,0.54432964,1.9155562,-0.78253883,0.24008691,0.57444859,0
-2.7643607,-0.51433671,2.5420299,-0.78253883,0.24008691,0.57444859,0
-2.8848324,1.6327522,1.4805567,-0.78253883,0.24008691,0.57444859,0
-0.13549812,-0.059982479,-0.5469507,-0.62250751,-0.28566527,-0.72861493,0
-2.7615991,0.8085497,1.9929006,-0.78253883,0.24008691,0.57444859,0
2.1575787,-0.20207536,-2.4503794,-0.62250751,-0.28566527,-0.72861493,0
2.0163021,0.95438159,-1.4106174,0.62250751,0.28566527,0.72861493,0
-2.419524,1.3222667,2.2349885,0.62250751,0.28566527,0.72861493,0
2.8985696,-1.402727,-1.5579813,0.78253883,-0.24008691,-0.57444859,0
1.6853366,1.0952611,-1.2482517,0.010830879,0.92776805,-0.37300009,0
-1.2331901,-0.74542141,0.65962303,-0.62250751,-0.28566527,-0.72861493,0
-1.2989874,0.63436151,0.1748718,-0.62250751,-0.28566527,-0.72861493,0
2.7293339,-1.2217367,-1.8641653,0.78253883,-0.24008691,-0.57444859,0
2.8371682,0.23912878,-1.8315148,0.62250751,0.28566527,0.72861493,0
-0.50322831,-1.0361413,0.14994609,-0.62250751,-0.28566527,-0.72861493,0
0.87662846,-0.58292067,-1.2066559,-0.62250751,-0.28566527,-0.72861493,0
1.0062089,0.069697678,-1.5732353,-0.62250751,-0.28566527,-0.72861493,0
-2.4989939,1.0705259,2.2411416,-0.78253883,0.24008691,0.57444859,0
2.2127013,-0.16195218,-1.1407382,0.62250751,0.28566527,0.72861493,0
2.3746171,0.82128417,-1.9097033,0.010830879,0.92776805,-0.37300009,0
