0.85848808,4.4261274,-1.428822,0.30998048,0.95056099,-0.018604219,0
-1.2721467,-4.1302395,-0.63346291,0.74036556,-0.25361907,-0.6225242,0
-1.6726954,-4.2010512,-0.63735962,-0.30998048,-0.95056099,0.018604219,0
1.1612357,4.3618131,0.3294282,0.30998048,0.95056099,-0.018604219,0
1.8026198,4.1556945,0.48466492,0.30998048,0.95056099,-0.018604219,0
-1.9203717,-4.1293116,-1.3989663,-0.59646547,0.1791963,-0.78237951,0
-2.2958007,-3.9951863,-0.50100088,-0.30998048,-0.95056099,0.018604219,0
-0.30846459,-0.2844792,-1.0541396,0.74036556,-0.25361907,-0.6225242,0
-0.38478959,-1.9895848,-0.4502449,0.74036556,-0.25361907,-0.6225242,0
-1.839443,-4.1318765,0.11873245,-0.30998048,-0.95056099,0.018604219,0
1.5749148,4.2365942,0.82415938,0.30998048,0.95056099,-0.018604219,0
-0.44374546,2.4910235,-1.0083838,-0.59646547,0.1791963,-0.78237951,0
-0.66014922,0.16701996,-1.3756937,-0.59646547,0.1791963,-0.78237951,0
0.97261667,3.8704488,0.38307285,-0.74036556,0.25361907,0.6225242,0
1.1717596,4.3537703,0.093818188,0.30998048,0.95056099,-0.018604219,0
0.68093377,4.5013418,-0.5442338,0.30998048,0.95056099,-0.018604219,0
-0.41231602,-4.1206908,0.38524008,0.74036556,-0.25361907,-0.6225242,0
1.7243316,2.9567828,1.2798657,0.59646547,-0.1791963,0.78237951,0
0.55834591,4.5305977,-1.0919785,0.30998048,0.95056099,-0.018604219,0
-0.80739182,-4.1372209,1.528476,-0.74036556,0.25361907,0.6225242,0
-1.8663542,-4.1283116,-0.14751434,-0.30998048,-0.95056099,0.018604219,0
-0.93838429,-4.4123244,0.80285835,-0.30998048,-0.95056099,0.018604219,0
-1.5792342,-1.8601789,-0.31715059,-0.74036556,0.25361907,0.6225242,0
-0.6809749,1.9807937,-0.94438958,-0.59646547,0.1791963,-0.78237951,0
-0.02433979,-2.8991909,1.2717531,0.59646547,-0.1791963,0.78237951,0
0.21860468,4.3170376,-1.0951111,-0.59646547,0.1791963,-0.78237951,0
-0.25567082,-2.7172828,1.489778,0.59646547,-0.1791963,0.78237951,0
-1.4410751,-0.19920738,-0.86421722,-0.59646547,0.1791963,-0.78237951,0
0.49722338,-1.3166829,1.2365849,0.59646547,-0.1791963,0.78237951,0
-0.79699737,-4.4537344,1.04284,-0.30998048,-0.95056099,0.018604219,0
0.31113625,4.6170588,-0.79331827,0.30998048,0.95056099,-0.018604219,0
-1.5567468,-1.7065123,-0.35301042,-0.74036556,0.25361907,0.6225242,0
-1.598079,-4.2025275,0.53045511,-0.30998048,-0.95056099,0.018604219,0
1.0256814,4.3998737,0.015519142,0.30998048,0.95056099,-0.018604219,0
0.31614813,0.44737047,-0.60944891,0.74036556,-0.25361907,-0.6225242,0
-1.8748702,-4.14294,-1.0368383,-0.30998048,-0.95056099,0.018604219,0
1.9094427,4.1110744,-0.015261173,0.30998048,0.95056099,-0.018604219,0
2.3082104,3.071593,0.86102819,0.59646547,-0.1791963,0.78237951,0
-1.1362312,-4.3500748,0.68694782,-0.30998048,-0.95056099,0.018604219,0
0.17659175,-0.46148238,1.2012118,-0.74036556,0.25361907,0.6225242,0
0.42022318,4.5742283,-1.164083,0.30998048,0.95056099,-0.018604219,0
-0.59518152,-2.8553705,1.2586257,-0.74036556,0.25361907,0.6225242,0
1.1669214,4.3427858,-0.54801798,0.30998048,0.95056099,-0.018604219,0
-1.8689016,-2.6451352,-1.0982697,-0.59646547,0.1791963,-0.78237951,0
-2.0082474,-4.102035,-1.1691363,-0.30998048,-0.95056099,0.018604219,0
1.2794619,4.3066874,-0.51728249,0.30998048,0.95056099,-0.018604219,0
-1.3404698,-4.2797489,0.87715912,-0.30998048,-0.95056099,0.018604219,0
2.3876717,3.9655194,0.51594496,0.30998048,0.95056099,-0.018604219,0
-1.7251785,-2.0360408,-1.0683329,-0.59646547,0.1791963,-0.78237951,0
-1.6366625,-0.88649392,-0.87252277,-0.59646547,0.1791963,-0.78237951,0
-0.084243894,-1.4144077,1.2792271,-0.74036556,0.25361907,0.6225242,0
0.078139782,-0.34036052,1.0347778,-0.74036556,0.25361907,0.6225242,0
-1.8711867,-2.8688984,-1.1477783,-0.59646547,0.1791963,-0.78237951,0
0.62915695,4.5042806,-1.2567697,0.30998048,0.95056099,-0.018604219,0
0.51475388,0.43999836,-0.37024432,0.74036556,-0.25361907,-0.6225242,0
-1.4297514,-2.3471546,0.059025288,-0.74036556,0.25361907,0.6225242,0
-0.90368319,0.12780178,-1.1990124,-0.59646547,0.1791963,-0.78237951,0
-0.69815487,1.2708974,-1.0938869,-0.59646547,0.1791963,-0.78237951,0
-0.15648985,-4.509028,0.84770393,0.74036556,-0.25361907,-0.6225242,0
-0.61221534,-3.8146801,1.5102501,0.59646547,-0.1791963,0.78237951,0
0.024448216,-3.0945387,1.1898158,0.59646547,-0.1791963,0.78237951,0
0.12802559,-1.3144872,-0.11539346,0.74036556,-0.25361907,-0.6225242,0
0.25854829,3.8927784,-1.2227361,-0.59646547,0.1791963,-0.78237951,0
1.4309111,3.2894111,1.1648381,-0.74036556,0.25361907,0.6225242,0
0.96024871,-1.1016454,0.93283892,0.59646547,-0.1791963,0.78237951,0
-2.1740084,-3.6349638,-1.0923743,-0.59646547,0.1791963,-0.78237951,0
0.16564268,0.76507676,-0.91787952,0.74036556,-0.25361907,-0.6225242,0
1.7681769,3.5231738,1.3761659,0.59646547,-0.1791963,0.78237951,0
1.289887,4.0510468,0.68682504,-0.74036556,0.25361907,0.6225242,0
-1.9557484,-3.6959157,-1.2727308,-0.59646547,0.1791963,-0.78237951,0
1.2742026,0.62039006,1.0879042,0.59646547,-0.1791963,0.78237951,0
-1.9887484,-3.7952352,-1.2703204,-0.59646547,0.1791963,-0.78237951,0
-0.9595145,0.27771932,-1.122111,-0.59646547,0.1791963,-0.78237951,0
-0.76004517,-4.4715891,0.74625254,-0.30998048,-0.95056099,0.018604219,0
-0.79934669,0.39237374,-1.2179581,-0.59646547,0.1791963,-0.78237951,0
-2.2581644,-3.9358733,-1.0971367,-0.59646547,0.1791963,-0.78237951,0
1.7370698,1.9243355,1.0336825,0.59646547,-0.1791963,0.78237951,0
2.0171762,4.0806031,0.22285986,0.30998048,0.95056099,-0.018604219,0
-0.72106934,-3.3102009,-0.3121562,0.74036556,-0.25361907,-0.6225242,0
0.25570315,3.7701223,-0.42867637,-0.74036556,0.25361907,0.6225242,0
1.0999671,-0.18945791,0.58219099,0.74036556,-0.25361907,-0.6225242,0
-1.1525545,-1.5391364,0.059504151,-0.74036556,0.25361907,0.6225242,0
1.4888237,1.5756721,1.1430808,0.59646547,-0.1791963,0.78237951,0
-0.70695668,-4.4968314,0.34110022,-0.30998048,-0.95056099,0.018604219,0
-2.2555661,-4.0180726,-0.99996495,-0.30998048,-0.95056099,0.018604219,0
1.9183227,3.9548211,1.360563,0.59646547,-0.1791963,0.78237951,0
0.5182249,1.1325395,0.95810294,-0.74036556,0.25361907,0.6225242,0
-1.8849384,-4.1434078,-1.2284586,-0.30998048,-0.95056099,0.018604219,0
0.024487436,-0.51988888,-0.56225401,0.74036556,-0.25361907,-0.6225242,0
1.6543556,4.2078996,0.6816988,0.30998048,0.95056099,-0.018604219,0
0.5271033,4.5428753,-0.98520756,0.30998048,0.95056099,-0.018604219,0
2.2098737,3.7644436,0.29136133,0.74036556,-0.25361907,-0.6225242,0
-0.97336173,-0.045112133,-1.1854956,-0.59646547,0.1791963,-0.78237951,0
1.3340307,1.9052225,0.0071794987,0.74036556,-0.25361907,-0.6225242,0
-0.25214413,2.1239357,-0.36199319,-0.74036556,0.25361907,0.6225242,0
1.2268171,4.3190846,-0.76102591,0.30998048,0.95056099,-0.018604219,0
-0.3760339,-4.5755854,1.1559134,0.59646547,-0.1791963,0.78237951,0
1.1092176,3.9002876,0.5333755,-0.74036556,0.25361907,0.6225242,0
-0.18602729,0.60154331,-1.269495,0.74036556,-0.25361907,-0.6225242,0
1.1105102,2.5099988,-0.50504112,0.74036556,-0.25361907,-0.6225242,0
1.2532501,1.7757285,1.3684969,0.59646547,-0.1791963,0.78237951,0
0.10860047,4.0849724,-1.0643992,-0.59646547,0.1791963,-0.78237951,0
0.12191764,-0.36986336,-0.50750166,0.74036556,-0.25361907,-0.6225242,0
1.3037794,4.2951446,-0.70188141,0.30998048,0.95056099,-0.018604219,0
1.2627187,0.40674379,1.0477257,0.59646547,-0.1791963,0.78237951,0
-0.31106919,-1.799413,1.1663176,-0.74036556,0.25361907,0.6225242,0
0.4620761,4.1722474,-1.3138905,-0.59646547,0.1791963,-0.78237951,0
-1.1753671,-1.2034287,-0.10439563,-0.74036556,0.25361907,0.6225242,0
0.84876728,4.4498181,-0.38036156,0.30998048,0.95056099,-0.018604219,0
-0.54936123,-4.5408316,0.71876001,-0.30998048,-0.95056099,0.018604219,0
0.53585565,3.8022661,-1.4548783,-0.59646547,0.1791963,-0.78237951,0
-2.3435214,-3.9809942,-0.57097864,-0.30998048,-0.95056099,0.018604219,0
0.85858864,4.4319134,-1.1315398,0.30998048,0.95056099,-0.018604219,0
-1.2306244,-4.3236518,0.46424294,-0.30998048,-0.95056099,0.018604219,0
-1.7120329,-3.4534545,0.17402077,-0.74036556,0.25361907,0.6225242,0
-1.6376666,-2.0814507,-1.1454505,-0.59646547,0.1791963,-0.78237951,0
2.0763083,4.062582,0.2873497,0.30998048,0.95056099,-0.018604219,0
-2.2460945,-4.0223346,-1.0599055,-0.30998048,-0.95056099,0.018604219,0
0.89707053,4.4360347,-0.27977943,0.30998048,0.95056099,-0.018604219,0
-0.71869922,-1.0789363,-1.2183647,0.74036556,-0.25361907,-0.6225242,0
-1.9841056,-2.188354,-0.66496229,-0.74036556,0.25361907,0.6225242,0
0.71445262,4.4950876,-0.30528879,0.30998048,0.95056099,-0.018604219,0
2.1356723,3.7579267,1.1497645,0.59646547,-0.1791963,0.78237951,0
-0.98662108,-1.252641,0.14012885,-0.74036556,0.25361907,0.6225242,0
-1.2078542,-4.3468895,-0.34368229,-0.30998048,-0.95056099,0.018604219,0
-1.2991062,-0.062066674,-0.9410398,-0.59646547,0.1791963,-0.78237951,0
1.8272729,1.3662848,0.81335628,0.74036556,-0.25361907,-0.6225242,0
-1.8494682,-4.1468349,-0.81257939,-0.30998048,-0.95056099,0.018604219,0
-0.93158519,-1.1647488,-1.4365889,0.74036556,-0.25361907,-0.6225242,0
-0.13860595,-2.3781197,0.00083136559,0.74036556,-0.25361907,-0.6225242,0
-0.6582334,-2.812031,-0.440382,0.74036556,-0.25361907,-0.6225242,0
2.1183047,2.9956303,0.9884088,0.59646547,-0.1791963,0.78237951,0
0.46136427,4.5642395,-0.9889555,0.30998048,0.95056099,-0.018604219,0
0.47429347,3.4561601,-1.4872177,-0.59646547,0.1791963,-0.78237951,0
-0.064769357,-0.39166987,0.88571995,-0.74036556,0.25361907,0.6225242,0
-1.6695085,-4.197969,-0.42677832,-0.30998048,-0.95056099,0.018604219,0
1.0659714,0.62846076,1.2485029,0.59646547,-0.1791963,0.78237951,0
0.73523593,4.4778185,-0.84134579,0.30998048,0.95056099,-0.018604219,0
0.71886188,4.4830403,-0.84736347,0.30998048,0.95056099,-0.018604219,0
-0.38712013,-4.5899034,0.9147377,-0.30998048,-0.95056099,0.018604219,0
0.68448293,-1.2830803,1.1015196,0.59646547,-0.1791963,0.78237951,0
-0.67999053,-3.7654266,-0.077839851,0.74036556,-0.25361907,-0.6225242,0
-0.60569322,-4.3624682,0.25375938,0.74036556,-0.25361907,-0.6225242,0
2.2084513,3.2499995,0.49925637,0.74036556,-0.25361907,-0.6225242,0
-0.15475774,-3.005146,0.23707533,0.74036556,-0.25361907,-0.6225242,0
0.043819711,3.4592729,-1.1583226,-0.59646547,0.1791963,-0.78237951,0
0.42494202,-2.7531838,0.9626739,0.59646547,-0.1791963,0.78237951,0
-0.23559308,-4.0537152,0.56813049,0.74036556,-0.25361907,-0.6225242,0
-0.060502946,3.8673024,-0.98533463,-0.59646547,0.1791963,-0.78237951,0
0.32537076,4.3461428,-1.1698408,-0.59646547,0.1791963,-0.78237951,0
0.0045543611,1.1018966,-1.2466831,0.74036556,-0.25361907,-0.6225242,0
-1.7954385,-3.6748128,0.16500854,-0.74036556,0.25361907,0.6225242,0
1.840565,4.1485229,0.75046945,0.30998048,0.95056099,-0.018604219,0
-1.2962279,0.10389623,-0.90522206,-0.59646547,0.1791963,-0.78237951,0
0.95349336,4.4021044,-1.0733104,0.30998048,0.95056099,-0.018604219,0
-0.9209975,-4.4084816,1.2889061,-0.30998048,-0.95056099,0.018604219,0
-2.4606619,-3.943224,-0.59294462,-0.30998048,-0.95056099,0.018604219,0
-0.89822215,-2.4954076,0.75157022,-0.74036556,0.25361907,0.6225242,0
0.085002244,-1.9722418,1.4007024,0.59646547,-0.1791963,0.78237951,0
0.86361527,1.2148122,-0.27100754,0.74036556,-0.25361907,-0.6225242,0
-1.4661492,-4.2576399,-0.087253571,-0.30998048,-0.95056099,0.018604219,0
-0.44594777,-3.2040632,1.5233476,0.59646547,-0.1791963,0.78237951,0
-1.6776673,-4.1872497,-0.01500988,-0.30998048,-0.95056099,0.018604219,0
0.38157272,-0.98023981,1.4018131,0.59646547,-0.1791963,0.78237951,0
-0.56390709,-2.1005716,-0.61805212,0.74036556,-0.25361907,-0.6225242,0
-1.17783,-4.3378658,0.61763906,-0.30998048,-0.95056099,0.018604219,0
0.58603436,4.5282722,-0.74945736,0.30998048,0.95056099,-0.018604219,0
-0.57715356,0.97322178,-1.2543147,-0.59646547,0.1791963,-0.78237951,0
-0.17722306,2.6542962,-1.1741776,-0.59646547,0.1791963,-0.78237951,0
1.8261375,4.1558251,0.88320065,0.30998048,0.95056099,-0.018604219,0
0.59326416,2.7005782,-1.1978431,0.74036556,-0.25361907,-0.6225242,0
-0.17987874,3.2791216,-1.0290425,-0.59646547,0.1791963,-0.78237951,0
0.73205173,-0.88240993,1.157024,0.59646547,-0.1791963,0.78237951,0
1.0478585,0.49687496,0.24060315,0.74036556,-0.25361907,-0.6225242,0
-1.4828672,-4.2428627,0.38923216,-0.30998048,-0.95056099,0.018604219,0
0.94416541,0.18878466,1.2406609,0.59646547,-0.1791963,0.78237951,0
0.17596889,-1.0142272,-0.18070203,0.74036556,-0.25361907,-0.6225242,0
-1.8889689,-4.113687,0.22289896,-0.30998048,-0.95056099,0.018604219,0
-2.1531186,-4.0476332,-0.80338025,-0.30998048,-0.95056099,0.018604219,0
0.59317195,0.62729216,-0.35328633,0.74036556,-0.25361907,-0.6225242,0
-1.9489744,-4.1092944,-0.55245733,-0.30998048,-0.95056099,0.018604219,0
-0.23379773,1.2030631,0.034993768,-0.74036556,0.25361907,0.6225242,0
0.014391184,-3.1585932,1.182812,0.59646547,-0.1791963,0.78237951,0
0.6743995,4.4963884,-0.90616512,0.30998048,0.95056099,-0.018604219,0
-1.2567322,-4.3303576,-0.31340599,-0.30998048,-0.95056099,0.018604219,0
-1.589268,-1.9496053,-1.1521505,-0.59646547,0.1791963,-0.78237951,0
0.92814249,4.4117274,-1.0040121,0.30998048,0.95056099,-0.018604219,0
0.1640131,-2.2534518,1.2760578,0.59646547,-0.1791963,0.78237951,0
-1.8099443,-2.6433783,-1.1428146,-0.59646547,0.1791963,-0.78237951,0
0.17954737,1.5820217,0.37219393,-0.74036556,0.25361907,0.6225242,0
0.022402376,-0.41098583,-0.60910136,0.74036556,-0.25361907,-0.6225242,0
-2.0217905,-3.4552407,-1.1672578,-0.59646547,0.1791963,-0.78237951,0
1.6358635,4.2006674,0.0040464401,0.30998048,0.95056099,-0.018604219,0
1.0961982,4.3668289,-0.49795246,0.30998048,0.95056099,-0.018604219,0
-2.0402522,-3.2666996,-1.1099999,-0.59646547,0.1791963,-0.78237951,0
1.2952566,0.75488174,1.1026572,0.59646547,-0.1791963,0.78237951,0
-0.89109522,-4.4277287,0.80371666,-0.30998048,-0.95056099,0.018604219,0
-0.63415825,-4.5173521,0.50555325,-0.30998048,-0.95056099,0.018604219,0
0.54456341,-1.0877125,0.28760445,0.74036556,-0.25361907,-0.6225242,0
0.26935804,3.3633163,-0.24670196,-0.74036556,0.25361907,0.6225242,0
-0.71726495,0.15912616,-1.3339581,-0.59646547,0.1791963,-0.78237951,0
-1.0352503,-3.4216709,0.96596694,-0.74036556,0.25361907,0.6225242,0
-1.1236267,-4.3598242,0.39881039,-0.30998048,-0.95056099,0.018604219,0
0.15144783,-2.8833287,1.1413703,0.59646547,-0.1791963,0.78237951,0
-0.93687695,-4.421598,0.35416794,-0.30998048,-0.95056099,0.018604219,0
-0.91746008,-1.7278167,-1.1903934,0.74036556,-0.25361907,-0.6225242,0
-0.73620558,0.15656239,-0.13616891,-0.74036556,0.25361907,0.6225242,0
0.79372561,1.8048398,1.0118569,-0.74036556,0.25361907,0.6225242,0
2.5294778,3.6186192,0.81763077,0.59646547,-0.1791963,0.78237951,0
1.6664219,1.1721522,0.9152621,0.59646547,-0.1791963,0.78237951,0
0.26983389,-0.67595029,-0.20688424,0.74036556,-0.25361907,-0.6225242,0
1.4275055,1.3353542,1.1347859,0.59646547,-0.1791963,0.78237951,0
-0.27223569,-4.179018,1.1676102,0.59646547,-0.1791963,0.78237951,0
1.0604694,1.3537142,-0.093478799,0.74036556,-0.25361907,-0.6225242,0
-2.0453079,-3.977387,-0.0088896751,-0.74036556,0.25361907,0.6225242,0
2.5217903,3.9265268,0.7583046,0.30998048,0.95056099,-0.018604219,0
-0.99685609,1.1633601,-0.89079529,-0.59646547,0.1791963,-0.78237951,0
-1.1372452,-4.3635592,-0.018931866,-0.30998048,-0.95056099,0.018604219,0
-0.25197428,2.1811206,-0.38508856,-0.74036556,0.25361907,0.6225242,0
1.4707942,4.251945,-0.12632561,0.30998048,0.95056099,-0.018604219,0
-0.86433893,-3.9599319,1.388521,-0.74036556,0.25361907,0.6225242,0
-0.98634404,0.87933034,-0.96386367,-0.59646547,0.1791963,-0.78237951,0
-0.16829002,-2.8548229,0.15973949,0.74036556,-0.25361907,-0.6225242,0
-0.47422045,-4.5568337,1.1531382,-0.30998048,-0.95056099,0.018604219,0
-1.7960835,-1.7166449,-0.63352454,-0.74036556,0.25361907,0.6225242,0
-0.99180037,-1.6258297,0.286008,-0.74036556,0.25361907,0.6225242,0
1.4018567,4.281209,0.22023964,0.30998048,0.95056099,-0.018604219,0
1.0602397,4.3691688,-0.97751617,0.30998048,0.95056099,-0.018604219,0
0.7164942,4.4792767,-1.0790901,0.30998048,0.95056099,-0.018604219,0
-2.5711141,-3.9104555,-0.75899267,-0.30998048,-0.95056099,0.018604219,0
-1.7921904,-2.8849111,-0.15293789,-0.74036556,0.25361907,0.6225242,0
-1.7167783,-1.5290382,-0.61563909,-0.74036556,0.25361907,0.6225242,0
1.3901131,0.53087938,0.97903544,0.59646547,-0.1791963,0.78237951,0
-0.3979041,1.271197,-1.3227216,-0.59646547,0.1791963,-0.78237951,0
0.094472826,0.39178956,0.75592124,-0.74036556,0.25361907,0.6225242,0
-2.4623375,-3.9433808,-0.62884712,-0.30998048,-0.95056099,0.018604219,0
0.46643859,-0.26723757,-0.13957439,0.74036556,-0.25361907,-0.6225242,0
-1.450973,-1.5070947,-1.15623,-0.59646547,0.1791963,-0.78237951,0
-0.013764067,-2.8130889,1.2834113,0.59646547,-0.1791963,0.78237951,0
-0.38727999,-2.9178913,1.5313535,-0.74036556,0.25361907,0.6225242,0
-0.54744351,-4.5445814,0.55914354,-0.30998048,-0.95056099,0.018604219,0
-1.0383688,-4.3943024,0.057745934,-0.30998048,-0.95056099,0.018604219,0
1.1230009,0.5378381,0.31328136,0.74036556,-0.25361907,-0.6225242,0
-1.6581023,-1.3597808,-0.96457934,-0.59646547,0.1791963,-0.78237951,0
-0.37284499,1.1243027,-1.3754706,-0.59646547,0.1791963,-0.78237951,0
0.21124151,0.17236882,-0.62217695,0.74036556,-0.25361907,-0.6225242,0
2.3547537,3.5533552,0.93588805,0.59646547,-0.1791963,0.78237951,0
0.62563688,-0.34568053,1.3610846,0.59646547,-0.1791963,0.78237951,0
0.82816172,3.3975744,0.4039247,-0.74036556,0.25361907,0.6225242,0
1.9436369,3.0626464,0.26064253,0.74036556,-0.25361907,-0.6225242,0
1.8279805,4.1604729,1.1513748,0.30998048,0.95056099,-0.018604219,0
0.41924578,-0.01314348,1.3071442,-0.74036556,0.25361907,0.6225242,0
1.3087201,1.8220823,0.010949612,0.74036556,-0.25361907,-0.6225242,0
1.4035277,3.8700514,0.89571571,-0.74036556,0.25361907,0.6225242,0
-0.03752543,2.3558204,-1.3490424,-0.59646547,0.1791963,-0.78237951,0
-1.0392604,-0.81470788,-1.3115246,-0.59646547,0.1791963,-0.78237951,0
-1.6303183,-2.8989284,-1.3382878,-0.59646547,0.1791963,-0.78237951,0
1.3561842,4.2940254,0.11409283,0.30998048,0.95056099,-0.018604219,0
-0.23598982,2.677109,-1.1241503,-0.59646547,0.1791963,-0.78237951,0
-1.6445789,-4.1870923,0.54433918,-0.30998048,-0.95056099,0.018604219,0
0.73544478,4.4884281,-0.29577637,0.30998048,0.95056099,-0.018604219,0
0.22902894,-3.224575,1.0040653,0.59646547,-0.1791963,0.78237951,0
-1.9868996,-4.1000171,-0.71034741,-0.30998048,-0.95056099,0.018604219,0
1.4634674,1.7194345,1.1953392,0.59646547,-0.1791963,0.78237951,0
-0.1190213,-0.47387031,0.85468721,-0.74036556,0.25361907,0.6225242,0
-0.92111909,-2.5781169,-0.84832883,0.74036556,-0.25361907,-0.6225242,0
-1.936053,-3.5683155,-1.2585208,-0.59646547,0.1791963,-0.78237951,0
1.0983225,-0.1850526,1.0375118,0.59646547,-0.1791963,0.78237951,0
1.256753,3.0408545,1.0589755,-0.74036556,0.25361907,0.6225242,0
-0.16613156,-1.8708194,-0.23858118,0.74036556,-0.25361907,-0.6225242,0
1.4020967,4.2598891,-0.86506176,0.30998048,0.95056099,-0.018604219,0
1.5238107,2.9254534,1.4236012,-0.74036556,0.25361907,0.6225242,0
-1.8062122,-4.1600056,-0.76480746,-0.30998048,-0.95056099,0.018604219,0
-2.1241884,-3.1409264,-1.0172017,-0.59646547,0.1791963,-0.78237951,0
-0.99217629,-0.93739343,-1.3755201,-0.59646547,0.1791963,-0.78237951,0
0.0043167472,-3.5858791,0.66285563,0.74036556,-0.25361907,-0.6225242,0
0.97725606,3.2143006,-0.95045543,0.74036556,-0.25361907,-0.6225242,0
-0.63105536,1.0280584,-1.2006617,-0.59646547,0.1791963,-0.78237951,0
1.3303502,4.2892818,-0.55872536,0.30998048,0.95056099,-0.018604219,0
0.16095416,-2.6003249,1.1989422,0.59646547,-0.1791963,0.78237951,0
0.25424352,3.9620845,-1.2035799,-0.59646547,0.1791963,-0.78237951,0
2.0381196,3.4312487,1.1493139,0.59646547,-0.1791963,0.78237951,0
-1.3585482,-4.2959442,-0.2515502,-0.30998048,-0.95056099,0.018604219,0
-2.2057705,-3.1105025,-0.94803739,-0.59646547,0.1791963,-0.78237951,0
0.48546904,4.1416988,-1.3387215,-0.59646547,0.1791963,-0.78237951,0
-0.80160606,-3.8231738,-0.19895077,0.74036556,-0.25361907,-0.6225242,0
-0.0014436767,2.9546514,-1.2393937,-0.59646547,0.1791963,-0.78237951,0
-0.30459857,-1.4826982,-0.56138188,0.74036556,-0.25361907,-0.6225242,0
1.425076,4.0162315,0.86178875,-0.74036556,0.25361907,0.6225242,0
-1.7634013,-4.1669369,-0.40564013,-0.30998048,-0.95056099,0.018604219,0
1.6228399,3.5960853,-0.33820581,0.74036556,-0.25361907,-0.6225242,0
0.42705792,-1.4622115,0.30042803,0.74036556,-0.25361907,-0.6225242,0
1.0451955,4.3689046,-1.2416701,0.30998048,0.95056099,-0.018604219,0
0.030238092,-2.9859743,0.44927979,0.74036556,-0.25361907,-0.6225242,0
0.10468972,3.0377579,-1.3012722,-0.59646547,0.1791963,-0.78237951,0
-1.3664623,-4.2801466,0.42377949,-0.30998048,-0.95056099,0.018604219,0
1.6270671,2.6062338,0.070091486,0.74036556,-0.25361907,-0.6225242,0
-0.71186268,-4.4811602,1.0600533,-0.30998048,-0.95056099,0.018604219,0
1.3786718,1.2904127,1.1617217,0.59646547,-0.1791963,0.78237951,0
-0.83771229,-0.77664793,0.12330365,-0.74036556,0.25361907,0.6225242,0
0.89132226,4.4173021,-1.3326721,0.30998048,0.95056099,-0.018604219,0
-2.1733418,-2.9204621,-0.92923355,-0.59646547,0.1791963,-0.78237951,0
2.2152653,3.9922397,1.1427522,0.59646547,-0.1791963,0.78237951,0
-1.8499502,-2.3137951,-1.0368273,-0.59646547,0.1791963,-0.78237951,0
-0.095720083,2.9548082,-1.1674838,-0.59646547,0.1791963,-0.78237951,0
-0.99473512,-2.3466625,0.57618833,-0.74036556,0.25361907,0.6225242,0
-0.8262434,0.53636038,-1.1644741,-0.59646547,0.1791963,-0.78237951,0
1.7374134,4.1706338,0.16153526,0.30998048,0.95056099,-0.018604219,0
-0.89380825,-3.5207212,-0.43182683,0.74036556,-0.25361907,-0.6225242,0
-0.17516756,1.7938262,-1.3728269,-0.59646547,0.1791963,-0.78237951,0
-0.58551204,1.3085134,-1.1711472,-0.59646547,0.1791963,-0.78237951,0
1.2787545,2.7362938,1.2092216,-0.74036556,0.25361907,0.6225242,0
-0.33164859,-2.263577,1.3309453,-0.74036556,0.25361907,0.6225242,0
1.5482638,0.54673398,0.81542069,0.74036556,-0.25361907,-0.6225242,0
-0.31014329,-4.4695921,0.64889789,0.74036556,-0.25361907,-0.6225242,0
0.3591584,-0.81532896,1.4566724,0.59646547,-0.1791963,0.78237951,0
1.0755336,3.4535608,0.67531395,-0.74036556,0.25361907,0.6225242,0
0.15505989,-2.2793264,1.2769573,0.59646547,-0.1791963,0.78237951,0
-0.18395743,3.2832332,-0.7532022,-0.74036556,0.25361907,0.6225242,0
1.3237596,0.63846493,0.51104701,0.74036556,-0.25361907,-0.6225242,0
-1.8985077,-3.4229305,-1.2538452,-0.59646547,0.1791963,-0.78237951,0
-1.1272879,-4.3476191,0.96142483,-0.30998048,-0.95056099,0.018604219,0
-1.6009233,-1.8221171,-0.3584516,-0.74036556,0.25361907,0.6225242,0
-0.083686769,-2.1947899,-0.0085426569,0.74036556,-0.25361907,-0.6225242,0
-1.4462012,-0.58101511,-0.94775873,-0.59646547,0.1791963,-0.78237951,0
0.96385175,-0.70466876,1.0210158,0.59646547,-0.1791963,0.78237951,0
1.7033008,2.050571,1.08834,0.59646547,-0.1791963,0.78237951,0
-1.2651259,-2.7264578,-1.1970203,0.74036556,-0.25361907,-0.6225242,0
-1.4009174,-3.351459,-1.1038883,0.74036556,-0.25361907,-0.6225242,0
-1.2969857,-2.049789,-1.3979249,-0.59646547,0.1791963,-0.78237951,0
1.4010329,4.1173477,-0.81436491,0.74036556,-0.25361907,-0.6225242,0
-0.27948982,-2.7339799,1.5041127,0.59646547,-0.1791963,0.78237951,0
-2.4699054,-3.9331896,-0.93509674,-0.59646547,0.1791963,-0.78237951,0
-1.0566761,-0.72935611,-1.2786984,-0.59646547,0.1791963,-0.78237951,0
-0.54954636,0.68180549,-1.342108,-0.59646547,0.1791963,-0.78237951,0
-2.1217742,-4.0533071,-0.57100296,-0.30998048,-0.95056099,0.018604219,0
1.8141466,2.9927893,1.2196403,0.59646547,-0.1791963,0.78237951,0
0.041771747,2.5815794,-1.3577883,-0.59646547,0.1791963,-0.78237951,0
-1.0742203,-4.378335,0.27625895,-0.30998048,-0.95056099,0.018604219,0
-0.10712314,0.70228863,-1.2166986,0.74036556,-0.25361907,-0.6225242,0
0.32956147,4.6052995,-1.087121,0.30998048,0.95056099,-0.018604219,0
1.8192995,4.1561737,0.78708601,0.30998048,0.95056099,-0.018604219,0
-0.71545088,0.72002947,-1.2068717,-0.59646547,0.1791963,-0.78237951,0
1.8382373,4.1520534,0.8921001,0.30998048,0.95056099,-0.018604219,0
-0.91093051,-4.4075904,1.5021811,-0.30998048,-0.95056099,0.018604219,0
-0.7751677,-4.4742241,0.35966778,-0.30998048,-0.95056099,0.018604219,0
-0.40666437,-3.0396516,1.5310559,0.59646547,-0.1791963,0.78237951,0
1.4154335,3.1589346,-0.40677643,0.74036556,-0.25361907,-0.6225242,0
-0.0020564646,-2.213398,1.4118389,0.59646547,-0.1791963,0.78237951,0
-2.4613066,-3.9460366,-0.74738789,-0.30998048,-0.95056099,0.018604219,0
0.22064961,-3.4915752,0.94929957,0.59646547,-0.1791963,0.78237951,0
-0.94615304,-1.4396017,-1.341938,0.74036556,-0.25361907,-0.6225242,0
1.6280434,2.8766232,1.3349135,0.59646547,-0.1791963,0.78237951,0
-1.4572314,-4.1773348,0.77196693,-0.74036556,0.25361907,0.6225242,0
-1.6879274,-3.8942471,-1.2240939,0.74036556,-0.25361907,-0.6225242,0
2.0510111,4.085835,1.0539246,0.30998048,0.95056099,-0.018604219,0
-1.5348237,-4.2305899,0.15060425,-0.30998048,-0.95056099,0.018604219,0
-1.7413499,-4.1845551,-0.93840671,-0.30998048,-0.95056099,0.018604219,0
-2.4589887,-3.5931721,-0.65740967,-0.74036556,0.25361907,0.6225242,0
2.3931272,3.8375742,0.97172999,0.59646547,-0.1791963,0.78237951,0
-0.19758356,-4.6510763,0.94720149,-0.30998048,-0.95056099,0.018604219,0
-1.2594905,-4.3305535,-0.36934805,-0.30998048,-0.95056099,0.018604219,0
-0.41340083,-4.1906767,1.2725606,0.59646547,-0.1791963,0.78237951,0
-0.93871129,-0.8630724,-1.399258,-0.59646547,0.1791963,-0.78237951,0
-1.0631002,-1.5283867,0.16151226,-0.74036556,0.25361907,0.6225242,0
-1.0833473,-4.3668561,0.71066523,-0.30998048,-0.95056099,0.018604219,0
1.1412535,4.3419967,-1.0160022,0.30998048,0.95056099,-0.018604219,0
1.4913604,1.5926681,1.1450396,0.59646547,-0.1791963,0.78237951,0
1.6109515,1.030895,0.69272566,0.74036556,-0.25361907,-0.6225242,0
-2.2116847,-4.0276661,-0.75897002,-0.30998048,-0.95056099,0.018604219,0
-0.97534275,-0.93087631,-1.386861,-0.59646547,0.1791963,-0.78237951,0
2.5413563,3.5327535,0.788908,0.59646547,-0.1791963,0.78237951,0
0.28281444,-0.81829727,-0.1334537,0.74036556,-0.25361907,-0.6225242,0
-0.53338796,-1.5596169,-0.80214322,0.74036556,-0.25361907,-0.6225242,0
1.6466315,3.244781,1.4050655,0.59646547,-0.1791963,0.78237951,0
-1.0414412,-2.8113794,0.70996833,-0.74036556,0.25361907,0.6225242,0
2.6099124,3.8980553,0.77188921,0.30998048,0.95056099,-0.018604219,0
-1.3923473,-0.030996293,-0.86283886,-0.59646547,0.1791963,-0.78237951,0
-0.58815706,0.27012914,-1.4069625,-0.59646547,0.1791963,-0.78237951,0
-0.3631922,-0.76816034,-0.92217314,0.74036556,-0.25361907,-0.6225242,0
-1.8175339,-4.1438689,-0.12894726,-0.30998048,-0.95056099,0.018604219,0
-0.19296944,-2.0237288,-0.20820367,0.74036556,-0.25361907,-0.6225242,0
1.2516859,1.6036742,1.3302822,0.59646547,-0.1791963,0.78237951,0
0.53484446,4.5380416,-1.10321,0.30998048,0.95056099,-0.018604219,0
0.22884899,-0.49177408,1.2757022,-0.74036556,0.25361907,0.6225242,0
-0.012227485,2.8889678,-1.2462165,-0.59646547,0.1791963,-0.78237951,0
1.920379,4.1096802,0.095705509,0.30998048,0.95056099,-0.018604219,0
2.501899,3.9345322,0.83592582,0.30998048,0.95056099,-0.018604219,0
-1.0950986,-4.374022,0.14873791,-0.30998048,-0.95056099,0.018604219,0
-0.4079572,-0.1174044,0.36583102,-0.74036556,0.25361907,0.6225242,0
-2.1385877,-2.9088373,-0.55515909,-0.74036556,0.25361907,0.6225242,0
-1.657304,-4.2015648,-0.40715027,-0.30998048,-0.95056099,0.018604219,0
-1.0634682,-4.3859553,0.066036701,-0.30998048,-0.95056099,0.018604219,0
1.3849694,4.27314,-0.47339869,0.30998048,0.95056099,-0.018604219,0
1.5105758,2.647037,1.3718832,0.59646547,-0.1791963,0.78237951,0
-1.4592469,-4.2539177,0.21795654,-0.30998048,-0.95056099,0.018604219,0
-0.6796363,2.111752,-0.91541541,-0.59646547,0.1791963,-0.78237951,0
0.90440887,1.7895753,-0.45665312,0.74036556,-0.25361907,-0.6225242,0
-0.65866494,-3.2107697,-0.27844763,0.74036556,-0.25361907,-0.6225242,0
0.60760546,4.5103912,-1.3036256,0.30998048,0.95056099,-0.018604219,0
1.2095438,-0.2463958,0.93866956,0.59646547,-0.1791963,0.78237951,0
-0.80278921,-4.4460096,1.3410225,-0.30998048,-0.95056099,0.018604219,0
1.5005602,4.2417092,-0.15335846,0.30998048,0.95056099,-0.018604219,0
-1.8700314,-4.1264873,-0.11557007,-0.30998048,-0.95056099,0.018604219,0
0.33897734,-1.7424282,0.30983579,0.74036556,-0.25361907,-0.6225242,0
-0.19350612,2.9407423,-1.0961561,-0.59646547,0.1791963,-0.78237951,0
1.2040336,2.8222299,1.0853453,-0.74036556,0.25361907,0.6225242,0
0.80571461,-1.3465513,0.99455833,0.59646547,-0.1791963,0.78237951,0
1.0443876,3.414613,0.65413976,-0.74036556,0.25361907,0.6225242,0
1.994084,3.0052905,1.0853238,0.59646547,-0.1791963,0.78237951,0
1.4088099,2.0041099,1.3022108,0.59646547,-0.1791963,0.78237951,0
2.0533037,2.2025239,0.74148631,0.74036556,-0.25361907,-0.6225242,0
-1.4162126,-4.2647882,0.37956142,-0.30998048,-0.95056099,0.018604219,0
0.69544303,4.055109,-0.021800518,-0.74036556,0.25361907,0.6225242,0
-1.7110559,-2.3046634,-1.140625,-0.59646547,0.1791963,-0.78237951,0
1.7931712,4.1580844,0.44934988,0.30998048,0.95056099,-0.018604219,0
0.9660973,1.0039487,-0.063219309,0.74036556,-0.25361907,-0.6225242,0
-1.2362883,-0.010424674,-0.9771024,-0.59646547,0.1791963,-0.78237951,0
1.8559353,2.1035254,0.98410428,0.59646547,-0.1791963,0.78237951,0
-1.3456576,-4.286788,0.43108845,-0.30998048,-0.95056099,0.018604219,0
-1.6961306,-4.1884847,-0.38575649,-0.30998048,-0.95056099,0.018604219,0
-0.68842858,0.92676586,-1.1801219,-0.59646547,0.1791963,-0.78237951,0
-0.99550831,-4.3712792,-0.20625734,0.74036556,-0.25361907,-0.6225242,0
-0.85629427,1.3407186,-0.95733362,-0.59646547,0.1791963,-0.78237951,0
-2.2413173,-2.6751585,-0.77253652,-0.74036556,0.25361907,0.6225242,0
0.42462111,-0.90173393,1.386975,0.59646547,-0.1791963,0.78237951,0
1.0451053,2.5279567,1.0162207,-0.74036556,0.25361907,0.6225242,0
1.8845572,4.1131477,1.3687644,-0.74036556,0.25361907,0.6225242,0
0.73312986,1.9036297,0.89954281,-0.74036556,0.25361907,0.6225242,0
-0.26822603,-3.4511125,1.3312731,0.59646547,-0.1791963,0.78237951,0
-0.88963151,-4.4390311,0.25061941,-0.30998048,-0.95056099,0.018604219,0
-0.21350554,-1.7888137,1.2780315,-0.74036556,0.25361907,0.6225242,0
1.3244851,4.2895851,-0.64094782,0.30998048,0.95056099,-0.018604219,0
0.75765955,3.6734474,0.20768428,-0.74036556,0.25361907,0.6225242,0
1.8811132,3.2066252,1.2175636,0.59646547,-0.1791963,0.78237951,0
-1.398302,-4.2634249,0.74765778,-0.30998048,-0.95056099,0.018604219,0
0.62842739,4.5153236,-0.7046957,0.30998048,0.95056099,-0.018604219,0
0.60750467,-2.3311076,0.92016518,0.59646547,-0.1791963,0.78237951,0
1.2811599,4.3115067,-0.24275398,0.30998048,0.95056099,-0.018604219,0
-1.9346443,-4.1264172,-1.1885569,-0.30998048,-0.95056099,0.018604219,0
-1.4791145,-2.3536239,0.0029540062,-0.74036556,0.25361907,0.6225242,0
-0.90294409,-1.597008,-1.2264218,0.74036556,-0.25361907,-0.6225242,0
1.3227091,4.284781,-0.9159832,0.30998048,0.95056099,-0.018604219,0
1.2634027,4.3177381,-0.22024775,0.30998048,0.95056099,-0.018604219,0
1.3662572,2.4125748,1.4282068,0.59646547,-0.1791963,0.78237951,0
-0.071955755,-3.4824867,1.1744561,0.59646547,-0.1791963,0.78237951,0
2.2430782,3.6045403,1.0327497,0.59646547,-0.1791963,0.78237951,0
2.0103898,3.3814666,1.1590526,0.59646547,-0.1791963,0.78237951,0
0.11854887,-0.11290735,0.9901706,-0.74036556,0.25361907,0.6225242,0
0.8986882,-0.85746348,1.0356985,0.59646547,-0.1791963,0.78237951,0
-1.3112714,-3.4325454,0.64212608,-0.74036556,0.25361907,0.6225242,0
1.1255972,4.2953668,-1.2144651,0.74036556,-0.25361907,-0.6225242,0
-1.4271791,-4.2749043,-0.32002068,-0.30998048,-0.95056099,0.018604219,0
0.064107686,-1.9725943,1.4165508,0.59646547,-0.1791963,0.78237951,0
-0.42268038,-1.7531576,-0.59162974,0.74036556,-0.25361907,-0.6225242,0
1.6373103,3.2840283,1.4125013,-0.74036556,0.25361907,0.6225242,0
-0.27243268,0.13437086,0.42443547,-0.74036556,0.25361907,0.6225242,0
0.0060186982,3.8901961,-1.0308051,-0.59646547,0.1791963,-0.78237951,0
-0.41866818,-3.388567,1.4602916,0.59646547,-0.1791963,0.78237951,0
2.001009,2.8022261,1.0335343,0.59646547,-0.1791963,0.78237951,0
-2.4176016,-3.9625099,-0.86085415,-0.30998048,-0.95056099,0.018604219,0
1.0811071,4.384263,0.14138746,0.30998048,0.95056099,-0.018604219,0
0.48271841,1.8650172,0.61746061,-0.74036556,0.25361907,0.6225242,0
-0.090051413,3.5905182,-1.0262022,-0.59646547,0.1791963,-0.78237951,0
0.49967903,-0.054368973,-0.18676533,0.74036556,-0.25361907,-0.6225242,0
0.35658735,0.0098339617,-0.38310033,0.74036556,-0.25361907,-0.6225242,0
1.2390499,3.9857624,-0.95340252,0.74036556,-0.25361907,-0.6225242,0
0.38916302,4.5913739,-0.80556059,0.30998048,0.95056099,-0.018604219,0
-1.1742997,-1.8653681,-1.4398127,0.74036556,-0.25361907,-0.6225242,0
1.3262818,3.2764823,-0.56069398,0.74036556,-0.25361907,-0.6225242,0
1.4885621,4.2381172,-0.53679848,0.30998048,0.95056099,-0.018604219,0
-1.1000195,-0.88354403,-1.2809697,-0.59646547,0.1791963,-0.78237951,0
-0.29835457,2.2265873,-0.45877171,-0.74036556,0.25361907,0.6225242,0
1.4247439,4.2564793,-0.66194057,0.30998048,0.95056099,-0.018604219,0
0.62725109,-1.7607839,1.0357382,0.59646547,-0.1791963,0.78237951,0
-0.11104253,3.4536226,-1.0415537,-0.59646547,0.1791963,-0.78237951,0
1.445236,4.2591786,-0.18259192,0.30998048,0.95056099,-0.018604219,0
-0.98183507,0.39778891,-1.0775936,-0.59646547,0.1791963,-0.78237951,0
0.39541435,-0.028318703,1.2849839,-0.74036556,0.25361907,0.6225242,0
-2.3312273,-3.170804,-0.67753816,-0.74036556,0.25361907,0.6225242,0
1.5394461,1.2546152,1.0309526,0.59646547,-0.1791963,0.78237951,0
-1.7617409,-4.1639028,-0.22294569,-0.30998048,-0.95056099,0.018604219,0
-1.5470136,-2.3375249,-1.2732134,-0.59646547,0.1791963,-0.78237951,0
1.2769461,2.8515005,-0.44622898,0.74036556,-0.25361907,-0.6225242,0
1.2134335,0.67437279,0.36520743,0.74036556,-0.25361907,-0.6225242,0
-0.96800637,-4.4152164,0.16154385,-0.30998048,-0.95056099,0.018604219,0
2.0048151,4.0999923,1.0075688,0.30998048,0.95056099,-0.018604219,0
0.37691212,1.376408,-0.91567659,0.74036556,-0.25361907,-0.6225242,0
1.6027167,1.8171251,1.1115541,0.59646547,-0.1791963,0.78237951,0
-1.4057111,-4.2803817,-0.24219894,-0.30998048,-0.95056099,0.018604219,0
-0.77700919,-0.92147833,0.2545023,-0.74036556,0.25361907,0.6225242,0
-0.64153707,-4.1899076,0.14082789,0.74036556,-0.25361907,-0.6225242,0
0.36265808,2.4914169,0.21947527,-0.74036556,0.25361907,0.6225242,0
-0.7702893,-1.5565729,0.52123463,-0.74036556,0.25361907,0.6225242,0
0.71755636,-0.096160531,1.3481578,0.59646547,-0.1791963,0.78237951,0
1.9725465,4.0915604,0.03909111,0.30998048,0.95056099,-0.018604219,0
2.0174766,3.9049261,0.0053110123,0.74036556,-0.25361907,-0.6225242,0
-1.9829202,-4.1079798,-1.0508964,-0.30998048,-0.95056099,0.018604219,0
-0.12123154,-2.1866686,1.508817,0.59646547,-0.1791963,0.78237951,0
1.9683788,2.680063,1.0304306,0.59646547,-0.1791963,0.78237951,0
0.44125339,-1.2376311,1.2973611,0.59646547,-0.1791963,0.78237951,0
0.60911787,1.8900077,-0.84875822,0.74036556,-0.25361907,-0.6225242,0
-1.5571406,-4.2207336,0.28236294,-0.30998048,-0.95056099,0.018604219,0
-1.1950365,-4.3427529,0.081242085,-0.30998048,-0.95056099,0.018604219,0
1.0971562,3.2783887,0.77239561,-0.74036556,0.25361907,0.6225242,0
-0.77026761,-2.3723304,-0.75276029,0.74036556,-0.25361907,-0.6225242,0
-0.41357207,0.62908578,-1.457846,-0.59646547,0.1791963,-0.78237951,0
1.3911344,4.2793412,-0.05384922,0.30998048,0.95056099,-0.018604219,0
1.0315646,4.38657,-0.56621408,0.30998048,0.95056099,-0.018604219,0
-1.7803497,-2.8532465,-1.2134452,-0.59646547,0.1791963,-0.78237951,0
1.7095695,4.1838412,0.37240553,0.30998048,0.95056099,-0.018604219,0
-0.96055937,-2.6461215,0.73883438,-0.74036556,0.25361907,0.6225242,0
0.27755666,1.5267334,0.51128095,-0.74036556,0.25361907,0.6225242,0
-0.20634162,-3.4594901,0.36082888,0.74036556,-0.25361907,-0.6225242,0
-1.2625102,-4.3142767,0.41195154,-0.30998048,-0.95056099,0.018604219,0
1.9240484,4.1306963,1.2306428,0.30998048,0.95056099,-0.018604219,0
-1.9033073,-4.1108317,0.12990713,-0.30998048,-0.95056099,0.018604219,0
1.1477129,0.06832099,0.53395462,0.74036556,-0.25361907,-0.6225242,0
-1.4049594,-4.2667155,0.46859074,-0.30998048,-0.95056099,0.018604219,0
0.57045698,3.677278,-1.5098851,-0.59646547,0.1791963,-0.78237951,0
-1.808365,-2.0427597,-1.006453,-0.59646547,0.1791963,-0.78237951,0
-1.0383902,0.92939699,-0.91271782,-0.59646547,0.1791963,-0.78237951,0
-1.1278474,-4.3723235,-0.31014013,-0.30998048,-0.95056099,0.018604219,0
-1.1930357,-4.3290424,0.81508446,-0.30998048,-0.95056099,0.018604219,0
-0.38635376,1.0063198,-0.066286504,-0.74036556,0.25361907,0.6225242,0
1.5896561,0.79007006,0.8862744,0.59646547,-0.1791963,0.78237951,0
-1.4475125,-4.2534676,0.43647528,-0.30998048,-0.95056099,0.018604219,0
0.066419482,-1.2379251,-0.21985316,0.74036556,-0.25361907,-0.6225242,0
2.0290167,1.9511082,0.81724215,0.59646547,-0.1791963,0.78237951,0
1.0383927,1.6191351,1.3784953,-0.74036556,0.25361907,0.6225242,0
1.5638484,4.2420635,0.91924667,0.30998048,0.95056099,-0.018604219,0
-2.1821239,-3.3361042,-0.43286562,-0.74036556,0.25361907,0.6225242,0
1.3539331,0.68988127,1.0430361,0.59646547,-0.1791963,0.78237951,0
1.726285,3.0926604,1.3094981,0.59646547,-0.1791963,0.78237951,0
-0.56346351,0.51295567,-1.3701712,-0.59646547,0.1791963,-0.78237951,0
-2.023762,-4.0874267,-0.68125749,-0.30998048,-0.95056099,0.018604219,0
0.82471621,4.4369035,-1.4409342,0.30998048,0.95056099,-0.018604219,0
1.8755597,4.1377234,0.78179026,0.30998048,0.95056099,-0.018604219,0
-0.77795315,-1.1802102,-1.2475756,0.74036556,-0.25361907,-0.6225242,0
-1.4135396,-0.66916096,-0.60531628,-0.74036556,0.25361907,0.6225242,0
-1.8681659,-4.1379838,-0.6718955,-0.30998048,-0.95056099,0.018604219,0
-2.2040482,-4.0323176,-0.86938882,-0.30998048,-0.95056099,0.018604219,0
-1.8856385,-4.1179376,0.061228275,-0.30998048,-0.95056099,0.018604219,0
-1.1376145,-4.3482351,0.75789022,-0.30998048,-0.95056099,0.018604219,0
-1.0364487,-4.3725681,1.2002358,-0.30998048,-0.95056099,0.018604219,0
1.5559363,4.2157259,-0.55829525,0.30998048,0.95056099,-0.018604219,0
1.1829154,3.4536011,-0.8033576,0.74036556,-0.25361907,-0.6225242,0
-0.82824039,-4.4345927,1.5002871,-0.30998048,-0.95056099,0.018604219,0
1.3560678,4.1521354,-0.88201427,0.74036556,-0.25361907,-0.6225242,0
-0.052813649,3.6515727,-1.0406075,-0.59646547,0.1791963,-0.78237951,0
1.3090423,1.3534194,1.2292365,0.59646547,-0.1791963,0.78237951,0
1.3892887,4.2757959,-0.26572084,0.30998048,0.95056099,-0.018604219,0
0.34989357,-2.7210112,1.0272577,0.59646547,-0.1791963,0.78237951,0
-0.7310589,0.15389194,-0.12896004,-0.74036556,0.25361907,0.6225242,0
-1.2143674,-4.3356085,0.12417889,-0.30998048,-0.95056099,0.018604219,0
-1.5154049,-2.2645793,-1.2806036,-0.59646547,0.1791963,-0.78237951,0
-1.125405,-4.3707161,-0.18729973,-0.30998048,-0.95056099,0.018604219,0
-0.032480359,3.7815771,-1.0263326,-0.59646547,0.1791963,-0.78237951,0
-0.69263077,-4.4919057,0.83146238,-0.30998048,-0.95056099,0.018604219,0
1.7080555,2.2242129,1.1244862,0.59646547,-0.1791963,0.78237951,0
-0.27556553,-3.1766076,1.3997414,0.59646547,-0.1791963,0.78237951,0
0.84986115,1.6132488,-0.4496901,0.74036556,-0.25361907,-0.6225242,0
0.032087266,0.10219485,0.79970849,-0.74036556,0.25361907,0.6225242,0
-0.58144569,-2.6425183,1.1882448,-0.74036556,0.25361907,0.6225242,0
-0.91513962,-4.4262948,0.47637033,-0.30998048,-0.95056099,0.018604219,0
0.0264588,-0.98074472,-0.37215471,0.74036556,-0.25361907,-0.6225242,0
2.1880927,3.1839821,0.97834444,0.59646547,-0.1791963,0.78237951,0
0.57068676,4.538702,-0.47227049,0.30998048,0.95056099,-0.018604219,0
0.43048644,-2.7920439,0.94954634,0.59646547,-0.1791963,0.78237951,0
1.1914417,1.7070503,1.399888,0.59646547,-0.1791963,0.78237951,0
2.3275518,3.4998069,0.53912926,0.74036556,-0.25361907,-0.6225242,0
-0.21943295,-0.012025297,-1.0592535,0.74036556,-0.25361907,-0.6225242,0
2.2458034,4.0130162,0.57894897,0.30998048,0.95056099,-0.018604219,0
0.50010496,3.9269929,-0.20191956,-0.74036556,0.25361907,0.6225242,0
-2.0000987,-4.0871534,-0.27300167,-0.30998048,-0.95056099,0.018604219,0
1.7926347,4.14996,0.025310516,0.30998048,0.95056099,-0.018604219,0
-0.98667705,-4.3989968,0.67917347,-0.30998048,-0.95056099,0.018604219,0
2.0644097,4.0843978,1.2037508,0.30998048,0.95056099,-0.018604219,0
-1.9606433,-4.0975461,-0.1466074,-0.30998048,-0.95056099,0.018604219,0
-2.3907928,-3.9707394,-0.83465552,-0.30998048,-0.95056099,0.018604219,0
0.10485798,-1.3096377,1.4614418,-0.74036556,0.25361907,0.6225242,0
