0.58341396,1.9287896,-1.6991638,0.29065576,0.88249552,-0.36975753,0
-0.34102175,-2.8672562,-0.3501246,-0.29065576,-0.88249552,0.36975753,0
-1.0396529,-2.259244,0.55183649,-0.29065576,-0.88249552,0.36975753,0
-0.30919671,0.97956824,1.2180659,0.0044671297,0.38518542,0.92282832,0
0.34443617,2.4700975,-0.59508467,0.29065576,0.88249552,-0.36975753,0
-0.40858674,0.32815287,-0.18975452,-0.95681721,0.26987725,-0.10801411,0
-0.61714303,-0.43511444,1.8100402,0.0044671297,0.38518542,0.92282832,0
-0.32258332,1.1462851,1.0925368,-0.95681721,0.26987725,-0.10801411,0
-0.29518938,-0.22992682,-1.528038,-0.0044671297,-0.38518542,-0.92282832,0
0.94358432,1.9954128,-1.2570353,0.29065576,0.88249552,-0.36975753,0
-0.18059075,-2.024092,1.1714776,0.95681721,-0.26987725,0.10801411,0
-0.52516603,-1.5774493,2.2864013,0.0044671297,0.38518542,0.92282832,0
-0.86610872,-2.3257987,0.52940893,-0.29065576,-0.88249552,0.36975753,0
-0.013475657,0.93301249,1.2360665,0.0044671297,0.38518542,0.92282832,0
1.1123891,1.5923736,-1.2462051,0.95681721,-0.26987725,0.10801411,0
0.40781003,-0.74828953,-0.85309047,0.95681721,-0.26987725,0.10801411,0
0.095271707,-0.80413216,1.7759291,0.95681721,-0.26987725,0.10801411,0
0.97228479,2.6532087,0.33547807,0.29065576,0.88249552,-0.36975753,0
1.0702696,1.6196337,-2.0543189,0.29065576,0.88249552,-0.36975753,0
0.48033041,2.8211498,0.34958982,0.29065576,0.88249552,-0.36975753,0
1.0519038,2.4252324,-0.14604354,0.29065576,0.88249552,-0.36975753,0
0.73837256,2.6895447,0.2383287,0.29065576,0.88249552,-0.36975753,0
-0.08307308,-2.33726,-0.64947116,-0.0044671297,-0.38518542,-0.92282832,0
0.85516679,0.69358832,-1.2133099,0.95681721,-0.26987725,0.10801411,0
0.39509332,0.044917762,1.2414124,0.95681721,-0.26987725,0.10801411,0
0.92301095,2.3340402,-0.46501017,0.29065576,0.88249552,-0.36975753,0
-0.58165717,-1.807049,1.991101,-0.29065576,-0.88249552,0.36975753,0
-0.63441944,-1.829133,1.8969189,-0.29065576,-0.88249552,0.36975753,0
0.88462114,1.8290156,-1.7005227,0.29065576,0.88249552,-0.36975753,0
-0.59945357,-2.7949524,-0.38070345,-0.29065576,-0.88249552,0.36975753,0
0.18663335,-0.18688953,-1.5483339,-0.0044671297,-0.38518542,-0.92282832,0
0.55549836,1.7383486,-2.1756303,0.29065576,0.88249552,-0.36975753,0
0.75704819,0.73985571,-0.22855008,0.95681721,-0.26987725,0.10801411,0
-0.18455648,-0.65110177,-1.3527765,-0.0044671297,-0.38518542,-0.92282832,0
-0.35174066,0.63962734,0.084918261,-0.95681721,0.26987725,-0.10801411,0
0.32266361,2.8123889,0.20474243,0.29065576,0.88249552,-0.36975753,0
-0.17382467,-1.7956628,1.6822804,0.95681721,-0.26987725,0.10801411,0
-0.44151819,-2.3834531,0.72556448,-0.29065576,-0.88249552,0.36975753,0
0.99961007,2.6500051,0.51449561,0.0044671297,0.38518542,0.92282832,0
1.1475301,1.3863077,-2.0723553,0.95681721,-0.26987725,0.10801411,0
0.33757383,-0.53623426,0.29890674,0.95681721,-0.26987725,0.10801411,0
-0.69459563,-0.14110376,1.171331,-0.95681721,0.26987725,-0.10801411,0
-1.0327888,-1.9284729,1.346679,-0.29065576,-0.88249552,0.36975753,0
-0.18687165,-0.67516482,-1.3427213,-0.0044671297,-0.38518542,-0.92282832,0
0.31759191,1.0742588,-2.075367,-0.0044671297,-0.38518542,-0.92282832,0
1.1172519,2.1192508,0.027140141,0.95681721,-0.26987725,0.10801411,0
-0.38565516,-1.7488821,2.2839994,-0.29065576,-0.88249552,0.36975753,0
0.50720638,2.6379721,-0.066471577,0.29065576,0.88249552,-0.36975753,0
0.39111066,1.4172223,-2.218874,-0.0044671297,-0.38518542,-0.92282832,0
0.44092584,2.3588696,0.63871908,0.0044671297,0.38518542,0.92282832,0
-0.56705964,0.11818102,1.5788542,0.0044671297,0.38518542,0.92282832,0
-0.20664144,-0.37683195,-1.4671489,-0.0044671297,-0.38518542,-0.92282832,0
0.054826051,2.0018082,-0.11309767,-0.95681721,0.26987725,-0.10801411,0
0.72053021,2.2168043,-0.90397954,0.29065576,0.88249552,-0.36975753,0
-0.88585174,-0.74701118,1.3516465,-0.95681721,0.26987725,-0.10801411,0
0.78980738,2.2386227,-0.79744911,0.29065576,0.88249552,-0.36975753,0
-0.20878744,0.4318215,1.4462074,0.0044671297,0.38518542,0.92282832,0
-0.18683529,1.2984295,1.0843819,0.0044671297,0.38518542,0.92282832,0
0.31460911,-0.48159882,0.6388427,0.95681721,-0.26987725,0.10801411,0
-0.97941077,-2.561393,-0.55157995,-0.0044671297,-0.38518542,-0.92282832,0
0.31363136,2.6581745,-0.17041922,0.29065576,0.88249552,-0.36975753,0
0.74356472,1.2871239,1.0845971,0.0044671297,0.38518542,0.92282832,0
0.28332099,2.7081189,-0.075042963,0.29065576,0.88249552,-0.36975753,0
-0.68396306,-1.8164809,1.8881705,-0.29065576,-0.88249552,0.36975753,0
0.10243618,0.074791193,-1.6571507,-0.0044671297,-0.38518542,-0.92282832,0
-0.34788495,-2.7889223,-0.16856074,-0.29065576,-0.88249552,0.36975753,0
0.85868442,1.4023702,0.52644491,0.95681721,-0.26987725,0.10801411,0
0.72556138,0.55603904,-0.40890384,0.95681721,-0.26987725,0.10801411,0
-1.1560497,-2.127331,0.2963531,-0.95681721,0.26987725,-0.10801411,0
0.26183021,2.1494963,0.72697759,0.0044671297,0.38518542,0.92282832,0
-1.1330569,-2.090343,0.18509102,-0.95681721,0.26987725,-0.10801411,0
-0.18378639,-1.4408634,2.2277384,0.0044671297,0.38518542,0.92282832,0
-0.48834392,-2.7482777,-0.18196487,-0.29065576,-0.88249552,0.36975753,0
-0.62755775,-0.47135645,-0.24765515,-0.95681721,0.26987725,-0.10801411,0
0.37693691,2.8836143,0.42000246,0.0044671297,0.38518542,0.92282832,0
-1.1168177,-1.8915141,1.3688354,-0.29065576,-0.88249552,0.36975753,0
-0.30842733,-1.9871873,1.7759459,-0.29065576,-0.88249552,0.36975753,0
0.11809278,-0.032871366,-1.6122887,-0.0044671297,-0.38518542,-0.92282832,0
0.91373426,2.1147647,-0.99564433,0.29065576,0.88249552,-0.36975753,0
1.1470114,1.6233265,-1.9851804,0.29065576,0.88249552,-0.36975753,0
0.5749507,0.55146557,-1.8584003,-0.0044671297,-0.38518542,-0.92282832,0
-1.0294064,-2.2762535,0.51929402,-0.29065576,-0.88249552,0.36975753,0
-0.94321078,-2.3293254,0.46038437,-0.29065576,-0.88249552,0.36975753,0
-0.59639609,-2.4186676,0.51977372,-0.29065576,-0.88249552,0.36975753,0
-0.014906049,-1.8584509,-0.84965444,-0.0044671297,-0.38518542,-0.92282832,0
-0.39094484,0.73593307,0.67282236,-0.95681721,0.26987725,-0.10801411,0
0.86746597,1.1665424,-0.14056814,0.95681721,-0.26987725,0.10801411,0
0.90191638,2.3379855,-0.4721756,0.29065576,0.88249552,-0.36975753,0
0.05970788,1.1028272,-2.0860426,-0.0044671297,-0.38518542,-0.92282832,0
-0.970281,-2.2805035,0.55562758,-0.29065576,-0.88249552,0.36975753,0
-0.29528993,-2.6551256,-0.51576805,-0.0044671297,-0.38518542,-0.92282832,0
-0.907291,-2.3541696,0.42932439,-0.29065576,-0.88249552,0.36975753,0
0.2563228,-0.57698101,0.91684139,0.95681721,-0.26987725,0.10801411,0
0.24818829,2.723443,-0.022920132,-0.95681721,0.26987725,-0.10801411,0
-0.51052523,-2.3583977,-0.63857913,-0.0044671297,-0.38518542,-0.92282832,0
-0.46012878,-0.25301668,1.7332731,0.0044671297,0.38518542,0.92282832,0
-0.20333469,0.57011139,-1.403388,-0.95681721,0.26987725,-0.10801411,0
-1.1469259,-1.4486865,1.9111494,-0.95681721,0.26987725,-0.10801411,0
-1.1714844,-2.6501927,-0.51358581,-0.0044671297,-0.38518542,-0.92282832,0
0.66573995,0.85029048,0.85620725,0.95681721,-0.26987725,0.10801411,0
0.49904311,0.47142085,-1.8246226,-0.0044671297,-0.38518542,-0.92282832,0
0.04607439,0.17461061,1.5523325,0.0044671297,0.38518542,0.92282832,0
0.64494848,0.25290647,-1.7341218,-0.0044671297,-0.38518542,-0.92282832,0
-1.0803701,-2.2985535,0.42601037,-0.29065576,-0.88249552,0.36975753,0
-0.3531872,-0.34136271,1.7696308,0.0044671297,0.38518542,0.92282832,0
0.27158022,2.1287007,-1.4671619,0.29065576,0.88249552,-0.36975753,0
0.0058504939,1.7636437,-0.27432215,-0.95681721,0.26987725,-0.10801411,0
1.1017494,1.4176433,-1.5885252,0.95681721,-0.26987725,0.10801411,0
1.0484165,1.5165298,-0.86901784,0.95681721,-0.26987725,0.10801411,0
1.1907091,2.435339,-0.012812376,0.29065576,0.88249552,-0.36975753,0
-0.24602282,0.0035983324,1.6251265,0.0044671297,0.38518542,0.92282832,0
-0.16404736,1.5977345,0.95934278,0.0044671297,0.38518542,0.92282832,0
-1.0465088,-1.6460624,2.0099196,-0.29065576,-0.88249552,0.36975753,0
-0.73273492,-2.2624838,0.78536344,-0.29065576,-0.88249552,0.36975753,0
-1.1106933,-1.2298028,2.1370788,-0.95681721,0.26987725,-0.10801411,0
0.49823999,2.2061651,-1.1041081,0.29065576,0.88249552,-0.36975753,0
-0.49404502,-1.2298992,2.1411848,0.0044671297,0.38518542,0.92282832,0
-1.1162875,-2.6249661,-0.38126779,-0.29065576,-0.88249552,0.36975753,0
-0.084626794,-0.69136131,-1.3364561,-0.0044671297,-0.38518542,-0.92282832,0
0.58792496,0.032698244,-1.6419317,-0.0044671297,-0.38518542,-0.92282832,0
-0.23817325,-0.69279021,1.9157586,0.0044671297,0.38518542,0.92282832,0
-0.90180671,-0.91813254,1.0654267,-0.95681721,0.26987725,-0.10801411,0
0.91444314,1.9588571,-1.3671899,0.29065576,0.88249552,-0.36975753,0
0.27405661,2.1968074,0.70717108,0.0044671297,0.38518542,0.92282832,0
0.38557768,2.0610566,-1.5389975,0.29065576,0.88249552,-0.36975753,0
-0.61644745,-0.78642887,-1.133292,-0.95681721,0.26987725,-0.10801411,0
0.9460175,1.6572928,0.38976049,0.95681721,-0.26987725,0.10801411,0
0.6668458,0.55674577,-1.8610492,-0.0044671297,-0.38518542,-0.92282832,0
0.016563654,-1.4841815,-1.0060256,-0.0044671297,-0.38518542,-0.92282832,0
-0.66056037,-1.7196308,2.1377168,-0.29065576,-0.88249552,0.36975753,0
-0.035197079,1.8966241,0.83396363,0.0044671297,0.38518542,0.92282832,0
-0.36773816,-2.5856185,-0.5444293,-0.0044671297,-0.38518542,-0.92282832,0
0.64190018,0.34947035,-1.7744125,-0.0044671297,-0.38518542,-0.92282832,0
-0.50727475,-0.4774816,-1.3284562,-0.95681721,0.26987725,-0.10801411,0
1.0236958,2.3829656,-0.26909471,0.29065576,0.88249552,-0.36975753,0
-0.38711375,-2.4645534,0.5747695,-0.29065576,-0.88249552,0.36975753,0
0.19771481,-1.2581611,-0.26594603,0.95681721,-0.26987725,0.10801411,0
0.50492454,-0.54693604,-1.2102675,0.95681721,-0.26987725,0.10801411,0
0.7574355,1.4008594,1.037057,0.0044671297,0.38518542,0.92282832,0
0.88204694,0.96488637,-0.7735734,0.95681721,-0.26987725,0.10801411,0
0.0030596256,0.54904443,-1.8546214,-0.0044671297,-0.38518542,-0.92282832,0
0.17402562,2.3381884,-0.32854056,-0.95681721,0.26987725,-0.10801411,0
-0.36818779,-2.8433585,-0.3144424,-0.29065576,-0.88249552,0.36975753,0
-0.33966601,-2.8086557,-0.20919776,-0.29065576,-0.88249552,0.36975753,0
-0.60058284,-2.5200024,0.27462864,-0.29065576,-0.88249552,0.36975753,0
-0.23958373,-2.212364,1.2236485,0.95681721,-0.26987725,0.10801411,0
0.3680886,0.51321644,-1.8414339,-0.0044671297,-0.38518542,-0.92282832,0
0.39647156,1.3837001,1.0459666,0.0044671297,0.38518542,0.92282832,0
-0.13635236,1.6733567,0.75976253,-0.95681721,0.26987725,-0.10801411,0
0.21093398,-1.3914919,-1.0456547,-0.0044671297,-0.38518542,-0.92282832,0
-0.40290046,-0.80372846,1.9628612,0.0044671297,0.38518542,0.92282832,0
-0.494706,-0.080213189,-0.4472042,-0.95681721,0.26987725,-0.10801411,0
-0.55283749,-0.54049987,-1.0823028,-0.95681721,0.26987725,-0.10801411,0
-0.66093922,-0.8517341,-0.90233988,-0.95681721,0.26987725,-0.10801411,0
-0.42524701,-2.3021169,-0.66248345,-0.0044671297,-0.38518542,-0.92282832,0
0.70824772,2.7689764,0.40422773,0.29065576,0.88249552,-0.36975753,0
-1.0272975,-2.6472354,-0.51551771,-0.0044671297,-0.38518542,-0.92282832,0
0.82384229,1.6705691,-2.126461,0.29065576,0.88249552,-0.36975753,0
-0.14650393,0.35051104,1.4798446,0.0044671297,0.38518542,0.92282832,0
-0.43073928,0.60230249,1.3761237,0.0044671297,0.38518542,0.92282832,0
0.16128439,2.5722497,0.36913538,-0.95681721,0.26987725,-0.10801411,0
-0.3609786,0.023146749,-1.3735483,-0.95681721,0.26987725,-0.10801411,0
-0.2457248,-0.56907368,-1.3867186,-0.0044671297,-0.38518542,-0.92282832,0
0.29565421,-0.86981779,-0.16322887,0.95681721,-0.26987725,0.10801411,0
0.50137985,2.05972,-1.4511583,0.29065576,0.88249552,-0.36975753,0
0.78831524,1.5723962,0.96530867,0.0044671297,0.38518542,0.92282832,0
0.14651453,-0.25373477,-1.5202388,-0.0044671297,-0.38518542,-0.92282832,0
-0.74181998,-2.310272,0.66416669,-0.29065576,-0.88249552,0.36975753,0
-0.51452565,-1.2548662,2.1517048,0.0044671297,0.38518542,0.92282832,0
1.1837515,1.5205116,-2.2016871,0.29065576,0.88249552,-0.36975753,0
-0.14949183,-2.4687142,-0.21490979,0.95681721,-0.26987725,0.10801411,0
0.24992967,1.7889731,-2.2950044,0.29065576,0.88249552,-0.36975753,0
-0.15529108,1.0506094,-0.62843049,-0.95681721,0.26987725,-0.10801411,0
-0.64776981,-0.48397025,-0.10012764,-0.95681721,0.26987725,-0.10801411,0
-0.16655007,-2.6279502,-0.5277338,-0.0044671297,-0.38518542,-0.92282832,0
-1.0147066,-1.5361027,0.52150345,-0.95681721,0.26987725,-0.10801411,0
0.041608691,0.98685068,1.2133281,0.0044671297,0.38518542,0.92282832,0
-0.42293781,-2.4817653,0.5055294,-0.29065576,-0.88249552,0.36975753,0
-0.81875157,-1.7447546,1.9534056,-0.29065576,-0.88249552,0.36975753,0
0.56299078,-0.34398487,-1.4845848,-0.0044671297,-0.38518542,-0.92282832,0
0.42886221,-0.18819553,0.35983789,0.95681721,-0.26987725,0.10801411,0
0.38954523,-0.66440523,-0.48170924,0.95681721,-0.26987725,0.10801411,0
0.60112453,2.8196225,0.44562721,0.0044671297,0.38518542,0.92282832,0
0.64342058,2.7743411,0.36607218,0.29065576,0.88249552,-0.36975753,0
0.62629545,1.8884451,-1.761745,0.29065576,0.88249552,-0.36975753,0
-1.0003424,-1.2264881,1.1678433,-0.95681721,0.26987725,-0.10801411,0
0.29684973,1.6266484,0.94504309,0.0044671297,0.38518542,0.92282832,0
-0.028474331,0.09698087,1.5850959,0.0044671297,0.38518542,0.92282832,0
-0.19018483,-0.41707492,-1.4504313,-0.0044671297,-0.38518542,-0.92282832,0
0.3939023,-0.44272828,-1.442551,-0.0044671297,-0.38518542,-0.92282832,0
0.57776105,2.6556001,0.51420236,0.0044671297,0.38518542,0.92282832,0
0.63511539,0.19204992,-1.7086729,-0.0044671297,-0.38518542,-0.92282832,0
0.88279521,1.9991577,-1.295882,0.29065576,0.88249552,-0.36975753,0
-0.56204307,-1.0719221,-1.1753002,-0.0044671297,-0.38518542,-0.92282832,0
-0.010431349,-1.6131096,0.69101489,0.95681721,-0.26987725,0.10801411,0
-0.68722963,-1.8454584,1.8164427,-0.29065576,-0.88249552,0.36975753,0
-0.27035877,-2.909029,-0.39427733,-0.29065576,-0.88249552,0.36975753,0
0.82522267,2.2966433,-0.63113332,0.29065576,0.88249552,-0.36975753,0
-1.0128417,-2.1049104,-0.74195242,-0.0044671297,-0.38518542,-0.92282832,0
0.012390852,-0.46586162,1.8198266,0.0044671297,0.38518542,0.92282832,0
1.0426636,1.0962785,-1.8680694,0.95681721,-0.26987725,0.10801411,0
-0.38130981,-2.7822733,-0.46228051,-0.0044671297,-0.38518542,-0.92282832,0
0.70872092,0.18920621,-1.176271,0.95681721,-0.26987725,0.10801411,0
-0.76217264,-2.2063177,0.89627433,-0.29065576,-0.88249552,0.36975753,0
-0.28212857,-2.6498501,0.21504974,-0.29065576,-0.88249552,0.36975753,0
-0.54847276,-0.6602689,1.9036863,0.0044671297,0.38518542,0.92282832,0
-0.90764916,-1.3316118,0.084088564,-0.95681721,0.26987725,-0.10801411,0
-0.82465136,-2.04691,1.2276173,-0.29065576,-0.88249552,0.36975753,0
0.64478403,2.2007921,-1.0017378,0.29065576,0.88249552,-0.36975753,0
-0.1093374,1.6062534,0.35279703,-0.95681721,0.26987725,-0.10801411,0
-0.21052998,1.0624057,-0.10963553,-0.95681721,0.26987725,-0.10801411,0
0.42707777,0.97462654,-2.0343106,-0.0044671297,-0.38518542,-0.92282832,0
0.32371598,1.3745778,1.0501266,0.0044671297,0.38518542,0.92282832,0
-0.58975768,-0.73694611,1.9358912,0.0044671297,0.38518542,0.92282832,0
0.94383627,2.5654132,0.5500741,0.0044671297,0.38518542,0.92282832,0
-0.2832303,1.1801429,1.134221,0.0044671297,0.38518542,0.92282832,0
-0.83086252,-0.56440192,1.3207926,-0.95681721,0.26987725,-0.10801411,0
-0.85982859,-2.0342355,1.2302163,-0.29065576,-0.88249552,0.36975753,0
-0.97130966,-1.9180044,-0.81711364,-0.95681721,0.26987725,-0.10801411,0
-0.58711874,-2.5221593,0.28006363,-0.29065576,-0.88249552,0.36975753,0
-0.12082028,0.92859393,-1.2386405,-0.95681721,0.26987725,-0.10801411,0
-0.55928087,-2.4593813,0.45177794,-0.29065576,-0.88249552,0.36975753,0
0.29035419,1.8017538,0.87198615,0.0044671297,0.38518542,0.92282832,0
0.37574226,-0.12607098,0.98560756,0.95681721,-0.26987725,0.10801411,0
0.70796895,0.73190129,0.18633199,0.95681721,-0.26987725,0.10801411,0
0.6082437,2.2228813,-0.97774053,0.29065576,0.88249552,-0.36975753,0
0.041021109,0.81184477,-1.9644973,-0.0044671297,-0.38518542,-0.92282832,0
-0.44230437,-0.86288941,1.9877458,0.0044671297,0.38518542,0.92282832,0
-0.41695517,-2.482832,0.50768661,-0.29065576,-0.88249552,0.36975753,0
0.65412545,1.2255955,-2.1401634,-0.0044671297,-0.38518542,-0.92282832,0
-0.23085797,0.37380695,-1.650053,-0.95681721,0.26987725,-0.10801411,0
0.87250316,2.5509531,0.012990236,0.29065576,0.88249552,-0.36975753,0
0.20322326,2.5147729,-0.14597702,-0.95681721,0.26987725,-0.10801411,0
0.0056092143,-2.0833347,-0.62594974,0.95681721,-0.26987725,0.10801411,0
0.51177728,-0.46934378,-1.077105,0.95681721,-0.26987725,0.10801411,0
-1.1493104,-2.2238245,-0.0044391155,-0.95681721,0.26987725,-0.10801411,0
1.1105168,2.013571,-0.17724371,0.95681721,-0.26987725,0.10801411,0
0.81998432,2.6964226,0.31889677,0.29065576,0.88249552,-0.36975753,0
-0.57278728,-1.3231523,2.1804893,0.0044671297,0.38518542,0.92282832,0
0.47578859,0.48388922,1.4211606,0.0044671297,0.38518542,0.92282832,0
-0.47349286,-0.60097253,-1.3723016,-0.0044671297,-0.38518542,-0.92282832,0
-0.28352904,0.60979748,-0.59384865,-0.95681721,0.26987725,-0.10801411,0
0.038843632,1.6016196,-0.97140718,-0.95681721,0.26987725,-0.10801411,0
0.94080639,1.4341902,-0.12150931,0.95681721,-0.26987725,0.10801411,0
-0.17715418,1.00808,-0.54102129,-0.95681721,0.26987725,-0.10801411,0
0.73185396,2.3447797,-0.58964086,0.29065576,0.88249552,-0.36975753,0
0.085731745,0.79742599,-1.9586954,-0.0044671297,-0.38518542,-0.92282832,0
0.40183127,2.7601852,0.14238,0.29065576,0.88249552,-0.36975753,0
-0.7687853,-0.78312957,0.22439885,-0.95681721,0.26987725,-0.10801411,0
-0.55179799,-1.8360808,1.9452825,-0.29065576,-0.88249552,0.36975753,0
-0.82722497,-1.0983976,-0.045635343,-0.95681721,0.26987725,-0.10801411,0
0.20499411,2.28791,0.66947961,0.0044671297,0.38518542,0.92282832,0
-0.53608054,0.078104153,0.31486312,-0.95681721,0.26987725,-0.10801411,0
-1.0298049,-2.5906019,-0.23127007,-0.29065576,-0.88249552,0.36975753,0
0.87038738,2.0548797,-1.1726449,0.29065576,0.88249552,-0.36975753,0
-0.94865251,-2.5058391,0.034823418,-0.29065576,-0.88249552,0.36975753,0
0.50965655,-0.37427348,-1.4716841,-0.0044671297,-0.38518542,-0.92282832,0
-0.88955367,-1.8834751,1.5666676,-0.29065576,-0.88249552,0.36975753,0
-0.77881658,-1.7764342,-0.88019001,-0.0044671297,-0.38518542,-0.92282832,0
-0.26371455,-1.2553744,-1.100172,-0.0044671297,-0.38518542,-0.92282832,0
-0.93494982,-2.7235084,-0.48412871,-0.0044671297,-0.38518542,-0.92282832,0
0.64967752,2.083075,0.75282431,0.0044671297,0.38518542,0.92282832,0
-0.51478016,-1.6705921,-0.92564619,-0.0044671297,-0.38518542,-0.92282832,0
-0.39452767,-2.6255722,0.18463993,-0.29065576,-0.88249552,0.36975753,0
0.83063149,0.67033988,-1.0540576,0.95681721,-0.26987725,0.10801411,0
0.67344511,2.3364797,-0.65536475,0.29065576,0.88249552,-0.36975753,0
0.13379645,1.15579,1.1423671,0.0044671297,0.38518542,0.92282832,0
0.35474408,2.2983847,-0.99680686,0.29065576,0.88249552,-0.36975753,0
0.84339786,1.1889348,0.12858272,0.95681721,-0.26987725,0.10801411,0
-0.21728611,-0.41163272,1.7983035,0.0044671297,0.38518542,0.92282832,0
0.41693684,2.8423243,0.43704295,0.0044671297,0.38518542,0.92282832,0
-0.20788908,-0.071449876,1.6562668,0.0044671297,0.38518542,0.92282832,0
0.25956789,2.8634603,0.27703619,0.29065576,0.88249552,-0.36975753,0
-0.98414505,-1.6143284,2.1346812,-0.29065576,-0.88249552,0.36975753,0
-0.34146798,-0.42387611,-1.4468601,-0.0044671297,-0.38518542,-0.92282832,0
1.0397112,1.1184045,-2.0972886,-0.0044671297,-0.38518542,-0.92282832,0
-0.70694268,-2.7058549,-0.25254989,-0.29065576,-0.88249552,0.36975753,0
-1.1887045,-1.9497304,1.1733835,-0.29065576,-0.88249552,0.36975753,0
-0.78257126,-0.82176411,0.2499876,-0.95681721,0.26987725,-0.10801411,0
-0.083908796,0.37737709,-1.7825472,-0.0044671297,-0.38518542,-0.92282832,0
0.49860898,-0.14498174,-0.15002628,0.95681721,-0.26987725,0.10801411,0
-0.46256685,-1.6276619,2.3070569,0.0044671297,0.38518542,0.92282832,0
-0.92459011,-2.431282,-0.60615325,-0.0044671297,-0.38518542,-0.92282832,0
-0.35839331,-2.3999779,0.75146699,-0.29065576,-0.88249552,0.36975753,0
0.22289348,2.2530801,-0.97407103,-0.95681721,0.26987725,-0.10801411,0
-0.41035414,-2.7969317,-0.45602155,-0.0044671297,-0.38518542,-0.92282832,0
0.30442852,2.4168034,-0.7537303,0.29065576,0.88249552,-0.36975753,0
-0.027039886,-0.21547246,1.7155058,0.0044671297,0.38518542,0.92282832,0
0.96881843,0.89909214,-2.0054054,-0.0044671297,-0.38518542,-0.92282832,0
0.82384008,0.87875926,-0.47315407,0.95681721,-0.26987725,0.10801411,0
0.19317806,-0.79185462,0.9393245,0.95681721,-0.26987725,0.10801411,0
0.47007048,-0.44156575,-1.4434049,-0.0044671297,-0.38518542,-0.92282832,0
0.04882741,-1.3162136,-1.0762908,-0.0044671297,-0.38518542,-0.92282832,0
0.77153659,1.2649685,-2.1571655,-0.0044671297,-0.38518542,-0.92282832,0
0.17116714,0.23075712,1.5282917,0.0044671297,0.38518542,0.92282832,0
0.60538709,2.0746431,-1.3337843,0.29065576,0.88249552,-0.36975753,0
1.1549706,1.5457191,-2.1641483,0.29065576,0.88249552,-0.36975753,0
0.22528805,-1.1950024,-0.35239238,0.95681721,-0.26987725,0.10801411,0
-0.59373826,-2.2923074,0.82344508,-0.29065576,-0.88249552,0.36975753,0
-1.1032351,-2.2313652,0.56839418,-0.29065576,-0.88249552,0.36975753,0
-0.30632162,-0.75922281,1.9438171,0.0044671297,0.38518542,0.92282832,0
-0.4472971,-0.30006546,1.752849,0.0044671297,0.38518542,0.92282832,0
-0.73818439,-2.7273722,-0.32846284,-0.29065576,-0.88249552,0.36975753,0
-1.0512162,-1.8931737,1.4164419,-0.29065576,-0.88249552,0.36975753,0
-0.32404983,-2.6439271,0.19623303,-0.29065576,-0.88249552,0.36975753,0
0.79928845,1.1371018,0.38980806,0.95681721,-0.26987725,0.10801411,0
0.066814899,0.28814971,-1.7460335,-0.0044671297,-0.38518542,-0.92282832,0
0.29630768,0.23259884,1.5269172,0.0044671297,0.38518542,0.92282832,0
-1.1976852,-2.4904659,-0.12424278,-0.29065576,-0.88249552,0.36975753,0
-0.33184224,0.61505491,-0.15274218,-0.95681721,0.26987725,-0.10801411,0
-1.1889868,-2.4412928,-4.4107437e-05,-0.29065576,-0.88249552,0.36975753,0
0.22610497,0.0146541,-1.6326485,-0.0044671297,-0.38518542,-0.92282832,0
-0.8138538,-2.3773623,0.44741869,-0.29065576,-0.88249552,0.36975753,0
0.84895879,2.2581456,0.6787858,0.0044671297,0.38518542,0.92282832,0
0.053453326,0.26027066,-1.7343322,-0.0044671297,-0.38518542,-0.92282832,0
0.11603427,1.7985331,-1.1631856,-0.95681721,0.26987725,-0.10801411,0
0.64649957,0.74141639,0.75461739,0.95681721,-0.26987725,0.10801411,0
-0.94732475,-2.4483616,0.17304826,-0.29065576,-0.88249552,0.36975753,0
0.64121783,2.0197997,-1.4365134,0.29065576,0.88249552,-0.36975753,0
-1.1309456,-2.360455,-0.50849366,-0.95681721,0.26987725,-0.10801411,0
0.88309419,0.95782983,-2.0295072,-0.0044671297,-0.38518542,-0.92282832,0
0.23768541,-0.87561059,0.33579999,0.95681721,-0.26987725,0.10801411,0
-0.24701357,-1.9661375,1.8744605,-0.29065576,-0.88249552,0.36975753,0
-0.24582314,-0.66717988,1.9051059,0.0044671297,0.38518542,0.92282832,0
1.1102164,1.9345036,-0.37213612,0.95681721,-0.26987725,0.10801411,0
0.1374191,0.83125257,1.2778103,0.0044671297,0.38518542,0.92282832,0
0.55658352,0.38176668,-1.7874799,-0.0044671297,-0.38518542,-0.92282832,0
-0.24643266,0.6224615,1.3668171,0.0044671297,0.38518542,0.92282832,0
-0.4192875,-2.5179486,0.42204094,-0.29065576,-0.88249552,0.36975753,0
-1.0072126,-1.6036406,0.28637338,-0.95681721,0.26987725,-0.10801411,0
-0.001391232,-1.6885066,-0.92065394,-0.0044671297,-0.38518542,-0.92282832,0
0.4579134,2.1085272,-1.3688388,0.29065576,0.88249552,-0.36975753,0
0.38974279,2.6637611,0.51170635,0.0044671297,0.38518542,0.92282832,0
0.19378349,-1.0220155,0.35889709,0.95681721,-0.26987725,0.10801411,0
0.5698663,2.6584556,0.031671047,0.29065576,0.88249552,-0.36975753,0
-0.067964435,-1.7413616,0.88021481,0.95681721,-0.26987725,0.10801411,0
-0.33140302,-1.0303442,-1.1937711,-0.0044671297,-0.38518542,-0.92282832,0
1.0679897,2.114996,-0.87383628,0.29065576,0.88249552,-0.36975753,0
0.017950922,2.1433434,0.56718242,-0.95681721,0.26987725,-0.10801411,0
-0.6810832,-1.861658,1.7826109,-0.29065576,-0.88249552,0.36975753,0
0.24808526,-0.15876502,-1.5603704,-0.0044671297,-0.38518542,-0.92282832,0
-0.31186092,-0.53096032,1.848568,0.0044671297,0.38518542,0.92282832,0
-1.0136321,-2.5016613,-0.57634616,-0.0044671297,-0.38518542,-0.92282832,0
0.57270718,0.41695595,0.59761328,0.95681721,-0.26987725,0.10801411,0
-0.077054977,0.45846355,-1.8164256,-0.0044671297,-0.38518542,-0.92282832,0
-0.0097978711,-1.5715637,0.78920758,0.95681721,-0.26987725,0.10801411,0
-1.045109,-2.2145007,0.65433574,-0.29065576,-0.88249552,0.36975753,0
0.89264566,2.2265291,-0.7454741,0.29065576,0.88249552,-0.36975753,0
-0.465927,-1.038413,-1.1897521,-0.0044671297,-0.38518542,-0.92282832,0
0.5815255,0.37648836,0.41838902,0.95681721,-0.26987725,0.10801411,0
0.19207239,1.573058,-2.2829561,-0.0044671297,-0.38518542,-0.92282832,0
-0.53737414,-0.84733206,-1.2691629,-0.0044671297,-0.38518542,-0.92282832,0
-0.81443793,-1.0375822,-0.0069572926,-0.95681721,0.26987725,-0.10801411,0
-0.75447762,-1.9729333,1.4593382,-0.29065576,-0.88249552,0.36975753,0
0.096612215,-0.96630853,-1.2225714,-0.0044671297,-0.38518542,-0.92282832,0
-1.1001787,-2.5888505,-0.28240919,-0.29065576,-0.88249552,0.36975753,0
-0.23012352,-0.66372371,-1.3472877,-0.0044671297,-0.38518542,-0.92282832,0
1.0714772,1.287328,-1.6459652,0.95681721,-0.26987725,0.10801411,0
0.53509492,2.6827488,0.062318802,0.29065576,0.88249552,-0.36975753,0
-0.20533478,-1.9535445,1.5669317,0.95681721,-0.26987725,0.10801411,0
-1.0557896,-2.6220155,-0.52590656,-0.0044671297,-0.38518542,-0.92282832,0
1.1199603,2.3130565,0.48737812,0.95681721,-0.26987725,0.10801411,0
0.10553825,-0.25311917,-1.5202973,-0.0044671297,-0.38518542,-0.92282832,0
-1.0961156,-2.659174,-0.44705486,-0.29065576,-0.88249552,0.36975753,0
-0.96875274,-0.82866281,1.8819948,-0.95681721,0.26987725,-0.10801411,0
-0.32782894,-2.6526494,0.17244506,-0.29065576,-0.88249552,0.36975753,0
-0.09503293,1.0639079,-1.1289861,-0.95681721,0.26987725,-0.10801411,0
0.19276977,1.0325006,1.1935422,0.0044671297,0.38518542,0.92282832,0
0.31157035,1.6528183,0.93404853,0.0044671297,0.38518542,0.92282832,0
-0.23332357,-1.7180363,2.3436694,0.0044671297,0.38518542,0.92282832,0
-1.0737314,-1.5694124,2.1714599,-0.29065576,-0.88249552,0.36975753,0
0.33052617,2.8727295,0.35493731,0.29065576,0.88249552,-0.36975753,0
-0.59998399,-0.14598902,0.32103163,-0.95681721,0.26987725,-0.10801411,0
-0.62378335,0.15027907,1.2720879,-0.95681721,0.26987725,-0.10801411,0
0.37236458,-0.22456026,0.76944947,0.95681721,-0.26987725,0.10801411,0
0.99550688,1.6454257,-2.0515304,0.29065576,0.88249552,-0.36975753,0
1.0954945,1.8172016,-0.53480816,0.95681721,-0.26987725,0.10801411,0
-0.068048835,0.064783394,1.5987265,0.0044671297,0.38518542,0.92282832,0
0.83071935,2.4493728,0.59905672,0.0044671297,0.38518542,0.92282832,0
0.25558972,1.4833107,-2.2458036,-0.0044671297,-0.38518542,-0.92282832,0
-1.1841891,-2.1033692,0.81024456,-0.29065576,-0.88249552,0.36975753,0
0.25184274,2.7294488,-0.040286541,-0.95681721,0.26987725,-0.10801411,0
0.79975796,1.9098475,-1.5743113,0.29065576,0.88249552,-0.36975753,0
-0.36262429,-0.42637932,-1.4457129,-0.0044671297,-0.38518542,-0.92282832,0
0.032807112,0.86823654,-1.9879951,-0.0044671297,-0.38518542,-0.92282832,0
0.69118094,0.28866044,-1.7492692,-0.0044671297,-0.38518542,-0.92282832,0
-0.37990713,-1.0007722,2.0449953,0.0044671297,0.38518542,0.92282832,0
0.6705395,2.3318686,-0.66865349,0.29065576,0.88249552,-0.36975753,0
0.95562029,0.89377087,-2.0031204,-0.0044671297,-0.38518542,-0.92282832,0
0.45893812,1.7029457,0.91241217,0.0044671297,0.38518542,0.92282832,0
-0.62007749,-1.4543165,-1.0154091,-0.0044671297,-0.38518542,-0.92282832,0
0.3248322,-0.94168437,-1.2339542,-0.0044671297,-0.38518542,-0.92282832,0
-0.93745524,-0.97663468,1.2350409,-0.95681721,0.26987725,-0.10801411,0
-0.95813906,-2.3837729,-0.62582088,-0.0044671297,-0.38518542,-0.92282832,0
0.39811411,2.818325,0.44715118,0.0044671297,0.38518542,0.92282832,0
-0.33384323,-2.0235264,1.6692374,-0.29065576,-0.88249552,0.36975753,0
0.42331153,-0.72077775,-0.92166877,0.95681721,-0.26987725,0.10801411,0
0.61452919,2.1946442,0.70642591,0.0044671297,0.38518542,0.92282832,0
-1.1210692,-1.9440398,1.2401314,-0.29065576,-0.88249552,0.36975753,0
0.88696718,2.4532738,-0.20876956,0.29065576,0.88249552,-0.36975753,0
1.0706918,2.6091442,0.30766463,0.29065576,0.88249552,-0.36975753,0
-0.45868042,-2.7078753,-0.062219858,-0.29065576,-0.88249552,0.36975753,0
-0.69219452,-2.4079425,0.47006655,-0.29065576,-0.88249552,0.36975753,0
-0.54302096,-2.7031605,-0.11726522,-0.29065576,-0.88249552,0.36975753,0
-0.63306522,-1.0062956,2.0485263,0.0044671297,0.38518542,0.92282832,0
-0.60794199,-1.8269665,1.9229029,-0.29065576,-0.88249552,0.36975753,0
-0.24744451,-0.52546376,1.8459618,0.0044671297,0.38518542,0.92282832,0
-0.0097467899,1.4714158,1.0113208,0.0044671297,0.38518542,0.92282832,0
-0.30350739,-2.6256003,0.25612116,-0.29065576,-0.88249552,0.36975753,0
0.91493821,2.0582867,-1.129493,0.29065576,0.88249552,-0.36975753,0
0.85473502,2.5589445,0.018096209,0.29065576,0.88249552,-0.36975753,0
0.076339722,-0.70377946,1.918823,0.0044671297,0.38518542,0.92282832,0
-1.1109605,-1.911011,1.3269067,-0.29065576,-0.88249552,0.36975753,0
-0.064463019,1.0241611,-1.49909,-0.95681721,0.26987725,-0.10801411,0
-0.63021493,-2.1064487,1.2383587,-0.29065576,-0.88249552,0.36975753,0
-0.36145055,-0.26199597,-1.5143316,-0.0044671297,-0.38518542,-0.92282832,0
0.3042891,2.2326581,-1.193337,0.29065576,0.88249552,-0.36975753,0
0.49690926,2.054498,-1.4671361,0.29065576,0.88249552,-0.36975753,0
0.47077441,-0.34142825,-0.3942889,0.95681721,-0.26987725,0.10801411,0
-1.0923433,-1.7916749,0.5706737,-0.95681721,0.26987725,-0.10801411,0
-0.65220392,-1.6366334,-0.93915522,-0.0044671297,-0.38518542,-0.92282832,0
-0.80453706,-0.47388646,1.3137527,-0.95681721,0.26987725,-0.10801411,0
0.6168505,1.951026,-1.6198093,0.29065576,0.88249552,-0.36975753,0
0.38870707,-0.73891729,-0.66045564,0.95681721,-0.26987725,0.10801411,0
0.96482813,1.7312704,0.40796494,0.95681721,-0.26987725,0.10801411,0
-0.08760035,1.1674389,-0.93614972,-0.95681721,0.26987725,-0.10801411,0
-0.21734226,-0.081636608,1.6605644,0.0044671297,0.38518542,0.92282832,0
-0.79187155,-1.430066,2.2261753,0.0044671297,0.38518542,0.92282832,0
0.35641289,1.4501593,1.0184207,0.0044671297,0.38518542,0.92282832,0
-0.82822347,-0.7081607,0.93823028,-0.95681721,0.26987725,-0.10801411,0
-0.64352161,-2.6103156,-0.53278565,-0.0044671297,-0.38518542,-0.92282832,0
0.029858947,-2.0386968,-0.7746371,-0.0044671297,-0.38518542,-0.92282832,0
1.1228874,1.5104446,-1.5439048,0.95681721,-0.26987725,0.10801411,0
0.40109563,1.6407775,0.93864095,0.0044671297,0.38518542,0.92282832,0
0.3437047,1.8228575,-2.140419,0.29065576,0.88249552,-0.36975753,0
-0.22435153,0.79960895,1.2927694,0.0044671297,0.38518542,0.92282832,0
-0.39196289,-2.6920066,-0.49990606,-0.0044671297,-0.38518542,-0.92282832,0
0.56294143,2.1892102,-1.093714,0.29065576,0.88249552,-0.36975753,0
-0.08933866,-2.0192742,0.37518024,0.95681721,-0.26987725,0.10801411,0
0.81234634,2.4954023,-0.16687918,0.29065576,0.88249552,-0.36975753,0
1.0297794,1.100409,-1.7436198,0.95681721,-0.26987725,0.10801411,0
1.0381604,1.2301161,-1.493782,0.95681721,-0.26987725,0.10801411,0
0.56019783,1.6979409,-2.2683764,0.29065576,0.88249552,-0.36975753,0
1.0819424,1.7940028,-1.6289787,0.29065576,0.88249552,-0.36975753,0
-1.1275085,-1.2788417,2.1635065,-0.95681721,0.26987725,-0.10801411,0
0.91825283,1.958204,0.80364466,0.0044671297,0.38518542,0.92282832,0
-1.1491827,-2.3431313,-0.30366182,-0.95681721,0.26987725,-0.10801411,0
0.62444717,0.77780294,1.0408766,0.95681721,-0.26987725,0.10801411,0
-0.47574365,-2.0439873,1.5088592,-0.29065576,-0.88249552,0.36975753,0
-0.51779073,0.32713777,0.77506632,-0.95681721,0.26987725,-0.10801411,0
-0.10808468,-1.2057216,-1.1216502,-0.0044671297,-0.38518542,-0.92282832,0
-0.9684968,-1.4860508,0.23722148,-0.95681721,0.26987725,-0.10801411,0
-0.084296346,-2.2784324,-0.67401993,-0.0044671297,-0.38518542,-0.92282832,0
-1.119503,-1.9840107,1.1459646,-0.29065576,-0.88249552,0.36975753,0
0.58031273,1.2449254,-2.1478741,-0.0044671297,-0.38518542,-0.92282832,0
0.21222484,2.2142015,-0.97670507,-0.95681721,0.26987725,-0.10801411,0
0.97555524,2.095238,0.74617004,0.0044671297,0.38518542,0.92282832,0
-1.1592393,-2.2303843,0.5267117,-0.29065576,-0.88249552,0.36975753,0
-0.71256006,-0.42800748,1.8075356,0.0044671297,0.38518542,0.92282832,0
-0.69399977,-1.8985615,1.6843809,-0.29065576,-0.88249552,0.36975753,0
0.06773591,2.3394928,0.64861333,0.0044671297,0.38518542,0.92282832,0
-0.15342224,0.56585646,1.3899937,0.0044671297,0.38518542,0.92282832,0
-0.43541706,0.61089456,0.75435507,-0.95681721,0.26987725,-0.10801411,0
0.71650767,1.294852,-2.1693726,-0.0044671297,-0.38518542,-0.92282832,0
-0.31019545,-0.76538861,-1.3044653,-0.0044671297,-0.38518542,-0.92282832,0
1.0444766,2.499408,0.57713747,0.0044671297,0.38518542,0.92282832,0
-0.54575372,-1.6264176,2.3069403,0.0044671297,0.38518542,0.92282832,0
0.11213732,1.2071952,1.1210155,0.0044671297,0.38518542,0.92282832,0
0.49021035,-0.051572025,0.15775825,0.95681721,-0.26987725,0.10801411,0
0.27853286,0.4721154,-1.8238451,-0.0044671297,-0.38518542,-0.92282832,0
0.51068413,2.6975224,0.078390121,0.29065576,0.88249552,-0.36975753,0
0.25035048,-0.068324924,1.6527441,0.0044671297,0.38518542,0.92282832,0
0.41897607,-0.35817084,-1.4779664,-0.0044671297,-0.38518542,-0.92282832,0
0.27952647,2.4442339,-0.70783687,0.29065576,0.88249552,-0.36975753,0
0.22926366,0.31910044,-1.7597387,-0.0044671297,-0.38518542,-0.92282832,0
0.34382075,1.990191,0.79307449,0.0044671297,0.38518542,0.92282832,0
-0.66319776,-0.93713713,2.0198057,0.0044671297,0.38518542,0.92282832,0
-0.96120501,-2.2279859,0.68810487,-0.29065576,-0.88249552,0.36975753,0
-0.38175708,-1.9116962,-0.82565415,-0.0044671297,-0.38518542,-0.92282832,0
0.85465717,0.95102262,-0.565588,0.95681721,-0.26987725,0.10801411,0
0.90911472,1.0356717,-2.062124,-0.0044671297,-0.38518542,-0.92282832,0
-1.1598911,-2.1803334,0.64565539,-0.29065576,-0.88249552,0.36975753,0
-0.58900166,-2.2762434,-0.67249012,-0.0044671297,-0.38518542,-0.92282832,0
0.49691701,-0.62219894,-1.3273815,0.95681721,-0.26987725,0.10801411,0
-1.095856,-1.6100496,1.0555868,-0.95681721,0.26987725,-0.10801411,0
-0.1890828,1.3220203,0.34903568,-0.95681721,0.26987725,-0.10801411,0
0.28137374,-0.20014179,1.6364789,0.95681721,-0.26987725,0.10801411,0
0.15054655,1.6753415,-1.7767042,-0.95681721,0.26987725,-0.10801411,0
-0.60344768,-1.9826944,1.5547619,-0.29065576,-0.88249552,0.36975753,0
0.88174015,2.3803344,0.62762594,0.0044671297,0.38518542,0.92282832,0
-1.0509599,-2.4178381,-0.61115289,-0.0044671297,-0.38518542,-0.92282832,0
0.5944553,2.4312177,-0.49134564,0.29065576,0.88249552,-0.36975753,0
-0.0074800253,-1.2059562,1.6821582,0.95681721,-0.26987725,0.10801411,0
-0.39163792,-2.3090062,0.94245529,-0.29065576,-0.88249552,0.36975753,0
-0.27532434,0.81851405,1.2851254,0.0044671297,0.38518542,0.92282832,0
-0.97729969,-2.5803602,-0.16555309,-0.29065576,-0.88249552,0.36975753,0
0.87997681,0.82292402,-1.1099339,0.95681721,-0.26987725,0.10801411,0
0.63469929,0.081054814,-0.79078877,0.95681721,-0.26987725,0.10801411,0
0.59437412,2.27775,0.67183542,0.0044671297,0.38518542,0.92282832,0
-0.46873379,-1.1310906,2.0998197,0.0044671297,0.38518542,0.92282832,0
-1.1463115,-1.4679526,1.857569,-0.95681721,0.26987725,-0.10801411,0
0.29394716,-0.92831457,-0.29426357,0.95681721,-0.26987725,0.10801411,0
-0.73517656,-1.9156266,1.6112833,-0.29065576,-0.88249552,0.36975753,0
-1.1821024,-2.4556925,-0.29328728,-0.95681721,0.26987725,-0.10801411,0
0.92534208,0.91982114,-2.0138471,-0.0044671297,-0.38518542,-0.92282832,0
-0.96233904,-1.9398232,1.3749683,-0.29065576,-0.88249552,0.36975753,0
0.18777907,-0.71360511,-1.3284901,-0.0044671297,-0.38518542,-0.92282832,0
-0.89343607,-1.208734,0.2652005,-0.95681721,0.26987725,-0.10801411,0
0.74820769,0.33361307,-1.1652498,0.95681721,-0.26987725,0.10801411,0
-0.34771371,-2.2301185,1.1652634,-0.29065576,-0.88249552,0.36975753,0
0.070684493,-1.8938482,-0.72896516,0.95681721,-0.26987725,0.10801411,0
-1.1418177,-2.1627898,0.70173311,-0.29065576,-0.88249552,0.36975753,0
-0.73913455,-0.73364508,1.9352362,0.0044671297,0.38518542,0.92282832,0
-0.11092019,-1.5888799,1.641711,0.95681721,-0.26987725,0.10801411,0
-0.72045875,-1.9577729,-0.80478215,-0.0044671297,-0.38518542,-0.92282832,0
-0.73071122,-2.5877821,0.010569334,-0.29065576,-0.88249552,0.36975753,0
0.869798,0.86513579,-0.91430008,0.95681721,-0.26987725,0.10801411,0
-0.012732744,-0.16025686,1.6923898,0.0044671297,0.38518542,0.92282832,0
-0.015426099,-1.6489034,0.64582801,0.95681721,-0.26987725,0.10801411,0
-0.81323022,-2.3289361,0.56348777,-0.29065576,-0.88249552,0.36975753,0
-0.25497341,0.92170399,1.2419556,0.0044671297,0.38518542,0.92282832,0
1.0956618,2.5344443,0.14900756,0.29065576,0.88249552,-0.36975753,0
0.12795627,1.6742195,-1.5793965,-0.95681721,0.26987725,-0.10801411,0
-1.0379722,-2.0396819,-0.5306139,-0.95681721,0.26987725,-0.10801411,0
0.060008913,2.2132277,0.36922944,-0.95681721,0.26987725,-0.10801411,0
0.54301864,2.6722121,0.043399572,0.29065576,0.88249552,-0.36975753,0
-0.60176623,0.10216254,1.5857083,0.0044671297,0.38518542,0.92282832,0
-0.25367379,1.1466017,0.48290986,-0.95681721,0.26987725,-0.10801411,0
-0.67752755,-2.004127,-0.78564203,-0.0044671297,-0.38518542,-0.92282832,0
0.064944029,0.80961108,-1.9636806,-0.0044671297,-0.38518542,-0.92282832,0
-0.86589634,-1.7607707,1.8781209,-0.29065576,-0.88249552,0.36975753,0
0.45898318,2.1025405,-1.3822861,0.29065576,0.88249552,-0.36975753,0
-0.4028179,0.81873477,0.98487955,-0.95681721,0.26987725,-0.10801411,0
-0.23539019,0.52506304,1.4074175,0.0044671297,0.38518542,0.92282832,0
0.65384567,2.3090806,-0.73616433,0.29065576,0.88249552,-0.36975753,0
0.50298619,1.4978334,0.99781227,0.0044671297,0.38518542,0.92282832,0
0.021711469,0.14667237,-1.686763,-0.0044671297,-0.38518542,-0.92282832,0
0.99170959,1.0247774,-1.595353,0.95681721,-0.26987725,0.10801411,0
0.55114806,0.24177197,0.3508862,0.95681721,-0.26987725,0.10801411,0
0.32938313,-1.0717494,-1.1796875,-0.0044671297,-0.38518542,-0.92282832,0
0.57859629,0.42058265,0.55450791,0.95681721,-0.26987725,0.10801411,0
0.9987849,2.613939,0.26258421,0.29065576,0.88249552,-0.36975753,0
0.2058934,-0.37563407,1.7812291,0.0044671297,0.38518542,0.92282832,0
-0.28060871,-2.7448409,-0.010468006,-0.29065576,-0.88249552,0.36975753,0
0.76265228,1.8230083,-1.8107365,0.29065576,0.88249552,-0.36975753,0
0.25582111,1.8242266,0.86277342,0.0044671297,0.38518542,0.92282832,0
0.75570977,2.5646031,-0.046239138,0.29065576,0.88249552,-0.36975753,0
0.23951924,-0.39097315,1.5304389,0.95681721,-0.26987725,0.10801411,0
0.54129636,2.1121736,-1.2945914,0.29065576,0.88249552,-0.36975753,0
0.79297507,1.0003377,0.10402393,0.95681721,-0.26987725,0.10801411,0
-1.1996176,-2.4698145,-0.076473236,-0.29065576,-0.88249552,0.36975753,0
-1.1075788,-2.3293524,-0.63777256,-0.95681721,0.26987725,-0.10801411,0
-0.33136252,-2.8150525,-0.21793747,-0.29065576,-0.88249552,0.36975753,0
0.71508503,1.3257176,-2.1822491,-0.0044671297,-0.38518542,-0.92282832,0
0.85624003,1.1632897,-0.049252152,0.95681721,-0.26987725,0.10801411,0
-0.64879787,-2.6882353,-0.16479206,-0.29065576,-0.88249552,0.36975753,0
0.48343897,0.91061556,1.2430096,0.0044671297,0.38518542,0.92282832,0
-0.88901734,-1.6421371,2.1430869,-0.29065576,-0.88249552,0.36975753,0
-0.77007079,-1.100052,-0.55605614,-0.95681721,0.26987725,-0.10801411,0
0.55860543,-0.059296519,-1.6033914,-0.0044671297,-0.38518542,-0.92282832,0
-0.36551785,-0.5585413,-1.390535,-0.0044671297,-0.38518542,-0.92282832,0
0.30612791,-0.76287687,-1.3084972,-0.0044671297,-0.38518542,-0.92282832,0
-0.28964221,-0.93735921,-1.2327849,-0.0044671297,-0.38518542,-0.92282832,0
0.4223913,2.3082356,-0.92012024,0.29065576,0.88249552,-0.36975753,0
1.0323433,2.3013148,-0.45717287,0.29065576,0.88249552,-0.36975753,0
-1.0916384,-1.9042767,0.28309035,-0.95681721,0.26987725,-0.10801411,0
-0.63819003,-1.7092645,-0.90890706,-0.0044671297,-0.38518542,-0.92282832,0
-0.14267272,-1.5937686,-0.95951337,-0.0044671297,-0.38518542,-0.92282832,0
