-2.2271783,0.072877049,2.4932065,0.60264134,-0.28051746,0.74708331,0
3.0267684,-0.29892433,-3.2230797,-0.60264134,0.28051746,-0.74708331,0
2.9577374,0.50020969,-2.0141881,0.3789947,0.92447221,0.041404575,0
-3.7622218,0.72196567,3.2730818,-0.70227242,0.25818846,0.66343963,0
-0.84566486,0.85284001,0.33312067,-0.60264134,0.28051746,-0.74708331,0
-3.2185879,1.4164243,3.5782762,-0.70227242,0.25818846,0.66343963,0
-0.36799371,1.7426534,0.68671882,0.3789947,0.92447221,0.041404575,0
3.2886515,-1.7993485,-3.3550901,0.70227242,-0.25818846,-0.66343963,0
3.492909,-2.0026119,-3.0597734,0.70227242,-0.25818846,-0.66343963,0
1.2694163,-1.529604,-2.267596,-0.60264134,0.28051746,-0.74708331,0
-2.8671536,2.0826356,3.6910131,-0.70227242,0.25818846,0.66343963,0
-4.0219498,0.57127285,3.0567963,-0.70227242,0.25818846,0.66343963,0
3.6306081,-1.5900089,-3.0745859,0.70227242,-0.25818846,-0.66343963,0
-4.0371442,-0.069731951,3.2901697,-0.70227242,0.25818846,0.66343963,0
-3.097769,1.6274858,3.6240287,-0.70227242,0.25818846,0.66343963,0
3.7045074,-0.47812653,-3.4290688,0.70227242,-0.25818846,-0.66343963,0
-0.13395917,1.6400092,0.83631504,0.3789947,0.92447221,0.041404575,0
1.7239718,-0.75907665,-1.0064085,0.60264134,-0.28051746,0.74708331,0
3.729228,-1.4248908,-2.8739681,0.60264134,-0.28051746,0.74708331,0
-1.7337421,1.8528007,2.7635036,0.60264134,-0.28051746,0.74708331,0
3.0739632,-1.5218725,-3.6903288,0.70227242,-0.25818846,-0.66343963,0
-2.4742458,-0.71418095,2.3660684,-0.3789947,-0.92447221,-0.041404575,0
0.62617207,0.15628046,-1.115696,-0.60264134,0.28051746,-0.74708331,0
0.06117177,-1.4959562,-1.2803209,-0.60264134,0.28051746,-0.74708331,0
-0.65182519,1.7126812,1.8381534,0.60264134,-0.28051746,0.74708331,0
-2.3966832,2.4655867,3.1147254,0.3789947,0.92447221,0.041404575,0
-0.10669613,1.0611053,-0.18477461,-0.60264134,0.28051746,-0.74708331,0
3.6663964,-0.75030637,-2.5699887,0.60264134,-0.28051746,0.74708331,0
3.0951092,-2.4118197,-3.3216076,0.70227242,-0.25818846,-0.66343963,0
-1.3527739,0.93073326,0.77143234,-0.60264134,0.28051746,-0.74708331,0
1.5799071,0.82176459,-1.6351562,-0.60264134,0.28051746,-0.74708331,0
1.1131458,-2.0174251,-1.3723903,-0.3789947,-0.92447221,-0.041404575,0
-0.9302845,0.14398259,1.4737546,0.60264134,-0.28051746,0.74708331,0
-1.6979176,-0.95562893,0.65098691,-0.3789947,-0.92447221,-0.041404575,0
3.664073,-1.210701,-3.1867757,0.70227242,-0.25818846,-0.66343963,0
3.3561029,-1.4209762,-3.4309404,0.70227242,-0.25818846,-0.66343963,0
0.52370965,1.375277,0.7272557,0.3789947,0.92447221,0.041404575,0
-2.719691,-0.60060799,2.6376135,0.60264134,-0.28051746,0.74708331,0
-1.8237834,1.3256831,1.2996733,-0.60264134,0.28051746,-0.74708331,0
3.2993832,0.37525916,-2.351548,0.3789947,0.92447221,0.041404575,0
2.9152207,0.50616193,-1.7579081,0.3789947,0.92447221,0.041404575,0
-3.7003243,-0.20337033,2.2392673,-0.60264134,0.28051746,-0.74708331,0
4.0428505,0.082545757,-3.2891159,0.70227242,-0.25818846,-0.66343963,0
-0.80302882,1.8965305,1.2330527,0.3789947,0.92447221,0.041404575,0
2.8903956,0.55232215,-2.5613279,0.3789947,0.92447221,0.041404575,0
-1.898791,-0.90667897,1.3967279,-0.3789947,-0.92447221,-0.041404575,0
4.1036205,-0.15390325,-3.1327715,0.70227242,-0.25818846,-0.66343963,0
-2.0414593,-0.81649923,0.68911719,-0.3789947,-0.92447221,-0.041404575,0
-3.0426118,2.7433512,2.8253398,0.3789947,0.92447221,0.041404575,0
-1.0614824,0.22223473,0.27043009,-0.60264134,0.28051746,-0.74708331,0
3.1253524,-2.0570629,-3.4276538,0.70227242,-0.25818846,-0.66343963,0
1.1648974,1.1784874,-0.74794823,0.3789947,0.92447221,0.041404575,0
-3.1319065,2.3772087,3.2961259,-0.70227242,0.25818846,0.66343963,0
-2.0016756,0.4211188,2.4420617,0.60264134,-0.28051746,0.74708331,0
3.5785763,-1.9792684,-2.9781764,0.70227242,-0.25818846,-0.66343963,0
-3.3988342,1.3196678,3.4251339,-0.70227242,0.25818846,0.66343963,0
-3.5081477,0.92655241,3.462409,-0.70227242,0.25818846,0.66343963,0
-1.1461209,2.0293856,1.4071684,0.3789947,0.92447221,0.041404575,0
3.2848268,-2.2528768,-3.182641,0.70227242,-0.25818846,-0.66343963,0
3.8389428,-0.13430047,-3.4205699,0.70227242,-0.25818846,-0.66343963,0
-3.77004,1.3914931,3.0042484,-0.70227242,0.25818846,0.66343963,0
1.0666314,1.2271445,-0.93488383,0.3789947,0.92447221,0.041404575,0
0.54035461,1.3913097,0.21692041,0.3789947,0.92447221,0.041404575,0
3.39573,0.34429395,-2.5420718,0.3789947,0.92447221,0.041404575,0
-2.061928,1.7732787,1.6598396,-0.60264134,0.28051746,-0.74708331,0
1.3356528,-2.0298133,-1.170308,0.60264134,-0.28051746,0.74708331,0
-2.1682148,2.3953676,2.5912883,0.3789947,0.92447221,0.041404575,0
3.1833723,-1.5261471,-3.5728521,0.70227242,-0.25818846,-0.66343963,0
3.8709559,-1.2789522,-2.933496,0.60264134,-0.28051746,0.74708331,0
-3.4607592,2.1073613,3.0530405,-0.70227242,0.25818846,0.66343963,0
3.4140368,-1.7211493,-3.2527981,0.70227242,-0.25818846,-0.66343963,0
3.7039609,-1.1892159,-3.1529145,0.70227242,-0.25818846,-0.66343963,0
-3.7854495,0.9590354,3.1562352,-0.70227242,0.25818846,0.66343963,0
-3.2392061,-0.38975906,2.1244774,-0.3789947,-0.92447221,-0.041404575,0
3.83061,0.17777967,-2.8048363,0.3789947,0.92447221,0.041404575,0
4.1455708,-0.17740822,-2.7414052,0.60264134,-0.28051746,0.74708331,0
-3.0856199,2.3649411,3.349896,-0.70227242,0.25818846,0.66343963,0
2.4855618,-2.5315409,-2.4556642,-0.3789947,-0.92447221,-0.041404575,0
0.18292832,1.5368109,0.23988792,0.3789947,0.92447221,0.041404575,0
-1.8117937,0.39057544,2.2774231,0.60264134,-0.28051746,0.74708331,0
0.79714084,1.3267268,-0.69156104,0.3789947,0.92447221,0.041404575,0
-1.9477592,2.3007085,2.6868877,0.3789947,0.92447221,0.041404575,0
3.315491,-1.7924863,-3.32935,0.70227242,-0.25818846,-0.66343963,0
4.0270801,-0.48458195,-3.0851023,0.70227242,-0.25818846,-0.66343963,0
0.15913415,-1.6712344,-0.36956221,-0.3789947,-0.92447221,-0.041404575,0
0.11631393,0.96079338,-0.40233305,-0.60264134,0.28051746,-0.74708331,0
0.060122252,1.551376,1.0387801,0.3789947,0.92447221,0.041404575,0
3.5602565,-1.1335266,-3.3267031,0.70227242,-0.25818846,-0.66343963,0
-1.7110595,1.5853688,2.6447902,0.60264134,-0.28051746,0.74708331,0
-0.19216073,-1.2954783,-1.000692,-0.60264134,0.28051746,-0.74708331,0
0.70513427,1.3195153,0.31162903,0.3789947,0.92447221,0.041404575,0
2.7411966,-0.23322415,-1.6295122,0.60264134,-0.28051746,0.74708331,0
-3.2357254,-0.40131879,2.3507171,-0.3789947,-0.92447221,-0.041404575,0
2.9679072,-2.3881593,-2.6215329,0.60264134,-0.28051746,0.74708331,0
-3.1489193,-0.42233455,2.0253739,-0.3789947,-0.92447221,-0.041404575,0
2.738667,-2.6096613,-3.0281935,-0.3789947,-0.92447221,-0.041404575,0
-2.0878675,2.2417982,3.195224,0.60264134,-0.28051746,0.74708331,0
-4.0689402,0.17254257,3.1622276,-0.70227242,0.25818846,0.66343963,0
3.0853882,-2.4228756,-3.3275948,0.70227242,-0.25818846,-0.66343963,0
-0.54225719,-1.3922893,-0.17763361,-0.3789947,-0.92447221,-0.041404575,0
3.095829,-1.9158506,-3.5138602,0.70227242,-0.25818846,-0.66343963,0
-3.4921391,1.2922875,3.337023,-0.70227242,0.25818846,0.66343963,0
-3.920902,-0.13182592,2.6052673,-0.3789947,-0.92447221,-0.041404575,0
-2.4271865,1.6955645,1.9252979,-0.60264134,0.28051746,-0.74708331,0
-3.3720403,2.3732007,3.0434964,-0.70227242,0.25818846,0.66343963,0
-1.964134,-0.87177342,1.2154757,-0.3789947,-0.92447221,-0.041404575,0
3.9025416,-0.73044991,-3.1212473,0.70227242,-0.25818846,-0.66343963,0
-0.90841329,-0.28950068,1.2933463,0.60264134,-0.28051746,0.74708331,0
0.29856539,1.4815068,0.41622651,0.3789947,0.92447221,0.041404575,0
-4.0309734,-0.10200596,2.9469876,-0.3789947,-0.92447221,-0.041404575,0
3.7139413,-1.188466,-3.142642,0.70227242,-0.25818846,-0.66343963,0
2.7350831,0.28930759,-1.4283789,0.60264134,-0.28051746,0.74708331,0
0.80261171,-1.9157307,-0.80054057,-0.3789947,-0.92447221,-0.041404575,0
-1.1804225,-1.1696236,0.69214743,-0.3789947,-0.92447221,-0.041404575,0
-1.2561412,2.0633891,1.6550194,0.3789947,0.92447221,0.041404575,0
2.2182384,0.77129191,-2.1690235,-0.60264134,0.28051746,-0.74708331,0
-0.45406005,-0.32320923,-0.42435762,-0.60264134,0.28051746,-0.74708331,0
2.242203,0.066495717,-2.4529939,-0.60264134,0.28051746,-0.74708331,0
-1.1148204,1.467627,2.1196184,0.60264134,-0.28051746,0.74708331,0
3.0839062,-1.5596058,-3.6651196,0.70227242,-0.25818846,-0.66343963,0
-0.41893119,-0.18100554,-0.39929953,-0.60264134,0.28051746,-0.74708331,0
-0.93357813,-1.2739928,0.76300251,-0.3789947,-0.92447221,-0.041404575,0
-3.6683176,0.89705241,3.3043449,-0.70227242,0.25818846,0.66343963,0
-3.5722165,1.7724752,3.0653856,-0.70227242,0.25818846,0.66343963,0
-3.9713116,0.097681046,3.294704,-0.70227242,0.25818846,0.66343963,0
-0.1435551,-0.1853341,0.71547955,0.60264134,-0.28051746,0.74708331,0
2.8843889,-2.3224216,-3.5794525,0.70227242,-0.25818846,-0.66343963,0
0.090702295,-1.6562328,-0.078121416,-0.3789947,-0.92447221,-0.041404575,0
-1.2243686,-0.041360736,0.30284774,-0.60264134,0.28051746,-0.74708331,0
-4.1307817,0.22358727,3.0769017,-0.70227242,0.25818846,0.66343963,0
-2.1861691,2.4210489,2.1822324,0.3789947,0.92447221,0.041404575,0
-2.4055865,-0.68658102,1.1213537,-0.3789947,-0.92447221,-0.041404575,0
3.7174821,-0.55532527,-3.3852911,0.70227242,-0.25818846,-0.66343963,0
-2.2069521,0.021128297,1.118921,-0.60264134,0.28051746,-0.74708331,0
-1.8101268,-0.46707165,0.61550725,-0.60264134,0.28051746,-0.74708331,0
1.4029675,-1.1969259,-2.2504113,-0.60264134,0.28051746,-0.74708331,0
-4.0819235,0.56096673,2.9973226,-0.70227242,0.25818846,0.66343963,0
2.2860568,-2.4288414,-2.9225564,-0.3789947,-0.92447221,-0.041404575,0
-1.6103629,1.7982268,1.3049481,-0.60264134,0.28051746,-0.74708331,0
-0.96175283,-0.13475901,1.3944759,0.60264134,-0.28051746,0.74708331,0
-2.7792301,-0.55708098,1.650034,-0.3789947,-0.92447221,-0.041404575,0
-3.3041916,-0.36812389,2.2362461,-0.3789947,-0.92447221,-0.041404575,0
-4.2349815,0.19258356,2.9786682,-0.70227242,0.25818846,0.66343963,0
-2.8217256,2.3150105,3.6486678,-0.70227242,0.25818846,0.66343963,0
-1.2608074,0.78184283,1.9798799,0.60264134,-0.28051746,0.74708331,0
-0.46953046,-1.4071761,-0.5109455,-0.3789947,-0.92447221,-0.041404575,0
2.297987,0.74367976,-1.4113362,0.3789947,0.92447221,0.041404575,0
-0.97523409,1.2521195,0.58756173,-0.60264134,0.28051746,-0.74708331,0
-1.3549621,1.163404,2.1991005,0.60264134,-0.28051746,0.74708331,0
1.4317274,1.0433779,-0.17366731,0.3789947,0.92447221,0.041404575,0
-3.8259714,0.29774797,3.370692,-0.70227242,0.25818846,0.66343963,0
-2.7153656,0.61597145,3.09093,0.60264134,-0.28051746,0.74708331,0
-2.849812,2.2985845,3.62533,-0.70227242,0.25818846,0.66343963,0
3.2531574,-2.6891577,-3.0463779,0.70227242,-0.25818846,-0.66343963,0
0.8386327,-0.43078887,-1.507514,-0.60264134,0.28051746,-0.74708331,0
-0.45152104,-0.79335177,0.73560244,0.60264134,-0.28051746,0.74708331,0
-3.4260883,2.0558095,3.1098027,-0.70227242,0.25818846,0.66343963,0
0.26252377,-1.7124733,-0.3951619,-0.3789947,-0.92447221,-0.041404575,0
-1.91905,-0.89095753,1.2311435,-0.3789947,-0.92447221,-0.041404575,0
-0.11277747,1.6118748,1.2706012,0.3789947,0.92447221,0.041404575,0
-2.9574308,2.6790676,3.3633409,-0.70227242,0.25818846,0.66343963,0
2.7701178,-2.2108252,-2.3953986,0.60264134,-0.28051746,0.74708331,0
1.7563603,-0.92918015,-2.4349444,-0.60264134,0.28051746,-0.74708331,0
1.8537009,-2.274322,-2.4150786,-0.3789947,-0.92447221,-0.041404575,0
3.9952769,-0.45799351,-3.1291151,0.70227242,-0.25818846,-0.66343963,0
0.72921681,1.3188674,0.10565782,0.3789947,0.92447221,0.041404575,0
3.5687928,-1.5819041,-3.1431737,0.70227242,-0.25818846,-0.66343963,0
-1.2441593,-0.39320809,0.18669945,-0.60264134,0.28051746,-0.74708331,0
2.3614869,-1.1940231,-3.0225191,-0.60264134,0.28051746,-0.74708331,0
3.6856875,0.25730717,-3.2539663,0.3789947,0.92447221,0.041404575,0
-3.4962888,2.1442437,3.0010777,-0.70227242,0.25818846,0.66343963,0
-3.128072,-0.4686799,2.8693445,-0.3789947,-0.92447221,-0.041404575,0
0.56779337,1.3897854,-0.00020128489,0.3789947,0.92447221,0.041404575,0
-3.8492396,0.29399681,2.5461445,-0.60264134,0.28051746,-0.74708331,0
3.0159552,0.50412917,-2.6345911,0.3789947,0.92447221,0.041404575,0
-2.6694322,-0.21829474,1.4020851,-0.60264134,0.28051746,-0.74708331,0
3.8531387,-0.20317566,-3.3787389,0.70227242,-0.25818846,-0.66343963,0
2.8479538,-1.2095248,-2.0822139,0.60264134,-0.28051746,0.74708331,0
-1.2523623,0.83940357,1.9946804,0.60264134,-0.28051746,0.74708331,0
-3.9813833,0.23005962,2.6287315,-0.60264134,0.28051746,-0.74708331,0
2.9197612,0.32231486,-1.5649574,0.60264134,-0.28051746,0.74708331,0
3.0479975,-1.7025484,-3.6475015,0.70227242,-0.25818846,-0.66343963,0
-0.91146815,-1.2556567,0.15121466,-0.3789947,-0.92447221,-0.041404575,0
0.017945886,-1.5924654,-0.83593488,-0.3789947,-0.92447221,-0.041404575,0
3.6902416,-1.0472128,-3.2227001,0.70227242,-0.25818846,-0.66343963,0
0.40193677,1.4675484,-0.21831754,0.3789947,0.92447221,0.041404575,0
-1.4406502,-1.0615668,0.66146058,-0.3789947,-0.92447221,-0.041404575,0
2.9165587,0.52779281,-2.2531285,0.3789947,0.92447221,0.041404575,0
0.62873471,1.2761447,0.64126641,0.60264134,-0.28051746,0.74708331,0
3.2247851,-1.8624349,-3.3981438,0.70227242,-0.25818846,-0.66343963,0
0.50573319,-0.024947405,0.25194806,0.60264134,-0.28051746,0.74708331,0
2.9556055,-0.16109729,-1.775385,0.60264134,-0.28051746,0.74708331,0
0.17812026,1.5090533,0.90366352,0.3789947,0.92447221,0.041404575,0
-2.7054718,2.5225205,3.6909699,-0.70227242,0.25818846,0.66343963,0
1.5974982,1.0311127,-1.4171839,0.3789947,0.92447221,0.041404575,0
-0.57825756,-1.3738232,-0.26041156,-0.3789947,-0.92447221,-0.041404575,0
-2.4129572,1.3528441,3.123673,0.60264134,-0.28051746,0.74708331,0
1.2096301,-1.1194057,-0.72680753,0.60264134,-0.28051746,0.74708331,0
1.3902365,1.1028656,-1.1221085,0.3789947,0.92447221,0.041404575,0
2.4043107,-2.4749374,-2.975769,-0.3789947,-0.92447221,-0.041404575,0
-3.6302176,0.98325706,3.3111272,-0.70227242,0.25818846,0.66343963,0
-0.61180329,1.7912072,1.8343185,0.3789947,0.92447221,0.041404575,0
3.5785961,-1.2495588,-3.2621341,0.70227242,-0.25818846,-0.66343963,0
-0.28365332,0.079963401,0.92810583,0.60264134,-0.28051746,0.74708331,0
-1.7072679,-0.99285829,1.5678236,-0.3789947,-0.92447221,-0.041404575,0
2.9308603,-2.6999741,-2.7709432,-0.3789947,-0.92447221,-0.041404575,0
1.3615927,1.0962305,-0.71177661,0.3789947,0.92447221,0.041404575,0
3.1188016,-1.5266412,-3.6410103,0.70227242,-0.25818846,-0.66343963,0
1.3715061,-1.9105812,-1.1544594,0.60264134,-0.28051746,0.74708331,0
-0.65950048,1.8224049,1.5743353,0.3789947,0.92447221,0.041404575,0
3.9290652,0.064525366,-3.4025486,0.70227242,-0.25818846,-0.66343963,0
0.95261896,-1.9621232,-1.1377853,-0.3789947,-0.92447221,-0.041404575,0
-2.4558716,-0.70394588,1.9693557,-0.3789947,-0.92447221,-0.041404575,0
1.9029037,0.91442847,-1.6073991,0.3789947,0.92447221,0.041404575,0
-3.8140547,1.0702722,3.0826659,-0.70227242,0.25818846,0.66343963,0
2.2724833,-0.32719594,-2.6252446,-0.60264134,0.28051746,-0.74708331,0
-3.5166113,1.0346806,3.4113703,-0.70227242,0.25818846,0.66343963,0
-3.9007354,0.75117803,3.1150925,-0.70227242,0.25818846,0.66343963,0
2.5119088,0.69012696,-2.1737418,0.3789947,0.92447221,0.041404575,0
4.3251925,-0.11925673,-2.9117134,0.70227242,-0.25818846,-0.66343963,0
-4.2746649,0.2138567,2.8592262,-0.60264134,0.28051746,-0.74708331,0
-3.1769676,1.6341755,3.5375907,-0.70227242,0.25818846,0.66343963,0
0.62132263,-0.17535716,0.10223043,0.60264134,-0.28051746,0.74708331,0
-1.8072126,-0.91180295,0.67287731,-0.3789947,-0.92447221,-0.041404575,0
2.2403164,0.77512288,-1.5855054,0.3789947,0.92447221,0.041404575,0
-0.97103035,0.62506312,0.34872156,-0.60264134,0.28051746,-0.74708331,0
2.7406533,0.59148335,-2.0650525,0.3789947,0.92447221,0.041404575,0
-2.9301553,-0.056786418,3.0115829,0.60264134,-0.28051746,0.74708331,0
2.1399736,-2.3728518,-2.8355126,-0.3789947,-0.92447221,-0.041404575,0
1.7861078,-2.2291083,-2.8058884,-0.3789947,-0.92447221,-0.041404575,0
3.2708797,-1.4612291,-2.5178819,0.60264134,-0.28051746,0.74708331,0
-0.060659409,-1.5643275,-0.74468505,-0.3789947,-0.92447221,-0.041404575,0
-3.3415248,-0.36290538,2.4614625,-0.3789947,-0.92447221,-0.041404575,0
3.5479853,0.30351138,-3.0251522,0.3789947,0.92447221,0.041404575,0
0.32380158,0.035564303,0.42142594,0.60264134,-0.28051746,0.74708331,0
-3.0645959,0.15278697,3.1987214,0.60264134,-0.28051746,0.74708331,0
1.4029905,0.069620609,-0.43632364,0.60264134,-0.28051746,0.74708331,0
2.3126574,-0.74505162,-1.4760102,0.60264134,-0.28051746,0.74708331,0
3.1206198,-2.3444211,-3.3208332,0.70227242,-0.25818846,-0.66343963,0
-3.3990488,1.2799547,3.4403615,-0.70227242,0.25818846,0.66343963,0
1.0335526,-1.9500866,-2.1473508,-0.3789947,-0.92447221,-0.041404575,0
3.4016185,-1.6996017,-3.2743289,0.70227242,-0.25818846,-0.66343963,0
2.6085684,-2.4698997,-3.7009006,-0.60264134,0.28051746,-0.74708331,0
2.1412029,0.79171908,-1.0488334,0.3789947,0.92447221,0.041404575,0
3.9592094,-0.62355518,-3.1028621,0.70227242,-0.25818846,-0.66343963,0
-0.57388568,-1.4108074,0.52533937,-0.3789947,-0.92447221,-0.041404575,0
-2.0079494,2.3482313,2.1767554,0.3789947,0.92447221,0.041404575,0
3.0995131,-1.9522045,-3.4958129,0.70227242,-0.25818846,-0.66343963,0
-3.3225553,2.3153226,3.118402,-0.70227242,0.25818846,0.66343963,0
-1.6545147,0.099979401,0.70289993,-0.60264134,0.28051746,-0.74708331,0
-3.1500139,1.7679083,3.5140777,-0.70227242,0.25818846,0.66343963,0
3.9944789,0.11463428,-3.352807,0.70227242,-0.25818846,-0.66343963,0
1.7635834,0.52705932,-0.55543864,0.60264134,-0.28051746,0.74708331,0
-3.3058581,2.4265666,3.0927844,-0.70227242,0.25818846,0.66343963,0
0.14050269,-1.6290846,-1.1401298,-0.3789947,-0.92447221,-0.041404575,0
-3.9171333,0.62533092,3.1467099,-0.70227242,0.25818846,0.66343963,0
-0.53454667,0.99530721,0.1356487,-0.60264134,0.28051746,-0.74708331,0
1.3057189,0.71913201,-1.4525168,-0.60264134,0.28051746,-0.74708331,0
-0.68807149,-1.3267356,-0.30660006,-0.3789947,-0.92447221,-0.041404575,0
1.6378195,-1.7878001,-2.6617203,-0.60264134,0.28051746,-0.74708331,0
3.8372464,-0.4380517,-3.3041556,0.70227242,-0.25818846,-0.66343963,0
-0.23236585,-1.5247587,-0.056464493,-0.3789947,-0.92447221,-0.041404575,0
0.12313509,1.5282913,0.9774223,0.3789947,0.92447221,0.041404575,0
4.1988897,-0.0039656162,-3.090277,0.70227242,-0.25818846,-0.66343963,0
-3.4961336,-0.30751669,2.6399577,-0.3789947,-0.92447221,-0.041404575,0
-1.6562026,0.21513188,0.74749923,-0.60264134,0.28051746,-0.74708331,0
-2.553412,1.3804848,3.2473507,0.60264134,-0.28051746,0.74708331,0
2.7731271,-2.3282809,-3.6949465,0.70227242,-0.25818846,-0.66343963,0
0.82975554,-1.1940256,-1.7869358,-0.60264134,0.28051746,-0.74708331,0
1.9293337,-2.3247979,-1.9803691,-0.3789947,-0.92447221,-0.041404575,0
1.1669029,-0.61264628,-0.50206143,0.60264134,-0.28051746,0.74708331,0
2.4493186,-2.5011585,-2.2456384,0.60264134,-0.28051746,0.74708331,0
-2.6888607,2.5661891,3.5429316,0.3789947,0.92447221,0.041404575,0
2.6735282,-2.4656181,-3.7469282,0.70227242,-0.25818846,-0.66343963,0
-3.286603,1.9176543,3.3112178,-0.70227242,0.25818846,0.66343963,0
2.6009769,-2.5788274,-2.4563079,-0.3789947,-0.92447221,-0.041404575,0
0.2124542,-1.5368356,-0.079164788,0.60264134,-0.28051746,0.74708331,0
0.43401849,-1.7559931,-0.99322551,-0.3789947,-0.92447221,-0.041404575,0
-3.6188083,1.6484072,3.0643492,-0.70227242,0.25818846,0.66343963,0
-3.5571289,0.33657444,3.6401606,-0.70227242,0.25818846,0.66343963,0
0.26707196,1.5065944,0.14434971,0.3789947,0.92447221,0.041404575,0
-3.3432169,1.6625186,3.3505802,-0.70227242,0.25818846,0.66343963,0
3.0048776,-2.226397,-3.4892809,0.70227242,-0.25818846,-0.66343963,0
2.2221336,0.75274432,-0.91940582,0.3789947,0.92447221,0.041404575,0
-0.5519017,-0.62587273,0.87946093,0.60264134,-0.28051746,0.74708331,0
-0.52809447,0.31134868,-0.12637116,-0.60264134,0.28051746,-0.74708331,0
0.89735985,1.2442203,0.23327237,0.3789947,0.92447221,0.041404575,0
-4.243547,-0.017305136,3.0015931,-0.3789947,-0.92447221,-0.041404575,0
-3.6578765,1.1022844,3.2355275,-0.70227242,0.25818846,0.66343963,0
2.6901636,-0.24597967,-1.5931358,0.60264134,-0.28051746,0.74708331,0
0.016788602,1.6124635,0.071483091,0.3789947,0.92447221,0.041404575,0
-3.0754492,1.638309,3.6434429,-0.70227242,0.25818846,0.66343963,0
-3.5457842,0.74551094,3.4930248,-0.70227242,0.25818846,0.66343963,0
-3.9527848,-0.14420176,3.4084482,-0.70227242,0.25818846,0.66343963,0
-0.35799229,-1.4539024,-0.48860925,-0.3789947,-0.92447221,-0.041404575,0
-2.6686196,2.5996656,2.6102002,0.3789947,0.92447221,0.041404575,0
-2.3385196,-0.76460785,2.2496264,-0.3789947,-0.92447221,-0.041404575,0
-2.8673267,1.6652231,3.6074872,0.60264134,-0.28051746,0.74708331,0
0.42068624,1.4132781,0.82179195,0.3789947,0.92447221,0.041404575,0
-2.6375098,-0.64306813,2.2727075,-0.3789947,-0.92447221,-0.041404575,0
3.6707625,-1.6558965,-3.0064402,0.70227242,-0.25818846,-0.66343963,0
1.4847066,-1.9060634,-1.2440774,0.60264134,-0.28051746,0.74708331,0
-2.3177857,2.4320426,3.1415086,0.3789947,0.92447221,0.041404575,0
-2.1867759,2.3732886,3.2541623,0.3789947,0.92447221,0.041404575,0
-3.5771782,1.5543534,3.1450195,-0.70227242,0.25818846,0.66343963,0
0.33725214,-1.7192571,-0.92771399,-0.3789947,-0.92447221,-0.041404575,0
1.7747152,0.61980164,-0.52959478,0.60264134,-0.28051746,0.74708331,0
-0.42293441,1.1588905,1.4455774,0.60264134,-0.28051746,0.74708331,0
-0.91410273,1.1400757,0.49617898,-0.60264134,0.28051746,-0.74708331,0
-3.8373682,0.64387059,3.2239287,-0.70227242,0.25818846,0.66343963,0
2.8740263,-2.6479461,-3.412385,-0.3789947,-0.92447221,-0.041404575,0
-2.8262744,0.51729757,3.1433449,0.60264134,-0.28051746,0.74708331,0
-3.7299078,0.42818308,3.4216175,-0.70227242,0.25818846,0.66343963,0
-3.6494088,0.71637452,3.3946741,-0.70227242,0.25818846,0.66343963,0
2.3629065,-2.4526107,-3.0952759,-0.3789947,-0.92447221,-0.041404575,0
-3.3183255,1.6605834,3.3776817,-0.70227242,0.25818846,0.66343963,0
3.7723966,-0.91667664,-3.1865366,0.70227242,-0.25818846,-0.66343963,0
-1.572479,1.7210448,2.5839474,0.60264134,-0.28051746,0.74708331,0
2.1691549,-2.0416515,-3.1856437,-0.60264134,0.28051746,-0.74708331,0
-1.8817662,2.3036346,2.017493,0.3789947,0.92447221,0.041404575,0
2.1932867,-0.43470347,-1.2631884,0.60264134,-0.28051746,0.74708331,0
3.8098731,-1.2721026,-3.0085464,0.70227242,-0.25818846,-0.66343963,0
-1.7763513,-0.95998299,1.4661434,-0.3789947,-0.92447221,-0.041404575,0
1.0772221,1.2250271,-0.98454189,0.3789947,0.92447221,0.041404575,0
-0.90195894,1.9404852,1.1571966,0.3789947,0.92447221,0.041404575,0
3.8663561,0.16004539,-2.7360671,0.3789947,0.92447221,0.041404575,0
3.3654175,-1.4735937,-3.4006033,0.70227242,-0.25818846,-0.66343963,0
0.49329638,1.3986166,0.4845199,0.3789947,0.92447221,0.041404575,0
0.04228723,-0.34828463,-0.83415598,-0.60264134,0.28051746,-0.74708331,0
-1.9390879,-0.85844076,0.6885283,-0.3789947,-0.92447221,-0.041404575,0
2.4310544,-2.3805876,-3.5241718,-0.60264134,0.28051746,-0.74708331,0
-3.9369559,0.27691483,3.2613189,-0.70227242,0.25818846,0.66343963,0
1.6400318,-1.2046483,-1.1060016,0.60264134,-0.28051746,0.74708331,0
1.1135883,0.64163697,-1.3266312,-0.60264134,0.28051746,-0.74708331,0
-3.2260613,1.7646003,3.4348667,-0.70227242,0.25818846,0.66343963,0
3.4111118,-1.3044682,-3.4180524,0.70227242,-0.25818846,-0.66343963,0
-2.6827867,2.5951259,2.8412364,0.3789947,0.92447221,0.041404575,0
-1.9951169,0.16451776,1.0018827,-0.60264134,0.28051746,-0.74708331,0
0.45095873,-1.4876726,-1.5916357,-0.60264134,0.28051746,-0.74708331,0
1.0389831,1.2288886,-0.72074723,0.3789947,0.92447221,0.041404575,0
0.16413414,-1.6494498,-0.90173036,-0.3789947,-0.92447221,-0.041404575,0
1.1099656,-1.2845883,-2.0469744,-0.60264134,0.28051746,-0.74708331,0
-2.2633181,2.1270039,3.2936497,0.60264134,-0.28051746,0.74708331,0
1.9032891,-2.270889,-2.9456379,-0.3789947,-0.92447221,-0.041404575,0
0.83373624,-0.24796814,-0.096379042,0.60264134,-0.28051746,0.74708331,0
-2.538672,2.5260026,3.065464,0.3789947,0.92447221,0.041404575,0
-3.8841426,0.86340427,3.0889816,-0.70227242,0.25818846,0.66343963,0
-2.2681959,1.7194028,3.1445367,0.60264134,-0.28051746,0.74708331,0
-1.9229522,2.3157566,2.1238296,0.3789947,0.92447221,0.041404575,0
3.6934762,0.22155428,-2.5269716,0.3789947,0.92447221,0.041404575,0
0.043166518,-1.4276863,0.098376356,0.60264134,-0.28051746,0.74708331,0
2.4803634,0.25715816,-1.2349787,0.60264134,-0.28051746,0.74708331,0
1.9054652,0.87736923,-0.80340123,0.3789947,0.92447221,0.041404575,0
0.57522917,-1.0703118,-0.19662853,0.60264134,-0.28051746,0.74708331,0
-1.9558878,2.0679796,3.0234957,0.60264134,-0.28051746,0.74708331,0
0.66370678,1.3706475,-0.68999881,-0.60264134,0.28051746,-0.74708331,0
3.5053327,-0.6491909,-3.5733285,0.70227242,-0.25818846,-0.66343963,0
0.59948468,-1.8192765,-1.0948372,-0.3789947,-0.92447221,-0.041404575,0
-1.1327814,0.40876746,0.39798403,-0.60264134,0.28051746,-0.74708331,0
0.36469746,-1.747123,-0.55674696,-0.3789947,-0.92447221,-0.041404575,0
0.93882853,-0.27478138,-1.5297594,-0.60264134,0.28051746,-0.74708331,0
3.4055941,-1.4612995,-3.3628597,0.70227242,-0.25818846,-0.66343963,0
-4.1143751,0.25429535,3.0823183,-0.70227242,0.25818846,0.66343963,0
3.7943418,0.22056556,-3.4281623,0.3789947,0.92447221,0.041404575,0
3.2119427,-1.2858933,-3.6361082,0.70227242,-0.25818846,-0.66343963,0
3.4348564,-0.74792457,-3.6095064,0.70227242,-0.25818846,-0.66343963,0
-0.035767913,-1.5589168,-1.0933366,-0.3789947,-0.92447221,-0.041404575,0
4.2603316,-0.24019074,-2.9333072,0.70227242,-0.25818846,-0.66343963,0
0.027952909,-1.6334608,-0.012205169,-0.3789947,-0.92447221,-0.041404575,0
1.8465031,-1.3189676,-1.3154789,0.60264134,-0.28051746,0.74708331,0
-1.0929137,1.9977899,1.6256069,0.3789947,0.92447221,0.041404575,0
2.1146591,0.80257404,-1.0482317,0.3789947,0.92447221,0.041404575,0
1.3993459,-2.0976415,-2.2010512,-0.3789947,-0.92447221,-0.041404575,0
1.0501451,0.77913594,-1.2238255,-0.60264134,0.28051746,-0.74708331,0
-3.4669559,-0.31636894,2.570534,-0.3789947,-0.92447221,-0.041404575,0
3.2632852,-1.4623079,-3.5131061,0.70227242,-0.25818846,-0.66343963,0
-3.2564304,2.1733654,3.2436423,-0.70227242,0.25818846,0.66343963,0
1.3384089,1.078186,-0.096669078,0.3789947,0.92447221,0.041404575,0
1.0191357,1.2502011,-1.0149345,0.3789947,0.92447221,0.041404575,0
3.0393107,-1.7154235,-3.6516862,0.70227242,-0.25818846,-0.66343963,0
-1.1791915,-0.42175376,0.12357414,-0.60264134,0.28051746,-0.74708331,0
1.1367103,0.61723518,-1.3544452,-0.60264134,0.28051746,-0.74708331,0
4.1120777,-0.059517622,-3.1605508,0.70227242,-0.25818846,-0.66343963,0
-2.728687,-0.57200062,1.5205156,-0.3789947,-0.92447221,-0.041404575,0
-3.4358637,2.004539,3.1194077,-0.70227242,0.25818846,0.66343963,0
3.7117686,-1.299958,-3.1015527,0.70227242,-0.25818846,-0.66343963,0
-3.5156429,0.43798685,3.6446085,-0.70227242,0.25818846,0.66343963,0
-2.5242791,1.1124705,3.1232157,0.60264134,-0.28051746,0.74708331,0
-3.7779198,-0.180269,2.3781145,-0.3789947,-0.92447221,-0.041404575,0
-3.0143864,2.3045344,3.448807,-0.70227242,0.25818846,0.66343963,0
1.1317294,-0.26880544,-0.34458178,0.60264134,-0.28051746,0.74708331,0
-1.0980293,-1.1921647,0.44125879,-0.3789947,-0.92447221,-0.041404575,0
-3.8526738,0.25168312,3.3603537,-0.70227242,0.25818846,0.66343963,0
-3.2630334,1.4239185,3.5283124,-0.70227242,0.25818846,0.66343963,0
3.67658,-0.90841711,-2.6375713,0.60264134,-0.28051746,0.74708331,0
3.8804395,-0.42190278,-3.264719,0.70227242,-0.25818846,-0.66343963,0
1.9979868,0.8747167,-1.5910653,0.3789947,0.92447221,0.041404575,0
-1.405905,-0.17122191,1.739064,0.60264134,-0.28051746,0.74708331,0
3.5884106,-1.5584453,-3.131537,0.70227242,-0.25818846,-0.66343963,0
-3.3647494,0.22204542,2.1283092,-0.60264134,0.28051746,-0.74708331,0
-3.2389028,2.2569032,3.2296863,-0.70227242,0.25818846,0.66343963,0
4.1752901,-0.24948001,-3.0197113,0.70227242,-0.25818846,-0.66343963,0
-1.4966459,1.0287535,0.92429292,-0.60264134,0.28051746,-0.74708331,0
1.9721637,-2.3066895,-2.7767339,-0.3789947,-0.92447221,-0.041404575,0
1.0475934,1.1845863,0.18961239,0.3789947,0.92447221,0.041404575,0
-1.7472658,-0.34237361,0.6116221,-0.60264134,0.28051746,-0.74708331,0
-3.2588243,1.2935686,2.4452033,-0.60264134,0.28051746,-0.74708331,0
4.0198431,-0.27967906,-3.1725044,0.70227242,-0.25818846,-0.66343963,0
1.6387382,-2.2086937,-1.9127624,-0.3789947,-0.92447221,-0.041404575,0
3.6720033,0.26619279,-3.3271041,0.3789947,0.92447221,0.041404575,0
2.7215011,-0.20200193,-1.6019015,0.60264134,-0.28051746,0.74708331,0
2.1861167,0.77906919,-1.1775057,0.3789947,0.92447221,0.041404575,0
-0.30443788,1.691515,1.2467686,0.3789947,0.92447221,0.041404575,0
-3.4726665,-0.31580245,2.6101606,-0.3789947,-0.92447221,-0.041404575,0
-1.6524894,2.1803555,2.671361,0.3789947,0.92447221,0.041404575,0
-3.2672668,1.5933708,3.4578862,-0.70227242,0.25818846,0.66343963,0
2.9216008,-0.71314406,-1.9552392,0.60264134,-0.28051746,0.74708331,0
1.1501623,-2.0278821,-1.4777372,-0.3789947,-0.92447221,-0.041404575,0
-3.0060482,0.60325736,3.3206377,0.60264134,-0.28051746,0.74708331,0
-3.6369641,1.6854903,3.0307,-0.70227242,0.25818846,0.66343963,0
0.27195024,-1.6680832,-1.4725766,-0.3789947,-0.92447221,-0.041404575,0
2.2327943,-2.3646584,-3.3582623,-0.60264134,0.28051746,-0.74708331,0
-1.597367,2.166209,2.4826658,0.3789947,0.92447221,0.041404575,0
3.6406698,-0.5880301,-3.4538717,0.70227242,-0.25818846,-0.66343963,0
2.2187111,-2.0296841,-1.8825859,0.60264134,-0.28051746,0.74708331,0
0.54813838,1.3680755,0.66444087,0.3789947,0.92447221,0.041404575,0
3.571228,-1.8776219,-3.0255127,0.70227242,-0.25818846,-0.66343963,0
-0.63426989,0.8373512,0.15678132,-0.60264134,0.28051746,-0.74708331,0
3.2299771,-1.495213,-3.5355582,0.70227242,-0.25818846,-0.66343963,0
-2.9644423,2.410007,3.4606285,-0.70227242,0.25818846,0.66343963,0
3.4965611,-1.5975224,-3.2135558,0.70227242,-0.25818846,-0.66343963,0
-0.58582187,1.8226953,0.89343715,0.3789947,0.92447221,0.041404575,0
-0.21111977,-1.5062932,-0.66323137,-0.3789947,-0.92447221,-0.041404575,0
-3.8954446,0.0024187565,3.4120846,-0.70227242,0.25818846,0.66343963,0
-0.20182028,0.052289069,0.85170323,0.60264134,-0.28051746,0.74708331,0
0.70465672,1.3130322,0.46075457,0.3789947,0.92447221,0.041404575,0
-4.2370243,0.07369709,3.022773,-0.70227242,0.25818846,0.66343963,0
3.868778,-0.42630589,-3.2753496,0.70227242,-0.25818846,-0.66343963,0
3.0762663,-1.6618913,-3.6334004,0.70227242,-0.25818846,-0.66343963,0
-3.2508926,2.4694848,3.1342645,-0.70227242,0.25818846,0.66343963,0
-1.3466141,2.0826063,2.0540795,0.3789947,0.92447221,0.041404575,0
2.5808802,-0.9556489,-3.1099892,-0.60264134,0.28051746,-0.74708331,0
1.1554059,-0.27311677,-0.36529964,0.60264134,-0.28051746,0.74708331,0
1.5733352,1.0345004,-1.2716508,0.3789947,0.92447221,0.041404575,0
3.9927292,-0.69352031,-3.0401528,0.70227242,-0.25818846,-0.66343963,0
-1.0701535,1.9914229,1.5594354,0.3789947,0.92447221,0.041404575,0
-2.1523409,-0.78746665,1.0558358,-0.3789947,-0.92447221,-0.041404575,0
-3.0678034,-0.49038315,2.8022592,-0.3789947,-0.92447221,-0.041404575,0
-1.230113,-1.1215653,0.073954284,-0.3789947,-0.92447221,-0.041404575,0
-3.5226665,0.96791577,3.4309435,-0.70227242,0.25818846,0.66343963,0
1.4328531,-1.1724766,-0.9267996,0.60264134,-0.28051746,0.74708331,0
-1.8720316,0.84617555,2.4970851,0.60264134,-0.28051746,0.74708331,0
1.5880682,-1.6886672,-1.2458262,0.60264134,-0.28051746,0.74708331,0
0.32383084,-0.67368078,0.15509252,0.60264134,-0.28051746,0.74708331,0
-3.0289049,2.0801888,3.5207467,-0.70227242,0.25818846,0.66343963,0
2.7629757,-0.38637078,-1.7045847,0.60264134,-0.28051746,0.74708331,0
-0.032545686,-1.2639438,-1.117606,-0.60264134,0.28051746,-0.74708331,0
1.6244555,-1.2927748,-1.1265273,0.60264134,-0.28051746,0.74708331,0
-3.0135109,2.6692669,3.3077922,-0.70227242,0.25818846,0.66343963,0
2.8553855,-2.6408827,-3.3994622,-0.3789947,-0.92447221,-0.041404575,0
-1.11656,2.0344529,1.0234485,0.3789947,0.92447221,0.041404575,0
2.9369802,-0.80524778,-2.0022287,0.60264134,-0.28051746,0.74708331,0
-3.4767237,0.048051596,3.4918418,0.60264134,-0.28051746,0.74708331,0
-0.96068436,-0.42712513,1.2838354,0.60264134,-0.28051746,0.74708331,0
-3.7942388,0.015128374,3.5142682,-0.70227242,0.25818846,0.66343963,0
2.7795691,-2.4251056,-3.6504467,0.70227242,-0.25818846,-0.66343963,0
2.8002512,-2.6368296,-2.9852962,-0.3789947,-0.92447221,-0.041404575,0
-2.9632158,2.1975403,3.5446115,-0.70227242,0.25818846,0.66343963,0
-1.5000231,0.55961627,2.0894029,0.60264134,-0.28051746,0.74708331,0
1.610589,-2.1813867,-2.264807,-0.3789947,-0.92447221,-0.041404575,0
1.8739318,-2.1916354,-1.6652765,0.60264134,-0.28051746,0.74708331,0
-1.4332025,-0.52971661,0.28793609,-0.60264134,0.28051746,-0.74708331,0
-0.22020143,-0.010863543,-0.49572113,-0.60264134,0.28051746,-0.74708331,0
1.6845243,-0.58318281,-2.247081,-0.60264134,0.28051746,-0.74708331,0
2.8100536,-2.3779685,-3.6365223,0.70227242,-0.25818846,-0.66343963,0
3.1924119,0.44682598,-2.9703188,0.3789947,0.92447221,0.041404575,0
-3.2403002,1.4493191,3.5424912,-0.70227242,0.25818846,0.66343963,0
-2.9544768,2.2526984,2.5598359,-0.60264134,0.28051746,-0.74708331,0
-3.1610169,2.2791128,3.3034873,-0.70227242,0.25818846,0.66343963,0
-2.7356849,-0.59380555,2.0714223,-0.3789947,-0.92447221,-0.041404575,0
-2.18749,-0.77392858,2.1432297,0.60264134,-0.28051746,0.74708331,0
-2.9910059,2.3569095,3.4531736,-0.70227242,0.25818846,0.66343963,0
3.4591002,-0.81301928,-3.5585113,0.70227242,-0.25818846,-0.66343963,0
-3.5316837,0.97516143,3.4185791,-0.70227242,0.25818846,0.66343963,0
-3.4357302,1.335291,3.379998,-0.70227242,0.25818846,0.66343963,0
-0.46416378,1.1369313,1.4705901,0.60264134,-0.28051746,0.74708331,0
3.7906284,0.13711226,-3.5773368,0.70227242,-0.25818846,-0.66343963,0
1.6628301,-2.2309673,-1.6359684,-0.3789947,-0.92447221,-0.041404575,0
-3.6236844,1.2471442,3.2153463,-0.70227242,0.25818846,0.66343963,0
-3.8161082,0.12115383,2.4545188,-0.60264134,0.28051746,-0.74708331,0
-2.6120818,1.0170395,3.1582093,0.60264134,-0.28051746,0.74708331,0
3.5236511,-0.42618704,-3.6407237,0.70227242,-0.25818846,-0.66343963,0
1.4344498,1.0620949,-0.6164968,0.3789947,0.92447221,0.041404575,0
3.8512249,-1.3096364,-2.9501677,0.70227242,-0.25818846,-0.66343963,0
0.86452973,1.2762712,-0.18184108,0.3789947,0.92447221,0.041404575,0
-1.464219,-1.071561,1.1003424,-0.3789947,-0.92447221,-0.041404575,0
-0.41864836,1.5809212,1.6005856,0.60264134,-0.28051746,0.74708331,0
-0.46215844,1.366658,0.21669209,-0.60264134,0.28051746,-0.74708331,0
-3.3594847,2.3419995,3.0689297,-0.70227242,0.25818846,0.66343963,0
2.9296527,-1.3990977,-3.5578375,-0.60264134,0.28051746,-0.74708331,0
0.82847226,1.2690685,0.30902413,0.3789947,0.92447221,0.041404575,0
-3.8425238,0.077867985,3.4387407,-0.70227242,0.25818846,0.66343963,0
1.3632032,-0.75393277,-0.71345955,0.60264134,-0.28051746,0.74708331,0
-1.6356529,0.95450246,2.3470829,0.60264134,-0.28051746,0.74708331,0
1.1596169,-1.5483055,-0.84750867,0.60264134,-0.28051746,0.74708331,0
-4.2122355,0.3469975,2.9426525,-0.70227242,0.25818846,0.66343963,0
2.9684668,-1.3965164,-2.2496388,0.60264134,-0.28051746,0.74708331,0
2.3076162,0.75548804,-1.7631317,0.3789947,0.92447221,0.041404575,0
1.1640756,0.0092520714,-0.26626825,0.60264134,-0.28051746,0.74708331,0
2.9727626,-1.7486608,-3.7091947,0.70227242,-0.25818846,-0.66343963,0
-2.4317648,2.5186808,2.2503777,0.3789947,0.92447221,0.041404575,0
-2.8357079,-0.53684938,1.7152733,-0.3789947,-0.92447221,-0.041404575,0
0.66362441,-0.087444581,-1.2374218,-0.60264134,0.28051746,-0.74708331,0
-2.887125,2.3774912,3.5551255,-0.70227242,0.25818846,0.66343963,0
3.3503118,-1.8439069,-3.27248,0.70227242,-0.25818846,-0.66343963,0
0.89170837,1.2527027,0.095610201,0.3789947,0.92447221,0.041404575,0
3.2785535,-1.0928814,-3.6407125,0.70227242,-0.25818846,-0.66343963,0
0.18515372,-1.6852853,-0.2940042,-0.3789947,-0.92447221,-0.041404575,0
-2.3149266,-0.76460278,2.0335574,-0.3789947,-0.92447221,-0.041404575,0
-0.12610352,-1.3357203,0.26945108,0.60264134,-0.28051746,0.74708331,0
0.27572727,1.5219883,-0.27858829,0.3789947,0.92447221,0.041404575,0
-2.0652544,-0.8442955,1.5275593,-0.3789947,-0.92447221,-0.041404575,0
1.3811114,-1.969696,-2.522943,-0.60264134,0.28051746,-0.74708331,0
1.7743558,-1.1243331,-1.1841987,0.60264134,-0.28051746,0.74708331,0
4.2361817,-0.32451987,-2.9260521,0.70227242,-0.25818846,-0.66343963,0
3.192987,-2.4444895,-3.205287,0.70227242,-0.25818846,-0.66343963,0
2.9064207,0.5126909,-1.8231335,0.3789947,0.92447221,0.041404575,0
2.6942399,-2.5982363,-2.876626,-0.3789947,-0.92447221,-0.041404575,0
3.2906218,-2.5147393,-3.0745988,0.70227242,-0.25818846,-0.66343963,0
-3.3221383,1.2005082,3.5526919,-0.70227242,0.25818846,0.66343963,0
-2.0989623,2.390341,2.0696235,0.3789947,0.92447221,0.041404575,0
0.32231882,-0.48578089,0.22686553,0.60264134,-0.28051746,0.74708331,0
3.0246904,-2.3856263,-3.4063416,0.70227242,-0.25818846,-0.66343963,0
2.3781085,-2.4737492,-2.7624578,-0.3789947,-0.92447221,-0.041404575,0
2.7843511,-2.5235395,-3.6070778,0.70227242,-0.25818846,-0.66343963,0
2.7161746,-2.5045474,-3.6866355,0.70227242,-0.25818846,-0.66343963,0
-1.9764183,0.82652664,2.5739114,0.60264134,-0.28051746,0.74708331,0
-1.1098222,-1.1583185,-0.20650059,-0.3789947,-0.92447221,-0.041404575,0
-4.0822501,0.010435343,3.2112257,-0.70227242,0.25818846,0.66343963,0
-3.5074337,-0.31873024,2.9937639,-0.3789947,-0.92447221,-0.041404575,0
2.9694982,-2.5529323,-2.6846859,0.60264134,-0.28051746,0.74708331,0
-0.39561975,1.7301712,1.2182927,0.3789947,0.92447221,0.041404575,0
3.9428325,-0.33181953,-3.2337315,0.70227242,-0.25818846,-0.66343963,0
-4.0788631,0.57777119,2.9940221,-0.70227242,0.25818846,0.66343963,0
2.4217703,-2.4985018,-2.6094375,-0.3789947,-0.92447221,-0.041404575,0
-3.8645968,1.1788207,2.9869218,-0.70227242,0.25818846,0.66343963,0
0.45455724,0.85040069,0.62190825,0.60264134,-0.28051746,0.74708331,0
-4.0011191,0.038304567,3.2862592,-0.70227242,0.25818846,0.66343963,0
0.72657835,1.3122249,0.27811974,0.3789947,0.92447221,0.041404575,0
1.4419101,-2.125726,-1.9635949,-0.3789947,-0.92447221,-0.041404575,0
2.6601717,0.64516091,-2.5268672,0.3789947,0.92447221,0.041404575,0
-1.9297545,2.3100822,2.3127897,0.3789947,0.92447221,0.041404575,0
4.0620832,-0.81826448,-2.9181924,0.70227242,-0.25818846,-0.66343963,0
-3.435607,0.96229005,3.5252881,-0.70227242,0.25818846,0.66343963,0
-0.88120639,-1.192023,-0.40602148,-0.60264134,0.28051746,-0.74708331,0
3.1825676,-1.3715806,-3.6338568,0.70227242,-0.25818846,-0.66343963,0
2.09988,0.83888084,-1.7236022,0.3789947,0.92447221,0.041404575,0
2.765799,0.56442392,-1.6910431,0.3789947,0.92447221,0.041404575,0
3.4833601,-2.2094607,-2.9893832,0.70227242,-0.25818846,-0.66343963,0
3.7802544,-0.60699582,-3.2987361,0.70227242,-0.25818846,-0.66343963,0
-0.61741042,-0.269063,-0.27225867,-0.60264134,0.28051746,-0.74708331,0
-2.8190238,2.2178681,3.6893325,-0.70227242,0.25818846,0.66343963,0
3.6438618,-0.46794403,-3.4972267,0.70227242,-0.25818846,-0.66343963,0
-2.4600992,-0.71460176,2.2459767,-0.3789947,-0.92447221,-0.041404575,0
3.4843907,-1.8601512,-3.1242313,0.70227242,-0.25818846,-0.66343963,0
1.2407281,-0.64125746,-0.57235628,0.60264134,-0.28051746,0.74708331,0
-3.4428887,1.2814841,3.3933604,-0.70227242,0.25818846,0.66343963,0
0.85017788,-1.8386821,-0.70692861,0.60264134,-0.28051746,0.74708331,0
2.743892,-2.5117874,-3.6544785,0.70227242,-0.25818846,-0.66343963,0
0.53402096,-0.12854385,-1.1483082,-0.60264134,0.28051746,-0.74708331,0
3.5664997,-0.36462259,-3.6193259,0.70227242,-0.25818846,-0.66343963,0
1.5106013,-2.1273625,-2.5558152,-0.3789947,-0.92447221,-0.041404575,0
1.4600565,1.0393375,-0.34276414,0.3789947,0.92447221,0.041404575,0
0.89306927,-1.9278326,-1.3583277,-0.3789947,-0.92447221,-0.041404575,0
-3.0044675,2.7245016,2.8970547,0.3789947,0.92447221,0.041404575,0
-0.95481944,-1.2222058,-0.19885594,-0.3789947,-0.92447221,-0.041404575,0
4.0036373,-0.65950322,-2.8079321,0.60264134,-0.28051746,0.74708331,0
-3.2299008,0.79619646,3.5736558,0.60264134,-0.28051746,0.74708331,0
-3.9966707,-0.10858274,2.7798424,-0.3789947,-0.92447221,-0.041404575,0
3.174789,-2.0249252,-3.3878303,0.70227242,-0.25818846,-0.66343963,0
-0.37385881,1.7140197,1.3797307,0.3789947,0.92447221,0.041404575,0
-1.4068614,0.81330758,2.1095099,0.60264134,-0.28051746,0.74708331,0
