1.3648744,1.0427613,0.57051051,0.64554584,0.051433325,-0.76198751,0
0.53536063,1.0001409,1.1772377,-0.64554584,-0.051433325,0.76198751,0
2.0467865,-0.064798832,1.4995986,0.46120477,-0.82151091,0.33527559,0
0.44303441,1.6548498,-0.16914481,0.64554584,0.051433325,-0.76198751,0
0.28235245,2.1202054,0.33271074,-0.46120477,0.82151091,-0.33527559,0
-1.1102451,-1.4259609,-1.6930149,0.64554584,0.051433325,-0.76198751,0
1.594133,2.2938874,1.3121089,0.60873675,0.56786817,0.55404449,0
-0.93929601,1.186316,-0.27505851,-0.46120477,0.82151091,-0.33527559,0
-1.7990572,-2.1331196,-1.2517347,-0.60873675,-0.56786817,-0.55404449,0
0.64157164,1.3859158,1.2932577,-0.64554584,-0.051433325,0.76198751,0
2.2916563,1.0815951,1.7882698,0.60873675,0.56786817,0.55404449,0
1.500818,1.8175249,1.9028838,0.60873675,0.56786817,0.55404449,0
-2.0613823,0.22679698,-1.0825843,-0.46120477,0.82151091,-0.33527559,0
1.4223613,2.8838761,0.89612806,0.60873675,0.56786817,0.55404449,0
-0.46556723,1.494951,-0.17048469,-0.46120477,0.82151091,-0.33527559,0
-2.2929223,-0.30406487,-2.0648253,-0.46120477,0.82151091,-0.33527559,0
1.0070993,1.6256499,0.30675244,0.64554584,0.051433325,-0.76198751,0
1.5931708,1.9744098,1.6406151,0.60873675,0.56786817,0.55404449,0
2.2509298,0.30189991,2.1172857,0.46120477,-0.82151091,0.33527559,0
1.141844,2.8159347,1.2739736,0.60873675,0.56786817,0.55404449,0
-1.3999413,-2.8627081,-0.94245744,-0.60873675,-0.56786817,-0.55404449,0
-1.3686492,0.82664013,-0.56573808,-0.46120477,0.82151091,-0.33527559,0
-1.1518415,0.82564175,-0.86642474,-0.46120477,0.82151091,-0.33527559,0
2.5970261,0.50819314,2.0404642,0.60873675,0.56786817,0.55404449,0
2.5342951,0.30410373,1.7328882,0.46120477,-0.82151091,0.33527559,0
0.41517103,-1.4436855,-0.40189838,0.64554584,0.051433325,-0.76198751,0
-1.8045499,-0.026751578,-2.0571413,-0.46120477,0.82151091,-0.33527559,0
0.59122831,0.69378865,1.2038897,-0.64554584,-0.051433325,0.76198751,0
-1.5033224,-2.1364529,-1.5732468,-0.60873675,-0.56786817,-0.55404449,0
-0.96782017,0.68636012,-1.4297749,0.64554584,0.051433325,-0.76198751,0
-1.1531057,0.79469007,-0.94052523,-0.46120477,0.82151091,-0.33527559,0
-0.20592493,-1.2005392,-0.9116708,0.64554584,0.051433325,-0.76198751,0
2.2956498,0.48037291,2.400105,0.60873675,0.56786817,0.55404449,0
0.95025027,2.219615,0.29868293,0.64554584,0.051433325,-0.76198751,0
-2.1453602,-0.53791034,-2.5062575,-0.60873675,-0.56786817,-0.55404449,0
1.9874665,1.9105688,1.2728306,0.60873675,0.56786817,0.55404449,0
-1.259264,-2.3379312,-1.634892,-0.60873675,-0.56786817,-0.55404449,0
1.4774736,2.1422577,1.5956974,0.60873675,0.56786817,0.55404449,0
2.2634423,0.36952817,2.2657795,0.46120477,-0.82151091,0.33527559,0
1.6755216,2.2789028,0.91712523,0.64554584,0.051433325,-0.76198751,0
-1.6192727,-2.0207996,-1.564389,-0.60873675,-0.56786817,-0.55404449,0
0.20570195,1.6301507,0.94048029,-0.64554584,-0.051433325,0.76198751,0
0.21523654,2.1533556,0.50626242,-0.46120477,0.82151091,-0.33527559,0
0.58033586,1.5568269,-0.059441328,0.64554584,0.051433325,-0.76198751,0
1.8541584,1.457593,1.883576,0.60873675,0.56786817,0.55404449,0
-2.2239404,-0.68130517,-2.2729478,-0.60873675,-0.56786817,-0.55404449,0
-2.2022035,-1.0036422,-1.9664506,-0.60873675,-0.56786817,-0.55404449,0
-1.3239455,-0.45126459,-1.8082683,0.64554584,0.051433325,-0.76198751,0
1.7681112,1.4394839,0.93890595,0.64554584,0.051433325,-0.76198751,0
0.098675728,0.87201744,0.79863572,-0.64554584,-0.051433325,0.76198751,0
-0.95436692,-2.6999865,-1.5987985,-0.60873675,-0.56786817,-0.55404449,0
0.37624395,2.1626217,1.1209025,-0.64554584,-0.051433325,0.76198751,0
2.5107632,0.50537324,2.1381326,0.60873675,0.56786817,0.55404449,0
-0.22713947,-1.8471847,0.26030859,0.46120477,-0.82151091,0.33527559,0
-2.2520757,-1.2210444,-1.6888287,-0.60873675,-0.56786817,-0.55404449,0
-1.8662881,-1.799325,-1.5199902,-0.60873675,-0.56786817,-0.55404449,0
0.52778053,-1.4865438,0.10550386,0.46120477,-0.82151091,0.33527559,0
2.2166431,1.3629595,1.5823032,0.60873675,0.56786817,0.55404449,0
1.7606411,-0.33396184,0.81287158,0.64554584,0.051433325,-0.76198751,0
-1.1408048,0.0083496571,-0.30973268,-0.64554584,-0.051433325,0.76198751,0
-1.578639,-2.0754988,-1.5529699,-0.60873675,-0.56786817,-0.55404449,0
-1.195621,0.72963035,-1.0414543,-0.46120477,0.82151091,-0.33527559,0
-1.4561989,-2.200536,-1.5593398,-0.60873675,-0.56786817,-0.55404449,0
-2.28528,-0.65166116,-2.2359364,-0.60873675,-0.56786817,-0.55404449,0
-2.3365951,-0.43939626,-2.3363466,-0.46120477,0.82151091,-0.33527559,0
0.74759424,-1.3223193,0.20552048,0.46120477,-0.82151091,0.33527559,0
1.7537861,-0.25698197,1.4317524,0.46120477,-0.82151091,0.33527559,0
-0.40925074,-2.4373488,-0.93523258,0.46120477,-0.82151091,0.33527559,0
-0.14765108,-2.2699463,-0.88490951,0.46120477,-0.82151091,0.33527559,0
1.9612354,0.11769843,2.0644479,0.46120477,-0.82151091,0.33527559,0
2.3614368,1.0521864,1.7417431,0.60873675,0.56786817,0.55404449,0
-2.2204885,-1.2288047,-1.71558,-0.60873675,-0.56786817,-0.55404449,0
-1.4600804,-2.9383087,-0.79889452,-0.60873675,-0.56786817,-0.55404449,0
1.3911058,2.1642261,0.66843116,0.64554584,0.051433325,-0.76198751,0
-1.5131859,-0.09025979,-1.9442227,0.64554584,0.051433325,-0.76198751,0
-1.233753,0.87875509,-0.62360615,-0.46120477,0.82151091,-0.33527559,0
2.0068555,0.71816921,1.0924789,0.64554584,0.051433325,-0.76198751,0
-1.5239743,-2.3531537,-0.79374814,-0.64554584,-0.051433325,0.76198751,0
-2.0679073,-0.16389453,-2.0309026,-0.46120477,0.82151091,-0.33527559,0
0.9612819,2.5734165,0.50925982,-0.46120477,0.82151091,-0.33527559,0
-0.59223509,-2.5232444,-0.89398575,0.46120477,-0.82151091,0.33527559,0
0.17921877,2.204268,0.95679623,-0.64554584,-0.051433325,0.76198751,0
0.19635224,2.3135757,0.92481971,-0.46120477,0.82151091,-0.33527559,0
2.000968,1.2381124,1.9472306,0.60873675,0.56786817,0.55404449,0
-0.13696039,1.3755946,-0.67935848,0.64554584,0.051433325,-0.76198751,0
1.7436664,2.0552969,1.3923579,0.60873675,0.56786817,0.55404449,0
0.86418092,-0.92038876,1.0299759,0.46120477,-0.82151091,0.33527559,0
1.0544188,1.4415357,0.33441347,0.64554584,0.051433325,-0.76198751,0
-1.6038332,-0.80388737,-2.0691872,0.64554584,0.051433325,-0.76198751,0
2.6964407,0.50758862,1.9318551,0.60873675,0.56786817,0.55404449,0
-1.3793789,-2.542944,-1.2927917,-0.60873675,-0.56786817,-0.55404449,0
-1.9132855,-1.5548483,-1.7189301,-0.60873675,-0.56786817,-0.55404449,0
-0.91935766,1.1026802,-0.5074144,-0.46120477,0.82151091,-0.33527559,0
1.027353,1.5268703,0.31724352,0.64554584,0.051433325,-0.76198751,0
1.4775094,-0.3853035,1.4973776,0.46120477,-0.82151091,0.33527559,0
-1.2024965,0.45927215,-0.33156049,-0.64554584,-0.051433325,0.76198751,0
-1.8430287,0.09708035,-1.7007903,-0.46120477,0.82151091,-0.33527559,0
1.175215,2.4302034,1.6326637,0.60873675,0.56786817,0.55404449,0
0.4333483,-0.20180434,1.0096842,-0.64554584,-0.051433325,0.76198751,0
-2.3443127,-0.93290091,-1.8828194,-0.60873675,-0.56786817,-0.55404449,0
1.8985786,-0.24224651,1.2686814,0.46120477,-0.82151091,0.33527559,0
1.4954286,2.4762218,1.2336732,0.60873675,0.56786817,0.55404449,0
1.3302158,2.9435091,0.90857625,-0.46120477,0.82151091,-0.33527559,0
-1.801388,-2.0147028,-1.3705453,-0.60873675,-0.56786817,-0.55404449,0
-0.75878203,1.0061904,-0.96472687,-0.46120477,0.82151091,-0.33527559,0
-1.7943578,-1.4922713,-1.9137361,-0.60873675,-0.56786817,-0.55404449,0
1.4330853,-0.65705097,0.89263707,0.46120477,-0.82151091,0.33527559,0
-1.9332232,-1.4745238,-1.7793529,-0.60873675,-0.56786817,-0.55404449,0
0.29395455,1.1880225,0.98540342,-0.64554584,-0.051433325,0.76198751,0
0.060552955,0.97473615,-0.53908533,0.64554584,0.051433325,-0.76198751,0
1.2361486,0.19296604,1.7164528,-0.64554584,-0.051433325,0.76198751,0
0.69652092,-0.72625107,1.1972409,-0.64554584,-0.051433325,0.76198751,0
1.7973499,-0.22584331,1.4481237,0.46120477,-0.82151091,0.33527559,0
-1.3572525,-2.1462264,-1.7237185,-0.60873675,-0.56786817,-0.55404449,0
1.2830288,2.8200097,1.1146746,0.60873675,0.56786817,0.55404449,0
-1.8984693,-2.1240852,-1.1517694,-0.60873675,-0.56786817,-0.55404449,0
-0.076769471,-1.7803676,-0.84138983,0.64554584,0.051433325,-0.76198751,0
1.5177054,0.049510956,1.9453008,-0.64554584,-0.051433325,0.76198751,0
0.4847182,-1.2228913,0.81075609,0.46120477,-0.82151091,0.33527559,0
2.2278523,1.1970214,1.7400657,0.60873675,0.56786817,0.55404449,0
-1.6037138,-2.0964785,-1.5039169,-0.60873675,-0.56786817,-0.55404449,0
2.235965,0.90480965,2.0306549,0.60873675,0.56786817,0.55404449,0
-2.3837888,-0.42270672,-2.2305324,-0.46120477,0.82151091,-0.33527559,0
-1.3555039,0.63640422,-1.0499474,-0.46120477,0.82151091,-0.33527559,0
-0.41971421,-0.87069541,-1.0705262,0.64554584,0.051433325,-0.76198751,0
0.35794842,1.1039042,-0.27841693,0.64554584,0.051433325,-0.76198751,0
0.68481451,0.49313226,1.2696306,-0.64554584,-0.051433325,0.76198751,0
0.28489149,2.2331636,0.6059953,-0.46120477,0.82151091,-0.33527559,0
1.051677,0.35305178,0.25861919,0.64554584,0.051433325,-0.76198751,0
0.80923772,2.4665208,1.508242,-0.64554584,-0.051433325,0.76198751,0
-0.98844314,0.33255965,-1.4711275,0.64554584,0.051433325,-0.76198751,0
-0.9439528,1.126256,-0.41581485,-0.46120477,0.82151091,-0.33527559,0
2.1197362,-0.079627991,1.3629144,0.46120477,-0.82151091,0.33527559,0
-0.0049489737,-0.62334412,-0.70244646,0.64554584,0.051433325,-0.76198751,0
1.059325,1.8995292,0.36948407,0.64554584,0.051433325,-0.76198751,0
-2.0283108,-1.4634466,-1.6862322,-0.60873675,-0.56786817,-0.55404449,0
-1.9198947,-2.1225028,-1.1298507,-0.60873675,-0.56786817,-0.55404449,0
-0.029981852,1.7543192,-0.13415676,-0.46120477,0.82151091,-0.33527559,0
-0.81468034,-2.3426213,-1.5044899,0.64554584,0.051433325,-0.76198751,0
-2.0892048,-1.7627139,-1.3125929,-0.60873675,-0.56786817,-0.55404449,0
0.80351734,2.4314737,0.37848467,-0.46120477,0.82151091,-0.33527559,0
-0.2669487,1.5191197,-0.38448453,-0.46120477,0.82151091,-0.33527559,0
0.55406904,2.1274772,-0.023244739,-0.46120477,0.82151091,-0.33527559,0
-2.0748365,0.075005531,-1.4360046,-0.46120477,0.82151091,-0.33527559,0
-2.5417817,-1.0056379,-1.5913057,-0.60873675,-0.56786817,-0.55404449,0
1.1372697,-0.63668156,0.26432621,0.64554584,0.051433325,-0.76198751,0
1.8129729,0.33089805,2.2144413,-0.64554584,-0.051433325,0.76198751,0
-0.38912082,-2.1079214,-0.15574199,0.46120477,-0.82151091,0.33527559,0
0.34828937,-1.0256624,-0.43034363,0.64554584,0.051433325,-0.76198751,0
1.2856313,0.91302031,1.8069769,-0.64554584,-0.051433325,0.76198751,0
-1.4414626,-1.8223233,-1.9631803,-0.60873675,-0.56786817,-0.55404449,0
-2.1712422,-0.88427603,-2.1228125,-0.60873675,-0.56786817,-0.55404449,0
-1.1502442,-0.090806723,-0.32442284,-0.64554584,-0.051433325,0.76198751,0
-1.6698548,-1.7294881,-0.87523949,-0.64554584,-0.051433325,0.76198751,0
-2.000886,-1.8481166,-1.3220968,-0.60873675,-0.56786817,-0.55404449,0
-2.4119959,-0.46110904,-2.2858264,-0.46120477,0.82151091,-0.33527559,0
-1.9998623,-0.87170666,-2.3239937,-0.60873675,-0.56786817,-0.55404449,0
1.7091696,0.58884585,0.83155429,0.64554584,0.051433325,-0.76198751,0
-1.3394581,-1.7755864,-1.9108006,0.64554584,0.051433325,-0.76198751,0
1.7473326,2.0002286,1.4447724,0.60873675,0.56786817,0.55404449,0
-2.3613656,-1.1252019,-1.6669838,-0.60873675,-0.56786817,-0.55404449,0
0.54501009,1.0267327,-0.12514973,0.64554584,0.051433325,-0.76198751,0
-1.3875797,-2.2796476,-1.5536474,-0.60873675,-0.56786817,-0.55404449,0
1.5944855,1.8640033,1.7523317,0.60873675,0.56786817,0.55404449,0
-0.93082547,-2.319519,-0.28896987,-0.64554584,-0.051433325,0.76198751,0
-0.31634033,-0.053556561,0.38456425,-0.64554584,-0.051433325,0.76198751,0
1.9085584,1.7649683,1.5087614,0.60873675,0.56786817,0.55404449,0
0.20039009,0.35461727,0.84988284,-0.64554584,-0.051433325,0.76198751,0
-1.7782309,-1.2672479,-2.1620932,-0.60873675,-0.56786817,-0.55404449,0
1.319798,0.066500664,0.4664259,0.64554584,0.051433325,-0.76198751,0
1.5400183,2.3041141,1.3610839,0.60873675,0.56786817,0.55404449,0
-0.66050971,-1.832903,-1.339473,0.64554584,0.051433325,-0.76198751,0
2.464359,0.68881631,2.0010972,0.60873675,0.56786817,0.55404449,0
1.7079805,0.99626088,2.1704044,-0.64554584,-0.051433325,0.76198751,0
2.0948348,1.8159,1.2518942,0.60873675,0.56786817,0.55404449,0
-0.81234145,1.220189,-0.36669937,-0.46120477,0.82151091,-0.33527559,0
-1.2724124,-2.8830137,-0.83986104,0.46120477,-0.82151091,0.33527559,0
0.28073072,-1.1818889,0.81423378,-0.64554584,-0.051433325,0.76198751,0
-0.31182802,-2.2163329,-1.0699556,0.64554584,0.051433325,-0.76198751,0
-1.2211273,-2.6888747,-1.3170938,-0.60873675,-0.56786817,-0.55404449,0
-0.53580856,-2.3737955,-0.60541749,0.46120477,-0.82151091,0.33527559,0
-1.1508514,0.9289183,-0.61473352,-0.46120477,0.82151091,-0.33527559,0
-1.947906,-1.4874576,-1.7499642,-0.60873675,-0.56786817,-0.55404449,0
0.2723645,1.5728002,0.99308467,-0.64554584,-0.051433325,0.76198751,0
1.7067503,2.1524527,1.3333387,0.60873675,0.56786817,0.55404449,0
1.1839665,2.2640939,1.7933018,0.60873675,0.56786817,0.55404449,0
1.112371,0.54491347,1.6353462,-0.64554584,-0.051433325,0.76198751,0
2.2045348,0.0027335882,1.448073,0.46120477,-0.82151091,0.33527559,0
-2.369077,-1.2390661,-1.5418066,-0.60873675,-0.56786817,-0.55404449,0
2.4426205,1.1860406,1.5153515,0.60873675,0.56786817,0.55404449,0
0.3451857,0.21888661,-0.34896713,0.64554584,0.051433325,-0.76198751,0
-1.4337885,0.39486045,-1.534103,-0.46120477,0.82151091,-0.33527559,0
-1.4391196,-2.7990899,-0.96461725,-0.60873675,-0.56786817,-0.55404449,0
2.0457132,1.1735194,1.9642731,0.60873675,0.56786817,0.55404449,0
1.9868439,1.6651704,1.5250359,0.60873675,0.56786817,0.55404449,0
-1.6394116,-1.1246905,-2.1209824,0.64554584,0.051433325,-0.76198751,0
-1.2477133,0.64829755,-1.1690828,-0.46120477,0.82151091,-0.33527559,0
0.2533673,-0.98295736,0.8044796,-0.64554584,-0.051433325,0.76198751,0
-1.6525019,0.23388219,-1.6276791,-0.46120477,0.82151091,-0.33527559,0
1.5780786,2.1646955,1.4621636,0.60873675,0.56786817,0.55404449,0
-1.4979223,-1.7237055,-2.0022256,-0.60873675,-0.56786817,-0.55404449,0
-1.5083163,0.43883795,-1.3238264,-0.46120477,0.82151091,-0.33527559,0
-0.13814139,-1.8318384,0.17548499,0.46120477,-0.82151091,0.33527559,0
-0.16471291,0.8441025,0.57361209,-0.64554584,-0.051433325,0.76198751,0
-0.92471588,-1.7546102,-1.5580205,0.64554584,0.051433325,-0.76198751,0
-1.7046459,-2.2533052,-1.2322816,-0.60873675,-0.56786817,-0.55404449,0
-1.2120596,-2.387454,-1.6359978,-0.60873675,-0.56786817,-0.55404449,0
-1.192929,0.35231474,-1.643032,0.64554584,0.051433325,-0.76198751,0
-1.9704511,-1.5368499,-1.6745691,-0.60873675,-0.56786817,-0.55404449,0
-1.2991331,0.441661,-1.6046617,-0.46120477,0.82151091,-0.33527559,0
1.4959457,-0.40829605,1.4156795,0.46120477,-0.82151091,0.33527559,0
1.7542956,2.2086301,1.223521,0.60873675,0.56786817,0.55404449,0
-0.80778003,-2.8994279,-1.5192273,0.46120477,-0.82151091,0.33527559,0
-1.4897256,-2.5380623,-1.1765562,-0.60873675,-0.56786817,-0.55404449,0
-2.6341443,-0.55275702,-1.6127448,-0.64554584,-0.051433325,0.76198751,0
-2.3925507,-0.47168851,-2.3025396,-0.60873675,-0.56786817,-0.55404449,0
-1.2773839,-2.7168136,-1.2266475,-0.60873675,-0.56786817,-0.55404449,0
1.817018,1.7282073,1.647016,0.60873675,0.56786817,0.55404449,0
-0.86599267,-2.7201037,-0.99976051,0.46120477,-0.82151091,0.33527559,0
-1.9940677,0.055225372,-1.5955765,-0.46120477,0.82151091,-0.33527559,0
2.0762303,0.91035599,2.2004733,0.60873675,0.56786817,0.55404449,0
-0.9485594,1.174345,-0.29164734,-0.46120477,0.82151091,-0.33527559,0
-2.1609511,-1.1084738,-1.9043282,-0.60873675,-0.56786817,-0.55404449,0
-0.38194883,1.7295032,0.4493362,-0.64554584,-0.051433325,0.76198751,0
-0.54435551,1.5564514,0.08858858,-0.46120477,0.82151091,-0.33527559,0
0.27047575,1.0729312,-0.35461324,0.64554584,0.051433325,-0.76198751,0
0.32493615,0.66186833,0.97613585,-0.64554584,-0.051433325,0.76198751,0
-1.7463076,0.19963336,-1.5825584,-0.46120477,0.82151091,-0.33527559,0
-1.9959104,-1.5607696,-1.6220797,-0.60873675,-0.56786817,-0.55404449,0
-1.1166269,-1.5723424,-0.39594483,-0.64554584,-0.051433325,0.76198751,0
2.2158673,1.1470685,1.8044333,0.60873675,0.56786817,0.55404449,0
-0.95345783,-2.9160709,-1.3783214,-0.60873675,-0.56786817,-0.55404449,0
0.76614344,2.5621223,1.4781861,-0.64554584,-0.051433325,0.76198751,0
0.69244051,2.7100141,1.2137761,-0.46120477,0.82151091,-0.33527559,0
1.4005131,0.85864115,0.58827531,0.64554584,0.051433325,-0.76198751,0
0.48303199,-0.7717284,1.0133063,-0.64554584,-0.051433325,0.76198751,0
-0.95734668,-2.7608004,-1.5331931,-0.60873675,-0.56786817,-0.55404449,0
1.7502898,1.8353535,1.6105119,0.60873675,0.56786817,0.55404449,0
2.0557883,1.8188901,1.2917302,0.60873675,0.56786817,0.55404449,0
1.8072026,1.9188888,1.4623617,0.60873675,0.56786817,0.55404449,0
-0.27782595,1.0913833,0.49447531,-0.64554584,-0.051433325,0.76198751,0
-0.25873065,1.0780958,0.50975573,-0.64554584,-0.051433325,0.76198751,0
0.999704,-1.0784796,0.45618784,0.46120477,-0.82151091,0.33527559,0
-1.3867072,-2.3422723,-1.4904191,-0.60873675,-0.56786817,-0.55404449,0
1.6630938,-0.11391634,1.9070554,0.46120477,-0.82151091,0.33527559,0
2.5184913,0.26949561,1.6698298,0.46120477,-0.82151091,0.33527559,0
-2.8065178,-0.55537653,-1.7619314,-0.60873675,-0.56786817,-0.55404449,0
1.7853829,1.7147605,1.6955566,0.60873675,0.56786817,0.55404449,0
-0.6356442,-2.6190357,-1.0689849,0.46120477,-0.82151091,0.33527559,0
-2.0598755,-1.4953651,-1.6188368,-0.60873675,-0.56786817,-0.55404449,0
2.3407307,0.83585882,1.9862186,0.60873675,0.56786817,0.55404449,0
-1.3870168,0.35875487,-1.6869102,-0.46120477,0.82151091,-0.33527559,0
0.0038712025,-0.65525782,0.61522901,-0.64554584,-0.051433325,0.76198751,0
0.24663091,2.0347891,0.17255765,-0.46120477,0.82151091,-0.33527559,0
-1.7962444,-1.8998706,-1.4938943,-0.60873675,-0.56786817,-0.55404449,0
2.0016899,1.0887014,2.0995765,0.60873675,0.56786817,0.55404449,0
0.29095834,1.140865,0.97968203,-0.64554584,-0.051433325,0.76198751,0
-0.81494689,-1.7902923,-0.15507668,-0.64554584,-0.051433325,0.76198751,0
2.3344545,0.84149528,1.9873371,0.60873675,0.56786817,0.55404449,0
-1.5574421,-2.2659817,-0.81621754,-0.64554584,-0.051433325,0.76198751,0
-1.8677487,0.20126545,-1.4115053,-0.46120477,0.82151091,-0.33527559,0
-0.16949105,-1.9529824,-0.078224391,0.46120477,-0.82151091,0.33527559,0
0.10227007,-0.36691278,0.71805429,-0.64554584,-0.051433325,0.76198751,0
0.80520833,2.6278577,0.85734886,-0.46120477,0.82151091,-0.33527559,0
-1.1273377,-2.7471428,-1.3604198,-0.60873675,-0.56786817,-0.55404449,0
-0.35806835,1.5336185,-0.22361523,-0.46120477,0.82151091,-0.33527559,0
1.5390344,2.5198221,1.1410751,0.60873675,0.56786817,0.55404449,0
0.53649318,-1.5602089,-0.086980008,0.46120477,-0.82151091,0.33527559,0
1.1513991,-1.0455207,0.32827395,0.46120477,-0.82151091,0.33527559,0
1.8991966,-0.22153187,0.93784308,0.64554584,0.051433325,-0.76198751,0
-0.39571595,0.097470485,-0.98484492,0.64554584,0.051433325,-0.76198751,0
-1.8315121,-0.81205487,-2.262625,0.64554584,0.051433325,-0.76198751,0
0.17386782,-1.3749574,-0.60168827,0.64554584,0.051433325,-0.76198751,0
2.2894189,0.48176205,2.4055271,0.60873675,0.56786817,0.55404449,0
-2.2135887,-1.4981482,-1.4470972,-0.60873675,-0.56786817,-0.55404449,0
0.084537268,-1.6382767,0.34344441,0.46120477,-0.82151091,0.33527559,0
-0.51992607,-2.228992,-0.27246028,0.46120477,-0.82151091,0.33527559,0
2.0125184,1.5173843,1.6483004,0.60873675,0.56786817,0.55404449,0
-0.80643606,1.0342948,-0.83031118,-0.46120477,0.82151091,-0.33527559,0
-0.6813966,0.43416953,0.10821423,-0.64554584,-0.051433325,0.76198751,0
-1.6302077,0.15889281,-1.8420904,-0.46120477,0.82151091,-0.33527559,0
2.3138666,0.42892206,2.3419466,0.46120477,-0.82151091,0.33527559,0
-1.1948252,-0.68505216,-1.7146593,0.64554584,0.051433325,-0.76198751,0
-1.1249124,-2.5524201,-1.5626657,-0.60873675,-0.56786817,-0.55404449,0
1.2405211,0.95364141,0.45914447,0.64554584,0.051433325,-0.76198751,0
2.1786082,1.0159547,1.9797556,0.60873675,0.56786817,0.55404449,0
-1.098511,-0.70017815,-0.32172692,-0.64554584,-0.051433325,0.76198751,0
1.7653328,-0.47836244,0.87342966,0.46120477,-0.82151091,0.33527559,0
-1.268939,-2.7933035,-0.62482607,0.46120477,-0.82151091,0.33527559,0
0.27920938,2.1221581,0.34181929,-0.46120477,0.82151091,-0.33527559,0
1.4927329,1.919782,0.73802876,0.64554584,0.051433325,-0.76198751,0
0.036130905,1.8202069,-0.063659698,-0.46120477,0.82151091,-0.33527559,0
-0.13991499,-1.7417139,0.39875278,0.46120477,-0.82151091,0.33527559,0
-0.94258118,1.1418889,-0.06528765,-0.64554584,-0.051433325,0.76198751,0
-1.2195278,-2.8630903,-0.86379206,0.46120477,-0.82151091,0.33527559,0
-0.22448528,-2.0919414,-0.34305948,0.46120477,-0.82151091,0.33527559,0
1.5318645,1.9147763,1.7690946,0.60873675,0.56786817,0.55404449,0
0.25726366,2.0260158,1.0108831,-0.64554584,-0.051433325,0.76198751,0
0.63778895,1.2165482,1.278621,-0.64554584,-0.051433325,0.76198751,0
-0.82746542,-0.21548873,-1.371742,0.64554584,0.051433325,-0.76198751,0
1.1792669,2.8856196,0.97437704,-0.46120477,0.82151091,-0.33527559,0
-1.1874443,-2.6218863,-1.4227617,-0.60873675,-0.56786817,-0.55404449,0
-0.29703426,-1.9311014,0.1508384,0.46120477,-0.82151091,0.33527559,0
-0.38524556,-2.0475221,-0.013078511,0.46120477,-0.82151091,0.33527559,0
-2.1516705,-0.57398009,-2.4623547,-0.60873675,-0.56786817,-0.55404449,0
0.012773514,0.90844172,-0.5840382,0.64554584,0.051433325,-0.76198751,0
-1.3142219,-1.9823626,-0.59102058,-0.64554584,-0.051433325,0.76198751,0
1.5353847,2.7901554,0.86800671,0.60873675,0.56786817,0.55404449,0
0.31745046,0.012855761,0.92598629,-0.64554584,-0.051433325,0.76198751,0
-2.1668632,-0.90513968,-2.1062398,-0.60873675,-0.56786817,-0.55404449,0
1.5769076,-0.49114645,0.64660525,0.64554584,0.051433325,-0.76198751,0
1.8464153,0.25392747,0.92522025,0.64554584,0.051433325,-0.76198751,0
-0.25141656,1.8576179,0.56856912,-0.64554584,-0.051433325,0.76198751,0
-1.3626324,-2.5856197,-1.2674512,-0.60873675,-0.56786817,-0.55404449,0
-0.90706003,1.2015488,-0.28207788,-0.46120477,0.82151091,-0.33527559,0
-1.3941357,0.57712084,-1.1420648,-0.46120477,0.82151091,-0.33527559,0
-1.7628958,-1.855986,-1.5755143,-0.60873675,-0.56786817,-0.55404449,0
-1.3025172,-2.5931337,-1.325799,-0.60873675,-0.56786817,-0.55404449,0
0.3632549,2.2985444,0.65839827,-0.46120477,0.82151091,-0.33527559,0
-0.45966089,1.5647794,0.37238097,-0.64554584,-0.051433325,0.76198751,0
-0.032688141,1.8664675,0.1443578,-0.46120477,0.82151091,-0.33527559,0
1.5845785,0.23415643,2.0144186,-0.64554584,-0.051433325,0.76198751,0
0.9441272,2.8510578,1.4552083,0.60873675,0.56786817,0.55404449,0
2.6158886,0.85629678,1.6177677,0.64554584,0.051433325,-0.76198751,0
1.7424738,-0.19924337,1.588788,0.46120477,-0.82151091,0.33527559,0
0.24779856,-1.8762577,-0.4642522,0.46120477,-0.82151091,0.33527559,0
1.7617977,-0.12318635,0.82807875,0.64554584,0.051433325,-0.76198751,0
2.0669725,0.70435369,1.1424767,0.64554584,0.051433325,-0.76198751,0
1.9187475,1.5017276,1.7673752,0.60873675,0.56786817,0.55404449,0
0.6830278,-0.73114014,-0.12687749,0.64554584,0.051433325,-0.76198751,0
-0.94509912,-2.847605,-1.2033527,0.46120477,-0.82151091,0.33527559,0
-1.2215607,-2.2028968,-0.52740502,-0.64554584,-0.051433325,0.76198751,0
-0.95666802,-2.635581,-0.66792572,0.46120477,-0.82151091,0.33527559,0
-1.3371873,0.3810797,-1.7007542,-0.46120477,0.82151091,-0.33527559,0
1.674479,-0.096364558,1.9344009,0.46120477,-0.82151091,0.33527559,0
1.5734262,0.78171563,2.04193,-0.64554584,-0.051433325,0.76198751,0
-1.2996403,-2.8709922,-0.77295029,0.46120477,-0.82151091,0.33527559,0
0.066887736,-1.773948,-0.71925187,0.64554584,0.051433325,-0.76198751,0
0.69604897,1.2562519,0.018300712,0.64554584,0.051433325,-0.76198751,0
2.198354,0.65173554,1.25023,0.64554584,0.051433325,-0.76198751,0
-1.5146642,0.35585123,-1.5184331,-0.46120477,0.82151091,-0.33527559,0
-0.85389102,0.85568535,-1.2026711,-0.46120477,0.82151091,-0.33527559,0
-1.928968,-1.0730585,-2.1955104,-0.60873675,-0.56786817,-0.55404449,0
-0.52903914,-1.6773559,-1.2175936,0.64554584,0.051433325,-0.76198751,0
-1.037671,-2.7002695,-0.71500134,0.46120477,-0.82151091,0.33527559,0
0.24360955,-1.6463548,-0.5609231,0.64554584,0.051433325,-0.76198751,0
-1.8559847,0.25066042,-1.3066577,-0.46120477,0.82151091,-0.33527559,0
0.24960089,-1.8935702,-0.5091511,0.46120477,-0.82151091,0.33527559,0
-0.8737632,-2.8090048,-1.2069014,0.46120477,-0.82151091,0.33527559,0
-1.0466778,-2.7735808,-1.4219444,-0.60873675,-0.56786817,-0.55404449,0
0.94410276,-1.0959773,0.48979869,0.46120477,-0.82151091,0.33527559,0
-0.29077148,1.6633414,0.0016666055,-0.46120477,0.82151091,-0.33527559,0
-0.82498455,0.83572447,-1.2913436,-0.46120477,0.82151091,-0.33527559,0
0.8136515,0.48206818,0.065675497,0.64554584,0.051433325,-0.76198751,0
-0.89391911,0.89882755,-1.041899,-0.46120477,0.82151091,-0.33527559,0
-0.85693383,0.6538291,-0.025671899,-0.64554584,-0.051433325,0.76198751,0
-1.8047943,0.090762019,-1.768867,-0.46120477,0.82151091,-0.33527559,0
-1.8459524,-0.18298364,-0.92003965,-0.64554584,-0.051433325,0.76198751,0
1.6427279,2.0312355,1.5279224,0.60873675,0.56786817,0.55404449,0
2.3127158,0.76537609,2.0892401,0.60873675,0.56786817,0.55404449,0
1.6983134,1.3402553,0.87307632,0.64554584,0.051433325,-0.76198751,0
2.3407793,0.80722356,2.0155149,0.60873675,0.56786817,0.55404449,0
2.3221042,0.83376861,2.008826,0.60873675,0.56786817,0.55404449,0
1.8081583,1.1490777,2.2503302,0.60873675,0.56786817,0.55404449,0
-0.81711715,-0.66702676,-1.3934534,0.64554584,0.051433325,-0.76198751,0
-2.6782379,-0.40050817,-1.6398239,-0.64554584,-0.051433325,0.76198751,0
-0.48119593,-0.01428517,-1.064806,0.64554584,0.051433325,-0.76198751,0
-1.9007845,0.16370118,-1.4581033,-0.46120477,0.82151091,-0.33527559,0
0.39949787,1.8691267,1.1207923,-0.64554584,-0.051433325,0.76198751,0
2.1267555,0.63791335,2.4242003,0.60873675,0.56786817,0.55404449,0
1.7710524,1.8621233,1.5602623,0.60873675,0.56786817,0.55404449,0
-2.0019903,-1.493531,-1.684316,-0.60873675,-0.56786817,-0.55404449,0
1.5336053,0.17462468,0.65485895,0.64554584,0.051433325,-0.76198751,0
2.4600911,1.1538074,1.5291938,0.60873675,0.56786817,0.55404449,0
-0.49104559,1.4286178,0.33660156,-0.64554584,-0.051433325,0.76198751,0
-0.62819219,1.5274751,0.22708538,-0.64554584,-0.051433325,0.76198751,0
-1.7222545,-1.6375444,-1.8440595,-0.60873675,-0.56786817,-0.55404449,0
2.3294003,0.13981724,1.6121976,0.46120477,-0.82151091,0.33527559,0
1.7517877,-0.45103717,0.95901668,0.46120477,-0.82151091,0.33527559,0
0.7357074,1.0667554,1.3514652,-0.64554584,-0.051433325,0.76198751,0
1.9245958,1.6921265,1.5658001,0.60873675,0.56786817,0.55404449,0
1.7610774,1.2781941,2.1697204,0.60873675,0.56786817,0.55404449,0
-1.9316989,0.16610134,-1.4096965,-0.46120477,0.82151091,-0.33527559,0
1.8812265,1.6579626,1.6484668,0.60873675,0.56786817,0.55404449,0
-0.44381738,-0.94515377,0.21638542,-0.64554584,-0.051433325,0.76198751,0
-0.52370071,-0.90719086,0.15127173,-0.64554584,-0.051433325,0.76198751,0
0.83454812,2.5923038,0.72987294,-0.46120477,0.82151091,-0.33527559,0
-1.5048383,-0.53576368,-1.9672217,0.64554584,0.051433325,-0.76198751,0
-1.592291,0.34426415,-1.4400408,-0.46120477,0.82151091,-0.33527559,0
0.82092679,1.7756068,0.15915149,0.64554584,0.051433325,-0.76198751,0
-1.3885077,0.42429858,-1.5242603,-0.46120477,0.82151091,-0.33527559,0
1.3409951,-0.88348591,0.46449298,0.46120477,-0.82151091,0.33527559,0
2.0642414,1.5683935,1.5391896,0.60873675,0.56786817,0.55404449,0
1.5616785,1.8862635,1.7655618,0.60873675,0.56786817,0.55404449,0
-1.1938785,-2.8614178,-0.89497638,0.46120477,-0.82151091,0.33527559,0
-0.27213496,-0.49479273,-0.92012584,0.64554584,0.051433325,-0.76198751,0
-0.033787727,1.6867855,0.74141043,-0.64554584,-0.051433325,0.76198751,0
1.7379621,1.8257549,1.6338944,0.60873675,0.56786817,0.55404449,0
2.5552461,0.29376686,1.6787404,0.46120477,-0.82151091,0.33527559,0
0.85050344,0.70267999,1.4241444,-0.64554584,-0.051433325,0.76198751,0
1.1306356,2.9273298,1.1434749,-0.46120477,0.82151091,-0.33527559,0
1.516111,2.8192983,0.85931265,0.60873675,0.56786817,0.55404449,0
-0.21447951,-0.50429964,0.44043463,-0.64554584,-0.051433325,0.76198751,0
-2.1418831,-0.60110503,-2.4453061,-0.60873675,-0.56786817,-0.55404449,0
0.04924798,2.1489596,0.84295356,-0.64554584,-0.051433325,0.76198751,0
-1.3880398,0.5392164,-1.2433262,-0.46120477,0.82151091,-0.33527559,0
2.4064417,1.0549289,1.6894848,0.60873675,0.56786817,0.55404449,0
-0.087664604,1.8336184,0.70567769,-0.64554584,-0.051433325,0.76198751,0
1.2465258,2.3224859,1.6647186,0.60873675,0.56786817,0.55404449,0
-0.43801355,-2.1111224,-0.09632808,0.46120477,-0.82151091,0.33527559,0
0.99236917,1.1896629,0.26484466,0.64554584,0.051433325,-0.76198751,0
1.3943787,2.255785,1.5706356,0.60873675,0.56786817,0.55404449,0
2.2601895,1.4996412,1.3943659,0.60873675,0.56786817,0.55404449,0
-1.9135306,-2.1057849,-1.1539781,-0.60873675,-0.56786817,-0.55404449,0
2.6449606,0.32859957,1.6406784,0.46120477,-0.82151091,0.33527559,0
-2.0625169,-1.1287539,-1.9916931,-0.60873675,-0.56786817,-0.55404449,0
1.3786256,2.3783588,1.4623114,0.60873675,0.56786817,0.55404449,0
0.40054661,0.27075729,-0.29856485,0.64554584,0.051433325,-0.76198751,0
-1.6560552,0.52283704,-0.91477817,-0.46120477,0.82151091,-0.33527559,0
2.6470912,0.70400608,1.7847581,0.60873675,0.56786817,0.55404449,0
1.8040495,-0.049786329,0.86882818,0.64554584,0.051433325,-0.76198751,0
-0.50585938,1.2046044,-0.82648224,-0.46120477,0.82151091,-0.33527559,0
-1.6497912,-2.4908261,-1.049104,-0.60873675,-0.56786817,-0.55404449,0
-1.9545299,-1.1629713,-2.075269,-0.60873675,-0.56786817,-0.55404449,0
-1.3837998,-2.210603,-1.6285676,-0.60873675,-0.56786817,-0.55404449,0
1.0245744,2.9166257,1.2631447,-0.46120477,0.82151091,-0.33527559,0
1.5836633,0.48153424,0.71798348,0.64554584,0.051433325,-0.76198751,0
0.25806546,-1.8324819,-0.37111351,0.46120477,-0.82151091,0.33527559,0
-1.8439535,-0.65090346,-0.94993031,-0.64554584,-0.051433325,0.76198751,0
-1.3611934,0.39978325,-1.6219027,-0.46120477,0.82151091,-0.33527559,0
0.0066070557,-1.7172369,0.25717235,0.46120477,-0.82151091,0.33527559,0
2.2773209,0.90401375,1.9860324,0.60873675,0.56786817,0.55404449,0
0.14612246,1.8771343,-0.075476944,-0.46120477,0.82151091,-0.33527559,0
0.15752348,-0.67658705,-0.56839567,0.64554584,0.051433325,-0.76198751,0
1.1222697,0.47380131,0.32657486,0.64554584,0.051433325,-0.76198751,0
-0.17653397,-0.67159116,-0.85106766,0.64554584,0.051433325,-0.76198751,0
-0.36253524,1.7199967,0.23920481,-0.46120477,0.82151091,-0.33527559,0
0.30548429,1.7594179,1.0337398,-0.64554584,-0.051433325,0.76198751,0
-1.6207378,-2.0748482,-1.5073825,-0.60873675,-0.56786817,-0.55404449,0
-0.020457268,1.6804287,-0.32830963,-0.46120477,0.82151091,-0.33527559,0
-0.13606548,-1.283445,0.45427456,-0.64554584,-0.051433325,0.76198751,0
0.78576565,-0.96873856,1.0193746,0.46120477,-0.82151091,0.33527559,0
0.8459686,2.3949018,0.23047757,-0.46120477,0.82151091,-0.33527559,0
2.5990968,0.70195353,1.8395942,0.60873675,0.56786817,0.55404449,0
0.84641993,0.1687637,0.072288811,0.64554584,0.051433325,-0.76198751,0
-2.21861,-0.46030593,-2.5053172,-0.60873675,-0.56786817,-0.55404449,0
2.0096204,0.040397644,1.8084829,0.46120477,-0.82151091,0.33527559,0
-2.5531154,-0.64188373,-1.9516833,-0.60873675,-0.56786817,-0.55404449,0
1.9693971,1.9969895,1.2041069,0.60873675,0.56786817,0.55404449,0
-1.6805036,0.28118604,-1.4732535,-0.46120477,0.82151091,-0.33527559,0
-0.96148586,-0.48631489,-0.19120544,-0.64554584,-0.051433325,0.76198751,0
-1.5986252,0.058875144,-2.0065391,0.64554584,0.051433325,-0.76198751,0
-1.5019505,-0.050560117,-1.9320244,0.64554584,0.051433325,-0.76198751,0
-0.67530251,-0.65999764,-1.2728354,0.64554584,0.051433325,-0.76198751,0
1.5888224,1.9348432,1.6859469,0.60873675,0.56786817,0.55404449,0
1.9785097,1.2467039,1.9631003,0.60873675,0.56786817,0.55404449,0
-1.1291437,-1.2343926,-0.38373756,-0.64554584,-0.051433325,0.76198751,0
-1.0407032,-2.7039733,-1.4998529,-0.60873675,-0.56786817,-0.55404449,0
0.26453817,2.173341,0.48741245,-0.46120477,0.82151091,-0.33527559,0
-1.4573207,-0.72771519,-0.62756467,-0.64554584,-0.051433325,0.76198751,0
1.6541603,0.24481177,0.761729,0.64554584,0.051433325,-0.76198751,0
1.7460876,-0.37710607,1.1480079,0.46120477,-0.82151091,0.33527559,0
-2.4802654,-0.75535214,-1.9154252,-0.60873675,-0.56786817,-0.55404449,0
-0.13589954,-2.0904107,-0.46116674,0.46120477,-0.82151091,0.33527559,0
1.6299956,-0.088856161,2.0139897,0.46120477,-0.82151091,0.33527559,0
-1.7620788,0.08988595,-1.8297728,-0.46120477,0.82151091,-0.33527559,0
-0.23089018,0.19943944,0.47403347,-0.64554584,-0.051433325,0.76198751,0
1.4535662,2.2155375,1.5468568,0.60873675,0.56786817,0.55404449,0
-0.82465774,-0.75329959,-1.4056649,0.64554584,0.051433325,-0.76198751,0
0.44850814,2.289577,0.51915091,-0.46120477,0.82151091,-0.33527559,0
-1.5303192,-1.2558342,-2.0374129,0.64554584,0.051433325,-0.76198751,0
0.17876518,-1.6534942,-0.61634034,0.64554584,0.051433325,-0.76198751,0
-1.9517708,0.17599726,-1.3578377,-0.46120477,0.82151091,-0.33527559,0
0.44675857,0.17261475,-0.26603925,0.64554584,0.051433325,-0.76198751,0
-0.63739645,1.3115939,-0.3833878,-0.46120477,0.82151091,-0.33527559,0
0.42582226,2.1398807,0.18356317,-0.46120477,0.82151091,-0.33527559,0
1.7997947,1.9911404,1.3964465,0.60873675,0.56786817,0.55404449,0
-0.90567946,-2.8859515,-1.3515365,0.46120477,-0.82151091,0.33527559,0
0.71410799,-0.95699936,1.1467108,0.46120477,-0.82151091,0.33527559,0
-1.868876,-1.4743023,-1.0266229,-0.64554584,-0.051433325,0.76198751,0
0.72202271,0.047538534,1.2710757,-0.64554584,-0.051433325,0.76198751,0
-2.4008474,-1.020896,-1.7305135,-0.60873675,-0.56786817,-0.55404449,0
0.29513586,-1.1264888,0.83017713,-0.64554584,-0.051433325,0.76198751,0
-0.7871902,-2.871366,-1.51689,0.64554584,0.051433325,-0.76198751,0
-1.4512501,-2.443784,-1.31546,-0.60873675,-0.56786817,-0.55404449,0
2.0101886,-0.14530826,1.3526746,0.46120477,-0.82151091,0.33527559,0
-0.50546336,-0.4180834,0.19973648,-0.64554584,-0.051433325,0.76198751,0
-0.0077052116,1.6944653,-0.31145805,-0.46120477,0.82151091,-0.33527559,0
-0.3827157,1.5462062,-0.158866,-0.46120477,0.82151091,-0.33527559,0
-0.65533638,-2.284796,-1.3655926,0.64554584,0.051433325,-0.76198751,0
-1.2478411,0.72406316,-0.98326147,-0.46120477,0.82151091,-0.33527559,0
-1.6338649,-0.11655754,-2.0482354,0.64554584,0.051433325,-0.76198751,0
-1.9508998,0.15795064,-1.4032553,-0.46120477,0.82151091,-0.33527559,0
-1.7781389,-1.4188685,-2.0067902,-0.60873675,-0.56786817,-0.55404449,0
-0.80853498,0.88835353,-1.1850171,-0.46120477,0.82151091,-0.33527559,0
1.4157408,-0.60122091,0.50263691,0.64554584,0.051433325,-0.76198751,0
-2.3108826,-0.70692813,-1.3492879,-0.64554584,-0.051433325,0.76198751,0
-1.7218552,0.033124924,-0.80031896,-0.64554584,-0.051433325,0.76198751,0
0.83537745,2.0966671,0.19306523,0.64554584,0.051433325,-0.76198751,0
2.2106733,0.22473788,1.9835956,0.46120477,-0.82151091,0.33527559,0
0.4121657,-0.651088,-0.35094497,0.64554584,0.051433325,-0.76198751,0
0.1714499,-1.5979341,0.3227368,0.46120477,-0.82151091,0.33527559,0
-1.1214223,-2.691869,-0.57921004,0.46120477,-0.82151091,0.33527559,0
1.2946128,-0.60129499,1.2197359,0.46120477,-0.82151091,0.33527559,0
1.8843464,1.287286,2.0249639,0.60873675,0.56786817,0.55404449,0
0.41380131,2.3234496,0.64989054,-0.46120477,0.82151091,-0.33527559,0
0.54271501,0.96597075,-0.13119543,0.64554584,0.051433325,-0.76198751,0
2.2283101,0.99026358,1.9514794,0.60873675,0.56786817,0.55404449,0
2.0758386,1.3529787,1.7472372,0.60873675,0.56786817,0.55404449,0
2.0679626,0.67887443,2.4468145,0.60873675,0.56786817,0.55404449,0
-1.6688535,0.31129515,-0.73664045,-0.64554584,-0.051433325,0.76198751,0
-0.96289027,-2.6522038,-1.6384085,-0.60873675,-0.56786817,-0.55404449,0
2.3163469,0.23896098,1.873081,0.46120477,-0.82151091,0.33527559,0
-2.4456024,-0.66664159,-2.0444336,-0.60873675,-0.56786817,-0.55404449,0
1.5931879,1.6458725,0.80464447,0.64554584,0.051433325,-0.76198751,0
0.043781877,0.52554965,-0.5836131,0.64554584,0.051433325,-0.76198751,0
-1.7517283,0.20060879,-1.5727115,-0.46120477,0.82151091,-0.33527559,0
0.37456018,-0.9929502,-0.40587926,0.64554584,0.051433325,-0.76198751,0
-1.6694542,-2.2983351,-1.2247941,-0.60873675,-0.56786817,-0.55404449,0
0.86225545,2.4691098,0.38990211,-0.46120477,0.82151091,-0.33527559,0
0.80850363,1.9490896,0.16033673,0.64554584,0.051433325,-0.76198751,0
2.2626708,0.39840865,1.2876189,0.64554584,0.051433325,-0.76198751,0
-0.17174029,-1.9061306,0.039668649,0.46120477,-0.82151091,0.33527559,0
2.0865221,1.5669944,1.5161431,0.60873675,0.56786817,0.55404449,0
0.35285342,2.3861852,0.88744831,-0.46120477,0.82151091,-0.33527559,0
1.1422188,2.8666964,1.2215333,0.60873675,0.56786817,0.55404449,0
0.73262072,2.8044868,1.389987,-0.46120477,0.82151091,-0.33527559,0
-1.6850433,-1.5754232,-1.948615,-0.60873675,-0.56786817,-0.55404449,0
0.40787601,-1.4164715,0.44213969,0.46120477,-0.82151091,0.33527559,0
1.0055182,-0.57949126,0.15656835,0.64554584,0.051433325,-0.76198751,0
-0.98337507,1.063031,-0.51650345,-0.46120477,0.82151091,-0.33527559,0
0.585729,0.25611484,-0.14266911,0.64554584,0.051433325,-0.76198751,0
-0.1166597,-1.0787562,-0.82782626,0.64554584,0.051433325,-0.76198751,0
-1.3842797,-2.7893195,-1.0348846,-0.60873675,-0.56786817,-0.55404449,0
0.77448946,-0.043117881,-0.002951622,0.64554584,0.051433325,-0.76198751,0
1.7045101,1.8637807,1.6316743,0.60873675,0.56786817,0.55404449,0
2.1614699,1.1195452,1.8924106,0.60873675,0.56786817,0.55404449,0
2.6031821,0.87884641,1.6537989,0.60873675,0.56786817,0.55404449,0
1.3817612,-0.61340326,1.0701861,0.46120477,-0.82151091,0.33527559,0
1.5765395,1.7276456,1.9118091,0.60873675,0.56786817,0.55404449,0
0.86719692,-1.1037514,0.57654208,0.46120477,-0.82151091,0.33527559,0
-1.0220538,-2.5747297,-1.6528119,-0.60873675,-0.56786817,-0.55404449,0
1.6152474,2.2621722,1.3214172,0.60873675,0.56786817,0.55404449,0
-1.0863166,0.92812306,-0.70545566,-0.46120477,0.82151091,-0.33527559,0
-2.3350799,-1.1358886,-1.6849113,-0.60873675,-0.56786817,-0.55404449,0
-0.50952721,0.00064832903,-1.0877998,0.64554584,0.051433325,-0.76198751,0
2.1561077,0.98299247,2.0382619,0.60873675,0.56786817,0.55404449,0
1.3943429,2.1529059,1.6761205,0.60873675,0.56786817,0.55404449,0
-1.4385142,-2.059458,-1.7233684,-0.60873675,-0.56786817,-0.55404449,0
-1.9246068,-1.8147629,-1.4400917,-0.60873675,-0.56786817,-0.55404449,0
-1.106461,-2.5948617,-1.5394378,-0.60873675,-0.56786817,-0.55404449,0
-0.67429554,-1.2683082,-0.0006852746,-0.64554584,-0.051433325,0.76198751,0
-2.1510806,-0.56627637,-2.4708982,-0.60873675,-0.56786817,-0.55404449,0
-2.555598,-0.58571756,-2.0065231,-0.60873675,-0.56786817,-0.55404449,0
-2.0442364,-1.1797125,-1.959548,-0.60873675,-0.56786817,-0.55404449,0
-0.51741755,-2.614809,-1.2212615,0.46120477,-0.82151091,0.33527559,0
-0.31544495,-1.9445713,0.14315948,0.46120477,-0.82151091,0.33527559,0
2.4033842,1.1278523,1.4560663,0.64554584,0.051433325,-0.76198751,0
-0.52266669,-0.10566569,-1.1061074,0.64554584,0.051433325,-0.76198751,0
-2.3684292,-1.0918177,-1.6934406,-0.60873675,-0.56786817,-0.55404449,0
-2.3558793,-1.2722361,-1.5223092,-0.60873675,-0.56786817,-0.55404449,0
-1.1374309,-2.5493212,-1.5520878,-0.60873675,-0.56786817,-0.55404449,0
-1.7968386,-1.3168306,-2.0908284,-0.60873675,-0.56786817,-0.55404449,0
2.0953119,1.7153332,1.3544462,0.60873675,0.56786817,0.55404449,0
1.0700717,1.6828167,0.36396074,0.64554584,0.051433325,-0.76198751,0
-2.4561949,-0.98913372,-1.7022568,-0.60873675,-0.56786817,-0.55404449,0
2.0975771,0.91739279,2.1698067,0.60873675,0.56786817,0.55404449,0
-1.0878403,-2.4526796,-1.7056265,-0.60873675,-0.56786817,-0.55404449,0
1.0685354,2.8084097,1.3622311,0.60873675,0.56786817,0.55404449,0
1.2441386,2.7906749,1.1874703,0.60873675,0.56786817,0.55404449,0
-0.72282827,-2.4603231,-0.56016803,0.46120477,-0.82151091,0.33527559,0
-0.52869785,-0.51649892,-1.1389477,0.64554584,0.051433325,-0.76198751,0
-2.4979098,-1.037663,-1.606684,-0.60873675,-0.56786817,-0.55404449,0
0.77032924,-1.41971,-0.064386457,0.46120477,-0.82151091,0.33527559,0
-2.2161789,-0.64075428,-2.3230381,-0.60873675,-0.56786817,-0.55404449,0
1.2866204,2.9182665,0.90669441,-0.46120477,0.82151091,-0.33527559,0
-0.54245937,-2.3380446,-0.50867051,0.46120477,-0.82151091,0.33527559,0
