-0.93327063,-0.47073862,0.075822651,-0.70767283,0.43102193,0.55983835,0
1.176818,0.88616633,0.46106464,0.70454931,0.48993874,0.5133909,0
1.2725992,2.0130675,-0.83343053,-0.053003713,0.75774652,-0.65039253,0
-0.78156573,-1.7051644,-0.22190166,-0.70454931,-0.48993874,-0.5133909,0
-0.39939457,1.0587604,-1.8089968,-0.053003713,0.75774652,-0.65039253,0
-0.98986423,-2.1367528,0.47582865,-0.70454931,-0.48993874,-0.5133909,0
-0.94588375,-0.31611538,-1.3219963,-0.70454931,-0.48993874,-0.5133909,0
0.84509045,2.1603711,-0.62697339,-0.053003713,0.75774652,-0.65039253,0
0.33363247,0.9986667,-1.2402591,0.70767283,-0.43102193,-0.55983835,0
-0.8310191,1.1080341,-1.7164146,-0.053003713,0.75774652,-0.65039253,0
0.66242272,-1.232102,1.5856074,0.053003713,-0.75774652,0.65039253,0
1.2144511,0.0726946,1.1857307,0.70454931,0.48993874,0.5133909,0
0.77697498,2.3234768,-0.43139362,-0.053003713,0.75774652,-0.65039253,0
-0.83734667,1.3798844,-1.3991768,-0.053003713,0.75774652,-0.65039253,0
1.0069613,0.37504292,1.1819413,0.70454931,0.48993874,0.5133909,0
0.82379127,1.8043396,0.069308758,0.70454931,0.48993874,0.5133909,0
0.4125939,1.8515663,-0.95150304,-0.053003713,0.75774652,-0.65039253,0
-0.94628429,-2.2201049,0.56562638,0.053003713,-0.75774652,0.65039253,0
-0.51472938,-2.4085293,0.31093144,0.053003713,-0.75774652,0.65039253,0
0.2964361,-1.234828,0.43229973,0.70767283,-0.43102193,-0.55983835,0
-1.1807246,0.55224335,-1.8284051,-0.70454931,-0.48993874,-0.5133909,0
0.40866393,1.0058694,0.63526976,-0.70767283,0.43102193,0.55983835,0
1.3004478,0.78948379,0.38366789,0.70454931,0.48993874,0.5133909,0
0.91113925,1.8912187,-0.9459343,-0.053003713,0.75774652,-0.65039253,0
-0.4802928,-1.59508,-0.27217746,0.70767283,-0.43102193,-0.55983835,0
-1.3621274,-0.50567311,-0.56986809,-0.70454931,-0.48993874,-0.5133909,0
-1.1530507,-1.1305165,0.3059721,-0.70767283,0.43102193,0.55983835,0
0.54818815,-0.98955035,1.8775046,0.053003713,-0.75774652,0.65039253,0
1.0183252,-0.69860572,2.1781588,0.053003713,-0.75774652,0.65039253,0
-1.2645787,0.35858759,-0.98147458,-0.70767283,0.43102193,0.55983835,0
0.068602324,-1.2592916,1.6023235,0.053003713,-0.75774652,0.65039253,0
-0.83128321,-2.1396685,0.26098347,-0.70454931,-0.48993874,-0.5133909,0
-0.65683532,0.73692322,-2.1629763,-0.053003713,0.75774652,-0.65039253,0
1.2034513,1.4854739,-0.14741588,0.70454931,0.48993874,0.5133909,0
0.46118641,1.0337383,-1.1060241,0.70767283,-0.43102193,-0.55983835,0
1.1380152,1.9698297,-0.51984477,0.70454931,0.48993874,0.5133909,0
0.046728235,2.0467668,-0.69426632,-0.053003713,0.75774652,-0.65039253,0
-0.4400959,0.98040378,-1.8969696,-0.053003713,0.75774652,-0.65039253,0
-0.33152902,0.34338236,-1.5765605,0.70767283,-0.43102193,-0.55983835,0
-0.47603136,0.87101543,-2.0214853,-0.053003713,0.75774652,-0.65039253,0
0.95155722,0.81081295,0.84211111,0.70454931,0.48993874,0.5133909,0
1.0782475,-0.1721369,1.6062961,0.70454931,0.48993874,0.5133909,0
-0.87832546,-2.0041606,0.81167603,0.053003713,-0.75774652,0.65039253,0
-0.73464119,1.4644275,-1.3090489,-0.053003713,0.75774652,-0.65039253,0
0.97776508,1.2752957,0.36288017,0.70454931,0.48993874,0.5133909,0
0.26414508,0.38131309,0.93343681,-0.70767283,0.43102193,0.55983835,0
-0.87937737,-1.8778245,0.077102661,-0.70454931,-0.48993874,-0.5133909,0
1.2637688,0.24762423,0.95111114,0.70454931,0.48993874,0.5133909,0
-1.1542764,-0.074325718,-0.50874329,-0.70767283,0.43102193,0.55983835,0
1.2169099,1.4164096,-0.09997642,0.70454931,0.48993874,0.5133909,0
-0.14105219,-1.764537,0.28711081,0.70767283,-0.43102193,-0.55983835,0
0.87333781,-1.036262,1.7965845,0.053003713,-0.75774652,0.65039253,0
-1.0760362,-0.24667978,-1.2096461,-0.70454931,-0.48993874,-0.5133909,0
-1.0266483,-1.8478693,1.0058528,0.053003713,-0.75774652,0.65039253,0
-1.0270579,-0.90994406,-0.64389563,-0.70454931,-0.48993874,-0.5133909,0
0.53218108,-0.96986687,1.9017415,0.053003713,-0.75774652,0.65039253,0
-0.89652264,0.62063015,-2.2789311,-0.053003713,0.75774652,-0.65039253,0
-0.91142803,0.23783973,-0.44210458,-0.70767283,0.43102193,0.55983835,0
-1.2352151,0.12456131,-1.3454802,-0.70454931,-0.48993874,-0.5133909,0
-0.94362062,0.013177499,-0.30982956,-0.70767283,0.43102193,0.55983835,0
-0.85173631,0.72624326,-2.1595354,-0.053003713,0.75774652,-0.65039253,0
0.059767932,0.013951361,-0.82830513,0.70767283,-0.43102193,-0.55983835,0
0.54719061,-0.24309373,1.7719586,-0.70767283,0.43102193,0.55983835,0
-0.87215739,-1.4630866,-0.32859778,-0.70454931,-0.48993874,-0.5133909,0
0.29456472,1.5044738,-1.3462677,-0.053003713,0.75774652,-0.65039253,0
0.78051597,1.2099917,0.69589472,0.70454931,0.48993874,0.5133909,0
-1.1903384,-0.027565584,-0.59032893,-0.70767283,0.43102193,0.55983835,0
-1.3218832,0.45864472,-1.5453639,-0.70454931,-0.48993874,-0.5133909,0
0.14305685,1.9830699,-0.77632761,-0.053003713,0.75774652,-0.65039253,0
-0.82434523,-1.1416454,-0.70097017,-0.70454931,-0.48993874,-0.5133909,0
-0.94443738,-0.92627305,-0.7416963,-0.70454931,-0.48993874,-0.5133909,0
0.57788014,-1.4940299,1.2873356,0.053003713,-0.75774652,0.65039253,0
-0.50293791,-2.1459649,0.61587381,0.053003713,-0.75774652,0.65039253,0
-1.1634693,-0.89735669,-0.46870458,-0.70454931,-0.48993874,-0.5133909,0
-0.40973142,1.7601962,-0.99093938,-0.053003713,0.75774652,-0.65039253,0
-0.99048072,-1.3480619,0.6789602,-0.70767283,0.43102193,0.55983835,0
-1.3353786,-1.2550807,0.10859692,-0.70454931,-0.48993874,-0.5133909,0
0.2408492,0.61089146,0.72723609,-0.70767283,0.43102193,0.55983835,0
0.87257522,0.031391263,1.6943187,0.70454931,0.48993874,0.5133909,0
0.0091953464,-1.9807217,0.64347506,0.70767283,-0.43102193,-0.55983835,0
1.349131,1.0047063,0.038748264,0.70767283,-0.43102193,-0.55983835,0
-0.35008386,-0.48693764,0.82548082,-0.70767283,0.43102193,0.55983835,0
0.60018724,-0.31439954,0.10761929,0.70767283,-0.43102193,-0.55983835,0
0.89952689,1.9924321,-0.82706833,-0.053003713,0.75774652,-0.65039253,0
-1.0276853,-1.4419304,-0.13534999,-0.70454931,-0.48993874,-0.5133909,0
1.3263113,0.35571957,0.7621237,0.70454931,0.48993874,0.5133909,0
1.3148341,0.46473792,0.67383599,0.70454931,0.48993874,0.5133909,0
1.0788462,-0.02766782,1.4676049,0.70454931,0.48993874,0.5133909,0
1.2428508,0.076138869,0.61931121,0.70767283,-0.43102193,-0.55983835,0
0.12697905,1.505756,-1.3311167,-0.053003713,0.75774652,-0.65039253,0
0.21596161,1.5791218,-1.2528926,-0.053003713,0.75774652,-0.65039253,0
-1.2676901,-1.613025,0.35729802,-0.70454931,-0.48993874,-0.5133909,0
-1.1587386,0.085016787,-1.4126942,-0.70454931,-0.48993874,-0.5133909,0
-0.3983807,0.68122137,-0.13494015,-0.70767283,0.43102193,0.55983835,0
1.4733398,-0.60325634,1.4755189,0.70454931,0.48993874,0.5133909,0
-1.1845794,0.74997425,-2.0118132,-0.70454931,-0.48993874,-0.5133909,0
-1.2704325,0.65181041,-1.2146275,-0.70767283,0.43102193,0.55983835,0
1.4506121,-0.11526284,1.029296,0.70767283,-0.43102193,-0.55983835,0
-0.33735946,-1.5486048,1.2983402,0.053003713,-0.75774652,0.65039253,0
-1.4615242,0.23925868,-1.138555,-0.70767283,0.43102193,0.55983835,0
-0.93036389,-1.2645639,-0.43817258,-0.70454931,-0.48993874,-0.5133909,0
0.97200334,-0.85986352,1.9940588,0.053003713,-0.75774652,0.65039253,0
0.16960883,1.359726,-1.5047245,-0.053003713,0.75774652,-0.65039253,0
0.36994284,-0.61445796,0.047591448,0.70767283,-0.43102193,-0.55983835,0
-0.90112978,-0.64957267,0.25413585,-0.70767283,0.43102193,0.55983835,0
-0.47819662,0.96837503,-1.9078791,-0.053003713,0.75774652,-0.65039253,0
0.69134378,-1.4892788,1.2836242,0.053003713,-0.75774652,0.65039253,0
0.22535881,1.3669484,-1.5008533,-0.053003713,0.75774652,-0.65039253,0
1.1993606,0.069406271,1.209578,0.70454931,0.48993874,0.5133909,0
-1.2544622,-1.190335,-0.064236045,-0.70454931,-0.48993874,-0.5133909,0
-0.72701275,1.3339856,-1.0529189,-0.70767283,0.43102193,0.55983835,0
-0.38582146,0.98615307,-1.8946948,-0.053003713,0.75774652,-0.65039253,0
-0.085916489,-0.94396782,-0.27495384,0.70767283,-0.43102193,-0.55983835,0
-0.5423004,-2.3002188,0.43936634,0.053003713,-0.75774652,0.65039253,0
1.1598606,-0.52493191,1.8309737,0.70454931,0.48993874,0.5133909,0
0.81338471,0.32261145,1.4976313,0.70454931,0.48993874,0.5133909,0
0.75771344,-1.4736812,1.2963877,0.053003713,-0.75774652,0.65039253,0
-1.3622291,-0.65057909,-0.43144226,-0.70454931,-0.48993874,-0.5133909,0
0.25444853,-0.61178637,1.6857715,-0.70767283,0.43102193,0.55983835,0
0.7002337,-0.71232796,0.54045129,0.70767283,-0.43102193,-0.55983835,0
0.87445712,1.2372561,0.54095638,0.70454931,0.48993874,0.5133909,0
-1.301218,0.51966029,-1.6319517,-0.70454931,-0.48993874,-0.5133909,0
0.13481534,-0.52647525,1.4688656,-0.70767283,0.43102193,0.55983835,0
-1.1371176,-2.1323874,0.68337464,0.053003713,-0.75774652,0.65039253,0
0.66018617,-1.3644387,1.4316099,0.053003713,-0.75774652,0.65039253,0
-0.0050290227,1.5767291,-0.32717276,-0.70767283,0.43102193,0.55983835,0
-1.0338672,-0.71672738,-0.81894112,-0.70454931,-0.48993874,-0.5133909,0
-0.11792505,-0.32418668,-0.79258686,0.70767283,-0.43102193,-0.55983835,0
0.69944113,2.2442029,-0.51743436,-0.053003713,0.75774652,-0.65039253,0
-0.86992991,0.48019111,-2.1861615,-0.70454931,-0.48993874,-0.5133909,0
-0.79204261,-1.9005818,0.92532015,0.053003713,-0.75774652,0.65039253,0
-1.1606343,-0.6442188,-0.7141695,-0.70454931,-0.48993874,-0.5133909,0
-1.0561892,-1.5869539,0.042165756,-0.70454931,-0.48993874,-0.5133909,0
0.61139929,-0.89464009,1.9829293,0.053003713,-0.75774652,0.65039253,0
-0.41945633,-2.2366409,0.50342703,0.053003713,-0.75774652,0.65039253,0
0.32593727,0.03746593,-0.50995356,0.70767283,-0.43102193,-0.55983835,0
0.90726209,-0.27247691,1.9367033,0.70454931,0.48993874,0.5133909,0
0.67454958,-1.0326033,1.8170476,0.053003713,-0.75774652,0.65039253,0
0.82482916,-0.87476325,1.9886935,0.053003713,-0.75774652,0.65039253,0
0.81871915,0.15070343,1.654366,0.70454931,0.48993874,0.5133909,0
0.15528685,-1.3987453,1.4327873,0.053003713,-0.75774652,0.65039253,0
0.62075126,0.81808829,-0.73829383,0.70767283,-0.43102193,-0.55983835,0
-0.0029355288,-0.55831504,1.319253,-0.70767283,0.43102193,0.55983835,0
0.13185969,2.1271601,-0.60754108,-0.053003713,0.75774652,-0.65039253,0
-1.1082458,1.1518354,-1.6427906,-0.053003713,0.75774652,-0.65039253,0
-0.86243278,0.28886327,-0.4194544,-0.70767283,0.43102193,0.55983835,0
-0.23820543,0.35682285,-1.4689416,0.70767283,-0.43102193,-0.55983835,0
0.83800262,0.47185409,-0.19710642,0.70767283,-0.43102193,-0.55983835,0
0.98410136,0.22756378,0.17565213,0.70767283,-0.43102193,-0.55983835,0
-0.35445559,-0.42276049,-1.0156846,0.70767283,-0.43102193,-0.55983835,0
0.44520858,-1.2867045,0.66029787,0.70767283,-0.43102193,-0.55983835,0
-1.415682,0.34270155,-1.305993,-0.70454931,-0.48993874,-0.5133909,0
-1.0465617,-0.48892927,-0.053379774,-0.70767283,0.43102193,0.55983835,0
-0.38545328,-0.74627846,0.98043931,-0.70767283,0.43102193,0.55983835,0
0.63669568,0.43081355,1.3662549,-0.70767283,0.43102193,0.55983835,0
-0.15007252,-1.8079234,0.98095536,0.053003713,-0.75774652,0.65039253,0
0.84059167,1.9543017,-0.096858978,0.70454931,0.48993874,0.5133909,0
-1.1536837,-0.3423149,-1.0118208,-0.70454931,-0.48993874,-0.5133909,0
0.87654561,-0.89963067,1.955507,0.053003713,-0.75774652,0.65039253,0
0.66864449,-1.204736,1.6169838,0.053003713,-0.75774652,0.65039253,0
0.42774439,-0.5294565,1.8414426,-0.70767283,0.43102193,0.55983835,0
0.067151122,-1.4440049,0.30351448,0.70767283,-0.43102193,-0.55983835,0
0.60188854,-0.54697609,0.28883153,0.70767283,-0.43102193,-0.55983835,0
-0.84543419,0.72729111,-2.1588283,-0.053003713,0.75774652,-0.65039253,0
1.0155301,1.4870281,0.10899341,0.70454931,0.48993874,0.5133909,0
-1.2372509,-1.8209037,0.51390791,-0.70454931,-0.48993874,-0.5133909,0
-0.62571573,-0.30846092,0.33965406,-0.70767283,0.43102193,0.55983835,0
-0.60681021,0.96833301,-0.61945713,-0.70767283,0.43102193,0.55983835,0
-0.88598263,0.80160129,-2.0689478,-0.053003713,0.75774652,-0.65039253,0
-0.52050251,-1.8798797,0.92731023,0.053003713,-0.75774652,0.65039253,0
-0.66463512,-1.6937419,-0.39327145,-0.70454931,-0.48993874,-0.5133909,0
1.1250452,0.58707559,0.077024743,0.70767283,-0.43102193,-0.55983835,0
-0.15454054,-0.64635664,1.1953982,-0.70767283,0.43102193,0.55983835,0
1.2416482,-0.14369535,1.354912,0.70454931,0.48993874,0.5133909,0
-1.4601578,0.2441127,-1.1508718,-0.70454931,-0.48993874,-0.5133909,0
0.65595162,1.1842523,-0.97570944,0.70767283,-0.43102193,-0.55983835,0
0.71490467,0.11673534,1.7069262,-0.70767283,0.43102193,0.55983835,0
-0.52611291,-2.0886626,0.68452263,0.053003713,-0.75774652,0.65039253,0
1.1889048,-0.95954359,1.8602487,0.053003713,-0.75774652,0.65039253,0
-1.2033193,1.0326469,-1.423,-0.70767283,0.43102193,0.55983835,0
1.3170456,-1.0636535,1.7285118,0.053003713,-0.75774652,0.65039253,0
0.24896035,1.5757674,-0.0053732395,-0.70767283,0.43102193,0.55983835,0
0.46786267,0.33812052,1.2242033,-0.70767283,0.43102193,0.55983835,0
0.99546218,-0.56000519,2.0900559,0.70454931,0.48993874,0.5133909,0
0.39439529,-1.6282287,0.8590076,0.70767283,-0.43102193,-0.55983835,0
0.10231715,-1.7277348,1.0538111,0.053003713,-0.75774652,0.65039253,0
-1.1298487,-0.092064857,-1.2833488,-0.70454931,-0.48993874,-0.5133909,0
0.97129279,1.9335302,-0.90154123,-0.053003713,0.75774652,-0.65039253,0
-0.71242082,0.8172878,-2.0648165,-0.053003713,0.75774652,-0.65039253,0
-0.75062549,0.42150843,-2.166476,0.70767283,-0.43102193,-0.55983835,0
-0.74249893,1.1322538,-0.91718006,-0.70767283,0.43102193,0.55983835,0
1.2380928,0.99805975,-0.096494079,0.70767283,-0.43102193,-0.55983835,0
-0.68496931,-2.1236424,0.65671492,0.053003713,-0.75774652,0.65039253,0
0.19196051,0.74842191,-1.2266769,0.70767283,-0.43102193,-0.55983835,0
0.7753793,0.36195552,1.512241,0.70454931,0.48993874,0.5133909,0
-0.17771888,1.2490472,-1.6053666,-0.053003713,0.75774652,-0.65039253,0
-0.1048944,1.799485,-0.9700079,-0.053003713,0.75774652,-0.65039253,0
-1.3437897,1.0398821,-1.7540275,-0.053003713,0.75774652,-0.65039253,0
-0.3222174,-1.6531277,-0.027668238,0.70767283,-0.43102193,-0.55983835,0
1.4413197,-0.31931382,1.2484897,0.70454931,0.48993874,0.5133909,0
0.78402859,0.30927095,-0.1401598,0.70767283,-0.43102193,-0.55983835,0
0.10996971,-0.35891449,-0.47777575,0.70767283,-0.43102193,-0.55983835,0
0.72707099,1.9905539,-0.81520247,-0.053003713,0.75774652,-0.65039253,0
-0.83409226,-2.1174226,0.24360895,-0.70454931,-0.48993874,-0.5133909,0
-0.93546283,-1.9219247,0.19615698,-0.70454931,-0.48993874,-0.5133909,0
-0.15861124,1.4752762,-1.343353,-0.053003713,0.75774652,-0.65039253,0
-0.97907847,-1.9074351,0.93257809,0.053003713,-0.75774652,0.65039253,0
0.35950303,-1.2882397,0.55314231,0.70767283,-0.43102193,-0.55983835,0
-0.89080393,-1.3848487,-0.37767255,-0.70454931,-0.48993874,-0.5133909,0
0.12553278,1.8892561,-0.88419819,-0.053003713,0.75774652,-0.65039253,0
0.73652959,-1.5203063,1.2437928,0.053003713,-0.75774652,0.65039253,0
-0.40602571,-0.24785423,0.57069528,-0.70767283,0.43102193,0.55983835,0
1.451545,-0.3123267,1.2277892,0.70454931,0.48993874,0.5133909,0
-1.3913306,0.7907545,-1.4744242,-0.70767283,0.43102193,0.55983835,0
0.63515532,0.79056621,1.0873325,-0.70767283,0.43102193,0.55983835,0
-1.3684012,0.72686547,-1.7374933,-0.70454931,-0.48993874,-0.5133909,0
-1.2088215,-1.929338,0.57837367,-0.70454931,-0.48993874,-0.5133909,0
0.91479027,0.89451581,0.81268895,0.70454931,0.48993874,0.5133909,0
0.51007032,-1.0504479,0.56039238,0.70767283,-0.43102193,-0.55983835,0
1.2794809,1.6672418,-0.5593828,0.70767283,-0.43102193,-0.55983835,0
-0.97250456,-0.70682395,-0.91260296,-0.70454931,-0.48993874,-0.5133909,0
1.199836,2.0674093,-0.69780636,0.70454931,0.48993874,0.5133909,0
0.42078936,1.3048217,-1.365797,0.70767283,-0.43102193,-0.55983835,0
-0.65604162,-2.3900409,0.25942659,-0.70454931,-0.48993874,-0.5133909,0
-0.80721056,1.4198427,-1.2203958,-0.70767283,0.43102193,0.55983835,0
0.48287725,-0.25425303,1.6992538,-0.70767283,0.43102193,0.55983835,0
0.6043058,2.1742356,-0.59119749,-0.053003713,0.75774652,-0.65039253,0
-0.65374017,-0.50830555,-1.3281387,0.70767283,-0.43102193,-0.55983835,0
-0.46868011,-1.612766,1.2342904,0.053003713,-0.75774652,0.65039253,0
0.59760261,2.3283341,-0.41111708,-0.053003713,0.75774652,-0.65039253,0
1.004173,-1.1464885,1.6575015,0.053003713,-0.75774652,0.65039253,0
0.60578018,-1.2838132,1.5299772,0.053003713,-0.75774652,0.65039253,0
0.57679319,2.2638385,-0.4845624,-0.053003713,0.75774652,-0.65039253,0
1.0459089,-0.34851468,1.8189963,0.70454931,0.48993874,0.5133909,0
0.5618518,-1.1595575,1.6783226,0.053003713,-0.75774652,0.65039253,0
-0.1229296,1.6694397,-1.120049,-0.053003713,0.75774652,-0.65039253,0
-1.1291962,-1.5140347,0.072768331,-0.70454931,-0.48993874,-0.5133909,0
-1.2662745,-1.3255798,0.081040859,-0.70454931,-0.48993874,-0.5133909,0
0.27594215,0.017200828,-0.55754846,0.70767283,-0.43102193,-0.55983835,0
-0.88484341,-2.2419086,0.53521657,0.053003713,-0.75774652,0.65039253,0
-0.42631474,-0.23937601,0.53852129,-0.70767283,0.43102193,0.55983835,0
-0.37866488,-1.4529709,1.4131255,0.053003713,-0.75774652,0.65039253,0
-1.2543671,0.80563486,-1.9691584,-0.70454931,-0.48993874,-0.5133909,0
-0.075374037,-0.95433629,-0.25364482,0.70767283,-0.43102193,-0.55983835,0
-1.0032833,1.2688673,-1.5149956,-0.053003713,0.75774652,-0.65039253,0
0.75733614,1.3332787,0.61005056,0.70454931,0.48993874,0.5133909,0
-0.21317127,-2.1584754,0.57768345,0.053003713,-0.75774652,0.65039253,0
0.012355506,-1.198406,1.6778429,0.053003713,-0.75774652,0.65039253,0
0.19020139,1.6677828,-1.1474979,-0.053003713,0.75774652,-0.65039253,0
0.83493102,-1.0785934,1.7503958,0.053003713,-0.75774652,0.65039253,0
-1.1416507,1.2303303,-1.5486169,-0.053003713,0.75774652,-0.65039253,0
0.92210722,0.6555329,1.0307134,0.70454931,0.48993874,0.5133909,0
0.66775596,1.8768321,0.21426189,0.70454931,0.48993874,0.5133909,0
1.4951444,-0.70762825,1.5451994,0.70454931,0.48993874,0.5133909,0
-0.49992034,-1.4219103,-0.43031216,0.70767283,-0.43102193,-0.55983835,0
0.29375058,-1.3175254,1.5161291,0.053003713,-0.75774652,0.65039253,0
0.13045636,-1.6122799,1.1860304,0.053003713,-0.75774652,0.65039253,0
-0.0016192198,-1.3296244,1.5261043,0.053003713,-0.75774652,0.65039253,0
1.1262982,-1.1182369,1.6804639,0.053003713,-0.75774652,0.65039253,0
0.92395687,0.68227291,-0.25045699,0.70767283,-0.43102193,-0.55983835,0
-0.20865376,-2.0348094,0.72139359,0.053003713,-0.75774652,0.65039253,0
-1.2792017,-1.7065421,0.46234131,-0.70454931,-0.48993874,-0.5133909,0
-0.6540302,-1.9606645,-0.15309548,-0.70454931,-0.48993874,-0.5133909,0
1.3793035,-0.44769308,1.4561123,0.70454931,0.48993874,0.5133909,0
0.83041751,0.10929918,1.6778244,0.70454931,0.48993874,0.5133909,0
0.22669101,-1.7548187,1.0121212,0.053003713,-0.75774652,0.65039253,0
-1.0740868,-1.2453884,-0.25923491,-0.70454931,-0.48993874,-0.5133909,0
0.067468852,-1.8784044,0.88111234,0.053003713,-0.75774652,0.65039253,0
-0.64881539,0.75275499,-0.50658023,-0.70767283,0.43102193,0.55983835,0
-0.73107481,-0.87782812,-1.0807352,-0.70454931,-0.48993874,-0.5133909,0
-0.50378579,-2.1807165,0.57545519,0.053003713,-0.75774652,0.65039253,0
0.85236949,1.824952,0.010418653,0.70454931,0.48993874,0.5133909,0
-0.80786037,-0.01400578,-1.7997209,-0.70454931,-0.48993874,-0.5133909,0
0.94257474,1.2529947,0.43245578,0.70454931,0.48993874,0.5133909,0
0.96850187,2.0265627,-0.79292536,-0.053003713,0.75774652,-0.65039253,0
0.98442888,-0.74432909,0.92433071,0.70767283,-0.43102193,-0.55983835,0
-0.7833854,-2.2424159,0.52635717,0.053003713,-0.75774652,0.65039253,0
1.2636094,1.9941255,-0.71538949,0.70454931,0.48993874,0.5133909,0
-1.3471792,-0.96081924,-0.15602767,-0.70454931,-0.48993874,-0.5133909,0
1.4467769,-0.0039087757,0.94000357,0.70454931,0.48993874,0.5133909,0
0.59278941,-0.20422858,0.013446808,0.70767283,-0.43102193,-0.55983835,0
-0.67538911,-2.3007698,0.44956994,0.053003713,-0.75774652,0.65039253,0
-1.0324931,-0.15795064,-1.3540781,-0.70454931,-0.48993874,-0.5133909,0
1.0099159,-0.4297899,1.9459536,0.70454931,0.48993874,0.5133909,0
-0.91456366,-1.7270288,1.0666927,-0.70767283,0.43102193,0.55983835,0
0.85450757,1.6687056,0.15659344,0.70454931,0.48993874,0.5133909,0
-0.92869741,0.83034492,-0.92010641,-0.70767283,0.43102193,0.55983835,0
-1.0805106,0.017820418,-1.4559233,-0.70454931,-0.48993874,-0.5133909,0
0.69035804,0.9801237,-0.77505791,0.70767283,-0.43102193,-0.55983835,0
0.25540593,1.4881921,-1.3620458,-0.053003713,0.75774652,-0.65039253,0
1.0345203,-0.78672087,2.0741796,0.053003713,-0.75774652,0.65039253,0
-1.3084756,-0.71928447,-0.43964362,-0.70454931,-0.48993874,-0.5133909,0
-0.34578723,-2.1385341,0.3162539,0.70767283,-0.43102193,-0.55983835,0
0.55928242,0.40093803,1.2914007,-0.70767283,0.43102193,0.55983835,0
-1.1606559,-0.54318994,-0.81055355,-0.70454931,-0.48993874,-0.5133909,0
-0.27616778,1.3567634,-0.5005579,-0.70767283,0.43102193,0.55983835,0
0.82045519,-0.65136921,2.2493176,0.053003713,-0.75774652,0.65039253,0
1.3564495,0.94214582,0.096164942,0.70767283,-0.43102193,-0.55983835,0
1.011569,-0.73292691,2.1387234,0.053003713,-0.75774652,0.65039253,0
0.85791135,2.029464,-0.19235611,0.70454931,0.48993874,0.5133909,0
-1.4402291,0.64811462,-1.4264162,-0.70767283,0.43102193,0.55983835,0
-1.193532,-2.091027,0.71169424,-0.70454931,-0.48993874,-0.5133909,0
-1.215535,-1.5672235,0.56321037,-0.70767283,0.43102193,0.55983835,0
0.77919072,-1.364429,1.1423137,0.70767283,-0.43102193,-0.55983835,0
-0.4956376,1.3257778,-1.4900619,-0.053003713,0.75774652,-0.65039253,0
-1.4804474,0.92488849,-1.7727044,-0.70454931,-0.48993874,-0.5133909,0
0.31337109,1.2002959,-1.4211059,0.70767283,-0.43102193,-0.55983835,0
0.89656782,1.803563,-1.0468712,-0.053003713,0.75774652,-0.65039253,0
0.35860664,2.0682857,-0.24596524,-0.70767283,0.43102193,0.55983835,0
-0.84015334,-1.5426713,-0.29656935,-0.70454931,-0.48993874,-0.5133909,0
0.17571808,-1.0048681,0.10265696,0.70767283,-0.43102193,-0.55983835,0
0.28656721,-0.42491093,-0.20373395,0.70767283,-0.43102193,-0.55983835,0
1.3758694,0.50728858,0.45551139,0.70767283,-0.43102193,-0.55983835,0
0.53773093,-1.170041,0.68743241,0.70767283,-0.43102193,-0.55983835,0
0.31128749,-0.2305674,-0.32211185,0.70767283,-0.43102193,-0.55983835,0
0.88540983,2.158133,-0.63286614,-0.053003713,0.75774652,-0.65039253,0
-0.68803632,-1.6772776,1.1770072,0.053003713,-0.75774652,0.65039253,0
0.7756232,-1.4219226,1.3552301,0.053003713,-0.75774652,0.65039253,0
-0.94508767,0.018150926,-1.6420857,-0.70454931,-0.48993874,-0.5133909,0
-1.1232874,-0.25801075,-0.32815126,-0.70767283,0.43102193,0.55983835,0
-0.57372582,1.3787591,-0.89362538,-0.70767283,0.43102193,0.55983835,0
0.6142841,-0.42491859,0.2105279,0.70767283,-0.43102193,-0.55983835,0
-0.82336497,-1.2802997,-0.56999499,-0.70454931,-0.48993874,-0.5133909,0
-1.3012476,0.87223089,-1.4232829,-0.70767283,0.43102193,0.55983835,0
-1.0741991,-1.0312647,-0.46342298,-0.70454931,-0.48993874,-0.5133909,0
-0.23448491,-1.1131067,-0.33253324,0.70767283,-0.43102193,-0.55983835,0
1.352746,0.88034177,0.22518921,0.70454931,0.48993874,0.5133909,0
0.71798044,-0.61676842,0.48931289,0.70767283,-0.43102193,-0.55983835,0
-0.65585822,-1.6176503,1.243854,0.053003713,-0.75774652,0.65039253,0
0.43465102,2.1917994,-0.55690885,-0.053003713,0.75774652,-0.65039253,0
1.1759322,0.98783219,0.3652586,0.70454931,0.48993874,0.5133909,0
-0.76477277,-1.7164371,-0.23418951,-0.70454931,-0.48993874,-0.5133909,0
1.0941687,-0.70589781,2.0938249,0.70454931,0.48993874,0.5133909,0
-0.20166907,-1.3644501,1.5018334,0.053003713,-0.75774652,0.65039253,0
0.40741235,1.827873,-0.9786849,-0.053003713,0.75774652,-0.65039253,0
-0.46872458,0.94486517,-0.42684007,-0.70767283,0.43102193,0.55983835,0
0.87301517,0.80152237,-0.40666133,0.70767283,-0.43102193,-0.55983835,0
-0.97037655,1.0454837,-1.7779325,-0.053003713,0.75774652,-0.65039253,0
0.96352768,1.2347559,0.42110682,0.70454931,0.48993874,0.5133909,0
-0.41632822,0.22733399,0.19182283,-0.70767283,0.43102193,0.55983835,0
-0.53817666,-1.7279805,-0.2430259,0.70767283,-0.43102193,-0.55983835,0
-0.12531173,-1.2600418,1.6172526,0.053003713,-0.75774652,0.65039253,0
-0.53372872,-0.051364601,0.25799212,-0.70767283,0.43102193,0.55983835,0
-1.0512668,0.54493046,-1.9990871,-0.70454931,-0.48993874,-0.5133909,0
0.21095192,1.1451637,0.2781052,-0.70767283,0.43102193,0.55983835,0
-0.52448863,-1.6217048,1.2284245,0.053003713,-0.75774652,0.65039253,0
-1.0602417,1.016116,-1.229413,-0.70767283,0.43102193,0.55983835,0
1.297044,-0.73166144,1.8399967,0.70454931,0.48993874,0.5133909,0
1.0611553,0.61309874,0.88038719,0.70454931,0.48993874,0.5133909,0
-0.17875218,1.0669336,-1.8174553,-0.053003713,0.75774652,-0.65039253,0
-0.13909841,1.0485194,-1.8421408,-0.053003713,0.75774652,-0.65039253,0
1.2739252,0.49576509,0.33551934,0.70767283,-0.43102193,-0.55983835,0
0.84301335,1.5005853,-0.98279738,0.70767283,-0.43102193,-0.55983835,0
1.1286831,0.90364963,0.51043767,0.70454931,0.48993874,0.5133909,0
0.54621822,-0.53501612,0.20925248,0.70767283,-0.43102193,-0.55983835,0
-0.65820652,-2.2127037,0.55077243,0.053003713,-0.75774652,0.65039253,0
-0.18252105,1.1058246,-1.7718378,-0.053003713,0.75774652,-0.65039253,0
0.89431483,1.0929863,0.65138406,0.70454931,0.48993874,0.5133909,0
0.059814155,-1.1627656,1.7154984,0.053003713,-0.75774652,0.65039253,0
0.23068154,-1.340495,1.4945083,0.053003713,-0.75774652,0.65039253,0
-1.4011216,0.13545871,-1.128199,-0.70454931,-0.48993874,-0.5133909,0
-0.88545012,-0.3598032,-1.36324,-0.70454931,-0.48993874,-0.5133909,0
1.1053863,0.53149033,0.89756757,0.70454931,0.48993874,0.5133909,0
0.29896581,-0.71767282,1.8235667,-0.70767283,0.43102193,0.55983835,0
-0.78815466,-0.49144554,-1.371134,-0.70454931,-0.48993874,-0.5133909,0
0.78322184,-1.2463607,1.5591509,0.053003713,-0.75774652,0.65039253,0
1.3021941,-0.71133095,1.8135273,0.70454931,0.48993874,0.5133909,0
-0.14259711,-0.11363482,0.80035037,-0.70767283,0.43102193,0.55983835,0
-0.44878113,1.6368411,-0.9343853,-0.70767283,0.43102193,0.55983835,0
1.1404088,0.5188815,0.14894837,0.70767283,-0.43102193,-0.55983835,0
-1.0490317,0.17913036,-0.57084394,-0.70767283,0.43102193,0.55983835,0
-0.21038455,1.5053866,-1.3040538,-0.053003713,0.75774652,-0.65039253,0
-0.91313726,1.3617413,-1.3095617,-0.70767283,0.43102193,0.55983835,0
-0.92960274,0.7137686,-2.1677237,-0.053003713,0.75774652,-0.65039253,0
-0.31566519,1.2129947,-1.6361281,-0.053003713,0.75774652,-0.65039253,0
-1.1834555,0.84289742,-1.996593,-0.053003713,0.75774652,-0.65039253,0
1.044517,-0.33184111,1.8049947,0.70454931,0.48993874,0.5133909,0
0.54398692,0.59920359,-0.66680861,0.70767283,-0.43102193,-0.55983835,0
-0.2200183,-1.4807264,1.3678601,0.053003713,-0.75774652,0.65039253,0
1.0385501,-0.42979753,1.9066652,0.70454931,0.48993874,0.5133909,0
0.096186988,1.8591876,-0.91683793,-0.053003713,0.75774652,-0.65039253,0
0.75146294,0.86601454,-0.60996419,0.70767283,-0.43102193,-0.55983835,0
1.1004522,-0.63490224,2.0174494,0.70454931,0.48993874,0.5133909,0
-0.049001813,-1.221167,1.6563251,0.053003713,-0.75774652,0.65039253,0
0.26928872,0.35759115,0.95820224,-0.70767283,0.43102193,0.55983835,0
0.66327929,-0.23421097,0.12563443,0.70767283,-0.43102193,-0.55983835,0
0.78911865,1.7630492,0.15629578,0.70454931,0.48993874,0.5133909,0
0.54052067,2.0485189,-0.7324667,-0.053003713,0.75774652,-0.65039253,0
0.93796778,1.3037959,-0.71125937,0.70767283,-0.43102193,-0.55983835,0
0.95534515,-0.74125272,0.88519847,0.70767283,-0.43102193,-0.55983835,0
-0.94626874,0.98689091,-1.0628431,-0.70767283,0.43102193,0.55983835,0
-1.145808,-0.43162259,-0.9374007,-0.70454931,-0.48993874,-0.5133909,0
-0.61638802,-2.4285297,0.24173903,-0.70454931,-0.48993874,-0.5133909,0
0.022238225,1.529609,-1.2947907,-0.053003713,0.75774652,-0.65039253,0
0.39249891,0.31157094,1.1493795,-0.70767283,0.43102193,0.55983835,0
-0.72858661,-2.3684709,0.33839869,-0.70454931,-0.48993874,-0.5133909,0
-0.20157963,-1.5012987,0.0079318285,0.70767283,-0.43102193,-0.55983835,0
-0.79813766,-2.1892357,0.2627995,-0.70454931,-0.48993874,-0.5133909,0
1.3115724,1.6378052,-0.44116807,0.70454931,0.48993874,0.5133909,0
-0.18317217,1.351607,-1.4854337,-0.053003713,0.75774652,-0.65039253,0
1.311462,1.672251,-0.47388875,0.70454931,0.48993874,0.5133909,0
0.37348077,2.0553055,-0.71094704,-0.053003713,0.75774652,-0.65039253,0
-0.3147642,-1.5788347,1.261279,0.053003713,-0.75774652,0.65039253,0
-0.95355213,0.66293168,-2.2249999,-0.053003713,0.75774652,-0.65039253,0
0.59054375,-1.2938076,1.5195748,0.053003713,-0.75774652,0.65039253,0
0.24990815,0.44677097,0.86504388,-0.70767283,0.43102193,0.55983835,0
-0.42641383,1.1546729,-1.6950508,-0.053003713,0.75774652,-0.65039253,0
0.62238979,-0.40646139,0.20656347,0.70767283,-0.43102193,-0.55983835,0
-0.65705097,-0.47088483,0.42509505,-0.70767283,0.43102193,0.55983835,0
0.97163188,2.0120316,-0.81010985,-0.053003713,0.75774652,-0.65039253,0
0.011852205,1.2533151,-0.056836009,-0.70767283,0.43102193,0.55983835,0
-0.38968754,1.2737166,-1.5593508,-0.053003713,0.75774652,-0.65039253,0
0.44688773,1.2231958,-1.2699627,0.70767283,-0.43102193,-0.55983835,0
0.25958177,2.0273886,-0.33965206,-0.70767283,0.43102193,0.55983835,0
-0.037980318,0.8270157,0.20838201,-0.70767283,0.43102193,0.55983835,0
1.1281434,0.014558509,0.52172452,0.70767283,-0.43102193,-0.55983835,0
-1.3321023,0.17515145,-0.92560041,-0.70767283,0.43102193,0.55983835,0
-0.28851616,1.5580007,-1.236388,-0.053003713,0.75774652,-0.65039253,0
1.2629433,0.91888666,-0.0041257143,0.70767283,-0.43102193,-0.55983835,0
-1.2276397,-0.40989202,-0.84583735,-0.70454931,-0.48993874,-0.5133909,0
-0.1555559,-1.288411,-0.097794414,0.70767283,-0.43102193,-0.55983835,0
-0.58617055,-0.47654164,-1.2671813,0.70767283,-0.43102193,-0.55983835,0
-0.99659419,1.1630442,-1.6388308,-0.053003713,0.75774652,-0.65039253,0
-0.93565494,-2.1294675,0.39448237,-0.70454931,-0.48993874,-0.5133909,0
0.6314224,-1.3408979,1.4613802,0.053003713,-0.75774652,0.65039253,0
0.23214407,-0.099052727,-0.52340806,0.70767283,-0.43102193,-0.55983835,0
-0.97000504,-0.4377445,-1.1728206,-0.70454931,-0.48993874,-0.5133909,0
1.1555395,-0.49835694,1.8115427,0.70454931,0.48993874,0.5133909,0
0.99864376,-1.2238203,1.3114616,0.70767283,-0.43102193,-0.55983835,0
0.98831534,0.26337451,1.3140973,0.70454931,0.48993874,0.5133909,0
0.79610026,0.28097689,-0.10311669,0.70767283,-0.43102193,-0.55983835,0
1.0174514,0.64995295,-0.10739037,0.70767283,-0.43102193,-0.55983835,0
0.07943356,1.3651621,-1.4910421,-0.053003713,0.75774652,-0.65039253,0
0.79298151,0.42377746,1.429087,0.70454931,0.48993874,0.5133909,0
-0.22323611,1.8800361,-0.86651683,-0.053003713,0.75774652,-0.65039253,0
-0.86731774,-0.95025408,-0.82464552,-0.70454931,-0.48993874,-0.5133909,0
-0.67241013,-1.1998781,0.96693516,-0.70767283,0.43102193,0.55983835,0
-1.039633,-0.33110219,-1.1790377,-0.70454931,-0.48993874,-0.5133909,0
-0.38839459,-1.0435867,-0.5806092,0.70767283,-0.43102193,-0.55983835,0
-0.68430704,0.78685814,-0.57770026,-0.70767283,0.43102193,0.55983835,0
-1.0337868,-0.36136657,-0.13544239,-0.70767283,0.43102193,0.55983835,0
-0.12032846,-1.2000554,-0.12128985,0.70767283,-0.43102193,-0.55983835,0
1.2635173,1.3083751,-0.30326891,0.70767283,-0.43102193,-0.55983835,0
-0.86898798,0.19209981,-1.9125233,-0.70454931,-0.48993874,-0.5133909,0
0.78360879,-1.0121673,1.8319689,0.053003713,-0.75774652,0.65039253,0
-0.99930966,-1.5747094,-0.04757762,-0.70454931,-0.48993874,-0.5133909,0
-0.90316451,-0.72904766,-0.98655266,-0.70454931,-0.48993874,-0.5133909,0
-0.106049,-0.87930745,1.4360445,-0.70767283,0.43102193,0.55983835,0
1.1280218,-0.061985016,1.4328685,0.70454931,0.48993874,0.5133909,0
-0.35571504,0.56148279,0.011179268,-0.70767283,0.43102193,0.55983835,0
1.2233301,1.4584409,-0.14889848,0.70454931,0.48993874,0.5133909,0
0.18216932,-1.0372273,1.8517866,0.053003713,-0.75774652,0.65039253,0
0.72993898,2.3785334,-0.34985781,0.70454931,0.48993874,0.5133909,0
0.34025216,-1.6948442,1.0727403,0.053003713,-0.75774652,0.65039253,0
-0.7579934,0.8747319,-1.9941772,-0.053003713,0.75774652,-0.65039253,0
0.48053777,-0.97918117,1.8950984,0.053003713,-0.75774652,0.65039253,0
1.0353153,1.9135396,-0.93004894,-0.053003713,0.75774652,-0.65039253,0
-1.1157348,-0.2958515,-0.28947058,-0.70767283,0.43102193,0.55983835,0
-1.2919632,-1.9595708,0.72132444,-0.70454931,-0.48993874,-0.5133909,0
0.91752762,0.93202204,0.77313954,0.70454931,0.48993874,0.5133909,0
-1.129529,-1.0993626,-0.32250434,-0.70454931,-0.48993874,-0.5133909,0
0.34162545,2.242707,-0.49001694,-0.053003713,0.75774652,-0.65039253,0
-0.88479614,-1.6038758,-0.1768955,-0.70454931,-0.48993874,-0.5133909,0
-0.93769622,0.51940173,-0.69208503,-0.70767283,0.43102193,0.55983835,0
1.1156242,1.7058268,-0.2371738,0.70454931,0.48993874,0.5133909,0
-1.0172799,-0.3986488,-1.1452531,-0.70454931,-0.48993874,-0.5133909,0
0.81827611,0.17314547,0.0079349987,0.70767283,-0.43102193,-0.55983835,0
0.94121355,1.2718928,0.41628897,0.70454931,0.48993874,0.5133909,0
-1.1351542,0.26747116,-0.74772245,-0.70767283,0.43102193,0.55983835,0
-0.97814649,-1.8097259,1.0463394,0.053003713,-0.75774652,0.65039253,0
0.3587175,1.9705698,-0.8084662,-0.053003713,0.75774652,-0.65039253,0
0.87981874,0.029451489,1.6862291,0.70454931,0.48993874,0.5133909,0
-1.0650518,0.38422811,-1.826808,-0.70454931,-0.48993874,-0.5133909,0
-1.1308268,-2.0341179,0.7973516,0.053003713,-0.75774652,0.65039253,0
-0.74932194,0.94847512,-0.78431296,-0.70767283,0.43102193,0.55983835,0
-0.26675987,-1.6918294,1.1257215,0.053003713,-0.75774652,0.65039253,0
-0.93361479,-1.8777707,0.15148342,-0.70454931,-0.48993874,-0.5133909,0
0.54610908,-1.2249806,1.6033837,0.053003713,-0.75774652,0.65039253,0
-1.2001997,-0.16599861,-1.1162466,-0.70454931,-0.48993874,-0.5133909,0
-1.4641078,0.44101956,-1.3333629,-0.70454931,-0.48993874,-0.5133909,0
-0.61033815,1.084048,-1.762344,-0.053003713,0.75774652,-0.65039253,0
-0.89604837,-0.097579241,-1.5989407,-0.70454931,-0.48993874,-0.5133909,0
-0.48512372,-0.33102459,0.53474343,-0.70767283,0.43102193,0.55983835,0
-0.087744683,-0.85488498,-0.34584999,0.70767283,-0.43102193,-0.55983835,0
1.0390248,-1.0883707,1.7223721,0.053003713,-0.75774652,0.65039253,0
-1.120477,-1.8747268,0.40501797,-0.70454931,-0.48993874,-0.5133909,0
-0.12077333,-1.8187827,0.96591568,0.053003713,-0.75774652,0.65039253,0
0.6661635,2.1814201,-0.58786798,-0.053003713,0.75774652,-0.65039253,0
0.76168233,1.5165579,0.42917931,0.70454931,0.48993874,0.5133909,0
-1.3208048,0.26676446,-0.98185313,-0.70767283,0.43102193,0.55983835,0
1.3044465,1.9183476,-0.69911587,0.70454931,0.48993874,0.5133909,0
-0.20025702,-1.971153,0.794873,0.053003713,-0.75774652,0.65039253,0
1.3117223,-0.33032748,1.4368523,0.70454931,0.48993874,0.5133909,0
-0.38033921,-0.83091837,-0.7341609,0.70767283,-0.43102193,-0.55983835,0
1.2083127,0.143599,1.1264892,0.70454931,0.48993874,0.5133909,0
1.3809434,0.87527102,0.19133195,0.70454931,0.48993874,0.5133909,0
1.1252739,2.0173411,-0.54770064,0.70454931,0.48993874,0.5133909,0
1.0537332,1.8058424,-0.24768496,0.70454931,0.48993874,0.5133909,0
0.596802,2.453341,-0.26541138,-0.053003713,0.75774652,-0.65039253,0
-1.2140876,-1.7213428,0.6836971,-0.70767283,0.43102193,0.55983835,0
1.4501015,-0.76258618,1.6594614,0.70454931,0.48993874,0.5133909,0
-1.1005017,-1.1912339,-0.27466518,-0.70454931,-0.48993874,-0.5133909,0
-0.04841888,-0.84403527,1.4817363,-0.70767283,0.43102193,0.55983835,0
-0.27555409,-1.4504495,-0.12472594,0.70767283,-0.43102193,-0.55983835,0
0.71847004,2.1357028,-0.10238028,0.70454931,0.48993874,0.5133909,0
1.1395659,-1.1702509,1.6187832,0.053003713,-0.75774652,0.65039253,0
0.32074285,1.6848433,-1.1382599,-0.053003713,0.75774652,-0.65039253,0
-1.1121305,-1.1254072,0.35376418,-0.70767283,0.43102193,0.55983835,0
1.4204242,-0.24270594,1.2040575,0.70454931,0.48993874,0.5133909,0
-0.3320384,1.5520056,-1.2398255,-0.053003713,0.75774652,-0.65039253,0
1.2717102,-0.21999112,1.3864669,0.70454931,0.48993874,0.5133909,0
1.2482517,0.73847169,0.11620542,0.70767283,-0.43102193,-0.55983835,0
-0.70381379,-1.7948914,-0.24297571,-0.70454931,-0.48993874,-0.5133909,0
-0.87101698,-2.0895612,0.71158385,0.053003713,-0.75774652,0.65039253,0
-0.91669106,-0.73000216,-0.9670788,-0.70454931,-0.48993874,-0.5133909,0
0.1647796,1.8102932,-0.97939301,-0.053003713,0.75774652,-0.65039253,0
0.97208357,-0.54738045,2.1100919,0.70454931,0.48993874,0.5133909,0
1.0072906,-0.85482782,1.0383028,0.70767283,-0.43102193,-0.55983835,0
-0.2462022,-1.9307761,0.28218246,0.70767283,-0.43102193,-0.55983835,0
0.12127444,1.622834,-1.1942489,-0.053003713,0.75774652,-0.65039253,0
-1.1893997,-1.0854142,0.22529989,-0.70767283,0.43102193,0.55983835,0
0.0068794489,-0.46445042,1.2593931,-0.70767283,0.43102193,0.55983835,0
-0.091537952,-1.3009157,1.5668795,0.053003713,-0.75774652,0.65039253,0
-0.97305369,-1.6718428,0.0090864897,-0.70454931,-0.48993874,-0.5133909,0
0.12906799,1.8291898,-0.352036,-0.70767283,0.43102193,0.55983835,0
1.341156,0.76133323,0.35466698,0.70454931,0.48993874,0.5133909,0
1.3035938,1.4344622,-0.3496846,0.70767283,-0.43102193,-0.55983835,0
1.1636947,0.91927922,0.44747397,0.70454931,0.48993874,0.5133909,0
-1.0293913,0.0061026216,-1.514894,-0.70454931,-0.48993874,-0.5133909,0
0.30489957,0.19763678,1.1263664,-0.70767283,0.43102193,0.55983835,0
-1.2077227,-0.83969527,-0.46300119,-0.70454931,-0.48993874,-0.5133909,0
0.76023376,-0.66683507,2.2362065,0.053003713,-0.75774652,0.65039253,0
-0.21296543,-0.26737893,-0.95646065,0.70767283,-0.43102193,-0.55983835,0
1.3053904,-0.47682372,1.5853462,0.70454931,0.48993874,0.5133909,0
0.44744912,1.5279732,-1.3313489,-0.053003713,0.75774652,-0.65039253,0
-0.84159529,0.70322311,-2.1871819,-0.053003713,0.75774652,-0.65039253,0
0.83716571,1.8885554,-0.94300914,-0.053003713,0.75774652,-0.65039253,0
1.1911325,0.60416669,0.71053761,0.70454931,0.48993874,0.5133909,0
0.82268077,-1.1604375,1.0402341,0.70767283,-0.43102193,-0.55983835,0
0.95810491,-1.2892189,1.4949665,0.053003713,-0.75774652,0.65039253,0
0.24308673,-1.3629301,0.46348894,0.70767283,-0.43102193,-0.55983835,0
1.0186341,-0.35745478,1.8649585,0.70454931,0.48993874,0.5133909,0
1.0550718,0.32445586,1.1641932,0.70454931,0.48993874,0.5133909,0
0.8570807,-1.1370518,1.065713,0.70767283,-0.43102193,-0.55983835,0
-0.71575397,0.88216162,-1.9889632,-0.053003713,0.75774652,-0.65039253,0
-0.46324819,0.99649143,-0.4596647,-0.70767283,0.43102193,0.55983835,0
0.084102064,-0.042943835,-0.75374138,0.70767283,-0.43102193,-0.55983835,0
-0.87488699,-2.0111682,0.80323195,0.053003713,-0.75774652,0.65039253,0
0.89092207,2.2281232,-0.42724276,0.70454931,0.48993874,0.5133909,0
0.98694617,1.5030781,0.1329037,0.70454931,0.48993874,0.5133909,0
0.48741657,2.2384467,-0.50686145,-0.053003713,0.75774652,-0.65039253,0
-0.88399476,-0.85547471,-0.89220846,-0.70454931,-0.48993874,-0.5133909,0
0.608266,1.3909588,-1.1951313,0.70767283,-0.43102193,-0.55983835,0
0.81038892,1.3136967,0.55593121,0.70454931,0.48993874,0.5133909,0
0.85787022,1.9242135,-0.90315223,-0.053003713,0.75774652,-0.65039253,0
-0.42542323,1.516203,-1.2739272,-0.053003713,0.75774652,-0.65039253,0
0.30084819,1.1232731,0.40859365,-0.70767283,0.43102193,0.55983835,0
-0.702896,-0.16876078,-1.6516917,0.70767283,-0.43102193,-0.55983835,0
0.090755478,1.9706126,-0.78657842,-0.053003713,0.75774652,-0.65039253,0
-0.028920114,1.4478226,-1.3859076,-0.053003713,0.75774652,-0.65039253,0
-0.77927768,1.0245295,-1.8179189,-0.053003713,0.75774652,-0.65039253,0
-1.3491901,-1.2320559,0.10557806,-0.70454931,-0.48993874,-0.5133909,0
1.2695378,1.7968946,-0.67177153,0.70767283,-0.43102193,-0.55983835,0
-0.8033911,1.3731763,-1.4097595,-0.053003713,0.75774652,-0.65039253,0
-1.0107033,0.65888989,-2.1635075,-0.70454931,-0.48993874,-0.5133909,0
0.41641372,0.49588031,1.0377086,-0.70767283,0.43102193,0.55983835,0
0.97971034,-0.594872,0.80329847,0.70767283,-0.43102193,-0.55983835,0
0.96279663,0.12017202,1.4857786,0.70454931,0.48993874,0.5133909,0
-0.35300323,-2.2749789,0.45334554,0.053003713,-0.75774652,0.65039253,0
1.3663919,0.45768058,0.60981607,0.70454931,0.48993874,0.5133909,0
-0.41898736,0.62359172,-0.11661905,-0.70767283,0.43102193,0.55983835,0
0.8124485,1.3474561,0.52088755,0.70454931,0.48993874,0.5133909,0
0.96869588,1.1845216,0.46195382,0.70454931,0.48993874,0.5133909,0
0.43139526,1.2075956,-1.2775356,0.70767283,-0.43102193,-0.55983835,0
-0.61407948,0.4882367,-0.25901783,-0.70767283,0.43102193,0.55983835,0
