-0.21351337,-0.92659038,1.7551799,0.86529291,0.1605162,0.4748714,0
1.1976856,-2.0959282,-0.6409936,0.069596797,-0.97663844,0.20330739,0
0.20014358,1.6523414,-1.9683985,-0.069596797,0.97663844,-0.20330739,0
-0.045060426,-2.0926628,-0.19988728,0.069596797,-0.97663844,0.20330739,0
0.38063157,1.8037002,-1.3030926,-0.069596797,0.97663844,-0.20330739,0
-0.070405006,-0.3219167,1.2900206,0.86529291,0.1605162,0.4748714,0
-0.033096522,1.2708194,0.68366069,0.86529291,0.1605162,0.4748714,0
-1.2954407,1.6360013,0.75458407,-0.86529291,-0.1605162,-0.4748714,0
-0.87043494,1.6257806,-0.016390562,-0.86529291,-0.1605162,-0.4748714,0
-0.78951561,2.1400418,0.71317899,-0.069596797,0.97663844,-0.20330739,0
0.45282635,-2.0975473,-0.39378893,0.069596797,-0.97663844,0.20330739,0
-1.4235412,0.23523939,1.471217,-0.4964118,0.14287078,0.85624969,0
-0.81085002,2.1958315,0.98848319,-0.069596797,0.97663844,-0.20330739,0
-0.043855429,1.7244625,-1.5384198,-0.069596797,0.97663844,-0.20330739,0
-0.26804447,-1.9398729,0.61041152,0.069596797,-0.97663844,0.20330739,0
0.6662277,-2.3015742,-1.4469366,0.069596797,-0.97663844,0.20330739,0
0.52252102,0.48110271,-2.113111,0.4964118,-0.14287078,-0.85624969,0
0.35995996,1.8491418,-1.0777251,-0.069596797,0.97663844,-0.20330739,0
0.27093124,1.7365751,-1.5879921,-0.069596797,0.97663844,-0.20330739,0
-1.2548351,-1.4271007,1.7159867,-0.86529291,-0.1605162,-0.4748714,0
-0.093038678,-0.26296353,1.3113356,0.86529291,0.1605162,0.4748714,0
-0.95772386,-0.40598094,0.82944149,-0.86529291,-0.1605162,-0.4748714,0
-0.77498245,-0.59991693,1.986571,-0.4964118,0.14287078,0.85624969,0
0.28320986,0.13763973,0.49033728,0.86529291,0.1605162,0.4748714,0
-0.49297696,1.8906213,-0.58648896,-0.069596797,0.97663844,-0.20330739,0
-1.3218899,2.1395817,0.89321256,-0.069596797,0.97663844,-0.20330739,0
-0.59530604,-1.8853576,0.98431826,0.069596797,-0.97663844,0.20330739,0
0.022937298,-0.4396078,-0.94611573,-0.86529291,-0.1605162,-0.4748714,0
-0.19458508,-1.804451,1.2357981,0.069596797,-0.97663844,0.20330739,0
1.0555695,-2.1756873,-0.97548687,0.069596797,-0.97663844,0.20330739,0
-0.40815115,-0.12248553,1.8380374,0.86529291,0.1605162,0.4748714,0
-1.1895163,-1.074043,1.8253555,-0.4964118,0.14287078,0.85624969,0
-0.35492229,-1.6709323,1.9320769,0.069596797,-0.97663844,0.20330739,0
-1.1851301,-0.078874171,1.6618478,-0.4964118,0.14287078,0.85624969,0
0.97313714,1.3732835,-2.0007319,0.4964118,-0.14287078,-0.85624969,0
0.6528964,1.0434316,-2.1313539,0.4964118,-0.14287078,-0.85624969,0
1.2748911,0.039611101,-1.6032575,0.4964118,-0.14287078,-0.85624969,0
0.62929225,1.0238845,-2.1417766,0.4964118,-0.14287078,-0.85624969,0
0.65405607,1.754518,-1.6329507,-0.069596797,0.97663844,-0.20330739,0
-1.1819488,0.8626442,1.5065939,-0.4964118,0.14287078,0.85624969,0
1.067436,0.10153484,-1.7338622,0.4964118,-0.14287078,-0.85624969,0
0.72395205,0.69142437,-2.0314245,0.4964118,-0.14287078,-0.85624969,0
-0.087880373,0.42288199,-1.0357271,-0.86529291,-0.1605162,-0.4748714,0
-0.74866569,1.5735672,-0.22062457,-0.86529291,-0.1605162,-0.4748714,0
-0.24630031,-0.054169625,-0.58580714,-0.86529291,-0.1605162,-0.4748714,0
-0.10855973,0.74921024,-1.1083519,-0.86529291,-0.1605162,-0.4748714,0
0.75229621,0.33004081,-0.4294498,0.86529291,0.1605162,0.4748714,0
0.38304883,-1.9083244,0.539078,0.069596797,-0.97663844,0.20330739,0
0.22030354,1.312397,-1.8979629,-0.86529291,-0.1605162,-0.4748714,0
0.93910611,-1.30804,-1.5730649,0.4964118,-0.14287078,-0.85624969,0
0.93001139,1.3177848,-1.0871539,0.86529291,0.1605162,0.4748714,0
-0.18370479,-1.5540061,-0.19289052,-0.86529291,-0.1605162,-0.4748714,0
-0.82588208,2.1254671,0.65561485,-0.069596797,0.97663844,-0.20330739,0
1.4470257,-1.9727504,-0.91696846,0.86529291,0.1605162,0.4748714,0
-0.59653181,2.0615559,0.27008867,-0.069596797,0.97663844,-0.20330739,0
0.79413176,-2.0410337,-0.23914838,0.069596797,-0.97663844,0.20330739,0
-0.90816271,1.9994948,0.078641415,-0.069596797,0.97663844,-0.20330739,0
-0.83703893,0.31227207,0.36674976,-0.86529291,-0.1605162,-0.4748714,0
0.23207593,-1.9040694,0.61119902,0.069596797,-0.97663844,0.20330739,0
-0.32647133,-1.4573772,2.1404243,0.86529291,0.1605162,0.4748714,0
0.64457142,-1.3795178,-1.7318953,0.4964118,-0.14287078,-0.85624969,0
-0.0655756,-1.8263605,1.0863872,0.069596797,-0.97663844,0.20330739,0
-1.3377131,0.16138089,1.5332997,-0.4964118,0.14287078,0.85624969,0
0.20202494,-0.11593089,-1.381852,-0.86529291,-0.1605162,-0.4748714,0
-1.214083,-0.76901466,1.7602171,-0.4964118,0.14287078,0.85624969,0
0.089867651,0.26021552,0.80120504,0.86529291,0.1605162,0.4748714,0
-0.3211081,-0.76576984,1.8968737,0.86529291,0.1605162,0.4748714,0
-0.010915995,-1.7398044,1.48347,0.069596797,-0.97663844,0.20330739,0
0.69262707,-0.18677062,-0.14602995,0.86529291,0.1605162,0.4748714,0
-1.0400121,2.1701152,0.9433949,-0.069596797,0.97663844,-0.20330739,0
-0.30613303,-1.8618474,0.99826479,0.069596797,-0.97663844,0.20330739,0
0.13287815,-2.1211147,-0.39747572,0.069596797,-0.97663844,0.20330739,0
0.39260221,1.6700931,-1.9490064,-0.069596797,0.97663844,-0.20330739,0
-1.1238482,-0.30359375,1.7348721,-0.4964118,0.14287078,0.85624969,0
-0.53993422,0.023899019,-0.077147186,-0.86529291,-0.1605162,-0.4748714,0
1.0295161,-1.2823105,-0.38958144,0.86529291,0.1605162,0.4748714,0
-0.83776248,1.9935178,0.02583003,-0.069596797,0.97663844,-0.20330739,0
-1.3617071,1.6585553,1.2695757,-0.4964118,0.14287078,0.85624969,0
0.086501122,1.7819302,-1.3069831,-0.069596797,0.97663844,-0.20330739,0
0.46857333,1.6345034,-2.1459777,-0.069596797,0.97663844,-0.20330739,0
-0.26610327,-1.6998647,1.7626871,0.069596797,-0.97663844,0.20330739,0
-1.2274187,2.1258347,0.79483604,-0.069596797,0.97663844,-0.20330739,0
-0.58783215,-0.99097979,0.35318065,-0.86529291,-0.1605162,-0.4748714,0
-0.20293641,0.46587354,1.2652249,0.86529291,0.1605162,0.4748714,0
-0.30362076,-1.987885,0.39195192,0.069596797,-0.97663844,0.20330739,0
-0.45447326,-0.65805846,-0.0023552775,-0.86529291,-0.1605162,-0.4748714,0
-1.2634096,-1.6324934,1.8756969,-0.4964118,0.14287078,0.85624969,0
-0.68896794,-0.77056891,2.0649126,-0.4964118,0.14287078,0.85624969,0
0.32742357,-2.0107155,0.066257715,0.069596797,-0.97663844,0.20330739,0
0.97718883,-0.15847802,-1.7427983,0.4964118,-0.14287078,-0.85624969,0
-0.91499043,-1.6979903,1.9938208,0.069596797,-0.97663844,0.20330739,0
-0.60544753,-0.50956297,2.0697827,-0.4964118,0.14287078,0.85624969,0
-0.39277488,1.8257329,1.1514808,0.86529291,0.1605162,0.4748714,0
0.45108294,0.45647526,-2.0291612,-0.86529291,-0.1605162,-0.4748714,0
-0.16753542,-1.9643887,0.45823681,0.069596797,-0.97663844,0.20330739,0
0.20991445,-1.854978,0.85460949,0.069596797,-0.97663844,0.20330739,0
-0.29595739,1.5341835,1.0736132,0.86529291,0.1605162,0.4748714,0
0.67420292,-0.0048910975,-1.9440818,0.4964118,-0.14287078,-0.85624969,0
0.57173884,1.9060616,-0.63317287,0.86529291,0.1605162,0.4748714,0
-0.16544688,0.17635696,1.2947755,0.86529291,0.1605162,0.4748714,0
0.91328371,-0.45947665,-1.7296239,0.4964118,-0.14287078,-0.85624969,0
-0.6703434,-0.29949147,1.9971076,-0.4964118,0.14287078,0.85624969,0
0.71155834,-1.1575968,0.14763343,0.86529291,0.1605162,0.4748714,0
-1.1460285,-0.8373816,1.8110791,-0.4964118,0.14287078,0.85624969,0
-0.96565783,1.3680172,1.5476639,-0.4964118,0.14287078,0.85624969,0
1.2487042,-0.67964727,-0.99269044,0.86529291,0.1605162,0.4748714,0
-1.2959657,2.1568396,0.96724081,-0.069596797,0.97663844,-0.20330739,0
-0.61102295,-1.8014371,1.392832,0.069596797,-0.97663844,0.20330739,0
-0.7425549,2.2109399,1.0376805,-0.069596797,0.97663844,-0.20330739,0
0.20885873,-1.9695904,0.30440068,0.069596797,-0.97663844,0.20330739,0
0.16637874,1.7038383,0.17381489,0.86529291,0.1605162,0.4748714,0
-1.4287391,1.0936177,1.3249774,-0.4964118,0.14287078,0.85624969,0
-0.85996795,-1.8186871,1.3951874,0.069596797,-0.97663844,0.20330739,0
0.45866299,-0.4612174,0.37305939,0.86529291,0.1605162,0.4748714,0
-0.45385683,2.1697965,1.1464814,0.86529291,0.1605162,0.4748714,0
-0.86994815,-1.3235854,2.052263,-0.4964118,0.14287078,0.85624969,0
-1.1174154,-1.7830491,1.6545131,0.069596797,-0.97663844,0.20330739,0
0.61558676,0.99885356,-2.1455462,0.4964118,-0.14287078,-0.85624969,0
1.3499835,0.71725804,-1.6494201,0.86529291,0.1605162,0.4748714,0
-1.0373373,2.0906897,0.56093836,-0.069596797,0.97663844,-0.20330739,0
0.85500526,1.7825433,-1.5671145,-0.069596797,0.97663844,-0.20330739,0
-0.59176648,2.2269721,1.0630773,-0.069596797,0.97663844,-0.20330739,0
-1.4309479,0.93661344,1.2379079,-0.86529291,-0.1605162,-0.4748714,0
0.11038208,-1.395478,-0.78235024,-0.86529291,-0.1605162,-0.4748714,0
1.3576932,-1.8948743,-1.2324716,0.4964118,-0.14287078,-0.85624969,0
-1.3853655,0.55218863,1.4404643,-0.4964118,0.14287078,0.85624969,0
-0.80205083,0.37998644,1.8073747,-0.4964118,0.14287078,0.85624969,0
0.25945926,0.85332155,0.2916995,0.86529291,0.1605162,0.4748714,0
-0.83939803,1.0821295,1.6685654,-0.4964118,0.14287078,0.85624969,0
-0.091619968,-1.8796813,0.83916199,0.069596797,-0.97663844,0.20330739,0
1.218802,-2.2068238,-1.1809374,0.069596797,-0.97663844,0.20330739,0
0.79504663,0.053032279,-0.41371357,0.86529291,0.1605162,0.4748714,0
0.18167436,1.8593607,-0.96760619,-0.069596797,0.97663844,-0.20330739,0
0.119452,1.987433,-0.33107781,-0.069596797,0.97663844,-0.20330739,0
-0.7985673,-1.6626858,2.1235609,0.069596797,-0.97663844,0.20330739,0
0.28125173,-1.9431894,0.40644217,0.069596797,-0.97663844,0.20330739,0
-1.3327916,-0.37218213,1.6251814,-0.4964118,0.14287078,0.85624969,0
-0.96223426,1.9160014,1.4582138,-0.4964118,0.14287078,0.85624969,0
0.28354561,0.2882098,-1.6670039,-0.86529291,-0.1605162,-0.4748714,0
0.05327642,1.8053356,-1.183175,-0.069596797,0.97663844,-0.20330739,0
-0.76569629,-0.49877167,1.9750777,-0.4964118,0.14287078,0.85624969,0
-0.70405173,0.75817353,1.8010868,-0.4964118,0.14287078,0.85624969,0
-0.77813876,2.0773041,1.5380291,-0.4964118,0.14287078,0.85624969,0
-0.61880535,-0.30275571,0.1769848,-0.86529291,-0.1605162,-0.4748714,0
1.0269328,-0.58759141,-1.6423588,0.4964118,-0.14287078,-0.85624969,0
0.20864332,2.0189688,-0.21011925,-0.069596797,0.97663844,-0.20330739,0
1.1498234,1.6477512,-1.5992224,0.86529291,0.1605162,0.4748714,0
0.92512465,-2.1258256,-0.69130933,0.069596797,-0.97663844,0.20330739,0
-0.51431632,-1.6631095,2.0242188,0.069596797,-0.97663844,0.20330739,0
-0.3429656,1.8292018,-0.93288505,-0.069596797,0.97663844,-0.20330739,0
0.56946474,0.99422175,-0.32080793,0.86529291,0.1605162,0.4748714,0
0.48051715,0.1043095,-1.963756,-0.86529291,-0.1605162,-0.4748714,0
-1.2791966,0.26194179,1.5504453,-0.4964118,0.14287078,0.85624969,0
-1.101632,2.07107,0.48869991,-0.069596797,0.97663844,-0.20330739,0
0.79529309,-2.0906479,-0.47788048,0.069596797,-0.97663844,0.20330739,0
0.82317293,-1.7940655,-1.5591807,0.4964118,-0.14287078,-0.85624969,0
-0.6776731,-0.8404389,2.0831189,-0.4964118,0.14287078,0.85624969,0
1.2057427,-0.79252291,-1.5044994,0.4964118,-0.14287078,-0.85624969,0
-0.46791357,-0.83645576,0.082437158,-0.86529291,-0.1605162,-0.4748714,0
0.42251039,0.46923247,-1.9814094,-0.86529291,-0.1605162,-0.4748714,0
-0.069808245,-1.29005,1.6161827,0.86529291,0.1605162,0.4748714,0
-0.91372108,-1.8026695,1.4905323,0.069596797,-0.97663844,0.20330739,0
-0.37926999,1.9401526,-0.38747597,-0.069596797,0.97663844,-0.20330739,0
0.38685256,-1.7910244,-1.1524217,-0.86529291,-0.1605162,-0.4748714,0
-1.2273846,-0.39551669,1.6901846,-0.4964118,0.14287078,0.85624969,0
-0.10913014,-1.8724786,0.87975645,0.069596797,-0.97663844,0.20330739,0
-0.49738431,-0.45293766,2.112334,0.86529291,0.1605162,0.4748714,0
0.70350409,1.609468,-2.1964607,0.4964118,-0.14287078,-0.85624969,0
0.60638732,-2.0720913,-0.32407188,0.069596797,-0.97663844,0.20330739,0
1.3932079,0.098796725,-1.5445387,0.4964118,-0.14287078,-0.85624969,0
-0.7464478,-0.11608759,1.9223837,-0.4964118,0.14287078,0.85624969,0
0.85155737,-1.2816651,-1.6282222,0.4964118,-0.14287078,-0.85624969,0
-0.28341812,0.98045987,-0.86789834,-0.86529291,-0.1605162,-0.4748714,0
0.40419364,1.3233464,-2.2367418,-0.86529291,-0.1605162,-0.4748714,0
1.330254,-1.7793202,-1.2676603,0.4964118,-0.14287078,-0.85624969,0
0.7962327,1.7830982,-1.544329,-0.069596797,0.97663844,-0.20330739,0
0.084381819,-1.8393917,0.97245455,0.069596797,-0.97663844,0.20330739,0
0.025585882,-1.8819957,-0.46338475,-0.86529291,-0.1605162,-0.4748714,0
-1.0441411,-0.33744264,1.7867306,-0.4964118,0.14287078,0.85624969,0
-0.50367963,-1.8366909,1.1867354,0.069596797,-0.97663844,0.20330739,0
-0.85655212,-1.8381938,1.3003122,0.069596797,-0.97663844,0.20330739,0
-1.2535756,2.208137,1.1991503,-0.069596797,0.97663844,-0.20330739,0
-0.080076337,0.67379481,-1.1347613,-0.86529291,-0.1605162,-0.4748714,0
-0.40968823,1.2482483,1.3775015,0.86529291,0.1605162,0.4748714,0
1.0813665,-0.24810189,-1.667447,0.4964118,-0.14287078,-0.85624969,0
1.0895236,0.28495991,-1.7516627,0.4964118,-0.14287078,-0.85624969,0
1.0281862,-0.9649263,-0.49444044,0.86529291,0.1605162,0.4748714,0
0.6167419,0.048451513,-1.9862956,0.4964118,-0.14287078,-0.85624969,0
-1.476665,2.1061544,0.92588329,-0.86529291,-0.1605162,-0.4748714,0
-0.20935524,0.78840673,-0.93793529,-0.86529291,-0.1605162,-0.4748714,0
-0.1094597,0.067042992,-0.87612528,-0.86529291,-0.1605162,-0.4748714,0
0.039489985,0.39980632,0.84581679,0.86529291,0.1605162,0.4748714,0
-0.14636397,1.1575956,-1.1775091,-0.86529291,-0.1605162,-0.4748714,0
-0.3582989,2.1127183,0.43430829,-0.069596797,0.97663844,-0.20330739,0
0.61913323,1.6692443,-2.0306296,-0.069596797,0.97663844,-0.20330739,0
-1.1394378,2.2220767,1.3044095,-0.4964118,0.14287078,0.85624969,0
1.2191023,-1.3197591,-1.4087814,0.4964118,-0.14287078,-0.85624969,0
-0.57788783,-0.70285767,0.23766917,-0.86529291,-0.1605162,-0.4748714,0
-0.85928297,-0.54822648,1.9290729,-0.4964118,0.14287078,0.85624969,0
-0.56986308,-1.693337,1.8980283,0.069596797,-0.97663844,0.20330739,0
0.10132599,2.0744331,0.093054295,-0.069596797,0.97663844,-0.20330739,0
-1.1852342,0.8646884,1.5043479,-0.4964118,0.14287078,0.85624969,0
0.71249676,-1.9287633,0.32811666,0.069596797,-0.97663844,0.20330739,0
-1.2824099,0.92719907,1.4375801,-0.4964118,0.14287078,0.85624969,0
-0.17099488,1.1100922,0.98926306,0.86529291,0.1605162,0.4748714,0
-0.6286726,-0.77917504,2.1013048,-0.4964118,0.14287078,0.85624969,0
0.14763755,2.0296073,-0.13813162,-0.069596797,0.97663844,-0.20330739,0
0.14236003,-1.9601557,0.37248683,0.069596797,-0.97663844,0.20330739,0
0.63765866,-2.2728629,-1.2992351,0.069596797,-0.97663844,0.20330739,0
0.31404054,-1.8043528,1.0621554,0.069596797,-0.97663844,0.20330739,0
1.3461082,0.048693299,-1.5634849,0.4964118,-0.14287078,-0.85624969,0
-0.39092582,2.1877172,0.80575371,-0.069596797,0.97663844,-0.20330739,0
-1.179987,-0.50716311,1.7362926,-0.4964118,0.14287078,0.85624969,0
0.44398466,0.19289029,0.17870373,0.86529291,0.1605162,0.4748714,0
-0.94371676,-0.48521829,1.8696086,-0.4964118,0.14287078,0.85624969,0
-1.125113,2.0861993,0.56941581,-0.069596797,0.97663844,-0.20330739,0
-1.3177427,0.84420562,1.4309438,-0.4964118,0.14287078,0.85624969,0
0.050592065,-1.1552567,1.3512303,0.86529291,0.1605162,0.4748714,0
-0.65821749,1.9838605,-0.082025051,-0.069596797,0.97663844,-0.20330739,0
-1.1437601,1.402,0.55729485,-0.86529291,-0.1605162,-0.4748714,0
-0.15706767,2.0665541,0.14366007,-0.069596797,0.97663844,-0.20330739,0
-1.0955137,0.5167039,1.6144271,-0.4964118,0.14287078,0.85624969,0
1.2028708,0.88224494,-1.7856104,0.4964118,-0.14287078,-0.85624969,0
-1.1637909,-0.63545978,1.7670891,-0.4964118,0.14287078,0.85624969,0
0.74615216,0.73177695,-2.0252872,0.4964118,-0.14287078,-0.85624969,0
0.75293827,1.7393796,-1.7395227,-0.069596797,0.97663844,-0.20330739,0
1.1649773,-2.1340544,-0.8129456,0.069596797,-0.97663844,0.20330739,0
0.86800885,1.6720618,-2.1022916,-0.069596797,0.97663844,-0.20330739,0
0.75829458,-1.3292065,0.12048018,0.86529291,0.1605162,0.4748714,0
1.1537704,1.5944138,-1.9329066,0.4964118,-0.14287078,-0.85624969,0
-0.011516333,0.14872345,-1.0822036,-0.86529291,-0.1605162,-0.4748714,0
-0.13647437,1.7215531,-1.3861591,-0.86529291,-0.1605162,-0.4748714,0
0.62804079,0.9435994,-2.129106,0.4964118,-0.14287078,-0.85624969,0
-0.033859909,-2.0845773,-0.16488063,0.069596797,-0.97663844,0.20330739,0
1.1959455,-0.67838907,-0.8969804,0.86529291,0.1605162,0.4748714,0
1.0821375,-0.27707815,-0.82525533,0.86529291,0.1605162,0.4748714,0
-1.1354516,0.49932337,1.5941731,-0.4964118,0.14287078,0.85624969,0
-1.2815048,0.48005974,1.5127128,-0.4964118,0.14287078,0.85624969,0
0.58006835,1.4063287,-2.2341278,0.4964118,-0.14287078,-0.85624969,0
0.79015732,0.79772788,-2.0107794,0.4964118,-0.14287078,-0.85624969,0
-0.28499699,1.8143438,-1.024104,-0.069596797,0.97663844,-0.20330739,0
0.26909423,-0.89441204,-1.2409203,-0.86529291,-0.1605162,-0.4748714,0
0.38577467,0.18505222,0.28742111,0.86529291,0.1605162,0.4748714,0
-0.088445798,2.1099925,0.32883763,-0.069596797,0.97663844,-0.20330739,0
0.54844856,-2.0705447,-1.3523921,-0.86529291,-0.1605162,-0.4748714,0
1.0056988,-1.1070821,-0.40541327,0.86529291,0.1605162,0.4748714,0
0.46850157,-0.0048731565,-1.9049559,-0.86529291,-0.1605162,-0.4748714,0
0.18090975,-1.8530629,0.87373769,0.069596797,-0.97663844,0.20330739,0
0.15512478,-1.7773509,1.246266,0.069596797,-0.97663844,0.20330739,0
1.4176277,-1.0078592,-1.3457285,0.4964118,-0.14287078,-0.85624969,0
1.0183222,-2.1331475,-0.75838614,0.069596797,-0.97663844,0.20330739,0
1.273195,1.1422563,-1.7882245,0.4964118,-0.14287078,-0.85624969,0
1.2284399,-0.76495141,-1.4959412,0.4964118,-0.14287078,-0.85624969,0
0.99658298,-2.1666827,-1.3964723,0.4964118,-0.14287078,-0.85624969,0
0.44037294,1.6198289,-2.2068162,-0.069596797,0.97663844,-0.20330739,0
0.66418815,-0.97221708,-1.7884833,0.4964118,-0.14287078,-0.85624969,0
0.3413536,-0.36842462,0.55545002,0.86529291,0.1605162,0.4748714,0
0.036802828,2.096863,0.2228905,-0.069596797,0.97663844,-0.20330739,0
0.52334857,1.827431,-1.2379513,-0.069596797,0.97663844,-0.20330739,0
-0.75714982,0.66254973,1.7862585,-0.4964118,0.14287078,0.85624969,0
1.0302804,-2.1199465,-0.69906521,0.069596797,-0.97663844,0.20330739,0
-0.57992011,0.55561852,-0.18401873,-0.86529291,-0.1605162,-0.4748714,0
0.1621455,1.8194083,-1.1528425,-0.069596797,0.97663844,-0.20330739,0
0.20942831,-1.8767135,0.75036347,0.069596797,-0.97663844,0.20330739,0
-0.14891577,1.2697077,0.89507782,0.86529291,0.1605162,0.4748714,0
1.3291352,1.1084572,-1.7501535,0.4964118,-0.14287078,-0.85624969,0
0.5177027,-0.32744658,0.22026211,0.86529291,0.1605162,0.4748714,0
0.50138479,-1.7842931,0.74244034,0.86529291,0.1605162,0.4748714,0
0.76196742,-0.95884013,-0.01140368,0.86529291,0.1605162,0.4748714,0
1.2615439,-1.8700633,-0.61370099,0.86529291,0.1605162,0.4748714,0
-1.1519017,-0.93350363,1.8237128,-0.4964118,0.14287078,0.85624969,0
-0.58058667,-1.6429737,2.1436334,0.069596797,-0.97663844,0.20330739,0
-0.80466056,-1.4608157,2.1130116,-0.4964118,0.14287078,0.85624969,0
-0.99009848,0.75146478,1.6363702,-0.4964118,0.14287078,0.85624969,0
-0.31640959,1.9522542,-0.35086274,-0.069596797,0.97663844,-0.20330739,0
-0.63455474,-0.52002048,0.27912283,-0.86529291,-0.1605162,-0.4748714,0
0.37004709,0.99388498,-2.0631566,-0.86529291,-0.1605162,-0.4748714,0
-0.23086786,-0.21065582,1.5448017,0.86529291,0.1605162,0.4748714,0
-0.7583006,0.94258213,0.010217786,-0.86529291,-0.1605162,-0.4748714,0
0.50961637,1.1607531,-2.2339964,0.4964118,-0.14287078,-0.85624969,0
-1.2408972,-1.3136982,1.8355553,-0.4964118,0.14287078,0.85624969,0
-1.1519163,2.0726442,0.51347589,-0.069596797,0.97663844,-0.20330739,0
0.077196598,0.35630792,-1.3140206,-0.86529291,-0.1605162,-0.4748714,0
1.5074041,-1.4022369,-1.2198329,0.86529291,0.1605162,0.4748714,0
0.021980107,1.999979,-0.23744249,-0.069596797,0.97663844,-0.20330739,0
-0.12278986,-0.34448647,1.3931034,0.86529291,0.1605162,0.4748714,0
-0.37388492,-0.088813961,1.7642168,0.86529291,0.1605162,0.4748714,0
-0.97389746,-0.71232086,1.890005,-0.4964118,0.14287078,0.85624969,0
-0.6212945,1.8258621,1.567837,0.86529291,0.1605162,0.4748714,0
-1.0894508,1.8052235,0.32203698,-0.86529291,-0.1605162,-0.4748714,0
-0.48944819,-1.9646785,0.56704259,0.069596797,-0.97663844,0.20330739,0
-0.95842254,1.7063683,1.4954023,-0.4964118,0.14287078,0.85624969,0
-0.21484345,-1.7532618,-0.068798065,-0.86529291,-0.1605162,-0.4748714,0
0.093373299,-1.8353803,-0.60266125,-0.86529291,-0.1605162,-0.4748714,0
-0.56190062,2.1153824,0.5168041,-0.069596797,0.97663844,-0.20330739,0
-0.58538532,-0.4193027,0.15548347,-0.86529291,-0.1605162,-0.4748714,0
-0.88177252,2.0935986,0.5216589,-0.069596797,0.97663844,-0.20330739,0
1.2159302,0.78972363,-1.7626014,0.4964118,-0.14287078,-0.85624969,0
0.83870435,0.87861615,-0.77232939,0.86529291,0.1605162,0.4748714,0
-0.28562576,-0.092713535,-0.5011211,-0.86529291,-0.1605162,-0.4748714,0
0.58646017,-1.4189969,0.46394134,0.86529291,0.1605162,0.4748714,0
-0.16852403,2.0741248,0.1839509,-0.069596797,0.97663844,-0.20330739,0
-1.1182294,2.1219208,0.73865795,-0.069596797,0.97663844,-0.20330739,0
-0.96064204,0.13913935,0.65049696,-0.86529291,-0.1605162,-0.4748714,0
-0.74694705,-1.7909858,1.4895673,0.069596797,-0.97663844,0.20330739,0
1.0289655,1.1637135,-1.9333972,0.4964118,-0.14287078,-0.85624969,0
-0.63127089,2.1605818,0.7576766,-0.069596797,0.97663844,-0.20330739,0
0.68712825,0.015679181,-0.20444234,0.86529291,0.1605162,0.4748714,0
0.14448583,0.76471168,-1.5746818,-0.86529291,-0.1605162,-0.4748714,0
-0.17579198,-0.93427414,1.6890428,0.86529291,0.1605162,0.4748714,0
0.92186379,0.35398245,-1.8603804,0.4964118,-0.14287078,-0.85624969,0
-1.263598,-0.558819,1.6964381,-0.4964118,0.14287078,0.85624969,0
1.1977038,-1.5460052,-1.3834364,0.4964118,-0.14287078,-0.85624969,0
1.0736396,-2.0438809,-0.34850836,0.069596797,-0.97663844,0.20330739,0
-0.73593676,1.4536772,1.6665521,-0.4964118,0.14287078,0.85624969,0
0.26757801,-0.50347334,-1.3703029,-0.86529291,-0.1605162,-0.4748714,0
-0.14169884,-0.67367148,1.5388298,0.86529291,0.1605162,0.4748714,0
1.2255223,0.277098,-1.6715055,0.4964118,-0.14287078,-0.85624969,0
0.22770163,1.30092,0.19826937,0.86529291,0.1605162,0.4748714,0
-1.4255545,0.81344497,1.3735723,-0.4964118,0.14287078,0.85624969,0
0.43792319,1.6334568,-2.1405122,-0.069596797,0.97663844,-0.20330739,0
0.59153026,-2.1870105,-0.87103057,0.069596797,-0.97663844,0.20330739,0
-1.4852092,1.6922593,1.1923515,-0.4964118,0.14287078,0.85624969,0
0.45185769,-2.2080796,-0.92442715,0.069596797,-0.97663844,0.20330739,0
-0.29673204,2.147943,0.86756134,0.86529291,0.1605162,0.4748714,0
-0.71559286,-1.0838706,2.1017532,-0.4964118,0.14287078,0.85624969,0
0.84205317,1.5225629,-2.1016359,0.4964118,-0.14287078,-0.85624969,0
-0.44913566,1.3866198,1.4026086,0.86529291,0.1605162,0.4748714,0
1.3312613,-0.87317085,-1.4182733,0.4964118,-0.14287078,-0.85624969,0
-0.3086977,1.9549831,-0.3403933,-0.069596797,0.97663844,-0.20330739,0
-0.042899013,1.897239,-0.70877111,-0.069596797,0.97663844,-0.20330739,0
-0.60990322,0.72434175,1.8613145,-0.4964118,0.14287078,0.85624969,0
-0.24878538,0.83339262,1.2245402,0.86529291,0.1605162,0.4748714,0
-0.33973378,1.4992348,1.1651945,0.86529291,0.1605162,0.4748714,0
-0.64381635,2.1443799,0.68414164,-0.069596797,0.97663844,-0.20330739,0
0.39670298,-0.61007881,0.53627884,0.86529291,0.1605162,0.4748714,0
-0.87794542,1.4624331,1.5827614,-0.4964118,0.14287078,0.85624969,0
0.16897309,0.50195813,-1.5304853,-0.86529291,-0.1605162,-0.4748714,0
-1.2248809,0.38393283,1.5615799,-0.4964118,0.14287078,0.85624969,0
1.3049529,-1.8125088,-0.71225345,0.86529291,0.1605162,0.4748714,0
1.1264817,-0.29133505,-1.6340778,0.4964118,-0.14287078,-0.85624969,0
-0.04119736,-0.32787195,-0.86702096,-0.86529291,-0.1605162,-0.4748714,0
-1.1839237,-0.59081924,1.7479688,-0.4964118,0.14287078,0.85624969,0
-0.46467376,-1.0703789,2.2449722,-0.4964118,0.14287078,0.85624969,0
-0.79292893,2.0469251,1.5345237,-0.4964118,0.14287078,0.85624969,0
-0.78318763,0.24290234,1.8411841,-0.4964118,0.14287078,0.85624969,0
1.2832803,-1.3954706,-1.3589412,0.4964118,-0.14287078,-0.85624969,0
0.049408793,-0.28635234,1.0596789,0.86529291,0.1605162,0.4748714,0
-1.064846,0.74206454,1.5946038,-0.4964118,0.14287078,0.85624969,0
0.27667046,-1.8947526,0.64068949,0.069596797,-0.97663844,0.20330739,0
0.7589941,1.6503367,-2.1693354,-0.069596797,0.97663844,-0.20330739,0
-0.41008115,1.0854402,1.4332498,0.86529291,0.1605162,0.4748714,0
0.77951026,1.2979105,-2.1004109,0.4964118,-0.14287078,-0.85624969,0
0.16930747,2.0292404,-0.14731228,-0.069596797,0.97663844,-0.20330739,0
0.44092667,-1.9281363,0.42409372,0.069596797,-0.97663844,0.20330739,0
1.0873284,-2.2224493,-1.2109928,0.069596797,-0.97663844,0.20330739,0
-0.57490826,-0.6257,2.1068664,-0.4964118,0.14287078,0.85624969,0
0.39752668,-1.8389764,0.86725271,0.069596797,-0.97663844,0.20330739,0
-1.0781391,2.1889319,1.0468366,-0.069596797,0.97663844,-0.20330739,0
-1.2276744,1.8731369,0.55094624,-0.86529291,-0.1605162,-0.4748714,0
-0.36299881,2.2024317,0.86687839,-0.069596797,0.97663844,-0.20330739,0
0.61091745,1.8797293,-1.0166994,-0.069596797,0.97663844,-0.20330739,0
0.21983171,1.740581,-1.5512556,-0.069596797,0.97663844,-0.20330739,0
0.51794791,-1.9587097,0.25086021,0.069596797,-0.97663844,0.20330739,0
-0.8883369,-1.0201577,0.91061187,-0.86529291,-0.1605162,-0.4748714,0
1.3896227,-1.1650054,-1.0854058,0.86529291,0.1605162,0.4748714,0
-0.96599436,-1.2693235,1.1363392,-0.86529291,-0.1605162,-0.4748714,0
-0.24256015,-1.7534013,1.4974513,0.069596797,-0.97663844,0.20330739,0
0.72315454,1.7689095,-1.5874733,-0.069596797,0.97663844,-0.20330739,0
0.64680576,-0.37750748,-1.897792,0.4964118,-0.14287078,-0.85624969,0
-0.97655582,-0.68015003,0.95643151,-0.86529291,-0.1605162,-0.4748714,0
-1.2419107,0.44346136,1.060147,-0.86529291,-0.1605162,-0.4748714,0
-0.89047003,1.1184003,0.19162178,-0.86529291,-0.1605162,-0.4748714,0
-0.14242484,-1.318288,-0.3477869,-0.86529291,-0.1605162,-0.4748714,0
0.42405176,1.4601889,-2.3191822,-0.86529291,-0.1605162,-0.4748714,0
-0.044175953,-2.0968394,-0.22025406,0.069596797,-0.97663844,0.20330739,0
0.60465407,1.8777845,-1.0238972,-0.069596797,0.97663844,-0.20330739,0
-1.103806,0.76555383,1.5680974,-0.4964118,0.14287078,0.85624969,0
0.33523989,1.103313,0.069112599,0.86529291,0.1605162,0.4748714,0
1.2695408,1.2089195,-1.6690325,0.86529291,0.1605162,0.4748714,0
0.28757024,-1.9306374,0.4645772,0.069596797,-0.97663844,0.20330739,0
-1.2671174,0.37590921,1.1289119,-0.86529291,-0.1605162,-0.4748714,0
-1.2017751,-0.75078106,1.76431,-0.4964118,0.14287078,0.85624969,0
-0.82116896,0.58282113,0.24638098,-0.86529291,-0.1605162,-0.4748714,0
-1.3203144,0.73826003,1.1033633,-0.86529291,-0.1605162,-0.4748714,0
-0.098337173,-1.9726586,-0.20693111,-0.86529291,-0.1605162,-0.4748714,0
0.71442997,-1.1154152,-1.7354617,0.4964118,-0.14287078,-0.85624969,0
-0.58400929,1.1987991,1.7118577,0.86529291,0.1605162,0.4748714,0
-0.23122585,-1.957882,0.51129496,0.069596797,-0.97663844,0.20330739,0
-0.98152804,-0.85288042,1.0238781,-0.86529291,-0.1605162,-0.4748714,0
0.27153909,1.0893586,0.1899026,0.86529291,0.1605162,0.4748714,0
-0.64411736,0.60790133,-0.084713519,-0.86529291,-0.1605162,-0.4748714,0
0.93893111,1.2407296,-1.0773606,0.86529291,0.1605162,0.4748714,0
-0.02425158,-1.8993452,0.72163999,0.069596797,-0.97663844,0.20330739,0
1.0830541,-0.32412994,-0.81102097,0.86529291,0.1605162,0.4748714,0
-0.31733978,2.144078,0.57093155,-0.069596797,0.97663844,-0.20330739,0
-1.2784177,2.0365696,1.2547889,-0.4964118,0.14287078,0.85624969,0
-0.15246633,1.9225473,0.68087447,0.86529291,0.1605162,0.4748714,0
-0.11804402,0.26043978,1.179978,0.86529291,0.1605162,0.4748714,0
1.1130275,-0.99100107,-1.5251338,0.4964118,-0.14287078,-0.85624969,0
0.66786337,1.0870459,-2.1299541,0.4964118,-0.14287078,-0.85624969,0
-0.53987062,-0.25768307,0.017917529,-0.86529291,-0.1605162,-0.4748714,0
-1.0855327,0.83352208,1.5673503,-0.4964118,0.14287078,0.85624969,0
0.38035554,-0.92871511,0.67377222,0.86529291,0.1605162,0.4748714,0
0.87259495,-0.65325737,-1.7208798,0.4964118,-0.14287078,-0.85624969,0
-0.83046305,-1.3013235,0.90019655,-0.86529291,-0.1605162,-0.4748714,0
0.17972934,-0.38076666,-1.251706,-0.86529291,-0.1605162,-0.4748714,0
1.4624182,-1.382663,-1.2572227,0.4964118,-0.14287078,-0.85624969,0
0.72579271,-1.9265808,0.33404946,0.069596797,-0.97663844,0.20330739,0
0.33133388,-0.081316613,-1.6291741,-0.86529291,-0.1605162,-0.4748714,0
1.2735399,-2.1576543,-0.96347713,0.069596797,-0.97663844,0.20330739,0
-0.047850609,-0.31811059,1.2476363,0.86529291,0.1605162,0.4748714,0
-1.3973048,1.3923471,1.2933564,-0.4964118,0.14287078,0.85624969,0
0.89000452,-0.84952581,-1.6780378,0.4964118,-0.14287078,-0.85624969,0
0.55946016,0.4072161,-2.0793669,0.4964118,-0.14287078,-0.85624969,0
0.77494478,-0.54520595,-1.7955215,0.4964118,-0.14287078,-0.85624969,0
0.72817373,0.22252497,-1.950738,0.4964118,-0.14287078,-0.85624969,0
0.99566078,0.2521615,-0.8465749,0.86529291,0.1605162,0.4748714,0
0.20964837,1.6476955,-1.9918852,-0.86529291,-0.1605162,-0.4748714,0
0.51354682,-1.446334,0.60604179,0.86529291,0.1605162,0.4748714,0
-1.1261201,-1.0619547,1.8600924,-0.4964118,0.14287078,0.85624969,0
-1.19608,1.7749293,0.52657235,-0.86529291,-0.1605162,-0.4748714,0
-1.2307687,2.0856011,0.60270953,-0.069596797,0.97663844,-0.20330739,0
-0.93645597,-0.12769705,1.8141634,-0.4964118,0.14287078,0.85624969,0
0.95129299,-0.47181481,-1.7055292,0.4964118,-0.14287078,-0.85624969,0
1.1637034,0.47954857,-1.7411252,0.4964118,-0.14287078,-0.85624969,0
-1.3467183,1.9014847,1.237731,-0.4964118,0.14287078,0.85624969,0
1.1995888,-1.5600414,-0.60560238,0.86529291,0.1605162,0.4748714,0
0.028740436,-1.2253071,-0.69110733,-0.86529291,-0.1605162,-0.4748714,0
0.51202178,-1.9582752,0.25497675,0.069596797,-0.97663844,0.20330739,0
1.3665373,-2.1065648,-0.749892,0.069596797,-0.97663844,0.20330739,0
-0.65139055,1.1794813,-0.26466632,-0.86529291,-0.1605162,-0.4748714,0
0.48851424,-1.9845911,0.13660789,0.069596797,-0.97663844,0.20330739,0
1.454105,-1.3627715,-1.1360536,0.86529291,0.1605162,0.4748714,0
0.48224068,0.1814712,-1.9929788,-0.86529291,-0.1605162,-0.4748714,0
-0.64310193,2.0550249,0.25465751,-0.069596797,0.97663844,-0.20330739,0
-1.1419196,0.59069979,0.82817775,-0.86529291,-0.1605162,-0.4748714,0
-0.73769009,1.1086664,-0.083477855,-0.86529291,-0.1605162,-0.4748714,0
-1.1540856,-1.747956,1.8356452,0.069596797,-0.97663844,0.20330739,0
-0.10698122,-0.12198552,-0.81674582,-0.86529291,-0.1605162,-0.4748714,0
-0.36594534,-1.763567,1.4908555,0.069596797,-0.97663844,0.20330739,0
-0.29134285,1.8637757,-0.78447235,-0.069596797,0.97663844,-0.20330739,0
-1.4365627,0.48524189,1.4007117,-0.86529291,-0.1605162,-0.4748714,0
0.18220228,0.53481907,0.54013461,0.86529291,0.1605162,0.4748714,0
-0.92093253,0.77394331,1.6727185,-0.4964118,0.14287078,0.85624969,0
0.68271971,-1.025287,-1.7688845,0.4964118,-0.14287078,-0.85624969,0
0.18400174,-1.5289124,-0.87139362,-0.86529291,-0.1605162,-0.4748714,0
0.47999716,1.8901824,-0.92166924,-0.069596797,0.97663844,-0.20330739,0
-0.53194666,0.92331159,-0.39572215,-0.86529291,-0.1605162,-0.4748714,0
-1.2184474,-1.427187,1.649711,-0.86529291,-0.1605162,-0.4748714,0
1.0342854,1.4011307,-1.3053308,0.86529291,0.1605162,0.4748714,0
0.8399682,-0.70564181,-0.23912024,0.86529291,0.1605162,0.4748714,0
-0.0039427876,-0.88971072,-0.74499166,-0.86529291,-0.1605162,-0.4748714,0
-1.4826685,1.8780861,1.013914,-0.86529291,-0.1605162,-0.4748714,0
-0.46240616,-1.7578131,1.5515169,0.069596797,-0.97663844,0.20330739,0
-0.11942399,0.36789924,-0.95966434,-0.86529291,-0.1605162,-0.4748714,0
1.0356935,-2.0570157,-0.39861274,0.069596797,-0.97663844,0.20330739,0
0.073306918,-1.0126442,1.2616346,0.86529291,0.1605162,0.4748714,0
1.3202808,0.59634638,-1.5544267,0.86529291,0.1605162,0.4748714,0
0.43792564,-1.9757664,0.1963172,0.069596797,-0.97663844,0.20330739,0
0.75699186,0.8472091,-2.0382633,0.4964118,-0.14287078,-0.85624969,0
1.3914264,-1.7291789,-1.2405618,0.4964118,-0.14287078,-0.85624969,0
-0.463826,-0.35488147,-0.08779303,-0.86529291,-0.1605162,-0.4748714,0
-0.10801029,-0.1697008,1.3070914,0.86529291,0.1605162,0.4748714,0
-0.39662564,-1.9134394,0.78140748,0.069596797,-0.97663844,0.20330739,0
0.65986371,-0.17625394,-1.9238019,0.4964118,-0.14287078,-0.85624969,0
-0.68525004,1.3558313,1.7122641,-0.4964118,0.14287078,0.85624969,0
-1.2498523,0.0812217,1.1970624,-0.86529291,-0.1605162,-0.4748714,0
0.090022683,0.19968252,0.82138383,0.86529291,0.1605162,0.4748714,0
0.85365534,1.8405832,-1.2878424,-0.069596797,0.97663844,-0.20330739,0
1.3105402,-1.2335954,-1.370147,0.4964118,-0.14287078,-0.85624969,0
0.12621427,-1.8368537,-0.66200507,-0.86529291,-0.1605162,-0.4748714,0
0.61110234,0.07512635,-1.9940158,0.4964118,-0.14287078,-0.85624969,0
0.78944564,-0.73432302,-1.7555592,0.4964118,-0.14287078,-0.85624969,0
0.13806681,-2.1395655,-0.48788512,0.069596797,-0.97663844,0.20330739,0
-0.53249097,-0.9213115,2.1807826,-0.4964118,0.14287078,0.85624969,0
1.1513243,-1.6140234,-0.49940979,0.86529291,0.1605162,0.4748714,0
0.056497332,-2.1237974,-0.38421583,0.069596797,-0.97663844,0.20330739,0
1.0802855,0.51150209,-1.7948183,0.4964118,-0.14287078,-0.85624969,0
1.0561237,1.2358093,-1.9296817,0.4964118,-0.14287078,-0.85624969,0
0.23902619,1.9127294,-0.73086846,-0.069596797,0.97663844,-0.20330739,0
1.1858115,1.5067118,-1.8996971,0.4964118,-0.14287078,-0.85624969,0
-0.8934927,-1.52554,2.0723109,-0.4964118,0.14287078,0.85624969,0
-0.93533492,-0.61671853,1.8964099,-0.4964118,0.14287078,0.85624969,0
-0.89631295,2.2003887,1.0396286,-0.069596797,0.97663844,-0.20330739,0
-0.94625378,0.28749377,1.7392058,-0.4964118,0.14287078,0.85624969,0
-0.95718592,0.80088067,0.42051721,-0.86529291,-0.1605162,-0.4748714,0
1.2784474,-2.1100953,-1.2425032,0.4964118,-0.14287078,-0.85624969,0
0.59228182,0.39307645,-2.0579791,0.4964118,-0.14287078,-0.85624969,0
0.54307318,-0.79674697,-1.7731674,-0.86529291,-0.1605162,-0.4748714,0
-0.38346303,1.3419442,1.2980436,0.86529291,0.1605162,0.4748714,0
-0.62536025,0.88493723,1.8255568,-0.4964118,0.14287078,0.85624969,0
-1.188499,-1.3329108,1.8691392,-0.4964118,0.14287078,0.85624969,0
-0.64499474,0.71621025,1.8423271,-0.4964118,0.14287078,0.85624969,0
0.3316766,-0.28177086,-1.562041,-0.86529291,-0.1605162,-0.4748714,0
-0.20670891,1.7917205,-1.1595799,-0.069596797,0.97663844,-0.20330739,0
-0.13000387,1.3728943,0.82573813,0.86529291,0.1605162,0.4748714,0
0.78722429,-0.43077275,-1.8074963,0.4964118,-0.14287078,-0.85624969,0
1.2247798,0.039554358,-1.6323003,0.4964118,-0.14287078,-0.85624969,0
0.88570809,1.6975745,-1.9857935,-0.069596797,0.97663844,-0.20330739,0
0.82407969,-2.162977,-0.835186,0.069596797,-0.97663844,0.20330739,0
-0.39281905,0.077160627,1.742615,0.86529291,0.1605162,0.4748714,0
0.10953271,0.48835927,0.68825477,0.86529291,0.1605162,0.4748714,0
-1.0698012,0.32716376,1.6609597,-0.4964118,0.14287078,0.85624969,0
-1.072493,0.77948052,1.5839274,-0.4964118,0.14287078,0.85624969,0
0.47632337,1.4783971,-2.306299,0.4964118,-0.14287078,-0.85624969,0
1.0536785,0.71207011,-1.1077511,0.86529291,0.1605162,0.4748714,0
-0.59373951,2.1569936,1.4056979,0.86529291,0.1605162,0.4748714,0
-0.17774969,1.2375811,0.9584775,0.86529291,0.1605162,0.4748714,0
-1.2604374,1.3529999,1.3792709,-0.4964118,0.14287078,0.85624969,0
0.59595871,1.3183799,-2.2102404,0.4964118,-0.14287078,-0.85624969,0
-0.23898244,-1.7017467,1.744362,0.069596797,-0.97663844,0.20330739,0
0.2803272,-0.28706861,-1.4666833,-0.86529291,-0.1605162,-0.4748714,0
-0.62753683,1.5643566,-0.43822777,-0.86529291,-0.1605162,-0.4748714,0
-0.31877154,1.9494275,-0.3636322,-0.069596797,0.97663844,-0.20330739,0
0.60667992,-0.67926663,-1.8707044,0.4964118,-0.14287078,-0.85624969,0
-0.94318044,0.5966357,1.6894053,-0.4964118,0.14287078,0.85624969,0
-1.2976134,0.27526128,1.2185018,-0.86529291,-0.1605162,-0.4748714,0
-0.016848564,-0.55837953,1.272361,0.86529291,0.1605162,0.4748714,0
0.24255693,0.034577664,-1.5065826,-0.86529291,-0.1605162,-0.4748714,0
0.80203748,1.7882607,-1.5215169,-0.069596797,0.97663844,-0.20330739,0
-0.65513414,0.36946255,0.015958071,-0.86529291,-0.1605162,-0.4748714,0
0.35973644,-1.9177243,0.50190353,0.069596797,-0.97663844,0.20330739,0
-0.52275348,-0.49098471,2.114625,-0.4964118,0.14287078,0.85624969,0
1.3087459,1.0121229,-1.7459002,0.4964118,-0.14287078,-0.85624969,0
-0.017385572,2.0577402,0.053504944,-0.069596797,0.97663844,-0.20330739,0
0.71099854,-2.1495628,-0.73203814,0.069596797,-0.97663844,0.20330739,0
-0.35491908,-0.66028255,-0.18300736,-0.86529291,-0.1605162,-0.4748714,0
1.3179083,-1.7739851,-1.2757081,0.4964118,-0.14287078,-0.85624969,0
-0.6874125,-0.61784339,2.0403306,-0.4964118,0.14287078,0.85624969,0
-0.566854,-0.43941864,0.12851597,-0.86529291,-0.1605162,-0.4748714,0
0.65897524,1.9258609,-0.81154573,-0.069596797,0.97663844,-0.20330739,0
-1.209352,0.098347545,1.1174757,-0.86529291,-0.1605162,-0.4748714,0
1.4119384,-0.36123359,-1.4569206,0.4964118,-0.14287078,-0.85624969,0
1.4164702,-0.4956336,-1.4318678,0.4964118,-0.14287078,-0.85624969,0
0.91576141,-1.9175634,0.032426834,0.86529291,0.1605162,0.4748714,0
-1.2514975,-0.97934675,1.7736212,-0.4964118,0.14287078,0.85624969,0
0.099207997,1.955843,-0.47589791,-0.069596797,0.97663844,-0.20330739,0
0.3966234,-2.0586469,-0.18768191,0.069596797,-0.97663844,0.20330739,0
-0.3839851,-1.2478114,0.068552852,-0.86529291,-0.1605162,-0.4748714,0
0.79284942,1.0506505,-0.74692506,0.86529291,0.1605162,0.4748714,0
1.3647888,-1.8238453,-1.2402095,0.4964118,-0.14287078,-0.85624969,0
-0.55203509,2.2714608,1.2631885,-0.069596797,0.97663844,-0.20330739,0
-0.87596071,2.1230173,1.4736896,-0.4964118,0.14287078,0.85624969,0
-0.34097338,-1.6410849,2.0706806,0.069596797,-0.97663844,0.20330739,0
-0.5905385,-0.63058287,2.0986195,-0.4964118,0.14287078,0.85624969,0
-0.79369235,-0.26402169,1.9196777,-0.4964118,0.14287078,0.85624969,0
-0.6735329,2.2329803,1.11993,-0.069596797,0.97663844,-0.20330739,0
-0.12466967,-2.0229225,0.1623801,0.069596797,-0.97663844,0.20330739,0
1.0593146,0.52085549,-1.0533867,0.86529291,0.1605162,0.4748714,0
1.0317004,1.7971132,-1.5576104,-0.069596797,0.97663844,-0.20330739,0
0.46697572,-1.949007,0.31491852,0.069596797,-0.97663844,0.20330739,0
-0.53800291,2.1339176,0.59766114,-0.069596797,0.97663844,-0.20330739,0
-0.36735409,1.9957789,-0.12434101,-0.069596797,0.97663844,-0.20330739,0
-0.26770544,-0.21410008,1.6130896,0.86529291,0.1605162,0.4748714,0
-0.22911239,-1.947714,0.55941689,0.069596797,-0.97663844,0.20330739,0
-1.2870923,1.9616995,1.2622522,-0.4964118,0.14287078,0.85624969,0
0.72104979,1.8450577,-1.2209539,-0.069596797,0.97663844,-0.20330739,0
-0.67976046,-0.37553763,2.0043371,-0.4964118,0.14287078,0.85624969,0
1.2711813,-0.31361938,-1.5464696,0.4964118,-0.14287078,-0.85624969,0
0.55937433,-0.039053708,-2.0049534,0.4964118,-0.14287078,-0.85624969,0
0.65978491,-2.2218556,-1.5041183,-0.86529291,-0.1605162,-0.4748714,0
0.27617979,0.83843338,-1.8395691,-0.86529291,-0.1605162,-0.4748714,0
0.74293637,-0.79258049,-1.7728025,0.4964118,-0.14287078,-0.85624969,0
-1.1802995,-0.72061145,1.7717265,-0.4964118,0.14287078,0.85624969,0
1.1029944,-2.0942199,-0.60037279,0.069596797,-0.97663844,0.20330739,0
0.97786176,-1.7382561,-1.478812,0.4964118,-0.14287078,-0.85624969,0
-0.58581567,-0.23725924,2.0357289,-0.4964118,0.14287078,0.85624969,0
0.95437223,-1.4010195,-0.21253061,0.86529291,0.1605162,0.4748714,0
-0.32025483,2.196794,0.82516348,-0.069596797,0.97663844,-0.20330739,0
-0.63780212,2.2986948,1.4233747,-0.069596797,0.97663844,-0.20330739,0
-1.2210133,-1.6969099,1.9110246,-0.4964118,0.14287078,0.85624969,0
-0.51094031,-1.1618886,2.2334182,-0.4964118,0.14287078,0.85624969,0
1.0059749,-1.1324605,-1.5635942,0.4964118,-0.14287078,-0.85624969,0
-0.23884818,-0.17492703,-0.55856758,-0.86529291,-0.1605162,-0.4748714,0
1.1518011,0.33602637,-1.7240779,0.4964118,-0.14287078,-0.85624969,0
-1.0180314,-1.6406159,2.0193105,-0.4964118,0.14287078,0.85624969,0
-0.14790034,-1.6919899,1.7600521,0.069596797,-0.97663844,0.20330739,0
0.22614241,1.7343782,-1.5832134,-0.069596797,0.97663844,-0.20330739,0
-0.17462611,-1.5927556,1.9094983,0.86529291,0.1605162,0.4748714,0
0.36215806,1.5393357,-2.2331553,-0.86529291,-0.1605162,-0.4748714,0
0.012389183,-1.4762139,1.5293324,0.86529291,0.1605162,0.4748714,0
0.49343008,-1.8530759,0.76669288,0.069596797,-0.97663844,0.20330739,0
