-1.413626,0.63609207,-2.6961346,-0.24743837,0.07050249,-0.96633554,0
1.7399888,-1.2202644,2.0769095,0.85048109,0.49360478,-0.18176019,0
-0.17422676,-1.0788895,-0.99428326,-0.85048109,-0.49360478,0.18176019,0
0.99891937,-1.7253041,-0.22402118,0.46417278,-0.86682421,-0.1820977,0
0.84397548,-0.40551895,0.09693563,0.85048109,0.49360478,-0.18176019,0
0.18747509,-0.61246818,-3.1972032,-0.24743837,0.07050249,-0.96633554,0
-0.6069026,1.6610917,1.5289496,-0.46417278,0.86682421,0.1820977,0
0.30484101,-0.30953747,3.0038733,0.24743837,-0.07050249,0.96633554,0
-0.73230624,1.8762214,0.18522897,-0.46417278,0.86682421,0.1820977,0
-0.7548005,0.069017693,-2.9062059,-0.24743837,0.07050249,-0.96633554,0
-1.7819381,1.3191895,-2.5519876,-0.24743837,0.07050249,-0.96633554,0
0.086693987,0.23926485,-1.6954561,0.85048109,0.49360478,-0.18176019,0
-0.18457425,-0.89489567,-3.1225426,-0.24743837,0.07050249,-0.96633554,0
-2.0377269,1.6053599,-2.4656117,-0.24743837,0.07050249,-0.96633554,0
0.53229105,-0.36165565,-1.24236,0.85048109,0.49360478,-0.18176019,0
0.73807275,-1.8775842,-0.16404206,0.46417278,-0.86682421,-0.1820977,0
0.18612909,-1.5888114,-2.945586,0.46417278,-0.86682421,-0.1820977,0
-0.43264621,-0.030359685,0.64401925,-0.85048109,-0.49360478,0.18176019,0
-1.0344514,1.8572272,-0.4945333,-0.46417278,0.86682421,0.1820977,0
1.2499416,-0.48056614,2.7493944,0.24743837,-0.07050249,0.96633554,0
0.39853597,-1.309188,1.0603343,-0.85048109,-0.49360478,0.18176019,0
-0.39857507,-1.1232573,-3.0844071,-0.24743837,0.07050249,-0.96633554,0
0.30723679,-1.9046854,-1.1332501,0.46417278,-0.86682421,-0.1820977,0
0.65289032,-0.59031719,-1.2990334,0.85048109,0.49360478,-0.18176019,0
-1.1127937,1.3377795,1.1769581,-0.85048109,-0.49360478,0.18176019,0
0.54687178,-1.2194403,1.9981441,-0.85048109,-0.49360478,0.18176019,0
-1.2792736,1.8278395,-0.97870171,-0.46417278,0.86682421,0.1820977,0
0.22467145,-0.65911758,2.012188,-0.85048109,-0.49360478,0.18176019,0
0.87515378,-0.52635264,2.8420215,0.24743837,-0.07050249,0.96633554,0
-0.6246959,0.93365884,2.3633692,-0.85048109,-0.49360478,0.18176019,0
-0.72864789,1.3730813,-2.431459,0.85048109,0.49360478,-0.18176019,0
-1.4591146,0.97683573,-2.6596265,-0.24743837,0.07050249,-0.96633554,0
-1.8374872,1.7398869,-2.5070701,-0.24743837,0.07050249,-0.96633554,0
1.0490054,-1.6493943,-0.45769757,0.46417278,-0.86682421,-0.1820977,0
0.98109472,-0.73747784,2.7994905,0.24743837,-0.07050249,0.96633554,0
0.14527041,-0.78407639,1.3013104,-0.85048109,-0.49360478,0.18176019,0
0.8629142,-1.4079449,-2.0814009,0.46417278,-0.86682421,-0.1820977,0
0.83514374,-0.094223462,2.8837943,0.24743837,-0.07050249,0.96633554,0
-1.4539078,0.62484241,-2.355279,-0.85048109,-0.49360478,0.18176019,0
1.5629016,-0.85388118,2.2432778,0.85048109,0.49360478,-0.18176019,0
-0.75296903,0.66275877,-2.8633559,-0.24743837,0.07050249,-0.96633554,0
1.022567,-1.6367335,-0.58535784,0.46417278,-0.86682421,-0.1820977,0
-0.66992497,1.9565153,-0.037975878,-0.46417278,0.86682421,0.1820977,0
-0.14367446,0.37993753,-2.3913586,0.85048109,0.49360478,-0.18176019,0
-1.0736445,1.7029567,0.13992384,-0.46417278,0.86682421,0.1820977,0
-0.061538219,1.8118654,2.2013862,-0.46417278,0.86682421,0.1820977,0
-0.69593859,1.5499896,1.830864,-0.46417278,0.86682421,0.1820977,0
0.15566564,-1.876231,-1.6550579,0.46417278,-0.86682421,-0.1820977,0
1.6221474,-1.9203966,2.2932897,0.46417278,-0.86682421,-0.1820977,0
-0.98456401,0.027953632,-2.8503683,-0.24743837,0.07050249,-0.96633554,0
-0.65159214,1.5150671,2.1101432,-0.46417278,0.86682421,0.1820977,0
0.9427923,-0.80582142,-0.52778471,0.85048109,0.49360478,-0.18176019,0
0.5582819,-1.7765833,-1.1031208,0.46417278,-0.86682421,-0.1820977,0
1.5905983,-1.8071145,1.6736233,0.46417278,-0.86682421,-0.1820977,0
0.5299902,-0.31793731,2.9456093,0.24743837,-0.07050249,0.96633554,0
-0.59966081,1.4566288,-1.6010214,0.85048109,0.49360478,-0.18176019,0
-0.57378149,1.887118,0.5374434,-0.46417278,0.86682421,0.1820977,0
1.532764,-1.5880858,2.5961719,0.24743837,-0.07050249,0.96633554,0
-2.0168619,1.6812415,-2.4654181,-0.24743837,0.07050249,-0.96633554,0
-0.2931391,1.7134073,0.53056848,0.85048109,0.49360478,-0.18176019,0
-0.12643063,1.7322612,2.4149072,-0.46417278,0.86682421,0.1820977,0
-0.039832681,0.070516407,-2.7457609,0.85048109,0.49360478,-0.18176019,0
-0.54654974,-0.3640132,-0.79505086,-0.85048109,-0.49360478,0.18176019,0
-1.1281586,1.9970968,-2.6061914,0.85048109,0.49360478,-0.18176019,0
-0.81627178,0.37868637,-2.8678722,-0.24743837,0.07050249,-0.96633554,0
-1.0861869,0.49210736,-2.7904832,-0.24743837,0.07050249,-0.96633554,0
-1.013347,0.03508985,-2.8424773,-0.24743837,0.07050249,-0.96633554,0
-0.089465499,-1.4181932,-1.5191182,-0.85048109,-0.49360478,0.18176019,0
-0.085749984,-1.5257914,-3.1938767,-0.24743837,0.07050249,-0.96633554,0
-0.77317125,1.7421906,-1.6374034,0.85048109,0.49360478,-0.18176019,0
0.18224025,1.7454872,3.1387599,-0.46417278,0.86682421,0.1820977,0
1.0117612,-1.5406141,-1.0704502,0.46417278,-0.86682421,-0.1820977,0
-0.76454377,1.3973621,2.3825271,-0.46417278,0.86682421,0.1820977,0
0.45278859,0.91380227,3.0552437,0.24743837,-0.07050249,0.96633554,0
0.51769006,-1.7498044,-1.3340644,0.46417278,-0.86682421,-0.1820977,0
1.7881272,-1.2817085,2.1352923,0.85048109,0.49360478,-0.18176019,0
-1.3703089,1.5689971,0.021391958,-0.46417278,0.86682421,0.1820977,0
-0.71743596,1.7759041,0.7006653,-0.46417278,0.86682421,0.1820977,0
0.41422379,0.60166121,3.0423453,0.24743837,-0.07050249,0.96633554,0
-1.1196805,1.0242335,0.29324004,-0.85048109,-0.49360478,0.18176019,0
0.21210435,0.4923166,-0.42143333,0.85048109,0.49360478,-0.18176019,0
1.210706,-1.6489674,2.674196,0.24743837,-0.07050249,0.96633554,0
-1.1145338,0.65546042,-0.68415153,-0.85048109,-0.49360478,0.18176019,0
0.544065,-1.469429,-2.6014802,0.46417278,-0.86682421,-0.1820977,0
-0.85571897,1.85317,-0.01962468,-0.46417278,0.86682421,0.1820977,0
1.3715926,-1.2789681,2.6599944,0.24743837,-0.07050249,0.96633554,0
0.74055707,-2.0441794,0.63531947,0.46417278,-0.86682421,-0.1820977,0
-0.35593069,1.4146384,3.2988634,0.24743837,-0.07050249,0.96633554,0
0.15518111,-0.38419804,-3.0681276,0.85048109,0.49360478,-0.18176019,0
0.4826709,1.0370822,2.3240001,0.85048109,0.49360478,-0.18176019,0
-0.74077141,0.093918942,-2.9079812,-0.24743837,0.07050249,-0.96633554,0
0.29732466,-1.4345021,0.24643794,-0.85048109,-0.49360478,0.18176019,0
0.42813396,-1.7786407,-1.4250795,0.46417278,-0.86682421,-0.1820977,0
0.342246,-0.72763711,-3.1254995,0.85048109,0.49360478,-0.18176019,0
-1.2253306,1.5503139,-2.677649,-0.24743837,0.07050249,-0.96633554,0
-0.019994974,1.7539328,2.5830541,-0.46417278,0.86682421,0.1820977,0
0.46055388,1.1472412,3.0702865,0.24743837,-0.07050249,0.96633554,0
0.11762172,-0.56589413,-3.1759191,-0.24743837,0.07050249,-0.96633554,0
-0.41335928,-1.1168311,-3.0801523,-0.24743837,0.07050249,-0.96633554,0
1.7464526,-1.8132346,2.1000333,0.46417278,-0.86682421,-0.1820977,0
-0.16161674,1.1206682,-0.46371764,0.85048109,0.49360478,-0.18176019,0
0.223773,-1.291213,0.29140741,-0.85048109,-0.49360478,0.18176019,0
-0.70569748,1.0206211,2.2205138,-0.85048109,-0.49360478,0.18176019,0
-0.52862012,1.0665914,3.1739244,-0.85048109,-0.49360478,0.18176019,0
1.6800737,-1.3139366,1.5421741,0.85048109,0.49360478,-0.18176019,0
-0.45675266,1.7345556,1.5619831,-0.46417278,0.86682421,0.1820977,0
-0.96561813,0.87344038,0.60461223,-0.85048109,-0.49360478,0.18176019,0
1.4351172,-1.781798,1.1567843,0.46417278,-0.86682421,-0.1820977,0
-0.092294335,1.6637099,2.8282404,-0.46417278,0.86682421,0.1820977,0
-0.003221035,1.3776271,0.9752596,0.85048109,0.49360478,-0.18176019,0
-1.2327745,0.98223585,-0.34999543,-0.85048109,-0.49360478,0.18176019,0
1.2233838,-0.92515063,2.7237587,0.24743837,-0.07050249,0.96633554,0
1.1226032,-0.93648404,2.7487373,0.24743837,-0.07050249,0.96633554,0
0.91890323,-1.6490216,-0.79110646,0.46417278,-0.86682421,-0.1820977,0
-1.5605708,1.7819688,-2.5749066,-0.24743837,0.07050249,-0.96633554,0
-1.7900612,1.6069384,-1.2611188,-0.85048109,-0.49360478,0.18176019,0
0.6106925,-1.3181244,-3.1518874,0.46417278,-0.86682421,-0.1820977,0
-1.1314932,1.2793357,-2.7214472,-0.24743837,0.07050249,-0.96633554,0
0.7905128,-1.6755185,-0.99224687,0.46417278,-0.86682421,-0.1820977,0
0.65942603,-0.6067524,2.8913944,0.24743837,-0.07050249,0.96633554,0
-0.64482373,-0.85373116,-3.0016887,-0.24743837,0.07050249,-0.96633554,0
0.23532078,0.26624268,-0.92674732,0.85048109,0.49360478,-0.18176019,0
-0.23395687,-0.42713603,-3.0757704,-0.24743837,0.07050249,-0.96633554,0
-0.92875862,2.0409873,-1.0998571,-0.46417278,0.86682421,0.1820977,0
-0.88680792,-0.064749688,-1.574459,-0.85048109,-0.49360478,0.18176019,0
-1.6926214,1.4366586,-1.2676108,-0.85048109,-0.49360478,0.18176019,0
0.065662265,-1.7857252,-2.3153074,0.46417278,-0.86682421,-0.1820977,0
-0.037171602,1.6914656,2.8366265,-0.46417278,0.86682421,0.1820977,0
1.1796458,-1.1092501,2.7215261,0.24743837,-0.07050249,0.96633554,0
1.6165665,-1.8284172,1.841222,0.46417278,-0.86682421,-0.1820977,0
-1.2775805,0.49406955,-1.8853579,-0.85048109,-0.49360478,0.18176019,0
1.6245978,-1.5967001,2.5720291,0.24743837,-0.07050249,0.96633554,0
1.8214487,-1.3723197,2.0451362,0.85048109,0.49360478,-0.18176019,0
-0.60151958,0.65241015,-2.9028909,-0.24743837,0.07050249,-0.96633554,0
0.20374963,0.3204155,-0.92735648,0.85048109,0.49360478,-0.18176019,0
1.0207523,-1.4299228,-1.5744467,0.46417278,-0.86682421,-0.1820977,0
0.47656038,0.077754617,2.9881597,0.24743837,-0.07050249,0.96633554,0
0.2782042,-1.7105131,-2.131557,0.46417278,-0.86682421,-0.1820977,0
-0.75525361,0.21652734,-0.19503635,-0.85048109,-0.49360478,0.18176019,0
-0.85355937,-0.47056833,-2.9202847,-0.24743837,0.07050249,-0.96633554,0
-0.70642054,1.5514656,1.7971191,-0.46417278,0.86682421,0.1820977,0
1.2256502,-0.43829662,2.7586987,0.24743837,-0.07050249,0.96633554,0
1.7870107,-1.7606881,1.9532852,0.46417278,-0.86682421,-0.1820977,0
-1.0971146,0.97971034,0.27791759,-0.85048109,-0.49360478,0.18176019,0
1.7688389,-1.1073636,2.5185063,0.85048109,0.49360478,-0.18176019,0
0.75048208,0.68938613,2.9626436,0.24743837,-0.07050249,0.96633554,0
0.89669526,-0.42143178,2.8441603,0.24743837,-0.07050249,0.96633554,0
1.2272568,-0.50528014,1.6194416,0.85048109,0.49360478,-0.18176019,0
0.99987191,-0.96008867,-0.67964351,0.85048109,0.49360478,-0.18176019,0
-0.34961909,0.11767647,-3.0064056,-0.24743837,0.07050249,-0.96633554,0
-0.28317916,0.73698789,-2.074482,0.85048109,0.49360478,-0.18176019,0
-1.4652574,1.6322157,-2.6102381,-0.24743837,0.07050249,-0.96633554,0
0.96267748,-1.4948645,-1.4133449,0.46417278,-0.86682421,-0.1820977,0
-1.2525228,0.55077583,-1.6141121,-0.85048109,-0.49360478,0.18176019,0
0.60792458,-1.7286259,-1.2048676,0.46417278,-0.86682421,-0.1820977,0
-0.99557912,-0.25546402,-2.8682256,-0.24743837,0.07050249,-0.96633554,0
-0.71454799,1.8800777,0.21213786,-0.46417278,0.86682421,0.1820977,0
-0.44709289,1.6218822,2.1229558,-0.46417278,0.86682421,0.1820977,0
1.1380287,-0.028464884,2.496814,0.85048109,0.49360478,-0.18176019,0
-0.4072783,1.5162725,-0.53886265,0.85048109,0.49360478,-0.18176019,0
1.5195208,-0.6704278,2.6665142,0.24743837,-0.07050249,0.96633554,0
1.084891,-0.056726962,2.8225801,0.24743837,-0.07050249,0.96633554,0
1.2587278,-1.8237602,0.90691078,0.46417278,-0.86682421,-0.1820977,0
0.42326337,0.040509224,-0.66036004,0.85048109,0.49360478,-0.18176019,0
0.22632468,1.3075869,1.8591282,0.85048109,0.49360478,-0.18176019,0
0.97934651,-1.2308509,2.7639427,0.24743837,-0.07050249,0.96633554,0
-1.3261905,0.27207232,-2.7156861,-0.85048109,-0.49360478,0.18176019,0
0.83014035,-0.29393029,2.8705049,0.24743837,-0.07050249,0.96633554,0
-1.9300776,1.775804,-2.3899226,-0.46417278,0.86682421,0.1820977,0
1.3111427,-1.9815948,1.7918446,0.46417278,-0.86682421,-0.1820977,0
0.22822368,-1.710546,-2.2588019,0.46417278,-0.86682421,-0.1820977,0
1.1443886,-0.63753921,2.7649693,0.24743837,-0.07050249,0.96633554,0
-1.9278033,1.7206447,-2.4853477,-0.24743837,0.07050249,-0.96633554,0
-0.25943112,1.7394232,0.75894248,0.85048109,0.49360478,-0.18176019,0
-0.022737026,-1.2721165,-3.1915035,-0.24743837,0.07050249,-0.96633554,0
-0.29624704,-0.068837941,1.177755,-0.85048109,-0.49360478,0.18176019,0
-0.22149491,-1.2451298,-3.1386414,-0.24743837,0.07050249,-0.96633554,0
-0.88477004,1.4529943,1.8112448,-0.46417278,0.86682421,0.1820977,0
-1.2542952,2.0161564,-2.636245,-0.24743837,0.07050249,-0.96633554,0
-1.1426141,1.9704292,-1.3091104,-0.46417278,0.86682421,0.1820977,0
-1.4910063,1.5663828,-2.6084483,-0.24743837,0.07050249,-0.96633554,0
1.0207503,-2.1092641,1.6593577,0.46417278,-0.86682421,-0.1820977,0
1.0074824,-2.0956881,1.5609149,0.46417278,-0.86682421,-0.1820977,0
1.543937,-1.7093134,1.0891275,0.46417278,-0.86682421,-0.1820977,0
-0.069596291,1.7941868,2.2649999,-0.46417278,0.86682421,0.1820977,0
1.099461,-1.5237457,-0.9271993,0.46417278,-0.86682421,-0.1820977,0
0.18814147,-1.4700682,-3.2599435,-0.24743837,0.07050249,-0.96633554,0
1.26861,-0.9465583,0.6145643,0.85048109,0.49360478,-0.18176019,0
-0.093579292,1.5090585,0.90938717,0.85048109,0.49360478,-0.18176019,0
0.041701913,0.64270824,-0.81035274,0.85048109,0.49360478,-0.18176019,0
0.65590405,-0.75399745,-1.7294364,0.85048109,0.49360478,-0.18176019,0
-0.2439599,1.1780516,3.2529309,0.24743837,-0.07050249,0.96633554,0
-0.59272778,-0.43956095,-2.9848108,-0.24743837,0.07050249,-0.96633554,0
-1.840726,1.4151256,-2.5299344,-0.24743837,0.07050249,-0.96633554,0
0.50437975,-1.0578851,-3.2637043,0.85048109,0.49360478,-0.18176019,0
1.59326,-1.809021,1.6894829,0.46417278,-0.86682421,-0.1820977,0
-0.017488718,1.7866441,2.4337292,-0.46417278,0.86682421,0.1820977,0
0.42699635,-0.56804752,2.9537342,0.24743837,-0.07050249,0.96633554,0
0.61620432,0.88911271,2.5469828,0.85048109,0.49360478,-0.18176019,0
-0.018200874,1.2560246,3.2008121,0.24743837,-0.07050249,0.96633554,0
1.0803628,-1.9081084,0.85376728,0.46417278,-0.86682421,-0.1820977,0
0.32874352,-1.3349158,0.66389704,-0.85048109,-0.49360478,0.18176019,0
-1.1152847,1.894417,-2.6807218,-0.24743837,0.07050249,-0.96633554,0
0.2290082,-0.57835031,2.2518191,-0.85048109,-0.49360478,0.18176019,0
1.7915808,-1.8011721,2.1576476,0.46417278,-0.86682421,-0.1820977,0
-0.12646842,1.5063268,0.74807644,0.85048109,0.49360478,-0.18176019,0
-0.2469916,-0.52743977,0.16280746,-0.85048109,-0.49360478,0.18176019,0
1.152616,0.025721371,2.7122231,0.85048109,0.49360478,-0.18176019,0
1.4294379,-1.0342398,2.6630375,0.24743837,-0.07050249,0.96633554,0
-0.6404599,1.7193559,1.1660612,-0.46417278,0.86682421,0.1820977,0
1.4596422,-2.0200717,2.3535326,0.46417278,-0.86682421,-0.1820977,0
0.30345568,-0.31102663,-2.1756198,0.85048109,0.49360478,-0.18176019,0
0.27140123,-0.19879264,3.0205157,0.24743837,-0.07050249,0.96633554,0
-1.1759748,1.5458729,0.62683129,-0.46417278,0.86682421,0.1820977,0
-1.3654133,0.98443091,-0.96466959,-0.85048109,-0.49360478,0.18176019,0
-1.4329158,1.887973,-1.656589,-0.46417278,0.86682421,0.1820977,0
0.13750374,-1.278101,-3.2329712,-0.24743837,0.07050249,-0.96633554,0
-0.16951901,0.34483737,-2.60761,0.85048109,0.49360478,-0.18176019,0
-0.8529675,2.0340514,-0.87364638,-0.46417278,0.86682421,0.1820977,0
1.3339334,-0.52854979,2.0554032,0.85048109,0.49360478,-0.18176019,0
-1.5871145,1.7254577,-1.2760381,-0.46417278,0.86682421,0.1820977,0
-0.21011209,1.4499805,0.20367691,0.85048109,0.49360478,-0.18176019,0
-0.31737542,-1.4584296,-2.6948094,-0.85048109,-0.49360478,0.18176019,0
-0.6510582,-0.54389572,-2.9774866,-0.24743837,0.07050249,-0.96633554,0
-0.98859733,-0.27191722,-2.8712142,-0.24743837,0.07050249,-0.96633554,0
0.84900045,-0.28329676,2.8664513,0.24743837,-0.07050249,0.96633554,0
0.47190332,-1.6376429,0.51164788,-0.85048109,-0.49360478,0.18176019,0
-1.7149582,1.7950929,-1.9333954,-0.46417278,0.86682421,0.1820977,0
-0.13318814,0.19520479,-2.8439684,0.85048109,0.49360478,-0.18176019,0
0.54702878,-1.773066,-1.1485486,0.46417278,-0.86682421,-0.1820977,0
-0.86483049,0.79080409,0.85179627,-0.85048109,-0.49360478,0.18176019,0
1.0902063,-0.9858768,2.7534294,0.24743837,-0.07050249,0.96633554,0
-0.015493751,1.2832015,3.2021019,0.24743837,-0.07050249,0.96633554,0
0.77065575,0.4857378,2.9426196,0.24743837,-0.07050249,0.96633554,0
-1.5017691,1.2594285,-0.85588872,-0.85048109,-0.49360478,0.18176019,0
-0.41955188,0.14171937,-2.9867444,-0.24743837,0.07050249,-0.96633554,0
1.7426614,-1.3100653,2.5627103,0.24743837,-0.07050249,0.96633554,0
-0.83945668,-0.33866879,-2.914273,-0.24743837,0.07050249,-0.96633554,0
-0.72170788,0.48745656,0.69768894,-0.85048109,-0.49360478,0.18176019,0
1.3381784,-0.54214954,2.7223074,0.24743837,-0.07050249,0.96633554,0
0.0083239079,1.4628211,1.2606403,0.85048109,0.49360478,-0.18176019,0
-0.13968492,1.5858068,3.0782759,-0.46417278,0.86682421,0.1820977,0
-0.047544599,1.7347997,2.6039066,-0.46417278,0.86682421,0.1820977,0
0.29273319,-1.4775808,0.10796507,-0.85048109,-0.49360478,0.18176019,0
-0.82229823,0.38908958,-0.040121973,-0.85048109,-0.49360478,0.18176019,0
1.308985,-2.0246499,1.991297,0.46417278,-0.86682421,-0.1820977,0
0.55118293,-0.8350715,2.9024534,0.24743837,-0.07050249,0.96633554,0
-1.3496951,1.5913941,-0.032677412,-0.46417278,0.86682421,0.1820977,0
-1.9694654,1.7568672,-2.4720368,-0.24743837,0.07050249,-0.96633554,0
-1.4616303,1.5395617,-2.6179268,-0.24743837,0.07050249,-0.96633554,0
-0.16886866,-1.1381266,-3.1443095,-0.24743837,0.07050249,-0.96633554,0
0.27397132,1.6427398,3.1542139,0.24743837,-0.07050249,0.96633554,0
1.3619752,-0.7667917,1.5396227,0.85048109,0.49360478,-0.18176019,0
1.9268801,-1.4675589,2.2798252,0.85048109,0.49360478,-0.18176019,0
-1.065057,1.1094232,-2.7508552,-0.24743837,0.07050249,-0.96633554,0
-0.78030682,1.1021887,-2.8242955,-0.24743837,0.07050249,-0.96633554,0
0.7066499,-0.60091168,2.8797286,0.24743837,-0.07050249,0.96633554,0
1.2293372,-1.4321345,-0.88787401,0.85048109,0.49360478,-0.18176019,0
-1.2601945,1.0146964,-2.7077997,-0.24743837,0.07050249,-0.96633554,0
0.96055347,-1.2102634,-1.5430171,0.85048109,0.49360478,-0.18176019,0
0.61505556,-1.8321483,-0.69390047,0.46417278,-0.86682421,-0.1820977,0
0.46095479,-1.8802104,-0.8579241,0.46417278,-0.86682421,-0.1820977,0
0.003095746,1.4787408,3.2116084,0.24743837,-0.07050249,0.96633554,0
0.53231496,0.61984712,3.0134332,0.24743837,-0.07050249,0.96633554,0
-0.57772183,2.0017104,-0.018086135,-0.46417278,0.86682421,0.1820977,0
-0.5490129,1.2451985,-1.9382124,0.85048109,0.49360478,-0.18176019,0
-0.91955674,1.6495396,0.78697467,-0.46417278,0.86682421,0.1820977,0
1.6203089,-1.6928777,2.5661099,0.24743837,-0.07050249,0.96633554,0
0.79663068,-0.87231326,-1.3922663,0.85048109,0.49360478,-0.18176019,0
0.44398817,-0.082154661,-0.89650303,0.85048109,0.49360478,-0.18176019,0
1.5547783,-1.4794532,2.5984609,0.24743837,-0.07050249,0.96633554,0
1.0381392,-1.9777814,1.0777977,0.46417278,-0.86682421,-0.1820977,0
-0.14912766,-0.46751726,-3.1004379,-0.24743837,0.07050249,-0.96633554,0
-1.3494544,1.5975738,-0.061479986,-0.46417278,0.86682421,0.1820977,0
-1.7296777,1.8798143,-2.5244665,-0.24743837,0.07050249,-0.96633554,0
-0.8840993,-0.18639854,-1.8921454,-0.85048109,-0.49360478,0.18176019,0
-1.3545887,1.4592112,-2.6511979,-0.24743837,0.07050249,-0.96633554,0
0.57239813,0.23522934,0.56626213,0.85048109,0.49360478,-0.18176019,0
1.4036572,-1.8010235,1.1681097,0.46417278,-0.86682421,-0.1820977,0
0.075479746,-1.7880499,-2.2792161,0.46417278,-0.86682421,-0.1820977,0
-0.20084631,1.0799522,3.2347341,0.24743837,-0.07050249,0.96633554,0
-1.2494719,1.5664353,0.34160349,-0.46417278,0.86682421,0.1820977,0
0.41519868,0.94050115,3.0668166,0.24743837,-0.07050249,0.96633554,0
1.8523903,-1.4268336,2.526094,0.24743837,-0.07050249,0.96633554,0
-0.66926277,1.3635353,2.7864244,-0.46417278,0.86682421,0.1820977,0
0.54160917,-0.084002137,2.9597018,0.24743837,-0.07050249,0.96633554,0
-0.19000125,-1.3112378,-1.6990805,-0.85048109,-0.49360478,0.18176019,0
1.2529731,-0.65663671,2.7357724,0.24743837,-0.07050249,0.96633554,0
1.3662533,-1.7165868,2.6294334,0.24743837,-0.07050249,0.96633554,0
1.3156224,-1.4224379,2.6638584,0.24743837,-0.07050249,0.96633554,0
-1.0783679,0.50015926,-2.7918983,-0.24743837,0.07050249,-0.96633554,0
-0.80313706,1.8247356,0.2497611,-0.46417278,0.86682421,0.1820977,0
-0.88725978,0.02607278,-2.8754218,-0.24743837,0.07050249,-0.96633554,0
-1.5237684,1.5033284,-0.29646981,-0.85048109,-0.49360478,0.18176019,0
-1.2437758,1.209271,0.21508482,-0.85048109,-0.49360478,0.18176019,0
0.014886141,-1.6507902,-3.0870559,0.46417278,-0.86682421,-0.1820977,0
-0.014657974,0.54293257,3.1478791,0.24743837,-0.07050249,0.96633554,0
0.17186165,0.89588028,3.1258693,0.24743837,-0.07050249,0.96633554,0
-0.78093743,1.6786828,1.0015916,-0.46417278,0.86682421,0.1820977,0
0.054340839,1.5731705,1.775635,0.85048109,0.49360478,-0.18176019,0
-0.6194008,-0.17518109,-0.6231215,-0.85048109,-0.49360478,0.18176019,0
-1.7093952,1.8604902,-2.2305202,-0.46417278,0.86682421,0.1820977,0
-0.70293665,1.830924,0.47571763,-0.46417278,0.86682421,0.1820977,0
-0.16277945,1.3806669,0.23691878,0.85048109,0.49360478,-0.18176019,0
-1.4510274,1.3921857,-2.6313941,-0.24743837,0.07050249,-0.96633554,0
1.44636,-1.6775091,0.68900478,0.46417278,-0.86682421,-0.1820977,0
-0.011042714,-1.2519817,-3.1930294,-0.24743837,0.07050249,-0.96633554,0
0.31177187,0.11263454,3.0328996,0.24743837,-0.07050249,0.96633554,0
1.6528986,-1.6367077,1.0212556,0.46417278,-0.86682421,-0.1820977,0
0.60879755,0.2971321,0.90468848,0.85048109,0.49360478,-0.18176019,0
0.29659265,-0.06017679,3.0241787,0.24743837,-0.07050249,0.96633554,0
-0.4542315,1.9537995,0.5247615,-0.46417278,0.86682421,0.1820977,0
-1.4481825,1.1049769,-1.0245928,-0.85048109,-0.49360478,0.18176019,0
-0.1986866,-1.6548579,-3.1743748,-0.24743837,0.07050249,-0.96633554,0
-0.22982574,1.5719599,2.9144187,-0.46417278,0.86682421,0.1820977,0
-0.19529286,-0.16338474,1.3933737,-0.85048109,-0.49360478,0.18176019,0
-0.41619468,1.6417842,2.1069784,-0.46417278,0.86682421,0.1820977,0
1.0610106,-1.5656798,-0.82559526,0.46417278,-0.86682421,-0.1820977,0
0.17876101,0.33454937,-1.0058985,0.85048109,0.49360478,-0.18176019,0
-0.078973174,1.7431065,2.4842515,-0.46417278,0.86682421,0.1820977,0
-0.59764946,1.968513,0.089146242,-0.46417278,0.86682421,0.1820977,0
-1.0641863,1.7199572,0.083105341,-0.46417278,0.86682421,0.1820977,0
-0.70853519,1.9180374,-0.85741699,0.85048109,0.49360478,-0.18176019,0
1.4983206,-1.9770695,2.5766122,0.24743837,-0.07050249,0.96633554,0
0.90585691,0.27588496,2.8926895,0.24743837,-0.07050249,0.96633554,0
0.51858342,0.063706204,2.9763744,0.24743837,-0.07050249,0.96633554,0
0.0081875324,-1.6317382,-3.1948245,0.46417278,-0.86682421,-0.1820977,0
-0.56683707,1.5778842,2.0271635,-0.46417278,0.86682421,0.1820977,0
-0.52423829,1.5277755,-1.0548966,0.85048109,0.49360478,-0.18176019,0
-0.14781213,-1.6643366,-3.1880934,-0.24743837,0.07050249,-0.96633554,0
-1.2584007,2.082413,-2.1373188,-0.46417278,0.86682421,0.1820977,0
0.092463732,1.0191565,3.155194,0.24743837,-0.07050249,0.96633554,0
0.79797769,-1.7669786,-0.53784859,0.46417278,-0.86682421,-0.1820977,0
0.924043,-0.72690296,-0.40119749,0.85048109,0.49360478,-0.18176019,0
-1.8915629,1.7290909,-2.0693831,-0.46417278,0.86682421,0.1820977,0
-1.0570028,1.3030632,1.3437328,-0.85048109,-0.49360478,0.18176019,0
1.0609328,0.10894859,2.840802,0.24743837,-0.07050249,0.96633554,0
-1.3569825,1.1831638,-0.38552362,-0.85048109,-0.49360478,0.18176019,0
-1.3437908,0.73503006,-2.7067986,-0.24743837,0.07050249,-0.96633554,0
0.79742217,-1.4541388,-2.0284495,0.46417278,-0.86682421,-0.1820977,0
-1.7446249,1.1868391,-2.5711977,-0.24743837,0.07050249,-0.96633554,0
-0.45092916,1.4671046,2.8499517,-0.46417278,0.86682421,0.1820977,0
1.0559772,-1.1565814,2.7497394,0.24743837,-0.07050249,0.96633554,0
-0.68878824,0.20394938,-2.9132638,-0.24743837,0.07050249,-0.96633554,0
0.80040705,-2.0202117,0.67378777,0.46417278,-0.86682421,-0.1820977,0
-0.65179336,0.31617561,-2.9145494,-0.24743837,0.07050249,-0.96633554,0
0.65223914,-0.74841881,2.8828988,0.24743837,-0.07050249,0.96633554,0
-0.67397588,-0.82167089,-2.6341536,-0.85048109,-0.49360478,0.18176019,0
1.6830597,-1.6162947,1.0009674,0.46417278,-0.86682421,-0.1820977,0
-0.45968223,1.9045149,0.74547368,-0.46417278,0.86682421,0.1820977,0
0.37176657,-1.9200341,-0.72379285,-0.85048109,-0.49360478,0.18176019,0
-0.83706748,1.4731953,1.8366798,-0.46417278,0.86682421,0.1820977,0
-0.36332768,0.80286932,3.231163,-0.85048109,-0.49360478,0.18176019,0
0.4948169,-1.9691792,-0.3480975,0.46417278,-0.86682421,-0.1820977,0
1.1220595,-1.6836029,-0.1086394,0.46417278,-0.86682421,-0.1820977,0
0.66095281,-0.9755162,2.8640993,0.24743837,-0.07050249,0.96633554,0
-0.013587534,0.95680439,-0.21607201,0.85048109,0.49360478,-0.18176019,0
-0.14812076,1.8664347,1.6247042,0.85048109,0.49360478,-0.18176019,0
-0.88216746,0.85842568,-2.8159978,-0.24743837,0.07050249,-0.96633554,0
-0.75026226,1.7099248,0.93106562,-0.46417278,0.86682421,0.1820977,0
1.2029184,-1.7114249,0.22991127,0.46417278,-0.86682421,-0.1820977,0
1.6161699,-1.7046589,1.2510953,0.46417278,-0.86682421,-0.1820977,0
-1.3525949,1.6664181,-2.636591,-0.24743837,0.07050249,-0.96633554,0
1.2196596,-0.76248676,2.7365797,0.24743837,-0.07050249,0.96633554,0
0.98261392,-1.0630264,2.7753501,0.24743837,-0.07050249,0.96633554,0
1.4991446,-1.5935496,0.42388976,0.46417278,-0.86682421,-0.1820977,0
-0.26313734,-0.99997723,-3.1100924,-0.24743837,0.07050249,-0.96633554,0
0.77634954,-1.6208446,-1.2886083,0.46417278,-0.86682421,-0.1820977,0
-0.37150455,-1.5131416,-3.0966673,-0.85048109,-0.49360478,0.18176019,0
-1.0353152,1.6196196,0.63432807,-0.46417278,0.86682421,0.1820977,0
-0.18405747,-1.4562262,-2.0650132,-0.85048109,-0.49360478,0.18176019,0
-0.34683883,1.4511204,3.1913693,-0.46417278,0.86682421,0.1820977,0
0.48403594,-1.0504268,2.1631153,-0.85048109,-0.49360478,0.18176019,0
0.37850642,-0.37429148,-1.9962547,0.85048109,0.49360478,-0.18176019,0
1.1042821,-1.6064296,-0.52131599,0.46417278,-0.86682421,-0.1820977,0
-1.2918857,1.0125946,-2.6998386,-0.24743837,0.07050249,-0.96633554,0
-0.56793809,1.8605152,0.67897284,-0.46417278,0.86682421,0.1820977,0
0.23237231,-0.19536605,-2.1941302,0.85048109,0.49360478,-0.18176019,0
-1.2542768,1.8878357,-1.200579,-0.46417278,0.86682421,0.1820977,0
-0.41046923,-0.18893456,0.31714824,-0.85048109,-0.49360478,0.18176019,0
1.4661191,-1.3489267,0.44602811,0.85048109,0.49360478,-0.18176019,0
1.706347,-0.9958179,2.529022,0.85048109,0.49360478,-0.18176019,0
0.81579632,-0.94291031,-1.4943074,0.85048109,0.49360478,-0.18176019,0
1.2429444,-1.6642956,0.10759276,0.46417278,-0.86682421,-0.1820977,0
-0.68742108,1.9231943,-0.74461603,0.85048109,0.49360478,-0.18176019,0
-1.132568,0.056690425,-2.8103745,-0.24743837,0.07050249,-0.96633554,0
-0.16788757,1.6772,2.5713348,-0.46417278,0.86682421,0.1820977,0
0.93427986,-1.1564325,2.7809122,0.24743837,-0.07050249,0.96633554,0
-0.76888561,1.4387001,2.1746819,-0.46417278,0.86682421,0.1820977,0
1.4121243,-1.8313397,2.6093156,0.24743837,-0.07050249,0.96633554,0
-0.83567548,0.13730204,-2.8805149,-0.24743837,0.07050249,-0.96633554,0
0.71835685,-1.9607779,0.18172178,0.46417278,-0.86682421,-0.1820977,0
0.54041702,0.61292332,3.0108535,0.24743837,-0.07050249,0.96633554,0
-0.21614361,-0.9148618,-3.1159155,-0.24743837,0.07050249,-0.96633554,0
-1.2539984,1.0508471,-0.2629782,-0.85048109,-0.49360478,0.18176019,0
1.9853486,-1.6806097,2.4735336,0.24743837,-0.07050249,0.96633554,0
0.7267499,0.082113564,2.9244146,0.24743837,-0.07050249,0.96633554,0
-0.17210501,0.20770416,2.5096359,-0.85048109,-0.49360478,0.18176019,0
-1.0707192,1.9963634,-2.3394172,0.85048109,0.49360478,-0.18176019,0
0.31586981,-1.5928087,-2.5958438,0.46417278,-0.86682421,-0.1820977,0
-0.63915527,0.24632663,-2.9228811,-0.24743837,0.07050249,-0.96633554,0
0.033019304,-0.77978313,-3.1698608,-0.24743837,0.07050249,-0.96633554,0
-1.2039658,1.0347779,-0.072507381,-0.85048109,-0.49360478,0.18176019,0
-0.045130253,1.3871384,0.80499029,0.85048109,0.49360478,-0.18176019,0
0.88168299,-0.52848363,2.8401945,0.24743837,-0.07050249,0.96633554,0
-1.1022968,1.6445342,0.34499076,-0.46417278,0.86682421,0.1820977,0
-1.7672882,1.8153698,-2.1633091,-0.46417278,0.86682421,0.1820977,0
0.11172283,-0.89079988,-3.198113,-0.24743837,0.07050249,-0.96633554,0
1.206223,-0.7723521,0.79573667,0.85048109,0.49360478,-0.18176019,0
0.61486775,-0.95025665,-2.4544308,0.85048109,0.49360478,-0.18176019,0
0.11814487,-0.94270587,0.74359757,-0.85048109,-0.49360478,0.18176019,0
0.26812756,1.3372712,3.1334231,0.24743837,-0.07050249,0.96633554,0
-1.0290191,1.4449518,1.4818335,-0.46417278,0.86682421,0.1820977,0
-0.37995446,1.8015206,0.36363411,0.85048109,0.49360478,-0.18176019,0
-0.48419762,1.4336379,2.9244573,-0.46417278,0.86682421,0.1820977,0
-1.6774653,1.4943202,-1.0401028,-0.85048109,-0.49360478,0.18176019,0
-0.53990221,0.042462945,0.33991751,-0.85048109,-0.49360478,0.18176019,0
-1.2027196,1.4468231,-2.690989,-0.24743837,0.07050249,-0.96633554,0
-0.68753409,1.2045677,2.8050447,-0.85048109,-0.49360478,0.18176019,0
-0.52286625,-1.197076,-3.0579665,-0.24743837,0.07050249,-0.96633554,0
0.65885806,-1.6794957,-1.3089074,0.46417278,-0.86682421,-0.1820977,0
-0.60285747,-0.53201962,-1.5147761,-0.85048109,-0.49360478,0.18176019,0
0.17541122,-1.8239141,-1.3815345,-0.85048109,-0.49360478,0.18176019,0
-0.17605412,-1.3514191,-3.1580312,-0.24743837,0.07050249,-0.96633554,0
-0.67733824,1.8516998,0.44207072,-0.46417278,0.86682421,0.1820977,0
-0.33605087,1.651199,0.16083921,0.85048109,0.49360478,-0.18176019,0
0.30808488,-0.27503341,3.0055599,0.24743837,-0.07050249,0.96633554,0
1.5813336,-0.92360103,2.632215,0.24743837,-0.07050249,0.96633554,0
1.6335932,-1.8113368,1.8033164,0.46417278,-0.86682421,-0.1820977,0
-0.78658998,1.4317609,-2.5432217,0.85048109,0.49360478,-0.18176019,0
0.43445182,-1.8278466,-0.18012814,-0.85048109,-0.49360478,0.18176019,0
0.19542003,1.6065867,2.5265121,0.85048109,0.49360478,-0.18176019,0
0.81096929,0.52963775,2.9354999,0.24743837,-0.07050249,0.96633554,0
1.158679,-2.0270782,2.6599317,0.24743837,-0.07050249,0.96633554,0
-0.048302293,1.7395993,1.7473221,0.85048109,0.49360478,-0.18176019,0
-0.42158091,1.8182023,1.253461,-0.46417278,0.86682421,0.1820977,0
-1.0217713,2.0589163,-1.4222949,-0.46417278,0.86682421,0.1820977,0
-0.98862541,1.7747444,0.01491496,-0.46417278,0.86682421,0.1820977,0
-1.6373212,1.0963337,-1.9330707,-0.85048109,-0.49360478,0.18176019,0
1.1356564,-2.1195316,2.0011334,0.46417278,-0.86682421,-0.1820977,0
0.61223596,-1.1520944,2.4868829,-0.85048109,-0.49360478,0.18176019,0
0.38730037,1.2421753,3.0959699,0.24743837,-0.07050249,0.96633554,0
-0.72861135,1.8057432,0.53013766,-0.46417278,0.86682421,0.1820977,0
-1.2143732,1.2626667,-2.7014406,-0.24743837,0.07050249,-0.96633554,0
0.2614044,-1.4266398,0.099713624,-0.85048109,-0.49360478,0.18176019,0
1.4356315,-1.8087401,2.6049452,0.24743837,-0.07050249,0.96633554,0
-0.68360901,-0.3269856,-1.3358153,-0.85048109,-0.49360478,0.18176019,0
0.089254975,1.5626683,1.9104822,0.85048109,0.49360478,-0.18176019,0
0.15515977,-1.0191522,0.70918995,-0.85048109,-0.49360478,0.18176019,0
-0.60537422,1.6789211,1.4479746,-0.46417278,0.86682421,0.1820977,0
1.9393519,-1.7648208,2.3612804,0.46417278,-0.86682421,-0.1820977,0
0.74367553,0.50668448,2.951057,0.24743837,-0.07050249,0.96633554,0
0.71204686,-0.23829785,-0.0662558,0.85048109,0.49360478,-0.18176019,0
-0.79325509,2.0522094,-0.80787218,-0.46417278,0.86682421,0.1820977,0
0.98855281,-1.6705753,-0.5109669,0.46417278,-0.86682421,-0.1820977,0
1.4032617,-1.5070021,-0.2325041,0.46417278,-0.86682421,-0.1820977,0
2.0046191,-1.5612783,2.3890634,0.85048109,0.49360478,-0.18176019,0
1.3437479,-2.0077646,1.9995306,0.46417278,-0.86682421,-0.1820977,0
-0.40816939,1.3009056,3.3039412,0.24743837,-0.07050249,0.96633554,0
-0.57983482,0.61786264,1.7156754,-0.85048109,-0.49360478,0.18176019,0
-0.61189592,0.16410404,-2.9358602,-0.24743837,0.07050249,-0.96633554,0
-1.6316445,1.6439775,-1.0016836,-0.46417278,0.86682421,0.1820977,0
0.61970961,0.2564117,2.9645393,0.24743837,-0.07050249,0.96633554,0
-0.63921511,1.7730495,0.91364169,-0.46417278,0.86682421,0.1820977,0
-1.535772,1.7549886,-1.2857383,-0.46417278,0.86682421,0.1820977,0
0.044621643,0.25465924,-1.8505123,0.85048109,0.49360478,-0.18176019,0
-1.8788707,1.7898105,-2.492831,-0.24743837,0.07050249,-0.96633554,0
1.2061446,-1.6070634,-0.25864929,0.46417278,-0.86682421,-0.1820977,0
0.81893003,-1.8057034,-0.30010194,0.46417278,-0.86682421,-0.1820977,0
-1.1844925,1.8599781,-0.89008772,-0.46417278,0.86682421,0.1820977,0
0.85827148,0.046314269,1.3908677,0.85048109,0.49360478,-0.18176019,0
-0.16484693,-0.107609,-3.0701547,-0.24743837,0.07050249,-0.96633554,0
0.014912009,-1.2372925,-3.1986036,-0.24743837,0.07050249,-0.96633554,0
-0.73372066,-0.53566724,-2.9557202,-0.24743837,0.07050249,-0.96633554,0
-1.2485232,1.1558564,0.04781422,-0.85048109,-0.49360478,0.18176019,0
0.21706164,1.5950816,2.5965302,0.85048109,0.49360478,-0.18176019,0
1.5386584,-1.8943325,1.9564035,0.46417278,-0.86682421,-0.1820977,0
1.4672314,-1.2753124,0.65114641,0.85048109,0.49360478,-0.18176019,0
0.25997719,-0.26821685,3.0183759,0.24743837,-0.07050249,0.96633554,0
-0.10754991,-0.73951781,-3.1309292,-0.24743837,0.07050249,-0.96633554,0
0.17622721,-0.015540302,3.0582557,0.24743837,-0.07050249,0.96633554,0
-1.0054798,0.58300328,-2.8045175,-0.24743837,0.07050249,-0.96633554,0
0.083142996,1.075487,3.1616905,0.24743837,-0.07050249,0.96633554,0
0.52708143,0.90574384,2.1751287,0.85048109,0.49360478,-0.18176019,0
0.033298135,-0.69782299,-3.1639526,-0.24743837,0.07050249,-0.96633554,0
-1.2734319,1.6147858,-2.6606283,-0.24743837,0.07050249,-0.96633554,0
-1.454138,0.94869971,-2.6629536,-0.24743837,0.07050249,-0.96633554,0
-0.55746299,1.6087728,-0.9903959,0.85048109,0.49360478,-0.18176019,0
0.92228496,0.13553795,1.9326997,0.85048109,0.49360478,-0.18176019,0
-1.4501369,1.9993998,-2.2309012,-0.46417278,0.86682421,0.1820977,0
0.83942878,-2.0072594,0.71159869,0.46417278,-0.86682421,-0.1820977,0
0.95698601,-1.0534223,2.7826133,0.24743837,-0.07050249,0.96633554,0
0.20044148,-0.14277178,-2.2007096,0.85048109,0.49360478,-0.18176019,0
0.35476136,1.3234122,3.1102288,0.24743837,-0.07050249,0.96633554,0
-1.2346942,0.27853352,-2.7680387,-0.24743837,0.07050249,-0.96633554,0
-0.055703163,1.6400414,3.0341802,-0.46417278,0.86682421,0.1820977,0
0.46152687,0.77128869,3.0426085,0.24743837,-0.07050249,0.96633554,0
0.19571781,0.8832134,0.56344688,0.85048109,0.49360478,-0.18176019,0
0.16945294,-0.2181997,-2.5505478,0.85048109,0.49360478,-0.18176019,0
-0.1376009,1.8613195,1.7720886,-0.46417278,0.86682421,0.1820977,0
0.011813104,-0.46472651,-3.1414447,-0.24743837,0.07050249,-0.96633554,0
-1.2656915,0.43731987,-2.7485166,-0.24743837,0.07050249,-0.96633554,0
0.83788371,-1.7663697,-0.43902561,0.46417278,-0.86682421,-0.1820977,0
-0.90482664,1.9119711,-0.42470819,-0.46417278,0.86682421,0.1820977,0
1.9729809,-1.7047434,2.1610208,0.46417278,-0.86682421,-0.1820977,0
-0.070434809,1.5486202,1.1251211,0.85048109,0.49360478,-0.18176019,0
-0.63706398,-0.057503849,-0.38619483,-0.85048109,-0.49360478,0.18176019,0
0.011239141,0.095512033,-2.4389079,0.85048109,0.49360478,-0.18176019,0
0.87550068,-1.6660155,-0.82084656,0.46417278,-0.86682421,-0.1820977,0
-0.97739732,0.44881046,-2.8214986,-0.24743837,0.07050249,-0.96633554,0
-0.4699375,0.20793274,1.1166573,-0.85048109,-0.49360478,0.18176019,0
0.50128961,-1.6918643,-1.6516773,0.46417278,-0.86682421,-0.1820977,0
0.86225033,-0.11102039,0.98221266,0.85048109,0.49360478,-0.18176019,0
-0.70016277,0.14083427,-0.14281768,-0.85048109,-0.49360478,0.18176019,0
0.31550205,0.35695237,3.0497696,0.24743837,-0.07050249,0.96633554,0
-0.079854012,0.87664807,3.1889205,0.24743837,-0.07050249,0.96633554,0
-0.82113636,1.2656552,2.3457961,-0.85048109,-0.49360478,0.18176019,0
-1.5755429,1.2209029,-2.6120071,-0.24743837,0.07050249,-0.96633554,0
-0.66617334,1.4890079,2.197022,-0.46417278,0.86682421,0.1820977,0
-0.82769084,1.9319581,-0.32322896,-0.46417278,0.86682421,0.1820977,0
0.476771,-0.92657852,-3.0363016,0.85048109,0.49360478,-0.18176019,0
-1.2366416,1.6408294,0.020176679,-0.46417278,0.86682421,0.1820977,0
0.96436691,0.10989302,2.865597,0.24743837,-0.07050249,0.96633554,0
-0.43348539,-0.4509187,-3.0264149,-0.24743837,0.07050249,-0.96633554,0
-1.4999684,1.8664042,-1.7248356,-0.46417278,0.86682421,0.1820977,0
1.04406,0.22558028,2.7470291,0.85048109,0.49360478,-0.18176019,0
0.0072981119,-0.23241496,-3.1233399,-0.24743837,0.07050249,-0.96633554,0
1.3321593,-1.8688586,1.3087678,0.46417278,-0.86682421,-0.1820977,0
-1.3778684,2.0421641,-2.250253,-0.46417278,0.86682421,0.1820977,0
0.22609463,-0.60511148,2.1655107,-0.85048109,-0.49360478,0.18176019,0
1.0493368,0.1875895,2.6685493,0.85048109,0.49360478,-0.18176019,0
-1.5082598,1.7498865,-1.1913214,-0.46417278,0.86682421,0.1820977,0
-0.67608273,1.5361136,1.9475297,-0.46417278,0.86682421,0.1820977,0
-0.069023132,-1.7762063,-2.7039363,0.46417278,-0.86682421,-0.1820977,0
-1.0968196,1.5824047,0.65470231,-0.46417278,0.86682421,0.1820977,0
-1.2815793,2.0496962,-2.040664,-0.46417278,0.86682421,0.1820977,0
-1.088877,0.65259898,-2.778085,-0.24743837,0.07050249,-0.96633554,0
0.46551865,-1.0324514,2.1252866,-0.85048109,-0.49360478,0.18176019,0
-0.97811037,1.5521524,1.1013038,-0.46417278,0.86682421,0.1820977,0
-0.48244429,1.1596942,3.3126576,0.24743837,-0.07050249,0.96633554,0
0.71438849,-1.9867793,0.29537803,0.46417278,-0.86682421,-0.1820977,0
0.66713023,-1.3518612,2.201237,-0.85048109,-0.49360478,0.18176019,0
-1.567456,1.1844413,-2.6167386,-0.24743837,0.07050249,-0.96633554,0
0.40457904,-1.7591106,-1.5780889,0.46417278,-0.86682421,-0.1820977,0
-1.1950876,1.5628371,0.49735966,-0.46417278,0.86682421,0.1820977,0
-1.4684844,1.6704851,-0.7119658,-0.46417278,0.86682421,0.1820977,0
-0.49660087,1.4106811,3.002121,-0.46417278,0.86682421,0.1820977,0
-0.40473592,-0.90721095,-3.0670667,-0.24743837,0.07050249,-0.96633554,0
-0.52003467,1.9711921,0.27423543,-0.46417278,0.86682421,0.1820977,0
1.1272264,-1.5638319,-0.66560471,0.46417278,-0.86682421,-0.1820977,0
0.76886427,-0.19682963,2.8932791,0.24743837,-0.07050249,0.96633554,0
1.4383956,-1.032709,1.1750553,0.85048109,0.49360478,-0.18176019,0
0.66554856,-1.9891325,0.18208474,0.46417278,-0.86682421,-0.1820977,0
-0.83539534,1.0989074,-2.8104293,-0.24743837,0.07050249,-0.96633554,0
-1.0558114,-0.2266205,-2.804841,-0.85048109,-0.49360478,0.18176019,0
0.69355702,-1.5004882,-2.0725727,0.46417278,-0.86682421,-0.1820977,0
-0.051011682,-1.2028515,-3.1792107,-0.24743837,0.07050249,-0.96633554,0
-0.89870143,0.99326265,1.2431242,-0.85048109,-0.49360478,0.18176019,0
0.57465422,0.27871498,0.6949119,0.85048109,0.49360478,-0.18176019,0
-1.3379602,1.1991351,-2.6744311,-0.24743837,0.07050249,-0.96633554,0
-0.59720039,1.3606715,2.9837458,-0.46417278,0.86682421,0.1820977,0
0.67128575,-1.1460848,-2.7222512,0.85048109,0.49360478,-0.18176019,0
-1.1224077,2.0657544,-1.7113711,-0.46417278,0.86682421,0.1820977,0
0.1634109,1.5838035,2.3148651,0.85048109,0.49360478,-0.18176019,0
-0.27841896,-0.97520435,-1.2002357,-0.85048109,-0.49360478,0.18176019,0
-0.42591202,-1.3524317,-3.0941272,-0.24743837,0.07050249,-0.96633554,0
-1.6688306,1.7752085,-1.7211607,-0.46417278,0.86682421,0.1820977,0
0.089639068,-1.5899582,-3.1860826,0.46417278,-0.86682421,-0.1820977,0
0.037074566,1.0529603,0.28211311,0.85048109,0.49360478,-0.18176019,0
0.76008666,-1.6102902,-1.3803045,0.46417278,-0.86682421,-0.1820977,0
-1.2911736,1.2513183,0.10749206,-0.85048109,-0.49360478,0.18176019,0
0.22141004,0.75953519,3.1032348,0.24743837,-0.07050249,0.96633554,0
-0.65370846,-0.21354941,-2.9527063,-0.24743837,0.07050249,-0.96633554,0
-1.0758469,0.42829812,-2.7977862,-0.24743837,0.07050249,-0.96633554,0
0.56494176,0.26813394,2.9794185,0.24743837,-0.07050249,0.96633554,0
-0.47002316,0.27563965,1.3001273,-0.85048109,-0.49360478,0.18176019,0
-0.54799032,1.0550826,3.0520344,-0.85048109,-0.49360478,0.18176019,0
0.35457808,0.15258303,3.0248535,0.24743837,-0.07050249,0.96633554,0
-1.1127293,2.0940676,-2.2706532,0.85048109,0.49360478,-0.18176019,0
1.5679817,-1.57603,0.51596099,0.46417278,-0.86682421,-0.1820977,0
-0.44889259,-0.14455485,-3.000118,-0.24743837,0.07050249,-0.96633554,0
-0.90822923,1.9093118,-0.42072231,-0.46417278,0.86682421,0.1820977,0
