-2.6139946,2.7754979,-1.6045763,-0.52625692,0.593512,-0.6089313,0
1.4867629,-0.83764243,1.9530238,0.78340483,0.61687386,-0.075788856,0
1.9666929,-1.976024,0.21751106,0.33065224,-0.51692414,-0.78959405,0
-1.4423461,1.3250289,0.42825305,-0.33065224,0.51692414,0.78959405,0
2.0443139,-1.7706611,0.12205744,0.78340483,0.61687386,-0.075788856,0
1.9590622,-1.8541496,3.0686064,0.52625692,-0.593512,0.6089313,0
-1.4189266,1.11862,-3.2262311,0.33065224,-0.51692414,-0.78959405,0
0.61703461,-0.63129336,2.5713906,-0.33065224,0.51692414,0.78959405,0
-0.37498906,-0.28685659,0.38630608,-0.78340483,-0.61687386,0.075788856,0
-1.7344009,2.3350453,-0.35527599,-0.33065224,0.51692414,0.78959405,0
-2.6995955,2.8326709,-1.0852439,-0.33065224,0.51692414,0.78959405,0
0.37297231,-1.0720763,1.7265439,-0.78340483,-0.61687386,0.075788856,0
1.2868233,-1.289701,3.282913,-0.33065224,0.51692414,0.78959405,0
0.35694364,-0.97413361,2.3580537,-0.78340483,-0.61687386,0.075788856,0
-2.3241394,2.2065723,-2.4095969,-0.52625692,0.593512,-0.6089313,0
-2.3167195,2.6144104,-2.0184987,-0.52625692,0.593512,-0.6089313,0
-1.8189421,1.9411746,-0.13282347,-0.33065224,0.51692414,0.78959405,0
1.2831068,-2.3268647,0.92111683,-0.78340483,-0.61687386,0.075788856,0
0.40653872,-0.20658547,-1.5942221,0.33065224,-0.51692414,-0.78959405,0
0.98256755,-0.57694602,2.6888824,-0.33065224,0.51692414,0.78959405,0
0.6821115,-1.41363,-0.6886062,0.33065224,-0.51692414,-0.78959405,0
-0.83228254,1.9027423,0.2868185,0.78340483,0.61687386,-0.075788856,0
1.4102246,-0.64416862,2.9119775,-0.33065224,0.51692414,0.78959405,0
0.41067672,-0.73330885,2.5517621,-0.33065224,0.51692414,0.78959405,0
1.8087189,-1.5016448,3.5421157,0.52625692,-0.593512,0.6089313,0
2.0875826,-3.1697533,1.049634,0.33065224,-0.51692414,-0.78959405,0
1.4376247,-1.0153024,-0.0009458065,0.78340483,0.61687386,-0.075788856,0
1.8039911,-2.5846343,2.4906363,0.52625692,-0.593512,0.6089313,0
-1.6073846,2.6232698,-1.8605191,0.78340483,0.61687386,-0.075788856,0
-0.82705849,0.09340322,-1.1915141,-0.78340483,-0.61687386,0.075788856,0
-1.4542503,2.031709,-3.3318169,-0.52625692,0.593512,-0.6089313,0
-1.3208926,1.8322858,-3.6414416,-0.52625692,0.593512,-0.6089313,0
-1.0964725,0.85880727,-2.9211078,0.33065224,-0.51692414,-0.78959405,0
1.7449374,-1.2162302,3.4266548,-0.33065224,0.51692414,0.78959405,0
1.5070775,-2.4700303,2.0709538,-0.78340483,-0.61687386,0.075788856,0
1.8933598,-2.4124055,0.47248769,0.33065224,-0.51692414,-0.78959405,0
2.8123438,-2.5697844,1.633661,0.52625692,-0.593512,0.6089313,0
-0.063213229,0.97756231,1.2332581,-0.33065224,0.51692414,0.78959405,0
2.1459932,-1.8058228,2.9541574,0.52625692,-0.593512,0.6089313,0
-2.4038274,2.9326634,-1.6330233,-0.52625692,0.593512,-0.6089313,0
0.48326921,0.31887102,0.99353004,0.78340483,0.61687386,-0.075788856,0
0.97149479,-0.43910885,-0.1293236,0.78340483,0.61687386,-0.075788856,0
-1.4918313,2.4548631,-0.3321383,-0.33065224,0.51692414,0.78959405,0
-1.4447075,1.3391702,0.41800642,-0.33065224,0.51692414,0.78959405,0
1.0098956,-1.966408,1.0309142,-0.78340483,-0.61687386,0.075788856,0
-0.87865484,1.832867,0.33183908,-0.33065224,0.51692414,0.78959405,0
1.8037342,-1.9190311,3.1396067,0.52625692,-0.593512,0.6089313,0
0.12982547,-1.0345589,-0.48141944,-0.78340483,-0.61687386,0.075788856,0
-1.8664944,2.409065,-2.6077423,-0.52625692,0.593512,-0.6089313,0
-1.4568038,2.4995699,-1.3108537,0.78340483,0.61687386,-0.075788856,0
-2.3111382,1.9925462,-2.6294394,-0.52625692,0.593512,-0.6089313,0
-1.6692183,2.5499005,-0.46863985,-0.33065224,0.51692414,0.78959405,0
-1.0639744,1.9847615,0.1547935,-0.33065224,0.51692414,0.78959405,0
2.7064099,-2.6363516,1.660331,0.52625692,-0.593512,0.6089313,0
-1.7844099,1.9591546,-3.1171997,-0.52625692,0.593512,-0.6089313,0
2.3911047,-2.8875093,1.6880293,0.52625692,-0.593512,0.6089313,0
-1.583621,1.2484102,0.38917798,-0.78340483,-0.61687386,0.075788856,0
-0.67928576,0.52178699,1.273653,-0.33065224,0.51692414,0.78959405,0
2.6651917,-2.6797578,0.97072959,0.33065224,-0.51692414,-0.78959405,0
-2.3834987,2.4516335,-2.119441,-0.52625692,0.593512,-0.6089313,0
-1.857553,2.723321,-2.3091712,-0.52625692,0.593512,-0.6089313,0
-0.02627182,0.43044698,-2.1925132,0.33065224,-0.51692414,-0.78959405,0
-0.42761588,-0.39832929,-1.0650004,-0.78340483,-0.61687386,0.075788856,0
2.0209894,-2.4356608,2.4483008,0.52625692,-0.593512,0.6089313,0
2.2094078,-3.1239781,1.6145766,0.52625692,-0.593512,0.6089313,0
-2.5636411,2.1735356,-2.211031,-0.78340483,-0.61687386,0.075788856,0
1.7097855,-1.4701095,3.5781417,-0.33065224,0.51692414,0.78959405,0
1.6751817,-2.271472,0.28885782,0.33065224,-0.51692414,-0.78959405,0
2.3095737,-1.8841033,1.9406154,0.78340483,0.61687386,-0.075788856,0
0.64201093,0.039474428,0.36027813,0.78340483,0.61687386,-0.075788856,0
-2.2364688,2.364536,-0.58483005,-0.33065224,0.51692414,0.78959405,0
-2.2337847,3.0876296,-1.628937,-0.52625692,0.593512,-0.6089313,0
-0.53128195,1.3925278,0.76558298,-0.33065224,0.51692414,0.78959405,0
1.6003782,-2.3622096,2.8833966,0.52625692,-0.593512,0.6089313,0
2.5769749,-2.3109918,2.0893135,0.52625692,-0.593512,0.6089313,0
0.084353566,0.10142112,1.8686373,-0.33065224,0.51692414,0.78959405,0
2.7515409,-2.8604388,1.1251755,0.33065224,-0.51692414,-0.78959405,0
0.27492046,-1.186269,-0.21644592,-0.78340483,-0.61687386,0.075788856,0
-1.8582155,2.9478412,-1.8114696,0.78340483,0.61687386,-0.075788856,0
-1.8597515,1.8947442,-3.1148667,-0.52625692,0.593512,-0.6089313,0
-0.32791436,1.0688469,-1.287079,0.78340483,0.61687386,-0.075788856,0
-1.2295753,2.2024727,-1.380254,0.78340483,0.61687386,-0.075788856,0
-0.27143407,0.50813699,-2.3460393,0.33065224,-0.51692414,-0.78959405,0
-2.1644938,1.6542,-3.0859525,-0.52625692,0.593512,-0.6089313,0
-0.54785293,-0.057536058,-2.0914636,0.33065224,-0.51692414,-0.78959405,0
2.0255518,-1.6553736,0.86648953,0.78340483,0.61687386,-0.075788856,0
-1.8597509,2.8814816,-2.1531167,-0.52625692,0.593512,-0.6089313,0
2.7732425,-2.9114704,1.33442,0.52625692,-0.593512,0.6089313,0
2.5749328,-2.2602234,1.622166,0.78340483,0.61687386,-0.075788856,0
-0.80814612,0.84106052,-2.7887492,0.33065224,-0.51692414,-0.78959405,0
2.4409957,-2.9982274,1.5369978,0.52625692,-0.593512,0.6089313,0
-2.338304,3.2811451,-1.3499932,-0.52625692,0.593512,-0.6089313,0
-1.5899329,1.7034819,-3.534471,-0.52625692,0.593512,-0.6089313,0
0.94468057,-0.30258143,0.70475543,0.78340483,0.61687386,-0.075788856,0
1.7101932,-1.6544068,3.4783711,0.52625692,-0.593512,0.6089313,0
0.37825495,-1.2114573,0.64667308,-0.78340483,-0.61687386,0.075788856,0
2.2251236,-2.1912036,2.5101488,0.52625692,-0.593512,0.6089313,0
-1.1878644,0.64771527,-0.40929455,-0.78340483,-0.61687386,0.075788856,0
0.049584985,0.42811686,1.6401995,-0.33065224,0.51692414,0.78959405,0
2.9668152,-2.8554823,1.2120795,0.33065224,-0.51692414,-0.78959405,0
-1.5964912,2.282258,-2.9646835,-0.52625692,0.593512,-0.6089313,0
-2.1276939,3.1720603,-1.6383317,-0.52625692,0.593512,-0.6089313,0
-1.1334338,0.97000092,-3.0093811,0.33065224,-0.51692414,-0.78959405,0
0.21648747,-0.97751015,0.87871963,-0.78340483,-0.61687386,0.075788856,0
0.93143237,-1.2032295,-0.72194296,0.33065224,-0.51692414,-0.78959405,0
2.3004692,-1.7870659,2.8389368,0.52625692,-0.593512,0.6089313,0
1.8296129,-2.0414758,2.9978974,0.52625692,-0.593512,0.6089313,0
-1.0538938,0.51978934,-2.6813323,0.33065224,-0.51692414,-0.78959405,0
-1.7081399,1.7362894,-3.4003365,-0.52625692,0.593512,-0.6089313,0
-0.21146035,0.68896103,1.3601166,-0.33065224,0.51692414,0.78959405,0
0.67316586,-0.94403064,2.7996359,-0.33065224,0.51692414,0.78959405,0
0.11234716,-0.7713449,1.4803109,-0.78340483,-0.61687386,0.075788856,0
-1.9149547,1.5939471,-0.22325432,-0.78340483,-0.61687386,0.075788856,0
1.6368525,-2.1167269,0.17150033,0.33065224,-0.51692414,-0.78959405,0
-2.1797633,2.9777985,-1.7826741,-0.52625692,0.593512,-0.6089313,0
1.7984902,-2.670747,2.411458,0.52625692,-0.593512,0.6089313,0
-2.5576935,2.7926767,-1.6364899,-0.52625692,0.593512,-0.6089313,0
-0.65979064,0.97925836,0.98232383,-0.33065224,0.51692414,0.78959405,0
-0.16104797,-0.57514572,0.25125271,-0.78340483,-0.61687386,0.075788856,0
1.6889739,-2.8370647,0.96372628,-0.78340483,-0.61687386,0.075788856,0
0.12036806,-0.81173027,1.2345083,-0.78340483,-0.61687386,0.075788856,0
-0.79831147,1.2918016,0.71970356,-0.33065224,0.51692414,0.78959405,0
2.5527189,-2.7670963,1.6657214,0.52625692,-0.593512,0.6089313,0
1.3728435,-0.73493338,2.9557447,-0.33065224,0.51692414,0.78959405,0
0.86417907,-0.14788881,1.1317389,0.78340483,0.61687386,-0.075788856,0
-1.5102035,2.6037507,-1.0148637,0.78340483,0.61687386,-0.075788856,0
1.8165956,-1.1338315,3.4027183,-0.33065224,0.51692414,0.78959405,0
-0.87414056,0.35386497,0.44181141,-0.78340483,-0.61687386,0.075788856,0
1.2387844,-2.0604429,2.6314785,-0.78340483,-0.61687386,0.075788856,0
-2.081506,1.4408569,-3.1909025,-0.78340483,-0.61687386,0.075788856,0
1.5782373,-1.4155588,-0.31207991,0.33065224,-0.51692414,-0.78959405,0
-2.1792789,3.2854218,-1.4832592,-0.52625692,0.593512,-0.6089313,0
2.4053426,-2.380233,2.1701555,0.52625692,-0.593512,0.6089313,0
-1.6056013,1.8689573,-3.3596449,-0.52625692,0.593512,-0.6089313,0
-1.5807287,1.3996831,-3.4779913,0.33065224,-0.51692414,-0.78959405,0
2.1275134,-1.7168176,1.4203172,0.78340483,0.61687386,-0.075788856,0
-2.9189563,2.8921418,-1.2273285,-0.52625692,0.593512,-0.6089313,0
-2.0576086,1.9624909,-2.8778419,-0.52625692,0.593512,-0.6089313,0
0.32433176,0.20152426,-1.604486,0.78340483,0.61687386,-0.075788856,0
-2.0202386,2.2007813,-2.677881,-0.52625692,0.593512,-0.6089313,0
0.066338375,-0.77645826,0.96311355,-0.78340483,-0.61687386,0.075788856,0
0.71944797,-1.0121365,-0.93581706,0.33065224,-0.51692414,-0.78959405,0
1.1720312,-1.5164154,3.3832655,-0.33065224,0.51692414,0.78959405,0
-2.2550645,2.9229538,-0.95819664,-0.33065224,0.51692414,0.78959405,0
-0.062891245,-0.28014803,2.0567789,-0.33065224,0.51692414,0.78959405,0
-1.1658008,1.8571658,-3.5316198,0.78340483,0.61687386,-0.075788856,0
-2.2307878,1.6750535,-2.8277674,-0.78340483,-0.61687386,0.075788856,0
-0.38480473,1.1945962,-0.85161567,0.78340483,0.61687386,-0.075788856,0
0.29507947,-0.11047715,-1.7038163,0.33065224,-0.51692414,-0.78959405,0
1.5503093,-2.0500743,3.2308991,0.52625692,-0.593512,0.6089313,0
0.043445408,0.68303192,-0.58874571,0.78340483,0.61687386,-0.075788856,0
-2.688704,2.5550714,-1.7548552,-0.52625692,0.593512,-0.6089313,0
1.4486527,-1.0306333,-0.011732936,0.78340483,0.61687386,-0.075788856,0
-1.74389,2.8435502,-1.4785905,0.78340483,0.61687386,-0.075788856,0
-2.7239652,2.5318263,-1.7470375,-0.52625692,0.593512,-0.6089313,0
-2.7498429,2.5373268,-1.719312,-0.52625692,0.593512,-0.6089313,0
-0.69745886,0.30906633,-2.3941166,0.33065224,-0.51692414,-0.78959405,0
1.9204304,-2.5883389,2.3863947,0.52625692,-0.593512,0.6089313,0
1.9702092,-1.2774642,3.3703809,0.78340483,0.61687386,-0.075788856,0
0.55167937,-0.87644005,2.7045124,-0.33065224,0.51692414,0.78959405,0
-1.0821614,0.34029037,-1.8189238,-0.78340483,-0.61687386,0.075788856,0
2.743083,-2.5241234,1.7380229,0.52625692,-0.593512,0.6089313,0
-1.9901389,2.0218143,-0.25730658,-0.33065224,0.51692414,0.78959405,0
-2.3040776,1.7782143,-2.8444457,-0.52625692,0.593512,-0.6089313,0
1.3214493,-2.2958393,0.15668058,0.33065224,-0.51692414,-0.78959405,0
2.4103022,-2.9561629,1.6045229,0.52625692,-0.593512,0.6089313,0
-1.4422716,0.84113348,-1.4647157,-0.78340483,-0.61687386,0.075788856,0
1.0391436,-0.33393833,1.4259627,0.78340483,0.61687386,-0.075788856,0
0.29113209,0.17376582,1.9078662,-0.33065224,0.51692414,0.78959405,0
0.42915741,0.18554914,-0.65096498,0.78340483,0.61687386,-0.075788856,0
-1.8490229,1.6716404,-3.341593,-0.52625692,0.593512,-0.6089313,0
1.9838367,-2.8922567,2.0353758,0.52625692,-0.593512,0.6089313,0
1.3005871,-1.5661623,-0.32975364,0.33065224,-0.51692414,-0.78959405,0
2.7485595,-2.480679,1.6225163,0.78340483,0.61687386,-0.075788856,0
2.4600997,-2.2261257,0.7127049,0.78340483,0.61687386,-0.075788856,0
-2.7228782,2.8235648,-1.0890324,-0.33065224,0.51692414,0.78959405,0
-0.75357926,1.0007021,0.92900985,-0.33065224,0.51692414,0.78959405,0
-1.8915024,1.3947362,-1.6022892,-0.78340483,-0.61687386,0.075788856,0
-0.49722612,1.1012253,0.97055155,-0.33065224,0.51692414,0.78959405,0
-1.8439715,1.4635255,-3.5488038,-0.52625692,0.593512,-0.6089313,0
1.9475261,-1.4176376,1.994987,0.78340483,0.61687386,-0.075788856,0
-1.5156362,0.90558296,-1.6984851,-0.78340483,-0.61687386,0.075788856,0
-1.9317937,1.8710368,-3.0757127,-0.52625692,0.593512,-0.6089313,0
2.0309782,-2.1690176,0.37077808,0.33065224,-0.51692414,-0.78959405,0
2.0081863,-2.8775253,2.0286903,0.52625692,-0.593512,0.6089313,0
0.66968954,-1.6663123,-0.043099046,-0.78340483,-0.61687386,0.075788856,0
-1.617292,1.0718828,-1.3956904,-0.78340483,-0.61687386,0.075788856,0
1.7828184,-1.4355631,0.14655292,0.78340483,0.61687386,-0.075788856,0
-2.4403903,3.1250863,-1.1681345,-0.33065224,0.51692414,0.78959405,0
-2.1769679,1.639209,-2.563199,-0.78340483,-0.61687386,0.075788856,0
-0.25626886,0.10753077,1.7219977,-0.33065224,0.51692414,0.78959405,0
2.0787423,-1.4446304,3.1316218,0.78340483,0.61687386,-0.075788856,0
2.024493,-1.7105386,3.1520333,0.52625692,-0.593512,0.6089313,0
-0.53097987,0.88400543,1.0986239,-0.33065224,0.51692414,0.78959405,0
2.0841265,-1.9429963,0.24506497,0.33065224,-0.51692414,-0.78959405,0
2.096607,-1.5727894,2.2731478,0.78340483,0.61687386,-0.075788856,0
-0.53438962,1.3641407,0.7828657,-0.33065224,0.51692414,0.78959405,0
0.057185292,-0.97729421,-0.76617879,-0.78340483,-0.61687386,0.075788856,0
2.3694522,-2.0253453,1.4099388,0.78340483,0.61687386,-0.075788856,0
1.9372452,-1.6719793,3.2650185,0.52625692,-0.593512,0.6089313,0
-1.3327745,2.1354887,-2.992197,0.78340483,0.61687386,-0.075788856,0
1.1937051,-2.104219,1.8091984,-0.78340483,-0.61687386,0.075788856,0
-0.066154599,-0.370426,2.1145146,-0.33065224,0.51692414,0.78959405,0
2.8595872,-2.8870149,1.2836344,0.52625692,-0.593512,0.6089313,0
-1.9893678,1.6803068,-0.28952885,-0.78340483,-0.61687386,0.075788856,0
0.69230378,-0.8581751,2.7514431,-0.33065224,0.51692414,0.78959405,0
1.7154677,-1.1529195,3.3728662,-0.33065224,0.51692414,0.78959405,0
2.1789622,-1.7138687,3.0152903,0.52625692,-0.593512,0.6089313,0
0.11234593,0.21497053,-1.9933993,0.33065224,-0.51692414,-0.78959405,0
-1.8850271,2.5872996,-2.4180045,-0.52625692,0.593512,-0.6089313,0
1.7214556,-1.6358306,3.4867437,0.52625692,-0.593512,0.6089313,0
1.831579,-3.0037885,0.83377719,0.33065224,-0.51692414,-0.78959405,0
1.5677691,-2.7324705,0.54567981,0.33065224,-0.51692414,-0.78959405,0
2.2338755,-1.8882821,1.1241338,0.78340483,0.61687386,-0.075788856,0
0.46371436,-1.0861228,2.5501862,-0.78340483,-0.61687386,0.075788856,0
-2.047591,2.2828665,-2.5742362,-0.52625692,0.593512,-0.6089313,0
-2.5765653,2.8834562,-1.5316989,-0.52625692,0.593512,-0.6089313,0
-2.2476404,2.8146329,-1.8830469,-0.52625692,0.593512,-0.6089313,0
0.033367634,-0.95440114,-0.82603866,-0.78340483,-0.61687386,0.075788856,0
-1.5044734,2.406013,-2.5650961,0.78340483,0.61687386,-0.075788856,0
-2.9294834,2.7911594,-1.3166564,-0.52625692,0.593512,-0.6089313,0
1.4873431,-2.4123147,2.3367329,-0.78340483,-0.61687386,0.075788856,0
1.2677963,-1.9001852,3.6211491,0.52625692,-0.593512,0.6089313,0
-1.4761026,1.9843498,-3.359091,-0.52625692,0.593512,-0.6089313,0
-1.1413859,1.991257,-2.1878319,0.78340483,0.61687386,-0.075788856,0
-2.5308547,2.9437041,-1.5124815,-0.52625692,0.593512,-0.6089313,0
2.4558554,-2.7933159,1.7238779,0.52625692,-0.593512,0.6089313,0
-0.9812116,1.8440589,-1.7302617,0.78340483,0.61687386,-0.075788856,0
-0.84405017,1.83951,-0.34949005,0.78340483,0.61687386,-0.075788856,0
0.28581131,-0.11416647,2.0941391,-0.33065224,0.51692414,0.78959405,0
0.32353407,-1.1626465,0.47833055,-0.78340483,-0.61687386,0.075788856,0
-1.1558636,2.1399016,-1.1276065,0.78340483,0.61687386,-0.075788856,0
-2.2550483,3.2249548,-1.4767127,-0.52625692,0.593512,-0.6089313,0
-1.7687656,1.4516394,0.12955856,-0.78340483,-0.61687386,0.075788856,0
0.73278427,0.10323431,1.8175391,0.78340483,0.61687386,-0.075788856,0
0.65510607,-1.1901224,-0.84623897,0.33065224,-0.51692414,-0.78959405,0
1.3146987,-2.2973537,0.15484536,0.33065224,-0.51692414,-0.78959405,0
-1.7523737,1.3405391,-0.60529065,-0.78340483,-0.61687386,0.075788856,0
-1.7722986,1.0379704,-3.2739716,-0.78340483,-0.61687386,0.075788856,0
0.38646257,0.43112004,0.90650755,0.78340483,0.61687386,-0.075788856,0
-2.5143127,2.1808677,-2.2702971,-0.52625692,0.593512,-0.6089313,0
1.2149324,-0.70043182,0.26000631,0.78340483,0.61687386,-0.075788856,0
-1.6884878,1.5990242,-3.5511096,-0.52625692,0.593512,-0.6089313,0
-0.3882744,-0.22868365,0.7224713,-0.78340483,-0.61687386,0.075788856,0
-2.1126239,2.4562523,-2.3490372,-0.52625692,0.593512,-0.6089313,0
-1.7990594,2.5980694,-2.4818034,-0.52625692,0.593512,-0.6089313,0
-2.1350944,3.37411,-1.2039142,0.78340483,0.61687386,-0.075788856,0
1.147379,-0.35510591,2.3724697,0.78340483,0.61687386,-0.075788856,0
2.3296514,-3.2682877,1.370003,0.52625692,-0.593512,0.6089313,0
-2.0826271,2.2190046,-2.6062016,-0.52625692,0.593512,-0.6089313,0
-1.2037742,2.1069071,-1.8913994,0.78340483,0.61687386,-0.075788856,0
-0.5480597,1.263533,0.84300613,-0.33065224,0.51692414,0.78959405,0
2.5230761,-2.9564323,1.506798,0.52625692,-0.593512,0.6089313,0
-1.5169282,0.81787413,-2.4257345,-0.78340483,-0.61687386,0.075788856,0
0.30277604,-0.14955896,2.1244137,-0.33065224,0.51692414,0.78959405,0
-0.97353083,1.8660146,-1.4721619,0.78340483,0.61687386,-0.075788856,0
-1.5338268,2.4955797,-0.37638068,-0.33065224,0.51692414,0.78959405,0
-1.0908159,1.0223041,-3.0257757,0.33065224,-0.51692414,-0.78959405,0
-1.4095694,0.66443539,-2.5648975,-0.78340483,-0.61687386,0.075788856,0
-0.26840052,-0.33855706,1.0672678,-0.78340483,-0.61687386,0.075788856,0
-2.6003127,2.3863411,-0.8579843,-0.78340483,-0.61687386,0.075788856,0
-1.0575022,1.9426286,0.18508697,-0.33065224,0.51692414,0.78959405,0
-1.2436535,0.91649276,0.77891469,-0.33065224,0.51692414,0.78959405,0
0.081377625,-0.90288174,0.08956033,-0.78340483,-0.61687386,0.075788856,0
-2.0407004,2.8228264,-0.80287862,-0.33065224,0.51692414,0.78959405,0
-0.010924421,-0.65327585,1.167101,-0.78340483,-0.61687386,0.075788856,0
-2.0327477,1.7634339,-3.093343,-0.52625692,0.593512,-0.6089313,0
-1.6814206,1.7383621,0.057540655,-0.33065224,0.51692414,0.78959405,0
-0.55353469,-0.31292996,-1.6714852,-0.78340483,-0.61687386,0.075788856,0
2.7266674,-2.6308362,1.6481993,0.52625692,-0.593512,0.6089313,0
2.0761042,-1.5621519,3.2520583,0.52625692,-0.593512,0.6089313,0
-1.7644687,1.97124,-0.12969494,-0.33065224,0.51692414,0.78959405,0
-1.2753383,2.356739,-0.59765708,0.78340483,0.61687386,-0.075788856,0
1.9791785,-2.2782211,2.637888,0.52625692,-0.593512,0.6089313,0
1.8965294,-2.6950817,2.3030109,0.52625692,-0.593512,0.6089313,0
0.11937046,0.82061702,1.3159246,0.78340483,0.61687386,-0.075788856,0
-2.5096855,2.5262461,-1.9376633,-0.52625692,0.593512,-0.6089313,0
-2.2265761,2.5454428,-2.1636243,-0.52625692,0.593512,-0.6089313,0
-0.21444774,-0.44385481,0.76790249,-0.78340483,-0.61687386,0.075788856,0
1.3073153,-2.2106559,0.094995022,0.33065224,-0.51692414,-0.78959405,0
-0.038642887,-0.64919502,0.91379881,-0.78340483,-0.61687386,0.075788856,0
-1.3587686,0.78467166,-1.061136,-0.78340483,-0.61687386,0.075788856,0
-1.9964008,1.5786098,-1.1899732,-0.78340483,-0.61687386,0.075788856,0
2.1500092,-2.8947752,1.8893096,0.52625692,-0.593512,0.6089313,0
-1.7944621,2.3548803,-0.39341331,-0.33065224,0.51692414,0.78959405,0
-1.1108396,0.76619649,-2.8664944,0.33065224,-0.51692414,-0.78959405,0
0.93564326,-0.95016086,2.9135652,-0.33065224,0.51692414,0.78959405,0
2.3899286,-2.7611713,1.8121843,0.52625692,-0.593512,0.6089313,0
-1.84447,2.7967353,-0.70362401,-0.33065224,0.51692414,0.78959405,0
-2.4237854,2.0172069,-2.50805,-0.52625692,0.593512,-0.6089313,0
0.44952071,0.39640579,1.2757683,0.78340483,0.61687386,-0.075788856,0
-2.0408146,2.7604802,-0.76211047,-0.33065224,0.51692414,0.78959405,0
-1.8789954,1.5017328,-3.4812949,-0.52625692,0.593512,-0.6089313,0
-2.7765946,2.6620958,-1.0058179,-0.33065224,0.51692414,0.78959405,0
0.33165187,0.34107608,-0.39295527,0.78340483,0.61687386,-0.075788856,0
-2.1641965,2.3085446,-0.51790929,-0.33065224,0.51692414,0.78959405,0
0.36151761,-0.3305774,2.2675197,-0.33065224,0.51692414,0.78959405,0
-2.1805491,1.6474026,-3.078702,-0.52625692,0.593512,-0.6089313,0
-1.0332638,1.8486867,-2.2306433,0.78340483,0.61687386,-0.075788856,0
0.38621211,-1.3784432,-0.63024062,-0.78340483,-0.61687386,0.075788856,0
-0.68838817,0.034799218,-0.23512277,-0.78340483,-0.61687386,0.075788856,0
0.57161075,-0.58034116,2.5190117,-0.33065224,0.51692414,0.78959405,0
1.4959877,-2.5841713,0.41853356,0.33065224,-0.51692414,-0.78959405,0
0.70305669,-0.52827269,2.539969,-0.33065224,0.51692414,0.78959405,0
-2.092191,2.9109464,-1.9235158,-0.52625692,0.593512,-0.6089313,0
2.5700955,-2.6067243,0.88309383,0.33065224,-0.51692414,-0.78959405,0
0.23829049,0.58904833,0.66033751,0.78340483,0.61687386,-0.075788856,0
1.732651,-1.7055116,-0.057593822,0.33065224,-0.51692414,-0.78959405,0
-0.95280159,1.4586606,-3.2536502,0.33065224,-0.51692414,-0.78959405,0
-1.7386415,2.7360153,-0.61955547,-0.33065224,0.51692414,0.78959405,0
1.4241977,-1.0206246,-0.18305188,0.78340483,0.61687386,-0.075788856,0
-2.1205747,2.8466372,-1.9616663,-0.52625692,0.593512,-0.6089313,0
-1.5113438,0.91099775,-1.610043,-0.78340483,-0.61687386,0.075788856,0
0.9529922,-1.851132,-0.28875184,0.33065224,-0.51692414,-0.78959405,0
2.2889807,-2.4847522,2.1688461,0.52625692,-0.593512,0.6089313,0
0.0089825988,-0.81478125,0.058319211,-0.78340483,-0.61687386,0.075788856,0
-1.2803975,1.6533478,0.28113043,-0.33065224,0.51692414,0.78959405,0
-0.36258829,0.84119517,1.1971668,-0.33065224,0.51692414,0.78959405,0
1.1646665,-0.70763111,-0.31817222,0.78340483,0.61687386,-0.075788856,0
1.7861218,-1.6319549,-0.083357453,0.33065224,-0.51692414,-0.78959405,0
1.7552414,-1.1792388,1.947819,0.78340483,0.61687386,-0.075788856,0
1.9941061,-2.3095279,2.5944734,0.52625692,-0.593512,0.6089313,0
-2.2528932,1.7600713,-2.9063647,-0.52625692,0.593512,-0.6089313,0
0.68011296,-1.3746009,2.4389982,-0.78340483,-0.61687386,0.075788856,0
-1.5430341,2.0059965,-3.2801485,-0.52625692,0.593512,-0.6089313,0
-0.15525109,-0.50069958,0.91711789,-0.78340483,-0.61687386,0.075788856,0
-1.6953964,0.99843657,-2.8008392,-0.78340483,-0.61687386,0.075788856,0
-1.6681445,1.7700819,-3.4019647,-0.52625692,0.593512,-0.6089313,0
-0.21401727,0.005271554,1.806637,-0.33065224,0.51692414,0.78959405,0
0.37682414,-0.34496886,2.2833514,-0.33065224,0.51692414,0.78959405,0
-0.18892121,-0.026141644,-1.9617095,0.33065224,-0.51692414,-0.78959405,0
-2.0215359,1.4970845,-3.362638,-0.52625692,0.593512,-0.6089313,0
-2.1317692,1.9711806,-0.28346765,-0.33065224,0.51692414,0.78959405,0
-2.09641,3.3218594,-1.2293353,0.78340483,0.61687386,-0.075788856,0
2.1564736,-1.8549695,2.8971982,0.52625692,-0.593512,0.6089313,0
1.5015936,-2.0691311,3.2544265,0.52625692,-0.593512,0.6089313,0
-2.5010533,2.1305437,-2.3308055,-0.52625692,0.593512,-0.6089313,0
-1.8000848,2.7041638,-2.3775091,-0.52625692,0.593512,-0.6089313,0
-1.9459136,1.456404,-3.4676433,-0.52625692,0.593512,-0.6089313,0
-0.26038504,-0.59833598,-0.96431887,-0.78340483,-0.61687386,0.075788856,0
2.2104645,-3.4031732,1.3415377,0.52625692,-0.593512,0.6089313,0
-1.988011,2.9921329,-1.9344208,-0.52625692,0.593512,-0.6089313,0
1.2174166,-1.887904,3.645474,-0.33065224,0.51692414,0.78959405,0
1.9086171,-3.0290308,1.6716201,-0.78340483,-0.61687386,0.075788856,0
1.3985577,-0.93053818,0.28516084,0.78340483,0.61687386,-0.075788856,0
0.42846632,0.28263006,0.13207012,0.78340483,0.61687386,-0.075788856,0
2.5508642,-2.236016,2.1849566,0.52625692,-0.593512,0.6089313,0
0.86706376,-0.27854347,0.098109186,0.78340483,0.61687386,-0.075788856,0
-0.1215125,-0.47794247,1.4510918,-0.78340483,-0.61687386,0.075788856,0
1.4986366,-1.9964142,3.3278575,0.52625692,-0.593512,0.6089313,0
0.8658222,-1.6641808,2.0016158,-0.78340483,-0.61687386,0.075788856,0
-2.4113669,2.7455578,-1.8088748,-0.52625692,0.593512,-0.6089313,0
1.7854985,-1.9582617,3.1171291,0.52625692,-0.593512,0.6089313,0
-1.8089559,1.4449751,-3.5971453,-0.52625692,0.593512,-0.6089313,0
-1.3967142,2.2126763,-3.0248632,0.78340483,0.61687386,-0.075788856,0
-0.40394318,0.44502896,1.4392072,-0.33065224,0.51692414,0.78959405,0
1.1138633,-1.6547846,3.4494932,-0.33065224,0.51692414,0.78959405,0
0.08215487,0.50056183,-1.6738127,0.78340483,0.61687386,-0.075788856,0
-1.7752689,1.2197877,-1.8247948,-0.78340483,-0.61687386,0.075788856,0
-1.7039149,2.7054353,-2.1895459,0.78340483,0.61687386,-0.075788856,0
-1.9206429,1.7815943,-3.1725273,-0.52625692,0.593512,-0.6089313,0
-0.01025641,-0.59300494,-1.5157828,0.33065224,-0.51692414,-0.78959405,0
2.4288521,-2.3538723,2.1755309,0.52625692,-0.593512,0.6089313,0
-0.34600943,0.9405064,-2.5187349,0.78340483,0.61687386,-0.075788856,0
1.9889137,-2.109304,2.7941146,0.52625692,-0.593512,0.6089313,0
-1.7151806,2.8794117,-0.88993478,0.78340483,0.61687386,-0.075788856,0
-2.7447684,2.9117947,-1.1559606,-0.33065224,0.51692414,0.78959405,0
-1.9839211,1.5427871,-1.3525496,-0.78340483,-0.61687386,0.075788856,0
0.16328514,0.66842586,1.5304896,-0.33065224,0.51692414,0.78959405,0
-0.72298765,1.4190729,-2.5202053,0.78340483,0.61687386,-0.075788856,0
-1.538223,1.7844344,-3.5002575,-0.52625692,0.593512,-0.6089313,0
2.1388774,-1.6865764,3.0765343,0.52625692,-0.593512,0.6089313,0
0.80739355,-0.3464424,-1.071339,0.78340483,0.61687386,-0.075788856,0
-0.64385992,0.14909852,1.1554767,-0.78340483,-0.61687386,0.075788856,0
-0.91035581,1.7705721,-1.5959841,0.78340483,0.61687386,-0.075788856,0
-0.7183606,1.380492,-2.786401,0.78340483,0.61687386,-0.075788856,0
1.5779386,-2.6456103,1.374307,-0.78340483,-0.61687386,0.075788856,0
-0.2299639,0.71722519,1.3338643,-0.33065224,0.51692414,0.78959405,0
0.73011148,-1.4693698,-0.63201457,0.33065224,-0.51692414,-0.78959405,0
1.7196076,-1.9875069,0.12155819,0.33065224,-0.51692414,-0.78959405,0
2.2503681,-2.0190985,0.36450279,0.33065224,-0.51692414,-0.78959405,0
-1.9895011,1.9927802,-2.9071794,-0.52625692,0.593512,-0.6089313,0
1.6257313,-1.2938306,-0.32359266,0.78340483,0.61687386,-0.075788856,0
-2.6055031,3.010838,-1.3825338,-0.52625692,0.593512,-0.6089313,0
-2.006336,3.0981264,-0.96871924,-0.33065224,0.51692414,0.78959405,0
-2.0588198,1.6525867,-1.2330534,-0.78340483,-0.61687386,0.075788856,0
-0.0070512295,0.71186984,-0.87599039,0.78340483,0.61687386,-0.075788856,0
-1.8936404,1.6405312,-3.3333545,-0.52625692,0.593512,-0.6089313,0
-0.85237229,0.4216491,1.2185445,-0.78340483,-0.61687386,0.075788856,0
1.3262453,-2.2726254,1.8084997,-0.78340483,-0.61687386,0.075788856,0
2.2406292,-3.3295133,1.3872635,0.52625692,-0.593512,0.6089313,0
-2.1354594,1.8697457,-0.25771141,-0.78340483,-0.61687386,0.075788856,0
-1.3345389,2.4219298,-0.24470997,-0.33065224,0.51692414,0.78959405,0
-1.9128113,1.4387742,-1.4641107,-0.78340483,-0.61687386,0.075788856,0
-1.6200891,1.1410491,-0.86163068,-0.78340483,-0.61687386,0.075788856,0
1.0126092,-1.7147864,3.107008,-0.78340483,-0.61687386,0.075788856,0
2.4308105,-2.5577698,1.9751037,0.52625692,-0.593512,0.6089313,0
-2.1713464,2.5932703,-2.1647396,-0.52625692,0.593512,-0.6089313,0
0.11900531,0.59645683,-0.5123747,0.78340483,0.61687386,-0.075788856,0
1.4219089,-1.9742399,3.4157805,0.52625692,-0.593512,0.6089313,0
1.5169141,-0.92352331,3.1395404,-0.33065224,0.51692414,0.78959405,0
2.3982821,-2.1006098,1.0953373,0.78340483,0.61687386,-0.075788856,0
-2.752975,2.5953209,-1.6600797,-0.52625692,0.593512,-0.6089313,0
2.4559171,-2.9286482,1.5919189,0.52625692,-0.593512,0.6089313,0
-1.3884807,1.8953183,-3.5215938,-0.52625692,0.593512,-0.6089313,0
-1.2922177,1.9093188,-3.5911412,-0.52625692,0.593512,-0.6089313,0
2.5534136,-2.8421674,1.5919509,0.52625692,-0.593512,0.6089313,0
1.4496701,-1.6432096,3.5825384,-0.33065224,0.51692414,0.78959405,0
-0.20787287,1.1444924,0.5694598,0.78340483,0.61687386,-0.075788856,0
-0.22374308,-0.10757604,-1.9229789,0.33065224,-0.51692414,-0.78959405,0
-1.7961285,1.9534259,-3.1126561,-0.52625692,0.593512,-0.6089313,0
-0.088565797,-0.54730266,1.2271026,-0.78340483,-0.61687386,0.075788856,0
2.1875267,-2.395972,2.3430576,0.52625692,-0.593512,0.6089313,0
2.1362576,-2.5804148,2.2075939,0.52625692,-0.593512,0.6089313,0
0.19528058,-0.97252733,0.70006704,-0.78340483,-0.61687386,0.075788856,0
-0.063870668,-0.21090364,2.0110364,-0.33065224,0.51692414,0.78959405,0
1.3198572,-2.4114339,0.61265266,-0.78340483,-0.61687386,0.075788856,0
-0.80637681,0.83859444,1.0130273,-0.33065224,0.51692414,0.78959405,0
2.0191567,-1.9301274,2.9426169,0.52625692,-0.593512,0.6089313,0
1.7343746,-2.8478808,1.3449824,-0.78340483,-0.61687386,0.075788856,0
-1.0988302,1.9841386,-1.8058842,0.78340483,0.61687386,-0.075788856,0
1.9371314,-2.716583,0.68995333,0.33065224,-0.51692414,-0.78959405,0
-0.4186269,-0.23952819,-1.9182038,0.33065224,-0.51692414,-0.78959405,0
-2.6740866,2.8121576,-1.5169115,-0.52625692,0.593512,-0.6089313,0
-0.63504481,1.4374648,-1.4614694,0.78340483,0.61687386,-0.075788856,0
-1.0470445,1.7745165,-2.97679,0.78340483,0.61687386,-0.075788856,0
-1.1970745,0.52684098,-2.7459073,0.33065224,-0.51692414,-0.78959405,0
2.3861537,-2.2248249,0.55604768,0.33065224,-0.51692414,-0.78959405,0
0.11046898,0.57789648,1.5676389,-0.33065224,0.51692414,0.78959405,0
0.43636209,-1.1338561,1.8789355,-0.78340483,-0.61687386,0.075788856,0
-2.075958,2.8009191,-2.0447862,-0.52625692,0.593512,-0.6089313,0
2.1841981,-3.3340046,1.4316549,0.52625692,-0.593512,0.6089313,0
2.007462,-1.6960815,0.3481611,0.78340483,0.61687386,-0.075788856,0
0.16764438,-0.02786231,1.9881544,-0.33065224,0.51692414,0.78959405,0
-2.2537878,2.6370828,-0.77051091,-0.33065224,0.51692414,0.78959405,0
-0.48803872,1.1980922,-1.8902586,0.78340483,0.61687386,-0.075788856,0
-2.0981112,2.4180198,-0.56190538,-0.33065224,0.51692414,0.78959405,0
-2.0322361,2.1049976,-0.32939291,-0.33065224,0.51692414,0.78959405,0
-1.8864475,2.2885842,-2.7079282,-0.52625692,0.593512,-0.6089313,0
-1.644614,2.3689551,-2.8385923,-0.52625692,0.593512,-0.6089313,0
0.92165774,-0.40765366,2.5525448,-0.33065224,0.51692414,0.78959405,0
2.103035,-1.731124,1.0508467,0.78340483,0.61687386,-0.075788856,0
-2.092288,1.5716534,-3.228811,-0.52625692,0.593512,-0.6089313,0
0.32757482,0.33795244,-0.46052292,0.78340483,0.61687386,-0.075788856,0
-1.3506873,1.4641931,-3.4238913,0.33065224,-0.51692414,-0.78959405,0
-1.4205587,1.6226838,0.24251127,-0.33065224,0.51692414,0.78959405,0
1.3461516,-1.9502671,3.5046186,0.52625692,-0.593512,0.6089313,0
1.3286126,-1.5927238,-0.30062866,0.33065224,-0.51692414,-0.78959405,0
2.1781549,-1.7005651,3.028955,0.52625692,-0.593512,0.6089313,0
1.9804344,-2.0219209,2.8866124,0.52625692,-0.593512,0.6089313,0
0.17838705,0.19806993,1.8447418,-0.33065224,0.51692414,0.78959405,0
2.2642848,-2.4789116,0.67135644,0.33065224,-0.51692414,-0.78959405,0
-1.4322709,2.1776178,-3.2085979,-0.52625692,0.593512,-0.6089313,0
-1.0418037,0.85779864,0.90186721,-0.33065224,0.51692414,0.78959405,0
1.146883,-0.60712367,2.7774479,-0.33065224,0.51692414,0.78959405,0
2.0204136,-2.1720738,2.7057109,0.52625692,-0.593512,0.6089313,0
0.24876392,-0.16493124,-1.6875621,0.33065224,-0.51692414,-0.78959405,0
1.3655316,-2.4705982,0.60321295,-0.78340483,-0.61687386,0.075788856,0
0.38371682,-1.3682034,-0.57268572,-0.78340483,-0.61687386,0.075788856,0
-1.8511169,2.389183,-2.6404109,-0.52625692,0.593512,-0.6089313,0
0.66140795,0.16938755,1.6181908,0.78340483,0.61687386,-0.075788856,0
2.112628,-3.2336559,1.591316,0.52625692,-0.593512,0.6089313,0
-0.76449573,1.0630416,-2.9157946,0.33065224,-0.51692414,-0.78959405,0
2.7508919,-2.4707921,1.7832555,0.52625692,-0.593512,0.6089313,0
-1.9701465,2.1077259,-0.30517852,-0.33065224,0.51692414,0.78959405,0
1.9865756,-2.068892,0.28663492,0.33065224,-0.51692414,-0.78959405,0
-1.7104541,0.99215764,-3.007591,-0.78340483,-0.61687386,0.075788856,0
-2.1502643,3.0570955,-1.7308791,-0.52625692,0.593512,-0.6089313,0
-1.3853469,2.1817501,-0.10874784,-0.33065224,0.51692414,0.78959405,0
0.83855456,-0.097713649,1.2752607,0.78340483,0.61687386,-0.075788856,0
1.9373245,-2.1886139,2.7613971,0.52625692,-0.593512,0.6089313,0
1.461715,-1.3894761,-0.37795067,0.33065224,-0.51692414,-0.78959405,0
1.0672867,-1.1595365,3.1057644,-0.33065224,0.51692414,0.78959405,0
-1.7128425,2.7759972,-0.63492656,-0.33065224,0.51692414,0.78959405,0
1.6031621,-2.7510104,0.57263875,0.33065224,-0.51692414,-0.78959405,0
-2.0054479,2.9645576,-1.946228,-0.52625692,0.593512,-0.6089313,0
-2.2252576,1.9395523,-0.61774516,-0.78340483,-0.61687386,0.075788856,0
1.4753379,-1.4692976,3.4794323,-0.33065224,0.51692414,0.78959405,0
-2.0876777,1.9242325,-0.23426807,-0.33065224,0.51692414,0.78959405,0
1.3424907,-1.9710038,3.4875708,0.52625692,-0.593512,0.6089313,0
0.17180204,-1.0709022,-0.3433333,-0.78340483,-0.61687386,0.075788856,0
0.83313364,-0.17763044,2.3648849,-0.33065224,0.51692414,0.78959405,0
0.28279191,0.22664857,-1.8293753,0.78340483,0.61687386,-0.075788856,0
-0.39211905,1.3100691,0.87784231,-0.33065224,0.51692414,0.78959405,0
-0.49139452,1.3568691,0.80563104,-0.33065224,0.51692414,0.78959405,0
-1.8553547,2.5437028,-0.54252911,-0.33065224,0.51692414,0.78959405,0
-2.1082485,1.5771276,-2.3581724,-0.78340483,-0.61687386,0.075788856,0
2.0345111,-2.4094782,2.4621348,0.52625692,-0.593512,0.6089313,0
-2.411597,2.8352129,-1.7212913,-0.52625692,0.593512,-0.6089313,0
-1.8921916,2.1514959,-2.8365808,-0.52625692,0.593512,-0.6089313,0
1.0936304,-1.4847821,-0.46969634,0.33065224,-0.51692414,-0.78959405,0
1.8228362,-1.4109603,0.76045513,0.78340483,0.61687386,-0.075788856,0
1.6716536,-2.3400919,0.332304,0.33065224,-0.51692414,-0.78959405,0
1.5169691,-0.76414371,2.8634894,0.78340483,0.61687386,-0.075788856,0
1.6305964,-1.4481733,3.5306194,-0.33065224,0.51692414,0.78959405,0
2.0767925,-2.0107069,2.8142672,0.52625692,-0.593512,0.6089313,0
0.74744523,0.060216632,2.1732905,-0.33065224,0.51692414,0.78959405,0
-1.6565381,1.1532032,-1.1394675,-0.78340483,-0.61687386,0.075788856,0
-2.1967657,3.3062263,-1.1847005,-0.33065224,0.51692414,0.78959405,0
-0.52989388,1.4791496,-0.035268545,0.78340483,0.61687386,-0.075788856,0
1.864994,-2.6917739,2.3334889,0.52625692,-0.593512,0.6089313,0
-1.3048762,2.2867422,-1.4727132,0.78340483,0.61687386,-0.075788856,0
-2.4362488,2.3549254,-2.1681118,-0.52625692,0.593512,-0.6089313,0
1.2044408,-2.2039666,0.047535419,0.33065224,-0.51692414,-0.78959405,0
-2.1279538,1.7272135,-1.3402517,-0.78340483,-0.61687386,0.075788856,0
1.2700012,-0.52332175,2.2708023,0.78340483,0.61687386,-0.075788856,0
-2.0751827,1.7063515,-3.1123071,-0.52625692,0.593512,-0.6089313,0
2.0651677,-2.1618376,2.6770101,0.52625692,-0.593512,0.6089313,0
-2.1968222,2.4986761,-2.2349212,-0.52625692,0.593512,-0.6089313,0
-0.94450116,1.9200165,0.2472111,-0.33065224,0.51692414,0.78959405,0
2.3938687,-3.3026609,1.2810016,0.52625692,-0.593512,0.6089313,0
-0.85359043,0.2472862,-0.21325415,-0.78340483,-0.61687386,0.075788856,0
-2.1592691,3.3558607,-1.4318969,-0.52625692,0.593512,-0.6089313,0
2.6247914,-2.586637,0.89284801,0.33065224,-0.51692414,-0.78959405,0
0.25010121,0.4604097,1.7030268,-0.33065224,0.51692414,0.78959405,0
0.62787938,-0.098480701,-0.9086647,0.78340483,0.61687386,-0.075788856,0
1.1356045,-0.51891923,0.91742069,0.78340483,0.61687386,-0.075788856,0
2.1829951,-2.1045887,2.6309791,0.52625692,-0.593512,0.6089313,0
1.5902529,-0.88329649,2.6511712,0.78340483,0.61687386,-0.075788856,0
2.6318848,-2.6912668,0.96431661,0.33065224,-0.51692414,-0.78959405,0
1.9653916,-1.3258408,2.9268255,0.78340483,0.61687386,-0.075788856,0
0.665627,-0.06297332,-0.22947215,0.78340483,0.61687386,-0.075788856,0
0.74880528,-0.33722818,-1.365366,0.33065224,-0.51692414,-0.78959405,0
-0.1483264,0.4252702,1.5591853,-0.33065224,0.51692414,0.78959405,0
0.39076197,-1.1163763,1.5498548,-0.78340483,-0.61687386,0.075788856,0
2.5738251,-2.3673658,0.73863697,0.78340483,0.61687386,-0.075788856,0
2.530055,-2.906014,1.5499082,0.52625692,-0.593512,0.6089313,0
2.8887954,-2.7103667,1.4305675,0.52625692,-0.593512,0.6089313,0
2.1493144,-2.5987225,0.70164776,0.33065224,-0.51692414,-0.78959405,0
-1.2541257,1.4022876,-3.3429275,0.33065224,-0.51692414,-0.78959405,0
1.7345879,-2.5026085,2.6305654,0.52625692,-0.593512,0.6089313,0
2.2743936,-2.1593916,2.4985747,0.52625692,-0.593512,0.6089313,0
1.8891821,-1.5901932,3.386271,0.52625692,-0.593512,0.6089313,0
0.63047403,-0.18913707,2.2875519,-0.33065224,0.51692414,0.78959405,0
-0.13521105,0.95269626,-0.24056005,0.78340483,0.61687386,-0.075788856,0
-0.93328393,1.1976329,0.72483164,-0.33065224,0.51692414,0.78959405,0
1.6243764,-1.683902,3.523788,0.52625692,-0.593512,0.6089313,0
2.4516976,-3.1450794,1.3846152,0.52625692,-0.593512,0.6089313,0
-1.2398636,2.1199131,-2.1585817,0.78340483,0.61687386,-0.075788856,0
-2.2601852,2.6885116,-1.9951324,-0.52625692,0.593512,-0.6089313,0
-2.1213269,3.2633958,-1.554811,-0.52625692,0.593512,-0.6089313,0
1.1356533,-0.80207789,-0.89904505,0.33065224,-0.51692414,-0.78959405,0
0.069392741,0.7661373,0.35589135,0.78340483,0.61687386,-0.075788856,0
1.5262921,-1.9682548,3.3314033,0.52625692,-0.593512,0.6089313,0
-0.96619844,0.38192153,-0.28139848,-0.78340483,-0.61687386,0.075788856,0
2.6728013,-2.5605097,0.89584756,0.33065224,-0.51692414,-0.78959405,0
1.8870457,-2.7556233,2.2521987,0.52625692,-0.593512,0.6089313,0
2.6068163,-2.6975808,0.95795226,0.33065224,-0.51692414,-0.78959405,0
1.7080783,-1.5294039,3.6020365,0.52625692,-0.593512,0.6089313,0
2.2612174,-1.8181872,2.842526,0.52625692,-0.593512,0.6089313,0
2.4525828,-2.8830497,1.014786,0.33065224,-0.51692414,-0.78959405,0
2.1514292,-3.3479385,1.446394,0.52625692,-0.593512,0.6089313,0
0.046267271,-0.61270404,2.0885036,-0.78340483,-0.61687386,0.075788856,0
1.1574985,-0.87469041,-0.84235996,0.33065224,-0.51692414,-0.78959405,0
1.9344656,-1.5091622,3.4261148,0.52625692,-0.593512,0.6089313,0
-0.40358305,0.70401931,-2.5296168,0.33065224,-0.51692414,-0.78959405,0
-0.19174421,-0.10300398,1.8868492,-0.33065224,0.51692414,0.78959405,0
2.233989,-1.9608501,0.53464985,0.78340483,0.61687386,-0.075788856,0
-2.7408834,2.7615113,-1.5085475,-0.52625692,0.593512,-0.6089313,0
-0.66932607,0.51778203,1.2804456,-0.33065224,0.51692414,0.78959405,0
2.5955877,-2.3136013,1.401203,0.78340483,0.61687386,-0.075788856,0
-2.5267859,2.1414392,-2.0913153,-0.78340483,-0.61687386,0.075788856,0
1.4475867,-2.3500271,2.432766,-0.78340483,-0.61687386,0.075788856,0
-1.146791,1.8402303,-3.4729652,0.78340483,0.61687386,-0.075788856,0
1.6005006,-1.2198212,3.368521,-0.33065224,0.51692414,0.78959405,0
-1.4762641,2.5728877,-0.91525042,0.78340483,0.61687386,-0.075788856,0
1.6754974,-1.5390685,3.6089282,-0.33065224,0.51692414,0.78959405,0
-2.6388516,2.6703308,-0.95352721,-0.33065224,0.51692414,0.78959405,0
2.5458207,-2.681675,0.92199659,0.33065224,-0.51692414,-0.78959405,0
1.4320475,-1.7613353,3.6145318,0.52625692,-0.593512,0.6089313,0
2.027916,-2.9770339,0.89848018,0.33065224,-0.51692414,-0.78959405,0
-0.48681259,0.62371349,1.2875252,-0.33065224,0.51692414,0.78959405,0
-1.9576293,1.397976,-2.2594533,-0.78340483,-0.61687386,0.075788856,0
-1.5218382,2.6122103,-1.0662712,0.78340483,0.61687386,-0.075788856,0
-2.3963461,3.0525646,-1.5226238,-0.52625692,0.593512,-0.6089313,0
2.685833,-2.8106174,1.508261,0.52625692,-0.593512,0.6089313,0
-2.2979939,2.3914762,-2.2519708,-0.52625692,0.593512,-0.6089313,0
1.9374545,-2.1159608,2.8320985,0.52625692,-0.593512,0.6089313,0
1.2734832,-0.64498174,1.3165576,0.78340483,0.61687386,-0.075788856,0
-2.1321709,2.0079339,-2.7691102,-0.52625692,0.593512,-0.6089313,0
-0.43459845,0.51962984,1.3775308,-0.33065224,0.51692414,0.78959405,0
-2.2841187,1.9751103,-0.93675804,-0.78340483,-0.61687386,0.075788856,0
0.78010458,-0.31000102,-1.0568053,0.78340483,0.61687386,-0.075788856,0
-1.7486351,2.1279809,-2.9835663,-0.52625692,0.593512,-0.6089313,0
-0.77491587,1.6196078,-1.4247404,0.78340483,0.61687386,-0.075788856,0
-1.3049231,1.4520977,0.40261281,-0.33065224,0.51692414,0.78959405,0
1.3208923,-1.902698,3.5728128,0.52625692,-0.593512,0.6089313,0
-1.9430392,1.9790462,-2.9607196,-0.52625692,0.593512,-0.6089313,0
-1.1287007,2.0838976,-1.3026714,0.78340483,0.61687386,-0.075788856,0
