0.22745138,-2.5340743,0.88895226,0.37423584,-0.77355283,0.51143289,0
-1.1921659,1.1394098,-1.6133566,0.35912883,-0.38757634,-0.849006,0
2.3751259,-0.64592469,1.8884689,-0.35912883,0.38757634,0.849006,0
-1.2692685,-2.1590769,-0.14019215,0.35912883,-0.38757634,-0.849006,0
-2.8147883,0.17721081,-1.3731022,-0.85497022,-0.50139874,-0.13276014,0
1.4971304,1.7568513,-0.75765216,0.35912883,-0.38757634,-0.849006,0
0.37033865,-2.2422328,0.59132147,0.35912883,-0.38757634,-0.849006,0
-0.30100501,-0.14796519,0.52914613,-0.35912883,0.38757634,0.849006,0
1.9671533,1.5192506,0.42476779,0.85497022,0.50139874,0.13276014,0
-0.74345207,-2.2258849,1.2905741,-0.35912883,0.38757634,0.849006,0
2.2209642,0.95567518,0.91870558,0.85497022,0.50139874,0.13276014,0
1.6783741,2.2206459,-0.36448288,0.85497022,0.50139874,0.13276014,0
1.7378983,1.9558625,0.2521975,0.85497022,0.50139874,0.13276014,0
2.8957045,-0.90965843,1.3934472,0.37423584,-0.77355283,0.51143289,0
-1.92786,-1.8573468,0.59908116,-0.85497022,-0.50139874,-0.13276014,0
-1.6700766,1.6779759,-1.1281919,-0.37423584,0.77355283,-0.51143289,0
1.7530957,-1.4914826,1.3495181,0.37423584,-0.77355283,0.51143289,0
0.55986941,-1.8072492,1.6507685,-0.35912883,0.38757634,0.849006,0
2.6361032,0.28399992,0.78196096,0.85497022,0.50139874,0.13276014,0
2.1971495,1.0976944,0.53570431,0.85497022,0.50139874,0.13276014,0
-2.0174432,1.2409196,-1.5350666,-0.37423584,0.77355283,-0.51143289,0
-1.3456248,-2.7561679,0.2441113,-0.85497022,-0.50139874,-0.13276014,0
-1.7845697,-2.0015635,0.22096658,-0.85497022,-0.50139874,-0.13276014,0
-1.8181597,-2.074502,0.71275198,-0.85497022,-0.50139874,-0.13276014,0
2.0625587,0.32262647,1.3141036,-0.35912883,0.38757634,0.849006,0
-2.288542,-0.87995553,-0.76948017,-0.85497022,-0.50139874,-0.13276014,0
-0.88988364,-1.8145089,-0.13700986,0.35912883,-0.38757634,-0.849006,0
0.26452106,1.7363708,-0.091847539,-0.35912883,0.38757634,0.849006,0
2.3445613,0.90236127,0.32409692,0.85497022,0.50139874,0.13276014,0
-1.8324547,1.2046654,-1.7252651,-0.37423584,0.77355283,-0.51143289,0
2.6161447,-0.85773605,0.90926456,0.35912883,-0.38757634,-0.849006,0
0.66366649,2.9534073,-0.47859383,-0.35912883,0.38757634,0.849006,0
-1.8980365,-1.690272,-0.22397733,-0.85497022,-0.50139874,-0.13276014,0
2.0801826,1.2217717,0.82036054,0.85497022,0.50139874,0.13276014,0
-0.39427763,-2.6356277,1.190294,0.37423584,-0.77355283,0.51143289,0
-1.2375391,-3.0715756,0.73925233,-0.85497022,-0.50139874,-0.13276014,0
-0.2622875,-2.459342,1.3603477,0.37423584,-0.77355283,0.51143289,0
-1.0717072,1.6022424,-1.6805913,-0.37423584,0.77355283,-0.51143289,0
1.5433948,-1.6600226,1.248045,0.37423584,-0.77355283,0.51143289,0
-2.5232646,0.76367879,-1.886773,-0.37423584,0.77355283,-0.51143289,0
-2.4486032,-0.31905341,-1.4790314,0.35912883,-0.38757634,-0.849006,0
-0.42264354,0.95556849,-0.026076436,-0.35912883,0.38757634,0.849006,0
2.3129101,0.77902985,0.99371916,0.85497022,0.50139874,0.13276014,0
2.1556487,1.0911326,0.82774961,0.85497022,0.50139874,0.13276014,0
1.8554999,1.7845182,0.14196885,0.85497022,0.50139874,0.13276014,0
2.0363319,-0.39041543,0.45066965,0.35912883,-0.38757634,-0.849006,0
2.6476662,-0.92129892,1.55734,0.37423584,-0.77355283,0.51143289,0
0.15515733,-2.6419272,0.778723,0.37423584,-0.77355283,0.51143289,0
0.61587578,-2.1507571,1.1845016,0.37423584,-0.77355283,0.51143289,0
2.0440104,1.6207216,-0.45341724,0.85497022,0.50139874,0.13276014,0
-1.3059283,1.6244733,-1.4755778,-0.37423584,0.77355283,-0.51143289,0
0.60899532,3.0329018,-0.74652672,-0.37423584,0.77355283,-0.51143289,0
-1.7003536,1.5678998,-1.2725291,-0.37423584,0.77355283,-0.51143289,0
2.0029023,1.4181801,0.57626057,0.85497022,0.50139874,0.13276014,0
0.97048151,-2.1316063,0.95398831,0.37423584,-0.77355283,0.51143289,0
-2.0490694,0.019745745,-0.28684467,-0.35912883,0.38757634,0.849006,0
1.1626229,1.415167,0.43468028,-0.35912883,0.38757634,0.849006,0
0.25959432,2.287118,-0.34535074,-0.35912883,0.38757634,0.849006,0
-1.7108744,-2.1004753,0.11993349,-0.85497022,-0.50139874,-0.13276014,0
-1.6127213,-1.730652,0.69679725,-0.35912883,0.38757634,0.849006,0
0.74555373,-2.1542594,1.0843139,0.37423584,-0.77355283,0.51143289,0
-2.2347839,-1.0180205,-0.59424585,-0.85497022,-0.50139874,-0.13276014,0
1.359507,2.8383746,-0.6439836,0.85497022,0.50139874,0.13276014,0
-1.3155856,-2.9100208,0.6317203,-0.85497022,-0.50139874,-0.13276014,0
-1.1061307,-0.64411801,-0.76277274,0.35912883,-0.38757634,-0.849006,0
0.81968784,-2.1245682,1.0749748,0.37423584,-0.77355283,0.51143289,0
1.8948717,1.0971612,-0.28825551,0.35912883,-0.38757634,-0.849006,0
0.63707846,2.9626698,-0.87330317,-0.37423584,0.77355283,-0.51143289,0
-2.830384,0.27032924,-1.62435,-0.85497022,-0.50139874,-0.13276014,0
-2.4542279,1.2877741,-1.0370886,-0.35912883,0.38757634,0.849006,0
-2.0947604,-1.4303098,0.061112583,-0.85497022,-0.50139874,-0.13276014,0
-1.0803087,-3.270927,0.47959018,-0.85497022,-0.50139874,-0.13276014,0
1.8435633,0.58670294,-0.076931715,0.35912883,-0.38757634,-0.849006,0
-1.4825958,-2.7370481,1.0539887,-0.85497022,-0.50139874,-0.13276014,0
-1.6282408,-2.1621115,-0.17944038,-0.85497022,-0.50139874,-0.13276014,0
-0.6605587,1.9388227,-1.4723601,-0.37423584,0.77355283,-0.51143289,0
1.3882982,1.447309,-0.6623804,0.35912883,-0.38757634,-0.849006,0
0.86373895,1.1561773,0.42648304,-0.35912883,0.38757634,0.849006,0
0.73448962,-0.72017598,0.050529003,0.35912883,-0.38757634,-0.849006,0
-2.1118534,-1.2619072,-0.46482036,-0.85497022,-0.50139874,-0.13276014,0
-2.4534786,-0.43079662,-1.4036454,-0.85497022,-0.50139874,-0.13276014,0
-2.3431807,-0.51563752,-1.3446958,0.35912883,-0.38757634,-0.849006,0
-0.39837509,2.1860147,-1.2903273,-0.37423584,0.77355283,-0.51143289,0
-1.8702191,-0.21066499,-1.2838554,0.35912883,-0.38757634,-0.849006,0
1.9452859,1.7275583,-0.22112799,0.85497022,0.50139874,0.13276014,0
2.3464632,-0.47872937,0.62217069,0.35912883,-0.38757634,-0.849006,0
3.0582726,-0.56908333,1.285067,0.85497022,0.50139874,0.13276014,0
-0.47174811,-2.9545667,0.76458073,0.37423584,-0.77355283,0.51143289,0
0.64976138,2.9346285,-0.92499709,-0.37423584,0.77355283,-0.51143289,0
-1.2004519,-3.1767159,0.89749599,-0.85497022,-0.50139874,-0.13276014,0
-0.23958999,-2.9126701,0.65807104,0.37423584,-0.77355283,0.51143289,0
-1.783519,1.1398813,-1.859061,-0.37423584,0.77355283,-0.51143289,0
0.38312492,-2.3254008,1.0906627,0.37423584,-0.77355283,0.51143289,0
2.8303049,-0.96501487,1.3575749,0.37423584,-0.77355283,0.51143289,0
0.54188168,-0.20643386,-0.2654703,0.35912883,-0.38757634,-0.849006,0
0.56071573,-0.8421241,0.032692909,0.35912883,-0.38757634,-0.849006,0
-0.53414941,-2.2372923,1.3843167,-0.35912883,0.38757634,0.849006,0
2.749238,0.03058219,1.0104645,0.85497022,0.50139874,0.13276014,0
1.1455979,-1.5573478,1.6944263,0.37423584,-0.77355283,0.51143289,0
0.73115551,2.842823,-1.1234145,-0.37423584,0.77355283,-0.51143289,0
1.6448618,2.3376951,-0.59072864,0.85497022,0.50139874,0.13276014,0
-0.052248955,-2.519599,0.53918648,0.35912883,-0.38757634,-0.849006,0
0.19357562,0.016555786,0.66324854,-0.35912883,0.38757634,0.849006,0
0.28951442,-0.90649033,-0.052641511,0.35912883,-0.38757634,-0.849006,0
-2.6504579,0.77238488,-0.88481581,-0.35912883,0.38757634,0.849006,0
-0.14830464,-0.77990448,-0.29562569,0.35912883,-0.38757634,-0.849006,0
1.4664768,1.2647012,-0.54594922,0.35912883,-0.38757634,-0.849006,0
2.5479677,0.36559147,1.0413998,0.85497022,0.50139874,0.13276014,0
2.0931454,-1.4608331,1.1470487,0.37423584,-0.77355283,0.51143289,0
1.7090194,2.1304517,-0.22119868,0.85497022,0.50139874,0.13276014,0
2.2029901,1.0173619,0.80148524,0.85497022,0.50139874,0.13276014,0
2.8796821,-0.89141703,1.4327619,0.37423584,-0.77355283,0.51143289,0
1.0441707,-0.50054884,1.2591108,-0.35912883,0.38757634,0.849006,0
1.6147759,2.1041605,0.3114109,-0.35912883,0.38757634,0.849006,0
-2.1839075,-0.22154379,-1.4115789,0.35912883,-0.38757634,-0.849006,0
0.85018903,-0.87976533,1.3501714,-0.35912883,0.38757634,0.849006,0
-1.347435,1.9763509,-0.91298366,-0.37423584,0.77355283,-0.51143289,0
0.2479523,-2.2859659,1.2492194,0.37423584,-0.77355283,0.51143289,0
-1.5141873,-2.5613525,0.59388185,-0.85497022,-0.50139874,-0.13276014,0
1.9330566,1.7183392,-0.1075536,0.85497022,0.50139874,0.13276014,0
-2.8223336,0.12990963,-1.1458668,-0.85497022,-0.50139874,-0.13276014,0
1.2941602,3.0682821,-1.1943758,-0.37423584,0.77355283,-0.51143289,0
0.88852525,-0.019356847,-0.20424208,0.35912883,-0.38757634,-0.849006,0
1.8231781,-1.3815205,1.4645565,0.37423584,-0.77355283,0.51143289,0
-1.4571495,-1.0858608,-0.70959508,0.35912883,-0.38757634,-0.849006,0
-1.3227003,1.9421539,-0.98280621,-0.37423584,0.77355283,-0.51143289,0
1.9294901,1.5706891,0.47304809,0.85497022,0.50139874,0.13276014,0
-0.51805156,1.9415482,-1.5725164,-0.37423584,0.77355283,-0.51143289,0
-1.1414623,-1.1585203,0.63495785,-0.35912883,0.38757634,0.849006,0
-0.22665963,2.4540691,-0.62725019,-0.35912883,0.38757634,0.849006,0
2.5994925,-0.88014591,1.6548355,0.37423584,-0.77355283,0.51143289,0
2.3935871,0.73117113,0.65491015,0.85497022,0.50139874,0.13276014,0
-1.1144578,-3.2603364,0.65951014,-0.85497022,-0.50139874,-0.13276014,0
-1.7001888,1.3516983,-1.5996592,-0.37423584,0.77355283,-0.51143289,0
-2.7955785,0.097715139,-1.1965785,-0.85497022,-0.50139874,-0.13276014,0
-0.1300379,-0.82360613,0.90989923,-0.35912883,0.38757634,0.849006,0
0.34674001,-0.2357896,-0.33461398,0.35912883,-0.38757634,-0.849006,0
-0.42063928,2.5133414,-0.77894711,-0.37423584,0.77355283,-0.51143289,0
-0.95068318,-1.5411465,0.89032829,-0.35912883,0.38757634,0.849006,0
-2.7991781,0.25979054,-1.7855124,-0.85497022,-0.50139874,-0.13276014,0
-0.032762289,-2.7006791,0.82736778,0.37423584,-0.77355283,0.51143289,0
2.387773,0.71107674,0.76824421,0.85497022,0.50139874,0.13276014,0
0.050927989,-1.3781517,1.239601,-0.35912883,0.38757634,0.849006,0
2.3252351,-1.0941155,1.5318873,0.37423584,-0.77355283,0.51143289,0
-2.8748777,0.34195113,-1.6083069,-0.85497022,-0.50139874,-0.13276014,0
-1.6720569,-1.4167163,0.52838486,-0.35912883,0.38757634,0.849006,0
-0.19439381,1.4671044,-1.3408945,0.35912883,-0.38757634,-0.849006,0
-2.1653876,-1.1528791,-0.53183103,-0.85497022,-0.50139874,-0.13276014,0
-2.5737703,-0.33039927,-1.0081437,-0.85497022,-0.50139874,-0.13276014,0
-2.304652,-0.78726834,-1.0157868,-0.85497022,-0.50139874,-0.13276014,0
-2.3608835,0.30311537,-1.7259496,0.35912883,-0.38757634,-0.849006,0
-0.17770433,2.480145,-1.0069234,-0.37423584,0.77355283,-0.51143289,0
-0.12818576,2.267863,-1.3642383,-0.37423584,0.77355283,-0.51143289,0
0.38243514,0.83021724,0.37169456,-0.35912883,0.38757634,0.849006,0
0.074654788,-1.4356294,0.098028302,0.35912883,-0.38757634,-0.849006,0
2.3060129,0.30020273,0.24947321,0.35912883,-0.38757634,-0.849006,0
-2.8351521,0.28802049,-1.6604577,-0.85497022,-0.50139874,-0.13276014,0
-0.7547977,-2.9535122,0.97329473,0.37423584,-0.77355283,0.51143289,0
2.8575697,-0.25015676,1.3730872,0.85497022,0.50139874,0.13276014,0
1.1418302,3.1538739,-0.43370819,0.85497022,0.50139874,0.13276014,0
1.1367861,-1.5333711,1.7371395,0.37423584,-0.77355283,0.51143289,0
-2.3861299,-0.57975459,-1.2747942,-0.85497022,-0.50139874,-0.13276014,0
0.73910725,0.17929995,0.81971425,-0.35912883,0.38757634,0.849006,0
1.1910051,-1.8493743,0.75912046,0.35912883,-0.38757634,-0.849006,0
-1.852355,-1.7117995,-0.43685919,-0.85497022,-0.50139874,-0.13276014,0
-1.1100652,-1.6971569,-0.28371835,0.35912883,-0.38757634,-0.849006,0
-1.3551147,-2.7826664,0.40530396,-0.85497022,-0.50139874,-0.13276014,0
-0.26563594,-2.4768686,1.3362887,0.37423584,-0.77355283,0.51143289,0
0.035690129,-2.5737851,0.969208,0.37423584,-0.77355283,0.51143289,0
-2.7543395,-0.13780484,-0.57266206,-0.85497022,-0.50139874,-0.13276014,0
-1.8261672,-1.9033508,0.1179285,-0.85497022,-0.50139874,-0.13276014,0
2.1954877,-1.0635498,1.6730601,0.37423584,-0.77355283,0.51143289,0
0.98666501,-2.1709359,0.88265967,0.37423584,-0.77355283,0.51143289,0
0.63614511,2.8647714,-1.020694,-0.37423584,0.77355283,-0.51143289,0
1.4843761,0.44386166,1.0141884,-0.35912883,0.38757634,0.849006,0
-1.0193434,-3.072156,0.98742127,0.37423584,-0.77355283,0.51143289,0
-1.5999587,-2.3251615,0.25421929,-0.85497022,-0.50139874,-0.13276014,0
2.0407741,1.3128915,0.73001397,0.85497022,0.50139874,0.13276014,0
-2.7316296,-0.15116853,-0.66844243,-0.85497022,-0.50139874,-0.13276014,0
-1.7132649,1.2984277,-1.6706637,-0.37423584,0.77355283,-0.51143289,0
0.37632823,-2.1312313,1.3893206,0.37423584,-0.77355283,0.51143289,0
-1.3757002,-2.8245001,0.69586682,-0.85497022,-0.50139874,-0.13276014,0
1.9544981,1.5789298,0.28087485,0.85497022,0.50139874,0.13276014,0
0.28533116,0.15964615,0.63673949,-0.35912883,0.38757634,0.849006,0
2.156852,-0.20859753,0.4186486,0.35912883,-0.38757634,-0.849006,0
0.4152599,-0.41409153,0.95361388,-0.35912883,0.38757634,0.849006,0
1.3911123,2.8316638,-0.82217693,0.85497022,0.50139874,0.13276014,0
0.068154454,2.8082635,-0.69054174,-0.37423584,0.77355283,-0.51143289,0
-0.92612785,-1.8952936,1.0623857,-0.35912883,0.38757634,0.849006,0
-1.0794004,-0.5309543,0.37472239,-0.35912883,0.38757634,0.849006,0
-2.929107,0.24382418,-0.88847446,-0.85497022,-0.50139874,-0.13276014,0
-1.9523846,-1.7162234,0.22403395,-0.85497022,-0.50139874,-0.13276014,0
0.079775244,2.4042075,-1.3101878,-0.37423584,0.77355283,-0.51143289,0
-1.8853414,-1.9120438,0.53183842,-0.85497022,-0.50139874,-0.13276014,0
2.9279056,-0.32027823,0.79578662,0.35912883,-0.38757634,-0.849006,0
1.6540807,2.1535039,0.045541763,0.85497022,0.50139874,0.13276014,0
2.0582383,0.53717816,1.214332,-0.35912883,0.38757634,0.849006,0
2.4493923,-0.79473579,1.8938543,0.37423584,-0.77355283,0.51143289,0
0.064748079,-2.3007607,1.3608997,0.37423584,-0.77355283,0.51143289,0
-0.95416605,1.9040277,-1.3101444,-0.37423584,0.77355283,-0.51143289,0
-0.21253598,0.26933926,-0.80178159,0.35912883,-0.38757634,-0.849006,0
0.18491983,2.34372,-1.4786148,-0.37423584,0.77355283,-0.51143289,0
-0.81107843,-3.0379801,0.88671756,0.37423584,-0.77355283,0.51143289,0
1.4987693,2.3970473,0.12594485,0.85497022,0.50139874,0.13276014,0
1.6474954,2.2174406,-0.15352023,0.85497022,0.50139874,0.13276014,0
1.4050077,2.7898145,-1.2681739,0.35912883,-0.38757634,-0.849006,0
0.86713958,2.7650166,-0.30652332,-0.35912883,0.38757634,0.849006,0
1.7023941,2.2472744,-0.61974072,0.85497022,0.50139874,0.13276014,0
1.3820273,-1.4328735,1.7096915,0.37423584,-0.77355283,0.51143289,0
-0.14580247,2.3413465,-1.2402022,-0.37423584,0.77355283,-0.51143289,0
2.8397522,-0.31311297,1.7255998,0.85497022,0.50139874,0.13276014,0
-2.6715336,-0.14125347,-1.0929031,-0.85497022,-0.50139874,-0.13276014,0
1.3472046,2.7903914,-0.38353753,0.85497022,0.50139874,0.13276014,0
1.4915895,2.638792,-0.74082184,0.85497022,0.50139874,0.13276014,0
2.5783269,0.28777838,1.1397667,0.85497022,0.50139874,0.13276014,0
-0.44055521,-2.5742071,1.3170569,0.37423584,-0.77355283,0.51143289,0
1.9213891,-1.1396377,1.7585442,0.37423584,-0.77355283,0.51143289,0
-0.25458342,2.0908375,-1.5395033,-0.37423584,0.77355283,-0.51143289,0
-2.193521,-1.1129493,-0.50145805,-0.85497022,-0.50139874,-0.13276014,0
-1.5158634,-2.4414396,0.15179873,-0.85497022,-0.50139874,-0.13276014,0
0.9338963,-1.87288,1.372088,0.37423584,-0.77355283,0.51143289,0
1.0327505,2.3897562,-1.2430093,0.35912883,-0.38757634,-0.849006,0
-0.92408782,-1.9929397,1.1078244,-0.35912883,0.38757634,0.849006,0
-2.1009851,-0.094202638,-1.434635,0.35912883,-0.38757634,-0.849006,0
0.047977149,2.7283359,-0.79666996,-0.37423584,0.77355283,-0.51143289,0
-0.56100821,-2.7144582,1.1930647,0.37423584,-0.77355283,0.51143289,0
0.66814113,-1.3019592,1.4658993,-0.35912883,0.38757634,0.849006,0
1.8175869,2.0124867,-0.47484851,0.85497022,0.50139874,0.13276014,0
1.5447366,0.17831683,1.1609436,-0.35912883,0.38757634,0.849006,0
2.5555286,-0.35610449,1.8324742,-0.35912883,0.38757634,0.849006,0
0.45105654,0.9335469,0.35355091,-0.35912883,0.38757634,0.849006,0
0.80431461,-1.9855888,1.2964337,0.37423584,-0.77355283,0.51143289,0
-2.321897,-0.4206478,-0.20120814,-0.35912883,0.38757634,0.849006,0
-0.82085919,1.8680722,-1.4620736,-0.37423584,0.77355283,-0.51143289,0
1.2765005,0.9639982,0.68881178,-0.35912883,0.38757634,0.849006,0
-0.91026121,0.49358374,-0.021439552,-0.35912883,0.38757634,0.849006,0
-0.59258431,-2.2885976,0.20517206,0.35912883,-0.38757634,-0.849006,0
1.1588078,3.1325276,-0.46242452,0.85497022,0.50139874,0.13276014,0
0.95243096,2.8867531,-1.2188852,-0.37423584,0.77355283,-0.51143289,0
-1.7647094,1.323235,-1.5954983,-0.37423584,0.77355283,-0.51143289,0
2.5086741,-0.94441032,1.6240894,0.37423584,-0.77355283,0.51143289,0
-2.6826189,0.0020464659,-1.5627189,-0.85497022,-0.50139874,-0.13276014,0
1.4542741,2.7604077,-0.95982146,0.85497022,0.50139874,0.13276014,0
2.2745452,-1.1035097,1.5547702,0.37423584,-0.77355283,0.51143289,0
-0.33331227,2.4319861,-0.96589947,-0.37423584,0.77355283,-0.51143289,0
1.5844195,-1.643731,1.242667,0.37423584,-0.77355283,0.51143289,0
-2.5835495,-0.17007816,-1.5506539,-0.85497022,-0.50139874,-0.13276014,0
-2.9710915,0.42314488,-1.2953397,-0.85497022,-0.50139874,-0.13276014,0
1.0867398,-2.0488133,0.99414301,0.37423584,-0.77355283,0.51143289,0
2.9891355,-0.3516205,0.90900981,0.85497022,0.50139874,0.13276014,0
-1.2367675,-3.1380749,0.98543239,-0.85497022,-0.50139874,-0.13276014,0
1.4499178,2.6772103,-0.6175518,0.85497022,0.50139874,0.13276014,0
-0.99447024,-3.1472032,0.85571098,0.37423584,-0.77355283,0.51143289,0
-0.37969118,-2.6787257,1.1144345,0.37423584,-0.77355283,0.51143289,0
-0.90972191,-2.7345953,0.27462339,0.35912883,-0.38757634,-0.849006,0
1.6375836,2.2661464,-0.27363777,0.85497022,0.50139874,0.13276014,0
1.7265806,2.0861948,-0.16714668,0.85497022,0.50139874,0.13276014,0
1.5394918,-1.4847382,0.74007154,0.35912883,-0.38757634,-0.849006,0
-2.205303,-1.0210294,-0.7727378,-0.85497022,-0.50139874,-0.13276014,0
-2.1310236,-1.2157733,-0.51559955,-0.85497022,-0.50139874,-0.13276014,0
-3.0924125,0.62663352,-1.2825587,-0.85497022,-0.50139874,-0.13276014,0
-0.97535747,-1.0350277,-0.52900302,0.35912883,-0.38757634,-0.849006,0
-2.0841022,-0.90299964,0.11957532,-0.35912883,0.38757634,0.849006,0
0.47651452,2.6423166,-1.2403533,-0.37423584,0.77355283,-0.51143289,0
1.2815371,3.0680578,-1.185478,-0.37423584,0.77355283,-0.51143289,0
0.066578798,-1.0534477,1.0979919,-0.35912883,0.38757634,0.849006,0
-2.4522364,-0.59372109,-0.79632246,-0.85497022,-0.50139874,-0.13276014,0
0.61762977,-2.004987,1.4036977,0.37423584,-0.77355283,0.51143289,0
-2.0381734,1.5463184,-1.0579753,-0.37423584,0.77355283,-0.51143289,0
2.9580274,-0.87378889,1.4020965,0.37423584,-0.77355283,0.51143289,0
-2.8782248,0.37043035,-1.6943098,-0.85497022,-0.50139874,-0.13276014,0
-0.74349409,2.2490695,-0.94241858,-0.37423584,0.77355283,-0.51143289,0
2.577481,0.25674629,1.2624139,0.85497022,0.50139874,0.13276014,0
1.0030442,-1.4403456,1.6707371,-0.35912883,0.38757634,0.849006,0
0.39962736,-2.4156332,0.68286896,0.35912883,-0.38757634,-0.849006,0
-0.2156201,-2.5859303,1.1347318,0.37423584,-0.77355283,0.51143289,0
0.8914758,2.6414371,-1.4176621,0.35912883,-0.38757634,-0.849006,0
-0.21839967,-2.5680285,1.1638424,0.37423584,-0.77355283,0.51143289,0
1.811362,1.9884095,-0.34382749,0.85497022,0.50139874,0.13276014,0
1.9026496,1.8074725,-0.24836755,0.85497022,0.50139874,0.13276014,0
-1.1501435,-0.75331753,0.44630828,-0.35912883,0.38757634,0.849006,0
-2.9798272,0.57476449,-1.81171,-0.85497022,-0.50139874,-0.13276014,0
2.6804397,0.20835257,0.78213412,0.85497022,0.50139874,0.13276014,0
1.4232234,2.6213825,-0.23479486,0.85497022,0.50139874,0.13276014,0
0.2516315,-1.8035486,0.34084654,0.35912883,-0.38757634,-0.849006,0
0.15444294,-2.3328962,1.2466614,0.37423584,-0.77355283,0.51143289,0
-1.7275686,-2.1008048,0.228688,-0.85497022,-0.50139874,-0.13276014,0
-1.5841451,1.5434074,-1.3946092,-0.37423584,0.77355283,-0.51143289,0
0.82904035,-1.8101488,1.5436971,0.37423584,-0.77355283,0.51143289,0
2.0242043,-1.5241632,1.1017075,0.37423584,-0.77355283,0.51143289,0
-1.3745911,-2.7755065,0.50368953,-0.85497022,-0.50139874,-0.13276014,0
-0.66536063,1.8726981,-1.5688612,-0.37423584,0.77355283,-0.51143289,0
1.2727327,-1.7870355,1.253989,0.37423584,-0.77355283,0.51143289,0
0.57017732,2.6497359,-1.2976682,-0.37423584,0.77355283,-0.51143289,0
-0.8271758,-2.7587347,1.3208611,0.37423584,-0.77355283,0.51143289,0
2.1572423,1.1883161,0.45045093,0.85497022,0.50139874,0.13276014,0
-3.1329215,0.70058668,-1.3009834,-0.85497022,-0.50139874,-0.13276014,0
2.6381171,0.38564205,0.3851164,0.85497022,0.50139874,0.13276014,0
-1.8680084,0.21432221,-1.4769294,0.35912883,-0.38757634,-0.849006,0
-1.7802091,-1.1118263,-0.83439571,0.35912883,-0.38757634,-0.849006,0
0.90855378,-0.65260589,1.27116,-0.35912883,0.38757634,0.849006,0
-0.14912277,1.3703718,-0.099737763,-0.35912883,0.38757634,0.849006,0
1.2595118,-1.6273282,1.5052245,0.37423584,-0.77355283,0.51143289,0
-1.334995,-2.7962637,0.32708716,-0.85497022,-0.50139874,-0.13276014,0
2.7416186,0.14089921,0.64289546,0.85497022,0.50139874,0.13276014,0
-2.5416265,0.88281035,-1.6931485,-0.37423584,0.77355283,-0.51143289,0
-2.7836456,0.16561556,-1.529868,-0.85497022,-0.50139874,-0.13276014,0
1.5120564,2.5964897,-0.71286225,0.85497022,0.50139874,0.13276014,0
-2.9627416,1.0296097,-1.1629648,-0.37423584,0.77355283,-0.51143289,0
1.7159793,-1.3470629,0.75187612,0.35912883,-0.38757634,-0.849006,0
1.6272572,2.1920822,0.072585344,0.85497022,0.50139874,0.13276014,0
1.398473,0.22149384,1.0793636,-0.35912883,0.38757634,0.849006,0
0.11737287,-2.6597846,0.77936101,0.37423584,-0.77355283,0.51143289,0
-1.5207478,1.4483638,-1.5847549,-0.37423584,0.77355283,-0.51143289,0
-2.2095459,1.1137092,-1.5869057,-0.37423584,0.77355283,-0.51143289,0
-1.9326286,0.31314984,-0.37153101,-0.35912883,0.38757634,0.849006,0
-2.0141068,-1.4492558,-0.38674021,-0.85497022,-0.50139874,-0.13276014,0
-0.71857089,-2.6668148,0.32453775,0.35912883,-0.38757634,-0.849006,0
2.4973052,-0.82285917,1.8162575,0.37423584,-0.77355283,0.51143289,0
1.4754864,2.6186132,-0.56090832,0.85497022,0.50139874,0.13276014,0
-1.2001307,-3.1425757,0.76649213,-0.85497022,-0.50139874,-0.13276014,0
1.7207621,2.2858362,-0.88366687,0.85497022,0.50139874,0.13276014,0
-1.0855814,-2.8735118,1.3363445,0.37423584,-0.77355283,0.51143289,0
0.076143742,-0.59007406,-0.28734291,0.35912883,-0.38757634,-0.849006,0
1.9333453,1.4510363,-0.43352735,0.35912883,-0.38757634,-0.849006,0
0.1770525,2.3978446,-1.3909938,-0.37423584,0.77355283,-0.51143289,0
-0.41504717,-2.7151482,1.0852158,0.37423584,-0.77355283,0.51143289,0
-0.78075862,1.9647232,-1.3452301,-0.37423584,0.77355283,-0.51143289,0
-2.0411398,-1.3704056,-0.51044381,-0.85497022,-0.50139874,-0.13276014,0
1.2023935,2.8980868,-1.3846502,-0.37423584,0.77355283,-0.51143289,0
-1.859794,1.3198644,-1.531019,-0.37423584,0.77355283,-0.51143289,0
1.8727145,1.7289445,0.24099386,0.85497022,0.50139874,0.13276014,0
1.8805678,1.8345122,-0.20828283,0.85497022,0.50139874,0.13276014,0
2.4880183,-0.79051471,1.8719748,0.37423584,-0.77355283,0.51143289,0
2.6353593,-0.8628903,0.91974545,0.35912883,-0.38757634,-0.849006,0
-2.7143786,-0.059750438,-1.1247995,-0.85497022,-0.50139874,-0.13276014,0
0.38782305,2.9819896,-0.6083231,-0.35912883,0.38757634,0.849006,0
0.46764714,0.6842646,0.4743675,-0.35912883,0.38757634,0.849006,0
-0.67704374,2.2327724,-1.0156929,-0.37423584,0.77355283,-0.51143289,0
1.1046674,-0.47672021,1.2738229,-0.35912883,0.38757634,0.849006,0
0.72002083,0.058420479,-0.31102511,0.35912883,-0.38757634,-0.849006,0
-0.44102854,2.0535524,-1.4594681,-0.37423584,0.77355283,-0.51143289,0
-1.4835044,1.6568291,-1.2966995,-0.37423584,0.77355283,-0.51143289,0
-0.89953136,-1.112938,0.71648586,-0.35912883,0.38757634,0.849006,0
2.7014685,0.10944909,1.020241,0.85497022,0.50139874,0.13276014,0
1.7353003,2.0824461,-0.2091434,0.85497022,0.50139874,0.13276014,0
-2.0204418,1.2600527,-1.5039334,-0.37423584,0.77355283,-0.51143289,0
-1.1623042,1.9659882,-1.0641251,-0.37423584,0.77355283,-0.51143289,0
-1.6074262,0.87188983,-0.48903883,-0.35912883,0.38757634,0.849006,0
0.7382592,0.035215795,-0.29271728,0.35912883,-0.38757634,-0.849006,0
2.7585027,-0.66318309,0.88066745,0.35912883,-0.38757634,-0.849006,0
1.3389729,1.4425135,-0.68105567,0.35912883,-0.38757634,-0.849006,0
-1.5807152,1.8123715,-0.99030542,-0.37423584,0.77355283,-0.51143289,0
-1.7801714,-1.9638681,0.050276041,-0.85497022,-0.50139874,-0.13276014,0
-2.721575,0.090081692,-1.6443291,-0.85497022,-0.50139874,-0.13276014,0
-0.96509063,-0.8652553,0.57568568,-0.35912883,0.38757634,0.849006,0
0.7745955,-2.1003354,1.144624,0.37423584,-0.77355283,0.51143289,0
-0.50341725,2.4322438,-0.84103727,-0.37423584,0.77355283,-0.51143289,0
-0.29417512,-1.0169739,-0.24910522,0.35912883,-0.38757634,-0.849006,0
-0.11945215,-2.1931491,1.5395815,-0.35912883,0.38757634,0.849006,0
1.3031301,2.9685011,-0.77237082,0.85497022,0.50139874,0.13276014,0
-2.823616,0.034633517,-0.77777672,-0.85497022,-0.50139874,-0.13276014,0
0.74714309,-0.84457743,1.2905197,-0.35912883,0.38757634,0.849006,0
-0.89038241,1.0706584,-0.27646887,-0.35912883,0.38757634,0.849006,0
0.14923432,1.103078,0.1484884,-0.35912883,0.38757634,0.849006,0
-2.5381277,0.23715794,-1.7708138,0.35912883,-0.38757634,-0.849006,0
-0.57186484,-2.7341943,1.1711586,0.37423584,-0.77355283,0.51143289,0
-2.9430871,0.53186119,-1.886279,-0.85497022,-0.50139874,-0.13276014,0
-1.7448938,-1.9791281,-0.11927938,-0.85497022,-0.50139874,-0.13276014,0
1.8629481,1.8031898,0.023483992,0.85497022,0.50139874,0.13276014,0
1.5024233,-1.3526425,0.66408896,0.35912883,-0.38757634,-0.849006,0
2.1323261,0.27467954,1.3655033,-0.35912883,0.38757634,0.849006,0
-2.5897965,-0.17279267,-1.5001714,-0.85497022,-0.50139874,-0.13276014,0
2.2347071,0.45936239,1.3245016,-0.35912883,0.38757634,0.849006,0
-1.4710925,1.3755322,-1.7312487,-0.37423584,0.77355283,-0.51143289,0
-0.58209246,2.1978085,-0.6606133,-0.35912883,0.38757634,0.849006,0
-2.1626194,1.4474076,-1.116518,-0.37423584,0.77355283,-0.51143289,0
-2.973907,0.47854781,-1.4864504,-0.85497022,-0.50139874,-0.13276014,0
-2.3636527,-0.65749657,-1.1259366,-0.85497022,-0.50139874,-0.13276014,0
1.3028675,-1.3195591,0.56457448,0.35912883,-0.38757634,-0.849006,0
-0.9369424,0.53909445,-1.2313498,0.35912883,-0.38757634,-0.849006,0
-2.1007061,-0.49881637,-1.2498083,0.35912883,-0.38757634,-0.849006,0
-2.341018,-0.81483388,-0.67748398,-0.85497022,-0.50139874,-0.13276014,0
-2.0844977,1.2111669,-1.531002,-0.37423584,0.77355283,-0.51143289,0
1.7670443,-1.6988462,1.0256701,0.37423584,-0.77355283,0.51143289,0
1.9621272,-1.3471506,1.4148667,0.37423584,-0.77355283,0.51143289,0
0.27360189,1.8063598,-0.11995673,-0.35912883,0.38757634,0.849006,0
2.3956308,0.5677743,1.2588553,0.85497022,0.50139874,0.13276014,0
-1.4328369,1.8566182,-1.0315897,-0.37423584,0.77355283,-0.51143289,0
-2.0241239,-0.25916481,-1.3268164,0.35912883,-0.38757634,-0.849006,0
2.8376222,-0.22621691,1.4111344,0.85497022,0.50139874,0.13276014,0
0.37673122,2.9033737,-0.77248335,-0.37423584,0.77355283,-0.51143289,0
-0.56409371,1.0413954,-0.12509036,-0.35912883,0.38757634,0.849006,0
3.2089884,-0.86414409,1.2330461,0.37423584,-0.77355283,0.51143289,0
0.71693194,1.2136997,0.33812451,-0.35912883,0.38757634,0.849006,0
0.53593469,-2.071063,1.3635366,0.37423584,-0.77355283,0.51143289,0
-1.3345613,-2.6570215,1.2373517,-0.35912883,0.38757634,0.849006,0
1.6451652,-0.55450749,1.5379636,-0.35912883,0.38757634,0.849006,0
-2.2466669,-1.0477186,-0.40555811,-0.85497022,-0.50139874,-0.13276014,0
0.88718146,1.5155667,0.27233577,-0.35912883,0.38757634,0.849006,0
-0.00073622167,-2.21315,1.5413301,0.37423584,-0.77355283,0.51143289,0
-0.34329069,2.0515573,-1.5340049,-0.37423584,0.77355283,-0.51143289,0
1.3300357,-1.6359271,1.440613,0.37423584,-0.77355283,0.51143289,0
2.2533767,0.91286641,0.87164795,0.85497022,0.50139874,0.13276014,0
0.42466891,-2.0161858,1.5279572,0.37423584,-0.77355283,0.51143289,0
0.19639941,0.098364055,-0.55075103,0.35912883,-0.38757634,-0.849006,0
-2.433023,-0.7587803,-0.29667225,-0.85497022,-0.50139874,-0.13276014,0
0.45053223,-0.12384945,0.8360368,-0.35912883,0.38757634,0.849006,0
-1.7612876,1.2671117,-1.6828901,-0.37423584,0.77355283,-0.51143289,0
1.7827977,1.8507491,0.36003196,0.85497022,0.50139874,0.13276014,0
-2.8792686,0.35102236,-1.6142888,-0.85497022,-0.50139874,-0.13276014,0
2.0214636,1.4548526,0.31822503,0.85497022,0.50139874,0.13276014,0
2.7156463,-0.030652642,1.4580617,0.85497022,0.50139874,0.13276014,0
1.4651039,0.45460939,1.0011299,-0.35912883,0.38757634,0.849006,0
0.3339662,-2.4477825,0.94152904,0.37423584,-0.77355283,0.51143289,0
-1.2213382,1.887079,-1.1402791,-0.37423584,0.77355283,-0.51143289,0
1.590694,1.0844557,0.76672572,-0.35912883,0.38757634,0.849006,0
2.9353938,-0.42630374,1.5371628,0.85497022,0.50139874,0.13276014,0
-1.3930463,-1.9188036,-0.3022362,0.35912883,-0.38757634,-0.849006,0
-0.78081131,-0.97745681,-0.47299176,0.35912883,-0.38757634,-0.849006,0
-1.2857996,-2.1626499,1.0322945,-0.35912883,0.38757634,0.849006,0
2.1175218,1.1809981,-0.23234686,0.35912883,-0.38757634,-0.849006,0
0.29865676,1.950036,-0.1749475,-0.35912883,0.38757634,0.849006,0
2.6809556,-0.98204774,1.4410973,0.37423584,-0.77355283,0.51143289,0
-0.94037658,1.4163418,-1.633271,0.35912883,-0.38757634,-0.849006,0
-2.101368,-1.4648874,0.23425537,-0.85497022,-0.50139874,-0.13276014,0
2.4422786,0.56922692,0.95295799,0.85497022,0.50139874,0.13276014,0
-2.6695724,-0.26859769,-0.62459081,-0.85497022,-0.50139874,-0.13276014,0
0.46252972,-2.3808937,0.94862485,0.37423584,-0.77355283,0.51143289,0
0.44522145,-2.3249004,0.66073513,0.35912883,-0.38757634,-0.849006,0
2.8188105,-0.60818279,1.9057018,0.37423584,-0.77355283,0.51143289,0
-1.002322,2.1313746,-0.93103981,-0.37423584,0.77355283,-0.51143289,0
-0.37946892,1.7964611,-0.3916862,-0.35912883,0.38757634,0.849006,0
2.4553442,-1.188942,1.2932541,0.37423584,-0.77355283,0.51143289,0
0.086837724,-1.2265303,1.1855748,-0.35912883,0.38757634,0.849006,0
2.0637145,-1.1506703,1.637712,0.37423584,-0.77355283,0.51143289,0
-1.1543374,1.7194033,-1.4429193,-0.37423584,0.77355283,-0.51143289,0
1.5616469,2.4659071,-0.53904986,0.85497022,0.50139874,0.13276014,0
0.0026064515,2.6723521,-0.8481462,-0.37423584,0.77355283,-0.51143289,0
1.9681638,1.5208406,0.41225398,0.85497022,0.50139874,0.13276014,0
2.0130479,1.4199294,0.50431776,0.85497022,0.50139874,0.13276014,0
-1.6259181,1.807169,-0.96509743,-0.37423584,0.77355283,-0.51143289,0
-2.5576992,-0.54133594,-0.31499046,-0.85497022,-0.50139874,-0.13276014,0
2.1977594,1.1419277,0.36471874,0.85497022,0.50139874,0.13276014,0
1.4409239,2.7411857,-0.80124998,0.85497022,0.50139874,0.13276014,0
1.8704497,1.8728046,-0.28774166,0.85497022,0.50139874,0.13276014,0
-0.69125485,-2.6581843,1.373487,0.37423584,-0.77355283,0.51143289,0
1.6451107,1.5527656,-0.60189033,0.35912883,-0.38757634,-0.849006,0
-0.053330064,-0.7048828,-0.28969938,0.35912883,-0.38757634,-0.849006,0
-2.4292676,-0.58374798,-0.98190558,-0.85497022,-0.50139874,-0.13276014,0
-2.9084153,0.51587093,-1.979758,-0.37423584,0.77355283,-0.51143289,0
0.29809389,-1.0479567,0.015568018,0.35912883,-0.38757634,-0.849006,0
3.0066617,-0.64312518,1.7153924,0.37423584,-0.77355283,0.51143289,0
-2.9434013,0.37360942,-1.2865815,-0.85497022,-0.50139874,-0.13276014,0
-0.78971803,1.9924914,-1.2966738,-0.37423584,0.77355283,-0.51143289,0
2.348242,-0.94703126,1.7375202,0.37423584,-0.77355283,0.51143289,0
2.3388922,0.827039,0.64507705,0.85497022,0.50139874,0.13276014,0
2.5811529,0.41962996,0.62360114,0.85497022,0.50139874,0.13276014,0
1.1255271,1.4555166,-0.77727902,0.35912883,-0.38757634,-0.849006,0
-2.7386682,0.93154651,-1.475251,-0.37423584,0.77355283,-0.51143289,0
2.4499063,0.74946737,0.22311713,0.85497022,0.50139874,0.13276014,0
-1.635204,0.50980306,-1.513342,0.35912883,-0.38757634,-0.849006,0
-2.759531,0.067093134,-1.3130733,-0.85497022,-0.50139874,-0.13276014,0
1.1080472,-0.93183827,0.30516875,0.35912883,-0.38757634,-0.849006,0
-2.7953494,-0.040654063,-0.67547166,-0.85497022,-0.50139874,-0.13276014,0
-0.20446214,0.20028883,-0.76684445,0.35912883,-0.38757634,-0.849006,0
2.9008775,-0.31628799,1.3439474,0.85497022,0.50139874,0.13276014,0
0.029187828,2.3014598,-1.4285791,-0.37423584,0.77355283,-0.51143289,0
1.2071931,-1.8638145,1.1858175,0.37423584,-0.77355283,0.51143289,0
1.1449559,1.5396193,-0.80745399,0.35912883,-0.38757634,-0.849006,0
1.9919486,1.6600611,-0.266716,0.85497022,0.50139874,0.13276014,0
0.36816433,1.7357845,-1.2255868,0.35912883,-0.38757634,-0.849006,0
1.7022762,1.1192765,0.79802912,-0.35912883,0.38757634,0.849006,0
-1.0171033,2.1443439,-0.90060782,-0.37423584,0.77355283,-0.51143289,0
-1.2424395,-3.003978,1.2537904,0.37423584,-0.77355283,0.51143289,0
-2.743948,0.80256498,-1.6664745,-0.37423584,0.77355283,-0.51143289,0
0.16427398,-2.1719003,1.4829774,0.37423584,-0.77355283,0.51143289,0
-2.5111191,-0.085763097,-1.611974,0.35912883,-0.38757634,-0.849006,0
3.0196052,-0.64624822,1.7011974,0.37423584,-0.77355283,0.51143289,0
2.7325552,0.092398107,0.88444066,0.85497022,0.50139874,0.13276014,0
2.046906,-0.99365091,1.8875066,0.37423584,-0.77355283,0.51143289,0
-1.6419687,1.3867131,-1.5893004,-0.37423584,0.77355283,-0.51143289,0
0.70771271,0.84432387,-0.67500097,0.35912883,-0.38757634,-0.849006,0
-1.3610454,-2.7126081,0.17890501,-0.85497022,-0.50139874,-0.13276014,0
-1.5825534,1.7437929,-1.0926871,-0.37423584,0.77355283,-0.51143289,0
2.6443844,0.24528474,0.87484539,0.85497022,0.50139874,0.13276014,0
0.85700762,-2.0399089,1.1757157,0.37423584,-0.77355283,0.51143289,0
-0.33878559,0.095154226,-0.7756685,0.35912883,-0.38757634,-0.849006,0
1.8196623,1.8110592,0.27252269,0.85497022,0.50139874,0.13276014,0
-1.7263772,-2.0469069,0.017458797,-0.85497022,-0.50139874,-0.13276014,0
2.3259699,-0.86529809,0.78997302,0.35912883,-0.38757634,-0.849006,0
2.3238182,0.9180125,0.39857027,0.85497022,0.50139874,0.13276014,0
0.0071161687,-2.2481365,1.4826665,0.37423584,-0.77355283,0.51143289,0
0.5688346,-1.8652742,1.6507223,0.37423584,-0.77355283,0.51143289,0
-0.28200644,2.3764007,-1.0875163,-0.37423584,0.77355283,-0.51143289,0
-3.1540601,0.92426109,-1.1823113,-0.37423584,0.77355283,-0.51143289,0
-2.2905028,-1.114073,0.12734511,-0.85497022,-0.50139874,-0.13276014,0
-2.2170756,0.47149682,-1.741986,0.35912883,-0.38757634,-0.849006,0
2.6661668,0.012406826,1.6140834,0.85497022,0.50139874,0.13276014,0
-1.1145256,1.6520104,-1.5739839,-0.37423584,0.77355283,-0.51143289,0
-3.0118906,0.63983476,-1.7165433,-0.37423584,0.77355283,-0.51143289,0
-0.62747842,2.2533083,-1.0209,-0.37423584,0.77355283,-0.51143289,0
-2.1488647,-1.0873346,-0.88578057,-0.85497022,-0.50139874,-0.13276014,0
0.43126601,3.0122788,-0.64766765,-0.37423584,0.77355283,-0.51143289,0
1.85754,1.7757087,-0.6138078,0.35912883,-0.38757634,-0.849006,0
-1.7811457,1.3061395,-1.6093283,-0.37423584,0.77355283,-0.51143289,0
1.844478,1.97911,-0.5219723,0.85497022,0.50139874,0.13276014,0
-2.6028342,-0.11640584,-1.6291684,-0.85497022,-0.50139874,-0.13276014,0
1.4369755,2.7964087,-0.98438501,0.85497022,0.50139874,0.13276014,0
2.2785201,0.84072334,0.9821887,0.85497022,0.50139874,0.13276014,0
2.5237045,0.58271486,0.3776381,0.85497022,0.50139874,0.13276014,0
-2.9253781,0.43638325,-1.6397316,-0.85497022,-0.50139874,-0.13276014,0
0.95475864,2.8295665,-1.3070841,-0.37423584,0.77355283,-0.51143289,0
1.6523855,2.1735215,-0.019142032,0.85497022,0.50139874,0.13276014,0
0.44924197,0.92733181,-0.82222754,0.35912883,-0.38757634,-0.849006,0
1.2184435,3.1281071,-0.82977986,0.85497022,0.50139874,0.13276014,0
-2.8280034,0.076118112,-0.90619719,-0.85497022,-0.50139874,-0.13276014,0
-0.80359143,1.8260499,-1.538269,-0.37423584,0.77355283,-0.51143289,0
1.8293338,-1.4561989,1.3470991,0.37423584,-0.77355283,0.51143289,0
1.52933,2.3463686,0.12053418,0.85497022,0.50139874,0.13276014,0
-2.4363656,-0.75327778,-0.29592773,-0.85497022,-0.50139874,-0.13276014,0
2.7238212,0.19276837,0.5616163,0.85497022,0.50139874,0.13276014,0
2.8974476,-0.156712,0.76336062,0.85497022,0.50139874,0.13276014,0
-0.68519133,2.1117904,-1.1927183,-0.37423584,0.77355283,-0.51143289,0
-0.30452621,-2.4833357,0.4159193,0.35912883,-0.38757634,-0.849006,0
-0.68942279,2.0628507,-1.2636445,-0.37423584,0.77355283,-0.51143289,0
-0.3270928,2.1411977,-1.4102745,-0.37423584,0.77355283,-0.51143289,0
-1.7114589,-2.1663356,0.37243366,-0.85497022,-0.50139874,-0.13276014,0
-3.0032258,0.80886352,-1.050689,-0.35912883,0.38757634,0.849006,0
1.2459989,3.1302714,-1.0154097,0.85497022,0.50139874,0.13276014,0
2.7721281,-0.054164171,1.1831169,0.85497022,0.50139874,0.13276014,0
1.8295507,-0.6646955,1.6662598,-0.35912883,0.38757634,0.849006,0
-1.3636031,-2.7697086,1.2765098,-0.35912883,0.38757634,0.849006,0
-1.6795851,-0.75815457,-0.95328498,0.35912883,-0.38757634,-0.849006,0
2.8209169,-1.0171775,1.2855473,0.37423584,-0.77355283,0.51143289,0
0.51090431,-2.1059475,1.3290884,0.37423584,-0.77355283,0.51143289,0
1.3542693,3.0092554,-1.2556241,0.85497022,0.50139874,0.13276014,0
-2.3525598,1.1618658,-1.4094191,-0.37423584,0.77355283,-0.51143289,0
-1.9090508,1.3982257,-1.3764529,-0.37423584,0.77355283,-0.51143289,0
0.84465075,3.2546008,-0.58364034,-0.37423584,0.77355283,-0.51143289,0
1.9979367,1.4955602,0.31599528,0.85497022,0.50139874,0.13276014,0
-0.39321691,-0.72619426,0.75410563,-0.35912883,0.38757634,0.849006,0
0.75594813,0.061835229,0.88046139,-0.35912883,0.38757634,0.849006,0
-2.5755234,0.98746067,-1.5100594,-0.37423584,0.77355283,-0.51143289,0
-1.6375591,-1.8111682,-0.4548012,0.35912883,-0.38757634,-0.849006,0
-2.8364816,0.63943613,-1.8454995,-0.37423584,0.77355283,-0.51143289,0
0.085726485,0.67678267,-0.86161721,0.35912883,-0.38757634,-0.849006,0
1.5795567,2.526948,-0.88492274,0.85497022,0.50139874,0.13276014,0
-1.6051931,1.756261,-1.0572622,-0.37423584,0.77355283,-0.51143289,0
3.0250182,-0.45156926,1.0554051,0.85497022,0.50139874,0.13276014,0
2.1490941,1.176878,0.54612345,0.85497022,0.50139874,0.13276014,0
-2.9413342,0.55104113,-1.9024739,-0.37423584,0.77355283,-0.51143289,0
2.2163146,1.1760573,0.11632645,0.85497022,0.50139874,0.13276014,0
0.052292772,0.34075862,-0.72236264,0.35912883,-0.38757634,-0.849006,0
1.3047125,1.8039525,0.31730115,-0.35912883,0.38757634,0.849006,0
-2.610141,-0.41233122,-0.46448332,-0.85497022,-0.50139874,-0.13276014,0
-0.20679751,2.5175726,-0.92902422,-0.37423584,0.77355283,-0.51143289,0
-0.41265959,-2.0386271,1.345015,-0.35912883,0.38757634,0.849006,0
-2.1054132,1.2768617,-1.4163325,-0.37423584,0.77355283,-0.51143289,0
0.7669425,-0.16063118,0.98666918,-0.35912883,0.38757634,0.849006,0
-1.8912272,-0.56993735,-1.1287317,0.35912883,-0.38757634,-0.849006,0
-2.6049218,-0.4335922,-0.41779798,-0.85497022,-0.50139874,-0.13276014,0
0.023539066,-0.72225308,-0.24925417,0.35912883,-0.38757634,-0.849006,0
-2.3794336,0.82637143,-1.8971965,-0.37423584,0.77355283,-0.51143289,0
0.20853773,-2.5686412,0.85050917,0.37423584,-0.77355283,0.51143289,0
2.6611247,-1.2001748,1.1256864,0.37423584,-0.77355283,0.51143289,0
-2.52964,-0.53897822,-0.50459611,-0.85497022,-0.50139874,-0.13276014,0
-2.9992876,0.4497723,-1.2143232,-0.85497022,-0.50139874,-0.13276014,0
-0.5010938,-2.566287,1.3733346,0.37423584,-0.77355283,0.51143289,0
-1.4410022,0.29540491,-1.3333211,0.35912883,-0.38757634,-0.849006,0
0.63569558,-2.3367238,0.88872075,0.37423584,-0.77355283,0.51143289,0
-2.7734666,0.39155769,-1.9408466,0.35912883,-0.38757634,-0.849006,0
0.27251256,-0.67716891,-0.16451979,0.35912883,-0.38757634,-0.849006,0
0.68242693,-2.0926929,1.2236264,0.37423584,-0.77355283,0.51143289,0
-2.7964177,0.23778954,-0.7025106,-0.35912883,0.38757634,0.849006,0
-1.5312518,0.30733424,-0.19909406,-0.35912883,0.38757634,0.849006,0
-0.28696412,-2.896919,0.71656013,0.37423584,-0.77355283,0.51143289,0
-1.618629,-2.3847694,0.59957647,-0.85497022,-0.50139874,-0.13276014,0
-1.8971181,-1.7266834,-0.09237349,-0.85497022,-0.50139874,-0.13276014,0
-1.135462,-0.30897498,-0.92817467,0.35912883,-0.38757634,-0.849006,0
-0.36510134,-2.2481515,1.4607811,-0.35912883,0.38757634,0.849006,0
-1.1323915,-3.1817698,0.47827888,-0.85497022,-0.50139874,-0.13276014,0
-0.87734663,-0.72471648,-0.62920356,0.35912883,-0.38757634,-0.849006,0
-3.167973,0.70381176,-1.0874336,-0.85497022,-0.50139874,-0.13276014,0
-0.22720736,2.570219,-0.6805048,-0.35912883,0.38757634,0.849006,0
