3.0803678,2.6819277,-0.24276304,-0.31794059,0.61678672,0.72006071,0
-0.29657853,-2.5628142,2.7586784,-0.31794059,0.61678672,0.72006071,0
-1.5593945,-3.0847063,2.0168037,-0.41019005,-0.77419686,0.48204058,0
-0.22358763,-0.86690325,1.33823,-0.31794059,0.61678672,0.72006071,0
-1.610527,1.1290685,-1.9290893,-0.85478497,0.14210151,-0.49914855,0
-0.59149963,-3.0888696,2.8337436,-0.41019005,-0.77419686,0.48204058,0
-0.2946043,2.6072369,-3.0577648,0.31794059,-0.61678672,-0.72006071,0
0.62815511,-0.67220455,1.5475402,-0.31794059,0.61678672,0.72006071,0
-0.94180918,0.47258177,-1.5150411,0.31794059,-0.61678672,-0.72006071,0
3.5982943,2.8241014,-0.34951591,0.85478497,-0.14210151,0.49914855,0
-0.68048429,2.6165597,-3.098304,-0.85478497,0.14210151,-0.49914855,0
2.8236532,3.0143626,-1.053966,0.41019005,0.77419686,-0.48204058,0
1.1249545,-1.8463688,2.5564198,0.85478497,-0.14210151,0.49914855,0
-0.39693367,2.1088142,-2.6760111,0.31794059,-0.61678672,-0.72006071,0
-1.6440883,-3.2855146,1.6222196,-0.41019005,-0.77419686,0.48204058,0
3.5394869,2.0538087,-0.89077997,0.31794059,-0.61678672,-0.72006071,0
-3.6952012,-2.4450204,1.1571276,-0.31794059,0.61678672,0.72006071,0
3.0316751,1.4907417,0.24121928,0.85478497,-0.14210151,0.49914855,0
0.29135108,-3.1588652,3.4725821,-0.41019005,-0.77419686,0.48204058,0
-3.3339522,-2.6429455,1.2162564,-0.41019005,-0.77419686,0.48204058,0
3.393235,2.2928772,-0.14958787,0.85478497,-0.14210151,0.49914855,0
-0.21754086,1.0799624,-1.7155105,0.31794059,-0.61678672,-0.72006071,0
1.5339612,0.3033914,1.1118238,-0.31794059,0.61678672,0.72006071,0
-1.4397447,0.94184506,-2.1368628,0.31794059,-0.61678672,-0.72006071,0
1.705676,2.8718905,-2.2341256,0.41019005,0.77419686,-0.48204058,0
-1.0662491,-3.4301965,1.8815577,-0.41019005,-0.77419686,0.48204058,0
-1.1868708,-2.0046091,1.8874274,-0.31794059,0.61678672,0.72006071,0
0.28360483,1.9916492,-0.88638926,-0.31794059,0.61678672,0.72006071,0
-1.1285944,-3.0426722,2.4509015,-0.41019005,-0.77419686,0.48204058,0
1.3585296,3.3543415,-1.7546716,0.41019005,0.77419686,-0.48204058,0
-0.51702201,0.48577952,-1.3387824,0.31794059,-0.61678672,-0.72006071,0
3.1750321,2.1778533,0.19133615,0.85478497,-0.14210151,0.49914855,0
-2.2191129,-2.8728316,1.7957082,-0.41019005,-0.77419686,0.48204058,0
-1.1186931,1.524193,-2.4939289,0.31794059,-0.61678672,-0.72006071,0
1.7118969,2.9312119,-2.1335578,0.41019005,0.77419686,-0.48204058,0
-0.61073601,2.6100984,-1.8110316,-0.31794059,0.61678672,0.72006071,0
-0.66528678,-3.3306344,2.3826594,-0.41019005,-0.77419686,0.48204058,0
-0.10224169,2.1608577,-1.2016984,-0.31794059,0.61678672,0.72006071,0
-2.4712038,-0.070332885,-0.79664707,-0.85478497,0.14210151,-0.49914855,0
3.2139895,2.2807524,0.15391636,0.85478497,-0.14210151,0.49914855,0
-3.1988671,-2.1012073,-0.12869787,-0.85478497,0.14210151,-0.49914855,0
-3.3040903,-2.2540991,0.0079686642,-0.85478497,0.14210151,-0.49914855,0
-2.2855239,0.56188875,-0.93463588,-0.85478497,0.14210151,-0.49914855,0
-2.0010836,0.21688747,-1.5199535,-0.85478497,0.14210151,-0.49914855,0
0.075029492,3.0786843,-3.2895894,0.41019005,0.77419686,-0.48204058,0
0.20865357,3.1357679,-3.0842013,0.41019005,0.77419686,-0.48204058,0
3.4138947,1.7609919,-0.33638859,0.85478497,-0.14210151,0.49914855,0
-1.4929284,-3.3092227,1.71277,-0.41019005,-0.77419686,0.48204058,0
3.2311716,1.7364798,-0.030456543,0.85478497,-0.14210151,0.49914855,0
-2.6833162,-2.7366586,1.619401,-0.41019005,-0.77419686,0.48204058,0
-0.021154761,-3.1068244,3.2902381,-0.41019005,-0.77419686,0.48204058,0
1.020648,-2.8920584,2.4373477,0.85478497,-0.14210151,0.49914855,0
0.69047713,2.9873621,-2.9125476,0.41019005,0.77419686,-0.48204058,0
-2.9995854,-1.2319119,0.42515445,-0.31794059,0.61678672,0.72006071,0
2.2491403,2.8819013,-1.7555892,0.41019005,0.77419686,-0.48204058,0
-0.40099034,-0.64019394,-0.32306668,0.31794059,-0.61678672,-0.72006071,0
-0.39662647,3.5457208,-2.9408431,0.41019005,0.77419686,-0.48204058,0
-2.811867,-1.8006606,-0.39355373,0.31794059,-0.61678672,-0.72006071,0
-0.42736131,-3.1704559,2.8423817,-0.41019005,-0.77419686,0.48204058,0
-3.9063771,-2.3942871,0.99946666,-0.85478497,0.14210151,-0.49914855,0
-0.43661785,3.6795058,-2.7600036,0.41019005,0.77419686,-0.48204058,0
0.69261158,3.0106049,-2.8734019,0.41019005,0.77419686,-0.48204058,0
-0.21347353,-1.5265691,0.51897883,0.31794059,-0.61678672,-0.72006071,0
1.1032438,3.1154873,-2.3555262,0.41019005,0.77419686,-0.48204058,0
2.573071,2.6609859,-1.8347502,0.41019005,0.77419686,-0.48204058,0
-2.5448604,0.16210634,-0.56814623,-0.31794059,0.61678672,0.72006071,0
-0.41422531,0.062910438,0.45759815,-0.31794059,0.61678672,0.72006071,0
-2.272862,0.47388971,-0.98137164,-0.85478497,0.14210151,-0.49914855,0
-1.3431455,-1.4789171,-0.0206424,0.31794059,-0.61678672,-0.72006071,0
1.3488195,-1.6627295,2.225333,0.85478497,-0.14210151,0.49914855,0
3.0524831,2.760262,-1.2673512,0.41019005,0.77419686,-0.48204058,0
3.5236645,2.8206553,-0.76940489,0.41019005,0.77419686,-0.48204058,0
-3.2749331,-2.1581609,-0.014650345,-0.85478497,0.14210151,-0.49914855,0
2.1074495,-0.43587804,1.2754599,0.85478497,-0.14210151,0.49914855,0
1.0460801,-2.678977,2.0622563,0.31794059,-0.61678672,-0.72006071,0
-3.284075,-1.5172,0.18347907,-0.85478497,0.14210151,-0.49914855,0
3.5474403,2.8626077,-0.6817944,0.41019005,0.77419686,-0.48204058,0
-0.049035907,-3.3867273,2.8169656,-0.41019005,-0.77419686,0.48204058,0
2.8533518,1.5887663,0.57450318,0.85478497,-0.14210151,0.49914855,0
1.2886791,-1.0796847,0.79945922,0.31794059,-0.61678672,-0.72006071,0
2.5085201,2.8004339,-1.665715,0.41019005,0.77419686,-0.48204058,0
1.0867908,-2.3908272,2.4667737,0.85478497,-0.14210151,0.49914855,0
-2.4816468,-0.54255241,-0.91319877,-0.85478497,0.14210151,-0.49914855,0
1.3041142,3.3528335,-1.8033984,0.41019005,0.77419686,-0.48204058,0
2.8989773,1.9271884,0.32363629,-0.31794059,0.61678672,0.72006071,0
-1.9530525,0.70321447,-1.4637548,-0.85478497,0.14210151,-0.49914855,0
-0.33937716,0.42701834,0.17876089,-0.31794059,0.61678672,0.72006071,0
-2.6353047,-0.1570293,-0.54030806,-0.85478497,0.14210151,-0.49914855,0
0.77372003,-1.2957783,0.75718105,0.31794059,-0.61678672,-0.72006071,0
-3.2588699,-1.2430447,0.21836424,-0.85478497,0.14210151,-0.49914855,0
-2.2632065,-2.7776492,1.9110575,-0.41019005,-0.77419686,0.48204058,0
0.23200297,3.2398999,-2.8970876,0.41019005,0.77419686,-0.48204058,0
2.5811784,0.48235399,0.72561413,0.85478497,-0.14210151,0.49914855,0
3.7582176,2.5095778,-1.0694294,0.41019005,0.77419686,-0.48204058,0
3.5705752,2.5256236,-1.2033319,0.41019005,0.77419686,-0.48204058,0
-3.6131723,-2.7368777,0.82779241,-0.41019005,-0.77419686,0.48204058,0
-2.4660721,-2.6475952,1.8733666,-0.31794059,0.61678672,0.72006071,0
-0.89915013,2.430407,-2.7768378,-0.85478497,0.14210151,-0.49914855,0
2.400455,3.0275106,-1.3929679,0.41019005,0.77419686,-0.48204058,0
-2.1572742,0.74349695,-1.1025597,-0.85478497,0.14210151,-0.49914855,0
-2.073662,-2.7932787,2.0472469,-0.41019005,-0.77419686,0.48204058,0
-3.4682279,-2.4759076,0.22590637,-0.85478497,0.14210151,-0.49914855,0
2.4491336,-0.10317904,0.78504455,0.85478497,-0.14210151,0.49914855,0
1.9848807,3.0580199,-1.6975987,0.41019005,0.77419686,-0.48204058,0
1.8821838,-0.47382227,1.6504214,0.85478497,-0.14210151,0.49914855,0
2.0127082,-0.19044185,1.5075752,0.85478497,-0.14210151,0.49914855,0
3.2620814,1.6645112,-0.10387778,0.85478497,-0.14210151,0.49914855,0
-1.0263927,-2.6720018,1.1411872,0.31794059,-0.61678672,-0.72006071,0
3.6649463,2.9324508,-0.46962881,0.41019005,0.77419686,-0.48204058,0
1.8351139,1.0272198,0.62478256,-0.31794059,0.61678672,0.72006071,0
0.17603374,-2.5432827,2.9506288,-0.31794059,0.61678672,0.72006071,0
1.4525871,-1.246123,2.1662357,0.85478497,-0.14210151,0.49914855,0
-1.7151052,0.87925029,-0.81605875,-0.31794059,0.61678672,0.72006071,0
-3.4843597,-1.6371758,0.55824327,-0.31794059,0.61678672,0.72006071,0
3.6238406,3.0079165,-0.38340425,0.41019005,0.77419686,-0.48204058,0
3.1202252,0.94203055,-0.066631913,0.85478497,-0.14210151,0.49914855,0
1.0081546,-2.311743,2.6239514,0.85478497,-0.14210151,0.49914855,0
-2.7700291,-2.8051443,1.4356198,-0.41019005,-0.77419686,0.48204058,0
-1.6118851,1.6047151,-1.7913529,-0.85478497,0.14210151,-0.49914855,0
-2.134619,0.6959697,-1.1548872,-0.85478497,0.14210151,-0.49914855,0
-2.3430324,-0.19416177,-1.0513912,-0.85478497,0.14210151,-0.49914855,0
3.302408,2.6817214,-1.1808217,0.41019005,0.77419686,-0.48204058,0
-2.5970509,-0.58397055,-0.72736168,-0.85478497,0.14210151,-0.49914855,0
1.6540921,-1.1676112,1.8435125,0.85478497,-0.14210151,0.49914855,0
-1.6827151,-0.40538645,0.29863232,-0.31794059,0.61678672,0.72006071,0
-2.1331854,-3.0727272,1.5477781,-0.41019005,-0.77419686,0.48204058,0
0.61915278,-3.7315965,2.8316698,-0.41019005,-0.77419686,0.48204058,0
-1.0762371,-0.95429736,1.0366049,-0.31794059,0.61678672,0.72006071,0
-3.5397034,-3.0617304,0.36857057,-0.41019005,-0.77419686,0.48204058,0
0.6292755,1.491823,-1.6943913,0.31794059,-0.61678672,-0.72006071,0
1.450635,2.9292448,-2.3590364,0.41019005,0.77419686,-0.48204058,0
-1.539562,-2.7148676,2.3400884,-0.31794059,0.61678672,0.72006071,0
2.1158071,-0.90928936,1.0187182,0.31794059,-0.61678672,-0.72006071,0
0.69080067,-3.4935803,2.6031535,0.31794059,-0.61678672,-0.72006071,0
-0.026724339,3.2579024,-3.0883369,0.41019005,0.77419686,-0.48204058,0
2.8139148,0.48291171,0.32721531,0.85478497,-0.14210151,0.49914855,0
2.2584455,1.0244244,0.81409776,-0.31794059,0.61678672,0.72006071,0
0.62927818,-2.9979889,2.1514764,0.31794059,-0.61678672,-0.72006071,0
-0.79005331,-2.6362016,1.2148769,0.31794059,-0.61678672,-0.72006071,0
2.1005437,0.057033822,1.4276109,0.85478497,-0.14210151,0.49914855,0
2.4370303,2.9528632,-0.75890398,-0.31794059,0.61678672,0.72006071,0
-2.0988955,0.65794551,-0.79595608,-0.31794059,0.61678672,0.72006071,0
1.9972619,3.0337253,-1.7260823,0.41019005,0.77419686,-0.48204058,0
-0.036230624,-0.4745751,-0.3038733,0.31794059,-0.61678672,-0.72006071,0
2.2767725,0.19062251,1.1638522,0.85478497,-0.14210151,0.49914855,0
2.8558741,0.81059802,0.34864855,0.85478497,-0.14210151,0.49914855,0
0.96215701,3.2897477,-2.1957064,0.41019005,0.77419686,-0.48204058,0
-0.41863346,0.68641061,-0.078423768,-0.31794059,0.61678672,0.72006071,0
-0.090669096,-2.8895841,1.7407289,0.31794059,-0.61678672,-0.72006071,0
-3.2478776,-3.0703318,0.50149751,0.31794059,-0.61678672,-0.72006071,0
-0.56726837,2.1491003,-1.3969584,-0.31794059,0.61678672,0.72006071,0
1.4141533,3.3070707,-1.7832601,0.41019005,0.77419686,-0.48204058,0
0.88175225,-1.1766021,0.70279884,0.31794059,-0.61678672,-0.72006071,0
-0.93544579,2.6206234,-2.6605296,-0.85478497,0.14210151,-0.49914855,0
-0.45123518,0.45142955,-1.2803111,0.31794059,-0.61678672,-0.72006071,0
1.0090852,2.5202825,-2.4076414,0.31794059,-0.61678672,-0.72006071,0
-2.693903,-1.170332,-0.72843313,-0.85478497,0.14210151,-0.49914855,0
-1.5098059,1.5701491,-1.9760028,-0.85478497,0.14210151,-0.49914855,0
-3.5275385,-2.8203444,0.76660776,-0.41019005,-0.77419686,0.48204058,0
-2.1518624,0.58607233,-1.1566446,-0.85478497,0.14210151,-0.49914855,0
2.5821562,0.76168168,-0.20668077,0.31794059,-0.61678672,-0.72006071,0
1.2597754,-2.5682297,2.1200352,0.85478497,-0.14210151,0.49914855,0
2.3069215,3.2356689,-1.1382403,0.41019005,0.77419686,-0.48204058,0
-2.4361489,0.19078243,-0.78234172,-0.85478497,0.14210151,-0.49914855,0
0.63190937,1.1151818,-1.3706064,0.31794059,-0.61678672,-0.72006071,0
0.73337889,-2.8642263,2.9372163,0.85478497,-0.14210151,0.49914855,0
-1.1870235,-1.5857232,1.5285523,-0.31794059,0.61678672,0.72006071,0
3.010061,0.70416349,0.0543046,0.85478497,-0.14210151,0.49914855,0
-3.4894006,-2.6356034,1.0957706,-0.41019005,-0.77419686,0.48204058,0
-0.87144947,-0.23393658,-0.87878704,0.31794059,-0.61678672,-0.72006071,0
-0.39757377,-0.99230063,-0.01995188,0.31794059,-0.61678672,-0.72006071,0
-2.348572,-0.1541326,-1.0305088,-0.85478497,0.14210151,-0.49914855,0
0.34005415,3.0962183,-3.0359068,0.41019005,0.77419686,-0.48204058,0
-0.61922693,2.9929199,-3.0960622,-0.85478497,0.14210151,-0.49914855,0
1.8114877,-1.1813812,1.5700543,0.85478497,-0.14210151,0.49914855,0
3.6362536,3.0051212,-0.362988,0.85478497,-0.14210151,0.49914855,0
-0.23529506,0.27975351,0.35086158,-0.31794059,0.61678672,0.72006071,0
-2.049273,0.31410334,-1.4097534,-0.85478497,0.14210151,-0.49914855,0
3.1785469,2.8964219,-0.94139385,0.41019005,0.77419686,-0.48204058,0
2.4932017,2.3472402,-0.21533895,-0.31794059,0.61678672,0.72006071,0
0.94818944,3.1139143,-2.4899952,0.41019005,0.77419686,-0.48204058,0
0.74560332,1.7472078,-0.47301209,-0.31794059,0.61678672,0.72006071,0
3.3267949,3.0436952,-0.57870984,0.41019005,0.77419686,-0.48204058,0
1.2823164,-2.2591646,2.1694214,0.85478497,-0.14210151,0.49914855,0
-3.6278703,-2.7425749,0.80613518,-0.41019005,-0.77419686,0.48204058,0
-0.066119537,0.14714029,0.53915393,-0.31794059,0.61678672,0.72006071,0
-3.4046323,-2.5412092,1.3195086,-0.41019005,-0.77419686,0.48204058,0
1.3386486,-1.3764169,2.3242605,0.85478497,-0.14210151,0.49914855,0
-3.2112634,-1.7996868,-0.021631002,-0.85478497,0.14210151,-0.49914855,0
-1.0946565,-2.9021719,2.6969752,-0.31794059,0.61678672,0.72006071,0
1.590081,-1.485527,1.8626237,0.85478497,-0.14210151,0.49914855,0
-1.5018153,-2.9190562,2.3318486,-0.41019005,-0.77419686,0.48204058,0
3.1768324,1.1515248,-0.10393119,0.85478497,-0.14210151,0.49914855,0
3.0997992,2.595716,-1.4913623,0.41019005,0.77419686,-0.48204058,0
0.77913809,-2.9987817,2.8205476,0.85478497,-0.14210151,0.49914855,0
2.542429,0.34181398,0.75196254,0.85478497,-0.14210151,0.49914855,0
0.42947584,1.8281643,-0.68194294,-0.31794059,0.61678672,0.72006071,0
-1.8257937,1.4982986,-1.4553326,-0.85478497,0.14210151,-0.49914855,0
3.7986972,2.4755173,-1.0896881,0.41019005,0.77419686,-0.48204058,0
-1.5098264,1.6385545,-1.9564936,-0.85478497,0.14210151,-0.49914855,0
-3.3937831,-3.0205333,0.55890584,-0.41019005,-0.77419686,0.48204058,0
1.9928005,1.146492,0.59224284,-0.31794059,0.61678672,0.72006071,0
0.44498214,2.2486491,-1.0352736,-0.31794059,0.61678672,0.72006071,0
2.0301518,0.12243098,0.097150266,0.31794059,-0.61678672,-0.72006071,0
1.8463558,2.8053007,-2.221364,0.41019005,0.77419686,-0.48204058,0
-2.2465398,0.41294226,-1.043799,-0.85478497,0.14210151,-0.49914855,0
1.1743371,2.4951231,-2.3131239,0.31794059,-0.61678672,-0.72006071,0
-0.42730689,3.6648929,-2.7755499,0.41019005,0.77419686,-0.48204058,0
0.32736659,-3.2164311,3.4107738,-0.41019005,-0.77419686,0.48204058,0
-2.0648637,0.28765982,-0.46375138,-0.31794059,0.61678672,0.72006071,0
-2.0035772,0.23912969,-1.509351,-0.85478497,0.14210151,-0.49914855,0
2.2280622,2.9306805,-1.6951823,0.41019005,0.77419686,-0.48204058,0
2.9480429,1.6808378,0.43855691,0.85478497,-0.14210151,0.49914855,0
3.6586883,2.8406575,-0.62238193,0.41019005,0.77419686,-0.48204058,0
-3.0370569,-1.539187,0.67181349,-0.31794059,0.61678672,0.72006071,0
3.4281988,1.8145975,-0.34562349,0.85478497,-0.14210151,0.49914855,0
-2.756757,-1.3167586,-0.66248322,-0.85478497,0.14210151,-0.49914855,0
1.4932678,-1.4068174,2.0508223,0.85478497,-0.14210151,0.49914855,0
3.0715907,2.7488,-1.2695003,0.41019005,0.77419686,-0.48204058,0
1.9458001,-1.2749221,1.3134162,0.85478497,-0.14210151,0.49914855,0
2.4376166,-0.047427237,0.42256171,0.31794059,-0.61678672,-0.72006071,0
0.57659292,-3.6214359,2.9723802,-0.41019005,-0.77419686,0.48204058,0
0.88283753,-2.4623322,2.7956839,0.85478497,-0.14210151,0.49914855,0
-2.6663246,-3.1399491,0.98614216,-0.41019005,-0.77419686,0.48204058,0
1.1344476,3.0189633,-2.4839993,0.41019005,0.77419686,-0.48204058,0
1.7805523,3.0696719,-1.852757,0.41019005,0.77419686,-0.48204058,0
-0.89392912,0.40862507,-1.439116,0.31794059,-0.61678672,-0.72006071,0
-0.29927081,-3.4807105,2.4530845,-0.41019005,-0.77419686,0.48204058,0
-2.2597835,-3.0405331,0.91226244,0.31794059,-0.61678672,-0.72006071,0
-0.55956864,-3.0486634,1.6699514,0.31794059,-0.61678672,-0.72006071,0
-1.6037509,-3.3646536,1.5294399,-0.41019005,-0.77419686,0.48204058,0
0.51223373,-3.0543673,3.2617929,0.85478497,-0.14210151,0.49914855,0
1.597519,3.2437053,-1.7289958,0.41019005,0.77419686,-0.48204058,0
-3.9212899,-2.4471858,1.0308709,-0.41019005,-0.77419686,0.48204058,0
-3.143203,-2.9373598,0.90571976,-0.41019005,-0.77419686,0.48204058,0
1.0627573,2.0482817,-1.9796381,0.31794059,-0.61678672,-0.72006071,0
-1.2167096,-2.4547348,2.2598193,-0.31794059,0.61678672,0.72006071,0
-0.81434584,2.2674832,-2.9684463,-0.85478497,0.14210151,-0.49914855,0
0.15474033,-2.6818628,1.6711597,0.31794059,-0.61678672,-0.72006071,0
-0.35427463,-3.1384344,2.9560032,-0.41019005,-0.77419686,0.48204058,0
-2.7889655,-1.1488994,-0.55953944,-0.85478497,0.14210151,-0.49914855,0
-3.4536724,-2.3470068,0.2376771,-0.85478497,0.14210151,-0.49914855,0
2.0025241,3.0872769,-1.635596,0.41019005,0.77419686,-0.48204058,0
3.746659,2.7985058,-0.61522245,0.41019005,0.77419686,-0.48204058,0
0.71428299,1.7025328,-0.44857407,-0.31794059,0.61678672,0.72006071,0
-2.2719817,-1.6703041,1.1219422,-0.31794059,0.61678672,0.72006071,0
2.9278302,1.1451122,0.32065701,0.85478497,-0.14210151,0.49914855,0
-2.4848092,-2.808933,1.6722412,-0.41019005,-0.77419686,0.48204058,0
-2.2818949,-2.9726493,1.5819676,-0.41019005,-0.77419686,0.48204058,0
-1.9469855,-3.127732,1.6178823,-0.41019005,-0.77419686,0.48204058,0
2.5451446,0.4862836,0.78844035,0.85478497,-0.14210151,0.49914855,0
3.54427,2.5872021,-0.32444286,0.85478497,-0.14210151,0.49914855,0
3.5342026,2.8062527,-0.78356934,0.41019005,0.77419686,-0.48204058,0
-2.1261089,0.86850941,-1.1203407,-0.85478497,0.14210151,-0.49914855,0
0.22008801,-3.2063503,2.1492772,0.31794059,-0.61678672,-0.72006071,0
-2.5332935,-0.85340011,-0.91324794,-0.85478497,0.14210151,-0.49914855,0
0.0098010302,2.6313086,-1.5552037,-0.31794059,0.61678672,0.72006071,0
-1.3003048,-1.720181,1.5937065,-0.31794059,0.61678672,0.72006071,0
0.47546107,-0.20510119,-0.30876249,0.31794059,-0.61678672,-0.72006071,0
-0.77814031,3.2540474,-2.7495849,-0.85478497,0.14210151,-0.49914855,0
1.4309899,-0.52564639,0.38771984,0.31794059,-0.61678672,-0.72006071,0
-2.4157054,-1.670229,-0.33035469,0.31794059,-0.61678672,-0.72006071,0
-3.1806049,-1.6313252,-0.026201963,-0.85478497,0.14210151,-0.49914855,0
-1.6771073,-3.3244526,1.531584,-0.41019005,-0.77419686,0.48204058,0
-0.57917476,2.7198648,-3.2423866,-0.85478497,0.14210151,-0.49914855,0
-3.5557802,-2.5395339,0.35772443,-0.85478497,0.14210151,-0.49914855,0
0.73213136,-1.6032245,1.0021688,0.31794059,-0.61678672,-0.72006071,0
0.23342562,-3.2348392,3.3012702,-0.41019005,-0.77419686,0.48204058,0
1.4805826,-1.4447424,1.1968933,0.31794059,-0.61678672,-0.72006071,0
0.98365688,-2.6572967,2.5675285,0.85478497,-0.14210151,0.49914855,0
-0.61925602,2.8976645,-3.1231298,-0.85478497,0.14210151,-0.49914855,0
-0.48584059,-3.3122349,1.9282752,0.31794059,-0.61678672,-0.72006071,0
-1.9366796,0.2751416,-1.6136599,-0.85478497,0.14210151,-0.49914855,0
-3.5625584,-2.5036707,1.2454123,-0.41019005,-0.77419686,0.48204058,0
-1.092896,-3.4629359,1.8063006,-0.41019005,-0.77419686,0.48204058,0
-2.5764523,-0.87720954,-0.84611845,-0.85478497,0.14210151,-0.49914855,0
0.0070536137,3.1454909,-3.2401364,0.41019005,0.77419686,-0.48204058,0
3.3032069,2.5757656,-1.3503153,0.41019005,0.77419686,-0.48204058,0
-0.65647149,3.5095999,-2.8851888,-0.85478497,0.14210151,-0.49914855,0
-1.2785023,-0.89918506,-0.488684,0.31794059,-0.61678672,-0.72006071,0
-0.98743963,-3.1421471,2.4112511,-0.41019005,-0.77419686,0.48204058,0
1.9701035,2.9381239,-1.9027359,0.41019005,0.77419686,-0.48204058,0
-0.76707119,-3.2762878,2.3833313,-0.41019005,-0.77419686,0.48204058,0
-3.7128785,-2.7378237,0.74142885,-0.41019005,-0.77419686,0.48204058,0
1.4197339,2.917882,-2.4035809,0.41019005,0.77419686,-0.48204058,0
-0.49805844,-3.4071825,2.4020193,-0.41019005,-0.77419686,0.48204058,0
-2.4312954,-0.64627373,-1.0289528,-0.85478497,0.14210151,-0.49914855,0
-3.1253669,-1.0995839,0.030583382,-0.85478497,0.14210151,-0.49914855,0
-2.3544111,-2.5116682,1.8062382,-0.31794059,0.61678672,0.72006071,0
1.520813,-1.8529685,1.8766383,0.85478497,-0.14210151,0.49914855,0
3.6860411,2.251049,-0.66292191,0.85478497,-0.14210151,0.49914855,0
-2.0052111,0.22698259,-1.5100114,-0.85478497,0.14210151,-0.49914855,0
-2.9866326,-1.63818,-0.36032915,-0.85478497,0.14210151,-0.49914855,0
1.1799233,-1.9258364,2.4396625,0.85478497,-0.14210151,0.49914855,0
-0.98890781,1.4367607,-0.97295892,-0.31794059,0.61678672,0.72006071,0
1.7386954,-0.85815692,1.7867284,0.85478497,-0.14210151,0.49914855,0
1.8439348,3.0810168,-1.7806015,0.41019005,0.77419686,-0.48204058,0
1.6828564,3.0161524,-2.0218475,0.41019005,0.77419686,-0.48204058,0
1.6418762,3.2198875,-1.7295041,0.41019005,0.77419686,-0.48204058,0
1.3508222,3.0461657,-1.3184366,-0.31794059,0.61678672,0.72006071,0
0.97282672,-2.0829499,2.7495847,0.85478497,-0.14210151,0.49914855,0
-2.6721382,-0.20328715,-0.49039912,-0.85478497,0.14210151,-0.49914855,0
-1.3880366,0.86699241,-0.661143,-0.31794059,0.61678672,0.72006071,0
1.0885931,-2.1726537,1.6473229,0.31794059,-0.61678672,-0.72006071,0
-1.4154989,-0.45588288,-0.92889655,0.31794059,-0.61678672,-0.72006071,0
2.018012,2.833158,-2.0305526,0.41019005,0.77419686,-0.48204058,0
-2.8488441,-2.7867537,1.3980894,-0.41019005,-0.77419686,0.48204058,0
1.2031348,-2.389725,2.2678499,0.85478497,-0.14210151,0.49914855,0
-1.4820447,-3.0045784,2.2113163,-0.41019005,-0.77419686,0.48204058,0
1.1147895,-1.8507876,2.5725689,0.85478497,-0.14210151,0.49914855,0
1.5328497,2.8941565,-2.3454309,0.41019005,0.77419686,-0.48204058,0
3.5467803,3.0505853,-0.3804481,0.41019005,0.77419686,-0.48204058,0
-3.0010183,-2.1281888,-0.19652033,0.31794059,-0.61678672,-0.72006071,0
0.8561669,2.981524,-2.7809315,0.41019005,0.77419686,-0.48204058,0
0.4566921,-2.0928664,1.2999654,0.31794059,-0.61678672,-0.72006071,0
3.0091629,1.7747858,0.36063647,0.85478497,-0.14210151,0.49914855,0
-1.9962602,-2.5127351,1.9652926,-0.31794059,0.61678672,0.72006071,0
-0.82966346,-0.84322655,1.0503383,-0.31794059,0.61678672,0.72006071,0
-1.0706615,2.8753047,-2.3564706,-0.85478497,0.14210151,-0.49914855,0
-1.2871771,1.9905221,-1.5789977,-0.31794059,0.61678672,0.72006071,0
-2.9969971,-3.0588696,0.83497834,-0.41019005,-0.77419686,0.48204058,0
1.4648829,2.9281421,-2.3486826,0.41019005,0.77419686,-0.48204058,0
1.2101688,-2.6150641,2.1916533,0.85478497,-0.14210151,0.49914855,0
-1.2245605,0.22225732,-0.036695629,-0.31794059,0.61678672,0.72006071,0
-0.079559803,-1.5360785,1.9750247,-0.31794059,0.61678672,0.72006071,0
2.2428498,2.7857122,-1.9154301,0.41019005,0.77419686,-0.48204058,0
0.62176841,0.53041333,0.51458615,-0.31794059,0.61678672,0.72006071,0
-2.2447813,-2.4503198,1.8020955,-0.31794059,0.61678672,0.72006071,0
3.7032075,2.3365204,-0.66798782,0.85478497,-0.14210151,0.49914855,0
0.34270072,-3.5603046,2.5066056,0.31794059,-0.61678672,-0.72006071,0
0.22116041,-2.4757817,1.5239632,0.31794059,-0.61678672,-0.72006071,0
2.4368947,0.47792095,0.97143632,0.85478497,-0.14210151,0.49914855,0
1.4704554,0.77483022,-0.70881188,0.31794059,-0.61678672,-0.72006071,0
-0.66170549,3.4435694,-2.8950241,-0.85478497,0.14210151,-0.49914855,0
3.3086095,2.9328604,-0.77219367,0.41019005,0.77419686,-0.48204058,0
-1.2924547,-1.3204024,-0.1340394,0.31794059,-0.61678672,-0.72006071,0
-1.7623999,-2.8190646,2.2707,-0.41019005,-0.77419686,0.48204058,0
2.7395515,2.8139668,-1.4473846,0.41019005,0.77419686,-0.48204058,0
-2.551106,-2.8861566,1.4917986,-0.41019005,-0.77419686,0.48204058,0
-2.1543756,0.57928467,-1.1542729,-0.85478497,0.14210151,-0.49914855,0
0.91449058,-1.947217,1.3773451,0.31794059,-0.61678672,-0.72006071,0
0.0075161457,3.6474123,-2.4336147,0.41019005,0.77419686,-0.48204058,0
2.0589778,3.1138484,-1.5448809,0.41019005,0.77419686,-0.48204058,0
1.9019835,-1.1141763,1.4342134,0.85478497,-0.14210151,0.49914855,0
0.98894984,3.0971358,-2.4822586,0.41019005,0.77419686,-0.48204058,0
0.86543655,0.89058,0.31366688,-0.31794059,0.61678672,0.72006071,0
-3.2263069,-3.049094,0.65554857,-0.41019005,-0.77419686,0.48204058,0
-0.36868882,2.2124584,-2.7523186,0.31794059,-0.61678672,-0.72006071,0
0.20003855,3.14223,-3.0811536,0.41019005,0.77419686,-0.48204058,0
3.4583712,1.6903974,-0.43265104,0.85478497,-0.14210151,0.49914855,0
-3.2150578,-2.7131732,1.2046378,-0.41019005,-0.77419686,0.48204058,0
0.85552132,3.4364545,-2.0508246,0.41019005,0.77419686,-0.48204058,0
0.16254652,3.3313143,-2.8093719,0.41019005,0.77419686,-0.48204058,0
1.5443497,0.95000422,-0.82623398,0.31794059,-0.61678672,-0.72006071,0
0.20193183,3.0845525,-3.1721773,0.41019005,0.77419686,-0.48204058,0
-0.30176264,1.7345676,-0.9246462,-0.31794059,0.61678672,0.72006071,0
-1.2187169,2.4503312,-2.2239118,-0.85478497,0.14210151,-0.49914855,0
-0.71703529,2.7246113,-3.0049508,-0.85478497,0.14210151,-0.49914855,0
0.79916692,-3.471133,2.6517758,0.85478497,-0.14210151,0.49914855,0
1.2700313,2.976155,-2.4373779,0.41019005,0.77419686,-0.48204058,0
-2.6425617,-0.86773551,-0.73020911,-0.85478497,0.14210151,-0.49914855,0
-1.9311112,-2.9535592,1.9111264,-0.41019005,-0.77419686,0.48204058,0
-1.1168239,2.4083774,-2.4103456,-0.85478497,0.14210151,-0.49914855,0
1.3016447,3.13939,-2.1483083,0.41019005,0.77419686,-0.48204058,0
1.0873139,0.24998447,-0.42841634,0.31794059,-0.61678672,-0.72006071,0
3.5983756,1.991307,-0.58674216,0.85478497,-0.14210151,0.49914855,0
0.71472812,3.3691733,-2.2786913,0.41019005,0.77419686,-0.48204058,0
3.612273,2.4942715,-0.46735454,0.85478497,-0.14210151,0.49914855,0
-1.0678995,-2.9274473,2.6876106,-0.41019005,-0.77419686,0.48204058,0
1.5761247,-1.4984103,1.2850502,0.31794059,-0.61678672,-0.72006071,0
-3.4851587,-2.7126017,0.97571445,-0.41019005,-0.77419686,0.48204058,0
3.6251211,2.5312586,-1.1478658,0.41019005,0.77419686,-0.48204058,0
1.1326765,1.3544538,0.034322619,-0.31794059,0.61678672,0.72006071,0
0.040436149,-3.5985057,2.5529668,-0.41019005,-0.77419686,0.48204058,0
-1.4353898,2.0328195,-1.971723,-0.85478497,0.14210151,-0.49914855,0
-0.61103958,-3.0403759,2.8950005,-0.41019005,-0.77419686,0.48204058,0
1.5626127,2.9420319,-2.2432122,0.41019005,0.77419686,-0.48204058,0
2.8316519,1.5118543,0.58976769,0.85478497,-0.14210151,0.49914855,0
-2.2062066,-3.0451381,1.529952,-0.41019005,-0.77419686,0.48204058,0
0.73493075,-0.74850237,1.6600416,-0.31794059,0.61678672,0.72006071,0
-2.3019454,-0.029198915,-1.0747894,-0.85478497,0.14210151,-0.49914855,0
-2.064079,-3.0957119,1.5696685,-0.41019005,-0.77419686,0.48204058,0
0.76845098,-3.5319643,2.6870584,0.85478497,-0.14210151,0.49914855,0
0.95332897,2.8173268,-1.2979302,-0.31794059,0.61678672,0.72006071,0
1.0255345,3.3063006,-2.1151903,0.41019005,0.77419686,-0.48204058,0
1.8844612,-0.35382229,1.6806841,0.85478497,-0.14210151,0.49914855,0
0.7718749,3.4784789,-2.0545082,0.41019005,0.77419686,-0.48204058,0
1.4061944,3.3487022,-1.7231691,0.41019005,0.77419686,-0.48204058,0
2.0362475,2.8842354,-1.9330008,0.41019005,0.77419686,-0.48204058,0
0.62262034,-3.0402849,3.0767665,0.85478497,-0.14210151,0.49914855,0
-2.0230045,0.56617969,-0.683842,-0.31794059,0.61678672,0.72006071,0
-3.323524,-2.6004453,1.2933891,-0.41019005,-0.77419686,0.48204058,0
-2.6982739,-2.6975911,1.6694188,-0.41019005,-0.77419686,0.48204058,0
-2.5089328,-0.81370747,-0.9436655,-0.85478497,0.14210151,-0.49914855,0
2.9988158,0.73174632,0.081415296,0.85478497,-0.14210151,0.49914855,0
1.2300923,0.83551604,0.521846,-0.31794059,0.61678672,0.72006071,0
-0.63567162,2.9750774,-3.0729804,-0.85478497,0.14210151,-0.49914855,0
-2.2970419,-0.41827071,-1.1939511,-0.85478497,0.14210151,-0.49914855,0
-1.1252167,-2.9079399,2.670167,-0.41019005,-0.77419686,0.48204058,0
1.1211344,0.4020023,-0.54369783,0.31794059,-0.61678672,-0.72006071,0
0.26329756,-3.3011324,3.2202172,-0.41019005,-0.77419686,0.48204058,0
2.2738583,1.5894496,-1.0518554,0.31794059,-0.61678672,-0.72006071,0
-3.5228918,-1.7812169,0.51728725,-0.85478497,0.14210151,-0.49914855,0
-2.8840179,-1.5597844,-0.5137372,-0.85478497,0.14210151,-0.49914855,0
1.5464821,-1.8642967,1.8294554,0.85478497,-0.14210151,0.49914855,0
-3.833385,-2.2908463,0.9039166,-0.85478497,0.14210151,-0.49914855,0
1.7459228,-1.4598807,1.6030478,0.85478497,-0.14210151,0.49914855,0
-0.55015939,-0.43129128,-0.567873,0.31794059,-0.61678672,-0.72006071,0
-1.8218539,-1.9685223,1.5761412,-0.31794059,0.61678672,0.72006071,0
-0.94219768,-3.0735838,2.5598683,-0.41019005,-0.77419686,0.48204058,0
-1.5549989,1.9380414,-1.6523001,-0.31794059,0.61678672,0.72006071,0
-2.4220667,0.22931004,-0.79548872,-0.85478497,0.14210151,-0.49914855,0
-1.3874056,-3.229218,1.9310589,-0.41019005,-0.77419686,0.48204058,0
0.17800868,3.2975638,-2.850421,0.41019005,0.77419686,-0.48204058,0
-1.1931106,0.59418076,-1.7301612,0.31794059,-0.61678672,-0.72006071,0
-2.0381432,0.88292098,-1.2668777,-0.85478497,0.14210151,-0.49914855,0
-0.29223037,3.5625176,-2.8250303,0.41019005,0.77419686,-0.48204058,0
-2.2958384,-1.9137621,1.3199486,-0.31794059,0.61678672,0.72006071,0
-2.2114353,0.74312425,-1.0099151,-0.85478497,0.14210151,-0.49914855,0
-0.55785114,-2.2028229,0.94618285,0.31794059,-0.61678672,-0.72006071,0
-3.1722724,-1.2114937,0.079049826,-0.85478497,0.14210151,-0.49914855,0
-3.6874144,-2.2378902,0.66902089,-0.85478497,0.14210151,-0.49914855,0
2.4496861,0.31180656,0.90224046,0.85478497,-0.14210151,0.49914855,0
0.53753108,1.9014553,-0.69701087,-0.31794059,0.61678672,0.72006071,0
1.7913933,1.8462603,-1.4848645,0.31794059,-0.61678672,-0.72006071,0
-1.5274441,0.93551767,-2.1264701,-0.85478497,0.14210151,-0.49914855,0
-1.4524245,1.6286007,-2.0576272,-0.85478497,0.14210151,-0.49914855,0
-2.6967154,-2.6339643,1.7598507,-0.31794059,0.61678672,0.72006071,0
1.5192719,2.9611959,-1.1712749,-0.31794059,0.61678672,0.72006071,0
1.7488019,-0.030754536,1.4929074,-0.31794059,0.61678672,0.72006071,0
-0.069002151,3.2767053,-3.0941141,0.41019005,0.77419686,-0.48204058,0
0.33155668,-3.6565416,2.707485,-0.41019005,-0.77419686,0.48204058,0
-1.5497553,1.1246808,-2.0344098,-0.85478497,0.14210151,-0.49914855,0
0.41719759,-2.9105995,1.9829772,0.31794059,-0.61678672,-0.72006071,0
2.6406808,0.80060357,-0.21417916,0.31794059,-0.61678672,-0.72006071,0
-1.3128984,1.9874961,-2.194391,-0.85478497,0.14210151,-0.49914855,0
1.2021821,-1.7832853,2.4421272,0.85478497,-0.14210151,0.49914855,0
0.99361348,0.32862177,0.85162294,-0.31794059,0.61678672,0.72006071,0
0.68614984,-2.689188,3.0679266,0.85478497,-0.14210151,0.49914855,0
1.5240748,2.8561902,-2.4138751,0.41019005,0.77419686,-0.48204058,0
-3.2861872,-2.1232224,0.014568806,-0.85478497,0.14210151,-0.49914855,0
-2.2877545,-2.8935201,0.77398443,0.31794059,-0.61678672,-0.72006071,0
1.456275,-1.8284723,1.9941325,0.85478497,-0.14210151,0.49914855,0
-0.27909851,3.2070498,-3.3847671,0.41019005,0.77419686,-0.48204058,0
0.63152957,-3.251451,3.0013933,0.85478497,-0.14210151,0.49914855,0
-0.61845279,-3.210309,2.6157656,-0.41019005,-0.77419686,0.48204058,0
0.19916457,-0.58399659,1.2825639,-0.31794059,0.61678672,0.72006071,0
-3.3196011,-2.0985281,0.078819513,-0.85478497,0.14210151,-0.49914855,0
3.4529271,3.0516889,-0.45853925,0.41019005,0.77419686,-0.48204058,0
-2.4996865,-0.28945532,-0.81025112,-0.85478497,0.14210151,-0.49914855,0
0.7417956,1.091127,0.087289691,-0.31794059,0.61678672,0.72006071,0
-0.95835829,3.1775708,-2.4627357,-0.85478497,0.14210151,-0.49914855,0
-1.703575,-3.2262726,1.6667466,-0.41019005,-0.77419686,0.48204058,0
1.3689783,-1.6899011,2.1830759,0.85478497,-0.14210151,0.49914855,0
2.376265,0.87336582,-0.39325774,0.31794059,-0.61678672,-0.72006071,0
1.1138994,-0.060261488,1.2378432,-0.31794059,0.61678672,0.72006071,0
-1.3323842,-3.3423953,1.7961075,-0.41019005,-0.77419686,0.48204058,0
-1.5500579,-3.126965,1.9568777,-0.41019005,-0.77419686,0.48204058,0
-0.37435293,3.3928862,-3.1673548,0.41019005,0.77419686,-0.48204058,0
-1.2855897,-2.8942738,2.5556471,-0.41019005,-0.77419686,0.48204058,0
-2.7275891,-2.8775764,1.3554018,-0.41019005,-0.77419686,0.48204058,0
-3.7576575,-2.7112606,0.74598694,-0.41019005,-0.77419686,0.48204058,0
0.48011565,-3.0887356,3.3070109,0.85478497,-0.14210151,0.49914855,0
3.3779535,2.8761301,-0.80429983,0.41019005,0.77419686,-0.48204058,0
-3.1805978,-2.861675,0.99545479,-0.41019005,-0.77419686,0.48204058,0
1.4440396,-1.790439,2.025913,0.85478497,-0.14210151,0.49914855,0
3.282449,1.5071423,-0.18355846,0.85478497,-0.14210151,0.49914855,0
-1.6398127,-3.1846662,1.7878284,-0.41019005,-0.77419686,0.48204058,0
-0.122226,-3.4237695,2.6951923,-0.41019005,-0.77419686,0.48204058,0
0.28395486,2.9422002,-3.0892255,0.31794059,-0.61678672,-0.72006071,0
0.5150336,-1.5812852,2.2762887,-0.31794059,0.61678672,0.72006071,0
-2.8779514,-1.4055583,-0.48021924,-0.85478497,0.14210151,-0.49914855,0
-3.5362246,-2.3451943,0.3795619,-0.85478497,0.14210151,-0.49914855,0
3.5825796,2.9230433,-0.29443765,0.85478497,-0.14210151,0.49914855,0
-3.4521511,-1.8500274,0.37655592,-0.85478497,0.14210151,-0.49914855,0
2.2761996,-0.41672829,0.9919284,0.85478497,-0.14210151,0.49914855,0
3.1145546,1.1443768,0.00068378448,0.85478497,-0.14210151,0.49914855,0
-2.1880126,-3.14169,1.3903635,-0.41019005,-0.77419686,0.48204058,0
0.69127965,-2.5177588,3.107945,0.85478497,-0.14210151,0.49914855,0
-2.7305033,-1.4383543,-0.66797078,0.31794059,-0.61678672,-0.72006071,0
1.0488939,-3.001013,2.3579595,0.85478497,-0.14210151,0.49914855,0
1.5301411,-1.3938078,1.9913816,0.85478497,-0.14210151,0.49914855,0
2.5008359,3.1087253,-1.1771121,0.41019005,0.77419686,-0.48204058,0
3.2015872,2.9650688,-0.81153488,0.41019005,0.77419686,-0.48204058,0
1.9347513,-0.53825063,1.5420585,0.85478497,-0.14210151,0.49914855,0
2.1984003,1.1815343,0.65300822,-0.31794059,0.61678672,0.72006071,0
1.1862947,2.2420805,-2.091094,0.31794059,-0.61678672,-0.72006071,0
1.2537582,-1.6833999,2.3822401,0.85478497,-0.14210151,0.49914855,0
-1.1918157,-1.3863997,1.3557003,-0.31794059,0.61678672,0.72006071,0
-0.90948504,-1.3834912,1.4778712,-0.31794059,0.61678672,0.72006071,0
-1.2294395,-3.3096271,1.936336,-0.41019005,-0.77419686,0.48204058,0
-0.21091878,-3.1475036,3.0634253,-0.41019005,-0.77419686,0.48204058,0
2.3477466,-0.095412374,0.96087968,0.85478497,-0.14210151,0.49914855,0
1.6923261,-0.43540996,1.814589,-0.31794059,0.61678672,0.72006071,0
-3.4744809,-2.0920527,0.34589219,-0.85478497,0.14210151,-0.49914855,0
0.79436046,2.958909,-2.8698468,0.41019005,0.77419686,-0.48204058,0
-1.690412,-3.1244419,1.8414962,-0.41019005,-0.77419686,0.48204058,0
-1.6676924,-3.253165,1.6540897,-0.41019005,-0.77419686,0.48204058,0
2.5235183,3.0547881,-1.2444375,0.41019005,0.77419686,-0.48204058,0
-2.9293847,-1.660259,-0.46465039,-0.85478497,0.14210151,-0.49914855,0
1.9206451,1.3821208,-1.0302227,0.31794059,-0.61678672,-0.72006071,0
0.32492763,0.69863808,-1.1493518,0.31794059,-0.61678672,-0.72006071,0
-1.4387366,-3.1419423,1.3616579,0.31794059,-0.61678672,-0.72006071,0
0.99017751,2.935926,-2.7401304,0.41019005,0.77419686,-0.48204058,0
2.0316577,-0.037764192,0.23503458,0.31794059,-0.61678672,-0.72006071,0
-0.10438085,-3.1539397,3.1437469,-0.41019005,-0.77419686,0.48204058,0
2.0654719,2.9332535,-1.8294053,0.41019005,0.77419686,-0.48204058,0
0.22826791,3.5051208,-2.474299,0.41019005,0.77419686,-0.48204058,0
2.3703463,-0.45564318,0.81962556,0.85478497,-0.14210151,0.49914855,0
0.077220678,3.4135716,-2.7498682,0.41019005,0.77419686,-0.48204058,0
-0.71828103,-1.5976923,0.357005,0.31794059,-0.61678672,-0.72006071,0
2.9725447,0.63611376,0.099177957,0.85478497,-0.14210151,0.49914855,0
1.1391187,-2.3473134,2.3895507,0.85478497,-0.14210151,0.49914855,0
-0.77633399,0.40802968,0.0020891838,-0.31794059,0.61678672,0.72006071,0
-2.6340752,-0.29530174,-0.58177888,-0.85478497,0.14210151,-0.49914855,0
1.4301655,-2.0354586,1.9799178,0.85478497,-0.14210151,0.49914855,0
-0.89289773,-3.0270298,2.6765897,-0.41019005,-0.77419686,0.48204058,0
-1.1583912,-2.6486173,2.4516447,-0.31794059,0.61678672,0.72006071,0
-0.40775132,-3.5318062,2.2787099,-0.41019005,-0.77419686,0.48204058,0
-3.0361376,-1.244426,-0.16345549,-0.85478497,0.14210151,-0.49914855,0
1.2980876,0.79612678,-0.8031624,0.31794059,-0.61678672,-0.72006071,0
-1.4305468,1.6307055,-2.0944934,-0.85478497,0.14210151,-0.49914855,0
0.79404759,-2.965919,2.1967599,0.31794059,-0.61678672,-0.72006071,0
-0.059644997,-0.42560354,-0.35615984,0.31794059,-0.61678672,-0.72006071,0
-2.84799,-1.7383208,-0.46290255,0.31794059,-0.61678672,-0.72006071,0
2.0149052,-1.0083351,1.2709689,0.85478497,-0.14210151,0.49914855,0
0.22205639,3.1238315,-3.0919673,0.41019005,0.77419686,-0.48204058,0
-1.2993691,1.8918532,-2.2447882,-0.85478497,0.14210151,-0.49914855,0
2.1393373,-0.23590176,1.2777828,0.85478497,-0.14210151,0.49914855,0
-2.5650098,-3.1743853,1.0170481,-0.41019005,-0.77419686,0.48204058,0
-1.4550676,1.6579779,-2.0447376,-0.85478497,0.14210151,-0.49914855,0
1.1662276,-2.7233152,2.236084,0.85478497,-0.14210151,0.49914855,0
-2.3074059,-3.2110527,1.1773639,-0.41019005,-0.77419686,0.48204058,0
-0.56672102,-3.2374425,2.6162076,-0.41019005,-0.77419686,0.48204058,0
1.2784998,0.068261504,-0.18833917,0.31794059,-0.61678672,-0.72006071,0
-3.8067582,-2.6035433,0.87720776,-0.41019005,-0.77419686,0.48204058,0
1.4221952,2.5837929,-0.89086413,-0.31794059,0.61678672,0.72006071,0
1.7500379,-1.6494353,1.4912056,0.31794059,-0.61678672,-0.72006071,0
1.0350447,3.0390663,-1.451786,-0.31794059,0.61678672,0.72006071,0
-3.3164384,-1.2765284,0.30741692,-0.85478497,0.14210151,-0.49914855,0
-0.57206684,-3.1612101,2.7340941,-0.41019005,-0.77419686,0.48204058,0
-0.1253227,1.4938889,-2.0293515,0.31794059,-0.61678672,-0.72006071,0
-1.9273961,-2.2634156,1.7821381,-0.31794059,0.61678672,0.72006071,0
-1.1184187,2.5371785,-2.3709466,-0.85478497,0.14210151,-0.49914855,0
0.2152971,-0.12315041,-0.49383414,0.31794059,-0.61678672,-0.72006071,0
-0.10412185,0.56647921,0.16317832,-0.31794059,0.61678672,0.72006071,0
0.76324892,-2.4577117,3.0017936,0.85478497,-0.14210151,0.49914855,0
-3.3843386,-2.0560238,0.2017827,-0.85478497,0.14210151,-0.49914855,0
1.449683,-0.11195719,0.041617274,0.31794059,-0.61678672,-0.72006071,0
-1.3700211,-3.1139197,2.1310313,-0.41019005,-0.77419686,0.48204058,0
-2.7360334,-0.81338644,-0.55466795,-0.85478497,0.14210151,-0.49914855,0
-1.4802039,0.28723648,-1.5940053,0.31794059,-0.61678672,-0.72006071,0
2.8572392,2.9115667,-0.53798819,-0.31794059,0.61678672,0.72006071,0
1.37442,1.2257304,0.25132489,-0.31794059,0.61678672,0.72006071,0
-2.9633031,-3.0658674,0.85241103,-0.41019005,-0.77419686,0.48204058,0
0.26707006,3.4082458,-2.5968702,0.41019005,0.77419686,-0.48204058,0
-2.114959,0.94389129,-1.1179745,-0.85478497,0.14210151,-0.49914855,0
2.1674738,2.7292066,-2.0703235,0.41019005,0.77419686,-0.48204058,0
2.9655263,1.2855573,0.29608619,0.85478497,-0.14210151,0.49914855,0
-1.692773,-3.1864645,1.7398739,-0.41019005,-0.77419686,0.48204058,0
-1.4165699,-2.9680014,2.3257775,-0.41019005,-0.77419686,0.48204058,0
-0.86943793,2.5950758,-2.7808402,-0.85478497,0.14210151,-0.49914855,0
-1.5333469,2.0243411,-1.8063862,-0.85478497,0.14210151,-0.49914855,0
-1.3223894,-3.1771498,2.0700097,-0.41019005,-0.77419686,0.48204058,0
-1.7522061,1.3615998,-1.2456099,-0.31794059,0.61678672,0.72006071,0
3.2913852,1.2551033,-0.27061272,0.85478497,-0.14210151,0.49914855,0
1.2895228,1.2297571,-1.1783816,0.31794059,-0.61678672,-0.72006071,0
-2.7730889,-2.9974043,1.1242301,-0.41019005,-0.77419686,0.48204058,0
3.2842813,2.4699357,0.028861761,-0.31794059,0.61678672,0.72006071,0
-2.4736214,-0.49194214,-0.91253394,-0.85478497,0.14210151,-0.49914855,0
-3.0368049,-2.60817,1.524965,-0.41019005,-0.77419686,0.48204058,0
1.2797574,3.0606914,-2.29333,0.41019005,0.77419686,-0.48204058,0
-2.1233056,-1.5129132,-0.33599925,0.31794059,-0.61678672,-0.72006071,0
-0.24845862,-3.1388583,3.0453658,-0.41019005,-0.77419686,0.48204058,0
-0.82600737,2.4997759,-2.8823459,-0.85478497,0.14210151,-0.49914855,0
2.3367505,2.6298921,-0.52653265,-0.31794059,0.61678672,0.72006071,0
2.0509727,-0.79873013,0.8953886,0.31794059,-0.61678672,-0.72006071,0
2.4478674,3.0738487,-1.2781999,0.41019005,0.77419686,-0.48204058,0
0.56386924,0.91421455,-1.2285055,0.31794059,-0.61678672,-0.72006071,0
0.40992022,-3.0665064,3.433548,0.85478497,-0.14210151,0.49914855,0
0.44831121,-2.2126591,1.3988762,0.31794059,-0.61678672,-0.72006071,0
-2.0994258,-2.9486799,1.7757361,-0.41019005,-0.77419686,0.48204058,0
