-2.6020458,0.90062404,1.7100196,-0.24905407,0.57095969,0.7822898,0
4.8018007,-0.21600258,-0.54649973,0.96331626,0.2294195,0.13924313,0
-1.9780073,1.2539077,1.6508451,-0.24905407,0.57095969,0.7822898,0
-4.3709044,-0.80465865,-0.75287509,-0.96331626,-0.2294195,-0.13924313,0
-4.326251,-1.3104141,-0.22850657,-0.96331626,-0.2294195,-0.13924313,0
3.2849674,2.3042028,2.5598283,-0.24905407,0.57095969,0.7822898,0
4.2486892,1.4528488,0.53042126,0.96331626,0.2294195,0.13924313,0
4.5827684,0.35767919,0.023601055,0.96331626,0.2294195,0.13924313,0
-3.0873065,0.98212051,1.4960487,-0.24905407,0.57095969,0.7822898,0
-4.4893861,-0.79641891,0.05323267,-0.96331626,-0.2294195,-0.13924313,0
-2.3007636,0.15684211,1.405977,0.099970311,-0.78827155,0.60715246,0
4.892004,-0.20566893,-1.1875792,0.96331626,0.2294195,0.13924313,0
1.6755382,1.8420711,1.2921755,-0.099970311,0.78827155,-0.60715246,0
-2.3804927,-0.2123791,0.93974161,0.099970311,-0.78827155,0.60715246,0
2.8837233,-0.090830088,-1.41626,-0.099970311,0.78827155,-0.60715246,0
-0.89618915,-0.94162881,-1.8984799,-0.099970311,0.78827155,-0.60715246,0
3.1353579,1.0447042,1.6636146,0.099970311,-0.78827155,0.60715246,0
-2.9682384,0.035789013,1.3587151,0.099970311,-0.78827155,0.60715246,0
0.71667409,-0.7109133,-1.8645052,-0.099970311,0.78827155,-0.60715246,0
-3.5038602,0.95755833,1.3813586,-0.24905407,0.57095969,0.7822898,0
-3.8168495,-1.9898585,-1.1314735,0.099970311,-0.78827155,0.60715246,0
-4.337451,0.45414466,1.4833922,-0.24905407,0.57095969,0.7822898,0
4.1098127,-0.80050409,-1.3030715,0.24905407,-0.57095969,-0.7822898,0
-3.9948089,-1.8907561,-1.5653169,-0.96331626,-0.2294195,-0.13924313,0
2.9674335,-1.2472767,-1.3406861,0.24905407,-0.57095969,-0.7822898,0
2.9055948,2.1415915,2.5577326,-0.24905407,0.57095969,0.7822898,0
1.3204865,0.073242903,-0.94584858,-0.099970311,0.78827155,-0.60715246,0
0.56850195,-1.734437,-1.5219247,0.099970311,-0.78827155,0.60715246,0
0.10662127,1.62793,2.0415354,-0.24905407,0.57095969,0.7822898,0
2.0968006,2.3868163,2.1212611,-0.24905407,0.57095969,0.7822898,0
-3.4543996,-0.49053553,-0.89160085,-0.099970311,0.78827155,-0.60715246,0
2.374208,-1.0491371,-0.92951155,0.099970311,-0.78827155,0.60715246,0
-0.96859884,1.5995147,1.7199619,-0.24905407,0.57095969,0.7822898,0
2.4191735,-1.3962045,-1.3875158,0.099970311,-0.78827155,0.60715246,0
2.0350206,-1.264864,-1.1537427,0.099970311,-0.78827155,0.60715246,0
-0.86925411,-2.1309423,-1.9172044,0.24905407,-0.57095969,-0.7822898,0
0.36025286,1.9581585,1.8812636,-0.24905407,0.57095969,0.7822898,0
0.67746735,1.9575278,1.9827139,-0.24905407,0.57095969,0.7822898,0
-3.2773955,-1.1030415,-0.068934202,0.099970311,-0.78827155,0.60715246,0
-2.1564343,-0.56674653,-1.204262,-0.099970311,0.78827155,-0.60715246,0
1.2063802,1.98253,2.1328535,-0.24905407,0.57095969,0.7822898,0
3.0600286,-0.072615489,0.22539186,0.099970311,-0.78827155,0.60715246,0
4.3281441,1.3186599,0.20182562,0.96331626,0.2294195,0.13924313,0
4.3392158,1.2916132,0.16978931,0.96331626,0.2294195,0.13924313,0
-3.0729802,-1.6180422,-2.4182551,-0.099970311,0.78827155,-0.60715246,0
-4.1845589,-0.6313293,-0.95417094,-0.099970311,0.78827155,-0.60715246,0
3.9402299,2.1295986,1.5493863,0.96331626,0.2294195,0.13924313,0
-1.2265078,-0.0042803884,1.0199093,0.099970311,-0.78827155,0.60715246,0
-3.8506718,-2.3722668,-1.7691441,-0.96331626,-0.2294195,-0.13924313,0
-1.5532272,-1.8709006,-1.3497448,0.099970311,-0.78827155,0.60715246,0
1.6933453,-1.5614488,-1.5170107,0.24905407,-0.57095969,-0.7822898,0
-4.7956958,-0.25142527,1.2744074,-0.96331626,-0.2294195,-0.13924313,0
-0.97198915,1.3011243,1.9366648,-0.24905407,0.57095969,0.7822898,0
4.2540665,-0.69267583,-1.335845,0.24905407,-0.57095969,-0.7822898,0
-4.3459926,-0.73135525,-1.0459995,-0.96331626,-0.2294195,-0.13924313,0
-4.8910437,0.24587512,1.1146894,-0.96331626,-0.2294195,-0.13924313,0
-2.2345691,0.6487264,0.38666224,-0.099970311,0.78827155,-0.60715246,0
-3.7154446,-2.1870613,-2.7823741,0.24905407,-0.57095969,-0.7822898,0
-3.7042201,0.90977234,1.352448,-0.24905407,0.57095969,0.7822898,0
4.4094052,0.97335196,0.20857525,0.96331626,0.2294195,0.13924313,0
-1.2561355,-2.1596498,-2.0194218,0.24905407,-0.57095969,-0.7822898,0
3.6936953,2.6763921,2.354063,0.96331626,0.2294195,0.13924313,0
-4.8815093,0.085451603,1.313046,-0.96331626,-0.2294195,-0.13924313,0
-1.4272726,0.87641895,2.1016927,-0.24905407,0.57095969,0.7822898,0
-4.8524466,-0.053602099,1.3410869,-0.96331626,-0.2294195,-0.13924313,0
3.3745937,-1.0496874,-1.0949438,0.099970311,-0.78827155,0.60715246,0
4.7680092,0.0040950775,-0.67536259,0.96331626,0.2294195,0.13924313,0
1.3351184,1.9506624,2.1970983,-0.24905407,0.57095969,0.7822898,0
4.5554481,-0.62366748,-0.73627138,0.099970311,-0.78827155,0.60715246,0
-0.36372447,-1.7877367,-2.0067525,0.24905407,-0.57095969,-0.7822898,0
-2.9199536,0.89050275,1.6161952,-0.24905407,0.57095969,0.7822898,0
-2.8790727,0.28966093,1.6736376,0.099970311,-0.78827155,0.60715246,0
-3.3787918,0.8669976,1.4872725,-0.24905407,0.57095969,0.7822898,0
4.5660868,0.71155763,-0.4440465,0.96331626,0.2294195,0.13924313,0
-3.1330726,-2.0001745,-2.7333677,0.24905407,-0.57095969,-0.7822898,0
-2.69732,-2.5675907,-2.1805065,0.24905407,-0.57095969,-0.7822898,0
-1.6390398,-1.5813029,-0.95962781,0.099970311,-0.78827155,0.60715246,0
1.1398991,1.5590376,2.4207771,-0.24905407,0.57095969,0.7822898,0
1.8521199,2.0474939,2.2910202,-0.24905407,0.57095969,0.7822898,0
-0.2150954,-0.53642094,-1.48454,-0.099970311,0.78827155,-0.60715246,0
3.0631006,2.4900177,2.3535755,-0.24905407,0.57095969,0.7822898,0
3.0908449,0.66675627,1.1802506,0.099970311,-0.78827155,0.60715246,0
4.770339,0.17515004,-0.97331142,0.96331626,0.2294195,0.13924313,0
0.89148021,-1.2782837,-1.9789665,0.24905407,-0.57095969,-0.7822898,0
1.7749562,-1.3622739,-1.2373902,0.099970311,-0.78827155,0.60715246,0
0.40091494,0.81990391,0.17495969,-0.099970311,0.78827155,-0.60715246,0
3.4205563,-1.1322876,-1.2803526,0.24905407,-0.57095969,-0.7822898,0
0.90830743,1.4861543,2.4002407,-0.24905407,0.57095969,0.7822898,0
-3.7899337,0.65462768,1.5113788,-0.24905407,0.57095969,0.7822898,0
-0.70099759,-1.4414663,-2.3668561,0.24905407,-0.57095969,-0.7822898,0
-3.8493342,-2.2149291,-2.0376298,-0.96331626,-0.2294195,-0.13924313,0
4.4997387,0.80503368,-0.13904428,0.96331626,0.2294195,0.13924313,0
-4.7188988,-0.07436955,0.45139456,-0.96331626,-0.2294195,-0.13924313,0
1.591415,2.0100794,2.2353282,-0.24905407,0.57095969,0.7822898,0
2.1087193,2.3277102,2.1681948,-0.24905407,0.57095969,0.7822898,0
-0.054558992,-1.9180819,-1.6577629,0.099970311,-0.78827155,0.60715246,0
3.7393484,2.466656,2.3837895,0.96331626,0.2294195,0.13924313,0
-1.5473628,-1.6858267,-2.4579616,0.24905407,-0.57095969,-0.7822898,0
2.9487436,-0.98162329,-0.9364574,0.099970311,-0.78827155,0.60715246,0
4.0104961,1.5495687,2.0189383,0.96331626,0.2294195,0.13924313,0
3.7495728,2.6397309,2.0278916,0.96331626,0.2294195,0.13924313,0
-0.44333482,-2.0861511,-1.8142978,0.24905407,-0.57095969,-0.7822898,0
-3.4612598,0.94088608,0.96795583,-0.099970311,0.78827155,-0.60715246,0
1.3026835,-0.50679821,-1.6959896,-0.099970311,0.78827155,-0.60715246,0
3.9598374,1.7286634,2.0743246,0.96331626,0.2294195,0.13924313,0
3.3379984,-0.51567769,-1.7566733,0.24905407,-0.57095969,-0.7822898,0
2.9355402,-0.189834,-1.5533292,-0.099970311,0.78827155,-0.60715246,0
3.459893,2.1382186,2.7366631,-0.24905407,0.57095969,0.7822898,0
-3.2047548,-2.1172926,-2.6707091,0.24905407,-0.57095969,-0.7822898,0
2.4796314,1.9496905,2.5621805,-0.24905407,0.57095969,0.7822898,0
1.878736,1.8949776,2.4108088,-0.24905407,0.57095969,0.7822898,0
2.9305344,-0.73881817,-0.61822319,0.099970311,-0.78827155,0.60715246,0
1.3059479,2.0372121,1.6063838,-0.099970311,0.78827155,-0.60715246,0
2.1776171,2.479358,2.0794485,-0.24905407,0.57095969,0.7822898,0
3.8659351,2.0219207,2.2407875,0.96331626,0.2294195,0.13924313,0
4.2797041,0.97627735,1.101059,0.96331626,0.2294195,0.13924313,0
2.9999275,2.1505687,2.5812128,-0.24905407,0.57095969,0.7822898,0
1.4041836,2.1944079,2.0411868,-0.24905407,0.57095969,0.7822898,0
3.605828,1.6543674,2.3776805,0.099970311,-0.78827155,0.60715246,0
4.496501,0.53251356,0.33236361,0.96331626,0.2294195,0.13924313,0
-1.3850075,1.026678,0.73747623,-0.099970311,0.78827155,-0.60715246,0
1.1364903,-1.0935941,-2.0357604,0.24905407,-0.57095969,-0.7822898,0
0.41442966,-1.1107228,-2.2531383,0.24905407,-0.57095969,-0.7822898,0
-0.60909462,1.814898,1.6772168,-0.24905407,0.57095969,0.7822898,0
-0.98292065,-0.30955929,0.58345515,0.099970311,-0.78827155,0.60715246,0
4.7147188,-0.83909714,-1.082324,0.24905407,-0.57095969,-0.7822898,0
1.6688573,-1.0695682,-0.83989811,0.099970311,-0.78827155,0.60715246,0
4.8165741,-0.23296922,-0.62075138,0.96331626,0.2294195,0.13924313,0
2.0475125,-1.2528161,-1.1401578,0.099970311,-0.78827155,0.60715246,0
-3.8541319,-1.8877225,-2.5435507,-0.96331626,-0.2294195,-0.13924313,0
-4.8407435,-0.074073553,1.2938547,-0.96331626,-0.2294195,-0.13924313,0
-3.618423,-0.20854294,-0.49848032,-0.099970311,0.78827155,-0.60715246,0
-2.472739,-1.7642565,-2.6953263,0.24905407,-0.57095969,-0.7822898,0
-2.3306396,-2.0571055,-1.4634916,0.099970311,-0.78827155,0.60715246,0
2.9465656,-0.8834151,-0.80859423,0.099970311,-0.78827155,0.60715246,0
2.8672798,-1.0979747,-1.4815402,0.24905407,-0.57095969,-0.7822898,0
-3.9271321,-2.2016888,-1.5212221,-0.96331626,-0.2294195,-0.13924313,0
-3.996366,-0.30743849,-0.5646472,-0.099970311,0.78827155,-0.60715246,0
-3.366138,-0.63148856,0.55789876,0.099970311,-0.78827155,0.60715246,0
-2.775774,-0.26354015,0.93840361,0.099970311,-0.78827155,0.60715246,0
-3.6877,0.64978278,1.5474625,-0.24905407,0.57095969,0.7822898,0
1.3465085,1.6919565,2.3895426,-0.24905407,0.57095969,0.7822898,0
1.3830665,1.899381,2.2497911,-0.24905407,0.57095969,0.7822898,0
3.0714273,1.0927581,1.7365297,0.099970311,-0.78827155,0.60715246,0
4.3020701,1.3820405,0.27778196,0.96331626,0.2294195,0.13924313,0
2.90622,-0.98621279,-1.5507128,0.24905407,-0.57095969,-0.7822898,0
3.7192621,2.0240448,1.1919258,-0.099970311,0.78827155,-0.60715246,0
-0.24575758,1.5361085,1.996367,-0.24905407,0.57095969,0.7822898,0
-3.751116,-2.2179096,-2.7122164,-0.96331626,-0.2294195,-0.13924313,0
4.484612,0.5645355,-0.82898617,-0.099970311,0.78827155,-0.60715246,0
4.373879,0.92057383,0.54131317,0.96331626,0.2294195,0.13924313,0
-2.4170387,0.92490047,1.7512009,-0.24905407,0.57095969,0.7822898,0
3.2459011,-1.0566775,-1.3911414,0.24905407,-0.57095969,-0.7822898,0
4.7354989,0.090326309,-0.59252548,0.96331626,0.2294195,0.13924313,0
4.0063095,2.0488198,1.225323,0.96331626,0.2294195,0.13924313,0
-3.7600298,-2.4374783,-2.2887816,-0.96331626,-0.2294195,-0.13924313,0
-0.38330936,-1.3677844,-2.3194926,0.24905407,-0.57095969,-0.7822898,0
2.5039964,2.4711738,2.1893291,-0.24905407,0.57095969,0.7822898,0
4.7616587,-0.15507156,-0.36918449,0.96331626,0.2294195,0.13924313,0
-3.4884198,-0.81769472,-1.3107531,-0.099970311,0.78827155,-0.60715246,0
-4.6703415,-0.29555166,0.47988319,-0.96331626,-0.2294195,-0.13924313,0
-2.4301112,-2.0069659,-2.5046122,0.24905407,-0.57095969,-0.7822898,0
4.2727442,0.91619182,1.2482049,0.96331626,0.2294195,0.13924313,0
-3.1403253,-0.87970424,0.198457,0.099970311,-0.78827155,0.60715246,0
3.3001516,0.28670138,0.65235901,0.099970311,-0.78827155,0.60715246,0
-4.1223593,-1.7553395,-0.90600848,-0.96331626,-0.2294195,-0.13924313,0
-3.3243628,-1.9052843,-2.7497931,-0.099970311,0.78827155,-0.60715246,0
-2.8587427,-0.64386165,0.45828962,0.099970311,-0.78827155,0.60715246,0
-0.4560585,-1.9336829,-1.9296284,0.24905407,-0.57095969,-0.7822898,0
2.4678226,0.048994422,-1.1662445,-0.099970311,0.78827155,-0.60715246,0
-0.4303565,1.412379,2.0279019,-0.24905407,0.57095969,0.7822898,0
3.0080459,0.27827215,0.68951154,0.099970311,-0.78827155,0.60715246,0
-1.2374954,1.1212113,1.9834474,-0.24905407,0.57095969,0.7822898,0
-4.8174067,0.2638694,1.4694643,-0.24905407,0.57095969,0.7822898,0
4.6435308,0.33370519,-0.35726309,0.96331626,0.2294195,0.13924313,0
2.4220586,1.8855989,2.5906291,-0.24905407,0.57095969,0.7822898,0
2.4997163,2.526448,2.1476245,-0.24905407,0.57095969,0.7822898,0
-0.22935581,0.93175954,0.42395961,-0.099970311,0.78827155,-0.60715246,0
-2.2780318,1.3004239,1.5213774,-0.24905407,0.57095969,0.7822898,0
-0.50623441,1.429356,1.9913542,-0.24905407,0.57095969,0.7822898,0
-2.9020278,-2.6550426,-2.1818507,0.24905407,-0.57095969,-0.7822898,0
3.7426791,2.3466356,2.558495,0.96331626,0.2294195,0.13924313,0
-3.9036875,-1.8949213,-2.1888547,-0.96331626,-0.2294195,-0.13924313,0
4.6912608,-0.051251173,-0.053207874,0.96331626,0.2294195,0.13924313,0
-2.4247017,-0.12976202,-0.59274971,-0.099970311,0.78827155,-0.60715246,0
-3.974081,-0.89578819,0.31485677,0.099970311,-0.78827155,0.60715246,0
-4.6197162,-0.16646969,-0.083030224,-0.96331626,-0.2294195,-0.13924313,0
3.9862092,1.662341,2.0011539,0.96331626,0.2294195,0.13924313,0
4.8862557,-0.49656788,-0.66851902,0.96331626,0.2294195,0.13924313,0
-0.54700899,1.2356505,2.1197503,-0.24905407,0.57095969,0.7822898,0
-0.79616237,1.6551681,1.7342408,-0.24905407,0.57095969,0.7822898,0
4.8292427,-0.081638217,-0.95773363,0.96331626,0.2294195,0.13924313,0
0.3649404,1.6641951,1.2770337,-0.099970311,0.78827155,-0.60715246,0
3.54949,-0.10418344,-1.5432179,-0.099970311,0.78827155,-0.60715246,0
-1.8009422,1.3239169,1.6561197,-0.24905407,0.57095969,0.7822898,0
-4.9791708,0.71765822,0.94705629,-0.96331626,-0.2294195,-0.13924313,0
4.3287282,0.92938244,0.83916593,0.96331626,0.2294195,0.13924313,0
-0.45814943,1.1168469,2.2347496,-0.24905407,0.57095969,0.7822898,0
0.56781518,0.81724489,1.7910595,0.099970311,-0.78827155,0.60715246,0
-0.66565621,-1.0989633,-2.140707,-0.099970311,0.78827155,-0.60715246,0
-0.27701783,1.2553159,2.1913533,-0.24905407,0.57095969,0.7822898,0
1.0572345,0.29240817,1.0290742,0.099970311,-0.78827155,0.60715246,0
0.58398128,-0.87937152,-2.0613675,-0.099970311,0.78827155,-0.60715246,0
0.44185829,0.41993785,1.2959715,0.099970311,-0.78827155,0.60715246,0
3.2117777,0.81333601,-0.29638839,-0.099970311,0.78827155,-0.60715246,0
4.6522303,0.1159507,-0.058671474,0.96331626,0.2294195,0.13924313,0
4.6760564,0.32868266,-0.57400608,0.96331626,0.2294195,0.13924313,0
4.5925965,0.55878496,-0.37573481,0.96331626,0.2294195,0.13924313,0
4.7457538,0.29417956,-0.99934626,0.96331626,0.2294195,0.13924313,0
-4.9611092,0.56611568,1.0717831,-0.96331626,-0.2294195,-0.13924313,0
-4.1633139,-1.1584365,-1.6061418,-0.96331626,-0.2294195,-0.13924313,0
-3.8851657,-2.1548827,-1.888675,-0.96331626,-0.2294195,-0.13924313,0
1.2055645,1.9068485,2.1878302,-0.24905407,0.57095969,0.7822898,0
-0.37015501,-0.18383592,-1.0012445,-0.099970311,0.78827155,-0.60715246,0
3.3941846,-0.89221197,-0.89371729,0.099970311,-0.78827155,0.60715246,0
-3.157824,-1.278016,-1.9628259,-0.099970311,0.78827155,-0.60715246,0
4.5269918,0.69613433,-0.14816523,0.96331626,0.2294195,0.13924313,0
0.12544036,1.8759626,1.8664986,-0.24905407,0.57095969,0.7822898,0
-4.3332906,-1.1652631,-0.41895771,-0.96331626,-0.2294195,-0.13924313,0
1.903262,-0.02600278,0.47637641,0.099970311,-0.78827155,0.60715246,0
3.9099126,2.2671397,1.5325139,0.96331626,0.2294195,0.13924313,0
-4.5746365,-0.3073864,-0.16272306,-0.96331626,-0.2294195,-0.13924313,0
4.7624869,-0.021569848,-0.59487343,0.96331626,0.2294195,0.13924313,0
4.4527054,0.44346297,-0.98092175,-0.099970311,0.78827155,-0.60715246,0
-3.1490927,-2.5380635,-2.3458855,0.24905407,-0.57095969,-0.7822898,0
-3.9942532,-1.6826618,-1.9120207,-0.96331626,-0.2294195,-0.13924313,0
0.80132133,0.57111609,-0.21397257,-0.099970311,0.78827155,-0.60715246,0
2.875411,-0.5951733,-1.8459244,0.24905407,-0.57095969,-0.7822898,0
-1.4113747,-1.2838869,-2.258009,-0.099970311,0.78827155,-0.60715246,0
-3.8617599,-2.2613821,-1.8751299,-0.96331626,-0.2294195,-0.13924313,0
-0.093673229,1.6186625,1.9845327,-0.24905407,0.57095969,0.7822898,0
-2.9480252,0.69473892,1.750138,-0.24905407,0.57095969,0.7822898,0
-4.5748978,-0.42436886,0.031823635,-0.96331626,-0.2294195,-0.13924313,0
0.74730361,0.14297855,-0.76093304,-0.099970311,0.78827155,-0.60715246,0
-2.0692978,1.1024365,1.7323335,-0.24905407,0.57095969,0.7822898,0
-4.2293062,-1.2974807,-0.92050314,-0.96331626,-0.2294195,-0.13924313,0
-4.0500011,-0.68416965,-1.0449293,-0.099970311,0.78827155,-0.60715246,0
-3.4629066,0.49466366,1.732244,-0.24905407,0.57095969,0.7822898,0
3.9835293,1.9837916,1.4900663,0.96331626,0.2294195,0.13924313,0
-1.6699872,1.2284464,1.7674911,-0.24905407,0.57095969,0.7822898,0
3.2518768,-1.0650396,-1.383136,0.24905407,-0.57095969,-0.7822898,0
-0.47670364,1.6683413,1.8263308,-0.24905407,0.57095969,0.7822898,0
3.8651197,2.2748191,1.8297484,0.96331626,0.2294195,0.13924313,0
1.1386065,-0.97389686,-2.1224489,0.24905407,-0.57095969,-0.7822898,0
-3.7942605,-1.112267,-1.6428409,-0.099970311,0.78827155,-0.60715246,0
-0.40733415,-0.25419235,0.56056565,0.099970311,-0.78827155,0.60715246,0
4.850996,-0.38481578,-0.60871267,0.96331626,0.2294195,0.13924313,0
-4.0081787,-1.912466,-1.4370532,-0.96331626,-0.2294195,-0.13924313,0
-3.9091091,-2.0060973,-1.9681695,-0.96331626,-0.2294195,-0.13924313,0
4.0065522,0.044704169,0.22185946,0.099970311,-0.78827155,0.60715246,0
4.6336741,0.20310146,-0.073885918,0.96331626,0.2294195,0.13924313,0
-4.7373095,0.16718954,0.18076372,-0.96331626,-0.2294195,-0.13924313,0
4.351892,0.79339403,0.90296912,0.96331626,0.2294195,0.13924313,0
3.2997324,2.245121,2.6076503,-0.24905407,0.57095969,0.7822898,0
-1.9730089,-0.55716109,-1.222019,-0.099970311,0.78827155,-0.60715246,0
4.5215707,0.41738176,0.34861851,0.96331626,0.2294195,0.13924313,0
3.8179533,1.9637963,2.6685019,0.96331626,0.2294195,0.13924313,0
4.2323856,1.4294299,0.68179655,0.96331626,0.2294195,0.13924313,0
-1.783612,1.2846217,1.6903167,-0.24905407,0.57095969,0.7822898,0
4.5415788,0.44220561,0.1692996,0.96331626,0.2294195,0.13924313,0
4.8873258,-0.61159164,-1.1934175,0.24905407,-0.57095969,-0.7822898,0
3.0284212,-1.2125378,-1.3466237,0.24905407,-0.57095969,-0.7822898,0
-2.085974,0.39950594,0.038630486,-0.099970311,0.78827155,-0.60715246,0
3.120296,2.2584302,2.5408106,-0.24905407,0.57095969,0.7822898,0
-1.3782276,-1.5444249,-2.5073175,0.24905407,-0.57095969,-0.7822898,0
1.2616274,0.14782751,0.80770981,0.099970311,-0.78827155,0.60715246,0
0.27557635,1.5908873,2.1223609,-0.24905407,0.57095969,0.7822898,0
-3.5570612,0.75900626,1.5093362,-0.24905407,0.57095969,0.7822898,0
0.4282589,-0.76126027,-1.8823822,-0.099970311,0.78827155,-0.60715246,0
2.3678846,2.3608756,2.2264981,-0.24905407,0.57095969,0.7822898,0
1.4182658,-1.0683948,-1.9644451,0.24905407,-0.57095969,-0.7822898,0
-3.8497939,-2.1641939,-2.1180429,-0.96331626,-0.2294195,-0.13924313,0
-3.1790209,0.22221315,1.6354575,0.099970311,-0.78827155,0.60715246,0
2.9328802,-0.97778189,-1.5483787,0.24905407,-0.57095969,-0.7822898,0
2.1480782,2.2830777,2.2133007,-0.24905407,0.57095969,0.7822898,0
-0.35661983,-1.5952306,-1.1888664,0.099970311,-0.78827155,0.60715246,0
-4.7554193,-0.32829559,1.1224227,-0.96331626,-0.2294195,-0.13924313,0
-1.2469842,1.2346429,1.8976378,-0.24905407,0.57095969,0.7822898,0
-4.2624993,-1.2121646,-0.83143187,-0.96331626,-0.2294195,-0.13924313,0
4.1093812,1.4084897,1.5672708,0.96331626,0.2294195,0.13924313,0
4.0811415,1.8694832,1.0031013,0.96331626,0.2294195,0.13924313,0
-3.1790075,0.033341751,-0.25679111,-0.099970311,0.78827155,-0.60715246,0
-3.263001,-1.6582917,-0.79219055,0.099970311,-0.78827155,0.60715246,0
2.5170352,-0.86577654,-1.7625172,0.24905407,-0.57095969,-0.7822898,0
-4.0499363,-1.9534942,-1.0805643,-0.96331626,-0.2294195,-0.13924313,0
4.261014,1.409505,0.51656556,0.96331626,0.2294195,0.13924313,0
-4.2609859,-0.92431903,-1.3161621,-0.96331626,-0.2294195,-0.13924313,0
3.8738556,2.0570796,2.1280613,0.96331626,0.2294195,0.13924313,0
-4.3984303,-0.60815001,-0.8862164,-0.96331626,-0.2294195,-0.13924313,0
1.151474,1.732656,2.2977457,-0.24905407,0.57095969,0.7822898,0
-0.49096823,-1.7948278,-2.0420868,0.24905407,-0.57095969,-0.7822898,0
4.7557955,-0.20758623,-0.24209833,0.96331626,0.2294195,0.13924313,0
4.5527763,0.62167931,-0.20387554,0.96331626,0.2294195,0.13924313,0
1.6880655,0.35462114,1.0059767,0.099970311,-0.78827155,0.60715246,0
-4.4804611,-0.092711508,-0.20615673,-0.099970311,0.78827155,-0.60715246,0
-0.23068047,1.4645302,2.0534091,-0.24905407,0.57095969,0.7822898,0
3.2730856,2.06212,2.7327313,-0.24905407,0.57095969,0.7822898,0
2.1141114,2.3898616,2.1245499,-0.24905407,0.57095969,0.7822898,0
-0.81190932,-2.0137272,-1.9844983,0.24905407,-0.57095969,-0.7822898,0
4.7825556,-0.81191486,-1.0180683,0.099970311,-0.78827155,0.60715246,0
-4.9105296,0.23054874,1.2747498,-0.96331626,-0.2294195,-0.13924313,0
3.7745326,2.1477687,2.6657815,0.96331626,0.2294195,0.13924313,0
-3.918745,-1.7713262,-2.2883213,-0.96331626,-0.2294195,-0.13924313,0
-4.1771517,-1.5220953,-0.91123915,-0.96331626,-0.2294195,-0.13924313,0
4.489552,0.72860384,0.057351112,0.96331626,0.2294195,0.13924313,0
4.753849,-0.30088294,-1.4626851,0.24905407,-0.57095969,-0.7822898,0
3.5561812,-0.65460491,-1.5858142,0.24905407,-0.57095969,-0.7822898,0
4.3848782,0.66245705,0.89049697,0.96331626,0.2294195,0.13924313,0
1.5795718,2.2424138,2.0619869,-0.24905407,0.57095969,0.7822898,0
-4.6686306,-0.41714394,0.66838741,-0.96331626,-0.2294195,-0.13924313,0
2.5644808,-0.93066424,-0.80702615,0.099970311,-0.78827155,0.60715246,0
1.4448956,1.0727428,1.9783595,0.099970311,-0.78827155,0.60715246,0
2.872592,1.318562,0.41539931,-0.099970311,0.78827155,-0.60715246,0
-4.5181499,-0.46652299,-0.29131651,-0.96331626,-0.2294195,-0.13924313,0
0.29996037,1.740338,2.0210464,-0.24905407,0.57095969,0.7822898,0
4.2206163,-0.47516593,-0.48833847,0.099970311,-0.78827155,0.60715246,0
-1.4023118,0.00086772442,-0.59149307,-0.099970311,0.78827155,-0.60715246,0
2.5746663,1.7783384,1.0613856,-0.099970311,0.78827155,-0.60715246,0
-4.6910033,-0.484182,0.93361568,-0.96331626,-0.2294195,-0.13924313,0
4.6867561,0.075388193,-0.23069859,0.96331626,0.2294195,0.13924313,0
3.4330823,0.81852263,1.3209395,0.099970311,-0.78827155,0.60715246,0
2.9653089,-0.96736008,-1.5456612,0.24905407,-0.57095969,-0.7822898,0
-4.2446704,-1.1505625,-1.0562742,-0.96331626,-0.2294195,-0.13924313,0
4.6581764,-0.32354772,-1.4766021,0.24905407,-0.57095969,-0.7822898,0
-1.9030378,1.4106101,1.3212347,-0.099970311,0.78827155,-0.60715246,0
-3.7239137,-2.4397378,-2.5349216,-0.96331626,-0.2294195,-0.13924313,0
4.9610033,-0.6764248,-0.88930416,0.96331626,0.2294195,0.13924313,0
2.6578066,-1.2692859,-1.423197,0.24905407,-0.57095969,-0.7822898,0
-4.6091743,-0.43416011,0.28509045,-0.96331626,-0.2294195,-0.13924313,0
2.7381442,0.44430494,-0.69751859,-0.099970311,0.78827155,-0.60715246,0
4.1357689,1.5321422,1.1809835,0.96331626,0.2294195,0.13924313,0
3.989754,2.0790386,1.290072,0.96331626,0.2294195,0.13924313,0
4.2810211,1.1794049,0.75727177,0.96331626,0.2294195,0.13924313,0
1.7932433,2.2570777,2.1193094,-0.24905407,0.57095969,0.7822898,0
4.8912258,-0.37983835,-0.89522696,0.96331626,0.2294195,0.13924313,0
2.1788559,0.32325667,0.88444531,0.099970311,-0.78827155,0.60715246,0
3.2004108,-1.2135859,-1.2911031,0.24905407,-0.57095969,-0.7822898,0
2.3287082,-1.2317266,-1.555383,0.24905407,-0.57095969,-0.7822898,0
-0.098433495,-1.4882057,-2.1409078,0.24905407,-0.57095969,-0.7822898,0
1.3608006,1.5367705,2.5073562,-0.24905407,0.57095969,0.7822898,0
4.5721898,0.55702472,-0.2316556,0.96331626,0.2294195,0.13924313,0
-3.929589,0.59028751,1.5138769,-0.24905407,0.57095969,0.7822898,0
-4.4327307,-0.89637578,-0.17402935,-0.96331626,-0.2294195,-0.13924313,0
3.7931726,2.0816901,2.6456962,0.96331626,0.2294195,0.13924313,0
2.9774895,2.4458196,2.3585782,-0.24905407,0.57095969,0.7822898,0
-0.70061088,0.98202628,2.2138484,0.099970311,-0.78827155,0.60715246,0
-3.9598153,-1.8794556,-1.8260293,-0.96331626,-0.2294195,-0.13924313,0
-4.2238722,-1.1395756,-1.2182639,-0.96331626,-0.2294195,-0.13924313,0
0.22363615,1.7812152,1.966913,-0.24905407,0.57095969,0.7822898,0
-0.005487442,1.3182379,0.88886702,-0.099970311,0.78827155,-0.60715246,0
-3.7534604,-2.5590591,-2.1339145,-0.96331626,-0.2294195,-0.13924313,0
4.0086017,1.8322594,1.5662763,0.96331626,0.2294195,0.13924313,0
4.3832078,0.61149275,0.89570832,0.099970311,-0.78827155,0.60715246,0
-4.521327,-0.86296904,0.38385534,-0.96331626,-0.2294195,-0.13924313,0
-2.2088971,-0.41504121,0.64836931,0.099970311,-0.78827155,0.60715246,0
-2.0200574,-0.43342263,-1.0536215,-0.099970311,0.78827155,-0.60715246,0
-0.80718815,0.54763126,1.6674181,0.099970311,-0.78827155,0.60715246,0
3.3814154,0.053566098,-1.3107362,-0.099970311,0.78827155,-0.60715246,0
4.8043327,0.14886212,-1.165174,0.96331626,0.2294195,0.13924313,0
-4.2612281,-1.4503435,-0.44780087,-0.96331626,-0.2294195,-0.13924313,0
-4.4856234,-0.4108583,-0.60805655,-0.96331626,-0.2294195,-0.13924313,0
2.7552342,-0.3132565,-1.6838818,-0.099970311,0.78827155,-0.60715246,0
4.1065197,1.6943755,1.1160364,0.96331626,0.2294195,0.13924313,0
-4.8157043,-0.17575896,1.2881651,-0.96331626,-0.2294195,-0.13924313,0
1.4706705,-0.83868611,-2.1154156,0.24905407,-0.57095969,-0.7822898,0
4.7628675,0.10236883,-1.4748373,-0.099970311,0.78827155,-0.60715246,0
3.0525553,0.47200048,0.93370223,0.099970311,-0.78827155,0.60715246,0
3.5922544,2.4075294,2.5822444,-0.24905407,0.57095969,0.7822898,0
-2.9835486,-2.4865928,-2.3307481,0.24905407,-0.57095969,-0.7822898,0
-0.11524129,1.4962056,2.0670421,-0.24905407,0.57095969,0.7822898,0
-4.9042077,0.47444308,0.82916689,-0.96331626,-0.2294195,-0.13924313,0
-1.9910543,-1.7564551,-2.5476689,0.24905407,-0.57095969,-0.7822898,0
3.8235738,-0.87344736,-1.3409619,0.24905407,-0.57095969,-0.7822898,0
4.5217133,0.44337797,0.30479574,0.96331626,0.2294195,0.13924313,0
-4.8652897,0.0094140768,1.3261151,-0.96331626,-0.2294195,-0.13924313,0
-4.6627173,-0.47941709,0.73007774,-0.96331626,-0.2294195,-0.13924313,0
-1.2755809,0.51606184,1.7035539,0.099970311,-0.78827155,0.60715246,0
4.4533005,0.51940852,0.65282583,0.96331626,0.2294195,0.13924313,0
2.2065725,-1.3208199,-1.5292413,0.24905407,-0.57095969,-0.7822898,0
-4.2142115,-1.1653924,-1.2425613,-0.96331626,-0.2294195,-0.13924313,0
-4.8372226,0.30301672,0.64819479,-0.96331626,-0.2294195,-0.13924313,0
-1.54669,-0.34755018,-1.0200746,-0.099970311,0.78827155,-0.60715246,0
4.1179628,1.7721931,0.90865588,0.96331626,0.2294195,0.13924313,0
-1.1819196,1.5755181,1.669562,-0.24905407,0.57095969,0.7822898,0
-4.4791064,-0.64056033,-0.27467918,-0.96331626,-0.2294195,-0.13924313,0
-4.57054,-0.31450915,-0.17932892,-0.96331626,-0.2294195,-0.13924313,0
-4.0297718,0.10805342,-0.019710064,-0.099970311,0.78827155,-0.60715246,0
4.1996651,1.3364556,1.0613475,0.96331626,0.2294195,0.13924313,0
-4.3440375,-0.92428881,-0.74164224,-0.96331626,-0.2294195,-0.13924313,0
2.5820718,-0.92934084,-1.6954195,0.24905407,-0.57095969,-0.7822898,0
1.5677762,-1.5966849,-1.5312699,0.24905407,-0.57095969,-0.7822898,0
3.5639472,2.3033645,2.6492577,-0.24905407,0.57095969,0.7822898,0
-4.3419094,-1.0837907,-0.49356771,-0.96331626,-0.2294195,-0.13924313,0
-3.9933462,-1.9687443,-1.4469421,-0.96331626,-0.2294195,-0.13924313,0
-4.680192,-0.17441058,0.34844112,-0.96331626,-0.2294195,-0.13924313,0
-3.3968489,-2.4784489,-1.8349694,0.099970311,-0.78827155,0.60715246,0
2.4264801,0.30792844,-0.82326102,-0.099970311,0.78827155,-0.60715246,0
-1.5932438,0.39590019,1.5998521,0.099970311,-0.78827155,0.60715246,0
4.4998412,0.45353651,0.43937588,0.96331626,0.2294195,0.13924313,0
4.1964793,1.4501644,0.89604092,0.96331626,0.2294195,0.13924313,0
-1.058583,-2.1076145,-1.7385178,0.099970311,-0.78827155,0.60715246,0
4.5844831,-0.60929358,-1.2915092,0.24905407,-0.57095969,-0.7822898,0
4.2340031,1.2802532,0.91639423,0.96331626,0.2294195,0.13924313,0
-4.3993888,-1.0065861,-0.22311401,-0.96331626,-0.2294195,-0.13924313,0
-0.69483018,1.0046666,2.2412741,-0.24905407,0.57095969,0.7822898,0
-4.7247453,-0.18623734,0.67615366,-0.96331626,-0.2294195,-0.13924313,0
3.9703994,1.6609247,2.1128619,0.96331626,0.2294195,0.13924313,0
2.7895722,-1.2330725,-1.4076774,0.24905407,-0.57095969,-0.7822898,0
-3.1317661,-0.40071526,-0.8281095,-0.099970311,0.78827155,-0.60715246,0
2.1310821,0.62735128,-0.35991287,-0.099970311,0.78827155,-0.60715246,0
4.9055462,-0.43152195,-0.90914583,0.96331626,0.2294195,0.13924313,0
-1.2209706,1.429045,1.7640343,-0.24905407,0.57095969,0.7822898,0
-4.3606787,-0.43696365,-0.6728251,-0.099970311,0.78827155,-0.60715246,0
4.4399376,0.74635881,0.37134409,0.96331626,0.2294195,0.13924313,0
4.895268,-0.29714566,-1.0594358,0.96331626,0.2294195,0.13924313,0
-0.28506231,-1.2959509,-2.3406425,0.24905407,-0.57095969,-0.7822898,0
-1.8961312,-2.0165334,-1.4823601,0.099970311,-0.78827155,0.60715246,0
-3.9111469,0.88447464,0.96879244,-0.099970311,0.78827155,-0.60715246,0
-3.8602915,-2.1761599,-2.0257053,-0.96331626,-0.2294195,-0.13924313,0
-3.8923562,-1.5753646,-2.2279327,-0.099970311,0.78827155,-0.60715246,0
-3.6834242,-1.2063551,-0.13621306,0.099970311,-0.78827155,0.60715246,0
-0.57027549,-0.70835185,-1.6492776,-0.099970311,0.78827155,-0.60715246,0
3.3741708,2.1277356,2.7170236,-0.24905407,0.57095969,0.7822898,0
-1.4925503,0.50051731,1.7190975,0.099970311,-0.78827155,0.60715246,0
-4.6020627,-0.38422537,0.15361929,-0.96331626,-0.2294195,-0.13924313,0
0.63683438,-1.0046413,-2.2327085,-0.099970311,0.78827155,-0.60715246,0
1.877063,-1.4405466,-1.5467623,0.24905407,-0.57095969,-0.7822898,0
1.396003,-1.3523633,-1.764276,0.24905407,-0.57095969,-0.7822898,0
-3.8528624,-2.257442,-1.9431791,-0.96331626,-0.2294195,-0.13924313,0
2.910562,1.9424317,1.2191225,-0.099970311,0.78827155,-0.60715246,0
-3.9006312,-1.9745109,-2.0788648,-0.96331626,-0.2294195,-0.13924313,0
1.4156029,-1.0746164,-1.9607519,0.24905407,-0.57095969,-0.7822898,0
-1.3667768,1.296119,1.0842919,-0.099970311,0.78827155,-0.60715246,0
-1.630774,-0.84156674,-0.00058293343,0.099970311,-0.78827155,0.60715246,0
4.0803876,1.8879776,0.97784495,0.96331626,0.2294195,0.13924313,0
-4.0401011,-1.6013927,-0.59036541,0.099970311,-0.78827155,0.60715246,0
3.3243155,1.4716576,0.5397861,-0.099970311,0.78827155,-0.60715246,0
-4.9172635,0.28245962,1.2358065,-0.96331626,-0.2294195,-0.13924313,0
1.5244062,-0.12787701,0.40649235,0.099970311,-0.78827155,0.60715246,0
-0.71780741,0.47197115,-0.09256202,-0.099970311,0.78827155,-0.60715246,0
0.066433907,1.4404378,2.1655838,-0.24905407,0.57095969,0.7822898,0
3.9148352,-0.94362336,-1.2606893,0.24905407,-0.57095969,-0.7822898,0
2.2782037,0.78756642,-0.17612839,-0.099970311,0.78827155,-0.60715246,0
-4.964817,0.55352837,1.1181746,-0.96331626,-0.2294195,-0.13924313,0
3.0181732,2.3904786,1.7831073,-0.099970311,0.78827155,-0.60715246,0
-0.81012082,-1.5687261,-2.3087158,0.24905407,-0.57095969,-0.7822898,0
3.0191298,2.6080921,2.2533994,-0.24905407,0.57095969,0.7822898,0
3.2322283,1.5369649,0.63973808,-0.099970311,0.78827155,-0.60715246,0
-0.50062108,-1.8595655,-1.9979107,0.24905407,-0.57095969,-0.7822898,0
4.4662666,-0.51641262,-1.3969355,0.24905407,-0.57095969,-0.7822898,0
4.7363987,0.039712071,-0.51535559,0.96331626,0.2294195,0.13924313,0
4.6151896,0.39039528,-0.25459957,0.96331626,0.2294195,0.13924313,0
4.5519338,-0.86153996,-1.1177678,0.24905407,-0.57095969,-0.7822898,0
3.0890267,2.6851358,2.2194211,-0.24905407,0.57095969,0.7822898,0
2.9445052,0.88008821,-0.16571617,-0.099970311,0.78827155,-0.60715246,0
-4.0245423,0.4858343,0.46990514,-0.099970311,0.78827155,-0.60715246,0
-4.0516019,-1.5158461,-1.7901185,-0.96331626,-0.2294195,-0.13924313,0
4.2801313,0.98044014,1.0912433,0.96331626,0.2294195,0.13924313,0
0.317958,-0.56212962,0.041345358,0.099970311,-0.78827155,0.60715246,0
-4.6214705,-0.08987999,1.4677701,0.099970311,-0.78827155,0.60715246,0
-3.0638511,0.51590854,1.8437834,-0.24905407,0.57095969,0.7822898,0
0.51784778,-1.4042222,-2.006001,0.24905407,-0.57095969,-0.7822898,0
-4.7768965,0.012081385,0.71019793,-0.96331626,-0.2294195,-0.13924313,0
0.40604949,-1.0056801,-2.1960576,-0.099970311,0.78827155,-0.60715246,0
2.9410484,2.3260648,2.4343805,-0.24905407,0.57095969,0.7822898,0
2.7406638,-1.1399698,-1.4912002,0.24905407,-0.57095969,-0.7822898,0
4.862956,-0.36354077,-1.3822179,0.24905407,-0.57095969,-0.7822898,0
-3.7366161,-2.4371963,-2.451231,-0.96331626,-0.2294195,-0.13924313,0
3.5901101,2.4224572,2.5706663,-0.24905407,0.57095969,0.7822898,0
4.547708,0.30116463,0.35927439,0.96331626,0.2294195,0.13924313,0
4.7908878,-0.20404619,-0.49070406,0.96331626,0.2294195,0.13924313,0
4.2038617,1.4544001,0.83799028,0.96331626,0.2294195,0.13924313,0
-3.248251,-0.3254379,-0.71119642,-0.099970311,0.78827155,-0.60715246,0
-4.2286296,-1.0828273,-1.2788501,-0.96331626,-0.2294195,-0.13924313,0
0.15179157,1.8604553,1.8862062,-0.24905407,0.57095969,0.7822898,0
-1.681453,1.0639231,0.83464277,-0.099970311,0.78827155,-0.60715246,0
2.4120889,1.1907092,0.3252306,-0.099970311,0.78827155,-0.60715246,0
3.3785207,-0.7715261,-1.5570395,0.24905407,-0.57095969,-0.7822898,0
-2.1386302,1.2677476,1.5896069,-0.24905407,0.57095969,0.7822898,0
1.6856487,0.070377335,0.6373384,0.099970311,-0.78827155,0.60715246,0
2.4731114,1.9037222,2.5936553,-0.24905407,0.57095969,0.7822898,0
-0.25171769,-0.99348855,-0.42489201,0.099970311,-0.78827155,0.60715246,0
3.3012526,2.4979289,2.4236212,-0.24905407,0.57095969,0.7822898,0
-1.6692148,0.067757726,1.1863304,0.099970311,-0.78827155,0.60715246,0
0.94878507,-1.5156704,-1.7874644,0.24905407,-0.57095969,-0.7822898,0
-4.4025431,-0.80529916,-0.53293991,-0.96331626,-0.2294195,-0.13924313,0
4.380794,-0.22765958,-1.6348953,0.24905407,-0.57095969,-0.7822898,0
4.0853672,1.6389575,1.3536835,0.96331626,0.2294195,0.13924313,0
1.1951747,1.7163968,1.2081058,-0.099970311,0.78827155,-0.60715246,0
3.7568049,2.5175407,2.1791818,0.96331626,0.2294195,0.13924313,0
-4.9946489,0.73974264,1.0177445,-0.96331626,-0.2294195,-0.13924313,0
-1.6736106,1.2224469,1.0391644,-0.099970311,0.78827155,-0.60715246,0
-3.7684188,-2.4432549,-2.2212298,-0.96331626,-0.2294195,-0.13924313,0
-4.175128,-1.3859086,-1.1496243,-0.96331626,-0.2294195,-0.13924313,0
-3.226424,0.68663162,0.59918833,-0.099970311,0.78827155,-0.60715246,0
1.3702855,1.5863307,2.4742041,-0.24905407,0.57095969,0.7822898,0
4.6131444,0.19879073,0.07524538,0.96331626,0.2294195,0.13924313,0
0.32783076,0.52883863,-0.19089937,-0.099970311,0.78827155,-0.60715246,0
-0.49075007,-1.7263075,-2.0920274,0.24905407,-0.57095969,-0.7822898,0
-2.2093823,0.72716951,1.9616266,-0.24905407,0.57095969,0.7822898,0
-4.9077921,0.39000088,0.99309206,-0.96331626,-0.2294195,-0.13924313,0
-3.1636608,0.74039918,0.65866113,-0.099970311,0.78827155,-0.60715246,0
-1.813823,-1.0118223,-1.8385203,-0.099970311,0.78827155,-0.60715246,0
-4.3024168,-1.1748154,-0.6168139,-0.96331626,-0.2294195,-0.13924313,0
-3.8682237,-2.0767655,-2.1345906,-0.96331626,-0.2294195,-0.13924313,0
-2.0036862,1.2651914,1.6344343,-0.24905407,0.57095969,0.7822898,0
3.9275556,1.8836702,2.0422654,0.96331626,0.2294195,0.13924313,0
4.5239549,0.78802693,-0.27856016,0.96331626,0.2294195,0.13924313,0
2.3612156,-0.80341828,-1.8576376,0.24905407,-0.57095969,-0.7822898,0
-4.7635856,-0.10582769,0.81237555,-0.96331626,-0.2294195,-0.13924313,0
0.11780018,0.99269742,0.44591501,-0.099970311,0.78827155,-0.60715246,0
-0.9506799,-0.51361173,0.3132236,0.099970311,-0.78827155,0.60715246,0
-4.6587839,-0.33306658,0.46173859,-0.96331626,-0.2294195,-0.13924313,0
-3.1656313,-2.488291,-2.3874779,0.24905407,-0.57095969,-0.7822898,0
-2.1711195,-1.7692578,-2.5956511,0.24905407,-0.57095969,-0.7822898,0
-0.80239987,1.230844,2.0419509,-0.24905407,0.57095969,0.7822898,0
-1.0217019,-1.4148955,-2.4883504,0.24905407,-0.57095969,-0.7822898,0
-3.9047813,-2.095165,-1.851361,-0.96331626,-0.2294195,-0.13924313,0
2.7664402,2.2448227,1.63545,-0.099970311,0.78827155,-0.60715246,0
1.4863014,1.3797662,2.370153,0.099970311,-0.78827155,0.60715246,0
-0.18871188,-1.4961263,-2.1638684,0.24905407,-0.57095969,-0.7822898,0
4.3837957,0.012806177,-1.5287018,-0.099970311,0.78827155,-0.60715246,0
1.2599241,1.5252477,2.4836507,-0.24905407,0.57095969,0.7822898,0
-0.22154331,-1.279979,-2.3320773,0.24905407,-0.57095969,-0.7822898,0
0.73581648,-1.6697723,-1.7427937,0.24905407,-0.57095969,-0.7822898,0
-2.0361989,-1.6925271,-2.6086996,0.24905407,-0.57095969,-0.7822898,0
-4.4954343,-0.49720389,-0.3979187,-0.96331626,-0.2294195,-0.13924313,0
-1.7488716,0.90678221,1.9771457,-0.24905407,0.57095969,0.7822898,0
-1.7959325,-1.8463709,-1.277935,0.099970311,-0.78827155,0.60715246,0
-2.280571,-1.7368376,-1.0559289,0.099970311,-0.78827155,0.60715246,0
-0.21651578,1.1815203,2.2644753,-0.24905407,0.57095969,0.7822898,0
1.3312609,-0.96507901,-2.0675504,0.24905407,-0.57095969,-0.7822898,0
0.79889345,-1.5844992,-1.7849493,0.24905407,-0.57095969,-0.7822898,0
0.1822958,1.8011682,1.4849403,-0.099970311,0.78827155,-0.60715246,0
-1.348412,1.5196846,1.6573073,-0.24905407,0.57095969,0.7822898,0
-0.90056491,1.2796335,1.9750888,-0.24905407,0.57095969,0.7822898,0
-4.3357286,0.53947091,1.4216642,-0.24905407,0.57095969,0.7822898,0
4.0935068,1.3719995,1.7372139,0.96331626,0.2294195,0.13924313,0
-4.4192371,0.4567818,1.45543,-0.24905407,0.57095969,0.7822898,0
-1.3598063,-1.3044591,-0.64617616,0.099970311,-0.78827155,0.60715246,0
-2.6184003,-0.13315618,1.0817699,0.099970311,-0.78827155,0.60715246,0
-1.3618052,0.58420837,0.15919363,-0.099970311,0.78827155,-0.60715246,0
-4.3487401,-0.78643465,-0.93623972,-0.96331626,-0.2294195,-0.13924313,0
-3.7743514,-2.0634937,-2.8058882,-0.96331626,-0.2294195,-0.13924313,0
-3.0499732,1.1103354,1.1202331,-0.099970311,0.78827155,-0.60715246,0
2.8409424,0.7795577,-0.27918363,-0.099970311,0.78827155,-0.60715246,0
-1.0173564,-1.2473482,-2.2754474,-0.099970311,0.78827155,-0.60715246,0
-4.3629456,-0.17967653,1.308619,0.099970311,-0.78827155,0.60715246,0
-3.845417,-2.2275393,-2.0439563,-0.96331626,-0.2294195,-0.13924313,0
3.8431211,0.74290538,1.1552501,0.099970311,-0.78827155,0.60715246,0
2.3078268,0.092852831,-1.0829585,-0.099970311,0.78827155,-0.60715246,0
4.4234481,0.88977802,0.24912167,0.96331626,0.2294195,0.13924313,0
4.7455025,-0.11708069,-0.32000399,0.96331626,0.2294195,0.13924313,0
3.3975515,0.39563254,0.77774763,0.099970311,-0.78827155,0.60715246,0
4.5139995,0.43189788,0.37707853,0.96331626,0.2294195,0.13924313,0
-1.5814986,-2.1061056,-2.1620858,0.24905407,-0.57095969,-0.7822898,0
-1.7729878,-0.13582388,-0.70792758,-0.099970311,0.78827155,-0.60715246,0
-2.3327551,-1.5717249,-0.83296943,0.099970311,-0.78827155,0.60715246,0
-3.7721736,-2.2189231,-2.5648646,-0.96331626,-0.2294195,-0.13924313,0
-4.6960149,-0.42200792,0.86584949,-0.96331626,-0.2294195,-0.13924313,0
-2.6722941,-2.5534787,-2.1828389,0.24905407,-0.57095969,-0.7822898,0
0.66455638,-1.0273383,-0.61970794,0.099970311,-0.78827155,0.60715246,0
-4.8798146,0.08509481,1.3019061,-0.96331626,-0.2294195,-0.13924313,0
-4.706624,-0.031076491,0.29514074,-0.96331626,-0.2294195,-0.13924313,0
0.4029398,1.5552521,2.1889176,-0.24905407,0.57095969,0.7822898,0
4.0306511,1.8383961,1.4036233,0.96331626,0.2294195,0.13924313,0
2.9599409,-0.97944558,-1.5385494,0.24905407,-0.57095969,-0.7822898,0
-4.829525,0.33941895,0.53496218,-0.96331626,-0.2294195,-0.13924313,0
-3.9269409,-1.7483383,-2.2694938,-0.96331626,-0.2294195,-0.13924313,0
3.0503647,2.6682158,2.2194614,-0.24905407,0.57095969,0.7822898,0
3.8646019,1.9153613,2.4255805,0.96331626,0.2294195,0.13924313,0
-4.3683176,-0.73322523,-0.88846612,-0.96331626,-0.2294195,-0.13924313,0
-3.2090368,-2.3204997,-2.5237603,0.24905407,-0.57095969,-0.7822898,0
3.1698544,-0.18782482,0.05773139,0.099970311,-0.78827155,0.60715246,0
0.39505506,-1.1316658,-2.2440209,0.24905407,-0.57095969,-0.7822898,0
-3.1438558,0.70656651,1.6791596,-0.24905407,0.57095969,0.7822898,0
4.40517,0.68051273,0.72036386,0.96331626,0.2294195,0.13924313,0
4.2438416,1.1269442,1.1009235,0.96331626,0.2294195,0.13924313,0
2.4381602,2.2644696,1.7150108,-0.099970311,0.78827155,-0.60715246,0
3.3248117,1.3117104,0.33204389,-0.099970311,0.78827155,-0.60715246,0
1.9353478,2.3974173,2.0621233,-0.24905407,0.57095969,0.7822898,0
-2.0641665,0.51431549,0.18409801,-0.099970311,0.78827155,-0.60715246,0
1.8515435,1.9826672,1.4457328,-0.099970311,0.78827155,-0.60715246,0
-4.705997,0.041503429,0.1712184,-0.96331626,-0.2294195,-0.13924313,0
-3.4160819,0.86774224,0.86555386,-0.099970311,0.78827155,-0.60715246,0
