3.8132658,-0.45402181,-2.0826445,0.77838266,-0.49368101,-0.38781381,0
0.024535775,-1.2940867,0.60984927,0.46538931,0.039156318,0.88423961,0
3.3193958,-1.9619752,-1.1542912,0.77838266,-0.49368101,-0.38781381,0
0.78347492,-2.6576123,0.081791162,-0.4213469,-0.86876112,0.26023242,0
-1.2520151,2.8998823,-0.031617522,0.4213469,0.86876112,-0.26023242,0
0.57379723,-2.2192709,0.36173362,0.46538931,0.039156318,0.88423961,0
-2.4078727,1.5592821,1.7637105,0.46538931,0.039156318,0.88423961,0
-3.3638549,-0.029050231,2.1419799,-0.4213469,-0.86876112,0.26023242,0
-3.3669708,1.5130215,1.6303144,-0.77838266,0.49368101,0.38781381,0
0.31409347,-1.687968,-0.65602273,-0.46538931,-0.039156318,-0.88423961,0
0.81237996,-2.6124768,0.25357592,0.46538931,0.039156318,0.88423961,0
1.0191802,1.5460563,-0.87390417,0.4213469,0.86876112,-0.26023242,0
-3.0392785,1.7113283,2.0355868,-0.77838266,0.49368101,0.38781381,0
-1.2172877,1.8212593,1.1254854,0.46538931,0.039156318,0.88423961,0
-2.4841051,0.17862959,0.734056,-0.46538931,-0.039156318,-0.88423961,0
-2.4480956,3.0308666,1.5423989,-0.77838266,0.49368101,0.38781381,0
0.33698225,-2.4725976,-0.023479342,-0.4213469,-0.86876112,0.26023242,0
1.7221987,-2.0181575,-1.3825095,-0.46538931,-0.039156318,-0.88423961,0
2.3764815,-3.50248,-1.0857794,0.77838266,-0.49368101,-0.38781381,0
-0.58029318,2.5925946,0.030130029,0.4213469,0.86876112,-0.26023242,0
2.6751912,-3.0806289,-1.0232477,0.77838266,-0.49368101,-0.38781381,0
-3.8814323,0.1616118,1.9404678,-0.4213469,-0.86876112,0.26023242,0
0.17561114,-1.7635654,0.55112565,0.46538931,0.039156318,0.88423961,0
2.678719,-0.81756151,-1.9391062,-0.46538931,-0.039156318,-0.88423961,0
-2.9835701,2.4044149,1.2651095,-0.77838266,0.49368101,0.38781381,0
2.6349001,-2.6158347,-1.6957932,0.77838266,-0.49368101,-0.38781381,0
-1.0579927,0.10483092,1.1176537,0.46538931,0.039156318,0.88423961,0
-3.7069485,1.1546319,1.3344383,-0.46538931,-0.039156318,-0.88423961,0
1.7479978,-3.5017695,-1.1746733,-0.4213469,-0.86876112,0.26023242,0
1.3422267,1.3992293,-0.84102201,0.4213469,0.86876112,-0.26023242,0
0.054348707,2.0928748,-0.61057818,0.4213469,0.86876112,-0.26023242,0
2.4273982,-3.6540961,-0.58317089,-0.4213469,-0.86876112,0.26023242,0
1.5080727,-3.2858353,-0.84226227,-0.4213469,-0.86876112,0.26023242,0
-2.8981247,-0.3876161,1.6990144,-0.4213469,-0.86876112,0.26023242,0
-0.52251625,-1.8624346,0.62186182,-0.4213469,-0.86876112,0.26023242,0
-1.8144155,1.5173241,0.32230735,-0.46538931,-0.039156318,-0.88423961,0
1.4237018,-3.2269993,-0.78245139,-0.4213469,-0.86876112,0.26023242,0
0.67426157,-0.78429753,0.24531364,0.46538931,0.039156318,0.88423961,0
-1.0335456,-1.5944192,0.68918914,-0.4213469,-0.86876112,0.26023242,0
-3.8914504,0.11453891,1.7670989,-0.4213469,-0.86876112,0.26023242,0
2.1060915,-3.5529606,-0.7657733,-0.4213469,-0.86876112,0.26023242,0
4.031764,-0.18768674,-1.7841125,0.4213469,0.86876112,-0.26023242,0
0.35211575,-2.3613849,0.37229577,-0.4213469,-0.86876112,0.26023242,0
-2.1659069,3.6158087,0.8787365,0.4213469,0.86876112,-0.26023242,0
-2.3584366,-0.87282908,0.71447587,-0.46538931,-0.039156318,-0.88423961,0
0.43720388,-2.4006045,0.37913293,-0.4213469,-0.86876112,0.26023242,0
-2.1937118,3.7129169,1.1847334,-0.77838266,0.49368101,0.38781381,0
3.2702582,-1.2436136,-2.1673789,0.77838266,-0.49368101,-0.38781381,0
-1.116454,0.21891101,0.01245594,-0.46538931,-0.039156318,-0.88423961,0
2.7837722,-3.0032268,-0.90384603,0.77838266,-0.49368101,-0.38781381,0
2.9401886,-2.3713706,-1.3942459,0.77838266,-0.49368101,-0.38781381,0
0.70197278,-1.7991245,0.27566785,0.46538931,0.039156318,0.88423961,0
1.0215263,-2.7677031,0.099696279,-0.4213469,-0.86876112,0.26023242,0
-2.4479716,3.2133269,1.3103788,-0.77838266,0.49368101,0.38781381,0
-1.799682,-1.098863,1.1030912,-0.4213469,-0.86876112,0.26023242,0
3.6697497,-0.92496401,-1.771194,0.77838266,-0.49368101,-0.38781381,0
-2.5718141,2.9961891,1.3382277,-0.77838266,0.49368101,0.38781381,0
-2.5082862,3.3891404,0.96551371,-0.77838266,0.49368101,0.38781381,0
-3.1273787,1.7176759,1.8506794,-0.77838266,0.49368101,0.38781381,0
3.276505,-2.0510552,-1.1269813,0.77838266,-0.49368101,-0.38781381,0
1.2602075,-0.65891737,-0.068631172,0.46538931,0.039156318,0.88423961,0
-0.80920744,-1.7407334,0.56396294,-0.4213469,-0.86876112,0.26023242,0
3.3000085,-1.5477469,-1.7205091,0.77838266,-0.49368101,-0.38781381,0
0.16838217,-2.4054296,-0.54756165,-0.46538931,-0.039156318,-0.88423961,0
-2.4229956,1.3173525,1.7823834,0.46538931,0.039156318,0.88423961,0
-1.4897144,0.8193602,0.1823194,-0.46538931,-0.039156318,-0.88423961,0
-0.6241287,-1.7320111,0.89274615,-0.4213469,-0.86876112,0.26023242,0
1.2059046,1.3483913,-1.2314601,0.4213469,0.86876112,-0.26023242,0
2.7205362,-3.0882235,-0.92256904,0.77838266,-0.49368101,-0.38781381,0
-2.4481533,3.528518,0.90878129,-0.77838266,0.49368101,0.38781381,0
-1.9078238,1.504418,0.37204099,-0.46538931,-0.039156318,-0.88423961,0
0.22669625,-2.316668,0.31850964,-0.4213469,-0.86876112,0.26023242,0
-3.4775491,1.2446914,1.2097135,-0.46538931,-0.039156318,-0.88423961,0
-4.0369592,0.52658701,1.5412946,-0.77838266,0.49368101,0.38781381,0
-3.1548915,1.9633873,1.4826713,-0.77838266,0.49368101,0.38781381,0
-3.4818127,-0.041223288,1.9103544,-0.4213469,-0.86876112,0.26023242,0
-2.443203,0.54547131,1.8271992,0.46538931,0.039156318,0.88423961,0
-2.8989058,2.0628338,1.8698671,-0.77838266,0.49368101,0.38781381,0
1.7141056,-3.486551,-1.1787412,-0.4213469,-0.86876112,0.26023242,0
3.8759542,-0.19796932,-2.070713,0.4213469,0.86876112,-0.26023242,0
0.26680255,2.1894453,0.055801839,0.4213469,0.86876112,-0.26023242,0
-3.3469896,1.5777786,1.5879846,-0.77838266,0.49368101,0.38781381,0
-2.2913058,-0.81440097,1.2567439,-0.4213469,-0.86876112,0.26023242,0
-3.0400519,-0.47991273,1.1610928,-0.4213469,-0.86876112,0.26023242,0
2.1649039,0.98329234,-0.61750817,0.46538931,0.039156318,0.88423961,0
-1.7173929,2.5011058,1.3585937,0.46538931,0.039156318,0.88423961,0
1.6872411,-2.2805066,-1.352493,-0.46538931,-0.039156318,-0.88423961,0
-3.4411681,1.1606053,1.9300137,-0.77838266,0.49368101,0.38781381,0
-2.7120194,2.5545599,1.6190078,-0.77838266,0.49368101,0.38781381,0
2.0827322,0.29779506,-1.6748197,-0.46538931,-0.039156318,-0.88423961,0
-3.9525778,0.20969129,1.9857845,-0.4213469,-0.86876112,0.26023242,0
1.7039043,1.2758055,-0.66746163,0.4213469,0.86876112,-0.26023242,0
-2.3341947,1.3352747,1.7348521,0.46538931,0.039156318,0.88423961,0
-3.9651761,0.45561385,1.5013013,-0.46538931,-0.039156318,-0.88423961,0
-3.6479166,0.12212515,2.1867347,-0.4213469,-0.86876112,0.26023242,0
3.7613072,-0.8622039,-1.6673212,0.77838266,-0.49368101,-0.38781381,0
4.0267367,-0.1739409,-1.7463617,0.4213469,0.86876112,-0.26023242,0
0.63465011,-2.6114867,-0.0051881075,-0.4213469,-0.86876112,0.26023242,0
-3.0110769,1.780376,2.0042918,-0.77838266,0.49368101,0.38781381,0
-1.3512772,3.0456529,0.29430699,0.4213469,0.86876112,-0.26023242,0
-3.9466417,0.47940373,1.7826357,-0.77838266,0.49368101,0.38781381,0
2.2047775,-3.6683178,-0.99109864,-0.4213469,-0.86876112,0.26023242,0
-0.55430341,-1.9712441,0.20714495,-0.4213469,-0.86876112,0.26023242,0
0.87832618,1.8565282,-0.065482497,0.4213469,0.86876112,-0.26023242,0
0.52758992,-2.6662669,-0.3614099,-0.4213469,-0.86876112,0.26023242,0
2.047159,-3.2229624,-0.36927414,0.46538931,0.039156318,0.88423961,0
-2.6795955,2.4948208,1.760133,-0.77838266,0.49368101,0.38781381,0
0.19200349,2.1101074,-0.3301695,0.4213469,0.86876112,-0.26023242,0
3.3444912,-1.0701863,-2.2391558,0.77838266,-0.49368101,-0.38781381,0
3.7223313,-0.52180934,-2.1788673,0.77838266,-0.49368101,-0.38781381,0
0.33338201,-1.2417748,-0.68593311,-0.46538931,-0.039156318,-0.88423961,0
-1.3324474,3.1817226,0.77905107,0.4213469,0.86876112,-0.26023242,0
1.490078,-1.3065441,-1.2918525,-0.46538931,-0.039156318,-0.88423961,0
1.2488768,-3.1928809,-0.95161152,-0.4213469,-0.86876112,0.26023242,0
-2.6971812,2.8728659,1.2435908,-0.77838266,0.49368101,0.38781381,0
0.037785947,-0.44017059,0.56506211,0.46538931,0.039156318,0.88423961,0
3.1797695,0.3310467,-1.4318497,0.4213469,0.86876112,-0.26023242,0
-3.7867258,0.56674576,1.9924169,-0.77838266,0.49368101,0.38781381,0
2.2791722,0.90646291,-0.96905041,0.4213469,0.86876112,-0.26023242,0
2.6820989,-2.5952623,-1.6272476,0.77838266,-0.49368101,-0.38781381,0
-0.83984172,-1.6578181,0.7911675,-0.4213469,-0.86876112,0.26023242,0
1.8988764,-1.3951142,-0.37217212,0.46538931,0.039156318,0.88423961,0
-3.6929812,0.62502706,2.1063814,-0.77838266,0.49368101,0.38781381,0
-1.9674371,0.23587751,1.5905058,0.46538931,0.039156318,0.88423961,0
0.17512429,1.5268655,-0.72524166,-0.46538931,-0.039156318,-0.88423961,0
-1.5838898,3.3837414,1.0463572,0.4213469,0.86876112,-0.26023242,0
-0.55382979,1.6744094,-0.34811521,-0.46538931,-0.039156318,-0.88423961,0
-0.82173383,1.7896249,0.91870022,0.46538931,0.039156318,0.88423961,0
0.88775349,1.6261237,-0.8194018,0.4213469,0.86876112,-0.26023242,0
-1.1287616,2.2318454,1.0607113,0.46538931,0.039156318,0.88423961,0
-1.0501992,-1.563576,0.76519239,-0.4213469,-0.86876112,0.26023242,0
-2.1273351,2.9438033,1.5547493,0.46538931,0.039156318,0.88423961,0
-2.6961153,3.227731,0.793993,-0.77838266,0.49368101,0.38781381,0
0.76316059,-2.0054569,0.25260055,0.46538931,0.039156318,0.88423961,0
0.9663471,-2.8759525,-0.35102558,-0.4213469,-0.86876112,0.26023242,0
2.0161047,-3.5901535,-1.0356374,-0.4213469,-0.86876112,0.26023242,0
3.6750035,-1.1484458,-1.4761605,0.77838266,-0.49368101,-0.38781381,0
0.077922106,2.1313412,-0.44399312,0.4213469,0.86876112,-0.26023242,0
-2.4105287,0.5245434,1.8109291,0.46538931,0.039156318,0.88423961,0
-0.63591254,0.77253455,0.86593878,0.46538931,0.039156318,0.88423961,0
0.8631866,-2.4048274,0.2176404,0.46538931,0.039156318,0.88423961,0
-4.0073953,0.50695509,1.6256232,-0.77838266,0.49368101,0.38781381,0
-3.7758851,0.063008904,1.7821841,-0.4213469,-0.86876112,0.26023242,0
1.6085063,-3.3830054,-1.0040424,-0.4213469,-0.86876112,0.26023242,0
0.23589444,1.9196676,0.35629517,0.46538931,0.039156318,0.88423961,0
-3.4363291,0.76043975,2.3403783,0.46538931,0.039156318,0.88423961,0
-1.5321565,0.21602511,1.3622898,0.46538931,0.039156318,0.88423961,0
2.6230907,-3.4052577,-0.71457124,0.77838266,-0.49368101,-0.38781381,0
2.773356,0.54793823,-1.3658087,0.4213469,0.86876112,-0.26023242,0
-2.8323815,2.3314667,1.6614234,-0.77838266,0.49368101,0.38781381,0
-2.7393417,-0.56990182,1.3475575,-0.4213469,-0.86876112,0.26023242,0
-3.0943789,-0.23197353,1.9008524,-0.4213469,-0.86876112,0.26023242,0
1.3135881,-2.7884712,-0.0024244785,0.46538931,0.039156318,0.88423961,0
0.058546245,-0.62286818,-0.56868935,-0.46538931,-0.039156318,-0.88423961,0
2.3632443,-3.3807988,-1.2672462,0.77838266,-0.49368101,-0.38781381,0
1.0878968,1.7484349,-0.087021947,0.4213469,0.86876112,-0.26023242,0
-2.4775734,-0.55665737,1.8156071,-0.4213469,-0.86876112,0.26023242,0
-1.7441248,2.2886944,1.3820693,0.46538931,0.039156318,0.88423961,0
-0.91039824,-1.8220543,0.12864149,-0.4213469,-0.86876112,0.26023242,0
2.6123791,-2.0864244,-0.71708703,0.46538931,0.039156318,0.88423961,0
2.7153316,-2.7743061,-1.3326261,0.77838266,-0.49368101,-0.38781381,0
-3.3338423,1.7889301,1.3455801,-0.77838266,0.49368101,0.38781381,0
-2.8602018,2.7352333,1.0915956,-0.77838266,0.49368101,0.38781381,0
-0.4004693,2.137877,-0.44935453,-0.46538931,-0.039156318,-0.88423961,0
-0.79891455,2.7008126,0.037430525,0.4213469,0.86876112,-0.26023242,0
-2.5039592,-0.78568494,1.0082984,-0.4213469,-0.86876112,0.26023242,0
-2.1075451,-1.0627897,0.72505319,-0.4213469,-0.86876112,0.26023242,0
-2.7054033,2.9100461,1.1797583,-0.77838266,0.49368101,0.38781381,0
2.9148779,-2.3997691,-1.4088962,0.77838266,-0.49368101,-0.38781381,0
-3.3907967,-0.22757831,1.43559,-0.4213469,-0.86876112,0.26023242,0
3.0939412,0.38646618,-1.3858025,0.4213469,0.86876112,-0.26023242,0
-1.608183,-1.0851492,0.32900763,-0.46538931,-0.039156318,-0.88423961,0
0.96526754,-1.3706949,0.11811972,0.46538931,0.039156318,0.88423961,0
0.63794243,-2.6033599,0.027272463,-0.4213469,-0.86876112,0.26023242,0
-1.0942714,-1.554511,0.72409749,-0.4213469,-0.86876112,0.26023242,0
-0.53411913,2.7003906,0.46475661,0.4213469,0.86876112,-0.26023242,0
-2.068711,1.3152853,1.5960093,0.46538931,0.039156318,0.88423961,0
-2.2870481,3.5590568,1.19326,-0.77838266,0.49368101,0.38781381,0
2.5349472,-2.5796056,-1.7854092,-0.46538931,-0.039156318,-0.88423961,0
0.93542385,-2.9743476,-0.72957635,-0.4213469,-0.86876112,0.26023242,0
2.6463258,-3.3243437,-0.77093887,0.77838266,-0.49368101,-0.38781381,0
3.3712726,-1.8972604,-1.1325498,0.77838266,-0.49368101,-0.38781381,0
1.9835075,0.89191145,-1.4963443,0.4213469,0.86876112,-0.26023242,0
2.4474447,-3.659004,-0.56709623,-0.4213469,-0.86876112,0.26023242,0
-3.0721817,1.9875207,1.6179569,-0.77838266,0.49368101,0.38781381,0
1.6204102,0.30956838,-0.30109835,0.46538931,0.039156318,0.88423961,0
-1.2705858,2.1374331,1.1395364,0.46538931,0.039156318,0.88423961,0
-3.1087208,1.7405307,1.8590336,-0.77838266,0.49368101,0.38781381,0
3.4079132,0.11091107,-1.7973595,0.4213469,0.86876112,-0.26023242,0
2.3104784,-3.4113448,-1.3342686,0.77838266,-0.49368101,-0.38781381,0
0.69053257,-0.31904632,-0.91476762,-0.46538931,-0.039156318,-0.88423961,0
-3.4527462,0.92047513,2.2124572,-0.77838266,0.49368101,0.38781381,0
3.0961738,-2.1280024,-0.96987486,0.46538931,0.039156318,0.88423961,0
4.0789032,-0.19756639,-1.5725851,0.46538931,0.039156318,0.88423961,0
3.6772749,-0.82846737,-1.8789291,0.77838266,-0.49368101,-0.38781381,0
-3.6970587,0.97864741,1.6480436,-0.77838266,0.49368101,0.38781381,0
2.4219897,-2.4154193,-1.7332287,-0.46538931,-0.039156318,-0.88423961,0
-0.67803049,-1.8986337,0.24921899,-0.4213469,-0.86876112,0.26023242,0
-2.3545158,3.3609393,0.52493095,-0.46538931,-0.039156318,-0.88423961,0
1.985781,-3.5071373,-0.80759263,-0.4213469,-0.86876112,0.26023242,0
-1.6058862,-1.2910089,0.7754091,-0.4213469,-0.86876112,0.26023242,0
-1.2412935,2.9330437,0.096449852,0.4213469,0.86876112,-0.26023242,0
2.0173004,0.14550531,-1.6336381,-0.46538931,-0.039156318,-0.88423961,0
2.7414801,0.65620959,-1.0559664,0.4213469,0.86876112,-0.26023242,0
3.5689244,-0.62362134,-2.3571658,0.77838266,-0.49368101,-0.38781381,0
2.2859745,0.82166731,-1.241118,0.4213469,0.86876112,-0.26023242,0
-3.1456363,1.8059938,1.7016072,-0.77838266,0.49368101,0.38781381,0
-3.7280629,-0.0036085248,1.6372185,-0.4213469,-0.86876112,0.26023242,0
-1.4720633,3.2859144,0.90083003,0.4213469,0.86876112,-0.26023242,0
2.8530722,-2.4771485,-1.4344437,0.77838266,-0.49368101,-0.38781381,0
-1.4616768,3.1099267,0.33012938,0.4213469,0.86876112,-0.26023242,0
-2.7441308,1.8158661,1.9293261,0.46538931,0.039156318,0.88423961,0
-2.8018155,-0.45762599,1.621228,-0.4213469,-0.86876112,0.26023242,0
3.647265,-1.0498371,-1.6573615,0.77838266,-0.49368101,-0.38781381,0
0.51626921,2.0886505,0.12322287,0.4213469,0.86876112,-0.26023242,0
3.4917161,0.09602809,-1.7113578,0.4213469,0.86876112,-0.26023242,0
0.15106776,0.41232908,0.46768937,0.46538931,0.039156318,0.88423961,0
-2.888108,2.2131219,1.7002254,-0.77838266,0.49368101,0.38781381,0
0.70469964,1.6637354,-0.99022406,0.4213469,0.86876112,-0.26023242,0
-3.0704687,1.7487832,1.9253054,-0.77838266,0.49368101,0.38781381,0
-2.6437972,3.3340771,0.76362395,-0.77838266,0.49368101,0.38781381,0
0.72003984,1.9741058,0.070755117,0.4213469,0.86876112,-0.26023242,0
-2.6611197,3.2141306,0.88154531,-0.77838266,0.49368101,0.38781381,0
-3.3028126,-0.01695323,2.2812002,-0.4213469,-0.86876112,0.26023242,0
-1.4942582,3.1598296,0.44397163,0.4213469,0.86876112,-0.26023242,0
0.73504233,0.67627513,0.14864615,0.46538931,0.039156318,0.88423961,0
3.5720732,-0.034846425,-2.0181637,0.4213469,0.86876112,-0.26023242,0
-1.5096078,-1.2644699,1.0198932,-0.4213469,-0.86876112,0.26023242,0
-2.435329,3.2480917,1.2914996,-0.77838266,0.49368101,0.38781381,0
3.7580402,0.045531034,-1.4487267,0.4213469,0.86876112,-0.26023242,0
-3.0529127,1.9369054,0.95556808,-0.46538931,-0.039156318,-0.88423961,0
-3.3578176,0.0095436573,2.2805955,-0.4213469,-0.86876112,0.26023242,0
-1.8871999,0.65616834,1.5296643,0.46538931,0.039156318,0.88423961,0
-2.5449777,-0.63877785,1.4323215,-0.4213469,-0.86876112,0.26023242,0
2.8605835,-2.1267474,-1.8654232,0.77838266,-0.49368101,-0.38781381,0
-1.4259082,2.7778511,0.062010527,-0.46538931,-0.039156318,-0.88423961,0
2.7847652,0.51268017,-1.4650416,0.4213469,0.86876112,-0.26023242,0
3.4831557,-1.5250211,-1.381844,0.77838266,-0.49368101,-0.38781381,0
-3.0580242,1.9011028,1.756381,-0.77838266,0.49368101,0.38781381,0
-0.095164299,2.4371731,0.29674971,0.4213469,0.86876112,-0.26023242,0
-2.4179697,3.6749065,0.78301215,-0.77838266,0.49368101,0.38781381,0
2.5311074,-2.8674881,-1.583765,0.77838266,-0.49368101,-0.38781381,0
-3.8567519,0.43360519,2.0213528,-0.77838266,0.49368101,0.38781381,0
-4.1025796,0.33439517,1.6542449,-0.77838266,0.49368101,0.38781381,0
0.87741685,1.8626657,-0.046464562,0.4213469,0.86876112,-0.26023242,0
0.73256445,0.65418816,0.15092835,0.46538931,0.039156318,0.88423961,0
4.1135373,-0.37032372,-1.5865145,0.77838266,-0.49368101,-0.38781381,0
-0.94343489,-0.34678,1.0773588,0.46538931,0.039156318,0.88423961,0
2.1771677,-2.7012584,-0.46080184,0.46538931,0.039156318,0.88423961,0
-1.956412,2.434226,1.4873552,0.46538931,0.039156318,0.88423961,0
-3.1845274,1.4554009,2.0698481,-0.77838266,0.49368101,0.38781381,0
3.2090688,0.38010892,-1.2206204,0.4213469,0.86876112,-0.26023242,0
1.498332,-1.3450224,-1.2944925,-0.46538931,-0.039156318,-0.88423961,0
2.5787716,0.72639287,-1.0851099,0.4213469,0.86876112,-0.26023242,0
1.3108728,-2.9810793,-0.14415431,-0.4213469,-0.86876112,0.26023242,0
-2.9412355,0.038679481,2.111764,0.46538931,0.039156318,0.88423961,0
-3.6772842,0.49293303,2.3060408,-0.77838266,0.49368101,0.38781381,0
1.8528965,-2.3973036,-1.4345078,-0.46538931,-0.039156318,-0.88423961,0
2.1540558,0.8407504,-1.3910036,0.4213469,0.86876112,-0.26023242,0
2.0557439,-3.7271662,-1.4288597,-0.4213469,-0.86876112,0.26023242,0
0.094817877,-2.3444057,0.012383819,-0.4213469,-0.86876112,0.26023242,0
0.4731766,-2.329386,-0.71134698,-0.46538931,-0.039156318,-0.88423961,0
-0.38450098,2.6436925,0.51772463,0.4213469,0.86876112,-0.26023242,0
2.5784612,-3.0731146,-1.2269607,0.77838266,-0.49368101,-0.38781381,0
1.7350061,1.1890138,-0.90684986,0.4213469,0.86876112,-0.26023242,0
1.3053089,1.4266012,-0.80941725,0.4213469,0.86876112,-0.26023242,0
1.0444772,1.7163627,-0.26439267,0.4213469,0.86876112,-0.26023242,0
-1.907141,-0.03900075,1.5709431,0.46538931,0.039156318,0.88423961,0
2.3716037,-3.103843,-1.6030288,0.77838266,-0.49368101,-0.38781381,0
1.4663771,-3.2786989,-0.88594937,-0.4213469,-0.86876112,0.26023242,0
-1.08263,-0.50737858,0.026815653,-0.46538931,-0.039156318,-0.88423961,0
2.655549,-3.0713758,-1.0744503,0.77838266,-0.49368101,-0.38781381,0
-3.5241432,1.0840119,1.8609762,-0.77838266,0.49368101,0.38781381,0
-0.59553576,2.6537805,0.2097131,0.4213469,0.86876112,-0.26023242,0
0.77297688,-2.4925857,0.2690053,0.46538931,0.039156318,0.88423961,0
-1.3136945,1.6403742,0.053320885,-0.46538931,-0.039156318,-0.88423961,0
-0.42751366,-0.48309407,0.81185734,0.46538931,0.039156318,0.88423961,0
-2.2288766,-0.78244114,1.4645195,-0.4213469,-0.86876112,0.26023242,0
-3.2512844,0.80037391,1.1103024,-0.46538931,-0.039156318,-0.88423961,0
2.2379935,-3.4948401,-1.3734651,0.77838266,-0.49368101,-0.38781381,0
1.2392995,1.6109151,-0.30097973,0.4213469,0.86876112,-0.26023242,0
-1.9422228,-1.0799048,0.50458574,-0.46538931,-0.039156318,-0.88423961,0
-1.6049618,3.275919,0.65228319,0.4213469,0.86876112,-0.26023242,0
1.5051166,1.3554476,-0.72344398,0.4213469,0.86876112,-0.26023242,0
-0.48340583,-2.044198,0.078386515,-0.4213469,-0.86876112,0.26023242,0
1.3000387,-3.1716323,-0.79783916,-0.4213469,-0.86876112,0.26023242,0
0.98003632,0.49166241,0.027876973,0.46538931,0.039156318,0.88423961,0
-3.0468216,2.4220905,1.1156569,-0.77838266,0.49368101,0.38781381,0
-0.059991896,-0.9644649,-0.49117419,-0.46538931,-0.039156318,-0.88423961,0
-3.852808,0.46096039,1.9944458,-0.77838266,0.49368101,0.38781381,0
1.341194,0.91304213,-1.3117812,-0.46538931,-0.039156318,-0.88423961,0
0.68096179,-0.89791763,0.24681866,0.46538931,0.039156318,0.88423961,0
-2.4664783,1.2241113,0.67848253,-0.46538931,-0.039156318,-0.88423961,0
0.89672792,1.5732226,-0.98147595,0.4213469,0.86876112,-0.26023242,0
-2.257128,-0.84307319,1.216362,-0.4213469,-0.86876112,0.26023242,0
2.7565105,-3.1390493,-0.74633312,0.46538931,0.039156318,0.88423961,0
-1.4503567,0.9972828,0.15372598,-0.46538931,-0.039156318,-0.88423961,0
0.13795471,-2.3589399,0.033707619,-0.4213469,-0.86876112,0.26023242,0
-1.745675,-0.47300953,0.3742646,-0.46538931,-0.039156318,-0.88423961,0
-2.5107481,3.0120311,1.4406261,-0.77838266,0.49368101,0.38781381,0
-0.53343511,0.9287951,0.80508363,0.46538931,0.039156318,0.88423961,0
3.4825625,-0.76181364,-2.3545861,0.77838266,-0.49368101,-0.38781381,0
3.5428207,-1.062722,-1.8505902,0.77838266,-0.49368101,-0.38781381,0
-0.63991952,0.51548952,-0.25148493,-0.46538931,-0.039156318,-0.88423961,0
3.3257248,-0.75532424,-1.1514766,0.46538931,0.039156318,0.88423961,0
1.2496872,-1.4771292,-1.1577768,-0.46538931,-0.039156318,-0.88423961,0
2.6566145,-3.1790981,-0.93518329,0.77838266,-0.49368101,-0.38781381,0
-3.4646175,1.4472523,1.5180507,-0.77838266,0.49368101,0.38781381,0
-2.7635078,2.718857,1.3065174,-0.77838266,0.49368101,0.38781381,0
2.2652059,0.83554804,-1.2284055,0.4213469,0.86876112,-0.26023242,0
-1.3005044,3.1889567,0.85492015,0.4213469,0.86876112,-0.26023242,0
-3.1585789,1.6799583,1.836071,-0.77838266,0.49368101,0.38781381,0
3.0042963,-2.1834855,-1.5047495,0.77838266,-0.49368101,-0.38781381,0
2.5906854,-2.6321545,-1.7637613,0.77838266,-0.49368101,-0.38781381,0
-0.97994089,2.945013,0.55956805,0.4213469,0.86876112,-0.26023242,0
-2.8890467,2.722585,1.0498023,-0.77838266,0.49368101,0.38781381,0
1.2408845,0.34198552,-1.2336987,-0.46538931,-0.039156318,-0.88423961,0
-2.0043654,-0.98004615,1.1683438,-0.4213469,-0.86876112,0.26023242,0
1.5149254,1.3717506,-0.65313697,0.4213469,0.86876112,-0.26023242,0
-3.391712,-0.13443482,1.745059,-0.4213469,-0.86876112,0.26023242,0
-0.58876824,2.2998967,-0.35742456,-0.46538931,-0.039156318,-0.88423961,0
1.6352282,-2.9745092,-1.2943859,-0.46538931,-0.039156318,-0.88423961,0
2.7403648,-2.7760971,-1.2801023,0.77838266,-0.49368101,-0.38781381,0
-2.8409996,-0.33692646,1.9607277,-0.4213469,-0.86876112,0.26023242,0
2.4578612,-3.3309851,-1.1407526,0.77838266,-0.49368101,-0.38781381,0
1.3123951,-1.4770391,-1.1907852,-0.46538931,-0.039156318,-0.88423961,0
2.4081879,-3.6618524,-0.64016795,-0.4213469,-0.86876112,0.26023242,0
-1.1566004,-0.73938453,0.076021194,-0.46538931,-0.039156318,-0.88423961,0
-2.7224712,3.0094781,1.0189261,-0.77838266,0.49368101,0.38781381,0
3.8254709,-0.70112169,-1.7435937,0.77838266,-0.49368101,-0.38781381,0
-0.36752939,2.4045591,-0.25312001,0.4213469,0.86876112,-0.26023242,0
3.0750763,-2.3138452,-1.1967409,0.77838266,-0.49368101,-0.38781381,0
2.5988326,-2.6229744,-1.7590954,0.77838266,-0.49368101,-0.38781381,0
3.6934328,-1.1929451,-1.382524,0.77838266,-0.49368101,-0.38781381,0
1.7450299,-3.4909852,-1.1434755,-0.4213469,-0.86876112,0.26023242,0
-3.2815399,1.6704056,1.6014357,-0.77838266,0.49368101,0.38781381,0
1.1975609,0.67241406,-1.225529,-0.46538931,-0.039156318,-0.88423961,0
0.41691995,2.0515149,-0.16160838,0.4213469,0.86876112,-0.26023242,0
2.3866239,-3.3619208,-1.2443523,0.77838266,-0.49368101,-0.38781381,0
3.8003075,-0.32202947,-2.2766781,0.77838266,-0.49368101,-0.38781381,0
-2.7003868,2.8797948,1.2283363,-0.77838266,0.49368101,0.38781381,0
-1.4109654,3.0751436,0.29611564,0.4213469,0.86876112,-0.26023242,0
2.8302236,-0.33424747,-0.90933251,0.46538931,0.039156318,0.88423961,0
-1.9599382,2.7958028,0.34228396,-0.46538931,-0.039156318,-0.88423961,0
3.1503489,-0.6975807,-2.1926458,-0.46538931,-0.039156318,-0.88423961,0
2.7096486,-2.7679715,-1.3520966,0.77838266,-0.49368101,-0.38781381,0
-2.4526386,3.5131946,0.91928506,-0.77838266,0.49368101,0.38781381,0
-2.2973566,2.1977406,1.6772716,0.46538931,0.039156318,0.88423961,0
3.5379987,-0.67856455,-2.3492951,0.77838266,-0.49368101,-0.38781381,0
-3.5354691,1.5455083,1.2507663,-0.77838266,0.49368101,0.38781381,0
3.4079287,-1.6274775,-1.4024067,0.77838266,-0.49368101,-0.38781381,0
3.8998175,-0.20694768,-2.0620499,0.4213469,0.86876112,-0.26023242,0
-2.1744463,-0.032648206,1.7113488,0.46538931,0.039156318,0.88423961,0
-2.405524,3.2771358,1.3143482,-0.77838266,0.49368101,0.38781381,0
-0.78538871,-1.7595271,0.53978765,-0.4213469,-0.86876112,0.26023242,0
-0.92103565,2.7800155,0.1041131,0.4213469,0.86876112,-0.26023242,0
-1.6214424,0.66094041,0.2586652,-0.46538931,-0.039156318,-0.88423961,0
-4.023284,0.24868453,1.9225063,-0.77838266,0.49368101,0.38781381,0
-3.8652544,0.6866793,1.6821289,-0.77838266,0.49368101,0.38781381,0
0.30119491,2.1273422,-0.095838666,0.4213469,0.86876112,-0.26023242,0
1.0101124,-2.9501605,-0.52790058,-0.4213469,-0.86876112,0.26023242,0
-0.73977816,0.99543667,0.9107343,0.46538931,0.039156318,0.88423961,0
-2.7717185,2.3756852,1.7268908,-0.77838266,0.49368101,0.38781381,0
-0.27946115,2.5509465,0.37817264,0.4213469,0.86876112,-0.26023242,0
0.91526389,-2.7265813,0.064925313,-0.4213469,-0.86876112,0.26023242,0
-0.72598851,-1.6466804,1.0126917,-0.4213469,-0.86876112,0.26023242,0
-2.6067209,2.1235938,1.8433783,0.46538931,0.039156318,0.88423961,0
-2.8365827,1.735904,1.9815261,0.46538931,0.039156318,0.88423961,0
1.801469,-2.3440852,-1.4097977,-0.46538931,-0.039156318,-0.88423961,0
2.6200802,-3.2226727,-0.95304203,0.77838266,-0.49368101,-0.38781381,0
1.1888927,-3.1848795,-1.022022,-0.4213469,-0.86876112,0.26023242,0
-0.41996503,2.6031821,0.32506514,0.4213469,0.86876112,-0.26023242,0
0.16245723,-2.4182286,-0.12455058,-0.4213469,-0.86876112,0.26023242,0
2.6250207,-0.28635156,-1.9343674,-0.46538931,-0.039156318,-0.88423961,0
-2.5317602,3.6254909,0.6175282,-0.77838266,0.49368101,0.38781381,0
-3.1511459,2.3547359,0.99200845,-0.77838266,0.49368101,0.38781381,0
2.3294609,-3.6554136,-0.98547196,0.77838266,-0.49368101,-0.38781381,0
2.1350119,-3.2149343,-1.546783,-0.46538931,-0.039156318,-0.88423961,0
3.1449413,-1.7178311,-1.8152318,0.77838266,-0.49368101,-0.38781381,0
-0.52322078,-2.0268266,0.071914718,-0.4213469,-0.86876112,0.26023242,0
3.0964296,-1.9678266,-1.5943596,0.77838266,-0.49368101,-0.38781381,0
1.5618221,-3.1093237,-0.16596937,-0.4213469,-0.86876112,0.26023242,0
-1.1503799,-1.6788623,0.21811545,-0.4213469,-0.86876112,0.26023242,0
-3.9287167,0.42363858,1.8896003,-0.77838266,0.49368101,0.38781381,0
3.4124856,-1.2107062,-1.9238043,0.77838266,-0.49368101,-0.38781381,0
-2.3722789,2.2803268,1.713047,0.46538931,0.039156318,0.88423961,0
-3.6290426,0.47907424,2.4205084,-0.77838266,0.49368101,0.38781381,0
-3.3536086,1.8502524,1.2278442,-0.77838266,0.49368101,0.38781381,0
-1.7603816,-1.0377049,1.3708946,-0.4213469,-0.86876112,0.26023242,0
3.0495729,-2.4880404,-1.026181,0.77838266,-0.49368101,-0.38781381,0
1.4034492,1.413088,-0.69562924,0.4213469,0.86876112,-0.26023242,0
3.860059,-0.32068491,-2.1584611,0.77838266,-0.49368101,-0.38781381,0
-3.8390172,0.50921357,1.9607005,-0.77838266,0.49368101,0.38781381,0
3.1387916,-1.9431354,-1.5407653,0.77838266,-0.49368101,-0.38781381,0
0.64080143,-2.5175924,-0.79123664,-0.46538931,-0.039156318,-0.88423961,0
-1.4426761,3.2355611,0.78031206,0.4213469,0.86876112,-0.26023242,0
-3.377593,1.0232847,2.2324224,-0.77838266,0.49368101,0.38781381,0
1.3356071,1.3803527,-0.91475725,0.4213469,0.86876112,-0.26023242,0
0.64645457,-2.6715717,-0.18666291,-0.4213469,-0.86876112,0.26023242,0
3.9856718,-0.27847207,-1.9600801,0.77838266,-0.49368101,-0.38781381,0
2.2361352,0.10440755,-1.7469943,-0.46538931,-0.039156318,-0.88423961,0
2.6911478,0.46856689,-1.7638867,0.4213469,0.86876112,-0.26023242,0
1.5948535,-0.2771678,-1.3925805,-0.46538931,-0.039156318,-0.88423961,0
-2.4228702,-0.66690505,1.5361278,-0.4213469,-0.86876112,0.26023242,0
-1.4823407,3.0683565,0.15789342,0.4213469,0.86876112,-0.26023242,0
0.31451112,0.88205248,-0.77004921,-0.46538931,-0.039156318,-0.88423961,0
-1.6369752,0.57246691,0.27075815,-0.46538931,-0.039156318,-0.88423961,0
3.289432,0.039912581,-2.2262163,0.4213469,0.86876112,-0.26023242,0
-2.5739357,2.9900289,1.3418109,-0.77838266,0.49368101,0.38781381,0
0.12289619,2.0909874,-0.50589287,0.4213469,0.86876112,-0.26023242,0
-3.1184113,1.9973977,1.5125966,-0.77838266,0.49368101,0.38781381,0
-3.471669,1.0747454,1.9780931,-0.77838266,0.49368101,0.38781381,0
0.29364336,-1.0512261,-0.67345595,-0.46538931,-0.039156318,-0.88423961,0
1.9777167,-3.3856375,-0.41503453,-0.4213469,-0.86876112,0.26023242,0
1.6088674,-3.0455434,-0.14645076,0.46538931,0.039156318,0.88423961,0
-3.1071727,1.1590141,1.0185726,-0.46538931,-0.039156318,-0.88423961,0
1.765679,1.1777536,-0.89477777,0.4213469,0.86876112,-0.26023242,0
1.4424073,1.4364958,-0.5544064,0.4213469,0.86876112,-0.26023242,0
1.2359866,-1.8197002,-1.1353962,-0.46538931,-0.039156318,-0.88423961,0
-3.7588639,0.73235863,1.8375163,-0.77838266,0.49368101,0.38781381,0
3.4550128,-1.6489897,-1.2805195,0.77838266,-0.49368101,-0.38781381,0
2.5105076,-2.8960342,-1.5887718,0.77838266,-0.49368101,-0.38781381,0
0.6641711,1.7070234,-0.91133201,0.4213469,0.86876112,-0.26023242,0
-0.48576021,-2.0770397,-0.03506466,-0.4213469,-0.86876112,0.26023242,0
1.0255157,1.4618104,-1.1448925,0.4213469,0.86876112,-0.26023242,0
-0.87817371,2.903827,0.58684468,0.4213469,0.86876112,-0.26023242,0
0.16030836,-2.2358575,0.48079956,-0.4213469,-0.86876112,0.26023242,0
3.4500945,-0.91908455,-2.2195497,0.77838266,-0.49368101,-0.38781381,0
-0.1891439,-2.0588536,0.50590527,-0.4213469,-0.86876112,0.26023242,0
-0.84746253,-0.28913128,-0.10662121,-0.46538931,-0.039156318,-0.88423961,0
2.9897389,-1.9064853,-1.886585,0.77838266,-0.49368101,-0.38781381,0
-0.1098361,-1.657196,-0.43426457,-0.46538931,-0.039156318,-0.88423961,0
-0.026138693,-0.30767679,-0.53807575,-0.46538931,-0.039156318,-0.88423961,0
2.5757084,-3.1932359,-1.0795741,0.77838266,-0.49368101,-0.38781381,0
-2.358285,3.4019647,1.2502568,-0.77838266,0.49368101,0.38781381,0
0.14541149,-2.2576854,0.38380837,-0.4213469,-0.86876112,0.26023242,0
-2.9619904,2.4921231,1.1967709,-0.77838266,0.49368101,0.38781381,0
3.4964678,-0.80368459,-2.273376,0.77838266,-0.49368101,-0.38781381,0
-2.1140895,1.2959766,1.6207476,0.46538931,0.039156318,0.88423961,0
2.6076922,-2.7591612,-1.5679495,0.77838266,-0.49368101,-0.38781381,0
-1.2691087,0.9978357,1.1892231,0.46538931,0.039156318,0.88423961,0
3.5437791,-1.4552813,-1.3489442,0.77838266,-0.49368101,-0.38781381,0
-2.4442818,3.4789817,0.97961092,-0.77838266,0.49368101,0.38781381,0
0.86489224,1.7971138,-0.28558266,0.4213469,0.86876112,-0.26023242,0
0.96697307,1.1448548,-1.1250879,-0.46538931,-0.039156318,-0.88423961,0
1.9520011,-0.78923106,-0.42696261,0.46538931,0.039156318,0.88423961,0
-1.369166,3.3053088,1.1321793,0.4213469,0.86876112,-0.26023242,0
-0.72648764,1.9658837,0.86076546,0.46538931,0.039156318,0.88423961,0
3.3093209,-1.2830026,-2.0388341,0.77838266,-0.49368101,-0.38781381,0
2.2991302,-3.6212325,-1.0898619,0.77838266,-0.49368101,-0.38781381,0
-3.5796132,0.13542855,2.3417377,-0.4213469,-0.86876112,0.26023242,0
0.33141994,2.2095811,0.22764531,0.4213469,0.86876112,-0.26023242,0
0.46971846,1.9277489,-0.48930207,0.4213469,0.86876112,-0.26023242,0
0.46837497,-2.6565561,-0.42486739,-0.4213469,-0.86876112,0.26023242,0
2.0699697,-0.41587365,-1.6364994,-0.46538931,-0.039156318,-0.88423961,0
3.8582907,-0.67437071,-1.7117753,0.77838266,-0.49368101,-0.38781381,0
-1.5304568,0.56340319,1.3460124,0.46538931,0.039156318,0.88423961,0
-1.2741864,-1.5798017,0.34836298,-0.4213469,-0.86876112,0.26023242,0
2.1834936,-3.6585085,-1.2745047,0.77838266,-0.49368101,-0.38781381,0
-2.8019023,2.8266139,1.092283,-0.77838266,0.49368101,0.38781381,0
1.225143,-2.9834316,-0.29081273,-0.4213469,-0.86876112,0.26023242,0
2.3802991,-1.8541681,-0.60522437,0.46538931,0.039156318,0.88423961,0
1.1519418,1.7012135,-0.14096922,0.4213469,0.86876112,-0.26023242,0
3.9487526,-0.45909268,-1.8042536,0.77838266,-0.49368101,-0.38781381,0
1.0553837,1.5698888,-0.73572397,0.4213469,0.86876112,-0.26023242,0
0.12033987,-2.4176679,-0.19087094,-0.4213469,-0.86876112,0.26023242,0
3.0796409,-2.2318375,-1.2919741,0.77838266,-0.49368101,-0.38781381,0
-3.088027,-0.33117986,1.579946,-0.4213469,-0.86876112,0.26023242,0
-1.6298689,3.206727,0.38096571,0.4213469,0.86876112,-0.26023242,0
-1.7702693,-1.2669233,0.58966053,-0.4213469,-0.86876112,0.26023242,0
0.99050033,-0.53886616,-1.0629114,-0.46538931,-0.039156318,-0.88423961,0
3.9428923,-0.45452404,-1.8218312,0.77838266,-0.49368101,-0.38781381,0
-0.65743268,2.1990309,-0.31681889,-0.46538931,-0.039156318,-0.88423961,0
-3.1052699,1.8832123,1.6843286,-0.77838266,0.49368101,0.38781381,0
2.5288048,-2.7385612,-1.7525089,0.77838266,-0.49368101,-0.38781381,0
0.2278502,-2.4858868,-0.24454176,-0.4213469,-0.86876112,0.26023242,0
-2.5212302,-0.82173133,0.85999846,-0.4213469,-0.86876112,0.26023242,0
1.1606466,-2.9859571,-0.40367174,-0.4213469,-0.86876112,0.26023242,0
0.67406589,-0.044676423,-0.91825086,-0.46538931,-0.039156318,-0.88423961,0
0.25970399,1.5845153,-0.77231014,-0.46538931,-0.039156318,-0.88423961,0
2.7678578,-1.6110909,-0.81996655,0.46538931,0.039156318,0.88423961,0
-3.7537713,1.0903007,1.3920827,-0.77838266,0.49368101,0.38781381,0
-3.6913209,0.49867678,1.3552604,-0.46538931,-0.039156318,-0.88423961,0
0.67762882,-0.2723797,0.22087252,0.46538931,0.039156318,0.88423961,0
3.3624773,-1.6580007,-1.4547768,0.77838266,-0.49368101,-0.38781381,0
2.2737813,-3.2515237,-1.6113727,0.77838266,-0.49368101,-0.38781381,0
2.1533074,-3.3914752,-0.41767955,0.46538931,0.039156318,0.88423961,0
-2.8856366,2.3274949,1.5595901,-0.77838266,0.49368101,0.38781381,0
-4.0070086,0.36417502,1.8081555,-0.77838266,0.49368101,0.38781381,0
2.0407338,-1.7923619,-0.42924261,0.46538931,0.039156318,0.88423961,0
-1.1479809,-0.056780577,1.1721724,0.46538931,0.039156318,0.88423961,0
-1.7252729,3.3816764,0.81054688,0.4213469,0.86876112,-0.26023242,0
3.6664433,-0.050676465,-1.9182134,0.4213469,0.86876112,-0.26023242,0
2.5521052,-3.1737258,-1.1517839,0.77838266,-0.49368101,-0.38781381,0
1.4002162,-3.1872537,-0.68779039,-0.4213469,-0.86876112,0.26023242,0
2.3576331,0.84452081,-1.0488002,0.4213469,0.86876112,-0.26023242,0
0.37624407,-2.5775898,-0.31041706,-0.4213469,-0.86876112,0.26023242,0
-1.9681176,2.0187359,1.5119145,0.46538931,0.039156318,0.88423961,0
2.7216513,-3.1773436,-0.80688214,0.77838266,-0.49368101,-0.38781381,0
-3.9689295,0.41133928,1.8245444,-0.77838266,0.49368101,0.38781381,0
-0.70119202,0.23713781,-0.20691019,-0.46538931,-0.039156318,-0.88423961,0
1.3325748,-3.1881385,-1.1256344,-0.46538931,-0.039156318,-0.88423961,0
0.086769581,2.2430012,-0.056902617,0.4213469,0.86876112,-0.26023242,0
-3.6730318,0.561849,2.2268462,-0.77838266,0.49368101,0.38781381,0
0.84207904,-2.8343227,-0.88314664,-0.46538931,-0.039156318,-0.88423961,0
-2.6149769,2.6315236,1.7158084,-0.77838266,0.49368101,0.38781381,0
-3.5140493,1.4223337,1.4505568,-0.77838266,0.49368101,0.38781381,0
-1.450079,3.0463471,0.13665366,0.4213469,0.86876112,-0.26023242,0
-3.9018836,0.1737802,1.9479775,-0.4213469,-0.86876112,0.26023242,0
-4.1550245,0.25312042,1.6524439,-0.77838266,0.49368101,0.38781381,0
0.055580258,1.052747,-0.64132857,-0.46538931,-0.039156318,-0.88423961,0
2.6439426,-2.9886374,-1.2030711,0.77838266,-0.49368101,-0.38781381,0
2.6447189,-1.2604923,-0.77068233,0.46538931,0.039156318,0.88423961,0
2.8092508,0.64049768,-0.99869037,0.4213469,0.86876112,-0.26023242,0
0.90531218,-2.7161822,0.083528996,-0.4213469,-0.86876112,0.26023242,0
-2.1334665,3.5971217,1.4530587,-0.77838266,0.49368101,0.38781381,0
0.45491028,-2.6250246,-0.34140301,-0.4213469,-0.86876112,0.26023242,0
1.9575596,0.93118489,-0.50607204,0.46538931,0.039156318,0.88423961,0
-2.4521675,-0.72841102,1.2833595,-0.4213469,-0.86876112,0.26023242,0
-2.2862651,3.43593,1.3515706,-0.77838266,0.49368101,0.38781381,0
0.65281892,1.9088546,-0.25591809,0.4213469,0.86876112,-0.26023242,0
-0.49720526,2.7410839,0.66037583,0.4213469,0.86876112,-0.26023242,0
2.8312628,-2.3767824,-1.6059821,0.77838266,-0.49368101,-0.38781381,0
0.66206515,-2.7118402,-0.29582071,-0.4213469,-0.86876112,0.26023242,0
1.2778057,-3.1573539,-0.78617001,-0.4213469,-0.86876112,0.26023242,0
1.5311669,-3.3060513,-0.87235951,-0.4213469,-0.86876112,0.26023242,0
1.276251,1.3792572,-1.0145191,0.4213469,0.86876112,-0.26023242,0
0.50143826,-0.97169417,-0.78634363,-0.46538931,-0.039156318,-0.88423961,0
-3.1833804,1.5378355,1.9672122,-0.77838266,0.49368101,0.38781381,0
-0.70252669,2.6618137,0.063300252,0.4213469,0.86876112,-0.26023242,0
1.4628005,1.2884518,-1.0156182,0.4213469,0.86876112,-0.26023242,0
1.9586186,1.1506381,-0.67290843,0.4213469,0.86876112,-0.26023242,0
-0.95094562,2.4334457,-0.17271864,-0.46538931,-0.039156318,-0.88423961,0
1.6604317,-2.4984145,-0.19781828,0.46538931,0.039156318,0.88423961,0
3.2059302,-1.7387042,-1.6662498,0.77838266,-0.49368101,-0.38781381,0
2.7976758,-2.8674195,-1.0488212,0.77838266,-0.49368101,-0.38781381,0
2.3490093,-3.6466022,-0.68507361,-0.4213469,-0.86876112,0.26023242,0
0.73324364,0.39624962,-0.96892226,-0.46538931,-0.039156318,-0.88423961,0
-1.1973002,2.6392221,-0.052170634,-0.46538931,-0.039156318,-0.88423961,0
-2.5694449,3.455441,0.75836158,-0.77838266,0.49368101,0.38781381,0
3.3839984,-1.3648286,-1.7847862,0.77838266,-0.49368101,-0.38781381,0
2.2738872,0.98481971,-0.71602011,0.4213469,0.86876112,-0.26023242,0
-4.0739307,0.22975922,1.8449454,-0.77838266,0.49368101,0.38781381,0
2.7963533,-2.5270414,-1.4847715,0.77838266,-0.49368101,-0.38781381,0
-1.8816462,3.3497891,1.4074609,0.46538931,0.039156318,0.88423961,0
2.8040202,0.55239677,-1.301276,0.4213469,0.86876112,-0.26023242,0
2.645905,-1.7596509,-1.8801181,-0.46538931,-0.039156318,-0.88423961,0
3.6997564,-1.0137478,-1.5979471,0.77838266,-0.49368101,-0.38781381,0
-1.8005599,0.43539223,0.36292529,-0.46538931,-0.039156318,-0.88423961,0
-0.64980763,1.6411611,-0.29612815,-0.46538931,-0.039156318,-0.88423961,0
2.142612,1.0698342,-0.64475715,0.4213469,0.86876112,-0.26023242,0
1.5718292,-0.74556684,-0.22880542,0.46538931,0.039156318,0.88423961,0
0.42150211,-2.567425,-0.20320368,-0.4213469,-0.86876112,0.26023242,0
-3.8139391,0.40815318,2.1396837,-0.77838266,0.49368101,0.38781381,0
3.7432923,-0.74138367,-1.8572822,0.77838266,-0.49368101,-0.38781381,0
1.1543841,-2.3321602,0.061160684,0.46538931,0.039156318,0.88423961,0
2.6142094,-3.2486985,-0.93169475,0.77838266,-0.49368101,-0.38781381,0
2.5635877,-3.1446025,-1.1658099,0.77838266,-0.49368101,-0.38781381,0
-2.6791849,1.993547,0.75636101,-0.46538931,-0.039156318,-0.88423961,0
3.7537923,-0.86410272,-1.6799879,0.77838266,-0.49368101,-0.38781381,0
-3.6244226,0.74042833,2.0970817,-0.77838266,0.49368101,0.38781381,0
1.1230228,-2.8467109,0.00027060509,-0.4213469,-0.86876112,0.26023242,0
-1.4328597,-1.2010508,1.3558762,-0.4213469,-0.86876112,0.26023242,0
-0.361848,2.4356611,-0.14009064,0.4213469,0.86876112,-0.26023242,0
-1.2748902,-1.6269941,0.18967533,-0.4213469,-0.86876112,0.26023242,0
-0.83183193,1.1615688,-0.17908835,-0.46538931,-0.039156318,-0.88423961,0
3.3088059,-1.824595,-1.3504295,0.77838266,-0.49368101,-0.38781381,0
-3.0451992,1.5222126,0.96987152,-0.46538931,-0.039156318,-0.88423961,0
-1.1104707,-1.178055,0.071167767,-0.46538931,-0.039156318,-0.88423961,0
0.063412666,-2.3061996,0.089083493,-0.4213469,-0.86876112,0.26023242,0
0.34961823,0.23429283,0.37107295,0.46538931,0.039156318,0.88423961,0
3.8054874,-0.46502268,-2.0842538,0.77838266,-0.49368101,-0.38781381,0
-0.1429348,-2.1488059,0.28042635,-0.4213469,-0.86876112,0.26023242,0
3.2897,-1.7937243,-1.4280748,0.77838266,-0.49368101,-0.38781381,0
-3.6308808,0.71593869,2.115294,-0.77838266,0.49368101,0.38781381,0
2.7090237,-2.702913,-1.4361689,0.77838266,-0.49368101,-0.38781381,0
-1.7138163,3.4240916,0.97069597,0.4213469,0.86876112,-0.26023242,0
1.1778678,0.73729849,-1.2180375,-0.46538931,-0.039156318,-0.88423961,0
3.230865,-1.7276263,-1.6303048,0.77838266,-0.49368101,-0.38781381,0
3.7392735,-0.20014894,-2.2992916,0.4213469,0.86876112,-0.26023242,0
-0.61290562,0.47135147,-0.26374823,-0.46538931,-0.039156318,-0.88423961,0
