1.6987441,3.6919298,-1.0791984,0.72073889,0.0074717104,-0.69316638,0
-0.97752851,-4.4010057,0.14283133,-0.69317734,0.016969085,-0.72056729,0
-0.45533189,0.39912641,-0.24647433,-0.69317734,0.016969085,-0.72056729,0
-1.5970459,3.9865849,1.2677088,-0.72073889,-0.0074717104,0.69316638,0
0.65449435,4.5137639,-0.9858489,0.0063785911,0.99982804,0.017409563,0
-0.22184873,4.5060902,-0.2240696,0.0063785911,0.99982804,0.017409563,0
-0.026382804,4.4965968,0.24951982,0.0063785911,0.99982804,0.017409563,0
1.2643595,-1.2562943,-1.584199,0.72073889,0.0074717104,-0.69316638,0
1.1158102,0.77490759,-1.716763,0.72073889,0.0074717104,-0.69316638,0
0.14731574,4.4903283,0.54587126,0.0063785911,0.99982804,0.017409563,0
-0.027001143,-4.505404,0.27584648,-0.0063785911,-0.99982804,-0.017409563,0
-0.72177392,-4.4954782,-0.039652824,-0.0063785911,-0.99982804,-0.017409563,0
0.30209935,-0.088199049,0.40120453,0.69317734,-0.016969085,0.72056729,0
-0.61126244,-2.2220616,-0.15819919,-0.69317734,0.016969085,-0.72056729,0
-0.042171329,-0.39140123,-0.66254675,-0.69317734,0.016969085,-0.72056729,0
-0.77253461,4.0103631,1.5315099,0.69317734,-0.016969085,0.72056729,0
1.1176579,-0.11270677,-0.38393044,0.69317734,-0.016969085,0.72056729,0
-1.2020469,4.4799767,1.634748,0.0063785911,0.99982804,0.017409563,0
0.64924264,4.4986072,-0.11345005,0.0063785911,0.99982804,0.017409563,0
0.11301148,-4.4912901,-0.5860095,-0.0063785911,-0.99982804,-0.017409563,0
0.89798176,4.5041022,-0.52017546,0.0063785911,0.99982804,0.017409563,0
1.0876925,-4.4765325,-1.7906678,-0.0063785911,-0.99982804,-0.017409563,0
-1.1412673,-0.21906371,0.39882916,-0.69317734,0.016969085,-0.72056729,0
0.8051312,-3.9161148,-1.5606477,-0.69317734,0.016969085,-0.72056729,0
1.5411084,-0.3833223,-1.287032,0.72073889,0.0074717104,-0.69316638,0
-1.4129931,-1.3375008,1.4016948,-0.72073889,-0.0074717104,0.69316638,0
1.4931284,0.78242892,-1.3243548,0.72073889,0.0074717104,-0.69316638,0
-1.6680107,0.68294716,1.1583115,-0.72073889,-0.0074717104,0.69316638,0
-0.58718789,3.8920023,-0.037374496,-0.69317734,0.016969085,-0.72056729,0
-1.7530857,-1.6420689,1.044791,-0.72073889,-0.0074717104,0.69316638,0
0.34141243,-4.493988,-0.51475906,-0.0063785911,-0.99982804,-0.017409563,0
1.3009286,-4.4839911,-1.4404373,-0.0063785911,-0.99982804,-0.017409563,0
-1.5505027,-1.4951777,1.2570156,-0.72073889,-0.0074717104,0.69316638,0
-0.39019835,-0.67273414,1.0534213,0.69317734,-0.016969085,0.72056729,0
1.7230207,2.524888,-1.0665361,0.72073889,0.0074717104,-0.69316638,0
-1.7587779,-2.4695716,1.0299526,-0.72073889,-0.0074717104,0.69316638,0
1.311196,1.4487262,-1.5063421,0.72073889,0.0074717104,-0.69316638,0
-1.7570944,-0.078027263,1.0574818,-0.72073889,-0.0074717104,0.69316638,0
-0.1961211,-3.731375,-0.59310412,-0.69317734,0.016969085,-0.72056729,0
1.4220188,4.5020437,-0.5939703,0.0063785911,0.99982804,0.017409563,0
-1.5130759,-1.1259868,1.2999105,-0.72073889,-0.0074717104,0.69316638,0
0.67975998,-0.8984592,0.018818021,0.69317734,-0.016969085,0.72056729,0
1.4048074,4.5024853,-0.61301851,0.0063785911,0.99982804,0.017409563,0
0.17483759,-4.4899068,-0.68812466,-0.0063785911,-0.99982804,-0.017409563,0
-0.73628283,-4.4965258,0.025838375,-0.0063785911,-0.99982804,-0.017409563,0
0.10437393,4.5084782,-0.48071432,0.0063785911,0.99982804,0.017409563,0
0.38842446,0.45674059,0.33099407,0.69317734,-0.016969085,0.72056729,0
1.6712934,0.066223085,-1.1468228,0.72073889,0.0074717104,-0.69316638,0
-0.13127899,-4.4895201,-0.59818745,-0.0063785911,-0.99982804,-0.017409563,0
-1.5486307,-3.8076925,1.234035,-0.72073889,-0.0074717104,0.69316638,0
0.73198169,1.5613151,-1.3612869,-0.69317734,0.016969085,-0.72056729,0
1.6259453,-4.0053806,-1.2378628,0.72073889,0.0074717104,-0.69316638,0
1.1984267,-2.8048279,-1.6694462,0.72073889,0.0074717104,-0.69316638,0
-0.83059919,4.4913726,0.84420109,0.0063785911,0.99982804,0.017409563,0
-1.2357868,-2.8170719,1.5700014,-0.72073889,-0.0074717104,0.69316638,0
0.41486496,4.5051298,-0.40218592,0.0063785911,0.99982804,0.017409563,0
-1.0725285,-3.9113784,0.24575043,-0.69317734,0.016969085,-0.72056729,0
-1.2212925,-2.3924248,0.42463064,-0.69317734,0.016969085,-0.72056729,0
0.80217266,1.4588945,-0.043426633,0.69317734,-0.016969085,0.72056729,0
-1.7842767,-1.9666039,1.0088612,-0.72073889,-0.0074717104,0.69316638,0
-1.5342189,-0.80911505,1.2813421,-0.72073889,-0.0074717104,0.69316638,0
-0.087652385,0.9626714,0.80088878,0.69317734,-0.016969085,0.72056729,0
1.2290857,-4.4878039,-1.1951575,-0.0063785911,-0.99982804,-0.017409563,0
1.3899628,-2.498106,-1.4669849,0.72073889,0.0074717104,-0.69316638,0
-1.2778857,-0.91758263,0.51380444,-0.69317734,0.016969085,-0.72056729,0
1.2246139,-4.4803085,-1.6239853,-0.0063785911,-0.99982804,-0.017409563,0
0.9728142,-0.081897497,-1.6316621,-0.69317734,0.016969085,-0.72056729,0
-0.25435483,-4.506721,0.43478394,-0.0063785911,-0.99982804,-0.017409563,0
-1.5887671,1.1744586,1.2460051,-0.72073889,-0.0074717104,0.69316638,0
-1.0987359,0.97473574,0.38602817,-0.69317734,0.016969085,-0.72056729,0
-0.94319004,-4.5151143,1.169168,-0.0063785911,-0.99982804,-0.017409563,0
-0.73076403,4.5007129,0.27120829,0.0063785911,0.99982804,0.017409563,0
-0.35819149,4.2131371,-0.250103,-0.69317734,0.016969085,-0.72056729,0
1.4131328,0.18202841,-1.4140041,0.72073889,0.0074717104,-0.69316638,0
1.1919782,-4.4904485,-1.0296702,-0.0063785911,-0.99982804,-0.017409563,0
-1.7117565,-1.3962419,1.090414,-0.72073889,-0.0074717104,0.69316638,0
0.92004073,4.5057583,-0.62338495,0.0063785911,0.99982804,0.017409563,0
-0.037471056,-4.3540087,0.6274085,0.69317734,-0.016969085,0.72056729,0
0.54321015,4.5103784,-0.75064659,0.0063785911,0.99982804,0.017409563,0
1.3958302,0.051501989,-1.4334021,0.72073889,0.0074717104,-0.69316638,0
1.6768219,-1.026456,-1.1528523,0.72073889,0.0074717104,-0.69316638,0
1.6604707,-3.9936357,-1.2018373,0.72073889,0.0074717104,-0.69316638,0
-1.6121893,0.60591424,1.215523,-0.72073889,-0.0074717104,0.69316638,0
-1.2041869,-3.5010824,0.38206673,-0.69317734,0.016969085,-0.72056729,0
1.5212756,4.5080833,-0.9771986,0.0063785911,0.99982804,0.017409563,0
-0.95946014,-3.5676563,0.14507437,-0.69317734,0.016969085,-0.72056729,0
1.2297049,-4.4905028,-1.0403538,-0.0063785911,-0.99982804,-0.017409563,0
-1.7117974,4.4919238,1.1354284,0.0063785911,0.99982804,0.017409563,0
1.1144109,-4.4944224,-0.77302647,-0.0063785911,-0.99982804,-0.017409563,0
-1.5517566,4.489471,1.2176228,0.0063785911,0.99982804,0.017409563,0
-0.032571435,-4.4889903,-0.66474938,-0.0063785911,-0.99982804,-0.017409563,0
1.6205087,4.5054049,-0.8597157,0.0063785911,0.99982804,0.017409563,0
-1.484997,2.9073379,1.3725815,-0.72073889,-0.0074717104,0.69316638,0
1.5177948,1.0321963,-0.74189532,0.69317734,-0.016969085,0.72056729,0
0.75574327,1.4815046,-1.386025,-0.69317734,0.016969085,-0.72056729,0
0.16343081,4.4974132,0.13310146,0.0063785911,0.99982804,0.017409563,0
0.86786485,-4.4905682,-0.90406084,-0.0063785911,-0.99982804,-0.017409563,0
0.64487648,4.5049005,-0.47328043,0.0063785911,0.99982804,0.017409563,0
-0.075654432,1.3078591,-0.59031916,-0.69317734,0.016969085,-0.72056729,0
0.56037176,-4.490068,-0.82011414,-0.0063785911,-0.99982804,-0.017409563,0
-1.5558171,-4.2836905,1.221432,-0.72073889,-0.0074717104,0.69316638,0
0.637362,-4.502563,-0.13072681,-0.0063785911,-0.99982804,-0.017409563,0
0.80387819,-4.4865932,-1.1088703,-0.0063785911,-0.99982804,-0.017409563,0
-0.44792098,2.3619611,-0.20737934,-0.69317734,0.016969085,-0.72056729,0
1.0891154,-4.4783969,-1.6840808,-0.0063785911,-0.99982804,-0.017409563,0
1.2769965,-1.1711161,-1.5701411,0.72073889,0.0074717104,-0.69316638,0
0.24744816,0.5583601,0.46900463,0.69317734,-0.016969085,0.72056729,0
-0.11150992,3.194366,0.87639499,0.69317734,-0.016969085,0.72056729,0
-1.6220031,-2.1221042,1.1759135,-0.72073889,-0.0074717104,0.69316638,0
1.3215401,-4.4844875,-1.4194839,-0.0063785911,-0.99982804,-0.017409563,0
-1.1714503,-3.1146603,1.6336894,-0.72073889,-0.0074717104,0.69316638,0
1.7445018,0.25258842,-1.0686934,0.72073889,0.0074717104,-0.69316638,0
1.7156938,1.7956541,-1.0820147,0.72073889,0.0074717104,-0.69316638,0
1.6476884,4.5097041,-1.1165922,0.0063785911,0.99982804,0.017409563,0
0.3447656,-2.1747253,0.31102324,0.69317734,-0.016969085,0.72056729,0
-0.75958133,4.373435,0.13980389,-0.69317734,0.016969085,-0.72056729,0
0.58545315,0.20918053,-1.2521706,-0.69317734,0.016969085,-0.72056729,0
1.1825088,4.5036325,-0.59743786,0.0063785911,0.99982804,0.017409563,0
1.3667254,3.8707752,-1.4224961,0.72073889,0.0074717104,-0.69316638,0
-1.5927606,4.0611939,1.2729692,-0.72073889,-0.0074717104,0.69316638,0
0.3099674,-4.5069599,0.24171543,-0.0063785911,-0.99982804,-0.017409563,0
1.0196507,-3.6043491,-0.37187552,0.69317734,-0.016969085,0.72056729,0
1.3221173,-4.4919758,-0.98967934,-0.0063785911,-0.99982804,-0.017409563,0
-1.5298342,-2.518018,1.2674812,-0.72073889,-0.0074717104,0.69316638,0
-1.4060984,1.9543031,0.70477593,-0.69317734,0.016969085,-0.72056729,0
1.4397221,-4.487134,-1.3108034,-0.0063785911,-0.99982804,-0.017409563,0
-0.17568624,-4.4996018,-0.0029120445,-0.0063785911,-0.99982804,-0.017409563,0
-0.47267365,4.499403,0.25186396,0.0063785911,0.99982804,0.017409563,0
-0.52077848,-1.2006758,-0.22119045,-0.69317734,0.016969085,-0.72056729,0
-0.42604271,-3.4218373,1.0231626,0.69317734,-0.016969085,0.72056729,0
-0.3222068,1.0524249,-0.35915422,-0.69317734,0.016969085,-0.72056729,0
0.70378965,3.3654306,0.096115112,0.69317734,-0.016969085,0.72056729,0
-1.1656269,4.4982753,0.5705204,0.0063785911,0.99982804,0.017409563,0
-0.84835821,0.67764586,1.5259666,0.69317734,-0.016969085,0.72056729,0
1.5976348,-0.44363913,-1.2289073,0.72073889,0.0074717104,-0.69316638,0
-1.1167048,-4.5111985,1.0078707,-0.0063785911,-0.99982804,-0.017409563,0
0.36567819,-4.4096699,0.23827314,0.69317734,-0.016969085,0.72056729,0
0.053685427,1.1694566,0.66979325,0.69317734,-0.016969085,0.72056729,0
-1.7449304,-2.8064735,1.0407195,-0.72073889,-0.0074717104,0.69316638,0
0.73181462,4.5173721,-1.2213769,0.0063785911,0.99982804,0.017409563,0
0.48172915,-4.4953036,-0.49061489,-0.0063785911,-0.99982804,-0.017409563,0
0.19354463,2.9310873,0.57673645,0.69317734,-0.016969085,0.72056729,0
-1.1614525,4.4899645,1.0462837,0.0063785911,0.99982804,0.017409563,0
0.56457597,0.38426423,0.15983149,0.69317734,-0.016969085,0.72056729,0
0.56532848,2.8426914,-1.1707928,-0.69317734,0.016969085,-0.72056729,0
-0.13818395,1.7701478,0.86851525,0.69317734,-0.016969085,0.72056729,0
-1.4768317,-2.8772082,1.3187201,-0.72073889,-0.0074717104,0.69316638,0
-0.86149204,2.5531092,1.5827677,0.69317734,-0.016969085,0.72056729,0
-1.1163282,1.759927,1.7435472,-0.72073889,-0.0074717104,0.69316638,0
-0.31429243,4.5040317,-0.071959019,0.0063785911,0.99982804,0.017409563,0
-1.2140987,-2.8759999,1.5919168,-0.72073889,-0.0074717104,0.69316638,0
0.73054487,2.1757944,0.042361379,0.69317734,-0.016969085,0.72056729,0
1.4679341,1.1349074,-1.3467519,0.72073889,0.0074717104,-0.69316638,0
1.3838375,-4.0356865,-1.4899275,0.72073889,0.0074717104,-0.69316638,0
1.636416,-2.3324544,-1.2089429,0.72073889,0.0074717104,-0.69316638,0
0.26808119,-4.4862022,-0.93503737,-0.0063785911,-0.99982804,-0.017409563,0
-1.4173603,-0.57435185,0.65606046,-0.69317734,0.016969085,-0.72056729,0
0.47383708,-1.2560885,0.20849144,0.69317734,-0.016969085,0.72056729,0
-0.83415067,-0.819583,0.089244604,-0.69317734,0.016969085,-0.72056729,0
0.90157056,-4.4788504,-1.5893452,-0.0063785911,-0.99982804,-0.017409563,0
-1.4117516,-3.7058001,1.3774576,-0.72073889,-0.0074717104,0.69316638,0
-1.2489932,-0.36504441,1.5827003,-0.72073889,-0.0074717104,0.69316638,0
1.2293205,3.9239886,-1.5647933,0.72073889,0.0074717104,-0.69316638,0
0.82789671,-0.16258717,-1.4941535,-0.69317734,0.016969085,-0.72056729,0
-1.6987665,1.5830077,1.1360341,-0.72073889,-0.0074717104,0.69316638,0
-0.30021405,4.2820001,-0.30425549,-0.69317734,0.016969085,-0.72056729,0
-1.1892251,3.1044059,0.52323079,-0.69317734,0.016969085,-0.72056729,0
0.72585249,-4.4962797,-0.5240097,-0.0063785911,-0.99982804,-0.017409563,0
-1.4567213,4.1743178,1.4156389,-0.72073889,-0.0074717104,0.69316638,0
-1.4905537,-4.1902518,1.2902992,-0.72073889,-0.0074717104,0.69316638,0
0.77571738,-0.37209269,-0.061096072,0.69317734,-0.016969085,0.72056729,0
0.33465159,4.5067029,-0.46314955,0.0063785911,0.99982804,0.017409563,0
1.1850995,4.5117025,-1.0618644,0.0063785911,0.99982804,0.017409563,0
0.46392536,1.0043224,0.27125841,0.69317734,-0.016969085,0.72056729,0
-1.7041676,-0.024302632,1.1130928,-0.72073889,-0.0074717104,0.69316638,0
1.4448807,4.4393358,-1.3351035,0.72073889,0.0074717104,-0.69316638,0
0.96708971,4.5159779,-1.2275071,0.0063785911,0.99982804,0.017409563,0
1.3889275,-4.4947333,-0.85574007,-0.0063785911,-0.99982804,-0.017409563,0
0.42288935,1.2350124,0.31616724,0.69317734,-0.016969085,0.72056729,0
0.91681838,-4.4973836,-0.53057003,-0.0063785911,-0.99982804,-0.017409563,0
-1.7018744,0.18170053,0.94756442,-0.69317734,0.016969085,-0.72056729,0
-1.0355599,4.4971747,0.58607197,0.0063785911,0.99982804,0.017409563,0
0.94393969,-4.4778895,-1.660028,-0.0063785911,-0.99982804,-0.017409563,0
-1.2759827,-0.67240971,1.551324,-0.72073889,-0.0074717104,0.69316638,0
-1.7572536,-1.7512335,1.0392805,-0.72073889,-0.0074717104,0.69316638,0
0.36644304,4.5109887,-0.72093773,0.0063785911,0.99982804,0.017409563,0
-1.5105425,4.0062184,1.3578646,-0.72073889,-0.0074717104,0.69316638,0
-1.6871462,-4.0007739,1.087929,-0.72073889,-0.0074717104,0.69316638,0
1.5841618,0.30609363,-1.2348348,0.72073889,0.0074717104,-0.69316638,0
1.2903757,2.5745959,-1.5158548,0.72073889,0.0074717104,-0.69316638,0
0.46926731,2.3070469,-1.0909967,-0.69317734,0.016969085,-0.72056729,0
0.92272818,-4.4885349,-1.0409169,-0.0063785911,-0.99982804,-0.017409563,0
-0.89372528,-4.5061431,0.6358366,-0.0063785911,-0.99982804,-0.017409563,0
-1.4114318,4.4925117,0.99156046,0.0063785911,0.99982804,0.017409563,0
-0.65032315,4.4989414,0.3434968,0.0063785911,0.99982804,0.017409563,0
-0.88277292,4.4796371,1.5372608,0.0063785911,0.99982804,0.017409563,0
-1.1916115,1.9306209,1.6671095,-0.72073889,-0.0074717104,0.69316638,0
0.84491205,-4.4893351,-0.96644258,-0.0063785911,-0.99982804,-0.017409563,0
1.6009283,2.9936247,-1.1884322,0.72073889,0.0074717104,-0.69316638,0
1.2345862,-4.4843683,-1.3944449,-0.0063785911,-0.99982804,-0.017409563,0
-1.5065855,4.4904351,1.1456885,0.0063785911,0.99982804,0.017409563,0
-0.031391025,4.1212912,-0.56664419,-0.69317734,0.016969085,-0.72056729,0
1.3096545,2.1453953,-1.5004355,0.72073889,0.0074717104,-0.69316638,0
-1.044499,1.3638263,1.7308111,0.69317734,-0.016969085,0.72056729,0
-0.20799524,-1.6120937,0.85602224,0.69317734,-0.016969085,0.72056729,0
-1.5938803,-2.3556151,1.2026379,-0.72073889,-0.0074717104,0.69316638,0
0.19720246,-0.93680161,0.48212975,0.69317734,-0.016969085,0.72056729,0
0.096942559,0.78393209,-0.76869386,-0.69317734,0.016969085,-0.72056729,0
1.226524,3.4476075,-0.40481424,0.69317734,-0.016969085,0.72056729,0
-0.58064282,3.8514292,-0.044626236,-0.69317734,0.016969085,-0.72056729,0
-0.9933275,4.4980268,0.52167273,0.0063785911,0.99982804,0.017409563,0
-0.89720988,-1.898088,0.12450838,-0.69317734,0.016969085,-0.72056729,0
0.70012039,4.5046773,-1.2613215,-0.69317734,0.016969085,-0.72056729,0
0.58164012,4.5166512,-1.12497,0.0063785911,0.99982804,0.017409563,0
1.1286598,4.5148058,-1.2193995,0.0063785911,0.99982804,0.017409563,0
-0.35727748,-1.1747257,1.00993,0.69317734,-0.016969085,0.72056729,0
-0.22421229,4.5067725,-0.26238918,0.0063785911,0.99982804,0.017409563,0
-0.95910394,-2.1021118,1.5670403,0.69317734,-0.016969085,0.72056729,0
-1.2331631,4.4854498,1.3318431,0.0063785911,0.99982804,0.017409563,0
-1.6554624,-3.9612937,1.1212983,-0.72073889,-0.0074717104,0.69316638,0
1.3078849,2.8979788,-0.49602604,0.69317734,-0.016969085,0.72056729,0
0.34413791,-4.495151,-0.44898272,-0.0063785911,-0.99982804,-0.017409563,0
-0.39797533,1.4075966,-0.27790153,-0.69317734,0.016969085,-0.72056729,0
-0.0089353323,-4.4906301,-0.57922983,-0.0063785911,-0.99982804,-0.017409563,0
-1.569747,4.4929028,1.0271072,0.0063785911,0.99982804,0.017409563,0
-1.0595076,-4.5059066,0.68297482,-0.0063785911,-0.99982804,-0.017409563,0
-1.7542479,-3.1361065,1.0274782,-0.72073889,-0.0074717104,0.69316638,0
0.52415645,4.4947157,0.15583944,0.0063785911,0.99982804,0.017409563,0
0.2870996,-4.1007757,0.32113934,0.69317734,-0.016969085,0.72056729,0
0.41647732,2.8499532,0.36036682,0.69317734,-0.016969085,0.72056729,0
-0.022655845,-4.4873137,-0.76468873,-0.0063785911,-0.99982804,-0.017409563,0
-1.2185948,-1.2880174,1.6043588,-0.72073889,-0.0074717104,0.69316638,0
1.6418684,3.4306421,-1.1411531,0.72073889,0.0074717104,-0.69316638,0
1.556626,-1.8805851,-1.2870362,0.72073889,0.0074717104,-0.69316638,0
1.5135804,-2.3075545,-1.3363961,0.72073889,0.0074717104,-0.69316638,0
1.6895298,-3.9527392,-1.1711817,0.72073889,0.0074717104,-0.69316638,0
0.53635269,4.5161371,-1.0788546,0.0063785911,0.99982804,0.017409563,0
-1.2605232,-0.86176288,1.5653573,-0.72073889,-0.0074717104,0.69316638,0
1.4493543,3.7765052,-1.3375969,0.72073889,0.0074717104,-0.69316638,0
1.5837054,-0.88796961,-1.24818,0.72073889,0.0074717104,-0.69316638,0
0.79165781,2.5397894,-1.3956518,-0.69317734,0.016969085,-0.72056729,0
-0.36834002,4.004426,1.1425393,0.69317734,-0.016969085,0.72056729,0
-1.0001795,-4.5168047,1.2871242,-0.0063785911,-0.99982804,-0.017409563,0
-0.98649657,0.05279769,0.25634384,-0.69317734,0.016969085,-0.72056729,0
-1.3363364,3.4050255,1.5325201,-0.72073889,-0.0074717104,0.69316638,0
1.1492625,4.3958974,-1.6429493,0.72073889,0.0074717104,-0.69316638,0
1.0205473,-4.4957414,-0.66289425,-0.0063785911,-0.99982804,-0.017409563,0
-0.23599863,4.4946737,0.43675518,0.0063785911,0.99982804,0.017409563,0
0.80167252,4.0550394,-1.369602,-0.69317734,0.016969085,-0.72056729,0
-0.12044251,-2.3982778,0.75328302,0.69317734,-0.016969085,0.72056729,0
-1.1178894,-1.4115534,1.7077386,-0.72073889,-0.0074717104,0.69316638,0
0.60814822,-4.502224,-0.13952065,-0.0063785911,-0.99982804,-0.017409563,0
-1.1838106,-4.3926392,1.6070619,-0.72073889,-0.0074717104,0.69316638,0
-0.85636473,2.1299129,0.18007398,-0.69317734,0.016969085,-0.72056729,0
0.10823214,4.4907789,0.53431273,0.0063785911,0.99982804,0.017409563,0
1.2855403,-3.7793629,-1.5893719,0.72073889,0.0074717104,-0.69316638,0
-1.4402679,-1.9138523,0.64655256,-0.69317734,0.016969085,-0.72056729,0
-1.1015253,3.5535467,1.7782724,-0.72073889,-0.0074717104,0.69316638,0
-0.022833109,-4.5110478,0.5984354,-0.0063785911,-0.99982804,-0.017409563,0
0.98724723,-4.4847136,-1.2840219,-0.0063785911,-0.99982804,-0.017409563,0
-1.7767931,1.6599462,1.0544475,-0.69317734,0.016969085,-0.72056729,0
-1.585686,-3.9727888,1.1937265,-0.72073889,-0.0074717104,0.69316638,0
0.23803067,-3.1536415,-0.99714756,-0.69317734,0.016969085,-0.72056729,0
0.95925105,4.51683,-1.2735944,0.0063785911,0.99982804,0.017409563,0
-1.3862045,-0.96913135,1.4335195,-0.72073889,-0.0074717104,0.69316638,0
-0.6739133,-3.7367828,-0.13360119,-0.69317734,0.016969085,-0.72056729,0
-1.6126724,4.1225986,1.2529271,-0.72073889,-0.0074717104,0.69316638,0
1.3580076,4.5009713,-0.50893116,0.0063785911,0.99982804,0.017409563,0
-0.96574891,1.0396652,1.6474208,0.69317734,-0.016969085,0.72056729,0
-1.5704709,2.0220091,1.2741647,-0.72073889,-0.0074717104,0.69316638,0
-1.5581398,2.0197029,1.2869617,-0.72073889,-0.0074717104,0.69316638,0
1.0460742,-0.90076005,-1.7214212,-0.69317734,0.016969085,-0.72056729,0
1.4901199,1.7016597,-1.3175746,0.72073889,0.0074717104,-0.69316638,0
-1.351331,-4.5060396,0.79754233,-0.0063785911,-0.99982804,-0.017409563,0
1.4748348,4.5069003,-0.89221668,0.0063785911,0.99982804,0.017409563,0
1.5499794,2.7330821,-1.2442164,0.72073889,0.0074717104,-0.69316638,0
-0.79201859,-4.5050297,0.53463602,-0.0063785911,-0.99982804,-0.017409563,0
-0.063347429,2.2251523,-0.58055639,-0.69317734,0.016969085,-0.72056729,0
-1.6811316,1.8264706,0.96634388,-0.69317734,0.016969085,-0.72056729,0
0.23945385,-0.8338955,0.4439078,0.69317734,-0.016969085,0.72056729,0
-0.52230179,-4.5141168,0.95766258,-0.0063785911,-0.99982804,-0.017409563,0
-1.5933679,-3.5186987,1.1906335,-0.72073889,-0.0074717104,0.69316638,0
-0.48564422,4.4952378,0.49583626,0.0063785911,0.99982804,0.017409563,0
-1.6463876,-0.49819142,1.168063,-0.72073889,-0.0074717104,0.69316638,0
-0.7514807,-4.506309,0.59323883,-0.0063785911,-0.99982804,-0.017409563,0
-1.1394871,3.4469447,1.7376518,-0.72073889,-0.0074717104,0.69316638,0
-0.42576602,1.1706754,-0.25674677,-0.69317734,0.016969085,-0.72056729,0
-0.92672753,-4.5197458,1.4291296,-0.0063785911,-0.99982804,-0.017409563,0
0.8983472,4.496233,-0.068397522,0.0063785911,0.99982804,0.017409563,0
1.5610394,0.35586119,-1.2583405,0.72073889,0.0074717104,-0.69316638,0
-1.154135,-1.7616205,1.6662778,-0.72073889,-0.0074717104,0.69316638,0
-0.41627812,4.4486427,-0.18867874,-0.69317734,0.016969085,-0.72056729,0
0.21893966,4.5050287,-0.32460451,0.0063785911,0.99982804,0.017409563,0
-1.2202539,4.4850636,1.3493001,0.0063785911,0.99982804,0.017409563,0
0.26932621,-2.7175584,-1.016984,-0.69317734,0.016969085,-0.72056729,0
-0.78547442,-4.5120811,0.93720531,-0.0063785911,-0.99982804,-0.017409563,0
1.7048713,2.9120805,-1.0812337,0.72073889,0.0074717104,-0.69316638,0
-1.1282191,2.1887107,1.735805,-0.72073889,-0.0074717104,0.69316638,0
1.2527282,-3.9080935,-1.6248772,0.72073889,0.0074717104,-0.69316638,0
1.7075086,-0.94314873,-1.1200473,0.72073889,0.0074717104,-0.69316638,0
-0.77164048,-0.34643906,1.4280481,0.69317734,-0.016969085,0.72056729,0
-0.3808496,4.4624753,1.1653605,0.69317734,-0.016969085,0.72056729,0
-1.0664895,-0.95622504,0.30953395,-0.69317734,0.016969085,-0.72056729,0
-1.3041735,-1.4679148,1.513437,-0.72073889,-0.0074717104,0.69316638,0
1.6040673,1.0841291,-1.2057509,0.72073889,0.0074717104,-0.69316638,0
-0.785725,-4.5087256,0.74458933,-0.0063785911,-0.99982804,-0.017409563,0
0.61441433,0.72343075,-1.2679205,-0.69317734,0.016969085,-0.72056729,0
1.2583404,1.3216914,-0.48548567,0.69317734,-0.016969085,0.72056729,0
0.85647893,4.5049796,-0.55536985,0.0063785911,0.99982804,0.017409563,0
0.5596174,-4.4933591,-0.63083124,-0.0063785911,-0.99982804,-0.017409563,0
1.1615665,-1.0802554,-1.6891831,0.72073889,0.0074717104,-0.69316638,0
-0.52686203,-3.2587214,1.1239905,0.69317734,-0.016969085,0.72056729,0
1.3309889,3.5039568,-1.4636085,0.72073889,0.0074717104,-0.69316638,0
-1.283831,-2.9351652,1.5187733,-0.72073889,-0.0074717104,0.69316638,0
0.37222916,-0.42250264,-1.0619274,-0.69317734,0.016969085,-0.72056729,0
-1.4222877,-2.4426608,1.3801178,-0.72073889,-0.0074717104,0.69316638,0
1.1286777,-0.89068484,-1.7213371,0.72073889,0.0074717104,-0.69316638,0
1.6138754,0.77741283,-1.1988589,0.72073889,0.0074717104,-0.69316638,0
0.3228057,4.5101547,-0.65703392,0.0063785911,0.99982804,0.017409563,0
-0.20769048,-3.3692231,-0.57344604,-0.69317734,0.016969085,-0.72056729,0
-0.97322845,4.4771991,1.7104259,0.0063785911,0.99982804,0.017409563,0
-0.9217273,2.8029294,1.6465964,0.69317734,-0.016969085,0.72056729,0
-0.88326782,0.027276278,1.5442333,0.69317734,-0.016969085,0.72056729,0
1.5939522,2.2713294,-1.2034717,0.72073889,0.0074717104,-0.69316638,0
1.7187382,-4.4931684,-1.0664644,-0.0063785911,-0.99982804,-0.017409563,0
0.093998611,-0.42960554,-0.79444027,-0.69317734,0.016969085,-0.72056729,0
1.4645225,-0.95376754,-0.73741674,0.69317734,-0.016969085,0.72056729,0
0.060646057,4.5032291,-0.16324186,0.0063785911,0.99982804,0.017409563,0
-1.3737993,4.2273412,1.5024309,-0.72073889,-0.0074717104,0.69316638,0
-0.87392241,-4.5100193,0.85120821,-0.0063785911,-0.99982804,-0.017409563,0
-0.39437902,4.4919243,0.65267849,0.0063785911,0.99982804,0.017409563,0
-1.7396483,-1.5782419,1.0594509,-0.72073889,-0.0074717104,0.69316638,0
1.5690732,-2.2184398,-1.2777355,0.72073889,0.0074717104,-0.69316638,0
-0.52368194,0.48373973,-0.17872983,-0.69317734,0.016969085,-0.72056729,0
-1.0948726,0.57880485,1.753125,-0.72073889,-0.0074717104,0.69316638,0
1.1880436,3.7390914,-1.6097054,0.72073889,0.0074717104,-0.69316638,0
1.7302308,4.5053487,-0.89668918,0.0063785911,0.99982804,0.017409563,0
-0.14891517,-4.5010619,0.071128368,-0.0063785911,-0.99982804,-0.017409563,0
-0.078884363,3.7393074,0.85784292,0.69317734,-0.016969085,0.72056729,0
-1.4909244,2.0599217,1.3572844,-0.72073889,-0.0074717104,0.69316638,0
-0.78267097,-0.84017897,0.039236665,-0.69317734,0.016969085,-0.72056729,0
-0.55819756,-4.5090175,0.67798567,-0.0063785911,-0.99982804,-0.017409563,0
-1.5161941,1.0424354,1.3200419,-0.72073889,-0.0074717104,0.69316638,0
1.6520736,4.5083199,-1.0386906,0.0063785911,0.99982804,0.017409563,0
1.1655167,-4.4944477,-0.79029846,-0.0063785911,-0.99982804,-0.017409563,0
0.80725396,-4.5005817,-0.306777,-0.0063785911,-0.99982804,-0.017409563,0
-0.87962556,4.4803782,1.4935706,0.0063785911,0.99982804,0.017409563,0
-1.238471,4.4898844,1.0790901,0.0063785911,0.99982804,0.017409563,0
0.024032116,4.4946604,0.34224892,0.0063785911,0.99982804,0.017409563,0
1.6982663,3.6393237,-1.0802627,0.72073889,0.0074717104,-0.69316638,0
0.8133204,-4.4892216,-0.961411,-0.0063785911,-0.99982804,-0.017409563,0
1.3547714,-1.969219,-1.4978755,0.72073889,0.0074717104,-0.69316638,0
1.5724845,3.5828776,-1.2116563,0.72073889,0.0074717104,-0.69316638,0
-1.3022212,3.6779237,1.5709338,-0.72073889,-0.0074717104,0.69316638,0
1.1567035,-3.8287754,-1.7238662,0.72073889,0.0074717104,-0.69316638,0
-1.2864707,4.4827399,1.5069954,0.0063785911,0.99982804,0.017409563,0
1.5379019,-4.4880366,-1.2949166,-0.0063785911,-0.99982804,-0.017409563,0
1.4747643,-4.4910641,-1.097919,-0.0063785911,-0.99982804,-0.017409563,0
-0.40645957,-4.4973636,-0.046897411,-0.0063785911,-0.99982804,-0.017409563,0
1.1004462,-4.4778056,-1.7222154,-0.0063785911,-0.99982804,-0.017409563,0
1.229826,4.5019531,-0.51835537,0.0063785911,0.99982804,0.017409563,0
-0.90509081,-4.5033779,0.48121309,-0.0063785911,-0.99982804,-0.017409563,0
1.3105292,-4.0489635,-1.5662951,0.72073889,0.0074717104,-0.69316638,0
0.61132014,-1.0504488,-1.3067181,-0.69317734,0.016969085,-0.72056729,0
-0.83761787,4.4843655,1.2491741,0.0063785911,0.99982804,0.017409563,0
-0.47791553,4.4877219,0.9246254,0.0063785911,0.99982804,0.017409563,0
-0.37904525,4.4889135,0.8199954,0.0063785911,0.99982804,0.017409563,0
-0.62754703,4.4876027,0.98630142,0.0063785911,0.99982804,0.017409563,0
-1.4243901,3.350287,1.4403741,-0.72073889,-0.0074717104,0.69316638,0
-0.38281834,4.5042739,-0.060795784,0.0063785911,0.99982804,0.017409563,0
-1.4644315,-3.9223881,1.3203478,-0.72073889,-0.0074717104,0.69316638,0
1.1153197,2.9087839,-1.6942716,0.72073889,0.0074717104,-0.69316638,0
-0.80598402,-4.5079565,0.70785046,-0.0063785911,-0.99982804,-0.017409563,0
1.482409,1.2514979,-1.3304446,0.72073889,0.0074717104,-0.69316638,0
-1.1221719,-0.053995013,1.7179189,-0.72073889,-0.0074717104,0.69316638,0
-0.35791063,4.4888048,0.81849003,0.0063785911,0.99982804,0.017409563,0
-0.31663704,3.9122157,1.0906305,0.69317734,-0.016969085,0.72056729,0
1.7514293,1.9163234,-1.0435572,0.72073889,0.0074717104,-0.69316638,0
-0.049251437,4.4916162,0.54391575,0.0063785911,0.99982804,0.017409563,0
-0.67092133,2.3965323,1.3957536,0.69317734,-0.016969085,0.72056729,0
-1.1249911,-2.1321523,1.6925869,-0.72073889,-0.0074717104,0.69316638,0
0.80680668,4.5015602,-0.34079599,0.0063785911,0.99982804,0.017409563,0
-1.2977878,-4.1673517,1.490979,-0.72073889,-0.0074717104,0.69316638,0
0.31602105,-0.062529325,-0.99937868,-0.69317734,0.016969085,-0.72056729,0
-0.13214111,0.26023096,0.82714427,0.69317734,-0.016969085,0.72056729,0
-1.3322518,-2.4623504,1.4735227,-0.72073889,-0.0074717104,0.69316638,0
0.50366253,4.2202091,-1.0790305,-0.69317734,0.016969085,-0.72056729,0
1.5141342,-4.1490746,-1.3556707,0.72073889,0.0074717104,-0.69316638,0
-0.92740667,4.4925089,0.81439877,0.0063785911,0.99982804,0.017409563,0
-1.1763723,-0.10650194,1.6609964,-0.72073889,-0.0074717104,0.69316638,0
0.17520925,0.14492375,-0.85903394,-0.69317734,0.016969085,-0.72056729,0
-1.484875,2.7015781,1.3704908,-0.72073889,-0.0074717104,0.69316638,0
-0.17268181,4.4864197,0.88760281,0.0063785911,0.99982804,0.017409563,0
1.0929775,-1.5641896,-0.3943702,0.69317734,-0.016969085,0.72056729,0
-0.18657255,-4.4889565,-0.61028218,-0.0063785911,-0.99982804,-0.017409563,0
1.2211641,4.5070672,-0.80885744,0.0063785911,0.99982804,0.017409563,0
1.2180521,-4.4856439,-1.3151519,-0.0063785911,-0.99982804,-0.017409563,0
-1.7154998,3.4485543,1.1387439,-0.72073889,-0.0074717104,0.69316638,0
0.3417055,1.6464871,0.4039551,0.69317734,-0.016969085,0.72056729,0
0.39102703,4.5102453,-0.68726254,0.0063785911,0.99982804,0.017409563,0
-1.7177901,-3.4281368,1.0622387,-0.72073889,-0.0074717104,0.69316638,0
-0.90515858,1.8705862,0.22090602,-0.69317734,0.016969085,-0.72056729,0
1.2328948,-1.0226606,-1.614397,0.72073889,0.0074717104,-0.69316638,0
-0.86806881,1.0747222,1.5542792,0.69317734,-0.016969085,0.72056729,0
0.18419385,-3.9869504,0.42281389,0.69317734,-0.016969085,0.72056729,0
-0.33756232,4.4879265,0.8614583,0.0063785911,0.99982804,0.017409563,0
1.530767,-2.2420058,-0.83148074,0.69317734,-0.016969085,0.72056729,0
1.468761,-2.8879077,-1.3892543,0.72073889,0.0074717104,-0.69316638,0
-1.6535656,1.6362014,1.1836063,-0.72073889,-0.0074717104,0.69316638,0
-0.60736609,4.3447576,1.3804944,0.69317734,-0.016969085,0.72056729,0
-1.3176636,3.1504617,1.549192,-0.72073889,-0.0074717104,0.69316638,0
1.5309311,0.46217793,-1.2885003,0.72073889,0.0074717104,-0.69316638,0
1.1984434,-1.4280618,-0.49262118,0.69317734,-0.016969085,0.72056729,0
-1.1665258,-2.1366501,1.6493516,-0.72073889,-0.0074717104,0.69316638,0
-1.279806,2.7938008,1.584711,-0.72073889,-0.0074717104,0.69316638,0
-0.32939732,0.13689527,-0.37379748,-0.69317734,0.016969085,-0.72056729,0
1.7682798,0.89281106,-0.98614132,0.69317734,-0.016969085,0.72056729,0
1.6155165,-4.2021537,-0.95916986,0.69317734,-0.016969085,0.72056729,0
1.1315792,3.2046547,-1.6741765,0.72073889,0.0074717104,-0.69316638,0
1.3929411,1.7632346,-1.4179552,0.72073889,0.0074717104,-0.69316638,0
-1.8042481,-4.1036806,0.94512773,-0.69317734,0.016969085,-0.72056729,0
-1.4647956,-0.73660547,1.3543086,-0.72073889,-0.0074717104,0.69316638,0
-0.41053677,1.0733957,1.1141074,0.69317734,-0.016969085,0.72056729,0
0.15435576,-4.4923768,-0.53877068,-0.0063785911,-0.99982804,-0.017409563,0
-0.69620681,4.482583,0.081408978,-0.69317734,0.016969085,-0.72056729,0
-1.5958774,-0.076774485,0.83950973,-0.69317734,0.016969085,-0.72056729,0
1.4938025,0.020765126,-1.3318639,0.72073889,0.0074717104,-0.69316638,0
0.61813724,0.48035443,-1.2772263,-0.69317734,0.016969085,-0.72056729,0
1.2038286,4.5120769,-1.090229,0.0063785911,0.99982804,0.017409563,0
-1.5939398,-3.4871297,1.1903794,-0.72073889,-0.0074717104,0.69316638,0
0.97260511,-3.50822,-0.32435489,0.69317734,-0.016969085,0.72056729,0
-1.5821329,1.2243564,1.2534409,-0.72073889,-0.0074717104,0.69316638,0
-0.24544796,-0.89324135,0.90898007,0.69317734,-0.016969085,0.72056729,0
-1.1016881,2.5827982,1.7676394,-0.72073889,-0.0074717104,0.69316638,0
-0.28873909,4.4940209,0.4935832,0.0063785911,0.99982804,0.017409563,0
1.46457,4.5105829,-1.099952,0.0063785911,0.99982804,0.017409563,0
1.1391424,2.528832,-1.673597,0.72073889,0.0074717104,-0.69316638,0
-1.4020103,3.988076,1.4705191,-0.72073889,-0.0074717104,0.69316638,0
1.7382067,-4.2166109,-1.1234128,0.72073889,0.0074717104,-0.69316638,0
-1.3871859,1.9509858,1.4639751,-0.72073889,-0.0074717104,0.69316638,0
-0.48804605,-4.492063,-0.32142496,-0.0063785911,-0.99982804,-0.017409563,0
-0.87128675,1.8743355,0.18841004,-0.69317734,0.016969085,-0.72056729,0
-1.2742441,-0.816571,1.5515778,-0.72073889,-0.0074717104,0.69316638,0
0.18868625,-4.4982967,-0.21135998,-0.0063785911,-0.99982804,-0.017409563,0
-1.3474798,-3.8481278,1.4427519,-0.72073889,-0.0074717104,0.69316638,0
-1.2684153,-3.5164468,1.5285363,-0.72073889,-0.0074717104,0.69316638,0
0.0405581,4.4889774,0.66257191,0.0063785911,0.99982804,0.017409563,0
-1.425328,0.4395203,1.4080237,-0.72073889,-0.0074717104,0.69316638,0
-1.2227316,4.4882722,1.1659346,0.0063785911,0.99982804,0.017409563,0
-0.72131968,4.479938,1.4608569,0.0063785911,0.99982804,0.017409563,0
1.133698,0.59852523,-1.7000648,0.72073889,0.0074717104,-0.69316638,0
1.3868375,-2.2458365,-0.69311261,0.69317734,-0.016969085,0.72056729,0
-1.6622826,0.0088093877,0.90540618,-0.69317734,0.016969085,-0.72056729,0
0.6439594,4.5162163,-1.1228247,0.0063785911,0.99982804,0.017409563,0
-1.2434047,-2.1035097,1.5697719,-0.72073889,-0.0074717104,0.69316638,0
-0.33665931,4.4951153,0.4482832,0.0063785911,0.99982804,0.017409563,0
-1.4089317,-3.7439346,1.3799782,-0.72073889,-0.0074717104,0.69316638,0
1.1083941,0.62282133,-1.7261133,0.72073889,0.0074717104,-0.69316638,0
1.4415951,-0.15949792,-1.3880911,0.72073889,0.0074717104,-0.69316638,0
1.6614408,-1.2961732,-0.9349134,0.69317734,-0.016969085,0.72056729,0
0.67621934,-4.4966364,-0.48535681,-0.0063785911,-0.99982804,-0.017409563,0
-0.094805002,4.496469,0.28190565,0.0063785911,0.99982804,0.017409563,0
0.28120407,-0.95135784,0.40097845,0.69317734,-0.016969085,0.72056729,0
-1.1630223,4.4887133,1.1187115,0.0063785911,0.99982804,0.017409563,0
1.3082601,2.4600625,-1.4984936,0.72073889,0.0074717104,-0.69316638,0
-1.5224321,-0.90151781,1.2926018,-0.72073889,-0.0074717104,0.69316638,0
-1.502112,2.86659,1.3543465,-0.72073889,-0.0074717104,0.69316638,0
-0.87670362,2.7567515,0.21440125,-0.69317734,0.016969085,-0.72056729,0
0.63596034,-4.4970636,-0.44606066,-0.0063785911,-0.99982804,-0.017409563,0
-0.43229002,-1.384243,-0.31063831,-0.69317734,0.016969085,-0.72056729,0
-0.39495677,1.3133612,1.1047707,0.69317734,-0.016969085,0.72056729,0
0.066701293,4.4925013,0.45061922,0.0063785911,0.99982804,0.017409563,0
0.055851579,2.0210357,0.68776369,0.69317734,-0.016969085,0.72056729,0
1.6878687,1.0972514,-1.1184748,0.72073889,0.0074717104,-0.69316638,0
-0.76861072,-1.4752914,0.010754108,-0.69317734,0.016969085,-0.72056729,0
-0.033170938,4.0085254,-0.56758809,-0.69317734,0.016969085,-0.72056729,0
-0.06456995,0.51065433,0.76803899,0.69317734,-0.016969085,0.72056729,0
1.0990292,-2.2433529,-1.7667454,0.72073889,0.0074717104,-0.69316638,0
-1.4072649,0.57923639,0.67351556,-0.69317734,0.016969085,-0.72056729,0
1.0447111,4.4998865,-0.33183861,0.0063785911,0.99982804,0.017409563,0
1.1304042,3.1856499,-1.6756029,0.72073889,0.0074717104,-0.69316638,0
1.7727413,-0.81090647,-1.050794,0.72073889,0.0074717104,-0.69316638,0
-0.3461529,-4.3601189,-0.46358228,-0.69317734,0.016969085,-0.72056729,0
0.7281332,-2.9823964,-0.076792479,0.69317734,-0.016969085,0.72056729,0
-1.637189,2.7992277,1.2131703,-0.72073889,-0.0074717104,0.69316638,0
1.7530826,-2.5820398,-1.0903261,0.72073889,0.0074717104,-0.69316638,0
1.3604652,3.2214584,-1.4360046,0.72073889,0.0074717104,-0.69316638,0
1.7472916,2.9705162,-1.0364962,0.72073889,0.0074717104,-0.69316638,0
0.14952748,1.7991109,-0.79537284,-0.69317734,0.016969085,-0.72056729,0
-1.422123,3.9949312,0.76824737,-0.69317734,0.016969085,-0.72056729,0
1.2735111,3.8183908,-1.5199833,0.72073889,0.0074717104,-0.69316638,0
0.24374664,4.5120049,-0.73432875,0.0063785911,0.99982804,0.017409563,0
0.89229023,-0.63624156,-1.5672538,-0.69317734,0.016969085,-0.72056729,0
0.23877835,2.5816391,0.52499247,0.69317734,-0.016969085,0.72056729,0
1.3510842,0.88272887,-1.470968,0.72073889,0.0074717104,-0.69316638,0
1.1281621,-4.4842663,-1.3613272,-0.0063785911,-0.99982804,-0.017409563,0
0.34955013,4.4969764,0.089974403,0.0063785911,0.99982804,0.017409563,0
0.42509019,-4.4980178,-0.31399822,-0.0063785911,-0.99982804,-0.017409563,0
-0.27030575,4.5006466,0.10631847,0.0063785911,0.99982804,0.017409563,0
0.22040285,0.63562542,-0.89095384,-0.69317734,0.016969085,-0.72056729,0
1.1673633,4.507318,-0.80356979,0.0063785911,0.99982804,0.017409563,0
-0.5973233,1.4818637,1.3034129,0.69317734,-0.016969085,0.72056729,0
-0.87556159,2.098207,1.5855896,0.69317734,-0.016969085,0.72056729,0
1.4480557,-4.4892631,-1.1915741,-0.0063785911,-0.99982804,-0.017409563,0
0.88256979,3.7495446,-0.066823721,0.69317734,-0.016969085,0.72056729,0
-1.3553104,4.358973,1.5230739,-0.72073889,-0.0074717104,0.69316638,0
-0.99008244,-0.62406754,0.24385345,-0.69317734,0.016969085,-0.72056729,0
-0.74206161,2.7500842,1.4725159,0.69317734,-0.016969085,0.72056729,0
-1.0170374,-4.5126953,1.0572968,-0.0063785911,-0.99982804,-0.017409563,0
0.17047691,1.5306792,0.56594789,0.69317734,-0.016969085,0.72056729,0
0.68114173,4.5135565,-0.98368359,0.0063785911,0.99982804,0.017409563,0
1.2733957,1.3148642,-1.5470887,0.72073889,0.0074717104,-0.69316638,0
0.3864634,0.66927123,-1.0499098,-0.69317734,0.016969085,-0.72056729,0
0.62034893,1.0404122,-1.2661647,-0.69317734,0.016969085,-0.72056729,0
-1.410676,-4.5030217,0.64598203,-0.0063785911,-0.99982804,-0.017409563,0
1.001137,-4.4921269,-0.8633709,-0.0063785911,-0.99982804,-0.017409563,0
1.4607322,-3.8323174,-0.80155969,0.69317734,-0.016969085,0.72056729,0
0.28558546,4.5129399,-0.80335522,0.0063785911,0.99982804,0.017409563,0
-1.6664,2.9820735,1.1847684,-0.72073889,-0.0074717104,0.69316638,0
0.8287794,-0.90707427,-1.5125351,-0.69317734,0.016969085,-0.72056729,0
-0.79403245,0.83688498,1.477456,0.69317734,-0.016969085,0.72056729,0
1.3695142,-4.4883623,-1.2145305,-0.0063785911,-0.99982804,-0.017409563,0
-0.71881765,0.85187471,1.4054532,0.69317734,-0.016969085,0.72056729,0
1.506973,2.3866858,-1.2926673,0.72073889,0.0074717104,-0.69316638,0
0.61931348,4.508688,-0.68145132,0.0063785911,0.99982804,0.017409563,0
-1.0860569,2.8260033,1.7865139,-0.72073889,-0.0074717104,0.69316638,0
-1.0468625,3.7954934,0.40255475,-0.69317734,0.016969085,-0.72056729,0
-1.7482303,-2.5041459,1.040547,-0.72073889,-0.0074717104,0.69316638,0
-0.81705117,4.4801826,1.4818804,0.0063785911,0.99982804,0.017409563,0
0.95809233,-4.4970922,-0.56244898,-0.0063785911,-0.99982804,-0.017409563,0
1.0358313,-3.9389572,-0.39532137,0.69317734,-0.016969085,0.72056729,0
1.7108613,-3.4697976,-1.1437957,0.72073889,0.0074717104,-0.69316638,0
0.22880113,4.3543916,0.57633853,0.69317734,-0.016969085,0.72056729,0
-0.23967969,-4.50353,0.2461257,-0.0063785911,-0.99982804,-0.017409563,0
1.0728397,1.5670726,-0.30125749,0.69317734,-0.016969085,0.72056729,0
-1.1529716,-4.5063457,0.74246597,-0.0063785911,-0.99982804,-0.017409563,0
-0.49303234,-0.56563789,1.1548684,0.69317734,-0.016969085,0.72056729,0
-1.6637599,-1.2820565,1.1415503,-0.72073889,-0.0074717104,0.69316638,0
-0.49028891,-2.2283669,1.1130724,0.69317734,-0.016969085,0.72056729,0
0.074540004,-0.078331709,0.62034637,0.69317734,-0.016969085,0.72056729,0
-1.005656,4.4944153,0.73359251,0.0063785911,0.99982804,0.017409563,0
-1.4928243,2.9034719,1.3644013,-0.72073889,-0.0074717104,0.69316638,0
1.2598962,-1.108759,-1.5872495,0.72073889,0.0074717104,-0.69316638,0
-0.2936604,4.5072107,-0.2620945,0.0063785911,0.99982804,0.017409563,0
1.6343006,4.5091186,-1.0780411,0.0063785911,0.99982804,0.017409563,0
1.3025796,-3.9100754,-0.65125036,0.69317734,-0.016969085,0.72056729,0
0.86112309,4.516438,-1.2151241,0.0063785911,0.99982804,0.017409563,0
1.3170867,4.5165501,-1.3886306,0.0063785911,0.99982804,0.017409563,0
0.73461491,-0.4332568,-1.4107916,-0.69317734,0.016969085,-0.72056729,0
-1.335206,-4.1225929,1.4525554,-0.72073889,-0.0074717104,0.69316638,0
1.3512036,3.1113982,-1.446821,0.72073889,0.0074717104,-0.69316638,0
1.2467396,-4.487339,-1.2283192,-0.0063785911,-0.99982804,-0.017409563,0
0.050691783,-2.7441759,0.58050823,0.69317734,-0.016969085,0.72056729,0
0.79672801,1.7783217,-1.4184618,-0.69317734,0.016969085,-0.72056729,0
1.0190392,1.8731774,-1.6300887,-0.69317734,0.016969085,-0.72056729,0
-1.5090642,3.2753184,1.3515239,-0.72073889,-0.0074717104,0.69316638,0
-1.559512,-4.5032296,0.71244454,-0.0063785911,-0.99982804,-0.017409563,0
-0.77005726,-4.451241,-0.057937145,-0.69317734,0.016969085,-0.72056729,0
-1.6151366,-3.3513553,1.1698031,-0.72073889,-0.0074717104,0.69316638,0
1.2922094,-4.4870367,-1.262331,-0.0063785911,-0.99982804,-0.017409563,0
-0.79041958,-3.6515417,1.3682797,0.69317734,-0.016969085,0.72056729,0
0.3152808,-4.503696,0.05234766,-0.0063785911,-0.99982804,-0.017409563,0
-1.3667963,2.3724415,0.67681456,-0.69317734,0.016969085,-0.72056729,0
-1.5118291,3.327637,1.3492129,-0.72073889,-0.0074717104,0.69316638,0
