2.7398436,0.58105052,1.2053814,0.78630006,-0.59685624,0.15967101,0
-3.2468536,-1.5199323,-1.7438762,0.29271507,0.13228059,-0.94700563,0
0.48784411,-2.9130995,-0.76590848,0.78630006,-0.59685624,0.15967101,0
-0.87968957,-0.92786455,-0.92949474,0.29271507,0.13228059,-0.94700563,0
-0.43253669,-3.7865372,-0.96191931,-0.54410487,-0.79136872,-0.27872109,0
-1.1787599,-2.2895818,-0.15618491,-0.29271507,-0.13228059,0.94700563,0
-0.93896735,-3.5940869,-0.5197134,-0.54410487,-0.79136872,-0.27872109,0
-1.8987157,-2.6332953,-1.3741045,-0.54410487,-0.79136872,-0.27872109,0
0.45006597,-2.8450873,-0.32563853,0.78630006,-0.59685624,0.15967101,0
2.1088772,2.547157,1.2084086,0.54410487,0.79136872,0.27872109,0
1.8515129,-0.88735783,0.091000617,0.78630006,-0.59685624,0.15967101,0
-3.3587506,-1.655785,-1.2993309,-0.54410487,-0.79136872,-0.27872109,0
1.586741,-1.1450872,0.43146846,0.78630006,-0.59685624,0.15967101,0
0.099711657,-3.4529674,-0.87259769,0.78630006,-0.59685624,0.15967101,0
0.86811101,3.4291458,1.1263511,0.54410487,0.79136872,0.27872109,0
-0.26653129,0.34012783,0.49310645,-0.29271507,-0.13228059,0.94700563,0
-0.67298633,2.3883858,-0.28375721,-0.78630006,0.59685624,-0.15967101,0
0.66182792,-2.5920796,-0.42270708,0.78630006,-0.59685624,0.15967101,0
-2.4812043,-2.2236953,-1.3999715,-0.54410487,-0.79136872,-0.27872109,0
-0.65636241,-3.8154335,-0.44293356,-0.54410487,-0.79136872,-0.27872109,0
-2.6482227,-1.5133684,-1.557925,0.29271507,0.13228059,-0.94700563,0
-3.3884225,-1.4364833,-1.2090924,-0.78630006,0.59685624,-0.15967101,0
0.9232502,-1.4642631,0.60881954,-0.29271507,-0.13228059,0.94700563,0
1.0294931,-2.0911448,-0.36076295,0.78630006,-0.59685624,0.15967101,0
-2.6858206,-0.94289589,-1.4898612,0.29271507,0.13228059,-0.94700563,0
2.4586763,0.0038977265,0.43257034,0.78630006,-0.59685624,0.15967101,0
0.93339354,3.5410113,0.68129063,0.54410487,0.79136872,0.27872109,0
0.63592154,-1.9448609,0.45287645,-0.29271507,-0.13228059,0.94700563,0
-3.3347263,-1.2849482,-0.90707612,-0.78630006,0.59685624,-0.15967101,0
-1.4240326,-1.8038533,-1.2201095,0.29271507,0.13228059,-0.94700563,0
2.6277184,1.9907597,1.6182711,-0.29271507,-0.13228059,0.94700563,0
-1.7602911,0.94433135,-0.32725415,-0.78630006,0.59685624,-0.15967101,0
3.0099874,1.9421121,1.1672044,0.54410487,0.79136872,0.27872109,0
1.1570348,-1.7671733,0.22217643,0.78630006,-0.59685624,0.15967101,0
-2.6419725,-2.2645767,-0.97005391,-0.54410487,-0.79136872,-0.27872109,0
-0.17781946,-2.5853863,-0.94407773,0.29271507,0.13228059,-0.94700563,0
0.14224946,3.7785575,0.89812756,-0.78630006,0.59685624,-0.15967101,0
-3.301332,-1.8722025,-0.79694867,-0.54410487,-0.79136872,-0.27872109,0
-3.0881896,-1.9585228,-0.96794701,-0.54410487,-0.79136872,-0.27872109,0
2.7975249,0.55533934,0.82521963,0.78630006,-0.59685624,0.15967101,0
1.4807034,2.9244235,1.3635302,0.54410487,0.79136872,0.27872109,0
1.4153022,-1.4612048,0.094060004,0.78630006,-0.59685624,0.15967101,0
-1.1331875,1.7744017,-0.31259167,-0.78630006,0.59685624,-0.15967101,0
3.003273,2.1109624,0.70089722,0.54410487,0.79136872,0.27872109,0
-0.89415807,2.3203044,0.55091226,-0.78630006,0.59685624,-0.15967101,0
0.5259527,3.9584632,0.29141092,0.54410487,0.79136872,0.27872109,0
0.060710907,-3.4327438,-0.60494137,0.78630006,-0.59685624,0.15967101,0
0.78871679,3.7429934,0.23864126,0.29271507,0.13228059,-0.94700563,0
2.0095224,2.813122,0.64721346,0.54410487,0.79136872,0.27872109,0
1.0465157,-0.96891588,-0.33984789,0.29271507,0.13228059,-0.94700563,0
-3.4971013,-1.7206113,-0.84518909,-0.54410487,-0.79136872,-0.27872109,0
2.3381166,-0.15642375,0.42697954,0.78630006,-0.59685624,0.15967101,0
1.2271401,-1.7650762,-0.39522779,0.29271507,0.13228059,-0.94700563,0
-1.1937864,1.6579235,-0.44957304,-0.78630006,0.59685624,-0.15967101,0
-1.2713878,1.6327614,0.36306894,-0.29271507,-0.13228059,0.94700563,0
1.9006417,2.7995074,0.89842105,0.54410487,0.79136872,0.27872109,0
0.38765574,-2.8272681,0.048309803,0.78630006,-0.59685624,0.15967101,0
0.67822826,3.5609825,1.1227093,0.54410487,0.79136872,0.27872109,0
0.086617768,0.64446944,0.64477462,-0.29271507,-0.13228059,0.94700563,0
0.85376263,1.4386396,0.99282753,-0.29271507,-0.13228059,0.94700563,0
2.3938258,0.067003489,0.98781896,0.78630006,-0.59685624,0.15967101,0
-1.7276604,1.0943736,0.072920054,-0.78630006,0.59685624,-0.15967101,0
-1.3197579,-3.2123039,-0.86034441,-0.54410487,-0.79136872,-0.27872109,0
-2.4374697,0.035883904,-0.38829792,-0.78630006,0.59685624,-0.15967101,0
0.27281272,3.9296293,0.86744547,0.54410487,0.79136872,0.27872109,0
2.6787803,0.39991111,0.8289814,0.78630006,-0.59685624,0.15967101,0
3.5940793,1.657388,0.83538342,0.54410487,0.79136872,0.27872109,0
0.94887519,1.9131062,1.0885015,-0.29271507,-0.13228059,0.94700563,0
1.0235429,-1.8741632,0.47962391,0.78630006,-0.59685624,0.15967101,0
-1.7478592,-2.7489347,-1.3402646,-0.54410487,-0.79136872,-0.27872109,0
-0.59761029,-2.1674056,-1.0154483,0.29271507,0.13228059,-0.94700563,0
-0.0065455139,-2.0259466,-0.81299341,0.29271507,0.13228059,-0.94700563,0
1.8632383,-0.86177242,0.12889844,0.78630006,-0.59685624,0.15967101,0
0.11116523,1.876092,-0.23156095,0.29271507,0.13228059,-0.94700563,0
-0.83215475,2.328732,0.27707946,-0.78630006,0.59685624,-0.15967101,0
-0.56360871,-1.4049122,-0.89843118,0.29271507,0.13228059,-0.94700563,0
0.081612229,-2.1863198,0.24781394,-0.29271507,-0.13228059,0.94700563,0
2.4387426,0.707582,1.3806212,-0.29271507,-0.13228059,0.94700563,0
3.0096414,1.4505616,0.60490513,0.29271507,0.13228059,-0.94700563,0
-1.8505563,0.72031915,-0.72010881,-0.78630006,0.59685624,-0.15967101,0
1.9167231,0.42088556,1.1792207,-0.29271507,-0.13228059,0.94700563,0
-1.0587137,-3.2433395,-1.2818227,-0.54410487,-0.79136872,-0.27872109,0
-3.0919671,-1.7675447,-1.5028131,-0.54410487,-0.79136872,-0.27872109,0
-1.5117085,1.4183573,0.22052765,-0.78630006,0.59685624,-0.15967101,0
2.1096637,2.7393298,0.66124058,0.54410487,0.79136872,0.27872109,0
2.8583701,1.9714499,1.3798845,0.54410487,0.79136872,0.27872109,0
1.3416362,3.1751597,0.92309904,0.54410487,0.79136872,0.27872109,0
1.5066159,-1.1867862,0.67017257,0.78630006,-0.59685624,0.15967101,0
-1.7428324,-2.853308,-1.0537331,-0.54410487,-0.79136872,-0.27872109,0
-2.2606502,0.29415977,-0.2936008,-0.78630006,0.59685624,-0.15967101,0
-1.558635,1.1419718,-0.58152282,-0.78630006,0.59685624,-0.15967101,0
1.1247954,1.5165014,0.031518698,0.29271507,0.13228059,-0.94700563,0
-0.9471727,2.1032462,0.00061142445,-0.78630006,0.59685624,-0.15967101,0
2.2041972,-0.14285803,1.1371758,0.78630006,-0.59685624,0.15967101,0
0.25285387,-3.0574243,-0.14819169,0.78630006,-0.59685624,0.15967101,0
0.24893533,-1.3159018,-0.63484436,0.29271507,0.13228059,-0.94700563,0
-0.25784045,-3.8594401,-0.6312418,0.78630006,-0.59685624,0.15967101,0
-0.46848577,-3.9774556,-0.34967041,-0.54410487,-0.79136872,-0.27872109,0
2.4514422,2.3994596,0.95902538,0.54410487,0.79136872,0.27872109,0
0.65982383,1.6993637,0.96930087,-0.29271507,-0.13228059,0.94700563,0
-1.5434389,1.3120124,-0.020736635,-0.78630006,0.59685624,-0.15967101,0
-0.17066741,-3.7706165,-0.72849941,0.78630006,-0.59685624,0.15967101,0
1.5521468,-1.0813899,0.83993053,0.78630006,-0.59685624,0.15967101,0
1.786814,-0.78674275,0.78571457,0.78630006,-0.59685624,0.15967101,0
3.17521,1.024058,0.71739697,0.78630006,-0.59685624,0.15967101,0
1.9658756,2.6065509,1.3189335,0.54410487,0.79136872,0.27872109,0
2.2124336,-0.2058543,0.86113268,0.78630006,-0.59685624,0.15967101,0
-0.79899693,2.2899752,-0.031081438,-0.78630006,0.59685624,-0.15967101,0
-0.23331881,-3.791466,-0.49790859,0.78630006,-0.59685624,0.15967101,0
-1.0287137,1.892265,-0.38649571,-0.78630006,0.59685624,-0.15967101,0
1.2829008,2.2382901,0.1812098,0.29271507,0.13228059,-0.94700563,0
-1.1444778,0.70107675,0.27215567,-0.29271507,-0.13228059,0.94700563,0
-1.0975133,0.79922873,0.30038232,-0.29271507,-0.13228059,0.94700563,0
-1.8213861,-2.76476,-1.1517963,-0.54410487,-0.79136872,-0.27872109,0
-1.1722999,1.6701641,-0.5096271,-0.78630006,0.59685624,-0.15967101,0
-1.7201431,-3.0772071,-0.46231222,-0.54410487,-0.79136872,-0.27872109,0
-0.093040109,-1.5218666,0.28664279,-0.29271507,-0.13228059,0.94700563,0
2.7909918,1.6889741,0.5706234,0.29271507,0.13228059,-0.94700563,0
-1.1649762,-3.3904862,-0.65659165,-0.54410487,-0.79136872,-0.27872109,0
0.402246,3.7850523,1.0252678,0.54410487,0.79136872,0.27872109,0
0.94391632,0.97840506,0.95640683,-0.29271507,-0.13228059,0.94700563,0
1.7066518,-0.97739995,0.4677889,0.78630006,-0.59685624,0.15967101,0
-1.8301628,-2.8743975,-0.82337141,-0.54410487,-0.79136872,-0.27872109,0
-0.3285023,-3.8400478,-1.0130785,-0.54410487,-0.79136872,-0.27872109,0
-0.83964956,-3.5015359,-0.97637534,-0.54410487,-0.79136872,-0.27872109,0
0.01768589,-3.3737276,-0.17246008,0.78630006,-0.59685624,0.15967101,0
-0.34710896,-0.81700039,0.3065691,-0.29271507,-0.13228059,0.94700563,0
-1.3428677,1.5780427,-0.014018536,-0.78630006,0.59685624,-0.15967101,0
-0.23592657,2.7230201,0.83541584,-0.29271507,-0.13228059,0.94700563,0
-1.9617507,-2.6313913,-1.2564564,-0.54410487,-0.79136872,-0.27872109,0
-1.9330691,-0.97046399,-1.2610401,0.29271507,0.13228059,-0.94700563,0
-3.0900574,-1.8282634,-1.3341444,-0.54410487,-0.79136872,-0.27872109,0
-1.7157624,-2.4087975,-0.3388226,-0.29271507,-0.13228059,0.94700563,0
0.13079244,-3.3235676,-0.54195333,0.78630006,-0.59685624,0.15967101,0
-0.69121963,-1.385903,0.12074018,-0.29271507,-0.13228059,0.94700563,0
-1.070811,0.77568859,0.30534774,-0.29271507,-0.13228059,0.94700563,0
2.7087703,1.9208462,0.57759833,0.29271507,0.13228059,-0.94700563,0
0.87391561,-2.3508406,-0.56537306,0.78630006,-0.59685624,0.15967101,0
1.3129632,3.1120076,1.1583791,0.54410487,0.79136872,0.27872109,0
-2.3747306,-2.3269212,-1.3147354,-0.54410487,-0.79136872,-0.27872109,0
-1.3701715,1.3908089,-0.57944787,-0.78630006,0.59685624,-0.15967101,0
1.2088571,3.2677929,0.91929197,0.54410487,0.79136872,0.27872109,0
-0.63941109,-3.5857394,-1.1281931,-0.54410487,-0.79136872,-0.27872109,0
1.7676619,-1.0338128,-0.04352887,0.78630006,-0.59685624,0.15967101,0
0.13341188,3.6564121,0.48506474,-0.78630006,0.59685624,-0.15967101,0
2.6749177,0.28614295,0.42273247,0.78630006,-0.59685624,0.15967101,0
0.25478816,3.8836012,0.73658705,-0.78630006,0.59685624,-0.15967101,0
2.7046599,2.0734267,0.59764051,0.29271507,0.13228059,-0.94700563,0
1.3430303,3.2414169,0.73225284,0.54410487,0.79136872,0.27872109,0
-2.2006423,0.14827442,-1.1344347,-0.78630006,0.59685624,-0.15967101,0
0.31122124,-3.1681945,-0.849684,0.78630006,-0.59685624,0.15967101,0
2.1337919,1.1155244,1.3433447,-0.29271507,-0.13228059,0.94700563,0
3.1732895,1.4703854,1.7142169,-0.29271507,-0.13228059,0.94700563,0
-3.1759887,-1.6616772,-1.6393793,-0.54410487,-0.79136872,-0.27872109,0
-3.3902245,-1.6538322,-1.2434332,-0.54410487,-0.79136872,-0.27872109,0
-1.2806638,-3.2833121,-0.73505068,-0.54410487,-0.79136872,-0.27872109,0
-0.62345928,2.6828585,0.57309675,-0.78630006,0.59685624,-0.15967101,0
-0.089098752,-3.7334766,-0.99135423,0.78630006,-0.59685624,0.15967101,0
-3.3733819,-1.576031,-1.4972122,-0.54410487,-0.79136872,-0.27872109,0
-1.0853004,-3.3306491,-0.98202538,-0.54410487,-0.79136872,-0.27872109,0
-1.123513,-3.3099151,-0.96629834,-0.54410487,-0.79136872,-0.27872109,0
1.0508468,3.5388165,0.45823765,0.54410487,0.79136872,0.27872109,0
0.45256373,2.5897086,1.0296037,-0.29271507,-0.13228059,0.94700563,0
-0.35490322,2.9306073,0.17668581,-0.78630006,0.59685624,-0.15967101,0
2.78425,0.42320046,0.39665222,0.78630006,-0.59685624,0.15967101,0
-3.2591677,-1.2056807,-0.98286033,-0.78630006,0.59685624,-0.15967101,0
-1.6658162,-3.0568912,-0.62604952,-0.54410487,-0.79136872,-0.27872109,0
0.11371946,-3.3048699,-0.38798451,0.78630006,-0.59685624,0.15967101,0
1.791996,2.7159534,1.3477468,0.54410487,0.79136872,0.27872109,0
0.68371969,-1.4963192,-0.52565587,0.29271507,0.13228059,-0.94700563,0
1.9534752,-0.53057414,0.9225589,0.78630006,-0.59685624,0.15967101,0
-1.0587597,-3.4358499,-0.73514223,-0.54410487,-0.79136872,-0.27872109,0
-2.8578744,-0.57794863,-0.6125443,-0.78630006,0.59685624,-0.15967101,0
-0.53237295,2.8268244,0.66269183,-0.78630006,0.59685624,-0.15967101,0
2.8370039,0.52291775,0.50961173,0.78630006,-0.59685624,0.15967101,0
-3.1154864,-0.96518588,-0.79143929,-0.78630006,0.59685624,-0.15967101,0
-1.027674,1.0713183,-0.69598418,0.29271507,0.13228059,-0.94700563,0
0.19964987,3.8162169,0.75623226,-0.78630006,0.59685624,-0.15967101,0
-1.2937517,0.60467678,0.2125504,-0.29271507,-0.13228059,0.94700563,0
-0.43866366,-3.8328872,-0.81835842,-0.54410487,-0.79136872,-0.27872109,0
-3.1772726,-1.7087357,-1.5032606,-0.54410487,-0.79136872,-0.27872109,0
2.1453075,2.6994073,0.51218581,0.29271507,0.13228059,-0.94700563,0
-3.052706,-2.0188506,-0.86592793,-0.54410487,-0.79136872,-0.27872109,0
0.53021562,-2.333421,-0.69003224,0.29271507,0.13228059,-0.94700563,0
2.9780619,1.8367209,1.5287628,0.54410487,0.79136872,0.27872109,0
1.2381058,-1.8152553,-0.35679042,0.78630006,-0.59685624,0.15967101,0
-2.355545,-0.051836252,-1.119638,-0.78630006,0.59685624,-0.15967101,0
-0.89499432,1.8139869,-0.55123544,0.29271507,0.13228059,-0.94700563,0
0.919918,-0.9457739,-0.37574616,0.29271507,0.13228059,-0.94700563,0
-1.5782508,1.1781679,-0.34962198,-0.78630006,0.59685624,-0.15967101,0
0.74615794,-1.0112528,-0.4386009,0.29271507,0.13228059,-0.94700563,0
1.4828937,2.3129382,0.25345373,0.29271507,0.13228059,-0.94700563,0
1.3251917,0.67371356,1.0316968,-0.29271507,-0.13228059,0.94700563,0
-1.0074316,-3.3459194,-1.0906792,-0.54410487,-0.79136872,-0.27872109,0
-0.077516615,3.4479156,0.98563504,-0.29271507,-0.13228059,0.94700563,0
3.0432873,0.93406081,1.0306382,0.78630006,-0.59685624,0.15967101,0
2.4270782,0.13607335,1.0822533,0.78630006,-0.59685624,0.15967101,0
1.3383934,0.98014283,0.022620678,0.29271507,0.13228059,-0.94700563,0
3.1406815,1.0758107,1.0808864,0.78630006,-0.59685624,0.15967101,0
1.2236912,-1.6043583,0.50253505,0.78630006,-0.59685624,0.15967101,0
2.1408827,-0.35006136,0.67443383,0.78630006,-0.59685624,0.15967101,0
-1.9326267,-2.8556755,-0.6765039,-0.54410487,-0.79136872,-0.27872109,0
1.561101,-1.2140352,0.30000281,0.78630006,-0.59685624,0.15967101,0
0.41530728,1.8714716,-0.13819742,0.29271507,0.13228059,-0.94700563,0
-0.80567455,2.413651,0.46410811,-0.78630006,0.59685624,-0.15967101,0
-1.8250716,-0.75556564,-0.14168096,-0.29271507,-0.13228059,0.94700563,0
-0.70854425,0.46738166,-0.68170238,0.29271507,0.13228059,-0.94700563,0
-0.33486593,3.0519166,0.85077548,-0.29271507,-0.13228059,0.94700563,0
-1.375757,0.30176133,-0.91106904,0.29271507,0.13228059,-0.94700563,0
-0.83613622,-3.5590408,-0.81996083,-0.54410487,-0.79136872,-0.27872109,0
-0.18215305,-3.8858285,-1.1026049,0.78630006,-0.59685624,0.15967101,0
2.7995396,2.0844219,1.1739705,0.54410487,0.79136872,0.27872109,0
3.4130759,1.5307821,1.440181,0.78630006,-0.59685624,0.15967101,0
2.2367327,-0.13439023,1.0086075,0.78630006,-0.59685624,0.15967101,0
-0.17307651,3.1349564,0.045145273,-0.78630006,0.59685624,-0.15967101,0
1.8982701,-0.68594015,0.61365247,0.78630006,-0.59685624,0.15967101,0
-2.1210837,0.29928827,-0.9617244,-0.78630006,0.59685624,-0.15967101,0
0.73929787,-2.2655175,0.41649318,0.78630006,-0.59685624,0.15967101,0
-2.7592988,-0.86688071,-0.44599509,-0.29271507,-0.13228059,0.94700563,0
-1.2597203,-0.25090146,-0.95240045,0.29271507,0.13228059,-0.94700563,0
-2.1400869,0.22181165,-1.1577549,-0.78630006,0.59685624,-0.15967101,0
-1.0237583,1.1775296,-0.67993796,0.29271507,0.13228059,-0.94700563,0
3.5644746,1.6387401,0.94612265,0.54410487,0.79136872,0.27872109,0
1.4440888,2.9582279,1.3390269,0.54410487,0.79136872,0.27872109,0
-0.044969201,3.2863073,-0.019963741,-0.78630006,0.59685624,-0.15967101,0
0.46047461,-2.6258473,0.30352402,-0.29271507,-0.13228059,0.94700563,0
-1.516781,-3.2126977,-0.47460747,-0.54410487,-0.79136872,-0.27872109,0
-0.23586956,-2.9924531,-1.0188811,0.29271507,0.13228059,-0.94700563,0
-2.8541236,-1.942372,-0.62553263,-0.29271507,-0.13228059,0.94700563,0
0.90882152,3.6253908,0.4896822,0.54410487,0.79136872,0.27872109,0
2.1429949,2.6883216,0.74099922,0.54410487,0.79136872,0.27872109,0
2.1495481,-0.22559249,1.097031,0.78630006,-0.59685624,0.15967101,0
3.0483606,1.9692408,1.0152678,0.54410487,0.79136872,0.27872109,0
-0.11847359,-1.8120909,0.23824179,-0.29271507,-0.13228059,0.94700563,0
0.6138131,-2.5154607,-0.68962026,0.29271507,0.13228059,-0.94700563,0
-1.3493313,-0.97848362,-1.0817295,0.29271507,0.13228059,-0.94700563,0
-1.1576272,1.6834772,-0.53211784,-0.78630006,0.59685624,-0.15967101,0
1.1599218,1.148775,-0.0089890957,0.29271507,0.13228059,-0.94700563,0
2.4824064,2.336642,1.0769377,0.54410487,0.79136872,0.27872109,0
2.2989612,2.4201522,1.1979389,0.54410487,0.79136872,0.27872109,0
-0.32549244,2.9368725,0.055273294,-0.78630006,0.59685624,-0.15967101,0
1.4713187,1.8201442,1.2370009,-0.29271507,-0.13228059,0.94700563,0
1.2881317,3.0686393,1.3299882,0.54410487,0.79136872,0.27872109,0
-1.4786454,-0.66589868,-1.0780371,0.29271507,0.13228059,-0.94700563,0
-1.7634008,-0.18396699,-1.098736,0.29271507,0.13228059,-0.94700563,0
3.4327757,1.4064541,0.87842584,0.78630006,-0.59685624,0.15967101,0
2.4205422,0.92401946,1.4052281,-0.29271507,-0.13228059,0.94700563,0
-1.7557702,-2.9562013,-0.73633265,-0.54410487,-0.79136872,-0.27872109,0
-1.0471292,1.8512553,-0.44910538,-0.78630006,0.59685624,-0.15967101,0
2.4840596,2.2658656,0.55633426,0.29271507,0.13228059,-0.94700563,0
-2.0729566,-2.566576,-1.2233953,-0.54410487,-0.79136872,-0.27872109,0
0.25083631,-3.1455734,-0.46776009,0.78630006,-0.59685624,0.15967101,0
1.8666688,1.2628365,0.22539544,0.29271507,0.13228059,-0.94700563,0
-2.5746782,-2.2499282,-1.1430147,-0.54410487,-0.79136872,-0.27872109,0
2.1408513,2.5527868,1.1300056,0.54410487,0.79136872,0.27872109,0
-0.61381644,-1.7918338,0.087963581,-0.29271507,-0.13228059,0.94700563,0
-0.76454037,-0.78406721,0.18214309,-0.29271507,-0.13228059,0.94700563,0
1.6555986,1.0329573,1.1840044,-0.29271507,-0.13228059,0.94700563,0
-2.6653256,-2.1367695,-1.2873468,-0.54410487,-0.79136872,-0.27872109,0
1.2111326,3.3373225,0.31254292,0.29271507,0.13228059,-0.94700563,0
1.6319367,-0.57898128,-0.10442978,0.29271507,0.13228059,-0.94700563,0
0.19665021,-3.1231887,-0.11724567,0.78630006,-0.59685624,0.15967101,0
2.5770712,2.2485368,1.1422927,0.54410487,0.79136872,0.27872109,0
-2.8167455,-0.56730664,-0.77530229,-0.78630006,0.59685624,-0.15967101,0
-0.24241257,0.85841352,0.5729571,-0.29271507,-0.13228059,0.94700563,0
-1.0472986,-3.2605691,-1.2551877,-0.54410487,-0.79136872,-0.27872109,0
-1.5593407,1.1112128,-0.69302404,-0.78630006,0.59685624,-0.15967101,0
2.6945419,2.261533,0.87607217,0.54410487,0.79136872,0.27872109,0
-1.634789,1.1878891,0.18860221,-0.29271507,-0.13228059,0.94700563,0
-0.19142529,-1.6826636,-0.82218826,0.29271507,0.13228059,-0.94700563,0
-2.0742767,0.42911381,-0.70693469,-0.78630006,0.59685624,-0.15967101,0
0.17071044,1.0137255,-0.33361387,0.29271507,0.13228059,-0.94700563,0
0.46263924,2.826303,1.0657661,-0.29271507,-0.13228059,0.94700563,0
0.62501276,-2.6430247,-0.4318459,0.78630006,-0.59685624,0.15967101,0
2.4714687,1.5508593,0.45256829,0.29271507,0.13228059,-0.94700563,0
-0.22453701,-2.9161508,0.051239729,-0.29271507,-0.13228059,0.94700563,0
-3.5464954,-1.6007954,-1.0448673,-0.78630006,0.59685624,-0.15967101,0
-2.3634927,-0.024523497,-0.97840261,-0.78630006,0.59685624,-0.15967101,0
-2.606916,-0.1685892,-0.31818724,-0.78630006,0.59685624,-0.15967101,0
-1.1151395,1.7250428,-0.58597469,-0.78630006,0.59685624,-0.15967101,0
-2.4728057,-0.79507279,-0.34741092,-0.29271507,-0.13228059,0.94700563,0
1.852937,1.5957992,0.26766038,0.29271507,0.13228059,-0.94700563,0
-1.2484603,1.8111234,0.39233613,-0.78630006,0.59685624,-0.15967101,0
0.94722319,-1.9894301,0.42458928,0.78630006,-0.59685624,0.15967101,0
2.2225873,2.5612543,0.94640493,0.54410487,0.79136872,0.27872109,0
2.2773528,-0.1111691,0.89537454,0.78630006,-0.59685624,0.15967101,0
3.1298807,1.9954121,0.78182054,0.54410487,0.79136872,0.27872109,0
0.58310914,0.8235414,0.82325101,-0.29271507,-0.13228059,0.94700563,0
-2.0312517,-2.6071377,-1.1896443,-0.54410487,-0.79136872,-0.27872109,0
-1.1257765,1.9448763,0.28815305,-0.78630006,0.59685624,-0.15967101,0
-0.36876148,-3.9265015,-0.68902063,-0.54410487,-0.79136872,-0.27872109,0
2.9734356,0.92222488,1.3303787,0.78630006,-0.59685624,0.15967101,0
-0.42320719,-3.7555151,-1.0682144,-0.54410487,-0.79136872,-0.27872109,0
-2.6788073,-1.9797553,-1.6325254,0.29271507,0.13228059,-0.94700563,0
1.3075835,-1.6554098,-0.10142517,0.78630006,-0.59685624,0.15967101,0
-2.1836395,-2.481792,-1.2480524,-0.54410487,-0.79136872,-0.27872109,0
1.6573057,3.0869622,0.55728197,0.54410487,0.79136872,0.27872109,0
-0.83051032,-0.53188765,-0.85898256,0.29271507,0.13228059,-0.94700563,0
3.2083917,1.0685575,0.72033572,0.78630006,-0.59685624,0.15967101,0
-3.2886956,-1.2858499,-1.1371255,-0.78630006,0.59685624,-0.15967101,0
-2.0280111,-2.2813165,-0.4175303,-0.29271507,-0.13228059,0.94700563,0
-2.213192,0.14175379,-1.097008,-0.78630006,0.59685624,-0.15967101,0
3.1868329,1.7487304,1.3710413,0.54410487,0.79136872,0.27872109,0
0.39489943,-3.016084,-0.6931622,0.78630006,-0.59685624,0.15967101,0
2.9327428,1.1538485,1.59565,-0.29271507,-0.13228059,0.94700563,0
1.7726309,-0.9861297,0.11024247,0.78630006,-0.59685624,0.15967101,0
-3.0084805,-0.81727445,-0.76549196,-0.78630006,0.59685624,-0.15967101,0
0.73936367,1.8202848,-0.04518342,0.29271507,0.13228059,-0.94700563,0
-0.13902415,1.2754409,0.66316569,-0.29271507,-0.13228059,0.94700563,0
0.046856105,-3.3956256,-0.39796352,0.78630006,-0.59685624,0.15967101,0
0.90150434,3.5944228,0.5918932,0.54410487,0.79136872,0.27872109,0
1.1290755,3.3897035,0.72889709,0.54410487,0.79136872,0.27872109,0
-2.0511901,-2.5986576,-1.174798,-0.54410487,-0.79136872,-0.27872109,0
-1.1402237,-3.3351436,-0.86204505,-0.54410487,-0.79136872,-0.27872109,0
-3.3372457,-1.6561186,-1.3403637,-0.54410487,-0.79136872,-0.27872109,0
0.90498972,-2.0398076,0.44425523,0.78630006,-0.59685624,0.15967101,0
-1.050266,1.4092314,0.40019327,-0.29271507,-0.13228059,0.94700563,0
0.53977793,-2.7231443,-0.31159735,0.78630006,-0.59685624,0.15967101,0
-2.1800807,-2.4141572,-1.4470346,-0.54410487,-0.79136872,-0.27872109,0
1.0346006,-1.9932734,-0.020067573,0.78630006,-0.59685624,0.15967101,0
-1.1735793,-1.5473595,-1.1068678,0.29271507,0.13228059,-0.94700563,0
0.1490404,3.6690853,0.4554739,-0.78630006,0.59685624,-0.15967101,0
-3.3227332,-1.690716,-1.2704623,-0.54410487,-0.79136872,-0.27872109,0
0.33462566,1.8262618,0.88650894,-0.29271507,-0.13228059,0.94700563,0
2.4648631,0.088422239,0.71805984,0.78630006,-0.59685624,0.15967101,0
1.7560908,1.4117569,0.21201801,0.29271507,0.13228059,-0.94700563,0
0.32608312,1.6605579,-0.19523728,0.29271507,0.13228059,-0.94700563,0
0.70706058,-2.3555243,0.23879647,0.78630006,-0.59685624,0.15967101,0
1.7574342,2.0655031,1.3597105,-0.29271507,-0.13228059,0.94700563,0
0.39226592,-0.62311441,0.56218898,-0.29271507,-0.13228059,0.94700563,0
-1.3537471,-3.1422224,-0.32937241,-0.29271507,-0.13228059,0.94700563,0
-0.9290424,1.9283689,-0.54578221,0.29271507,0.13228059,-0.94700563,0
1.1814363,-0.081660658,-0.1742101,0.29271507,0.13228059,-0.94700563,0
-1.0388837,-3.5164332,-0.5451436,-0.54410487,-0.79136872,-0.27872109,0
0.42628875,2.0300136,0.94330239,-0.29271507,-0.13228059,0.94700563,0
-2.8095124,-0.67427444,-1.2107724,-0.78630006,0.59685624,-0.15967101,0
3.1197298,1.9708335,0.87142301,0.54410487,0.79136872,0.27872109,0
-0.59109342,-3.4386122,-1.191,0.29271507,0.13228059,-0.94700563,0
-1.5389256,-3.0732942,-0.82718611,-0.54410487,-0.79136872,-0.27872109,0
0.69347739,1.2676061,0.91939366,-0.29271507,-0.13228059,0.94700563,0
-0.49527609,-4.0009508,-0.23066092,-0.54410487,-0.79136872,-0.27872109,0
1.1623067,3.1687207,1.2914577,0.54410487,0.79136872,0.27872109,0
-0.34781918,-1.608664,0.19576752,-0.29271507,-0.13228059,0.94700563,0
-0.0045785904,-0.17229629,0.50249785,-0.29271507,-0.13228059,0.94700563,0
-0.91080642,-2.1699612,-0.056653023,-0.29271507,-0.13228059,0.94700563,0
3.3029859,1.1792163,0.66815329,0.78630006,-0.59685624,0.15967101,0
-1.8033495,-3.0014849,-0.51487732,-0.54410487,-0.79136872,-0.27872109,0
1.601576,2.8980145,1.2025516,0.54410487,0.79136872,0.27872109,0
-1.372097,1.6290761,0.32068652,-0.78630006,0.59685624,-0.15967101,0
0.036941051,-3.3905575,-0.33019304,0.78630006,-0.59685624,0.15967101,0
-1.1432475,-3.4836569,-0.43447113,-0.54410487,-0.79136872,-0.27872109,0
3.2655561,1.8460021,0.94117904,0.54410487,0.79136872,0.27872109,0
0.18808615,-3.2349043,-0.49266958,0.78630006,-0.59685624,0.15967101,0
-0.35042667,0.80048692,0.53147918,-0.29271507,-0.13228059,0.94700563,0
0.29620248,3.6782105,0.077358246,0.29271507,0.13228059,-0.94700563,0
2.731559,1.3914704,1.5666568,-0.29271507,-0.13228059,0.94700563,0
-0.32384628,-1.1185037,0.27164459,-0.29271507,-0.13228059,0.94700563,0
-1.8177288,-2.6835625,-1.3894801,-0.54410487,-0.79136872,-0.27872109,0
3.2903295,1.2586433,1.0273809,0.78630006,-0.59685624,0.15967101,0
0.78421074,-2.2603712,0.21455622,0.78630006,-0.59685624,0.15967101,0
1.7198938,-0.98882979,0.35985386,0.78630006,-0.59685624,0.15967101,0
-0.54714322,1.706902,-0.45867407,0.29271507,0.13228059,-0.94700563,0
0.45994294,-2.7432303,0.0064682961,0.78630006,-0.59685624,0.15967101,0
0.055808544,3.4302006,0.021632671,-0.78630006,0.59685624,-0.15967101,0
2.7476146,1.2996414,0.50283289,0.29271507,0.13228059,-0.94700563,0
3.4336047,1.5131539,1.2731905,0.78630006,-0.59685624,0.15967101,0
0.98090643,3.4263005,0.91423583,0.54410487,0.79136872,0.27872109,0
2.5003726,1.1869105,1.466625,-0.29271507,-0.13228059,0.94700563,0
-1.3521664,1.4598862,-0.40990126,-0.78630006,0.59685624,-0.15967101,0
-2.8762596,-1.9360017,-1.4456098,-0.54410487,-0.79136872,-0.27872109,0
0.39418876,-2.1387019,0.35108161,-0.29271507,-0.13228059,0.94700563,0
-1.8728085,-2.9059744,-0.65046477,-0.54410487,-0.79136872,-0.27872109,0
-2.360852,-2.4413574,-1.0169129,-0.54410487,-0.79136872,-0.27872109,0
-1.9464856,0.44557908,-0.011429846,-0.29271507,-0.13228059,0.94700563,0
-2.9742489,-1.9462054,-1.2253494,-0.54410487,-0.79136872,-0.27872109,0
-2.4914227,-2.2327197,-0.55398011,-0.29271507,-0.13228059,0.94700563,0
2.7520769,0.53753746,0.98248589,0.78630006,-0.59685624,0.15967101,0
1.3031344,2.5503035,1.2870073,-0.29271507,-0.13228059,0.94700563,0
-1.0537457,1.9106375,-0.19454801,-0.78630006,0.59685624,-0.15967101,0
1.505922,3.0582635,0.93429017,0.54410487,0.79136872,0.27872109,0
0.56197226,3.8064671,0.6526556,0.54410487,0.79136872,0.27872109,0
-0.21113718,-3.8690841,-0.89728117,0.78630006,-0.59685624,0.15967101,0
1.2051352,0.17969465,0.92558199,-0.29271507,-0.13228059,0.94700563,0
-3.3082078,-1.6685829,-1.36166,-0.54410487,-0.79136872,-0.27872109,0
1.372803,-1.4993908,0.16060597,0.78630006,-0.59685624,0.15967101,0
-0.52925795,-3.9474764,-0.31615448,-0.54410487,-0.79136872,-0.27872109,0
-1.3136449,1.5725405,-0.17849398,-0.78630006,0.59685624,-0.15967101,0
0.15824497,-3.2015052,-0.22086978,0.78630006,-0.59685624,0.15967101,0
-0.67313617,2.631526,0.62584734,-0.78630006,0.59685624,-0.15967101,0
-1.3959219,-3.193624,-0.7646997,-0.54410487,-0.79136872,-0.27872109,0
-0.11101458,-1.2174981,-0.7323578,0.29271507,0.13228059,-0.94700563,0
0.11415172,-3.3775101,-0.66164494,0.78630006,-0.59685624,0.15967101,0
0.93924278,-2.0387225,0.27963161,0.78630006,-0.59685624,0.15967101,0
2.7396784,2.0681505,1.3370292,0.54410487,0.79136872,0.27872109,0
1.7220752,3.0360389,0.57542849,0.54410487,0.79136872,0.27872109,0
-0.09368211,3.3450785,0.4396112,-0.78630006,0.59685624,-0.15967101,0
1.1008625,-1.8615867,0.14587498,0.78630006,-0.59685624,0.15967101,0
-0.85221273,2.3322282,0.38892412,-0.78630006,0.59685624,-0.15967101,0
-0.4267807,2.7474084,-0.15415812,-0.78630006,0.59685624,-0.15967101,0
-3.1837628,-1.0629408,-0.82062435,-0.78630006,0.59685624,-0.15967101,0
1.5968585,-1.3008366,-0.20055223,0.78630006,-0.59685624,0.15967101,0
-0.48469132,-2.1333568,-0.97578955,0.29271507,0.13228059,-0.94700563,0
-1.8209702,0.78640497,-0.61877382,-0.78630006,0.59685624,-0.15967101,0
1.4768291,3.1437337,0.74840832,0.54410487,0.79136872,0.27872109,0
0.47204775,-2.7184691,0.039416075,0.78630006,-0.59685624,0.15967101,0
2.3821814,0.049164176,0.97847807,0.78630006,-0.59685624,0.15967101,0
0.28739166,-3.0440202,-0.26816773,0.78630006,-0.59685624,0.15967101,0
-0.88345444,-3.5949743,-0.62556314,-0.54410487,-0.79136872,-0.27872109,0
0.3502897,-2.6118498,0.27142167,-0.29271507,-0.13228059,0.94700563,0
-0.58585179,0.17808533,-0.6841886,0.29271507,0.13228059,-0.94700563,0
-2.5550978,-2.2997227,-1.0398567,-0.54410487,-0.79136872,-0.27872109,0
2.3894398,0.12440109,1.2239711,0.78630006,-0.59685624,0.15967101,0
-0.2563355,-0.42478848,-0.66654778,0.29271507,0.13228059,-0.94700563,0
-3.3211882,-1.2978899,-1.0221226,-0.78630006,0.59685624,-0.15967101,0
0.77793932,-2.3330526,-0.026245594,0.78630006,-0.59685624,0.15967101,0
-1.6457306,-2.9402916,-0.99631834,-0.54410487,-0.79136872,-0.27872109,0
-0.36073899,-3.9450529,-0.44454145,0.78630006,-0.59685624,0.15967101,0
-1.2453506,-1.6555645,-1.1441662,0.29271507,0.13228059,-0.94700563,0
-2.0115633,-2.7943873,-0.69642282,-0.54410487,-0.79136872,-0.27872109,0
2.8292966,2.1988969,0.79085326,0.54410487,0.79136872,0.27872109,0
1.7173529,-0.85821301,0.86061716,0.78630006,-0.59685624,0.15967101,0
2.0222406,-0.50364965,0.68456805,0.78630006,-0.59685624,0.15967101,0
0.66017479,3.5870051,1.0840662,0.54410487,0.79136872,0.27872109,0
1.5192075,-1.3506215,-0.0042575002,0.78630006,-0.59685624,0.15967101,0
-0.06761694,3.4362237,0.65195775,-0.78630006,0.59685624,-0.15967101,0
-2.3242836,0.21911934,-0.26074165,-0.78630006,0.59685624,-0.15967101,0
0.012970876,0.88581181,0.65572208,-0.29271507,-0.13228059,0.94700563,0
0.25367373,-3.0471225,-0.11371946,0.78630006,-0.59685624,0.15967101,0
-1.2630265,-3.1938829,-1.0233948,-0.54410487,-0.79136872,-0.27872109,0
0.042965412,3.5173392,0.41060805,-0.78630006,0.59685624,-0.15967101,0
2.3143873,2.2096124,1.5519917,-0.29271507,-0.13228059,0.94700563,0
-2.0823741,0.46130663,-0.54671997,-0.78630006,0.59685624,-0.15967101,0
-1.5874615,-3.1058009,-0.64014077,-0.54410487,-0.79136872,-0.27872109,0
-2.6312385,-2.3950071,-0.62068009,-0.54410487,-0.79136872,-0.27872109,0
0.5777306,-2.149169,0.40635145,-0.29271507,-0.13228059,0.94700563,0
-2.5903611,-2.2796738,-1.0279429,-0.54410487,-0.79136872,-0.27872109,0
-3.3802977,-1.6823239,-0.75184655,-0.29271507,-0.13228059,0.94700563,0
0.066999316,-1.947984,0.27658892,-0.29271507,-0.13228059,0.94700563,0
-0.038780637,0.76739162,0.62318468,-0.29271507,-0.13228059,0.94700563,0
-2.8092747,-0.51998585,-0.63520539,-0.78630006,0.59685624,-0.15967101,0
1.2980549,3.2336965,0.84197378,0.54410487,0.79136872,0.27872109,0
-2.5432603,-2.1148257,-1.5879407,-0.54410487,-0.79136872,-0.27872109,0
-2.1502564,0.37429208,-0.5376972,-0.78630006,0.59685624,-0.15967101,0
-0.25807869,-3.7835371,-0.34634018,0.78630006,-0.59685624,0.15967101,0
0.014817834,-3.4711049,-0.52233601,0.78630006,-0.59685624,0.15967101,0
-2.562197,-2.1648159,-1.4090381,-0.54410487,-0.79136872,-0.27872109,0
-0.7208814,2.5006664,0.37181091,-0.78630006,0.59685624,-0.15967101,0
2.0048149,2.2519689,0.40626073,0.29271507,0.13228059,-0.94700563,0
1.1110263,3.380446,0.79041648,0.54410487,0.79136872,0.27872109,0
0.22043693,1.9851737,-0.182549,0.29271507,0.13228059,-0.94700563,0
-0.70399588,0.10488808,-0.73093069,0.29271507,0.13228059,-0.94700563,0
-2.3067267,-2.5792913,-0.73093915,-0.54410487,-0.79136872,-0.27872109,0
0.73738509,3.6928658,0.63277006,0.54410487,0.79136872,0.27872109,0
-1.4682989,-2.9742303,-1.24633,-0.54410487,-0.79136872,-0.27872109,0
-3.2213249,-1.8066783,-1.1391761,-0.54410487,-0.79136872,-0.27872109,0
-2.8966761,-0.80303025,-1.2628284,-0.78630006,0.59685624,-0.15967101,0
1.3401121,-1.6750914,-0.33518296,0.78630006,-0.59685624,0.15967101,0
2.1738009,1.2853341,0.32347131,0.29271507,0.13228059,-0.94700563,0
1.9744942,-0.70044976,0.18404937,0.78630006,-0.59685624,0.15967101,0
-2.255553,0.20104283,-0.14111876,-0.29271507,-0.13228059,0.94700563,0
-1.1739551,-2.9361968,-1.3009806,0.29271507,0.13228059,-0.94700563,0
1.9583429,-0.55065268,0.82353234,0.78630006,-0.59685624,0.15967101,0
1.4621141,-1.2299883,0.72783047,0.78630006,-0.59685624,0.15967101,0
2.3381183,1.7592027,0.4404521,0.29271507,0.13228059,-0.94700563,0
1.2129555,1.8471296,0.10495162,0.29271507,0.13228059,-0.94700563,0
1.8673702,-0.87315995,0.065983206,0.78630006,-0.59685624,0.15967101,0
1.5684834,-1.0536339,0.86323351,0.78630006,-0.59685624,0.15967101,0
-0.36242199,2.8431039,-0.113379,-0.78630006,0.59685624,-0.15967101,0
2.0049341,-0.61746234,0.34435773,0.78630006,-0.59685624,0.15967101,0
-0.32335454,-3.9419687,-0.73374557,-0.54410487,-0.79136872,-0.27872109,0
-0.41077337,-3.7534676,-1.0982993,-0.54410487,-0.79136872,-0.27872109,0
-1.6676917,-1.9139167,-0.25483775,-0.29271507,-0.13228059,0.94700563,0
-0.32041162,-2.2956996,0.10827208,-0.29271507,-0.13228059,0.94700563,0
0.21351358,0.058759779,-0.45377615,0.29271507,0.13228059,-0.94700563,0
1.4208076,2.9731374,1.3421435,0.54410487,0.79136872,0.27872109,0
2.5556674,1.3122767,1.5012276,-0.29271507,-0.13228059,0.94700563,0
-2.6968112,-2.023278,-1.5481167,-0.54410487,-0.79136872,-0.27872109,0
-2.9150136,-1.9011157,-1.4690075,-0.54410487,-0.79136872,-0.27872109,0
-0.71822381,0.43153203,-0.68970191,0.29271507,0.13228059,-0.94700563,0
-1.7741408,0.98866546,-0.093327552,-0.78630006,0.59685624,-0.15967101,0
1.5607486,-1.0666782,0.85256433,0.78630006,-0.59685624,0.15967101,0
0.10000598,-3.435847,-0.81004977,0.78630006,-0.59685624,0.15967101,0
-2.3812335,0.076826394,-0.51218891,-0.78630006,0.59685624,-0.15967101,0
2.004678,1.0845079,0.24314427,0.29271507,0.13228059,-0.94700563,0
-2.0701468,0.58272612,-0.15306285,-0.78630006,0.59685624,-0.15967101,0
-0.61531782,0.91726792,-0.59004498,0.29271507,0.13228059,-0.94700563,0
0.29314971,3.9298613,0.82708549,0.54410487,0.79136872,0.27872109,0
-1.8868467,-1.1694026,-1.2745411,0.29271507,0.13228059,-0.94700563,0
2.6906071,2.3160057,0.72909069,0.54410487,0.79136872,0.27872109,0
0.040618896,-3.4006424,-0.38600206,0.78630006,-0.59685624,0.15967101,0
-0.51308239,-3.0613461,-0.058229446,-0.29271507,-0.13228059,0.94700563,0
0.96655524,3.2677531,0.22722769,0.29271507,0.13228059,-0.94700563,0
-2.2113731,-2.6247346,-0.78805757,-0.54410487,-0.79136872,-0.27872109,0
-0.06894201,0.31252223,-0.50563556,0.29271507,0.13228059,-0.94700563,0
1.9110554,-0.21187155,0.033123553,0.29271507,0.13228059,-0.94700563,0
-2.3736863,-2.4464073,-0.97751856,-0.54410487,-0.79136872,-0.27872109,0
1.0852096,-1.7842022,0.51222444,0.78630006,-0.59685624,0.15967101,0
1.9228745,2.6317947,1.3312047,0.54410487,0.79136872,0.27872109,0
-0.73825628,-0.14037235,0.28018072,-0.29271507,-0.13228059,0.94700563,0
2.3879349,1.446034,0.41210604,0.29271507,0.13228059,-0.94700563,0
-0.34006506,-3.9218638,-0.45966768,0.78630006,-0.59685624,0.15967101,0
-3.1962962,-1.6826394,-1.5402181,-0.54410487,-0.79136872,-0.27872109,0
-1.0868206,-0.40675879,0.13523144,-0.29271507,-0.13228059,0.94700563,0
1.5357313,3.2109981,0.44244099,0.54410487,0.79136872,0.27872109,0
-3.310935,-1.3227729,-1.1656268,-0.78630006,0.59685624,-0.15967101,0
1.4599502,3.1735182,0.69679284,0.54410487,0.79136872,0.27872109,0
2.3330493,2.5450044,0.77690482,0.54410487,0.79136872,0.27872109,0
-2.5586731,-0.22401249,-0.76293314,-0.78630006,0.59685624,-0.15967101,0
1.4806337,3.218478,0.52876139,0.54410487,0.79136872,0.27872109,0
0.85369122,3.4213958,1.1765046,0.54410487,0.79136872,0.27872109,0
1.274145,-1.5883528,-0.35601354,0.29271507,0.13228059,-0.94700563,0
-2.2049172,0.312356,-0.50004035,-0.78630006,0.59685624,-0.15967101,0
1.4972564,3.1849422,0.37969732,0.29271507,0.13228059,-0.94700563,0
-0.96015888,-3.4329336,-0.93590474,-0.54410487,-0.79136872,-0.27872109,0
-3.1215234,-0.99213994,-0.8624661,-0.78630006,0.59685624,-0.15967101,0
-3.2585814,-1.6462855,-1.5218472,-0.54410487,-0.79136872,-0.27872109,0
-0.017023325,-3.0331922,0.099032402,-0.29271507,-0.13228059,0.94700563,0
1.805806,2.8813341,0.85122442,0.54410487,0.79136872,0.27872109,0
-2.5342085,-0.11259699,-0.46693408,-0.78630006,0.59685624,-0.15967101,0
2.5077202,2.158473,1.5333936,0.54410487,0.79136872,0.27872109,0
-3.2014403,-1.0919476,-0.84199977,-0.78630006,0.59685624,-0.15967101,0
1.3391197,-1.438107,0.55556077,0.78630006,-0.59685624,0.15967101,0
-2.636019,-0.94636786,-1.4749528,0.29271507,0.13228059,-0.94700563,0
3.20785,1.7247919,1.3979812,0.54410487,0.79136872,0.27872109,0
-1.2335219,1.7862458,0.22577918,-0.78630006,0.59685624,-0.15967101,0
0.7566483,-0.15549809,0.74013603,-0.29271507,-0.13228059,0.94700563,0
1.9097559,-0.59267867,0.90570545,0.78630006,-0.59685624,0.15967101,0
-2.1740789,-1.4061776,-0.34043717,-0.29271507,-0.13228059,0.94700563,0
-0.71455014,-0.5957514,-0.8320604,0.29271507,0.13228059,-0.94700563,0
2.5761194,2.2995446,0.99932575,0.54410487,0.79136872,0.27872109,0
2.3686974,0.78759003,1.3701464,-0.29271507,-0.13228059,0.94700563,0
-1.4297071,-3.3061423,-0.37927389,-0.54410487,-0.79136872,-0.27872109,0
-2.8846192,-1.8700339,-1.616591,-0.54410487,-0.79136872,-0.27872109,0
-1.7136766,-3.0881734,-0.44379902,-0.54410487,-0.79136872,-0.27872109,0
1.5372062,2.9320672,1.2315257,0.54410487,0.79136872,0.27872109,0
-3.1379242,-1.8440437,-1.1958961,-0.54410487,-0.79136872,-0.27872109,0
-3.3310399,-1.6538888,-1.3588102,-0.54410487,-0.79136872,-0.27872109,0
0.81336856,-2.2084088,0.26520514,0.78630006,-0.59685624,0.15967101,0
-0.15250897,3.3967919,0.92261171,-0.78630006,0.59685624,-0.15967101,0
0.16151306,-2.4262516,-0.8169632,0.29271507,0.13228059,-0.94700563,0
-0.019634485,-1.4692903,-0.7392838,0.29271507,0.13228059,-0.94700563,0
0.28631246,0.85180163,-0.32049996,0.29271507,0.13228059,-0.94700563,0
0.56410003,-0.60225105,-0.43774348,0.29271507,0.13228059,-0.94700563,0
2.8198097,0.71441698,1.3101164,0.78630006,-0.59685624,0.15967101,0
0.27312481,-0.55039752,-0.52043957,0.29271507,0.13228059,-0.94700563,0
2.7794108,2.0444965,1.3266251,0.54410487,0.79136872,0.27872109,0
-0.95949113,-0.86524403,-0.94541413,0.29271507,0.13228059,-0.94700563,0
-1.5995388,1.1233542,-0.44968402,-0.78630006,0.59685624,-0.15967101,0
1.7126405,-1.0703577,0.09081772,0.78630006,-0.59685624,0.15967101,0
1.4106944,0.40948826,-0.034742355,0.29271507,0.13228059,-0.94700563,0
2.2191944,2.4441206,0.49936509,0.29271507,0.13228059,-0.94700563,0
0.49450803,-0.11162186,0.66523838,-0.29271507,-0.13228059,0.94700563,0
2.9236782,0.82594097,1.2154976,0.78630006,-0.59685624,0.15967101,0
-1.1167992,-3.5277433,-0.36092806,-0.54410487,-0.79136872,-0.27872109,0
-0.70133412,-3.7066536,-0.66400051,-0.54410487,-0.79136872,-0.27872109,0
-1.1351143,1.9219866,0.24857497,-0.78630006,0.59685624,-0.15967101,0
1.0976633,3.2886233,1.077214,0.54410487,0.79136872,0.27872109,0
0.28602415,2.8471076,-0.0418787,0.29271507,0.13228059,-0.94700563,0
0.82216752,0.17799944,0.80697161,-0.29271507,-0.13228059,0.94700563,0
0.015743732,3.4439764,0.27042794,-0.78630006,0.59685624,-0.15967101,0
-2.3608196,0.11151135,-0.48306274,-0.78630006,0.59685624,-0.15967101,0
-1.0263903,2.0875714,0.33212554,-0.78630006,0.59685624,-0.15967101,0
0.31166863,3.8911371,0.48464918,-0.78630006,0.59685624,-0.15967101,0
-1.3172203,-1.4281498,-1.1346148,0.29271507,0.13228059,-0.94700563,0
-1.6080182,-3.0648308,-0.71633577,-0.54410487,-0.79136872,-0.27872109,0
-2.2910624,-2.4802177,-1.0428164,-0.54410487,-0.79136872,-0.27872109,0
0.4166531,-2.7822802,0.07367897,0.78630006,-0.59685624,0.15967101,0
-0.24562585,-3.438508,-0.028243065,-0.29271507,-0.13228059,0.94700563,0
1.2452109,-1.6326979,0.29062676,0.78630006,-0.59685624,0.15967101,0
-0.40916145,-2.6495459,-1.0245466,0.29271507,0.13228059,-0.94700563,0
-1.850812,0.72062743,-0.7176975,-0.78630006,0.59685624,-0.15967101,0
-0.96910113,-3.4548345,-0.85626578,-0.54410487,-0.79136872,-0.27872109,0
2.6474493,2.105494,1.4110441,0.54410487,0.79136872,0.27872109,0
2.6399834,0.46593416,1.2668327,0.78630006,-0.59685624,0.15967101,0
-2.8544898,-0.54753441,-0.51552141,-0.78630006,0.59685624,-0.15967101,0
-0.37494463,2.9476798,0.33919811,-0.78630006,0.59685624,-0.15967101,0
-0.33194619,-3.9569037,-0.63063097,0.78630006,-0.59685624,0.15967101,0
