4.2914305,-0.61512065,3.0602012,0.95018905,-0.15542944,0.27015185,0
-0.34761071,0.81250316,-2.6376414,0.28910071,0.11567265,-0.95028442,0
-4.8435078,0.029359877,1.1608477,-0.28910071,-0.11567265,0.95028442,0
4.4789925,-1.3396419,1.9836564,0.95018905,-0.15542944,0.27015185,0
-5.0275912,0.78813696,-0.37140703,-0.95018905,0.15542944,-0.27015185,0
-5.1027241,0.93342537,-0.023557186,-0.95018905,0.15542944,-0.27015185,0
0.41116536,0.51768172,-0.36006081,0.11645299,0.98105097,0.15484564,0
4.3058386,-1.409027,2.5527611,0.95018905,-0.15542944,0.27015185,0
1.9429138,-1.1546898,3.08132,-0.28910071,-0.11567265,0.95028442,0
-1.658787,0.56186688,0.91672206,0.11645299,0.98105097,0.15484564,0
4.6440659,-1.0945219,1.544085,0.95018905,-0.15542944,0.27015185,0
-3.4707961,1.32881,-3.5249462,0.28910071,0.11567265,-0.95028442,0
-2.1439557,0.71396393,-3.1961291,0.28910071,0.11567265,-0.95028442,0
2.8651638,-0.24959707,2.6556144,0.11645299,0.98105097,0.15484564,0
0.98785889,0.59606719,-1.2903926,0.11645299,0.98105097,0.15484564,0
-2.1780596,0.56677699,1.2761362,0.11645299,0.98105097,0.15484564,0
2.7092242,-0.48181185,-1.8652247,0.28910071,0.11567265,-0.95028442,0
-0.90753424,-0.48555523,2.2955921,-0.28910071,-0.11567265,0.95028442,0
5.2486601,-0.5276317,-0.25626326,0.95018905,-0.15542944,0.27015185,0
-2.5314445,-0.10757785,1.8475667,-0.28910071,-0.11567265,0.95028442,0
2.6598256,-1.2769737,3.2845383,-0.28910071,-0.11567265,0.95028442,0
-4.8928986,0.9211998,-0.76859617,-0.95018905,0.15542944,-0.27015185,0
4.642416,-1.1281981,1.5305095,0.95018905,-0.15542944,0.27015185,0
-5.3191519,0.51496941,1.0752554,-0.28910071,-0.11567265,0.95028442,0
-2.1246603,0.82545424,-3.1766877,0.28910071,0.11567265,-0.95028442,0
-4.3964872,0.50297809,-2.7552128,-0.95018905,0.15542944,-0.27015185,0
-5.0642252,0.28626239,-0.53130627,-0.95018905,0.15542944,-0.27015185,0
4.4874501,-0.99261069,2.1535683,0.95018905,-0.15542944,0.27015185,0
-4.9986534,0.71753544,-0.51380777,-0.95018905,0.15542944,-0.27015185,0
4.8549328,-0.33557081,1.239068,0.95018905,-0.15542944,0.27015185,0
4.4746208,-1.3205949,1.7726574,-0.11645299,-0.98105097,-0.15484564,0
1.8131721,0.57191217,-2.0095625,0.28910071,0.11567265,-0.95028442,0
-3.1197948,0.11807883,-1.6308608,-0.11645299,-0.98105097,-0.15484564,0
1.3272343,-0.15127826,3.0161543,-0.28910071,-0.11567265,0.95028442,0
4.8315606,-0.95006222,0.96773195,0.95018905,-0.15542944,0.27015185,0
-4.6493106,0.81721544,-1.6851811,-0.95018905,0.15542944,-0.27015185,0
4.3507538,-1.2320206,2.4966216,0.95018905,-0.15542944,0.27015185,0
4.3765869,-0.59298259,2.7734246,0.95018905,-0.15542944,0.27015185,0
-0.43975306,-0.52805972,2.432729,-0.28910071,-0.11567265,0.95028442,0
3.9638562,-1.1748151,3.6936917,-0.28910071,-0.11567265,0.95028442,0
0.54052055,-0.80489731,1.4640409,-0.11645299,-0.98105097,-0.15484564,0
-4.0373821,1.1229005,-3.6616039,-0.95018905,0.15542944,-0.27015185,0
3.4818003,-0.45442879,3.4896145,0.11645299,0.98105097,0.15484564,0
3.08283,-1.3076427,3.409493,-0.28910071,-0.11567265,0.95028442,0
-1.2960852,-0.085456252,-1.7128655,-0.11645299,-0.98105097,-0.15484564,0
1.7737956,-0.5994184,3.0974603,-0.28910071,-0.11567265,0.95028442,0
-0.54077709,0.18133008,2.4868684,0.11645299,0.98105097,0.15484564,0
-4.7887912,0.57581723,-1.3334804,-0.95018905,0.15542944,-0.27015185,0
1.2267253,0.37859643,-0.092211604,0.11645299,0.98105097,0.15484564,0
5.4102907,-0.1398471,-1.0018668,0.28910071,0.11567265,-0.95028442,0
2.9120684,0.26760578,-0.65648758,0.11645299,0.98105097,0.15484564,0
3.2603176,-0.068699576,-1.6472825,0.28910071,0.11567265,-0.95028442,0
4.7457252,-0.55610776,1.4962921,0.95018905,-0.15542944,0.27015185,0
4.5795975,-0.52531427,2.0983229,0.95018905,-0.15542944,0.27015185,0
-3.7675233,1.1331006,-1.1165333,0.11645299,0.98105097,0.15484564,0
2.5614827,0.081534162,-1.8415985,0.28910071,0.11567265,-0.95028442,0
2.5137558,-0.29763842,-1.9022727,0.28910071,0.11567265,-0.95028442,0
-2.1645024,0.26523167,-3.2570016,0.28910071,0.11567265,-0.95028442,0
0.29350495,-0.29658547,2.6839807,-0.28910071,-0.11567265,0.95028442,0
4.2441783,-1.0334368,2.9857244,0.95018905,-0.15542944,0.27015185,0
5.4502029,-0.36338112,-0.87063932,0.95018905,-0.15542944,0.27015185,0
-3.2393265,0.77484179,0.75604105,0.11645299,0.98105097,0.15484564,0
-4.2374973,1.1913711,-2.9183578,-0.95018905,0.15542944,-0.27015185,0
-1.9683092,-0.14073974,2.0148501,-0.28910071,-0.11567265,0.95028442,0
4.0543971,-0.1238187,-1.4124129,0.28910071,0.11567265,-0.95028442,0
5.2484899,-0.63215041,-0.31579971,0.95018905,-0.15542944,0.27015185,0
0.67851233,-0.58655959,2.7658124,-0.28910071,-0.11567265,0.95028442,0
1.7839231,-0.56821913,-0.97058594,-0.11645299,-0.98105097,-0.15484564,0
-1.5944782,-0.092541575,-1.4435667,-0.11645299,-0.98105097,-0.15484564,0
-4.0384316,-0.22425711,1.3749007,-0.28910071,-0.11567265,0.95028442,0
-3.247607,0.85657394,0.24444056,0.11645299,0.98105097,0.15484564,0
5.4130278,-0.81703383,-1.0834644,0.28910071,0.11567265,-0.95028442,0
-3.1013932,0.10991597,-1.5929818,-0.11645299,-0.98105097,-0.15484564,0
1.3103046,0.42766887,-0.46597463,0.11645299,0.98105097,0.15484564,0
-2.0062733,0.13742977,-2.5908945,-0.11645299,-0.98105097,-0.15484564,0
-0.29308987,0.94784814,-2.5558128,0.11645299,0.98105097,0.15484564,0
4.6574144,-0.51534116,1.8303556,0.95018905,-0.15542944,0.27015185,0
-3.5511234,1.3521527,-3.5465417,0.28910071,0.11567265,-0.95028442,0
-2.017344,-0.23806247,1.9880859,-0.28910071,-0.11567265,0.95028442,0
-1.0035946,-0.270634,-0.75961053,-0.11645299,-0.98105097,-0.15484564,0
-5.4378395,0.13109338,0.69350767,-0.95018905,0.15542944,-0.27015185,0
-1.5671763,0.27356499,-3.0742657,0.28910071,0.11567265,-0.95028442,0
0.58400893,-0.52586192,2.7444506,-0.28910071,-0.11567265,0.95028442,0
-4.7948871,1.1927702,-0.95708275,-0.95018905,0.15542944,-0.27015185,0
5.3847685,-0.91228503,-0.95629549,0.95018905,-0.15542944,0.27015185,0
-3.1609559,0.76173174,-3.4997115,0.28910071,0.11567265,-0.95028442,0
2.2824597,-0.53826153,-1.5353162,-0.11645299,-0.98105097,-0.15484564,0
4.7732649,-0.72374469,1.3029819,0.95018905,-0.15542944,0.27015185,0
-4.7640233,1.1335126,-1.0997291,-0.95018905,0.15542944,-0.27015185,0
-2.5108242,0.40633145,1.9163952,-0.28910071,-0.11567265,0.95028442,0
4.8336515,-0.97760415,0.94453049,0.95018905,-0.15542944,0.27015185,0
5.2737775,-0.69886208,-0.44312382,0.95018905,-0.15542944,0.27015185,0
-5.187501,0.91737914,0.2653904,-0.95018905,0.15542944,-0.27015185,0
-1.6055884,0.047112733,2.1480649,-0.28910071,-0.11567265,0.95028442,0
-4.2670693,0.90790379,-2.9774365,-0.95018905,0.15542944,-0.27015185,0
4.2547159,-0.72336924,3.1270561,0.95018905,-0.15542944,0.27015185,0
2.6872156,-1.3133143,3.0707626,-0.11645299,-0.98105097,-0.15484564,0
-2.0494096,-0.46827155,1.2790697,-0.11645299,-0.98105097,-0.15484564,0
-5.18571,0.96512794,0.2865653,-0.95018905,0.15542944,-0.27015185,0
5.2802062,-0.29410481,-0.23286247,0.95018905,-0.15542944,0.27015185,0
-3.4070349,0.52078384,1.6576768,-0.28910071,-0.11567265,0.95028442,0
4.4617419,-1.0423985,2.2153473,0.95018905,-0.15542944,0.27015185,0
4.3260288,-1.2563434,2.5695925,0.95018905,-0.15542944,0.27015185,0
4.8143301,-0.41445196,1.3364935,0.95018905,-0.15542944,0.27015185,0
-5.3145704,0.12865591,1.0296254,-0.28910071,-0.11567265,0.95028442,0
-5.3308554,0.90570295,0.76288605,-0.95018905,0.15542944,-0.27015185,0
4.3703504,-0.60750365,2.7870045,0.95018905,-0.15542944,0.27015185,0
2.360013,0.2495935,-0.12718964,0.11645299,0.98105097,0.15484564,0
1.1785566,0.13834907,-2.2554038,0.28910071,0.11567265,-0.95028442,0
2.1603811,0.22746295,0.16315675,0.11645299,0.98105097,0.15484564,0
0.40617484,-0.71707916,1.0086895,-0.11645299,-0.98105097,-0.15484564,0
-2.9963322,-0.19844145,1.695076,-0.28910071,-0.11567265,0.95028442,0
-3.7742448,0.63757324,-3.7014031,0.28910071,0.11567265,-0.95028442,0
-0.27998042,0.26573539,1.7559704,0.11645299,0.98105097,0.15484564,0
4.0792432,-0.87447047,3.6573024,0.95018905,-0.15542944,0.27015185,0
-4.8067031,0.86297959,-1.1052642,-0.95018905,0.15542944,-0.27015185,0
-1.3860469,0.41197032,1.6613008,0.11645299,0.98105097,0.15484564,0
-4.1209221,1.2538447,-3.2924356,-0.95018905,0.15542944,-0.27015185,0
-3.3180923,0.93870008,-0.22287416,0.11645299,0.98105097,0.15484564,0
1.1957762,-0.33661312,-1.9956441,-0.11645299,-0.98105097,-0.15484564,0
-1.6805394,0.46353593,-3.0856295,0.28910071,0.11567265,-0.95028442,0
0.44970226,0.54996598,-2.4270358,0.28910071,0.11567265,-0.95028442,0
-4.7283335,0.86229539,-1.3813024,-0.95018905,0.15542944,-0.27015185,0
-0.55823886,0.64443433,-0.43407464,0.11645299,0.98105097,0.15484564,0
-0.21329045,0.18208778,-2.6735146,0.28910071,0.11567265,-0.95028442,0
4.9724717,-0.84042501,-1.2203395,0.28910071,0.11567265,-0.95028442,0
4.3896499,-0.60499418,2.7205691,0.95018905,-0.15542944,0.27015185,0
4.3130245,-0.06972146,0.42710543,0.11645299,0.98105097,0.15484564,0
1.212322,0.31560656,-2.2235548,0.28910071,0.11567265,-0.95028442,0
-4.6348176,0.92600906,-1.6735635,-0.95018905,0.15542944,-0.27015185,0
4.4895697,0.12969446,-1.2491636,0.28910071,0.11567265,-0.95028442,0
0.24225116,-0.88531178,2.5967255,-0.28910071,-0.11567265,0.95028442,0
-3.6633379,1.1554561,-1.336524,0.11645299,0.98105097,0.15484564,0
1.0722749,0.56388158,-2.2359397,0.28910071,0.11567265,-0.95028442,0
3.3413775,0.11017656,-1.6008483,0.28910071,0.11567265,-0.95028442,0
2.472676,-0.96164382,3.2659855,-0.28910071,-0.11567265,0.95028442,0
-4.8342338,0.85163885,-1.0149584,-0.95018905,0.15542944,-0.27015185,0
-4.2510848,1.3965188,-2.7525377,-0.95018905,0.15542944,-0.27015185,0
0.38877726,-0.60777724,0.32927227,-0.11645299,-0.98105097,-0.15484564,0
3.825345,-1.4511095,3.6179214,-0.28910071,-0.11567265,0.95028442,0
3.4240954,-1.2926064,3.5151453,-0.28910071,-0.11567265,0.95028442,0
-4.6974349,1.2541444,-1.1840796,0.11645299,0.98105097,0.15484564,0
-1.3770241,-0.35339829,2.168848,-0.28910071,-0.11567265,0.95028442,0
-2.49403,0.72758305,0.49495089,0.11645299,0.98105097,0.15484564,0
-4.8643332,0.27800751,-1.2391238,-0.95018905,0.15542944,-0.27015185,0
-1.7228258,-0.43161613,0.80122298,-0.11645299,-0.98105097,-0.15484564,0
3.5272279,-0.43300509,3.3197155,0.11645299,0.98105097,0.15484564,0
-2.8172152,1.3193496,-3.3272617,0.28910071,0.11567265,-0.95028442,0
1.1710969,-0.0073063374,2.3945775,0.11645299,0.98105097,0.15484564,0
1.7156134,-0.81377739,3.0536668,-0.28910071,-0.11567265,0.95028442,0
-4.6579747,1.2190572,-1.4235125,-0.95018905,0.15542944,-0.27015185,0
-0.34957492,0.59169805,-0.25688249,0.11645299,0.98105097,0.15484564,0
3.3256054,-0.58487213,-1.6902508,0.28910071,0.11567265,-0.95028442,0
-0.68615532,-0.051479191,2.4157786,-0.28910071,-0.11567265,0.95028442,0
-3.5918186,1.4632821,-3.5453959,0.28910071,0.11567265,-0.95028442,0
2.1391416,-1.2292165,2.9501305,-0.11645299,-0.98105097,-0.15484564,0
4.3440781,-0.71653849,2.816679,0.95018905,-0.15542944,0.27015185,0
1.0549407,-0.82860065,2.8508697,-0.28910071,-0.11567265,0.95028442,0
0.57844681,0.28251648,1.004063,0.11645299,0.98105097,0.15484564,0
4.65096,-0.39480102,1.92241,0.95018905,-0.15542944,0.27015185,0
4.678194,-0.8786304,1.5482574,0.95018905,-0.15542944,0.27015185,0
4.9065228,-0.35957104,1.0438061,0.95018905,-0.15542944,0.27015185,0
4.8048477,-0.57448226,-1.2389634,0.28910071,0.11567265,-0.95028442,0
4.6002202,-0.67329419,1.9406466,0.95018905,-0.15542944,0.27015185,0
1.7464585,-0.53952432,-1.1242113,-0.11645299,-0.98105097,-0.15484564,0
-5.1597857,0.71580082,0.051933289,-0.95018905,0.15542944,-0.27015185,0
-1.2736331,-0.49551019,0.8682155,-0.11645299,-0.98105097,-0.15484564,0
0.82844377,-0.40276068,2.8337984,-0.28910071,-0.11567265,0.95028442,0
-1.9443657,0.6941731,0.29324543,0.11645299,0.98105097,0.15484564,0
-4.4711757,1.2796546,-2.0456624,-0.95018905,0.15542944,-0.27015185,0
-5.1692371,0.57432395,0.0037779808,-0.95018905,0.15542944,-0.27015185,0
4.0839262,-0.89561754,-0.6260345,-0.11645299,-0.98105097,-0.15484564,0
-2.173178,1.258479,-3.1387384,0.28910071,0.11567265,-0.95028442,0
2.2120299,-0.66433734,3.2228799,-0.28910071,-0.11567265,0.95028442,0
-3.951695,1.2689581,-3.6785326,0.28910071,0.11567265,-0.95028442,0
2.1424885,-0.39230281,3.2348366,-0.28910071,-0.11567265,0.95028442,0
-5.2051258,0.63951159,0.16751289,-0.95018905,0.15542944,-0.27015185,0
-3.6926239,0.20616943,1.5324973,-0.28910071,-0.11567265,0.95028442,0
3.993485,0.14542723,-1.39817,0.28910071,0.11567265,-0.95028442,0
-3.6098838,-0.19522882,0.72272873,-0.11645299,-0.98105097,-0.15484564,0
4.4265471,-0.47160888,2.6675367,0.95018905,-0.15542944,0.27015185,0
-4.2096629,0.64934886,-3.3281064,-0.95018905,0.15542944,-0.27015185,0
-4.5197377,0.52111554,-2.311276,-0.95018905,0.15542944,-0.27015185,0
4.8413196,-0.52427733,1.1783791,0.95018905,-0.15542944,0.27015185,0
5.0656824,-0.70071363,0.28772926,0.95018905,-0.15542944,0.27015185,0
-2.075191,0.64085746,0.72942376,0.11645299,0.98105097,0.15484564,0
-2.750428,1.1763438,-3.3243504,0.28910071,0.11567265,-0.95028442,0
-4.4517975,1.0277681,-2.2587419,-0.95018905,0.15542944,-0.27015185,0
-0.43068218,-0.38575161,2.452811,-0.28910071,-0.11567265,0.95028442,0
4.1438675,-1.1303724,3.2827744,0.95018905,-0.15542944,0.27015185,0
-4.4855118,0.550578,-2.4147062,-0.95018905,0.15542944,-0.27015185,0
5.2598758,-0.8167218,-0.46203852,0.95018905,-0.15542944,0.27015185,0
4.2489562,-0.93151951,3.0275574,0.95018905,-0.15542944,0.27015185,0
-5.3867831,0.73854041,1.0818944,-0.28910071,-0.11567265,0.95028442,0
-4.755621,0.57334018,-1.4515748,-0.95018905,0.15542944,-0.27015185,0
-4.0137057,1.3910251,-2.5655141,0.11645299,0.98105097,0.15484564,0
3.0115349,-0.18473196,2.1345708,0.11645299,0.98105097,0.15484564,0
-3.7008018,0.85563266,0.59123325,0.11645299,0.98105097,0.15484564,0
-4.1096659,1.1292678,-3.4037032,-0.95018905,0.15542944,-0.27015185,0
-0.64139605,-0.64045542,2.357703,-0.28910071,-0.11567265,0.95028442,0
4.8739738,-0.44722319,1.1078591,0.95018905,-0.15542944,0.27015185,0
4.5376601,-0.46315306,2.2815895,0.95018905,-0.15542944,0.27015185,0
3.318553,-0.57913494,-1.6916981,0.28910071,0.11567265,-0.95028442,0
4.6725669,-0.76796079,1.6317215,0.95018905,-0.15542944,0.27015185,0
-4.9522181,0.072905898,0.033430099,-0.11645299,-0.98105097,-0.15484564,0
-3.1821983,0.084448189,1.6729655,-0.28910071,-0.11567265,0.95028442,0
4.5292473,-1.2117647,1.0420623,-0.11645299,-0.98105097,-0.15484564,0
2.6291568,-0.0014383197,1.2608528,0.11645299,0.98105097,0.15484564,0
4.0168624,-0.39846894,-1.4572635,0.28910071,0.11567265,-0.95028442,0
-5.0191278,0.21249378,-0.73236465,-0.95018905,0.15542944,-0.27015185,0
-1.2216973,-0.38465431,2.2122979,-0.28910071,-0.11567265,0.95028442,0
-3.0432425,0.28811908,-2.7657516,-0.11645299,-0.98105097,-0.15484564,0
-2.2764783,0.48385668,-3.2644556,0.28910071,0.11567265,-0.95028442,0
4.3252473,-0.71787882,2.8821392,0.95018905,-0.15542944,0.27015185,0
0.50760663,0.47373825,-0.1541791,0.11645299,0.98105097,0.15484564,0
-3.971678,0.88744998,-3.7310505,0.28910071,0.11567265,-0.95028442,0
5.0974207,-0.66446841,0.1969533,0.95018905,-0.15542944,0.27015185,0
-3.5136788,0.51456869,-3.6371045,0.28910071,0.11567265,-0.95028442,0
-1.5649166,-0.61713225,1.8578351,-0.11645299,-0.98105097,-0.15484564,0
4.7203407,-1.2031844,1.2132888,0.95018905,-0.15542944,0.27015185,0
-4.8022666,0.64458442,-1.2465205,-0.95018905,0.15542944,-0.27015185,0
-4.5553198,0.87762058,-1.9810162,-0.95018905,0.15542944,-0.27015185,0
-4.1963043,1.211988,-3.0513802,-0.95018905,0.15542944,-0.27015185,0
-5.0081897,0.71360707,-0.48252773,-0.95018905,0.15542944,-0.27015185,0
5.2443533,-0.17897362,-1.0571125,0.28910071,0.11567265,-0.95028442,0
-1.1043837,0.97885537,-2.8476212,0.28910071,0.11567265,-0.95028442,0
0.99684501,0.53940654,-0.93816787,0.11645299,0.98105097,0.15484564,0
-4.8697972,0.81690872,-0.9098525,-0.95018905,0.15542944,-0.27015185,0
1.2348202,0.4172655,-2.2043359,0.28910071,0.11567265,-0.95028442,0
-4.6067758,1.1049885,-0.3072567,0.11645299,0.98105097,0.15484564,0
1.3369889,0.35227716,-2.1811643,0.28910071,0.11567265,-0.95028442,0
4.7229671,0.057997406,-0.69037986,0.11645299,0.98105097,0.15484564,0
-4.8485012,0.54252654,1.2217934,-0.28910071,-0.11567265,0.95028442,0
1.596617,-0.76134431,3.0238476,-0.28910071,-0.11567265,0.95028442,0
0.92823243,0.65898162,-2.2681851,0.28910071,0.11567265,-0.95028442,0
-0.1059618,0.86098814,-2.5582237,0.28910071,0.11567265,-0.95028442,0
0.76313329,-1.0135996,2.618892,-0.11645299,-0.98105097,-0.15484564,0
-4.7659678,0.53636944,-1.4364519,-0.95018905,0.15542944,-0.27015185,0
-4.0657973,1.4816861,-3.3552389,-0.95018905,0.15542944,-0.27015185,0
-4.079731,1.1793318,-3.4801869,-0.95018905,0.15542944,-0.27015185,0
-1.1849568,1.0292507,-2.4008164,0.11645299,0.98105097,0.15484564,0
4.7252946,-0.88000107,1.381803,0.95018905,-0.15542944,0.27015185,0
-4.1954141,0.22299558,-1.4866495,-0.11645299,-0.98105097,-0.15484564,0
0.146891,-0.22083557,-1.9403492,-0.11645299,-0.98105097,-0.15484564,0
-0.96575838,0.7859894,-1.0244424,0.11645299,0.98105097,0.15484564,0
-1.8431914,0.77661598,-0.30517459,0.11645299,0.98105097,0.15484564,0
-1.3247516,1.1069012,-2.7876496,0.11645299,0.98105097,0.15484564,0
3.2552524,-0.55238187,-1.7076994,0.28910071,0.11567265,-0.95028442,0
2.9255002,-0.15591407,2.0166926,0.11645299,0.98105097,0.15484564,0
2.9735358,-1.3238171,2.9219759,-0.11645299,-0.98105097,-0.15484564,0
4.9221807,-1.0176818,-0.48309135,-0.11645299,-0.98105097,-0.15484564,0
0.58647013,0.75437582,-2.3605459,0.28910071,0.11567265,-0.95028442,0
3.9499557,-0.28280419,2.0501761,0.11645299,0.98105097,0.15484564,0
-4.8806891,0.34758809,1.188272,-0.28910071,-0.11567265,0.95028442,0
-1.559782,0.33847231,2.1974659,-0.28910071,-0.11567265,0.95028442,0
4.8169398,-0.83915764,-1.2675021,0.28910071,0.11567265,-0.95028442,0
4.8048224,-0.32790881,1.4197245,0.95018905,-0.15542944,0.27015185,0
-5.1710653,0.55526501,1.125212,-0.28910071,-0.11567265,0.95028442,0
1.6019361,-1.1554424,2.8867321,-0.11645299,-0.98105097,-0.15484564,0
2.2417164,-0.15000582,-1.9670634,0.28910071,0.11567265,-0.95028442,0
5.1066461,-0.34577703,0.34786081,0.95018905,-0.15542944,0.27015185,0
1.6798468,-0.62724435,3.0654912,-0.28910071,-0.11567265,0.95028442,0
-0.43103743,-0.2111342,-1.5671786,-0.11645299,-0.98105097,-0.15484564,0
4.3556719,0.16165823,-1.2860081,0.28910071,0.11567265,-0.95028442,0
-4.2259574,1.3304293,-2.8789406,-0.95018905,0.15542944,-0.27015185,0
4.4596348,-0.51176775,2.5280519,0.95018905,-0.15542944,0.27015185,0
4.5855198,-0.92900276,1.8452339,0.95018905,-0.15542944,0.27015185,0
-3.7591166,1.2836058,-3.6181622,0.28910071,0.11567265,-0.95028442,0
-4.8886285,1.1471549,-0.36244059,0.11645299,0.98105097,0.15484564,0
-1.0205607,0.52243531,-2.8776779,0.28910071,0.11567265,-0.95028442,0
1.5874188,-0.26129615,-2.1796641,0.28910071,0.11567265,-0.95028442,0
-3.5537987,0.91483849,0.10557008,0.11645299,0.98105097,0.15484564,0
-0.35513711,0.76351845,-2.6458936,0.28910071,0.11567265,-0.95028442,0
4.2611871,-1.1136458,2.8797545,0.95018905,-0.15542944,0.27015185,0
-0.51086712,-0.75736129,1.953573,-0.11645299,-0.98105097,-0.15484564,0
-2.3077316,-0.054028094,-1.1511667,-0.11645299,-0.98105097,-0.15484564,0
2.7151043,-0.50155824,3.3957417,-0.28910071,-0.11567265,0.95028442,0
0.375844,-0.72724181,2.6566091,-0.28910071,-0.11567265,0.95028442,0
4.491559,-1.0621946,2.0990844,0.95018905,-0.15542944,0.27015185,0
-5.2043257,0.83320367,0.27613783,-0.95018905,0.15542944,-0.27015185,0
2.9801943,-1.1233082,1.6466091,-0.11645299,-0.98105097,-0.15484564,0
1.1707778,0.024321944,-2.2716498,0.28910071,0.11567265,-0.95028442,0
-1.8000278,-0.37056756,0.47250026,-0.11645299,-0.98105097,-0.15484564,0
-2.3711779,0.81172633,-3.2533555,0.28910071,0.11567265,-0.95028442,0
5.1269455,-1.0074624,-0.10423231,0.95018905,-0.15542944,0.27015185,0
-0.36111987,-0.65688002,1.2043384,-0.11645299,-0.98105097,-0.15484564,0
-2.0997024,-0.33236262,1.9515518,-0.28910071,-0.11567265,0.95028442,0
5.3312988,-0.45145112,-0.50309515,0.95018905,-0.15542944,0.27015185,0
-1.4723785,1.1428862,-2.9046154,0.11645299,0.98105097,0.15484564,0
4.1048288,-1.4113324,3.258431,0.95018905,-0.15542944,0.27015185,0
-4.1993279,1.2451186,-3.0216851,-0.95018905,0.15542944,-0.27015185,0
-4.6647186,0.88759977,1.1136227,0.11645299,0.98105097,0.15484564,0
3.3909831,0.2856729,-1.564395,0.28910071,0.11567265,-0.95028442,0
-1.6120355,0.93656707,-1.492415,0.11645299,0.98105097,0.15484564,0
-0.6630919,0.207232,2.4147513,0.11645299,0.98105097,0.15484564,0
-1.553323,0.3745479,-3.0577593,0.28910071,0.11567265,-0.95028442,0
0.70224571,0.47669214,-2.3591249,0.28910071,0.11567265,-0.95028442,0
1.7332785,0.61357307,-1.961903,0.11645299,0.98105097,0.15484564,0
1.8102007,0.57141984,-2.0105264,0.28910071,0.11567265,-0.95028442,0
0.69480038,0.61987567,-1.2208381,0.11645299,0.98105097,0.15484564,0
2.2401228,-0.23809862,-1.9782714,0.28910071,0.11567265,-0.95028442,0
5.3817835,-0.40892172,-0.6561923,0.95018905,-0.15542944,0.27015185,0
1.2601366,0.176961,-2.2258849,0.28910071,0.11567265,-0.95028442,0
2.5210409,-1.094532,3.2645233,-0.28910071,-0.11567265,0.95028442,0
3.7698731,0.16932124,-0.67890906,0.11645299,0.98105097,0.15484564,0
-4.3196492,0.52950466,-3.0102072,-0.95018905,0.15542944,-0.27015185,0
1.8946646,-0.96491849,1.459487,-0.11645299,-0.98105097,-0.15484564,0
2.300853,0.063963175,1.093394,0.11645299,0.98105097,0.15484564,0
1.194798,-1.0464219,2.8669035,-0.28910071,-0.11567265,0.95028442,0
-5.140686,1.0143335,0.15651417,-0.95018905,0.15542944,-0.27015185,0
-5.0073957,0.33968103,-0.70045567,-0.95018905,0.15542944,-0.27015185,0
-2.0112946,0.49456266,-3.1824765,0.28910071,0.11567265,-0.95028442,0
1.1426172,-0.15340662,2.9597299,-0.28910071,-0.11567265,0.95028442,0
4.1588378,-0.09798938,0.72215891,0.11645299,0.98105097,0.15484564,0
-3.5653687,1.3691041,-2.7638059,0.11645299,0.98105097,0.15484564,0
4.8665242,-0.98257113,0.82605362,0.95018905,-0.15542944,0.27015185,0
3.3457491,-1.3826129,3.0145597,-0.11645299,-0.98105097,-0.15484564,0
-5.3590078,0.52836937,0.64480639,-0.95018905,0.15542944,-0.27015185,0
0.49415556,0.3939147,0.36167222,0.11645299,0.98105097,0.15484564,0
-1.6903608,0.57225752,0.87463588,0.11645299,0.98105097,0.15484564,0
-4.0036306,1.0561174,-3.7202406,0.28910071,0.11567265,-0.95028442,0
-5.3569937,0.31117347,0.51276255,-0.95018905,0.15542944,-0.27015185,0
4.0944519,-1.3185654,3.3483009,0.95018905,-0.15542944,0.27015185,0
4.7379351,-0.68820161,1.4476933,0.95018905,-0.15542944,0.27015185,0
1.6679571,-1.1386238,2.7305236,-0.11645299,-0.98105097,-0.15484564,0
-4.0974603,-0.019354463,1.3818841,-0.28910071,-0.11567265,0.95028442,0
-4.2949114,0.17225361,-1.0903378,-0.11645299,-0.98105097,-0.15484564,0
5.2938023,-0.36766213,-1.0650363,0.28910071,0.11567265,-0.95028442,0
4.9086552,-0.70376003,0.83827877,0.95018905,-0.15542944,0.27015185,0
-2.9401412,0.47351447,1.7939639,-0.28910071,-0.11567265,0.95028442,0
-4.4737158,1.1268634,-2.1246338,-0.95018905,0.15542944,-0.27015185,0
2.2471757,0.43917418,-1.8936851,0.28910071,0.11567265,-0.95028442,0
4.4934244,-0.80012894,2.2432971,0.95018905,-0.15542944,0.27015185,0
-3.09091,0.57468426,-3.5011704,0.28910071,0.11567265,-0.95028442,0
-4.2808824,1.1558481,-0.874578,0.11645299,0.98105097,0.15484564,0
-2.9699497,-0.40894681,1.6774786,-0.28910071,-0.11567265,0.95028442,0
2.2139297,-0.56803221,3.2351804,-0.28910071,-0.11567265,0.95028442,0
-0.75956404,-0.2219274,-1.251725,-0.11645299,-0.98105097,-0.15484564,0
3.4612083,-0.24384344,-1.6074855,0.28910071,0.11567265,-0.95028442,0
-4.1063576,1.2118397,-3.3678303,-0.95018905,0.15542944,-0.27015185,0
-3.9115574,1.4838954,-3.230731,0.11645299,0.98105097,0.15484564,0
4.50104,-0.90140909,-0.90303445,-0.11645299,-0.98105097,-0.15484564,0
-4.5380626,0.95796883,-1.9954829,-0.95018905,0.15542944,-0.27015185,0
3.2708058,0.20708439,-1.610522,0.28910071,0.11567265,-0.95028442,0
-2.256598,0.535815,1.5313668,0.11645299,0.98105097,0.15484564,0
-0.85287571,0.78047502,-2.7952542,0.28910071,0.11567265,-0.95028442,0
-5.1378365,0.63928163,1.1455479,-0.28910071,-0.11567265,0.95028442,0
-0.73200727,0.76587665,-2.7602601,0.28910071,0.11567265,-0.95028442,0
1.7665846,-0.44522563,3.1140358,-0.28910071,-0.11567265,0.95028442,0
-4.3868513,1.2295336,-2.3710895,-0.95018905,0.15542944,-0.27015185,0
4.529582,-0.77384514,-1.3469739,0.28910071,0.11567265,-0.95028442,0
5.4379816,-0.38167512,-1.0228789,0.28910071,0.11567265,-0.95028442,0
-5.1965795,0.46426684,0.036628723,-0.95018905,0.15542944,-0.27015185,0
-3.1111956,-0.055179417,-0.53962016,-0.11645299,-0.98105097,-0.15484564,0
-4.5298233,0.29688084,1.288842,-0.28910071,-0.11567265,0.95028442,0
3.253958,-0.95057023,0.34631252,-0.11645299,-0.98105097,-0.15484564,0
0.16511464,-0.61301291,0.53065133,-0.11645299,-0.98105097,-0.15484564,0
4.5546913,-1.062879,1.8766394,0.95018905,-0.15542944,0.27015185,0
5.3787346,-0.96572769,-0.96582079,0.95018905,-0.15542944,0.27015185,0
-2.6174028,-0.25238442,1.8037896,-0.28910071,-0.11567265,0.95028442,0
-0.79732203,-0.056092024,-2.2740064,-0.11645299,-0.98105097,-0.15484564,0
5.0434332,-0.93515164,-1.0971642,-0.11645299,-0.98105097,-0.15484564,0
3.2410707,0.22236454,-1.6177084,0.28910071,0.11567265,-0.95028442,0
-1.2531444,-0.1084969,-1.5991815,-0.11645299,-0.98105097,-0.15484564,0
-4.659369,1.0966734,-1.4890199,-0.95018905,0.15542944,-0.27015185,0
-3.5649552,-0.29959184,1.3501498,-0.11645299,-0.98105097,-0.15484564,0
3.6842642,0.11438054,-1.496022,0.28910071,0.11567265,-0.95028442,0
0.03882122,0.58344108,-2.5479612,0.28910071,0.11567265,-0.95028442,0
-1.1174634,0.17452365,2.3120739,-0.28910071,-0.11567265,0.95028442,0
4.2302761,-0.81683111,3.159246,0.95018905,-0.15542944,0.27015185,0
4.5272136,-0.59036577,2.2451406,0.95018905,-0.15542944,0.27015185,0
-4.5528255,1.1528063,-1.8314614,-0.95018905,0.15542944,-0.27015185,0
5.3575864,-0.38279209,-0.55605078,0.95018905,-0.15542944,0.27015185,0
4.7996411,-0.72345269,-1.2586806,0.28910071,0.11567265,-0.95028442,0
-0.80968696,0.709225,-0.65546298,0.11645299,0.98105097,0.15484564,0
-1.7222558,-0.42786932,0.77705598,-0.11645299,-0.98105097,-0.15484564,0
-3.7982843,-0.23873287,1.1400449,-0.11645299,-0.98105097,-0.15484564,0
-4.9494681,1.0303507,-0.50683069,-0.95018905,0.15542944,-0.27015185,0
4.5371165,-0.62435496,2.1907525,0.95018905,-0.15542944,0.27015185,0
1.0020418,0.17291194,1.3799131,0.11645299,0.98105097,0.15484564,0
-1.1518068,0.13189238,-2.9651451,0.28910071,0.11567265,-0.95028442,0
1.4720964,-0.93282056,1.5739205,-0.11645299,-0.98105097,-0.15484564,0
4.9304705,-0.4340499,0.91672421,0.95018905,-0.15542944,0.27015185,0
4.3349705,-0.52814192,2.9571037,0.95018905,-0.15542944,0.27015185,0
4.6071935,-0.97444534,1.7428551,0.95018905,-0.15542944,0.27015185,0
-3.170274,1.3006163,-2.6270237,0.11645299,0.98105097,0.15484564,0
-3.5096297,1.4044065,-3.5275578,0.28910071,0.11567265,-0.95028442,0
1.3239915,-0.62431145,2.9575887,-0.28910071,-0.11567265,0.95028442,0
-1.8258171,-0.10647691,2.0623703,-0.28910071,-0.11567265,0.95028442,0
-4.6717138,-0.1094014,0.97751379,-0.11645299,-0.98105097,-0.15484564,0
-2.9640408,1.3148437,-2.8722634,0.11645299,0.98105097,0.15484564,0
-4.026329,1.399673,-3.5412426,-0.95018905,0.15542944,-0.27015185,0
-5.1796899,0.37676948,-0.073116779,-0.95018905,0.15542944,-0.27015185,0
5.1519608,-1.0103774,-0.19389343,0.95018905,-0.15542944,0.27015185,0
1.587809,0.21286583,0.68624711,0.11645299,0.98105097,0.15484564,0
2.2917593,-1.0092252,3.2051544,-0.28910071,-0.11567265,0.95028442,0
3.0163348,-0.20953761,-1.7386515,0.28910071,0.11567265,-0.95028442,0
-5.0027485,0.43583757,-0.66147661,-0.95018905,0.15542944,-0.27015185,0
3.0824981,0.18962002,-1.6699359,0.28910071,0.11567265,-0.95028442,0
1.2289906,-0.43399599,2.9518528,-0.28910071,-0.11567265,0.95028442,0
3.5216804,-0.47643936,-1.6174012,0.28910071,0.11567265,-0.95028442,0
5.4849215,-0.17910194,-0.88672876,0.95018905,-0.15542944,0.27015185,0
0.25697565,-0.40784264,2.6593251,-0.28910071,-0.11567265,0.95028442,0
2.3123486,-0.16746557,2.5510051,0.11645299,0.98105097,0.15484564,0
5.2899599,-0.72507644,-0.51512384,0.95018905,-0.15542944,0.27015185,0
0.55304337,-0.77092779,1.2394029,-0.11645299,-0.98105097,-0.15484564,0
4.6572266,-0.2107625,1.0618343,0.11645299,0.98105097,0.15484564,0
1.5871143,-0.51749051,-1.1439742,-0.11645299,-0.98105097,-0.15484564,0
-1.1373675,-0.46358067,0.56344104,-0.11645299,-0.98105097,-0.15484564,0
-4.0352898,0.12072116,-0.95909548,-0.11645299,-0.98105097,-0.15484564,0
-1.3581579,0.62669516,-2.9676926,0.28910071,0.11567265,-0.95028442,0
-1.9426758,0.76378,-0.14903212,0.11645299,0.98105097,0.15484564,0
3.1952772,-1.0157712,0.80353522,-0.11645299,-0.98105097,-0.15484564,0
2.6062393,0.15282042,-1.8193051,0.28910071,0.11567265,-0.95028442,0
2.264658,-0.34713596,3.2775021,-0.28910071,-0.11567265,0.95028442,0
-0.39115214,0.012347281,2.5132952,-0.28910071,-0.11567265,0.95028442,0
5.1808286,-0.33921829,-1.0959435,0.28910071,0.11567265,-0.95028442,0
-2.4761324,1.2401239,-2.7657993,0.11645299,0.98105097,0.15484564,0
2.9630833,-0.24487793,2.552074,0.11645299,0.98105097,0.15484564,0
-4.4656353,0.80023593,-2.3409786,-0.95018905,0.15542944,-0.27015185,0
3.7777922,-1.0963628,0.87605238,-0.11645299,-0.98105097,-0.15484564,0
4.8186417,-0.78183204,1.1099606,0.95018905,-0.15542944,0.27015185,0
5.0408001,-0.66403067,-1.1780813,0.28910071,0.11567265,-0.95028442,0
0.94020253,-0.78296572,1.024505,-0.11645299,-0.98105097,-0.15484564,0
-0.0026323795,-0.78889388,1.7711313,-0.11645299,-0.98105097,-0.15484564,0
-1.5391438,-0.27914864,2.1285651,-0.28910071,-0.11567265,0.95028442,0
-5.3180923,0.45851216,1.0687056,-0.28910071,-0.11567265,0.95028442,0
-3.8227522,1.0520449,-0.56145573,0.11645299,0.98105097,0.15484564,0
3.2900877,-1.1336963,3.4937201,-0.28910071,-0.11567265,0.95028442,0
-2.6496119,-0.024424672,-1.0816104,-0.11645299,-0.98105097,-0.15484564,0
1.5235424,-0.89044797,1.2667713,-0.11645299,-0.98105097,-0.15484564,0
-4.3290205,0.61260289,-2.9294381,-0.95018905,0.15542944,-0.27015185,0
-1.6506326,0.34763563,2.1709423,-0.28910071,-0.11567265,0.95028442,0
-4.4782023,0.12516159,-0.65413237,-0.11645299,-0.98105097,-0.15484564,0
4.6727238,0.11765695,-1.1949089,0.28910071,0.11567265,-0.95028442,0
-2.7959459,-0.32357237,1.7408071,-0.28910071,-0.11567265,0.95028442,0
1.9964745,-0.42493212,3.186444,-0.28910071,-0.11567265,0.95028442,0
-0.49464893,0.44778478,-2.7267692,0.28910071,0.11567265,-0.95028442,0
2.0099497,-0.65009475,-0.62183428,-0.11645299,-0.98105097,-0.15484564,0
4.0488358,-1.4014949,3.4610343,0.95018905,-0.15542944,0.27015185,0
3.5737448,-0.64309311,-1.6218476,0.28910071,0.11567265,-0.95028442,0
5.3735161,0.018843472,-0.93156409,0.11645299,0.98105097,0.15484564,0
4.473073,-1.1954875,0.98118114,-0.11645299,-0.98105097,-0.15484564,0
0.28633237,-0.097551763,2.7060256,-0.28910071,-0.11567265,0.95028442,0
0.22458839,0.14798307,2.1225443,0.11645299,0.98105097,0.15484564,0
2.01913,0.18835062,0.51718879,0.11645299,0.98105097,0.15484564,0
-0.61144793,-0.32440716,2.4052844,-0.28910071,-0.11567265,0.95028442,0
4.5298109,-0.24516112,1.375597,0.11645299,0.98105097,0.15484564,0
-4.9715858,0.45714974,-0.75882244,-0.95018905,0.15542944,-0.27015185,0
-5.05199,0.383968,-0.51812553,-0.95018905,0.15542944,-0.27015185,0
-3.118516,0.55899143,1.7501024,-0.28910071,-0.11567265,0.95028442,0
-1.5648897,1.0839765,-2.9749236,0.28910071,0.11567265,-0.95028442,0
1.2138295,-1.0778947,2.8688624,-0.28910071,-0.11567265,0.95028442,0
-4.7896128,0.82358462,-1.1880407,-0.95018905,0.15542944,-0.27015185,0
5.3368149,-0.58642346,-0.60015154,0.95018905,-0.15542944,0.27015185,0
3.9455094,-1.1940559,1.3688703,-0.11645299,-0.98105097,-0.15484564,0
5.0086045,-0.75495964,0.4572773,0.95018905,-0.15542944,0.27015185,0
3.4102235,-1.3449327,2.7273426,-0.11645299,-0.98105097,-0.15484564,0
0.050082922,-0.7218616,1.3067915,-0.11645299,-0.98105097,-0.15484564,0
-2.3587608,0.0028451085,-1.47312,-0.11645299,-0.98105097,-0.15484564,0
-2.2498567,0.35839218,-3.2716286,0.28910071,0.11567265,-0.95028442,0
-2.9428129,1.0042112,-3.4038317,0.28910071,0.11567265,-0.95028442,0
-2.9395218,0.27986306,-2.7914486,-0.11645299,-0.98105097,-0.15484564,0
1.411406,-0.8291989,0.96305084,-0.11645299,-0.98105097,-0.15484564,0
2.2625048,-0.041230917,1.7887094,0.11645299,0.98105097,0.15484564,0
-0.96781278,0.44166297,-2.8714626,0.28910071,0.11567265,-0.95028442,0
-5.0885735,0.77136648,-0.16656876,-0.95018905,0.15542944,-0.27015185,0
-0.32821772,-0.54854274,0.49320483,-0.11645299,-0.98105097,-0.15484564,0
-1.6284337,0.65126121,-3.046927,0.28910071,0.11567265,-0.95028442,0
1.7696062,0.19953603,-2.0681436,0.28910071,0.11567265,-0.95028442,0
1.3149498,-0.035951078,2.467875,0.11645299,0.98105097,0.15484564,0
-4.6987081,0.61824799,-1.6259131,-0.95018905,0.15542944,-0.27015185,0
-0.15542769,0.7234962,-1.2379227,0.11645299,0.98105097,0.15484564,0
-3.4150755,1.2412432,-3.5186529,0.28910071,0.11567265,-0.95028442,0
-5.239213,0.83525282,0.40002346,-0.95018905,0.15542944,-0.27015185,0
-3.2620838,0.11720335,-1.5183039,-0.11645299,-0.98105097,-0.15484564,0
4.2682853,-0.60403275,3.1479897,0.95018905,-0.15542944,0.27015185,0
-0.25070059,-0.6603322,1.1431684,-0.11645299,-0.98105097,-0.15484564,0
4.691566,-0.30585927,1.6385112,0.11645299,0.98105097,0.15484564,0
-5.3183451,0.62151092,0.55537558,-0.95018905,0.15542944,-0.27015185,0
-0.32109487,-0.43626249,-0.22352301,-0.11645299,-0.98105097,-0.15484564,0
3.2274163,-1.1694256,3.470304,-0.28910071,-0.11567265,0.95028442,0
-4.295105,0.65636533,-3.0235491,-0.95018905,0.15542944,-0.27015185,0
3.5243175,-1.2919216,3.5457187,-0.28910071,-0.11567265,0.95028442,0
2.3149009,-1.2034467,2.65468,-0.11645299,-0.98105097,-0.15484564,0
-2.5296218,1.0205828,-1.3346314,0.11645299,0.98105097,0.15484564,0
-3.5101495,1.3487746,-2.6765323,0.11645299,0.98105097,0.15484564,0
2.9630375,-0.062452734,1.3963218,0.11645299,0.98105097,0.15484564,0
-1.3445342,-0.29527634,-0.34707844,-0.11645299,-0.98105097,-0.15484564,0
-2.9222212,0.26516598,1.7740548,-0.28910071,-0.11567265,0.95028442,0
1.6723495,-0.70131278,3.0541949,-0.28910071,-0.11567265,0.95028442,0
4.0343361,-1.5140431,3.4472775,0.95018905,-0.15542944,0.27015185,0
-3.7659364,0.45045185,1.539929,-0.28910071,-0.11567265,0.95028442,0
-0.46967483,0.9515121,-2.657855,0.28910071,0.11567265,-0.95028442,0
5.0797319,-0.86303091,0.14492702,0.95018905,-0.15542944,0.27015185,0
1.6257415,0.38761419,-0.44942814,0.11645299,0.98105097,0.15484564,0
2.8787708,0.015596151,0.96520448,0.11645299,0.98105097,0.15484564,0
-1.1048446,0.58823961,0.33303571,0.11645299,0.98105097,0.15484564,0
3.1743996,-1.198863,3.4505925,-0.28910071,-0.11567265,0.95028442,0
0.48122633,-0.85327911,1.8151644,-0.11645299,-0.98105097,-0.15484564,0
-4.1085358,0.64888829,-3.6840601,-0.95018905,0.15542944,-0.27015185,0
-5.028985,0.59329677,1.1730657,-0.28910071,-0.11567265,0.95028442,0
3.0214162,-0.79249352,-0.48032451,-0.11645299,-0.98105097,-0.15484564,0
1.6295569,-1.1718149,2.9839048,-0.28910071,-0.11567265,0.95028442,0
-5.1014528,0.17665035,-0.46343327,-0.95018905,0.15542944,-0.27015185,0
-1.2471458,0.93726927,-1.7712818,0.11645299,0.98105097,0.15484564,0
2.6229515,-0.28139961,3.0392623,0.11645299,0.98105097,0.15484564,0
4.4206924,-0.95668149,2.4090433,0.95018905,-0.15542944,0.27015185,0
-4.4940085,1.0454532,-2.1000981,-0.95018905,0.15542944,-0.27015185,0
0.34071732,-0.40595001,-0.91329437,-0.11645299,-0.98105097,-0.15484564,0
0.31445581,0.39821947,0.46954355,0.11645299,0.98105097,0.15484564,0
-4.8707762,0.46235144,-1.1104021,-0.95018905,0.15542944,-0.27015185,0
4.6369395,-0.85380554,1.7076392,0.95018905,-0.15542944,0.27015185,0
-0.98614216,0.023187757,2.3336041,-0.28910071,-0.11567265,0.95028442,0
-4.5450263,0.55283195,-2.2040849,-0.95018905,0.15542944,-0.27015185,0
5.2287121,-0.69292283,-0.28120089,0.95018905,-0.15542944,0.27015185,0
-0.99150062,0.69533783,-2.8477907,0.28910071,0.11567265,-0.95028442,0
-5.3688011,0.10235649,0.43415213,-0.95018905,0.15542944,-0.27015185,0
4.6641645,-0.92498517,1.57093,0.95018905,-0.15542944,0.27015185,0
2.3395095,-0.57594329,-1.3394815,-0.11645299,-0.98105097,-0.15484564,0
5.0049524,-0.90267438,0.38513613,0.95018905,-0.15542944,0.27015185,0
2.296032,-0.70938659,3.2429519,-0.28910071,-0.11567265,0.95028442,0
-0.24892449,0.83527583,-2.6048465,0.28910071,0.11567265,-0.95028442,0
-5.4943285,0.16409969,0.91118526,-0.95018905,0.15542944,-0.27015185,0
0.69928241,0.63373339,-2.3409107,0.28910071,0.11567265,-0.95028442,0
-5.0246959,0.81116414,-0.3683424,-0.95018905,0.15542944,-0.27015185,0
-1.3293929,1.0068167,-2.9126716,0.28910071,0.11567265,-0.95028442,0
4.1375155,-1.3310356,3.1896615,0.95018905,-0.15542944,0.27015185,0
-4.5271587,1.0724543,-1.967967,-0.95018905,0.15542944,-0.27015185,0
4.7834783,-0.44298011,1.4285941,0.95018905,-0.15542944,0.27015185,0
-4.1033278,-0.074780524,1.3733525,-0.28910071,-0.11567265,0.95028442,0
4.9877038,-0.475003,0.69185877,0.95018905,-0.15542944,0.27015185,0
-5.1157618,0.73310417,-0.092952728,-0.95018905,0.15542944,-0.27015185,0
0.77653348,0.26300842,0.97868663,0.11645299,0.98105097,0.15484564,0
-1.3493438,-0.66869318,2.0223851,-0.11645299,-0.98105097,-0.15484564,0
-4.1578779,0.26520029,1.3981407,-0.28910071,-0.11567265,0.95028442,0
-4.4593616,0.31686801,-1.8828902,-0.11645299,-0.98105097,-0.15484564,0
3.8722374,-0.22370809,1.7342114,0.11645299,0.98105097,0.15484564,0
-2.7586184,0.41541603,1.8421159,-0.28910071,-0.11567265,0.95028442,0
4.7681818,-0.50265175,1.4480634,0.95018905,-0.15542944,0.27015185,0
3.5726342,-0.64595783,3.6390467,-0.28910071,-0.11567265,0.95028442,0
-4.6835203,0.61901796,-1.6788883,-0.95018905,0.15542944,-0.27015185,0
4.2002416,-1.4057758,2.9260383,0.95018905,-0.15542944,0.27015185,0
-4.9405861,0.88638508,-0.62089968,-0.95018905,0.15542944,-0.27015185,0
2.4075744,0.12437379,-1.8832067,0.28910071,0.11567265,-0.95028442,0
-4.1647558,0.70185119,-3.4558463,-0.95018905,0.15542944,-0.27015185,0
1.1035736,0.5816071,-1.2858026,0.11645299,0.98105097,0.15484564,0
-4.8878822,0.41582298,-1.0770044,-0.95018905,0.15542944,-0.27015185,0
5.2352686,-1.0099393,-0.48665428,0.95018905,-0.15542944,0.27015185,0
0.59370828,-0.52239317,-0.36581284,-0.11645299,-0.98105097,-0.15484564,0
4.693141,-0.89328426,1.4872541,0.95018905,-0.15542944,0.27015185,0
2.5230079,-0.51600432,3.3355432,-0.28910071,-0.11567265,0.95028442,0
2.5024157,0.2962496,-1.8334321,0.28910071,0.11567265,-0.95028442,0
-4.6279726,0.66823471,-1.8459454,-0.95018905,0.15542944,-0.27015185,0
4.6569824,-0.40211052,1.8970208,0.95018905,-0.15542944,0.27015185,0
-3.9701455,0.79348159,-3.7420225,0.28910071,0.11567265,-0.95028442,0
-3.747129,-0.28316724,1.4563514,-0.28910071,-0.11567265,0.95028442,0
4.3377151,-0.70326227,2.8466978,0.95018905,-0.15542944,0.27015185,0
4.3754249,-0.28839728,-1.3347812,0.28910071,0.11567265,-0.95028442,0
-4.7961063,0.56508744,-1.3139243,-0.95018905,0.15542944,-0.27015185,0
3.7811012,-0.41562533,-1.5310761,0.28910071,0.11567265,-0.95028442,0
-4.0483322,1.1783054,-3.5912132,-0.95018905,0.15542944,-0.27015185,0
-4.1162148,0.96252561,-3.4766021,-0.95018905,0.15542944,-0.27015185,0
3.5651693,-0.79703289,-0.86049914,-0.11645299,-0.98105097,-0.15484564,0
0.094467402,0.83263171,-2.5007,0.28910071,0.11567265,-0.95028442,0
4.9024911,-0.56218445,0.94141531,0.95018905,-0.15542944,0.27015185,0
2.3933661,0.47951096,-1.6089542,0.11645299,0.98105097,0.15484564,0
-4.3800969,0.90963566,-2.5788946,-0.95018905,0.15542944,-0.27015185,0
-4.9425669,0.21767998,-0.89106989,-0.11645299,-0.98105097,-0.15484564,0
5.4407349,-0.48487163,-0.90723562,0.95018905,-0.15542944,0.27015185,0
4.0766678,-0.7545284,3.7353678,0.95018905,-0.15542944,0.27015185,0
3.3487005,-0.93342996,0.16646528,-0.11645299,-0.98105097,-0.15484564,0
4.7020655,-0.43023378,1.7222753,0.95018905,-0.15542944,0.27015185,0
-5.0900221,0.38005146,1.1285393,-0.28910071,-0.11567265,0.95028442,0
5.3189192,-0.28754339,-1.0476427,0.28910071,0.11567265,-0.95028442,0
-5.2507367,0.47441322,0.23295021,-0.95018905,0.15542944,-0.27015185,0
0.032996178,-0.10459358,-2.5911648,-0.11645299,-0.98105097,-0.15484564,0
-4.5379357,1.0276213,-1.9558568,-0.95018905,0.15542944,-0.27015185,0
-2.7371259,0.022054575,1.8007728,-0.28910071,-0.11567265,0.95028442,0
-1.8126329,-0.18785834,-0.67560577,-0.11645299,-0.98105097,-0.15484564,0
