1.4519894,-3.1958838,1.226078,0.45681953,-0.88954502,-0.005040586,0
0.94949162,-1.4332778,-1.5865654,0.87131602,0.44858551,-0.19894558,0
1.4265196,-3.1926053,-1.660774,0.45681953,-0.88954502,-0.005040586,0
-0.88204598,3.4689281,2.2410014,-0.45681953,0.88954502,0.005040586,0
0.3165403,-2.4792542,-2.3901105,-0.1792323,-0.086490333,-0.97999752,0
-0.76940757,0.3789635,-0.0020090342,-0.87131602,-0.44858551,0.19894558,0
1.7253504,-1.5965055,2.3763769,0.1792323,0.086490333,0.97999752,0
-0.86129224,0.17753737,-0.8586117,-0.87131602,-0.44858551,0.19894558,0
0.42721891,-0.0094746351,2.4737284,0.1792323,0.086490333,0.97999752,0
-0.59167981,3.2293258,2.176919,0.87131602,0.44858551,-0.19894558,0
-1.5308648,3.1515002,-0.5417707,-0.45681953,0.88954502,0.005040586,0
-1.9764092,2.0352545,-2.3691826,-0.1792323,-0.086490333,-0.97999752,0
1.2594039,-2.8537641,1.5943133,-0.87131602,-0.44858551,0.19894558,0
0.89458704,-3.2813797,-0.96765685,-0.87131602,-0.44858551,0.19894558,0
0.66938674,-2.3088574,0.23889697,-0.87131602,-0.44858551,0.19894558,0
-0.95762241,0.62454695,-0.27258259,-0.87131602,-0.44858551,0.19894558,0
1.24814,-3.2838912,-1.7172117,0.45681953,-0.88954502,-0.005040586,0
-1.2759814,3.2765307,0.4929049,-0.45681953,0.88954502,0.005040586,0
1.411576,-2.1550097,2.4830544,0.1792323,0.086490333,0.97999752,0
-1.5527546,3.1243305,2.2692034,-0.45681953,0.88954502,0.005040586,0
-0.00048065186,-0.08738482,2.3141074,-0.87131602,-0.44858551,0.19894558,0
-1.3302093,0.53295153,-2.3547797,-0.1792323,-0.086490333,-0.97999752,0
-0.40112254,-0.50983572,-0.39311954,-0.87131602,-0.44858551,0.19894558,0
-0.43490744,1.7043358,2.4801497,0.1792323,0.086490333,0.97999752,0
-2.0378575,2.8953152,-1.2790077,-0.45681953,0.88954502,0.005040586,0
-0.45423627,1.3541425,-1.4493129,0.87131602,0.44858551,-0.19894558,0
-1.2965996,2.1186221,-2.5008709,-0.1792323,-0.086490333,-0.97999752,0
1.6528319,-3.0885034,0.47796178,0.45681953,-0.88954502,-0.005040586,0
-0.77987337,1.4145018,-2.5332329,-0.1792323,-0.086490333,-0.97999752,0
0.14667469,1.4210269,1.3332889,0.87131602,0.44858551,-0.19894558,0
0.10534872,1.0284021,0.26699907,0.87131602,0.44858551,-0.19894558,0
-0.52442527,1.1014557,-2.3264794,0.87131602,0.44858551,-0.19894558,0
0.84298009,-2.9306974,-0.40295506,-0.87131602,-0.44858551,0.19894558,0
1.8485117,-2.9939394,1.5237658,0.45681953,-0.88954502,-0.005040586,0
-0.38018823,1.2920109,2.5065322,0.1792323,0.086490333,0.97999752,0
-0.57108563,2.9500406,2.3951147,0.1792323,0.086490333,0.97999752,0
1.4340966,-3.1863942,-2.0702651,0.45681953,-0.88954502,-0.005040586,0
1.7100456,-3.0644951,1.4262552,0.45681953,-0.88954502,-0.005040586,0
1.1879402,-3.317596,-1.2249246,0.45681953,-0.88954502,-0.005040586,0
2.0803676,-2.2367249,2.3679504,0.1792323,0.086490333,0.97999752,0
-0.036427289,1.2054789,0.045342445,0.87131602,0.44858551,-0.19894558,0
-0.0087044239,1.5546186,2.4154146,0.1792323,0.086490333,0.97999752,0
-1.9085721,2.952719,0.30746508,-0.45681953,0.88954502,0.005040586,0
-1.4554183,2.4967747,1.7687614,-0.87131602,-0.44858551,0.19894558,0
0.95937055,-2.143378,-2.5373209,-0.1792323,-0.086490333,-0.97999752,0
0.84819138,-3.3874784,-2.4071887,-0.1792323,-0.086490333,-0.97999752,0
1.4721828,-2.3824911,2.4920464,0.1792323,0.086490333,0.97999752,0
-2.0526617,2.0318313,-1.8953257,-0.87131602,-0.44858551,0.19894558,0
-1.9864105,2.9161556,-0.29430008,-0.45681953,0.88954502,0.005040586,0
-1.2020383,3.3182354,-0.16561508,-0.45681953,0.88954502,0.005040586,0
1.34488,-3.2359009,-1.4189875,0.45681953,-0.88954502,-0.005040586,0
1.4108261,-3.2122543,0.38456249,0.45681953,-0.88954502,-0.005040586,0
1.9096826,-2.9562573,0.41760826,0.45681953,-0.88954502,-0.005040586,0
0.3195717,0.88633716,0.88489461,0.87131602,0.44858551,-0.19894558,0
1.3642138,-3.2274404,-1.1598818,0.45681953,-0.88954502,-0.005040586,0
-0.95951486,0.84380662,0.21351886,-0.87131602,-0.44858551,0.19894558,0
-0.62579054,2.7197397,2.4254451,0.1792323,0.086490333,0.97999752,0
-1.8804213,2.794776,0.57932711,-0.87131602,-0.44858551,0.19894558,0
0.15823424,-0.69262254,-2.5188382,-0.1792323,-0.086490333,-0.97999752,0
1.799368,-3.0059202,-0.81573296,0.45681953,-0.88954502,-0.005040586,0
2.1402247,-2.0948663,2.3444834,0.1792323,0.086490333,0.97999752,0
1.4930139,-3.1598153,-1.4212313,0.45681953,-0.88954502,-0.005040586,0
0.024998665,-1.8200465,-2.394969,-0.1792323,-0.086490333,-0.97999752,0
1.7748668,-3.0153842,-1.3660526,0.45681953,-0.88954502,-0.005040586,0
1.0625548,-1.5827703,2.4963837,0.1792323,0.086490333,0.97999752,0
-1.5055288,3.165575,-0.72950172,-0.45681953,0.88954502,0.005040586,0
1.5594461,-3.1339607,0.036732674,0.45681953,-0.88954502,-0.005040586,0
1.2706094,-2.9743083,1.3715847,-0.87131602,-0.44858551,0.19894558,0
-1.2707853,2.2605388,-2.5181172,-0.1792323,-0.086490333,-0.97999752,0
0.17733756,-2.0962634,-1.4367557,-0.87131602,-0.44858551,0.19894558,0
0.52689248,-2.2363172,-2.4500225,-0.1792323,-0.086490333,-0.97999752,0
1.2434939,-3.2877104,-1.4642556,0.45681953,-0.88954502,-0.005040586,0
-0.99718738,0.14484644,-2.381434,-0.1792323,-0.086490333,-0.97999752,0
-0.96237361,3.4297085,1.8824277,-0.45681953,0.88954502,0.005040586,0
1.6515634,-2.7491794,2.4916015,0.1792323,0.086490333,0.97999752,0
1.1938869,-0.16767973,2.3374932,0.87131602,0.44858551,-0.19894558,0
-1.7904886,2.3180785,-0.10166216,-0.87131602,-0.44858551,0.19894558,0
0.15404701,1.4369553,2.3960335,0.1792323,0.086490333,0.97999752,0
-0.16131532,0.57362503,-1.9263394,0.87131602,0.44858551,-0.19894558,0
2.1490097,-2.8403234,1.6477442,0.45681953,-0.88954502,-0.005040586,0
1.3254709,-1.5848832,2.4484854,0.1792323,0.086490333,0.97999752,0
-1.9792435,2.9274509,-1.6381562,-0.45681953,0.88954502,0.005040586,0
1.6962762,-3.0640273,0.095795393,0.45681953,-0.88954502,-0.005040586,0
0.22132826,-0.071825981,2.5168867,0.1792323,0.086490333,0.97999752,0
0.065333605,1.5089688,1.1753349,0.87131602,0.44858551,-0.19894558,0
-0.9518708,0.97478241,0.54232359,-0.87131602,-0.44858551,0.19894558,0
-2.2038481,2.8114109,-1.5153036,-0.45681953,0.88954502,0.005040586,0
-2.12429,2.4146698,-1.3458045,-0.87131602,-0.44858551,0.19894558,0
0.72405815,-2.9896173,-2.4195991,-0.1792323,-0.086490333,-0.97999752,0
-1.1745508,2.7257919,-1.5112376,0.87131602,0.44858551,-0.19894558,0
-0.16674425,-1.0363667,-0.55384964,-0.87131602,-0.44858551,0.19894558,0
-1.3817635,3.2192254,1.0191174,-0.45681953,0.88954502,0.005040586,0
-2.0287659,2.8936939,-0.16890478,-0.45681953,0.88954502,0.005040586,0
0.66518724,-1.8170117,-2.5123212,-0.1792323,-0.086490333,-0.97999752,0
-1.6118343,2.9585781,2.1249926,-0.87131602,-0.44858551,0.19894558,0
-1.8947239,2.9726567,-1.9559953,-0.45681953,0.88954502,0.005040586,0
-1.0614626,1.3918371,-2.4797325,-0.1792323,-0.086490333,-0.97999752,0
-1.4817448,3.1824753,-1.5564888,-0.45681953,0.88954502,0.005040586,0
0.34699285,-2.0321987,-2.4351349,-0.1792323,-0.086490333,-0.97999752,0
1.2079515,-3.3041239,-1.7888012,0.45681953,-0.88954502,-0.005040586,0
-1.2258209,1.6767505,0.92532063,-0.87131602,-0.44858551,0.19894558,0
1.51895,-3.151983,-0.45284247,0.45681953,-0.88954502,-0.005040586,0
2.0487816,-2.8838143,0.23941302,0.45681953,-0.88954502,-0.005040586,0
-1.5839317,3.1264703,-0.93394113,-0.45681953,0.88954502,0.005040586,0
-0.78076375,0.52667767,0.28132284,-0.87131602,-0.44858551,0.19894558,0
-0.30997127,1.5599715,-0.35337484,0.87131602,0.44858551,-0.19894558,0
-0.56040204,-0.97575533,-2.1412728,-0.87131602,-0.44858551,0.19894558,0
0.34915638,1.0147855,2.3976085,0.1792323,0.086490333,0.97999752,0
1.9893776,-2.9113774,-0.28001499,0.45681953,-0.88954502,-0.005040586,0
1.404969,-2.2712131,-1.4811137,0.87131602,0.44858551,-0.19894558,0
-1.0133007,1.7370126,-2.5190046,-0.1792323,-0.086490333,-0.97999752,0
1.8129265,-1.4714464,2.1089294,0.87131602,0.44858551,-0.19894558,0
-1.2475215,1.4561771,0.33292675,-0.87131602,-0.44858551,0.19894558,0
-2.2305636,2.7967916,-1.3565428,-0.45681953,0.88954502,0.005040586,0
-1.1839679,0.32534853,-1.9385374,-0.87131602,-0.44858551,0.19894558,0
1.3358333,-2.7318535,-2.5542364,-0.1792323,-0.086490333,-0.97999752,0
0.70502913,-2.7153583,-2.4403241,-0.1792323,-0.086490333,-0.97999752,0
-0.75541008,2.6768484,0.21410036,0.87131602,0.44858551,-0.19894558,0
-1.5571579,3.129477,0.961936,-0.45681953,0.88954502,0.005040586,0
-0.23017049,0.49712813,-2.4003875,0.87131602,0.44858551,-0.19894558,0
0.79212987,0.1879065,2.3895698,0.1792323,0.086490333,0.97999752,0
1.4114553,-3.2059047,-0.67901301,0.45681953,-0.88954502,-0.005040586,0
-1.1428286,3.1339514,-0.45198178,0.87131602,0.44858551,-0.19894558,0
0.53101271,-2.270519,-2.4477575,-0.1792323,-0.086490333,-0.97999752,0
0.91239071,-1.4477816,2.5119338,0.1792323,0.086490333,0.97999752,0
0.48874652,-2.0710914,-0.016129613,-0.87131602,-0.44858551,0.19894558,0
-1.4969616,3.16502,0.14490199,-0.45681953,0.88954502,0.005040586,0
2.0022905,-1.7561463,2.2963362,0.87131602,0.44858551,-0.19894558,0
-1.7003524,3.0738475,-2.1982486,-0.45681953,0.88954502,0.005040586,0
-1.9498365,1.8807232,-2.3604043,-0.1792323,-0.086490333,-0.97999752,0
-1.648132,3.0942369,-1.0638678,-0.45681953,0.88954502,0.005040586,0
0.84433103,-3.2851377,-2.4155149,-0.1792323,-0.086490333,-0.97999752,0
0.51574326,-0.13985491,2.4690447,0.1792323,0.086490333,0.97999752,0
-1.8213143,2.0710883,-0.79358482,-0.87131602,-0.44858551,0.19894558,0
0.91069078,-3.2477055,-0.82119942,-0.87131602,-0.44858551,0.19894558,0
1.9921741,-2.9234505,2.1040802,0.45681953,-0.88954502,-0.005040586,0
1.153249,-3.068332,0.64557958,-0.87131602,-0.44858551,0.19894558,0
1.1000721,-3.3674154,-0.3962276,0.45681953,-0.88954502,-0.005040586,0
0.86528707,-3.4789879,-1.9845321,0.45681953,-0.88954502,-0.005040586,0
0.16869879,-2.2412367,-2.384078,-0.1792323,-0.086490333,-0.97999752,0
0.68248081,0.2454921,2.404541,0.1792323,0.086490333,0.97999752,0
-0.019650817,1.7937977,2.3963077,0.1792323,0.086490333,0.97999752,0
1.1138301,-3.3579748,-0.8154664,0.45681953,-0.88954502,-0.005040586,0
0.90187931,-0.011596322,2.3871047,0.1792323,0.086490333,0.97999752,0
-1.2889946,1.3600123,-0.065545559,-0.87131602,-0.44858551,0.19894558,0
-1.5393769,3.1474628,-0.60075951,-0.45681953,0.88954502,0.005040586,0
1.062516,-0.9888255,-0.089399219,0.87131602,0.44858551,-0.19894558,0
-0.48901176,1.3978128,-1.5031496,0.87131602,0.44858551,-0.19894558,0
-0.87950945,1.8455005,-2.2039492,0.87131602,0.44858551,-0.19894558,0
-0.62486774,2.8621938,2.4127042,0.1792323,0.086490333,0.97999752,0
-1.03336,0.52678365,-2.4085264,-0.1792323,-0.086490333,-0.97999752,0
-1.6173642,3.1028922,0.19712591,-0.45681953,0.88954502,0.005040586,0
-0.16297221,1.99809,1.2783079,0.87131602,0.44858551,-0.19894558,0
-0.68609363,0.20795652,-0.022710681,-0.87131602,-0.44858551,0.19894558,0
0.64581513,-3.3088756,-2.3771129,-0.1792323,-0.086490333,-0.97999752,0
-1.5318296,3.1434283,0.79527211,-0.45681953,0.88954502,0.005040586,0
-0.66595423,2.9543784,2.4120824,0.1792323,0.086490333,0.97999752,0
1.9801922,-1.8870494,2.3554106,0.1792323,0.086490333,0.97999752,0
1.0398338,-1.8324749,2.522577,0.1792323,0.086490333,0.97999752,0
-1.1622516,3.0133276,2.4976485,0.1792323,0.086490333,0.97999752,0
-1.5213503,3.144506,1.5548897,-0.45681953,0.88954502,0.005040586,0
-0.32061493,2.2611284,2.4101067,0.1792323,0.086490333,0.97999752,0
0.094005108,0.75302231,-0.40361235,0.87131602,0.44858551,-0.19894558,0
1.6023736,-2.6017864,-1.3619287,0.87131602,0.44858551,-0.19894558,0
0.77835363,-2.6149352,-2.4625971,-0.1792323,-0.086490333,-0.97999752,0
-1.3617797,3.2354236,-0.028373957,-0.45681953,0.88954502,0.005040586,0
-1.8382599,2.998889,-1.4681227,-0.45681953,0.88954502,0.005040586,0
0.33962858,-0.24239099,-1.5723346,0.87131602,0.44858551,-0.19894558,0
1.9905915,-2.9235888,1.9850006,0.45681953,-0.88954502,-0.005040586,0
1.8409635,-2.9861712,-0.53125,0.45681953,-0.88954502,-0.005040586,0
-0.73104072,1.0144314,-2.5068555,-0.1792323,-0.086490333,-0.97999752,0
0.97768188,-0.055816591,1.6428175,0.87131602,0.44858551,-0.19894558,0
-1.7639556,2.0002716,-2.4049511,-0.1792323,-0.086490333,-0.97999752,0
0.87957692,-2.5960238,0.51195335,-0.87131602,-0.44858551,0.19894558,0
-0.86547792,0.40871483,-0.35568154,-0.87131602,-0.44858551,0.19894558,0
0.59838271,-2.7574854,-1.0836499,-0.87131602,-0.44858551,0.19894558,0
1.079748,-0.95685589,0.058157802,0.87131602,0.44858551,-0.19894558,0
1.8085281,-3.0120151,1.0900769,0.45681953,-0.88954502,-0.005040586,0
-0.57384872,-0.93098915,-2.0992258,-0.87131602,-0.44858551,0.19894558,0
-0.5319041,2.292834,2.445951,0.1792323,0.086490333,0.97999752,0
1.3356436,-3.236361,-2.1748567,0.45681953,-0.88954502,-0.005040586,0
0.7319169,0.36813349,2.384676,0.1792323,0.086490333,0.97999752,0
-0.72363365,2.2860575,2.4816148,0.1792323,0.086490333,0.97999752,0
0.72752321,-0.20607206,0.20840746,0.87131602,0.44858551,-0.19894558,0
-1.0496459,3.3878005,1.3688552,-0.45681953,0.88954502,0.005040586,0
0.53076941,-2.9111757,-1.7263167,-0.87131602,-0.44858551,0.19894558,0
-1.7189503,3.0590527,-1.2728484,-0.45681953,0.88954502,0.005040586,0
1.8203187,-3.0106478,1.9172714,0.45681953,-0.88954502,-0.005040586,0
1.1686876,-0.15297115,2.3507853,0.1792323,0.086490333,0.97999752,0
-1.9074028,2.8465917,-2.4534085,-0.1792323,-0.086490333,-0.97999752,0
1.5333936,-2.7673433,2.5148168,0.1792323,0.086490333,0.97999752,0
-1.8607342,2.0291123,-1.0608778,-0.87131602,-0.44858551,0.19894558,0
1.4631696,-0.9948709,2.3712296,0.1792323,0.086490333,0.97999752,0
-0.82224941,2.2835793,-0.9653821,0.87131602,0.44858551,-0.19894558,0
2.0707862,-2.8819544,1.9054334,0.45681953,-0.88954502,-0.005040586,0
-1.6494977,1.2314221,-1.9343774,-0.87131602,-0.44858551,0.19894558,0
1.9260538,-2.9235263,2.4567871,0.1792323,0.086490333,0.97999752,0
-0.82501549,3.4979053,2.2958176,-0.45681953,0.88954502,0.005040586,0
-1.1085355,2.371295,2.5444868,0.1792323,0.086490333,0.97999752,0
1.6877377,-3.0711246,0.57449245,0.45681953,-0.88954502,-0.005040586,0
0.62964106,0.88417631,2.3578377,0.1792323,0.086490333,0.97999752,0
-0.2025249,2.5064399,2.366859,0.1792323,0.086490333,0.97999752,0
-0.19201052,1.3999183,-0.19763547,0.87131602,0.44858551,-0.19894558,0
1.3938537,-3.1171083,-2.5308466,-0.1792323,-0.086490333,-0.97999752,0
-1.6797142,2.3693321,-2.4529295,-0.1792323,-0.086490333,-0.97999752,0
-1.3972533,3.1395779,2.5294852,0.1792323,0.086490333,0.97999752,0
-1.3696024,3.2203851,1.9166131,-0.45681953,0.88954502,0.005040586,0
0.64777565,-0.83205974,-1.5523462,0.87131602,0.44858551,-0.19894558,0
0.9638989,0.02909112,2.3721709,0.1792323,0.086490333,0.97999752,0
1.6329021,-3.1092887,2.339915,0.45681953,-0.88954502,-0.005040586,0
0.61864763,-3.3002586,-2.2187488,-0.87131602,-0.44858551,0.19894558,0
0.79693043,-3.3928337,-1.6466699,-0.87131602,-0.44858551,0.19894558,0
-0.73758221,-0.41467386,-1.6521285,-0.87131602,-0.44858551,0.19894558,0
1.3630983,-3.2324131,-0.38338041,0.45681953,-0.88954502,-0.005040586,0
1.980908,-2.9177666,0.079900503,0.45681953,-0.88954502,-0.005040586,0
0.68799192,-2.8760991,-0.9586432,-0.87131602,-0.44858551,0.19894558,0
-1.6929214,2.8526168,-2.4931669,-0.1792323,-0.086490333,-0.97999752,0
0.43078941,-2.3165543,-2.425365,-0.1792323,-0.086490333,-0.97999752,0
-1.7786764,3.014173,1.2344596,-0.45681953,0.88954502,0.005040586,0
1.5622315,-2.9884343,2.5290551,0.1792323,0.086490333,0.97999752,0
2.1274376,-2.4532928,1.2725019,0.87131602,0.44858551,-0.19894558,0
1.0861485,-1.8372736,2.5145299,0.1792323,0.086490333,0.97999752,0
0.78024173,-0.87228733,2.485312,0.1792323,0.086490333,0.97999752,0
-1.6820171,3.080534,-1.7166176,-0.45681953,0.88954502,0.005040586,0
-0.19813573,-1.7100793,-2.2104313,-0.87131602,-0.44858551,0.19894558,0
-0.41471612,0.41550982,1.6338271,-0.87131602,-0.44858551,0.19894558,0
1.5736934,-3.1288855,0.43223453,0.45681953,-0.88954502,-0.005040586,0
-1.2169391,3.303345,1.1117442,-0.45681953,0.88954502,0.005040586,0
-1.9042084,2.9641123,-1.3076968,-0.45681953,0.88954502,0.005040586,0
-0.57047653,-0.69233423,-1.5463338,-0.87131602,-0.44858551,0.19894558,0
0.99423748,-1.5933988,-1.7516359,0.87131602,0.44858551,-0.19894558,0
0.63913852,-0.81721759,-1.5567077,0.87131602,0.44858551,-0.19894558,0
-1.1237401,0.58909369,-1.0800629,-0.87131602,-0.44858551,0.19894558,0
-0.26116937,2.2497356,1.4156512,0.87131602,0.44858551,-0.19894558,0
2.0420566,-2.8901489,0.74779272,0.45681953,-0.88954502,-0.005040586,0
-0.092424214,1.1083648,-0.41887945,0.87131602,0.44858551,-0.19894558,0
-2.0221808,2.9016414,-0.97467995,-0.45681953,0.88954502,0.005040586,0
1.6552169,-3.0731385,-2.0173955,0.45681953,-0.88954502,-0.005040586,0
0.98130399,-3.4200897,-1.8642616,0.45681953,-0.88954502,-0.005040586,0
-0.27822316,-1.2609019,-2.3888605,-0.1792323,-0.086490333,-0.97999752,0
1.3876314,-3.2147524,-1.2766654,0.45681953,-0.88954502,-0.005040586,0
-1.2788286,1.1245509,-2.4163888,-0.1792323,-0.086490333,-0.97999752,0
-1.0030611,3.4144993,0.87900162,-0.45681953,0.88954502,0.005040586,0
-0.61680245,1.9685984,-0.77581608,0.87131602,0.44858551,-0.19894558,0
-0.053675175,-0.35361362,1.4808369,-0.87131602,-0.44858551,0.19894558,0
1.940335,-2.9375658,-0.10302496,0.45681953,-0.88954502,-0.005040586,0
1.5853047,-3.1289506,1.4960849,0.45681953,-0.88954502,-0.005040586,0
-1.8035805,3.008739,-0.063523531,-0.45681953,0.88954502,0.005040586,0
0.1969713,-0.68476266,1.8319056,-0.87131602,-0.44858551,0.19894558,0
0.36329916,0.7228384,0.70774704,0.87131602,0.44858551,-0.19894558,0
-1.0795734,1.9195182,-2.5229909,-0.1792323,-0.086490333,-0.97999752,0
-1.9536583,2.9332991,-0.35138488,-0.45681953,0.88954502,0.005040586,0
-0.995785,2.4774001,-1.2883801,0.87131602,0.44858551,-0.19894558,0
0.60063207,-1.7330618,-2.5079236,-0.1792323,-0.086490333,-0.97999752,0
1.5543785,-2.9579155,-2.3751354,0.87131602,0.44858551,-0.19894558,0
-0.79627156,-0.24669972,-1.5304184,-0.87131602,-0.44858551,0.19894558,0
-1.3635628,3.2217667,2.2201862,-0.45681953,0.88954502,0.005040586,0
2.2554939,-2.7883794,2.1313934,0.45681953,-0.88954502,-0.005040586,0
2.1046486,-2.8652699,2.0298851,0.45681953,-0.88954502,-0.005040586,0
0.70088553,-1.1581508,2.5250545,0.1792323,0.086490333,0.97999752,0
0.50720799,-1.8402345,-2.481379,-0.1792323,-0.086490333,-0.97999752,0
0.12322819,1.175602,2.4247355,0.1792323,0.086490333,0.97999752,0
-1.7903302,2.2241461,-2.4198856,-0.1792323,-0.086490333,-0.97999752,0
-0.29636967,0.95557523,2.5208948,0.1792323,0.086490333,0.97999752,0
0.04895997,1.4406301,2.4149284,0.1792323,0.086490333,0.97999752,0
2.0889182,-2.8671184,0.93048835,0.45681953,-0.88954502,-0.005040586,0
-1.2758853,1.6301329,0.60094023,-0.87131602,-0.44858551,0.19894558,0
-0.17263615,1.7958204,2.424109,0.1792323,0.086490333,0.97999752,0
-1.3795464,0.60295677,-2.3519349,-0.1792323,-0.086490333,-0.97999752,0
-0.99706578,1.4991188,-2.5009785,-0.1792323,-0.086490333,-0.97999752,0
-0.33091986,-1.2276925,-2.3821537,-0.1792323,-0.086490333,-0.97999752,0
-2.2166662,2.801677,-0.9592123,-0.45681953,0.88954502,0.005040586,0
-0.14514077,-0.56880367,-2.4742813,-0.1792323,-0.086490333,-0.97999752,0
-0.48322421,0.56325048,1.666912,-0.87131602,-0.44858551,0.19894558,0
1.2264014,-3.2984104,-1.125,0.45681953,-0.88954502,-0.005040586,0
2.1860421,-2.6646607,2.3863916,0.1792323,0.086490333,0.97999752,0
0.25593877,1.0674658,2.410008,0.1792323,0.086490333,0.97999752,0
-0.20135427,-1.7144012,-2.3628953,-0.1792323,-0.086490333,-0.97999752,0
-0.2360934,-1.4459872,-2.3802309,-0.1792323,-0.086490333,-0.97999752,0
1.9387593,-1.9197472,2.3658743,0.1792323,0.086490333,0.97999752,0
-1.4401264,3.1834316,2.0465617,-0.45681953,0.88954502,0.005040586,0
1.355786,-3.2293854,-1.5804174,0.45681953,-0.88954502,-0.005040586,0
0.30445671,-2.5267301,-1.8506374,-0.87131602,-0.44858551,0.19894558,0
-1.5807517,2.9281554,2.1925266,-0.87131602,-0.44858551,0.19894558,0
0.28279817,-1.8725288,-0.47039294,-0.87131602,-0.44858551,0.19894558,0
-1.9509916,2.7725267,-2.4388998,-0.1792323,-0.086490333,-0.97999752,0
-1.4052854,3.2124555,0.082075357,-0.45681953,0.88954502,0.005040586,0
-1.3407776,1.1025147,-2.4031141,-0.1792323,-0.086490333,-0.97999752,0
-1.2649877,2.0798202,-2.5032282,-0.1792323,-0.086490333,-0.97999752,0
1.3434215,-3.2309818,-2.4192393,0.45681953,-0.88954502,-0.005040586,0
-1.0923049,3.3608651,2.2561598,-0.45681953,0.88954502,0.005040586,0
-0.68133372,1.9180973,2.5063531,0.1792323,0.086490333,0.97999752,0
-1.1733078,3.3298607,0.38657212,-0.45681953,0.88954502,0.005040586,0
-1.5964651,1.6979282,-2.4088998,-0.1792323,-0.086490333,-0.97999752,0
-1.666308,3.0725331,1.1191177,-0.45681953,0.88954502,0.005040586,0
-0.39344919,1.6155453,2.4804034,0.1792323,0.086490333,0.97999752,0
0.87257338,-1.5016717,2.523972,0.1792323,0.086490333,0.97999752,0
1.5613664,-3.1298604,-0.51285625,0.45681953,-0.88954502,-0.005040586,0
-0.51271749,-1.1375817,-2.2973185,-0.87131602,-0.44858551,0.19894558,0
0.24842072,-0.60289848,-2.5432513,-0.1792323,-0.086490333,-0.97999752,0
-2.1421895,2.8474684,-2.2906785,-0.45681953,0.88954502,0.005040586,0
-0.99976134,0.56005895,-2.417608,-0.1792323,-0.086490333,-0.97999752,0
1.0840712,-1.591892,-1.3547972,0.87131602,0.44858551,-0.19894558,0
1.4751416,-3.1709795,-1.0706708,0.45681953,-0.88954502,-0.005040586,0
-1.955631,2.9353037,-0.88399386,-0.45681953,0.88954502,0.005040586,0
-0.067879945,1.3570045,0.24925226,0.87131602,0.44858551,-0.19894558,0
-0.12275529,1.9872805,1.4300712,0.87131602,0.44858551,-0.19894558,0
1.74471,-1.770336,2.3881776,0.1792323,0.086490333,0.97999752,0
-1.9563961,2.9317265,-0.32204032,-0.45681953,0.88954502,0.005040586,0
-1.5397835,3.1314163,2.1942689,-0.45681953,0.88954502,0.005040586,0
0.97408938,-3.4247434,-1.6968138,0.45681953,-0.88954502,-0.005040586,0
2.0245528,-2.9076762,2.2546954,0.45681953,-0.88954502,-0.005040586,0
1.8902003,-2.9655976,0.30024171,0.45681953,-0.88954502,-0.005040586,0
0.64147085,-3.2369132,-2.3826694,-0.1792323,-0.086490333,-0.97999752,0
1.3849754,-3.2207723,-0.45506215,0.45681953,-0.88954502,-0.005040586,0
-1.4220552,2.6078329,-2.5211022,-0.1792323,-0.086490333,-0.97999752,0
1.5261924,-3.1419349,-1.5697017,0.45681953,-0.88954502,-0.005040586,0
-0.1975674,-0.23694932,1.1136925,-0.87131602,-0.44858551,0.19894558,0
2.1992066,-2.8124297,1.2744243,0.45681953,-0.88954502,-0.005040586,0
-1.7241424,1.7187468,-1.162469,-0.87131602,-0.44858551,0.19894558,0
-2.3023183,2.5516291,-1.8166926,-0.87131602,-0.44858551,0.19894558,0
-1.9883149,2.4344459,-2.402236,-0.1792323,-0.086490333,-0.97999752,0
1.3448277,-3.2356403,-1.4696882,0.45681953,-0.88954502,-0.005040586,0
1.4983509,-3.1592808,-1.031842,0.45681953,-0.88954502,-0.005040586,0
-1.6362309,3.0956562,-2.5249844,-0.1792323,-0.086490333,-0.97999752,0
-0.56105554,3.087564,2.3811436,0.1792323,0.086490333,0.97999752,0
1.7017455,-2.103451,2.4254348,0.1792323,0.086490333,0.97999752,0
-1.0870392,2.0292633,2.3279886,-0.87131602,-0.44858551,0.19894558,0
0.092359781,0.91690838,-0.041285574,0.87131602,0.44858551,-0.19894558,0
-0.91444266,2.2964919,-1.3400421,0.87131602,0.44858551,-0.19894558,0
-1.355352,2.8785462,2.5448599,0.1792323,0.086490333,0.97999752,0
0.7495777,-1.2279086,-1.9990528,0.87131602,0.44858551,-0.19894558,0
-0.30784443,-0.17984927,0.75946575,-0.87131602,-0.44858551,0.19894558,0
-0.13455582,2.2357059,2.3783219,0.1792323,0.086490333,0.97999752,0
-1.6095226,3.115576,-1.3306637,-0.45681953,0.88954502,0.005040586,0
2.1258965,-2.8539555,1.958796,0.45681953,-0.88954502,-0.005040586,0
0.40645307,-1.845548,0.13201106,-0.87131602,-0.44858551,0.19894558,0
1.730021,-1.552942,2.3716779,0.1792323,0.086490333,0.97999752,0
-0.066343307,1.5460178,2.4267154,0.1792323,0.086490333,0.97999752,0
-1.9828475,2.500999,-0.53167796,-0.87131602,-0.44858551,0.19894558,0
2.2441885,-2.3950157,2.3519592,0.1792323,0.086490333,0.97999752,0
1.4464287,-1.8931994,-0.44718313,0.87131602,0.44858551,-0.19894558,0
-1.0681546,1.8218236,-2.5164573,-0.1792323,-0.086490333,-0.97999752,0
0.080273151,1.6953119,2.3867245,0.1792323,0.086490333,0.97999752,0
-1.9502032,2.5321152,-2.4178264,-0.1792323,-0.086490333,-0.97999752,0
-0.85848796,3.4807558,2.2887466,-0.45681953,0.88954502,0.005040586,0
0.84778714,-0.62837893,2.4514322,0.1792323,0.086490333,0.97999752,0
-2.2286406,2.8012228,-1.9642596,-0.45681953,0.88954502,0.005040586,0
1.936758,-2.9402747,0.05084157,0.45681953,-0.88954502,-0.005040586,0
0.514395,-1.8914917,0.50116599,-0.87131602,-0.44858551,0.19894558,0
1.2757539,-3.2794671,0.0046374798,0.45681953,-0.88954502,-0.005040586,0
-0.79534698,0.1537504,-0.6234287,-0.87131602,-0.44858551,0.19894558,0
-0.3077085,-0.47324872,-2.4529827,-0.1792323,-0.086490333,-0.97999752,0
-0.14394832,-1.530421,-1.5680116,-0.87131602,-0.44858551,0.19894558,0
-1.0779493,1.2639151,0.64208174,-0.87131602,-0.44858551,0.19894558,0
-1.1322546,3.3444674,1.5294285,-0.45681953,0.88954502,0.005040586,0
0.77806783,-2.1361446,1.1043192,-0.87131602,-0.44858551,0.19894558,0
1.6934223,-3.0744689,1.6799009,0.45681953,-0.88954502,-0.005040586,0
-1.6719393,1.437567,-1.5678437,-0.87131602,-0.44858551,0.19894558,0
0.57111692,-0.70761859,2.5090261,0.1792323,0.086490333,0.97999752,0
-1.0425112,2.3433142,-1.7953652,0.87131602,0.44858551,-0.19894558,0
0.17737097,-2.1313777,-1.5157859,-0.87131602,-0.44858551,0.19894558,0
1.6670616,-3.0741982,-0.75694942,0.45681953,-0.88954502,-0.005040586,0
-0.91985404,2.5441072,2.4947271,0.1792323,0.086490333,0.97999752,0
-2.0156229,2.9121354,-2.2322614,-0.45681953,0.88954502,0.005040586,0
1.6002259,-3.1180613,0.92666864,0.45681953,-0.88954502,-0.005040586,0
1.6950157,-2.9083147,-1.6473508,0.87131602,0.44858551,-0.19894558,0
-1.9694073,1.7969719,-2.0602639,-0.87131602,-0.44858551,0.19894558,0
1.6840203,-2.9814229,2.5061624,0.1792323,0.086490333,0.97999752,0
0.94191366,-3.4390316,-2.0913434,0.45681953,-0.88954502,-0.005040586,0
-0.18856001,-1.3067299,-1.2590142,-0.87131602,-0.44858551,0.19894558,0
0.39946508,0.34465384,0.013405956,0.87131602,0.44858551,-0.19894558,0
-0.86249685,2.519011,-0.61079741,0.87131602,0.44858551,-0.19894558,0
-1.6451687,3.0831738,1.1570852,-0.45681953,0.88954502,0.005040586,0
1.0962639,-1.3395605,2.4687538,0.1792323,0.086490333,0.97999752,0
-0.7689923,3.0936437,2.4186363,0.1792323,0.086490333,0.97999752,0
1.0253408,-2.373693,1.6516653,-0.87131602,-0.44858551,0.19894558,0
-2.2452037,2.792774,-1.9743724,-0.45681953,0.88954502,0.005040586,0
-1.6616001,3.0780907,0.56497025,-0.45681953,0.88954502,0.005040586,0
1.1786273,-0.31085271,1.9478326,0.87131602,0.44858551,-0.19894558,0
0.19365323,0.94225585,2.4324498,0.1792323,0.086490333,0.97999752,0
0.97409105,-3.4252563,-1.6061742,0.45681953,-0.88954502,-0.005040586,0
0.74264836,0.56437457,2.0118647,0.87131602,0.44858551,-0.19894558,0
1.1951277,-1.4001173,2.4560173,0.1792323,0.086490333,0.97999752,0
0.36419654,1.0311123,2.3934169,0.1792323,0.086490333,0.97999752,0
0.21686518,-1.1095623,0.96118999,-0.87131602,-0.44858551,0.19894558,0
1.8309608,-1.7056313,1.6598703,0.87131602,0.44858551,-0.19894558,0
-0.014646411,-1.9943503,-2.3723352,-0.1792323,-0.086490333,-0.97999752,0
-1.6315029,3.1075089,-1.8989992,-0.45681953,0.88954502,0.005040586,0
-0.69781446,1.766444,-1.5864432,0.87131602,0.44858551,-0.19894558,0
-0.07596539,-1.0113698,-0.099905133,-0.87131602,-0.44858551,0.19894558,0
-0.044610739,0.25561452,2.5366261,0.1792323,0.086490333,0.97999752,0
0.28908825,-0.11812675,2.5085802,0.1792323,0.086490333,0.97999752,0
-1.0647804,2.528156,2.5226409,0.1792323,0.086490333,0.97999752,0
-0.2418884,1.4064132,2.4711418,0.1792323,0.086490333,0.97999752,0
1.858166,-2.9918451,2.0291419,0.45681953,-0.88954502,-0.005040586,0
1.1584117,-1.5066092,2.4721305,0.1792323,0.086490333,0.97999752,0
-1.4122128,3.1978354,2.034353,-0.45681953,0.88954502,0.005040586,0
1.669659,-3.0814304,0.75475502,0.45681953,-0.88954502,-0.005040586,0
0.27111566,1.0459609,2.4091301,0.1792323,0.086490333,0.97999752,0
-2.2515647,2.7865508,-1.452554,-0.45681953,0.88954502,0.005040586,0
1.3533907,-2.0866246,2.4876604,0.1792323,0.086490333,0.97999752,0
1.4177516,-3.2050784,-0.25420713,0.45681953,-0.88954502,-0.005040586,0
-0.030486703,0.40802133,-1.7267578,0.87131602,0.44858551,-0.19894558,0
1.6912701,-3.0552876,-1.9001944,0.45681953,-0.88954502,-0.005040586,0
-1.5044137,2.3187914,1.1528594,-0.87131602,-0.44858551,0.19894558,0
1.4024426,-1.3654419,0.55016744,0.87131602,0.44858551,-0.19894558,0
0.91818225,-2.3776238,1.1734838,-0.87131602,-0.44858551,0.19894558,0
-1.7723126,1.409307,-2.0711679,-0.87131602,-0.44858551,0.19894558,0
0.15794802,0.21963859,2.5027549,0.1792323,0.086490333,0.97999752,0
-0.48832381,1.3494706,-1.60914,0.87131602,0.44858551,-0.19894558,0
-0.97589135,3.0298715,2.4621048,0.1792323,0.086490333,0.97999752,0
-0.20645912,-0.92141628,-0.46859595,-0.87131602,-0.44858551,0.19894558,0
-0.46093082,0.27762103,-2.4912281,-0.1792323,-0.086490333,-0.97999752,0
2.1708248,-2.8318105,2.1224964,0.45681953,-0.88954502,-0.005040586,0
0.15651524,-0.60529792,-2.5262308,-0.1792323,-0.086490333,-0.97999752,0
1.6079597,-2.7647071,2.500947,0.1792323,0.086490333,0.97999752,0
2.005517,-2.9096572,0.87908006,0.45681953,-0.88954502,-0.005040586,0
1.900888,-2.9586029,0.034525633,0.45681953,-0.88954502,-0.005040586,0
2.0885077,-2.3933258,1.2372189,0.87131602,0.44858551,-0.19894558,0
-1.6858307,3.0644379,0.77843785,-0.45681953,0.88954502,0.005040586,0
-1.2816758,3.2740631,0.41230822,-0.45681953,0.88954502,0.005040586,0
0.81817085,-2.2825782,-2.4992118,-0.1792323,-0.086490333,-0.97999752,0
1.5915936,-3.1064203,-1.910043,0.45681953,-0.88954502,-0.005040586,0
-1.7926688,1.5961357,-2.3640323,-0.1792323,-0.086490333,-0.97999752,0
-1.3892233,0.7600981,-2.3640337,-0.1792323,-0.086490333,-0.97999752,0
-1.1290356,2.1514986,2.4196775,-0.87131602,-0.44858551,0.19894558,0
1.2565632,-3.27739,-2.1011543,0.45681953,-0.88954502,-0.005040586,0
0.79025763,-3.0016057,-0.79374766,-0.87131602,-0.44858551,0.19894558,0
-0.77013445,2.2846336,2.4902449,0.1792323,0.086490333,0.97999752,0
0.84987807,0.32490653,2.3669171,0.1792323,0.086490333,0.97999752,0
-2.2573252,2.7838237,-1.4933429,-0.45681953,0.88954502,0.005040586,0
1.726164,-3.0445218,-0.63780618,0.45681953,-0.88954502,-0.005040586,0
2.3813288,-2.7247386,2.3044829,0.45681953,-0.88954502,-0.005040586,0
1.6699958,-2.9214251,-1.7864909,0.87131602,0.44858551,-0.19894558,0
0.35811257,-2.7991648,-2.2299328,-0.87131602,-0.44858551,0.19894558,0
1.0685581,-3.3808358,-0.88393092,0.45681953,-0.88954502,-0.005040586,0
1.6278713,-1.7994021,2.4121118,0.1792323,0.086490333,0.97999752,0
-0.21400094,-0.19279063,-2.4948728,-0.1792323,-0.086490333,-0.97999752,0
-0.53858501,2.4329011,2.4348116,0.1792323,0.086490333,0.97999752,0
-1.2703058,3.2793112,0.51658201,-0.45681953,0.88954502,0.005040586,0
-0.91600227,3.4551928,1.5875525,-0.45681953,0.88954502,0.005040586,0
0.43835592,-1.1996524,1.7281096,-0.87131602,-0.44858551,0.19894558,0
1.4770553,-0.74916673,2.3470054,0.1792323,0.086490333,0.97999752,0
1.1308163,-3.3401351,-2.4243293,0.45681953,-0.88954502,-0.005040586,0
0.75949597,0.35432631,1.6120315,0.87131602,0.44858551,-0.19894558,0
1.7524457,-3.0307703,-0.68270326,0.45681953,-0.88954502,-0.005040586,0
-1.4294748,3.1933084,1.2688231,-0.45681953,0.88954502,0.005040586,0
1.4544789,-3.1927044,0.89064837,0.45681953,-0.88954502,-0.005040586,0
-1.2008814,3.3137739,0.72659707,-0.45681953,0.88954502,0.005040586,0
1.5046594,-3.1614552,-0.076395512,0.45681953,-0.88954502,-0.005040586,0
0.62455761,-1.662648,-2.5185142,-0.1792323,-0.086490333,-0.97999752,0
1.5046754,-2.5246627,-1.6159143,0.87131602,0.44858551,-0.19894558,0
1.0869719,-3.3726957,-0.65168071,0.45681953,-0.88954502,-0.005040586,0
1.7223359,-2.4850454,-0.57330346,0.87131602,0.44858551,-0.19894558,0
-1.8003557,2.3860016,0.0082774162,-0.87131602,-0.44858551,0.19894558,0
1.2359061,-0.96459424,0.72463012,0.87131602,0.44858551,-0.19894558,0
1.4077945,-2.8313859,2.2946742,-0.87131602,-0.44858551,0.19894558,0
-1.4958203,3.1693623,-0.51799321,-0.45681953,0.88954502,0.005040586,0
1.3455225,-3.2390895,-0.79806018,0.45681953,-0.88954502,-0.005040586,0
1.5722731,-3.1160491,-1.9617469,0.45681953,-0.88954502,-0.005040586,0
-1.313086,3.2558653,0.77716064,-0.45681953,0.88954502,0.005040586,0
-1.0009019,2.2679949,2.5339184,0.1792323,0.086490333,0.97999752,0
1.7637761,-1.4016893,2.0509558,0.87131602,0.44858551,-0.19894558,0
-0.33342648,0.74386883,-2.2962599,0.87131602,0.44858551,-0.19894558,0
0.98234522,-2.7024202,0.72214007,-0.87131602,-0.44858551,0.19894558,0
-1.1856097,3.3202159,0.97373867,-0.45681953,0.88954502,0.005040586,0
-1.0436333,1.1441586,0.5223459,-0.87131602,-0.44858551,0.19894558,0
2.0282984,-2.0097809,1.8383427,0.87131602,0.44858551,-0.19894558,0
0.48085552,-0.14751077,-0.73987019,0.87131602,0.44858551,-0.19894558,0
1.7800082,-3.0241039,0.63877821,0.45681953,-0.88954502,-0.005040586,0
1.1939468,-3.3164315,-0.88602304,0.45681953,-0.88954502,-0.005040586,0
-0.25939101,-1.1489515,-1.2134696,-0.87131602,-0.44858551,0.19894558,0
0.82065725,-1.0798795,2.4962413,0.1792323,0.086490333,0.97999752,0
0.69712281,-0.7228539,-1.0899832,0.87131602,0.44858551,-0.19894558,0
1.9692576,-2.9208398,-0.43363023,0.45681953,-0.88954502,-0.005040586,0
-1.0748681,1.0030048,0.067272544,-0.87131602,-0.44858551,0.19894558,0
1.4455314,-0.98332655,2.3734365,0.1792323,0.086490333,0.97999752,0
0.35558242,-2.3165886,-2.4116073,-0.1792323,-0.086490333,-0.97999752,0
-1.6660769,3.082391,-0.59968996,-0.45681953,0.88954502,0.005040586,0
1.6665747,-3.0895367,1.905816,0.45681953,-0.88954502,-0.005040586,0
-1.8275045,3.0030432,-1.2265725,-0.45681953,0.88954502,0.005040586,0
-0.49003422,1.5582141,2.5031281,0.1792323,0.086490333,0.97999752,0
-2.2361541,2.5306194,-2.365396,-0.1792323,-0.086490333,-0.97999752,0
0.96326131,-1.3496557,-1.3377059,0.87131602,0.44858551,-0.19894558,0
0.20602524,1.6641669,2.3664744,0.1792323,0.086490333,0.97999752,0
0.77811301,-2.0337069,1.335495,-0.87131602,-0.44858551,0.19894558,0
0.86935776,-3.1756077,-2.4297585,-0.1792323,-0.086490333,-0.97999752,0
1.2050257,-1.0601649,2.4242043,0.1792323,0.086490333,0.97999752,0
2.1735702,-2.8314548,2.308557,0.45681953,-0.88954502,-0.005040586,0
-1.273458,3.2716827,1.5771573,-0.45681953,0.88954502,0.005040586,0
-1.6095107,1.4649065,-1.2327818,-0.87131602,-0.44858551,0.19894558,0
2.155627,-2.334697,2.3628328,0.1792323,0.086490333,0.97999752,0
1.6565893,-1.3524878,2.3674169,0.1792323,0.086490333,0.97999752,0
0.24396133,-0.095731854,-1.6606369,0.87131602,0.44858551,-0.19894558,0
0.9944818,-0.081385821,1.6587411,0.87131602,0.44858551,-0.19894558,0
1.3463765,-3.2442377,0.18788767,0.45681953,-0.88954502,-0.005040586,0
-0.070221186,-0.073076129,2.0409303,-0.87131602,-0.44858551,0.19894558,0
1.281796,-3.2779765,0.28918409,0.45681953,-0.88954502,-0.005040586,0
1.6989268,-2.5050151,-0.72085547,0.87131602,0.44858551,-0.19894558,0
-0.57622588,2.7621024,2.4126415,0.1792323,0.086490333,0.97999752,0
1.5053415,-2.2403393,-0.97189999,0.87131602,0.44858551,-0.19894558,0
1.917221,-2.9463625,-0.64540076,0.45681953,-0.88954502,-0.005040586,0
1.6195018,-3.0938063,-1.6068089,0.45681953,-0.88954502,-0.005040586,0
1.4677012,-2.973315,-2.5570431,-0.1792323,-0.086490333,-0.97999752,0
-0.35944587,2.8233795,2.2786937,0.87131602,0.44858551,-0.19894558,0
0.032211661,-0.67561084,1.1309483,-0.87131602,-0.44858551,0.19894558,0
1.5503161,-3.1422057,0.66435385,0.45681953,-0.88954502,-0.005040586,0
-1.2091477,3.3114555,0.38653159,-0.45681953,0.88954502,0.005040586,0
0.7249825,-1.7519622,1.7380837,-0.87131602,-0.44858551,0.19894558,0
2.2460575,-2.7873678,1.0976379,0.45681953,-0.88954502,-0.005040586,0
-2.0281467,2.900996,-1.4014423,-0.45681953,0.88954502,0.005040586,0
-1.1461499,1.0325446,-2.4325345,-0.1792323,-0.086490333,-0.97999752,0
-0.59217525,2.7885795,1.1809487,0.87131602,0.44858551,-0.19894558,0
-0.84631556,2.2866864,2.5039964,0.1792323,0.086490333,0.97999752,0
-1.6773574,1.7421227,-0.90485811,-0.87131602,-0.44858551,0.19894558,0
-0.38763523,0.14029908,-2.4925139,-0.1792323,-0.086490333,-0.97999752,0
1.1612887,-3.3337688,-0.78611565,0.45681953,-0.88954502,-0.005040586,0
-0.44742692,1.8215797,2.4720922,0.1792323,0.086490333,0.97999752,0
0.24532676,0.8897661,2.4276316,0.1792323,0.086490333,0.97999752,0
1.2810148,-0.56246305,1.8289214,0.87131602,0.44858551,-0.19894558,0
1.2380855,-3.2861278,-2.2336981,0.45681953,-0.88954502,-0.005040586,0
-2.1868119,2.796257,-0.75922227,-0.87131602,-0.44858551,0.19894558,0
1.8844817,-2.9683828,0.27356124,0.45681953,-0.88954502,-0.005040586,0
1.1601526,-2.9802942,0.87432313,-0.87131602,-0.44858551,0.19894558,0
1.1996865,-0.65917933,1.2546526,0.87131602,0.44858551,-0.19894558,0
-1.7336355,3.0359974,1.465008,-0.45681953,0.88954502,0.005040586,0
-1.972379,2.9300666,-1.4776149,-0.45681953,0.88954502,0.005040586,0
-0.232741,2.4265032,2.3794401,0.1792323,0.086490333,0.97999752,0
-1.6475067,3.0886762,-0.025871515,-0.45681953,0.88954502,0.005040586,0
-1.9111049,2.9585116,-0.94434118,-0.45681953,0.88954502,0.005040586,0
1.1476526,-3.3339705,-1.9863589,0.45681953,-0.88954502,-0.005040586,0
-1.4121425,1.0254182,-2.3832579,-0.1792323,-0.086490333,-0.97999752,0
0.67298222,-1.2884309,-2.4709821,0.87131602,0.44858551,-0.19894558,0
2.1945019,-2.8132677,0.99596095,0.45681953,-0.88954502,-0.005040586,0
1.6021272,-3.1053815,-1.1387784,0.45681953,-0.88954502,-0.005040586,0
-1.4439937,3.1883407,0.82972503,-0.45681953,0.88954502,0.005040586,0
1.8540462,-2.9847183,0.39805317,0.45681953,-0.88954502,-0.005040586,0
-1.3308291,3.2458377,0.93880463,-0.45681953,0.88954502,0.005040586,0
1.7668221,-2.2491398,0.15345287,0.87131602,0.44858551,-0.19894558,0
1.0744444,-3.3693824,-2.3717387,0.45681953,-0.88954502,-0.005040586,0
-0.13740587,-0.12938678,-2.514477,-0.1792323,-0.086490333,-0.97999752,0
-1.3453591,0.84733593,-1.4683936,-0.87131602,-0.44858551,0.19894558,0
-1.3852699,3.2224422,0.1336503,-0.45681953,0.88954502,0.005040586,0
0.77270412,-0.11145169,2.4195426,0.1792323,0.086490333,0.97999752,0
-1.1423887,3.339808,1.4332643,-0.45681953,0.88954502,0.005040586,0
0.6391592,-0.60118794,2.4871886,0.1792323,0.086490333,0.97999752,0
-1.6485269,2.8930321,1.8164961,-0.87131602,-0.44858551,0.19894558,0
-0.71491647,0.95389009,1.5329964,-0.87131602,-0.44858551,0.19894558,0
1.3745117,-1.4711685,0.18944526,0.87131602,0.44858551,-0.19894558,0
1.5268122,-1.2782378,1.2914932,0.87131602,0.44858551,-0.19894558,0
1.0915395,-3.3705611,-0.61445379,0.45681953,-0.88954502,-0.005040586,0
-1.9736655,2.9252324,-0.74105716,-0.45681953,0.88954502,0.005040586,0
1.414493,-3.1947236,-2.3769164,0.45681953,-0.88954502,-0.005040586,0
-0.59607875,-0.96827179,-2.356554,-0.1792323,-0.086490333,-0.97999752,0
1.7637177,-1.3747004,2.3497841,0.1792323,0.086490333,0.97999752,0
0.53851056,0.29669976,2.4263525,0.1792323,0.086490333,0.97999752,0
0.28325808,-1.0105158,-2.5136478,-0.1792323,-0.086490333,-0.97999752,0
-1.7624372,3.0244255,0.896945,-0.45681953,0.88954502,0.005040586,0
-1.4075456,0.89265209,-2.3723812,-0.1792323,-0.086490333,-0.97999752,0
-0.21703815,-0.18123388,-2.4953375,-0.1792323,-0.086490333,-0.97999752,0
-1.372395,2.0410264,1.1047485,-0.87131602,-0.44858551,0.19894558,0
1.169939,-1.8974264,2.5045142,0.1792323,0.086490333,0.97999752,0
1.1987704,-3.3145247,-0.78533816,0.45681953,-0.88954502,-0.005040586,0
1.0579753,-1.6033919,2.4990413,0.1792323,0.086490333,0.97999752,0
1.3359997,-3.2492115,0.12527466,0.45681953,-0.88954502,-0.005040586,0
-0.47609508,2.1118259,2.4517193,0.1792323,0.086490333,0.97999752,0
2.0909438,-2.873286,2.2024751,0.45681953,-0.88954502,-0.005040586,0
1.0819292,-1.349152,2.4722223,0.1792323,0.086490333,0.97999752,0
0.6505444,-0.4045991,-0.57637542,0.87131602,0.44858551,-0.19894558,0
-1.7543657,3.0280142,0.9951086,-0.45681953,0.88954502,0.005040586,0
1.6254662,-3.0911684,-1.5317872,0.45681953,-0.88954502,-0.005040586,0
1.4055424,-3.1869566,1.4830627,-0.87131602,-0.44858551,0.19894558,0
-1.6455842,3.0862539,0.57585168,-0.45681953,0.88954502,0.005040586,0
-0.84132791,-0.09226042,-2.3890133,-0.1792323,-0.086490333,-0.97999752,0
0.9523102,-3.4378495,-1.3576891,0.45681953,-0.88954502,-0.005040586,0
1.623776,-3.0985069,-0.38990235,0.45681953,-0.88954502,-0.005040586,0
-0.94107783,-0.0025247931,-2.3786895,-0.1792323,-0.086490333,-0.97999752,0
1.7074392,-3.0496247,-1.4342287,0.45681953,-0.88954502,-0.005040586,0
0.12795934,-1.4411306,-0.1758132,-0.87131602,-0.44858551,0.19894558,0
