-4.5758348,-0.57257915,1.7852769,0.28349847,-0.26752317,0.92090178,0
4.0756974,2.5905595,-0.69702435,-0.064209223,0.95284992,0.29657084,0
-4.864254,-1.4886371,0.52419519,-0.95682067,-0.1432077,0.25295413,0
2.1358333,2.3283482,-0.27455926,-0.064209223,0.95284992,0.29657084,0
-4.8348613,-0.79400158,1.028636,-0.95682067,-0.1432077,0.25295413,0
3.4256573,2.5021379,-0.55367255,-0.064209223,0.95284992,0.29657084,0
-2.6194956,1.0045558,1.6411793,0.28349847,-0.26752317,0.92090178,0
-4.6638942,-2.1562207,0.90412664,-0.95682067,-0.1432077,0.25295413,0
3.984971,1.2725837,-1.4000273,-0.28349847,0.26752317,-0.92090178,0
1.0096068,2.2126279,-0.14659649,-0.064209223,0.95284992,0.29657084,0
-2.7714446,-2.2927413,0.022544622,0.064209223,-0.95284992,-0.29657084,0
0.38282025,-0.56350309,0.261397,0.28349847,-0.26752317,0.92090178,0
-4.6184006,-2.0550909,1.1334634,-0.95682067,-0.1432077,0.25295413,0
-4.8373547,-1.840184,0.42691898,-0.95682067,-0.1432077,0.25295413,0
-0.43868721,1.4989212,0.027541697,-0.28349847,0.26752317,-0.92090178,0
2.7546921,-1.5521022,-1.1606104,0.064209223,-0.95284992,-0.29657084,0
1.5291097,2.1590195,0.13811678,-0.064209223,0.95284992,0.29657084,0
-4.5849762,-2.481328,1.0185847,-0.95682067,-0.1432077,0.25295413,0
4.7773323,0.5697968,-1.3731775,0.95682067,0.1432077,-0.25295413,0
-0.234905,1.9712757,0.35939908,-0.064209223,0.95284992,0.29657084,0
3.3036847,-1.2920648,-1.8772225,0.064209223,-0.95284992,-0.29657084,0
-4.9596195,0.80161011,1.4600701,-0.95682067,-0.1432077,0.25295413,0
-1.2065208,0.54737854,-0.012506127,-0.28349847,0.26752317,-0.92090178,0
-4.7457175,-1.0348812,1.2294588,-0.95682067,-0.1432077,0.25295413,0
-4.9163551,0.9700135,1.7190623,-0.95682067,-0.1432077,0.25295413,0
4.5961294,1.7610004,-1.384202,0.95682067,0.1432077,-0.25295413,0
0.23608506,1.9830868,0.42342275,-0.064209223,0.95284992,0.29657084,0
4.8551693,0.048755407,-1.3737354,0.95682067,0.1432077,-0.25295413,0
-4.2890067,1.1823857,2.0162821,-0.064209223,0.95284992,0.29657084,0
-4.7792711,-1.6049569,0.77979708,-0.95682067,-0.1432077,0.25295413,0
-1.3977246,-2.0758061,-0.37702692,0.064209223,-0.95284992,-0.29657084,0
-2.7927632,0.017797291,0.32197285,-0.28349847,0.26752317,-0.92090178,0
4.9270487,0.067071557,-1.0914755,0.95682067,0.1432077,-0.25295413,0
-4.9510617,0.95215893,1.5776734,-0.95682067,-0.1432077,0.25295413,0
-2.6915483,1.5206411,1.2753625,-0.064209223,0.95284992,0.29657084,0
4.4355016,2.5687034,-0.54890394,-0.064209223,0.95284992,0.29657084,0
-0.84452093,-2.018975,-0.43984735,0.064209223,-0.95284992,-0.29657084,0
-4.8207793,0.74704707,1.9543548,-0.95682067,-0.1432077,0.25295413,0
-4.6924248,-1.8488764,0.97020721,-0.95682067,-0.1432077,0.25295413,0
3.2223737,-1.5823524,-0.96216536,0.064209223,-0.95284992,-0.29657084,0
-3.8339293,1.4467407,1.2654648,-0.064209223,0.95284992,0.29657084,0
1.6723944,2.244308,-0.10488415,-0.064209223,0.95284992,0.29657084,0
4.6344228,1.1675272,-1.575345,0.95682067,0.1432077,-0.25295413,0
4.6044211,-1.1705097,-1.9861503,0.064209223,-0.95284992,-0.29657084,0
4.763773,0.93368888,-1.218451,0.95682067,0.1432077,-0.25295413,0
-4.5672145,1.3183408,1.5192404,-0.064209223,0.95284992,0.29657084,0
-0.31379771,-2.1086226,0.026990846,0.28349847,-0.26752317,0.92090178,0
-1.6271688,-0.86558318,-0.29347718,-0.28349847,0.26752317,-0.92090178,0
-4.6913729,-1.9102589,0.93943596,-0.95682067,-0.1432077,0.25295413,0
0.20587862,-1.5208652,0.037753284,0.28349847,-0.26752317,0.92090178,0
1.6392179,2.2083678,0.0034046173,-0.064209223,0.95284992,0.29657084,0
4.1934552,2.5650539,-1.0887451,-0.28349847,0.26752317,-0.92090178,0
0.70778513,-1.9038556,-0.47363186,0.064209223,-0.95284992,-0.29657084,0
4.8917193,0.46587574,-0.99933386,0.95682067,0.1432077,-0.25295413,0
-1.1270652,1.7756203,0.79486072,-0.064209223,0.95284992,0.29657084,0
1.5968393,-1.7319545,-0.83344579,0.064209223,-0.95284992,-0.29657084,0
1.4381084,2.0364344,0.51226741,-0.064209223,0.95284992,0.29657084,0
4.1741104,2.5737748,-0.62179017,-0.064209223,0.95284992,0.29657084,0
-3.2292016,-2.4835489,0.53648233,0.064209223,-0.95284992,-0.29657084,0
-1.9508197,-2.2545741,0.07758677,0.064209223,-0.95284992,-0.29657084,0
1.5686938,-1.6312768,-1.1630054,0.064209223,-0.95284992,-0.29657084,0
0.90400434,2.1778355,-0.057674855,-0.064209223,0.95284992,0.29657084,0
-4.8467593,-0.20793629,1.3154259,-0.95682067,-0.1432077,0.25295413,0
-4.6027851,-2.0227382,1.2108474,-0.95682067,-0.1432077,0.25295413,0
-1.9337994,0.37129116,1.2461243,0.28349847,-0.26752317,0.92090178,0
4.8514137,1.4398668,-0.60037565,0.95682067,0.1432077,-0.25295413,0
2.6736679,1.2953479,0.096160889,0.28349847,-0.26752317,0.92090178,0
-3.1218214,1.5308099,1.1495342,-0.064209223,0.95284992,0.29657084,0
4.195982,-1.1712679,-2.0721426,0.064209223,-0.95284992,-0.29657084,0
0.71043926,-0.15862495,0.27815753,0.28349847,-0.26752317,0.92090178,0
4.9284177,0.027273893,-1.1088276,0.95682067,0.1432077,-0.25295413,0
4.7191625,2.119369,-0.29416323,0.28349847,-0.26752317,0.92090178,0
0.95471251,2.0879805,0.2419976,-0.064209223,0.95284992,0.29657084,0
2.7170982,2.3269379,-0.14418101,-0.064209223,0.95284992,0.29657084,0
-0.061829329,1.9352072,0.51275462,-0.064209223,0.95284992,0.29657084,0
4.6415486,1.765612,-1.2097907,0.95682067,0.1432077,-0.25295413,0
-4.9829845,0.27425909,1.073133,-0.95682067,-0.1432077,0.25295413,0
-2.4082093,1.6118464,1.0436735,-0.064209223,0.95284992,0.29657084,0
-1.2972791,1.2734535,1.3122517,0.28349847,-0.26752317,0.92090178,0
3.286386,0.86677802,-0.21696353,0.28349847,-0.26752317,0.92090178,0
-2.9194379,-2.4030652,0.34496188,0.064209223,-0.95284992,-0.29657084,0
-3.7753882,-1.5504261,1.2547941,0.28349847,-0.26752317,0.92090178,0
4.7756124,0.91985679,-1.181499,0.95682067,0.1432077,-0.25295413,0
-4.2374444,-1.8734074,1.3032112,0.28349847,-0.26752317,0.92090178,0
4.7161884,1.6124489,-1.0141697,0.95682067,0.1432077,-0.25295413,0
-2.4627397,-2.3049269,0.12853217,0.064209223,-0.95284992,-0.29657084,0
4.9696226,-0.25247812,-1.1113443,0.95682067,0.1432077,-0.25295413,0
-4.9153662,0.44465244,1.4253745,-0.95682067,-0.1432077,0.25295413,0
4.7058411,0.78085709,-1.5241084,0.95682067,0.1432077,-0.25295413,0
3.2076678,2.5161147,-0.64577556,-0.064209223,0.95284992,0.29657084,0
-0.17659256,-0.47084063,-0.62536216,-0.28349847,0.26752317,-0.92090178,0
2.5253396,0.20895934,-1.259666,-0.28349847,0.26752317,-0.92090178,0
-1.7487155,1.6704078,0.99830651,-0.064209223,0.95284992,0.29657084,0
0.42321384,-1.1187035,-0.99821675,-0.28349847,0.26752317,-0.92090178,0
-1.9129301,-2.2501752,0.071657777,0.064209223,-0.95284992,-0.29657084,0
3.2181513,-1.4765544,-1.3029959,0.064209223,-0.95284992,-0.29657084,0
4.5881376,2.0381479,-1.2575283,0.95682067,0.1432077,-0.25295413,0
3.7074907,-1.2249725,-2.0053568,0.064209223,-0.95284992,-0.29657084,0
-1.2216821,1.7384398,0.89383292,-0.064209223,0.95284992,0.29657084,0
0.34438479,-1.8275976,-0.79731804,0.064209223,-0.95284992,-0.29657084,0
3.2892427,2.5643744,-0.78316689,-0.064209223,0.95284992,0.29657084,0
-1.8021395,-2.3111,0.29138863,0.064209223,-0.95284992,-0.29657084,0
2.3025761,1.696871,-0.75884819,-0.28349847,0.26752317,-0.92090178,0
4.0474172,-1.2466203,-1.8622093,0.064209223,-0.95284992,-0.29657084,0
0.47952616,0.9016512,0.65725541,0.28349847,-0.26752317,0.92090178,0
-3.1627543,-2.4656518,0.49336624,0.064209223,-0.95284992,-0.29657084,0
-4.7558799,0.70968223,2.178689,-0.95682067,-0.1432077,0.25295413,0
-4.8100815,-2.2992876,0.27016401,-0.95682067,-0.1432077,0.25295413,0
-0.016059637,1.9249052,0.55576324,-0.064209223,0.95284992,0.29657084,0
4.9755449,-0.68982959,-1.3365464,0.95682067,0.1432077,-0.25295413,0
3.6497643,2.4152629,-0.2260325,-0.064209223,0.95284992,0.29657084,0
2.6291299,0.99421042,0.022391081,0.28349847,-0.26752317,0.92090178,0
0.59048319,0.19967997,-0.66671842,-0.28349847,0.26752317,-0.92090178,0
3.3875916,0.78464794,-0.27197886,0.28349847,-0.26752317,0.92090178,0
1.1350787,-0.80970091,-0.041705608,0.28349847,-0.26752317,0.92090178,0
-1.7110555,-2.1011002,-0.36359757,0.064209223,-0.95284992,-0.29657084,0
-2.391403,-2.3674648,0.59138489,0.28349847,-0.26752317,0.92090178,0
-2.4253917,1.3003129,0.5814507,-0.28349847,0.26752317,-0.92090178,0
2.6297445,0.82855797,-0.025920391,0.28349847,-0.26752317,0.92090178,0
4.2402754,-1.383286,-1.381362,0.064209223,-0.95284992,-0.29657084,0
1.1173489,-0.088387281,0.17329502,0.28349847,-0.26752317,0.92090178,0
-1.95526,-1.9898367,-0.51907158,-0.28349847,0.26752317,-0.92090178,0
2.9664168,-1.5897411,-0.99384189,0.064209223,-0.95284992,-0.29657084,0
-1.0985863,-0.21353899,-0.26678097,-0.28349847,0.26752317,-0.92090178,0
1.7879457,1.8814573,0.53909487,0.28349847,-0.26752317,0.92090178,0
3.8151979,2.6465511,-0.93331957,-0.064209223,0.95284992,0.29657084,0
4.0479527,2.6180859,-0.79147172,-0.064209223,0.95284992,0.29657084,0
3.0615044,2.4169941,-0.35895562,-0.064209223,0.95284992,0.29657084,0
0.049407721,-1.9371982,-0.50904733,0.064209223,-0.95284992,-0.29657084,0
-1.9529204,-2.1391504,-0.29371119,0.064209223,-0.95284992,-0.29657084,0
2.5894749,1.3763521,0.14561129,0.28349847,-0.26752317,0.92090178,0
2.5014567,2.3812766,-0.36545277,-0.064209223,0.95284992,0.29657084,0
4.8376126,0.44880366,-1.2136617,0.95682067,0.1432077,-0.25295413,0
-4.8308506,-1.6741103,0.54554129,-0.95682067,-0.1432077,0.25295413,0
-4.3456745,0.50885034,2.0285788,0.28349847,-0.26752317,0.92090178,0
-4.7978773,-2.2676365,0.33424807,-0.95682067,-0.1432077,0.25295413,0
-2.276793,1.5540078,1.2579553,-0.064209223,0.95284992,0.29657084,0
1.6503688,-1.6330303,-1.1396894,0.064209223,-0.95284992,-0.29657084,0
-2.7260299,-0.69571602,0.094152212,-0.28349847,0.26752317,-0.92090178,0
-0.015324593,-1.3932433,0.14292474,0.28349847,-0.26752317,0.92090178,0
-2.1403635,1.0405445,1.5041342,0.28349847,-0.26752317,0.92090178,0
-4.7074089,-1.824132,0.92753839,-0.95682067,-0.1432077,0.25295413,0
4.0511961,2.0063968,-1.2072413,-0.28349847,0.26752317,-0.92090178,0
-3.2655077,-1.3993251,0.055830717,-0.28349847,0.26752317,-0.92090178,0
4.7673416,-0.97553921,-2.2858453,0.95682067,0.1432077,-0.25295413,0
-4.2501731,1.2874384,1.6871672,-0.064209223,0.95284992,0.29657084,0
1.8373469,-1.7781529,-0.6329453,0.064209223,-0.95284992,-0.29657084,0
-4.7720823,1.2826351,1.5896039,-0.064209223,0.95284992,0.29657084,0
4.76824,0.58337402,-1.3998837,0.95682067,0.1432077,-0.25295413,0
0.76919436,-1.1186314,-1.1047055,-0.28349847,0.26752317,-0.92090178,0
-0.18052387,-1.8310111,-0.8999967,0.064209223,-0.95284992,-0.29657084,0
-4.8189096,0.54534125,1.8472328,-0.95682067,-0.1432077,0.25295413,0
0.20855057,-1.8507097,-0.75247002,0.064209223,-0.95284992,-0.29657084,0
-4.7203803,-0.73310113,1.4961486,-0.95682067,-0.1432077,0.25295413,0
4.7944946,1.5755403,-0.73886633,0.95682067,0.1432077,-0.25295413,0
-4.7271595,-2.4998956,0.47025204,-0.95682067,-0.1432077,0.25295413,0
-3.2068453,-0.93643636,0.17224145,-0.28349847,0.26752317,-0.92090178,0
-0.28991246,-2.104598,-0.044674248,0.064209223,-0.95284992,-0.29657084,0
3.8891411,-1.2503321,-1.8845501,0.064209223,-0.95284992,-0.29657084,0
-4.2079091,-2.6136951,0.74273133,0.064209223,-0.95284992,-0.29657084,0
-3.1671333,-2.4466591,0.4313972,0.064209223,-0.95284992,-0.29657084,0
4.4966564,2.3281145,-1.250916,-0.28349847,0.26752317,-0.92090178,0
-1.2067903,-2.1467671,-0.10769844,0.064209223,-0.95284992,-0.29657084,0
3.604964,-1.3305806,-1.6882467,0.064209223,-0.95284992,-0.29657084,0
-4.6700182,-1.9672202,0.98796225,-0.95682067,-0.1432077,0.25295413,0
1.2178788,-1.6011201,-1.3358494,0.064209223,-0.95284992,-0.29657084,0
4.2192621,2.6202736,-1.0806479,-0.28349847,0.26752317,-0.92090178,0
3.7452078,1.0065383,-1.4035034,-0.28349847,0.26752317,-0.92090178,0
-3.5134206,-1.8496134,1.0872333,0.28349847,-0.26752317,0.92090178,0
3.0842006,-0.75672054,-0.62634969,0.28349847,-0.26752317,0.92090178,0
4.6845989,2.0116253,-0.90767097,0.95682067,0.1432077,-0.25295413,0
-1.2454846,-2.2442646,0.19717288,0.064209223,-0.95284992,-0.29657084,0
4.8652811,1.3893961,-0.57649469,0.95682067,0.1432077,-0.25295413,0
-1.9262295,-2.0594413,-0.54402894,0.064209223,-0.95284992,-0.29657084,0
-4.6700358,-2.4893029,0.69232512,-0.95682067,-0.1432077,0.25295413,0
0.27940744,1.119071,0.78202248,0.28349847,-0.26752317,0.92090178,0
-4.8789506,0.68874681,1.7013106,-0.95682067,-0.1432077,0.25295413,0
-4.3114176,1.4059743,1.2930651,-0.064209223,0.95284992,0.29657084,0
-1.9861873,-2.3026187,0.22429252,0.064209223,-0.95284992,-0.29657084,0
0.032909155,-1.8668249,-0.7387206,0.064209223,-0.95284992,-0.29657084,0
-1.8637789,1.5645862,0.48533034,-0.28349847,0.26752317,-0.92090178,0
-2.1994617,0.28488553,1.3028076,0.28349847,-0.26752317,0.92090178,0
4.3742752,0.64087391,-1.7033868,-0.28349847,0.26752317,-0.92090178,0
4.9009361,0.85225284,-0.74572325,0.95682067,0.1432077,-0.25295413,0
-4.8217845,1.1875774,1.8842535,-0.064209223,0.95284992,0.29657084,0
3.3720725,-1.0201597,-0.79150033,0.28349847,-0.26752317,0.92090178,0
-4.6937494,-1.2824242,1.2858891,-0.95682067,-0.1432077,0.25295413,0
2.6519375,2.3048556,-0.087340593,-0.064209223,0.95284992,0.29657084,0
0.37827837,1.9342251,0.61119592,-0.064209223,0.95284992,0.29657084,0
3.8367651,-1.4623587,-1.2146721,0.064209223,-0.95284992,-0.29657084,0
2.7824545,1.988721,-0.82179523,-0.28349847,0.26752317,-0.92090178,0
-4.7361126,-1.3680875,1.0771484,-0.95682067,-0.1432077,0.25295413,0
-4.5568523,-2.2312391,1.2665505,-0.95682067,-0.1432077,0.25295413,0
0.13818204,1.7841431,-0.067189515,-0.28349847,0.26752317,-0.92090178,0
-3.9266334,-2.3575308,-0.019002676,-0.28349847,0.26752317,-0.92090178,0
4.6931515,1.0224836,-1.4353118,0.95682067,0.1432077,-0.25295413,0
0.7810384,0.83617979,-0.5404765,-0.28349847,0.26752317,-0.92090178,0
-3.247406,-2.3274751,0.031092405,0.064209223,-0.95284992,-0.29657084,0
-4.7969112,0.68663645,2.0104365,-0.95682067,-0.1432077,0.25295413,0
1.6684271,1.3263342,0.41462469,0.28349847,-0.26752317,0.92090178,0
0.5543772,-1.0525885,0.066503465,0.28349847,-0.26752317,0.92090178,0
3.7741799,-1.5054878,-1.0562768,0.28349847,-0.26752317,0.92090178,0
-4.8021393,-2.4109678,0.23697901,-0.95682067,-0.1432077,0.25295413,0
3.7474918,2.6379976,-0.92049575,-0.064209223,0.95284992,0.29657084,0
4.0208778,2.3803248,-0.033431768,-0.064209223,0.95284992,0.29657084,0
4.6649046,2.4119453,-0.75552845,0.95682067,0.1432077,-0.25295413,0
-3.3615475,-2.5033751,0.57152748,0.064209223,-0.95284992,-0.29657084,0
-1.1431584,-1.3308681,0.50824708,0.28349847,-0.26752317,0.92090178,0
-2.2728202,-2.2725112,0.065502405,0.064209223,-0.95284992,-0.29657084,0
-4.869854,-1.1444629,0.69786549,-0.95682067,-0.1432077,0.25295413,0
-1.5313485,-2.0490737,0.41911125,0.28349847,-0.26752317,0.92090178,0
-1.8624616,1.6172488,1.1444743,-0.064209223,0.95284992,0.29657084,0
-4.8649955,-0.16036665,1.2733784,-0.95682067,-0.1432077,0.25295413,0
-1.5666794,1.6449542,1.1194978,-0.064209223,0.95284992,0.29657084,0
-4.7586489,-1.8120809,0.74054098,-0.95682067,-0.1432077,0.25295413,0
4.6282053,2.0892696,-1.0770268,0.95682067,0.1432077,-0.25295413,0
-4.8076587,1.1363492,2.0519013,-0.064209223,0.95284992,0.29657084,0
-4.7803488,-1.7827748,0.67505026,-0.95682067,-0.1432077,0.25295413,0
-4.7948132,0.49590659,1.9103937,-0.95682067,-0.1432077,0.25295413,0
-3.6770871,-1.2454906,0.22722387,-0.28349847,0.26752317,-0.92090178,0
-2.8486404,-2.3171098,0.084125519,0.064209223,-0.95284992,-0.29657084,0
2.7279866,-1.3730009,-1.7418251,0.064209223,-0.95284992,-0.29657084,0
4.7485561,0.92729664,-1.2796297,0.95682067,0.1432077,-0.25295413,0
-4.7952299,-2.258884,0.3492136,-0.95682067,-0.1432077,0.25295413,0
-2.3667183,1.5708848,1.1842628,-0.064209223,0.95284992,0.29657084,0
-4.9856029,0.73629141,1.3248062,-0.95682067,-0.1432077,0.25295413,0
3.3613048,-1.4805353,-1.2592125,0.064209223,-0.95284992,-0.29657084,0
-4.6363106,0.050804973,0.89909554,-0.28349847,0.26752317,-0.92090178,0
3.5704658,2.2107375,0.086004496,0.28349847,-0.26752317,0.92090178,0
4.6730151,0.98689532,-1.53163,0.95682067,0.1432077,-0.25295413,0
4.8762131,-0.49302161,-1.6008577,0.95682067,0.1432077,-0.25295413,0
0.68506777,-1.1353905,-1.0836759,-0.28349847,0.26752317,-0.92090178,0
4.7021523,0.46074033,-1.7192936,0.95682067,0.1432077,-0.25295413,0
-3.2208674,1.5941875,0.92446518,-0.064209223,0.95284992,0.29657084,0
1.8472279,1.9002469,0.52630341,0.28349847,-0.26752317,0.92090178,0
4.8660107,-0.32494843,-1.5442939,0.95682067,0.1432077,-0.25295413,0
-2.3462205,-2.3564398,0.3192637,0.064209223,-0.95284992,-0.29657084,0
3.6131315,-0.10153174,-1.6847394,-0.28349847,0.26752317,-0.92090178,0
3.7212772,-1.2537838,-0.96687031,0.28349847,-0.26752317,0.92090178,0
4.7289934,1.1756833,-1.213006,0.95682067,0.1432077,-0.25295413,0
-4.7015581,-1.5680417,1.0946531,-0.95682067,-0.1432077,0.25295413,0
-4.6266842,-2.1347423,1.0570378,-0.95682067,-0.1432077,0.25295413,0
-3.4938221,1.3119416,1.7721949,-0.064209223,0.95284992,0.29657084,0
-3.1058197,-2.5003309,0.61711383,0.064209223,-0.95284992,-0.29657084,0
-5.0193644,1.2523293,1.4892502,-0.95682067,-0.1432077,0.25295413,0
-1.3275965,-0.78484267,0.72364736,0.28349847,-0.26752317,0.92090178,0
4.5696754,2.3329015,-1.1604929,0.95682067,0.1432077,-0.25295413,0
-4.7461348,-1.6908019,0.85653877,-0.95682067,-0.1432077,0.25295413,0
-4.822619,-0.28036404,1.3657351,-0.95682067,-0.1432077,0.25295413,0
-4.0482421,1.2080653,1.9859023,-0.064209223,0.95284992,0.29657084,0
-1.2537326,-2.036423,-0.47238541,0.064209223,-0.95284992,-0.29657084,0
4.8654933,-0.46440732,-1.625206,0.95682067,0.1432077,-0.25295413,0
4.6743221,1.5473901,-1.2093658,0.95682067,0.1432077,-0.25295413,0
-3.4102871,-0.95779419,0.22866607,-0.28349847,0.26752317,-0.92090178,0
-3.3748879,-2.3291304,0.0088102818,0.064209223,-0.95284992,-0.29657084,0
-4.8255043,0.022476673,1.5262723,-0.95682067,-0.1432077,0.25295413,0
-0.4877888,-2.0790782,-0.16950765,0.064209223,-0.95284992,-0.29657084,0
1.323712,2.2590058,-0.22759789,-0.064209223,0.95284992,0.29657084,0
-1.9305145,-1.4150887,0.72616744,0.28349847,-0.26752317,0.92090178,0
-3.6821258,1.4368298,1.3301744,-0.064209223,0.95284992,0.29657084,0
-4.8810115,0.28457963,1.4647007,-0.95682067,-0.1432077,0.25295413,0
0.97842669,-1.8737744,-0.51168346,0.064209223,-0.95284992,-0.29657084,0
-2.2358596,0.17846432,0.19720459,-0.28349847,0.26752317,-0.92090178,0
1.3538855,0.11796567,0.16042328,0.28349847,-0.26752317,0.92090178,0
3.0411751,-1.4991651,-1.2686672,0.064209223,-0.95284992,-0.29657084,0
-0.23805892,1.2165728,-0.11624399,-0.28349847,0.26752317,-0.92090178,0
-4.8057051,-1.3433369,0.82792234,-0.95682067,-0.1432077,0.25295413,0
-1.6902623,1.3427178,1.4533527,0.28349847,-0.26752317,0.92090178,0
4.6785531,2.5521476,-0.62452793,0.95682067,0.1432077,-0.25295413,0
3.6178939,-1.3784267,-1.5317235,0.064209223,-0.95284992,-0.29657084,0
4.9308758,-0.98963535,-1.6752434,0.95682067,0.1432077,-0.25295413,0
-0.70854378,-1.8730652,-0.86894971,-0.28349847,0.26752317,-0.92090178,0
-4.7323279,1.2328827,1.758059,-0.064209223,0.95284992,0.29657084,0
4.8741999,-0.46871626,-1.5947118,0.95682067,0.1432077,-0.25295413,0
-3.4938841,-2.3208828,-0.043451309,0.064209223,-0.95284992,-0.29657084,0
4.029119,-1.2079313,-1.9904747,0.064209223,-0.95284992,-0.29657084,0
-2.4266765,0.27443063,1.3697178,0.28349847,-0.26752317,0.92090178,0
-2.7614341,-2.4024589,0.37722278,0.064209223,-0.95284992,-0.29657084,0
-3.2416406,1.4789971,1.2900617,-0.064209223,0.95284992,0.29657084,0
1.4578474,-0.33472395,-1.0889806,-0.28349847,0.26752317,-0.92090178,0
2.2332792,-1.5576566,-1.2556531,0.064209223,-0.95284992,-0.29657084,0
2.1916502,1.558399,0.32096601,0.28349847,-0.26752317,0.92090178,0
-3.1059756,0.9428488,1.7730155,0.28349847,-0.26752317,0.92090178,0
4.8132629,-0.25507951,-1.7042623,0.95682067,0.1432077,-0.25295413,0
4.849957,-0.44361746,-1.6722026,0.95682067,0.1432077,-0.25295413,0
0.84942555,1.7083358,0.77772516,0.28349847,-0.26752317,0.92090178,0
-1.9453218,-2.1252739,-0.33664966,0.064209223,-0.95284992,-0.29657084,0
4.9677925,-1.2503574,-1.6509371,0.064209223,-0.95284992,-0.29657084,0
-1.3764149,0.17501757,-0.068375587,-0.28349847,0.26752317,-0.92090178,0
1.8080974,2.0519068,0.54266042,-0.064209223,0.95284992,0.29657084,0
4.7341595,-0.18886781,-1.9659925,0.95682067,0.1432077,-0.25295413,0
4.2508292,-1.1718494,-2.0583997,0.064209223,-0.95284992,-0.29657084,0
3.440486,-1.3914288,-1.5283585,0.064209223,-0.95284992,-0.29657084,0
-4.0344653,1.2350191,1.9022865,-0.064209223,0.95284992,0.29657084,0
-2.3242316,0.39928919,0.28855991,-0.28349847,0.26752317,-0.92090178,0
-2.5123181,0.098611951,1.3450074,0.28349847,-0.26752317,0.92090178,0
-4.8263855,-0.34839702,1.3129716,-0.95682067,-0.1432077,0.25295413,0
-4.9475293,0.35617042,1.2536197,-0.95682067,-0.1432077,0.25295413,0
-4.624043,-2.2432129,1.0056167,-0.95682067,-0.1432077,0.25295413,0
1.5293043,0.96141881,-0.73444724,-0.28349847,0.26752317,-0.92090178,0
4.168416,-1.4088519,-1.3147807,0.064209223,-0.95284992,-0.29657084,0
-4.9849935,0.4330107,1.1554112,-0.95682067,-0.1432077,0.25295413,0
-4.7690048,-1.0382504,1.1394653,-0.95682067,-0.1432077,0.25295413,0
-2.5707483,1.6238253,0.96999621,-0.064209223,0.95284992,0.29657084,0
3.7360711,2.5120769,-0.51839995,-0.064209223,0.95284992,0.29657084,0
-4.646884,-2.4761636,0.78733492,-0.95682067,-0.1432077,0.25295413,0
4.7492456,-0.098497868,-1.8577671,0.95682067,0.1432077,-0.25295413,0
3.7983456,1.7781545,-1.1957064,-0.28349847,0.26752317,-0.92090178,0
-4.8609953,-1.4124991,0.57962418,-0.95682067,-0.1432077,0.25295413,0
4.9215117,-0.59981537,-1.4899721,0.95682067,0.1432077,-0.25295413,0
0.24032068,1.8866799,0.73408437,-0.064209223,0.95284992,0.29657084,0
-2.025337,-0.55869347,-0.081749797,-0.28349847,0.26752317,-0.92090178,0
2.3146482,-1.7301531,-0.68382502,0.064209223,-0.95284992,-0.29657084,0
4.4076467,0.24756324,-0.7420249,0.28349847,-0.26752317,0.92090178,0
-1.3755782,1.4124901,1.3767465,0.28349847,-0.26752317,0.92090178,0
4.6870475,1.7501607,-1.0464334,0.95682067,0.1432077,-0.25295413,0
1.7376703,-1.7561396,-0.7252512,0.064209223,-0.95284992,-0.29657084,0
-4.7410994,-1.616536,0.91763067,-0.95682067,-0.1432077,0.25295413,0
-4.8199487,0.67449784,1.9164214,-0.95682067,-0.1432077,0.25295413,0
3.6204562,-0.39464867,-1.7721453,-0.28349847,0.26752317,-0.92090178,0
-4.6797042,-1.7728316,1.0613766,-0.95682067,-0.1432077,0.25295413,0
-4.6623616,-1.8577586,0.35267496,-0.28349847,0.26752317,-0.92090178,0
-4.8261614,-2.0313854,0.36101151,-0.95682067,-0.1432077,0.25295413,0
4.7526278,0.95027876,-1.2512169,0.95682067,0.1432077,-0.25295413,0
-0.88554299,-1.9790493,-0.57700586,0.064209223,-0.95284992,-0.29657084,0
-3.1459336,0.69584012,1.7135606,0.28349847,-0.26752317,0.92090178,0
4.670588,-1.3435469,-1.2851906,0.28349847,-0.26752317,0.92090178,0
-2.7866826,-0.88575292,0.05761838,-0.28349847,0.26752317,-0.92090178,0
-3.9376326,1.3090818,1.6852951,-0.064209223,0.95284992,0.29657084,0
-1.786621,1.5439179,1.396498,-0.064209223,0.95284992,0.29657084,0
0.41841364,1.8849132,0.77831882,-0.064209223,0.95284992,0.29657084,0
-4.6813755,-1.4297839,1.2492666,-0.95682067,-0.1432077,0.25295413,0
2.8852785,2.473453,-0.57850647,-0.064209223,0.95284992,0.29657084,0
-1.291456,0.47698396,-0.0068084002,-0.28349847,0.26752317,-0.92090178,0
-4.6413608,-2.3203654,0.89643288,-0.95682067,-0.1432077,0.25295413,0
4.6748581,2.2338643,-0.81869745,0.95682067,0.1432077,-0.25295413,0
0.085795283,-1.6764723,0.029516816,0.28349847,-0.26752317,0.92090178,0
4.7555571,2.4060674,-0.41595459,0.95682067,0.1432077,-0.25295413,0
-1.0858574,1.8355753,0.61115336,-0.064209223,0.95284992,0.29657084,0
-2.2530644,-1.0299948,-0.1485579,-0.28349847,0.26752317,-0.92090178,0
-4.0025611,1.4246494,1.2999325,-0.064209223,0.95284992,0.29657084,0
-0.56487697,0.56024098,0.87959355,0.28349847,-0.26752317,0.92090178,0
0.73387438,-0.99764401,0.027206898,0.28349847,-0.26752317,0.92090178,0
-2.7599034,-2.4325697,0.47429729,0.064209223,-0.95284992,-0.29657084,0
-2.0655656,0.68524384,1.377892,0.28349847,-0.26752317,0.92090178,0
-3.337291,1.5204264,1.1362462,-0.064209223,0.95284992,0.29657084,0
-1.9507961,-2.2956462,0.20955265,0.064209223,-0.95284992,-0.29657084,0
4.7685604,-0.073069096,-1.7703104,0.95682067,0.1432077,-0.25295413,0
-0.21757627,2.0427647,0.13346457,-0.064209223,0.95284992,0.29657084,0
2.4928672,1.8910857,-0.76100945,-0.28349847,0.26752317,-0.92090178,0
4.192347,2.7045221,-1.0379188,-0.064209223,0.95284992,0.29657084,0
4.7790298,1.4762504,-0.85357571,0.95682067,0.1432077,-0.25295413,0
4.0361609,-0.70414126,-1.9900274,-0.28349847,0.26752317,-0.92090178,0
2.3027754,-1.5351096,-1.3130479,0.064209223,-0.95284992,-0.29657084,0
0.025138617,1.9764421,0.023473918,-0.28349847,0.26752317,-0.92090178,0
2.3531971,-0.87904698,-0.43684697,0.28349847,-0.26752317,0.92090178,0
-4.9040756,0.97643042,1.7691402,-0.95682067,-0.1432077,0.25295413,0
-4.622118,-2.1252186,1.0797014,-0.95682067,-0.1432077,0.25295413,0
-4.6248655,-2.0263801,1.1252646,-0.95682067,-0.1432077,0.25295413,0
4.7905216,1.0985003,-1.0239658,0.95682067,0.1432077,-0.25295413,0
1.4370382,-0.6475538,-0.087559462,0.28349847,-0.26752317,0.92090178,0
-1.2735367,-1.7775044,0.41863561,0.28349847,-0.26752317,0.92090178,0
-4.7619047,-1.1950496,1.0775518,-0.95682067,-0.1432077,0.25295413,0
-4.6097898,-2.0565341,1.1652174,-0.95682067,-0.1432077,0.25295413,0
2.7920363,-1.4011648,-1.6374707,0.064209223,-0.95284992,-0.29657084,0
-4.9037185,-0.87552321,0.72202444,-0.95682067,-0.1432077,0.25295413,0
4.0844612,2.1624718,-1.1721418,-0.28349847,0.26752317,-0.92090178,0
-3.6826272,-2.499903,0.49085665,0.064209223,-0.95284992,-0.29657084,0
-2.2780805,1.5740173,1.1933887,-0.064209223,0.95284992,0.29657084,0
3.9349425,-1.4886029,-1.109097,0.064209223,-0.95284992,-0.29657084,0
-4.8019257,-1.6356897,0.67670536,-0.95682067,-0.1432077,0.25295413,0
4.748313,0.56753063,-1.4842286,0.95682067,0.1432077,-0.25295413,0
2.0897722,-0.4808962,-0.2400887,0.28349847,-0.26752317,0.92090178,0
3.7695165,-0.95474398,-0.89484978,0.28349847,-0.26752317,0.92090178,0
4.6017981,1.5622284,-1.4752936,0.95682067,0.1432077,-0.25295413,0
-0.38717324,0.7964443,0.8935051,0.28349847,-0.26752317,0.92090178,0
-1.6305372,-2.1872816,-0.069273591,0.064209223,-0.95284992,-0.29657084,0
3.799211,1.6983539,-0.13326216,0.28349847,-0.26752317,0.92090178,0
4.6696916,2.1116633,-0.90742254,0.95682067,0.1432077,-0.25295413,0
4.7203722,1.3296984,-1.1584215,0.95682067,0.1432077,-0.25295413,0
4.9378405,-0.96139252,-1.6329117,0.95682067,0.1432077,-0.25295413,0
4.7697964,-0.6386323,-2.0858231,0.95682067,0.1432077,-0.25295413,0
-0.4793545,-1.9981403,-0.42772627,0.064209223,-0.95284992,-0.29657084,0
0.96410024,-0.56932282,0.080760002,0.28349847,-0.26752317,0.92090178,0
-4.7261133,-2.4789805,0.48604918,-0.95682067,-0.1432077,0.25295413,0
4.6578159,0.75085974,-1.7227521,0.95682067,0.1432077,-0.25295413,0
0.878842,1.9199858,0.76531959,-0.064209223,0.95284992,0.29657084,0
-0.52990592,-0.7900157,0.47657648,0.28349847,-0.26752317,0.92090178,0
-2.0641565,1.5011619,1.4737811,-0.064209223,0.95284992,0.29657084,0
4.1441021,2.4957051,-0.37745786,-0.064209223,0.95284992,0.29657084,0
-4.7635107,-1.2048057,0.5734973,-0.28349847,0.26752317,-0.92090178,0
4.7550297,-0.31363225,-1.9576855,0.95682067,0.1432077,-0.25295413,0
1.1640345,-0.043770432,-0.91400814,-0.28349847,0.26752317,-0.92090178,0
4.7487454,-1.1526697,-2.0122218,0.064209223,-0.95284992,-0.29657084,0
-4.8124504,-2.2251971,0.3031497,-0.95682067,-0.1432077,0.25295413,0
-0.36481285,1.5087055,0.0076420307,-0.28349847,0.26752317,-0.92090178,0
-0.68147802,-1.9071915,-0.76369554,0.064209223,-0.95284992,-0.29657084,0
2.5155673,1.2092987,-0.96605754,-0.28349847,0.26752317,-0.92090178,0
1.4861614,-1.5876801,-1.320946,0.064209223,-0.95284992,-0.29657084,0
4.8577042,-1.1149857,-2.0229888,0.95682067,0.1432077,-0.25295413,0
1.5754952,-0.69316071,-0.14343238,0.28349847,-0.26752317,0.92090178,0
3.2560194,-0.34018767,-1.6441329,-0.28349847,0.26752317,-0.92090178,0
-2.1838937,-1.2792308,0.84363675,0.28349847,-0.26752317,0.92090178,0
0.45684147,1.9073462,0.71456373,-0.064209223,0.95284992,0.29657084,0
1.1421829,1.9893186,0.59957588,-0.064209223,0.95284992,0.29657084,0
-0.32956767,1.9744128,0.32882452,-0.064209223,0.95284992,0.29657084,0
0.82240772,0.47718757,-0.65749979,-0.28349847,0.26752317,-0.92090178,0
-2.2675221,-0.12862957,0.11774063,-0.28349847,0.26752317,-0.92090178,0
-4.9137874,0.8453083,1.6581721,-0.95682067,-0.1432077,0.25295413,0
-0.66975558,-2.0495226,-0.3038637,0.064209223,-0.95284992,-0.29657084,0
1.8253587,2.2924087,-0.22630906,-0.064209223,0.95284992,0.29657084,0
4.3461285,2.4745238,-0.26566553,-0.064209223,0.95284992,0.29657084,0
-2.2313156,-2.2849989,0.11460984,0.064209223,-0.95284992,-0.29657084,0
-4.5076985,1.10243,2.2258234,-0.064209223,0.95284992,0.29657084,0
-4.642271,-1.3555045,1.4392366,-0.95682067,-0.1432077,0.25295413,0
-4.1981802,0.17870259,1.8872643,0.28349847,-0.26752317,0.92090178,0
1.1679296,-1.7897744,-0.740538,0.064209223,-0.95284992,-0.29657084,0
-3.8951588,1.2382483,1.0158868,-0.28349847,0.26752317,-0.92090178,0
-4.5762486,-2.4611101,0.1727457,0.064209223,-0.95284992,-0.29657084,0
0.91283953,1.9808595,0.57709974,-0.064209223,0.95284992,0.29657084,0
2.6188376,1.7518094,-0.8402493,-0.28349847,0.26752317,-0.92090178,0
1.0455283,2.078285,0.29280996,-0.064209223,0.95284992,0.29657084,0
-2.8343608,-1.9807861,-0.24581242,-0.28349847,0.26752317,-0.92090178,0
4.6039467,2.1429327,-1.1384063,0.95682067,0.1432077,-0.25295413,0
0.33570886,-0.94258392,-0.92011553,-0.28349847,0.26752317,-0.92090178,0
-4.7594438,-1.9022589,0.68648052,-0.95682067,-0.1432077,0.25295413,0
-4.6997519,-0.31424928,1.8113084,-0.95682067,-0.1432077,0.25295413,0
3.5577219,-1.4537305,-1.3028078,0.064209223,-0.95284992,-0.29657084,0
5.0081949,-1.1412715,-1.4686255,0.95682067,0.1432077,-0.25295413,0
1.2256187,2.0191624,0.52175498,-0.064209223,0.95284992,0.29657084,0
-0.49119461,1.5075716,1.1321111,0.28349847,-0.26752317,0.92090178,0
4.4209685,1.766856,-0.30476952,0.28349847,-0.26752317,0.92090178,0
-4.9641409,0.030990958,1.0066891,-0.95682067,-0.1432077,0.25295413,0
4.8237553,1.560069,-0.63694525,0.95682067,0.1432077,-0.25295413,0
-4.9998612,0.77388906,1.2921591,-0.95682067,-0.1432077,0.25295413,0
-2.5217459,1.4403064,1.5702326,-0.064209223,0.95284992,0.29657084,0
3.6263318,1.8673593,-0.030945301,0.28349847,-0.26752317,0.92090178,0
0.82763922,-1.809631,-0.75041533,0.064209223,-0.95284992,-0.29657084,0
0.8752948,2.1208916,0.11906359,-0.064209223,0.95284992,0.29657084,0
-1.2162198,1.8744228,0.45811701,-0.064209223,0.95284992,0.29657084,0
-1.2853477,-0.49374795,0.79520452,0.28349847,-0.26752317,0.92090178,0
-3.2681139,0.22496313,0.52849078,-0.28349847,0.26752317,-0.92090178,0
3.3567798,-1.4072869,-1.4955311,0.064209223,-0.95284992,-0.29657084,0
0.68895304,0.11639625,-0.72122622,-0.28349847,0.26752317,-0.92090178,0
-0.69694883,0.663055,-0.13577306,-0.28349847,0.26752317,-0.92090178,0
-2.147393,1.6354936,1.0241663,-0.064209223,0.95284992,0.29657084,0
-3.2193961,-0.61022764,0.27086902,-0.28349847,0.26752317,-0.92090178,0
-4.6943235,-1.2444342,1.3052244,-0.95682067,-0.1432077,0.25295413,0
4.6722445,-0.38720632,-2.0937748,-0.28349847,0.26752317,-0.92090178,0
-4.9963946,0.7407099,1.2864871,-0.95682067,-0.1432077,0.25295413,0
0.25259709,-1.1179701,-0.94547951,-0.28349847,0.26752317,-0.92090178,0
-2.8420796,-2.478301,0.60343409,0.064209223,-0.95284992,-0.29657084,0
1.0534016,0.78405821,-0.63946456,-0.28349847,0.26752317,-0.92090178,0
4.7084928,0.22835541,-1.8268738,0.95682067,0.1432077,-0.25295413,0
2.6461639,-1.661494,-0.83264303,0.064209223,-0.95284992,-0.29657084,0
-4.9040956,-0.3248595,1.0323534,-0.95682067,-0.1432077,0.25295413,0
0.56752026,2.0199387,0.37677902,-0.064209223,0.95284992,0.29657084,0
4.9804397,-0.42717588,-1.169333,0.95682067,0.1432077,-0.25295413,0
-3.4221179,-2.4581752,0.41319156,0.064209223,-0.95284992,-0.29657084,0
-4.6522894,-0.78532028,1.7241459,-0.95682067,-0.1432077,0.25295413,0
-3.4103322,0.72747457,1.8041451,0.28349847,-0.26752317,0.92090178,0
-4.4484153,-0.28755736,0.74295759,-0.28349847,0.26752317,-0.92090178,0
1.5160875,2.1731162,0.090006411,-0.064209223,0.95284992,0.29657084,0
-4.3855405,-2.183671,1.2586703,0.28349847,-0.26752317,0.92090178,0
-4.6428957,-1.057802,1.6054144,-0.95682067,-0.1432077,0.25295413,0
-4.6968884,-1.9195249,0.91332483,-0.95682067,-0.1432077,0.25295413,0
4.6230607,-0.22262955,-2.0308242,-0.28349847,0.26752317,-0.92090178,0
-2.805666,1.5251782,1.2360783,-0.064209223,0.95284992,0.29657084,0
2.6719489,-0.016244173,-1.3702216,-0.28349847,0.26752317,-0.92090178,0
-1.9416256,-1.0485054,-0.24981117,-0.28349847,0.26752317,-0.92090178,0
-4.8127203,-1.6019559,0.65497255,-0.95682067,-0.1432077,0.25295413,0
2.2314787,1.1707959,0.19610572,0.28349847,-0.26752317,0.92090178,0
-3.4136713,-0.55485678,0.34676194,-0.28349847,0.26752317,-0.92090178,0
-1.8386455,0.59868002,1.2828884,0.28349847,-0.26752317,0.92090178,0
4.9354649,-0.57764673,-1.424643,0.95682067,0.1432077,-0.25295413,0
3.9914484,0.1298759,-1.7339792,-0.28349847,0.26752317,-0.92090178,0
-3.2464657,-0.077400923,1.519882,0.28349847,-0.26752317,0.92090178,0
0.68999207,2.0194757,0.40478277,-0.064209223,0.95284992,0.29657084,0
4.0067577,2.5682354,-0.64022493,-0.064209223,0.95284992,0.29657084,0
-3.0580621,1.5238429,1.1857233,-0.064209223,0.95284992,0.29657084,0
-4.7370367,-1.6373245,0.9212265,-0.95682067,-0.1432077,0.25295413,0
-2.6748917,-1.2106447,1.0147145,0.28349847,-0.26752317,0.92090178,0
1.5822551,-0.084836543,0.031205654,0.28349847,-0.26752317,0.92090178,0
-0.7379874,-1.9602225,-0.60554767,0.064209223,-0.95284992,-0.29657084,0
-4.6484127,-2.3586407,0.84808779,-0.95682067,-0.1432077,0.25295413,0
4.8196688,1.8920372,-0.46446037,0.95682067,0.1432077,-0.25295413,0
-4.6654902,-2.1656175,0.89276934,-0.95682067,-0.1432077,0.25295413,0
-3.5937133,-1.0699934,1.3384323,0.28349847,-0.26752317,0.92090178,0
-0.28435862,1.3462059,1.0215602,0.28349847,-0.26752317,0.92090178,0
2.7535641,-1.416716,-1.5958371,0.064209223,-0.95284992,-0.29657084,0
-4.3532238,0.28909612,1.9670634,0.28349847,-0.26752317,0.92090178,0
-1.3817083,1.7037137,0.97075784,-0.064209223,0.95284992,0.29657084,0
3.0996075,-1.3164643,-1.8430128,0.064209223,-0.95284992,-0.29657084,0
-4.9482412,0.072523117,1.0903454,-0.95682067,-0.1432077,0.25295413,0
-3.1140246,-2.4286902,0.38516378,0.064209223,-0.95284992,-0.29657084,0
4.8237152,-1.1432686,-2.0261941,0.064209223,-0.95284992,-0.29657084,0
-4.9994745,0.98942924,1.4156446,-0.95682067,-0.1432077,0.25295413,0
0.037398577,0.86967623,-0.30181712,-0.28349847,0.26752317,-0.92090178,0
4.8828983,-1.0468781,-1.8891292,0.95682067,0.1432077,-0.25295413,0
0.91686904,2.1190231,0.1340676,-0.064209223,0.95284992,0.29657084,0
-0.75030386,-2.1302257,-0.062013075,0.064209223,-0.95284992,-0.29657084,0
4.4578104,-1.3280978,-1.5115776,0.064209223,-0.95284992,-0.29657084,0
4.5595808,2.4972835,-0.29257631,-0.064209223,0.95284992,0.29657084,0
1.6680317,-1.7163539,-0.86815548,0.064209223,-0.95284992,-0.29657084,0
-1.8974867,-2.3101611,0.26772964,0.064209223,-0.95284992,-0.29657084,0
4.7789841,1.1309348,-1.0492468,0.95682067,0.1432077,-0.25295413,0
0.14819968,-1.8517932,-0.7620557,0.064209223,-0.95284992,-0.29657084,0
-2.7886052,-2.3842032,0.31268668,0.064209223,-0.95284992,-0.29657084,0
-2.9058385,1.6320331,0.8710773,-0.064209223,0.95284992,0.29657084,0
0.13266528,1.7707865,-0.069371343,-0.28349847,0.26752317,-0.92090178,0
-1.3836055,-2.1539738,-0.1228258,0.064209223,-0.95284992,-0.29657084,0
-4.0818014,-2.4630249,0.28594732,0.064209223,-0.95284992,-0.29657084,0
4.1176834,-1.2549665,-1.8201799,0.064209223,-0.95284992,-0.29657084,0
0.73807836,-1.1492269,-0.018122435,0.28349847,-0.26752317,0.92090178,0
-1.0981081,-1.9904282,-0.58646774,0.064209223,-0.95284992,-0.29657084,0
4.6552353,0.10740256,-1.9448538,-0.28349847,0.26752317,-0.92090178,0
4.7547412,0.48909831,-1.5043159,0.95682067,0.1432077,-0.25295413,0
4.5659323,1.1916267,-0.51650143,0.28349847,-0.26752317,0.92090178,0
4.6603656,0.61709166,-1.7888374,0.95682067,0.1432077,-0.25295413,0
4.1584606,0.97369367,-0.45437145,0.28349847,-0.26752317,0.92090178,0
4.7983503,0.48178601,-1.3435001,0.95682067,0.1432077,-0.25295413,0
2.5854645,0.78648692,-0.024510622,0.28349847,-0.26752317,0.92090178,0
-3.8940103,0.40052223,1.8580647,0.28349847,-0.26752317,0.92090178,0
-1.9287599,1.5039657,1.494087,-0.064209223,0.95284992,0.29657084,0
-0.10200417,0.6567958,0.76514798,0.28349847,-0.26752317,0.92090178,0
2.6969943,2.2413354,0.12649775,-0.064209223,0.95284992,0.29657084,0
4.7203875,0.54117727,-1.6047778,0.95682067,0.1432077,-0.25295413,0
3.8289258,0.7791366,-0.40944409,0.28349847,-0.26752317,0.92090178,0
-4.9471965,1.0243979,1.6331906,-0.95682067,-0.1432077,0.25295413,0
4.909441,0.66406178,-0.82009602,0.95682067,0.1432077,-0.25295413,0
-1.0757134,1.7228699,0.97545993,-0.064209223,0.95284992,0.29657084,0
-4.6365643,1.359235,1.3728375,-0.064209223,0.95284992,0.29657084,0
3.0532119,1.0232373,-1.185622,-0.28349847,0.26752317,-0.92090178,0
2.522352,-1.4077828,-1.6745954,0.064209223,-0.95284992,-0.29657084,0
-0.46385431,1.9959326,0.23061025,-0.064209223,0.95284992,0.29657084,0
-2.42048,-0.49403319,0.058678389,-0.28349847,0.26752317,-0.92090178,0
1.9208931,1.2885814,0.32593608,0.28349847,-0.26752317,0.92090178,0
-1.9001718,-2.2114413,-0.050028682,0.064209223,-0.95284992,-0.29657084,0
4.7902966,-0.43043542,-1.8904109,0.95682067,0.1432077,-0.25295413,0
-4.8061457,0.59943581,1.9261389,-0.95682067,-0.1432077,0.25295413,0
-1.2538015,1.7470512,0.85921133,-0.064209223,0.95284992,0.29657084,0
4.7579107,0.98450804,-1.2118564,0.95682067,0.1432077,-0.25295413,0
-4.2029185,1.3183589,1.598053,-0.064209223,0.95284992,0.29657084,0
-3.688792,-0.88711184,0.3349371,-0.28349847,0.26752317,-0.92090178,0
-3.2260835,1.4057411,1.5287941,-0.064209223,0.95284992,0.29657084,0
1.0241904,-1.7226527,-0.98731315,0.064209223,-0.95284992,-0.29657084,0
-0.91942298,1.0691621,1.1365823,0.28349847,-0.26752317,0.92090178,0
-4.6899796,-0.51559925,1.7342792,-0.95682067,-0.1432077,0.25295413,0
-3.7429807,-1.8845708,1.147748,0.28349847,-0.26752317,0.92090178,0
4.0614529,2.6447263,-0.87414074,-0.064209223,0.95284992,0.29657084,0
-4.6896057,-2.4452841,0.64321995,-0.95682067,-0.1432077,0.25295413,0
4.5431428,0.21560025,-1.8789148,-0.28349847,0.26752317,-0.92090178,0
-0.73902291,0.42306083,0.89335316,0.28349847,-0.26752317,0.92090178,0
2.9606633,-1.5919585,-0.98796248,0.064209223,-0.95284992,-0.29657084,0
-0.71892893,-2.1241117,-0.074863732,0.064209223,-0.95284992,-0.29657084,0
2.556309,-0.87366742,-0.49781203,0.28349847,-0.26752317,0.92090178,0
-4.8569489,0.7525785,1.8206716,-0.95682067,-0.1432077,0.25295413,0
-3.1484885,-1.2228096,0.071084738,-0.28349847,0.26752317,-0.92090178,0
4.6398087,2.3676155,-0.87555313,0.95682067,0.1432077,-0.25295413,0
-0.083648801,1.3628136,-0.1212959,-0.28349847,0.26752317,-0.92090178,0
0.38707387,1.99517,0.4172903,-0.064209223,0.95284992,0.29657084,0
3.6331825,0.64816284,-1.4731247,-0.28349847,0.26752317,-0.92090178,0
0.96431422,-1.9302783,-0.33319795,0.064209223,-0.95284992,-0.29657084,0
-4.8185921,-0.48605204,1.2645211,-0.95682067,-0.1432077,0.25295413,0
-4.7990718,-1.5813932,0.71823931,-0.95682067,-0.1432077,0.25295413,0
-4.7052994,-2.1301398,0.76227283,-0.95682067,-0.1432077,0.25295413,0
4.7118101,1.1196218,-1.3097415,0.95682067,0.1432077,-0.25295413,0
0.77362728,0.12407267,-0.74506313,-0.28349847,0.26752317,-0.92090178,0
0.39389181,-1.1152278,0.097711861,0.28349847,-0.26752317,0.92090178,0
-4.7263751,-2.2178731,0.63288212,-0.95682067,-0.1432077,0.25295413,0
2.8225842,2.2226925,0.21358657,-0.064209223,0.95284992,0.29657084,0
-2.1188588,-1.5978091,-0.35482359,-0.28349847,0.26752317,-0.92090178,0
4.7596555,0.15813208,-1.6731005,0.95682067,0.1432077,-0.25295413,0
3.3360925,-1.5682153,-0.98296404,0.064209223,-0.95284992,-0.29657084,0
-4.1726208,-0.97597599,0.45806789,-0.28349847,0.26752317,-0.92090178,0
-2.9316809,-1.5177042,-0.081326723,-0.28349847,0.26752317,-0.92090178,0
2.7491913,2.2634885,0.066623449,-0.064209223,0.95284992,0.29657084,0
-2.0989723,-2.3597438,0.38341093,0.064209223,-0.95284992,-0.29657084,0
-0.29372716,1.9668602,0.36084998,-0.064209223,0.95284992,0.29657084,0
0.56442285,1.9029143,-0.16390401,-0.28349847,0.26752317,-0.92090178,0
