-0.46864784,0.69773495,3.3339057,-0.60290927,0.16300024,0.78098094,0
-2.9638963,0.24206124,-0.28447187,-0.79777867,-0.13181299,-0.58836597,0
3.1886096,-0.14701992,-0.04151395,0.79777867,0.13181299,0.58836597,0
1.479859,0.77356315,2.0691786,0.79777867,0.13181299,0.58836597,0
-0.59550655,-1.0915506,-2.6877341,0.0070396326,-0.9777813,0.20950939,0
2.0489984,0.58856332,0.29145211,-0.0070396326,0.9777813,-0.20950939,0
3.1722522,-0.48497409,-1.2911564,0.60290927,-0.16300024,-0.78098094,0
-2.5679636,0.19276042,-0.81028104,-0.79777867,-0.13181299,-0.58836597,0
1.1723795,0.89326942,2.4592791,0.79777867,0.13181299,0.58836597,0
-2.6114194,0.76686954,1.6652787,-0.60290927,0.16300024,0.78098094,0
1.0203019,1.0602521,2.5273905,-0.0070396326,0.9777813,-0.20950939,0
-2.0129061,-0.70797443,-0.84995711,0.0070396326,-0.9777813,0.20950939,0
-3.4937797,-0.13768661,0.51908469,-0.79777867,-0.13181299,-0.58836597,0
3.7811527,0.05944933,-0.93471938,0.60290927,-0.16300024,-0.78098094,0
-1.6244502,0.80067533,2.4201531,-0.60290927,0.16300024,0.78098094,0
-2.5874937,-0.20797533,-0.69402194,-0.79777867,-0.13181299,-0.58836597,0
-2.0142102,-0.31699818,-1.4469252,-0.79777867,-0.13181299,-0.58836597,0
2.5603542,-0.48055816,-1.764457,0.60290927,-0.16300024,-0.78098094,0
2.4233427,-0.5118463,-0.083687127,0.0070396326,-0.9777813,0.20950939,0
1.9902421,-0.42846608,-2.2154503,0.60290927,-0.16300024,-0.78098094,0
1.9253148,0.22665265,1.5877008,0.79777867,0.13181299,0.58836597,0
0.48313886,-0.28437606,1.0431097,0.0070396326,-0.9777813,0.20950939,0
-3.3012664,0.29372507,0.16140163,-0.79777867,-0.13181299,-0.58836597,0
-3.2774987,-0.44023538,0.293605,-0.79777867,-0.13181299,-0.58836597,0
2.0540805,0.67491329,0.69427735,-0.0070396326,0.9777813,-0.20950939,0
-3.287746,-0.46139732,0.34365472,0.0070396326,-0.9777813,0.20950939,0
0.18056396,0.31436202,-0.92546594,-0.0070396326,0.9777813,-0.20950939,0
0.11270893,-1.1670623,-3.0639441,0.0070396326,-0.9777813,0.20950939,0
-1.5961512,0.88986033,1.820086,-0.0070396326,0.9777813,-0.20950939,0
2.0714896,-0.47785938,-2.1424189,0.60290927,-0.16300024,-0.78098094,0
-0.96408474,-0.10915466,1.9094963,0.0070396326,-0.9777813,0.20950939,0
-0.8187077,-0.56991839,-0.24577481,0.0070396326,-0.9777813,0.20950939,0
1.2979684,0.40678042,-0.53169423,-0.0070396326,0.9777813,-0.20950939,0
2.1616416,0.59849358,0.33401191,-0.0070396326,0.9777813,-0.20950939,0
2.8247337,0.46814042,0.31405729,0.79777867,0.13181299,0.58836597,0
2.8130555,0.23645031,0.38179812,0.79777867,0.13181299,0.58836597,0
1.268139,0.091402873,2.5090806,0.79777867,0.13181299,0.58836597,0
-3.1855247,0.46440101,-0.033772081,-0.79777867,-0.13181299,-0.58836597,0
-1.3102996,-0.71536762,-2.3121259,-0.79777867,-0.13181299,-0.58836597,0
-0.018588632,0.10163866,2.8615003,0.0070396326,-0.9777813,0.20950939,0
2.1902113,0.67662716,1.1277126,0.79777867,0.13181299,0.58836597,0
-0.96413022,-0.22252841,1.3803819,0.0070396326,-0.9777813,0.20950939,0
-1.1098998,0.53179401,2.8734994,-0.60290927,0.16300024,0.78098094,0
2.6400652,-0.52222323,-1.6942251,0.60290927,-0.16300024,-0.78098094,0
1.4755545,0.2571061,-1.236192,-0.0070396326,0.9777813,-0.20950939,0
0.80081379,1.030571,2.9323332,0.79777867,0.13181299,0.58836597,0
-0.024121881,-0.41593912,-3.773133,0.60290927,-0.16300024,-0.78098094,0
-1.0683225,-0.086819716,2.017236,0.0070396326,-0.9777813,0.20950939,0
-0.19100097,-0.075103991,-2.7306206,-0.0070396326,0.9777813,-0.20950939,0
-1.2167276,1.0744855,2.6777632,-0.60290927,0.16300024,0.78098094,0
2.2820938,-0.011311613,-2.077209,0.60290927,-0.16300024,-0.78098094,0
-1.6713066,-0.48330557,-1.8746178,-0.79777867,-0.13181299,-0.58836597,0
2.6086843,0.26794434,-1.2236836,-0.0070396326,0.9777813,-0.20950939,0
0.93145055,0.55648202,2.8614111,0.79777867,0.13181299,0.58836597,0
-2.0498464,0.34217981,2.1874452,-0.60290927,0.16300024,0.78098094,0
2.6495705,-0.56700552,-1.6775405,0.60290927,-0.16300024,-0.78098094,0
0.83232111,-0.82693857,-3.0261872,0.60290927,-0.16300024,-0.78098094,0
-3.3843501,0.047252029,0.32927456,-0.79777867,-0.13181299,-0.58836597,0
-1.5042669,0.079635203,2.6634235,-0.60290927,0.16300024,0.78098094,0
1.3410181,0.95629823,2.2164977,0.79777867,0.13181299,0.58836597,0
-1.2658502,-0.79579711,-2.354377,-0.79777867,-0.13181299,-0.58836597,0
0.88367045,0.99957889,2.2488191,-0.0070396326,0.9777813,-0.20950939,0
1.9575522,0.25206313,1.5382965,0.79777867,0.13181299,0.58836597,0
-2.3653429,0.80526561,1.4511271,-0.0070396326,0.9777813,-0.20950939,0
-1.5888858,-0.39572889,-2.0059941,-0.79777867,-0.13181299,-0.58836597,0
3.3408267,-0.57058907,-0.38866752,0.0070396326,-0.9777813,0.20950939,0
-2.8877785,0.16691378,1.5771502,-0.60290927,0.16300024,0.78098094,0
-1.8025372,0.74967575,1.1727788,-0.0070396326,0.9777813,-0.20950939,0
-0.23302352,0.34011352,-0.79138672,-0.0070396326,0.9777813,-0.20950939,0
0.59325629,-0.56339353,-0.26276624,0.0070396326,-0.9777813,0.20950939,0
0.45439625,-0.23328677,1.2825094,0.0070396326,-0.9777813,0.20950939,0
0.99840963,0.7283507,0.979141,-0.0070396326,0.9777813,-0.20950939,0
-2.5244086,-0.18599443,1.6033124,0.0070396326,-0.9777813,0.20950939,0
2.8171375,0.45267573,0.32782191,0.79777867,0.13181299,0.58836597,0
-2.2602229,0.61459565,0.55773795,-0.0070396326,0.9777813,-0.20950939,0
3.7174382,0.10896962,-0.99424195,0.60290927,-0.16300024,-0.78098094,0
-0.24709117,-1.2750164,-3.6283746,-0.79777867,-0.13181299,-0.58836597,0
-1.5886438,-0.56509674,-1.9683782,-0.79777867,-0.13181299,-0.58836597,0
-1.3675957,0.82300347,2.6137819,-0.60290927,0.16300024,0.78098094,0
3.331903,-0.41783446,-1.1819206,0.60290927,-0.16300024,-0.78098094,0
3.1352558,-0.72710395,-1.2691817,0.60290927,-0.16300024,-0.78098094,0
0.81590712,0.23932259,3.0891333,0.79777867,0.13181299,0.58836597,0
-0.33326986,-0.18391521,-3.2336626,-0.0070396326,0.9777813,-0.20950939,0
0.32392907,0.83214343,3.6234064,0.79777867,0.13181299,0.58836597,0
3.1381059,0.49993539,-0.1179741,0.79777867,0.13181299,0.58836597,0
3.2152336,0.31027398,-0.18006295,0.79777867,0.13181299,0.58836597,0
2.1435251,-0.64403766,-0.69122255,0.0070396326,-0.9777813,0.20950939,0
-2.0843849,0.2209903,-1.2851286,-0.0070396326,0.9777813,-0.20950939,0
-0.75931859,-1.0006206,-2.9953074,-0.79777867,-0.13181299,-0.58836597,0
2.5218346,0.18252854,-1.6194015,-0.0070396326,0.9777813,-0.20950939,0
-1.1347294,0.96501541,2.7639127,-0.60290927,0.16300024,0.78098094,0
-2.858743,0.75951761,1.4758818,-0.60290927,0.16300024,0.78098094,0
-2.3940125,-0.082474895,2.0103831,-0.60290927,0.16300024,0.78098094,0
1.751694,0.32155174,1.8018566,0.79777867,0.13181299,0.58836597,0
0.86262333,-0.25444296,1.1700568,0.0070396326,-0.9777813,0.20950939,0
-0.096356839,0.65168995,3.6309204,-0.60290927,0.16300024,0.78098094,0
2.8765798,0.3673639,-0.76869345,-0.0070396326,0.9777813,-0.20950939,0
-0.42904547,0.3673743,3.4334288,-0.60290927,0.16300024,0.78098094,0
-3.0024991,0.093424514,1.5039251,-0.60290927,0.16300024,0.78098094,0
3.7536955,-0.31958359,-0.76906735,0.79777867,0.13181299,0.58836597,0
-0.7741555,0.83972102,3.0684226,-0.60290927,0.16300024,0.78098094,0
0.72892576,-0.25506425,-3.2253647,0.60290927,-0.16300024,-0.78098094,0
2.8131354,0.13454616,0.40451962,0.79777867,0.13181299,0.58836597,0
-2.714469,0.28627157,-0.6325804,-0.79777867,-0.13181299,-0.58836597,0
2.1159177,0.09936177,1.3577756,0.79777867,0.13181299,0.58836597,0
1.7640122,-0.36207101,0.63746893,0.0070396326,-0.9777813,0.20950939,0
-1.575904,0.30631292,2.5608096,-0.60290927,0.16300024,0.78098094,0
1.5966151,-0.896694,-2.4216013,0.60290927,-0.16300024,-0.78098094,0
2.6439574,0.52721763,0.54594082,0.79777867,0.13181299,0.58836597,0
-0.59721935,-0.36451578,0.70539784,0.0070396326,-0.9777813,0.20950939,0
-3.34588,0.1387095,1.229387,-0.60290927,0.16300024,0.78098094,0
0.012160785,0.69892871,0.87496692,-0.0070396326,0.9777813,-0.20950939,0
-0.42116806,-0.11796805,-2.9229338,-0.0070396326,0.9777813,-0.20950939,0
1.7308578,0.12974632,-1.8391588,-0.0070396326,0.9777813,-0.20950939,0
-1.5900522,-0.33361304,-2.018328,-0.79777867,-0.13181299,-0.58836597,0
-0.1964626,0.039336652,-2.1963422,-0.0070396326,0.9777813,-0.20950939,0
0.57730675,-0.40573344,-3.3109665,0.60290927,-0.16300024,-0.78098094,0
0.11572014,0.097411647,-1.9357955,-0.0070396326,0.9777813,-0.20950939,0
-0.62571979,-0.66290921,-3.2521152,-0.79777867,-0.13181299,-0.58836597,0
-2.0421674,0.30909935,-0.87534165,-0.0070396326,0.9777813,-0.20950939,0
-1.2714946,0.78739136,2.6954036,-0.60290927,0.16300024,0.78098094,0
2.5797882,0.53671443,0.63082194,0.79777867,0.13181299,0.58836597,0
-1.580191,0.10737218,-1.8323261,-0.0070396326,0.9777813,-0.20950939,0
-3.7536504,0.11615735,0.8145802,-0.79777867,-0.13181299,-0.58836597,0
-2.3360031,-0.13785392,-1.0507331,-0.79777867,-0.13181299,-0.58836597,0
-3.0033178,0.59065348,1.3995156,-0.60290927,0.16300024,0.78098094,0
-3.0070992,-0.2027819,1.5411842,0.0070396326,-0.9777813,0.20950939,0
-1.2363667,-0.56820285,-2.4453428,-0.79777867,-0.13181299,-0.58836597,0
-0.39887685,1.0431144,3.3156831,-0.60290927,0.16300024,0.78098094,0
-3.4685781,0.1298103,0.42498541,-0.79777867,-0.13181299,-0.58836597,0
1.8380034,0.77439022,1.5833774,0.79777867,0.13181299,0.58836597,0
2.4648235,-0.46193832,-1.842092,0.60290927,-0.16300024,-0.78098094,0
2.1712828,-0.15955913,1.340711,0.79777867,0.13181299,0.58836597,0
-1.4529254,0.96025109,2.519263,-0.60290927,0.16300024,0.78098094,0
-2.9166758,0.3285796,1.5211003,-0.60290927,0.16300024,0.78098094,0
-1.8411509,0.53851777,0.18860081,-0.0070396326,0.9777813,-0.20950939,0
-3.5151989,0.079554752,0.49945861,-0.79777867,-0.13181299,-0.58836597,0
1.9932415,-0.57026625,-2.1835389,0.60290927,-0.16300024,-0.78098094,0
3.1399274,-0.52370822,-1.3080266,0.60290927,-0.16300024,-0.78098094,0
-3.0857277,-0.28623623,-0.00092232227,-0.79777867,-0.13181299,-0.58836597,0
0.81189835,-0.4435364,-3.1219742,0.60290927,-0.16300024,-0.78098094,0
2.32811,-0.29543805,0.9294911,0.0070396326,-0.9777813,0.20950939,0
-1.726468,-0.85763395,-1.7159615,-0.79777867,-0.13181299,-0.58836597,0
-1.7402276,0.027264498,2.4921947,-0.60290927,0.16300024,0.78098094,0
2.9349875,0.54945409,0.14634471,0.79777867,0.13181299,0.58836597,0
-1.7332422,0.17422661,-1.5151734,-0.0070396326,0.9777813,-0.20950939,0
-0.066855669,1.2340809,3.3751795,-0.0070396326,0.9777813,-0.20950939,0
-2.0891526,-0.025231853,-1.4106742,-0.79777867,-0.13181299,-0.58836597,0
2.2725809,0.64261621,0.53620481,-0.0070396326,0.9777813,-0.20950939,0
3.5143719,-0.10837959,-1.1056435,0.60290927,-0.16300024,-0.78098094,0
-3.2679071,0.32732469,0.10864154,-0.79777867,-0.13181299,-0.58836597,0
-2.7872601,0.64495075,1.5549775,-0.60290927,0.16300024,0.78098094,0
-2.856997,-0.39813742,0.62441552,0.0070396326,-0.9777813,0.20950939,0
-2.1628554,0.30701086,2.1075435,-0.60290927,0.16300024,0.78098094,0
1.0540202,-0.53625137,-0.15157537,0.0070396326,-0.9777813,0.20950939,0
1.3487701,-0.65355432,-2.663681,0.60290927,-0.16300024,-0.78098094,0
2.6120634,0.51098973,0.59282202,0.79777867,0.13181299,0.58836597,0
0.39485991,-0.053256769,-2.6483448,-0.0070396326,0.9777813,-0.20950939,0
-0.28016216,-0.25516713,-3.5679801,-0.0070396326,0.9777813,-0.20950939,0
-0.00029230118,-0.31352338,-3.7761123,0.60290927,-0.16300024,-0.78098094,0
0.36912709,0.051901039,2.6163473,0.0070396326,-0.9777813,0.20950939,0
-0.4025563,-0.8539629,-3.5119054,-0.79777867,-0.13181299,-0.58836597,0
0.48171228,-0.93417764,-1.9894695,0.0070396326,-0.9777813,0.20950939,0
2.4442382,-0.30738696,-1.8902407,0.60290927,-0.16300024,-0.78098094,0
-3.7311125,-0.10815217,0.98351467,-0.60290927,0.16300024,0.78098094,0
0.10302445,-0.31646919,0.9061029,0.0070396326,-0.9777813,0.20950939,0
-1.836779,-0.18327361,-1.7174668,-0.79777867,-0.13181299,-0.58836597,0
0.25632998,0.85641295,1.6017425,-0.0070396326,0.9777813,-0.20950939,0
-1.5068146,0.61034524,0.51258594,-0.0070396326,0.9777813,-0.20950939,0
0.97568512,0.38920176,2.8389087,0.79777867,0.13181299,0.58836597,0
0.74765813,-0.12928262,1.7580434,0.0070396326,-0.9777813,0.20950939,0
0.48574859,-0.13332236,-3.0250652,-0.0070396326,0.9777813,-0.20950939,0
-1.530757,-0.51565146,-2.0579455,-0.79777867,-0.13181299,-0.58836597,0
-0.29940546,-0.77315331,-3.669874,-0.79777867,-0.13181299,-0.58836597,0
0.053815722,0.3551963,3.8087342,-0.60290927,0.16300024,0.78098094,0
-0.70473361,0.8316409,3.123702,-0.60290927,0.16300024,0.78098094,0
2.5073965,0.67636609,0.69769281,0.79777867,0.13181299,0.58836597,0
-0.58104241,-0.66623354,-3.3119497,-0.79777867,-0.13181299,-0.58836597,0
-0.96305132,0.2439703,-1.2155583,-0.0070396326,0.9777813,-0.20950939,0
-0.096196562,0.99132174,3.560159,-0.60290927,0.16300024,0.78098094,0
-1.2734138,0.62330747,2.7281685,-0.60290927,0.16300024,0.78098094,0
-3.2317615,0.51316905,1.2393312,-0.60290927,0.16300024,0.78098094,0
-0.92014027,-0.41183996,-2.9091516,-0.79777867,-0.13181299,-0.58836597,0
-2.7812986,-0.16549149,-0.44075513,-0.79777867,-0.13181299,-0.58836597,0
0.39663577,-0.1344059,1.7459278,0.0070396326,-0.9777813,0.20950939,0
2.1376789,0.0904961,1.330255,0.79777867,0.13181299,0.58836597,0
2.1457679,0.21374513,1.2916751,0.79777867,0.13181299,0.58836597,0
-0.17552763,-0.31971511,-3.8727419,-0.0070396326,0.9777813,-0.20950939,0
1.0066512,-0.90091914,-2.8761654,0.60290927,-0.16300024,-0.78098094,0
0.57992476,0.024840159,-2.2900844,-0.0070396326,0.9777813,-0.20950939,0
-2.999671,-0.41782147,-0.088128895,-0.79777867,-0.13181299,-0.58836597,0
-1.1779252,0.96029431,2.1347487,-0.0070396326,0.9777813,-0.20950939,0
-2.0828869,-0.61995173,-0.43680346,0.0070396326,-0.9777813,0.20950939,0
0.12164515,0.40237769,3.8512506,-0.60290927,0.16300024,0.78098094,0
3.3933985,0.11633714,-1.245935,0.60290927,-0.16300024,-0.78098094,0
2.7204998,0.38059545,-0.70169735,-0.0070396326,0.9777813,-0.20950939,0
-0.29723811,0.54893827,0.18535699,-0.0070396326,0.9777813,-0.20950939,0
-0.38722798,0.5464344,0.17669505,-0.0070396326,0.9777813,-0.20950939,0
-1.0927941,0.90007442,1.8508422,-0.0070396326,0.9777813,-0.20950939,0
-0.47845477,-1.043003,-2.465095,0.0070396326,-0.9777813,0.20950939,0
0.096635573,-0.74150068,-1.077306,0.0070396326,-0.9777813,0.20950939,0
0.4828254,0.4249123,3.4991882,0.79777867,0.13181299,0.58836597,0
2.7575586,-0.79268879,-1.4056098,0.0070396326,-0.9777813,0.20950939,0
1.9301088,-0.95586675,-2.1393592,0.0070396326,-0.9777813,0.20950939,0
-3.3325844,-0.41059387,0.5822612,0.0070396326,-0.9777813,0.20950939,0
-2.1189044,-0.42824405,0.45910737,0.0070396326,-0.9777813,0.20950939,0
3.1832614,-0.50672758,-1.2781172,0.60290927,-0.16300024,-0.78098094,0
-0.047351003,0.99863535,3.5963409,-0.60290927,0.16300024,0.78098094,0
-1.2332913,-0.97968876,-2.3573267,-0.79777867,-0.13181299,-0.58836597,0
-2.3588009,0.29685506,1.9583952,-0.60290927,0.16300024,0.78098094,0
0.33292502,-0.015860505,2.3013203,0.0070396326,-0.9777813,0.20950939,0
-3.5997782,-0.32130203,0.70394617,-0.79777867,-0.13181299,-0.58836597,0
-2.7098863,-0.40330273,-0.48430759,-0.79777867,-0.13181299,-0.58836597,0
2.9769588,-0.40031165,0.3022134,0.79777867,0.13181299,0.58836597,0
2.5167449,-0.45924434,0.15866847,0.0070396326,-0.9777813,0.20950939,0
0.71119231,0.54384637,0.12770921,-0.0070396326,0.9777813,-0.20950939,0
0.79770517,0.31256646,-0.95458198,-0.0070396326,0.9777813,-0.20950939,0
2.8067255,-0.42588395,0.30461803,0.0070396326,-0.9777813,0.20950939,0
2.7481093,0.61221045,0.38567781,0.79777867,0.13181299,0.58836597,0
3.4017928,-0.076393962,-1.1992292,0.60290927,-0.16300024,-0.78098094,0
2.0773447,0.79477364,1.2542826,0.79777867,0.13181299,0.58836597,0
-2.0894709,0.48158294,2.1277604,-0.60290927,0.16300024,0.78098094,0
-0.70103174,0.93242675,3.1055245,-0.60290927,0.16300024,0.78098094,0
-2.4695749,0.53888845,0.21144611,-0.0070396326,0.9777813,-0.20950939,0
-0.66024452,-0.2858761,1.0745274,0.0070396326,-0.9777813,0.20950939,0
-0.6844281,0.5193876,3.2045488,-0.60290927,0.16300024,0.78098094,0
-0.075844795,0.072293729,2.7264714,0.0070396326,-0.9777813,0.20950939,0
-2.8593676,0.54791564,0.26667342,-0.0070396326,0.9777813,-0.20950939,0
0.17837492,-0.43005893,-3.6138604,0.60290927,-0.16300024,-0.78098094,0
-2.2706387,0.64275593,1.9542619,-0.60290927,0.16300024,0.78098094,0
-2.5451753,-0.54013574,-0.048768505,0.0070396326,-0.9777813,0.20950939,0
-0.78070134,-0.62947643,-3.0494626,-0.79777867,-0.13181299,-0.58836597,0
0.11169928,0.22636057,3.4392004,0.0070396326,-0.9777813,0.20950939,0
-0.39394152,-1.2043201,-3.2208023,0.0070396326,-0.9777813,0.20950939,0
1.6293991,0.2853741,1.9757841,0.79777867,0.13181299,0.58836597,0
3.5492055,-0.31618688,-1.0353802,0.60290927,-0.16300024,-0.78098094,0
3.1001458,0.4976199,-0.065984607,0.79777867,0.13181299,0.58836597,0
0.090764627,-0.81638837,-1.42661,0.0070396326,-0.9777813,0.20950939,0
-1.5447605,-0.043527402,-2.1447289,-0.79777867,-0.13181299,-0.58836597,0
0.26512879,-0.036784805,2.2059445,0.0070396326,-0.9777813,0.20950939,0
-2.4621511,0.70743585,1.7929168,-0.60290927,0.16300024,0.78098094,0
1.2063911,-0.72330886,-2.759038,0.60290927,-0.16300024,-0.78098094,0
2.357965,-0.42950463,0.30279899,0.0070396326,-0.9777813,0.20950939,0
-0.46581581,0.12446836,-1.7899817,-0.0070396326,0.9777813,-0.20950939,0
-1.3067458,-0.43622476,0.3945722,0.0070396326,-0.9777813,0.20950939,0
0.34397644,-0.62632561,-3.445055,0.60290927,-0.16300024,-0.78098094,0
-2.6836426,0.42814684,1.6802187,-0.60290927,0.16300024,0.78098094,0
0.51061004,0.52880478,3.4382389,0.79777867,0.13181299,0.58836597,0
0.37975451,-0.40376872,-3.4638844,0.60290927,-0.16300024,-0.78098094,0
3.1119611,-0.14723429,-1.4081912,0.60290927,-0.16300024,-0.78098094,0
-2.6928978,-0.20023128,1.5425304,0.0070396326,-0.9777813,0.20950939,0
0.27866411,-0.73542124,-1.0550495,0.0070396326,-0.9777813,0.20950939,0
2.6870854,-0.62265217,-1.6369653,0.60290927,-0.16300024,-0.78098094,0
-1.7574556,0.07584779,-1.8830748,-0.79777867,-0.13181299,-0.58836597,0
-1.6219022,0.63114655,0.61353266,-0.0070396326,0.9777813,-0.20950939,0
-2.2945926,-0.24940522,1.2996523,0.0070396326,-0.9777813,0.20950939,0
3.1737475,0.12118196,-0.081448138,0.79777867,0.13181299,0.58836597,0
0.37132969,-0.75890338,-3.3962674,0.60290927,-0.16300024,-0.78098094,0
1.3992966,-0.086151242,1.9374422,0.0070396326,-0.9777813,0.20950939,0
-1.2355965,0.18475834,-1.482743,-0.0070396326,0.9777813,-0.20950939,0
-2.6525502,-0.56440353,-0.52595878,-0.79777867,-0.13181299,-0.58836597,0
-0.49088967,-0.39039347,-3.4959867,-0.79777867,-0.13181299,-0.58836597,0
3.7757792,0.13298735,-0.95421576,0.60290927,-0.16300024,-0.78098094,0
-1.328686,-0.26083577,1.2138506,0.0070396326,-0.9777813,0.20950939,0
-0.59752148,-1.0278198,-3.2085981,-0.79777867,-0.13181299,-0.58836597,0
0.74242198,-0.53269339,-0.12450016,0.0070396326,-0.9777813,0.20950939,0
2.2423306,-0.89433175,-1.8626661,0.0070396326,-0.9777813,0.20950939,0
0.17766401,-0.03656821,-2.5631614,-0.0070396326,0.9777813,-0.20950939,0
2.4488549,-0.72064763,-1.0590209,0.0070396326,-0.9777813,0.20950939,0
-0.62756932,-1.0189961,-2.3480451,0.0070396326,-0.9777813,0.20950939,0
-1.2923912,-0.93364501,-2.2875071,-0.79777867,-0.13181299,-0.58836597,0
-0.76449859,-1.1303434,-2.9592218,-0.79777867,-0.13181299,-0.58836597,0
0.36646584,0.0057725906,-2.3719006,-0.0070396326,0.9777813,-0.20950939,0
0.7259419,0.73320198,1.010937,-0.0070396326,0.9777813,-0.20950939,0
2.4542489,-0.13759421,-1.91795,0.60290927,-0.16300024,-0.78098094,0
1.1333659,-0.75743514,-2.80829,0.60290927,-0.16300024,-0.78098094,0
-0.087035894,1.1917064,3.1780953,-0.0070396326,0.9777813,-0.20950939,0
3.1491153,0.14069451,-0.052420527,0.79777867,0.13181299,0.58836597,0
3.1146851,0.14544392,-1.4671736,0.60290927,-0.16300024,-0.78098094,0
-1.2502871,0.1156588,2.8519745,-0.60290927,0.16300024,0.78098094,0
-0.54955709,-0.34314167,-3.4270244,-0.79777867,-0.13181299,-0.58836597,0
-0.621912,-0.39195693,-3.3179805,-0.79777867,-0.13181299,-0.58836597,0
-0.49215448,0.60812753,3.334461,-0.60290927,0.16300024,0.78098094,0
-1.2204945,0.24708216,2.8475442,-0.60290927,0.16300024,0.78098094,0
-3.1353121,-0.26676357,0.061947823,-0.79777867,-0.13181299,-0.58836597,0
3.1344852,-0.52894092,-0.18736216,0.0070396326,-0.9777813,0.20950939,0
3.6694992,-0.5383389,-0.6058954,0.79777867,0.13181299,0.58836597,0
-1.813879,-0.53049976,-0.028369591,0.0070396326,-0.9777813,0.20950939,0
-0.13096838,-0.52321917,-0.050937865,0.0070396326,-0.9777813,0.20950939,0
2.6135213,0.34060884,-0.88472068,-0.0070396326,0.9777813,-0.20950939,0
1.4054575,-1.0170237,-2.4071507,0.0070396326,-0.9777813,0.20950939,0
0.787175,0.47366962,3.0755904,0.79777867,0.13181299,0.58836597,0
-2.3155649,0.56578672,1.9356437,-0.60290927,0.16300024,0.78098094,0
-1.3107772,-0.4286713,-2.3757071,-0.79777867,-0.13181299,-0.58836597,0
1.3334719,-0.50967544,-2.7055206,0.60290927,-0.16300024,-0.78098094,0
1.9074383,0.766945,1.4908971,0.79777867,0.13181299,0.58836597,0
-2.3509676,0.066507205,-1.0762258,-0.79777867,-0.13181299,-0.58836597,0
-0.47240087,-0.10865101,1.8953259,0.0070396326,-0.9777813,0.20950939,0
1.549426,0.35239598,-0.7939558,-0.0070396326,0.9777813,-0.20950939,0
1.985289,-0.83520567,-1.5780879,0.0070396326,-0.9777813,0.20950939,0
2.1254902,-0.44979179,-2.1065891,0.60290927,-0.16300024,-0.78098094,0
0.90877849,0.76899612,2.844543,0.79777867,0.13181299,0.58836597,0
2.5411949,-0.58476806,-0.42797318,0.0070396326,-0.9777813,0.20950939,0
-2.0925951,0.69747514,2.0802889,-0.60290927,0.16300024,0.78098094,0
-3.1125548,-0.077053949,1.4545443,-0.60290927,0.16300024,0.78098094,0
3.562979,0.13146292,-0.61151898,0.79777867,0.13181299,0.58836597,0
-3.3433402,-0.026400924,0.29016867,-0.79777867,-0.13181299,-0.58836597,0
-1.3370756,-0.68234658,-0.75306016,0.0070396326,-0.9777813,0.20950939,0
1.4993165,0.23436135,-1.3431401,-0.0070396326,0.9777813,-0.20950939,0
1.7546723,-0.2141089,-2.4420466,0.60290927,-0.16300024,-0.78098094,0
-1.5218267,-0.43969908,-2.08707,-0.79777867,-0.13181299,-0.58836597,0
-1.5382881,0.062683694,2.640697,-0.60290927,0.16300024,0.78098094,0
-1.5002097,0.80657262,1.428158,-0.0070396326,0.9777813,-0.20950939,0
3.7924466,-0.36892343,-0.83659363,0.60290927,-0.16300024,-0.78098094,0
-1.853526,-0.021431074,-1.7310171,-0.79777867,-0.13181299,-0.58836597,0
0.20716625,-0.9406634,-2.0105133,0.0070396326,-0.9777813,0.20950939,0
-1.6192094,0.42498443,-0.34871718,-0.0070396326,0.9777813,-0.20950939,0
-3.1137097,0.21695396,-0.075711727,-0.79777867,-0.13181299,-0.58836597,0
2.3726435,-0.18333034,1.0730075,0.79777867,0.13181299,0.58836597,0
-1.176829,0.96856827,2.7306709,-0.60290927,0.16300024,0.78098094,0
-2.5605147,0.26814103,1.8086672,-0.60290927,0.16300024,0.78098094,0
-1.8959086,0.91400015,1.942819,-0.0070396326,0.9777813,-0.20950939,0
-0.14368397,-0.64214075,-0.60551786,0.0070396326,-0.9777813,0.20950939,0
0.30607122,0.4062869,-0.50066924,-0.0070396326,0.9777813,-0.20950939,0
2.8278215,-0.019479617,0.41911316,0.79777867,0.13181299,0.58836597,0
1.8449559,0.26033199,1.689116,0.79777867,0.13181299,0.58836597,0
1.6795338,-0.26232317,-2.4899898,0.60290927,-0.16300024,-0.78098094,0
-2.1220765,0.44043228,2.1111777,-0.60290927,0.16300024,0.78098094,0
-2.2956829,0.13507746,-1.1665497,-0.79777867,-0.13181299,-0.58836597,0
1.109575,0.26564169,-1.1840591,-0.0070396326,0.9777813,-0.20950939,0
1.746341,0.86145329,1.5752004,-0.0070396326,0.9777813,-0.20950939,0
-0.19926828,-0.52403826,-3.8614621,-0.79777867,-0.13181299,-0.58836597,0
2.3840184,0.34931928,0.93825293,0.79777867,0.13181299,0.58836597,0
-3.4136937,-0.12447584,0.40753454,-0.79777867,-0.13181299,-0.58836597,0
-2.6306858,0.12404859,1.7845697,-0.60290927,0.16300024,0.78098094,0
0.3671762,-0.18677616,1.5025053,0.0070396326,-0.9777813,0.20950939,0
3.364064,-0.17802002,-0.27247182,0.79777867,0.13181299,0.58836597,0
2.275418,-0.36968875,-2.0075648,0.60290927,-0.16300024,-0.78098094,0
0.96176887,0.54714346,0.13467708,-0.0070396326,0.9777813,-0.20950939,0
-3.2215734,0.72590786,1.2027953,-0.60290927,0.16300024,0.78098094,0
-3.6843581,0.12032859,0.71969056,-0.79777867,-0.13181299,-0.58836597,0
-1.9989779,0.57704854,0.37372738,-0.0070396326,0.9777813,-0.20950939,0
-1.6120052,0.011973605,-2.0659842,-0.79777867,-0.13181299,-0.58836597,0
-3.4467225,0.42426485,1.0919392,-0.60290927,0.16300024,0.78098094,0
2.3444369,0.09505938,-2.0216596,-0.0070396326,0.9777813,-0.20950939,0
1.1470984,0.51714021,2.5778232,0.79777867,0.13181299,0.58836597,0
3.4621243,0.24292701,-0.49974,0.79777867,0.13181299,0.58836597,0
-2.7598054,0.29855335,-0.5738591,-0.79777867,-0.13181299,-0.58836597,0
-1.6142464,0.41781774,2.5079374,-0.60290927,0.16300024,0.78098094,0
-2.1449237,-0.046762943,-1.3302292,-0.79777867,-0.13181299,-0.58836597,0
-3.0453045,-0.17157482,1.5261886,-0.60290927,0.16300024,0.78098094,0
-0.4431003,-0.9185288,-1.8853616,0.0070396326,-0.9777813,0.20950939,0
-1.0157187,-0.90597737,-2.6688519,-0.79777867,-0.13181299,-0.58836597,0
-1.5293016,0.35876045,2.5858397,-0.60290927,0.16300024,0.78098094,0
-0.25913197,1.1690766,3.0782642,-0.0070396326,0.9777813,-0.20950939,0
1.4088366,-0.63733035,-2.6206965,0.60290927,-0.16300024,-0.78098094,0
1.3626112,0.29520795,-1.0545754,-0.0070396326,0.9777813,-0.20950939,0
-0.7870599,-0.24193183,-3.1276631,-0.79777867,-0.13181299,-0.58836597,0
0.3883571,-0.088143118,1.9621145,0.0070396326,-0.9777813,0.20950939,0
-1.4844645,-0.79454339,-1.2717308,0.0070396326,-0.9777813,0.20950939,0
-2.540601,-0.30382946,-0.73613024,-0.79777867,-0.13181299,-0.58836597,0
-0.71603072,0.89815766,1.8292372,-0.0070396326,0.9777813,-0.20950939,0
2.307843,0.1064191,-1.9674139,-0.0070396326,0.9777813,-0.20950939,0
1.6914659,-0.02989094,1.9622558,0.79777867,0.13181299,0.58836597,0
2.2270889,-0.05899781,1.2425132,0.79777867,0.13181299,0.58836597,0
0.78068995,0.45150989,3.0893481,0.79777867,0.13181299,0.58836597,0
-1.189926,0.19365846,-1.4427407,-0.0070396326,0.9777813,-0.20950939,0
-3.4197686,0.087034389,1.183131,-0.60290927,0.16300024,0.78098094,0
-0.7811029,0.31794772,3.1719599,-0.60290927,0.16300024,0.78098094,0
3.0574651,-0.53291881,-1.3697643,0.60290927,-0.16300024,-0.78098094,0
1.4461442,-0.43201345,-2.6347477,0.60290927,-0.16300024,-0.78098094,0
-0.90584898,-1.0423734,-2.4477963,0.0070396326,-0.9777813,0.20950939,0
3.5800779,0.17920902,-1.1149423,0.60290927,-0.16300024,-0.78098094,0
-3.4886432,0.63372445,1.0158601,-0.60290927,0.16300024,0.78098094,0
1.9482832,-0.85978436,-2.1578207,0.60290927,-0.16300024,-0.78098094,0
2.1920347,0.67268705,0.67925209,-0.0070396326,0.9777813,-0.20950939,0
0.98413694,0.70233476,0.85820383,-0.0070396326,0.9777813,-0.20950939,0
3.1619415,-0.14033659,-1.3710462,0.60290927,-0.16300024,-0.78098094,0
-1.5745894,-0.86479682,-1.9202924,-0.79777867,-0.13181299,-0.58836597,0
-0.89628088,-1.1044626,-2.7863333,-0.79777867,-0.13181299,-0.58836597,0
1.6090961,0.35030183,1.9887674,0.79777867,0.13181299,0.58836597,0
1.6885175,-0.3653115,-2.4615595,0.60290927,-0.16300024,-0.78098094,0
-2.3671403,0.48619881,1.9124389,-0.60290927,0.16300024,0.78098094,0
-2.7468483,0.50139844,1.6161361,-0.60290927,0.16300024,0.78098094,0
2.826786,-0.60931134,-1.5319021,0.60290927,-0.16300024,-0.78098094,0
-1.0857857,0.26845196,2.947078,-0.60290927,0.16300024,0.78098094,0
0.44217455,0.69307357,3.4942307,0.79777867,0.13181299,0.58836597,0
-1.2466394,0.84490323,2.7025881,-0.60290927,0.16300024,0.78098094,0
-3.0014417,0.62135965,1.3945549,-0.60290927,0.16300024,0.78098094,0
0.73750728,1.0729861,3.0086699,0.79777867,0.13181299,0.58836597,0
3.2863421,-0.47864765,-1.2044005,0.60290927,-0.16300024,-0.78098094,0
-2.0264695,0.67946237,2.135097,-0.60290927,0.16300024,0.78098094,0
3.4739068,-0.2990731,-0.39429045,0.79777867,0.13181299,0.58836597,0
3.681499,-0.31995618,-0.93246454,0.60290927,-0.16300024,-0.78098094,0
1.8250003,-0.80041009,-1.4103109,0.0070396326,-0.9777813,0.20950939,0
0.93956882,0.45537353,2.8730552,0.79777867,0.13181299,0.58836597,0
2.9555082,0.026480377,0.23568374,0.79777867,0.13181299,0.58836597,0
-3.3805904,0.59717751,1.1069032,-0.60290927,0.16300024,0.78098094,0
1.0676153,-4.2639673e-05,-2.4225993,-0.0070396326,0.9777813,-0.20950939,0
-3.572783,-0.30612653,1.0778813,0.0070396326,-0.9777813,0.20950939,0
0.68564141,1.0830274,3.076746,0.79777867,0.13181299,0.58836597,0
1.3196226,-0.75891876,-2.6641922,0.60290927,-0.16300024,-0.78098094,0
1.773087,-0.42386562,-2.3840518,0.60290927,-0.16300024,-0.78098094,0
1.845391,0.073875815,1.7302982,0.79777867,0.13181299,0.58836597,0
1.5695716,0.19089395,-1.5483633,-0.0070396326,0.9777813,-0.20950939,0
-1.9292078,-0.68377334,-1.4800124,-0.79777867,-0.13181299,-0.58836597,0
0.40601015,1.1391566,3.4433296,0.79777867,0.13181299,0.58836597,0
3.6402004,-0.063395575,-0.67257088,0.79777867,0.13181299,0.58836597,0
2.2434664,0.73619771,1.0421576,0.79777867,0.13181299,0.58836597,0
2.0724084,0.068997875,1.4235729,0.79777867,0.13181299,0.58836597,0
-0.11776203,0.29425561,-1.0092787,-0.0070396326,0.9777813,-0.20950939,0
2.791985,-0.06663391,-1.6720315,0.60290927,-0.16300024,-0.78098094,0
-0.39079717,0.48509264,3.4383869,-0.60290927,0.16300024,0.78098094,0
-1.6046717,-0.82799816,-1.4238256,0.0070396326,-0.9777813,0.20950939,0
-1.3636723,0.099187747,2.76788,-0.60290927,0.16300024,0.78098094,0
-2.691283,0.031644687,1.7570751,-0.60290927,0.16300024,0.78098094,0
-0.44546586,-0.51648188,-3.5293303,-0.79777867,-0.13181299,-0.58836597,0
-0.72122222,-0.41224343,0.4868193,0.0070396326,-0.9777813,0.20950939,0
-3.8002486,0.26797241,0.85164064,-0.60290927,0.16300024,0.78098094,0
0.67315006,0.83108521,3.1501267,0.79777867,0.13181299,0.58836597,0
0.10737066,-0.88902235,-1.7661513,0.0070396326,-0.9777813,0.20950939,0
2.9415224,0.17015159,-1.6060102,0.60290927,-0.16300024,-0.78098094,0
-1.4495595,0.87842315,2.53894,-0.60290927,0.16300024,0.78098094,0
0.45001379,1.1811352,3.1107149,-0.0070396326,0.9777813,-0.20950939,0
1.5466586,-0.22997388,1.2612699,0.0070396326,-0.9777813,0.20950939,0
0.7968533,1.0634191,2.549679,-0.0070396326,0.9777813,-0.20950939,0
1.9283986,0.35120988,1.5556145,0.79777867,0.13181299,0.58836597,0
-3.6242862,0.59023148,0.53296459,-0.79777867,-0.13181299,-0.58836597,0
-1.5345851,-0.033139333,2.2834291,0.0070396326,-0.9777813,0.20950939,0
1.6385169,0.41130996,1.9352072,0.79777867,0.13181299,0.58836597,0
3.5066395,0.16773249,-1.169241,0.60290927,-0.16300024,-0.78098094,0
-2.6080513,0.086125121,-0.73203528,-0.79777867,-0.13181299,-0.58836597,0
-2.4012249,0.1559262,1.9550581,-0.60290927,0.16300024,0.78098094,0
-0.20062363,-0.95002723,-2.0405126,0.0070396326,-0.9777813,0.20950939,0
1.4178914,-0.85730046,-1.6621389,0.0070396326,-0.9777813,0.20950939,0
3.5363839,0.24440219,-0.6007604,0.79777867,0.13181299,0.58836597,0
-0.85899681,-0.51006383,0.034920283,0.0070396326,-0.9777813,0.20950939,0
1.5071886,-0.13333952,1.7135892,0.0070396326,-0.9777813,0.20950939,0
0.073123306,-0.142988,-3.0563102,-0.0070396326,0.9777813,-0.20950939,0
0.058491051,0.87204891,3.7044699,-0.60290927,0.16300024,0.78098094,0
0.60562921,-0.38550225,0.56703758,0.0070396326,-0.9777813,0.20950939,0
-1.5145638,0.3011083,2.6092501,-0.60290927,0.16300024,0.78098094,0
1.5986626,0.41270715,1.9889336,0.79777867,0.13181299,0.58836597,0
-2.9476614,0.60653257,1.4391675,-0.60290927,0.16300024,0.78098094,0
3.1910923,-0.43648612,-1.2867322,0.60290927,-0.16300024,-0.78098094,0
3.2200177,0.46656978,-0.22156513,0.79777867,0.13181299,0.58836597,0
1.5264107,-0.2154049,1.3299439,0.0070396326,-0.9777813,0.20950939,0
2.1675441,0.11393738,1.2845085,0.79777867,0.13181299,0.58836597,0
-0.97461551,0.72543371,2.9375229,-0.60290927,0.16300024,0.78098094,0
-2.0796981,0.2545405,-1.1287069,-0.0070396326,0.9777813,-0.20950939,0
-0.9927429,-0.13850263,-2.8719444,-0.79777867,-0.13181299,-0.58836597,0
0.086383373,-0.009596996,2.338836,0.0070396326,-0.9777813,0.20950939,0
-0.072393581,-0.86215246,-1.6347091,0.0070396326,-0.9777813,0.20950939,0
-0.11488789,-0.8204394,-3.7587795,0.60290927,-0.16300024,-0.78098094,0
2.5680156,-0.32936186,0.76310766,0.0070396326,-0.9777813,0.20950939,0
-0.98535001,-0.9480508,-2.0049214,0.0070396326,-0.9777813,0.20950939,0
3.0573885,-0.20575285,0.14956929,0.79777867,0.13181299,0.58836597,0
0.13386899,0.84294498,3.7687352,-0.60290927,0.16300024,0.78098094,0
0.99734902,-0.8746745,-2.8888245,0.60290927,-0.16300024,-0.78098094,0
1.5635968,-0.56984085,-0.32545972,0.0070396326,-0.9777813,0.20950939,0
-1.1213247,-0.39741898,-2.6395919,-0.79777867,-0.13181299,-0.58836597,0
0.41965795,-1.1619234,-3.2748435,0.60290927,-0.16300024,-0.78098094,0
2.6413791,0.53329617,0.54807478,0.79777867,0.13181299,0.58836597,0
2.5818331,-0.088325322,0.76807797,0.79777867,0.13181299,0.58836597,0
1.3845028,-0.72649568,-2.620872,0.60290927,-0.16300024,-0.78098094,0
-1.6746095,-0.052506149,-1.9666523,-0.79777867,-0.13181299,-0.58836597,0
-2.5618193,-0.1645384,-0.73856556,-0.79777867,-0.13181299,-0.58836597,0
-1.1508864,0.73854381,2.798707,-0.60290927,0.16300024,0.78098094,0
-2.5019114,-0.20951673,1.4927777,0.0070396326,-0.9777813,0.20950939,0
1.5019872,0.44066596,2.1137543,0.79777867,0.13181299,0.58836597,0
2.6889203,-0.099328265,0.62534124,0.79777867,0.13181299,0.58836597,0
0.8141439,-0.6930089,-3.0681725,0.60290927,-0.16300024,-0.78098094,0
-0.01018855,-0.93882579,-3.6532435,0.60290927,-0.16300024,-0.78098094,0
-3.3731341,0.31083107,1.1724236,-0.60290927,0.16300024,0.78098094,0
-1.0848325,0.080345877,2.7979534,0.0070396326,-0.9777813,0.20950939,0
0.73577356,0.70975745,3.0923953,0.79777867,0.13181299,0.58836597,0
2.5001242,0.42299283,0.76431698,0.79777867,0.13181299,0.58836597,0
-0.2733317,-1.1486402,-3.6211066,-0.79777867,-0.13181299,-0.58836597,0
-0.96230268,-0.97011989,-2.1086919,0.0070396326,-0.9777813,0.20950939,0
-1.9783939,-0.3856875,0.65299773,0.0070396326,-0.9777813,0.20950939,0
2.5650933,0.16680725,-1.6942263,-0.0070396326,0.9777813,-0.20950939,0
0.54808843,0.22840139,-1.3389935,-0.0070396326,0.9777813,-0.20950939,0
-2.9859514,0.11884964,1.5113933,-0.60290927,0.16300024,0.78098094,0
-2.6314676,0.28310046,1.7507702,-0.60290927,0.16300024,0.78098094,0
-0.50127947,-0.51773041,-3.4533715,-0.79777867,-0.13181299,-0.58836597,0
-0.55021787,-0.37912595,0.63563293,0.0070396326,-0.9777813,0.20950939,0
-1.2330943,0.45057011,2.7953472,-0.60290927,0.16300024,0.78098094,0
1.9908761,0.29921573,1.4825482,0.79777867,0.13181299,0.58836597,0
1.7244219,0.8277272,1.7254359,0.79777867,0.13181299,0.58836597,0
0.82057875,0.49414709,3.0257099,0.79777867,0.13181299,0.58836597,0
-0.59404314,0.45295227,-0.25263748,-0.0070396326,0.9777813,-0.20950939,0
0.27438831,1.0286589,3.646554,0.79777867,0.13181299,0.58836597,0
1.3622438,0.20966394,-1.4537973,-0.0070396326,0.9777813,-0.20950939,0
0.9360013,0.60188788,0.3910355,-0.0070396326,0.9777813,-0.20950939,0
-1.9953251,0.15862432,2.2678454,-0.60290927,0.16300024,0.78098094,0
-1.9404423,0.43834308,-0.27557871,-0.0070396326,0.9777813,-0.20950939,0
1.6067032,-0.51536405,-0.072664917,0.0070396326,-0.9777813,0.20950939,0
-0.39444456,0.87027901,1.6883218,-0.0070396326,0.9777813,-0.20950939,0
-2.7864828,-0.00994955,-0.46857244,-0.79777867,-0.13181299,-0.58836597,0
3.5756288,0.2468331,-0.65451795,0.79777867,0.13181299,0.58836597,0
2.1739893,0.64389211,1.1570423,0.79777867,0.13181299,0.58836597,0
3.4730351,-0.51794988,-1.0520728,0.60290927,-0.16300024,-0.78098094,0
-2.8656294,-0.34934467,-0.28522015,-0.79777867,-0.13181299,-0.58836597,0
1.6932302,-0.28445494,1.0020818,0.0070396326,-0.9777813,0.20950939,0
-3.4635744,0.50812083,0.33344722,-0.79777867,-0.13181299,-0.58836597,0
-0.018157214,-1.1625172,-3.0383351,0.0070396326,-0.9777813,0.20950939,0
0.8739351,1.0171831,2.8361857,0.79777867,0.13181299,0.58836597,0
2.1146469,-0.14883491,1.4151025,0.79777867,0.13181299,0.58836597,0
2.3083673,-0.77661002,-1.3154771,0.0070396326,-0.9777813,0.20950939,0
-3.5493572,0.49756908,0.45212561,-0.79777867,-0.13181299,-0.58836597,0
0.76409078,1.0898374,2.6740746,-0.0070396326,0.9777813,-0.20950939,0
-2.7819128,-0.06494996,-0.46244705,-0.79777867,-0.13181299,-0.58836597,0
-3.3451231,0.68147862,1.1166892,-0.60290927,0.16300024,0.78098094,0
0.2067405,1.053872,2.524951,-0.0070396326,0.9777813,-0.20950939,0
-2.7467749,0.48922455,-0.011021435,-0.0070396326,0.9777813,-0.20950939,0
-1.5004779,-0.11216724,1.9134598,0.0070396326,-0.9777813,0.20950939,0
-0.80383658,0.815207,1.4450567,-0.0070396326,0.9777813,-0.20950939,0
0.019235134,1.1181128,3.6228085,-0.60290927,0.16300024,0.78098094,0
0.36241648,-0.70137417,-3.4151554,0.60290927,-0.16300024,-0.78098094,0
2.2005136,-0.18014593,1.3056885,0.79777867,0.13181299,0.58836597,0
2.3192377,0.72417295,0.94211125,0.79777867,0.13181299,0.58836597,0
-2.0601714,0.8773942,1.777498,-0.0070396326,0.9777813,-0.20950939,0
-0.45458588,-1.2297552,-3.337471,0.0070396326,-0.9777813,0.20950939,0
-2.2014477,-0.16660926,1.6829315,0.0070396326,-0.9777813,0.20950939,0
0.32355925,-1.2095544,-3.2693398,0.0070396326,-0.9777813,0.20950939,0
1.3537892,0.70034939,0.83651775,-0.0070396326,0.9777813,-0.20950939,0
-1.3845905,0.12359887,2.7466364,-0.60290927,0.16300024,0.78098094,0
0.51373255,-1.1703687,-3.0928495,0.0070396326,-0.9777813,0.20950939,0
-0.73179871,-0.92808414,-3.0488727,-0.79777867,-0.13181299,-0.58836597,0
0.58576524,-0.88701385,-1.7728519,0.0070396326,-0.9777813,0.20950939,0
1.4738767,-0.85694599,-2.5246501,0.60290927,-0.16300024,-0.78098094,0
-1.2170012,-0.55781668,-0.17591321,0.0070396326,-0.9777813,0.20950939,0
-2.3099751,0.090421468,-1.1371663,-0.79777867,-0.13181299,-0.58836597,0
-2.3248961,0.82363164,1.8746247,-0.60290927,0.16300024,0.78098094,0
2.7543843,-0.75960213,-1.5564282,0.60290927,-0.16300024,-0.78098094,0
-3.4328644,0.43908191,0.30727369,-0.79777867,-0.13181299,-0.58836597,0
1.9826049,0.76086998,1.3903377,0.79777867,0.13181299,0.58836597,0
-2.6822438,0.1290153,-0.64104486,-0.79777867,-0.13181299,-0.58836597,0
-1.9949191,0.87531173,2.1185775,-0.60290927,0.16300024,0.78098094,0
2.4324059,-0.59397328,-1.8395607,0.60290927,-0.16300024,-0.78098094,0
-2.6006622,0.55687577,1.7174114,-0.60290927,0.16300024,0.78098094,0
0.28290921,0.65263015,3.7192426,0.79777867,0.13181299,0.58836597,0
-1.6494911,0.71537822,1.0075696,-0.0070396326,0.9777813,-0.20950939,0
-1.9285625,0.16346475,2.3183751,-0.60290927,0.16300024,0.78098094,0
-1.5360174,0.90376395,1.8829536,-0.0070396326,0.9777813,-0.20950939,0
-0.97537953,0.821675,1.4810063,-0.0070396326,0.9777813,-0.20950939,0
-3.5170522,0.45326534,1.0315926,-0.60290927,0.16300024,0.78098094,0
2.4435132,-0.35361385,-1.8811522,0.60290927,-0.16300024,-0.78098094,0
-3.748075,-0.089425683,0.85307759,-0.79777867,-0.13181299,-0.58836597,0
-2.458087,0.30584455,-0.87655687,-0.0070396326,0.9777813,-0.20950939,0
0.20180035,0.24196179,3.5089841,0.0070396326,-0.9777813,0.20950939,0
-0.98437899,-0.96732038,-2.0948849,0.0070396326,-0.9777813,0.20950939,0
-0.71462071,0.84030294,3.1142614,-0.60290927,0.16300024,0.78098094,0
-3.5420885,-0.14628679,1.1373986,-0.60290927,0.16300024,0.78098094,0
-1.3787123,-0.49049386,0.14371625,0.0070396326,-0.9777813,0.20950939,0
-1.5386666,0.22450043,2.606632,-0.60290927,0.16300024,0.78098094,0
2.7963693,-0.56428427,-1.5647814,0.60290927,-0.16300024,-0.78098094,0
-1.7877054,0.84895378,1.6356111,-0.0070396326,0.9777813,-0.20950939,0
2.3724124,0.37063897,-0.73646855,-0.0070396326,0.9777813,-0.20950939,0
-0.46643966,-1.0573218,-2.5323253,0.0070396326,-0.9777813,0.20950939,0
2.0448651,-0.71882755,-1.0369521,0.0070396326,-0.9777813,0.20950939,0
2.9394107,-0.45927191,0.14433789,0.0070396326,-0.9777813,0.20950939,0
-2.8064985,-0.1881126,1.6029055,0.0070396326,-0.9777813,0.20950939,0
0.88183707,-0.073315106,-2.7583199,-0.0070396326,0.9777813,-0.20950939,0
0.91556746,0.37975454,-0.64497519,-0.0070396326,0.9777813,-0.20950939,0
-0.37112671,0.081865668,2.7810655,0.0070396326,-0.9777813,0.20950939,0
0.55587429,-0.16335696,1.6054624,0.0070396326,-0.9777813,0.20950939,0
1.9243345,-0.88273281,-2.1715193,0.60290927,-0.16300024,-0.78098094,0
-0.12406346,1.0676244,2.6002483,-0.0070396326,0.9777813,-0.20950939,0
-3.7266212,-0.26557681,0.863451,-0.79777867,-0.13181299,-0.58836597,0
0.17736804,0.97862285,3.7739985,-0.60290927,0.16300024,0.78098094,0
0.91251892,-0.1199642,1.7959931,0.0070396326,-0.9777813,0.20950939,0
-3.3162341,0.53193903,0.20746121,-0.0070396326,0.9777813,-0.20950939,0
3.1633301,-0.56976032,-1.2803485,0.60290927,-0.16300024,-0.78098094,0
