-1.8106592,-2.4352062,-0.19854617,-0.65667474,-0.75007206,0.078547955,0
0.71431756,2.0152271,0.35557091,-0.70369303,0.57192433,-0.42156678,0
-1.0590191,-3.261014,-1.8005277,-0.65667474,-0.75007206,0.078547955,0
2.1647775,1.9082921,-1.8725836,0.65667474,0.75007206,-0.078547955,0
-1.1804104,-3.2062106,-2.292052,-0.65667474,-0.75007206,0.078547955,0
-0.37587047,1.4814215,1.4511542,-0.70369303,0.57192433,-0.42156678,0
-2.2166634,-2.0004251,0.55900884,-0.65667474,-0.75007206,0.078547955,0
-0.69196063,0.51601058,0.66904467,-0.70369303,0.57192433,-0.42156678,0
1.806484,2.3763607,-0.39828777,0.65667474,0.75007206,-0.078547955,0
0.14096856,0.75423455,1.9739848,0.70369303,-0.57192433,0.42156678,0
1.6605029,2.5326283,-0.1264801,0.65667474,0.75007206,-0.078547955,0
-0.15672298,0.36325338,-0.43163192,-0.70369303,0.57192433,-0.42156678,0
-1.2191157,0.84523219,2.6440086,-0.27128196,0.33210588,0.90338886,0
-0.31036758,-2.1622238,-1.2292826,0.70369303,-0.57192433,0.42156678,0
-1.1897347,-1.6624243,-1.4554572,-0.70369303,0.57192433,-0.42156678,0
0.55901766,-1.8403646,-2.4763992,0.27128196,-0.33210588,-0.90338886,0
1.575175,0.91912782,-0.19633591,0.70369303,-0.57192433,0.42156678,0
-0.89292479,-2.4646392,-2.6829109,0.27128196,-0.33210588,-0.90338886,0
0.51884711,0.80932677,1.4179592,0.70369303,-0.57192433,0.42156678,0
1.6951451,2.675561,1.5280322,0.65667474,0.75007206,-0.078547955,0
-1.3410735,-0.73376393,0.057042122,-0.70369303,0.57192433,-0.42156678,0
-2.1193252,-1.980999,1.5582793,-0.65667474,-0.75007206,0.078547955,0
-1.3672874,-2.4626746,-2.244751,-0.70369303,0.57192433,-0.42156678,0
2.1767843,0.68906355,-2.9204681,0.27128196,-0.33210588,-0.90338886,0
1.3107572,3.0920365,2.291497,0.65667474,0.75007206,-0.078547955,0
-0.92691994,1.2571985,2.5803053,-0.27128196,0.33210588,0.90338886,0
-1.2144532,-2.6457791,-2.712873,0.27128196,-0.33210588,-0.90338886,0
-2.0438697,-0.23413122,1.9080064,-0.70369303,0.57192433,-0.42156678,0
-0.70117736,0.80635649,2.8138342,-0.27128196,0.33210588,0.90338886,0
2.2214777,1.9961553,-0.5595367,0.65667474,0.75007206,-0.078547955,0
-3.0241237,-1.0590632,2.7977777,-0.65667474,-0.75007206,0.078547955,0
-1.8622053,-2.4006522,-0.29951525,-0.65667474,-0.75007206,0.078547955,0
0.11544979,-1.4065543,-0.914882,0.70369303,-0.57192433,0.42156678,0
0.304896,1.8623598,0.83160102,-0.70369303,0.57192433,-0.42156678,0
0.1108973,2.5016942,2.0227921,-0.70369303,0.57192433,-0.42156678,0
-2.3416729,-1.5117319,3.0439391,0.70369303,-0.57192433,0.42156678,0
1.3795873,2.8368931,0.43050599,0.65667474,0.75007206,-0.078547955,0
-0.54782248,-2.4848535,-2.5718477,0.27128196,-0.33210588,-0.90338886,0
2.2189379,1.1085145,-1.0139921,0.70369303,-0.57192433,0.42156678,0
0.34527817,-0.56785452,-0.16068555,0.70369303,-0.57192433,0.42156678,0
1.554112,2.7505622,1.065171,0.65667474,0.75007206,-0.078547955,0
-1.1144104,-2.7927179,-2.6288128,0.27128196,-0.33210588,-0.90338886,0
1.5009819,0.66706163,-2.7865629,-0.70369303,0.57192433,-0.42156678,0
-1.8365135,-2.53827,-1.39887,-0.65667474,-0.75007206,0.078547955,0
-1.8874731,-1.2688375,0.24319601,-0.70369303,0.57192433,-0.42156678,0
-0.3859663,-2.7085669,-2.4410014,0.27128196,-0.33210588,-0.90338886,0
-0.79712319,0.91834944,2.7438507,-0.27128196,0.33210588,0.90338886,0
2.2240615,2.0675139,0.14348769,0.65667474,0.75007206,-0.078547955,0
-0.22635031,1.5565869,2.6806202,-0.27128196,0.33210588,0.90338886,0
1.2483881,3.0485134,1.3544686,0.65667474,0.75007206,-0.078547955,0
1.9000088,2.325392,-0.10311437,0.65667474,0.75007206,-0.078547955,0
-1.1698966,-3.1809793,-1.963213,-0.65667474,-0.75007206,0.078547955,0
1.310469,-0.35084909,-1.4774108,0.70369303,-0.57192433,0.42156678,0
-2.8109124,-1.2535156,2.7233915,-0.65667474,-0.75007206,0.078547955,0
0.16839647,2.7804258,2.3492498,-0.27128196,0.33210588,0.90338886,0
2.5229321,1.5975794,-1.8454146,0.65667474,0.75007206,-0.078547955,0
1.8947203,2.2423003,-0.94079041,0.65667474,0.75007206,-0.078547955,0
0.0066522956,0.95462054,0.097942829,-0.70369303,0.57192433,-0.42156678,0
-1.6581492,-0.91840625,0.33581817,-0.70369303,0.57192433,-0.42156678,0
-0.41384506,-0.43869802,1.2816902,0.70369303,-0.57192433,0.42156678,0
2.0284688,0.97897285,-0.87179947,0.70369303,-0.57192433,0.42156678,0
0.72107184,1.5325415,-0.31054568,-0.70369303,0.57192433,-0.42156678,0
1.0301449,-0.58911979,-2.7949083,0.27128196,-0.33210588,-0.90338886,0
1.3245978,3.0716038,2.2120945,0.65667474,0.75007206,-0.078547955,0
2.5468705,1.5806935,-1.8065341,0.65667474,0.75007206,-0.078547955,0
-0.34381473,-0.37559175,-1.1216962,-0.70369303,0.57192433,-0.42156678,0
-1.865573,-2.2123213,-1.0733507,-0.70369303,0.57192433,-0.42156678,0
-0.24277353,0.12515521,1.7610912,0.70369303,-0.57192433,0.42156678,0
-1.4061509,-2.8272104,-0.56012368,-0.65667474,-0.75007206,0.078547955,0
2.2048626,1.8769957,-1.8363225,0.65667474,0.75007206,-0.078547955,0
1.1257524,2.2416682,2.3480973,0.70369303,-0.57192433,0.42156678,0
2.4265697,1.6528685,-2.1230531,0.65667474,0.75007206,-0.078547955,0
1.640923,0.26357651,-2.9249656,0.27128196,-0.33210588,-0.90338886,0
1.9012892,0.48955393,-2.9298534,0.27128196,-0.33210588,-0.90338886,0
-0.20689583,1.3295577,2.7699232,-0.27128196,0.33210588,0.90338886,0
-2.8792779,-1.2003829,2.6592171,-0.65667474,-0.75007206,0.078547955,0
1.3589911,2.9365096,2.6493979,-0.27128196,0.33210588,0.90338886,0
-1.5218046,-2.8863473,-2.0917211,-0.65667474,-0.75007206,0.078547955,0
2.3185976,0.67179024,-2.8715324,0.27128196,-0.33210588,-0.90338886,0
1.857533,2.4306707,0.54710865,0.65667474,0.75007206,-0.078547955,0
-1.6837143,-2.5367603,-0.10702825,-0.65667474,-0.75007206,0.078547955,0
2.2547817,1.9186332,-1.0213845,0.65667474,0.75007206,-0.078547955,0
2.1910038,2.0751455,-0.060004711,0.65667474,0.75007206,-0.078547955,0
-0.26503515,-2.7962971,-2.3724349,0.27128196,-0.33210588,-0.90338886,0
-0.96246028,-3.363759,-1.9744151,-0.65667474,-0.75007206,0.078547955,0
-1.500518,-2.6946769,-0.083453417,-0.65667474,-0.75007206,0.078547955,0
-1.4385145,-2.8013463,-0.58370185,-0.65667474,-0.75007206,0.078547955,0
1.8162725,0.24955118,-1.5071738,0.70369303,-0.57192433,0.42156678,0
-1.3905215,-0.43278384,0.54791117,-0.70369303,0.57192433,-0.42156678,0
1.5320718,-0.29858625,-1.7764144,0.70369303,-0.57192433,0.42156678,0
1.8346946,2.338872,-0.52043247,0.65667474,0.75007206,-0.078547955,0
-2.3786359,-1.6389387,2.6568089,-0.65667474,-0.75007206,0.078547955,0
-0.022321463,-1.2658706,-2.8621686,0.27128196,-0.33210588,-0.90338886,0
-0.19950259,-1.574564,-0.61708552,0.70369303,-0.57192433,0.42156678,0
-0.50017858,-2.0130603,-2.7309823,0.27128196,-0.33210588,-0.90338886,0
1.8990467,0.61140954,-2.9753237,0.27128196,-0.33210588,-0.90338886,0
2.1305282,2.0540528,-0.76701212,0.65667474,0.75007206,-0.078547955,0
0.32466936,-2.1672873,-2.4265885,0.27128196,-0.33210588,-0.90338886,0
-1.8631666,-2.3303764,0.36352777,-0.65667474,-0.75007206,0.078547955,0
0.42722964,-0.4047122,-2.4482558,-0.70369303,0.57192433,-0.42156678,0
-0.60300875,-3.2188842,-2.1743281,0.70369303,-0.57192433,0.42156678,0
-1.3227994,-1.8519915,-1.4905201,-0.70369303,0.57192433,-0.42156678,0
-2.3780572,-0.54447746,2.0448081,-0.70369303,0.57192433,-0.42156678,0
-2.086206,-2.0165074,1.4960868,-0.65667474,-0.75007206,0.078547955,0
2.3782711,1.5595034,-0.66811681,0.70369303,-0.57192433,0.42156678,0
-0.24913645,-2.3812995,-1.6287037,0.70369303,-0.57192433,0.42156678,0
0.036667824,2.573386,2.3858049,-0.27128196,0.33210588,0.90338886,0
1.4836483,2.9149895,2.0462394,0.65667474,0.75007206,-0.078547955,0
-1.5333755,-2.863081,-1.9662812,-0.65667474,-0.75007206,0.078547955,0
-0.3195405,-2.8219485,-2.1089945,0.70369303,-0.57192433,0.42156678,0
2.0056767,2.0960054,-1.410177,0.65667474,0.75007206,-0.078547955,0
-1.4568815,-2.7668602,-0.40794158,-0.65667474,-0.75007206,0.078547955,0
-1.6280184,-2.5241084,0.47922873,0.70369303,-0.57192433,0.42156678,0
-0.11600554,-1.6522534,-0.86185992,0.70369303,-0.57192433,0.42156678,0
1.5386972,2.1196792,1.493299,0.70369303,-0.57192433,0.42156678,0
0.61728668,1.9869088,2.7757635,-0.27128196,0.33210588,0.90338886,0
-1.6787752,-2.5084934,0.20419192,-0.65667474,-0.75007206,0.078547955,0
0.97664165,2.9075513,2.5452263,-0.27128196,0.33210588,0.90338886,0
-0.99640632,-3.3488245,-2.1155934,-0.65667474,-0.75007206,0.078547955,0
2.9743347,1.1022474,-2.8016469,0.65667474,0.75007206,-0.078547955,0
0.7320435,-1.1722572,-2.6700518,0.27128196,-0.33210588,-0.90338886,0
-2.5438585,-0.54600751,2.757648,-0.27128196,0.33210588,0.90338886,0
-0.057272434,1.2377601,2.8486011,-0.27128196,0.33210588,0.90338886,0
0.26576328,-1.7922149,-1.6890016,0.70369303,-0.57192433,0.42156678,0
1.0951638,-0.80473828,-2.6961176,0.27128196,-0.33210588,-0.90338886,0
0.094929695,0.24061882,1.3540306,0.70369303,-0.57192433,0.42156678,0
-1.9286501,-1.6438061,2.1753271,0.70369303,-0.57192433,0.42156678,0
1.537648,-0.31775737,-1.8117311,0.70369303,-0.57192433,0.42156678,0
1.0990179,-0.37211078,-2.8540034,0.27128196,-0.33210588,-0.90338886,0
2.7541041,1.3211533,-2.5524266,0.65667474,0.75007206,-0.078547955,0
-1.9676526,-0.6355626,2.9636016,-0.27128196,0.33210588,0.90338886,0
-1.8487266,-2.4418197,-0.57995462,-0.65667474,-0.75007206,0.078547955,0
-1.6328387,0.15051365,2.7751646,-0.27128196,0.33210588,0.90338886,0
-0.67860222,-2.3306208,-2.6678197,0.27128196,-0.33210588,-0.90338886,0
1.0954179,1.2616607,1.0691929,0.70369303,-0.57192433,0.42156678,0
-2.4141822,-1.3783503,0.97382379,-0.70369303,0.57192433,-0.42156678,0
1.1299613,3.1995769,1.8069383,0.65667474,0.75007206,-0.078547955,0
-2.284853,-0.9903419,2.9987726,-0.27128196,0.33210588,0.90338886,0
-2.4186611,-1.7386585,1.3699424,-0.65667474,-0.75007206,0.078547955,0
-1.4666519,0.029551506,2.8695378,-0.27128196,0.33210588,0.90338886,0
-1.6638305,-2.4543614,-1.7384728,-0.70369303,0.57192433,-0.42156678,0
-0.16668916,1.8007913,2.6087611,-0.27128196,0.33210588,0.90338886,0
-0.94359589,-2.5909448,-2.6516948,0.27128196,-0.33210588,-0.90338886,0
-1.9885457,-2.2743649,-0.14979744,-0.65667474,-0.75007206,0.078547955,0
-2.2758105,-1.830412,1.6880245,-0.65667474,-0.75007206,0.078547955,0
2.6844001,1.1615468,-2.9417298,0.27128196,-0.33210588,-0.90338886,0
-2.4197419,-1.1037196,1.3556862,-0.70369303,0.57192433,-0.42156678,0
1.4755025,2.9431112,2.2466812,0.65667474,0.75007206,-0.078547955,0
-2.4324262,-0.90170681,2.9218731,-0.27128196,0.33210588,0.90338886,0
2.3321152,1.8774548,-0.76808429,0.65667474,0.75007206,-0.078547955,0
-2.2410793,-1.8993047,1.3205109,-0.65667474,-0.75007206,0.078547955,0
-2.8038723,-1.2020446,1.8634953,-0.70369303,0.57192433,-0.42156678,0
-0.39095259,-2.1860635,-2.6345828,0.27128196,-0.33210588,-0.90338886,0
1.347447,0.78792673,-2.3663039,-0.70369303,0.57192433,-0.42156678,0
-1.4499888,-2.5443079,0.15465188,0.70369303,-0.57192433,0.42156678,0
1.1841326,-1.2529528,-2.5046268,0.27128196,-0.33210588,-0.90338886,0
0.62463295,1.4524802,-0.258183,-0.70369303,0.57192433,-0.42156678,0
1.1303079,1.7340345,1.6518054,0.70369303,-0.57192433,0.42156678,0
1.0750437,3.3037739,2.3428223,0.65667474,0.75007206,-0.078547955,0
-2.1434517,-1.9012926,2.1177127,-0.65667474,-0.75007206,0.078547955,0
-0.24833095,-1.6323233,-0.61393952,0.70369303,-0.57192433,0.42156678,0
-1.1127588,0.62058616,1.5133289,-0.70369303,0.57192433,-0.42156678,0
1.334141,1.3131593,0.74057436,0.70369303,-0.57192433,0.42156678,0
1.3181973,0.15407217,-0.80530274,0.70369303,-0.57192433,0.42156678,0
1.462788,2.791862,0.69606876,0.65667474,0.75007206,-0.078547955,0
-0.21999884,-2.3124094,-2.5367987,0.27128196,-0.33210588,-0.90338886,0
-1.2267101,-3.1003189,-1.6679399,-0.65667474,-0.75007206,0.078547955,0
-2.1419969,-1.920049,1.9507687,-0.65667474,-0.75007206,0.078547955,0
2.3989825,0.99814594,-2.9673691,0.27128196,-0.33210588,-0.90338886,0
-1.7037731,-1.6425569,-0.570454,-0.70369303,0.57192433,-0.42156678,0
-1.643001,-2.567399,-0.059233665,-0.65667474,-0.75007206,0.078547955,0
-2.2551262,-1.7637451,2.4975662,-0.65667474,-0.75007206,0.078547955,0
-1.7804515,-2.5254827,-0.80807757,-0.65667474,-0.75007206,0.078547955,0
-1.590887,-2.3536739,0.64847016,0.70369303,-0.57192433,0.42156678,0
-1.1036162,-0.089610159,2.9066737,0.70369303,-0.57192433,0.42156678,0
2.4265528,1.8153243,-0.57186794,0.65667474,0.75007206,-0.078547955,0
2.1041563,0.23124945,-2.7739754,0.27128196,-0.33210588,-0.90338886,0
1.6521208,2.4978755,-0.52841878,0.65667474,0.75007206,-0.078547955,0
1.3497427,2.9741216,1.4914234,0.65667474,0.75007206,-0.078547955,0
1.011862,3.0671625,1.2860219,-0.70369303,0.57192433,-0.42156678,0
0.019113779,0.62561846,2.0029001,0.70369303,-0.57192433,0.42156678,0
-0.18309784,1.8216218,2.5961757,-0.27128196,0.33210588,0.90338886,0
-1.6547053,0.56016207,2.6180022,-0.27128196,0.33210588,0.90338886,0
2.3782656,1.8417555,-0.72315931,0.65667474,0.75007206,-0.078547955,0
2.125499,0.64554703,-1.4861121,0.70369303,-0.57192433,0.42156678,0
1.3983259,2.9292822,1.4694109,0.65667474,0.75007206,-0.078547955,0
-1.7653191,-2.6145716,-1.5322983,-0.65667474,-0.75007206,0.078547955,0
1.0302722,-0.22380388,-2.9291682,0.27128196,-0.33210588,-0.90338886,0
-2.0002732,-2.1277764,1.1519644,-0.65667474,-0.75007206,0.078547955,0
2.33165,1.9457176,-0.12011361,0.65667474,0.75007206,-0.078547955,0
2.1956453,1.8703516,-1.9768276,0.65667474,0.75007206,-0.078547955,0
2.5993299,1.4988619,-2.1493905,0.65667474,0.75007206,-0.078547955,0
2.7472813,1.3521613,-2.3133662,0.65667474,0.75007206,-0.078547955,0
-0.12672162,-1.7790322,-2.7048693,0.27128196,-0.33210588,-0.90338886,0
-0.68630457,-2.9870424,-2.428817,0.27128196,-0.33210588,-0.90338886,0
-1.3748021,-0.67045939,0.19922614,-0.70369303,0.57192433,-0.42156678,0
1.0355144,3.2664828,1.6562476,0.65667474,0.75007206,-0.078547955,0
-1.4884861,-1.3353075,-0.51298404,-0.70369303,0.57192433,-0.42156678,0
0.62704849,-0.60751003,-2.9091949,0.27128196,-0.33210588,-0.90338886,0
-0.75383496,-3.1600375,-1.8427298,0.70369303,-0.57192433,0.42156678,0
0.70269442,2.3824015,2.6560183,-0.27128196,0.33210588,0.90338886,0
1.521925,2.8561563,1.8044264,0.65667474,0.75007206,-0.078547955,0
0.24137759,0.74280566,1.7908736,0.70369303,-0.57192433,0.42156678,0
0.78011179,2.6574981,2.5781348,-0.27128196,0.33210588,0.90338886,0
0.54936278,-0.021482497,-2.132211,-0.70369303,0.57192433,-0.42156678,0
-0.74755859,-3.3451881,-2.3155491,0.27128196,-0.33210588,-0.90338886,0
-1.1970311,-1.6815953,0.90281701,0.70369303,-0.57192433,0.42156678,0
-0.25479054,2.3197234,2.3915336,-0.27128196,0.33210588,0.90338886,0
0.35444522,2.1539431,1.1444721,-0.70369303,0.57192433,-0.42156678,0
-0.16281271,2.0952096,2.5016904,-0.27128196,0.33210588,0.90338886,0
-2.4252067,-1.7036986,1.6490605,-0.65667474,-0.75007206,0.078547955,0
-2.1050293,-2.0554054,0.96727324,-0.65667474,-0.75007206,0.078547955,0
1.7055669,0.60644192,-3.0315986,0.27128196,-0.33210588,-0.90338886,0
0.4646678,-1.3434153,-2.6874216,0.27128196,-0.33210588,-0.90338886,0
-0.35873175,-1.8522197,-2.7476356,0.27128196,-0.33210588,-0.90338886,0
-0.2437284,-2.5764625,-1.9025009,0.70369303,-0.57192433,0.42156678,0
2.7591853,1.30704,-2.6447217,0.65667474,0.75007206,-0.078547955,0
-0.81565905,1.6244538,2.4787049,-0.27128196,0.33210588,0.90338886,0
1.2477323,1.4689175,1.0961219,0.70369303,-0.57192433,0.42156678,0
-1.2437701,-2.8086953,-2.6617854,0.27128196,-0.33210588,-0.90338886,0
0.24045277,-2.163938,-2.1510553,0.70369303,-0.57192433,0.42156678,0
1.5306101,-0.37020755,-2.7250984,0.27128196,-0.33210588,-0.90338886,0
-2.5819783,-1.4338102,2.9156458,-0.65667474,-0.75007206,0.078547955,0
0.94632483,3.4150229,2.3290482,0.65667474,0.75007206,-0.078547955,0
-1.4839683,-2.890646,-1.8164489,-0.65667474,-0.75007206,0.078547955,0
-1.8846446,0.0276438,2.7447186,-0.27128196,0.33210588,0.90338886,0
-1.6941919,-2.6713202,-1.479564,-0.65667474,-0.75007206,0.078547955,0
-1.840343,-0.066052318,2.7924666,-0.27128196,0.33210588,0.90338886,0
2.4652827,1.6624002,-1.7083824,0.65667474,0.75007206,-0.078547955,0
1.0233393,0.21404636,-2.6038549,-0.70369303,0.57192433,-0.42156678,0
-0.10961008,1.405027,2.7713933,-0.27128196,0.33210588,0.90338886,0
-2.003633,0.17141747,2.6561322,-0.27128196,0.33210588,0.90338886,0
-0.33481884,-1.6726387,-2.8064723,0.27128196,-0.33210588,-0.90338886,0
-1.6816235,-2.6629,-1.2940886,-0.65667474,-0.75007206,0.078547955,0
-1.5373387,-2.8782182,-2.1439662,-0.65667474,-0.75007206,0.078547955,0
1.6666194,2.6145658,0.70709419,0.65667474,0.75007206,-0.078547955,0
0.19578648,-2.2689009,-2.4279358,0.27128196,-0.33210588,-0.90338886,0
-2.5223293,-1.5192039,2.5988781,-0.65667474,-0.75007206,0.078547955,0
0.91074133,-1.3354568,-2.5563941,0.27128196,-0.33210588,-0.90338886,0
-0.96837938,0.039954305,0.48460394,-0.70369303,0.57192433,-0.42156678,0
-0.10614157,-2.7112153,-2.3559983,0.27128196,-0.33210588,-0.90338886,0
-0.57165265,-1.3838692,-2.1092749,-0.70369303,0.57192433,-0.42156678,0
-1.5465868,0.28197062,2.752739,-0.27128196,0.33210588,0.90338886,0
-1.952005,-2.3892069,-0.94096875,-0.65667474,-0.75007206,0.078547955,0
-1.3643699,-3.0098448,-2.6240532,0.27128196,-0.33210588,-0.90338886,0
-1.1429574,-0.023068249,2.9860852,-0.27128196,0.33210588,0.90338886,0
1.0443759,3.3095145,2.1412506,0.65667474,0.75007206,-0.078547955,0
1.5649312,2.6950464,0.62548852,0.65667474,0.75007206,-0.078547955,0
-0.30488253,-2.7789629,-2.3907733,0.27128196,-0.33210588,-0.90338886,0
0.53805876,-0.50914443,-2.7749352,-0.70369303,0.57192433,-0.42156678,0
-1.5586905,-2.7496414,-1.0946581,-0.65667474,-0.75007206,0.078547955,0
1.3179326,3.0145235,1.6112945,0.65667474,0.75007206,-0.078547955,0
2.1961336,0.140854,-2.7131238,0.27128196,-0.33210588,-0.90338886,0
2.416048,1.6981525,-1.7785871,0.65667474,0.75007206,-0.078547955,0
0.13051581,1.2366353,2.6458883,0.70369303,-0.57192433,0.42156678,0
1.1843908,-0.51198196,-2.7769465,0.27128196,-0.33210588,-0.90338886,0
-2.1169298,-2.0287905,1.1219323,-0.65667474,-0.75007206,0.078547955,0
-1.6234426,-2.5381241,0.38383436,-0.65667474,-0.75007206,0.078547955,0
2.0472391,0.60447192,-2.9282722,0.27128196,-0.33210588,-0.90338886,0
1.1522102,1.3190467,-1.3198569,-0.70369303,0.57192433,-0.42156678,0
0.38525522,0.18425788,0.79294682,0.70369303,-0.57192433,0.42156678,0
0.79822707,1.078463,1.3167357,0.70369303,-0.57192433,0.42156678,0
0.88861108,-0.85658288,-2.7390845,0.27128196,-0.33210588,-0.90338886,0
-1.2334208,-0.13337648,2.9994714,-0.27128196,0.33210588,0.90338886,0
-0.11421049,-1.1313275,-0.15813512,0.70369303,-0.57192433,0.42156678,0
0.35410976,2.2537141,1.2803884,-0.70369303,0.57192433,-0.42156678,0
-2.434628,-0.37160981,2.7263365,-0.27128196,0.33210588,0.90338886,0
1.3368981,-0.18370354,-2.8518324,0.27128196,-0.33210588,-0.90338886,0
-1.6491771,-2.5906563,-1.947839,-0.70369303,0.57192433,-0.42156678,0
2.1607201,2.0743694,-0.32059431,0.65667474,0.75007206,-0.078547955,0
-0.65117788,-2.9885304,-2.417722,0.27128196,-0.33210588,-0.90338886,0
-2.1519415,-2.0666223,0.46796417,-0.65667474,-0.75007206,0.078547955,0
2.2708449,1.9761735,-0.33762383,0.65667474,0.75007206,-0.078547955,0
1.421268,1.1855457,0.42201042,0.70369303,-0.57192433,0.42156678,0
2.3820403,1.7109327,-1.9408588,0.65667474,0.75007206,-0.078547955,0
2.5288167,1.5887171,-1.8808439,0.65667474,0.75007206,-0.078547955,0
-1.9473935,-2.2123053,0.78686285,-0.65667474,-0.75007206,0.078547955,0
-0.7628088,-3.0254271,-2.4376798,0.27128196,-0.33210588,-0.90338886,0
2.7894313,0.72804153,-2.7508233,0.27128196,-0.33210588,-0.90338886,0
2.6699445,1.3827884,-2.6674507,0.65667474,0.75007206,-0.078547955,0
-1.674993,-2.6996443,-1.5895348,-0.65667474,-0.75007206,0.078547955,0
0.47950125,0.88034546,1.5799848,0.70369303,-0.57192433,0.42156678,0
1.5244989,2.7047081,0.3797307,0.65667474,0.75007206,-0.078547955,0
-0.67806125,1.8185486,2.4486713,-0.27128196,0.33210588,0.90338886,0
-0.76847839,0.39173532,2.946048,-0.27128196,0.33210588,0.90338886,0
-2.0040994,-0.070694923,2.7449985,-0.27128196,0.33210588,0.90338886,0
-2.0238171,-2.1404054,0.83453822,-0.65667474,-0.75007206,0.078547955,0
-1.41482,0.080584764,2.8663416,-0.27128196,0.33210588,0.90338886,0
-0.28493834,-2.378911,-2.531852,0.27128196,-0.33210588,-0.90338886,0
-0.96079522,-1.9389108,0.15939367,0.70369303,-0.57192433,0.42156678,0
2.4186895,1.2687385,-3.0609272,0.27128196,-0.33210588,-0.90338886,0
-0.15438414,-2.4777844,-1.9177644,0.70369303,-0.57192433,0.42156678,0
-0.91552711,1.5449885,2.4779286,-0.27128196,0.33210588,0.90338886,0
1.3657513,-0.82266498,-2.2097855,0.70369303,-0.57192433,0.42156678,0
1.1351342,-0.85149932,-2.666924,0.27128196,-0.33210588,-0.90338886,0
0.71072578,2.3766248,2.6605539,-0.27128196,0.33210588,0.90338886,0
-0.24632454,-2.1267402,-2.6129603,0.27128196,-0.33210588,-0.90338886,0
2.8220608,1.3252923,-1.9447742,0.65667474,0.75007206,-0.078547955,0
1.6822217,2.6027637,0.72483206,0.65667474,0.75007206,-0.078547955,0
2.0227375,2.0526772,-1.6813016,0.65667474,0.75007206,-0.078547955,0
-0.55826223,-1.720592,-0.21634269,0.70369303,-0.57192433,0.42156678,0
-0.76900566,-2.2186191,-0.540218,0.70369303,-0.57192433,0.42156678,0
-1.880945,-0.9907794,0.60953021,-0.70369303,0.57192433,-0.42156678,0
-0.91309261,-2.6561043,-2.6185806,0.27128196,-0.33210588,-0.90338886,0
-1.315057,-2.9756529,-1.2160747,-0.65667474,-0.75007206,0.078547955,0
-0.54821777,0.9828465,2.7948854,-0.27128196,0.33210588,0.90338886,0
-0.97642064,-3.3311639,-1.7798688,-0.65667474,-0.75007206,0.078547955,0
0.59387589,2.2769501,2.6621072,-0.27128196,0.33210588,0.90338886,0
-1.5978205,-2.8107867,-2.005682,-0.65667474,-0.75007206,0.078547955,0
0.67298484,2.4684625,1.0394523,-0.70369303,0.57192433,-0.42156678,0
-0.75867581,0.72967249,2.8247585,-0.27128196,0.33210588,0.90338886,0
1.2375276,3.042876,1.2098435,0.65667474,0.75007206,-0.078547955,0
0.32295656,-0.36673626,-2.2226794,-0.70369303,0.57192433,-0.42156678,0
1.6758424,0.54646623,-3.0184762,0.27128196,-0.33210588,-0.90338886,0
1.4050455,-0.86375892,-2.5813644,0.27128196,-0.33210588,-0.90338886,0
1.4252245,2.8621311,1.0530496,0.65667474,0.75007206,-0.078547955,0
-0.33853245,-2.230722,-2.6024237,0.27128196,-0.33210588,-0.90338886,0
2.8745911,0.84179258,-2.7670679,0.27128196,-0.33210588,-0.90338886,0
1.2368515,1.8137088,1.5820502,0.70369303,-0.57192433,0.42156678,0
-1.1554146,-2.6410768,-2.6968727,0.27128196,-0.33210588,-0.90338886,0
-1.0227592,-3.3177004,-2.0387011,-0.65667474,-0.75007206,0.078547955,0
-3.0038323,-0.89270461,2.7469738,-0.27128196,0.33210588,0.90338886,0
1.5933313,1.8607352,1.0508012,0.70369303,-0.57192433,0.42156678,0
2.6455822,1.4513602,-1.2610347,0.70369303,-0.57192433,0.42156678,0
2.1428671,0.86597222,-2.9956889,0.27128196,-0.33210588,-0.90338886,0
-1.0524321,-2.021626,0.20014036,0.70369303,-0.57192433,0.42156678,0
0.98030281,-0.59277612,-2.8085313,0.27128196,-0.33210588,-0.90338886,0
-2.621989,-1.468047,2.2542162,-0.65667474,-0.75007206,0.078547955,0
-0.022524595,1.6023118,2.725018,-0.27128196,0.33210588,0.90338886,0
1.1436629,0.82107306,0.39093137,0.70369303,-0.57192433,0.42156678,0
0.27253461,1.3686616,2.5879407,0.70369303,-0.57192433,0.42156678,0
-0.2087667,2.2134862,2.4444094,-0.27128196,0.33210588,0.90338886,0
-2.7754345,-1.0089052,2.8582783,-0.27128196,0.33210588,0.90338886,0
-0.038287878,2.3435214,2.0572298,-0.70369303,0.57192433,-0.42156678,0
-2.6818576,-1.2473488,2.9740365,-0.27128196,0.33210588,0.90338886,0
-1.6437386,-2.6363988,-0.72429299,-0.65667474,-0.75007206,0.078547955,0
1.5797172,2.8411489,2.144269,0.65667474,0.75007206,-0.078547955,0
-1.9085513,-2.3399975,-1.1748233,-0.70369303,0.57192433,-0.42156678,0
0.23889697,1.7118733,0.73760962,-0.70369303,0.57192433,-0.42156678,0
-0.54084468,-2.1963766,-0.89089584,0.70369303,-0.57192433,0.42156678,0
-0.45605135,-2.0839272,-2.691679,0.27128196,-0.33210588,-0.90338886,0
0.23488688,-1.7394354,-2.610837,0.27128196,-0.33210588,-0.90338886,0
0.14729357,1.5350448,2.8007424,-0.27128196,0.33210588,0.90338886,0
-2.3832719,-1.6776735,2.248163,-0.65667474,-0.75007206,0.078547955,0
-2.3082666,-1.8911213,0.83695602,-0.65667474,-0.75007206,0.078547955,0
2.2892935,2.0014598,0.058075905,0.65667474,0.75007206,-0.078547955,0
2.0391264,2.0446126,-1.6212931,0.65667474,0.75007206,-0.078547955,0
0.39947987,2.3378563,2.581341,-0.27128196,0.33210588,0.90338886,0
-2.1601956,-0.93522984,3.0159459,-0.27128196,0.33210588,0.90338886,0
2.5374646,1.653542,-1.1895211,0.65667474,0.75007206,-0.078547955,0
-2.5279665,-1.6903385,0.9175458,-0.65667474,-0.75007206,0.078547955,0
2.3036201,1.880656,-0.97573733,0.65667474,0.75007206,-0.078547955,0
-0.53122258,1.0788143,2.7647088,-0.27128196,0.33210588,0.90338886,0
1.4718757,0.087767601,-1.1517811,0.70369303,-0.57192433,0.42156678,0
-1.2827368,-2.3740153,0.10649872,0.70369303,-0.57192433,0.42156678,0
-0.34991992,0.70705175,0.35727751,-0.70369303,0.57192433,-0.42156678,0
-0.82279301,-1.2955093,-1.5701885,-0.70369303,0.57192433,-0.42156678,0
-2.5050452,-1.5081464,2.848969,-0.65667474,-0.75007206,0.078547955,0
-2.1927371,-1.9523846,1.2177887,-0.65667474,-0.75007206,0.078547955,0
-1.7564076,0.13929904,2.7421803,-0.27128196,0.33210588,0.90338886,0
0.21575215,0.80690724,-0.45149088,-0.70369303,0.57192433,-0.42156678,0
-1.37396,-0.26332152,3.0050392,-0.27128196,0.33210588,0.90338886,0
2.7431238,0.91774082,-2.8344672,0.27128196,-0.33210588,-0.90338886,0
1.5187278,2.8568907,1.7847097,0.65667474,0.75007206,-0.078547955,0
-0.33111143,-2.0334909,-2.6727018,0.27128196,-0.33210588,-0.90338886,0
1.5422623,-0.542395,-2.6582994,0.27128196,-0.33210588,-0.90338886,0
-0.44354832,-0.18205303,1.6794524,0.70369303,-0.57192433,0.42156678,0
-0.098572493,-0.50921124,-1.7123394,-0.70369303,0.57192433,-0.42156678,0
0.12061572,2.2580171,1.6759816,-0.70369303,0.57192433,-0.42156678,0
-1.0360827,-2.1866941,-0.051092267,0.70369303,-0.57192433,0.42156678,0
-1.2577171,-3.0796716,-1.7299999,-0.65667474,-0.75007206,0.078547955,0
1.0159113,-0.40907413,-2.865371,0.27128196,-0.33210588,-0.90338886,0
-0.12398171,-1.7123867,-2.7285471,0.27128196,-0.33210588,-0.90338886,0
-1.5441239,-2.7861128,-1.3211504,-0.65667474,-0.75007206,0.078547955,0
-0.15974522,2.4148879,2.3850908,-0.27128196,0.33210588,0.90338886,0
-0.56376219,0.8066507,0.84935248,-0.70369303,0.57192433,-0.42156678,0
1.6035241,0.40444618,-2.987983,0.27128196,-0.33210588,-0.90338886,0
1.5820732,2.738678,1.1854472,0.65667474,0.75007206,-0.078547955,0
1.2538369,-0.0071104765,-2.9416947,0.27128196,-0.33210588,-0.90338886,0
-1.6751878,-0.1774466,2.8830128,-0.27128196,0.33210588,0.90338886,0
-1.9381332,-1.2144068,0.40160346,-0.70369303,0.57192433,-0.42156678,0
-1.522203,-2.8355882,-1.6103425,-0.65667474,-0.75007206,0.078547955,0
-0.35276055,1.4962593,2.6648378,-0.27128196,0.33210588,0.90338886,0
1.3445601,2.9860559,1.562062,0.65667474,0.75007206,-0.078547955,0
-0.02638045,-0.67323285,0.31673646,0.70369303,-0.57192433,0.42156678,0
1.3354075,0.20337999,-2.9945803,0.27128196,-0.33210588,-0.90338886,0
0.39588833,2.6953809,2.4488282,-0.27128196,0.33210588,0.90338886,0
-1.6329544,-2.7816653,-2.0213215,-0.65667474,-0.75007206,0.078547955,0
0.039922476,-2.3661304,-2.0906308,0.70369303,-0.57192433,0.42156678,0
2.48736,0.52429736,-2.7666326,0.27128196,-0.33210588,-0.90338886,0
-1.7336173,-2.59953,-1.1236284,-0.65667474,-0.75007206,0.078547955,0
-2.4145598,-0.60120022,2.8167653,-0.27128196,0.33210588,0.90338886,0
0.96013504,0.30388218,-0.0043718815,0.70369303,-0.57192433,0.42156678,0
1.4191864,3.012419,2.4376979,0.65667474,0.75007206,-0.078547955,0
-1.3296161,-3.0944841,-2.4725335,-0.65667474,-0.75007206,0.078547955,0
2.1751809,1.9564452,-1.3257856,0.65667474,0.75007206,-0.078547955,0
2.746027,1.3356061,-2.4819453,0.65667474,0.75007206,-0.078547955,0
1.0671961,-1.0995505,-2.0870678,0.70369303,-0.57192433,0.42156678,0
-0.58188647,0.14067483,-0.023899078,-0.70369303,0.57192433,-0.42156678,0
2.0959985,2.0202456,-1.3785219,0.65667474,0.75007206,-0.078547955,0
1.6756973,2.5040834,1.7861202,0.70369303,-0.57192433,0.42156678,0
2.2834742,1.8100971,-1.8179448,0.65667474,0.75007206,-0.078547955,0
1.3765366,1.2701678,-1.7606225,-0.70369303,0.57192433,-0.42156678,0
2.1386614,0.7221421,-2.944077,0.27128196,-0.33210588,-0.90338886,0
1.4584161,1.5884895,0.90666056,0.70369303,-0.57192433,0.42156678,0
0.88594913,-0.60413712,-1.1124146,0.70369303,-0.57192433,0.42156678,0
0.76568604,-1.1662277,-1.6742358,0.70369303,-0.57192433,0.42156678,0
-1.0557694,0.29387218,2.8957529,-0.27128196,0.33210588,0.90338886,0
2.4556835,0.38665175,-2.7255435,0.27128196,-0.33210588,-0.90338886,0
1.4178159,2.9387667,1.7229246,0.65667474,0.75007206,-0.078547955,0
-0.12109828,2.0625443,2.5262256,-0.27128196,0.33210588,0.90338886,0
-0.6831038,0.79985714,2.8216507,-0.27128196,0.33210588,0.90338886,0
-1.6380836,-0.51410449,0.85082495,-0.70369303,0.57192433,-0.42156678,0
1.2238352,-0.58902115,-2.7367806,0.27128196,-0.33210588,-0.90338886,0
0.95682049,2.9282331,2.531671,-0.27128196,0.33210588,0.90338886,0
1.6728482,-0.23763192,-1.928709,0.70369303,-0.57192433,0.42156678,0
2.0648422,2.142791,-0.46877599,0.65667474,0.75007206,-0.078547955,0
-0.44061685,-1.1006899,-1.943825,-0.70369303,0.57192433,-0.42156678,0
1.966634,2.166791,-1.0606356,0.65667474,0.75007206,-0.078547955,0
2.4722304,1.5889587,-2.3516102,0.65667474,0.75007206,-0.078547955,0
0.68335032,0.61079758,0.87402761,0.70369303,-0.57192433,0.42156678,0
0.45349383,-1.4260911,-1.5056612,0.70369303,-0.57192433,0.42156678,0
0.65433377,1.0807648,-0.8120535,-0.70369303,0.57192433,-0.42156678,0
-1.9706227,0.10091579,2.6919632,-0.27128196,0.33210588,0.90338886,0
0.58344126,2.3836708,2.619741,-0.27128196,0.33210588,0.90338886,0
-1.0769875,-3.2836223,-2.1666386,-0.65667474,-0.75007206,0.078547955,0
-1.5775858,-0.2927134,2.9546967,-0.27128196,0.33210588,0.90338886,0
-2.723022,-0.64292085,2.7394733,-0.27128196,0.33210588,0.90338886,0
2.5981567,1.5433347,-1.7345178,0.65667474,0.75007206,-0.078547955,0
1.7628211,2.5306063,0.70960855,0.65667474,0.75007206,-0.078547955,0
-1.7851491,-2.343987,0.8857975,-0.65667474,-0.75007206,0.078547955,0
1.7285746,0.44740224,-2.9662228,0.27128196,-0.33210588,-0.90338886,0
-2.0691447,-2.164782,0.22281122,-0.65667474,-0.75007206,0.078547955,0
1.2366042,3.1672983,2.3902614,0.65667474,0.75007206,-0.078547955,0
1.1935298,3.1191769,1.5706276,0.65667474,0.75007206,-0.078547955,0
-2.2915773,-0.28795564,2.7385404,-0.27128196,0.33210588,0.90338886,0
2.2678223,1.5564781,-2.8599594,-0.70369303,0.57192433,-0.42156678,0
-2.4407687,-1.0110315,1.516531,-0.70369303,0.57192433,-0.42156678,0
-1.1702116,-3.1193776,-1.3775983,-0.65667474,-0.75007206,0.078547955,0
-1.9531543,-2.3540783,-0.6151216,-0.65667474,-0.75007206,0.078547955,0
1.5174317,-0.58007693,-2.6519036,0.27128196,-0.33210588,-0.90338886,0
0.56723833,2.4798393,2.5795217,-0.27128196,0.33210588,0.90338886,0
-1.6883466,-2.6439686,-1.1695127,-0.65667474,-0.75007206,0.078547955,0
-0.0023810863,-1.2345513,-0.48484439,0.70369303,-0.57192433,0.42156678,0
-0.61755943,0.81048858,2.8374248,-0.27128196,0.33210588,0.90338886,0
1.6121085,0.065682292,-1.4158248,0.70369303,-0.57192433,0.42156678,0
-0.24076223,1.6873208,2.6282315,-0.27128196,0.33210588,0.90338886,0
2.2029912,0.70499265,-2.9184546,0.27128196,-0.33210588,-0.90338886,0
1.5423741,-0.089357018,-2.8248131,0.27128196,-0.33210588,-0.90338886,0
-1.7055995,0.40564644,2.6595223,-0.27128196,0.33210588,0.90338886,0
-0.70217228,-2.7617941,-2.5163884,0.27128196,-0.33210588,-0.90338886,0
1.5754318,-0.11344337,-1.5976161,0.70369303,-0.57192433,0.42156678,0
0.79763007,-1.5588756,-2.5082269,0.27128196,-0.33210588,-0.90338886,0
-2.3059657,-1.3638585,0.81284571,-0.70369303,0.57192433,-0.42156678,0
1.5742813,1.6164017,0.75112176,0.70369303,-0.57192433,0.42156678,0
1.1041708,0.16329402,-0.43553197,0.70369303,-0.57192433,0.42156678,0
0.92436647,3.4204371,2.1971738,0.65667474,0.75007206,-0.078547955,0
1.8612108,2.3941975,0.22956634,0.65667474,0.75007206,-0.078547955,0
1.3693194,2.9409413,2.6508703,-0.27128196,0.33210588,0.90338886,0
1.3499789,2.9142427,0.92160702,0.65667474,0.75007206,-0.078547955,0
1.8235763,-0.30445921,-2.661293,0.27128196,-0.33210588,-0.90338886,0
-1.0466893,1.2710149,2.2854571,-0.70369303,0.57192433,-0.42156678,0
-2.7182186,-1.3603646,2.4780037,-0.65667474,-0.75007206,0.078547955,0
-1.8670319,-2.3013897,0.60801315,-0.65667474,-0.75007206,0.078547955,0
1.1792781,3.110353,1.3672193,0.65667474,0.75007206,-0.078547955,0
-1.9751581,-2.1762364,0.89917421,-0.65667474,-0.75007206,0.078547955,0
1.064406,1.2235106,1.0692019,0.70369303,-0.57192433,0.42156678,0
-1.827418,-0.70240349,3.0302849,-0.27128196,0.33210588,0.90338886,0
-2.5408173,-1.6754804,0.95199513,-0.65667474,-0.75007206,0.078547955,0
-1.4942648,0.25982487,2.776592,-0.27128196,0.33210588,0.90338886,0
2.4453373,1.5722182,-2.7363009,0.65667474,0.75007206,-0.078547955,0
-1.9631255,-0.33221471,2.8534431,-0.27128196,0.33210588,0.90338886,0
-1.4711752,-0.12124813,2.9236164,-0.27128196,0.33210588,0.90338886,0
2.0504375,2.2203891,0.15179896,0.65667474,0.75007206,-0.078547955,0
0.59508801,3.0268857,2.3867781,-0.27128196,0.33210588,0.90338886,0
2.3316827,1.7518926,-1.9707201,0.65667474,0.75007206,-0.078547955,0
-0.56007147,1.7293749,2.0950179,-0.70369303,0.57192433,-0.42156678,0
-2.049274,-2.1471999,0.55682921,-0.65667474,-0.75007206,0.078547955,0
2.1138551,0.68339908,-2.9372835,0.27128196,-0.33210588,-0.90338886,0
-2.4878411,-1.6667808,1.4779582,-0.65667474,-0.75007206,0.078547955,0
-0.8692925,-1.0177343,1.2563808,0.70369303,-0.57192433,0.42156678,0
-2.437628,-1.5988238,2.5466893,-0.65667474,-0.75007206,0.078547955,0
0.30504835,0.13730285,0.86312866,0.70369303,-0.57192433,0.42156678,0
1.6081984,2.8339436,2.3135734,0.65667474,0.75007206,-0.078547955,0
-1.5841787,-1.1890546,-0.15483439,-0.70369303,0.57192433,-0.42156678,0
1.6039732,2.7048864,2.1782675,0.70369303,-0.57192433,0.42156678,0
-1.5793864,-2.1296551,0.93319082,0.70369303,-0.57192433,0.42156678,0
-0.43180308,0.30038816,-0.057745993,-0.70369303,0.57192433,-0.42156678,0
2.0731521,0.86494768,-1.1010802,0.70369303,-0.57192433,0.42156678,0
-2.6789668,-0.53236377,2.5635307,-0.70369303,0.57192433,-0.42156678,0
2.1936331,1.9575211,-1.1612465,0.65667474,0.75007206,-0.078547955,0
-1.9867322,-2.2212529,0.37254,-0.65667474,-0.75007206,0.078547955,0
2.4082556,0.83223128,-2.9035907,0.27128196,-0.33210588,-0.90338886,0
2.7877083,1.3861923,-1.6504197,0.65667474,0.75007206,-0.078547955,0
2.5135224,1.5821494,-2.0714285,0.65667474,0.75007206,-0.078547955,0
0.45755064,0.091971368,-1.8250363,-0.70369303,0.57192433,-0.42156678,0
0.85334802,3.3925807,1.9921018,-0.70369303,0.57192433,-0.42156678,0
0.22044802,-0.7505486,-2.5722728,-0.70369303,0.57192433,-0.42156678,0
-0.57157564,-2.3689432,-2.621592,0.27128196,-0.33210588,-0.90338886,0
-1.3605503,-1.2951679,-0.67208314,-0.70369303,0.57192433,-0.42156678,0
1.2978508,1.9466019,1.6605196,0.70369303,-0.57192433,0.42156678,0
-2.8119028,-1.2657099,2.598666,-0.65667474,-0.75007206,0.078547955,0
1.9579842,0.8743391,-0.89609694,0.70369303,-0.57192433,0.42156678,0
0.72239935,0.21222153,-2.1039917,-0.70369303,0.57192433,-0.42156678,0
1.0299196,-1.3855782,-2.4128878,0.70369303,-0.57192433,0.42156678,0
-0.88840342,-0.99159139,1.3237486,0.70369303,-0.57192433,0.42156678,0
-0.17687452,-1.388442,-0.40235212,0.70369303,-0.57192433,0.42156678,0
0.17241073,-2.3866167,-2.3395777,0.70369303,-0.57192433,0.42156678,0
-0.18190169,1.2422523,2.8095241,-0.27128196,0.33210588,0.90338886,0
-1.9219893,-0.33703041,2.8675666,-0.27128196,0.33210588,0.90338886,0
-0.22869593,-0.40609312,1.0168669,0.70369303,-0.57192433,0.42156678,0
-0.88860083,0.76857477,2.7714415,-0.27128196,0.33210588,0.90338886,0
-1.2757299,-1.6724554,1.0465834,0.70369303,-0.57192433,0.42156678,0
1.5830514,2.8615723,2.3671732,0.65667474,0.75007206,-0.078547955,0
-1.3042405,-2.9315472,-0.70446801,-0.65667474,-0.75007206,0.078547955,0
-1.5528574,-2.8254075,-1.7693971,-0.65667474,-0.75007206,0.078547955,0
-1.5515348,-2.6447778,-0.033466578,-0.65667474,-0.75007206,0.078547955,0
1.6000937,1.9047911,1.0992826,0.70369303,-0.57192433,0.42156678,0
-1.821383,-2.36131,0.41745138,-0.65667474,-0.75007206,0.078547955,0
2.3868961,1.6802074,-2.1936662,0.65667474,0.75007206,-0.078547955,0
-0.27955198,1.7401826,2.5971503,-0.27128196,0.33210588,0.90338886,0
2.3263993,1.7434138,-2.0958588,0.65667474,0.75007206,-0.078547955,0
1.4015002,-0.44377756,-2.7368236,0.27128196,-0.33210588,-0.90338886,0
1.3418474,0.04199934,-2.9333193,0.27128196,-0.33210588,-0.90338886,0
-0.18241689,-0.5654763,0.723387,0.70369303,-0.57192433,0.42156678,0
-2.7696948,-1.3429259,2.2141807,-0.65667474,-0.75007206,0.078547955,0
1.8324022,0.74655867,-3.0450203,0.27128196,-0.33210588,-0.90338886,0
-0.72631168,-2.5549514,-2.5996773,0.27128196,-0.33210588,-0.90338886,0
-0.070598125,1.3214802,2.8138223,-0.27128196,0.33210588,0.90338886,0
-1.2906525,1.1168082,2.4834812,-0.70369303,0.57192433,-0.42156678,0
0.52716875,2.7467546,2.4693651,-0.27128196,0.33210588,0.90338886,0
-0.26359034,1.9773763,1.9365764,-0.70369303,0.57192433,-0.42156678,0
1.4820298,2.7837138,0.77912521,0.65667474,0.75007206,-0.078547955,0
0.43649858,-0.73538989,-0.54024291,0.70369303,-0.57192433,0.42156678,0
0.99772596,2.4282546,2.7277579,-0.27128196,0.33210588,0.90338886,0
1.1772022,3.0086536,0.93065345,-0.70369303,0.57192433,-0.42156678,0
2.1684978,1.8831943,-2.0811501,0.65667474,0.75007206,-0.078547955,0
-1.2650402,0.79124975,2.6500633,-0.27128196,0.33210588,0.90338886,0
-1.8773482,-2.4196925,-0.60793686,-0.65667474,-0.75007206,0.078547955,0
-1.3759346,0.0082888603,2.9045961,-0.27128196,0.33210588,0.90338886,0
1.176626,-0.10916573,-2.9273627,0.27128196,-0.33210588,-0.90338886,0
1.5602765,0.24955857,-2.94403,0.27128196,-0.33210588,-0.90338886,0
-2.621609,-1.1075351,2.9407296,-0.27128196,0.33210588,0.90338886,0
-0.12958527,1.8105304,2.6163225,-0.27128196,0.33210588,0.90338886,0
1.0988865,-0.14073372,-2.9391022,0.27128196,-0.33210588,-0.90338886,0
-2.2618766,-1.7806661,2.2795513,-0.65667474,-0.75007206,0.078547955,0
1.0283144,0.7029264,0.4231897,0.70369303,-0.57192433,0.42156678,0
2.3123417,1.6898866,-0.38117909,0.70369303,-0.57192433,0.42156678,0
1.3189031,-0.44508153,-1.6193309,0.70369303,-0.57192433,0.42156678,0
-1.7283401,-2.586215,-0.95236635,-0.65667474,-0.75007206,0.078547955,0
-1.0069468,1.2534509,2.1952884,-0.70369303,0.57192433,-0.42156678,0
1.5652137,0.17906022,-2.9166303,0.27128196,-0.33210588,-0.90338886,0
-1.9856831,0.10165572,2.6871686,-0.27128196,0.33210588,0.90338886,0
1.9159607,2.3848741,0.59825349,0.65667474,0.75007206,-0.078547955,0
0.94566822,2.2618561,2.6760881,0.70369303,-0.57192433,0.42156678,0
-1.5332447,-2.6000726,0.21797156,0.70369303,-0.57192433,0.42156678,0
-1.3265069,1.013731,2.5498161,-0.27128196,0.33210588,0.90338886,0
-2.6107917,-1.266917,3.0025704,-0.27128196,0.33210588,0.90338886,0
2.2917252,0.45731139,-2.800755,0.27128196,-0.33210588,-0.90338886,0
1.3652613,-1.0319374,-2.4928796,0.70369303,-0.57192433,0.42156678,0
2.2579632,1.928877,-0.89696431,0.65667474,0.75007206,-0.078547955,0
1.8175242,1.1460352,-2.6651397,-0.70369303,0.57192433,-0.42156678,0
-1.374609,-2.6162295,-2.4408517,-0.70369303,0.57192433,-0.42156678,0
-1.4581032,0.88497126,2.4484711,-0.70369303,0.57192433,-0.42156678,0
-0.18914926,-0.53202677,-1.592099,-0.70369303,0.57192433,-0.42156678,0
2.4378142,1.3457103,-3.0834806,0.27128196,-0.33210588,-0.90338886,0
-2.6947372,-1.0406346,2.894176,-0.27128196,0.33210588,0.90338886,0
0.21371102,1.3675585,0.31253135,-0.70369303,0.57192433,-0.42156678,0
-0.48330092,-0.56258464,1.2295557,0.70369303,-0.57192433,0.42156678,0
-1.1243892,0.130786,2.935101,-0.27128196,0.33210588,0.90338886,0
1.2949862,3.0200467,2.5994673,-0.27128196,0.33210588,0.90338886,0
2.2038543,0.99556577,-3.0250163,0.27128196,-0.33210588,-0.90338886,0
0.49113417,2.6734536,2.485491,-0.27128196,0.33210588,0.90338886,0
2.6920021,1.4740355,-1.6117082,0.65667474,0.75007206,-0.078547955,0
0.88250899,0.010028064,-2.6455607,-0.70369303,0.57192433,-0.42156678,0
2.1711392,0.082709908,-2.3258767,0.70369303,-0.57192433,0.42156678,0
-0.10115361,-2.5528493,-2.1084566,0.70369303,-0.57192433,0.42156678,0
-0.16167486,0.83920515,0.22234035,-0.70369303,0.57192433,-0.42156678,0
2.6961877,0.62009859,-2.7391419,0.27128196,-0.33210588,-0.90338886,0
1.710516,0.4299885,-2.9652441,0.27128196,-0.33210588,-0.90338886,0
