2.3765006,0.34681308,-2.5531878,0.70390499,0.05516988,-0.70814836,0
1.4501441,-3.242641,0.26727867,0.26140317,-0.94712955,0.18604863,0
-2.6646717,3.2759585,1.6087768,-0.26140317,0.94712955,-0.18604863,0
-2.2396865,0.3125869,2.7405543,-0.70390499,-0.05516988,0.70814836,0
2.0953798,1.4279816,-2.7483933,0.70390499,0.05516988,-0.70814836,0
2.495399,0.037900329,-2.4590685,0.70390499,0.05516988,-0.70814836,0
2.8407052,-3.1225054,-1.0749137,0.26140317,-0.94712955,0.18604863,0
-2.3093176,-0.01046741,2.646172,-0.70390499,-0.05516988,0.70814836,0
-2.929265,2.8009825,2.2489715,-0.70390499,-0.05516988,0.70814836,0
-2.2183909,0.052672267,2.741473,-0.70390499,-0.05516988,0.70814836,0
3.41573,-2.526556,-1.7440423,0.70390499,0.05516988,-0.70814836,0
0.85718811,1.351977,-0.72447503,0.6604439,0.3160727,0.6811108,0
-3.0403364,1.5220784,2.0389299,-0.70390499,-0.05516988,0.70814836,0
0.71226346,-3.404593,0.47956133,0.26140317,-0.94712955,0.18604863,0
-0.7776655,-1.1765258,2.0341361,0.6604439,0.3160727,0.6811108,0
-3.0219908,2.0213296,2.0960608,-0.70390499,-0.05516988,0.70814836,0
1.6524615,1.6192048,-1.6196257,0.6604439,0.3160727,0.6811108,0
0.35054874,2.7846198,-2.3662231,-0.6604439,-0.3160727,-0.6811108,0
-2.9586658,2.6438022,0.90792727,-0.6604439,-0.3160727,-0.6811108,0
-1.451103,-3.2714181,3.2451925,-0.70390499,-0.05516988,0.70814836,0
1.339833,3.5562005,-2.5910122,-0.26140317,0.94712955,-0.18604863,0
-2.9748781,2.7596984,2.2004158,-0.70390499,-0.05516988,0.70814836,0
-0.22929192,3.3517337,-1.4272435,-0.26140317,0.94712955,-0.18604863,0
-1.4602166,3.3883963,0.48887968,-0.26140317,0.94712955,-0.18604863,0
-2.0813432,-1.7576127,2.7366657,-0.70390499,-0.05516988,0.70814836,0
-1.0942457,3.2489626,-0.73514509,-0.26140317,0.94712955,-0.18604863,0
2.1335657,0.32987511,-2.7959867,0.70390499,0.05516988,-0.70814836,0
1.2959322,-0.87814444,-0.1150077,0.6604439,0.3160727,0.6811108,0
2.2635636,-0.1479845,-2.7039967,0.70390499,0.05516988,-0.70814836,0
-3.1458967,3.0741882,1.2577441,-0.26140317,0.94712955,-0.18604863,0
0.37360978,3.3698921,-2.1818969,-0.26140317,0.94712955,-0.18604863,0
-2.9976268,1.5627339,2.0845511,-0.70390499,-0.05516988,0.70814836,0
-2.5542064,-0.90315461,2.1617222,-0.6604439,-0.3160727,-0.6811108,0
-2.7383585,1.5228688,2.3391602,-0.70390499,-0.05516988,0.70814836,0
-2.1230984,3.2698677,0.81684351,-0.26140317,0.94712955,-0.18604863,0
-0.68075711,1.8617384,-0.9379425,-0.6604439,-0.3160727,-0.6811108,0
0.87927872,1.5101055,-0.81927562,0.6604439,0.3160727,0.6811108,0
-2.1664631,-1.3396246,2.6846194,-0.70390499,-0.05516988,0.70814836,0
3.10818,-1.5862837,-1.976495,0.70390499,0.05516988,-0.70814836,0
-3.2088084,3.1873717,1.9223292,-0.26140317,0.94712955,-0.18604863,0
0.57194519,3.5405595,-1.5917346,-0.26140317,0.94712955,-0.18604863,0
-2.9032922,0.74751389,2.114809,-0.70390499,-0.05516988,0.70814836,0
1.5960147,-3.3066881,-0.26372242,0.26140317,-0.94712955,0.18604863,0
-1.0985973,-3.5797234,2.1323216,0.26140317,-0.94712955,0.18604863,0
-1.920346,-2.677809,2.8250074,-0.70390499,-0.05516988,0.70814836,0
-2.7863698,0.96904898,2.2482901,-0.70390499,-0.05516988,0.70814836,0
-1.8195151,-0.96810496,2.9476542,0.6604439,0.3160727,0.6811108,0
-3.3413587,3.0231922,1.2727654,-0.26140317,0.94712955,-0.18604863,0
0.84485662,-3.2356412,1.1533599,0.26140317,-0.94712955,0.18604863,0
-0.77373993,-2.3119588,1.0890429,-0.6604439,-0.3160727,-0.6811108,0
1.4099648,2.9430714,-3.3116646,0.70390499,0.05516988,-0.70814836,0
-1.6207442,1.1860498,1.7552689,0.6604439,0.3160727,0.6811108,0
-2.2282848,3.2555051,0.89151669,-0.26140317,0.94712955,-0.18604863,0
2.3862348,0.013872266,-2.5694506,0.70390499,0.05516988,-0.70814836,0
-2.1098437,-2.4887648,2.6513734,-0.70390499,-0.05516988,0.70814836,0
-1.1862494,0.95475245,-0.02689743,-0.6604439,-0.3160727,-0.6811108,0
1.0256333,1.4683295,-0.94180298,0.6604439,0.3160727,0.6811108,0
-3.0578055,1.3574722,2.0087414,-0.70390499,-0.05516988,0.70814836,0
-1.2514544,-2.0842986,2.9148054,0.6604439,0.3160727,0.6811108,0
-2.5117245,-0.35833085,2.4178772,-0.70390499,-0.05516988,0.70814836,0
-2.2288661,-1.0171835,2.647711,-0.70390499,-0.05516988,0.70814836,0
-2.5061867,0.11703849,2.4604163,-0.70390499,-0.05516988,0.70814836,0
-3.024936,1.3608582,1.5675429,-0.6604439,-0.3160727,-0.6811108,0
2.7167068,-0.24760234,-2.2613297,0.70390499,0.05516988,-0.70814836,0
-2.0999146,-1.5251231,2.7363179,-0.70390499,-0.05516988,0.70814836,0
0.53835082,3.3785591,-2.369241,-0.26140317,0.94712955,-0.18604863,0
2.0456524,-0.38295525,-1.0717741,0.6604439,0.3160727,0.6811108,0
-2.338974,3.3031025,1.2893462,-0.26140317,0.94712955,-0.18604863,0
-1.2293664,3.373457,0.088475227,-0.26140317,0.94712955,-0.18604863,0
2.2213619,-3.294673,-1.0811844,0.26140317,-0.94712955,0.18604863,0
-1.2431551,3.3418672,-0.052967787,-0.26140317,0.94712955,-0.18604863,0
2.9231215,-3.2218428,-1.6964135,0.26140317,-0.94712955,0.18604863,0
-1.9370573,1.9526592,1.7062354,0.6604439,0.3160727,0.6811108,0
1.3159668,-2.633801,-0.78790355,-0.6604439,-0.3160727,-0.6811108,0
2.1005378,0.92466867,-2.7824776,0.70390499,0.05516988,-0.70814836,0
1.8054554,-0.38980401,-2.3038771,-0.6604439,-0.3160727,-0.6811108,0
2.731102,-1.5389394,-2.3476253,0.70390499,0.05516988,-0.70814836,0
-2.1961753,-0.72123456,2.7032626,-0.70390499,-0.05516988,0.70814836,0
-0.21527433,1.9276246,-1.4198761,-0.6604439,-0.3160727,-0.6811108,0
-1.0105438,-3.4958317,2.4356771,0.26140317,-0.94712955,0.18604863,0
-1.4588456,-3.4972386,2.3033955,-0.6604439,-0.3160727,-0.6811108,0
-1.4865301,2.8686407,-0.62387729,-0.6604439,-0.3160727,-0.6811108,0
0.30543351,-3.2591729,1.7914672,0.26140317,-0.94712955,0.18604863,0
2.0821459,2.3240018,-2.3633368,0.6604439,0.3160727,0.6811108,0
2.743144,0.44042283,-2.1814485,0.70390499,0.05516988,-0.70814836,0
-0.67708254,-0.68182629,0.23884767,-0.6604439,-0.3160727,-0.6811108,0
-1.9036787,-2.1140931,2.8854926,-0.70390499,-0.05516988,0.70814836,0
1.1155283,3.4620552,-2.7551308,-0.26140317,0.94712955,-0.18604863,0
0.24429202,-2.2619832,0.078709841,-0.6604439,-0.3160727,-0.6811108,0
-0.116745,-3.3448412,1.9485235,0.26140317,-0.94712955,0.18604863,0
1.5354693,-0.68999487,-1.902778,-0.6604439,-0.3160727,-0.6811108,0
-0.05792594,3.293283,-1.9655759,-0.26140317,0.94712955,-0.18604863,0
-1.4800564,3.360548,0.37498641,-0.26140317,0.94712955,-0.18604863,0
0.57161832,3.5301332,-1.6443541,-0.26140317,0.94712955,-0.18604863,0
-0.13940144,-2.1708884,1.8766775,0.6604439,0.3160727,0.6811108,0
-0.14647591,0.55398977,0.61904478,0.6604439,0.3160727,0.6811108,0
3.6540613,-2.8090315,-1.5291455,0.70390499,0.05516988,-0.70814836,0
1.4183588,3.0125303,-3.29791,0.70390499,0.05516988,-0.70814836,0
-1.4779955,-0.3828373,2.3449011,0.6604439,0.3160727,0.6811108,0
-0.83940458,-3.5068588,2.1390853,0.26140317,-0.94712955,0.18604863,0
2.1490238,0.39757431,-2.7753472,0.70390499,0.05516988,-0.70814836,0
2.8654351,-1.3688234,-2.2008436,0.70390499,0.05516988,-0.70814836,0
-2.4550734,0.60662693,2.549366,-0.70390499,-0.05516988,0.70814836,0
1.4240839,3.5359001,-2.8127344,-0.26140317,0.94712955,-0.18604863,0
-2.7252784,0.70753157,2.288641,-0.70390499,-0.05516988,0.70814836,0
-1.7276385,-3.1156509,2.9824495,-0.70390499,-0.05516988,0.70814836,0
-1.4292312,-2.8522024,3.299593,-0.70390499,-0.05516988,0.70814836,0
1.4591348,2.9928775,-3.2589092,0.70390499,0.05516988,-0.70814836,0
3.5759478,-2.6655166,-1.5956101,0.70390499,0.05516988,-0.70814836,0
-1.9560713,-2.0534768,2.8381367,-0.70390499,-0.05516988,0.70814836,0
3.4210644,-2.6127896,-1.7454575,0.70390499,0.05516988,-0.70814836,0
2.3371305,0.91554475,-2.5480139,0.70390499,0.05516988,-0.70814836,0
-1.6733446,3.1768456,-0.28862619,-0.26140317,0.94712955,-0.18604863,0
-2.9463968,1.4766092,2.1287644,-0.70390499,-0.05516988,0.70814836,0
2.6856055,-1.4218451,-2.3837268,0.70390499,0.05516988,-0.70814836,0
-2.9539857,2.3124492,2.1863389,-0.70390499,-0.05516988,0.70814836,0
-3.1304648,2.9638579,2.0616667,-0.70390499,-0.05516988,0.70814836,0
-2.080771,1.5549847,0.56194091,-0.6604439,-0.3160727,-0.6811108,0
-2.391722,1.9882979,0.66237569,-0.6604439,-0.3160727,-0.6811108,0
-0.26692438,3.4057643,-1.0993125,-0.26140317,0.94712955,-0.18604863,0
1.2248101,0.93145001,-0.88579452,0.6604439,0.3160727,0.6811108,0
-1.1982925,3.4232085,0.29808807,-0.26140317,0.94712955,-0.18604863,0
-1.1245466,-0.94937593,0.79689205,-0.6604439,-0.3160727,-0.6811108,0
-3.4513824,2.4989445,1.706452,-0.70390499,-0.05516988,0.70814836,0
1.9183965,1.590475,-2.9116569,0.70390499,0.05516988,-0.70814836,0
-1.7959862,3.0518913,1.0593412,0.6604439,0.3160727,0.6811108,0
-2.0882468,-2.4278004,2.6775906,-0.70390499,-0.05516988,0.70814836,0
-2.3182826,-0.69023728,2.5843019,-0.70390499,-0.05516988,0.70814836,0
-1.9208333,0.88008261,2.1882381,0.6604439,0.3160727,0.6811108,0
2.00104,-1.4459213,-0.53524077,0.6604439,0.3160727,0.6811108,0
1.1766101,-3.4170756,-0.23640466,0.26140317,-0.94712955,0.18604863,0
-0.55446076,3.3854139,-0.79891562,-0.26140317,0.94712955,-0.18604863,0
-1.9321512,0.92303669,2.1792793,0.6604439,0.3160727,0.6811108,0
-1.2331802,3.2988801,-0.28581977,-0.26140317,0.94712955,-0.18604863,0
3.034512,-1.9362817,-2.0769887,0.70390499,0.05516988,-0.70814836,0
2.8665874,-3.1398335,-1.1994922,0.26140317,-0.94712955,0.18604863,0
-1.1026793,-1.7222563,2.6025367,0.6604439,0.3160727,0.6811108,0
-0.20741034,-3.4631915,1.4734178,0.26140317,-0.94712955,0.18604863,0
-2.0671933,1.876357,0.39964104,-0.6604439,-0.3160727,-0.6811108,0
2.6291676,0.75584519,-2.2701683,0.70390499,0.05516988,-0.70814836,0
-2.0637298,3.3095641,0.93551421,-0.26140317,0.94712955,-0.18604863,0
1.7225984,1.5757934,-3.1074252,0.70390499,0.05516988,-0.70814836,0
0.27911949,2.0842202,-1.9719374,-0.6604439,-0.3160727,-0.6811108,0
2.6482632,-1.5581895,-2.4314671,0.70390499,0.05516988,-0.70814836,0
3.0810633,-3.2185073,-1.9013462,0.26140317,-0.94712955,0.18604863,0
-2.9422574,0.79600626,2.079855,-0.70390499,-0.05516988,0.70814836,0
-2.9825811,1.6192887,2.1039126,-0.70390499,-0.05516988,0.70814836,0
0.96428376,-3.1993732,1.1701922,0.26140317,-0.94712955,0.18604863,0
2.1248031,-0.75906205,-0.97398895,0.6604439,0.3160727,0.6811108,0
1.2631277,-0.61056644,-1.6755592,-0.6604439,-0.3160727,-0.6811108,0
2.5262308,1.2638503,-2.332911,0.70390499,0.05516988,-0.70814836,0
-0.57119799,-3.462996,1.9855442,0.26140317,-0.94712955,0.18604863,0
2.5497851,-0.79087836,-2.4695759,0.70390499,0.05516988,-0.70814836,0
2.8373427,-1.2508682,-1.4366832,0.6604439,0.3160727,0.6811108,0
1.1019726,-1.543977,0.38204932,0.6604439,0.3160727,0.6811108,0
-1.1902354,3.4216237,0.27869964,-0.26140317,0.94712955,-0.18604863,0
-2.61201,0.034584105,2.3488035,-0.70390499,-0.05516988,0.70814836,0
-2.599225,3.268784,1.7375567,0.6604439,0.3160727,0.6811108,0
-2.8733823,1.8578444,2.2310424,-0.70390499,-0.05516988,0.70814836,0
-1.8932567,3.2141981,0.21050835,-0.26140317,0.94712955,-0.18604863,0
2.1000018,1.0564318,-1.7924286,0.6604439,0.3160727,0.6811108,0
-3.1719899,1.9189612,1.9389853,-0.70390499,-0.05516988,0.70814836,0
-1.4515272,0.52368456,1.8985603,0.6604439,0.3160727,0.6811108,0
-2.4476311,-0.21994507,2.4923675,-0.70390499,-0.05516988,0.70814836,0
-2.7610803,3.2877698,1.8043621,-0.26140317,0.94712955,-0.18604863,0
0.05805555,-0.30708969,0.82030743,0.6604439,0.3160727,0.6811108,0
0.84748441,-2.8572836,1.2382619,0.6604439,0.3160727,0.6811108,0
-0.34171498,-2.3502927,2.1561065,0.6604439,0.3160727,0.6811108,0
-2.0670114,-0.54098701,2.845695,-0.70390499,-0.05516988,0.70814836,0
-2.0077529,3.165334,0.12262368,-0.26140317,0.94712955,-0.18604863,0
2.9794517,-3.1908948,-1.618011,0.26140317,-0.94712955,0.18604863,0
3.0055859,-0.96938187,-2.0304134,0.70390499,0.05516988,-0.70814836,0
-1.0903478,-3.4659517,2.6999168,0.26140317,-0.94712955,0.18604863,0
-2.0158381,3.1057289,-0.16945171,-0.26140317,0.94712955,-0.18604863,0
2.2572253,-3.1329141,-1.4689851,-0.6604439,-0.3160727,-0.6811108,0
-2.4423404,-0.54851264,2.4720287,-0.70390499,-0.05516988,0.70814836,0
-1.6858878,2.3686419,-0.19854164,-0.6604439,-0.3160727,-0.6811108,0
-1.880106,-2.7831037,2.8568032,-0.70390499,-0.05516988,0.70814836,0
2.5310028,-1.8599991,-2.3251581,-0.6604439,-0.3160727,-0.6811108,0
-2.4775209,-0.14844075,1.7371354,-0.6604439,-0.3160727,-0.6811108,0
2.3544817,-0.12630558,-2.6119342,0.70390499,0.05516988,-0.70814836,0
-2.1166267,1.1090412,2.2718413,0.6604439,0.3160727,0.6811108,0
2.1920235,2.0042241,-2.6074352,0.70390499,0.05516988,-0.70814836,0
2.3675852,-2.6726127,-1.789602,-0.6604439,-0.3160727,-0.6811108,0
-2.4772589,2.9753819,1.7554462,0.6604439,0.3160727,0.6811108,0
-1.6836079,3.2411971,0.053394079,-0.26140317,0.94712955,-0.18604863,0
-3.3688247,2.4508467,1.3951824,-0.6604439,-0.3160727,-0.6811108,0
2.1053648,0.74140584,-2.7919576,0.70390499,0.05516988,-0.70814836,0
1.6153976,-3.2788107,-0.14903831,0.26140317,-0.94712955,0.18604863,0
1.8980318,1.0102217,-2.9771051,0.70390499,0.05516988,-0.70814836,0
-3.3178101,3.1507082,1.8888326,-0.26140317,0.94712955,-0.18604863,0
1.8587089,-3.2343578,-0.26459646,0.26140317,-0.94712955,0.18604863,0
1.7233332,-3.2964458,-0.3904655,0.26140317,-0.94712955,0.18604863,0
-1.4586656,0.47679597,1.9272408,0.6604439,0.3160727,0.6811108,0
-2.832418,0.86521894,2.1944284,-0.70390499,-0.05516988,0.70814836,0
-1.2953846,-3.2715125,3.3999703,-0.70390499,-0.05516988,0.70814836,0
1.8249276,3.6473715,-2.8084536,-0.26140317,0.94712955,-0.18604863,0
-3.2736075,1.9080746,1.8371285,-0.70390499,-0.05516988,0.70814836,0
1.5269146,0.13848886,-0.81075478,0.6604439,0.3160727,0.6811108,0
1.0045753,3.4817421,-2.4990168,-0.26140317,0.94712955,-0.18604863,0
0.7001217,-0.23104724,0.16243562,0.6604439,0.3160727,0.6811108,0
2.0851717,-3.1245022,-0.023534298,0.26140317,-0.94712955,0.18604863,0
1.8960822,2.2727873,-2.8806806,0.70390499,0.05516988,-0.70814836,0
-1.5963058,-3.6374238,2.5378773,0.26140317,-0.94712955,0.18604863,0
2.1796033,0.64196813,-2.7259107,0.70390499,0.05516988,-0.70814836,0
-0.82038271,1.0955468,1.021191,0.6604439,0.3160727,0.6811108,0
-2.7231264,0.79430211,2.2975402,-0.70390499,-0.05516988,0.70814836,0
0.059052706,-0.42722079,-0.59310198,-0.6604439,-0.3160727,-0.6811108,0
3.199208,-1.763563,-1.899824,0.70390499,0.05516988,-0.70814836,0
1.0384669,-2.6740751,0.96805573,0.6604439,0.3160727,0.6811108,0
0.22704756,-3.4021232,1.1738765,0.26140317,-0.94712955,0.18604863,0
-2.2395163,-1.4874041,2.6004913,-0.70390499,-0.05516988,0.70814836,0
1.936738,2.2278984,-2.8437655,0.70390499,0.05516988,-0.70814836,0
-3.3836672,2.0594158,1.7395189,-0.70390499,-0.05516988,0.70814836,0
-2.8694282,0.16065988,2.1027498,-0.70390499,-0.05516988,0.70814836,0
0.048112869,2.8170431,-0.61982012,0.6604439,0.3160727,0.6811108,0
-2.0976169,-0.9308157,2.7849023,-0.70390499,-0.05516988,0.70814836,0
-3.5195134,2.9942679,1.3758295,-0.26140317,0.94712955,-0.18604863,0
1.6679009,-3.1712122,0.32495308,0.26140317,-0.94712955,0.18604863,0
2.0480797,1.2316387,-2.8107066,0.70390499,0.05516988,-0.70814836,0
-0.44195986,-3.0037751,2.5565603,0.6604439,0.3160727,0.6811108,0
-2.6103821,1.3887632,2.4559219,-0.70390499,-0.05516988,0.70814836,0
-2.2869256,3.2936511,1.1681015,-0.26140317,0.94712955,-0.18604863,0
3.5383143,-2.4994671,-1.6200818,0.70390499,0.05516988,-0.70814836,0
-3.6221554,2.8915687,1.5672903,-0.70390499,-0.05516988,0.70814836,0
0.09145999,-3.3992083,1.3792181,0.26140317,-0.94712955,0.18604863,0
-1.3452506,2.1827128,-0.44256186,-0.6604439,-0.3160727,-0.6811108,0
-2.0615475,2.597466,1.5277228,0.6604439,0.3160727,0.6811108,0
-2.3579078,-0.15987825,2.5862331,-0.70390499,-0.05516988,0.70814836,0
0.41831589,3.5066288,-1.5486169,-0.26140317,0.94712955,-0.18604863,0
2.9614663,-0.74399865,-2.0567098,0.70390499,0.05516988,-0.70814836,0
-0.77275306,-0.22838378,1.589383,0.6604439,0.3160727,0.6811108,0
-2.8087602,0.64400017,2.2007103,-0.70390499,-0.05516988,0.70814836,0
-3.0428157,0.95688295,1.9924328,-0.70390499,-0.05516988,0.70814836,0
2.0105696,0.73379099,-2.8867776,0.70390499,0.05516988,-0.70814836,0
1.6279736,3.1242092,-3.0808508,0.70390499,0.05516988,-0.70814836,0
-1.5964427,-0.87006462,2.6858547,0.6604439,0.3160727,0.6811108,0
1.3542271,3.4851038,-2.9731746,-0.26140317,0.94712955,-0.18604863,0
-3.3546107,2.1982131,1.7792147,-0.70390499,-0.05516988,0.70814836,0
0.65775919,3.4113138,-2.3702662,-0.26140317,0.94712955,-0.18604863,0
1.9335728,2.0552397,-2.8603625,0.70390499,0.05516988,-0.70814836,0
-0.050405979,-2.9766495,2.1643,0.6604439,0.3160727,0.6811108,0
1.7896545,-3.2977109,-0.49008942,0.26140317,-0.94712955,0.18604863,0
-1.2570726,0.069055706,0.45278865,-0.6604439,-0.3160727,-0.6811108,0
-2.060246,-0.37029457,2.8657184,-0.70390499,-0.05516988,0.70814836,0
0.46610212,3.4632716,-1.325012,0.6604439,0.3160727,0.6811108,0
2.790163,-2.9797399,-2.0568335,-0.6604439,-0.3160727,-0.6811108,0
-1.292464,-3.2973816,3.4008582,-0.70390499,-0.05516988,0.70814836,0
-2.7739935,2.0648451,2.3459623,-0.70390499,-0.05516988,0.70814836,0
-0.61534929,3.2978778,-1.1589899,-0.26140317,0.94712955,-0.18604863,0
-0.96095967,-2.4085488,1.3154047,-0.6604439,-0.3160727,-0.6811108,0
-0.6967634,-0.41312134,1.6014274,0.6604439,0.3160727,0.6811108,0
1.4965096,-2.5134618,-1.0188119,-0.6604439,-0.3160727,-0.6811108,0
1.4012904,-0.2970413,-1.9550226,-0.6604439,-0.3160727,-0.6811108,0
2.4053297,0.054743767,-2.5472858,0.70390499,0.05516988,-0.70814836,0
-1.5876379,-2.0743484,3.2027364,-0.70390499,-0.05516988,0.70814836,0
3.1805468,-2.0257764,-1.9388016,0.70390499,0.05516988,-0.70814836,0
-2.8693156,3.2309923,1.6673937,-0.26140317,0.94712955,-0.18604863,0
-1.7548296,3.2967834,0.43644047,-0.26140317,0.94712955,-0.18604863,0
-1.4686013,2.4691193,-0.45586181,-0.6604439,-0.3160727,-0.6811108,0
-0.66774511,-3.3471115,2.7111366,0.26140317,-0.94712955,0.18604863,0
-2.3966479,-0.78378898,2.4991179,-0.70390499,-0.05516988,0.70814836,0
-1.6041961,-2.4029608,3.160676,-0.70390499,-0.05516988,0.70814836,0
-1.0627739,3.3482604,0.21084523,0.6604439,0.3160727,0.6811108,0
-2.4612813,0.68029594,2.5489345,-0.70390499,-0.05516988,0.70814836,0
-0.41044438,1.041379,0.64882845,0.6604439,0.3160727,0.6811108,0
-0.67912853,3.1961606,-1.5587671,-0.6604439,-0.3160727,-0.6811108,0
3.0072832,-2.7929487,-2.1707952,0.70390499,0.05516988,-0.70814836,0
-1.8344402,-1.1370527,1.5723379,-0.6604439,-0.3160727,-0.6811108,0
-2.8242941,1.8166769,2.2766292,-0.70390499,-0.05516988,0.70814836,0
-3.5591431,2.4572639,1.5960897,-0.70390499,-0.05516988,0.70814836,0
1.5873064,0.34024429,-2.4311299,-0.6604439,-0.3160727,-0.6811108,0
-1.924675,1.190858,0.57955629,-0.6604439,-0.3160727,-0.6811108,0
3.0099862,-2.4292059,-2.13977,0.70390499,0.05516988,-0.70814836,0
1.9247577,-3.1803515,-0.082464457,0.26140317,-0.94712955,0.18604863,0
-1.983027,1.2737646,2.0658545,0.6604439,0.3160727,0.6811108,0
-2.2540948,-1.5482786,2.5812573,-0.70390499,-0.05516988,0.70814836,0
0.89827752,-1.9563261,0.77091622,0.6604439,0.3160727,0.6811108,0
-2.1582828,-1.3321054,2.6933365,-0.70390499,-0.05516988,0.70814836,0
0.74802351,3.4269931,-2.4172707,-0.26140317,0.94712955,-0.18604863,0
-2.2905409,0.3104409,2.6898375,-0.70390499,-0.05516988,0.70814836,0
0.79429024,-3.3149686,0.82056761,0.26140317,-0.94712955,0.18604863,0
-2.7209871,1.3462805,2.34267,-0.70390499,-0.05516988,0.70814836,0
-1.5759873,-0.53471452,1.0422089,-0.6604439,-0.3160727,-0.6811108,0
3.3450806,-2.1199071,-1.7825868,0.70390499,0.05516988,-0.70814836,0
2.7897213,-1.6228186,-2.2958918,0.70390499,0.05516988,-0.70814836,0
-3.5859404,2.7015231,1.5884829,-0.70390499,-0.05516988,0.70814836,0
-2.7076559,3.1865649,1.2140875,-0.26140317,0.94712955,-0.18604863,0
0.089815497,-3.5028286,0.85402274,0.26140317,-0.94712955,0.18604863,0
-3.2043352,1.7361845,1.5673265,-0.6604439,-0.3160727,-0.6811108,0
-1.2433752,2.4491832,-0.66500235,-0.6604439,-0.3160727,-0.6811108,0
2.1180215,-0.60794383,-1.0375401,0.6604439,0.3160727,0.6811108,0
1.1351106,1.1839056,-0.91597009,0.6604439,0.3160727,0.6811108,0
-3.0402164,2.3382137,2.1026323,-0.70390499,-0.05516988,0.70814836,0
-1.6084309,-3.3132348,2.3630536,-0.6604439,-0.3160727,-0.6811108,0
-1.2447534,-3.5590723,2.4428053,0.26140317,-0.94712955,0.18604863,0
1.5010111,1.710778,-1.5152658,0.6604439,0.3160727,0.6811108,0
0.72159505,2.2660244,-2.4853539,-0.6604439,-0.3160727,-0.6811108,0
-2.974515,3.2220526,1.7696927,-0.26140317,0.94712955,-0.18604863,0
-0.3641746,3.4179461,-0.90065932,-0.26140317,0.94712955,-0.18604863,0
1.9112365,1.6939764,-2.9107103,0.70390499,0.05516988,-0.70814836,0
0.11570323,-3.3903711,1.3901441,0.26140317,-0.94712955,0.18604863,0
0.91287994,-3.2528639,0.97010779,0.26140317,-0.94712955,0.18604863,0
-0.07204771,-3.4190578,1.5079024,0.26140317,-0.94712955,0.18604863,0
-0.45200717,3.3051665,-1.3513865,-0.26140317,0.94712955,-0.18604863,0
-2.672363,1.763206,2.4234838,-0.70390499,-0.05516988,0.70814836,0
2.1414423,0.72688079,-2.7572279,0.70390499,0.05516988,-0.70814836,0
-0.19807684,-0.33370054,1.081017,0.6604439,0.3160727,0.6811108,0
0.71275938,-3.3257141,0.88041735,0.26140317,-0.94712955,0.18604863,0
1.2574959,-3.1723881,0.89559531,0.26140317,-0.94712955,0.18604863,0
-1.3823316,1.4327328,-0.058573961,-0.6604439,-0.3160727,-0.6811108,0
-0.58373547,-3.324393,2.7087529,0.26140317,-0.94712955,0.18604863,0
-2.4204378,0.27293086,2.5577965,-0.70390499,-0.05516988,0.70814836,0
-3.4207573,3.0200725,1.3684404,-0.26140317,0.94712955,-0.18604863,0
-2.56845,-0.31901431,2.3645542,-0.70390499,-0.05516988,0.70814836,0
-2.4707608,0.15543294,2.498621,-0.70390499,-0.05516988,0.70814836,0
1.8359894,-1.4728603,-1.8308872,-0.6604439,-0.3160727,-0.6811108,0
-2.4398227,0.93596011,2.5901828,-0.70390499,-0.05516988,0.70814836,0
3.4565797,-2.2941632,-1.6853318,0.70390499,0.05516988,-0.70814836,0
-2.5901408,0.61815161,2.4160056,-0.70390499,-0.05516988,0.70814836,0
2.6721392,-3.3078918,-1.7818339,0.26140317,-0.94712955,0.18604863,0
3.3214412,-2.1326861,-1.8070804,0.70390499,0.05516988,-0.70814836,0
-3.0796356,3.1702428,1.6536372,-0.26140317,0.94712955,-0.18604863,0
-0.77839947,-3.4336536,2.4260416,0.26140317,-0.94712955,0.18604863,0
-2.025465,-2.7334709,2.7161818,-0.70390499,-0.05516988,0.70814836,0
-0.43296885,-3.4244099,1.9877608,0.26140317,-0.94712955,0.18604863,0
-0.69315171,-1.0489715,0.42480481,-0.6604439,-0.3160727,-0.6811108,0
-2.0745459,-0.57732356,2.8353748,-0.70390499,-0.05516988,0.70814836,0
2.5717027,0.35092533,-2.358835,0.70390499,0.05516988,-0.70814836,0
1.8642159,2.878098,-2.4091501,0.6604439,0.3160727,0.6811108,0
0.61984313,2.2582858,-0.91490865,0.6604439,0.3160727,0.6811108,0
-1.3429773,-3.2744226,3.3524363,-0.70390499,-0.05516988,0.70814836,0
2.1658235,-3.1022062,-0.023349047,0.26140317,-0.94712955,0.18604863,0
-2.1488314,-2.1795917,2.6367064,-0.70390499,-0.05516988,0.70814836,0
-1.8701959,-3.1596189,2.8373208,-0.70390499,-0.05516988,0.70814836,0
-1.8622561,3.2948074,0.57731605,-0.26140317,0.94712955,-0.18604863,0
-1.6042395,0.92308307,0.39310604,-0.6604439,-0.3160727,-0.6811108,0
-3.0793962,1.7320163,2.0164599,-0.70390499,-0.05516988,0.70814836,0
0.75207043,-2.8299901,-0.15007496,-0.6604439,-0.3160727,-0.6811108,0
1.7970839,-2.7962673,0.28916121,0.6604439,0.3160727,0.6811108,0
-2.0134234,3.1708281,0.15856099,-0.26140317,0.94712955,-0.18604863,0
3.0332508,-3.2435684,-1.9617491,0.26140317,-0.94712955,0.18604863,0
2.1771777,0.45966113,-2.7425251,0.70390499,0.05516988,-0.70814836,0
1.6235864,3.5493343,-3.0246489,-0.26140317,0.94712955,-0.18604863,0
-1.9583127,-2.4484768,2.8051353,-0.70390499,-0.05516988,0.70814836,0
-2.3345103,-0.52469456,2.5810683,-0.70390499,-0.05516988,0.70814836,0
-3.0978305,1.408129,1.9729029,-0.70390499,-0.05516988,0.70814836,0
-2.1782227,-1.0572492,2.6949298,-0.70390499,-0.05516988,0.70814836,0
-0.99871254,3.1933661,-1.1523995,-0.26140317,0.94712955,-0.18604863,0
-2.125838,0.13871147,1.2628691,-0.6604439,-0.3160727,-0.6811108,0
0.44770765,2.6806445,-0.94399381,0.6604439,0.3160727,0.6811108,0
1.1726723,3.3863316,-3.2209098,-0.26140317,0.94712955,-0.18604863,0
-0.17239022,-3.4355264,1.5650489,0.26140317,-0.94712955,0.18604863,0
2.0984468,1.0014127,-2.7785776,0.70390499,0.05516988,-0.70814836,0
-1.9417739,-1.5373187,2.8925607,-0.70390499,-0.05516988,0.70814836,0
3.0897636,-3.2072129,-1.8560724,0.26140317,-0.94712955,0.18604863,0
2.1810179,0.01575458,-2.7732911,0.70390499,0.05516988,-0.70814836,0
1.0642687,-3.417326,-0.079835176,0.26140317,-0.94712955,0.18604863,0
2.8245454,0.16263708,-2.1221764,0.70390499,0.05516988,-0.70814836,0
-0.69698715,3.2970133,-1.0486889,-0.26140317,0.94712955,-0.18604863,0
-2.5416853,3.2418616,1.2623968,-0.26140317,0.94712955,-0.18604863,0
0.47550976,-1.4250515,0.93431556,0.6604439,0.3160727,0.6811108,0
2.2844658,0.57160246,-2.6271586,0.70390499,0.05516988,-0.70814836,0
-1.8853722,-1.778106,2.9298654,-0.70390499,-0.05516988,0.70814836,0
0.33629429,-3.3735542,1.1658196,0.26140317,-0.94712955,0.18604863,0
0.28851593,0.048433423,-1.0363324,-0.6604439,-0.3160727,-0.6811108,0
-0.46266782,-0.12883389,1.2425101,0.6604439,0.3160727,0.6811108,0
0.72447062,3.5610647,-1.7016518,-0.26140317,0.94712955,-0.18604863,0
3.1688542,-2.5950298,-1.9947731,0.70390499,0.05516988,-0.70814836,0
-1.8281643,3.204905,0.071744204,-0.26140317,0.94712955,-0.18604863,0
-3.0873132,1.6686037,2.00365,-0.70390499,-0.05516988,0.70814836,0
2.7395542,-1.7023534,-2.3519547,0.70390499,0.05516988,-0.70814836,0
1.6200891,2.2649407,-3.1556311,0.70390499,0.05516988,-0.70814836,0
3.0999138,-2.19349,-2.0320172,0.70390499,0.05516988,-0.70814836,0
-2.7362499,-0.092764795,2.2153864,-0.70390499,-0.05516988,0.70814836,0
0.70595431,-3.2427824,1.312166,0.26140317,-0.94712955,0.18604863,0
0.24909067,3.4083664,-1.8110802,-0.26140317,0.94712955,-0.18604863,0
1.0166121,-1.3812014,0.38928318,0.6604439,0.3160727,0.6811108,0
-1.9556597,2.0908985,0.19193292,-0.6604439,-0.3160727,-0.6811108,0
1.0139378,-1.9219601,0.64281762,0.6604439,0.3160727,0.6811108,0
1.9384878,2.4328043,-2.8260622,0.70390499,0.05516988,-0.70814836,0
0.14938283,1.2450595,0.011469007,0.6604439,0.3160727,0.6811108,0
1.7718471,0.18315566,-2.5371733,-0.6604439,-0.3160727,-0.6811108,0
1.4022222,3.6139002,-2.3849356,-0.26140317,0.94712955,-0.18604863,0
-2.8198924,2.2450609,0.95840216,-0.6604439,-0.3160727,-0.6811108,0
1.2582073,3.5391197,-2.5632827,-0.26140317,0.94712955,-0.18604863,0
-0.22352004,-3.059262,2.3704979,0.6604439,0.3160727,0.6811108,0
-2.9334364,0.20785138,2.0428016,-0.70390499,-0.05516988,0.70814836,0
1.1159431,2.8190753,-1.6561923,0.6604439,0.3160727,0.6811108,0
0.86367047,-0.70413375,-1.2448026,-0.6604439,-0.3160727,-0.6811108,0
-1.3766413,1.9290249,1.1737916,0.6604439,0.3160727,0.6811108,0
1.1633614,-1.098206,0.11566114,0.6604439,0.3160727,0.6811108,0
3.1584468,-1.417022,-1.9133428,0.70390499,0.05516988,-0.70814836,0
1.4572129,-3.1804526,0.57393408,0.26140317,-0.94712955,0.18604863,0
-2.7309589,3.2283573,1.459585,-0.26140317,0.94712955,-0.18604863,0
-1.704396,-2.0601058,3.0877874,-0.70390499,-0.05516988,0.70814836,0
0.035550356,-0.43102872,0.89964426,0.6604439,0.3160727,0.6811108,0
-2.034585,-0.76276767,2.8606491,-0.70390499,-0.05516988,0.70814836,0
-0.71690249,-3.3632195,2.6981993,0.26140317,-0.94712955,0.18604863,0
2.9691586,-3.2612448,-1.9616838,0.26140317,-0.94712955,0.18604863,0
-2.1785009,-2.5786753,2.576123,-0.70390499,-0.05516988,0.70814836,0
0.68175411,3.3712144,-2.6081161,-0.26140317,0.94712955,-0.18604863,0
-1.7808275,3.1345663,-0.35284209,-0.26140317,0.94712955,-0.18604863,0
-0.65658617,-0.25733274,0.021984875,-0.6604439,-0.3160727,-0.6811108,0
0.32979214,0.78307015,0.050922334,0.6604439,0.3160727,0.6811108,0
1.9623196,1.9493513,-2.8400376,0.70390499,0.05516988,-0.70814836,0
2.6401172,-3.0938699,-0.64730573,0.26140317,-0.94712955,0.18604863,0
-1.1857631,-1.2373773,2.4580896,0.6604439,0.3160727,0.6811108,0
-1.9178189,-0.42477322,2.7908397,0.6604439,0.3160727,0.6811108,0
2.4732552,-3.1693683,-0.79720402,0.26140317,-0.94712955,0.18604863,0
1.5726008,3.5335753,-3.0332389,-0.26140317,0.94712955,-0.18604863,0
1.5163593,3.5664418,-2.7869022,-0.26140317,0.94712955,-0.18604863,0
-1.9015415,0.74013907,0.76628309,-0.6604439,-0.3160727,-0.6811108,0
0.60801077,3.5451903,-1.6188343,-0.26140317,0.94712955,-0.18604863,0
0.44761002,-3.3818936,0.96696353,0.26140317,-0.94712955,0.18604863,0
-0.27031004,-2.6124971,0.74035501,-0.6604439,-0.3160727,-0.6811108,0
-0.29919982,3.1128049,-0.42029572,0.6604439,0.3160727,0.6811108,0
-2.5348616,3.3027339,1.5626976,-0.26140317,0.94712955,-0.18604863,0
-0.85315752,-3.344456,2.9851637,0.26140317,-0.94712955,0.18604863,0
1.9071481,2.8667192,-2.8234091,0.70390499,0.05516988,-0.70814836,0
-1.1869733,2.6437583,0.65820336,0.6604439,0.3160727,0.6811108,0
-0.58904123,2.1724811,-1.1710773,-0.6604439,-0.3160727,-0.6811108,0
1.4776095,-2.5686126,0.49329758,0.6604439,0.3160727,0.6811108,0
-3.084456,2.0393174,2.0353718,-0.70390499,-0.05516988,0.70814836,0
2.1983085,-1.6020513,-2.1222608,-0.6604439,-0.3160727,-0.6811108,0
2.9559875,-3.1906302,-1.5836971,0.26140317,-0.94712955,0.18604863,0
0.3240459,3.4987934,-1.456053,-0.26140317,0.94712955,-0.18604863,0
2.7531123,-1.2829404,-2.3058023,0.70390499,0.05516988,-0.70814836,0
2.6339068,-0.53689384,-1.5707432,0.6604439,0.3160727,0.6811108,0
2.1490777,1.0043343,-2.7280223,0.70390499,0.05516988,-0.70814836,0
1.4616208,3.1888938,-3.2411675,0.70390499,0.05516988,-0.70814836,0
-0.30402017,-3.4209018,1.8244431,0.26140317,-0.94712955,0.18604863,0
3.4595683,-2.1987028,-1.6749241,0.70390499,0.05516988,-0.70814836,0
-0.58331013,0.66239244,-0.47587067,-0.6604439,-0.3160727,-0.6811108,0
-3.3160608,3.1142881,1.700969,-0.26140317,0.94712955,-0.18604863,0
-2.2002864,-0.22093713,2.7381527,-0.70390499,-0.05516988,0.70814836,0
-1.8472319,-2.2476597,2.9311955,-0.70390499,-0.05516988,0.70814836,0
-0.38669133,3.2652488,-1.646368,-0.26140317,0.94712955,-0.18604863,0
1.0722926,3.4008679,-3.0058734,-0.26140317,0.94712955,-0.18604863,0
-2.129602,-0.8924644,2.7560971,-0.70390499,-0.05516988,0.70814836,0
3.1092367,-2.3510418,-2.0350251,0.70390499,0.05516988,-0.70814836,0
2.1022539,-3.1895871,-0.37886739,0.26140317,-0.94712955,0.18604863,0
0.88696235,-0.54571217,-1.3409039,-0.6604439,-0.3160727,-0.6811108,0
1.4903784,2.905067,-3.2346942,0.70390499,0.05516988,-0.70814836,0
0.59387004,3.1751981,-1.3152206,0.6604439,0.3160727,0.6811108,0
3.1127052,-3.0370817,-1.0222094,0.26140317,-0.94712955,0.18604863,0
0.60246158,0.14778042,-1.3868543,-0.6604439,-0.3160727,-0.6811108,0
2.0250869,-3.1454136,-0.045568943,0.26140317,-0.94712955,0.18604863,0
2.5693557,-2.4607599,-2.0835612,-0.6604439,-0.3160727,-0.6811108,0
0.21121502,-0.53665161,-0.68986535,-0.6604439,-0.3160727,-0.6811108,0
2.9705439,-3.0252633,-0.76230264,0.26140317,-0.94712955,0.18604863,0
2.3051901,1.9045309,-2.5027137,0.70390499,0.05516988,-0.70814836,0
-2.6177516,-0.57706571,2.2954443,-0.70390499,-0.05516988,0.70814836,0
1.919993,-1.34751,-0.50232124,0.6604439,0.3160727,0.6811108,0
-0.66767097,-3.5650997,1.6013043,0.26140317,-0.94712955,0.18604863,0
1.9198055,2.7069352,-2.8232756,0.70390499,0.05516988,-0.70814836,0
1.8528786,0.76270396,-1.4164982,0.6604439,0.3160727,0.6811108,0
-0.46360135,3.4150522,-0.77569294,-0.26140317,0.94712955,-0.18604863,0
-0.96961737,-1.9428735,2.5758915,0.6604439,0.3160727,0.6811108,0
-1.3112981,3.2067959,-0.64484096,-0.26140317,0.94712955,-0.18604863,0
-2.1884651,0.66932094,1.077364,-0.6604439,-0.3160727,-0.6811108,0
-2.4757595,1.4543754,2.4598229,0.6604439,0.3160727,0.6811108,0
-1.1368678,0.52855587,1.5911881,0.6604439,0.3160727,0.6811108,0
2.5743897,-1.217917,-2.4783885,0.70390499,0.05516988,-0.70814836,0
-1.2418368,3.2767186,-0.38647485,-0.26140317,0.94712955,-0.18604863,0
2.9015577,-3.2510052,-1.8145757,0.26140317,-0.94712955,0.18604863,0
1.0888735,-3.3496337,0.2301991,0.26140317,-0.94712955,0.18604863,0
-2.1256742,-1.9710484,2.6759717,-0.70390499,-0.05516988,0.70814836,0
-1.712586,-0.89504802,2.8100677,0.6604439,0.3160727,0.6811108,0
-3.05846,1.9751647,2.0562136,-0.70390499,-0.05516988,0.70814836,0
3.4445944,-3.0675404,-1.7574973,0.70390499,0.05516988,-0.70814836,0
0.23756647,-3.1228569,1.9529138,0.6604439,0.3160727,0.6811108,0
-2.2952204,-2.0221989,2.5034566,-0.70390499,-0.05516988,0.70814836,0
-1.1554563,-2.5435891,3.0348558,0.6604439,0.3160727,0.6811108,0
2.4077575,0.60447645,-2.5020447,0.70390499,0.05516988,-0.70814836,0
2.2213426,-3.2146993,-0.67403078,0.26140317,-0.94712955,0.18604863,0
2.9378867,-2.8231053,-2.2421253,0.70390499,0.05516988,-0.70814836,0
0.47109389,1.748153,-2.0021331,-0.6604439,-0.3160727,-0.6811108,0
2.2058773,-3.2953393,-1.0628211,0.26140317,-0.94712955,0.18604863,0
-1.8059694,-1.3513606,3.0420389,-0.70390499,-0.05516988,0.70814836,0
-2.5465393,1.2338314,2.5073118,-0.70390499,-0.05516988,0.70814836,0
0.72124314,3.555774,-1.6153376,0.6604439,0.3160727,0.6811108,0
1.8652062,3.2617357,-2.8343256,0.70390499,0.05516988,-0.70814836,0
-2.3458619,3.3339634,1.4561296,-0.26140317,0.94712955,-0.18604863,0
-1.2438507,3.3085537,-0.22158217,-0.26140317,0.94712955,-0.18604863,0
-1.9366922,3.3160396,0.78998971,-0.26140317,0.94712955,-0.18604863,0
2.7819927,-2.1161814,-2.342011,0.70390499,0.05516988,-0.70814836,0
-0.43370676,-3.5358198,1.4216354,0.26140317,-0.94712955,0.18604863,0
-3.1549561,1.2705845,1.905404,-0.70390499,-0.05516988,0.70814836,0
0.63010311,3.3601918,-2.5916584,-0.26140317,0.94712955,-0.18604863,0
0.37342978,2.6750183,-0.86935878,0.6604439,0.3160727,0.6811108,0
-0.85249239,0.71588552,-0.23967987,-0.6604439,-0.3160727,-0.6811108,0
-2.0744715,1.7558606,0.46261513,-0.6604439,-0.3160727,-0.6811108,0
-2.1048183,3.1038575,-0.053958178,-0.26140317,0.94712955,-0.18604863,0
-0.10855758,-1.0263817,-0.15253401,-0.6604439,-0.3160727,-0.6811108,0
-1.8668789,0.53907293,0.82597792,-0.6604439,-0.3160727,-0.6811108,0
2.391757,0.51434958,-2.5249705,0.70390499,0.05516988,-0.70814836,0
1.664392,2.3031116,-3.1086197,0.70390499,0.05516988,-0.70814836,0
1.1206933,1.4212394,-2.4803159,-0.6604439,-0.3160727,-0.6811108,0
2.1908092,-3.2330313,-0.72445345,0.26140317,-0.94712955,0.18604863,0
2.4832644,-1.8680462,-2.2751341,-0.6604439,-0.3160727,-0.6811108,0
0.74194312,3.4027488,-2.5321488,-0.26140317,0.94712955,-0.18604863,0
1.5363495,2.8834987,-3.1906791,0.70390499,0.05516988,-0.70814836,0
0.56551421,-1.877035,-0.4114027,-0.6604439,-0.3160727,-0.6811108,0
-1.1297309,1.352546,-0.26629889,-0.6604439,-0.3160727,-0.6811108,0
-3.4410839,2.8309817,1.7425568,-0.70390499,-0.05516988,0.70814836,0
2.7988899,-0.075630665,-2.1662412,0.70390499,0.05516988,-0.70814836,0
2.2120736,-1.5032967,-0.71324563,0.6604439,0.3160727,0.6811108,0
0.31069112,-2.5002415,1.5930803,0.6604439,0.3160727,0.6811108,0
1.4407046,-3.3730903,-0.38354492,0.26140317,-0.94712955,0.18604863,0
-3.2533212,1.9885955,1.8635666,-0.70390499,-0.05516988,0.70814836,0
0.3687408,1.2420199,-1.6680121,-0.6604439,-0.3160727,-0.6811108,0
-1.7882223,3.2608445,0.30039883,-0.26140317,0.94712955,-0.18604863,0
3.1806471,-2.9955883,-2.0142572,0.70390499,0.05516988,-0.70814836,0
-3.0198417,3.1622815,1.5290966,-0.26140317,0.94712955,-0.18604863,0
1.721017,-2.405771,-1.2864816,-0.6604439,-0.3160727,-0.6811108,0
-1.8397951,-1.4312345,3.0021932,-0.70390499,-0.05516988,0.70814836,0
-3.0584884,3.2584834,2.0731363,-0.26140317,0.94712955,-0.18604863,0
1.5761225,-0.22941022,-0.6877445,0.6604439,0.3160727,0.6811108,0
3.4464083,-2.4478788,-1.7074182,0.70390499,0.05516988,-0.70814836,0
-2.6054614,1.9413128,0.8914336,-0.6604439,-0.3160727,-0.6811108,0
-1.5368527,3.2524946,-0.095289946,-0.26140317,0.94712955,-0.18604863,0
-2.197382,2.1839619,0.38313389,-0.6604439,-0.3160727,-0.6811108,0
-2.694953,0.2356814,1.7697161,-0.6604439,-0.3160727,-0.6811108,0
2.4614911,1.3333256,-2.3918505,0.70390499,0.05516988,-0.70814836,0
0.82445025,3.4681151,-2.3153095,-0.26140317,0.94712955,-0.18604863,0
1.2314955,-3.3057168,0.25338197,0.26140317,-0.94712955,0.18604863,0
2.0660942,-3.2425237,-0.59754968,0.26140317,-0.94712955,0.18604863,0
-1.6962507,-1.6631835,1.6824945,-0.6604439,-0.3160727,-0.6811108,0
2.4437859,-0.16108382,-2.5258746,0.70390499,0.05516988,-0.70814836,0
2.550097,1.1141076,-2.3208539,0.70390499,0.05516988,-0.70814836,0
-3.2245677,3.1800318,1.9849689,-0.70390499,-0.05516988,0.70814836,0
-1.8175148,-1.7195871,3.0018754,-0.70390499,-0.05516988,0.70814836,0
-2.1583533,-1.4937093,2.6806769,-0.70390499,-0.05516988,0.70814836,0
3.3220329,-3.0970204,-1.621454,0.26140317,-0.94712955,0.18604863,0
2.4387903,-1.4802871,-0.94376087,0.6604439,0.3160727,0.6811108,0
0.73033071,1.9968543,-2.3689151,-0.6604439,-0.3160727,-0.6811108,0
-2.8002982,3.154356,1.1802855,-0.26140317,0.94712955,-0.18604863,0
-1.058677,3.2522402,-0.76843452,-0.26140317,0.94712955,-0.18604863,0
-1.0530102,-1.2173259,0.85186946,-0.6604439,-0.3160727,-0.6811108,0
-1.0311424,-0.65040648,2.0357738,0.6604439,0.3160727,0.6811108,0
1.3730141,1.1197221,-2.5850601,-0.6604439,-0.3160727,-0.6811108,0
-1.9032301,2.4769807,1.4301207,0.6604439,0.3160727,0.6811108,0
0.096651435,-3.3632176,1.555145,0.26140317,-0.94712955,0.18604863,0
-3.056428,3.1699328,1.619453,-0.26140317,0.94712955,-0.18604863,0
0.75855625,-3.2591987,1.1546869,0.26140317,-0.94712955,0.18604863,0
3.4127879,-2.5686998,-1.7502497,0.70390499,0.05516988,-0.70814836,0
1.7333056,-3.1702974,0.23771334,0.26140317,-0.94712955,0.18604863,0
-0.70782614,3.2803586,-1.1182451,-0.26140317,0.94712955,-0.18604863,0
0.2586267,3.2772522,-2.4919491,-0.26140317,0.94712955,-0.18604863,0
3.0606334,-1.9539897,-2.0524037,0.70390499,0.05516988,-0.70814836,0
-1.9021289,-3.0445921,2.8145409,-0.70390499,-0.05516988,0.70814836,0
-1.8422313,-1.8497126,1.9106057,-0.6604439,-0.3160727,-0.6811108,0
-0.15070879,3.3501024,-1.5459588,-0.26140317,0.94712955,-0.18604863,0
-2.7569876,0.77310503,2.2622304,-0.70390499,-0.05516988,0.70814836,0
-1.8908112,-3.0622015,2.8244193,-0.70390499,-0.05516988,0.70814836,0
-1.868295,3.2848282,0.53499699,-0.26140317,0.94712955,-0.18604863,0
1.5749674,3.1943231,-3.1280766,0.70390499,0.05516988,-0.70814836,0
-2.4594083,-0.0084251165,2.4971399,-0.70390499,-0.05516988,0.70814836,0
3.3252625,-3.0806465,-1.5426352,0.26140317,-0.94712955,0.18604863,0
1.5050447,2.4338698,-1.8547311,0.6604439,0.3160727,0.6811108,0
-0.9085083,-3.4906294,2.3187978,0.26140317,-0.94712955,0.18604863,0
-3.0191686,3.0890155,1.1551692,-0.26140317,0.94712955,-0.18604863,0
1.9714425,-0.6652419,-2.3370094,-0.6604439,-0.3160727,-0.6811108,0
-2.6278181,2.6024036,0.60632944,-0.6604439,-0.3160727,-0.6811108,0
-3.1261678,1.1939468,1.9280493,-0.70390499,-0.05516988,0.70814836,0
0.86610675,3.5838079,-1.7848737,-0.26140317,0.94712955,-0.18604863,0
1.5877178,0.87763137,-1.2127159,0.6604439,0.3160727,0.6811108,0
-1.8970597,-3.5409603,2.7809088,-0.70390499,-0.05516988,0.70814836,0
0.5345037,3.3006325,-2.7605407,-0.26140317,0.94712955,-0.18604863,0
1.8256751,-3.3340023,-0.72544956,0.26140317,-0.94712955,0.18604863,0
0.1333158,3.2679439,-2.3632731,-0.26140317,0.94712955,-0.18604863,0
-1.9889805,-3.0238721,2.7298234,-0.70390499,-0.05516988,0.70814836,0
3.4640551,-2.9158242,-1.7263331,0.70390499,0.05516988,-0.70814836,0
-0.12341046,-1.7948782,1.6866828,0.6604439,0.3160727,0.6811108,0
2.9192128,-2.6587367,-2.2478819,0.70390499,0.05516988,-0.70814836,0
0.43660259,2.7869592,-0.98256159,0.6604439,0.3160727,0.6811108,0
1.9971128,1.2919699,-2.856668,0.70390499,0.05516988,-0.70814836,0
1.9365427,-3.2756248,-0.58403611,0.26140317,-0.94712955,0.18604863,0
-0.26667023,-3.411046,1.822139,0.26140317,-0.94712955,0.18604863,0
3.180521,-1.3861773,-1.8889978,0.70390499,0.05516988,-0.70814836,0
2.7522211,-3.0446424,-0.55421066,0.26140317,-0.94712955,0.18604863,0
1.925529,3.1793413,-2.7807832,0.70390499,0.05516988,-0.70814836,0
-1.7645783,-1.7964451,3.0485067,-0.70390499,-0.05516988,0.70814836,0
-0.47750425,3.3374436,-1.151247,-0.26140317,0.94712955,-0.18604863,0
2.6521392,0.25908744,-1.9578012,0.6604439,0.3160727,0.6811108,0
3.384742,-1.9681478,-1.7313401,0.70390499,0.05516988,-0.70814836,0
-2.9297476,2.3736145,2.2151971,-0.70390499,-0.05516988,0.70814836,0
0.87989068,3.429275,-2.5909305,-0.26140317,0.94712955,-0.18604863,0
1.15476,-3.3917441,-0.076747417,0.26140317,-0.94712955,0.18604863,0
-3.2210441,3.0910544,1.9815395,-0.70390499,-0.05516988,0.70814836,0
2.4268062,-3.2743421,-1.2663393,0.26140317,-0.94712955,0.18604863,0
